Game/Highland_Data/StreamingAssets/GeoData/Data/nd/ND01.asc
ncols 200
nrows 200
xllcorner 300000
yllcorner 910000
cellsize 50
[rows 0 to 36 of 200, columns 84 to 167 of 200]
358.5 358.9 358.8 359.8 364.3 367.3 370.1 373.2 376 376.3 377.2 375.2 373.7 367.3 355.3 344.7 335.7 327.6 320.2 309.8 294.9 276.1 261.8 259.3 255.7 252.5 243.5 239.9 239.6 238.3 235.6 225.5 214.8 210.7 209.5 210.9 209.7 208.2 206.3 203.7 200.7 198.6 195.7 189.8 186.2 181.1 178 170.2 165.4 159.1 153.1 145.9 142.3 139.8 136.4 134 132.3 133.8 131.9 130.7 132.5 133.7 129.9 123.7 113.4 99 103.3 115.2 123.9 131.2 148.7 158.7 164 166.4 171.7 174.5 177.1 178.5 177.9 179.7 180.4 185.9 188.9 189.4
356.7 355.2 355.3 357.5 358.4 362 365.6 368.3 371.2 373.3 374.6 375.9 375.2 370 359.8 349.6 341.7 334.2 329 319.4 308.9 288.2 270.2 261.8 256.7 251.7 247.3 242.7 240.7 237.6 233.3 227.2 217 211.1 212.1 212.4 211.5 209.7 207.5 203.5 201.3 198.5 195.2 191.2 186.4 181.1 176.2 171.8 166.7 162.4 155.7 152.6 147.4 142.6 139.4 137.2 136.5 135.6 133.2 131.4 130.4 129.5 124.1 106.7 99.8 112 115.9 125.1 129 137.7 152.9 164 167.4 167.9 175.3 176.7 178.3 178.6 176.9 179.1 179.9 184.1 187.3 188
353.7 354.2 355.2 356.5 358.3 358.2 361.3 364.1 368 371.3 373.4 375.1 376 372.9 363.8 355 348.3 342.3 337.4 328.6 316.6 302 279.4 266 259.3 256.7 252.6 247.7 241.9 244.4 237.9 225.6 217.8 214.2 214.3 214.3 214.4 212.5 210.6 207.7 204.1 202.2 198.8 192 188.6 185.2 181.8 176.8 171.2 167 162.9 158.5 154.5 148.6 144.8 139.8 137.3 136.4 134 132.1 128.7 122.1 98.1 103.3 113.4 125.7 131.4 134.1 139.4 148.2 157.5 164.6 167.7 168.9 176.8 177.8 176.2 176.2 174.8 176.2 179.4 184.3 183.6 185.3
351.1 354.8 356.6 357.5 358 357 358 360 363.4 367 370.1 373.3 375.9 374.3 367.3 359.1 353.3 348.6 343.7 334.3 322.8 310.3 288.3 275.5 265.7 262.5 256.2 251.4 245.1 242.7 238.6 227.6 221.2 217.7 219.2 218.8 218.4 217.1 216.5 213.6 210.9 209 204.4 197 192.7 189.1 185.6 181.9 174.6 171.2 168.2 164.3 159.4 154 148.9 145 140.9 135.5 133.9 130.3 122 106.2 93 108 125 135.1 138.8 141.3 146.5 154.6 163.3 168.5 170.1 172.1 176.9 174.7 173.1 173.5 173 174.1 177.9 181.2 180.6 182.5
355.4 357.5 359.1 359.3 357.5 356.4 356.6 357.4 359.3 362.3 365.5 368.5 371.6 372 367 360.1 356.3 352.3 347.1 339 328.4 315.7 302.8 288.7 277 267.2 261.7 256 248.8 243.8 238 228.1 224.2 222.6 223.1 223.3 221.5 221.9 222.3 218.8 214.8 211.6 208 202.4 197.2 193.4 190 185.8 178.7 176.1 173 168.9 163.6 158.2 151.8 145.9 141.2 138.8 131.4 126.1 118 94.3 100.2 114.3 132 140.7 145.3 149.2 155.4 164.1 170.1 176.6 178.6 177.6 181.1 176.8 174.4 170.2 170.3 171.6 173.7 176.2 176.9 172.4
354.6 356.9 357.1 356.1 356.3 354.6 353.9 354.5 356.4 359.3 362.1 364.1 366.1 367.8 364.5 359.3 357.7 355.3 347.5 339.7 332.7 321.4 308.7 298.1 286.2 271.9 268.6 258.8 253.9 247.3 240.2 233.4 229.3 227.5 229.4 228.8 227.4 226.3 225.8 222.5 219.6 215 212.1 208.3 203.1 199.3 195 190.8 181.8 182.7 178.1 172.9 167.2 161.4 154.5 148 141.2 135.4 128.6 117.8 106.9 90.6 107.7 120.5 137.1 145.5 151.9 159.7 166.5 175.2 178.2 182.2 185.2 182.3 183.1 177.9 176.7 170.9 166.4 166.6 167.8 172.1 168.9 163.4
353.5 355.4 354.5 353.2 351.8 350.5 350.3 351.7 353.6 356.2 358.7 360.9 361.7 363.1 361 357.1 356.5 355.4 347.5 340.2 334.1 325.2 315.2 304.6 293.1 280.9 270.6 264.4 258.8 249.6 243.3 238.6 237.1 235 235.9 235.1 231.8 231.1 230.7 228.9 226.5 220.8 216.7 213.1 208.3 203.6 199.1 194.7 187.2 186.4 181.1 175.3 169.4 163.6 156.1 149.1 140.8 132.9 123.8 107.5 91.5 96.6 110.6 126.9 142.5 151 156.5 165.6 172 183.6 187.4 191 192.1 184.9 179.5 177.8 176.4 171.7 169.9 164.7 159.4 159.8 157.7 151.6
351.3 351.8 351.5 351.3 350.3 348.4 347.3 349.6 350.9 353.4 355.7 357.5 357.9 358.6 356.3 353.8 352.4 352.6 347.5 341.1 335.7 328.5 320.7 309.5 295.8 282.9 272.8 267.3 262.1 254.1 251 245.2 243.2 242.7 241.8 240.3 238.4 238.6 236.9 235.1 231.2 226.9 222.1 219.1 213.9 207.7 203.1 198.7 193.6 188.8 182.3 176.2 170.2 163.5 156.7 150.2 139.6 129.3 118.6 98.4 84.7 102.2 118.3 133.7 148.3 155.1 160 168.7 176.8 189.8 194.8 198.5 198.7 189.3 179.3 178.8 175.6 173.8 172.7 169.9 160 150.3 145.3 139
349.6 349.5 349.2 348.9 348.4 347.3 346.8 348 349.2 350.9 352.9 354.4 355 354.5 352.4 350.1 348.6 348.2 346.8 341.4 336.9 330.3 322.9 313.7 298.1 285 275.7 273.7 269.2 261 255.5 252.7 249.2 247.9 245 244.7 244.8 244.6 243.1 240.9 236.3 232.3 228.9 223.9 219.4 212.7 207.2 201.9 190.8 191 184.2 177.4 170.3 163.8 156.5 149.9 139 126.6 105.1 80.9 92.8 109.1 126.9 145.8 154.9 159.4 164 172.8 181.5 193.5 198.1 199.5 196.1 189.7 177.3 179 177.2 175.2 174.2 168.9 161.2 150.6 135.8 128.7
345.1 345.5 345.9 345.9 346.3 345.5 344.4 343.2 344.6 346.8 349 350.9 352 351.1 348.7 346.5 345.2 344.4 343.9 340.8 337 331.3 324.2 313.9 304.9 294.5 282 277.2 273.4 266.4 259.7 256.7 254.5 252.8 250.1 249.2 249.6 249.2 248.3 246.1 242.4 238 233.5 229.1 223.7 216.6 209.9 205.1 195.6 190.7 185 177.5 170 163.8 156.2 148 136.8 123.6 99.6 78.7 101.9 117.2 137.6 157 164.2 168.2 174.2 179.9 187.6 196.6 199.3 195.4 190.1 183.6 173.3 172.6 174.8 175.8 174.8 171.9 161.5 147.2 131.9 119.5
340.3 341 342 342 342.1 343 342.3 340.2 339.3 342.3 345.2 347.6 348.3 347.6 346.1 344.7 343.5 342.7 341.6 340.1 337.2 332.4 325.6 317.5 308 296.4 284.1 279 274.3 270 264.2 261.6 259.4 256.3 255.5 253.7 254.1 253.9 251.8 249.5 246.1 241.2 236.2 232.1 227.2 219.5 212.2 206.7 201.5 193 186.9 179.3 171.4 163.1 156.3 145.9 134.3 119.7 93.2 82.1 102.1 122.4 143.3 162.6 170.9 179 184.8 188.4 190.8 197.6 199.7 194.3 188.9 176.4 168.1 169.9 174.8 175.6 174.2 171.5 160.3 147.4 128.7 111.3
336.8 336.4 337.6 337.7 338.9 339.9 339.3 337.2 335.3 336.8 340.5 343.7 345.4 345.4 344.3 342.8 342 341.2 340.2 339.3 337 332.5 325.8 317.1 306.4 298.9 285 279.9 279.2 274.8 269.8 264.1 261.8 261 260.4 259.2 257.8 257.4 255.5 252.9 248.9 243.1 238.8 233.7 228.3 221.3 214.5 209 202.6 194.5 187.1 179.9 172.4 164 154.4 143.7 132.1 117.4 90.8 78 99.7 123.6 143.4 163.6 174.3 186.6 191.2 191.1 187.8 191.9 194.2 188.6 180.7 171.8 164.2 168.5 175.2 174.2 172.3 171.6 162.9 146.4 126.3 105.4
338.3 334.8 333 333 333.7 333.6 332.3 332.1 330.9 332.3 336.3 339.4 342.5 343.4 342.4 341.2 340.3 339.4 338.4 337.3 335.7 331.4 325.7 319.1 312.2 298.9 291.9 284.4 282.6 278.9 275.2 269.5 265.2 263.8 262.7 261.6 260.2 259.7 257.8 255.2 250.3 246 239.4 234.3 229.1 222.6 215.9 209.6 203.2 195.1 185.6 176.8 170.7 162.9 153.2 142.1 130 115.7 95 71.7 102.1 123.8 143 160.8 174.3 187.8 190 188.9 186.4 183.3 182 184.4 180.1 168.1 162.9 166.8 172.4 170.5 170 169.3 167.4 144.9 122.3 90.1
342.4 338.9 336.5 332.5 328.2 327.8 328.4 327.2 325.7 328.5 332.3 336.2 339.3 340.6 340.2 337.6 336.1 334.4 334.3 333.7 332.3 328.8 324.4 318.8 312.6 303.8 295.7 289.6 283.7 279.6 276.5 271.9 268 265.2 263.6 262.6 261.9 261.2 259.3 256.4 252.6 248 242.1 236.7 231 223.5 217.1 211 204.2 194.3 184.2 175.4 169.2 161 150.9 139.6 128.4 113.7 87.5 67.8 99.6 120.4 137.7 155.7 170.3 180.2 185.3 185.6 183.8 182.4 177.1 173.1 173 165.8 161.8 164.8 168.4 166.2 164.4 161.8 154 136.4 114.1 78
347.9 343.8 341.4 338.3 333.2 327 321.7 322.8 321.5 324.6 328.1 332.5 336 338 337.5 335.1 332.7 329.7 328.4 328.6 327.4 326 322.2 317.2 311.9 303.3 295.7 292.8 285.6 282 277.9 272.4 269.7 265.8 264.2 263.3 262.5 260.9 259 256 251.7 247.4 242.8 237.1 230.7 224.2 216.1 211.6 203.2 196.3 185.6 176.6 168.9 160.3 149.5 138.2 127.4 109.8 77 73.8 95.2 117.2 135.2 150.8 163.4 173 180.2 181.1 180 177.5 171.2 167.5 165 161.3 156.4 156 160.5 161 154.9 150.5 138.9 121.5 104.1 75.1
354.4 350 346.4 342.9 338.5 333.6 326.5 321.7 316.3 320.2 325.4 327.8 331.7 334.3 334.7 332.9 329.2 324.5 323.5 323.6 322.6 322.7 320.6 316 308.3 302.2 296.4 291.3 285.4 283 278.1 273.4 268.4 265.7 263.2 262.6 261.7 260 256.9 254 250.5 246.1 240.2 234.3 227.7 221.5 215.5 210 203.3 198.5 189 178.7 167.3 160.3 150.3 138.8 126.5 108.4 77.3 71.8 90.6 114 130.9 146.5 156.1 163.5 170.8 173.6 174.3 173.2 169.9 167 161.4 156.2 150.3 145.2 148.9 144.8 137.4 132.2 121.9 109.1 91.5 -1.2
360.7 355.2 350.1 345.7 339.5 336.7 331.9 326.3 321.7 313.7 320.9 325.1 327.1 329.8 330.2 329.1 325.6 322.5 320.2 318.7 318.7 319 318.8 313.8 307.2 301.8 296.6 290.5 283.2 281.4 277.4 270.4 264.9 263.2 260.7 259.3 259.4 257.4 254.9 251.9 246.7 242.9 237 230.6 225 218.7 212.8 207.4 200.6 194.2 187.8 178.4 167.7 157.1 149.1 137.6 126.7 111.8 86.1 65.2 88.9 110.3 125.6 136.3 148.7 156.1 160.1 164.4 170.5 171.1 171.8 167.1 157.8 150.1 146.3 137 131.9 131.4 124.7 86.1 77.4 71 56.7 -1.2
365 359.3 353.5 348.6 344.1 339.9 336 331 327.3 319.5 314.7 321.4 324.1 325.6 325.3 324.7 321.5 320.5 318.5 316.9 316.6 316.2 316.3 313.5 307.6 299.1 294.4 289.2 284.7 279.5 272.6 266.2 260.3 257.4 256.6 255 253.9 252 249.9 247.4 242.1 238.1 232.7 229.1 226.2 219.9 211.5 205.5 198.6 191.2 182.1 175.1 167.8 156 145.1 138.2 126.2 112.5 84.1 60.7 82.9 98.9 119.3 129.7 137.4 146.3 151.5 155.5 163.9 168.9 172.1 168.9 157 146.4 138.8 128.2 123.8 118.6 98.7 36.7 -1.2 -1.2 -1.2 -1.2
368.8 363.7 357.7 351.7 346.4 343.1 339.3 336.2 332.4 324 306.5 316.6 321.1 321.9 321.4 320.5 319.5 318.6 317.1 315 313.2 313 313.3 312.1 308.7 301.7 296.1 291.3 286 279.4 271.5 264.1 258.7 253.5 251.1 249.6 246.9 245.8 243.6 241.4 237.5 234.1 230.6 227.1 223.5 218.1 209.4 203.7 197.3 189 179.3 172.2 165.6 156.3 144.1 135.1 126.9 115.6 96 64.7 66.5 83 112.5 124.7 131.5 137.7 142.9 148.2 157.3 168.5 169.5 166.4 154.2 140 130.4 118 112.3 105.6 80 1.8 -1.2 -1.2 -1.2 -1.2
372.7 368.2 361.9 355.7 350.2 346.9 344.6 341.3 336.7 329.3 313.9 310.6 316.4 320.8 319.9 319.3 316.8 316.1 315.6 315.4 311.7 306.5 309.6 311.6 309.1 302.7 296 290.8 285.5 277.8 269.8 262.3 255 249.5 244.8 243.6 242 239.1 237.3 235.8 233.4 230.5 227.8 223.6 214.8 212.3 204.1 198.3 193.4 187.4 177.3 171.4 164.7 156 145.3 135.7 126.6 116.9 104.8 80.9 56.1 71.8 101.8 119.4 127.8 133.2 138.5 143.3 152.9 166.7 167.6 161.6 148 131.3 118 106.9 97.7 73.3 52.7 37.5 -1.2 -1.2 -1.2 -1.2
377.8 373 366.4 360.1 354.7 351.5 348.3 345.2 340.5 333.1 319.9 300.1 311.4 318.4 319.4 319 318 315.4 309.1 311.8 308.3 304.1 302.9 308.9 308.9 302.6 293.3 287.8 282.5 275.7 265.1 256.8 250.8 245.7 242.6 240.6 236.7 234.3 231.9 230.2 228.5 222.6 218.8 216.2 215.9 210.3 202.5 194.3 189.8 184.3 176.1 170.2 164.8 155.8 146.5 137.6 129.5 119 109 92.3 64.4 58.5 87.2 112.3 126.3 132.2 135.9 141.4 146.2 153.1 152.1 145.3 131.2 114.1 101.1 91.8 84.4 34.1 -1.2 -1.2 -1.2 -1.2 -1.2 -1.2
383.6 377.8 370.8 364.6 358.7 354.4 350.9 346.6 341.8 334.2 321.7 299.1 305.6 315.4 320.8 321.2 320.8 319.7 315.4 310.8 303.5 298.4 295 302.7 304.2 300.1 293.8 284.6 277.3 271.3 261.4 250.4 247.1 243.2 240.5 238.7 234.7 231.9 228.8 225 223 220.8 217.3 214.7 211 206.6 199 191.3 187.4 180.7 174.2 169 163 155.7 145.9 138.2 131.5 122.4 111.6 101.6 77.9 48.5 73.5 104.1 121.1 128.6 132.4 136.1 140.3 141.3 139.9 132 115.7 98.4 84.4 74 48.9 3.6 -1.2 -1.2 -1.2 -1.2 -1.2 -1.2
389.4 382.6 373.7 365.1 359.1 354 350.3 346.3 341.2 333.7 321.4 302.7 295.7 311.1 320.7 324.3 323.7 322.9 320.6 316.3 310.5 304.5 295 292.7 298.1 295.3 290.2 284.4 274.7 264.8 255.4 245.5 244.6 240.6 238.7 236.7 233.9 230.8 227.9 222.6 219.4 217.7 215.1 210.9 206.7 202.7 195.1 188.8 184.3 181.3 173.9 166.6 160.9 155.7 146.2 140 131.8 124.7 115.6 104.2 80.1 57.2 57.1 89.1 112.4 121.4 125 127.7 129.8 132.1 126.7 115.5 102.7 77.2 64.3 13.5 -1.2 -1.2 -1.2 -1.2 -1.2 -1.2 -1.2 -1.2
393.3 386.8 377.2 366.3 357 352 347.7 343.7 337.7 330.2 318.7 302.1 286.5 307.2 321.9 326.5 327.5 326.9 324.1 320.2 314.8 308.3 300.1 290 289.2 290 284.9 279.4 269.2 263.9 254.6 245.2 242.4 239.6 236.9 234.3 232 230.1 226.2 220.6 215.8 213.2 210.4 206.5 203.8 199.9 194 187.1 182.4 179.3 173.8 167 160 152.9 147.7 139.6 131.1 124.2 118.8 104.3 75.1 57 43.6 72.4 105.1 118.4 120.3 118.4 115.4 113.9 113.1 102.8 75.8 30.1 23.9 -1.2 -1.2 -1.2 -1.2 -1.2 -1.2 -1.2 -1.2 -1.2
395.5 387.3 377.8 367.6 358.9 350.9 346.2 340.3 333.9 324.8 314.5 297.1 279.4 305.5 322 328.8 331.1 330.8 328.3 324.6 318.7 312 304 293.4 280.2 281.8 281 276.3 269.1 261.1 253.4 246 239.8 237.5 234.8 232.3 230.4 229.4 225.3 219.6 214.7 210 206.8 201.8 199 196.6 193.2 187.2 181 176.2 170.4 165.5 160 153.1 146 139.1 130.4 125.9 103.8 99.3 100.5 76.9 42.2 55.6 89.1 112.6 111.6 108.4 101.4 93.9 88.1 77.2 48.1 -1.2 -1.2 -1.2 -1.2 -1.2 -1.2 -1.2 -1.2 -1.2 -1.2 -1.2
396.5 389 379.4 368.4 360.2 350.6 343.6 336.9 330.3 321.3 310.5 290.5 279 299.9 315.2 325.1 330.6 331.8 330.5 327.8 322.1 314.8 306.5 296.9 282.8 272.6 271.4 268.5 267.2 256.8 251.6 247.4 240.8 237.4 233.9 229.5 229 227.8 224.7 220.4 214.6 208.9 204.2 198.8 195 192 189.7 185.8 181.3 175.9 170.5 164.8 157.4 151 144.5 142.7 137.9 132.3 124.4 116.6 105.4 79.5 51.5 42.4 71 94.4 101.7 96.1 85.8 75.3 65.3 39.1 -1.2 -1.2 -1.2 -1.2 -1.2 -1.2 -1.2 -1.2 -1.2 -1.2 -1.2 -1.2
397 390.1 380.8 369.3 360.2 350.3 341.8 333.5 325.1 313.8 301.7 282.8 271.3 287.5 302.4 315.2 322.9 327.7 328.2 326.4 322.4 315.8 307.5 298.9 286.1 272.7 265.5 262.4 262 252.5 249.3 245.3 240.4 236.8 233.6 229.7 227.8 225.8 223.7 219.7 216.1 208.4 204.1 200.1 194.7 191.7 187.4 184.7 180.9 176.4 169.5 167.8 162.9 158.8 154.9 148.8 144.3 141.1 137.9 128.9 114.3 92.8 67 35.2 55.2 72.2 84.3 84.1 75.3 56.7 27.8 -1.2 -1.2 -1.2 -1.2 -1.2 -1.2 -1.2 -1.2 -1.2 -1.2 -1.2 -1.2 -1.2
397.4 392.2 383.6 372.1 363.2 353.2 344.5 335.7 323.7 309 295.8 277.3 257.9 274 287.5 297.8 308.2 316.1 320.1 320 317.7 314.1 307.4 298.8 288.1 276 263.5 255.3 252.7 250.7 247.6 241.7 238.4 235.7 232.7 229.7 226.6 224.4 222.1 220.2 217.2 211.8 205.5 204.5 199.2 195.6 190.4 184.9 181.4 179 174.8 171.6 167.8 165.2 161.1 156.1 151.9 149.9 145.9 139.1 125.7 107.4 80.6 51 31.1 52.1 61.8 62.6 -1.2 -1.2 -1.2 -1.2 -1.2 -1.2 -1.2 -1.2 -1.2 -1.2 -1.2 -1.2 -1.2 -1.2 -1.2 -1.2
397.7 393.2 386.6 377.1 367.2 358.2 349.8 338.2 326.4 310.8 296 276.7 260.1 260.7 276.6 286 294.1 301.1 307.5 310.9 310.7 309.6 306.4 299.2 289.4 276.8 262.7 253.4 245 244.1 242 236.7 234.5 232.9 232 226.5 226.2 223.9 222.4 220.5 217.9 214 210.4 206.9 203.5 200 196.2 189.8 185 183.5 178.9 175.2 172.8 169.9 167.5 164.4 160.6 158.8 154.8 147.3 137.5 120.5 100.5 75 46.6 30.8 34.8 -1.2 -1.2 -1.2 -1.2 -1.2 -1.2 -1.2 -1.2 -1.2 -1.2 -1.2 -1.2 -1.2 -1.2 -1.2 -1.2 -1.2
396.8 392.5 387.1 380.2 371.2 362.9 353.3 343.3 331.4 317.9 296.4 282.3 262.3 247.5 262.8 272.8 281.4 289.5 295.9 299.2 300.9 301.4 301.2 297.5 289.5 276.3 262 252 245.4 237.7 234.5 232.5 231.9 230.2 228 228.5 226.8 223.8 222.3 220.3 218.4 215.5 212.4 208.9 206.7 204 200.1 196.1 191.9 188.6 186 182.5 177.6 175.8 176.1 174.2 172.4 168.1 166.2 158.7 149.5 135.3 116.3 92.3 72.7 42 25.7 -1.2 -1.2 -1.2 -1.2 -1.2 -1.2 -1.2 -1.2 -1.2 -1.2 -1.2 -1.2 -1.2 -1.2 -1.2 -1.2 -1.2
394.9 391.4 387.3 382.2 374.1 366.7 359 348.3 338.1 325.3 306.8 288 269.4 251.2 248.2 256.5 267.4 273.4 281.4 288.5 293.2 296.4 296 294 288.6 277.7 264.3 252.7 247 239.6 233.3 228.1 228.4 227.3 226.2 226.8 225.2 224.3 221.9 219.3 217.4 215.9 213.9 210.7 208 206.2 203.7 200.2 196.2 193.8 191.2 188.9 186 184.2 183.6 181.2 180 177.3 173.6 167.2 159.5 148.9 129.4 107.9 86.2 70.3 47.5 -1.2 -1.2 -1.2 -1.2 -1.2 -1.2 -1.2 -1.2 -1.2 -1.2 -1.2 -1.2 -1.2 -1.2 -1.2 -1.2 -1.2
394.4 391.7 387.9 383.9 377 370.5 363.1 353.9 342.6 331.1 315.4 297.8 277.9 263 241.7 238.4 247.5 253.3 259.8 269.7 281.2 289 291.3 288.9 284.1 274.3 262.4 252.6 247.5 241.8 234.8 229 223.2 225.6 220.5 222.9 223.8 221.7 220.2 218.2 217.1 215.1 213.4 211.1 209.2 207 204.5 202.1 199.4 196.8 194.8 192.8 191.2 189.8 187.1 185.6 183.9 181.9 178 172.7 165.4 153.3 138.8 116.8 95.5 78 58.1 -1.2 -1.2 -1.2 -1.2 -1.2 -1.2 -1.2 -1.2 -1.2 -1.2 -1.2 -1.2 -1.2 -1.2 -1.2 -1.2 -1.2
394.5 392.2 389.4 386.2 380.1 373.9 366.9 358.5 347 335.7 322.5 309.6 291.1 277.5 261.1 245.5 226 225 236.2 246.9 262 276.6 283.3 282.2 275.7 269.2 263.5 256 247.5 242.5 236.1 231.5 227.9 223.1 214.2 216.1 217.5 218.1 216.8 215 214.8 213.3 211 208.6 206.7 205.6 204 201.6 199.8 198.4 197.5 196.4 194 192.3 190 187.3 186.2 183 177.7 169.5 163.3 149.7 136.2 116.2 94.6 75.7 59.8 -1.2 -1.2 -1.2 -1.2 -1.2 -1.2 -1.2 -1.2 -1.2 -1.2 -1.2 -1.2 -1.2 -1.2 -1.2 -1.2 -1.2
395.4 393.8 391.8 388.8 383.7 377.4 370.5 360.2 349.7 337.7 327.2 317 304.6 292.2 279.4 266.5 251.7 237.5 217.9 224.9 244.9 264.2 273.5 275.7 271.9 267.2 262.2 255.8 248 240.2 235.6 231.3 227.7 222.7 215.7 208.8 211.3 213.1 212.5 211.9 211.1 210.2 208 204.3 201.8 201.2 200.2 199.7 198.8 198.5 198.4 197 195.1 192.6 188.7 186.6 183 178.6 168.8 157 147.9 129.8 110.2 91.3 76.4 -1.2 -1.2 -1.2 -1.2 -1.2 -1.2 -1.2 -1.2 -1.2 -1.2 -1.2 -1.2 -1.2 -1.2 -1.2 -1.2 -1.2 -1.2 -1.2
396.6 395.9 393.8 390.8 385.6 379.2 372.1 362.1 351.1 338.9 329.2 319.9 313.2 306.4 296.4 283.4 269.7 254.1 232.1 206.3 230.6 253.9 266.5 268.5 266.7 262.2 256.7 252.4 245.6 238.3 234.1 230 227.8 222 217.1 211.7 204 206 207.8 207.7 206.8 205.5 201.8 199.5 196.9 196.3 196.2 196.5 195.6 195.8 195.9 195.7 194.1 191.3 185.7 178.6 177.5 169.6 151.8 139.6 122.4 102.9 86.2 67.4 53.7 -1.2 -1.2 -1.2 -1.2 -1.2 -1.2 -1.2 -1.2 -1.2 -1.2 -1.2 -1.2 -1.2 -1.2 -1.2 -1.2 -1.2 -1.2 -1.2
397.6 396.4 393.9 390.2 385 378.1 370.3 360.2 349.3 338.3 329.5 320.4 315.2 310.1 302.7 292.6 278.4 259.1 237.2 210.1 216.4 239.8 253.9 258.2 256.5 256 251.6 248.3 240.6 236 232.4 228.6 227.3 222.5 217.2 211.5 205.4 196.2 201.5 201.5 201 200.2 198 195.9 193.6 191.2 191.3 191.3 191.2 189 189.4 191 189.7 186.4 179.9 135.5 156.2 144.8 115.5 89.7 56.1 -1.2 -1.2 -1.2 -1.2 -1.2 -1.2 -1.2 -1.2 -1.2 -1.2 -1.2 -1.2 -1.2 -1.2 -1.2 -1.2 -1.2 -1.2 -1.2 -1.2 -1.2 -1.2 -1.2
396.4 395 392 388.1 382.2 375.1 366.3 355.8 344.1 333 325 316.9 312.1 307.1 301.9 294 282.5 264.9 239.4 215.9 196 218.8 235.8 245 246.3 244.4 242 239.3 236.1 232.1 230.1 226.5 225.7 221 216.5 211.6 206.2 199.7 194 196.2 196.4 196.3 193.9 192 189.8 186.4 185.3 184.9 184.4 181.5 180.5 180.4 181 178.5 169.1 122.4 103.1 116.1 84.9 50.3 19.8 -1.2 -1.2 -1.2 -1.2 -1.2 -1.2 -1.2 -1.2 -1.2 -1.2 -1.2 -1.2 -1.2 -1.2 -1.2 -1.2 -1.2 -1.2 -1.2 -1.2 -1.2 -1.2 -1.2
