Game/Highland_Data/StreamingAssets/GeoData/Data/nd/ND02.asc
ncols 200
nrows 200
xllcorner 300000
yllcorner 920000
cellsize 50
[rows 0 to 34 of 200, columns 0 to 77 of 200]
293.8 290.6 286.6 281.9 278.7 273.4 268.4 272.3 274.1 276.8 277.1 276.8 275.9 275.5 276.8 277.7 277.5 279.4 280.8 282.1 281.8 281.2 279.5 277.2 275.3 274.1 273.2 269.3 266.2 264.1 261.8 260.4 256.2 251.6 245.8 242.7 236.6 233.1 218.9 218.7 216.9 223.8 233.8 243.3 251.7 258.3 260.3 260.1 258.5 257 255.7 254.9 256.1 255 252.6 248 242.6 237.1 231.4 223.9 218.6 216.2 214.5 212.7 210.8 207.6 206.2 205 203.7 200.4 200.1 199.3 199.9 198.7 198 198.2 198.4 205.1
294.3 290.8 287.9 284.8 281.4 276.1 276.5 280.1 281.2 281.8 281 278.9 277.6 277.4 277.4 277.2 277.1 276.4 276.9 278.4 278.7 278.2 276.7 272.2 270.1 269.9 268.5 264.5 262.8 261.2 258.4 255.1 251.1 246.7 243.4 240.5 235 230.5 222.8 217.8 216.1 218.5 228.5 242.4 251.4 257.6 258.7 257.2 255 253.2 251.9 252 251.8 251.2 248.8 244.1 239.1 234.2 228.6 219.7 216.1 214.6 212.7 211.6 209.8 207.5 206 204.8 203.8 202.3 200.5 200.2 197.8 199.4 198.9 198.4 204.8 206.6
298 294.1 290.6 286.8 279.8 281.9 283.1 285.5 286.1 285.4 284 281.6 279.3 277.7 277.3 276.9 276.6 275.9 275.2 274.7 274.4 272.8 270.2 267.7 266 264.4 262.7 261 259.4 258.3 255.8 250.8 245.4 243.6 235.9 232.8 227.4 230.4 223.5 217.8 216.4 218.3 221.3 238.3 248.3 254 254.7 252.8 250.8 249.5 248.6 249 248 247 244.8 240.8 235.6 231.8 224.5 217 214.3 212.4 211.3 209.9 208.9 206.9 205.5 204.3 202.9 201.8 199.3 197.8 198.7 199.8 199.4 204.8 207.4 207.6
301.8 297.9 293 288.4 287.3 288.7 289.5 289.1 289 287.9 286.2 283.4 280.1 278.2 277.5 276.9 274.4 274.8 273.2 272 268.6 267.6 266.7 265.3 263.7 262.6 261.2 259.8 258.6 254 253.3 246.7 247.9 245.2 243 241.2 235.7 230.6 227.2 221.9 216.3 216.8 218.9 230.7 240.8 245.2 246.2 246.5 245.8 246.6 246.6 246.5 245 244 241.5 238.1 232.7 225.2 218.6 214.3 212.8 212.4 210.9 209.2 208.1 206.6 204.8 203.2 201.5 200 199.4 199.5 200.1 200.7 206 207.3 209.5 209.4
304 300.3 294.6 289.4 292.9 294.3 294.6 294.3 292.9 290.3 287.7 284.4 281.1 278.8 276.4 275.6 275.1 273.5 273.2 273.3 272.3 270.2 267.6 264.5 261.2 259 257.8 257.3 256.2 256.1 254.6 253.7 252.8 248.6 245.6 242.5 236.6 231.5 226.4 226 226 217.3 216 222.5 229.6 234.3 237.2 240.3 241 242.6 244.1 244 243 240 237.7 233.9 229.6 220.3 214.3 213.2 212.3 211.7 210 208.8 207.8 205.5 203.9 201.5 199.2 200.8 202.1 207 207.2 203.6 209.4 210.7 212.1 211.3
305.5 303.2 298.4 295.8 298 298.3 297.8 296 293.7 291.9 290.7 287.8 283.9 281.9 278.2 278.4 276.9 275.2 275.1 274.2 273.2 271.1 268.6 264.9 262.3 260.6 261.7 260.5 259 257.8 256.4 254.6 253.1 251.2 248.7 245.3 238.6 233 230.5 232 228.2 222.3 219.1 216.7 216.9 225.5 229.4 231.9 236.4 239.4 240.8 239.3 238 232.7 232.5 228.7 223.3 216.8 214 212.3 211.7 211 209.7 209.3 207.1 202.5 200.9 202.5 201.8 204.1 208.9 210.3 209.8 210.2 211 213.1 213.2 215
306.5 304.5 300.1 301.2 302.4 301.5 300.7 298.8 294.6 292 289.7 288.2 286.6 283.5 281.5 280.1 279 277.4 276 275.1 272 269.4 268.2 266.1 263.4 263.5 262.9 261.4 259.9 258.5 256.3 254.6 252.5 250.3 248.2 244.9 241.7 236.8 235.3 235.1 231.4 225 222.6 222 218.9 213.4 220.4 225.9 229.5 233.9 234.5 232.8 231 229 223.7 219.5 217.5 213.9 213.4 211.4 210.8 209.7 209.1 207.8 203 205.5 203.8 204.7 204.8 208.3 210.7 211.5 212.7 212.6 211.2 214.6 215.9 216.9
307.3 305.7 302.6 305.3 306 304.8 302.2 299.4 295.1 293.1 290.4 288.6 286.4 284.1 283.3 284.3 282.9 281.1 277.6 275 274.7 272.3 270.5 267 266.1 264.9 263.6 262.2 260.7 258.3 255.9 253.7 251.6 249.7 248.3 246.6 244.8 239.7 237.2 233.9 229.4 227.1 224.8 222.9 221.8 219.3 214.9 217 221 227.3 227.3 226.4 227 222.2 219.1 217.9 216.3 212.6 211.6 210.9 209.7 208.5 208.1 204.6 203.4 205.7 206.6 207.5 209.2 212.5 213.4 214.3 215 214.3 214.3 215.6 217.5 218.2
309 309.2 307.6 306.7 308.8 306.8 302.9 299.9 298.4 297.6 295.4 293.5 290.6 287.9 288.6 288.7 287.2 285.1 280.3 277.7 276.5 274.5 271.5 269.2 266.8 265.6 264.3 262.4 260.6 258.9 255.3 253.1 251.6 250.2 248.6 246.4 244.5 239.8 237.8 236.3 233.7 231.6 227.9 223.6 221.8 220.7 218.3 215.1 213.7 218.3 218.7 222.6 219.6 215.9 215.1 215 212.7 211.4 210.3 208.3 206 205.1 204.4 205.4 206.4 208.2 209.4 209.8 211.4 215.3 216.7 217.2 217.1 216.1 215.3 217.8 218.8 220.4
311.9 312.9 311.1 309.9 311.4 310.5 307.7 304.3 301.7 301.7 300.5 299.7 297.3 296.1 293.8 292 290.7 287.9 284.7 282 278.4 275.7 273.1 270.2 267.3 265.4 263.6 262.1 260.2 258.9 254.5 252.9 251.2 249.9 247.7 245.1 244.3 243.1 240.4 237 236.5 231.7 228.3 224.7 222.2 220.9 219 216.4 214 212.8 213.7 214.3 213.8 213 212.7 212.7 210.8 209.9 208 208.2 208.1 207.4 206.8 206.2 209.9 209.9 210.8 212.4 213.9 217.6 219.5 218.3 218.3 218.3 217.6 219.2 220.4 221.6
316.6 316.6 315.6 314.5 315.2 314.2 312 308.6 305.9 304.6 304.2 302.1 300.5 299.2 297.3 294.5 291.9 289.5 289.3 286.6 282.5 279.7 275.1 270.9 267.4 264.9 262.5 261.1 259.5 257.3 253.6 251.5 250.2 250 248.7 247.3 246.2 243.7 240.6 237.5 235.1 233.6 230.3 226.2 223.8 221.4 217 216.4 212.7 216 217.4 211.4 211.1 209.1 210.2 209.9 208.7 207.5 211.1 213.1 213.1 213 215.3 212.1 212.1 214.1 214.9 215.6 216.5 219.3 220.7 221.1 220.9 220.4 220.3 220.8 222.1 222.8
319.1 319.8 318.1 318.2 320 319.4 317.9 314.3 312.4 309.2 307.3 304.5 303.2 300.7 298.7 296.9 294.3 294.3 293 290.5 287.4 283.9 278.6 273.4 268.9 265.4 261.8 260.2 258.7 256.4 253.7 252.1 251.7 251 250 248.8 247.2 244.1 241.2 238.1 236.5 232.9 229.1 226.7 225.2 223.2 221.6 219.5 219.1 222 220.2 217.2 214.4 213 213.2 218 219 216.9 215.3 216.8 216.1 214.9 216.1 214.3 215.3 217 218.7 219.1 219.7 220.9 222.2 223.4 223.4 222.9 224.2 226.1 224.8 225.9
326.8 324.6 323.1 322.8 325.2 324.4 323.2 321.4 319.8 315.4 311.6 309.8 306.6 304.2 302.5 300.2 297.8 297.9 296.7 295.3 292.2 287.4 281.9 277.2 272.9 268 263.4 260.9 258.7 258.1 255.1 253.3 252.7 252 250.8 249.6 247.5 244.2 241.5 238.7 236.3 234.6 233.1 230.1 228.5 225.7 224.4 221 221.1 223.3 221.9 223.6 218.2 217.9 217.5 220.1 219 217.3 219.7 219.5 216.8 217.2 217.3 217 218.2 220.1 222.2 223.3 223.5 224.2 226.5 225.9 225.9 226.4 227.9 229.2 227.6 229.1
332.1 331.2 330.5 329.9 329.5 330.6 328.9 328.4 325.7 322.7 319.6 315.6 311.3 309.1 306.7 303.9 301.7 303.1 300.9 299.7 296.4 290.9 286.1 280.7 275.3 270.8 267.7 263.7 260.1 258.9 255.9 254.6 254 252.5 251.1 249.7 247.5 244.3 241.9 239.5 237.7 237.4 236.4 234.5 232.4 230.3 227.3 224.4 223 224.4 225.6 224.6 220.8 220.3 218.5 218.7 217.6 219.5 222.6 221.3 218.1 219.6 220.5 220.4 220.9 222.4 224.3 225.2 225.7 227.5 230.5 231.8 232.5 232.2 232.1 232.7 230.7 232.4
339.4 337.8 335.8 334.8 334.8 335.8 335.9 334.7 331.9 329.5 326.7 323.4 318.4 314.6 311.8 310.3 307.7 306.6 304.4 303.5 300.4 295.2 289.2 283.3 279.9 276.4 272.4 266.2 262.4 259.1 256.4 255.3 254.3 253.1 251 249.5 247.3 244.7 242.3 240.9 240.2 239.8 240 238.3 235.5 233.2 229.5 228.6 227.2 227 226.7 225.8 223 221.3 219.4 218.1 218.9 222 223.9 222.8 219.6 221.4 224.1 224.1 223.9 226.1 226.8 227.8 230 232.8 236.6 238.8 239.4 238.4 237.7 235.3 235 237.5
349.1 346.8 344.8 341.7 341.6 343.3 342.3 342.6 340.4 337.2 334.2 329.9 326.7 320.5 317.3 315.6 314.9 312.4 310.4 307.1 304.2 298.9 292.1 289.1 286 280.9 275.6 269 264.2 260.2 257.4 255.4 254.2 253 251.4 249.5 245.9 243.8 242.5 243.3 243.1 241.4 242.5 240.4 238.2 234.4 231.7 230.7 231.2 229.1 229.3 228.3 225.5 223.5 221.3 220.8 220.8 222.4 223.8 222.9 222.1 224.3 227.2 228.3 228.1 231.1 231.9 232.7 235 239.4 243 245.2 245.9 245.1 243.7 239.7 239.7 243.6
367.6 360 357.5 352 351.9 351.8 351.5 350.7 349.1 346.1 343 339.4 333.8 328.1 324.2 322.3 321.5 318.6 315 310.5 307.9 303.5 300.3 296.4 290.3 283 277.3 271.3 266.1 261.9 258.2 256.5 254.9 253.7 251.7 249.3 247.6 246.6 244.6 244.5 244.8 243.4 243 241.1 237.2 234.5 233 232.5 231.9 231.4 231.1 229.6 228.2 226.8 225.8 225.3 224.1 225.2 225.5 226 226.9 227.7 230.3 231.4 233.1 236.2 236.1 238.6 242.5 246.8 250 252 252.8 251.7 249.4 245.4 245.1 251
380.8 373.9 368.1 362.7 361.4 362.5 361.3 361.6 361.2 359.2 355.2 350.6 346.7 341.2 334.6 330.3 325.9 323.6 319.8 315.3 312.3 307.3 303.5 299.2 292.3 283.2 277.8 271.3 266.7 263.5 260 257.7 256.6 255.8 254.1 250.4 248.4 247.5 247.2 246.8 247.3 245.4 242.1 239.1 238.3 236.6 236.1 235.6 235.6 234.5 234.3 233.1 232.6 231.4 229.8 228.4 228 228 228.7 229.8 229.5 231.7 232.1 233.7 236.9 239.9 242.1 245.9 248.6 251.9 256 258.7 259.7 258.5 256.1 249 251.5 258.4
397.3 387.8 380.3 375.6 374.8 375 375.6 375.2 373.7 371.4 369 366.3 360.1 353.1 346.3 339.9 334.5 329.9 324.4 320.3 316.1 310.2 304.5 296.6 289.4 281.1 274.3 269.9 266 263.2 260.2 259.7 258.9 258.6 256.3 251.9 249.2 248.2 248.2 247.9 247.6 244.6 241.2 239.8 239.8 239.5 239.4 240.8 240.2 241.7 241 239.3 236.2 234.4 232.7 232.4 232.6 231.7 232.1 232.2 233.2 233.8 235.5 236.5 241.1 243.3 248.9 252.9 255.8 258.7 261.6 265.2 264.8 263.4 260.4 252.8 257.5 266.2
408.2 400.1 392.6 390.7 390.9 392 390.5 389.5 387.6 387.1 385.5 381.7 376.3 367.6 359.6 352.9 347.1 338.7 331.8 326.1 319.2 313.1 307 298.2 288 280 272.7 269.2 266.3 264 262 261.8 260.6 258.5 255.4 253.3 250.4 247.7 246.8 245.8 244.3 243.2 243.7 243.7 243.7 242.6 242.7 243.8 247 246.5 246 246.1 244.2 240.2 238.9 238.3 238 237.1 237.2 236.5 236.9 237.2 238.3 240.4 247.7 250.3 256.4 260.4 263.6 266.1 268.3 271.1 270 268.6 265.9 258.9 262.3 273.7
412 408.1 406.4 406.9 407.7 409.4 409.5 409 405.9 405 404.5 401.7 396.7 390.4 382.1 371.2 361.9 351.2 341.2 333.4 325 317.1 309.1 297.5 286.9 279.2 272.1 268.6 266.4 263.9 264 262.6 259.1 256.8 255.3 254.9 249.7 247.9 248.3 247.1 246.6 246 247.6 248.9 248.2 247 247.7 249.3 252 252.1 252.3 252 251.8 250.6 249 247.1 248.1 248.1 248.3 247 247.8 245.9 243.7 250 256.5 259.9 262.8 267.5 272.2 275 277 277.8 277.1 275.6 271.8 265.5 267 281.3
422 419.6 418.2 421.4 424.3 427.3 429.9 431.6 430.9 429.8 427.4 425.2 419.3 412.5 405.5 394.5 381.4 366.6 354 343.1 333.1 321.4 311.6 298.5 287.7 280 272.4 269.2 265.8 263.1 261.9 259.2 256.5 254.4 254.4 252.1 252.7 253 251 250.6 249.7 249.7 249.8 252.2 251.5 252.9 253.1 256.2 259.7 261.2 262.9 264.4 264.4 264.9 263.8 263.8 262.7 261.9 261 260 258.6 256.2 256.8 262.1 266.3 269.3 271.9 274.4 280.2 283.4 284.9 284.8 283.9 281.6 276.8 272 270.3 288.1
432.6 432.2 433.4 439 442.4 448.9 453.1 457.9 460.9 460.3 459.6 455.4 448 438.7 427.7 415.2 401.4 383.3 367.1 353.1 338.5 325.5 314.5 302.9 291.7 281.7 274.6 270.1 265.4 262.3 259.8 257.4 256.7 257.6 257 256.4 257.7 257.9 256.2 254.2 253.4 253.6 251.9 254.6 255.4 256.5 258.4 263.9 270.7 273.1 275.6 276.1 279.8 284.5 284.7 283 282.4 283.1 278.4 274.9 271.1 270 269.5 272.5 276.2 280.7 281.5 282.3 287.6 290.5 291.9 292.9 291.8 289.3 282.6 277.3 273 293.3
440.4 442.9 450.2 458.6 467.2 477.8 483.9 490.1 493.4 492.4 493.1 489 484.7 474 460 442.1 421.2 402.8 383.2 366.8 351 334.6 318.9 306 294.8 284.5 277.5 272.7 268.8 263.8 261.1 258.2 260.2 261.8 261.1 261 262.5 262.8 259.7 257.8 257.8 257.6 255.3 255.6 258.2 259.4 264.5 273.4 280.1 285.4 290.8 298.3 305.9 307.5 306.3 306.9 308.7 305.5 295.3 287.5 283.6 281.9 282.7 285.6 289.3 292.8 292.5 292.6 294.4 296.7 297.6 298.3 298 293.9 289.3 285 277.5 297.6
448.7 456.4 468.7 483.8 499.9 510.5 518.3 522.8 526.3 526.6 526.1 523.6 517.7 504.7 488.7 471.1 450.4 426.7 405.3 385.2 366.7 346.5 327.7 309.7 296.1 286.9 281.8 278.7 274.1 269.2 265 262.4 263.6 265.1 265.9 268 270.2 268.5 264.8 263.8 263.4 263.3 261 261 263.6 267.6 277 284.4 296 305.9 314 319.4 325.2 328.8 331.7 332.9 329.7 321.9 312.5 302 297.6 296 296.6 301 303.9 305.4 302.8 302.1 301.5 305 305.4 305.1 304.7 302.1 298.2 292.7 282.4 300.3
455.3 471.1 492.9 515.4 531.9 544.3 552.2 555.8 558.3 559.6 559.2 556.6 548.4 533.4 515.2 497.2 477.8 457.2 433.2 407.1 383.6 363.1 339.1 318.8 299.6 291.8 287.7 283.9 280.2 275.3 269.6 265.9 268.3 269.4 270.6 275.6 279.1 277.7 275 274.5 272.7 272.5 271.4 272.6 275.5 283.3 292.4 302.2 314.1 325.3 334.6 343.9 353.6 358.8 361.7 360.4 350.1 340 328 320.9 313.6 310.4 314 316.6 320.6 321.2 315.9 313.6 313.3 313.8 314.4 313.6 312 308.9 304.5 298.6 291.9 303.9
459.2 484.6 514.2 540.5 560 577.8 586.2 589.6 593.2 593.7 594.2 593.5 580.7 561.6 543 525.1 505.9 483.4 457.3 432.1 399.2 372 351.9 328.6 311.1 300.1 291.9 286.6 283.5 276.6 273.7 273.3 273.9 276.5 278.7 284.8 290 289.4 285.9 286.1 284.5 284.7 284.9 286.1 292.4 303.2 311.9 320.2 331.7 345.4 358.6 373.6 386.9 396.3 399.7 390.4 371.5 357.9 344.9 335.6 328.7 326.1 333.1 336.4 336.4 332.1 327.9 325.5 324.5 323 322.1 321.4 317.6 314.1 309.4 302.2 300.5 307.4
464.5 492.4 521.2 547 574 606.3 621.4 625 628.2 631.6 630.2 630.2 611.6 589.5 570.1 553.5 532.4 508 482.3 456.2 426.9 391.8 363.3 342.5 322.2 306.8 295.5 289.7 282.4 281.5 280.3 279.3 279.3 283 288.5 293.4 301.8 300.7 299.9 299.3 298.1 298.9 300.8 305.4 313.9 322.2 329 337.9 356 369.7 384.3 399.4 409.5 417.7 419.5 410.8 394.6 381.1 363.1 353.1 347.4 344.4 352.2 350.4 347.8 339.1 335.3 335.9 334.2 330.3 327.9 326.1 322.3 317.3 314.2 309.8 300.3 309.5
463.3 491.7 519.1 545.4 575.7 605.7 637.3 661.6 665.2 674.2 667.9 665.3 640.9 615.4 601.4 590.2 559.8 532.7 503.9 474.2 445.5 412.9 382.6 357.3 336 314.2 298.7 293.3 289.8 286.4 287.3 286.4 285.6 288.9 294.3 300.3 309.5 311.6 313.2 313.2 314.2 317.3 322.5 325.6 330.4 335.6 343 359.1 374.8 388.1 402 416.2 428 430.8 428.4 421.8 411.5 397.9 383.8 372.2 364.8 360.7 362.5 357.4 353.5 348 343.7 342.4 340.2 335.5 332.5 329.2 325.2 320.5 316.2 311.9 310.6 311.3
462.3 488.3 513.8 541.7 571.7 601.2 626.9 655.6 684.1 701.1 685.8 675.2 659.2 635.2 626.8 613.7 582 553.6 523 490.7 457.9 428.9 399 375.2 345.5 324.2 307.9 303.1 296.3 294.8 295.5 291.9 289.6 292.2 296.3 304.1 314.6 321.6 326.1 329.2 330.4 335 337.4 338.8 341.7 345.3 355.1 372.5 386.6 399.9 414.3 427.3 436.2 437.6 433.3 426.6 417.7 409 398 387.8 378.7 373.5 370.7 364.4 360.6 355.9 350.5 346.4 343.6 339.5 334.9 330.7 326.8 322.7 317.2 314.9 311.8 313.2
458 483.4 507.1 536.7 563.1 593.1 620.2 641.9 664.8 677.1 678.2 671.3 662 646.9 639.2 619.3 591.3 565.5 537.6 504.3 470 438.3 412 386.8 361.2 334.4 319.4 313.6 305.7 301.9 302.4 295.5 292.3 293.9 297.5 306.4 317.5 329.3 336.6 341.3 344.3 347.5 349.1 348.5 349.9 353.8 365.2 381.4 395.6 408.6 424.1 436.2 449 444.2 437.2 430.2 421.2 412.8 403.5 393.7 387.5 383.4 379.4 372.3 365.6 360.2 354.5 348.5 344.5 340.2 336.2 332.2 327.8 324.4 319.8 316.2 314.8 314.6
451.2 477 499.2 528.6 555.5 583.6 612.6 634.7 654.8 663.6 665.9 663.2 657.7 652.5 652.6 625.4 600 569.5 543.8 512.6 477.1 446.6 418.3 393.6 367.8 345.3 329.3 319.9 309.5 305.1 300.5 295.2 294.1 294.1 297.9 306.5 317.9 332.8 341.6 348.7 352.7 355.3 355.9 354.6 354.8 359 371.5 387.1 401.9 414.9 427.4 447.2 462.8 447 439.3 432.4 424.2 415.6 406.7 396.9 391.3 387 383.7 379 371.3 365.2 358.2 350.3 345 340 336.5 332.4 329.5 325.6 320.6 317.7 316.8 316.6
445.3 466.3 492.2 519.2 545.4 572.3 601.6 627.3 644.7 653 654.5 653.1 647.7 640.3 639.5 624.4 599.1 570.2 541.4 512.6 482.1 451.4 421.4 397.3 374.8 348.3 339.8 324.3 313.1 307 301.6 297.2 294.1 293.1 296.4 305.6 317.8 331.4 342 351.2 355.7 357.8 357.7 356.4 357.7 362.6 376.6 391.6 404.5 416.8 431.1 451.6 466.1 447.7 439.7 432.9 425.8 417.8 409.3 400.4 395.1 390 385.6 381.4 374.6 367.3 360.3 352.1 346.7 341.7 336.6 333.1 330.6 327.4 323.3 321.5 320.4 318.8
439.4 456.9 483.6 508.2 534.6 561.1 590.2 619.8 632.7 639.6 642.9 642.9 635.5 627.3 618.4 615.4 595.5 568.2 541.6 515.3 482.4 450.3 424.8 397.2 375.8 351.5 343.5 327.9 315 309 302.7 297 291.1 290.2 293 303.2 316.4 327.8 337.3 347.4 354.9 357 358 357.6 358.5 367.1 379.9 393 405.4 416.8 430.6 445.4 457.8 446.3 438.9 432.8 426.6 418.8 410.9 403.6 397.5 391.7 387.1 382.4 376.7 370.7 364.5 355.1 349.7 343.7 338.4 334.3 333 330.1 327.1 325.2 323.2 319.8
427.2 446 471.7 496.3 521.1 545.5 574.9 602.4 612.7 620.8 625.4 627.1 625.4 614.7 595.1 589.2 578.9 559.2 532.7 503.3 477 447.8 421.1 397.6 376.7 358.9 343.6 326.3 313.3 306.3 297.3 291.4 287.8 286.4 289.8 298.5 311.8 323.2 333.6 342.8 350.7 354.8 356.5 357.8 359.9 370.6 380.9 393.3 405.5 415.4 427.6 437.7 445.3 444.3 439.3 433.1 427.6 419.9 412.2 406.2 399.2 395 389.7 385.4 382.4 377.2 369.6 361.2 352.9 347.1 341.3 337.9 336.8 333.6 330.4 328.2 326.1 323.1
