Game/Highland_Data/StreamingAssets/GeoData/Data/nd/ND23.asc
ncols 200
nrows 200
xllcorner 320000
yllcorner 930000
cellsize 50
[rows 74 to 110 of 200, columns 0 to 84 of 200]
204.4 197.2 193.4 187.5 178.4 164.6 153.5 147.6 136.6 127.1 119.3 117.1 117.7 117.7 116.5 110 107.9 109.2 112.4 113 112.5 114.7 112.4 112.3 107.9 106.9 108.2 110.1 109 105.8 102.9 102.7 102 101.4 100.8 99.7 98.2 96.7 95.2 93.9 93.9 93.5 93.4 93.2 92.9 92.9 93.3 94.7 96.6 97.1 97.7 98.7 101.9 105.5 107 109.5 112.6 113.3 113 112 112.5 115.2 114.2 113.5 113 112.6 112.2 110 109.4 103.1 98.9 94.1 89 84.3 80.4 77 75.1 73.4 72.2 70.9 70.2 70.2 60.8 56.8 66.6
203.8 200.1 196.7 189.8 180.3 168.1 155.8 149.7 139 127.7 119.7 118.2 117.1 116.3 117.4 110.6 109 108.8 111.7 111 111.1 113.9 113 111.2 107.5 107.2 109 109.8 109.2 107 102.9 105 102.8 101.9 101.5 100 98.3 96.7 95.1 94 94.3 93.8 93.5 93.2 92.9 92.6 93.5 94.7 96.3 95.8 96.5 97.2 100.3 103.4 104.9 106.6 110.2 110 108 108.7 112.4 114.9 112.7 112.4 112 111.6 110.4 108.9 108.5 102.4 97.8 93.5 88.6 84.2 81 76.8 74.8 73.3 71.8 70.9 69.4 69.8 65.1 57.2 57.7
201.9 197.8 196.1 195 181.6 173.5 157.4 150.4 139.8 128.6 121.3 119.4 116 117 118.2 110.2 107.3 107.3 108.3 110.4 110.7 114.6 112.8 111.7 107.6 106.8 108.4 110.4 109.1 106.8 102.9 105.6 103.2 101.9 101.9 100.1 98.3 96.6 95.1 94.5 94.5 94.1 93.7 93.3 92.8 92.5 93.6 95.1 96.1 95.1 95.9 96 99.3 101.8 103.3 105 105.6 106.2 105.1 107.4 112.9 114.1 112.3 111.2 110.7 109.4 107.8 106.9 105.6 101.8 97.7 92.4 87.6 84.4 81.8 76.9 74.4 72.9 71.3 70.8 68.7 69.5 64.9 55.9 55.4
200.6 196.9 194.1 192.7 184.7 176.5 159.1 151.6 143.1 131.4 123.4 120.1 115.5 115.5 115.4 108.6 107.3 107.3 107.3 111 111.4 115.1 112.3 112.3 107.3 106.8 109.2 110.6 109.2 107.8 102.9 105.9 103.5 103.6 102 100.4 98.8 97 95.3 94.9 94.4 93.8 93.3 92.8 92.4 92.3 93.1 94.8 96.3 94.4 94.6 94.6 97.5 100 102.1 101.7 103.1 103.1 102.6 105.4 110.4 111.2 110.7 109.4 109 107.6 105.2 103.7 103.7 100.7 96.3 91.7 87.2 83.9 80.7 76.8 74.3 72.4 70.7 70.7 68.6 68.9 68.1 54.7 56.3
199 195.1 191.7 189.2 184.1 178.2 159.3 152.4 144.4 132.2 125.9 120.8 115.7 113.9 114.8 109.5 107.3 107.3 107.9 110 111.7 114.2 112.2 111.6 107.2 107 109.5 110.3 108.9 107.8 105.3 105.3 103.6 102.5 102.8 101.5 99.6 97.5 95.6 95.2 94.1 93.4 92.9 92.4 92.2 92.1 92.9 95.8 96.1 93.7 93.5 93.4 96.1 97.5 99 98.6 100.1 99.6 100.6 103.3 107.9 108.5 108.3 107.7 107.3 105.2 103 101.8 100.9 99.5 94.1 89.7 86.3 82.4 79.4 76.8 74.4 72.1 70.2 70.8 68.9 68.1 68.2 53.9 63.8
198.6 192.5 189.1 185.8 181.9 178.3 162.6 154.9 146.5 134 128.9 120.5 115.9 113.4 114 109.4 107.3 107.3 107.9 110.6 112 112.3 111.5 111.7 108.5 107.1 109.7 110 108.7 107.2 104.9 104.5 103.7 103.2 102.9 101.1 100.2 97.8 95.9 94.9 93.9 93 92.5 92.1 92 91.9 93 95.9 95.5 92.9 92.7 92.4 93.8 95.5 95.9 95.9 96.9 97 98.5 101.3 105.2 105.3 105.6 106 105 102.2 101.2 100.6 100.2 97.7 92.6 88.9 86.1 82.5 79.7 76.9 74.2 71.7 69.9 70.1 69.2 67 61.5 54.5 61
196 190.5 188.1 184.5 178.6 170.8 161.2 154.9 147.5 136 128.6 121.2 117.3 114.4 112.8 107.3 108 107.3 108.3 110.3 110.1 110.9 110.4 110.6 108.9 105.7 108.9 108.3 108.2 106.6 105.1 104 103.9 102.5 103.7 101.8 100.7 99 96.1 94.9 93.6 92.7 92.3 91.9 91.7 91.8 92.5 94.6 94 92 91.5 90.5 91.8 93.4 94.1 93.3 93.3 94.6 95.9 99.3 102.5 103.1 103.5 102.9 101.6 100.6 99.7 99.6 98.2 94.8 90.7 87.5 83.3 81.5 79 76.9 74.3 71.7 69.2 69.3 68.8 65.8 58.2 53.6 60.1
193.5 189.2 187.7 182.9 176.3 165.3 162.3 158.3 149.6 137.6 128.9 122.5 117.5 116.9 113.3 107.3 111.1 107.3 107.9 108.9 109.5 109.8 109.2 110.7 113 105 108.5 106 106.5 105.4 104 103.5 103.5 102.2 102.7 102.2 101 99.8 96.4 95.2 94 92.8 92.4 92 91.6 91.5 92.6 93.7 93.7 91.2 91.1 89.7 90 91.6 92 91.2 91.2 92 93.3 96.8 99.8 100.4 100.1 98.9 98.9 98.5 97.4 98 93.9 92.1 89.2 85.8 82.8 80.2 77.2 76.1 74 71.4 68.7 68.1 67.6 64.2 55.6 51.8 67.9
191.8 188 187.3 181.3 176.4 165.2 162 158.7 151.7 136.7 130.6 122.6 119 117.5 114.8 109.6 107.3 107.3 110.1 108.2 109 108.3 108.8 108.4 106.9 104.8 107.4 104.7 105.1 103.8 103.7 103.2 103.4 101.5 103 103.1 101.8 99.7 96.5 95.5 94.5 93.3 92.8 92.2 92 92.5 92.5 92.8 92.3 91.2 90.4 89 88.1 89.7 89.4 88.7 88.9 90.5 91.4 94.4 97.1 96.8 95.5 97 96.9 95 94.1 93.2 90.4 90.5 87.7 85.1 81.8 78.7 75.6 74.7 73.7 71.1 68.3 66.2 65.6 63.6 54.8 58.1 66.6
187.7 188.1 188.5 179 176.8 162.9 160.1 155.4 153.5 140.7 130.6 122.7 118.3 118 116.2 113 107.3 107.3 109.9 107.2 108.4 106.2 108 109.4 103.8 104.5 105.9 102.5 103.2 102.4 102 103.3 103.6 101.4 102.8 102.4 102.3 100.9 96.4 95.5 94.5 93.6 92.8 92.1 92.6 93.1 91.8 91.8 89.5 89.9 90.3 86.9 86.6 87.3 86.9 86.7 86.9 88.5 89.5 91.7 92.4 91.9 93.5 94.5 93.7 92.1 91.1 91.8 88.7 87.6 86.2 84.5 81.5 78.4 74.7 73.6 72.6 70.3 67.3 65.6 64 59.6 53.6 51.8 65.3
186.3 187.6 186.1 178.6 171 161.5 156.8 152.9 153.7 141.7 132.2 124.2 118.8 117.5 117.8 110.6 107.3 107.3 108.9 106.7 106 105.8 106.4 106.2 102.2 103.3 102.9 101.5 101.2 101.1 101.7 103.1 103.1 100.5 101.7 102.1 101.9 99.2 97.1 95.3 94.4 93.8 92.8 92.3 92.7 93.5 92.2 90.8 89.5 89.8 90.2 88.5 85 85.9 84.6 84.5 84.8 86.7 86.5 88 89.3 89.2 91.3 91.5 90.3 89.7 88.2 89 86.7 85.6 84.4 82.9 81.3 77 73.8 71.9 70.4 68.9 66.2 65 63.2 58.5 52.2 49.7 65.2
185.7 185.4 182.9 172.2 168.4 162.4 156.2 151.4 151.5 139.4 129.9 123.1 118.7 118.2 115.3 110.2 109.4 108.3 105.9 106.7 105.1 104.3 104.9 101.6 99.1 101.3 99.9 100.2 99.6 100.2 101.7 103 102.2 99.8 101 101.1 101.2 99.1 96.1 94.9 94.5 94 92.3 92.3 92.8 93.4 91.7 90.4 89.6 90.1 90.3 88.3 85.5 84.7 82.8 82.4 82 83.9 84.1 85.5 86.4 86.3 86.9 88.1 87.8 86.1 84.4 85.6 85 84.3 82.7 81.5 80.6 76.5 72.9 71.4 69.4 67.4 65.6 64.5 61.6 51.6 51.1 52.9 64.5
182.9 182.1 180.1 171.1 167.4 161.4 155.3 149.9 146.8 136.2 127.6 123 119.1 119 115.8 111.5 108 106.9 106 105.8 103.9 103 103.2 99.9 98.5 97.5 97.4 97.7 97.8 100 101.4 100.8 99.5 98.3 99.7 99.5 100.9 99.4 96.3 94.5 95.7 92.6 92.3 92.3 92.9 93.5 91.8 90.9 89.8 89.9 90.4 88.4 85.3 81.5 81.7 81 79.8 81.2 81.1 82.4 83.4 83.3 84.9 85.7 85 83.3 83.3 81.1 83.3 84.5 82.8 80.5 79.8 76.7 72.9 70.8 69 67.2 65.7 64.2 58.9 51.3 59.5 62.9 64.5
179.3 178.3 174.2 167.4 165.1 158.9 152.6 150.1 143 134.6 125.6 123.2 120 118.1 117.2 112.5 107 105.5 103.7 103.1 102.9 102.8 100.6 97.2 97.2 95.7 95.1 95.5 96.1 99.8 99 99.3 97.9 97.5 98.9 98.3 98.7 97.5 95.5 94.3 95.6 93.7 92.7 92.4 93.1 93.8 92.9 91.4 90 89.7 90.2 88.7 84.8 82.5 78 79 77.7 78.6 78.2 79 80 80.5 81.9 82.1 83 81.6 79.8 80.4 81 82.8 81.8 79 79.1 76.9 73.4 69.9 68.8 67.2 65.8 64.6 56.9 58.9 64 64.9 64.4
175.6 174.4 168.4 164.8 163.9 158.7 152.1 146.5 137.3 131.1 127 123.8 120.5 118.1 117.5 112.7 106.2 105.4 104.1 102.6 102.5 101 96.7 95.7 96.4 93.7 94.3 93.6 95.5 97.2 97.2 97 96.4 96.9 97.6 97.4 98.1 97.5 95.2 94.1 94.7 93.6 92.2 92.4 92.9 93.4 93.2 91.7 90.3 89.1 89.7 88.6 85.3 81.9 79.2 75.2 76 75.5 75.9 76.3 77.7 77.7 78.3 79.4 79.3 78 77.4 77.9 77.3 80.7 79.5 77.9 78.3 76 72.4 70.3 68.7 66.5 65.2 64.2 59.1 49.4 61.3 66.3 64
171.3 166.4 163.3 163.4 161.4 154.8 147.9 142.2 133.8 128.8 126.1 123.2 119.8 117.9 118.1 112.8 106.1 104.8 103.6 103.4 101.9 98 94.3 94 94.7 92.6 92.1 91.8 94.5 96.7 96.6 94.5 94.8 96.3 96.3 96.6 97.5 97.6 95.3 93.9 94.3 93 91.6 92.1 92.6 93 93.5 92 90.5 88.8 89.2 88.1 85 81.7 78.7 76 73.1 73.7 74.2 73.8 75.3 74.7 76.5 76.3 76.6 75.6 75.4 74.9 75.3 78.2 78.6 76.9 76.5 74.8 72.3 70.3 68.5 66.2 64.5 64.4 61.2 46.7 52.9 63.9 63.4
164.2 162 161.3 162.5 156.4 150.8 142.5 138 131.4 128.6 126 123.9 121 116.4 116 110 104.5 105.9 103.9 103.1 100.3 95 92.6 92.7 91.2 90.9 91.1 90.5 91.9 93.2 92.3 92.1 93.6 95 95.6 97.2 97.9 97.4 94.6 94 94.1 93.1 91.4 91.6 92.1 92.6 93.1 92.3 90.7 89 88.9 87.6 84.4 81.3 78.1 74.9 71.4 72.7 72.4 71.5 71.9 73.3 73.3 74.1 74 73.9 73 72.5 73.9 77.1 77.1 75.8 74.7 73.3 70.9 69.2 67.5 65.9 64.1 63.6 60.6 50.5 51 63 62.5
161.3 159.5 160.3 158.4 155.4 148 141.2 135.9 130.8 128.1 124.1 122.2 118.9 115.6 111.3 107.7 104.4 104.5 102.5 101.9 99.2 93 91.8 90.9 89.5 88.7 89.6 89.1 90.4 91.2 90.5 91.2 92.3 93.5 94.8 96.7 98.4 97.3 93.9 93.6 93.7 92.9 91.1 91.1 91.7 92.2 92.7 92.6 90.9 89 88.5 87.7 84.8 81.5 77.6 74.9 72.2 71.5 70 69.5 71.5 70.9 71.4 72.5 71.1 72.1 70.5 71.4 72.4 73.8 74.6 73.2 73.5 73.1 70.5 68.6 66.9 65.3 63.9 63.5 59 44 56.1 62.7 62.3
157.1 158 156.6 154.6 152.8 144.5 140.7 135.1 130.5 126.3 121.9 119.6 117.2 114.6 110.7 106.5 104 102.7 101.5 100.9 95.7 91 90.8 89.6 87.9 87.9 87.4 87.8 88.4 88.6 89 90 91 92 93.6 95.6 97.5 96.2 93.4 93.2 93.3 91.7 90.7 92.9 93.2 93.4 93.7 92.7 90.7 88.7 87.7 87.5 85 81 77.1 74 71.4 68.2 69 67.9 69.4 68.6 69.6 69.5 70.5 70 68.6 69.8 71.2 72.7 73.8 72.2 71.7 72.2 70.2 68 66.3 65.1 64.7 64.3 62.3 49.5 51.5 63 62.4
155 153.5 151.8 152.6 150.5 143.5 138.7 133.4 129.3 124.1 119.4 115.9 113.2 112.5 107.5 105.2 103 102 101.4 99.8 92.5 89.4 89.1 87.4 86.5 86.5 86.4 86.4 87 87.6 87.6 88.1 89.4 91 92.6 94.4 96.1 94.5 92.3 92.7 93.1 90 92.2 94.1 94.7 94.9 93.9 93.1 90.6 88.6 86.4 86.8 84.3 80.4 76.6 73 70.7 68.2 66.8 66.5 68.1 67.2 66.9 67.2 67.4 66.4 66.4 67.8 69.8 71.3 72.8 70.9 70.2 70.4 70 67.5 66.2 65.5 64.6 63.8 62.9 54.5 39.1 60.8 62.8
148.5 149.6 150.4 149.3 147.5 139.9 137 131.9 127.5 123.7 116.2 114.4 112.6 109.5 106.9 103.4 101.8 101.2 100.1 98.4 90.1 87.5 86 85.5 85.3 85.8 85 85 86 86.6 86.4 86.3 88.2 90 91.6 93.2 93.9 92.4 91.8 92.3 92 88 93.4 94.8 95 95 94 92.6 90.5 88.5 86.4 84.7 83.6 79.8 75.6 72.3 69.5 64.6 65.8 65.9 66 64.6 63.8 66 64.4 65.3 64.2 66.3 68.4 71.1 71.5 71 70.1 69.4 68.4 67.2 66.3 66 65.6 64.8 64.5 60.3 32.7 51.6 58.9
145 146.8 147 146.4 140.9 137.4 135.7 131.3 125.8 121.3 114.3 112.9 111.4 109 105.6 102.8 100.8 99.6 98.5 94.5 89.1 85.3 83.5 83.3 83.8 84.2 83.6 83.4 84.5 85.7 85.1 84.3 85.7 87.6 89.5 91.3 91 90.5 90.6 90.7 88.9 87.8 93.4 93.9 94.1 94.4 93.6 92.4 90.3 88.2 86.2 84.6 82.2 78.4 74.1 71.4 69.2 67.1 65.5 63.6 63.5 61.8 61.9 62.1 62.6 62.7 63 65 67.4 69.9 70.2 69.7 69.1 68.6 68.6 67.4 66.2 65.5 65.2 64.9 65 63.6 54 34.2 56.3
141.8 143.2 142.1 141.7 139.8 137.1 134.8 129.6 122.3 117.5 113.2 111.4 110.1 108 103 102 99.3 98.1 96.8 93.3 87.5 83.8 82 81.8 82.1 82.5 81.9 81.6 82.8 83.8 83.4 82.6 83.6 85.6 87.7 89 88 88.1 88.3 88.4 86.2 90 93.4 93 93.2 93.4 92.5 91.3 90.1 88 86.1 84.1 80.1 76.5 72.7 70.1 67.4 62 63.9 62.9 61.5 59.1 60 59.7 60.6 61.6 61.5 63.2 66 68.1 68.8 68.4 67.9 68 69 67.6 66.4 65.2 64.7 64.8 65.7 64.5 57.5 30.4 53
136.4 138.4 138.6 138.6 136.6 134.1 131.7 126.2 119.8 115.6 112.3 109.2 107.7 104.6 100.6 99.9 97.8 97.9 96.4 91.4 86 82.7 81 80.2 80.5 80.6 80.1 80.1 80.9 81.9 81.5 80.7 82.2 84.1 85.4 85.4 84.9 85.2 85.4 85.7 84.6 89.3 90.9 92 92.2 92.4 91.4 90.2 89 87.7 85.4 83 79.4 76.6 72.7 68.6 66 59.5 62.1 61.2 58.9 57.4 57.1 58.5 58.2 59.1 60.2 61.5 64.3 66.5 68.1 67.2 67.2 67.3 68.9 67.8 66.5 65.3 64.2 65.2 65.6 64.8 60.7 27.7 17.2
134.4 135.4 135.4 135.5 133.7 131.2 129 123.4 117.8 113.4 110.2 107.9 104.8 101 97.7 97.1 96.6 96.4 94.7 90.9 85 81.3 80.1 79.1 79.4 80 78.7 78.2 78.6 79.9 79.1 78.8 80.7 82.1 82.4 82.5 82.4 82.5 82.6 82.8 84.2 88.3 90.7 90.4 90.8 91.4 91.2 90 88.7 87.3 84.4 81.9 79.1 75.4 71.9 67.9 64.5 60.6 57.8 58.6 56.5 56.1 55.7 55.7 56.2 57.1 58.2 59.6 62.7 65.2 67 66.2 66.1 67.1 68.3 67.2 66 64.8 64 65.2 65.3 64.3 63.2 59.2 50.9
131.9 131 130.6 131 130.8 127.5 124.2 119.7 115.2 110.6 107.4 106.6 103.2 100.4 96.5 95.3 96.2 95.5 90.4 89.2 84.2 80.8 79.3 78.1 78.3 78.1 77.5 76.8 76.3 77 76.4 77 78.5 79.3 79.4 79.6 81.1 81 81.1 81.3 84.7 87.4 89.5 89 88.8 89.4 89.6 89.8 88.5 86.8 83.6 81 77.7 74.6 71.5 66.9 63.3 60.3 59.2 55 54.4 54.8 54.2 54.5 54.9 55.2 56.2 58 61.1 63.7 65.7 65.1 65.7 66.8 67.9 67 65.5 65 64 64.9 65.2 64.9 64.1 62.6 57
128.2 127.5 127.7 128.2 128 124.1 121.1 117.7 112.2 108.9 106.1 103.8 101.7 97.8 95.6 94.1 95.2 94.6 89.6 86.5 84.8 83 80.7 77 76.3 75.8 75 74.5 74.7 74.5 74 74.9 76 76.7 76.5 77.6 80.1 79.6 79.8 81.1 83.6 85.9 87.7 87.5 87.2 88 88.9 88.9 88.4 86.2 83.1 80.3 76.6 72.7 70.2 66 62.8 60 58.2 56.8 54.1 52.6 53.6 54 53.8 54.1 54.7 56.4 59.6 62.3 64 63.8 65 66.3 67.5 67.1 65.5 64.6 64.3 64.7 65 64.9 64 62.5 58.6
126.6 125.8 125.8 125.1 124.6 121 117.2 115.7 111.1 108.5 106.6 104.2 100.9 97.4 94.5 93.3 94.2 91.7 88.7 85.9 84.3 82.7 79.3 75.9 74.3 73.8 73.4 73 73.5 73.8 72.5 73.5 74.5 74.6 74.6 76.2 78.7 77.9 78.3 80.2 81.6 84.2 85.9 85.9 85.9 86.7 87.8 88.5 87.8 85.5 82.5 79.6 77.4 71.6 69.1 66.3 62.2 59.2 57 55.6 54.4 51.4 52.7 53.8 53 53.6 54.3 54.9 58.3 61.5 63.7 63 64.3 65.6 66.9 66.2 65.5 64.1 64.4 65.8 66.2 65 64.2 62.4 60.3
125.9 124.8 123.3 121.5 120 117.4 115.8 113.7 111.1 109.2 106.9 104.5 102 97.8 94.4 92.1 92.2 89.9 87.8 85.5 83.8 82.2 77.8 74.7 73.1 72.6 72.2 71.9 72.6 72.5 71.4 72.3 72 72.7 73.6 74.6 76.7 76.6 77.4 78.8 80.3 81.7 83.7 83.8 85 86.2 87.3 88 87.3 85.1 81.4 78.7 76.1 72.1 67.8 65.8 61.5 59 57 55.6 54 50.9 52.8 53 52.4 53 53.2 53.8 56.6 60.1 61.7 62 63.6 64.9 65.9 65.5 64.6 63.8 64.5 65.6 65.9 65.4 64.2 62.7 59.4
126.3 124.5 122.3 120.1 118.9 116 114.2 112.6 111 108.7 106.4 103.7 102.5 97.7 93.2 91.6 90 88.8 87.7 85.3 83.6 81.3 77 74.4 72.1 71.4 71 71.1 72 71.7 70.3 70.6 71.6 72.3 73.3 75.3 76.6 75.1 76.5 78 79.5 80.8 81.9 82.7 84.1 85.6 86.8 87.5 86 84.1 80.5 77.3 75 71.6 67.7 64.3 61.6 58.4 55.9 54.1 53.2 49.6 52.5 52.4 51.7 51.6 51.8 52.7 55.1 57.9 61 60.9 62.5 64.1 64.9 65 64.2 63.5 64.2 65.3 66.4 65.3 64 62.6 59.7
126.3 124.9 122.8 118.8 118.2 115.5 113.8 112.5 111.5 110.3 106.3 104.2 102.7 98.4 93.5 89.9 88.3 87.1 87.4 85.1 83 79.8 76.3 73.7 71.7 71 70.1 70.4 71.2 70.8 69.1 69.8 71.2 72 73.9 74.9 74.9 74 75.5 77 78.5 79.7 80.3 81 83.1 84.7 86.2 86.7 85.2 83 79.5 76 73.6 69.9 66.8 64.1 60.5 57.7 55 52.4 52.4 48.8 52.3 52.8 51.4 51.3 51.1 52.5 54.1 56.8 59.1 60 61.5 62.9 64.4 64.3 64 63.2 63.9 65 66.5 65.7 64.1 62.1 59.5
125.7 124.8 123.4 119.7 118 116.4 114.3 113.6 112.7 110.3 106.9 105.3 103.7 98.7 93.2 89.4 87.7 86.5 85.9 83.7 81.9 78.2 75.5 73.2 71.3 70.5 69.5 70 70.8 70.3 68.7 69.3 70.7 71.9 72.9 73.9 73.3 73.4 74.4 75.9 77.3 79 79 80.3 82.1 84 85.6 85.9 84.6 82.2 78.2 75.1 71.8 67.9 64.7 62.6 59.1 57.1 54.5 51.4 52 47.2 52.2 52.3 51 50.4 50.6 51.1 53.1 55.1 56.9 59.1 60.6 62.1 63 64 63.5 63 63.7 65.2 66.5 66.3 64.7 62.4 59.2
125.2 124 123.3 120.8 118.6 117.4 115.3 115.2 113.6 110.2 107.9 106.3 104.3 98.9 93.5 89.2 86.9 85.9 85.4 82.9 81.1 79.2 75.1 72.8 70.9 69.9 68.8 69.8 70.7 69.6 68.5 69.4 70.1 70.9 71.9 72.9 72.5 72.8 73.6 74.8 76.2 77.7 78.4 79.5 80.7 82.4 84.6 84.4 83.3 80.9 77.3 73.7 70.3 67.2 63.3 60.4 58 55.6 53.6 50.6 51.3 47.4 51.7 51.7 50.5 49.4 49.2 49.3 51.8 52.9 56.1 58.4 59.9 60.8 61.7 63.1 63.6 62.7 63.9 65.4 66.6 66.8 65.2 62.7 59.3
124.7 123.3 122.8 121.7 119.7 117.4 115.7 115.8 113.4 111 108.7 106.1 103.7 98.8 93.1 88.8 87 86 84.4 83.5 81.7 78.9 74.7 72.1 70.2 69.1 68.3 69.1 70.6 68.9 68.2 69 69.4 70.2 70.9 71.8 71.9 72.2 72.7 74 75.2 76.6 77.7 78.8 79.9 81.2 82.6 83 81.9 79 75.9 72.1 68.6 65.5 62 59.3 56.9 54.5 52 49.4 50.3 44.1 51.1 51.1 50.1 49 48 48.6 50.8 53.6 56.5 57.7 58.6 59.4 60.3 61.7 63.1 62.2 65.1 66.4 66.8 67.1 65.6 62.6 58.5
124.6 122.9 122.6 122.2 120.4 118.5 116.6 115.7 114 111.9 109.3 105.1 102.7 98.7 93 90.2 88 84.8 83.9 83.7 81.4 78.5 74.1 71.3 69.5 68.4 67.7 68.4 70.4 68.8 67.9 68.6 68.7 69.5 70.2 70.9 71 71.3 71.8 72.5 73.9 75.4 76.3 78 79.1 80.3 81.7 81.4 80.1 77.4 74.1 70.5 66.9 63.5 60.5 58.2 55.9 53.4 51.7 48.9 49.3 41.4 50.1 50.3 49.6 48.5 47.2 48.3 50.1 52.8 55.8 56.7 57.2 57.9 58.9 60.3 62.1 62.9 65.6 66.5 66.9 66.6 65.7 62.5 58.1
124.5 122.7 122.3 121.6 120.3 118.1 116.3 115.1 114.5 112.9 110.8 105.8 102.6 99.2 94.6 91.3 89.4 86.2 84.7 83.7 82.1 79.2 75.3 71.1 68.9 68 67.5 68.2 70 68.3 67.8 68.2 67.9 68.7 69.4 70 70 70.2 70.4 70.9 72.2 73.3 74 75.9 77.7 79.5 80 79.3 77.9 75.7 72.1 68.5 64.9 61.4 58.9 56.8 54.8 54 51.7 48.2 48.4 42.4 49.4 49.5 48.8 48 45.8 47.6 49.3 51.9 55 55.7 56 56.6 57.8 59.4 60.9 63.5 65.7 66.6 66.1 65.8 64.7 61.4 56.9
124.2 122.7 122.2 121.7 119.3 117.9 116.7 115.6 114.5 112.7 110.1 106.4 103.3 99.2 95 92 89.8 86.3 84.1 84.1 82.3 80.3 75.2 70.3 68.4 67.9 67.3 67 68.5 67.2 66.1 65.9 67.4 67.8 68.6 68.7 68.6 68.9 69.1 69.5 70.2 70 71.7 73.9 75.9 77.9 78.2 77.5 75.8 73.4 69.8 66.3 62.7 60.3 58 55.5 53.2 52.8 49.8 45.9 46.7 40.2 48.1 48.7 47.5 46.1 44.3 46.7 48.3 50.7 53.7 54.4 55.4 55.4 56.4 58.2 59.8 62.5 65.8 65.9 65 65.4 63.9 59.7 55.8
