Game/Highland_Data/StreamingAssets/GeoData/Data/nd/ND28.asc
ncols 200
nrows 200
xllcorner 320000
yllcorner 980000
cellsize 50
[rows 0 to 37 of 200, columns 84 to 167 of 200]
-0.9 1.6 41.7 41.9 43.1 45.6 50.1 52.7 55.9 59.9 64.6 69.8 76.1 83 90.9 97.3 104 109.3 111.3 109.6 107.8 107.4 107.9 108 107.9 107.1 101 94 93 93.5 91.6 86.7 80.7 77.8 76.4 75.7 75.5 75.4 75.7 74.3 73.9 73.8 74.4 74.4 74.7 73.5 70 65.2 62.3 57.9 54.5 49.5 44.3 40.3 36.2 30.5 25.5 18.9 17.5 16 15 13.6 11 10.7 9.6 8.5 6.6 5.4 5.6 0.3 -0.7 -0.9 -0.9 -0.9 -0.9 -0.9 -0.9 -0.9 -0.9 -0.9 -0.9 -0.9 -0.9 -0.9
-0.9 -0.9 -0.9 1.9 44.2 46.1 49 50.7 53.5 56.7 60.2 64.5 68.2 72.6 76.9 80.2 82.8 86.3 89.1 90.9 92.6 93.9 95.1 96.3 95.3 92.1 90.2 89.7 90.7 87.3 81.5 77.3 77.2 76.6 76.4 76.1 76 76.3 76.6 77.3 77.1 76.4 76.7 77.8 78.4 79.2 77.7 75.1 70.9 66.3 62 56.6 51.7 47.9 42 35.1 29.2 24.1 20.4 17.1 15.8 13.7 10.6 8.6 7.2 6.5 6.6 5.8 5 3.3 1.3 -0.9 -0.9 -0.9 -0.9 -0.9 -0.9 -0.9 -0.9 -0.9 -0.9 -0.9 -0.9 -0.9
-0.9 -0.9 -0.9 -0.9 44.8 47.7 50.4 51.8 53.4 55.6 57.2 61.2 64.5 67.4 71.5 75.7 78.8 81.8 83.6 85.5 86.4 85.9 86.4 86.1 85.1 84.7 83.4 80.7 78.2 77.4 76.9 76.6 77 77.5 77.4 76.7 77 77.6 78.4 79.7 79.9 80 80.8 82.3 82.7 83.1 83.8 82.3 79.1 74.3 69.2 64.3 59.4 55.2 50.2 43.8 36 31.1 26.2 21.5 18.8 14 11.4 8.9 7.2 -0.9 -0.9 2.1 1.4 1.2 1.6 0.4 -0.9 -0.9 -0.9 -0.9 -0.9 -0.9 -0.9 -0.9 -0.9 -0.9 -0.9 -0.9
-0.9 -0.9 -0.9 -0.9 37.8 40.8 43.9 46.8 49.9 52 53.6 56.8 59.7 63.1 67.1 70.9 74.4 77.3 79 81.2 81.9 80.9 82 81 79.4 77.2 76.1 76.9 76.8 77 77.4 77.1 77.5 78.5 79 79.2 78.9 79.8 81.2 83.8 85.8 86.8 86.3 86.8 87.2 87.5 89.1 89.1 86.8 81.6 75.3 70.4 66.2 61.8 57.1 51.2 44 38.7 32.6 26.9 20.2 14.9 12.1 8.7 6.8 -0.9 -0.9 0.8 0.2 0 0.3 -0.9 -0.9 -0.9 -0.9 -0.9 -0.9 -0.9 -0.9 -0.9 -0.9 -0.9 -0.9 -0.9
-0.9 -0.9 -0.9 -0.9 -0.9 7.1 34.7 39 42.7 46 48.3 51.5 54.9 58.6 61.5 64.9 68.5 71.1 73.7 74.9 75.8 75.9 76.2 75.5 74.6 75.4 74.9 75.8 76.1 76.5 76.9 77.2 79.9 81.4 81.9 83.5 83.9 84.6 85.1 87.5 90.8 91.9 92.8 92.1 91.6 91.8 92.4 93.7 93.5 91.6 85.6 75.1 71 64.6 59.6 54.1 48.1 42.8 37.3 31.1 24 16.9 10.3 7.5 3.5 1.5 0.4 -1 -0.9 -0.9 -0.9 -0.9 -0.9 -0.9 -0.9 -0.9 -0.9 -0.9 -0.9 -0.9 -0.9 -0.9 -0.9 -0.9
-0.9 -0.9 -0.9 -0.9 -0.9 1.7 29.9 33.1 36.3 39.9 42.6 45.3 48.5 52.7 56 59.5 61.5 63.5 66 68.4 69.6 70.7 69.1 70.7 71.6 72.1 72.4 74.3 74.5 74.5 75.7 78.7 81 81.9 83.8 85.2 86.9 88.5 89.3 90.6 92.9 95.2 97.3 98.4 96.6 96 95.4 95.8 95.1 93.2 88.3 79.2 71.7 63.3 58.6 53.2 48.2 43.2 37.7 32.1 24.7 15.4 8.4 1.9 1.3 0.8 0.2 -0.9 -0.9 -0.9 -0.9 -0.9 -0.9 -0.9 -0.9 -0.9 -0.9 -0.9 -0.9 -0.9 -0.9 -0.9 -0.9 -0.9
-0.9 -0.9 -0.9 -0.9 -0.9 0.7 1.9 24.7 29.4 32.4 35.2 39.6 43.2 47 50.5 52.5 54.1 56.9 58.4 59.4 60.5 61.7 63.2 65.2 66.4 67.4 69.6 69.9 71.9 74.2 75.5 78.6 79.8 80.3 81.9 83.1 86.6 89.3 91.4 92.8 94.8 97.7 99.2 100 100.2 98.8 97.8 97.3 95.4 92.6 86.6 76.2 65.5 59.7 53.7 48.5 44.8 39.5 34.3 28.6 18.6 9.1 1.9 1.3 0.9 0.3 -0.3 -0.9 -0.9 -0.9 -0.9 -0.9 -0.9 -0.9 -0.9 -0.9 -0.9 -0.9 -0.9 -0.9 -0.9 -0.9 -0.9 -0.9
-0.9 -0.9 -0.9 -0.9 -0.9 -0.9 1.8 23.8 25.7 28.2 30.4 32.8 36.1 39.6 42.8 45 46.7 49.3 50.8 52.9 54.8 56.5 57.2 58.3 58.5 60.3 62.5 63.9 66.3 68.6 71.6 72.5 73 73.8 77.2 78.9 81.7 84.1 87.9 90.5 93 96.9 98.5 97.9 99.4 98.3 98.3 97.1 94.6 87.7 76.2 65.6 57.5 51.8 45.2 39.4 35.4 31.4 26.6 20.1 11.9 5.6 1.5 0.9 0.3 -0.1 -0.9 -0.9 -0.9 -0.9 -0.9 -0.9 -0.9 -0.9 -0.9 -0.9 -0.9 -0.9 -0.9 -0.9 -0.9 -0.9 -0.9 -0.9
-0.9 -0.9 -0.9 -0.9 -0.9 -0.9 0.7 19.8 21.7 23 25.4 27.8 29.5 31.4 34.7 37.4 40.3 42.3 43.9 46.4 49.5 50.2 51.4 52.7 53.6 52.1 53.3 54.6 54.6 57.7 59.8 61.3 64.1 67.7 71.4 74.3 76.3 78.7 81.2 84.4 87.7 89.3 91.1 92 92.4 93.2 93 91 85.5 74.6 64.5 56.2 50 43.1 36.7 31.7 28.9 24.5 18.7 13 7.9 1.9 1.4 0.7 0 -0.9 -0.9 -0.9 -0.9 -0.9 -0.9 -0.9 -0.9 -0.9 -0.9 -0.9 -0.9 -0.9 -0.9 -0.9 -0.9 -0.9 -0.9 -0.9
-0.9 -0.9 -0.9 -0.9 -0.9 -0.9 -0.9 15.6 16 19.8 21.7 22.9 23.8 25.5 28.4 30.9 33.9 37.4 40.4 43 44.5 45.9 46.8 47.9 48.2 46.1 44.8 44.7 45.4 44.5 45.3 46.1 49.5 52.4 57.3 61.8 66.2 69 70.7 72.8 76.6 78.8 80.4 83 83.2 83.9 82.4 79.1 73.2 62.1 55.1 49.1 44.1 38 32.7 28 24.4 19 15.5 11.6 7.5 4.4 1.5 0.8 0.1 -0.9 -0.9 -0.9 -0.9 -0.9 -0.9 -0.9 -0.9 -0.9 -0.9 -0.9 -0.9 -0.9 -0.9 -0.9 -0.9 -0.9 -0.9 -0.9
-0.9 -0.9 -0.9 -0.9 -0.9 -0.9 -0.9 -0.9 3.9 19.4 19.7 21 22 22.8 24.5 26.6 28.5 31.7 34 36.3 38.1 39.1 40.2 41.4 42.8 43.7 41.1 40.1 40.4 38.6 37.5 38.2 39.9 42.7 45.7 48.6 52.1 56.3 59.6 63.3 66.5 69.1 72.3 73.4 74.3 73.7 73.4 68.7 63.6 56.4 49.6 43.9 38.9 34 29.1 25 20.9 18 14.7 12.2 9.9 6.9 1.9 1.2 0.5 -0.2 -0.9 -0.9 -0.9 -0.9 -0.9 -0.9 -0.9 -0.9 -0.9 -0.9 -0.9 -0.9 -0.9 -0.9 -0.9 -0.9 -0.9 -0.9
-0.9 -0.9 -0.9 -0.9 -0.9 -0.9 -0.9 -0.9 0.7 17.9 18.8 19.8 20.8 21.5 22.2 22.3 24 25.9 27.8 29.7 32.4 34.8 36.4 37.8 38.8 39.5 38.6 38.4 37.7 36.8 35.4 36 36.6 38.3 39.2 41.9 46.6 49.9 53 55.9 59.5 63.3 64.9 66.5 68.1 67.7 67 64.1 60.7 54.5 48.7 41.9 37.1 32.6 28.4 25.8 22.7 19.9 16.4 13.9 11.7 9.5 6.4 1.7 1 0.5 0 -0.9 -0.9 -0.9 -0.9 -0.9 0.8 -0.9 -0.9 -0.9 -0.9 -0.9 -0.9 -0.9 -0.9 -0.9 -0.9 -0.9
-0.9 -0.9 -0.9 -0.9 -0.9 -0.9 -0.9 -0.9 -0.9 1.5 17.5 17.9 18.4 18.4 18.3 18 19.1 20.7 23.2 25.2 27.4 30.2 31.7 33.2 34.2 34.9 35.2 35 35.1 34.3 33.7 34.3 35.5 37.9 39.5 40.7 43 45.8 48.4 51.5 55 59.3 61.7 63.2 64.2 64.7 64.4 61.5 59 53.8 47.3 40.8 35.5 32.3 29.4 26.4 23.1 20.8 18.7 15.7 13.5 10.6 7.5 3.9 1.8 1.4 1.2 1 0.9 -0.9 -0.9 3.2 4.2 6.2 6.3 5.5 4.6 1.4 -0.9 -0.9 -0.9 -0.9 -0.9 -0.9
-0.9 -0.9 -0.9 -0.9 -0.9 -0.9 -0.9 -0.9 -0.9 -0.9 11.7 13.7 13.9 14.2 14.3 14.3 15.5 16.7 18.7 20.7 22.9 25.1 26.7 27.9 29 29.6 30.3 30.5 31.1 31.4 32.5 33.9 35.1 36 37.6 38.4 40.6 41.9 43.9 47.8 52 55.5 58.6 60.9 61.2 61.7 61.8 60.7 57.4 52.2 45.5 38.9 33.7 30.7 27.4 25.8 23.4 21.4 19.3 17 14.4 10.8 7.3 6.7 8.5 8.5 7.5 7.5 7.4 7.8 7.4 9.9 11.7 13.2 12.5 12 10.6 8.5 6.4 1.6 -0.9 -0.9 -0.9 -0.9
-0.9 -0.9 -0.9 -0.9 -0.9 -0.9 -0.9 -0.9 -0.9 -0.9 -0.9 -0.9 2.8 7.1 8.7 11.1 13.3 14.5 14.6 16.1 17.8 19.5 21 22.4 23.7 24.3 24.9 25.6 26.4 27.1 29.4 31.1 31.7 32.9 33.8 34.3 36.8 37.9 40.7 44.4 48.1 51.2 53.9 56.7 57.9 60.2 60.7 58.8 56.3 50.7 43.7 34.6 30.1 27.5 25.3 24.3 22.2 20.5 18.6 16.6 14.2 12.5 12.3 13.1 13.5 12.7 12.5 11.7 11.9 13.4 15.5 17.4 19.4 19.7 17.9 17.4 14.5 11.6 9.9 7.4 5.4 1.3 -0.9 -0.9
-0.9 -0.9 -0.9 -0.9 -0.9 -0.9 -0.9 -0.9 -0.9 -0.9 -0.9 -0.9 -0.9 1 1.6 7.7 10.4 11.6 12.8 13.4 14.4 15.1 16.3 18.4 19.5 20.1 20.3 21 22 23.2 24.6 25.7 26.9 28.1 28.8 30.6 31.6 33.8 37.3 40 43.4 46.3 48.9 51.2 54.7 57.1 57.9 57.8 53.1 46.2 35.1 27.6 24.8 22.9 22.2 21.6 20.9 19 17.3 15.6 15.5 15.4 15.4 15.7 16.3 16.8 16.3 16.6 17.7 18.3 19.8 23.2 24.6 28.2 24.9 13.9 13.8 16.4 13 10.4 8.8 8 9.2 -0.9
-0.9 -0.9 -0.9 -0.9 -0.9 -0.9 -0.9 -0.9 -0.9 -0.9 -0.9 -0.9 -0.9 -0.9 -0.9 0.9 1.9 8 12.5 12.8 12.8 13.7 15 16.3 17.5 18.1 18.8 19.1 19.8 20 20.7 21.5 22.4 23.5 24.4 25.2 26.8 28.6 30.7 33.1 36.1 38.1 42.2 46.6 49.3 50.4 49.5 48.6 45 37.1 25.7 25 22.5 21 20 19.6 18.9 18.4 16.8 16 16.1 16 16.1 16.9 17.7 18.1 19.2 19.9 21.7 22 24 28.1 31.4 31 22.9 15.2 20.1 25 19.5 15.9 13.4 12.2 9.9 6.2
-0.9 -0.9 -0.9 -0.9 -0.9 -0.9 -0.9 -0.9 -0.9 -0.9 -0.9 -0.9 -0.9 -0.9 -0.9 -0.9 0.7 1.8 10.8 12.4 11.4 12.5 13 13.1 13.8 15.8 16.9 18.3 18.3 18.8 19.5 19.2 19.6 20.7 20.9 20.9 22.1 23.7 24.8 26.3 28.2 29.6 30.6 33.2 35.5 39.7 40 33.5 32.4 24.6 21.5 20 19.3 19.4 19 18.7 17.7 17.7 16.8 16.3 16.4 16.6 17.5 17.8 18.2 19.4 19.9 20.3 22.2 23.7 28.4 36.6 41.5 41.8 40 40.6 39.2 33.8 28.3 23.6 19.7 18.4 14.3 9.7
-0.9 -0.9 -0.9 -0.9 -0.9 -0.9 -0.9 -0.9 -0.9 -0.9 -0.9 -0.9 -0.9 -0.9 -0.9 -0.9 0.4 1.4 4.9 9.3 11.4 12.9 14.1 14.9 15.7 16.5 17.1 18.3 18.5 18.5 18.5 17.9 17.8 18.3 18.3 18 19.3 20.1 20.3 21.5 22 22.3 22.4 22.4 21.8 22.3 21.7 21 19.1 18.3 17.9 18.9 19.1 19.1 18.4 17.9 17 16.3 16.5 15.5 15.6 15.8 16.4 16.6 17 18.3 19.5 21.2 23.7 26.2 31.1 40.8 45.6 48.1 50.5 49.9 46.9 42.4 39 33.1 26.8 24 20.1 16.8
-0.9 -0.9 -0.9 -0.9 -0.9 -0.9 -0.9 -0.9 -0.9 -0.9 -0.9 -0.9 -0.9 -0.9 -0.9 -0.9 0.2 1.1 3.1 10.7 13.9 14.8 15.4 15.8 17.1 17.1 17.6 18.3 18.6 18.2 17.5 16.9 16.3 16.5 16.3 15.4 16.1 16.9 17 16.7 16.3 16.4 16.3 16.8 16.7 15.5 14.8 14.6 15.5 16.6 17.7 18.6 18.9 18.7 17.3 17.4 17 15.8 15 14.5 13.7 14.1 14.1 15.2 16.1 16.6 18.7 19.5 22.7 26.1 30.2 37.4 43.3 49.2 52.8 54.6 53.3 50.8 47.2 43.1 37 31.2 25.6 20
-0.9 -0.9 -0.9 -0.9 -0.9 -0.9 -0.9 -0.9 -0.9 -0.9 -0.9 -0.9 -0.9 -0.9 -0.9 -0.2 0.5 1.3 3.6 10.7 14 15.1 15.8 16.4 17.5 18 17.9 17.4 17.6 16.5 16.4 15.6 14.6 14.5 14.1 13.4 13.6 13.7 13.7 12.8 12.4 12.5 13.6 13.7 13.5 13.1 13.2 13.4 14.8 15.5 17.4 18.3 18.8 18.5 18.5 17.6 17.2 16.4 15.1 14 13.5 12.3 11.9 12.7 13.8 14.8 17 18.2 20.5 23.3 28.1 34 41.5 46.3 49.8 51.8 52 51.9 49.8 46.3 41.6 36.3 30.7 24.3
-0.9 -0.9 -0.9 -0.9 -0.9 -0.9 -0.9 -0.9 -0.9 -0.9 -0.9 -0.9 -0.9 -0.9 -0.9 0.4 1.2 1.8 3.7 11.6 14.3 15.9 16.5 16.4 17 17.4 18 17.3 16.1 15.2 14.7 14.2 12.6 12.5 11.9 10.8 11.5 9.8 9.4 9.6 9.7 9.4 10.8 10.5 11.1 11 11.5 12.3 14 14.8 16.9 18 18.9 19.3 19.8 19.1 18.2 16.8 15.6 14.4 13.5 12.2 11.1 10.7 11.6 12.2 5.5 15.2 17.8 21.7 26.5 33.1 39.9 44.1 46.7 46.6 45.9 45.4 44.6 43.6 40.2 35.9 31.9 27.8
-0.9 -0.9 -0.9 -0.9 -0.9 -0.9 -0.9 -0.9 -0.9 -0.9 -0.9 -0.9 -0.9 -0.9 0.2 1.5 1.9 2.1 7.8 12.1 14.3 15.9 17.3 17.1 17.1 17.8 18.3 16.8 15.4 14.6 13.6 12.2 10.4 10.3 9.6 9.3 9 9.2 7.8 7.9 10.6 7.6 7.9 8.7 9.3 9.6 10.7 12.2 13 14.6 16.4 17.4 19.1 21.1 21.4 21.7 21.1 19.6 18.3 16.9 16.2 13.6 11.8 10.2 4.7 1.2 -0.9 -0.9 1.4 1.5 1.6 1.2 -0.9 -0.9 41.7 41.7 42.4 45.2 41.9 40.6 38.9 35.2 31.7 28.4
-0.9 -0.9 -0.9 -0.9 -0.9 -0.9 -0.9 -0.9 -0.9 -0.9 -0.9 -0.9 -0.9 -0.9 -0.9 1.4 1.9 3.6 14 15.6 16.2 16.9 18.2 18.8 19 18.7 17.3 16.5 15.8 15 13.9 12.4 11.9 10 8 7.1 6.9 8.7 7.3 6.5 7.5 7.2 7 7.9 7.9 8.9 11.1 13.1 12.8 12.2 15.9 18 20.2 22.6 24.3 25.6 24.8 26.3 25.8 24.5 21.7 16.9 13.6 -0.9 -0.9 -0.9 -0.9 -0.9 -0.9 -0.9 -0.9 -0.9 -0.9 -0.9 2.4 39.3 40.5 41 41 39.2 36.9 34.6 32.9 30.3
-0.9 -0.9 -0.9 -0.9 -0.9 -0.9 -0.9 -0.9 -0.9 -0.9 -0.9 -0.9 -0.9 -0.9 -0.9 0.5 1.9 12.4 16 17.6 18.1 18.7 19.5 19.1 19.3 18.4 17.4 16.8 16.2 15.4 14.2 13.2 11.5 9.9 8.3 7.3 7 5.5 5.6 9.3 3.6 3.7 6.6 8.3 7.9 8.6 10.2 11.7 2.4 1.6 18 20 21.7 24 26.7 29 30.6 31 31 29.6 14.3 21 -0.9 -0.9 -0.9 -0.9 -0.9 -0.9 -0.9 -0.9 -0.9 -0.9 -0.9 -0.9 -0.9 -0.9 38.4 38.3 38.6 38.7 35.6 34.8 33.8 32.2
-0.9 -0.9 -0.9 -0.9 -0.9 -0.9 -0.9 -0.9 -0.9 -0.9 -0.9 -0.9 -0.9 -0.9 -0.9 -0.9 1 5.9 18.3 18.1 19 19.5 19.1 18.9 18.7 17.7 17.8 17.2 16.5 15.8 14.8 13.5 11.7 10.2 8.9 8.3 7.2 6.1 4.5 4 1.3 2 3.1 7.2 8.3 10.1 9.4 10.6 -0.9 -0.9 1.1 17.2 22.4 23.1 26.7 22.3 -0.9 -0.9 -0.9 -0.9 -0.9 -0.9 -0.9 -0.9 -0.9 -0.9 -0.9 -0.9 -0.9 -0.9 -0.9 -0.9 -0.9 -0.9 -0.9 -0.9 10.4 39.5 41.9 41.3 38.4 36.7 35 32.9
-0.9 -0.9 -0.9 -0.9 -0.9 -0.9 -0.9 -0.9 -0.9 -0.9 -0.9 -0.9 -0.9 -0.9 -0.9 -0.9 -0.9 14.3 18.3 16.3 16.9 18.4 16.8 15.3 17.2 17.4 17.8 18 17.3 16.6 16 14.7 12.8 11 9.6 9 5.7 2.4 -0.9 -0.9 -0.9 0.2 1.3 1.9 14.2 14.1 3.6 1.9 -0.9 -0.9 -0.9 -0.3 0.1 -0.2 -1 -0.9 -0.9 -0.9 -0.9 -0.9 -0.9 -0.9 -0.9 -0.9 -0.9 -0.9 -0.9 -0.9 -0.9 -0.9 -0.9 -0.9 -0.9 -0.9 -0.9 -0.9 -0.9 38.7 40.8 42.4 41.4 38.4 37.9 34.8
-0.9 -0.9 -0.9 -0.9 -0.9 -0.9 -0.9 -0.9 -0.9 -0.9 -0.9 -0.9 -0.9 -0.9 -0.9 -0.9 -0.9 0.9 17.4 9.9 13.7 15.4 17.1 16 15.3 17 17.8 17.9 18.1 17.4 17.1 15.5 13.9 12.4 11.3 -0.9 -0.9 -0.9 -0.9 -0.9 -0.9 -0.9 0 1.2 3.2 8.9 3.5 -0.9 -0.9 -0.9 -0.9 -0.9 -0.9 -0.9 -0.9 -0.9 -0.9 -0.9 -0.9 -0.9 -0.9 -0.9 -0.9 -0.9 -0.9 -0.9 -0.9 -0.9 -0.9 -0.9 -0.9 -0.9 -0.9 -0.9 -0.9 -0.9 -0.9 -0.9 -0.9 12.3 40.6 40.9 39.2 37.9
-0.9 -0.9 -0.9 -0.9 -0.9 -0.9 -0.9 -0.9 -0.9 -0.9 -0.9 -0.9 -0.9 -0.9 -0.9 -0.9 -0.9 0.3 17.4 17.6 16.6 17.7 18.3 18.7 17.6 18 17.8 18 18.2 18 18 16.9 15.8 -0.9 -0.9 -0.9 -0.9 -0.9 -0.9 -0.9 -0.9 -0.9 -0.9 -0.9 2.5 -0.9 -0.9 -0.9 -0.9 -0.9 -0.9 -0.9 -0.9 -0.9 -0.9 -0.9 -0.9 -0.9 -0.9 -0.9 -0.9 -0.9 -0.9 -0.9 -0.9 -0.9 -0.9 -0.9 -0.9 -0.9 -0.9 -0.9 -0.9 -0.9 -0.9 -0.9 -0.9 -0.9 -0.9 16.3 41.3 41.4 41.2 42.5
-0.9 -0.9 -0.9 -0.9 -0.9 -0.9 -0.9 -0.9 -0.9 -0.9 -0.9 -0.9 -0.9 -0.9 -0.9 -0.9 -0.9 -0.9 0.8 1.7 5.2 13.6 15.6 17.8 18.1 18.3 18.1 18.6 18.3 17.8 16.7 17.5 -0.9 -0.9 -0.9 -0.9 -0.9 -0.9 -0.9 -0.9 -0.9 -0.9 -0.9 -0.9 -0.4 -0.9 -0.9 -0.9 -0.9 -0.9 -0.9 -0.9 -0.9 -0.9 -0.9 -0.9 -0.9 -0.9 -0.9 -0.9 -0.9 -0.9 -0.9 -0.9 -0.9 -0.9 -0.9 -0.9 -0.9 -0.9 -0.9 -0.9 -0.9 -0.9 -0.9 -0.9 -0.9 -0.9 -0.9 33 36.4 39.4 37.4 35.9
-0.9 -0.9 -0.9 -0.9 -0.9 -0.9 -0.9 -0.9 -0.9 -0.9 -0.9 -0.9 -0.9 -0.9 -0.9 -0.9 -0.9 -0.9 -0.9 -0.9 1.1 3.2 12.9 16.7 18.2 17.9 17.3 16.4 16 14.2 -0.9 -0.9 -0.9 -0.9 -0.9 -0.9 -0.9 -0.9 -0.9 -0.9 -0.9 -0.9 -0.9 -0.9 -0.9 -0.9 -0.9 -0.9 -0.9 -0.9 -0.9 -0.9 -0.9 -0.9 -0.9 -0.9 -0.9 -0.9 -0.9 -0.9 -0.9 -0.9 -0.9 -0.9 -0.9 -0.9 -0.9 -0.9 -0.9 -0.9 -0.9 -0.9 -0.9 -0.9 -0.9 -0.9 -0.9 -0.9 -0.9 20.2 29.5 31 29.8 30.5
-0.9 -0.9 -0.9 -0.9 -0.9 -0.9 -0.9 -0.9 -0.9 -0.9 -0.9 -0.9 -0.9 -0.9 -0.9 -0.9 -0.9 -0.9 -0.9 -0.9 0.2 1.8 7 15.3 16.9 16.9 15.5 15.2 13.9 -0.9 -0.9 -0.9 -0.9 -0.9 -0.9 -0.9 -0.9 -0.9 -0.9 -0.9 -0.9 -0.9 -0.9 -0.9 -0.9 -0.9 -0.9 -0.9 -0.9 -0.9 -0.9 -0.9 -0.9 -0.9 -0.9 -0.9 -0.9 -0.9 -0.9 -0.9 -0.9 -0.9 -0.9 -0.9 -0.9 -0.9 -0.9 -0.9 -0.9 -0.9 -0.9 -0.9 -0.9 -0.9 -0.9 -0.9 -0.9 -0.9 -0.9 -0.9 13.4 25.3 24.8 25.7
-0.9 -0.9 -0.9 -0.9 -0.9 -0.9 -0.9 -0.9 -0.9 -0.9 -0.9 -0.9 -0.9 -0.9 -0.9 -0.9 -0.9 -0.9 -0.9 -0.9 -0.9 0.8 1.5 2.8 10.1 13.2 15 14.7 2.7 -0.9 -0.9 -0.9 -0.9 -0.9 -0.9 -0.9 -0.9 -0.9 -0.9 -0.9 -0.9 -0.9 -0.9 -0.9 -0.9 -0.9 -0.9 -0.9 -0.9 -0.9 -0.9 -0.9 -0.9 -0.9 -0.9 -0.9 -0.9 -0.9 -0.9 -0.9 -0.9 -0.9 -0.9 -0.9 -0.9 -0.9 -0.9 -0.9 -0.9 -0.9 -0.9 -0.9 -0.9 -0.9 -0.9 -0.9 -0.9 -0.9 -0.9 -0.9 -0.9 -0.9 22.3 22.4
-0.9 -0.9 -0.9 -0.9 -0.9 -0.9 -0.9 -0.9 -0.9 -0.9 -0.9 -0.9 -0.9 -0.9 -0.9 -0.9 -0.9 -0.9 -0.9 -0.9 -0.9 -0.9 -0.9 -0.9 -0.9 1.3 1.3 -0.9 -0.9 -0.9 -0.9 -0.9 -0.9 -0.9 -0.9 -0.9 -0.9 -0.9 -0.9 -0.9 -0.9 -0.9 -0.9 -0.9 -0.9 -0.9 -0.9 -0.9 -0.9 -0.9 -0.9 -0.9 -0.9 -0.9 -0.9 -0.9 -0.9 -0.9 -0.9 -0.9 -0.9 -0.9 -0.9 -0.9 -0.9 -0.9 -0.9 -0.9 -0.9 -0.9 -0.9 -0.9 -0.9 -0.9 -0.9 -0.9 -0.9 -0.9 -0.9 -0.9 -0.9 -0.9 16.7 20.9
-0.9 -0.9 -0.9 -0.9 -0.9 -0.9 -0.9 -0.9 -0.9 -0.9 -0.9 -0.9 -0.9 -0.9 -0.9 -0.9 -0.9 -0.9 -0.9 -0.9 -0.9 -0.9 -0.9 -0.9 -0.9 -0.9 -0.9 -0.9 -0.9 -0.9 -0.9 -0.9 -0.9 -0.9 -0.9 -0.9 -0.9 -0.9 -0.9 -0.9 -0.9 -0.9 -0.9 -0.9 -0.9 -0.9 -0.9 -0.9 -0.9 -0.9 -0.9 -0.9 -0.9 -0.9 -0.9 -0.9 -0.9 -0.9 -0.9 -0.9 -0.9 -0.9 -0.9 -0.9 -0.9 -0.9 -0.9 -0.9 -0.9 -0.9 -0.9 -0.9 -0.9 -0.9 -0.9 -0.9 -0.9 -0.9 -0.9 -0.9 -0.9 -0.9 0.3 1.9
-0.9 -0.9 -0.9 -0.9 -0.9 -0.9 -0.9 -0.9 -0.9 -0.9 -0.9 -0.9 -0.9 -0.9 -0.9 -0.9 -0.9 -0.9 -0.9 -0.9 -0.9 -0.9 -0.9 -0.9 -0.9 -0.9 -0.9 -0.9 -0.9 -0.9 -0.9 -0.9 -0.9 -0.9 -0.9 -0.9 -0.9 -0.9 -0.9 -0.9 -0.9 -0.9 -0.9 -0.9 -0.9 -0.9 -0.9 -0.9 -0.9 -0.9 -0.9 -0.9 -0.9 -0.9 -0.9 -0.9 -0.9 -0.9 -0.9 -0.9 -0.9 -0.9 -0.9 -0.9 -0.9 -0.9 -0.9 -0.9 -0.9 -0.9 -0.9 -0.9 -0.9 -0.9 -0.9 -0.9 -0.9 -0.9 -0.9 -0.9 -0.9 -0.9 12.1 11.3
-0.9 -0.9 -0.9 -0.9 -0.9 -0.9 -0.9 -0.9 -0.9 -0.9 -0.9 -0.9 -0.9 -0.9 -0.9 -0.9 -0.9 -0.9 -0.9 -0.9 -0.9 -0.9 -0.9 -0.9 -0.9 -0.9 -0.9 -0.9 -0.9 -0.9 -0.9 -0.9 -0.9 -0.9 -0.9 -0.9 -0.9 -0.9 -0.9 -0.9 -0.9 -0.9 -0.9 -0.9 -0.9 -0.9 -0.9 -0.9 -0.9 -0.9 -0.9 -0.9 -0.9 -0.9 -0.9 -0.9 -0.9 -0.9 -0.9 -0.9 -0.9 -0.9 -0.9 -0.9 -0.9 -0.9 -0.9 -0.9 -0.9 -0.9 -0.9 -0.9 -0.9 -0.9 -0.9 -0.9 -0.9 -0.9 -0.9 -0.9 -0.9 -0.9 7.8 10.8
-0.9 -0.9 -0.9 -0.9 -0.9 -0.9 -0.9 -0.9 -0.9 -0.9 -0.9 -0.9 -0.9 -0.9 -0.9 -0.9 -0.9 -0.9 -0.9 -0.9 -0.9 -0.9 -0.9 -0.9 -0.9 -0.9 -0.9 -0.9 -0.9 -0.9 -0.9 -0.9 -0.9 -0.9 -0.9 -0.9 -0.9 -0.9 -0.9 -0.9 -0.9 -0.9 -0.9 -0.9 -0.9 -0.9 -0.9 -0.9 -0.9 -0.9 -0.9 -0.9 -0.9 -0.9 -0.9 -0.9 -0.9 -0.9 -0.9 -0.9 -0.9 -0.9 -0.9 -0.9 -0.9 -0.9 -0.9 -0.9 -0.9 -0.9 -0.9 -0.9 -0.9 -0.9 -0.9 -0.9 -0.9 -0.9 -0.9 -0.9 -0.9 -0.9 -0.9 -0.9
