Assets/StreamingAssets/GeoData/Data/ny/NY01.asc
ncols 200
nrows 200
xllcorner 300000
yllcorner 510000
cellsize 50
[rows 0 to 35 of 200, columns 0 to 80 of 200]
142.9 143.8 145 146.3 147.3 145.3 142.8 140.1 137.8 136.3 138.3 138.8 139.1 139.1 138.7 139.7 140.3 141.2 142.2 143.2 143.6 142.7 141.9 141 141.8 143.1 144.5 144.9 144.6 143.6 133.7 139.2 143.5 148.4 152.2 155.4 157.9 160.5 162.5 164.3 166.2 168 170.9 174.5 179.7 182.7 184.7 186.2 188.3 191.7 195.1 197.6 200.1 202.5 205.1 207.7 208.3 206.4 203.9 200.9 197.7 194.1 190.6 187.7 186 185.8 185.8 184.9 185.1 186.1 186.5 185.1 182.5 182.5 183.6 184.5 184.7 181.8 175.7 169.9 164.1
140.6 142.5 144 145.3 146.3 145.3 143.1 139.6 136.7 135.1 136.4 137.3 138 137.6 138.2 138.8 139.5 140.3 141.3 142.2 142.5 141.6 140.7 139.7 142.1 143.6 144.9 144.7 144.4 141.6 132.1 140.4 145.7 149.6 153.3 155.4 157.6 159.8 161.8 163.8 165.6 168.7 171.8 175.6 180.6 183.4 184.9 186.9 189.5 192.4 194.8 197.2 199.6 202 204.4 207 205.9 203.6 200.7 197.5 193.2 189.5 186.4 184.2 182.7 182.5 182.4 182.3 182.5 183 182.7 181.6 179.7 178.1 180.7 181 180.2 176 170 164.9 160
139.7 140.7 142.2 143.8 145.2 144.8 143 139.8 137 134.9 135 135.9 136.6 136 137.5 138.3 138.8 139.4 140.3 141.3 141.4 140.8 140.1 140.6 141.9 144.1 144.8 144.5 143.8 134.4 136 143.1 147.3 150.8 153 154.1 156.5 158.9 161 163.4 166.4 169.6 172.7 178 182.4 185.4 186.9 188.3 189.7 192.2 194.4 196.9 199.3 201.8 204.3 205.9 204.1 201.6 197.7 190.7 188 185.9 183.4 181.4 180.1 179.6 178.7 178.2 178.7 179.4 178.7 178.2 177.6 175 176.5 177 175.4 169.9 166.7 162.4 156.4
139 139.3 140.6 142.4 143.4 143.9 142.4 139.8 137 134.2 135 134.6 134.7 133.1 135.9 137.8 138.5 139 139.4 140.3 140.2 139.6 138.5 139.9 141.8 143.5 144.2 144.3 138.4 132.6 138.7 144.1 148.3 151.1 152.1 151.9 154.9 157.5 161 164.2 167.1 170.3 173.4 179.2 184.3 187.3 189.3 190.5 191.8 193.5 195.8 197.6 199.9 202.3 204 203.7 201.9 198.9 193.9 188.2 185 182.7 181.7 179 177.4 177.3 176.6 175.4 174.5 175.9 175.8 175.3 174.7 173.3 169.7 171.8 169.7 164.5 161.3 158.1 153.6
139.3 139 139.3 141 141.7 142.9 141.6 138.6 136 133.6 135 134.6 133.3 132.6 134.2 136.1 137.8 138.6 139 139.3 138.7 137.5 136.3 138.7 140.9 142.2 143.1 142.8 133.6 132.3 139.8 145.2 149 151.1 147.8 152.8 155.5 158 161.5 164.8 167.8 170.4 173.4 180.4 186.5 185.5 191.3 192.7 194.1 195.4 196.9 198.8 200.6 202.1 201.8 201.5 199.1 195.1 190.1 185.3 182.7 180.1 178.5 176.9 175.7 175.1 174.5 173.1 172.7 172 172.5 172.6 171.7 169.7 166.6 167.3 165.6 160.1 156.6 155.4 151.5
139.5 138.7 139 139.6 140.7 141.8 140.7 137.4 134.7 131.8 134.8 134.2 131.9 132.2 133.2 134.4 136.2 138 138.4 138.7 137.1 136 136.1 138.1 140.3 140.9 141.6 140.3 132.2 132.8 139.3 142.6 147.6 145.4 149.8 153.8 156.8 159.8 162.5 165.6 168.7 171.5 175.2 180.2 187.8 192 193.9 194.8 195.5 196.8 198 199.4 201.3 200.6 200 198 195.4 190.6 185.7 182.6 179.6 177.9 176.3 175.8 174.2 172.8 172.3 170.8 169.7 170.1 170 169 168.8 165.3 163.1 160.1 158.5 156.1 153.6 151.9 150.3
139.4 138.6 138.8 139.3 140.2 141.3 140.1 136.7 134.3 130.8 132.2 133.3 130.9 131.7 132.8 133.8 134.9 136.9 137.7 137.8 136.1 134.6 135.9 137.7 139.3 140 138.9 135.4 130.8 134.7 139.7 144.2 147.4 149.1 152 155 158.9 161.7 163.9 167.2 170.5 174 178.5 184.1 190.5 194.4 196.3 197.2 197.3 198.1 199.3 200.5 201.5 199.9 197.5 194.9 190.8 185.9 182.5 179.5 177.1 175.6 174.9 174.8 173.5 172.1 168.9 167.6 165.6 167 167 166.8 165.7 162.6 159.3 154.6 153.8 151.7 150.5 148.9 148.1
138.9 139 139.1 139 140.1 141.2 139.5 136.2 134.2 131.5 129.6 131.5 128.6 131.7 132.8 133.8 134.9 135.9 137.1 136.7 134.9 133.3 135.3 137.4 138.5 139.2 130.7 129 132 138.2 142.9 145.7 149.8 151.8 154.8 157.8 160.4 163 165.4 168.9 173 178.1 183 188 192.3 197.1 199.4 199.8 199 198.6 199.1 199.7 199.6 197.6 195 192.3 187.4 183 179.7 177 175.4 174.7 173 173.7 172.2 169.7 167.3 163.9 162 163.6 163.8 163.2 161.8 159.2 156 154.5 148.6 148 147.6 146.3 146.3
138.3 139.2 139.2 139.5 140 141.1 138.9 135.6 133.6 132.2 129.6 128 127.7 130.2 132.8 133.8 134.7 135.6 135.7 134.9 133.4 132.8 134.8 137 138.1 138.3 127.7 129.3 134.8 139.5 143.3 146.1 149.3 152.1 155.8 158.2 160.8 163.6 166.6 170.1 174.1 179.1 186.2 190.7 194.7 198.6 200.5 201.1 200.3 198.3 197.3 197.9 197.6 194.8 191.9 188.5 184.1 180.1 178.5 178.9 172.4 170.5 168.5 170.3 169.2 165.7 162.9 161.3 158.7 160 160.2 159.6 157.5 156.1 153.5 150.9 148.4 145.4 141.5 144.1 144.3
138.3 138.6 139.1 140.1 140.7 141 138.3 135.1 133.2 131.9 130.4 128.1 128 130.5 131.9 133 134.1 134.8 133.9 133 132.1 133 134.7 136.6 138 136.4 127 130.5 135.4 139.3 142.9 145.3 148.2 152.5 155.5 158.7 162.5 165.2 167.7 170.9 175.3 181.1 189.3 193.4 197 199.9 201.4 201.9 200.7 198.6 196.3 196.2 195.1 192.2 188.5 184.8 181.1 177.8 174.2 172.5 170.1 165.8 165.2 166.3 164.8 161.4 160 158.6 155.2 156.1 156.6 156 152.8 151.7 150.7 149.5 147.2 144.9 142.4 134.1 135.9
137.6 138.5 139.4 140.2 140.9 141.1 138.5 135.4 133.1 132 130.6 128.6 126.1 129.2 130.9 132 133.3 134.2 133.3 132.2 130.6 133.2 134.9 136.6 137.5 129 126.4 132 136.1 138.9 140.3 143.6 147.5 152 156.5 160.5 163.7 166.9 169.7 172.9 181.6 188.5 193.2 194.9 198.2 200.6 201.9 202 200.8 198.7 195.8 192.2 190.9 186.6 183.6 180.8 177.4 174.7 171.4 167.8 165.2 162.6 161.6 162.5 157.9 156.4 155.1 154.2 151.4 152.2 152.3 151.8 150.5 148.9 147.9 147.6 146.1 143.9 141.7 136.3 125.9
137.2 138.3 139.2 140 140.7 141 138.4 135.4 132.9 132.4 130.9 129.3 124.6 128 130.1 131.4 132.7 133.5 132.7 131.5 131.6 133 134.7 136.4 136.8 127.2 124.9 129.4 134.5 136.9 140.3 143.9 149.2 153.1 157.1 161.1 164.8 168.1 171.5 178 185.5 193.1 196.5 196.6 198.5 201.1 202.3 201.8 200.6 198.3 194.4 189.6 185.7 182.4 179.9 177.2 173.4 170.7 168 164 161.4 158 157.4 157.4 153 151.6 150.7 149.9 147.4 148.6 149 149.4 148.6 146.9 145.2 144.5 144.1 142.1 139.1 127.1 122
136.6 137.6 138.6 139.6 140.4 140.3 138.1 135.3 132.5 130.9 130.4 128.8 125.4 127.9 129.4 130.8 132 131.8 131.4 130 130.9 133 134.5 136.2 136.6 130 123.3 127.6 133.8 137.4 142.9 147.1 150.7 154.4 158 161.6 165.3 170.2 173.6 180.9 189.3 196.7 200 199.5 199.4 201.3 202.3 201.8 200.4 197.8 191.7 188.3 182.6 179.6 176.6 173.6 170.3 166.9 163.9 161.2 157.3 154.1 153.2 151.3 148.8 147.4 148.1 147.5 145.6 146.1 146.7 147.3 147 145.4 143.7 141.7 140.4 138.5 131 120.9 128.2
135.3 136.5 137.7 138.6 139.4 139.3 137.1 134.5 131.6 130.3 129 128 126.4 127.5 128.9 130.4 130.8 130.4 129.9 128.2 129.8 132.4 134.3 136.1 135.8 124.2 124.1 129.4 134.8 138.1 144.7 148.4 152.1 155.8 159.3 162.7 166.5 175 180.7 187.1 194.5 200.1 203.7 204.7 202.4 201.2 201 200.1 198.8 196.4 192.5 186.7 181.6 177.4 173.3 170 166.7 163.7 161.4 158.8 154.2 149.4 150 147.4 144.9 143.8 142.6 144 141.6 144.9 145.4 145.4 145.2 143.7 141.9 137.9 130.9 128.4 121.1 128 137.6
134 135.2 136.4 137.6 138.5 138.4 136.2 133.6 131 129.7 128.4 127.1 125 127.1 129.4 130 129.9 129.6 128.7 128.2 130.2 131.6 133.6 135 135.5 122.7 124.3 131.1 135.1 139.7 145.2 149.6 153.3 156.8 159.8 163.1 168.8 179.3 187.7 192.9 199.5 203.3 206.3 208.5 204.5 202.8 199.8 196.9 196.5 193.8 190.8 185.4 181 175.8 171.1 168.2 164.1 160.2 157.9 155.4 150.9 144.7 145.8 142.9 140.7 140.5 140.3 141.1 140.8 143.2 145.1 144.8 141.2 139.4 133.1 126.7 122.3 120.6 122 134.3 140.4
132.9 133.9 135.1 136.4 137.6 137.4 135.2 132.7 130.4 129.1 127.8 126.4 125.8 127.8 130.3 129.7 129.6 129 127.5 127.7 129.8 131.5 133.6 135 134.4 125.4 123.7 132 137.6 142.2 146.8 150.5 154.4 157.5 160.4 164.3 174.3 186.2 193.5 199.7 203 206.1 208.4 208.9 205.8 201.7 198.3 194.1 192.8 191.3 188.8 184.5 180 174.8 170.6 166.9 161.3 157.2 154.1 150.4 145.9 141.8 138.7 138 137.6 137.3 136.9 136.4 138.2 139.9 142.5 141.1 137 129 121.2 118.8 119.8 121.7 131.8 141.6 144.6
132.5 132.7 134.2 135.7 136.9 136 134.1 131.8 129.7 128.5 127.1 125.1 126.3 130 131.3 130.3 129.1 128.4 125.5 128 129.8 131.6 134.1 135.5 131.7 121.7 124.9 133.2 139 144 147.7 150.8 154.5 157.9 160.9 165.4 179.5 189.9 197 202.5 205.4 206.9 207.5 207.2 204.5 200 195.5 191.3 187.5 187.4 185.6 183.6 179 173.9 170 165.5 159.8 155.1 149.4 145.4 141.7 139.2 134.3 134 134 133.8 132 132.6 135.1 136.4 138.4 137.1 134.4 121.3 117.1 125.4 126.5 131.5 135.9 146.4 150.2
131.7 132.3 133.7 135 136 134.7 132.8 130.8 129.1 127.7 126.3 125.4 128.5 132.4 132.4 130.3 128.4 127.6 123.9 128.1 129.9 131.8 134.6 134 126.7 122.2 130.4 136.7 141 145.1 149 152.4 155.7 158.4 161.9 169.8 182.7 191.2 198.3 203.1 205.7 206 205.6 204.6 201.7 197.9 192.5 187.1 185.3 182.3 181.4 180.4 177.3 173.1 168.6 164.1 157.6 153.5 148.1 141.5 137.6 135.4 132.3 129.8 129.1 129.6 128.9 129.7 132.2 132.8 133.7 132.7 122.1 119.6 122.3 135.4 138.4 141.4 145.4 148.4 154.3
130.2 131.9 133.4 134.6 134.5 133.1 131.1 129.5 128.1 126.5 124.9 124.6 129.7 132.7 131.6 129.6 127.3 125.2 124.5 128.1 130.2 131.9 134 131.5 123.1 123.2 131.8 137 141 144.6 148.9 152.4 156.6 160.2 163.5 172.1 185.3 193.2 199.2 202.8 204.5 204 202.5 201.2 198.8 194.3 188.9 183.9 181.2 179.5 177.1 176.7 174.3 170.4 166.1 161.6 156.6 150.9 145 138.5 134 131.4 128.5 126.4 126.4 126.3 124.8 127.4 129.5 130.1 130.1 119.6 118.6 115.7 129.8 138.5 142.2 146.4 151.8 156.1 157.2
129.3 131.5 132.8 133.8 132.8 131.3 129.9 128.5 127.1 125.6 123.4 126.6 129 131.3 129.9 128.1 125.3 121.7 123.4 128.1 130.5 132.2 132.4 129.3 116.4 122.6 133.2 137.1 140.4 144.5 148.8 154.2 157.9 161.9 167.2 178.3 187.9 194.9 198.9 201.1 202.2 201.3 199 197 193.8 190.3 184.6 181 178.8 175.7 173.5 173 171.1 167.4 163.4 159.1 154.4 148.6 142.2 136.1 131.3 125.4 124 123.6 124 123.9 123.3 126 126.5 122.9 117.7 117.4 116.1 128.1 137.8 142.2 145 150.2 156.4 160.4 160.1
128.6 130.5 131.9 133.1 132 130 128.6 127.2 125.8 124.6 123.2 126.1 127.1 128.1 127.2 126.2 123.3 119.1 124.3 127.9 130.6 132.2 129.9 126.9 113.8 126.2 133.8 136.7 140.1 144.5 149.5 155 159.8 163.7 171.5 180.9 189.3 195.6 199 200.1 199.7 198.6 196 192.1 189.3 184.6 179.3 176.4 174.8 172.9 170.2 169.5 168.3 164.5 160.4 156.4 151.7 145.3 138.9 133.3 127.9 122 120.6 120 121.1 118.5 118.7 114.8 115.2 115.2 114.7 122 132.3 138.2 143.2 146.5 149.6 154.6 160 163 162.8
127.8 129.3 130.6 131.4 130.3 128.6 127.2 125.8 124.4 123.5 122.3 123.9 123.9 123.9 124.4 124 121 118.4 124 127.5 128.9 129.6 128.1 123.5 113.6 125.8 133.4 136.3 140 144.6 149.8 155.6 161.1 166.7 177 185.1 191.6 196.4 198.8 199 197.5 195.6 192.7 188.4 183.7 178.6 174.6 172.1 170.7 168.8 166.8 166.3 165.1 160.1 155 151 148.6 141.2 135.5 130.6 125.5 120.8 118.5 117 117.3 115.2 114.3 114.1 117.9 121 124.5 129.6 135.9 143.1 147 149.9 152.9 157.1 162 164.4 163.4
125.8 128 129.3 130.1 128.9 127.3 125.8 124.4 123.2 122.4 121.7 121 119.6 119.4 122.6 121.7 117.3 118.9 123.2 125.2 125.7 126 125.3 118.9 116.4 124.7 131.5 135.9 140.1 144.7 149.9 155.7 162.8 171.6 181 187.6 191.9 196.1 196.7 196.9 194.9 192.6 189.2 184.1 178.8 173.6 170.4 167.9 166 163.1 161.4 162.4 160.3 155 151.4 148.1 144.6 138.7 133.4 127.8 121.8 117 116.4 114.8 115 113.5 112.4 115.6 122.3 125.4 130.3 134.8 142.3 146.8 149.4 152.8 156.2 159.8 163.9 165.8 165.7
123 124.7 127.1 128.5 127.6 125.9 124.3 123 122.1 121.3 120.6 117.7 113.7 115.5 118.5 118.9 113.3 118.1 122.2 121.3 122.3 123.3 122.4 116 118.1 127.8 131.4 135.5 140.4 145.1 150.4 157.4 165.5 174.5 183.3 188.1 191.7 194.2 195.4 194 191.8 189.2 184.7 179.3 174.1 168.9 166 163.7 161.2 158.7 157.5 156.9 155.2 152.1 148 144 138 134.1 129.3 123.8 118.3 113.8 113.3 112.7 112.6 111.8 115.1 123.9 127.7 130 135.8 142.6 146.2 149.5 152.6 155.8 159.5 162.1 164.8 166.6 167.6
125.8 123.2 124.3 125.4 125.1 124.4 123 121.7 121.2 120.2 118.8 116.9 110.7 109.7 112.7 113.1 110 113 114.5 116.2 119.4 118 116.7 114.1 118.4 126.4 132.8 137.3 142.2 146.8 152.2 162.1 169.7 175.4 182.1 187.1 190.4 191.5 192.5 191.1 188.5 184.5 180.1 174.7 169.2 164.5 161.8 159.6 158.4 155.3 153.5 152 149.5 147.8 142.1 138 132.8 129.6 125 118 113.4 111.9 111.4 110.9 113.6 116.7 123.6 128 132.5 137.5 142.2 145.3 148.5 151.4 154.8 157.5 161.5 162.7 165.3 167.7 168.9
125.7 124.3 120.5 121.1 122.4 121.8 121.1 120.1 118.9 117.7 116.5 115.9 112.1 105.9 108.1 108.5 107.3 109.5 109.9 110.4 112.1 110.3 110.8 113.1 122.1 125.7 133.6 139.4 143.8 148.4 154.6 164.4 171.6 175.8 181.6 185.9 188.4 188.7 188.3 186.8 184.3 180.1 175.9 170 164.7 161.1 157.6 155.8 154.8 151.7 149.4 148.9 145.2 141.3 136 131.6 127.1 123.2 117.2 109.5 109.2 109.6 109.1 112.8 119.1 123.1 126.2 130.4 136.4 141 144.2 147.7 150.4 153.4 156.1 157.8 161.6 164.5 165.2 167.9 169
125.5 124.7 122.3 116.5 116.5 119.5 119.1 118.2 117.1 115.9 115 114.7 112 105.1 106.5 105.4 104.6 105.1 109.3 113.3 117 120 122.5 122.5 128.3 134 134.1 142.5 145.6 149.9 156.4 166 172.8 176.2 180.8 185 187.3 186.4 184.7 183.6 181.2 176.9 172.6 167.5 162.2 158.6 154.7 152 150.9 148.9 145.4 142.2 138.7 132.1 129.7 125.3 119.7 110 107 108.9 112.9 113.9 115.3 115.4 118 122.7 126.4 133.2 138.3 142.6 146.5 150 152.2 154.7 156.4 158.1 161.8 164.8 165.1 169 169.3
125.3 124.6 123.7 119.8 113.6 114.8 117 116.3 115.2 114.3 113.4 113.3 107.5 103.3 102.4 102.8 107.7 112.6 118.6 123.5 126.1 128.6 131.8 134.4 136.3 138.7 139.3 144.3 147.5 151.2 158.7 166.9 171.5 175.1 179.9 183.9 186 184.7 182.7 180.5 178 173.8 169.2 163.9 159.6 156.3 151.1 147.3 147.2 143 141 135.2 129.2 128.2 119.9 113.8 106.7 106 108.1 115.3 117.3 118.8 120 121.9 123.2 124.7 128.4 134.8 139.5 144.4 148.6 151.1 153.6 155.3 156.8 158.5 161.7 163.7 166.1 168.5 172.8
123.4 122.8 121.8 119.6 115.4 110.6 112.3 113.5 112.5 111.5 108.3 103 100.5 100.2 104.5 108.2 112.6 118.7 123.3 127.1 130.7 133.9 136.4 138.8 141 142.3 143.5 144.9 149.3 152.9 160.8 167.3 171.1 174 179.1 182.6 183.8 182.4 180.3 178.3 175 170.5 164.8 160.7 156.7 153.8 148.2 143.6 141.3 138.4 137.1 133.7 126.5 121.3 114.9 105.4 108.8 115 110.9 116.3 120.4 122.9 125 126.9 127.7 127.1 131.8 136.7 141.2 145.6 149.1 151.6 154.2 156.4 157.7 159 160.6 162.7 165.5 168 173.7
122.4 120.9 119.8 118.4 115.6 112.2 108.4 109.3 109.7 106.4 101.9 99.1 101.9 104.6 108.8 112.4 116.2 121.4 125.8 129.4 132.9 135.8 138.5 141 143.3 144.6 146.2 148 150.8 155.2 162.9 166.9 170 172.7 176.7 180.9 181.1 180.1 178 176.1 172 167.6 161.2 157.2 154 150.1 143.7 141.1 138.8 134.8 133.3 128.6 125.3 116.9 105.9 106 115.6 116.8 115.5 118 122.7 125.8 127.7 128.7 129.7 129.9 132.5 137.4 141.9 146.2 149.4 151.8 154.2 156.6 157.9 158.6 159.9 162.3 165.5 168.2 171.7
121.7 119.7 117 114.2 112.3 111.4 101.7 106.9 107.4 101.5 99.7 100 104.1 107.3 111.2 115.4 120.4 124.5 127.7 130.9 134.1 137.2 140.2 142.5 145.5 147.1 149.3 151.6 153.9 158.4 163.9 166.6 168.6 171.1 174.3 178.3 178.1 177.5 175.6 173 168.7 163.4 158.5 153.8 149.6 144.2 139.4 137.6 136 132.3 130.2 124.9 123.9 108.2 103.4 115.6 117.4 118.9 119.2 121.1 124.3 127.4 128.6 129.6 130.4 132.2 132.7 137.5 142.9 147.2 149.7 152.1 154.5 156.5 157.2 158 159.4 162 165.9 168.1 169.4
121.8 118.9 115.5 112.8 109.3 106.1 100.7 103.4 100.9 99.5 98.8 101.7 106.1 110.1 113.6 118.2 122 125.4 128.6 131.6 134.4 137.5 140.7 144.1 147.4 150.4 153 155.4 157.7 161.6 164.1 165.5 167 169.4 172 175.4 175.4 174.4 172.2 168.9 163.5 158.7 155.6 151.2 145.1 139 134.8 133.7 132.9 129.3 128 124.1 115.7 105.4 111.5 117.4 118.8 120.3 122 124.6 126.5 128.3 129.4 130.5 130.8 131.4 133.9 137.9 142.7 147.4 149.5 151.7 154.7 156 156.1 157.3 159.2 162.4 166.5 169.9 170.5
119 114.5 110.3 106.1 103.4 100.9 100.1 99.5 99.2 98.5 98.7 103 107.8 111.8 115.7 119.4 123 126.4 129.3 131.6 134 137.9 141.2 145.9 149.9 153.2 155.8 158.4 161 162.1 162.4 163.9 165.4 167.3 170.3 172.5 172.8 171.3 168.8 165.2 157.6 151.8 149 146.7 139.8 134.6 130.8 127.6 127.2 126 123.9 121.6 110.7 102.8 113.4 118.6 120.1 121.8 123.1 126 125.7 128.5 129.6 131 131.2 131.5 133 138.3 143.8 146.5 149.4 152.4 155.2 155.6 155 157.3 159.3 162.9 167 170 172
114.2 109.6 105.3 102 99.8 98.9 98.9 98.4 96.2 98.1 100.3 104.5 109.3 113.1 117 120.5 124.1 127 129.4 131.7 134.1 138.1 143 147.9 151.9 155.8 158.7 161.1 163 161.8 160.9 162.2 163.7 165.2 168.1 169.5 169.6 168.3 165.1 160.1 153.3 147.1 144.4 141.7 135.5 131.2 127.9 125.9 124.9 123.6 121.9 119 104.1 104.5 114.1 119.9 121.6 122.1 124.5 126.9 128.5 128.6 130.1 131.2 131.5 131.6 133.2 137.9 142.4 146.2 149.7 153 153.8 154 155.4 157.8 160.6 163.4 167.5 170.2 171.9
110.4 105.7 102.1 99.5 97.8 97.6 97.7 97.2 96.6 99.6 102.7 106.4 111 114.4 118.2 121.7 124.5 126.6 128.9 131.3 133.6 138.4 144.4 149.6 153.7 157.7 161 163.8 163.5 161.7 159.8 160.4 162 163.4 164.3 165.8 166 165 161.7 156.5 149.6 143.3 141.4 137.3 132.5 128.1 125.3 123.2 121.1 121.8 120.1 110.8 101.6 108.2 117.3 119.7 121.9 123.1 125.4 127.8 129.1 128.8 130.2 130.8 130.5 132.1 133.8 136.2 142.6 146.5 150.5 152.8 152.5 153.4 156.1 158.6 161.5 164.5 168 170.3 171.5
108.8 104.2 100.1 97.4 96.3 96.3 96.4 95.4 98.1 101.2 106 109.3 112.5 115.9 119.3 122.4 123.6 125.3 127.5 129.7 133.5 138.9 145.5 150.5 155 159.2 162.5 164.3 163.6 161.7 159.6 158.5 159.5 160.1 159.8 161.3 162.5 160.9 158.3 153.6 144.7 139.3 136.7 134.7 130.5 127.1 125.2 123.3 120.9 119 119.3 112.3 101 114.1 118.5 120.1 121.9 124.4 126.7 128.8 129.1 128.8 129.2 129.7 130.9 132.3 134.2 137.5 142.1 146.4 150.1 150.8 150.6 153.1 155.8 159.1 162.3 165.4 168.5 171.1 172.7
