Assets/StreamingAssets/GeoData/Data/ny/NY07.asc
ncols 200
nrows 200
xllcorner 300000
yllcorner 570000
cellsize 50
[rows 111 to 147 of 200, columns 83 to 165 of 200]
19.1 18.3 17.3 16.1 15.7 17.6 21.3 23.2 24 25.1 27.5 30.2 32.9 36.6 37.9 40.7 44.7 47.7 49.3 48.6 47.6 45.7 45.5 45.7 46 46.3 46.7 46.8 47.7 49.2 49.8 52.1 55.2 58.4 58.9 59.8 61.9 66.5 73 80.5 88.8 94 99 104.4 109.3 111 113.8 113.8 114.4 115.7 114 112.5 112.7 114.3 116.2 121.1 125.3 129.3 134.1 137.7 143.6 147.5 150.8 156.9 163.7 170.7 177.3 179.5 180.6 180.6 180.6 180.6 180 179.2 178.5 182.1 176 165.4 165.1 165.3 165.4 169 172
19.4 19 18.7 15.9 15.2 16.9 21.4 24.1 23.5 24.5 25.5 28 31.4 33.9 35.7 39.3 42.3 45.4 48.2 50.5 48.9 45.9 45 45.2 45.8 46.3 46.7 47 47.4 48.1 49.8 52.2 54.9 57 56.7 57.1 59.9 65 70.8 77.3 85.4 92.6 96.8 100.4 105.2 108.8 112.2 111.8 111.4 112.8 112.4 110.9 111.4 113.4 115.5 118.7 122.9 127.2 131.8 136.1 139.9 143.2 147 152 159.2 166.3 172.1 175.8 177.4 177.4 177.4 177.2 176.9 176.5 175.8 176.4 174.4 165.7 163.8 163.8 163.8 166.2 169.8
18.2 18.4 19 16.6 15.2 15.6 19.6 22.4 23.8 24.1 24.1 26.1 30.4 33 34.4 37.6 40.1 44.3 47.4 49.8 50.6 47.4 44.9 45.1 45.7 46.2 46.7 47.1 47.4 47.8 49.5 51.7 53.1 54.1 55.8 56.7 59.1 62.4 66.2 71.5 79 89 93.3 95.3 100 105.7 109.9 110 108.9 109.1 110.6 109.5 111 112.5 114.5 117.4 121.5 125.8 130.3 136.2 135.6 139.8 140.9 147.1 153 162 167.7 172.4 174 174.2 174.2 173.9 173.6 173.8 173.1 172.9 172.3 165.1 163 162.3 162.4 164.4 167.7
18.2 18.1 17.3 16.7 16.1 14.4 17 20.9 22.7 23.9 23.1 24.3 28.4 32.2 33.2 35.1 37.9 41.2 45.7 48.9 50.4 49.3 46.1 44.6 45.1 45.7 46.8 47.4 47.5 47.7 48.7 49.8 51 52.6 55.5 56.9 57.1 60.7 62.8 66.6 73.6 83 88.4 93 95.9 100.8 104.8 107 106.7 106.6 108.4 107.7 110.5 112.6 114.1 116.3 120.4 124.5 129.6 136.1 136.3 136.2 139.8 140.8 145.1 156.7 162.9 168.5 170.9 170.9 170.9 170.9 171.8 171.3 170.4 170 169.5 164.4 162.8 161.5 161.2 162.6 165.7
18.7 18.7 18.2 17.6 16.2 15.9 15.7 20.4 22.3 22.8 22.4 23.6 26.6 30.8 32 33.8 36.1 39.1 43 46.8 49.6 50.6 47.7 46.1 44.6 45.5 46.6 47.3 48 48 48.4 49.7 51.9 53.5 54.6 57.1 56.3 58.2 60.4 65.2 70.3 77.2 83.7 89.1 93.1 96.2 98.8 102.7 105 105 105.3 105.5 109.3 112.1 113.3 115.6 119.1 123.1 128.5 134.3 136 134.5 136.8 139 139 148.4 157 164.6 168.3 169.2 168.6 168.3 168.7 168.3 167.8 167.3 167.5 164 161.2 160.3 160.2 161.6 164.1
18.6 18.7 18.5 18 17.3 16.1 14.1 17.2 20.9 21.3 22 22.8 24.9 28.8 31.7 32.8 34.8 36.7 40 44.3 48.5 51.5 49.4 46.6 44.4 44.7 46.6 47.7 49 49.1 48.8 49.3 51.6 53 53.1 56.2 55.6 55.6 59.6 63.7 68.7 74.4 78.7 84.7 89.2 92.4 94.6 98.9 103.1 102.7 102.3 104.3 107.3 110.7 113.6 115.7 118.8 122.9 127.5 132.8 134.6 134.4 132.8 133.5 136.8 146.8 154.9 159.9 165.3 165.9 165.8 165.7 165.5 165.7 165.8 165 164.8 162.8 161.5 159.8 159.6 160.7 161.9
18.2 18.5 18.1 17.8 17.7 16.3 14.6 15.5 18.1 20.8 22.3 22.8 24.8 27.2 29.5 32.3 33.9 35.5 37.1 42.2 48.9 49.9 48 44.1 44.6 45.7 46.7 47.6 49 50.2 49.9 49.7 49.6 50.8 51.5 52.9 54.4 54.6 57.8 61.2 65 68.2 73.8 80 84.3 87.7 90.6 94 97.7 98.3 101.1 103.1 106 110.1 113.1 115.3 118.5 122.4 126.7 131.6 133.1 133.2 133.2 128.5 134.8 145.3 151.9 156.8 162 162.8 163.2 163.2 163.2 163.4 163.8 164 163 162.6 161.8 159.8 159.1 158.9 160.5
17.4 18.3 18 17.8 17.5 16.6 15.2 13.9 16.9 21 22.3 22.6 24.6 26 28.1 30.5 32 32.6 34.2 38.5 41.4 40.3 45.6 50.5 48.1 46.5 46.1 46.8 47.8 49.6 50.9 50.7 49.5 51.7 51.3 51.4 52.5 53.6 56.3 58.3 60.9 65.4 70.5 75.2 80.3 84.4 87.7 89.9 93.8 97.7 101 101.9 105.4 109.9 111.9 113.7 117.2 121.1 125.4 129.8 131.9 131.7 130.8 127.7 131.5 139.7 148 154 158.1 160.6 161.1 161.9 161.5 161.5 162.3 162.7 162.3 161.9 161.4 160.4 159.1 159.1 159.8
16.2 17.9 18.4 18.3 17.9 16.3 15.2 14.1 16.5 19.4 21.5 22.1 23.6 24.9 26.4 28 29.3 29.1 32.6 35.8 39 47.3 50.1 52.5 50.6 48.9 47.5 47.1 47.3 49.6 52.3 52.1 50.6 51.2 50.9 51 52.2 52.8 53.7 55.4 58.2 62.6 66.3 70.7 75.5 80.3 84.8 84.9 89.4 94 98.9 101.7 105.1 108.4 109.2 112.4 115.5 119.3 123.4 127.3 130.3 129 128.3 127.4 124.8 132.7 141.4 149.1 153.9 156.8 159.7 160 159.6 159.6 160.8 161.2 162 162 161.3 161.9 159.8 158.8 158.9
15.6 16.6 17.6 18 17.8 17.8 16.2 14.6 15.3 17.6 19.4 21 22.4 23.6 24.7 24.7 24.1 29.4 33.7 36.9 42.2 46.1 50 51.4 51.5 50.5 49.1 47.7 47.8 50 53 52.5 51.7 52.4 50.7 50.6 51.8 51.6 53.2 55.9 58.1 60.4 63.2 66.9 71.4 76.1 79.6 83.9 88 93.1 97.4 100.7 103.9 106.4 108.1 110.4 113.3 116.8 120.5 124.6 129 127.7 125.7 125.5 123.2 127.4 134.6 141 148.6 151.6 155.7 157.7 157.6 157.2 158.6 160.3 161.5 161.5 161.6 162.6 161.2 159 158.9
15.1 16.1 16.8 16.8 16.9 16.9 17.7 15.7 13.7 15.6 17.5 19.4 21.3 22.3 21.2 24 26.7 28.7 32.1 35.6 40.6 44 47.3 50.1 51.5 51.9 51.1 49.2 48.6 49.5 52.2 53.6 54 54.3 53.8 51.4 50.6 50.9 53.9 54.2 56.2 59.1 61.3 64.8 68.8 71.2 76.3 81.9 85.4 90.5 96.2 99.8 103 105.5 107.4 109.4 112 115 118.5 122 125.4 125.1 123.4 122.4 121.8 123.3 128.2 134.8 141.9 148.3 151.6 154.8 155.8 155 156.6 158.6 160 161.3 161.8 162.9 161.8 159.5 159
14.9 15.8 16.1 16.3 16.5 16.9 17.2 16.2 14 15 16.6 18.1 19.4 20.8 21.3 23.6 25.8 28.5 30.7 34.3 38.3 42.7 44.8 48.2 51.1 53.6 52.7 51.5 50 50.8 51.3 52.9 53.9 55.2 55.5 53.5 50.2 50.5 54.3 55.2 54.3 57 59.5 62.4 64.6 66.7 71.7 78.3 83.3 88.8 94.1 98.3 101.2 103.8 106.2 108.1 111.1 113.6 116.7 119.6 122.5 122.5 121.9 120.3 118.6 120.4 124 128.2 136.6 145.1 148.7 152.1 153 152.4 153.4 155.4 158.4 160.9 162.3 163.4 163.6 160.9 159.3
14.7 15.6 16.2 16.4 16.7 17.1 17.4 17.2 15.1 14.2 15.1 16.6 18.2 19.8 21.9 23.5 25.9 28.5 29.3 32.4 35.7 40.9 43.1 45.9 50 52.2 53.2 52.9 52.7 51.3 50.5 51.2 55 56 56.4 54.9 51.3 50.3 51 51.5 52.5 55.4 57.4 59 61.4 65.9 68.9 75.1 81.9 86.4 91.4 96.1 99.9 102.2 104.5 107.7 111 113.7 115.7 118.1 120.3 121.4 120.4 119 115.9 117 119.4 122.5 127.7 136.8 142.8 148 149.7 148.4 149.3 154.5 159.7 161.2 162.6 163.4 164.8 163.4 161.2
14.6 15.4 16.2 16.5 16.8 16.9 17.3 17.5 16.9 15.1 15.6 16 17.5 19.4 21.3 23.7 25 26.6 28.5 30.6 34 38.1 41.5 44.6 48.7 51.1 53.5 56.7 54.8 52.5 51 50.8 54.7 56 56.5 56 53.7 50.1 49.7 50.3 51.3 54.1 55.7 57.4 59.8 63.5 66.4 72.2 77.9 82.5 88.1 92.9 96.9 101.6 104.8 108 110.5 113.4 115.3 117 118.2 119.6 118.4 115.8 113.8 113.5 115.7 119.4 124.2 129.7 135.6 141.8 142.1 148.2 151.1 155.3 158.9 161 161.8 162.1 164.4 166 163.5
14.4 15.3 16.1 16.2 16.4 16.6 16.8 17.1 16.8 14.7 15.6 16.1 16.7 17.5 19.3 21.8 24.6 25.9 27.2 29.1 32.5 37.2 40.2 43.5 47.3 49.5 53.2 55 54.1 54.4 51.9 51.1 53.4 55.6 56.4 56.8 55.6 52.1 49 49.9 50.9 52.5 54.3 56 57.7 61.5 64.6 69.8 75.5 80.4 85.2 91.5 95.7 100.4 104.9 106.9 109.8 112.6 114.9 116.3 117.2 116.3 115.8 113.2 111.9 110.8 112.4 115.3 121.1 126.1 129.6 131.1 142.8 148.2 150.9 153.4 157.8 159.4 161.1 162.4 163.4 165.1 163.6
14.9 15.5 16.2 16.5 16.4 16.7 17.1 17.2 16 13.7 14.6 15.3 15.9 16.8 17.7 20.4 24.5 25.8 25.9 27.7 31.1 35.3 38.2 41.7 45.6 48 50.9 52 53 52.9 52.8 53.4 53.5 54.5 55.6 56.4 55.7 53.6 50.6 49.1 50.5 50.8 52.4 54 55.7 59.6 62.9 65.8 71.1 77.7 83.4 89.1 93.9 98.9 102.5 105.7 108.7 111.9 115.8 115.7 116.3 116.4 113.9 111.3 110.2 109.2 109.7 112.2 117 119.5 125.2 134.8 141.1 145.9 149.5 151.6 154.7 158.4 160.3 160.7 162.2 162.5 162.5
14.9 15.4 15.9 16.1 15.9 16.6 17.1 17 15.6 12.9 13.5 14 15.3 16.2 17.1 18.4 21.8 23.7 25.3 27.8 29.7 33 37.5 41 44.2 46.4 48.9 50.6 51.9 53.9 54.5 54.9 54.2 54.5 55.3 55.2 54.5 54.5 51.7 50.1 49.1 49.5 50.7 52.2 53.3 55.9 59.2 63.4 67.6 73.7 80.6 86.1 91.1 95.6 99.6 103.7 107 109.7 114.2 116.5 115.3 114.7 112.6 110.3 108.3 110.4 107.4 111.8 116.1 119.9 123.6 133.3 138.4 143 146.3 150.2 152.2 155.9 159.1 159 160 160.2 159.5
14.4 15 15.8 15.5 15.6 16.2 17 15.9 14.3 13.3 13.2 13.8 14.7 15.8 16.9 17.5 19.4 22.7 25.3 26.6 28.3 32 37.5 39.6 43 45.7 48.2 49.3 50 52 55.1 55.1 54.6 53.8 52.7 53.4 53.9 53.8 52 49.4 47.7 48.1 48.8 50.1 51.7 55 57 61.4 66 71 76.9 82.9 87.8 92.3 96.8 100.6 104.5 108 112.1 114.9 114.6 111.7 110.6 108.8 106.9 105.4 105.6 110.5 113.2 117 123.8 130.7 135.5 140.1 143.6 147.7 149.8 152.5 156.2 156.8 157.2 157.3 158
13.6 13.8 14.8 14.6 15.1 15.3 15.7 15.7 14.2 12.6 13.1 14 14.5 15.6 16.4 16.8 17.9 21.5 24.4 26.1 27.4 30.5 36.2 38.5 42.4 45.3 45.7 47.4 48.4 50.4 52.5 52.7 53.5 52.8 51.8 52.3 52.7 52.8 51.6 49.8 47.2 46.5 46.6 47.6 50.8 53.5 54.7 58.2 62.1 66.9 72.7 79.6 84.6 89.2 93.9 97.8 101.8 105.9 108.7 110.8 112.5 111.4 109.1 106.9 105 103.5 103.2 106.3 110.8 113.6 121.9 127.7 132.2 136.5 140.5 144.5 147.7 150.4 152.8 153.5 154.4 155 155.1
12.9 12.8 12.7 13.6 13.8 14.1 14.9 15.4 13.5 12.8 12.7 13.4 14.3 15.2 15.9 16.5 16.6 19.7 22.5 25.8 27.1 29.4 33.5 35.9 37.3 42 43.3 45.4 46.4 48 48.7 49.3 51.4 51.6 52.1 50.7 50.4 51.8 51 49.7 47.7 45.4 45 45.5 50.5 51.5 52.4 55.7 59.5 64.1 70 76.1 81 86.3 90.9 94.9 99.1 102.9 106.8 108.9 110.5 110.7 108.1 105.4 103.1 101.9 101.2 104.6 107.6 109.7 117.4 124.2 128.4 132.8 138.3 141.9 146 148.1 149.8 151.3 152.8 152.7 152.5
12.2 12.4 12.6 12.8 13 13.4 14.2 14.7 12.6 12 11.9 12.9 13.8 14.4 14.7 15.2 15.7 17.5 19.8 23.8 25.3 27.6 32.5 33.3 36.7 38.8 40.8 43.2 44.2 45.2 46 47.1 49.8 51.8 51.1 50.7 49.3 50 50.2 48.7 47.1 44.6 44 44.5 48.4 48.7 50.2 53.5 57.3 60.3 66 72.2 77.7 83.6 87.9 92.1 96.2 100.3 104.1 107.3 108.5 108.5 106.8 103.6 101.8 100.4 99.2 99.9 102 104.5 112.8 120.1 124.4 129.2 134.6 139.9 144.5 147.2 148.8 149.7 150.4 150.7 150.5
12.8 12.8 12.5 12.4 12.7 12.9 13.6 14 13.5 12 11.5 12.4 13.2 13.7 14.1 14.7 15.2 16.1 18 20.8 23.8 26.9 30.2 32.3 34.3 36.4 38.7 42 44.8 44.6 44.3 45.8 47.8 51.7 50.3 49.8 48.7 47.7 47.6 47.7 46.6 43.9 43.3 42.7 44.2 45 47.6 51.9 54.7 57.4 62.9 68.9 74.6 80.9 85.2 89.6 93.7 97.7 101.6 104.5 106.6 106.4 105.4 102.3 100.1 98.7 97.4 98.2 99.6 103.5 107.8 115.4 120.4 125.6 130.6 136.7 141.9 145.3 147.1 147.4 148 148.4 147.2
12.5 12.5 12.3 12.3 12.6 12.8 12.9 15 13.2 12.8 11.8 11.9 12.6 13 13.5 14.1 14.7 15.6 16.7 18.3 21.4 25 27.3 30.6 32.8 36 37.9 41.9 42.9 42.3 43.3 43.5 44 46.9 47.9 48 47.8 46.1 45.6 46.5 45.6 43.3 42.2 41.8 41.8 44.1 45.9 49.4 52.3 54 58.7 64.9 71.5 77.6 82.6 87.4 91.2 95.2 99.1 101.7 104.4 104.6 103.9 101.4 98.6 97 95.8 96.7 97.8 99.3 104 110.2 115.7 121 127.2 133.6 139.1 142.6 144.2 145.2 144.5 144.8 144.8
12.4 12.5 12.5 12.4 12.6 12.8 12.7 12.7 15.7 13.2 12.1 11.5 12 12.4 12.8 13.5 14.1 15.2 16.2 17.3 20 23.7 25 29.4 32.1 33.6 36.4 38.5 38.8 39.5 41.9 42.1 42.9 43.7 44.3 46.1 46.3 44.5 43.8 45.3 44.2 42.7 41.1 41.1 41.3 42.4 44.7 47.1 49.7 51.4 55 62 68.7 74.2 79.6 84.3 89.1 92.9 96.4 99.3 102.1 102.5 101.8 99.8 97.2 95.2 94.2 94.5 95.5 97.3 101.1 104.4 111.4 116.4 123.8 129.8 135.8 139.2 142.5 141.5 140.2 140.9 140.9
12.1 12.3 12.3 12.5 12.5 12.7 12.7 13.1 13.1 14.4 12.5 11.5 11.6 11.9 12.2 13.1 13.8 14.6 15.6 16.8 18.5 21.5 24.8 27 30.5 31.9 34 34.8 35.5 36.1 38.2 39.3 40.8 41.9 42 43.7 44.8 43.5 42.4 42.3 42.6 41.6 40.5 40.3 41.4 42.4 45.3 48.2 49.4 50.3 53.6 60.5 66.6 71.3 76.4 81.2 85 88.3 93.2 96.7 99.5 100.6 99.9 98.5 95.9 94.1 93.1 92.9 93.3 95.6 99.2 99.9 107.1 113.1 118.7 125.2 131.2 139.6 139.4 139.7 138.5 137.2 136.6
12.4 12.2 12.1 12.2 12.5 12.6 12.8 12.8 12.6 12.3 11.7 12.5 11.7 12.1 12.5 12.9 13.5 14.1 15.1 16.1 18.1 20.8 24 25.6 29.4 30.5 31.9 33 33.7 34.2 35.9 37.7 39.5 40.1 39.5 40.9 42.1 40.6 42.1 40.1 39.8 40.1 38.7 39.6 42 43.9 46 49.2 49.9 50.5 53.3 59 63.5 70.1 74.5 77.3 77.3 80.6 89.8 94.4 97.3 98 98.5 97.2 95.3 93.4 92.2 91.9 91.7 93.5 100.2 97 102.9 109.3 114.6 120.7 127.4 133 135.3 136.6 135.6 133.6 133.5
12.5 12.4 12.3 12.3 12.7 11.6 11.8 12 11.9 11.5 10.8 11.7 13.4 11.4 12.2 12.6 13.2 13.8 14.6 16 17.5 20.1 23.5 24.9 26.9 29.6 30.8 31.5 32 33.5 36.2 38.6 41.8 39 39.2 38.1 38.2 39.3 40.6 39.5 39.1 39.1 37.8 39.6 42.4 45.2 46.5 47.7 49.1 50.9 52.9 57.2 62.4 69.5 73.3 77.3 77.3 83.1 88.5 93 96.4 96.5 96.7 95.8 94.1 92.2 90.7 90.7 91.6 94.4 96.3 95.6 97.6 103.9 110.5 116.5 122.4 126.8 131.2 133 132.6 130.5 129.6
12.7 12.5 12.4 12.4 11.9 11.2 11.4 11.3 11 10.3 12 11.5 11.5 17.4 12.3 12.7 13.4 14 14.5 15.7 17.2 18.7 22.3 23.4 25.7 27.9 28.3 30.1 31 32.3 35 37.1 42 43.3 38.2 37.3 37.4 38.6 38.4 38.8 38.4 37.2 36.5 39.8 43.1 46 48 49.4 49.5 51.3 52.9 55.8 61.4 68.5 73.3 77.3 77.3 81.7 88.5 92.3 95.4 95.5 95.2 94.2 92.9 91.1 89 88.8 91.6 92.8 97.9 96.1 96.6 100.5 106.2 112.2 118.5 122 126.3 129.7 130 128 125.5
12.8 12.7 12.5 12 11.1 11 10.8 10.4 10.1 10.5 10.9 11.3 11.9 12.3 18.1 13 13.6 14.2 14.4 15.6 17.3 18.7 21.5 21.8 23.3 26.5 26.9 28.4 29.6 30.8 33.1 37.2 36.6 37 38.5 36.7 37.1 37.2 37.1 37.5 37.1 35.8 36.8 40.4 43.9 47.3 49.9 50.7 50.7 52.2 53.6 54.9 60 65.7 71.3 77.3 77.3 82.7 86.8 90.9 94.4 94.9 94.3 92.2 91 89.8 87.8 92 91.9 94.1 93.4 94.9 96.8 99.1 103.4 108.7 114.9 118.1 121.5 125.7 127.6 126.1 123.2
13 12.7 12.5 11.9 11 10.7 10.2 9.9 11 11.2 11.7 12 12.3 12.5 12.7 15.9 13.8 14.4 14.3 16.1 18.2 20.2 21.5 22.3 23.1 24.1 25.7 26.9 28.5 29.6 31.7 34.2 34 35.3 38.5 37.2 35.8 35.4 35.1 35.5 36.1 35.1 37.5 40.3 44 47.9 50.7 52.2 52.3 53 54.3 55.6 57.3 64 69.7 71.8 75.1 79.8 83.7 87.7 92.1 92.7 91.2 90.1 88.3 88.5 86 90.6 92.7 90.9 91.9 91.1 94.3 97.8 101.2 105.9 111.4 115.3 117.9 121.5 125.2 123.3 118.1
13.2 12.8 12 11.2 11 10.1 9.8 11.8 12 12 12 12 12.2 12.4 12.6 12.9 13.3 13.7 14.2 15.8 17.9 19.8 21.2 22.6 22.3 23 23.5 25.1 27.1 28.9 30.5 29.5 32 34.8 36.8 36.9 36.2 35 34.1 34.4 34.1 35.5 38.3 40.5 45.1 48.1 50.8 53 53.2 53.7 55.6 56.6 57.6 63.2 67.8 68.8 71.5 76.9 81.6 84.5 88.5 89.5 87.7 86.7 87.7 90.5 90.7 87.1 83.8 85.2 89.2 93.8 93.7 95.7 98.6 103.1 107.8 112.5 114.9 117.1 118.7 114.9 117
13.2 11.9 11.1 11.1 10.8 10.5 10.6 11.7 12 12.2 12.2 12.2 12.2 12.4 12.5 12.9 13.2 14.3 17 15.1 17.1 19.2 20.5 22.5 22.2 22 22.5 23.3 25.2 27.8 28.3 28.4 30.8 33.8 35.5 37.5 37.4 36 34.5 33.3 32.2 34.4 37.6 40.7 44.7 46.8 49.8 54.3 54.2 53.9 55.6 57.2 58 60.6 67.1 66.9 69 74.3 79.5 82.1 83.8 83.8 88.6 87.4 92.3 94.3 93.5 94.4 86.2 83 92.7 93.8 95.4 95.4 97.8 100.5 104.3 109 111.7 111.6 110.4 113.7 117.6
13 11.2 11 10.4 9.8 10.4 11.8 11.5 11.8 12.1 12.4 12.4 12.4 12.4 12.6 12.8 13.1 14 14.8 20 16.8 18 20.2 21.5 22.5 22.8 22 22.6 24.2 24.8 24.8 27.8 32.5 33 35.9 37.1 36.7 35.8 34.6 33.9 32.6 36.1 38.3 40.6 45.4 47.5 48.3 54.8 56.5 55.6 54.2 55.6 57.2 58.3 64.2 64.5 67.2 71.8 76.4 77.8 75.8 79.4 89.1 91.5 89.8 93.1 96.1 92.5 78.7 88.6 94.5 95.5 95.4 96.6 97.4 98.6 100.9 105.3 107.4 105.5 109.7 112.9 113.9
13.4 12.7 11.1 10 9.3 9.7 11.2 11.4 11.6 11.8 12.1 12.2 12.3 12.3 12.5 12.7 13 14 14.4 14.7 20.5 17.7 18.6 18.3 20.2 21.9 20.5 20.7 21.5 23.6 26.1 27.7 29.1 30.5 34.1 35 35.7 35.1 29.1 34.6 35.1 37 39.1 40.7 44.6 46.7 48.9 54.4 56.7 57.8 57.2 55.7 55.8 57.1 58.2 62.5 65.7 69.6 74 72.5 72.1 85.1 90.4 91.1 89 92.3 95 84.9 79 91.9 94.2 97 96.8 97.4 98.5 99.8 100.9 102.1 102.9 104.7 108.3 109.8 109.7
12.6 12.4 11.5 10.2 9.1 10.2 11.1 11.2 11.3 11.6 11.8 11.9 12 12.1 12.3 12.6 12.9 13.6 13.8 14.1 16.2 18.9 18.4 18 18.7 18.3 20 19.7 20.5 22.3 24.9 25.4 26.2 30.3 33.8 33.9 34.1 29.3 36.9 35.6 36 35.4 37.1 38.2 41.4 45 49.4 54.9 56.6 57.9 58 56 55.8 55.5 56.3 60 63.6 68.2 69.4 66.5 73 86.3 89.7 88.6 88.6 89.2 81.4 74.7 93.5 95 96.4 98.3 98.5 98.3 99.7 100.2 100.6 101.9 104 103.7 103.4 104.2 104
11.7 11.4 11 9.3 9.5 10.3 11 11.1 11.2 11.3 11.5 11.6 11.8 12 12.2 12.5 12.8 13.3 13.8 14.2 14.2 14.2 15.2 16.7 17.4 17.7 17.9 18.5 20.6 21.6 26.9 25.6 27 28.7 31.7 33 30.6 33.6 36 30.4 32.1 32.9 35.3 38 42.3 44.3 48.4 54.3 57.1 51.4 49.9 52.7 54.9 56.2 55.1 56.8 60.4 65.5 62.6 62.7 63.5 70 76.5 72.9 79.2 72.6 70.3 84 93.6 96.1 97.7 99.3 99 98.3 99.2 100 100.5 102.8 105.8 109.6 104.7 104.1 105.1
10.7 8.4 9.7 10.6 10.6 10.6 10.9 11 11.1 11.2 11.3 11.5 11.7 12 12.2 12.4 12.7 13.1 13.7 14.2 14.8 17.7 17.8 15.7 18.9 18.9 19 18.2 19 21.7 26.2 25.6 26 25.9 29.2 28.7 25.2 28.5 34.6 34.2 34.2 35.3 36.8 38.8 43.1 45.5 46.1 50.4 50 48.5 55.7 56.5 57.7 58.2 57 57.3 58.1 59.4 60.6 60.7 64.5 65.7 65.8 67.3 68.5 68.7 76.6 76.3 90.5 96.9 98.2 98.9 97.4 96.7 98.9 100 101.4 103.2 106.2 109 109.5 105.2 105.3
