Assets/StreamingAssets/GeoData/Data/ny/NY09.asc
ncols 200
nrows 200
xllcorner 300000
yllcorner 590000
cellsize 50
[rows 105 to 139 of 200, columns 0 to 77 of 200]
298.1 301.7 309.1 315.3 318.8 324.3 328.1 330.9 336.6 342.6 345.4 347.4 352 357 360.8 365.2 370.5 374 378.9 381.9 384.3 385.3 383.5 380.8 377.7 375.6 373.9 372 369.6 367.2 364.3 359.4 355.8 351.4 346.3 342.3 338 334.7 331.6 329.8 330 332.1 330.2 330.2 329 328.5 329.4 329.2 326.7 324.4 329.2 334 338.3 342.7 346.6 350.8 354.9 362.6 371 379.4 382 378.1 373.2 365.6 352.9 344.4 335.9 327.4 321.4 319.1 319.1 318.3 316.5 315.5 314.4 315 312.2 308.9
295.4 298.4 308.1 313.3 316.7 323.8 328.5 331.1 336.9 342.4 345.8 347.9 354.4 358.8 361.8 363.8 367.3 370.9 376.1 378.4 380.6 381.1 380.1 378.2 376.5 375.1 373.4 370.3 368.5 365.7 364.1 359.5 356.1 351.9 345.9 343.2 339.1 334.3 333.3 332.3 330 329.5 329.1 328 327.8 327.9 327.9 329.1 325.8 323.7 330 333.7 337.1 340.8 345.2 348.8 354.4 362.5 371.6 379.6 380 377.7 373.4 367 353 343.6 334.9 326.8 321.7 321.9 321.1 320.8 319.7 319.4 320.1 321.1 317.8 312.7
295.5 299.5 306 311.2 316.4 323.2 327.2 330.2 336.5 342.5 349.3 352.5 355.8 360.6 363 362.8 363.2 366.7 371.6 375.3 376.2 377.2 377 376.2 375.3 375 373.8 371 366.7 365.7 362.7 359.7 356.5 352.8 348.7 343.4 340.1 335.3 333.8 333.1 331.6 328.2 330 327.9 326.7 326.5 327.1 327.6 325.8 324.2 329.9 332.9 336.6 340 343.9 348.7 354.6 363.1 371.9 377.8 378.2 376.7 372.7 366.1 353.8 343.1 334.5 327.5 323.2 322.5 322.2 322.6 323.6 324.5 325.4 325.3 321.3 315.2
294.4 298.8 304.6 310.3 315.5 319.9 327 332.5 338.1 344.4 352.1 356.4 359.2 362.4 362.7 362 362.2 363 368.1 372 373.1 374.7 375 374.7 375.5 375.2 373.9 371.6 366.6 363.2 361.7 359.5 355.8 351.4 348.2 344.2 340.6 335.5 333.4 333 330.8 331.6 327.5 323.6 326.4 325.8 326 326.1 324.5 323.2 328.8 331.4 335.1 338.9 343.2 347.9 354.4 364 372.2 375.8 375.6 374.4 371.2 365.4 354.2 343.2 334.2 327.3 324.6 323.4 323.2 323.9 326.5 329.1 329.7 328.5 324.2 316.4
293.1 298.9 303.5 310.2 315 319.5 325.9 333.2 341.8 344.8 355.4 359.9 362.1 364.7 364.3 362.8 360.2 361 364.5 368.9 370.6 371.7 372.9 373.6 374.8 375.2 373.4 370.8 367.5 362.3 361.1 358.5 356.8 354.3 350.1 345.3 341 334.9 331.4 332.2 331.5 329.1 327.2 324.3 326 325.6 325 324.9 322.6 322.1 326 329.8 333.9 338 342.6 348.4 354.7 363.6 371.8 372.9 372.9 371.7 369.2 363.6 356.3 345.6 335 326.1 322.3 322.8 322.8 323.7 328.5 332.1 332.8 330.9 326 316.4
293.1 299.8 306.5 311.6 315.3 319.6 327 335.2 344 353.2 358.4 362.1 363.8 365.6 365.3 363.7 360.4 360 361.7 365.6 368 369.6 370.2 372.5 374.8 373.8 373.4 370 365.6 360.5 359.6 358.7 356.7 355.4 350.9 345.9 341.3 335.2 330.2 329.1 329.4 329.7 323.1 325.9 327.3 325.8 323 324.4 320.7 321.7 325.4 329.1 333.6 338 342.8 347.8 355 362.7 370.4 370.7 370.7 369.9 366.8 361.5 355.7 348.3 334.5 324.8 321.8 320.3 320.1 322.7 329 333.4 333.6 331.2 327 316.4
295.6 301.7 308.3 313.7 317.7 321.1 328.2 337.4 346.6 354.9 360.4 362.9 364.6 365.6 365.6 363.4 359.7 357.8 358.9 362.9 365.3 365.9 368 369.9 372.5 372.3 369.6 367.4 362.8 359.1 357.5 356.8 356 353.8 349.9 345.6 340.7 335.3 329.7 324 323.5 323.3 321.5 322 321.4 324.1 323 320.4 320 319.6 323.4 328 333 337.8 343.2 348.1 353 361.5 368 368.2 368.1 367.1 364.2 360.9 355.8 349.6 335.4 323.8 320.9 318.3 317.5 321.9 328.6 331.3 331.9 329.9 326 315.6
301.9 306.1 311.7 316.6 319.9 323.8 330.4 337.8 347.5 356.2 361.3 364.3 364.7 365.6 364.7 362.5 357.8 356.2 356.9 358.7 361.3 363.9 366.5 368.7 370.8 369.1 366.4 363.4 360.4 356.5 356.2 355.4 353.7 352 348.6 345.1 339.9 334.4 328.8 324.1 321.2 318.1 319.4 320 320.7 321 319.9 319.6 318.6 319.7 323.4 327.6 333 338.2 344.1 347.6 352.3 359.5 365.1 365.5 365.1 364.6 362.3 359.2 355.8 349.3 336.5 324.3 319.9 315.9 315 319.9 325.2 328.4 329.2 327.8 323.9 315.1
307.4 310.8 315.2 318.5 321.6 326.1 333 340.3 347.7 356.8 364.2 365.2 365.1 364.8 363.5 359.6 356.9 354.6 354.3 355.5 358.3 361.1 364.4 366.4 367.6 366.1 363.9 361 358.5 355 352.7 352.3 351.2 349.4 346.8 343.3 338.3 334 327.9 323.9 320.9 316.9 317.1 316.5 316.2 320.5 317 315.9 317.4 322.3 322.5 327.2 333.4 339.5 344.8 348.4 351.1 356.7 362.1 363 362.5 362.1 359.8 358.4 355.1 349 338.7 326.2 320.4 315.3 313 316.3 320.4 322.7 325.4 325.4 321.4 314.1
312 315.6 318.9 321.7 324.1 329 334.7 342 349.5 357.6 364.3 366.1 365.2 364.1 361 359.1 354.6 353.8 351.1 352.3 355.5 358.8 361.6 364.2 365.1 363.7 362 357.9 355.4 351.5 350.2 348.5 348.7 348.3 343.9 340 335.8 332.6 327 322.9 320.9 317.3 315.7 315.6 314.7 321.3 315.2 317.5 322 323.2 324.5 328.8 335 341.5 345.7 347.9 350.8 355.1 359.7 360.1 360 359.6 358.1 356.9 354.2 348 340.7 328.3 321.2 314.9 311.1 312.2 315.2 318.7 320.9 322 318.8 311.8
315.4 319.1 322.2 323.9 327.5 331.4 336.8 343.9 351.4 358.4 364.5 366.7 365.8 363.1 360 355.6 354 350.4 347.5 348.7 351.4 356.1 359.3 361.5 362.4 360.7 358.3 354.8 352 349.1 346.8 346.4 346.2 345.1 342.5 338.6 333.7 330.4 325.8 322.4 320.9 317.5 314.9 314 313.5 318.9 314.3 317.1 319.1 320.5 323.6 329.1 337.1 344.5 348.8 350.8 351.9 355.7 358.4 359.8 360.3 359 356.6 354.9 352.1 348.1 340.9 331 323.8 315.8 311.3 310 311.4 313.8 316.2 316.6 314.7 309.1
317.8 320.3 322.2 326 329.7 333.6 339.2 346.2 352.4 358.2 364 366.6 364.8 362.1 359.4 354.7 351.2 348.8 346.6 343.3 346.8 350 355.2 358.1 358.4 357.8 354.1 351.5 348.9 346 343.7 341.9 341.8 341.1 339.2 335.2 331.7 326.9 323.6 321.1 319.6 318 316.3 314.2 313.3 314.8 313.5 314.9 317.9 319.6 327.2 339.1 344.9 349.3 352.5 353.8 354.2 355.5 357.5 359.4 359.6 358.4 355.2 352.8 350.7 347.4 341.5 333.1 326.9 318.6 312.4 306.2 307.9 310.2 312.2 313.9 311.6 307.4
317.9 320.6 323.3 326.7 331.5 335.8 341 346.9 352.5 358.3 362.5 365.4 364.9 361.7 358.1 353.7 350.3 346.3 344.3 341.4 341.5 344.8 354.2 353.9 354.4 354.8 352.4 350.1 346.5 343.1 340.7 338.9 337.7 336.9 334.7 330.6 327.7 325 322.6 319.4 317.9 317.3 316.3 314.3 314.7 314.5 313 315.4 316.8 322.2 339.1 349.8 356.1 359.3 359.6 360.6 359.5 358.1 359.2 358.9 358.8 357.2 352.8 350 348.3 345.9 341.8 335.4 329.1 321.7 313.2 307.4 304.5 306.1 308.3 310.6 308.8 304.8
317.5 320.3 323.3 326.7 332.5 336.8 341.7 347.2 352.7 357.6 360.9 363.6 364.9 362.9 358.4 353.9 349.5 344.3 343.3 339.9 336.5 340 345.4 350.2 352.1 352.3 350.7 348.4 345.2 341.4 337.7 336.2 335.1 334 331.4 327.9 324.8 322.3 319.7 317.7 316.9 317.3 315.6 313.5 314.4 313.6 311.8 315.6 318.2 332.7 350.5 360.2 366 367.1 367.3 367.2 365.5 360.8 359.8 359 358.6 356.2 350.7 347.5 346.4 344.8 341.5 336.6 331.4 324.6 314.7 307.5 303.6 303.8 305.7 307.8 305.4 301.7
316.5 318.8 321.8 327.6 331.9 337.5 342.8 348.2 352.7 356.1 359.6 362.6 366.1 364.1 359.4 354.6 350.6 346.6 341 337.1 334.9 333.3 340.2 346.4 348.9 349.6 348 346.5 343.3 339.6 336.7 332.8 331.7 330.9 328.1 326.3 323.8 321.3 318.8 317.4 316.8 315.6 314.1 313.2 312.9 312.7 311.7 314.8 326.5 344.9 356.7 363.8 368.7 368.1 367.3 367.4 366 361.6 359.5 358.2 356.2 354.2 348.5 344.8 343.7 342.8 341.2 338.2 333.9 327.3 316.8 309.1 304.7 302.1 304.8 306.4 303.3 298.8
315 316.5 318.6 325.8 331.6 337.5 344.1 350.8 353 356.6 359.4 362.4 365.5 364.8 359.8 355.5 350.9 345.7 341.4 337.8 333.2 328.6 336.5 341.5 344.7 346 344.9 341.9 340.2 338 335.5 331 329.4 328.3 326.7 323.8 321.5 319.5 318 315.8 315.4 314.7 314.6 309 311.2 310.6 312.6 324 332.4 351.1 360.1 361.9 365.3 365.5 364.4 364.2 363.6 359.3 357 356.2 354.2 351.8 346.9 342.4 341.7 340.7 340.7 338.3 335.4 328.6 319.8 311 305.3 297.7 303.8 305 301.7 296.3
313 314.1 316.3 323.7 332.3 337.6 348.2 354 354.1 356.2 357.9 359.7 364.1 363.1 359.1 355 351.3 346.6 340.2 338.4 333 323.6 332.6 336.9 340 342.1 341.6 338.9 336.6 334.6 333.9 330.2 326.5 326 324.6 323.4 321.3 318.2 316.7 315.3 312.8 312.4 308.6 313.2 312.9 312.6 316.9 327 335.3 349 357.3 357.3 359.9 360.6 360.3 360.6 360.2 357.5 354.6 353.2 351.5 348.8 344.7 339.9 338.6 339 339.8 338.9 336.1 330.3 320.9 312.4 306.4 302.3 295.1 301.2 298.5 292.4
310.6 311.5 314.5 321.8 332 337.4 350.5 351.3 352.6 352.8 354.7 356.8 359.9 359.8 357.3 353.7 349.3 345.7 341.2 338.1 331.4 321 328.2 332.2 335.5 337.6 338.2 336.1 334.6 333.4 331.7 329.1 325.7 324 323 323.1 321.3 318.8 316 314.6 312.1 309 306.6 315.3 314.3 312.5 319.1 327.5 330.1 331 353.6 352.9 355.1 356.3 356.9 357.4 356.6 353.1 351.1 349.9 348.2 345.3 342.3 337.3 336.1 336.8 338.1 338.6 335.9 330.9 323.6 315 307.7 303.5 304.5 304.2 299.7 294.8
309.7 310.8 313.2 320.8 331.9 338.4 347.5 351.1 352.1 352.1 353.1 353.9 355.4 356.7 355.3 351.6 347.9 343.4 341.9 337.3 331.2 320.6 322.2 328 331.1 332.7 334.2 335.3 333.3 330.8 329.1 326.9 323.6 321.8 321.1 321.2 321.1 318.9 316.2 314.1 311.4 306 310.6 317 316.7 315.5 319.7 326.7 329.8 330.8 348.6 348.6 350.5 351.5 352.7 352.4 351.3 349.7 348.3 347.1 344.5 342.2 339.6 334.2 332.9 334.5 336.2 337.8 335.3 331.3 325.8 318.2 309.3 307.1 307.8 307.8 302.5 296.3
309.2 310.7 313 320 333.6 342.5 350.4 351.9 351.9 352.1 351.7 351.1 351.8 353.5 351.5 349.8 345.4 341.7 340.4 336.3 331 323.9 314.8 323.3 326.9 329.7 330.5 330.4 328.7 327.9 326.4 324.3 321.1 316.5 317.2 319.7 319.5 319.7 316.8 314 304.8 304.8 314.9 317.6 319 317.6 320.2 326 332 335.3 342.5 343.3 344.7 346.6 347.9 347.5 346.5 345 344 342.7 340.2 339.2 336.2 331.5 329.4 332.3 334.7 338.5 337.5 334 327.2 320.3 311.5 310.3 309.9 308.8 303.3 295.8
310 312.1 316.1 321.5 336.5 344.2 352.8 352.6 351.8 351.9 351.4 351.4 350.9 350.3 349.4 346.6 344.3 342.2 338.8 335.4 330.7 325.1 315.8 318.2 322.8 326.2 326.7 326.7 326.7 324.2 324 321.4 319.5 314.4 313.9 317.4 318.3 319.3 318.2 315.9 302.5 307.3 315.1 319 321.4 321 323.3 325.4 328.5 331.8 338 339.3 340.3 342.8 342.2 342.7 342.3 340.1 339.2 338.4 336.5 334.9 332.7 328.9 326.3 329.5 332.8 336.6 337.9 335.5 329 322.7 313.8 310.9 309.8 308.7 301.6 294.7
310.6 314.4 322.5 327.8 339.6 346.2 349.4 351.4 350.7 351.3 351.3 350.5 350.1 349.1 347.5 344.8 341.9 340.4 338.4 334.7 330.6 325.2 314.6 308.7 319.4 323 324.2 324.5 323.6 322.3 321.3 318.7 317.3 314.3 314 315.4 316.9 319.1 317.5 305.2 302.9 310.9 316.8 320.5 322.9 325.2 326.6 328.8 330.1 330.8 333.6 336 335.7 336.8 336.8 338 337.7 336.1 334.8 334.9 333.1 331.7 329.5 325.7 323.6 326.3 331.3 336.2 337.3 335.2 329.6 323.6 315.4 310.4 308.6 304.1 300 295.1
315.3 320.6 330 335.7 340.9 348.4 350 350 350.3 350.4 350.9 351.6 350.2 349.6 348 344.3 341.5 338.9 337.3 335 331.2 324.9 320.4 304.8 316.4 319.1 320.7 321 320.3 318.5 318.4 316.4 314.9 312.4 310.1 313.8 315.8 316.6 313.9 300.5 308 314.8 318.4 322.5 326.6 331.6 332.8 330.6 330.8 330.1 332.7 332.8 330.3 331.5 331.7 333.3 333.4 332 331 331.2 329.8 328.1 326.3 323.1 320.1 323.5 329 334 336.1 334.9 330.9 324.3 314.9 308.6 308.1 304.4 298.9 294.5
319.7 328.2 335.4 339.1 341.8 346.8 349 348.8 349.4 349.8 351 351.5 350.9 349.4 348.4 345.9 343.3 341.2 339 336 332.9 326 320.5 302.8 314.5 315.9 317.2 317.7 317.3 316.9 315.5 314.7 313.5 311.5 295.6 311 312.6 311.5 299.9 304.1 313.9 318.7 321.9 325.6 331.2 336 338.5 334.2 329.2 328.3 332.6 329.4 326.1 325.8 326 327.6 328.5 328 327.6 327.3 326.3 324.9 323.2 319.8 317.1 320.3 326 331.9 333.9 332.9 328.9 322.9 315.3 307.5 306.7 304.4 298.9 293.9
327.7 334 338.5 341.3 343.4 346.6 348.7 347.8 347.4 347.8 348.9 349.7 350.7 349.5 348.8 346.6 344.4 342.1 340.8 337.3 333.8 327.8 319.8 305.2 299.7 313.1 312.9 314.1 314.1 313.8 312.7 312 311.4 309.4 289.4 300.8 287.7 293.9 297.9 311.7 317.1 321.9 328 331.2 335.8 340.3 342 336.6 328.8 326.1 330.8 325.1 321.5 320.2 321.4 323.8 324.7 324.1 324.2 323.2 322.6 321.8 320.2 317 315.6 317.7 323.3 329.4 331.6 330.6 327.9 322.8 315.4 307.7 305.6 303 296.7 293
331.7 336.4 339.8 342.4 345 347 348.6 347.8 347.1 347 345.6 347.3 349.5 349.6 349.6 347.4 345.4 343 341.9 338.8 334.8 328.7 322.6 313.9 296.8 304.5 308.4 310.2 309.6 310.5 309.9 310.1 309.2 304.9 284 300.7 285.8 297.1 309.3 314.9 320.8 324.5 331.5 335.3 339.6 343.3 343.3 337.9 329.6 315.7 327.6 323.7 317.8 315.8 317.3 318.6 320.3 320.2 320.5 320.5 320 319.2 318 314.7 311.2 314.1 320.6 325.4 328.4 327.6 325.3 320.9 313.9 306.2 303.8 302.5 296.5 294.6
333.8 339.2 339.9 341.5 345 347.2 347.5 346.2 344.8 343.7 342.2 343.7 349.1 349.7 349.5 348.7 347 345.1 342.9 341.3 337 331.2 323.7 317.4 310.6 292.8 295.1 305.9 306.8 306.3 307.6 306.6 305.2 300.7 277.5 290.8 293.1 304.6 311.5 317.1 323.7 329.6 335 338.5 341.9 343.8 343 338.1 330.7 323 311.2 319.9 315.7 311.5 313.4 315.2 316.3 317.3 316.9 316.2 316.7 316.3 314.8 312.6 307.9 311.5 316.3 322.1 325.5 324.6 323 318 312.8 306.2 301.8 301.8 295.4 289.6
333 338.7 339.4 340.1 344.4 345.2 346.1 344.4 343 338.6 339.9 341.9 345.9 349.1 349.1 349.9 348.3 346.4 344.7 342.5 338.7 333.5 325.9 318.4 311.3 304.7 286.7 297.3 303.1 303.9 295 303.1 293.5 280.2 277.3 290.2 299.4 310.1 316.5 320.7 324.8 332.4 337.8 340.6 344.6 344.4 343.2 338.3 331.9 325.1 317.5 304.7 300.8 303.2 308.7 308.8 311.5 313.6 313.8 313.9 313.7 312.7 312.2 309.8 304.3 308.7 312.8 318.8 320.6 322 319.4 315.1 310.5 304.3 299.3 300.5 294.6 290.1
332.1 337.3 338.5 340.8 344.7 343.8 343.1 342.5 339.9 337.1 338.1 338.9 344.4 347.5 348.1 347.9 349 347.4 346 342.8 340.2 334.8 329.2 321.9 315.8 309.2 294.2 279.6 298.3 301.3 283.7 292.2 276.4 266.7 284.9 298.1 305.6 310.8 316.6 321.3 326.7 333.7 337.8 342.7 346.2 345.3 343 338 331.9 325.6 319.6 313 303.7 302.7 293.4 304.3 307 308.2 306.4 305.9 310.5 310.3 309.4 306.8 299.8 307.2 309.6 314.6 317 318.3 315.9 312.7 308 302.1 297.1 297.1 293.4 289.1
331.5 332.8 335.2 338.9 342.1 342.5 341.3 341 338.2 335 336.4 336.2 338.9 342.1 344.8 345.9 346.7 346 344.6 341.5 340.1 335.2 330.1 324.5 318 311.2 302.5 285.3 284.5 289.3 277.1 265.2 268.3 275.3 293.3 299.4 307.2 311.3 316.3 320.5 327.2 335.3 339 343.5 348.1 348.1 344.7 338.8 332.4 325.7 319.9 314.6 308.6 302.8 294.9 297.6 301.4 304.9 306.6 300.9 307.4 307.6 306.3 304 296 304.2 306.1 310.6 313.9 315.1 313.2 310.1 305.1 298.9 294.1 294.3 291.2 287.6
331.2 329.2 333.6 336.5 341 340.9 338.6 337.3 335.3 332.6 331.1 331.7 334.9 337.1 341.3 343.2 345 345.4 343.2 341.1 338.5 335 329.7 323.9 317.5 310.9 302 289.4 267 268.9 264.5 262.5 266.8 286.3 286.3 302.4 307.3 311.6 315.9 321.9 328.1 336.1 339.5 344.2 349 350.5 345.9 340.8 333.6 326.1 320.5 315.8 310.9 305.6 299.5 291.9 294.6 297.7 302.5 299.6 305 305 303.1 301.2 292.1 300.3 303.1 306.4 310.1 310.8 309.2 306.7 302.7 295.4 291.1 292.8 289.8 285.7
330.7 327.8 330 333.8 339.6 338.6 336.6 333.4 332.7 331.6 328.9 329.3 331.3 332.1 336.2 339.4 343.7 343.1 341.3 339.2 336.5 332 327.6 322.3 316.5 308.7 296.9 286.1 265.9 258.1 258.6 263.7 284.3 292.8 298.2 304.3 307.2 312.5 317.2 323.5 330.3 336.7 340.4 344.4 349.8 351.2 346.8 340 335.2 328.4 321.1 316.4 311.9 306.5 299.5 291.1 281.8 291.1 296.5 296.4 301.1 302.5 300.5 298.6 287.8 298 301 302.1 305.5 307.6 306 304 299.9 293.9 288.6 291.1 291.3 284.2
328.3 326 328.7 330.9 337.1 337.2 335 332 329.6 327.5 325.8 325.7 326.5 328.8 331.2 336 338.3 339.6 339.7 337.6 333.7 330 324.1 321 314 306.4 298 281.4 264.6 256.8 271.3 279.6 290.7 296.8 302.3 305.4 308.2 314.7 320.3 326.3 333.1 337.6 341.7 345.4 349.9 350.4 347.2 340.4 335.1 329.4 322.7 317.5 312.6 307.4 301.5 293.7 282 276.3 290.5 292.8 294.6 299.8 298.5 295.2 284.4 293.5 297.2 298.2 301.5 304.3 302.6 300.4 296.6 292.3 285.9 289.1 289.7 283.1
325.7 324.5 327.6 331.7 333.4 335.2 333.3 330.7 328.9 326.4 324.3 322.6 322.4 323.1 326.8 331.3 334.5 334.5 334.6 332.8 329 326.6 322.2 315.2 307.1 301.3 293.8 269.5 254.8 258.7 278.9 288.8 294.8 300.8 304.1 306.2 310 314.8 323.2 330 336.4 341.1 345 347.8 350.2 348.3 345.3 339.6 335.4 330.1 322.9 318.1 313.5 308.4 304.1 296.8 287.2 269.5 280.3 288.5 290.4 294.6 295.4 293 282.4 288.7 293.4 295.2 296.3 300.2 299.3 295.2 292.1 288.2 284.4 285.9 286.7 279
324.6 322.1 325.7 329.6 331.5 331.1 329.4 328.7 328.5 324.9 322.4 321.3 320.2 319.2 321.1 325.4 327.8 329.4 330.2 327.7 324.8 320.5 316.4 307.7 302.7 297.8 280.6 255.2 253.9 275.4 284.5 290.4 298 302.5 303.5 307 310.6 315.5 325 332.3 339.1 344.7 348.9 352 351.2 344.7 342.6 341.8 336.8 332.1 325.8 317.9 313.8 310 305.1 295.4 285.9 266.1 274.7 283 285.1 286.6 291.3 289.5 284.4 286 290.3 291.1 292 297.7 297 294.5 288.5 285.8 283.5 283.8 282.9 277.2
