Assets/StreamingAssets/GeoData/Data/ny/NY10.asc
ncols 200
nrows 200
xllcorner 310000
yllcorner 500000
cellsize 50
[rows 144 to 179 of 200, columns 82 to 163 of 200]
350.9 359.9 366.9 373.1 377.7 378.5 376.2 355 364.7 389.8 396.4 403 411.7 417.5 425.9 433.3 430.5 429.5 425.4 413.4 403.9 389.6 375.7 364.3 351.8 344.5 331.9 318.1 309 296.9 284.2 271 256.6 244.1 233.5 221.4 209 196.2 185.5 167.6 197.8 208.2 211.8 211.4 210.1 200.1 189.1 178.7 166 157.4 158.1 167.5 178.6 195.5 213.5 236.1 249.2 261.6 269.9 276 280.6 284.5 288.3 287.8 286.5 285 283.1 282.6 277.5 272.7 268 261 255.4 251.2 248.9 244.1 236.6 229.4 223 221 221.9 221
357.2 364 373.2 380.8 384.5 386 383.7 375 381 390.1 394.5 400.2 406.7 411.6 415.9 417.2 417.1 416.5 410.4 401 387 369 356.1 342.8 338.4 322 313.6 301.8 289.4 278 267.4 250.6 238.4 228.9 217.5 204.1 192.8 186.3 171.2 175.7 196.2 200 198.8 196 187.7 177.4 168.5 158.4 151.5 158.7 166.8 180 197.1 213.5 232.2 249.4 258 266.3 272.4 276.4 280.5 283.1 283.3 283.1 284.1 280.6 278 276 271.9 267.7 262 257.9 253.6 247.7 246.8 242.3 233.8 226.4 221.1 219.1 217.8 216.5
360.5 368.7 377.4 385.2 389.8 390.9 388.8 386.9 387.7 388.5 391.7 395.3 399.8 402.5 400 398 399.2 397.8 390.2 377.9 362.3 348.8 335.5 328.8 317.9 306.1 293 279.1 270.4 260.2 245 231.9 223.5 214.4 202.3 191.2 184 175 156.1 183.4 191.7 188.4 181.6 177.1 166.6 157.7 151.2 149.7 159.3 168.1 181 198 215.8 230 247.4 256.7 261 266.9 272.6 275.8 277.2 279.5 279.7 279 277.3 274.7 272.8 269.1 266.7 263.8 261.7 260.4 254.4 248.3 245.1 239.1 232.7 224.7 221.3 217 211.6 212
363.7 374.3 382.8 388.3 391.5 394.9 393.2 390 387 386.1 386.6 386.8 388 388.4 385.3 381 378.3 375.6 368.1 352.3 341.8 328.7 317.5 312.4 298.5 285.7 274 260.2 249.2 237.8 225.3 217.8 208.9 199.7 188.8 179.3 177.5 160.3 161.9 178.7 176.5 168.5 161.1 157.7 149.1 145.2 148.7 158.7 170.7 185.4 200 213.5 230.7 241 251.1 259.4 260.8 264.5 269.5 272.2 271.3 270.8 271.1 272.6 272.5 270.5 266.7 265.6 264.2 262.3 259.5 258.1 256.6 252.9 246.9 237.5 230.1 224.4 220.4 215 208.4 207.5
367 375.4 383.4 386.9 392.6 394.6 393 389.1 383.8 378.8 376.8 373.3 373.7 373.4 369.5 365.9 360.3 352.2 343.7 331.6 319.6 308.1 303.7 291 279.7 266.3 252.2 240.3 228.3 219 211.4 203.3 195.1 186.1 175 175 163.5 147.7 162.4 161.2 157.2 151.2 150.5 143.4 141.9 148.8 162.1 172.4 182.5 196.4 215.4 227.2 237.1 243.7 251 256.7 259 260.5 262 265.2 264.4 262.8 262.4 265.5 266.3 265.3 263 262.5 262.7 260 257.7 254.7 254.3 252.2 246.4 237.3 228.3 223 218.7 213.2 206.7 202.9
363.8 374.6 377.6 383.3 387.1 381.5 382.4 379.9 371.1 364 361.5 359.6 357.2 357.3 358.3 351.8 343.4 334.8 323.6 310.8 304.1 295.6 283.1 271 259.5 248.1 234.3 222.2 211.8 204.8 197.3 191.8 181.7 176 166.6 164.7 149.3 148.4 150.5 146.2 141.5 141.7 138.8 139.8 146.8 162 179.3 187.4 199.7 209.1 222.2 230.6 236.6 242.3 250.5 253.5 256.4 257.8 259 259.4 258.2 258.4 259.3 260.7 262.4 262.5 261.2 259.7 260.6 259.9 257.8 254.4 251.6 249.1 243.4 234.8 227.5 222.5 217.7 211.5 205.9 198.8
363.2 370.8 373.2 375.1 373.7 369.7 367.3 360 352.8 350.4 348.3 346.4 344.6 341.7 340.4 339.3 332.3 318.2 306.8 298.6 291.4 277.8 264.6 254.6 241.2 228.8 214.9 207 199 193.8 186 178.6 170.8 163.9 159.5 151.3 135.6 140.9 139.1 134.5 134.7 135.5 139.6 146.6 161 177.6 191.1 200.1 209.3 221.4 228.4 233.7 239.5 242.9 249.6 252.1 253.4 254.6 254.6 254.1 253.5 257 258.2 260.1 261.6 263 260.5 258.1 257.5 258.6 258.5 254 250.2 247.1 242.8 233.9 227.5 222.5 217.5 209.4 202.9 194.7
364 367 365.7 366.2 361.6 355.4 352.8 345 340.4 338.9 338.8 334.8 332.6 327 322.6 319.4 317 306.6 293.5 290.4 274.8 262.6 250.8 237.7 222.6 212 204.8 198.9 191.6 181.8 172.7 165 158.3 156.6 150.9 141.4 130.9 133.1 130.5 130.7 131.1 135.4 144.2 156.4 169.1 186.3 195.8 208.4 216 224.9 231 236.5 240.7 244.9 247.6 249.6 250.6 250.6 249.6 250.4 251.8 256.3 258.9 261.8 263.3 262.8 261.1 258.4 256.3 258.5 259.2 254.6 249.2 244.3 236.8 231.1 226.7 220.4 217.2 209.4 199.9 191.4
358.5 357.9 358.5 353.5 348.8 343.5 341.9 335.2 331 332 330.2 327.5 322.4 316 309.5 307.7 301.9 295.4 285.5 277 261.4 248.5 238.5 223.8 208.6 199.8 194.2 189.1 179.6 167.1 159.3 154.6 148.6 144.2 138.3 130.4 126.7 126.1 126.6 126.9 134.5 145.4 155.6 166.9 179.6 189.5 194.2 203.6 216.3 227 234.2 237.1 239.9 243 245.2 246.7 247.1 247.4 246.5 247.2 251.3 255.1 260 260 260.6 262.5 261.5 259.2 256.5 257.5 258.6 253.3 248.3 240.9 232.9 225.9 219.6 215.4 211.1 203.1 195.4 187.6
351.5 350.6 346.3 342.7 340.3 338.2 330.7 325 327.9 326.3 323.4 322.6 315.9 307.9 301.3 296 289.7 285.4 278.2 265 248.1 238.1 226.3 210.4 196.8 188.7 183.1 176.2 165.6 157.2 149 144.8 134.9 131 126.5 123.8 122.3 124.7 126.2 135.1 148.2 158.9 168.4 180.6 189.5 198.9 209.3 211.4 217.7 227.8 233.1 236.8 239.6 242.1 243.5 244.8 245.3 245.6 246.1 247.7 250 251.3 254.1 257 262.6 262.6 262.8 258.7 256.2 255.3 254.8 251.5 244.3 237.3 229 221.5 214.4 209.9 205 197.7 190 182.6
342.3 339.2 336.2 330.8 330.8 328.2 320.8 321.8 323.3 319.3 318.7 315.3 309.6 302.9 297.2 289.3 280 275.5 267.7 256.2 239.8 227.4 215.2 199.1 187.2 179.5 172 163.6 154 145.6 141 137.1 127.2 121.2 119.5 119.6 120 127.7 134 147.7 162.4 175.4 184.5 194.4 201.5 208.1 214 223.3 227.6 229.8 232.3 234.7 237.5 241.2 242.7 244 245.6 246.5 246.9 247.3 248.4 250.1 254.3 258.4 263.2 261.3 259 257.3 255.2 251.6 250.8 246.4 239.1 231.4 223.4 217 210.5 205.2 199.1 192.1 183.5 176.2
332.8 329.2 327.6 324 322.5 316 314.4 319.7 318 315.6 312 308.5 304.4 297.7 291.3 281.3 272.5 265.9 256.9 246.6 232.9 217.7 203.4 190.2 180.9 170.5 159.4 150.8 141.2 136.7 133.1 130.9 120.1 117.2 116.3 115.4 123.9 132.6 145.7 161.6 173.9 181.9 193.7 201.3 209.2 214.9 219.7 224.8 230.8 234 236.8 239.3 239.9 241 243.4 244.5 245.6 246.2 247.4 248.1 248.7 253 256.6 261 263.2 259.9 256.3 254.2 254.9 248.5 244 238.8 232.6 224.3 218.8 212.4 205.8 199.1 193.8 184.5 177.8 168.4
323.7 321.4 320.6 313.1 308.7 308.1 312.3 316.5 315 312.3 307.8 306.9 299 289.4 282.5 271.2 262.2 256.4 250 237.3 223.6 209.7 193.3 180.3 168.5 157 146.2 140 134.7 131 127.1 122.4 114.3 114.7 112.1 125.2 131.1 140.6 155 169.2 182.4 191.7 199.2 204.6 212.9 218.1 223.4 228.1 234.4 238.3 240.9 242 242.7 243.4 243.6 244.7 245.6 246.3 247.4 248.5 249 252.6 257.9 263.4 263 261.9 254.7 248.5 246.4 244.9 240.2 234.1 227.5 220.7 214.2 205.6 201.3 196.5 189.1 174 164.9 158.8
304.7 304.1 303 297.9 299.9 302.8 308.7 315 315.8 310.8 304.8 302.9 289.3 280.9 272.6 264.2 255.8 243.6 235.7 229.4 216.1 199.6 183.3 169.4 154.2 143.6 134.9 130.5 127.7 125.1 119.5 113.9 112.2 111.9 121.1 129.5 139.7 151.9 164.7 175.3 187.6 194.8 202.6 210.5 217.5 222.2 226.1 234.9 240.7 242.3 243.7 243.7 244.4 244.5 244.7 245.8 246.6 247 248.3 248.9 249.6 252.4 258.6 264.6 263.9 259.8 253.4 246.3 241.8 238.4 234.5 227.9 223.2 214 205.7 198.8 194.5 188.5 177.2 164.5 153 147.3
288.8 287.9 284.9 284.5 290.2 306.3 314.3 320.2 314.3 310.4 302.7 293.4 282 274.9 266.6 256.8 246.1 234.4 218.5 209.1 202.4 187 169.7 156.4 143.7 133.2 128.5 128.5 123.7 116.9 113.7 107.1 109.2 118 133.1 139.1 147.7 158.4 172.6 182.2 191.1 199.9 206.3 214.9 221 227.1 231.3 238.5 243.1 244.6 246.1 246.3 245.4 246.3 246.8 247.1 247.8 248.1 250.5 251.2 251.6 255.6 260.9 266.5 264.2 258.9 248.2 242.1 238.4 234.6 227.5 221.7 215.7 205.3 194.9 187.9 180.5 172.4 165.1 154.2 144.3 153.6
271.7 272.7 269.1 275.8 290.2 311.8 322.2 316.9 307.8 302.1 297 283.8 276 265.7 258.2 245.2 229.6 218.7 203 192.1 183 172.1 158.3 143.8 132.3 124.3 124 122.6 116.4 112.3 106.4 107.2 115.4 127.8 136 141.6 153.1 166.3 178.3 186.3 195.8 202.1 210.4 219.2 227.8 235.2 239.5 243.2 247.1 248.8 246.6 247.1 249.1 250.9 251.1 252.8 256.8 251.4 252.5 253.8 254.8 260.3 264.7 270 261.4 252.1 241.6 235.6 231.7 225.7 220.7 215.2 205.7 196.5 187.3 181.4 172.3 162.4 160 146.4 144.7 153.1
258.8 252.4 258.6 276.2 295.6 311.6 322 313.6 302.6 296.1 286.1 270 257.7 246.1 238.7 224.9 213.4 203.6 192.5 182.1 167 154.8 146.3 134.3 123.2 115.2 112.9 111.5 108.9 106.4 103 112.3 116.4 126.1 134.8 146.6 160.2 171.9 180.9 190.1 197.6 208.2 217.5 228.9 235.8 240.5 243.3 247.1 250.2 250.2 248.2 248.2 249.7 252.6 258.4 259.8 258.8 256.5 254.2 256 260.3 264.6 269.3 268.1 254.9 243.9 238.2 231.5 224.9 222.1 213.5 205.6 196.9 188.5 181.3 175.2 164.9 160.1 153.3 140 149 153.3
239 233.8 250.1 276.1 311.3 327.7 321.3 309.8 294.3 283.8 270 253.2 242.1 228.4 223 210.7 198.3 188.6 178.7 167.6 154.4 143.3 133.4 122.9 113.2 110 108.4 106.3 103.3 100.5 107 110.9 120 125 136 150 163.3 173.1 182.2 192.5 202.6 214.3 225.7 235.3 241 244.3 248.5 253.7 254.2 250.4 249.3 249.1 253.1 259.4 271.5 265.8 266.3 262.2 256.8 258.5 263.3 268 264.7 263.1 247.8 239.3 234.3 228 221.5 217.5 210.1 200.1 189.2 181.4 175.4 166.9 159.5 152.5 145.6 134.6 149.1 153.7
216.3 218.2 236.9 276.7 300.7 309.2 310.4 297.1 280.6 283.8 265.2 244.4 226.9 215.9 205.2 193.4 180.7 172.4 162.3 149.8 141.7 129.9 120.8 113.2 109.5 103.2 104 100.8 98.9 102.3 105.6 114.9 119.7 127.5 138.4 150.7 161.7 173.1 183.6 195.4 209.3 223 234 239.9 246.1 248.7 253.4 255.6 256.8 252.6 252.3 258.1 259.2 263.2 271.1 273.2 267.2 266.1 261.5 257 258.9 260.7 263 250.7 242.1 232.9 231.9 225.4 223.3 215 207.1 195.1 184.6 176.6 169.9 161.9 152 146.5 136.5 132.2 149.3 154.5
197.4 204 218.2 241.1 271.7 285.2 284.3 258.2 262.7 270.7 255.8 230.4 209.8 197.7 185.3 176.6 166.8 159 145.1 135.8 129.5 118.7 108.7 107.5 105.9 97.9 97.5 97.6 97.4 105.6 110.4 116.6 123.9 130.4 140.1 150.5 163 174.8 189.2 201.9 220.7 233.9 238.3 244.9 247.7 257.2 257.1 259.9 259.3 255.8 256 263.2 263.2 269.3 266.8 273.2 273.7 269.8 264.5 260.4 257.8 256.5 252.5 241 235.2 230.1 229.2 226 219.7 215.2 202.9 188.8 178.8 172.7 163.4 155 145.8 141.9 126.5 143.6 149.8 155.2
186.5 190.1 197.3 207.2 243.2 263.7 241.7 233.4 241.1 238.6 227.2 207.8 193 181.7 171.8 163.3 147.5 138.9 130.1 121.5 112.9 105.3 99.8 98.9 95.4 94.8 95.3 95.4 101.6 108.3 114 120.3 125.7 131.8 142.5 151.1 163.2 180.4 194.5 212.2 232.7 237 240.4 244.2 252.5 256.8 260.9 262.2 261.5 259.1 258.6 262.2 265.6 265.8 265.8 271.9 274.2 272 266.7 264.2 261 257.7 245.5 238.4 230.6 227.9 226.8 224.2 217.4 210.9 198.8 184.4 172.4 166.4 155.1 144.2 136.6 128.8 135.8 141.9 147.8 157.6
179.1 180.3 180.4 189.3 204.3 215.5 206.7 214.4 217.6 217.5 201.8 187.1 177.1 165.1 154 143.3 128.8 122.2 114.2 106.7 99.6 94.1 92.3 93.1 92.2 93 93.4 95.7 102.7 108.6 115.1 124.1 130.3 137 148.4 157.5 168.5 185.6 208.9 227.2 235.4 238.3 242 246.9 257.2 261.7 263.6 265 266 263 261.9 265.4 268.4 270.4 271.9 272.3 269.5 266.6 266.1 266.3 266.8 253.6 244.1 234.8 228.6 227 224.9 219.1 214.5 205.7 196.2 178.1 168.4 157.5 147.1 131.9 121.5 128.6 137 143.1 150.6 159.7
173.3 170.4 169.7 174.5 181.2 183.9 181.9 183.5 191.6 199.7 177.5 167.3 155.9 143.3 132.6 123.3 115.9 110.2 103.4 94.7 91.1 89.5 88.8 90 90.8 91.6 91.5 97.9 105.1 112 119.9 126.4 134.2 142.9 154.8 162.9 173.6 191.9 220.5 234.3 239 242.9 246.3 251.6 266.7 263.7 267.9 267.4 269.5 266.3 264.3 264.9 269.9 271.5 271.1 271 268.8 266.9 266.2 269.3 264.2 255.2 241.3 232.5 232.2 229.4 226.5 219.3 212.8 205.6 194.4 172.7 159.4 149 133.8 118 126.5 134 137.6 142.9 150.1 159.7
167.3 165.1 161.4 162.7 163.6 160.7 161.8 162.9 159 154.8 151.3 145.8 134.6 126.4 120.7 114.1 106.1 100.3 97.1 91.2 86.3 86.7 87.7 89.1 89.8 89.7 95 101.1 109.4 118 128.2 135.7 141.4 150 159.7 168.6 183.8 200.5 220 236.5 239.9 243.4 246.8 251.5 256.5 262.4 270.3 270.8 270.3 269.5 269.6 270.7 273.9 275.4 273.9 270.7 272.3 275.2 270.6 263.2 260.4 251.7 239.4 230.9 237.8 234 223.8 219.4 209.3 196.1 186.6 164.7 149.1 136.8 122.3 115.2 128.3 132.4 137.6 142.8 151 165.3
161.2 162.4 159.6 154.2 150.8 146.8 144.4 142.5 140 135.2 130.6 127.7 121.3 117.2 112.4 106.6 102.2 98.2 91.7 86.7 84.8 86.1 86.8 87.6 88.6 91.1 99 106 114.7 125.2 137.5 144.8 149 152.8 164.2 175.1 192.5 210.4 221.1 227.5 236.2 247.1 249.9 252.6 254.6 266 274.7 278.9 273.3 270.5 271.3 282.5 279.2 278.2 271.9 268.7 271 274.8 269.9 264.8 258 249.4 234 229.8 231.4 234.1 223.1 215.4 206 190.8 170.5 153.4 140.7 127.2 111 117.6 126.3 132.5 138.9 146.2 158.8 171.7
157.1 156.6 156.1 151.3 147.3 143.2 137.7 134 130.3 126 121.2 116.2 110.8 107.7 103.4 101.1 95 87.7 84.7 82.6 83.9 84.7 86.1 86.9 88.2 93.3 101.2 112.4 121.5 133.7 146.4 151.6 155.5 160.1 170.6 184.3 195.9 210.5 220.1 227.2 241.3 246 248.7 255.4 257 264.9 274.8 281.3 272.6 271.5 274.2 282.8 284.6 275.3 273.8 268.3 268.5 270.7 273.6 269.3 256.4 252.5 235.4 224 225.9 224.6 222.7 213.3 192.5 170.3 156.1 143.7 131.8 121 107.4 115.3 121.7 131.3 138.5 152.5 168.8 174.2
151 150.2 148.2 145.1 143.3 136.7 131.2 126.2 121.9 117.5 110.9 106.1 102.5 99.9 97.8 91.9 86.6 81.2 81.5 81.8 82.8 83.9 84.1 90.4 96.6 99.3 106.1 114.6 129.3 142.7 151.2 158.4 170.5 177.2 187.5 194.8 203.7 213.7 223.7 230.4 241.7 247.5 250.7 255.9 260.5 258.7 264.5 268.8 267.9 272.7 274.2 277.7 282.4 278.7 273.4 267.9 267.5 268.3 271.1 267.1 261.9 256.5 240.5 220.3 219.9 216.8 210.8 196.6 174.4 152.9 146 133.4 122.9 109.2 106.3 114.9 126.2 129.7 140.6 155.7 164.9 165.8
150.2 141.4 139 138 133.4 130.6 120.5 116.9 113.7 107.9 104.4 98.5 96.5 93 88.1 84.5 79.4 79.9 80.4 81.1 82.5 84.2 88 94 100.2 104.4 111.6 124 135.3 148 159.9 178.9 184.9 191.8 200.1 208.8 212.1 218.2 223.6 236.2 241.4 246.7 260.2 261.8 263.9 257.5 257.5 257.7 263.3 264.4 270.1 280.4 278.7 273 277.3 276 273 268.5 262 262.3 268.1 261.9 240.2 222 211.3 203.7 186.3 174 149.4 146 136.8 121.8 115.4 94.1 105.5 114.3 122.8 125.2 135 148.8 148.8 142.7
138.8 134.1 132 127.9 123.1 118.3 112.6 110.2 107.2 102 98.4 90.2 84.4 80.5 79.7 77.2 76.1 78.2 79 82.6 86.1 88.9 90.8 97.4 105 109.6 119.1 133.1 148.9 160 174.5 192.2 193.8 199.3 207 216.8 222.3 223.6 225.4 237.6 245.7 254.1 255.1 259.3 256.4 251 253.2 252.5 257.1 255.1 260.5 271 273.5 274.9 284.7 286.3 273 266.1 262.5 270 269.5 245.9 226.3 215.3 190.5 178.8 163.4 149.9 135.9 130.9 125.4 112.2 104.4 93.4 99.6 108 113.8 118.1 124.6 129.5 126.3 125.1
131.8 125.3 121.1 117.3 112.1 110.2 107.9 105.8 100.7 93.5 89.4 79.9 76.5 74.4 75.9 75.9 76.6 78.2 80.5 84.9 87.9 92.3 97.1 103.6 112 121.6 132 144.3 159.5 173 187.1 194.9 196.9 201.4 209.8 222.4 225.8 221.6 225.1 236.5 244.3 248.1 250.1 245.5 250 250.2 251.4 249.5 240.8 239.3 250.7 262.7 262.7 274.8 281.2 280.9 276.6 267.3 267.8 268.2 254.7 233.5 213.9 197.6 180.3 155 138.2 122.3 115.5 113 108.8 96.9 91.2 87.6 92.3 98.7 103.7 105.7 112.1 115.2 110.2 115
125 118.1 114.5 109.6 111.4 105.1 103.6 99.6 93.3 83.2 78.8 75 72.9 74 74.5 74.5 77.2 80.4 84.5 88 94.1 102.1 106.7 112.6 124.2 140.2 149.6 159.4 172.3 184.8 196.8 200.7 200 204.1 206.9 217 216.8 218.4 220.2 222.4 225.3 231.2 234.9 236.3 240 246.8 247.1 242.7 233.6 227.4 230.4 245.3 244.6 270.2 279.1 277.9 271.5 269.5 259.9 257.1 235.8 210.8 193.1 172.5 148.7 131.7 117.5 103.4 98 96.8 91.1 86.5 74.3 82.4 87.9 95.5 98.1 100.7 104.5 102 95.6 97.9
121.4 114.2 108.3 105.4 102.2 99.8 97.8 91.9 84.5 78.1 73.2 71.5 70.6 72.6 74.9 77.1 82.2 88.7 97.4 105.7 110 114.3 118.5 122.9 136.7 150.1 160.9 172.4 186.3 192.1 204.1 203.9 204.6 208.1 208.3 211.2 215.6 222.8 221.7 221.7 221.7 222.5 228.1 228.3 233.3 238 236.9 233.7 229.9 224.6 225 226.4 245 277.4 279 272 274.9 271.4 264.6 241 213.1 184.6 164.9 149.7 130.5 114.4 102.4 87 82.3 77.7 76.9 75.6 72.7 80.8 85.2 89.8 92.6 95.4 101.1 91 85.7 88.3
112.3 104.5 103.6 101.8 99.2 96.4 93.5 85.6 77 69.8 68.6 70 73.1 78.2 83.1 90 97.6 105.6 115.4 120.5 122.9 126.8 130 134.9 144.4 158.2 169.3 185.2 196.1 200.9 206.6 215 216.7 210.1 209.4 213.4 215.4 218.4 222 221.9 221.9 221.9 221.9 222.1 226.3 230.6 229.1 227.7 227.6 220.5 218.3 225.9 255.8 270.1 258.8 267.6 267.7 261.7 250.6 225.9 190.6 162.9 142.4 122.9 107.9 100.4 93.5 76.6 70.4 66.2 66 64.2 69 71.3 75.3 81 79.6 82.5 82.8 75.9 72.4 73.2
104.3 98.7 98 96.5 94.4 90.3 82.9 75.6 67.6 68.1 68.5 73 82.1 97.6 102.8 107.8 115.7 123.7 129.8 133.5 136.5 140 142.9 146.3 154.6 167.2 180.3 195.9 204.4 208.2 214 214.2 214.4 211 212.6 217.7 213.2 217.9 224.2 227.3 222.1 221.9 221.9 222.6 225.5 229.9 231.5 226.6 224.8 213.9 213.9 219.8 235.5 246.4 257.3 259.5 260 244.1 226.7 195.8 166.9 140.3 122.1 106.7 88.8 81.7 77.1 66.4 61 58.1 56.8 59.7 60.9 60.9 62.1 63.8 65.5 67.9 68 61.6 60.4 61.3
96.9 91.9 91.2 90.6 83.8 77.2 72.2 65.8 67.3 70.6 76.4 85.3 96.6 110.8 117.7 121.8 128.2 136.9 142.8 146.9 148.6 154.1 156.9 157.9 164.3 172.4 185.8 195.6 205.1 209.9 212.6 210.6 209.9 209.6 214.3 209.3 211.9 221.8 223.9 227.7 224.5 221.9 222.6 232.1 237.4 230.9 226.6 220.6 213.9 213.9 213.9 213.9 225.6 230.3 241.7 239.9 233.3 224.3 199.8 167.9 142.8 122.8 105.7 86.9 78.3 66.2 61.1 58.2 55.4 56.4 58 58.7 58.1 57.4 57.6 58.8 59.2 59.6 58.7 58.2 58.9 59.2
88.4 84.1 78.8 77.2 69.7 69.7 67.9 68 73.9 80.2 88.1 96.7 110.6 120.6 128.5 134.2 138.2 146.4 151.6 156.8 159.9 164.4 171.4 174.4 174.1 183.8 193.2 205 208.5 216.5 220.2 211.2 210.1 212.1 205.2 207.8 213.4 224 225.1 225.1 224.9 223.5 223.2 224.7 227.8 230.5 224.9 216.2 213.9 213.9 213.9 217.2 230 236.8 231.2 229.1 216 194 159 141.4 122.8 102.2 84.7 74.7 64 57.4 54.5 53.4 55.4 56 57.2 57.3 57.1 57.4 56.4 56.5 57 57.6 58.3 58.4 60.1 60.6
