Assets/StreamingAssets/GeoData/Data/ny/NY21.asc
ncols 200
nrows 200
xllcorner 320000
yllcorner 510000
cellsize 50
[rows 0 to 34 of 200, columns 0 to 78 of 200]
573.1 559.1 541.7 521.8 504.5 489 476 466.8 461.2 466.5 478.1 489.1 496 501.6 505.6 508.1 511.6 517.7 524.6 532 542.2 553.1 554 546.8 534.3 528.5 514.5 489.3 462.4 449.7 432.3 415 386.7 352.9 334.7 322.3 312.5 302.7 294 286.3 278.1 271.5 270.1 267.6 261.9 261 256.1 254.8 255.6 254.9 252 249.9 243.7 227.8 213.5 198 189.1 180.6 173.4 168.3 164.5 160.8 158 154.9 150.3 144.2 139.6 135.9 129.1 129 136.8 141.1 145.5 150.1 156.5 161.8 168.3 174.7 182.1
539 528.5 514 497.9 483.6 471.1 462 457.3 465.5 479.9 492.3 502.5 511.6 521.3 526 530 537.1 544.6 549.1 555.9 551.6 541.2 530 520.2 510.5 504.7 496.5 483.5 473.9 471.7 466.3 441.4 406.4 374 356.5 344.3 333.8 320.7 310.3 303 297 294.4 290.5 284.5 278.6 274.4 272.2 269.9 267.3 261.9 258.5 248.5 232.9 216.7 202.8 193 184.4 176.2 170 165.3 161.7 158.4 155.4 150 143.6 140.6 138 136.1 128.2 134.6 140 146.2 151.9 158 162.1 166.7 170.8 175.9 184.5
505.2 496.5 486 473.8 463 454.8 446.3 457.9 474.3 490.6 504.3 516.6 528.6 539.4 545.8 553.2 561.5 559.9 548.7 533.5 521.4 510.6 497.7 487.9 478.6 470.5 464.1 457.3 459 459.4 448.9 432.5 409 386.4 363.1 348.8 336.3 324.5 315 307.7 302.1 298.2 294.7 289.5 285 283.3 282.3 277.1 269.8 259.4 247.3 233.7 219.4 206.2 198 189.1 180.5 171.6 167.1 162.7 159.1 155.7 151.6 148.3 142.8 143.2 136.5 130.9 133.8 135.2 143.9 150.8 158.2 164.3 167 170.6 173.5 178.5 185.4
473.7 466.5 458.3 450.1 443.2 436.1 446.3 467.2 486.4 503.1 518.2 531.9 546 556.9 567 569.2 553.1 536.9 521.2 505.6 492.7 479.6 465.6 453.8 444.5 437 431.6 428 432.7 426 413 400.1 377 360.2 345.6 333.6 322.5 311.2 303 297.5 293.9 290.6 288 286.9 284.7 285.1 279.8 272.2 261.6 248.4 235.5 222 209.6 198.1 189.6 182.3 174.8 169 164.9 160.2 156.8 153.4 149.5 145.5 142.9 139.1 132.4 136.1 140.7 143 145.9 155.3 161.9 167.1 170.7 173.3 175.7 179.4 189.3
442.6 440.4 435.1 429.8 422.5 436.4 456.9 478.7 500.9 518.3 533.5 549.6 563.8 575.7 565.6 540.8 522.9 508.2 492.3 475.8 461.2 446.3 431.9 419.9 410.6 403.3 398.5 396.3 398.7 387.6 375.4 363.4 348 335.2 324.1 313.3 302.6 294 286.4 282.8 280.2 278.1 277.2 277.5 278.7 278.1 271.7 262.8 251.2 237.3 223.7 211.8 200.6 191 183.5 177.1 170.5 165.9 162.3 157.2 153.6 150.9 146.9 139.8 133 131.4 130.4 141 144.3 150.1 150.9 159.3 165.6 170 174 176.4 178.5 182.8 191.9
415.8 415.7 413.4 407.6 424.2 448.4 470.4 495.8 517.6 534.3 550.7 567.6 575.6 547.1 536.2 513.9 493.7 477.9 462.2 443.9 428.6 414.4 400.6 388.4 379.1 372.1 367.7 363 359.2 352.7 342.6 332 321.2 311.2 301.2 292 282.1 271.3 267.4 265.3 263.8 263.6 263.8 264.6 266.1 265.7 260.5 252.2 240 227.2 214.4 202.9 192.4 184.2 177.4 172.8 167.1 162.7 158.4 154.2 151.2 147.9 143.7 133.4 131.4 131.5 134.8 146.2 152.7 157.4 159.8 162.3 168.6 173.3 176.7 179.8 182.7 186.4 194.3
386.8 389.3 387.9 408.6 438.3 461.8 486.1 514.7 534.2 551.1 567 564.6 536 518.8 494.6 480.7 462.4 444.5 428.9 412.2 398.1 384.3 370.2 358 348.9 341.8 336.9 331.7 326.9 320.1 313.1 305.3 297.1 288.4 278.9 270 262 249.5 247 248.1 249.3 249.5 250.5 253.9 257.6 256.1 250.1 241 229.1 216.2 204.8 194.6 185.8 179.1 171.6 167 162.3 157.6 154.1 151.3 147.9 144.3 139.8 132.6 133 136.8 145.3 154.4 160.7 161.4 163.5 161.1 170.2 174.8 178 182.2 185.1 188.7 196.6
362.1 385.1 406.2 431.9 456.1 478.7 504.3 532.2 547.8 557.2 552.4 528.9 498 485 459 446 429.5 407.9 394.6 381.6 371.9 354.3 339.4 328 318.1 312 306.8 301.7 296.8 292.3 286.4 280.2 272.3 264.2 257.1 249.7 241.9 231.8 230.5 233.3 234.7 236.2 242.6 249.3 251 247.2 237.8 226.8 215.4 205.2 195 187.1 179.7 174.6 168 163.4 159.1 155.1 151.4 147.2 144.1 139.8 136.9 133 137.6 143.6 149.8 159.1 163.6 163.8 166.3 165.6 167.6 171.7 176.5 179.1 183.7 191.7 200.5
395.5 416.6 437.1 458.9 478 500.4 526.5 537.9 540.3 536.8 518 487.9 465 449.4 428.6 405.4 391.2 376.1 364.5 351.6 340.8 323 309.9 299.7 289.9 284.6 280 275.7 271.5 266.9 262 255.5 249.6 243.4 236.4 231.7 225.8 215.1 217.2 219.7 221.6 225.9 235.6 240.3 237.8 232.4 224.2 214.6 204.3 195.4 186.4 179.3 175 172.1 166.4 161.6 157.7 152.4 148.5 144.3 141.8 140 136.2 133.6 137.9 146.3 153.3 161.5 165.9 168.9 171.7 175.1 176.3 177.9 182 184.7 187.1 191.5 200.9
424.1 442.8 462.4 482.4 503.4 523.3 525.4 519.1 512.2 502.5 479 452.9 431.8 409.9 386.4 370.7 358.4 346.3 333.1 320.5 307.3 295.6 283.3 271.1 263.7 258.6 256.1 250.8 248.8 244.9 240.9 236.3 230.7 225.3 219.3 213.2 207.1 201.9 201.8 203.9 210.6 214.4 222.2 226.5 224.2 219.6 211.2 203.6 196.3 188.1 178.9 174.6 172.3 168.8 164.4 158.7 155.3 150 145.6 141.9 138.6 136.3 134.9 134 136.4 146.4 156.5 164.4 171.8 179.4 183.3 185.9 184.5 185.2 187.1 191.2 193.8 194.4 201.1
450.6 470.6 490.6 510.9 518 514.2 507.5 496.4 483.3 468.2 443.1 416.8 394.9 372.1 352.5 339.9 327.4 311.8 300.8 289.8 280.3 269.4 258.7 249.1 241 236.2 235.9 233.2 230.1 228.3 224.3 218.4 212.8 209.9 203.1 196.5 193 192.4 193.4 191 187.6 205.9 210.2 213.6 212.2 208.1 201.5 195.6 187.3 181.8 177.1 172.2 168.8 165 160.6 156.6 153.4 150.3 144.2 138.6 137 135.8 135.1 134.7 139.2 148.7 164 179.3 185.9 193.5 197.7 198.1 195.8 195.9 195.2 196.8 198.2 198.9 204.9
481.1 500.5 512 512.2 507 495.5 480.9 468.2 451 436.7 413.8 390.5 369.2 347.3 326.9 309.8 296.6 284.4 273.9 263 254.1 246.1 239.4 233 229.8 223.7 222.4 219.7 216.9 213.6 210.9 204.2 199.2 195.4 193.4 192.1 192.2 195.8 194 192.8 190.8 185.9 198.9 204.4 202.2 197.1 185.9 179.4 177 176.3 174.1 168.4 163.7 160.3 155.3 150.8 147.5 144.1 140.4 138.5 138.5 137.6 135.8 136 142.7 158.7 178.3 192.2 202.5 213.7 217.7 213.7 209.8 207.7 204.3 203.4 204.4 206.8 211.8
496.4 507.1 506 498.3 485.6 470.3 456.8 442.8 426.8 409.9 388.8 369.2 348.6 319.9 295.3 275.4 261.2 258.5 249.1 241 233.7 230.3 224.4 221.2 219 216.2 213.1 211.7 209.2 204.6 202.6 199.8 194.9 194.4 192.6 202.6 202 202.1 201.8 199.7 193.9 191.4 183.5 189.7 190.1 179.7 174.8 171.3 169.1 165.9 163.8 161.4 157.7 155.9 151.9 148.6 145 142.8 141.1 141.5 140.6 138.5 136.4 139.1 150.3 166.5 195.1 215.7 231.6 239.8 240 231.1 223.1 216.1 210.2 211.6 214.7 214.3 209.6
499.9 503.7 498.1 481.1 468.4 449.9 435.4 432.2 417 390.8 368.8 347.1 325.5 286.9 263 272.5 272.5 260.3 247.9 237.1 232 230.2 222.8 214.7 212.3 210 208.7 206.3 205.3 202.2 200.1 197.4 196.8 201.5 204.5 205.5 204.5 205.2 205.4 205.1 203.8 203 196.6 188.8 187.3 185.5 185.9 186.2 182.6 177.6 168.5 164.9 160.1 155.9 152.1 149.5 147.4 145.8 144.1 142.6 141 138.9 136.8 139.6 156.4 176.3 205.7 239.6 278.5 277.1 265.9 247.4 232.9 226.1 220.4 219.9 222.3 222.1 216.8
511.7 512.6 509.6 490.5 468 449.3 433.7 414.7 398.7 373.8 355.4 324 300.6 295.5 315.9 329.9 302.9 285.2 268.4 251.8 240.7 231.3 222.9 219.2 216.3 212.7 200.2 200.3 199.2 197.3 197.4 196.1 207.4 209.4 209.5 210.1 210.1 210.9 211.2 212 212.8 211.2 206.6 201.3 197.1 195.4 193.1 190.7 186.4 180.6 173.9 168.5 163.4 158.6 153 150 147.9 145.9 144.6 142.8 140.4 137.8 138.4 143.4 161 181.8 210.1 261.9 303.2 318.3 298.3 273.4 258.2 246.3 236.2 229.9 232.8 234.1 232.1
532 515.7 498.7 477.8 455.6 436 419 398.8 374.5 358.2 345.9 330.6 331.9 341.7 347.8 330.7 300.5 281.7 264.1 249 236 225.3 219.1 216.1 203.5 202.1 200.4 200.9 201.3 201.1 203.6 209.1 214.3 214.6 215.4 216.2 216.7 218.2 219.5 218.9 218.4 215.9 211 205.4 202.1 199.3 196.9 192.7 186.4 179.6 173.9 168.7 163.7 159.6 155.7 151.1 148.8 146.6 144.2 141.8 139.4 138 143.9 149.8 163.5 183 213 258 303.1 329 331.3 314.8 288.7 273.3 258.6 246.6 242.2 244.7 241.8
532.7 506.8 485.9 465.9 443.6 422.1 398.7 377.6 359.8 362.8 364.5 370.7 374.6 363.7 342.2 316.5 290.4 271.2 255.4 241.7 229.1 220.3 214.9 208.2 202.2 200.4 203.9 207.4 208.5 212.2 215.3 217.6 220.6 222 225.2 226 225.7 226.9 227.6 225.5 223.4 219.5 214.6 210.4 207.6 203.8 200.7 196.5 188.8 180.1 173.6 166.8 162.3 158 154 149.8 147.6 145.7 144.2 142.9 140 138.3 144.6 151.4 164.1 183.9 214.2 259.9 299.8 320.7 347.9 343.9 320.4 301.5 286.5 276.4 266.9 260.1 256.3
520.5 495 472.2 451.8 431.2 409.1 397.5 390.3 390.4 401.1 409 401.7 375.2 348.6 325.2 300.3 278 260.7 245.4 231.9 222.2 215.7 210.8 204.3 201.6 206.7 210.2 214 215.6 218 221.5 225.2 228.7 231.1 234.2 236.1 235.5 235.8 235.1 231.8 228 224.1 220 216 212.4 208.4 204.4 198.8 189.9 180.2 170.7 163.4 159.6 155.9 150.4 150.6 149.2 147.6 146.1 144 142.2 140.2 141.7 151.2 164.5 185.8 216.5 252.8 283.8 317.8 361 373.1 366.4 350.2 331.3 312 303.5 290.5 281.7
504.4 484 460.3 439.5 419.9 419.8 424.9 425.6 433.1 436 408.1 381.5 355.3 331.2 307.6 285.4 265.9 248.8 235.4 224.2 218.2 211.9 206.6 203.2 204 213.7 217.3 219.6 221.4 225.1 230.9 234.2 238.1 241.8 244.2 245.5 244.6 243.8 241.8 237.9 234.5 230.9 227.5 222.8 219.4 213.9 207.2 199.1 189 178.5 167.3 162.7 157.2 153.8 154.9 153.7 153.6 151.2 148.7 146.1 143.2 140.9 139 150.4 163.8 186.9 214.6 244 276.1 319 363.2 399.4 406.4 400.7 383 366.1 343.3 326.3 316.6
484 468 447 429.5 432.8 443.6 454.2 463 460 426.3 394.1 365 339.6 315.5 292.2 271.8 253.3 237.9 225.5 220.1 215.6 209 206.4 205.4 214.5 219.7 223.5 226.1 228.9 234 239 243.5 248.2 251.5 253.2 254.6 254 252.2 249.4 246.4 242.9 239.6 235.6 232.1 225.8 217.3 206.2 197 186.3 174.2 168.8 169.3 167.9 163.7 159.9 158.4 156.3 153.8 150.9 148.3 146.1 141.7 140.5 149.8 164 183.8 207.4 234.2 271.5 312 353 396.8 407.3 410.9 405.6 388 378.4 364.5 341.8
478.8 457.6 447.3 448 462 473.2 486.6 476.9 448.7 412.9 379.6 350.8 325.2 300.7 279.8 257.4 241.7 228.8 222.3 216.6 210.2 207.3 205 208 220.9 225.9 229.9 233.4 237.5 243.2 249 254.7 258.9 261.8 264.3 265 264.7 264.4 262.1 259.5 255.8 251.5 246.1 238.6 229.6 217.2 205.3 194.2 182.3 173.7 174.6 173 171.1 166.8 164.2 161.5 158.9 157.4 155.7 152.5 149.6 143.7 143.1 152.5 164 180.1 201 229.2 263.8 310.7 360.1 393.4 404.6 405.1 400.7 397.8 387.6 371.9 351.6
497.7 487.1 483.2 485.7 487.5 490 479.4 456.9 427.3 395.3 365.3 338 313.5 288.9 269.3 250.8 232.8 225.9 220.3 212 208.8 209.3 213.7 220.5 226.5 232.1 236.3 241 245.9 252.8 260.2 265.4 269.3 273.5 276.7 279.3 281.5 281.7 278.8 274.6 268.2 262.2 252.5 240.9 227.5 214.4 201.7 190 178.7 182.4 180.2 177 174 170.8 168.9 167.5 168.6 167.6 160.9 155.4 150.1 141.8 143.3 149.9 164.1 177.2 197.3 224.3 266.5 309.5 363.5 400.6 405.6 400.8 412.5 406 393.5 379.4 361.4
521 511 513.3 491.5 478 467.4 454.9 434.8 406.5 376.2 349 323.3 300.7 277.7 259.4 240.7 228.7 223.8 217.2 209.9 208.7 214.2 218.8 224.8 231.3 237.4 242.1 247.2 254 262.6 269.1 274.4 280.2 285.9 290.7 294.8 300.3 301.5 297.9 287.9 276.1 265.3 252 237.5 222 208.8 196.1 185.4 187.8 188.6 186.4 181.4 178.8 176.6 177.6 179.7 184 173.2 161.9 155 148.4 143.2 144.9 150 160.6 175.9 197.4 227.3 266.2 317.5 364.2 395.1 405.1 410.1 411.4 406.5 397 383.3 370.4
509.5 496.7 490.2 476.3 462.4 449.8 434 412.2 383.4 356.8 332.1 307.9 286.3 266.3 248.9 234.9 226.5 221.2 212.3 210.9 214.1 217.8 222.1 228.9 234.8 242.1 248.5 256 265 272.1 278.8 285.1 292.5 298.5 305.8 314.5 320.7 320.8 304.4 288.4 276.1 262.1 246.6 229.7 214.9 202.1 189.6 192.1 198.3 194.9 193.4 191.5 190.6 190.9 194.8 194.5 197.7 173.3 162.5 154.3 145.6 143.2 144.4 151.3 161.2 178.9 199.7 233.1 278.7 320 354.9 397.7 409.2 414.1 411.4 408.1 401.8 393.6 384.3
491.4 479.6 469 459.1 445.2 431.5 416.5 393.4 365.3 339.5 316.9 295 275.8 257.3 240.8 228.7 223.6 219.1 211.8 212.1 216 220.2 225.8 232 239.5 246.6 254 263.6 271.9 279.1 286.6 293.9 302.2 309.6 318.9 329.6 334.1 322.3 304.3 287 272 255.1 238.8 222.3 210.2 197.2 193.4 202.9 202.8 201.9 203.3 203.6 204.1 208.6 210.1 204.5 196.8 174.8 161.9 152 143.4 144.1 145.9 152.9 162.8 178.2 199 233.8 274.5 320.2 357.9 401 410.7 411.9 413.5 410.6 407.7 402.7 399.2
470.6 459.9 446 433 417.9 399.8 383.5 373.6 343 318.2 296.9 278.5 263.3 246.9 233.3 225 220 214.9 212.8 216.1 219 224 230 237.2 244.8 252.7 262.4 272.5 281 288.6 297.1 306 314.9 324.8 336.4 346.5 335.9 319.2 300.4 279.7 262.5 244.2 227.8 215.9 206.1 193.6 207.2 210.5 211.1 213 215.4 217.2 223.3 228.5 226.3 214.5 192 177 161.6 151.4 142.9 145.1 147.7 152.2 164 177.1 200.3 242.7 290.7 339.2 377.7 404.6 410.4 413.5 415.3 418.4 422.4 418.8 419.6
453.3 442.4 419.3 401.1 387.8 367.3 348.6 337 316.4 297.3 279.1 263.2 248.5 236.3 227.4 220.4 216.2 214.1 216.2 219.2 222.9 229 235.1 243.3 250.6 261.7 270.9 281 290.1 298.8 307.2 317 326.4 338.9 352.3 352.7 332.4 312.2 290.4 268.5 250.1 233.5 219.7 211.7 199.4 208.8 214.6 218.1 222.3 228.2 231.5 235.4 247 256.7 241.8 217.2 192.8 175.1 158.4 148 143.9 146.9 152 157.1 165.9 180.8 206 247.2 290.1 331.7 376.2 409.5 425.8 428.7 430 432.2 431.3 432.7 436.1
425.7 413.6 392.3 373.1 352.8 335.6 320.2 308.4 292.6 275 260.9 247.9 236.6 228.1 220.3 216 213.9 218.3 219.3 222.2 226.1 232.9 239.6 247.6 257.5 268.1 278.6 289.2 298.6 309.3 318 328.3 339.3 355.3 362.3 343.5 324 302.1 279.9 258.3 239.7 225.3 214.5 203.5 209.4 217.9 224.9 231.7 237 243 251.2 267.4 283.6 274.9 253.6 222.1 191.3 175.7 161.2 150.9 146.3 145.4 152.7 159.4 165.9 187.8 223.4 257.7 290.2 328.4 370 419.4 441.6 444.2 443.2 440.4 440.8 445.2 453.8
398.6 376.7 363.6 349 328.5 310.5 295.3 281.6 269.9 256.6 244.3 236.3 227.6 220 217.4 217.1 219.4 220.8 223.9 226.6 229.7 236 243.9 254.3 265 275.4 285.9 297.5 308.2 319 329.1 339.2 353.3 367.3 353.7 333.4 312 288.8 266.9 248.1 231.2 217.7 205.5 211.1 219 229.3 237.3 245.9 252.9 265.2 281.1 308.6 307.7 275.4 250.8 216.4 190.3 172.6 162.3 153.2 146.9 145.2 151.9 161.6 170 189 231 258 303.7 339.1 372.6 413.1 444.1 449.4 455.4 456.1 456.8 464 478.5
371.9 347.8 335.3 323.6 309.5 290.6 277.8 267.5 250.9 242.7 233.9 225.1 220.8 221 221.1 221.9 220.9 226.3 228.8 231.3 236.8 242.8 251.5 261.9 273 282.9 294.4 305.9 318 329.8 341 354.5 369.3 365.5 341.5 319.6 297 273.6 253.9 236 222.4 210.7 212.2 221.5 233.7 243.4 253.5 263.5 274.4 297.4 317.2 336.9 306.4 269.9 239.4 210.9 191.6 172.7 160.6 153.6 146.9 148.9 154.5 164.3 173.9 203.4 228.7 259.3 295.1 328.9 369.2 420 442 455 471.2 475.6 484.5 485.7 495.3
337.7 326.1 308.3 298.1 285 271.8 260 249.1 239.2 233.9 226.9 223.5 221.4 224.3 225.5 227.1 224.8 229.3 232.7 236.1 241.4 252.2 260.7 270.7 279.6 291.4 302.8 315.2 327.8 340.9 354.9 370.6 379.5 354.6 329.5 304 279.4 259 241.1 226.9 214.8 219.3 224.8 235 246.7 259.5 273.7 287.9 308.3 332.2 355.2 346.2 299.6 265.4 233.8 205.7 186 171.6 158.7 152 148.3 151.3 157.3 165.6 178.7 199.1 225.5 255.6 286.8 316.2 358.9 390.7 424.4 459.7 480.6 493.9 508.4 516.9 527
329.6 301.1 291.3 276.8 264.8 254.3 244.7 238.3 231.7 225.9 223.7 224.2 228 229.9 231.5 232.4 231.4 231.1 236.4 241.2 248.9 259.7 268.7 277.9 287.4 299.7 312 324.9 338.9 354.4 369.8 386.1 369.4 342.8 314.3 287.1 264.4 244.6 230.2 218 222.3 226.8 234.6 246.1 263.2 279.8 295.1 316.5 343.4 368 373.7 342.2 294.6 258.2 228.5 202 184.5 167.5 157.4 151.6 149.7 152.2 158 167.1 177.2 198.1 218.8 248.6 282.6 332.7 378.2 414.3 451.9 487.9 506 532.7 546.2 546.5 550.8
314 293.8 277 260.7 251.1 243.8 235.5 229.8 226.8 225.1 228.8 232.3 234.6 237.1 238.3 240.8 240.5 232.7 240.4 246.5 257.1 266.7 276.9 286.5 297.4 309 320.6 335.3 350.8 368.7 386 382 360.2 331.7 299.9 272.5 250.2 233.6 223.4 226.8 230 235.8 246.8 263.6 282.6 300.4 318.9 346 375.7 388.2 363.4 332.1 296.1 254.3 222.6 195 178.3 167.4 158.4 149.9 149.3 150.9 158.4 167.6 181.7 204.2 231.1 261.8 303.1 352.6 398.4 441.4 463.1 487.8 527.1 560.2 557.6 550.5 549.7
297.7 280.4 265.6 249.9 241.5 236.8 231.1 227 228.9 231.6 235.4 240.3 242.8 248.5 252.6 250.9 244.5 238.5 245.5 252.8 263.1 273.5 283 292.3 303.3 317.6 331.4 348.1 365.4 382.9 390.2 368.5 343.4 311.3 282.4 257.3 238.3 227.4 229.7 233.5 241.1 250.2 264.6 283.3 304.2 324.3 349.9 380.7 406.2 380.1 348.9 317.9 289.7 252.7 215 189.1 173.7 165.7 157.6 151.1 150.6 151.1 158.8 169 184 208.5 237 271.6 322.7 371.6 413.5 450.2 507.7 537.4 551.2 558.4 557.4 552.4 548.2
282.1 266.3 253.1 243.3 234.7 231.3 230.1 232.8 238.3 240.9 247.2 255.8 261.7 263.4 265.9 261.4 249 243.2 249.9 256.6 266.8 276.6 285.8 296.2 309.3 324.7 340.7 358.6 381.1 397.1 374.6 346.4 318.7 290.3 265.8 246.8 230.1 232.1 236 243.7 252.5 265.3 283.2 303.9 326.8 354 394.3 411.5 391.7 363.6 334.8 297 269.7 237.1 204.2 183 170.7 164.3 158.2 151.9 149.3 151.3 157.6 170.3 189.5 216 245.4 281.4 338 395.2 428.3 471.9 519.4 557.3 563.2 561.6 556.6 552.8 547.4
