Assets/StreamingAssets/GeoData/Data/ny/NY23.asc
ncols 200
nrows 200
xllcorner 320000
yllcorner 530000
cellsize 50
[rows 70 to 104 of 200, columns 0 to 77 of 200]
185.2 187.7 188.6 191.4 190.9 195 197.8 199.8 201.9 206.8 211 222.1 234.8 248.6 256.1 260 261.2 261.1 263.6 268.3 275.9 282.5 286.8 289.2 294.7 302.6 304.5 303.7 302.4 302 302.7 304.7 304 302.8 301.7 300.7 299.7 295.8 292 292.4 294 295.9 295.9 295.6 294.8 293.4 292.1 291.3 290.2 290.3 291.7 293 294.7 298.2 302.4 305.7 306.2 306.1 305.2 302.5 299.8 296.4 290.5 286.8 282.3 276.9 270.5 262.6 253.3 244 236.8 229.9 224.7 219.9 217.5 215.5 211.9 208.5
180.3 182 183.7 186.3 188.8 191.3 193.7 195.4 198 201.4 203.8 208.9 219.9 235.8 250.5 254.4 252.3 255.2 262.2 269 277.6 285.3 288.9 290.9 295.4 301.9 304.9 303.6 302.9 302.6 303.6 305.2 304.6 303.8 303 302.4 301.3 297.3 295.5 296.7 297.8 299.4 299.3 299.3 299.4 298.5 297.1 295.8 296.1 295.7 295.7 296.5 298.7 298.8 303.3 307 308.3 308.4 309 305.8 303.3 299.5 295.5 292.2 286.6 282.2 275.7 268.4 259 249 239.6 233.2 227.2 221.4 219 215.3 211.7 208
180.9 182.4 183.8 186.6 187.9 188.8 189.7 191.2 193.9 196.4 197.9 199.6 205.3 217 230.3 237.8 239.6 247.7 255.5 267.5 278.7 289 291.4 291 294.2 298.1 303.9 304 304.8 305.1 305.3 306 306.4 306.2 306 305.6 303.6 300 300.7 301.8 302.4 303.2 303.3 303.6 303.7 303.4 302 300.9 301.4 301.6 300.9 300.8 302.4 303.4 304.3 307.7 310.6 311.2 311.9 310.4 305.9 303.3 301.4 297.3 293.4 287.9 281.5 273.8 264 253.6 243.4 234.7 228 222.7 220.8 215.2 212.2 207.4
181 182.1 182 184.5 185 185.7 187.6 187.6 190.3 191.3 192.5 194.2 197 203.3 210.8 218.2 232.4 242.2 254 265.8 276.7 287.1 288.8 289 292.9 296.4 303.8 306.9 307.7 307.2 307.5 308 308.2 308.4 309.5 307.7 305.6 305.1 306.6 308.1 308.1 309.2 309 308.8 308.5 307.4 307.4 308.1 308 308 306.8 308.1 307.4 309.2 309.9 311.7 314.8 315.1 315.1 314.4 309.8 309.7 307 303.6 300.2 294.8 288.9 280.2 270.8 259.9 248.5 238.8 229.2 223.8 219.6 216.2 210.9 206.1
178.6 180.5 178.7 182.5 183 183.3 185 185.1 186.2 187 187.7 188.6 191.8 196.5 204.6 214.4 223.9 237.1 249 262.7 270.6 276.9 281.6 286.5 291.8 297 303.8 310.3 311.9 311.1 311.6 311.6 311.3 312.8 313.7 311.6 308.7 310.6 312.4 313.7 313.5 315 314.8 314.7 314.6 314.7 314.8 315.2 315.8 314.6 313.7 313.8 313.5 314.4 314.3 315.2 315.3 317.2 318.1 317.5 315 314.8 312.7 310.2 307.3 303 295.8 287.5 277.2 266 254 241.5 231.7 224.7 220.1 216.2 211 205.3
176.3 175.2 178.3 181 181.1 179.7 181.8 181.3 179.4 183.7 182.1 184.4 188.1 193.3 198.5 205.1 215 224.9 238.6 253.7 263.7 271.8 278.8 283.2 288.3 295 302.7 317.4 316.1 316.3 319 316.3 315.5 317.3 316.8 313.6 314.1 316.1 317.8 318.9 319.4 320.2 320.4 320.6 320.7 320.9 322.5 323 322.4 321.2 321.1 320.3 319.7 319.7 320 320.3 319.5 319.1 320.3 319.6 320.3 319.3 319 317.2 315.1 310.8 303.9 295.2 283.7 272.5 259.5 245.6 234.4 226.8 221.8 217.5 213.4 209.3
172.8 174.7 176.6 178.2 177.6 175.9 177.3 176.2 179.5 180.2 180.7 182.6 185.4 189.6 194.1 199.1 206.9 215.5 224.1 239.1 253.3 264.9 274.3 280.8 281.8 288.2 296.6 312.3 313.9 317.5 324.9 321.7 320.5 321.8 319.5 316.7 318.8 321.6 323.2 322.7 323.5 325 326 328 329.8 329 329.2 329.7 329.2 329.5 329.2 328.3 327.4 325.7 325.1 324.7 323.1 323.1 322.8 322.6 325.2 324.8 324.8 324.3 322.6 318.2 312.4 303.3 290.9 279.6 265.3 249.9 238 229.5 224.2 219.9 216.8 214.3
169.7 172.3 173 174.7 174.9 173.3 172.7 173.7 176.3 178.2 179.5 181.3 185 187.6 191.2 195.8 201.6 208.4 215.2 224.4 235 244.9 255.9 261.4 268.7 276.3 284.9 296.5 307.8 314.8 322.3 323.8 322.5 319.7 317.9 316.4 318.1 322.1 324.5 325.4 328 330.4 333 335.4 340 340.9 338.6 338.3 338 337 336.9 336.3 334.3 332.3 330 328.3 326.9 325.6 326 326.6 329.3 330.5 330.2 330.3 329.2 324.9 319.7 310.7 298.6 284.4 268.7 253.4 242.5 234.7 229.1 224.7 221.7 219.1
167.4 169.9 170.6 171.1 172 171.1 171.2 172.9 174.3 175.8 178.7 181.4 184.8 187.8 191.2 194.7 198.3 203.1 209.9 215 222.7 229.8 240.2 248.4 257 265 273.2 283 295.4 307.8 315.6 318.3 317.4 315 313.2 312.9 315.3 319.3 322.4 325.6 329.3 333.3 336.6 340.9 345.3 347 347.3 347 346.2 346.2 345.2 344.5 342.3 338.9 335.7 332.7 331.1 331 330.9 331.2 334.1 335.6 337 337.2 336.1 332.8 328 318.6 305.1 291.5 275.4 258.9 247.3 240.4 234.8 229.6 226.4 223.9
165.2 167.4 168.5 169.1 169.6 169 169.7 171.2 174.1 176.4 178.5 180.9 183.9 186.6 190.1 193.3 196.9 200.7 204.6 208.8 213.7 221.3 228.7 235.9 244.9 252.9 260.4 269.4 278.2 290.7 300.2 304.6 306.1 306.8 306.9 310.2 313.9 319.9 324 328.7 334.8 339.6 344.1 348.3 352.7 354.6 353.1 353.3 355.1 357.4 354.4 352.3 347.6 345 342.8 339.5 339.2 339 340.1 337.9 340.5 342.2 344.1 345.8 344.7 341.6 334.4 326.1 312.7 298.2 281.2 264.3 253.9 246.2 240.7 235.3 231.2 228.3
163.4 164.9 166.1 167 167.5 167.5 169.2 171.9 174.4 176.6 178.8 180.2 182.7 185.5 188.7 191.8 195.5 199.4 203.1 206 207.4 211.8 216.5 225.9 233.2 240.9 248.7 256.2 265 273.4 282.5 289.9 291 293.7 301.1 307.7 314.5 321.4 327.3 333.9 339.8 344.6 349.6 356.1 360.3 362.5 360.7 360.5 363.2 365.8 364.6 362.1 359 356 352.9 348.5 346.8 347.2 347.1 344.1 346 346.5 347.4 348.7 348.5 346.3 338.9 328.6 316.4 301.6 282.6 269.4 261.3 252.9 246.9 240.9 235.4 230.2
161.6 162.5 163 163.2 165.3 167.1 168.9 171 173.6 176 178 180.3 182.7 184.9 187.2 190.3 194.2 197.9 201.5 204.3 204.7 206.2 207.6 211.6 220.1 228.5 237.3 244.7 251.8 258.7 265.1 270.8 277.6 289 298.9 306.4 314.2 324.1 329.7 336.9 343.6 353.7 361.4 364.1 367.1 370.2 368.9 370 373.1 374.9 377.2 372 368.7 365.3 361 357.8 355.6 354.2 353.5 350.7 351.7 351 352.4 353.6 354.2 351.3 344.5 333.6 320 301.4 286.5 276 267.8 259.2 252.3 245 238.3 233
160.1 159.2 160.4 163.9 166 168 169.8 171.9 174 175.9 178.1 180.5 182.6 184.8 186.9 189.1 192.7 196.3 199.3 202 203.5 202.1 204.3 207.6 211.8 217.4 225.6 234 241.6 247.9 254.9 262 273.8 286 296.4 305.5 315.5 327.4 335.2 340.1 347.4 355.8 364.5 371.9 377.2 379.4 381.9 383.4 383.8 384.5 386.1 383.8 378.3 374.8 369.1 365.4 363 360.8 359.4 355.7 356.6 357.6 358.8 360.1 357.7 355.6 347.5 336.5 323.3 309.2 295.9 284.7 274.4 264.7 255.3 247.1 240.5 233.5
157.3 158.5 161.4 163.8 166.1 168.4 170.8 172.9 175 176.5 178.5 180 182.5 184.7 186.7 188.3 190.1 193.1 195.8 199 201.6 199.3 202.8 204.9 207.7 211.7 217.2 225.3 231.2 241.1 248.6 257 267.6 279.8 292.6 305.6 316.3 328.2 343.4 350.8 355.5 360.9 369.8 377.5 383.9 385.3 389.2 393.5 397.3 396.4 394.3 391.1 386.5 383.6 379 373.8 370.8 368.9 365.6 363 363.7 364.7 365.4 363.5 363 360 349 337.6 327.7 314 302.1 290.7 279.3 269.1 258.7 248.7 241.5 234.1
154.3 158.2 160.4 162.2 165.1 167.4 169.7 172.4 174.6 176.3 178.3 179.7 181.2 183.8 185.5 186.6 185.7 188.1 193.1 196.9 199.4 197 196.1 200.8 204.3 208.7 213.4 220.1 226.6 234 242.4 251.9 261.2 274.2 288.5 302.7 318.6 334.7 347.7 356 365.8 371.8 377.2 386.6 388.9 390.9 396.2 405.8 407.3 407.1 404.3 399.1 395.2 391.2 387.6 382.6 378.4 375.9 371.9 369.8 369.1 369.2 369.6 366 362.9 357.5 348.9 341 332.3 320.7 307.6 294.7 283.3 272.4 261.3 251.6 242.6 237.3
152.1 158 159.7 162.5 163.8 165.9 168.5 170.9 172.9 173.8 176.5 178.4 179 182.3 184 180.9 181 184.7 187.5 189.4 192 196.8 200.4 202.6 201.7 206.7 211.6 216.9 221.8 227.4 235.9 245.8 256.7 269.8 283.1 303.1 321.5 337.4 358.5 372.2 379.9 377.5 385.1 395.2 400.7 400.1 405.2 410.7 415.7 415.8 413.6 408.4 404.3 400.1 395.5 391.2 386.6 382.1 377.7 376.2 374.7 374.3 372.8 367.8 362.1 357.4 351.2 345.1 336.4 325.1 312.2 299.1 287 274.7 263.7 253.2 244.5 239.7
153.1 158 159.3 161.3 162.8 160.7 163.9 165.2 168.4 171.1 174.5 176.2 177 179.9 181.9 176.9 185.6 188 190.7 193.3 196 198.7 202.8 205.6 207.6 209.3 210.4 213.4 218.8 225.5 232.8 241.7 252.8 265.9 279.6 298.8 323.4 341.8 361.4 385 398.2 400.5 398.1 399.4 406.2 414.6 420.6 423.6 422.2 423 421.3 417.8 412.3 407.4 401.8 397.6 391.4 387.5 384.4 382 379.1 377.7 374.8 367.4 360.7 356.5 350.9 344.9 338 327 314.9 301.9 288.9 277.4 266 255.7 247 241.2
152.6 156.2 157.5 157.9 154.7 157.7 156 158.9 161.5 167.1 171.6 172.9 175.2 176.4 178.4 175.5 183.6 186.5 189.1 192.5 196.2 198.9 202.1 205 208.2 211 213.6 215.1 218.5 223.7 230.6 239.2 248.3 262.3 278 295 317.3 340 360.1 377.7 400.6 405.9 405.6 405.6 410.3 421.6 429.5 434.1 434.5 432.5 429.6 423.3 419.4 414.3 409.2 402.1 396.9 390.4 387.9 383.8 380.5 377.5 372.8 367.4 359.8 354.3 349.4 343.6 337.6 327 315.1 302.9 288.8 277 265.4 256.7 247.7 242.6
147.9 149.6 149.9 151.3 154.4 161.3 163.5 164.9 166.1 162.3 166.2 169.6 172.2 172.7 171 174.3 181.6 184.5 187.2 190.5 194.8 198 201.3 204.2 207.1 210.4 214.1 218.4 220.6 224.2 228.7 235.6 245.1 257.1 271.9 288 310.9 337.3 357.1 376.3 387.8 395.5 401 408.7 416.3 421.5 429.6 438 440.9 441.8 442 433.5 426 421.5 415.4 407.3 399.9 391.9 389.5 385.3 380.9 377.4 371.9 365.6 358.5 351.3 347.3 340.2 333.7 325.1 313.1 301.6 288.5 276.7 265 256.7 249 244.5
152.3 154.6 156.5 158.7 157.9 161 163.2 164.5 165.7 167.4 166.7 165.7 168.2 170 171.4 174 179.3 182.5 185.2 189.3 193.5 197 200.4 204.1 207 209.7 212.7 216.9 219.5 223.8 229 235 241.7 252.1 265.5 280.6 302.3 330.4 348.8 366 379.3 391.6 401.3 410.9 417.4 424.2 431.7 435.4 436.8 441.9 446.1 437.9 433.8 428.3 420.8 410.3 402.3 395 389.5 384.4 380.2 373.6 369.8 364.9 357.2 348.5 344 337 329 321.6 311.3 300.3 288 276.3 265.9 258.3 249.3 244.7
153 154.8 156.7 158.5 160 160.2 161.3 162.5 164.2 165.8 167.7 169.2 169.4 169.7 172 173 178.4 181.3 183.9 187.4 191.6 195.9 199.6 203.2 207 210.1 212.5 215.5 219.1 223.6 228.4 233.7 240 248.6 259.7 273.6 290.4 314 335.7 356 373.4 390.1 400.8 409.1 417.3 423.9 430.3 435.1 437.6 438.1 438.8 434.8 431.5 427.9 421.5 412.3 402.4 394.5 389.3 382.9 377.9 372 367.1 359.5 351.7 344.7 339.2 333.2 323.6 316.9 307.2 297.2 285.9 274.5 265.9 259 249.4 245.9
152.8 154.7 156.5 158.4 160.3 159.9 159.4 160.7 162.3 164.2 166.2 168.2 170.2 170.6 173 173.9 177.5 180.8 182.9 186.1 190.6 195.1 198.6 202.4 206.3 209 211.2 213.9 217.9 222.6 227.1 232.3 238.4 245.9 256 268.8 281.5 300.8 322.3 343.3 362.9 383.6 393.5 404.1 418.9 426.4 431.1 436.5 438.3 438.2 438.4 435.4 428.8 426.4 416.8 410.1 402.5 394.3 388.8 380.7 374.8 367.7 360.3 352.9 343.4 340.4 334.8 327.2 318 308.1 300.1 292.6 282.9 274 265.2 258.1 251.2 246.7
152.3 154.3 156.3 158.2 160.1 159.9 159.1 159.6 161.2 162.5 165.1 167.2 169.3 171.3 173.3 175.3 178.4 180.3 182.3 185.2 188.4 192.4 197.3 200.7 204.4 206.8 209.4 212 214.8 220.5 224.9 230.9 237 244.2 254.4 262.9 274.9 291.1 309.7 328.5 347.1 365 378.6 397.6 413.1 427.6 434.3 437.7 437.5 436.3 436.1 433 430.2 423.1 414.6 406.3 399.3 393.3 384.6 377.5 370.9 362.6 352.3 343.4 337.2 333.3 329.2 321.8 312.3 302.9 293.8 286.4 279.1 271 263.1 257.3 252 250.2
151.7 153.6 155.5 157.4 159.4 161.2 161.4 161.4 161 161.7 164.9 166.9 169 171.1 173.1 175.2 177.2 179 181.7 184.7 187.7 191 194.6 198.5 202.6 205.2 206.9 209.4 211.6 215.3 221.5 229 236.1 243.6 252.3 259.9 270.3 283.4 300.7 320.6 335.7 350.2 365.8 382.8 400.8 414.7 424.2 429.2 431.9 434 433.1 428.9 424.3 418 409 401.6 394.8 388.9 381 375 367.9 357.2 345.9 337.1 331.6 327.5 322.6 315.2 305.7 298.3 290.3 282.4 273.6 268.8 262.3 256.8 254.1 254.1
150.4 152.3 154.3 156.2 157.9 159.6 161.2 162.2 161.9 163.1 164.9 166.7 168.7 170.7 172.5 174.3 176.1 177.7 179.5 182.8 186.2 189.9 193.1 196.3 200.3 203.1 204.6 207 209.2 211.9 216.8 223.7 232 240.6 250.2 259 267.4 279.3 292.4 308.4 325.1 339.5 353.8 368.8 381.9 397.4 406 413.7 421.4 427 425.2 422.9 419 411.4 402.7 394.9 388.2 383.3 377.7 371.9 362.4 351.6 340.8 332 327.2 321.9 315.1 307.6 298.4 291.5 285.4 277.9 271.6 265.8 260.6 257.8 258 259.1
149.2 151.1 153 154.7 156.4 158 159.9 161.3 162.4 163.5 165 166.3 167.6 169.6 171.5 173.3 175 176.5 178.1 180.2 184.5 188.2 191.7 195 197.6 199.8 203.3 205.7 207.8 209.5 214.3 220 228.5 236.4 245.3 253.1 264.5 275.8 284.6 298.6 314.6 330 345 357.4 370.6 379.2 385.7 394.6 404.7 412.7 414.8 413.6 408.9 400.5 392.8 384.8 381.3 378.4 374 366.5 357.3 345.1 334.5 327.1 322.1 315.8 307.6 300 291 284.3 279 274.6 268.9 264 260.8 261.6 263.4 262.2
147.9 149.8 151.6 153.3 154.9 156.5 156.8 159.2 159.7 161.6 163.9 165.1 166.2 168 170 171.9 173.8 175.3 176.7 179.9 183.1 186.5 190.4 193.6 196.3 198.1 201.1 202.8 205.6 207.6 210.9 217.4 223.7 232.3 238.7 247.2 258.8 270.5 280.2 289.6 301.9 316.1 330.5 347.7 357.5 359.5 368.9 378.3 387.1 393.2 395.8 396.3 391.9 384.8 378.8 373 369.7 367.3 364.5 359.5 349.1 338.4 329.1 323.3 317 310.6 302.2 294.2 285.5 279.2 274.5 270.9 266.8 262.5 263 264.8 265.6 263.9
146.2 148.5 150.3 152 153.6 154.7 156.6 158.9 159.7 160.2 162.7 163.8 165 166.7 168.2 170.4 172.4 173.6 175.7 178.5 181.3 185 188.8 192.2 193.8 196.3 198.4 200.7 202.9 205.6 208.8 213.7 218.9 227.2 234.3 241.7 250.7 262.9 273.3 283.8 292.2 304.1 314.3 327.3 335.6 343.1 354.5 362.7 370.4 375.7 378.1 374.8 368.4 362.5 362.5 360.3 359.1 356.2 351.4 345.8 336.8 327.1 321.5 315.8 310 304.3 296.2 288.7 281.5 275.1 270.7 267.6 265.6 264.5 265.1 266.1 266.5 265.8
143.9 146.4 148.2 150.8 152.4 153.9 155.4 157.7 158.2 159.2 160.6 162.6 163.7 165.9 167.5 168.6 170.7 171.7 173.9 176.4 178.8 183.4 187.3 189.6 186.6 193.7 196.6 198.9 200.4 202.6 206.9 211.4 215.1 222.2 228.7 235.5 244 252.8 264.1 274.8 284.7 292.9 301.9 314.7 324.2 334 339.9 346.4 350.4 356.8 358.4 354.8 346.9 343.9 341.7 341.1 342.9 342 337 330.9 322.7 315.1 310.6 305.5 299.8 294.1 287.1 280.1 274 269.1 266.2 264.6 264.1 265.6 267.1 268.2 268.9 268.6
143.2 144.6 147.9 150.2 151.6 153 154.4 156.3 157 158.3 159.6 161.3 162.6 164.8 166.5 167.6 168.7 170.6 171.9 173.5 176.6 178.9 182.4 184.3 188.6 191.7 194.5 195.9 196.7 201.6 205.8 209.6 213.9 218 223.8 231.3 239.2 248 256.6 266.5 275.7 283.2 290.7 298.6 309.1 319.1 326.8 330.6 334.4 335.1 336.1 331.9 326.8 321.9 320.9 323.5 324.5 321.9 320.1 316.4 308.2 303.2 298.7 294.7 289.5 285.1 278 272 266.6 263.3 259.8 260.3 262 264.1 266.4 267.1 267.3 264.6
143.7 144.5 147.3 149.1 150.6 152.1 153.5 154.9 156 157.3 158.6 159.9 161.5 163.4 165.2 166.5 167.6 169.5 170.7 172 172.8 174.6 176.8 180.2 183.2 186.3 189.8 191.6 194.2 200.2 204.1 207.8 212.3 216.9 221.5 229 237 244.6 251 258.1 266.4 273.5 279.1 285.9 296.7 305 309.6 314.5 317.2 318.9 315.2 312.2 307.7 303.1 303.4 305.2 307.3 304.3 303 300.6 294.9 290.3 286.2 283.5 279.5 275.9 269.6 263.7 260.6 258.3 255.5 257 259.3 262.9 265.7 265.6 263.8 256.6
148.1 144.6 147 147.6 149.3 150.8 152.3 153.4 155.1 156.4 157.7 159.1 160.3 161.9 163.8 165.2 166.5 168.3 169.5 170.5 171.1 172.5 175 178.7 180.7 182.8 186.7 189.3 193.3 197.8 202.8 206.9 211.9 215.9 220 227 234.6 241.1 246.5 252.7 257.7 263.2 267.9 274.4 280.5 288.6 293.8 297.6 301 302.1 299.3 295.4 291.8 287.3 286.3 287.4 288.6 288 286 283 280.3 278.2 276.3 273.7 268.8 264.2 259.7 255.7 252.2 249.4 249.3 252 255.2 258.9 261 260.4 253.7 245.4
152 151.6 149.6 147.9 147.9 149.6 149.3 150.4 152.3 154.8 156.8 158.2 159.4 160.1 162.2 163.9 165.2 167.3 167.9 169 167.5 171.9 172.9 177.2 179.4 181.7 184.3 187.7 191.1 196.1 201.8 206.6 210.5 214.2 218.5 224.6 231.1 237.6 242.8 247.1 250.9 253.3 256.7 262.5 266.5 273 277.7 281 284.6 285.4 282.1 280.7 277.8 275.1 274 273.5 273.1 271.7 270.9 270.8 270.6 268.4 266.7 263.5 260.4 257 253 249 245.6 243.9 243.9 245.6 247.7 248.7 251.4 247.5 242.8 238.1
156.2 155 153.4 150.3 147.7 147.8 148.4 149.1 150 151 151.8 153.3 157.8 158 160.4 161 162.9 165.3 164.4 166 166.3 168.5 169.3 175.3 177.8 180.8 183 186 187.9 191.8 197.5 203.2 208.7 213.3 218 223.1 229.1 234.7 238.8 242.5 243.3 246 246 250.4 253.8 258.6 263.4 265.8 268.2 268.5 266.3 266.3 266.2 264.7 263.8 264.5 264.2 263.7 262.6 261.7 261.9 260.3 258.6 255.8 253.5 250.9 247.9 244.5 241.8 239.6 238.4 239.3 240.9 241.7 241.2 238.2 235.6 232.4
158.5 157.9 153.5 150.6 149.9 149.9 149.9 149.3 149.9 150.5 152.3 153.1 153.9 155 156.2 157.7 161.4 162.6 161.6 164.4 168.3 169.7 173 171.6 173.8 177.9 181.4 183.3 184.7 187.6 191.7 197 202.6 209.1 216 221.3 226.5 231.8 236.2 235.8 235.6 238.7 238.3 237.8 240.8 242.7 248.6 251.9 252.5 252.4 252.2 253.6 254.8 253.9 255.3 256.7 256.5 256.1 254.9 254.3 253.1 252.9 251.1 249.8 248.3 246.4 244.9 241.6 238.3 236.9 236.2 237.1 237.8 237.5 236.7 233.6 229.6 228.1
