Assets/StreamingAssets/GeoData/Data/ny/NY28.asc
ncols 200
nrows 200
xllcorner 320000
yllcorner 580000
cellsize 50
[rows 35 to 69 of 200, columns 78 to 155 of 200]
227.4 222.7 214.7 213.5 211.5 209.5 207.5 205.7 205.6 213.5 223.5 232 235.3 237.9 241.1 242.8 242 241.3 236.2 231.6 223.7 216.3 211.5 211.2 210.3 210.7 216.2 225.1 230.3 234.1 238.6 241.7 244.2 246.1 247.8 250.6 252.8 254.8 257.3 258.9 262.8 265.6 265.3 270.6 275 278.7 283.1 287.8 293.9 298.2 300.3 303.1 307 313.3 319.8 322.8 326.2 327.8 328.4 328.7 329 328.1 327.5 326.1 323 318.5 313.8 310.1 306.5 303.8 301.8 298.7 294.6 290.2 286.5 281.7 274.3 271.5
223.3 219 213.7 210 208.4 206.6 205.3 206.2 214.5 221.6 231.5 235.7 238.5 240.7 243 243.7 242.9 240.7 233.1 230.6 223.9 215.9 210.4 210.4 210 214.1 221.9 227.8 231 234.3 238 240.7 243.4 245.1 246.7 248.4 250.8 252.9 252.2 259.2 259.3 264 266.6 270.1 274.6 279.6 284.4 291 296.9 299.9 304.6 306.7 312.2 317.9 323.4 326.7 329.3 330.4 330.9 331.6 331.2 330.5 330.2 328.2 324.3 318.2 312.9 308.7 304.9 300.7 296.5 294.1 291.6 287.6 283.3 275.4 276.8 281.5
220.3 215.3 211.8 208.8 206.4 204.8 207.2 214.1 220.5 228.7 235.7 239.1 241 242.5 243.7 243.4 241.6 238.3 228.7 225.9 222.6 216.4 210.8 209 210.9 217.2 224 228.3 230.3 234.2 236.8 239.3 240.8 242.7 244.6 246.2 248.6 247.3 254.2 258.1 262.3 264.5 267.8 272.6 277.6 280.8 286.4 292.3 296.2 301.8 306 312.2 318.2 322.1 326 329.5 331.2 332.2 332.7 333.3 332.9 332.1 331 328.3 324.4 319.6 313.1 306.9 303.4 301.1 297.3 292.4 290.3 285.4 280.6 285.9 288 292.9
218.1 212.8 209.1 206.9 204.3 204.9 212.5 221 226.1 234.6 237.7 239.9 241.7 243.2 243.5 241.5 239.2 231.5 225.9 223.3 220.6 216.4 211.9 209.7 211.6 220.4 226.3 227.7 229.3 232.6 234.7 236.8 238.2 239.7 241.4 244.2 244 248.6 252.9 257.4 262.1 266.3 271.6 277.7 284.8 287.2 291 295.4 301.5 308.1 309.5 318.3 322.6 326.4 329.2 331.6 332.5 333.1 333.6 334.3 334.5 333.3 332.1 330.3 325.5 319.8 313.5 307.6 304.9 300.1 295.6 289.5 285.7 284.8 288.7 293.1 294.6 306.6
215.7 210.6 205.1 203.3 205.6 212.8 220.4 225.3 230.8 236.7 239.8 241.5 243.2 242.8 241.7 239.1 234.1 227.4 223.6 221.1 218.9 215.8 209.6 209.9 214 222.2 225 224 227 229.4 231.4 233.8 235.6 236.9 239.9 239.3 247.2 252.1 258.8 263.6 268.7 273.6 279.7 284.4 288.7 292.5 295.2 302.6 306.8 311.6 319.8 323.7 326.6 329.6 331.3 332.1 332.6 332.5 334 334.7 334.9 335.1 334.1 332.4 326.7 320.6 315.1 311.1 305.5 300.9 298 294.2 290 290 295.1 299.1 308.4 319.4
213.2 208.2 201.7 203.2 210.4 218.2 223.6 228.4 234.7 237.5 239.8 242 243 240.6 238.6 235.1 228 223.3 220.9 218.3 216.7 214.2 209.6 211.1 215 219.1 219.8 219.2 222.6 226.5 227.9 230.4 232.4 232.1 238.4 246.7 251.8 258.4 265.7 270.6 275.3 279.9 283.3 289.7 294.3 299.8 303.7 308.7 314.7 320 324.3 327.6 329.6 331.1 331.7 331.5 331.2 331.3 334.2 335.8 337.2 337.3 336 333.3 327.4 322.7 317.4 312.9 307.9 304.3 301.5 298.8 294 297.8 304 309.7 318.6 332.7
208.7 203.6 204.4 208.7 217.4 222.8 227.6 232.7 236.9 238.6 239.3 239.8 239.1 238.4 234.3 228.9 223.3 219.6 217.6 215.5 214 207.3 208.9 210.5 214.2 220.4 224.2 222.4 219.5 222.4 224.9 224.8 228.2 234.4 242.9 250.2 257.2 264.7 270.7 275.2 279.4 284.6 289.1 293.2 298.7 304.2 309.7 315.7 320.6 325.4 328.6 330.6 331 331.4 330.2 329.1 329.1 331.6 334.4 338.6 339.1 339.5 338.2 334.5 330.1 325.6 321.3 315.5 311.5 307.9 305.6 302.3 301.5 306.6 311.8 318.2 330.2 343.7
203.1 202 207.1 213.5 219.7 224 228.8 234.1 236.2 237.3 238.1 238 237.1 234.9 230 223.3 218.8 216.3 213.9 211.6 208.8 207.3 212 220.1 226.1 230.4 231.1 232.8 230.8 230.2 230.9 232.4 238.5 245.3 251.3 256.8 262.1 269.6 274.5 279.4 283.5 287.6 291.8 296 300.9 306.4 313.3 320 325 329.1 331.9 332.3 331.3 329.6 327.7 326.7 328.4 331.7 335.9 339.6 341.5 341.7 339.2 336 333.6 329 325.1 320.7 315.6 311.2 309.7 304.8 308.2 312.9 321.2 328.5 342 354.3
200.5 205.4 210.2 218.8 222.5 225.3 229.8 234.5 235.8 237.8 237.6 236.9 235.4 231.8 226.3 217.8 212.8 211.1 209.7 207.1 205.7 209.1 219.6 227.2 232 235.5 239.6 241.2 236.3 238.8 238.4 243 245.7 252 257.9 262 267.6 272.2 277.5 282.9 285.6 289.2 292.3 297.7 303.1 308.5 315.4 323.4 328.1 331.5 333 331.9 329.9 326.7 323.4 324 325.9 332.3 337.2 341 343.3 343.6 340.9 338.9 336.8 334.4 329.7 325.1 320.5 316.3 313.2 311.5 315.1 321 329.2 337.5 353.8 364.7
205.3 209.3 215.1 219.2 222.9 227.5 231.9 234.2 235.6 237.9 236.1 235.2 233.1 229.5 223.6 214.5 208.2 205.4 205.6 204.3 205.6 214.4 225.6 233.1 239.2 241.9 244.7 247.1 247 246.3 247.6 251 252.8 258.2 260.9 265.8 270.8 275.5 279.6 283.6 287.5 290.5 295.4 302 308.1 314.1 320.9 326.9 331 332.4 331.8 329.5 327.2 323.8 321 322.3 326.3 333.1 337.3 342.4 345.3 345.3 344 342.1 341.9 340 333.9 328.2 323.5 319.5 316.1 317.1 321.5 328.8 337.9 353 364.6 374.1
206.7 210.9 216 218.5 222.6 228.4 231.5 235.4 236.9 236.8 234.4 231.8 231.3 228.3 218.9 209.3 203.7 203.5 203.6 205 207.7 219.3 231.2 238.4 242.7 244.9 248.4 250.4 251.5 252.3 253.5 255.2 257.2 261.1 264.8 266.8 272.4 276 280.1 285.4 289 292.7 299.1 304.3 310.4 318.7 325.1 329.5 332 330.6 328.9 325.9 323.4 320.6 318.6 320.7 327.3 333.8 339.4 344.8 347.8 349.7 349.7 349.2 349.1 344.7 336.9 331 326 322.5 320.8 323.8 328.6 336.6 347.5 359.7 370.4 382.6
204.1 213.5 217.8 220 224.8 228 231.9 236.8 237.2 235.5 232.5 228.5 227.4 225 213 204 203.1 203.2 204.5 206.6 213.4 225.6 235 240.9 243.9 245.5 249 251.6 254.3 255.6 257.5 258.8 260.8 263.9 268.2 270.8 272.9 278 283.1 286.9 290 295.7 301.4 306 314.3 320.5 325.2 328.6 329.3 326.8 324.4 321.8 318.9 316.2 316.8 321.2 327.3 334.5 342 347.6 351.7 354.1 356.8 357.5 356.6 349.7 341.5 334.8 327.8 326.5 325.1 326.8 334.4 343 356.8 366.1 378 390.1
204.3 213.9 219.1 222.2 224.5 229.1 235.2 236.5 235.6 232.5 229.3 225 224.2 219.7 206.8 201.5 202.3 209.4 210.1 213.6 219 228.2 233.3 237.3 240.8 244.2 246 250.6 255.8 258.4 260.5 262.1 263 264.9 267.6 272.3 276.6 281.8 285.7 288.5 293 297.6 302.9 310.6 316.1 319.6 323 325.5 325.2 322.3 320.2 318 315.3 312.6 316.4 321.9 328.5 337.2 345.2 351.1 356.8 361.1 363.4 364 362.1 356.6 349.8 343.1 336.1 333.3 333.1 332.9 340.2 350.3 361.4 373.2 384.5 395.6
206.1 213.9 217.8 220.6 224.1 231.5 235.9 235.3 234.1 228.6 224.6 222.7 220.9 215 203 201.2 207.9 211.6 215.2 218.3 222.9 226.4 229.9 233.9 237.5 241.3 245.6 251.5 258 260.6 262.8 265.2 265.8 268 272.3 276.3 280.2 284.7 288.3 291.3 296.5 300.6 306.9 313.6 317.4 318.8 320.9 320.3 319.4 318.3 315.9 314 311.2 309.6 316.4 322.3 330.7 340.2 349.4 356.6 363.3 367.8 369.6 370.9 369.5 365.8 361 354.6 349 343.1 343.6 341.7 345.7 354.7 367.6 378.7 390.4 399.5
207.2 213.2 215.6 219.4 226.9 234 236.2 235 232.5 224.1 220.9 219.8 216.8 211.7 204 202.8 209 212.1 216 218.6 221.5 226.1 229.5 234.7 237.9 241.6 246.6 253.8 259.8 262.7 264.7 267.8 270.6 275.3 278.9 282.8 287.4 290.6 295 298.5 301.8 305.5 311.6 315.9 317.2 316.9 317.8 316.4 314.8 313.7 311.9 309.3 307.2 309.8 315.9 323.6 332.8 342.5 352.9 363.7 370.1 374.4 376.8 376.9 377.1 375.3 370.5 364.5 358.9 354.1 349.1 349.2 353.7 362.3 370.7 380.7 390 398.2
208.7 211.2 214.9 221.9 228.9 233.3 235.4 232.4 227.9 219 217.1 216.9 214.8 210.8 205.1 204.3 209.1 212.5 213.3 217.9 222 225.3 229.2 233.9 238.9 242.7 247.9 255.5 260.6 264 266.7 272.2 279.8 284.1 286 290.1 292 296.7 301.2 304.5 308.9 311.5 314.7 316.4 315.9 314 313.9 312.7 311 310.1 309 306 300 308.1 314.9 324.9 334.7 345.1 355.9 366.6 373.8 378.6 383.7 382.5 383.8 382.4 376.2 371.2 366.2 360 358.3 354 361 370 378.1 383.7 390.4 392.1
207.6 210.2 218.3 225.1 230.3 233.1 233.1 230 221.9 215.1 213 213.3 211.6 208.6 201.5 205.5 208.4 207.6 213 215.4 220.6 226 230 234 239.5 245.8 252.7 257.2 261 264.8 272.2 280.9 289 290.4 291.9 297.3 300.1 302.2 308.5 312 313.9 314.8 315.9 315.7 313.6 311.6 310.8 309.3 307.8 306.3 304.8 302.7 300.6 304.9 312.9 323 335.4 345.5 355.1 365.2 372.6 381.4 385.7 385.2 387.2 383.5 378.2 374.4 370 360 340.8 358 368 377.7 384.2 387.7 389.4 387.4
205.1 212.7 222 227.9 231 231.1 229.3 224.4 214.8 211.7 209.6 209.6 206.4 204.6 197.7 202.7 204.3 208.8 216.1 226.9 231 233.2 234.4 236.6 240.2 247.4 252 257.1 263.9 273.1 281.6 289.2 292.4 300.3 304.3 306.5 309.5 311.8 315.7 317.5 317.4 316.4 316.3 314.6 312.2 309 308.1 305.6 303.4 302.1 301.1 298.1 299.1 303.9 310.9 322.1 332.3 342.8 353 362.7 370.2 379.3 381.1 385.2 376.7 376.1 375.4 371.7 363.8 349.4 344.7 367.7 374.6 381.6 384.4 384.5 382.7 378.4
209.5 217.9 223.4 229.8 230.8 229.6 224.7 217.7 210.9 208.6 207.2 205.6 202.3 200.1 196.5 201.1 205.4 214.8 229.3 239.1 243 247.4 250.5 251.2 251.8 252.9 257.6 265.3 274.7 283.5 293.7 301 307.1 310.3 313 312.9 315 317.8 319.4 320.2 319.3 316.6 315.8 313.3 310.1 306.7 303.8 301.5 298.9 297.8 296.8 294 296.8 301.7 309.3 319.4 329.5 339.5 347.7 355.8 364.4 373.5 376.6 378.5 377.4 373.1 372 363.1 349.9 331.6 353.6 369.3 375.6 378.9 379.5 377.9 372.2 374.6
211.1 219 224.6 228.6 229 225.9 221.4 213.2 206.6 204.7 204 202.8 200.6 196.8 195.6 200.1 210.1 222.4 236.3 243.3 250.1 257.5 261.7 261 259.8 262.1 267 274.8 283.2 294.5 302.1 307.5 312 315.4 315.9 317 318.4 320.8 321.3 320.9 319.7 316.6 314.7 310.9 307.1 303.5 300.2 297.1 295 294.4 293 287.3 295 300.4 305.7 316.1 324.4 332.6 340.3 347.4 355.9 362.9 366.8 368.2 365.8 361.4 357 351.7 335.3 341.8 361.2 371.2 371.6 370.9 371 368.1 370.1 371.9
212.7 219.7 224.7 226.6 225.9 223 216.9 206.2 201 200.2 200.6 199.4 194.5 193.2 197.3 206.2 216.7 228.3 239.9 251.6 259 266.8 270.4 269.3 268.4 270.8 274.6 281.7 290.6 298.2 304.7 312.1 314.6 317.8 319.6 319.2 318.6 321.3 321.8 319.5 317.3 315.3 312.3 308.2 304.3 300.1 295.6 293 291.6 290.9 289.2 284.3 292.5 297.8 302.8 309.4 317.6 325.7 332.7 339.3 346.3 350.5 351.7 352.4 353.1 349.7 344.4 336.3 329.9 350.2 361.5 367.6 366 364.9 367.9 365.2 366.4 364.2
214.7 220.8 224.2 224.7 222.9 218 210.6 199.9 195.3 195.1 193.1 193 191.7 195.3 199.7 212.3 222.9 237.6 251.4 260.8 268.4 275.6 275.2 273.8 273.8 276.5 280.8 286.6 295.9 302.6 308 312.8 317 318.7 318.7 316.8 316 319.5 317.7 316.1 313.7 312.7 310.4 306.2 302 297.8 292.9 290.5 288.6 287.8 286.1 283.7 290.7 294.2 300 304.4 310.4 317.8 324.8 330.6 335.7 340.2 340.9 341.9 341.7 337.3 329.9 323.3 339.1 350.3 359.2 360.6 357.3 357.6 357.8 358.1 358.2 354.9
214 218.5 221.8 221.2 217.7 211.7 204.1 197.2 188.7 189.1 191 191.8 192.2 198.4 205.5 219.2 228 243.9 254.6 265.3 271.3 277.6 277.9 276.6 277.2 281.8 285.3 291.1 298.8 303.3 306.1 310.1 313.1 314.7 312.7 311.4 312 314.2 312.9 311.9 310.3 310 309.1 305 300.9 296.4 290.2 288.1 286.9 285.3 283.6 284.5 288.3 291.3 294.5 299.8 303.6 306.2 312.4 317.6 326 329.7 331.3 331.8 330.1 327.5 320.9 326.9 340.4 349 352.2 352.6 349.5 351.2 349.8 349.6 348.2 347.9
212.1 216.5 218.4 216.4 211.7 205.7 198.4 191.6 187.6 189.9 193.4 195 198.4 203 212.1 222 234.2 247.3 258.4 265.6 271.9 279.6 280.7 279.9 281.3 285 289.4 293.4 298.2 302.6 304.9 305.1 307.5 308.3 306.7 305.3 307.4 309 308.7 307.8 307.1 308.4 308.4 304.2 299.2 293.8 288.1 286.1 284.6 281.6 278 282.9 286.1 289.4 292 295.3 299.4 302.4 305.7 309.9 315.7 321 323.2 322.2 318.8 320.1 319.2 327.8 339.1 345.5 346 344.7 342 341.8 339.7 340 340.8 347.4
208.3 214.5 214.6 211.5 209.4 201.1 192.2 186.5 187.8 192.3 196.1 197.5 199.8 206.1 211.8 221.3 234.6 246.4 257 266.6 272.7 280.2 281 279.8 283.1 286.2 290.1 291.8 296.1 298 299.9 300.5 300.8 301 300.5 300.9 303.5 305 304.9 304.8 305.1 306.7 306.5 302.5 297.6 292.3 286.2 284.2 281.9 279.8 272.2 281.5 284 286.6 289.3 293.4 296.1 298.8 302.4 305.7 308.5 314 314.9 313 313.4 315 321.2 326.1 334.8 340 338.7 336.5 334 331 331.7 338.8 342.3 345.8
205.8 209.9 209.9 207.2 205.2 196.4 186.9 185.8 189.3 193.2 196.7 201 204.7 204.2 212.8 219 230.7 243 255.2 267.1 273.3 276.7 278.2 277.9 282.3 284.6 286.9 289 292 293.2 294.5 295.9 296 296.6 296.8 297.7 301.1 303.3 303.1 303.2 302.9 304.2 303.1 300.5 295.7 290.2 283.6 281.3 279.2 277.3 270.8 279.2 281.4 283.8 287.1 290.1 292.8 295.5 298.8 301.9 304.1 307 307.9 307.4 310.2 311.7 317.4 323.1 329.1 332.7 331.6 325.3 321.9 330.7 334 338.2 342 349.8
204.2 205.8 206.8 204.6 201.8 197.6 187.8 185.2 189.9 194.4 199.8 209.9 217.5 219.3 209.2 220.3 226.4 237.9 249 263.2 268.3 271.5 272.3 274.9 278.7 281.2 283 284.7 286 287.8 289.4 290.9 291.7 292.5 293.1 296.1 299.5 301.9 302.1 302.1 301.4 301.4 299.8 297.5 294.4 288.4 281 278.9 276.9 273.4 275.6 276.2 278.8 280.9 283.8 286.8 289.5 292.1 295.1 297.8 299.5 301.9 302.4 305.1 306.1 309.7 311.1 316 322.8 324.9 317.2 321.2 327.1 331 335.3 339.1 345.1 363
200.6 201.6 202.7 201.1 199.4 196.3 192.7 184.6 189.2 196.1 207.8 216.2 226.2 229.5 224.6 216.3 227.8 234.3 243.6 254.9 260.7 264 265.8 268.9 273.4 275.8 277.4 279.8 280.9 282.6 285.3 287.2 288.9 289.9 292.8 296.4 299.9 302.3 302.3 300.8 299 298.4 297.1 295 291.9 285.9 278.6 276 274 266.3 273.5 275 275.5 278 280.6 283.6 286.2 289.1 291.6 293.9 295.5 297 299.5 300.6 304.2 309.1 310.5 312.9 316.6 307.8 319.3 321.8 326.4 330.5 335.5 341 358.7 379.1
198 199.1 200.1 198.6 197.2 194.7 191.7 184.1 188.9 199.2 209.7 220 231.8 235.7 231.9 221.9 231.2 233.3 239 246.1 251 254.9 259.3 262.7 266.8 270.2 272.8 275.8 277.7 280.3 283.1 285.1 288 290.5 293.4 297.1 302 303.9 302.6 300.1 296.8 295.8 294.2 291.7 288.7 283.2 275.9 273.1 271.7 263 271.3 272.9 273.8 275.7 278.1 280.3 283.1 285.9 288.1 289.3 291.5 293.3 294.6 298.6 301.5 303.9 305.6 301.9 311.5 317.7 321.3 325 328.3 332.8 339 354.9 374.5 389
195.9 197.3 197 195.5 193.8 192.2 190.1 182.3 190.4 201.5 212.7 223.5 233.2 236.6 235.5 232 227.9 237.6 241.3 246 249.7 253.6 257 260.1 263.7 267.5 269.7 272.9 275.3 277.2 281.9 285.3 288.3 291.4 295.4 299.6 304 304.4 302.3 298.5 294.8 292.3 291 288.8 285.4 279.9 271.8 269.7 267.5 260.5 268 270.6 272.1 273.5 275.9 277.6 280.3 282.3 278.4 279.4 289 286.7 291.7 293.6 297.2 300.8 307.1 314.5 317 320.5 324 326.5 330.7 336.9 349.6 368.9 382.9 392.4
193.7 195.3 193.3 192.3 191 189.9 188.3 182.3 192.1 203.9 214.8 223.5 231.8 235.8 238.8 237.7 235.6 231.5 238.1 245.6 249.9 253.4 256 258.5 262.4 263.2 266.5 272 275.3 278.4 281.6 285.4 289.3 292.6 297.4 302.9 305.5 304.1 301 297 292.4 288.2 287.3 285.5 281.8 275.9 269.1 265.8 264.5 261.5 266.5 268.1 269.3 271.1 273 274.5 274.3 274 280.3 289 293.5 296.1 300.4 303.4 305 306.9 310 315.4 319 323 325.6 329.6 336.4 348.9 364.1 376.7 386.3 394.6
191.5 192.8 190.5 190 189.2 187.9 186.8 180.9 192.4 203.7 216.1 224.4 233.8 239.1 244.9 246.3 244.6 242.6 237.9 240.2 240.5 246.4 247 252.7 260.6 265.8 268.7 272.5 275.7 278.4 281.5 285.9 291 297.4 304.3 308.4 308.9 306.4 299.9 294.5 290 284.9 282.4 281.1 278 271.8 265.2 263.2 260.8 261 264.9 265.8 265.2 265 265.9 266.9 275.2 277.7 285.1 291 295.3 298.9 302.9 306.3 308.7 314.7 316.4 319.5 322.5 325 332.8 340.8 349.1 357.7 369.1 379.2 387.5 395.9
188.6 189.8 188.3 187.4 186.9 186.5 180.1 180 196.6 208.2 218.7 226.9 238.2 244.6 252.1 256.7 259.7 257.3 254.5 253.1 251.6 252.6 255.9 257.3 261.5 266.7 269.8 272.4 275.8 280.3 284.5 290.5 297.6 304 310.2 312.5 311.7 307.2 299.9 292.9 287.5 281.5 276.5 276 273.8 267.3 262.4 260.4 254.9 261.2 263 255.3 256.9 260.4 270.6 275.2 279.1 283.3 288.3 293.6 296.1 301.2 305 308.9 313.5 318.8 322.2 325.1 328.8 336.8 343.6 349.3 352.8 361.1 369.6 379.7 388 394
186 186.7 186 185.2 184.5 178 178.2 188 198.7 207.6 218.4 228.1 238.6 247 256.8 263.8 271 273.4 269.5 265.8 261.6 259 259.4 261.4 263.7 267.3 270.4 273.4 278.2 283.8 290.4 298 305.2 310.1 314.6 314.8 312.7 307.6 298.4 290.8 285 278.2 273.3 271.4 268.5 264 260.5 258.3 254.8 258.9 251.9 256.4 266.9 271.5 275.1 278.6 281.8 287.2 292.4 297.4 300.5 306.4 311.6 320 319.8 323.1 326.8 331.2 339.8 345 348.1 350.2 351.7 359.1 367.2 378.6 385.7 392.7
182.9 183.2 183.3 182.8 176.6 177.5 184 190.7 197.4 206.9 217.2 228.4 238.3 249.5 258.2 267.2 276 281.2 285.7 285.4 280.5 273.6 267.4 266.9 267 269.4 273.1 277.1 283.4 289.9 297.7 304.2 311.6 316.3 317.5 315.5 312.5 307.8 298.1 289.4 282.5 276.1 272.2 268.4 265.7 262.5 259.7 254.2 251.8 252.7 251.2 264.8 270.1 275.4 278.3 280.6 284.6 289.5 294.2 299.6 304.9 311.8 318.6 323.2 323.1 327.1 328.3 333.5 342.7 338.4 338.9 344.5 347.1 352.5 362.3 373.8 382.6 391.6
