Assets/StreamingAssets/GeoData/Data/ny/NY31.asc
ncols 200
nrows 200
xllcorner 330000
yllcorner 510000
cellsize 50
[rows 140 to 174 of 200, columns 78 to 155 of 200]
687 704.1 724 745.4 763.1 772 778.5 784 789.6 798 805.7 814.6 826.4 840.7 828.6 784.7 751.4 721.6 696.5 685.9 681.6 678.1 657.8 636.8 618.8 578.6 537.2 500.8 474 454 429.2 406.9 390.3 381.3 371 380.3 397.1 406.9 422 446.6 463.1 489.9 517.9 548 575.6 604.6 640.2 673.1 703.7 741.5 754.2 745.7 725.9 709.3 693 674.6 656.7 641.1 625.7 614.2 602.7 589.8 577.8 565.8 557.3 549.8 538.7 529.9 522.1 509 494 478.6 463.9 450.5 439 427.3 418.2 406.8
679.2 697.7 715.7 734.6 747.2 756.2 762.1 768.8 775.9 782.6 795.5 807.5 818.8 832 832.7 776.1 741.2 714.6 697.9 695.3 686.2 686.9 677.9 644 614.2 575.4 534 497.1 466.4 444.6 421.4 402.8 390.6 378.9 378.7 390 399 412.3 430.3 454.3 483.8 513.6 537.1 560.7 593.4 624 660.2 695.8 726.3 745.6 735.8 718.5 700.5 683 663 643.8 625.6 609.2 597.2 585 570.2 560 550.2 538.9 533.1 526.4 517.7 508.5 491 473.9 458 445.9 430.7 420.5 411.6 400.1 390.3 381.8
668 682.6 697.4 714 726.2 737.2 746.8 754.4 761.3 773.5 787.1 799.4 811.2 822.5 827.9 786.9 752 734.4 720.6 715.5 709.7 703.8 676.8 655.6 624.5 564.7 530 502.3 461.3 436.5 420.1 404.8 394.7 383.2 385.7 401.7 413.2 430.5 447.6 466.2 495.1 532.5 553.4 579 614.2 643.8 675 708.2 740.7 729.7 713.2 693.3 670.5 650.2 627.9 609 590.7 576.5 564.3 556.1 544.9 534.6 523.7 514.9 507.7 497.6 489.9 476.8 457.6 443.8 428.8 418.6 406.2 394.9 383.3 374.2 367.7 359.7
655.6 667.9 679.8 691.5 704.6 717.5 730.2 739.7 751.5 767.5 781.3 793.1 804.3 814.8 820.2 810.6 788.7 772.3 756.8 754.4 746 725.8 697.4 671 626.1 583 526.3 492.9 463.3 441.3 420.3 407.6 395.8 388 395.9 410.6 426.7 441.2 460.7 483.7 514.6 549.4 574 606.3 641.4 666.4 698.2 731.8 727.7 708.1 685.4 663.8 639.7 617.5 596.3 576.5 561.6 550.8 540.2 530.9 522.2 509.2 500.3 492 481.8 474.4 470.2 445 427.2 413.7 403.2 392.9 383.8 374.5 362.2 360.8 354.3 347.3
642.4 653.4 662.7 677.1 688.6 702.3 712.4 730.7 746.7 760.5 774.8 786.6 796.8 803.8 806.5 804.3 798.3 790.6 781.2 780.7 771.9 758 746.9 714.1 628.5 580.2 532.2 498.7 467.9 445.4 428.1 413.2 407 399.6 412 439.9 443.2 463.4 478.6 510.5 542.5 569.3 608.4 635.7 658.6 685.8 720 733.2 707 683.4 656.6 633.3 609.5 586.1 564.7 549 536.6 527.5 519.6 510 502.5 488.5 478.1 468.3 459.9 449.9 429.6 413.5 404.3 393.3 381.9 372.9 364.6 358 348.1 344.1 341.3 333.5
633.3 640.3 649.9 662.6 673.9 683 703.3 720.5 736.5 751.8 767.1 778.2 783.8 787.7 787.2 783.4 778.1 771.2 765.3 762.1 763.7 759.9 759.4 716.4 647.6 577.6 537.7 504.4 476.7 462.9 444.8 425.9 412.4 412.9 437.4 446 462.6 486.2 497.5 536.3 568.7 603.9 636.8 658 677.3 703.4 723.2 708 683.6 653.7 626.5 601.7 579.6 558 535.9 522.3 516.4 506.4 499.5 493.9 483.9 471.7 461 448.9 439 419.4 403.3 390.2 379.4 370.5 362.9 353.7 349.5 340.8 334.6 333.4 330.9 321.1
625 632.5 639.4 649.4 660 671.9 687.5 702.7 718.5 732.1 747 758.7 764.6 766.3 765.4 761 754.4 748.5 742.3 740.2 742.5 742.1 737.6 705.8 651.6 582.3 546.7 514.9 489 477.4 462.2 443.8 416.9 426.7 449.7 464.4 483.9 511.5 529 564.8 592 628.9 652.2 668 694.4 707.5 699.3 682.9 658.8 626.9 596.5 572 552.8 533.5 513.2 504.3 495.8 490.8 486.8 477.2 463.1 461 448.3 435.1 420.4 404.1 387.1 371.2 358.4 350 342.8 341.6 339.9 334.6 329.4 320.1 318.4 314.2
617.8 625.1 632.3 639.7 648.8 656.6 669.5 681.2 694.4 706.7 719.6 730.8 737.1 740.3 739.5 735.1 731.5 724.8 718.9 718.1 717.1 717.5 715.6 671.6 635.7 596.9 565.6 524.7 502.4 491.5 474.2 451.5 425.3 449.3 467.4 486 509.3 534.4 554.8 580.3 612 643.6 662.4 675.6 692 686.4 674.5 660 621.9 588.7 566.1 545.1 527.9 511.8 497 486.7 481.8 475.7 469.6 463.1 456.4 447.1 439.1 423.8 402.6 380.5 362.9 349.7 342 333.5 324.6 322.3 314.6 319.6 321.8 318.1 302.5 303.7
612.1 618.4 623.7 629.5 636 644.3 652.2 660.6 668.5 679 689 700.1 707.1 710.7 711.8 709.8 706.9 701.8 697.1 693.5 692.5 692.7 691.6 685.1 670.6 646.1 577.6 532.8 510.3 497.7 476.5 455.2 448.9 468.7 492.3 510 533.3 556.9 576.1 598 625.2 657 678.7 683.1 671 656.2 643 626 581.2 564.6 546.4 528.1 513.6 501.1 489.8 482 474.3 464.1 457.9 451.7 444 439.1 421.5 397.8 375.2 355 341.7 335.1 326.5 321.1 315.1 306.8 304.1 303.1 309.5 310 300 296.2
605.6 610.6 613.9 620.6 625.1 632.3 638.3 642.9 649.8 656.4 662.8 669.2 676.3 680.3 683.1 681.5 679.7 675.4 671 667.4 666.1 666.7 662.7 655.5 650.2 621.2 566.8 532.7 510.3 493.1 474.6 451.4 471 493.3 514 541.4 563.3 580 597.9 619 655 672.9 680.8 662.9 637.3 615.6 602.3 575.7 556.2 541 528.7 517.6 505.2 496.2 485.4 476.7 463.6 453.8 447.9 441.4 434.8 416.9 393.8 377.5 360 346.5 335.3 329.6 325 310.7 307.6 302 301.1 303.5 293.8 290.4 286.3 287
598.3 601 606.8 611.8 615.7 620.6 623.5 627.6 630.3 635.3 640.2 644.3 648.7 653.1 655.2 655.3 654 650.7 645.3 643.2 642.4 638.1 632.1 628.1 622.7 594.9 556.1 528.1 511 489.3 475.5 474.7 494.6 521.6 542.9 563.3 578 597.5 615 639.1 667.6 683.2 666.3 630 601.8 584.2 570.4 554.2 538.6 528.5 520 511.5 503.5 491.4 475.3 462.6 453.9 446 438.1 434.9 430.1 430.7 408.7 383.8 365.8 356.1 339.2 327.3 320.7 313.1 304.1 299.3 298.1 296.5 298.8 294.4 288.8 283.4
590.2 594.4 599.6 603.6 606.4 608.4 611.5 612 612.1 614.2 617 620.5 625.7 628.5 634.1 632.5 631.4 628.4 624.6 621.6 617.8 614.2 610.5 607.9 605.9 571.5 540.3 519.4 506.3 493.2 487.7 497.9 526.4 552.8 566.8 576.4 591 607.7 631.6 656.5 677.6 679.8 643 611 582.5 566.7 555.7 543.3 526.4 523.4 514 508.4 497.6 485.8 465.1 453.9 447.4 442.4 444.9 446.1 443.8 435.4 415.7 396.6 384.4 361.3 338.1 325.4 317 308.2 300.2 297.2 296.2 297.2 299.2 286.4 284.3 283.3
583.5 588.2 591.9 595.7 598.1 598.7 600.2 601 599.9 600.4 600 601.5 605.1 610.7 612.7 614.9 613.1 609.6 604.9 599.8 599.3 597.9 597.3 594.4 576.8 552.4 533.7 519.4 511.6 507 507.4 526.8 556.1 572.6 581.8 592.9 604.2 630.4 658.7 677.5 694.9 669.7 632.8 603.3 578.9 564.9 555.7 545.5 533.2 516.8 502 492.9 484 473 466.4 455.3 449.3 450.9 452.8 455.8 454.5 442.7 430.6 421.4 413.5 365.1 346 329.4 313.2 302.1 298.2 296.7 294.9 296.3 297.4 287.1 299 288.5
579.2 583.1 587.2 589.5 590.9 590.6 592.1 592.5 593.2 592.2 592.9 594.8 596.8 598 599.3 599.7 597 593 590.1 583.8 583 581.8 581.6 571.7 555.4 542.2 532.8 522.2 519.7 521.4 532.1 557.2 575.6 587.2 600.8 614.1 630 658.7 679.7 700.5 707.1 664.5 627.4 604.1 584.1 574.6 566.2 557.8 537.6 518.1 507.6 501.2 497.4 477.7 469.9 458.8 458.5 461.6 465.2 470 470 462.8 450.1 431.2 409.1 384.9 354.8 335.1 316.2 303.5 299.5 296 293.9 296.6 292 294.8 301.5 307
574.2 577.6 579.5 582.1 583.8 583.3 584.9 587.5 587.3 588.5 590.5 592 590.6 590.6 589.6 584.4 577.8 576.1 571.7 567.3 562.5 562.1 560.4 550.8 542.5 536.6 531.8 533.7 532.8 536.9 557.1 577.5 595.4 613.4 630.4 645 661.5 681 698.7 715.3 712.4 669.3 639.3 617.2 598.7 591.7 577.3 553 534.8 519.7 510.5 509.4 501.3 503 503.2 483.1 490.7 485.7 489.2 496 496.3 486.8 470 454 414.8 391.8 369.7 354.5 338 317.7 304.8 297.7 297.3 297.6 296.6 298.7 312.6 313.4
567 568.8 572 575.5 575.5 575.5 576.3 578.7 581 585 586.5 588.4 587 584 573.1 567.8 565 558.1 554.7 549.7 549.3 545.9 541.6 539.9 542.2 539.6 538 543.2 544.5 555.9 577.9 599.8 617.2 634.3 651.6 669.3 689.2 705.9 725 741 742.3 692.5 668.7 638.6 614.6 598.8 573.5 553.7 539.7 526.2 519.1 513.6 516 519 517.8 510.6 510.6 514.1 518.6 519.6 516.5 500.3 483.1 458.1 430.5 406.6 392.9 377.1 357.1 335 324.2 314.4 305.3 305.6 309.7 316.4 329.4 331.8
556.8 557.4 562.8 563.9 563.6 565.2 568.2 571.6 575.2 576.8 584.6 585.2 577.9 570.4 562.5 554.7 548.8 545.5 542.8 540.3 540.3 540.3 540.3 540.3 540.3 540.4 544.2 547.9 555.6 574.7 598 614.9 635.5 656.1 678.6 696.7 720.5 732.6 757 774.8 750.4 709.2 672.8 636.1 619.9 603.8 589.1 568.4 553.1 536.8 529 529.1 531.2 533.6 532 533.3 541.6 543.8 546.1 548.1 547.3 530.5 499.4 466.4 441.6 426.4 411.3 396.2 374 359.8 344.9 331 316.3 327 330.1 339.5 349.2 354.6
542.4 544.8 548.2 550.6 553.3 555.8 559.5 565.3 569.2 576.4 580.1 577.7 571.6 559 551 544.8 540.3 540.3 540.3 540.3 540.3 540.3 540.3 540.3 540.3 549.6 556.9 562.5 569 593.7 613.5 633.1 655.4 680.7 702.3 722 740.3 759.5 783.5 804.2 740.7 694.3 667.5 648 626.9 619.8 598.7 580.9 571.5 547.1 545 545.4 548 560.8 563.8 568.7 576.2 580.5 595.9 610.7 615.5 611.2 600.5 530 468 447.3 440.2 434.6 417.7 403.6 377.2 349.6 350.7 349.2 358.2 363.6 375.9 382.3
527.5 533.8 539.4 544.5 548.5 553.9 558.5 563.4 570 574.1 573.4 565.5 559.1 548.2 542.5 540.3 540.3 540.3 540.3 540.3 540.3 540.3 540.3 540.3 544.7 556.7 567.9 577.4 592.5 608.6 634.6 653.6 672.9 688.5 716.6 736 754.3 779 797.9 811.7 741.4 705.5 686.9 665.3 637.2 632.2 616.4 598.9 595 570.3 563 561.7 569.1 577.3 588.4 603.3 623.6 635.9 666.3 683 664.3 646.6 607.1 559.2 497.6 473.4 464 447.2 439.7 421.6 404.1 393.3 383.6 382.6 383.2 396.8 425.2 430.4
540.6 546.4 549.5 556 562.8 567.9 572.2 573.2 576.4 579.6 572 564 554.8 548.7 541.3 540.3 540.3 540.3 540.3 540.3 540.3 540.3 540.3 541.6 561.2 578.5 593.7 607.7 626.7 631.1 650.7 675.1 695.7 718.6 734.5 754.9 772.7 788.3 811.6 783.4 743.2 709.9 694.1 667.9 669.3 659 639.6 618.8 603.6 592.7 584.7 590 589.9 603.4 646.3 715.6 701.4 689.2 709.6 703.2 683.6 669.3 635.9 580.9 535.3 492.4 473.1 470.2 452.5 444.5 438.5 431.2 424.1 416.5 415.1 429.6 459.1 463.4
551.5 559 565.6 571.8 578.2 583.5 586.6 589 588.2 586.3 581.8 568.9 556.8 551.5 542.4 540.3 540.3 540.3 540.3 540.3 540.3 540.3 542.5 555.2 578.1 596.1 610.5 629.5 650.6 657.4 678.3 709 729.2 743.5 755.5 782 800.3 816.7 819 786.2 745.6 716.4 692.2 681.5 695.5 687 662.4 651.4 643.1 621 618.4 614.4 614.8 635.9 679.7 731.5 737.9 732.5 718 686 661.3 643.2 624.3 586.5 538.4 506.1 494.9 479.9 478.6 498 511 493.1 462.1 448.6 449.5 458.6 474.2 488.3
563.6 572.3 578.8 584 590.3 595.1 599.9 604.4 604.7 600 596.9 589.5 571.6 555.7 547.6 540.3 540.3 540.3 540.3 540.3 540.3 544.2 555.7 574.9 594.2 611 629.3 653 679.4 687.5 706.8 732.2 752.7 766.8 783 809 830.2 839.1 847 816.5 761.5 731.3 704.4 700.3 713.2 714.1 703.1 691.6 664.4 658.2 692.6 659.7 641.2 658.9 705.8 742.2 745.5 729.9 704.4 666.5 640.2 613.4 587.6 560.7 528.2 517.6 507.6 488.2 503.4 516.6 529.4 521.8 517.5 509.4 494.1 497.6 512.1 532.5
577.4 584.9 590.8 597.7 603.2 607.8 614.3 619 620.8 623.5 617.7 607.4 590.8 572.3 560.3 553 546.2 540.3 540.3 540.4 548.5 560.1 577 592.5 606 627.2 649.1 679.4 699.1 716.6 738.1 763.2 784.4 791.3 813.6 839 849.6 856.9 863.6 838.2 792 750.5 727.1 722 743.2 758.9 761.3 748.8 697 691.5 712.6 697.1 676.5 698.3 757.2 756.3 747.7 738.2 703.6 645.5 625 602 576.6 546 530.4 527.2 514.1 498.3 513.4 533.2 562.1 567.4 565.2 551.9 533.4 553 555 573.7
589.2 597.1 604.6 611.2 617.6 625.7 633.5 638.6 645.2 646.1 644.8 633.2 609 590.1 574.8 568.9 564 555.8 549.8 554.6 566.8 578.8 596.1 608 623.1 642.9 664.5 688 716.6 739.9 768.2 792.2 812.6 828.8 836.3 848.5 856.2 863.6 869.3 859.6 803.3 767.1 747.7 752.4 785.8 803.5 796.6 769.9 736.4 737.2 761.8 734.8 707.6 731.5 774.1 767.7 761.2 745 672 626.6 608.9 600.3 584.2 560.6 540.8 524.3 512.9 511.4 523.1 541.1 564.2 573 586.4 588.7 574.9 586.2 589.5 588.5
603.1 609.7 616.8 624.4 631.3 639.2 648.1 657.2 665.2 669.6 669.3 654.8 632.4 612.6 596.3 585.8 578 574.2 568.9 572.9 580.9 595.5 611.3 617.5 628.5 642.5 667.8 690.8 720.4 747.3 774.7 796.1 812.4 824.8 839.7 851.2 860 866.6 871.4 868.1 850.1 802.5 775.5 788.5 820.4 838 827.6 791.1 785.1 793.5 814.9 765.9 742.7 767.4 790.4 782.9 753.2 708.4 660.7 627.7 612.6 613.4 606 580.7 542.9 521 513.9 517.9 530 549.6 570.7 581.5 596.3 594.9 595.4 599.5 605.5 597.5
617.3 625.1 632.3 637.4 645.5 656.9 666.1 675.8 684.9 692 693.3 676.1 649 628 615.1 604.2 597.7 595 586.8 581.3 592.5 609.4 606 604 613.5 628.1 645.9 670.1 700.2 731.6 759.7 780.9 797.6 819.4 834.8 847.2 857.9 862.8 870.3 872 855 840.4 822 825.1 846.1 847.7 838.3 821.8 824.5 826.7 826.8 808.8 780.6 803.4 803.9 773.5 735.1 684.8 648 619.6 604.8 597.7 589.3 571.4 543.4 525.4 516.5 520.1 535.7 559.4 581.9 594.6 605.4 603.8 606.9 611.4 607.7 600.8
628.4 635.1 643.7 651.6 657.4 668.1 679 688.5 696.2 703.4 707.7 691.9 662.2 643.6 633.8 627.8 623.2 618.8 604.1 584.5 590 592.4 584.4 580.3 591.6 606.6 626 654.3 682.9 713.4 736.1 762 785.3 804.7 823 838.6 853 857.8 866.2 868.3 864.9 850.4 838.3 850.4 853.7 850.1 840.9 835.7 834.8 834.9 830 824 811.7 820.4 814.2 796.9 720.3 667.7 631.9 607.6 597.4 588 580.5 562 544.1 531.8 525 530.7 550.3 572.4 590.8 603.4 610.3 615.2 618.8 611.5 603.9 597.8
640.8 648.8 657 664.7 672.5 682.1 692.1 699.9 709.3 717.1 719.4 710.7 688.5 670 667.2 655.5 657.9 643.1 625.5 585.6 579.6 569.4 563.4 559.3 571.4 588.7 611.5 640.3 666.3 697 723.6 747.1 769.3 788.3 808.8 828.2 844.4 851.9 860.8 864.4 863.4 856.5 859.5 856.6 853.3 849.6 841.7 834.5 830.4 829.2 833.7 827.9 821.5 822.3 820.2 806.3 705.4 652.7 623.4 610.4 599.3 588.3 574.7 566 555.9 543.4 537.2 543.2 560.6 585.3 604.8 620.5 623.4 623.9 620.3 613.6 600.4 594.3
652.8 661.1 674.3 682.2 691.3 697.4 707.9 713.8 721.9 727.8 730 724.1 711.7 704.2 692.3 686.1 679.3 649.7 626.7 577.2 554.5 541.6 539.6 542.7 560.9 578.6 604.5 631.4 658.2 686.4 707.5 730 751.5 773.3 796.8 817.7 835.2 844.5 854.5 859.2 860.9 860.9 857.8 853.5 846.7 837.8 829.1 818.6 813.1 800.9 799.6 804.5 812.4 817.6 819.4 790.8 683.7 650.9 634.2 622.5 616.7 598.3 590.4 580.5 569.4 568 564.3 567.5 582 598.5 616.7 631.1 627.8 623 617.8 606.4 597.5 582.1
660.7 671.8 680.1 690 698 706.6 715.6 723.1 730.1 734.9 736.2 728.8 720.9 713.7 706.2 701 672.2 635.5 611.6 565 537.6 527.8 529 536.9 552.5 575.2 599.5 624.8 650.5 671.7 691.1 712.9 737.4 760.3 784.4 809 828 839.3 848.3 854.9 856.9 854.9 846.7 835.9 824.5 812.1 799.8 791.5 784.1 775.9 765.6 774.9 788 804.7 806.7 765.2 702.9 663.9 654.4 640.3 630.1 623.7 611.6 602.2 601.8 595.2 604.6 597.9 605.1 622.6 630.2 633.6 630.2 623.2 621.2 606.9 589.1 566.2
665.5 677.1 688.6 698 707.9 714.7 722.7 726.5 728.9 729.4 726.6 723.6 717.7 713.3 711.7 692.8 652.5 615.9 591.2 551.2 525.7 522.7 524.1 530 555.5 576.3 591.6 610.8 636.7 657.5 678.7 699.3 723.2 748.8 774.7 801.1 821.2 833.8 843.4 848.8 836.2 821 818.4 803.1 791.1 776.8 761.5 754.1 747.5 738.6 736.2 742.7 763.2 785.8 789 750.6 717.4 691.9 679.8 664.5 662.8 658.6 653.9 658.7 652.7 646 638.5 628.4 635.3 645.2 643.1 641 628.5 617.4 609.6 595.2 570.2 544.2
668.5 681.2 691.5 702.1 714.7 723 722.4 719 718.6 715.3 716.5 714.8 708.1 708 707.9 679.1 634.9 607.2 565.8 539.3 525.1 520.6 521.4 532.3 544.4 569.4 585.6 604.1 621.7 644.5 667.3 687.6 713.4 742 769.4 795.6 815.4 830.9 839 827.1 802.4 785.4 777.9 766.1 755.3 740.6 727.1 721 714.3 710 707.3 718.1 738.7 760.8 772.3 768.4 758.5 732.1 724.4 714.9 702.4 704.4 717.5 712.4 697.9 698 670.2 662.4 656.5 652.8 647.2 643.8 627.5 609 593.5 572 541.3 510.4
663.9 675.8 688.3 698 707.1 709.5 706.6 700.3 697.7 693.6 694.1 693.6 694.2 690.9 683.5 655.3 614.5 581.5 551.5 533.4 524.2 518.8 520.2 529.9 539.8 557 578.5 588.3 606.2 625.5 656.2 679 709.6 739.5 766.6 790.3 813.1 828.1 832.2 801.9 775.2 747.8 735.7 735.1 726.3 714.4 701.2 697.3 690.3 683 682 694 712.6 734.7 756.7 777.5 784.5 790.8 780.4 769.1 768.1 763.5 751.8 751 745.6 714.6 689.5 675.7 665.3 656.9 648.8 639.3 624.3 603.5 582.2 561 522.4 488.6
656.7 669.9 681.8 687 691.5 688.9 681.5 676.4 671.5 668.5 665 659 656.8 660.2 647.4 643.7 595.5 565.7 539.5 528.8 521.2 517.9 519.4 522.9 540.5 553.2 560.3 570.7 585 610.4 642.4 672.3 704.9 736.5 765.9 787.8 809.9 825 822.3 782.2 747.7 720.6 707.6 706.9 703.2 696.7 681 670.7 662.6 658.7 659.8 670.6 688.6 709.6 738.8 767.5 795 811.1 813.5 808 802.7 790.8 773.4 757.6 731.3 705.6 690.2 674.5 661.3 650.3 641.2 621 615.2 595.6 570 542.5 510 479.6
646.5 657.4 666.2 670.6 669.4 663.5 651.7 643.6 639.6 639.6 634.4 625.9 621.3 619.4 620.9 609.2 578.4 549.1 529.3 518 519.2 514.8 517.4 520.2 524.7 536.8 548.3 559.5 576 603.1 638.6 670.6 701 733.2 763 786.6 806 819.4 804.3 771.1 732.9 705.8 689.9 683.5 673.2 663.9 651.8 641.3 629.9 625.6 633.3 649.7 668.9 692.5 719.6 750.3 782.4 813.9 819.3 814.9 808.5 801.7 782.1 757.9 732 702.7 681.2 666.1 650.7 639.9 625.6 618.8 603.9 589 572.9 543.7 516.6 488.1
