Assets/StreamingAssets/GeoData/Data/ny/NY33.asc
ncols 200
nrows 200
xllcorner 330000
yllcorner 530000
cellsize 50
[rows 70 to 104 of 200, columns 0 to 77 of 200]
294.9 278.1 277.8 294.2 313 334.8 347.3 355.1 364.5 371.9 378.8 384.9 390.5 395.8 400.8 405 408.3 412.3 417.4 420.4 423.4 427.9 430.7 433.3 434.5 434.9 438.5 441.8 444 444.3 445.4 443.7 442 441.4 438.2 433.5 428.2 422.8 418.6 422.7 432.1 437 444.2 448.3 451 451.5 452.5 453.9 452.5 450.3 444.8 439.5 434 424 419.7 410 396.2 386.9 376.7 375.3 377.4 376 373 370.6 371.3 369 366.3 362.7 358.9 357.4 354.8 349.5 343.1 335.5 333.7 327.9 324.6 320.3
292.9 278.7 282.1 302.5 324.4 345.5 360.8 370.7 381.9 387.9 392.7 397 401 406 412.8 419.3 421.9 424.7 426.8 429.7 433.6 436 439.7 443.3 444.8 446.7 448.7 452 454.8 455.3 453.9 453.4 452.8 450.8 448 445.2 438.4 431.2 424.8 428.2 438 444.5 451.2 454.1 458 458 461.5 459.9 460.2 458.6 454.9 449.3 444.3 440.5 434.4 426.4 412.8 399.8 392.6 391.1 392.8 391.6 387.1 383.7 379.5 377.4 373.9 368.4 360.7 357.4 352.4 345.2 343.3 340.7 336 330.3 326 322.4
291.9 279 295.5 309.8 331.8 354.1 371.5 384.5 395.8 401.5 403.9 406.7 410.8 416.1 423.5 429.8 433.2 436 436.7 439.6 442.8 444.9 448.1 451.5 453.8 455.6 457.4 459.7 461.6 461.5 461.8 462.1 461.9 459.9 457.4 454.5 449.2 440.7 432.8 435.9 445.6 451.8 456.8 460.1 462.3 464.8 468.4 471.4 471.4 469.4 464.1 462 457.4 455.1 448.4 439.2 424.6 411.7 404 399.5 404.2 403.9 400.3 397.2 389.3 384.1 377.1 367.8 359.7 355.5 353 349.1 345.7 342.9 338.4 330.7 327.7 324.1
285.6 284 297.8 309.2 334.7 360.3 377.2 392.3 404.2 410.8 412.6 414.7 419 424.8 433.1 439.4 444.2 444.5 445.3 447.5 450.9 454.3 456.1 458.8 461.1 462.1 463.7 466.3 467.2 467.2 467.9 468.6 469.4 467.9 466 461.8 456.6 450.9 445.7 441.8 452.2 458.9 462.9 466.2 469.7 475 477.7 481.5 480.8 479.7 474.6 470.5 468 465.3 460.5 451.4 436.2 420.9 410.5 404.5 403.5 402.7 400.5 395.9 388 381.2 373.6 364.3 363.3 359.3 356.5 353.3 349.5 344.9 338.8 332.7 330 325.4
285.6 292.1 299.6 316.3 341 364 381.9 399.3 407.7 409.2 409.2 412.6 419.9 429.9 438 444 445.3 450.1 451.3 454 457.8 464.3 465 467.1 467.8 469.9 471.4 472.1 473.1 475.5 476 477.6 478.7 477 472.7 469.5 464.1 459.7 454.6 448.2 458.2 464.7 468.5 472.1 475.7 482.7 486 490.9 490.5 488.1 482.3 477.5 474 471.9 466.9 455.8 441.4 425.7 413.1 407.2 402.9 398.5 394 390.1 384.6 378.7 373.3 371.1 366.8 364.2 361.4 357.7 353.9 347 337.4 336 333.1 327.7
287.4 290.6 300.3 320 339.3 355.7 371.3 384.7 389 394.9 400 407 418.4 430.9 440.7 448.1 451.3 449.7 456.9 463.3 467.3 470.1 470.5 470.2 471.7 474 474.8 476.5 478.6 481 480.3 481.5 484.6 483.3 480.3 477.4 472.8 467.4 462 452.1 461.6 468.8 474.3 479 481.3 483.8 492.9 496.8 497.3 494.2 489.1 485.8 480.7 475 467.9 456.1 442.2 427.7 415.3 408.7 402.9 398.3 393.5 391.5 386.6 382.4 380 376.6 373.3 370.1 367 363.5 358.5 350.1 344.5 339.1 335.5 330.6
290.7 293.6 297.3 311.9 326.1 338.5 348.6 357 361.3 370.1 379.9 392.2 404.1 419.8 434.9 444.9 445.1 452.2 459.5 465.6 468.3 470 473.4 474.9 473.9 477.7 480.2 482.2 485.7 491.4 492.7 493.8 492 489.9 487.6 483.6 480.8 475.3 469.9 458.6 465.9 472.7 479.6 485.7 490.8 496.9 503 504.6 501.6 500.2 495.9 491.2 483.7 475.4 466.8 455.9 438.1 428.2 418.7 412.1 407.1 401.7 396.7 394.5 390.5 389 386.5 383.7 381 378.3 374.9 370.4 363.9 356.9 346 345 337.8 334.3
296.2 294.7 299.3 303.6 313.8 320.7 327.4 336.4 344.4 348 357.2 369.6 382.8 402.8 420.5 433.4 438.6 443 452.6 462 466.5 467.8 469.2 471.6 474.4 478.1 483.1 490 494.7 500.3 503 503.7 501.5 498.3 493.4 489.9 486 480.3 473.5 464.6 471.6 478 485.2 491.7 497.9 503.1 509.1 509.9 508.5 505.7 501.1 494.7 486.7 477.7 469.3 460.4 450.2 439.3 430.6 417.9 415 408.6 402.6 398.5 397 396.6 396.1 395 392.9 388.6 384.9 380.1 373.3 365.2 356.4 351.8 344.2 338.3
303.9 294.3 304.5 317.7 325.2 329.9 347.7 358.3 366.2 370.5 371.9 371.7 364.5 377.4 398 405.1 424.9 432.2 444.4 455.2 459.1 461 464 467.1 470.7 477.4 484.8 493.4 499.7 507.2 511.2 512.3 510.7 504.2 500.1 495.7 491.2 485.3 479 471.4 477.5 484.2 492.6 499.6 507.5 513.2 516.6 517.6 515.5 512.2 506.2 499.6 491.5 482.9 474.7 467.9 460.5 451.1 440.9 429.3 421.1 415.9 409.2 407 408.7 409.8 407.1 405.7 403.1 400.7 395.5 388.9 382.2 372.9 364.1 354.5 348.8 340.9
305 296.6 308.7 324 338.4 351.2 366.1 375.2 383.3 389.2 392.4 394.9 388.8 386.1 381.2 386.3 405.8 419.2 433.6 443 447.8 451.3 453.5 458.3 464.8 474.1 484.6 495.8 505 512 517.6 518.3 516.4 513.4 507.2 501.7 496.4 490.8 484.6 481.4 485.3 491.8 501.5 510.2 517.3 523.1 526.8 525.9 523.4 518.9 513.7 506.2 498.6 492.2 484.6 476.6 469.3 459.9 447.7 434.2 427.7 420.5 417 416.4 418.3 418.3 416.8 416.2 414.3 411.3 404.2 396.7 388.7 378 366.9 358.2 349.2 342.9
307.9 301.3 313.3 334.4 348.8 362 376 386.6 395.4 404.5 411.7 415.8 414.6 410.7 408 406.8 393 403.4 420.1 429.8 434.7 438.3 445.2 451.5 458.3 468.8 480.8 495.7 507.6 515.3 518.1 520.6 519.1 516.4 511.3 506.4 501.9 497.1 492.5 490.9 494.1 502 511.7 520.4 527.1 531.5 535.1 533.7 530.4 525 518.8 512.5 506.3 501.4 494.1 486.3 478.1 469.1 456.1 441.2 436.9 434.7 424.8 426.4 426.6 427.7 427 425.8 423.2 419 411.8 403.3 393 380.2 369.6 361.3 353.9 349.2
313.7 302.6 320.6 344.9 360.2 373.4 386.1 398.6 406.8 414.9 424.1 430.9 434.8 433.7 429 424.4 414.9 403.9 409.5 416.3 422.9 430.4 438.1 444.8 453 461.9 475.8 492.2 505.7 512.7 516.3 518.8 520 518 514.4 511.2 507.8 503.6 501.9 501.5 505.2 512.7 521.3 528.5 535.4 540.3 541.9 541 536.5 531 525.6 521.6 515.8 510.7 502.8 495.5 486.5 476 463.5 450 444.6 440.3 437.3 431.6 431 433 436.2 433.1 430.1 426.4 417.8 407.6 396.8 381.9 372 364.8 359.2 355.4
314.4 305.8 325.9 351.6 369.3 384.7 397.1 407.3 417 428.7 437.2 441.6 444.4 442.6 437.7 433.9 426.4 417.5 407.4 418.4 428.7 436.9 440.2 441.6 442.4 454.8 469.1 485.1 497.7 505.4 509.7 514 517.4 518 516.5 514.8 514 511.1 511.6 512.2 516.7 523 531.9 539.1 545.2 549 550.5 547.5 542.7 538.6 534.4 529.5 523.9 518 511.4 503.5 493.4 482.5 471 458.8 456.5 450.1 449.2 447.5 451 452.3 445.6 435.9 434.3 430 422.7 412.2 397.4 381.3 372.9 369.3 366.8 362.1
315 309.5 330.8 355.1 374.2 390.4 405.3 415.6 428.3 437.6 444.2 448.3 450.5 449.4 445.8 443 438.8 430.4 422 417.5 429.3 440.9 448.7 454.1 460.3 464.6 465.1 473.9 486.4 494 499 505.9 512 514.9 518.7 519.3 519.6 519.2 521.3 523 528.3 535.1 541.5 548.3 554.5 557.8 558.3 554.9 550.9 548.2 544.1 539.5 533.6 525.6 518.5 509.3 499.9 487.6 474.2 476 468.4 464.6 462.4 464.1 466 466.7 461.6 453.4 441.7 434.7 425.1 413.9 397.8 382.7 378.4 376.1 375.6 373.5
318.1 309.4 330.2 350.1 372.1 389 406.9 422.8 434.6 443 449.7 453.6 455.5 455.8 455.1 452.5 449.1 445.4 435.2 423 430.4 441.3 451.8 460.5 468.7 475.5 483 486.5 478.2 484.1 490.5 499.3 507.1 513.5 519.8 524.1 526.2 528.6 532.1 534.6 536.7 545.1 551.3 556.8 561.9 564.8 565 563.1 560.1 556.4 553 547.9 539.7 532.6 524.7 516.3 506 495.1 492.1 487.4 478.4 478.5 477.3 478.6 479.6 480.4 474.5 465.4 455.1 441.1 431.2 417.1 401.1 391.2 386.2 387 388.5 384.6
317.3 316.5 323.6 343.1 365.7 386.4 407.6 424.1 436.5 446.1 452 457.2 459.9 463.4 464.8 463.1 459.8 455.7 450.1 440.6 428.6 441.2 452.5 464.4 473.1 480.4 488.7 494.4 498.6 499.6 498.7 501.4 505.4 513.6 521.3 528.9 533.6 538.2 542.2 545.8 545.7 555.5 562.9 566.1 570.6 574.4 573.7 570.3 567.2 563.6 558.6 551.2 542.7 536.9 529.6 520.5 511.4 504.7 501.8 497.4 490 489.7 489.1 490 492 491.1 485.4 475.5 463.6 449.7 437.1 423.3 406.7 400 400.2 402.2 401.6 397.9
319.2 338.7 348.3 344.3 359.3 381.6 401.8 418.1 432.2 443.6 452.3 459.3 465.8 470.4 472.7 473.5 470.7 466.3 459.3 451.6 443.3 435.7 452.4 465.1 476.1 485.4 494.7 500.8 504.6 506.5 506 506.9 508.9 515.4 524.2 534.2 541.8 547.9 553 556.9 561.5 565.8 572.7 578.3 583.6 583.9 580.4 575.7 571.4 567 561 553.1 545.7 538.6 532.7 524.3 518.2 513.9 510.5 506.4 500.2 497.7 497.7 499.6 501.7 499.8 493.8 483.8 470.7 454.7 443 428.2 416.1 416.5 417.2 416.6 413 409.8
332.8 353 366.3 368.9 356.9 373.1 391.9 409.4 425.4 439 449.5 459.3 467.9 476.3 480.9 481.8 480.5 475.9 469 459.4 451.6 443.3 452.9 466.1 477.7 489.1 499.9 506.8 510.3 511.8 512.9 512.7 515.2 518.9 529.2 541.1 550.3 557.6 562.9 566.3 571.2 577.1 582.3 587.7 591.5 590.4 584.5 579.6 574.3 567.9 559.9 552 545.6 538.7 533.4 528.1 523.8 520.2 516.2 512.5 507.5 502.5 504 505.9 508.1 505.7 497.7 487.1 475.3 457.2 441.6 437.1 434.3 432.6 430.9 429.3 424.1 417.6
341.5 359.6 379.2 387.9 388.2 381.3 385.1 400.7 417.3 432.9 445.4 457.3 469.2 480.5 487.7 489.6 489.1 484.8 478.1 468.6 457.7 453.8 452.1 467.1 478.7 490.7 501.8 510 515.2 517.2 518.4 517.9 521.9 526.5 533.8 548 558 566.2 571.3 578 584.7 588.9 592 596.5 596.7 595.1 590 582 574.5 565.8 557.4 550.7 543.3 537.3 535.3 532.6 528.8 524.3 519.9 515.4 511.3 506.8 508.1 509.8 511 508.5 499.4 488 478 458.3 456.6 450.6 446.7 443.8 438.4 436.6 433.3 423.2
344.5 365.9 388.3 401 406.1 406.1 398.8 393.5 406.8 425.2 441.4 455.9 470.5 482 491.2 495.9 495.6 490.7 485.3 476.8 466 459.6 448.3 467.5 480 492 503.1 512.9 518.8 522.1 525 524.6 529 535.2 545.3 555.4 567 576 582.3 589 594.2 598.5 601.2 602.8 600.4 597.1 593.1 584 572 562.2 553.3 544.4 540.2 536.1 534.2 533.5 529.8 526.9 522.4 518.4 514.3 509.1 510.3 511.5 511.7 507 498.1 490 481.8 467.2 465.7 459.4 455.3 451.2 447.4 441.8 438.9 429.5
345.7 369 395.5 411.3 418.7 423.7 424.3 422 418.9 412.6 436.9 454.5 469.2 482.5 492.6 499.6 500.4 494.7 489.1 483 475.1 467.1 462.6 468.3 480.4 492.7 503.7 514.1 520.7 526.7 531 533 535.9 544.2 555.9 567.7 577.9 586.9 592.4 597.4 602.7 606.2 607.3 606.3 601.5 597.3 591.9 581.4 568.8 557.3 548.7 540 534.2 530.5 528.7 528.9 527.3 524.6 520.7 517.2 513.6 510.1 509.3 510.7 509.4 505.5 498.9 491.3 484.3 479.5 473 466.9 459.9 455.9 450.6 444.5 440.2 431.4
347.1 370.3 397.8 420 431.6 438.9 440.9 441.1 440.1 435.4 423.6 445.5 467 481 490.1 497.4 500.2 496.5 491.4 486.3 482.4 476.7 472 462.2 480.1 491.7 503.4 512.6 521.6 529.5 537 540.9 546.2 557.3 568.9 579.2 588.9 596.8 600.8 605.6 609 609.5 609.8 606.8 600.4 594.3 585.7 575 562.8 553.3 544.9 535.3 526.5 522.8 521.3 521.2 519.8 518 515.5 512.2 509.7 507.2 505.5 506 505.4 503.5 500.4 492.6 485.3 485 478.2 472.8 467 460.7 450.5 446.2 439.7 429.4
347.1 367.8 393.6 419.1 437.8 448.3 453.3 454.6 454.5 454.7 449.3 446 463.9 478.3 486.9 493.7 497.4 497.3 494 491.2 487.2 483.5 476.5 465.2 480.6 491.3 502.5 512.1 521.7 531.6 540.4 547.2 557.8 568.6 578.5 588.3 598 605.6 609.5 612.3 615.5 615.3 613.1 607.6 598.5 589.3 579.8 568.4 557.9 548.7 539.2 529.5 520.6 507.4 508.8 512.1 510.6 509.1 507.3 505.4 502.8 500.5 498.1 499.5 499.9 500.1 497.8 494.5 489.9 490.2 484.1 476.3 470.6 464.6 454.6 445.5 438.1 427.2
350.8 366.1 388.2 410.3 433.8 455.5 464.4 466.2 466.1 467 467.9 469.2 463.7 476.3 485.4 491.6 497 497.7 496.5 494.2 491.7 488.5 482 475.4 478.5 490 500.8 510.8 521 532.5 542.7 553.5 565.8 577.3 588 598.2 606.8 613.6 617.8 619.8 622 619.8 615.8 609.2 594.8 584.3 573.2 563.6 552.3 542.3 531.4 522 512.6 504.7 496 498.9 500.2 499.1 496.7 495.4 493.6 490.3 487.9 490 491.5 493.7 494.5 494.3 492.8 492.3 484.8 478 472.5 466 456.4 446.2 438 423.7
352.3 371.3 392.4 418.3 448 464.7 473.1 476.9 478.8 480.2 480.1 480.5 477.1 478.5 485.8 492 496.8 498.6 498.8 496.5 493.7 492.5 487.9 485.3 484.5 487.6 499 507.2 517.8 529.2 542.7 556.8 572.3 585 596.5 607 615.6 622.9 625.4 625.9 624.3 621.2 615 604.5 592.1 581.1 571.6 561.3 550.2 538.7 525.2 509.7 500.2 495.2 487.7 483.3 487.9 489 486.9 485.3 483.3 480 477.1 476.6 479.3 484.1 488 490.1 490.9 492.1 484.7 478.7 472.4 464.5 455.5 447.4 436 420.8
353.8 370.9 395.1 419.1 448.2 469 481.6 488.3 491.6 493.5 490.8 487.8 486 479.8 488 493.6 497.7 500.5 500.8 498.5 497.1 495.4 492.3 492.1 491.6 485.9 500 508.7 518.6 531 546.1 562.1 577.1 590.8 604.3 615.7 626.3 631.1 632.2 630.7 627.2 621.9 613.5 600.9 589.8 579.3 569.2 557.8 547.1 535 522.5 511.6 501.1 489.6 474.6 462.8 473.2 476 475.9 474.2 472.1 469.6 466.1 462 464.4 469.4 474.4 478.8 480.3 483.7 480.8 471.8 467.3 459.8 447.5 438.7 428.9 416.2
354.7 375.7 391.9 414.5 439.2 460.1 479.2 491.7 498.5 504 501.2 494.8 492 488.6 492.5 496.7 500.4 502.6 502.9 501.4 500.6 498.3 497.4 497.2 497.2 494.2 503.4 512 521.5 534.6 551.6 567.9 583.1 597.6 611.9 625 636 641.5 639.8 635.6 629.6 622.2 610.8 597.7 584.3 574.2 564.5 553.4 542.3 529.4 518.3 507.2 497.7 488.2 477.5 465.2 457.8 465 465 464.2 461.8 459.6 456 449.5 449 451.1 457.1 460.3 462.9 463 459 453 447.7 441.6 431.5 423.2 415.9 405.6
351.6 368.1 384.9 403.2 424.6 447.6 466.4 484.3 496.5 504.7 506.3 501.1 498 494.3 496.8 500.7 503.8 505.1 505.2 504.8 504.5 503.3 501.7 501.2 502.2 502 506.7 516.5 525.9 539.1 556.1 571.8 588.1 604.2 619.2 632.3 644 648.7 646.9 640 631.4 620.7 607.9 593.6 579.6 566.8 555 545 534.5 523.3 512.5 501.6 491.6 482.4 474.3 464.6 447.3 449.5 453.4 453 452.3 449.4 444.5 437.9 431.7 433.1 434.7 437.3 439 440.3 438.4 432.6 427.6 421.6 412.7 402.7 394.7 386.3
348.2 364.4 380.2 396.1 413.7 433.4 454.4 474 491.1 501.2 505.7 504.7 501.8 498 501.4 504.5 507.3 508.4 509.3 509.9 509 507.9 507 506.2 507.5 506.3 505.9 518.3 528.7 544 561.7 575.1 591.8 608.8 623.2 637 649.2 655 650.6 642.6 630.7 618.2 605.1 591.5 576.3 559.6 545.1 533.8 525.4 516.7 506.7 496.1 487.7 477.9 467.8 460.4 448.8 434.5 440.1 440.9 440.2 438.8 433.3 424.8 420.1 415.9 412.9 412.6 412.6 412.7 411.7 407.9 403 397.2 388.8 379.7 370.6 364.9
349.7 360.3 374.5 388.8 403 419.2 439.6 462.1 485.1 497.7 503.7 505.3 504.3 501.6 504.3 507.8 511.5 513.8 514.9 515.1 513.3 513.3 511.9 511.7 511.4 513.6 514.4 519.2 530 546.8 565 578.3 595.9 612.9 627.2 641.3 652.4 657 651.7 642.5 628.1 615.7 604.3 589.6 571.9 554.4 537 525.9 516.2 508.6 500.1 490.4 481.7 471.4 463.1 453.9 444.6 431.8 429 427.6 427 423.9 418.5 412.8 408.6 403 397 391.4 388.1 387.3 385.6 382.2 377.6 371.4 367.5 363.1 358.5 356.2
353.2 356.8 372.5 389.1 407.8 427.1 449 467.1 484.3 496.6 504.1 507.2 506.3 505.1 507.3 511.2 516.1 519.3 519.2 518.7 517.9 518 518.5 519 518.2 519.6 521.6 522.1 533.2 550.2 568 583.6 600.5 616.1 630.4 643.5 653 655.1 649.3 640.2 627 615.7 603.4 589.2 570.7 550.6 534.5 519.8 508.5 500.5 492.8 482.1 471.3 460.9 453.3 446.2 439.4 430.3 422.9 418.5 415.6 413.7 410 405.8 400.9 396.1 391.1 386.8 380.6 376.4 372.3 373.8 370 365.3 361.6 356.9 352.4 349.3
360.8 355.5 367.1 385.9 408.4 433.6 458.4 478.2 489.9 499.9 506.9 509.4 508.9 507.5 509 512.6 517.1 520.5 521.8 522.6 523.8 524.1 524.9 524.2 524.7 526.7 529.2 530.8 538.5 552.2 569.5 586.3 602.4 616.6 629.7 640.7 649.1 648.9 643.9 635.6 626.3 615 602.1 587.5 570.9 550.4 528.4 512.1 500.9 490.3 479.3 472.6 464.8 455.1 446.2 437.3 426.3 421.3 417.6 421.2 414.1 406.6 404.2 401.4 396.4 392.7 387.3 385.7 384.5 381.6 378.3 374.1 368.8 367.3 365.5 362.6 359.7 355.8
364.5 357.6 363.7 381.8 408.9 436.7 466.9 489 496.7 500.1 505.4 508.5 508.4 507.3 507.5 511.6 515.6 520 523.3 527.5 529.8 530.9 532.1 530.9 531.5 532.7 536 539.3 541.9 552.2 568.9 586.7 602 614.2 626.5 636.2 642.6 642.3 638.8 632.6 624.4 612.9 599.2 580.7 555.5 539.5 525.7 519 510.2 500.7 485.1 470.1 457.3 447.1 440.2 429.7 431.4 431.8 431.5 433.1 430.8 424.4 416.4 405.1 400.7 396.5 393.1 390 386.8 384.2 382 378.4 374.8 371.5 368.8 366.4 363.5 360.5
368.4 360 361.9 378.5 405.7 435.3 466.7 495.4 499.9 499.2 499.5 499.8 501 501.6 501.8 507.2 513.3 519.1 524 531.1 536.1 536.3 537 537.1 538 539.3 543.5 547.8 552 558.1 569.3 587.7 600.2 612.1 622.9 630.9 635 636 634 629.4 622.7 611.7 598.2 584.8 569.5 553.7 542.9 531 518.8 504.8 487.2 472.3 461.5 450.9 440.8 439.2 441.1 440.7 443.4 443.2 440.9 435.4 430 421.9 412.9 406.2 399.4 395 391.7 388.5 385.9 383.1 379.8 376.3 373 370 367.3 364.6
377.9 365.1 362.7 375.2 398.3 425.2 452.4 475.1 482.2 488.7 487.6 487.2 490.3 493.2 497.1 503.4 510 516.5 523.5 531.6 537.7 539.8 540.8 542.7 545 550.1 555.5 559.9 561.9 571.2 580.4 588.3 600.9 610.2 618.1 624.8 628.5 629.2 628.7 624.3 617.3 608 597.1 585.4 573.4 559.8 546.3 531.6 518.5 504 487.2 472.7 460.2 449.8 448.3 451.7 453 452.3 453.9 452.8 449.3 444 436.8 429.8 422.9 415.3 406.3 400.8 396.6 393.2 390.3 387.6 384.5 381.2 377.9 374.7 371.9 369.1
