Assets/StreamingAssets/GeoData/Data/ny/NY38.asc
ncols 200
nrows 200
xllcorner 330000
yllcorner 580000
cellsize 50
[rows 0 to 34 of 200, columns 0 to 78 of 200]
245.6 225.4 201.1 183 170.3 159.8 149.4 141.6 135.9 132 130 130.6 130.6 129.9 128.7 128.8 131.5 133.4 135.5 137.5 139.7 144.9 146.3 142 136.8 131.1 124.7 120.8 114.9 108.6 113.4 118.7 116 124.9 132.9 142.2 151.6 164 179.9 205.2 223.2 225.4 211.4 191.1 174.2 158.8 148.9 148.6 160.1 173 193 212.4 232.5 249.8 264.5 277.4 268.7 247.2 221.2 195.4 177.3 174.8 181.9 196.6 207.8 209.4 207.4 201.4 201.1 196.1 189.9 204.2 208.9 223.7 233.9 246 263 282.3 300.8
251.6 236.6 217.3 195 182.3 170.5 158 149.6 141.5 137.2 136.2 134.9 134.3 135.1 133.9 133.3 133.9 135.6 138.8 141.6 147.8 151.9 152.3 151.5 146.8 140.9 133.3 122.8 114.7 108.6 113.3 115.7 115.5 117.2 127.9 134.8 145.3 156 169.4 193.5 215.9 226.9 218 198.7 180.8 163.1 150 146.9 152.2 163.6 179.3 200.7 221.2 242.8 258.6 275.2 268.6 247.2 224.2 196.5 178.9 167.4 173.8 185.5 195 197.7 195.3 193.7 190.5 186.6 198.9 214.4 229 242.2 255.1 265.9 284.5 299.4 316.5
254.8 244.3 232.2 208.6 195.5 182.1 169 158 150.2 145.3 142.9 141.5 139.7 139.5 139.6 138.7 137.9 138.7 142.2 146.4 153.4 157.5 160.7 161.1 156.8 153.8 147.6 134.8 116.5 108.9 110.9 112.9 114.5 116.5 125.1 130.6 141.5 151.7 162.5 183.6 208.6 230.6 224 209 189.9 172.1 151.9 144 146.4 156 170.2 190.3 211.3 233.6 251.4 272.6 268 247.6 223.3 198.8 177.4 162.7 165.5 176.2 184.2 189.3 186.6 181 180.4 192.1 213.6 235.9 253.7 268.3 279.1 291.4 304.5 318.8 329.6
259.1 246.7 237.4 220.4 201.3 190.5 177.5 164.9 157.4 151.8 150.4 146.8 144.7 142.6 143 141 141 142 145.4 151.2 156.6 163 166.8 172.1 171.2 167.6 151.8 139.4 125.3 113.6 109.3 110.8 113.5 115 121.1 128.4 135.6 146.9 155.5 172.6 199.3 223.5 226.9 214.8 195.3 177.6 158.8 142.8 144.6 151.6 161.4 182.6 206.2 228.8 247.5 267.2 263.1 245.9 222.2 199.3 176.7 165.2 160 168 174.2 179.1 176.6 176.5 188.8 211.4 234.4 257.2 275.9 291.4 303.6 313.8 324.8 335.4 342.2
262 250.8 239.1 226.2 208.3 195.8 183.2 172.2 162.2 157.9 156.2 152.4 147.2 144.1 143.9 141.3 142.6 144.9 148.2 154.4 160.4 171.7 178.8 183.3 186.3 170.3 150.4 139.5 128.3 119.1 109.8 109.9 112.2 113.5 118 127.5 131.2 141.2 149.6 164.8 190.9 216.2 227.9 219.7 199.8 179.8 161 149.8 139.3 147.4 157.6 179.8 202.2 223.3 242.3 254.8 254.6 239.4 216.9 195.2 173.8 163.2 155.6 161.8 171.1 170.7 172.2 186.2 207.6 229.2 253.6 275.6 293.4 308.9 324.3 333.1 339.7 347.4 342.1
259.2 249.3 238.4 226.1 210.1 197.1 186.9 177.1 169.7 164.3 160.5 156.4 150.4 145.6 142.3 143.5 145.9 148.2 152.3 156.8 167.1 182.6 192.7 196.9 200 175.7 153.9 141.1 130.2 122.5 112.6 108.5 111 112.6 114.7 126.1 129.3 137.4 146 157.6 184.9 209.4 223.3 221.9 200.8 179.5 162.9 150.4 137.4 148.6 154 173.9 197.7 218.9 237.7 248.2 243.4 228.2 208.1 189.4 171 161.4 151.8 155.9 159.2 170.4 181.1 197.9 220.6 244.3 269 288.6 305.4 319 333.2 344.7 351.3 350.7 342.6
257.7 245.2 232.9 222.1 207.8 198.2 191.9 183.8 173.2 168.8 163.1 157.2 152.6 148.3 143.7 145.5 148.8 151.5 155.7 161.3 173 193.4 205.6 212.1 213.1 180.1 156.8 143.6 132.6 125 119.6 108.5 110.1 111.4 112.5 119.3 127.1 132.8 141.1 153 181.2 206.3 218.3 213.9 193.9 175.7 163.3 150.5 136.2 145.1 150.7 168.8 192.1 213.4 233.4 245.9 233.4 219.8 200.9 182 165.7 158.8 148 158.6 166.3 175.4 186.4 202.8 226 249.7 271 290.2 307.1 321.4 337.2 345.1 345.7 343.2 334.6
253 240.3 230.1 219.5 209.7 202.2 193.3 186.5 178.2 170.8 163 158.6 154.8 149.6 145.2 147.5 150.3 154.2 159.3 164.5 180.8 202.9 217.4 222.3 220.2 187.1 163.3 146 133.1 125.7 120.7 111.2 108.4 110.4 112.4 113.8 123.3 129.9 137.1 148.7 174.8 193.3 207.5 206.8 188.7 174.3 163.5 151.6 144.8 133.6 148.2 165.4 186.9 210.7 231.7 239.8 229 213.7 194.5 177.8 163 155.3 145.7 154.2 163.3 175.6 190.1 208.3 229 253.4 275.3 292.6 305.4 319 331.9 335 334 326.6 318.6
247.9 236.6 228.2 218.9 209.7 202.7 194.4 185.8 181.7 172.9 167.1 161.4 155.5 151.5 147.8 149.7 151.7 156.9 163.9 172.3 189.9 208.9 227.3 234 217.2 189.6 170.9 145.1 131.8 124.5 121.1 114.4 108 110.5 111.2 111.9 118 126 133 142.9 161.3 179.1 194.1 194.1 184.7 172.5 162 152.9 141.3 132.6 145.6 162.6 187.7 208.3 226.8 232.5 221.2 203.3 185.5 170 158.6 151.3 143.1 150.1 159.3 173.2 187.5 208.4 232.4 253.6 271.6 286.3 300.9 311.2 319.8 326.6 330.8 316.8 302.8
249 238.4 231.6 222.7 211.9 207.2 200 193.2 184.3 174.9 167.8 163.7 157.3 155.3 151.2 152.4 155.4 160.2 166.6 182.7 200.5 222.3 239.4 239.1 221.2 197.4 180.6 149.6 135.5 122.8 118.8 115.7 110.1 108.9 110.7 111.5 111.3 122.2 130.4 140.3 153.1 166.4 178.8 183.4 176.9 168.8 161.2 150.9 142.3 130.1 143.7 162.3 186.5 207 221.5 226.6 214.5 196.2 178.3 163.5 154.2 148.1 140.6 143.1 153.5 166.4 182.6 206.5 222.7 242.2 259.4 274.7 289.2 297.5 307.3 317.5 323 310.4 293
251.1 241.2 234.1 227.1 220.8 214.2 205.7 198.9 190.1 179.1 170.8 166.2 161 158.1 156.1 157 161.2 165.2 181.7 199.1 215.5 234.5 249.5 241.5 229.8 203.3 180.5 161.3 143.6 125.4 116.9 113.5 111.2 108.3 110.7 111.1 111 119.2 127.8 135 142.4 154.4 163.9 170.7 170.9 166.1 157 147.9 141.3 128.7 143.5 164.4 187.4 203.2 220 225.4 212.9 194.7 176.6 159.3 148.3 143.9 137.8 138.9 146.9 158.6 178.7 196.4 207.3 224.9 238.5 257.7 272.3 281.3 291.8 302 301.5 295.4 281.6
262.1 254.5 248.2 241.3 233.8 225.8 217.7 208.1 195.8 185.5 176.3 168.3 163.8 160.6 160.6 164.9 170.9 184.6 199.3 215 227.9 243 251.1 245.1 232.3 205.5 185.3 167.5 147.5 130.8 120.2 111.9 111.7 108.4 109 109.7 110 116.8 122.9 130.1 137.3 147.5 154.1 160.2 162.2 161.7 155.7 146.6 139.6 128.9 142.9 161.4 183.6 199.9 214.9 218 210.6 193.8 177.5 158.7 145 139.7 134.1 135.2 139.8 150 165.7 181.4 193.3 205.5 216.3 231.8 249.5 265.8 275.2 286 285 274.6 262.6
272.2 265.4 258.4 252.6 245.7 238.3 229.4 221 207.9 194 183.1 174.9 169.3 168.6 170.6 178.1 191 203.1 216.9 229.2 243.1 255 252.6 243.7 228.7 204.8 186.2 167.6 146.5 130.8 121.2 118.5 111.7 109.7 107.5 109.3 110.1 113 119.8 125.5 133.1 142.1 148.9 152.2 154.5 157.1 152.6 144.1 137.3 126.5 143.9 161.2 177.9 194.6 210 214.2 207.8 190.7 174 157.7 144.8 136.9 134.3 131.1 134.1 140.2 150.4 162.8 176.3 184.6 197.4 209.8 226.2 247.8 257.8 260.6 261.8 249.4 237.7
283.2 275.8 267.8 261.9 255 248.4 240.1 229.1 218.7 204.3 194.5 185.4 181 180.7 183.6 194.3 207.4 220.9 232.6 246 257.8 253.9 252.4 239.8 226.3 205.3 185.5 165.9 148.5 134.3 124.7 120.3 115.6 110.2 108 108.6 109.7 110.1 122.1 121.1 127.4 134.3 141.1 144.3 147.9 151.2 148.4 141.7 134.6 123.6 141.2 157.7 174.1 191 205.5 212.3 206.8 189.6 172.8 157.5 146 138.5 130.7 128.4 129.9 131.8 138.5 145.3 156.3 168.7 182.4 194.5 206.2 221.6 232.1 233 230.7 223.2 212.8
290.5 284.9 277.5 271.4 265.3 258.3 250.4 240.3 226.4 214.1 205.3 198.1 191.9 192.5 200.9 214.4 226.3 235.4 250 259.5 264.9 256.4 249.4 238.1 224.1 200.5 179 163.9 149.7 136.7 128.6 123.4 119.7 113.5 109.3 107 109 109.6 116.3 117.7 120.8 125.9 129.4 133.8 139.4 143.7 145 137.2 127.2 123.6 138.6 152.9 168.7 188.3 205.1 211.6 207.4 190.4 175.1 157.8 145.4 138.2 130.5 124.2 127.9 127.9 129.5 136.5 144 155.4 166.9 179.9 190.3 200.3 210.8 211.2 208 200.4 190.3
299.6 293.6 287.1 280.7 276.2 267.1 256.8 245.3 238.1 227.3 219.1 211.2 207.1 213.4 222.2 231.6 242.1 253.3 261.6 265.8 263.8 256.6 246.3 232.2 215.1 195.8 174.9 162.1 149.5 136.6 132.5 127.4 121.3 116.6 110.1 107.6 109.3 109.1 109.1 110.7 114.3 118.7 122 126.6 132.8 137.1 139.7 133.9 123.2 119.6 138.1 148.1 164.1 180.7 201.8 211.2 212.7 200.6 186.9 166.4 149.3 137.5 129.5 122.7 125 124.5 125.9 128.3 135 144.2 158.2 169.5 181.1 188.1 194.8 192.4 190.5 181.2 175.5
308.6 300.8 292.1 285 280 271.7 262.6 252.1 244.2 234.8 228.1 223.7 226.6 228.1 237.1 246.8 256.3 265.1 267.6 269.8 264.1 254.9 241.5 226.2 210.5 190.6 174.6 161.1 148.6 138.4 133 128.3 123.8 119.3 112.5 108.9 106 109.1 108.9 108.5 109.3 108.3 111 119.2 125.1 130.2 133.8 128.5 121.2 119.7 133.3 143.8 158.2 173.4 195.5 207.9 213.1 209.3 198.5 174.7 157.5 141.7 131.4 125.6 120.7 122.1 121.5 124.1 129.6 136.3 149.8 162.6 170.7 174.2 177.3 177.1 173.2 167.8 160.8
306.1 295.9 288.8 282.2 274.6 268.1 260.4 253.6 246.4 238 233.7 235.2 237.2 239.9 248.9 257.6 265.8 271.1 271.8 268.2 259.1 250 236.5 221.3 205.5 188.2 175.6 161.8 147.4 137.7 133.8 129.7 124.9 120.4 114 108.6 105.5 108.7 109.2 108.3 108.2 107.8 107.7 107 114 119.3 123.9 123.5 117.9 116.4 129.2 138.6 152.9 168.9 192.2 202.2 208.4 209.7 202.6 187.2 169.7 153.1 139.3 129.8 116.6 120.4 119.7 120.6 124.4 132.3 145.7 154.1 161.7 162.9 161.5 160.9 154.5 149.6 146.7
299 287.9 283.1 276.9 267.7 258.6 251.3 246.8 241.1 235.2 236.7 241.6 242.9 246.1 252.8 258.7 264 270 271.9 267.4 257.8 245.9 231.9 216.9 201.9 187.7 172.8 160.3 147.7 138.3 134.1 130 125.2 119.1 112.2 109.6 107.6 106.8 109.3 108.4 108.4 107.7 107.5 107.3 107.7 108.2 111 114.9 114.9 114.7 126.2 134.9 147.2 160.6 182.3 193.5 199.4 207.4 211.2 202.1 184.7 170.5 155 145 130.1 115.1 117 116.8 118.8 125.8 134.5 144.6 153.6 152 150.9 147.1 143.1 140.6 137.4
288.2 276.2 272.5 263.1 253.6 244.4 238.5 237.8 233.4 230.4 233.5 240.6 243.7 248.5 250 254.4 258.3 262.4 266 264.5 251.8 237.8 225.3 210.9 199 185.5 168.6 158.2 146.9 137.8 133.6 129.6 122.6 117.2 112.3 110.5 108.5 106.2 107.6 108.6 108.6 108.3 107.8 108 108.4 109 109.9 111.7 113 113.3 124.9 131.5 139.6 153.8 172.1 185.1 189.8 202.1 207.9 209.6 202.5 194 183.9 168.2 152.5 134.2 119.3 112.4 115.3 120.2 127.6 134.2 141.1 139.7 138.7 136.3 133 129.9 128.8
274.5 264.1 258 248.8 239.3 231.7 227.2 225.9 222 220 223.5 232.3 239.1 244.1 249.5 255.3 258.9 258.1 259.8 253.7 241.8 226.9 215.9 204.7 193.9 179.6 166.3 155.9 148.1 139.5 133.4 127.8 121.3 119.7 114.2 112.1 110.3 107.3 107.7 108.2 108 108 108 108.2 108.4 108.6 109.1 110.7 110.6 112.4 118.5 126.2 133.4 145.1 160.4 173.9 181.4 194.7 201.7 206.8 218.6 220.1 213.8 197 174.4 153.3 134.3 117.5 110.2 116.3 123.2 128.5 128.9 128.8 128.9 127.9 126.8 124.8 123.2
249.1 243 236.9 233.4 224.7 217.3 214.1 210 209.4 208.1 211.1 218 226.9 233.6 240.4 247.3 249.6 249.9 249 241.2 231.5 219.3 209.9 200.3 190.8 178 166.5 156.5 148.6 142.5 137.4 133.6 127.4 124.9 120 112.2 110.4 107.6 107.1 109 107.9 108.8 108.5 107.8 107.7 107.4 108.4 109.4 110.3 110.9 110.2 121.3 128.4 137.2 148 161.1 169.9 183.1 192.1 204.6 215.6 219.5 217.7 209.3 191.6 171.2 152.3 131.5 115.5 106.5 120.1 125.3 128.5 127.1 127.2 125.8 115.6 105.3 99.4
224.4 221.5 216.5 214.9 207.6 203.5 204 200.4 199.8 197.3 199 201.9 209.9 218.5 226.9 233.4 237.5 237.2 232.4 225.9 219.3 212.8 208.2 198.3 188.4 177 166.1 158.3 151 145.3 140.8 136.1 131.9 129.4 126.1 110.8 112 108.8 108.5 104.7 104.8 105.6 106.4 107.1 107 106.8 109 108 108.4 109.1 108.7 108.6 120.9 130.6 140.1 151.1 158.9 169.9 182.1 199.1 205.9 212.5 214 210.2 197.2 184.7 168.5 148.1 126.3 118.2 105.6 112 106.1 114.1 104.1 96.4 96.3 97.2 98.7
203.9 202.5 202.6 199.1 196.3 193.9 195.1 193.5 191.5 188.6 187.4 188.8 194.9 204.1 210.4 216.4 220.6 220 217.1 212.3 206.8 202.6 198.3 192.4 184.9 175.3 165.9 158.4 152.1 147.3 143.1 139.7 136 130.9 112.5 111.3 114 117.6 116.5 116.2 110.6 104.5 104.2 104.9 105.2 105.8 107.7 107.1 108.9 107.4 107 106.6 107.2 120.6 133 142 148.1 158 170.5 184.1 191.2 198.5 203.8 203.1 193.3 182.2 171.5 152 131.5 120.9 106.3 102.5 102.8 100.8 96.3 100 99.9 100.7 99.6
196.6 195.5 194.3 191.7 189.6 188.2 187.1 184.4 183.1 179.6 178.8 177.7 180.1 187.8 194.7 199.9 204.5 203.8 200.2 195.5 191.1 190.9 188.8 184.8 179 172 164.1 157.3 152.2 148.2 144.2 141.2 137.8 115.9 113.6 119.1 128.1 128.8 126.6 122.9 119.9 115.8 109.6 107.2 103.5 103.1 103.5 104 105.3 105.7 106 106.4 106.3 109.1 123.9 135.2 142.3 147.4 158.4 167.8 178.2 185.4 192.3 190.1 180.4 169.5 160 147.1 131.1 119.1 104.8 103.8 102.3 101.3 96.4 100.7 100.7 100 99.8
191.4 189.7 188.1 186.1 183.4 182.1 177.6 170.9 166 158 168.9 169.8 168.2 174.3 179.6 185.6 189.1 187.8 184.5 180.8 177.1 177.2 176.5 175.3 172.1 167 160.9 155.5 150.8 146.9 142.2 138.4 134.1 114.9 119.8 130.9 134.9 135.3 134.1 131.2 126.3 121.7 120 112.6 108.3 106.7 106.2 106.4 105.7 105.8 105.6 104.5 104.6 104 109.5 129.6 136 139.5 147.1 158.4 166.3 175.1 178.6 175 160.9 153.4 146.4 137.3 128.7 111.7 103.8 103.8 103.1 101.5 96.4 101.5 101 100 99.3
180.3 172.7 177.2 177.6 166.9 165.4 161.9 160.5 164.5 162.5 159.3 157.3 159.9 165.6 169.5 173.4 177.3 175.8 172.9 168.2 165.1 165.2 164.4 165.5 165.3 162.1 157.7 153.1 148.9 143.9 138.4 133 118.5 118.6 131.8 138 140.7 140.1 139.6 135.8 137.2 131.3 125.9 121 113.5 107.9 107.1 106.1 106.3 105.8 105.9 105.8 105.6 105.1 104 116.6 129.8 132.3 137.9 149 158.9 161.8 165.3 155.9 146.3 139.3 135.8 132.8 120.7 103.3 102.5 103 102.5 101.3 98.3 101.7 101 99.6 99.1
176.4 176.2 174 170 165.3 169.5 177.6 186.9 183 174.7 166.7 155.3 155.1 157.3 160.9 163.7 166 165.5 163.2 159.3 155.7 152.2 151.6 153.6 156.7 155.3 152.5 148.4 144.7 140.1 133.9 119.4 120.1 133.1 140.4 145 144.8 143.7 144.2 151 152.3 138.5 130.8 124.2 121 117 114.1 107.7 105.8 105.6 105.9 105.6 105.6 104.8 104.3 103.3 120.2 124.6 132.8 139 149.5 154.7 153.2 148.1 136.1 131.1 129 121.6 111.6 104.2 102.4 102.5 102.2 100.9 99.7 100.2 101.2 100.7 100.9
191.8 191.9 187.7 180.1 175 187.5 198.7 205.8 199.5 184.4 173.5 167.5 152.3 150 150.3 151.4 156.9 156.4 153.8 151.1 147.2 145.4 141.5 143.1 145.7 146.4 144.2 141.4 138.3 130.9 124.4 121.3 130.7 138.9 146.8 151.4 151.3 153 156.4 159.3 155.8 149.1 143.9 134.2 121.6 119.2 119.9 109 106.6 105.3 105.7 105.4 105.4 105.3 105 103.4 103.8 117.4 122 130.1 137.8 143.8 143.8 139.5 132 123.6 120.1 113.7 107.6 104.3 103.2 103 102.7 100.8 99.2 102.3 107.9 108.2 102.6
208.9 203.7 196.6 187.1 179.9 198.9 213.2 222.2 217.7 201.4 189.5 179 169.6 152.2 149.3 147.6 145.8 143.1 142.6 140.4 139.3 137.2 136.2 134.5 134.8 140.1 137.9 129 126.7 124.6 123 129.7 136.8 144.9 150.1 155.3 158.1 160 161.9 166.8 171.9 167.3 147.3 141.9 127.3 122 115.8 110.3 107.1 105.5 104.8 105.1 105.5 105.6 104.8 104.1 104.1 101.9 105.3 119.3 130.3 135.3 136.1 132.4 124.3 117.1 114.7 110.5 107.2 104.6 103.6 103.6 100.8 100.2 99.2 108.6 114.1 122.5 121.8
218.2 211.1 201.5 189.3 194.8 211.8 225.6 235.7 228.8 218.6 207.2 194 180.2 170.8 163.5 159.4 155 151.3 145.1 141.3 139.4 136.5 134.7 132.6 132.2 130.2 129.2 127.5 127.5 124.8 126.1 137.9 142.6 149.8 154.8 159.8 162.2 165 166.6 173 174.4 168.2 156 144.6 132.9 128.1 120.6 118 108.8 106.3 105.4 104.5 105.7 105.2 104.7 104.2 103.8 103.1 100.1 103.9 121.8 127.5 128.2 123.4 115.2 111.4 110.9 111.5 108.9 104.8 101 100.7 101.1 101.6 99.5 112.2 123.4 128.6 127.5
216.7 208.7 192.5 193.7 210 227.5 236.6 244.3 243.1 235.1 223.7 209.7 195 183.2 173.4 166.5 158.1 152.5 149.3 148.7 150.1 148 146.9 139.7 136.4 135.2 140.3 143 142.5 141.3 140.4 137 146.3 152.8 160.4 166.2 167.3 169.1 173.4 183.9 192.9 192.8 177.8 156.7 146.6 138.2 130.2 123.6 116.1 106.1 105.6 105.7 104.9 105.5 104.6 104.1 104 104.4 104.3 100.4 102.4 115.9 119.8 116.5 114.1 111.1 110 109.9 101.7 101.3 101.7 101.9 102.5 99.8 105.6 119.4 130.9 140.1 142.3
199.6 202.8 209.1 216.2 229.6 242.2 251.8 256.4 255.1 248.3 234.9 218.8 206.4 195.5 186.5 178.5 164.4 159.9 156.5 155.2 156.8 155 151.4 139 145.6 147.4 148.7 150.8 150 149.5 148 134.2 152.3 158.2 165.3 169.2 171.4 173 178.9 193.8 204.9 210.2 195.4 175.4 163 148.6 141.6 132.3 124.1 119.2 106.8 105.4 105.5 104.5 104.6 104.3 103.8 103.6 103.3 103.3 104.2 100.3 104.6 109.5 108.3 108.6 102.8 102.2 102.2 101.6 103 102.2 102.3 99.6 116.6 131.7 143.6 152.3 155
223.1 222.5 226.8 235.3 247.1 259.5 268 267.3 259.7 251.3 237.4 221.9 211.6 202.5 194.5 184.5 176.1 169.8 166 162.8 162.4 160.2 147.4 155.8 155.1 155.3 158 160.5 159.8 158.1 153.8 137.9 156.3 161.6 166.8 171.8 175.3 178.1 189.2 208.3 218.3 227.4 216.3 197.3 179.3 163.2 150.9 139.8 131 123.9 118.7 109.8 104.9 104.1 104.2 103.4 103.6 103.6 103.2 102.8 103.7 103.2 99.6 102.7 103.6 103.2 102.9 102.7 102.5 102.2 102.7 102.1 99.5 107.9 129.4 146.7 158.6 163.4 160.8
242.3 241.2 248.7 257.6 268 277.8 283.5 279 268.6 253.3 239.8 225.1 213.5 205.9 197.6 189 181.7 176.5 172 168 167.1 162.8 160 163.4 164.4 172.2 174.2 175.4 170.3 164.9 159.4 147.6 159.1 165.9 170.8 176.7 182.7 192.6 209.8 224.4 236.5 244 238.7 222.9 199.4 176.5 161.4 149 138.6 130.1 124.3 118.5 111.2 105.3 104.4 104.8 103.9 103.7 104 103.2 103.1 102.2 101.2 100.6 99.6 99.6 99.6 99.6 99.5 99.5 99.6 102.3 108.7 117.3 140 157.9 166.6 169.1 167.3
