Assets/StreamingAssets/GeoData/Data/ny/NY48.asc
ncols 200
nrows 200
xllcorner 340000
yllcorner 580000
cellsize 50
[rows 35 to 69 of 200, columns 0 to 77 of 200]
275.1 264.5 255 247.1 236.7 224.5 211.1 199 196.3 198 203.7 215.1 231.7 249.1 259.9 268.9 277.8 286.8 296.5 305.9 315.3 322.6 330.2 336.7 341.3 346.5 351.3 356.4 363.2 369.8 375.2 378.5 380.5 379.3 375.6 372.9 371.6 371 372.2 373.5 376.5 380.6 383.8 388 391 393.2 396.3 394.6 397.7 403 408.3 409.8 414.2 416.7 419.6 422.6 424.6 428.1 429.4 427.6 426.4 426.7 426.1 426.1 423.6 420.2 418.1 418.5 418 413.7 410 406.5 403.9 400.4 393.7 387.8 385 382.7
272.1 262.5 254.3 246.5 234.4 221.1 209.2 200.9 197.1 197.5 206.1 221.6 239.5 255.3 267.6 276.9 287.1 296.9 301.4 308.8 317 323.8 330.7 336.6 340.8 345.5 350.3 354.7 361.3 367.4 372.8 375.3 375.9 375 371.7 370 369.2 369.4 369.9 370.7 373.3 376.6 379.9 384.1 386.4 388.3 388.8 391.1 393.8 397.7 401.5 406.8 410.8 413.7 415.9 418.3 420.4 422.3 425.8 424.4 422.6 422.6 421 419.8 418.8 415.9 414.8 414.6 413 408.6 404.8 402.3 400.5 396.3 390 385.7 383.4 381.1
270.2 261 253.1 244.4 230.8 219.9 209.6 201.3 195.1 197.9 210.4 228.2 246.7 262.4 274.8 284.9 295.3 304.4 306.9 311.8 318.9 325 331.4 336.7 341.1 344.9 349 354 360 364.7 369.9 372 372.1 370.9 369.3 367.5 366.6 367.3 367.4 368.5 370.4 373 375.6 379.9 382.9 382.3 385 387.9 391.7 394.1 399 403 406.1 410 411.8 414.2 416 417.1 418.6 419.1 417.9 416.9 415.6 413.5 413 411.1 410.5 410.4 408.5 404.8 401.4 398.9 396.4 393.4 387 384.5 382.3 380
266 257.6 250.3 239.9 227.9 217.2 206.8 200 194.9 200.8 216.3 235.2 253.8 270.6 282.5 292 301 308.4 310.7 315.3 320.8 327.1 331.5 336.8 340.6 344.1 349.3 354.4 359.2 363.9 366.8 369.5 368.9 368.2 367.4 365.4 364.1 366 365.2 366.4 368 370.3 371.8 375.2 379.5 378.2 380.3 384.3 389.8 393 397.6 400.2 402.9 405 407.8 410.2 411.7 412.3 412.4 413 412.2 410.7 409.3 408.5 406.8 405.6 406.6 406.2 404 401.6 399.4 396.9 394 390.5 385.9 383.9 381.8 380
263.8 254.4 246.6 235.8 224.6 214.6 205.1 197.1 197.3 206.1 223.6 244.4 261.9 278.4 289.2 297.7 304 310.6 313.3 318.6 323.1 328.5 333.8 338.5 342.6 345.8 350 354.4 358.5 361.7 364.9 365.8 365.6 365.7 365.5 363.6 362.2 363.2 363.1 364.5 366.4 367.4 369 370.6 374.9 376.4 375.5 382.1 387.9 391.4 394.5 397.3 400.2 402.1 403.8 406.2 407.1 407.5 407.2 407.1 406.4 404.9 402.9 400.5 400 400.5 401.3 401.8 400.8 399.4 397.1 394.7 391.7 388.8 385.5 383.4 381.6 380.1
260.8 251.7 243.4 231.7 221.7 212.6 203.4 194.1 202.9 210.8 231.4 251.3 269.3 285.1 293.4 300.1 305.8 311.7 315.7 320.1 324.9 330.1 335.5 340.7 343.1 346 349.1 352.9 357.1 360.5 362.9 362.9 362.8 362.7 362.5 361.2 360.2 360.9 361.4 363.2 364.9 365.8 366.2 367.2 370.2 371.9 372.2 377.5 383.8 387.8 391.4 395.4 398.8 399.2 400.7 402.2 403 402.5 402.7 401.1 400.4 399.3 397.7 396.3 395.5 396.5 396.2 395.9 395.9 395.7 394.4 393.2 390.9 387.5 384.9 382.8 380.7 378.5
258.1 248.6 239.8 228.4 218.1 209.7 198.3 200.2 207.8 221.4 240.9 258.1 277.7 288.1 296 301.5 307.5 313.2 317.7 321.8 327 332 337.8 341.1 343.3 346 348.8 351.8 356.4 359.7 360.3 360.3 360.3 360.3 360.1 359 358.3 359.4 360.5 362.6 364.2 364.4 364.2 364.5 365.7 366.6 368.1 374 378.8 382.9 387.3 393.6 396.6 396.7 397.4 397.6 398.1 398.2 397.8 396.5 394.9 393.8 392.4 392.2 392.1 392.3 391.7 391.2 391.3 392 391.6 390.9 389.5 387 384 382 380.1 379.1
253 244.1 235.4 225.1 214.9 205.4 192 203.4 214.9 232 251.4 267.8 283.8 291.5 297.1 303.3 308.6 315.5 319.2 324 329.2 333.8 338.5 341.4 343 345.9 348.6 351.4 356.5 358.4 359.3 358.7 358.5 358.6 358.5 357.3 356.7 358.4 359.9 360.9 363.5 363.4 361.8 361.8 361.8 360.3 366.2 371.6 375.6 378.3 383.4 389.2 392.1 392.4 393.9 392 392.2 393.2 392.8 391.6 390.4 389.2 387.1 386.9 388.5 388.9 388.4 388.3 388.5 389.1 388.2 388.2 387.4 385.4 383.4 381.1 380.1 380.3
249.6 238.9 229.8 219.3 209 196.8 193.4 210.9 223.8 243.6 259.9 275.2 286 294.2 299.4 304.8 311.1 317 321 326.2 331.2 335.4 339.1 341.2 342.6 345.9 348.7 352.6 356.5 357.3 357 357 357.3 357.4 356.4 355.2 355.3 357 358.5 359.2 361.9 360.5 360 359 358.2 358.6 364.1 368.4 371.2 374.4 378.9 384.1 387.6 388.1 388.9 386.7 386.7 387.2 387 386.7 386 384.6 382.5 382.9 383.7 383.9 384.8 385.4 385.7 386.3 386.1 386.1 385.3 384.2 382.7 381.7 381.2 380.6
246.6 237.1 226.2 211.1 196.9 190 204.3 215.3 232.6 251.6 265.9 278.4 287.5 295.8 300.4 305.5 311.3 317.7 322.3 328.4 332.8 336.7 339.3 340.8 343.2 346.1 350.4 354.2 356 356.7 356.2 355.4 355.5 354.8 353.6 352.5 354.7 355.6 356.2 357.2 358.9 358 357.4 356.2 354.7 357.2 359.1 363 365.8 369.8 374 379.2 381.4 381.1 381.7 381.6 381.5 381.7 382 381.9 381.6 381.8 378.8 378.2 379.8 379.9 381.3 382.5 384 384.4 384.6 384.6 383.8 382.8 382.1 381 380.9 380.9
242.7 233.6 218.7 202.5 188.1 195 201.8 213.8 235.7 254.9 269.5 279.1 287.6 296.4 301.4 306.7 312.3 318.1 323 329.9 334.3 337.3 339.1 341 343.9 348.7 352.9 353.9 353.7 354.4 355 354.3 353.2 351.9 350.6 349.7 352.6 353.3 353.1 355.6 356 354.8 354.4 353.6 351.1 353.8 355.8 358.1 361 364.2 368 372.4 373.4 374.1 375.4 375.7 376.1 376.6 376.9 377.7 378 378.5 376.4 374.2 375.8 376.3 377.7 379 381.3 382.8 382.5 383 382.2 381.6 381 380.5 380.5 380.5
238 228.5 216.3 194.8 188.5 195.3 206.4 221.7 239.3 255.8 268.4 279.1 286.4 295.8 302.2 307.1 312.4 317.4 323.9 331.5 335 337.7 339 342.7 347.4 350.4 352.5 352.8 352.6 352.9 353.5 353 350.9 348.6 347.9 347.2 349.2 349.7 351 352 352.3 351.7 352 351.5 348.1 349.7 352.9 354.8 357.1 359 363.3 367.3 369.9 369.8 369.5 370.2 371.4 371.6 372.2 373.6 374.6 374.9 372.7 370.7 372.2 373.1 375 376.1 378 380.1 380.5 380.7 379.9 380.1 379.4 378.4 379.1 379.5
235.6 224.7 211.9 189.7 189 195.8 206.5 222.6 239.1 255.2 267 277.4 287.1 295.4 301.6 306.7 310.1 321.8 328.4 334.2 337 339.2 341.5 344.8 348.1 350.4 351.4 351.7 350.8 351.6 352 350.5 348.4 346.2 344.2 343.2 345.6 346.7 347.5 348.3 348.7 348.2 349 348.8 346.1 346.3 349.1 351.1 352.9 355.4 359.7 362.9 366.1 365.1 364.7 364.5 366.3 367.5 369 370.1 370.4 370.2 368.4 367.3 368 369.4 371.4 373.7 375.1 376.1 376.9 377.1 376.8 377.2 377.3 376.1 376.8 377.5
229.3 216.6 210.6 191.7 186.9 193.4 205.6 223.4 239.6 254.9 265.8 273.7 286.6 294.9 301.8 309.4 317.5 325.6 331.8 336.9 339.4 341.3 344.3 347.4 348.4 348.7 349.6 351 350.5 350.5 350.4 348.6 347.1 344.1 342 339 341.9 342.7 343.7 344.7 345.1 345 345.9 344.9 342.3 342.8 346.4 348.3 349.6 352.9 356 358.7 362.3 360.8 361.3 360.4 361.2 363.6 365 366.6 366.5 365.6 365.2 363.8 365.5 366.9 369 371.5 372 373 373.3 373.4 373.5 373.3 373.2 373.2 374.3 374.9
226.4 214.4 202.4 190.9 185.3 194.3 206.3 219.4 238.3 251.5 262.3 273 284.6 295 301.3 309.4 319.1 326.3 333.8 338 340.5 343.4 347.5 346.9 347.4 346.7 347.3 350.7 349.6 348.9 347.9 347.9 346.4 342.2 339.4 336.1 337.8 339 339.2 340.8 341.9 342.2 342.6 340.9 338.9 340.4 343.3 345.3 347.9 350.8 353.3 355.3 357.9 356.9 357.5 357.4 358.7 358.6 360.1 361.9 363.3 362.5 361.6 361 363.3 365.1 367.5 368.8 370 370 370.1 370.4 370.5 370 369.6 369.4 369.9 372.3
225.3 211.5 201.1 189.3 184.4 192.9 205.8 220.6 238.6 248.7 260.5 271.6 284.3 295 302.4 308.5 316.7 325.1 332.1 337.6 342.3 344.3 347.7 346.9 344.7 344.2 344.9 347.6 347.8 346.9 346.2 346 343.7 339 335.3 332.2 332.9 334.6 335.2 336.6 339.1 340 339.2 337.5 334.6 338.9 340.5 342.8 345.4 347.9 350.4 351.7 351.9 352.5 353.4 354.7 356.3 357.1 355.9 357.1 359.6 359.2 357.8 359.5 361.2 363.5 365.5 366.8 367.6 367.8 367.3 367.5 367.5 366.9 365.8 365.6 366 369
225.3 210.9 198.7 186.6 186.2 191.9 203.7 217.8 235 245.7 257.5 269.8 281.8 294.1 300.9 307.4 315.8 324.2 329.6 336.6 341.7 344.5 346.3 345.4 342.3 341.2 341.7 343.2 343.2 344.8 343.8 342.8 339.2 335 329.9 327.6 327.1 329.4 331.7 332.5 335.1 337 335.6 333.8 331.9 336.5 338.9 341 342.6 345 347.4 348.8 349.1 349.1 349.9 351.3 353.2 354.4 355.2 352.9 355.5 356.1 352.7 356.7 359.4 362 363.3 364.2 364.5 365.6 365 364.7 364.6 363.9 363.1 362.1 361.9 364.4
226.2 210.8 195.7 181.8 185.4 188.3 200.2 215.6 230.9 242.2 254.3 267.4 279.1 291.5 299.3 305.6 314.1 321.7 327.1 334.2 339.7 342.3 345.3 343.7 341.5 338.9 337.9 338.4 339.5 340.7 340.5 338.5 331.9 329.5 326.3 322.1 323.6 325.4 327.7 329 331.6 332.9 332 330.1 331.2 336.1 338 339.7 341.1 342.5 344.4 346.4 346.7 346.7 346.5 348.1 350 351.7 352.4 351.5 350.7 351.6 348.8 355.9 358.5 360.8 361.9 361.8 362.7 362.9 362.6 361.9 361.4 360.9 360.6 360 358.4 359.8
227.2 211.1 192.9 180.8 184.8 186.3 197.4 210.6 225.9 235.4 249.1 264.3 276.8 288.3 298.1 304.2 311.9 318.8 324.2 331.4 336.4 339 342.5 342.1 340.6 338.9 336.8 334.4 335.6 336.6 335.4 332.6 327.7 323.7 321.5 315.7 319.2 320.9 323.4 325.5 327.1 327.6 327.5 326.2 332.4 335.1 337.3 339.1 340.5 341.7 342.4 343.7 344.4 344.6 344.5 344.1 346 348.7 349.2 349 347.5 346 350.5 354.9 357.4 359.4 360.9 360.8 361.5 360.8 359.8 359.1 358.1 357.7 357.4 357.4 356.3 355.4
232.2 216 197.8 179.9 183.5 184.5 191.8 205.6 218.4 230.7 246.1 259.8 272.1 282.2 292.8 301.7 308.6 315.7 320.3 327.5 333.5 334.4 337.2 337.6 337.5 336.8 335.2 331.4 331.3 331.2 329.7 326.4 323.6 319.5 315.4 312.4 314.9 316.4 319 321 322.8 324.1 324.1 327.9 331.5 334.8 337 338.6 339.9 340.8 341.3 342 342.3 342.6 342.6 342.4 341.6 344.6 346.1 346 344.2 345.8 349.8 354.2 355.5 358 358.7 359.8 359.3 358 357 356.2 354.7 354.3 354.2 354.3 353.9 352.9
240.7 223.9 204.1 183.4 180.7 184.2 188.4 202.6 213 226.1 242 255.5 266.8 276.2 287.5 297 304.4 311.6 315.8 321.7 328.5 328.4 331 332.1 332 331.9 332.5 330.2 327.3 326.5 324.5 321.2 318.2 314.3 309.5 307.7 311 312.7 315.2 318 319.7 319.6 322.7 327.6 331.2 334.1 336.2 338 339.1 339.9 340.4 340.6 340.4 340.4 340.5 340.7 339.9 339.7 342.1 341.5 340.3 345.6 348.5 352.6 355 355.8 356 357.3 356.3 355.2 354 353.1 351.7 351 350.9 350.6 350.1 349.3
246.8 234.5 215.3 194.3 180.5 181.7 186.4 198.8 206.2 221 237.6 251.4 262.4 270.8 279.9 288.5 298.7 305.1 310 315.9 322 322 323.6 324.8 324.5 324.5 325.4 324.9 323.7 321.5 319 316.1 312.8 308.3 304.9 303.4 307 309.1 311.7 314.8 315.4 318.5 322.7 326.6 330.4 333.3 335.5 337.6 338.4 339.2 339.5 339.4 339.3 337.8 337.4 337.9 338.1 337.6 337.6 337.3 340.8 344.6 347.4 350.6 354.1 354.2 353.7 354.1 353.9 352.5 351.4 350.2 348.7 347.6 346.9 346.7 345.5 345.4
251.7 242.4 229.5 206.5 186.4 177.7 183.8 193.1 203.7 215.3 232.6 245.8 257.6 268.5 273 282.9 292.6 299.6 304.6 308.7 314.1 315 315.7 316.9 317.4 318.5 318.9 318.3 317.4 315.5 313.6 308.9 307.2 303.9 300.1 299.7 303.1 304.7 308.4 310.7 316 319.6 322.5 325.5 329.3 332.8 335.1 337.1 338 338.5 338.4 338.2 337.6 336.2 335.1 335.1 335.3 335.1 333.7 334.1 339.7 342.9 346.5 348.5 352 352.9 351.9 350.5 350.6 349.6 348.5 347.3 345.9 344.1 342.9 342.2 341 341
255.4 247.4 239.6 221.2 199.6 181.3 180.3 187 198.9 210.1 226.3 240.7 251.9 264.3 269.4 275.3 286.2 293.9 297.5 301.8 306.2 307.5 307.6 309.6 309.9 312 312.1 312 311.7 309.9 308.3 304.3 302.6 299.7 296.8 296.2 298.8 300.1 305.9 312.1 315.5 318.9 322.5 325 329.7 332.4 335.8 337.5 337.8 337.4 337.1 336.8 335.9 334.5 332.7 331.9 332.3 331.7 329.8 332.8 337.7 340.8 343.5 346.7 348.3 351.2 350.1 348.7 347.8 345.5 344.5 343.6 342.5 340.9 338.9 337.8 337.5 338.2
257.2 251.1 245.3 233.3 210.9 192.3 176.7 180.5 192.5 203.7 220.1 233.8 246.1 258 260.1 268.7 277.9 285 288.7 293.1 296.7 299.4 299.8 301.3 302.9 305.1 306.3 306.5 305.6 304.6 303.3 300.1 297.6 296.2 292.8 293 298.6 302.4 307.7 311.5 315 319.8 323.1 325.9 330.2 333.3 335.8 337 337.2 336.5 336.1 335.3 334.4 332.7 330.7 327.9 328.2 327.5 327.2 332 336.2 339.4 340.8 343.7 345.3 346.9 347.1 346.1 344.5 342.3 341.2 340.2 338.8 337.4 335.2 334.1 334 336.1
258.7 253.5 248 239.1 220.3 202.2 185.7 176.2 186.1 197.6 212.9 226.3 239.1 248.9 258.8 267.1 269.8 277.5 280 284.6 287.6 290.6 291.4 293.8 296 298.3 300.2 301 300.6 300.8 299.8 297.9 293.8 291.9 287.7 293 298.6 303.3 307.4 311.2 315.3 320.8 323.4 328 330.4 333.7 335.4 335.9 335.7 335.2 334.3 333.5 332.7 330.8 328.8 326.8 324.3 323 326.9 330.3 334.4 337.4 338.9 341 342.3 342.9 343.5 342.9 341.4 339.6 338.7 337.4 336.2 334.5 333 330.4 331.1 333
259.5 254.8 249.4 242.1 228 211.3 194.7 179.4 176.7 191.2 206.2 219.5 229.9 241.9 252.5 262.2 263.1 271.8 274.4 271.9 278.9 279.7 283.2 285.9 288.8 291.2 293.8 295.5 296.5 296.8 296.3 294.5 291.6 288.4 285.7 293.5 297.9 302.7 307.7 311.6 316 319.4 323.9 328.7 330.1 332.8 333.8 334.4 334 333.5 332.7 331.9 331.2 329.2 327.3 325.4 323.3 319.6 325.3 327.9 332.3 334.9 336.7 338.2 338.8 339.4 339 337.8 337.3 336.9 335.9 334.6 333.7 332.1 331.1 328.7 328.1 330.1
259.5 256.2 250.9 244.4 232.9 219.3 204.3 186.9 176.3 181.1 197.9 211.4 223 232.8 246.5 256.7 259 263.6 268.8 265.1 270.2 270.6 275.7 279.9 282.2 285.9 288.5 290.7 292.7 293.1 292.7 291.3 288.4 278.8 287.5 292.9 296.9 302.9 306.7 311.1 316.2 315.9 323.6 327.6 328.3 330.7 331.7 332.7 332.4 331.9 331.2 330.6 329.9 328 326 323.8 321.5 315.7 323 325.7 329 331.4 334.1 335 335.6 335.3 335 334.9 334.4 334 333.2 332 330.7 329.8 328.8 327.2 326.2 327.6
260.2 257 252.6 245.7 236.9 224.9 212.6 196.9 179.6 176.1 190.5 205.5 215.2 227.7 240.5 250.5 252.4 254.9 262 262.5 262 264.8 268.9 273.2 276.5 280.3 284.2 286.9 288.7 289.4 288.9 286.7 282.9 278.6 287 292 296.9 301.5 304.7 309.5 314.7 315.3 323 326 326.4 326 328.5 329.8 330.3 330.1 329.9 329.3 328.6 326.8 324.6 321.5 319.2 316.6 316.2 322.3 324.8 327.6 331 332.2 332.8 332.8 332.8 332.6 331.9 331.6 331.4 330.2 327.6 326.2 325.7 324.2 323 324.7
259.7 256.9 253.4 246.2 238.4 229.2 218.6 206 188.2 174.9 179.7 198.3 211.9 223.2 234.3 243.8 246.6 241.9 254.3 258.1 258.4 259.4 264 268.2 272.9 276.3 279.9 282.9 284.6 285.4 284.2 282.5 274.4 279.3 285.5 289.8 294.2 298.3 301.9 308.3 313.2 313.3 320.7 323.7 325 322.6 324.6 327.2 327.7 327.8 327.6 327.4 327.4 325.7 322.9 319.3 316.6 314.4 309.5 318.6 321.4 324.2 327.8 329.7 330.5 330.3 329.7 329.4 329.5 329.1 328.7 328.2 326.8 324.3 322.3 321.7 320.3 321.3
258 256.1 253.1 247.3 239.3 231.3 221.8 211.9 197 181.9 173.2 186.1 203.7 216.8 227.7 236.7 242 235.3 248 251.8 253.9 256.2 257.4 264.5 269.4 272.5 276 278.3 279.8 279.9 278.9 276.3 265.2 276.4 282.9 286.6 291.1 293.6 299 304.8 311.3 312.1 317.9 321 322.6 321.4 321.6 323.3 324.6 325 325.7 326.1 326.1 325.6 324.5 322.5 319.2 313.8 308.3 313.4 318 321 324.2 325.6 326.4 327.1 326.7 325.9 325.9 326 325.7 325.2 323.6 321.6 319.2 317.8 317.6 319.2
255.8 254.7 251.5 246.6 239.8 232.3 223.6 215 201.9 187.3 176 178 197.4 209.9 220.5 229.9 233.9 234.8 242.5 245.7 249.6 253.4 254.5 259.7 265.8 268.9 271.9 273.2 274.2 273.8 272.6 268.6 262.4 272.6 277.6 282.2 285.4 289 295.3 302 308 309.6 315.5 318.1 319.9 320 316.4 318.7 320.8 322.2 323 323.8 324.7 324.5 324.1 322.2 319.4 313 304 309.9 314.3 317.3 320.6 321.8 321.7 322.3 322.8 322.1 320.2 320.9 320.8 320.4 318.7 318 316.5 313.1 315.8 316.7
253.2 251.8 248.4 243.9 239.3 232.7 224.8 216.4 204.8 189.6 180.6 175 190.3 200.8 212.4 222.9 226 233.4 235.9 239.4 245.6 251.2 254.9 255.2 262.3 265.6 267.4 268.3 269.3 268.2 266.1 262.2 260.9 268 273.2 277.8 282 287.5 291.8 299.9 305.9 308.1 311.5 314.9 316.4 317 315.8 312.7 316.8 318.7 320 321.1 322.7 322.9 322.8 322 319.2 314.8 308.8 301.4 309 314.1 315.8 317.7 317.6 317.6 318.3 317.2 318.1 316 314.9 314 312.6 312.4 312.3 310.2 313.1 314.4
249.6 248.1 244.8 240.8 236.9 232.2 225.2 216.9 204.6 190.7 181.9 170.8 179.6 191.4 205.2 214.6 221.8 229.5 232.8 237.5 243 249 253.1 250.9 259 262.4 263.3 263.9 263.4 262.4 259.9 255.1 249.6 263.6 268.7 273.9 280.1 286.1 290.7 296.9 303.5 306.5 307.2 311.3 312.2 312.8 312.9 310.7 312.1 315.3 317.2 318.9 320.5 321.3 321.8 321.5 320.3 316.4 309.5 301.3 300.1 310 310.7 310.7 313.5 314.5 313.8 314.3 314.7 313.9 311.7 309.1 306 306 308.2 305 310.1 311.2
245.9 244.2 241 238 234.5 229.6 223 215.6 203.6 191.2 182.7 172.2 176.8 189.7 201.3 211.1 220 224.9 230.3 237.2 242.8 247.9 251.1 248.3 256.2 258.9 259.4 259.2 258 256.9 253.7 246.4 254.6 260 264.6 270.9 277.1 283.8 288.5 294.7 300.4 304.2 303.5 305.5 308.4 308.8 309.1 308.1 308.4 312.6 315 317 318.9 320 320.7 320.5 320.3 316.7 310.6 303.1 291.9 301.3 306.4 308.1 307.3 308.4 309.1 308.6 308.2 308.4 306.7 304.2 303.6 300.7 302 302.3 306.4 306.9
