Assets/StreamingAssets/GeoData/Data/ny/NY49.asc
ncols 200
nrows 200
xllcorner 340000
yllcorner 590000
cellsize 50
[rows 70 to 104 of 200, columns 0 to 77 of 200]
199.9 199.9 199 200.9 209.4 217 224.4 230.8 237.3 242.8 246.5 250.1 252.1 251.5 246 235.5 219.2 202.8 202.4 210.5 222 234.5 247.1 261.3 281.2 299.3 314 325 330 328.6 320.1 310.7 300.8 292.2 287.9 289.3 293.8 294.9 296.3 301 302.6 305.6 316.9 336.3 361.4 381.1 397 410.9 423.1 430.8 435.5 437.3 437.2 435.7 433.7 429.8 425.7 419 410.4 400.6 390.7 380.5 371.1 362.2 350.8 340.9 335.3 316 332.1 352.4 364.6 373.2 378.7 380.7 380.2 376.3 369.8 362.2
215.8 215.4 213.1 212.9 221.6 231.5 240.5 248.4 255.7 261.9 267.2 271.4 274 271.6 263.6 249.5 230.5 211.1 201.2 210.4 222.3 235.5 248.6 265.8 288.1 308.5 325.6 336 337.6 330.1 317.9 307.7 300.2 295.2 294.9 299.8 305.2 308.8 311.3 314.4 319 326.4 336.6 352.7 372.1 391.4 408.5 422.6 433.1 439.4 442 443.1 443.3 442.2 439.4 435.6 429.2 419 402.9 386.5 377.7 369.5 359.3 347.9 340 328.5 320.5 314.2 331 344.5 352.7 358.5 364.3 366 363.2 358.8 351.1 342.7
236.4 234.2 229.7 224.8 236.7 246.7 257.4 267.3 275.6 285.4 292.3 296.6 298.6 293.8 281.9 265.2 242.3 220.8 201.4 210.4 222.1 235.8 251 271.3 294.1 313.4 324.1 327.5 325.3 317.5 306.6 298.7 295.2 295.5 299.9 306.9 314.3 319 323.2 327.2 332.3 339.7 349.8 364.3 380.7 399.7 416.8 430.2 437.7 442.5 446.1 448.1 448.3 446.5 442.6 437.4 429.7 418.6 394.5 368.1 356.3 351.4 346.4 333.2 322.2 312.9 308.7 321.8 334.8 339.1 341.9 346.4 352.1 353.7 349.3 342.4 333.7 324.8
256.3 253.6 249.2 239.1 250.4 263.4 276.4 289.3 301.3 311 317.9 320.6 317.9 310.1 298.1 281 258.4 234 211.9 209.4 222.3 235.9 252.3 274.1 290.9 301.6 306 307.1 305.1 299.8 289.9 282.8 282 292.6 304.5 314.3 322.9 328.8 333 336.8 341.7 348.4 357.2 368.5 385.2 403.1 418.9 429.1 437.8 443.6 448.7 451.3 450.9 448.8 444.3 437.8 429.6 417.9 399.4 372 348.2 332.8 328.5 316.8 304.7 304 319.3 334.5 340.6 337.7 333.9 334.2 337.2 337.5 333.2 325.3 313.6 303
275.1 273.5 270.5 258.8 268.3 282.9 298 312.8 324.4 331 333 332.2 327.3 319.3 308.9 293.8 272.8 247.1 221.2 206.1 218.7 233.7 249.5 264.6 275.4 281.8 284.4 284.8 283 278.2 270.3 263.3 274.8 290.5 307.7 319.6 327.8 334.3 337.1 338.7 341.7 344.2 350.6 359.5 373.8 390.6 408.5 423.3 435.5 444.3 449.6 452.6 452.7 449.9 444.2 436.1 425.8 412.2 394.1 371.9 349.7 327.1 310.8 300.9 296.2 315.6 334.5 351 351.1 341 329.7 322 319 316.4 309.1 300.5 288.9 276.6
290.7 292.5 291.9 286.7 291.2 304.4 318.4 330.8 337.4 340.6 341.5 340.6 335.3 327.4 315.5 299.2 277.4 254.5 231.1 213.5 213 224 236.2 246.6 254.9 259.8 262.8 263.4 262.1 258.7 252.6 253.1 268.1 284.1 303.4 314 319.6 324.6 323.9 321.8 321.1 323.6 320.7 337.9 353.6 375.5 399.4 418.1 435.1 445.2 450.9 453.1 451.6 447.2 440 430 417.8 403.1 383.9 363.5 343.9 324.9 303.7 288.3 305.2 325 347.4 360.8 357.8 344.9 329.8 314.8 303.7 295.4 288.4 279.8 269.8 261.6
306.8 309.5 311.6 313.3 317.9 327.3 335.5 340 341.5 343.7 345.2 345 339.5 329.6 315.7 297.3 276.2 255 244.8 236.6 221.4 215.6 221.8 229.8 236 240.4 243.1 244.4 244.7 242.8 239.7 243.1 250.9 260.9 276.8 292.1 299.9 301.5 300.2 298.5 303.2 322.7 341.9 359.8 376.4 393 409.1 425.9 439.2 448.1 451.5 450.9 447 441.1 432.4 421.4 408.9 390.9 371.2 354.1 336.2 320.7 301 282.4 303.9 326 346.9 349.9 344.1 334.7 324.2 310.1 295.1 280 269.6 261.1 253.6 248.1
322 328.3 333.2 338.4 342 346.5 345.3 341.8 338.7 340.7 342.6 343.1 340.9 332.4 318.1 299.5 285.1 278.7 273.9 260 241 226.2 216.7 217.3 220.9 221.2 226.1 225 226.8 230.9 234 238.6 241.7 241.1 250.2 265 276.5 278.2 281.7 300.7 321.9 342.3 362.4 380.3 397.8 412.5 422.2 432.8 442.3 447.9 448.7 446.4 442.2 434.4 425.6 413.8 398.2 378 359 343.7 330.2 317.2 300 277.6 295.8 320.8 332.5 329.9 323.4 315.2 305.4 294 280.3 267.9 255.4 251.3 254.4 258.2
339.5 347.3 354.9 358.5 358.6 353.9 345.2 333.9 329 331.6 337 343.4 346.6 344 336.6 326.1 316.6 308.9 299.8 282.4 262.8 244 234.4 236.6 235.8 234.3 233.9 236.6 238.9 236.9 242.8 252.7 259.7 261.2 253 251.8 265 282.3 300.9 321.2 342.1 362.5 382.4 400.4 416.4 427.7 433.4 439.5 444.8 447.5 447 443.4 437.7 428.4 416.4 399 381.8 364.2 347.1 331.8 318.4 307.2 294.3 273.5 291 311 314.5 309.5 300.8 290.6 280.9 270.5 261.2 257.7 260.6 263.9 268.4 272.2
357.5 366.7 371.3 369.3 361.8 350 334.5 321.2 315.8 321.2 335.3 350.9 360.5 362.6 357.8 349.7 341.5 334.1 321.9 304.5 284.6 264.3 244.7 254.3 256.3 255.3 256.5 260.7 258 251.3 257 271.5 281.7 282.4 269.7 267 283.1 300.7 320.1 341 361.8 382.1 400.4 415 427.9 435 439.8 444 447.5 448.3 444.9 439.6 431 419.4 403.5 380.8 360.7 348.9 334.3 319.2 306.4 295.6 286.2 271.3 282.6 294.6 294.6 287.6 277.1 266.9 257.6 261.9 264.9 269.2 273.2 277 279.8 280.9
369.9 375.6 375.3 367.8 356.6 339.7 320.4 306.9 303.1 315 336.7 357.3 371 376.4 375.8 370.7 362 350.6 340.9 328 306.1 282 263.3 273.3 278.8 280.3 281.1 283.8 278.4 267 270.7 289.4 300.1 301.9 287.7 265.1 286 307.1 330.5 354.7 376.4 396 411.3 423 431.1 436.5 442.4 447.2 448.3 444.2 437.1 429.4 419.2 406.7 390.7 369.9 343.3 329.3 317.5 305.7 295.7 287.3 279.7 273.3 270.5 278 274.5 268 258 266.2 270.9 275 278.9 281.7 284 286.4 286.2 286
372.1 374.7 370.2 361.3 348.1 328.7 307.1 295.8 296.9 313 336.4 355.8 370.7 381 382.1 376.4 368.3 359.6 352.4 343.6 325.9 303.1 284 296.9 304.7 306.5 305.2 305.8 300.3 285.3 286 306.7 320.2 322.7 311.4 288.6 275.3 303.4 329.6 358.2 382.3 400.7 412.4 420.1 426.3 433.1 439.2 441 438.2 433.1 426.3 417.4 407.4 395.2 379.7 358.7 336.5 316.1 303.3 294.8 286.2 281.7 280.9 277.7 273.3 267.2 261.2 265 273.1 280.7 285.3 288.6 290.6 292.5 293.1 294.3 293.2 290.4
366.7 367.5 362.9 354.1 340.5 318.6 295.9 285.5 288.7 308.2 331.2 347.8 361 369.5 372.4 370 365.8 361.4 357.1 352.6 345.4 329.7 320 325.6 332.8 334.1 331.2 329.4 321.3 299.1 303 325.3 341 345.6 335.3 311.1 293 299.3 325.5 353.5 376.8 391.6 400.9 408.4 415.2 424.1 428.2 428.8 426.6 422 416.2 407.1 397.6 385.2 370 348.7 324.6 307.5 296.6 290.2 292.9 293.7 289.8 283.2 276.5 263.2 268.8 277.8 285.3 292.6 297 300.3 302.1 303.1 303.2 302.4 299.9 295.2
357.2 359.2 355.1 346.4 332.2 310.9 287.8 272.5 281.5 301 322 334.2 342.7 349.7 353.7 354.6 355.1 355.5 357.7 360 361.3 358 353.3 357.6 362.6 362.8 358.1 354.8 341.8 320.7 322.6 345.1 362.8 368.8 358.6 331.4 309.9 294 318.1 341.7 359.2 372.3 382.7 391.8 402.5 411.5 416.2 417.6 416.6 412.7 406.9 397.8 386.6 374.2 358.5 337.8 314.3 303.2 298.5 308.1 308.5 303.7 294 280.5 267.3 269.7 280.5 290.5 298.4 305.1 309.2 312.2 313 313.4 311.5 308.6 304.1 296.6
352.7 352.7 347.9 337.7 323.1 302.8 280.8 266.1 275.6 294 309.1 317.2 323 327.6 331.2 333.7 339.1 347.9 359.1 367 371.2 376.3 381.7 387.2 391.8 390.6 386.1 381.2 365.8 343.4 347 366.1 381.5 386.6 377.4 351.8 327.8 314 308.7 325.7 339.8 354.4 365.9 376.3 388.5 402.7 409.5 410.7 408.1 403.4 396.4 386.2 374.3 360.3 344.5 325.1 306.5 315.4 322 321.1 314.8 305.5 287.9 268.9 269.7 280.2 293.4 304.2 312.6 318.5 322.1 323.9 323.6 321.7 318 312.7 305.3 290.1
348.5 345.1 337.5 326 312 293.7 272.5 257.3 268.1 283.9 293.2 298.6 302.4 306.4 309.8 315 325.5 347.4 363.7 372.9 381.8 390.1 398.5 404.2 408.4 410.3 410.5 405.4 389.4 372.7 374.5 385.8 394.3 397.6 394.7 371.8 347 332.8 322.8 317.6 330.1 345.7 358.9 374.4 388.5 400.5 405.2 404.6 399.9 393.7 385.4 373.5 360.5 345.7 326.1 328.9 333.1 335.8 332.3 325.6 315.8 297.8 278.6 267.8 277.3 292.3 307.7 318 325.5 330.3 332.8 333.3 331.5 328.1 322 314.5 298.6 299.7
341 335.2 324.3 312 297.3 279.9 261.9 250.6 260.6 271.1 276.8 282.3 286.9 287.4 299.3 318 336.4 356.4 371.7 382.2 391.4 402 408.7 413.7 418.9 424 423.9 416.3 407.3 399.8 398.8 401.4 403.3 404.5 402.4 392.4 371.6 356.7 344.8 339.1 335 348.9 367 384.7 395.8 402.1 403.8 400.3 393.9 385.5 375.7 360.8 352.3 351.4 351 350.2 347.4 342.3 334.4 324.6 309.6 287.3 269.9 274.8 287.4 305 318 327.1 334 338.5 340.2 340 338.3 333.3 324.1 312.4 304.8 311.9
334.4 322.8 308.5 294.6 280.3 264.6 250.4 243.4 253.7 257 259.2 268.9 284.8 300.9 317.4 335.7 352.9 367.9 380.2 389.3 397.5 406.4 412.3 416.3 424 426.1 424.9 421.7 418.4 415.9 412.9 409.8 407.8 406.6 407.8 408 398.7 383.3 370.9 362.7 350.2 364.9 383.3 398.7 405.1 406.6 404.5 400.1 390.6 379.6 370.5 367.9 370.1 368.3 364 356.8 346.9 339.2 328.4 311.2 293 278.1 270.5 282.3 298.3 314.8 324.9 333.2 339.9 344.6 346.4 346.5 343.8 337.5 333.2 326 309.9 324.6
325.1 310 291.1 275.6 262.7 250.3 238.4 238.2 244.8 260.2 272.8 286.7 301.6 317.6 334.8 350.8 365.1 377 386.7 393.8 400.6 406.9 408.2 409.5 418 424.4 424.5 424.9 424 421 416.9 410.6 405.9 402.7 408.9 414.3 414.2 409.9 398.6 388 368.3 380.4 399.6 410.6 413.4 412 408 403.2 396 388.9 383.7 381.5 378.6 373.2 364.5 351.7 333.7 320.4 312 311.4 299.4 270.6 277.2 287.6 307.1 320.9 330 337.9 344.5 349.3 351.3 352.7 351.2 348.9 345.4 334.9 320.6 339.1
312.4 297.4 276.8 260.1 248.6 238.7 232 246.2 261.2 273.9 286.2 299.9 315.7 331.5 346.1 360.1 371.7 381.8 390.3 397.3 404 401.7 394.8 395.3 409.5 419 421.4 421.4 420 415.8 410.9 403.9 395.9 393.1 408.3 419 423.2 423.6 420.5 415.2 395.7 404.2 414.6 417.9 417.6 414.9 411.3 406.6 402 396.7 391.8 386.8 381.2 373.5 359.6 338.1 340.9 340.7 336.4 328.2 313.2 285.3 275.8 283.7 304.3 321.9 332.7 341.3 348.4 353.2 356.1 358.9 360.8 360.8 357.2 348 336 353.9
295.6 282 264.9 247.9 237.2 228.5 239.1 257 273.3 287.1 299.4 312 325.8 340.6 354.8 365.1 372.4 380 390.4 399.5 402.4 391 369.4 374.4 393.2 407.6 412.7 412 408 403.4 398.1 390.2 381 383.8 406.2 421 425.7 427.1 426.7 423.7 422 423.1 423 422.6 420.5 417.5 414.1 409.3 404.4 399.2 394 388.6 381.5 366.1 350.1 353.5 356 351.1 341.8 329.9 312 287.8 286.1 289.1 287.6 312.2 330.8 342.6 351.6 357 362.7 366.5 371.6 373.4 371.6 364.5 354.3 364.1
275.1 263.7 250.2 236.4 227.1 228.2 248.8 267.2 283.1 294.9 303.5 315.8 326.5 338.4 348.3 354.5 360.2 371.7 382.2 389.8 390.6 378.5 357.6 354.3 373.9 388.4 393.8 393.8 389 383.3 378.1 371.7 361.2 379.8 397.7 409.4 418.3 424.9 428.5 429 430.5 430.2 428.2 426.7 423.7 419.7 415.1 410 404.9 400 394.8 389.6 380.3 369.2 366.7 365.4 360 350.3 336.4 319.4 299.2 280.2 297.5 305.5 290.4 298.5 323.1 342.4 354.3 362.9 370 377.6 384.2 387.6 387.6 382.7 374.5 374.7
253.8 244.9 235.7 225.7 218.7 236.9 257.8 275.2 284.9 291 296.6 304.7 312.2 318.4 324.9 331.7 339.7 352 362.9 370.7 372.8 363.4 345.7 334.9 353.7 365.9 370.5 369.5 364.4 358.3 353.6 350.3 350.4 363.5 371.2 394.6 414.3 424.8 429 432.1 434.4 433.7 431.4 428.8 425 420.2 415.1 409.9 404.7 400.1 395.2 390.1 383.6 377.9 373.3 367.3 355.8 340.9 322.7 302.8 285.6 293.4 311.6 318.5 305.2 288 314 337.4 355.6 369 382 392.3 400 403.8 405.6 402 395.6 386.4
234.9 228.9 223 215.3 225.2 245 263.6 273.6 275.9 275.7 278.2 280.4 284.7 291.4 299.4 306.5 317.3 329.1 340.7 347.9 350.1 343.9 330.6 317.3 332.9 343.2 346.4 345.2 339.8 332.8 328.9 327.5 330.2 354.3 374.7 399.3 413.7 423.7 429 433 435.2 434.5 432.3 429 424.9 420 414.6 408.2 403.2 398.6 394.2 389.8 384.7 378.9 372.7 361.8 344.2 323.5 305.9 288.4 289.2 310 326 329.5 317.5 298 306.2 330.7 356.2 377.1 394.4 407.5 417.3 422 422.7 420.6 416.1 410.4
216.6 212.4 208.5 216.1 232.4 248.7 258.3 259.7 257.8 254.7 252.5 253 257.4 265 274.1 282.8 294.2 306 316.9 323.2 325.5 322.4 313.9 303.4 314.6 321.9 323.3 321.9 316 311.5 307.4 329 350.2 370.1 389.8 403.2 415.9 422.7 427.4 431.9 433.1 433 431.6 428.3 423.5 417.4 411.1 404.7 400.6 396.6 391.7 387.4 382.4 372.6 366.1 351 329.8 308.1 292.1 287.6 305.5 326.2 339.2 341.2 327 306.1 299.3 326.4 354.9 382.9 404.7 422 433.8 440.9 441.1 439.8 437.8 438
201.3 207.7 208.2 216.1 227.9 237.5 240.9 239.8 236.6 232.6 230 235.7 236.7 243.2 251 259.6 271.2 283 292.7 298.9 301.8 300.1 296 289.7 298.2 302 302.3 301 298.6 308.3 327.7 348.5 369.5 388.6 403.8 413.6 418.4 421.7 425.3 428 429.1 428.8 428.2 425.2 419.6 411.5 406.6 401.6 396.2 390.1 385 381.5 376.5 358 354 338.3 316.9 298.1 287.7 305.4 323.7 340.2 349.7 349.8 333.3 313.5 300.4 323.8 353 383 411.5 434.2 450.6 459.4 461 459 457.7 459.5
218.1 223.3 221.2 216.6 218 220.5 223.7 225.4 238.1 246.7 253.1 256.3 258.5 254.9 251.7 246 253.2 262.8 271.3 277.2 280.5 281 279.4 277 281.9 285.2 287 287.4 306.7 327.6 348 369 387 403.5 413.9 418.5 419 419.9 422.4 424.7 424.8 423.3 420.5 421.1 418.5 406.8 398 392 386.5 381.4 378.9 376.4 371.1 349 331.3 323.2 306 290.9 300.6 320 338.8 353.4 362.1 360 341 323 299.2 322.9 352.7 383.5 415.4 440.8 457.2 466.6 471.9 472.1 470.7 471.3
234.3 240.9 242.3 238.2 236.1 238.7 245.1 253.3 263.9 272.6 278.8 281.9 282.1 279.3 274.3 269.1 260.8 250.6 256.7 262 265.2 265.3 267.2 268.9 272.8 279.3 289 305.8 325.3 345.2 365.2 383.8 396.7 404.5 413.9 415.1 414.7 416.5 418.9 420.2 418.8 414.6 410.4 411.4 411.4 399 388.2 382.8 378.3 374.7 372.7 371.6 366.5 353.8 335.7 310.8 293.8 294.7 314.2 334.9 351.7 366.2 374.3 372.9 357.1 334.3 307.7 325.2 354.4 385 414.3 433.7 443.9 452.3 460.4 465.6 471.3 476.2
250.2 258.6 263.2 263.4 263.6 265.7 271.5 279.5 289.5 299 306 306.7 305.6 303.5 298.5 293 284.9 274.8 264.5 260.6 264.4 273.5 279.3 287 288.2 280.5 294.9 311.8 329.8 348.5 365 377.1 383.8 391.9 402.2 405.4 408.1 410.5 413 412.5 409.2 403.9 397.3 393.5 391.5 386.6 380.3 375.2 371.3 367.9 366.6 365.4 361.1 350.5 330.9 307.8 290.7 306.9 328 347.8 364.7 377.9 386.5 390.4 374.6 347.7 320 327.2 353.6 380.7 403.3 415.6 424.7 435.3 447.2 461.4 477.2 486.3
267.8 277.8 283.9 287.1 289.5 292.2 297.3 305.1 314 322.8 329.1 330.4 330.6 327.8 323 317.2 309 296.3 279.4 266 282.9 292.4 300.2 307 308 301 291.2 295.1 317.2 333.4 346.3 356.8 365.5 375 387.7 392.5 399.6 404.6 406.6 405.3 401.2 394 386.7 380.4 377.4 374.2 370.5 367.5 364.4 361 359.4 358.1 353.8 341.2 321 297.1 299.5 317.7 338.7 358.1 374.1 386.7 397.1 399 379.3 350.8 316.7 327.1 345 368.4 383.6 402.5 421.8 439.8 458.5 477.2 493.1 494.7
286.6 297.7 304 308.1 311.5 314.8 319.8 327.1 335.9 344.4 350.1 352.6 353 351.3 346.1 337.2 323.6 304.8 286.3 273.2 290.9 303.8 314.8 324.1 329.4 325.8 316.7 310.9 306.7 319.7 330.8 342.1 350.2 358.3 372.3 382.6 393.5 397.8 397.7 395.1 389.2 383 376.6 370.5 366.9 363.9 362.8 360.2 357.2 354.8 351.8 347.4 343.2 328.1 308.7 292.2 312.3 331.3 347 366.9 382.9 395.9 405.4 399 375.2 347.1 317.7 339.9 361 381.6 401.7 420.6 441 461.3 481 496.8 501.4 490.1
301.1 312.6 319.3 324.2 327.8 331.4 336.3 343.7 352 358.7 365.2 370.5 374.4 373 364.3 350.3 330.2 308.7 292.9 280.7 291.6 307.9 321.2 332.9 341.1 346.2 343.6 336.7 331.7 331.8 333.4 331.8 342.5 350.5 359.5 370.5 385.1 390.8 392.2 387.4 379.6 373.2 367.3 361.8 357.1 355.4 354.6 353.4 350 347.2 344.5 335.4 328 313.5 295.2 309.8 328 346.4 362.6 378.5 393.3 405.6 409.4 396 370.6 342.4 326.9 345.2 368.1 390.9 417.1 439.8 463.1 484.2 502.5 512.7 505 484.6
311.6 322.6 330.9 336.5 339.6 342.7 346.5 352.2 358 367.4 378.7 386.7 389 385.4 375.3 355.8 332.8 311 297 295.2 304.2 310.9 319.7 333.1 346 356.2 363.8 364.2 361.8 360.5 360.4 360.2 356.2 366 365.8 366.5 384.5 389.4 390.8 386.5 377.1 367.9 359.6 354.7 348.5 347.1 346 345.4 341.1 337.8 336.5 325.1 311.4 295.8 307.9 325 343.1 361.4 377.9 392.7 403.7 412.7 410.2 390.6 365.2 338.1 330.2 350 374.6 401.7 427.9 453.4 477.8 500.2 516.4 515.5 500.9 479.6
318.4 328 334.2 337 337.9 338.7 342 347.9 355.3 365 374 381.5 388.5 393.4 383.3 360.6 336.4 315.6 304.4 308.8 321.4 329.3 336.8 345.3 354.4 363 372.2 380.8 384.5 385.3 383.7 381.9 379.1 382.3 384.2 381.8 385.3 391.1 392.1 388.1 377.8 363.8 354.1 349.6 345.5 337.6 336.6 335.7 332 328.2 326.2 313.7 299.2 311.9 324.2 331.3 358.5 376.4 393.4 408.4 419.9 426.2 416.9 393 366.5 340.9 333.9 354.9 381.7 408.6 434.7 460.2 484.6 505.3 515.2 510.8 497.1 476.1
317 321.5 321.8 319.5 319.5 321.9 326.4 330.7 336.2 344.5 353.4 364.6 378.7 388.1 383.9 363.9 340.7 320.9 313.9 319 332.9 343.1 350.2 356.9 363.7 370.2 377.2 385.1 391.4 393.4 391.6 390.2 389.2 390.4 391.4 391.7 394.4 394.3 391.5 384.2 371.5 358.3 350 345.7 342.6 339.2 333.1 328.3 322.3 321.5 316.2 304.5 315.8 327.5 341.5 357.7 374.9 392.9 410.5 426.3 439.4 445.8 431 404 376.7 349.7 333 356.1 382.7 411.1 438.7 462.7 485.4 504.4 512.1 508 496 476.7
