Assets/StreamingAssets/GeoData/Data/ny/NY54.asc
ncols 200
nrows 200
xllcorner 350000
yllcorner 540000
cellsize 50
[rows 140 to 174 of 200, columns 0 to 78 of 200]
210.3 210 209 206.9 203.5 198.2 194.8 193.6 190.3 186.8 184.3 181.1 177.7 174.8 172.7 171.6 170 168.7 165.5 161.7 155.1 147.4 140.9 135.6 136.7 135.9 136.7 131.8 130.8 130.9 130.1 128 128 124 122 121.6 122.1 119.5 118.3 120.2 118 113.9 109.7 104.9 103.1 92.3 86.4 81.7 77 64.1 57.9 55.5 66.3 79 91.6 107.5 115.6 121.5 125.6 129.7 133.1 134.5 132 128.5 128.1 130.3 130.3 128.2 125.7 123.6 122.1 120.7 122.8 123.4 122.5 123 119.5 108.7 97.2
198.7 196.6 196.8 197.2 193.6 188.8 185.6 185.1 182.4 179.5 178.1 174.4 170.4 166.9 165 165.3 163.4 164.8 162.5 159.2 150.2 141.2 131.4 125.5 131.5 135.2 132 130.4 133.2 132.5 131.4 130.7 128.6 128.2 127.2 127.8 128.5 126.1 127.3 126.5 123.2 117.9 113.5 109.1 104.3 101.7 95.7 90.5 84.7 77.1 60.9 55.5 59.3 70.8 82.8 100.7 114.2 121.3 125 128.7 132.2 133.5 133.1 130.4 128 128 127.7 125.7 121.7 118.9 118.3 117.4 117.4 119 117.8 114.6 108.2 98.1 97.1
186.8 180.8 181.2 182.4 179.8 176.7 176.8 176.3 174.9 171.7 167 166.2 163.2 158.8 154.1 153.9 153.2 154.4 156.2 155.2 146.4 133.4 124.1 123.1 122.8 124 129.8 133.6 134 131.8 131.6 131.6 131.3 130.6 130.4 130.9 131.3 129.3 129.9 129.4 127.5 123.1 118.5 115 114.3 105 104 97.3 90.5 81.5 69.5 60.7 55.8 64.5 74.4 92.5 112.8 119.3 124.1 127.7 130.8 131.2 129.1 127.4 124.5 124.3 123.7 121.2 118.3 114 113.3 113.6 114 114 113.8 110.9 100.8 97.2 96.2
181.1 182.7 179.4 177.4 174.7 173.8 173.4 172.3 170 169.4 171 167.3 161.8 162 156.4 146.3 143.6 143.8 146.7 142.9 136.2 125.7 120.9 122.1 118.5 122.1 129.3 135.5 132.6 133.7 133.4 132.8 132.8 132.7 132.4 134.7 137.7 133.4 132 132.1 129.5 127 122.8 122.1 121.3 118.5 110.3 102.5 94.7 87.7 77.4 63 56.1 59.5 70.4 87.3 109.8 118.7 122.4 126.2 129.2 129.6 127.7 124.7 121.1 118.7 118 115.6 112.6 110.6 109.5 109.4 110.3 112.1 113.6 110.2 96.6 96 95.4
181.9 178.7 176 174.8 174.2 172.2 170.1 168.6 167.7 167.9 167.8 165.3 161.8 158.3 155.6 154.3 145 131.8 134.5 131.5 124.9 119.5 116.6 117.1 118.1 121.1 128.2 131.8 131.3 133.1 136.6 136.1 135 134.7 139.1 142.7 140.1 137.3 136 135 131.7 129.5 127.4 123.7 117.1 112 106.2 102.8 98.7 93.7 83.9 71.9 59.7 56.4 67 84.1 108.2 115.9 119.4 122.6 125.3 125.2 122.8 119.6 116 114 112.8 110.9 109 108.4 107.1 106.9 106.9 108.8 112.4 110.3 92.2 95.2 96.7
175.1 170.8 166.2 165.1 164.7 164.9 164.8 164.6 164.6 164.1 162.9 159.2 157.8 155.6 152.2 147.6 141.2 132 125.5 122.4 121.4 119.3 116.6 116.6 116.6 118.9 127.2 126.4 122.1 125.6 132.6 135.4 138.5 147.4 147.7 145.7 142.5 139.2 137.8 138.4 136.3 131.8 129 126.4 122.4 116.9 111.7 107.4 103.3 99.5 92.5 85.7 64.1 56.5 63.5 81.5 105.6 115.6 117.2 119 120 119.2 117.6 116.3 116 114.8 114.4 112.9 111.4 109.2 107.5 106.3 106.2 107.3 110.2 109.6 96.1 94.7 96.7
170.1 167.6 165 166.3 165.9 161.9 161.4 162.3 162.3 160.4 157.3 151.7 149.5 148.2 145.9 140.3 131.9 123.1 122.7 120.9 119.6 118.2 116.6 116.6 116.6 116.6 120.7 119.5 120.7 126.9 134.4 137.3 152.1 153 151.7 148.8 144.8 141.3 141.2 141.9 139.2 135.9 132.8 130.5 127.2 121.9 115.9 108.1 108.3 104.6 98.1 90.3 71.9 57.2 60.3 79.9 102.5 115 116.9 118.5 119.1 119.4 118 118.6 118.9 118.6 117.5 115.8 114.9 111.9 109.6 107.1 105.8 107.4 109 107.8 100.1 94 97.1
167.4 164 162.3 163.8 164.7 162.7 159.5 159.3 160.4 161.2 157.5 150.5 141.6 139.4 137.5 130.8 122.1 119.9 119.4 118.4 116.6 116.6 116.6 116.6 116.6 116.6 120.5 123.7 130.4 137.1 143.2 151 154.2 155.1 155.4 152 146.8 146.2 145.8 145.6 143.3 140.2 137.5 135.1 132.4 128.4 121.7 116.6 110.5 107.9 101.1 92.9 71.9 58.5 57.7 78.5 102.8 115.1 117.4 119.5 121.3 121.2 121.5 121.9 121.7 120.8 118.7 117.1 114.9 112 108.9 106.6 104.9 106.1 105.6 103.1 96.9 95.2 99
162.7 162.2 161.5 162.1 162.3 161.7 160.9 157.2 158.5 159.9 157.7 150.8 141.1 131.5 128.4 121.7 118.7 116.8 116.6 116.6 116.6 116.6 116.6 118.7 119.7 120 128.2 132.6 140.9 146.4 151.3 154.3 157.3 155.5 154.1 153.3 151 153 150.1 148.8 146.6 144.7 142.3 140.7 137.9 134.8 128.5 122.6 112.9 112.9 108 99.1 77.2 57.8 58.4 79 101.8 114.7 117.9 119.9 120.8 120.9 121.4 122.2 121.3 120.1 118.4 116.7 114.2 111.3 108.8 106.6 104.2 104 103.5 97 93.3 97.6 99.5
163.3 161.6 159.3 158.6 159.4 160.7 159.7 156.8 153.9 151.6 147.5 141.2 133.9 126.9 126.5 122.5 118.2 116.6 116.6 116.6 116.6 116.6 117.5 120.4 125.4 132.2 138.3 145.2 150.3 152.6 152.9 155.9 158.5 161.1 158.8 157.3 159 157.8 155.2 152.8 150.5 148.4 146.8 145.2 143.2 140.9 136.4 128.2 121.8 106.7 112.2 104.5 82.9 58.5 59 78.4 99.8 113.2 116.4 118.1 119 118.5 118.8 117.7 117.4 118.2 117.4 115.6 113.2 110.4 108.4 106.9 105.1 102.8 101.3 92.2 91.3 98 102
164.1 163.9 162.8 160.5 156.2 157.1 156.5 155 153.2 148.1 142.7 133.7 124.7 125.3 122.3 117.9 116.5 118.5 116.6 116.6 116.6 116.6 120.3 125.1 129.2 135.7 143.7 148.5 151.8 152.9 153.5 157.5 161.9 163.8 164.3 164.2 163.3 162 159.8 157.1 154.4 151.8 150.4 149.1 147.7 146.3 142.3 133.9 125.9 121.3 117.3 109.6 96.2 58.7 58.7 75.9 94.5 111.2 113.5 115.1 115.2 113.3 111.7 110.9 111.3 112.6 115.3 115.9 113.5 110.2 107.2 105.3 103.1 102.2 102.1 91 94.7 99.9 105.3
163.3 163.1 162 161.8 158.2 156.2 152.9 152.7 151.3 151.4 142.8 129.4 122.1 118.9 116.9 115.9 115 118.4 116.7 117.1 118.7 122.1 130.9 136.1 132.5 140.1 148.9 150.2 151 152.4 156.5 160 163 165.3 166.6 167.4 167.1 165.9 164.9 161.6 158.1 154.7 153.5 152.1 151.6 150.2 146.6 141.3 132.2 126 120.4 112.7 100.9 64.1 58.8 68.2 83 97.2 105.8 109.2 108 107 106.1 105.5 105.7 106.6 110.3 110.9 109.1 107.1 105.3 102.3 101 101.2 90.2 85.8 96.6 102.5 107.2
161.7 161.9 161 160.8 161.9 162.3 160.6 161.7 162 152.5 138.9 125.8 121.8 118.3 117.3 116.7 115.5 113.4 114.5 120.5 129 133.8 143.2 142.5 135 144.2 150.3 151.1 151.7 155 159 160.3 163.2 166 168.1 169.4 169.9 169.5 168 165.3 161.5 157.6 156.4 155.4 154.4 153.2 150.1 145.5 138.6 132.1 125.7 111.9 97.2 67.1 58.8 59.6 70.2 77.8 83.7 87.8 88.9 90.6 93 97.1 100.4 101.1 101.6 102.6 102.3 100.8 99.9 98.6 96.2 76.5 78 90.6 100.5 104.7 107.1
159.3 159.4 159.6 159.6 159.9 161.4 162 162.8 162.6 148.8 135.4 125.1 121.2 118.1 117.6 117.5 116.4 120.4 126.6 132.4 140.8 143.9 148.5 147.1 138.4 143.1 150.7 152.3 153.5 156.5 159.3 160.9 163.7 166.1 168.7 170.6 171.1 171.7 170.1 167.7 165 162.1 159.5 157.7 156.9 155.8 152.6 150.6 144.7 138.3 133.1 126.2 107.1 85.5 71 58.9 58.9 58.9 62.5 66.4 69.7 72.7 76.4 80.5 86.6 95.4 96.2 96.3 96 95.7 94.4 95.1 71.1 81.7 88 98.1 103.5 105.6 107.6
156.8 157.2 157.5 156.1 156.9 155.5 158.8 159.3 155.8 143.3 129.8 122.1 118.5 117.3 119.3 121 125.4 134.1 143.1 145.9 150.2 150.9 150.7 149.9 142.5 141.8 150.8 154 154.8 157.6 159.4 161.2 163.7 166.1 168.6 171 172.5 172.6 171.5 169.8 166.6 165 162.3 160.6 159.2 158.2 156.3 153.9 149.6 146.1 139.8 133 122.7 105.9 90.6 76.1 69.5 65.6 60.3 59 59 59.1 59.5 62.8 68.5 74.7 81.4 84.6 87.2 90.3 90.9 78.8 76.9 85.8 94.4 102.1 104.4 106.7 108.6
154.5 153.9 154 153.2 146.6 147.2 145.7 142.8 138 129.8 122.2 117.9 116.9 117.9 121.4 124 135.1 147.2 151.6 152.6 153.3 153.5 151.7 151 143.4 142.3 151.4 153.9 156.2 157.6 158.9 160.6 162.9 165.4 168.3 170.8 172.8 172.9 172.1 169.9 167.9 166.3 164 162 161.3 160.3 157.9 155.9 153.2 149.7 146.2 140.1 129.9 120.3 107.1 95.6 83.1 78.6 75.9 78.2 80.1 75.7 65.3 60.1 60.1 60.3 60.9 61.5 68.9 75.2 73.3 71.5 80 89.3 99 101.2 103.8 106.7 108.8
152.6 151.4 141.9 139.9 137.4 134.8 131.7 128.5 123.1 120.7 117.3 115.6 116.1 120.7 127.1 136.8 148.5 159.3 157.9 158 156.1 154.9 152.6 149.5 140.4 145.2 152.8 154.4 156.2 157.1 158.4 159.9 161.7 164.5 167.6 170.2 172.2 173 171.8 170.2 168.8 167.4 165.3 163.3 161.9 160.7 158.9 157.1 155.7 153.8 150.1 144.4 137.6 128.1 120.6 110.6 102.1 93.2 91.8 97.9 100.2 97.8 89 72.6 70.9 69.8 66.8 61.6 61.8 63.7 67.3 74.1 82 90.9 96.7 98.8 102.5 105.6 107.3
147.6 150.7 149.6 138.8 130 124.9 122.5 120.3 118.5 117.2 115.8 115.4 119.3 127.1 137.4 149.2 160.4 165.2 162.3 160.1 158 154.2 151.5 147 140.9 142 149.3 153.3 155.2 156.2 157.3 158.8 160.2 163.4 166.1 168.5 170.4 172 171.5 170.1 169.3 168 165.9 164.5 162.6 161 159.2 157.2 156.6 155.2 152.1 147.1 140.3 134.2 127 120.6 114.7 104.4 105.9 104.6 102.7 100.5 94.2 85.1 81.7 79.3 74.8 71 66.7 61.8 65.4 72.3 80.1 87.6 93.7 98.8 101.6 103.8 105.6
136.5 141.2 143.6 135.1 124.1 120.5 117.5 116.1 116.1 117.4 117.1 117.2 121.7 133 147.5 160.6 167.3 166.8 165.3 162.9 157.2 154.7 151.8 149 145.6 141.4 144.7 148.2 152.9 155.3 156.1 157 158.6 161.6 164.5 166.6 168.9 170.5 170.9 170.2 169.4 168.5 167 165.7 163.8 161.9 159.3 157.4 155.8 154.3 151.6 147.8 142.7 137.2 131.8 123.7 117.4 111.2 108.7 105.5 105.5 102.7 100.1 98 93.7 88.9 82.5 78.9 75.4 67.9 61.9 69.5 77.3 85.3 94 98.9 100.9 102.4 103.7
129.9 129.7 131.3 124.7 123 119.1 114.1 116.7 116.2 120.3 120.7 121.9 128.4 142.5 158.2 171 173.8 173.5 172.4 169.9 164.1 158.8 156.7 155.5 153.4 148.9 143.2 143.5 147.5 150.5 151.7 154.3 156.4 159.1 162.1 164.4 166.8 168.7 170.1 169.6 168.7 168.1 167.4 166.2 164.2 162.1 159.5 157.3 154.5 152.7 150.1 146.7 142.3 137.7 132.3 125.5 118.7 111.9 109.2 108.7 107 105 102.9 100.9 97.1 92.4 90.8 89.6 87.2 76.9 63.8 64.5 73.7 83.2 92.1 97.9 98.5 99.4 101.4
126.5 126.1 122.8 120 118 115.2 114.9 119.1 116.7 119.6 123 127 133.9 151 167.9 179 182.6 183 181.1 177.9 170.8 165 162.5 159.7 156.7 152.5 144.8 144.9 144.5 144.2 145.5 149.6 153 155.8 158.7 161.8 164.4 166.5 168.5 168.3 167.6 167.9 167.1 165.6 164 162.1 159.8 156.6 154.2 151.5 148.8 145.6 141.7 137.4 133 128.8 122.4 117.2 111.9 110 108.6 107 105.3 102.8 99.4 96.7 95.3 93.8 91.3 87.9 72.5 62 69.6 78.8 87.7 95.5 97.9 100.4 100.7
121.7 119.7 118.9 117.5 116 114 115.5 117 116.8 123 128.5 133.4 139.8 155.2 173.2 182.3 187.8 187.7 186.3 184 177.6 170.8 166.8 163.4 160 157.9 148.9 147.9 153.3 149.8 144.4 144.6 147.9 151.4 155.1 158.5 161.2 163.9 165.9 167.1 167.4 167.6 166.8 165.2 163.5 161.7 158.7 155.7 153.3 150.8 149 146 142.6 139 136.4 132.6 129.1 124.4 119.8 114 112.5 110.9 107.5 104.5 103 101.4 100.3 99.8 96.4 93.3 85.8 64.6 64.7 73.2 80 87.5 93.3 96.9 98.2
124.8 118 117 115.3 114.5 113.7 116.3 118 117 124.8 127 139.5 146.3 159.5 174.4 180.6 186.8 191 190.6 188.9 184.1 174.6 170.1 165.8 162.6 160.5 151.6 148.6 155 152.8 147 145 144.7 145.5 151.7 155.6 158.4 160.4 162.5 164.4 165.2 165.8 166.2 164.9 163.1 160.6 157.5 154.5 152.2 150.3 149.1 146.8 144.2 141.9 140 137.9 135.2 131.7 126.9 122.1 117.8 115.3 112.3 109.8 108 107.9 102.3 106.8 103.1 99.8 95.4 72.7 62.2 66.6 71.1 76.4 83.5 94.5 95.6
124 117.2 115.4 114.6 113.9 113.3 114.6 118.3 116.4 125.7 127.2 139.9 150.1 162.5 172.5 178.2 184.4 190.1 193.9 192.6 187 178.4 173.1 168.8 164.5 161.2 153.8 149.5 156.2 154.2 151.7 149.7 149.2 144.9 147.9 152.6 154.7 156.2 158.5 161 161.8 162.6 163.7 163.6 161.9 159.4 157 154.6 152.7 151.5 150.1 148.8 147.2 145.1 143.3 142.4 141 137.7 133.8 130.2 124.6 122.5 119.8 116.6 116.5 117.3 114.1 110.3 101 104.7 101.1 91.2 72 62.3 62.6 62.9 64.5 73.7 82.9
118.9 115.7 114.5 113.9 113.2 112.8 113.5 115.5 116 122 128.4 138.7 152.8 164.5 170.8 175.3 181.7 187.4 193.6 196 190.9 182.1 175.8 171.3 167.1 164.4 156.1 150.1 158.4 156.6 154.2 152.5 151.4 146.5 146.6 148.8 150.6 152 153.8 156 157.3 158.7 159.8 160.8 159.9 158.5 156.3 155.1 153.3 152.5 151.9 150.9 150 148.3 146.5 145.9 144.9 142 140.1 137.9 135.9 133 130.4 128.1 125.5 122.6 119.9 117.4 115.5 110.5 100.4 106.7 93.3 81.3 75 71.1 66.7 64.1 64.5
114.7 114.2 113.2 112.8 112.5 112.5 113.4 114.9 115.2 122 129 137.4 147.7 161 168.2 172.9 179 184.8 191.3 196.8 195.7 186.3 178.4 173.5 169.5 165.9 157.5 150.7 160.1 158.4 155.6 153.6 152.8 149.4 145.7 146.3 146.8 148.1 149.6 151.4 153.3 154.5 154.8 155.1 154.9 154.7 154.6 153.7 153 152.5 152.6 151.8 151.1 151.3 148.7 147.5 147 144.7 144.8 145.1 143.9 141.5 140.1 137.9 133.4 130.1 127 124.1 122.1 117.7 114.6 110.5 101.4 97.7 90.1 85.6 80.6 75.9 69.8
113.1 113.2 112.6 112.1 111.9 111.7 113.7 114 115.3 122.1 132.8 147.2 156.2 162.4 168 171.9 176.5 182.6 188.4 195.2 198.5 190.5 180.9 175.6 171.1 166.9 155.3 153.9 160.9 159.2 157.1 154.7 154.1 152.6 146.6 146.1 146.5 146.5 146.5 147.2 149.6 151.1 151.6 151.1 151.2 151 151.6 152.2 152.5 152.6 152.6 152.5 151.1 150.4 148.8 148.2 148.7 148.5 147.7 147.4 146.9 146.2 144.2 142 139.5 135.8 132 130.1 126.9 122.9 119.6 118 112.2 100.3 103.8 101 94.9 90.7 87.5
112.6 113.5 112.4 111.8 111.3 111.8 112.1 113.5 115.9 122.9 139.1 156.1 162 166.7 167.6 171.1 174.7 179.5 185.9 192.6 199 195.1 184.3 177.5 172.6 166 154.7 154.8 162.2 161.1 159.1 156.8 155.6 154.8 149.5 146.3 146.3 147.2 146.3 146.5 146.7 147.9 149.1 148.8 148.5 148.5 149.1 150.6 151.2 151.7 152.2 152.3 150.1 149.4 148.8 148.4 148.4 148.3 148.9 149.3 148.7 149.3 148 145.9 143.2 140.1 136.7 132.9 129 126.3 122.4 119.1 115.3 111.2 99.8 100.7 99.2 94.2 89.9
110.2 114.9 112.2 111.4 111.5 112.7 113.2 113 117.2 123.6 142.2 157.6 163.4 166.6 168.2 169.9 173.3 177.4 182.4 189.5 196.6 198.9 188.6 179.4 174.5 168.8 157 153 163.6 163.3 162.1 159.9 157.7 156.6 153.1 146.8 146.8 148 147 146.4 146.6 147.2 147.1 147.2 147 147.4 148 148.9 149.9 150.7 151.6 151.9 150.1 149.2 149.2 148.7 148.7 148.6 149.6 149.4 150.4 151.1 151.6 150.9 148.7 145.8 142.2 138.1 133.2 128.5 124.2 120.3 117.1 114.7 110.8 105.6 99.9 96.6 92.1
110.8 114.4 112.7 110.9 112.2 113 113.1 113.2 116.8 124.1 140.9 155.9 162.4 166.5 168.5 170.7 172.8 176 179.9 185.6 192.5 198.5 193.3 182.4 176.7 171 162.9 153.9 160.9 164.8 163.4 161.3 159.4 158.4 156.6 148.9 147.9 148.8 147.6 146.5 146.7 146.7 146.4 146.4 146.7 147.3 147.8 148.5 149.2 150 151.2 151.2 150.3 149.8 149.5 149 148.7 149.1 148.6 150.5 152.3 153.3 154 154 152.5 149.5 145.8 141.6 136.4 132.8 128.1 123.6 119.8 116.6 112 108.7 105.2 97.7 95.1
110.5 111.2 111 110.6 111.5 112.2 112.1 114 119.1 127.5 141.4 146.2 156.6 163.6 168.6 170 172.4 174.8 177.8 181.5 186.9 194.1 196.7 186.8 179.1 174.4 167.1 156.2 157.7 165.6 163.8 162.1 160.9 160 158.3 152.1 148.7 150.5 149 147.5 146.7 146.6 146.5 146.5 146.9 147.3 147.8 148.5 149.2 149.8 151.2 151.9 151.3 151.3 150.7 149.5 149.5 149.7 150.1 151.8 154.3 155.4 156.3 156.3 155 152.3 148.5 144.6 140.7 136.6 132.4 128.1 124.4 119.6 115.9 113.2 109.4 103.4 97.2
111.3 112 111.1 110.4 110.8 111.6 113 116.6 121.3 135.6 156.5 159.2 152.9 153.4 165 170.5 172.5 174.6 177.1 179.8 182.4 186.8 193.6 191.1 181.5 177.6 172.6 161.3 156 164.9 165.2 163.6 162.2 161.2 159.9 155.6 148.6 148.8 149.2 148.4 147 146.7 146.7 146.7 146.9 147 147.4 148 148.9 149.6 151.1 152.6 152.4 152.4 152.6 151.1 150.9 152.1 152.7 153.9 155.3 156.6 157.8 158 156.8 154.7 151.3 147.8 144.5 140.4 135.6 130.9 127.4 124 120.5 116.6 112.1 107.5 99.6
113.2 111.6 110.2 110.1 110.9 111.8 115.7 120 123 139.7 155.7 159.1 162.1 159.6 159.8 168.6 172 174.6 176.8 178.5 180.4 182.2 185.7 188.2 183.7 180 176.6 169.6 159.7 161.1 166.5 165 163.4 162.1 160.9 158.2 153.5 149.4 148.2 147.7 147.4 147.2 147 146.2 146.3 146.3 146.7 147.4 148.1 150.3 151.6 153.4 154.3 154.6 155.1 153.7 153.3 153.3 153.9 155.1 156 156.4 157.9 158.8 158.1 156.6 153.6 149.7 146.1 142.5 138.1 134.5 129.9 127.1 123.7 119.7 115.2 110.1 102.6
112.3 111.1 111.6 110.6 111.5 114 118.3 119.7 125.5 142.6 155.1 158.2 161.8 165.1 160.9 161.2 169.8 174.6 177.1 180.2 182 182.5 185.6 187.3 186.1 182.2 179.2 175.4 166.8 163 166.7 166.6 165.1 163.8 162.5 160.9 157.5 154.4 150.3 148.4 148.5 148.3 146.9 145.5 145.3 145.5 146 146.5 147.3 149.3 152.1 154.3 155.6 156 156.2 156.4 155.5 154.9 154.7 155.5 155.7 155.8 157.5 158.8 158.8 157.4 155.5 151.4 147.8 144.1 139.9 136.5 132.5 129 126.5 122.7 117.5 111.9 106.2
111.4 111.3 111.4 111.4 113.7 116.4 120.6 123.4 132.6 148.1 154 157.1 160.8 164.3 167.1 160.5 171 176.1 179.3 182.3 184.6 186.2 188.7 190.1 189.4 185 181.8 179.1 173.6 161.9 164 168.5 167.3 165.5 164 162.6 160.6 157.9 153.5 148.9 150.5 150.2 148.4 145.8 144.7 145 145.4 145.8 146.7 148.6 151.4 154.4 156 157.6 157.7 158 157.8 156.4 156 156.1 156.3 156.9 157.9 159.3 159.6 158.9 156.8 153.4 148.3 144.1 140.2 137.2 134.9 131.5 128 125 120.4 115.3 109.4
