Assets/StreamingAssets/GeoData/Data/ny/NY57.asc
ncols 200
nrows 200
xllcorner 350000
yllcorner 570000
cellsize 50
[rows 0 to 34 of 200, columns 78 to 155 of 200]
207.6 202 197.1 191.2 183.9 167.5 166 165.4 177.1 180.2 185.3 190.5 195.8 201.9 206.4 210 215.7 219.6 217.3 225.6 228.1 227.7 226.7 228.2 231.4 232.9 234.4 235.6 237.5 239.3 241.2 243.1 243.1 241 238.7 237.2 236 234.6 232.7 231.1 229.1 225.4 221.3 214.5 212.5 214.7 213.6 214.2 211.7 208.6 207.4 206.5 204.1 194.1 197.4 199.8 204.8 208.9 210.2 214 217.5 220.2 225.4 230.7 236.5 239.7 242.6 246.2 251 259.4 264.9 270.8 277.9 284.1 289.1 296.2 302.7 305.8
205.2 200.6 196.3 190.8 184.2 169.1 164.9 169.1 175.9 179.5 185.6 191.8 196.6 201.8 206.3 210.1 215.8 220.2 219.8 221.7 224.9 226 225.7 225.4 226.7 228.4 230.9 232.8 235 236.9 238.4 239.8 239.7 238 236.5 234.6 233.1 231.9 229.8 226.8 224.5 221 217.5 211.1 208.2 208.3 206.6 207.6 205.8 203 202.8 202.4 199.2 193.9 196.6 200.8 205.1 209.7 211.4 214.9 218.7 222.4 228.6 232.3 237.2 240.7 243.8 246.6 254.3 260.7 266.1 272.4 279.2 284 290.6 297.5 305.3 311.1
202.9 198.3 194.3 189.6 183.2 169.4 162.9 166.8 173.9 179.6 186 192.9 197.6 202.2 206.3 210.1 214.7 218.5 221.7 222.3 222.9 224 223.3 222.8 221.4 223.8 227.9 230.6 232.9 234.8 235.7 236.3 236.3 235.5 234.1 232.3 230.3 228.7 225.6 222.3 219.3 216.6 213 208.6 203.3 203.6 204.5 201.9 199.3 197.7 198.8 197.9 195.5 192.5 197.3 201.6 205.9 210.7 212.8 216.2 220.2 224.5 229.4 233.7 237.4 240.7 243.7 247.5 253.8 260.3 267.2 273.2 279.2 285.1 292.4 298.6 306.1 314.6
200.9 195 191.1 186.7 180.5 171.1 163.2 166.1 173.1 180.4 187.3 193.7 198.5 202.6 206.2 209.7 213.2 217 219.9 221.4 218.8 220.7 220.6 219.6 216.9 218.9 226 228.7 230.9 232.3 232.7 233 232.8 232.3 231.5 229.7 227.4 224.8 222 218.8 215.2 212.4 208.8 205 201.1 199.2 200.2 197.6 196.3 195.8 196 194.4 192.7 192.4 196.9 201.6 207.5 212 213.9 216.9 220.7 225.1 229.6 233.8 237.4 240.1 242.7 246.6 252.9 260.2 267.8 274.5 280.9 287.2 294.3 301.8 307.6 314.6
198.7 192.9 187.7 183.4 177.7 166.4 162.7 164.4 173.1 180.9 188.9 194.9 199.1 202.4 205.7 208.8 212.2 215.6 217.2 218.8 217.6 217.3 216.8 216.1 215.1 215.3 222.4 226.7 228 229.2 229.9 230.1 229.8 229.1 228.2 226.6 223.8 221.5 218.9 215.3 211.6 208.2 204.9 201.1 197.5 194.5 197.3 196.5 195.6 194.6 193.7 191.8 190.4 191.3 196.8 203.4 209.6 211.9 214.2 217.3 221.4 225.5 229.5 232.9 236.4 238.9 241.8 246.6 253.1 261.9 267.9 275.4 282.9 289.8 296.6 303.9 310 316.3
195.1 189.4 184.3 179.5 174.3 165.4 161.7 164.9 172.9 180.1 187.8 195.5 198.5 201.6 204.8 208 211.5 214.2 216.1 217.5 216.6 216.9 214 213 212.6 214.4 218.9 222.7 225.3 226.4 226.7 227.1 226.7 226 224.6 222.4 220.2 218.1 215.3 211.6 208 204.5 201 196.9 194.1 193.7 194.1 196.4 196.1 196.9 190.2 189 190.6 191.9 198.9 205.4 209.9 212 214.2 216.5 220.4 224.7 229.1 232.2 235.2 237 241.7 248.7 255.4 261.5 268.2 275.7 283.9 290.9 298.4 305.3 310.4 316.4
191.5 186.1 181.3 177.2 171.5 164.6 160.5 165 173.3 179.9 187.1 195.3 198.2 200.9 204.1 207.5 210.6 212.8 215 216.2 216.1 216.7 214.9 210.8 209.6 212.8 215.3 218.5 221.1 222.6 223.3 223.4 223.4 223.2 221.6 219.3 217.9 215.8 212.6 208.4 203.2 200.3 196.9 192.9 190.5 187.2 194 195.2 197 198.4 187.4 187.8 190.9 194.7 200.3 205.5 210.1 210.8 213.6 215.6 219.3 223.3 226.6 230.3 232.3 235.7 242.1 249.4 257.4 263.3 269.4 275.5 282.7 290.1 297.7 304.1 309.7 315
187.8 183.2 179.1 174.7 167.8 163.4 159.3 165.2 173.4 178.1 185.7 194.2 197.3 200.4 203.5 206.7 209.2 211.4 213.7 214.9 215.5 215.9 215.3 213.8 207.9 207.3 209.9 213.6 216.7 217.6 218.2 218.8 219.1 219.3 218.6 216.7 215.2 212.8 209.6 205 199.3 196 192.9 189.7 183.5 193.3 188.7 186.9 190.2 193.4 186.5 189.3 194.2 194.8 195 199.9 202.1 202.6 208.5 214 217.5 221.4 224.3 226.6 229.6 234 241.1 248.8 256.2 262.5 268.2 273.5 280.5 287.3 294.3 301 308.5 313.9
183.6 180.1 175.9 171.2 165.2 160.9 160.5 165.5 172.1 177.6 187.2 193 196.8 200.1 203 205.9 208 210 212.1 213.5 214 214.3 214.4 214.2 210 205.7 204.5 208.5 211.5 212.8 213.4 214.1 214.9 215.3 215.7 213.9 211.9 209.4 206.1 201.6 196.3 192.5 189.8 179.7 180.3 181 181.7 182.4 183.9 184.9 185.5 193.3 199.4 202.8 204.1 206.5 207.1 212 207.2 208.3 213.8 214.2 219.3 224.6 229.9 233.5 237.8 243.2 252.6 261.8 268.2 273.7 279.9 286.1 292.6 299.1 305.5 314.3
182.7 177.3 173.3 168.9 163.8 159.6 160.3 163.2 170 180.1 187 192.5 196.4 200.1 202.7 205.4 207.1 208.4 210.2 212 212.5 212.8 212.7 212.5 208.5 203.4 202.9 205.9 206.8 207.8 208.7 209.9 210.9 211.9 212.3 210.8 209.1 206.1 202.6 199.3 194.2 188.8 177.4 179.5 179.7 182.8 183.5 184.1 185.4 184.5 191.1 197.9 203.3 207.8 210.8 212.3 211 213.5 216.6 217.8 216.1 220.9 221.7 224.8 230.9 237.8 244.3 250.9 256.6 262.4 269.7 276.3 281.4 287.1 292.2 297.9 305.4 313.5
184.4 177.9 173.4 170.3 163.1 158.9 159.3 160.9 171.8 179.2 186.7 191.9 196.5 200.1 202.8 205 206.1 206.8 208.3 209.7 210.5 210.7 210.6 210.4 207.6 205.3 203 202.8 203.5 203.9 203.7 205.1 206.5 208.1 208.9 207.8 206.2 202.8 199.2 196.5 192.3 187.4 179 178.4 179.5 183.9 186.9 191.7 196.6 197.2 198.2 205.9 208.5 211.1 215.2 218.3 213.2 215.3 219.3 221.8 222.9 223.2 225.2 227.5 231.1 236.5 245.1 253.5 259.3 266.1 271.5 278 282.5 286.7 293.4 298.9 306.7 314.8
185.8 179.4 173.5 169.6 160.3 157.9 158.3 158.6 165 180.6 186.2 191.3 195.9 199.9 202.7 204.5 204.9 205.5 206.3 207.1 207.9 208.3 208.1 207 205.9 203.8 202.3 200.9 199.9 199.7 199.5 200.9 202.6 204.2 205.2 204.4 203.4 200.2 196.8 194.1 191.5 186 177.5 175.1 182.2 185.1 191.1 196.2 201.2 204.8 207.4 210 211.9 214.5 217.7 218 215.9 218.1 222.5 224.9 226.2 225.8 228.1 230.3 233.2 237.7 243.2 252 256.3 263.3 269.8 276.7 282.9 288.5 294.7 300.7 310.4 317.8
187.3 180.1 173.9 169.3 163.1 157.4 157.8 158.3 166.2 180.8 185.7 190.4 195.2 199.3 202.1 203.8 204 204.1 204.3 205 205.2 205.4 205.3 204.7 203.9 202.6 200.8 199.3 197.6 197.5 197.2 197.6 199.1 200.3 201 201.3 200.2 198 195.8 192.6 189.5 178.9 174.5 180.1 183.9 189.7 196.1 200.3 204.2 207.2 209.6 212.6 214.5 217.6 218.4 218.7 219.6 222.3 228.3 227.7 229 229.7 229.4 231.2 235.7 240.9 247.2 253.7 258.4 255.6 268 275 282.4 289.2 296.7 304.5 312.1 320.3
188 181.7 175.6 169.9 164.3 156.7 155.3 164.7 174.2 180.1 184.9 189.6 194.2 198.4 201.2 203 203.4 203 202.3 202.1 202.2 202.4 202.4 202 201.2 200.4 199.3 197.7 196.1 195.3 195 194.5 195.8 196.7 197.2 197.7 197.2 196.6 195.8 192.5 187.3 175.3 176.1 183.9 190.4 194.3 201 205.1 206.9 209.2 211.8 215.3 217.2 218.7 219.2 220.9 223.5 229 231.4 231.3 231.4 233.1 233 233.2 237.3 242.3 248.7 256.2 263.1 267.9 268.1 274.1 281.6 290 298.9 308.6 314.2 321.8
190.5 184.9 178.3 171.4 164.9 155.9 156.1 165.2 174.7 179.7 183.8 188.9 193.6 197.9 201.2 202.4 202.1 201.5 200.7 200 199.9 199.7 199.7 199.3 198.6 197.9 196.5 195.1 194 193 192.6 191.9 192.6 193.2 193.6 194 194.1 193.8 192.8 191.3 175 174.3 179.2 187.5 192.9 198.2 201.7 204.8 207.2 210.9 213.7 217.5 219.3 219.8 220.6 223.2 226.1 230.9 233.5 234.1 233.2 235.8 236.6 237.6 239.8 244.1 249.9 257.3 265.9 271.5 276.2 281.5 285.5 285.5 297.1 308.3 317.1 324.6
189.4 184.9 180.3 173.9 167.1 158.9 155.6 164.8 174.7 179.5 183.5 187.9 193 197.5 200.2 201.4 201.1 200 198.8 197.9 197.9 197.5 197.7 198.6 198.1 197.5 196.5 194.4 193.3 192.8 190.7 189.5 189.1 189.7 190.2 190.4 190.6 190.7 189.7 189.6 173.6 173.8 181.7 186.9 193.2 200.2 204.6 207.8 210 213.5 216.4 218.9 221.5 222.2 220.6 223.1 228.2 232.5 234.6 234.6 235.9 236.9 238.7 240.7 243.3 247.8 253.2 260.1 266.5 273.2 279.1 284.1 290.5 297.3 304 311.1 308.5 326.2
187.2 184.7 181.4 177 170.2 162.5 152.6 164.8 173.8 178.5 183 187.2 191.9 196.2 198.1 198.8 198.4 197.3 195.8 195.4 195.5 196 196 197 197.6 197.5 196.8 196.7 196.4 195.3 192.3 189.6 186.5 186 188.2 187.6 187 187.4 186 185.5 175.2 172.7 182.9 186 193.9 200.7 205.4 208.7 211.9 214.7 217 219.2 221.6 222.4 220 224.2 229.9 232.7 235.1 236.9 238.8 240 241.3 243.9 246.2 249.1 255.8 263.3 270.1 276.3 280.3 286 292.8 301.8 309.7 317.9 326.1 325.4
181.8 183.9 181.1 178 172.8 164.1 152.7 162.2 172.6 176.8 181.1 185.4 189.9 193.3 194.8 194.9 195.2 193.8 193.1 193 193.4 194.2 194.1 195.2 195.9 196 196.3 196.3 196.5 196.2 195.9 194 191.3 187.8 183.5 183.6 178.5 177.2 173.1 174.2 170.4 171 182.2 186.4 194.6 200.4 205.5 209 212.4 214.3 215.9 218 219.7 219.3 218.9 223.2 228.9 232.6 235.8 239 241.3 243.2 245 248 250.9 254.7 260 265 272.2 278 283.8 288.5 295.6 303 312.6 321.7 332.6 341.2
179.6 180.1 179.9 178.1 176.1 165.3 152.1 160.2 173.4 176.6 180.3 184.5 187.8 190.2 191.3 191.8 191.5 190.8 191.1 191.5 191.9 192.2 192.2 192.4 193.5 194.4 194.9 195.3 195.4 196 194.8 194 193.1 190.7 187.9 185.5 186.5 186.5 177.5 169.6 172.7 178 180.6 187.1 193.8 199.6 204.5 208 212 213.3 214.7 216.8 217.7 216.5 218.4 221.7 227.3 232.3 236.9 240.7 243.3 245.7 248.8 251.9 255.3 260.1 264.9 270.1 275.7 281.6 287.2 294 300.3 308.3 316.8 325.4 334.3 342.1
180 177.6 176.9 177.6 176.8 170.3 152.6 157.5 170.3 175.1 176.9 181.4 185 186.9 188.6 189.3 189.1 188.9 188.9 189.3 189.8 189.9 190.1 190.2 191.2 192.3 192.8 192.8 193.2 193.4 193.3 193.6 193.3 192.1 190.5 188.1 183.8 170.6 169.5 171.7 178.7 183.2 185.1 185.4 189.6 196.3 202.9 205.9 209.7 211.6 213.4 214.8 213.9 216.5 219.3 225.6 230.1 234 237.7 241.5 245.2 247.8 250.7 254.2 258.3 263.4 269.3 275.1 280.6 286.3 294 298.6 305.6 314.9 321.9 327.9 334.3 340.8
178 178.3 177.4 174.4 175.3 172.5 154.3 151.9 165.7 171 172.9 177.3 181.9 183.5 185.5 187.5 187.9 188.1 187.3 187.5 187.5 187.8 188 188.3 188.9 190.1 190.8 191.1 191.5 191.6 191.9 192.2 192.8 192.3 190.8 185.7 169.7 168.4 173.9 180.3 185.8 189.6 191.6 194.9 197.8 199.2 196.7 199.4 204.3 207.2 209.4 209.9 213.4 217.6 222.8 229.2 231.4 235.4 239 242.7 246.4 249.3 252.6 256.2 261 266.3 272.9 279.3 285.7 292.4 297.1 302.2 309.7 319 326.5 331.3 337.3 343.3
175.9 176.8 176.8 175.9 171.9 174.4 163.3 150.8 159.7 167.2 168.9 171.3 178.1 182.4 184.9 187.4 187.8 187.6 186.8 186.3 185.4 185.6 185.2 185.6 186.4 187.8 188.9 189.7 190.2 190.5 190.7 190.8 190.9 190.2 186.4 174.7 168.1 171.6 182.7 189.9 195.2 198.8 201.4 202.9 205.7 207 208 208.3 208.1 206.5 206.8 209.5 213 219.2 223.6 230.4 233.2 236.7 240.3 243.8 247.4 251 254.5 258.3 263.1 269.4 276.1 282.7 290.2 296.6 302.3 307.6 315.9 324.8 330.3 338.6 343.9 348.5
174.6 175.6 175.3 175 173.2 171.4 169.3 156.4 151 158 164.3 172.6 180.4 182.4 185.9 188.1 187.9 187.5 186.6 185.8 183.2 182.4 182 182.4 183.6 185.6 187.3 188.5 189 189.3 189.5 189.1 188.2 186.1 182.5 172.3 167.8 178 185.5 193.7 200 204.2 207.3 210.1 212.5 213.5 213.9 214 213.8 211.2 209.4 209.9 213.9 219.4 223.6 230.1 233.8 237.5 241.2 244.5 247.9 251 255.3 260.3 265.7 272.3 279.2 286.1 293.2 300.2 306.8 316.2 323.3 329.7 337.7 343.3 345.2 346.6
173.3 174.3 173.8 173.3 172.8 169.6 166.2 165.5 157.3 148.4 159.7 172.1 180.1 182.1 186.1 188 188.1 187.4 186.6 185.3 182.6 178.7 178.7 179.1 181 183.2 185.5 186.7 187.4 187.8 187.8 187.4 185.7 183.3 180 168.2 169 178.2 187.4 196 201.8 206.2 210.6 214.2 216.9 218.5 219.1 219.2 218.4 216.9 215.1 214.8 215.3 217.8 223.3 229.5 233.7 238.1 241.8 245.1 247.8 250.8 255.7 261 268.3 275.2 282.3 289.8 296 303.8 311.3 319.5 326.8 333.4 341.8 342.1 343.8 346.2
171.4 172.9 172.8 171.7 170.7 170.9 169.5 167.1 162.3 152.5 150.9 167.6 178.6 182.2 184.8 187.2 188.4 187.6 186.7 184.4 181.1 177.3 174.6 175.1 177 180.1 183.2 184.8 185.9 186.5 186.3 185.2 183.4 181.4 175 166.6 173.3 178.8 187.5 196.6 203.4 207.8 212.2 216.2 219.2 221.7 222.7 222.8 221.9 220.3 217.7 218.3 219.4 221.7 224.3 228.6 233.3 237.7 242.3 244.9 247.7 251.7 256.3 262.2 269.5 276.8 284.3 290.5 298.6 307.7 315.8 321.9 328.8 335.7 338.8 342.2 345.2 347.4
169 171.2 171.6 170.4 169.3 169.2 168.5 166.2 162.8 152.4 152.5 165.3 176.7 182.4 185.9 187.5 187.7 188.4 186.2 182.8 179.2 175.4 172.7 172.3 174.7 178.9 181.3 182.6 183.8 185 184.9 183.2 181.7 180.3 168.4 167 172.6 178.3 188.1 196.5 202.6 208.2 212.8 216.4 221 223 224.2 224.2 223.6 220.9 219.3 222 222.9 226.6 227.3 230.3 234.2 238.6 242.4 245.3 248.7 252.4 256.8 262.3 269.5 277.1 285.1 292.3 300.9 309.8 317 326.4 333.5 334.4 330.5 339.9 342.4 347.3
166.5 168.6 169.4 169 168 166.9 166.3 164.9 162.4 152.7 154.7 163 171.6 181.8 186.4 188.6 188.4 186.7 185.7 181.8 178 174.5 171 170.2 171.9 175.8 178.7 180.4 181.7 182.9 182.6 180.1 179.9 179.2 165.4 168.2 174.8 182.8 190.5 197.2 202.4 209.2 214.4 218.4 220.6 222.8 224.2 224.4 223 219.8 221.7 224 226.3 228.1 229.7 232.4 235.8 239.4 242.5 245.7 249.7 253.1 257.2 263.6 268.7 275.5 284.3 293.7 301.9 309.9 320.1 327.2 330 326.9 332.6 335.8 339.7 347.9
160.7 165.4 167 167 166 164.9 163.9 163.3 161.5 146.1 156.6 162.5 169.1 177.8 183 187.4 190.1 187.7 183.9 180.6 177 173.7 170.3 168.7 169.1 172.6 175.7 177.2 179 179.7 179.3 178.6 178.7 176 163.3 170.6 178.9 186.7 194.5 200.7 206.1 211.5 215.2 218.4 220.5 222.3 222.3 221.5 220.8 219.9 221.2 223.2 225.2 226.9 229.8 232.6 235.8 239 242.1 245.3 248.5 251.8 254.8 259.8 266.1 271.1 282 293 301.6 310.7 317.8 320.7 322.2 322.4 328.1 332.9 339.9 354.1
156.7 162.5 163.9 164.2 163.6 163.1 162.5 161.9 160.4 145.7 158.9 161.7 168.5 176 181.9 182.3 188.4 186.8 183.2 178.7 175.3 172.6 170.3 168.2 167.3 168.3 171 174.1 175.3 176 177.3 176.9 175.7 164.6 166.4 174 180.8 188.6 197 202.2 207.9 212.5 215.8 218.4 220.5 221.8 221.1 219.5 219.6 219.1 218.8 220.7 222.6 224.9 227.9 231.7 235.2 238.5 241.7 244.9 248.2 251 252 250.6 261.3 268.1 278.9 287.3 282.8 304 313 308.8 316.5 321.2 325.4 333.9 340.6 356
156 159.1 160.3 160.7 161.4 161.6 160.6 159.7 157.8 145.7 159 161.6 166.9 174.9 182 183.1 184.9 184.7 181 176.3 172.9 171.3 170.3 168.6 166.2 166.1 166.9 169.2 170.5 171 172.4 172.2 169.7 161.1 170.4 177.8 183.7 191.4 197.3 202.3 207.2 212.1 215.1 217.8 219.3 220.5 219.9 218.2 217.9 217.1 217 217.7 220 222.8 225.8 229.2 233.4 237.2 240.3 244.5 247.9 244.9 242.4 252.2 252.9 257.3 263.1 274.5 300.6 308.7 307.4 310.3 317.7 322.2 332.4 339.9 347.1 357.6
153.6 155.4 156.3 156.7 157.5 158.9 159.2 157.8 149.1 151.2 158.7 161 166.5 173.1 180.2 183.4 179.4 177.1 174.8 172.7 171.1 168.1 168.1 167.6 166.1 165.4 164.8 165.1 165.4 165.9 166.4 164 163.5 169 176.2 180.1 186.1 193.5 197.5 202 206.2 210.1 213.2 215.8 217.6 218.6 218.3 216.8 215.6 214.5 214.3 214.5 216.4 219.1 222.1 226.2 229.8 234 238 242.6 243.9 240.4 253.6 258.8 262.6 260.4 272.7 284 298.2 305.1 303.8 304.9 316.6 325.8 336.1 341.4 349.7 360.8
152.1 150.2 152.8 153.1 154.4 155.9 156.7 150.1 146.4 156.8 158 161.2 165.1 170.8 177.3 181.2 179.7 177.2 175.3 172.8 171.2 168.9 165.3 165.1 164.5 164.2 164.2 164.3 162.9 161.4 161.4 164.5 169.9 173.8 177.4 181.3 187 192.4 197 201.6 205.5 208.9 211.7 213.5 215.2 216.1 215.8 214 213.7 212.4 211.2 211.5 212.7 215.4 218.1 221.2 224.8 227.7 232 240.9 229 249.4 257.3 263 267.8 271.3 275.2 276.3 287.6 294.9 302.9 311.7 320.9 331.6 341.2 347 353.1 362.1
148.8 147.5 149.8 150.2 151.7 153.8 155 145.1 150.6 155.7 157.4 159.7 163.1 168.3 173.4 176.6 175.2 172.9 171.4 169.6 168.1 165.2 163.3 162.5 162.8 163.2 163.6 163.8 161.9 160.8 161.6 167.7 170.8 173.8 177.5 181.9 186.9 191 196.1 200 203.5 207.1 209.3 211.2 212.5 213.3 212.9 211.6 211.2 209.7 208.7 208.4 209.9 211.6 213.7 215.6 214.2 220.4 224.4 231.5 241.3 253.5 260 266.5 271 275.2 278.6 284.7 290.9 297.4 304.8 313.1 325 337.9 345.8 351.6 359.4 364.7
145.2 145.2 147.5 149 150.7 153.1 152.6 147 153.9 155.9 157.5 158.6 161.4 165.5 169.7 171.9 170.9 169 167.4 166.4 165.3 162.2 161.3 161.7 162.5 162.4 162.7 163.4 161.5 160.5 163.5 169.5 171.1 174.4 177.6 181.8 186.2 189.8 194.6 198 202.1 204.9 206.6 208.1 209.6 210.1 209.6 209.4 208.9 208.1 207 206 207 208.4 210 212.1 217.4 224.5 231.5 239.8 247.8 255.1 260.5 265 269.6 275 280.3 285.9 291.6 298 304.5 311.6 324.1 340 348.6 355.3 364.5 369
143.1 143.8 145.1 147.3 148 147 145.7 148.5 155.9 157.4 157.8 157.8 160 164.3 167.4 166.8 165.8 164.9 163.6 162.2 160.9 160 161 162 163.3 163.4 161.1 159.9 158.6 160.1 167.5 169.1 171.1 174.9 177.7 181.8 184.8 188.9 193.5 196.5 200.2 202.7 203.7 204.9 206.2 206.4 206.2 206 205.9 204 201.1 201.3 203.6 205.7 208.4 210.6 215.9 223.1 230.1 239.3 247.5 254.5 258.7 261.5 267.6 275.2 280.3 285 290.8 296.9 303.5 310 319.4 335.6 347.8 354.7 362.7 368
