Assets/StreamingAssets/GeoData/Data/ny/NY58.asc
ncols 200
nrows 200
xllcorner 350000
yllcorner 580000
cellsize 50
[rows 35 to 69 of 200, columns 78 to 155 of 200]
307.2 312.8 316.1 319.3 324.8 330.9 336.9 342.7 348.5 354 359.1 363 366.2 370.6 376.4 382.3 387.1 390.5 393.2 394.8 394.3 393.5 391.9 389.5 385.4 382.1 378.5 375 369.2 362.9 357.2 351.8 347 342.7 340 337.5 334.9 331.6 327.1 322.2 317.1 310.5 311.4 321 332.7 344.5 352.8 358.4 363 366.3 368.8 371.3 373.1 373.7 373.1 372.3 371.2 370.6 370.6 369.4 366.7 362 362.1 362.5 361.3 359.8 358.3 356.9 355.7 354.3 353.2 353.6 353.2 352.3 350.9 359.2 360.6 362.8
309.6 313.2 318 321.6 326 333.5 340 345.7 351.1 356.6 361.3 365.5 369 373 377.2 381.9 386.2 389.8 392.2 393.7 393.5 392.4 389.1 385.7 381.8 377.9 374.7 371.4 365.6 359.5 353.4 347.7 342.8 337.9 334.4 331.8 329.1 325.6 320.2 316 313.6 306.7 317.2 326.3 336 348.6 357.7 363.6 368.2 371.2 373.8 376.3 376.8 376.2 375.4 374.5 373.9 374.3 375.2 374.9 373.3 370.9 370 369.2 367.9 366.4 364.9 363.4 362.2 361.1 360.1 360.5 360.6 360.6 362.3 366.2 368.4 370.4
314.4 316.4 321.2 326.2 330.8 337.3 343.8 348.5 353.7 357.7 362.6 366.1 369.4 372.8 377 381 385.3 389.2 391.2 392.4 392.3 390.3 385.8 381.7 377.8 374 370.5 367 362.2 357.1 351.6 345.8 340.1 333.7 329.3 326.7 324.4 321.5 317.8 313.9 305.9 314.7 324 332.1 342.1 354.2 362.4 369.3 373.3 376.3 379.3 380.7 380.2 379.6 378.9 378.8 379.2 379.7 380.5 381.1 380.4 378.2 376.8 375.9 374.3 372.9 371.6 370.1 369 367.5 366.7 367.2 368.2 367.5 370 370.8 379.3 386.8
316.7 319.7 322.7 329.6 334.7 341.7 347.1 351.4 354.6 358.8 363.1 366.6 369.7 372.7 376.6 380.5 384.8 388.7 390.1 391.1 390.7 387.4 383.5 379.2 375.1 370.1 365.7 362.4 358.9 354.8 350 344.4 338.8 331.6 327.3 324.2 319.2 317 314.3 312.7 303.7 317.1 327.9 336.7 349.2 360.8 368.9 374.3 377.7 380.4 383 384.3 384.1 383.6 383.7 384.2 385 385.5 386.5 386.8 386.5 385.5 383.7 382.4 380.8 379.3 378 376.8 376.6 374.3 373.4 373.4 372.2 375.4 378.5 376.6 391.4 399.9
320.8 324.3 328.5 333.2 337.8 344 350.1 352.7 355.4 360.2 365.4 368.9 372.3 374.9 377.6 381.2 385.8 388.8 390.4 390.9 388.3 384.3 380.5 376.7 370.8 364.9 360.7 358.1 355.2 351.6 347.9 343.6 338.1 332.5 327.4 323.8 319 315.5 311.9 307.4 303.2 320.9 331.7 343.6 356.3 365.8 373.9 379.1 381.8 384.1 386.1 387.6 388.2 389.1 390 390.9 391.4 391.9 392 392.1 391.8 391.3 390.3 388.9 387.3 385.7 384.3 382.7 381.2 381 379.6 379.8 383.1 388.6 395 388.8 397 406.9
323.9 328.4 332.8 337.9 342.9 347.5 351.6 354.6 358.9 363.7 368.3 371.6 374.7 377.1 379.4 382.8 386.1 388.9 390.1 388.3 383.8 379.6 376 371.7 365.8 359.7 356.1 353.7 351.3 348.2 344.3 340.8 337.3 332.5 327.7 323.2 318.4 313.6 311.1 301.3 311.2 322.5 336.2 348.8 360.7 369.4 377.5 382.8 384.9 387.1 389.9 392.7 394.4 395.8 396.7 397.1 397.7 398.8 398.5 397.7 396.6 395.4 394.8 393.2 392.1 391.2 389.8 387.4 386.3 386.3 388.1 392.5 398.6 402.7 400.4 398.1 402.8 409.9
326.2 330.6 334.7 339.4 344.5 349.3 353.9 358.7 363.4 367.7 371.4 374.4 376.8 379.1 381 382.5 384.7 386.6 386.6 382.5 378 373.9 370.1 365.4 360 354.4 351.5 349.1 346.2 343.5 341 338.2 335.1 331.5 326.1 321.3 316.6 311.5 306.5 301.2 314.8 327 340 353 364.1 372.4 379.6 385.4 389 392.1 395.3 398.1 400.8 401.8 402.6 403.3 404.3 404.4 403.4 400.2 400 399.3 398.3 397.2 396.9 396.2 395.2 393.5 394.6 398.3 401.9 405.1 409.9 412.1 412.7 411.4 414.6 421.6
328 332.2 336.5 341.1 346.1 351.7 357 361.9 366.7 370.2 373.6 376.3 378.1 380.5 381.3 382.4 383 382.5 380.1 376.2 372.2 367.7 363.5 358.3 352.9 349.2 346.9 345.1 342.8 340.5 337.8 335.1 332.3 328.4 322.3 316 311.2 305.7 300.5 306 319.2 331.5 344.9 357.8 368 375.6 381.5 387.1 390.8 394.6 398.4 403 405.7 407.1 408.1 408.3 406.9 405.1 403.7 402.3 400.9 400.7 401.5 401.3 401 404.9 406.1 407.3 408.8 411.5 414.4 417.6 420.2 421.4 421.7 422.2 423.5 427.9
328.5 333.4 338.1 342.8 348.1 354.3 359.8 364.3 368.6 372 375.3 378.6 380.5 382 382.1 381.5 380.1 377.8 374.4 370.5 366.3 361.7 356.2 351.2 347.4 345.4 343.6 341.9 339.8 337.2 334.5 332 329 324.9 318.1 311.6 305.9 298.1 297.7 312.7 324.4 336.4 350.3 362.5 372.1 378.8 383.5 388.5 391.9 395.9 401.3 406 409.2 411 411.3 409.7 407.4 404.6 403.1 402 401.6 402.8 404.3 406 409.2 413.6 415.9 418.2 420.2 422.3 425.1 427.1 429.1 429.6 429.3 430.1 431 433.3
329.1 334 338.8 344.1 349.8 354.8 360.3 364.8 369.3 373.3 377 380.2 383 384.2 383.2 381 377.7 372.9 368.6 364.8 360.6 355.5 350.2 346.3 344.7 342.9 340.9 338.9 336.7 334.1 331.6 329 325.6 321.8 315 307.9 299.2 296.6 304.8 317.5 329.3 341.3 355 365.9 374.6 381 386.9 391.1 394.7 399.1 403.8 407.9 410.4 412.2 412.3 409.4 406.6 404 402.5 402.9 404.8 406.4 409.7 412.5 416.6 422.2 424.5 426.8 429.1 432.6 434.9 436.4 438 438 436.1 436.1 437.4 439.3
328.9 334.2 339.1 344 349.8 355 360.6 365.4 369.8 373.8 377.9 381.8 384.2 384.4 382.2 378.9 374 369.2 363.7 359.2 354.9 349.8 345.5 343.5 342 340.4 338.4 336.3 334 331.2 328.6 325.9 322.2 318.6 312 304 294 298.4 308.7 321.5 334.4 347.2 359.1 368.7 376.5 382.9 390.3 395.3 400.6 403.4 406.1 408.6 411 412.3 411.3 408.5 405.7 403.5 403.4 404.8 409.2 414.3 418.4 421.8 425.7 430.8 433.1 435.3 437.6 440.6 442.4 443.6 444.8 444.6 442.8 442.8 446.1 448.7
329.3 333.8 339.3 345.5 350.2 355.3 360.9 366 370.3 374.4 378.5 381.6 383.1 382.2 380 375.6 371 365.9 360.1 355.1 349.3 345 342.9 341.2 339.5 337.9 335.7 333.5 331.3 328.6 325.8 322.7 319.1 314.5 307.6 299.4 292.4 302.3 315.7 326.7 338.6 351.7 362.6 370.8 377.2 383.6 391.6 398.4 404.1 406.7 406.8 408.8 410.4 410.7 409.5 406.7 404.3 404.7 408.4 412 417.8 423 426.8 430.1 433.7 438 440.6 442.9 445.2 447.4 449.2 450.2 451.2 451.1 450 450.8 454.7 457.5
331.3 337.1 343 348.3 353.3 358.3 363.2 367.2 371.3 375.5 378.6 380.1 380.6 379.5 375.9 371.6 367.1 362.3 356.5 350.1 344.7 342.2 340.6 339 337.4 335.8 333.5 330.8 328.6 326 323.3 319.9 314.8 308.6 301.5 289.3 298.8 308 319.6 331.3 343 355.4 365.3 372.3 378.1 384.3 392.3 399.9 405.3 406.4 407.4 408.3 409.2 408.8 408.2 405.9 407.1 412.4 417.3 420.9 426.3 431.7 435.3 438.5 441.5 444.6 446.4 448.5 450.8 452.6 454.1 455.2 458.1 459.2 459.2 460.2 463.2 464.9
334.9 340.7 346.9 352.3 357.2 361.2 365 368.9 373 375.6 378.3 379.2 378.2 376 371.9 367.5 363 358.1 351.1 345 341.7 340.5 338.7 337 335.2 333.6 331.4 328.6 325.9 323.4 320.7 316.5 311 304.4 297.2 286.9 304.4 312.2 323.4 336.2 347.9 359 367.8 374.3 379.2 387.9 395.7 399.5 402.1 403.8 405.6 407.8 408.9 409 408.3 406.6 412 418.4 423.9 429.1 434.9 440.2 443.7 446.9 449.4 449.8 453.5 455.2 456.8 458.3 460.5 463.3 466.4 467.6 467.5 469 470.3 471.4
337.8 344.2 350.1 355 359.5 363.3 366.9 370.6 373.9 376.1 377.7 378.1 376.2 372.9 368.2 363.3 358 352.5 345.7 341.7 339.9 338.7 337.1 335.1 333.4 331.6 329.1 326.2 323.5 320.6 317.4 312.9 307.1 299.7 291.7 286.5 306.9 317.2 328.6 341.9 353.1 362.4 370.2 377.5 383.9 390.4 394.2 398.3 398.8 401.6 405.7 407.5 408.6 409.3 408.4 410.6 418.4 425.7 430.6 436.9 443.6 447.8 451.9 454.8 456.4 455.3 459.4 461.6 462.9 465.2 468.5 471.3 472.9 474.3 475.3 475.6 475.3 475.7
340.1 346.1 352.2 356.8 361.4 365.4 369 372 374.2 375.8 377 376.4 373.3 369.4 365 358.6 352.6 347 341.7 339.3 338.1 337 335.6 333.5 331.2 329.2 326.9 323.7 320.7 317.9 314.4 309 303.5 295.5 284.1 294.5 312.5 325.8 336.9 346.4 356.1 363.5 370.6 377.2 382.2 388.8 391.9 394.9 396.9 402.4 405.8 407.1 408.2 409.9 411.9 416.5 423.6 430.3 435.3 442.2 449.9 454.8 459.1 462.1 463 460.7 464.8 467 469 471.3 475.3 476.6 478.9 480.7 480.6 480.6 479.8 478
342.4 348 352.8 357.7 362.2 366.3 369.4 371.4 373.7 374 373.9 371.7 368.6 365.4 360.5 354.3 348.3 342.9 339.5 337.9 336.5 335.3 333.9 331.8 329.2 326.8 324.5 321.5 318.4 314.9 310.1 303.7 295.9 285.3 289.9 306.2 318.9 329.1 339.3 348 356.3 363.2 370.3 376.5 381.2 384.7 387.9 392 397 402.5 405.1 406.4 408.8 411.4 415.7 421 428.7 434.2 439.5 448.4 457.9 462.3 465.3 468.5 469.6 469 471.6 473.1 475.2 477.9 480.4 482.9 484.3 485.2 485 482.6 480.5 478.6
343.9 348.3 352.3 356.6 361.1 364.4 365.9 367.7 370.5 370 368.9 366.5 364.1 360.8 355.3 348.9 343.8 340.1 338.2 336.8 335.5 333.6 331.7 330.1 327.4 324.5 322.2 319.3 315.8 310.3 301.7 293.8 285.9 278.4 296 311.3 321.1 330.4 339 348 356.3 362.5 369.7 375.7 379.8 380.6 383.1 389.9 397.2 401.7 404.9 405.7 410 414.2 419.1 425 431.8 437.9 445.5 455.6 465.8 470.6 472.1 474.3 474.7 475.6 477.4 479.8 482.3 485.7 488.1 489.8 489.6 488.8 486.8 484.3 481.1 478.6
343.6 348 350.9 354.2 357.7 360.9 362.3 364 366 364.9 363.7 360.5 358.7 355.9 349.3 343.2 340.2 338.4 337.3 336 334.8 332.8 330.7 328.6 325.5 322.7 319.9 316.5 310.5 304.4 295.8 285.1 275.4 280.8 299.5 311.8 321 329.1 338.5 347.7 355.8 360.1 366.1 371.7 375 374.8 383 389.9 395.2 399.9 402.4 406.3 410.8 416.3 422.5 428.6 436.2 443.2 451.3 460.9 469.4 474.5 477.9 478.8 479.2 480.3 483 486.3 489.4 491.6 493.7 494.3 492.8 490.9 487.8 484.4 481.6 479.1
343.3 346.6 348.3 350.9 353.9 356.5 358 359.3 360.6 360.3 357.9 354.1 353.1 350.5 344.7 339.7 337.8 336.6 336 335.3 334 332 329.9 326.5 322.8 319.2 315.2 311 304.8 298.1 291.8 280.8 272.4 288 296.7 308.6 318.2 327.5 337.9 347.2 353.9 357.9 361.9 363.8 367.3 375.5 382.2 385.8 389.2 396.5 402.1 407 413.3 419.1 424.9 432.7 441.1 448.4 458.2 466.9 473.6 477.9 480.6 482.2 482.8 486.6 490.2 492.6 494.3 496.5 497 496 494.5 491.2 487.8 484.5 482.1 479.6
343.1 344.8 346 347.3 349.3 351.6 352.9 353.8 354.4 354.1 353.4 348.9 345.9 343.4 339.3 335.2 333.8 333.5 333.4 333.1 332.3 330.3 326.8 322.8 318.8 313.8 308.7 304.2 298.4 291.6 286.5 277.5 269.1 282 294.5 305.1 314.9 325.8 337.5 344.4 349.3 354.6 356 354.8 365.9 371.8 373.6 378.5 390.2 397.4 404.4 411.7 417.7 423.1 428 435.1 444.1 452.7 462.5 471.3 476.4 479.9 482.7 484.4 486.8 491.7 496 497.9 498.6 498.9 498.2 496.3 493.9 490.7 487.3 484.7 482.2 480.5
341.6 342.1 343 344.1 345 346.5 347.2 348.6 349.2 348.9 345.8 341.2 339.4 334.9 332.4 329.8 329.9 329.3 329.4 329.5 328.5 326.2 321.9 317.7 312 306.4 300.8 296 291.1 285.6 279.4 271.9 267.7 283.2 293 302.8 310.9 322.7 333.1 335 341.5 346.7 343 351.5 354.9 350.8 360.3 376.1 390.5 399.8 408.3 415.3 420.5 425.7 432.7 440.3 449 457.2 464.8 471 477.1 481.5 485 489 492.5 496.4 499.6 500.1 500.3 499.7 499.1 497.5 494.5 490.6 486.7 484.5 482 480
339 339.5 340 341.4 342.5 343.6 344.5 345.9 344.2 341.9 337.2 334 330.4 326.4 321.4 320.4 324.2 324.4 325.2 325.4 324.7 321.9 317.3 311.8 306.4 300.7 294.8 289.6 284.2 278.3 272 265.3 270.2 283.6 291.7 299.5 308.5 317.1 320.3 321.6 326.9 329.7 325.1 337.8 353.6 365 375.6 385.4 395.3 403.6 411.6 419.2 424.5 429.3 437.7 446.9 454.9 462.3 467.4 472.6 479.4 485.4 490 494.2 497.9 500.6 502.1 501.9 502.4 501.8 500.1 498.1 494.4 490.4 486.2 483.9 481.7 479
335.8 336.3 337.2 338.6 340.2 341.7 342.3 342.2 338.9 333.8 329.2 326.5 323.1 319.9 316 307.7 314.2 319.9 320.7 321 320.7 316.8 311.7 306.3 300.7 295.3 289.2 282.1 275.7 271.2 266.4 262.7 270.9 278.4 285.7 291.5 300 305.7 308.8 304.3 311.9 317.1 337.8 352 363.1 373.4 382.9 391.8 402.3 410.9 417.9 422.2 427.7 435 443.6 452.4 460.6 466.9 471.7 476.3 482.6 489.3 494.5 499.5 503.6 504.9 505 506.1 505.9 503.8 500.9 497.6 493.1 489.2 485.4 482.5 479.6 477.5
332.6 333.4 334.4 335.6 337.7 339.7 340.1 339 333.4 326.2 321.5 318.7 315.4 310.9 305.1 301 305 310.5 313 314.5 315.3 310.6 305.4 300.5 295.8 290.5 285.2 279.2 272.7 262.7 260.9 267.2 276.4 277.1 276.2 290.6 293.1 290.9 303.7 314.7 330.7 341.4 336.3 358.5 370.8 380.9 389.4 399.6 408.6 415.6 422.1 428 432.5 441 450.9 457.7 465.1 471.3 475.1 480.6 487.2 492.7 498.5 501.7 503.8 504.9 506 506.6 505.7 503.2 500.5 495.7 491.1 486.5 482.3 479.7 477.2 474.6
329.5 330.5 331.5 333.2 336 336.9 336 333.5 327.1 319.6 313.4 310.2 306.4 302.2 295.9 294.6 295.7 300.6 304.1 304.2 307 303.2 298.3 293.8 290 284.3 279.5 275 265.9 259.1 264.7 274.9 283.6 290.3 298.4 309.1 311.7 307.7 310.2 329 342 348.9 348.3 362.8 369.9 384.9 395.8 405.5 413.6 420.4 426.3 432.5 439.3 446.4 453.5 460.8 467.9 474.3 479.5 487.3 493.9 497.7 500.6 503.1 505.1 505.9 506.5 506.9 505 502.5 500 494.2 488.3 482.4 477.9 475.7 473 470.5
326.2 326.7 327.2 330 332.3 332 330.5 326.5 318 313.5 309.2 303.6 295.9 292.5 292.1 289.5 288.8 291.4 293.7 293.8 296.9 294.7 291.3 287.6 282.9 278.3 273.8 268.7 260.3 258.6 269.5 280.9 291.8 302.6 313.6 321.2 326.2 326.2 315.7 337.9 348.4 356.5 364.3 366.5 380.9 386.2 399.8 409.6 417.5 424.4 431.3 438.2 445.8 452.8 459 464.8 471.9 478.6 485.1 490.8 494.5 499.2 503.1 506 508 508 507.8 506.8 504.3 501.7 499.1 494.1 489 483.4 479.1 475.3 471.8 469.8
321.1 321.8 323 326.9 327.8 326.6 324.5 318.7 313.5 309.1 304.7 298.7 292.5 284.6 285 283.4 281.6 284.4 282.4 283.1 283.7 283 282.1 280.2 276.7 272.3 267.8 261.1 255.4 261.6 271.9 287.6 301.1 312.6 321.7 328.6 334 336.9 338 334.2 355.6 363.6 374.1 380.3 386.7 394.6 401.9 409.9 417.3 424.4 435.5 444.4 452.7 460 466.9 470 476.2 483.4 489.2 493.2 497.2 501.4 505 507.7 509 508.6 508.5 506.4 503.6 500.9 497.8 493.8 488.6 483.5 479.2 476.1 472.6 468.3
316.2 316.2 321 322.1 321.7 320.6 317.7 311.1 307.2 299.7 295.1 290.2 284.3 275.7 274.8 273.7 274.2 274.8 272.3 273.1 274 274.3 273.5 270.7 269.3 265.8 260.8 256.4 256.7 263.5 281.2 296.3 309.6 319.8 328.7 335.3 340.7 346.1 348.5 352.4 356.8 365.3 378.7 383.6 391 400.1 407.6 415.5 423.8 431.5 436.9 447.8 457.1 464.8 470.8 475.3 480.6 488 492.1 495.8 499.8 504 506.7 508.9 509.8 509.9 508.5 505.6 502.6 499.6 495.5 492 487.3 483.7 479.2 476 472 467.3
311.7 309.8 315 315.6 314.2 310.4 304 298.6 293.7 289.2 285.3 280.7 275.1 267.6 264.8 262.7 258.2 264.3 262.1 264.7 265.4 265.7 266 261 259.7 258.1 254 253.3 258.8 273.1 291 307 317.5 327 335.9 341.9 346.5 351.8 356.6 362.1 363.1 369.9 378.6 385 395 405.7 415.1 422.6 430.1 437.4 445.1 452.7 460.1 467 473.9 480.4 486.3 492.2 496.2 499.2 502.9 507.1 508.4 509.7 509.9 508.7 506.7 503.5 500.5 496.7 491.8 488.3 484.9 481.2 476.2 473.6 469.5 465.2
303.1 301.2 310.3 308.8 304.3 297.4 292.8 288.9 284.8 280.7 277.1 271.6 263.6 255.3 250.3 250 247.7 250.9 254.2 257.5 257.3 253.1 251.3 251.6 251.5 250.9 252 257.8 263.6 279.7 296.8 312 322.5 332.1 340.6 345.2 350.3 356.3 362.8 368.7 374.6 380.5 385.4 389.7 399.3 411.3 422.7 429.8 436.6 443.1 449.7 457.1 464 470.9 476.5 482.4 489.7 494.4 498.2 501.7 505.4 508.7 510.1 508.3 506.4 504.7 502.6 500.6 499 495.6 490.8 485.4 481.4 476.6 470.2 467.9 465.5 461.5
299.2 297 300.3 298.5 291.2 285 281.5 277.8 273.7 269.5 264.4 256.7 248.4 240.5 237.4 237.9 240 241.7 243.3 243.4 243.1 243 245.9 246.7 246.9 250 259.6 264.8 273.5 279.8 296.4 315.1 326.8 338 342.8 348.6 354.8 359.8 365.7 372.8 381 387.7 394.8 400.7 405.3 416.1 427.4 434.1 442 448.8 454.8 461 467.9 474.8 481 485.9 490.1 494.5 498.6 503 506 508.2 508.1 506.8 504.3 501.9 500.6 499.9 499.1 496.3 491.1 486.6 482 477.1 471.8 465.2 454.6 455.4
288.8 291.5 292.2 285.9 278.2 273 270.3 266.6 260.8 254.6 249 240.7 234 235.3 236.9 242.6 241 239.4 243.8 244.1 247.9 253.4 255.3 259.2 258.7 266.9 270.6 274.2 276.8 288.8 308.7 312.2 330.2 337.7 344.7 351.4 357.7 365.7 371.3 378.7 387.2 395.2 402.4 408.4 412.1 420.6 430.6 438.8 448.3 455.5 460.4 465.4 471.9 478.7 485.5 490.6 495.3 499.4 503.1 507 508.4 508.8 506.8 504.4 502.1 500.3 499 498.1 496.6 494.3 489.4 484.1 479.1 474.1 467.4 459.7 453.7 443.3
279.7 283.5 281.9 274.5 266.6 259.7 256.1 250.4 243.1 238.2 235.6 232 235.3 241.8 248.9 255.7 257.3 261.2 260.3 260.5 264.7 267.6 268.8 275.1 262.6 276.8 282.7 288.7 298.3 301.3 307 326.8 336 341 343.4 353 361.9 369.6 377.1 385.1 393.6 402.3 408.9 414.9 419.6 426 436.5 445.7 454.3 460.9 466 471.3 476.6 483.6 490.6 496.3 500.4 503.3 507.2 510 511.8 509.6 505.6 503.1 501.1 499.7 498.2 495.5 493.6 490.3 486.9 481.7 476.4 468.6 460.2 454.6 448 443.9
264.8 275.9 270.9 264 252.7 248.2 243.2 233.6 229 228.3 232.5 240 245.6 250.4 261.3 264.5 270.2 273.2 273.8 275 277.4 281.4 284.7 286.7 273.5 285.6 295 305 314.1 318.3 313.5 329 338.5 346.3 353.1 359.6 363.2 368.8 381.2 390.8 399.6 407.3 414.4 421.9 428.1 436 443.4 451 457.6 464.6 470.5 476.4 482.7 489 496 501.6 504.9 507.7 510.2 511.3 512 510.8 507 503.4 500.7 499.4 496.8 494.1 490 486.4 483 478.9 472.9 466.1 458.4 449 443.4 439.2
