Assets/StreamingAssets/GeoData/Data/ny/NY61.asc
ncols 200
nrows 200
xllcorner 360000
yllcorner 510000
cellsize 50
[rows 105 to 139 of 200, columns 0 to 77 of 200]
337 334.6 332.1 330.5 329 327.1 324.7 321.8 319.1 315.6 311.4 308 304.3 301 297.2 292.6 287.4 281.5 279.9 275.1 268.4 264.4 260.2 253.2 246.8 241.2 242 242.5 238.9 228.4 221.1 214 207.6 206.3 204.3 204.6 205.1 197.8 189 186.8 185.4 185.3 185.4 184.4 183.5 184.3 184.3 184.9 194 201 207 212.8 215.7 217 218.3 221.5 226.4 227.8 227.2 227.9 229.4 230.9 234.5 240.8 244.7 246.4 245.6 249.4 252.3 255.8 256.1 255 260.8 269.1 275.4 279 282.5 285.3
339.2 337.2 334.6 332.8 330.9 329.3 326.3 324.1 319.9 314.6 311.2 308.6 305.1 300.8 296.6 292.8 287.3 279.9 277.5 273.4 267 263.3 259.6 250.1 239.7 234.7 236.1 236.7 232.3 224.4 214.8 206.2 201.9 198.3 198 201.2 201.2 196.4 188.4 187.2 185.5 185.6 185.7 185.6 184.6 185.1 184.9 183.2 196.5 202.1 209.3 216.3 220.3 220.9 222.3 224.9 229.5 231 230.2 230.1 233 235.3 237.5 244.5 248.5 250.1 250.1 249.7 254.2 258.1 260.2 258.9 261.3 268.7 274.9 279.6 282.3 285
341.4 340.2 337.5 335.1 332.6 328.3 323.1 318.8 315.5 313.9 311.7 309.1 305.1 299.8 295.8 291.1 284.3 277.1 274.2 271.1 265.1 261.3 257.4 247.1 235.3 229.2 228.8 230.8 227.8 217.8 208.2 203.3 199.3 195.5 193.9 190.7 189.4 188.8 189 186.5 187.4 186.3 186.5 186.1 185.4 185.5 186 185.6 194.7 203.3 213 219.6 223.8 224.7 224.8 228.3 233 233.5 232.1 231.5 236.2 238.9 241.9 248.4 251.8 253.6 253.6 252.6 256.4 259.6 263 263.2 262.1 268.7 275.4 279.6 282.4 285.4
343.3 340.2 336.3 331.9 328.5 324.4 320.7 318 315.3 312.9 309.7 306.6 301.7 296.6 292 287 279.9 273.1 270.8 267.8 262.1 257.6 253.9 245.9 232.9 226.9 224.5 224.8 222.7 214.6 205.4 200.9 197.3 194 190.9 188.8 189.5 189.5 188.6 188.1 188.8 186.7 188 186.5 185.6 185.8 186.5 185.9 196.8 207.1 213.8 222.3 226.2 227.5 228.6 231 235.4 235.8 234.4 235 238.8 242.4 245.9 250.3 254.7 256.5 256.3 254.7 258.1 261.3 265.7 267 264.9 268.6 275 279.5 282.1 284.2
338.1 333.5 330.4 328.1 326.6 322.9 319.3 315.2 311.7 308.7 305.5 302.2 296.5 291.8 287.5 281.9 275.7 270 266.6 263.9 258.5 254.5 252 242.6 231.8 225 219.7 220 219.3 211.3 203.6 198.8 193.8 192.7 193.8 194.4 196.6 191.8 189.5 189 189.8 187.7 190.2 190.2 186.4 186.6 186.7 186.8 194.5 206.7 216.6 224.8 228.2 231.1 231.9 233 237.7 237.4 236.2 237.3 241.2 245.9 249.3 253.2 257.3 259.2 259.8 258 259.7 263.2 268.3 270 268.9 270.2 275.3 280.2 282.7 284.1
335.1 331.6 328.8 325.7 324.2 319.8 316.1 312.7 308.3 304.9 301.8 297.6 293.1 287.4 283.3 278.1 272.1 265.5 262.6 259.3 253.1 249.1 248.1 241.9 229.1 221.1 217.1 215.3 214.2 207.7 202 195 198.5 197.8 198.1 196.7 197.2 192.6 191.4 189.8 189.9 188 192.6 194.2 191.5 187.4 186.5 186.8 195.3 207 218 226.1 232 234.1 233.8 235.3 240.8 240 239 238.1 244.7 249.1 252.6 255.7 259.7 261.6 262.5 261.9 260.8 264.9 270.1 272.3 272.7 271.8 276.5 280.2 283 284.7
333.6 330.3 327.5 324.6 321.4 316.8 312.6 309.5 304.8 300 296.1 291.8 287.3 280.8 275.1 270.6 266.3 262.1 258.4 253.9 247.9 244.5 244.3 238.1 226.8 218.5 212.8 210.8 209.5 203.5 196.2 199.3 200.5 200.6 199.7 199.1 197.7 195.8 192.9 190.6 189.8 188.3 194.3 197.1 195.7 188.6 187.4 190.4 196 205.4 218.5 227.3 234.4 237.1 237.1 237.2 242.8 241.6 239.9 240.5 247.1 252.6 256.6 258.2 261.4 264.1 265.4 265 264.6 267.1 271.2 275.8 275.8 274.9 276.6 280.2 283 283.6
333.1 329.9 326.3 322.9 318.8 314.2 310.4 305.7 300.5 295.2 290.6 285.4 279.7 273.3 267.9 264 261.8 257.4 254 249.7 241.8 238.6 239.1 235.3 224.8 214.9 209.8 207 204.9 199.3 197.9 201.2 201.3 202.7 200.7 200.2 200.4 197.8 194.5 192 190.9 189.2 196.7 200.7 198.6 188.8 188.3 191.6 196.1 202.8 216.1 227.9 236.5 239.7 239.1 239.7 243.8 242.2 241.1 240.9 248.5 255.1 259.4 261.8 263.7 265.9 267.7 267.8 268 268 272.3 277.4 279 277.9 276.3 280.6 282.4 283.2
331 328.7 325 321.2 316.2 311.9 302.6 298.4 294.1 289.6 284.4 279.2 271.7 266.9 263.7 261.6 257.9 254.1 249.4 243.5 236.8 232.2 235.2 230 221.4 212.3 206.9 202.9 200.1 198.6 200.8 202.4 203.5 203.5 202.1 201.7 204.4 201.3 197.1 193.2 192 189.8 197.7 202.8 201.3 190.6 188.6 193.6 196.8 201.1 212.2 225.4 236.5 243.1 242.6 242.2 244.8 244.2 243.4 243.5 250.6 258.6 262.3 265.3 266.4 267.9 270.5 270.5 270.7 270.4 273 278.5 281.6 281.1 278.7 279.9 281.3 282.4
329.5 326.3 323 318.8 313.5 308.5 300.2 291.2 282.7 277.5 274.8 274.5 268.8 264.4 260.9 258.4 255 249.4 244.4 239.2 233.8 228.5 228.6 225.5 216.7 209.9 204.5 202 199.5 200.4 202 204.3 205 205.1 203.7 204.6 207.7 204.6 200.4 195 192.9 190.9 199.5 204.7 203.3 193.5 189.7 194.1 197.1 200.8 208.3 222.1 234.9 243.4 245.2 244.6 247.8 247.1 247.2 245.8 252 261.6 265.7 268.1 268.8 270.8 273 273.1 273.5 273.5 273.5 280 283 282.6 281.1 281.2 282.5 282
328.1 324.6 320.8 315.3 310.1 303.7 296.8 290.8 284.7 279.4 274.7 269 264.7 261.1 258.7 254.8 250.6 246.3 241 236 231.4 225.6 221.5 218.1 213.6 208.4 203.5 200.9 201.7 202.1 203.7 206.4 207.1 207.5 206 206.8 210.8 208.1 203.3 197.3 193.5 191.1 199.3 206.4 205.2 199.5 189 194.3 199.4 203.9 206.6 214 229.4 242.4 248.5 247.6 250.8 250.3 251.2 248.5 254.9 263.3 268.2 270.3 271.6 273.8 275.5 276 276.6 276.2 276.1 279.9 285.3 285.7 282.9 283.1 283.2 282.1
325.5 322.1 317.7 311.3 303.9 299.4 293.4 288.3 284.6 279.1 273.2 268.4 264.3 259.5 255.6 252.1 248.7 243.6 238.3 233.5 229.2 221.2 214.5 212 208.3 204.2 203.5 202.8 203.2 204 206.1 208.9 209.6 209.6 208 209.1 213.6 212.5 207.3 198.1 195.4 193.2 198.5 206.5 206.1 200.3 190.1 195.6 200.6 206.4 207.5 217 222.5 237.2 248.8 250.1 250.9 254.5 254.7 253.6 256.4 264.1 270.3 273.2 274.6 275.9 278.4 278.9 279.1 279.5 278.9 279.7 285.4 288.7 285.2 284.5 283.8 282.8
320.7 316.5 311.8 305.4 296.9 292.9 289.8 286.6 282.2 277.6 271.5 266.3 261.9 258.9 253.9 250.7 245.3 240.2 236.8 228.8 221.9 216.6 210.9 207.2 205.5 206.2 205.3 204.8 205.3 206.8 209.3 211.5 212.3 211.8 210.4 211.6 217.1 215.8 210.8 200.3 197.3 194.8 197.6 207.1 206.8 199 190.5 189.6 199.5 206.9 209.4 216.6 221.5 233.4 246.3 253.6 253.9 254.2 259.1 257.9 258.6 265.6 271.7 275.1 277.4 279 281.1 281.8 282.4 282.5 282.1 281.7 283.2 290.1 287.9 285 284.3 282.4
316.5 310.5 305.6 300.2 293 289 286.6 283.6 280.4 276.4 270.8 266.3 261.4 256.9 252.9 249 243.4 237.4 229.3 223.7 216.4 211.2 208.2 207.1 207 207.9 207.1 207.1 208 209.8 212.1 214.7 214.9 214.7 212.5 213.1 218.9 218.5 213.8 202.1 199.3 196.6 196 206.6 206.5 197.9 191.4 190.1 199.4 205.4 209.8 218.2 222.1 229.3 242.1 252.6 257.2 257 261.3 262.4 260.9 265.3 273.6 276.7 279.9 281.6 284.5 285.5 285.3 284.8 284.7 283.8 283.6 287.8 289.5 286.6 284.6 283.5
311.5 306.9 302.1 297.4 292.3 288.9 284.3 281.4 279.2 275.8 269.5 265.1 259.9 255.2 249.8 243.3 237.7 231.7 224.5 217 212.4 209.3 208.3 208.4 209.4 210.1 209.3 210.3 211.3 212.7 216.3 218.2 217.9 217.9 215.3 214.3 220.4 221.1 215.8 204.4 201 197.7 196.9 204.8 205.2 193.7 192.3 191 199.6 206.1 209.5 218.2 223.7 227.4 235.3 248 256.6 258.9 261.5 264.9 265.3 264.8 273.2 278.4 280.7 284.2 286.6 286.5 287 287 286.4 285.8 285.9 286.1 289.5 287.8 285.7 284.7
307.9 303.7 300.3 296.4 290.2 285.7 282.5 280.4 277.8 274 267.9 262.7 254.6 250.4 244 239.5 233.2 226.2 220.8 213.9 211.4 210.8 211.2 212 212.3 213 212.8 213.5 215.8 217.7 221.1 222.4 220.9 220.6 218.7 215.9 220.8 222.7 218.1 206.4 202.8 199.5 197.6 202.5 202.2 193.4 193.2 193.3 199.2 206.7 210.1 216.5 225.6 228.9 235.6 243.7 252.9 259.1 260.5 266.1 266.2 266 272.1 277.6 281.1 285.8 287.6 287.8 287.8 288.7 288.6 287.9 287.8 287.9 288.1 289.6 287.9 286.5
305.7 301.2 297.4 293.7 288.7 284.3 281.3 277.9 276 271.5 264.3 257.8 251.6 246.7 239.3 234.1 228.7 220.9 215.5 212.6 212.7 213.5 214.5 216 216.2 217.5 218.5 218.4 221.5 223.2 226.8 226.9 223.9 224.2 221.7 218.3 220.9 223.9 219.8 207.4 204.3 201.3 200.6 199.2 196 194 192 193.8 196.4 203.7 210.1 214.3 225.4 228.7 235.9 244 252.2 257.8 262.6 263.8 267.9 267.2 269.2 276.7 281.9 286.5 289.9 290.6 290.1 291.5 290.2 290.3 290.2 290.7 289.9 290.9 290.1 287.1
302.7 298.7 295.6 292 286.4 282.4 278.8 275.9 273.1 268 258.8 253 247 241.6 236.5 229.1 222.5 217.2 215.7 214.1 218.8 217.8 220.3 221.4 221.6 223.9 226 225.8 228.2 229 231.2 230.3 227.1 226.8 225.4 221.2 221.1 224.3 219.8 209.1 205 205.2 204.3 196.3 194.9 194.7 194.5 193.4 198.5 205.9 211.3 214.3 223.7 228.3 236.6 244.6 252.3 258.1 262.5 264.9 269.7 269.1 268.9 276 282.2 288.5 292.1 292.7 292.7 291.8 292.2 292.9 293 293.4 292 292.5 291.1 287.5
300.6 296.5 293.2 289.5 284.3 279.1 274.8 272.4 270.2 264.6 252.6 247.3 241.7 237.3 228.7 222.8 219.6 217.6 216.2 223.9 226 222.8 227.9 229.6 230.8 232.2 232.8 232.3 232.7 233.9 234.8 233.6 230.3 230.1 228.6 224.3 221 223.5 219.9 210.4 206.3 208.2 207.7 197.5 195.3 195.2 194.8 195.2 200.3 205.9 212.2 215.2 221.3 228.6 237.2 245.7 253.1 259.4 264.3 265.9 271.5 270.4 270.4 274.5 283.1 291 295.4 295.5 294.7 293.7 294.5 295.8 295.9 296.2 294.2 293 291.5 286.8
298.6 294.4 290.1 287 280.8 275.7 271.3 268.6 265.1 258.4 248.7 238.7 233.2 229.1 224.3 221.4 222.6 227.8 229.6 232.8 233 232.2 230.9 236.3 238.1 239 237.7 236.5 237 236.8 237.5 236.3 232.5 232.3 231.6 227 222.8 221.2 217.4 210.8 208.6 211 210.2 198.9 195.2 193.4 195.3 195.4 200.9 204.8 213.5 217.7 221.5 230.1 236.5 247.2 255.1 261 266.1 268.2 272.6 273 273.2 274.5 282.2 288.8 297.3 297.3 296.9 295.6 296.8 298.7 299.8 299.4 295.6 293 290.9 286
294.8 290.6 286.8 282 277.5 271.8 266.3 262.6 258.6 251.9 242.3 235.2 230.2 225.2 226.5 228.2 235.6 238.1 240 240.8 236.5 241.8 238.7 241.8 243.2 243.9 240.8 239.5 240.4 240.1 240.2 239 235.3 235 233.5 228.8 224.6 219.7 214 213.6 210.7 212.8 211.7 199.4 195.6 195.6 195.9 196.2 202.4 205 215.8 219.9 223.8 230.7 238.6 249.4 257.1 262.6 268.3 271 273.8 276.8 277.1 276.5 281.2 288.7 292.7 294.9 295.7 296.3 298.7 301.2 299.7 297.2 293.8 291.3 288.6 284.1
289.7 285.9 281.2 276.4 272.1 267 261.2 255.6 249.8 243.9 238 231.3 229.3 233.8 240.6 235.1 242.7 246.1 245.9 244.4 244.3 245.5 245.4 245.6 247.3 246.4 244.1 242.9 242.3 242.5 242.4 240.8 237.2 237.1 235 230.2 224.5 219.7 218.6 214.1 211.9 214.4 213 199.6 195.8 197 196.3 200.2 202.6 206.2 215.6 221.9 225.2 231 238.9 249.7 259.6 264.1 270.6 274.1 277.5 280.8 281.3 280.3 280.4 288.6 293.1 294.3 296.8 298.8 297.8 299.3 297.4 293.6 290.4 288.5 285.4 281.6
285.3 280.9 274.9 269 260.9 255.2 255.1 247.2 240.6 235.2 234.3 240.9 244.2 246.5 247.9 241.7 249.7 250.7 249 248.9 250.1 245.8 249.3 249.5 250 249.4 247.4 245.8 244.4 245.1 244.2 242.2 239.1 238.3 235.4 229.1 225.7 222.3 221 214.6 213.5 215.4 213.4 200.2 196.4 197 197.7 200.9 205 208.6 214.7 222.5 226.4 232.3 238.6 249.5 261.5 265.5 273.6 277.7 281.3 284.5 285.6 284.8 285.2 286.9 292.3 294.4 296.4 298.6 299.2 298.2 296.2 292.3 289.7 286.8 285.2 285
281 274.4 268.1 265.6 266.5 262.8 252.2 253.8 250.8 252.2 249.5 250.2 254.1 254.7 249.4 253.8 255 254.5 253.9 252.4 253.4 251.6 253.8 253.4 252.9 252.2 250.4 247.8 248.2 247.4 245.9 244 241.3 239.6 234.4 231.4 227.2 223.5 221.2 216 214.4 216.4 213.5 200.9 197.4 197.9 197.9 201.7 205.3 211.5 214.2 223.6 227.8 233.2 239.3 251.3 262.6 267.1 275.8 280.8 285 287.9 288.9 289.2 289 290.5 291.5 293.6 295.6 298 299.7 299 296.7 293.6 290.5 288.6 289.3 288.6
270.7 268.1 269.5 268.2 264.6 259.7 262 261.6 261.4 259 256.4 257.7 260 258.6 258.5 258.9 259.2 258.4 257.2 256.6 256.5 257 256.4 256.6 255.8 255 252.7 250.4 250.5 249.4 247.2 245.7 243.2 239.4 238.1 231.2 225.6 222.8 219.2 215.5 215.1 216.3 210.8 198.9 199.1 198.8 199 202.5 206.8 212.6 215.5 225.2 229.9 235 241.5 252.4 262.6 269 275.6 283 288.6 291 292.5 293.4 293.7 293 293.5 295.3 295.4 296.6 298.8 298.8 298.5 295.8 293.1 291.2 290.6 292.3
275.5 277.6 274.7 268.6 266.2 265.9 264.7 265.9 264.9 261.6 262.3 262.4 263.3 262.5 264.6 263.6 262.7 261.1 259.9 259.5 260.1 259 259.7 259.4 258.3 256.7 255 253.2 252.3 251.1 249.4 246.4 244.6 242.7 236.9 229.3 224.7 222.1 219.2 214.5 212.6 215.2 208.2 200.2 199.5 197.2 200.4 205.1 210.2 216 218.7 223.3 231.7 236.1 242.7 252.6 263.7 271.5 275.2 284.2 292.2 294.6 296.8 298.6 297.6 295.8 295.7 296.6 298.1 299 298.4 299.5 298.8 296.8 294.4 295.3 295 295.1
283 282.2 278.4 272 270.5 269.8 268.7 268.2 267.8 268.2 266 266.5 266 269.3 267.9 266.9 266.3 264.7 263.5 264 263.3 261.9 262.2 261.8 260.7 259.2 257.4 255.8 254.6 253 250.9 248.3 246.2 241.5 238.7 233.4 228.2 225.1 220.6 215 209.3 212 206.4 201.4 200.2 198.8 202.2 207.8 213.1 217.1 221.4 225.1 233.1 238.4 243.3 254.2 265.1 274.5 275.9 283.6 292.5 297.8 297.8 302.2 301.2 299.3 299 299.3 301.9 302.1 300.9 300.6 299.8 298.9 296.8 297.2 296.6 298.3
288 285.6 281.4 276.7 275.3 274 273.6 272.6 272.5 271.6 270.3 270 272.8 273.3 272 270.7 268.4 267.5 266.9 266.1 265.9 264.7 264.8 263.7 262.7 261.2 258.7 257.7 256.7 254.9 252.1 248.9 247.8 245.7 239.6 234.5 230.1 225.8 221.5 216.4 208.9 205.8 203.6 202.2 201.3 200.1 204.3 210.1 214.9 219.5 224.4 226.4 234.7 240.1 244.2 254.1 265.2 276.8 278.9 283.4 292.1 299 300.6 303.4 304.2 303.4 302.6 302.6 305.4 304.9 303.3 303.2 302.1 301.4 299.8 299.8 299.9 301.1
291.9 288.2 284 281.4 280.4 279.4 278.8 276.9 275.4 274.9 274.9 274.3 276.6 276.4 274.7 273.2 272.2 270.7 269.5 269.4 268.5 266.8 267.5 266.4 264.5 262.9 261.3 259.5 259 256.8 253.7 252.1 250.1 246.1 241.4 235.8 231.6 227.5 221.1 216.7 208.9 207 203.9 202.3 201.4 199.7 205.9 212.5 217.8 220.8 227.1 229.1 233.7 241.6 245.6 253.5 264.3 275 281.8 286.2 292.2 299.2 303.1 303.4 307.8 306.5 306.6 305.2 305.5 305.4 305.9 305.9 305 303.8 303.3 303.3 302.3 303
293.6 291.8 288.7 285.5 285.1 283.2 282.8 281.3 279 279 278.1 277.9 280.4 279.3 278.2 277.9 275.9 274 272.2 271.7 270.5 268.9 269.7 268.2 266.2 263.7 262.9 261.6 259.3 257.3 256.6 254.1 251.1 247.1 243.3 238.1 233.5 229.1 224.5 217.7 212.8 211.7 207.1 204 201.9 202.6 208.7 214.5 219.2 223.6 230.1 232.4 235.1 242.3 247.1 252.5 261.9 274.7 283.8 289.1 292.5 299.9 305.9 305.2 308.7 310.4 309.2 308.5 307.4 306.3 306.4 307.7 307.5 306.2 306.4 305.8 305.9 306.1
299.1 295.9 291.8 290.5 288.4 288.6 287.3 285.4 282.9 283.7 281.9 282 283.5 282.3 282.3 280 279.4 276.8 275 274.2 272.5 271.2 272 269.7 267.7 265.3 264 263.1 261.1 257.8 257.9 255.9 252.5 247.8 244 239.9 235.8 231.8 225.6 220 215.6 214.5 209.8 204.7 201.8 206.4 211.1 216 222.3 226.3 231 234.7 237.1 244.2 248.9 254.2 263.3 274.8 286.1 289.8 293.4 298.6 305.2 308.5 308.1 310 312.7 312.5 310 309.1 308.4 307.8 307.7 306.9 307.4 307.3 307.1 308.1
303 299 296.4 294.7 293 293 290.7 288.3 287 286.5 284.9 285.8 286.7 286.7 285 284.1 282.7 279.7 278.8 276.5 274.3 272.6 273.2 272 269.9 266.9 264.7 263.5 261.2 259.1 260.3 257.2 253.6 249 245.8 242.1 237.9 233.2 227 222.5 218.8 217.2 212.4 205.3 203.6 208.1 213.5 218.2 225.1 229.6 233.6 237.4 240.2 245.5 251.2 256.7 261.1 272.5 283.6 290.9 295 297.6 300.8 306.3 309.3 311.7 311.8 313.5 313.5 312.5 311.8 310.5 310.1 310.1 311.1 311.3 309.3 309.1
305.4 303.7 300.4 298.6 298.2 297.4 295.6 292.6 290.5 289.2 289.3 289.3 290.6 289.6 287.9 287.1 284.8 283.3 281.6 279.3 276.7 275 274 272.7 270.3 268 266.1 264.1 263 262.2 261.7 258.2 254.6 250.3 247 243.8 240.6 235.2 230.6 225.8 221.2 219.7 212.3 209.6 204.4 211.4 216.8 222.1 228.5 232.6 236.7 240.8 243.5 248.6 253.7 258.9 262.2 268.4 280.4 292.5 296.1 297.9 299.5 301.7 304.1 311.2 313.3 313 314 316.3 315.2 314.3 313.3 314.3 315.3 314.4 312.6 312.7
310.6 307.3 304.8 302.1 302.8 300.6 298.4 296.3 294.1 293.3 292.6 292.4 293.7 292.2 291.3 289.9 289 286 284.5 282.3 279.7 277.1 275.7 274.5 273 269.9 268.3 266 265.8 263.6 262 258.6 255.4 251.9 248.7 245.7 242.7 239 235.9 227.4 223.3 221.5 212.4 213.3 205.2 214.1 219 225 231.2 235.4 239.5 243.5 247 252.4 258.2 261.5 263.7 266.5 274.5 282.9 294.1 296.1 297.3 297.9 299.9 303.2 308.6 313.6 316 315.6 315.7 318.1 317 318 318.9 317.9 316.6 315.6
314.3 311.6 308.1 307.7 306.6 304 302.5 299.7 297.8 296.5 296.7 296.4 296.5 294.6 294.2 292.7 291.9 289.2 287.6 285.4 281.9 280.2 277.8 277.1 274.7 273.1 269.4 270.4 268.2 265.1 263.1 260 257.7 252.2 250.3 248.2 245.7 241.9 239.2 229.7 225 223.2 217.5 213.5 207.4 216.7 221.6 229.1 234.6 239.1 240.8 247.1 250.7 255.4 260.8 262.8 266.6 267.7 268.9 274.3 281.5 285.3 288.4 290.6 293.2 298.6 301.5 304.7 310.1 315.9 316.2 317.5 318.8 319.9 320 321 320.2 316.5
