Assets/StreamingAssets/GeoData/Data/ny/NY62.asc
ncols 200
nrows 200
xllcorner 360000
yllcorner 520000
cellsize 50
[rows 0 to 34 of 200, columns 0 to 77 of 200]
147.2 149.1 150.4 151.3 152.2 152.5 153 154.1 154.9 155.8 155.7 155.5 155.6 155.1 154.7 153.8 152.9 153.2 153.7 153.9 153.3 152.4 151.8 151.5 151.3 151.2 151.1 150.8 150.3 149.5 148.7 148.4 147.9 147.4 147.6 147.8 148 148 148.9 149.7 150.1 150 150.7 150.9 151.3 151.8 152.2 153.3 154.3 154.9 154.6 154.1 153.7 153.5 153.5 155 156.5 157.6 158.7 158.9 157.9 156.6 155.9 156.6 157.1 156.3 151.1 141.2 149.7 156.1 157.2 157.4 157.3 158.1 158.7 159.1 159.3 159.6
143.8 146.2 147.9 149.5 150.5 152 152.9 153.8 154.6 155.6 156.6 156.8 156.8 156.6 156.1 155.2 153.9 153.2 153.2 153.4 153.1 152.3 151.5 150.8 150.3 150.2 150.1 150.2 150.3 149.8 149.3 148.8 148.3 147.7 147.9 148.1 148.4 148.5 149.3 149.6 150 150.8 151.5 152 152.6 153.4 153.9 154.8 155.8 157 157.4 157.1 156.6 156.2 156.1 155.8 156.4 157.4 158.5 158.9 158 155.6 154 154.4 154.8 154.7 144.2 146.2 155.8 158.6 159.3 159.5 159.5 159.7 160.6 161.4 162.3 163.3
128.6 140.9 144.9 146.4 148.3 150.9 152.4 153.7 154.7 155.8 156.8 157.2 157.5 157.7 157.1 156.3 154.9 153.7 152.8 152.7 152.1 151.5 150.9 150.4 149.7 149.4 149.4 150 150.1 150 149.6 149.1 148.6 148.1 148.3 148.5 148.7 149 149.3 149.7 150.2 151.1 152.1 153.2 154 154.8 155.6 156.3 157.2 158.4 159.5 159.7 159.6 158.8 158 157.2 157 157.3 158.1 158.6 157.8 155.2 152.9 153.1 152.3 142.3 140.3 153.2 156.4 159.1 161.3 161.1 160.8 162.6 163.8 164.7 165.5 166.5
106.9 118.1 138.2 143.9 147.3 149.9 151.7 153.1 154.3 155.3 156.3 157.2 157.5 157.8 157.5 156.8 155.8 154.3 152.8 151.8 151.2 150.6 150.1 150 149.8 149.5 149.5 149.8 150 150.2 149.8 149.5 149 148.4 148.6 148.8 149 149.2 149.4 149.9 150.4 151.4 152.5 153.8 155.3 156.3 157.1 157.8 158.6 159.6 160.9 161.8 161.9 161.4 160.5 159.3 158 157.2 157.4 157.6 157.4 155.1 152 150.9 144.2 140.3 152.2 153.9 155.5 158.1 159.7 162.6 163.8 165.4 166.3 167.6 168.5 168.9
93.1 102.9 126.5 143 145.9 148.8 150.9 152.3 153.6 154.7 155.8 156.7 157.3 157.7 157.8 157.4 156.6 155.2 153.3 151.2 150.1 149.3 148.9 149.9 150.4 150.4 150.2 150.1 150 150.3 150.4 150 149.5 148.9 148.8 149.1 149.5 149.8 150.1 150.3 150.7 151.8 152.9 154.4 156 157.4 158.3 159 159.7 160.7 161.8 162.9 163.5 163.7 162.7 160.9 159.3 157.6 156.3 156.1 155.4 153.5 147.4 140.7 143 151.5 152.6 153.7 154.8 155.6 158.9 163.3 165.6 166.6 167.9 169.5 170.7 171.4
92.5 94.6 109.9 128.9 143.2 147.3 149.6 151.2 152.5 153.5 154.5 155.5 156.1 156.6 156.7 156.8 156.3 155.6 153.8 150.9 147.9 146.9 149.6 151 151.1 151.3 151.1 151.2 151.1 151 150.9 150.5 150 149.5 149.3 149.7 150.2 150.6 150.8 151 151.3 152.3 153.4 155 156.7 158.3 159.4 160.2 160.9 161.6 162.3 163.5 164.7 165.1 164.4 162.9 160.4 157.6 155.6 153.5 152 149.5 139.9 145.2 152 152.4 152.7 153.4 153.6 153.9 157.2 162 164.6 166.4 168.3 170.5 172 172.6
90.2 94 100.5 114.2 136.1 145.1 147.7 149.5 151.1 152.2 153 153.8 154.5 155.1 155.5 155.4 154.9 155 150.9 147.9 146.5 147.1 148.8 150 151.5 151.7 152.2 152.3 152.2 152.1 151.9 151.3 150.8 150.3 149.9 150 150.6 151.1 151.4 151.5 152 152.7 154 155.6 157.3 158.9 160.6 161.4 162 162.5 163 163.5 164.7 165.5 165.6 164.3 161.7 158.2 154.8 152 148.9 140.5 145.7 151.2 152.1 152.5 152.8 153.5 153.7 153.2 155.4 157.9 162.3 164.5 167.2 169.4 170.9 172.7
90.4 90.2 94.2 103 120.9 142.6 145.6 147.8 149.2 150.2 151.1 151.9 152.1 152.7 151.9 151.7 151.9 151.5 148.1 144.4 141.5 144.8 148.8 150.6 151.3 152.2 152.8 153.2 153.2 153.1 152.7 152.2 151.5 151.1 150.6 150.3 150.8 151.3 151.9 152.3 152.7 153.5 154.5 156.2 157.8 159.6 161.3 162.5 163.1 163.5 163.9 164.4 165.3 165.9 166.1 164.7 162.4 158.6 155.2 152.2 147 135.9 150.3 151 151.9 152.6 153.2 153.9 153.8 153.4 154.3 155.9 158.3 160.9 164.4 166.8 168.5 170.1
94 92.7 91.3 94.6 106.8 130.5 142.8 145.2 147.1 148.3 149.1 149.3 148.2 148.4 149.7 150.2 149 145.4 140.4 136.8 139.2 142.8 146 149.6 151.6 152.8 153.5 153.9 154 154 153.6 153.1 152.4 151.6 151.1 150.8 150.8 151.3 151.9 152.9 153.4 154.2 155.2 156.5 158.2 160.1 161.9 163.4 164.3 164.7 165.2 165.6 166.2 166.5 166.3 165 162.6 159 155.7 152.7 147.4 136.3 148.2 150.5 151.6 152.8 153.6 154.1 153.8 153.4 154.3 155.4 155.9 157.2 160.3 163.4 165.9 167.4
94.1 94.3 93 91.3 94.9 114 136.9 141.9 144.1 146.3 147.1 145.1 146.1 145.1 145.7 145.2 143 130.8 129.5 138.6 140.7 141.2 142.9 146.5 150.3 152.4 153.9 154.6 154.9 154.9 154.6 154.2 153.4 152.6 152.1 151.5 151.1 151.3 151.9 152.9 153.9 154.8 155.6 156.9 158.4 160 162.2 164.1 165.5 165.9 166.4 166.6 166.7 166.9 166.5 165.3 162.4 159 155.3 152.5 147.8 136 147.2 150.7 151.7 152.8 153.9 154.5 154.1 153.6 154.4 155.3 155.9 156.6 158.4 161 163.2 165
94.2 94.4 91.3 91.9 94.3 98 120.2 132.2 140.1 143.1 143.4 139.9 140 139.7 138.8 136 125.5 123.8 134.7 139 140.7 140.9 141 143.1 146.7 151.1 153.2 154.8 155.9 155.8 155.8 155.4 154.5 153.6 153 152.4 151.8 151.8 152 152.8 153.8 154.9 156.1 157.1 158.2 159.9 162 163.9 165.7 166.7 166.9 167.1 167.1 167.2 166.8 165.4 162.3 158.7 154.6 144.7 143.5 135.5 149.3 150.8 151.8 152.9 154 155.3 154.9 153.3 154.1 154.7 155.5 156.4 157.5 159.6 161.8 163.5
94.5 92.5 91.4 93.3 94.3 96 105.9 119.1 128.7 134.8 136 131.6 123.2 121.9 120.5 119.1 113.8 127.5 133.4 136.7 138.7 138.4 138.3 139.7 143.3 148.4 152 154 156 156.5 156.5 156.6 155.6 154.5 153.9 153.1 152.7 152.3 152.2 153.1 154.2 155.3 156.5 157.8 158.8 159.8 161.4 163 165 166.4 167.4 167.6 167.6 167.5 167.1 165.8 162.9 159 154.4 143.7 142.5 142.1 149.5 150.6 151.8 153 154.2 155.2 151.6 147.9 154.2 153.9 154.8 155.9 156.8 158.4 160.2 162.1
94.2 91.2 93.1 93.6 93.9 94.3 98.1 107.8 112.9 112.5 115.4 113.5 112.7 110.5 117.6 109 110 115.8 126 129.2 130.7 129.7 129.6 133.7 138 143.5 148.9 152.5 155.3 157.2 157.5 157.8 156.8 155.6 154.6 154 153.5 153.2 153.3 153.5 154.6 155.8 157 158.2 159.4 160.5 161.5 162.2 163.9 165.5 166.8 167.4 167.6 167.6 167.1 165.8 163.3 159.3 154.1 150.8 138.8 139.4 149.2 150.7 152 153.1 154.2 146 135.3 137.6 143.2 150 154.4 155.7 156.4 157.2 159.2 161.1
93.5 93.4 94 93.5 93.5 94.8 96 98.6 103.7 105.6 104.8 104.7 105.1 105.9 106.2 113.5 110.1 108.8 113.4 118.6 124 128.3 132.5 131.7 132.1 135.9 144.4 150.2 153.6 157.4 158.7 159 158.3 157.1 155.6 155 154.4 154.1 154.2 154.3 155 156.2 157.4 158.6 159.8 161.2 162.1 163.1 163.9 164.5 166.1 166.6 166.8 167 166.9 165.6 163.5 159.6 153.8 144.9 130.3 144.1 148.8 150.5 152 153 154.1 140 134.5 136.2 138.2 137.3 142.8 149.3 154.8 155.8 158.1 159.9
92 94.1 93.9 93.8 93.8 94.5 95.4 96.6 99.7 103.4 103.6 103.8 104.5 105.5 105.8 106 109.2 117 109.7 119.5 128 133.8 137.5 139.2 138.5 133.8 138.1 146.6 152 156.5 159.1 160.2 159.7 158.2 157.1 156.1 155.3 154.9 154.8 154.8 155.4 156.6 157.8 159 160.3 161.6 162.8 163.5 164.2 165 165.6 166 166.2 166.2 166.3 165.1 163.2 159.8 153.8 141.2 130.7 144.3 148 149.9 151.5 152.7 153.9 146 136.5 149.4 154 152.3 144.4 139.4 146.4 154.5 155.9 157.3
92.7 94.5 94.8 94.3 93.9 94.6 95.6 99.9 103.7 104.3 103.5 103 103.3 104.4 105.6 107.2 108.5 107.7 115.8 118.8 126.7 133.8 137.2 138.8 139.6 137.8 134.9 143 149.4 155.2 158.7 160.7 160.7 159.7 158.8 157.8 156.8 156 155.7 155.7 156.1 157 158.2 159.4 160.7 162 163.1 163.7 164.5 165.2 165.5 165.8 165.4 165.2 165 164.1 162 159 153.5 137.5 129.8 140.9 147.1 148.8 150.6 152.2 153.9 149.9 135.5 152.4 158.3 158.4 157.1 155 146.2 143.2 152 155.6
91.8 94 95.4 94.8 94.6 94.7 98.6 104.2 107 106.5 102.9 102.1 101.5 102.4 101.8 108.8 113.2 107.7 109.8 115.3 120.6 130.7 133.7 136.2 137.7 136.6 134.1 137.9 146.9 152.7 157.5 160.4 161.9 161.4 160.5 159.4 158.3 157.3 156.6 156.6 156.9 157.6 158.6 159.8 161.1 162.3 163.1 163.9 164.7 165.3 165.5 165.1 164.7 164.3 163.7 162.6 160.9 157.6 152.2 137.3 128.9 138.1 145.9 147.7 149.6 151.2 153.2 153.5 135.7 152.9 159.8 161.2 160.2 159.5 158.2 151.8 143.5 146.7
94.2 93.4 92.1 95.1 95.1 94.6 99.1 104.3 106.8 107.6 103.4 100 99.5 100 101.2 108 114.4 109.4 108.4 113.8 119.5 118.5 127.4 128.9 132.2 133.9 132.9 134.3 143.8 150.1 155.3 159.6 161.8 162.2 161.9 160.9 159.9 158.8 158.1 157.5 157.7 158 158.6 159.9 161.2 162.2 163.1 163.9 164.7 165.1 165.1 164.6 164.1 163.3 162.1 160.9 159.2 155.7 148.3 136.6 128.2 138.6 144.9 146.3 148.1 150.1 151.5 133.9 142.5 155.7 158.9 163.3 163.2 162.1 161.2 158.6 154.2 146.1
94.6 94.5 94.4 92.1 95.4 94.8 96.3 106.2 105.7 106 104.3 101.3 99.4 99.2 102.6 109.3 113.6 111.3 108.1 109.8 114.9 118.2 117.5 117 117.3 120.1 124.1 129.8 141 146.6 152.2 157.4 160.9 163 163 162.2 161.2 160.3 159.4 158.6 158.5 158.7 159.1 159.8 160.9 161.8 162.8 163.7 164.3 164.7 164.6 163.7 162.8 161.9 160.4 158.9 157 153.3 145.7 135.7 127 129.2 131.3 137.3 142.8 147.2 144.5 131.1 153.6 158.1 159.7 164.3 165.2 164.9 163.9 160.9 157.5 152.4
95.1 95.1 95 94.8 92.1 95.2 95.2 104.3 106.6 105.3 103.2 101.2 99.8 99.1 102.4 108.7 112.9 115.5 112.1 108.5 109.2 110.4 110.6 109.9 119.7 109.3 113 121.2 134.9 143.5 149 153.9 158.9 162.6 163.7 163.5 162.6 161.7 160.9 160 159.7 159.5 159.8 160 160.6 161.3 162 162.7 163.1 163.4 163.2 162.5 161.5 159.9 158.6 156.8 154.7 150.2 144 134.3 125.5 127.5 130.2 131.5 130.6 131.3 135.9 149 155.2 157.3 159.1 164.2 166.2 166.8 166.6 164.2 159.7 154.4
95.9 95.3 95 94.7 94.1 92.1 95.1 97.2 107.6 106.7 104.5 101.4 99.8 98.7 101.3 107.1 111.6 115.2 116.4 112.9 107.3 106.2 106.2 106.2 108.1 115.9 114.7 112.3 123.2 135.6 141.4 146.9 153.5 160 163.1 163.9 163.9 163.1 162.3 161.4 160.8 160.5 160.2 160.2 160.2 160.5 161.1 161.6 161.1 160.9 160.9 160.3 158.8 156.8 155 153.3 151.2 148 141.8 130.2 125.5 126 135.1 136.9 137.8 145.7 149 151.1 154.4 157 159.3 162.9 165.9 167.5 167.9 166.7 162.9 157.7
97.9 96.8 95.1 94.6 95 94.4 92.1 95.2 104.4 107.3 104.6 101.7 99.1 98.3 101 105.4 109.3 112.8 115.6 116.7 113.2 106.3 106.2 107.1 112.6 117 115.6 121 112.9 123.3 130.3 139 146.7 154.1 160.4 162.7 163.8 164 163.4 162.8 161.8 161.2 160.9 160.5 160.4 160.2 160.2 159.8 159.4 158.4 156.6 155.1 153.6 151.9 150 148.1 145.9 139.5 126.9 124.8 125.2 125.6 141.1 143.4 139.8 142.1 148.6 152.6 154.9 157.5 159.6 161.8 164.5 166.7 168.2 167.8 165.5 160.5
99.3 98.7 96 95.2 95.4 95.2 92.3 92.5 98.7 107 104.4 99.3 97.6 97.6 100.5 104.1 107.1 110.3 113.4 115.3 114.6 112.1 109.8 108.1 109.1 115.5 117.3 111.8 119.1 115.1 119.9 126.2 138.2 149 157.9 161.3 163.7 165 164.5 163.8 162.8 162 161.3 160.8 160 159.7 159.3 158.2 156.6 155 151.4 149 146.7 143.8 142.4 137.7 131.5 123.3 123.8 124.4 123.7 125.5 142.4 144.1 144.4 140.9 147.4 153.6 155.6 157.8 160.2 161.1 163.1 165.4 167 167.7 166.2 162.4
99.9 99.8 97.6 95.6 95.4 95.1 95.2 92.1 96.6 104.8 103.3 98 97.1 97.4 99.8 103 105.6 108.1 111.1 113.3 113.1 111.5 110.3 109.8 107.1 111.6 116.7 117.9 118.3 118.3 120.5 117.1 130.2 145.5 152.8 158.9 161.9 164.3 165.3 164.5 163.5 162.6 161.5 160.9 159.7 159.2 158.2 156.3 154.3 151.7 142.2 133.9 131.5 129.3 126.8 124.6 122.4 122.5 122.6 124.3 134.5 141.1 142.9 144.5 146.4 145.3 145.4 153.3 156.3 158.5 160.7 162 163.2 164 165.3 166.2 165.3 163
101 101.1 98.2 95.3 94.8 94.7 95.1 95.3 92.3 95.5 97.2 96.9 96.8 97.7 99.3 102 104.6 107 109.1 111.2 111.6 109.1 107.4 107 105.8 109.3 113.7 116.7 118.8 121.2 119.9 122.9 122.2 136.6 145.6 153.2 158.7 162.7 164.7 165.3 164.2 163 161.9 160.7 159.5 158.2 156.5 154.2 151.5 141.6 128.9 120 120 120.3 121.3 121.6 122.4 121.2 125.4 135.9 139 141 143 144.9 146.8 148 145.4 152.1 156.3 159 161.4 163.2 164.7 165.3 165.7 165.6 165.5 165.4
100 100.7 98.3 95.3 94.8 94.6 94.9 95.6 94.5 92.8 95.5 96.3 98.1 98.5 99.9 101.6 103.8 106.1 108 109.5 110.2 108.2 104.9 104 106.2 108.5 112.2 116 118 120.3 121.2 116.2 115.7 124.8 139.8 151.3 155.2 160.2 162.8 164.3 164 162.7 161.5 159.7 158.2 156.1 153.6 150.7 141.5 128.3 117.3 118.1 118.6 120.2 120.5 120 119.1 124.6 129.4 134.9 138.8 141.2 143.4 145.6 147.7 148.5 147 150.1 155.4 158.6 161.8 163.9 165.9 167.4 168.3 168.5 168.9 168.5
97.3 97.9 96.7 95.4 95.3 94.9 95 95.5 95.2 92.3 95.7 95.9 98.7 100.1 101.1 101.8 103.5 105.9 107.7 109.1 109.8 106.9 102.4 102.4 104.4 107.9 111.5 114.5 116.7 118.2 120.7 120.5 116.3 115.5 124.4 134.1 145.9 155.6 160.9 162.1 163 162 160.6 158.8 156.7 152.2 146.5 137.6 126.4 116.7 118.3 118.1 118.7 119.1 120.8 122.5 124 124.6 127.4 134.1 138.6 142.5 144.7 147.1 148.6 149.8 148 152.2 157.6 159.1 161.4 164.3 167.2 169.3 170.1 171.4 171.7 171.9
97.3 96.3 95.9 95.8 95.5 95.2 95.3 95.6 95.9 92.3 94.5 95.6 98 100.1 102.1 102.3 103.4 105.7 107.3 108.8 108.8 104.6 101.5 101.5 103.2 106.3 109.9 113 114.9 116.1 119.1 121 120.2 115.4 119.2 128.1 126.2 136.7 150.4 154.5 161.3 160.6 159.6 157.5 152.4 141.5 129.1 119.3 115.1 117.1 117.8 124.4 129 129 125.9 123.7 123.8 125.6 126.3 133.9 139.6 144.7 147.1 149.1 150.2 151 148.5 153.2 159.2 161.5 162.2 164 167.4 170.4 171.7 173.2 174.5 174.7
98.2 97.7 96.1 96.1 95.5 95.3 95.5 95.7 95.7 92.7 95.8 95.9 97.4 99.3 101.1 102.3 102.9 105.4 107 108.5 107.3 103 101.1 101.1 102.2 104.1 107.7 111.1 113.6 115.2 115.2 119.2 119.4 118.4 114 121 129.6 136.7 129.2 132.1 148.2 156.1 158.6 150.8 137.7 125 115.4 114.1 116.3 117.2 117.5 128.7 130.4 128.9 127.3 125.4 123.7 125.9 128.8 134.8 141.9 146.7 149.5 151 152.1 152.7 150.1 154 159.8 162.6 164.1 164.7 168.1 171.1 173 174.8 176.3 177.4
98.7 99.2 97.7 96.1 95.5 95.4 95.6 95.7 95.9 93.3 94.9 96.4 96.5 98.6 99.2 99.9 101.5 104.1 106.5 107.2 104.7 101.4 100.7 100.8 101.4 102.6 104.6 108.2 109.9 106.9 104.3 107.4 109.8 115.6 114.9 115 120.8 124.8 123.6 126.1 134.6 127.9 142.2 125.3 112.5 113.7 114.7 115.3 116.1 117.7 129.8 131 131 130.6 129.4 126.8 124.2 125.1 131.8 137.2 143.2 148.3 151.5 153.1 153.8 154.3 151.4 154.9 161 163.9 165.3 166.6 169.8 171.6 173.5 175.5 177.6 179.1
98.9 100.2 99.5 96.8 95.7 95.6 95.7 95.8 95.7 92.3 95 93.5 95.2 98.3 100.1 100.3 100 101.6 103.2 103.5 102 100.9 100.7 100.9 101.3 101.8 102.7 103.3 103.9 104.3 103.1 101.7 103.9 105.8 109.5 110.4 110.8 112.4 119 131.5 137.7 139.1 133.8 111.1 119.4 113.9 115.8 117.3 120.6 130.2 131.5 131.1 131.7 132.9 130.8 130.1 125 124.1 132.1 138.7 144.3 149.8 153.4 154.9 155.7 155.9 154.7 153.7 161.2 164.8 166.4 167.1 169.6 172.1 174 175.9 178 179.9
99.7 101.2 101.2 97 95.9 95.8 95.9 96 94.3 92.3 100.3 95.6 93.9 98.9 102.7 103.4 104.3 101.5 100.1 100.4 100.6 100.6 100.8 101 101.3 101.8 102.5 103.3 103.5 103 101.2 105.3 103.9 104.5 106.3 106.4 106.6 107.9 113.1 116.5 124.5 124.4 112.9 112.7 113.6 125.7 127.3 129.7 131.7 132.4 131.3 131 131.1 132.9 134.5 132.8 127.8 124.1 131.4 139 145.1 150.6 154.7 156.5 157.3 157.6 157.4 154.6 159.7 165.2 167.3 167.7 170 172.6 174.2 176 178.3 180.4
100.6 101.9 102.2 97.8 96.2 96.1 96.1 96.5 92.5 95 102.4 98.3 96.4 95.2 101.1 104.4 105.4 106 104.1 102.6 101.8 100.6 100.8 101.1 101.3 101.7 102.5 101.4 100.7 105.2 110.6 112.4 106.3 104.8 106.4 106.3 107.1 108 108.7 111.8 114.3 110.6 111.6 112.4 112.7 113.9 125.5 128 129.4 130.8 130.3 128.4 130.4 133.8 135.3 134.3 131 124.4 129.7 137.8 144.9 150.9 156.2 158.1 159.1 159.4 159.2 156.6 157.5 164.1 166.9 167.7 169.8 172.2 174 175.8 178 180
101.3 101.9 103 100.4 96.5 96.3 96.4 96.7 92.3 95.3 101.3 100.5 96.7 95.3 96.9 103.7 105 106 107 106.5 104.9 101.2 100.8 101.1 101.4 101.6 101.6 100.5 106.1 109.2 111.5 114.2 115 107.5 105.8 106.2 107.6 108.6 107.8 110.1 110 110.9 111.6 111.8 112.2 117 124 125.5 127.7 129.1 129.6 129.9 130 132.8 134.9 134.4 132.7 126 128.4 135.3 143.1 150.3 155.6 159.1 160.5 160.9 160.7 159.2 156.6 160.4 165.4 167.4 169.1 171.4 173.1 174.9 177 178.8
102.9 102.4 103.9 103.2 98.3 96.9 96.5 96 93.1 96.6 101.3 103.9 99.2 96.7 95.3 101.4 103.8 104.7 105.5 105.3 104.2 100.4 100.6 101 101.4 101.2 98.9 99.8 105.7 108.2 110.9 113 114 118.7 113.7 105.9 108 108.4 109.3 109.4 109.7 110.6 111.6 111.9 112.4 119.7 121.9 122.8 124.5 124.9 126.6 127.4 129.3 130.7 132.5 133 133 129.1 127.2 132.8 139.5 146.9 154.1 158.9 160.8 161.9 161.7 160.6 157.8 156.2 160.8 166.5 167.9 169.6 171.8 173.6 175.3 177
