Assets/StreamingAssets/GeoData/Data/ny/NY63.asc
ncols 200
nrows 200
xllcorner 360000
yllcorner 530000
cellsize 50
[rows 35 to 69 of 200, columns 78 to 155 of 200]
593 595.4 601.8 605.9 607.5 610.9 612.7 614.1 617.8 621.8 628.6 641.2 648.6 654.1 663.6 672 674.4 677.4 681 683.7 685.3 688.7 691.9 695 698.8 700.4 698.5 694.4 691.1 687.5 684.1 680.7 677.9 675.1 672.2 669.8 667.1 662.4 652.7 644.6 639.3 635.3 630 627 624.5 622 619.8 615.9 611.2 606 600.8 594.8 588.3 583.9 577.9 575 572.1 570 567.9 565.8 563.5 561.6 559.1 556.2 552.4 551.6 550.3 550.1 548.8 548.1 546.8 541.1 546.4 549.3 550.6 552.1 553.2 554.4
588.8 586.6 591.6 595.4 597 597.4 596.3 594.4 596.6 598.4 606.9 623.3 638.6 649.7 658.2 663 674.7 678.5 681.1 685 687.5 690.1 694.1 696.9 701.5 704.1 701.5 697.7 694.4 690.2 686.7 683.7 680.8 677.8 675 671.3 667.6 662.8 652.5 644.1 639.6 634.9 630.8 626.8 624.5 622.1 619.3 615.8 611.5 607 602 596.8 591.9 588.5 583.5 579.4 575.9 573.6 571.1 568.4 567 564.2 561 558.5 557.4 555.7 553.2 552.7 552.6 551.7 550 544.9 550.4 552 552.9 554.4 555.1 557.3
572.8 575.5 575.3 575.9 576.9 577.4 577.5 579 582.1 585.4 592.1 601.3 614.8 629.8 652.9 661 671.5 680.6 682.2 684.9 688.3 691.1 694.9 698.8 703.8 706.8 705.5 701.5 698.8 692 688.7 685.7 683.5 680.9 677 672.9 668.1 662.4 651.3 646 641 635.6 630.7 627.5 625.1 622.5 619.9 616.6 612 608.4 603.7 599.2 595.6 592.1 587.7 582.6 580.3 576.3 574.4 572 569.8 566.8 563.4 561.3 560.3 557.3 556.1 556.6 555.6 554.8 552.5 549.7 552.8 554.5 554.7 556.9 559 560.6
541.2 548.3 550.3 551.6 555.4 559.6 564.3 569.7 574.4 577.2 583.1 590.5 598.1 609.2 631.2 653.1 663.6 674.6 682.5 684.7 687.9 691.4 694.8 698.4 704.9 708.6 708.6 704.6 700.4 693.7 689.9 687.3 685.5 682.5 678.5 674.2 669.6 661.9 652.3 647.9 641.7 635.7 630.8 627.9 625.1 622.6 620.5 617.5 613.9 610.1 606.6 602 598.9 594.9 590.2 586.2 583.2 580.1 577.9 575.5 572.3 569.5 567.1 564.2 562.2 560.8 560.2 559 557.8 556.8 554.8 553.5 556.2 556.8 557.7 559.1 562.9 564.6
516.6 523.2 526.9 531 535.5 545.4 551.4 559.9 563.8 565.9 572.7 578.1 585.8 596 607.3 627.8 648.6 665.3 676 683.7 686.3 689.8 692.4 696.6 703.3 709 709.8 706.2 701.5 694.9 690.7 688.1 686.3 683.4 679.6 675.1 669.8 662.4 654.3 648 643.1 636.7 631.8 628.6 625.4 623.5 621.2 618.8 616.9 613.9 610 606.4 603.2 597.8 593.2 589.4 586.5 584.4 581.1 578.2 574.7 572.5 569.5 566.8 564.9 564.1 563 561.6 560.5 558.2 557.3 557.4 558.1 560.6 561.3 563.4 566.4 568.5
495 501.8 505.8 509.3 515.5 524.2 532.3 542.8 544.9 548.4 553.1 562.1 571.1 582.8 593.6 604.1 620.2 641.3 664.7 675.9 683.5 686.4 689.4 692.9 699.6 707.4 709.8 706.7 702.4 695.6 691.9 688.5 686.3 683.9 680.3 675 670.2 662.7 656.9 650 643.3 637.7 632.9 629.6 626.1 623.6 621.3 620.6 619.9 617.9 613.1 609 605.2 600.5 595.8 592.7 590.6 587.8 584.9 580.4 577.8 574.9 572 570.1 567.2 567.3 565.5 563.6 561.4 561.4 557.6 561.4 563 564.5 566.1 567.9 570.2 571.6
477.2 484.9 488.6 493.6 498.9 505.7 514.2 521.2 524.7 530 535.4 543.3 553.3 563.6 574.5 585.3 598.8 617.5 644.8 665.5 678.4 681.6 684.9 688.3 694.8 704.1 707.4 706.2 703.1 696 692.4 688.9 686.4 683.7 680 675.8 671.1 665.1 658.3 651.9 644 638.3 634.2 630.5 627 624.4 622.9 621.9 621.6 619.2 616 611.2 605.7 602.2 598.2 596 593.5 591 587.2 585.2 581.8 577.5 575.5 573.3 571.3 569.7 568.2 567.1 565.5 564.2 564.4 566 567.3 568.6 570 572.1 574.3 575.7
464.9 470.9 475.9 480.4 486.4 490.1 496.4 503.3 508.6 513.9 521 528.6 538.6 550.1 561.2 570.4 582.5 598.8 618.9 647.6 666.7 676.4 680 683.5 689.6 697.5 703.8 704.4 702 696.1 692.3 689.1 686.1 683.2 679.5 676 671.8 665.8 658.6 652.4 645.6 639.7 635.3 630.4 627.2 625.1 624.1 623.8 621.5 620.4 615.8 610.6 608.1 605.9 602 599.3 596.2 592.9 591.1 588 585 581 578.9 575.8 574.8 571.9 571.5 570.8 568.6 565 568.1 570.6 571.6 573 574.9 576.8 578.4 579.6
455.2 461.2 466.3 471 476.4 479.8 485.1 488.7 494.9 501 509.2 515.7 525.5 536.9 549.2 558.9 569.9 583.3 600.9 622.8 655.2 670.6 675 680.1 683.4 688.9 696.1 699.8 700 695.7 690.4 689 686 682.3 678.4 676 672.1 666.7 660.8 654.6 647.4 642.7 636.4 631.4 627.8 627.9 626.4 624.9 623.2 620.5 617.8 614.1 613.3 610.3 606.3 601.4 598.6 597 595.2 592.4 589.3 585 582.3 580.2 577.1 574.9 575.8 573.4 572.5 566.4 571.7 573.5 575.4 577.5 579.8 581.4 582.3 583.4
445.3 451.1 456.6 460.6 465.2 469.2 472.6 476 483.5 489.3 498.3 505.9 514.8 524 534.3 546.1 558.8 571 587.4 606 637.8 658 668 674.2 678.6 682.4 686.9 691.4 698.1 695.3 688.4 686.6 684.5 679.6 676.4 675.7 671.5 667.5 663.3 655.5 648.5 643.5 637.2 633.3 632.9 631.5 630.1 627.4 625.6 623.4 621.7 621.5 619.4 616.6 611.1 606.3 604.3 602.6 600.4 596.5 593.7 590.1 586.6 582.5 579.8 580.3 579.2 575.6 575.8 573.3 574.3 576.8 579.2 581.4 583.8 585.5 585.8 586.6
438.6 441.8 447.4 449.6 453.7 457.7 458.3 467.7 473.9 479.6 486.5 493.2 501.4 511 522.3 533.9 548.2 561.2 574.3 593.4 617.6 651.1 664.6 669.9 674.4 676.1 679.8 685.4 694.3 695.2 686.1 684.1 683.2 676.4 675.1 673.1 670.7 666.6 664 658.5 649.9 644.1 638.6 637.7 637.9 636.9 635.5 632.7 630.1 627.9 627.2 627.8 625.7 622.2 618.1 612.4 610.2 610.1 607 601.3 598.4 594.8 590.4 587.6 585.4 583.7 580.6 578 579.2 577 574 579.2 582.8 585.7 587.9 589.4 589 589.2
431.2 436.7 438.9 439.7 440.1 446.6 451.5 459.8 464.5 469.3 476.2 483.8 492.6 501.8 511.8 524.6 536.5 549.9 564.5 583.9 606 641.6 658.7 663.7 669 670.6 674.5 680.2 687.1 693 687.1 682.5 681.5 675.4 672 672 669 666.7 665.6 662 652.9 648.5 645.3 644.5 644.5 644.3 643.3 639.6 636.4 633.8 634.2 634.5 631.2 627.6 622.1 619.4 617 614.2 612.4 607.2 604.2 600.8 595.4 591.9 588.6 586.2 583.5 580.8 582.9 581 577.6 583.2 585.1 589.7 591.1 591.6 591.9 592.1
424 427.1 430.1 427.9 431 433.4 446.8 449.2 453.9 458.9 467 475.1 481.8 492.6 505.6 516.1 528.2 541.7 557.9 575.4 597 630.9 652 659.8 663.3 666.8 669.1 673 679.8 689.6 687.3 680.4 679.9 676.4 670.1 672.3 667.6 667 664.9 663.8 658.5 656.6 653.5 652.1 651.8 653.6 649.3 645 642 641.6 643.3 642.7 639.7 634.6 630.4 626 622.3 618.7 616.3 612.6 608.5 604.2 599.9 596.1 591.1 589.4 587.8 585.4 586.2 585.4 582.3 586.9 590 592.1 593.2 594 594.7 595.1
413.8 417 418 415.4 423.9 437.1 442.1 441.1 440.4 450 457.1 462.8 474.4 487.5 501.7 511.7 522.2 535.4 551.1 569.2 591.1 618.5 646.8 655.3 658.9 662.6 662.9 665.1 671.5 679.9 684.3 678.2 677 674.5 669.7 671.5 667.8 667.2 666.3 664.7 665 663.5 661.7 660 659.7 657.8 654.3 649.4 647.1 649.7 650 649.2 646.3 642.6 637.4 631.7 628.9 624.5 619.8 614.8 611.9 607.8 603.5 598.6 595.5 592.7 591.4 589.2 589.7 589.3 585.3 591.1 593.9 595.1 596 597 597.6 598
405.4 412.7 410.6 401.9 423.8 435.1 432.8 426.2 433.2 437.5 445.1 461.9 476.3 488.5 498.9 506.8 515.9 528.2 544.5 563.2 583.1 607 636.6 649.5 653.2 656.7 658.2 659 663.1 670.1 678.7 676.6 672.3 673.1 669.2 671.4 666.7 667.3 668.1 665.3 666 666.3 665.3 664.3 662.9 660.6 656.5 652.7 652.6 654.2 653.2 651.3 649.2 647.6 644.6 639.3 633.8 629.6 623 617.5 615.4 611.3 607.2 602.4 600 598 594.3 594.2 594.4 593.9 589.7 595.6 597.7 598.5 599.3 600 600.6 601.2
398.5 412.5 397.7 399.4 423.2 426.7 419.5 417 422.9 429.8 443.2 459.3 474.3 485.3 493.7 502.9 510.9 522.2 538.2 554.1 571.9 597.5 631.2 644.2 651.1 653.3 654.5 654.2 655.1 660.2 668.7 673.3 668.4 669.1 668.2 671 666.9 667.7 669.3 665.7 665.5 666.4 665.7 665.1 664.2 661.8 659 655.6 655.8 655.5 654.4 651.9 650.8 649.9 648 644.3 639.3 632.7 627.1 622.6 619.4 615.2 611.3 607.3 605.2 601.3 599.9 599.1 599.3 598.9 594.5 598.7 601.2 601.9 602.5 603.4 604 604.4
390.4 395.2 380.8 401.3 416.3 410.4 403.4 414 424.2 438.5 451.1 463.7 474.1 483.5 490.6 497.8 507.8 517.3 531.1 546.7 571.4 594.3 627.2 643.5 649.5 649 648.8 648.8 648.7 650.1 656.5 666.6 664.7 663.8 667.5 669.1 666.5 667.1 669.4 667.3 666 666.1 665.4 665.4 664.8 662.5 659.7 657.7 656.8 656.1 654.7 653 652.3 651.8 649.9 647.6 643.5 636.5 632.1 628.5 624 619.5 615.8 612.1 609 606 604.6 605.1 605 602.4 600.1 603.2 604.4 604.5 605.8 606.7 607.3 607.7
371.7 371.1 380.4 399.4 394.6 398.5 413.9 427.6 436.9 448.6 460.2 466.4 473.9 481.2 487.8 494.1 503.2 511.7 525.7 545.8 568.5 588.8 617.4 638.7 645.2 644.1 642.3 642.3 642.2 642.4 646.6 656 661.5 659.1 664.2 666.2 665.3 665.9 668 665.4 664.8 664.8 666.2 666.9 665.9 663.1 660.5 658.8 657.8 656.9 655.3 654.5 653.9 653.1 651.5 649.7 646.7 640.6 636.1 632.2 628.1 624.3 620 615.2 613.6 611.3 611.5 611.1 609 604.6 605.5 607.6 607.6 607.6 609 610 610.7 610.6
357.2 364.1 369.1 377.8 393 417.5 432.3 440.1 446.1 454.2 462.6 467.6 473.2 479.3 484.1 490.6 497.4 507.2 521.8 541.9 564.7 583.5 607.4 631.5 638.6 638.7 636.7 635.3 634.7 634.6 637.5 644.6 653.9 652.2 654.3 658 661.3 663.9 664.9 663.3 663.7 663.9 666.4 668.1 666.3 664.1 662.4 660.4 659.1 658.2 657.1 656 655 653.8 652.8 651.7 648.6 644.1 640 636.5 633.1 629.5 626.2 622.1 619.8 618.4 618.3 616.4 612.9 604.3 612.2 611.3 611.6 612.2 613 613.6 614.6 614.6
371.3 382.4 395 406.9 419.8 432.8 441.2 446.5 449.6 455.4 460.9 465.6 469.2 474.5 479.5 486.9 493.3 502 517.8 539 560.4 574.6 594.4 620.2 629.4 630 627.6 627 626.9 627 625.9 633.6 643.1 646 645.2 650 655.5 663.2 663.9 662.8 661.3 661.4 664.5 667.9 666.7 664.8 662.9 662.7 660.8 659.8 658.8 657.5 656.1 654.7 654.4 653 650.4 646.9 643.6 641.5 638.3 635.4 632.8 629.5 627.7 626.6 624.1 619.8 614.9 614.4 615.8 615.1 616.2 617 617 617.7 618.8 619.1
378.1 389.2 398.7 409 420.8 433.9 443.4 448 448.4 450.4 454.9 459.5 464.3 469.5 476.8 482.9 490 499.7 515.4 536.7 555.9 568.8 581.4 597.8 615.2 619 617.1 617.7 618 618.6 619.3 622.3 628.3 638 638.7 641.1 648 657.2 662.9 662.7 661.8 660 661.4 666.5 666.3 664.7 663.6 663.7 662.7 662 661 659.8 656.9 655.8 655.1 653.7 652.2 649.3 647.5 645.3 643.7 641.4 639.6 637.1 634.7 631.7 627.7 621.9 617.4 619.5 619 620 620.4 620.9 621 621 622 624.1
371.8 378.5 388 399.1 412.2 425.9 436.3 442.1 443 443.5 448.7 452.6 461.3 468.4 474.7 481.5 489.6 499.6 513.8 533.7 552.2 563.9 569.9 577.1 591.1 604.5 605.6 608.5 609.7 609.7 609.9 611.3 617.2 627 632.4 634.8 640.7 648 659.8 661.7 662.1 660.3 659.7 663.9 665.3 664.9 664.4 663.9 664.1 664.7 663.8 662.4 660 658.4 656.6 655.2 653.8 651.7 650.4 649.9 648.9 647.6 646.4 643.6 639.2 633.8 628.4 622.6 621.6 622.8 623.3 624.9 625.4 625.5 625.5 625.6 627 630.3
357.5 360.9 367.4 380.8 397.7 415.2 427 432.5 432.4 431.6 443.1 453 462.2 468.5 475.9 482.6 488.8 498.6 512.7 530.8 546.1 555 556.4 559.5 566.9 580.7 589.6 595.5 599.9 600.2 601.2 605 608 616 626.9 630.8 636.1 642.4 652.4 660.6 661.8 660.7 659.3 661.7 666.3 667.9 667.2 667.6 668.5 667.1 667 666.2 663.4 660.9 658.3 656.7 655.5 653.9 653.2 652.8 651.9 650.7 648 644.6 640.7 634.6 630.2 626.8 625.9 627.3 627.2 629.3 630.3 630.3 631.2 631.7 634.3 637.7
358.2 368.2 378.3 384.2 386.7 403.4 416.1 418.3 425.2 436.2 446.4 456.7 464.2 471.2 477.5 484.5 491 499.8 511.5 525.4 536.4 538.7 539.1 541.9 547.7 555.5 567.4 579.8 587.8 591 594.2 596.9 598.5 606.2 619 627.8 632.1 636.5 644.2 655.5 659.3 660.5 660.7 663.2 666.2 666.7 667.5 669.4 670.3 670.8 670.5 669.1 667.3 663.4 660.4 659 657.3 655.9 654.6 653.7 652.7 650.7 648.7 646.1 640.6 635.1 633.6 631.6 630.2 631.4 632.8 635 636.2 635.7 637.3 638.2 642.3 645.3
361.5 374.6 388.1 399 393.4 394.7 403.7 418.1 431.9 443.7 454.7 463.1 468.8 476.6 482.6 488.9 495.6 502.3 508.8 517.2 519.3 517.6 518.4 521.8 528.3 534.8 543.2 559.2 575 579.1 585.3 589 592.4 596.8 605.9 622.2 629 631.6 637.9 647.6 657.5 659.1 660.5 661.3 665.1 666.1 668.6 671.4 674.4 676.4 673.6 672 669.5 667.3 664 661.5 659.1 657.6 655.8 654.8 653.8 651.9 650.3 646.9 641.2 640.1 638.5 637.2 636.1 638.3 639.5 641.9 642.1 644.3 646.4 646.9 650.4 652.6
360.5 375.8 391 403.2 411.6 414.3 422.3 432.4 442.9 451.7 460.6 467.4 472.4 480.1 486.8 495.3 500.8 506.3 507.2 507.4 503.7 502.6 500.2 500.5 506.7 515.8 524.8 536.8 554.8 569.4 575.4 581 585 588.2 596.2 614.2 624.9 629.9 632.8 642 654.3 658.6 660 660.5 664.4 666.3 668.2 672.8 678.5 679.9 677.2 674.9 672.3 669.7 667 663.9 661.2 659.3 656.5 655.7 655.9 655.1 653.1 649.1 646.4 646.7 644.9 643.1 642.5 645.7 647.8 649.5 650 651.7 654.8 656.6 659 661.8
358.7 374.4 390.6 403.4 413.7 423.5 433.1 439.7 448.4 456 462.4 468.6 475.3 482.1 489.4 499.3 506.5 516.5 517.7 501.5 493.3 487.9 484.4 484.3 487.5 496.3 508.3 521.3 532.8 552.9 564.1 573.2 577 581.9 587.6 603 619.9 626.9 628.9 636.3 649.5 655.9 657.9 659.7 662.8 665.9 668 673.2 678.5 680.1 679.1 676.9 674.7 672 669.1 665.7 662.5 659.1 658.9 658.2 658.3 657.7 656.4 653.7 653.4 653.3 652.5 650.3 650.6 653.4 655.7 657.6 658.4 659.5 662.2 666.5 670 671.9
355.4 368.9 388 401.1 412.7 423.4 432.2 442.1 450.3 457.2 463.7 471.5 478.7 487.7 498 506.5 516.1 527.9 523.3 499 483 472.3 468.6 468.7 472.4 480.9 493 506.7 518 536.9 551.6 563.9 571 574.9 580.7 593.2 609.4 620.6 626 630.5 640.4 652.6 656.2 659 661.6 664.6 667.2 671.8 676.5 679.7 680.2 679.2 677.4 673.1 670.7 666.7 664.5 663.5 661.4 661.6 661.3 661 660.2 659.1 660.2 659.9 659.5 657.2 658.5 661.5 663.4 666.7 666.6 666.7 670.6 675.8 677.6 679.9
357.7 367.3 384.3 398.6 410.3 420.8 431.3 441.2 449.7 457.4 464.8 473.2 481.8 492.9 505.7 515.5 524.3 537.4 521 494.7 473.7 458.3 452.8 454.4 459.5 467.7 478.2 493.4 508.6 525.6 541.6 553.7 563.8 568.7 573.7 586.6 599.2 613.3 622.2 627 634.2 635.2 650.7 657.9 661 663.8 666.6 670.5 675.2 678.3 680.2 680.2 678.6 674.2 672.2 671.2 670.5 667.1 665.6 665 665.2 666 665.5 666.7 667.2 667.3 665.6 665 665.2 670.7 671.8 672.7 674.1 677.8 682.3 686.7 689.4 689
356.6 366.3 380.4 395.4 407.8 419.1 429.3 440 449.1 457 466.9 476 485.6 496.7 508.4 518 528.8 534 511.7 486.6 460.6 444.6 438 436.5 444.8 453.7 466.6 483.1 501.7 516 531.7 544.9 556.7 564.5 571.3 581.9 593.7 606.5 617 623.6 626.6 639.4 652.6 657.3 660.8 663.5 666.1 669.8 674.1 677.7 679.6 680.3 676.2 677.4 675.8 675.8 674.4 672.5 670.5 671.1 672.2 672.6 672.7 672.6 673.6 674.7 672.6 673.8 670.8 674.7 679.1 681.5 683.8 686.2 689.5 692.9 695.8 696.9
360.1 369.8 379.4 391.5 406.2 417.9 429.5 439.4 448.2 457 467.2 477.3 485.8 496.7 508.9 519.3 530 530.9 497.9 469 445.3 429.8 421.2 425.7 431 442.3 460.8 477.4 494.9 507.8 522.8 537.3 547.7 560.7 569.8 578.9 591 601.8 612.2 621.5 628.8 638.3 652 656.9 660.8 663.3 665.8 669.4 673.7 677.3 679.3 676.3 680.3 679.9 679.5 680.9 679.3 676.8 677.7 678.8 679 679.3 679.6 680 680.5 680.2 679.2 678.6 675.4 677.3 682.5 685.8 688.5 691.6 693.6 697.7 706.5 708.9
360.2 370.1 379.9 390.6 402.4 416.6 428 438.5 446.8 454.9 464 476.5 486.1 494.5 504.7 514.1 523.9 515.6 483.8 452.3 428.3 410.9 403.8 409.7 427 438.8 453.7 469.8 486.6 503.6 514.9 531.9 543.6 556.9 566.7 575.8 586.6 597.5 609.3 619.1 625.2 635.8 648.5 656.6 660.6 663 665.9 668.8 672.8 673.9 675.3 680.9 682.8 682.5 684.6 686.2 684.1 683.3 684.8 684.9 684.8 684.8 684.9 685.8 686 684.5 681.1 679.3 678.2 679.4 684.7 689.5 692.7 695.2 699.6 711.2 717.2 718
358.7 366.8 377.6 385.3 392.4 410.7 425.3 435.2 444.2 452.7 460.5 472 480.8 487.5 495 504.5 511.6 496 464.9 436 409.9 390.5 399.1 410.1 419.8 431.6 445.6 464.1 481.1 498.9 511 527.2 540.1 550.5 561.6 572.1 581.7 592.2 606 615.7 622.9 632.3 644.3 656 660.5 662.7 666 669.1 670 673.7 678.7 681.7 682.9 684.3 688.6 690.9 690 692.3 692.4 692 692 691.4 691.1 690.5 690 687.7 682.9 680 681.2 683.7 688.7 693.4 698.1 702.1 714.7 718.4 718.8 720.3
340.4 350.8 364.1 378.5 385.1 402 418.9 430.4 439.1 446.7 454.6 462.5 470.7 477.9 483.9 490.8 492.6 475.3 446.9 418.1 391.6 384.5 393.9 401.3 411.5 425.4 438.1 456.5 477.1 494.8 508.1 522.6 536.5 547.8 558.7 569.6 579.3 588.3 600.9 613.6 621.6 631 641.4 654.9 660.2 662.2 664.9 668.3 670.6 673.4 678.9 681.8 683.5 687.1 694.8 696.6 698.1 697.7 696.3 696 695.3 694.6 694.4 694.1 692.8 690.1 686.3 684.9 687.3 690.4 693.7 699.4 708.1 717.5 720.2 719.5 719.4 720.2
330.5 332.4 343.1 359.9 374.1 389.3 410 421.4 430.8 437.1 447.3 454.4 458.7 463.8 471.4 477.5 470.3 449.7 426 401.7 377.2 376.5 385.1 398.3 409.8 423.3 437.4 455.9 473.8 493.1 506.8 518.8 534.4 546 554.6 565.1 578.2 586.5 597.1 610 622.6 632.9 640 652.7 659 662 665.4 668.4 670.7 673.8 678.5 682.1 684.8 689.8 695.6 698 700.3 700.8 699.4 699.8 698.6 698.6 698.7 697.7 695.7 695.4 693.4 694 696.9 699.5 703.4 707.2 714.5 720.8 721 722 723.6 723.1
