Assets/StreamingAssets/GeoData/Data/ny/NY64.asc
ncols 200
nrows 200
xllcorner 360000
yllcorner 540000
cellsize 50
[rows 35 to 69 of 200, columns 78 to 155 of 200]
570.9 565 559.6 553.8 549.8 543.1 535.9 528.7 522.1 517.8 512.6 506.6 501.5 497.9 493.3 488.6 481.8 477.4 471.3 464.8 457.2 450.6 442.5 422.5 423.3 441.8 449.4 454.2 459.5 469.2 476.3 487.2 497.2 504.4 512 519.3 525.4 531.4 541 551 559.7 568 574.5 581.7 590.5 600.2 606.1 609.8 610 609 606.5 601.5 595.3 587.6 579.7 574.3 570.2 563.3 556.5 550.1 544.2 536.5 531 525 520.2 515.4 507.4 500.9 491.5 482.5 470.5 461.8 452.1 447.3 444.7 440.9 441.1 448.5
574.5 568.1 564 559.7 553.8 546.3 539.4 532.5 526.2 523 517.7 511.1 505.6 501.7 497.5 492.8 488.4 482.4 475.5 467.8 460.4 451.3 445.1 438 421.1 443.4 450.5 457.7 464.9 473.3 482.1 491.6 500.6 507.5 514.9 522 526.9 534.9 544.8 554.8 563.4 571 577.5 585.7 596 605.4 610.5 615.4 617.7 616.4 612.7 606.8 600.7 595.5 587.8 580.7 576.2 570.6 561.7 554.6 550.7 543.5 536.1 529.4 523.3 520 514.1 508.8 503.3 494.7 484 476.2 466.1 457.6 451.9 448.2 449.5 455.6
577.6 573 569.2 565.1 558.1 550.2 542.6 536.2 529.5 525.5 521 515.7 510.3 505.2 500.4 497.4 492.8 486.7 479.4 471 459.5 456.7 451.8 443.1 424.9 444.4 452.2 459.8 468 476 485.2 492.3 501.1 510.4 517.7 524.5 530.4 538.5 548.7 557.8 566.1 573.1 580.5 589.8 600.7 608.5 614.7 620.8 624 623 620.2 613.2 606.8 601.9 596.1 588.5 580.2 574.8 567.6 560.9 555.9 551.1 543.7 535.9 527.4 521.7 518.7 514.4 508 503.3 494.3 483.6 476.6 469.2 458.9 456.8 458.9 462.6
580.3 577.1 573.1 568.7 561.6 553.9 545.7 538.9 531.8 526.9 525.2 519.6 513.6 507 504 500.5 495.6 488.4 476.3 475.5 468.9 462.3 455.7 447.3 427.6 446.2 454.4 462.2 469.6 478.2 487.2 494.5 504.1 513 520.4 526.6 534 542.3 551.6 560.7 568.4 575.1 582.5 593.1 604.4 611.5 618 625.2 627.5 627.2 625.9 620.5 611.8 606.4 602.1 596.4 586.7 580.5 574.7 566.7 560.5 557 550.8 540.3 531.7 525.2 522.7 518.7 514.8 509.9 503.3 492.4 484.3 476.7 472.3 465.7 468.8 474.7
582.6 579 574.7 569.1 563.3 555.4 546.2 539.5 533.9 530.6 528.3 523.3 518 511.7 507.7 502.3 496.2 487.6 485.2 480.8 474.2 466.8 459.5 451.6 432.3 450.5 457.6 464.8 470.4 479.6 489.6 497 506.7 515 522.1 529.1 537.5 545.5 554.3 562.8 570.4 577.5 585 595.9 607.5 614.5 622.1 628.7 630.8 631.4 630.2 626.2 618.3 610.3 606.5 601.7 593.3 586.4 581.6 574.5 567.5 560.5 555.4 547.9 537.5 531.6 529.5 523.4 519.7 516.2 511.1 503.3 490.8 483.5 482.8 482 484.8 485.5
584.2 579.9 574.6 568.9 564.5 556.7 549.4 543.7 537.6 533.3 529.5 525.6 520.3 514.6 510 502.9 498.5 495.8 491 483.3 478.5 470.4 463.1 454.7 437 453.8 460.5 467.9 475 482.5 492.4 498.3 508.7 517.1 523.6 531 540.1 547.8 557.3 565.2 572.1 579.6 587.2 598.2 608.8 616 624.6 631.9 636.1 638.4 634.4 629.8 626.5 617.1 611 606.5 599.5 593.5 586.6 581.3 574.3 566.2 560 554 544.3 540.2 535.9 527.4 523.4 521.7 517.8 510.3 496.1 490.7 496.1 496.6 495 494.5
587 582.1 575.9 570.4 566.3 561.5 555.8 548.6 540.8 535.1 531.3 528.7 522.8 517.1 511.8 506.1 503.3 499.7 493.5 487.7 480.6 473.5 465.7 455.2 443.7 456.2 463.6 469.8 478.1 485.6 496.7 503 511 518.4 525.3 532.4 541.6 550.7 560.2 567.3 574.2 581.3 589.5 599.4 609.8 617.4 626.8 634.4 638.5 641.7 638.2 632.1 628.9 624.4 616.4 611.2 605.9 599.3 593 586.3 579.4 573.5 566.2 558.9 552 547.1 542.6 534.1 528 525 523.1 517.7 507.3 499.4 505.4 504.6 502.5 502
588.5 583.8 578 573.2 569.7 566.4 561.2 552.5 544.9 538.4 534.5 532.4 526.1 520.3 514.1 510 507.5 502.7 496.2 489.8 483.2 475.3 465.4 454.9 447.7 454.2 456.6 470.3 479.5 487.9 497.2 505.7 514.3 520.4 527.1 534.4 542.9 553.2 562.5 569.4 575.8 582.5 592 601.5 610.6 618.3 628.5 635.6 639.8 641.5 640.1 635.1 632.5 629 623.3 616.5 610.9 605.7 598.8 591.2 584.2 578 571.7 563.1 556.3 552.5 547.4 542 535.6 528.6 526.9 524.7 517.4 512.9 512.9 510.4 509.4 509.7
589.8 585.4 581.1 577.4 574.4 570.7 564.7 556.8 548.8 541.8 538.7 535 529.6 522.6 517.8 515.1 510.2 504.6 497.9 490.6 481.8 464.5 458.3 452 464.3 467.4 465.2 463.8 480 489.3 497.9 509.2 517 522.2 526.8 535.1 543.8 556.3 564.8 571.2 578 584.8 593.8 602.9 611.8 618.8 628.5 635.7 641.2 645 642.3 640.4 636.4 631.3 627.5 622.4 616.6 610.4 603.4 596.9 589.5 582.8 576.3 569.3 561.5 556.5 552.3 548 542.6 534.5 530.9 528.4 525.6 523 521.6 519 518.5 517.5
589.7 586.8 584.2 581.6 578.1 574.2 567.5 559.9 551.5 545 540.8 537.3 531.2 527 522.6 519.9 513.3 506.6 500.3 486.5 474 479.1 467.8 469.9 472.2 474 473.2 474.3 472 490 499.6 509.4 518 524.5 529.4 536.1 546.6 559.2 567 573.5 580.1 586.4 595.1 604.5 613.2 620.2 629 635.7 641.7 644.8 646.7 646.3 642.2 634.4 628.6 625.8 622.2 614.8 608.3 602.2 594.1 587.4 580.7 575.6 566.7 559.6 555.3 551.6 547.7 541.8 534.9 533.1 532.1 529.6 528.7 526.5 524.3 521.6
589.3 588.5 586.5 583.9 580 576.2 568.8 563.2 555.2 549.5 544.7 539.6 535.9 531 527.7 523.3 515.1 505 493.5 495.2 492 480.2 481.9 479.9 479.8 480.2 478.4 483 480.5 485.2 500.4 511 520 526.4 530.7 538.3 550.6 561.2 567.8 574.4 581.3 587.4 597.3 607.1 614.9 621.9 630.1 636.5 642.2 643.8 646.6 649.6 648.3 640.3 632.4 628.4 624.8 618.9 611.8 605.9 598.6 589.9 583.1 578.5 570.7 563.1 556.4 553.7 550.9 547.2 541.1 537.4 537.4 535.4 533.4 530.7 528.7 526.7
587.9 588 587.5 585.4 581.4 578.5 574.1 566.9 559.2 553.6 547.6 544.3 540.4 535.2 529.6 523.4 514.6 510.4 504.9 502.7 496.2 490.6 490.3 486.3 488.2 487.2 485.8 489.8 493.2 488.8 495.7 512.6 522.3 529.6 533.5 540.8 553.5 562.1 568.7 575.2 582.1 589.2 598.4 609.2 617.1 624.1 630.6 637.2 642.6 645.4 648.6 654.8 652 643.7 638.2 633 627 621.3 614.6 608.1 601.1 592.4 584.8 580 575.2 567.3 558.8 555.4 554.6 552 548.3 543.9 542.4 540.2 538.2 535.9 532.6 530.3
587.6 587.7 586.9 586.5 583.1 582.1 577.4 570.1 563.4 557.1 552.5 548.7 543.3 536.2 531.6 525.2 519.1 511.9 510.8 507.3 498.6 500.4 496.8 492.5 496.1 494.8 493.3 497.3 502.1 504.2 499.2 513.1 524.5 531.7 537.8 544 556.5 564.7 570.6 576.8 583.6 591.1 599.9 610.8 619.1 625.2 631.7 637.7 642.8 645.7 650.1 656.8 654.1 648 642.7 638.3 630.5 623.5 616.9 610.5 604.3 594.9 586.9 580.9 576.3 570 563.8 559.7 556.9 553.9 551.8 549.4 546 543.5 541.5 538.6 535.2 532.2
587.7 587.7 587.1 585.7 584.6 584.1 580.1 574.5 567.6 562.3 557.5 551.9 543 541.2 534 525.9 519.3 519.5 515.1 511.8 506.6 509.8 507.7 500.7 504.5 504.1 502.9 506.7 512.4 514 514.9 516.3 523 533.7 540.3 549.1 560 567 572.9 579.6 586.8 593.9 602.1 612 620.5 626.2 632.7 637.9 642.9 645.6 650.5 656.3 655.2 651.5 644.4 639.6 632.5 624.7 620.5 613.1 606.4 597.5 589.5 582.5 577.2 573 569.8 563.3 558.9 556.7 554.4 552.2 549 545.7 543.7 540.2 535.4 529
587.6 588 586.6 586.4 585.3 586 583.4 578 571.8 566.5 560 553.7 548.2 543.7 534.5 530.4 526.9 525.7 520.9 518.1 516.4 517.5 516.5 514.5 514.5 514.8 515.7 519.3 522.7 525.2 526 530 526.7 535.6 543.6 554.1 563.1 569.1 576.1 582.6 589.3 596.9 605.7 614.1 620.6 627.2 632.4 637.4 642.4 646.1 649.7 656.1 655.1 653 646.4 640.2 632.5 625.4 622.1 614.8 608.1 599.8 591.3 584.2 578.7 575.5 572.1 566.8 561.4 558.9 556.3 553.4 550 546.9 544.3 537.9 527.8 519.7
588.3 587.7 587.5 587.1 587.1 587.6 585.7 580.6 574.7 568.6 562.5 556 551.5 546.1 542.1 533.9 534.8 532.2 529 526 525.4 525.1 524.7 523.4 525.6 529 528.4 530.6 532.4 534.6 536 538.8 541 541.5 545.2 555.5 566.3 572.3 578.6 584.6 591.7 599.6 608 615.6 621.3 627 632.9 637.1 642.2 645.7 648.8 655.3 655.7 653.4 646.8 640.3 631.6 626.1 621.6 613.5 606.3 598.9 592.1 586.8 581.2 578.6 574.5 569.4 563.2 559.9 557.1 553.9 549.9 546.7 540.3 527.5 518.8 511.3
588.1 587.9 589.9 589.6 590.7 588.9 586.1 581.6 578.1 571.6 565.6 559.6 555.7 552.1 547.7 544 542.3 539.1 537.3 534.6 533.1 532.8 533.3 534.3 535.8 536.2 537.6 538.9 540.4 543 546.3 549.5 553.1 551.8 561.1 566.3 571.3 577.4 582.1 587.7 594.7 603.2 610.4 616.2 621.7 627.6 633.1 637.5 642.7 645.5 646.3 649.9 651.4 648.6 643.9 637.7 629.1 624.5 617.3 610.5 602.6 596.5 591.3 587.3 582.4 578.8 574.6 569.4 563.6 558.8 556 551.9 547.9 539.1 527.6 518.7 510.6 503.8
585.9 588.8 590.4 592.3 592 590.2 588.4 584.8 579.8 574.7 569.6 564.7 561.6 558.5 552.8 551 549 546.2 544.6 541.6 540.4 541.6 541.7 541.8 542.8 543.1 543.6 547.5 549.8 552.7 556.7 559 562.1 563.5 569.4 573.4 576.8 580.4 584.6 590.5 597.1 604.4 612 617.1 622.6 627.1 633 637.2 642.6 644.7 644.5 644.6 643.5 641 637.4 632.4 624.7 619.9 612.9 605.7 599.8 594.4 589.6 585.4 581.8 576.5 571.9 567.3 561.8 557.3 553.1 548.7 538.1 527.2 518.6 511.1 504 497
581.8 585 590 594.1 595.4 593.3 590.2 587.2 582.3 578.9 575.2 570.9 567.8 563 555.7 557.2 554.9 552.3 550.8 547.9 547.3 548.5 546.8 547 547.3 548.7 551.4 555.2 558.6 560.8 564.4 567.2 569.5 572.1 574.6 578.9 581.7 584.5 588.7 595 600.8 606.9 613.1 618 622.1 626.9 632.5 635 639.1 640.4 639.6 638.6 636.5 633.6 630.3 626.3 620.4 613.8 607 601 596.2 591 587.3 582.5 578.6 573.9 569.5 564.5 559.4 554.1 547.4 536.6 526.5 518.2 510.7 504.8 499.4 493.5
576.6 581.6 590.7 596.2 598.4 595.1 592.1 589.2 586.8 583 578.3 575.6 573.2 567.5 562.8 562.9 560.9 558.9 556.1 554.5 554.5 554.3 551.8 552.3 552.7 556.1 560.6 562.3 565.5 568.3 571.2 573.4 575.8 578.2 581 584.3 587 589.1 593.3 598.7 604.2 609.6 615 619.1 623 626.9 630.8 632.8 633.4 634 633.1 631.2 628.6 625.8 623.1 619.1 613.6 606.8 601.9 596.6 592.4 588.1 583.2 578.9 574.3 569.6 565.2 560.9 554.7 545.1 535.7 526.7 518.5 511.6 505.9 500.9 495.1 489
575.7 581 590.2 597.4 599.7 596.7 594.8 591.9 589.1 585.5 581.1 580.1 577.9 573.1 570.2 568 565.7 564.4 562.4 560.6 561.3 560.4 558 559.3 560 564 568.5 570.6 572.8 575.3 577.5 580.3 582.3 585.7 587.6 588.9 591.4 594 597.5 603.3 608 612.3 617.1 620 622.9 624.3 627 628.5 629.2 628.3 626.7 624 620.9 618.5 614 610 605.5 601 596.4 592.4 587 582.7 577.9 573.8 569.6 564.7 558.7 550.2 541.4 533.5 525.8 518.5 512.4 507.5 502.1 495.9 489.9 483.7
576.3 581.8 588.9 596.1 599.4 597.7 596.3 594.2 591.2 588.2 584.3 583.2 581.7 579.3 574.5 571.4 569.9 569.5 567.8 566 567.6 566.1 563.9 566.1 568.6 572.6 575.3 577.5 579 581.7 584.7 587.2 589.1 591.3 593.6 594.5 596.8 600.5 604.4 608.2 610.7 614.7 619 621.5 622.3 623 623.4 623.8 623.5 621.5 617.9 614.7 612.4 610.4 607 604 600.3 596.2 590 584.7 580.1 576.2 572.5 568.5 563 553.4 544.5 537.8 530.9 524.2 518.2 512.2 506.7 503.2 495.8 489.8 484 477.7
576.4 583.4 589.7 592.5 594.8 596 596.7 594.7 592.6 590.3 586.7 585.6 584.6 583.4 578 575.5 575.3 574.3 573.9 572.1 572.7 570 569.1 571.5 575.9 580.1 581.6 583 584.7 589.1 591.5 593.5 595.4 596.8 598.2 600.3 603.8 606.9 610.4 612.2 613.8 617.1 620.1 622.1 621.5 620.8 618.9 618 616.5 614.1 611.4 609 606.7 604.2 601 597.4 592.5 587 581.1 577.3 573.8 569.3 566.1 557.6 548.5 540.8 534.9 529.7 523.1 518.5 514.1 509.5 504 497.7 489.8 481.8 475.7 470.4
574.5 580.7 586.7 589.3 592.6 595.9 597.8 596 593.7 591.1 588.2 586.7 585.7 586.2 582.1 579.9 580.2 580.7 579.7 577.3 576.1 575.5 576 579 584.4 586.3 586.9 589.3 592.5 595.1 597.8 599.9 601.5 603.1 604.5 608.5 611.5 614.2 615.2 616.2 617.3 619.6 621.7 621.4 619.1 616.8 614.3 611.7 610.4 608.4 605.7 603.5 600.2 597 593.4 588.5 583.4 578.1 573.8 569.9 566.5 559.3 551 544 537.5 530.8 525.8 521.8 518.7 514.5 510 504.2 498.7 492 485 477.3 469.6 462.4
571.8 578.2 584.8 589 593.1 597.9 598.4 596.1 594.9 592.1 590.4 588.6 588.1 589.5 588.3 584.8 584.6 584.2 583.1 582.2 580.7 582.6 585.7 586.9 589.3 591.2 591.7 594.9 599.3 600.9 603.7 605.8 608 610.5 613.4 615.4 617.1 618.6 619.2 620.2 620.6 621.2 620.4 618.1 614.8 611.9 609.3 607.4 605.7 603.5 600.2 596.3 592.3 588.6 584.8 580.1 575.3 570.8 565.4 557.9 551.6 544.1 538.1 533.8 528.2 523.2 519.4 516.8 513.2 509.3 504.2 498.3 491.4 485.5 476.7 468.5 461.4 454.6
571.1 576.8 583.9 587.6 589.5 591.4 594.8 596.6 596.6 597.2 593.7 591.9 592.2 592.3 593.1 591.2 589.9 587.1 585.7 586.2 587.8 589.9 589.8 591 593.2 594.3 596 599.3 604.2 606.2 608.5 611.5 615.1 618.2 620.2 621.1 621.4 622.9 624.4 623.8 622.3 620.7 617.6 614.5 611.6 608.9 605.8 602.8 599.9 595.9 591.7 587.8 583.8 580.1 574.5 568.4 561.7 555.2 548.6 542.4 537.9 533.7 529 524.8 521.8 518.2 514.6 511 507 502.9 495.7 490.5 484.8 475.9 468.4 462.1 456.2 447.8
567.6 573.9 580.4 584.5 588.1 592.8 595.3 596.9 599.3 600.1 596.7 595.1 594.1 595.5 595.7 595.4 593.5 590 588.2 591.2 593.9 593.5 593.6 593.9 596.6 597.9 598.8 602.8 607.5 609.8 614.4 618.5 622.2 624.1 625.4 626.8 627.1 627.3 626.6 624.5 621.8 618.6 615.3 612.2 609.5 605.7 601.5 597.6 591.6 587.7 583.3 578.7 572.7 566 558.5 551.9 546.7 541.8 537 532.9 530.1 525 521.5 518.1 514.7 511 507.7 504.1 498.4 493 488 480.9 474.8 468.7 463.2 456.1 448.1 440.7
563.7 569.6 574.6 578.9 584.2 589.6 594.6 598 599.8 599.7 598.3 597.8 597.7 596.9 597.7 597.8 596.9 594 592.3 594.9 597.1 597.3 597.4 598.6 600.5 601.5 603.8 607.3 611.3 614.9 620.5 624.7 627.1 628.5 628.9 630.9 632.3 629.7 626.7 623.2 620 616.8 614 610.3 606.3 600.3 595.1 589.7 583.6 578.5 570.9 563.4 557.4 551.2 546.1 541.9 536.7 532.5 528.3 524.2 521.4 517.2 514.8 511.6 507.7 503.9 499.9 496.4 490.5 483.9 478.1 472.9 467.4 462 456.4 450.6 443.4 436.7
559.8 564.8 570.6 575.7 580.2 585.7 590.9 593.8 596.4 598.7 599.5 600.7 600.2 598.9 599 599.2 598.4 598.8 599 599.9 600.5 601.1 601.5 603.2 605 605.4 609.1 613.1 615.5 619.8 625.3 628.5 630.7 631.4 632.1 633.3 633.6 629.7 624.7 621 618.1 615.7 612.3 607.1 599.7 592.7 586 579.4 572.6 564 557.6 552.4 547.5 541.6 535.9 531.7 526.5 522.7 520.3 517.2 513.2 509.8 507 503.7 499.2 495 491.6 486.3 481 476.2 470.9 465.9 460.2 454.1 450.6 445 438.3 432.4
556.9 560.1 565.6 572 578 582.6 588.1 592.9 596.8 599.4 600.4 600.9 600.5 599.2 598.7 599.1 600.2 602.1 602.8 603.3 603.9 604.4 604.5 606.1 608.5 609.7 613.8 618.5 620.9 624.2 628.7 631.8 633.5 634.3 634.9 635.3 632 627.7 622.7 620.3 617 613.8 608.2 599.6 591.8 583.9 576.2 567.4 560.9 553.6 546.9 540.4 535.5 531.5 526.2 523.6 519 516.5 513.1 509.3 505.8 502.5 499.8 495.1 491.4 488.5 483.3 478.3 474.3 469 462.9 456.9 452.1 447.3 444.1 438.5 432.2 427.7
550.2 555.8 560.9 566.6 572.1 577.3 583.5 589.4 594.2 596.4 597.8 599.3 599.4 598.2 598.4 599.9 601.9 604.7 605.3 605.5 606.3 607.3 607 609.9 612.4 614.5 618.5 623.1 625.9 627.8 631.7 634.1 635.2 636.6 635.7 631.9 628.9 625 622.1 618.9 615 609 599.9 591.6 583.1 574.9 565.8 558.9 551.2 543.9 536.4 530.1 525.4 522.3 518.2 514 511.7 508.7 504.6 502.4 498.8 496 491.6 488.1 483.9 479.5 475.6 471 466.1 461 456 451.2 446.1 442.3 437.3 433.4 428.8 424.9
546.4 551.9 556.7 561.4 565.9 571.8 577.8 583.1 586.8 589.1 591.7 594.5 596 597.6 598.1 599.3 602.4 606.1 607.9 608.7 609.4 609.3 609.5 613 616.7 619.4 622.4 625.8 627.8 630.3 632.9 636.1 638 636.8 633.1 630.2 627.6 624.3 620.1 615.5 609.7 602.5 592.9 583.1 574 565.6 558.9 551.5 543 535.1 526 519.8 514.6 512.2 510.6 508.6 505.6 502.1 498.6 495 490.9 487.9 483.3 479.4 476.6 472.2 467 463.4 459.2 454.6 449.5 444.3 440.3 436.9 432.8 428.1 424.6 420.4
542.1 549.2 554.4 558.8 562 566.5 572.3 577.5 581.8 585.3 587.8 589.4 591.2 594.7 597.3 599.6 602.4 606 609.1 610.2 610.7 611.2 612.8 616.5 620.1 623.9 626.9 628.4 629.3 631.4 633.2 635 634.7 632.8 631.3 629.1 626 622 617.2 611 603.8 595 585 575.4 566.4 560.6 552.6 543.7 532.7 524.5 517.6 512.6 506.3 503.4 502.1 500.3 497.4 495 491.4 487.9 484 480.6 476.6 471.8 469.8 465.3 461 457.6 453 447.1 443.5 439.3 436 432.6 427.7 421.7 417.5 412.8
538.5 546.2 552.4 556.6 560.4 563.5 568.2 573 577.3 580.5 584 586.4 587.4 590.9 595.6 599.6 602.6 605.4 607.6 610.5 612 613.3 615.6 619.3 623.2 626.8 629 629.5 630.6 631.2 631.9 632 631.3 630.8 629.5 626.9 624.1 619 611.9 604.8 596.2 587 577.4 569.1 562.2 555 546.1 537.1 525.7 518 512.4 506.1 500.7 497.4 495 493 491.3 488.6 485.4 481.9 478.1 474.4 469.5 465.6 462.6 458.5 455 451.2 447.9 443.8 439.8 434.9 430.5 425.8 418.4 412.3 409.6 407.4
536.6 544.6 550.4 554.6 559 562 565.5 569.1 572.7 575.4 578.1 583 585.9 588.7 593.3 596.9 600.5 603.4 605.9 609.2 612.8 614.7 617.5 620.9 624.6 628.6 630.6 631.2 631.8 631.1 630.3 629.9 630 628.9 626.9 624.1 620.6 612.1 604.6 596.3 587.6 579 571.1 564.1 557 548.5 540.5 531.1 520.2 512.4 507.4 501 495.9 491.7 489.2 487.1 485.4 482.3 478.8 474.5 471.4 466.2 462.2 460 457.3 452.8 448.8 446.3 443.1 439.3 434.5 428.7 421.5 415.4 409.9 407.4 405.5 403.9
