Assets/StreamingAssets/GeoData/Data/ny/NY65.asc
ncols 200
nrows 200
xllcorner 360000
yllcorner 550000
cellsize 50
[rows 0 to 34 of 200, columns 78 to 155 of 200]
218.4 217.2 216.4 215.3 214.1 213.9 214.5 216.3 214.3 211 209.2 207.7 205.5 202 193.6 202.2 205.4 206.9 206.1 205.5 204.8 202.3 195.7 177.7 183.9 181.9 180 177.6 173.6 169.9 165.1 159.3 158.2 157.5 156.3 155.3 154.8 154.1 153.2 153 152.6 151.3 156.1 162.5 167.1 170.8 162.6 167.3 173.8 175.4 172.7 170.5 171.5 177 182.6 187.1 188.6 189.3 188.5 187.4 186 184.8 175.2 146.7 142.3 142 141.5 139.2 140.7 142.9 144.9 148.1 147.4 152.7 166 175.2 180.1 180.9
207.9 207.3 208.8 211.3 211.1 211.5 211.3 212.3 213.5 211.7 209.7 208.2 206.9 205 196.7 192.5 197.2 201.1 202.5 202.5 202.4 199.5 192.7 185 171.5 174.9 172.6 167.4 160.2 159.2 158.6 157.9 157.1 156.5 155.9 154.8 153.8 153.7 153.5 153.4 153.5 161.7 168.2 174.2 178 173.6 170.1 175.7 178.7 178.9 177.8 175.8 175.4 177.1 182.4 186.5 188.7 189.2 189.2 189 188.1 186.2 180.7 147.9 143.5 143.1 142.1 139.2 142.1 140.5 144.6 147.2 148 152.4 161.3 162.2 174.6 176.9
199.1 199.4 199.7 201.4 201.6 201.9 201.5 201.5 201.4 200.6 200.5 200.5 200.7 201.6 201.2 192.7 186.2 192.4 197 198 196.7 191.9 184.9 178.8 173.6 164.5 163 160.2 159.3 158.7 158.3 157.8 156.7 155.6 153.5 158.5 158.4 158.2 158.9 162.5 167.2 173 179 182.3 180.1 172.9 177.8 181.3 181.7 180.8 180.3 179.7 178.9 178.2 180.4 183.5 186 187.3 188 188.1 187.4 185.2 182.2 159 143.4 144.3 143 139.9 141.1 140.5 143.8 145.4 147.4 152.1 162.1 165.5 170.1 180.3
191.4 191.5 191.5 192.6 193.9 195.2 194.8 193.5 192.7 192.5 193.2 193 192.6 193.2 194.1 196.6 189.8 184.1 190.7 193.6 189.7 184.2 167.3 161.8 161.2 160.8 160.2 159.6 157.4 156.8 157.5 157.2 155.5 163.6 170.3 174.6 173.8 172.2 173.4 175.1 178.9 181.4 181.3 180.1 176.9 182.6 186.2 185.8 184.9 183.9 182 180.7 180 178.9 179.3 180.1 181.8 183.8 185.4 186 185.6 184.6 183.8 180.5 163.5 144.3 143.6 140 140.7 141.5 141.4 144.6 146.7 151.1 158.1 167 172.4 177.1
185.3 184.8 184 185.6 186.5 187.8 187.1 185.8 184.9 184.9 185.8 185.6 185.7 186.1 186.7 187.1 188.4 176.7 185.2 185.5 182.5 178.6 161.4 162.5 161.8 160 159.6 158.8 160 158.4 157.5 156.1 165.4 174.4 182.3 186.2 184.9 183.6 183.1 182.8 181.5 181.1 180.3 179.5 181.9 185.3 188.7 189.8 189 186.4 184.3 182 179.8 179.1 178.6 179 180.9 184.4 186.8 188 187 185.1 183.4 181.6 172 151.7 144.8 143.5 141.2 142 142.9 142.1 143.9 148.3 159.6 166.9 172.6 179.4
177.9 177.6 177.1 178.4 179.5 180.3 179.8 179 178.7 178.1 176.5 177.2 178.8 179.4 180 180 179.5 172.1 178.1 178.1 176.2 173.3 161.9 163.2 163.1 161.4 160.9 162.1 162.7 160 164.1 167.8 177.6 184.6 189.5 189 187.4 185.5 183.7 181.9 180.6 180.6 180.8 181.3 184.5 188.5 190.7 190.9 191.2 188.5 184.5 181.6 179.3 178.5 178.5 180 183.7 187.7 189.5 189.1 187.6 185.4 183.1 180.6 175.5 158.2 147 145.2 142.7 141.6 141.2 141.6 141.6 142.7 143.2 152.6 166.7 179.1
170.1 169.7 170.7 170.8 171.4 171.9 171.3 171.2 171.3 169.2 168.2 168.6 170.3 171.9 172.9 173.6 173.6 169.9 171.2 171.5 169.6 162.6 163.2 163.9 163.3 163.6 167.3 171.3 171.3 172.4 176.5 181.7 186.5 188.6 188.6 187.5 185.7 183.7 181.7 181 181.7 181.6 181.9 182.1 184.6 188.2 190.2 190.5 189.9 188.3 185.7 181.7 178.5 177.2 177.4 182.9 188 190.6 190.7 189.2 187.2 185.4 183.1 181 177.5 166.5 153.5 146.3 144.5 145.3 145.3 146.1 146.9 145.8 144 144.6 155.3 165.6
171.1 168.9 169.1 168.9 169.3 168.4 171.1 171.9 170.8 167.6 166.1 166.4 166.5 166.5 166.1 166.1 167.1 166.8 165.1 164.2 163.1 163.6 165 165 164.5 169.1 177.1 179.7 181.8 182.6 186.8 189 189.7 190.1 189.5 187.5 184.2 182.3 181.4 182.1 182.6 182.5 182.5 182.8 184.5 186.7 189.3 190 188.3 186.2 184.5 184.1 178.5 175.9 178.3 185 188.6 189.5 189.3 188.4 186.7 185.2 183.5 181.9 176.9 168 156.2 147.5 145.9 146.1 146.5 147.5 147.1 146.5 144.8 144.2 146.3 152.2
182.4 177.8 173.3 174.3 175.7 176.7 179.3 182.3 182.8 180.2 175.1 172.8 170.8 169 167.2 166.1 165.2 165.1 164.1 165.1 165.2 170 172.4 166 165.7 170.6 186.8 189.9 190.1 190.1 190.6 190.9 190.8 190.5 189.1 186.8 183.9 182.2 181.4 182 182.6 182.6 182.6 182.8 183.9 186 188.3 188.3 187.3 185.4 183.3 181.6 181.4 175.7 176.1 179.5 179.6 180.4 183.3 185.2 185.3 185.2 184.4 182.1 174.5 163.4 155.3 148 148.2 147.3 147.4 147.4 147.2 146.9 143.1 145.3 146.1 147
197.3 190.7 186.5 187 187.8 187.8 189.8 191.2 191.3 188.5 187.5 185 181.5 179.7 174.6 174.8 174.2 172.2 173.1 174.7 175.2 176.2 180.2 171.2 166.7 173.8 186.9 189.9 190.3 190.8 192.5 192.6 192 190.8 189.2 186.9 184.3 182.9 181.8 181.5 182.3 183.4 183.3 183.1 182.8 184.6 185.7 186.3 186.4 185.7 183.8 181.1 178.5 177.4 173.4 170 167.2 169.7 170.7 175 179 180.7 179.5 176 168.3 157.6 150.5 150.6 152 149.2 147.6 147.4 147.3 146.7 143.1 146 146.2 147
208.2 204.5 200.8 198.1 197.5 198.8 199.5 198.3 196.6 196.2 196.7 194.4 192.8 190.3 188.7 185.4 187.1 186.7 186.3 185.8 187 187.4 186.2 173 167.8 178.6 185.8 189 191.1 192.1 193.7 194.6 194.2 192.4 190.7 189.1 186.3 184.5 182.7 182 182.6 183.1 183.6 183.5 182.7 182.9 183.7 185.7 186.2 185.6 183.2 180.1 177 175.4 173.1 169.7 171.3 162.9 163.3 163.4 164.7 166.3 166 164.3 156.5 151.5 154.6 157.4 159.1 150.2 148.3 147.8 147.4 145.8 145.2 146.5 146.8 147.7
215.5 211.2 209.3 206.9 206.9 205 202.2 199.9 200.5 202.2 202.6 201.9 200.3 198.1 197.9 197.7 198.1 195 193.6 193.3 193.5 192.4 188.4 169.9 168.2 182.6 190.6 191.8 193.2 194.8 195.8 196.4 196.1 195.3 193.5 191.8 190 187.5 186.1 184.3 183.2 183.3 183.1 183 182.6 183.2 183.9 186.2 186.5 184.6 181.7 178.7 176.7 171.9 167.2 178.5 179.2 177.4 173.3 163.9 158.8 157 154.8 154 155.9 165.6 169.5 166.6 162.1 156.1 149.7 148.2 147.2 144.6 146.5 147.1 147.5 148.1
220.5 218 216.1 213.1 211.6 209.1 206.8 205.8 206.5 207.7 208.1 207.8 207.2 206.3 205.6 204.5 203 200.3 198.7 198 195.8 190.7 184.9 170.6 172.5 182.9 191.2 192.6 193.2 194.1 195.4 196.1 195.9 195.6 193.8 193.2 192.1 190.8 188.1 185.4 183.4 182.8 182.5 182.3 182.1 182.8 184.1 185.4 184.5 182.4 179.7 177.8 176.5 168.5 177.8 177.2 180.5 181.9 179.5 170.7 168.4 166.7 167.3 169.9 174.6 176.8 176.5 170.5 163.7 159.6 153 148.1 147 144.7 147.1 147.7 148 148.5
225.3 224.3 222.9 221.1 219.2 216.7 214.5 213.7 214.3 214.4 214.8 215.2 214.4 211.9 208.1 206.1 203.8 201.7 198.9 195.1 190.1 183.6 173.9 170.6 171.9 182.3 189.4 190.3 190.7 191.7 192.4 193.2 193.6 193.7 193.7 193.9 193.8 191.6 188.9 185.6 184.1 182.9 182.7 182.6 182.1 180.2 181.4 181.6 180 179 178.1 173.4 168.5 178.2 180.2 181.3 181.6 181.4 182.5 172.6 175.9 177.4 178.7 178.1 178.9 180.3 178.1 173.4 165.3 163.5 155.3 147.4 146.9 145.3 146 148.2 148.2 162.1
225.2 225.4 225 223.9 222.3 220.2 219 218.4 218.1 218.6 217.7 215.8 212.8 210 206.4 204.5 202.2 195.9 192.1 188.8 182.8 173.4 171.7 170.2 176.1 182.3 187.4 188.9 189.1 189.4 189.9 189.6 189.6 190.5 191.2 191.9 191 188.2 185.9 185.1 184.5 183.8 183.1 182.6 180.5 178.7 178.4 177.6 176.9 177.2 173.6 173.5 178.2 179.8 180.9 181.9 182.1 181.5 181.6 174.5 178.5 182.7 183.4 181.3 179.8 181.7 178 175.5 167.8 163.8 153.9 147.7 145.8 145.4 147.7 148.3 155.3 172
222 222.8 222.8 222.2 221.2 220.5 220 219 216.7 214 212.8 211.3 209.5 207.1 204.8 202.5 197 190.5 186.6 183.4 176.3 173.5 171.8 175.3 180.9 183.5 187 186.4 185.7 185.7 185.7 185.9 186.4 186.7 187.6 187.3 187 186.6 186.4 186.5 186.6 186.3 184.6 181.7 179.1 177.3 176.4 176.3 175.7 176.2 171.8 177.6 179.5 180.5 181.5 182.2 182.2 181.6 181.7 177.7 178.6 183.2 184 183.8 180.7 182.6 178.8 177.1 172.2 165.4 152 147 145.5 147.2 148.1 149.4 161.8 174.2
218.6 218.4 218.6 218.3 218.4 217.8 216.1 213.8 210 207.2 206.5 206.7 207.4 206.9 204 199.1 190.7 181.4 178 175.8 174.4 176.8 180.2 176.5 179.4 182.2 183 183.5 184.2 185 185.7 186.3 186.3 186.7 187.9 187.7 188.4 189.5 189.9 189.9 189.1 188.2 185 180.5 177.5 176.1 175.9 175.8 175.2 171.3 175.8 178.8 179.8 180.7 181.6 182.5 182.3 181.9 181.7 181.9 179.9 182.9 183.9 184.3 183.6 182.6 181.7 178 174.4 167.3 151.2 146.9 147.1 148.2 148.7 152.8 163.5 174.9
213 212.7 213.5 213.9 213.3 211.5 209.1 206.3 203.6 202 201.9 202.7 204.2 202.9 200.1 193.2 183.7 176.9 182.5 182.2 185.8 186.3 186.5 181.5 184.1 185.9 186.3 187.5 186.7 186.7 186.1 188 189.5 190.5 192.6 193 192.8 193.4 193.4 193.1 190.8 188.3 184.1 179.1 176.6 175.9 175.7 175.1 173.9 172 177.6 179.6 180.5 181.3 182.1 182.3 182.5 182.3 182 182.4 182.3 182.8 183.9 183.9 184.5 183.4 183.4 177.7 174.3 169.3 148.7 146.9 147.7 148.6 149.4 155.6 164.9 176.4
207.1 207.3 207.8 207.1 206 205.4 202.8 200.8 198 196.3 198.4 195.2 194.5 195 190.7 181.8 178.4 184.4 192.6 192.3 191 190.7 191.2 190.6 191.7 190.5 190.2 193.1 193.1 192.8 193 195.1 196.6 197.4 198.6 198.2 197.6 196.6 195.6 193.9 190.4 185.9 182.4 178.3 176.5 176 175.6 174.1 173.2 176.4 178.4 179.8 180.9 181.6 182.3 182.7 183 182.6 182.1 181.7 181.2 182.3 183.7 183.5 184.3 184.2 183.8 178.1 174.6 163.7 146.9 148.3 148.4 149.2 150.2 156.8 166.3 177.8
202.1 201.8 201.5 201.2 199.5 194.4 190.7 189.2 187.2 185.1 185.5 184 182.4 180.7 181.2 181.4 185.3 192.2 193.7 194.8 194.1 195.7 197.8 198.4 200.3 200 195.1 192.8 196.4 197.2 197.2 199.6 202.3 203.1 202.7 201.6 199.9 197.6 195.6 192.6 188.8 184.7 181.4 178.2 176.8 176.5 175.8 174.7 176.6 179.2 180.4 181.1 181.5 182 183.3 183.9 183.8 183.1 182.3 182 181.1 181.9 183.5 183.7 184.1 183.8 183.3 178.7 174.2 154.3 147.6 149.5 149.7 150.5 151.3 156.9 167.6 179.4
198.2 195.5 193.2 192 191 190.5 188.9 189.3 194.4 195.1 192.5 191.8 192.5 186.4 185.2 185.8 187 192.9 195.7 196.9 197.9 199.6 203.3 204.6 202.9 203 200.6 198.1 197 198.3 199.1 201.7 204.4 204.2 202.3 200.4 198.6 196.5 194.3 190.8 187 184 181 177.9 175.8 175.4 174.8 175.5 179.1 180.8 182 182.4 182.6 184.4 185.5 185.1 184.5 183.7 182.7 182.3 181.9 181.5 183.6 184.4 184.4 183.7 182 178.9 170.2 146.9 149.1 150.1 150.5 152.7 153 158.2 169.5 181.5
197 196.8 197.6 194.2 194.3 196.4 198.7 201.4 203.7 203.7 200.9 195.5 192.8 190.9 192.5 192.8 193.4 196 198.3 198.7 200.2 201.7 204.6 204.9 204.2 203.9 203.1 199.9 197.4 199 199.6 200.9 202.5 200.9 199 197.5 196.1 195.6 193.2 189.8 186.4 183.2 179.4 176.6 176.5 176.1 177.7 178.3 180.3 181.5 182.4 183.4 185.1 186.8 186.1 185.5 184.9 184.6 183.8 183.1 182.9 183.1 184.7 184.9 184.9 184 183 180.8 164.2 147.2 150.1 150.7 152.8 154.2 155.7 160.5 170.7 182.1
196.8 197.5 199.2 200.1 201.4 201.3 199.1 203.4 205.3 204.5 202.4 198.8 198.1 197.2 200.8 200.7 201 200.3 200.5 200.9 201.8 204.3 207.4 207 205.3 204.5 201.9 199.5 198 199.2 198.5 200.1 200 198.4 196.3 195 195.1 194.8 192.1 188.7 184.1 180.2 177.9 177.7 177.4 177.4 180.5 180.7 180.7 181.9 183.4 185.5 187.2 187.8 186.6 186 186.7 187 187 187.1 186 184.4 185.6 186 185.7 185.6 185.1 180.3 164.1 147.9 150.8 151.7 153.8 155 157.1 160.9 168.2 175.9
203.8 205.7 205.3 205.4 205.5 203.8 203.8 205.4 207.8 209.1 207.6 206.6 208.6 208.8 208 209.5 208.1 206.2 205.2 205.3 205.6 208.1 208.6 207.3 204.7 203.4 202.1 200 199.6 200.8 201 200.4 198.8 197 195.3 194 194.1 192.6 189.8 185.5 180.7 178.7 178.8 179.1 178.7 180 181.9 182 182.1 183.3 185.8 189.1 191.5 189.1 187.2 187.2 189.1 190.4 191 191.5 190.8 188.5 186.9 190.7 190.8 188 185.5 182.8 171.2 147.4 150.2 152 153.8 154.6 156.4 165.8 179 181.8
211.5 210.9 209.3 209 208.1 207.5 208.2 210 212.3 214.4 214.2 214.6 215.3 215.3 215.3 213.8 210.3 208.9 209.1 209.9 210.4 211.3 210.3 206.8 203.2 202.5 202.5 202.1 202.7 202.1 200.2 197.7 196.3 195.1 193.8 193.5 192.5 190.3 186.7 182.7 179.2 180.1 180.5 181.2 181.9 184 185.5 185.4 184.2 185.2 192.3 193.4 195.8 191.6 190.7 193.4 194.2 195.4 197 195.9 194.9 192 190.1 190.2 192.3 192.5 191.4 185.8 174.9 148.4 150.6 152.3 154 154.3 157 170.2 182.6 184.7
214.3 213.4 212.7 212 211.6 211.6 215.8 220.9 216.7 219 219.3 219.2 220.1 220.2 217.7 212.8 209.5 208.9 209.1 209.1 210.3 209.7 208.2 206.2 203.4 203.1 203.6 203.9 203.2 200.6 197.2 194.7 192.8 192.9 193.1 193.3 192.7 188.5 184.1 181 182.5 183.6 181.7 184.5 186.1 189.4 191 189.7 189.5 193 197.1 196.6 196.3 196.6 196.8 198.8 199.2 200.8 201 199.9 198.3 193.6 192.6 193 194 193 193 191.9 178.4 155 150.4 152.9 154.4 154.5 160.9 174.5 183.8 184.9
221.5 221.6 221.3 221.9 220.8 220.1 220.6 220.6 222.2 221.6 221.1 220.8 220.6 218.9 217.1 214.1 210 208.5 208.5 208 208.2 207.7 207.2 205.1 203.8 202.6 202.8 203.2 201.1 197.9 194.5 192.8 190.8 189.5 187.3 187.1 189.3 185 182.3 184.7 186.2 187.3 185.1 188.6 191.7 194.4 194.8 193.1 195.9 198.9 201.6 202.4 201.8 201.8 202.7 203.6 204.5 204.7 204.3 202.8 199.9 196.7 195.3 196.4 197.3 193.6 193.3 191.8 181.1 161.1 149.2 152.5 154.8 155.2 165.9 180.2 186.5 187.9
229 229.3 229.9 228.6 228.8 228.8 227.9 225.5 225.7 224 222.1 220.8 219.7 218.2 216.8 214.8 212.3 211.4 209.2 209.3 209.5 208.4 206.8 205.3 203.6 200.8 201.2 199.3 196.8 195.1 194.6 194.2 191 193.4 194.3 192.7 189.9 187.6 188.8 189.1 190.4 191.1 191 194.5 196.9 198.6 198.9 199.7 203.7 205.9 207 207.1 207.1 207.2 208.3 207.8 207.8 207.8 207 204.7 202.7 202.4 200.2 199.9 200.1 197.3 196.9 196.2 185.4 165.9 149.4 152.3 154.4 161.7 175.6 184.4 189.8 190.2
233.7 233 233.1 234.1 233.6 231.4 229.3 228.5 226.7 224 222.4 220.7 219.3 218 216.6 214.7 212.8 211.4 211.2 211.4 211 208 206.2 203.8 205.9 205.9 204.3 202.6 201.4 198.9 196.4 195.5 194.9 195.3 195.2 194 193.4 193.3 193.3 195.2 195.4 193.7 198.9 199.9 202.4 203.3 204.3 207.6 210.4 212.4 212.5 212.2 211.9 211.7 212.2 212.7 211.2 210.3 209.4 208.1 207.9 208.4 208.2 207.3 204.5 202.2 202 200.8 190.8 168.4 150.6 152.5 156 173.8 185.4 191.8 190.3 190.8
238.6 238.1 237.5 235.7 233.3 231.2 230.1 231 228.3 225.4 223 221.3 220.2 219.2 217.6 215.6 213.3 211.3 211.3 211.7 211.1 209.8 208.8 209.1 209.3 208.3 206.2 205.1 203.4 200.4 198.4 198.3 197.8 198.3 197.9 197.3 197.2 199 200.3 200.3 200.5 199.7 205 207.2 207 209.5 211.3 212.8 215.7 216.7 216.6 216.6 216.4 216.2 216.5 215.4 214.9 215.5 214.7 215.2 215.2 214.2 213.7 212.8 210.7 207.6 206 204.9 196.7 179.5 154.7 149.4 157 159.5 186.7 173.4 178.1 182.9
241.8 239.9 238.6 238.6 237.9 235.5 234 232.4 229.9 227 225.1 223.9 223.2 221.6 219.8 217.2 214.6 213.2 213.8 215.3 214.1 213 213.9 215.6 213.1 212 209.9 209.1 207 204.8 203.2 203.3 203 203.6 204.5 204.4 207.2 208.6 207.2 205.6 206.4 206.4 212.9 215.7 214.7 216.1 216.9 217.4 218.9 220.5 220.2 219.5 220.1 219.4 219.1 218.8 221.3 221.6 222 222.9 221.7 219.3 218.1 218.1 216.8 213.8 211.7 209.5 204.6 188.7 163.2 149.4 156.2 178.2 157.6 161.2 165.4 175.9
243.2 242.5 242.9 242.8 242.4 239.6 237 236.9 235.8 233.5 230.1 228.8 227.7 225.8 222.8 221.6 222.6 222.6 222.6 220.4 219.2 218.6 220.2 220.2 217.6 215.5 215.8 214.2 213.4 213.3 213.1 214.2 214.1 213.7 213.3 214.4 215.9 215.9 213.7 213.8 214.4 209.9 218.6 219.8 219.6 220.4 220.9 221.5 222.3 223.1 223.4 223.2 223.1 221.7 222.8 224.8 226.6 227.4 228.6 228.5 226.8 223 222.4 222 220.1 218.1 215.1 211.3 206.4 196.3 175.7 150.7 156.5 162.4 153.5 153.7 156.1 164.5
248.9 249.5 250.9 251.1 249.3 247.2 245.6 246.2 245.4 244.7 241.9 238.9 233.7 233.4 230.7 232.3 232.2 230.9 228 226.4 225 224.9 225 224.4 222.6 219.3 223.2 224.2 224.2 224.5 222.6 223.2 223.7 222.5 222.8 223.8 223.9 222.2 220.6 220.6 222.5 222.4 222.2 225.1 224.3 225 225.8 226 226.7 227.3 227.4 226.8 227.9 229 231.1 232.9 233.3 234.4 234.1 233.5 229.9 226.4 226 224.7 222.1 219.2 215.7 211.4 205 195.4 178.1 150.7 152.2 153 154.6 155.3 155 154.2
262.8 264.6 264.4 263.9 262.2 260.5 259.8 259.4 258.4 256.6 251.9 247.6 242.8 242.7 240.5 239 237.9 234.8 232 230.7 230.6 230.5 230.1 229.3 228.6 225.9 229.4 231.2 231 230.6 229.8 230.9 230.9 229.9 229.6 229.2 228.9 227.7 227.7 227.8 227.1 227.4 228.3 228.4 228.7 229.7 230.4 231.1 231.3 233.2 233.2 235.1 236.4 237.7 239.1 240 240.2 240.1 239.8 237.1 232.4 229 227.1 225.4 222.8 219.1 214.7 209.6 199.8 186.9 181.1 154.7 154.5 154.8 154.7 154.9 155.1 155.3
285.8 284.7 281.4 278.7 276.7 276.6 272.3 271 268.4 264.2 261.7 255.1 253.9 249.9 243.6 242.2 237.8 238 237.9 235.9 235.4 235 234.9 234.9 234.6 231.6 236.8 238.2 237.9 236 235.2 236.9 236.2 235.1 234.4 234.4 232.6 232.6 232.6 232.3 233.1 232.8 233.6 234.5 235.1 235.7 236.3 237.5 238.8 240.6 241.8 243.5 244.4 245.3 246.2 246.3 246.1 245.2 243.1 239.9 235.6 230.2 227.4 225.1 222.2 218.3 213.4 208.4 203.4 196.4 183 159.6 155.8 156.2 156.2 155.5 156.3 156.4
