Assets/StreamingAssets/GeoData/Data/ny/NY77.asc
ncols 200
nrows 200
xllcorner 370000
yllcorner 570000
cellsize 50
[rows 70 to 104 of 200, columns 78 to 155 of 200]
287 284 279.3 276.9 273.7 273.5 272.5 274.1 271.8 260.2 270.4 270.5 271 271.4 272.2 271.6 270.2 269 267.4 265.7 264.1 263 261.2 259.1 257.6 255.8 257.3 258.7 258.8 260.9 263 264.3 263.2 261.8 258.8 253.5 248.7 244.3 241.6 236.7 232.1 230.3 229.5 228.5 229.1 233.4 237.5 242.7 244.5 242.5 242.1 241.7 239.7 236.9 234 231.4 228.2 224.8 220.7 221.7 228.8 231.1 232.1 232.1 230 227.3 224.6 225.7 226.7 228 227.3 226.7 227.2 227.2 226.9 225.5 223.5 222.2
279.5 275.2 271 270.2 271.3 271.7 271.2 270.3 267 257.1 264.1 266.6 267 267.4 268.5 268.5 267.2 265.7 263.3 260.7 259.9 257.9 258.7 258.2 256.8 255.3 249.8 252.5 251.7 251.6 254.7 257.3 257.5 256.4 253.7 249.9 245.5 241.2 237 233.3 230 228 227.6 226.4 230.4 237.5 240.3 242.1 241 238.6 237 236 234.4 232.1 229 226.9 224 221.3 217.5 222.6 226.8 228.7 230.4 230.6 228.9 225.7 222.4 221.6 221.7 221.9 220.9 219.9 219.3 218.2 218.2 217.2 216.5 216.2
272.5 267.6 264 267.8 268.6 269.4 270.1 269.8 268.4 259.2 260.7 266 266.7 266.6 264.9 263.7 262.2 260.7 258.6 256.9 255.5 255.6 256.7 256.3 256.8 253.9 250.8 243.7 245.9 243.9 245.6 248.7 248.6 247.8 246.5 243.6 239.3 237.2 233.6 229.7 227.3 225.5 225 230.2 236.6 237.5 239 239.7 239.6 236.7 235.2 234.4 232.4 228.7 225.8 222.6 220.3 218 216.4 220.9 224.1 226.6 228.7 229.5 227.5 224 220.4 217.7 216.5 215.5 214.3 213.5 213.2 213.3 212 211 210.3 210.4
267.9 263.1 261.1 263.4 265.5 266.5 267.5 267.9 267.9 261.6 257.3 264.3 265.2 263.7 261.2 258.5 255.2 254.3 252.5 252 254.6 256.2 257.1 257.5 256 253.4 249 244.3 238.5 238.3 239.6 241.7 240.9 239.6 238.2 236.9 233.4 231.5 230.8 226.6 225.3 223.9 228 234.7 235.8 236.3 237.3 237.9 237.9 237 235.1 233.6 231.1 227.5 223.7 220.3 218 216.5 215 219.1 223.3 226.2 227.9 227.9 226 222.6 218.7 215.5 213.8 212.6 212.5 212.9 212.7 211.5 210.3 209.8 209.8 209.1
264.1 260.1 259.8 262.8 264.7 264.2 264.7 264.9 265 263.2 253.1 256.2 258.7 257.6 255.1 252.8 247.5 246.1 251.8 254.3 256.3 258 258.8 258.3 255.9 252.5 247.8 244 239.8 234.7 234.4 235.7 235.2 233.4 231.9 229.1 227.7 226.9 227.6 224.5 222.6 223.1 231.9 233.7 234.8 235.3 235.8 235.9 235.2 234.7 233.6 231.3 229 225.7 222 219.2 216.2 214.9 214.2 217.2 220.3 221.7 221.6 221.7 221.1 219.2 216.4 213.2 212 211.3 211.9 212.4 212 210.9 211.5 210.7 210.4 208.6
260.2 257.5 259 261.8 262.9 261.8 261.7 261.3 261.2 260.1 257.5 248.5 248.9 250.2 247.1 246.4 242.9 249 251 252.5 253.8 255.6 256.3 255.8 252.9 249.7 246.3 243.1 239.6 235.8 232.5 229.9 230 228.9 226.6 224.4 221.8 224.1 223.3 222.6 225.4 229 232.2 233.5 234.1 234.8 234.2 233.2 232.4 231.9 230.5 228.5 226.1 223.4 220.4 217.1 214.7 213.3 212.7 213.3 214.8 214.1 214.3 214.6 214.5 214.1 212.4 211.1 210.4 210.6 211.1 211.7 211.6 211.1 210.8 210.5 209.7 208.3
257.8 256.2 256 259.2 259.7 259.1 258.7 258.1 256.2 254.7 253.3 247.6 241.2 241.1 239.5 236.9 238.4 242.5 245.9 243.1 244.4 250 251 251.7 250.2 247.3 244.8 241.8 238.9 235.6 231.7 228.4 226.2 223 222.5 220.4 219.5 219.8 219.8 225 227.2 230.4 232.8 234.1 234.1 233.3 231.9 230.8 229.7 228.1 226.6 225.1 222.8 220.2 217.8 215 213.4 212.7 212 211.5 211 210.7 211.1 210.5 210 209.9 210 210.1 210.4 210.7 211.5 212.1 211.7 210.8 210.6 209.9 209.4 208.5
260 258.5 255.4 254.6 256.7 256.3 255.8 254.4 252.7 250.3 246.8 249.2 247.7 240 235.8 241.9 235.5 235.5 232.2 231 229.4 236.5 242.2 244.4 246.2 245.6 242.9 240 238 235.1 231.5 228.8 226.5 222.4 219.8 218.4 218.1 218.8 222.3 226.8 230.5 232.3 235.8 235 234.4 233 230.5 227.9 226.6 224.8 223.2 221.5 219.3 217.3 215.6 213.8 213.8 213.1 212 212 212.4 213.3 212.7 211.6 211.6 210.1 209.5 209.9 210.9 212.4 213.4 213.9 213.1 212.4 211.4 211.3 210.5 209
263 258.8 255.5 253.4 253.2 252.9 251.9 250.7 249.9 251.3 252.6 253 252.8 252.9 252.7 252.3 251 250 248.4 247.3 241.7 229 231.4 238.1 245 243.7 241.1 238.3 236.8 234.1 231.4 229.2 226.5 222.4 218.9 217.8 218.5 222.5 228 233.7 236.8 237.4 236.9 235.3 231.3 229.3 226.5 224.9 223.8 222 219.9 217.7 216 215.6 215.6 213.8 213.6 213.4 214.8 216.7 218.2 218.6 217.7 216.4 215.1 213 210.6 208.7 211.8 214.4 216.5 218 216.3 215.1 213.1 211.4 210.5 209.1
260.1 258.2 256.8 254.9 253 251.7 252.7 252.9 253.2 254.4 255.2 255 254.2 254 254.3 253.3 252.2 251 249.8 247.8 244.8 240.3 226.6 236 243.6 240.8 238.1 235.5 233.5 231.5 230.1 228.3 225.3 219.6 217.2 220.6 226 231.4 236 237.9 237.8 236.6 233.6 231.9 229.5 226 222.5 221.8 220.7 219.4 217.6 216.8 216.2 215.4 214.7 214.3 214.9 215.4 216.8 220.6 223.1 222.9 221.6 218.4 215.5 213.2 211.2 207.9 208.6 210.9 212.8 215.7 215.9 212 209.3 206.6 207.2 206.6
261.9 261.3 259.3 256.4 255.2 255.4 256.4 256.2 256.2 257.1 257.4 254.2 252.9 251.9 250.6 249.1 247.8 246.2 244.1 242.5 241.8 238.4 223.9 232.4 239.1 236.2 233.5 231.5 229.3 227 226 225.4 222.2 216.8 219.1 226.1 233.6 239.3 241.1 240.2 237.3 234.3 231.8 229.3 226.9 225.1 223.7 222.7 221.4 220.3 219.4 218.5 217.5 217 216.7 216.4 216.4 217.1 218.9 223.5 226.1 225.1 221.3 217.6 214.3 211.6 210.2 208.3 207.4 206.4 205.4 207.2 205.3 205.8 204.6 203.5 202.8 203.6
265.3 265 262.7 259.4 256 257.4 257.9 257.9 256.6 255.7 253.2 250.2 247.8 246.6 245.2 244.1 243.1 241.5 239.8 238.6 237.7 234.4 222.1 233 232.5 230.4 228.1 226.9 225.2 223.9 223.4 222.1 218.8 216.5 223.8 231.1 239.6 242.7 242.9 240.7 236.3 231.7 228.9 226.8 224.7 224.6 224.9 224.4 223.3 221 218.8 219.1 218.3 218.3 217.7 216.9 216.5 217.4 219.9 224.4 225.8 224.3 220.2 215.8 211.9 209.8 208.8 208.1 205.6 204.5 203.7 202.7 203.5 202 201.6 201.6 201.1 200.4
270.9 269 266.6 262.8 256.9 252.7 252.6 251.2 250.4 250.1 247.4 244.3 242 240.3 239.7 239.6 239.4 238.4 237 235.8 234.7 231.9 221.2 227.1 225.8 223.1 222.6 222.9 223 223.5 223.4 221.4 216.2 220.7 228.3 235.4 242.2 243.7 242.3 237.3 232.4 227.7 225 222.7 221 221.1 221.6 221.8 221.8 220.3 218.1 217.3 218.4 217.4 216.7 216.2 216.1 216.3 217.8 219.7 221.3 220.6 217.5 213.6 209.9 208.7 206.7 205.3 205 203.8 202.6 206.7 206 208.8 206.7 205.3 203.2 200.8
273.4 270.7 265.8 260.5 254.9 247.4 242.7 242.8 245.4 244.9 243.4 240.9 238.8 236.8 234.3 233.9 234.2 233.9 233.3 232.2 230 228 221.9 220.4 220.3 219.5 219.6 220.8 222.4 223 222.2 219.7 215.6 223 230.4 234.1 237.9 238.3 236.6 232.8 226.8 223.1 220.6 218.3 218.4 218.5 218.3 218.2 218.6 217.9 217.3 215.6 214.8 214.7 214.4 214.1 213.2 213.1 213.9 213.1 211.9 215 213.8 210.7 206.7 206.2 205.3 205 203.8 202.6 209.9 215.2 216.2 214.9 212.5 210.6 210.6 210.4
269 264.6 259.4 254.3 247.5 240.4 236.4 239.5 243.8 244 241.3 238.1 235.7 233.1 230.6 228.3 228.3 228.3 228 227.1 224.7 222.3 220.4 219.4 219.6 218.3 217.6 217.7 218.4 218.9 217.5 216.3 215 216.1 221.5 226.7 229.5 231.2 229.4 224.9 221.4 218.6 217.4 217.4 217.7 218 217.7 217.5 217.5 217.8 217 213.7 213.3 213.1 212 211.8 211.5 210.9 209.6 207.4 207.7 206.7 206.2 206.3 206.1 206 206.4 209.5 213.1 214.6 217.2 217.6 217.1 216 214.5 213.3 213.5 213.5
259.7 256.4 253.8 249.1 243.2 237.1 233.7 235.6 238.7 237.8 235.1 231.2 228.8 226.4 224.2 222.7 222.6 222.8 222.4 221.6 220.1 218.8 218.6 218 218.2 217.7 216.6 216.6 216 215.9 216 215.4 215.1 214.4 214.5 214.2 218.4 221.1 221 219.7 217 216.6 216.8 217 217.3 217.5 217 216.2 216.5 218.8 219.7 215.4 213.9 209.4 208.1 210.7 210.5 208.5 208.2 207.6 208.3 208.4 208.4 207.2 207.9 209.3 211.7 215.3 216.9 217.7 219.5 219.5 217.9 216.9 216 215.5 215.4 215.4
252.1 249.1 246.4 242.5 236.8 232.6 230.4 229.5 229.5 229 228.5 226.3 221.2 220.2 220.2 219.6 219.5 219.6 219.1 218 217.5 217.1 217.2 217.1 217.1 217 216.5 215.8 216.3 218 215.2 214.1 221.4 221.8 221.8 218.1 214.5 214.1 214.5 214.9 215.1 216.4 216.7 217 217.7 216.9 215.9 214.6 215.1 215.6 215.3 212.6 209.6 209.6 209.5 208.8 207.7 209.3 209.2 210.1 210.7 211.2 210.3 211.6 212 214.2 216.6 219 220.6 221 221.9 222.5 220 218.4 217.5 217 217 217
244.3 242.1 239.3 234.9 230.7 229.2 227.2 226.5 224.8 223.3 222.1 220.9 220 219.2 219.2 218.9 218 218.2 217.4 216.7 217.1 217.4 217.3 218.7 218.7 216.2 220.5 225.5 226 226.2 225.5 225.9 230.7 230.6 227.7 225.4 222.5 217.6 213.1 213.4 213.5 214.2 214.7 213 217.7 216.8 215.3 213.4 212.6 211.6 210.6 209.9 212.7 213.2 212.3 213.2 215.3 215.1 213.7 213.1 213.1 214 215.1 216.1 217.2 217.6 219.4 222.7 224.4 225 225.5 225.5 223.1 221 219.6 218.9 218.6 218.7
239.2 238.1 234.7 229.9 226 226.2 224.6 223.5 222.7 221.2 221.1 220.4 220.6 221 219.8 220.1 218.6 218.3 218 217.7 217.8 220.2 223 225.6 228.5 229.8 232 232.4 232.3 232.7 234.5 234.9 234.7 232.3 228.6 225.8 223.2 220.2 218 211.6 212.8 212.8 212.7 210.2 211.6 212.4 212.7 212.2 211.5 210.3 214.9 217.6 218.1 216.7 217.3 218.8 218.6 218.5 218.2 217.5 217 218.3 219.5 220.6 221.4 222.6 222.8 225.8 226.7 226.7 226.5 224.9 223.9 223.2 221.5 220.3 220 219.8
235.2 233.3 229.9 225.4 223.8 223.4 222.9 222.3 221.7 220.9 220.5 221 223.6 225.2 226.3 224.5 218.9 218.5 218.3 218.1 221.9 225.9 229.3 232.3 235.4 237.1 238.7 240 239.3 240.5 240.7 237.4 233.9 231.1 227.9 224.8 221.7 219.9 218.4 217.2 215.3 214.2 215.9 212.7 211.3 211.3 211 210.7 212.2 219.1 221.2 221.4 219.6 218.6 220.4 222 222 221.8 221.6 221.3 221.8 222.7 223.6 224.6 225.3 226.8 227.8 228.2 228.3 227.7 225.5 225.4 225.5 224.8 223.2 221.7 220.6 219.7
231.7 229.1 225.4 223.3 223.2 222.7 222.1 221.5 221.2 221 220.3 221.5 223.1 224.2 225 222.9 219.2 219.3 219 222.5 228.9 232.7 236 240.1 243.7 245.5 246.8 246.6 244.4 241.1 238.3 234.8 231.3 228.8 226.6 226.1 225 224.5 223.4 222.3 220.5 218.1 221.2 221.3 219.6 217 220.2 221.7 223.3 223.8 223.3 223.1 221.3 223.4 224.5 225.5 225.3 225.1 224.9 224.6 224.9 226.2 227.1 228.2 228.6 229.3 229.7 230.3 229.6 227.2 226.3 227.7 227.1 226 223.9 222.2 221 220.2
230.6 226.3 224.6 223 222.8 221.8 221.8 221.5 221.1 222.3 222.7 222.7 222.5 222.6 222.6 221 219.6 219.7 220 224.7 231.5 236.6 238.7 240 239.6 241.1 240.8 239.8 238.7 236.6 234.8 232.8 233.7 234.7 234.7 233.9 232.4 230.6 229.3 227.7 225.7 220.5 225.6 223.2 223 224.8 226.1 227.2 229 229.2 227.6 225.6 227.5 229.5 229.4 229.6 228.9 228.4 228.2 227.5 228.1 227.8 228.9 228.7 227.6 229.6 231.8 232 231 229.2 227.8 226.7 224.7 223.3 222.5 221.1 221.6 221.9
228.9 224.5 223 223.1 222.5 221.7 221.4 222.8 224.7 225.2 225.7 225.1 224.4 223 222.3 220.9 221.5 220.8 221 222.4 227.5 230.9 233.3 233.2 234.4 236.5 237.6 238.4 237.4 237.7 239.1 240.7 242.4 242.5 241.3 238.4 235.7 233.3 230.4 228.6 223.5 225 226.7 225.8 227.6 230.7 232 233.4 234.4 235.8 235.6 235.3 236.1 236.1 235.2 234.8 234 232.7 232.5 231.2 230.2 227.4 228.2 229.1 230.6 232.2 234.4 232.8 233.3 232.7 231 228.5 226.4 224.3 223.2 222.1 222.9 223.8
224.7 223.3 222.7 222.7 222.4 227 229.5 231 231.6 231.8 230.9 229.4 227.9 225.9 223.7 221.8 222.6 221.7 221.4 222.1 223.9 226.7 229 232.2 237.5 241.9 244.5 244.8 245 244.7 246.6 247.6 247.4 245.7 242.2 238.5 235.5 232.1 228.6 223.5 225.3 229.1 230.9 233 235.4 236.5 238.5 240.5 242.1 243.4 243.6 244.5 243.3 241.8 241.1 240.1 238.4 235.7 235.5 232.1 231.7 232.9 235.5 235.5 236.2 236.9 237.8 233.5 232.3 231.8 230.1 228.4 226.9 225.3 227.2 228.9 231.4 232
223.6 223.2 223.2 224.9 229.1 232.3 234.8 237.8 239 237.6 235.4 232.8 231.1 229.1 226.7 223.4 224 223 222.9 223.5 224.2 227.4 230.9 237 242.9 246.8 248.5 248.8 248.9 248.6 248.2 246.8 245.8 243.2 239.7 236.2 232.4 228.4 227.1 229.9 231.2 234.8 237.9 240.6 242.7 243.9 244.8 247.7 248.7 250.1 252.3 251.3 249.2 246.9 244.3 241.8 239.8 236.9 234.5 233.1 232.6 234.7 236.8 239.5 241.6 242 241.7 237.1 233.3 230.1 228.9 227.6 227.4 229.6 232.7 234.9 236.4 237.3
225.5 226.1 228.6 231 236 239.2 241.4 245 243.7 241.9 239.1 236.8 235.3 233.5 230.2 225.5 225.2 226.5 227.5 227.4 226.9 226.5 230.4 238.5 243.9 247.8 248.5 248.1 246.4 245.2 243.3 242.4 242.2 240 236.4 232.4 230.7 231.8 233.1 235.1 235.7 240.5 244.8 248.3 249.8 251.2 252.3 255.3 256.4 258.7 256.6 251.4 249.2 246.2 244.3 241.9 238.4 234.3 233.7 234 233.9 233.5 235.5 238.2 240.1 240.8 241.7 241.2 238.9 233.2 230.2 230 232.5 235.6 239.2 241.3 243.3 245.3
229.7 232.6 235.5 238.3 244.1 247.7 248.7 249.4 248.4 246.1 243.9 242.7 241 234.9 227.3 228.6 230.9 232.5 233.4 233.7 231.5 230.4 229 232.4 237.3 242.4 243.8 242 240.9 241.8 242.1 242 240.5 237.2 236.6 235.7 236.7 237.4 238.6 239 238.6 244.2 250.3 252.9 254.2 254.2 253.8 254.2 253.2 253.7 250.9 249.4 247.6 245.6 243 240.2 236.4 232.8 231.2 234.5 236.4 236.4 237.7 238.1 239.1 240.9 241.8 242.8 240.2 234.2 231 235 237.7 241.9 244.9 247.3 251.3 254.2
238.9 239.2 242 245.5 250.3 253.2 253.4 254.2 254.2 251.1 248.1 244 238.5 231.6 230.4 233.8 235.7 237.8 238.5 238.5 237.4 236.7 235.3 234.4 235.7 236.8 238.2 239.5 241.2 243.7 244.2 243.5 240.2 242.8 243.2 242.3 242.5 243.3 243.7 243.7 243.4 243.8 246.7 249.5 250.2 250.8 249.8 248.8 248.2 247.3 248.6 246.5 244.5 242.5 240.3 236.2 232.4 230.8 236.2 239.1 239.7 240.3 241.1 241.3 242 242.3 243 242.6 239.7 234.5 236.1 240.5 243.7 248.3 252.4 256.7 260.6 260.2
245.5 245.9 247.9 251.1 256 258.1 256.6 255.6 254.7 249.8 245.6 240.4 233.8 231.6 235.4 239.4 241.6 243.1 243.7 243.6 243.4 242.8 242.4 242.7 241.8 238.1 240.5 242.6 245.4 246.9 246.5 245.2 243.9 245.9 245.6 246.7 247.7 248.7 248.5 247.9 247.3 246.8 246 247 250.3 252.3 253.2 254.2 255.1 253.6 250.8 247.9 242.6 240 238 239.1 241 241.1 242.5 244.1 244.2 245.7 245.6 245.6 246.1 246.7 243.8 240.7 237.5 238 241 245.7 250.1 255.7 259.7 263 263.3 263.2
252.2 253.4 254.4 258.5 259.4 258.7 258 253.1 248.7 243.5 235.8 231.6 232.4 239.3 243.2 246.1 247.3 248.1 248.5 248.6 248.7 248.4 248 247.3 243.1 242.9 243.6 245.7 246.9 248.2 248.4 246 247.4 248.6 248.5 250.8 252.2 252.5 252.3 252.3 250.9 250.6 252.4 254.9 257.7 259.8 260.7 260 258.7 256.6 252.5 248.4 242.9 242.1 248.1 247.6 248.6 248.6 248.6 249.2 248.6 248.9 249.4 249.9 249.4 248.7 246.5 243 241.7 241.5 245 249.3 255.4 261.9 263.9 263.3 262.4 261.5
255.7 256.1 258.7 258.5 256.3 256.1 249.8 243.1 238.1 235 241.7 243.5 242.6 243.8 249.9 252 252.4 252.7 253.1 253.2 253.3 253.3 253.2 250.6 243.9 247.7 248.1 248.7 250.1 250.9 250.8 248.4 250.9 252.4 254.2 255.5 256.1 256.3 256.2 256.3 256.6 258.3 260.3 262.9 261.4 260.1 258.7 257.4 256.4 255.4 252.1 248.6 241.3 247.9 251.1 252.3 253.3 254 254.5 253.6 252.8 252.2 251.9 251.5 250.8 249.8 249.2 245 244.1 244.1 248.4 253.5 260.6 262 262.8 261.5 260.3 258.1
250.6 251.8 251.4 249.8 246.5 241.1 239.4 241.4 243.3 247.1 248.6 248.9 249.1 251.4 253.8 255.7 256.7 258.3 259.2 258 258.1 256.4 254 251.4 255.4 255.8 258 258.4 258.3 256 254.5 250.3 255 257.7 259.9 260.9 261.8 262.5 263 263.5 264.2 263.4 261.6 260 258.5 257.1 255.8 254.2 252.5 250 245.1 246.7 248.5 251.9 254.6 259.4 260 260.9 261.5 259.7 256.3 254.6 253.3 252 251.7 252.2 251.5 251.8 251.3 248.4 251.2 255.3 259.1 260.8 260 258.5 256.5 253.6
246.1 244.8 243 244.5 247 246.2 247.8 249.9 250.9 253 254.3 255.7 256.4 256.7 257.9 259.2 260.4 263.4 265 265.7 263 259.2 255.6 262.6 264.6 264.5 264.6 263.3 260.2 255.1 252.6 256.2 260.2 262.6 264.3 267.2 268.7 269.4 269 265.7 262.2 259.9 258.1 256.6 254.9 253.8 252.2 252 252.1 252.2 252.2 250.4 249.3 253.1 256.6 258.7 260.4 261 261.2 259.1 257.8 256.6 255.2 255.5 257.7 258 258.1 258.2 258.1 256.9 254.8 252.2 251.6 255.6 255.3 254.4 252.8 250.6
246.5 249.7 249.1 252 253.5 252.7 253.8 256 257.4 258.7 260.2 260.7 260.7 260.8 261.6 262.7 263.3 264.2 266.1 263.6 261.1 256.1 260.8 262.9 263.9 263.4 261.7 260.3 257 255.1 254.1 261.5 264.1 266.2 269 272.4 271.3 268.7 265.8 262.3 258.5 257.4 256.1 255.4 255.4 254.6 254.9 256.1 256.8 256.1 254.9 253.8 251.8 252.6 255 257.9 258.8 258.8 259.2 259.5 259.5 259.6 259.8 260.5 263.1 264.5 264.9 265.2 265.2 264.2 262.9 260.4 254.3 250.6 253.3 253.4 252.1 249.4
246.4 250.2 250.7 254 256.2 257.6 258.8 260.2 261.5 262.8 264.3 264.7 264.6 264.3 264.2 264.8 265.8 264 264 261.1 258.2 258.8 261.1 261.8 262.2 261.9 260 257.8 256.4 255.5 255.9 259.3 265.2 267.5 268.2 268.1 267 264.7 262.5 258.4 256.6 256.6 255.9 257.2 258.6 258.9 259.9 260 259.9 259.9 259 258 256.6 254.6 253.4 256.4 257.1 258.4 259.7 260.2 260.5 259.8 262.4 265.2 268.4 270.6 271.4 272.3 271.6 270 268.5 265.2 260.4 250.7 250.3 249.1 248.2 246.6
