Assets/StreamingAssets/GeoData/Data/ny/NY80.asc
ncols 200
nrows 200
xllcorner 380000
yllcorner 500000
cellsize 50
[rows 0 to 34 of 200, columns 78 to 155 of 200]
335 333.3 316.4 309.3 302 291.4 317.5 346.3 357.3 365.3 377 376.6 374 371 374.7 382.1 389.4 387.5 385.9 383.8 382.4 381.5 382.8 382.8 384.6 384.1 382.7 384 388.9 394.6 395.5 394.2 387.8 393.7 404.3 404.7 407.4 407.2 412.3 415.4 418.8 425.7 438.1 462.3 466.8 472.5 476.3 476.9 477.6 478.1 490.1 494.3 494.4 494.9 496.5 502.4 500.6 499 497.1 494.5 492.9 491.6 490.3 488.3 486.2 483.6 482.7 482.9 483.9 485.4 485.3 484.2 483.1 482.9 482.3 481.6 480.9 480.6
337.6 337.8 327.5 320.1 311.9 303.4 295.4 296.1 324.9 350.8 365 373.1 374 370.5 371.2 375.7 380 381.8 381 379.2 378.2 377.6 376.7 375.4 374.9 374.6 373.8 374.1 375.8 379.6 382.2 380.2 388 398.8 408.7 409.5 410.3 411.5 417.5 417.5 416.8 421.1 431.7 448.8 464.9 470.7 474.2 475.3 477 478.4 488.6 494 493.5 494.4 496 499.6 496.2 498.9 496.8 493.6 492.9 491.6 490 487.9 486.4 486.3 486.6 489 490.6 490.7 489.2 487.1 486.1 485 483.9 483.2 483.5 483.2
339.9 341.8 341.3 342.6 338.6 327.4 318.3 312.1 300 304.4 340.3 363.4 370.2 372.1 372.1 375.2 384.9 382.5 381.3 380 379.3 378.7 378.2 376.6 374.9 372.7 370.4 367.1 366.3 368.9 371.7 375.3 383.3 398.3 410.6 412 413.8 416 414.8 415.1 415.5 418.4 426.3 439.2 461.1 468 472 473.2 476.7 478.5 485.6 492.5 492.7 492.5 494.8 496.1 495.6 498.5 496.6 493.9 492.4 491.5 489.6 488 486.8 488.1 492.6 495.3 497.8 496.2 494.2 491.7 490.1 490.1 493.6 494.1 489.3 488.8
343 343 344.2 346 348.1 348.1 331 320.9 316.2 310.2 315.4 352 348.7 364.5 371.4 372.3 378.1 384.2 381.7 379.8 379.3 379.3 379.7 379.9 379.6 377.6 374.3 369.7 362.6 362.9 363.8 369.5 374.9 389.9 408.5 414 414.9 416.1 414.7 414.7 415.5 417.6 423.3 431.2 451.9 467.5 471 476.4 477.9 478.5 483.7 491.3 491.5 490.8 491.9 491.8 496.4 496.9 495.3 494 491.1 490.9 488.5 488 487.7 489.2 495.7 500.6 503.7 502.3 500 501.9 502.6 503 502.1 499.3 495.4 493.9
345.3 346.4 348.3 349.8 350.7 354.6 344.4 331.1 323.4 316 305.9 307.1 314.6 348.2 367.2 368.4 369.3 371.2 379.4 377.7 376.9 376.6 377 378.5 379 378 375.9 372.1 365.1 358.7 360.9 365.5 370.6 381.9 404.3 414.3 417.1 416.6 415.6 413.6 414.8 415.9 419.1 424.9 438.9 463.2 472.1 476.9 478.9 478.8 481.3 489.8 488.8 489.3 489.3 486.9 486.9 485.7 484.5 483.1 484 488.1 488.2 487 487.4 489.6 498.6 503.5 504.8 504.4 504.1 505.2 505.3 504.6 503 501.2 499 496.7
350.8 351.4 353 354.8 356.4 358 359.1 357 350 341.2 338.3 339.7 321.8 331.8 356.5 363.5 365.5 365.4 366 369.8 371.6 370.9 370.7 370.8 371.6 371.3 370.2 367.9 364.3 360.7 358.8 367 374.1 383.7 398.3 413.2 417.6 416.2 415.2 413.3 413 414.7 416.3 421 428.2 451.1 470 477.7 479.5 479.4 479.9 487.8 488.3 488.3 486.7 485.4 483.2 482.6 481.4 480.3 479.4 481.7 486.9 486.3 487 489.7 500 504.4 506.2 506.1 505.9 506.5 506.9 506.2 505.5 504.2 502.5 498.7
355.7 355.9 357.7 359.6 362.5 365.6 365.8 364 362.7 359.6 353.3 348.1 333.1 325.2 344.1 353.1 356.2 361.6 361.4 362.1 361.4 361.4 362.8 362.7 362.8 361.6 360.6 359.1 358.3 356.3 359.6 370.3 377.2 386.5 397.6 408.5 414.9 414.6 412.8 411.5 412.6 413.8 415.2 417.8 426.9 440.5 465.2 476.8 479.5 479 477.8 487.2 487.8 487.2 485.1 483.3 481.6 480.9 479 477.2 477.6 477.6 484.6 485.4 486.3 489.4 498.9 505 506.9 506.8 507.4 508.7 509.2 508.7 508.3 506.8 505.2 503.8
359.7 359.7 362.2 364.5 369.2 373.2 372.1 369.3 366.5 362 356.6 350.5 325.1 312.8 333 340.5 347 351.7 356 358.2 357.8 356.1 355.6 355.4 354.7 353.6 353.2 351.5 352 351.2 359 371 379.3 386.4 396 405.7 411 412.3 410.2 410.3 409.9 412.7 414.7 422.3 427.6 434.2 454.7 472.4 478.2 478.4 477.2 481.1 485.6 485.1 483.1 481.8 479.4 478.7 477.1 475.7 475.5 475.8 481.4 484.4 485.6 488.7 497.2 503.8 506.7 507.5 509.6 511.6 511.6 511.4 511 509.3 508 506.5
363.4 362.4 363.4 367.1 371.7 372.7 369.8 367 363.6 359.2 354.9 350 340.1 330.9 316 315.6 338.2 342.5 346.3 350.3 350.5 348.9 348.6 347.9 348 347 347.5 346.5 347.2 353.2 360 371.4 379.4 386.4 394.2 404.3 408.8 410.5 409.8 409.2 411.5 414.9 422.1 426.7 429.8 432.5 444 460.5 473.3 475.4 475.3 475.5 484.7 482.3 480.7 479 477.4 476.3 475.4 474.3 474.9 475.3 476.7 483.6 485.5 488.1 493 502.3 506 509.2 512.6 513.5 513.6 513.2 512.1 510.3 508.5 507.1
367 366.4 366.5 367.9 369 366.9 363.1 359.9 356.8 354.4 350.8 346.9 343.8 335.6 327.4 317.6 316.1 334.8 337.3 340.2 341.5 339.6 340.4 339.3 338.1 337.8 340.2 341 347.4 353.4 360.6 370.5 378.3 384.6 392.5 401.3 407.1 408.6 409.1 413.7 416.2 420.1 424.8 428.8 430.2 431.7 437 445.6 458.1 470.3 471.5 472.6 479.3 480.9 478.8 476.5 476.1 473.7 473.3 474 474.6 475.2 475.8 483.3 486 487.9 491.1 499.3 504.8 509.3 512.4 513.6 513.4 514.2 513.3 510.7 508.7 508.8
368.3 369.3 369.7 369.7 369.2 367.6 363.7 358.7 352.6 349.2 345.4 342.6 339.7 333.6 330 319.4 317.1 321.1 329.5 326.2 330.3 327.3 328.3 333.6 333.5 335.2 336.5 337.5 344.1 353.1 359.8 367.9 376.7 381.8 387.2 396.1 404.5 405.9 410.6 415.1 417.1 419.1 421.4 428.8 429.2 430.8 434.1 438.3 445.2 455.5 464.9 466.1 467.8 469.6 476 474.4 473.2 472.4 472.8 473.7 474.3 474.8 475.7 484.4 486.3 488 490.5 495.5 503.9 509.4 512.2 513.2 513.5 514.4 513.3 510.5 511.3 511.2
366.1 368.5 369.6 370.8 370.2 368.4 365.1 360.5 355 348.7 342.9 337.6 334.8 327.7 321.2 319.7 316.7 318.4 320.6 327.2 321.7 333.5 338 339.3 339.2 334.5 336.4 337.6 339.9 349.9 357.3 363.5 369.8 378.6 387.2 398.1 404.2 406.1 408.4 413.3 414.9 415 416.4 419.8 427.9 429.8 431.6 434.9 438.2 440.6 448.1 453.7 458.3 461.6 463.5 469.1 471.9 471.4 472.5 473.5 474.1 474.8 477 484 486.2 487.6 489.9 494.8 504.8 510.1 511.1 511.6 514.4 516.1 513.6 512.2 510.6 512
360.5 363.2 364.5 365.5 365.3 363.9 361.8 358.1 353.4 348.4 343.5 336.2 328.6 324 322.3 326.5 319.1 323.4 327.7 331.4 334.4 339.4 345.8 347.5 346.6 344 338.9 337.1 339.8 340.8 349.3 357.2 364.5 372.5 382.7 395.9 403.1 403.1 404.5 407 409.9 411.1 412.2 415.5 420.3 426.9 429.4 432.1 434.1 435.7 439 443 448.9 455.5 459.7 461.7 470.6 471.3 472.5 473.4 474.1 475 478 484.6 485.9 487.3 489.8 494.9 505.3 510.7 511.4 512.2 518.9 516.9 514.4 512.8 511.8 511.4
357.9 358.5 357.4 357.2 357.6 357.1 355 352.1 347.8 343 334.2 327.9 329 331.1 329.8 326.9 322.5 324 329.8 334.9 340.1 347.9 353.9 355 353.8 351.3 350.2 346.3 340.3 340.4 342.3 346.4 358.7 364.7 374.8 389.5 399 398.3 399.9 402.7 406.3 408.3 409.5 411.5 414.4 418.4 421.5 430.7 431.8 432.6 433.4 437.3 440.4 447.7 455.3 459.9 466.4 471.4 472.7 473.5 474.4 475.3 478.2 485.8 486.8 487.4 488.8 494.6 505.3 510.1 510.6 513.7 519.9 517.1 514.9 512.9 513.1 513.5
357.1 355.4 353 352.8 351.6 340.8 339.6 336.3 338.5 340.7 338.6 337.6 335.2 333.2 329.3 329.9 325.8 330.3 335.5 339.4 346.5 354.7 360.5 361 360 359 357.7 353.9 348.5 345.6 342.1 344.5 347 354 364.8 381.5 390.3 392 394.4 397.9 402 405.7 405.8 407 408.7 411.8 414.9 420.6 429.5 429.6 430.2 431.5 432.9 441.3 454.7 457.5 462.2 470.9 472.9 474 474.9 475.8 477.6 484.4 486.7 487.9 489.4 493.1 503.8 507.5 509.1 513.8 518.5 517.2 516 514.1 514.1 515.7
355.9 354.1 352.5 351.8 342.3 351.4 353 353.7 352.7 350.5 346.6 341.9 338.1 333.4 333.1 333 326.5 334.2 338.3 344 353.2 361.8 366.9 366.4 365.8 365.5 365.5 363.6 359.6 356.5 352.7 346.9 345.1 347.8 357.4 374.3 383.3 386.6 389.5 392.1 396.3 402.2 402.3 403.2 404.3 405.6 406.9 414.6 420.3 427.6 427.3 427 428.3 432.5 439.2 455.5 459.2 465.6 471.7 473.8 474.9 475.3 476.5 479.8 485.7 487.2 489.2 492.7 499.8 507.4 507.4 512.1 517.1 517.7 516.7 516.2 517.2 515.5
355.6 354.7 348.3 346.5 345.6 354 357.7 359.1 359.3 358 354.6 349.4 344.4 339.7 336 334.8 329 336.6 341.1 349.4 359 370.8 374.3 372.7 371.4 372 375.2 375.9 373.5 369.2 364.3 358.9 355.7 348.5 348.6 361.9 376.7 381.8 384.8 385.4 388.2 397.9 400.6 401 401.6 404.9 407 411 416.7 420.5 423.9 424.1 424.2 424.9 432.2 438.5 455.9 460.6 467.6 473.5 474.9 475.8 476.7 480.2 485.9 487.3 488.9 492 499.7 501.9 506.8 509.9 516.7 518.2 517.3 519.4 518.3 515.5
357.3 354.2 348.9 348.5 348.5 355.2 360.4 362.3 362.9 362.9 360.2 355.6 349.5 344.5 339.8 336.7 334.5 338.6 343.9 352.7 365.1 380.3 382.5 380.8 379.1 378.7 382.2 385 384 379.3 374.1 369.4 364.5 362.5 359.9 350.2 369.3 378.2 380.7 380 381.6 386.6 393.1 399.9 402.9 406 409.3 413.5 418.9 422.5 422.7 422.4 422 423.6 427.4 437.3 445.1 453.7 460.6 468 474.3 475.8 477.7 481.9 486.4 487.8 489 491.1 495.4 502 505.1 507.4 513.5 519.3 518.5 517.1 517.5 515.6
359.5 356 351.1 353.9 353.7 355.5 361 363.5 365 364.9 362.5 358.6 353.4 347.6 341.5 335.7 340 341.1 345.5 354.9 372.2 386.9 391.1 388.6 385.7 384.6 389.7 395.1 391.6 385.6 381.6 378.3 374.9 373.7 373.7 368.5 353.1 370.8 375.7 378.8 381.7 384.6 389.1 394.2 400 405.7 409.3 414.8 422.4 422.5 422.4 421.8 420.7 421.9 423.7 429.7 439.4 445.6 454.1 461.2 470.4 475.1 478.4 484.4 486.7 487.4 488 489.2 494.1 501 503.2 505.6 508.9 519.2 517.3 517.7 516.5 515.4
363.8 359.1 353.3 356.4 356.9 356.9 360.2 362.6 364.1 363.7 361.9 359 355.1 350.5 343.7 336.8 343.8 345.2 346.4 360.4 379.6 394.4 395.8 394.1 391.1 388.6 394.7 398.6 393.8 389 386.1 383.2 378.6 379.8 380 376.7 369.2 373.4 381 382.6 384.8 388.4 391.8 395.3 398.7 402.1 406.9 412.7 421.5 421.8 422.2 421.7 419.8 421 422.7 424.3 430.7 438.4 446.1 452.9 460.4 471.6 475 480.7 484.3 484.3 485.1 486.7 489.7 497 499.5 503.3 506 511.3 516.7 516.6 517.5 516.3
369.3 363.7 356.5 359.3 359 359.4 360 360.9 362.4 361.6 360.2 357.7 354.7 351 342.7 344.5 347.3 350.7 354.7 365.9 385.9 399.7 399.8 398 396.5 394.4 397.9 401.7 395.3 391.2 388.8 386.9 382.6 383 382.3 381.5 379.5 364.7 384.9 386.5 388.8 391.1 394.1 396.9 399.7 402.9 406.6 411.1 417.1 421.5 421.9 422 420.6 419.6 421.3 422.6 424.1 428.5 433.7 439.5 446.4 455.9 464.6 471.7 480.2 480.5 480.5 482.6 484.9 490.8 493.3 500.7 504 509.1 516.3 518.1 517.8 516.1
376.2 371.8 363.2 360.6 362 362.1 362.6 362.8 361.9 360.2 358.9 356.5 348.7 346.6 351.1 351.8 352.7 358.2 365.4 371.4 390.4 404.2 404.6 402 401.2 399.6 399.9 399.5 394.9 390.8 389 388.2 386.7 388.1 389.2 377.6 360.7 384.2 385.9 388.2 389.9 392.1 394.9 397.6 401.2 404.6 408.3 411.3 414.9 419.4 421.9 422.3 421.4 419.9 419.2 420.6 421.7 422.3 425.7 430 436.1 442 449.8 457.2 464.5 471.2 476.5 478 480.9 483.5 489.4 499.7 503.8 510.3 518.7 518.4 519.6 516.8
381.5 377.8 371.4 362.7 366.7 366 365.6 366.3 364.1 360.6 359.5 358 355.7 354.6 355.2 361.2 366.6 370.3 372.9 381 391.8 405.6 409.2 406.5 405.8 404.1 401.6 398 393.5 390.9 390.1 389 387.5 385.7 380.4 375.6 373.1 372.8 385.2 388 390.4 393 395.6 398.7 402 405.6 410.1 412.4 416.1 419.4 421.8 422.6 422.1 420.8 417 418 418.7 418.6 419.3 422.2 425.9 431 435.6 442.1 450 456.6 465.9 472.4 476.5 479 483.4 495.3 502.5 514.2 517.5 520 520.2 516.7
389.9 385.1 379.3 373.3 366.3 369.5 369.9 370.4 363.5 364.9 363.2 361.3 360.4 359.5 359.4 363.6 371.1 376.9 380.1 386.6 396 406.5 414 412.7 412.1 409.6 406.2 402.4 397.5 392.8 391.1 390.1 388 385.5 372.9 378.5 369.9 368.3 372.8 382 388.4 391 393.5 396.7 400.2 404.6 408.6 412.6 416.2 420 422.4 422.9 422.2 420.4 417.7 414.7 414.7 416.1 417 417.5 419.1 421.2 425.1 428.5 435.7 441.8 450.8 459.2 468 472.2 475.9 484 496.7 505.8 515.8 514.9 511 504.9
397.6 393.3 387.5 382.8 372 379.1 378.5 375.3 373.9 372 369.7 367.9 367.8 367.1 366.7 362.9 371.1 379.1 385.5 391.4 399.9 409.8 419.4 423.4 420.2 417.4 413.9 410.1 404.2 399.1 394.6 391.3 377.6 376.1 386 385.7 383 376.1 380.9 376.9 381.4 382.8 380 391.9 397.2 401.7 406.4 411.4 417.4 425.7 424.2 421.6 418.6 413.4 410.8 415.8 418.9 420.8 421.3 421.4 422.7 424.3 425.5 425.3 426.5 430.8 436.6 445.7 453 459.4 466.6 469 478.7 492.1 501.1 503 500.4 499.2
404.9 401 396.3 391.3 375.8 388 378.8 383.8 383.4 381.4 379.6 375.8 375.1 375.8 375.1 372.9 370.3 377.1 387.5 395.4 402.8 412.9 422.1 425 424 421.7 420.5 417 411.9 406.5 401.3 395.8 382.5 391.1 389.7 387.7 386.8 386.7 386.8 387.4 389 389.4 389.3 389.2 391 399.8 406.2 415.5 422.8 420.1 416.7 409.8 410.2 417.8 419.8 421.9 422.9 425 427.4 429.6 430.9 431.6 431.3 434.5 434.9 435 436.7 442.5 444.3 451.4 455.9 461.6 466.8 473.7 485.8 492 488.9 486
414.4 408.9 405.9 400.3 384.8 396.8 385.9 394.5 392.8 389.5 388.4 385 384.8 384.3 383.4 380.6 381.4 387.6 392.8 399.9 406.3 415 421.1 424.6 425.7 425.1 425.9 422.4 418.1 413.5 407.6 390.7 392 396.8 394.4 392.8 391 391.6 390.9 391 392.5 393.4 391.7 395 395.2 394.4 405.5 414 410.4 406 406.2 409.1 419.3 420 422.5 425.2 428.4 431.8 435 437.8 439.9 442.3 441.5 443.3 444.5 444.4 442.4 447.8 450.4 454.6 460 464.9 468.5 470.5 471.3 472.9 474.5 476
422.7 417.7 414.5 388.5 406.6 405.6 397.4 403.7 400.9 399.2 397 393.8 393.9 392.4 392.9 390.3 394.1 400 404.7 408.8 414.3 418.6 422.6 425.6 427.7 427.4 427.9 426.4 422 414.8 407.3 409.3 408.2 407.3 406 405 404.2 401.4 403.9 404.2 403.5 403.6 394.9 404.8 405.7 404.6 399 403.9 404.9 411 413.7 416 415.6 420.4 425.3 431.2 434.1 436.3 438.8 441.6 444.1 446.5 444.6 447.9 453.7 453.2 452.8 455.5 460.5 464.9 473.5 477.9 482.4 482.6 482.2 479.4 482.8 483.9
430 426.5 414.4 395.2 416.9 417.4 411.7 414.1 409.7 410.7 407.9 406.2 403.1 405 404.8 404 409.1 412.4 416.8 424.9 425.4 424.9 426.2 427.8 428.9 429.2 428.5 426.4 419.4 413.1 418.6 423.5 422.6 421.4 419.3 419.1 418.3 415.4 415.4 415 414.8 414.4 400.3 413.7 413.8 414.5 413.5 412.9 416.4 417.7 418.7 419.6 419.9 422.5 430 434.5 436.8 438.6 440.4 443.1 446.9 449.9 451.9 451.4 456.2 457.9 458.4 460 463.9 472.6 478.7 483.3 486.9 487 487.8 486.8 484.7 484.6
437.5 433.6 412.7 406.7 427 427.3 426.3 424.7 424.1 423.9 420.5 422 418.8 419.6 418.8 419.1 421 422 426.9 432.8 430.2 429.2 429.1 429.9 430.6 430.5 429.4 426.7 421.8 424.7 428.6 432.9 433.8 432.9 429.4 427.7 424.8 423.1 421.1 421 418.4 415 402.2 416.7 418.7 419.7 420.4 419.9 420.8 421.5 422.1 423.6 424.8 425.3 431.8 435.5 438.4 440.6 442.4 446.5 451.5 455.2 457.8 453.7 460.5 461.7 463.6 465.6 469.6 472.5 477.6 481.9 483.4 484.9 485.9 485.2 483.7 483
445.6 440.5 424.9 413.6 436.8 437.4 434.2 436.3 435.9 434.2 431.8 432.3 432 433.3 432.1 431.3 431.4 432.7 434.1 436.4 434.5 433.5 433.7 433.9 435.2 433.1 431.8 427.4 425.7 431.4 436.2 440.8 442.1 437.9 433.7 429.1 426.4 424.5 421.8 420.2 418.4 417.5 418.3 415.8 421.2 422.6 423.5 423.9 425.6 427.1 427.3 429.9 429.7 429.5 432.6 436.8 439.9 442.8 448.1 453.7 457.6 461.2 463.4 457.8 465.2 467.1 468.2 472.6 475.7 477.6 479.2 480.4 483.3 484.4 485.3 485.2 485.1 486
452.3 448.5 436.3 429.4 445.1 446.6 443.7 446.3 446.1 442.6 441.9 442.2 441 442.5 443.1 442.6 442.8 442.3 441.8 441.4 439.2 438.9 439 440.5 439.4 436 431.7 429.4 434.5 438.8 442.2 443 440.5 437.6 433.7 431.6 429.5 427.5 426 424.2 422.7 419.8 422.3 419.1 425.2 426.8 428.6 430.3 432 433.1 434.1 437.1 436.9 435.5 436.3 438.2 442.5 446.5 454.4 460 464.2 467.2 469.4 461.4 469.1 474.5 476.5 477.6 480.6 483 485.2 483.9 485.9 486.1 486.5 487.3 488.1 488.4
458.4 449.5 433.2 448.3 453.8 455.6 453.3 450.9 453.4 450.7 449.3 450.3 449.2 451.4 452 451.5 450.2 449.6 447.5 446.2 444.4 444.5 444.6 443.3 439.6 433.2 432.9 435.8 438.9 444.5 445.3 443.9 441.7 439.2 437.1 434.9 433.2 430.8 427.9 426 421.5 420.7 426.5 424 430.6 434 436.5 437.8 439.1 440.2 441 441.5 442.7 441.3 440.8 442.1 445.2 449.9 459.2 464.6 469.1 472.9 476 464.2 476.7 478.2 480.8 482.1 484.7 486.9 487.8 488.5 489.9 489.6 488.8 490.3 489.7 488.6
462.8 443.2 442.8 454.2 459.9 461.6 455.1 459.4 458.8 457.3 455.8 457.3 456 457.3 457.7 456.8 455.1 451.9 450.5 449.2 449.1 449.1 446.5 442.6 437.1 438.1 441.5 442.2 440.7 448.1 447.4 446.4 444.5 442.6 440.2 437.2 434 430.7 426.4 422 424 428.6 432 433.5 436.3 441.2 443.3 444.9 445.9 446.5 447.1 446.8 447.1 445.8 444.4 445.3 448.1 453 461.8 467.6 472.8 478.2 479.5 468.9 480.6 482.6 484.7 486.3 488.3 489.8 492.4 493 493.5 492.7 491.5 491.3 490.1 489.2
459.6 438.8 451.8 461.6 465.5 465.5 451.9 463.2 462.4 462 462.2 463 461.6 462.4 462.9 461.5 459.4 456.9 454.2 452.1 451.8 448.4 443.4 439.6 441.5 444.6 445.8 447.9 450.1 451.4 450.8 449.7 447.3 444.6 441.3 438 434.5 431 427.4 427 429.6 434.2 437.4 439.9 437.1 445.3 448.5 450 451.3 451.7 451.7 451.3 450.8 449.9 449.5 449.7 452.3 459.6 465.6 469 475.4 482 483.4 482.1 475.7 486.2 488.8 490.6 492.2 494.6 496.9 497 496 494.6 493 491.5 490.2 489.1
