Assets/StreamingAssets/GeoData/Data/ny/NY82.asc
ncols 200
nrows 200
xllcorner 380000
yllcorner 520000
cellsize 50
[rows 70 to 104 of 200, columns 0 to 77 of 200]
536.4 537.4 539.5 542.5 544.2 546.8 549.9 550.7 552.6 555.4 561.6 567.9 571.1 574 576.4 579.2 583.5 587.4 589.7 593.5 596.5 600.1 602.1 603.1 603.7 603.3 603.1 601.4 598.4 593.6 585.2 586.1 586.5 585 582 578.7 576.3 575.7 574.2 572.1 570.2 567.1 563.4 561.1 561.2 559.8 558.9 557.3 554 555.1 553.8 549 546.4 555.6 557.2 557.1 557.6 559.9 562.5 565.3 567.5 569.3 571 575.2 579.2 583.9 589.2 595.8 600.9 604.6 605.6 606 607.8 608.5 609.9 613.2 615.5 615.3
540.2 541.8 544.9 548.6 550.6 552.1 555.1 557.3 558.7 556.7 564.8 569.3 572.9 576.1 578.7 583 588.3 589.7 591.6 595.9 600.9 603.4 605.4 606.8 606.8 606.3 605.7 604.3 601.9 596.9 589.6 593 593.3 589.8 584.8 581.3 581.4 583.3 581.8 579.1 576.6 573.1 570 567.6 566.1 564.1 562.2 559.9 557.4 556.8 555.6 553.1 543.2 556.5 558.4 558.4 559.8 561.2 563.6 565.7 567.6 569.4 571.5 576 582.2 589.1 596.3 601.4 602.7 604.9 607.2 609.5 610.9 610.9 613.9 620.4 620.8 618.3
546 548.1 551.2 553.8 555.8 557.3 559.8 562 563.5 565.2 565.1 568.5 573.5 577 581.7 585.2 588.8 590.3 590.7 600.2 603.2 606.5 609.1 609.5 609.5 608.3 607.1 605.9 603.4 599.2 597.6 598.2 597.7 592.6 587.7 585.1 584.8 588.8 586.5 582.1 578.8 575.7 572.7 570.5 568.8 565.9 563.5 560 560 558.2 557.1 557.1 551 555.8 559.3 562.1 565.5 565.3 565.7 567 568.6 571.2 575.2 580.3 591.3 595.4 596.5 598.8 603.2 605.9 609.9 613.1 614.3 615.2 618.2 620.9 623 622.6
550.2 552.7 556.5 558.5 559.4 561.7 563.1 565.6 566.9 568.5 570.4 572.3 575.2 576.6 581.1 585.5 587 597 600.7 604.1 606.9 608.2 610.9 612.5 611.4 608.6 607.3 605.7 603.3 602.8 602.6 601.6 598.5 594.6 591.1 587.8 587.1 588.6 587.1 583.6 579.2 576.6 573.4 572.4 570.2 567.3 563.7 562.6 561.4 560.2 558.6 558.2 554.6 556.2 560.8 563.3 566.6 565.6 568.1 569 572.5 578.3 585.8 591.1 593 596.9 598.7 599.9 602.3 607 613.4 617.4 618.5 620 621.2 622.9 624.9 624.9
555.1 557.8 560.3 562.4 562.9 565 566.3 567.8 570.1 571.2 572.5 574.1 577.1 581.3 585.3 592 596 600.2 603.9 606.6 608.8 609.7 613.5 616 613.9 608.9 607.5 605 605.1 605.2 606.1 603.9 602.1 596.5 593.4 589.4 589 588.8 587.9 585.1 582.3 578.7 575.5 573.4 569 568.1 566.3 564.7 562.9 560.1 559.1 559 550.6 559.4 562.5 564.8 565.7 567.5 569.3 570.7 576.1 586.5 590.6 593.9 596.3 597.3 599.2 601.2 603.6 608.6 614.7 618.1 619.8 623.5 624.7 626.3 627.9 629.4
559.8 562.5 562.8 565.2 566.6 567.4 569 570.2 572.1 573.3 575.1 578.4 582 584.7 591.6 595.5 600 602.6 607.3 610.5 611.4 614.5 616.4 617.3 615.2 610.5 608.9 607.1 607.7 607.7 608.3 606.9 604.2 602.2 597.1 592.8 590.1 590 588.9 587.6 585.7 581.7 579 576.9 575.4 572.3 569.1 566.3 562.5 560.7 559.5 557 557.2 559.4 562.4 564.6 565.8 567.1 569.4 572.3 582 589.4 594 598.4 599.3 599.4 600.5 602.6 605.7 610.2 613.7 618.1 621.6 625.4 628.6 631.2 633.3 633.8
562.6 564.7 566.6 567.7 569.3 570 571.9 573.7 574.9 577.5 581 584 589.1 589.1 595.1 599.2 602.1 605.8 609.4 613.4 616.8 616.1 617.9 617.8 616.1 614.5 610.9 609.9 609.1 609.8 609.8 608.3 606.1 604.1 600 598.2 593.7 592.6 591.7 591.1 590.5 588.5 585.1 582.5 579.9 576.8 572.3 567.9 564 560.9 559.2 559 556.5 559.8 562.1 564.3 565.2 566.5 569.3 574.9 586.1 590.7 597.4 600.9 599.5 600.9 599.9 603.7 607.4 610.6 614.5 618.1 622.4 628.2 634.1 637.8 638.1 637.7
566.4 568.1 569.2 571.7 572.2 574.7 576.9 579.2 580.6 583.6 586.9 590.3 594.1 595.9 597.5 601.1 603.4 607 611.2 616.4 617.8 616.9 618.8 619.4 618.7 617.1 615 611.7 612 613.4 612.9 611.8 608.8 606.5 603.9 600.9 596.2 592.8 591.6 591.5 592.1 589.9 588.7 585.6 582.1 578.8 573.6 570.4 567.4 564.6 560.7 560.3 559 560.8 563.2 565.2 567.1 567.7 571 580.5 589 594.7 598.6 601 601.8 602.3 604.1 605.5 609.7 612.9 616.8 620.9 626.4 633 634.6 638.6 639.4 638.9
570.2 572.8 574.7 576.1 576.8 579.3 582.2 585.9 588.3 589.6 594.1 595.8 598.4 599.8 600 601.8 603.9 608 613.3 617.5 619.2 618.6 620.9 621.1 620.1 619.1 615.6 614.7 616.1 615.8 614.3 614.1 613.5 608.9 605.2 600.4 597.1 594.3 593.5 593.3 591.5 591.5 590.2 586.8 582.6 579.1 577.5 574.9 571.3 567.6 565.2 562.2 562.6 560.5 564.7 567.1 569.6 571.6 576 585.9 591.1 597.8 600.3 601.3 603.1 605.6 607.8 610.5 613.5 615.7 620.2 625.6 631.2 631.9 634.6 637.4 639.2 639.7
575.1 577.9 579.4 581.5 581.9 584.5 587.9 590.8 593.8 595.9 598.7 600.4 602 602.9 604.2 604.4 606.9 610.2 616.5 620.2 622.7 621.7 623.4 622.4 622.1 620.2 619.6 618.2 618.2 616.9 617.2 616.3 614.6 610.9 607.3 602.1 599.3 597.4 595.7 595.1 594.9 593.6 590.8 588.5 585.7 583.1 580.7 578.4 575.1 571.6 568.5 565.7 566 565 565.4 570 572.6 577.4 583.6 590.2 595.5 598.5 601.2 602.8 605.2 607.4 612 617.6 620.8 621.9 625.8 630.5 633.5 635.5 635.2 638.5 641.2 641.6
581.7 583.7 584.8 586.5 589 590.3 593.6 595.6 599 600.9 601.8 604.2 605.4 606.7 607.5 608.2 611.9 618 621.8 625.9 627.3 626.1 625.8 626.3 625.9 624.7 622.4 620.1 619.8 619.2 618.9 618.3 616.2 613.9 611.2 606.7 600 598.4 597.9 595.6 596.8 595.1 592.9 590.7 587.4 584.6 581.7 580.1 577.3 574.4 572.3 569.9 570.4 571.1 573 574.4 577.5 581.1 587.7 594 599 601.4 602.6 605.1 607.9 610.3 615.2 622.5 627.3 629.8 631.7 635.1 638.4 641.3 642.7 643.2 643.1 642.7
586.9 589.1 591.4 592.1 595 595.2 598.8 601.8 605.2 607.2 608.6 610 611.7 611.8 613 614.6 621.5 627.4 628.8 631.2 633.4 635.6 639.7 639 638.1 638.5 638 631.8 628.2 625.1 621.7 621.2 619.9 617.5 612.7 607.5 601.2 599.2 600.9 600.6 599.1 597 595.1 592.8 590.4 587.3 585 582.6 580.3 577.9 574.8 573.8 575.7 577.5 579.8 576.3 582.2 585.4 590.5 596.9 600.7 603.3 605.5 607.5 609.7 613.3 618.2 624.9 630 634.1 637.6 641.4 643.6 645.9 647.4 647.7 646.7 646.7
592 595.1 597.1 598.2 599.9 601.3 603.6 608.6 612 614.4 614.2 614.9 617.6 618.2 621 622.6 626.7 631.7 633.7 638.7 642.1 642.5 643.3 643.8 643.9 643.2 642.5 638.5 633.5 630.6 627.7 627.1 624.9 621.7 616.3 609.6 604.9 602.7 604 603.4 601 598.7 597.9 596.8 594.8 592.3 589 585.2 583.1 580.7 577.9 577.4 576 583.3 584.8 582.5 587.8 590.1 595.1 597.6 601.6 604.1 607.2 610 612 615.8 622.3 627.2 632.7 638.2 644 647.8 650 650.8 651.1 651.9 651.7 651.3
599.2 600.8 602 603.2 605.5 607.4 609.7 613.8 617.8 620 621.2 621.6 624.6 628.1 630.9 632.8 633.9 637.9 641.1 643.3 644.5 644.8 644.3 644.7 644.5 644.4 644.3 644.5 639.1 636.9 638.4 642.7 636.3 629.2 618.3 612.2 608.2 605.6 603.7 604.4 600.9 601.5 602.1 601.2 599.1 596.9 593.8 589.9 587.5 585.2 582.9 582.4 584.4 587 589.4 590.3 589.7 595.4 597.4 601.1 603 606.3 609.4 612.8 615.9 620.5 624.9 629.8 636.2 643.2 650.5 653.9 657.1 657.9 659.8 661.4 659.3 656.5
603.2 605.3 607.7 609.3 611.4 614 615.9 617.3 622.5 625.9 628.7 632.4 635.1 638.4 639.7 640.3 641.6 642.6 644 645 645.5 644.9 644.7 646.1 644.8 644.4 645.5 647.2 646.5 643.8 642.3 645.3 644.2 635.4 623.4 616.2 611.4 609.4 605.9 605.1 601.5 603.8 604.8 604.6 603.8 602.2 599.3 596.5 593.4 590.5 587.1 586.8 589.2 586.4 593.2 593.6 596.3 596.6 600.5 602.8 606.4 610 615 618.4 622 625.8 628.4 633.3 639.2 646.6 653.2 657.8 663.9 666.6 668.9 670.6 665.9 664.2
606.7 610.2 614.1 616.1 618.3 619.7 624.1 627.8 631.4 636.7 640.3 641.7 641.8 643.8 643.7 643.6 645.1 645.1 645.4 646.5 646.3 645.6 645.5 647.1 647.7 646.8 647.8 648.3 648.5 648.7 648.6 646.6 647.6 644.2 636.4 628.9 620.7 613.6 611 608.3 607.7 607.2 607.2 607.6 607.1 603.8 603.8 602.2 599.5 595.5 592.7 593 594.2 593.4 596.1 596.7 599.6 599.6 602.8 605.2 608.6 613.2 618.4 622.4 625.6 629.9 633 636.4 641.6 648.8 656.2 660.7 667.1 671.5 671.3 674.1 672.7 671.9
612.7 616.8 619.6 622.2 626.9 633.7 638.1 639.3 640.2 643.6 644.9 645.2 645.6 645.3 645 645.7 647.3 646.9 646.8 647.3 648.4 648.1 648 649 650.1 649.3 650.6 649.9 649.9 649.3 650.8 650.5 650.5 648.5 645.6 637.6 630.5 626.2 619.7 613.8 611.7 611.4 609.9 608.9 606.7 606.7 607.5 606.4 603.6 601 597.9 598.2 598.4 598.2 597.2 601.3 602.6 603.7 605.3 608.5 611.3 614.9 620.9 626.2 629.7 633.5 637.6 642 646.9 654.7 660.2 665.4 671.1 676.5 678.1 677.3 673.6 671.9
617.8 620.8 625.8 634.5 645.2 645.9 647.1 646.7 646.9 647.9 647.7 646.2 646.5 647.6 646.6 648.2 648.5 647.8 647.7 649.6 652.5 652.1 652.2 651.8 651.6 653.4 653.6 652.9 652.5 652.5 653 653.3 652.2 650.4 649 646.1 642.8 637.4 627.2 619.9 617.6 616.4 612.6 608.4 608.2 608.2 608.6 606.6 604.6 602.7 602.4 602.1 602.2 601.5 600.5 603.6 605 607.7 606.5 611.8 614.1 619.2 624.6 628.8 632.7 637.1 640.7 645.5 652.7 658.7 663.2 668.7 672.3 676.5 679.1 681.3 679.2 677.5
621.5 627.6 637 646.2 649.3 649.6 650.6 648.4 648.5 650.1 649.9 649.5 649.6 648.2 648.2 650.6 649.9 650.6 650.2 651.8 653.5 653.2 653.3 654.2 655.3 657 656.9 655.4 654.7 655.7 656.1 656.4 654.9 652.9 651.6 649.9 648 645 638.5 632.2 626.4 620.9 617.6 613.9 609.8 609.2 608.2 607.6 605.6 605.2 604.5 604.3 604.7 604.4 603 603.9 605.7 608.8 611.9 613.4 617.8 622 626.7 631.6 635.1 639.6 644 650.5 656.3 661.8 667.2 670.8 673.5 677 678.7 680.1 682.9 680.2
627.6 640.1 647.2 650.4 651.3 651.5 650.3 650.3 649.1 651.5 651.7 653.6 652.4 651.9 650.5 652.4 652.2 653.4 651.7 652 653.4 654.5 654.4 655.1 656.9 658.4 658.2 656.8 656.8 657.2 658.6 659.9 660.3 657.8 655.2 653.2 650.5 649 645.2 644.9 640.6 633.1 627.8 621.7 615.8 614.7 611 610.5 608.6 608.1 607.1 606.8 607.3 607.3 605.7 607 609.8 612.9 615.9 616.3 617.8 623.6 629.5 633.9 637.1 641.4 647 654.9 659.4 666 670.5 674 674.6 676 677.9 680.6 683.9 684.3
638.9 647.7 649.7 651.8 652.8 653.6 650.7 651.1 651.9 652.4 654.2 654.1 653.6 654.7 654.4 654.8 653.8 654.4 654.6 654.1 655 656.2 656.1 658 658.8 659.1 659.9 660.3 659.6 659.8 661.4 663.8 664.5 664.2 660.7 657.9 657.6 655 651.9 652.4 648.7 645.6 638 631.9 628.3 624.1 620.3 616.5 614 612.1 612.9 612.9 612.7 612.4 611.2 613 615.3 617.9 620.1 621.2 624.7 627.1 631 635.4 639.1 644.3 651.3 657.4 662.6 668.4 672 674.3 675.3 676.7 678.2 681.4 683.4 684.5
642.1 649.8 652.1 652 653.9 653.2 652.7 652.4 654.4 655.3 656 655.8 656.5 657.5 657.1 657.1 657 657.3 655.7 657.1 657.9 657.8 658.8 660.2 661.6 662 664.2 664.2 664 663.5 666.1 670 670.6 668.7 664.3 664.3 662.2 660.9 658.4 657.1 655.2 654.8 650.1 644.2 642.9 638.3 637.1 633.3 627.4 624.4 622.7 622.7 620.6 619.8 618.7 621 622.9 624.8 626.6 627.4 629.2 632.3 634.5 638.2 643.4 649.3 655.2 661.6 666.9 671.3 672.5 674.2 676.2 677.2 678.7 680.5 682.5 684.2
644.2 651.2 651.5 652.5 653 653.8 654 654 655.3 658.8 660.1 660.3 660 662.2 660.7 662 663.7 663.6 662.7 663.2 662.4 662.1 663.4 666 666.8 667.6 668.7 673.5 676.2 678.2 683.2 685.9 683.5 679.7 677.2 674.9 671.6 669.6 664.2 661.4 660.6 660.7 658.3 656.2 657.5 656.4 654.4 652.7 649.5 645.2 644.2 641 637.9 633.3 630.3 631.2 632 633.2 633.8 634.6 636.5 638.3 641.6 644.2 648.9 653.6 659.7 666.3 669.6 672 673.6 675.5 676.4 677.8 678.9 680 681.7 683.4
644.3 649.8 650.4 652.2 655.2 654.9 655.5 657.6 658.8 661.2 663.4 666.2 668.5 670.1 671.6 672.4 672.5 673.4 672.2 670.8 672.7 672.9 671.5 674.3 675.9 676 683.7 689.6 693.4 694.4 698.4 700.4 699.8 694.8 690.3 687.5 684.6 681.9 676 668.8 666.9 666.1 665.8 667.7 667.7 666.1 664.4 663.3 662.1 659.5 656.8 654.9 651.5 647.9 643.2 641.8 641.4 641.4 642.3 642.8 643.9 645.6 647.3 649.8 653.8 657.8 665.1 668.1 670.4 672.4 674.8 677.2 677.8 678 678.5 679.2 681.3 683.2
642 648.2 650 653.4 656.4 658.4 658.5 662.3 664.7 667.2 669.6 672.6 675.2 676.5 679 681.9 684 685.7 685.7 684.3 686.7 685.1 682.9 684.4 687.9 690.6 694.2 698.4 701.7 702.9 705 706 705 702.7 698.7 696.7 694.5 693.6 692 684.9 679.5 675.7 672.7 671.6 672.4 670.8 670.4 668.9 669.6 668.4 665.6 663 659 655.2 651.6 649.4 647.6 647.9 648.6 649.7 650.2 651.4 653 655.9 658.9 662.4 667.4 669.4 671.4 673.7 675.6 677.3 677.6 678.1 678.4 679 680.1 681.4
649.1 649.2 651.7 654.9 655.7 660.8 665.4 669 671.9 675 676.9 678 681.7 684.9 688.8 691.6 692.5 693.8 695.2 695 694.5 691.8 691.8 693.4 695.3 698.6 700.9 703.8 707 708.2 710.4 711 709.5 707 705.7 704.8 703.3 703.2 701.6 698.2 694.6 686.9 680.5 676.6 677.1 674.6 674.3 673.1 673.9 672.8 671 669.3 668.3 665.2 661.8 659.2 656.3 656 656.2 656.2 657.5 658.4 659.2 661.2 664.1 667.3 669.8 671.1 672.8 674.3 675.2 675.5 676.4 677.4 677.9 678.7 679.1 680.2
651.2 651.5 652.6 657.5 661.6 666.3 671 675.3 678 680.1 682.5 685.2 690.1 694.8 698.4 700.5 702 702.1 701.9 702.8 700.7 701.3 699.1 700.9 701.4 705.4 708.1 711.2 713.6 715.3 717 718.5 717 714.7 712.8 712.2 711.7 710.3 707.9 705.2 701.5 696.9 690.4 684.2 682.7 680.4 678 678.3 678.5 678.1 676.2 674.1 673 669.7 667.4 665.4 665.2 662.7 663.2 663.1 662.9 662.8 662.8 665.1 666.4 669.7 670.9 672.8 672.9 673.4 674.3 675 676.2 676.8 677.2 679 678.1 678.2
652.3 653.2 656.9 661.5 667 671.2 674.8 677.7 680.1 683.7 688.8 693.1 699.1 703.2 705.9 709.2 710.2 711.4 712.5 712.8 711.6 711.6 709.7 710.7 709.2 713.6 716.7 719.3 721.7 724 725.3 727 726.3 725.9 724 724.4 724 721 718.1 713.4 708.1 702.9 697.8 693.3 690 685.9 684.3 684.2 684.5 683.3 681.3 678.4 677 675.2 673.3 671.6 670.9 668.6 668.1 667.5 667 666.5 666.2 668.2 669.6 670.1 672.1 672.6 672.8 673.2 673.9 674.6 675.5 676 676.4 678 678 678.5
654.6 656.5 662.1 667.1 671 674.4 678 681.7 685.6 690.2 696.5 703.2 709.9 712 714.7 716.6 718.1 719.1 720.6 720.1 719.8 720.6 719.8 719.9 717.5 719.5 723.6 725.1 728 731.5 734.8 734.7 738 738.5 737.1 735.8 732.9 733 729.5 723.1 715.8 710.3 703.6 701.6 698.5 696.7 693.4 692.9 693.6 692.1 689.8 686.9 684.1 682 680.2 679 677.6 676.6 673.8 673.3 672.5 671.8 670.3 671.2 671.2 671.4 672.3 673.9 672.9 673.8 674.1 675.4 675.2 675.5 676.2 676.8 676.5 676.8
656.9 661.5 666.8 671.5 674.5 678.6 682.7 687.5 692.1 697.6 705.3 711.6 716.1 719.6 721.1 722.2 723.6 725.5 727.2 727.2 727 727.7 729.3 731 728.6 728.6 731.1 731.1 734.7 738.4 741.5 743.2 746.1 748.1 748.5 749.6 748.9 744.4 739.5 732.4 726.4 719.9 713.9 711.2 711.2 709.7 705.9 703.4 702.2 699.4 698.8 694.3 693 693.3 690.9 688.8 686.1 683.9 681.7 679.8 677.7 677.5 675.6 674.2 673.7 673 673.3 673.1 673.1 674.5 675.4 674.8 673.9 675.5 675.2 674.9 676.5 675.6
660.6 666 671.9 674.8 678.6 682.6 687.9 693.2 698.6 704.6 712.5 718.4 722.6 725.6 728 729.2 731.6 734 737.3 736.8 736 735.3 736.2 738.5 738.3 739.1 736.2 737 740.8 745.6 747.6 750.5 751.1 752 751.2 752.9 754.3 751.3 750.3 743.8 737.3 731.4 726.4 723.4 722.6 720.5 717.4 714.9 713.4 711.1 709.7 703.7 704.9 702.4 700.3 697 694.1 689.4 687.7 686.1 683.4 681.8 679.8 678.1 675.7 675.5 673.5 673.2 673.3 673.7 674.3 673.5 673.5 673.7 673.9 674.1 674 674.1
666.7 670.3 675.8 679.4 683.5 688.3 693.4 699.8 705.8 712.3 719.1 724.1 727.3 730.4 736.9 742.2 741.4 742.1 745.5 746.4 744.8 744.3 745.2 746 744.1 741.2 742.2 747.4 749.3 753.9 756.5 756 756.2 755.9 754.2 753.5 754.4 755.4 753.5 753.4 750.5 745 738.1 734 733.4 733.4 730.9 727.4 726 722.7 717.3 715.8 715.2 713.1 711.1 708.5 703.5 697.5 691.9 690.1 688.6 686 683.2 680.3 678.9 677.4 674.7 673.4 672.7 672.2 671.9 672.1 672.4 672.3 672.7 672.9 672.6 672.9
672.7 675.5 680.3 684.6 689.8 693.7 699.4 705.5 713.2 718.9 724.8 729.8 734 742.6 748.8 751.6 749.7 754.4 756.5 756.4 755.3 755.4 754.6 752.9 751.5 748.7 749.7 747.8 751.4 757.5 756 756.9 755.2 753.7 752.1 752.3 752.2 753.4 753.9 754 754.1 753.8 748.3 744.1 746.2 750 746.8 741.4 736.5 735.5 735.8 730.4 726.3 724.2 721 717.2 712.8 706 698.6 692.4 691.1 689.9 687.4 684 681.9 679.7 676.9 674.4 673.4 672.4 670.9 670 671.3 671.7 671.8 671.6 671.5 671.6
676.4 681.2 686.1 690.6 696.4 700.2 705.7 712.7 720.3 725.6 731.6 739.4 746.7 754.9 756.3 757 761.5 765.4 765.6 765.7 763.2 760.8 758.5 758 757.7 753.9 751.6 751 750.5 750.5 749.2 750.1 748.4 748.3 747.5 749.6 751.2 753.1 753.3 753.7 754.6 755.6 753.8 752.2 752.9 756.8 753 749.5 745.9 746.9 746.2 742.1 737.6 734.1 730.4 724.6 718.8 712.4 704.1 695.4 692.7 691.2 690.2 687.4 684.1 681.2 678.9 676.1 673.7 673.1 665 657.5 667.8 667.8 669 668.9 668.5 669.4
681.4 687.6 692.4 698.5 704.6 709.3 714.4 721.4 727.7 734.7 742.7 751.7 755.6 760.3 765.4 770 772.5 772.9 773.8 772.6 767.4 765.6 762.8 760.8 757.1 753.9 750.4 748.8 747.9 743.5 740.5 745.9 743.5 742.6 744.5 739.2 737.4 735.3 739 747.8 753.3 755.1 754.1 753.9 754.3 757.1 755.9 754.5 752.9 752.7 751.6 750 744.6 740.8 736.8 731.1 723.8 717.9 711.5 702 694.6 693.9 693.2 689.8 686.2 683.7 680.8 678.8 675.3 672.8 671.3 665.3 650.2 654.5 661.7 662.7 664.5 665.4
