Assets/StreamingAssets/GeoData/Data/ny/NY84.asc
ncols 200
nrows 200
xllcorner 380000
yllcorner 540000
cellsize 50
[rows 35 to 69 of 200, columns 78 to 155 of 200]
372.6 368.2 364.1 360 355.7 349.5 345.9 349.3 353.6 353.5 353.7 355.6 356.6 359.8 362.2 361.1 360.5 354.7 346.1 337.4 332.9 332.3 331.8 342.2 360 370.6 378 383.1 387.5 392.3 398.4 405.5 409.3 412.9 416.7 421 425.7 430.8 435.6 440.6 443.1 445.8 449.2 454.5 460.6 464.6 469.1 476.3 485.5 491.6 495.4 497.7 500.3 503.4 507.7 512.3 514.1 514 514.5 513.7 511.8 509.8 506.4 502.7 499.6 498.3 497.4 496.5 495.6 494.6 493.2 491.4 489.1 486.3 483.3 480.2 475.7 471.8
368.4 364.3 359.6 354.3 347.5 349.8 351.5 357.4 357.8 357 357.4 359.1 361.1 362.2 368.9 367.3 362.9 356.5 349.9 340.4 333.7 333.1 334.4 342.5 360.8 372.1 381 387.3 393 398.4 404.7 410.8 414.3 417.8 422 426.3 430.9 437 444 449.4 452.3 453.7 457 461.2 465.3 469.2 473.7 480.9 489.6 494.4 497.8 500.7 502.4 505.7 510.9 514.5 515.2 515.1 515 514.7 512.6 509 506 502.2 500.1 498.8 497.6 496.5 495 494.1 492.7 489.9 486.9 484.1 480.4 476.1 473 468.4
366 362.4 358 351.1 355 359.1 361.1 362.6 362.2 361.6 361.7 362.9 365.1 367.9 366.5 368.4 367 358.4 351.8 343.6 337.1 334.1 335.6 341.6 360.5 372.7 381.5 389.7 396.9 402.8 409.7 414.9 418.7 422.6 426.1 430.5 435.2 443.1 450.5 457.2 458.9 459.4 462.2 466.1 470 473.9 478.8 486.2 493.3 497.4 501.4 503.5 505.3 509.1 513.7 516.5 516.3 516.2 515.8 514.7 512.7 509.2 505.9 502.5 500.3 498.9 497.1 495.2 494.7 493.5 491.5 488.1 485 481.4 477.6 473.8 470.2 467.1
365.4 361.2 353.9 354.8 360.8 364.5 366.7 367.4 367.4 366.6 366.4 367.6 369.1 366.5 366.5 366.5 368.6 358.7 352.3 345.2 338.7 333.8 335.7 339.8 358.4 372.1 381.5 391 399.7 406.2 413 417.3 420.7 425.1 429.2 433.2 440.1 448.1 458.5 462.3 463.7 464.9 467.6 471.4 474.3 477.9 484.3 491.4 496.8 501.2 504 506.2 509.3 514.4 517.7 518.2 517.3 516.9 516.3 515.1 513.1 509.7 505.8 503.1 500.9 498.6 498 496 496.1 494.3 491.2 487.7 482.7 480.2 474.9 472.7 469.3 465.7
362.3 357.4 353.8 359.8 365.2 369.3 372.1 371.4 371.9 370.9 371.2 371.4 371 366.5 366.5 366.5 370 362.1 356 347.5 340.9 333.7 335.8 337.8 354.9 370 379 389 399.5 408.2 414.5 418.5 422.5 427.4 431.5 436.1 444.3 452.5 462 465.9 467.5 469.5 473 476.3 479.5 483.5 490.9 496.1 500.4 504.7 506.6 508.7 513.3 518.4 520.6 519.7 518.8 517.9 517.3 516.4 513.4 509.1 506.1 503.4 501.2 499.8 499.1 497.6 496.4 494.1 490.1 486.1 483.8 479.8 476.7 473.3 470.8 469.2
357 357.8 361.5 365.1 370.8 374.7 375.5 376.7 375.4 375 375.8 375.2 373.6 370.4 369.2 369.8 371.3 364 356.4 352 342.4 336.8 335.8 337.7 351.5 365.5 376.1 385.3 395.9 406.5 414.4 418.7 423 428.5 433 438.1 446.4 455.8 465.7 469 471.2 474.3 477.8 480.8 485.3 490.8 496.3 500.4 504.3 507.4 509.6 511.7 517.7 522.2 521.7 520.9 520.5 519.7 518.5 517.3 514.2 509.4 505.8 503.4 501.8 501.4 500.3 498.2 496.3 493.8 490.7 488.1 484.2 480.1 478.1 475.9 473.4 472.7
365 368.8 371.8 374.3 377.6 380.5 381.5 381.1 380.2 379.4 379.8 377.6 375.5 373.3 371.2 371.6 371.6 366.3 358 350.4 343.1 338.2 336.2 337.8 348.4 361 372.3 382.2 392.5 402.9 412.8 418.3 423.5 428.5 433.3 439.1 448.1 459 467.8 471.9 475 480 484 487.2 491.9 496.4 500.7 504.6 508.1 510.7 512.7 515.7 521.3 524.4 523.2 522.7 522.9 521.4 519.5 517.9 514.4 509.7 505.7 504 503.7 502.5 501.2 498.6 496.7 494.4 491.7 489.5 487 483.6 481 478 477 474.3
369.9 373.4 377 379.9 383.3 386.1 385.7 385.3 383.5 384.1 382.8 380.6 377.7 374.5 372.4 371.7 370.8 366.5 359.6 349.5 344.1 338.5 337.6 336 347.4 359.5 369.6 379.1 389.9 400.1 411.2 417.3 422.7 428.3 433.4 440.9 451.1 462.5 469.8 474.3 479.6 484.2 490 494.5 498 501.2 505 508.4 511.2 513.6 515.2 519.1 525.2 526.5 525.5 524.7 524.5 522.3 520.4 517.8 513.9 510.4 506.4 505.4 504.5 503.5 501.9 500.1 497.9 495.6 493.3 491.1 488.1 485.5 482.4 480.8 478.9 475.6
375.7 378.3 381.9 385.5 388.4 390.7 390.1 387.6 388.2 387.2 385.4 382.9 380.9 377.6 374.3 371.4 369.6 364.9 357.3 349.1 344.4 340.3 338.6 338 348.2 361 371.6 382 390.5 401 410.8 416.9 423.8 429.4 434.6 443.5 454.1 465.2 471.7 477.5 483.9 489.7 495.9 499.7 502.5 505.3 509.2 512 514.3 516.2 518.3 521.4 526.8 527 526.3 525.2 525.7 523.1 521.5 517.7 514.1 510.5 506.9 506.1 505.6 504.6 502.9 501 498.8 497.1 495.1 492.1 488.9 486.1 484.6 483.1 479.8 476.7
381.2 383.6 387.6 391.2 393.8 394.9 393.3 392.9 391.5 389.7 387.8 384.9 383.1 381.1 378.8 374.3 370.6 366.2 356.6 351 346.9 340.8 339.3 337.1 351.5 363.2 372.8 381.7 392.6 402.9 411.9 418.5 425.7 431.3 437.7 446.1 456.9 468.9 474.5 481.1 488.6 496 500.2 502.8 506.4 509.3 513 514.8 517 518.9 521.4 523.9 526.7 527.4 527.3 526.1 525.2 524.1 520.6 516.5 513.2 510.2 508.1 507.3 506.7 505.4 503.5 501.8 499.8 498.2 496.1 493.3 490.3 488.3 486.7 484.7 483.3 481.2
388.7 390.8 392.9 396.5 399.2 399.4 398.8 396.9 394.2 391.6 389.5 386.9 385 383.2 381 378 373.8 367.5 356.4 349.3 345.6 340.7 339.2 341.2 354 365.5 375.2 385.3 394.5 404.8 413 420.2 427.8 433.8 440.4 449.3 461.4 472.6 478.1 484.8 494.2 500 503 506.1 509.9 512.8 515.9 517.6 519.9 522.5 524.4 526.1 527.3 527.1 527 526.3 525 522.9 518.9 515.3 512.5 510.1 509.3 508.2 507.4 506.1 504.6 502.6 500.9 499.2 497.5 494.7 493 491.3 489.1 488.2 486.4 485.6
395.8 397.5 399.5 400.9 403.2 403.5 402.7 400.1 396.6 393.6 391.1 388.3 386.4 384.3 382.3 378.9 374.4 367.8 356.6 348.5 343.5 341.1 338.6 343.9 354.5 366.6 377.2 387.8 397.7 407.2 415.3 422.9 430.4 437.3 443.6 453.4 466.7 476.4 481.8 488.7 498.1 502.6 505.9 509.1 512.8 516.3 518.3 519.5 521.5 524 525.2 527.2 528 526.9 525.6 524.6 521.8 519.4 516.5 514.4 512.1 511.9 510.4 509.5 508.6 507.4 505.8 503.8 502.3 500.1 498.3 496.7 495 493.4 491.6 490.6 488.3 488.7
402.4 403.5 404.8 406 407.6 408 406.4 402.7 398.5 395.3 392.2 389.5 387.6 385.2 382.8 379.2 374.9 369 358.6 349.8 344.4 341.5 341 348.3 355 366.9 378.2 389.4 398.9 409.5 418.3 426 434.4 441.1 447.1 458 471.1 479.6 485 492.3 500.7 505 508.4 512.5 515.5 518.1 518.7 520.3 522.2 524.4 525.7 529.4 529.4 528 526 522.2 519.6 517.5 515.6 513.8 513.6 512 511.4 511.2 510.2 508.8 507.9 506 503.8 502.2 500 498.2 496.4 494.6 494.6 492.5 492 491.2
408.5 409.1 410 410 411.3 411.4 408.9 405 400.4 396.5 393.2 391 388.8 386.1 382.8 379.2 374.9 368.2 358.6 351.3 343.6 340.2 343.7 348.3 355.2 366.8 378.8 391.1 397.5 412 421 428.6 437.9 445 451.4 462.3 474.3 481.8 486.6 493.6 501 505.6 509.7 514.1 515.5 517.4 518.5 520.1 522.4 524.4 526.6 528 528.9 528.3 525.7 521.3 518.7 516.8 515.3 514.9 513.6 513.2 512.8 511.8 511 510.1 509.2 507 506 503.9 501.7 500 497.8 496.9 496.5 493.9 494.3 493.6
414.6 416.2 415 414.6 414.3 414.3 410.4 405.4 401 397.2 394.1 391.9 389.6 387 383.9 379.8 375 367.4 359.2 352.2 343.9 342.7 346 348.8 354 366.2 378.2 391.7 401.6 414.5 424 431.5 440.3 447.9 454.2 464.2 475.3 481.9 486.4 491.6 498.2 504.2 509 512.5 514.5 516.7 517.9 520.2 522.3 524.9 527.9 528.4 528.6 527.3 524.5 521.1 518.5 517.5 516.3 515.1 514.8 514.6 513.7 512.7 512 511.6 510.2 508.9 507.4 505.4 503.3 501.3 500.2 499.6 497.9 496.6 496.3 495.9
420.4 421.4 420.8 417.3 417.2 416.1 412 405.7 401.6 398 395 392.7 390.3 387.9 383.7 379.4 375 369.1 362.5 354.8 344.8 345.4 347.1 349.7 353 365.7 377.7 390.9 403.5 416.3 426.4 433.9 442.8 450.6 456.8 464.6 473.4 479.8 484.4 488.8 493.5 498 504.7 508.6 512.6 515.6 518.5 521.1 522.7 524 525.8 527 527.5 526.2 523.8 520.3 519.2 518.3 516.7 516.3 515.7 515.3 514.7 513.8 513.3 512.7 510.7 510.1 508.8 507 505.1 503.4 502.3 501.1 497 498.9 498.4 497.9
425.6 426.4 425 420.8 419.8 417.9 412.9 407.3 402.4 398.7 396 393.6 391.2 387.5 384.1 379.9 375.5 370.7 364.9 359.8 349.6 345.1 348.2 350.3 353 364.9 376.5 389.7 401 417.3 427.8 435.3 444 452.6 458.8 463.4 469.6 475.4 480.9 485.2 489.3 493 497 501.7 508.9 514.4 519.2 521.7 522.9 523.8 525.4 526.4 526.1 524.6 522.8 521 520 518.9 517.9 516.9 516.3 515.8 515.4 514.8 514.3 513.6 512.5 511.6 510.2 508.6 506.7 505.5 503.9 503.2 501.7 500.9 500.3 500.1
430.5 431.2 428.6 423.8 421.7 419.8 414.3 408.6 403 399.6 397 394.8 391.3 388 384.3 380.8 377.5 372.3 366.5 362.4 355.2 345.6 347.5 351.2 354 364.1 376.5 389.2 400.5 417.3 428.4 434.8 444.2 452.3 459.1 462.6 467.4 471.4 476.2 480.9 484.2 488.1 492.2 497.3 504.5 511.3 517.3 520.9 522 523.9 525.7 526.6 526.3 525.1 523.3 521.7 520.5 519.4 518.6 517.5 517 516.5 516.1 515.7 515.4 513.9 513.5 512.6 511.6 510.2 508.9 507.6 505.7 504.6 504.1 503.5 502.7 502.3
435.1 435.5 432 427.1 424.3 421.2 414.9 409.6 404.8 401 398.3 396.1 393.1 388.2 385 380.8 377.9 372.7 367.7 365.2 360 350.4 346.3 351.3 353.9 363.4 375.9 389 401.7 415.5 426.8 434.3 441.9 450.4 456.6 460.4 463.2 467.5 471.7 475.7 479.3 483.6 488.8 493.5 498.5 505.4 512 517.2 522 525.3 526.9 526.5 526.1 525.1 523.7 522 520.9 519.9 519.1 518 517.4 517.4 517.1 516.7 515.7 515.5 514.6 514.1 512.9 511.6 510.4 509.2 507.6 506.6 506.2 505.2 504.8 504.3
439.7 438.6 435.9 429.4 426.1 423 416.8 410.6 406 402.7 400 397.4 394.1 389.3 385.3 380.9 378 373.8 369.4 366.6 361.9 351.9 346.5 349.8 354.4 362.3 376 389.7 400.6 412.6 423.6 432.5 438.6 446.2 452.7 456.8 459.8 464.2 466.2 470.3 475.1 480.8 485.2 489.7 493.8 498.3 504.5 513 519.3 524.4 527.8 527.1 526.3 525.7 524.2 523.1 522 520.9 519.8 518.9 518 518 518 517.7 516.6 516.4 515.8 514.9 513.8 512.9 511.8 510.6 508.7 508.4 508 507.4 506.8 506.1
443.1 442.7 438.6 431.9 427.8 424.4 418 412.4 407.9 404.5 401.7 399 394.3 389.5 385.3 380.6 378.4 375.3 371.3 368.5 364.5 353.1 349.1 349.2 355.8 363.4 375.5 388.2 399.4 408.9 419 427.9 435.2 440.2 446.6 451.7 455.9 459.2 461.7 465.9 471.4 477 481.6 486.8 490.9 495 499.6 506.6 515.3 522.1 526.7 528.1 527.2 526.3 525.4 524.3 523.1 522.3 521.5 520.4 519.3 519.1 519 518.5 517.5 517 516.6 515.6 514.7 513.9 513 511.9 510.4 510.1 509.8 509.4 508.8 507.9
447.5 445.7 440.2 433.6 429.3 425.4 420.1 414.4 410.1 406.5 403.6 400.4 395.2 390 385.6 381.8 378.3 377.2 374 370.9 366.4 355.6 349.7 349.8 354.5 362.5 374.8 386.4 396.2 403.8 413.3 421 428.7 435.7 440.2 445.3 449.6 452.4 455.5 461.3 467.8 472.6 476.6 481.8 487.8 493.3 497.1 501.2 508.8 517.2 523.8 528.2 527.8 527.1 526.4 525.6 524.7 524.1 523 521.6 520.9 520.2 520.1 519.1 518.7 518.5 518 516.9 515.8 515 514.4 512.7 512.8 512.1 511.7 511.5 510.6 509.4
450.2 448 442.5 436.3 431.6 427.1 421.8 417.5 412.3 407.8 404.9 401.5 396.1 390.2 385.9 382.7 380.4 378.4 375.4 371.4 365.2 357.4 352.5 349.9 353.2 362.2 370.2 381.4 389.6 396.9 405.3 413.4 420.3 427 434.1 438.8 442.4 443.5 449.5 456.1 461.9 466.5 470.8 475.2 480.9 490.5 495.5 499.3 502.4 509.4 518.4 523.9 526.8 527.4 527.1 526.3 525.5 525 523 522.6 522.3 521.7 521 519.8 520.3 520 519.5 518.5 517.5 516.6 515.5 515 514.7 514 513.8 513.1 512.1 510.5
452.6 449.2 444.5 438.3 434 429.3 423.9 420.1 415.2 409.6 406.7 402.1 396.2 389.8 385.8 384.2 382.3 380 376.7 372.5 365.1 359.2 355.4 350.8 351.4 356.6 366 374.4 382.1 388.7 396.7 405.6 411.6 417.6 423.7 429.8 432.8 439.6 445.8 450.3 454.9 458.9 463 467.3 472.6 479.7 490.6 496.5 499 502.6 509.4 517.1 521.8 525.1 526.6 526.2 525.1 524.8 523.5 523.1 523 522.6 521.8 521.7 521.8 521.4 520.9 520.2 519.3 518.3 517.4 517.2 516.7 516 515.6 514.8 513.3 511.6
454.8 450.5 446 440.3 435.8 431.1 426.3 422.4 417.6 411 407.6 401.9 394.3 390 386.2 384.9 383.4 381 377.5 372.1 364.2 359.5 355.5 352.8 353.8 364.7 360.6 368.3 374.6 380.4 388.5 397.5 403.5 408.5 413.3 416.4 423.3 433.9 440.3 444.2 447.5 450.3 455.3 460.3 464.5 471.1 479 489.7 495.9 498.3 502.1 508.1 513.7 520 523.5 524.7 524.4 524.7 524.4 523.9 523.3 523 522.7 523 523.1 522.7 522.3 521.7 520.9 520 519.6 519.2 518.5 517.8 517.1 516 514.4 512.7
456.4 451.8 447.2 442.3 437.7 433.4 429 424.3 418.8 413.3 406.2 400.8 395 389.6 387.1 384.9 383.3 381.9 377.7 370.7 364 360.7 357.7 354.1 358.2 366.4 368.4 364.6 365.3 372.9 380.3 388.1 395.6 400.4 402.8 407.9 416.2 424.6 431.6 437.6 440.5 443.3 447.4 453.2 458.2 462.4 468.7 477 486.6 493.8 497.1 501.7 507.4 514.4 519.2 522.8 523.6 524.6 524.7 524.3 523.7 523.8 524 524.3 524.5 524.1 523.5 522.7 522 521.2 520.7 520.2 519.6 518.9 518.2 517 515.5 513.7
457.8 452.3 447.6 443.2 438.8 434.9 430.7 424.4 417.9 411.7 406.6 401 394.8 390.5 388.5 384.1 381.5 378.7 373.7 368.5 364.3 361 356.8 353.4 364.8 368 371.7 373.2 370 366 374 380.8 386.5 391.5 395.4 402.3 409.3 414.4 418.7 423.6 428.1 435.3 441 445.1 450.1 456 460.5 465.6 474.7 484.2 492.5 497 501 507.6 514.6 520.1 523.3 524.2 524.8 524.3 524.3 524.7 525 525.3 525.8 525.1 524.6 523.9 523.3 522.4 521.9 521.2 520.5 519.7 518.8 518 516.5 514.4
457.6 452.2 446.8 442.9 439.1 435.6 429.5 421.9 416.8 412 406.8 402.2 395.8 391 388.7 383 379.2 375.4 372.3 367.4 363.1 358.8 355 355.6 366.6 372.8 375.4 378.2 377.9 376.8 372.1 373.5 381.2 385.6 390.6 396.2 402.3 406.1 410.1 414 416.8 423.2 432.2 438.5 443.6 449.2 454.6 459.9 466.8 474.7 485 493.7 497.9 502.9 510.5 517.2 521.6 523.7 524.5 524.8 525.2 525.6 526.1 526.4 527 527 526.3 525.5 524 523.4 522.7 522.1 521.4 520.6 519.8 519 517.2 515.2
456.4 452.1 446 441.5 437.3 434.2 427.1 420.3 408.8 410.6 407.4 402.1 396.5 390.3 386.9 382.8 379.3 379.3 370.3 362.8 359.1 361.7 362.3 358.2 363.3 375.9 381.4 383.3 384.2 383.2 381.9 378.6 376.1 379.3 386.7 391.3 395.4 398.8 400.5 403.5 406.8 413 419.9 429.1 437.2 442.3 448.1 454.1 461.2 468.9 478.8 490.6 495.6 499.7 506.6 513.9 519.6 522.3 523.5 524.3 525.8 527.9 528.3 528.4 528.5 528.4 528.2 526.8 525.2 524.2 523.6 523 522.3 521.5 520.8 519.9 517.8 515.7
455.4 449.6 443.4 438.4 433.2 429.4 423.4 419.2 408.1 405.4 401.8 398.7 395.7 391.9 389.3 385.5 379.8 373.1 364.3 367.3 365.9 367 363.8 355.7 369.8 377.7 385.8 389.8 390.1 389.3 388.1 387.7 385.1 383 379.8 383.3 387.6 389.3 393.8 398.7 400.6 403.3 409.5 418.1 430.2 436.6 442.5 449.9 456.4 464.3 474.2 487.5 492.3 496.9 502.8 510.7 516.9 522.1 523.9 525 526.4 528.2 529.2 529.8 530.1 529.8 529.2 527.9 526.4 524.9 524.2 523.5 522.9 522.3 521.5 520.1 518 516.2
450.6 445.8 439.7 433.6 428.5 425.3 422.6 417.6 408.4 404.6 399.3 396.8 395.3 393.8 391.6 383.3 375.2 367.3 372.2 373.4 370.6 367.3 364.9 358.7 370.2 380.7 388.6 394.5 395.7 394.9 395.6 395.8 393.5 391 391.5 388.5 390.2 393.3 398.9 402.6 407 411.4 414.4 409.1 421 432.1 438.4 445.7 451.6 458.7 468.5 482.5 489.6 493.4 500 509.1 516.4 521.1 524.5 525.8 527 527.8 528.7 529.9 530.1 530.2 529.5 528.3 527.1 525.6 524.8 524 523.5 522.9 522 520.6 519 517
446.7 441.4 434.7 428.8 424.5 421.4 420.5 419.2 411.7 406.7 402.2 396.3 392.1 388.5 382.4 375.6 371.4 379.1 380.3 379.3 370.7 368 367.5 360.5 366.1 381.8 391.1 397.2 399.8 401.1 403.2 404.4 403.2 401 399.1 397.7 397.3 399.3 403.3 407.3 412.4 419.6 423.9 424 412.3 427.1 434 440.7 447.1 453.9 462.3 473.9 485.2 490.2 497 506.4 515.1 520 523.8 525.6 526.6 527.6 528.7 529.5 529.8 530 529.7 528.5 527.4 526.1 525.3 524.7 524.2 523.2 521.4 520.3 519.1 516.9
442.9 437.2 431.5 425.3 420.7 416.8 414.7 412.1 407.4 403.7 400 395.6 388.2 380.1 373.5 381.1 383.3 385.2 383.8 378 373.8 371.8 368.4 360 369 383.8 392.2 398.3 403.6 405.8 408.9 411.2 411.2 411.6 412.1 411.3 410.2 413 415.8 417.6 420.1 427.2 432.2 431 424.8 418.3 426.7 435.6 442.8 450 457.3 467.6 480.2 486.8 493.5 504.5 514.4 519.3 523.4 525.3 526.5 527.9 528.9 529.5 529.8 530 529.5 528.7 527.7 526.5 525.8 525.2 524 522.1 520.6 517.8 517.5 516.6
441.5 434.2 427.5 421.9 417 413.2 409.6 406 402.6 399.3 395.8 387.2 380.2 383 386.5 386.8 387.6 386.5 384.6 380.7 376.2 371.2 364.1 360.6 372.9 382.9 393.1 400.1 405.9 410.4 414.1 417.2 418.2 420.1 421.5 422.5 423.3 425 427 428.6 429.4 431.6 435.2 435.6 434.6 432.6 424.8 431.1 439.2 446.3 453.8 462.1 473.5 483.5 490.1 500.8 511.6 519 523 525 526.6 528.1 528.9 529.5 529.9 530 529.3 528.7 527.9 526.8 525.8 524.6 523.1 522.4 521.4 521 519.9 518.5
441.9 434.3 426 417 413 409.8 405.9 402.2 398.4 390.7 383.6 384.5 389.7 390.6 390.3 390.1 390.4 390.2 387.7 382.1 376.6 371.3 366.4 362.4 372.8 381.4 392.4 401.1 408.3 414.4 419 423 424.3 426.2 428.5 430.2 431.9 432.9 433.5 434.2 434.6 435.7 437.4 438 439.3 438.8 436.7 436.3 433.5 441.7 451.5 459.6 469 479.7 488.2 499.6 510.5 518.5 522.2 525.3 526.8 528.3 528.9 529.6 530 529.9 529.5 529.1 528.2 527 525.9 525.5 523.7 523.2 523.3 522.6 520.4 519.8
