Assets/StreamingAssets/GeoData/Data/ny/NY85.asc
ncols 200
nrows 200
xllcorner 380000
yllcorner 550000
cellsize 50
[rows 35 to 69 of 200, columns 78 to 155 of 200]
293.4 297.4 302.4 305.5 309.1 310.9 310.4 311.1 310.8 310.9 311.2 313.8 319.9 329.3 338.1 344.5 347.6 347.5 346.5 345.1 344.5 343.4 339.8 336.8 334.5 332.9 331.5 330.2 329.5 328.8 328.4 328 328 327.6 327.1 327.9 330.3 331 331.2 330.7 330.1 328.4 327.1 325.2 322.9 321.2 319 317.8 316 314.3 313.3 312.8 311.5 311.9 313.5 313.8 313.6 314.3 314.9 314 313.3 312.5 311.3 310 308.7 306.9 306.1 305.3 304.4 303.8 303.5 302.7 301.9 300.7 300.3 298.6 296.2 294.3
293.1 297.1 300.8 304.1 305.8 306.9 307.2 307.3 307.5 307 308.5 312 317.1 325 333.9 341.2 344.2 343.6 342.8 342.3 341.8 341.3 340.4 338.5 336 334.3 332.3 330.8 330 329.2 328.9 328.7 328.4 328.5 328.8 330.4 330.9 331.3 329.7 328.6 326.5 324.4 322.4 319.7 318 316.9 316.2 316.7 314.9 313.6 313.1 312.5 312.9 313.5 314.6 315 315.3 315.9 315.8 315.3 314.8 313.7 312.6 311.2 309.6 307.4 306.1 305.2 304.1 302.7 300.9 301 299.2 298 297.7 296.3 295.3 295
292.9 296.1 299.3 302 303.6 304 304 303.9 304.5 304.6 306.2 310.7 314.6 320.8 328.6 333.5 338.8 339.9 339.6 339.2 338.7 338.2 337.1 335.6 333.8 332.5 331 330.7 330.4 329.7 329.4 329 328.9 328.3 327.7 327.7 327.8 327.1 326 324.9 323.2 321 319.5 318.9 317.8 316.5 315.9 315.8 315 314.7 314.7 314.6 315 315.3 315.8 316.3 316.6 316.8 316.6 316.1 315.5 315 313.7 312.4 310.5 308.3 307.4 306.5 305.1 305 304.1 303.7 302.7 301.2 299.5 297.1 298.3 298.1
292.9 295.1 297.7 299.3 301.7 301.6 301.5 301.6 303.1 304.1 306.2 309 312.6 317.6 323.6 327.5 331.2 333.5 335.8 335.8 335.8 335.4 334.1 333.2 332.1 331.6 331.1 330.6 330.4 330.1 329.4 328.6 328.1 327.4 326.9 326.9 326.5 325.9 324.6 323.4 321.8 320.9 319.8 319.3 318.7 317.1 316.5 316.6 316.5 316.2 316.1 316 316.4 316.8 317.6 317.4 317.4 317.4 317.3 316.8 316.2 315.4 314.3 312.5 310.7 309.3 307.8 306.8 306.6 306.5 306.2 305.3 304.4 302.8 300.6 299.6 300.5 301.1
292.7 294.4 295.1 297.5 298.6 298 300 302.1 303.9 305.2 306.8 309.2 312.2 315.5 319.5 324.3 326.8 329.9 330.4 331.6 332.6 333 333.6 333.3 333.9 332.7 332.1 331.7 330.8 330.4 329.5 328.3 327.5 327 326.5 326.5 326.6 325.4 323.9 322.7 321.5 320.6 320.2 319.8 319.3 318.2 317.9 317.4 317.6 317.7 317.5 317.4 317.9 319 319.4 318.8 318.5 318.6 318.2 317.3 316.8 315.4 314.1 312.6 310.9 309.4 308.6 308 307.7 306.9 306.3 305.7 304.9 303.7 302.3 301.2 301.7 302
290.3 292.6 291.9 293.5 295.4 298.8 301.4 303.3 305.1 306.3 307.9 310.4 312.5 315.1 317.8 321 323.8 326.6 328.2 329.6 331.5 334.3 336.4 337 335.8 334.3 333.3 331.9 331.1 330.6 330.2 329 328 327.2 326.8 326.6 326.7 325.2 324.1 323.3 322 321.2 320.5 320 319.7 319.5 319.2 319.2 320 319.6 319.3 320 321.3 320.8 321.1 320.2 319.7 319.6 319.2 318.8 317.5 316.1 314.7 313.3 312.1 310.9 310 309.2 308.8 308.6 307.8 306.6 305.8 304.9 304.1 303.3 302 301.6
290.2 291.9 294.5 296.2 298.8 302.9 307.4 307.8 307.8 308.3 308.9 311 312.8 315.7 317.5 320.3 322.5 324.8 327 328.8 331.8 336 337.5 336.8 335.2 334.3 333.6 332.5 331.7 331.1 330.5 329.7 328.8 327.8 327.4 327.2 326.6 326 325.4 324.7 323.7 322.3 321.6 321.3 320.7 320.5 321.3 322.2 322.3 322.6 322.7 323 323.7 323.1 322.5 321.7 320.8 321 321.4 321.9 320.4 318.4 317.5 316.2 314.9 313.9 312.9 312.7 311.5 310.8 310.3 309 307.4 306.2 305.6 305.6 304 302.6
289.8 291.5 293.8 296.3 303.7 307.8 307.5 307.9 307.6 308.3 308.9 311.2 312.8 314.3 316.7 319.3 321.7 324 326.8 330.1 333.4 337.8 337.8 336.7 336.1 334.7 333.9 333.1 332.2 331.7 331.2 330.5 329.7 329.8 329.7 329.3 328.4 327.3 327.1 326.3 324.9 324 323 323 323.7 324.6 325.7 326.5 326.2 325.9 325.7 325.9 325.6 325.2 324.6 324.2 324.1 323.8 324.5 324.4 323.5 322.1 321.5 320.6 319.9 318.2 317.3 317 315.9 315.1 313.5 312.3 310.3 310.1 309.6 308.2 307.1 306.1
288.1 289.2 292 294.5 300.1 305.7 306 306.4 307.7 308.3 309.2 311.7 313.8 315.5 318.1 319.9 322.3 324.6 327.9 331.8 336.6 337.6 337.1 336.9 336.4 335 334.2 333.4 332.9 332.5 332.1 332.1 331.4 331.6 331.9 330.8 330.2 328.6 328.4 327.4 326.2 325.4 325.1 326.7 328.2 328.5 329 328.9 328.5 328 327.6 327.7 327.6 328.6 328.7 329.5 330 328.9 328.6 327.8 326.3 326.6 325.1 323.8 322.7 321.6 320.4 319.4 318.5 317.1 315.6 314.5 310.2 313.2 313.2 312.2 312 311.7
286.3 288.4 291.6 294.2 297.8 303.3 306.1 307.3 308.3 308.6 309.7 311.9 314.8 317.9 320.2 322.1 324.2 326.1 328.6 332.7 335.8 336.9 337.2 337.5 336.4 335.4 334.3 334.5 334.1 333.6 333.6 333.8 334.3 333.8 333.4 333.7 332.3 332.3 331.4 331.2 330.4 329.1 331.8 332.7 333 333.1 332.3 331.3 331.8 331.8 331.6 332.3 332.7 333.2 333 333.5 333.5 332 331.1 330 328.2 328.6 327.6 326.3 324.4 323.3 321.9 320.8 319.6 317.9 316.9 314.1 311.1 314.6 314.8 314.1 314.2 314.2
287.7 290 293.5 297.4 305.2 307.1 306.9 307.9 308.1 309 310.6 313.3 316.9 320.3 322 323.4 325.5 326.9 329.8 334.7 336.4 336.9 337.4 338 337.5 337.4 336.5 336.1 335.9 336.1 336.2 336.5 337.1 337.1 337.6 336.1 338.9 339 336.4 335.9 335.3 335.8 337.2 338 338.5 337.7 336.9 335.5 336.6 336.4 336.1 335.6 335.4 335.1 334.9 334.4 333.3 332.7 331.4 330 330 328.9 327.9 325.6 324 323.2 321.5 320.1 319.2 317.8 315.3 314.1 314.9 315.5 315.9 315.6 314.9 314.3
288.6 292 295.9 303.3 307.4 307.7 307.8 307.5 307.5 308.8 312.4 317 320.3 322 323.4 325.4 327.7 330.1 333.8 336.4 338 340 341 344.1 344.9 344.3 343.5 343.1 343.4 343.1 342.1 341.6 340.8 341 340.4 340 342.7 341.4 340.2 339.8 337.2 340.3 341.2 341.2 340.9 340.2 339.1 339.1 339.1 338.3 337.9 337.2 336.1 335.5 335 334.4 333.2 332 330.9 329.8 329.4 328.3 328.1 326.1 324.5 322.8 321.5 320 318.6 317.3 316.7 317.2 317 317 317.1 317.1 316.2 315.2
288.4 293.2 300 306 307.6 307.5 307.4 307.5 307.6 308.8 312.9 318.5 321.4 322.8 325.3 328.4 332.3 336.5 338.1 340.7 341.8 343.6 346.1 348.8 349.1 348 347.3 347.2 347.1 346.5 345.4 345.1 344.3 344.3 343.4 342.3 343.5 342.7 342.7 341.4 340.3 342.9 343.3 343.2 342.5 342.3 341.4 341.4 340.3 339.5 339 338.1 337.5 336.5 335.8 334.8 333.5 332.3 331.1 330.2 329.3 328.9 328.3 326.8 325.7 324.5 323.5 321.9 320.8 320.2 320.3 320.6 320.5 320 319.6 319.3 318.9 317.8
290.1 296.9 304.7 306.6 307.6 307.4 307.6 307.7 308.7 310.3 314.8 320.4 323.3 326 329.1 332.8 337.5 340.4 342.1 343.2 344.6 346 349.4 351.6 351.2 350.4 349.8 349.1 349 347.8 347 346.8 345.8 344.7 344.1 344.1 344.6 344.3 343.7 343 343.1 344 344.9 344.3 344.3 344.1 344 343.3 342.4 341.3 340.2 339.6 338.7 337.8 336.9 335.5 333.9 333 333.2 332.3 331.7 330.6 329.4 329.2 328.4 326.3 324.7 324.2 323.4 324.2 324.6 325.2 324.3 323.7 322.6 321.8 321.4 319.3
289.7 302.7 308.3 309.1 309.7 308 308.3 308.8 310.4 312.4 316.2 321.8 327.1 331.1 334.4 338.1 340.7 343.5 345.2 346.4 347.4 348.4 350.9 353 353 352.2 351.4 350.8 350.1 349.3 348.4 347.5 346.2 345.9 345.8 346.1 345.6 345.5 345.2 345.4 345.9 346.4 346.2 346.4 346.9 346.4 346.1 345.5 344.4 343.2 341.9 340.9 340 339.2 338.2 337 335.7 334.8 335.8 334.3 333.7 333.5 332.6 332.3 330.8 329.2 328.3 327.4 326.9 327.6 328.4 328.2 326.8 325.1 324.2 323.1 322.1 319.7
292 304.1 308.8 309.7 309.3 309.5 309.4 310.7 311.9 313.5 317.9 323.3 330.5 334.8 337.8 339.8 343.3 346.7 348.6 349.4 349.1 350.5 351.6 353.1 354.1 353.9 354.2 354.1 353.2 351.4 350.1 348.8 347.9 347.7 347.8 347.9 348.4 348.2 348.7 348.8 349.2 349.6 349.8 349.8 350 349.6 348.9 348.2 347.2 345.2 343.7 342.7 341.4 340.6 339.4 338.2 336.8 337.2 338.6 337.2 335.7 336.1 336 335.5 333.9 332.2 331.8 331.1 330.3 330.1 329.1 328.1 327.2 325.7 324.3 323.2 324 321.4
293.2 304.7 308.4 309.1 309.7 310.9 310.2 311.6 313.4 315.4 320.5 325.6 332.6 336.9 339 341.1 343.6 347 348.4 348.9 349 349.9 352.1 353.8 355.7 358.3 359.4 356.5 354.2 353 352.1 350.8 349.7 349.5 349.6 349.6 349.9 349.8 350.9 351.5 351.8 352.4 352.7 352.7 352.5 351.8 351 350.5 348.7 346.3 345.6 344.6 344.1 341.2 339.8 338.8 338.2 338 338.9 338.4 337.1 336.5 336.5 335.6 334.1 333 333.3 332.3 331.5 330.1 328.8 327.1 325.5 324.7 324 323.6 321.9 320.1
294.2 303.4 307.3 308.4 310.6 311.6 311.8 312.7 314.6 318.4 322.5 329 333.8 337.4 339.3 341.1 342.7 345 347.9 348.8 349 349.2 351.4 354.1 355.9 358.6 358.3 354.9 354.3 353.9 352.5 351.5 351.3 351.3 351.4 351.4 351.4 351.1 352.6 353.8 353.9 354.3 355.2 354.2 352.1 352.4 352 350.4 348.4 347.1 344.6 343.2 341.3 340.5 340.2 339.7 339 338.8 338.8 338.3 337.5 337.2 337.1 335.5 334.3 333.7 332.5 331 330.4 328.6 327 325.8 325.2 323.7 322.3 321.5 320 318.9
290.4 297.2 304.5 307.1 310.1 311.2 311.6 313.6 316.6 319.2 322.5 328.8 332.8 335.5 337.8 340.2 342.5 346.6 349.2 348.8 348.8 348.9 349.1 350.9 353.7 356.1 356 354.6 354 353.8 352.6 351.3 351.4 351 350.8 351 351.2 351.1 352.2 352.9 352.9 353.4 353.1 351.9 350.9 350 349 347.8 346.4 344.8 342.7 342 341.4 340.7 340.3 340.1 339.4 339.4 339.8 339 339.7 339.2 338.4 337.1 335.8 333.9 332.3 331.1 330.2 328.3 327.1 325.9 324.3 322.7 321.9 321.4 319.8 318.4
287.6 292.1 297.2 305.3 309.8 311.5 311.4 314.2 316.2 318.7 321.9 325.9 331 333.6 336.3 338.8 342.1 347.2 348.3 347.8 347.7 347.1 346.9 348.3 350.2 352 352.9 352 351.9 351.8 350.6 350.7 351.1 350.9 350.5 350.3 350.8 351.1 351.6 352.1 352.2 352.1 351.4 350.7 349.4 348.4 347.8 346.8 346.5 344.7 342.7 342.2 341.7 341 340.6 340.5 340.4 341.2 341.3 342.3 344.1 344.2 341.8 340 337.9 335.3 332.6 330.6 329.4 327.9 328.4 328.5 324.5 321.9 321.3 321.6 321.9 320.9
285.5 288.8 293.4 303 308 311.2 312.6 314.4 316.3 318.1 321.1 323.8 328.7 332.7 335.4 337.8 340.2 342.6 344.5 344 343.6 343.5 343.4 344.6 345.9 347.4 348 348.6 348.8 348.9 348.7 348.9 349.7 350.1 349.9 350.2 350.3 350.7 351.3 352.2 352.7 352.8 351.9 350.5 349.6 348.6 347.9 347.1 346.8 345.1 342.8 342.3 341.9 341.5 341.6 341.2 341.1 341.4 342.1 343.9 348.3 348.2 347 344.7 341.5 337.2 331.9 328.6 327.1 326 325.9 324.7 322.6 321.7 320.4 320.7 321.4 319.7
284.6 287.5 291.9 297.9 303.4 309.8 311.9 314.5 316.4 318 320.2 322.3 325.7 331.8 335.7 337.2 338.3 338.5 339.5 339.7 338.8 338.1 338.6 340.1 341.9 342.7 343.4 344 344.4 344.4 345 345.9 347.5 349.1 349.5 349.7 349.9 350.6 351.3 352.7 352.9 352.6 352 351.1 350.1 349.1 348.2 347.3 346.4 345.9 343.5 342.5 342.2 342.8 343.5 343.1 342.6 342.4 343.1 345.6 350.1 352.3 350.6 348.4 343.9 339.3 332.2 328.8 326.3 325.1 323.9 322.8 321.8 321.1 320.3 319.4 318.4 317.6
285.4 288.2 292.1 296.7 303.3 310 311.9 313.4 315.4 317.1 319 321.2 324.2 328.6 334.7 336.5 336.4 336.3 336.4 336.2 335.2 334.3 334.7 335 336.5 336.3 336.9 337.9 339.7 341.2 342.1 343.7 345.5 347.3 347.9 348.3 349 349.8 350.6 351.5 351.3 351.4 351 349.5 348.6 347.9 347.3 346.5 345.8 345.4 344.7 343.3 342.8 344.1 344.5 344.1 343.7 343.4 344 349.4 351.7 348.9 345.8 341.9 340.5 337.6 333 330.1 327.2 325.3 324.2 323 321.7 320.4 319.4 318.9 318.6 317.2
285.9 288.2 292.3 297 301.5 309 311.6 313.2 314.8 316.8 318.8 320.5 322.7 325.6 328.5 332 331.7 331.8 331.5 331.2 329.6 329.2 328.9 329.3 332.3 333.3 335 335.4 337.1 338.9 340.6 342 343.5 345.5 346.1 346.8 347.5 348.1 349.3 349.8 350 350.3 349.8 348.8 347.4 346.8 346.2 345.6 345.4 345.5 345.3 345 344.7 345.4 345.4 344.8 344.6 344.4 346 350.6 350.8 344.5 341.2 339.5 337.3 335.2 333.1 330.2 327.6 325.7 324.3 323 321.8 319.4 318.5 317.7 316.6 315.9
283 286.8 291.7 296.2 300.4 308 310.3 311.9 314.4 316.1 317.7 318.9 320.3 322 323.2 325.5 325.6 324.7 323.9 323.6 324 323.8 324.3 324.7 326.8 329.4 329.8 330.5 332.8 335.3 337.3 338.4 340 342.5 344 344.9 345.5 346.2 346.8 347.8 348.9 349.1 348.6 348.1 346.8 346.2 345.6 345 344.5 345 345.9 346.9 347.3 346.8 346.2 345.6 345.4 345 346.4 350 347.6 342.8 341.1 339.2 337.2 335.5 333.2 331 329.1 327 324.9 323.2 321.8 320.4 318.3 317.1 315.8 314.5
281.2 285.3 289.4 294.6 300.4 307.4 309.6 309.7 311.8 313.5 314.4 314.9 316.8 318.9 319.6 320.2 321.3 320.5 320.2 319.2 319.3 319.8 320 320.6 322.8 325.3 325.8 326 327.9 331.1 333.4 335.5 336.7 339.5 341.3 342.3 343.3 344.6 346.3 346.9 348.2 348.5 347.8 347 346.3 345.6 345 344.5 344 344 345.1 346.2 346.6 346.5 346.4 346 345.5 345 344.9 345.1 343.8 342.2 341.6 340.2 339.1 337.5 335.3 333.2 331.5 329.5 327.3 325.8 323.8 322 320.1 318 315.7 314.5
280.6 284.4 288.2 292 297.4 305 308.2 308.5 308.6 310.3 310.9 312 313.8 315.9 316.9 318 318 318.1 318 317.9 316.8 316.6 316.7 318.4 318.9 321.6 323 324.2 326.4 329.2 332.3 333.9 335.5 337.9 338.9 340.6 341.8 344.3 346.2 346.9 347.7 347.5 347.5 346.6 345.8 345.1 344.4 343.8 343.1 343.5 344.1 345.3 346 346 345.9 344.8 344.1 343.7 343.4 343.3 342.4 341.5 341 340.3 339.5 338.8 337.5 335.7 334 331.5 330.5 328.8 326.8 324.1 321.4 317.8 312.8 311
280.7 283.3 286.6 289.6 293.9 299.6 303.8 306.6 305.7 307.7 309.3 310.9 311.6 313.1 314.8 316.1 317.6 318.7 318.6 317.7 317.6 316.1 315.4 316.4 316.6 320.9 324.1 324 325.6 328.2 330.2 331.9 333.8 335.4 336.3 338.7 341.1 344.2 346.2 347.2 348.2 348.1 347.4 346.1 345.1 344.2 343 342.4 342.3 342.8 343.6 344.7 345.8 345.6 344.8 343.5 342.2 341.5 341.1 340.5 338.8 337.7 336.6 336.6 335.1 335.1 334.2 332.8 331.4 329.2 327.4 326.2 322.9 319.4 316.2 310.3 306 302.3
280.2 282.2 284.8 288.2 292.2 297 301.2 302.1 302 302 305.2 307.8 311.1 312.8 314.1 314.4 315.6 316.3 316.8 316.7 315.2 314.7 313.5 313.1 315.3 319.8 322.6 323.6 324.8 327.2 328.6 330 332.9 334.3 334.9 336.2 339 343.6 345.8 347 347.8 348.1 346.9 345.6 343.9 342.4 341.6 340.7 341 340.7 342.1 342.6 343 341.9 340.9 340.4 338 337.1 334.5 333.5 333.3 331.9 330.8 330.2 329.8 329.2 327.9 326.3 324.3 320.5 315.7 312.4 308 308.1 309.2 311.2 313.3 310.4
279 281 283.4 286.1 289.4 292.2 296.2 297 297.4 297.8 298.9 301.1 304.6 308.1 310 311.1 311.8 312.9 313.9 313.2 312.5 312.2 311.4 312 313.9 316.3 319.6 320 322.3 324.4 326 328.1 331.3 332 332.1 333.7 337 340.5 342.7 343.2 344.8 345.7 345.8 345 342.9 341.6 340.5 339.6 339.2 339.4 338.4 338.4 338.3 337.1 335.8 333.8 330.6 327.7 326.2 325.1 325.1 324.5 324.5 325.4 324.4 323.1 319.8 314.4 314 319.8 324.9 326.9 327.5 326.7 325.3 324.2 322 318.8
278.8 280.6 283.4 285.8 286.9 288.8 290.8 291.1 291.4 291.5 292.5 294.9 297.3 300.3 302.6 303.3 304.9 307.2 308.4 308.2 308.3 308 308.6 308.6 310.9 314 318.9 319.5 320.1 320.2 322.9 325.1 327.7 329.1 329.6 331.4 332.5 335.5 338.4 340.1 340.5 340.9 342.3 342.5 341.6 340.4 339.3 338.1 336.3 336.1 334.7 333.8 332.8 331.2 329.3 326.9 324.4 323.7 323 321.9 321.3 320.3 319.8 318.9 319.4 321.7 325.3 328.7 330.6 332.3 332.7 333.8 332.9 331.5 330.1 328.4 326.3 324.3
279.8 281.2 283.6 286.8 287.5 286.9 285.6 285.3 285.5 285.6 286.8 288.1 290.1 293.1 295.6 298.4 299.6 301.8 302.7 302.6 303.8 304.3 304.6 306.4 308.4 312.5 317.7 319.7 320.6 321.2 321.6 323.7 326.1 327.4 328.4 328.9 329.8 332.6 335.2 336.9 337.8 337.8 338.3 339.4 339.3 338.4 337 335.9 332.9 331.7 330.3 329.3 328.3 327 326.1 325 324.1 325.1 327.4 328 329 328.5 329.7 330 331.6 332.4 333.8 334.8 335.8 336.8 337.1 336.6 336.2 335.2 334.1 332.1 329.7 326.5
278.5 281.4 283.3 286.5 286.7 285 283.2 281.8 280.9 280.8 281.1 282.6 284.4 287.6 290.1 294 295.7 297.5 299.4 300.1 300.7 302.6 301.6 304.7 306.3 311.3 318.5 320.5 319.9 321.1 321.9 323.4 325.6 326.2 328.1 328.1 328.9 330.9 332.8 334.3 335.7 335.4 335.3 335.9 335.4 335.1 334.2 332.4 331.3 330.2 329.7 328.9 328.4 328 328.2 326.3 330.4 332.8 334.1 335.4 336 337.1 337.5 336.8 336.6 336.8 337.9 338.4 338.4 338.4 338.1 337.9 337.1 336.2 334.6 332 329.1 325.3
272.5 279.1 281.4 282.1 282.3 281.4 278.3 277.6 276.9 276.8 276.6 278.2 279.6 282.2 286.2 290.2 292.6 295.1 297.7 299.8 300 298.7 301.1 304.1 306.2 310.5 317.7 319.5 319.4 320.4 321.2 322.7 324.1 325.7 327.1 328 328.7 329.5 330.5 331.6 332.9 333.4 334 334.1 333.8 333.7 332.8 331.8 331.1 330.3 330 330 330.4 331.2 329.5 333.1 338.4 339.6 340.4 341.1 341.3 341.7 341.2 340.5 340.4 339.6 339.4 339.3 339 338.7 338.1 337.1 336.1 334 332.1 329.8 326.5 323.9
265 272.7 276.7 277.3 276.3 274.9 273.2 272.7 271.5 271.9 272.8 274 276 277.6 280 284.8 291 293.6 295.9 298.5 300.2 298.2 299.5 301.4 304.6 308 314.2 316.5 317.9 319.4 320.7 322.5 324.3 326.4 328.8 329.6 329.8 330.4 331.1 332.2 333 333.5 333.9 334.1 333.8 333.3 333.1 332.2 331.2 331.4 331.3 333.9 335.8 336.6 331.4 341.4 343.1 343.8 344.6 344.6 344.6 344.1 343.3 342.6 342.1 341 340.1 339.4 338 334.7 331 330 332.6 326.5 322.6 320.5 313.6 311
