Assets/StreamingAssets/GeoData/Data/ny/NY89.asc
ncols 200
nrows 200
xllcorner 380000
yllcorner 590000
cellsize 50
[rows 105 to 139 of 200, columns 0 to 77 of 200]
319.4 316.2 318.1 319.1 320 320.8 323.1 324.3 326.7 326.4 328.9 329.6 329.2 330.9 333.6 334.1 336.2 338.7 338.7 336.7 335.7 341.3 346.4 348.3 348.2 349 349.6 350.2 350.5 352.2 353.4 354.5 354.9 354 353 351.8 348.9 345 342.3 339.8 337 334 331.6 329.4 327.4 325.4 323 320.6 319.1 317.8 315.7 313.3 311.4 309.3 307.1 305.2 302.4 299.2 295.8 293.1 291 289.2 287.7 283.7 281.3 279.1 277.3 276.7 275.9 274.5 273.4 273.1 272.2 271.1 269.5 266.3 263.6 259.9
315.7 314 315.6 316.4 317.2 317.7 321.1 322.5 323 324.5 327.2 327.5 327.4 329.4 332.3 333.2 333.3 335 336.7 337.3 336.2 337 344.8 348.9 349.1 349.2 349.9 350.8 351.2 352.8 354.6 355.6 356.3 355.9 355.2 354 350.2 347.5 345 342.6 339.5 336.2 333.7 331.2 329.4 327.1 325.1 323 321.7 320 318.1 316.1 314.4 312.5 310.4 307.9 305.1 302.6 299.5 296.6 294.1 292.8 291.6 288.3 285.3 282.1 279.9 278.8 278.1 276.4 274.9 274.8 274.2 272.5 270.6 268.3 265.2 262.7
312.4 310.4 313.1 313.5 314 315.2 317.6 319 319.4 321.2 322.4 324.2 325.2 327.3 329.6 330.1 331.6 332 333.8 334.5 334.5 334.4 341.3 347.1 349.3 349 350 351 352.1 353.3 355.5 357.3 357.9 358.6 358 356 352.8 350.2 347 343.9 341.6 338.2 335.5 332.9 330.6 329.5 327.8 325.5 323.8 322.2 320.4 318.5 316.9 314.8 312.7 310.7 308.5 306.1 303.3 300.7 298.4 297.2 295.8 293.3 290.3 286.9 284.6 282.9 281.8 279.2 278 277.8 276.8 275.6 273 270.3 267.7 264.8
309.3 307.7 307.7 310.2 310.9 310.2 309.9 312.7 314.5 317 319.2 321.6 323.7 324.7 326.4 328.1 329.2 330 331.5 331.9 331.6 333.5 335.6 343.9 349.2 350.5 349.9 351 352.4 353.7 356.2 358.8 360 360.7 360.8 357.5 354.5 351.9 348.5 346.1 343.9 340.5 338.1 335.3 332.8 331.6 330.2 327.8 325.7 324.1 322.3 320.4 318.3 316.1 314.1 312.4 310.3 308.1 306.4 304.4 302.7 301.1 299.4 297.2 294.8 292.4 290 287.8 285.8 283.1 281.2 281.7 281.1 279.4 277.1 274 270.7 267.1
312.9 310.6 305.1 305.7 305.8 305.9 305.7 306.1 308.5 311 314.8 317.5 320.1 322.3 324.6 326.1 327.2 328.1 329.8 331.9 332.5 333.4 334.2 338.9 348.9 352.6 350.5 351.2 352.7 354.4 357.5 360.3 362.1 362.9 361 358.6 355.6 352.8 350.3 347.8 346.3 343.2 340.5 338.1 335.6 334.1 332.5 329.4 327.5 325.8 324.3 322 319.7 317.4 315.7 314 312.2 310.4 308.6 307.2 305.9 304.6 302.9 300.2 297.9 296.4 294.1 292 289.9 288.3 285.5 285.9 286.3 283.7 280.2 276.9 273.1 269.4
313 310.9 309.2 303.2 301.7 301.9 302 303.3 305 308 310.2 313.5 316.5 318.7 321.1 322.7 325.1 326.5 327.7 329.8 331.9 333.3 335.2 340.4 349.5 354.2 353.8 351.8 353 355.6 359.6 362.1 363.9 363.7 361.9 359.7 357.2 354.4 352.2 349.6 348.5 345.8 343.7 341.1 338.9 336.3 334.1 332 330.1 328.4 326.1 323.8 321.6 319.8 317.7 316 314.6 313.1 311.4 309.5 308.5 307.8 305.9 303.3 301 299.6 297.9 295.8 293.9 292.5 291 290.1 290 287.7 284.1 279.9 276 272.3
312.3 311.2 309.4 306.8 303.3 298.9 299.7 302.1 303.3 306.6 309.2 310.7 313.1 314.8 317.2 319.6 322 324.4 326.1 327.6 329.1 331.1 335.5 343.4 351.3 355.5 356 352.8 353.3 355.7 360.2 362.5 363.6 363 361.3 360.4 357.9 356.5 353.3 351.3 350.2 348 346.7 344.2 341.6 339.4 337.2 335.4 332.9 330.7 328.5 326.3 324.4 322.3 320.1 318.5 317.2 315.6 314.1 313 311.9 311.3 309.7 307.2 304.7 303 301 299.1 297.5 296 295.2 294 292.2 290.6 287.3 283.6 279.6 275.3
313.7 311.5 309.1 306.5 303.4 299.8 298.4 299.5 300.9 305.3 308 309.9 311.8 313.1 315.3 317.6 319.7 321.7 323.4 325.6 328.7 331.6 335 342.1 350.1 354.6 356.2 354.5 353.8 355.5 358.4 361.9 363.6 363.3 361.8 360.3 358.9 357.1 353.5 351.4 349.7 347.9 346.9 345.7 342.9 341.3 339.8 337.4 335.1 333 330.9 328.8 326.8 324.5 323.1 321.4 319.5 318 316.6 315.5 314.6 313.8 312.2 310.1 307.8 305.7 303.5 301.2 299.3 297.7 297.1 296.1 293.6 291.6 289 285.9 281.9 278
311.6 309.7 308.9 306.3 303.2 300.1 295.3 296.5 299.2 303.8 306.9 307.4 309.7 311.5 313.1 314.1 316.8 319.1 321.4 323.8 326.1 329.7 334.1 338.4 345.3 351.2 354.3 354.6 353.5 356 358.5 363.4 364.8 364 362.2 360.9 358.4 355.7 351.6 349.7 348.2 347.4 346.4 345.4 343.9 342.1 340 337.9 336.7 334.4 332.1 330 328.1 326.2 324.4 322.7 321.5 320.2 319 317.9 316.7 315.6 313.7 312 310 307.5 305.1 302.4 300.5 298.9 297.8 296.5 294.6 292.2 289.6 286.7 283.3 279.7
310.5 307.3 305.9 304.8 303.4 300.4 296.6 294.9 295.5 300.4 304.2 305.6 306.8 309.7 311.5 313.6 315.9 318.3 320.4 322.8 324.9 328.1 331.7 337.3 340.5 344.7 350 353.2 354.5 356.8 358.7 360.5 361.6 360.2 358.9 356 353.9 351.9 349 346.8 346.2 345.6 345 344.2 342.8 341.2 339.3 337.9 336.4 334.4 331.7 329.7 328.2 326.4 324.5 323.5 322.3 321.1 320.1 319.1 317.9 316.4 314.5 312.4 310.2 308 305.9 303.5 301.7 299.3 297.6 296 293.7 291.7 289.7 287.2 284.2 281.3
311 306.3 304.6 302.6 301.4 299.5 297.6 293.3 290.9 295 299.3 301.9 303.7 306.7 308.2 311.3 315.2 318.6 321.3 324.8 326.5 329.7 332.1 335.6 339.5 342.8 347 351.6 353 354.5 357.4 357.7 356.4 354 351.2 348.3 346 345 344.2 342.8 343 342.4 342.2 341.3 340.2 338.9 337.2 335.4 333.5 332 330.1 327.9 326.1 325 323.8 322.2 322.1 321.3 320.4 319.1 317.7 315.8 313.8 312.2 309.5 308.3 306 303.8 301.8 299.4 297.4 294.8 292.6 290.8 289 286.9 284.6 281.7
309.5 305.3 302.7 301.2 300.3 299.5 298.3 296.3 288.7 286.2 294 297.2 299.6 301.6 306.6 311.2 314.8 319.1 322.6 326 328.2 331.7 333.9 340.3 343.1 345.2 346.7 350.3 352.8 353.2 355 355.2 351.4 349.1 347.1 345.2 342.1 337.9 335.8 335.4 334.9 336.1 336.7 335.9 335 333.9 332.6 331.5 330.1 328 326.4 324.4 322.8 321.5 320.3 319.1 319.1 319 318.6 318.2 316.7 314.8 312.8 310.9 309.2 307.1 304.5 302.6 300.8 298.8 296.7 293.9 291.6 289.9 288.1 286.2 284 282
307.2 304.4 301.7 298.3 297.5 296.3 294.4 293.2 289.8 283.6 288.3 291.5 292.7 298.2 305.2 311.3 314.2 317.1 322.2 325.6 327.2 331.4 333.6 340.1 341.1 344.6 348.9 351.9 352.7 351.9 349.8 349.1 349.3 348.3 346 343.2 339.5 334.4 330.5 326.8 324.9 324.8 326 327 328.3 327.6 326.6 325.2 324.2 323 321 319.7 317.7 316.2 315.4 314.2 314.4 315.1 315.3 314.9 314 312.7 310.6 308.6 306.5 304.2 301.9 299.6 297.9 296.3 295.3 293.1 290.8 288.4 286.4 284.8 283 280.9
307.7 304.5 301.2 297.7 294.9 293.1 291.1 290 290.8 281 282.7 286.8 289.3 292.3 299.3 305.6 310.8 314.9 321.3 324.2 327.6 331.5 334.1 336 338.8 342.6 350.2 352 352.1 349.8 347.8 346.5 347.4 347.4 344.9 340.6 336.9 332 327.5 322.5 317.5 316.7 317.4 318.8 319.3 319.7 319.4 318.6 318.1 317.4 315.6 314.1 312.5 310.7 309 307.4 308.2 310 310.9 310.6 310.3 309.2 307.4 304.9 302.6 300.3 298 295.9 294.7 293.7 292.5 291.5 290.1 287.8 285.1 283.2 281.2 279.4
307.1 304.1 300.8 297.4 294.4 292.4 290 285.3 287.2 286 277.8 281.9 287.1 288.2 291.1 298 303.2 309.3 317.5 324.4 330.4 331.8 331.4 332.3 333.9 337.7 345.6 350.9 350.4 348.6 346.5 344.6 343.6 342.4 341.5 340.4 336 331.6 326.6 321 315.8 310.2 309.9 309.9 310.2 309.8 309.5 309.6 309.4 307.8 306.1 305.6 304.7 303.7 302 300.8 301.4 303.1 304.5 305.1 305.2 304.7 303.3 301.1 298.8 296.4 293.5 291 289.6 289 289.1 288.4 287.7 286 284.1 282 279.8 277.7
306 303.4 300.3 297.1 294 291.6 289.2 287.8 282.3 282.8 278.5 278.1 283.4 284 285.2 290.9 297.4 303.5 309.5 316.6 327.6 332.2 332.4 329.5 329.7 329.9 332.6 338 340.8 341.8 340.5 340.7 339.6 338.5 337.5 336.7 335.7 332.5 327.7 323 318.2 312.7 306.3 303.3 303.3 302.7 302.6 301.6 300 299.3 298.8 297.1 296.1 295 293.3 292.3 290.9 294.6 296.5 298.3 299.1 299.1 298.3 297.1 295.1 292.6 289.8 287.4 285.1 284.2 284.8 284.9 284.6 283.8 282.4 280.3 278.3 276.1
304.7 301.7 299.2 296.4 293.1 290.7 288.3 285.5 282.4 280.7 276.4 272.9 278.3 279.4 280.7 283.5 290.4 299.7 304.4 308.1 311.8 315.9 320.2 321.8 323 322.6 322.1 323.8 325.7 331.7 333.9 334.5 334.2 333.1 331.8 331.6 329.9 326.2 323.5 319.9 316.1 311.8 307.9 303.7 299.4 295.6 293.7 293.9 293.3 292.1 291.6 290.3 289.1 287.5 285.5 285.1 285.6 285.9 288.4 290.5 291.4 291.3 291.5 291.4 290.3 288.3 286.2 283.9 281.3 279.3 279.2 280.1 280.5 280.1 279.2 278.4 276.6 274.6
303.9 300 297.3 295.1 290.7 288.3 287.3 284.8 280.8 276.2 271.6 270.1 271 272.7 275.9 279.6 284.8 294 299.1 303.4 306.4 307.3 306.8 305.5 308.4 310.5 312.8 312.9 316.3 319.8 323 326.1 327.5 327.6 327.3 324.8 323.2 319.9 317.9 314.3 310.5 307 303.5 300.4 297.7 295.1 292.4 290.4 287.6 284.4 284.4 284.1 282.4 280.4 278.8 279.5 277.5 278.5 279.7 282.6 283.6 283.8 284.1 284.8 285.2 284.3 282.5 280.2 277 274.6 273.2 274.5 275.6 275.4 275.5 274.8 274 271.9
303.9 299.9 296.9 296 294.1 291.6 289.8 286.4 283.1 281.3 278.6 269 268.9 268.7 271.3 273 277.2 283.9 290.4 295.8 299.6 301.6 300.3 298.7 298.3 297.1 298.1 299.6 302.4 305.9 308.7 313.8 318.4 320.9 321.8 320.3 317.7 314.9 310.8 308 303.8 300.1 296.9 293.9 291.9 290.1 288.1 287.2 285 283 281.4 278.1 271.5 275 272 270.7 270.2 271.2 271.3 272.9 275.9 276.6 277.7 279.2 280.5 280.5 278.7 276.1 273 271.8 269.6 268.8 269.9 270.6 270.6 270.7 270.4 269.7
304.1 302.3 299.4 297.1 294.8 292.1 289.2 286 283.3 280.1 277.1 274 266.9 266.4 266.6 267.6 270.6 273.8 278.2 284.6 290.2 291.6 291.9 291.6 291.9 291.2 291.9 293.4 294.4 296.4 299 302.2 306.1 310.9 313.4 313.4 311.3 307.3 305.8 300.4 298.5 295.1 292.3 289.2 286.5 284.2 282.4 279.8 278.5 276.8 275 273.4 271.4 265.1 267 265.8 264.9 263.8 261.9 264.3 267.1 269.3 271.1 273.4 275.2 275.9 274.2 271.5 269.6 268.7 267.6 263.8 264.1 264.9 265.5 266.4 266.7 266.3
306.8 304.1 301.2 297.5 293.9 290.7 286.9 283.1 280.1 277 274.7 271.9 268.5 265.3 264.8 266 266.1 270 272.6 276.6 279.9 279.6 283.4 284.8 285.1 284.5 285.1 285.2 285.8 288.2 291.1 294 295.4 298.5 301.2 301.6 302.2 299.9 298.9 294.6 292.3 290.2 287.2 283.7 281.1 278.9 276.8 274.2 271.4 268.6 266.8 265 264.6 263.6 260 262.1 260 259.9 258.5 257.5 260.6 262.7 264.2 267.6 270.2 269.6 268.4 266.1 264.2 264.2 264.3 261.5 259.1 259.9 261 262.7 263 263.2
307.3 304.6 301.1 296.2 293.3 288.8 285.6 281.1 277.2 274.6 272.4 269.7 267.2 264.3 264.2 264.9 266 267.2 269.5 273.5 273.9 273.9 276 277.8 278.1 279.3 281.7 282.7 283 282.5 284 285.9 288.4 289.9 290.9 291 290.8 290.9 290.6 289.3 288.1 286.3 281.6 279.1 275.3 272.6 269.8 267.5 266.8 264 263 260.6 258.4 257.1 253.8 254.9 254.6 255.1 255.2 254.1 254.2 255.5 257.9 262.2 265.3 265.4 264.2 262 260.2 260.2 261 259.3 256.7 255.7 256.7 258 258.6 258.9
307 305.3 301.3 296.5 292.6 287.9 283.9 279.7 275.4 272.4 269.9 267.5 265.3 263 263.2 266.6 269 273.6 275.6 275.3 275.4 274.6 274.7 275.8 278.4 279.2 281.8 282.8 282.2 281.4 280.7 279.3 280.8 282 282.9 283.8 283.1 282.5 281.9 282.7 282.2 280.6 278.3 275.8 273 270.5 267.7 263.2 262.1 260 257.9 255.7 254.1 252.8 251.3 249.6 250.5 250.9 250 251.5 250.4 251.7 251.7 256.6 259.4 260 259.2 258.8 257.5 257.1 257.8 257.8 254.9 252.6 253.1 253.7 254.7 254.3
307.1 304.6 301.1 296.5 291.9 287.3 282.9 278.8 273.7 270.5 268.5 266 262.9 262 266.4 273.2 279.3 282.6 283.8 283.1 282.9 281 281.8 281.8 281.3 281.3 282.2 282.9 282.2 280.4 279.2 277.6 275.7 274.1 272.2 272.3 272.1 272.8 273.4 273.1 271.2 269.9 265.7 265.7 265.6 263.8 263.3 265.7 264.1 259.3 254.2 250.7 249.4 248.2 246.4 245.5 245.8 246.4 247.4 246.9 246.2 245.1 247.5 250.3 253.7 255.4 255.3 254.7 255.3 254.9 255.6 255.2 253 250.8 249.9 250.2 248.8 248.3
307.5 305.1 301.9 296.4 291.6 287.3 282.1 277.4 273 269.7 267.3 265.5 261.2 261.2 273 280.6 286.4 292.2 295.4 295.5 294.5 291.4 290.8 288.6 285.9 285 283.5 282.9 282.3 281.1 279.2 277.1 274.9 273.3 270.3 267.7 267 266.3 265.7 265.6 265.8 265.9 264 263.5 264.2 263.6 262.6 263.2 261.7 259.1 254.8 247.9 245.9 243.5 242.7 242.6 241.2 242.2 243.9 244.7 244.6 243.2 239.9 243.8 248.1 250.7 252.3 251.8 252.1 253.5 252.5 252.1 250.6 248.1 245.5 246.1 245 242.8
307.9 304.7 300.7 296.3 290.7 286.2 281.1 275.6 272.4 269.1 265.8 263.8 259.4 265.9 273.3 281.3 289.2 297.8 304.8 305.3 304.1 301.8 299.5 296.4 293.4 290.6 287.7 285 282.6 280.9 279.5 277.3 276 274.5 272.9 271.2 269.5 266.9 265.7 264.7 264.1 263 262.5 262.2 261.8 261.5 260.9 261.5 258.3 256.9 254.6 252.8 249 245.8 244 241.8 239.8 238.9 237.5 239.1 242.1 240.8 237 238.2 242.6 246 247.7 249.6 249.4 249.7 250.5 248.5 246.5 244.1 241.8 241.7 240.2 238.3
310.4 306.2 300.6 295.2 290.5 284.6 278.7 274.3 270.2 266.7 264 261.5 258.5 264.1 272.2 281.8 288.8 298.7 308.6 313.4 313.6 310.5 306.1 304.6 301.6 296 292.6 289.2 286.4 284 282.6 282 283 281.5 279.3 277.9 275.9 271.5 269.3 266.3 264.3 263.4 262.8 262.8 263.2 264.3 265.3 267.3 266.4 264.3 261.5 259.1 254.4 250.8 248.8 245.4 242.1 239.3 237.8 235.9 235.9 234.4 233.9 234.1 238.5 241.1 243.5 244.5 246.5 245.8 245.7 244.5 242.5 241.8 238.4 237.7 236.8 234.2
313.3 308 302.9 297.5 292.8 286.7 281.4 276.3 271 266.5 262.8 260.1 257.4 261.1 269.1 278.8 287.9 297.9 307.6 317.5 320.2 316.4 312.9 311.7 308.2 303.2 299.1 295.6 292 289.5 288.2 286.6 288.5 288.7 286.2 284.3 279.9 277.4 273.3 270.4 270.6 269.3 265.1 266.4 267.8 270.3 273.3 274 274.9 272.8 269.8 266.8 263.4 259 255.1 251.2 247.5 242.5 239.4 236.6 234.4 232.7 231.9 231.5 233.8 237.4 237.6 240.5 240.8 240.9 240.5 240.6 239.1 237.8 236.3 235.1 233.8 232.6
315.9 311 305.8 300.2 294.8 288.7 282.6 277.4 271.9 266.7 262.8 260.3 256.4 260.5 267.8 273.1 284.7 292.5 305.8 317.8 324.2 320.7 317.5 316.8 313.6 308.7 305.3 301.6 297.8 297.1 295.5 293.3 294.3 294.2 293.1 291.6 288.8 284.9 282.2 279 276.5 275.9 274.4 274 274.8 277.5 281.7 282 283.4 280.8 277.8 275.1 271 267.9 263.3 258.2 253.1 249 244.4 240.6 237.1 234.1 231.6 230.9 229.8 231.3 233.3 235.6 236.9 236.8 236.4 234.5 234.8 234 233.7 232.5 231.2 229.5
319.5 313.9 308.2 302.6 296.7 290.4 284.2 278.2 272.2 266.2 261.9 259.3 254.5 259.4 266.3 272.3 281.1 291.2 302.2 317 326.9 324.5 322.2 321.1 318.5 315.6 309.4 305.9 303.8 303.1 303 303.9 303.4 303.7 302 300.6 299.1 296.6 291.9 287.2 285.5 283.5 282.7 283 285.9 287.5 288.4 289.4 290.1 287.8 284.4 281.1 278.3 275.2 270.9 265.2 260.6 256.5 251.5 245.4 240.7 237.5 234 232 231.4 229.4 228.9 232.8 233.8 234.6 233.7 233.4 232.1 229.9 230.2 229.3 226.8 227
320.4 315 309.5 303.6 297.7 291.5 284.7 277.9 271.7 265.8 260.6 257.4 254 255.1 263.4 271.7 279 288.9 298.2 314.9 328.5 327.6 326.3 325.7 322.6 319.1 316.9 312 310.9 311.9 313.1 314.1 314.2 313.1 311.3 311 308.9 306.8 303.5 300 294.2 292.6 291.9 292 295.9 297.9 298.5 296.9 294.7 292.6 290.1 285.7 282.7 280.6 276.2 271.7 267.2 262 256.3 249.5 244.4 242.8 238.9 235.9 234.5 232.7 228.6 229.3 231.4 232 232 232.4 231.4 230.2 228 226.4 224.7 223.1
319.5 314.1 308.7 303.5 297.7 291.6 284.8 278 271.5 265.3 259.8 256.1 253.6 253.2 261.4 269 275.4 284.8 294.9 309.3 329.4 331 330.5 331.1 327.7 324.1 320.9 318.3 318.6 321.2 321.8 322.5 322 321.9 321.6 320.5 319.5 316.4 313.8 309.3 306.6 303.2 304.7 307.9 310.1 309.6 307.6 304.8 301.9 297.8 294.2 291.1 288.9 285.2 279.9 275.3 270.8 266.2 261.6 254.7 249.9 246.6 243.2 240.3 237.8 235.5 233.2 227.1 227.5 229.8 230.3 231.3 231.6 229.6 227.3 225.1 224.2 223
316.3 310.7 305.8 301.8 297.1 291.1 284.8 278.2 271.4 265.5 259.9 255.7 253.4 251.1 258.9 265.2 272 280.4 292 307.1 330.7 334.2 334.1 335.2 332.7 329.6 324.9 323.2 323.7 328.4 329.4 330.1 331.4 332.3 333.1 331.2 328.4 326.4 325 321.8 319.1 319.4 323.4 324.7 324.1 322.3 317.8 313.3 309.5 304.5 300.1 296.1 293.2 288.4 282.6 277.9 273.1 269.3 265.2 262.3 258 251.7 246.1 243.6 241.5 238.9 235.7 232.8 229.4 224.1 225.9 229.4 231.9 230.4 227.6 224.6 222.9 222.3
312.3 307 302.5 298.5 294.6 289.9 283.5 277.3 271.2 265.2 259.8 254.2 251.9 250.9 256.2 263.6 271 278.1 289.6 304.9 329.2 335.7 336.2 336.1 336 334.1 329.6 327.1 329.4 334.3 335.6 336.8 339 341.3 343.4 343.8 340.3 338.8 336.5 333.4 332.8 333.9 335.1 334 329.7 326.7 322.5 317.8 312.4 307.4 302.4 297.5 293.3 289.1 283.9 279.3 274.2 270.7 268.6 266.4 262.7 258.1 250.4 244.4 242.6 240.7 237.3 231.7 228.5 228.9 222.9 221.6 224.7 229.9 227 224.9 223 221.3
307.9 303.3 298.6 293.7 290.5 287 282.5 277 271.2 265.3 259.1 253.6 250.9 249.9 255.2 261.6 270.5 277.9 288.9 304 327.5 337.1 338 338.2 337.3 337.5 334.7 331.8 333.9 340 342.2 343.3 345.5 347.9 348.4 348.6 347.5 348.7 348.1 347.5 345.4 344.1 340.9 338.1 334.2 330.5 325.8 320.5 315.3 309.9 305 300.7 296.4 291.7 286.6 281 276 272.5 269.3 266.2 262.6 259.2 252.2 246.2 243.9 240.4 236.6 236.3 234.4 231.2 228.8 226.3 222.7 225.6 215.6 215.7 216.6 216.1
