Assets/StreamingAssets/GeoData/Data/ny/NY90.asc
ncols 200
nrows 200
xllcorner 390000
yllcorner 500000
cellsize 50
[rows 140 to 174 of 200, columns 0 to 77 of 200]
487.4 476.8 467.5 459.4 448.4 443.4 465.1 473.3 480.2 486.3 498.7 505.1 510.5 517.6 521.8 538 544.4 562.8 568.4 572 575.1 578.6 582.6 586.5 590.1 595.2 600.8 608.1 617 623.5 630.3 638.8 649 654.8 660.8 664.3 665.5 667.2 669.1 669.5 670.1 667.9 665.1 662.8 658.4 654.4 649.8 646 644.2 642.8 642.7 640.3 636.3 631.2 626.6 621 616.9 612.7 609.2 604.3 595.5 588.4 582.5 565 553.7 548.5 543.2 541.1 533.8 518.7 528.5 524.5 542 542.2 543.3 544.2 549 553.3
474.7 466.2 460.9 447.9 436.3 457.8 468.2 475.3 481.2 488.6 498.9 504.7 511.3 518.9 521.1 534.9 542 562.5 567.6 570.8 574 578.1 582.6 585.8 589.8 594.8 602.1 608.7 617.8 623.1 628.9 637.4 646.7 652.7 659 663.7 665.4 666.7 668.7 669 668.4 666.7 664.9 663.7 659.3 654.5 649.2 644.2 643.6 643.6 644.4 641.3 639.9 635.5 629 622.8 621.1 617.7 613.2 610.3 604 598.3 589.5 579.8 564.8 556.4 551.6 548.9 545.4 537.3 530.7 514.5 515.8 536.2 537.6 539.1 540.3 542.4
469.7 461.7 450.2 432 449.6 462.5 468.5 475.8 482 491.2 499.2 505.9 510.6 518.5 520.9 537.9 541.5 562.1 566.6 570.2 573.4 576.5 582.2 586.2 589.5 594.5 600.2 609.1 617.6 622.6 627.8 634.4 643.5 649.7 654.3 659.8 662.6 664.2 666 666.5 666.2 665.1 665.4 662.2 658.2 653.7 648.2 647.2 643.6 643.6 643.6 643.5 641.3 636.8 630.8 626.1 623 619.6 615.3 613.5 608.9 605.4 599 593.6 578.6 564.2 557.7 553.6 551.1 547.3 547 539.8 514.1 508 514.4 517.5 525.7 523.5
465.5 456.8 432.9 437.7 453.8 464.7 471.6 475.5 483 489.9 497.8 504.6 509.8 518.2 521.8 537 547.1 560.9 566.3 571 573.7 577.1 581.5 584.7 588.9 593.6 599 609.1 616.6 623.1 628 633 636.6 646 650 654 657.7 660.1 661.9 662.9 663.5 663.3 661.7 658.7 655.3 651 647.2 644.1 643.8 643.5 643 643.8 641.8 638.6 631.8 627 623.1 620.3 616.7 614.1 610.7 608.4 604.7 598.9 592.7 581.5 567.6 560 555.4 554.8 552.6 547.1 536.3 522 516.1 495.4 500.3 517.8
460.1 448.9 425 440.9 456.6 466.4 470.7 477.9 483 489.4 495 504.7 510.6 516.2 526.8 531.6 549.8 561 566.1 569.4 572.7 576.8 582.2 585.5 589 593.4 598.3 606.9 615.6 621 624.8 630.7 633.9 638.8 644.2 649.2 652.6 655.5 657.7 659.5 660.7 660.2 657.3 654.5 651.1 647.2 645.6 643.4 643.2 642.9 642.2 643 641.4 637.4 631.2 626.9 622.3 619.8 617.9 615.5 611.9 609.8 607.3 602.2 597.4 590.8 582.8 572.4 566.6 563 558.9 552.5 543.9 532.6 525.6 516.8 498.2 495.5
455.3 438.1 430.1 443.4 460.3 467.8 474.6 480.5 485.7 490.3 497.1 506.5 511.5 520.5 530 534.8 552 562.6 567 569.8 573.7 577.9 581.6 584.5 588.8 593.4 598.3 604 614.9 619.7 623.7 626.5 631.2 632.5 637.7 642.5 646.1 647.4 651.2 653.9 654.4 653.9 651.2 649.5 647 644.2 643 643 643.1 643.8 641.8 642.1 639.6 634.8 629.7 625.2 620.8 618.7 616.5 614.2 611.2 609.4 606.9 603.1 598.5 594.1 587.4 582.3 574.8 568.8 563.9 558 551.6 540.4 529.9 521.9 499 489.3
449.2 424.3 428.2 448.4 461.7 467.5 473.2 480.5 485.6 490.5 500.2 508.4 515 523.4 530.4 542.8 551.6 563.2 567.6 570.6 573.1 576 580.9 583.4 586.9 592.2 597.8 604.3 613.3 618.7 622.5 624.3 627.2 629.5 633.2 635.5 637.7 641.8 644.3 645.5 647.3 646.7 646.3 645.7 643.5 642.4 639.8 642.2 643.6 642.6 642.5 638.6 636.5 631.2 626.2 622 619.5 616.7 614.4 611.1 608.1 607.8 604.3 600.2 597.3 594 587.5 582.8 576.6 569.1 562.9 558.6 554.1 546.4 531.5 522.1 498.4 484.5
441.6 416.2 425.5 446.8 460 464.8 468.8 477.9 484.8 490.2 501.9 509 516.1 522.7 527.3 544.8 555.5 563.6 567.8 570.4 571.1 574.9 578.8 582.3 585.4 590.4 596.2 601.9 609.3 615.8 619.8 623.5 625.4 627.3 629.4 631 633.8 636.6 637.8 640.4 641.2 641.9 642.4 642.1 640.3 640 639.5 640.5 642.6 641.3 641.4 637.7 631.6 624.6 622.1 618.9 614.8 613.9 611.5 608.9 606.9 603.9 599.3 596.7 595.1 591.5 585.3 580.6 572.2 566 560.3 557.5 553.9 543.7 531.9 522.9 495.1 481.6
429.3 418.9 427 446.6 459.3 466.6 472.7 477.9 482.7 490.6 501.3 507.4 515.2 522 527.1 541.4 557.7 563.7 567.6 569.7 571.6 575.7 578.4 581.1 584.4 589.4 593.8 598.5 603.8 611 616.5 620.2 623 624.6 626.9 628.7 630.9 631.7 633.5 635.9 636.8 638.4 640 640.1 638.9 638.5 640 640.4 640.7 640.6 640.7 636 627.1 621.7 618.5 614.7 613.1 610.2 608.5 605.6 601.9 598.4 595.3 592.9 588.9 584.4 580.6 574 566.5 561.1 557.6 554.9 551.4 544.1 533.2 524.8 499.6 487.8
412.4 417 428.3 446.5 457.7 466.2 472.8 478.4 489.5 495.2 499.6 506.3 515.6 523.5 528.4 543.3 556.5 564.4 568.3 570.2 573.2 575.7 578.8 581.3 584.6 588.3 591.5 594.5 599.6 604.3 612.4 617.4 620.9 622.6 624.5 626.8 628 629.4 632.3 632.8 635.5 636.7 637.8 634.5 636.9 637.2 639.9 639.9 642.3 641.3 639.1 635.4 629.8 623.1 617.5 613.4 607.9 607.3 604.8 601.7 596.4 594 590.7 586.5 582.4 578.4 572.9 565.1 559.3 555.5 553.5 551.4 548.1 542.4 533.4 524.1 503.7 490.5
406.8 414.7 434.6 450.1 461.7 468.6 473.7 478.5 488.7 494.8 500.8 507.9 516.2 527.7 535.7 540.8 562.1 564.9 568.3 570.4 572.3 574.8 578.7 580.8 583.6 587.6 590 593.5 596.2 600.4 604.2 609.9 615.8 619.1 620.9 623.9 625 628.6 630 632.4 632.5 634.8 635.2 636.2 636.4 637.7 639.5 640.9 641.3 639.8 637.1 633.2 628 621.2 616.2 612.6 608.4 598.4 599.8 597.3 592.5 587.1 582.7 579.9 576.4 571.7 564 557.6 553.3 550.3 548.8 546.2 542.8 538.9 532.9 521.5 502.9 487
409.5 420.5 445.4 456.9 462.9 471.1 476.3 480.9 488.7 496.8 498.8 510.7 515.5 529.4 534.7 543.9 563 565.9 568.4 569.9 572.8 575.9 578.2 581 583.8 586.5 588.9 591.8 594.2 597.1 599.7 603.5 608.3 613.3 617.4 620.4 622.3 624.8 627.7 629 631.1 632.5 630.4 635.9 637.1 639.4 640.5 640.7 640 638.2 634.8 629.9 625.1 620.7 615.1 611.3 606.3 599.8 585.8 588.8 586.2 581 576.7 572.6 566.6 560.9 555.9 551.4 547 544.8 542.1 539.8 538.1 535.2 530.7 516.4 501.7 484.2
420.3 434.3 451.6 462.9 470.2 471.6 476.9 482 488.5 498 500.6 511.2 517.1 531.2 534.7 550.8 563.5 566.4 568.1 570 573.2 575.3 577.7 580.1 582.7 584.7 586.7 589.4 592.2 595.4 598.8 602.6 605.9 609 613.1 616.4 618.4 620.8 623.2 625.7 625.3 625.9 630.4 633.9 636.7 638.9 638.7 638.3 637.3 634.1 630.4 626.5 623.1 619 615 611 606.5 599.6 587.5 576.4 576.4 574.5 567.8 561 556 552.8 549.6 545.1 542 538.9 537.7 535.9 534.4 532.1 525.9 511.9 497.4 478.5
430.1 447.3 456.7 465.4 470.4 472.8 476.5 483.6 490.4 497.4 504.9 513.6 521.4 530.2 542.5 554 561.4 565.4 568.4 571.2 572.7 574.8 576.9 579.1 581.4 582.7 583.8 587.1 589.4 593.2 596.6 599.4 602.4 605.4 609.3 610.8 613.6 614.1 618.5 619.6 621.4 624.4 628.8 630.9 634.8 635.9 635.8 633.5 631.2 629.2 627.3 624.4 621.3 617.7 614.2 610.2 604.8 598.7 589.4 580.1 568.5 558.4 555.2 549.6 549.7 547.4 543.1 540 537.6 535 534.8 532.4 531.7 527.3 520.6 507.7 486.5 456.3
441.9 454 462.7 467.7 471 475.3 478.8 487.5 494.7 499.7 506.4 513 523.2 528.1 545.2 554.1 561.4 565.3 568.8 571 573.4 573.9 576.8 578.6 580.1 581.1 582.4 583.7 587.4 590.6 593.6 596.4 598.7 602.8 605.7 607.9 609.2 612.8 615.5 615.8 621.2 623.9 626.5 628.5 630.6 630.9 630.5 629.6 628.2 627 624.8 622 619.3 616.5 613.1 608.3 602.3 595.6 588.1 579.5 570.8 557.4 547.6 544.8 543.6 540.9 538.1 535.8 534.6 533.2 531.6 530 525.6 520.1 513.9 500.5 475.6 455.9
450.7 458 466.4 470.3 473.7 476.6 483.1 491.2 496.5 503.9 509.8 515.4 523.8 530.5 547.8 555.6 561.2 565.5 567.3 570.4 571.3 573.3 575.3 577 578.2 578.2 580.1 582.6 585.3 588.3 590.7 592.5 596.6 599.7 601 603.2 607.6 609.9 611.4 615.7 618.3 621.6 624.1 625.7 627.7 628.3 628.6 628.7 627.3 625.5 621.1 618.9 618.5 615.1 610.7 604.9 599 591.3 584.6 577.1 569.7 555.9 548.5 540.6 537 534.8 534.1 532.7 531.5 529.5 527.3 524.4 519.7 514.1 507 491 460.8 459.6
455.5 462 468.8 472 475.9 479.6 486.4 493.2 499.1 506.9 511.9 517.7 523.8 533.2 547.9 554.9 561.7 564.4 567.6 569.3 570.6 571.9 573 573.8 574.4 574 577.3 579.2 581.9 584.9 587 591.4 594.4 596.9 599.9 602.4 604.1 606.6 611 613.7 616.5 618.7 621.4 624.2 625.7 625.7 626.3 626.3 627.1 625.6 623.3 620.9 618.1 614.4 609 603.1 592.4 584.6 578.8 573.2 563.1 553.5 545.8 540.1 535.4 529.2 530.7 529.8 527.5 524.6 523.4 518.1 513 505.2 500.8 477.6 442.5 465.6
458.6 465.5 470.9 475 477.6 480.3 488.8 495.1 501.1 507.5 515.5 521.7 527.9 536.4 547.4 553.5 560.4 563.5 564.4 566.8 567.3 567.4 568.2 569.3 569.4 569.9 572.8 574.6 576.7 579.1 582.7 586.6 590.4 594.8 597.1 598.8 602.6 605.4 608.5 611.2 614.1 617.6 620 623.3 625.2 626.3 626.5 625.1 625.6 624.4 622.7 620.7 617.3 612.6 606.7 599.9 592 583.1 576 568.7 558.7 548 542.3 538.1 534.5 529.3 520.3 523.4 522.1 520.9 518.1 512.6 506.5 500 489 453.2 442 475.9
460.3 468.3 473 476.9 479.8 483.5 490.9 497.2 502.6 509.2 516.4 523.2 529 536.1 544.4 549.9 553.5 557 558.3 560.2 560.1 560.2 560.8 561.3 561.5 564.3 565.7 567.8 569 570.7 575.5 578.5 583.7 589 589 596.3 603.1 605.5 607.7 610 612.5 614.6 618.2 621.2 623 624.4 624.5 623.8 624 622.9 621.5 618.9 614.9 609.2 602.7 595.1 587.7 579.9 572.3 563.9 550.6 543.8 539.4 535.3 531.7 527.3 515.4 512.3 514.3 513.7 510.2 505.4 501.6 497.1 480 442.5 449.5 484.1
462.6 469.2 473.6 477.9 481 486.4 492.3 498.1 503.6 509.9 517.8 522.9 526.9 533.8 541 545.9 549 550.8 551.7 551.4 550.5 550.3 552.2 553.7 554.5 554.3 557.4 561 562.4 565.7 568 572.3 575.1 578.1 584 598.1 602.7 604.1 606.7 608.3 610.6 613.3 616.8 619.2 621.1 622.1 622.9 623.1 622.6 621 619.3 616.2 610.4 604.3 597 589.9 583.1 576.6 568.3 560 549.2 539.9 536.6 532.2 527.7 522 517.6 495.8 498.4 503.1 503.6 501.5 499.8 495.3 462.5 429.8 460 489.8
464.4 472.8 474.8 477.5 481.1 486 490.3 495.4 501.7 507 514.8 520.5 524.3 528.8 535.8 540.5 544 545.8 544.5 544 541.6 542.2 543.5 545.8 547.3 547.2 550.8 553.4 557.4 560.3 562 565.2 568.2 579 587 595.6 600.5 602.9 605.6 607.8 610.3 613.1 615.7 617.3 618.9 620.1 621.4 621.7 620.9 618.9 615.5 610.7 605.2 598.1 591.4 584.7 579.5 573.2 564.4 557 547.3 539.2 533.5 529 523.6 518.1 512 500.8 481.7 492.2 498.5 498.4 496.4 488.3 451.5 435.1 457.9 493.9
464.7 473.5 476 477.8 480.9 483.5 486 492.3 501.6 506.9 512.7 517.7 522.3 526.2 530.1 534.6 537.2 539.5 539.7 538.9 536.9 537.9 538.8 539.4 540.7 542.2 544.8 546.8 549.6 551.8 558.6 565.6 571.7 579.5 584.7 590.6 596.9 600.5 603.5 606.8 609.6 612.2 614.4 616.4 618.1 619.1 619.8 619.9 618.9 616.5 611.4 605 598.2 592.3 587.5 582 577.4 569.1 560.7 552.9 543.3 537.1 530.4 524.3 516.8 508.5 503.2 497.1 487.4 476.8 491.3 492.3 491 471.9 440.4 436.4 461.3 497.4
464.2 472.2 476.1 478 481.9 484.6 487.9 497.3 506.3 508.1 511.2 515.8 520.1 524 528.3 531.2 533.7 535.5 536.1 534.2 531.4 533.1 533 534 535.2 537.3 538.5 539.4 540.8 551.6 559.3 564.4 569.6 575.5 580.9 586 590 595.6 600.6 604.6 607.7 610.3 612.6 614.7 616.8 617.8 618.8 618.3 617.1 613.7 608.9 603.5 595.7 589.7 584.7 581.9 575.8 566.1 555.1 547 539.8 533.5 528.2 519.8 506.6 490.2 484.2 481.2 475.4 456 477.9 475.2 475.1 453.7 423 448.8 477.8 500.4
463.2 470 476 478.1 481.8 487.6 493.8 501.4 507.5 508.7 511.2 514.3 518.1 521.9 525.1 528.4 531 532.6 530.6 525.8 523.4 525.2 524.5 524.3 522.2 526.2 527 533.9 545.4 552.4 558.8 563.7 568.1 573.1 578.1 581.8 585.4 589 593.1 598.4 602.5 605.6 608.8 612.2 614.8 616.4 617.4 617.1 613.6 609.9 604.9 600.1 594.3 589.4 586.1 582.3 576 561.6 552 545.4 537.2 528.6 513.2 505.8 493.5 497.4 493 485.9 476.8 457.2 445.5 439.4 436 433.3 422.8 453.1 480 501.7
462.4 469.6 475.5 478.8 482.1 487.8 492.9 501 507.3 510.5 511.9 513.2 515.4 518.8 522 526.2 528.4 527.9 526.2 522.3 518.5 520 518.6 514.6 499.2 503.9 524 537.5 543.7 552 556.7 561.1 565.4 568.9 573.5 576.6 580 583.2 587 590.5 593.9 598 602.7 604.9 609.4 611.8 611.8 611 608.3 605.1 602.2 597.9 594.2 589.9 586.4 582.8 577.9 567.3 553.6 546.1 539.3 533.5 527.6 516.2 510.3 507.6 503.3 499.1 495.7 489.6 472.2 459.6 450.1 420.2 423.2 455.5 480 501.5
462.1 468.7 474.1 479.2 482.6 488.2 492.7 499.1 505.2 509 512 514.1 515.3 517.5 520.5 523.2 523 522.8 521.2 518.4 515 510.6 498.2 497.5 484 508.8 524.7 535.7 541.3 549.2 555.5 560 563.5 565.1 569.8 574.4 577 579.3 581.8 584.3 586.9 591.2 597.2 600.1 603.1 604.6 605.6 605.9 604.3 602.3 600.2 597.6 593.7 590.4 587 584.4 576.8 566.4 558.8 551.7 544.1 537.4 531.3 524.6 518.6 512.3 506.2 503.1 500.6 494.8 484.3 472.5 454.5 426 420.7 452.1 473.8 500.4
461.8 468.2 473.6 478.3 481.7 486.4 492 496.5 501.8 506.5 510.4 513.6 515.4 517.1 518.8 519.6 519.9 519.6 517.8 515.7 513 508.4 484.6 473.3 491.5 506.6 521.7 531.6 540.3 548.1 554.3 557.6 561.4 564.1 567.4 571.3 575.3 578.1 579.6 581.3 582.5 583.9 590.1 594.9 599 601 602.9 603.6 602.9 601.1 599.4 597.6 595.2 592.7 589.9 586.5 577.7 571.1 563 554.9 547.9 541.1 537.4 531 522.8 516 511.5 507.9 502.5 495.5 485.3 469.9 454 428.2 411.3 441 463.3 493.8
460.6 469.2 473.9 477.9 481.5 486.4 491.2 493.5 495.8 504 508.9 512.5 515.5 517.1 518.6 519.1 518.7 517.1 515.1 512.1 508.9 502.8 488.2 459.8 485.7 505.5 520.9 529.2 537.1 544.5 548.9 554.6 558 560.8 562.6 565.6 569.8 573.9 577.6 578.5 578.7 579.1 582.5 588.4 594.1 597.9 599.5 601.1 601.1 600.1 599.2 597.7 595.9 593.9 591.1 587.7 580.3 573.6 565.7 558.2 551.9 545.4 543 537.5 530 521.4 517.1 511.1 508.7 500.9 488.3 472.4 459.2 433.6 410.3 428.1 456.2 474.4
459.1 469.1 474.7 478 481.3 485.8 489.3 492.3 496.7 502.2 506.3 511.1 514.3 516.4 518.1 518.6 517.9 515.4 512.7 508 501.7 492.5 470.6 460.1 490 508.5 518.4 525.5 533.3 538.6 542.5 548.8 551.6 555.3 557.6 560.4 562 568.9 574.1 575.8 575.6 577 578.6 580.7 585.4 591.4 594.9 596.8 597.5 597.4 597.1 596.2 594.7 593 591.1 585.6 579.4 574.7 569.4 562.3 557.8 552.4 546.9 541.2 534.7 528.3 522.3 517.5 514.6 507.9 491.6 474.1 458.5 438.2 414.3 414.6 438.9 466
454.4 467 473.7 477.3 480.4 485.6 488.9 492.7 497.3 500.9 506.1 511 513.6 515.6 517.8 518 516.2 512.8 509.2 499.6 496.4 479.4 445.4 469.7 494 506.8 513.7 520.9 527.9 533.8 539.3 543.2 545.1 548.7 551.1 552.6 556.8 564.3 570 572.5 573.2 574.6 575.3 576.5 579.1 583.5 586.5 589 591.6 592.5 593.5 593.2 591.9 589.7 585.8 581.2 578.3 574.7 570.6 565.6 560.7 554.8 549.4 543.3 536.9 530.6 522.8 522.3 518.2 512.3 498.9 475.4 458.2 444.4 422.1 404.2 422.7 446.5
444 464.3 470.8 475.7 478.8 482.8 488 491.9 496.5 501.4 506 509.8 512.5 514.4 515.7 515.8 514.5 510.6 504.7 499.2 492 460 432.2 471.2 493.7 501.1 509.4 514.8 522.1 528 533.7 537.7 539.7 542.1 543.5 547.8 550.4 556 562 567.3 570.1 570.8 572 571.7 575.4 577.4 581.3 584.7 587.6 588.8 588.6 587.8 586.6 584 582 580.7 578.7 576.1 571 567 562.9 556.8 551.2 544.5 539 531.9 525.5 523 518.7 513.4 504.8 481.7 462.9 448.9 433 410.2 403.7 431
441.2 458.2 467.8 473.5 477.1 480.2 484.2 489.6 494.8 500.7 504.9 508.6 511 512.9 513.4 512.6 510.2 506.5 502.7 497.4 481.3 448.2 430.8 463.9 488.9 494 502 507.9 516.2 522.4 527.1 531.6 533.7 535.5 538.3 541.3 545.9 548.6 553.9 561.6 566 567 567.8 570.1 571.2 574.5 577.4 581 584.5 585.9 586.1 584.8 584.2 582.7 581.1 579.8 578.4 576.2 572.4 567.8 563.6 558.1 551.8 544 538.6 531.2 526 521.8 516 511.4 503.9 484.5 467.8 451.4 439.1 421.8 400.4 415.7
434.2 451.1 462.9 469.2 472.8 473.7 478.7 485 492.8 499.3 503.6 507.6 509.6 511.2 511.9 511.1 510.1 507.4 501.9 494.4 473.8 443.7 428 451.2 472.2 484.8 490.4 500.4 506.5 511.8 519.9 524.5 526.6 528.9 532.5 536.8 539.7 540.5 544.4 558.2 561.7 564 564 567.2 569.2 571.7 574.8 578.6 582.3 584.1 585.2 584.6 583.1 581.2 579.8 578.6 577.3 574.8 571.7 568.5 563.9 557.3 550.7 543.3 537 530.3 525.7 507.1 497.2 490.6 480 471.8 459.5 446.8 438.9 433.5 407.7 397.8
419.6 439.9 454.5 461 465.6 467.8 472.1 478.8 490.6 499.2 502.9 506.7 507.9 508 508.5 509 508.5 504.5 501.2 487.6 471 447.1 421.2 421.1 442.7 469.6 473.8 487.4 485.4 482.9 502.5 514.7 517.3 520.7 525.6 526.8 528.5 533.7 541.9 554 559.7 561.3 562.9 564.1 567.6 569.6 572.6 577 580.1 582.3 583.7 583.8 582.8 581.3 579.4 575.6 575.1 571.9 568.6 565.9 562.9 556.7 548.7 543.7 532.3 526.8 522.5 515.2 508 498.9 490.6 481.7 473.4 457 443.3 439.3 425.1 394.1
407 421.6 440.5 448.6 448 456.5 455.9 468.2 474.3 485.6 493.9 499.2 498.9 499.5 501.1 501.4 500.3 499.4 496.9 483.4 473.4 448 416.3 412.4 430.3 435.9 441 444.5 458.8 464.3 484.8 500.4 506.8 511.5 515.2 515.9 522.6 530.3 536 547.2 558.6 561.3 561.8 562.5 564.7 568.7 571.4 574.8 577.4 579.6 581.5 582.8 581.8 580.3 578.2 574.7 571.7 567.6 564.3 561.4 557.3 551.2 545.2 539.7 535.4 530.1 526.3 518.7 510.7 496.5 488.2 484 477.8 464.9 450.7 446.3 433.1 407.9
