Assets/StreamingAssets/GeoData/Data/ny/NY91.asc
ncols 200
nrows 200
xllcorner 390000
yllcorner 510000
cellsize 50
[rows 35 to 69 of 200, columns 0 to 77 of 200]
346.7 340.1 327 326.9 333 341.5 349.4 361.5 361.9 361.9 360.4 361.1 360.9 360.3 359.3 358.7 358.9 359 357.7 353.7 353.9 355 354.8 353.8 353.1 352.2 350.8 349.5 348.7 346.8 344.6 343 340.7 338.1 327 327 327 326.9 327 327 326.9 327 327 326.9 327 327 327 327 327 327 327 326.9 327 327 326.9 335.1 315.3 304.7 300.3 292.2 288.5 286.9 285.4 282.4 281.3 281.3 282.3 281.8 280.7 280.1 280.1 280.1 280.1 280.1 280.1 280.1 280.1 288.3
327 327 326.9 339.3 346 357.6 366.1 368.1 368.6 367.4 366.6 366.3 365.7 364.7 363.4 362.3 362 362.2 361.4 358.3 357.6 359.9 359.3 357.9 357.8 357.9 356.8 355.1 353.7 352.6 350.8 349.5 348.2 347 347.4 346.2 344.6 340.1 336.4 327 326.9 326.9 327 327 327 327 327 327 327 327 327 327 327 327 327 330.1 313.6 310.2 306.7 304 298.9 291.6 286.9 284 282.2 283.6 283.8 282.3 284.4 287.3 289.6 281.1 280.1 280.1 280.1 280.1 289.6 289.3
334.1 335.2 345.6 363.6 367.6 369.9 371.9 372.5 372.9 372.5 371 369.8 368.9 367.7 367.2 366.2 366.6 366 365.4 362.1 363.6 363.9 364.3 363.2 364.5 364.1 362.4 361.6 360.7 360 358.9 357.5 356.1 356.3 355.5 354.7 354.4 352.8 351.6 348.5 342.8 336.4 332.5 327 327 327 327 327 327 327 326.9 327 327 326.9 327 324.5 317.6 311.5 308.4 305.1 301.8 297.1 288.6 290.4 290 285.7 283.6 286.7 291.8 294.3 293.2 291.6 290 280.1 280.1 289.8 292 293.5
352.8 361.3 366.5 370.7 373.1 374.8 374.9 376.2 376.6 375.8 375.2 373.4 371.8 371.2 371.3 371.5 370.6 370.5 370.7 356.6 369.5 370.8 370.6 370.4 371.2 370.4 370 368.9 367.5 366.1 365.3 364.5 364 363.8 363.3 362.6 361.1 359.1 355.9 352.7 349.4 345 339.1 335.6 327 327 327 327 327 327 326.9 327 327 327 333.2 320.9 318.6 311.5 307.2 299.7 295.1 294.3 296.5 289.8 288 286.7 285.8 292.6 294.6 294.7 294.4 293.7 292.5 292 287 294.5 296.1 297.8
370.2 365.9 373 375.5 377.1 378.2 379 379.4 378.5 378.9 378 377.1 376.8 376.4 376.6 376 375.3 376.2 376.6 364.9 374.3 377 376.7 376.7 376.9 375.9 375 373.4 371.7 370.3 369.3 368.3 368 367 366.3 364.6 362.5 360.7 358.2 355.7 349.3 337 329.2 327 327 327 327 327 327 327 327 327 327 327 333.7 319.5 317.8 310.3 308.7 307.2 301.1 299.8 298.3 291.1 289.5 287.3 293.8 297.2 298.9 299.4 297.3 296.5 295.9 294.5 289.7 297.8 299.6 301.3
375.6 375.9 377.7 379.8 380.9 381.7 382.1 382.7 381.7 381.3 381.1 380.6 380.8 380.7 380.8 380.9 381 381.5 382 370.7 381.5 381.2 381.9 380.6 380.3 380.1 378.6 376.1 374 371.8 369.9 368.6 367.7 366.9 365.4 363 356.9 354.9 355.4 355.5 351.8 351.6 348.4 343.1 335.8 332.7 327 327 327 327 327 327 327 327 328.2 319.9 314.6 313.1 310.2 308.7 304.2 301.2 293.1 291.1 289.2 297.9 299.7 301.7 302.3 301.8 301.1 301.7 302 298.4 299.3 301.5 304 306.3
380.1 381 379.2 384.2 385.2 385.8 385.9 385.5 384.7 384 384.3 384.5 384.1 384.2 385.4 386.2 386.5 387 384.9 383.8 384.5 383.7 384.5 384.9 383.7 381.9 379.3 376.5 373.8 372 369.2 367 365.5 364.2 363.4 364.8 364.5 363.7 362.6 361.9 360.2 358.3 355.1 351.4 346.9 341.4 337.8 332.9 327 326.9 327 327 327 327 323 319.9 316.2 317 314.7 311.2 308.2 295.1 293.9 289.1 298.2 304.6 303.7 308.2 307.3 307.8 310.2 309.7 309.8 307 307.3 308.4 312.2 315.4
384.4 384.2 387.5 388.8 390.1 389.3 389.5 388.7 388.1 387.4 387.2 387.1 387.6 390.1 390.7 392 391.8 390.5 381.9 387.3 387.6 387.2 386.5 384.7 382.9 381.4 378.9 376.5 374 371.6 370.5 370.5 370.1 369.1 368.1 366.9 366.7 365.9 364.9 365.2 365.3 363.9 362 359.1 355.6 351.3 347.5 344.8 338.6 338 326.9 327 327 334.5 322.9 320.3 318.6 319.4 317.9 313.9 312.1 296.2 293.5 299.8 309.5 312 309.4 313.9 314.9 317.5 318.5 319.9 318.4 314.4 314.1 317.6 320.2 321.4
388.4 390.4 392.7 391.6 393.4 393.5 393.3 392.3 392.3 391 390.6 391.2 394 395.6 396.2 396 394.5 391.1 388.2 390.2 389.3 387.5 387.3 386 384.2 381.8 379.3 376.6 375.6 374.4 373.3 373.2 372.4 371.4 370.2 368.8 367.8 367.7 368 368.2 368.9 368.5 367.7 365.4 362.6 359.7 354.7 348.8 330.9 327 336 336.8 332.2 331.5 326.4 324.2 324.2 323.5 321.6 320.2 305.1 297.5 296 316.6 315.8 317.7 315.3 320.2 323.6 325.9 325.9 324.8 317.8 316.4 321.9 321.7 325.3 326
394.1 395.5 396.3 396.8 397.2 397.1 397.1 395.9 395.4 395.2 396.7 398.5 400 400.1 399.3 397.5 393.7 392.8 393.4 392 390.9 390.1 388.7 388.1 385.7 382.4 381 379.5 378.3 377.4 376.7 376.1 374.9 373.6 372.7 371.5 369.7 368.8 367.9 366.9 367.1 367 366.1 364.4 360.8 357 348.2 353 353.9 351.4 347.3 343.5 339.9 334.5 329.4 330.2 329 327.5 327.9 327 308.3 295.4 308.7 322.7 319.8 319.9 323.4 327.1 328 327 325.6 323 313.8 323.6 324.7 324.7 327.5 329.8
398.5 399.1 400.2 400.8 400.8 401.1 400.8 400 399.5 400.2 402.6 404.3 403.4 402.6 400.9 398.2 393.7 396.5 395.1 393.7 392.6 391.9 390.7 389.6 387.1 384.2 382.4 381.8 381 380.2 381.1 380.8 380.1 378.3 376.4 374 372.1 370.4 368.9 367.4 364.9 362.9 361.8 359.4 357 355.2 362.4 363.4 361.9 355.3 350.3 347.6 345 338.4 337.1 335.3 333.2 334 335.2 329.3 308.7 304.9 326.5 329.9 328.3 326.9 329.1 328.1 327.6 326.6 319.7 323.4 325 324.9 326.7 326.7 327.9 330.3
401.6 403.5 404.1 404.5 404.1 404.2 403.9 404.2 405.9 407.3 407.6 405.9 405 403.7 401.5 397.5 400 399 397.6 395.8 393.2 393.1 392 390.6 388.4 386.9 384.9 384.1 383.4 385.5 387.6 387.2 385.6 383.5 380.4 376 373.2 371.1 369.4 368 364.9 362.4 362.7 361.8 361 362.8 366.1 367.6 364.5 358.8 354.8 352 338.6 343.6 341.1 340.5 339.9 338.5 339.2 333.5 315.1 303.1 327.1 333.4 332.6 331.8 331.4 330.2 329.5 327.8 326.1 327.7 326.7 326.3 326.8 328.9 330 331.3
405.6 406.5 407.1 407.2 407.3 407.3 407.7 408.5 409.8 410 409.1 407.7 405.9 403.3 399.9 402.9 402.8 401.6 399.8 398 396.4 395.7 395 392.6 391 389.3 387.7 386.1 388.3 389.8 390.3 390 389.5 387.9 384.9 380.6 376.5 373.9 372.1 370.9 367.4 368.7 367.8 367.9 367.4 365.3 368.6 368.9 365 360.3 355.7 348.6 353.8 353.1 348.7 348.6 346.2 345.1 342.7 331.8 318.8 301.7 329.6 336.2 334.6 334.6 333.6 332.7 331.8 329.5 329.4 330.9 330.5 330.5 331.2 333.1 335.2 335.4
408.5 409.7 410.4 411.1 411.2 411.4 411.5 411.8 412 411.2 410.1 408.8 405.1 401.2 403.4 405.5 404.6 403.7 401.4 401.1 399.9 398.4 397.1 394.7 392.9 391.6 390.2 389.9 390.8 391 391.9 391.4 391.6 391.9 389.2 385.9 382 380.4 378 371.5 375.6 376.6 376 376 375.8 375.5 372.4 370.3 367.4 361.8 357.6 358.3 360.1 360.1 357.9 354 351.6 346.8 342.6 333.4 315.2 302.1 336.3 338.9 338.1 337.7 337.1 335.6 334.8 335.5 333.9 335.1 336.2 336.8 339.8 342.1 342.9 346.4
411.5 411.6 412.8 413.9 414.1 414.4 414.2 414 413.4 412.2 410.7 407.5 404 405.3 407.6 407.8 406.7 406.1 405.8 404.4 402.7 400.9 398.4 395.7 394.2 393.1 391.6 390.8 391.7 392.9 393.5 394.1 394.8 394.6 394 392.7 391.1 389.7 388.5 375.3 382.9 386.7 386.1 386.6 385.2 383.2 380.2 375.1 368.1 363.6 360.1 361.9 364.2 364.3 360.8 357.7 354.6 347.4 343 325.5 306.5 319.7 341.7 343 342.9 343 342.3 342.7 342.3 339.7 339.7 342.2 345.3 343.8 344.9 348.3 349.9 350.9
413.5 414.9 416 416.8 416.9 416.9 416.3 415.2 414.1 412.6 409.4 404.2 407 409.9 410.4 410.3 410.1 409.6 408.6 407.3 405.4 403.6 399.6 396.8 395.7 394.2 393.5 393.4 393 393.4 395.8 397.2 399 400.4 400.4 400.1 399.1 395 392.3 385.8 382.2 392.2 391.1 390.9 389.5 385 381.3 374.8 367 363.1 362.6 364.3 365.4 365.7 363.6 361.1 358.4 352 345.2 318.9 308.6 334 344.3 348.9 348.4 349.7 348.1 348.4 345.9 345.4 344 347.4 349.7 350.4 350.2 352.9 354.8 354.6
415.4 417.4 418.3 418.6 418.7 418.2 417.4 415.8 414.4 409.1 407.1 411 412.8 412.3 412.7 412.9 412.9 412.9 412 411 408.1 405.4 401.9 398.8 397.4 397 396.3 396 395.5 396.2 397 397.8 399.8 401.5 402.2 401.8 401.2 398 395.6 385.3 380.5 394.4 393.2 391.7 388.4 384.9 379.4 370.4 366.1 364.5 364.7 366 367.5 368.6 367.8 365.8 361.9 353.3 332.2 310.3 326.2 340.9 349.3 356.1 355.7 355.9 353.8 353.5 352.1 350.9 348.1 351.4 352.9 354 354.9 355.8 358.3 356.5
418.3 419.9 420.7 421.1 420.2 419.3 417.8 415.7 409.4 412.3 414.9 414.8 415.4 414.9 415.1 415 415.4 415.9 414.4 412.7 410.7 407.4 405.8 404.8 404.6 403.6 402 400.7 399.8 400.2 400 400.7 401 402.9 403.1 402.1 400.5 399.3 396.2 386.7 382.2 391.4 390.7 388.8 386.2 380.8 373.6 369.1 366.5 366.2 367.7 369.5 371.4 373.6 373.6 370.2 363 350.4 320.9 322.2 340.3 350.3 358.1 361.8 360.6 358.5 359.1 358.7 358.1 354.4 350.8 354.4 355.9 357.4 358.3 359.2 360.9 358.9
421 421.9 422.4 422 420.9 419.5 416.9 413.8 416.3 416.8 417.8 417.8 418.3 418.1 418.3 419.2 418.6 419.4 418.1 415.8 413.6 413.7 412.7 411.9 411 408.9 407.1 405.1 404.4 404.4 404.4 404.3 404.4 404.6 404.1 402.6 401.3 399.9 397.4 394.2 385.7 387.6 390.8 389 386.4 382.1 377.3 371.8 368.5 369.5 371.6 375.8 378.9 379 374.4 367.1 352 326.7 314.8 334.4 348.4 355.3 362.7 362.3 360.4 363.9 364.7 364.9 364.5 359.6 355.9 358.6 360.3 362.4 363.7 364.6 365.5 362.9
423.1 423 423 422.5 421.3 418.5 418.3 418.9 418.9 419.7 420.3 420.3 421.3 422 423 423.2 422.9 422.6 421.5 420.3 421.3 420.7 418.4 416.4 414.4 412.5 410.7 409 408 407.2 406.7 406.4 406.3 405.5 404.2 401.9 399.1 397.5 395.1 396.5 394.2 386.9 392.4 391.4 388.9 385.5 381.4 374.8 372.8 374.3 377.5 379 379.2 375.2 371.1 364.1 336 320.2 331.3 343.6 353.6 361.1 365.3 362.2 363.6 368.8 373.6 374.5 368.8 362.6 361.9 363.6 366 368.1 369.2 368.6 368.2 364.8
424 423.8 422.7 423 422.2 419.5 420.8 421.2 421.1 421.5 422.8 423.9 424.4 425.3 426.1 426.3 425.9 425.8 427.1 427 425 421.5 418.7 417 415.8 414.4 413.3 411.7 409.7 408.1 407 406.9 405.8 404.6 402.4 401.7 400.4 399.5 399.3 399.1 398.4 392.5 388.5 394.7 392 388.2 384.2 379.6 377.2 376.2 377.6 376.4 374.5 371.1 367 358.3 329.7 316.9 338.3 348.8 360 364.5 362.8 362.3 365.2 373.5 379.9 374.5 367.4 365 367.4 369.8 371.1 372 371.2 370.7 370.2 367.9
424.5 424.4 424.2 423.8 422.4 422.7 422.3 422.8 423.1 425 426.1 427.1 427.9 427.8 429 428.9 430.2 432.6 432.4 429.1 425.4 421.8 418 417.2 416.9 415.2 413.4 410.9 409.1 408.1 407.4 406.8 406.5 405.5 404.1 403.1 402.4 401.4 401.8 401.6 401.2 399.9 389.9 394.3 391.4 387.9 384.3 379.9 377 375.2 374.2 372.9 371.5 369.3 366.4 342.2 319.9 330.8 345.2 354.5 361.9 364.8 363.8 363.8 368.4 374.9 379.7 374.5 369.7 368.5 370.9 372.7 373.9 374.2 373.5 372.8 372.6 372.7
425 424.5 424.6 424.1 424.2 424.3 424.1 424.5 426.3 428.2 429.1 429.6 430.2 430.5 431.1 432.2 435.5 439.4 437.5 431.5 422.8 418.2 416.9 415.3 414.2 412.9 412.2 411.1 409.4 408.5 408.1 407.9 408.8 407.7 406.8 406.5 405.7 404.2 404.8 403 400.4 397.4 393 390.7 387.3 383.9 380.6 377.7 375.4 373.5 372.4 372.4 371 366.2 353.1 332.1 324.2 342.7 353.6 359.2 362.4 363.4 364.4 366.4 372.6 377.8 380.7 375.9 372.5 371.8 374.2 375.7 375.7 376.5 376.3 375.6 374.8 375.2
425.6 425 425.2 425.2 425.3 425.1 425.8 426.5 429 430.3 431.2 431.3 431.4 431.7 433 438.1 450.9 452.6 446.8 436.7 425.8 418 416.9 415.6 414.7 413.8 413 411.5 410.4 409.8 410.5 410.6 411.1 411.2 411 409.4 407.5 405.2 402.6 400 396.4 393.4 389.6 386.7 384.3 381.4 378.6 376 374.3 373.1 371.7 370.7 356.7 336.6 331 338 325.1 341.7 357.7 358.4 361.4 363.5 366.8 371.9 377.5 381.2 380.5 374.9 374 373.8 375.8 376.7 377 378.7 378.5 379.1 379.3 378.9
426.3 426.2 426.3 426.2 426.2 426.6 427.4 429.1 430.8 431.7 432 432.1 432.1 431.8 434 444.7 451.7 453.9 449.9 436.1 425.6 422.2 418.9 416.5 415.6 414.7 413.7 412.9 413.1 414.4 415.5 417.1 416.1 413.9 410.4 407 404.1 400.9 398.2 395.6 392.4 389.4 387 385.3 382.6 379.9 377.8 375.6 373.7 371.8 360.3 350.5 344.8 349.9 357.3 353.9 333.1 333.2 353.3 360.6 362.1 365.4 370.9 374.2 377.9 381.1 379.6 375.7 375.9 375.5 376.8 377.3 378.2 380.4 381.2 381.9 381.4 380.7
427.5 427.8 426.7 427.1 427.3 427.9 429.5 430.7 431.6 432.2 432.4 432.5 432.6 432.3 433.4 435.7 443.1 446 437.2 433.1 429 425.2 421.9 418.8 417.6 417.4 418.2 419.8 421.1 421.4 419.9 416.7 413 409.2 405.2 402.2 399.9 397.2 394.3 392.3 390.1 388.1 386.1 384.5 382.5 379.9 377.6 374.9 368.4 363.7 368.9 368.2 361.4 368.2 369.1 366.5 349.2 329.9 343.5 361 363.9 368.4 372.7 374.3 376.4 380.5 380 377.2 376.2 376.4 377.6 378.4 379.3 381.6 383 382.9 382.7 382
429.2 428.7 428.6 428.6 429.8 431.1 431.7 432.1 432.1 432.8 432.7 432.7 432.7 431.9 431.1 431.8 432 431.3 431.4 430.2 428.2 425.6 422.3 422 423.3 424.4 425.2 422.3 420.7 417.8 414.1 410.4 407.4 404.5 402.5 399.8 397.9 395.4 392.4 389.8 388 386.1 384.4 382.6 380.4 376.6 370.5 374.5 374.4 373.7 373.7 373.2 372.7 373.1 371.3 368.3 355.2 336 341.3 361 366.1 369.9 372.8 374.2 375.7 378.7 377.6 375.8 376.7 377.2 377.9 378.9 380.6 383.3 384.1 384 383.1 382.5
430.8 430 430.9 432.2 433.3 433.3 433.2 433 433.1 433.1 432.7 432.2 431.7 431.4 430.4 429.8 430.2 429.5 428.4 426.7 424.8 423.7 422.9 423.5 424 424.3 422.2 418.8 416 413 410.6 408 405.7 403.7 402 399.2 396.3 393.5 390.5 388.3 386.7 384.1 380.2 381.1 380.8 379.5 378.6 377.5 377.1 376.9 376.8 376.4 374.9 373.3 370.6 366 353.5 334.3 346.3 355.2 362.2 366.7 371.4 372.7 374.5 374.3 374.9 374.6 376.8 377.7 378.7 380 382.9 385.3 385.3 384.9 384.1 382.8
432.2 433.3 434.6 434.7 434.9 434.4 433.8 433.9 433.4 432.6 432 431.5 431 430.5 430.1 429.4 428.6 427.5 426.1 423.5 422.3 421.3 420.7 420 420 419.5 418.5 415.9 413.5 411.3 409.4 407.5 405.6 403 400.6 397.5 393.7 390.6 388.4 386.3 383.9 383.5 383.8 383.5 382.8 381.7 380.7 379.6 378.9 379.2 378.6 377.1 374.6 371.9 366.8 360.2 346.7 344 348.4 359 366 369.4 369 360.8 358.3 358.6 359.7 376.1 378 379.2 381.3 383.5 386.9 387 386.4 385.9 385 383.5
434.4 435.8 436 435.9 435.4 434.9 434.6 433.9 433 432.2 431.5 430.8 430.1 429.3 429.1 428.7 426.9 424.5 422.6 419.6 418.5 418.3 418.1 417.2 417 416.5 414.9 413.3 411.4 409.5 407.8 405 402.3 399.6 396.1 392.2 390.2 388 384.8 385.8 386.1 385.8 385.5 385 383.9 382.4 381 380.2 379.4 378.3 376.5 374.4 370.8 361 355.3 344.6 349.5 355 352.8 344.7 348.3 351.1 351.9 359.5 373.2 378.4 375.4 369.2 384.4 385.8 387.6 388.8 390.4 389.8 388.9 387.7 387 386.1
435.5 436.1 436.2 436.1 435.9 435.6 434.4 433.5 432.5 432 431 428.7 428.6 425.9 425.4 422.9 419.9 418.2 416.8 416.1 416.1 416.5 416.7 416.1 414 413.3 411.8 409.8 407.2 405.2 402.9 399.9 397 393.2 390.6 388.5 386.2 388 388 387.5 386.6 386.3 385.2 383.3 381.8 379.8 377.6 375.6 373.8 372.1 369.9 367.2 359.1 346 357.5 361.7 361.2 361.3 360.6 363.2 365.4 368.8 373.2 379.8 382.9 385.7 386.8 363.7 388.7 390.8 391.9 392.2 392.5 392 390.8 390 389.6 391
435 435.5 435.7 435.7 435.3 434.4 434.1 432.9 432.3 432 431.2 430.4 427 424.3 421.4 417.9 416.3 415.3 413.6 413.3 413.4 415.6 416.2 414.4 412.2 409.2 406.5 404.3 402.4 400.3 397.2 394.9 392.5 391.1 388.7 388.2 389 389 388.1 387.2 386.2 384.1 382 377.7 375.2 373.1 371 367.7 362.4 359.7 352.8 350.1 359.3 364.7 366.8 367.3 366.5 365.8 364.4 370.3 374.8 377.5 382.4 385.9 387.8 389.2 384.5 375.5 392 393.1 393.1 393.5 393.7 394 395.9 397.1 396.3 395.7
435.9 435.9 435.7 435.4 435 435.1 434.6 433.6 432.4 432.3 431.9 430.7 427 424.8 423.2 420.5 418.7 416.9 414.6 410.9 409.2 412 411.5 410.1 408.3 405.8 403.7 400.8 397.7 395.9 395 392.8 391.5 390.4 390.1 388.5 387.8 387.1 386.1 383.9 379.7 376.3 374 371.4 368.8 361.5 359.8 356.1 361.4 363.5 368.4 368.3 369.5 371.8 373 374.8 374.9 374.5 375.5 378.1 381.7 385 387.7 389.5 390.9 391.8 391.1 365.9 395 395.7 396.2 397.1 398.5 400.5 401.7 401.4 400.3 398.4
436.2 436.2 435.4 436 436.7 435.6 435.1 435.2 436.1 435.6 433.3 431.3 429 427.7 425.1 422.7 420.1 417.2 414.6 412.2 409.4 407.7 408.2 407.7 405.8 403.9 400.8 401.7 401.5 399.1 396.6 394.8 393.1 391.9 389.4 386.6 383.5 383.1 381.1 378.7 372.9 367.8 364.2 361.3 360.1 367.3 371.4 373.9 374.5 375.3 375.9 375.6 376.9 379.4 381.7 384.2 383.8 383.4 382.6 383 385.4 388.7 390.8 392.6 393.9 394.5 395.7 373.3 393.8 399.3 400 400.6 401.2 402.5 402.6 402.5 401 399.1
436.5 435.9 437.3 437.7 438.3 438.2 439 439.8 439.4 437.6 435.9 433.9 432.3 429.9 428.1 425.1 422.8 419.2 416.1 412.5 409.9 408 406.1 405.8 404.9 405 405.3 404.2 402.6 399.8 398 395.4 391.9 388.3 385.6 383 379.6 376.9 372.4 365.6 365.3 370.6 374.4 373.8 375.2 376.5 379.1 380.3 381.1 381.8 382.1 382.9 385.8 389.3 389.3 391.1 389.7 387.7 386.5 385.9 389.5 392.5 394.8 396.6 399.1 400.2 400.3 377.6 391.1 400 400.4 400.9 401.8 402.5 402.9 402 400.8 400.4
