Assets/StreamingAssets/GeoData/Data/ny/NY95.asc
ncols 200
nrows 200
xllcorner 390000
yllcorner 550000
cellsize 50
[rows 140 to 174 of 200, columns 78 to 155 of 200]
395.2 399.5 403.3 404.6 405.5 405.9 405.9 405.1 405.7 406.1 406.4 405.9 405.2 404.5 402.7 400.2 398.7 396.9 394.1 392.3 390.6 387.7 384.7 380.5 376.1 372.3 368.3 364.8 361.4 358.5 356.1 354.3 353.1 350.9 349.3 348.4 347.4 346.7 345.9 345 344.8 344.5 343.3 342 339.7 340.2 340 339.9 339 338.5 338.5 338.2 337.5 337.3 336.3 335.5 334.3 333.2 331.7 330.9 332.1 332.2 329.8 327.3 324.9 321.9 319.5 317.6 315 310.7 307.4 303.2 300.4 297.9 296.3 295.2 291.1 287
400 404.5 405.9 406 405.7 406.2 406.1 406.8 406.5 406.9 407.2 406.9 406.5 405.6 404.1 402 400 397.7 395.4 393.4 391.3 388.5 384.7 380.5 377.4 373.8 368.7 365.7 362.1 359 357.1 355.4 353.8 352.6 351.1 350 349.8 349.1 348.9 348.6 347.6 346.2 344.9 343.2 342 341.6 341.5 341.6 341.1 341 341.1 340.5 339.6 338.9 338.1 337.3 336.4 335 333.9 331.1 330.8 331.2 331.9 331.9 329.9 326.8 322.5 320.7 319.4 316.7 311.6 306.9 304 299.9 297.9 296.5 294.2 289.5
404.3 407 408.1 408.1 407.3 407.4 407.4 407.4 407.3 407.6 408 407.8 407.4 406.7 405.2 403.6 400.7 399.3 397.2 395.1 393 389.7 386.3 382.8 379 375.1 371.3 367.1 362.7 360.6 358.9 357.6 356.5 354.9 353.7 351.7 352.5 351.9 351.8 351.2 349 347.6 345.2 345 345 344.7 344.3 343.6 343.2 343.3 343.1 342.5 342.1 341 339.6 338.9 338.2 337.2 335.5 335.1 334.2 333 330.9 331.3 334 332.4 327.7 324.3 322.3 320.4 315.9 309.8 305.2 301.6 299.9 297.8 295.7 292.1
407 409 409.7 410 409.4 409.3 408.8 408.3 408.5 408.4 408.3 408.4 407.9 407.2 406 404.3 402.7 400.4 397.9 396 394.3 392.4 388.9 384.3 381.2 378.1 373.7 367.6 365.1 363.4 361.3 360.1 359.5 357.8 355 354.6 355.2 356.1 355.6 352.6 350.6 348.6 348 347.5 346.9 347.6 347.9 346.9 346.2 345.8 345.3 344.6 343.9 343 341.6 340.4 339.6 339 338.1 337.3 336.3 335.4 334.5 331.3 330.4 332.3 333.1 327.8 325.5 321.5 318.2 314.7 307.2 302.6 301.8 300.1 297.4 294.4
408.1 409.9 410.5 409.7 410.7 410.7 410.2 409.6 409.3 408.9 408.1 408.6 407.9 407 406 405 403 401.1 399.1 397.7 395.9 393.9 389.8 385.9 382.6 378.8 374.6 369.2 368.2 365.8 363.7 362.7 361.6 359.4 357.1 356.9 358.1 359.6 357.2 353.6 352.1 351.2 350.5 350.5 351.8 351.9 351.1 350.6 349.5 348.7 347.7 346.8 345.9 345.2 343.8 342.6 341.2 340 339.3 339.2 337.8 337.6 337.3 335.4 332.5 329.7 329.9 333.5 328.9 325.5 320.9 315.4 310.7 305.1 303.9 301.1 299 295.4
408.6 410.3 410.9 410.8 411.4 411.5 411.5 411.3 410.9 409.8 409.2 408.2 407.7 407.1 406.5 405.8 403.4 402.1 400.8 398.6 396.8 395 390.3 387.2 384.4 380.3 374.9 374.3 371.1 368.7 366.9 364.9 363.3 361 359.8 360.2 361.3 361.5 360.3 357.8 355.3 355 354.2 353.9 354.7 354.8 353.5 352.4 351.4 350.6 349.9 348.7 347.9 347.1 345.6 343.9 343.1 342.1 340.7 340.4 339.3 338.6 338.4 337 335.3 334.2 330.1 327.8 332.9 327.9 324.1 317.2 312.9 309.1 303.9 300.4 298.4 295.9
410.8 411.3 410.9 412 412.1 412 411.8 411.6 411.3 410.8 410 408.7 408.3 407.6 406.7 405.9 404.4 403.4 402.5 400.3 398.5 396.4 391.5 388.9 386 383.5 376.2 375 373.7 371.3 368.8 366.3 364.4 363.1 362.8 363 363.4 363.2 362.4 360.5 358.9 357.9 358.1 358.6 358.6 357.6 356.2 355 353.3 353.2 352.4 350.9 349.5 348.2 347.2 346 345.4 343.8 342.5 341.8 340.8 339.7 339.2 338.6 337.5 336.4 334.8 327.7 328.5 330.1 324.4 318.1 313.5 309.4 302.9 300 298 295.4
411.6 411.6 410.9 411.6 411.8 411.8 411.8 411.6 411.6 411.4 410.3 409.4 409 408.4 407.3 406.3 405.3 404.9 403.2 401.6 399.7 396.2 391.9 388.3 386 383.2 377.8 376.5 374.9 371.8 369.9 368.2 366.3 366.2 365.9 365.2 364.7 364.7 363.6 363.9 362.8 361.9 362.3 362.7 361.4 360.2 358.8 357.8 356.6 355.9 355.3 354.3 352.9 351.9 349.9 348.8 348 346.2 344.7 343.5 342.5 341.5 340.5 340.1 339.7 338.6 335.9 334.6 327.1 329 325.5 318.9 314.1 310.3 303.2 300.9 298.3 295.3
412.1 411.9 410.6 411.3 411.5 411.4 411.4 411.3 411.2 410.6 410.2 410 409.6 409.1 408.1 407.1 405.8 404.7 403 401.4 398.8 394.8 390.9 389 386.6 384 379.9 378.2 376 374.7 372.1 370.1 369 368.8 368.4 367.5 366.6 366 365.3 365.4 366.1 365.8 365.5 365.3 364.5 363.1 361.7 360.5 361.7 360.1 359.3 358.4 357 355.8 353.9 352.3 350.8 349.7 348.2 346.4 344.9 344 342.7 341.6 341.3 340 337.9 336.9 334.6 318.4 323.1 317.9 314.1 308.6 304 301.6 298.8 294.9
411.2 410.5 410.2 411.1 411.1 410.8 410.4 409.9 410.6 410.4 410.4 410.6 410 409.7 408.9 407.8 406.4 404.8 402.4 400.3 397.2 394.3 391.8 389.2 386.9 383.2 381.1 379.5 377.6 376.3 374.3 372.8 371.8 371 370.7 369.7 368.6 367.9 367.5 367.9 369.2 368.9 368.2 367.4 366.5 364.9 364.8 364.2 365.2 363.7 364.7 363.7 362.2 360 357.7 356.4 354.2 353 351.7 349.3 347.4 346.4 345.1 344 342.3 340.9 339.8 338.5 335 328.2 319.5 310.8 308 309.8 305.7 302.2 299.1 295.2
409.4 407.4 408 409.9 410 409.7 409.1 408.6 408.5 408 408.4 409.4 409.3 409.3 407.7 407.1 405.3 403.1 400.8 398.5 395.7 393.3 391.1 388.7 386.6 385.1 382 379.7 378.7 377.8 377.2 375.9 375 374.2 372.9 371.8 370.7 370.7 370.4 370.7 371.6 371.9 371.6 370.5 368.1 367.1 367.4 368.5 367.6 368.9 369.3 367.8 366.3 363.6 361.6 359.7 358.4 356.5 353.6 351.7 350 347.9 346.6 345.1 343.9 343 341.2 338.7 334.5 330.9 326.9 318.6 306.7 301 306 303.7 298.4 295.5
406.4 408.2 409.8 409.5 408.6 407.8 406.3 405.8 405.6 404.8 405.2 405.5 405.8 405.6 405 403.1 402.2 400.4 397.6 395.5 394.4 392.4 389.8 388.8 387.1 384.3 382.1 380.6 380 379.7 379.3 378.6 377.4 376.6 375.7 374.6 373.4 373 373.8 374.3 374.8 375 374.3 372.3 371.1 370.8 371.5 371.8 372.2 373.8 373.5 371.4 369.1 367.1 364.1 361.7 358.7 356.6 354 352.7 351.2 349.9 348.3 347 345.8 344.3 341 338.9 333.8 330.3 328.1 321.1 315.8 305.5 301.8 302.2 299 296.1
406 406.7 407.7 407.2 406.9 405.8 403.8 402.7 401.1 401.7 401.7 401.1 400.5 400.3 400.1 399.5 399 398.2 396.1 393.9 393.5 392 389.3 387.5 385.9 384 382.6 382.5 382 382.1 381.7 381.1 379.5 378.6 377.9 376.6 376.1 375.2 376 377.5 379.3 377.6 376.5 375.5 375.2 375 375.5 374.9 375.6 377.2 375.7 372.7 369.8 367.9 363.7 360.6 357.7 356.1 354.5 353.3 352.4 350.2 349.1 348.2 347.1 345.1 341.3 338.8 333.2 329.8 327 319.5 316 308.2 294.8 297.4 295.4 294.4
404.5 407 406.8 406.5 405.5 403.4 401.4 398.2 396.4 394.5 394.1 394.2 392.9 392.3 391.7 391.2 390.8 392.4 393.3 393.7 392.1 391.4 388.1 386.8 385.3 384.7 383.5 383 384.4 383.3 383.7 383.7 381.5 380.9 379.9 378.2 377.6 377.4 377.7 379 382.2 380 378.3 378.1 378.6 379.6 377.6 377.5 378.5 378.2 375.9 372.7 369.8 365.4 361.9 359.3 357.6 355.7 354.2 353.1 351.7 350.7 349.6 348.4 346.6 343.7 341 337.4 332 328.2 325.5 318.2 315.4 309.8 301.4 289.6 286.9 284.6
402 403.4 403.4 404 403.1 401.1 397.9 394.5 392.2 390.3 389.8 388.8 388.7 388 386.9 385.7 385.3 385.8 387.1 389.8 391.4 389.4 387.7 385.7 383.8 382.7 382.7 383.9 384.4 384 384.3 384.6 383.7 383.3 381.7 380.1 379.7 379.7 379.6 379.9 381.2 380.9 379.5 379.3 379.1 380.4 379.8 379.2 379.2 377.4 374.7 371.7 367.8 363.9 361.2 359.4 357.5 355.4 353.7 352.9 351.6 349.9 349 347.6 345.1 342 339.7 334.6 329.5 325.7 322.9 317.5 316.4 310.4 306 299.7 297.4 290.4
400.8 399.6 399.4 399.5 399.1 397 394.4 392.1 389.6 387 385.8 384.4 383.7 383.3 383 382.6 381.3 380.7 380.8 383.2 385.9 387.3 386.1 383.8 383.1 381.8 381.8 384.1 385.5 385.3 384.6 384.7 384.8 385.1 383.8 382.9 382.3 382.2 381.6 381.9 381.7 380.7 379.9 379.7 379.6 381.4 382 381.5 378.5 376.3 373 369.8 366.1 363.4 361.7 360.4 357.9 355.6 354 352.9 351.4 349.3 346.2 345.7 343.2 340.5 337.5 332.2 326.5 323.9 321.7 317.6 314.4 309.7 303.9 300.9 299.2 296.6
397 396.1 395.1 394.3 393.1 392.3 391.2 390.1 388.2 385.8 383 380.8 380.1 379.3 379.1 378.7 377.7 376.7 375.9 377 379.4 381.8 382.6 382.8 382.2 381 382.5 383 384.9 385.5 385.5 385.5 385.7 386.1 386.2 385.4 384.8 384.3 383.7 383.5 382.6 381.5 380.4 380.4 380 380.8 380.7 379.9 378.2 375 371.4 368.5 366.1 364.3 362.8 360.2 358.1 355.9 355.1 353.9 351.6 348.5 345.9 342.3 340.2 338.6 334.7 328 325 323.3 320.9 317.2 311 307.9 304.4 301.9 298.9 296.9
393.6 392.5 391.1 390.3 389.6 389.4 388.1 387 385.5 383.4 380.4 378 376.6 375.9 375.2 374.9 374.1 372.5 372.3 372.5 373.1 376.3 378 379.1 379.2 379.1 380.5 381.5 383 384.8 386.3 387.4 387.2 386.2 387.4 387.8 386.7 386.8 386.4 385.1 383.6 382.2 381.2 380.5 379.2 379.4 378.7 377.4 377.1 374.2 371 369 366.7 364.7 362.9 359.9 358.8 357.5 356.2 353.9 350.6 347.8 345.2 342 337.3 334.7 330.4 325.6 323.2 322.5 321.3 317.6 309.1 306.2 304.7 301 297.6 293.9
392.8 389.3 388.2 387.3 386.9 386.8 385.9 384.2 382.3 380.9 378.1 375.6 374.1 372.6 371.7 370.4 369.8 368.7 368.4 368.5 369.3 370.5 371.8 372.6 372.4 374.6 377.2 379.1 381.3 383.4 385.2 387.3 388.7 386.8 387.7 388.7 388.7 387.8 386.8 384.8 383.6 381.9 380.7 379.1 377.6 376.6 377.8 376.3 374.8 372.9 370.6 369 366.9 364.5 361.7 360.3 359.4 358.4 355.7 352.8 350.4 347.8 345.4 342.3 338.3 332.5 328.6 324.8 322.4 321.5 317.8 312.3 307.4 304.8 302.1 299.1 297.1 292.2
392.8 389.7 387 384.3 384.3 383.1 382.4 381.9 380.5 377.9 376.5 373.7 371.1 369.7 369.2 367.9 365.8 365.1 364.8 365 364.5 365.4 365.7 366.4 367.3 369.8 372.8 376.4 379.1 381.4 383.8 386.6 388 386.6 387.4 389.6 389.6 388.4 387 384.4 382.1 380 378.9 378 376.8 374.9 374.9 375 373.1 371.1 369.4 368.4 366.8 364.7 362.3 361.2 360.3 358.7 355.3 352.7 350.5 348.2 345.2 341.4 336.3 331.5 327.8 323.5 320.8 320.4 318 316.3 308.5 304.4 300.3 297.1 295.9 290.7
391.4 387.9 385.3 382.3 380.4 380.1 379.6 378.9 377.7 375.3 373.9 372.3 369.4 367.6 365.5 364.5 362.5 361.5 360.9 361.8 362 361.5 361.1 361.3 363.1 366.7 369.1 372.4 374.8 377.8 380.9 383.2 384.5 385.9 385.5 386.9 388.2 387.7 385.7 382.9 380.2 378.3 378 377.9 376.4 374.8 373.3 371.9 370.9 369 368.8 367.9 366.4 364.7 364.1 362.4 361.1 358.4 355.1 352.7 350.5 348.6 345.1 339.6 333.3 329.8 325.7 322.6 319.3 320.3 316.9 314.8 309.2 305.5 300.3 295.6 290.9 288.3
390.3 386.9 383.5 381 380 376.6 374.9 375.1 374.5 373 371.5 370 368.3 365.7 362.7 360.8 359.2 357.7 356.5 358 359.1 358.8 357.7 357.8 359.2 363.1 364.7 366.4 369.5 370.3 372.3 375.4 377.7 379.8 381.5 383.6 384.8 383.7 381.6 379.8 377.5 376.7 377.4 377.9 376.5 374.9 373.8 372.7 371.3 369.7 368.7 367.9 367.1 365.7 365.5 364.1 361.6 358.3 355.6 353.3 350.7 348.7 343.5 337.8 332.3 327.8 324.4 321.7 317.2 318 315 312.4 310.8 306.2 300.8 295.3 289.8 286.9
388.2 385.6 382.1 380.4 377.6 375.6 373.4 371.2 372 371.1 369.6 367.5 364.9 362.8 360.9 357.8 356.9 354.4 351.9 353.1 353.2 353.6 352.5 354.3 355.8 357.3 358.9 359.5 361.2 362.2 364.3 366.6 368.1 371.5 375.9 378.5 379.4 379 377.6 376.5 375.7 375.1 377.2 378.8 377.5 376.2 375 373.6 372.3 371.5 370.8 369.5 368 366.9 366 363.4 361.5 358.6 356.1 353.7 351.3 348.7 343.7 335.9 331 326.7 323.9 320 315.2 316.8 315.7 314.8 312.8 304.1 299.1 293.7 289.8 285.1
384.9 383.2 381.1 378.1 375.2 373.1 372 369.6 368.6 368 366.8 364.9 362.8 361.5 359.6 356.8 352.5 350.6 347.1 346.3 345.1 347.9 346.6 349.5 351.9 353.4 354.3 354.7 355.5 356.3 357.4 359.1 361.1 364.5 369.6 371.5 373 373.2 371.8 371.3 370.5 371.9 375.4 377.4 377.4 376.9 375.9 374.5 373 373.4 372 370 368.7 367.5 365.7 363.6 360.8 357.8 355.4 353.2 351.4 348.4 341.6 335.2 329.6 327.2 324.6 319.3 315.2 314.5 317.1 316.5 312 304.5 297.9 293.7 289 283.4
383 381.3 379.2 377.4 375.2 372.5 370.5 368.5 366.4 364.4 362.9 362.2 358.2 355.7 353.2 350.5 348.9 346.5 346.3 345.2 342.8 340.2 339.4 342.1 347 349.5 350 350.6 351.6 352.7 353.5 354.7 356.8 359.9 362.8 365 364.9 364.5 364.7 364 364 366.5 369.5 372.4 374.3 375.9 376.1 375.2 374.9 375.1 374 371.1 369.2 367.8 365.7 363.2 360.5 357.5 355.6 353.7 351.8 348 340.1 334.6 329.4 326.9 323.8 318.3 313.9 312.9 315 311 306.6 302.4 296.8 291.5 286.7 281.2
382.1 380.8 379.8 378 375.6 373.3 371.2 370.2 368.3 366.4 363.6 362.5 362.3 361 357.1 356.7 355.7 354.1 351.9 349.7 347.3 344 340.3 336 341.5 344.2 345.3 347.1 347.8 348.3 349 349.5 351.2 353.7 355.2 356 356.2 356.2 356.2 357.1 357.5 360.3 363.5 365.2 368 370.5 373.6 375.3 376.7 375.7 373.2 370.8 368.8 367.3 365 362.6 360.2 357.2 354.5 351.8 351.5 346.3 338.8 333.8 329.7 327.1 323.1 318.7 313.6 307.1 308.5 304.9 303.5 299.3 293.7 289 284.3 279.9
383.1 381.6 380.7 378.6 376.9 375.4 373.1 371.3 368.8 366.8 365.3 364.6 363.9 362.4 361 359.8 357.9 356.6 353.7 350.6 348.4 345 338.8 338.5 335.3 340.3 341.4 343.1 344.4 344.7 345 345.7 346.9 348.3 348.8 349.1 350.1 349.6 350.7 352.1 353.1 355.5 357.8 359 363.2 367.3 370.4 373.6 374.7 373.9 372.1 370 368 366.2 363.8 361.4 359.5 356.8 352.3 349.5 346.3 342.7 337.2 333.1 330.1 326.8 322 317.6 315.2 312.3 305.7 296.1 297.8 294.6 291.2 286.2 282.7 278.1
383.5 382.3 381.6 379.9 377.8 376.6 374.2 372 369.9 368.4 367 365.5 364.2 363.2 362.2 360.9 359.5 356.9 354.3 351.4 348.7 345.4 339.3 333.9 329.6 335.2 338.2 339.9 340.9 341.2 341.2 341.7 342.1 342.6 343.6 345.2 345.2 345.6 345.8 346.9 348.8 351.2 353.3 355.8 359.8 364.1 367.6 370.5 371.3 372.3 370.8 369.1 367.2 365.4 363.4 361.1 359.2 356.2 352.6 347.9 343.4 339.5 334.9 332.5 330.4 325.7 321.6 319.1 316.9 312.5 306.5 300.3 292.6 286.6 284.4 283.6 280.2 276.4
383.8 383.2 382.5 381 378.8 377.3 375.7 373.5 371.9 369.6 368.2 366.3 365.2 364.2 363 361.5 360.2 357.7 355.6 352.3 349.6 346.7 343.5 339.2 332.5 325.8 322.6 332.9 336.2 337.4 337.7 338 338.2 339.3 340.1 341 341 340.4 341.5 342 346 348.2 350.4 352.6 355.1 358.4 363.2 367.5 369.3 370 369.6 368.1 366.6 365.1 362.8 360.6 356.7 353.9 349.3 345.6 342.6 338.4 335 332.2 328.8 323.9 320.1 318.2 317.2 310.5 304.2 300.4 296.4 289.8 284 273.8 275.7 272.3
385.7 385.1 384.5 383.1 380.4 378.2 376.8 376 374.6 372.1 369.5 367.8 366.7 365.6 363.7 362.5 361 359.3 357 353.9 351.4 348.4 346.2 342.5 339 333.7 327.6 320.7 324.3 326.1 327.3 330.3 332.1 332.5 333.6 333.8 335.3 335.1 335.7 339 342.1 345.2 347.7 349.7 352 354.1 357.2 362.6 365.3 365.9 366.6 367 365.5 363.8 361.7 358.8 354.4 349.9 347.1 344.5 341.6 337.8 335.3 332.5 326.6 322.2 318.9 315.8 313 306.5 301.6 297.9 295.2 289.5 283.4 279.2 270.9 263
387.8 386.1 385 384 382.4 380 378.5 377.2 376.7 374 371.8 371 368.7 367.1 365.8 363.7 362.1 360.5 357.2 354.8 352.5 350 347.3 344.6 341.5 336.6 328.1 324 322.9 315.7 317.1 320.2 321.7 322.1 323.3 323.8 325.1 326.1 329.1 336.5 339.6 342.1 343.8 346.9 349.3 351.5 353.6 355.9 357.7 358.7 361.5 362.3 362.8 360.8 358.5 354.6 350.9 348.5 346.2 343.5 340.6 337.2 335.2 331.8 324.9 320.5 317.1 314.9 310.4 304.3 299.3 294.1 290.3 286 280.3 274.3 269.6 262.4
387.3 386.2 385.3 384.2 382.3 381.2 380 378.8 377.6 376 374.7 372.6 370.2 368.8 367.4 365.5 363.7 361.3 357.9 354.8 353.1 350.4 347.7 344.1 339 335.2 332.3 330 324.8 318.8 308.5 311.4 312.8 314.5 315.3 317 318.8 319.8 323.1 326.6 332.8 338.4 340.5 343.6 346.8 348.8 351.1 352.3 353.4 354.5 355.2 356.6 357.7 357.7 354.7 352 350.4 347 344.4 342.6 339.6 336.9 334.9 329.3 324.9 321.1 316.7 312.7 307.4 299.4 297.2 293.2 288.6 284 278.2 274 268.7 264.8
387.4 386.4 385.4 384.7 383.1 381.7 380.3 379.3 378 376.7 376.4 375.2 372.8 370.5 369.5 367.5 364.1 360.7 356.7 354.9 352.6 349.8 347.2 345 344 340 336.6 331.6 329.5 325 317.8 311.1 308.1 304.5 305.1 310.3 312.2 313.5 319 321.7 325.8 331.5 337.1 340.5 342.7 345.5 347.1 348.6 350.1 350.7 351.4 353.1 353.7 353.4 352 350.7 349 346.9 344.2 342.1 339.5 336.8 331.9 328 324.2 320.3 315.7 311.9 308 304.7 301.8 296.7 291.8 287.6 282.7 278.4 273.7 269.4
387 386.3 386.4 385.5 384.4 381.9 380.8 379.7 378.4 377.1 376.2 375.6 374.8 372.7 369.4 367 362.9 359.3 357.6 356.2 354.8 352.7 349 348.4 345.7 341.8 338.8 335.8 334.6 331.4 327.2 319.3 316 312.2 301.1 298.8 305.3 308.4 313 317.7 321.2 325.4 329.4 333.6 338.8 341.6 343.4 345.1 346.8 347.8 348.7 350 350.8 350.8 350.4 349.9 348.5 346.4 344.6 341.5 339.3 335.8 330.6 328 325.1 322.5 318 315.7 314 309.5 305.4 299.6 294 288.3 283.2 279.4 275.4 270.7
387 386.9 386.6 385.5 384.1 382.6 381.6 380.2 378.9 377.4 376.4 375.6 374 373.2 369.2 366.1 363.1 361.7 360.1 358.1 356.7 355.3 352.4 349.2 346.6 344 342.4 339 335.4 333.4 332.3 326 323.4 315.1 311.9 306.4 291.1 294.6 303.9 310.3 317 320.2 322.8 325.1 328.7 333.9 338.8 341.3 343.1 344.6 346 349.3 349.7 349.9 349.9 349.7 348.7 347.6 344.5 341.5 339.4 335.3 330.8 328.1 326.5 324.7 322.9 320 316.2 314.4 308.3 300.4 294.6 288.5 283.6 280.1 276.4 269.9
