Assets/StreamingAssets/GeoData/Data/ny/NY98.asc
ncols 200
nrows 200
xllcorner 390000
yllcorner 580000
cellsize 50
[rows 105 to 139 of 200, columns 78 to 155 of 200]
256.5 259 263.6 266.5 268.5 268.7 269 268.8 267.6 268.4 270.9 271.3 270.8 270.8 272 273.2 274.7 276.5 277.4 276.8 275.1 272.8 271.4 270.4 269 267.9 269.1 271 274.6 276.2 275.3 272.9 269 264.4 260.1 259.8 255.7 251.3 247 241.5 239.5 237.2 234.9 233.9 234.9 236.2 237.1 235.9 234.3 235.3 235.9 231.8 225 216.7 210.3 218.5 233.1 225.6 224.7 221.7 216.3 215 214.4 213.8 213.5 212.9 212.7 212 212.3 215.7 218.1 220.5 223 223.9 224 221.6 218.3 215.2
254.5 257.5 261.7 264.2 265.9 267 267.6 267.2 266.9 266.9 269.4 270.8 270.3 270.6 272.1 272.5 274.8 276 275.1 272.9 269.9 267.6 266.6 266.2 266.8 267.1 269.8 272.8 276 276.2 275 270.2 265.5 260.3 255.3 250.7 246.4 243.3 240.9 240.2 238.5 235.4 233.3 233.3 234.2 234.5 234.3 233.4 234.8 236.4 233.3 225.6 218.5 211.6 217.7 234.3 229.4 223.8 221.9 217.4 215.7 214.9 214.3 214 213.7 213.7 213.4 214.2 217.2 219 219.4 221.8 223 223.1 220.6 217.2 214.9 214
254 256.4 257.9 260.5 261.8 262.6 263.7 263.5 264.9 266 267.7 269 270.4 271.4 271.1 271.4 272.1 272.2 270.2 266.5 262.2 261.6 264.3 264.2 265.5 268.2 272.4 276 273.1 273.9 270.8 265.5 259.3 253.3 248.2 244.3 242.6 241.8 238.9 237 234.4 232.8 232.1 231.8 232.3 233.5 232 232.4 234.5 232.7 226.7 219.5 212.2 216.8 233 233 226.2 222.3 219.6 216.9 215.7 214.9 214.7 214.6 214.5 214.5 216.7 219.3 219.2 219.8 221.9 223 222.1 219.1 216.5 214.7 214.8 216.6
255.5 256.8 258.2 259.1 259.5 260.1 262 263.6 265.4 265.9 266.9 268.8 270 271 270.3 268.2 268 266.4 262.7 259 257 260.4 261.4 263.8 266.3 271.8 274.2 272.2 268.2 264.6 261.8 256.8 251.7 246.8 243.1 239.7 237.8 237.1 234.6 232.3 231.4 232.6 232.1 231.5 233.6 234 230.2 228.4 227.6 224.3 220.3 212.4 216.5 233.1 234.3 227.8 223.5 222 218.3 216.6 215.5 215.4 215.7 215.6 215.8 218.6 220.7 219.7 220.5 222.1 222.5 221.2 218.3 215.7 215.9 216.9 217.3 219.1
255.4 257.6 258.1 258.8 260.4 261.8 263.2 264.5 264.4 264.6 266 267.1 268.3 269.1 267.7 265.6 263.6 260.4 257.5 255.7 256.4 258.9 261.3 265.5 266.5 264.2 263.7 263.7 259.2 255.9 254.7 251.1 246.4 242 236.4 235 233.8 233.9 234.3 232.4 229.9 229.1 229.4 229.3 228.6 227.5 224.5 219.8 218.6 216.3 213.6 214.9 228.8 235.8 228.5 224.4 222.7 219.6 217.9 216.5 216 216.2 216.4 218.1 220.4 221.4 220.7 221.3 221.7 221.7 220.1 217.4 215.7 216.8 218.4 218.6 219.1 219.8
256.9 256.6 257.6 258.3 259.4 261.8 262.5 263.1 262.5 262.3 263.2 263.6 264.7 264 262.3 259.4 256.9 254.4 254.6 255 256.6 258.8 260.4 262.7 260.4 257.8 255.8 255.1 254.8 252.9 250 247.5 242.7 237 234 232.8 231.6 233 234.1 230 226.9 224.6 222.1 221.1 219.8 221.1 224.6 228 220.3 215.3 214.5 222.6 235.9 230.1 224.1 221.9 221.5 218.6 217.4 217.2 216.9 217.2 219 222.7 222.2 220.6 223.1 223 220.1 218.2 216.5 216.6 216.7 219 219.3 219.7 220.2 220.8
261 259 259.2 257.9 257.9 258.7 259.1 259.7 259.7 260 260.5 260.4 258.7 257.2 255.2 252.6 250.8 250.2 251.7 251.6 253.4 254.5 254.5 256.2 254.1 251.7 251.3 252.7 249.9 247.7 245.4 243.8 238.8 234.8 231.2 229.2 228.1 227.7 227 225.6 223.9 225.5 226.3 224.9 228.9 235.3 235.2 232.9 221.2 223.2 223.1 234.3 232.5 226.5 224.8 222.5 221.1 218.6 217.8 217.8 217.7 220.9 226.8 222.5 221.8 223.7 223.9 221 217.9 216.8 216.7 217.3 217.8 219.4 219.9 220.7 221.5 222.1
261.7 260.8 260 259.7 258.6 257.5 256.5 255.2 254.7 255.4 255.5 255 254.4 251.9 250 245.8 245.4 246 244.4 242.8 244.4 247.1 246.9 247.3 245.1 245.5 245.2 244.9 246.1 243.7 239.5 238.3 235.1 231.1 230.8 232.1 231.5 230.7 229.4 229 230.9 230.5 232.1 234.7 239.9 238.6 231.8 226.5 231.1 234 234.9 232.5 227.9 226.4 227.5 222.5 220.1 218.9 218.9 219.1 222.3 228.1 225.4 225 228.8 226.6 223.1 219.6 218 217.3 217 217.3 218 219.7 220.8 221.7 222.2 219.7
262.5 260.3 260 260.5 261 259.3 255.6 253.3 252.5 250.9 250 250.4 249.6 247.2 246 246 246 246 244.4 245.6 245.6 244.9 246.5 243.5 244 242.7 241.6 235.5 234.2 233.4 232.4 232 231.5 237.6 237.9 236.7 235.4 236 237.1 236.5 233.5 235 239.5 241 240.8 234.2 228.7 230.7 233.9 235.6 232.7 229.4 226.6 228 225.9 221.6 221.1 222.4 220.9 223.2 226.6 227.7 228.1 230.5 230.3 225.3 222.9 220.4 218.8 217.9 217.5 217.9 218.8 220.2 222 220.5 218.1 215.4
266.3 265.4 263.1 263.6 262.8 261.2 260.6 257.8 256.1 256.1 254.4 252.6 247.7 247.4 249.6 251.3 249.1 247.5 248.9 250.4 250 251.8 252.4 251.3 249.5 249.7 246.4 243.6 236.5 235.6 237.5 243.6 244 241.4 239.3 238.2 239.8 240.5 237.1 235.1 234.4 235.3 238.5 237.8 234 229.9 231 231.8 234.9 233.1 230.4 228.5 228.7 226.2 223.3 221.7 223.6 222.4 223 224.5 229.5 229.7 231.8 230.6 227.7 225.1 222.1 219.6 218.7 218.8 219.8 220.2 220.9 219.8 218.2 216.6 215.4 215.4
268.1 266.9 266.3 266.2 264.7 264.5 264.6 263.7 263 263.8 262.9 260.9 258.3 258 255.5 253.8 251.4 251.6 253.9 251.6 250.8 249.6 250.1 249.9 247.8 246.6 245 241.7 237.7 246.5 250.1 248 244 241.8 240.9 243.2 240.2 237.6 236.2 235.2 235 234.4 234.7 232.7 230.9 231.2 232.7 233.3 233.7 231.8 229.9 228.3 226.8 223.9 224.6 225.4 226 223.6 225.1 229.3 232.4 234.5 233.3 229.7 227.3 225.4 221.5 219.7 219.6 220.5 220.5 219.8 219.5 217.5 215.9 216.5 217.8 215.4
269.7 269.4 269.1 268.9 268.5 268.9 268.7 267.9 268.2 265.7 263.8 261.7 261.1 260.2 258.3 256.1 255.5 255.7 256.7 252 251.2 249.8 248.4 247.9 248.1 248.3 245.8 244.7 246.1 249.7 250 246.7 245.2 243.1 241.6 239.3 238.6 237.4 236.4 236 235.7 234.2 233.7 231.5 230.8 232.9 233.6 233.2 233.8 232.5 229.6 227.6 226.6 226.1 226.7 228.3 226.1 226.9 230.8 233.3 234.2 233.9 231.7 229.1 226.5 222.4 220 220.4 221.2 220.8 220 219.1 217.9 215.9 214.7 215.3 217.1 214.5
272.1 271.9 271.6 271.3 271.4 272.3 270.9 268.4 266.5 264.4 262.1 261.8 261.7 261.1 260.1 260 260.7 258.2 253.9 252.8 251.6 250.9 250.4 252.1 251.4 247.6 243.6 246.4 250.1 250.2 251.2 248.7 247.4 246.3 247.1 244.3 238.5 237.6 236.9 236.5 236.7 236.2 233.5 231.6 231.3 232.1 233.5 235 234.1 229.5 227.7 227.6 228.9 228.9 228.5 228.4 228.3 232.7 233 233.7 233.2 232.6 229.3 226.7 221.9 220.3 220.9 220.8 220.5 219.6 218.7 217.8 215.6 214.9 218 221.5 214.7 211.2
272.9 271.9 271.8 272.4 273.4 271.3 269.9 268 265.3 263.3 262.7 262.3 263.9 263.6 263.3 264.7 264.3 260.1 259 257.3 254.8 251.8 250.5 249.1 247.3 246.4 248.7 252.2 251.5 253 253 250.9 247.8 246.3 245 240.4 239.5 238.3 237.4 237 237.1 235.8 233.9 232.5 232.2 234.9 232.2 233.7 231.9 228.8 228.6 228.8 229.3 228.9 228.4 229.4 233.1 231.8 230.6 231.2 230.8 228.3 225.4 221.1 218.9 220.3 220.7 220.1 219.3 218.3 217.4 215.8 213.9 214.1 216.4 214.7 210.9 205.5
274.5 273.6 272.5 272.1 270.2 269.3 269 268.4 266.2 266.4 264.8 264.9 266.9 265.5 264.5 264.8 264.7 261.3 259.3 253.1 251.3 248.9 247.9 247.7 248.5 248.5 251 252.3 252.5 254.3 253.3 251.7 247.3 242.6 240.3 239.6 240.3 239.5 238.3 237.9 237.9 235.8 235.6 237.9 238.3 235.7 232.8 230.6 229.8 231.3 230.5 230 229.1 228 230.3 233.5 233.6 228.2 229.3 229.9 225.7 222.7 220.1 218.2 219.2 219.9 219.2 218.3 217.6 216.9 215.9 213.9 211.8 210.5 209.6 208.2 201.8 198.3
272.5 270.7 270.2 270.6 269.2 268.1 268.5 268.5 267.1 266.9 266.7 266.5 263.8 262.2 261 260.6 259.7 257.4 250.8 248.7 248.7 248.4 248.6 248.8 249.3 249.5 251.9 251.3 252.5 253.9 251.3 246.3 242.6 241.7 241.1 240.5 241.7 242 240.4 240.3 239.3 241.4 242.8 242.2 239.2 235.5 232.6 230.9 231.6 233.5 232.3 231.8 229.8 231.1 231.4 232.1 227.9 223.8 226.6 227.4 223.4 219.4 217.3 217.8 217.8 217 217.7 216.9 215.5 214.7 213 210.9 208.8 205.9 203.5 202.2 200.2 197.2
269.8 268 267 269.3 268.8 266.6 266.2 265.5 262.9 262.1 261.1 258.6 257 256.7 255.4 254.5 252.9 250.7 248.6 249 250.1 251.2 250.9 249.6 250.4 252.8 253.7 252.2 253.2 252.6 246.1 243.8 242.7 242.9 242.6 242.9 243.8 242.8 241.8 243.5 248.2 246.4 243.5 241.1 238.3 235 234.5 234.1 234.6 234.7 233.8 234.8 235.6 229.7 229 227 224.7 221.4 224.2 220.2 217.8 215.3 216.5 217.4 216.8 216.4 216.8 215.6 213.6 212.3 210.1 208.7 208.3 207.5 208.9 206.5 201.4 196.3
265.2 264.9 264.3 265.3 263.3 261.5 259.4 259.3 259 256.9 256.2 254 253.4 253.4 253.5 251.2 251.9 250.5 250 250.2 252.5 251.6 252.4 251.9 255.3 255.3 254.2 254.6 253.8 250.2 247.3 245.1 244.3 244.8 245.1 245.4 244 243.1 244.6 247.8 245.8 243.9 241.4 238.3 236.9 237.5 236.8 235 235.2 236.5 238.2 237.7 235 225.8 224.9 224.4 221.6 218.6 219.5 216.8 215.4 213.7 215.5 217 216.7 215.9 216.7 214.8 212.9 210.7 212.6 215 204.6 202 200.7 207.9 202 197.9
266.1 264.8 261.6 260.1 258.6 256.4 256.4 255 254.8 254.8 254.2 253.5 253.1 253.5 253.1 252.3 252.7 251 250.4 250.9 251.8 253 255.5 255.6 254.5 254.5 254.4 254.3 251.6 249.2 248.9 248.1 247.2 245.2 245 243.1 243.5 244.8 246.1 245.1 242.8 240.8 238.8 237.6 238 237.7 239.1 240.2 240.9 240.9 235.1 232.5 230.1 223.3 223.1 221.8 217.7 215.7 215.7 215.4 215.3 212.8 215.3 216.5 216.7 214.8 215 213.9 213.8 222.8 216.8 205.7 203.3 201 198.8 197.4 205.3 198.8
262.3 260.5 259.2 257.3 256.4 255.6 254.9 255.3 255.4 255.5 254.9 255.7 255.5 254.1 252.8 252.4 252 251.6 251.2 251.9 252.5 253.4 256.4 257 253.9 253.7 254 253 251.2 249.6 247.9 247.7 248.2 243.5 243.1 243.6 244 244 243.2 242 240.1 238.2 238.1 238.6 240.6 243.3 245.2 242.3 238.5 234.1 229 227.3 223.7 220.6 220.6 216.9 214.1 213.3 213.3 213.9 213.8 212 213.1 214.8 215.7 214.5 213.4 212.9 217.5 221 220.3 204.8 202.5 199.4 199.1 197.1 202.1 196.6
259.5 258.6 257.2 257.1 256.5 256.8 257.8 265.3 262.2 259.4 257.9 255.8 254.1 254.1 253.9 253.4 252.7 252.3 252.1 252.8 253.2 253.7 256.1 255.9 252.9 253.3 254.6 252.2 249.1 247.6 244.7 246.8 245.7 242.3 242.9 242.9 241.8 241.8 241 239.7 238.5 238.3 240.1 242.4 245 243.4 240 236.8 232.5 227 224.3 222.2 217.3 215.5 214.5 212.7 212.3 211.5 213.6 212.8 209 210.8 211.1 213.1 214.1 212.5 210.5 211.9 215.2 224.1 222.6 203.4 200.7 199.7 197.2 195.9 194.8 192.7
259.4 258.6 258.7 259.5 259.9 262.2 262.5 262.9 262.2 259.6 257.7 254.6 254.3 254.4 254.4 254.4 254.4 254.2 253.7 253.5 253.4 254.3 256 254.2 252.1 251.9 251.9 251.7 247.2 243.8 243.8 245.2 243.7 241 240.1 239.4 239.4 239.4 239.6 237 237.9 240.9 243.8 244.6 241.3 237.5 233 229.9 227 222.6 218 215.8 214 212.8 212.4 212.4 213.9 214.8 215.1 214.8 211.8 209.1 205.2 208.9 208.7 207.9 208.5 210.7 211.5 212.5 211.8 210.4 203.8 195.3 192.8 191.5 191.3 194
263.7 264.7 264.8 264.3 263.2 262.7 261.6 261.4 260.6 258.8 255.4 254.6 254.6 254.6 254.6 254.6 254.7 254.6 254.3 254.1 254.1 254.7 254.8 252.5 251.3 250.4 249.1 248.1 245.1 242.4 244.6 242.3 240.1 238.2 237 237 237.5 237.3 235.9 238 240.3 242.8 243 239.3 235.1 231.4 227.8 224 220.3 217.2 214.4 213.1 212.9 212.8 213.2 214.5 216 216.7 216 215.5 212.3 211 209.1 208.5 207.4 205.1 200.3 203.6 204.7 200.1 193.2 192.5 195.9 193.9 195.8 199.4 202.2 201
269.7 269 267 264.3 262.7 261.6 260.8 259.6 258.2 256.7 254.8 254.8 254.8 254.8 254.8 255 255.1 254.7 254.6 254.7 255.4 256.3 254.3 252.7 252 251.5 250.9 248.7 243 240.3 239.1 237.9 236.9 235.4 234.1 234.6 234.4 234 236.5 239.3 241.3 241.4 238.7 234.5 230 226.4 222.5 219.1 215.2 214.3 213.3 213.4 213.3 213.3 214.3 215.5 217.7 219 218.8 216.7 212.6 212.7 215.3 215.1 215.5 213.4 206.7 199.5 196.9 195.4 203.4 206.7 205.3 204.2 204.4 205.6 208.4 208.4
272.4 271.2 269.3 266.7 263.3 260.9 259.6 258.9 257.2 255.8 255 255 255 255.1 255.2 255.4 255.3 254.9 255.3 255.9 255.9 255.1 253.4 252.2 252.9 252.4 248.6 244.5 241.3 238.9 236.6 234.8 233.4 232.4 231.7 232.9 233.9 236.3 239.4 239.9 238.8 236.8 233.4 229.4 223.7 218.2 215.4 215 214.5 213.4 213.6 213.6 213.7 214.4 215.2 218 220.7 222.2 219.5 215.3 213.7 215.7 217.7 217.7 216.7 213.4 209.8 204.5 197.9 205.8 209.7 208.7 207.5 206.1 207.3 210.8 214.1 212.1
274.5 272.5 270.1 267.3 264.6 261.7 258.8 257.7 256.7 255 255 255 256.1 257.6 257 256.5 256.5 256.4 256.7 255.6 254.3 252.4 252.1 252.9 250.9 246.9 243.5 242.7 239.6 236.9 234.8 233.1 231.8 230.7 230 233.6 237.1 238.3 237.6 236.1 234.4 231.8 228 223.6 219.2 216.4 215.3 214.3 214.8 214.9 216.5 215.8 215.7 216.1 219.3 223.1 225.5 221.5 217.7 215.7 216.1 217.9 219 218.1 216 213 209.4 205 201.2 209.4 210.9 209.5 210.1 212.9 215.6 218.1 215.3 212.7
272.5 271.4 269.1 266.3 264.2 262.2 259.2 256.7 255.7 254.8 254.8 256.8 259.8 260.3 260.6 260.1 259.3 259.1 258.1 256.2 253.3 252.1 251.9 250.2 246.4 243.9 242.6 241.1 237.6 236 234.6 233.2 233.2 233.4 235.4 227.6 234.5 234.9 234.1 230.3 228.2 225.7 222.2 219 216.9 216.7 216.5 216.4 215.6 218 219.3 218.6 219.1 224.4 229.5 224.9 223.3 219.8 217.9 218.5 217.5 217.7 218.4 217.3 214.9 212.6 206.7 198.2 210.2 214.4 213.4 216 218.7 222.1 222.7 220.8 217.7 218.6
270 268.3 265.6 265.7 264.5 262.6 260.6 258.8 256.4 254.8 254.3 257.8 260 259.6 259.7 260.2 260 259.4 258.7 256.5 254.4 252.6 250.2 247.3 243.7 241.7 240.3 238.6 237.4 236.9 235.7 235.4 235.2 234.6 233.7 232.7 232.4 230.4 226.9 223 221.4 220.1 218.8 216.3 217.2 218.3 218.7 218.8 221.2 222.5 223.6 224.5 225.7 230 227.4 223.9 221.6 222.1 221.9 219.8 217.5 217.8 217.7 217.9 215.8 210.4 206 207.9 215.5 217.6 220.8 224 226.7 227.1 224.6 222.3 221.5 221.2
267.2 265.4 264.4 264.5 264.4 264.9 264.8 263.4 260.1 256.8 254.1 255.5 256.7 256.4 257.4 258.3 258.6 257.6 255.7 253.9 253.5 251.7 248.9 245 241.5 240.7 240 238.6 238.2 239.7 238.4 235 234.7 233.8 232.5 229.2 227 224.6 223.5 221.6 220.5 219.3 218 219.7 220 219.9 221.1 224.6 225.8 226.7 227.8 228.4 229.2 227.2 225.6 225.3 225.1 223.4 221.5 218.6 217.3 218.1 217.6 218 215 209.4 203.5 215.8 220.2 222.8 225.9 228 229 228.2 226.6 224.8 223.3 221.9
266.5 263.6 262.8 263.4 265.7 266.9 266.9 265 261.4 257.7 254.2 251.5 252.8 254.3 255 255.2 254.3 253.7 251.5 251.9 250.9 247.6 244.3 241.6 240.6 239.9 239.3 240.3 241 240.5 237.4 233.4 232.4 231.9 228.9 226 224.3 223.9 223.6 221.4 221 221 223.1 223.2 221.7 224.3 228.3 229.7 230.4 231 232.3 231.7 230.5 228.8 230.4 227.9 227.3 224.6 221 217.4 216.4 217 213.4 205.9 202.5 204.4 216.3 222.4 225.2 227.3 228.1 229.9 230.2 229.6 227 224.9 223.4 222.6
267.5 264.4 261.6 262.5 264.5 265.4 265 263.5 260.5 256.9 253.8 251.1 249.8 250.3 251 251.7 251.1 249.1 248.4 248.9 246.9 243.6 241.8 241 240.4 240 239.5 239.3 238.8 237.9 237 232.9 230.1 229.1 227.9 227.8 227 224.2 222.7 221.7 226.2 230.8 228.2 224 224.9 230 232.5 234.2 235.8 236.4 234.7 232.3 232.8 231.6 230 227 225 222.9 219.9 216.9 216.9 216.2 210.5 202.7 212.9 220.7 225.3 227.6 228.8 228.9 230.1 231.1 231.2 230.4 227.1 225.1 223.6 223.5
267.8 265.2 261.6 258.3 260.4 260.2 259 258.2 256.9 255 252.5 249.6 248.4 248.1 248.3 248.4 248.4 248.3 248.1 246.5 244.9 243 242 241.4 241.7 241.5 240.8 238.7 238.4 236.9 234.8 234 235.2 233.9 232.5 229.1 227.3 227.7 226.2 232 234.3 232.7 229.3 225.6 230 234.1 237.4 239.8 240.9 238.6 236.7 236.1 233.3 230.4 226.9 224.3 222.3 220 218.5 220.4 220.1 217.8 205.1 212.3 222.4 226.7 228.9 228.5 228.7 228.2 229.9 230.1 229.8 228.2 226.5 224 223.2 224.4
266.2 263.1 260.1 255 255.1 254.4 253.7 253 251.8 251.8 250.8 249.2 248.2 247.5 247.9 248 248.6 248.4 248.9 247.9 246.3 243.7 245.7 244.4 244.2 241.7 241.2 241.1 239.8 237.5 240.2 239.2 235.5 234.5 231.8 232.2 230.7 229.8 232.2 237 234.7 232.5 228 228.2 233.9 238.7 242.5 242.7 242.7 242.4 242.4 239.6 233.5 228.2 224.6 221.9 220.2 218.9 220.2 221.7 218.4 215.1 205.7 216.9 228.2 228.8 229.2 228.7 227.9 227.2 228.1 228.6 228.3 228.7 225.7 222.8 223.4 223.8
263.5 260.6 257.7 253.6 251.7 250 248.6 248.1 248.9 248.4 247.2 246.4 246.5 247.1 247.8 247.6 248.5 249 248.4 248 246.3 247 245.7 244.6 244.7 243.8 243.2 240.2 238.7 239.8 242.9 236.6 235 234.2 234 233.5 231.5 234.9 240.3 238.3 234.2 231.9 228.6 233.9 240.3 244.1 245 243.2 243.8 246.1 241.6 236.9 230.9 226.2 223 221.7 219.7 219.1 220.5 219.8 216.3 213.3 205.7 220.5 227.2 228.1 228 227.6 227.1 226.5 226.2 225.5 225.1 225.5 222.8 220.4 220.3 220.9
262.1 259.9 257.5 253.7 251.4 249.6 247.3 246.2 245 244.5 244 245.4 246.4 247.2 248.8 248.1 246.8 247 247.7 247.5 246.5 247.4 247.6 246 245.5 244.3 243 248.2 242 238.1 236.9 236.2 236.1 236.5 235.7 234.7 237.4 242.7 240.9 238.3 234.6 230.4 232.2 240.6 245.2 247.5 247.3 245.5 242.6 240.4 237.2 233.2 228.3 224.5 221.9 221.4 219.7 218.1 218.7 217.2 214 208.2 212.7 222.2 226 227 226.8 226 225.1 224.3 223.5 222.4 221 220.7 219.8 218.9 218.4 218.1
