Game/Highland_Data/StreamingAssets/GeoData/Data/nm/NM25.asc
ncols 200
nrows 200
xllcorner 120000
yllcorner 750000
cellsize 50
[rows 37 to 73 of 200, columns 0 to 84 of 200]
53.1 53.1 48.2 38.7 36.1 36.5 41.1 45.6 51.7 58.6 58.9 50.3 44.5 39.9 30.5 20.9 18.7 18 17.3 15.9 15.3 17.7 22 28 36.3 42 40.1 41.8 43 46.3 45.8 45.8 47.3 43.5 43.9 48 50.4 49.7 47.6 46.2 43 37.6 28 23.5 26.7 27 18 7.2 -1.4 -1.4 2 2.3 4.5 8.2 8.9 12.8 24.2 31.5 38.7 38.8 38.4 46.9 52.6 50.8 49.4 45.9 40.1 37.3 35 33.8 33.1 33.3 33.8 30.5 32 32.5 33.3 34 32.7 29.7 28 26.7 27.9 23 21.7
56.8 57.9 54.2 45 41.4 41.2 47.9 45.6 53.8 57.5 60.2 52.4 46.8 43.5 34 23.6 18.7 17.9 17.5 19.7 15.4 16.6 21.2 27.1 37.2 37.2 40 42.1 42.6 47 44.4 44.1 43.3 41.9 43.6 44.9 48.5 49.9 49 45.3 43.6 39.4 30.7 24.3 23.4 25.2 19.3 8.2 -1.4 -1.4 5.7 4.7 6.5 10.6 10.1 15.5 19.3 23.6 26.3 30.9 33.8 36.2 42.3 44.4 45.4 42.7 40.6 38.6 36.8 35.7 35 30.6 29.6 29.4 29.2 32.1 33.3 31 30.9 25.5 26.8 25.7 23.6 26.2 22.1
60.6 59.3 56.8 49 42.3 42.7 42.4 48.2 50.9 57 61 58.5 50.3 45.7 35.4 28.2 19 17.8 17.7 17.3 17.4 16.4 17 21 38 36.1 40.6 38.8 41.1 48.6 42.7 41.8 41.2 40.9 42.7 43.3 45.6 49.7 48.1 46.9 46 41.3 33.1 27.3 22.9 22.1 16.7 8.3 2.4 -1.4 6.3 5.5 10.8 11.4 11 15.2 23.5 20 19.5 20.9 24.2 26.1 36.5 38.5 41.1 42.1 40.2 37.7 36.6 36.4 34.5 30.9 29.6 28 26.9 26.1 29.9 24.4 24.2 25.4 23.7 24.2 23.7 25.2 24.3
59.6 61.5 58.1 48.7 42.6 42.3 42.9 47.4 53 57.4 59 57.8 53.9 45.2 38.6 30.1 20.7 18.2 17.7 17.2 17.8 13.6 16.4 18.8 39 33.3 30.6 39.3 42.1 45.4 38.5 40 40.2 39 39.5 41 43.7 46.7 46.6 45.1 46.3 42.6 35.8 26.7 23.5 21.6 15.9 8.8 3.1 -1.4 2.3 3.6 14.3 12.5 11.6 13.8 22.1 21.9 18.1 17.3 19.4 21.1 27.9 33.2 37.1 39.4 38.7 35.7 34.9 36.8 36 29.5 29.4 27.2 29 24.9 23.4 21.7 22.2 23.1 24.3 23.2 23.8 25.2 25.9
51 50 50.6 44.3 42.9 42.4 44.1 47.8 54.1 60.1 62.8 62.5 57.7 49.3 43.3 28.9 21 19.2 18 15.7 14.8 12.7 15.4 17.7 19.9 25.9 30.3 38.3 43.1 44.4 36.7 38.6 40.5 36.2 36.8 42.2 44 44 43.3 42 44.4 40.8 34.4 28.9 25 19.5 17.2 11.9 5.5 -1.4 -1.4 2.9 11.4 15.7 12.4 15.8 21.8 23.7 22.7 15 18.3 18.1 22.7 33.3 45 44 34.9 34.5 33 31.1 29.2 26.4 29.7 26.4 25.6 28.1 21.8 21.6 18.8 18 19.2 22.3 22.9 23.8 26.7
51.3 49.9 46.8 43.6 43.5 42.6 43.2 47.1 54.3 60.7 66.3 64.6 59.6 57.5 49.5 37 26.2 21.2 21.2 18.7 15.6 12.7 12.7 12.8 12.7 13.7 25.5 31.1 43.4 40.2 34.8 35.9 40 35.1 35.4 40.8 43.8 42.4 43.9 42.4 40.6 38.4 35.4 30.8 27.5 24 17.7 15.2 9.8 3.9 -1.4 -1.4 11.1 18.4 17.1 15.9 18.9 27.3 20.3 17 15.5 14.5 18.3 22 31.4 41.7 34 28.4 31.1 30.7 25.1 24.4 24.7 24.9 23.5 23.1 21 20.6 18 18 18 20.5 23 24.1 26.4
50.7 53.4 51 46.4 48.7 43.1 43.2 45.7 55.4 59.4 65.5 65 62.3 61.7 53.8 42.1 31.2 22.9 25.8 22.5 17.6 14.8 12.7 16.6 12.7 12.7 18.9 26.7 40.4 37.1 32.6 33.8 36.1 34.3 34.6 38.8 41.7 41.9 42.9 45.2 40 39.6 36 33.4 29.2 27.1 21.6 16.2 14.3 6.1 1.1 -1.4 9.2 15.3 13.8 16.4 20.5 27 21.5 18.2 16.1 14.5 15.5 16.9 20.1 31.6 28.5 25.5 29.5 24.5 21.7 23.9 23.7 23.3 22 21 20.7 21 18.8 18 18 20.3 24.3 28.4 32.8
50.1 50 48.4 52.2 55.9 51.2 45.4 44.5 55.2 58.3 60.6 65.8 64.8 63.1 56.3 43.7 36.6 24 26.7 27.8 18.3 16.2 13.1 12.7 12.7 12.7 13.1 15.7 24.3 31.7 30.7 31.8 32.3 33.8 35.5 37.4 39.8 40.7 41.2 42.2 39.5 40 39.4 39.3 32 27.5 20.5 16.4 12.3 6.3 1.8 -1.4 3.4 12.8 17.2 18.5 24.8 22.7 19.4 19.1 15.7 14.5 14.5 14.5 16 18.7 20.6 22.1 21.4 18.6 19.7 23.2 22 25.7 21.6 20.2 20.2 20.4 19.3 19 26.6 30.1 35.2 37.9 33
51.2 51.4 52 54 59.5 54.7 48.8 44.7 49.6 54.2 56.8 66.9 65.9 63.5 55.6 48.3 39.4 27.1 22.5 25 19.3 16.8 15.7 12.8 12.7 12.7 12.7 12.7 19 24.6 27.8 28.9 29.1 31.3 34.6 36.2 36.2 40.4 43.2 39.4 39 42.4 39.5 38.7 35.1 31.8 20.2 17.7 13.9 9.3 2.7 -1.4 1.3 10.2 15.6 16.8 27.2 22.6 17.3 19.7 17.1 14.5 14.5 14.5 14.6 15.6 17.6 18.3 18 17.6 17.6 18.5 20.5 22.8 21.1 22 19.3 18.7 19.6 21.8 27.1 36.1 41.7 40.1 36.4
58.4 56.7 53.1 55.4 59.3 56.7 53.3 46.9 48 57 56.7 62.3 63.8 61.8 58 49.4 38.2 28.5 22.2 20.8 19.3 17.9 17.6 16.3 14.9 12.7 12.7 12.7 12.7 18.1 22.5 23.9 24.8 29.5 34.8 38.5 33.4 35.7 37.8 36.4 36.9 40.2 39.3 35.5 30.2 27.4 21.2 18.5 17.5 14.8 4.5 -1.4 0.8 2.2 7.3 15.2 17.1 13.3 13.9 19 18 16.9 14.5 14.5 14.5 18.8 18.1 16.9 17.7 17.6 17.4 17 17.9 19.3 18.3 19.8 19.4 17 20.2 22.3 28.5 34.6 41.5 43.3 39.6
61.1 63.9 61.5 58.1 62.2 57.3 56.4 51.1 52.8 59.3 59.5 63.8 67.2 61.3 55 47.8 38.3 28.3 21.2 20.6 19.8 18.4 17.9 17.9 18.2 15.1 12.7 12.7 15.6 12.7 20 19.3 22.5 28.3 33 38.2 31.9 30.5 31.6 34.4 34.2 38.4 41.5 33 30.1 26.3 23.2 21.7 19.9 15.4 6.9 -1.4 -1.4 1 2.9 8.6 10.4 11.5 10.7 13.7 18.9 16.3 19.2 20 18.4 15.4 17.1 18.1 17.1 17.3 16.4 15.9 17.8 18.1 16.3 18.3 17.6 16.2 20.2 23.8 28.7 33.6 38.2 43.4 45.4
64.4 65 63.7 62.4 60.1 58 56.7 55.2 57.4 56.1 61.7 65.2 64.8 62.1 56.4 52.3 40.5 27 21 20 19.4 18.5 18 17.8 18.6 16.2 12.7 13.9 17.2 19 15.4 16.1 17.8 21.9 27.6 33.3 29.5 23 29.4 32.1 31.4 33.2 34.5 33 30.3 26.2 25.2 24.3 22.2 17.7 7.8 0.9 -1.4 0 1.4 3 6.5 8.8 8.9 9.7 12.7 15.9 16.3 17.5 16.9 19.1 17.3 18.2 17 18 18 16.3 15.3 14.4 15.1 16.7 16.5 15.7 20.5 29 29.6 34.3 39.3 43.6 45
64.2 65.6 68.3 69 61 60.6 60.4 57 62.7 59.1 61 63.8 63.3 61.1 57.8 52.8 41.7 29.2 21.6 20 19.1 18.5 18.1 17.9 17.7 15.1 13.6 13.6 16.4 17.4 17.2 16.7 16.1 15.9 20.9 26.1 21.5 18.3 21.3 25.7 27.1 30.7 30.9 33.7 29.9 26.1 26.1 26.5 24.1 17.7 8.4 1.3 -1.4 -1.4 0.7 2.1 6.1 8 8.6 9.8 10.9 13 14.5 14.8 18 16 16.5 16.9 17.9 18.4 18.3 17.9 15.7 14.8 13.6 12.7 13.4 15.1 19.4 26.6 27.7 33.3 40.2 44.8 42.2
64.4 65.8 67.5 69.4 62.8 63.5 60.9 63 67 68.7 63.3 65.4 63.1 63.6 64.1 57.7 45.9 31.1 22.4 20.7 19.8 18.6 17.9 17.6 16.7 15.2 14.3 13.6 15.7 16.8 16.4 16.2 16.7 16.2 14.8 15.1 15.3 14.7 17.6 19.5 21.4 22 25.8 29.6 22.4 25.4 26 27.8 26.5 19.9 9.6 1.4 -0.3 -1.4 0 1.7 8.5 10.1 10.6 11.7 16.6 15.2 16.7 16.3 16.2 15.7 15.9 15.7 16.3 17.6 17.9 17 17.4 16 15.9 15.1 13.5 12 13.6 19 24 34 43.9 37.1 37.8
64.7 65.5 68.1 66.8 63.8 64 63.3 68 73.3 74.5 70.9 63.2 63.5 61.2 65 59.2 45.8 35.4 26.9 21 19.6 19.4 19.3 17.4 17.1 15.7 15 14.3 15.1 16.1 15.7 15.4 16.7 16.1 14.7 14.5 14.2 13.5 12.9 14.4 16.4 16.3 19.3 21.2 18.8 22.7 22.7 23 25.5 22.3 8.8 1.3 -0.4 -1.4 -0.1 1.3 4 9.6 12.6 14.2 18.1 16.4 16.2 21.8 17 15.6 14.8 15.4 16.2 15.7 16.9 16.9 16.7 16.4 16.4 16.9 18.1 16.6 12.5 10.8 20.5 24.9 46.1 33.6 32.2
67.3 66.4 66.2 67 66.5 65.6 66.5 69.7 75.6 76.5 73.1 66.3 60.5 60.7 61.4 56.9 45.3 35.8 28.2 21.5 19.7 18.9 18.4 18.1 18.1 16.4 15.7 15 14.4 15.4 15 14.6 15.3 14.7 14.1 14.9 15 14.4 14.2 11.7 10.6 10.2 10.1 12.2 14.4 19.5 19.6 22.7 22.5 19.3 10.4 1.2 -1.4 -0.9 -0.1 1 2.1 5.8 11.3 16.5 16.4 16.7 13.4 16.2 16.3 14.4 14.2 15.6 15.5 15.1 15 16.2 16.8 16.9 16.8 17.2 17.7 19.3 15.8 21.6 24.6 13.3 9.9 -1.4 19.6
69.7 70 67.9 67.4 67.3 66.6 67.4 69 73.7 75.7 72.5 68.9 59.1 60.1 56 52.5 45 37.4 28.8 23.1 20.7 18.5 18.3 19.1 17.8 16.6 16.5 15.7 15 14.8 14.5 14.2 13.7 13.3 13.2 13.2 14.6 14 14 10.9 10 9 7.7 7.2 8.5 12.6 16.3 20.7 17.1 16.3 9.7 1 -1.4 -0.6 0.3 1.1 2 7.6 13.3 17.4 13.2 16.6 12.3 12.5 15 14.1 14.6 13.4 14.8 13.9 13.7 14.2 16.4 17.7 19.2 22.4 18.4 18.8 18 20.6 24.7 30.1 -1.4 -1.4 -1.1
73 71.3 69.3 69.3 70.5 69 71.3 74.7 71.5 72.1 68.3 64.2 58 57.3 54.6 47.3 44.7 37.1 29.8 24.8 21.9 19.4 18 18.2 17.9 16.8 16.8 16.5 15.5 14.9 14.8 14.3 14.4 13.3 12.9 12.9 14.1 13.1 12.9 12.3 11.7 10.2 9.1 8.3 7.3 7.6 7.4 10.5 9.6 9.2 4.8 0.6 -1.4 -0.9 0 1 1.9 7.1 15.1 14.3 12.2 11.6 11.9 13.2 13.3 14 12.8 12.9 13.2 14.5 12.7 13.8 16.1 18.5 21.1 26 24.8 24.3 27.3 20.2 17.8 15.7 8.7 0.9 -1.4
74.6 73.1 71.3 71.1 72.6 72.3 71.4 74.1 73 72.3 68.8 61.7 59.2 53.2 52 44.1 42 36.3 30.7 26.1 22.5 20.5 18.2 17.9 17.5 17.2 17.2 16.7 15.8 15.2 15.1 14.4 13.9 13.7 13.2 13.5 12.9 12.3 12.4 12.3 12.6 11.8 10.7 9.7 9.9 8.6 7.2 4.8 6.1 4.4 2.6 1.1 -0.4 -1.4 -0.4 0.4 1.3 2.2 17.7 18.2 12.3 11.4 12.2 11.7 12.5 12.4 12.7 13 13.2 13.4 13.3 12.9 14.2 18.9 25.1 27.4 25.9 26.2 31.7 36.9 27.4 14.3 2.3 -1.4 -1.4
76.7 73.6 72 71.8 72.7 73.3 72.7 77 73.2 72.4 66.4 64.3 59.2 52.6 49.3 44.3 36.9 34.4 31.2 26.8 23.7 21.8 20.9 18.6 17.3 17.5 18.4 18.7 16.7 17.3 16.5 15.4 14.4 14.1 14 13.6 13.2 12.4 12.5 13.2 14 15 13 12.5 12.4 11.6 9 7.6 4.6 2.3 2.1 0.9 -0.3 -1.4 -1.4 -0.1 0.8 1.7 5.3 13.8 13.1 10.8 11.1 11.6 11.4 13.1 11.4 11.3 10.4 12.3 12.5 12.8 14.1 16.3 19.5 22.7 28 26.3 34.8 38.2 35.9 19.4 7.7 -1.4 -1.4
78.4 74.6 73.2 73 73.7 75.3 74.1 72.7 70.7 66.8 60.4 60.8 60.7 59.5 47.9 44.4 36.9 35.2 31.7 28.1 26 25.4 24 20 20.5 20.4 20.3 23.6 22.6 22.1 19 19 16.5 14.9 14.9 13.9 13.6 15.8 14.4 16.5 17.7 21.7 17.1 15.3 14.8 14.3 13.2 11.8 9.4 2.3 2 0.9 -0.2 -1.4 -1.4 -0.6 0.1 0.9 2.1 7.3 16.2 10.7 10.9 11.3 11.1 12.3 10.1 9.8 10.7 11.6 12.9 12.6 16.6 20.4 19.7 25.5 30 26.4 31.2 38.5 34.9 22.3 9.9 -1.4 -1.4
76.4 75 74.4 74.4 75.4 74.7 76.3 71.3 68.5 63.7 59.6 56.9 59.3 57.8 51.9 49.7 38.9 34.1 32.1 30.8 30.8 28.6 23.4 22.4 20.5 22.1 23.7 28.3 28.3 25.1 22.4 22.3 19 16.1 15.3 14.1 14 16 17 18.9 28.3 22.6 19.9 17.6 16.9 17.9 18.1 16.2 12.8 7.2 2.2 1.2 0.3 -1.2 -1.4 -1.4 -0.8 0.2 0.9 6.6 9.1 8.9 10.2 10.7 11 10.1 9.3 10.1 11.1 11.8 12.2 13.8 18.1 19.6 20.3 23.6 25.6 31.3 27.1 40 35.5 24.1 23 17.6 -1.4
76.5 76 75.5 75.5 76.7 78.2 79.7 75.2 65.4 60.3 58.2 54.3 53.8 51.8 49.9 45.9 41.8 33 31.7 31.5 34.3 32.3 28.7 25.6 26.7 24 25.8 30.4 33.8 28.9 24.8 22.2 21.2 18 15.7 14.4 14.5 17.3 17.8 21.4 25.7 24.1 21.9 20.2 18.9 19.2 20.2 20.1 17.9 11.8 5.6 1.7 0.2 -1.4 -1.4 -1.4 -1.4 -1.4 -1 1.5 2.1 7.7 7.7 9.5 9.6 9 9.5 10.5 11.6 11.9 13.6 14.6 16.4 19.7 20.4 26.6 29.9 31.9 24.7 23.8 30.8 36 34.7 20.6 -1.4
77.1 76.5 77.4 77.4 77.1 78.1 77.4 73.4 67 59.1 56.3 54.4 50.9 50.2 48.3 44.7 37.9 34.4 32.2 32.1 33.2 32.8 36.1 29.3 27 25.8 26 29.7 35.8 31.1 25.2 23.2 22 18.8 17.2 18 16.8 19.1 19.7 23.6 32.6 28.7 24.6 23.9 22.5 22.9 22.5 21 19.6 16.5 8.4 2.3 -1.4 -1.4 -1.4 -1.4 -1.4 -1.4 -1.4 0.2 1.3 2.3 2.3 7.8 8.3 9.1 13.1 13.7 14.7 14.5 15.1 17.2 21.5 21.9 22.5 28.4 31.5 26.1 21.9 20.1 30.6 31.7 10.4 -1.4 -1.4
77.7 78.3 77.8 77.9 78.4 80.7 80.7 72.8 67.3 63.6 57.4 55.1 51.3 50 47.9 43.2 39.9 34.6 32.5 33.1 33.6 33.2 33.6 30.6 27.8 25.8 25.9 29 37.1 28.7 25.2 24.8 25 19.1 18 20.1 19.6 20.5 20 23.6 26.4 28.8 28.2 27 25.3 27.7 24.7 24.2 18.6 15.6 11.1 5.1 -1.4 -1.4 -1.4 -1.4 -1.4 -1.4 -1.4 -0.3 0.7 1.8 2.3 6.6 8.9 9.8 12.1 16.6 19 20.5 21.3 19.6 22.6 22.1 24.5 35.1 36.5 23.7 17 11.8 20.7 29.8 17 -1.4 -1.4
79.3 78.7 79.1 79.2 78.8 81 80.6 72.7 68.9 64.6 60.1 58.1 52.2 49 44.1 41.3 41.5 37.7 33.5 32.9 33.3 33.9 34.1 31.7 30.1 27.8 28 27.5 32.6 28.2 24.8 24.5 24.6 21 19.4 19.4 19.7 22.7 24.2 28.2 28.4 29.1 30.4 31.7 31.9 29.4 27.5 25.7 20 15.7 13 8.2 -1.4 -1.4 -1.4 -1.4 -1.4 -1.4 -1.4 -0.7 0.3 1.4 2.5 8.8 11.3 11.2 13.1 16.7 20.1 21 24.1 25.1 21.9 22.5 24.4 35 32.3 26.5 31.8 13 2.3 -1.4 -1.4 -1.4 -1.4
80 79.4 79.7 78.3 78.3 80 80.3 73.1 69.5 65.5 60.1 58.3 55.2 51.5 44.9 40.8 38.9 35.7 32.9 32.6 32.7 34.1 33.8 33.5 31.6 28.7 27.1 26.5 26.1 25.9 23.4 23.9 22.9 18.6 21.2 20.3 20 23.4 27.8 30.7 35.8 39.6 38.6 38.6 33.6 32.3 28.6 26.7 25.1 16.7 13 9 2.8 -1.4 -1.4 -1.4 -1.4 -1.4 -1.4 -1.4 -1.3 -1.4 -1.4 9.7 14.8 13.5 16.7 18.3 21.4 23.2 23.7 25.2 29.9 21.9 20.3 30.6 31.1 26.7 34.9 33.3 5.5 -1.4 -1.4 -1.4 -1.4
81.4 79.7 80.4 78.3 80.9 80 76.6 71.6 67 62.6 56.3 57.3 56 52.6 45.1 42.7 39.8 36.5 32.7 32 32.1 33.2 33.4 34.4 33.6 28.4 26.4 26 25.5 24.6 25.6 17 17.1 17.6 22.9 23.8 21.7 22.7 28.4 35.1 37.9 40.2 49.1 44.7 38.7 36.9 30.9 28.1 23.1 18.3 15.1 7.9 1.7 -1.4 -1.4 -1.4 -1.4 -1.4 -1.4 -1.4 -1.4 -1.4 -1.4 -1.4 13.1 18.9 18.3 16.9 20.7 22.6 26.7 29.2 30.3 25 17.5 24.4 21.8 27.8 33.9 26 2.9 5.6 -1.4 -1.4 -1.4
81.4 80 79.9 78.3 79.5 77.3 74.8 71.2 69.1 64.1 55.3 53.9 53.2 48.5 45.3 41.8 40.5 36.4 32.3 31.5 31.5 31.5 32.2 35.5 34.1 30.3 27.3 26.4 25.5 23.3 19.3 17.1 17.1 19.6 17.1 29.6 29.3 25.2 26.6 41.5 37.7 41.8 48.2 49.9 47.8 42.6 38.1 31.6 31.5 23.2 18.2 11.5 -1.4 -1.4 -1.4 -1.4 -1.4 -1.4 -1.4 -1.4 -1.4 -1.4 -1.4 -1.4 -1.4 12.6 18 15.5 19.3 26.3 30.4 33.7 32.5 24.9 13 9.6 21.8 25.1 26.2 13.9 -1.4 -1.4 -1.4 -1.4 -1.4
79.5 79.9 78.3 78.3 78.7 79.5 74.1 71 68.6 62.8 59.4 52.7 49.1 46.1 44.6 40 40.1 34 32.3 31.4 30.8 30.7 30.6 31.7 39.1 31.7 26.4 25.2 25.6 22.7 17.1 17.1 17.1 17.1 21.3 28.3 29.8 26.6 26 37.2 37 36.9 48.2 49.7 45.5 43 43.3 36 32 30.8 25.7 15.7 -1.4 -1.4 -1.4 -1.4 -1.4 -1.4 -1.4 -1.4 -1.4 -1.4 -1.4 -1.4 -1.4 1.7 5.4 12.2 15.9 24.1 31.4 36.1 30 27.4 31.1 10.9 2.3 2.3 5 -1.4 -1.4 -1.4 -1.4 -1.4 -1.4
79.3 78.7 78.9 78.4 78.1 77.6 74.4 70.7 67.1 63.2 61.5 56.2 46.2 44.4 43.5 39.6 36.6 33.7 32.4 31.4 30.7 30.5 29.1 29.8 35.8 32.3 24.8 25.3 25.3 18.7 17.1 17.1 17.1 17.1 21.4 26.2 28.6 26.2 25.8 28.7 33.7 35.7 44.3 48.6 45.6 45.2 43.4 37 30.7 30.6 23.4 15.8 3.5 -1.4 -1.4 -1.4 -1.4 -1.4 -1.4 -1.4 1.9 -1.4 -1.4 -1.4 -1.4 -1.4 -1.4 19.1 16.8 20.6 31.2 33.2 28.9 29.4 32.6 24.8 6.3 -1.4 -1.4 -1.4 -1.4 -1.4 -1.4 -1.4 -1.4
76.6 76.7 77.6 75.4 76.3 76.6 76.7 69 66.2 62.7 60.5 54.5 44.9 42 41 39.8 35.6 33.7 33.9 31.8 30.7 30.7 28.6 26.2 31.2 32.2 25.2 24.9 26.8 19.2 17 17.1 17 17.1 18.2 25.7 26.7 26.3 26.8 29.3 32.5 34.1 41.3 44.3 44.2 45.3 40.8 38.3 29.3 26.1 20.4 14.3 3.3 -1.4 -1.4 -1.4 -1.4 -1.4 -1.4 -1.4 6.9 2.3 -1.4 -1.4 -1.4 -1.4 -1.4 15.1 16.6 24.4 24.7 22.5 22.9 29.3 29.3 27.7 15.7 -1.4 -1.4 -1.4 -1.4 -1.4 -1.4 -1.4 -1.4
75.7 75.5 76.2 75.5 71.9 71.4 69.9 65.9 61.2 58.9 55.8 49.8 45.4 41.3 40.2 39.3 35.6 34.4 33.8 32.7 32 30.9 30 25.7 24.3 25.7 24.2 23 24.2 21.5 17 17.1 17 17.1 20.9 24.6 25.6 28.1 28.7 30.6 31.6 33.5 44 44.2 42 41 36 33.6 29.5 25.4 20.7 12.5 3 -1.4 -1.4 -1.4 -1.4 -1.4 -1.4 -1.4 9.1 15 6.4 1.7 -1.4 -1.4 -1.4 3.2 15.3 29.7 30.1 31.4 26.1 8 -1.4 -1.4 -1.4 -1.4 -1.4 -1.4 -1.4 -1.4 -1.4 -1.4 -1.4
74.9 74.2 74.5 74 69.8 69.8 69.2 64.3 59.1 56.6 51.2 44.6 41.6 41.2 39.9 40.1 37.3 36.7 34.4 33.1 32.6 33 30.2 24.8 22.2 22.7 22.9 22.1 21 18.8 17.1 17.1 17.1 25.2 25.8 25.8 25.5 28 31.3 31.3 30.7 33.6 45.8 43 40.3 35.6 35 33 31.4 22.7 16.3 12.6 -1.4 -1.4 -1.4 -1.4 -1.4 -1.4 -1.4 -1.4 1.6 9.9 17 0.3 -1.4 -1.4 -1.4 -1.4 9.7 28 37.8 41.2 30.5 20 -1.4 -1.4 -1.4 -1.4 -1.4 -1.4 -1.4 -1.4 -1.4 -1.4 -1.4
74.6 71.6 70.3 72.5 66.1 69 65.3 60.2 58.7 52.8 47.3 43.6 40.1 39.2 39.1 40.8 42.5 40.1 35.8 33.8 33.3 33.2 32.2 26.2 22.4 22.5 22.1 21 19.8 18.6 17.1 17 17 27.4 25.8 26.7 27 26.8 33.3 30.3 30.1 30.9 37.6 40.2 34.5 34.7 32.5 33 29.2 22.4 17.2 7 -1.4 -1.4 -1.4 -1.4 -1.4 -1.4 -1.4 -1.4 0.3 2.8 17 3.1 -1.4 -1.4 -1.4 -1.4 -1.4 23.7 45.4 41.3 33.9 23.4 16.5 -1.4 -1.4 -1.4 -1.4 -1.4 -1.4 -1.4 -1.4 -1.4 -1.4
77 71.9 65.2 63.9 62.6 62.3 58.9 57.9 56.9 51.7 45.7 41.4 39.4 38.4 36.8 36.9 43.9 42.1 37.8 36.4 35.8 35.1 31.3 28.2 22.4 22.1 21 19.8 18.8 17.9 17.1 17.1 20.4 27 26.9 29.3 27 27 35.5 35.1 29.8 29.5 35.2 33 30.8 30.4 31.7 30.8 30.4 24.8 16 4.7 -1.4 -1.4 -1.4 -1.4 -1.4 -1.4 -1.4 -1.4 -1.4 -1.4 -1.4 3.9 6.6 -1.4 -1.4 -1.4 -1.4 -1.4 31.8 42.3 33.9 13.3 -1.4 -1.4 -1.4 -1.4 -1.4 -1.4 -1.4 -1.4 -1.4 -1.4 -1.4
75.5 68.4 63 60.5 60.3 58.7 57.5 57.7 53 48.7 41.7 40 38.7 38.4 36.1 36.3 38 40.2 39.5 39.2 40.6 34.9 31.5 29.4 24.4 21.8 20.9 20 19 18.1 17.1 17.1 25.6 29.1 29 33.7 31.9 27.6 30.5 35.2 36.2 28.4 29.2 32.5 28.6 29.4 28.7 29.6 31 24 13.9 3.8 -1.4 -1.4 -1.4 -1.4 -1.4 -1.4 -1.4 -1.4 -1.4 -1.4 -1.4 -1.4 -1.4 -1.4 -1.4 -1.4 -1.4 -1.4 -1.4 27.8 27.2 -1.4 -1.4 -1.4 -1.4 -1.4 -1.4 -1.4 -1.4 -1.4 -1.4 -1.4 -1.4
