Game/Highland_Data/StreamingAssets/GeoData/Data/nm/NM35.asc
ncols 200
nrows 200
xllcorner 130000
yllcorner 750000
cellsize 50
[rows 111 to 147 of 200, columns 85 to 169 of 200]
-1.5 -1.5 -1.5 -1.5 -1.5 -1.5 -1.5 -1.5 -1.5 -1.5 -1.5 -1.1 -1.5 -1.5 -1.5 -1.5 -1.5 -1.5 -1.5 -1.5 -1.5 -1.5 -1.5 -1.5 -1.5 -1.5 -1.5 -1.5 -1.5 -1.5 -1.5 -1.5 -1.5 -1.5 -1.5 -1.5 -1.5 -1.5 -1.5 -1.5 -1.5 -1.5 -1.5 -1.5 -1.5 -1.5 -1.5 -1.5 -1.5 -1.5 -1.5 -1.5 -1.5 -1.5 -1.5 -1.5 -1.5 -1.5 -1.5 -1.5 -1.5 -1.5 -1.5 -1.5 -1.5 -1.5 -1.5 -1.5 -1.5 -1.5 -1.5 -1.5 -1.5 -1.5 -1.5 -1.5 -1.5 -1.5 -1.5 -1.5 -1.5 -1.5 -1.5 -1.5 -1.5
-1.5 -1.5 -1.5 -1.5 -1.5 -1.5 -1.5 -1.5 -1.5 -1.5 -1.5 5.7 -1.5 -1.5 -1.5 -1.5 -1.5 -1.5 -1.5 -1.5 -1.5 -1.5 -1.5 -1.5 -1.5 -1.5 -1.5 -1.5 -1.5 -1.5 -1.5 -1.5 -1.5 -1.5 -1.5 -1.5 -1.5 -1.5 -1.5 -1.5 -1.5 -1.5 -1.5 -1.5 -1.5 -1.5 -1.5 -1.5 -1.5 -1.5 -1.5 -1.5 -1.5 -1.5 -1.5 -1.5 -1.5 -1.5 -1.5 -1.5 -1.5 -1.5 -1.5 -1.5 -1.5 -1.5 -1.5 -1.5 -1.5 -1.5 -1.5 -1.5 -1.5 -1.5 -1.5 -1.5 -1.5 -1.5 -1.5 -1.5 -1.5 -1.5 0.1 1.4 3.8
-1.5 -1.5 -1.5 -1.5 -1.5 -1.5 -1.5 -1.5 -1.5 -1.5 2.4 20.7 24.8 -1.5 -1.5 -1.5 -1.5 -1.5 -1.5 -1.5 -1.5 -1.5 -1.5 -1.5 -1.5 -1.5 -1.5 -1.5 -1.5 -1.5 -1.5 -1.5 -1.5 -1.5 -1.5 -1.5 -1.5 -1.5 -1.5 -1.5 -1.5 -1.5 -1.5 -1.5 -1.5 -1.5 2.7 20.1 2.6 1.3 3 3.2 1.4 -1.5 -1.5 -1.5 -1.5 -1.5 1.2 -1.5 -1.5 -1.5 -1.5 -1.5 -1.5 -1.5 -1.5 -1.5 -1.5 -1.5 -1.5 -1.5 -1.5 -1.5 -1.5 -1.5 -1.5 -1.5 -1.5 -1.5 -1.5 -1.5 0.5 3.3 8.7
-1.5 -1.5 -1.5 -1.5 -1.5 -1.5 -1.5 -1.5 -1.5 3 21.2 48.2 41.4 29.7 2.8 -1.5 -1.5 -1.5 -1.5 -1.5 -1.5 -1.5 -1.5 -1.5 -1.5 -1.5 -1.5 -1.5 -1.5 -1.5 -1.5 -1.5 -1.5 -1.5 -1.5 -1.5 -1.5 -1.5 -1.5 -1.5 -1.5 -1.5 -1.5 -1.5 -1.5 -1.5 22.6 26.1 27.9 7.2 31.5 34.2 21.9 7.5 -1.5 -1.5 -1.5 4.1 12.9 2.3 2.3 3.5 -1.5 -1.5 -1.5 -1.5 -1.5 -1.5 -1.5 -1.5 -1.5 -1.5 -1.5 -1.5 -1.5 -1.5 -1.5 -1.5 -1.5 -1.5 -1.5 -1.5 0.8 5.7 12
-1.5 -1.5 -1.5 -1.5 -1.5 -1.5 -1.5 -1.5 -1.5 -1.5 44.7 53.4 52.8 42.8 32.5 26.2 10.8 3.5 -1.5 -1.5 -1.5 -1.5 -1.5 -1.5 -1.5 -1.5 -1.5 -1.5 -1.5 -1.5 -1.5 -1.5 -1.5 -1.5 -1.5 -1.5 -1.5 -1.5 -1.5 -1.5 -1.5 -1.5 -1.5 -1.5 4.2 6.4 24.2 31.5 32.6 33.2 35.5 37.1 35.5 31.9 18.9 7.4 2.4 14.5 13.6 7.7 12.8 13.5 4.8 2.5 1.5 -1.5 -1.5 -1.5 -1.5 -1.5 -1.5 -1.5 -1.5 -1.5 -1.5 -1.5 -1.5 -1.5 -1.5 -1.5 -1.5 -1.5 0.4 2.5 12.5
-1.5 -1.5 -1.5 -1.5 -1.5 -1.5 -1.5 -1.5 -1.5 -1.5 -1.5 51.7 53.1 54 38.9 29 13.2 -1.5 -1.5 -1.5 -1.5 -1.5 -1.5 -1.5 -1.5 -1.5 -1.5 -1.5 -1.5 -1.5 -1.5 -1.5 -1.5 -1.5 -1.5 -1.5 -1.5 -1.5 -1.5 -1.5 -1.5 -1.5 2 2.5 27.2 29.7 29.2 33.9 39.6 36.3 39.5 36.9 37.1 37.6 33.8 30.3 26.3 11.1 16.7 15.3 19.9 21.7 24.9 11.5 2 -1.5 -1.5 -1.5 -1.5 -1.5 -1.5 -1.5 -1.5 -1.5 -1.5 -1.5 -1.5 -1.5 -1.5 -1.5 -1.5 -1.5 -0.6 1.2 7.2
-1.5 -1.5 -1.5 -1.5 -1.5 -1.5 -1.5 -1.5 -1.5 -1.5 -1.5 51.6 56.5 56.3 51.6 32.2 27.2 -1.5 -1.5 -1.5 -1.5 -1.5 -1.5 -1.5 -1.5 -1.5 -1.5 -1.5 -1.5 -1.5 -1.5 -1.5 -1.5 -1.5 -1.5 -1.5 -1.5 -1.5 -1.5 -1.5 -1.5 -1.5 4 16.2 36.1 31.4 32.5 33.4 36 40.8 38.8 43.5 42 41 39.2 37.1 33.2 20.7 19.3 18.9 20.3 24.5 28.7 28.3 9.9 -1.5 -1.5 -1.5 -1.5 -1.5 -1.5 -1.5 -1.5 -1.5 -1.5 -1.5 -1.5 -1.5 -1.5 -1.5 0.8 2.1 -0.5 -1.5 5.5
-1.5 -1.5 -1.5 -1.5 -1.5 -1.5 -1.5 -1.5 -1.5 -1.5 -1.5 36.9 54.4 59.2 60.2 38.2 27.6 8.2 -1.5 -1.5 -1.5 -1.5 -1.5 -1.5 -1.5 -1.5 -1.5 -1.5 -1.5 2.9 5.9 3.1 -1.5 -1.5 -1.5 -1.5 -1.5 -1.5 -1.5 2.4 1.5 4.7 28.6 35.3 37.2 33.4 32.7 34 36.2 39.8 47.6 49.8 45.9 46.1 46 42.2 35.4 29.4 22.8 21 21.8 26.6 30.9 31.7 22.6 2.4 -1.5 -1.5 -1.5 -1.5 -1.5 -1.5 -1.5 -1.5 -1.5 -1.5 -1.5 -1.5 -1.5 -1.5 2.9 2.3 2.3 -1.5 -1.5
-1.5 -1.5 -1.5 -1.5 -1.5 -1.5 -1.5 -1.5 -1.5 -1.5 -1.5 27 46.3 59 64.5 45.4 29.3 15 -1.5 -1.5 -1.5 -1.5 -1.5 -1.5 -1.5 -1.5 -1.5 -1.5 2.4 6.5 13.6 18.5 18 15.7 -1.5 -1.5 -1.5 -1.5 2.3 7.1 11.6 23.4 26.2 36.7 39 37.9 36.5 41.7 42.5 39.1 45.5 50.6 50.8 50.1 51.3 55.6 39 33.2 30.1 24.3 25.8 26.6 29.3 33.2 33 18.4 -1.5 -1.5 -1.5 -1.5 -1.5 -1.5 -1.5 -1.5 -1.5 4.4 3 4.8 -1.5 -1.5 2.9 2.4 2.9 2.3 -1.5
-1.5 -1.5 -1.5 -1.5 -1.5 -1.5 -1.5 -1.5 -1.5 -1.5 -1.5 28.8 39.9 63.3 66.3 51.6 29.4 21.4 13.9 -1.5 -1.5 -1.5 -1.5 -1.5 -1.5 -1.5 -1.5 -1.5 3.7 10.2 21.5 19.4 22 22.2 2.6 2.5 -1.5 14.4 25.6 29.5 27.5 35 35.3 37.9 39.3 42.2 49.8 45 42.7 43.7 46.8 49.7 49.7 55.2 56.6 54.5 44.8 38.4 37.9 34 28.2 28.9 31 38.1 35.4 33.7 3.1 -1.5 -1.5 -1.5 -1.5 -1.5 -1.5 -1.5 -1.5 4.4 12.1 16.4 6.3 2.3 4 4.3 3 -1.5 -1.5
-1.5 -1.5 -1.5 -1.5 -1.5 -1.5 -1.5 -1.5 -1.5 -1.5 -1.5 28.8 43 67.1 53.4 43.2 29 29.4 21.6 -1.5 -1.5 2.6 2.3 -1.5 -1.5 -1.5 -1.5 -1.5 7.3 11 19.1 20.9 23.3 23.5 24.6 29.6 13 28.1 32.4 32 30.9 35.6 35.7 37.6 42.1 56.1 56.3 58.2 46.2 47.7 48 49 52.5 53 55.1 59 57.2 42.6 39.5 36.7 36.4 32.5 34 40.6 38.4 35.1 25 2.2 -1.5 -1.5 -1.5 -1.5 4.7 -1.5 -1.5 8 20 18.4 9.4 4.3 7.2 4.6 3.6 2.4 2.8
-1.5 -1.5 -1.5 -1.5 -1.5 -1.5 -1.5 -1.5 -1.5 -1.5 -1.5 -1.5 35.2 54.9 49.6 32.1 29.5 30 21.9 6.1 2.1 6.7 5.3 5.5 -1.5 -1.5 -1.5 7.9 9.1 12.1 16.6 20.7 23.3 25.7 28.6 30.7 28.6 28.3 33.8 32.7 31.8 34.8 34.9 35.8 44.5 56.7 57.5 57.9 62.2 56.7 52.8 55.7 64.9 59.9 58.8 59.1 54.9 45.3 42.1 39.9 38.1 37.7 36.8 39.5 45.2 36.1 33.5 14.1 3.1 -1.5 -1.5 2.3 8.7 6.3 -1.5 14.1 22 26.4 20.3 7.4 7.9 7.8 5 2.8 3.3
-1.5 -1.5 -1.5 -1.5 -1.5 -1.5 -1.5 -1.5 -1.5 -1.5 -1.5 -1.5 31.1 45.4 41.5 35.6 30.2 29.2 20.6 19.8 10.2 9.6 8.6 3.8 2.3 2.5 2.4 4.9 10.9 14.1 15 21.2 26.9 28 29.3 32.1 32.7 32.8 35.4 33.6 33 35.1 37.2 36.2 38.6 53.8 58 61.1 63.5 60.1 62.3 61.6 61.8 61 62.1 64.7 56.2 50.6 47.2 42.2 39.6 41.1 42 38.3 39 37 28.8 25.8 11.5 7.8 4.5 12.3 14.2 15 11.1 13.5 23.5 36.9 33 10.2 6.2 7.9 7.1 4 3.1
-1.5 -1.5 -1.5 -1.5 -1.5 -1.5 -1.5 -1.5 -1.5 -1.5 -1.5 -1.5 29.7 37.6 45.7 46.9 32.1 28.6 28.8 22.2 13.5 12.3 9.9 5.1 3.7 6.7 6.3 11.6 10.1 10.4 19.1 19.8 23.2 26.6 30.8 33.9 38.9 34.3 37 35.4 37.2 37.9 37.5 38.3 43.8 55.8 58.2 58.1 62.5 65.8 66.8 67.3 62.9 62.2 61.6 63 64.2 59.3 58 51.2 44.5 41.1 41 38.3 37.5 35.9 35.4 30.7 27.6 18.2 15.7 17.8 17.5 19.2 12.1 13.3 22 37.8 31.9 17.9 6.4 8.1 7.3 5.1 3.9
-1.5 -1.5 -1.5 -1.5 -1.5 -1.5 -1.5 -1.5 -1.5 -1.5 -1.5 3.8 28.4 35.4 48.3 46 34.9 27.4 27.2 25.3 21.6 14.1 13.8 7.4 6.2 10.2 9.8 11.7 10.5 12.8 16.1 18.9 22.6 28.3 32.7 43.9 52.7 45.6 50.8 56.4 44.9 42.1 40.2 39.2 46.6 57.4 60 61.4 67.7 71.9 72.8 72.4 69.4 64.5 64.3 67.8 64.7 60.9 62.9 57.7 48.9 44.1 41.5 38.4 37.5 37.4 36.6 34.8 26.7 25 26.4 22 22.8 19.2 13.5 15.6 22.6 39.1 32 25.7 15.5 10.4 7.6 5.7 4.8
-1.5 -1.5 -1.5 -1.5 -1.5 -1.5 -1.5 -1.5 -1.5 -1.5 -1.5 4.8 23.1 32.8 45.4 47.7 40.1 29.3 28.2 25.4 24 20.2 21 18.9 14.2 14.9 10.6 10.9 16.2 18.4 20.3 21.4 26.7 28.7 35.1 60.7 63.7 60.2 59.8 61.8 55.8 55.3 48.6 46.5 49.3 54.7 61.6 66.1 73.6 82 79 77 74.5 71.8 69.2 73.8 69.2 62.3 67.2 60.9 53.7 51.6 53.1 39.4 36.2 38.9 36.8 33.7 30.2 26.4 26.7 23.1 26.5 20.9 14.3 16.1 21.2 37.9 36.4 26.8 25.3 19.8 16.1 9.4 6.1
-1.5 -1.5 -1.5 -1.5 -1.5 -1.5 -1.5 -1.5 -1.5 -1.5 -1.5 -1.5 18.1 25 29.7 49.1 43.4 30 29.6 31.7 29.2 26.2 25.6 28.2 18.8 15.7 13.8 16.6 18 19 23 28.1 29.1 33.9 40.9 58.1 67.5 66.9 63.3 66.4 60.9 59.7 61.2 54.6 51.2 53.3 61.1 64.9 73.7 77.9 85.3 84.8 78.3 76.3 74 77.9 74.4 64 64.7 62.3 58.3 58.2 48.2 40.2 36.7 35.9 34.7 33.9 31.9 30.4 28.8 31.3 26.3 23.4 21.6 16.6 20.9 35.3 36.7 34.1 28.2 30.6 16.6 10.5 10.2
-1.5 -1.5 -1.5 -1.5 -1.5 -1.5 -1.5 -1.5 -1.5 -1.5 -1.5 -1.5 -1.5 25.6 27.4 32.8 31.6 35.8 38.8 38.9 35.4 27.8 26.5 28.7 24.1 21.8 20.7 19.6 19.2 21.6 24.6 32.3 36.7 37.1 52.4 65.1 68.1 66.1 65.4 77.3 66.2 60.7 65.1 62.1 52.2 54.4 56.8 66.6 74.8 75.4 76.2 78.4 81.3 84.5 77.1 73.9 70.6 66.6 64.3 60 60.4 60 54.5 42.1 38.5 37.1 38.7 36.3 33.3 31.8 30.8 31.9 31.6 24.5 22.6 18.6 22.3 31.9 35.3 34.6 33.1 36.2 28.5 13.3 12.4
-1.5 -1.5 -1.5 -1.5 -1.5 -1.5 -1.5 -1.5 -1.5 -1.5 -1.5 -1.5 -1.5 24 27.1 27.1 29.4 45.8 49.4 50.9 41.8 32.8 29.1 28.6 28.9 25.7 21 22.1 22.8 26.4 26.4 31.7 41 45.3 60.6 72.3 74.6 73.7 69.2 76.3 69.6 62.3 63.4 62.3 54.7 54.9 58.3 66.4 72.4 72.5 75.8 79.1 85 84.9 83.9 76.4 68.9 72 66.1 58.3 61.3 57.1 49.9 48 39.8 38.5 40.4 38.8 36.1 34.2 32.3 31.6 31.7 26.4 23.3 17.7 24.3 23.6 30 35.9 35.6 37.8 36.8 27 15.9
-1.5 -1.5 -1.5 -1.5 -1.5 -1.5 -1.5 -1.5 -1.5 -1.5 -1.5 -1.5 1.1 21.9 24.1 20.3 37.2 54.1 58.5 57.4 54.1 39.8 30.4 28.7 27.6 24.9 22.2 21.5 24.4 24.7 29.6 32.3 45.9 57.3 64.5 74.4 80.3 80.7 74.8 77.1 71.5 69.7 68.4 65.8 57.3 60.6 63 69.4 78.3 75 78.4 80.1 90.5 83.3 81.4 72.1 73.4 66.8 66.8 58.3 56.4 54.1 49.2 45.1 44.2 42.9 40.8 40.9 40.3 36.9 35.5 33.8 32.9 28.8 23.7 17.3 24.6 24.9 24.4 34 36.8 42 39.9 38.8 22.6
-1.5 -1.5 -1.5 -1.5 -1.5 -1.5 -1.5 -1.5 -1.5 -1.5 -1.5 -1.5 -1.5 2.3 25.8 36.7 61.8 62 65.6 66 53.1 46.2 30.8 29.4 27 24.3 23.6 23.9 24.7 32.2 30.3 33.2 53.7 67.7 74.7 78.3 83.6 84.4 76 74 74.9 78.4 72.2 65 60.8 61 66.4 74.2 80.5 78.7 81.1 83.6 85.4 86.6 77.4 73.3 69.7 64 61.9 56.7 56.9 53 52.1 51.9 47.5 53.9 47.8 43.9 40.5 38.3 37.5 36 34.8 32.8 26.8 17.7 26.1 31.3 24.6 30 35.5 41.3 50.5 46.1 35.5
-1.5 -1.5 -1.5 -1.5 -1.5 -1.5 -1.5 -1.5 -1.5 -1.5 -1.5 -1.5 -1.5 19.2 30.7 54.9 62 67.9 64.4 65.4 53.9 44.8 30.4 28.7 28 26.2 25.5 25.7 26.3 28.2 32.4 39.4 58.9 72.1 84.1 89.1 91.1 90.4 79.9 77.9 72.3 74.2 68.7 67.1 66.5 68.7 70.3 77.9 79.1 82.5 84.9 86.2 82.4 79.4 76.4 73.1 66.2 65.9 64.8 56.5 54.8 53.9 58 58 51.5 53.5 53.5 47.2 42.2 38.5 39.5 40.4 41.5 37 31.4 19.5 26.7 31.2 26.4 36 39.8 46.2 50.8 50.8 43.6
-1.5 -1.5 -1.5 -1.5 -1.5 -1.5 -1.5 -1.5 -1.5 -1.5 -1.5 -1.5 -1.5 23.3 38.1 60 67.5 67.5 61.8 59.8 50.5 35.9 31.6 29.1 28.8 26 25.6 27.2 30.6 34.7 40.9 53 65 79.7 87.5 92.8 95.5 98.5 89.5 81.1 74.6 71.2 72.7 70.5 72.2 71.6 74.6 76 82.9 85.4 83.5 79.6 78.5 76.7 75.4 74.1 70.6 67.8 62.8 56.3 57.1 61.6 60.5 64.5 56 51.7 52.7 51.4 46 42.1 40.7 39.2 36.9 38.8 33.7 21.8 25.4 28.4 33.8 41.5 42.7 44.1 49.4 48.8 46.2
-1.5 -1.5 -1.5 -1.5 -1.5 -1.5 -1.5 -1.5 -1.5 -1.5 -1.5 -1.5 10.5 2.8 29.9 60.2 67.7 65.8 62.6 58.4 53.1 36.5 31.1 29.5 30.1 28.5 27 26.9 34.2 44.4 64.7 62.9 69.5 81.9 97.1 99.5 103.7 104.5 96.1 83.3 79.4 75.2 72.6 72.7 75.2 74.3 74.1 74.3 76.7 84.6 81.5 78.3 77.4 73.5 72.3 67.3 72.1 67 59.8 63.8 58.9 62.4 63.8 61.4 57.8 57.1 56.3 52.7 52 57.9 47.8 45.7 37.5 34.7 33.6 22.2 22.7 29.6 34.8 39.9 49.4 49.2 47.2 47.9 48.1
-1.5 -1.5 -1.5 -1.5 -1.5 -1.5 -1.5 -1.5 -1.5 -1.5 -1.5 5.9 25.1 25.1 28.4 53.7 67.2 60.5 52.5 54.4 55.5 40.1 31.4 31 31.6 28.9 27.8 27.4 32.6 45.9 69 68.2 77.8 89.6 100.1 111.5 108.8 107.6 95.3 86.3 83.6 80.5 72.6 73.2 73.9 77.6 79.1 74.4 77.5 75.8 75.4 76.7 73.2 68.4 69.5 64.2 65.4 62.1 62.8 63.2 64.6 65.9 69.5 65.3 60.6 60.7 60.4 57.9 56.2 56.4 60.7 58.7 44.3 36.2 29.7 23.3 23.5 30.8 34.9 44.8 49.3 59.5 52.1 44.7 44.5
-1.5 -1.5 -1.5 -1.5 -1.5 -1.5 -1.5 -1.5 -1.5 -1.5 -1.5 -1.5 24.3 25.3 34.8 60.4 55.3 48.1 47.3 58.7 53 43.3 33.8 30.7 29.7 29 30.4 29.3 34.8 51.3 67.6 78.2 89 105.2 107 108.5 111.7 107.4 97.8 88.2 89.1 79 74.5 75.4 78.6 80.7 81.4 81.4 77.7 73 73.1 70.9 68.3 67.2 62.4 60.9 61 61.2 61.8 63.2 68.6 67.6 69.5 66.9 64.1 65.7 69.5 68.6 68.7 72.5 73.4 66.2 59.6 56.1 31.4 24.5 22.9 29.5 35.9 41.3 43.9 52.3 54 43.5 40.4
-1.5 -1.5 -1.5 -1.5 -1.5 -1.5 -1.5 -1.5 -1.5 -1.5 -1.5 -1.5 2.6 28.1 39.3 62.4 38.4 33.8 31.3 43.6 45.9 40.8 37.6 29.4 29 29.1 28.4 30.3 40.9 58 70.9 87.3 97.7 105.8 116.8 114.2 116.4 111.2 95.2 91.2 87.9 83.4 76.5 78.6 81.9 84.4 86.7 83 77 74.2 72.6 71.3 69.3 64.9 62.3 62.5 65.8 64.3 69.4 69.4 71.2 72.2 73.3 76.4 70.4 68.7 78.3 82.8 82.1 86.1 79.3 73.6 62.7 58 37.8 24.3 23.3 28 31.5 36.4 41.3 41.1 46.2 43.7 39.8
-1.5 -1.5 -1.5 -1.5 -1.5 -1.5 -1.5 -1.5 -1.5 -1.5 -1.5 -1.5 1.7 28.7 29.9 29.9 29.1 26.4 27.1 30.7 36.4 38.5 38.3 29.3 31.7 29.6 29.8 41.6 50.7 63.5 74.1 88.3 96.4 107.4 113.5 116.9 119.5 114.6 95.6 90.4 89.2 88.7 88.7 80.8 84.2 88.7 90 86.4 85.6 78.3 75.4 72.6 72.7 63.9 62.8 66.6 71.2 70.6 72.9 78.1 84.2 86.1 86.2 80.1 77.5 75.9 80.4 88.8 92 92.2 89 77.8 68.9 59.9 41.5 29.7 23.2 27.2 29.1 35.7 40.3 37.7 42.9 45 41.7
-1.5 -1.5 -1.5 -1.5 -1.5 -1.5 -1.5 -1.5 -1.5 -1.5 -1.5 -1.5 -1.5 26.1 31.3 27 25.8 22.8 23.2 25.7 28.3 37.1 33.9 29.9 29.4 31.3 32.8 42 59.3 74.3 86.5 95.8 101.7 110.9 119.6 126 125.9 120.8 100.1 92.4 90.5 90.5 89.8 89.1 88.5 86.6 90.6 92.9 89.2 81.2 73.6 69.9 66.3 65.5 66 72.4 71.8 74.5 79.6 85.6 95 96.8 95.2 89.7 84.3 83.4 92.6 90.6 94.1 94 89 87.2 74.7 66 50.2 36.4 24.2 29.2 27.5 33 39.4 36.2 39.2 41.5 41.9
-1.5 -1.5 -1.5 -1.5 -1.5 -1.5 -1.5 -1.5 -1.5 -1.5 -1.5 -1.5 1.4 26.8 25.9 24.2 21.1 21.7 20.5 23.9 26.6 29.3 30.2 30.1 30.2 31.1 33.3 46.7 66.5 78.1 90.9 103 113.9 117.2 128 134.9 135.9 124.1 105.9 94 90.5 93.4 94.9 96 96.3 93.1 93.6 93.4 88.5 82.3 76.6 67.2 67.8 69.3 73.7 74.1 77.4 81.9 90.4 92.8 99.4 101.3 102.5 100.3 92.2 91.7 97.3 98.8 104.1 99.2 91.1 84 78.4 74.1 61 44.2 26.4 27.7 26.5 29.2 36.8 34.5 36.4 37.9 37.6
-1.5 -1.5 -1.5 -1.5 -1.5 -1.5 -1.5 -1.5 -1.5 -1.5 -1.5 -1.5 -1.5 1.7 27.1 11.3 20.7 13.9 16.5 26.4 28.2 31.3 32.2 30.1 29.7 30.5 35.4 60 76.6 83.1 86.4 100.3 115.2 122.7 132.8 138.1 136.9 123.8 109 93.2 91.2 91 92.7 99.6 100.1 95.2 92.4 89.2 81.5 79 75.4 69.7 68.2 68.7 73 76.1 82.2 89.3 96.3 100 102.6 109.8 115.4 110.7 103.5 99.5 100.1 102 106.3 105.1 98.2 90.2 82.4 77.5 64.9 44.3 31 35.5 26.1 25.9 27.4 31.8 37.2 37.3 37.2
-1.5 -1.5 -1.5 -1.5 -1.5 -1.5 -1.5 -1.5 -1.5 -1.5 -1.5 -1.5 -1.5 -1.5 2.1 2.2 4.7 9.6 22 28.5 29.9 35.4 31.7 29.9 30.1 30.3 38.9 74.4 86.2 92.5 98.5 101.4 114 122 129.4 131.1 126.7 126.4 115.8 98.1 93.2 91.6 92.6 96.9 98.3 93.7 94 90 81.8 77.5 71.2 74.2 72.8 70.5 71.4 77.1 82.6 91 98.6 99.7 108.2 112.6 115.6 113.2 112.3 110.3 106.4 106.6 108.7 104.1 100.8 89.7 84.6 78.2 66.2 48.4 32.8 32.6 26.9 28.6 26.6 30.3 33.6 38.8 42.3
-1.5 -1.5 -1.5 -1.5 -1.5 -1.5 -1.5 -1.5 -1.5 -1.5 -1.5 -1.5 -1.5 -1.5 -1.5 0.9 2.2 13.3 21.4 29.1 28.8 34.6 32.9 30.1 30.7 33.8 45.2 77.5 94.4 95.7 101.7 109.9 113.6 118.3 121.6 127 131.4 133 123 104.2 98.3 92.6 93.4 94.2 94.1 92.7 91.6 90.4 82.7 73.3 77.5 78.1 76.7 76.4 76.9 79.4 80.7 87.2 94.4 100.3 109.1 113.5 116.2 112.8 115.5 115.5 106 108.4 111 106 98 88.8 85.9 83.3 65.8 51.4 32.7 31.4 27.6 28 26.9 27.5 29 39.6 43.1
-1.5 -1.5 -1.5 -1.5 -1.5 -1.5 -1.5 -1.5 -1.5 -1.5 -1.5 -1.5 -1.5 -1.5 -1.5 -1.5 2.3 13.6 22.4 30 29.2 32.3 32.7 31.2 31.1 34 49.3 81 95.5 102.7 105.1 111.1 112 115.4 112.8 121.6 133.9 141.1 127.1 109.4 106.1 99.8 99.9 102.5 98 95.1 93.2 91.5 85.9 78.9 79.9 82.9 82 80.5 84.3 87.9 87.7 88.1 94.8 99.3 106.5 110.7 112.2 113.8 112.2 113 106.3 110.5 111.1 108.6 94.8 85.2 82.4 76.2 65.3 47.7 33.5 30.8 30.2 28.4 27 29.4 28.4 32.9 38.4
-1.5 -1.5 -1.5 -1.5 -1.5 -1.5 -1.5 -1.5 -1.5 -1.5 -1.5 -1.5 -1.5 -1.5 -1.5 -1.5 9.5 21.6 24.5 30.4 24.1 26.1 31.3 32.4 31.7 36.2 50.9 78.6 89.5 97.5 98.5 100.3 102.9 107.1 110.6 125.2 135 142.2 129.1 114.5 118.7 108 108.7 108.1 112.4 105.7 94.4 89.7 84.6 85 86.6 90.9 90.6 89.1 91.3 98.5 100.6 97.4 94.6 104 107.6 108.8 113.8 113.6 112.9 108.7 106.3 108.5 109.2 107.8 98.4 84.5 85.4 75.4 64 46.2 33.1 33.8 35.7 31.1 28 28.2 30.4 29.3 34.9
-1.5 -1.5 -1.5 -1.5 -1.5 -1.5 -1.5 -1.5 -1.5 -1.5 -1.5 -1.5 -1.5 -1.5 -1.5 -1.5 28.3 26.2 26.9 30.3 19 26.9 31.7 32.7 33 35.6 53.3 71.2 78.6 85.5 89.1 93.9 98.5 103.3 116.8 142.6 152.6 138.8 135.2 124.3 117.7 116.4 116 119.3 115.1 109.2 95.8 88.4 86.1 97.2 105.5 111 105.6 100.6 94.9 100.2 108.8 111.8 110.2 103.2 110 109.9 109 111.2 111 108 107.5 108 106.2 105.4 100.8 86.8 78.2 74.1 63.3 47.1 38.9 37.7 35.7 31.8 30.1 32.2 31.7 31.4 30.2
-1.5 -1.5 -1.5 -1.5 -1.5 -1.5 -1.5 -1.5 -1.5 -1.5 -1.5 -1.5 -1.5 -1.5 -1.5 -1.5 18.5 17.6 13.5 14.1 19.8 31.3 32.7 32.2 33 40.9 50.2 65.5 72.4 76.9 85.2 91.8 99.5 109.8 129.5 154.1 155.3 141 142.7 136.3 123.4 122 125.5 124.3 114.9 106.6 92.8 86.5 95.8 102.8 117.2 124.4 121.6 110.2 106.1 99.1 111.7 123.1 122.7 120.5 112.4 108.9 112.2 110.7 109 107.9 108.6 109.7 106.7 98.4 102.6 87.5 84.1 74.6 62.4 47.5 44.6 36.7 37.6 43.4 43.1 40 39.5 34.5 32.4
