Game/Highland_Data/StreamingAssets/GeoData/Data/nm/NM57.asc
ncols 200
nrows 200
xllcorner 150000
yllcorner 770000
cellsize 50
[rows 152 to 189 of 200, columns 84 to 167 of 200]
-1.7 -1.7 -1.7 -1.7 -1.7 -1.7 -1.7 -1.7 -1.7 -1.7 -1.7 -1.7 -1.7 -1.7 -1.7 -1.7 -1.7 -1.7 -1.7 -1.7 -1.7 -1.7 -1.7 -1.7 -1.7 -1.7 -1.7 -1.7 -1.7 -1.7 -1.7 -1.7 -1.7 -1.7 -1.7 -1.7 -1.7 -1.7 -1.7 -1.7 -1.7 -1.7 -1.7 -1.7 -1.7 -1.7 -1.7 -1.7 -1.7 -1.7 -1.7 -1.7 -1.7 -1.7 -1.7 -1.7 -1.7 -1.7 -1.7 -1.7 -1.7 -1.7 -1.7 -1.7 -1.7 -1.7 -1.7 -1.7 -1.7 -1.7 -1.7 -1.7 18.9 29.7 31.3 27.2 24 32.2 37.4 36.5 48.1 50.7 50 36.3
-1.7 -1.7 -1.7 -1.7 -1.7 -1.7 -1.7 -1.7 -1.7 -1.7 -1.7 -1.7 -1.7 -1.7 -1.7 -1.7 -1.7 -1.7 -1.7 -1.7 -1.7 -1.7 -1.7 -1.7 -1.7 -1.7 -1.7 -1.7 -1.7 -1.7 -1.7 -1.7 -1.7 -1.7 -1.7 -1.7 -1.7 -1.7 -1.7 -1.7 -1.7 -1.7 -1.7 -1.7 -1.7 -1.7 -1.7 -1.7 -1.7 -1.7 -1.7 -1.7 -1.7 -1.7 -1.7 -1.7 -1.7 -1.7 -1.7 -1.7 -1.7 -1.7 -1.7 -1.7 -1.7 -1.7 -1.7 -1.7 -1.7 4.1 -1.7 -1.7 5 27.7 28.9 23.9 23.9 22.1 27.7 42.9 43.2 56 52.5 47.5
-1.7 -1.7 -1.7 -1.7 -1.7 -1.7 -1.7 -1.7 -1.7 -1.7 -1.7 -1.7 -1.7 -1.7 -1.7 -1.7 -1.7 -1.7 -1.7 -1.7 -1.7 -1.7 -1.7 -1.7 -1.7 -1.7 -1.7 -1.7 -1.7 -1.7 -1.7 -1.7 -1.7 -1.7 -1.7 -1.7 -1.7 -1.7 -1.7 -1.7 -1.7 -1.7 -1.7 -1.7 -1.7 -1.7 -1.7 -1.7 -1.7 -1.7 -1.7 -1.7 -1.7 -1.7 -1.7 -1.7 -1.7 -1.7 -1.7 -1.7 -1.7 -1.7 -1.7 -1.7 -1.7 -1.7 -1.7 -1.7 -1.7 4.1 7.6 2.3 1.9 5.5 22.2 17.3 20.8 28.9 23.9 32.4 39.3 37 43.8 46.4
-1.7 -1.7 -1.7 -1.7 -1.7 -1.7 -1.7 -1.7 -1.7 -1.7 -1.7 -1.7 -1.7 -1.7 -1.7 -1.7 -1.7 -1.7 -1.7 -1.7 -1.7 -1.7 -1.7 -1.7 -1.7 -1.7 -1.7 -1.7 -1.7 -1.7 -1.7 -1.7 -1.7 -1.7 -1.7 -1.7 -1.7 -1.7 -1.7 -1.7 -1.7 -1.7 -1.7 -1.7 -1.7 -1.7 -1.7 -1.7 -1.7 -1.7 -1.7 -1.7 -1.7 -1.7 -1.7 -1.7 -1.7 -1.7 -1.7 -1.7 -1.7 -1.7 -1.7 -1.7 -1.7 -1.7 -1.7 -1.7 17.3 5.8 15.6 12.6 16.4 3.8 8.6 26.7 26.1 30.6 36.2 38 33.9 31.4 36.4 44.6
-1.7 -1.7 -1.7 -1.7 -1.7 -1.7 -1.7 -1.7 -1.7 -1.7 -1.7 -1.7 -1.7 -1.7 -1.7 -1.7 -1.7 -1.7 -1.7 -1.7 -1.7 -1.7 -1.7 -1.7 -1.7 -1.7 -1.7 -1.7 -1.7 -1.7 -1.7 -1.7 -1.7 -1.7 -1.7 -1.7 -1.7 -1.7 -1.7 -1.7 -1.7 -1.7 -1.7 -1.7 -1.7 -1.7 -1.7 -1.7 -1.7 -1.7 -1.7 -1.7 -1.7 -1.7 -1.7 -1.7 -1.7 -1.7 -1.7 -1.7 -1.7 -1.7 -1.7 -1.7 -1.7 -1.7 -1.7 -1.7 14.5 16 14.6 17.1 21.5 14 17.1 17.9 37.6 41.7 39.5 50.8 56 41.6 35.2 34.7
-1.7 -1.7 -1.7 -1.7 -1.7 -1.7 -1.7 -1.7 -1.7 -1.7 -1.7 -1.7 -1.7 -1.7 -1.7 -1.7 -1.7 -1.7 -1.7 -1.7 -1.7 -1.7 -1.7 -1.7 -1.7 -1.7 -1.7 -1.7 -1.7 -1.7 -1.7 -1.7 -1.7 -1.7 -1.7 -1.7 -1.7 -1.7 -1.7 -1.7 -1.7 -1.7 -1.7 -1.7 -1.7 -1.7 -1.7 -1.7 -1.7 -1.7 -1.7 -1.7 -1.7 -1.7 -1.7 -1.7 -1.7 -1.7 -1.7 -1.7 -1.7 -1.7 -1.7 -1.7 -1.7 -1.7 -1.7 -1.7 12.7 28.3 24.8 34.9 35.1 36.6 19.6 32.7 37.9 40.9 39.6 55.9 69.4 61.1 46.2 46.6
-1.7 -1.7 -1.7 -1.7 -1.7 -1.7 -1.7 -1.7 -1.7 -1.7 -1.7 -1.7 -1.7 -1.7 -1.7 -1.7 -1.7 -1.7 -1.7 -1.7 -1.7 -1.7 -1.7 -1.7 -1.7 -1.7 -1.7 -1.7 -1.7 -1.7 -1.7 -1.7 -1.7 -1.7 -1.7 -1.7 -1.7 -1.7 -1.7 -1.7 -1.7 -1.7 -1.7 -1.7 -1.7 -1.7 -1.7 -1.7 -1.7 -1.7 -1.7 -1.7 -1.7 -1.7 -1.7 -1.7 -1.7 -1.7 -1.7 -1.7 -1.7 -1.7 -1.7 -1.7 -1.7 -1.7 -1.7 -1.7 4.5 27.1 51.2 44.2 51.8 49.4 43.2 44.9 33.3 41.2 42.4 52.3 53.8 70.4 61.3 53.2
-1.7 -1.7 -1.7 -1.7 -1.7 -1.7 -1.7 -1.7 -1.7 -1.7 -1.7 -1.7 -1.7 -1.7 -1.7 -1.7 -1.7 -1.7 -1.7 -1.7 -1.7 -1.7 -1.7 -1.7 -1.7 -1.7 -1.7 -1.7 -1.7 -1.7 -1.7 -1.7 -1.7 -1.7 -1.7 -1.7 -1.7 -1.7 -1.7 -1.7 -1.7 -1.7 -1.7 -1.7 -1.7 -1.7 -1.7 -1.7 -1.7 -1.7 -1.7 -1.7 -1.7 -1.7 -1.7 -1.7 -1.7 -1.7 -1.7 -1.7 -1.7 -1.7 -1.7 -1.7 -1.7 -1.7 -1.7 -1.7 7.4 39.7 46.7 51.8 57.3 66.5 62.7 64.7 47.4 30 43.7 42.4 53.5 60.1 64.9 49.1
-1.7 -1.7 -1.7 -1.7 -1.7 -1.7 -1.7 -1.7 -1.7 -1.7 -1.7 -1.7 -1.7 -1.7 -1.7 -1.7 -1.7 -1.7 -1.7 -1.7 -1.7 -1.7 -1.7 -1.7 -1.7 -1.7 -1.7 -1.7 -1.7 -1.7 -1.7 -1.7 -1.7 -1.7 -1.7 -1.7 -1.7 -1.7 -1.7 -1.7 -1.7 -1.7 -1.7 -1.7 -1.7 -1.7 -1.7 -1.7 -1.7 -1.7 -1.7 -1.7 -1.7 -1.7 -1.7 -1.7 -1.7 -1.7 -1.7 -1.7 -1.7 -1.7 -1.7 -1.7 -1.7 -1.7 -1.7 -1.7 -1.7 24.2 47.4 55.8 58.1 63.3 73.6 65.3 70.1 52.5 33.7 39.3 49.2 46.4 55.3 52.4
-1.7 -1.7 -1.7 -1.7 -1.7 -1.7 -1.7 -1.7 -1.7 -1.7 -1.7 -1.7 -1.7 -1.7 -1.7 -1.7 -1.7 -1.7 -1.7 -1.7 -1.7 -1.7 -1.7 -1.7 -1.7 -1.7 -1.7 -1.7 -1.7 -1.7 -1.7 -1.7 -1.7 -1.7 -1.7 -1.7 -1.7 -1.7 -1.7 -1.7 -1.7 -1.7 -1.7 -1.7 -1.7 -1.7 -1.7 -1.7 -1.7 -1.7 -1.7 -1.7 -1.7 -1.7 -1.7 -1.7 -1.7 -1.7 -1.7 -1.7 -1.7 -1.7 -1.7 -1.7 -1.7 -1.7 -1.7 -1.7 -1.7 17.3 30.4 50 60.9 64.4 76 75.3 62.1 49.5 45 45.9 45.2 42.6 44.5 47.5
-1.7 -1.7 -1.7 -1.7 -1.7 -1.7 -1.7 -1.7 -1.7 -1.7 -1.7 -1.7 -1.7 -1.7 -1.7 -1.7 -1.7 -1.7 -1.7 -1.7 -1.7 -1.7 -1.7 -1.7 -1.7 -1.7 -1.7 -1.7 -1.7 -1.7 -1.7 -1.7 -1.7 -1.7 -1.7 -1.7 -1.7 -1.7 -1.7 -1.7 -1.7 -1.7 -1.7 -1.7 -1.7 -1.7 -1.7 -1.7 -1.7 -1.7 -1.7 -1.7 -1.7 -1.7 -1.7 -1.7 -1.7 -1.7 -1.7 -1.7 -1.7 -1.7 -1.7 -1.7 -1.7 -1.7 -1.7 -1.7 -1.7 9.4 22.7 42.8 61.1 65.4 84 87.7 67 60.8 55.6 43.2 38.5 42.6 43.3 42.1
-1.7 -1.7 -1.7 -1.7 -1.7 -1.7 -1.7 -1.7 -1.7 -1.7 -1.7 -1.7 -1.7 -1.7 -1.7 -1.7 -1.7 -1.7 -1.7 -1.7 -1.7 -1.7 -1.7 -1.7 -1.7 -1.7 -1.7 -1.7 -1.7 -1.7 -1.7 -1.7 -1.7 -1.7 -1.7 -1.7 -1.7 -1.7 -1.7 -1.7 -1.7 -1.7 -1.7 -1.7 -1.7 -1.7 -1.7 -1.7 -1.7 -1.7 -1.7 -1.7 -1.7 -1.7 -1.7 -1.7 -1.7 -1.7 -1.7 -1.7 -1.7 -1.7 -1.7 -1.7 -1.7 -1.7 -1.7 -1.7 -1.7 22.8 28.4 35.9 65.8 84.4 82.1 89.5 69.1 64.5 62.8 60.7 49.7 39.6 45.4 49.3
-1.7 -1.7 -1.7 -1.7 -1.7 -1.7 -1.7 -1.7 -1.7 -1.7 -1.7 -1.7 -1.7 -1.7 -1.7 -1.7 -1.7 -1.7 -1.7 -1.7 -1.7 -1.7 -1.7 -1.7 -1.7 -1.7 -1.7 -1.7 -1.7 -1.7 -1.7 -1.7 -1.7 -1.7 -1.7 -1.7 -1.7 -1.7 -1.7 -1.7 -1.7 -1.7 -1.7 -1.7 -1.7 -1.7 -1.7 -1.7 -1.7 -1.7 -1.7 -1.7 -1.7 -1.7 -1.7 -1.7 -1.7 -1.7 -1.7 3 -1.7 -1.7 -1.7 -1.7 -1.7 -1.7 -1.7 4 5.6 16.6 34.7 34 61.6 77.5 83.7 84.6 78.3 67.5 67 65.5 58.4 47.1 52.8 60.1
-1.7 -1.7 -1.7 -1.7 -1.7 -1.7 -1.7 -1.7 -1.7 -1.7 -1.7 -1.7 -0.5 -0.7 -1.7 -1.7 -1.7 -1.7 -1.7 -1.7 -1.7 -1.7 -1.7 -1.7 -1.7 -1.7 -1.7 -1.7 -1.7 -1.7 -1.7 -1.7 -1.7 -1.7 -1.7 -1.7 -1.7 -1.7 -1.7 -1.7 -1.7 -1.7 -1.7 -1.7 -1.7 -1.7 -1.7 -1.7 -1.7 -1.7 -1.7 -1.7 -1.7 -1.7 -1.7 -1.7 -1.7 22.1 22.9 12.5 12.2 4.7 12.5 -1.7 -1.7 -1.7 -1.7 22.4 25.5 16.9 37 38.7 52.7 74.8 86.5 83.6 86.9 65 66.4 75.5 66.9 65.8 62.1 69.6
-1.7 -1.7 -1.7 -1.7 -1.7 -1.7 -1.7 -1.7 -1.7 -1.7 -1.7 -1.7 2.4 4.1 -1.7 -1.7 -1.7 -1.7 -1.7 -1.7 -1.7 -1.7 -1.7 -1.7 -1.7 -1.7 -1.7 -1.7 -1.7 -1.7 -1.7 -1.7 -1.7 -1.7 -1.7 -1.7 -1.7 -1.7 -1.7 -1.7 -1.7 -1.7 -1.7 -1.7 -1.7 -1.7 -1.7 -1.7 -1.7 -1.7 -1.7 -1.7 -1.7 -1.7 -1.7 -1.7 -1.7 8.3 20.7 23.3 31.5 41.6 34.6 -1.7 -1.7 -1.7 16.5 29.5 30.9 19.5 23.3 41.9 55.7 65.7 70.1 84.7 84 82.1 64.9 73.7 84 83.4 73.6 79.9
-1.7 -1.7 -1.7 -1.7 -1.7 -1.7 -1.7 -1.7 -1.7 -1.7 -1.7 -1.7 2 19.2 17 -1.7 -1.7 -1.7 -1.7 -1.7 -1.7 -1.7 -1.7 -1.7 -1.7 -1.7 -1.7 -1.7 -1.7 -1.7 -1.7 -1.7 -1.7 -1.7 -1.7 -1.7 -1.7 -1.7 -1.7 -1.7 -1.7 -1.7 -1.7 -1.7 -1.7 -1.7 -1.7 -1.7 -1.7 -1.7 -1.7 -1.7 -1.7 -1.7 -1.7 -1.7 -1.7 -1.7 17.3 18.8 32 46.6 47.1 -1.7 -1.7 -1.7 7 33.8 31.3 24 25.4 45.3 65.8 69.1 64 82.3 83.4 88.1 70.3 79.1 90.6 96.4 79.3 98
-1.7 -1.7 -1.7 -1.7 -1.7 -1.7 -1.7 -1.7 -1.7 -1.7 -1.7 -1.7 -1.7 17 31.5 20 -1.7 -1.7 -1.7 -1.7 -1.7 -1.7 -1.7 -1.7 -1.7 -1.7 -1.7 -1.7 -1.7 -1.7 -1.7 -1.7 -1.7 -1.7 -1.7 -1.7 -1.7 -1.7 -1.7 -1.7 -1.7 -1.7 -1.7 -1.7 -1.7 -1.7 -1.7 -1.7 -1.7 -1.7 -1.7 -1.7 -1.7 -1.7 -1.7 -1.7 -1.7 -1.7 11.4 11.4 22.7 37.3 41.6 36.7 2.4 4.8 9.9 30.9 37.1 26.3 36.2 37.6 62.7 69.9 64.6 72.3 92.7 80.1 81.3 74.9 97.3 104.1 96 100
-1.7 -1.7 -1.7 -1.7 -1.7 -1.7 -1.7 -1.7 -1.7 -1.7 -1.7 -1.7 -1.7 17.1 25.3 37.6 14.2 -1.7 -1.7 -1.7 -1.7 -1.7 -1.7 -1.7 -1.7 -1.7 -1.7 -1.7 -1.7 -1.7 -1.7 -1.7 -1.7 -1.7 -1.7 -1.7 -1.7 -1.7 -1.7 -1.7 -1.7 -1.7 -1.7 -1.7 -1.7 -1.7 -1.7 -1.7 -1.7 -1.7 -1.7 -1.7 -1.7 -1.7 -1.7 -1.7 -1.7 -1.7 6.4 15 18.6 35.1 38.4 28.5 3.1 3.4 11.9 28.7 33.1 31.1 34.5 40.9 46.6 52.9 64.6 77.8 82.2 86.2 76.3 75.7 93.6 102.8 108.7 106.6
-1.7 -1.7 -1.7 -1.7 -1.7 -1.7 -1.7 -1.7 -1.7 -1.7 -1.7 -1.7 -1.7 4.4 29.4 36.1 38.3 14.5 -1.7 -1.7 -1.7 -1.7 -1.7 -1.7 -1.7 -1.7 -1.7 -1.7 -1.7 -1.7 2.9 -1.7 -1.7 -1.7 -1.7 -1.7 -1.7 -1.7 -1.7 -1.7 -1.7 -1.7 -1.7 -1.7 -1.7 -1.7 -1.7 -1.7 -1.7 -1.7 -1.7 -1.7 -1.7 -1.7 -1.7 -1.7 -1.7 -1.7 7.3 25.2 26.2 40.9 44.1 39.2 14.4 5.3 12.6 27.2 33.2 44.1 36.9 47.7 45.2 48.5 66.6 73.6 88.7 83 82.6 80.8 85.3 101.3 108.2 121.1
-1.7 -1.7 -1.7 -1.7 -1.7 -1.7 -1.7 -1.7 -1.7 -1.7 -1.7 -1.7 -1.7 1.6 18.8 37.4 40.7 40.3 4.6 1 -0.2 -1.7 -1.7 -1.7 -1.7 -1.7 -1.6 -1.7 -1.7 -1.7 -1.7 2.4 16.1 2.2 -1.7 -1.7 -1.7 -1.7 -1.7 -1.7 -1.7 -1.7 -1.7 -1.7 -1.7 -1.7 -1.7 -1.7 -1.7 -1.7 -1.7 -1.7 -1.7 -1.7 -1.7 -1.7 -1.7 -1.7 2.3 20.1 23.6 37 49.2 48.5 30.5 11.7 15.2 30 44.4 49 59.1 46.3 50.8 55.1 63.3 77.8 79.9 90 96.8 84.9 83.2 98.6 111.2 116.4
-1.7 -1.7 -1.7 -1.7 -1.7 -1.7 -1.7 -1.7 -1.7 -1.7 -1.7 2.4 1.7 2.3 26.7 28.2 38 41.7 27.5 6.7 1.7 0.9 2.4 -1.7 -1.7 -1.7 1.4 -1.7 -1.7 2.8 3 9.4 23.6 2.8 0.8 -1.7 -1.7 1.8 5.8 -1.7 -1.7 -1.7 -1.7 -1.7 -1.7 -1.7 -1.7 -1.7 -1.7 -1.7 -1.7 -1.7 -1.7 -1.7 -1.7 5.1 5.9 2.2 7.1 8 14 30 33.5 53.4 35.9 11.1 20.3 27.1 43.2 55.6 69 74.6 66.9 79 77.7 79.3 91.3 90.6 107.9 94.5 84.5 98.7 121.6 129.5
-1.7 -1.7 -1.7 -1.7 -1.7 -1.7 -1.7 -1.7 -1.7 -1.7 -1.7 2.4 2.4 2.5 19.5 24.5 34.8 43.8 50.2 47.1 32.7 21.8 23.4 2.2 1.7 5.6 4.6 1.2 0.4 6.8 14 19.5 26.1 21.6 2.9 0.6 -1.7 6.8 6.5 -1.7 -1.7 -1.7 -1.7 -1.7 -1.7 -1.7 -1.7 -1.7 -1.7 -1.7 -1.7 -1.7 -1.7 -1.7 1.4 10.8 23.3 17.5 19.4 19.2 17.9 21 28.3 37.1 37.7 24.7 25 41.3 43.9 54.5 69.3 83.6 92.8 78.5 100.7 98.1 98.4 105.2 102.1 110.1 111.3 93.8 114.5 128.2
-1.7 -1.7 -1.7 -1.7 -1.7 -1.7 -1.7 -1.7 -1.7 -1.7 -1.7 3.3 5.9 0.6 -1.7 23.7 29.1 37.6 52.9 52.6 41.1 34.9 31.5 23.5 20.2 27.2 8.6 2.4 2.5 8.3 19.2 23.8 33.2 19.7 7.9 7.2 16.3 31.5 26.1 -1.7 -1.7 -1.7 -1.7 -1.7 -1.7 -1.7 -1.7 -1.7 -1.7 -1.7 -1.7 -1.7 -1.7 1.5 7.8 34.5 31.2 33.4 25 30.6 29.4 28 29.7 29.2 34.2 23.6 25.4 35.6 51.4 62.4 69.1 89.5 93.5 98.9 85.7 96.1 115.4 113.1 117.9 106.1 102.9 90.9 104.4 120.1
-1.7 -1.7 -1.7 -1.7 -1.7 -1.7 -1.7 -1.7 -1.7 -1.7 -1.7 3.4 8.2 6.5 -1.7 7.4 22.6 31.7 54.6 61.1 53.7 38.9 36.6 32.6 24.1 31.4 20.7 8.5 15 18.2 21.2 25.1 31.4 23.3 14.9 13.8 24.1 35.6 29.8 8.1 18.7 25.3 1.9 -1.7 -1.7 -1.7 1.8 5.5 2.5 2.2 1.7 -1.7 9.6 9.1 16.5 33.6 43.7 40.2 37.8 34 36.3 50.5 45.5 36.5 30.6 26.7 16.1 32.3 46.6 61.6 75.3 83.6 103.8 100.6 93.5 95.2 109.2 121.8 113.1 111.4 113.2 99.7 94.4 105.5
-1.7 -1.7 -1.7 -1.7 -1.7 -1.7 -1.7 -1.7 -1.7 -1.7 -1.7 5 9.9 13.5 -1.7 -1.7 12.9 28 47.7 60.3 56.3 52.7 42.3 39.3 32.5 34 23.5 20.8 24.7 28.2 29 39.1 37.9 29.1 22.4 23.6 32.9 40.4 31.6 25.9 22.7 28.6 35.2 11.9 11.5 3.6 4 12.2 11.2 13.2 5.7 20.4 30.9 41.5 40.3 46.7 51 58.2 55.8 41 43.9 49.7 51.3 46.9 41.5 36.6 19.2 22.8 36.7 52.6 80 85.3 88.4 106.5 104.5 106.6 109.4 122 133 130.9 115.5 104.4 100.2 98.7
-1.7 -1.7 -1.7 -1.7 -1.7 -1.7 -1.7 -1.7 -1.7 -1.7 2.2 9.4 11.6 14.3 17.5 -1.7 -1.7 22.9 38.2 50.9 50.8 50.4 43.3 34.3 40 37.4 26.4 29.2 27.5 32.7 31.5 36.9 46.4 48.8 31.3 29.8 38.8 43.1 44.1 31.2 25.1 28.5 43.5 33.3 21.6 20.2 9.7 21.2 16.9 19.6 17.7 36.6 46 47.1 45.7 51.4 59.3 61 67.9 55.1 52.9 54.2 54.9 50.3 47.2 45.8 30.6 23 29.7 46.8 70.6 89 90.6 104.2 119.4 109.3 124.8 132.1 135.3 136.9 141.3 122.5 103.9 102
-1.7 -1.7 -1.7 -1.7 -1.7 -1.7 -1.7 -1.7 -1.7 -1.7 1.7 12.7 13.6 14.2 22.4 5.8 -1.7 -1.7 37.7 46.6 42.5 37.2 37.2 29.5 38.2 44.1 29.3 28.4 33.5 33.7 45.5 37.8 49.7 47.4 47 38.3 53.3 49.4 51.1 41.9 35.3 32 43.6 45.7 28.3 36.3 31.1 29 24.8 20.8 28 43.3 55.8 59.8 52.8 54.9 67.3 71.6 71.5 67.1 64.5 67.6 69.3 58.9 60 51.5 35.1 26.5 35.5 50.9 55.2 73.4 82.7 89.9 102.7 109.9 119 128.5 138.4 144.3 144.6 144.8 113.8 118.4
-1.7 -1.7 -1.7 -1.7 -1.7 -1.7 -1.7 -1.7 -1.7 2 2.4 6.6 15.5 19.7 20 19.8 5.7 -1.7 30.3 46.4 32.2 34.1 32.7 28.2 37.1 40.1 44.7 33.6 32.7 35.3 44.3 44.1 45.3 46.8 61.6 52.7 55.3 59.4 55.1 47.3 41.9 39.3 42.3 52 41.5 41.9 48.8 43.7 37 31.3 37.3 70.9 77.7 79 67 70.5 71.7 85.4 81.6 79.1 83.4 78.4 77.7 69.2 67.8 63.8 40 34.3 39 56.9 71.5 74.4 110.4 121.2 118.9 107.6 121.1 138.7 138.1 155.6 161.8 152.9 137.5 131.8
-1.7 -1.7 -1.7 -1.7 -1.7 -1.7 -1.7 -1.7 -1.7 10.3 5.9 7.7 22.3 20.2 23.3 15.8 12.1 -1.7 24.1 30.1 29.9 32.4 27.6 27.4 31.2 41.6 44.7 50.7 37.2 39.3 38.8 51.5 48.5 48.1 52 66.6 66 62.9 55.4 52.1 45.5 49.8 46.3 54.2 55.5 48.2 55.4 50.3 45.6 42 43 73.9 88.2 89.5 80.1 82.4 89.7 88.5 96.5 94.1 100.9 111.1 94.3 81.2 79 73.8 50.9 38.4 36 54.3 75.3 91.9 114.6 129.5 126 127.9 112.1 137.5 156.6 157.2 170 166.6 144.6 136.1
-1.7 -1.7 -1.7 -0.5 -1.7 -1.7 -1.7 -1.7 -1.7 7.8 15.7 12.6 14.6 25 21.3 12.7 11.5 -1.7 20.4 31.3 29 27 25.8 25.1 25.3 30.5 40.5 46.4 51.9 45.9 39.1 42.4 50.4 61.4 55.5 64.2 73.6 70.7 63.1 52.8 48.2 50.9 53.3 61.4 62.7 69.9 61.1 65.5 61.7 51.9 53.5 87.1 86.8 91.4 92.4 97.7 106.8 106.4 101.5 102.8 103.7 115.6 113.5 101.6 100.8 84.1 64 42.1 44.2 51.5 80.4 100.9 113.5 126.7 131.8 126.1 132.1 124.2 143 170.9 188 177.4 174.6 150.6
1.9 -1.7 -1.7 2 1.8 0.8 2 -1.7 -1.7 5.7 7.7 8.9 20.1 21.9 21 13.7 13.3 -1.7 -1.7 27.8 28.8 29.1 24.1 23.7 23.8 24.8 30 37.9 41.9 50.3 46 46 51.6 65.3 64.2 62.4 75.7 74.1 71.3 59.1 52.8 54.9 58 70.2 70.3 77.9 82.3 74.9 79.8 66.5 64.4 87.7 100.9 98.1 99.4 105.5 113.3 121.9 115.8 110.7 108 116.6 121.2 113.7 113.1 109.5 81.4 56.4 52.1 77.8 92.2 93.9 113.4 124.7 133.4 128.4 141.8 137.4 145.2 161.4 178.1 187.2 180.6 166.5
10.6 3.9 2.4 2.5 2.7 3.6 4.2 -1.7 -1.7 7.3 8.1 9.9 24.8 25.7 30.4 15.2 16.6 23 -1.7 28.1 37.6 30.2 22.7 23.1 23.1 23 25 29.5 37 47.4 59.3 51.8 49 50.7 74.3 74.2 71.9 70.3 69.5 69.4 57.3 58.3 56.9 64.3 77 84.6 90.6 86.6 89.9 80.9 76.6 85.5 103.7 107.8 110.6 117.2 125.6 128.3 128.9 128.8 119.7 115.9 123.6 121.3 124.8 119.5 95.4 66.5 52.6 85.2 111.5 109.5 110.3 122.9 138 133.2 137.2 151.3 145.7 166.9 179.8 185.6 186.6 180.6
30.3 22.5 14.3 13.7 3.7 3.1 4.1 3.1 7 8.6 10.4 13.1 27.4 26.5 28.1 25.1 28.3 31.9 -1.7 -1.7 26.9 25.8 23 22.9 23.4 24.2 24.8 29.4 34.6 50.6 65.5 57.5 50 50 73.3 80.3 88.3 83.9 69.4 70.3 70.2 65.3 62.7 72.4 84.7 88.9 94.8 98.6 96.8 95.8 82 88.5 107.3 111.9 118.6 132.8 135.5 135.9 135.3 134.8 127.9 118.4 125.8 129 125.7 125.4 107.1 80.3 86 92.4 115.3 123.8 124.4 122.7 136.2 144.1 139 145.3 147.1 159.6 178.6 195.8 196.9 191.4
40.4 31.4 22.9 17.1 11.7 6.4 5.4 6.7 7.6 8.4 13 14.1 27.8 29.8 26.6 25.8 36 36.6 32 -1.7 -1.7 23.8 22.2 23.6 24.5 25.2 25.9 32.4 40 49.2 61.3 62.1 54.6 51.2 67.1 82.1 80.8 88.7 83.1 77 73.2 73.9 64.5 79.4 86.6 91.4 99.2 108.5 114.1 107.4 97.2 85.8 106.8 117.4 129.6 134.2 146.4 146.7 139.6 137 128.3 120.6 127.1 129.8 126.9 126.3 118.5 96.4 95.4 104.2 127.8 127.4 145.2 150.7 136.2 147.6 152.5 143.8 144.3 157.4 166.5 195.5 208.6 198.2
43.6 39.9 31.9 26.4 14.8 7.8 8 12.3 11.5 6.8 11 14.5 31.5 36.4 30.6 30.3 36 40.5 38.3 31.7 -1.7 2.4 21 22.8 25.2 27 27.1 32.5 41.2 49 59.9 63 62.4 55.9 61.4 82.5 80.6 87.5 84.6 81.8 80.1 75.1 71 83.2 90.5 92.9 103.5 113.2 118.4 121.7 111.3 94.4 102.8 130.4 136 144.3 151.1 149.5 147 140.9 143.4 130.4 128 131.7 132.6 128.4 121 105.9 101.9 103.1 123 140.5 151 159.2 160.8 155.7 151.6 148.3 151.4 145.8 166 199.7 205.6 213.3
52.2 41.2 38.2 29.8 26 14.9 13.6 17.6 13.4 7.8 9 17.1 35.7 45.4 34.1 29 33.6 42.7 42.2 41.8 26.5 25.1 21.4 22.3 25.1 28 28.2 33.9 41.8 44.4 58.1 66.2 59.4 59.6 60.5 77.2 76.4 83.5 87.8 84.9 81.3 77.9 82.9 82.6 92.1 96.3 105 114.5 116.6 122.1 120.8 110.2 111 134.2 142.6 146.4 156.1 158.7 159.9 155 146.8 134.6 132.1 132.9 132 129 125.1 113.3 103.1 101.4 119.4 143.5 159.3 160.9 178 171.8 156 154.3 166.7 158.3 155.1 176.5 201.6 212.5
51.1 48.1 43.5 32.9 29.9 24.8 18.7 19.2 14.7 9.2 11.5 23.9 39 41.8 35.2 31.2 33.6 34.3 43.3 44.5 34.8 28.1 21.6 21.5 24.3 27.9 29.1 31.6 40.9 48.7 50.5 59 55.6 59.7 64.9 68.2 75.7 79.3 90.9 87.8 84.4 82.2 94.6 95.4 100.3 97.3 103.5 112.8 116.5 119 128.3 127.6 114.5 129.2 141 150.4 173 166.7 159.6 156.4 150.5 145.7 133.8 137.9 138.8 138.2 135.9 120.6 106.7 104.5 114.9 147.4 169.3 182.5 178.9 184.3 178.8 164.4 164.6 166.8 169.4 180.8 184.2 198.9
58.9 55.3 54.9 35.2 34.5 34 22.5 20.5 19.6 10 11.8 20.5 37 44.5 41.1 38.7 33.8 33.5 42.4 44.8 37.9 31.3 30.6 23.4 23 25.7 29.9 30.8 40.8 45.6 51.9 56.3 53.9 53.9 64.3 73.4 70.5 83.7 88.7 89.4 87.1 91.4 93.9 97.2 104.9 100 104.8 109 116.1 119.3 131.4 132.8 125.1 138.6 141.3 152.4 168.9 174.8 176 162.8 166.7 158.8 141.9 145.1 151 141.7 139 133.2 115.6 110.5 129.1 150.8 159.1 180.3 187.9 184.3 194.4 192.2 188.2 176.4 183.1 191.3 188.9 208.8
