Game/Highland_Data/StreamingAssets/GeoData/Data/nm/NM63.asc
ncols 200
nrows 200
xllcorner 160000
yllcorner 730000
cellsize 50
[rows 140 to 174 of 200, columns 79 to 157 of 200]
137.6 127.5 126.9 123.6 116.5 113.7 111.6 108.8 106.3 105.4 107.4 109.7 112.9 114.3 115.4 117.6 122.9 133.2 139.5 144.4 154 163 177.5 182.5 190.7 197.7 209.1 219.2 234.3 247.4 256.3 271.2 290 304.5 322.3 339.7 360.6 385 412.5 438.9 465.5 486.2 507.7 528.2 540.9 549.4 567.3 582.2 602 612.5 622.6 628 630.5 632.9 621.8 596 566.3 547.5 517.1 488.1 453.6 436.7 431.4 404.3 379.1 371.2 351 320.9 298.4 283.7 270.7 256.9 242.3 229.5 213.8 213.4 223.2 230.5 235.5
136.6 129.5 124.2 121.9 116.8 113.1 111.2 109.1 106.7 104 105.2 108.1 111.5 112.3 112.5 115.1 119.3 128 137.6 142.6 149.9 159.7 169.2 175.3 183.4 191 199.2 214.5 223.9 237.2 250.1 265.1 277.8 293.1 314.7 331 351.6 377.9 408.7 438.2 456.2 486.9 507.8 522.6 538.9 551.8 563.2 576.5 595.8 608.1 621.1 627.8 632.8 630.4 618.4 592.8 563.8 542.3 512.2 483.8 450.2 433.8 423.4 403.6 377.3 368.3 349.5 319.7 299.1 281.5 267.1 251.9 237.3 225.7 219.6 207.1 209.1 219 223.9
137.4 131 124.7 119.1 111.8 111 110 109 105.9 103.3 104.3 107.6 112.1 110.9 109.8 113.5 117.1 126 133.3 138.2 144.4 151.9 164 168.5 176.9 183.4 194.4 205.8 218.8 230.1 240.2 255.3 268 281.7 306.3 322.8 341.5 369 396.9 425.3 453.2 488.9 503.1 513.6 530.4 545.7 557.4 569.3 584.2 602.8 612.8 623.2 624.2 622.4 604.7 583 558.5 533 500.5 470.2 443.9 430.3 410.8 391.8 373.7 362.4 345.5 316.3 296.4 282.2 265.8 250.6 237.3 224.6 218.9 209.3 195.8 207.8 210.9
138.1 131.5 125.4 120.8 115 110.8 105.5 102.1 102.1 100.8 102 107.3 110.2 111.6 110 111.4 114.7 123.6 129.8 133.2 141.1 146.8 154 166.3 166.1 175.2 184.9 196.4 209.5 216.6 226.7 238.7 253.6 267.5 290.1 312.1 335.4 363.1 386.1 410.4 439.8 466.4 490.7 502.2 516.1 531.7 550.3 560.6 577.1 592.1 605.3 614.1 615.9 605.5 591.4 573.9 550.4 519 485.1 456.7 429.8 418.9 397.9 383.8 370.2 355.1 344.8 319.4 297.2 280.9 264.6 248 235.2 223.2 212.4 205 195.6 185 200.5
137.5 132.5 125.3 120.4 117.1 112.6 109.2 107.3 99.5 94.2 99 105 108.9 111.6 106 107.1 111.8 122.7 124.9 131.2 134.6 142.1 147.9 154.6 158 165.8 174.3 186.9 197 204.2 212 225.4 237.5 251.5 272.5 291.1 313.7 341.5 370.9 395.8 430.4 449.9 466 485.7 496.8 513.8 530.7 541.2 562.4 576.1 591.8 594.1 597.9 593 581.5 564.7 541 503.4 469 440 420.8 413.5 392.3 377.7 365.8 353.1 344.2 330.4 300.7 280.7 262.5 246.9 233.3 219 210.7 200.6 191.7 186.9 187
137.7 130.3 123.3 117.1 115.1 111.3 109.2 107.5 103.2 94.7 92 93.9 100.9 105.1 101.8 101.3 106.7 116.5 116.2 125.5 127.1 136.5 141.6 144.7 151.9 159.9 164.2 171.5 183 190.6 197.8 210.5 220.5 234.5 254.9 275.9 297.4 326.9 351 373.4 401.9 418.6 452.8 469.3 478.2 494.6 507.1 521.9 547.7 565.8 574.1 581.8 578.9 582.5 575.1 558.2 523.2 488.1 455.6 426.8 412.3 401.8 382 372.2 361.9 350.5 340.2 325.1 301.3 277.6 260.5 243.6 230.9 217.4 206.4 195.9 190 184.8 171.5
143.5 131.5 123.1 116.6 112.1 109 107.4 106.1 101.3 93.1 95.3 91.3 90.1 94.7 97 99.6 103 107.7 110.9 116 121.1 125.8 132.8 134.2 138.5 148.9 152 161.7 172 178.4 187.6 198.8 207.6 221 236.7 258.6 282.9 308.1 326 348 368.5 390.8 411.8 434.7 453.2 465 477.9 499.1 522.9 553.8 565.6 565.9 566.7 562.8 561 545.7 521.7 478.3 443.7 418 404.5 391.6 378.1 365.4 353.8 345.9 334.4 316.7 298.8 275.7 257.9 242.6 228.3 216.4 205.7 195.3 185.4 178.7 173.1
149.9 135.6 122.2 115.1 112.3 107.1 104.3 104.3 100 95.7 101.7 102.5 95.7 90.8 88.9 93.8 99.6 104.1 108.5 108.6 113.9 116.6 119.8 124.5 131.9 136.8 143.9 150.3 157 166.1 176.6 183.6 199.4 208.3 221.2 241.8 263.3 286.3 305 324.7 343.3 364 384 403.3 425.4 433.4 449.3 473.5 496.4 530 543.8 548.3 550.6 549.2 540.4 525.1 513.5 477.1 436.5 409.4 393.5 380.4 372.8 362.9 350 339.6 330.7 316.6 299.2 273.3 255.5 240.8 227.3 215.5 203.2 191.3 182.5 174.4 164.2
154.1 139.7 125.1 120 114.7 110 104.1 101.9 95.4 100.8 105.4 109.5 100.5 94.8 87.5 88.7 92.3 100.7 103.6 104.7 104.5 108.5 110.7 113.7 120.8 122.6 134.2 142.5 145.9 154.5 161.1 175.2 186.7 193 206.3 226 249.4 265.5 281.5 300.6 318.7 338.1 355.2 376.4 391 406.4 423.8 449.8 473.5 493.9 522.7 528.1 527.3 520.2 519.5 504.7 499.6 469.8 429.7 396.5 382.7 367.6 363.1 353.8 342.2 335 320 315.8 301.4 275.1 255 241.8 223.2 212.2 204.4 192.9 180.2 169.7 160.3
159.2 141.1 127.5 122.5 115.5 110.5 104.9 98.7 100.5 102.3 108.8 108.9 104.8 99.2 89.5 85.7 86.3 94.5 96.2 102.4 102.7 100.1 102.1 109 111 117 123.8 129.9 137.3 141.8 147.9 162.2 171.7 179.5 191.9 213.2 225.7 241.7 263 278.1 296.3 313.5 328 345.1 360.8 377.3 402 425.9 447 463.6 490.4 493 490.9 493.5 485.2 482.8 474.4 446 415.5 386.5 368.1 356.9 350.1 343.5 334.5 327.1 312.1 309.3 297.2 276.1 257.6 236.5 221.8 212.1 201 192.5 181.7 168.2 165.3
157 140.3 128.4 122.1 115.1 108.6 100.3 103.1 104.1 106 110.6 110.8 105.2 102.9 92.9 89 88.5 78.3 81.2 90.3 95.2 95.2 95.6 100.5 102.6 106.2 112.1 120.2 123.5 129.4 137.9 147.9 158.5 167.5 180.3 194 208.4 226 243.8 257.7 271.6 287.2 302 317.5 336.9 354.1 377.8 400 416.2 435.3 448.2 457.5 459.9 462.8 462.1 457.1 441.7 417.7 394.5 372.6 358.7 344.2 330 329.3 320 307.8 297.2 292.3 286.2 273.9 248.8 234.6 221.7 210.2 196.9 190.5 176 163.3 160.1
159.3 146.2 130 121.7 113.6 107.6 100 103.8 107.2 109.4 114.4 114 106.3 103.1 98.7 96.1 95.6 92.2 86.1 75 82.4 93 92.1 92.3 97.5 102.2 105.5 110.2 112.3 118.3 128.2 135.2 148.9 156.9 170.6 181.7 199.6 214.7 230.1 239.2 251.5 263.6 278.4 293.6 316 330 353.4 376 387.3 404.5 423.4 432.9 432.6 436.8 432.6 424.9 407.1 384.2 368.1 353.5 345.5 334.5 318.9 309.2 301.7 295.1 285.5 277.9 274.5 263.6 236.7 222.1 214.6 203.4 192.4 181.9 169 157.1 154.6
157.8 144 128 118 112.4 106.6 101.2 106.2 108.7 112.3 126.2 122.5 109.1 102.7 102.3 100.3 99.8 95.6 91.7 83.3 74.1 83.1 88.4 84.5 88.2 97.2 104.3 100.6 104.7 110.6 116.8 124.4 136.1 145.6 162.2 167.1 181.2 197.4 207.3 218.8 229.4 244.3 254.6 272.7 289.5 303.7 325.2 339.3 363.3 382.8 396 402.8 407.4 403.6 403 388.8 370.4 353.2 341.6 333.9 327.4 315.3 305 291.7 283.3 279.4 275.5 269.3 253.9 242.8 224.3 210.8 200.6 196.9 184.5 175.7 163.7 151.9 148.4
154.5 138.9 124.4 115.3 110.2 105.1 102 109.5 109.2 113.9 128.3 122.7 108.6 103.4 102.1 103.9 103.8 98.2 93.8 86.8 80.2 73.5 79.6 76.5 85.5 93.1 96.9 96.2 97.1 102.9 109.8 115.8 124.8 133.4 147.4 157.4 169.1 176.6 185.4 199.5 208.7 220.6 236.5 253.2 265.1 281 297.8 320.3 346.6 358.4 368.1 381.1 377.5 380.5 373 349.5 335.8 324.9 318.9 313.1 304.3 296.1 290.5 282.1 267.7 258.1 256.8 244 232.9 221.1 213.1 199.5 189.2 189.6 176.7 165.9 155.4 145.3 141.7
148.6 136.1 124.7 115.3 109.6 105 102.7 106.8 107.3 113.8 120.7 123.7 111.1 104.6 104.4 107.6 107.6 99.8 95.1 87.4 80.6 71.6 73 76.5 83.9 90.6 91.1 89.4 93.9 96.2 104.4 109.2 118.3 124.2 133.7 142.4 150.4 164.1 172.1 181.4 189.5 200.8 217.6 231.8 244.1 264.1 289.3 307.6 325.5 340.3 349.5 350.3 353.5 353.4 336.5 324.5 315.8 303.5 296.5 289.8 283.7 276.4 269 268.3 251.2 243.2 236.8 226.7 214.5 206.9 195.4 185.9 178.3 176.1 166.9 156.9 147.3 137.3 137.5
142.5 134.6 125 115.4 109.9 105.8 105.2 107 108.7 114.6 120.8 122.2 113.8 107.1 108.9 109.9 109.1 101.9 98 89.2 79.8 75.8 69.4 73.5 78.9 79.9 84.8 85.1 90.7 91.5 92.8 103 110.3 116.1 123 131.1 138.8 152 162.1 162.1 170.4 186.3 199.9 213 226.5 251.9 273.2 288.7 306.1 320.2 328.7 332.8 327.4 325.5 311.1 306.9 295.5 282.9 278.8 272.9 270.1 258.7 251.4 246.6 241 225.1 222.5 213.7 203.7 195.4 186.3 176.4 168.1 162 158.3 149.6 142.7 131.1 126.4
139.5 131.9 123 112.8 110.3 107.7 107.1 109.2 109.1 115.2 121.2 120.5 116.6 110.6 112.3 114 110.7 106 101.6 94.4 85.3 78.4 75.3 68.3 72.8 75.7 79.5 87.3 85.4 87.3 89.1 91.7 102.6 105.4 113.1 121.3 126.9 138.8 142.9 149.3 161.9 172.6 184.3 197.3 214.2 234.7 257.2 271 284.7 298.7 308.9 311.9 302 298 296.1 288.6 273.4 263 256.4 253.8 250.7 244.9 236.9 230.2 227.4 217.7 209.9 197.8 197.2 186.4 175.3 166.7 157.3 155.2 150.3 142.6 135.4 127.7 126.2
139.6 127.8 119.6 112.2 110.5 107.7 108.9 110.7 113.7 116.1 120.4 122.5 114.4 112.8 114.3 117 114.6 111.2 106.7 99.7 89.2 81.9 75.9 70.7 70.9 71.9 76 83.5 80.8 81.7 82.5 84.9 88.7 96.3 106 113.4 117.3 127.2 130.5 135.7 147.9 156.1 168.3 181.3 198.3 219.6 239.3 254.7 263.5 272.1 275.1 277.3 280.8 282.9 288.6 271.4 256.6 245.6 236.2 234.4 231.2 227.5 216.8 211.8 213.9 203 188.3 187.1 189.2 179.6 167.2 156.4 148.5 144.1 139.9 135 128.7 123.1 124.4
135.2 130.3 120 113.7 109.2 107 108.2 110.3 113.8 116.8 120.1 120.6 116.2 115.6 114.9 119.9 120.3 114.9 110.8 107 94.3 84.6 75.7 69.9 68.2 70.7 71.3 76.1 76.6 77 77.3 81.1 83.5 86.1 91 102.5 108.8 112.5 116.2 120.9 134.3 146.3 158.7 170.3 184.3 202.2 224.3 239.6 249.7 248.2 253.8 262 265.3 267.4 275.8 271.3 244.5 226.1 220.9 223.5 216.5 210.3 205.8 198.6 194.5 187.2 176.9 181.2 180.8 170.9 159.2 147.5 140.8 135.5 132.1 129.7 128 121.6 119.9
130.2 127.3 119.9 114.2 109.3 107.1 108 109.4 114 119.4 119.2 119.9 117.9 118.6 117.2 118.1 121.8 120.6 113 107.3 96.9 86.5 79.1 70.4 66.3 68.9 70 71.3 72.9 72.6 73.8 74.7 77.2 79.4 82.3 87.6 98.8 104.7 109.2 115.3 126 136.8 148.5 159.1 172.8 185.8 203.6 218.5 226.2 231.4 236.9 244.8 250.8 252.6 259.8 258.1 231.9 214.7 207.7 208.5 203 198.8 189.9 183.8 180 172.1 165.5 171.3 163.9 159.6 147.8 141.3 135.2 130.7 128.3 126.8 122.6 118.8 116.8
124.5 122.2 117.6 111.1 108.7 106.9 108.1 110.5 120.1 126.8 121.1 120.7 117.8 118.1 119.9 117.5 121 123.3 113.8 104.7 98.2 90.9 85.5 74.5 66.9 66.8 67.9 69.1 70.9 67.5 67.9 67.7 72 74.1 73.4 77.6 81.2 92.8 98.3 105.8 114.9 128.1 134.5 153 166 173.2 185 196.9 206.9 215.9 223.9 230 238.9 237.7 241.7 238 215.1 201.3 198.3 196.3 187.3 180.4 177.4 171 162.4 159.4 155 158.8 152.1 146.2 136.9 130.5 130.1 126.9 125.8 122.8 120.5 118.6 112.1
119.4 114.4 113 109 113.3 108 108.2 111.1 124.4 132.8 121.9 124.2 118.5 119.3 119.8 118.2 117.7 120 121.3 111 96.3 99.8 89.9 78.4 68.9 64 67 67.8 68.2 65.3 65 66.2 71.9 71.4 70.2 70.4 70.9 74 85.3 93.3 101.3 113.2 126 143.8 151.6 155.9 162.9 177.3 195.3 205 216.7 217.6 219 217.1 217.7 208.1 198.1 191.1 185.2 183.9 178.8 170 160.9 157.3 149.9 149.6 142 148.1 142.2 132.6 124.7 124.3 123.1 122.8 120.8 124.3 117.5 114.9 111.2
118.1 113.9 111.1 111.6 111.7 108.2 110.2 116 131.6 135.7 128 125.1 121.6 121.7 120.9 119.1 122 122.8 120.7 114.5 104.7 105.1 95.5 90.1 72 66.6 64.2 64.6 66.8 64.2 63.1 64 67.7 68.4 68.4 65.1 66.5 68 70.8 78 89.4 104.1 113.4 130 138.7 143.6 151.1 162.5 178.5 189.2 195.6 201.9 200.7 200.1 194.7 186.9 179.2 176.8 171.2 166.6 164.4 158.5 152.4 147.3 142.8 140.3 135.4 141.8 137.2 125.1 121.9 120.2 119.9 120.4 118.1 117.1 107.6 105.5 107.7
114.6 114.3 109.8 112.6 113.6 110 113.4 119.2 135.7 137.9 128.9 126.1 126.1 127.1 127.2 122.4 124.4 123.9 127.7 121 109.8 108.8 101.7 94.2 82.8 71.7 66 61.7 66.2 64.4 61.9 61.6 64.6 65.7 63.8 61.2 64.4 64.8 68.1 73.8 79.9 87.7 100.3 112.9 123.9 132.8 138.2 149.2 155 169.9 173.5 183.2 184 179.7 173 165.9 161.7 162.5 159.2 151.5 151.5 148.1 145.2 141 137.6 133.3 122.2 132.1 129.2 116.9 116.8 116.9 118.1 118.6 115.4 112.5 108.1 99 98.6
114.2 111.1 110.7 114.8 116.1 113 115 122.4 138.1 141.9 131 128.6 126.2 130.8 133.8 127.6 128.3 128.6 131 126.6 122.1 120.7 109 99.6 90.7 75.9 72.1 67.7 60.6 62.4 61.1 59.5 60.5 61.6 60.1 59.6 61.4 62.2 64.4 69.8 74.6 80.1 87.4 99.2 105.1 114.7 123.8 132.1 137.7 147.6 154.2 160 161.8 161.6 152.6 149.6 150.4 148.4 146 141.3 138.7 136.4 133.2 128.5 125.8 121.3 115.9 119.5 115.4 108.5 112.5 115.3 118.3 114.1 113 111.3 106.1 97.6 94
114.9 111.5 112.6 115.8 118 117 117.9 125.5 137.5 146.3 134.6 129.7 128.7 135.2 138.8 137.3 133.7 136.9 137.6 132.1 130.7 132 118.4 109.4 98.4 85.6 80.7 73.9 65.6 60.3 60.2 57.3 58.6 59.3 58.5 58 59.8 60 60.9 66.8 69.9 74.2 79.6 87.1 92.6 101.1 112.2 120.6 125.5 126.4 134.1 139.1 142.5 141.9 136.1 135.4 135.4 134.3 131.1 128.5 124.6 122.8 120.1 114.7 113.8 111.6 106 107.9 108.4 106.2 108.3 109.7 109.5 105 108.3 107.7 102.2 99 91.1
114 112.5 111.6 116.8 119.4 120.4 122.8 130.1 137 142.7 137 133.3 135 141.1 142.4 145.9 143.5 142.7 142.9 139.6 145.9 140.4 129.5 117 108.1 97.1 91 81.7 72.7 67.2 60.8 58.7 56.9 55.5 56.5 57 57.4 58.4 59.2 62.3 64.2 66.9 71.1 80.2 86 89.1 97 103.4 112.2 113.3 119.8 122 124.7 121.7 123.6 123.4 121.4 121.4 118.3 114.8 111.6 111 109.3 103.6 106 101.3 96.2 101.1 105.9 106.1 102.6 103.1 101 100.9 97.2 98.9 102.9 96 90.3
112.5 113.1 111.7 115.6 119.5 121.8 123.8 132.3 138.9 143.2 139.6 138.5 139.5 143.2 150.5 153.9 152.5 151.7 149 148.7 163.5 158.1 146 127.9 118.9 110.8 100.7 94.5 81.8 73.7 64.3 59.7 57.8 57 54.8 54.4 55.4 55.1 58.2 61.6 61.1 61.5 66.2 72.3 77.5 84.3 85.8 91.2 97.1 102.3 104.4 107.6 108.3 109.6 111.4 110.2 107.4 106.8 107.7 103.1 100.6 98.6 96.7 94.7 95.6 92.5 89.6 93 99.7 104.6 101.8 95.3 93.9 96.2 93.5 93.3 96.6 91.8 86.8
113.1 112.2 112.8 115.4 118.7 122.4 126.9 136.1 141.4 143.7 141.6 145.1 145.2 145.2 155.4 163.4 162.3 158.1 159.7 160.8 174.5 175.9 167.9 155.3 137 124 113.2 103.6 88.4 80.4 70.1 60.9 59 56.9 55.9 54.8 52.8 54.2 53.5 56.7 58.7 59 60.3 64.2 69.6 74.8 79.1 78.1 78.5 88 91.2 97.2 96.8 98.6 99.4 98.4 96.7 95.1 93.6 91.1 90.6 88.9 88.1 87.3 86.4 84.1 85.1 86.3 95.9 100.2 101.6 102.2 93.9 86.6 87.2 85.9 88.9 84.2 84.4
113.7 113 113.9 115.4 117.8 122 132.8 139.1 148.4 145.5 146 149.5 151.2 152.2 159.1 167.8 170.1 170.1 167.6 170.7 187.3 190.8 186.3 171.7 154.6 142.3 129.5 115.8 104.3 90.2 80.4 69.1 61.5 57.8 56.3 55.6 53.6 53 51 53.8 54.9 57.4 59 57.8 61.6 65.4 70.4 70.4 71.8 72.8 76.1 83.9 88.6 91 92.7 93.6 91.1 88.6 85.7 83.7 81.1 81.3 79.4 77.1 76.1 75.3 79.5 84 87.5 91.5 102.8 98.7 95.1 86.6 84.2 83 77.1 79.2 83.2
114.3 113.5 115 116.6 118.5 125.2 136.8 145.6 150 146.6 149.9 156.5 157.3 163 167.3 173.2 178.7 181.3 183.8 185.9 191.8 198.5 199.1 183.6 173.5 164.7 148.1 134.4 116.2 105.7 94.6 82.5 72.5 65.9 59.4 58.1 55.9 55.2 52.5 49.7 52.1 54.5 55 53.3 54.6 59 62.4 67.1 68 66.9 67.4 69.8 75.9 82.8 84.9 86.6 85.1 82.8 81.3 75.6 69.4 69.1 71.6 70.3 68.2 68.2 70.5 79.3 82.5 86.4 94.6 97.4 94.9 88.4 80.8 78.5 75.1 76 77.4
114.7 114.3 115.2 116.8 119.1 130 128.9 141.2 146.6 148 152.2 165 163.6 165 172.4 180.4 186.6 189.6 192.2 191.6 197.1 205.3 208.2 204.4 192.3 187.7 173.4 151.8 132.3 116.8 106.7 97.8 85.9 78.4 69.8 66.6 59.6 59.4 56 51.2 47.6 50.8 52.1 51.6 51.9 55.7 57.1 61.2 64.1 64.2 64.5 64.3 65.6 69.5 74.4 79.2 77.2 73.5 71.7 68.2 63.4 54.7 58.2 60.2 61.8 60.5 61.8 71.9 78 79.4 89.1 91.9 88.7 86 77.3 71.9 73.8 74.5 73.3
115.4 114.7 115.8 118.6 128.3 141.1 144.1 143.5 144 150.7 157.2 167.2 171.8 177.5 180.5 191.3 194.5 196.5 198.3 200.4 205.7 209.2 212.8 214.3 208.7 205.3 196.2 174.7 156.3 138.4 121.1 111.5 100.4 91.9 84.3 77.1 68.6 64.2 60.3 56 51.4 47.6 49.2 49.5 50.2 51.9 52.4 54.1 55.8 60.4 62.7 64.8 61.5 63.5 64.5 65.9 68.1 65 63.8 62.9 59.6 52.5 45.3 51.7 53.9 53.6 57 63.8 70.1 72.1 77.2 85 82.8 77.6 72.3 71.1 71.1 72.3 73.4
116.3 115.4 117.9 126.1 134 149.7 158.2 150.2 151.9 156.7 155.7 166.7 175.7 180.1 188.1 195.1 204.7 211.6 209.6 213.3 214.9 216.6 223.7 227.2 219.9 218 217.8 207.3 194.7 170.5 146.4 123.1 115.4 108.8 100.4 89.9 83.6 74 68.3 62.4 57.3 54 47.4 46.9 48.3 48.9 50 51 52.4 55.6 57.7 59.1 58.9 56.8 58.1 56.5 56.1 54.6 52.6 52.6 50.4 49.3 45.3 40.8 40.8 44 47.9 56.8 64.3 67.4 74 74.4 76.6 76.5 71.8 70.4 73.6 73.6 75
118.3 118.5 125.5 135.4 149.2 159.4 160.1 157.8 162.6 165.4 171.5 171.5 179.1 188 204.5 207 220.3 223.3 223.3 224.7 227.4 228.7 234.4 236 232.9 234 237.6 235.5 219.4 191.1 170.6 150 132.6 121.3 113.6 106.6 97 87.9 81.2 74.7 66.6 60.2 54.1 48.2 45.3 47.2 47.4 48.3 50.2 53.5 54 56.8 57.9 54.1 53.9 46.6 44.6 45.3 43.7 45.3 46.1 45.4 39 38.1 31.9 38.3 38.3 42.3 53.4 60.9 62.1 64.6 70.6 68.6 69.9 69.8 72.3 73.8 83
