Game/Highland_Data/StreamingAssets/GeoData/Data/nm/NM64.asc
ncols 200
nrows 200
xllcorner 160000
yllcorner 740000
cellsize 50
[rows 148 to 184 of 200, columns 85 to 169 of 200]
-1.4 -1.4 -1.4 -1.4 -1.4 -1.4 -1.4 -1.4 -1.4 -1.4 1.8 7 9.2 10.6 9.4 7.6 5.7 -1.4 -1.4 -1.4 -1.4 -1.4 -1.4 -1.4 -1.4 -1.4 -1.4 -1.4 -1.4 -1.4 -1.4 -1.4 -1.4 -1.4 -1.4 -1.4 -1.4 -1.4 -1.4 -1.4 -1.4 -1.4 -1.4 -1.4 -1.4 -1.4 -1.4 -1.4 -1.4 -1.4 -1.4 -1.4 -1.4 -1.4 -1.4 -1.4 -1.4 -1.4 -1.4 -1.4 -1.4 -1.4 -1.4 -1.4 -1.4 -1.4 -1.4 -1.4 -1.4 -1.4 -1.4 -1.4 -1.4 -1.4 -1.4 -1.4 -1.4 -1.4 -1.4 -1.4 -1.4 -1.4 -1.4 -1.4 -1.4
-1.4 -1.4 -1.4 -1.4 -1.4 -1.4 -1.4 -1.4 -1.4 -1.4 3.7 8.4 16.4 17 13.1 13.3 14 9.3 -1.4 -1.4 -1.4 -1.4 -1.4 -1.4 -1.4 -1.4 -1.4 -1.4 -1.4 -1.4 -1.4 -1.4 -1.4 -1.4 -1.4 -1.4 -1.4 -1.4 -1.4 -1.4 -1.4 -1.4 -1.4 -1.4 -1.4 -1.4 -1.4 -1.4 -1.4 -1.4 -1.4 -1.4 -1.4 -1.4 -1.4 -1.4 -1.4 -1.4 -1.4 -1.4 -1.4 -1.4 -1.4 -1.4 -1.4 -1.4 -1.4 -1.4 -1.4 -1.4 -1.4 -1.4 -1.4 -1.4 -1.4 -1.4 -1.4 -1.4 -1.4 -1.4 -1.4 -1.4 -1.4 -1.4 -1.4
-1.4 -1.4 -1.4 -1.4 -1.4 -1.4 -1.4 -1.4 -1.4 -1.4 3.8 8.2 17.2 21.3 20.9 16.2 18.5 17.4 10.4 -1.4 -1.4 -1.4 -1.4 -1.4 -1.4 -1.4 -1.4 -1.4 -1.4 -1.4 -1.4 -1.4 -1.4 -1.4 -1.4 -1.4 -1.4 -1.4 -1.4 -1.4 -1.4 -1.4 -1.4 -1.4 -1.4 -1.4 -1.4 -1.4 -1.4 -1.4 -1.4 -1.4 -1.4 -1.4 -1.4 -1.4 -1.4 -1.4 -1.4 -1.4 -1.4 -1.4 -1.4 -1.4 -1.4 -1.4 -1.4 -1.4 -1.4 -1.4 -1.4 -1.4 -1.4 -1.4 -1.4 -1.4 -1.4 -1.4 -1.4 -1.4 -1.4 -1.4 -1.4 -1.4 -1.4
-1.4 -1.4 -1.4 -1.4 -1.4 -1.4 -1.4 -1.4 -1.4 -1.4 4.3 9 17.2 23.5 24.9 22.3 21.4 23 19.7 14.2 2.2 -1.4 -1.4 -1.4 -1.4 -1.4 -1.4 -1.4 -1.4 -1.4 -1.4 -1.4 -1.4 -1.4 -0.8 -1.4 -1.4 -1.4 -1.4 -1.4 2.1 2.8 -1.4 -1.4 -1.4 -1.4 -1.4 -1.4 -1.4 -1.4 -1.4 -1.4 -1.4 -1.4 -1.4 -1.4 -1.4 -1.4 -1.4 -1.4 -1.4 -1.4 -1.4 -1.4 -1.4 -1.4 -1.4 -1.4 -1.4 -1.4 -1.4 -1.4 -1.4 -1.4 -1.4 -1.4 -1.4 -1.4 -1.4 -1.4 -1.4 -1.4 -1.4 -1.4 -1.4
-1.4 -1.4 -1.4 -1.4 -1.4 -1.4 -1.4 -1.4 -1.4 -1.4 4.3 8.4 16.2 24.6 26.6 27.8 26.6 23.3 24.2 25.7 22.7 3.5 -1.4 -1.4 -1.4 0.4 -1.4 -1.4 -1.4 -1.4 -1.4 0.1 0.1 0.7 0.7 1.8 3 4 3.4 2.9 5.4 7.3 6.6 3.6 1.7 -1.4 -1.4 -1.4 -1.4 -1.4 -1.4 -1.4 -1.4 -1.4 -1.4 -1.4 -1.4 -1.4 -1.4 -1.4 -1.4 -1.4 -1.4 -1.4 -1.4 -1.4 -1.4 -1.4 -1.4 -1.4 -1.4 -1.4 -1.4 -1.4 -1.4 -1.4 -1.4 -1.4 -1.4 -1.4 -1.4 -1.4 -1.4 -1.4 -1.4
-1.4 -1.4 -1.4 -1.4 -1.4 -1.4 -1.4 -1.4 -1.4 -1.4 2.9 5.6 15.4 22.5 27.8 30.6 30.8 29.6 28.1 28.6 29.1 24.4 14.2 3.5 3.9 3.6 3.7 3.4 3.1 4.5 4.2 3.1 2.3 2.4 2.3 2.3 4.5 6.2 6 5.5 6.9 13.4 17.9 9.3 5.7 2.7 2.3 -1.4 -1.4 -1.4 -1.4 -1.4 -1.4 -1.4 -1.4 -1.4 -1.4 -1.4 -1.4 -1.4 -1.4 -1.4 -1.4 -1.4 -1.4 -1.4 -1.4 -1.4 -1.4 -1.4 -1.4 -1.4 -1.4 -1.4 -1.4 -1.4 -1.4 -1.4 -1.4 -1.4 -1.4 -1.4 -1.4 -1.4 -1.4
-1.4 -1.4 -1.4 -1.4 -1.4 -1.4 -1.4 -1.4 -1.4 -1.4 2.3 4.7 12.6 20.7 26.7 31.5 34.3 34.4 35.6 36.3 31.9 26.2 24.6 23.8 24.4 19 19.4 15 7.3 7.5 7.1 7.5 5.3 5.5 2.3 2.3 3.9 6.3 7.1 8.3 13.2 17.5 20.3 20.9 9.4 5 3 2.3 -1.4 -1.4 -1.4 -1.4 -1.4 -1.4 -1.4 -1.4 -1.4 -1.4 -1.4 -1.4 -1.4 -1.4 -1.4 -1.4 -1.4 -1.4 -1.4 -1.4 -1.4 -1.4 -1.4 -1.4 -1.4 -1.4 -1.4 -1.4 -1.4 -1.4 -1.4 -1.4 -1.4 -1.4 -1.4 -1.4 -1.4
-1.4 -1.4 -1.4 -1.4 -1.4 -1.4 -1.4 -1.4 -1.4 -1.4 2.1 4.6 9.3 20.6 27.6 34.3 40.2 38.1 36.5 37.6 35.5 31.5 29.9 29.6 29.6 27.6 32.2 27.8 23.6 16.8 10.6 10.4 12.7 12.4 8.4 4.8 5.8 7 6.8 13.4 17.5 20.7 22.6 22.3 21.3 7.4 5.7 4 -1.4 -1.4 -1.4 -1.4 -1.4 -1.4 -1.4 -1.4 -1.4 -1.4 -1.4 -1.4 -1.4 -1.4 -1.4 -1.4 -1.4 -1.4 -1.4 -1.4 -1.4 -1.4 -1.4 -1.4 -1.4 -1.4 -1.4 -1.4 -1.4 -1.4 -1.4 -1.4 -1.4 -1.4 -1.4 -1.4 -1.4
-1.4 -1.4 -1.4 -1.4 -1.4 -1.4 -1.4 -1.4 -1.4 -1.4 2.5 5 9.3 21.7 32 39.7 44 42.5 42.3 44 40.3 40.9 38.1 33.7 32.7 34.6 40.6 41.3 38.6 36.7 32 18.9 15.2 14.9 14.2 10 6.9 7.2 8.7 16.1 18.5 19.9 21 21.3 22.1 8.2 8.1 6.4 1 -1.4 -1.4 -1.4 -1.4 -1.4 -1.4 -1.4 -1.4 -1.4 -1.4 -1.4 -1.4 -1.4 -1.4 -1.4 -1.4 -1.4 -1.4 -1.4 -1.4 -1.4 -1.4 -1.4 -1.4 -1.4 -1.4 -1.4 -1.4 -1.4 -1.4 -1.4 -1.4 -1.4 -1.4 -1.4 -1.4
-1.4 -1.4 -1.4 -1.4 -1.4 -1.4 -1.4 -1.4 -1.4 -1.4 3.3 5.5 12.3 23.6 35.5 43.2 48.6 45.9 45.7 47.8 46.3 44.1 45.5 41.3 38.9 41.5 44.9 46.3 43.2 42.7 42.7 32.9 21.1 19.3 17.6 15.2 10.7 12.5 12.5 18 19.8 19.2 17.7 16.9 15.5 7 5.3 4 1 -1.4 -1.4 -1.4 -1.4 -1.4 -1.4 -1.4 -1.4 -1.4 -1.4 -1.4 -1.4 -1.4 -1.4 -1.4 -1.4 -1.4 -1.4 -1.4 -1.4 -1.4 -1.4 -1.4 -1.4 -1.4 -1.4 -1.4 -1.4 -1.4 -1.4 -1.4 -1.4 -1.4 -1.4 -1.4 -1.4
-1.4 -1.4 -1.4 -1.4 -1.4 -1.4 -1.4 -1.4 -1.4 -1.4 3.1 6.2 9.3 20.9 34.6 45.2 50 45.7 45.8 46.8 46.2 47.6 45.6 43 42.9 44.2 45.4 46.2 46.7 48 47.6 47.6 40.6 32.1 27.7 27 22.4 17.5 15.6 17.4 20.1 20.1 17.8 15.1 11.2 7 6 3.9 -1.4 -1.4 -1.4 -1.4 -1.4 -1.4 -1.4 -1.4 -1.4 -1.4 -1.4 -1.4 -1.4 -1.4 -1.4 -1.4 -1.4 -1.4 -1.4 -1.4 -1.4 -1.4 -1.4 -1.4 -1.4 -1.4 -1.4 -1.4 -1.4 -1.4 -1.4 -1.4 -1.4 -1.4 -1.4 -1.4 -1.4
-1.4 -1.4 -1.4 -1.4 -1.4 -1.4 -1.4 -1.4 -1.4 1.5 3 6 10.3 19 33.7 46 49.5 46.3 47.1 47.1 45.7 46.6 46.1 45.7 43.8 44.3 45 47.2 49.6 52 53.6 54.2 53.4 51.5 41.1 33.1 28.9 22.8 19.2 19.3 22.3 20.7 19.3 18.2 11.4 6.7 6.1 3.8 -1.4 -1.4 -1.4 -1.4 -1.4 -1.4 -1.4 -1.4 -1.4 -1.4 -1.4 -1.4 -1.4 -1.4 -1.4 -1.4 -1.4 -1.4 -1.4 -1.4 -1.4 -1.4 -1.4 -1.4 -1.4 -1.4 -1.4 -1.4 -1.4 -1.4 -1.4 -1.4 -1.4 -1.4 -1.4 -1.4 -1.4
-1.4 -1.4 -1.4 -1.4 -1.4 -1.4 -1.4 -1.4 -1.4 1.9 7 8.5 14.6 18.5 30.6 49.1 53.2 54.2 54.9 51 48.2 45.8 47.4 47.6 44.1 45.1 43.8 46 50.3 54.8 59.4 59.6 56.6 53.4 48.6 36 31 28.3 26.2 23.8 25.8 22.8 21 20.4 14.3 6.2 4.4 3.6 -1.4 -1.4 -1.4 -1.4 -1.4 -1.4 -1.4 -1.4 -1.4 -1.4 -1.4 -1.4 -1.4 -1.4 -1.4 -1.4 -1.4 -1.4 -1.4 -1.4 -1.4 -1.4 -1.4 -1.4 -1.4 -1.4 -1.4 -1.4 -1.4 -1.4 -1.4 -1.4 -1.4 -1.4 -1.4 -1.4 -1.4
-1.4 -1.4 -1.4 -1.4 -1.4 -1.4 -1.4 -1.4 -1.4 2 5.8 10.2 16.6 22 28.3 42.5 45.5 50.4 54.1 54.4 51.6 43.4 43.2 44.3 44.5 41.5 41.2 45.9 48.8 55.3 58.2 58.2 56.6 53.9 49.3 41.3 32.6 29.9 28.3 27.5 26.6 24.7 24.1 21.8 17.8 7.7 5.5 5.2 3.7 -1.4 -1.4 -1.4 -1.4 -1.4 -1.4 -1.4 -1.4 -1.4 -1.4 -1.4 -1.4 -1.4 -1.4 -1.4 -1.4 -1.4 -1.4 -1.4 -1.4 -1.4 -1.4 -1.4 -1.4 -1.4 -1.4 -1.4 -1.4 -1.4 -1.4 -1.4 -1.4 -1.4 -1.4 -1.4 -1.4
-1.4 -1.4 -1.4 -1.4 -1.4 -1.4 -1.4 -1.4 -1.4 1.7 5.4 10.6 17.8 22.6 24.5 37.4 45.7 48 50.8 53.7 54.9 45.6 42.8 41.4 44.6 42.3 41.1 40.6 41.4 49 52.5 56 54.8 52.4 48.7 47.4 37 32.8 30.4 28.2 32.8 31.8 26.3 22.3 18 10.9 6.2 4.7 3.1 -1.4 -1.4 -1.4 -1.4 -1.4 -1.4 -1.4 -1.4 -1.4 -1.4 -1.4 -1.4 -1.4 -1.4 -1.4 -1.4 -1.4 -1.4 -1.4 -1.4 -1.4 -1.4 -1.4 -1.4 -1.4 -1.4 -1.4 -1.4 -1.4 -1.4 -1.4 -1.4 -1.4 -1.4 -1.4 -1.4
-1.4 -1.4 -1.4 -1.4 -1.4 -1.4 -1.4 -0.3 0.5 1.5 3.6 7.3 11.5 20.3 25.8 28.6 46.7 48.6 46.2 48.6 54.2 53 46.3 42.8 44.4 42.2 36.8 35.1 38.4 45.7 52.1 54.1 52.2 49.1 45.1 46.6 41.5 34.1 31.8 31.1 32.8 34.9 32.4 25.5 20.5 16.9 7.8 5.6 4.1 2.2 -1.4 -1.4 -1.4 -1.4 -1.4 -1.4 -1.4 -1.4 -1.4 -1.4 -1.4 -1.4 -1.4 -1.4 -1.4 -1.4 -1.4 -1.4 -1.4 -1.4 -1.4 -1.4 -1.4 -1.4 -1.4 -1.4 -1.4 -1.4 -1.4 -1.4 -1.4 -1.4 -1.4 -1.4 -1.4
-1.4 -1.4 -1.4 -1.4 -1.4 -1.4 -1.4 -0.7 0.7 1.9 4.7 7.7 10.5 18 25.3 29.3 40.2 44.4 44.7 47.9 51.7 54.6 50.1 45.4 45.2 41.5 34.1 32.3 33.7 39.9 44.7 49.5 48.7 44 38.9 42.6 42.7 32.6 30.1 32.4 31.6 32.2 33 27.6 22.5 18.8 11.3 8 5.1 2.2 1.6 -1.4 -1.4 -1.4 -1.4 -1.4 -1.4 -1.4 -1.4 -1.4 -1.4 -1.4 -1.4 -1.4 -1.4 -1.4 -1.4 -1.4 -1.4 -1.4 -1.4 -1.4 -1.4 -1.4 -1.4 -1.4 -1.4 -1.4 -1.4 -1.4 -1.4 -1.4 -1.4 -1.4 -1.4
-0.4 -0.4 -1.4 -1.4 0.2 -0.7 -1.4 -1 0.3 1.6 3.8 7 11.3 16.7 22 26.1 30.4 32.9 33.3 42.7 48.6 51.6 48.3 47.8 44.1 43 33.2 29.4 31.9 34.3 36.7 34.7 38.3 36.4 37.6 38.1 35.9 27.4 30.9 34.4 33 31.3 33.1 27.7 24 20.6 15.9 14.2 12.3 6.1 2.2 1.3 -1.4 -1.4 -1.4 -1.4 -1.4 -1.4 -1.4 -1.4 -1.4 -1.4 -1.4 -1.4 -1.4 -1.4 -1.4 -1.4 -1.4 -1.4 -1.4 -1.4 -1.4 -1.4 -1.4 -1.4 -1.4 -1.4 -1.4 -1.4 -1.4 -1.4 -1.4 -1.4 -1.4
1.4 1.2 0.9 0.8 1.2 0.1 -1.1 -1.4 -0.1 1.3 3.3 5.8 8.4 13.2 17.9 20.9 28.4 29.8 31.5 34 41.8 44.4 43.8 40.4 44.3 38.9 33.7 28.9 27.6 30.6 32.8 33.8 33.3 36.3 38.6 38.6 29.4 27.1 32.8 33.3 32.3 29.8 28 26.5 25.6 22.6 16.9 17.4 15.5 11.1 3.4 2.4 -1.4 -1.4 -1.4 -1.4 -1.4 -1.4 -1.4 -1.4 -1.4 -1.4 -1.4 -1.4 -1.4 -1.4 -1.4 -1.4 -1.4 -1.4 -1.4 -1.4 -1.4 -1.4 -1.4 -1.4 -1.4 -1.4 -1.4 -1.4 -1.4 -1.4 -1.4 -1.4 -1.4
5.2 4.9 3.5 2.5 2 0.8 -0.4 -1.4 -0.4 1.3 2.7 3.9 6.4 9 11.5 17.6 21.9 25.2 27.6 31.7 35.3 37.4 34.7 34.7 36.3 35.1 29.9 27.6 26.1 25.6 29.3 28.5 29.1 31.5 33.2 28.7 24.8 28.5 31.5 30 29.1 28 26.8 24.4 22.5 22.6 20.3 18.2 16.7 11.9 6.3 4.1 3.5 -1.4 -1.4 -1.4 -1.4 -1.4 -1.4 -1.4 -1.4 -1.4 -1.4 -1.4 -1.4 -1.4 -1.4 -1.4 -1.4 -1.4 -1.4 -1.4 -1.4 -1.4 -1.4 -1.4 -1.4 -1.4 -1.4 -1.4 -1.4 -1.4 -1.4 -1.4 -1.4
16.2 8.7 7.5 6 4.8 2.2 0.9 -1.4 -1.4 -1.4 2.3 2.7 4.6 6.2 8.4 13 17.2 20.7 21.6 25.6 30.8 32 32 32.3 32.2 24.6 19.6 23.9 24.6 23.7 25.6 26.8 27.4 26.7 23.5 23.6 26 27.3 28.4 28.8 27.6 27.9 27.4 24.9 23.5 24.4 23.6 19.7 17.7 13.9 10.3 5.9 4.1 2.1 2 -1.4 -1.4 -1.4 -1.4 -1.4 -1.4 -1.4 -1.4 -1.4 -1.4 -1.4 -1.4 -1.4 -1.4 -1.4 -1.4 -1.4 -1.4 -1.4 -1.4 -1.4 -1.4 -1.4 -1.4 -1.4 -1.4 -1.4 -1.4 -1.4 -1.4
19.4 19.2 15.9 15 15.6 5.8 5.3 3.6 3.8 -1.4 2.3 3.3 3.1 3.8 4.1 6.7 11.1 13.2 16.6 21.7 24.4 29.5 30.3 30.6 26.1 16.3 16.6 19.8 20.1 19.5 21 25.7 30.4 30.1 23.3 23.8 25.8 28.1 29 28.2 28.4 28.3 28.5 26.6 25.1 25.6 24.3 20.1 18.5 16.1 13.8 9.4 4 2.3 1.6 0.3 -1.4 -1.4 -1.4 -1.4 -1.4 -1.4 -1.4 -1.4 -1.4 -1.4 -1.4 -1.4 -1.4 -1.4 -1.4 -1.4 -1.4 -1.4 -1.4 -1.4 -1.4 -1.4 -1.4 -1.4 -1.4 -1.4 -1.4 -1.4 -1.4
24.9 25.8 22.9 21.6 21.7 16.6 9.2 4.7 5 3.7 2.3 4.8 5.2 5.1 5.7 4.8 7.1 7.6 8.4 14.3 18.6 20.4 23.9 24.4 15.5 15.4 16 18.4 22.1 23.3 24.6 21.8 24.2 24.7 22.6 24.8 26.1 27.2 29.2 28.5 27.9 27.5 29 27.9 27 28.2 26.8 22.4 20.9 19.4 18.9 15.6 10.1 3.4 1.2 -0.2 -1.4 -1.4 -1.4 -1.4 -1.4 -1.4 -1.4 -1.4 -1.4 -1.4 -1.4 -1.4 -1.4 -1.4 -1.4 -1.4 -1.4 -1.4 -1.4 -1.4 -1.4 -1.4 -1.4 -1.4 -1.4 -1.4 -1.4 -1.4 -1.4
29.9 31.9 29.6 28.2 27.4 25.5 17.6 11.4 6.9 5 4 5 5.7 6 5.3 4.4 5.2 5.7 6.4 7.8 8.4 10.6 13.7 11 13.1 17.7 18.4 20.2 23.9 24.8 25.1 25.2 27.8 27.3 26.1 25.1 29.4 27 29.2 29.2 29.8 29.5 29.9 29.5 29.1 28.6 26.7 22.7 21.8 20.7 21.3 20 14.2 11 2.3 1.4 -1.4 -1.4 -1.4 -1.4 -1.4 -1.4 -1.4 -1.4 -1.4 -1.4 -1.4 -1.4 -1.4 -1.4 -1.4 -1.4 -1.4 -1.4 -1.4 -1.4 -1.4 -1.4 -1.4 -1.4 -1.4 -1.4 -1.4 -1.4 -1.4
35.2 39.9 36.6 36.4 35.4 34.7 26.2 20.9 16.1 10.4 6.6 6 6.2 7.1 7.5 6.5 6 6.1 8.1 9.3 9.5 11.9 9.9 12.4 13.4 18.3 20.5 23.3 25 26.2 28.8 31.1 32 33.2 33.9 31.5 31.9 32.3 32.2 31.4 31.5 32 31.7 30.7 30.1 28.9 28.2 25.1 22 18.8 18.7 14.5 12.7 11.3 7 5.4 -1.4 -1.4 -1.4 -1.4 -1.4 -1.4 -1.4 -1.4 -1.4 -1.4 -1.4 -1.4 -1.4 -1.4 -1.4 -1.4 -1.4 -1.4 -1.4 -1.4 -1.4 -1.4 -1.4 -1.4 -1.4 -1.4 -1.4 -1.4 -1.4
46.7 49.6 49.3 51.5 48.7 44.1 37.3 29.9 22.9 17.3 11 11.6 12 9.4 8.5 8.9 9.2 8.1 10.1 11.4 11.5 13.5 12.7 15.5 17.3 19.4 22.9 28.3 29.6 31.4 34.2 37.2 38 36 35.2 35.2 32.5 33.7 34.9 35.7 33.5 33.4 34.1 35.6 35.2 33.5 31.7 26.9 25.3 23.3 19.8 18 16.1 14 6.9 3.6 1.1 0.2 -0.3 -1.4 -1.4 -1.4 -1.4 -1.4 -1.4 -1.4 -1.4 -1.4 -1.4 -1.4 -1.4 -1.4 -1.4 -1.4 -1.4 -1.4 -1.4 -1.4 -1.4 -1.4 -1.4 -1.4 -1.4 -1.4 -1.4
53.2 61 63.9 58.8 57.8 55.6 48.4 40.7 33.3 25.5 21.8 22 23.9 19.4 18.7 17.5 17 17 15.4 15.3 14.9 15.5 17.6 21.5 24.9 26.9 30 36.1 39.2 42.5 46.5 45.2 45.3 42.9 41.2 43 43.5 41.3 40.8 40.6 37.9 37 36.6 36.5 35.9 34.4 33.4 32.9 31.3 26.9 22.7 20.7 18.3 16.4 7.9 4.6 3.3 1.9 1.4 -1.4 -1.4 -1.4 -1.4 -1.4 -1.4 -1.4 -1.4 -1.4 -1.4 -1.4 -1.4 -1.4 -1.4 -1.4 -1.4 -1.4 -1.4 -1.4 -1.4 -1.4 -1.4 -1.4 -1.4 -1.4 -1.4
60.5 60.5 63.8 68 63.4 61.2 57.6 49.9 45.8 40.7 32.4 30.1 29.7 26.6 27.3 24.6 22.6 24 23.4 24.2 25.1 25.1 25.8 29.3 32.9 34.7 33.8 36.9 41.8 48.1 48.4 51 47.8 48.7 50.8 51.3 52.2 54.9 54.9 54.7 51.8 48.5 46.2 42.8 42 41.1 39.6 36.9 33.8 30 27.6 24.3 21.2 18.5 15.9 7.2 4.5 5 3.3 2.5 1.9 0.9 0.3 -1.4 -1.4 -1.4 -1.4 -1.4 -1.4 -1.4 -1.4 -1.4 -1.4 -1.4 -1.4 -1.4 -1.4 -1.4 -1.4 -1.4 -1.4 -1.4 -1.4 -1.4 -1.4
65.4 66.8 65.8 67.4 66.6 65.6 61.7 56.2 53.7 49.3 43.8 39 35.3 31.1 31.7 32.5 30.6 29.2 29.8 31.1 31.5 31.2 30.3 32.3 34.4 37.4 39.5 40.2 42.9 47.2 55.2 55.6 57.3 60.8 60.4 60.3 62.7 65.3 67.8 66.8 63.3 59.9 53 52.7 48.6 46 40.6 37.5 35.3 31.2 29.2 27.7 27 23 18.7 12.5 5.7 6 4.4 3.1 2.3 2.3 2.2 2.3 2.3 -1.4 -1.4 -1.4 -1.4 -1.4 -1.4 -1.4 -1.4 -1.4 -1.4 -1.4 -1.4 -1.4 -1.4 -1.4 -1.4 -1.4 -1.4 -1.4 -1.4
79.4 76.5 75.9 76.5 77.1 76.8 74.6 72 66.7 63.2 56.6 48.9 43.5 37.2 36.6 40.4 39.2 36.4 37.6 39.2 39.2 38.7 40 43.8 43.8 44.5 45.7 45.7 43.9 44.1 47.2 49.6 57.2 61.8 64.4 65.3 69 70.8 71.9 72.6 72.3 71.2 69.1 63.4 59.7 55 48.6 43.2 38 34 32.9 32.5 29.5 26.6 22.8 18 9.2 7.4 6.5 5.2 3.4 2.3 2.3 2.3 2.3 0 0.2 -1.4 -1.4 -1.4 -1.4 -1.4 -1.4 -1.4 -1.4 -1.4 -1.4 -1.4 -1.4 -1.4 -1.4 -1.4 -1.4 -1.4 -1.4
83.3 84.6 84.1 82.1 88 90.9 84.8 83 80.6 70.8 64.9 61.1 56.4 51.9 43.2 47.5 48.5 45.1 44.2 43.6 44.3 43.4 48.1 51.3 55.6 51.9 51.9 51.7 51.6 49.8 51.8 56.3 59.2 63.4 66.6 67.8 68.7 69.4 70.8 71 71.3 70.3 70.4 69.2 65.9 60.3 53.3 47.7 44.5 39.8 35.1 38.9 35.6 33 30.7 24.2 21.3 17.4 10.5 6.6 4.8 2.9 2.3 2.3 1.6 1.9 2.2 2.3 -1.4 -1.4 -1.4 -1.4 -1.4 -1.4 -1.4 -1.4 -1.4 -1.4 -1.4 -1.4 -1.4 -1.4 -1.4 -1.4 -1.4
88.6 90.4 91.1 89.7 95.3 100.4 95.5 88.3 84.5 78.2 79.7 75.5 65.7 55.6 57.3 56.9 55.8 52.8 51.2 50 51.3 49.9 53.9 58.1 63 61.1 53.7 53 52.8 55.4 56.7 60.9 65.7 70.3 72.3 72.4 73.9 75.5 74.5 72.7 71.8 69.4 66.5 68.1 64.6 62.5 56.6 52.5 46.1 39.4 37.3 36.3 35.4 37 35.4 32.2 27.5 20.6 16.7 13.3 8.7 5.2 3 2.3 2 1 0.4 0 -1.4 -1.4 -1.4 -1.4 -1.4 -1.4 -1.4 -1.4 -1.4 -1.4 -1.4 -1.4 -1.4 -1.4 -1.4 -1.4 -1.4
94.7 94.7 98.3 97.2 97.7 100.5 100 95.3 94.8 87.8 87.8 83 65.6 66.1 65.2 61.7 60.5 57.4 55.7 55.5 55.9 51.6 54.3 57.5 57.6 56.7 55.4 53.9 56 59.4 62 64.4 69.7 73.1 75.7 75.9 78.5 80.5 81.4 79.1 76.3 74.7 75.1 71 66.8 66 63.2 58.1 51.8 47.1 42 38.3 37.7 37.4 36.5 32.1 28.1 24.9 19.8 15.9 11.3 6 3.7 2.3 2 1 0.1 -0.8 -1.4 -1.4 -1.4 -1.4 -1.4 -1.4 -1.4 -1.4 -1.4 -1.4 -1.4 -1.4 -1.4 -1.4 -1.4 -1.4 -1.4
103.9 104.8 102.9 101.4 105.1 102 102 102.4 104 95.5 89.2 85.7 76 82.1 75.5 69.6 67.1 62.7 64.5 60.7 56.4 53.6 57.6 57.9 57.2 57.2 57.6 59.9 60.5 63.3 64.8 67.2 70.7 73.3 75.1 77.4 79.7 82.6 83.4 81.3 79.7 78.7 81.6 79.5 76.8 75.3 67.2 67.5 60.8 51.4 44.2 41.7 42.1 39.5 36.8 36.5 28.5 25 21.2 18.6 13.8 9.1 5.1 3.6 2.1 1.1 0.1 -1.4 -1.4 -1.4 -1.4 -1.4 -1.4 -1.4 -1.4 -1.4 -1.4 -1.4 -1.4 -1.4 -1.4 -1.4 -1.4 -1.4 -1.4
113.2 112.8 111 108.7 108.7 105.9 104.5 104.9 102.9 99.9 95.8 89.8 91.3 91.1 87 81.1 75.4 73.3 71.1 65.4 60.5 58.2 61.6 63.3 59.7 59.8 60.7 61.6 63.5 65.2 64.9 66.3 68.6 71.2 75.8 78.6 79.4 79.7 83 82.5 81.4 80.3 83.3 83.5 82.7 80.9 78.2 71.4 62.1 56.5 51.5 44.6 44.1 45.7 45 44 36.7 29.1 24.1 21.8 19.4 13.4 8 5.4 2.3 1.5 0.2 -1.4 -1.4 -1.4 -1.4 -1.4 -1.4 -1.4 -1.4 -1.4 -1.4 -1.4 -1.4 -1.4 -1.4 -1.4 -1.4 -1.4 -1.4
126.7 122.4 121.7 118.5 114.6 111.3 108.9 106.6 100.5 97.8 96 93.9 93.1 93.7 92.8 89.7 85.6 80.2 78.1 71.7 67.4 63.8 59.9 60.1 60.5 61.4 61.6 63 64.3 65.3 66.8 67.4 69.1 70.7 73.3 78.1 79.5 79.2 80.4 81 80.2 79.9 79.9 81.3 82.8 83.3 83.7 81.5 75.1 60.9 54.9 47.5 44.2 44.9 43.9 45.1 45.7 44 36.4 27.2 22.4 18.4 15.3 8.1 5.9 2.7 1.1 -1.4 -1.4 -1.4 -1.4 -1.4 -1.4 -1.4 -1.4 -1.4 -1.4 -1.4 -1.4 -1.4 -1.4 -1.4 -1.4 -1.4 -1.4
136.5 133 129 125.8 122 116.3 112 107.1 102.4 97.9 98.8 98.5 98.4 95.1 94.9 91.7 86.8 80.5 77.8 74 68.6 66.8 64.5 61.2 59.8 59.9 62.4 65.3 65.8 65.9 67.2 67.7 69.6 70.5 73.6 77.3 79.3 78.7 82.9 81.8 76.7 75.8 75.3 74.8 74.2 76.9 77.1 78.5 76.9 69.7 57.9 48.3 42.9 42.3 41.2 40.9 44.2 47.2 47.5 36 26.9 21.5 18 15.1 8.7 8.1 5.9 -1.4 -1.4 -1.4 -1.4 -1.4 -1.4 -1.4 -1.4 -1.4 -1.4 -1.4 -1.4 -1.4 -1.4 -1.4 -1.4 -1.4 -1.4
