Game/Highland_Data/StreamingAssets/GeoData/Data/nm/NM67.asc
ncols 200
nrows 200
xllcorner 160000
yllcorner 770000
cellsize 50
[rows 148 to 184 of 200, columns 82 to 163 of 200]
-1.7 -1.7 -1.7 -1.7 -1.7 -1.7 -1.7 -1.7 -1.7 -1.7 -1.7 -1.7 -1.7 -1.7 -1.7 -1.7 -1.7 -1.7 -1.7 -1.7 -1.7 -1.7 -1.7 -1.7 -1.7 -1.7 -1.7 -1.7 -1.7 -1.7 -1.7 -1.7 -1.7 -1.7 -1.7 -1.7 -1.7 -1.7 -1.7 -1.7 -1.7 -1.7 -1.7 -1.7 -1.7 -1.7 -1.7 -1.7 -1.7 -1.7 24.9 44.5 22.8 5.9 -1.7 -1.7 -1.7 -1.7 -1.7 -1.7 -1.7 -1.7 -1.7 -1.7 -1.7 -1.7 -1.7 -1.7 -1.7 -1.7 -1.7 -1.7 -1.7 -1.7 -1.7 -1.7 -1.7 1 16.1 46.7 72.4 83.5
-1.7 -1.7 -1.7 -1.7 -1.7 -1.7 -1.7 -1.7 -1.7 -1.7 -1.7 -1.7 -1.7 -1.7 -1.7 -1.7 -1.7 -1.7 -1.7 -1.7 -1.7 -1.7 -1.7 -1.7 -1.7 -1.7 -1.7 -1.7 -1.7 -1.7 -1.7 -1.7 -1.7 -1.7 -1.7 -1.7 -1.7 -1.7 -1.7 -1.7 -1.7 -1.7 -1.7 -1.7 -1.7 -1.7 -1.7 -1.7 -1.7 -1.7 61.4 67.1 61.6 70.8 56 74.8 46 -1.7 -1.7 -1.7 -1.7 -1.7 -1.7 -1.7 -1.7 -1.7 -1.7 -1.7 -1.7 -1.7 -1.7 -1.7 -1.7 -1.7 -1.7 -1.7 -1.7 1.6 4.7 36.6 38.5 70.5
-1.7 -1.7 -1.7 -1.7 -1.7 -1.7 -1.7 -1.7 -1.7 -1.7 -1.7 -1.7 -1.7 -1.7 -1.7 -1.7 -1.7 -1.7 -1.7 -1.7 -1.7 -1.7 -1.7 -1.7 -1.7 -1.7 -1.7 -1.7 -1.7 -1.7 -1.7 -1.7 -1.7 -1.7 -1.7 -1.7 -1.7 -1.7 -1.7 -1.7 0.1 1.9 2.3 4.6 6.2 0.8 -1.7 -0.4 1 15.3 51.4 75.5 81.1 88.1 96.9 95.1 76.6 40.9 18.5 -1.7 -1.7 -1.7 -1.7 -1.7 -1.7 -1.7 -1.7 -1.7 -1.7 -1.7 -1.7 -1.7 -1.7 -1.7 -1.7 -1.7 1.2 2.7 3.5 18.2 30.6 38.2
-1.7 -1.7 -1.7 -1.7 -1.7 -1.7 -1.7 -1.7 -1.7 -1.7 -1.7 -1.7 -1.7 -1.7 -1.7 -1.7 -1.7 -1.7 -1.7 -1.7 -1.7 -1.7 -1.7 -1.7 -1.7 -1.7 -1.7 -1.7 -1.4 -1.2 -1.3 -1.5 -1.7 -1.7 -1.7 -1.7 -1.7 -1.7 -1.7 -1.7 0.8 2.9 17.1 11.1 6 2.1 0.4 0.8 1.9 9.3 46.6 74.6 80 93.5 111.6 105.8 103.2 86.7 63.7 33.9 37.7 10.2 12 -1.7 13.9 -1.7 -1.7 -1.7 -1.7 -1.7 -1.7 -1.7 -1.7 -1.7 -1.7 1.6 6.5 21.4 23.7 22.5 23.8 25.9
-1.7 -1.7 -1.7 -1.7 -1.7 -1.7 -1.7 -1.7 -1.7 -1.7 -1.7 -1.7 -1.7 -1.7 -1.7 -1.7 -1.7 -1.7 -1.7 -1.7 -1.7 -1.7 -1.7 -1.7 -1.7 -1.7 -1.4 -1.2 -1.1 -0.9 -1 -1.2 -1.4 -1.6 -1.7 -1.7 -1.7 -1.7 -1.7 -1.7 0.9 4.1 8.2 3.7 4.4 2.4 1.9 1.9 2.4 2.6 44.4 64.5 82.9 96.2 126.7 112.5 111.9 104.2 80.5 71.3 65 34 34.8 23.9 30.3 24.5 -1.7 -1.7 -1.7 -1.7 -1.7 -1.7 -1.7 2.6 6.4 14.3 27.5 55.9 63.9 59.5 53.1 68.3
-1.7 -1.7 -1.7 -1.7 -1.7 -1.7 -1.7 -1.7 -1.7 -1.7 -1.7 -1.7 -1.7 -1.7 -1.7 -1.7 -1.7 -1.7 -1.7 -1.7 -1.7 -1.7 -1.7 -1.7 -1.6 -1.4 -1.1 -0.9 -0.7 -0.5 -0.6 -0.8 -1 -1.3 -1.5 -1.7 -1.7 -1.7 -1.7 -1.7 0.7 1.5 2.1 2.2 2.4 2.4 2.4 2.7 3.1 2.4 40.2 60.5 84.3 104.1 136.2 121.5 116.2 110.9 96.4 91.6 80.2 64 56.8 37.6 38.6 27.7 13.3 2.4 2.3 6.4 2.3 2.3 2.4 4.4 25.2 39.4 58.6 77.1 77.6 70 66.1 101.5
-1.7 -1.7 -1.7 -1.7 -1.7 -1.7 -1.7 -1.7 -1.7 -1.7 -1.7 -1.7 -1.7 -1.7 -1.7 -1.7 -1.7 -1.7 -1.7 -1.7 -1.7 -1.7 -1.7 -1.6 -1.3 -1 -0.8 -0.5 -0.4 -0.2 -0.2 -0.5 -0.7 -0.9 -1.1 -1.4 -1.6 -1.7 -1.7 -0.8 0.3 1.2 1.5 1.9 2.4 2.4 2.4 3.2 3.1 5.7 28.1 59.7 83.8 106.6 134.1 128.6 124.8 123.2 113.1 100.6 96.6 74.8 61.4 45.6 35.1 27.1 18.6 20.7 26.4 32.1 22.2 17 4.9 8.4 27.5 48.4 78.7 89.4 92.3 92.9 97 112.3
-1.7 -1.7 -1.7 -1.7 -1.7 -1.7 -1.7 -1.7 -1.7 -1.7 -1.7 -1.7 -1.7 -1.7 -1.7 -1.7 -1.7 -1.7 -1.7 -1.7 -1.7 -1.7 -1.7 -1.2 -1 -0.7 -0.5 -0.2 0 0.2 0.1 -0.1 -0.3 -0.6 -0.8 -1 -1.2 -1.7 -1.7 -0.8 0.1 0.7 0.9 1.5 2.2 2.4 2.4 2.8 3.5 5 26.7 60.9 90.1 134.8 156.7 141.3 135.9 132.4 125.6 119.7 105 84 66.3 51.2 41.4 34.7 29.3 26.1 41.5 46.4 41 27.4 18 19.8 47.7 59.6 81.8 95.2 108.7 122.7 117.7 116.5
-1.7 -1.7 -1.7 -1.7 -1.7 -1.7 -1.7 -1.7 -1.7 -1.7 -1.7 -1.7 -1.7 -1.7 -1.7 -1.7 -1.7 -1.7 -1.7 -1.7 -1.7 -1.7 -1.5 -1 -0.7 -0.4 -0.1 0.1 0.3 0.5 0.5 0.3 0 -0.2 -0.4 -0.7 -1 -1.7 -1.7 -1 -0.3 0.1 0.5 1.2 1.9 2.4 2.4 3.6 6.7 27.2 63.4 65.3 92.5 149.3 165.2 157.1 149.3 145.4 132.5 127.9 117.8 90.8 75.4 67 54.9 41.9 39.5 41.9 54.5 52.3 47.9 28.3 28 31.9 56.8 74.4 97.9 108.8 130.5 136.6 132 137.7
-1.7 -1.7 -1.7 -1.7 -1.7 -1.7 -1.7 -1.7 -1.7 -1.7 -1.7 -1.7 -1.7 -1.7 -1.7 -1.7 -1.7 -1.7 -1.7 -1.7 -1.7 -1.7 -1.4 -0.9 -0.4 -0.1 0.2 0.4 0.7 0.9 0.8 0.6 0.4 0.2 -0.1 -0.5 -0.9 -1.7 -1.7 -1.7 -0.8 -0.4 0.2 0.9 1.6 2.2 2.4 3.3 13.6 33.2 91.6 99.5 112.7 151 165.7 168.7 168.7 152.5 136.9 128.9 116.1 96.7 79.3 74 68.1 61.9 45.9 45.4 59.4 57.7 57.5 50.1 42.8 44.7 63.6 91.2 106.5 118 158.5 157.8 153.2 149.9
-1.7 -1.7 -1.7 -1.7 -1.7 -1.7 -1.7 -1.7 -1.7 -1.7 -1.7 -1.7 -1.7 -1.7 -1.7 -1.7 -1.7 -1.7 -1.7 -1.7 -1.7 -1.7 -1.4 -0.9 -0.4 0.1 0.5 0.7 1 1.2 1.2 1 0.7 0.5 0.1 -0.3 -0.6 -1.1 -1.7 -1.7 -1.3 -0.9 -0.2 0.5 1.2 1.9 3 8.6 25.7 40.2 95.3 138.4 134 139.1 154.9 160.7 155.4 154.8 146.5 132 119.7 99.1 89.3 80.9 76.5 72.2 59.1 56 62.3 69.1 69.6 60.6 57.5 65.4 73.4 96.9 108.9 138.6 174.5 175.5 174.5 167.6
-1.7 -1.7 -1.7 -1.7 -1.7 -1.7 -1.7 -1.7 -1.7 -1.7 -1.7 -0.3 0.5 -0.3 -1.7 -1.7 -1.7 -1.7 -1.7 -1.7 -1.7 -1.7 -1.1 -0.7 -0.4 0.1 0.6 1.1 1.3 1.6 1.6 1.3 1.1 0.6 0.4 0.1 -0.4 -0.8 -1.3 -1.7 -1.7 -1.7 -0.6 0.6 1.8 2.4 4.3 18.7 36.2 73.1 127 163.3 163.6 155.1 158.2 160.4 153.3 147.7 148.1 137.7 127.2 107.7 107.4 89.9 87.7 73.8 69 69.6 84.1 78.2 74.6 70.1 71.7 81.4 85.3 121 137.7 169.2 181.6 186 178.2 174.2
-1.7 -1.7 -1.7 -1.7 -1.7 -1.7 -1.7 -1.7 -0.6 -0.1 0.3 1 2.1 3.2 -1.7 -1.7 -1.7 -1.7 -1.7 -1.7 -1 -0.6 -0.3 -0.3 0 0.4 0.7 1.1 1.6 1.9 1.9 1.7 1.3 1.1 0.8 0.4 -0.1 -0.5 -0.9 -1.5 -1.7 -1.7 0.9 2.4 2.4 3.2 6.5 23.4 45.7 81.9 134.6 175.4 188.1 184.5 178.6 168.6 167.6 150.7 149.9 139.1 132.8 117.7 118.6 110.5 100.3 91.4 82.1 71.7 84.3 85.7 83.4 77.6 80 91.9 106.1 143.3 161.5 186.8 192.1 192 183 179.3
-1.7 -1.7 -1.7 -1.7 -0.6 -0.5 -0.4 -0.4 0.1 1.1 1.6 2.3 18.4 19.8 7.3 2.4 3.8 4.9 0.7 0.7 0.2 0.2 0.4 0.4 0.5 0.8 1.1 1.5 1.8 2.2 2.3 2.1 1.8 1.6 1.1 0.7 0.3 -0.1 -0.6 -1.4 -1.7 -1.7 -1.7 16.6 4.3 7.1 12.5 17.3 41.8 81.2 138.8 187.1 200.5 195.2 187.2 177.2 173.7 160.9 160.8 148.9 140.4 127.7 132.4 131.7 116.2 101.8 84.8 78.2 83 90.2 89.7 86.9 87.3 94.3 122.4 152.4 170.7 193.8 194 199.7 190.1 188.3
-1.7 -1.7 2.1 1.1 1 0.7 0.6 0.7 0.7 1.5 0.8 2.4 22.7 30 7 3.8 4.8 8.5 5.4 1.8 1.4 1.1 1.2 1.2 1.1 1.3 1.6 1.9 2.3 2.4 2.4 2.4 2.3 1.9 1.4 1 0.7 0.3 -0.5 -1.3 -1.7 -1.7 -1.7 35.3 9.4 9.1 14.5 14.6 39.1 73.5 124.1 178 205.8 197.1 196 189.9 176 169.7 166.1 156.3 147.7 139.3 137.8 140.4 130.1 113.7 92.8 86.5 88.4 93.2 93.8 95.3 96.2 114.4 131.6 154.1 177 195.9 198.7 202.5 198.4 188.4
-1.7 -1.7 1 2.2 2.4 1.9 1.7 1.7 1.8 2 2 2.8 24.5 35.9 13.9 22.8 3 12.4 21.3 10.4 2.4 2.1 2.1 2.1 1.9 1.9 2 2.3 2.4 2.4 2.4 2.4 3.3 2.2 1.8 1.4 1 0.4 -0.4 -1.2 -1.7 -1.7 -1.7 29.6 29.1 22.9 16 15 28 63.3 116.7 159.1 199.4 198.8 193.3 185.6 180.7 171.4 169.9 161.1 146.3 149.4 143.8 140 132.6 117.6 105 114.6 112 104.9 100.6 107.2 110.1 125.4 155.3 168.5 171 173.3 180.5 186.3 190.3 187.5
9.3 5.2 4.8 14.4 12.1 5.4 2.4 2.4 2.4 2.4 9 16.5 34.5 40.9 29.8 43.4 33.7 13.8 26.2 19.1 3.5 3.9 6.8 7.5 2.4 4.6 3.4 3.6 2.4 2.4 2.4 2.4 2.4 2.4 2.2 1.8 1.2 0.5 -0.3 -1.1 -1.7 -1.7 -1.7 29 43 33.2 19.4 16.8 20 57.9 108.9 151.2 172.8 190 194.6 184.4 172.4 167 166.5 160.7 148.5 149.6 141.1 135.3 131.9 124.6 115.1 126.4 117.9 111.1 114.2 119.2 129.6 150.1 164.4 178.1 194.4 183.5 183.4 194.3 192.1 192.7
13.6 10 4.7 15.4 13.8 11.6 2.4 2.4 2.4 2.4 32 24.5 29.4 47.9 50.9 52.6 58.2 35.7 29.7 30.6 9.2 7.6 7.5 12.1 11.1 5.7 6.8 7.8 7.5 7 6.6 6.4 2.4 2.4 2.4 2.2 1.7 1.2 0.6 -0.7 -1.7 -1.7 0.8 10.4 38.4 36 25.6 20.1 24.3 64.3 106.1 143.3 165.7 175.3 192.6 190.4 179.9 167.7 167.4 164.6 158.4 151.9 145 143.8 139.2 127.6 120.2 128.7 124.9 122.4 129.2 128.9 156 177.2 178.7 196.7 201 194.7 197.4 205.8 196.6 191.4
15.9 14.7 8.4 2.5 13.1 9.7 4.5 2.4 2.4 2.4 30 48.1 32 41.3 50.7 52.2 56 41.2 32.5 39.5 17.2 12.9 9.4 17.5 14.3 9.3 10 10.1 13.1 14.1 16.2 11.2 2.4 2.4 2.4 2.4 2.4 2.3 1 -0.4 -1.7 -1.7 1.5 9.6 41.2 41 33.9 24.2 30.8 84.6 109.4 134.1 146.1 171.3 187.4 203.4 192.6 173.8 178.7 166.7 165.5 162.4 152.7 150.8 142 133.5 127.5 133.6 133.8 141.4 137.1 142.9 174.2 190.4 204.9 221.7 226.1 205.6 199.6 200.9 208.4 201.5
14.1 11.2 7.6 5.8 5.6 12.3 2.4 2.4 2.4 2.4 19.7 49.9 51.8 45.5 43.9 46 47.5 37.5 35.2 41 21.6 16.1 18.4 25.8 19.8 16.2 14.3 15.4 19.6 19.4 18.9 13.5 2.5 2.4 2.4 2.4 2.5 3.6 1.2 -0.4 -1.7 -1.7 1.8 13 36 36.9 40.3 26.6 34.9 83.6 114.2 134.5 155.8 171 188.2 199.6 209.6 186.2 190.7 174.7 178.1 178.2 154.8 149.1 143.1 132.4 125.9 133.9 137.8 141.3 140.6 162.9 187.2 198.3 223.2 226.1 232.1 228.3 220.1 207.5 217.4 208.4
14.2 12.6 7.8 7.8 2.4 8.6 2.4 2.4 2.4 2.4 14.3 28.7 35.6 42.2 44.2 45.2 39.5 38.6 38.1 33.3 31 20.9 26.8 28.4 31.4 21.2 22.2 22.9 25.7 26.4 20.1 15.7 3.9 2.4 2.4 2.4 2.4 2.1 0.9 -0.5 -1.7 -1.7 1.1 7.6 30.5 32.7 36.8 27.1 26.8 58.6 104 131 151.5 173.7 183.4 191.3 197.3 190.3 189.1 171.7 180.1 173.7 171.6 151.5 137.5 134.3 127.9 131 135 140.4 143.5 171.4 199.8 207.3 223.5 223 226.8 226.8 227.5 216.2 228.3 222.7
13.7 9 8.2 5.6 2.4 2.4 2.4 2.4 2.4 2.4 8.6 19.3 27.1 47 53.2 43 40.1 39.2 42.5 49.6 47.4 32.7 26.6 32.4 36.6 33.6 29.7 38.1 39.3 34.5 27.9 23.7 3.9 2.4 2.4 2.4 2.4 1.7 0.3 -1.7 -1.7 -1.7 1 2.4 13.2 21.2 23.6 24.1 27.9 56.5 108.4 133.2 148.2 172.4 192.6 200.4 200 175.6 175.7 172.6 181.1 171.1 168.3 165.5 147.1 134.9 136.5 136.3 133.7 138.8 143.1 167.8 190.2 202.1 210.3 216.9 226.1 221.7 226.7 221.1 231.2 234.1
16.1 10.9 10.2 9 9.9 2.4 2.4 2.4 2.4 2.4 14.4 24.9 40.3 57.5 63.6 48.2 45.1 47.5 40.5 46.6 42.8 32.2 30.1 42.6 42.6 35.4 39 45.7 48.5 42.2 31.5 27.5 8.8 3.6 2.4 2.4 2.1 1.4 0.1 -1.7 -1.7 -0.6 0.8 2.2 5.1 6.8 13.2 22.3 28.2 59.5 106.4 140.2 152.1 175.2 193.3 203.1 204.2 187.1 167.4 164.4 164.6 165.7 165 166.8 159.3 148.6 148.2 143.1 136.9 136.8 139.2 163.8 187.6 203.3 210.5 212.9 215.5 217.4 214 214.9 217.4 219.5
22.1 17 11.2 9.8 8.8 3.2 2.4 2.4 2.4 2.4 14.3 31 42.8 60.4 68 54 51 51.1 44.3 45.6 47.1 32.7 31.8 39.9 45.3 36.5 36.5 45.5 49.4 43.8 35.5 30.7 17.4 6.2 2.4 2.2 1.4 0.7 -0.3 -1.7 -1.7 -0.1 1.4 2.4 3.6 5.4 13.6 25.2 30.1 57.8 96.2 132.9 154 168.5 179.3 205.4 206.6 186.8 168.6 164.4 162.4 162.4 162.4 163.2 169 154.8 155.9 153.7 144.5 141.5 138.4 165.3 191.4 201.9 219.2 212.7 215.3 225.1 216.7 211.1 209.3 209.1
21.6 23.5 14.2 11.8 7 2.4 2.4 2.4 2.4 2.4 17.2 44.8 52.7 49.3 46.8 48.4 46.9 44.5 36.7 38.1 37.6 33 32.4 41.4 42.7 39.1 35.8 41 47.2 38.5 32.7 25.4 18.7 8.3 2.3 1.5 0.7 0 -0.8 -1.7 -1.7 0.8 2.4 7 8.4 18.5 21.6 27.1 31.6 60.9 86.3 107.7 143.7 167.7 170.5 208.5 203.2 180.8 170.8 169.5 162.4 162.4 162.4 162.4 164.9 161.8 168.3 161.8 154 147.5 141.3 153.9 184.7 203.1 215.6 212.6 212.8 217 215.4 212.1 214.8 215.5
24.6 24.8 17.2 12.7 8.2 3.4 2.4 2.4 2.4 2.4 19.7 38.9 54.1 54.9 41.3 36.7 49.9 43.4 41 32.7 30.9 37.2 41.1 48.7 53.3 45.2 35.4 32.8 30.6 30.2 25.8 22.3 15.2 6.3 1.9 0.8 0.2 -0.5 -1.2 -1.7 -1.7 2.4 17.9 23.1 23.1 28.4 21.4 28.6 28.4 41.5 63.6 93.4 117.6 144.6 165.6 184.6 196.4 180.4 166.5 175.9 165.8 164.5 162.4 164.2 170.7 163 161.1 158.8 154.5 149.2 146.1 162.8 177 198.7 206.9 209.2 206.9 216.2 210.4 211 216.3 214.3
28.9 23.6 20.9 13.4 9.2 6.4 6.6 2.4 2.4 2.4 14.7 30.6 42.9 40.4 32.2 35.3 53.2 44.2 37.5 30.8 30.5 39.4 45.3 56.7 60.1 49.7 35.9 37.9 41.2 35.7 34.7 32.2 9 4.5 1.6 0.3 -0.6 -1.3 -1.7 -1.7 1.7 3.5 29.8 34.9 27.5 33.7 28.9 25.8 30.7 57.9 58.6 71.6 98 111.8 132.3 164.3 177.7 175.6 162.3 168.6 166.3 160.9 162.1 165.5 172.8 165.4 161.1 155.8 150.5 148.6 147.2 157.4 164.8 181.7 191.4 196.9 202.7 201.7 200.5 205.8 209.6 206.8
39.2 22.3 19.8 15.5 10 5.1 11.8 2.4 2.4 2.4 6.8 25.1 30.4 24.4 24.3 38.7 42.3 43.8 46.2 28.9 28.6 36.4 50.4 58.2 61.8 46.2 36.6 43.6 38.2 37.2 37 38.8 22.7 8.5 2.1 0.6 -1.7 -1.7 -1.7 -1.7 2 4.1 30.6 44.7 29.2 36.2 32.5 31.5 38.7 76.4 84.9 76.3 79.7 88.7 117.5 134.1 151 156.2 146.3 155 158.4 156.1 161.5 165.8 172.6 161.4 161.4 153.3 149.6 144.2 143.3 158.5 164.2 172.3 180.7 182 189 199.5 193.8 195.7 195.9 199
34 24.5 17.4 11.2 6.7 3.5 4.2 2.4 2.4 2.4 2.4 7.6 22.3 16 28.1 30.2 36.3 36.2 38.5 29.3 26.2 32.8 57.3 59.1 54.4 44.9 39.9 34.7 34.3 38.6 36 26.9 22.2 12.4 4.4 1.8 -1.7 -1.7 -0.7 0.5 2.2 7 45.1 48.1 30.9 40.3 34.8 33 53.3 90.7 117.6 120.6 96.3 95.6 106 112.3 114 117.6 124.5 128.2 141.7 139.6 145 169.2 166.3 154 157.3 146.1 145.1 141.1 138.6 154.9 163.9 167.7 171.5 168.8 170.8 179 178.5 183.6 185.3 191
27.1 21.3 20.1 16.3 11.1 7.8 2.4 2.4 2.4 12.4 16.2 7.2 2.4 6.9 16.5 24.5 27.3 23.3 33 26.1 25.2 32.7 42.9 46.1 50.5 44.7 38.8 33.4 32.5 34.7 32.6 24.5 17.1 12 5.4 -1.7 -1.7 -1.7 -0.3 0.9 2.2 4.1 42.9 57.5 32.8 43 31.5 32.7 65.3 121.5 145.1 150.8 146.6 143.9 167 152.2 130.2 133.5 123.7 119.4 119.4 122.4 129.8 152.1 160 152.2 146.6 134 127.7 128.9 132.1 142.7 153.6 158.9 160.7 166.2 163.7 178.3 171 167 174.8 181.3
24.2 17.2 20.2 18.4 12.6 8.8 2.4 2.4 2.4 14.3 20.7 2.5 2.7 9.1 13.5 16.3 18.6 22.8 23.9 24.1 23.9 25.6 33.6 45.1 45.3 40.1 35.3 29.4 28.9 29.9 28.1 22 14.3 8.2 1.5 -1.7 -1.7 -1.7 -0.3 1 2.4 3.3 33.4 58.6 34.7 42.3 30.6 29.6 59.3 121.6 164.4 179.7 175.1 177.5 176 167.1 146.6 134.4 134.8 123.2 119.4 119.4 130.9 159 166.7 151 144.2 129.8 117.6 134.9 137.9 159.2 153 157 165.5 170.7 171.7 170.5 168.4 163 160 165
28.8 17.7 15.6 9.1 5.8 4.8 4.6 0.2 -1.7 3.1 17.3 3.6 7.5 13.2 14.6 15.2 29.7 27.1 27.2 22.9 23.4 24.6 31.2 45.4 46.1 36.7 32.8 25.8 24.8 28.8 25.7 26.5 18 6.4 1.5 -1.7 -1.7 -1.7 -1.7 -1.7 2.8 3.7 23.9 58.1 36.3 40.8 25.7 25.1 58.4 123.3 172.8 189.2 192.9 195.4 189.9 170.3 160.6 151.2 148.1 131.4 138 135.9 128.4 139.4 155.9 154 135.7 125.6 113.5 127.7 137.9 170.6 171 162.2 167.2 163.8 163.3 166.1 170.4 167.4 158.9 171.8
48.7 36.7 18.2 14.8 2.5 2.4 -1.7 -1.7 -1.7 1.7 3.4 3.8 4.1 19.9 13.7 13.9 25.4 23.9 30.7 22.2 26.2 28.2 26.5 30 34.4 34.3 31.5 21.8 21.6 24.5 23.3 30.6 20.9 10.9 3.7 -1.7 -1.7 -1.7 -1.7 -1.7 3.1 6.1 30.6 62.8 56.7 38.3 22.4 20 55.4 117.3 160.5 188.3 185.2 186 188.2 171.8 152.1 146.9 147.7 145 147.9 151.3 142.6 145.4 131 132.6 124.4 112.8 109.9 116.1 136.8 166.6 169 162.7 170.1 169.2 160.8 159.8 158.1 164.1 157.7 168.4
46.7 44.8 28.1 21.2 22 9.5 4 -1.7 -1.7 1.6 2.4 2.5 12.6 6.5 6.8 11.3 18.7 22.3 20.6 26.2 34 29.9 28.6 25.7 25 28.4 24.6 20 16 18 23.8 30.4 21.5 11.7 7.8 3.8 4.9 -1.7 2.4 2.4 3.8 13.4 40 69.3 64.7 47.1 20 18.1 50.3 93.2 127 152.2 180.6 183 175.2 163.6 149.7 137.9 134.7 137.5 144 141.9 144.9 155.1 141.7 123.7 108.4 108 108 122.8 127.1 152.1 155.2 156.5 160.7 160.8 159.2 162.6 163.6 161.3 154.5 167.1
43.4 39.1 27.7 22.4 26.5 20.1 1.8 -0.2 2.1 2.4 3.2 2.5 4.3 5.6 3.9 10.9 13.4 15.8 11.7 18.7 22.5 22.1 23.9 23.3 25.5 20.7 14 11.6 13 14.2 16.1 21.8 21.3 14 12.6 7.5 8.9 -1.7 2.9 2.4 8 21.8 45.6 76.8 58.6 55.3 25.6 14.3 36.8 87.6 119.3 131 176.7 181.5 162.7 157.4 146.4 135.9 125.1 121.7 125.5 130.4 131 140.4 144.6 126.7 115.4 108 108 114.4 122.5 130.1 136.2 146.4 160 162 161.6 167.6 168.7 157.6 151.2 154.7
46.5 35.9 29 20.2 18.9 14.3 2.4 2.2 2.9 3.6 3.5 3.3 3.1 2.6 4 4.4 13.6 11.3 7.1 10.5 16.5 16.8 15.9 21.1 21.8 15.4 10.2 8.4 8.6 9.1 11.6 16.5 18.1 13.8 12.9 8.3 7.8 -1.7 3.5 2.9 10.2 24.2 48.8 78.8 66.9 48.9 30.2 11.4 26.2 70.9 120 134.2 172.1 168.5 164.3 152.7 139.2 127.6 118.1 112.1 110.9 109 110.2 114.2 123.2 123.6 117 108.9 108 114 142 136.2 136.1 136.5 144.1 160.7 156 176 162.9 157.1 148.9 146.5
51.5 37.1 30.2 16.7 18.6 5.8 3.9 2.7 2.6 3.9 3.7 3.6 3.9 3.9 3.8 3.7 10.1 6.6 5.4 6.1 8.5 10.9 9.6 16.6 13.1 11.9 7.9 7.9 8 8 9 11.1 16.1 12.4 8.5 6.3 3.5 2.7 4.3 4.6 16 28.6 63.7 78.3 63 36.9 29 9.1 40 88.7 124.5 148.3 185 176.4 163.5 153.2 138.3 128.6 119.5 110.2 107.7 106.1 106.1 106.1 108.9 106.4 106.1 109.6 118 122.6 123.2 143.6 160 163.6 156.5 133.9 133.1 147.1 149.6 147.4 141.7 142.7
