Game/Highland_Data/StreamingAssets/GeoData/Data/nm/NM71.asc
ncols 200
nrows 200
xllcorner 170000
yllcorner 710000
cellsize 50
[rows 37 to 73 of 200, columns 84 to 167 of 200]
-0.7 -0.7 -0.7 -0.7 16.5 22.5 90.9 81.8 85.8 91.5 79.9 78.5 109.5 110.4 108.7 113.1 121.8 127.1 125.9 125.8 124.8 134.5 136.3 133 136.8 129.8 90.2 70.3 56.5 50.2 40.4 34.5 31.4 30.1 31.9 28.7 27.3 29.9 24.2 9.5 7.7 7.6 15.9 12.5 10.8 5.3 10.4 17.6 11.3 11.4 7.3 3.7 3 2 8.5 24.8 27.3 27.9 34.9 37.6 43.2 46.8 45.5 36.3 27.6 21.9 18.5 15.7 14 15.3 16 12.5 9.5 6.8 4.6 -0.7 -0.7 -0.7 -0.7 -0.7 7.4 6.9 17 18.3
-0.7 -0.7 0.4 1.2 2.5 9.9 30.5 73.4 71.4 89.2 66 60.4 91 103.2 111.6 115.3 124.3 128.2 124.6 130.6 133.2 131.6 131.6 141.4 138.2 115.2 73.6 58 56.1 43.7 37.1 31.9 30.3 29.1 28.5 27.8 27.3 28.5 17.4 8.6 7.9 7.4 9.1 15.4 7.5 11.1 20.7 18.5 8.3 9.2 8.2 4 2.8 4.7 15.2 26.4 30.4 28.9 33.4 33.6 35.8 36.8 38.7 30.6 23.5 21.8 16.2 14 12.8 13.6 16 16.9 20.1 9.8 4.1 -0.7 -0.7 -0.7 -0.7 3.7 7.4 6.3 9.2 9.3
-0.7 -0.7 0 0.7 1.5 4.2 32.5 53.6 55.9 69.8 57.1 57.9 88.9 102.5 113.3 113.7 117.6 122.3 121.9 124.9 131 128.4 137.4 138.3 134.2 92 65.1 53.5 44 34.5 32.3 33.6 29.2 27.7 27.6 27.9 20.1 19.6 11 8.8 8 8.9 6.8 6.7 13 20.1 21.1 7.3 5.8 5.1 4.3 3.7 3 6.7 28.2 38.3 38.8 32.9 31.5 30.4 31.9 29.1 24.5 21.8 23.1 18.4 14.4 12.5 12.7 13.5 17.1 21.8 21.1 17.4 5.6 -0.7 -0.7 -0.7 -0.7 4.9 7.6 6 7.3 7
-0.7 -0.7 0.2 1.1 1.6 2.9 35.6 47.9 57 57.7 57.2 57.8 86.4 107.9 113 110.4 109.1 117.6 123.1 121.3 125.6 130.3 133.4 140 119.2 80.7 56.7 45.2 31 28.4 33 30.5 31.3 26.7 26.5 23.7 17.3 13.8 9.8 9.4 8.7 7.9 6.3 6.7 10.6 15.6 8 5.1 4.2 4.4 3.8 3.7 3.2 8.3 36.9 46.2 43.1 35.5 32.8 26.4 20.5 21.6 13 12.2 15.3 15.2 13.3 10.5 10 10.5 16.4 22.9 17.8 11.5 7.6 -0.7 -0.7 -0.7 -0.7 7.5 6.2 5.4 6.1 5.5
-0.7 -0.7 0.6 1.5 1.6 5.1 46.9 55.9 62.1 62.7 57.6 58.2 83.1 113.7 111.4 105 111.6 115.2 115.9 120.6 125.6 143.9 143.3 138.2 102.4 66.7 53.2 36.4 27.5 23.8 26.1 21.2 24.3 27.1 31.5 19.9 16.2 12.6 11.6 12 20.8 10.6 8.7 7.2 9.4 8.8 7.3 8.7 5 5 6.6 4.1 4.7 13.6 41.8 43.3 43.3 36.1 28.8 22.5 11.6 8.1 6.6 7.3 8.6 9.8 11.4 9.5 6.8 7.2 8 9.4 11.6 9.8 4.7 -0.7 -0.7 -0.7 -0.7 4.2 4.5 4.7 5.4 4.9
-0.7 0 1.1 1.6 1.6 13.9 56.1 59.4 66.4 61.1 59.5 62.2 81.1 104.3 100.4 108.8 107.2 89.2 94.3 110.8 128.4 141.8 142.8 114.9 82.7 57.2 47.2 33.5 22.4 20.4 19.6 18.4 20.9 25.1 23.7 21.1 15.9 18.9 20.1 26.3 22.7 25.7 17.7 14.3 8.4 7.9 7.8 8.7 14.3 7.2 6.3 3.6 15.6 24.4 45.7 47 36.8 28.6 23.4 10.6 7.5 5 3.4 5.6 6.1 7.2 8.8 6.9 4.4 5.2 8 6 6.7 6.2 -0.7 -0.7 -0.7 -0.7 5.1 5.2 3.5 5.9 4.7 5
-0.7 0.1 1.1 6.3 6.7 45.3 59.1 68.1 74 59.3 58.2 61.4 88.4 100.8 104 109.8 85.3 85.8 94.4 103.5 123 135.9 110.9 84.6 72 50.7 36.7 27 20 18.9 17.2 17.6 21.3 21.9 19.7 21.6 28.8 31.3 30.4 27.2 41.2 35.5 18.8 13.7 9.6 9 9.4 11.3 12.6 16.5 5.6 4.6 29.6 24.3 36.6 36.6 33.8 20.5 12.9 7.1 5.2 1.6 1.6 2.8 5.3 6.9 7.1 5.2 1.8 1.8 2.3 2 -0.7 -0.7 -0.7 -0.7 -0.7 -0.7 6.6 7.2 6.4 4.7 5 6
0.8 1.2 5.5 9.4 13.8 55.6 61.4 68 73.7 56.4 58.6 68.9 92.3 94.5 102.1 101.5 84.8 89.2 101.5 115.7 118.2 98 85.2 74.4 64.5 50.9 32.1 21.3 18.2 17.7 16.7 17.2 23.3 20.6 19.1 20.9 37.9 42.2 33.8 36.7 40.9 32.4 21.1 16.6 13.3 15.7 14.4 13 12.5 6.8 4.4 26.1 29.7 21.6 22.7 28.6 22.4 10.5 7.3 3.9 1.6 1.6 1.6 4.8 5.5 6.3 5.7 2.5 1.6 0.9 -0.7 -0.7 -0.7 -0.7 -0.7 -0.7 -0.7 -0.7 5.7 6.9 6.7 5.4 5.3 7.8
22.1 22.5 31.2 34.5 40.2 56.4 65.7 68.7 64.3 57.9 59.1 65.5 91.5 99.6 96 92.6 86.6 105.8 114.4 118 98.7 83.5 80.4 67.4 56.3 41.9 27.6 17.4 16.7 20.9 16.2 19.8 23.8 18.6 20.2 29 38 38.3 41.4 40.2 38.4 25.3 21.5 21.1 18.3 15.9 13.5 13 14.1 5.5 5.4 30.1 23.5 15.9 15 13.2 10.2 6.6 3.9 1.6 1.5 1.4 1.4 1.3 4.9 2.8 2.1 1.6 1.6 0.4 -0.7 -0.7 -0.7 -0.7 -0.7 -0.7 -0.7 -0.7 5.3 7.4 7 5.9 6.3 24.5
100 102.3 75.7 78.4 69.6 47.6 63.2 76 57.9 56.9 62.7 60.2 92.8 102.5 94.6 83.7 98.6 105.5 109.5 119.7 96 96.1 83.9 67 49.3 36.6 24.3 16.3 15.6 16 16.9 19.8 18.6 18.1 20.2 39.2 39.8 39.7 45.8 38.5 36.5 26.8 28.3 29.6 20.9 17 15.7 18.7 15.8 4.7 20.3 16 14.2 13.7 11.9 8.4 5.1 2.2 1.4 1.2 1 0.9 0.9 0.9 1.2 1.6 3.5 1.6 1.6 -0.7 -0.7 -0.7 -0.7 -0.7 -0.7 -0.7 -0.7 -0.7 2.9 6.8 7.5 7.3 18.8 50.7
99.5 104.8 100.7 90.2 61.8 42.2 65.4 76.8 47 56.8 61.6 54.4 71.1 87.1 74.4 92.6 97.9 102.9 116.2 122.9 99.6 97.2 81.1 55.9 44 32.7 20.5 15.5 15.2 16.8 18.2 17 19.3 21.9 29.7 45.6 47.2 38.7 39.6 41.6 32.9 31.4 28.2 25.3 23.4 15.5 14 16.4 13 3.8 10.8 13.9 19.4 18.1 8.1 4.9 1.5 1.3 1.1 0.8 0.6 0.4 0.3 0.5 0.2 -0.7 1.6 0.8 -0.7 -0.7 -0.7 -0.7 -0.7 -0.7 -0.7 -0.7 -0.7 -0.7 -0.7 6.4 7.4 9.1 31.8 84.9
78.3 100.2 90.9 76 46 39.8 60.9 63.9 36.7 57.2 63.6 51.2 64.9 65.1 84.2 95.7 105.1 108.7 112.4 133.1 109.8 86.3 64.7 52.3 41.6 22.9 18.3 15.8 15.1 16.9 16.8 18.4 20.4 22.3 41.1 48.1 42.7 39.8 55.2 40.1 38.7 33.1 29.5 27.1 19.4 13 11 11.1 5.7 3.5 9.4 31.5 25.9 10.2 4.8 1.5 1.1 1 0.8 0.6 0.3 0 -0.2 -0.2 -0.7 -0.7 -0.7 -0.7 -0.7 -0.7 -0.7 -0.7 -0.7 -0.7 -0.7 -0.7 -0.7 -0.7 -0.7 4.9 7.9 19 53.2 99.6
29 39.7 47.5 44.4 32.4 41.9 43.6 39.4 24.7 47 60.2 53 51 75.1 90.3 102.7 114.9 120.5 119.5 127 113.3 81.5 60.6 46 33.4 23.8 19.9 15.8 15.2 18.5 17.2 19.4 20.2 26.6 43.4 45.5 41.2 57.8 50.9 45.2 36.1 36.4 30.8 28.9 16.1 13.1 10.7 6.5 3.4 3.8 25.9 28.6 21.1 8.7 4.2 1.1 0.6 0.6 0.6 0.3 0 -0.3 -0.5 -0.7 -0.7 -0.7 -0.7 -0.7 -0.7 -0.7 -0.7 -0.7 -0.7 -0.7 -0.7 -0.7 -0.7 -0.7 -0.7 2.3 7.2 31.1 80.2 113
6.8 10.4 11.4 9.4 11.5 20.8 35.7 11.5 9.8 19.7 47.6 43.7 47.9 76.8 99.2 105 124.8 123.9 131.4 133.3 111.8 83.6 59.8 40.1 30.2 23 17.5 18.6 18.7 18.6 17.8 19.2 21.3 27 33 44.1 50.3 57.5 47.7 43.8 39.1 31.5 30.9 17.8 13.6 14.1 8 5.9 3 5.9 32.1 27.7 11.6 5.2 1.3 0.7 0.2 0.1 0.1 0.1 -0.2 -0.5 -0.7 -0.7 -0.7 -0.7 -0.7 -0.7 -0.7 -0.7 -0.7 -0.7 -0.7 -0.7 -0.7 -0.7 -0.7 -0.7 -0.7 1.8 10 46.1 102.2 116.7
5.4 5.3 4.8 1.7 7.3 7.1 6.6 6.4 5.1 6.7 10.9 14.1 31.2 58.7 97.7 102.5 119.5 125.4 136.7 128.1 93.5 73.9 60.4 42.2 31.8 19.2 17.1 15.5 21.1 19.6 19.4 19.2 23.5 28.9 37.1 43.3 48.3 48 46.3 36.9 38.8 33.5 21.2 12.1 9.1 7.7 6.8 3.3 2.9 21.3 30 20.4 8.5 2.2 0.9 0.2 -0.2 -0.3 -0.3 -0.3 -0.4 -0.7 -0.7 -0.7 -0.7 -0.7 -0.7 -0.7 -0.7 -0.7 -0.7 -0.7 -0.7 -0.7 -0.7 -0.7 -0.7 -0.7 2 3.5 19 61.5 99.4 125.3
1.6 3.6 1.9 1.8 7.8 4.4 3.1 3.1 3.1 3.1 6.3 9.4 29.6 58.6 85.5 106.4 118.2 127.1 123.9 109.4 79.7 66.2 52 37.1 30.4 18.5 14.5 16.9 20.7 22.2 26.9 25.7 36.4 42.8 38.9 41.4 44.6 45.5 41.3 36.8 38.5 30.5 17.2 9.6 7.3 5.6 2.8 4.3 6.6 16.9 12 8.4 5.7 1.2 0.5 -0.7 -0.7 -0.7 -0.7 -0.7 -0.7 -0.7 -0.7 -0.7 -0.7 -0.7 -0.7 -0.7 -0.7 -0.7 -0.7 -0.7 -0.7 -0.7 -0.7 -0.7 -0.7 -0.7 4.6 11.5 36.9 66 94.2 118.4
5 4.7 5 6 7.2 3.7 3.3 3.1 3.1 3.1 2.6 6.3 14.6 56.1 81.7 107.7 117.3 104.9 99.3 88.4 64.9 54.4 42.1 27.7 21.7 18.3 13.6 16.7 24.5 28.5 36.8 48.2 45.4 42.5 38 37 46.7 44.8 33.4 35.5 31.6 20.3 15.1 9.3 6.3 3 2.2 4.3 18.6 9.6 8.4 6.3 2.1 0.8 -0.7 -0.7 -0.7 -0.7 -0.7 -0.7 -0.7 -0.7 -0.7 -0.7 -0.7 -0.7 -0.7 -0.7 -0.7 -0.7 -0.7 -0.7 -0.7 -0.7 -0.7 -0.7 -0.7 -0.7 5.4 41.4 53.2 72 109.1 119.2
1.6 1.6 4.7 4.9 4.2 4.9 4.4 3.1 3.1 3.1 2.2 5.1 18.9 61.4 55.9 78.1 82.5 91.2 83.8 57.3 46.1 38.7 29.7 28.2 17.2 13.9 14 15.8 23.2 42.8 48.2 49.5 50.1 45.4 36.4 39.5 50 35.7 29.3 29.7 16.4 13.8 11.4 7.2 6 2.4 2.1 7.3 7.5 7.2 8 5.1 0.9 0.2 -0.7 -0.7 -0.7 -0.7 -0.7 -0.7 -0.7 -0.7 -0.7 -0.7 -0.7 -0.7 -0.7 -0.7 -0.7 -0.7 -0.7 -0.7 -0.7 -0.7 -0.7 -0.7 -0.7 -0.7 12.5 59.4 63.8 80 114.2 121.5
1.6 1.6 5.4 5.6 4.2 4.4 4.3 3.8 3.4 -0.7 -0.7 3.8 9.3 10 20.3 52.1 80.9 69.4 51.8 32.9 31.7 27.6 22.6 18.8 12.7 11.9 14.9 17.9 27.2 48.9 50 56 53.8 36.9 36.7 40.1 43.9 24.3 27.3 21.7 16.1 9.7 8 5.9 3.6 1.6 2.4 5.7 5.3 5.9 5.6 1.4 0.4 -0.7 -0.7 -0.7 -0.7 -0.7 -0.7 -0.7 -0.7 -0.7 -0.7 -0.7 -0.7 -0.7 -0.7 -0.7 -0.7 -0.7 -0.7 -0.7 -0.7 -0.7 -0.7 -0.7 -0.7 -0.7 38.5 63.2 67.3 89.5 108.8 117.1
1.1 1.3 4 2.9 3.9 2.6 1.3 -0.7 -0.7 -0.7 -0.7 8.9 4.6 5.3 8.3 36.1 56.9 58.8 37.8 26.3 21.4 18.1 15.3 12.9 12.3 13.2 15.3 21.9 46.7 47.2 49.9 50.7 40.6 35.5 39.7 41 31.1 19.9 22.1 19.3 9.5 7 4.8 1.9 1.5 1.4 2.1 3.7 4.4 5.4 3.6 1.3 0.1 -0.7 -0.7 -0.7 -0.7 -0.7 -0.7 -0.7 -0.7 -0.7 -0.7 -0.7 -0.7 -0.7 0.8 0.6 -0.7 -0.7 -0.7 -0.7 -0.7 -0.7 -0.7 -0.7 -0.7 -0.7 52.4 67.7 74.3 104.9 113.5 114.5
-0.7 -0.7 -0.7 -0.7 -0.7 -0.7 -0.7 -0.7 -0.7 -0.7 -0.7 -0.7 0.9 3.2 6.5 10.1 46.1 53.1 44.8 24.4 19.5 16.2 14.1 12.2 13.5 15.9 23.4 45.3 45.2 43 44.5 39.9 36.1 34.9 40.1 34.8 25.4 16.3 18.2 15.6 7.7 3.9 1.4 1.5 1.4 1.4 1.6 3.3 4.7 6.8 4.3 1.8 -0.7 -0.7 -0.7 -0.7 -0.7 -0.7 -0.7 -0.7 -0.7 -0.7 -0.7 7.3 1.6 1.6 4.1 2.6 -0.7 -0.7 -0.7 -0.7 -0.7 -0.7 -0.7 -0.7 -0.7 20.3 66.2 76.1 90.7 109.7 117.3 114.6
-0.7 -0.7 -0.7 -0.7 -0.7 -0.7 -0.7 -0.7 -0.7 -0.7 -0.7 -0.7 -0.7 -0.7 4.2 6.2 11.3 40.9 31.2 25.6 18 15 14.3 13.4 14.4 22.7 30.4 48.1 43 48.1 43 35.9 39.5 33.5 41.4 28 23.9 15.9 9.1 6 3.9 1.8 1.3 1 1.5 1.4 1.3 3.2 4.5 4.1 2.8 1.5 0.5 -0.7 -0.7 -0.7 -0.7 -0.7 -0.7 -0.7 -0.7 -0.7 6.1 6.2 5.7 3.2 3.4 2.1 -0.7 -0.7 -0.7 -0.7 -0.7 -0.7 -0.7 -0.7 -0.7 42.2 75.3 82.5 98.7 112.3 117 119.4
-0.7 -0.7 -0.7 -0.7 -0.7 -0.7 -0.7 -0.7 -0.7 -0.7 -0.7 -0.7 -0.7 -0.7 -0.7 2.1 5.5 8.5 15.1 9.9 10.2 12.2 10.6 9.7 13.5 20.6 36.9 39.3 56.6 46.7 36.4 38.8 32.9 33.7 32.9 21.6 18.8 13.7 6.4 3.3 2.1 1.9 1.6 1.9 1.6 1 1.2 1.4 1.8 -0.7 -0.7 0.5 -0.4 -0.7 -0.7 -0.7 -0.7 -0.7 -0.7 -0.7 -0.7 -0.7 4.6 8.7 5.9 7.8 5.7 -0.7 -0.7 -0.7 -0.7 -0.7 -0.7 -0.7 -0.7 -0.7 -0.7 64.5 87 87.2 109.7 114.6 116.3 115.1
-0.7 -0.7 -0.7 -0.7 -0.7 -0.7 -0.7 -0.7 -0.7 -0.7 -0.7 -0.7 -0.7 -0.7 -0.7 -0.7 2.9 5.6 6.2 6 7.1 8.2 8.3 9.1 12.6 27.4 36.3 53.4 52 41.5 38.5 36.1 31.8 31.4 21.5 19.4 20.5 14.9 5 2.2 2.1 2.1 2 2.8 1.5 1.9 1.4 1.2 3.4 2.3 -0.7 -0.5 -0.7 -0.7 -0.7 -0.7 -0.7 -0.7 -0.7 -0.7 -0.7 -0.7 -0.7 1.5 5.7 7.1 6.7 -0.7 -0.7 -0.7 -0.7 -0.7 -0.7 -0.7 -0.7 -0.7 21.6 70.3 86.2 98.9 117 114.8 111.1 112.4
-0.7 -0.7 -0.7 -0.7 -0.7 -0.7 -0.7 -0.7 -0.7 -0.7 -0.7 -0.7 -0.7 -0.7 -0.7 -0.7 -0.7 1.4 1.4 1.8 5.8 6.5 9.3 11 21.3 29.5 43.8 50.5 43.3 41 37.8 34.2 34.2 25.3 19.8 19.6 19.5 9.1 4 2.2 2.4 2.3 3.3 3.8 2.6 2.4 2.7 3.5 4.9 6.1 3.2 -0.7 -0.7 4.9 -0.7 -0.7 -0.7 -0.7 -0.7 -0.7 -0.7 -0.7 -0.7 -0.7 1 6.7 3.7 -0.7 -0.7 -0.7 -0.7 -0.7 -0.7 -0.7 -0.7 -0.7 42.1 80.4 88.8 104.5 115.1 113.4 105.6 104.7
-0.7 -0.7 -0.7 -0.7 -0.7 -0.7 -0.7 -0.7 -0.7 -0.7 -0.7 -0.7 -0.7 -0.7 -0.7 -0.7 -0.7 -0.7 -0.7 -0.7 1.4 5.9 8.5 20.8 34.3 41.6 42.4 42.7 42.9 40.8 37.1 39.8 37.3 27.9 20.6 15.7 11.9 7.2 4.3 2.8 2.7 3.5 4.2 4.8 5.6 2.8 2.8 4.8 7.4 7.3 3.4 -0.7 3.5 6.1 -0.7 -0.7 -0.7 -0.7 -0.7 -0.7 -0.7 -0.7 -0.7 -0.7 -0.7 1.3 0.2 -0.7 -0.7 -0.7 -0.7 -0.7 -0.7 -0.7 -0.7 -0.7 63 81.2 94.8 97 102.7 101 98.7 91.7
-0.7 -0.7 -0.7 -0.7 -0.7 -0.7 -0.7 -0.7 -0.7 -0.7 -0.7 -0.7 -0.7 -0.7 -0.7 -0.7 -0.7 -0.7 -0.7 -0.7 1.5 6.6 8.3 29.4 42.8 50 44.7 38.7 38.7 41.8 44.2 41.9 33.1 24 21 14.5 9.3 8.3 5.8 5.5 6.5 3.9 4.6 6.7 6 3.6 3.1 5.7 18.7 7 4.2 1.3 4.6 3.9 6.4 6.6 6.7 2.5 -0.7 -0.7 -0.7 -0.7 -0.7 -0.7 -0.7 -0.7 -0.7 -0.7 -0.7 -0.7 -0.7 -0.7 -0.7 -0.7 -0.7 8.7 68.1 92.3 97.7 89.6 84.8 86.4 81.5 83.9
-0.7 -0.7 -0.7 -0.7 -0.7 -0.7 -0.7 -0.7 -0.7 -0.7 -0.7 -0.7 -0.7 -0.7 -0.7 -0.7 -0.7 -0.7 -0.7 -0.7 0.9 6.1 7.8 39.6 45.1 43.7 47.4 40.1 34.4 40.6 46.4 35.2 28.6 22.5 21.1 11.3 8.3 8.2 7.1 10.9 5.8 4.5 7.5 8.9 6.7 4.8 3.6 6.6 11.8 5.6 4.4 5.3 3.5 4.1 6.5 8.7 6.8 5.1 3.9 -0.7 -0.7 -0.7 -0.7 -0.7 -0.7 -0.7 -0.7 -0.7 -0.7 -0.7 -0.7 -0.7 -0.7 -0.7 -0.7 10.2 53.6 88 90.1 73.6 65.6 66 65.2 65.7
-0.7 -0.7 -0.7 -0.7 -0.7 -0.7 -0.7 -0.7 -0.7 -0.7 -0.7 -0.7 -0.7 -0.7 -0.7 -0.7 -0.7 -0.7 -0.7 -0.7 -0.7 4.1 7.9 44.2 46.4 50.9 52.8 40.4 33.5 32.1 40.2 27.9 25.6 21 21.7 9.9 8.8 8 14.5 11.8 5.2 7.3 17.5 13.6 7.5 4.4 3.8 11 15.3 4.4 1.9 5.3 3.5 0 5.3 10.5 8.2 6.3 3.7 1.7 0.7 -0.7 -0.7 -0.7 -0.7 -0.7 -0.7 -0.7 -0.7 -0.7 -0.7 -0.7 -0.7 -0.7 -0.7 12.8 49.2 68.9 67.9 66.4 62.2 53 50 42.9
-0.7 -0.7 -0.7 -0.7 -0.7 -0.7 -0.7 -0.7 -0.7 -0.7 -0.7 -0.7 -0.7 -0.7 -0.7 -0.7 -0.7 -0.7 -0.7 -0.7 -0.7 3.2 10.5 35.9 45.3 52.2 49.6 39.1 39.4 29.1 24.4 24.6 22.4 17.7 12.3 23.1 12.6 15.4 7.7 6.1 6.9 14.4 18.1 13.4 7.3 4.1 8.1 11.6 10.7 6.1 3.9 3.6 3 2.1 10.4 10.2 10.9 7.2 6.8 5.6 4.1 6.5 -0.7 -0.7 -0.7 -0.7 -0.7 -0.7 -0.7 -0.7 -0.7 -0.7 -0.7 -0.7 -0.7 9.8 44.3 54.2 56.1 63.8 58.7 39.2 36.8 18.7
-0.7 -0.7 -0.7 -0.7 -0.7 -0.7 -0.7 -0.7 -0.7 -0.7 -0.7 -0.7 -0.7 -0.7 -0.7 -0.7 -0.7 -0.7 -0.7 -0.7 4.2 6.1 7.6 28.6 33.4 49.4 39.8 47.1 37.1 30 22.9 19.4 16.1 12.6 17.3 16.5 17.7 17.9 9 6.4 7.9 13 17.2 17.3 6.4 4.3 6.8 12.6 13.4 5.9 4.9 4.1 2.8 7.4 13.6 15.6 9.9 8.5 8.1 7.5 17.5 -0.7 -0.7 -0.7 -0.7 -0.7 -0.7 -0.7 -0.7 -0.7 -0.7 -0.7 -0.7 -0.7 -0.7 9.5 41.4 49.6 40 43.7 37.7 19.2 13.7 6.3
-0.7 -0.7 -0.7 -0.7 -0.7 -0.7 -0.7 -0.7 -0.7 -0.7 -0.7 -0.7 -0.7 -0.7 -0.7 -0.7 -0.7 -0.7 -0.7 1.4 5.1 7.9 13.8 15.1 38.1 36.1 41.5 42.5 35.8 25.5 24.8 18.6 14.4 13.7 18.6 16.7 17.8 16.6 9.1 6.4 7.9 13.6 19.7 12.4 5 4.6 6.6 10.9 7.4 6.3 5.3 2.7 13.3 16.8 15.9 13.5 11.9 12.1 12.2 17.3 16.6 -0.7 -0.7 -0.7 -0.7 -0.7 -0.7 -0.7 -0.7 -0.7 -0.7 -0.7 -0.7 -0.7 3.4 20.9 33.3 30.8 27.2 21.5 14.4 8.3 5.7 5.5
-0.7 -0.7 -0.7 -0.7 -0.7 -0.7 -0.7 -0.7 -0.7 -0.7 -0.7 -0.7 -0.7 -0.7 -0.7 -0.7 -0.7 -0.7 -0.7 5.1 7.3 10.4 25.5 26.3 26 29.8 40.6 42.5 29.5 22.3 24.5 19.4 14.7 22.7 21.7 24.9 18.9 11.3 7.9 8.1 9.2 17 23.5 8.7 5.8 4.8 5.8 6.8 5.5 6 4.8 10.9 19.7 17.9 17.4 17.7 19.7 17.3 19 18.2 11.4 -0.7 -0.7 -0.7 -0.7 -0.7 -0.7 -0.7 -0.7 -0.7 -0.7 -0.7 -0.7 -0.7 6 28 26.7 25.7 22.1 18.5 9.9 6.1 4.2 4.4
-0.7 -0.7 -0.7 -0.7 -0.7 -0.7 -0.7 -0.7 -0.7 -0.7 -0.7 -0.7 -0.7 -0.7 -0.7 -0.7 -0.7 0.4 2.4 5.2 10 41.7 37.3 27.9 28.4 29.8 39 37 28.3 21 19.6 18.3 19.5 27.5 25.5 24.3 18.5 9.1 7.9 13 9.3 22 18.8 13.5 10.6 6.1 5.9 5.4 6.2 6.2 1.3 14.3 17.2 18.4 19 27.2 18.4 30.6 24.2 6.7 1.3 -0.7 -0.7 -0.7 -0.7 -0.7 -0.7 -0.7 -0.7 -0.7 -0.7 -0.7 -0.7 -0.7 7.8 27.2 22.3 27.4 20.6 17.7 9 5.3 2.8 3.2
-0.7 -0.7 -0.7 -0.7 -0.7 -0.7 -0.7 -0.7 -0.7 -0.7 -0.7 -0.7 -0.7 -0.7 -0.7 -0.7 -0.7 5.9 5.7 7.1 30.4 38 34.6 31.2 30.3 30.4 33.6 31.7 26.9 19.9 18.7 25.5 23.9 27.1 27.5 22 12.3 9.6 13.4 11.3 12.9 17.2 14.6 12.6 11.3 8.5 6.7 5.6 5.6 14.1 13.7 17.3 19.1 17.8 25.3 23.3 26.9 29.1 6 2.8 0.5 -0.7 -0.7 -0.7 -0.7 -0.7 -0.7 -0.7 -0.7 -0.7 -0.7 -0.7 -0.7 -0.7 7.6 17.4 18.1 20.3 16 8.7 6.8 4.8 1.9 2
-0.7 -0.7 -0.7 -0.7 -0.7 -0.7 -0.7 -0.7 -0.7 -0.7 -0.7 -0.7 -0.7 -0.7 -0.7 -0.7 -0.7 1.7 5.5 7.3 46.2 47.6 37.2 34.6 34.3 32.2 31.7 30.7 24.5 22.4 34.7 29.1 27.9 24.5 21.7 15.7 10.1 14.8 13.9 8.5 11.2 14.1 10.9 9 8.2 7.7 7 5.7 7.7 8.8 14.1 19.5 20.1 19 18.7 16 22.5 17.9 3.1 0.9 -0.7 -0.7 -0.7 -0.7 -0.7 -0.7 -0.7 -0.7 -0.7 -0.7 -0.7 -0.7 -0.7 -0.7 6.2 10.3 16.5 17.6 8.8 5.9 4.3 2.6 1.5 2.1
-0.7 -0.7 -0.7 -0.7 -0.7 -0.7 -0.7 -0.7 -0.7 -0.7 -0.7 -0.7 -0.7 -0.7 -0.7 -0.7 -0.7 4 4.9 7.9 48.4 40 40.1 35.7 39.7 40.2 35 30.8 29 39.8 38.2 25.4 23 24.2 20.7 10.9 8.8 16.5 13 8.5 10.3 9.5 9.2 7.2 7.3 6.1 5.8 6.3 6.8 7.7 15.7 15.8 16.7 18.9 16 26.1 11.9 5.1 1.6 0.7 -0.7 -0.7 -0.7 -0.7 -0.7 -0.7 -0.7 -0.7 -0.7 -0.7 -0.7 -0.7 -0.7 -0.7 3.1 6.5 8.7 7.6 7.6 4.6 2.1 1.6 1.3 1.8
