Game/Highland_Data/StreamingAssets/GeoData/Data/nm/NM73.asc
ncols 200
nrows 200
xllcorner 170000
yllcorner 730000
cellsize 50
[rows 76 to 113 of 200, columns 0 to 84 of 200]
362.5 368.2 371.2 372.3 368.1 362.8 332.2 318.4 313.1 304.5 300.3 293.4 300 297.5 291.8 277 272.3 271.4 261.6 241.2 228.8 221.7 213.3 207.5 200.7 192.3 184.3 175.4 164.4 159.2 156.8 155.5 148.5 143.6 143.9 142.1 132 126.7 119.7 115.2 108.6 104.2 95.6 82.1 67.7 57.7 46.1 39.7 42 42.1 47.2 41 52.7 65.1 68.2 58.2 45.7 38.2 15.2 5.2 3.4 2.4 0.5 -1.4 -1.4 -1.4 -1.4 -1.4 -1.4 -1.4 -1.4 -1.4 -1.4 -1.4 -1.4 -1.4 -1.4 -1.4 -1.4 -1.4 -1.4 -1.4 -1.4 -1.4 -1.4
378.8 377.3 381.7 382.1 382.3 382.4 354.3 339.4 339.2 319.5 310.7 307.2 300.9 304 295.7 284.3 274.2 268.2 261.3 249.2 231.9 221.9 218.6 211.4 200.8 194.1 188.9 179.7 171.1 165.5 158.6 156.6 153 147.3 146.4 140.4 134.1 132.7 124.7 116 110.4 104.8 98.9 92.8 84.3 68.7 55.2 43 43.2 40.4 47 49.5 51.5 62.4 70.6 66.4 55.9 45.1 33.4 8.2 4.7 3.2 1.6 -1.4 -1.4 -1.4 -1.4 -1.4 -1.4 -1.4 -1.4 -1.4 -1.4 -1.4 -1.4 -1.4 -1.4 -1.4 -1.4 -1.4 -1.4 -1.4 -1.4 -1.4 -1.4
390 390.4 393.7 396 389.9 388.6 374.7 359.8 356.1 336.5 325.1 313.4 305.7 306.3 298.6 287.9 275.9 270.2 261 252.9 234 226.9 222 213.3 208.7 200 194 188.4 179.9 173.2 171.4 162.6 157.2 156.4 147.8 142 137.7 135.5 130.1 119.6 113.8 110.4 105.8 100.1 95.4 78.4 62.1 46.9 35.3 37.2 45.1 51.5 51.1 59.9 73.1 72.1 62.9 52.3 39.8 17.8 6.7 4.4 3.3 1.5 1.2 -1.4 -1.4 -1.4 -1.4 -1.4 -1.4 -1.4 -1.4 -1.4 -1.4 -1.4 -1.4 -1.4 -1.4 -1.4 -1.4 -1.4 -1.4 -1.4 -1.4
398.3 397.7 397.4 401.8 401.1 396.1 389.6 376.9 368.8 349 339.5 327.1 312.1 310.1 299.8 291 279.6 276.8 264.2 258.2 244.4 230.7 226 217.2 213.7 205.8 198.8 192.7 185.7 179.4 175.3 168.4 161.3 157.7 148.9 145.1 141.9 137.7 130.1 121.9 117 114.5 110.6 106 103.8 91.2 71.2 55.3 39.4 32.7 41.4 50.4 54.7 60.1 75.1 77.5 69.3 56.9 44.3 26 8.3 5.1 3.5 2.4 2.4 3.4 2.2 -1.4 -1.4 -1.4 -1.4 -1.4 -1.4 -1.4 -1.4 -1.4 -1.4 -1.4 -1.4 -1.4 -1.4 -1.4 -1.4 -1.4 -1.4
410.4 408.3 405.7 404.7 406.2 404.6 401.2 394.3 389.7 362.3 352.6 340.7 324.2 310.2 303.1 292.2 282 276 268.4 260.9 252.2 235 229.5 222.2 218.6 210.7 202.7 196.7 192.2 182.8 177.5 171.2 166 163.4 154.6 146.3 143 137.6 131.4 126.5 120.3 117.3 113.9 110.6 108.6 102.5 82.3 66.2 48 30.8 33.9 45.5 56.1 55.4 74.1 79.9 73.4 58.8 47.7 35 9.3 6 4.2 2.4 2.4 3.4 4 2.4 -1.4 -1.4 -1.4 -1.4 -1.4 -1.4 -1.4 -1.4 -1.4 -1.4 -1.4 -1.4 -1.4 -1.4 -1.4 -1.4 -1.4
419.4 418.1 414.7 411.5 410.4 410.4 407.3 406.5 400.6 377.5 362.1 349.3 331.7 315.9 304.1 295.6 286.8 273.6 266.8 260.6 257.2 241.1 232.1 224.4 220.8 215.9 207.3 202.5 195.9 188.7 180.5 174.8 169.4 165.9 159.5 149.4 143.7 139 135.4 134 125.2 119.9 117.3 114.7 112.2 108.2 93.9 71.2 57.9 37.5 28.9 42.3 52.8 54.4 67.2 76 70.4 60.4 49.6 39 16.3 7.2 5.5 4.4 2.7 2.4 2.4 2.4 4.5 -1.4 -1.4 -1.4 -1.4 -1.4 -1.4 -1.4 -1.4 -1.4 -1.4 -1.4 -1.4 -1.4 -1.4 -1.4 -1.4
428 427.2 421.6 419.3 416.2 416 415.6 413.5 407.3 388.8 373.6 358.7 337.6 321.2 305.4 295 289 280 272.2 260.8 253.2 245.9 235.3 229.9 225.6 221 213.8 206.6 198.5 191.3 183.3 176.8 172.4 168.6 163.5 154.2 144.3 141.2 138.2 133.5 127 122.1 119.6 117.2 114.6 112.6 102.3 80.7 60 51.4 30.1 32.2 47.2 54.9 61.8 69.5 67.2 62.4 53 41.4 27.4 7.3 5.6 4.7 5.1 2.4 2.2 2.3 5.3 -1.4 -1.4 -1.4 -1.4 -1.4 -1.4 -1.4 -1.4 -1.4 -1.4 -1.4 -1.4 -1.4 -1.4 -1.4 -1.4
436.1 436 430.2 426 420.7 423.8 429.2 425.6 410.1 394.3 379.3 371.6 347.4 331 312.4 299.3 293.7 283.9 279.5 265.3 257.4 248.4 240.8 235.9 228.6 223.8 218.4 210.9 202.2 191.7 185.7 179.3 173.7 169.6 164.2 155.2 143.6 137.9 139.1 134.6 129.5 124.7 121.2 117.9 117.2 116.3 106.1 85.8 59.1 50.9 31.6 24.3 29 48.2 55.8 61.9 65.3 65.2 56.8 46.4 35.3 7.8 6 4.9 4.8 4.3 5.2 5.8 5.1 -1.4 -1.4 -1.4 -1.4 -1.4 -1.4 -1.4 -1.4 -1.4 -1.4 -1.4 -1.4 -1.4 -1.4 -1.4 -1.4
444 443.3 438 433.4 427.5 421 428.7 427.1 406.7 390.6 386 372.9 357.9 334.8 319.4 308 297.3 290.3 277.5 267.9 262.1 254.4 245 239.5 233.4 226.2 219 211.7 201.6 192.3 187 180 173.9 169.2 164.7 155.9 143 134.7 131.4 133 130.3 123.8 119 116.1 117.1 119.6 111.9 88.8 61.2 48.7 37.3 24.5 20.3 40.5 51.1 54.7 61.1 65.3 58.5 48.4 38.1 11.8 6.5 4.9 4.9 5.2 5.4 5.8 6.1 -1.4 -1.4 -1.4 -1.4 -1.4 -1.4 -1.4 -1.4 -1.4 -1.4 -1.4 -1.4 -1.4 -1.4 -1.4 -1.4
455 449.2 445.4 437.9 432.1 420.8 417.8 419.8 401.1 387.2 382.5 372.3 355.7 338.4 321.5 312 303.1 287.2 278.8 266.4 262.9 254.8 245.9 241 233.4 225.5 218.7 210.5 200.8 192.1 187.2 183.4 175.8 170.8 167.2 161.9 147.9 134.6 128.1 126.6 125.4 121.5 113.4 114.6 120 121.5 113.9 87.8 65.4 49.7 38.3 25.8 17.3 29.3 47.7 53.9 57.6 59.7 53.6 48 39.9 20.4 7 5.1 5 5 5.1 5.8 5.4 -1.4 -1.4 -1.4 -1.4 -1.4 -1.4 -1.4 -1.4 -1.4 -1.4 -1.4 -1.4 -1.4 -1.4 -1.4 -1.4
463 454.8 450.3 448.2 434.6 429.2 413.2 402 393.1 382.5 373.6 364 354.4 341.8 323.1 313.6 301.3 287.1 276.9 270 261 256.9 246.8 240.8 233.6 225.8 217.9 212 202.4 193.7 187.6 184.8 179.5 175.2 171 166 156.4 136.8 128.4 121.8 115.8 111 106.3 111.1 121 121.6 111.5 88.2 66.9 50.9 38.1 27.4 16.3 16.5 37.9 49.3 52 53.5 54.1 47.9 40.1 23.9 7.5 5.9 5 4.5 4.6 5.1 2.8 -1.4 -1.4 -1.4 -1.4 -1.4 -1.4 -1.4 -1.4 -1.4 -1.4 -1.4 -1.4 -1.4 -1.4 -1.4 -1.4
471.6 463.8 453.7 450.4 439.7 430.4 411.6 398.9 390.1 376.2 367.5 356.7 345 334.1 321.5 313.9 300 290.6 276.9 275.6 258.1 254.5 248.3 241.1 233.7 225.9 218.4 213.2 205.1 195.3 187.2 184.5 181.3 176.9 172.4 166.8 160.4 141.6 124.7 118.1 109.9 104.3 101.1 108.7 120.4 120 111.2 89.9 68.4 52.1 37 30.2 14.8 15.3 24.1 41.8 48.3 47.7 50.9 46.8 37.3 22.8 7 5.9 4.8 4.2 3.8 3.6 -1.4 -1.4 -1.4 -1.4 -1.4 -1.4 -1.4 -1.4 -1.4 -1.4 -1.4 -1.4 -1.4 -1.4 -1.4 -1.4 -1.4
477.7 474 461.3 448.4 436.3 425.4 408.1 394.2 388.2 374 365.9 349.4 333.8 330 315.7 309.9 301.3 292 281.2 267.2 263.1 252.2 244.9 240.3 235.2 226.5 219.2 213.3 205.4 193.9 186 183.7 181 177.2 172.8 165.7 157.6 138 123.9 115.5 104 100.4 99.9 101.7 113.4 119.3 114 87.1 72.6 51.2 37.4 31 14.6 13.1 14.6 31.2 42.3 43.2 43.2 43 34.7 23.6 8.2 5.7 4.5 3.9 3.5 -1.4 -1.4 -1.4 -1.4 -1.4 -1.4 -1.4 -1.4 -1.4 -1.4 -1.4 -1.4 -1.4 -1.4 -1.4 -1.4 -1.4 -1.4
481.8 474.9 463.9 445.4 427 414.5 402.5 393.9 378.8 371.3 361.6 347.5 331.2 319.9 310.6 306.2 300.7 293 281.8 270.5 254.1 245.6 243 236.6 234.5 227.3 220.5 213.3 202.7 192.3 184.9 181.3 175.8 172.8 169.4 163.3 153 135.3 120.7 112 101.6 97.5 97.5 98.2 105.1 114.7 111.2 89.1 73.6 52.9 36.8 30.8 24.2 11.8 12.7 19.1 34.9 37.5 34.7 36.3 31.4 25.3 8.3 5.7 3.9 3.6 4.3 2.9 -1.4 -1.4 -1.4 -1.4 -1.4 -1.4 -1.4 -1.4 -1.4 -1.4 -1.4 -1.4 -1.4 -1.4 -1.4 -1.4 -1.4
480.3 472.9 460.9 445.4 423.9 411.3 399.6 384.8 372.1 364.1 356.6 342.1 326.6 317.6 306.4 296.7 294.1 288.1 283.2 263.4 253.8 239.7 229.3 229.1 222.3 220.2 219.4 209.8 198.4 188.3 181.6 177.2 171.7 169.2 167 160.1 151.3 134.8 119.7 109.3 99.8 95.6 91.4 95.5 98.9 108 106.8 95 79.2 57.1 39.8 31.9 23.2 11 11.5 14.1 25.1 29 27.6 28.7 29.1 25.9 9.7 5 2.7 2.4 2.5 -1.4 -1.4 -1.4 -1.4 -1.4 -1.4 -1.4 -1.4 -1.4 -1.4 -1.4 -1.4 -1.4 -1.4 -1.4 -1.4 -1.4 -1.4
479.7 469 455.9 443 422.7 410.3 396.6 382.8 361.4 353.7 350.2 335.9 321.9 311.1 302 294.4 289.4 277.4 273.3 263.9 252.1 238.3 227 218 211.4 209.8 210.9 205.9 194.9 184.8 177.8 172.1 167.1 163.5 163.3 158.3 148.1 133.9 118.1 108.4 100.2 93.1 86.9 90.3 95.5 100.2 102.1 98.5 85.2 62 42.8 33.1 24.3 12.6 10.2 12 14.7 22.9 24.4 24.4 25.2 21.7 9.3 3.3 2 1.4 0.7 0.1 -1.4 -1.4 -1.4 -1.4 -1.4 -1.4 -1.4 -1.4 -1.4 -1.4 -1.4 -1.4 -1.4 -1.4 -1.4 -1.4 -1.4
478.5 465.6 452 444.7 422.8 401.4 389 373.8 362.5 345.6 342.8 331.1 316.3 304.4 296.1 290.7 284.1 277.3 273.3 252.9 247.8 234.7 225.7 215.1 202 198.5 199.2 196.3 188.5 180 172.3 169.1 163.6 158.6 158.1 153.5 142.9 129.7 114.7 107 99.8 92 84.7 86.5 91.1 94.5 100.5 100.5 90.2 66.7 47.2 34.1 24.7 15.2 11.9 11.2 13.1 16.5 20.1 20.4 20.3 14.2 5.7 2.2 1.5 0.8 0.1 -0.6 -1.4 -1.4 -1.4 -1.4 -1.4 -1.4 -1.4 -1.4 -1.4 -1.4 -1.4 -1.4 -1.4 -1.4 -1.4 -1.4 -1.4
478.7 461.7 448.2 439.5 420.1 392.1 382.6 367.8 355.1 340.5 330.5 323.4 311.6 300.2 289.6 283.6 277.8 274.5 272 262 244.6 226.2 218.9 214 202.4 190.6 190.6 185.2 179.2 174 166.8 164.3 162.9 156.3 152.8 148.3 141.8 125.8 110.6 103.8 95.6 89.6 82.4 82.7 86.3 90.5 98 102.1 90.8 72.4 52.7 41.5 29.4 18.5 11.4 9 12.1 15.2 19.3 16.3 12.3 9.2 3.8 2 1.3 0.8 0.2 -0.3 -0.8 -1.4 -1.4 -1.4 -1.4 -1.4 -1.4 -1.4 -1.4 -1.4 -1.4 -1.4 -1.4 -1.4 -1.4 -1.4 -1.4
479.4 459.4 447.8 435.2 415.7 389.9 381.3 362.9 351.5 333.9 319 313.1 301.9 292.9 280.9 277 268.1 267.6 265.6 257.2 243.9 230.3 215.2 208.4 197.4 191.8 180.8 175.9 170.2 167.1 161.7 159.8 161.6 152.7 150.6 145.5 139.4 125.4 108.7 98.2 91.2 85.8 81.2 80.9 80.8 85.3 95.1 98 89.5 71.6 53.8 42.6 30.3 19.7 11.8 7.4 10.7 15 14.9 10.8 7.3 4.8 3.6 2 1.5 1 0.5 0.1 -0.4 -0.8 -1.4 -1.4 -1.4 -1.4 -1.4 -1.4 -1.4 -1.4 -1.4 -1.4 -1.4 -1.4 -1.4 -1.4 -1.4
475.5 456.2 444.9 432 420.3 391.3 380.7 359.9 347.4 325.5 315.5 305 296.3 281.2 276.2 268.7 260.4 257.9 256.5 248.7 238.8 225.5 213.6 208.4 200.1 190.8 180.8 164.8 165.2 158 156.3 157.4 156.4 150.3 146.8 145.6 137.3 130.7 110.5 97.4 92.3 81.7 77 79.2 76.5 82 91.7 93.5 89.9 81.8 62.2 43.2 32.6 19.9 15.8 9.4 6.3 9.6 9.1 5.8 3.8 3.9 2.4 2.3 1.8 1.4 0.9 0.4 0 -0.1 0 -1.4 -1.4 -1.4 -1.4 -1.4 -1.4 -1.4 -1.4 -1.4 -1.4 -1.4 -1.4 -1.4 -1.4
468.2 451.5 437 424.5 414.4 388 379.6 361.6 348 327.9 312.4 302.3 288.8 280.3 270.8 261.9 251.8 250.5 242.8 236.5 228.2 221.2 206.8 198.8 198 190 180.4 169 160.9 150.5 150 155.6 150.8 147.1 143.3 139.4 135.4 129.3 116.2 98.9 91.3 80.2 73.1 71.8 70.8 75.8 84.8 90.8 92.3 88.3 68.1 45.9 30.8 19.6 13.6 8.9 11.2 6.1 4.2 3.2 2.4 2.6 2.4 2.4 2.2 1.8 1.3 0.8 0.4 0.6 1.1 0.4 -1.4 -1.4 -1.4 -1.4 -1.4 -1.4 -1.4 -1.4 -1.4 -1.4 -1.4 -1.4 -1.4
459.9 445.6 427.9 415.6 404.1 388.2 376.5 363.2 342.7 323.2 304.6 296.4 283.2 276.7 272.2 258.9 241.9 241.2 233.8 225.7 218.1 210.3 203.1 194.1 189.2 185.5 178.9 167.3 161.3 155.8 145.5 147 145.5 144.1 137.9 134.7 131.7 132.2 123.8 102.8 91 82.2 71.6 65.3 66.2 71.1 79 84.3 89.7 83.1 72.9 52.6 30 19.9 12.6 9 11.1 6 3.8 3 1.5 0.2 2.4 2.4 2.4 2.2 1.7 1.2 0.9 1.4 2.1 2.4 4 2.3 1.1 -1.4 -1.4 -1.4 -1.4 -1.4 -1.4 -1.4 -1.4 -1.4 -1.4
447.5 443.8 420.3 410.5 398 383.9 368.2 356.9 336.5 320.2 296.9 289.9 278.5 268.7 258.5 253 240.1 228.3 222.5 218.1 208.7 197.9 195 192.6 193 182.6 171.5 163.1 156 152.5 146 139.9 136.4 135.9 133.4 131 132.6 133.9 129.6 111 94.3 80.9 69.8 63.7 63.2 66.7 72.6 79.4 86.1 80 72.6 55.2 34.1 20.4 12.9 10.3 10.8 7.7 4 4.5 1.9 1.6 2.4 2.4 2.4 2.4 2.1 1.6 1.5 2.1 2.4 2.8 1.9 2.4 0.9 -1.4 -1.4 -1.4 -1.4 -1.4 -1.4 -1.4 -1.4 -1.4 -1.4
434.3 426.4 408.4 396.3 387.3 376.6 361.4 347 329.3 315.8 295.9 281.2 274.2 262.8 252.1 249.7 233.2 225.5 211.3 206.1 199.8 188 188.2 185.6 183.1 179.2 168.4 161.2 154.9 149.6 144.4 140 132.1 126.1 128.7 125.8 128.6 128.9 129.4 118.9 93.2 83.8 65.8 61.1 61.3 63.2 67.2 73.7 79.8 75.8 70.2 52.6 31.6 19.6 11 10 10.7 9.6 7.1 5.3 3 2.4 2.4 2.4 2.4 2.4 2.4 2 2.2 2.4 1.3 2.8 2.4 1.7 -0.3 -1.4 -1.4 -1.4 -1.4 -1.4 -1.4 -1.4 -1.4 -1.4 -1.4
425.8 404.5 393.5 381.3 373.4 363.4 348.9 324.5 318.7 305.2 293.3 273.4 267.4 254.7 246.2 241.3 225.4 218.8 209.9 197.4 192 183.4 182.1 179.5 175.8 173.1 164.9 161.8 156.7 149.6 144.1 140.5 138.2 131.8 123.9 121.9 120.7 122.8 125.6 121.2 101.3 82.6 68.3 58.5 58.2 60.7 65.2 70.1 73.1 71.6 60.3 41.6 29.8 17.7 14 11.3 10 5.1 10.8 7.3 5.3 2.8 2.4 2.4 2.4 2.4 2.4 2.4 4 3.6 3.6 3.1 2.4 0.9 -1.4 -1.4 -1.4 -1.4 -1.4 -1.4 -1.4 -1.4 -1.4 -1.4 -1.4
401 386.5 377.5 366.1 359.6 347.1 333.3 306.1 298.9 292.5 281.6 267.9 258.7 249.9 239.6 236.2 223.4 217.3 203.3 194.9 184.3 177.2 177.1 171.1 169.2 167.7 162.2 157.9 152.7 147.1 142.6 141 135.6 129.8 125 120.2 115.7 116.9 121 116.4 103.4 82.9 70.8 55.9 56.6 59.8 61.4 64.7 67.2 64.4 52.9 32.7 25.2 18.6 12.7 11.7 10.5 5.7 11.6 10.1 6.9 4.8 2.4 2.4 2.4 2.4 3.6 4 4.8 4.3 4.5 4.7 2.2 1.2 0.1 -0.6 -1.4 -1.4 -1.4 -1.4 -1.4 -1.4 -1.4 -1.4 -1.4
400.8 386.1 356.2 337.5 338.2 326.2 315.8 293.8 283.1 279.9 270 258.8 253.9 240.5 232.8 228.4 219 211.1 197.2 189.9 182.6 173.9 171 166 161.4 160.2 157.7 151.7 147.1 141.8 140.4 139.5 133 124.4 122.7 119.7 114.4 110.9 111.2 107.5 98.9 81.9 69.4 56.5 55.6 57.8 61.7 62 61.5 56.8 49.3 31.8 15.7 13 11.8 10.3 8.9 9.8 11 11.9 9.1 6.7 5.2 4.5 3.3 1.6 4.1 5.3 5.5 5 4.8 2.5 2.4 2 1 0.7 0.4 0.2 -0.2 -0.6 -1.4 -1.4 -0.9 -0.8 -0.6
382.9 373.4 352.6 331 308.5 303.6 295.7 278.5 272.9 265.2 258.9 250.8 246.3 232.8 229.4 218.2 215.9 205.5 192.3 186.8 179 171.2 169.2 166.5 157.1 149.2 148.5 147.6 139.5 136.8 136.8 135.3 129.4 124 119.2 117.6 112.1 104.2 101.2 97.6 95.4 88 66.8 56.5 52.6 56.4 60 58.7 58.3 53.6 41.8 30 21 13.4 11.8 11.1 10.2 10.8 14.4 12.1 11.3 8.9 7.9 6.4 5 4.5 5.9 7.2 6.1 5.4 4.4 3.3 1.9 2.4 2.1 2.1 1.9 2.1 1 0.3 -0.1 -0.1 -0.1 0 0.1
368.9 358.6 335.4 314.1 299.3 282.6 275.2 262.3 257.3 246.1 242 242.5 244.1 231 225 214.3 205.7 195.5 187.7 177.5 173.4 169.2 164.6 161.9 155.6 148.8 134.9 140.3 134.8 131.5 132.9 128.8 125.4 123.6 114.5 113.9 113.9 98.5 93.1 90 92.1 82.1 63 53 50 54.3 59.2 58 54.2 50.8 40.3 29.9 19.3 14.1 11.1 11.4 15.6 15.4 18.4 19 14.1 12.6 9.8 8.7 7.7 7.9 7 5.9 5.5 5.4 6.5 5.2 4.4 6.9 5.9 3.2 0.6 3.6 2 1.1 0.8 0.7 0.7 0.6 0.5
355.5 342.4 319.9 304.3 286.9 269.8 263.8 251.3 243.6 233.8 227.7 228.5 230.8 227.6 216.7 203.8 196.3 188.1 178.2 169.1 166.5 168.3 164.2 164.6 156.5 150.1 138.5 131.1 132.5 123.9 127.7 124.3 119.9 116.7 112.8 110.3 105 96.3 92.8 86.9 74.9 69.5 54.7 48 49.3 52.1 56.6 54.5 50.9 45 32.3 17.4 18 19.4 15.6 15.9 19.6 18.1 20.8 22.6 18.1 14 12.7 11.3 9.9 8.5 7.4 5.9 5.7 6.4 6.7 4.7 4.8 7.2 7 5.6 4.8 0.9 2.4 1.9 1.6 1.5 1.5 1.4 1
339.1 322 309 289.5 278.5 258 249.8 243.9 235.6 222.7 215.6 212.8 214.7 215.7 211.3 197 188.4 180 170 163.6 164.1 165.6 162.4 161.6 157.2 147.8 136.1 134.2 119.7 118.4 120.3 122.3 117.6 111.5 109 104.6 97.6 91.7 88.6 84.2 75 55.7 48.3 45.5 47 49.7 53.4 50.8 43.6 32.5 18.3 29.2 23.5 23.2 20.8 19.5 18.5 18.3 21.4 22.7 21.4 18.4 15.7 14.8 13.1 11.6 9.3 8.1 7.4 6.7 6.5 6.7 5.9 7.2 8.2 7.6 6.6 6.3 3.8 2.9 1.3 2.4 2.3 1.9 1.5
317.7 305.3 296.2 280.3 263.7 253.2 237.9 232.5 225.9 214.4 207.1 201.6 203.2 199.8 197.1 187.1 182.9 174.1 162.9 155.9 154.4 156.2 156.4 155.9 152.6 146.7 133.4 130.1 118.6 108.5 110.5 113.6 109 106.7 101.5 99.2 97.2 90.4 80.8 79.5 69.7 54 46.6 40.7 43.8 47 47.8 44.3 34.7 18 32.5 32.6 32.7 31.9 27 22.1 20.3 21.1 25.7 25 24.8 21.7 20.6 19.6 20.9 14.5 12.1 11.2 9.7 8.7 8.9 8.7 7.4 8.6 8.7 8.4 9.2 6.9 6 6 3.3 2.8 3.2 2.4 2
296 285.3 279 263.5 254.4 246.9 229.7 223.7 216.7 209.7 204.5 196.5 191 188.2 184.2 174.6 170.2 163.4 155.3 151.1 148.9 148.5 148.9 146.9 143.6 139.3 128.4 124.7 119 110.2 103 104.3 102.1 98.5 96 99.5 98.9 94.5 79.9 75.2 70.3 59.6 45.9 43.2 38.4 42.6 40.3 32 19.7 35.4 39.5 28.5 28.8 29 34.1 25.6 25.7 28 32.8 31.7 29.6 25.4 22.4 22.3 25.7 19.7 15 13.5 12.3 11.4 10 9 9.4 10.3 11.5 13.3 9 8.1 8.2 6 6.1 4.4 4.4 4.8 2.4
273.6 266.9 257.2 250.4 242.2 238.9 226.8 214.3 209.1 208 203.2 196.6 185.3 182.6 173.5 165.1 158.9 154 149.7 146.4 143.1 143.4 140.1 139.3 135.5 131.7 126.2 119.6 118.8 108.5 100 101.5 97.2 94 92.5 95.8 99.4 91.4 79.6 77.5 75.3 61.1 43.2 42.8 35.3 38.7 29.4 24.5 39.2 48 30.8 30 29.6 29.9 30.5 33.5 36 32.5 39.1 40.6 40.6 36.1 28 24.1 22 19.3 20.5 17.8 14.2 13.7 12.9 12.2 13.2 14.3 15.4 16.4 10.4 9 9 7.2 6.7 7.4 5.4 6.4 5.6
257.2 246.3 241.2 239.5 237 236.3 219.5 213.7 198.2 200 199.9 193.1 179.7 171.2 160.3 155.5 150.7 146.5 140.1 137.7 136.4 135.7 133.2 131.7 128.2 124.7 122.9 116.3 114.2 107.3 100 97.4 95.6 89.8 88.8 91.5 92.4 87.6 79.7 79.1 78.3 61.5 42.4 35.2 29.7 31.2 26.5 41.5 51.3 53.5 52 46.3 37.5 31.3 31 31.1 37.2 37.5 40.2 42 42.9 41.6 35.2 30.9 27.4 24 24.5 24 18.9 17.2 15.8 16 16.3 16.8 17.6 16.7 15.1 12 10.6 10.2 8.5 8.8 8.3 6.7 7.3
235.8 228.9 227.6 227.4 230.8 222.3 209.3 206.8 199.1 187 187.3 183.3 171.2 163.5 151.8 149.9 145.6 141.6 135 128.3 129.2 127.1 124.9 122.9 121.5 118.3 115.6 114.1 113.6 108 102 92 95.3 90.5 83.4 85.3 86.9 84.5 78.7 77 72.4 61.5 46.7 32.3 28.8 33.5 44.5 52 54.4 56.7 55.2 53 50 38.9 38.5 29.6 37.7 37.9 40.3 38.6 36.3 41 39.4 36.8 35.7 27.8 38.9 36.4 26.2 21.8 20.3 19.3 19.4 19.5 18.8 19 16.4 13.5 14.5 15.6 12.2 11.3 8.8 6.9 7.1
219.4 215.8 215.1 215.4 216.4 203.7 198 195.8 191.7 174.6 173.3 172.4 159.4 153.6 148.5 143.3 141 136.5 131.2 125.3 121.1 120.8 117.8 117.6 114.1 111.6 111 114 113.6 111.4 105.8 98.7 92.3 88.6 82.5 80.8 81.6 80.5 77.1 71.7 67.2 62.3 52.9 38.5 34.4 45.1 52.1 55.2 56.5 57.6 57.3 55.7 53.6 50.5 46.7 42.1 42.1 41.6 38.1 39 37.4 40.4 40.8 38.1 32.9 31.7 35.1 42.4 39.5 35.9 28.2 23.2 21.5 21.7 21.4 20.9 20.8 16.1 15.2 15.8 15.8 15.6 16.2 9.4 9.4
204.4 205 203.8 204.5 202.5 189.2 180.7 181.8 176.5 169.8 156.9 160.4 151.1 145.1 143.8 140.7 136.1 131.2 124.5 118.5 114.9 116.2 113.8 111.8 110.1 108.6 109.1 112.3 115.3 115.7 106.8 101.3 89.5 85.3 79.4 79.1 79.1 77.5 73.3 67.5 64.4 61.4 53 41.2 46.5 52.5 55.9 55.9 56.9 58.1 58.5 57.1 55.2 53.4 52.5 51.1 46.9 43.7 39.2 37.1 38 35.7 40.7 38.7 35.9 36.9 36.3 42.2 43.5 41 33.6 26.4 24.6 23.5 22.7 23.2 20.2 17.3 15.7 16.7 15.7 16.3 16.3 13 11.8
