Game/Highland_Data/StreamingAssets/GeoData/Data/nm/NM74.asc
ncols 200
nrows 200
xllcorner 170000
yllcorner 740000
cellsize 50
[rows 140 to 174 of 200, columns 78 to 155 of 200]
371.1 391.9 406.8 411.6 422 426.9 431.5 432.6 427 428.4 432 430.5 427 421.3 415.1 407.8 393.7 387.2 400.8 417.9 437 442.9 447.8 441.7 436.4 435.1 438.7 434.7 426.5 415.9 395.9 389.1 391.1 399 409.9 420.1 429.1 426.5 422 422.3 429.2 436.2 442.9 438.1 438.9 437.3 427.3 423.5 418.7 411 396.3 387.3 380 372.9 364.3 350.2 342.2 334.2 326.9 311.2 297 284.1 278.2 274.8 272.7 261.4 243 232.6 211.4 180.7 162.1 152 149.7 145.3 138.1 132.2 123.5 115.8
356.6 369 386.1 396.1 408.3 408.4 415.6 419.7 416.3 420.5 427.7 424.8 416.6 411.9 406.3 395.1 381.5 378.8 395.8 416.9 433.5 445.4 448.4 440.9 436.1 438.6 434.1 431.9 423.8 410.5 394.6 385.2 388.6 394.5 400.3 414.8 419.7 417.1 416.5 416.9 417.4 421.3 426.4 430.3 425.9 420.7 418.4 409.3 401.9 399.7 395.6 380.1 366.5 358.5 350.8 335.9 335 331.7 313.7 296.7 289.6 284.3 277.4 274.3 263.5 247.7 236.6 218.6 201.8 177.1 165.4 154.9 150.2 141.6 138 134.2 131.4 125.9
349.6 357.7 367.1 375.1 390.7 390.7 394.3 399.5 407.7 414.1 411.6 410.3 404.6 395.8 390.4 380.4 364.9 374.7 390.6 409.4 427.4 440.7 440.3 437.8 435.4 436.1 431.7 428.6 421.4 408.2 388.1 380.2 381.1 384.1 388.5 398.8 404.7 408.9 411.7 413.9 413.7 414.4 415 421.6 419.1 408.9 401.4 394.4 386.5 379.7 373.5 367.9 358.3 336.7 334 321.7 323.5 312.5 303 288 281.3 275.2 272.2 268.6 253.9 237.2 216.1 202.7 187.5 173.9 163.8 149.4 145.5 140.8 140.1 134.3 131.9 128.6
355 353.5 351.1 351.8 365.5 368.1 372.3 375.1 385.8 391.9 391.5 386.3 382.7 377.2 373.3 369.6 365.4 372.4 386.1 405.2 424.3 433.4 438.7 438.8 437.1 431.2 427.7 422 417.7 404.6 385.6 378 378.4 383.1 387.5 389.6 389.8 403 407.2 413.8 409 407.2 411.5 411 405.6 392.9 384.4 379.8 372.2 366.5 355.9 348.5 346.5 333.2 312.1 306.5 301.7 291.3 288.2 282.8 271.5 264.3 255.6 248.8 241.3 228.7 206.5 182 170.7 173.9 157 143.4 135.3 134.2 132.8 129.6 126.4 130.4
347.4 352.7 345.8 349.3 357.8 361.4 355.5 353.3 357.7 362.1 366.3 363.1 361.1 356.4 359 353.6 360.7 367.6 375.4 396.7 424.6 429.1 438 445.7 444.4 433.2 426.1 421.1 412.4 403.6 385.7 378.1 372.6 377.8 386.1 380.2 375.7 374.3 384.9 398.1 402.2 400.4 398.7 394.2 389.2 383.6 380.5 372.7 357.9 347 339.5 333.3 325.7 320.1 310.5 303.2 284.9 274.5 271.8 268.8 264.8 253.2 247.8 236 227.3 221.1 195.1 166.9 153.8 155.6 141.6 130 122.9 120.8 122.7 122.3 119 120.6
341.3 345.4 344.1 344.8 351.4 355.9 358.9 355.8 358.2 353.5 339.5 336.2 337.8 339.4 339.1 337.8 358.5 366.3 371.3 393.6 413.2 422.5 427 437.7 440.8 433.6 427 419.2 408.5 394.8 379.3 369.7 364.8 372.7 378.9 373.1 367.7 367.1 370.4 377.4 382.4 385.9 388.7 375.8 372.6 374.2 371 364.6 353.1 344.5 334.8 323.4 310.5 307.9 295.7 289.9 274.2 264.2 264.1 259.1 249.5 241.8 228.4 226.6 210.8 199.3 181.1 157.5 135.4 132.8 126.7 117.7 108.8 107.7 106.6 104.6 109 117.7
334.2 342.4 350 342.7 345.6 348.5 351.7 352.2 358.7 351.7 338.1 335.4 337.4 334 331.4 340.5 358.8 364.9 369.1 389.6 401.6 407.7 416.2 420.3 420.9 423.4 417.8 413.7 404.9 388.8 373.1 362.5 357 359.7 358.7 358.2 358.4 355.1 356 357.3 359.6 361.6 373.6 359.8 357.9 355.4 357.6 351.5 341.5 334.1 326.7 312.2 303.4 297.2 290.4 284.3 272.9 264.6 251.4 251.4 242.1 226.9 211.2 201.8 208.9 199.6 163.3 138.8 124.1 111.4 111.2 103.4 97.4 93.2 90.1 91.4 104 105.9
331.2 338 350 352.2 336.9 342.3 346.5 349.5 349.4 343.3 337 333.5 335.1 334.3 339 339 356.7 363.9 372 387.9 394.2 395.2 397.8 398.9 406.6 404.4 400.6 401.3 395.3 382.9 366.1 355.8 349.3 354.3 348.6 348.3 346.6 341.9 339 339.2 342.7 341.8 345.3 341.2 346.4 352.8 343.1 333.3 324.9 321.4 312 299.8 294.9 291.6 291.7 282.8 269.6 261.8 262.6 254.8 227 214.3 201.2 191.2 187.8 175.7 148.1 119.6 111.2 101.3 93.8 87.2 80.6 80.1 78.4 87.8 89.9 92.7
330.9 334.1 343 345.2 338.6 339.1 337.5 339.1 337.2 333 332.7 331.2 336.8 333.6 330.9 337.9 353.1 363.4 371.9 383.8 387.2 386 386.5 389 388.8 384.6 388.5 385 379.8 374.2 359.7 351.1 346.2 343.2 343.9 336.7 331.4 330.2 326 326 326.7 326.9 334.8 326.3 338.3 341.5 337.2 324.1 313.3 304.3 299.4 292.1 284 284.8 282.7 277.8 265 254 243.9 244.7 227.3 216.4 184.6 170.1 160.8 156.8 128.6 101 97.7 93.9 79.2 69.3 65.1 67 70.9 77.5 81.2 84.8
334.5 329.9 336.7 343.6 336.4 328.9 326.5 327.2 326.3 325.4 325 331.9 333.9 327.2 321.8 346.5 348.4 367.4 370 373.1 377.9 377.8 376 380.2 380.9 373.7 370.7 368.3 365.9 357.8 344.9 340.2 334 330.3 331.9 325.3 320.9 318.6 316.1 313.8 312.8 313.2 314.5 320.1 316.9 317.4 315.3 312.9 301.6 292.9 286.5 286.5 276.5 270.6 271.7 268.6 256.6 248.1 236.5 221 225.1 216.6 199.5 144.2 129.3 121.7 102.8 82.9 83.1 79.8 71.5 62.8 48.3 56.1 61.8 65.3 70.6 69.6
336 327.1 331.4 343.8 336 333 321.4 319 317.7 317.8 320.3 323.1 321.4 319 315 345 353.5 366 370.7 366.5 360.4 364.4 368.7 367.2 369.8 365.3 364.1 364.4 356.7 344.1 334.4 328.2 323 317.2 316.9 313 308.6 305.8 301.6 298 298.5 306.9 301.8 305.8 299.8 298.9 290.5 283.4 286.1 282.3 276 275.8 266.7 263.1 256.7 251.6 249 241.5 226.2 214.8 204.6 194.7 187.1 162.1 108.4 87.2 75.5 61.6 61.8 60.2 58.3 52.5 47.1 53.4 54.7 61.1 61.9 57.3
334.8 324.1 325.8 338 336 336.6 325 314.1 313.4 311.1 307.2 313.8 315 312.5 322.6 336.2 351.3 357.1 360.5 358 347.6 350.6 354.4 356 356.6 356.5 360.7 360.7 353.8 341.2 327.9 319.4 313.5 309.7 303.9 301.8 295.9 290.7 285 281.8 277.9 281.5 281.6 289.1 283.1 275.5 268.6 267.9 271.7 265.9 260.4 260.9 259.7 249.7 245.2 228.8 233.5 229.4 221.6 206.8 188.4 174.7 175.8 162.4 111 74.1 53.3 40.8 42 46.5 43.4 35.2 41 46.3 46.2 48.8 52.7 51.2
334.6 328.5 322.3 335.5 332.6 340.5 331 314.6 303.9 304.6 303.9 306.4 305.9 300.4 316.9 325.2 338.2 347.5 350.2 346.8 336.3 343.6 347.1 349.4 353.7 362.4 367.3 361.7 352.7 342.3 332.4 323.5 318.3 313.1 308.4 298.7 281.4 278.3 274.9 270.5 267.2 266 268.4 265.6 262 258.2 255.3 257 256.6 250.6 244.5 247.1 246.5 240.5 228.8 216.8 226.1 219.8 212 198.5 177.9 158.1 152.7 146.1 94.3 52.1 25.1 11.9 17.6 32.4 23.4 14.3 36.5 35.3 24.5 22.7 31.8 33.3
332.3 324 316.5 324 324.8 331.3 331.5 315 304.7 297.7 295.7 300.7 301.4 290.2 305 316.6 324.4 334.5 334.6 332.7 334.9 345.5 344.4 345.4 350.2 360.4 363.9 356.8 348.1 336 329.2 321.3 317.9 311.1 305.3 299.8 293.2 279 255.6 260.1 253.3 251.9 251.1 248.3 242.9 240.4 244.2 240.2 240.4 240.1 236.2 241.2 238 228 218.7 217.1 210.4 205.9 198 185.8 168.1 152.1 133.4 122.1 84.9 24.1 8 3.7 5.8 12 5 1.8 22.5 12.1 6.6 8.1 -1.4 -1.4
323.6 323.9 310.4 315.8 319.8 318.8 319.9 311.3 302.1 298.6 292.8 292.7 297.6 284.4 302.1 305.1 312.5 317.4 322.7 327 328.5 339.4 340.9 343.2 345.6 347.4 348.9 347.8 339.7 333 325.2 316.9 315.3 307.2 300 296.3 289.9 278.6 271.3 263.9 242.9 230.2 237.6 231.8 225.8 224.9 224.2 221.3 217.4 219.7 218.5 223.5 215.6 206.7 210.2 207.2 195.4 184.7 177.3 169.6 165.8 146.6 118 85.3 58.2 10.3 -1.4 -1.4 -1.4 -1.4 -1.4 -1.4 -1.4 -1.4 -1.4 -1.4 -1.4 -1.4
319.7 320 303.4 308.4 310.7 310.5 307.3 305.1 298.6 298.2 293 289.6 294.3 282.2 294.4 305.7 311.8 314.7 316 319.5 323.9 329.3 335.7 339.2 339.3 338.7 336.7 334.3 331.6 323.4 316.2 309.5 303.7 301.8 297 290.9 285.9 277.9 270.7 260.5 252 247.8 233.9 212.1 208.4 209.3 205.5 200 191.6 189.9 193.2 202.5 189.4 195.4 190.4 191.4 183.8 166.8 155.7 148.6 143.3 130.5 107.3 58 22.8 -1.4 -1.4 -1.4 -1.4 -1.4 -1.4 -1.4 -1.4 -1.4 -1.4 -1.4 -1.4 -1.4
315.6 313.3 297.3 301.8 302.1 301 300 300.4 294.3 292.5 289.4 281.5 279.6 286.6 290.6 300.9 309.5 315.2 319.1 322 327 327.1 330 334.7 335.4 337 329.3 328.6 327.3 317.5 311 301.6 297.6 299.9 293.4 289.8 284.2 276.7 265.3 256.4 245.7 239.9 229.5 223.9 217.8 198.7 186.1 182.3 173 168.5 173.2 175.7 176 174.8 170.1 167.6 163 154.5 135.4 122.6 117.7 104 71.2 28.8 -1.4 -1.4 -1.4 -1.4 -1.4 -1.4 -1.4 -1.4 -1.4 -1.4 -1.4 -1.4 -1.4 -1.4
311.4 303.4 294.6 295.6 296.7 294.2 292.9 285.7 292.6 292.2 291.4 283.4 271.7 278.2 286 295.4 303.7 311.3 318.1 319.9 328.7 330.3 316.8 317.3 320.6 325.9 320 314.1 316.4 311.2 308.8 298.7 294.1 296.1 293.7 284.7 282.1 271.6 260.1 252 243.6 233 222.6 217.1 206.4 197.7 189 168.9 157 150.6 157.7 161 163.6 162.5 158.6 149.2 142.6 133.8 121 105.5 84.3 68.1 46.8 -1.4 -1.4 -1.4 -1.4 -1.4 -1.4 -1.4 -1.4 -1.4 -1.4 -1.4 -1.4 -1.4 -1.4 -1.4
300.9 299.5 293 289.4 291.2 289 284.8 283.5 290 293.2 293.5 283.4 270.4 274.1 281.5 288.7 298.8 302.5 308.7 312.1 316.8 320.1 318.6 312.6 306.5 309.3 306.1 304.5 301.9 297.7 300.5 297.7 284.5 287.7 286.3 281 277.1 264 252.6 246.4 234.6 225.6 216.4 206.6 199.3 194.4 190.1 164.9 134.3 137.6 142.3 142.8 143.8 144.9 141.7 131.7 122.1 112.3 97 82 59.9 38.6 -1.4 -1.4 -1.4 -1.4 -1.4 -1.4 -1.4 -1.4 -1.4 -1.4 -1.4 -1.4 -1.4 -1.4 -1.4 -1.4
295.2 295.4 293.1 285.4 292.4 285.2 278.4 280.7 286.8 293.1 292.3 285.3 274.6 276.6 280 286.1 290.7 293.2 299.5 300.8 305 308.4 310.9 310.7 308.7 303.4 294.4 292.5 292.5 285.3 285.6 286.4 277.4 280.6 272.4 271.4 267.4 257.3 247.5 236.2 223.5 213.8 207.1 198.8 188.4 182.9 176.3 168.6 154.4 113.2 122.4 124.3 126.1 119.9 119.8 113 100.3 91.6 73.5 59.7 36.3 -1.4 -1.4 -1.4 -1.4 -1.4 -1.4 -1.4 -1.4 -1.4 -1.4 -1.4 -1.4 -1.4 -1.4 -1.4 -1.4 -1.4
294.5 294.1 292.1 277.7 286.3 280.9 277.4 277.3 280.8 283.7 286.3 285.1 286.7 273.7 265.9 276.1 278.9 285.5 291 291.3 295.2 298.4 303 305.2 304.6 301.4 298.6 287.2 273.5 275.9 274.8 272.9 265.1 262.7 260.2 252.8 241 237 232.8 225 213.1 203.7 197.1 185.8 175.5 161.2 158.8 162.8 148.2 122.7 96.7 100.8 99.3 96.2 90.8 88.9 78.5 70.6 53.5 37.3 26 -1.4 -1.4 -1.4 -1.4 -1.4 -1.4 -1.4 -1.4 -1.4 -1.4 -1.4 -1.4 -1.4 -1.4 -1.4 -1.4 -1.4
292.7 295.1 291.4 281.4 278.2 272.6 277.7 279.4 281 282.7 284.1 289.2 286.8 284.8 276.6 252.5 264.9 270.8 283.3 281.1 282.2 289.4 292.1 294.5 295 293.5 293.2 291.7 289 272.3 260.5 259.3 252.5 246.8 241.1 236.1 225.7 219.7 215 210.2 201.9 194.2 183.1 169.7 154.9 140.7 141.5 148.1 144.7 126.2 81.7 76.5 74.8 69.3 66.4 65.3 56.2 46.3 32.6 19 -1.4 -1.4 -1.4 -1.4 -1.4 -1.4 -1.4 -1.4 -1.4 -1.4 -1.4 -1.4 -1.4 -1.4 -1.4 -1.4 -1.4 -1.4
286.9 289 289.7 280.7 268.4 266.2 279.7 280.7 281.2 284.1 285.9 287 288 289.4 288.1 286.5 256.3 251.3 268.9 271.2 271.1 275.4 282.6 281 281.8 282.9 285.7 289.4 284.4 274.5 263.7 252.2 241.5 238.5 228.1 220.5 207.2 206.1 202.5 191.5 186.3 179.2 163.1 153.5 140.4 124.3 114.5 116.6 128.3 126.6 87.5 51.7 48 45.9 43.2 46.1 38.6 29.4 18.6 -1.4 -1.4 -1.4 -1.4 -1.4 -1.4 -1.4 -1.4 -1.4 -1.4 -1.4 -1.4 -1.4 -1.4 -1.4 -1.4 -1.4 -1.4 -1.4
281.3 287 282.8 277.2 260.2 267.1 274 278.9 284 295 296.2 291 294.9 295.5 294.1 290.3 278.8 255.1 250.1 259.7 252.8 256.6 260.6 263.2 261.2 268.2 270 280 276.4 268.2 263.3 256.2 240.1 224.9 216.8 209.2 195.2 186.9 176.7 169.6 166.1 155.4 142.9 132.4 118.6 107.9 91.6 84.7 108.9 101 74.5 45.7 26.9 20.2 18.9 18.8 -1.4 -1.4 -1.4 -1.4 -1.4 -1.4 -1.4 -1.4 -1.4 -1.4 -1.4 -1.4 -1.4 -1.4 -1.4 -1.4 -1.4 -1.4 -1.4 -1.4 -1.4 -1.4
269.5 278.1 273.6 267 255.6 264.2 273.8 279.6 291.4 296.8 296.5 289 286.7 288 289.7 291.8 284.8 272.6 253.9 228.2 230.1 237.8 241.9 245.9 244.2 248.7 248.7 255.8 258.6 261.7 256.5 249.7 239.5 223.8 197.5 188.1 181.9 160.7 150.7 146.8 144.4 136.3 123.9 112.5 99.2 81.4 65.8 54.3 57.5 55.7 42.9 24.3 -1.4 -1.4 -1.4 -1.4 -1.4 -1.4 -1.4 -1.4 -1.4 -1.4 -1.4 -1.4 -1.4 -1.4 -1.4 -1.4 -1.4 -1.4 -1.4 -1.4 -1.4 -1.4 -1.4 -1.4 -1.4 -1.4
260.7 272.4 274.9 270.1 255.8 265.3 270.8 283.7 291.3 292.4 294.3 282.8 279.7 277.6 282.4 286.8 284.4 277.6 266.1 255.4 237.2 211.6 221.1 226.4 229.1 232.2 232.3 231.8 233.4 242.5 242.5 237.5 229.1 216.7 212.4 200.4 184.3 165.4 151.5 144 146.4 137.5 113.9 84.5 73.6 54.1 34.2 24.3 16.8 15.7 -1.4 -1.4 -1.4 -1.4 -1.4 -1.4 -1.4 -1.4 -1.4 -1.4 -1.4 -1.4 -1.4 -1.4 -1.4 -1.4 -1.4 -1.4 -1.4 -1.4 -1.4 -1.4 -1.4 -1.4 -1.4 -1.4 -1.4 -1.4
262.7 275.1 277.8 264.8 250.2 254.5 265.7 276.7 285.2 281.2 283.1 274.5 270.8 267.2 271.9 274.3 279.8 274.4 271.2 264.1 261.2 242.8 223.9 198 211.3 215.4 218.3 217.9 228.4 250.6 257.2 249.2 237.7 219.6 206.9 197.9 188.1 175.4 152.7 146.8 144.9 137.2 130.4 110.6 71.8 22 7.1 2.4 -1.4 -1.4 -1.4 -1.4 -1.4 -1.4 -1.4 -1.4 -1.4 -1.4 -1.4 -1.4 -1.4 -1.4 -1.4 -1.4 -1.4 -1.4 -1.4 -1.4 -1.4 -1.4 -1.4 -1.4 -1.4 -1.4 -1.4 -1.4 -1.4 -1.4
257.5 260.9 264.5 250 240.4 253.8 262 270.8 270.2 268.8 267.7 260.8 262.3 264.3 262.1 261.5 267 263.7 265.6 269.9 272.8 258 235.8 215.5 193.5 205.9 210.2 213.3 223.8 246.9 255.8 244.5 231.2 214.1 198.7 187.5 178.3 161.8 152.8 137.8 128.5 124.2 113 102.3 83.8 38.4 -1.4 -1.4 -1.4 -1.4 -1.4 -1.4 -1.4 -1.4 -1.4 -1.4 -1.4 -1.4 -1.4 -1.4 -1.4 -1.4 -1.4 -1.4 -1.4 -1.4 -1.4 -1.4 -1.4 -1.4 -1.4 -1.4 -1.4 -1.4 -1.4 -1.4 -1.4 -1.4
252.2 245.8 249 241 243.3 256.4 258.2 262.7 261.2 260.4 259.6 255.6 259.8 265.3 259.5 257.1 261.1 264.1 267.2 267 271.9 265.1 241.4 222.4 198 186.6 202.4 203.6 213 225.6 245.6 232.7 223.7 205.8 189.8 177.4 166.8 155.8 148 132.1 115.9 99.4 90.3 83.8 50.5 -1.4 -1.4 -1.4 -1.4 -1.4 -1.4 -1.4 -1.4 -1.4 -1.4 -1.4 -1.4 -1.4 -1.4 -1.4 -1.4 -1.4 -1.4 -1.4 -1.4 -1.4 -1.4 -1.4 -1.4 -1.4 -1.4 -1.4 -1.4 -1.4 -1.4 -1.4 -1.4 -1.4
244.2 235.5 237.5 215.5 241.7 248.2 251.6 251.9 255.5 260.9 262.7 255.6 256.1 259.4 253.8 252.9 255.3 263.6 273.3 266.9 256.9 255.3 233.6 231.2 197.1 162.1 181.9 183 196.2 212.1 230.4 220.6 214.4 195.1 182 164 150.5 141.6 135.6 124.6 109.9 93.5 50.8 49.5 9.5 -1.4 -1.4 -1.4 -1.4 -1.4 -1.4 -1.4 -1.4 -1.4 -1.4 -1.4 -1.4 -1.4 -1.4 -1.4 -1.4 -1.4 -1.4 -1.4 -1.4 -1.4 -1.4 -1.4 -1.4 -1.4 -1.4 -1.4 -1.4 -1.4 -1.4 -1.4 -1.4 -1.4
237.9 229.4 225.4 218.4 235.2 243.4 249.8 246 255.2 261.9 259.1 255 255 258.4 251.7 253 258.9 258.5 271.4 262.9 247.8 233.3 214.9 217.1 206.2 163.5 154.6 157.7 169.8 185 198.9 208.7 198.7 179.2 164.1 154.5 137.5 128.5 120 107.5 98 80.8 36.8 4 -1.4 -1.4 -1.4 -1.4 -1.4 -1.4 -1.4 -1.4 -1.4 -1.4 -1.4 -1.4 -1.4 -1.4 -1.4 -1.4 -1.4 -1.4 -1.4 -1.4 -1.4 -1.4 -1.4 -1.4 -1.4 -1.4 -1.4 -1.4 -1.4 -1.4 -1.4 -1.4 -1.4 -1.4
228.5 225.1 219.6 213.1 224.4 240 239.5 242.4 250 253.3 260.1 249.2 251.9 251.3 254 251.1 253.6 249.4 257.8 248.6 238.6 223.3 210.5 201.8 199 171 127.1 123.6 140.5 152.1 173.7 184.7 180.8 160.4 146.4 137.1 128.4 115.9 101.6 90.5 78.6 58.6 13 -1.4 -1.4 -1.4 -1.4 -1.4 -1.4 -1.4 -1.4 -1.4 -1.4 -1.4 -1.4 -1.4 -1.4 -1.4 -1.4 -1.4 -1.4 -1.4 -1.4 -1.4 -1.4 -1.4 -1.4 -1.4 -1.4 -1.4 -1.4 -1.4 -1.4 -1.4 -1.4 -1.4 -1.4 -1.4
218.4 223.7 215.7 211.6 216 222.9 225.9 238.8 247.2 248.2 251.8 240.5 244 249.2 248.2 242.6 242.6 238.1 238.1 238 227.5 214.7 208.8 201.4 188.3 175.3 148.6 106.3 113.4 125.7 144.9 155 155.9 143.6 134 114.3 113.2 102.2 94.3 66.6 59.3 21.3 -1.4 -1.4 -1.4 -1.4 -1.4 -1.4 -1.4 -1.4 -1.4 -1.4 -1.4 -1.4 -1.4 -1.4 -1.4 -1.4 -1.4 -1.4 -1.4 -1.4 -1.4 -1.4 -1.4 -1.4 -1.4 -1.4 -1.4 -1.4 -1.4 -1.4 -1.4 -1.4 -1.4 -1.4 -1.4 -1.4
216.3 219.2 208 210 225.4 231.8 228.3 237.1 243.8 244 242.5 229.7 232.5 234.2 229.3 225.9 224.9 225 224 221.4 212.2 197 199.6 201.9 183 177 163.4 123.1 73.6 99.3 107 117.1 120.4 117.9 108.7 102.2 94.7 90.9 75 36 15.9 -1.4 -1.4 -1.4 -1.4 -1.4 -1.4 -1.4 -1.4 -1.4 -1.4 -1.4 -1.4 -1.4 -1.4 -1.4 -1.4 -1.4 -1.4 -1.4 -1.4 -1.4 -1.4 -1.4 -1.4 -1.4 -1.4 -1.4 -1.4 -1.4 -1.4 -1.4 -1.4 -1.4 -1.4 -1.4 -1.4 -1.4
211 213.2 194.3 206.8 230.2 234.5 227.9 230.6 235.3 226.4 234.5 219.1 217.8 215.8 208.8 204.7 204.6 204.6 205.6 205.4 196.1 183.5 182.6 178.5 175.7 173.9 155.4 123 77 63.9 73.9 80.9 85.9 88.4 84.9 85.9 90.6 70.4 45.1 10.1 -1.4 -1.4 -1.4 -1.4 -1.4 -1.4 -1.4 -1.4 -1.4 -1.4 -1.4 -1.4 -1.4 -1.4 -1.4 -1.4 -1.4 -1.4 -1.4 -1.4 -1.4 -1.4 -1.4 -1.4 -1.4 -1.4 -1.4 -1.4 -1.4 -1.4 -1.4 -1.4 -1.4 -1.4 -1.4 -1.4 -1.4 -1.4
