Game/Highland_Data/StreamingAssets/GeoData/Data/nm/NM80.asc
ncols 200
nrows 200
xllcorner 180000
yllcorner 700000
cellsize 50
[rows 148 to 184 of 200, columns 0 to 82 of 200]
-0.6 -0.6 -0.6 -0.6 -0.6 -0.6 -0.6 -0.6 -0.6 -0.6 -0.6 1.6 5.5 22.8 17.9 25.8 26.9 18.9 4 -0.6 -0.6 -0.6 -0.6 -0.6 -0.6 -0.6 -0.6 -0.6 -0.6 -0.6 -0.6 -0.6 37.1 63.7 76.6 80.9 90.2 94.1 96.2 97.2 93.5 85.3 77.8 70.8 60.5 53.8 65.4 76.7 101.4 136.3 188.3 189.1 190.9 188.4 191.3 197.9 207.7 200.3 207.4 196.8 194.3 179.1 163.2 147.9 148.3 153.2 153.8 160.8 179.1 200.9 212 218.8 218.9 222.6 212.1 210.6 218.4 220.9 210.7 194.4 194.6 180.8 169.1
-0.6 -0.6 -0.6 -0.6 -0.6 -0.6 -0.6 -0.6 -0.6 5.9 7.5 6.6 14.2 13.4 15.7 25.2 15.5 3.2 -0.6 -0.6 -0.6 -0.6 -0.6 -0.6 -0.6 -0.6 -0.6 -0.6 -0.6 -0.6 -0.6 30.6 60.3 74.3 84.1 95.2 99.3 101.5 109.2 112.9 104.9 98.4 94.5 82.4 70.6 66.5 61.5 68.9 87.9 121.5 169.8 186.3 183.9 187.6 191.6 209.3 207.9 198.3 205.9 195.3 185.2 171.6 149.3 147.3 156.1 153.4 159 166.8 172.8 190.3 212.3 215.6 218.7 212.8 204.7 210.8 214.4 217.5 204.1 190.4 182.8 176.5 167.7
-0.6 -0.6 -0.6 -0.6 -0.6 -0.6 -0.6 -0.6 7 10.6 15.8 19.5 14.8 13.9 17.4 16.3 4.5 1.5 -0.6 -0.6 -0.6 -0.6 -0.6 -0.6 -0.6 -0.6 -0.6 -0.6 -0.6 -0.6 17.8 56.2 75.6 78.1 89 98.3 99.2 110.9 122.3 115.9 112.1 113.2 105 94.3 82.2 78.6 76.1 64.5 83 122.4 152.9 173.2 179.3 191.5 191.9 206.4 201.8 201.1 194.7 186.7 170.9 159.1 146 165.3 168.9 183.9 180.9 178.9 177.8 186.8 204.2 211.5 211.9 207.1 200.7 207.5 199.6 204.5 197.5 193.3 180.4 173 163.2
-0.6 -0.6 -0.6 -0.6 -0.6 -0.6 -0.6 2.9 5.2 10.2 19.6 20.3 13.2 13.5 9.6 7.7 5.9 4.8 -0.6 -0.6 -0.6 -0.6 -0.6 -0.6 -0.6 -0.6 -0.6 -0.6 -0.6 -0.6 36.7 75.2 82.9 83.7 93.6 97.6 101.8 109.5 118.9 125.8 138.8 120.4 115.9 112.7 93.1 92 86.4 81.6 76.7 110.3 141.6 172.5 171.1 188.9 201.9 211.8 202.2 195.6 188.9 173.3 163.2 149.3 158.8 170.5 188.4 216.4 217.5 205.4 199.9 194.9 203.2 202.4 199.3 192.9 195.3 196.4 190.3 196.8 193.9 187.8 183.6 175.8 161.7
-0.6 -0.6 -0.6 -0.6 -0.6 -0.6 -0.6 5.2 8.6 21.6 17.4 15.1 12.3 10.3 9.2 8.8 13 -0.6 -0.6 -0.6 -0.6 -0.6 -0.6 -0.6 -0.6 -0.6 -0.6 -0.6 -0.6 34 60.2 65.6 76.9 91.2 97.4 106.3 112.6 115.3 125.2 141.9 140.6 123 123.2 117.1 107.3 103.5 104.9 99.4 87.4 96.9 130.1 154 167.3 182 211.5 210 204.7 192.6 176 163.6 156.1 140.8 162.2 178.7 208.9 229.4 228.6 220.9 212.6 207.2 206.6 207.7 198.2 192.6 187.1 182.8 182.1 185.2 184.2 184.3 186.2 172 161.6
-0.6 -0.6 -0.6 -0.6 -0.6 -0.6 2 10.8 21.9 18.1 18.8 16.1 11.6 10.5 9.7 17.5 -0.6 -0.6 -0.6 -0.6 -0.6 -0.6 -0.6 -0.6 -0.6 -0.6 -0.6 -0.6 30.3 62.3 71.8 76.2 79.7 88.4 102.2 118.4 121.8 121.4 145.4 149.8 144 130.8 125.5 115.9 116.1 114.7 130.2 119.7 107.4 92.7 123.1 140.1 156.1 181.6 203.9 208.9 201.4 187.2 167.5 154.9 143.4 146.5 171.9 193.2 224.8 236.9 235.2 232.8 225.5 217.7 209 205.7 200.1 195.2 185.9 179.8 178.3 177.6 174.9 174.2 173.2 163 159.1
-0.6 -0.6 -0.6 -0.6 -0.6 1.9 11.4 25.9 18.9 20.3 17.3 17 12.4 18.3 18.7 -0.6 -0.6 -0.6 -0.6 -0.6 -0.6 -0.6 -0.6 -0.6 -0.6 -0.6 -0.6 19.3 53.1 62.3 74.3 79.4 78.4 83.1 103.9 122.2 119.4 145.7 151.4 158.6 157.7 138.6 127.2 122.2 119.8 129.3 150.1 136.8 122.8 101.2 116.7 129.2 156.5 192.7 200.3 194.7 189.8 177.8 152.1 146.2 133 147.3 181.2 216.8 229.5 235.5 239.3 235.8 225.6 222.1 214.9 210.1 207.6 202.5 194.3 182.3 177.5 175.8 175.3 166.1 159.9 155.7 152.4
-0.6 -0.6 -0.6 -0.6 5.3 17.4 28.4 19.1 30.4 15.7 15.8 17.2 18.5 26.9 3.5 -0.6 -0.6 -0.6 -0.6 -0.6 -0.6 -0.6 -0.6 -0.6 -0.6 -0.6 -0.6 33.4 54.1 62.7 74.6 79.5 77.6 88.9 103.7 112.3 124.1 145.7 159.8 159.5 147.2 136.6 126.6 138.3 139.2 143 156.8 149.8 146.7 122.7 111.5 129.3 169.1 195.4 182.7 177.3 177.3 158.7 146.9 135.9 133.8 156.1 186.9 225.1 225.2 234.6 234.2 228.9 226.9 225.6 216.9 210.7 209.3 200.5 192.8 187.1 182.5 178.6 166.2 159.3 156.4 152.4 147.2
-0.6 -0.6 -0.6 -0.6 8.1 36.8 20.9 22.9 15.1 14.1 14.9 18.9 19.1 -0.6 -0.6 -0.6 -0.6 -0.6 -0.6 -0.6 -0.6 -0.6 -0.6 -0.6 -0.6 -0.6 -0.6 34.4 49.1 68 74.3 81.9 102.9 109.9 105.3 109.9 126.2 139.6 153.6 151.6 138.2 130.9 128.2 156.6 143.7 160.8 167.3 154.9 150.5 137.9 117.5 134 167 166.2 160.5 165.9 151.4 144.1 137.9 127.2 136.8 163.3 198.2 221.8 231.3 230.1 228.3 222.7 225.5 221.3 213.3 217.5 206 196.5 189 184.6 184.3 178.5 167.2 158 150.4 147.7 142.7
-0.6 -0.6 -0.6 10.1 21.6 32.9 17.2 17.1 13.7 15.9 17.4 20.9 -0.6 -0.6 -0.6 -0.6 -0.6 -0.6 -0.6 -0.6 -0.6 -0.6 -0.6 -0.6 -0.6 -0.6 9.7 35.1 51.8 69.6 69.9 97.2 120 125.6 119.3 123.7 121.6 139.3 142.8 138.6 132.5 128.5 135.1 149.2 146.6 167.6 166.7 161.9 158.1 145.6 123.6 123 138.3 143.5 153.8 139.9 135.4 134.2 126.6 129.2 138 169.3 210.2 223.6 235 226.8 222.1 219.7 216.8 216 215.8 213 199 190.4 189.2 183.2 180.9 180.6 166.8 156.9 151.4 143.9 140.6
-0.6 -0.6 16 13.8 24.2 17.2 15.2 14 13.6 15 30.1 -0.6 -0.6 -0.6 -0.6 -0.6 -0.6 -0.6 -0.6 -0.6 -0.6 -0.6 -0.6 -0.6 -0.6 -0.6 12.4 36.4 50.1 64.5 72.3 111.6 125 125.4 139 142.7 140.8 136.5 134 130.8 128.9 127.9 140.3 145.7 147.4 158.6 160.6 153.4 149.3 145.1 137.8 117.7 122.5 131 129.1 126.4 129.9 130.8 122.4 129.3 148.1 186.5 209.5 222.4 226.5 227.9 224.1 212.6 212 207.9 215 202 196.9 183.9 187.9 189.1 184.6 179.1 164.6 155.3 150.2 146.7 142.5
-0.6 17.9 14.2 17.2 18.7 15.6 14 13.1 17.8 31.9 16.2 -0.6 -0.6 -0.6 -0.6 -0.6 -0.6 -0.6 -0.6 -0.6 -0.6 -0.6 -0.6 -0.6 -0.6 6.9 22.9 38.1 47 57.7 78.2 115.2 127.6 141.9 153.6 152 149.6 144.1 132.1 129.7 137.8 141.4 152.2 146.9 147.1 153.7 150.4 146.1 146.9 143.3 134.7 122 116.9 119.3 119.3 121.9 132.3 121.2 126 130.7 154.6 193.6 211.7 219 225.7 231.3 221.6 206.9 209.2 206.5 206.1 197.9 186.8 181.3 184.8 183 176.6 174.2 162.2 153.8 154.3 151.2 137.7
-0.6 18.1 14.9 25.4 18.2 12.2 12.1 14.5 30.4 18.4 -0.6 -0.6 -0.6 -0.6 -0.6 -0.6 -0.6 -0.6 -0.6 -0.6 -0.6 -0.6 -0.6 -0.6 6.6 18.8 34 44.2 55.3 63.6 92.4 112.5 131.7 147.1 155.7 155.7 149 142.1 139.5 143.7 147.3 152.4 151.7 147.7 147.8 146.6 144.4 142.1 145 140.3 136.9 123.8 119.4 116.8 118 121.4 121 121 130.4 139.3 170.6 192.3 212.5 219.6 232.8 230.2 218.7 209.2 198.5 204.9 198.3 190 186.2 180.2 174.1 173.5 171.5 169 158 156 155.1 144.5 136.2
8.5 17 19.7 22.4 13.9 11.9 10.5 15.4 14.9 5.9 -0.6 -0.6 -0.6 -0.6 -0.6 -0.6 -0.6 -0.6 -0.6 -0.6 7.8 6.5 5.2 9.3 17.6 31.7 41.6 53.2 65.1 68.3 99.7 127.1 128.1 143.2 152.4 155.6 144.3 143.9 151.3 154.6 156 160.6 165.3 156.1 153.7 147 146.3 142 138.6 136.7 135.7 130 121.2 119.4 121.8 117.8 120.9 127.2 138.9 143.9 181.5 194 207.3 220.6 226.1 218.9 226.5 207.7 196.2 196.4 196.7 197.8 191.4 185.2 171.9 166.8 165.5 162 156.5 154.2 148.6 135.3 137.6
-0.6 10.2 21.3 19.9 14.7 12.1 12.5 8 2.9 -0.6 -0.6 -0.6 -0.6 -0.6 -0.6 -0.6 -0.6 -0.6 -0.6 15.4 17.5 17.9 18.8 21.9 29.5 37.7 50.8 63.7 74.8 93.3 116.2 129.2 147.5 147.8 152.1 147.9 142.1 151 151.9 168.6 166.4 162.7 169.5 161.3 156.9 151.1 145.6 144.3 138.6 133.5 128.1 127 123.4 125.1 135.6 119.5 120.4 125.1 138 150.2 184.6 191.2 205.7 211.7 217.9 213.3 216.7 205.5 196.3 189.2 197.2 195 185.5 177.6 168.6 158.8 161.4 154.2 152.1 149.2 137.5 133.9 146.8
-0.6 6.9 18.8 13.1 11.6 12.5 20.5 -0.6 -0.6 -0.6 -0.6 -0.6 -0.6 -0.6 -0.6 -0.6 -0.6 -0.6 14.8 21.3 23.8 26.1 27.7 32.3 37.2 44.4 59.5 71.8 85.9 111 125.8 131.9 144.6 147.8 153.5 148.9 143.4 148 157.1 173.5 169.7 160.1 161.5 157.9 154.6 151.2 144.3 143.9 144 130.5 130.1 135.1 131.4 130.5 125.1 124 121.5 130.2 142.4 163.2 178.2 190.8 195.8 205.2 206.3 215.5 208.9 201.6 191.2 187 194.7 191.6 181.1 175.9 167.1 154.6 154.6 147.8 147.6 137.6 135.6 133.6 151
-0.6 7.1 16 12.1 13 18.3 11.9 -0.6 -0.6 -0.6 -0.6 -0.6 -0.6 -0.6 -0.6 -0.6 -0.6 6.6 17.9 21.7 24.3 27 29.6 35 40.4 51.2 64.2 83.6 93.9 120 125.7 137.7 143.1 147.7 148.1 142.8 144.3 147.6 154.7 163.8 157.4 155.9 152.2 148.4 147.1 145.2 144 142.9 137.1 131.1 143 152.1 138.8 140 132 126.4 122.5 128.8 158.9 178.4 181.9 187.7 200.3 206.9 195.3 194.2 189.3 191.5 179.3 190.3 191.1 180.2 175.3 172.8 168.3 154.3 147 143 139.8 133.4 130.9 140.8 158.6
-0.6 8.8 10.8 15 26.9 23.7 -0.6 -0.6 -0.6 -0.6 -0.6 -0.6 -0.6 -0.6 -0.6 -0.6 -0.6 13.8 20.5 21.7 24.8 27.4 30.5 37 44.9 59.2 73.6 90.5 104.5 121.6 126.1 145.2 150.6 148 145.7 143.6 150.9 157.8 160 160.2 151.5 155.3 148.8 147.1 147.4 146.9 141.4 140.3 133.4 139.8 158.6 162.3 152.2 149.5 139.9 125.3 122 128.8 155.8 172.3 177.5 186.5 206.6 206.9 193 188.4 187.9 175.1 185.5 190.3 181.8 177.3 169.4 168.6 162 151.1 137.6 138.1 142.6 129.5 129.9 153.6 158.1
9.7 11 12 28.6 28.1 -0.6 -0.6 -0.6 -0.6 -0.6 -0.6 -0.6 -0.6 -0.6 -0.6 -0.6 -0.6 15.8 20.8 22.3 24.4 27.2 33.2 40.8 54.9 65.4 83.3 100.8 109.4 136.1 144.2 145.7 153.1 150 142.1 147.4 156.4 168.7 176.5 166.1 148.8 149.7 148.6 148.5 149.6 149 137.9 132.7 133 149.6 158.8 163.4 161.2 150.4 133.1 123.7 122.1 129.5 148.9 173.6 177.3 184.3 200.8 193.8 187.1 180.6 176.4 176 185.7 184.6 174.6 166.9 167.6 159.6 152.9 142.7 133.8 136.2 136 127 144.5 159.1 155.9
10.4 12.1 18.5 25.3 19.3 -0.6 -0.6 -0.6 -0.6 -0.6 -0.6 -0.6 -0.6 -0.6 -0.6 -0.6 7.8 14.6 19.3 21.5 23.8 29.2 36 48.4 63.6 80.7 93.4 101.9 128.8 146.2 148.6 146.1 144.6 137.7 138.7 152.5 175.6 183.3 183.4 172.8 149.7 147.2 146.5 146.3 147.5 141.5 135.2 133 147.7 161.6 157.3 158.6 160.4 156.3 134.6 125.3 123.3 128.8 144.3 157.1 170.3 186.4 185.7 189.6 179.6 173.1 173 176.8 185.4 176 170.3 167.9 162.7 151.3 142.5 137.9 127.1 139.8 128.4 128.5 145.4 157.3 157.3
10 17 28 21.9 -0.6 -0.6 -0.6 -0.6 -0.6 -0.6 -0.6 -0.6 -0.6 -0.6 -0.6 -0.6 6.2 12.7 16.9 20.5 25.2 30.9 38.3 63.6 73.7 99.8 102.1 114.3 137.3 142.5 150.7 152.2 135.4 132.7 137 157.7 185.9 191.3 187.3 174.9 149.1 147.8 145.4 143.8 137.9 134.2 132.9 144.1 156 159.6 162.7 164.4 160.7 145.3 138 133.9 126.7 149.5 174.4 156.5 161.4 174.6 174.5 171.6 171.9 175.8 179.4 176.4 172.4 167.8 162.2 163.4 158.6 144.9 133.3 129 122.1 133.9 123.9 133.7 148.6 155.4 157.4
17.8 33.8 29.3 13.7 -0.6 -0.6 -0.6 -0.6 -0.6 -0.6 -0.6 -0.6 -0.6 -0.6 -0.6 5.5 7.7 10.2 13.9 18 27.4 32.9 52 67.5 91.7 106.6 111.8 123.2 131.4 134 148 137.8 130.8 130.6 142.2 156.5 182.3 183.5 186.8 180.6 151.7 151.3 155.2 140.8 134.9 134.1 144.1 147 160.1 161.3 169.5 164.6 161.6 138.7 136 138.9 133.4 151.4 175.9 168.2 154 157.6 165 160.2 178.1 183.4 176.2 173.3 173.7 174.5 160.9 154.1 147.1 136.3 126.9 122.6 117.2 122.6 129.7 135.8 152 153.7 157.2
38.2 32.8 26.5 8.6 -0.6 -0.6 -0.6 -0.6 -0.6 -0.6 -0.6 -0.6 -0.6 -0.6 2.6 6.3 6.8 9.1 12.7 20.6 33 41.1 63.6 87 103.9 110 123.2 123.5 124.7 125.9 130.4 128.1 127.4 130.6 137.5 150.1 174.6 182.1 183.4 181.7 159.8 160.3 150.3 140.1 135.2 134.4 138.2 156.2 156.9 166.4 167.6 160.3 150.4 139.9 146.4 141.8 136.2 144.3 167 167.5 158.1 150 148.2 156.7 165 179.4 170.5 166.8 171.7 171.5 163.5 158.7 146.8 130.8 121.4 113.7 112 113.2 123.5 140.1 148.8 151 151.9
30.8 26.5 24 3.2 -0.6 -0.6 -0.6 -0.6 -0.6 -0.6 -0.6 -0.6 -0.6 -0.6 10.4 7.5 7.6 9 14.5 31 38.5 55.8 83.7 105.2 108.6 114.2 129.6 128.1 123 122.7 124 128 126.5 134.7 138.7 168.2 189.3 183.4 182.7 178.4 163.4 159 144.2 139 135.8 143.1 150.2 160.1 157.9 157.5 155.6 155.3 145.5 153.9 149.3 141.2 140.1 142.9 155.3 162.2 157.8 150.2 143.2 160.3 155.9 160.9 162 162.2 167.7 164.1 167.3 152.7 139.7 128.2 121.7 112.6 109.9 113.7 119.4 131.6 145 148.2 131.7
30.7 26.3 9.6 5.8 -0.6 -0.6 -0.6 -0.6 -0.6 -0.6 -0.6 -0.6 -0.6 13.6 18.8 8.2 8.1 8.8 22.1 36.6 46.7 72.6 101.2 114 114.2 118.8 131 125.8 122.4 121.5 130.5 127.4 130.2 144.8 163.9 194 203.6 189.7 183.6 178.9 168.3 147.6 141.9 140.3 142.1 149 164.3 158.3 161.3 161.2 154.9 153 154 156.9 148.1 150.4 153.6 149.2 155 167.1 170.2 154.6 143.6 142.6 148.9 144.6 151.4 154.8 160.8 158.3 157.9 143.6 132.7 134.1 127 110.4 108.7 108.3 114.5 133.2 139.3 130.1 109.5
36.2 16.4 9.6 -0.6 -0.6 -0.6 -0.6 -0.6 -0.6 -0.6 -0.6 -0.6 33.1 28.2 11.7 9.1 9.8 14.7 31.4 41.4 58.3 90.2 112.8 117.9 127.6 128.7 125.6 118.1 119.8 121 124.5 130.6 154.4 190.5 186.2 195.1 198.1 193.5 182 174.1 162.8 146 142.4 147 150 155.7 169.6 164.9 166.6 157 155.8 155.3 158.7 154.3 153.6 162.5 167.7 162.7 154.8 167.6 172.8 167.7 146 139.2 141.8 140.2 140.3 149.7 149.4 151.5 146 135.5 131.9 132.5 127.2 109.8 109.2 106.9 109.4 123.5 125.4 107 97.1
30.2 28 15.2 -0.6 -0.6 -0.6 -0.6 -0.6 -0.6 -0.6 -0.6 23.4 37.5 30.1 16.9 10.5 15.2 21.9 38.5 52.4 71.4 104.1 126.3 141.2 144 134.2 124.3 119.6 121.6 122.7 127.7 151.9 186.7 195.8 197.1 196.4 190.4 184.2 181.3 171.4 150.7 151.4 146.1 146.1 162.6 164.7 176.8 175.6 167.1 157.8 156.3 158.4 159.2 154.4 165.1 167.9 179.2 172.3 168.4 167.4 175.8 169.7 150 142.3 132.1 138.4 133.2 142.9 143.1 141.8 139.5 131.5 131.6 133.9 124.3 110.8 109.8 103.8 106.6 118.4 105.3 96.4 88.3
33.3 19.2 -0.6 -0.6 -0.6 -0.6 -0.6 -0.6 -0.6 2.7 26.1 38.5 36.1 22.8 17.1 14.3 18.4 31 47.8 61.4 85.3 111.5 141.6 151.8 145.3 132.3 123 118.5 120.1 130.3 145.4 177.8 187.5 199.9 200.3 193.2 177.5 172.1 179.3 165.1 148.6 148.3 147.1 151.5 150.2 171.4 180.9 180.4 161.6 162.1 163.9 159.1 156.8 168.2 171.4 175.9 182.8 187.5 184.8 166.8 168 157.9 153.7 147.2 134.8 130.6 129.7 128.5 135.2 138.6 133.5 131.5 135.3 135.7 116.6 115.1 106.7 101.8 106.8 91.6 92.4 88.6 81.2
21 -0.6 -0.6 -0.6 -0.6 -0.6 -0.6 -0.6 -0.6 18.5 37.8 33.4 30.8 23 18.7 21.6 28.7 35.9 53.9 73.9 103.2 124 147.6 150.3 141 127.6 124.7 117.8 118.2 126.3 141.1 175 185.9 203.2 195.3 186.5 170.9 164.6 168.4 154.7 149.2 147.1 146.5 144.5 148.9 171.1 178.7 172.4 165.4 165.6 164.3 160.7 172.2 173.8 177.4 183.3 182.9 192.9 187.3 174.3 163.1 160.9 162.7 150.6 137.5 121.2 120.4 116.9 123.4 127.8 128.6 133.1 135.7 129.8 116.1 112.4 101.7 100.7 83.9 83.4 85.1 78.7 74.4
4.9 -0.6 -0.6 -0.6 -0.6 -0.6 -0.6 -0.6 -0.6 8.9 27.7 28.5 27.8 24.7 23.8 29.6 40.1 42 57 84.5 112.9 138.6 153.1 145.4 134.6 135.1 127.4 116.8 117.1 126.5 141.8 157.4 183.5 201.3 192.3 179.1 163.5 154.7 156.4 156.7 145 145.9 144 143.5 155.5 173 178.5 168 167.8 168.6 162.1 173.1 178.6 184 184.5 183.4 199.4 198.8 186.8 177.6 167.6 164.5 158.1 148 137.8 125.6 112.3 114 114.9 120.5 129.2 130.3 131 122.7 112.5 105.3 99.2 85.6 78.6 80.5 82.3 71.8 66.1
-0.6 -0.6 -0.6 -0.6 -0.6 -0.6 -0.6 -0.6 -0.6 6.1 18.4 22.4 25.2 29.8 26.6 36.4 48 48.1 56.6 82.7 110.2 138.1 144 135.4 135.2 132.3 122.3 114.3 127.2 138.6 143.9 159.8 176 200.6 191.5 173.2 161 147.2 144.9 143.7 143.4 141.5 141.6 144.9 167.1 177.6 180.1 169.1 164.7 161.2 168.2 181.2 180.8 187.8 185.7 193 203.4 200.9 192.5 184.6 175.3 161.4 152.1 146.1 136.9 129.7 115.7 109.3 112.1 122.2 120.9 122.1 124.8 117.7 105 96.7 84.4 74.9 75.8 77.6 75.3 67.7 60.7
-0.6 -0.6 -0.6 -0.6 -0.6 -0.6 -0.6 -0.6 -0.6 2.6 7.5 15 25.5 32 31.1 47.1 59.1 59.4 81.1 110.3 126.7 134.5 134.2 128.3 132.2 126.7 119.6 117.3 146.4 154.9 157.9 157.8 169.3 185.8 182.1 175.2 160.6 144.3 143.6 142.9 141.5 140.9 142 147 178 185.5 180.9 168.5 158.5 161.5 177.8 180.3 187.3 185.2 181.9 201 207 203 194.4 191 183 168 155.2 145.3 136.6 127.9 116.7 107.1 106.4 114.8 115.2 115.3 109 105.2 102.6 85.4 75.8 75 74.8 75.6 71.4 63.1 53.5
-0.6 -0.6 -0.6 -0.6 -0.6 -0.6 -0.6 -0.6 1 3.8 6.5 10 25.2 31.8 40 57.7 64.3 82.3 110.1 128.3 137.5 125.8 122.2 128.2 131.8 122.5 113.9 121.2 153.8 188.6 188.1 176.8 179.2 179.4 184.3 171.9 159.6 144.7 145.5 146.6 142.7 141.1 143.4 151.1 182.3 180.8 172.7 160.6 157.8 173.3 178.7 180.8 180.2 178 189.8 196.5 204.3 197.4 194.1 202 192.2 178.6 162 145.5 134 127.4 115.2 106.9 103.1 101.5 105 112.2 104.8 100.8 90.6 76.5 75.5 75.6 76.7 74.6 69.6 53.8 49.5
-0.6 -0.6 -0.6 -0.6 -0.6 -0.6 -0.6 3.4 5 12.7 18 12.5 23.7 33 38.4 51.7 65.2 94.6 117.7 126.6 125.4 116.6 116.2 123 123.3 116.1 114 127.8 157.3 197.5 213 198.4 184.6 176.6 176.5 167.6 157.4 146.1 146 146.6 141.1 141.2 144 161.1 178.2 175 164.2 155.2 167.6 180.6 176.1 181.8 172.8 171.4 192.7 193.1 193.8 190.6 196.8 202.7 197.9 189.8 168 148.4 136.7 126.2 114.9 106.3 106.4 100 99 102.8 104.1 92.1 78.2 76.5 76.1 78.7 81.3 73.1 65.5 52.5 44.6
-0.6 -0.6 -0.6 -0.6 -0.6 -0.6 10.1 14.1 29.6 24.2 20.5 19.6 25.6 31.9 40.6 49.9 68.8 100.1 114.6 128.6 120.1 109.3 110.5 115.5 117.1 108.1 118.9 142.8 159.5 199.8 212.9 201.5 188.6 177.2 169.9 161.3 150.1 148.6 147.5 148 144 141.4 143.9 166.6 173.6 163 149.7 161.2 174.9 173.4 179.4 173.9 164.2 161.8 186.8 188.9 182 179.3 185 194.5 197.1 190.6 164.1 151.7 137.7 128.8 119.7 109.6 111.6 102.4 96.4 96.3 93.8 81.2 77.7 77 78.7 81 84.1 66.4 58.2 49.9 35.8
-0.6 -0.6 -0.6 -0.6 -0.6 12.6 24.8 39.4 39.8 31.2 21 20.5 25.8 34.4 46.5 49.9 69.3 101.6 118.2 125.7 114.3 102.6 108.9 112.3 112.1 107 125.6 142.4 167.9 204.4 207.7 199 189.2 179.1 166.9 152.5 149.3 151.5 154.3 150.3 143.3 142.1 141.9 158.3 160 143.5 153.7 169.3 171.4 166.8 168.1 165.4 156.7 164.6 176.5 179.2 172.6 174.6 181.5 185.7 188.8 180.7 153.5 151.1 143.4 146.7 136.4 120.9 110.5 107.6 102.6 91.1 82.9 80.2 79.1 79 80.6 80.6 80.5 65.2 54 43.4 33
-0.6 -0.6 -0.6 -0.6 -0.6 28.8 45.6 46.8 42.9 34 24.6 22.9 26 34 41.4 47.5 68.4 93.4 102 111.3 101.2 99.9 103 110.6 106 106.7 129 142.8 182.1 201.9 200.6 198.9 187.8 182.2 162 150.4 151.8 151.7 151.1 150.1 149.5 142 139.6 146.4 143 151.7 169.5 171.4 164.8 163.9 161.7 156.9 156.9 180.7 179.7 171.1 170.5 174.3 183.4 178 176.9 165.5 148.8 149.8 151.9 145.4 141.4 129.5 114.9 109.5 102.9 93.4 85.7 82.4 81.3 79.1 77.3 75.8 73 60.4 49.8 34.7 31.1
