Game/Highland_Data/StreamingAssets/GeoData/Data/nm/NM88.asc
ncols 200
nrows 200
xllcorner 180000
yllcorner 780000
cellsize 50
[rows 36 to 71 of 200, columns 80 to 159 of 200]
370.1 360.9 351.1 323.2 311 298.1 284.8 272.9 258.8 243.8 220.8 211.9 207.5 198.9 197.3 195.6 202 216 229.9 233.6 234.1 237.3 244 250.8 252.6 257.8 262.2 265.6 267.8 272.7 270 267.5 264.8 261.4 268.4 280 283.3 297.6 306.6 323.2 342 360 367.6 373.1 390.9 427.6 444.1 453.5 442.4 438.2 441.6 447.3 446.4 450 462.8 473.2 466.2 459.2 455.4 450.8 445.2 449.7 449.6 445 454.1 479.2 471.8 470.9 471.6 477.4 486.6 498.8 495.9 505.9 505.5 508.8 517.2 523.3 535.4 545.7
395.3 372 350.8 347 332.5 315.7 302.3 286.3 272.2 252 237.6 232.2 228.1 217.4 206.5 206.1 203.9 204.5 209.7 219.2 223.3 220.8 224.9 236.3 234.6 241.4 246.1 249.4 251.8 257.3 256.7 255.2 250.7 250.1 252.2 257.6 263.3 277.3 283.6 302 322 347.5 353.9 354 377.9 399.6 423.5 424.3 415.4 414.2 419.6 425 425.1 423.7 434.3 445.6 446.9 446.4 435.1 434.6 434 442.2 443.9 443.4 450.7 459.3 465.7 470.1 469 471.3 479.1 490.3 499.7 502 507.7 517.9 530.7 543.5 546.1 569.4
389.6 375 365.1 365.7 346.9 319 308.8 291.5 276.9 268.1 260.5 255.3 246.2 232.8 221.6 218.2 219 218.7 219.5 221.4 219.2 220.1 219.6 218.4 224 224.5 224.7 233.6 238.2 239.4 240.8 244.1 246.2 250.7 256.4 258.6 256.3 261 268.8 282.2 303.1 323 332.2 341.3 355.6 378.8 393.5 392 389.8 396.1 405.6 406.3 407.8 408.5 412.3 419.7 420 425.2 428 424.3 421.9 425.1 433.2 440 443.5 450.7 456.9 463.5 469.5 468.9 478.3 488.4 499.4 508.2 517 532.8 545.4 551 556.7 584.8
382.5 390.5 384.7 364.5 344.3 337.7 332.3 322.2 302.7 289.5 287.6 274.5 258.8 245.5 238 233.4 234.9 237.4 240.3 245.2 237.7 233.7 229.4 225.2 224.4 230.1 232 234.7 236 240.5 244.8 249.1 257.8 259.4 271.7 268.7 260.1 261.8 266.5 278.9 292.1 309.5 312.8 334.5 347.6 364.8 364.4 372.6 371.6 382.6 388.8 389.6 385.3 399.6 411.6 414 407.3 408.9 414.1 412.8 412.6 414.2 425.1 435.1 441.7 445.5 453.7 459.2 465.9 468.5 475.6 487.2 510.6 519.7 528.4 548 564 561 582.2 602.5
384.6 391.8 373.7 366.6 365.4 358.2 346.1 333.4 326.6 315.8 307.5 302.1 290.6 268.9 248.3 261 258.5 263.9 267.4 267.8 261.4 255.4 249 240.2 233.8 233.4 233.9 240.5 245.5 251.5 252.6 261.2 270.1 271.6 293.4 278.5 265.6 262.6 265.3 273.4 281.4 290.5 305.6 325.8 331.9 337.1 342.5 347.6 355.6 363.8 375.4 376.3 371.6 378.4 398.7 396.6 400 399 401.1 400.7 407.3 415.9 423 429.9 435.6 446.3 447.3 456 462.1 473.4 481.6 507.1 523.5 539.2 544.8 566 574 572.6 603.2 616.1
392.3 385.3 376.8 377.4 370.7 367.8 360 349.4 334.5 325.9 325.3 329.6 318.3 291.7 267.2 284.4 283.1 289 304.8 294.3 284.2 287.6 271 263.7 246.2 246.3 251.8 254.4 266.4 269.2 268.7 271.9 281.3 286.8 298.2 287.6 273.1 268.6 264.1 272.6 274.5 281.4 293.5 304.8 309.7 318.8 325.9 330.9 346.1 351.2 362.4 361.4 361.5 364.9 380.5 393.6 388 389.2 391.9 392.9 398 407.5 415.4 421.1 429.7 445.2 450.4 456.3 464.8 477.8 491.8 515.5 532.6 546.3 558.9 579 579.3 595.6 623.8 643.3
398.8 386.8 386.8 380 374.3 368 355.8 343.1 336.7 335 348.9 348 333.6 298.8 303.4 306.2 315.7 321.2 324.4 319.2 315.9 318 294.7 280.3 268 268.3 276.5 282 291.5 289.4 284.6 303.2 306.6 301.8 307.9 302.3 290.4 278.8 276.4 272.7 273.8 281 288.3 295 308.3 311.3 316.2 318.6 332.2 341.6 352.1 347.2 350.1 360.7 369.7 380.4 382.7 386.1 386.4 388.3 396.9 409.3 416.1 421.2 429.2 439.8 446.1 463.2 474.2 486.8 505.5 525.7 553.6 560.8 579.8 591.8 598.3 639.9 650 681.6
403 398.3 389.4 384.3 371.6 365 356.3 346.3 341.4 359.1 357.7 342 322 336.7 343.1 351.6 350.3 349.7 355.2 351.1 351.5 339.7 324.4 307.1 302.8 301.7 306.1 312.3 327.3 313.9 309.3 341.6 327.8 345.2 344.8 327.1 308.2 295.6 284.6 278.8 277.9 283.2 286.9 294.1 305.7 309.8 312.6 315.7 325.4 328.2 335.3 340.7 344.6 354.2 362.7 372.9 372.2 381.9 388.9 390.9 395.5 404.2 413.3 424.8 431.6 441.3 445.4 466.1 479.7 502.3 523.6 547.4 565.8 577.7 602.1 604.7 629.6 656.8 679.4 711.1
401.9 391.5 387.3 376.1 370.6 360.6 354.9 350.3 358.7 362.6 352.7 357.7 371.8 375.4 387.4 381.7 386.4 388.2 391.4 388.2 376.9 362.7 346.2 340.5 344.7 339.7 339.9 351.7 355.8 344.6 339.9 367.9 363.2 369 373.7 343.2 325.5 309.1 300.3 292.5 287.8 284.2 288.7 300 305.6 308.5 312.7 318.4 323.5 332.6 341.4 344.3 351.9 356.3 364 371.7 375.5 385.4 390.6 392.1 396.8 411.5 422.4 432.5 434.9 441 452 464.8 489.5 508.3 544.1 569 581.4 610.2 609.8 629.1 659.6 676.9 705.9 745.8
394.4 390.1 385.9 379.8 374.4 373.5 375.2 367.2 362.9 373.6 374.7 390.7 410.2 413.4 411.6 414.3 417.5 418.1 418.1 415.7 408.3 406.2 391 377.3 380.1 373.9 371.1 386.3 387.1 369.8 363.8 382.9 384.9 393.8 373.3 351.4 341.5 323.5 317 309.6 299.1 297.8 295.6 302.2 305.5 308.3 315.1 321.5 330.3 341.4 361.4 360.2 357.2 361.4 370.5 380.5 381.5 385.2 392.3 394 402.9 432.1 442.3 437.8 441.7 448.9 455.5 474.7 492.5 521.3 562.5 580.7 602.2 614.7 626.2 640.5 674.4 690.7 724.5 766.4
393 386.8 384 381.9 386.9 384.1 369.6 380.3 395 391 405.2 427.6 441.5 436.5 445.5 441.2 449.3 460.6 457.8 459.2 445.3 452.3 447.7 434.9 422.1 405.2 408.6 427.9 418.1 400.4 395 395.6 391.3 397.4 373.9 360.3 344.8 337.4 336.5 323.4 319.5 315.7 308.3 314.9 317.8 315.6 320.9 325.7 335.4 341.5 355.3 371.2 368.5 370.6 376 382.1 386.1 393.8 398.9 402.1 413.4 431.9 444.6 445.4 448.1 453.8 467.4 486.9 524.8 535.6 561.2 589.3 608.5 614.4 626.1 650.8 682.9 701.2 738.8 779.7
387.3 384.5 383.2 386.4 383.4 384.9 400.9 413.7 424.5 424.1 434.5 452.2 469.3 461.5 455.3 467.5 479.8 492.1 504 505.2 500.1 508.6 504.1 499 492.1 450.9 478.6 466.4 448.1 417.3 416.7 409.2 397.2 387.7 375.3 363.9 353.8 353.4 355 350.2 337.1 341 328.2 328.1 335.5 322.1 327.8 334.3 344.7 355.3 362.4 364 376.3 381.1 381.7 393.7 405.7 411.2 419.9 419 422.9 440.1 446.9 451.1 455.9 468.3 482.6 514.5 552 557.4 571.3 593 598.4 611.5 634.5 678.8 704 733.6 766.5 802.5
381.7 383.6 386.9 382.3 394.8 407.5 431.4 445 441.6 438.9 459.7 472.7 481.8 464.4 474.4 490.4 511.6 527 536.9 545.3 551.9 556.6 561 555.2 525.7 505.8 510.4 494.9 467.6 438 438.4 418.3 409.1 391 386.7 379.8 375.6 373.5 369.1 364 358.9 354.9 344.8 351.2 345 339.2 337.7 349.7 363 375.2 369.8 370.3 372.1 380.4 388 411.7 420.9 443.3 437 440.5 436.9 452.3 454 456.7 460.8 478 512.3 549.8 569 578.1 573 594.4 602.5 614.8 655 704.3 746.1 768.4 799.1 822.2
381.7 381.7 390.9 404 420 427.3 438.3 440.8 448.4 455.3 469 481.2 475.5 474 497.9 519.5 544.4 564.6 577.8 579.4 584.2 586.7 592.6 583.5 555.1 549.6 542.3 504.7 485 460.5 456 457.5 427.9 412.8 413.1 397.6 391.5 386.3 376.3 378.6 374.1 372.9 361.7 361.4 363.1 354.6 358.7 367.7 365.8 375.7 381.6 382.1 382 385.5 394.4 426.4 432.8 440.2 452.2 457.8 456 455.1 460.2 463.9 474.3 505.3 533.9 580.2 595.4 592.4 583.9 594.5 605.5 623.7 677.5 726.7 780.4 808 829.4 836.7
381.7 381.7 401.7 407.7 416 426.7 435.1 447.5 453.4 461.2 470.5 473.9 472.9 485.9 513.2 547.4 566 579.5 581.2 581.5 583.4 589.8 588.8 580.9 577.4 569.2 540.4 518.6 494.5 490.2 489.8 473.6 458.3 449.9 432.8 420.5 412.7 399.9 392.3 388.8 388.6 383.8 382.6 381.1 382.9 376.2 373.4 375.9 379.5 391.3 396.7 399.4 397.2 396.3 403.8 417.6 436 460.3 471.2 469.8 469 473.2 477.5 486.6 502.7 538.7 577.4 597.1 611.3 592.9 588.1 592.8 608.8 636.6 691 743.4 795.1 819.7 838.7 852.5
381.7 390.5 399.4 406.4 413.2 418.2 429.4 442.1 452.1 459.9 469.6 477.3 475.5 493.7 519.8 551.4 566.3 574.8 578 579 582.5 584 585.1 579.1 573.8 561.7 534.6 518.4 510.6 508.7 519.6 496.7 494.7 489.3 462 444.6 432.1 423 414.8 408.1 419.1 402.4 399.2 401.6 397.2 391.5 391.3 395.6 409.8 419.9 423.6 419.4 416.7 411.4 421.3 429.2 438.6 463.2 487.8 480.9 483.4 484.9 500.5 528.1 537.9 579.8 613.3 611.4 610.1 596.6 593.8 599.4 621 654.1 699.1 748.5 790.5 815.8 837.1 835.2
387.3 390.3 394.8 401.7 405.9 410.9 422.9 439.7 447.4 461.1 469.2 469.8 479 500.4 534.1 556.5 562.7 567.7 569.3 571.8 575.1 578.5 579.7 570.3 562.9 550.1 543.5 534.9 525.8 525.9 549.1 525.4 531.6 512.9 498.2 496.3 467.7 449.1 441.8 432.8 435 429.1 426.5 418.5 415.4 420.5 418.2 426.4 437.1 444.1 440.1 436.7 434 436.2 436.5 471.7 463.3 467.1 485.6 496.8 498.9 510.2 554.9 564 589.4 610.6 621.9 621.2 609.4 610.4 607 608.7 636.9 671.2 708.9 742.5 783.1 804.7 827.5 822.8
386.9 391.5 394.5 401.2 406.6 413.2 418.1 427.1 439.8 453.2 463.7 464.8 493.4 521.2 539.4 546.2 554.9 560.8 559.9 563.8 571.8 571 569 563.4 564.5 563.4 558 544.9 541.4 555.3 565.4 565.9 568.2 544.2 531.8 520.7 514.8 485.8 463.9 457.8 455.1 472.5 455.8 440.8 435.2 439.5 440.6 453.4 466.9 465.8 461.8 453.3 464 470.8 468.2 480.9 480.2 477.2 488.7 507.9 531.2 574.7 587.8 607.8 625.4 645 641 626.1 614.5 621.3 620 628 651.4 685.4 715.4 747.3 774.6 789.3 808.4 786.8
390.2 390.1 390.4 392.9 400.2 405.4 410.5 421.1 426.5 440.4 448.7 458 491.5 511.8 522.9 538.8 545.7 555 553.1 562 560.8 565.8 572.3 568.5 573.7 575.1 570 566.3 558.5 574.2 581.8 586.1 593.4 569.6 557 554.5 542.8 507.7 495 484.5 494.8 491.2 481.6 475.2 485.3 473.1 473.6 484 506.3 494.6 494.4 506.1 514 496 488.4 498.6 496.9 491 500.9 521.1 550.4 590.9 613.2 635.9 649.4 661.7 658.6 636.6 635.4 644.7 645 651 660.4 690.9 722.6 758.7 772 783.5 787 769.4
386.5 385.4 385 387.1 394.8 400 406.9 412 414.5 423.9 440.5 447.6 474.3 496.7 511.7 523.4 535.9 540.4 539.7 547.8 561 572.8 570.3 577.7 578.2 584 583.8 577.1 577 591.3 599.1 608.1 604.9 602.7 578.1 574.5 556.9 538.8 521.3 507.1 512.7 506.8 501 506.4 509.6 511.6 510.2 518.3 524.6 527.9 541.5 532 528.1 517.1 508 520.3 511.8 510 535.4 541.5 566.3 596.6 630.9 660.1 658.9 672.6 665.5 662.8 668.9 673.4 671 664.3 671.7 707.7 728.3 752.6 785.4 787.4 784.5 769.2
381.3 379.7 379.5 383.6 390.1 391 399.5 404.9 402.2 413.1 428.4 442 456.2 482.6 491.9 505.6 518.5 518 527.2 547.2 564.6 562.3 570.6 590.2 588.6 591.4 595.2 594.4 597 608.2 617.9 614 615.4 614.3 602.8 598.1 579.4 557.3 535.5 527.9 529.8 527.5 530.2 544.2 543.2 548.5 551.9 546.2 550.2 564.8 561.2 545.6 536 533.9 531.5 532.5 530.5 550.7 577.7 583.4 567.5 601.5 634.2 667.9 680.6 688.9 710.6 704 697.6 716.5 689.2 675.6 687.9 712 733.2 769.8 789.1 774.4 763.3 759.5
373 370.2 372.1 379.9 388.7 386.3 388.2 394.3 395.5 399.5 424 437 444.6 458.5 472.4 488.9 492.1 504.5 536 544.7 547.6 555.9 565 589.2 591.1 592.6 591.2 605.6 607.3 611.8 619 617.8 621.5 625.7 617.8 612.1 602.3 576.6 555.5 564.2 552.3 551.9 565.3 567.3 575.1 586.2 579.6 577.4 578.6 585.2 569.5 570.3 563.7 556.4 552.1 551.7 572.3 591.2 611.3 598.3 609.1 605.1 646.1 682.1 702.1 722.8 715.8 726 726.1 733.9 711.7 691.8 712.6 737 753 786.9 790.5 767.9 744.1 729.6
369.4 365.8 368.3 375.7 374.4 374.7 381.4 382.7 380.1 398.4 409.4 422.6 432.9 443.6 449 455.7 480.3 510 520.6 528.1 530.7 544.7 575.7 579.3 581.8 587.5 590.7 604.1 601.1 601.2 605.7 615.1 615.2 612.5 614.5 614.7 615.2 601.4 585.4 581.5 578.9 583.4 596.2 610.4 615.2 611.1 612.5 604.9 610.6 607.2 598.8 587.7 581.4 573.6 569.6 581.1 602.6 613.6 621.4 625.8 624.3 625.7 652.1 681.9 707.5 729.4 733.4 730.9 739.7 750.3 724.1 717.8 737 750.6 773.1 800.4 787.2 761.8 732.7 706.3
367.3 363 369.9 362.4 370.7 374.9 376.6 375.9 376.4 391.3 403.3 413.8 422.8 422.9 444.4 454 478.3 491.6 500.1 505 523.5 551.8 565.2 564 579.2 581.6 587.2 588.2 586.5 585.6 591.4 601.3 611.2 614.7 615.7 619.2 623.9 611.6 607.2 606.1 617.7 627.2 643.8 652.1 657.8 655.4 637.8 639.3 643.8 639.1 632.8 607.9 600.3 593.3 595 603.4 621.5 640.3 653.4 660.5 651.6 657.6 658.6 690.1 725.8 737.1 745 750.4 756.1 764.5 747.7 745.9 755.1 784.4 798.9 802.1 775.6 738.7 714.3 688.5
368.6 362.1 358.8 359.8 362.7 366 366 368.9 374.5 381.8 393.8 397.3 405.8 428.5 442.5 456.4 468.3 468.1 478 499.3 512.9 533.2 542.5 557.5 577.4 575.9 583.1 589 583.9 585.4 584.7 587.2 603.2 604.9 608.8 618 614.1 613.7 612.3 630.4 652.5 657.2 671 675.7 691.3 699.1 696.5 688.9 687.5 673.8 662.6 640.4 621 607.6 620.8 640.3 642.1 658.2 670.1 674.7 684.3 681.9 673.4 709.5 737 752.4 759.8 761.6 774.3 783.1 773.9 772.7 780.6 800.2 809.7 795.4 766.1 730.3 700.3 673.3
358.1 354.7 357.6 353.9 356.1 356.5 356.6 356.4 362.3 375.8 380.8 394.6 400.5 412.6 431.5 435.6 446.8 454.8 464.1 484.6 490.7 510.7 530.3 554.2 569.7 574.7 580.7 591.1 579.5 584.7 586.7 585.9 586.4 598.9 600.4 610.2 613.4 606.2 613.1 627.1 641.9 655.6 688 689.4 716.6 721.1 722.9 728.9 719.3 701.6 678.6 658.9 640.8 628 656.5 665.4 664.2 679.9 692.8 701 716.8 706.1 702.3 718.3 745.9 761.1 769.6 780.1 786.7 801.2 794 798.2 807.6 796.2 782.2 763.4 738.5 714.1 677.8 647.1
352.2 354.2 352 350.8 349.5 351.6 350.2 351.3 358.3 370.2 376 378.4 390.5 397.8 411.6 418.2 428 441.5 455.2 466 483.3 498 524 551.5 549.4 560.7 572.6 578.4 572.4 580.9 583.1 581.8 589.9 593.5 591.8 603.9 608.6 602.2 608.4 623.1 631 646.6 667 680.7 694.9 719.1 730.8 738 743.1 720.5 698.5 676.5 663.4 666.2 690.4 695.9 696.1 709 722.2 737.2 738.5 728.9 728.1 731.2 754.3 768 778 788.8 800.3 816 799.8 793.7 788.3 778.4 773.2 747.1 715.4 683.1 650.4 624.2
350.9 352.1 350 351.2 349.3 346 347.6 347.5 356.5 363.8 372.3 378.7 387 393.5 397.7 409.5 422.6 426.6 434.2 445.3 466.5 487.9 502.9 514.3 532.8 551.7 561.6 566.6 570.4 575.4 578.9 581.5 589.9 589.5 590.3 594.8 593.7 596.2 598.1 618.2 625.4 634.6 645.6 665.4 671.4 692.8 711.1 724.4 733.5 733.4 717.4 698.2 688.9 700.4 708.4 719.2 726.3 740.5 743.8 758.2 752.6 749.9 747 740.6 762.6 777.1 779.5 790.1 801.8 794.6 785.2 788 777.7 773.4 761.7 737.8 714 684.3 648.9 618.6
342.8 345.5 348 346.8 341.6 346.5 346.9 346.9 354.5 364.6 369.6 373.3 375.1 382.4 391.2 396.2 405.5 419 427.8 453.5 465.2 477.8 493.4 505.6 527.9 550.1 557.2 562.4 560.3 562.3 569.2 577.8 588 597.2 594.1 600.4 601 605.2 600.2 611.4 624.5 641.6 642.6 669.4 676.8 686.7 707.1 724.3 724.5 725.2 720.2 716.9 718.1 723.8 730.1 743.9 746.7 767.4 758.5 772.3 763.5 766.3 754.1 764 772.3 787.6 783.6 784.5 792.7 784.4 773.4 768.5 768.7 763.9 746.1 723.2 696.4 675.2 648.3 624.9
338 345.8 341.6 340 346.2 345.8 345.2 343.9 346.1 352.9 361.9 362.6 364.6 374 385.2 397 403.1 412.4 422.2 440 459 472.9 480.4 504 521.9 530.6 550.2 556.4 554.3 559.4 567.3 574.2 583.1 594.2 601.8 600.5 596.8 607.1 620.4 608.5 602.2 611.5 631.4 656.3 660.5 689.6 702.5 708.9 720.9 733.3 723 727.8 729.3 734.1 747.6 752.1 748.1 759.8 774.5 775 774.9 770.5 770.3 781.1 773.6 784.4 788.6 775.4 761.3 761.3 753.5 742.1 735.3 729.4 720.2 701 680.2 668.8 648.6 619.3
334.5 334.5 338.3 341.1 339.6 340.2 342.8 339.6 340 340.2 347.7 353.1 366.9 383.9 388 402.3 401.7 407.2 421.4 430.8 445.8 454.3 472.7 495.6 517.8 527.4 543.3 552.8 553.4 550.6 567.8 580 589 597.7 599.9 596.1 592 595.3 614 608.7 594.5 597.3 612.6 636.9 657.5 678 695 699.6 708.8 723 723.3 719.8 725.1 726.3 741.8 746.1 755.2 757 773 784.4 774.1 773.3 766.3 783.9 771.9 767.6 770.1 760.5 748.7 738.6 728.3 714.9 704.9 688.1 683.5 673.4 663.8 614.6 596.2 594.4
334.5 334.5 339.8 334.5 338.7 342.9 340 338.4 337.9 340.2 355.1 354.4 361.5 370.5 378.9 393.7 397.1 398 419.5 429 434.1 455.5 462.3 487.2 508.3 520.9 540.3 548.6 540.4 551.8 571.8 572.7 583.3 598.7 602.7 599.5 590.1 601.1 597.8 593.8 584.2 599 612.1 613.6 641.7 656.2 678.3 688.8 694 709.1 702 703.3 720.6 718.4 722.3 746.4 758 753.1 761.7 778 782.8 771.8 758 757.1 751 736.7 733.2 739.9 726.7 728.7 723.2 707.3 684 662.8 650.4 632.7 615.9 602.3 586 578.6
334.5 334.5 334.5 334.5 335.9 337.6 334.5 336.7 338.8 343.2 350.6 356.3 364.7 374.9 376.9 383.5 386.1 392.7 411.3 416.7 433.2 457.6 459.1 475.6 492.6 497 505 510.8 516.7 538.8 553.4 573.5 582.6 588.8 587.8 586.7 583.1 584.1 592.9 592.7 579.1 590.3 616.5 611.9 616.1 638.8 660.9 679.9 684.8 693.7 683 699.1 700.2 716.9 716 717.2 751.4 754.7 758.7 769.5 775.3 776 762.7 750.6 723.4 705.2 692.7 699.3 690.5 699.5 700.4 687.1 667.5 649.1 632.6 613.9 601.4 589.9 577.3 573.3
340.2 334.5 334.5 334.5 334.5 334.5 334.5 339.9 343.1 342.4 353 364.6 365.3 371.5 377.8 380.1 383.4 391.9 400.3 417.7 444.5 458.1 458.6 473 484.9 485.9 487.5 489.4 487.9 501.5 524.4 557.5 564.7 571.2 576.8 581.1 582.1 571.9 574.4 576.2 567.3 576 608.1 610.9 618.6 630.9 648.6 668 674.1 663.6 655.6 670.1 688.5 701.7 717.6 709.5 733.7 754 773.3 774.2 765.2 772.2 758.7 747.4 717.9 686.7 675.2 664.9 667.1 665.1 665.7 665.2 654 645.8 631.4 605.1 588 579 574.2 577.6
338.9 334.5 334.5 342.9 339.6 334.5 339.7 343.8 348.8 345.5 343.6 366.3 364.2 369.2 379.2 372 371.3 379.6 399.4 413 429 444 446.7 457.6 467 463.5 464.7 464.6 478.1 487.5 507.6 527.1 540.4 551.8 558.5 566 561.1 552.9 559.7 553.9 560.8 565.9 589.4 601.2 610.8 619.3 629.2 643.6 646.3 636 636 655.1 676 683.4 700.5 713.5 717.9 746.1 768.1 765.6 767 760.1 751.1 732.9 717.4 683.6 659.5 647.1 647.3 648 637.3 630.3 630.6 633.9 618 599.5 583.2 572.9 573.4 593.4
342.6 334.5 334.5 334.5 334.5 338.1 341.7 349.2 353.1 353.9 355.8 347.2 353.5 362.3 363.5 359.5 369.5 378.8 389.5 395.4 409.5 429.5 436.1 441 448.3 443.9 441.5 448.7 466.8 480.6 486 496.1 504.3 514.1 517.1 526.4 531.3 529.2 545.8 547 557.2 561.3 564.7 589.7 598.9 606.6 614.9 624.5 611.6 609.4 626.9 637.6 646.4 653.3 673.4 702.4 701.9 730.3 741.1 755.5 749.1 759 746 727.2 702 666.9 646.3 630.2 630.5 634.5 630.3 612.9 604 610.7 612.5 598.8 584.1 569.2 564.6 580.5
