Game/Highland_Data/StreamingAssets/GeoData/Data/nm/NM92.asc
ncols 200
nrows 200
xllcorner 190000
yllcorner 720000
cellsize 50
[rows 105 to 139 of 200, columns 78 to 155 of 200]
286.6 290.6 300 299.2 315 322.8 330.8 330.4 335 326.2 329.1 328.6 326.9 324.1 323.5 322.5 324.3 317.7 324.1 322.6 326.2 324.3 326.5 327.7 327.7 332.8 324.5 319.3 317.9 307.9 300 303.4 297.4 301.4 303.6 306.2 306.1 311.5 319.4 319.4 321.7 315 316.7 312.7 317.1 318.9 308.4 296.6 292.5 295.2 292.9 292 285.1 285.1 286.8 284.3 289.9 290.5 289.6 291.8 299.2 303.4 304.5 303 300.9 295 290.4 291.7 296.9 305.2 310.5 309.1 309.2 308.3 307 304.6 304.1 309.1
283.1 283.1 290.6 296.2 305.7 311 319.5 313.1 314.7 319.8 316.9 317.1 312.9 310 309.7 309.1 317.9 313.4 319.3 323 318.6 319.6 323.8 324.8 318.6 312.4 313.3 313.7 308.5 303.1 295.5 297.3 300.5 307.5 307.6 308.5 313.7 317.7 329.2 330.4 322.6 320.6 321.5 322.8 332.2 337.2 325.7 314.5 302.1 297 300.3 301.4 301.7 297.2 292.6 290.7 284.8 281.5 286.2 290.6 291.4 291.4 289.7 289 291.6 286.5 281.1 286.6 293.7 300.4 302.3 302.9 303.8 303.8 301 296.6 297.4 301
283.1 283.1 285.5 297.2 299.8 305.8 302.7 302.5 305.9 313.5 306.3 300.3 300.2 304.8 306.6 309.1 310.3 313.4 314 318.7 314.5 314.5 316.7 317.6 313.5 312 309.1 307.9 304.7 294.9 291.2 294.5 305 309.7 312.5 315.3 314.5 330.3 337.4 335.3 330 325.7 325.1 331.9 341.9 344.1 333.1 325.7 317.8 303.2 301.6 300.3 306 305.2 299.8 297.8 296.7 287.1 276.9 285.3 290.4 288.5 281.1 277.3 277.4 277.3 275.8 281.7 286.1 290.4 292.9 299.3 304.6 300.1 294.5 290.1 290.3 295.1
283.1 283.1 283.1 283.9 286.7 290 291.5 291.8 298.7 305.3 296.9 301.4 311.7 305.6 308.3 309.8 311.4 314.3 312.9 312.7 312.2 311.1 311.9 312 311.6 317.2 313.7 298.8 290.1 287.5 297.5 295.3 307.1 310.1 311.7 316.4 332.7 342.6 348.5 345.5 339.1 333.7 333.6 342.6 346.6 353 339.8 339.6 335.8 316.9 306.6 300.9 302.6 302.8 302.1 301.2 300.6 298.4 291 283.1 273.5 278.9 274 270.7 269.7 269.9 271.1 273.9 277.8 281.6 285.4 291.8 294.4 292.3 288.4 284.1 288.2 292.1
283.1 283.1 283.1 283.1 283.1 284.4 286.1 287.4 290.4 293.2 303.3 315.6 310.2 307.7 309.6 309.9 313.3 317.5 313.3 317.1 310.6 311.2 311.1 313.1 307.8 308.7 304.9 293.5 285.1 289 289.9 293.4 307.8 309.6 323 342.8 346.4 346.8 355.9 356.7 345.7 338.7 339.5 349.6 353 353.5 347.1 342.2 336.7 324.6 312.7 304.1 306.5 305.3 304.3 304.4 305 305.1 298.5 295.2 285 272.9 271.4 267.3 266 266.5 267.4 268.9 271.2 272.4 276.6 282.3 284.9 286.8 286.6 281.6 286.5 287.8
283.1 283.1 285 283.1 283.1 283.1 286.2 286.8 291.2 294.6 301.6 308.8 309.6 308.5 307.5 312.9 311 313 317.1 316.9 314.2 307.2 308.5 312.4 311.7 299.3 288.9 284.1 287.8 287.4 295.1 299 308.9 323.6 338.9 349.2 347.1 357 356 352.6 347 345.2 349.7 356.9 355.1 356.6 352.7 344.7 338.1 329.7 318.6 306.5 311.4 316.6 314.3 305.7 303.6 305.3 304.5 302.1 292.5 289 282.5 271.1 268.1 265.5 265.4 266.2 267.1 266.7 264.9 268 272.3 278.5 280 279.5 281.2 285.3
283.1 283.7 286.5 283.1 283.1 285.7 286.8 287 290.6 290.6 297.4 305.2 304.3 302.9 303.4 309.9 326.6 333.1 321.8 322.3 315 309.2 305.4 311.6 301 286.4 280.5 283.4 288.4 294.1 297.6 302.3 325.1 336.7 345.7 344.6 356.3 362.5 359.6 357.1 345.1 348.4 361.5 363.5 364.2 358.2 352.3 341.1 342.1 331.4 315 309.5 315.8 321.8 320.6 314.4 304.2 303.1 304.9 303.4 300 298.3 290.4 282.2 280.2 280.7 273.7 265.5 264.7 263.3 258 258 264.8 265.7 274.5 279.3 279.6 285
283.1 285.1 286.5 288.2 290.2 288.5 287.8 282.9 284.7 286 292.1 294.4 302 305.4 307.2 324.3 332.8 339.8 324.2 318.6 313 306.6 297.4 300.5 287.3 279.6 282.4 286 295.4 295 303 311.8 337.1 346.7 337.2 341.1 350 361.3 366.2 361.3 350.4 357.5 369.9 367.1 363.3 360.2 352.4 343.2 337.8 324.8 324.6 319.5 324 328.9 318.2 309.8 298.8 302 307.1 308.7 305 298.9 290.4 290 291.4 287.3 281.8 273.9 269.4 270.9 267.2 259 262.1 260.8 265.8 268.9 266.7 273.3
288 288.8 292.6 293 293 290.8 282.8 282.8 282.8 290.6 298.4 305.9 306.9 307.4 317.8 329.6 331.4 332.5 324.5 316.6 309.2 301.8 296.2 283 278.8 279.1 281.1 290.7 300.1 301.8 306.4 310.3 332.9 332.1 345.5 347.8 350.4 359 362.9 353.8 358 362.4 364.7 365.7 363.8 358.4 349.4 338.2 334 337.7 334.7 327.1 317.7 323.2 312.4 299 300 308.7 306.1 307 299.1 296.4 294.2 294.9 288.4 286.2 284.8 282.9 279 273.8 268.9 265.9 262.4 260.3 258.8 254 255.9 261.7
290.9 295.6 298.8 297.6 296.1 298.2 289.5 283.9 282.8 294.3 296.2 301.1 308.5 319.2 323.6 328.3 330 327 323.8 314.8 306.5 295.7 282.4 279 277.9 278.9 283.3 293.2 303.4 305.4 318.7 311.3 317.6 333.9 346.1 345.3 354.2 354.1 357.4 352.3 357 359.7 360.4 369.2 364.5 361 344.8 331.2 338.1 340.7 332 320.3 310.4 307.7 299.1 292.7 306.3 308.9 303.2 298.4 296.8 295.2 292.9 291 289.6 290.3 286.3 285.2 283.1 278.3 273.9 269 267.3 258.3 258.6 260.7 254.3 250.7
293.6 297.1 296.2 295.1 295.4 292.3 287.9 282.8 289.3 291.6 293.3 299.3 310 320.2 324.7 327.2 325.9 318.3 313.9 313.1 302.4 284.5 278.3 277 277.2 278.3 287.4 293.4 306 312.1 318.2 312.4 320 332.2 338.9 344 351.2 353.3 348.1 349.2 352.9 356.3 362.4 367.5 363.3 355.7 336 330.5 332.9 335.7 334.2 319.1 302.3 300.7 288.6 299.5 297.9 294.4 296.4 296.9 297 299.9 297.3 296.2 294.5 293 291.2 289.4 285.8 283.2 283.1 280.3 277.2 270.8 271.7 268.7 267.3 263.4
281.7 282.9 283.7 286.5 287.5 286.9 282.8 282.8 286 296.2 306.5 311.7 311.2 329.5 325.8 326 318.9 307.7 308.3 301.6 285.7 275.9 276.4 276.7 278.3 285.3 289.7 297.2 311.4 321.8 319.9 319.2 328.1 334.1 342.6 351.9 353.2 352.4 344.1 348.9 359.3 354.6 363.1 363.3 358.2 348.3 330.3 329 329.9 329.7 320.1 308.3 297.2 288 287.8 287.8 296 297.9 296.1 297.3 301.9 302.7 298.9 298.4 299.7 296.6 295.9 294.3 290.4 288 285.1 299 304.6 298.2 278.3 274.3 270.9 268.4
289.4 286.5 290.3 288.1 286.4 282.8 282.8 282.8 291.5 297.8 308.5 316 314.2 319.1 326.7 319 313.1 297.2 295.8 284.2 276.5 276.5 277.7 282.6 288.4 288.6 305.2 318.4 323.4 332 344.4 327.9 333.6 338.4 348.6 353.8 349.7 342.9 343.3 355.9 357.2 351.5 361.3 355.3 348.9 336.3 332.8 328.5 323.7 314.1 304 299.6 289.2 287.8 287.8 290.5 298.4 307.3 306 300.9 303.3 301.2 298.5 298.3 297.4 296.5 294.8 293.9 290.3 285.4 285.2 298.9 303 300.6 282.1 284.7 276.1 266.1
291.2 295.5 292 287.4 286.7 284.7 288.5 297 293.1 297.9 307.5 316.9 315.9 310.5 310.7 309.1 302.9 284.1 280.1 274.1 273 276.1 286.8 294.2 292.4 295 313.7 323.1 328.8 346 344 340 333.9 347.1 347.9 345.1 331.7 332.9 352 351.1 345.5 344.8 347.8 344 338.6 334.3 326.8 317.8 308.1 299.3 297.1 291.2 287.8 287.8 290 288.5 298.7 307.6 311.1 308.1 301.2 299.1 300.2 301.2 298.7 295.4 290.2 290.3 286.9 285.5 286.6 297.3 296.5 295.1 283 281.8 273.7 265.6
294.5 292.6 285.7 284.6 287.5 296.2 303.6 304.1 301 301.9 312.3 313.6 311.3 306.1 298.3 298.5 279.7 266.8 262 265.8 268.8 274.3 285.4 293.4 297.1 304.5 320.1 323.6 332 347.8 350.3 345.3 335.6 347 342.5 336.2 326.9 333 343.4 342.3 337 333.9 333.7 333.9 328.6 328 315.7 305.9 296.7 293.3 289.8 288.9 287.8 295.1 293.4 288.2 298.9 305.9 314.8 314.3 308.6 296.1 297.1 297.7 298.5 301.1 295.9 288.4 286.9 288.3 294.8 296.8 296.1 291.7 283.5 278.3 269.6 262.8
294.5 284.7 288.5 285.8 296.7 307.3 306.9 306.7 308.9 302.5 303.8 306.6 302.9 290.3 287.3 271.9 257.6 258.2 258.5 261.2 274.6 287.7 290.5 292.3 301 312.3 324.2 325.2 334.1 347.4 345.3 348.1 341.3 347.5 340.4 333.5 327.5 334.5 342.9 336.4 326.8 334.3 336.5 331.4 325.8 316.4 310 302.2 291.5 290.1 290.4 299.2 291.5 292.7 292.1 286.7 297.2 303.6 308.3 308.7 303.4 295 293.3 288.2 293.1 300.7 297.7 288.3 287.9 298.9 295.2 292.5 291.5 290.5 286.6 288.6 271.4 258.4
284.8 289.3 285.3 294.1 298.2 301.9 309.3 316 310.9 307.8 296.3 298 284.6 275.5 262.2 247.5 258.6 253 254.5 262.1 281 296.2 294.1 296.2 307.3 316 324.4 332.5 334.2 340.4 348.8 351 345.2 348.5 337.2 325.9 324.8 339.6 332.2 321.6 331.8 338.6 338.7 331.2 324.3 320.1 306.4 293.4 291.5 293 295.3 296.9 290.7 289.6 286.6 290.7 286 292.6 295.3 300.6 303 296.1 284.9 278.5 277.4 286.3 289.5 284.4 293.7 298.5 295.4 293 289.6 285.4 284.2 284.4 264.7 257.2
290.6 286.6 288.2 294.2 297.8 309 302.8 306.9 308 301.6 295.8 276.6 268 255.3 247.5 249 259 264.3 260.1 268.1 280.1 288.1 292.4 303.3 318.7 324 330.8 332.3 335 346.6 350 354 349.4 339.5 335.3 318.4 324.8 315.9 307.8 322.7 333.3 339.9 337.3 327.9 323.1 310.4 299.8 297.4 296.8 295.5 290.9 291.4 284 287.4 292.3 289.8 281.7 277.9 288.4 295.9 299.7 296.7 286 279.6 277.5 276.7 279.7 281.9 282.4 287 290.7 287 290 285.5 280.1 268.3 259.1 255
290 289.9 301 299.4 306.3 300.8 299.1 302.9 299.1 296.6 284 260.1 247.1 231.9 249.9 260.8 268.4 269 272.8 274.1 283.3 289.2 296.9 305.7 325.1 330.2 330.2 330.9 336.6 343.4 348 350.8 341.3 329.2 325.9 309.1 304.9 303.5 308.5 318.8 327.5 327.3 327.9 325.9 309 304 300.3 294.2 294.3 295.9 288.6 280 282.4 293.8 292.3 283.3 280.1 276 285 292.5 295.3 290.4 289.8 284.4 279.2 277.4 276.2 277 280.6 279.1 277.3 280.2 277.9 280.3 266.1 262.2 257.7 250.8
298.4 301.6 307.1 300.6 302.7 297.2 295 291.1 290.9 274.3 256.9 242.4 231 246.8 255.4 263.3 272.7 277.3 288 284.1 298.2 301.9 308.8 314 325.7 338.2 332.4 329 326.6 332.2 340.3 341.2 323.9 315.3 308.5 310.9 303.3 303.3 315.7 317.9 318.6 323 318.2 310.8 306.1 302 299.1 292.5 292.9 289.9 287.2 282.1 276.8 289.4 287.8 284.7 281.9 273.7 275.2 279.2 285.8 290.3 284.1 279.7 275.2 273.2 272.1 271.4 271.8 270.7 271.9 274.1 271.9 265.5 262 256.6 253.1 248.7
307 302.2 301.7 297.1 292.2 292 288.4 277.3 264.1 250.8 233.6 225.8 224 238.7 252.2 263.9 274.5 298.9 303 302.3 305.6 315 320 320 329.2 331.9 326.9 326.6 323.6 324 329 319 314.5 313.7 306.3 302.5 306.1 312.2 317.3 317.8 310 305 304.9 303 298.8 295.2 293.6 293.8 290.5 288.1 281.7 275.8 269.9 279.3 289 285 287.7 275.8 271.4 271.4 272.1 277.4 275.5 271.3 270.2 265.8 268.2 268 270.8 269.9 280.9 281.4 268.2 258.4 258.6 252.8 250.2 246.1
306.1 303.4 298.3 293.8 285.1 288.7 284 261.6 244.6 230.5 223 224.3 222.3 232.1 249.2 263.8 286.3 310 316.6 306.8 311.7 317.5 323.4 331.6 323.3 318.9 319 335.5 323.4 323.1 321.6 322.1 320.4 313.3 303.9 302.7 314.2 316.2 317.6 306.1 297.3 298.6 300.5 302.1 295.6 293.9 294 293.6 290.9 286.1 281.1 275.4 267.9 274.8 280.2 285.4 280.4 281.3 269.1 269.8 267.1 264.2 263.2 262.2 260.1 262.9 263.5 265.6 267.9 275.8 285.4 278.8 261.5 256.4 252.4 250 247.8 244.6
309.3 302 288.6 285.1 278.9 276.4 261.8 245.6 228.2 219.7 223.4 222.2 219.9 235.9 247.6 264.6 288.3 318.6 313.5 304.3 306.8 312.6 315.7 312.9 311.3 308.1 325.1 334.2 321.8 313.9 317.8 321.5 317.4 304.1 296.9 305.8 314.7 307.3 295.8 294.5 290.1 292.7 298.9 296.7 294.4 294.3 298.4 300.8 298.5 287.9 281.6 278.1 269.1 269 278 276.5 277.9 279 270.4 266.6 262.4 257.7 257.7 257.2 256.5 257.9 261.2 268.5 274.6 272.7 271.4 259.4 255.7 256.5 252.8 248.4 244.5 241.1
303.7 288.3 281.9 276.2 268.9 255 239.7 222.8 215.4 214.7 216.4 217.3 221.9 231.7 244 259.9 287.5 306.7 302 293.9 289.9 309.9 296.1 298.5 300.9 305.1 309.1 307.9 306.1 309.3 321.5 317.3 308.8 296.6 289.2 291.3 292.7 286.9 285.4 282.4 284.4 292.3 294.2 294.3 295 297.5 302.4 300.8 296.3 288.2 280.2 274.2 269.4 263.9 270.1 272.2 272.6 272.6 267.8 257.4 252.2 252.9 253.9 252.9 248.1 248.6 253.8 257.4 255 250.7 250.5 251.2 249.3 251.8 254.3 246.3 241.8 235.7
291.5 286.7 275 266.9 252 238.3 219.1 212.8 217.4 221.2 229.1 231.4 240.3 245.8 248.6 247.6 278.6 303.1 294.2 281.3 284 287.8 283.1 288.7 284.4 282.8 286.8 292.7 300.6 310.1 315.3 309.4 297.3 287.9 289.8 285 283 288.6 282.4 281.3 286.7 290.3 291.5 293.5 302.8 303.6 299.2 292.1 287.6 287.8 280.9 276.6 269.2 263 263 267.6 270.7 267.5 262.9 256.4 251.1 249.5 250.8 245.9 241.6 246.5 244.1 244.6 243.8 238.6 239.4 245.1 243.2 244.6 244.8 244.1 239.6 232.6
291.5 283.3 268.1 250.7 235.5 219.9 209.3 216.3 222.4 231.4 245.7 260.2 267.8 265.5 262.1 242.3 266.3 276.8 273.4 271.5 273.7 271.1 269.4 272.6 268.6 261.7 273.4 282.2 303.4 298.2 307.6 296.7 289 281 278.4 287.5 287.4 293.3 287.9 279.5 280.6 288.2 291.9 294.5 297.7 296.8 291.8 286 285.8 288.6 284.8 273.1 266.9 261.3 257.4 262.6 261.7 258.8 256.1 255.9 252 245.8 245.3 241.3 239.6 241 242.1 242.1 232.3 231 235.5 237.9 240.7 242.4 236.5 234.5 233 230.9
274.6 268.1 246.8 224.7 210.1 213.5 214.2 220.6 221.9 237.5 254.8 276.6 285.5 281.7 273.2 255.8 242.4 251.5 257.6 259.6 260 258.1 257.8 255.7 247.9 256.4 268.1 279.2 295.3 290.1 298.8 288.7 285.2 277.2 269.1 281.1 284.6 286.3 282.7 271.7 274.5 284.7 288.4 295.3 290.3 282.2 285.6 281.8 286.8 289.6 282.3 270.3 266 264 260.3 258.5 254.4 257.7 253.7 252.9 248 242.8 238.5 237.6 237.8 236.5 240.5 239.1 232.2 230.2 236 239.1 240.9 236.6 230.3 228 225.1 228
261.5 242.2 223.6 205.7 207.3 209.3 211.9 218.7 223.4 240.7 260.9 279.7 297.8 290.6 285.5 278 257.6 243.5 250.1 253.5 254.3 256.2 247.2 241.2 242.4 247.8 249.2 267.7 273.9 271.3 283.1 290 272.5 272.9 270.8 269.7 280 281 274.2 270.1 269.2 273.2 274.7 274.7 271.7 272.8 280.4 282.3 278.9 282 273.2 268.6 267.7 266.8 267.3 250 251 253.3 248.6 246.1 242.9 237 229.7 229.2 234.1 234.6 238.6 233.3 229.8 231.6 229.2 232.9 229.7 230.6 225.2 225.2 225.7 224.8
236.7 219.7 206.2 204.1 205.1 206.7 211.4 221 237.5 245.9 258.7 284.3 298.1 294.7 291.4 289 274 258.4 250.3 247.4 247.1 245.6 239.3 236.1 237.1 239 239.6 246.5 258.4 269.8 276.3 276.1 266.2 266.8 269 266.3 275.1 275.5 269.2 273 267.9 268 262.7 265.2 269.6 273.7 283.5 276.6 271.2 269.4 264.5 267.5 268.9 264.6 265.6 240.8 248.1 247.2 242.2 241.6 240.3 232.6 225.7 225.8 224.2 226.8 231.6 232.5 227.5 227.3 224.2 228.2 228.6 226.2 226.2 230.3 227.4 226.1
211.6 210 203.3 203.6 205.1 208.8 214.4 231.5 246.1 249.2 262.7 289.6 300.9 300.8 295 289.1 282.8 267.2 255.6 248.4 244 236.3 233.7 233.5 233.3 232.3 233.3 235.4 247 254 260.8 257.4 251.3 262.4 268.3 261.8 264.1 269.9 261.7 270 262.4 265.4 260 262.7 263.3 270.3 271.8 264.9 262.3 258.7 252.1 255.6 259 254.8 247.2 236.3 237.8 236.2 234.1 233.3 227.7 224.2 224.2 224.2 224.2 224.2 229.6 229.4 226.7 224.2 224.2 224.2 226 228.5 234.1 235.1 231.5 228
211.4 203.7 202.4 213 219.9 223.8 220.2 234.9 247.7 255 261.7 280.8 298.8 298.1 285.9 280.2 274.6 266.2 258.9 246 240 235.6 233.8 232.6 234.9 231.2 229.5 231.5 238.8 242 243 248.5 249.3 255 256.3 255.6 254.7 256.3 247.7 250.6 256 256 247.6 252.5 249.7 255.5 259.9 257.6 253.9 245.1 242.3 242.7 243.5 237.8 234.1 233.5 231 232.1 230.9 224.7 224.2 224.2 224.2 224.2 224.2 224.2 224.2 224.2 224.2 224.2 224.2 224.2 224.2 230.4 235.8 236.6 239.4 243.9
204.3 202.6 202 210.5 227.3 237.6 245.8 252.4 252.8 254.6 262.6 270.7 287.8 293.4 281.1 275.9 276.1 269.9 266.5 251.6 239.2 236.3 236.8 233.7 231.7 229.2 227.7 228.7 229.7 232.1 236.9 241.6 242.7 242.9 246.4 250.4 246.1 240.5 239 239.2 241.4 242.8 236.8 237.5 238.1 240.7 247.4 246.9 242.8 239.7 233.2 234.6 234.4 232.3 231.2 229.2 228.4 229.3 228.3 224.2 224.2 224.2 224.2 224.2 224.2 224.2 224.2 224.2 224.2 224.2 224.2 224.2 229.2 235.2 238.7 239.7 244.3 251.2
201.6 201.1 201.7 211.3 226.2 244.9 255 269.3 263.3 261.3 274.7 279.7 285.7 286.4 282.8 284 276.9 268.7 264.1 256.1 248.4 245.3 239.1 237.1 233.3 231 227.6 227.5 229.3 230.7 231.7 235.2 236.5 239.1 237.2 241.8 233.7 233.5 235.6 230 233 232.3 231 232.8 234.3 231.1 236.7 235.8 235.2 233.9 230.2 231.9 236.1 230 226.7 225.5 226 230.2 224.2 224.2 224.2 228.6 229.5 233.2 231.8 224.2 232 231.1 229.8 236.6 234 231.6 234.3 239.6 239.5 243.9 250 262.7
200.4 200.8 202 214.7 227.5 249.2 258.2 267.3 264.7 271.1 284.5 284.2 285 286.4 297.2 288 277.5 274.3 272 264.2 255.4 248.1 245 238.9 234.9 233.4 228.8 227.2 228.6 229.5 229.3 229.1 230.9 230.8 230.2 227.8 225.7 225 224.5 225.2 224.5 224.5 227.1 226.7 229 224.8 233.4 225.3 224.5 228.3 224.8 225.8 228.9 226.4 224.6 224.2 224.2 224.2 224.2 226.2 235.9 232.1 234.9 244.8 244.5 239.7 246.5 246.4 237.8 242.9 243.3 237.6 239.6 243.8 246.3 250.4 259.7 268
200 200.7 206.6 211.7 223.8 248.4 262.1 261.5 279.8 282.2 288 285.5 293.8 302.2 296.3 285.6 281.6 284.5 277.1 272.3 259.2 254.8 246.5 236.5 231.9 229.6 227.9 227.1 227.8 228.3 227.5 227.4 228.2 228.6 226.2 225.3 225.7 226.3 224.5 224.5 224.5 226.9 228.6 224.4 224.4 224.4 224.4 224.4 224.4 224.4 224.4 224.4 227.4 226 226 226 224.2 226.6 233.4 240.9 245.8 246.4 250.3 257.3 272.1 264 251.9 244.6 248.8 251.2 248 242.8 246.2 246.8 250 260 266.8 270
