Game/Highland_Data/StreamingAssets/GeoData/Data/nm/NM94.asc
ncols 200
nrows 200
xllcorner 190000
yllcorner 740000
cellsize 50
[rows 114 to 151 of 200, columns 87 to 173 of 200]
83 76 68.6 62.5 56.6 45.1 31.1 21 15.8 14.8 13.7 12.8 12 11.4 11 10.7 10.1 9 8.6 8.1 7.6 7.4 4.9 5.5 4.5 1.9 -1.1 -1.1 -1.1 -1.1 -1.1 -1.1 -1.1 -1.1 -1.1 -1.1 -1.1 -1.1 -1.1 -1.1 -1.1 -1.1 -1.1 -1.1 -1.1 -1.1 -1.1 -1.1 -1.1 -1.1 -1.1 -1.1 -1.1 -1.1 -1.1 -1.1 -1.1 -1.1 -1.1 -1.1 -1.1 -1.1 -1.1 -1.1 -1.1 -1.1 4 4.3 -1.1 -1.1 -1.1 -1.1 -1.1 -1.1 -1.1 -1.1 -1.1 -1.1 -1.1 -1.1 -1.1 -1.1 -1.1 -1.1 -1.1 -1.1 -1.1
85.9 73.6 66.6 60 53.5 41 29.4 19.5 14.7 14.3 13.9 13.7 12.1 11 10.7 10.6 10.3 9 8.9 8.9 8.3 7.4 4.3 3.2 3.5 1.1 -1.1 -1.1 -1.1 -1.1 -1.1 -1.1 -1.1 -1.1 -1.1 -1.1 -1.1 -1.1 -1.1 -1.1 -1.1 -1.1 -1.1 -1.1 -1.1 -1.1 -1.1 -1.1 -1.1 -1.1 -1.1 -1.1 -1.1 -1.1 -1.1 -1.1 -1.1 -1.1 -1.1 -1.1 -1.1 -1.1 -0.9 -1.1 -1.1 2.9 4 5.6 7.6 7.3 5.9 4.7 4.1 3.9 4.1 3.2 -1.1 -1.1 -1.1 -1.1 -1.1 -1.1 -1.1 -1.1 -1.1 -1.1 -1.1
86.4 76.3 71.9 64.8 52.3 39.1 27.3 19.2 14.7 13.5 12.7 12.6 12 10.4 10.1 10 9.8 9.7 9.5 9.5 8.2 6.3 1.4 -1.1 1.2 0.1 -1.1 -1.1 -1.1 -1.1 -1.1 -1.1 -1.1 -1.1 -1.1 -1.1 -1.1 -1.1 -1.1 -1.1 -1.1 -1.1 -1.1 -1.1 -1.1 -1.1 -1.1 -1.1 -1.1 -1.1 -1.1 -1.1 -1.1 -1.1 -1.1 -1.1 -1.1 -1.1 -1.1 -1.1 -1.1 -1.1 0.3 1.2 2 4 4.4 6 10.2 7.9 7.7 7.2 7.6 7.9 7.6 6.5 4 -1.1 -1.1 -1.1 -1.1 -1.1 -1.1 -1.1 -1.1 -1.1 -1.1
83.2 79.3 73.3 63.7 55.4 39.8 23.2 17 14.4 12.6 12.4 11.4 11.3 9.8 9.4 8.9 9.1 9 8.9 8.5 8 6.7 4.9 3.1 -1.1 -1.1 -1.1 -1.1 -1.1 -1.1 -1.1 -1.1 -1.1 -1.1 -1.1 -1.1 -1.1 -1.1 -1.1 -1.1 -1.1 -1.1 -1.1 -1.1 -1.1 -1.1 -1.1 -1.1 -1.1 -1.1 -1.1 -1.1 -1.1 -1.1 -1.1 -1.1 -1.1 -1.1 -1.1 -1.1 -1.1 -1.1 0.2 1 2 2.6 5.6 7.4 10.9 7.3 8 8.5 8.9 10.4 9.3 7.8 6.4 3.4 3.6 4.3 3.8 2.8 -1.1 -1.1 -1.1 -1.1 -1.1
81.2 77.5 68 60.8 47 35.9 20.6 15.6 14.5 12.4 11.5 11.1 10.4 9.7 9.2 8.6 8.7 8.9 9.3 8.9 7.6 6 4.6 2.6 0.5 -1.1 -1.1 -1.1 -1.1 -1.1 -1.1 -1.1 -1.1 -1.1 -1.1 -1.1 -1.1 -1.1 -1.1 -1.1 -1.1 -1.1 -1.1 -1.1 -1.1 -1.1 -1.1 -1.1 -1.1 -1.1 -1.1 -1.1 -1.1 -1.1 -1.1 -1.1 -1.1 -1.1 -1.1 -1.1 -1.1 -1.1 0.4 1.4 2.3 2.3 5.9 7.9 6.2 6.6 7.8 9 9.8 11.1 10.6 8.4 7.9 7.2 7.3 7.3 7.3 7.7 3.6 -1.1 -1.1 -1.1 -1.1
76.4 72 62.7 52.2 35.5 25.3 19.1 17 14.5 13.2 12.3 10.5 10.4 9.6 9.5 9.4 9 8.8 8.7 8.3 6.5 5.3 4.2 1.8 -1.1 -1.1 -1.1 -1.1 -1.1 -1.1 -1.1 -1.1 -1.1 -1.1 -1.1 -1.1 -1.1 -1.1 -1.1 -1.1 -1.1 -1.1 -1.1 -1.1 -1.1 -1.1 -1.1 -1.1 -1.1 -1.1 -1.1 -1.1 -1.1 -1.1 -1.1 -1.1 -1.1 -1.1 -1.1 -1.1 -1.1 -1.1 0.8 1.8 2.3 3.4 5.3 6.8 6.6 7 8.6 10.8 11.5 12 11.9 12 14.6 18.1 11.8 10.1 9.5 8.9 7 3.7 -1.1 -1.1 -1.1
73.4 63.4 54.4 41.8 30.1 24.2 20.9 17.1 14.3 13.6 12.2 10.8 10.3 10.1 9.5 9.4 8.5 8.6 7.6 6.8 5.3 4.1 4.5 0.7 -1.1 -1.1 -1.1 -1.1 -1.1 -1.1 -1.1 -1.1 -1.1 -1.1 -1.1 -1.1 -1.1 -1.1 -1.1 -1.1 -1.1 -1.1 -1.1 -1.1 -1.1 -1.1 -1.1 -1.1 -1.1 -1.1 -1.1 -1.1 -1.1 -1.1 -1.1 -1.1 -1.1 1.8 1.8 -1.1 -1.1 0.6 1.7 1.3 3.9 5.8 10.1 15.2 13.2 12.5 12.5 14.4 14.7 18.1 25 30.5 26.5 29 24.4 20.3 13.7 12.2 10 7.9 4.3 2.2 -1.1
66.8 54.3 38.6 35.8 33 26.3 21.2 16.9 15 13.8 11.7 11.2 10.2 10.1 9.9 9.2 8.4 8.1 7.8 7.1 5.1 2.8 1.5 -1.1 -1.1 -1.1 -1.1 -1.1 -1.1 -1.1 -1.1 -1.1 -1.1 -1.1 -1.1 -1.1 -1.1 -1.1 -1.1 -1.1 -1.1 -1.1 -1.1 -1.1 -1.1 -1.1 -1.1 -1.1 -1.1 -1.1 -1.1 -1.1 -1.1 -1.1 -1.1 -1.1 2.5 5.2 2.3 -1.1 -1.1 1.8 6.4 12.5 17.6 33.5 36 38.8 33.3 32 34.4 35.5 35.4 38.9 41.8 49.5 48.2 46.9 41.6 40 34.4 32.8 29.4 24.4 16.8 7.9 3.8
47.9 44.8 40.2 36.6 31.7 26 21.4 18.5 15.8 14.9 12.9 11.5 10.1 10.1 9.5 8.7 7.8 7.4 7.1 6.6 4 1.6 0.5 -1.1 -1.1 -1.1 -1.1 -1.1 -1.1 -1.1 -1.1 -1.1 -1.1 -1.1 -1.1 -1.1 -1.1 -1.1 -1.1 -1.1 -1.1 -1.1 -1.1 -1.1 -1.1 -1.1 -1.1 -1.1 -1.1 -1.1 -1.1 -1.1 -1.1 -1.1 -1.1 -1.1 4 8 3.6 2.3 2 3.3 10.1 16.2 31.4 48.3 52.7 55.8 50.9 47.1 50.1 50.2 54.9 59.9 60.3 58.7 61.4 63.1 62.9 60.7 59.4 57.7 55.5 50.7 37.5 21.2 17.1
47.9 45.8 39.2 36.1 33.9 26 24 21.1 16.4 15.5 12.4 11.2 11 10 9.5 8.6 7.2 6.8 6.4 5.6 1.8 0.7 -1.1 -1.1 -1.1 -1.1 -1.1 -1.1 -1.1 -1.1 -1.1 -1.1 -1.1 -1.1 -1.1 -1.1 -1.1 -1.1 -1.1 -1.1 -1.1 -1.1 -1.1 -1.1 -1.1 -1.1 -1.1 -1.1 -1.1 -1.1 -1.1 -1.1 -1.1 -1.1 -1.1 -1.1 -1.1 2 3.1 2.3 2.5 7.5 16.8 23 44.7 59.4 67.8 69 63 59 64.8 64.7 67.2 70.9 78.6 77.4 81.5 85.7 86.4 85.1 85 84.5 84.7 74.3 56 48 46.6
49.1 42.4 40 35.8 30.3 28.8 25 20.3 16.8 15.6 11.9 11.2 10.8 10.5 9.3 8 7 6.1 5.1 1.8 0.9 0 -1.1 -1.1 -1.1 -1.1 -1.1 -1.1 -1.1 -1.1 -1.1 -1.1 -1.1 -1.1 -1.1 -1.1 -1.1 -1.1 -1.1 -1.1 -1.1 -1.1 -1.1 -1.1 -1.1 -1.1 -1.1 -1.1 -1.1 -1.1 -1.1 -1.1 -1.1 -1.1 -1.1 -1.1 7.3 10.2 11.1 12.6 9.1 18 31.6 39.9 44.3 63.8 73.3 73.1 67.3 70.9 79.9 79.2 74.2 80.9 91.7 98.2 105.4 107.5 108.4 107.9 107.7 108.6 103.2 91 81 75.9 76.5
47.5 41.1 37.1 33.1 33.9 29.1 22.3 17.4 16.5 15.1 12.6 11.3 10.7 10 8.7 7.2 6.1 3.5 1.8 0.7 -0.2 -1.1 -1.1 -1.1 -1.1 -1.1 -1.1 -1.1 -1.1 -1.1 -1.1 -1.1 -1.1 -1.1 -1.1 -1.1 -1.1 -1.1 -1.1 -1.1 -1.1 -1.1 -1.1 -1.1 -1.1 -1.1 -1.1 -1.1 -1.1 -1.1 -1.1 -1.1 -1.1 -1.1 -1.1 14.4 18.7 20.4 20.2 17.1 16.6 26.2 38.5 47.9 40.2 54.8 61.5 63.4 68.7 73.4 76.1 77.6 85.7 94.5 110 118.7 124 126.3 127.7 126.7 127.5 122 121.1 109.2 103.4 98.2 102.1
42.7 38.6 37.7 38.4 32.7 24.8 18.6 15.4 15.2 13.4 12 10.6 9.3 8.2 6.8 6.2 3.9 1.7 0.4 -1.1 -1.1 -1.1 -1.1 -1.1 -1.1 -1.1 -1.1 -1.1 -1.1 -1.1 -1.1 -1.1 -1.1 -1.1 -1.1 -1.1 -1.1 -1.1 -1.1 -1.1 -1.1 -1.1 -1.1 -1.1 -1.1 -1.1 -1.1 -1.1 -1.1 -1.1 -1.1 -1.1 -1.1 -1.1 17.2 29.5 30.6 25.5 28 23.8 25.4 33 44 48.3 49.5 59.2 67.4 69.5 74.8 79.7 88.4 103.5 113.7 115.6 122.6 131.3 135.7 139.5 141.1 137.5 145.4 148.6 140.7 127.9 123 123.8 125.4
41.6 41.9 43.3 38.2 34.5 23 16.6 13.7 13.3 11.6 10.3 9.2 7.8 6.2 4.5 3.7 2.2 0.4 -1.1 -1.1 -1.1 -1.1 -1.1 -1.1 -1.1 -1.1 -1.1 -1.1 -1.1 -1.1 -1.1 -1.1 -1.1 -1.1 -1.1 -1.1 -1.1 -1.1 -1.1 -1.1 -1.1 -1.1 -1.1 -1.1 -1.1 -1.1 -1.1 -1.1 -1.1 -1.1 -1.1 -1.1 -1.1 15.2 21.3 31.4 46.7 47.6 39.7 35 41.5 54.5 44.9 56.6 68.2 74.8 85.7 92.5 96.7 104.2 108.6 116.4 122.3 127.7 137.5 143.8 140.6 143.6 154.7 164.1 173 171.6 159.4 149.5 151.4 151.1 150.8
42.9 40.7 42.8 36 27.9 18 14 12.8 11.5 9.9 9 7.8 6.5 4.7 2 1.1 0.5 -1.1 -1.1 -1.1 -1.1 -1.1 -1.1 -1.1 -1.1 -1.1 -1.1 -1.1 -1.1 -1.1 -1.1 -1.1 -1.1 -1.1 -1.1 -1.1 -1.1 -1.1 -1.1 -1.1 -1.1 -1.1 -1.1 -1.1 -1.1 -1.1 -1.1 -1.1 -1.1 -1.1 -1.1 -1.1 -1.1 13 24.7 32.4 42 51.5 50.9 44.3 42.8 59.8 64.3 73.1 83.9 88.5 95 100.3 106.9 106.6 114 119.9 123.6 129.7 136.1 149.8 157.1 170.2 179.2 188 189.2 185 176.2 182.2 186.2 181.4 179.9
43.3 43.1 34.7 27.6 18.5 15.2 13.5 12.1 10.3 8.3 7.7 6.5 5.4 2.5 1.3 0.3 -1.1 -1.1 -1.1 -1.1 -1.1 -1.1 -1.1 -1.1 -1.1 -1.1 -1.1 -1.1 -1.1 -1.1 -1.1 -1.1 -1.1 -1.1 -1.1 -1.1 -1.1 -1.1 -1.1 -1.1 -1.1 -1.1 -1.1 -1.1 -1.1 -1.1 -1.1 -1.1 -1.1 -1.1 -1.1 -1.1 6.8 14.6 26.2 38.4 40 47.4 58.2 52.4 52.3 66.9 74.6 78.4 90.8 100.6 97.8 112.5 116.2 120.9 117.8 127.8 136.7 139.7 151.6 168.9 174.2 187.6 194.5 202.8 198.2 196.5 203.4 212.4 217.8 214.7 213.1
43.3 40.4 26.9 20.5 15.6 14.6 13.4 11.1 8.3 7 6.5 6.2 5 2 0.7 -0.2 -1.1 -1.1 -1.1 -1.1 -1.1 -1.1 -1.1 -1.1 -1.1 -1.1 -1.1 -1.1 -1.1 -1.1 -1.1 -1.1 -1.1 -1.1 -1.1 -1.1 -1.1 -1.1 -1.1 -1.1 -1.1 -1.1 -1.1 -1.1 -1.1 -1.1 -1.1 -1.1 -1.1 -1.1 -1.1 -1.1 5.3 14.6 24 40.7 53.6 57.8 59 59.5 62 74.3 86.4 87.7 92 107.6 108.8 113.5 115.7 118.9 123.8 129.6 143.5 150.3 160.1 175.3 187.6 196 201.8 193.4 205.7 207.1 220.9 233.6 242.2 239.1 239.3
45 34.7 18 15.4 14.6 13.6 11.5 9.3 7.1 6 5.8 5 4.1 2.2 0.4 -1.1 -1.1 -1.1 -1.1 -1.1 -1.1 -1.1 -1.1 -1.1 -1.1 -1.1 -1.1 -1.1 -1.1 -1.1 -1.1 -1.1 -1.1 -1.1 -1.1 -1.1 -1.1 -1.1 -1.1 -1.1 -1.1 -1.1 -1.1 -1.1 -1.1 -1.1 -1.1 -1.1 -1.1 -1.1 -1.1 -1.1 5.9 20.9 30.7 43 50.8 55.5 55.4 64.1 67.7 78.5 92 94.5 90.8 98.2 105.3 107.9 115.6 127.4 125.3 138.6 154.3 160.6 170.6 180.9 191.1 186.5 187.5 207.4 213.5 216.6 231.8 242.4 248.8 250.4 255.6
38.7 22.4 15.9 14.4 12.7 12.1 8.6 6.2 5.4 4.6 4.9 4.2 3.6 1.6 -1.1 -1.1 -1.1 -1.1 -1.1 -1.1 -1.1 -1.1 -1.1 -1.1 -1.1 -1.1 -1.1 -1.1 -1.1 -1.1 -1.1 -1.1 -1.1 -1.1 -1.1 -1.1 -1.1 -1.1 -1.1 -1.1 -1.1 -1.1 -1.1 -1.1 -1.1 -1.1 -1.1 -1.1 -1.1 -1.1 -1.1 -1.1 9 25.2 35.3 48.3 56.7 58.2 65.3 66.8 72.6 79.7 90 94.5 93.6 94.3 106.4 112.7 112.8 123.4 138.3 148.5 154.2 166.5 173.2 168.1 175.6 183.1 197.5 208.1 215.7 227 238.3 246 252.4 257 267.1
25.7 16.3 14.5 12.3 11.7 8.2 4.8 3.8 3.5 2.6 2.8 2.7 1.6 -1.1 -1.1 -1.1 -1.1 -1.1 -1.1 -1.1 -1.1 -1.1 -1.1 -1.1 -1.1 -1.1 -1.1 -1.1 -1.1 -1.1 -1.1 -1.1 -1.1 -1.1 -1.1 -1.1 -1.1 -1.1 -1.1 -1.1 -1.1 -1.1 -1.1 -1.1 -1.1 -1.1 -1.1 -1.1 -1.1 -1.1 -1.1 -1.1 10.2 25.1 39 52.3 61.1 68.2 71.4 73.5 79.2 85.2 86.3 92.5 92.3 91.5 102.8 103.7 115.9 125.9 131.8 142 150.3 149.7 155.2 155.4 174.5 189.3 201.7 211 217 229.1 239 247.5 251.6 254.7 265.1
16.7 14.5 13.4 13.2 11.5 4.9 3.3 2.3 1.9 1.5 1.2 0.5 -1.1 -1.1 -1.1 -1.1 -1.1 -1.1 -1.1 -1.1 -1.1 -1.1 -1.1 -1.1 -1.1 -1.1 -1.1 -1.1 -1.1 -1.1 -1.1 -1.1 -1.1 -1.1 -1.1 -1.1 -1.1 -1.1 -1.1 -1.1 -1.1 -1.1 -1.1 -1.1 -1.1 -1.1 -1.1 -1.1 -1.1 -1.1 -1.1 4.2 13.5 27.4 45.3 57.6 66.6 73.3 78.9 77.8 81.4 86.2 88.1 91 94.9 88.9 92.3 104.5 114.3 122 122.7 129.6 129.6 142.4 144.9 163.5 175.7 182.1 194.1 203.4 214.3 222.1 230.7 242.4 248.9 258.4 267.2
14.7 12.6 11.1 11.2 6.5 2.5 2.2 1.7 1.1 0.6 0.1 -1.1 -1.1 -1.1 -1.1 -1.1 -1.1 -1.1 -1.1 -1.1 -1.1 -1.1 -1.1 -1.1 -1.1 -1.1 -1.1 -1.1 -1.1 -1.1 -1.1 -1.1 -1.1 -1.1 -1.1 -1.1 -1.1 -1.1 -1.1 -1.1 -1.1 -1.1 -1.1 -1.1 -1.1 -1.1 -1.1 -1.1 -1.1 7.2 6.9 7.7 15.2 31.5 45.4 55.4 61.9 67.1 68.7 69.6 74.4 79.9 84.1 92.1 89.6 85.2 91.9 97.9 103.9 112.3 114.4 116.7 119.8 135.5 156.8 174.2 177.6 187.4 196.2 203.4 212.5 222.5 235.1 246 254.4 261 269.3
12.1 10 9.2 5.3 2.1 1.5 1.3 1 0.6 0.1 -0.6 -1.1 -1.1 -1.1 -1.1 -1.1 -1.1 -1.1 -1.1 -1.1 -1.1 -1.1 -1.1 -1.1 -1.1 -1.1 -1.1 -1.1 -1.1 -1.1 -1.1 -1.1 -1.1 -1.1 -1.1 -1.1 -1.1 -1.1 -1.1 -1.1 -1.1 -1.1 -1.1 -1.1 -1.1 -1.1 -1.1 -1.1 3.5 12.1 11.4 11.5 18.5 31.9 43.1 49.8 56.4 68.1 71 66.9 68.8 73.9 81.3 83.9 88.4 88.7 89.7 95.9 108 111.7 109.8 114.1 132.9 148.4 161.2 170.3 176.7 187.7 196.2 201.9 209.6 222.7 235.7 250.2 251.5 260.8 269
9.5 7.5 4.6 1.6 0.9 0.4 0.4 0.2 -0.2 -0.6 -1.1 -1.1 -1.1 -1.1 -1.1 -1.1 -1.1 -1.1 -1.1 -1.1 -1.1 -1.1 -1.1 -1.1 -1.1 -1.1 -1.1 -1.1 -1.1 -1.1 -1.1 -1.1 -1.1 -1.1 -1.1 -1.1 -1.1 -1.1 -1.1 -1.1 -1.1 -1.1 -1.1 -1.1 -1.1 -1.1 -1.1 -1.1 4.1 14.7 16.8 15.2 18.9 30.2 41.9 46.5 48.1 52.9 64.5 69.5 72.7 73.9 74.4 85.6 88.3 96.2 96 98.7 106.7 104.2 111.5 121.2 138.4 153.7 163.9 171.8 178.9 188.9 196.4 201.2 208.7 220.8 229.5 239.8 245.7 257.4 266.2
5.5 2.6 1 0.1 -1.1 -1.1 -0.4 -0.6 -1 -1.1 -1.1 -1.1 -1.1 -1.1 -1.1 -1.1 -1.1 -1.1 -1.1 -1.1 -1.1 -1.1 -1.1 -1.1 -1.1 -1.1 -1.1 -1.1 -1.1 -1.1 -1.1 -1.1 -1.1 -1.1 -1.1 -1.1 -1.1 -1.1 -1.1 -1.1 -1.1 -1.1 -1.1 -1.1 -1.1 -1.1 -1.1 -1.1 3.1 10.3 11.5 12.7 16.2 29.6 36.5 49.1 50.4 59.2 66.4 71.9 75.7 80.8 89.2 89.4 90.2 95.2 97.8 94.8 102.5 112 117.8 127 142.8 157 164.2 172.1 180.4 192.9 202.3 201.9 206.4 215.3 224.6 232.5 240.7 248.7 253.2
3 -1.1 -1.1 -1.1 -1.1 -1.1 -1.1 -1.1 -1.1 -1.1 -1.1 -1.1 -1.1 -1.1 -1.1 -1.1 -1.1 -1.1 -1.1 -1.1 -1.1 -1.1 -1.1 -1.1 -1.1 -1.1 -1.1 -1.1 -1.1 -1.1 -1.1 -1.1 -1.1 -1.1 -1.1 -1.1 -1.1 -1.1 -1.1 -1.1 -1.1 -1.1 -1.1 -1.1 -1.1 -1.1 -1.1 -1.1 1.9 5 7.8 10.1 16.6 34.8 40.8 46.8 50.7 59.9 65 72.9 80.4 89.3 95.3 100.2 98.4 98.8 99.3 101.1 105.3 113.9 120.8 127 136.1 146.2 154.7 165.9 177.2 191.4 198.9 205.8 210.3 215.3 234.3 239.9 237.3 240.3 236.8
1.5 -1.1 -1.1 -1.1 -1.1 -1.1 -1.1 -1.1 -1.1 -1.1 -1.1 -1.1 -1.1 -1.1 -1.1 -1.1 -1.1 -1.1 -1.1 -1.1 -1.1 -1.1 -1.1 -1.1 -1.1 -1.1 -1.1 -1.1 -1.1 -1.1 -1.1 -1.1 -1.1 -1.1 -1.1 -1.1 -1.1 -1.1 -1.1 -1.1 -1.1 -1.1 -1.1 -1.1 -1.1 -1.1 -1.1 -1.1 -1.1 3.5 6.4 9.9 17.3 27.5 34.9 41.7 47.9 57.9 66.6 78.2 86.3 93.8 103.7 107.5 102.8 102.1 105 104.6 105.7 116.6 128.4 137.1 140.8 146.4 156.5 166.1 177.3 190.2 197.8 203.4 209.5 214.6 226 234.1 225.6 224.3 223.3
-1.1 -1.1 -1.1 -1.1 -1.1 -1.1 -1.1 -1.1 -1.1 -1.1 -1.1 -1.1 -1.1 -1.1 -1.1 -1.1 -1.1 -1.1 -1.1 -1.1 -1.1 -1.1 -1.1 -1.1 -1.1 -1.1 -1.1 -1.1 -1.1 -1.1 -1.1 -1.1 -1.1 -1.1 -1.1 -1.1 -1.1 -1.1 -1.1 -1.1 -1.1 -1.1 -1.1 -1.1 -1.1 -1.1 -1.1 -1.1 0.9 4.3 9.4 15.1 20.8 28.7 35.7 42.4 48.6 58.1 68.8 83.7 90.1 95.5 103.5 103.9 104.5 106.9 111.1 110.5 108.6 116.6 138.4 143.3 148.1 149 156.7 164.2 171.7 184.3 196.6 196.9 203.4 206.1 211 218.6 211 211.1 212.2
-1.1 -1.1 -1.1 -1.1 -1.1 -1.1 -1.1 -1.1 -1.1 -1.1 -1.1 -1.1 -1.1 -1.1 -1.1 -1.1 -1.1 -1.1 -1.1 -1.1 -1.1 -1.1 -1.1 -1.1 -1.1 -1.1 -1.1 -1.1 -1.1 -1.1 -1.1 -1.1 -1.1 -1.1 -1.1 -1.1 -1.1 -1.1 -1.1 -1.1 -1.1 -1.1 -1.1 -1.1 -1.1 -1.1 -1.1 -1.1 3.7 13.4 23.9 28 30.3 33 39.5 44.2 48.7 57.2 69.8 84.7 92.5 97.7 104.6 105.9 107.5 109.5 112.9 113.6 113.4 116.7 133.2 141.1 140 147.4 155.8 162 167.2 175.7 179 183.4 187.7 190.8 195.8 196.9 198.1 199.1 201.5
-1.1 -1.1 -1.1 -1.1 -1.1 -1.1 -1.1 -1.1 -1.1 -1.1 -1.1 -1.1 -1.1 -1.1 -1.1 -1.1 -1.1 -1.1 -1.1 -1.1 -1.1 -1.1 -1.1 -1.1 -1.1 -1.1 -1.1 -1.1 -1.1 -1.1 -1.1 -1.1 -1.1 -1.1 -1.1 -1.1 -1.1 -1.1 -1.1 -1.1 -1.1 -1.1 -1.1 -1.1 -0.6 -1.1 -1.1 5.4 21 32.7 32.5 33 35.2 37.4 40.9 44.6 49.6 57.3 71.6 85.2 94.3 102 106.7 106.7 109.2 115 117.8 121.3 118.8 120.6 128.7 134.2 137.2 144.2 151.1 153.6 157.4 163.6 167.7 175.1 176.6 180.3 188.1 189.4 187.8 189.9 189.5
-1.1 -1.1 -1.1 -1.1 -1.1 -1.1 -1.1 -1.1 -1.1 -1.1 -1.1 -1.1 -1.1 -1.1 -1.1 -1.1 -1.1 -1.1 -1.1 -1.1 -1.1 -1.1 -1.1 -1.1 -1.1 -1.1 -1.1 -1.1 -1.1 -1.1 -1.1 -1.1 -1.1 -1.1 -1.1 -1.1 -1.1 -1.1 -1.1 -1.1 -1.1 -1.1 -1.1 0.6 0.7 1.6 3.7 16.6 42 47.5 41.6 38.3 39.5 41.1 42.2 44.8 49.8 57.1 70.2 83 94.2 101.6 101 110.9 119.8 120.2 120.7 121.9 122 125.2 129.2 131.4 133.5 137.7 144 146.9 150.8 157 163.1 170 169.2 169.9 181.1 183 179.6 179.9 180
-1.1 -1.1 -1.1 -1.1 -1.1 -1.1 -1.1 -1.1 -1.1 -1.1 -1.1 -1.1 -1.1 -1.1 -1.1 -1.1 -1.1 -1.1 -1.1 -1.1 -1.1 -1.1 -1.1 -1.1 -1.1 -1.1 -1.1 -1.1 -1.1 -1.1 -1.1 -1.1 -1.1 -1.1 -1.1 -1.1 -1.1 -1.1 -1.1 -1.1 -1.1 -1.1 -1.1 2.1 1.9 2.2 4.1 19.9 36.3 47 45.8 43.6 42.6 42.6 42 44.6 50 60.2 71.9 82.1 90.2 95.6 105.4 116.6 121.3 121.9 122.4 121.6 122 125.3 130.3 130.5 127.9 130.2 137.2 141.5 144.6 153.1 158 161.7 163.6 165.1 167.7 171.3 170.7 170.3 172.1
-1.1 -1.1 -1.1 -1.1 -1.1 -1.1 -1.1 -1.1 -1.1 -1.1 -1.1 -1.1 -1.1 -1.1 -1.1 -1.1 -1.1 -1.1 -1.1 -1.1 -1.1 -1.1 -1.1 -1.1 -1.1 -1.1 -1.1 -1.1 -1.1 -1.1 -1.1 -1.1 -1.1 -1.1 -1.1 -1.1 -1.1 -1.1 -1.1 -1.1 -1.1 -1.1 2.3 -1.1 2.3 3 5.6 18.5 31.4 49.9 53.7 53.3 44 41 40.6 42.9 52.1 63.4 69.9 79.9 88.9 96.3 106.2 113.4 120.6 124.2 124.1 122.4 121.3 124.7 131.2 129.8 126 126.3 131.8 136.3 142 151.8 162.3 161.6 161 158.9 159 161.1 161.6 161.3 164.8
-1.1 -1.1 -1.1 -1.1 -1.1 -1.1 -1.1 -1.1 -1.1 -1.1 -1.1 -1.1 -1.1 -1.1 -1.1 -1.1 -1.1 -1.1 -1.1 -1.1 -1.1 -1.1 -1.1 -1.1 -1.1 -1.1 -1.1 -1.1 -1.1 -1.1 -1.1 -1.1 -1.1 -1.1 -1.1 -1.1 -1.1 -1.1 -1.1 -1.1 -1.1 -1.1 2.5 -1.1 2.3 4.1 8.7 23.8 30.1 36.9 42 46.4 45.4 39.1 37.5 41.4 52.4 59.7 68.7 78.5 87.1 97.1 102.2 111.1 123.6 125.3 124.6 124.3 121.2 119.2 123.6 122.7 120.3 123.3 127.3 131.3 138.7 150.4 164.2 157.7 155.3 152.4 151.4 151 151.3 154 156
-1.1 -1.1 -1.1 -1.1 -1.1 -1.1 -1.1 -1.1 -1.1 -1.1 -1.1 -1.1 -1.1 -1.1 -1.1 -1.1 -1.1 -1.1 -1.1 -1.1 -1.1 -1.1 -1.1 -1.1 -1.1 -1.1 -1.1 -1.1 -1.1 -1.1 -1.1 -1.1 -1.1 -1.1 -1.1 -1.1 -1.1 -1.1 -1.1 -1.1 -1.1 2.7 -1.1 -1.1 2.6 6.3 13.8 23.7 25.6 29 31.9 35.7 35.2 34 33.6 39 52 58.9 67.7 78.2 87 89.7 99.8 112.8 128.6 124.7 126.7 126.4 121.9 116.1 113.5 111.1 115.9 120.1 123.7 124.5 132.8 143.3 149.7 146.9 146.9 143.6 141.8 141.7 140.7 140.8 142.6
-1.1 -1.1 -1.1 -1.1 -1.1 -1.1 -1.1 -1.1 -1.1 -1.1 -1.1 -1.1 -1.1 -1.1 -1.1 -1.1 -1.1 -1.1 -1.1 -1.1 -1.1 -1.1 -1.1 -1.1 -1.1 -1.1 -1.1 -1.1 -1.1 -1.1 -1.1 -1.1 -1.1 -1.1 -1.1 -1.1 -1.1 -1.1 -1.1 -1.1 -1.1 4.5 -1.1 2.2 2.9 8.6 13.9 20.4 26.2 29.7 29.8 30 29.2 29.6 30.6 35.5 48 57.6 66.1 76.5 87.5 97 101.6 113.5 117.3 124.2 125.7 126.3 118 104.6 105.6 105.4 110 115.2 115.9 118.4 126.6 132.4 134.7 133.3 132.1 129.3 131.8 134.8 134.5 135.6 134.3
-1.1 -1.1 -1.1 -1.1 -1.1 -1.1 -1.1 -1.1 -1.1 -1.1 -1.1 -1.1 -1.1 -1.1 -1.1 -1.1 -1.1 -1.1 -1.1 -1.1 -1.1 -1.1 -1.1 -1.1 -1.1 -1.1 -1.1 -1.1 -1.1 -1.1 -1.1 -1.1 -1.1 -1.1 -1.1 -1.1 -1.1 -1.1 -1.1 -1.1 3.4 5.2 -1.1 -1.1 2.3 9.6 16.4 25.3 34.1 38.1 38.6 36 35.1 35.7 36.6 38.8 45 56.7 65.2 72.7 82.4 93.9 97.3 103.7 113.4 122.7 123.3 116.4 104.6 104.6 104.6 104.6 104.6 104.6 105.1 112.1 118.2 122.1 124.2 125.8 122.8 125.1 128.4 130.3 130 126.4 123.7
-1.1 -1.1 -1.1 -1.1 -1.1 -1.1 -1.1 -1.1 -1.1 -1.1 -1.1 -1.1 -1.1 -1.1 -1.1 -1.1 -1.1 -1.1 -1.1 -1.1 -1.1 -1.1 -1.1 -1.1 -1.1 -1.1 -1.1 -1.1 -1.1 -1.1 -1.1 -1.1 -1.1 -1.1 -1.1 -1.1 -1.1 -1.1 -1.1 -1.1 4.4 4.9 4.6 -1.1 2.9 10.7 17.1 30.1 41.5 51.4 51.1 56.6 55.9 47.3 48.1 47.9 52.1 60.2 68.2 72.5 78.4 86.2 92.3 96.7 108.8 104.6 110.1 104.6 104.6 104.6 104.6 104.6 104.6 104.6 104.6 104.6 111.1 114.1 119.2 123.6 120.4 123.4 125.7 127.7 126 120.7 120.1
