Game/Highland_Data/StreamingAssets/GeoData/Data/nm/NM95.asc
ncols 200
nrows 200
xllcorner 190000
yllcorner 750000
cellsize 50
[rows 152 to 189 of 200, columns 85 to 169 of 200]
-1.2 -1.2 -1.2 -1.2 -1.2 -1.2 -1.2 -1.2 -1.2 -1.2 -1.2 -1.2 -1.2 -1.2 -1.2 -1.2 -1.2 -1.2 -1.2 -1.2 -1.2 -1.2 -1.2 -1.2 -1.2 -1.2 -1.2 -1.2 -1.2 -1.2 -1.2 9.1 22.3 40 55.3 68.3 67 78.9 80.8 71.6 89.3 106.4 122.3 123.4 122.3 150.7 166.1 178.5 174.4 173.4 188.1 208.7 214.4 215.2 218.9 222.5 222.1 222.1 217.5 217.9 216.8 215.7 205.8 196.3 180.1 161.8 149.3 136.6 125.6 116.5 110.1 104.9 100.3 96 89.4 81.3 76.6 68.9 66.2 74.2 83.7 90.5 97.7 109.5 122
-1.2 -1.2 -1.2 -1.2 -1.2 -1.2 -1.2 -1.2 -1.2 -1.2 -1.2 -1.2 -1.2 -1.2 -1.2 -1.2 -1.2 -1.2 -1.2 -1.2 -1.2 -1.2 -1.2 -1.2 -1.2 -1.2 -1.2 -1.2 -1.2 4.5 14.4 32.1 49.3 63.9 77.7 74.5 86.4 99 97 80 124.3 131.3 140.7 154.5 142.9 139.8 157.1 177.8 183.3 192 209.2 221.1 223.9 223.4 223.2 224 230.5 224.1 228.9 228.5 230.3 226 222.1 213.1 193.9 178.8 167.9 155.3 145.7 134.8 125.2 120.7 117 111.8 101.6 92.8 83.7 78.7 72.7 70.2 77.7 84.4 91.8 101 113.5
-1.2 -1.2 -1.2 -1.2 -1.2 -1.2 -1.2 -1.2 -1.2 -1.2 -1.2 -1.2 -1.2 -1.2 -1.2 -1.2 -1.2 -1.2 -1.2 -1.2 -1.2 -1.2 -1.2 -1.2 -1.2 -1.2 -1.2 4 10.2 29.1 47.2 63.2 77.8 83.9 82.2 91.9 101.3 122.7 110.6 93.1 124.2 139.2 150.6 157.3 146.7 156.8 163.1 185.6 199.9 217 224.6 227.3 228.9 228.8 232.7 227.2 232.7 236.5 239 242.1 241.5 241.3 236.9 223.6 208.8 198.8 188.8 182.1 168.6 158.3 147.4 144.2 138.3 126.8 114.6 103.2 92.1 85 77.9 72.2 71.7 79.4 87.4 95 107
-1.2 -1.2 -1.2 -1.2 -1.2 -1.2 -1.2 -1.2 -1.2 -1.2 -1.2 -1.2 -1.2 -1.2 -1.2 -1.2 -1.2 -1.2 -1.2 -1.2 -1.2 -1.2 -1.2 -1.2 -1.2 3.2 8.3 11.8 37.3 59.9 81.3 85.4 93.8 92.1 99.9 107.4 136.9 151.8 127.1 112.5 121.7 137.6 153.8 160.8 161.2 165.8 185 200.4 215.1 224.6 230.8 234.9 238.3 239.9 239.5 237.1 241.7 247.4 254.4 257 260.1 258.7 250 236.5 227.3 219.6 216.5 209.7 200.5 189.6 174.1 170 157.5 139.5 123.7 115.1 104.3 93.4 86.6 82.2 76.7 74.1 83.6 89.4 100.7
-1.2 -1.2 -1.2 -1.2 -1.2 -1.2 -1.2 -1.2 -1.2 -1.2 -1.2 -1.2 -1.2 -1.2 -1.2 -1.2 -1.2 -1.2 -1.2 -1.2 -1.2 -1.2 -1.2 8 8.2 12 25.2 47.2 68.9 88 94.1 100.2 102.5 109.1 119.3 156.7 168.9 167.3 147.8 131.9 141.2 146.1 161.9 170.5 182 191.9 205.5 217.1 229.8 233.3 238.7 244.2 246.1 248.1 248.3 252 253.9 263.4 268.7 275.6 274.4 268 260.3 256.4 264.8 268.2 251.7 248.1 235.2 217.7 202.6 189.7 171.4 151 137 126.5 113.8 101.5 96.2 90.7 83 73.8 79.9 85.9 99.3
-1.2 -1.2 -1.2 -1.2 -1.2 -1.2 -1.2 -1.2 -1.2 -1.2 -1.2 -1.2 -1.2 -1.2 -1.2 -1.2 -1.2 -1.2 -1.2 -1.2 -1.2 -1.2 10.7 11.5 20.7 34.2 54.7 78.7 94.3 102.5 106.6 115.5 117.5 129.9 165.7 187.6 183.6 174.6 167.9 153.7 156.6 167.7 176.2 190.7 199.7 207.1 223.5 241.2 251 250.2 253.6 257.8 257.3 256 260.2 264.1 273 280.7 290.6 284.5 281.1 279.4 278.6 290.2 298.4 294.3 282.7 274.3 259.4 245.3 222.7 199.7 184.1 168.9 153 138.5 125.6 113.1 103.7 98.7 88.7 77.6 80.3 87.9 98.9
-1.2 -1.2 -1.2 -1.2 -1.2 -1.2 -1.2 -1.2 -1.2 -1.2 -1.2 -1.2 -1.2 -1.2 -1.2 -1.2 -1.2 -1.2 -1.2 -1.2 1.6 10.2 12.3 28.6 42.2 65.4 82.6 96.9 108.6 117.2 125 128.9 140.9 176.4 196.9 200.9 192.3 194.3 185.9 181.5 182.6 185.5 197.1 206.9 213.7 227.5 239.2 261.1 263.1 261.9 267.1 270 272.2 273 277.3 282.2 299.9 303.3 297.4 293.6 292.3 294.5 310 313.3 318.7 312.2 304.1 293.8 272.2 246.9 224.2 215.6 200.4 182.7 166.5 148 138.4 125.5 113.5 104.6 96.6 82 76.2 77.5 88.4
-1.2 -1.2 -1.2 -1.2 -1.2 -1.2 -1.2 -1.2 -1.2 -1.2 -1.2 -1.2 -1.2 -1.2 -1.2 -1.2 -1.2 -1.2 -1.2 3.8 10.1 17.8 34.3 50.5 72 89.6 101.8 111.8 124 133.1 135.6 155.3 192.1 204.2 205.7 209.4 215.6 210.7 209.8 201 204.6 214.1 219.3 235 242.6 254.7 260.6 271.7 280.8 272 276 280.5 287.4 288.5 298.8 306.5 311.6 306.4 308.7 306.9 307.8 317.7 332.7 336.7 335.7 328.8 310.4 290.4 265.1 241.4 233.9 223.5 209 189.1 173.3 157.8 143.1 132.2 117.3 109.4 98.3 83.6 80.4 84.6 86.4
-1.2 -1.2 -1.2 -1.2 -1.2 -1.2 -1.2 -1.2 -1.2 -1.2 -1.2 -1.2 -1.2 -1.2 -1.2 -1.2 -1.2 -1.2 5.2 10.9 23 39.7 57.4 75.5 94.6 105.7 116.4 130.2 137.9 144.6 164.4 195.6 209.9 212.1 218.2 228.5 229.1 229.1 221.8 223.9 236.6 248.9 257.7 257 266.3 274.1 283.7 287.1 291.8 287.6 285 295.5 303.9 318.1 334.8 329.5 320.2 318.9 321.4 321.5 330.5 343 354.6 355.3 345.4 333.6 300.5 271.3 257.1 248.2 239.5 221.1 205.4 187 173.1 162.6 147.9 135.1 120.3 108.9 96.1 98.6 95.7 92.4 95.4
-1.2 -1.2 -1.2 -1.2 -1.2 -1.2 -1.2 -1.2 -1.2 -1.2 -1.2 -1.2 -1.2 -1.2 -1.2 -1.2 -1.2 5.6 10.5 26.7 45.1 63.5 80.3 94.5 106.4 118.6 134.1 142.2 150.8 163.9 193.7 211.1 222 226.6 239.4 235.6 243 245 231.5 248.2 260.2 273.9 273.8 270.5 274.8 284.5 291.6 294.6 295.8 294.3 300 313.5 326.5 337.1 340.2 337.2 336.4 332.7 332.5 339.8 355.7 368.6 366.9 358.8 342.8 317.4 288 271 269.5 243.2 225.7 211.1 198.1 183.9 172.3 162.1 148 132.8 117.6 98.6 112.3 109.6 102.8 102.6 95.7
-1.2 -1.2 -1.2 -1.2 -1.2 -1.2 -1.2 -1.2 -1.2 -1.2 -1.2 -1.2 -1.2 -1.2 -1.2 -1.2 4.7 9.5 25 47.2 56.5 80.1 94.6 108.7 117.4 133.7 144 151.8 166.5 190 211 219.5 226.6 238.6 245.9 248.2 256.7 244 253.9 264.5 279.3 279.9 277.2 276.4 281.2 294.7 303 302.1 311.1 306.5 321.3 325.8 337.8 348.9 343.4 343.9 343.7 340.4 348.3 364.9 384.2 378.2 369.4 354 333.6 307.8 287.7 281.2 265.5 236.1 221.4 209 194.8 181.4 171.9 163.1 144.3 131.5 117.1 126.3 122.7 111 113.6 108.9 99.4
-1.2 -1.2 -1.2 -1.2 -1.2 -1.2 -1.2 -1.2 -1.2 -1.2 -1.2 -1.2 -1.2 -1.2 -1.2 -1.2 8.4 28.1 48.5 62.9 76.6 92.7 105.8 121.7 133 143.3 150.8 162.9 184.9 208.1 223.9 230.8 236.2 247.4 261.4 271.6 269.2 259.2 271 280.3 287.6 285.2 282.4 287.6 301.4 307.1 316.9 326.8 330.5 334.3 345.2 348.4 355 354.6 350.5 352.8 354.1 359.1 374 397.7 395.9 385.4 374.3 355.6 334.1 304.3 285.1 274.6 248.5 229.3 216.9 204.4 190.7 179.3 168.5 156.7 144 132.5 136.2 132.2 124.2 121.9 116.8 110.9 109.3
-1.2 -1.2 -1.2 -1.2 -1.2 -1.2 -1.2 -1.2 -1.2 -1.2 -1.2 -1.2 -1.2 -1.2 2 9.2 31.2 55.6 65.8 81.7 93.8 105.1 114.9 131.8 141.6 153.5 161 174.3 202.4 228.3 242.7 241.7 247.8 262.1 275.6 285.6 272 278.9 294.5 292 295.3 301.2 310 321.2 315.8 327.6 337.4 348.2 342.8 355.2 358.5 356.3 358.2 355.3 362.3 367.3 376.3 391.7 408.7 409 404.9 396.7 376.1 350 325.9 298 281.9 260.8 241.6 222.8 210.2 198.4 187.8 173.4 164.3 152.2 139 143.9 141.8 135.3 133.7 125.3 119.3 122.9 114.6
-1.2 -1.2 -1.2 -1.2 -1.2 -1.2 -1.2 -1.2 -1.2 -1.2 -1.2 -1.2 -1.2 2.1 9.3 33.7 61.2 70.1 79.8 93.2 105.4 122.4 131.7 139.1 150 162.1 172.6 198 232.5 248.2 257.9 264 272.1 280.6 294 283.8 284 295.4 306.2 306.5 331.8 348.3 345 340.6 338.6 347.7 353 353.3 358.6 360.2 360.5 366.8 362.9 363.9 372.7 387.4 412.3 425.5 421.3 423.7 410.4 396.7 365.8 340.5 313.5 293.4 274.2 253.5 239.6 217.6 207.6 199.1 179.6 168.2 159.6 150 143.8 150.9 144 143.2 135.3 134.5 137.1 124.3 129.2
-1.2 -1.2 -1.2 -1.2 -1.2 -1.2 -1.2 -1.2 -1.2 -1.2 -1.2 -1.2 2.4 9.2 33.8 63.5 74.2 82.8 96.5 117.9 123.4 134.2 145.3 150.2 159 180.6 215.5 240.5 255.3 265.3 270.3 279.9 291.1 302.4 293.7 294.7 302.8 306.2 310.4 326.9 351.1 360.3 363.9 355 358.2 361.7 362.8 359.9 361.3 366.2 371.5 367.6 365.8 382.4 394.4 416.3 432.9 439.8 433.8 422.7 413 383.2 353.8 326.3 305.1 288.6 265.8 246.2 229.7 216.5 206.5 186.4 174.9 162.9 154.4 150.3 155.2 151.2 149.2 146.2 147 148.4 138.1 134.9 140.8
-1.2 -1.2 -1.2 -1.2 -1.2 -1.2 -1.2 -1.2 -1.2 -1.2 -1.2 1.9 8.4 33.6 63.9 72.7 83.6 98.8 116.4 126.5 132.2 150.9 153.2 163.8 181.8 209.5 241.1 260.9 266.1 275.4 282.5 293.1 308.5 294 299 304.3 312.3 313.2 327.9 358.1 368.6 377.2 377.1 372.9 374.1 369.6 367.5 369.8 373.9 379.4 374.2 374.8 395.8 401.7 415 437.8 443.4 443.8 429.7 416.5 395.6 373.7 346.5 320.8 297.4 275.6 255.7 242.3 219.6 208.9 197 185.5 171.4 157.5 154.6 154 154.5 159 157.6 156.1 155.1 145 147.9 151.5 159.5
-1.2 -1.2 -1.2 -1.2 -1.2 -1.2 -1.2 -1.2 -1.2 -1.2 2.2 7.4 17.8 56.8 70.9 79.8 95.9 111 123.4 135.1 151.8 159.7 168.4 203.6 229.9 238.2 252.1 269.6 284.1 288.9 301.7 309.6 299 296.9 306.8 319.5 320.6 329.4 347.2 376.7 383.6 390.5 382.8 382.2 386.9 386.6 377 373.1 383.6 382.5 378.1 397.8 409.7 417.3 435.1 446.2 440.5 431.5 417.2 404 386 360.4 330.1 306.9 282.7 268.1 249.5 227 213 202.8 191.1 174.7 162.7 156.8 159.4 156 164 165.3 166.4 162.8 157.8 153.4 165.8 173.3 184.7
-1.2 -1.2 -1.2 -1.2 -1.2 -1.2 -1.2 -1.2 -1.2 4.4 8.2 15 43.6 73.4 78.4 91.2 104.8 118.4 134.4 150.2 162.2 181.5 204.6 234.5 258.2 261.1 266.9 276.5 287.6 305.6 317.8 307.8 302.5 304.6 318.7 326.2 333.7 345.9 369 387.8 389.6 393.1 393.4 391.6 398.6 386 386.1 385 384.9 382 404.8 415.1 425.2 444.7 450.1 440.3 434.2 422.8 413.4 394.2 367 337.6 317.8 294.1 274.8 255.7 229.4 214.2 208.9 195.2 176.7 163.5 159.6 164.3 169.2 165.4 170.4 173.3 168.7 169.9 166.4 178.8 183.8 197.2 208.1
-1.2 -1.2 -1.2 -1.2 -1.2 -1.2 -1.2 -1.2 7.6 9.3 15.6 47.9 73.1 80.6 91.9 103.9 114 130.4 149.1 166.4 191 219.5 248.2 257.7 265.7 270.3 271.5 281.7 299.3 322.4 317 317.1 311.1 314.8 327.5 342.5 351.8 376.1 398.4 399.7 400.6 400.4 397 399.7 396.3 395.8 392 386.6 386.8 405.8 419.9 431.8 451.1 460.3 451.3 441.7 435.3 424.1 404.9 379.1 346.2 324.7 307.3 280.2 261.8 238.8 219.7 213.9 197.6 175.2 168.3 166.8 168.5 176 178.1 168.9 177.7 176.3 174.5 176.2 185.3 196.6 207.4 216 226.2
-1.2 -1.2 -1.2 -1.2 -1.2 -1.2 -1.2 9.8 16.6 26.6 53 72.4 81.9 95.4 107.3 114 131.4 145.9 171 198.6 225.4 249.2 262.4 268.3 275.2 277.2 281.4 295.2 319 325.1 323.6 327.2 326.3 326.5 345.7 364.1 387.3 401.9 417.8 403.9 402.7 404.1 409.5 402.6 406.8 399.2 393.8 392.4 407.1 424.2 435.4 455.1 459.7 458.2 456.1 437.5 428.6 416.2 392 360.7 339.1 314.6 287.9 272.1 249 228.6 224.9 211.3 192.6 175.3 179.1 172.3 178.8 178.6 174.9 180.6 180.5 177.7 180.7 194.7 203.5 214 225.4 232.7 244.7
-1.2 -1.2 -1.2 -1.2 -1.2 5.1 10.3 24.1 41.9 45.7 71.6 84.5 92.4 107.9 117.6 133.6 150.8 173.6 202.5 234 248.1 266.7 276.5 276.8 281.6 285.3 295.3 310.2 322 326.6 335.6 345 348.4 359.1 381.2 392.5 408.5 418.6 415.2 413.7 412.5 415.1 404.9 406.7 410.1 404.2 400.9 413.7 429.6 441.5 451.1 458.6 460.5 461 446.9 434.3 425.9 408.7 382.5 353 327.3 298.4 281.7 261.1 244.4 234.6 223.5 210.6 189.8 185.6 180.9 182.3 182 178.6 185.5 185.8 182.5 184.1 195.4 211 221.3 231.6 240.9 249.9 261.8
-1.2 -1.2 -1.2 -1.2 3.9 12.2 27.8 41.2 57 65.8 83.4 94.2 103.9 114.4 130.8 148.4 174.2 204.3 233.2 260.7 262.2 279.5 291.4 284.1 287.3 292.5 318.8 322.8 328.2 338.9 351.1 354 365.9 388.9 402.6 412.5 413.9 413.7 420.1 417 413.3 407.6 406.9 411.5 410.6 411.1 422.5 436 443.1 454.2 456.6 458.8 458.7 459 451.3 436.4 423 401.7 370.6 339 310.1 294.8 270.6 257.3 247.6 237.9 220.5 206 194.4 189 188.2 186.4 187.1 181.7 187.5 186 187.1 200.9 218.9 225.3 234 244.9 254.1 266 281.7
-1.2 -1.2 -1.2 4.2 9.8 28.9 40.9 55.3 64.6 80.6 94.5 97.7 108.7 129.3 145.4 171.3 201.6 236.1 265.6 273.1 283 294.4 300.9 296.6 305.8 317.9 330.5 334.5 337 353 361 365 379.2 400.9 421.5 413.7 413.9 423.2 422.5 416.1 407.6 407.6 412 411.4 413.3 425.2 439.6 445 460.5 460.7 454.2 457.5 453.4 455.2 445.7 428.7 409.6 383 351.7 321.8 302.2 284.8 267.4 258.6 251 236.5 217.9 203 196.8 190.2 189.7 190.3 185.9 181.9 187.5 191.5 202.8 218.3 228.7 234.5 244.6 257.2 267.2 280.9 295.8
-1.2 -1.2 3.7 9.6 23.6 43.4 52.7 60.8 75 88.6 92.8 102.6 125.9 140 165.7 197.5 229 260 276.6 289.6 295.4 301.4 304.6 315.6 335 331.7 339.9 340.8 355.3 364.9 375.6 384.2 400.2 412.3 413.7 412.7 411 411.3 410.7 407.6 408.9 413.8 413.3 418.6 431 438.3 453.1 464 463.1 457.4 451.8 450.2 444.5 441.3 433.8 410.9 382.9 356.9 330.8 315.8 297.6 278.1 268.1 260.7 246.7 230.2 215.2 206 197.2 189.2 190.3 189.5 187.5 187.7 196.9 207.5 221.1 236.1 237 243.2 254.2 267 280.8 295 309.6
1.3 5 11 26.5 45.5 55.5 61.1 70.8 81.9 87.2 96.1 118.3 138.3 164.3 194 227.4 253.3 265.7 287.6 295.8 298.6 305.4 316.5 332.2 345.7 344.7 344.7 354.6 366.7 389.4 398.8 409 421.1 419.9 415.8 408.1 408 409.2 409.6 406.9 413.7 413.3 422.6 429.5 441.3 450.9 464.1 457.7 455.8 454.2 445.4 440 434.4 424.3 406.9 380.3 360.7 338.1 319.2 306.5 288.4 273.5 267.9 260.3 244.2 227.7 212.8 209.1 194.9 189.7 190.5 189.7 196.4 189.5 209.9 227.6 235.7 244.5 245.2 252.4 263.3 277.3 291.6 310.5 329
5.3 10.1 31.9 41.2 51.5 63.4 72.8 80.4 85.5 92.8 109.4 136.5 159.8 191.2 219.9 246.8 257.1 279.1 290 290 296.8 306.9 322.8 334.9 332 342.5 353.6 367 385.3 407.7 417.5 426.7 421.2 418.6 414.4 409.5 408 414.6 405.3 409.2 412 419.7 425 443 452.5 455.9 454.1 447.9 444.5 442.3 433.4 430.7 421.6 406 379.2 361.9 341.8 323.7 313.9 299.8 281.5 274.5 270.1 257.9 238.4 222.2 213.4 207.2 194.6 191 192.4 200.6 198.6 206.3 225.5 235.4 242.5 249 252 260 274.4 289.7 307.2 324.1 328.4
16.2 29.7 38.3 45.2 57.9 69.6 78.4 86 90.9 105.4 136.7 167.3 204.2 219.8 230.9 240.9 251.9 260.4 266.9 272.1 291.1 317.2 327.1 327.5 331.2 343.6 369.5 400.1 409.1 416.3 427.6 431.7 430.6 414.6 406.8 407.3 410 405.3 405.3 408.2 414.3 423.7 439.6 447.7 448.5 447.6 443.5 444.7 441.2 432 424.1 422 406.6 384.9 362.5 345.5 328.2 322.4 310.7 295.3 281.1 274.6 266.5 246.6 231.3 219.2 211.7 202.7 196.3 196.4 201.2 197 205.4 221.7 234.2 243.6 250.4 256.3 259.4 270.2 283.5 302.2 320.4 325.9 320.8
26.6 35.1 44.8 57.2 66.5 80.2 85.6 89.4 101.3 135.9 172.1 206.8 215.5 219.5 223.9 234.9 242.9 244.4 250.6 280.7 304.1 312.8 317.3 326.7 343.4 364.8 388.8 410.1 411.1 420.9 428.9 434.8 424 406.3 402 401 402.1 408.1 407.7 410.2 418.6 435.9 443.7 446.2 441.3 439.9 438.2 441 433.5 423.7 414.8 409.2 383.5 368.2 343.7 326.8 327.6 319.1 302.2 290.8 281.1 273.3 254.3 240.4 225.6 217.5 210 201.2 199.3 203.1 206.9 209 223.4 234 243.9 253.1 258.1 263.8 267.6 278.7 293.8 311.6 319.2 314 310.6
28.8 43.8 57.7 66.4 77.2 84.2 88.5 99.3 128.2 164.8 191.6 206.5 208.2 217.1 222.1 230.9 237.5 246.9 270.9 290.7 301.1 313.3 334 356.1 368.1 387.4 401.1 403 410.5 419.2 426.2 416.2 403.6 392.8 394.9 395.7 403.3 405.7 410.3 418.4 437.3 445.9 445.1 443.8 438.9 439.1 438 435.5 423.3 413.2 402.7 383.8 362.3 344.6 334.2 326.1 323.3 309 295 287.2 282.3 266.1 251.4 236.8 224 211.5 208.6 201.5 204.5 208.7 208.5 223.7 236.5 246 252.9 262.5 269.3 267.3 274.2 286.7 303.8 317.9 311.4 309.5 311.8
39.2 55.7 64.1 72.4 83.1 88.5 97.3 117 153.5 179.3 195.1 196 203.8 208.2 224.9 238.3 252.6 270.3 289.1 295.1 310.2 326 348.1 374.5 395.9 396.7 397.9 404.1 407.5 410 407.3 397.2 388.2 389 391.3 396.1 400.5 408 419.9 435.5 444.3 444.9 444 444.3 437.6 436.8 435.3 424.4 410 398.6 375.7 359.4 345.9 331.6 325.1 323.1 314.4 297.7 288.6 281.7 275.2 265.2 247.8 235.4 220.8 209.5 209.5 208 209.9 207.1 222.5 236.2 246.9 255.1 266.8 284.2 271.6 268.6 280 294.7 312.1 310.1 300.9 300.9 308.9
52.4 62.6 71.1 79.5 87.7 94.8 111.5 146.8 162 179.6 180.7 186.8 192.7 218.1 235.2 252.8 274 285.8 291.9 298.5 316.2 347.3 366.7 391.6 408 397.5 400.5 397.5 402.8 401.4 388.7 384.2 385.6 389.4 395.4 400.1 403.1 415.3 438.5 439.3 439.6 439.9 438.9 439.5 439.2 426.8 413 407.6 394.1 376.9 356.5 342 332.9 325.2 322.7 314.9 299.3 289 281.7 274.7 268 260.4 242.9 232.9 218.9 213 212.9 214.6 208.2 219.9 235.1 247.1 257.7 266.1 282.4 286.5 269.7 276.3 289.1 299.1 307 300.3 298.8 301.7 309.2
58.9 66.6 74.5 82.1 88.4 104.8 138.3 151.6 161.6 167.8 170 179.9 203.2 221.1 251.1 267.1 271.2 286.3 299.5 323.8 344.5 364.7 391 405.9 400.5 394.5 393.5 395.6 384.7 380.6 383.3 386.9 389.1 393 402 403.1 413.8 442.4 428.5 427.5 427.7 430.5 436.7 434.1 426.5 403.6 392.4 386.4 361.3 353.2 339.7 332.2 323.2 321.4 315.2 303 290.5 283.2 276 269.1 261.3 254.1 241.4 232 216.8 215.5 216.1 214.7 219.9 230.5 243.2 254.8 265.3 277.7 282.4 279.1 277.1 282.8 294.7 300.7 298.1 293.5 297 301.5 302.8
61.6 69.4 77.4 87.4 106.1 133.1 143.4 150.3 157.6 165.3 174.6 189.2 211.9 239.4 252.1 266.9 283.3 303.8 324.2 333.3 349.7 374.4 402.4 397.4 395 386.5 387.3 386.5 374.4 379.2 387.3 392.4 390.8 393.6 401.8 399.8 417.4 410.8 411.5 420.7 420.7 418.1 418.3 416.2 401.5 385.8 372.8 359.6 343.7 334.7 326.8 321.6 317.8 316.4 307.2 294.3 290 284.5 273.7 266.5 258.8 250.8 240.6 224.2 219 217.9 216.2 217.2 229.3 239.5 249.4 261.7 272.7 282.7 283.7 280.9 282 288.6 299.2 291.7 289.7 290.6 295.5 296.3 297.2
65.1 72 86.8 110.2 130.9 138.1 143.4 150.3 162.7 172.4 182.8 209.7 241.1 247 255.8 277.5 316.6 325.5 340.1 343.9 366 390.4 400.3 396.7 391 378.5 376.8 372.5 376.1 384.6 386.8 388.4 392 394.8 394.3 399.3 405.6 402 408.8 413.6 409.5 407 406.6 392 379.2 371.5 358.8 346 326.7 323.7 319 312.7 308 307.2 293.2 291.4 287.4 279.1 270.2 263.1 252.9 243.1 229.5 223 220.9 216.2 221.5 233.2 236.9 245.1 256.8 268.1 279 284.7 278.9 282 282.7 290.5 290.1 285.7 288.4 290.3 292.4 292.2 291.3
65.5 79.4 105.8 126.7 129.9 131.7 149 159.4 164.9 182.9 207.4 231.8 239.9 252.8 274 315.2 331.4 342.8 355.4 374.6 394.9 401.3 404.9 401.1 377.2 376.7 370.7 372 376.8 379.3 387.8 395 395 391.3 385.6 391.7 391.7 396.6 404.8 403.8 402 396.6 388.9 371.5 367.8 355.8 341.9 330.8 321.5 312.7 309.5 300.5 299.2 295.1 295.4 290.7 279.1 274.8 269.2 251.7 243.5 232.5 228.5 227.4 218 217.7 233.4 238.3 243.6 252.1 263.4 275.7 283.3 277.4 278.6 283.2 287.5 288.5 281.6 281.4 285.7 289.7 288.6 287.1 288.2
74.5 94.8 120 121.2 124.5 134.1 143 150 175.5 201.2 217 229.3 245.9 267 305 318.7 330.4 349.6 375.7 392.3 398.9 405 407.2 386.9 367.6 366.5 369.3 371.7 373.2 388.8 392.4 394.1 398.1 385.8 375.5 377.5 384.7 391.9 394.4 389.4 387.2 378.3 368.4 362.5 353.6 341 331.3 322.5 313.6 313 300.2 291.7 293.6 294.2 289 276.6 271.6 268.9 259.6 242.5 235.6 237.1 230.7 220.2 216.4 230.9 239 242.3 248.9 257.8 268.7 277.4 273.8 276.8 281.7 279.9 286.6 279.1 278.2 281.7 282.8 285.1 284.8 283.1 283.3
90.9 109.4 115 116.3 125.9 131.8 151.4 175 201.1 224.2 229.6 243.3 268 281.2 295.3 318.3 340.4 373.5 392.1 398.2 405.8 400.1 383.8 364.5 366.3 371.9 371.1 373.2 387.4 389.5 392 405.4 402 373.8 367.3 371.6 381.3 383 374.2 371.5 368.6 367.9 360.2 347.8 336.3 325.8 315.8 312.3 306.9 297.9 288.9 292 293.1 285.3 276.6 266.2 267.4 260.8 246.2 237.6 237.4 233.5 226.2 220.9 228.9 235.5 239.9 246.2 252.5 261.3 269.2 268.3 274.4 275.9 277.2 280.5 276.7 275.8 278.8 279.7 280.2 280.9 283.1 279.9 284.6
99.9 111.2 112.4 126.9 138.6 151.9 174 193 212.2 228.6 246.5 263.1 284.7 286.8 305.4 332.1 360.5 383.6 394.7 405.9 400 383.3 362.8 358.8 368.9 371.6 376.6 384.4 384.9 392.1 410.1 401.7 379.4 367.3 371.3 368.9 367.3 367.3 372.6 367.9 364.6 357.9 342.3 327.8 316.9 312.3 300.1 300.7 293.6 289.3 288.1 289.6 285.5 275.6 263.4 264.9 260.8 249.2 248.4 238.5 233.3 227.7 229.8 225 230.2 235.8 242.2 248.7 254.7 266.5 264.1 268.5 271.5 273.1 274.5 275.2 273.4 272.9 274.5 277 277.6 278.3 279.3 282 286.8
