Game/Highland_Data/StreamingAssets/GeoData/Data/sy/SY58.asc
ncols 200
nrows 200
xllcorner 350000
yllcorner 80000
cellsize 50
[rows 88 to 131 of 200, columns 96 to 191 of 200]
30 31.5 34.5 37.7 39 41 44.5 48.1 48.7 48.2 53.9 60 65.3 68.6 70.1 72.8 76.5 81.3 87.6 93.3 98.9 105.3 112.6 120.2 122.1 119.2 118.7 114.4 110.9 108.7 105.4 98.7 104.1 109 108.1 106.4 101.6 100.4 97.5 96.9 93.3 88.2 82.5 76.9 69.4 62.1 72.8 80.8 81.6 81.5 91.6 93.4 89.4 82 71.7 75.5 84.3 81 73.7 75.1 75.6 71.9 72.7 75 77.6 81.5 83.3 81.1 79.3 80.2 81.4 82.7 84 86.5 86.8 84.7 84.4 82.1 79.3 77.2 76.7 78.1 75.5 71.2 69.4 67.3 63.6 62.2 59.8 59.3 62.6 66.7 69.9 72.1 71.4 70.1
25.2 27.5 30.4 32.7 33.1 35.7 39.1 41.4 42.1 44 49.4 54.7 59.1 61.3 63.7 65.8 70 75.8 81.5 88.2 95.1 102.4 110.8 118.4 118.4 114.3 108.1 104 97.5 95.8 92.9 88.6 96.5 99 96.6 93 90.4 89.4 83.8 81.9 81.1 79.4 75.6 71 64.2 57.6 62.3 68.5 71.8 72.5 77.1 77.4 75.6 75.5 65 66.9 74.2 75.5 66.6 65 63.7 62.1 65.7 69.2 70.5 75 77.2 73.5 69 72.7 74.6 76.2 75.9 78.3 79.3 78.6 75.1 73.4 72.5 71.2 70.2 70.4 68.8 65.2 63.5 60.9 57.1 55.3 54.7 55 57.2 59.8 63.2 67 66.8 64.6
21.4 23.7 25.3 26.7 28.1 31 33.4 35 35.4 39.1 44.2 49.8 52.3 55 57.2 60.2 66.5 71.4 78 84.2 94.1 101.9 110.4 119 116.3 110.8 105.2 99.9 94 85.7 84.7 80.4 90.2 92.9 87.1 84.3 81.6 80.4 75.2 76.9 73.2 68.1 66.8 63.4 58.2 50.2 54.5 57.8 61.3 60.7 62.9 66.1 65.2 62.4 56.9 58.6 63.5 63 59.6 55.7 55.5 57.9 61.3 64.1 66 67.6 68.2 64.7 62.1 63.8 66.9 68.2 68.8 71.8 72.1 69.9 67 66.8 66.1 66.6 65.5 65.1 63.6 61.5 58 55.4 52 50.8 51 51.8 53.7 54.8 58.2 56.9 57.9 55.2
17.3 19 20.8 22.2 24.2 27.2 28 29.3 31.1 35.4 40.7 44.9 46.3 46.7 48 55.9 61.4 68.1 73.2 84.1 96.2 104 115.1 119 112.7 108.2 102 94.4 89 79.5 75.4 71.5 81.2 83.2 77.8 75.1 73.9 72.9 70.6 65.9 66.3 63.2 62 57.8 53.7 49.6 49 50 51.7 52.9 55.4 55.2 56 55.3 55.1 51.1 52.3 52.4 52.1 48.4 49.1 53.4 57.3 62.4 62.4 62.5 62.4 61.4 60.4 58.1 57.7 59.5 62.3 63.8 65.7 63.7 61 59.5 61.6 63.1 61.9 60.2 58.5 56.4 53.7 51.7 50.5 51.2 51.9 50.2 51.8 51.6 53.8 53.4 51.6 48.4
13.6 14.4 16.3 18.1 20.8 23.1 23.9 25 29.5 33.3 37.1 39.3 38.2 38 46.1 54 64.7 74.8 83.4 95.2 103.1 115.6 124.8 113.4 102.2 95.4 90 84.3 77.7 71.9 68.5 62.9 67.4 70.7 67.8 66.2 67 64.6 61.7 58.9 57.2 58.6 56 54.3 49.6 46.8 45 44.5 43.9 46.3 46.9 48 48.7 47.6 47.5 46.4 44.8 43.7 44 45.6 48.4 50.3 54.2 57.2 58.8 58.9 58.2 57.2 56.7 55.1 53.2 54 54.9 57.2 59.5 59.6 56.7 54.4 57.2 59.3 58.2 56.6 55.4 52.7 51.5 50.9 47.2 45 46.4 47.7 48.4 49.1 50.7 50.9 46.2 44.8
8.9 11.1 12 14.1 16.4 18.7 20 23.2 27.2 29.8 32.8 33.1 32.6 36.7 47.6 63.6 77.3 81.4 84.4 94.8 103.9 107.2 111.3 109.4 96.2 86.1 78.7 73.8 67 64.5 62.4 58.7 60.2 60.4 59 60.8 61.9 61.1 58.8 56.4 53.9 52.1 50 49 46.1 43.1 42.3 42 41.8 42.6 43.4 44.6 45.8 46.5 46.6 46.3 44 41 42.2 44.4 47.8 49.3 50.6 52.1 53.9 54.2 53.9 53.3 53 51.6 49.4 48.9 49.5 51.2 53.9 55 53.1 51.3 51.9 52.2 50.8 50.4 50.2 49.9 48.4 46.4 43.9 43.9 44.7 45.6 46.5 47.4 47.9 45.7 43.7 43.1
3 7.8 10 10.8 12.5 14.2 16.2 20 23.5 26.5 28.9 29 29.6 43.1 57.6 66.4 70.8 72.8 74.1 82.4 93.8 98.6 102.9 101 92.5 82 74.6 67.1 60.6 58.9 55.1 54.5 55.2 52.3 53.3 55.1 56.7 56.7 55.7 53.5 50.2 47.5 44.6 45.2 41.3 40.2 40.1 38.8 39.2 40.3 41.5 43.2 45.4 45.8 46.4 45.3 42.2 39.2 40.3 42.7 44.4 45.7 46.2 48.7 49.8 49.2 48.7 49.1 49.9 50.3 47.2 44.3 43.8 45.9 47.4 48.3 49.2 46.6 47.4 49.8 50.2 49.8 48.6 47.7 46.1 44.1 41.5 41.4 42.7 43.9 44.8 45.7 45.3 43.1 41.6 41.8
-1 0.6 6.3 8.7 10.3 11.4 13.2 16.5 19.5 22.2 24.5 24.2 33 41.9 47.8 55.8 60.5 61.9 63.6 77.1 88 91.1 90.9 88.5 85.3 78.4 70.5 64.1 56.3 52.8 50.9 49.1 48.3 47.3 47.8 49.7 51.1 50.6 49.5 47.6 44.3 40.6 37 36.6 35.2 36 36.6 36.5 37.3 39 41.3 44 45.8 45.8 46 42.8 37.1 37.1 43.7 43.7 43.8 43.2 43.3 44.8 45.1 44.8 45.3 46.6 46.9 47.1 44.3 41 40.1 41.2 42.7 43 42.9 41.5 45.1 49.7 50.1 49.3 48.2 45.9 44 41.7 39.8 39.5 41.2 42.3 43.1 44 42.7 40.5 39.8 40.4
-1 -1 -1 2.5 6.9 10 10.7 12.8 14.9 17.4 19.5 20.5 29.2 33.8 39.1 45.6 51.6 54.2 57 75.1 81.7 81.9 82 79.8 71.6 66.1 63.2 58 51.5 47.6 44.8 42.7 44.8 40.4 42.3 45.2 46.1 44.5 42.5 40.5 37 33.7 31.1 31 31.4 33.1 33.7 34.8 38.9 40.8 43.9 46 47.5 47.4 46.1 39 33.5 34.6 44.9 44.4 42.1 40.2 40 40.8 42 42.7 44.5 45.3 45.3 44.6 41.9 38.9 37.3 38.3 38.3 38.2 36.8 39.3 45 49.7 49.4 48.4 46.5 44.2 41.9 39.9 37.8 37.7 39.7 40.6 41.5 42.2 40.8 38.6 38.7 39.1
-1 -1 -1 -1 -1 6.3 8 10.2 10.8 12.6 14.7 17.6 22.9 26.6 32.4 41.8 47.5 46.7 51.1 61.5 73.1 75.7 76.4 75.6 65.7 55.4 53.5 50.8 46.1 43 40.5 39.2 44.4 36.9 37.5 40.2 42.6 42.4 41.4 39.7 35 31.4 28.8 27.1 28.3 31.6 37.7 39.7 42.4 45.1 47.3 48.6 50.3 50.3 48 37.6 30.8 34.7 38.8 39.3 37 36.2 36.9 39.1 45.7 45.8 46.4 47.3 46.8 44.9 42.1 39.1 36.5 37.9 35.1 33.7 36.8 40.3 45.5 46.4 45.5 44.7 43.3 41.1 39 37 35 36 38 38.9 39.8 40 38.4 37.1 37.7 39.1
-1 -1 -1 -1 -1 -1 2.6 7.3 10.5 11.2 12.5 13.4 17.1 21.7 30.4 38.1 40.7 37.4 44.6 55.4 67.4 67.1 70.3 73.7 63.6 52.5 47.3 43.5 41.1 40 38.4 37.6 35.7 31.3 33.8 36.1 39 42.9 42.1 40.5 37 29.4 25.6 24.8 29.5 38 43.3 45.7 47.8 50.2 52 53.9 55 54.3 49.7 36.4 29.4 30 32.2 31.9 32.7 35.4 41.5 49.5 52.7 52.1 50.5 50 50.3 50.3 47.3 44.5 37 31.9 31.4 31.7 38.1 41.7 42.9 42.4 41.7 41.2 39.7 38.1 36.1 34.2 33.2 34.5 37 36.8 36.7 36.6 36.2 36 37.1 38.9
-1 -1 -1 -1 -1 -1 -1 -1 6.1 8.5 10.8 10.2 13 18.1 25.4 30.2 30.5 31.8 42.2 50 52.9 52.6 57.5 72.8 65.7 51.6 44.1 39.2 38.9 38.8 37.9 37.9 34.8 35.6 30.1 30.3 36.9 43.9 44.8 42.6 34.4 26.9 22.1 25.7 32.7 45 50.2 53 54.7 56.4 58.9 58.9 59.6 52.8 43.5 34.1 28.6 27.6 30 33.9 36.6 40 52.2 59.3 51.2 46.7 46.2 50.8 54.5 54.7 53.8 50.4 43.1 36.3 28 29.6 36.2 37.5 37.1 37 36.8 37.3 36.1 35 33 31 31.2 32.2 33.1 33.6 33.5 33.8 34.1 35.2 36.7 38.7
-1 -1 -1 -1 -1 -1 -1 -1 -1 3.2 7.3 8.9 10.2 14 18.2 20.3 23.6 30.5 40.7 43.4 42.6 44.7 52.9 61.9 54.8 47.5 41.5 36 38.7 39.3 42.8 43.4 42.5 38.5 30.6 26.7 31.6 35.9 40.4 36.7 26.3 23.1 21.8 28.5 41 56.1 59.5 60.6 62.3 63.9 64.8 64.9 57.8 45.2 35.6 28.7 26.2 27.4 36.3 40.7 45.7 49 54.3 48.3 33.2 27.7 27.7 32.9 45.2 54.7 54.6 48.4 44.2 38.2 27.5 25.9 29.1 28.7 28.7 29 30.7 30.2 31.4 30.2 29.4 28.7 29.2 30.5 29.6 31.3 32.5 34.8 35.4 35.7 36.5 37.3
-1 -1 -1 -1 -1 -1 -1 -1 -1 -1 0.9 4.5 8.7 10.1 12.6 14.7 19.2 28.2 35.7 36.2 34.6 41.5 50.4 51.9 47.2 40.9 34.9 32.5 39.2 45.2 50.1 48.8 45 38.7 29.4 24.1 24.1 24.6 28.3 27.4 20.5 18.6 24.3 29.9 38.4 50.9 64.6 68.6 70.2 71.9 72.3 67.7 53.6 42.8 31.7 24 24.9 35.1 45.6 49.1 50.2 51.9 44.9 27.9 19.1 15.5 17.8 22.1 27.7 39.2 45.5 39.9 35.5 34.3 29.7 25.1 25 28.6 27 26.3 25.6 27.8 26.5 26.8 28.2 29.8 33.1 35.3 33.9 34.5 36.7 38 38.5 38.8 38.8 39
-1 -1 -1 -1 -1 -1 -1 -1 -1 -1 -1 -1 3.3 7.8 9.5 10.9 16.6 21.8 26.6 27.8 31.2 41.4 48.1 46.5 40.5 33.3 30 34 43.5 50.6 56.4 55.7 48.9 41.3 30.3 24.5 22.1 20.5 18 15.8 15.9 19.4 26.6 33.9 43.2 47.9 57.2 70.8 78.6 80.7 73.8 62 51.3 37.6 27.8 22.4 28.2 39.2 52.9 55.6 53.4 44.4 30.3 16.8 14.6 16.1 17.2 17 20.3 27.1 29.1 27.7 23.7 23.7 23.6 27.3 34.9 38.1 38 37.2 33.2 29.5 30.9 33.1 36 39.3 41.4 42.9 36.8 38.3 41.2 41.3 41.6 41.6 41.7 41.8
-1 -1 -1 -1 -1 -1 -1 -1 -1 -1 -1 -1 -1 1 6.8 9.2 9.8 13.9 17.7 22.9 30.6 37.7 40.5 37 31.4 25.7 27.4 35 46.4 57.6 61.5 62.5 59.2 44.5 35.6 30.1 30.2 27.3 21.1 14 15 21.4 31.7 45.7 55.2 55.7 59.8 64.2 77 82.9 69.3 62.2 51.5 35.3 24.2 20.8 30 40.6 54.9 52.5 44.6 32 20.3 15 15.8 22.3 25.4 25.3 24 26.3 27.8 26.4 25.2 25.6 27.6 33 39.6 46.4 47.6 47.2 43.9 39.6 42.5 44.2 44.8 49.1 49.1 47.4 41.4 41.3 42.8 45.6 46.9 45.5 44.6 44.7
-1 -1 -1 -1 -1 -1 -1 -1 -1 -1 -1 -1 -1 -1 -1 4.4 8.7 9.5 8.2 15.8 25.4 31.9 31.1 27.8 22.5 20.3 28.8 38.3 50.4 61.8 67.4 68.1 65.2 53.1 44.1 42.8 41.9 33.8 22.3 12.6 14.4 22.5 33.5 46.8 58.1 64.9 66.7 69.3 77.4 83.9 73.3 63.2 48.2 34.3 23.6 19.3 27.8 38.2 45.6 39.2 32 22.7 15.1 13.4 19.7 25.8 31.9 32.7 31.1 31.2 34.1 33.5 33.1 36.8 38.3 41.6 45.3 57.5 58 56.1 53.9 52.2 54.7 55 55.2 56.4 55.9 51.7 46 46.8 47.3 49.2 51.6 49.5 46.9 49.1
-1 -1 -1 -1 -1 -1 -1 -1 -1 -1 -1 -1 -1 -1 -1 -1 -1 6.1 8.9 7.6 5.4 11.5 21.1 19 15.7 18.7 30.9 41 51.9 57.3 64.1 69.7 70.2 61.4 53.6 52.2 44.9 35.8 21.5 11.5 14.5 21.7 31.4 43.2 56 65.2 70.4 74.2 80.5 82.6 78.3 65.6 48.1 35.3 24.8 15.2 24.5 31.3 35.5 29.3 22.4 14.7 10.6 14.8 22 32.1 35.9 36.6 36.8 37.3 38.6 42.7 42.1 43 48.3 50.8 55.6 67.1 67.1 65.9 63.7 64 66 65.4 63.5 62.2 60.6 55.7 55.5 56.3 55.4 55.7 56.4 54.3 53.1 53.3
-1 -1 -1 -1 -1 -1 -1 -1 -1 -1 -1 -1 -1 -1 -1 -1 -1 -1 5.8 9.1 7.7 4.8 7.9 10.9 11.1 18.3 29.5 38.1 44.9 49.5 54.7 60.8 63.8 62 56.5 51 42.7 29.8 14.2 10.9 13.9 19.6 27.7 39.2 51.1 59.9 66.3 71.2 76.2 79.1 77.5 68.5 46.5 33.8 24.4 15.1 19.9 25.2 24.7 19 14 10.3 10.3 16.8 30.4 37.3 41.2 42.6 43 45.5 47.5 53.2 53.4 58.5 55.3 58.1 64.6 77 76.2 75.2 75.1 76.2 76.6 75.6 73.4 71.4 68.3 62.1 66.3 67.5 67.6 65 63.7 61.6 60.2 60.6
-1 -1 -1 -1 -1 -1 -1 -1 -1 -1 -1 -1 -1 -1 -1 -1 -1 -1 -1 2.8 8.1 9.4 6.5 6.1 7.6 12.3 19.2 28 33.6 38.6 44.5 49.9 52.6 51.2 46.2 38.9 28.6 17.5 10.7 10.2 11.7 16.8 23.1 34.1 44.2 52.1 58.8 64.8 69.1 72.4 72.6 65.4 44.8 38.6 24.6 15.9 14.8 16.5 15.6 13.3 10.4 9.6 11.2 19.2 28.9 42.4 47.4 50 50.7 52.2 55.2 64.6 72.2 68.7 65.6 65.8 70.4 83.7 86.5 86.8 87.1 87.5 86.3 85.1 82.9 79.6 69.9 68.5 74.7 77.3 77.4 75.5 74 71.9 71 69.6
-1 -1 -1 -1 -1 -1 -1 -1 -1 -1 -1 -1 -1 -1 -1 -1 -1 -1 -1 -1 -1 6.8 9.2 6.8 5 6.7 12.6 15.2 19.8 27.8 32.4 33.6 33.2 31.5 28.9 23.8 17.1 11.5 8.9 9.2 10.6 14.1 19.9 26.9 35.1 41.7 48.6 56.1 62.1 64.5 63.9 57.9 46.2 34 24.2 16.5 13.8 12.4 11.2 10 8.7 9.5 12.4 18.9 27.3 43.5 53.5 57.1 59.1 60.8 63.2 73.7 80.8 78.6 76.5 76.2 74.8 78.2 87.1 92.5 92.7 93.5 92 90.6 82.5 73.5 69.3 71.8 77.7 80.8 82 81.3 81.3 79.5 79.1 78.2
-1 -1 -1 -1 -1 -1 -1 -1 -1 -1 -1 -1 -1 -1 -1 -1 -1 -1 -1 -1 -1 -1 4.4 8.6 7.9 4.9 5.8 9.1 13.1 14.7 18.1 21.3 20.6 19.6 18.3 15.2 12 8.6 8.9 8.2 8.9 12.3 16.9 22.4 27.3 33.1 38.7 44.1 46.1 44.3 41.2 38.9 31.9 27.2 21.2 16.3 12.6 10.5 9.5 8.3 7.4 8.7 13.6 18 26 33.4 50.2 63.8 66.1 68.8 71.8 81.1 86 87.5 87.1 85.9 84.1 83.9 87.8 93.4 94.6 94.7 92.5 86.8 81.2 77.9 77.1 80.5 82.1 81.9 82.6 82.3 82.1 81.1 80 78.8
-1 -1 -1 -1 -1 -1 -1 -1 -1 -1 -1 -1 -1 -1 -1 -1 -1 -1 -1 -1 -1 -1 -1 -1 7.3 9.5 6.3 4 5.6 8.6 9.9 11.3 12.5 13.3 11.8 9 6.7 7.1 7.7 7 7.5 10.5 14 17.6 22.4 25.9 29.9 31.8 30.7 31.6 29.3 28.2 25.6 21.3 16.7 11.8 9.7 8.9 8.4 8 6.5 7.7 12.2 17 22.6 29.9 38.8 49.9 60.9 72.5 76.1 80 84.2 87.9 89.8 91.2 90.7 91.2 93 95 96.5 95.7 93.2 91 87.8 87 88.8 89.2 86.8 85.5 84.1 82.3 81.4 80.3 78.9 77.8
-1 -1 -1 -1 -1 -1 -1 -1 -1 -1 -1 -1 -1 -1 -1 -1 -1 -1 -1 -1 -1 -1 -1 -1 -1 4.6 9.5 7.4 3.7 3.8 3.3 3.6 5.3 6.3 5.4 5 4.7 6.1 6.7 6 5.9 8.5 12.1 15.1 17.9 19.7 21.2 23.2 24.5 23.2 22.9 21.7 19.7 16.3 12.2 9 7.7 7.4 6.7 6 5.8 6.9 9.8 16 20.8 25.7 32.6 38.1 44.9 53.8 62.2 71.2 81.5 84.1 86.6 87.7 87.7 88.5 89.8 90.3 92.7 92.8 91.8 90.3 89.8 89.1 89.2 89.5 87.5 86.8 85.6 82.9 81.7 80.2 79.7 79.1
-1 -1 -1 -1 -1 -1 -1 -1 -1 -1 -1 -1 -1 -1 -1 -1 -1 -1 -1 -1 -1 -1 -1 -1 -1 -1 3.6 7.9 9.1 4.4 2.7 2.1 2.5 3.2 3.3 3.7 4.1 5 5.4 5.7 5.4 7.4 9.5 11.9 13.7 14.6 15.4 17.6 17.6 18 18.3 17 14.9 11.1 8.7 6.9 6.4 6.3 6 5.6 5.1 5.4 7.8 13.1 18 22.8 27.6 32.6 37.2 42.6 48.3 53.3 58.7 64.9 75.3 78.9 75.1 73.1 84.9 85.4 86.4 85.6 84.8 83.9 83.6 83.2 84 84.9 84 82.9 82.5 80.8 80 79.6 79.8 79.9
-1 -1 -1 -1 -1 -1 -1 -1 -1 -1 -1 -1 -1 -1 -1 -1 -1 -1 -1 -1 -1 -1 -1 -1 -1 -1 -1 1.7 6.9 10.1 6.9 2.6 3.2 3.4 2.1 2.2 2.9 3.1 3.4 3.7 4.4 5.1 7.1 8.9 9.5 10.1 9.5 11.1 12.7 12.6 12.8 12.1 9.6 7.5 6.4 5.2 5.3 5.2 5 4.3 4 5.1 6.4 10 15.3 19.8 24.2 28.6 32 36.2 41 44.5 47.8 51.4 54.9 55.3 58.3 60.7 62 72.9 78.3 78.7 78.2 76.6 76 74 74.3 73.9 76.5 73.9 73.7 70.8 69.6 69.6 70.7 73.9
-1 -1 -1 -1 -1 -1 -1 -1 -1 -1 -1 -1 -1 -1 -1 -1 -1 -1 -1 -1 -1 -1 -1 -1 -1 -1 -1 -1 -1 5 8.9 8.9 3.7 3.5 3 3.1 1.9 2.4 2.8 2.7 2.9 3.6 4.6 5.1 5.8 4.5 3.5 3.3 4.5 5.3 5.8 5.7 5.2 4.7 4.2 4.1 3.8 3.6 3.4 3.2 3.1 4.1 5.2 7.6 11.4 15.1 19.9 25 28.6 32.5 36.2 39.2 41.5 44.3 47.5 49.8 52.5 55.6 58.7 60.7 63.5 65.6 65.1 64.3 63.3 62.2 61 60 60.2 59.1 58.7 58.4 56.8 54.9 56.9 59.8
-1 -1 -1 -1 -1 -1 -1 -1 -1 -1 -1 -1 -1 -1 -1 -1 -1 -1 -1 -1 -1 -1 -1 -1 -1 -1 -1 -1 -1 -1 2.9 7.3 10.4 5.3 2.9 2.4 1.7 1.9 1.9 1.7 1.7 1.9 2.6 2.8 2.8 1.4 1.4 1.4 1.5 1.8 2 2.6 3 4.4 3.2 2.6 2.7 2.6 2.6 2.5 2.6 3.6 4.8 5.9 9.1 12.2 16 20.1 24.2 27.7 31.2 34.8 37.3 39.5 42.3 43.9 46.6 49.5 52.4 56.4 58.1 59.6 58.7 57.7 56.7 56.1 55.1 55 53.1 52.5 51.6 51 51.2 51 50.4 53.4
-1 -1 -1 -1 -1 -1 -1 -1 -1 -1 -1 -1 -1 -1 -1 -1 -1 -1 -1 -1 -1 -1 -1 -1 -1 -1 -1 -1 -1 -1 -1 -1 5.7 8.7 8.8 3.1 2.7 1.5 1.9 1.7 2 1.8 1.8 2.8 2.1 1.5 1.7 2.3 2 1.9 1.7 2.6 2.6 3.2 2.2 1.7 1.7 2 2 2.1 2.2 2.9 4.2 4.7 7.4 11 13.9 16.4 18.7 22 25 28.6 32.8 35.3 37.5 39 42.5 44.8 47.4 51 53.1 53.9 53.2 51.6 50.2 49 48.9 49.2 47.4 47.4 46.4 44.9 44 44.2 44.6 46
-1 -1 -1 -1 -1 -1 -1 -1 -1 -1 -1 -1 -1 -1 -1 -1 -1 -1 -1 -1 -1 -1 -1 -1 -1 -1 -1 -1 -1 -1 -1 -1 -1 3.5 7.8 10.2 3.7 3.1 2.6 1.6 2.6 2.7 1.8 2.7 2.3 2.1 1.9 2 1.5 2.1 2.8 3 2.7 2.7 2.9 1.6 2.6 2.2 1.6 1.7 1.7 2.3 3 3.9 6.6 9.8 12.3 14.8 17.3 18.5 19.9 22.3 26.3 29.6 33.1 35 38.2 40.1 42.6 45.7 47.4 48.2 46.6 45.8 45 43.6 44 43.4 42.5 42.8 40.7 39.7 39 39.6 39.5 39
-1 -1 -1 -1 -1 -1 -1 -1 -1 -1 -1 -1 -1 -1 -1 -1 -1 -1 -1 -1 -1 -1 -1 -1 -1 -1 -1 -1 -1 -1 -1 -1 -1 -1 -1 5.7 9.5 7.6 2.1 2.1 1.4 1.9 2.5 1.7 1.2 -1 -1 -1 -1 1.2 3.1 2.9 1.5 2.1 1.3 1.4 0.7 2.3 2.4 1.8 2.3 1.3 2.2 3.3 5.7 8.1 10.4 12.7 14.6 16 16.1 17.4 20.4 24.7 28.9 31.6 33 35.9 38.2 41.2 42.5 41.8 41.6 40.2 39.1 38.7 39.2 36.8 35.9 35.9 34.4 34 33.8 34.4 33.7 33.2
-1 -1 -1 -1 -1 -1 -1 -1 -1 -1 -1 -1 -1 -1 -1 -1 -1 -1 -1 -1 -1 -1 -1 -1 -1 -1 -1 -1 -1 -1 -1 -1 -1 -1 -1 -1 3.2 7.8 9.4 3.3 1.5 -1 -1 -1 -1 -1 -1 -1 -1 2.7 2.8 2.6 1.4 1.6 0.5 0.5 0.5 2.3 -1 2.5 2.2 0.8 1 3.2 4.6 5.9 8.1 10.4 11.8 12.2 13.7 15 18.4 22.8 24.5 27.1 30.7 34.7 37.7 40.7 37.9 38.1 37.4 36.2 35.5 34.3 33.3 32.4 31.6 30.6 30.6 30.2 28.9 28.8 28.6 28.8
-1 -1 -1 -1 -1 -1 -1 -1 -1 -1 -1 -1 -1 -1 -1 -1 -1 -1 -1 -1 -1 -1 -1 -1 -1 -1 -1 -1 -1 -1 -1 -1 -1 -1 -1 -1 -1 -1 6.7 8.2 6.1 -1 -1 -1 -1 -1 -1 -1 -1 -1 -1 -1 -1 0.9 0.5 -1 -1 -1 -1 -1 -1 1.5 0.8 2.6 4.2 5.5 6.8 8.1 9.4 11.3 14.2 16.9 20 23.1 25.6 29.2 32.4 36.1 39.1 40.3 39.2 37.1 35.7 34.1 32.6 31 29.7 29.1 28.6 27.7 26.9 26.9 26 25.4 25.8 26
-1 -1 -1 -1 -1 -1 -1 -1 -1 -1 -1 -1 -1 -1 -1 -1 -1 -1 -1 -1 -1 -1 -1 -1 -1 -1 -1 -1 -1 -1 -1 -1 -1 -1 -1 -1 -1 -1 -1 3.8 8.2 9.1 -1 -1 -1 -1 -1 -1 -1 -1 -1 -1 -1 -0.9 -1 -1 -1 -1 -1 -1 -1 -1 2.3 2.4 3.5 4.5 5.5 7.3 9 11.6 14.9 18.2 21.7 24.8 28.2 31.8 35.1 37.8 40.4 41.1 39.1 37.2 35.1 34.8 32.6 31 28.8 27.8 26.1 25 24.5 23.5 23.8 23.3 23.8 23.5
-1 -1 -1 -1 -1 -1 -1 -1 -1 -1 -1 -1 -1 -1 -1 -1 -1 -1 -1 -1 -1 -1 -1 -1 -1 -1 -1 -1 -1 -1 -1 -1 -1 -1 -1 -1 -1 -1 -1 -1 2.7 7.9 9.8 -1 -1 -1 -1 -1 -1 -1 -1 -1 -1 -1 -1 -1 -1 -1 -1 -1 -1 -1 2.4 1.7 2.8 4 5.4 6.9 8.9 11.2 14 17.7 21.4 26.4 30.6 34.5 38 40.3 41.5 41.4 40.1 38 35.8 35.1 33 30 28.4 27 25.8 24.7 23.8 22.4 22.1 22.5 21.9 21.3
-1 -1 -1 -1 -1 -1 -1 -1 -1 -1 -1 -1 -1 -1 -1 -1 -1 -1 -1 -1 -1 -1 -1 -1 -1 -1 -1 -1 -1 -1 -1 -1 -1 -1 -1 -1 -1 -1 -1 -1 -1 -1 6.1 9.5 7.8 -1 -1 -1 -1 -1 -1 -1 -1 -1 -1 -1 -1 -1 -1 -1 -1 -1 2.2 1.9 3.1 4.6 6.1 7.6 10.2 12.4 14.4 17.2 20.9 25.4 30.2 34.8 38.6 40.6 41.6 41.8 40.2 38.3 37.6 35.9 33.4 29.9 28.5 26.9 25.6 24.3 22.9 21.5 20.1 20.4 20 19.1
-1 -1 -1 -1 -1 -1 -1 -1 -1 -1 -1 -1 -1 -1 -1 -1 -1 -1 -1 -1 -1 -1 -1 -1 -1 -1 -1 -1 -1 -1 -1 -1 -1 -1 -1 -1 -1 -1 -1 -1 -1 -1 -1 4.4 8.1 9 -1 -1 -1 -1 -1 -1 -1 -1 -1 -1 -1 -1 -1 -1 -1 -1 2.6 1.9 3 5.2 7.2 9.5 12.3 15.3 16.5 18.9 21.6 24.4 29 33 36.9 40 41.4 41.8 39.9 37.8 35.8 33.8 31.5 28.8 26.3 24.8 25.5 23.6 22.6 21.4 21 20.6 19.7 19.7
-1 -1 -1 -1 -1 -1 -1 -1 -1 -1 -1 -1 -1 -1 -1 -1 -1 -1 -1 -1 -1 -1 -1 -1 -1 -1 -1 -1 -1 -1 -1 -1 -1 -1 -1 -1 -1 -1 -1 -1 -1 -1 -1 -1 -1 7.3 10 4.3 -1 -1 -1 -1 -1 -1 -1 -1 -1 -1 -1 -1 -1 3.2 3.6 6.5 4.8 6.8 8.6 10.9 14.8 18.5 20.2 22.7 25.7 28.4 30.6 34.4 36.5 39.7 41.3 41.7 40.1 38.5 39 35.7 33.7 31.1 30.1 27.3 25.9 25.2 23.7 23.8 23.2 22.4 21.7 20.6
-1 -1 -1 -1 -1 -1 -1 -1 -1 -1 -1 -1 -1 -1 -1 -1 -1 -1 -1 -1 -1 -1 -1 -1 -1 -1 -1 -1 -1 -1 -1 -1 -1 -1 -1 -1 -1 -1 -1 -1 -1 -1 -1 -1 -1 -1 6.1 9.3 6.9 -1 -1 -1 -1 -1 -1 -1 -1 -1 -1 -1 4.1 4.4 6.5 7.7 9.2 10.8 12.1 14.3 16.1 19.3 23.6 26.7 29.7 32.5 35.1 38.1 40.1 42.1 43.7 43.7 42.1 40.3 39.6 37.4 35.1 32.5 31.4 29.3 27.8 26.6 25.4 25.1 24.4 23.6 22.8 20.8
-1 -1 -1 -1 -1 -1 -1 -1 -1 -1 -1 -1 -1 -1 -1 -1 -1 -1 -1 -1 -1 -1 -1 -1 -1 -1 -1 -1 -1 -1 -1 -1 -1 -1 -1 -1 -1 -1 -1 -1 -1 -1 -1 -1 -1 -1 -1 3.9 8.4 9.3 -1 -1 -1 -1 -1 -1 -1 -1 7.5 10.8 14.8 15.5 15.8 17.3 19.5 19.8 21.3 22.1 22.8 22.7 25.5 28.7 33.4 35.5 37.3 39.2 41.8 43.6 43.5 43.7 42.6 40.9 39.1 37.4 35 32.9 32.4 30.7 29.3 28.2 27.1 26.2 25.8 24.9 23.4 21.1
-1 -1 -1 -1 -1 -1 -1 -1 -1 -1 -1 -1 -1 -1 -1 -1 -1 -1 -1 -1 -1 -1 -1 -1 -1 -1 -1 -1 -1 -1 -1 -1 -1 -1 -1 -1 -1 -1 -1 -1 -1 -1 -1 -1 -1 -1 -1 -1 -1 7.3 9.7 5.7 -1 -1 -1 -1 -1 -1 6 11.4 17.7 22.8 26.2 29.5 31 31.9 33.3 33.2 32.8 32.6 30.6 31 33.7 37.1 39.4 41.2 43.1 44.2 43.4 42.5 41.4 40 37.7 35.9 33 32.5 32.2 31.8 31.1 30.2 29.7 28.6 27.1 26 24.2 22.3
-1 -1 -1 -1 -1 -1 -1 -1 -1 -1 -1 -1 -1 -1 -1 -1 -1 -1 -1 -1 -1 -1 -1 -1 -1 -1 -1 -1 -1 -1 -1 -1 -1 -1 -1 -1 -1 -1 -1 -1 -1 -1 -1 -1 -1 -1 -1 -1 -1 -1 5.3 9 7.8 -1 -1 -1 -1 -1 -1 7.7 13.5 19.1 23.8 28.4 34.3 39 41.2 42.5 42.7 42.2 41.6 40.5 39.4 39.7 40.5 42.8 44.8 45.9 45.3 43.8 42.4 41.1 39.7 38.2 36.5 35.2 34.5 34 34.2 33.2 34.2 32.2 31.1 28.9 27.7 26.1
-1 -1 -1 -1 -1 -1 -1 -1 -1 -1 -1 -1 -1 -1 -1 -1 -1 -1 -1 -1 -1 -1 -1 -1 -1 -1 -1 -1 -1 -1 -1 -1 -1 -1 -1 -1 -1 -1 -1 -1 -1 -1 -1 -1 -1 -1 -1 -1 -1 -1 -1 3.5 8.6 9.4 -1 -1 -1 -1 -1 -1 8 12.8 16.6 22 27 33 38.8 43.4 47.7 49.9 48.3 46.4 46.4 45.7 45.1 46.8 49.7 50.8 49.3 48.2 46.9 48.2 49.9 46.7 44.6 43.7 42.2 40.4 40.8 39.1 38.6 37.1 35.6 34.9 33.7 31.5
-1 -1 -1 -1 -1 -1 -1 -1 -1 -1 -1 -1 -1 -1 -1 -1 -1 -1 -1 -1 -1 -1 -1 -1 -1 -1 -1 -1 -1 -1 -1 -1 -1 -1 -1 -1 -1 -1 -1 -1 -1 -1 -1 -1 -1 -1 -1 -1 -1 -1 -1 -1 -1 6.6 10.1 4.1 -1 -1 -1 -1 -1 6.5 9.3 14.2 19.2 24.3 29 34 38.5 41.6 43.1 43.3 46.2 47.6 48.4 50.5 53.7 54.6 52.6 50.4 49.3 50.7 51.1 51.3 50.5 51.3 51.6 51.8 51.5 50.5 48.2 46.6 43.3 41.8 40.1 37.3
