Game/Highland_Data/StreamingAssets/GeoData/Data/sy/SY59.asc
ncols 200
nrows 200
xllcorner 350000
yllcorner 90000
cellsize 50
[rows 72 to 107 of 200, columns 80 to 159 of 200]
125.3 128.6 131.9 134.5 138.2 142.8 146.7 149.2 149.2 150 151.9 155 156.6 158.8 163.2 169.9 174.2 180.8 186.2 190.3 193.8 195.4 196.6 195.3 193 189.2 184.6 173.8 169.5 162 155.5 151.1 146.4 144.9 141.3 141.8 143.7 141.5 138.8 135.5 141 146 152 165.1 174.5 181.2 186.3 189.2 191.3 191 188.1 182.2 175.4 165 153.6 144.9 140.3 139.9 140.2 142 143.8 147.1 151.8 155.6 159 162.6 165 168.9 173.7 178.6 184.8 187.1 184.7 184.1 183.3 182.8 183.2 183.2 182.4 180.5
118 122.5 127.9 132.7 136.9 140.4 145.7 153 153 154 155.7 158.9 161.6 164.2 167.7 172 177.6 184.3 189.6 193.4 196.3 197.7 197.6 195.6 191.8 187.8 182.9 171.9 163.4 157.1 151.1 145.6 142.4 146.1 146.8 148.6 147.2 144.6 142.1 135.3 141.7 147.6 153.4 167 176.3 182.5 187.5 190.3 192.1 191 187.1 181.1 173.1 160 148.6 144.3 141.2 142.5 145.1 147.2 151.6 157.6 160.8 164.8 168 173.3 176.7 180.3 184.8 187.5 188.4 186.8 183.4 180.2 178.5 178.3 179.9 180.3 179.8 178.3
113.3 119.5 126.3 131 135.9 139.3 144.2 151.9 157.8 158.6 160.2 162.3 166.6 169.5 172.4 177.5 183.1 187.9 192.4 196.6 198.3 199 197.8 194.4 190.2 185.4 177.7 166.3 159.5 152.2 151 150.4 148.8 151.3 152.3 153.4 150.8 150.5 146.1 138.3 143.8 149.1 156.6 168.5 177.6 184.1 188.5 191.6 191.9 189.9 186.2 177.3 169.8 155.8 146.9 144 145.5 148.8 151.8 156.3 163.6 167.1 169.2 173.7 178.9 184.1 186.4 187.7 188.6 189 187.9 185.1 179.8 175.4 170.4 170.7 173.2 174.7 174.9 174.8
113 119.4 126 130.9 136.3 140.2 145.8 152.4 158.1 162.9 165.1 167.7 170.2 173.6 178.4 183.5 187.9 192.2 196.7 199.1 200.6 200.2 196.6 193.1 188.1 181.6 169.9 163.1 158.1 157 156.6 154.9 156.7 156.6 157.4 157.4 157.8 153.2 149.2 140 145.4 149 157.7 170 178.9 184.7 189.3 192.1 191.6 189.5 184.1 176.3 165.4 152.6 148.1 150.1 154.4 157.7 163.2 169.9 175 176.2 180 183.1 186.5 187.9 188.6 189.6 189.5 188.4 187 183.2 176.7 168.7 159 160.6 163.9 163.9 164.4 167.4
113.4 119.4 125.7 131.1 136.9 141.6 147.4 153.9 160.2 165.8 169.7 171.9 174.7 179.4 184.1 189 193.5 197.4 199.7 201.5 201.7 200.1 196 190.8 184.9 174.8 165.3 160.6 162 162 162.8 161.8 164.2 165.8 166.3 163.7 159.4 154.8 150.1 140.9 144.8 148.4 159.7 169.4 179.7 185.3 189.9 192 191.6 188.8 182 174.6 162.3 151.9 154 159.7 165 170.8 176.2 180.4 183.6 185.6 186.6 187.8 189.2 190.4 190.4 189.8 189.6 187.7 185.9 182.3 175.7 167.4 154.9 147.8 151.3 155.4 157.8 158.2
112.3 118.5 124.3 130.7 136.9 142.4 147.1 154.7 161.2 166.4 173.2 175.7 180.7 185.6 190.4 194.9 198.8 201.4 203.4 203.6 202.1 198.3 192.4 187.6 176.6 168.3 165.9 165.7 166.7 171.4 175.4 176.9 176.3 173.7 171.6 167.7 158.3 154.9 148.2 141.2 147.6 154.2 164 173.6 180.5 186.7 190.6 192.1 191.4 187.3 181 172.5 159.6 156.9 163.5 170.5 175.9 181.3 184.8 187.2 188.8 188.4 189.4 190.6 190.7 191.1 191.3 190.5 189.3 187.5 184.8 181.2 175.4 167.7 159.2 149.3 140.4 139 146.7 149.3
111.2 117.9 124.2 130.8 137.3 142.6 148.6 156.9 162.8 168 174.5 182.1 187.6 192.1 196.9 200.7 203.3 204.4 205.1 204.4 201.3 195.9 190.4 180.2 173.8 170.7 171.9 175.6 177.9 181.4 182.4 182.5 182.1 180.1 176.3 167 159.1 154.2 146.7 143.9 149.9 157.2 168.5 175.3 182 188.1 191.3 193 190.4 187.3 178.5 170.1 161.6 168.4 173.3 179.3 184.5 187.5 189.9 190.7 190.8 190.9 190.5 190.2 190.4 190.7 190.5 189.1 187.6 185.6 182.8 179.3 174.5 167 158.8 151.5 142.8 134.1 133.9 137.1
111.5 119.3 126.1 132.6 139.8 143.9 150.3 157.9 164.1 169.3 175.2 185.9 193.3 197.8 201.2 204.6 206.7 207 206.3 205.2 200.1 194.2 186.9 182.1 181.5 182.5 183.4 184.5 185.2 186.3 187.3 187.1 186 183.1 177.9 167 159.1 154.2 144.4 144.3 150.1 158.7 169 177.1 184.5 189.5 192 192.8 190.8 186.3 178.2 167.9 170.3 176.1 181.8 185.6 189 190.9 191.7 192.2 191.2 189.9 189.4 189.2 189 188.5 187.5 186.7 185.3 183.2 180.4 176.9 171.6 164.2 156.2 148.4 139.4 131.7 128.3 129.2
112.2 120.9 127.9 134.9 142.2 145.5 149.9 158.3 164.3 169.7 174.8 184.9 198 202.4 205.6 208.3 208.5 208.3 207.3 205.9 201.3 196.3 192.1 191.7 191.2 189.3 189 188.9 189.5 189.9 189.1 189.1 186.8 183.3 177.5 165.9 159.1 151.9 145.4 147.8 154.3 161.8 173 180.7 186.6 190.8 192.9 193.2 190.9 185.6 177.2 172 178 183.5 186.9 188.2 190.9 192 192.4 191.5 190.2 188.9 188 187.2 186.2 185.3 184.4 184.2 182.1 180 177.1 173 167.9 160 152.6 141.3 131.6 127.9 123.6 122.4
113 121.2 128.8 135.9 143.2 144.9 148.4 159.9 164.1 168.3 174 180.4 202.7 206.5 209.4 210.8 210.2 209.9 209.1 207 203.8 201.4 198.5 196.7 195.3 193.8 192 191.2 190.7 190.1 189.3 187.9 185.6 181.3 176.4 164.7 158 149.4 145.5 150.4 159.5 168.5 178.1 184.7 189.5 192 194.1 193.7 191.2 187.2 179.6 180.3 184.2 187.4 189.7 190.9 191.6 191.7 191.6 190.6 189.3 188 185.9 183.4 181.6 180.9 180.7 180 178.3 175.9 173 167.7 160.7 151.7 143.5 133.6 126.7 123.2 120.1 119.5
112.1 121.5 128.7 135.9 143.2 145.1 149.9 158.9 164.3 169.8 175.1 177.8 203.8 210 211.8 212.9 212.3 211.6 210.2 207.9 205.3 203 200.3 198.2 196.2 194.3 190.3 189.2 188.3 187.1 186.2 185.1 181.8 178.3 172 162.6 153.2 148.4 148.4 157.2 168.7 176 183.2 188.3 191.3 193.6 195.4 194.3 192.2 187 184.3 188.2 189.5 189.6 191 191.4 191.4 191.1 190.8 189.7 188.3 185.9 182.5 178.8 175.8 174.8 175.2 175 173.4 170.7 167.1 161.7 149.4 140.1 133.5 127.6 123 120.2 117.6 116.7
111.9 122.1 127.4 134.9 143 143.7 148.6 158.4 163.5 168.9 173.2 179.8 202.9 212.4 213.7 214.2 213.5 212.4 210.5 208.3 205.8 203.4 200.4 197.6 194.3 191.9 187.1 186.6 184.9 183.2 183 181.5 179.3 176.2 166.3 156 150.6 148 154 163.7 173.9 181.5 187.2 190.5 192.5 195.2 196.2 195.2 192.8 189.2 189.8 190.5 191.5 190.9 191.3 191.1 191 190.5 189.6 188.1 185.9 183.2 179.1 173.4 168.9 168.4 169 168.5 167.5 164.8 160.8 153.9 142.9 135.2 128.3 123.6 120.3 117.7 115.5 113.8
118.4 120.5 129.1 136.3 139.7 140.1 149.1 158.4 163.9 169.7 175.8 181.3 204 213.9 214.8 214.6 213.6 211.9 210.5 207.8 204.8 201.3 197.7 193.9 191 187.8 182 176.5 172.5 170.8 172.1 172.3 172.5 168 156.9 152 149.8 152.4 160.1 171.5 179.1 185.9 190.8 192.8 194.7 197 197.2 196.3 193.8 192.4 192.3 191.7 191.4 191.1 190.7 190.3 189.9 189 187.7 185.8 183.1 180.6 176.5 169.5 161.4 160.2 161.2 161 159.8 156.7 151.5 146.2 138.6 132 125 121.9 118.5 116.4 113.6 112.6
123.2 118.8 129.1 137.4 139.5 139.1 150.4 159.7 165.9 174 179.7 184.5 203.3 215.3 215.5 214.9 213.7 211.5 208.9 205.6 202.2 197.8 193.2 188.9 181.3 175.4 170.3 166.5 163.5 161.4 159.7 162.9 160.1 156.1 152.1 150.7 154.5 161.5 171.1 179 185.3 190.4 193.6 195.9 198 197.5 197.7 196.6 195 193.4 192.2 191.4 190.9 190.3 189.7 188.7 187.5 186.3 184.6 182.4 180 176.4 172.6 166.3 158.9 152.2 153.6 153.4 151.8 148.8 144.8 140.5 134.4 128.1 122.3 119.4 116.7 115 113.2 113.5
128.7 124.1 127.9 135.7 132.6 144.3 152 160.1 168.7 175 180.7 186.2 205.1 215.6 215.8 215.2 213.6 210.6 206.3 201.5 197.3 191.7 184.9 178.5 175.7 174 172.5 171.1 169.9 165.8 159.4 155.6 153.3 152.7 153.1 156.1 159.6 173.3 178.8 184.9 190.3 193.9 196.2 198.1 198.4 197.5 196.6 196.1 194.5 193 191.7 190.3 189.3 188.4 186.9 186.2 184.2 182.1 179.9 177.7 174.3 170.9 166.5 161.9 157.6 148.1 143.7 148.3 146.7 144.7 140.1 135.5 130 124.4 120 116.4 114.7 115.6 117.2 119.5
134.3 131.9 127.4 136 139.6 147.5 155.5 162.5 171.7 176.8 180.6 188.3 208.6 215.9 215.7 215 212.3 208.6 201.7 195.9 190.3 188 186.2 186.4 186.7 185.8 184.2 181.9 178 168.9 156.9 155.1 155.9 158.2 159.2 167.3 174.2 179.8 185.5 190.7 194.2 196.9 197.9 199.4 198.3 197.4 196.5 195.5 194.1 192.6 191.2 189.1 187.1 185.6 183.8 182 179.7 177.3 174.5 171.1 167.2 162.7 159.6 157.5 154.9 149.3 139.8 138.8 144.4 142.3 138.1 133.3 126.9 122.1 117.4 115.8 117.9 121.2 123.4 125.5
134.8 130.8 133.1 138.7 144.3 152.5 160 164.5 172.9 179.5 183 198 215.8 217.1 217.2 215.5 212.6 206.4 198.8 195 196.2 196 196 195.2 193.9 190.2 187.2 184.2 176.7 163 156.6 159.8 161.6 162.9 169.2 176.4 181 186 190.7 194.8 197.6 198.6 199.3 198.7 197.9 197 195.4 194 192.5 190.4 188.2 185.5 183.4 181.5 178.9 175.9 172.9 169.1 166.2 162.9 159 154.3 152.9 152.3 151.8 148.1 139.1 133.1 135.1 139.3 136.7 131.8 123.6 117.1 116.6 119.4 125.4 130.2 131.4 132.9
140.7 137 139.6 143.3 148.2 156.4 161.6 166.3 177.6 182.2 191.6 208.9 218.1 218.8 217.6 216.1 211.5 207.6 204.4 203.7 203.6 202.9 202.6 200.6 196.6 191.5 187 182.5 169.9 158.7 163 165.5 168 171 177.7 182.6 186.7 191.3 194.9 197.6 199 199.2 198.6 198 197 195.3 193.5 191.9 189.3 186.7 184.4 179.5 176.5 175.1 172.8 169.7 165.5 161.1 157 154.8 149.1 139.6 139.5 143.2 144.4 144.8 140.4 132.8 127.9 132.4 133.4 122.2 117.7 116.9 120.1 126.6 133.4 141 145.3 148.7
146.5 141.3 142.1 143.8 152 160.7 164.5 169.9 179.2 184.8 201.8 217.7 219.5 220.6 219.8 217.7 215.1 212.5 210.7 209.7 208.4 207.2 204.8 202 196.8 188.8 184.9 174.6 165.9 163.2 167.8 171.1 175.2 178.9 183.7 188.4 192.7 195.5 197.8 198.7 199.4 198.3 197.5 196.7 194.8 192.6 190.3 188.1 185.7 183.2 174.4 174 170.5 167.6 164.6 161.6 157.4 153.1 148.5 144.2 139.2 134.3 131.5 130.9 134.6 138.5 138.2 134.8 127.5 124.2 124.2 118.8 117 120.9 126.7 132.9 144.8 153.1 156.9 156.9
151.5 146.3 146.1 145.3 155.7 163.8 167.9 174.8 180.9 190.2 209.4 220 221.9 222.3 221.3 220 218 216.3 214.6 213.4 212.1 209.5 206.5 201.8 194.9 187.3 178.5 168.2 168 168.2 170.9 177.5 182.1 185.9 190.1 193.4 196.4 198 199.2 199.2 198.2 196.6 195.8 193.2 191.2 189.1 186.3 183.8 180.9 177.1 171.7 165.6 161.2 158.9 155.8 153.4 149.6 147.4 140 133.8 130 126 123.2 123.8 125.6 130.1 130.7 129.7 124.6 121.1 118.5 117.7 120.1 126.6 132.6 143.8 153.5 160.2 162.1 158.5
158.1 150.1 149.4 144.8 155.3 165.1 169.8 175.7 183.5 190.7 213.4 221.2 223.2 224.1 223.3 222.9 221.2 219.5 217.6 216.1 214.2 210.9 207 200.8 192.6 182.1 172.4 172.2 175.8 175 174 182.2 187.4 191.8 195.1 197.3 198.7 199.4 199.7 198.6 196.7 194.7 192.2 189.4 187 184.2 181.3 179.3 174.6 170.3 164.3 158.6 154.4 151.6 149 145.8 142.5 136.8 127.8 126.2 124.8 127.7 130 127.2 124.6 122.8 121.9 121.4 120.8 120.7 119.5 118.8 123.8 131.6 140.1 151 159.7 165.2 165 160.6
165.2 156.7 153.9 145.9 153.8 163.9 170.5 175.3 182.4 189 212.3 222.3 224.8 226.3 225.5 225 223.6 221.7 219.7 217.6 215.3 211 206.2 199.4 190.5 178.7 179 183.5 182 180.4 179 185.7 191.9 196.2 198.8 200.1 200.1 200.8 200 197.8 194.7 191.9 187.5 184.2 180.4 178 175.8 172.8 170 164.5 157.5 154.9 151.9 147.7 146.7 136.8 133.4 127 128.5 129.9 135.2 135.5 136.3 132.6 129.9 128.2 126.6 126.5 131.4 128.7 120.2 120.6 127.5 135 145.6 154.9 163.7 168.2 167.3 162.5
170.1 165.5 160.3 153.6 151 162.4 168.3 173.4 179.8 188.1 207.4 222.2 226.3 227.7 227.7 227.2 225.7 223.7 221.8 218.7 215.9 210.8 204.5 194.8 185.3 183.9 189.2 189.5 190.3 187.2 184.1 190.1 195.8 199.4 201.8 202.3 202.1 202.1 200.2 197.5 194.6 188.7 182 176.6 171.7 169.7 168.6 166.5 165.1 159.9 155.3 152.1 147.3 142.8 141.9 134.7 128.6 130.5 138.3 141.5 143.6 144 142.7 141.9 140 138.9 138 136.2 135 127.9 122.3 122.4 129.1 136.7 147.9 157.5 166.6 170.9 169 164.5
177.9 175.4 169.9 161.9 158 154.5 166.6 172.3 177.6 185.4 205.1 221.3 227.1 229.2 229.6 229.7 227.7 225.6 223 219.2 215.2 209 199.8 189.5 186.6 192.9 197 198.1 197.3 192.8 190.9 193.9 199.2 202.2 204.2 204.6 203.9 202.4 200.5 197.5 194 189 183 175.5 168.3 163.3 158.8 159.1 160.4 158.1 153.9 149 143.6 139 135.8 131.4 129.5 137.4 143.4 146.5 147.7 151 153.7 154.7 155.1 154.5 152.9 145.8 136.2 130.1 124.6 124 129.8 138.9 151.2 161.8 169.7 172.9 170.8 165.3
186.8 183.4 176.3 170.8 167.4 162.4 166.1 169.9 175.4 181.1 203.5 220.2 226.8 230.7 231.8 231.6 229.3 227.1 223.8 219 212 203.6 194.3 192.3 197 200.9 203.6 204.4 202.8 199.8 196.1 199.1 201.9 204.6 206 205.6 204.3 202.8 200.7 197.6 193.8 190.1 184.8 178.5 172.9 166 156.7 152.4 154.1 154.2 150.8 146.4 140.3 136.2 132.8 126.9 133.9 142.6 146.6 150.9 154.8 160.9 166.3 168.3 169.1 168.4 164.9 150.2 137.5 131.1 125.4 126.6 131.4 143.4 156 166 173.1 175.1 173.1 165.8
190.4 187.7 183 179.9 175.2 167.6 158.5 164.5 171 178.8 199.4 217.9 226.1 230.6 233.1 233.5 231.1 228.6 224 218.5 208.4 199.9 201.1 203.4 206.2 208.3 209.1 208.6 207.2 205 202.7 203.4 204.5 206 206.9 206.1 204.8 203.2 200.4 196.9 193.1 189.2 184.3 179.1 172.5 166.9 158.6 150.3 147.7 149.3 147 143.8 138.1 132.8 131.1 130.9 136.2 149.2 150.4 155.8 163.1 169.2 172.9 174.6 174.4 172.5 166.7 152.3 138.6 132.7 125.9 129.7 135.4 147.6 161.9 171.1 176 177.6 175.5 168.4
193.6 188.8 184.9 180.8 176.5 168.9 164.9 163.4 166.5 174.9 188.2 212.6 224.2 230.7 234.1 234.6 233 230.4 226.2 220.2 211.9 210.5 210.7 211.7 212.7 212.9 213.1 212.3 211 208.8 206.9 206.8 207.6 207.4 207.2 206.4 204.5 201.6 199 195.3 191.6 187.6 182.8 176.7 171.2 166 158.3 150.2 144.1 143.9 143.6 140.3 134.9 134 134.6 131.2 137.2 149.2 158.8 162.2 168.9 174.4 177 177.8 176.4 172.9 166.4 155 141.9 134.6 127.3 133.5 139.1 154.1 166.8 175.7 179.6 179.2 176.9 170.1
216 202.2 196.5 188 177.3 172.3 174.3 175.4 169.6 173.5 184 208.3 223.5 230.7 234.8 235.9 234.2 232.2 228.5 224.2 220.1 218.9 218.1 217.8 217.3 217.1 216.9 215.6 214.1 212.5 211.5 209.8 208.4 206.9 206.7 204.9 202.8 199.2 196.3 192.5 188.7 184.3 179.1 173.1 168.8 163.2 155.5 149.1 143.1 138.2 137.6 134.4 135 137.6 137.4 131.5 140.9 153.8 163.1 167.8 173.5 177.9 179.7 178.9 176 171.3 163.7 153.9 145.2 133.2 129.8 135.4 141.9 159.5 171.9 178.1 181.3 181.2 178.6 173.2
231.4 225.9 210.2 198.5 190.7 183.4 186.5 191.9 179.2 172.8 183.1 204.1 222.9 230.7 235.7 237.9 235.8 233.6 231.3 228.4 225.7 223.7 222.7 221.6 221.2 220.2 219 217.9 216.6 215.2 212.5 210.5 209 207.6 205.5 203 198.9 195.5 192.8 188.5 184.4 179.6 174.7 170.3 165.9 158.3 152.1 146.9 141.3 137.9 135 138.1 139.8 139.2 135.5 136.8 145.9 158.6 165.7 171.6 176.7 180.3 181 179.7 175 168.4 160.1 146.1 138.6 130.9 133.7 138.2 145.3 163.3 175.9 180.7 183.8 183.3 180.5 175.1
236 232.5 226 217.2 205.9 200.2 194.9 190.1 182.4 178.7 185.2 205.2 223 231.3 236.7 239.2 238.2 236.2 234 231.7 229.3 227.9 225.6 223.8 223.5 221.9 220.3 219 216.9 214.3 213.1 211 208.1 205.5 202.6 198.7 195 190.9 186.2 181.9 178.4 174.1 170.4 166.7 159.5 152.9 148.1 141.8 138.4 139.8 141.9 141.4 140 135.9 136.3 144.1 150.4 162 168 174.3 179.6 181.8 182.5 179.7 173.5 167.1 155 143.1 136.2 130.3 136.1 140.9 150.1 166.9 178.7 183.6 185.6 185.5 183.2 178.2
238.6 237.4 233.9 226.3 219.1 211.8 201.6 198.3 196.8 187.3 192.9 207.8 225.3 233 238 240.4 239.5 237.8 236 233.7 231.8 229.6 227.6 226.1 223.6 221.6 219.6 215.7 214.7 212.2 210.4 208.7 204.7 201.7 197.4 194.1 189.1 183.1 178.5 175.4 172.6 170 166.7 159 152 147.3 142.7 140.9 146.6 150.5 145.4 138.8 136.6 139.4 146.2 150.8 158 166.1 172 178.1 181.8 183.2 182.5 179.4 172.9 166.4 151.9 141 134.5 134.7 138.6 144.3 155.5 170.5 181.4 185.2 187.2 187.4 185.6 182.9
240.4 240.2 237.4 233.1 226.5 219.7 213.5 211.1 207.9 200 202.6 218.2 228.9 235.5 238.8 240.8 239.9 238 235.9 233.5 230.9 228.4 226.9 223.8 222.1 219.3 216.7 213 211.3 209 206.4 203.4 199.9 196.3 192.8 187.7 180.8 176.1 173.1 169.9 167.3 163.5 156 150.7 146 144 144.8 151.4 157.7 151 143.5 138.6 142.8 149.2 154.7 159.8 165 170.5 176 181.1 183.9 185 183.7 180 173.1 166.2 153.9 140.2 132.8 136.9 141 147.6 162 174.4 182.6 187.3 189.3 189 188.7 187
242 242.6 240.8 239.2 231.8 228.1 224.2 222 219.2 215.2 209.7 224.2 232.8 238.3 239.9 240.3 238 235 231.2 228.6 226.5 224.5 222.4 219 217.1 214.7 211.5 209.1 205.1 202.6 200.1 197.7 194.2 188 184.2 179.5 176.2 172.9 167.1 162.1 158.6 155.5 149.9 147.5 148 150.2 157.2 159.9 153.5 146.2 140 141.7 149.3 155.6 161.6 166.4 170.5 175.6 180.9 184.8 186.1 186.4 184.5 179.7 172.6 165.5 154.7 140.2 135.7 140.7 144.4 150.1 161.8 176.1 184.1 188.4 191.1 191.2 190.6 190.3
242.7 243.6 243.5 242.7 239.8 236.8 235.5 230.7 228.9 226.8 223.4 229.6 237.1 240.2 241.2 238.3 234.8 229.2 225.3 220.6 218.3 217.1 214.7 213.9 211.5 207.3 205.2 200.5 197.6 193 190.6 188.5 185.4 181.3 177.4 175.4 172.9 168.3 162.6 155.9 153.6 149.9 149.9 152.2 156.4 161.9 162.8 158.2 151.1 144 142.4 148.6 153 160.5 166.5 172 176.2 180.6 185.7 187.5 188.7 188.1 184.9 179.9 172.8 165.5 151.4 140.1 136.8 144 149.8 155.5 162.3 176 185 190.1 192 193.1 192.5 192.5
242.4 243.4 244.2 244 243.7 241.8 240.4 240 238 237.3 236.2 238.5 240.9 242.6 241.4 236.2 229.9 221.4 212.7 207.4 206.7 205.4 206.3 204.6 200.9 198.9 194.9 191.1 188.2 185.8 182.8 180.3 178.4 176.5 174.4 170.3 165.8 161.9 157.5 152.1 152.1 154.7 158.4 162.5 166.3 166.7 162.9 157.8 150.3 144.5 149.2 156.5 160.6 165.2 170.1 176.2 181.9 185.9 188.7 190.9 191.2 189.6 186 180.6 173.2 165.9 152.1 142.6 137.9 143.1 152.4 160.3 168.3 179.9 187.5 191.5 194.4 194.6 194.4 193.3
241.8 243.4 243.9 244.3 244.9 244.7 245.7 244.6 243.3 242.5 241.9 243.6 244.5 243.5 241.2 235.4 226.4 211.2 201.8 196.2 195.1 195.2 194.6 193.7 191.9 190.1 186.8 183.8 181.5 179.5 178.2 176.3 175.4 172.6 167.6 163.3 158.6 154.9 154.5 155.8 158.6 164.3 168.5 168.6 168.6 167.8 163.4 157.1 150 144.7 151.7 162 165.1 168.2 173.3 180.7 186.2 190.2 192.1 193 193.5 191.4 187.5 182.3 175.3 168.2 157.9 148 140.7 141.9 149.8 161.3 176.8 185.3 190.8 193.6 195.7 196.1 195.1 193.2
