Assets/StreamingAssets/GeoData/Data/sd/SD18.asc
ncols 200
nrows 200
xllcorner 310000
yllcorner 480000
cellsize 50
[rows 148 to 184 of 200, columns 85 to 169 of 200]
28 30.4 31 30.6 24.9 18.3 15.8 15.7 15.8 15.9 16.8 18.1 20 28.1 43.7 60.7 76 90 104.4 112.9 116.9 120.4 123.5 128 139.3 145.9 143 129.9 125.5 126.4 127.3 127.3 125.1 125.3 133.9 143.5 148.1 155 160.9 162.9 154 149.4 144.5 140.3 133.3 127.8 115 102 100.7 100.6 88.4 76.8 67.6 62.6 57.8 43.9 38.1 28.7 26.3 24.3 20.5 20.5 19.4 22.7 30.4 39.3 47.4 34.9 27.6 22.7 19 14 7.9 6.2 6.1 6.2 6.1 6 5.9 5.8 5.8 5.9 5.9 5.4 4.3
24.2 26.5 29.6 28.4 22.1 16.5 14.9 14.2 14 16.6 17.8 19.4 26 39 57.8 73.4 86.3 100.9 111.4 121.5 120.8 123.8 126.6 128.7 135.4 137 131.5 126.9 126.8 128.4 128.9 127.8 124.5 125.5 132.3 140.9 143.9 150.5 156 156.3 149.9 149.6 143.2 136.2 128.7 121.4 110.6 99.2 103.7 102.3 89.1 81.1 72.9 61 49.8 38.8 35.5 27.3 25.8 22.1 16.5 13.2 14.1 21.3 29.9 39.1 39.7 29.7 24.8 19.6 13.5 8.6 6.4 6.1 6 6.1 6.1 6 5.9 5.7 5.6 5.6 5.8 4.9 4.4
23 25.6 28.3 23.6 18.2 15.5 14.4 13.4 16.2 17.7 19.7 23.7 35.5 50.5 70.1 83.9 96.5 113.3 116.7 125.1 124.4 125.8 130.6 132.6 137.4 134.9 129.2 127.1 128.5 129.3 128 126.2 124.1 126.9 137.8 140.7 140 144.9 150.6 149.8 150.4 146.3 140.4 130.9 123.4 115.7 105.5 95.5 103.5 101.1 89.2 82.8 70.6 61 43.6 36.5 30.6 26.1 23.4 16.5 11 9.7 12.7 21.1 33 38.2 31.5 26.3 22 15.6 9.6 6.6 6 6 6 6.1 6.1 6 5.7 5.5 5.4 5.2 5.1 4.4 4.6
24.1 22.5 24 20.3 15.9 14.6 14.8 14.7 17.1 20.3 24.7 30.7 45.4 71.8 86.9 94.3 107.9 119.7 124.1 126.8 127.4 128.9 132.6 136.6 136.7 134.8 129.6 129.2 130.3 129 126.3 124.4 124.9 132 141 139.3 138.3 141.1 146.3 144.9 146.1 141.2 134.4 126.1 118.3 110.4 101.1 92.1 92.1 94 88.2 84.3 73.7 60 39.3 32.2 24.4 21.5 15.6 10.1 7.8 8.3 14.2 25.4 34.2 30 26.1 22.4 18 12.3 7.4 6.3 6 6 6 6 6 5.9 5.6 5.4 5 4.7 4.5 4.4 4.3
25.3 22.9 18.3 16.3 14.2 13.6 14.2 15.9 18.7 24 30.1 37.8 61.9 104 107.5 109.5 119.8 123.4 129.2 133.5 137.4 136.9 141.2 146.1 140.5 134.4 130.1 130.7 130.5 127.1 125.4 124.8 130 140.9 145.1 137.9 134.4 138.1 139 140.1 140.2 133.6 124.9 118.6 112.8 105.1 98.5 92.3 90.4 89.5 87.4 83.8 71.9 54.7 38.1 27.5 19.9 14.8 9.4 7.6 7.1 7.9 14.3 25.6 28.9 27 22.7 18.3 13.1 8.1 6.6 6.1 6.1 6 6 6 5.9 5.8 5.5 4.8 4.6 4.4 4.2 4.1 3.7
27.4 20.3 15.1 14 14.3 13.2 15.6 17.4 20.1 29.7 37.5 48.1 75 114 117 115.5 122.7 125.9 133 142.7 145.6 150.3 158.8 159.6 150.2 135.9 132 131.1 130 124.6 124.4 125 132.7 143.3 146.4 134.3 128.9 133.9 133.6 134 132.4 122 116.5 112.1 106.5 101.2 96.1 92.2 90.7 89.7 87.9 80.9 69 48.4 34.6 24.1 17.1 11.6 8.7 7.4 6.8 8.3 13.9 21.9 22.7 22.5 18.7 13.4 8.6 6.6 6.1 6.1 6.1 6.1 6 5.9 5.8 5.5 4.8 4.3 4.4 4.3 4.9 3.8 2.9
21.9 15.3 13.6 12.7 12.6 15.3 17.1 19.5 27.3 39.3 48.9 61.6 88.4 117 123.7 135.4 133.4 132.2 134.4 150.1 162.6 166.4 173 167 146.3 136.3 133 131.4 131.3 123.8 122.5 126.5 133.3 141.3 144.4 136.3 125.8 127.4 126.4 125.8 119.6 113.1 108.4 104.9 101.4 97.3 94.5 90.5 90.4 88.3 83.6 75.8 59.1 44.3 31 22 16 11.3 8.2 7.4 6.6 7.6 12.5 16.2 16.9 16.3 13.5 8.6 6.5 6 6.1 6.1 6.1 6.1 6 5.7 5.6 5 4.4 4.6 4.2 4.2 4 3.4 5.3
15.1 13.8 12.9 11.9 14.3 16.8 20.3 27.6 39.2 51.1 62 75.4 98.9 117 135.7 147.4 141.4 140.9 149 163.5 173.9 179.8 178.2 164 146.5 141.1 138.5 135.8 133.6 124.8 122.4 125.5 132.9 141.5 142.4 133.4 121.7 121.2 119.1 115.9 110.3 105.1 101.2 99.2 96.2 94.8 92.3 88 86.7 82.5 74.8 67.7 59.8 41.8 30.6 22.9 17 11.6 7.5 6.8 6.4 7.3 10.5 12.4 12.1 10.3 7.9 6.4 5.9 6 6.1 6.2 6.1 6 5.9 5.6 5.4 4.6 4.4 4.5 4.2 5.1 4 3.1 4.6
13 12.4 12.7 13.9 16.2 20.4 30.8 40.8 51.5 63.4 72.7 84.7 105.8 122.3 147.3 153.3 145.5 153.2 162.8 168.1 176.9 185.8 173.9 162.2 151.4 149.5 144.8 137.8 132.3 122.5 122 123.6 131.1 139 133.1 125.5 115 114.2 110 104 99.9 96.7 94.4 95.7 90.9 90 88.6 87.3 84.4 80.7 74.5 69.9 55.1 40 32.5 25.1 18.5 11.9 7.5 6.7 6.3 7.1 8.4 9.1 8 6.9 6.1 6 5.8 5.9 6 6.1 6.1 6 5.8 5.5 5.2 4.2 4.4 4.5 4.2 4.3 4.2 2.8 4.5
12.5 11.7 13.2 16.6 22 30.6 42.5 52.2 59.9 71 81.9 93.2 111.2 131.3 156.8 151.1 147.4 159.7 163.2 169.4 180.1 181.5 169.7 168.7 162.3 153 144.1 137.3 131 120.8 121 125.8 136 136.4 127.5 117 109.5 106.1 101.3 96.1 94.9 94.7 92.8 91.7 90.6 91.1 91.4 88.9 84.3 80 73.5 70.5 47.2 36.7 31.8 27 20 12.4 7.5 6.6 6.3 6.3 6.7 7.1 6.4 6.1 6 5.8 5.8 5.9 6 6 6 5.9 5.6 5.4 5.2 4.6 4.3 4.4 5.4 4.3 3.4 5.4 4.3
11.4 11.9 14.4 20.7 29.5 40.7 52 61.7 68.8 75.9 86.6 98.3 115.3 141.1 158 148.3 150.3 163.4 166.6 173 184.9 180.6 175.2 170.8 161.3 153.5 145.6 136.9 125.2 120 120 127.6 135 130.5 119 109.5 104.6 101.1 97.4 96 97.1 97.4 96.6 95.3 96.1 98.5 92.7 92.5 84.5 80.6 68.3 54.7 41.9 35.6 32.4 29.5 23 12.1 6.9 6.6 6.4 6.3 6.3 6.3 6.1 5.9 6 6 5.9 5.8 5.9 5.9 5.9 5.8 5.5 5.2 5.1 4.8 4.2 4.2 4.2 4.2 3.4 4.5 4.2
11.2 13.7 17.6 27.3 38.6 49.3 57 66.9 74.7 82.1 92.4 104.9 119.6 144.8 150.6 148.2 153.8 165 172.3 180 187.1 180.7 175.3 167.9 161.7 153.7 144.6 137 124.4 119.3 120.9 128.7 129 122.5 110.4 105.2 101.1 97.4 95.8 95.6 96.8 97.5 99.3 100.3 100.5 98.1 94.3 92.3 88.2 74.3 60.7 45.4 39.2 34.6 33 29.3 18.2 9.1 6.8 6.5 6.5 6.4 6.3 6.4 6.3 6.1 6 6 5.9 5.9 5.9 5.9 5.8 5.7 5.6 5.3 5 4.7 4.2 5.4 4.2 4.1 3.2 4.4 4
13.6 18.5 26.2 37.7 48.2 59.5 68.8 78.2 83.9 91.1 101.3 111.4 124 140.9 148.7 150.2 161.8 172.7 178.4 185.3 184.1 184.7 179.8 171.9 166.2 155.8 147.5 137.2 124 118.3 120.8 126 122.8 114.2 104 100.1 96.2 93.7 96.6 98.4 97.1 97.3 98.8 99.5 96.6 93.5 91 91.7 84.3 67 55.6 41.7 36.1 32.9 31.3 23 13.2 6.8 6.6 6.5 6.5 6.4 6.4 6.4 6.4 6.2 6.1 6.1 6 6 6 6 5.9 5.8 5.7 5.3 4.9 4.4 4.2 4.3 4 3.6 5.5 3.9 3.4
18.5 23.8 36 49.6 71.1 77.1 85.5 89.4 99.1 108.4 111.7 123.3 128.9 139.1 148 155.3 164.6 179.2 186 182.8 184 188.2 184.7 178.2 165.8 153 144.2 135.1 123.6 116.8 120 122.8 115.2 105.4 98.6 95 90.3 91.3 95.5 97.8 98.1 95.7 95.1 94.3 91.8 89.1 88.2 84.7 75.9 59.7 47.3 38.8 34.2 30.1 25.8 17.4 8.5 6.6 6.6 6.5 6.4 6.4 6.4 6.3 6.3 6.2 6.2 6.1 6.1 6.1 6.1 6 5.9 5.8 5.8 5.4 4.9 4.5 5.3 4.3 3.9 2.8 4.2 3.7 3.3
24.4 34.4 46.7 62 75.9 82.1 87.8 101.1 118 123.5 133 135.2 137.5 139.9 147 156.7 172.9 179 181.7 180.7 186.4 188 182 172.3 161.2 151.9 140 129.3 119.1 114.6 116.9 115.5 106.2 97.3 93.5 89.3 87.2 88.7 92.5 97.4 94.1 91.5 90.7 88.6 85.4 83 81.6 74.8 61.7 51.6 41.8 36.7 32.6 29 21.8 11 6.8 6.6 6.5 6.5 6.4 6.4 6.4 6.3 6.2 6.2 6.2 6.1 6.1 6.1 6.2 6.1 6 5.8 5.7 5.2 4.7 4.2 4.3 4.4 3.9 2.6 4.1 3.6 3.3
36.8 45.2 54.2 67.4 78.3 85.8 99.1 117.4 128.9 133.9 143.6 144.2 144.3 140.7 145.9 156.8 168 174.4 173.5 177.5 180.5 179.6 171.7 167.3 157.2 148.8 134.1 124.6 116.4 112.9 112.8 107.5 99.6 92.4 88.4 86.3 86 87.8 93.9 92 88 87.1 86.1 82.7 78.2 74.8 71.4 64.2 55.6 45.7 41.8 35.2 29.8 24.6 14.4 7.7 6.7 6.5 6.4 6.4 6.4 6.4 6.3 6.3 6.2 6.2 6.2 6.2 6.1 6.2 6.2 6.2 6.1 5.9 5.6 4.9 4.3 5 4.4 4.4 3.5 2.8 4.3 3.7 3.3
50.9 51.9 60.4 70.8 85.3 100.9 114.2 128.5 135.1 143 149.3 150.5 148.7 143 146.9 156 161.5 164.4 167.6 166 164.7 159 154.2 151.2 146.1 138.7 130.1 119.8 111.6 109.1 107.3 102.8 95 90.6 87.2 86.1 86.5 88.5 88.5 84.9 82.5 81.3 79.6 75 73 69.4 62.7 55.8 47 43.4 41.6 33.1 25.5 17.6 9.3 7 6.7 6.5 6.4 6.4 6.4 6.3 6.3 6.3 6.2 6.2 6.2 6.2 6.2 6.2 6.3 6.3 6.2 6.1 5.5 4.8 4.1 4.4 4.5 4.1 3.2 5.5 4.1 3.6 3.3
52.8 55.6 64 79.9 102 115 124.3 131.8 138.5 148.9 151.8 152.5 149.1 146.4 147.5 152.4 157 160.4 163 159.7 155.3 151.8 147.9 143.6 139.4 135.1 128.5 115.6 109.3 105.9 102 97.1 91.6 88.9 85.4 84.8 86 85.7 83.3 79.5 77.7 75.5 72.4 70.7 69.4 64.6 55.4 51 44.5 39.5 34.4 27.5 20.1 12.5 7.7 6.8 6.6 6.5 6.4 6.4 6.4 6.3 6.3 6.3 6.2 6.2 6.2 6.2 6.2 6.3 6.4 6.3 6.3 6.3 6 5 5.1 4.5 4.5 3.6 2.8 4.2 3.7 3.4 3.3
51.6 58.9 73.2 96 113.7 122.4 128.7 135.6 143.6 151 155.1 153.2 153 150 148.4 149.4 152.4 156.3 158 155.4 150.9 148.4 144.5 138.5 135.1 131.7 122.8 112.5 107.1 103.3 97.9 92.8 89.3 85.7 83.6 82.8 83.4 81.5 79.1 76.2 73.9 71.3 69.1 68.9 69.1 64.5 55.6 49.3 44.9 38.4 33.1 24.4 15.6 10.1 7.3 6.7 6.6 6.5 6.4 6.4 6.4 6.4 6.3 6.3 6.2 6.2 6.2 6.2 6.3 6.5 6.5 6.4 6.3 6.4 5.9 4.4 4.6 4.6 4.3 3.8 3 3.8 3.3 3.3 3.3
53.1 66.1 87.1 107.9 119.8 127.3 133.4 139.6 147.2 153 155.3 154.7 156 155.7 149.6 148.1 149.6 152 153.6 151.4 147.5 144.9 141 134.2 130.5 123.8 116.9 109.9 105.3 100.9 96.4 90.7 87.8 85 82.8 81.1 80 77.5 76.4 74.3 70.5 68.4 69 69.6 68.8 66 58.3 50.8 44 36.9 31 21.2 11.5 8.8 7.3 6.8 6.7 6.6 6.7 6.4 6.4 6.3 6.3 6.2 6.2 6.6 6.4 6.5 6.5 6.6 6.5 6.4 6.4 6.5 5.9 5.3 4.5 4.2 3.9 3.5 2.8 4.3 4.1 3.3 3.3
57.1 76.2 95.6 110.8 122.2 132.8 137.9 144.6 150.5 156.7 158.6 156.7 156.8 157 150.4 148 150.4 151.2 149.3 147.4 144.6 141.3 135.8 129.1 124.6 118.8 112.8 108.2 104 99.1 94.9 89.9 87.4 84.4 81.7 79.3 77.2 75.1 74.8 72.1 68.3 67.3 69.5 70.1 68.4 65.6 59.1 50.4 42.9 35.7 28.4 16.3 10 7.7 7.6 6.9 6.7 6.7 7 7 6.5 6.3 6.2 6.4 6.8 7.2 7.1 7 6.7 6.6 6.5 6.4 6.5 6.5 5.4 4.5 4.3 4 4 3.1 3.5 4.3 4 3 3.9
63.7 81.6 97.5 112.3 125.6 135.1 142.3 147.9 157.8 160.4 161.1 162.4 161.7 156.3 151.8 149.4 155 156.1 152.1 145.7 142.3 138.1 130.5 124.9 120.9 114.7 110.1 106.4 102.9 99.6 93.9 90.6 87.6 85 82.4 77.7 74.1 70.8 71.3 69.5 67.1 67.7 70.2 70.9 69.3 65 59 50.3 42.3 34.7 26.4 15.8 9.4 7.2 7.1 7 7.1 7.2 7.2 8 7.5 6.3 6.2 6.8 7.3 7.7 7.6 7.2 6.8 6.6 6.5 6.8 6.7 6.6 5.1 4.5 4.2 4 3.9 3.8 4.6 4.1 4.2 3.4 3.4
66.6 83.7 99.9 114.1 126.6 134 139.5 145.3 151.2 156.4 159.2 160.4 158.4 152 151.7 156.6 163 163.1 157.6 150 144.3 138.4 129.4 121.6 115 111.1 107.7 104.5 101.2 97.5 92.1 89.9 86.8 84.8 81.6 76.9 70.6 64.3 66.2 67.3 66.1 67.4 69.4 69.5 68.1 64.9 57.4 50.3 42.7 34.2 26.4 15.8 9.8 6.8 6.6 6.8 7.7 7.9 7.9 8.8 8.3 6.7 6.4 7 7.7 8 8 7.8 7.5 7.3 7.5 7.4 6.8 6.2 5.6 4.5 4.2 4 3.9 3.3 4.2 4.2 4.2 3.5 -2.6
66.7 82.5 99.5 112.2 118.8 124.1 129.3 131.7 138.5 146.4 152.8 154.9 153 146 147.6 155.9 161.3 159.4 154.6 153.8 150.1 142.6 132.3 120 111.3 108 105.4 102.5 98.9 93.6 90.1 88.5 85.6 84.9 82.4 78.2 70.8 66.6 58.5 64.1 63.8 65.4 68 67.1 65.6 62 55.7 48.9 42.8 35 26.6 16.7 8.9 6.6 6.6 6.8 8.6 9.6 8.7 8.8 8 6.5 6.6 7.1 7.7 8 8 8 8.2 8.5 8.6 8 6.3 5.7 4.8 4.5 4.3 4 3.5 2.8 3.8 3.9 -2.6 -2.6 -2.6
63.1 78 91.7 102.8 109 114.6 118.5 120.7 127.7 142 150.5 147.9 143.2 141.2 144.2 149.3 154.1 157.1 157.9 153.2 146.5 146.1 128 114.4 105.9 104.2 102.1 99.5 94.2 92.2 89.2 88.7 89.3 87.5 83.8 79.8 76.6 70.7 59.7 54.2 58.9 64.2 65.4 64.5 63.3 59.7 53.8 48.9 44.4 38.5 28.7 15.4 8.2 6.4 6.5 7 9 10.1 8.7 7.8 6.7 6.4 6.8 7.3 7.9 8 8.1 8.1 8.4 8.8 8.8 7.1 5.7 5.1 4.6 4.4 4.2 4 3.8 3.2 3.4 3.6 -2.6 3.8 3.6
57.7 70.5 82 91.6 95.9 98.6 104.7 110.7 116.6 128.7 132.4 135.3 134.7 139.6 142.8 143.8 146.8 153.4 153.1 149.2 141.3 134.6 119 108.5 100.6 99.3 96.3 91 90.7 93.7 91 89.9 90.4 92 84.3 82.1 76.1 65.1 54.7 46.7 56.8 61.1 61.5 61.1 60 55.8 52 50.1 48 41.1 28 14 7.1 6.3 6.4 7.1 8.9 9.9 8.1 6.8 6.7 7 7.3 7.8 7.9 8.1 8.1 8.3 8.7 9.3 7.8 6.1 5.3 5.6 4.5 4.3 4.1 3.9 3.5 5.6 3.4 4 -2.6 3.3 -2.6
53 62.2 71.8 77.4 82.9 89.2 95.8 100.4 106.2 113.2 123.6 127.3 130.1 138.1 141.6 139.5 140.4 142.5 144.1 140.8 133.8 121.3 112.8 103.1 92.9 93.4 89.5 85.9 89.5 95.6 101.6 94.6 91.7 89.2 83.9 79 69.8 58.9 48.3 44.9 51.4 53 55.7 56.9 54.9 51.5 52.3 51.8 49.2 40.9 30.2 14.2 7.4 6.2 6.7 7.2 8 8.2 6.9 6.3 6.6 7.1 7.4 7.6 7.8 8.1 8.4 9.1 9.6 9.3 7 5.7 5.1 4.5 4.1 4 3.9 3.4 2.7 4.1 3.4 3.7 3.9 -2.6 -2.6
50.5 58.5 65.9 72.4 81.5 88.2 91.7 96.7 103.7 109 119.4 123.4 125.4 134.3 136.5 137.1 136.3 137.8 137.5 134.1 124.9 116.3 107.3 93.5 88.5 88 85 84.3 90.1 100.7 107.8 105.6 98.5 91.1 82.7 72.1 63.1 54.1 44.1 40.3 42.3 44.2 49.1 50.9 47.5 47.3 48.6 47.6 42.9 41.5 29.8 15.2 7.7 6.6 6.5 7.3 7.5 6.5 6.4 6.2 6.4 6.7 7.1 7.4 8 8.7 9.4 10 9.9 8.2 6.2 5.7 5.1 4.1 3.8 3.8 3.8 3.3 2.5 3.7 3.3 3.3 3.5 3.9 -2.6
49.1 56.3 63 69.6 78.4 86.1 90.6 95.9 102.5 107.9 114.9 118.8 123.5 129.8 135.4 136.5 131.9 130.5 129.9 126.2 119.2 110.4 100.1 89.1 85.5 85.2 82.7 84.1 93.6 107.6 115.8 114.5 101.1 89.8 79.4 67.6 58.1 49.7 44.5 39.7 33.7 38.7 41.8 42 42 42.8 42.6 41.3 38.1 34.8 22 14.3 8 6.4 6.4 6.6 6.8 6.2 6.1 6.1 6.1 6.4 6.8 7.4 7.7 8.4 9 9.5 9.5 8.1 6 5.5 5.7 4.1 3.9 3.8 3.8 3.2 2.6 3.3 3.3 3.3 3.3 3.4 2
46.4 52.3 59.3 67.1 75 83.9 89.5 95.7 102.2 106.4 114.1 119.2 122.2 128.6 131.9 135.5 129.4 125.9 122.3 119 110.8 103.5 96.7 87.8 83.3 82.1 82.3 85.7 97.8 112.3 119.2 109.5 100.5 81.2 76.1 61.4 52.9 46.3 43.3 41.1 31.1 36 39.6 38.9 38.2 37.6 34.6 34.1 31.8 25.6 17.3 13 7.5 6.3 6.6 6.7 6.6 6.2 6.3 6.4 5.9 6.2 6.6 7.4 7.7 8 8.4 8.5 8.7 8.6 7.7 5.7 4 3.9 3.8 3.8 3.8 3.2 5.3 3.4 3.3 3.3 3.3 3.3 2.7
42.1 47.8 54.5 62.5 71.7 79.9 87.9 94.4 101.7 108.8 115.8 121.9 130.6 133.6 133.4 133.1 125.1 121.9 117.5 115 108 102 95.9 86.5 81.6 80.6 83.3 87.3 104.4 115.4 109.5 103.6 96.3 75 63.5 55.5 49.5 43.4 40.3 35.6 27.7 33.5 37.7 34.4 31.8 28.5 28.1 26.6 21.4 17 12.9 10.1 6.6 6.3 6.4 6.5 6.4 7.6 8.5 8 6 5.8 6.2 7.1 7.8 7.6 7.4 7.3 7.2 7 6.6 4.9 4 3.8 3.7 3.7 3.6 2.9 4.4 3.8 3.5 3.3 3.3 3.4 2.4
36.6 40.5 49.4 56.7 66.5 74.3 87.4 97.6 105.4 112.6 119.8 126.6 134.5 133.3 132.5 127.5 122.9 120 120.8 119 109.2 104.7 98.3 85.3 80.6 79.7 82.2 88.8 110.1 109.2 102.7 99.1 91.6 71.8 61.7 52.5 45.8 40 36.4 32 27.3 25.9 27.5 27.6 25 23 25.7 25.9 20.3 17.3 9.9 8.5 6.7 6.6 6.4 6.9 8.1 9.6 11.1 10.1 6.7 5.9 5.8 6.8 7.8 7.6 7.4 7.2 7.1 6.7 5.8 5.3 4 3.8 3.7 3.7 3.5 2.6 3.7 3.3 3.3 3.3 3.4 1.9 1.4
31 33.6 40.7 48.4 61.7 72.8 84.6 95.3 108.1 117 123.9 125.8 128.5 129.5 126.2 123.8 120.5 118.8 121.5 119 112.2 107.1 98.4 82.3 79.4 78.1 79.7 88.5 104.9 102.4 99.8 96.9 86.9 68.4 58.1 48.7 41.6 36.9 34.1 32.8 30.4 26.7 23.6 20.7 20.3 21.1 25.4 30.4 23.3 11.7 7.9 7.5 6.9 6.9 7.1 8.5 10.3 10.8 11.3 10.3 7.7 6 5.8 6.7 7.7 7.7 7.4 7 6.9 6.5 5.4 4.3 4 3.8 3.7 3.6 3.6 2.8 3.7 3.3 3.3 3.5 3.9 -2.6 -2
27 29.5 34 40.6 55.8 71.1 86 96.3 108 115.7 121 125.1 125.9 124.1 122.1 120 116.2 116 118.1 118.6 113.6 107.7 91.8 80.7 77.3 74.9 76.5 83.8 97.4 98.3 97 95.2 86.6 66.1 51.5 43.9 37.4 33.5 31.6 31.5 30.1 26.8 22.7 18 16.6 16.4 21.2 24.6 18.3 8.6 7.8 7.4 7.1 7.6 8.6 9.6 11.1 11.8 11 8.8 6.5 5.9 5.9 6.7 7.6 7.9 6.9 6.5 6.6 6.3 5.1 4.3 4 3.8 3.7 3.6 3.5 3.4 3.6 3.3 3.3 3.5 3.2 -2.6 -2.6
25.1 26.6 29.1 30.9 44.3 62.9 79.8 94.7 102.8 111.3 120.6 122.5 121 117.8 116.2 113.2 109.3 112.9 114.8 112.6 108.3 100.7 87.7 80.2 75 72.3 72.1 75.8 87.3 95.3 92.7 90.3 76.3 58.2 46.3 39.5 33.5 29.7 29.2 29.2 27.6 23.6 20.3 17.3 13.9 13.9 16.7 17.4 10 8.3 8.6 8.3 8 9 10.1 10.9 11.1 11.4 10.4 7.3 6 5.7 5.7 6.5 7.3 7.8 7.1 6.4 6.2 5.8 5.2 4.2 4 3.7 3.7 3.6 3.1 5.3 3.3 3.6 3.3 3.4 1.8 -2.6 -2.6
23.8 23.5 23.3 22.3 28.7 44.2 60.1 76.4 82.7 97.4 110.4 111.4 109.1 104.1 99.3 98.7 96.4 94.4 93.1 92 94.4 88.4 82.2 75.6 69 64.9 66.4 71.4 86.4 89.5 83.1 78.2 68.5 52 41 33 28.3 27 26.6 25.8 23.2 19 15.1 13.3 12.1 12 13.5 10.1 9.1 11 12.8 12 9.5 9.3 10.6 11.4 11.5 11.3 10.1 7 5.8 5.6 5.7 6.1 6.8 7.4 6.8 6.2 6 5.3 4.5 4.2 3.9 3.7 3.6 3.6 2.9 3.8 3.7 3.3 3.2 1.6 0.3 -2.6 -2.6
21 19.7 16 16.7 18.5 31.9 42.5 50.3 57.6 67.9 79.2 84.1 87.6 84.3 87.1 83.9 79.2 79.9 81.4 83.5 86.8 80.7 73.4 64.9 59.4 57 62 70.2 77.8 77.3 71.5 68.4 60.8 43.7 33.5 26.5 24.2 24.6 26.6 24.7 17.7 14.6 11.7 10 10.2 10 9.1 8.7 12.1 16.3 18.6 15.6 11.2 10.8 12.1 12.4 12.1 11.2 9.4 7 5.8 5.6 5.7 5.7 6.5 7.1 6.8 6.3 5.8 5.1 4.4 4.1 3.9 3.6 3.6 3.5 2.4 3.7 3.3 3.3 1.5 -0.5 -2.6 -2.6 -2.6
