Assets/StreamingAssets/GeoData/Data/sd/SD28.asc
ncols 200
nrows 200
xllcorner 320000
yllcorner 480000
cellsize 50
[rows 152 to 189 of 200, columns 0 to 83 of 200]
0.6 0.3 0 -0.2 -0.5 -0.7 -1 -1.3 -1.5 -1.8 -2 -2.3 -2.6 -2.6 -2.6 -2.6 -2.6 -2.6 -2.6 -2.6 -2.6 -2.6 -2.6 -2.6 -2.6 -2.6 -2.6 -2.6 -2.6 -2.1 -1.6 -1.2 -0.7 -0.2 0.3 0.8 1.3 1.8 2.4 2.9 3.3 4.3 4.3 4.3 3.9 3.6 3.3 -2.6 -2.6 -2.6 3.8 5.5 5.5 13.5 25.9 31.6 33.5 35.2 35.3 34.5 34.3 34.4 37 44.1 52.5 58.6 59.3 55.6 52.6 51.6 54.8 57.6 63.6 72.6 79.1 74.9 78.7 85.6 92.4 101.5 108.7 118.7 124.8 131.7
0.6 0.4 0.1 -0.1 -0.4 -0.7 -0.9 -1.2 -1.4 -1.7 -2 -2.2 -2.5 -2.6 -2.6 -2.6 -2.6 -2.6 -2.6 -2.6 -2.6 -2.6 -2.6 -2.6 -2.6 -2.6 -2.6 -2.6 -2.6 -2.3 -1.8 -1.3 -0.8 -0.3 0.2 0.8 1.3 1.8 2.4 2.9 2.9 4.3 4.4 4.4 3.8 3.4 1.4 -2.6 1 3.6 4.9 5 6.5 21.7 32 36.1 35.4 37.4 35.5 33.4 33.6 33.9 36.8 44.3 50.8 53.3 52 48.5 45.7 48.5 52 56.4 64.9 68 66.9 74.9 81.5 89.9 99.8 108.9 116.6 125.2 133.4 140.3
0.7 0.4 0.2 -0.1 -0.3 -0.6 -0.9 -1.1 -1.4 -1.6 -1.9 -2.2 -2.4 -2.6 -2.6 -2.6 -2.6 -2.6 -2.6 -2.6 -2.6 -2.6 -2.6 -2.6 -2.6 -2.6 -2.6 -2.6 -2.6 -2.6 -1.9 -1.4 -0.9 -0.3 0.2 0.8 1.3 1.9 2.4 3 2.8 3.5 4.1 4.1 3.3 2.5 -0.4 -2.6 3.9 5 5.4 5.2 13.4 32 37.8 38.1 36.6 37.1 36.7 33.7 33.3 32.3 35 40.8 44.1 45 43.8 42 41.8 44.9 47.8 53 62.7 59.2 71.5 77.3 83.2 95 103.4 113 121.8 131.1 138.3 145.4
0.8 0.5 0.3 0 -0.3 -0.5 -0.8 -1 -1.3 -1.6 -1.8 -2.1 -2.3 -2.6 -2.6 -2.6 -2.6 -2.6 -2.6 -2.6 -2.6 -2.6 -2.6 -2.6 -2.6 -2.6 -2.6 -2.6 -2.6 -2.6 -2 -1.4 -0.9 -0.3 0.2 0.8 1.3 1.9 2.4 3 2.9 4.1 3.9 3.4 2.5 0.9 -0.6 -2.6 4.5 5.5 4.8 7.2 21.6 36.3 39.9 39.8 38.3 36.2 36.7 35.1 33.8 31.7 32.8 35.9 37.2 37.9 38.2 39 40.4 43.1 51.4 62.4 62.8 71.5 75.2 78.5 86.2 97.2 106.1 115.2 126.7 135.5 144.7 152.2
0.8 0.6 0.3 0.1 -0.2 -0.5 -0.7 -1 -1.2 -1.5 -1.8 -2 -2.3 -2.5 -2.6 -2.6 -2.6 -2.6 -2.6 -2.6 -2.6 -2.6 -2.6 -2.6 -2.6 -2.6 -2.6 -2.6 -2.6 -2.6 -2 -1.5 -1 -0.4 0.2 0.7 1.3 1.8 2.4 2.9 3.1 2.5 3.7 3.5 2.1 0.2 -2.6 -2.6 5 5 5.4 12.8 23.8 35.8 37.1 37.5 37.4 34.7 36.6 36.8 34.9 32 31.6 32.3 33.5 34.7 36.1 37.5 39.4 44.4 54.7 63.5 68.2 72.1 75.4 81.7 88.2 98.5 108 120.5 131 139.8 148.5 157.3
0.9 0.7 0.4 0.1 -0.1 -0.4 -0.6 -0.9 -1.2 -1.4 -1.7 -1.9 -2.2 -2.5 -2.6 -2.6 -2.6 -2.6 -2.6 -2.6 -2.6 -2.6 -2.6 -2.6 -2.6 -2.6 -2.6 -2.6 -2.6 -2.6 -2.1 -1.6 -1 -0.5 0 0.6 1.1 1.7 2.2 2.8 3.3 3 2.8 3.3 1.7 -0.2 -2.6 -2.6 4.8 5.1 8.2 16.8 27.6 34.7 34.5 34.2 34.1 34.5 38.5 39.4 36.5 32.1 30.2 31 32.3 33.6 34.7 36.3 40.4 45.6 57.4 63.7 67.9 72.2 77.6 83.5 92.5 105.1 115.1 124.7 134.4 144 153.5 162.5
1 0.7 0.5 0.2 -0.1 -0.3 -0.6 -0.8 -1.1 -1.4 -1.6 -1.9 -2.1 -2.4 -2.6 -2.6 -2.6 -2.6 -2.6 -2.6 -2.6 -2.6 -2.6 -2.6 -2.6 -2.6 -2.6 -2.6 -2.6 -2.6 -2.3 -1.7 -1.2 -0.7 -0.1 0.4 1 1.4 1.8 2.1 2.6 2.7 2.1 1.8 0.5 -1.2 -2.6 -2.6 5.2 5.6 10.4 19.5 27.9 32.7 34.3 33.8 32.7 35.5 39.5 43.5 39.9 33.3 29.6 30.2 31.2 32.6 33.6 36.3 42.3 49.6 57.1 62.2 66.6 72.6 78.3 85.3 96.6 109.4 119.5 129.3 137.2 147.7 157.8 167.8
0.9 0.7 0.5 0.3 0 -0.2 -0.5 -0.8 -1 -1.3 -1.5 -1.8 -2.1 -2.3 -2.6 -2.6 -2.6 -2.6 -2.6 -2.6 -2.6 -2.6 -2.6 -2.6 -2.6 -2.6 -2.6 -2.6 -2.6 -2.6 -2.6 -1.9 -1.4 -1 -0.6 -0.2 0.2 0.6 1 1.4 1.6 1.5 1 0 -0.9 -2.6 -2.6 4.8 5.1 6.8 16.5 25.1 31.8 33.3 33.3 32.8 32 35.3 42.3 47.6 43.4 34 29.2 29.3 30.3 31.4 33 36.9 42.9 52.9 57.2 61.8 67 73.4 80.2 88.8 101 112.4 124.4 132.6 139.8 149.9 161 170.3
0.6 0.5 0.3 0.2 0 -0.2 -0.4 -0.7 -1 -1.2 -1.5 -1.7 -2 -2.3 -2.5 -2.6 -2.6 -2.6 -2.6 -2.6 -2.6 -2.6 -2.6 -2.6 -2.6 -2.6 -2.6 -2.6 -2.6 -2.6 -2.6 -2.5 -2.1 -1.7 -1.3 -0.9 -0.5 -0.2 0.2 0.6 0.6 0.2 -0.3 -1 -2.6 -2.6 4.8 5 5.3 10.8 21.3 26.4 29.5 29.6 31.2 31.3 31.1 37.4 44.9 48.9 44.3 34.4 27.8 28.4 28.9 30.2 33.6 39.7 46.1 52.6 57 61.4 67.1 73.5 82.3 93.2 105 116.9 128.2 135.3 141.8 152.7 163.1 174.2
0.3 0.2 0 -0.1 -0.3 -0.4 -0.6 -0.7 -0.9 -1.1 -1.4 -1.7 -1.9 -2.2 -2.4 -2.6 -2.6 -2.6 -2.6 -2.6 -2.6 -2.6 -2.6 -2.6 -2.6 -2.6 -2.6 -2.6 -2.6 -2.6 -2.6 -2.6 -2.6 -2.5 -2.1 -1.7 -1.3 -0.9 -0.5 -0.1 -0.4 -1 -1.6 -2.6 -2.6 5.9 5.1 5.1 7.5 16 22.8 26.7 27.1 28.9 28.5 28.2 30.8 37.8 43.1 44.1 40.3 31.9 26.1 26.8 27.8 30.7 35.3 42.8 47.7 53 56.6 60.9 66.7 74.4 86.3 99.6 111.5 122.6 131 138.1 146.6 158.8 167.8 178.9
0 -0.1 -0.3 -0.4 -0.6 -0.7 -0.9 -1 -1.2 -1.3 -1.5 -1.7 -1.9 -2.1 -2.4 -2.6 -2.6 -2.6 -2.6 -2.6 -2.6 -2.6 -2.6 -2.6 -2.6 -2.6 -2.6 -2.6 -2.6 -2.6 -2.6 -2.6 -2.6 -2.6 -2.6 -2.5 -2.1 -1.7 -1.3 -0.9 -1.3 -2.6 -2.6 -2.6 3.7 4.9 5.2 5.8 11 17.8 21.6 24.9 26.5 28.3 27 24.7 29.9 34.4 35.7 36.3 34.4 28.4 24.9 25.4 28.4 31.6 39.1 44.8 48.2 51.6 55.6 60.8 67.2 78 91.7 105.2 116.8 125.7 133.5 143.6 153.1 162.9 173.4 183.9
-0.3 -0.4 -0.6 -0.7 -0.9 -1 -1.2 -1.3 -1.5 -1.6 -1.8 -1.9 -2 -2.2 -2.4 -2.6 -2.6 -2.6 -2.6 -2.6 -2.6 -2.6 -2.6 -2.6 -2.6 -2.6 -2.6 -2.6 -2.6 -2.6 -2.6 -2.6 -2.6 -2.6 -2.6 -2.6 -2.6 -2.4 -2 -1.6 -2.6 -2.6 -0.2 3 4.7 6.4 6.4 7.2 12.1 16.6 20.1 23.1 26.2 28.7 26.6 21.5 26.2 27.6 28 29.1 28.8 24.3 23.4 26.2 30.2 36.5 40.9 44.3 47.6 50.6 55.3 61.3 70.1 83.2 97.2 109.3 120.4 129.3 138.3 148.6 158.8 169.5 180.3 190.1
-0.6 -0.7 -0.9 -1 -1.2 -1.3 -1.5 -1.6 -1.8 -1.9 -2 -2.2 -2.3 -2.5 -2.6 -2.6 -2.6 -2.6 -2.6 -2.6 -2.6 -2.6 -2.6 -2.6 -2.6 -2.6 -2.6 -2.6 -2.6 -2.6 -2.6 -2.6 -2.6 -2.6 -2.6 -2.6 -2.6 -2.6 -2.6 -2.6 -2.6 -0.1 1.9 5.6 10.6 7.1 6.2 8.2 11.8 15.9 19.2 21.9 24.8 27.4 22.5 19.1 21 21.7 22.4 24.4 25.5 22.4 24.3 29.6 34.4 38.1 41.1 43 45.9 49.6 55.2 63.1 74.4 88.5 101.4 112.8 124.3 134.9 144.5 154 163.9 175.9 186.7 195.8
-0.6 -1.1 -1.2 -1.3 -1.5 -1.6 -1.8 -1.9 -2 -2.2 -2.3 -2.5 -2.6 -2.6 -2.6 -2.6 -2.6 -2.6 -2.6 -2.6 -2.6 -2.6 -2.6 -2.6 -2.6 -2.6 -2.6 -2.6 -2.6 -2.6 -2.6 -2.6 -2.6 -2.6 -2.6 -2.6 -2.6 -2.6 -2.6 -2.6 0 2.2 3.7 11.8 11.4 6.9 5.6 8.3 12.2 16.1 19.5 21 22.3 22.8 19.3 16.6 17.7 18.4 19.3 20.8 20.9 21.4 24.9 31.1 35.4 38.1 39.3 40.4 44 49.5 54.5 63.9 78 93.1 104.7 115.8 127.3 138.3 148.9 158.9 169 180.3 190.6 199.5
-0.6 -1.1 -1.5 -1.6 -1.8 -1.9 -2 -2.2 -2.3 -2.5 -2.6 -2.6 -2.6 -2.6 -2.6 -2.6 -2.6 -2.6 -2.6 -2.6 -2.6 -2.6 -2.6 -2.6 -2.6 -2.6 -2.6 -2.6 -2.6 -2.6 -2.6 -2.6 -2.6 -2.6 -2.6 -2.6 -2.6 -2.6 -2.6 -0.4 1.2 3.4 6.2 10.5 10 6.5 5.9 8.5 12.7 17.2 20.1 22.7 24.8 24 19.7 16.3 16.1 16.9 17.7 18.9 19.8 21.8 25.4 29.3 32.5 35 37.3 39.5 43.6 48.5 53.7 66.1 82.6 98.4 108.8 118.8 129.6 140.5 151.7 162.2 172.3 184.2 193.7 205
-1 -1.2 -1.6 -2 -2 -2.2 -2.3 -2.5 -2.6 -2.6 -2.6 -2.6 -2.6 -2.6 -2.6 -2.6 -2.6 -2.6 -2.6 -2.6 -2.6 -2.6 -2.6 -2.6 -2.6 -2.6 -2.6 -2.6 -2.6 -2.6 -2.6 -2.5 -2.4 -2.2 -1.7 -1.8 -2.6 -2.6 -1.3 0.4 2.3 4.2 6.6 8.5 8.1 6.2 6.8 9.4 13.4 18.3 23.6 27.8 30.1 29.7 23.7 16.3 16.5 16.9 17.5 18.5 20 22.4 25.5 27.6 30.5 34.2 36.9 38.9 42.5 48.1 56.8 71.9 88.3 102.3 111.7 122.2 132.7 142.6 153.6 163.8 174.6 185.1 196 208.2
-1.3 -1.6 -1.8 -2.1 -2.4 -2.6 -2.6 -2.6 -2.6 -2.6 -2.6 -2.6 -2.6 -2.6 -2.6 -2.6 -2.6 -2.6 -2.6 -2.6 -2.6 -2.6 -2.6 -2.6 -2.6 -2.6 -2.6 -2.6 -2.6 -2.4 -2.3 -2.1 -1.9 -1.8 -1.4 -0.7 -0.8 -1.1 -0.6 1.1 2.7 4.3 5.6 6.8 7.6 7.1 7.8 10.6 16.2 24 29.7 34.1 37.3 34.7 25.2 16 15.8 16.4 17.2 19 21 22.3 24.6 27.9 31.3 33.8 36.7 38.4 42.3 49.4 62.3 79.1 94.3 106.3 114.4 124.8 134.8 143.8 155 164.3 175.5 184.5 197 207.9
-1.7 -1.9 -2.2 -2.4 -2.6 -2.6 -2.6 -2.6 -2.6 -2.6 -2.6 -2.6 -2.6 -2.6 -2.6 -2.6 -2.6 -2.6 -2.6 -2.6 -2.6 -2.6 -2.6 -2.6 -2.6 -2.6 -2.6 -2.6 -2.1 -2 -1.8 -1.7 -1.5 -1.3 -1 -0.4 0.3 0.2 0.2 1.3 3.2 6.6 5.4 6.2 7.9 10.1 9.8 12.2 19.7 27 30.9 34 34.2 29.6 21.9 15.2 15.2 16.1 17.2 20.1 21.4 22 25 28.6 31 33.7 36.5 39.7 44.1 52.4 67.4 84.3 98.6 109.4 117 125.9 135.4 144.3 155.2 164.4 174.2 183.6 194.8 205.2
-2.1 -2.3 -2.6 -2.6 -2.6 -2.6 -2.6 -2.6 -2.6 -2.6 -2.6 -2.6 -2.6 -2.6 -2.6 -2.6 -2.6 -2.6 -2.6 -2.6 -2.6 -2.6 -2.6 -2.6 -2.6 -2.6 -2.6 -2.1 -1.7 -1.5 -1.4 -1.2 -1.1 -0.9 -0.6 -0.2 0.5 1.3 1.2 1.9 3.2 5 5.3 6.1 8.6 11.7 10.8 13.4 20.8 25.1 26.5 26.8 25.1 21.9 16.4 14.6 14.9 15.5 17.4 19.2 20.8 22.3 25.3 28.4 30.7 33.2 36.5 41 47.1 56 70.9 87.9 101.2 110.1 117 125.6 135.3 144 153.5 163.1 173.1 180.3 189.9 198.9
-2.6 -2.6 -2.6 -2.6 -2.6 -2.6 -2.6 -2.6 -2.6 -2.6 -2.6 -2.6 -2.6 -2.6 -2.6 -2.6 -2.6 -2.6 -2.6 -2.6 -2.6 -2.6 -2.6 -2.6 -2.6 -2.3 -2 -1.7 -1.4 -1.1 -1 -0.8 -0.6 -0.5 -0.2 0.2 0.7 1.5 2.3 2.6 3.5 5.3 5.4 6.3 9.8 12.5 11 13.7 18.2 19.9 19.8 19.4 18.3 16.6 14.5 14.3 14.5 15.6 17 18.4 20.1 22.4 25.1 26.8 29.4 32.7 36.6 42.4 50.4 60.9 75.2 89 101.6 109 115 123.7 133.4 142.9 153.3 164 171.2 178.2 185 191.3
-2.6 -2.6 -2.6 -2.6 -2.6 -2.6 -2.6 -2.6 -2.6 -2.6 -2.6 -2.6 -2.6 -2.6 -2.6 -2.6 -2.6 -2.6 -2.6 -2.6 -2.6 -2.6 -2.6 -2.6 -2.2 -1.9 -1.6 -1.3 -1 -0.7 -0.5 -0.4 -0.2 0 0.2 0.6 0.9 1.6 2.4 3.2 4.6 5.3 5 6.1 9.9 12.5 10.4 11.4 14.1 14.5 14.4 15.1 14.5 13.6 13.3 13.7 14.5 15.5 16.5 17.9 19.7 22 24.5 26.3 28.7 32.1 37.1 44.5 55.1 66.5 79.3 92.8 103.6 112.2 119.1 125.6 132.9 141.8 153.3 163.2 171.1 177.7 184.7 194.4
-2.6 -2.6 -2.6 -2.6 -2.6 -2.6 -2.6 -2.6 -2.6 -2.6 -2.6 -2.6 -2.6 -2.6 -2.6 -2.6 -2.6 -2.6 -2.6 -2.6 -2.6 -2.6 -2.6 -2.2 -1.9 -1.5 -1.2 -0.9 -0.6 -0.4 -0.1 0.1 0.2 0.4 0.6 1 1.3 1.7 2.5 3.3 6.2 5.2 5.3 5.4 8.3 9.4 8.4 9.1 10.4 10.5 10.8 12 12.3 12.6 12.7 13.6 14.5 15.3 16.2 17.4 19.4 21.8 24.3 26.7 29.2 32.1 37.1 45.3 58.4 71.5 83.4 96.6 106.6 114.9 121 127.1 133.9 143.2 155.1 166 173.2 180.2 187.7 196.7
-2.3 -2.6 -2.6 -2.6 -2.6 -2.6 -2.6 -2.6 -2.6 -2.6 -2.6 -2.6 -2.6 -2.6 -2.6 -2.6 -2.6 -2.6 -2.6 -2.6 -2.6 -2.6 -2.2 -1.9 -1.5 -1.2 -0.8 -0.5 -0.2 0.1 0.2 0.5 0.7 0.8 1.1 1.4 1.8 2.1 2.7 3.3 6.1 5.4 5.5 5.6 6.3 6.9 6.9 7.4 8.2 8.5 9.7 11 11.5 11.7 12.1 12.9 14.4 15.4 16.8 18.3 19.4 22.4 25.4 28.3 31.6 33.8 37.1 50.2 63.1 76.1 87.8 99.6 106.6 114.6 123 126.7 131.3 141.4 153.4 164.8 174.1 183.7 191.4 196.4
-2.4 -2.6 -2.6 -2.6 -2.6 -2.6 -2.6 -2.6 -2.6 -2.6 -2.6 -2.6 -2.6 -2.6 -2.6 -2.6 -2.6 -2.6 -2.6 -2.6 -2.6 -2.1 -1.7 -1.5 -1.2 -0.8 -0.5 -0.1 0.2 0.4 0.7 0.9 1.1 1.3 1.5 1.8 2.2 2.5 2.9 3.7 5.4 5.4 5.5 5.6 6.3 6.7 7.1 7.4 7.7 8.6 9.6 10.6 11 11.1 12.1 13.2 14.9 16.2 18.2 20.4 20.7 22.7 25.7 28.4 31.8 36.3 42.4 56.5 68.5 79.9 90.8 97.2 106.1 113.6 117.2 119 127.3 135.7 147 158.9 169.8 176.5 181.3 192.9
-2.6 -2.5 -2.6 -2.6 -2.6 -2.6 -2.6 -2.6 -2.6 -2.6 -2.6 -2.6 -2.6 -2.6 -2.6 -2.6 -2.6 -2.6 -2.6 -2.2 -1.9 -1.6 -1.3 -1 -0.8 -0.5 -0.1 0.2 0.6 0.9 1.1 1.3 1.5 1.7 1.9 2.2 2.6 2.9 3.3 5.2 5.3 5.3 5.4 5.7 6.3 6.9 7.3 7.6 8 8.7 9.5 9.9 10.1 11.1 12.4 14.3 15.6 16.4 17.4 19.4 20.7 23.1 25.1 28.2 32.5 38.5 46.9 58.5 66.7 78.1 87.6 96.8 103.8 107.7 114.9 124.5 134.6 144.7 156.4 164.3 167.8 178.6 188.7 196.1
-2.5 -2.3 -2.2 -2.4 -2.6 -2.6 -2.6 -2.6 -2.6 -2.6 -2.6 -2.6 -2.6 -2.6 -2.6 -2.6 -2.6 -2.6 -2.1 -1.7 -1.4 -1.1 -0.8 -0.5 -0.3 -0.1 0.2 0.6 0.9 1.3 1.5 1.7 1.9 2.1 2.3 2.6 3 3.3 3.6 5.9 5.2 5.2 5.4 5.8 6.3 6.6 7.1 7.6 8 8.4 8.8 9 9.5 10.7 12.8 15.7 17.4 15.8 15.1 17.7 20 22.6 24.5 27.5 32.2 41.3 53 60.4 65.5 72.7 81.3 88.9 100.8 109.1 117.1 127 139.2 152.5 162.6 171.9 178.3 186.8 195.2 205
-2.3 -2.2 -2.1 -1.9 -2.2 -2.4 -2.6 -2.6 -2.6 -2.6 -2.6 -2.6 -2.6 -2.6 -2.6 -2.6 -2.6 -2 -1.6 -1.3 -1 -0.7 -0.3 0 0.2 0.4 0.7 0.9 1.3 1.6 1.9 2.2 2.4 2.6 2.7 3.1 3.3 3.3 4.6 6.3 5.2 5.3 5.3 5.6 6 6.3 6.6 7 7.4 7.8 8.2 8.6 9.2 10.3 12.9 18.2 19.1 15.6 15 17 19.9 21.6 23.8 27.2 33.8 46.5 54.7 64.9 73.7 80.5 87.2 96 103 109.6 118.8 133.5 147.6 161.7 171.9 180.2 188.2 197.2 205.5 212.7
-2.2 -2.1 -2 -1.8 -1.8 -2 -2.2 -2.6 -2.6 -2.6 -2.6 -2.6 -2.6 -2.6 -2.6 -2.6 -2.1 -1.7 -1.2 -0.8 -0.5 -0.2 0.1 0.4 0.7 0.9 1.2 1.4 1.6 2 2.3 2.6 2.8 3 3.1 3.3 3.3 4.5 5.4 5.9 5.3 5.2 5.3 5.5 5.7 6.1 6.4 6.7 7 7.5 7.7 8.1 8.7 10.3 14.3 19.6 18.6 15.1 15.3 17.4 19.3 20.7 23.6 28.5 36.2 45.2 57.9 69.7 78.1 87.5 95.5 102 110.5 119.1 129.5 144.5 157.7 169.1 180.3 190.3 196.7 206.7 213.2 221.1
-2.1 -2 -1.8 -1.7 -1.6 -1.7 -1.9 -2.1 -2.2 -2.4 -2.6 -2.6 -2.6 -2.6 -2.2 -2 -1.7 -1.3 -0.8 -0.4 0 0.3 0.6 0.9 1.2 1.4 1.6 1.9 2.1 2.3 2.7 3 3.3 3.3 3.3 3.6 4.1 4.9 5.7 5.6 5.4 5.3 5.4 5.5 5.7 6 6.2 6.6 6.9 7.2 7.4 7.9 8.5 11.1 15.7 18.9 16.8 14 15.8 17.2 18.4 20.4 24.9 30.8 39.4 52.4 64.7 77 86.9 94.9 101.7 111.6 119.2 127 141.7 156.7 168.9 180.6 187.4 194.6 204.1 213 219.3 228.9
-2 -1.8 -1.7 -1.6 -1.5 -1.3 -1.5 -1.7 -1.9 -2 -2.2 -2.3 -1.9 -1.8 -1.5 -1.4 -1.2 -0.9 -0.5 0 0.4 0.8 1.1 1.4 1.7 1.9 2.1 2.4 2.6 2.8 3.1 3.3 3.3 3.3 3.7 4 4.4 5.1 5.8 5.5 5.4 5.3 5.4 5.5 5.7 5.9 6.2 6.4 6.7 7 7.3 7.9 8.4 11.6 15 16.5 14.5 13.4 14.9 16.4 17.6 21.6 27.9 37.9 51 61.3 70.2 79.2 89.3 97.8 107 117.6 126.9 138.5 156 168.2 179.1 187.4 193.5 199.5 207.9 217.5 227.1 237
-1.8 -1.7 -1.6 -1.5 -1.3 -1.2 -1.1 -1.3 -1.5 -1.7 -1.8 -1.9 -2.5 -1.6 -1.1 -0.9 -0.6 -0.4 -0.1 0.3 0.8 1.2 1.6 1.9 2.2 2.4 2.6 2.9 3.1 3.3 3.3 3.3 3.3 3.4 3.6 4 4.6 5.3 6 5.5 5.3 5.3 5.3 5.3 5.5 6 6.2 6.3 6.6 6.9 7.1 7.5 8.2 10.4 12.8 13.7 13.1 13.4 14.7 15.7 18.6 24.8 33.9 46.6 59.2 67.8 74.1 83.7 95.8 109.1 122.4 133.2 143.5 151 164.4 178.6 188.2 194.4 201.1 210.7 220 228 234.8 244
-1.7 -1.6 -1.5 -1.3 -1.2 -1.1 -1 -1 -1.1 -1.3 -1.4 -1.6 -1.7 -2.1 -1.3 -0.5 -0.4 0.1 0.3 0.6 1.1 1.6 2 2.4 2.7 2.9 3.1 3.3 3.3 3.3 3.3 3.4 3.5 3.6 3.7 4 4.7 5.5 6.1 5.3 5.3 5.3 5.3 5.3 5.5 5.9 6.2 6.3 6.4 6.6 6.8 7 8.1 9.2 11.2 12.1 11.9 13.1 14.7 16.4 20.8 30.8 42.9 54.4 63 69.7 81.5 94.4 111.5 126.5 141.3 152.9 161.8 169.3 175.7 186.2 193.4 199.7 208 216.9 225.3 233.7 243.6 255.3
-1.6 -1.4 -1.3 -1.2 -1.1 -1 -0.8 -0.6 -0.7 -0.9 -1.1 -1.2 -1.4 -2.5 -1.8 -0.9 -0.1 0.2 0.8 1.1 1.4 1.9 2.4 2.8 3.2 3.3 3.3 3.3 3.3 3.3 3.3 3.4 3.5 3.6 3.7 4.1 4.9 5.7 5.5 5.2 5.2 5.2 5.3 5.3 5.4 5.9 6.1 6.2 6.2 6.4 6.5 6.8 7.5 8.4 9.4 10.3 11.5 13 15 17.8 25.3 37.4 49.8 58.7 63.7 76.9 92.2 109.5 125.7 139.9 155.7 164.2 173.2 180.6 187.7 192.2 198.6 205.2 213.6 221 230.9 242.3 253.7 265.4
-1.4 -1.3 -1.2 -1.1 -1 -0.8 -0.7 -0.6 -0.4 -0.6 -0.8 -0.9 -1 -1.3 -2.3 -1.5 -0.6 0.3 0.9 1.3 1.9 2.2 2.7 3.2 3.3 3.3 2.8 2.8 2.7 2.6 3.3 3.4 3.5 3.6 3.7 4.1 4.9 5.2 5.1 5.2 5.2 5.2 5.2 5.2 5.6 6.1 6.1 6 6.1 6.3 6.5 6.6 7.2 8.4 9.5 10.5 11.7 13.3 16.3 21.9 30.4 40.8 49.1 56.4 71.6 87.2 104.1 122.9 136.8 149.6 162 173.9 182.3 189.6 195.5 198.5 202.1 210.3 220.2 229.2 240.5 252.8 264.6 275.3
-1.3 -1.2 -1.1 -1 -0.8 -0.7 -0.6 -0.5 -0.3 -0.3 -0.4 -0.6 -0.6 -0.8 -2.1 -2 -1.1 -0.3 0.6 1.4 1.8 2.5 2.9 3.3 3.3 3.3 2.4 0.2 0.1 0.5 3.1 3.4 3.5 3.5 3.7 4.3 5.2 5.1 4.9 5 5.1 5.1 5.2 5.3 5.8 6.1 6.1 6.1 6.2 6.3 6.6 6.8 7.7 9.2 10.2 11.1 12.3 14.2 18.7 28 35.2 41.4 48.8 63.6 83.7 97.7 115 131.2 142.4 153.8 166.5 181 187.6 194.4 200.9 202.5 207.3 216.2 226.3 238.6 251.2 263.4 273.7 282.8
-1.2 -1.1 -0.9 -0.8 -0.7 -0.6 -0.5 -0.3 -0.2 0 0 -0.2 -0.3 -0.4 -0.9 -2.5 -1.7 -0.8 0.1 1 1.8 2.3 3 3.3 3.3 3.3 2.7 -0.5 -2.4 -1.7 -2.6 3.3 3.4 3.4 3.8 4.5 5.4 4.7 4.9 5 5 5.1 5.2 5.5 6 6 6.1 6.2 6.2 6.5 6.9 7 7.9 9.6 11.1 12.3 13.5 15 22.6 32.3 40.3 47.8 56.3 74.8 92 107.9 126.1 139 146.3 157.6 172.7 185.3 189.9 198.1 203.5 206.2 214.4 223.9 235.3 248.9 260.7 271.5 280.6 289.1
-1.1 -0.9 -0.8 -0.7 -0.6 -0.5 -0.3 -0.2 -0.1 0 0.3 0.2 0 -0.1 -0.2 -1.6 -2.2 -1.3 -0.5 0.4 1.3 2.2 2.9 3.3 3.3 3.3 3.1 0.3 -0.1 0.2 -2.6 -2.6 -2.6 3.5 4 4.7 5.1 6.1 5 5 5.1 5 5.2 5.5 5.9 5.9 5.9 6.1 6.2 7 7.3 7.6 8.3 10.2 12.1 13.4 14.8 18.7 27.4 35.6 42.9 51.8 63.6 81.5 96 115 131.9 140.5 148.6 161.4 175.2 185.7 190.3 200.5 204.4 211.7 223.5 233.1 245.9 260.8 268.6 277.4 286.6 294.6
-0.9 -0.8 -0.7 -0.6 -0.4 -0.3 -0.2 -0.1 0 0.2 0.3 0.5 0.3 0.3 0.1 -0.4 -2.4 -1.9 -1 -0.1 0.8 1.6 2.5 3.3 3.3 3.3 3.3 3.3 3.1 2.6 3.3 3.3 3.3 -2.6 4.2 4.8 5.2 5.1 5.1 5 4.9 5 5.2 5.5 5.9 6 5.9 6 6.3 6.8 7.5 8.2 9.4 11.3 13.3 15.3 17 21.3 29.6 37.5 44.7 55.6 68.7 83 100.8 120.9 132.6 140.1 151.2 165.1 175.7 183.5 191 199.9 205.3 216.4 229.4 241.9 254.5 264.6 273.9 283.6 291.4 296.7
