Assets/StreamingAssets/GeoData/Data/sd/SD29.asc
ncols 200
nrows 200
xllcorner 320000
yllcorner 490000
cellsize 50
[rows 105 to 139 of 200, columns 79 to 157 of 200]
410.6 403.1 395.6 387.7 368.1 356.4 345.1 347.3 354.7 357.6 362 366.5 370.9 367.1 371.6 372.4 371.5 379.1 384.1 379.9 382.2 380.2 380.2 380.4 381.3 382.3 381.5 383.2 373.3 363.7 357.5 352.8 352.3 350.8 352.2 343.3 320.6 307 305.8 306.3 308.5 308.4 308.9 305 305.4 313.1 310.8 305.5 308 318.8 325 326 325.4 319.8 309.2 295.7 284.5 278.2 269.5 254.9 248.1 241.7 236.3 232.1 230 227.4 225.3 223.1 222.5 223.1 225.6 225.3 221.7 221.7 221.3 219.9 222.4 216.7 208.1
399.8 394 385.2 368.9 355.7 347.5 334.3 336.1 344.1 346.9 357.1 357.8 362.2 358.4 364.2 367 367.7 371.6 376.4 378.7 381.8 381 381.3 382 383.2 384.2 385.3 376.9 347.5 348.3 349.6 343.2 344.8 349.2 347.6 338.9 322.2 299.6 300.5 304.7 304 300.9 302.1 296.3 299.8 303.9 298.9 302.9 314 321 323.2 321.4 319.6 315.4 299.5 286.2 277.5 272 260.3 252.3 245.8 236.7 231.3 231.5 228.8 226 223 223 225.3 227.5 227.8 228 224.8 215.4 218.9 215.7 211.8 204.4 196.5
388.4 383.4 369.3 355 345.1 335.1 323.7 327.1 334.9 338.2 347.3 349.6 355.4 358.6 360.7 363 364.7 369.5 374.3 378.1 380.8 382 383.2 384.5 385.6 386 385.3 363.7 323.1 341.2 329.4 336.6 321.8 326.5 322.5 319.6 303.4 295.7 295.4 298.9 298 300.4 294 294.2 295.8 291.9 298.9 308 317.4 319.3 317.9 314.2 311.1 300.8 283.5 277.4 270.8 260.8 253.7 248.5 240.8 233.6 231.6 230.5 224.7 223.1 224.5 229.4 232.2 231.9 232.3 230.3 226.4 219.7 207.9 208.6 201 193.2 189.1
374.5 363.6 359.6 344.4 331.2 322.1 310.5 320.3 328.2 331.6 340.1 347 354.6 356 357.1 360.4 363.4 370.5 376.1 381.1 382.6 383.4 385.9 387.3 387.9 388.4 376 331.1 320.7 321.7 314.6 326.4 325.2 322.6 320.1 318.2 295.2 293.8 293.9 291.3 292.5 290.6 298.3 296.6 287.5 296.2 300.8 311.5 313.2 312.7 311.1 309.2 297.7 283.6 273.3 271.8 262 252.8 247.2 243.4 236.5 232.4 230.4 225 223.8 227 233.6 237.9 236.5 236 236.2 232.7 228.6 223 215.9 202.8 197 189.3 177.4
360.7 353.2 338.1 329 324.5 311.6 307.7 322.7 335.1 338.1 338.3 348.3 354.4 357.5 357.4 360.6 365.2 371.8 377.7 386.7 385 390.2 390 390.8 393.6 392.8 354.8 352.1 353 323.3 305.6 313.1 323.6 313.9 309 308 288.1 292.3 289.2 285.9 284.2 289.2 292.6 284.6 291.8 296.9 304.4 306.4 308.2 306.4 302.3 294.7 283.7 274.6 264.8 263.6 252.3 249 241.3 238.3 236.2 232.4 229.5 224.5 228 234.7 238.8 241.3 240.5 240.3 237.7 233.9 230.8 225.6 218.4 209.1 196.2 185.1 175.1
345.4 339.6 320.2 319.5 320.2 303.4 304.3 320.5 335.3 342.5 342.9 349.3 356.1 365.1 362.1 364.3 368.9 373.9 378.4 384.8 391.7 399.2 396.3 394.5 396.8 394.7 388.5 376.1 358.2 324.8 299.4 295.4 307.7 306.3 294.2 293.9 281.3 281.9 284 284.2 280.3 284.9 279 286.6 290 297.4 299.2 302 301.7 294.9 296.2 283.9 274.5 267.3 259.4 253.1 246.9 240.7 238.8 238.2 236.2 234.1 228.4 229.4 234.5 240.1 245.3 245.7 244 242 238.8 234.3 230.2 226.9 214.3 204.6 197.2 188.5 176.9
328.4 317.4 306.2 306 304.4 294.2 304.9 317.8 327.8 340.6 348.5 352.4 357.9 364 365.9 369.6 375.5 380 382.5 389 395.5 401.8 400.2 396.8 395.8 392.3 380.1 371.3 358.5 333.8 296.5 289.3 278.7 293.8 300.4 285.2 274.9 273.1 276.2 283.1 278.5 276 283.4 284.6 290 293.1 295.4 296.8 294.4 291.3 284 278.1 269.1 258.8 252.3 246.4 241.9 239.9 239.2 239.1 235.8 234.2 232.7 242.6 245.4 247.5 250.2 250.5 246.2 242.3 239.6 233.9 229.3 221.1 209.4 201.9 195.7 185.1 170.6
319.2 297.7 289.9 288 291 279 304.4 319.4 333.7 348.6 355.7 360 367 368.8 373.1 371.6 374.2 381.3 386.8 390.1 397 400 402.4 399.1 394.3 383.5 369.1 357.7 336.7 338.3 312.8 283.3 277.5 277.4 276.6 275.5 267.9 268.4 271 278.7 272.6 278.5 280 283.3 288.6 290.1 291 291 287.7 280.3 275.2 270.9 261.2 252.1 245.2 243.4 240.8 240.6 240.8 239.1 238.2 236.4 245.7 252.6 253.9 254.3 255.2 254 250.8 245.7 239.6 234.6 227.8 217.7 207.1 200.5 188.4 174.7 158.8
316.6 294.8 278.5 278.9 279.7 279.6 305.3 320.7 336.5 354.1 360.1 362.3 371.5 377.4 380 376.7 375.1 377.4 382.2 388 398.5 401.7 407.2 397.9 386 374.9 354.1 333.1 319.3 324.1 322 306.6 298.8 296.3 287.5 268.4 265.2 267.5 269.8 268.2 275 275.9 278.9 282.3 285 287.5 285.6 286.1 278.1 275.7 269.3 261.9 252.8 244.3 243.1 241.3 240.9 241.7 243.4 243.5 245.6 254.7 258.8 261.4 265.3 263.5 260.6 257.9 252.7 249.1 242.1 236 228.3 215 205.4 192.3 177.5 163.2 148.3
314.5 295.4 276.9 271.2 269.1 286.7 305.7 321.2 334.2 355.7 359.8 363.9 370.6 377.1 379.8 378 379.1 380.3 383.9 385.4 403.4 401.3 393.6 384 372.1 357.8 344.8 317.1 300 295.6 308.2 315.5 307.9 304.7 285.9 268.5 264.5 265.1 264.8 270.3 272.9 276.9 279.7 280.1 280.6 281.3 281.5 277.8 273.6 269 261.9 253.1 246.1 246.2 242.9 243 241.8 250.5 249.5 253.5 261.8 268 271.5 272.4 279 278.2 270.8 266.9 258.8 253.3 246.9 237.4 227.3 212.9 200.5 183.1 166.1 150.5 137
316.2 295.7 275.6 265.2 271.9 289.6 305.4 316.7 327.6 349.3 353.2 362.3 369 374.6 378.7 378.2 382.4 386.3 385.1 384.7 391.6 392.8 379.8 360.9 342.6 330.3 319 303.1 287.2 283.2 287.3 309 315.1 315.6 282.9 268 261.6 262.3 266.9 273 277.6 278.2 276.3 276.3 275.5 274.5 273.9 270.4 266.9 259.8 255.7 245.1 246 246.8 246.9 249.4 255.1 257.6 260.5 270 276 281.3 281.8 284.1 287.4 286.1 278.5 269.4 265.4 259.6 249.5 236.8 221.9 204.5 187.8 170.8 155.3 139.2 126.2
323.1 293.4 271.5 260 274 289.8 302.6 312.7 322.2 332 340.2 352.2 360.3 371 373.2 379.3 384.2 389.2 386.2 379.8 377.1 372.9 366.2 344.6 324 308.9 299.5 285.8 278.1 272.9 267.5 277.4 280.9 283.4 265.1 257.2 262.6 265.4 274.5 279.8 277.2 274.6 273.3 273.1 271.8 269.3 266.4 261.6 258.4 250.8 245.6 245.9 248.3 252.2 254.9 258.9 264.7 267.8 276.8 283.8 288.9 295.4 292.4 294.2 290 288 277 271.1 267.3 260.6 247.4 227.6 208.5 192.5 175.8 157.9 140.1 124.1 117.9
321.4 295.7 266.8 253.4 272.6 287.5 302.9 311.7 319 324.3 331 339 356.8 371.7 373 375.2 379.8 385.7 382.6 372.9 369.8 359.7 342.4 326.3 313 298 286.9 274.8 268.6 264.3 260.1 255.2 254.4 255.2 255.2 255.7 262.8 272.4 278.6 278.3 275.1 274.3 270.6 269.4 265.6 261.8 256.6 251.8 245.8 243.6 244.2 248.2 252.8 257.4 262.6 265.8 274.3 282.8 291.2 297.5 298.4 297.7 294.4 291.3 286.3 285.7 278.6 272.7 265.2 252.9 230.3 212.6 195.8 177.6 160.6 143.4 126.9 117.2 114.5
316.4 288.3 260.5 252.4 270.9 283.7 303.4 313.8 319.2 322.7 325.5 335.7 344.8 364.4 375.9 372.9 370.2 381.7 367.3 364.9 361.4 348.2 331.8 314.1 299.7 287.5 278.5 269 261 255.9 254.5 253.9 253.4 252.9 252.8 259.6 270.4 277.7 279.2 278.2 277.2 273.1 266.9 263.2 259.8 255 249.8 241.8 243.1 242.1 244.6 255.3 256.4 261.9 266 279.1 291.3 298.5 302.3 302.4 295.6 292.3 290.2 282.5 282.3 285.6 274.1 265.8 251.5 237.5 218.9 200.1 180.2 162.2 145.8 131.7 118.7 114.6 110.7
300.4 273.1 250.8 254.3 268.2 279.8 299.2 313.8 320.4 321.5 323.6 324.8 331.6 351.6 364.4 365.8 363.6 364.7 356.4 355.5 349.8 336.1 319.8 302.9 291.5 278.9 271.8 263.2 257.6 255.6 255.1 256.5 255.7 251 256 266.8 275.3 279.2 278.7 277.1 273.3 268.3 263.4 258.3 253.1 248.4 239.5 241.4 240.8 243.7 248.5 256.6 260.8 267.9 284.2 296.9 305.2 305.1 301.4 296.8 287.3 286.7 280.5 276.9 280.2 274.4 261.9 247.7 235.4 216.9 194.3 176.3 161.6 148.4 135.6 121.1 113.6 112.2 108.3
292.8 265 243.4 255.4 266.9 278.4 296.5 311.9 323.6 324.1 326.4 326.4 326.4 336.9 347.5 349.5 348.1 347.6 345.2 341.4 333.4 322.1 307.2 294.1 283.6 275 266.5 259.6 257.4 258.2 261.1 261.1 251 251.4 265.7 271.4 277.4 278.2 278.3 272.4 267.7 264.5 257 251.9 247.6 239 237.5 238.3 241.3 245.4 252.3 257 269 283.1 299 307 304.4 299.5 293.6 285.6 278.4 276.3 272.5 272.5 271.5 257.8 250.2 232.9 216.3 193.1 178.4 166.4 151.3 135.4 120.9 113.4 111.8 109.1 107.1
295.4 257.6 240.1 254.5 265.6 276.3 291.7 307.1 320.5 326.6 326.1 329.5 325.4 324.4 332.2 336.5 336.5 335.3 333.4 326.3 316.4 308.4 298.3 284.9 279.1 272.7 263.7 258.9 258.2 259 261.6 254.1 246.2 259.1 269.3 275.6 277.2 276.6 274 267.2 262.7 257.7 250.1 245.3 239.9 235.2 235.8 238.3 241.7 245.3 253.3 266.8 280.2 295.1 301.1 304.1 297.5 288.5 281 272.7 268.8 267.7 265.6 262.2 258.1 247.6 232.4 208.7 194.7 183.7 169.7 157.7 141.9 125 111 109 108.5 107 106
289.4 251.9 238 254.3 266.2 277.4 293.7 312.1 321.3 325.2 325.5 328.7 329.7 322.6 321.9 322.6 324.6 321.9 319.5 309.5 302.5 299.8 290.1 279.5 274 268 261.8 259 259.5 263.7 256.1 247.2 253.7 264.4 271.9 275.8 275.6 274.8 269.1 264.6 257.7 249.8 247.4 246 236.4 234.3 236.3 235.6 238.9 247.6 261.4 273.8 287.2 300.2 300.2 298.4 284.5 273.3 266.4 263.3 263.6 256.6 252.6 251 245.5 229.5 213.4 191.7 183.5 174.5 161 147.4 131.4 113.9 108.2 108.7 106.3 105.4 104.8
277.8 244.3 241 259.2 270.9 283.7 302.4 312.3 319.7 323.8 327.8 327.7 323.7 322.1 317.3 314.4 310.9 308.3 302.8 298.2 293.9 291 283.2 276.7 269.2 263 259.2 258.2 258.3 256.8 245.4 250.5 254.8 267.6 272.3 277.4 273.2 269 265.7 259.3 251.2 250.2 249.7 242 234.1 232.5 232.9 232.4 240.1 256.2 269.4 277.7 292.9 297.1 294.1 284.8 268.8 262.5 259.5 260.2 254.3 247.2 242.8 236.8 225.8 209.8 194.3 177.8 167.5 158.8 145.2 130.7 118.9 108.6 106.7 105.6 105.3 105 103.5
260.3 234.9 246.8 262.5 279.9 297.1 311.2 317.9 322.9 323.6 325.8 328.6 321.6 316.4 310.2 304.9 300.6 298.1 296 293.6 288.6 283.2 279 274.2 272.2 261.1 254.7 255.9 252.9 244.7 245.7 255.1 264.2 269.4 274.5 272.5 270 265.9 263.6 257.7 256.8 253.5 246 235.3 231.7 231 228.3 232.2 246.3 256.3 269 277.2 290.2 290.8 283.9 270.1 258.5 257.1 258.2 251.5 245.8 240.8 234.1 221 207.6 194.2 180.3 165.5 153.2 141.5 131.1 120.6 112.1 105.4 104.7 104 104.1 104.3 105.6
254.4 225.7 247.3 266.2 283.9 302 315.4 323.3 328 325.8 324.2 320.1 313 307.7 303.8 299.1 294.4 291.4 291.6 291.8 288 282.1 275.4 269.8 267.5 254.6 250.9 250.5 242.8 237.9 250.1 258.4 265.6 270.2 270.5 268.8 267.7 266.5 263.2 259.5 255.9 249.6 239.1 234 233.1 228.3 228.8 235.5 245.5 254.9 266 274.9 281.2 279.2 268.9 255.9 252.4 250.3 249 247.4 242.1 234 222.9 213.6 193.1 180.8 168 155.8 140.5 129.1 120.5 112.3 105.6 103.4 103.6 103.5 104.2 106.5 108
247.1 224.8 242.8 264.3 286.1 300.7 313.2 320.1 324.9 324.4 321.4 315.2 309.6 305.6 299.9 296.4 291.1 287.6 287.7 289.5 287.2 280.2 271.4 265.5 255.3 250.8 248.9 241.2 235.5 244.8 253.3 261.1 267.3 270.2 267.8 268.1 266.4 264.4 260.8 257 250.3 239.3 236.8 234.4 231.7 226.7 230 236 245 254.7 260.5 268.2 270.8 265.3 253.5 249 245.9 242.8 249 242.8 236.5 220.5 214.2 199.3 179.3 166.7 154.7 138.6 123.9 115.4 111.4 106.1 102.5 101.7 102.2 107.7 108.2 109 109.9
237.6 225.7 243 259 284 298.3 307.4 313.4 319.2 319.9 316.5 312.1 306.8 303.3 297.3 291.8 288.4 286.2 283.9 284.9 282 278.3 272 258.2 243 246.8 245.4 232.7 238.2 246.2 256.1 263.6 268.1 268.5 267.4 265.9 262.5 258.3 256.2 251.9 242 239.4 239.2 229.7 229.6 225.6 230.6 234.9 244.5 252.7 254 257.1 256.8 251.1 243.4 240.4 237.6 240.1 246.3 237.3 220.7 210.7 197.2 187.3 167 151.5 138.9 126.9 114.1 109.8 106.7 102.3 101.2 101.5 102.7 108.1 109.7 110 110.8
227.5 226.1 243.1 259.1 279.8 294.4 302.3 308.8 314 314.2 311.6 307.5 304.1 300.9 294.7 288.4 284.9 281.4 279.6 280 281.4 274.4 265.8 252.9 240.2 241.8 230.1 235.5 243.8 251.7 258.7 265.6 268.7 268.2 265.1 260.6 255.7 253 250.2 245.5 242.2 239.5 233.9 234.8 234.7 225.3 228.2 232.1 240.9 243.6 244.6 243.4 240.5 236.5 234.1 234.5 233.2 237.1 236.9 223.7 204.8 196.6 182.9 168.8 150.5 140 128.1 119.5 109.1 106.2 103.1 101.9 102.1 102.3 102.6 108.9 112.3 112 109.7
214.1 223.2 240 258.9 276.9 291.9 303.4 308 310.4 309.7 306.4 303.5 301.6 298.5 293.1 289.1 286.8 282.7 275.4 266.8 275.1 269.9 258.5 257.4 241.6 230.6 232.9 236.6 246.9 255.8 261.6 265.8 268.1 266.6 259.1 254.3 252.5 247.1 242.6 241.8 240.9 235.6 238.6 238.7 235.5 228.8 223.9 228.9 234.2 235.8 233.1 233.2 230.2 224.3 224.5 227.9 230.8 230.2 218.2 204.8 191.6 182.1 171.5 155.7 137.5 126.2 117.3 115.9 106.7 106.6 105.8 101 101.6 102 103.2 111.3 112.4 111.7 113.3
205 222.4 239.3 265.3 277.7 293.8 307.7 310.5 305.4 302.4 300.7 301.8 300.9 295.4 291.5 290.8 288.1 281.3 275.2 262.4 262.2 252.4 245.7 246.7 235.1 232.6 235.4 239.7 250.5 258.4 263.2 266.3 265.6 260.3 254.2 250.7 246.7 243.2 240.8 240.5 236.4 243.8 242.6 240.7 235.3 228.8 218.8 224.7 229.9 227.4 223.6 222.9 218.9 216.7 218.6 223.7 220.1 212.9 199.8 190.9 184.2 171.5 157 140.4 124.8 113.4 108.5 107.1 108.6 110.7 101.9 100 101.3 104.4 108.4 112.3 112.9 120.4 119.2
204.6 222.3 243 272.7 280.5 290.4 303.9 317.1 308 298.2 296.8 302.3 300.9 297.4 291.5 289.3 288.1 280.1 272 258 243.3 233.9 230.9 231 224.5 234.1 233.9 243.7 254 261.2 265.3 266.2 261.9 253.9 248.1 244.2 242.4 237 236.5 238.2 247.1 247.7 245.1 240.7 235.4 227.9 213.1 219.5 221.9 217.4 216 212.9 211.6 214 214.4 213 207.3 193.9 185.2 182.1 171.9 159 144.8 125.6 110.9 105.2 104.2 111.9 113.4 104 100.1 104.5 111 114.2 118.1 116.4 119.2 119.4 119.7
204.5 222.7 245.9 271.1 283.4 290.5 299.3 308.5 311.2 298.7 292.7 296.9 304.6 302.1 292.1 289.3 286.8 282.4 273.6 248.2 237.5 232.6 228.5 220.4 230.7 227.2 236.2 247.6 256.9 263.1 266.1 263.1 255.7 247.7 240.3 240.3 234.4 234 242.5 249.3 251.7 249.4 244.6 238.4 233.4 224.4 213.6 212.3 210 208.8 206.2 203.5 209.2 206.8 206.2 203.7 189.9 181 178 171.5 162.1 146.1 126 110.3 104.1 103 109.7 111.8 103.4 99.5 108.9 120 124.2 121.6 117.2 117.7 118.6 121.6 126.3
203.7 225.7 251.5 273.1 288.4 295.7 302.6 310.7 305.6 299.2 291.3 293.8 300.7 301 296.9 285.4 284.8 279.7 266.3 244.5 233.2 227.4 219.1 228.1 225.2 228.7 241.3 253.8 260.9 264.6 263.7 258.3 249.7 241.3 234.3 232.5 233 243.1 252.1 253.6 253 248.1 239.7 234.1 228.7 219.5 216.1 208 195.8 193.8 192.7 197.8 201.4 199 194.8 188.6 180.5 173.6 169.6 162.7 145.9 127.7 109.9 104.4 102.3 102.5 107.6 102.6 104.7 113.8 123.2 131.2 128.3 121.8 116.5 116.9 119.6 125.6 124.5
203.1 228.2 255.8 277.7 294 300.6 306.5 314.2 303.2 295.1 288.3 286.3 287.7 294 292.1 283.6 273.8 266.8 253.1 238 228.9 218 221.1 221.7 223.2 235.5 248.6 258.6 262.3 262.2 258.4 253.2 244.7 236.8 232.3 234.2 246.8 251.5 254.9 254.2 252.4 246.6 236.6 230.6 225.2 220.1 212.8 203.9 195.2 181.2 188.9 194.5 194.2 192.9 185.9 175.6 168.3 163.8 153.3 144.5 128.3 114.2 104 105.2 102.3 103.2 102.9 108.8 121.1 131.9 131.2 128.1 123.6 122.3 116.4 118.1 124.9 123.2 120.8
201.8 221.3 244.7 267 297.5 308.7 316.8 326.7 313.2 294.2 286.9 282.6 279 284.9 281.2 276.9 264 248.4 237.9 231.2 221.2 212.9 214.2 216.3 226.5 241.8 253.3 259.1 260.4 257.8 253 246.4 238.8 233.6 234.8 243.9 251.4 255.1 256.9 255.1 251.2 242.2 235.2 228.5 223 215.9 209 198.6 193.8 187.1 183.4 187.4 185.7 185.4 173.3 162.9 158.4 150.8 142.1 130.9 116.6 103.3 103.2 99.8 99.1 100.2 109.9 123.3 130.9 133.6 129.3 125.7 122.1 120.1 122.2 122.2 121.6 120.5 118.7
200.7 220.2 243.8 262.1 280.8 305.6 314 319.6 320.1 303.5 288.3 278.3 272.2 272.2 276.2 272.1 254.7 241.7 225.1 219.7 205.6 213.9 209.8 218.2 232 246.1 253.9 256.9 257 253.2 244.7 237 233.5 234.7 242.7 250.1 254.9 258.7 260.1 255.2 247.8 239.3 231.7 226.6 218 211.2 203.4 199.5 192.4 181.1 172.9 175.9 175.7 167.9 156.6 150.6 140.9 134.9 128.9 116.3 104.2 104.1 98.3 97.9 101.4 112.5 121.9 127.6 129.7 126.3 123.6 120.2 126.7 127.7 125.8 123.8 118.9 118.5 121.1
200 215.4 244.8 264.1 281.2 299.4 315.5 312 303.1 299 295 274.8 262 263.2 265.1 260.7 246.2 228.9 218.4 207 211.4 206.5 213 225.9 237.1 247.6 251.6 252.7 250.6 243.2 236.2 232.6 238 242.8 251.5 255.4 260.2 264.1 263.6 255.6 245.2 237.2 229.8 220.3 213.3 208.1 198.7 189.4 180.2 169.6 165.9 171.1 164.6 154.1 145.1 138.3 131.6 126.8 116.1 107.5 100.9 97.8 99.2 107 121.9 123.3 125.6 128.1 124.3 121.1 122.9 132.6 132.9 129.5 125.2 123.3 119.2 121.7 123.1
199.3 216.6 241.5 269.3 289.1 300.8 310.1 303.8 292.9 278.2 268.9 259.9 253.3 251.7 252.6 246.8 234.3 220.8 209.5 200.2 205.6 209.6 220.5 229 238.9 245.1 246.1 243.6 237 232.7 233.2 239.6 246.8 250.7 258.2 265.7 270.6 270.9 267.5 254.1 243.1 233.4 222.3 216 212 203.2 187.2 182.1 178 164 157.7 161.1 154.5 142.9 135 129.3 128.3 117.8 107.7 100.2 97.8 103.2 114 119.9 123 122.8 123.4 123.2 121.8 126.3 136.8 138.4 139.9 137.6 125.3 127 121.6 122.3 124.7
198.8 219.2 239.9 265.6 292.1 308.3 316.4 301.7 287.4 277.2 268 256 244.8 242.8 241.7 231.5 217.7 209.6 195.1 201.8 205.5 214.9 223.1 229.7 236.7 238.9 235.4 231 230.1 238.1 249.9 256.4 259.7 261.1 266.4 277.2 275.8 272.4 263.4 251.5 239.9 226.3 218.5 215.7 207.5 194.1 180.7 179 168.1 152.4 150.9 148.6 140.9 131.4 124.3 129.1 119.2 108.9 101.5 98.4 108.9 114.2 119.9 115.8 120.3 121.5 122.8 122.8 133.6 139.4 140.7 137.4 134.8 131.2 130.6 134.4 128.5 126.3 124.9
