Assets/StreamingAssets/GeoData/Data/sd/SD47.asc
ncols 200
nrows 200
xllcorner 340000
yllcorner 470000
cellsize 50
[rows 39 to 77 of 200, columns 0 to 86 of 200]
113.1 110.4 105.6 99.1 95.3 90 82.4 73.5 66.7 62.7 57.8 53.3 47.6 41.8 38.6 34.4 25.8 15.6 6.7 4.9 6.4 5.3 5.4 5.1 4.8 4.7 3.6 3.8 4.2 3.6 3.6 4 4 4 3.9 3.9 4 3.8 3.8 3.8 3.8 3.4 1.7 3.2 -2.8 -2.8 -2.8 -2.8 -2.8 -2.8 -2.8 -2.8 -2.8 -2.8 -2.8 -2.8 -2.8 -2.8 -2.8 -2.8 -2.8 -2.8 -2.8 -2.8 -2.8 -2.8 -2.8 -2.8 -2.8 -2.8 -2.8 -2.8 -2.8 -2.8 -2.8 -2.8 -2.8 -2.8 -2.8 -2.8 -2.8 -2.8 -2.8 -2.8 -2.8 -2.8 -2.8
107.9 104.9 101.1 95.8 89.7 86.5 81.8 69.3 62.7 55.6 45.6 40.2 37.7 33.5 32.9 30.5 15.3 12.1 5.3 5.3 5.4 5.4 5.2 4.6 4.7 4.7 4.6 3.8 3.8 4.2 3.7 3.8 4 3.9 3.9 3.8 3.8 3.8 3.8 3.8 3.8 0 -2.8 -2.8 -2.8 -2.8 -2.8 -2.8 -2.8 -2.8 -2.8 -2.8 -2.8 -2.8 -2.8 -2.8 -2.8 -2.8 -2.8 -2.8 -2.8 -2.8 -2.8 -2.8 -2.8 -2.8 -2.8 -2.8 -2.8 -2.8 -2.8 -2.8 -2.8 -2.8 -2.8 -2.8 -2.8 -2.8 -2.8 -2.8 -2.8 -2.8 -2.8 -2.8 -2.8 -2.8 -2.8
102 98.9 95.2 91.2 85.5 79.9 72 63.3 56.9 50.1 40.2 34.1 28.7 28.9 30.8 27.1 13.8 6.7 4.7 5.3 5.1 4.4 4.3 4.4 4.5 4.6 4.5 4.4 4 3.8 3.8 3.7 3.9 3.9 3.8 3.8 3.7 2.6 1.4 1.8 3.8 -2.8 -2.8 -2.8 -2.8 -2.8 -2.8 -2.8 -2.8 -2.8 -2.8 -2.8 -2.8 -2.8 -2.8 -2.8 -2.8 -2.8 -2.8 -2.8 -2.8 -2.8 -2.8 -2.8 -2.8 -2.8 -2.8 -2.8 -2.8 -2.8 -2.8 -2.8 -2.8 -2.8 -2.8 -2.8 -2.8 -2.8 -2.8 -2.8 -2.8 -2.8 -2.8 -2.8 -2.8 -2.8 -2.8
96.7 93.4 90.6 85.6 79.5 73.3 65.2 56.9 51.9 45.3 36.8 29.6 25.5 24.6 30.4 22 10.2 7.6 4 4.9 5.4 5.3 5 4.3 4.4 4.5 4.4 4.3 4.3 4.2 3.8 3.7 3.9 3.8 3.8 3.6 2.5 1.4 0.2 -1.1 -2.8 -2.8 -2.8 -2.8 -2.8 -2.8 -2.8 -2.8 -2.8 -2.8 -2.8 -2.8 -2.8 -2.8 -2.8 -2.8 -2.8 -2.8 -2.8 -2.8 -2.8 -2.8 -2.8 -2.8 -2.8 -2.8 -2.8 -2.8 -2.8 -2.8 -2.8 -2.8 -2.8 -2.8 -2.8 -2.8 -2.8 -2.8 -2.8 6.3 6.3 4.4 3.5 1.4 3 4 3.8
92.2 90.7 87.5 83.1 75.8 69.7 61.4 52.6 46.8 40.4 32.8 26.1 22.4 22.3 24.6 19.4 8.8 5 3.6 5.2 5.3 5.3 5 4.2 4.3 4.4 4.3 4.2 4.2 4.1 4 3.8 3.8 3.8 3.8 2.7 1.6 0.5 -0.8 -2.8 -2.8 -2.8 -2.8 -2.8 -2.8 -2.8 -2.8 -2.8 -2.8 -2.8 -2.8 -2.8 -2.8 -2.8 -2.8 -2.8 -2.8 -2.8 -2.8 -2.8 -2.8 -2.8 -2.8 -2.8 -2.8 -2.8 -2.8 -2.8 -2.8 -2.8 -2.8 -2.8 -2.8 -2.8 -2.8 -2.8 -2.8 4 9.9 12.5 10.2 9.6 8.4 5.8 5.6 5.7 5.2
86.9 85.9 82.7 79.6 73.2 69.1 61.8 49.7 42.4 35.8 29.5 22.9 19.7 20.8 20.8 15.6 5.4 5 4.3 4.1 4.9 5.1 4.9 4.6 4.1 4.3 4.2 4.2 4.1 4 3.9 3.8 3.8 3.8 3.4 2.2 1 -0.3 -1.5 -2.8 -2.8 -2.8 -2.8 -2.8 -2.8 -2.8 -2.8 -2.8 -2.8 -2.8 -2.8 -2.8 -2.8 -2.8 -2.8 -2.8 -2.8 -2.8 -2.8 -2.8 -2.8 -2.8 -2.8 -2.8 -2.8 -2.8 -2.8 -2.8 -2.8 -2.8 -2.8 -2.8 -2.8 -2.8 -2.8 -2.8 6.4 14.6 18.3 16.1 13.2 11.2 10.3 7.9 6.7 6.6 6.4
81 79.4 77.9 76.2 73.9 70.2 63.6 49.8 38.9 32.2 26.7 20.7 17.8 18.9 18.5 8.9 5.5 5.1 5.1 3.4 4 4.7 4.9 4.6 4 4.1 4.1 4.1 4 3.9 3.8 3.8 3.8 3.8 2.9 1.8 0.6 -0.6 -1.8 -2.8 -2.8 -2.8 -2.8 -2.8 -2.8 -2.8 -2.8 -2.8 -2.8 -2.8 -2.8 -2.8 -2.8 -2.8 -2.8 -2.8 -2.8 -2.8 -2.8 -2.8 -2.8 -2.8 -2.8 -2.8 -2.8 -2.8 -2.8 -2.8 -2.8 -2.8 -2.8 -2.8 -2.8 -2.8 2.1 7.5 14.7 17.5 20.5 18.2 15.5 13.7 8.4 6 6 6 6
78.7 74.4 72.5 71.8 71.1 68.6 60.5 49.7 38.1 29.9 22.9 17.7 16.8 16.9 10.2 5.5 4.8 4 3.9 3.5 3.5 3.7 4.5 4.6 4.3 4 4.1 4 3.9 3.8 3.8 3.8 3.8 3.7 2.6 1.5 0.4 -0.8 -2 -2.8 -2.8 -2.8 -2.8 -2.8 -2.8 -2.8 -2.8 -2.8 -2.8 -2.8 -2.8 -2.8 -2.8 -2.8 -2.8 -2.8 -2.8 -2.8 -2.8 -2.8 -2.8 -2.8 -2.8 -2.8 -2.8 -2.8 -2.8 -2.8 -2.8 -2.8 -2.8 -2.8 -0.5 1.9 6.9 15.2 18.7 15.9 18.5 18.9 14.8 10 8.7 6.6 5.9 5.7 5.7
78.7 72.9 69 67.3 67.9 65 57.6 47.3 35.8 26.5 18.8 16.9 14.8 12.9 6.2 4.4 4.1 4.8 3.8 3.7 3.6 3.5 3.6 4.2 4.3 3.9 4 3.9 3.8 3.8 3.8 3.8 3.8 3.3 2.3 1.3 0.1 -1 -2.1 -2.8 -2.8 -2.8 -2.8 -2.8 -2.8 -2.8 -2.8 -2.8 -2.8 -2.8 -2.8 -2.8 -2.8 -2.8 -2.8 -2.8 -2.8 -2.8 -2.8 -2.8 -2.8 -2.8 -2.8 -2.8 -2.8 -2.8 -2.8 -2.8 -2.8 -2.8 -2.8 -2.8 -0.2 2.3 11.4 18.8 17.8 13.4 16 16.1 11.1 16.8 12.5 7.2 5.9 5.8 5.6
78 70.6 66.8 63.8 63.9 61.7 52.6 44 34.6 24.6 18.6 16.4 13 8.1 4.9 4.4 4.3 3.8 3.8 3.8 3.7 3.6 3.6 3.6 3.8 4 3.8 3.8 3.8 3.8 3.8 3.8 3.8 2.9 2 1 0 -1.1 -2.2 -2.8 -2.8 -2.8 -2.8 -2.8 -2.8 -2.8 -2.8 -2.8 -2.8 -2.8 -2.8 -2.8 -2.8 -2.8 -2.8 -2.8 -2.8 -2.8 -2.8 -2.8 -2.8 -2.8 -2.8 -2.8 -2.8 -2.8 -2.8 -2.8 -2.8 -2.8 -2.8 -2.8 0.4 3.2 12.8 15.8 11.1 10 7.2 16.7 16.2 14.8 10.5 6.2 5.7 5.5 5.4
76.5 69.8 64.7 61.4 59.5 57.4 50.2 40.7 31.4 23.1 18.2 15.5 10.5 5.5 5.2 5 4.6 3.4 3.5 3.6 3.7 3.8 3.7 3.7 3.7 3.8 3.8 3.8 3.8 3.8 3.8 3.8 3.5 2.6 1.7 0.7 -0.2 -1.2 -2.2 -2.8 -2.8 -2.8 -2.8 -2.8 -2.8 -2.8 -2.8 -2.8 -2.8 -2.8 -2.8 -2.8 -2.8 -2.8 -2.8 -2.8 -2.8 -2.8 -2.8 -2.8 -2.8 -2.8 -2.8 -2.8 -2.8 -2.8 -2.8 -2.8 -2.8 -2.8 -2.8 -2.8 0.4 3.3 8.1 9.1 8.3 7.2 17.1 13.4 13.6 12.2 8.2 5.8 5.6 5.3 5.3
74.9 70.3 63.2 59.2 55.4 52.9 46.4 38.8 28.5 22.2 18.2 13.4 6.8 5.5 5.3 5 4.7 3.5 3.5 3.5 3.6 3.6 3.7 3.8 3.7 3.8 3.8 3.8 3.8 3.8 3.8 3.8 3.2 2.4 1.4 0.5 -0.4 -1.3 -2.3 -2.8 -2.8 -2.8 -2.8 -2.8 -2.8 -2.8 -2.8 -2.8 -2.8 -2.8 -2.8 -2.8 -2.8 -2.8 -2.8 -2.8 -2.8 -2.8 -2.8 -2.8 -2.8 -2.8 -2.8 -2.8 -2.8 -2.8 -2.8 -2.8 -2.8 -2.8 -2.8 -2.8 0.2 3 4.6 5.9 7.7 13.2 16.3 12 10.3 10 7.3 5.4 5.6 5.2 5.3
72.7 68.2 61.1 56.6 52.2 46.6 43.3 34.7 26.2 20.9 17 11.5 5.7 5.4 5.2 5 3.8 3.6 3.7 3.7 3.7 3.7 3.7 3.7 3.8 3.8 3.8 3.8 3.8 3.8 3.8 3.6 2.9 2.1 1.3 0.4 -0.5 -1.4 -2.3 -2.8 -2.8 -2.8 -2.8 -2.8 -2.8 -2.8 -2.8 -2.8 -2.8 -2.8 -2.8 -2.8 -2.8 -2.8 -2.8 -2.8 -2.8 -2.8 -2.8 -2.8 -2.8 -2.8 -2.8 -2.8 -2.8 -2.8 -2.8 -2.8 -2.8 -2.8 -2.8 -2.8 0 2.5 4.4 4.9 7.7 10.9 13.2 12 8.5 8.2 6.2 5.3 5.3 5.3 5.3
68.6 64.3 58.5 53.2 47.3 40.4 37.8 31.6 23.9 19.6 16 9.4 5.4 5.4 5.2 5 3.6 3.6 3.7 3.7 3.7 3.7 3.7 3.8 3.8 3.8 3.8 3.8 3.8 3.8 3.8 3.4 2.6 1.9 1 0.2 -0.5 -1.4 -2.3 -2.8 -2.8 -2.8 -2.8 -2.8 -2.8 -2.8 -2.8 -2.8 -2.8 -2.8 -2.8 -2.8 -2.8 -2.8 -2.8 -2.8 -2.8 -2.8 -2.8 -2.8 -2.8 -2.8 -2.8 -2.8 -2.8 -2.8 -2.8 -2.8 -2.8 -2.8 -2.8 -2.8 -0.2 2.3 4 4.5 5.2 9.1 13.3 13 8 5.3 5.8 5.3 5.1 5.3 5.5
61.9 58.4 54.5 49.9 43.5 36 30.8 26.9 21.5 18.7 15.2 8.2 5.5 5.2 5.1 3.7 3.6 3.7 3.7 3.7 3.7 3.7 3.7 3.7 3.8 3.8 3.8 3.8 3.8 3.8 3.8 3.2 2.5 1.7 0.9 0.2 -0.7 -1.5 -2.4 -2.8 -2.8 -2.8 -2.8 -2.8 -2.8 -2.8 -2.8 -2.8 -2.8 -2.8 -2.8 -2.8 -2.8 -2.8 -2.8 -2.8 -2.8 -2.8 -2.8 -2.8 -2.8 -2.8 -2.8 -2.8 -2.8 -2.8 -2.8 -2.8 -2.8 -2.8 -2.8 -2.8 0 2.6 4 4.7 5.3 11.6 15.2 16.5 12.4 5.4 5.2 5.1 5.4 5.6 9.4
57.4 54.5 50.3 45.4 39.3 31.8 26.1 22.7 19.7 16.5 11.7 7.8 5.3 5.1 5 4.5 3.6 3.7 3.7 3.7 3.7 3.7 3.7 3.7 3.8 3.8 3.8 3.8 3.8 3.8 3.8 3 2.3 1.5 0.8 0 -0.8 -1.5 -2.8 -2.8 -2.8 -2.8 -2.8 -2.8 -2.8 -2.8 -2.8 -2.8 -2.8 -2.8 -2.8 -2.8 -2.8 -2.8 -2.8 -2.8 -2.8 -2.8 -2.8 -2.8 -2.8 -2.8 -2.8 -2.8 -2.8 -2.8 -2.8 -2.8 -2.8 -2.8 -2.8 -2.8 0.3 3.2 4.5 5.2 5.6 15.9 17.5 21.9 23.6 14.5 7.5 5.7 5.5 6.3 13.9
55.5 51.6 45.5 39.9 33.7 27.6 23 20 18.7 15.6 10.3 4.9 5.2 5.1 5 3.6 3.6 3.7 3.7 3.7 3.7 3.7 3.7 3.7 3.7 3.8 3.8 3.8 3.8 3.8 3.6 2.9 2.1 1.3 0.6 -0.2 -0.9 -1.7 -2.8 -2.8 -2.8 -2.8 -2.8 -2.8 -2.8 -2.8 -2.8 -2.8 -2.8 -2.8 -2.8 -2.8 -2.8 -2.8 -2.8 -2.8 -2.8 -2.8 -2.8 -2.8 -2.8 -2.8 -2.8 -2.8 -2.8 -2.8 -2.8 -2.8 -2.8 -2.8 -2.8 -2.8 0.4 3.7 5.5 6.2 12.7 18.6 26.6 29.7 33.1 29.6 24.3 12.7 9.5 15.7 22
52.1 47.7 41 34.3 29 23.6 19.9 17.8 16.6 13.7 9.2 5.4 5.2 4.6 4 3.6 3.6 3.7 3.7 3.7 3.7 3.7 3.7 3.7 3.7 3.8 3.8 3.8 3.8 3.8 3.8 3 2.3 1.5 0.8 0 -0.8 -1.6 -2.8 -2.8 -2.8 -2.8 -2.8 -2.8 -2.8 -2.8 -2.8 -2.8 -2.8 -2.8 -2.8 -2.8 -2.8 -2.8 -2.8 -2.8 -2.8 -2.8 -2.8 -2.8 -2.8 -2.8 -2.8 -2.8 -2.8 -2.8 -2.8 -2.8 -2.8 -2.8 -2.8 -2.8 0.3 3.7 10.4 16.1 19.6 27.3 34.4 38.2 43.3 43.6 41.7 32.6 22.3 24.9 33.8
48.3 41.5 35.6 28.9 24.2 21.2 18.2 16.1 14.1 10.9 8.1 5.5 5.4 5 4.5 3.6 3.6 3.7 3.7 3.7 3.7 3.7 3.7 3.7 3.7 3.7 3.8 3.8 3.8 3.8 3.8 3.2 2.4 1.7 0.8 0 -0.8 -1.6 -2.8 -2.8 -2.8 -2.8 -2.8 -2.8 -2.8 -2.8 -2.8 -2.8 -2.8 -2.8 -2.8 -2.8 -2.8 -2.8 -2.8 -2.8 -2.8 -2.8 -2.8 -2.8 -2.8 -2.8 -2.8 -2.8 -2.8 -2.8 -2.8 -2.8 -2.8 -2.8 -2.8 -2.8 -0.3 2.9 17.7 24.4 30.8 38.9 41.3 44.7 49.1 54 57.2 54.4 41.1 34.8 41.8
43.4 36.9 30.7 24.3 19.5 17 15.4 14.3 12.2 9.1 5.8 5.6 5.2 5.1 4.2 3.6 3.6 3.7 3.7 3.7 3.7 3.7 3.7 3.7 3.7 3.7 3.8 3.8 3.8 3.8 3.8 3.3 2.5 1.7 0.9 0 -0.8 -1.6 -2.8 -2.8 -2.8 -2.8 -2.8 -2.8 -2.8 -2.8 -2.8 -2.8 -2.8 -2.8 -2.8 -2.8 -2.8 -2.8 -2.8 -2.8 -2.8 -2.8 -2.8 -2.8 -2.8 -2.8 -2.8 -2.8 -2.8 -2.8 -2.8 -2.8 -2.8 -2.8 -2.8 -2.8 -0.4 3 19.3 30.7 38.7 44.5 47.7 50.5 54 60.4 65.5 64.9 58 47.6 47.1
38.4 32.6 26.8 21.8 16.9 14.3 11.9 11.2 8.9 5.9 5.3 5.3 5.2 5 3.6 3.6 3.7 3.7 3.7 3.7 3.7 3.7 3.7 3.7 3.7 3.8 3.8 3.8 3.8 3.8 3.8 3.3 2.5 1.7 0.9 0 -0.8 -1.6 -2.8 -2.8 -2.8 -2.8 -2.8 -2.8 -2.8 -2.8 -2.8 -2.8 -2.8 -2.8 -2.8 -2.8 -2.8 -2.8 -2.8 -2.8 -2.8 -2.8 -2.8 -2.8 -2.8 -2.8 -2.8 -2.8 -2.8 -2.8 -2.8 -2.8 -2.8 -2.8 -2.8 -2.8 0.2 3.5 24 33.9 44.9 50.7 54.3 56.1 59.3 64.7 68.7 70.2 67 59.8 55
33.7 28 21.9 17.6 14.2 11.7 9 8.7 6.1 5.5 5.3 5.1 4.4 3.6 3.6 3.7 3.7 3.7 3.7 3.7 3.7 3.7 3.7 3.7 3.7 3.8 3.8 3.8 3.8 3.8 3.8 3.1 2.3 1.6 0.8 0 -0.8 -1.7 -2.8 -2.8 -2.8 -2.8 -2.8 -2.8 -2.8 -2.8 -2.8 -2.8 -2.8 -2.8 -2.8 -2.8 -2.8 -2.8 -2.8 -2.8 -2.8 -2.8 -2.8 -2.8 -2.8 -2.8 -2.8 -2.8 -2.8 -2.8 -2.8 -2.8 -2.8 -2.8 -2.8 -1.5 1.5 4.4 24.3 35.3 44.3 52.6 57.8 60.2 63.9 68.2 71.5 73.1 72.3 67.4 63.9
29.1 24.7 18 13.7 10.8 9.2 7.6 5.5 5.5 5.4 5.4 5.2 4.3 3.6 3.7 3.7 3.7 3.7 3.7 3.7 3.7 3.7 3.7 3.7 3.8 3.8 3.8 3.8 3.8 3.8 3.8 3 2.2 1.4 0.7 -0.1 -0.9 -1.7 -2.8 -2.8 -2.8 -2.8 -2.8 -2.8 -2.8 -2.8 -2.8 -2.8 -2.8 -2.8 -2.8 -2.8 -2.8 -2.8 -2.8 -2.8 -2.8 -2.8 -2.8 -2.8 -2.8 -2.8 -2.8 -2.8 -2.8 -2.8 -2.8 -2.8 -2.8 -2.8 -2.8 -2.8 1.8 4.9 23.1 34.7 43.5 51.9 59.4 61.6 65.8 70.3 75.5 77.3 76.5 76.2 76.7
23 19.3 14 10.3 8.9 6.5 5.5 5.4 5.3 5.3 5.2 5.3 3.6 3.6 3.7 3.7 3.7 3.7 3.7 3.7 3.7 3.7 3.7 3.8 3.8 3.8 3.8 3.8 3.8 3.8 3.8 3 2.2 1.4 0.6 -0.2 -0.9 -1.7 -2.8 -2.8 -2.8 -2.8 -2.8 -2.8 -2.8 -2.8 -2.8 -2.8 -2.8 -2.8 -2.8 -2.8 -2.8 -2.8 -2.8 -2.8 -2.8 -2.8 -2.8 -2.8 -2.8 -2.8 -2.8 -2.8 -2.8 -2.8 -2.8 -2.8 -2.8 -2.8 -2.8 -2.8 1 8 25.2 33.3 43.4 51.6 59.2 63.5 68.2 76.1 80.3 80.7 80.9 83.3 86.1
22.8 16.4 12.6 9.4 6.1 5.6 5.3 5.2 5.2 5.2 5.1 5 3.6 3.7 3.7 3.7 3.7 3.7 3.7 3.7 3.7 3.7 3.8 3.8 3.8 3.8 3.8 3.8 3.8 3.8 3.8 3 2.2 1.4 0.6 -0.2 -1 -1.8 -2.8 -2.8 -2.8 -2.8 -2.8 -2.8 -2.8 -2.8 -2.8 -2.8 -2.8 -2.8 -2.8 -2.8 -2.8 -2.8 -2.8 -2.8 -2.8 -2.8 -2.8 -2.8 -2.8 -2.8 -2.8 -2.8 -2.8 -2.8 -2.8 -2.8 -2.8 -2.8 -2.8 -2.8 -0.1 4.7 23.9 31 45.1 56.5 60.2 63.4 70.4 79.5 82 82.1 82.8 85 88.7
22.8 16.1 12 6.4 9.4 5.2 5.1 5 5 4.9 4.9 4.1 3.6 3.7 3.7 3.7 3.7 3.7 3.7 3.7 3.7 3.7 3.8 3.8 3.8 3.8 3.8 3.8 3.8 3.8 3.8 3.1 2.1 1.1 0.3 -0.5 -1.2 -2 -2.8 -2.8 -2.8 -2.8 -2.8 -2.8 -2.8 -2.8 -2.8 -2.8 -2.8 -2.8 -2.8 -2.8 -2.8 -2.8 -2.8 -2.8 -2.8 -2.8 -2.8 -2.8 -2.8 -2.8 -2.8 -2.8 -2.8 -2.8 -2.8 -2.8 -2.8 -2.8 -2.8 -2.8 -2.8 2.7 19 27 37.6 50.1 56.8 59.8 64.9 73 78.1 80.7 81.3 83.7 88.3
23 16 10.4 5.2 5.4 5.2 4.9 4.8 4.8 4.6 4.6 3.6 3.7 3.7 3.7 3.7 3.7 3.7 3.7 3.7 3.7 3.8 3.8 3.8 3.8 3.8 3.8 3.8 3.8 3.8 3.8 3.6 2.5 1.5 0.4 -0.6 -1.7 -2.8 -2.8 -2.8 -2.8 -2.8 -2.8 -2.8 -2.8 -2.8 -2.8 -2.8 -2.8 -2.8 -2.8 -2.8 -2.8 -2.8 -2.8 -2.8 -2.8 -2.8 -2.8 -2.8 -2.8 -2.8 -2.8 -2.8 -2.8 -2.8 -2.8 -2.8 -2.8 -2.8 -2.8 -2.8 -2.8 0.5 5.4 21.5 27.7 36.6 42.5 46.6 52.8 60.4 66.8 71 72 74.1 80.3
22.4 14.1 8.1 7.5 4.8 4.7 4.7 4.8 4.7 4.5 3.9 3.6 3.7 3.7 3.7 3.7 3.7 3.7 3.7 3.7 3.8 3.8 3.8 3.8 3.8 3.8 3.8 3.8 3.8 3.8 3.8 3.8 3 1.9 0.7 -0.5 -1.8 -2.8 -2.8 -2.8 -2.8 -2.8 -2.8 -2.8 -2.8 -2.8 -2.8 -2.8 -2.8 -2.8 -2.8 -2.8 -2.8 -2.8 -2.8 -2.8 -2.8 -2.8 -2.8 -2.8 -2.8 -2.8 -2.8 -2.8 -2.8 -2.8 -2.8 -2.8 -2.8 -2.8 -2.8 -2.8 -2.8 -2.8 3 14.4 16.8 21.5 24.9 27.1 29.7 37.7 48.7 55.3 55.8 59.6 61.8
21 13 6.2 5.2 5.2 4.9 4.8 5.2 5.2 4.6 3.6 3.7 3.7 3.7 3.7 3.7 3.7 3.7 3.7 3.8 3.8 3.8 3.8 3.8 3.8 3.8 3.8 3.8 3.8 3.8 3.8 3.8 3.2 1.9 0.5 -0.9 -2.8 -2.8 -2.8 -2.8 -2.8 -2.8 -2.8 -2.8 -2.8 -2.8 -2.8 -2.8 -2.8 -2.8 -2.8 -2.8 -2.8 -2.8 -2.8 -2.8 -2.8 -2.8 -2.8 -2.8 -2.8 -2.8 -2.8 -2.8 -2.8 -2.8 -2.8 -2.8 -2.8 -2.8 -2.8 -2.8 -2.8 -2.8 -2.8 -2.8 -2.8 5.1 5 4.8 7.9 17 25.1 32.9 35.7 39.4 42.9
20.6 12.1 8.8 5.2 5.1 5 5 4.5 5.1 3.9 3.6 3.7 3.7 3.7 3.7 3.8 3.8 3.8 3.8 3.8 3.8 3.8 3.8 3.8 3.8 3.8 3.8 3.8 3.8 3.8 3.8 3.8 3.4 1.9 0.3 -1.2 -2.8 -2.8 -2.8 -2.8 -2.8 -2.8 -2.8 -2.8 -2.8 -2.8 -2.8 -2.8 -2.8 -2.8 -2.8 -2.8 -2.8 -2.8 -2.8 -2.8 -2.8 -2.8 -2.8 -2.8 -2.8 -2.8 -2.8 -2.8 -2.8 -2.8 -2.8 -2.8 -2.8 -2.8 -2.8 -2.8 -2.8 -2.8 -2.8 -2.8 -2.8 -2.8 -2.8 -2.8 -2.8 -2.8 -2.8 17.6 19.3 22.3 27.2
20.7 12.5 7.2 5.2 5 4.8 4.7 4.7 4.4 3.6 3.7 3.7 3.7 3.7 3.8 3.8 3.8 3.8 3.8 3.8 3.8 3.8 3.8 3.8 3.8 3.8 3.8 3.8 3.8 3.8 3.8 3.8 3.3 1.8 0.1 -1.4 -2.8 -2.8 -2.8 -2.8 -2.8 -2.8 -2.8 -2.8 -2.8 -2.8 -2.8 -2.8 -2.8 -2.8 -2.8 -2.8 -2.8 -2.8 -2.8 -2.8 -2.8 -2.8 -2.8 -2.8 -2.8 -2.8 -2.8 -2.8 -2.8 -2.8 -2.8 -2.8 -2.8 -2.8 -2.8 -2.8 -2.8 -2.8 -2.8 -2.8 -2.8 -2.8 -2.8 -2.8 -2.8 -2.8 -2.8 -2.8 -2.8 6.9 12.6
18.6 12.2 5.2 5.1 5 4.7 4.7 4.2 4.7 3.6 3.7 3.7 3.7 3.8 3.8 3.8 3.8 3.8 3.8 3.8 3.8 3.8 3.8 3.8 3.8 3.8 3.8 3.8 3.8 3.8 3.8 3.2 1.9 0.9 -0.6 -2 -2.8 -2.8 -2.8 -2.8 -2.8 -2.8 -2.8 -2.8 -2.8 -2.8 -2.8 -2.8 -2.8 -2.8 -2.8 -2.8 -2.8 -2.8 -2.8 -2.8 -2.8 -2.8 -2.8 -2.8 -2.8 -2.8 -2.8 -2.8 -2.8 -2.8 -2.8 -2.8 -2.8 -2.8 -2.8 -2.8 -2.8 -2.8 -2.8 -2.8 -2.8 -2.8 -2.8 -2.8 -2.8 -2.8 -2.8 -2.8 -2.8 -2.8 -2.8
18.1 11 5.3 5.1 5 4.8 5 3.6 3.6 3.7 3.7 3.7 3.7 3.8 3.8 3.8 3.8 3.8 3.8 3.8 3.8 3.8 3.8 3.8 3.8 3.8 3.8 3.8 3.8 3.8 3.6 1.8 0.4 -0.7 -2.8 -2.8 -2.8 -2.8 -2.8 -2.8 -2.8 -2.8 -2.8 -2.8 -2.8 -2.8 -2.8 -2.8 -2.8 -2.8 -2.8 -2.8 -2.8 -2.8 -2.8 -2.8 -2.8 -2.8 -2.8 -2.8 -2.8 -2.8 -2.8 -2.8 -2.8 -2.8 -2.8 -2.8 -2.8 -2.8 -2.8 -2.8 -2.8 -2.8 -2.8 -2.8 -2.8 -2.8 -2.8 -2.8 -2.8 -2.8 -2.8 -2.8 -2.8 -2.8 -2.8
18 11.1 5.3 5.1 5 4.9 5.1 4.2 3.5 3.6 3.6 3.7 3.7 3.8 3.8 3.8 3.8 3.8 3.8 3.8 3.8 3.8 3.8 3.8 3.8 3.8 3.8 3.8 3.8 3.5 2.3 0.7 -1 -2.8 -2.8 -2.8 -2.8 -2.8 -2.8 -2.8 -2.8 -2.8 -2.8 -2.8 -2.8 -2.8 -2.8 -2.8 -2.8 -2.8 -2.8 -2.8 -2.8 -2.8 -2.8 -2.8 -2.8 -2.8 -2.8 -2.8 -2.8 -2.8 -2.8 -2.8 -2.8 -2.8 -2.8 -2.8 -2.8 -2.8 -2.8 -2.8 -2.8 -2.8 -2.8 -2.8 -2.8 -2.8 -2.8 -2.8 -2.8 -2.8 -2.8 -2.8 -2.8 -2.8 -2.8
17.8 8.8 5.2 5.1 5 4.9 4.9 4.9 3.4 3.5 3.6 3.6 3.7 3.8 3.8 3.8 3.8 3.8 3.8 3.8 3.8 3.8 3.8 3.8 3.8 3.8 3.8 3.3 2.7 1.9 0.8 -0.7 -2.8 -2.8 -2.8 -2.8 -2.8 -2.8 -2.8 -2.8 -2.8 -2.8 -2.8 -2.8 -2.8 -2.8 -2.8 -2.8 -2.8 -2.8 -2.8 -2.8 -2.8 -2.8 -2.8 -2.8 -2.8 -2.8 -2.8 -2.8 -2.8 -2.8 -2.8 -2.8 -2.8 -2.8 -2.8 -2.8 -2.8 -2.8 -2.8 -2.8 -2.8 -2.8 -2.8 -2.8 -2.8 -2.8 -2.8 -2.8 -2.8 -2.8 -2.8 -2.8 -2.8 -2.8 -2.8
17.3 8.5 4.9 4.9 4.9 5 4.9 3.8 3.5 3.6 3.7 3.8 3.8 3.8 3.8 3.8 3.8 3.8 3.8 3.8 3.8 3.8 3.8 3.8 3.8 3.8 3.8 3.6 1.4 0.7 -0.5 -2.8 -2.8 -2.8 -2.8 -2.8 -2.8 -2.8 -2.8 -2.8 -2.8 -2.8 -2.8 -2.8 -2.8 -2.8 -2.8 -2.8 -2.8 -2.8 -2.8 -2.8 -2.8 -2.8 -2.8 -2.8 -2.8 -2.8 -2.8 -2.8 -2.8 -2.8 -2.8 -2.8 -2.8 -2.8 -2.8 -2.8 -2.8 -2.8 -2.8 -2.8 -2.8 -2.8 -2.8 -2.8 -2.8 -2.8 -2.8 -2.8 -2.8 -2.8 -2.8 -2.8 -2.8 -2.8 -2.8
16.4 6.8 5 5 4.8 5.1 5.1 3.7 3.8 3.9 4 3.7 3.9 3.8 3.8 3.8 3.8 3.8 3.8 3.8 3.8 3.8 3.8 3.8 3.8 3.8 3.8 3.8 1.7 -0.4 -1.5 -2.8 -2.8 -2.8 -2.8 -2.8 -2.8 -2.8 -2.8 -2.8 -2.8 -2.8 -2.8 -2.8 -2.8 -2.8 -2.8 -2.8 -2.8 -2.8 -2.8 -2.8 -2.8 -2.8 -2.8 -2.8 -2.8 -2.8 -2.8 -2.8 -2.8 -2.8 -2.8 -2.8 -2.8 -2.8 -2.8 -2.8 -2.8 -2.8 -2.8 -2.8 -2.8 -2.8 -2.8 -2.8 -2.8 -2.8 -2.8 -2.8 -2.8 -2.8 -2.8 -2.8 -2.8 -2.8 -2.8
14.9 5.3 5.2 5 4.9 5.1 5 4 3.9 3.7 3.8 4 3.9 3.8 3.8 3.8 3.8 3.8 3.8 3.8 3.8 3.8 3.8 3.8 3.8 3.8 3.8 3.8 2 -0.3 -2.8 -2.8 -2.8 -2.8 -2.8 -2.8 -2.8 -2.8 -2.8 -2.8 -2.8 -2.8 -2.8 -2.8 -2.8 -2.8 -2.8 -2.8 -2.8 -2.8 -2.8 -2.8 -2.8 -2.8 -2.8 -2.8 -2.8 -2.8 -2.8 -2.8 -2.8 -2.8 -2.8 -2.8 -2.8 -2.8 -2.8 -2.8 -2.8 -2.8 -2.8 -2.8 -2.8 -2.8 -2.8 -2.8 -2.8 -2.8 -2.8 -2.8 -2.8 -2.8 -2.8 -2.8 -2.8 -2.8 -2.8
13.2 5.5 5.3 5.2 5.2 5.1 4.9 3.7 3.8 4 4 4 3.9 3.8 3.8 3.8 3.8 3.8 3.8 3.8 3.8 3.8 3.8 3.8 3.8 3.8 3.8 3.8 2.3 0.1 -2.8 -2.8 -2.8 -2.8 -2.8 -2.8 -2.8 -2.8 -2.8 -2.8 -2.8 -2.8 -2.8 -2.8 -2.8 -2.8 -2.8 -2.8 -2.8 -2.8 -2.8 -2.8 -2.8 -2.8 -2.8 -2.8 -2.8 -2.8 -2.8 -2.8 -2.8 -2.8 -2.8 -2.8 -2.8 -2.8 -2.8 -2.8 -2.8 -2.8 -2.8 -2.8 -2.8 -2.8 -2.8 -2.8 -2.8 -2.8 -2.8 -2.8 -2.8 -2.8 -2.8 -2.8 -2.8 -2.8 -2.8
