Assets/StreamingAssets/GeoData/Data/sd/SD49.asc
ncols 200
nrows 200
xllcorner 340000
yllcorner 490000
cellsize 50
[rows 144 to 179 of 200, columns 79 to 157 of 200]
121 133 142.1 143.8 146.3 147.5 149.1 159.1 171.5 180.9 191.1 197.6 201.5 199.8 200.9 199.6 191.8 187.6 185.7 178.4 171.9 162 152.5 144.4 138.1 132.1 125 120.4 113.7 108.7 104.4 101.4 102.8 105.3 104.5 92.1 81.7 77.6 76.1 66.3 49.7 43.3 44.8 37.7 31.9 32.9 31.4 31.7 34.4 36.6 44.6 55.6 66.9 65.7 61.2 60.6 66 71.6 69.7 68.7 59.8 52.3 43.9 41.9 47.4 53.6 60.6 66.8 75.5 81.4 82.5 83.7 88.4 89.8 90.3 89.9 91 94.4 95.4
121.2 127.4 128.6 130.1 134 134.7 142.2 153 163.4 175.4 183.1 192.4 194.9 199.5 199.2 196.1 187.1 181.3 179 173.4 163.7 157.6 151.4 145 137.9 132.4 126.9 120.1 113.5 109.7 107.6 98.9 93.9 94.9 92.8 89.4 84.1 80.8 74.9 60.3 48.9 48.9 46.6 41 31.5 30.5 29.7 31.3 37.3 42.8 47.6 52.5 61.6 60.6 61.1 62 67.5 74.3 71 71.3 61.6 54.2 46.2 38.9 47.9 54.2 64.5 70.6 80.6 86.2 84 91.9 92.7 90.9 93.3 93.5 90.1 93.6 96
113.3 115.2 118.5 121.6 123.9 128.6 136.5 149.5 163.6 171.2 177.4 185.3 187.7 187.8 191.3 191.1 187.4 180 177 173.7 170.8 166.4 157.7 148.3 141 131.5 125.6 119.4 115.5 109.1 101.4 96.1 91.5 90.9 90.4 90.9 81.9 75.1 67.2 58.1 47.6 47.4 45.5 38.7 32.6 32 28.6 33.5 41.7 43.4 43 45.3 55.3 55 56.5 59.6 65.8 71.6 68.4 72.5 63.8 54 45 37.9 48.2 56.3 67.5 77.4 90.6 90.3 92.3 95 96.5 97.9 97.9 95.8 91.2 95.1 95.6
106.3 107.4 110.4 115.5 118.7 125.7 130.9 145.2 159.4 166 166.8 177 176.6 176.6 179.2 183.2 183.4 182.8 183.9 189.1 183.7 169.4 158.4 148.2 138.6 130 122.8 116.9 112 107.6 101.8 95.3 92.9 90.3 91.5 90.5 79.1 70.2 64.4 51.6 49 46 40.5 37.8 33.9 31.5 28.8 33.5 40.3 40.4 42.1 45.2 50.4 48.3 48.7 53.9 59.7 65.1 64.6 69.7 65.8 53.1 40.6 37.2 47.7 57.7 70.7 84.7 92.5 85.6 91.8 98.2 102.5 100 100.2 96.9 92.4 92.8 94.6
104.2 101.5 102.7 107.1 111.1 118.5 131.3 142.6 145.5 153.8 160.7 164.4 162.6 165.8 174.7 175.7 184.7 190 194 190.5 180.6 169.4 156 145.8 136 127.3 120.4 114.2 110.9 107.1 102.5 98.4 96.2 90.5 86.7 82.7 76.1 66.5 55.8 47.6 46.5 42.8 39.9 38.1 34.6 31.2 28.1 30.4 36.6 39.8 42.1 43.3 43.2 42 44.5 47.7 52.3 56.5 57.2 61.1 58.9 48.9 39.5 36.4 46.2 58.5 72.6 78 84.1 86.2 91.2 100.1 106 105.9 99.5 97.9 93.4 91.1 93.1
99.1 97 96.6 99.4 105.1 115 126.4 129.7 141.9 149.8 151 148 149.7 159.2 164.8 176.3 191.4 187.1 183.1 180 173.8 165.1 155.9 143.5 135.2 126.9 119.5 115.8 112.4 111.7 109.9 105.4 99.7 90.8 80.5 75.8 68.4 58.9 50.7 45.5 42.8 40.5 38.6 34.8 33.9 30.3 27.7 28.6 35.2 39.5 41.2 40.4 40.9 42.3 43.9 47.2 48.5 46.1 44.8 49.1 46.8 42 35.5 38.3 44.1 54 65.1 75.6 80 85.8 88.9 101.2 108.2 104.7 99.3 95 94.1 89.6 90.8
94.7 93.3 93 95.4 101.2 106.7 114.2 124 134.8 134 138.6 145.2 142.9 152 158.3 171.3 176.3 175.4 172.6 173.8 170.2 163.8 152.1 139.9 131.1 124.7 122.1 119.9 117.6 118.7 116.1 110.2 98.6 85.1 75.5 68.9 61.1 53.2 48 43.1 41.3 40 35.9 33.7 33.3 30.7 27.9 27.9 35 38 39.1 37.7 39.8 41 41.8 45.1 45.8 36.9 35 35 33.1 35.2 39.8 41.6 40.2 49.4 63.4 72.9 78.1 81.9 86.9 99.5 105.3 102.1 95.9 94 91.3 88.8 89.6
92.8 92.8 93.2 92.8 96.3 100.9 110.1 116.5 122.3 129.3 132.7 132.9 137.6 146.9 146.8 155.4 166 169.3 163 163.2 160.6 151.8 143.9 136.8 133 132.6 127.9 128 123.6 121.3 115.2 109.1 97.9 85.7 74.3 62.7 55.5 49.6 45.5 42.8 39.9 38.1 35.1 34.9 36.2 33.5 28.2 25.5 32.2 37.9 38.5 35.7 38.5 41.6 40.5 43.3 40.7 33.7 32.3 31.4 37.4 39.7 41.5 42 40.2 46.7 55.7 69.5 75.1 79.7 83.7 95.2 100.2 97.6 94.7 93.2 87.1 90.6 91.2
90.7 90.3 93.4 90.9 93 96.2 101.8 109.4 114.8 119.8 122 127.3 132.3 134.1 142.7 150.5 154.3 154 149.7 146.4 144.2 142.9 143.7 139.1 134.4 131.6 131.6 130.1 123.3 119.3 115.8 106.7 97 84.9 70.5 59.6 53.2 49.1 46.7 43.8 39 37.1 36.2 39 39.4 37.9 30.8 24.7 28.7 34.2 32.9 32.8 38.6 40.4 39.6 40.7 36.4 31.9 30.7 30.9 36.6 41.2 43.3 41.6 37.2 41.9 54.6 65.7 71.6 75 80.7 88.5 94.5 92.2 91 89.7 86.8 90.6 90.5
88.4 90.8 90.1 88.7 88.4 91.4 94.9 102.8 105.6 108.6 115.8 120.5 123.8 131.5 136 139.2 139.6 139.6 141.6 144.3 145.4 147.6 149.7 144.7 136.5 132.5 131 126.6 121.6 118.1 109.3 102.6 98.1 87.5 75 65.8 56.3 49.3 46.4 43.2 38.3 37 37.9 43.5 38.6 38.1 33 24.9 24.2 28.4 28.4 34.6 38.2 39 39 37.3 35.2 31.8 28.3 33.4 37 42.4 43.5 42.4 39.3 37.8 50.9 60.5 67.6 72.1 76.5 85.6 90.7 89.7 88.2 88 84.2 89 89.2
88.8 87.6 85.5 86.4 86.1 88 92 95.1 99.4 107.8 114.2 117.6 122.2 126.9 130.7 134.1 134.4 139.9 143.6 149.5 155.9 160.2 152.8 144.4 139.4 135.8 131.1 127.2 120.7 115.1 110.9 104.2 95.8 86.2 80.4 67.7 54.3 49.2 47.1 46 40.3 36.9 37.5 37.1 36.9 33.6 29.6 24 21.7 25.3 30.2 33.9 36.6 39.5 38.9 36.1 35.5 30.7 27.5 31.9 37.4 42 42.8 42.5 41.4 37.2 45.3 55.6 63.4 72.6 79 83.7 87 86 82.4 85.3 84.5 87.1 87.8
85.4 84.9 82.4 81.9 80.5 82.7 85 89.2 96 104.7 110.8 117.7 123.2 130.2 132.6 136.2 139.5 145.4 153.2 164.2 166.6 162.1 152.2 145.1 142.1 136 131.3 126.7 123 121 114.1 107.1 101.7 92 83.3 66.8 53.3 47.4 48.3 46.6 41.7 35.2 36.6 36.3 33.9 31.3 27.7 21.9 19.5 22.9 30 32.4 37 39 36.7 34.5 33.5 28.7 26.2 29.8 37 40.3 42 44 42.3 37.4 41.1 49 61.1 72.9 77.3 79.9 82.4 81 78.7 81.7 84.6 87.8 89.6
79.6 81.7 79.7 78 75.8 76.7 79.8 85.7 91.1 100.9 111.1 118.2 126.4 130.2 136.2 143.1 154.2 161.9 166.3 168.9 162.8 156 150.9 149.3 141.7 137.6 133 132 130.4 123.6 113.6 110.5 105.2 93.4 80.2 61.2 53.1 47 47.7 45.9 42.9 35.6 35.9 35.6 33.6 27.2 25.1 21.3 19.3 23.3 28.3 31.2 37.8 37.6 34.4 32.7 30.3 27.2 26.6 29 36.1 38.3 40.6 42.7 42.2 37.2 37.9 45.5 55.6 68.7 71.6 74.3 76.7 77 78 83 84.6 87.3 90.4
75.4 77.7 78.1 74.3 72.3 72.4 77.7 82.7 87.9 102.8 114.2 122.6 133.5 142.6 149 156.9 169.8 179.5 169.8 165.6 158.4 155.3 152.1 148.3 145.5 141.5 139.5 136.7 130.6 120.5 119.4 118 106.3 86.7 73.6 61.6 53.4 47.7 46.4 44.4 42.4 36.4 36.7 35.7 33.6 31.8 30.3 21.2 18.9 20.8 27.1 32.1 35.2 33.7 31.9 30.1 28.1 26.2 26.7 33.5 35.9 35.7 40.6 41.9 43.4 39.3 35.8 42.4 48.1 61.2 64.9 68.5 72.4 74.8 78.9 81.8 83.1 88.3 89.6
77.3 74.5 73.7 71.6 70.8 71 74.2 80.1 89.1 100.9 115 129.2 144.9 154 158.9 166.4 179.6 173 163.4 162 158.2 156.2 154.9 153.5 155 151.3 146.2 139.8 129.6 126.7 125.3 115.8 97.5 85.7 73.2 60.6 52.4 45.7 44.7 42.3 41 37 35.5 37 34.3 30.4 26.9 22.2 19.9 18 27.5 31.2 31.5 32.6 29.4 27.6 24.8 25.4 33.8 31.9 33.1 35.6 40.4 43.3 42.7 39.5 35.2 35.8 42.8 55.4 62.9 68.2 74.6 76.9 78.6 80.7 81.9 85.6 85.4
76 72.5 69.8 69.4 69.6 69.8 71.6 76.6 86.4 98 109.4 126.1 141.5 156.1 162.5 165.2 170.5 171.6 163.1 160.5 161.5 161.6 160.7 164.3 163 155.9 146.6 137.1 135.7 128.1 118.5 106.6 95.4 82.6 70.1 58.2 50.7 43.3 41 39.9 38 37.1 34.2 38.3 38.4 30.1 27.6 27.5 25.4 20 24 28.7 27.3 28.4 27.3 24.2 22.6 25 29.3 30 31.5 36.8 41.2 43.4 42.5 38.9 34.9 34.8 38 50.2 62.9 71.3 71.8 74.5 76.6 78.8 79.8 81.5 86.4
71.1 71.6 67.8 67.8 69 69.1 71.3 75.1 83.2 91.4 101.4 120.1 138.5 152.4 158.5 162.1 165.6 168 157.4 161.2 167.8 173.9 175.2 173.6 165.6 158 143.8 143.4 134.3 120.8 107.8 100.1 89.8 76.6 65 54.6 47.4 41 38.2 39.6 34.9 34.5 35.2 38.6 38.3 33.1 32.9 31.9 30.2 23 18.9 25.2 24.1 28 25.6 20.3 23.5 23.8 27.9 27.7 33 37.4 41.3 43.7 39.9 38.2 34.8 34.7 38.1 48.8 62.8 68.6 70.4 70.3 75.2 77.5 77.4 79.7 84.9
65.5 67.8 67.9 66.8 66.6 68.6 69.5 72.5 77.3 86.1 96.7 112.5 129.5 144.9 156.6 160.7 157.6 153.6 159.4 168.6 178.1 185 179.8 171.6 158.9 152.1 145.1 137.2 124.8 112 105.7 100.3 87 77.4 68.1 55.3 46.1 36.6 35.6 37.2 31.7 30.9 34.6 36.5 37.3 36.6 34.7 28.9 27.8 19.8 15.5 21.5 23.7 25.3 20.1 21.6 22.1 23 24.6 24.9 30.3 34.8 40.2 39.6 37.7 35.2 34.7 34.4 35.4 44.9 55.2 63.2 68.3 69.4 78.5 75.9 74 79.4 78.6
67.2 62.8 67.3 65.3 64.4 66 66.8 68.2 72.5 80.2 90.7 103.5 116.4 132.6 147.4 148.1 151.2 159 162.6 164 165.1 170.8 170 166.6 160.6 149.6 141.6 131 119.4 115.1 104.6 92.6 85.2 76.6 65.6 53.7 47.4 37.4 32.9 33.4 29.9 27 30.1 33.6 37.3 35.1 29.1 28.5 24.9 20.4 14.7 18.7 22.9 20.7 21.6 21.8 22.8 23 24.4 26.5 28.9 34.3 37.5 39.3 36.3 35.2 34.9 34.6 34.9 41.1 51.6 60 64.8 66.8 74.8 72.6 76.5 79.1 78.2
68.9 60.3 63.1 61.8 62.2 62.4 64.5 68.4 73.2 77.8 87.6 97.6 112.5 125.6 136.4 147.6 154.3 158.3 151.9 149.4 152.9 159.4 164 160.2 153.5 145.7 142.9 132.9 127.3 118.9 106 93.7 83.9 77.6 64 54 45.2 37.2 31.1 30.4 28 25.2 25.8 30 34 32 31.4 29 21.6 19 15.1 15.6 19.2 19.1 24.5 27.8 28.6 26.1 26.7 27.7 28.6 32.2 33.6 33.2 35.4 34.4 36.3 34.6 34.6 39.5 49.1 58.1 61.9 63 70.3 70.7 76.7 78.9 76.2
68.9 58.9 58.3 59.5 60 61.6 64.3 68.6 73.3 79 83.2 94.2 111.1 121.5 133.5 145.2 148.9 148.8 151.5 143.7 148.4 150.3 153.7 153.8 150.8 147.6 143.9 134 125.6 112.4 105.7 94.1 79.6 75 70.5 59 46.9 37.3 34 32.6 27.7 24.7 23.3 28 31.5 34.2 31.5 25.4 21.9 18.6 15.2 13.2 17 23.6 28.6 34.2 34.4 31.6 27.9 28.2 28.6 29.9 30.4 32.4 32.1 36 37.6 34.8 34.8 38.6 45 53.6 60.9 60.6 66.9 71.1 78.8 78.6 74.8
65.5 58.5 57.1 57.8 61.2 61.6 62 66.5 72.8 77.4 80.4 89.9 105.6 116.5 127.8 136 147.3 146.9 140.6 139.5 142.7 152.4 161.2 154.4 143.2 138.1 134.3 126.5 125 111.5 97.4 82.8 75.6 79.2 76.3 59.6 46 42.6 37.3 33.5 30.2 29.2 22.5 24.1 27.9 34.4 28.7 26.7 23.5 19.6 15.5 11.8 17.7 24.9 31.4 39.6 41.8 36.7 31.8 27.5 28 28.5 29.8 31.2 32.5 36.4 39.6 34.7 34.6 36.6 42.2 49.6 58 60.3 66.4 73.2 76.9 76.8 73.9
60.5 57.7 56.7 55.6 61 59 59.2 63.5 68.3 72 78.5 84.4 98.7 108.2 119 128.5 141.9 142.7 135.2 134.1 144.5 160.4 153.3 141.5 129.9 123 121.3 122.9 116.9 103.9 93.6 81.4 74.6 80.5 76.8 54.9 48.5 43.2 37.3 38.1 31.2 26.3 21.5 20.7 29 35.1 30.5 27.6 24.2 21.3 18.7 13.2 18 24.4 30.9 39.7 47.1 40 33.7 27.5 26.8 26.6 27.3 32.3 34.9 36.8 38.8 34.3 34 36.1 40.6 43.7 52.2 55.2 63.6 70.7 76 75.4 73.5
56.4 57.3 57 55.2 56.1 56.4 59.1 59.9 63.7 68.7 77 83 94.3 103.9 114.6 126.4 131.5 124.3 131.5 133.9 147.3 148.7 142.6 129.6 118.9 113.7 111.5 110.1 107.5 102.6 93.6 79.7 75 75.9 64.2 57.1 49 43.9 39.6 35 27 25.4 22.3 20.2 29.3 35.9 30.5 26.4 22 23.4 18.7 13.4 14.9 22 28.1 35.8 43.1 40.8 33.5 26.9 25.6 25.3 26.6 33.3 35.2 35.9 40.1 35.1 33.5 35.7 39.9 43.1 46.1 52.5 63 65.6 73.5 72.3 68.8
52.7 55.5 56.3 54 53.6 56.5 55.6 56.8 61 67.2 74.7 80 88.9 95.7 105.4 120.5 117.4 125.9 132.4 135.7 138.4 138 131.9 121.7 116 104.4 101.5 98.2 105.5 100.7 93.6 80.8 69.3 67.3 65.4 58.6 50.1 44.5 36.3 29.1 24.3 25.7 22.9 18.5 27.3 34.7 31.1 23.8 23.1 22.4 18.6 13.8 13 18.8 24.2 30.3 36.2 38.8 32.6 23.8 24.6 24.7 27.8 33.6 34.5 35.7 39.5 36 33.7 36.1 36.5 43.9 42.9 46.6 57.5 63.5 68.7 67.3 71.5
48.6 51.9 51.3 48.4 50.1 52.4 54.1 55.9 61.3 67.2 72 74.4 79.3 85.9 95.4 105.3 118 128 133.6 133.1 132.1 128.1 119.9 113.7 105.5 94.8 93.2 96.8 99.3 95.1 85.5 75.9 64.7 62 61.7 57.8 48.8 40.1 30.7 26 21.7 23.9 21.7 16.8 26.2 33.5 31 24.5 23.4 20.9 17.9 12.4 8.8 14.5 19.5 24.4 28.2 30.3 28.7 23.7 25.4 25.4 30 34.6 32.6 34.2 38 35.4 34.1 34.1 36.3 41.7 40.9 45.5 54.1 64.6 70.7 64.4 69.5
44.2 44 44.3 45.2 49.1 52.1 53.9 53.9 56.2 61.3 65.4 68 71.3 80.4 90.9 107 117.7 126.3 130.8 125.5 120.4 113.5 108.2 105.7 96.8 86.6 84.4 87.7 89.9 88.6 77.6 67.2 60.8 59.5 59.7 51.5 43.7 35.3 27.8 22 18.2 22.1 19.5 16.4 23.8 30.9 30.3 23.8 23.4 17.3 14.6 11.8 9.5 8.9 13.8 16.5 17.5 19.8 25.2 25.7 22.6 25.9 29.4 34.7 28.9 33.1 36 34.5 32.4 33.7 37 41.1 39.2 45.3 54.3 58.8 67.8 62.8 66.1
36.6 40.2 45 46 47.8 49.6 51.8 50.9 51.2 54.8 58.6 60.8 66.7 78 87.3 102.3 111 118.1 117.8 116.6 114.6 110.1 98.8 92.8 85.5 78.8 74.1 74.9 77 78.1 70.2 63.4 56.5 55.1 54.1 46 37.6 31.3 25.3 19.8 16.4 18 16.3 14.9 19.1 28.2 28.8 24.8 20.3 15.6 11.2 8.9 9.2 9.2 8.8 12.4 16.6 21.2 26.2 24.4 21.7 26.5 29.2 30.2 27.9 32.1 34.2 31.5 32.7 34.8 35.2 37.6 37.8 46.1 54.2 54.6 56.8 64.9 65.9
38.4 40.4 41.3 43.3 45.6 47.4 47.4 48.4 48.3 50 53.1 55.6 60.6 72 79.6 90.6 101.9 110.7 114.3 113.9 110.8 100.2 88.9 83.8 75.5 69.3 62.5 65.1 72.3 69.5 69 62.6 52.9 51.5 47.4 41.7 33.9 28.9 24.5 19.9 14.4 14.9 13.9 14.6 19.7 25.7 25.8 21.7 17.5 13.8 9.5 8.2 8.6 8.7 8.3 11.1 18.1 22.2 24.8 21.2 22.7 25.8 26.7 26 25.1 30.2 30.2 32.3 34.3 36.7 36.7 36 37.1 42.8 52.1 53.4 59.6 67.6 68.2
34.7 34.8 39.5 41 42.1 43.5 44.3 45.3 45.3 45.3 51.7 51.2 55.6 66.4 71.6 75.5 88.4 98.9 102.7 104.4 99.7 91.6 80.1 70.5 64 61.8 60.8 62 65.1 63.5 63.6 57.8 50.5 49.3 44.3 37.4 29.8 27.6 26.4 21.4 14 12.4 12 11.8 19.5 24.3 21.9 19.6 16.9 11.9 8.3 7.7 8.4 8.5 8.5 9 19 23 24.5 20.3 22.4 24.1 25.5 21.7 24.4 27.2 27.6 37.6 39.7 39.5 37.9 36.5 36.6 40.8 51 51.5 61.6 68.6 65.5
31.6 36 39 40.5 39.3 40.5 42.9 42.4 42.2 41.8 43.9 47 49.3 57 61.1 66.9 76.2 84.1 86.2 89.8 89.5 82.1 73.8 67.5 67.5 68.2 64.9 61.6 55.1 54.8 53.1 47.6 44.5 45.5 41.3 32.4 25.3 26.3 26.5 22.2 14.9 11.5 10.5 10.2 17.8 21.7 18.7 16.5 14.7 11 8.9 7.5 8 8.6 8.3 8.3 18 22 22.8 17.8 19.7 21.7 20.8 20.3 21.5 22.9 34.4 40.5 45.9 43 39.6 37.8 36.3 38.7 48.2 50.2 60.3 60.3 58.5
33.2 37.1 39.2 38.4 38.8 42.9 46.4 45.1 43.6 41.2 38.3 40.3 42.4 45.7 52.7 57.8 63.7 67.3 72.2 78.1 79.3 77.4 70.8 68 71.7 67.5 59.5 53.5 47.3 46.2 41.2 38.6 36.7 40.9 38 26.5 20.5 23 26.1 24.1 15.3 11.2 9.1 12.1 15.5 20 17.4 16.8 15.5 11.2 9.6 7.9 9 9.2 8.1 8.3 15.1 21.3 22.7 20.7 16.5 18.1 19.5 18.9 21.1 28.3 35 41.5 47.7 45.5 41.9 40 38.4 38.1 40.5 47.3 47.1 50.7 67
33.5 33.6 34.5 37.5 39.5 45.3 51.9 52.2 48 44.1 38.2 34.4 35.5 38.3 43.9 46.9 49 54.8 60 67.3 70.8 69.2 64.8 64.4 64.5 60.5 55.7 49.2 43.4 36.9 34.9 32.4 28.3 32.2 31.7 21.8 16.8 16.7 20.2 20.3 14.8 8.9 8.3 12.8 15.6 19.2 15.8 18.2 20.7 17.6 13.4 9.1 13 9.8 8.1 8.1 12.6 22.9 22.5 20.5 14.6 13.2 16.9 16.6 22.6 26.4 33.4 41.3 45.8 45 42.2 41.5 40.8 39.8 41 54.5 52.3 59.4 70.1
30.7 32.4 33.3 34.3 39.3 44.8 53.6 58.9 54.3 47.2 39.6 30.9 30.6 32.8 34.2 37.3 40.9 44.6 50.1 55.6 59.2 58.7 57.8 56.6 55.7 55.2 51.8 47.3 38.5 32 32 25.4 20.6 22 23.5 17.9 12.8 13.2 13.4 13.8 11.6 7.5 9.3 12.3 14.9 15.7 15.2 21.1 25.9 21.7 17 13.1 16.1 9.5 8.1 8 9.5 22.9 22.6 16.9 14.1 11.1 16.6 17.5 18.8 24.3 28.7 38.7 43.2 45.3 44.7 42.3 43.9 48 48.1 62.5 58 62 70.2
29.7 30 29.8 31.8 36.6 43.1 51.2 57 53.3 46.1 39.1 29.2 25.5 25.7 28.1 32.1 35.5 38.3 41.8 46 49 50 50.5 49.3 49.7 53.5 47.5 39.3 29 29.2 23.6 17.4 13 13.8 16.7 12.5 9.6 13.4 12.1 8.7 8.8 6.4 7 11.3 12.4 12.2 13.3 21 27.8 26 19.9 14.3 11 9.2 7.9 7.9 8.2 21.7 21.5 14.8 10.8 11 15.2 19 17.9 22.9 25.7 34.3 40.5 43.9 43.6 44.5 45.9 50.5 48.9 58.8 58.7 63 67.1
27.7 31 28.4 28 33.5 38.9 45.6 47.6 44 39 34.1 26.6 20.7 20.4 22.7 26.9 31.5 37.1 39.8 38.2 39.3 43.1 44.7 44.1 45.8 49.6 43.8 32 23.4 20.3 15.4 10.6 8.2 9.2 11.2 9.8 9.5 16.7 15.9 7.1 6.1 5.5 6 7.5 8.9 8.5 12.5 17.8 24.6 26.1 19.3 14 9.7 7.5 8 7.6 6.7 17.1 17.7 11.2 9.8 9.8 13 20.8 15.9 19.5 23.3 30.5 40.6 45.9 43.9 53.8 44.9 47 47.7 53 60 65.3 68.8
