Assets/StreamingAssets/GeoData/Data/sd/SD61.asc
ncols 200
nrows 200
xllcorner 360000
yllcorner 410000
cellsize 50
[rows 0 to 34 of 200, columns 78 to 155 of 200]
300.7 301.5 298.1 301.5 305.2 308.2 309.6 310.8 311.9 312.9 313.7 312.9 310.8 306.7 301.3 297.2 295.9 295.1 294.3 293.4 291.7 288.8 287.7 287.2 286.6 285.6 283.3 280.6 276.6 272.3 267.3 265.3 264 262.6 259.3 257.4 261 259.9 258.8 252 257.2 262 268 272.2 276.3 276.9 277.2 275.5 277.6 283.6 292.4 299.2 304.4 315.2 322.8 326 328.8 333.6 339.5 350.9 367.7 381.6 390.1 398.1 399.5 398.7 397.5 395.9 393.4 390.7 389.8 390.4 391.4 392.1 393.1 395 396.8 397.7
302.7 303.3 301.3 298.8 303.4 306.8 308.8 309.5 310.8 311.7 312.6 313.8 313.1 310.2 306 299.3 297.5 296.6 296 294.4 291.8 289.9 289.5 288.4 287.7 286.7 284.2 281 275.9 270.3 271.4 268.2 265.9 263.5 263 263 262.9 261.9 259.9 258.2 260.1 259.4 259.4 264.5 269.6 271.4 270.9 272.3 276.6 281.7 295.1 300.9 306.3 314.3 324 328.7 331.8 336.9 344 357 375.8 385.9 394.5 400.4 401.4 399.9 398.4 395.6 393.7 391.8 391.3 391 391.7 392.4 394.3 396.2 396.8 396.9
302.8 305.3 304.1 302.9 302.7 306 307.8 309.2 309.5 310.6 312.1 313.7 313.5 311.8 309.1 304.1 300.9 298.6 297.5 295 295.1 294.3 291.8 290.5 288.6 287.6 285.4 281.3 275.4 275.2 275.9 269.8 268.7 267.7 266.5 265.9 264.3 262.5 260.9 255.6 261.1 263.8 267.7 264.6 263.3 266.3 268.2 271.3 273.2 278.1 292.6 299.9 306.4 311.7 323 330.2 333.6 338.1 346.9 359.2 378.8 388.3 394.2 397.5 399.2 397.9 397.5 394.3 391.4 389.8 390.7 390.7 391.8 392.7 394.9 396.1 395.9 395.9
303.8 304.5 306.6 305.6 308.5 305 306.5 307.6 309.2 310.8 312.3 313.9 314.1 312.6 310.3 307.2 303.6 300.5 298.8 297.8 299.2 298.2 297 294.6 290.5 288.4 286.3 284.2 274.7 278.9 280.2 275 269.7 271.2 270.3 268.2 265.9 264.5 262.3 260.5 260.7 263.9 267 271.7 264.3 263.9 267.4 270.1 272.2 275.7 283.8 297.3 303.6 309.4 318.1 329.4 334.6 337.7 344.6 357.3 371.8 387.2 391 391.8 390.4 389.3 387.6 385.9 385.5 385.8 389.2 389.9 390.9 392.9 395 395.3 394.7 394.1
307.3 306 308.1 308.6 309.2 304.5 306.8 307.6 308.8 311.3 312.5 314.1 314.3 313.2 311.4 309.3 302.5 302.3 305.2 305.8 303.9 302.6 300.8 298.3 293.7 289.3 288.1 285.4 276.7 281.6 282.5 280.3 274.1 275.7 274.8 271.5 269 266.6 264.3 263.7 262.3 264.3 269 269.9 266.1 265.8 266.8 269.9 272.9 276.1 281.7 288.9 298.5 304.9 311.7 322.6 332.3 335.5 340.4 350 361.8 373.5 382.8 383.6 381.5 380 379.1 378.7 379.4 382.6 386.5 388.6 390.3 392.9 394.4 393.9 393 391.9
308.8 309 309.2 309.4 310.3 305.9 308 308.2 309.8 312.4 313.6 314.5 314.5 313.9 313 311 304.6 309.4 312.6 314.1 312.5 308.6 306 303.1 297.9 290.8 289 283.4 279.5 283.6 283.8 283.2 281.1 282.1 280.4 275.7 273 270.7 267.3 267.7 266 267.2 270.2 270.7 270.6 271 267.2 270.5 273.4 276.8 281.2 286.6 292.6 299.1 305.5 312.1 320.9 330.8 338 344.5 353.4 362.1 367.3 370.6 372 371.7 371.9 372.5 375.4 381.9 382.7 387.7 389.7 392.3 392.9 391.9 391 389.7
310 310.1 310.4 310.5 310.5 307.2 310.1 310.5 311.1 313.3 314.4 315.1 315.1 314.7 314 309.1 308.7 312.7 316.6 318 317.9 316.4 314.3 310.1 301.9 293.5 290.7 286.5 283.5 284.4 285.8 285.9 283.6 285.2 283.2 280.7 278.1 275.3 274.1 274.6 274.5 274.8 274.4 276.2 275.7 277.1 270.7 270.3 274.5 277.8 280.6 285.1 290.4 296.6 301.5 306.4 314.7 327.6 336.3 341.1 348.4 355.8 361.4 364.6 367 367.1 367.1 367.2 372.6 377.8 384 387.5 389.1 391.1 390.9 389.8 388.6 387.3
311.3 311.2 311 310.8 310.1 310 311.6 312.5 313.2 313.9 315 315.4 315.6 314.6 313.1 310.8 313.1 316.7 317.9 320.6 320.6 319.7 318.2 314.5 306 297.1 294.5 290.3 285.9 287.3 288.9 288.5 286.4 287.7 288.1 286.8 285.2 280.8 279.1 280.4 281.3 280.2 279.5 281 278.9 277.1 272.5 273.8 276.9 280 283 286.5 291 296.4 301.5 307 313.8 320.5 331.2 340.6 345.8 352.3 357.6 361 362.7 363.1 359.9 367.2 373.4 380.8 385.1 387.9 388.9 389.6 389.1 387.9 386.4 385.5
314 312.4 311.8 311.6 311.5 312 312.8 313.7 314.5 314.9 315.3 315.7 316 315.4 313.8 313.4 317 320 321.2 321.9 321.4 320.7 319.4 317 309.7 300.7 296.3 294.4 289.2 289.6 290.4 290.6 288.6 290.5 291.5 292 286.2 290 285.5 285.2 286.4 285.4 284.4 285.3 282.2 279.8 275.5 279.5 278.3 281.3 283.9 286 290.1 298.1 305.8 310.2 317.7 332.2 338.7 342 346.5 352.3 356.7 358.9 358.9 356.6 363.3 369.2 374.3 379.6 385.8 387.9 387.9 388.1 387 385.8 384.7 383.6
316.5 314.6 312.9 312.6 312.7 312.9 313.4 314.1 314.8 315.3 315.6 315.9 316.2 315.9 316.6 317.3 318.7 321.3 322.5 322.5 321.9 321.1 319.4 317 312.7 303.8 297.9 293.5 293.8 293.3 293.6 293.8 291.8 293.1 295.8 296.4 291.8 293.1 288.6 289.6 289.9 289.4 289.1 289.6 288.5 282.6 279.4 279.1 282.3 283.5 284.7 286.2 290.5 299.6 310.5 314.5 320.2 333.3 340.6 343.4 346.6 350.4 354.1 356.7 347 356 365.1 372.5 377.8 383.6 385.6 387.4 387.6 386.5 385 383.8 383 382.2
318.6 317.1 315.9 314.4 313.8 314.2 314.4 314.4 315 315.6 316.2 317.5 318.1 318.3 319.2 320 321.3 323.1 323.2 323.1 322.2 321 319.5 317.5 313.7 308.2 298 293.6 296.1 296.1 296.6 298.7 299.1 297.3 299.1 298.4 296.9 296.3 292.6 292.9 292.8 292.3 291.9 292.1 291.6 290.2 285.7 281.8 283.8 285.1 285.5 286.6 289.9 298.4 308.4 317.7 326.5 338.7 342.1 344.6 346.6 349.2 350.5 342.5 348.7 356.4 367.1 375.4 380.4 386.8 387.8 387.3 386.1 384.6 383.3 382.3 382 381.5
320.2 319.5 317.8 316.7 316 316.1 315.6 315.7 316.6 317.3 318.6 319.3 319.9 321.3 322.4 322.7 324 325.1 325.2 324.3 322.2 320.9 319.7 316.5 313.7 307.7 298.8 300 302.8 304.5 301.2 304.3 305.5 303.1 302.6 299.9 299.8 298.4 295.2 296 295.4 295 294.5 293.9 293.2 292.4 289.9 284.7 285.1 286.2 286.6 287.8 290.5 295.6 301.6 315.6 322.8 334.2 341.5 344 345.1 345.9 346.1 336.2 346.3 358.3 368.7 377.4 384 387.7 388 386.8 384.9 382.6 381.5 380.9 381 381
322 321 319.5 319.1 319.1 319.2 318.4 317.9 318.8 320 321.5 322.4 323.4 325.1 326.5 326.6 327.2 327.6 327.8 326.3 323.4 320.9 318.9 317.7 315.6 306.3 304.9 307.8 309.5 309.3 306.3 306.4 307.2 305.6 304.3 302 302.2 300.7 299.7 299.6 298.4 298.3 297.2 296.4 295.6 293.5 290.4 287.1 286.9 288.4 288.9 289.4 291.5 294.2 298.4 303.9 313.6 320.8 328.5 333.9 333.6 330.1 325.2 337.1 349.4 361.2 370.2 379.3 386.9 388.4 388.1 386.7 384.9 381.5 379.7 379.6 379.9 380.1
323.4 322.5 322.2 321.7 321.6 321.3 320.7 320.9 321.7 323.3 325.6 327.6 328.3 330.6 333.7 337.7 335.4 333.5 331.5 328.5 326 323.5 321.1 319.6 316.8 305 314.1 319.1 313.9 311.7 310.6 308.7 308.3 307 304.3 305.6 305.2 304.1 303.4 303.2 302 301.4 300.2 299.1 297.9 295 289.7 290.6 289 290.2 290.4 291.2 292.4 293.8 296.6 299.8 305.1 309.5 315.2 319.5 319.1 316.9 331.4 342 354.1 363.6 372.6 382.6 387.9 388.8 387.8 386.5 384.6 381 379.4 378.2 378 378.9
324.6 324.7 324.7 324.2 323.9 323.7 324.1 324.9 326.4 328.4 331.3 332.8 337.5 342.4 347.8 349.8 349.2 344.4 338.4 336.3 335.2 331.6 326.8 323.7 323.1 309.7 318.9 320.9 317.4 314 311.6 310.4 309.1 307.1 307.6 307.5 307.8 307.6 306.8 306.1 304.9 303.1 302.2 301.2 299.5 293.3 295.7 293.3 290.6 290.9 290.9 291.4 293.2 293.8 295.7 296.6 299.6 303.4 306.9 307.4 312.9 323.8 334.9 347.5 357.1 367.5 376.1 384.4 388.4 388.2 387.5 386.3 384.2 381.8 379.5 377.8 377.2 377.2
325.7 326 326.5 326.5 326.8 327.7 328.5 330.2 331.9 334.2 338.1 340.3 348.2 354.2 358.5 359.6 357.8 355 354.8 354.6 351.8 343.5 334.5 328.4 326.2 311.9 323.8 324.7 321.8 316.4 312.8 311.6 310.4 308.9 309.5 310.5 312.4 311.7 310 307.8 305.6 304.2 303.4 301.3 298.3 298.5 299.5 297.2 292.8 291.1 290.6 291.9 293.8 293 292.9 295.9 297.7 300.6 303.7 311.3 321.2 329 341.5 352.6 359.8 369.2 379.4 386.6 388.3 386.6 386.3 385.1 383.5 381.4 379.5 377.1 375.8 376.3
326.5 328.1 329.5 329.9 331.5 333.9 335.1 338.6 341.2 344.1 347.8 351.9 357.8 363.8 367.3 368.1 366.1 364.8 366.3 365.6 360.7 349.9 336.7 330.9 325.9 315.7 325.2 326.2 323 318.4 314.1 312.9 311.8 311.7 312.6 313.3 314.2 313.7 311.6 309 305.8 304.3 303 302.6 301.7 301.9 301.4 299.2 296.1 292.2 290.5 290.5 293.5 291.5 293 295.7 297.2 299.3 303 311.5 323.8 331.2 345.4 351.5 358.3 370.8 382.2 384.7 384.5 382.8 384 384 382.5 380.6 378.8 376.4 374.6 374.9
326.5 329.7 331.8 333.7 338 343.4 348.1 351.2 356 358.4 359 361.9 366.8 371.7 374.7 374.9 374.7 373.5 371.4 367.9 360.8 348.8 337 332.1 323 322.3 329 329.6 328.3 320.2 316.4 314.5 313.5 313.7 314.3 314.9 315.4 314.9 312.4 308.5 306 304.7 304 303.6 302.8 302.4 301.4 299.4 296.8 293.8 290.8 288.4 289.8 292 293.5 295.3 297.9 299.4 304.1 310.1 319.5 330.3 338.8 347.9 354.1 362.8 371.4 376 373.4 374.8 381.4 383.5 382.3 379.8 377.9 375.6 373.8 372.4
323.7 329.4 335 338.8 342.9 351.2 357.5 363.5 367.6 369.9 372.4 375.5 377.5 379.3 380 379.2 377.2 374.2 369 361.4 351.1 343.3 336.7 332.5 329.8 333.8 335 332.5 327.7 322.7 318.9 316.5 315 315.2 315.5 315.8 316.3 315.1 312.4 308.1 306.5 305.7 305.1 304.3 303.4 301.5 300.3 298.1 295.3 292.5 289.9 287.5 288.8 292.4 292.4 295 297.8 300.2 304.7 309.9 316 328.7 338.3 345.7 350.8 356.4 359.8 358.3 363.5 370.9 378.1 383.5 382.9 380.5 376.9 374.7 373.2 371.5
318.7 325.2 332.6 337.5 342.3 347.6 351.9 357.7 364.2 367.2 372.2 375.7 378.7 379.3 379.6 378.6 376.2 370.3 364.2 356.9 350.8 346.8 344 343 337.8 337.8 336.6 332.6 327.3 323.9 321.3 318.7 316.7 316.8 316.9 317.1 316.8 315.4 311.9 308.1 307.2 306.3 305.7 304.9 303.6 300.5 297.8 296.4 293.8 290.8 287.4 286.2 286.9 290.7 291.2 293.8 297.1 300.2 303.7 307.1 312.2 323.4 334.6 342.4 346 349.6 349.8 353.5 361.1 368.6 377.4 383.8 383.3 380.3 377.6 374.7 372.4 370.7
308.7 313.7 318.2 322.9 330.3 333.5 338.6 343.6 347.4 351.8 356.5 361.9 367.9 372.4 374.2 374 372.1 367.6 360.5 356.7 354 350.9 348.2 348.2 342.4 341.8 338.7 338.6 333.5 326.6 322.8 321.4 320 318.8 318.1 318 317.5 316.8 313.7 308.4 307.5 306.3 305.1 303.6 302.2 299.3 296.3 293.6 291.9 289.5 286.4 285 285.1 287.6 289 292.1 296.1 299.3 302.1 305.4 309.7 315 325.4 335.4 338.9 339.3 339.4 351.2 361 368.3 376 382.9 382.7 380.6 376.9 374.5 371.2 370
305.2 307.4 311.7 315.2 318.8 323.7 327.3 330.6 335 340 344.1 349.7 354.4 358.5 361.8 365.5 366.8 363.9 358.9 356.5 353.8 354 351.5 348.7 346.9 345.7 345 344.5 341.9 336.5 328.1 323.4 322.6 321.7 320.6 319.5 318.6 316.3 313.3 310.1 306.3 304.9 302.8 300.7 299.1 296.1 294 292 290 287.3 285.4 284.2 283.6 285.6 287.1 290.4 293.7 297.2 299.9 303.2 307.2 310.8 315.1 322 325.1 331.7 341.7 351.6 362 367.1 375 379.6 380.6 379.2 376.2 373.8 371.1 369
301.3 303.7 307.1 311.5 314.6 318.5 322.9 326 330.6 333.3 336.9 340.6 344.9 348.4 351.4 355.2 357.9 358.2 358.3 357.4 356.8 355.7 355.4 352 350.1 348.9 348.7 348.4 346.5 343.7 339.7 330.2 324.1 323.4 322.1 320.3 318.3 316 311.4 309.1 305.9 302.8 300.5 298 297.1 293.9 291 289.4 287.1 285.9 284.5 283.3 282.3 283.8 285.5 287.2 291.1 293.9 296.2 300 304.2 306.7 309.6 313.8 320.4 332.4 341.9 351.5 361.7 367.7 374 380.6 383.1 379.5 375.8 372.7 370.3 368.7
296.9 300.7 302.8 306.2 309.8 313 317.8 320 324.9 326 330.8 338 340.4 345.2 348.9 351.3 353.7 356.6 357.4 358.6 357.5 358.2 357.5 355.9 354 352.8 352.3 351.3 350.3 347.5 346.7 339.8 334.6 327.6 323.3 320.3 316.7 316 313 310.3 309.3 306.4 302.9 299 295.5 292 289.3 288.3 286 284.7 283.5 282.2 282 283 284.2 286.5 288.6 290 293.9 296.5 299.7 302.7 305.9 309 319.4 331.7 341.1 348.9 356 362.1 366.8 373.4 377.5 377.1 375.4 372.6 370.1 369.1
304.1 305.8 308.7 313.8 318.3 318.5 322.7 324.4 329.7 331.8 335.8 338.9 336.8 344 345 350.7 355.3 360.2 360.4 361.1 360.7 362.1 362.3 360.4 358 356.8 355.6 354.2 353 352.2 349.1 346.4 340.2 331.5 327.2 321 319.7 317.6 315.7 313.7 312.1 308.6 303.8 301 299 295.8 290.9 285 284.8 283 281.6 280.8 281.5 282.6 283.7 286 288.8 289.6 292.1 294.8 297 298.6 302.7 310.8 317.9 327.1 335.7 341.5 347.4 354.2 360.2 366.7 371.6 373.4 373.9 372.5 370.3 368.9
307.9 310.2 312.8 314.9 320.1 323 325.8 328.3 331.5 334.9 337.9 341.3 343.8 345.8 347.2 351.5 356.4 360.5 361.6 362.1 362.5 362.7 363 362.6 360.7 359.4 358.2 357.2 355.6 354.7 353.9 350.3 346.5 341.9 335.4 329 325.2 324.4 320.2 317.1 314.3 311.7 309.2 303.3 301 297.6 293 287 283.5 281.9 280.5 280 279.6 281.3 283.8 286.5 286.4 288.8 290.4 292 293.5 296.8 299.3 305.9 312.4 319.5 327.1 332.9 338.8 347 354 361.6 367.3 370.3 373.3 374.5 372.3 370.1
311.4 312.9 316.2 316.5 320.4 325.2 327.9 331.1 334.3 337.3 340.3 343.7 345.3 348.6 351.6 352.1 356.1 359.6 361.9 362.9 363.6 364 364.2 363.9 363.1 362 360.9 359.8 358.2 358.6 357.8 355.8 353.8 351 341.5 339.1 334.9 328.7 328.7 324 320.4 317.6 313.4 309.6 303.7 298.6 294.8 287.5 283.8 282.4 281.3 280.1 278.6 280.2 281.1 282.9 287.1 287 291 293.6 295.4 297.6 299.9 302.8 307.1 313.8 319 325 331.7 340.2 351.6 360.2 365.6 370.4 373.2 374.9 374.1 372
314.5 316.3 319.3 321.7 323.9 325.2 330.8 334.2 336.6 339.8 342.6 345.4 347 349.1 352.8 355.1 356.5 358.7 361.6 363.1 364.4 366 366.4 366 365.1 364.2 363.1 361.8 361.3 361.2 360.4 358.9 356.3 353.5 348.7 342.6 339.5 338 335.5 332.3 329.5 325.1 320.5 312.7 305.9 300.5 293.7 286.8 284.5 283.6 283.6 279 279.3 284 285.8 288.8 290.1 290.9 291.6 293.2 295.3 297.5 299.7 302.2 306.1 311.7 317.5 323.4 329.5 338.5 351 362.8 365.6 369.8 372.8 374.7 375.7 374
317.1 319.7 321.2 324.6 327.4 329.3 331.1 334.3 338.6 341.4 344.2 346.2 348.1 350.1 352.8 354.8 356.2 357.7 360.4 362.3 364.1 366.1 367.7 367.5 366.7 365.5 364.5 363.7 363.6 363.6 362.6 360.9 357.5 354.4 350.8 345.3 340 339.1 337.2 335 332.1 329.5 324.9 315.4 306.8 299.9 295.1 287.2 285 284.6 282.7 276.1 285.9 290.8 291.2 293.8 295.4 295.2 295 294.5 296.4 298.1 300.6 303.5 307.1 312.9 317.7 322.6 328.5 339.7 349.2 359.2 360.3 365.9 369.9 371.6 374.9 375.9
320.3 322.2 325.2 327.4 328.3 331.9 334.9 336.3 338 342.1 344.7 346.8 348.7 350.7 352.5 353.5 354.9 356.3 358.9 361.7 364 365.6 367.9 368.3 367.8 367 366.4 365.9 365.4 364.5 363.7 362.4 359.7 355.2 350.2 346.9 342.3 338.3 335.4 333.8 331.2 327.9 321.9 312.5 304.5 298.4 295.4 289.4 286.5 285.3 280.9 275.6 282.7 297.3 300.8 300.1 300.3 300.5 300.3 299.2 298.9 300.1 301.9 305.5 308.3 314.8 319.8 325.1 332.4 334.8 344.8 350.8 355.9 360.7 364.2 367.8 372.1 375.6
323.7 325.9 328.5 330.4 332.6 334.8 336.9 339.1 341.1 343.5 345.5 346.9 348.6 350.1 351.4 352.6 353 354.6 357.3 360.4 362.5 364.8 366.9 368.3 368.4 368.3 367.5 366.7 365.6 364.7 363.8 362.6 360.5 357.3 353.7 347.5 341.9 337.2 331.6 328.2 325.3 320.8 314.2 306.9 301.1 297.4 294.5 290.5 286.4 285.1 282.2 276.9 281.2 293.5 300.2 305.7 306 305.3 302 301.5 301.8 303.2 305.9 309.9 315.8 319.6 320.6 327.9 332.4 337.6 340.9 347.4 352.1 356.4 360.6 364.8 369.3 374
326.3 327.9 330.9 333.3 335.6 337.7 339.7 341.2 343.4 345 346.5 346.8 347.5 348 349.2 349.7 350.5 353 355.2 358.6 361.5 364.2 365.9 367.4 368.5 368.7 368.1 367 366.1 365.2 364.3 362.9 360.8 359.4 354.3 348.1 344.1 340.5 336.9 332.8 326.5 319.2 312.6 303.9 300.8 297.3 292.3 288.6 285.4 282.8 283.6 280.3 275.3 287.6 292.6 296.3 298.3 300.2 297.7 299.8 300.5 304.3 313.9 319.4 323 325.7 328.4 330.9 335.1 338.5 342.7 345.9 350.1 354 358.2 362.5 366.7 371
328.9 331.2 333.8 336.4 338.9 341.1 343 344 345.3 346.5 347.4 346.5 345.3 345.4 346.1 346.6 345.4 350.1 352.4 356.4 359.9 362.9 364.8 366.3 368.1 368.5 368.7 367.6 366.4 365.7 364.1 362.2 360 357.7 356.8 353.9 350.1 345.4 340.2 335.6 331.2 323.1 311.6 305.2 300.8 297.6 295.2 291.9 287.4 282.6 281.6 278.7 275.2 283.9 286.7 288.1 289.9 291.9 293 294.4 298.3 303.7 317.8 327.3 330.1 331.8 332.4 334.2 336.9 339.8 344.4 346.9 349.5 353.3 356.7 360.6 364.1 368
330.7 333.2 335.2 338.9 342.4 344.9 346.1 346.5 347.5 348 347 344.8 343.3 341.7 342.3 342.4 344.9 347.5 352 356.1 358.6 361.4 363.5 366.1 368 368.6 368.8 368.9 367.5 366.4 365.5 364.6 363.3 362.1 359.6 357.4 353.6 348 342.1 335.8 327.5 317.3 309.2 305.7 302.7 298.3 295.8 293.1 289.5 284.7 280.8 276.8 273.4 280.6 283.4 283.7 285.1 286.8 289.7 292.5 297.1 306.3 321.3 333.8 335.8 336.7 337.6 338.7 340.2 343.1 346.1 347.7 350.6 353.5 356.6 360.2 362.3 365.3
331 334.3 338.3 341.5 343.4 345.7 347.1 348 348.1 346.6 342 340.2 339.9 339.7 335.9 338.8 343.7 348.5 353.8 358.1 361.1 362.3 364.9 366.7 368.1 369 369.4 369.8 369.3 369 368.2 367.4 366.3 364.3 361.8 359.7 355.3 349.1 342.7 334.6 325.2 316.6 308.4 306.1 304 300.3 296.3 293 289.3 283.1 281.5 279.5 272.8 276.8 279.5 280.6 281.2 281 283.4 289.5 296.5 305.5 321.1 335.4 337.8 338.9 340.5 342.1 343.3 345.4 348.2 349.3 351.3 354.1 357.8 359.5 361.5 363.5
