Assets/StreamingAssets/GeoData/Data/sd/SD67.asc
ncols 200
nrows 200
xllcorner 360000
yllcorner 470000
cellsize 50
[rows 144 to 179 of 200, columns 0 to 81 of 200]
26.7 26.6 26.7 27.2 28.2 27.7 29 29.1 29.2 29.8 30.1 30.5 31 31.2 31.1 31.5 31.8 32.4 32.4 33 33.1 34 34.8 38.1 41.4 48.5 57.5 59.5 54.7 49 45.6 45.3 46.9 48.3 47.3 44.7 44.4 44.2 44 43.6 42.8 42.3 41.6 41.3 43.2 44.5 44.7 44.6 44.8 45.2 47.1 47.2 50.1 51.5 52.4 52.5 52.5 53.2 54.4 54.2 53 52.8 53.5 54 54.3 55.1 55.9 57.3 60 68.4 70.9 67.6 62.7 63 65.1 65.5 66.6 65.3 65.6 66.5 68.2 68.9
26.6 28.5 28.6 28.9 28.7 28.8 28.5 27.2 29.2 29.7 30 30.8 31.2 31.3 31.4 31.7 31.9 32.4 30.8 30.7 33.4 33.7 34.4 36.4 40.4 51.2 58.2 56.5 50.7 45.5 43.6 43.8 45 46.3 45.2 45.1 44.8 44.6 43.4 43.8 43.2 43 43.1 43.3 46.2 47.3 47.6 48.5 50 51.2 52.2 54.5 55.4 56 56.3 55.8 56.6 58.1 60 60.9 59.7 57.1 56.2 57.6 59.7 60.8 64.4 66.7 69 75.1 77.1 72.8 67.1 65.2 65.2 66.5 67.2 66.2 66.9 67.1 67.7 68.2
28.3 28.3 28.4 28.8 28.9 29.1 29.2 29.4 29.7 29.1 28.3 30.3 31 31.1 31.1 31.7 31.5 31.8 32.5 32.8 33.4 31 35.2 34.7 37 43.6 52.9 52.4 44.9 41.2 43.6 43.5 44.4 45.4 44.7 45.2 45.5 44.7 42.4 43.2 44.2 45.1 45.6 46.1 48.2 49.8 50.4 54.9 57.8 59.1 59.9 62 61.8 61.4 59.5 58.9 60 62.8 66.5 68.5 66.6 62.3 57.9 58.8 62.4 66.4 70.4 72.5 73.9 78.9 80.5 76 71.3 68.9 68.8 70.4 71.1 70.8 70.6 70.5 70.8 69.9
28.3 28.2 28.2 28.3 28.6 28.9 29.1 29.3 29.8 29.8 29.9 28.2 29.5 30.1 30 30.6 31.3 32.2 32.9 33.5 33.6 34.1 31.3 34.9 35.3 35.6 39.2 39.6 38 38.8 43.7 45.4 45.6 45.3 45.4 45.8 46 45.5 45.9 47 47.3 47.1 47.8 48.3 50.2 52.8 57.6 63.5 65.4 67.1 68.2 70.3 70.4 67 63.5 62.5 64.4 68 72.6 75.3 72.6 67.4 61.7 59.7 64.3 69.1 73.7 75.7 76.2 78.3 80.3 77.6 73.6 71.4 72.4 74.4 76.3 76.7 76.5 75.2 74.1 72.8
28 28 27.9 28 28 28.1 28.6 29.2 29.7 29.7 30.2 30.8 31 31.3 31.7 32.5 32.7 33.2 33.6 33.8 34.2 34 31.7 34.3 34.9 35.6 36.5 36.7 37.2 38.3 44.5 51.2 49 46.3 46.1 46.3 46.4 46.3 47.8 49.5 50 50.3 50.6 52.5 54.5 57.2 62.9 68.8 71.8 73.2 74.6 76 75.9 72 68.2 66.1 67.9 71.6 75.5 77.1 74.3 69.7 65.8 63.5 66.3 70.9 75.4 76.6 75.8 77 78.2 77.3 74.8 73.7 75 78.4 81.4 83.7 84.4 81.8 79.6 76.6
27.7 27.7 27.9 28.4 28.2 28.3 28.8 29.3 29.7 29.8 29.9 30.1 30.6 31.1 31.4 32.1 32.9 33.1 33.5 33.9 34 34.1 32.1 34.4 35.3 35.6 36.4 35.5 36.1 37 37.1 34.3 35.1 36.7 35.7 46.2 46.6 47 51.4 55.7 58 57.6 54.9 56.1 57.8 63.6 67.4 71 73.8 75.2 75.9 76.7 76.8 73.6 69.7 68.4 70.6 73.2 75 75.1 73.6 70.4 66.6 66.7 68.8 72.2 74.1 73.7 74.5 74.4 75.8 75.9 74.6 74.5 76.9 80.8 85.5 88.5 90 87.5 83.9 80.5
27.8 27.9 28.3 28.3 28.2 28.6 28.9 29.5 29.8 30 30.2 30.5 30.7 31.4 31.8 32 32.6 33.1 33.5 33.9 34.2 34.5 32.3 34.9 35.6 35.6 34 36.4 37 37.2 37.6 37.5 38.1 38.4 38 42.3 46.7 48.6 57.3 62.9 64.4 62.3 57.7 57.7 60.5 66.3 69.2 71.5 73.5 73.9 74.2 74.3 73.6 71.7 68.7 68.6 70.9 73.1 73.1 72.7 70.9 68.2 66.9 69.4 70.7 72.9 73.3 74.1 77.1 78.6 76 75 74.2 74.7 78.1 82.7 87.5 90.5 91.4 89.4 86.2 82.5
27.5 27.7 28.4 28.3 28.3 28.7 29.1 29.5 29.8 30.2 30.5 30.8 31 32 32.4 32.6 33.2 33.6 34.1 34.2 34.5 34.8 32.8 34.9 35.4 33.2 36.3 36.7 37 37.5 38 38.5 39.1 39.1 39 38.8 44.2 47.2 57.2 65.1 65.1 62.4 58.9 59.2 62.3 66.5 69.5 70.5 71.4 71.3 71.3 70.4 69.5 68.3 66.5 68.5 70.6 71.2 70.3 68.8 66.8 66.2 68.6 70.1 72.3 73.6 75.2 77.9 82.3 84.9 82.3 76 74.5 75.7 78.8 83.6 88 91.1 89.5 87.2 83.8 81.1
27.3 27.5 27.9 28.4 28.8 28.7 29 29.4 29.7 30.1 30.6 31 31.5 32 32.6 34.2 33.5 34.1 34.5 35.3 35.5 35.4 35.9 33.9 34.4 37.2 37.7 38.1 38.2 38.6 39 39.3 40 39.9 36.7 39.3 41.2 42.1 53.5 62.2 60.7 58.9 58 60.6 64.8 68.9 71.4 70.5 70.2 69.2 67.7 66.8 65.5 64.7 64.5 67.2 69 67.9 66 67.3 70.9 73.4 74.6 74.7 74.6 75.7 78.1 81.2 85.2 89 86.9 79.4 75.2 76.8 80.6 84.3 87.9 88.4 86.5 83.4 82.5 82
27.2 27.7 27.9 28.1 28.5 28.5 28.9 29.3 29.6 30.2 30.7 31.6 34.4 33.8 33 33 33.5 34.3 35.4 35.8 36.5 37.2 38.1 37.8 37.6 37.8 37.8 37.9 38.3 38.5 39.5 40.4 39.9 40 38.9 39.9 41.1 41.9 49.2 58.3 56.4 58.6 60.2 65 70 74.2 76.7 74.5 70.8 68.4 65.4 63.7 62.2 61.9 62.6 64.8 65.6 64.8 67.1 72.8 76.8 80.5 81.5 82 81.2 80 80.3 82.7 86.7 90.5 88.8 82.3 77.8 77.7 80 83.2 86.2 85.3 82.5 82.7 86.7 87.1
27.2 27.8 27.5 27.8 28.1 28.3 28.8 29.4 29.7 30.1 30.7 33 37.6 37.7 36.2 35.6 35.1 35.4 36.2 38.2 39.8 40.9 41.7 41.7 42.4 43.1 43 44.2 47.9 45.8 42.8 41.8 40.4 36.9 39.3 40 41.5 42 47.3 53.1 54.6 58.3 63.8 70.3 74.4 75.4 77.2 78.2 72.3 69.6 66 63.7 62.1 61 61.7 62.5 63.7 65.9 69.6 75.4 80.3 85.1 86 87.8 87.6 85.5 84.1 84.8 87.7 91.3 89.9 84.4 80.6 80 78.6 81.1 83.6 81.8 80.7 85.4 90.3 91.9
27.4 28.1 27.5 27.9 27.9 28.2 28.7 29.4 29.4 31 32.1 35.8 37.7 38.2 38.3 38.9 39.3 38.9 40 40.9 42.3 41.8 42.1 42.9 46.3 52.2 57.7 60 56.8 55.4 53.2 49.8 46.4 41.3 37.2 37.4 37.9 37.7 42.9 46.2 52.2 58.3 65.1 66.8 65.3 64.9 67.4 73.7 72.7 70.8 68.7 67.4 66 62.8 62.9 62.8 66.3 68.5 72.4 76.4 81.8 84.9 85.4 87.6 90.4 90.5 89.8 88.9 89.6 91 89.7 85.5 82.7 81 79.8 78.9 79.5 79 80.3 86.7 91.2 94.1
27.8 27.3 27.7 28 27.9 28.1 29 29.8 31 30.6 32.4 35.2 37.5 38.8 38.9 38.1 39.1 39.7 41 42.7 46.1 45.8 45.7 50.9 56.7 59.8 67 69.7 67 63.4 60.8 60 57.9 51.7 42.2 41.1 41.3 41.6 39.7 42 48 54.3 58.5 54 51.7 53.3 55.1 62.4 65.2 66.6 68.7 69.3 69.3 65 61.9 63.6 67.7 69.9 73.1 75.7 77.1 77.4 79.9 81.1 84.7 90.3 95.3 94.3 91.3 89.6 86.7 82 79.5 79.6 80.5 78.7 76.7 77.1 80.7 87.3 91.3 93.5
26.7 27.1 27.5 27.7 28 28.4 28.7 29.4 29.3 29.3 30.4 33.4 36.8 38.2 38.4 37.6 39.2 40 41.4 45.4 48.1 45.8 52.5 56.9 61.1 65.6 71.6 73.5 72.8 68.8 65.4 66.3 65.8 64.4 57.4 47.8 41.3 41.6 42 38.7 41.9 42.8 43.1 43.7 44.4 45.1 46.2 47.8 52 57 63.2 65.2 67.4 64.4 60.5 64 67.8 68.9 67.9 66.9 64.7 67.2 70.5 73.9 79.2 86 94.1 96.3 90.4 81.3 75 70.6 68 70.3 73.9 77.3 76 77.2 80.6 83.2 84.9 86.4
27.2 27.1 27.4 27.6 27.9 28.2 28.5 28.4 28.4 28.6 29.4 32.3 35.2 37.1 37.3 37.4 39.6 40.3 41.5 46 46.7 45.7 53.5 58.7 64.7 69.5 73.5 74 72.6 70.1 69.4 70.2 70.3 69.6 67.4 58 46.3 41.5 41.9 42.1 42.9 39.2 42 42.8 43 41.5 40.6 43.1 41 45.1 51 60.1 63.2 62.3 59.2 62.5 60.8 54.2 45.5 49 48.3 50 58.3 68.2 75 81.7 89 82.8 66.7 56.8 53.6 53.7 54.9 57.2 63.5 71.5 74.2 74.5 74.3 73.4 74.7 78.2
27 26.8 27.3 27.6 27.7 27.7 28.1 28.2 28.6 29.1 29.6 30.9 33.6 35.6 35.9 37 38.7 39.5 40.7 43.9 44.5 50 54.4 60.5 66.8 70.7 72.3 72.3 71.7 70.7 72.4 74.3 75.1 75.3 72.7 66.3 55.7 46.2 42.6 42.9 43.9 44.6 44.9 45.9 47.6 49.9 51.3 53.4 53.4 48.5 44.2 42.3 45.7 46.5 47.7 48.4 45 47.5 52.9 58 59.5 52.6 48.9 59.7 70.1 75.8 80.6 69.4 53 52.9 54.3 54.4 58.1 52.3 50.1 58.6 63.9 64.3 62.2 62.2 62.1 63.7
26.8 26.8 27.3 27.6 27.8 27.4 27.9 28.3 28.7 29.3 30 30.8 32 33.6 35.7 39.2 40.3 39.2 39.6 40.7 42.8 49.1 54.5 62 67.9 69.5 70.5 71.2 71.4 72 75.4 78.3 81.6 82 77.4 70.6 63.3 54.5 47.1 45.6 45.5 46.2 47.9 49.8 51.6 53.1 55 61.5 63 61 55.1 53.9 54 52 44.1 44.5 53.6 55.9 61.1 69.7 75 69 54.5 49 56.8 64.7 74 69 50.4 53.9 55.2 58.2 63.8 68.7 62.3 51.9 55.1 56.1 56.8 57.4 57.6 58.5
26.6 26.8 27.1 27.4 27.1 27.2 27.8 28.3 29.5 30.3 32.7 33.5 33.3 35.4 41 45.4 47.6 45 40.6 40.9 41.8 46.9 55.6 62.8 67.2 69 69.8 70.6 72.4 75.1 79.2 84 87.4 86.9 80.1 71.7 64.8 57.4 57.4 56.4 54.4 52.2 52.7 55.5 57.9 62.3 65.7 68.8 70.1 70.5 69.8 71.1 73.4 67 58.1 60.7 67.2 67.3 70 78.3 82.5 80.7 68.9 54.6 51.2 54.1 58.4 57.2 48.7 55.4 57.6 62 75.3 80.8 76.9 65.2 51.7 51.9 52.4 52.6 53.7 52.8
26.8 26.8 27.2 27.5 26.8 27.3 27.8 29.6 29.8 33.9 36 36.8 37.1 41.2 46.9 51.6 53.4 51.5 45.2 42.4 42.2 47.9 56.6 63.6 68.2 71.4 72.4 73 75.9 78.7 82.8 87.7 89.9 86.1 78.3 70.6 63.8 56.7 60.7 64.2 62.2 59.9 62.8 65.9 69.4 73 74.8 76.6 77.1 76.9 76.1 76.4 77.5 75.3 70.3 71 70.7 71.7 77.8 83.7 87.8 88.1 81.5 69.5 54.1 51.1 52.5 48.1 56.3 62.4 67.8 78.2 88.6 88.4 88.8 86.5 80.6 73.2 64.7 65.7 71.5 77.1
26.8 27 27 26.8 26.9 27.5 28.3 29.2 32.1 36.6 38.3 38.3 39.9 45.6 51.9 57 58.7 55.9 50.4 44.9 44.1 50.9 58.5 65.5 70 69.9 69.1 70.8 74.6 76.5 81 85.3 84.7 80.8 72.6 67.2 61.1 59.1 62.6 64.8 66.4 70.9 73.3 76.2 79.8 82.2 82.4 83 82 79.4 77.5 75.9 76.8 77.2 76 73 70.8 74 81.8 88.3 92 92.6 90.6 82.1 69.8 57.7 50.7 59.4 69.8 76.8 84.6 91.3 94.7 93.9 93.6 94.1 92.3 86.6 76.8 79.5 86.8 90.7
26.5 26.6 27.1 26.7 27.1 27.9 29.4 31.1 35.2 38.2 39.3 39.2 41.2 45.5 52.5 57.9 58.4 56.4 52.4 46.7 45.1 50.6 58.3 64.7 64.9 60.1 58.8 61.2 65.8 69.5 74 75.8 74.5 70.8 66 62.5 58.8 62.6 68.2 71.8 74.3 77.1 79.7 82.7 86 88.1 87.8 85.3 82.4 79.4 77.2 75.3 75.2 74.6 74.9 73.6 70.8 76.3 85.2 90.2 92.3 93.1 91.5 89.3 83 73 72.7 79.1 84.1 88 92.9 97.3 99.1 98.7 99.1 99.7 98.1 94.2 85.9 88.1 93 96.6
26.3 26.3 26.7 26.9 27.9 29.7 31.2 33.1 35.3 36.9 38.1 39.5 40.4 43.9 49.3 55.6 56 54.8 51.9 47.6 48.5 50.8 51.6 55.9 55.5 55.3 57.1 58.2 58.2 60.9 63.1 64.9 64.2 63.1 61.1 59.2 60.3 63.6 69.5 73.5 76.1 78.6 80.7 84.1 87.3 87.1 85.6 82.1 79.7 77.8 77.4 76 73.3 72.1 72 71.8 70.5 77.7 84.7 86.9 88 88.6 89 88.8 86.8 77.7 77.1 85 88.9 93.5 97.8 101.4 102 101.4 102.3 102.5 101.5 97.5 91 93.2 97.2 100.4
26.1 26.3 26.5 28.1 30.1 31.6 34 36.6 38.6 39.3 39.7 40.6 44.8 47.5 50.2 53.3 54.1 53.2 52.1 53.3 57.4 60.2 60 57.1 59.5 63 67.1 65.8 60.7 60 61.6 62.1 60.6 59.4 59.5 60.3 61.6 64.2 69.4 72.4 74.6 77.1 79.6 82.1 84.4 83.4 81.7 78.8 80.5 83.2 84.2 81.5 74.6 70.3 69.4 69 69.5 75.7 80.7 81.6 82.2 82.4 82.8 84.2 84.6 77.8 77.7 86.2 90.7 96.7 101.5 103.4 102.8 102.1 102.4 102.1 100.4 96.9 93.1 94.7 98.2 100.5
26.4 26.5 28.1 33.3 32.7 35.2 37.9 41.9 43.6 43.5 45.7 48.8 54.6 57 57.5 57.5 58.9 59.8 60.7 63.1 66.6 69.3 70.2 70 70.9 71.9 72.5 67.8 66.7 69.8 74 71 65.7 60.8 60.5 61.3 63.6 65.3 67.9 69.2 70.8 73.3 75.8 78.3 79.7 79.1 78.2 78 86.5 92.2 91.3 85.2 76.3 69.4 68 67.6 68.3 72.7 75.1 75.8 76.3 76.6 77.1 79 80.4 75.2 76.5 85.4 91 97.3 99.7 99.5 98 98.1 98.2 98.7 97.4 94.4 93.3 94.6 96.8 98.7
35 30.8 33 35 36.3 39.5 45.9 49.6 50.3 51.5 56.5 59.9 64.1 68.8 69.7 69.4 69.6 68.8 69.5 71.4 73.4 74.8 74.8 75.9 78.2 78.2 75.5 71.2 73.2 80.7 82 77 70.9 63.5 62.4 64.6 66.5 66.9 66.4 65.9 67.2 69.4 71.4 74.1 75.6 75.4 75.5 78 87.6 93 90.8 84 75.8 67.8 66.2 66.5 66.9 68.4 70.4 71.5 72.2 72.3 73.2 74.9 76.8 72.3 73.6 84 90.7 94.4 94.4 93.5 92.3 91.9 91.5 92.5 91.3 91.7 96.3 98.8 97.9 97.3
29.1 36.4 37.5 38.2 43.3 50.5 59.2 59.3 56.6 59 63.4 68.6 73.3 78.1 79.8 78.7 77.8 76.6 75.5 76.5 77.7 78.6 80 83.6 85.6 83 78.6 76.1 80.3 87.2 88.7 83 74.6 66.7 65.7 69.1 70.2 70.3 67.8 65.8 66.6 67.6 68.8 71.2 73.2 73.4 74.4 77.5 84.9 89.1 86.8 82.1 74.4 66.5 65.3 65.6 66.2 66.8 67.4 68.3 68.8 69.5 69.9 71.5 74.2 71.9 74.7 82.9 87.4 88 86.5 86 86 85.1 85.4 86.7 92.2 97.2 101.6 103.3 102.1 100.6
31.7 34.6 37.6 39 50.5 60.1 65.1 63.1 61.8 66.3 70.4 74.7 78.3 81.2 82.4 83.5 82.8 79.9 78.1 79.3 80.4 82.3 85 89.4 89 85.3 82.7 79.6 84.2 90.2 90.2 84 75.7 69.5 69.3 73.9 75.8 74.3 70.8 67.7 67 68.6 70.2 73 72.4 73.1 74 76.5 80.6 82.7 82.1 79.9 76.1 68.4 65.2 65.4 66.3 67.8 68.5 69.5 70.3 70.8 70.5 70 70.9 70.6 73.4 78.3 80.3 81.2 81.8 84 84.9 83.9 83.1 88.1 93.6 98.5 103.6 106 105 102.5
35.7 38.6 42.6 38.7 55 61.9 63 60.6 65.4 71.5 74 75 77.1 78 79.8 82.5 82.2 79.2 78.7 80.1 82.2 84.8 87.3 89.5 87.1 83.9 81.8 80.1 86.1 90.6 88.5 82.5 76 73.1 74.3 78.6 80.7 78.8 74.8 71.7 71.6 73.7 76.8 78.1 75.7 75 75.2 75.4 76.7 77.2 77.3 77 76.6 70.8 65.1 65.3 68.1 72.8 71.9 73 74.4 77.1 78.5 77.4 75.9 72.6 71.5 74 77.7 85.6 88.3 91.2 92 91.3 86.1 86.5 92.5 98.6 102.2 101.9 100.9 101.8
38.1 40.1 44.1 48.8 44.5 60.2 58.6 59 66.6 72.1 71.4 71.5 72.6 73.5 75.2 78.4 78.7 76.5 76.1 78.1 82.1 83.8 85 85.8 82.5 79.4 77.3 79.1 85.1 88.5 85.2 80.2 77.3 78.2 79.5 82 82.9 80.7 75.8 74.3 77.3 81 84.2 84.9 81.8 78.3 77.1 73.7 71.4 70.7 71.6 71.1 70 67 65.5 67.1 71.4 76.1 75.9 77.1 79.4 83.3 85.5 84.3 81 77.6 73.7 78.1 83.7 89.6 93.1 95.7 97.1 96.1 91 85.7 91.1 96.6 97.5 96 96 97.2
38.1 40.7 45.4 50.6 50.4 51.3 52.8 57.1 65.9 69.3 67.7 68.5 69.5 70.1 71.2 73.8 74 72.7 73.3 76.5 80.2 80.1 80.4 79.7 77 74.4 72.6 77.3 83.1 84.9 81.8 78.3 79.6 80.6 80.8 82.5 81.3 77.5 72.1 74.5 81.8 86.5 89.7 89.8 85 79.6 77.3 71.7 68.5 65.6 65 65.8 67 69 71.2 73.6 76.3 79 80 81.4 85.1 87.7 89.4 87.2 81.9 78.4 73.9 78.7 86.4 94 97.7 99.1 100.4 97.9 91.4 86.5 89.3 92.5 91.6 90.9 92 93.9
40.3 42.1 46 51.6 52.1 40.3 50 56.8 63.8 65.9 64.7 66.3 67.5 68.1 69.3 70.1 69.8 70.2 71.6 75.2 77.1 75.5 74.9 73.5 70.5 69.5 70.5 75.2 79.7 80 77.1 76.2 77.3 77.9 77.5 78 76.8 72.6 69.6 77.7 84 86.2 85.7 84.7 82.5 77.2 74 68.2 64.2 63.1 63.4 67.5 72.5 76.1 78.6 79.4 81.3 83.4 83.6 85.9 89.5 90.6 91.7 89.3 80.6 73.9 80.7 83.5 88.1 91.5 92.5 94.5 95.5 95.1 90.3 86.4 86.5 87.3 89.4 93.3 95.9 97.8
39.5 42.5 43.8 45.3 47.5 47.6 50.5 56.1 61.5 63.4 63.9 66.4 69.1 69.4 68 67.8 68.3 69.6 72.5 74.5 73.8 71.4 69.7 68.5 66.7 67.1 67.8 72.6 74.3 73.9 71.8 71.6 72.3 71.8 71.7 72.1 69.8 66.9 71.2 77.9 80.3 79.9 79.5 78.6 77.3 74.5 71.2 65.1 62.3 62.1 65 73.7 78.5 81.2 82.6 82.8 84.8 86.7 87.1 89.3 90.1 89.4 89 87.8 81.8 75.8 84 81.3 82.3 86.1 88 89.1 90.1 89.5 87 85.3 87.3 90.9 95.6 98.6 101.2 103.2
39 40.6 42.9 47.3 50.3 53 53.4 57.4 60.8 62.5 64.9 68.8 71.3 70.6 68.4 68.3 70.5 73.3 74.7 73.1 71.1 68.2 66.6 65.9 65.9 66 66.9 69.6 69.3 68.5 66.3 66.3 66.2 65.5 65.9 65.6 64 64 70.1 74.2 74.3 74.4 74.2 73.9 73.4 71.8 68.8 63.6 62.2 62.9 69.2 76.9 80.2 82.7 85.7 86.8 87.4 88.6 89.1 87.3 84.1 82 79.9 77.7 75.5 75.5 75.8 76.7 77.5 79 80.5 83.6 84.5 84.5 85 85.9 90.8 95.6 98.6 101 103.9 106.3
46 48.2 48.8 52.2 56.6 61.6 63.7 62.4 64.6 65.7 68.1 70.7 72.2 70.8 69.1 70.2 74.4 76.6 75.5 72.3 69.6 67.5 66.4 66 66.9 66.4 66.4 66.9 66.1 64.4 62.9 62.6 62.2 61.6 60.4 60.1 60.4 62.1 67.1 68.6 68.2 67.9 67.9 68.4 70.1 70.6 67.1 63.3 63.4 67 73.6 78.5 81.9 85.8 90.5 93.5 92.5 90.9 89.6 85 79.3 76.2 75.8 78.2 81.1 82.4 82.6 84.9 86.2 84.1 89.3 93.9 94.9 92.8 91 91.1 90.5 97 99.4 101.3 103.6 105.6
54.4 56.4 55.8 58.5 63.5 68.1 68.2 69.2 68.1 69.3 71 72.4 72.6 70.2 70 72.2 77.3 79.2 77.3 74.6 71.4 68 67.1 67.5 70 68.8 68.2 67.3 65.7 63.9 62.4 61.9 61.3 60 59 58.6 58.5 60.1 64.4 64.8 63.7 63 63.3 65.1 67.8 68.6 65.6 63.3 66.1 71.1 77 81.7 85.6 90.4 96 99.8 98.3 95 90.8 85 76.2 75.9 81.2 87.3 92.5 93.8 93.9 92.7 93 93.7 95.2 99.4 101.1 100.5 99.7 97.9 94.1 95.3 97.4 99.4 101.6 103.4
60.1 61.3 62.5 65 69 71.2 70.2 69.6 71.4 73.3 74.2 73.2 72 70.2 70.6 74.4 79.3 80 77.8 75.9 73.3 71.4 69.6 69.3 71.1 70.9 70.6 70 69 67.3 66.6 64.4 60.9 59.1 58.4 58.4 58.4 60.1 61.9 61.6 61.5 61.9 62.6 63.6 65.1 64.7 62.8 63.9 69.2 75.7 82.3 86 89.3 94.2 99.1 100.9 99.6 95.2 89.7 84.3 76.1 79.8 90 96.2 98.7 98.9 98.4 96.7 99 101.2 102.6 104.2 105.5 104.2 102.9 100.3 96 93.5 94.6 95.8 98.8 101.2
