Assets/StreamingAssets/GeoData/Data/sd/SD68.asc
ncols 200
nrows 200
xllcorner 360000
yllcorner 480000
cellsize 50
[rows 105 to 139 of 200, columns 0 to 79 of 200]
203.6 204.6 205.3 205.8 205.9 206.3 207.1 206.8 203.8 195.2 184.2 172.6 160.1 148.5 137.8 127 116.1 106 104.7 106.6 103.6 98.5 94.3 93.3 90.3 69.7 63.8 62.3 62.5 62.9 62.9 62.5 59.7 73.1 80.4 81.1 83.9 84.5 82.4 78.8 77.6 74.9 71.5 68.4 70.6 72 71.2 71.6 72 73.6 72.2 73.2 77.4 81.1 87.6 92.1 94.5 94.9 100.6 104.5 104.1 102.4 106.5 111.6 111.1 113.8 122.1 134.2 148.2 160.4 169.1 180.5 191.5 209.3 221 229.7 244.4 249.3 256.4 263.1
203.8 205.5 206.7 207.3 205.8 204.5 204.8 203.8 198.2 188.3 177.8 166.9 154.6 142.4 134 123.6 112.7 104.8 104.2 104 100.2 95.8 92.6 95 85.3 65 63.5 62.4 62.6 62.9 62.8 59.6 63.3 70.5 82.3 87.2 88.8 89.9 87.8 81.8 78.8 77.2 74.7 70 69.4 73 71.2 69.6 71.4 72 72.4 74.1 77.1 80.5 85.5 91 94.2 93.9 99.9 102.8 101.9 100.3 105.1 109 108.2 112.2 121.9 135.3 150.3 161.3 171.8 181.3 194.4 213.5 227.6 239.5 246.5 255.6 261.7 270.2
206 209.1 210.4 209.7 207 204.5 203.9 201.5 194 183 171.1 162.6 149.4 139.3 130 119.7 111.7 104.2 102.1 100.9 96.8 92.6 92.4 95.7 76.8 63.4 63.5 62.4 62.6 62.7 59.1 60.5 67.2 70.8 83.5 92 93.1 94.6 93.8 88.1 80.8 77.7 75.1 70 68.8 69.6 70.7 69.8 70.4 71.9 73.3 75.3 77.3 79.2 85 91.1 94.4 94.5 98.8 101.1 99.6 98.7 103.6 106.8 106.2 111.4 122.9 136.4 151.3 161.5 171.7 182 198.9 218 234.6 247.7 256 261.1 268.7 276.5
209.8 214.9 217.6 214.2 210.8 206.7 203.7 197.6 190.3 176.7 167.7 157.6 145.7 138.1 127 116 110.5 105.5 102 98.6 93.7 86.6 92.1 94.4 65.4 63.2 63 62.2 62.1 58.9 59.6 63.4 67.3 71.5 83.7 92.7 97.5 99.1 97.6 91.7 84.5 78.6 75.2 71.1 69.4 69.6 70.5 70.9 72.8 74.6 75.3 76.2 77.7 78.9 85.4 91.4 94.7 94 97 99 97 98.3 102.4 104.2 103.3 112.1 124 137.3 150.7 161.2 172.7 183.6 202.8 224.1 235.7 246.8 260.1 269.2 272.9 283.6
215.3 224.3 224.1 218.1 212.4 208.1 204 196.5 186.2 171.8 164.6 152.7 143.1 135.2 123.5 113.6 108 104.7 102.2 101.3 95 87.9 91.4 72.5 62.4 62.8 62.4 62.4 61.3 59.1 62.6 65.3 67.5 68.8 79.7 90.5 99.4 103.3 101.2 94.9 87 81 76.9 72.4 70.8 70 69.7 69.4 72.6 74.4 72.6 74.3 76.5 78.5 84.8 90.3 93.5 92.8 94.2 96 95.2 96.3 100 99.8 104.7 112.4 124.4 136.5 149.4 161.7 172.5 186 206.8 224.5 235.5 247.9 255.9 264.2 275.6 289.7
218.5 231.8 227.7 220.5 212.1 208.8 204.3 198 186.5 173 162.4 151.3 139.6 130.9 121.6 112.4 105.6 101.8 104.1 101.4 94.9 88 73.3 63 62.1 62.6 62 61 58.3 62.5 63.7 66.9 67.5 67.9 72.6 87.3 96.4 102.7 101.9 95.5 88.5 82.9 77.5 72.8 71.7 71.3 70.8 70.1 73.1 73.2 70.3 72 74.4 77.3 82.5 87.8 91.8 91.9 93 93.3 93.2 94.6 97.7 104.9 108.3 114.5 126.1 136.2 147.7 160.3 171.5 187.8 206 219.8 231 245.5 258.7 270.9 283.5 291.1
219.6 233.4 229.5 222.9 213.9 209.5 204.9 199.1 188.2 174.2 162.8 152.7 141.8 131.6 120.3 110.2 103.4 100 107 100.4 94.4 85.6 69 62.6 61.9 61.8 60.2 57.4 62.1 63.4 65.6 65.8 67.4 67.7 72.7 83.7 89.9 96.7 98.7 93.7 89.2 84 77.2 74 72.7 71.5 74 73.6 75.3 74.9 69.1 70.1 73.5 75.6 79.7 85.5 91.4 92.3 92.2 91.4 92.1 93.9 100.9 106.1 108.4 114.5 126.7 135.7 146.9 159.7 171.5 188.1 204 217.3 228.1 240.2 252.2 262.8 279.9 284.2
218.7 232.8 230.4 223.2 214.8 209.9 205.3 199.5 187.5 173 161.7 151.7 141.1 130.8 119.8 109.1 99.3 99.8 108.8 101.7 92.2 83.6 67.6 61.5 61.7 57.4 57.4 62.5 63.8 65.6 65.5 65.3 65.7 66.9 75 84.5 88.8 92.2 94.9 90.9 87.3 82.5 76.5 73.6 72.3 71.1 73.8 75.1 76.3 74.4 68.8 68.5 71.9 74 78.1 84.2 91 92.5 92.7 90.3 92.2 96.8 102.1 106.6 107.9 115 127.9 135.9 147.7 157.2 167.5 182.6 198.8 210.3 222.2 231.6 239.4 250.4 263.3 273.4
214.5 230.9 228.4 221.2 214.4 208.3 203.4 194.5 184.8 169.7 159.4 149 139 129 117.7 107.2 98 101.7 107.9 101.8 87.4 81.8 69.8 61.3 57.4 60.6 62.8 65.6 65.4 65.2 65.1 65 65.1 65.7 75.9 83 85.2 90.2 90.4 86.9 84.6 80.8 75 73.3 72.1 71.1 74.2 75 75.2 72.5 68.5 68.7 69.2 71.1 76.3 84.4 90.8 91.7 92.3 89.8 93.8 98.6 102.8 104.9 107.4 114.2 129.5 137.6 147.3 154.9 163.2 175.9 189.1 204.4 218.7 227.7 235.1 243.5 255.8 268.4
210.7 226.7 225.9 218.9 212 204.8 198.8 189.8 177.5 164.8 156.7 146.8 136.4 125.3 113.8 103.4 97.4 103.6 104.9 97.2 83.3 80.6 71.4 57.4 60.6 61.9 64.1 65.1 64.8 64.8 64.9 64.8 64.3 65.4 74.7 81.8 84.7 88.1 85.7 83.1 81.6 78.4 74.9 73.9 72.1 70.5 73.5 73.7 71.1 69.1 68.3 68.3 68.3 68.8 75.4 84 89.9 90 90.5 89.8 94.9 98.6 102.4 106.6 112.9 117.5 129.8 137.7 146.1 153.6 162.9 174.3 184.1 195 208.6 219.2 226.4 234.2 248.5 263.8
206.9 221.2 222.3 216.4 209.6 201.3 194.4 185.2 173.7 162.4 153.6 143.9 133.8 122.1 110.4 101 97 104.3 100.9 92.2 80.1 79.6 64.9 59.5 60.7 62.1 62.5 63.8 64.4 64.5 64.6 64.7 64.5 64.4 70.7 80 82.8 83.9 81.1 79.5 79 77 73.7 73.2 71 71 72.4 72.2 69.3 70.2 68.2 68.2 68.3 68.9 75.9 83.3 88.7 88.9 90.4 91.5 96.5 100.3 104.4 109.4 113.9 118 128.9 137.5 145.9 153 163.1 171.6 181.1 188.2 198.9 208.4 218.1 228.7 238.2 248.1
204.6 217.1 219 213 206.4 197 190.2 180.8 169.8 162.3 151.5 142.3 131.8 120 108.7 99 97.5 103 96.4 88 78.8 67.6 62.7 59.7 60.5 61.9 62 62.1 62.4 64.2 64.8 64.8 64.3 64.3 68 75.9 80.1 80.3 76.4 76.4 78 76.2 73 72.4 71.6 72.1 73.1 72 72.7 70.5 68.3 68.5 68.7 70.1 76.7 83 87.4 86.3 90.8 92.6 97.6 100.8 106.2 109.4 114 121.1 129 138.1 145.3 153.1 163 169.8 177.2 183.7 192 200.7 208.2 218.3 227.2 235.1
203.4 213.5 214.8 209.5 202 193.5 186.1 176.7 165.9 160.5 152.2 141.3 130.1 117.1 106.7 97 98.5 99.9 94.1 82.6 70.5 80.6 73.7 57.4 57.4 58.8 60.5 61.6 61.5 61.9 64.1 64.9 64.2 64.2 66.7 71.9 75.9 76.4 74.4 74.8 77.1 76.9 73.1 71.9 72.6 73.7 72.6 71.4 71.7 69.5 68.5 69.1 69.7 71.1 77.2 81.7 84.3 84.4 92 93.6 98.6 103.6 107.6 109.4 115.6 124.1 131.3 138.5 145.2 153.2 162.2 168.4 173.5 179.3 187.2 195.3 202 209.4 221.3 230.7
202.6 209.7 210.3 206.8 199.3 189.9 181.6 171.5 163.6 159.5 152.3 139.3 128 115.2 105.3 96.1 97.2 96.8 90.2 79.8 78.7 81.8 83.4 77.6 68.8 58.3 57.4 57.4 60.9 60.9 61.9 63.3 63.7 64 66.9 72 75.3 73.8 74.5 75.8 77.1 76.7 73.3 71.9 73.3 75.1 72 71.5 70.3 68.7 68.7 69.4 70.4 71.9 76.7 81.4 85.4 88.9 93.4 95.2 101.6 105.6 106.6 111.5 118.8 125.7 132.3 141.9 147 152.2 160.4 165.8 170.6 176.6 182.7 189.7 198.3 206.9 215.8 227.9
200.9 205.9 207.1 204.8 196.3 186.5 177.4 169.7 163.6 158.3 149.6 137.4 126.8 114.9 103.9 96 94.8 92.9 87.4 80.6 79.3 83.9 85.8 82 73.4 63.1 61.7 57.1 57.9 57.9 60.2 61 63.4 63.7 67.3 72.5 76.2 73 72.6 74.1 75.6 76 72.9 72 74.2 74.6 72.6 70.3 69 68.9 69 69.3 70.3 71.7 77.3 81.9 87.3 89 93 97.4 102.6 104.6 107.6 114.4 119.8 124.2 134.2 146.5 145.7 153.9 160.5 162.6 166.9 175 179.9 188.1 194.4 202.4 207.9 224.5
201.5 204.5 203.3 198.8 188.4 181.5 173.5 166.3 162.8 157.4 147.8 136.6 125.3 114.3 104.5 94.7 91.8 89.6 85.3 81 80.8 86.7 87.4 81.2 71.7 63.3 61.9 61.7 61.1 57.2 56.6 59.3 60.6 62.5 68.2 71.6 71.9 72.2 74.2 74.7 75.6 75.2 72.6 71.5 73.4 70.7 68.4 69.1 69.8 68.9 68.3 68.7 70.2 72.2 77.2 83.2 88.1 91.2 94.6 98.8 101.7 106.4 111.8 115.6 120.1 125.5 133.5 138.2 144.3 159.9 160 159 162.4 171.6 179.9 187.7 196.6 209.4 217.1 219.5
200.5 200.3 198.1 192.8 183.7 176.8 168 163.7 160.9 155.7 145.8 135.1 124.4 113.6 104.7 95.6 92.7 88 84.4 81.5 82.4 89.7 87 77.7 69.8 62.7 61.6 61.4 61.4 61.2 60.4 58.1 55.9 60.3 71.8 72.7 72.3 73.7 73.2 74.7 75.2 74.6 72 71.3 71.7 68.8 68.6 69.9 68.5 68.6 68.6 68.5 70.1 74 79 86.6 92.7 94.3 95.2 98 104.9 109.5 112.8 115.7 119.7 125.5 131.1 139 149.3 157.3 156.6 153.9 160.3 168.2 176.5 186 200 215.8 225.7 230.9
199.2 197.8 194.1 187 180 173.7 165 161.1 158 152.3 143.9 133.2 122.5 113.2 105.6 96.1 92.9 89.5 85 81.8 84.1 90.4 86.2 75.9 68.7 62.6 61.3 60.8 60.9 61 60.9 60.8 60.4 55.9 69.3 70.2 72.1 72.1 73.4 74.1 73.6 73 71.7 69.3 68.4 71.7 72.1 71.7 68.9 68.6 68.8 69.3 70.5 75.2 81.4 88.5 94.6 94.6 94.5 101 106.9 110.8 112.8 113.7 120.1 125.6 130.1 140.6 154.2 154.6 152.2 153 158.7 166.4 175.2 186.5 200.2 213.9 224.3 233.9
196.2 195.5 190.2 182.9 175.7 170.7 162.5 158.7 155 148.8 141.1 131.5 121.2 113.3 105.8 96.5 92.4 90.2 86.2 82.2 85.5 89.6 84.5 74.4 67.3 61.6 60.3 60.3 60.4 60.4 60.6 60.8 60.5 59.5 60 66.3 71.3 73.4 73.8 73 72.1 71 69.7 69 68.6 71.7 72.3 70.2 69 69.4 70.5 70.8 72 76.3 83.1 89.9 94.6 93.2 96.4 102.4 107.3 109.7 109.8 113.2 120.7 128 130.1 141.6 149.8 149 149.2 152.9 159 165.8 177.2 188.1 200.2 212.8 224.8 238
194.5 192.3 186.4 178.7 171.6 165.6 158.4 155.5 151.5 146.2 139.5 131 119.8 111.8 105 97 93.4 90.7 87.4 81.9 86.7 88 81 71.9 65.7 54.2 54.2 54.2 59.2 59.7 60.4 60.7 60.3 59.7 61.4 69.5 73.1 74.3 74 74.3 72.5 69.7 68.9 68.8 68.2 71.2 69.8 70.3 69.9 71.1 72.4 72.7 73.9 78.3 83 88.8 92.9 93.2 97.8 103.1 107 107.5 109.9 113.9 120.4 130 129.2 135 142 143 145.9 153.3 160.6 169.8 180.2 191.4 205.1 216.3 228.2 237.9
192.1 187 181.1 172.3 166.6 160.4 153.8 150.1 146.8 142.8 137.9 129.4 118 110.2 103.7 96.1 95 93.4 87.5 82.3 86.8 85.2 79.2 69.5 54.2 56.6 57 55 58.2 59.2 59.4 59.8 59.9 58.1 62 70.2 74.2 75.3 75.9 72.8 69.8 67.9 68.3 69 70.8 71.4 70.5 71 71.8 73 74.1 74.9 76.3 80.2 85.8 92.8 94.8 94.8 97.4 102.7 105.2 106.6 110.2 113.2 119.8 129.4 129.1 129.6 133.1 139.2 145.3 154.8 162.1 172.5 183.7 194.8 207.3 218.5 229.9 240.4
185.7 180.2 173.7 168.5 162 156.1 149.7 146.2 143 140.2 134.6 126.9 115.8 107.7 102.4 96.8 94.1 93.1 87.3 82.5 85.6 82.4 76.9 68.4 54.2 58.6 58.8 58 54.2 59.1 59.7 59.8 59.3 55.4 68.5 72.2 71.7 71.3 72.8 70.3 68.9 67.3 69.3 68.3 71.9 71.5 71.8 72.9 73.7 74.7 75.6 76.6 78.3 80.9 88 94.8 96.1 96.1 98.8 102 104.1 107.6 109.7 111.9 119.5 127.3 127.8 126.3 130.3 138 145.7 155.1 163.7 176.5 188.8 201 211 221 231.9 243.7
180.4 174.6 168.4 164.6 158.9 153.1 146.3 143.7 139 135.2 129.8 122.5 112.6 106.1 100.5 97 93.8 91 85.4 81.8 83.9 80.7 76.3 61.6 54.5 58.3 59.7 61.7 54.9 59.2 59.9 59.8 55.4 59.7 74 73.2 70.4 69.6 68.2 67.3 67.1 67.8 68.4 69.3 69.5 71.7 72.9 74.2 75 75.9 77.2 78.4 79.2 82.5 90.2 94.8 95.7 96.8 98.7 101.6 104.6 107 108.6 110.7 118.1 124.4 124.3 123.6 129.1 137.3 146.4 155.8 165.8 181.4 195.5 205.8 215.7 227.1 239.6 252
177.5 169.7 164.5 161.2 155.9 150.6 145.4 140 135.8 131.5 124.8 116.9 109.6 104.7 98.7 96.9 94.7 91.3 83.4 80.9 81.5 79.3 74.9 56.4 55.7 58.1 60.5 63.2 55.2 59.6 59.8 56.1 55.4 65.5 69.2 69.3 69.6 69.3 66.3 66 66.7 67.3 68.5 69.3 71.9 73.8 74 72.9 75.4 76.8 77.9 79.5 80.7 84.7 90.9 94.5 94.6 97 98.7 101.2 104.1 106.7 107.9 110 116.4 120.5 120.2 121.3 129.2 138.1 148.7 156.6 167 183.9 200.7 211.9 221.8 234.7 248.8 261.4
171.7 164.6 161.1 157.5 154 149.1 143.1 135.9 132.4 128.4 120.9 112.4 107.1 102.8 98.1 95.8 95.1 92.8 84 79.6 78.9 78.1 72 57.8 55.6 53.3 61.2 61 55.9 57.9 55.9 55.4 59.4 68.2 71.1 71 69.4 69 66.6 65.5 66.2 66.8 67.8 69 70.3 70.8 73.1 72.6 76.4 77.7 78.7 80.3 82.4 86.2 91.3 93.4 93.7 96.3 98.7 101.5 104 106.1 108.2 110.8 113.8 116 116.8 119.5 128.6 139 149.5 157.7 168 187 202.8 220.1 231.7 244.3 258.2 268.7
166.7 159.9 156.3 155.2 152.8 147.4 139.2 132.3 129.8 124.8 117.4 108.7 105 102 98.3 94.6 94.9 93 85 78.9 77.8 75.9 70.8 57.6 54.1 53.3 61.4 59.2 55 55.2 58.7 59.2 62.1 69.5 70.4 71.4 67.1 65.2 65.4 65.6 65.7 66.7 66.9 68.2 73.1 72.9 71.5 72.6 77.3 78.1 78.9 79.9 82.7 86.9 91.3 92.8 93.7 95.6 99.6 103.3 105.6 107.1 108.5 110.3 112.7 114.7 115.9 118.7 127.3 137.2 149.7 162.7 176.4 189.5 204.3 223.8 241.1 252.3 265.9 277.1
160.9 154.2 151.8 153.6 151.9 145.2 135.7 129.2 125.8 120.1 113.3 105.1 102 98.7 95.4 93.5 94.9 92.2 83.5 78.1 77.1 75.8 68.2 57.3 53.6 53.3 60.8 59.2 58.9 59.2 59 59.4 64 68.6 69.3 66 65 64.7 65 65.4 65.6 66.7 67.6 68.2 71.6 74.8 73.6 72.7 76.2 78.4 79 80.1 83.2 87.3 91.3 92.4 93.2 95.7 100.5 104.7 106.6 107.5 108.9 110.6 112.2 113.4 114.7 117.3 126.3 137 150.2 166.3 180.7 192.4 206.3 223 245 258.7 270.7 284.1
155.4 149.4 148.6 152.6 147.5 140.1 131.8 126.3 122.4 116.2 108.8 102 98.8 95.7 93.4 92.9 94.5 91.3 82.4 76.8 76.1 75.7 68.5 57.6 55.2 53.3 61.3 59.2 58.6 58.6 58.6 64 64 65.8 66.6 65.3 64.6 64.8 64.9 65.2 65.8 67.1 68.1 69.2 71.5 74.9 73.4 73.7 76.4 77.8 79.8 80.9 83.6 87.7 91 91.5 92.5 96.2 101.7 105.6 105.9 106.6 107.8 109.3 110.7 111.5 112.9 116.9 125.7 136.9 149.4 167.4 181.3 193.3 205.9 225.9 245.5 266.6 277.5 290.9
151.3 144.4 146.4 149.4 142.4 135.7 130.8 125.3 119.6 112.1 103 98.8 96 93.4 91.9 92.9 94.3 91 82.6 76.5 75.1 75.1 68.9 58.1 56 52.9 61.3 60.5 59.1 59.3 64.2 64.1 64.2 64.8 65.7 65 64.7 64.8 65 66.3 67.2 67.9 68.7 69.7 71 73.5 73.6 74.7 77.6 78.9 80.2 81.4 83.8 87.6 90.9 91 92 97.4 102.6 105.7 105.8 105.4 106.7 108 109 109.7 111.7 116.5 124.5 135.1 149.3 163 176.9 192.5 207.7 226 245.5 267.1 285.7 299.8
146.8 140.1 144.2 146.7 140 132.9 128.3 123.2 115.9 107.4 100 96.6 94.1 91.9 90.7 93.4 95.2 91.8 85.8 79.4 74.9 73.2 68.3 58.4 56.5 52.9 60.5 61.1 61.1 63 64.4 63.9 63.8 64.3 64.4 64.8 64.5 64.7 65.1 67.6 69.1 68.2 69.1 69.9 71.9 72.2 74.5 77.3 78.6 79.1 80.5 81.8 84 87.7 90.4 89.9 92.6 98.5 102.5 105.3 104.5 103.9 105.6 106.7 107.3 107.9 110.4 116.3 124.6 135.5 150.1 163.6 179.7 193.5 208.5 226 245 268.7 287.5 298.9
143 136.8 141.7 143.3 137.1 130.5 125.6 120.4 112.6 103.8 98.4 95.1 92.2 90 91 94.6 99.7 95.2 87.7 83.1 78.3 71.9 63.2 57.7 56.6 52.9 60.2 60.4 60.4 60.4 63.2 63.7 63.6 64.1 65.2 65.1 64.8 64.3 64.7 68.4 69.9 68.4 69.4 69.9 71.1 72.1 75.5 79.7 80.4 80.2 81 82.3 84.1 87.8 89.9 89.3 92.2 98.6 102.5 104.2 103 102.6 103.9 105.2 105.8 106.1 110.1 116.5 124.4 135.2 152.3 166.1 181.1 193.3 209.7 225.3 245.1 266.7 279.6 287
137.9 134 139 139.8 132.8 126.4 121.2 117.2 110.6 102.6 97.7 93.9 90.7 88.5 91.4 99.3 102.7 94.5 89.1 84 79.8 74.9 61.5 57.2 56.2 52.9 56.9 59.8 59.4 59.7 59.7 63.4 63.6 62.9 65.8 67.1 67 67.3 67.6 69 69 69.5 70.7 69.4 70.4 71.9 77.4 80.4 81.1 81.7 81.9 82.7 84 87.2 89 88.9 91.7 97.9 101.9 103.2 101.3 101.4 102.4 103.6 104.5 105.9 110.1 116.5 126.2 136.5 152.8 167.7 182.7 195.3 211.5 228.5 245.3 258.1 267.6 274.3
135.4 132.1 136.3 135.9 129 121.8 118.5 114.6 109 103.5 98.7 92.7 89.4 87.6 94.8 100.7 103.1 95.3 90.2 84.7 79.5 74 59.1 57.2 56.3 52.9 56.4 63.3 61.1 59.9 59.2 60.4 63.3 63.1 65.1 67.2 69.5 69.2 69.2 71.2 71.8 73.2 71.6 69.9 71.2 74.2 79.4 81.2 81.8 82.4 82.8 83.5 84.2 85.4 87.7 88 92.4 97.1 101.3 101 99.6 100.8 101.7 103.1 104.9 107.7 112.2 118.7 129.3 140.4 153.3 167.1 181.4 196.4 213.8 226.4 240.2 248.8 256.6 262.4
132.6 130.1 133 131 124.6 119.8 117 114 108.6 105.4 100.6 92.9 88.3 87 94.5 103 106.7 97.8 91.5 84.3 78.1 66.6 57.6 56.7 56 52.9 56.2 58.3 61.5 60.6 60 59.5 62.1 61.9 66.1 68 68.2 68.9 70.6 75.3 77.1 77.5 74.5 73.8 75.1 78.8 80.9 81.9 82.3 83 83.4 84 84.8 85.5 86.5 87.8 92.9 96.2 99.5 99 98.2 99.7 102 104.1 106.4 109.9 114 121.9 131.9 143.7 154.9 167.7 181.2 197.6 212.5 223.1 231.1 237.9 244.1 250.7
128.4 127.7 129.2 126.5 120.7 118.6 116.9 113.4 109.5 107 101.2 92.8 87.8 87.2 96 104.9 108.6 103.1 92.8 83.9 74.4 60.7 56.8 56.2 56.3 52.8 55.3 56.2 61.3 60.2 60.7 59.6 60.1 61.8 68.6 69.6 69.6 69.7 69.9 72.1 77 78 75.5 77.9 79.2 79.9 80.1 81.4 82.4 83.4 83.9 84.5 85.3 86.1 87.2 88.9 92.7 95.8 96.8 96.6 98 100.3 102.5 105.7 108.4 112.1 115.1 123.4 133.3 144.1 155.3 167.3 180.6 195.6 210.3 218.8 223.9 229.7 236.3 241.5
