Assets/StreamingAssets/GeoData/Data/sd/SD77.asc
ncols 200
nrows 200
xllcorner 370000
yllcorner 470000
cellsize 50
[rows 70 to 104 of 200, columns 78 to 155 of 200]
313 324.2 334.1 347 355.8 354.4 353.1 349.4 348 347.3 348.4 348.2 352.6 354.1 351.3 354.1 356.8 361.3 366.7 366.8 375 379.8 385.9 391.2 397.9 403.1 412 418.9 426.6 434.8 443.1 450.8 459.2 472.6 488.4 503.1 510.5 518.9 526.4 532 530.6 529.3 529.9 526.3 523.9 522.4 519.6 514.1 511.1 509.3 507.8 505.6 502.3 494.8 488.3 477.3 466.3 458.8 452.5 446.3 439.7 431.5 422.7 414.7 409.6 405.4 396.8 386.4 374.1 369.3 367.9 360.9 354.3 352.1 347.7 342.6 337 329.8
334.9 334.6 348.3 357.5 358.4 360.4 354.9 353.7 350.3 348.8 349 348.2 350.3 351.4 353.6 355.1 358.9 362.4 368.1 374.5 379.8 385.4 390.3 396 403.6 410.4 417.5 424.4 434.1 442 449.4 458.4 471.3 489.3 501.2 508.4 514.9 523.9 529.1 530.6 529 525.2 523 520.8 516.8 513.1 509.6 505.9 503.4 500.9 499.6 497.2 489.7 485.2 478.7 469.5 460 453.1 445 439.9 435.8 429 419.8 412 408.3 404.2 396.3 387.7 377.8 371.9 370.5 362.5 355.5 353.6 347.6 342.9 336.8 330.7
336.7 340.1 359.6 362.6 363.3 361.7 358.6 354.9 353 352.3 351.2 350.4 351.7 351.2 353.7 357 360.9 366.5 369.9 375 381.2 388.8 395.3 402.7 411.3 418 425.1 432.2 439.2 448.5 457 470.5 490.2 503.5 509.4 519.9 530.3 534.8 535.2 534.7 530.6 525.2 516.5 511.5 506.3 502.2 500.3 497.6 496.5 494.1 491.8 482.7 480 477.9 473.9 464.4 456.2 448.3 440 431.7 430.3 425.3 415.6 409.2 405.2 400.2 393.4 385.8 380.4 375.7 371.8 364 355.9 352.9 347.9 342.6 336.1 330.4
341.8 356.4 362.2 365.2 364.2 362.2 359 353.7 355.1 354.7 354.2 353.7 353.2 354.1 356 358.5 367 371.7 376.3 381.9 389.2 394.3 400 409.7 417 424.9 431.5 438.8 448.7 457.6 471.2 489.6 505.1 513.3 526.8 546.9 555.1 553.7 548.9 541.4 532.4 524 515.5 501.5 489.7 485.8 484.7 485.7 485.6 482.9 480.1 474.7 471.9 469.6 466.5 459.9 450.5 444.2 434.2 427.2 424.4 421.5 414.8 407.6 402.1 395.2 389 384.5 380 376.7 371.8 363.7 355.9 353.2 347.3 341.5 335.5 329.9
358.3 363.3 366.7 366.3 365 363.7 359.5 356.1 355.9 355.7 356 354.9 355.8 357.2 360.4 365.9 371.1 377.1 382.9 389.2 397 404.1 409.8 414.7 421.5 429.9 439.8 448.1 457.6 472.4 491.3 505.9 515.2 528.2 549.9 563.1 567.8 565.1 557.1 547.7 535 523.2 510.8 496.3 483.2 472.1 468.2 474.3 474 473.1 469.6 466.3 463.6 460.3 457.3 454.1 446.5 439.5 431.1 424.4 419.2 418.8 412.6 408.6 400.8 390.7 384 379.9 377.1 373.4 371.6 362.7 355.6 351.5 346.6 340.6 334.7 330.4
364.7 370.8 368.9 367.3 366 364.2 361.5 357.9 346 357.1 357.2 357.9 358.7 359.7 367.8 374 377.7 384.2 389.9 396.2 403.4 411.1 416.1 420.5 428.5 438.2 445.7 458.1 473.4 489 504.2 513.1 526.6 545.8 565.9 574.3 577 570.9 559.5 551 536.6 520 505.8 492.4 478.3 466.3 460.7 464.8 465.3 463.5 461 459.1 456.5 454.8 449.2 445.9 442.2 434.1 425.1 418.1 412.4 414.3 411.8 410.1 404.2 391 382.7 377.3 373.5 372.2 369.8 359.5 354.6 350.7 346.2 339.7 335.2 331
370.8 372.5 370.2 368.2 367.3 365.8 363.8 361.2 358.5 358.6 359.1 360.8 365.1 370.1 374.4 380.2 383.9 390.1 397.6 402.7 409.1 415.6 421.6 428.8 436.6 444.8 458.4 474 491.4 503.6 510.6 524.5 547.1 569.1 583 584.2 581 575.3 562.2 549.3 534.1 517.5 504.6 489 473.3 462.1 457.1 455.4 456.4 455.1 453.9 452.2 449.8 447.7 443.6 440.7 437.2 429.7 421.2 413.3 407.9 409.3 409.5 410.2 406.2 394.8 383.7 381.3 373.8 368 366.4 361.8 354.7 350.8 346 339.7 336.2 331.5
373.6 374.5 372.9 370.6 369.3 367.4 365.7 364.3 363.1 362.8 366.8 372.8 376 379.7 379.3 385.8 390.2 395.8 403.7 410.6 415.7 421.2 429.7 437.5 447.6 462.6 475.7 492.6 503.1 513.3 528.4 550.1 574.3 587.3 590.3 589.3 585 577.6 563.9 547.6 530.9 516.6 505.5 486.2 471.2 459.7 453.7 449.1 448.2 448.1 447 445.3 443.8 440.1 436 434.7 432.3 426.9 419.1 408.8 402.9 403.7 404.9 406.8 406.5 397.2 387.3 385 375.2 364.4 362.7 357.8 353.6 350.6 346.1 339.6 335.3 332.3
377 375.7 374.2 372.6 370.7 370.1 369.4 368.2 367.8 373.1 379.2 382.6 383.9 387 388.3 390.7 397 403 409.8 416.9 423.8 431.3 442.2 451.9 464.1 476.8 491.3 503.7 514.3 528.3 549.2 575.6 584.2 592.7 594.6 593.2 589.6 581.6 564 544.5 524.8 515.9 502.2 485.2 470.1 458.2 450.8 446.5 442.2 440.4 440.6 437.8 436.9 435.2 431.3 427.6 425.9 423 417.7 407.7 400.6 397.1 398.1 401.6 403.3 396.3 388 385.5 376.5 363.4 360.8 354.7 350.2 349.5 343.3 339 333.9 333.3
378 376.1 375.5 373.8 372.2 372.5 373 373.7 378.3 382.7 385.3 386.1 386.4 392.2 394.9 400.7 403.9 409.3 416.6 424.3 433.4 445.6 456.2 465 472.7 489.2 504.6 516.2 528.9 550.1 574.5 582.9 589.7 597.4 599.9 599.6 593.1 583.5 562.6 541.8 522.6 512.1 500.7 482.7 468.4 457.8 449.6 443.9 441.2 435.8 433.1 432.3 430.4 429.6 427.2 422.7 420.6 418.3 415.3 408.1 399.8 389.4 391.5 395.1 397.7 393.1 386.3 385 375.8 361.6 357 351.3 346.7 346.4 341.3 336.2 333.2 333.2
379 378.4 377.2 376.3 375.8 375.9 375.9 380.6 383.1 384.4 385.9 387.9 392.6 397.7 402.4 406.9 411 416.6 426.7 436.6 449 457.6 464.9 473.1 483 501.7 514.7 527.4 546.9 571.6 585.8 592 599 603.9 606.6 603.5 594.8 584 560.2 536.6 522.4 511.6 498.9 480.7 466.7 456.3 448.3 442.3 438.8 435.5 428.5 428 426.4 423.9 421.6 418.1 416.1 414.8 413.2 407.8 399.9 389.2 386.2 388.2 390.9 387.3 382.7 381.9 374.8 360.6 355.3 350.2 345.4 342 339.6 334.6 332.8 328.5
379.4 379.3 378.8 379.1 378.4 378.9 379.5 382.8 383.2 384 385.3 390.8 396.7 403 410.5 415.8 420.4 427.9 441 452.8 459.9 465.8 472.5 483.5 500.1 513.5 527.1 543.7 565.5 586.2 593.6 601.2 605 609.4 610.3 604.5 595.8 582.1 558.6 532.5 520 508.6 495.6 477.4 465.6 454.2 446.4 441.2 437.4 435.2 430.3 424.9 421.8 419.5 417.8 414.8 412.7 412.2 411.3 407.4 400.9 389.5 382.8 382.8 384.2 381.8 378.9 378.7 372.5 361.1 354.1 349.5 343.6 338.7 336.2 332.5 330.1 325
382.6 381 381.4 380.4 380.7 381.2 383.3 383.2 384.4 385.5 388.9 396.4 401.9 411 417.4 423.7 433.5 443.1 454.4 461.8 468.2 474.2 482.4 499.4 513.4 526.2 541.9 562.3 583.4 595.5 600.7 607.1 611.3 613.2 613.5 605.6 596.8 581.4 555.7 534.1 520.2 506.4 492.2 475.9 464.5 453.5 445.3 439.4 436.5 433.9 428.9 422.5 419.9 416.6 414.3 412.5 410.3 409.6 408.3 405.7 401.4 391.9 382.5 379.8 380.2 377.6 374.6 375.7 370.7 360.4 353.9 347.5 343.8 337.9 334.1 329.4 325.9 318
384.5 382.9 383.6 384.5 387.2 386.9 389.2 389.9 391.9 395.1 399.2 406 412 418.3 426 434 446.6 455.3 463.3 469.1 477 487.5 501.1 514.6 528 540.1 561.1 585.4 596.4 602 607.1 612.3 618.3 618 615.5 606.2 597.5 579.9 549.6 531.7 518.4 502.1 490 474.9 464.3 452.6 444.2 437.3 433.4 432.1 428.7 420.9 417.8 416.2 413.9 410.7 408.2 406.9 405.6 403.7 400.9 394.7 384.6 378.8 377.6 374.3 370.1 373 368.7 358.7 352.5 346.6 344.8 337.3 332.2 326.2 320.3 316
385.9 384.9 386.7 390.2 392.7 394.3 395 397.5 400.4 403.6 408.4 414 419.5 427.7 436.2 447.7 456.7 464.5 471.3 478.2 487.1 500 511.5 523.1 538.7 554.7 581.7 598.8 602.7 607.2 612.2 619.9 621.2 620.3 615.3 608 597.2 576 546.5 529.4 513.6 501.7 488.9 476.6 465.7 456.5 444.5 436.2 430.4 427.6 425.9 420.6 414.9 415.2 414.2 410.4 406.9 403.6 402.5 401.2 399.4 394.7 385.8 379.2 375.5 371.9 368.7 369.2 365.5 357.7 350.7 346 342.5 337.3 331.6 326 321 316.4
388.2 388.4 385.9 390.2 395.3 398.4 399.7 401.6 406.6 411.2 416.2 424 430.8 442.9 450.8 457.9 464.3 471.7 479.8 487.9 499.1 509.4 517.3 532.3 549.3 573.2 600.4 602.6 607 612.4 618.3 621.3 623.8 622.6 619.1 609.3 596.7 572.7 543.4 524.3 511.7 501.1 489.9 476.9 465.5 455.9 446.2 435.7 429.9 424.3 421.1 417.6 412.4 411.9 412.6 410.9 406.4 402.7 398.9 397 396.8 393.3 386.6 379.5 377.1 373.5 369.6 366.3 363.8 356.4 350.1 345.3 346.4 340.6 334.3 330 324.6 319.5
389.8 391.3 390.9 394.3 397.7 402 404.5 409.5 414.3 419.1 425.8 437.4 446.3 452.2 459.2 465.6 471.5 480.2 486.2 497.1 503.9 514.4 524.1 539.9 565.4 592.9 603.2 607.6 611 615.3 617.7 620.9 623.7 624.2 617.4 608.8 595.9 569.9 539.6 519.6 509.6 500.7 491.2 477.6 466.4 456.7 447.6 438.7 430.4 424.8 418.4 418.2 413.3 407.3 408.5 410.8 405.9 401 397.9 394.1 393.4 391.3 386 378.8 377.5 373.8 369.8 366.3 361.7 356.3 350 348.3 347.4 342.7 337 333.7 327.4 322.1
393 393.2 395.6 395.9 401.8 407 410.2 416.9 423.8 428.8 438.2 445.7 452.9 459.4 467.3 474.2 485.2 491.4 496.7 502.1 510.5 519 527.1 546.5 572.6 601.2 606.1 611.4 613.9 615.1 616.4 618.8 621.6 620.6 613 607.1 594 566.7 538.1 519.1 509.9 501.3 492.1 480.1 468.9 459.5 450.1 441.2 433.3 427.2 419.9 416.2 413.7 408 404.4 408.7 406 400.3 396.3 392.6 390 388.7 384.8 377.5 376.6 373 369.6 366.7 361 357 351.1 348.8 346.4 341.9 336.7 333.5 327.9 321.4
394.3 397.3 401.4 404.7 401.7 414.2 418.4 426.4 432.2 438.9 443.8 448.8 454.4 461 472.4 481.2 489.9 497.8 503.7 509.2 514 520 529.1 548 577.1 602.1 609.1 612.6 614.1 614.9 618.6 620.4 619.3 615.6 609.6 604.4 593.1 564.6 536.4 522.6 511.9 503.5 493 483.5 473 462.6 454.6 444.2 436.8 431.4 422.7 415.9 415.2 407.8 401.9 404.3 405.6 400.5 395 390.9 387.2 386 382.3 377.7 376 373.1 369.7 367.5 360.9 357.2 350.5 343.5 342.8 337.4 333 328.8 324.9 320
399 401.6 405.6 409.5 414.7 413.5 422.3 431.3 435.7 440.5 445.4 451.2 459.4 468.7 476.3 482.9 488.7 494.6 501.4 507.9 515 521.6 531.2 549.6 577.7 603.2 610 614.3 614.5 615.9 621.1 622.4 619.7 615.2 607.6 602.5 591.5 565.9 538.5 525 515.1 505.8 497.5 488.7 479 465.9 458.6 449.7 440.9 434.1 427.3 420.6 417.7 408.9 403.3 400.8 404 400.9 394.2 389.5 385.6 383.7 381.4 377.2 374.8 368.7 368.4 364 358.5 350.5 348.9 348.2 343.9 338.9 333.1 324.9 312.8 313
402.1 405.3 410.1 417.6 421.3 425.5 428.4 431.9 435.1 442.4 446.8 457.1 465.6 470.2 474.3 479.4 486.6 495.8 502.2 508.7 515.9 523 531.8 549.6 575.6 604 612.1 615.2 616.2 618.6 621.9 623.6 622.5 618.2 609.8 602.1 590.1 564.5 540 527.1 518.2 506.6 500.5 492.7 484.9 473.8 462.8 453.2 444.1 439.5 433.1 425 420.8 413.5 406.4 398.7 400.2 400.7 394 389.3 384.5 381.8 380.6 377 376.4 373.4 366.3 362.4 356.1 355 353.9 349.5 344.9 340.4 333.3 325.5 317.6 313.8
405.9 414.3 419.6 424 427.4 430.3 433.2 436.7 442.7 447.1 454.6 460 466.1 471.6 477.1 483 490.2 498.3 501 508.4 514.1 521.9 531.7 548.6 572.9 602.7 608.8 614.9 618.7 623 624.4 626.2 625.5 619.1 612.5 604.5 591.4 564.6 542.4 533.2 526.4 516.3 504.3 497.8 490.9 483 470.8 460 449.7 443.5 438.7 432.8 422.2 415.9 408.3 403.7 396.8 399.6 394.7 388.8 383.9 380.9 378.6 377.9 377.5 376.5 366.4 362.7 355.3 359.1 355.5 350.6 345.6 341.8 336.6 330.9 317.3 313.5
418.3 424 427.5 429.7 432 434.3 437.9 443.7 450.5 454.6 457.6 460.2 467.1 472.3 478.3 487.5 495.5 499.7 506.3 512.1 515.5 518 527.4 547.1 572.2 603.4 608 616.3 622.7 626.9 627.8 628.9 628.6 622.8 616.9 606.4 591.3 567 546.5 537.7 530.7 523 511.5 502.2 495.3 486.2 481.6 470.5 457.7 449.3 440.3 437.3 429.2 418.9 410.3 404.9 398.2 398.4 395.8 389.6 383.7 379 377.8 376.6 377.6 377.8 367.4 362.7 361.1 361.6 356.9 352 346.4 341.5 337.5 333.1 320.1 323.2
426.3 429.3 431.2 432.8 434.9 440.4 444.5 449.4 455.5 458.7 462 465.4 469.7 477.9 482.3 494.9 502.4 505.8 510.3 515.4 520.6 523 527.9 545.3 572.6 604.1 608.9 619 624.7 630.8 632.8 631.9 631.6 627.7 617.3 608.7 595.9 569.3 550.7 542 537.6 529.3 517.3 505.4 498.4 493.2 483.6 476 467.3 458.3 446.4 439.9 434.5 425 414.6 405.8 399.6 391.9 396.5 390.9 384.4 380.5 378.4 375.4 373.1 374.5 366.4 361.8 364.8 363.2 357.7 352.6 346.4 340.5 335.9 332.7 322.5 329.2
429.5 432.7 435 437.1 442.2 447.8 451.2 454.9 458.2 463.1 467.9 470.5 481.2 484.6 497 500.9 506.1 511.8 515.3 519.7 522.8 525.9 529.7 548 575.9 605.3 611.1 620.6 627.3 634.6 638.2 637 636.1 627.9 619.5 611.3 600.6 574.7 556.1 545.4 541.7 534.4 522.4 511.6 504.8 497 490.8 481.3 472.5 464.6 453.9 441.9 437.2 429.5 417.3 405.4 400.4 394.4 389.9 390.1 385.2 382.8 379.4 376.4 374.1 371.5 366.8 365.3 366.6 363.4 358 352.1 346.6 343 334.5 329.8 325.6 331.7
432.6 436.4 440.9 444.7 449.5 452.4 454.2 457.2 464.8 469.8 476.7 483.4 493.8 495 501.8 508 512.2 517.1 522.6 525.5 526.2 525.9 532.4 550.5 582.5 608.8 615 624.2 632.8 637.2 641.7 643.7 642.5 630.7 624.1 623.6 608.8 587.1 562.6 547.1 542.2 537.9 530.2 520.5 509.3 504.6 496.9 489.4 477.5 468.9 457 445.6 437.7 433.5 423 408 401.6 397.8 392.3 389.6 384.8 381.7 380.3 378.9 376.8 373.7 369.7 367.1 367.3 366 361.2 353 350.8 349.1 340.1 331.9 326.3 331.4
438.6 443.5 448.7 452.8 454.8 459.4 463.7 469 475.1 483 492.1 499.7 503.5 503.7 509.3 514.1 519.8 524.5 529 531 529.7 528.1 536.9 558 591.4 614.2 625.2 632.1 636.8 641.6 646.1 648.5 646.3 639.1 630.4 628.6 619.9 604.4 575.8 553 541.5 540.1 534.5 526 515.3 508.9 503 496.3 484 472.8 461.1 450.2 439.4 435.7 427.8 413.4 405.1 400.7 397.2 393.5 387 385.8 382.6 381.1 378.6 376.3 373.4 370.6 369 369.4 364.6 354.3 352.7 352.4 345.3 335.9 331 330.2
459.4 458 460.2 464.4 469 476.3 481.8 487.5 494.8 500.8 507.6 508.3 509.8 506.6 515.1 520.8 525.5 529.8 532.3 530.8 531.4 534.6 548.1 573.8 606.9 628.2 634.5 638.8 637.7 644.3 645.6 646.1 643.9 642.4 633.1 631.3 626.9 619.3 600.7 572.4 550.3 543 538.2 529.7 523.1 514.6 509.1 500.9 490.3 479.1 467.3 456.3 442.4 437.1 431 422.3 407 404.6 399 394.5 388.7 388.5 385.5 382.9 380.5 378.8 377.2 376 372.6 371.3 367.2 356.3 353.6 354.1 348.6 339.5 333 327.7
470.9 477.5 479.6 483.1 489 497 503.6 508.4 513 515.4 515 512.8 516.3 512.1 521.9 525 528.3 532.6 534.1 533.4 535.7 548.2 568 595.2 621 634.3 638.9 640 640.9 643 641.3 641.2 639.7 639.3 635.7 630.5 630.9 629.2 620.5 599.9 572.8 553.7 544.8 535.1 527.9 522.7 512.3 503.5 495.1 483.6 471.1 458.5 446.3 439.8 435.7 426.9 412.6 407.8 403.3 397.6 391.9 390.6 388.9 383.6 382.6 380.9 379.6 378.4 376.6 374.1 368.6 359.7 353.6 352.8 348.6 339.5 334.3 327.2
486.3 491.4 505.4 508.9 513.1 516.9 519.2 519.9 520.2 520.2 521.7 519.3 518.4 522.5 522.6 524.6 528 533.4 542.3 547.7 559.1 572.4 592.9 612.2 626.3 635.1 639.2 640.3 641.1 642.2 639.2 638.6 640 637.6 637.3 632.7 631.5 633.6 628.8 621.1 602.2 577.7 560.2 543.4 532.7 526 516.3 507.2 498 487.3 477.7 463.1 451.8 441.2 438.9 433.7 419.7 409.6 407.5 402.2 395.3 393.4 393.3 386.7 382.1 381.7 379.6 378.3 376.5 374 369.2 362 354.5 350.6 345.8 341 335.9 333.1
505 514.7 533.1 542.4 541.8 541.1 536.5 533.5 530.8 529.9 529.2 523.8 523.4 525.1 527.5 534.3 539.2 550.5 565.6 575.6 589.1 605.2 613.2 615.9 620.2 627.4 632.8 635.8 637.2 637.3 636.3 635 636.7 635.7 635.2 632.3 628.3 631.5 632.3 629.6 623.2 606.1 584.1 560.6 542 528.2 520.6 510 500.8 490.3 482 468.3 457.3 443.1 441.2 436.2 424.6 411.9 409.2 405.6 398.5 397.4 397.1 389.4 382.9 382.1 381 377.8 375.4 374.4 369.7 364.5 356.7 360.2 353.9 345.5 339 336.1
525.1 544.7 564.7 573.6 573.6 569.5 564.2 557.7 552.3 551.6 545.4 542.8 545.3 547.7 554.4 561.3 571.3 582.9 596.4 609.7 614.7 617.5 619 618.4 619.8 620.3 626.5 628.5 631.7 631.6 631.4 630.6 633.6 633.4 631.9 632.3 629.7 627.7 631.7 633.4 631.9 616.7 607.3 584.1 560.4 538.2 523.9 513.2 505 497.9 485 474.8 460.1 448.1 443.1 440.2 428.5 414.6 408.4 407.3 403.4 401.8 400.2 391.6 385.1 382.3 381.7 380.2 376.1 374.5 371.9 365.8 363.6 366.5 362.3 353.2 344.7 338.3
558.9 587.4 604.1 614.6 609.7 602.7 595.8 587.6 584 577.4 575 576.3 578 583.7 589.8 597.6 610.5 618.6 619 617.1 616.5 616.2 619.9 619.6 620.6 620.1 626.3 619 616.4 617.2 622.1 621.5 624.5 628.1 629 631.7 629.9 627.4 621.7 626.5 629.1 615.6 611.7 606.1 581.5 554.1 532.8 517.6 508.3 500.6 486.6 479.1 462.9 453.2 443 441.9 428.6 419.9 411.9 409.3 406.7 404.7 401.5 392.3 386.2 382.1 381.4 381.1 376.7 374.2 371.8 367.1 365.2 368.4 366.1 358.7 349.7 340.4
606.6 630.3 649.5 652.5 646.6 638.5 632.2 624.6 618.6 612.1 612.5 616.8 617.3 623.5 627.5 625.2 625.1 624.7 621.1 618.2 616.8 614.6 617 619.3 622.7 620.1 621.5 613.8 613.3 612.7 614.4 615.6 619 624 626.1 628.6 624.4 621.7 621.7 618.8 622.7 616.7 613.5 610.4 600.2 573 546.5 525.9 511.6 501.3 490.6 482 471.1 459.1 445.4 442.2 430.4 423.7 415.8 412 409.8 407.6 403.4 394.8 387.7 382.9 382.2 381.2 378.1 376.1 373.3 369.8 365 368.7 367 361.2 352.2 343.2
653.1 666.3 675 673.6 669.5 664.7 660.9 658.8 652.7 651.1 651.8 653.2 650.1 647.4 647.1 641.8 635.6 630.1 620.9 617.5 614.3 611.7 610.3 609 611.3 615.5 610.2 606 608.6 609.6 611.6 614.8 616.1 618.1 621.4 625 620.5 618.3 616.8 617.2 621.7 619.6 614.6 611.6 606.2 595.5 566.3 539.8 519.8 505.4 495.8 483.7 471.9 460.7 450 442.3 430.4 425.5 419.8 414.2 412.1 409.9 404.4 394.5 388.5 384.3 383.6 382.8 380 378.5 376.1 373.2 365.3 366.1 365.6 361.4 353.2 344.9
