Assets/StreamingAssets/GeoData/Data/sd/SD81.asc
ncols 200
nrows 200
xllcorner 380000
yllcorner 410000
cellsize 50
[rows 35 to 69 of 200, columns 78 to 155 of 200]
433.9 425.8 416.9 400.2 401.9 402.6 409.3 409.3 407.6 407.6 405.5 404.4 401.9 400.2 400.2 396.6 394.1 390.6 386.1 381.5 383.3 386.6 379.6 356.6 377.7 380.5 385.1 387 389 391.8 393.4 396 398.3 400.9 403.3 406.1 410.4 415.1 420.1 422.6 421.5 419.6 416.6 412.4 408.6 404.6 401.9 399.4 395.2 390.1 384.3 379.1 374.3 369.4 366.5 364.2 361.6 355.6 347.6 341.6 335.2 330.9 326.2 312.1 292.9 314 323.4 325 327.6 328.1 327.3 324.8 321.6 317.8 310.1 300.9 294.5 289.2
434.6 431.1 425 415.3 401.6 389.2 396.7 392.3 390.6 395 392.5 390.6 392.7 391 391.4 392.3 389.5 385.7 379.2 373.9 378.8 382 376.1 358.7 369.7 375.9 379.9 383.2 383.8 386.2 388.3 391.7 393.8 396.6 399.1 402.2 407.4 416.2 421.6 422.5 421.7 420.7 417.9 412.4 407.4 402.4 399.1 396.5 392 387.8 383.3 377.6 371.8 365.2 363.3 361 359.3 353.7 344.3 338.8 333.2 328.3 324.9 314.7 287.3 301.1 317.8 321 321.6 323 322.3 321.2 318.6 315.6 309.5 300.6 292.8 287.4
431.8 430.6 427.2 423.3 416 397.1 384.4 374.1 376.2 377.9 381.3 380.9 379.1 381.5 381 385.6 382.4 378.8 371.2 369.8 376.2 378 371.4 346.8 366.9 374.8 376.9 379.1 379.7 381.3 383.2 386 388.7 391.3 394.3 398.1 404 414.6 419.5 420.4 420.1 419.2 416.5 412.2 407.4 401.8 396.2 391.2 386.9 382.8 379.4 375.8 371.2 365.2 356.5 356.7 355.9 350.4 341.7 336.3 330.4 325.7 322.9 316 293.2 288.1 308.4 316.3 318.8 319.7 319.2 318.3 316.1 312.8 309.1 298.1 290.5 285.9
428.6 428 427.8 426 421.7 410.8 396.3 388.9 376.1 370.9 371.2 371.6 370.4 372.2 372.1 373.2 377.4 374.8 368.4 364.6 371.7 373.2 365.8 339.8 363.9 368.1 371.9 374.6 375.8 376.4 377.4 379.6 382.6 384.5 388.5 392.7 398.7 410 416.7 418.5 418.5 417.2 415 411 406 401 395 389.9 385.2 379.4 375.7 372.8 369.1 365.1 358.3 350.7 349.8 350.2 344.5 335.4 327.3 323 319.9 315.7 301.2 277.4 290.4 311.9 315.4 316.7 316.2 314.2 312.2 309.7 305.9 294.2 290.1 284.4
425.4 425.7 425.8 425.3 424.4 420.6 410.9 396.2 387.5 370 366.6 365.7 360 364.2 365.7 369.4 367.8 368.5 366.2 352.3 366.2 367.6 356.1 331.4 355.6 365.1 369.2 369.5 369.8 370.4 372 372.8 375.3 375.9 380.7 385.8 392.6 406.2 412.6 415.5 416.9 416.3 414 410.8 406.7 401.5 394.2 388.5 382.8 377.6 372.8 363.3 361.8 361.8 357.1 346.4 343.8 343.7 338.7 331.9 325.2 319.5 316.2 313.3 306.4 280 282.8 306.1 309.9 311.8 311.7 310.5 307.7 305.9 298.4 293.1 288.4 282.7
422.8 423 423 423.3 422.9 422.1 419 410.2 398.2 379.1 363.2 358.7 354.7 357 359.9 361.8 363.8 363.4 360.4 343.7 356.6 359.7 342.3 332 359.7 364.4 365.1 364.9 364.9 365.3 366 368 368.6 371.1 374.4 379.7 384.5 396.1 406.2 412.1 415.7 416.8 414.1 410.7 407.3 402.5 396.2 388.3 382 377.1 372.2 367.6 360.5 361.6 350.7 344.7 334.7 335.9 331.4 325.8 320.2 315.4 312 309.6 304.6 281.3 272.4 295.8 305.1 307.9 307.3 306.5 304.8 302.7 298.3 291.8 286.7 280.4
421.1 420.2 420.5 420.9 420.2 419 418.8 415 407.3 383.7 366.2 344.7 340.1 345.1 344.4 355.5 349.3 353 350.7 337.5 351.2 355.8 332.3 335 355.8 361 360.8 360.5 359.7 360.2 359.8 361.4 362.1 364.9 367.6 371.6 377.3 387 398.7 406 412.3 415.3 414.3 411.2 406.4 402.1 397 389.2 382 376.2 371 366.5 359.9 352.9 342 337.5 329.9 328.5 325.8 321.2 316.5 311.6 307.7 305.6 302.6 284.9 261.1 284.2 301.3 304.6 304.6 304.5 303.3 299.4 296.7 291.7 284.8 276.5
419.9 419.6 418.9 418.6 418 416.6 415.9 414.5 411.5 402.2 376.2 360.6 346.1 333.1 331.6 337.2 345.1 347.4 345.9 327.2 345.2 348.3 326.1 329.5 352.8 356.2 356.6 355.4 354.1 353.8 353.2 355.5 357.4 360.2 362.8 365.5 371.6 381 389 397.3 403.3 409.6 411.2 409.8 406.1 400.6 393.6 390.6 382.9 376.2 369.6 365.5 361.1 346.9 347.1 329.7 325.6 307.7 319.7 316.3 310.5 305.9 302.5 298.1 296.2 287.2 258.8 273.4 295.5 301.4 301.9 301.3 300.7 298.6 295.4 289.6 283.7 276.8
418.8 418.6 416.7 416.4 416.3 415.8 413.8 411.1 410.3 407.1 398.9 384.9 365.5 355.6 343.1 324.6 325 336.9 338.4 322.5 334.6 335.7 319.4 323.1 347.7 350.5 352 348.7 345.6 344.7 343.9 349.6 354.6 357.1 358.7 361 366.1 374.3 380.5 387.8 396.2 401.1 404.1 404.8 402.9 399.6 394.9 390.6 385.2 379.1 371.2 364.4 360.9 356.3 346.2 342.4 329.4 318 301.9 302 300.9 298 293.3 283.6 276.2 271.7 258.9 263.3 278.8 294.4 298.2 299 298.8 296 293.8 290.4 283.7 274.5
417.8 417.7 417 415.5 414.5 413.5 413.2 411.6 408.5 406.6 402.7 396.2 387.7 374.2 352.7 337.6 326.7 315.5 323.6 317.8 322.8 325.7 312.2 317.3 342.3 346.7 347.2 342.6 332.9 329.1 327.8 347 352.7 354.1 356 358.3 361.5 367.1 373.6 382 389.3 398.8 401.5 400.4 398.5 397.1 393.7 389.1 384.7 380.6 374.6 366.6 360.4 355.9 352.7 347.2 342.5 328 320.4 312.7 297 288.8 286.8 281.3 275.3 265.6 258.7 251.2 261.8 278.8 293.7 296 295.8 293.2 290.9 288.4 281.1 272.5
416.9 415.7 416.1 415.4 414.1 411.3 411.8 410.1 407.2 403.8 401.9 399.2 394.5 385.1 370.7 347.7 329.5 316.1 313.5 306.3 313 316.7 303 314 338.3 341.8 342.2 337.1 319.1 314.8 326.4 343.6 348.3 350.5 353.3 355.5 358.1 362.5 368.8 376.4 392.8 398.5 401 399.6 395.8 393.1 389.3 386.7 382.9 379.6 375 369.1 362.1 355 351.7 348.6 344.4 339.7 332.8 328.2 321.6 313.4 305.5 299.1 294.9 287.2 282.5 255.8 249.8 262.4 284.6 291.6 292.2 289.8 288.4 286.5 281.2 271.9
417.1 416.2 414.6 412.2 411.9 410.8 407.8 404.9 402.8 401.1 398.8 399.8 395.3 388.8 378 364.1 330.6 315 295 303.8 305.6 307.8 288.3 317.8 331.2 335.6 336.8 326.8 304 299.8 327.5 338.5 343.9 346.1 348.5 351.6 355.8 360.7 372 383.8 391.4 395.3 397.2 396.4 395.3 390.4 385.2 381.3 380.4 376.9 373.7 369.9 364 357 349.7 346.5 344.1 342.1 338.9 333.7 329.5 323.6 314.3 306.2 299.4 291.6 286.4 269.7 246.5 249.7 268.7 285.4 287.1 286.9 285.6 283.4 280 272.6
416.8 415.5 414.4 413.2 409.7 403.8 402.3 400.8 399.2 397.8 394.3 393.5 391.5 389.4 381.3 369.2 342 323.3 302.6 295.1 287.4 300.8 287.8 318 322.2 326 330.2 316.7 292.7 302.7 322.8 333.3 338.7 341.3 343.9 347.1 351.6 357.9 367.9 377.5 383.7 387.8 391.3 391.6 390.2 388.9 383.3 378.1 374.7 372.7 371.2 367.8 363.3 358.2 350.3 344.5 340.8 338.8 337.2 335.5 332.1 327 317.4 309.1 299.9 292 285.4 275.1 249 242.3 257.6 276.6 281.7 282.1 280.2 280.2 277 273
415.9 415 413.9 412.8 410.8 407.9 401.8 392 391.5 388.2 384.6 383.9 383.4 381.3 377.2 367.1 358.8 344.3 318.6 297.7 278.2 289.4 291.1 309.8 314.1 317.3 319.7 306.3 285.3 295.2 310.1 329 333.9 336.7 339.3 342.3 345.4 349.7 359.4 368.9 376.2 380.6 383.9 385.9 386.6 383.1 381.4 376.1 372.3 369 367.8 364.2 361.2 357.3 350.6 345.1 338.3 335.6 333.3 332.2 331.1 326 316.8 308.3 300.1 292.3 283.9 276.6 256.6 240.2 247.4 262.4 276.3 278.2 278.3 277.4 273.7 270.6
414.7 414 413 412.3 410.9 409.3 405.7 400.4 393.3 372.6 364.7 370.7 370.4 368.8 365.4 360 355.6 349.9 331.6 304.8 278 271.7 281.2 298.4 305.9 309.6 311.5 296.7 277.7 294 315.3 325.4 329 331.9 334.7 336.6 339.5 343.6 353.3 358 365.2 374 381 384.3 385.1 383.8 378.9 375.4 371.5 366.9 363.9 361 357.8 355.7 351.7 345.8 339.3 332.9 329.4 327.4 325.8 323 315 308.1 304.2 295.2 283.7 275.3 263.2 241.5 239 247.6 259.1 273.2 274.7 274.2 271.9 267.6
413.1 412.9 411.9 410.9 409.7 408.2 406.7 402.6 397.4 391.1 376.6 355.6 354 355.9 354.9 352.7 350 346.9 342.7 314.6 289.1 267.8 269.2 281.2 296.9 302.6 303.7 292.4 275.5 292.4 314.4 321.1 324.2 327.1 329 331.3 335.6 339.3 346.1 353.9 372.7 378.9 384.1 388.7 386.4 382.5 378.3 374.4 370 365.7 360.8 357.7 354.8 352.9 349.6 345.6 341.1 335 327.5 323.3 320.7 318.5 315.5 309.4 305.4 297.9 285.1 275 264.5 246 235.5 241.2 249.6 264.4 262.7 270.5 268.6 263.9
412.5 411.6 410.6 409.6 407.5 406.7 405.7 403.1 399.3 393.3 386 369.5 354 340 343.2 344.2 343.1 341 331.5 324.5 298.1 275.2 261.5 265.6 280.2 293.6 296.1 281 276.9 301.2 309.5 315.4 318.9 321.7 323.9 326.3 332.9 346.3 360.2 373.2 377.9 383 388.2 392.1 389.9 384.3 377.2 373 367.8 364 358.9 354 351.3 349.5 347.6 344.7 341.5 335.7 329.1 321.1 316.6 313.8 311.5 308.5 305 296.7 287.1 276.9 266.1 249.2 236.7 236.7 240.2 254.8 264.6 266.3 265.6 261
411.1 409.5 408.7 407.5 405.9 403.8 403.4 401.1 399.4 394.9 388.5 376.7 362 351.5 323.1 319.1 320.5 312.2 315.2 311 295 285.5 263.1 261.5 261.8 277.7 280.3 265.9 287.9 299.3 304.8 310.3 313.5 316.7 319.1 323.4 338.9 348.2 357.1 367.8 371.1 376.9 386.1 391.1 391.5 386.1 379.7 372 367.5 362.1 358 352.7 348.3 345.9 343.7 342 338.7 333.9 329.1 321.8 313.6 308 306.3 305.4 302.5 293.1 285 276.6 267.4 250 236.8 236.7 236.8 247.8 259.2 262.3 262.5 258.7
409.5 406.6 406.6 404.7 402.9 402.2 401.3 399.4 397.3 395 388.9 383.1 376.1 364.6 350.5 329.4 306.8 302.9 299.6 295.7 284.4 276.3 266.9 261.5 261.5 261.5 261.5 276.2 289.8 293.8 298.5 302.8 308 311 314.5 329.9 337.8 347.9 357.3 362.5 365.4 372.2 385.9 392.1 391.9 388 380.9 374.3 366.8 362 357.2 352.4 347.7 344 341.5 338.9 335.9 331.2 327.8 321.6 313.7 304.2 299.3 299 296.5 291.7 281.8 273.4 264.7 250.2 237.3 236.7 236.7 237.5 252.8 256.5 257.7 253.6
407.2 405.8 404 402.5 401.4 398.6 397.3 397 395.4 393.5 390.9 386.9 383.1 375.4 363.6 350.6 334.4 313.6 297.7 287.9 277.2 266.6 261.5 261.5 261.5 261.5 261.5 261.5 282.5 288.6 293.7 296.9 301.4 305 316.6 327.7 334 343.1 349.3 356.4 365.1 375.3 384 392.3 397.2 393.4 383.4 375.4 368.7 361.2 356.3 351.8 347.8 343.7 339.8 336.8 333.5 329.6 323.8 313.2 311.2 302.5 294.2 291.2 290.2 286.4 278.7 269.8 261.3 251.8 240.9 236.7 236.8 236.7 246.8 246.4 252.3 248.2
404.1 402.7 401.3 400 398.3 397 396 394.5 393.1 391.6 390.2 388.7 385.6 381.2 375.2 366.2 352.4 331.5 314.7 301.3 289.9 281.6 274.4 261.5 261.5 261.5 261.5 261.5 263.6 283.1 288.2 288.5 293 307.1 316.1 321 328 335.4 335.8 351.1 360.2 371.9 383.1 389.6 393.3 395.5 391.4 381 370.9 363.2 356.1 351.3 347.1 343.2 339.4 335.2 329.7 326.7 321.7 315.9 301.6 293.8 290 283.2 283.6 280.7 271.2 262.7 254.5 245.5 239.8 236.7 236.7 236.8 238.3 239.1 247 242.6
401.7 399.6 397.5 397.1 395.3 394.4 393.8 392.3 390.7 390.1 388.9 387.5 385.7 383.2 379.4 375.2 368.3 356.2 338.7 317.1 302.1 291.7 281.7 271 261.5 261.5 261.5 261.5 267.1 284.3 282 295 300.9 302 308.5 315.1 320.6 331.7 329.4 341.7 353.5 367.5 378.9 386.1 388 392 390.9 388 378.3 367.8 359.5 352.3 346.4 342.3 338.3 334 328.5 322.2 318.4 311.1 299.1 288.2 278.9 273.6 270.8 272.7 251.2 251.3 245 240.5 236.5 236.8 236.8 236.7 236.8 239.4 240 235.3
398.2 396.6 394.8 393.5 392.7 391.1 390.1 389.6 388.6 387.8 386.6 385.4 384.1 382.5 380.4 377.7 373.6 367.2 358.2 342 327.9 310.3 291.7 277.4 261.6 262.7 258.3 252.3 254.3 282.7 289.1 292 295.6 298.8 302.2 313.3 318.1 322.4 323.7 342 352 367 377.2 382.4 384.4 387 387.2 384.9 382.5 378.3 367.1 357.5 350.2 344.8 338.3 332.5 326.9 322 316.5 309.4 298.3 289.6 278.2 266.3 252.9 251 246.4 242.6 239.2 237.4 236.8 236.8 236.8 236.8 236.7 236.9 233.1 229.9
395.9 393.7 393.8 390.2 389.6 388.2 387.2 386.8 385.7 385.4 384.2 382.9 381.6 380 377.6 376 374.3 371.2 364.2 354 337.8 321.4 307.3 281.7 264.7 253.1 247.8 244.6 249 271.5 280.8 288 292.3 292.4 295.3 302.2 307.8 316.6 321.4 341.5 351.2 364.8 373.8 378.7 380.4 381.4 381.4 380.3 379.2 377.2 371.2 367 356.1 347.2 342.3 336.8 328.3 321.6 316.5 309.5 302.5 293.6 285.7 268.9 263 245.2 241.9 237.3 236.7 236.8 236.8 236.8 236.7 236.8 236.8 232.2 229.5 226.5
392.2 390.5 391.8 388.9 391.5 390.7 388.9 385 383 382.5 381.5 380 378.6 377 374.7 373.3 371.9 368.8 361.7 347.1 327.2 311.9 292.3 277.6 266.1 250.7 241.7 240.5 240.5 270.3 275.3 278.8 283.4 285.4 289.5 298.8 306.7 313.5 320.3 339 348.1 365.8 373.4 375.5 376.5 376.8 376.5 375.2 373.9 373 371.6 366.1 365.8 355.2 345.4 335.9 332.1 322.8 317.2 310.3 302.8 296.2 288.9 281.2 267.9 257.8 239.5 236.8 236.8 236.8 236.7 236.7 236.8 236.8 236.8 229.2 226.2 223.9
389.7 388.5 386.7 390.1 393.2 395.5 394.8 391.1 384.7 378.9 378.4 376.6 375.4 374.3 372.3 370.6 367.4 361.3 350 334.3 316.4 300.7 287.7 277.7 265.5 251.9 243.8 240.5 240.5 257.5 266.7 269.2 273.7 279.6 285.8 300.9 304.7 314.2 325.7 336.3 339.4 363.8 373.8 374.8 374.3 373.8 373.3 370.9 368.9 367.6 366.3 365.3 363.7 361.6 350.9 341.8 334.2 325.8 318 309 300.9 292.1 286.8 280.1 270.3 263.3 248.8 236.7 236.7 236.7 236.8 236.8 235.6 229.7 225.7 223.6 222.3 221.9
386.2 384.4 385 390.7 397.5 403.1 403.2 397.5 391.2 378 375.4 374.3 372.5 371 369.4 368.8 366.6 360 349.5 338 324.7 313.6 304.5 291.4 271.2 257.6 246.9 240.5 240.5 240.5 253.8 261 264.5 272.3 283.8 299.4 304.6 307.6 325.8 330.8 334.6 350.6 369.8 372.5 373.7 373.7 372.9 369.1 365.3 361.5 360.2 360.9 360.2 358.3 352 349.3 336.6 327.5 318.3 309.4 300.2 290.2 285.1 276.1 268.2 260.8 242.9 236.7 236.8 235.1 229.3 225.9 221.4 219.4 218.4 217.9 216.1 213.2
382.8 381.4 382 392.2 401.3 412.9 415.7 407 398.4 390.5 376.5 371.3 370.4 368.5 366.8 365.8 364.4 362.3 359.8 351.5 338.6 324.3 314 301.7 279.7 262 250.9 240.5 240.5 240.5 247 255.3 258.4 268.4 277.4 294.2 301.1 306.9 320.6 324.9 331.5 347.1 364.7 367.7 369.8 371.5 372.1 371.4 368 362 354.4 354.9 355 353.6 352.4 350 340.9 331.2 320.3 311 301.5 289.9 281.2 273.6 265.6 259 252 236.5 233.1 227.9 221.3 218.3 215.5 211.9 212.8 211.7 207 204.9
379.6 378.2 378.5 390.2 402 416.1 416.3 413.1 400.5 390.8 382.5 376.5 365.6 365.3 363.5 362.4 361.1 359.4 357.5 356.9 355.4 349.1 328.7 312.5 295.4 269.1 255.1 240.5 240.5 240.5 243.1 249.8 255.2 262.9 271.4 284.1 292 299.9 317.3 320.9 325 352.1 360.3 362.2 364.1 366.1 366.9 367.3 366.4 363.6 356.6 348.3 349 347.7 346.5 345.5 342.2 332.2 321.4 312 301.3 291.7 282.1 271.8 265.4 259.4 253.4 244.3 235.9 230.3 225.9 220.6 218.8 214.4 212.2 211.6 213.9 213.8
375.6 374.4 375.4 387 395.9 408.9 411.9 408.7 395.3 385.7 378.6 373.7 364.5 361 360.2 358 357.8 356.2 354.6 353.8 352.8 352.1 349.1 334.2 312.3 282.7 255.4 243.1 240.5 240.5 240.5 245.2 250.9 259.1 268.6 280.4 289.8 294.3 312.1 316 324.9 351 354.7 356.6 358.6 360.4 361.2 361.8 361.2 359.3 354.9 346.4 342.3 341.5 340.9 340.6 339.4 332.8 321.7 309.9 303.9 293.3 282.9 273.7 266.3 260.9 255.5 246.7 240.9 234.7 231.4 226.4 222.9 222.9 224.1 220.9 223.3 223.5
371.9 369.7 371 381.3 386.4 391.2 394.2 392.7 385.4 378.3 372.6 368.7 361 358.8 355.6 354.4 353.6 353.7 352 350.7 350 349.3 348 344.3 331.6 303.2 266 252.5 240.5 240.5 240.5 240.5 248.9 254.2 259.9 271.4 279.7 290 302.1 307.4 335.7 344.5 348.8 351.5 353.2 354.5 355.3 355.3 354.5 353 348.6 341.9 338.6 337.4 336.1 335.6 332.8 331.9 321.9 314.2 302.9 294.7 285.2 276.5 267.8 261 257.3 256.1 252.1 245.3 239.3 233.9 230.6 229 229.9 229.5 231.3 230.5
367.3 365.7 366.6 372.7 380.5 385.9 388.4 387.1 381.9 372.5 367.7 363.3 357.4 355.5 353 351 350 349.6 349.2 347.9 346.8 345.8 344.8 343.6 338 317.1 292.2 262.2 240.5 240.5 240.5 240.5 241.2 253.4 257.1 263.1 270.7 280 293.3 309.6 332.8 338.4 342.7 345.3 346.6 347.8 348.6 348.4 347.4 345.9 343.1 338.3 335.7 334.2 332.7 331.2 329.4 325.8 321.6 315 305.7 296.5 287.9 278.8 271.3 263.4 257 254.4 251.8 251.1 245.5 245 236.9 235.3 231.9 230.9 230.7 228.1
362.5 361 359.9 362.7 371.8 373.8 375.7 375.7 372.6 369.4 363 356.3 353 351.9 350.3 347.5 346.7 346.7 346.1 345.3 343.9 342 341.6 340.7 337.8 331.1 302.3 266.8 241 240.5 240.5 240.5 240.5 248.4 256.7 259.4 266 275.4 285.7 309.4 327 332.9 337.1 339 339.9 340.6 340.8 340 339.8 339.4 337.8 335.5 333.8 331.4 329.3 327.2 325.2 323.8 322.5 317.9 307.6 298.1 289.4 281.2 272.3 263.4 257.4 252.8 251.1 251.2 251.2 247.5 243.1 239.3 234.9 230.9 229 226.3
357.6 355.7 353.6 354.6 360 366.6 368.3 368.1 368.1 363.4 357.7 352.8 348.5 347.5 346.7 345.2 342.8 343 342.5 342 340.6 339.6 338.5 337.5 335.6 330.4 308.8 280.7 247.9 240.5 240.5 243 241.7 245 252.7 254.9 257.8 267.2 282.4 303.5 321.6 328.5 332.4 334.1 334.7 335.5 335.5 335.5 335.5 335.3 334.4 333 331.2 326.1 323.5 322.6 321.2 319.3 318.1 314.3 305.1 297.5 291.1 283.3 272.9 262.7 257.4 250.7 251.5 247.1 246.1 244.2 242.6 238.9 233.2 230.9 227.2 224.9
351.9 350.5 349.3 348.6 351.1 357.7 359.7 358.6 358.2 354.9 352.7 348.6 344.2 344.3 343.4 342.4 340.5 339.7 339.2 339 338.1 336.9 335.2 334.2 332.6 330.3 319.1 287.2 262 242.2 238 233.9 232.1 238.4 245.5 249.5 250.5 261.9 282.5 302.1 316.9 322.2 326.4 327.9 328.5 328.8 329.6 329.8 329.7 329.6 329.9 329.2 326.7 322.7 319.3 317.7 316.1 314 312.7 311 305 296.8 290.4 282 274 264.4 256.8 251.9 249.1 242.3 241.1 241.2 238.5 235.2 232.9 229.7 226.1 225.1
