Assets/StreamingAssets/GeoData/Data/sd/SD89.asc
ncols 200
nrows 200
xllcorner 380000
yllcorner 490000
cellsize 50
[rows 0 to 34 of 200, columns 0 to 77 of 200]
676.9 678.9 680 679.8 679.5 679.3 678.9 676.7 675.6 675.6 676.3 675.6 675 676.5 669 656.1 648.1 646.4 643.3 637.5 633.2 627.7 622.1 610.3 604.7 602.4 597 595.7 600.5 597.1 594.2 592.3 587.8 581.7 574.4 574.8 573.2 572.4 571.5 566.9 562.6 561.2 560.7 560 560.2 554.5 552.2 550.1 546.1 543.8 542.5 545 544.1 544.2 543.5 542.7 542.1 541.7 545.4 547.1 546 546.9 547.5 549 550.8 552.6 554.2 554.3 550.9 545 537.9 532.6 530.6 526.7 521 514.6 507.4 501
674.9 676.6 678.5 678.2 677.8 677.6 677.3 676.3 674.7 674.3 674 673.9 673.7 673.2 671.4 662.9 651 644.3 640.9 638.6 635.8 632.2 624.3 615.6 614.8 611.5 612 609.4 607.5 604.9 602.2 598 593.9 585.5 584.9 582.2 576.5 578.8 576.9 571.7 565.8 563.5 565.9 566.9 565.9 560.7 558.4 556.1 552.6 547.8 544.6 548.7 548.3 548.1 547.3 545.4 547.3 548.1 550.9 551.8 553.4 552.3 553 553.4 553.7 552.6 552.1 552.7 549 543.2 537 533.5 530.3 525.9 519.9 514.3 507.3 500.7
672.8 674.4 676 676.7 676.8 675.7 675 675 673.1 672.1 671.4 672 672.5 671.2 670.5 669.5 657.6 646.5 644.8 642.8 639.8 635.9 631.9 631.1 627.8 625.8 621.4 618.1 616.3 612.7 609.6 604.8 597.5 595 591.7 587.9 585 585.4 581.8 577.8 572.3 569.6 571 572.5 569.7 566.2 564.3 562.5 558.4 553.3 547 552.8 552.2 552.2 550.3 550.6 552.3 554.3 555.6 557.2 557.8 557.4 558.4 559.1 558 555.8 554 552.1 547.1 541.2 536 532.2 528.5 523.9 518.4 512.7 505.3 497.9
670.4 671.8 672.5 672.9 673.1 672.4 672.4 673.1 672.5 671.9 669.8 669.1 670.7 669.4 669.7 670.1 665.2 653.9 648.9 646.3 642.4 637.4 636.9 636.9 634.9 634.8 633 627.1 624.1 620.7 617 611 604.9 602.1 598.7 594.7 594.1 591.6 588.7 583.2 577.5 578.7 579 576.5 574.4 572.5 569.1 566.9 562.6 555.8 554.3 558 558.1 556.7 553.6 555.9 556.4 560 560.8 560.5 561.5 561.1 561.9 561.1 559.5 556.9 553.9 549.8 543.6 537.2 533.2 529.1 525.9 521.6 515 508.9 500.5 493.2
667.8 668.5 668.5 669.4 669 669.3 669.9 671.3 671.2 671.4 670.4 668.2 668.5 667.4 668.5 669.1 668 662.7 656 650 647.3 641.5 641.9 641.7 641.6 640.3 638.8 636.3 631.7 627.3 623.3 620.1 614.2 609 605.5 602.8 601.3 598.6 594.1 588.7 588 586.9 585.7 581.8 580.5 576.8 571.9 569 564.2 563.4 562.7 563.8 562.6 561 557.8 560.4 562 563.9 564.9 564.1 563.4 563.8 563.3 560.6 557.7 555 551.1 545.9 540.5 534.6 530.4 526.2 522 518.5 512 505.9 497.7 489.2
661.8 663.7 664.6 666.3 666.9 667.7 667.4 667.4 669.3 669.5 670.5 669.4 666.5 665 666.2 667.3 668.2 667.6 664.9 661.1 653.4 644.7 649.4 649.4 647.5 645.3 643.7 641.6 638.4 634.3 629.5 626.8 621.8 617.6 613.8 609.5 607.7 603.2 600 594.4 595.7 594.6 592.1 589.3 586 581.2 576.6 571.7 571.6 570.6 570.5 568.5 565.7 564 560.9 564.5 564.1 566.2 567.3 566.8 564.6 564.4 562.3 559 555.6 551.9 547.4 542.2 536.8 531.8 528.3 522.7 517.5 513.3 509.1 502.6 494.8 486.1
655.9 657 658.6 662 663.6 665.4 665 664.7 665.8 666.1 667.7 667.5 668 665.9 664.5 664.6 665.1 666.6 667.5 664.1 659.2 659 655.4 653.7 652.5 647.5 647.9 645.6 641.9 638.3 633.8 631.3 629 625.3 620.5 614.4 611.3 608.5 604.4 603.4 603.5 601.7 597.8 594.9 591.3 587.2 581.6 577.3 575.8 576.9 575.4 573.3 568.9 565.1 564 566.4 564.4 567.9 568.8 567.3 564.3 561.6 559 556.6 552.6 548.7 543.9 538.9 531 527.9 523.5 518 509.5 507.5 502.9 497.9 489.4 479.8
651.1 652.1 655.1 658.9 660 662 662.2 661.8 662.8 663.5 663.8 663.8 663.8 664.1 662.9 662.4 662.8 664.5 665.6 664.4 666.8 667.3 665.3 661.4 657.7 655.2 653.3 650.2 645.8 641.8 638.7 636.4 632.5 631.5 627.6 622.7 616.8 612.9 606.6 608.1 608.6 606.4 603 599.3 595.7 591.6 585.8 582.5 581.4 581.6 580.2 576.7 572.1 567.6 566.2 567.5 564.8 565.7 568.6 567.2 564.4 559.4 555.1 552.5 548.3 544.7 541 535.8 529 523 518 510.6 505.3 501.1 496.1 490.4 477.9 467.2
647.3 647.6 651.7 655.1 655.8 658.6 659.1 658.7 659.6 660.9 660.7 660.8 663.2 664.9 661.4 660.7 660.9 661.9 663.5 664.5 665.8 668.5 669.1 666.5 663.9 662 657.7 653.2 648 644.5 641.7 638.5 634.3 634.6 633.2 629.3 623.9 617.8 611.6 613.9 612.3 609.2 605.2 601.9 597.8 594.1 588.9 588.3 585.4 583.2 581.9 578.1 573.9 571.3 569.6 568.6 568.1 565.4 565.9 564.4 560.3 556.4 551.5 546.5 542.2 538.9 534.1 530.3 526.2 519.4 514.6 509.3 502.6 494.2 488.6 479.1 466.2 456.4
644.1 644.9 647.3 651 652.8 654.5 655.1 655 655.9 655.5 657.6 658.9 660.4 661.5 660.8 658.9 659.8 661.1 663.9 665.6 665.5 668.1 669.6 669 667.4 666.4 662.5 655.9 651.6 647.3 645.3 640.7 634.8 635 634.8 632.1 629 624.2 618.7 616.1 612.6 609.9 606.4 601 597.9 594.1 591.3 588.8 585.7 581.1 579.9 578.5 575.3 573.2 571.1 569.1 566.6 564.6 562.6 557.9 554.6 550.3 543.6 538.7 534.9 533.3 529.8 524.8 521.5 516 512.2 503.6 495.8 490 479.3 469.7 459.8 450.3
643.1 642.2 644.4 647.1 648.6 648.2 650.3 650.2 651.8 652.2 654.5 656.3 656.8 657.5 658.6 656.5 657.5 660.6 661 664.3 668.4 668.7 670.5 670 668.9 668.1 663.9 659.7 655.6 651.2 646.2 642.9 637.3 632.8 632.6 631.1 629.3 625.4 620.9 615.7 611.5 608.1 605 602.6 599.1 595.6 593.7 587.6 584.5 582 579 577.4 574.1 571.7 568.7 565.3 562 558.7 555.3 550.9 545.8 539.7 534.9 530.1 525.2 521.2 518.9 516.1 515 514 510.5 503.7 497.7 491 483.9 473.2 461.6 452
641.4 641.4 641.5 643.1 643.7 643.1 645.3 646.3 647.1 649.5 651.2 652.9 652.6 653.2 653.8 652.4 654.3 658.7 663.7 668 671.1 672.2 672.3 672.3 669.3 668.6 666.2 661.2 656.9 653.2 648.1 643.1 637.7 633.2 626.8 626.2 627.2 622.9 618.1 614.4 610.8 606.1 604.7 600.4 597.2 595.4 591.7 585.9 582.6 579.7 577.9 573.9 571.3 567 563.6 558.3 554.4 548.9 546.7 542.1 535.6 530.4 524.8 520 511.7 511.3 507.6 506.5 506.9 508.1 504.9 501 495.2 486.2 478.1 466.8 456.3 448.5
638.2 638.5 640 640.3 640 638.5 640.9 642.9 643.7 645.7 646.8 648 649.3 650.3 650 650.9 655 660.6 664.6 669.4 672.8 673.6 675.6 673 669.8 668.1 666.2 661.4 657.8 653.7 648.8 645.7 640.5 632.7 627.3 622.4 623.7 619.1 615.5 610.6 607.3 601.2 598.8 597.6 594.7 591.5 587.5 583.9 580.9 579.1 574.8 570 564.9 560.9 556.9 550.8 548.7 539.6 534.7 531.1 523.9 519.6 513.9 508.5 505 499.8 497.6 495.5 498.3 500.4 498.5 495.3 488.7 479.2 468.8 459.5 450.2 443.5
636.4 635.5 636.2 636.3 636.4 635.3 637.6 639.5 640.1 640.8 642 642.9 643.8 645.5 646.6 652.7 658.3 661.3 665.2 667.3 669.8 674.1 675.8 674.2 670.9 667.1 665.9 661.9 657.6 653.5 649.9 644.7 642.1 634.1 630.3 622.3 619.5 618 613.2 609.8 605.6 601.5 596.1 592.2 589.1 586.5 583.3 579.5 579.2 574.2 569.9 562.8 557.8 551.8 546.3 542 536.9 530.1 526.7 523.9 513.1 508.7 501.7 498.7 496.4 493 487.8 489.6 492 492.7 491.3 487.4 478.7 468 457.7 449.3 444.9 438
633.1 630.4 631 630.7 631.1 631.5 632.4 634.5 634.5 634.8 636.5 638.3 641.1 643.6 649.4 655 659 662.1 665.2 668.4 672.3 674.3 674.3 673.5 670.7 667.8 664.4 661.3 658.9 655.3 650.7 645.5 640.7 636.8 629.5 622.5 619.3 617.2 612.3 610 604.7 600.2 596 591.8 586.7 581.6 578.8 578.3 574.2 570.2 564.8 557.1 549.1 543.2 536.6 530.7 527.2 522.1 516.5 512.8 504.1 499.8 495.8 492.3 488.9 484.3 481.9 483.2 484.4 484 481.8 472.9 465.2 458 448.4 441.9 435.3 426.3
626.7 625.7 624.7 625 623.4 622.9 625.5 624.8 623.8 627 631.8 635.8 637.7 646.6 652.2 657.2 661.9 666.1 669.6 675 678.6 677.1 673.3 671.3 668.7 666.5 662.2 659.6 657.2 655 649.7 644.6 640.3 636.5 629.3 623.9 618.9 614.2 611.8 610.2 605.8 600.3 595.6 591.3 586.4 581 575.3 574.1 569.7 565 561.9 552.1 540.8 530.7 527 522.2 518.5 515.3 512.5 505.4 496.4 491.2 486.4 481.1 478.7 476.5 475 475 475 472.5 466 458.9 453.7 446.3 439 430.7 438.4 439.8
621 619.6 619.4 618.4 616 616.6 618.6 619.8 619.3 623.2 627.6 628.6 640.9 647 651.7 657.5 664.6 670.6 674.8 680 681.9 679.2 674.4 669 664.5 664.2 661.4 659.8 656.2 652.5 648.1 643.2 638.8 633.1 627.8 623.1 614.6 612.4 611.1 608.5 603.6 599 594.4 590.5 585.7 579.6 572.2 561.9 563.9 560.8 552.2 538.8 533.4 526.5 520.5 514 511.3 509.2 506.8 493.7 484.8 478.4 472.3 469.8 465.9 463 457.8 462.4 459.8 452.9 446.8 443.8 437 441.6 440 447.9 450.1 447.7
615.3 614.3 614.5 612.9 611.3 612.6 614.6 616.2 616 623.5 627.4 633.4 640.9 644.8 651.3 663.4 671.9 680.4 685.1 684.8 682.5 678 673.1 669.6 663.9 658.7 658.8 657.4 654.6 652.7 648.4 644.1 638.8 630.8 624.8 619.5 614 612.3 607.8 603.7 600.9 595.6 591.2 586.3 583.2 577.1 567.9 561.4 556.6 551.4 541.3 532.7 528.9 521.3 514 506.9 503.2 502.7 493.3 481.4 474.3 471.3 461 458.6 456 464 468.3 452.6 450.4 447.1 445.4 447.7 456.2 456.3 451.6 450.6 449.2 451
608.7 608.2 607.8 608.1 608.3 609 611.3 609.8 616.5 620.3 626.4 634.4 639.3 644.6 655 666.2 680.6 685.1 685.8 685.3 683.5 680.8 675.4 669.7 664.6 659.9 653.9 654.7 651.8 649.8 647 642.5 637.7 632.4 625.3 619.8 614.2 610.3 604.2 600.7 596.2 592.1 587.9 583.9 577.5 569.5 561.8 555.8 545.9 544.2 535.9 528.5 521.3 513.1 507.4 500.9 493.2 492.7 475.3 467.1 469.7 474.1 473.6 472.1 472.9 479.5 480.7 475.1 464.2 456 464.7 463.7 461.6 462.7 458.3 455.9 456.9 460.1
602.5 601.9 602.6 603.8 604.6 605.8 606 610.2 614.5 619.8 626.6 634.3 638.5 644.6 654.6 664.9 674.4 679 680.3 679.7 678.8 678.7 672.8 666.5 661.6 658.7 653 651 649.9 647.3 644.3 640.8 636.1 629.9 622.8 618.2 613.2 608.3 600.1 597.8 592.9 588.4 584.2 576.4 570.4 561.5 554.9 548.6 542.7 528.8 528.4 520.5 515.6 510.8 504.4 497.3 484.4 474.2 484.5 490.8 491.3 488.4 486.8 481.9 486.7 486.4 488.8 485.2 472.7 466.6 474.6 477.1 475.5 472.3 465.5 465.8 464.6 462.1
596.7 595.9 598.6 599.4 600.8 595.1 607.5 612.1 615.6 620.3 628.6 634.4 638.2 643.7 651.7 661.7 669.6 672.6 672.3 672.9 674 674.7 670.7 663.1 657.4 654.4 650.3 646.9 645.2 642.3 639.5 638.1 633.5 626.6 620.1 614.2 609.9 605.6 597.5 592.4 588.5 584.3 577.6 569.9 563.6 555.1 548.2 540.6 534.2 526 517.2 511.8 511.5 508.9 495.2 486.3 489.6 499.3 503.7 505.6 507.1 504.9 503.2 497.8 500 493.9 497.2 493.7 485.2 481.3 485.8 486.3 484.2 480.7 473.4 468.8 463.8 461.5
577.7 575.8 576.5 587.3 588.6 603.8 606.8 611.6 616.5 623.1 629.6 635.2 638.7 646.9 655.6 663.8 664.8 665.3 666.7 668 670.1 671.4 666.3 661.1 653.5 650.4 644 641.6 638.8 636.6 635.4 633.6 629.8 622.6 616.3 612 606.5 601.8 593.5 588.4 582.5 579.1 572.3 562.7 557.5 547.8 540.2 531.5 524.4 515.6 506.5 504.6 502.9 493.2 484.8 498.6 501.5 513.2 514.5 517.4 517.5 516.6 513.4 510.2 507.5 507.9 508.7 503.6 492.9 489.7 494.7 496 493.3 492.5 486.4 477.2 468.3 461.3
573.5 585.7 590.8 597.7 600.3 604.2 606.6 611.5 616.9 623.2 629 634.2 638.3 646.7 656.4 657.8 657.1 659.2 660.9 661.9 664.5 664.9 659.9 656.9 651.1 643.8 636.6 634.8 634.4 630.7 629.3 627.3 624.8 619.7 612.5 605.8 602.4 597.6 588.5 580.5 576.6 571 565 555.7 545.9 537.3 531.2 523.6 514.1 507.4 500.6 491.8 486.4 501.7 513.4 508.8 515.3 522.1 521.6 526.5 528.7 528.8 525.7 521.2 517.6 517.5 516.6 509.8 501.9 502.8 503.1 505.8 504.6 501.6 494.7 486.4 475.3 466.4
583.3 588.2 593.8 600.5 604.5 605.3 608.1 612.6 618.4 622.3 627.7 633.3 638.3 646.2 650 649.1 651.2 653.4 653.7 655.1 658.2 659.2 655.1 652.5 648 641.2 629.5 633.7 631.7 624.3 624.8 623.7 618.8 615.4 609.4 602.3 596.4 591.9 584.6 571.9 566.7 558.4 550.1 540.3 533.9 523.7 519.8 509.2 498.7 494.9 497.8 501.7 514.8 519.5 517.2 521.6 526.4 532.7 534.7 538.2 540.8 540.2 533.3 531.3 524.9 520.8 518.5 511.7 504.6 511.8 512.5 511.6 511 507.8 502.3 494.6 485.8 477.7
581.4 584.4 591.4 600.3 605.1 605.8 606.4 610.8 618.7 621.2 624.6 630 637.5 643 645.4 646.2 646.3 647.8 648.2 649 652 651.6 650 647.6 643.9 640 632.7 620.5 627.6 620.7 619.6 618.8 615.2 608.9 603.7 597.1 590.5 585.1 578.8 563.7 554 546.8 537.7 530.7 521.4 508.3 503.8 504.3 514.9 511.9 521.3 522 526.6 524.4 529.9 536.1 539.6 542 543.8 545.7 547.2 544.8 541.2 536.4 529.4 523.9 522 512.9 517.9 521.2 521.2 518.7 517.1 512.7 507.2 502.1 495.1 487.4
572.9 580.8 588.4 595.9 602 606.3 603.5 607.3 611.7 615.8 617.2 625.7 633.1 639.2 640.8 640.4 641.4 642.6 642.8 643.2 644.3 644.3 644 642.6 641.1 637.4 633.7 621.3 614.5 616.4 611.1 611.5 608.4 601.7 597.6 592.9 585.9 580.3 572.5 559.7 547 537.4 532 516.1 510.9 523.8 526.5 527 533.3 533.1 533.6 531 539.2 541.4 544.1 547.6 549.9 547.5 548.9 549.4 549.6 547.9 546.5 540.8 535.6 530.8 527.1 525.1 528.1 528.4 528.5 525.8 522.1 517.8 511.5 506 502.2 494.9
568.1 577.2 583.5 589.9 596 605.5 601 602.5 605.5 609.2 611.7 619.2 627.9 632.9 633.9 634 635.4 637.7 638.6 638.2 639.6 639.8 639.1 639.3 637.5 634.3 629.2 624.5 608.9 604.9 601.2 604.6 601.1 595.5 591 582.6 577.2 573 565.4 552.8 542.2 531.1 522.6 513.1 529.3 532 532.6 537.8 546.8 548 538.9 546.3 553.7 554.6 554.9 559 557.5 556 555.3 552.1 552.4 551.6 546.4 542.8 539.8 537.9 530 533.6 534.9 534.2 533.5 531.4 527.6 522.4 515.2 511 504.8 496.8
564.9 571.7 579.2 583.6 589 600.1 599.8 600.7 600.1 601.6 603.9 609.7 617.8 624.3 626.4 627.8 630.9 632.1 633.5 633.4 635.9 636.1 636.9 636.6 634.1 630.9 628 622.3 615.3 590.5 586.7 596 592.8 585.3 578.7 574.9 571.6 566.2 558.8 549.5 538.8 523.8 527.8 533.7 539.9 545.7 548.8 554.6 557.3 559 557.5 560.5 561.3 563.1 565.3 566.5 563 560.5 559.2 557.9 556 551.1 546.1 546.7 544.5 539.8 540.1 539.7 540.2 539.9 538.8 536.4 532.7 527.3 518.2 511.8 504 491.5
558 566.7 571.1 575.7 581.7 588.8 592.5 595.3 595.5 594.8 598 604.2 610.8 613.7 617.4 622.2 625.1 627.7 629.2 630.9 633.1 633.6 633.8 633.6 630.1 626.7 622.8 620 612.5 600.7 585.3 577.9 577.7 573.4 570.7 568.6 562 561.1 550 543.9 535.3 541.4 542.8 547.6 553.8 556.4 562.1 562 568.6 568.1 567.2 569.2 569.8 570.6 569.8 571.9 569.6 563.5 560.8 562.5 560.4 556.6 552.4 550.1 545.9 545.4 546.4 546.1 544.3 544.3 543.1 541.2 538.3 532.6 522.7 514 500.7 490
553.2 561.8 566.1 569 574.8 580.1 584.8 587.1 589.5 590.3 594.7 599.6 604.1 606.8 609.6 616 621.5 624.2 627.3 627.9 630.1 630.6 630.9 631 627.8 624 620 617.9 611.9 599.1 597.4 588.8 582.3 574.4 565.5 559.2 560.3 549.2 542 538 547.3 551.5 557.6 563.9 559.5 571.8 572.8 571.6 577.6 577.7 579.2 579.2 579.1 578.3 579.7 579.7 578.7 571.6 573.2 572.2 570.2 565.6 560.8 558.2 551.6 549.5 552.8 552.6 552.2 549.5 547.1 545.1 542.4 536.3 524.1 514 496.7 507.5
560.1 564 564.2 564.4 567.7 575.2 578.4 580.8 584.3 586.5 589.6 596 598.9 601.7 604.4 612.4 619.1 623 623.4 627.2 628.5 629.9 628 627.1 624.6 619.9 617.7 615.1 611.6 608.8 605.2 600.9 598.3 594.2 588 584.2 576.5 570.1 552.7 551.2 562.8 569.6 576.8 569.6 578.5 580.4 584 582.8 583 583.4 585.6 587.1 588.1 587.3 587.9 588.8 588.4 586.6 582.5 579.6 579 575.5 570.7 566.5 560.3 555.4 559.4 559.8 559.1 557.8 553.6 550 543 535.4 526.6 506.2 515.6 514.7
567.3 572 574.3 575.1 576.6 576.6 576.9 582.3 582.4 594.7 598.1 597.1 595.8 599 602.4 612.5 616.6 619 622.9 623.5 625.8 627.1 625.6 623.3 621.4 618.1 618.5 615.6 611.9 610.1 606.6 602 601.6 598 593.2 590.6 587.2 566.9 558.5 572.6 579.6 583.2 584.3 585.5 587.3 589.8 590.7 588.4 589.5 589.8 590.9 593 593.1 594.2 594.5 594.2 593.8 590.6 588.5 585.6 584.7 581 576.2 572.2 565.3 564.5 567.5 568.1 566.2 564.7 560.1 557.2 550 537.8 520.1 524.9 527.5 522.2
571.7 578.1 581.2 583.2 584.3 585.2 585 586.5 589.4 597.5 602.1 600.2 600.1 603.5 608.7 607.8 615.2 618.5 620.4 620.6 621.8 622.3 622.5 619 618.5 618 617.1 615.4 613.6 609.6 606 603.3 599.9 597.9 595.4 593.9 590.5 573.2 578.2 585.7 588.3 591.5 592.1 592.2 592.7 594.5 595 595.5 596.3 596.4 598.5 600 599.1 599.3 598.1 597.5 596.9 596.4 595.7 594.4 590.7 587.8 584.2 579.7 579.1 577.7 579.8 579.6 576.4 571.8 567.9 562 550.6 534.4 531.2 538.2 534.5 530.1
574.1 579.9 583.9 586.7 588.5 590 591 593.1 595.3 598.9 603.1 602.8 607.4 610 613.1 615.7 615.8 617.8 618.3 618.5 617.2 616 617 617.4 617.6 616 614 613.2 612 610.1 608.5 605.5 601.8 597.9 595.9 595 591.4 578.9 588.1 593 595.6 598.2 598.8 598.3 597.5 597.5 598.8 598.4 598.8 599.7 602.4 602.1 600.6 602.6 602.9 603.1 601.5 603.7 603.6 601.6 599.2 594.6 590.9 588.4 588.9 587.1 587.7 587.5 583.1 578.3 572.6 561.5 549 541.1 549.4 548.8 546.6 537
577 581.7 586 589.7 590.9 592.3 593.4 596.3 599.3 602.9 606.4 610.3 611.8 612.8 615.4 618.3 619.1 618.5 617.6 617.6 616.6 615.9 611.6 612 613.5 615.5 613.4 611.7 611.9 610.3 608.6 606.4 603.4 600.7 596.9 592.3 590.6 591.1 593.8 597 601.4 603.2 603.9 603.7 603 601.1 603.6 602.9 601.8 604 605.1 605.5 605.4 606.8 607.9 607.6 608.5 609.2 607.7 608.1 606.5 602.1 598 596.1 592.9 594.4 594.4 593.3 587.5 583.1 574.8 560.1 545.3 559.1 561.9 560.8 555.6 544.2
