Assets/StreamingAssets/GeoData/Data/sd/SD94.asc
ncols 200
nrows 200
xllcorner 390000
yllcorner 440000
cellsize 50
[rows 140 to 174 of 200, columns 78 to 155 of 200]
296 292 288.2 286.7 287.5 286.8 284.1 284.1 285.4 285.8 285 285.1 285.5 283.7 283.9 283.2 281.8 283 283.1 282.5 282.5 283.6 278.4 276 275 273.1 266.4 261.8 254.1 249.7 250.6 251 252.7 246.8 240.5 234.7 229.6 225.4 229.1 229.7 230.2 232.3 230.5 225.4 221.3 217.3 210.5 204.5 209.3 220.2 216.2 217.3 217.5 212.7 208.6 202.2 197 195.3 194.4 192 208.1 214.6 218.7 219.8 218 217.6 211.9 209.4 208.8 211.5 216.8 217.1 218.8 223.3 226.6 230.8 233.4 235.5
292.7 292.8 291.6 291.1 290 288.2 287.6 286.7 286.5 287.5 287.6 290.4 293.2 296.7 295.5 291.9 289.9 293.2 293.6 292.6 290.5 288.2 285.5 283.3 280.1 273.6 267.2 260.7 256.8 254.3 252.5 254.1 252.1 243.3 241.2 239.7 234.5 227.9 235.2 236.5 237.2 239.5 238.8 236.9 233.5 229.3 225.3 220 203.8 205.1 205 203.8 203.2 202.1 198.7 195.7 195.8 200 197.3 198.3 210.1 220 222.4 223.9 224 220.9 214.1 211.5 213.7 218.7 221.1 225.2 226.4 229 231.4 233.3 237.3 239.9
301.3 300.1 298.5 294.8 293.3 290.9 289.8 289.4 289.1 289.9 291.9 293.3 296.1 298.8 296 294.3 293.5 294.4 295 293.8 291.1 288.6 287.1 285.8 280.1 276.9 269.2 263.3 259.8 256.9 254.1 255.6 253.1 245.1 244.1 244.7 233.5 234 243.4 243 245.2 244.6 244.1 241.7 240.3 237.6 234.8 226.5 220 214.2 210.2 207.9 205.6 201.8 208.7 206.2 205.7 206.3 205.2 193.3 214.3 222.6 225.4 227.7 229.7 224.5 226.7 223.3 220.9 223.7 229.4 231.2 232.7 234.7 236.6 238.1 241.2 245.5
308.7 303.9 301.5 297.7 294.4 292.7 293.1 293.2 293.6 294.1 295.6 298.2 299.1 298.2 296.4 294.5 294.5 296.1 296.8 295.4 292.9 290.3 289.4 286.3 280.5 275.4 270.4 266.2 261.1 258.5 257 256.8 254.4 249 247.9 244 234.2 247.4 249 249 248.8 248 246.2 246 244.1 242.3 240.8 239.4 234.6 227.9 222.9 221.6 217.9 209.7 216.5 215.9 215.1 213.6 211.5 197 213.4 222.7 227.3 230.7 234.5 231.3 236.7 234.8 232 232.2 235.7 234.2 237.1 240 244.5 246.1 247.8 254.5
309.3 305.4 301.4 298.9 296.9 296.8 296.5 296.5 296.5 297.2 299.1 299.8 299.7 298.8 297.8 297.3 297 297.7 296.5 295.1 293.7 292 289.3 283.3 278.7 275.6 271.7 268.8 264.8 260.7 259.3 256 253.9 250.6 247.5 246.5 235.6 248 249.5 250.1 250 249.4 248.5 248 247 245.1 244.2 242.8 240.9 238.4 236.6 231.6 228 219.6 227.6 230.3 227.2 227.5 222.3 208.3 207.1 222.7 227.4 231.7 233.8 238 238.6 240.5 238.5 237.6 243.2 240.5 241.2 246.6 254.4 260.1 265.9 274.1
309.5 307 303.4 300.7 299.1 299 298.9 298.5 299 299.8 300.3 300.3 300.7 299.9 299.5 298.9 298.9 298.2 297.4 296.2 294.2 292.4 288.8 284.5 277.8 273.7 270.8 267.2 263.9 260.4 258.1 253.4 250.3 247.4 245.6 237.5 243.9 249.2 251.4 253 253.4 254 252.7 253.2 252.5 250.7 248.5 247.1 245.2 243.8 242 238.3 235.6 232.8 233.5 235.6 235.4 234.7 231.3 220.2 205.6 218.5 226.3 229.5 231.5 239.2 242 242.6 242.9 243.1 248.1 244.9 256.9 268.2 276.6 281.4 286.5 290
309.1 306.4 303.8 302.1 300.9 300.2 299.8 298.9 298.7 298.9 300.4 301.3 301.3 299.6 298.2 296.9 297.1 297.3 296.7 294.7 292.2 288.7 284.1 278.2 272.3 269.3 267.2 265.9 263.1 257 255 254.9 250.6 249 239.8 245.3 248.8 251.7 255 257.5 259.4 261.9 262.7 264.9 263.4 261.5 257.9 254.9 251.8 248.7 246.4 243.7 241.7 239.3 239.4 241.1 241.3 238.2 231.5 224.6 217.3 203.9 219.5 226.1 231.9 237.4 246.3 247.6 247.7 247.9 253.3 252.9 261.9 276.4 283.3 286.1 289.2 291.7
307.1 304.4 303.1 301.9 301.3 300.6 300.2 299 297.2 297.7 299.4 300.2 298.6 296.8 295.4 294.1 294.4 294 292.1 289.4 285.5 280.4 275.8 271.3 269.8 267.5 266.7 265.2 262.3 255 253.2 256.4 250.7 245.2 246.3 249.7 252.9 257.2 257.4 260.3 267.3 268.2 268.7 269.4 267.9 267.2 267.5 264.9 262.1 258.8 255.6 253.1 249.3 246.5 248.1 248.6 247 242.3 234.7 225.6 219.8 215.3 212.9 224.8 231.5 236.9 247.6 253.1 256.3 256 258 264.5 263.7 272.8 281 279.1 284.6 287.6
304.8 303.6 302.1 300.6 299.5 299.1 298.2 297.1 296 296.2 295.5 294.8 295.4 295.6 293.5 290.8 289.6 287.4 284.4 281.5 278.6 274.8 272.2 271.1 269.2 267.5 265.5 262.8 258.4 253.6 257.2 256.4 253 242.4 254 254.6 256.4 260.3 263.9 268.5 271 272.9 273.7 273.1 272.2 271.7 271.4 267.9 263.6 261.5 260 259.5 253.9 250.8 249.9 253.3 252.7 245.8 240.4 235.9 224.2 219.8 208.3 225.7 233.9 239.4 244.1 247.2 254.1 261.9 263 266.4 272 278 283.8 288.2 292.9 293.5
304.2 302.2 300.1 298.6 297.2 296.3 295.8 294.6 293.4 292.4 291.2 292 292.5 291.5 289.9 284.3 281.8 279.4 278.9 277.5 275 273.1 271.6 270.3 269.5 265.1 261.2 257.2 255.9 257.7 255.9 252 251.8 246.3 254.5 257 258 260.3 264.2 268.8 271.5 273.5 275.7 276.3 276.1 276.8 274.7 271.5 267.2 267.6 265.1 264 261.8 254.6 252.3 254.8 256.3 249.5 244.2 240.7 228.8 223.1 211.3 223.7 235.5 241.5 242.7 248 253.1 264.1 268.1 271 276.3 282.1 288 291.8 295.1 296.9
302.5 300.4 298.6 297 296.1 294.7 293.2 290.5 289.2 289.6 289 288.8 288.4 282.5 282.2 278.1 278 275.6 277.9 277 275.1 273.6 271.2 267.9 266 262.5 259.1 257.2 258.6 258.6 256.5 252.7 249.7 245.5 255.5 257.8 258.3 261.2 263.5 267.4 273.1 276.4 277.4 278.6 279.5 280.2 278.9 276.1 273.9 272.5 270.3 268.1 266.8 262.6 257.7 256.1 258.2 254.6 249 244.9 237.4 226 216.6 221 234.2 240.5 243.3 248.6 253.6 269.5 276.3 280.7 285.7 290.5 291.8 293.1 295.4 298
300.3 298.5 296.5 295.9 295.2 293.3 289.7 287.6 286.2 285.6 285.1 283.3 281.4 276.9 275.2 274.7 275.2 275.7 275.5 274.6 273.7 273.1 268.8 265.3 264.2 261.4 260 259.6 260.1 258.5 255.1 250.5 247.7 251 255.2 257.6 258.4 260.2 263.5 265.3 269.8 273.5 275.4 275.1 278.8 281.8 281.5 281.4 280 278.7 277.7 274.9 272.7 269.3 266.4 263.1 259.7 257 250.6 246.9 242.3 228.8 219.2 220.7 231.4 240.3 244.4 253.1 264.1 274.9 279.4 280.2 284.2 285.6 286.4 287.2 288.8 291.4
298.1 295.8 295.7 295.1 294.2 292.5 289.8 286.6 282.2 281.1 278 275.5 276.2 276.4 276.4 272.4 273.4 273.8 273.8 272.5 272 268.9 268.3 269.4 267.5 263.1 262.7 261.3 261.7 259.7 257.4 250.3 249 252 253.5 257.1 257.3 258.7 261.1 263.7 267.5 272.4 272.4 275.8 276.9 278.1 281.3 283.7 284.6 284 284.1 283.8 278.4 274.2 274.2 268 264.2 262.6 258.3 252.3 245.5 229.5 219.6 220.7 235.1 240.7 248.4 258.4 266.5 270 273.2 276.7 278.3 281.6 284 284.8 286.4 288.5
297.4 296.8 294.4 292.9 292.5 290.9 288.8 285.3 281.6 277.3 275.4 273.3 272.2 272.3 274 271.2 271.6 272.9 271.7 270.6 269.9 271 270.5 269.5 267.3 264.9 263.4 263.1 262.7 262 261.2 253.3 250.8 250.6 253.8 256.6 258.5 259.3 262 265 267.3 271 273.3 274.2 275.6 276.9 278.9 281.3 284.2 286.1 286.5 285.5 282.1 280.1 278.8 269.2 266.8 267.1 263.6 257 246.6 229.2 215 228.2 237.5 242.9 251.8 260.3 264.5 268 270.2 273 274 277.1 281 281.3 283.3 286.4
298 296.9 294.7 292.1 289.8 288.8 286.5 283 278.9 274.2 272.2 272.3 270.9 271.1 270.4 268.7 270.9 268.9 268.7 271.1 269.9 271 270.3 268.3 266.6 264.7 264.9 263.1 264.4 265.2 264.8 258.8 253 250.4 254.4 258 259.6 260.7 263.5 267.2 270.8 274 276.3 277.5 276.7 277.2 279.2 280.7 284.8 285.1 285.7 285 284.6 283.6 281.3 272.8 269.2 268 262.9 258.1 246.9 229.1 218.5 232.4 239.4 246.4 255.5 259.8 263.7 266.1 267.5 270.2 271.6 273.9 276.2 284.3 286.7 288.3
298 295.3 294 291.6 289.3 286.4 283.1 279.9 276.9 274.7 271.5 269.1 270.1 269 269.3 267.9 268.4 269.3 271.6 270.5 268.8 269.3 268.8 266.5 265.2 264.5 264.5 264.7 265.4 268.9 265.8 262.7 257.5 251.2 254 259.2 261.3 261.7 265.3 268.4 271.8 275.2 277.3 279.3 280 278.7 278.9 282 283.6 283 284.5 284.4 284.7 284.7 283.2 274.4 271.3 265.9 257.4 252.1 243.7 223.2 224.8 234.3 244.6 253.4 259 262.2 263.7 263.2 265.1 270.1 274.5 279.2 283.4 286 288.1 290.4
296.7 292.2 290.8 289.8 288.2 285 282.8 281.4 278.5 275.8 273.2 270.9 268.4 266.8 268.7 266.7 265.1 269.4 270.1 269.6 268.1 267.3 266.1 265.1 264.8 265.4 266.3 268.2 268.6 270.9 266 263.2 260.4 257.2 253.2 258.4 261.2 263.9 266.3 269.9 272.9 275.9 277.7 279.4 281.3 281.7 280.9 282 283 281.1 281.8 281.4 281.1 281 278.2 272.6 268 259.9 251.4 243.3 235.6 220.3 226 235.4 249 255.9 259.6 260.9 260.3 259.3 265.4 269.3 274.3 277.5 281.7 285.1 289.2 292.9
295 292.1 289.8 288.8 288.1 285.6 282.9 280.9 279 277.2 274.3 271.4 269.5 265.9 264.5 266.3 264.3 265.8 267.9 267.3 266.2 265.3 265 265.1 266.3 266.8 267.6 268 270.4 271 265.1 262.4 260.4 258.9 254.1 257.2 261 263.9 266.5 269.5 273.3 276.7 279 280.6 282.1 283.3 282.1 282.2 280.5 281.4 280.9 280.1 279.2 278.1 272.2 268.7 260.1 251.6 244.3 232.3 224.8 222.1 227.2 235.5 247.7 254.1 256.4 257 254.9 258.4 261.7 264.9 271.8 277.4 284.1 289.2 293.9 299
293.6 292.4 291 290.4 289.4 285.4 282.6 281.7 279.5 276.8 275 273.7 271.7 268.8 263.8 263.6 263.5 264.3 265.3 265.1 265.3 265.1 265.6 266.5 267.2 267.8 267.9 268.4 269.5 269.6 265.6 262.2 262.3 259.9 258.3 254.4 259.9 263.1 266.4 269.8 273.1 275.8 278.3 280.3 280.9 281.8 282.1 281.8 281.7 280.4 279.6 278.4 276 271.1 265.8 253 248.6 240.6 232.6 229.5 227 228.9 224.4 230.2 238.6 246.2 249.9 251 247.2 252.9 258.3 264.9 272.7 281.4 288.3 295.1 301.2 305.8
288.8 290.3 291.6 291.6 289.3 286 282.1 280.1 278.9 278.6 278.4 275.5 270.8 267.4 263.4 262.5 262.5 263.8 264.1 264.3 264.8 265.4 265.8 267.2 267.3 267.5 267.8 268.9 267.3 266.4 263.9 262.9 262.8 263.4 261.5 255.6 258.1 263.2 266.1 269.7 272.3 274.8 278.6 279.4 280.5 282 282.4 282.3 281.6 281.1 279.4 276.4 260.3 260.4 255.1 250.7 245.5 242.5 239.3 239.4 243 241.3 226.2 228.5 230.5 234.5 236.2 236.3 239.1 243.2 251 260.6 270.8 282.9 290.8 297.8 303.1 308.6
286.9 287.3 286 288.1 287.9 285 283.7 280.3 280.8 281.8 281.6 277.2 270.1 265.4 262.1 261.4 263.1 263.3 263.7 264.2 264.7 265.3 266.5 267.1 267.6 267.7 268.4 268 264.6 263.6 263.5 262.9 262.1 262.8 260.3 256.4 256.5 261.4 269 271.7 274.6 276.6 278.8 280.3 281.1 281.9 282.7 282.7 282.3 281.2 279 276.6 278.6 279.4 272.6 258.5 257.9 251.8 250.5 254.9 250.8 240.8 238.5 238.6 240.1 239.6 243.3 246.9 254.5 253.6 252.1 249.9 261.5 278.1 288.9 297.9 304.9 313.3
285.3 282 280.9 283.3 281.3 283.8 285.2 284.4 285.3 286.4 285.4 279.2 269.3 265.1 260.6 262.2 263 263.3 263.7 264.1 264.6 265.2 266 267.4 266.8 267.6 267.5 267 266.5 264.4 263.1 262.8 262.3 261.1 259 257.2 259.8 265.5 270 273 276 278.5 281.6 281.8 282 282.4 283.1 282.7 282.4 282.2 279.5 280 280.7 281.8 282.2 279.2 271.5 269.3 269.3 265.1 253.5 247.6 244.4 248.4 253.8 255.7 257.2 257.9 261.5 264.1 266.9 265.5 257.1 265.5 286.1 295 306.4 319
278.7 278.9 278.6 279.5 282.5 284.3 287.9 289.3 290.2 288.9 283.5 276.4 269.2 264.2 258.8 263.4 263.6 263.3 263.6 264.2 264.6 265.4 266.1 267.2 267.7 267.3 268 267.2 266.1 264.4 261.9 262 260.3 260.4 259.6 260.3 264.3 267 271.2 274.3 277.4 281.2 285.9 284.2 283.2 283.3 284 283.7 283.5 282.6 282.7 282.3 283.7 284.5 284.9 284.9 284.7 284.4 280.1 275.7 260.1 253.9 250.6 256.2 261.5 263.8 266.9 266.1 267.5 277.1 282.2 284.2 277.2 270.1 268.2 285.3 297.9 311.8
276.8 276.4 279.8 282.7 289.1 293.8 291.9 291.2 289.1 283.9 277.5 270.4 263.5 258.3 261.8 261.2 263.1 263.3 264 264.1 264.8 265.6 265.9 266 266.3 267.3 268 267.5 266.3 264.6 263.6 262.5 269.4 267.5 262.7 262.1 266.1 270.1 273.1 276.7 280 285 285.8 285.3 285 284.8 285.2 284.7 284.8 283.7 284.2 283.9 285.9 286.9 287.3 288.2 288.7 288.1 286.1 281.3 265.2 258.5 253.7 263 269.6 274.6 278.8 279.8 283 287.8 292 295.9 296.4 286.3 287.6 293.5 294.8 311.1
274.6 278.1 281.2 289 296.1 295.2 291.6 285.7 281.3 275.2 269.9 263.3 258.5 259.3 261.4 261.1 262.1 263.6 264.1 264.3 265.2 265.6 266.3 266.2 267.1 268.2 268.2 268.3 266.8 264.9 264.2 268.9 273.2 274.3 273.6 267.2 267.1 271.7 274.2 278.8 281.2 284.6 286.7 288.3 288.4 287.5 286.5 286.2 286.3 285.5 286.5 287.4 287.1 289.2 290.6 291.4 292.1 292 291.5 288.7 282.1 269.1 265 268.1 282.3 285.8 287.4 288.1 293.9 298 301.3 303.8 306.1 306.7 303.8 309.4 309.1 319.8
276.1 278.6 287.9 293.8 293.8 290.1 283.8 276.8 270 266.6 261.3 256.5 256.2 259.4 260.8 261.1 262 263 264 264.6 265.5 266 267.3 267.3 267.3 268.2 268.4 269.1 267.2 265.2 265 268.1 271.4 274.9 277.7 272.8 270.2 274.1 277.3 281 283 287.1 289.6 289.7 291.6 292.2 290.6 289.1 288.6 287.6 288.7 289.2 288.4 291.2 292.8 294 294.8 296 296.3 294.3 290.9 286.7 273.7 281.4 290.1 294.7 297.7 299.7 301.1 303.9 307.5 309.5 311 314.5 317.3 320.7 323.4 327.6
276.4 283.6 292 291.2 287.7 282.2 275.5 267.7 261.3 256.2 253.3 255.7 259.5 260.6 261.2 261.3 262 263.5 263.6 264.3 265.9 266.1 267.3 268.3 268.9 268.2 268.1 269.1 266.9 265.1 264.6 268.2 271.5 275.3 278.9 276.9 273.3 276.9 281.7 284.1 286.7 288.2 290.5 291 293.6 294.8 293.5 291.3 291.2 290.4 291.2 292 292.3 293.7 295.5 296.8 298.1 299.5 300 300.1 297.7 295.6 292.3 292.4 298.3 301.9 304.2 305.9 308 309.5 313.2 314.4 316.6 320.1 321.7 324.2 328 330.2
279 289.1 288.9 285.8 281.2 274.5 267.4 260.7 255.4 251 255.8 261.4 261.2 261.2 261.2 262.8 262.4 262.5 262.9 263.6 264.6 266.1 267.7 268.8 269 269.1 269.2 268.1 267.8 266.7 267.2 270 273.6 277.6 280.4 279.8 276.8 281.4 282.6 284.6 287 290.4 291.5 293.4 295 296.2 295.7 293.8 293.2 293.4 293.6 295.1 293.7 296.2 297.7 299.8 301 302.9 303.5 303.7 303.2 302.6 301.1 302.7 305.5 307.4 309.7 311.8 313.8 316.3 317.9 319.6 322.5 324.3 326.1 328.7 332.1 334.2
282.7 285.6 282.3 279.6 273.6 267.2 262.3 254.8 249.6 254.8 257 261.6 261.2 261.2 261.2 261.2 261.2 261.2 262.4 263.8 264 265.5 267.3 269.2 269.9 270.2 269.9 269.7 269.5 269.2 269.5 271.9 275.3 277 280.1 282.1 278.7 279.8 281.2 284.6 287.6 290.8 292.8 295 296.6 298.1 297.5 296.1 296.1 295.9 296.5 297.5 297.1 299.3 300.7 301.8 303.3 305.2 306.9 307.7 307.5 307.5 308.7 309.2 311.1 312.8 315.3 317.3 318.5 319.9 322.5 324.9 328 329.1 331.9 333.7 335.4 338.1
280.4 278.7 275.8 271.2 264.6 261.8 256.6 249.4 252.2 254.2 251.4 253.7 261.2 261.2 261.2 261.2 261.2 261.2 261.2 265.1 263.8 265.6 267.6 269.6 270.9 271.2 271.6 271.3 271.4 271.1 271.5 273.5 276.3 277.5 280.6 284.7 282.3 281.1 282.7 285.7 289 291.1 294.1 295.8 297.3 299.1 299.6 300 302.8 299.7 298.9 300.6 301.3 301.7 303.7 304.9 306.3 307.9 309.7 310.6 311.5 313.4 313.9 314.1 315.3 317.3 319.8 321.8 323.9 326 327.4 329.8 331.8 334 337.1 338.9 341.6 345
274.1 272 268.6 263.9 259.9 255.7 252 246.3 252.4 246.4 243 253.9 261.2 261.2 261.2 263.2 262.2 261.2 261.2 262.1 263.9 266.3 268.2 270 271.6 273.1 273 272.9 273 272.9 272.9 275.1 277.3 278.7 281.2 285.5 286.6 283.6 286.6 289.6 291.7 294.4 296.9 299.1 299.3 300.8 302.1 301.6 302.8 303.8 302.9 303 304.2 305.3 306.8 307.8 309.4 311.2 313.7 314.8 315.6 317.2 317.5 319 320.9 322 323.9 326.1 328.7 330 332.1 333.8 335.9 338.3 342.1 343.3 346.9 348.1
264.3 263.4 260.1 257 254 250.2 244.3 248.9 241.7 244 251.5 257.1 257 259.6 261.2 265.3 264.6 263 261.2 261.2 262.9 265.9 269 271.3 272.4 273.5 273.8 273.7 274 274.9 274.7 276.1 277.8 279.4 281.9 284 285.8 285.4 289.2 292.9 294.8 297.3 299.9 302.3 304.9 305.1 305.5 305.2 307.2 307.4 309.2 308.7 305.2 308.6 310.2 311.2 312.3 313.5 316.3 317.7 319.4 320.4 320.6 323.2 324.5 326.4 328.8 330.7 332.1 334.5 336.3 337.8 339.6 341.5 345.6 348.1 348.6 349.6
253 254.1 252.9 250.9 248.6 244.1 241.7 237.9 240.7 250.1 250.6 254.8 257.7 261.2 263.9 266.1 267.3 266.6 261.9 261.2 261.2 264.7 268.6 271.9 274 274.4 275.2 274.8 276 276.9 276.4 277.5 279.6 280.5 282.6 285 286.4 288.2 290.8 296.5 299 301.8 303.9 306.1 308.4 309.9 311.6 312.3 313.5 312.5 313.8 313.6 307 314.3 315.4 316 315.8 317.4 318.9 321.3 322 324.5 324.6 326.2 328.1 330.2 332.4 334.5 336.6 338.3 340.7 342.2 343.7 345.8 349 349.7 350.6 354.5
249.3 250.3 246.3 245.2 241.3 237 236.1 243.7 250.1 252.1 253.9 255.3 257.1 261.8 265 267.2 267.9 268.2 264.8 262.8 261.2 263.9 267.5 272 275.7 276.1 275.7 276.1 277.5 278.8 278 277.6 280.3 282.1 284 286.4 288.3 290.5 294 299 301.8 304.2 307.4 310.3 311.9 314.4 316.5 318.1 318.9 318.4 317.3 317.6 309 318.8 323.7 321.7 321.6 322.6 322.3 324 325.2 326.5 328.9 330.1 331.4 333.7 336.1 338.3 340.2 342.3 343.4 345.4 347.7 350.1 351.2 353.1 357.4 358.2
247.2 242.1 238.7 235.6 234.7 243.6 245.4 247.6 252.3 255.1 258.6 260.4 261.8 264 265.3 267.6 269.6 269.9 268.4 265.9 265.4 262.9 268.6 272.5 275.8 277.5 276.8 277.8 278.8 279.5 280.1 279.5 281.3 282.1 285.4 288.7 291.4 293.1 295.7 301.1 304.4 307.3 310.1 312.3 314.9 317.2 319.2 321.7 323.8 324.3 323.7 321.6 319 322.4 325.1 328.3 329.7 332.6 328 326.8 327.8 329.9 331.4 332.7 335.7 337.1 338.8 342.1 346.3 348.9 349.9 351 351.1 353.2 355.4 358.9 359.6 360
