Assets/StreamingAssets/GeoData/Data/sd/SD99.asc
ncols 200
nrows 200
xllcorner 390000
yllcorner 490000
cellsize 50
[rows 105 to 139 of 200, columns 0 to 77 of 200]
567.8 568.3 568.5 568.1 569 566.6 566.9 567.8 568.7 569.7 569.9 571 571.7 570.2 567.9 565.6 563.9 560.1 556.4 553.8 550.4 546.3 542.4 539.3 538 536.6 534.3 529.4 525.8 526.9 527.8 529.9 532.8 537.7 541.8 546 552.2 553.3 553.5 555.9 557.8 563.6 564.9 566.8 570.5 573.9 575.3 575.3 580 584.8 575.9 572.5 570.4 567.8 563.1 560.5 556.6 550.8 544.2 533.8 530.7 532.9 531.1 529 528.2 524.3 517.8 513.1 506 503.8 504.2 501.1 490.3 473.5 457.8 482 490.7 491.6
565.3 566.4 564.8 564.6 567.2 567.2 565.5 565.2 566.6 568.3 568.4 568.9 568.7 568.5 566.5 564.9 563 560.1 555.8 550.9 546.7 542.4 538.9 535.8 532.6 531.4 529 527.3 523.8 525.6 525.1 528.2 530.7 534.8 538.8 542.6 546.8 551.3 550.5 551.2 554.7 560.8 561.9 565.2 568.6 572.3 573.8 573.8 575.1 584.9 577.6 572.6 570.3 568.4 563.9 561.3 558.5 553.9 547 536.6 531.8 529.2 527.9 531 527.6 526 519.4 515 507.6 504.7 504 499.9 494.8 480.6 464 475.9 488.7 493
562.1 563.1 563.1 561.2 563.5 565.4 562.7 564.1 563.8 565.9 566.9 566 565.7 565.6 566.2 564 561.5 561.7 556.7 549.2 543.1 538.6 535.6 531.6 529 525.6 525.7 525.4 524.4 522.8 523.9 526.4 528.6 532 536.1 538.7 544.6 548 548.5 547.9 552.2 558.7 561.4 564.4 567.4 570.1 571.5 571.2 571.4 578 576.7 572.9 570.7 567.9 565.1 562.4 560.3 555.9 551.7 543.5 533.8 529.9 528.7 530.9 529.7 527.6 520.9 517 509 506.6 506.6 503.9 497.9 488.3 471.3 471.9 492.5 493.4
556.9 557.6 558.1 556.9 559.6 562.3 562 561.6 561.9 563.2 564.3 563.5 564.3 564.2 564.8 564.2 563.3 561.5 558.2 547.4 540.1 536.3 533.1 526.9 525 522.6 523.6 523.3 525 524.6 523.3 525.1 527.1 529.6 532 535.9 541.3 545.3 547 547.5 548 557.1 561.9 564.6 565.8 567.7 569 568.1 568.4 571 573.6 572.1 571 569.5 566.4 562.5 560.9 557.8 556 549.7 538.1 533.6 532.5 531.4 531 528.3 522.4 517.5 513 508.9 508.3 504.5 499.6 492.1 477.3 467.6 490.8 497.5
549.8 550.2 551.2 551.7 553.2 557.2 558.1 557.8 558.6 560.4 562.3 562.9 563.2 562.1 563 563.6 562.8 561.7 557.9 548.9 539.1 537 532.3 526.3 521.9 521.4 522.5 523.3 524.7 524.8 521.5 522.8 523.3 527.5 531.4 533.6 537 541.5 544.2 546.5 546.6 554.6 557.7 561.4 564.1 565.8 566.5 567.2 567.1 568.2 571.3 570.8 569.9 569.5 568.7 565.4 561.9 556.9 556.3 551.7 544.8 537 534.3 531.9 531.2 528.4 524.2 519 515 510.4 509.7 505.1 500 494.2 483.2 480.2 488.9 498.3
541 541.4 541.6 543 544.7 549.7 552.8 553.6 553.7 555.1 557.9 560.3 560.8 561.1 561.1 561.8 562.4 561 557.5 550.5 539.3 536.8 531 525.1 523.3 522.2 523.2 521.4 524.1 524.4 523.9 520.3 523.1 526 528.9 531.5 533.7 538 540.5 544.3 546.1 547.5 551.4 555.1 560 564.5 565.6 565.7 566.4 566.9 570.6 571.3 569.4 568.7 569.5 566.5 562.3 557.7 553.8 553.2 548.2 539.7 536.1 533.6 531.4 528 524 519.4 514.4 511.7 509.9 507.1 501.5 496.4 488.3 480 478.3 496.5
534.1 532.4 531.9 533.4 537.1 543.2 547.4 548.9 549.2 550.5 554.3 556.6 558.9 559.4 560.5 561.4 561.1 559.9 557.4 551.3 540.5 536.4 530.1 525.2 525.1 524.7 523.7 521.1 522.4 523.4 523.7 521.3 521.3 523.3 526.9 529.6 531.7 534.4 537.9 541.9 545 546 546.4 549.4 554.7 561.7 564 565.1 565.5 566.9 569.1 571.5 570.9 568.9 567.1 564.2 559.9 555.7 552.2 551.8 548.5 542.5 537.7 534.1 531.8 527.9 523.8 519.1 516.2 513.5 510.7 504.9 501.7 496.9 487.2 480 490 492.3
526.4 522 520.7 523.7 528.5 532.3 538.9 542.9 543.4 544.3 547.7 554.2 556.1 556.9 559.3 560.5 560 558.6 556.6 551.8 542.9 537.2 530.7 524.8 522.8 524.8 523.8 522.1 519.7 521.2 521.2 521.5 518.9 522.8 524 527.8 529.4 532.4 536.1 539.2 541.7 542.8 544.4 545.8 549.5 557 563.3 566 566.4 567.2 570.5 571.4 569.1 568.2 567.2 562.6 557.3 553.1 549.7 548.9 547 543 537.8 534.7 532.5 529.7 521.7 518.1 515.5 512.3 511.8 510.6 505.4 498.8 488.8 490 490.6 491.1
518.8 516.8 515.1 515.8 520.5 522.3 529.7 535.7 538.9 539.2 541.4 548.2 554.8 554.6 557.6 558.8 558.3 557 554.4 550.9 541.9 537.5 532.7 527.9 523.8 523.5 522.7 520.7 517.1 518.3 518.2 518 517 519.6 521.4 524 526.3 529.9 533.1 535.5 537.9 539.8 540.3 543.5 547.7 552.7 560.9 566.8 568.5 568.9 570.3 570 568.6 566.2 563.9 560.7 555.6 551.4 548.3 546.2 544.7 542.8 539.1 535.3 533 526.4 518.6 517.4 515.4 514.3 512.7 511.4 508.4 501.3 495.9 493.4 490.9 489.3
513.5 512.9 511.4 506.8 510.3 518.4 524.2 528.8 533.6 534.6 536.7 541.4 549.3 552.8 554.1 555.3 556.3 554.6 552.5 547.8 541.4 537.9 534.8 528.8 524.5 522.1 520.4 519.2 516.7 513.4 515 514.3 512.8 514.3 517.8 519.7 524.7 527.1 530.1 532 533.5 537.5 539.7 541.8 545.9 551.4 558.5 565.9 567.8 567.7 568.2 568 566.3 564.5 561.9 558.6 553.7 550.2 546.8 543.2 542.7 540.7 538.1 532.5 530.8 531.5 523.5 516.9 515.4 513.7 512.2 510.4 508.5 502.7 497.8 495 493.5 486.5
514.9 509.4 507.8 513.5 509.8 507.7 518.5 523 526.6 528.6 531.9 535.3 539.3 544.1 545.8 549.7 552 550.9 545.5 543.2 538.9 537.1 534.2 529.9 525.4 521.9 519 516.8 514.8 510.6 510.1 510.8 508.2 511.3 512.4 516.8 521.1 524 527 529.3 529.6 534.8 536.2 540 542.6 549.2 556.4 562.7 564.9 564.2 565.2 565.5 563.4 561.3 559.6 556.6 552.7 548.5 545.2 543.2 541.5 536 538.7 539.3 535.7 531.9 528 519.1 514.7 513.2 512.2 509.4 509 505.6 501.8 496.8 493.1 489
516.2 514.5 514.7 515.7 513.4 503.1 509.5 516.2 519.6 522.6 526.3 530.6 533.6 536.1 537.9 541.7 543.1 543.7 540.6 538.1 535.5 535.5 533 527.7 523.4 520.4 517.7 511.1 509.3 507.9 504 506.7 504.8 507.2 508.1 510.4 516.1 518.7 523.1 525.8 527.7 530.2 535.1 537.3 540.9 546.4 552.2 558.3 560.8 560.8 562.4 563.6 562.2 556.6 557.3 554.5 551.9 549 546.9 543.5 541.1 540.4 540 542 538.9 534.6 530.9 522.6 514.3 513 512 511 509.2 505.5 502.2 497.8 492.9 493.3
520.7 516.1 514.6 513.6 512.1 507.9 502 510.9 513.5 517.1 520.9 524.3 527.1 529.2 532.6 535.8 538.7 538.9 537 533.9 532.3 533 532 528.6 523.8 521.2 518.3 512.9 510.1 504.7 501.7 501.4 500.6 502.3 503.5 505.3 509.6 514.8 518.1 523.4 525.1 527.2 531.3 536.4 538.2 543 548.7 553.6 556.5 556.8 559.1 561.2 561.3 558.5 554.4 553.8 550.6 547.4 548 545.1 542.3 542.6 540.1 542.9 542 537.4 533.7 528.3 514.8 512.5 511 509.3 507 506.6 504 498.9 497.1 497.3
521.5 515.5 511.4 510.4 509.9 506.8 493.4 504.9 508.3 511.1 514.8 517.5 520.3 522.9 526.6 530.4 534.2 535 534.3 532.8 530.5 531.2 530.6 529 525.4 521.3 519.3 516.1 511.5 504.6 501.1 496.8 497.3 498.4 498.6 499.3 503.2 509.6 513.6 518.8 521.2 523.8 528.3 534.6 536.8 539.1 543.9 549.2 551.8 553.6 556.7 558.9 559.5 558.7 555.8 553 550.8 548.3 547.9 546.9 543.3 543.4 541.9 541.2 543.1 539.5 535.3 530.6 517.1 512.6 510 508.6 508.7 508.4 504.5 499.3 498.2 499.3
524.3 516.7 510.4 506.4 505.6 505 501.9 493.1 502.3 503.9 507.4 511.2 513.5 517.4 524.6 527 529.5 530.9 530.4 528.7 527.4 527.5 527.7 528.6 526 522.6 520.2 515.7 512.4 506 501.1 495.5 495.3 493.6 494.5 494.9 497.4 502.3 507.8 512.7 518.1 520.6 523.8 530.6 534.5 536.5 540 544.2 547.2 550.3 553.3 555.6 556.5 556.6 556.2 554.2 551.5 548.6 547.1 547.1 546 544.2 542.2 541.9 542.7 541.1 536.3 532.4 521.7 512.7 511.2 508.1 508.7 507.5 504.9 499.9 499.1 499.8
528.8 518.7 512.6 508.3 502.1 500.4 499.8 490.1 496.3 498.8 500.2 504.6 507 510.9 517.9 524.2 525.6 526.8 526.4 525.8 524.2 524.6 525.8 527.4 526.1 522.7 520.4 516.9 512.5 506.9 502.1 495 491.1 490.3 489 490.1 491.7 495.9 503.5 508.9 514.1 518.1 520.2 525.3 529.2 532.9 537.1 539.2 543.2 546.1 549.2 551.7 552.9 553.3 553.9 553.7 551.9 549.4 546.4 546.4 546.2 544.5 543.4 541.7 539.8 540.8 533.6 523.3 516.2 513 510.7 511.8 509.8 507.6 504.5 500.2 497.8 499.1
533.2 520.5 514.2 511.8 507.2 497.7 496 494.1 488.4 492.7 493.6 497 500.1 504.5 512.9 519.7 523.2 523.3 523.1 522.6 523.4 523.3 523 524 524.6 522.2 519.5 516.1 512.2 506.1 498.8 494.4 491.3 488.2 481.9 483.4 486.7 492.9 498.3 504.2 509 513.2 517.7 521.7 524.5 531.8 534.4 537.2 539.6 542.6 545.6 547.5 549.1 550.5 551.3 551.6 551.1 549.7 547.1 545 546.1 544.6 543 540.9 540.7 539.7 538.5 533.5 526.4 514 510.6 514 510.9 508.9 505.1 502 495.2 496.9
535.2 524.9 515.5 510.9 509.9 506.1 497.1 492.6 481.5 487.2 488.6 489.7 494.4 498.4 504.8 513.4 518 520.7 521.4 521.7 521.3 519.5 520.4 522.2 522.1 520.8 518.4 514.9 510.4 505.6 499.2 493.7 489.4 487.2 483.9 476.9 479.8 485.5 491.1 497.7 503.9 508.1 512.4 515.5 522 527.4 530.1 534.5 537.1 540.8 544.7 545.4 547.5 548 549.2 548.3 549.6 548.6 547.5 545.2 544.1 543.9 541.7 540.7 541 540.4 540 536.9 528.9 514.4 512.4 511.9 511.2 508.4 505.5 503.1 497.8 491.9
538.1 525.8 517 510.5 507.8 508.5 502.9 495 486.6 481 475.5 474.7 487.3 493.1 499.1 506.5 512.4 517 517.3 518.6 520.4 518.3 519.6 518 519.4 518.9 517.4 512.3 507.7 505.2 500.1 494.2 488.7 486.6 483 478.8 474.8 478.2 483.4 490.8 497.7 502.6 505.4 510.4 515.1 521.3 527.9 531.6 534.5 538 543.1 545.5 546.3 548.4 548.5 548.9 548.1 546.9 546.5 545.6 545 543.1 541.3 540.5 540.7 539.9 540.1 538.5 531.4 516.5 511.5 510.7 511.5 507.7 507.3 505.3 501.2 493.2
544.1 528.2 518.8 513 505 506 505.7 501.1 493.7 491 489 482.1 474.2 486.2 493.6 498.7 505.4 511.4 514.2 515.4 516.2 517.9 516.1 513.7 516.8 515.6 515.2 510 505 502.3 498.7 492.7 489.4 486.9 482.6 477.9 471.5 471.7 475.4 483.6 490.8 497.5 502.1 506.9 512.5 516.4 523.3 529 533.1 536.5 541.4 545 545.1 545.4 548.4 549.1 547.4 546.6 544.4 543 542 540 539.6 537.5 537 537 536.1 536.7 531.5 520.6 511 508.3 510.4 510.6 509.7 507.6 504.9 495.1
549.1 532.2 521.9 515.9 508.9 504.5 502.6 502.4 498.8 492 489.3 484.6 470.3 475.5 486.9 490.9 497.4 503.8 509.6 513.1 516.4 517 517.5 515.7 515 512.6 509.4 506.5 501.7 499.1 495.7 491.8 488.7 486.4 483.1 478.3 473.1 467.7 469.5 474.8 483.8 491.5 497.8 502.4 508.4 512.4 518.1 525.2 530.9 535.2 539.6 543.1 543.7 544.5 545.8 547.7 547.1 545.5 543.8 542.4 539.9 538 537.2 538 537.7 535.8 535 533.9 529.6 521 510.6 505.2 508 510.7 510.8 510.2 507.4 497.6
551.1 540.6 523.6 516.7 511.2 506.7 501 498.9 498.2 493.5 488.1 483.6 475.7 464.4 472.8 484.6 489 495.8 502.6 509.8 514.6 517.2 516.8 516.2 515.2 513.6 506.2 502.3 499.8 497.8 492.7 488.3 486.8 484.6 482.3 477.5 474 466.3 465.4 468.9 476.3 485.6 492.8 498.9 506.7 511.3 515.7 521.5 526.6 532.2 537.2 540.7 539.8 540.5 542.6 543.6 543 543.4 541.7 538.9 537.1 534.7 535.6 537 537.4 536.2 533.5 533.7 531.2 523.8 512.6 503.9 504.1 508.7 509.6 508.8 506.1 500.6
553 544.4 532.3 518.8 512.1 508.4 504.8 499.4 495.2 492.6 487.7 481.6 477.3 469.8 464.4 472.7 480.8 486.4 494.3 501.8 510.1 513.5 514.5 515.4 514.7 510.2 504.5 500.9 498.1 495 489.7 486.7 485.2 482.2 480.2 477.3 472.8 468.5 463.4 466.3 470.8 478.6 487 494.4 502.4 509.2 513 519.1 524.4 528.6 533.5 535.9 536 537 537.7 539.3 540.2 540.2 537.9 535.1 535.1 533.6 534.8 536.1 536.8 534.8 533.2 533.3 531.4 526.4 516.3 501.5 500.8 505.1 508.1 506.2 506 500.5
552.7 544.5 536.1 522.8 512.5 507.9 506.3 503.5 498.8 493.2 487.2 480.3 473.5 469 459.6 460.6 472.3 478 485.6 492.4 498.1 506.7 507.9 509.4 508.4 506 502.9 498.9 493.9 491.1 488.1 485.1 483.6 481.1 479.8 475.2 472.2 468.3 463.1 462.9 466.4 472.4 481.5 489.6 498.3 509.2 512.5 515.2 520.4 524.9 528.8 531.5 532.8 532.8 532.6 534.4 536 535.8 535.4 532.6 534.2 533.3 534.9 536.1 536.6 535 532.1 529.5 527.2 523.6 516.7 506.3 498.7 499.8 506.1 507.2 504.9 501.7
552.2 544 536.9 525.3 516.5 509.7 505.9 503.6 501.1 495.8 489.2 482 475.1 469 464.8 457.3 458.1 469.7 476.1 483.4 489.8 495.1 501.9 502.9 503.8 501.9 497.9 495.4 490.8 487.2 485.6 482.4 481.8 480.2 478.5 474.2 471.9 469.4 465.4 461.6 462.8 466.9 475.2 484.5 493.3 506.9 512.5 512.5 516.5 521.2 523.8 525.3 527.5 530.5 531.5 531.7 532.6 533 532.6 534.4 534 534.1 533.3 535.2 537.2 535.8 533.1 530.7 526.5 524.7 520.7 508.8 499.5 496.8 502.4 505.8 503.9 499.4
553.1 546.4 537.7 526.6 518.3 512.6 505.1 502.5 500.4 497 491.3 484.7 476.7 470.7 465.6 462.2 451.5 462.8 469.1 474.8 480.3 484.6 491.2 492.8 495.6 496 494.4 490.2 485.9 482.9 480.7 478.5 477.5 476.7 475.1 472.4 471.3 469.6 467.4 464.2 456.4 463.4 468.6 479.1 487.5 504.5 513.8 513.5 514.5 517 520.5 522 522.7 525.9 530.2 531.1 531.5 532.2 533 533.8 534.1 532.8 531.5 533.1 535.8 535.6 531.3 528.9 526.8 528.5 525.7 515 503 498.4 499.9 502.6 501.4 500.2
553.1 547.4 536.2 526.4 518.5 511.9 508.5 503.7 498.3 495.7 491.8 487.1 479.9 471.8 465 461.7 457 449.3 461.3 466.9 471.2 479.9 483.1 482.8 485.1 487 485.4 483 480.5 478.5 476.6 475.3 473.3 472.8 472.4 470.3 469.9 469 466 464.6 461.2 454.5 465 473.8 481.8 495.5 511.7 513.9 514.9 515.7 515.7 519.2 521.8 521.2 525 530.7 531.8 532.9 533.4 533.6 533.1 531.3 530.4 529.5 530.7 532.1 527.3 525 526.7 528.6 526.1 519 510.8 504.1 500.3 501.9 502.8 501.3
552.1 548.3 538.7 528.5 521.3 511.7 509.8 505 499.8 493.6 490.2 486.5 481.4 473.9 467 463.1 460.4 455.6 449.7 444.7 463.3 468.7 471.9 474.3 476.2 477.9 477.9 475.9 474.1 473.4 473.1 472.1 470 468.7 469.1 466.4 466.3 466 465.2 464.3 462.8 457.6 461.7 468.8 478.4 488.2 505.2 512.3 513.2 515.9 516.1 518.9 520.6 522.5 526 528.4 531.5 532.7 532.5 528.7 532.6 531.1 528.9 527.4 525 524.2 522.9 521.6 522.8 525.7 524.2 517.6 510.3 506 500.9 500.1 502.1 502
551.9 546.1 539.4 530.8 521.7 515 509.1 505.3 501.9 496.8 491 484.9 480.7 474.9 468.6 465.1 464.2 461.9 459.4 450.8 449.3 462.8 465.3 466.4 467.5 468.4 469.4 469 466.9 467.1 467.7 467.4 465.5 463.9 461.9 461.2 461.5 459.4 461.5 462.5 461 443.2 464 466.5 472.3 483.4 496.3 509.4 513.4 514.9 516.1 518.2 521.3 524 523.3 527.5 530 532 531.8 530.9 530.8 529.9 527.3 524.3 522 519.8 520 520.6 518.4 519.8 521.6 517.8 512.1 507.2 502.3 500.4 500 498.8
550.3 542.4 536.6 530.9 523.1 516.3 510.5 504.5 502.4 500.1 493.8 487 478.6 474.4 469.7 464.7 464 463.1 461.2 458.4 440.3 448.3 457.6 459.7 461.4 460.9 462.2 462.4 461.6 460.8 461.8 461.8 459.5 458.6 456.9 455.3 455.6 454.7 451 456.6 452.9 445.8 462.3 466 468.8 479.5 489.5 506.9 511.7 513.7 517 517.6 520.8 524 523.8 526.3 528.4 529.9 530.8 530.5 528.8 522.6 522.2 519.6 518.7 519 517.6 517.5 516.9 515.9 516.4 511.9 507.4 505.1 502.8 500.3 501.2 502.1
548.7 539.9 534.2 530.1 522.4 516.5 511.1 505.8 502.2 499.9 497.2 493.1 484.5 474.4 467.8 462.8 457.9 457.8 457.4 456.6 447.8 436.8 447.3 453 455.5 456.2 456.1 456.5 456 455.6 455.8 455.2 453.7 453.1 452.3 450.8 448.6 447.3 444.3 450 445.7 441.6 457.7 462.7 466.1 472 484.2 497.6 508.6 512.3 514.5 516.8 518.9 520.7 521.5 523.2 525.1 525.9 528.2 528.2 526.9 521.1 519.4 518 517.4 518.2 517.5 516.3 515.6 516.2 512.3 508.4 505.7 503.2 501.9 501.5 502.2 502.3
544.4 534.2 530.1 525.3 522 516.2 510.6 506.6 503.1 499.7 497 494.2 488.4 479.9 469.3 461.4 452.7 448.5 448.4 450.1 450.2 437 439.1 447.4 449.9 451.9 452.9 452.4 451.8 450.8 450.7 449.9 448.2 447.2 446.3 444.4 443 441.3 438.1 442.2 433.6 444.5 452.2 457.5 462.7 468.2 483.4 489.9 505.5 509.7 513.3 516.5 519.2 519 519.7 520.1 519.4 521.4 524.5 522.2 519.9 517.3 517.1 516.5 514.1 517.8 517.7 516.2 514.6 514.2 511.6 507.3 504.4 498.9 498.2 500.6 501.2 500
537.6 530.6 526.3 523.3 519.6 515.6 510.2 506.3 502.4 500.3 498.3 494.8 489.3 481.7 473.1 464 453.3 446.5 442.9 441.2 442.4 444.2 430.9 440.8 443.4 445.2 447.2 448.2 448.1 446.7 444.6 444.3 443.3 442.3 440.8 438.9 437.1 435.5 434.1 433.5 421.4 435.5 444.2 453 459.5 466.1 478 486.3 500.9 508.3 510.1 513.4 516.2 518.3 518.2 517 518.6 518.9 518.3 519.7 519.1 517.1 514.9 515.6 515.9 517.8 516.7 517.1 514.9 512.2 510.2 506.4 501.2 494.7 492 495.3 497 495.2
531.6 526 522.1 519.3 516.2 512.8 508.8 505.4 500.3 497.2 495.1 491.9 487.7 481.5 474.1 466.1 455.9 449.3 442.1 440.2 439.3 438.9 438.8 428.1 432.6 436.9 438.7 441.7 442.7 441.5 440 438.6 436.9 436.3 435.7 434.3 432.3 430.8 429.7 428 417.2 433.6 439.7 447.6 455.3 463.8 479 485.2 490.3 505.1 509.1 510.9 512.4 514.3 516.6 514.9 516.3 516 516.9 517.4 516.7 516.7 514.1 513.1 512.1 513.5 511.6 515.1 513.4 510.8 506.8 502.4 495.3 488.6 483.3 485.8 488.4 486.8
527.5 525.8 522.6 518.4 514.4 505.8 507.1 503.7 499.4 493.7 489 485.2 481.7 478.6 474 468.2 460.3 453.4 445.3 440.1 439 437.2 437 435.8 426.5 425.8 426.6 432.5 434.3 435.7 434.9 433 431 428.9 427.7 427.6 426.7 424.9 423.1 420.4 418.8 430.6 438.7 444.8 451.8 459.2 469.1 483.7 487 490.3 504.6 508 510.1 510.7 513.6 515.7 515.9 514.1 514.3 514.3 513.8 513.9 514.7 513.5 510.4 507.2 503.7 506.2 501.4 494.8 490.1 485 478.2 475.6 471.7 474.2 473.8 473.3
