Assets/StreamingAssets/GeoData/Data/tg/TG24.asc
ncols 200
nrows 200
xllcorner 620000
yllcorner 340000
cellsize 50
[rows 152 to 189 of 200, columns 0 to 83 of 200]
29 30.6 32.7 30.6 29.2 30.4 30.9 30.4 30.7 31.4 30.5 29.4 28.6 28.3 30.1 30.2 30.7 31.3 33.5 35.3 36.4 38 39 39.1 38.8 37.3 35 33.2 31.1 29.9 28.2 27 25.7 21.4 13.9 5.5 5.6 1.9 1.9 0.5 -0.3 -0.3 -1.3 -1.3 -1.3 -1.3 -1.3 -1.3 -1.3 -1.3 -1.3 -1.3 -1.3 -1.3 -1.3 -1.3 -1.3 -1.3 -1.3 -1.3 -1.3 -1.3 -1.3 -1.3 -1.3 -1.3 -1.3 -1.3 -1.3 -1.3 -1.3 -1.3 -1.3 -1.3 -1.3 -1.3 -1.3 -1.3 -1.3 -1.3 -1.3 -1.3 -1.3 -1.3
31.5 34.6 34 30.7 31 33.3 33.9 32.5 31.9 32 31.9 31.3 29.8 29.4 31 31.9 33.2 34.5 37.3 37.6 39.7 39.4 40.2 40 38.9 37 35.2 33.7 34.4 32.2 30.3 28.5 25.6 23.3 22.2 20.3 17.6 16.7 17.1 1.4 1.2 0.9 0.1 -0.3 -1.3 -1.3 -1.3 -1.3 -1.3 -1.3 -1.3 -1.3 -1.3 -1.3 -1.3 -1.3 -1.3 -1.3 -1.3 -1.3 -1.3 -1.3 -1.3 -1.3 -1.3 -1.3 -1.3 -1.3 -1.3 -1.3 -1.3 -1.3 -1.3 -1.3 -1.3 -1.3 -1.3 -1.3 -1.3 -1.3 -1.3 -1.3 -1.3 -1.3
34.1 34.9 33.3 31.6 33 36.3 35.4 34.5 32.8 33.2 33.6 32.9 30.8 30.6 32.1 33.7 36.6 38.4 41.1 43.1 42.5 41.1 41.1 40.5 39.2 36.9 36.1 35.1 36.2 32.7 31.2 27.9 25 24.2 21.9 20.5 17.7 17.6 18.4 16.5 3.7 1.6 1.3 0.9 0.5 -0.1 -1.3 -1.3 -1.3 -1.3 -1.3 -1.3 -1.3 -1.3 -1.3 -1.3 -1.3 -1.3 -1.3 -1.3 -1.3 -1.3 -1.3 -1.3 -1.3 -1.3 -1.3 -1.3 -1.3 -1.3 -1.3 -1.3 -1.3 -1.3 -1.3 -1.3 -1.3 -1.3 -1.3 -1.3 -1.3 -1.3 -1.3 -1.3
35 35.3 34.6 34.1 34.9 37.3 36.1 36.6 35.2 35.3 36.9 34.2 31.9 31.8 33.5 37.1 39.3 41.8 43.7 44.1 44.9 43.8 42.9 41.7 39.5 37.4 36.3 36.9 38.1 35.1 29.5 26.7 25 23.2 20.1 18.9 18.3 18.7 19.2 18.6 18.4 13 2.9 2.9 1.8 1.3 0.5 -0.2 -1.3 -1.3 -1.3 -1.3 -1.3 -1.3 -1.3 -1.3 -1.3 -1.3 -1.3 -1.3 -1.3 -1.3 -1.3 -1.3 -1.3 -1.3 -1.3 -1.3 -1.3 -1.3 -1.3 -1.3 -1.3 -1.3 -1.3 -1.3 -1.3 -1.3 -1.3 -1.3 -1.3 -1.3 -1.3 -1.3
35.6 37.3 37.1 37.4 38.5 37.8 37.9 38.8 39.2 37.5 37.6 35.3 33 32.3 34.4 37.2 40.8 46.4 46.7 48.7 47.3 45 43.8 41.9 38.7 36.6 34.9 33.8 33.2 32 27.6 24.6 23.2 21.1 19.6 19.2 19.2 19.5 19.7 19.7 20.1 18.4 11.1 16 5.5 4.1 2.2 1.3 0.6 -0.1 -1.3 -1.3 -1.3 -1.3 -1.3 -1.3 -1.3 -1.3 -1.3 -1.3 -1.3 -1.3 -1.3 -1.3 -1.3 -1.3 -1.3 -1.3 -1.3 -1.3 -1.3 -1.3 -1.3 -1.3 -1.3 -1.3 -1.3 -1.3 -1.3 -1.3 -1.3 -1.3 -1.3 -1.3
36.8 38 39 39.8 41.7 42 41 40.9 37.8 39.3 38.3 36.2 34.1 35 37.8 40.1 46.1 50.2 53.4 54 51.8 47.2 44.4 43 38.4 35.2 33.7 31.6 30.2 28.8 24.8 23.1 21.4 20.8 20 19.9 20.6 20.3 20.8 21.4 20.4 18.6 18.9 19.3 20.4 17.2 6.4 3.4 2.5 1.4 0.7 -1.3 -1.3 -1.3 -1.3 -1.3 -1.3 -1.3 -1.3 -1.3 -1.3 -1.3 -1.3 -1.3 -1.3 -1.3 -1.3 -1.3 -1.3 -1.3 -1.3 -1.3 -1.3 -1.3 -1.3 -1.3 -1.3 -1.3 -1.3 -1.3 -1.3 -1.3 -1.3 -1.3
39.6 41.4 42.2 41.6 45.4 45 44.8 45 45 42.8 37.4 36.6 34.9 36.1 40 45 49.9 54.5 57.8 56 52.9 46 43.3 39.4 35.4 30.7 29.6 29.9 29.1 28.5 24.6 22.8 21.8 20.5 20.4 21.3 21.6 21.6 22.3 22.8 21.7 19.8 19.2 19.8 21 21.6 22.1 23.3 12.1 4.6 2.9 1.9 1.4 0.9 0.4 -0.2 -1.3 -1.3 -1.3 -1.3 -1.3 -1.3 -1.3 -1.3 -1.3 -1.3 -1.3 -1.3 -1.3 -1.3 -1.3 -1.3 -1.3 -1.3 -1.3 -1.3 -1.3 -1.3 -1.3 -1.3 -1.3 -1.3 -1.3 -1.3
42.9 45.2 45.4 44.5 47 48.5 49.1 50 47.1 43 38.6 37.3 36.2 36 39.6 43.7 51.7 52.7 51 46.7 44.7 41.8 38.8 35.3 30.7 29.7 30.7 30.8 29.2 27.6 30.9 24.7 22.1 20.8 22.6 23.1 23.3 23.4 23.7 23.2 22.1 20.7 20 20.4 21.4 22.3 23.2 25.3 29.1 32.8 25.3 14.6 6.9 3.8 2.7 1.5 0.5 -0.4 -1.3 -1.3 -1.3 -1.3 -1.3 -1.3 -1.3 -1.3 -1.3 -1.3 -1.3 -1.3 -1.3 -1.3 -1.3 -1.3 -1.3 -1.3 -1.3 -1.3 -1.3 -1.3 -1.3 -1.3 -1.3 -1.3
44.2 54.1 49 47.2 48.2 51.8 53.5 54.5 48.3 40 39.1 38.4 38.7 38.5 37.5 35.8 40.7 46.1 45 43.4 37.9 31.9 30.8 35.3 36.7 33.8 33 32.7 31.5 32.2 30 24.4 21.4 23.7 25.3 25.7 25.9 24.8 24.6 24 22.6 22.6 20.7 20.7 22.1 23.4 23.9 26.5 29.3 32.5 34 35.2 35.8 22.1 14.2 3.1 1.4 0.6 0.2 -0.3 -1.3 -1.3 -1.3 -1.3 -1.3 -1.3 -1.3 -1.3 -1.3 -1.3 -1.3 -1.3 -1.3 -1.3 -1.3 -1.3 -1.3 -1.3 -1.3 -1.3 -1.3 -1.3 -1.3 -1.3
43.6 46.8 49 48.9 50.4 53.2 55.4 53.4 49 45.6 42.1 42.6 43.1 41 42 41.3 43.1 43.6 42.8 41.5 39.6 37 36.6 37.2 37.4 36 34.3 34.9 34.3 32.4 27.8 23.6 22.2 26.4 28.4 29 28.1 28.2 26 24.5 23.4 23.1 22 22.1 21.9 22.7 24.1 26.6 28.7 31.2 33.4 35 37.4 40.5 41 19.1 5.1 1.7 1.1 0.6 0.1 -0.4 -1.3 -1.3 -1.3 -1.3 -1.3 -1.3 -1.3 -1.3 -1.3 -1.3 -1.3 -1.3 -1.3 -1.3 -1.3 -1.3 -1.3 -1.3 -1.3 -1.3 -1.3 -1.3
42.6 44.9 49.5 52.4 52.8 54.5 56.1 53.8 51.5 49.8 45.1 45.2 45.4 44.4 44.4 43 45.4 45.8 45.1 42.8 39.8 37.4 37 38.2 38.8 41.2 35.8 35.4 34.6 31.1 28.8 23.4 23.7 29 32.3 32.2 30.8 28.7 27 26.2 25.1 23.9 23.6 23 22.5 23 24.3 26.4 28.6 31.1 32.6 35.1 38.3 41.3 44.5 45.9 23.3 12.9 2.7 1.5 1 0.3 -1.3 -1.3 -1.3 -1.3 -1.3 -1.3 -1.3 -1.3 -1.3 -1.3 -1.3 -1.3 -1.3 -1.3 -1.3 -1.3 -1.3 -1.3 -1.3 -1.3 -1.3 -1.3
41.1 45.4 50.5 54.8 56.6 55.6 57.2 56.8 54.5 51.7 47.4 49.3 49.6 48.9 47.9 46.4 48.1 47.5 46 43.4 42.5 41.4 40.7 38.4 39.2 40.8 38.9 35.6 32.5 29 26.1 23.4 24 31.2 35.5 36 34.6 31.4 28.7 27.8 26.4 25.5 25.3 24.4 24.4 23.5 24.2 25.9 28.6 31.7 34.6 35.9 38 41.1 46.5 42.3 49.8 44.4 15.1 7.5 2.4 1.3 0.6 0.1 -0.3 -0.8 -1.3 -1.3 -1.3 -1.3 -1.3 -1.3 -1.3 -1.3 -1.3 -1.3 -1.3 -1.3 -1.3 -1.3 -1.3 -1.3 -1.3 -1.3
41.6 46.2 50.3 53.8 55 55.4 56.5 56.4 55.3 52.2 51.7 57.3 57.1 55.3 51.9 49.5 49.3 48.1 46.5 43.4 42.1 40.3 44.4 44.6 47.7 46.5 43.6 42.3 39.2 31.5 26.9 24 26.3 37.9 39.2 38.8 36 32.2 30.2 30.8 29.2 29.5 27.9 26.7 25.3 24.5 25.5 26.3 28.4 31.5 33.1 35.8 38.3 41.4 44 56.2 56.2 51.6 44.8 25.5 15.7 3.7 2.2 1.4 1 0.3 -0.3 -0.6 -1.3 -1.3 -1.3 -1.3 -1.3 -1.3 -1.3 -1.3 -1.3 -1.3 -1.3 -1.3 -1.3 -1.3 -1.3 -1.3
40.8 44.3 48.1 49.9 49.9 52.1 54.6 57.4 57.8 56.7 55.8 57 61.4 59.5 56.6 54.6 56 49.1 46.3 45.2 43.2 45.3 45.1 49.7 49.5 53.5 54.5 44.3 37.2 31.4 28.5 25.3 26.8 37.6 44.3 42.1 39.1 38 37.9 35.6 35.5 32 29.9 27.9 27.1 25.5 24.8 26.4 28.9 30.3 32 33.9 36.1 41.4 42.8 49.8 49.7 49.3 52.2 56.7 45.1 21.4 18.3 4 2.7 1.6 1 0.5 -0.1 -0.6 -1.3 -1.3 -1.3 -1.3 -1.3 -1.3 -1.3 -1.3 -1.3 -1.3 -1.3 -1.3 -1.3 -1.3
40.7 43.1 44.9 46.3 47.9 50.2 55.8 61.6 62.6 64.2 62.5 61.5 61.9 60.7 58.8 57.2 57.4 57.7 54.4 49.4 45.2 45.5 48.2 48.7 46.7 46.8 43.2 37.9 33.1 30.5 28.4 26.2 25.9 34.4 44.8 50.2 45.6 46.4 41.4 39.5 37.8 33.5 30.7 29 27.5 26.9 25.1 26 28.9 29.8 32.5 32.8 35.5 39.6 40.4 43.6 44.3 45.2 48.6 53.9 59.8 43.6 34.5 25.5 14.1 5.2 2.7 1.4 0.9 0.4 0 -0.4 -1.3 -1.3 -1.3 -1.3 -1.3 -1.3 -1.3 -1.3 -1.3 -1.3 -1.3 -1.3
44.7 42.6 43.7 45.1 47.1 50.6 56.6 61.7 66.1 66.5 65.3 64 62.6 61.1 60 60.2 59.5 59.6 57.2 54.1 48.8 52 52.4 47.9 45.2 42.1 37.8 34 31.5 29.9 29.4 27.6 26.1 31.1 38.7 48.1 47.2 48.5 46.8 42.7 37.1 33.8 32.2 29.8 28.1 26.5 26.1 26.6 28.2 29.4 32 33.4 34.9 36.2 37.9 39.5 41.4 43.8 47.7 50.9 54.1 60.4 60.3 39.6 29.6 23.5 14.1 3.8 1.9 1.4 1 0.7 0.4 0 -0.3 -1.3 -1.3 -1.3 -1.3 -1.3 -1.3 -1.3 -1.3 -1.3
40.1 43.8 42.5 44.3 46.1 50.4 55.9 62.5 67.3 66.8 65.7 65.3 64.3 63.4 62.6 62.4 61.7 61.3 59.8 53.4 51.8 57.2 55.5 50.8 47.6 45.6 38.9 34.1 33.7 32.5 30.7 29.2 27.4 29.4 40.3 44.8 40.4 42.8 46.1 41.5 37.4 33.9 32 29.7 27.8 27.6 27.9 27.2 28 29.4 30.9 33 34.3 35.2 36.6 38.6 43 45.7 50.8 61.2 63.1 62.7 71.4 67.4 58.2 44.2 33.3 22.8 15.7 15.7 3.2 1.7 1.4 1 0.7 0.3 -0.2 -1.3 -1.3 -1.3 -1.3 -1.3 -1.3 -1.3
41.6 41.6 45.3 43.3 45.1 47.6 52.8 58 63.2 62.8 63.8 65.9 66.4 65.7 65.3 66.6 61.8 61.1 58.1 57.6 60.5 60.2 58.1 52.1 48.7 42.5 39.5 37.6 35.8 34.3 32.6 30.7 28.2 27 32.5 35.5 36.9 42.6 43.9 41.7 36.9 34.7 32.2 30.7 28.6 28.6 28.3 27.9 28.6 29.6 30.5 31.9 33 34.7 37.3 41.1 45.8 52.3 66.3 70.1 74.7 73.4 74.1 75.2 73.5 73.4 66.1 50.2 30.4 18.5 23.5 17.1 14.2 2.5 1.7 1.3 0.7 0.1 -0.5 -1.3 -1.3 -1.3 -1.3 -1.3
42.9 43 43.2 46.5 44.5 46.9 49.3 53.8 56.7 57.8 59.9 62.5 65.6 66.7 66.2 67.4 61.8 60.7 59.9 60.2 61 61.1 58.4 52.3 48 48.2 43.8 40 37.4 36 34.2 32.2 30 27.9 28.4 33.7 39.1 42.1 43.4 38.8 37.3 34.3 33.2 31.8 30.6 29.1 29.2 29.6 29.3 29.7 30.8 32.3 34.5 36.7 41.5 45.4 49.9 63.7 72.4 73.4 74.7 73.8 72.9 72.1 70.3 66.4 67.9 69.6 56.8 38.3 26.7 24.6 15.6 10.6 6 3.6 1.6 1.1 0.5 -0.1 -1.3 -1.3 -1.3 -1.3
44.7 45.2 44.9 44.7 47.2 45.8 47.7 50 52.2 54.1 55.8 58.1 63.1 65.7 65.1 65.4 64.2 63.2 61.4 62 62.7 62.7 61.9 58.2 54 50.4 45.6 41 38.7 37.4 35.8 33.8 31.5 29 29.3 34.4 39.1 41.8 43.7 39.2 38 35.2 33.6 32.2 30.8 31.1 30 29.9 30.6 30.7 31.6 32.2 33.1 36.2 41 47.3 53.3 65.2 61.9 63 74.1 70.9 70.6 66.7 61.7 63.1 67.4 70 72.9 65.3 45.9 36.8 32.8 31.8 18.9 13.4 6.3 3.2 1.7 1.1 0.5 -0.1 -1.3 -1.3
47.2 47.8 46.2 46.5 46.9 47.8 47.8 49 50.4 51.8 53.3 56.2 59.6 62.8 66.1 66.5 66.1 65 64.3 64.4 64.4 63.8 63.6 63 58.4 52.5 48 43.9 40.8 38.9 37.3 35.3 32.8 30.1 29.9 33.4 36.3 39.2 43.4 42.8 40.3 36.9 34.6 32.7 32.2 32.3 31.5 31.5 31.2 31.5 32.5 32.9 32.5 35 40.2 44 51 55.5 54.1 55.9 69.8 72.4 69.5 59.4 59.1 72.8 74.3 74.4 73.6 73.8 72.8 64.7 57.9 52.8 52.3 42.2 35 20.9 16.3 4.3 1.8 1.5 1.1 0.5
49.8 50.7 49.2 49.9 48.8 49.3 49.4 50.6 52.1 53.4 54.1 56.1 58.7 62.6 64.8 67.2 66.2 65.7 65.3 65.1 62.7 63.9 61.5 58.7 59.8 53.5 50.8 46.8 42.9 40.4 38.5 36.1 33.3 30.5 30.7 33 35.5 38.4 42.4 43.1 41.4 38 35.6 34.1 33.8 33.8 33.3 32.9 33 33 34.2 34.4 34.7 35.2 39.6 43.8 46.6 47.4 49.8 51.9 57.8 59.5 58.3 55.8 56.4 62.8 70 74.9 75.9 74.9 72.3 64.8 58.5 52.9 46.9 54.1 59.1 42.1 37.8 21.3 14.9 14.2 7.2 2.4
53.9 58.3 57.3 53.7 50.7 55.3 56.6 50.5 56.7 61.3 61.6 61.2 63.1 64.2 65 65.5 64.3 64.1 62 59.9 58.5 59.4 57.7 53.2 51.9 51.8 51.4 49.4 44 40.4 36.9 33.9 31.6 31.3 31.6 33.8 35.7 36.9 39.4 39.8 39.4 38.3 37.1 36.5 35.2 34.4 33.3 33.8 33.8 34 34.8 35.7 36.3 36.9 38.8 41.4 43 43.8 45.1 47.3 49.8 52 51.5 51.8 53.9 58.5 61.1 71.9 76 75.3 66.8 60.1 53.3 48.5 44.8 46.6 50.8 48.9 43.6 48.5 39 31.8 23 17.1
61.6 67.7 68.6 61.6 53.9 58 62 61.4 50.9 62.9 64.5 64 63.1 62.5 62.7 62.7 58.8 61.8 60.5 57.9 55 53.6 52.1 48.7 46.6 47 48.7 46.1 41.7 36 34.5 32.6 32.7 32.2 31.2 34.6 36 36.3 37.1 39.5 39.9 39.5 38.7 38 38 36.5 35.5 35.8 35.3 36 35.6 36 37.3 37.9 38.5 38.8 40.9 41.9 42.8 44.9 47 48.2 49.2 50.2 52 55 59.9 63.9 73.1 73.6 69.6 58.1 49.8 45 43 41.8 42.7 42.5 40.2 40.7 38.7 37.5 37.7 35.8
69.4 69.7 68.8 63.4 56.7 62.1 64.3 64.1 63.9 51.6 64.7 63.2 61.7 59.9 60.1 57.1 53.8 57.4 57.1 55.1 54.2 51.2 47.5 45.5 42.8 42.1 42 39.2 37.1 35.9 34.4 34.5 34.3 33.1 31.9 33.3 34.8 36.6 38.3 40.4 41 42.4 42.3 41.4 39.5 38.1 36.9 36.8 37.2 38.1 37.3 36.8 37.7 39.1 39.8 40 41 42 44 45.3 45.8 46.6 47.8 49.3 50.9 53.7 56.6 60.1 64.3 69.2 73.4 68.7 56.3 46.9 42.2 40.6 39.4 38.4 37.1 35.9 35.2 36 37.5 33.7
71 70.2 67.8 63.1 60.8 64.4 64.7 64.2 64.2 63.5 55 58.1 57.6 56.3 55.8 51.8 48.7 49.4 49.6 49.8 50.5 48.3 44.7 41.5 39.6 39.2 38.1 36.6 35.3 35.6 36.1 36.3 35.7 33.7 31.5 34 35.6 39 40.7 43.7 44.8 45.9 45.6 44.9 43.1 39.9 39.6 39.4 40.6 41.6 40.2 39.2 38.4 39.8 40.6 41.1 41.8 42.4 45 46.2 46.6 47.1 48.7 49.6 50.5 54.2 53.8 57.2 60.7 63.9 63.2 62.4 54.3 48.6 43.6 41.3 40.5 40 38.6 37.2 35.7 34.1 33.7 32
71.2 70 68.6 65.8 67.1 65.7 65.2 64.4 64.2 59.5 56.4 53.3 52.1 51.7 49.4 48.4 47.6 46.5 45.2 44.4 43.2 42.1 40.6 40.5 39.5 39.3 38.2 37.2 37.4 38.9 39.5 38.7 37.2 34.5 34.1 37 40.6 40.5 42.9 47.3 50.1 50.6 50.5 51 46.8 44.9 46.9 43.7 45.6 46.1 43.6 43 40.4 40.8 41.5 42.3 43.6 44.1 44.5 46.9 47.6 48.8 49.9 50.5 52.1 52.2 52 54.2 56.3 57.9 55.4 53.4 50 48 44.6 42.9 42.9 41.6 40.4 39.2 37.5 35.4 34 33.3
71.2 70.1 69.9 68.6 68.4 67.9 66.1 64.5 63.3 60 57.4 58.9 58.2 55.5 52.7 51.8 52.3 49.9 47.4 46.6 44.9 43.7 43.8 42.3 41 40.5 40.2 40.6 41.5 42.6 42.2 40.8 37.7 36 35.1 37.3 40.2 42 44.6 48.8 53.2 61.1 60.3 58.3 51.7 57.2 56.8 54.1 50.8 46.4 46.7 45.1 42.5 42.2 43.9 44.9 45.3 46.6 46.7 47.5 49.1 48.7 50.5 52.9 54.1 55.4 57.5 57 56.8 54.9 52.9 50.9 48 46.3 44.7 44.5 43.9 43 41.9 40.1 37.6 36.3 35.2 34.5
69 69.7 69.6 69.4 68.6 67.3 66.1 65.5 63.9 60 63.3 61.3 59.6 59.2 53.1 59.8 54 50 52 49.4 47.6 46.7 49.6 46.9 43.8 43.4 45 48.2 49.5 47.2 45.4 41.1 37.6 37 37.6 39.8 40.9 41.4 43.5 46.2 53.3 60.5 60.9 61.5 57.5 63 62.4 62.5 51.3 49.2 47.9 46.1 42.9 43.9 45.7 46.5 47.2 48.1 48.4 48.6 48.3 49.1 52.8 52.6 56.2 58.2 59.9 60.4 58.4 55.6 53.5 50.6 49.7 47 46.8 46.2 44.4 43 41.9 40.2 37.3 36 35.9 34.8
66.6 68.8 69.1 68.8 68.6 67.4 66.1 63.2 61.4 63.2 63.9 63 62.3 59.7 56 60 56.6 52.1 55 52 52.3 51.1 54.5 53 46.9 47.6 53.9 57.2 53.8 50.4 46.6 42.1 40 37.5 41.6 41.5 41.5 41.9 42.7 43.3 46.4 51.9 57.7 59.8 60.1 58.2 61.6 62.4 59.2 52 50.7 47.4 46.8 46.2 47.4 48.7 49.3 49.5 50.2 51.4 51 54.5 57.3 66 68.2 65.5 65.6 66.3 67.1 62.1 56.4 53.9 51.4 48.5 48.7 48 45.9 44 41.8 39.3 37.4 37.1 36.4 35.3
67.4 68.5 68.7 68.6 68.1 66.9 64.7 64.7 65 64.5 64.3 63.7 62.5 59.2 60.3 60.2 55.1 56.7 59.8 56.6 58.5 52.9 54.5 54.3 49.3 57.4 60 57.1 53.8 50.4 46.8 44.2 40.7 39.6 46 42.8 43.1 42.8 43.6 44.3 44 44.4 49.4 54.6 57.3 59.4 60.8 62.4 64.5 56.3 53.4 49 51.7 52.1 51.4 51 52.7 52.2 53.6 55.5 54.4 55.6 57.9 59.1 63.6 71.5 73.4 72.7 72.8 70.6 67 60 53.1 51.3 51.8 51.6 49.1 44.9 42.5 39.8 37.9 38.1 37 35.7
69.7 70.6 70.2 69 68.6 67 65.4 66.3 65.9 65.7 64.8 63.7 61.6 62.1 60.4 59.8 59.5 60.9 61.9 62 62.9 60 59.5 55.4 54.8 61.8 60.4 57.2 54.1 51.9 49.3 43.9 39.5 42 47.2 49.6 49.8 55.4 48.7 46.6 46.8 46.1 47.7 48 52.5 56.2 58.5 60.9 62.6 60.6 57.5 55.1 56.1 56.6 56.4 55.3 57.9 54.9 55.9 58.7 59.8 56.8 58.7 63.7 66.2 67.7 71.9 74.5 74.2 71.4 68.9 61.2 59.8 54.7 54.9 53 49.9 45.3 42.3 40.3 39.4 39.3 37.8 36.8
71 71.7 71.2 69.9 68.5 66.8 66.9 66.8 66.2 65.5 63.5 62.8 63.9 62.8 61.2 61.5 60.9 62.3 63.7 63.8 63.4 63.3 64.4 63.2 63.3 62.9 56.2 56.1 54 51.2 46.1 41.6 41.7 42.3 46 55.8 56.1 54 48.3 57.9 53.2 52 53.2 52.1 51.7 52.7 55.3 59.4 61.4 63.1 61.8 62.9 60.1 59.8 56.5 60.7 62 61.4 58.1 60.8 63.9 62.9 59 62.2 67.8 71.5 71 74.3 74.5 73.9 69.8 68.4 66.7 58.8 52.4 53.8 50.1 45.1 42.9 41.6 40.7 40.2 38.9 37.8
73.4 72.8 71.6 70.3 68.8 67.6 68 67.4 66.9 65.6 64.7 64.4 64.8 63.7 62.7 62.6 62.2 63.4 64.6 64.6 64.9 65.7 65.4 64.6 63.1 59.7 56.8 54.1 49.4 45.8 49.8 53.6 55.3 53.9 52.5 51.7 59.1 56.8 53 60.6 56.4 54.9 56.8 55.8 54.4 54.1 54.4 56.3 58.9 62.6 64.3 60.5 64.4 66.7 68.6 68.4 66.5 65.3 61.8 62.9 68.1 67.3 62 67.8 73.6 74.5 74.1 73.7 73.9 73.9 73.5 74.1 68.7 68.1 63.7 59.6 50 45.4 44 42.7 41.5 40.7 39.7 38.9
74.4 73.1 72 70.6 69.2 68.9 69.2 68.3 67.6 66.7 66.3 66.1 66.2 65.7 64.7 64.2 63.8 64.5 65 64.9 64.8 65 64 62.8 56.6 57.1 51.8 48 46.1 46.3 47.7 49.2 49.9 57.5 57.8 53.4 59.1 57.6 59.5 61.2 58.8 57.5 58.4 58.4 57.9 57.7 57.6 56.7 58.6 62.4 64.7 65.4 68.7 71.8 74.1 72.9 72.1 63.9 65.3 67.7 72.2 72.9 68.3 72.1 75.9 75.9 74.6 72.2 72.5 73.3 73.2 70.9 69.3 67.8 64.7 58.4 50 49.6 44.3 43.1 42.4 41.9 41.5 41
75.3 74.1 72.2 70.5 69.6 70.2 70.4 69.5 69.2 68.6 68 67.7 67.5 67 66.5 65.9 65.4 65.4 65.4 64.5 64 63.5 62.5 59.5 58 54.3 47.8 46.9 49.8 51.1 55.5 55.1 54.7 59.5 61.8 59.7 60.8 56.2 60.6 61.7 60.8 62.2 62.5 60.8 60.2 60.2 60.7 58.8 59.4 63.2 64.2 65 70.1 72.7 76.1 74.5 74.3 66.6 71.6 72 73.7 75.6 75.8 69.7 76.2 75.7 73.5 70.3 70.2 70.9 72.2 70.3 63.6 59.5 56.4 53.6 50.4 47.4 45.5 44.5 43.8 43.3 43.3 43.1
76.3 74.5 72.4 71 70.7 71.1 72.6 72.1 71.9 71.5 70.6 69.6 69.2 69.2 69.2 68.3 67 65.9 64.5 63.8 63.3 62.6 60.9 57.8 53.2 50.2 49.2 41.8 55.1 56.7 60.6 61.2 63.9 64.1 63.3 61.4 62.1 61.5 63 62.9 62 63.1 63.4 63.7 59.6 62.2 62.7 61.8 60.5 63.5 65.4 64.9 71.1 73.3 75.2 75.2 75.2 75.1 74.5 75 76.2 78.2 77.6 75.9 76.2 75.5 73.7 69.8 66.1 63.7 65.3 69.6 68 63.5 57.6 55.1 54.7 50.2 45.6 45.2 46 45.4 45.3 45.1
76.5 74.8 73.9 72.9 72.9 73.8 74.9 75.8 75.3 73.7 72.6 71.5 71.4 71.8 71.9 70.5 68.5 66.5 64.6 63.7 62 62 57.7 53.1 52.4 53.1 58.2 58.5 60.3 56.2 62.7 65.1 66 65.9 64.3 63.2 63.7 64.4 64.3 64.2 63.3 64.1 65.5 65.5 64.6 63.7 63.6 64.1 63 65 65.3 67.2 71.4 72.6 74.7 76 76.2 75.9 75.6 75.6 76.1 78.3 77.7 76.2 75.6 75.1 74.6 72.6 69.9 70.2 70 59.8 60.2 65.1 63.8 59 52 48.3 48.2 48.5 49.2 48.4 47.7 47.8
