Assets/StreamingAssets/GeoData/Data/nh/NH05.asc
ncols 200
nrows 200
xllcorner 200000
yllcorner 850000
cellsize 50
[rows 70 to 104 of 200, columns 79 to 157 of 200]
319.6 321.7 314.9 308.1 301.5 294.5 290.7 283.7 278.7 272.2 265.8 259.4 254.1 250.1 246.1 233 229 232.4 228.8 224.3 224.3 224.3 224.3 224.9 228 228.9 231.2 232.8 235 245.2 245.2 246.8 247.5 248.8 252.7 264.8 275.9 280.8 279.4 280 276.4 270.8 276 279.8 284.3 287.6 289.4 294.1 304.7 308.8 312.3 320.8 326 331.2 332.8 332.7 332.4 327.4 329.7 339.5 348.6 349.7 349.8 352.1 347.1 340.3 329.2 319.3 317.1 313.2 302.5 299.1 294.8 287.3 283.5 272.8 265.4 259.6 251.8
316.4 312.5 305.8 300.3 296.3 292.6 287.4 281.9 275.8 269.8 263.6 258.1 252.5 245.4 243 229.5 228.7 232.3 227.2 224.3 224.3 224.3 224.3 224.3 224.3 228 230.4 233.3 237.3 244.6 245.2 249.2 249.1 249.5 256.6 262.7 271 276.8 276.2 279.3 277.3 274.6 279.9 284.9 290.1 291.8 297.5 303.2 314.9 316.6 320.2 328.5 331.9 340.5 342.2 341.8 339.4 336.2 344.6 351.8 356.9 358.3 361.3 360.7 355.2 346.2 339.4 332.2 326.3 317.1 308.5 304.7 298 292.7 288.8 277 271.8 266.6 254.2
313.6 309 299.6 296.8 291.4 288 283.9 277.6 269.4 265.3 260.8 256 249.3 243 237.8 228.7 230.8 229.8 226.2 224.3 224.3 224.3 224.3 224.3 224.3 227.6 229.7 234.1 238.1 249.6 245.8 248.5 252.4 251.5 258.2 263.3 267 275.2 274.3 277.5 279.3 281.3 284.5 290.9 293.9 297.2 302.1 310 319.5 324.4 326.6 330.5 340.6 344.5 347.3 344.4 345 351.1 358.1 361.6 365.1 366.9 368.8 367.5 364.1 354.4 346.6 339.9 330.5 321.7 316.6 310 303.6 297.5 290.8 283.1 276.9 270.8 263.7
310.1 301.5 295.7 293.8 287.2 283.5 275.9 272.8 267 262.9 257 252.6 249.1 238.6 230.6 228.5 229.6 227.8 226.4 225.8 224.3 224.3 224.3 224.3 224.3 229.3 234.1 235.7 244.5 249.4 249 250.2 255.4 253.4 259.7 262.9 265.8 273.7 276.9 280 281.9 286.4 289.2 294.7 296 301.9 307 316.8 324.1 328.5 330.2 337.3 341.6 347.2 350.8 354.4 354.2 358.3 364.4 366.7 370.7 371 372.6 370.4 366.6 361.2 352.6 346.3 335.9 329.7 325.3 318 311.2 306 296.2 288.8 285.6 277.6 274.4
301.4 292.5 289.3 285.4 281.9 276.6 271.6 267.9 262.1 263.1 255.6 248.9 245.2 237.7 231.4 229.4 230.1 226.6 227.2 228.6 228.1 225 227.8 229.1 229.8 232 234.5 242.5 248.4 250 252.6 256.5 254.7 256.9 260.1 262.5 265.3 270.7 278.4 284.9 285.8 292.2 295 298.5 300.5 304.4 308.7 318.1 325 331.6 334.9 339.9 346.9 347.4 352.6 361.4 363.8 363.5 368.1 370 373.6 374.9 377.3 376.5 370.1 364.5 357.9 352.1 342.6 335.7 329.5 321.9 315.6 309.3 303.4 298.1 291.6 288.5 278.6
291.5 286.8 282.5 279.5 275.6 270.9 267.1 262.8 259.3 253.7 253 246.7 238.4 234.4 230.4 227.3 223.1 226 228.8 228.8 228.4 228.3 229.7 232.2 237.5 234.4 240 247.4 255.5 255.7 257.3 257.9 261.9 261.7 259.6 263.2 267.4 274 277.7 288.4 289.1 294 300.8 306.6 308.9 311.7 315.9 322.4 329.3 335.4 338.4 341.1 343.3 352.3 359.8 365.3 366.9 371.1 373.9 375.2 376.8 378.6 379.6 379.2 373.7 368.9 363.5 357.4 348.6 342.8 335.3 329.2 323.4 315.3 310 302.7 298.1 293.4 282.9
286 284.5 275.8 273.6 269.9 267.6 264.6 260.1 254.5 249.5 245.5 241.2 235 232 227.8 223.1 223.1 227.6 227.9 229.9 233.5 233.3 233.6 234.2 239.9 236.2 239.5 245.9 255.3 259 262.3 265.8 265.7 268 270.6 269.3 268.3 275.6 280.6 288.1 291.3 297.8 304.3 309.2 312.9 319.8 321.4 327.1 335.5 339.8 338.1 341.8 348.5 354.4 360.8 368.4 374.4 376.9 377.7 380.2 379.8 382.3 384.8 381 377.2 373.3 368 361.1 353 347.9 340.9 333.5 328.6 322.9 315.9 308.8 304.7 299 294.2
278.7 277 271.3 267.6 265.5 261.4 258.1 255.3 247 243.2 239.8 235.8 232.1 229 223.1 223.1 223.1 225.2 227.7 230.1 232.9 237.5 234.6 236.1 242.7 243.7 246.5 248.5 256.4 260.3 265 268.8 274.9 280.4 279.2 279.5 269.2 279.1 286.3 292 294.9 302.4 310.2 313.3 319.1 321.5 325.9 331 334.2 337.2 341.2 341.1 353.9 359.9 366.5 373.5 376.5 379.8 381.7 384.7 382.9 384.4 385.7 382.8 380.5 374.6 369.7 363.5 356.4 352.7 346 337.1 331.4 324.3 318.7 315.7 309.5 306.5 298.9
271.6 274.7 268.4 262.6 258.7 252.7 250.3 246.8 241.8 239.2 236.7 229.9 226.7 224.7 223.1 223.1 223.1 223.1 230.5 232.3 232.9 242.7 236.2 238 247.2 249.7 251.1 254.8 255.8 259.9 266.1 273.5 285.2 291.3 290.9 285.7 277.7 279.5 287.4 292.6 299.4 305.1 310.9 316.6 329.8 326.5 329.8 334.5 333.9 343.4 345.3 342.4 353.5 362.7 370.8 378.8 383.4 381.7 384.8 387.6 386 388 387.8 384.5 380.8 377.7 372 366.2 359.3 354 347.6 341.6 335.1 327.3 325.9 321.4 313.9 310.8 313.6
263.5 265 262.7 256.6 253 249.6 243.1 239.2 237.9 238.1 235.5 225.4 223.1 223.1 223.1 223.1 223.1 228.6 231.9 233.3 238.6 244.2 244 239.9 246.4 252.5 256.6 260.2 261.5 268 271.9 276.5 292 297.8 296.6 290.2 283.3 280.7 290.6 294.4 300.9 307.1 313.1 322.8 330.8 330.2 332.4 332.7 333.7 346.1 345 350.8 357.3 365.7 372 382.6 382.7 384.1 390.3 391 389.7 389.6 388.3 385.1 382.1 378.6 373.9 368.4 363.4 359.7 352.5 346.6 342 335.8 331.5 325.5 324.4 318.1 318.7
257.6 256 256.7 252.5 246.6 245 242.2 235.8 236.1 232.7 226.9 223.1 223.1 223.1 223.1 223.1 226.1 232.3 237.8 237.6 241.4 244 249.9 244.6 251.8 254.6 261.4 262 265.8 269.8 274.3 285.7 298.4 301.1 297.9 294.9 287.3 284.2 291.9 299.3 303.7 307.8 311.5 322.4 331 331.9 333.5 335 340.1 345 352.2 358.4 359.3 368.4 374.1 381.7 387.2 389.7 391.5 393.7 393.2 392.9 388.3 385.4 382.6 380.5 374.9 371.8 366.7 361.8 355.5 350.2 343.8 340.3 337.2 331.5 329.4 325 326.4
250.9 250.1 249.8 252.1 243.5 237.8 238.4 235 234.4 231.7 223.1 223.1 223.1 223.1 223.1 230.7 231.9 237 241 242.8 244.9 247.6 250.5 252.7 255 257.5 261.7 264.5 268 272.5 279.1 290 295 300 299.3 298.5 293.9 293 293.6 303.3 307.6 309.5 315 323.5 331.7 335.5 337.6 338.2 347.7 351 355.7 357.3 364.8 373.3 378 383.2 390.9 393.6 395.1 396.1 394.2 392 389.7 386.7 384.6 379.9 375.9 371.4 366.5 361.9 357.5 353.1 348.7 344.2 339.9 336.9 334.6 334.8 333.5
247.9 247.2 245.8 241.8 243.4 232.9 236.3 233.5 223.3 226.3 224.9 223.1 224.5 223.1 226.3 232.2 234.5 237.3 242.8 243.7 246.5 249.5 255.6 255.4 255.9 258.6 262.8 268.1 272.9 278.7 283.1 291.6 299.1 306.8 301.4 298.3 299.8 299.6 301.1 301.1 308.6 310.5 315.1 324.9 331.7 337.8 343.4 346.8 350 359.2 360.6 362.1 370.1 373.6 382.5 387.8 393 395.9 400.4 397.5 395.9 393.2 389.7 387.3 383.5 380.4 376.1 372.8 366.9 364 361.9 356.5 350.6 348.9 344.4 341.1 336 339.7 338.6
244.4 244.2 245.1 241.1 239.7 232.5 229.5 232.1 223.1 226.7 230.7 223.1 223.1 227.2 229.9 232.8 234.8 238.3 242.8 244.3 247.9 250.1 254.4 257.6 263.9 266.9 267.8 269.7 277.3 284.4 291.2 298.4 300.8 300.3 301.7 299.1 304.7 305.8 305.9 300.8 308.5 314.6 321.5 323.8 333.9 341.7 343.9 346.7 349.2 358.1 363.9 366.3 371.7 373.3 381.3 390 397.7 399.6 398 398.7 398.1 395.2 392.4 389.6 386.8 383.6 379.9 375.8 371.7 368.8 363.7 359.2 355.6 352 351.1 347.7 346.6 346.5 343.3
241.8 243.2 243.3 241.4 238.9 230.4 228.2 227.7 225.6 223.1 223.4 224.3 223.8 232.1 233.4 234.7 238.9 243.7 245.6 246.5 248.3 251.3 255.7 259.6 268.9 271.7 274.1 271.6 279.6 287.6 292.9 296.1 300.1 301.8 302.6 302.3 306.3 312.7 309.2 308.4 310.6 316.9 322.2 329 333.6 343.2 343.3 345.3 348.4 361 363.1 370.3 373.3 374.9 381.4 387 396.3 397.4 401.8 400.8 397.1 395.4 394.4 391.6 388.9 386.3 382.8 379.9 374.2 369.8 367.9 363.9 359.6 357 355.6 351.9 352.9 350 346.4
240.7 240.7 240.4 238.8 236.3 228.7 228.6 225.2 225.2 226.8 228.3 229.8 228 232.8 236.2 238.1 244.9 244.5 249.9 250.3 250.5 253.2 257.3 261.5 271.8 278.4 280.6 276.5 283.2 293.6 296.9 299.2 308.1 303.5 303 305.6 310.3 321.1 317.2 312.1 311.3 314.5 322 329 335 341.2 342.5 345.7 351.8 357.2 364.7 371.3 378.6 379.3 381.6 388 393.6 399.3 399.8 404.2 397.7 398.8 395.2 393.4 391.6 387.8 385.2 382.3 377.2 374 371.5 367.2 363.4 360.9 356.6 355.9 357.2 354.7 350.6
235.9 237.5 236.4 236.1 235.9 231.6 228.3 227.5 227.5 228.5 229.4 231.3 232.5 232.8 235.8 242.2 249.8 251.5 253.5 253.7 253.6 255.7 262.4 268 275.5 282.3 283.5 280.9 290.3 297.8 301.1 307.4 311.7 311.9 308.5 312.3 313.8 320.1 319.1 317.9 315.3 319.7 318.4 333.8 337.9 340.9 341.2 346 353.6 359.2 365.9 373.8 377.9 378.7 382.2 389 393.7 398.4 403 402.9 400 399.3 398.2 397.3 393.6 390.6 387.8 383.6 380.5 377.7 374.7 371.5 370.4 366.4 364.3 359.8 361.4 359.5 355.1
232.2 234 233.8 235.1 233.8 233.6 227.2 227.3 227.9 229.6 231.3 233.2 232.8 234.8 239.7 241.3 255.2 254.3 255.9 257.8 255.9 256.2 261.5 271.7 278.6 283.6 285.2 288.7 292 298.5 306.5 309.8 311.3 309.8 318.9 318.7 320 322.2 324.7 319.4 317.7 322.6 329.5 331.4 335.1 340.7 343.7 350.3 354.4 359.3 367.6 374.3 375.3 376.6 385.5 390.7 394.8 398.9 402.6 402.8 401.2 400 398.6 398.6 398.2 394.9 391 386.9 383 380.8 378.7 376.4 372.6 369.3 367.4 362.2 364.4 363.3 360.6
233.4 235.2 235.7 234.8 231.7 231.2 232.3 229.2 231.9 234.4 234.7 235.4 237 236.4 241.8 245 251.9 256.7 255.8 257.1 259.2 259.7 261.2 272.7 281.1 287.2 285.9 287 294.4 302.5 310.3 308.4 312.8 314.8 319.6 323.8 325 323.6 330.1 326.2 321.6 325.7 331.7 337.1 341.5 343.9 349.4 351.6 356.3 360.7 366.8 373.7 379.2 378.3 385.2 388.7 396.6 402.6 401.6 401.8 402.3 399.5 399.3 398.8 398.6 397.1 393.7 390.7 385.9 383.3 379.3 376.2 372.4 371.5 369.6 367.7 369 369.6 364.7
234.5 235 236.9 234.3 232.2 233.4 236.4 235 233.5 235.5 236.9 237.7 238.4 239.7 247.2 248.5 253.4 255.6 257 258.6 259.8 262.2 263.9 275.7 285.5 286.7 285.2 287.8 296.4 299.6 303.3 308.7 315.9 321.8 322.5 326.5 329.3 325.1 332.4 333.8 328.2 325.3 332.2 338.4 344.1 347.5 350.7 354.1 358.7 363.9 365.7 371.9 377.8 381.4 386.6 388.8 396.4 401.3 402.3 402.1 402 403.9 403.7 401.5 398.1 397.1 394.5 392.6 388.2 386.5 381.1 378 373.2 373.5 372.7 372.4 372.4 370.8 372.5
234.9 237.1 238.9 236.8 237 235.7 236.6 237.3 234.9 239.6 240.6 240.9 243.9 244.3 251 256.2 259.2 260.1 257.7 262.5 264.3 266.3 270.8 279.3 286.6 289 288.4 290.8 294.1 298.2 301.4 309 319.4 328.7 333.9 329.6 331.4 329.4 333.7 340.3 338 330.1 335.4 341.5 348.3 353.1 357.7 361.3 360.4 370.6 365.4 369.7 377.8 378.8 384.1 388.9 394.6 398.5 403.2 403.4 402.2 402.5 402.4 399.7 398.3 397.4 395.1 393.6 390.3 386.1 382.2 379.8 378.4 377.1 376 375.5 377.4 378.2 375.4
232.9 239 240.2 237 240.5 237.1 237.7 237.9 239.1 239.6 246.7 243 247.2 249.1 251.4 255 259 260.6 258.4 263 269 268.3 274.5 283.4 288.1 292.3 289.7 292.3 292.9 302 305.4 318.4 327.1 339.7 340.9 340.1 335.4 336.3 339.3 343.5 340.9 337.4 336.8 344.4 351.5 357 364.2 363.8 362.5 368.6 368.1 371.8 379.3 376.4 383 386.8 392.7 396 399.4 398.9 401.3 401.6 402 402.1 398.6 398 397.2 395.1 391.3 386.9 385 380.7 380.5 380.4 378 380 381.7 382.1 378.7
235.5 245.8 240.1 241.2 238.8 239 238 241.3 240.3 241.7 245.3 247.6 247.7 252.3 254.3 259.2 269.4 267.9 263.5 263 269.9 271.5 278.8 287.1 285.4 290.7 289.5 293.3 294.2 304 312.5 330.4 331.3 338.6 346.6 346.5 341.5 341.8 346.6 348.3 345.2 343.3 337.3 345 353.5 359.1 364.6 366.7 366.6 374 370.8 371 374.9 375.8 381.2 385.9 387.3 396.3 396.6 398.3 399.9 401.4 401.8 401.7 400.9 399.8 398.1 395.9 393.1 392.1 387.1 384.3 385.1 380.9 384 385.9 384.8 386.4 383.3
234.1 243.2 241.4 244.8 239.6 240.7 240 242.9 242.7 247.4 249.6 254.8 252 251.9 261.9 269 273.5 273.3 272.1 269.2 276.2 276.4 278.7 282 288.7 289.5 295.3 299.8 303 307.8 320.3 340.2 341.3 343.4 354.1 357 346.2 349 351.3 352.8 349.2 345.8 343.1 346.5 356.1 366.1 372.5 372.9 372.9 375.1 372.1 374.7 378.4 375.9 384.2 385.3 387.1 390.9 396.3 398.1 399.7 400 399.5 401.2 400.7 398.7 398.9 397.1 395.2 393.1 391.6 388.2 386.3 385.5 385.9 387.4 384.8 386.1 387.6
233.5 237.7 241.5 242.4 241.2 243.7 242.4 244.2 249.8 253.2 251.1 258.8 254.6 258.2 262.7 267.7 272.1 276.7 278.7 277 277.8 280.8 282.6 284.2 288.4 292.6 295.6 302.1 307.4 317.2 333 347 349.4 348.7 357.9 356.6 356 351.6 356.5 354.8 354.8 352.7 348.6 347 355.8 366.8 377.8 382 380.4 379.1 375 374.3 374.3 379.7 388.3 384.7 382.2 388 396.7 395.5 396.1 396.5 398.8 399.5 398.7 399.6 399.7 399.6 397.3 396.4 395 390 390 390.9 391.3 387.8 386.6 390.2 390.6
234.8 241.4 243.5 243.2 241.5 244 243.1 246.8 254.7 254.3 252.5 253.6 255.8 258.4 269.1 270.5 273.7 277.1 277.4 277.6 279.2 280.6 287.3 289.9 297.7 302 302.3 306.8 313.4 326.2 337 349.3 357.7 354.7 362.2 363.8 360.7 359.1 360.2 359.2 362.2 358.4 354.2 347.7 361.4 368.3 381.8 393.1 387.8 384.6 380.1 375.6 377.1 383.9 386.2 382.2 383.6 388.2 392.6 393.6 393.5 395.9 395.1 397.3 397.1 400.1 397.6 398 400.4 397.3 397.9 393.2 392 393.3 392.5 392 391.5 392.5 394.4
237.7 242 246 244 243.2 248.9 255.5 257.6 258.8 256.7 257.6 257.9 259 266.7 273.6 273.6 276.4 278.5 281.5 281.6 280.6 284.1 289.2 297.8 303.4 308.3 304.4 307.7 315.8 327.8 342.6 351 362.5 359.8 364.7 367.5 364.6 365.3 366.7 364.4 365.7 364.7 359.5 357.9 360.5 370.9 383.6 391.2 389.7 387 383.1 378.5 379.6 381.7 383.3 381.8 382.5 394.4 391.4 395.1 398.9 397.3 396.6 395.8 396.6 398.2 398.5 397.5 398.5 397.1 395.6 398.2 394.2 394.8 395.3 393.7 394.7 396.3 398.3
241.3 242.4 247.1 246.2 247.9 254.6 255.9 256.2 259.3 260 262.5 265.1 261 263.7 268.1 272.7 272.7 277.5 280.5 286.3 285.9 287.3 293.8 300.7 306.7 312.3 308 313.1 323.4 334.7 349.7 354.9 368.5 363.6 366.6 374.9 372.7 372 371.6 371.5 370.2 371 364.9 363.7 366.7 369 380.5 390.1 388.2 388.1 385.7 384.2 382.2 381.9 382.9 382 391.1 395 396.1 396.5 397.2 397.3 399.3 397 397.8 396.7 398.7 397.6 399 397.5 398.1 399.1 396.6 396.9 397.1 396.8 397.7 400 401.9
242.5 245.3 251 251.3 252.7 253.9 255.2 257 259.5 263.6 268.8 264.4 264.1 267.3 275.2 273.5 275 276.2 278.6 289.9 291.7 292.3 301.6 307.1 312.9 315.6 313.6 319.4 332.3 338.3 352.6 359.5 371.2 366.9 371.6 379.9 381.8 380.3 380.1 377.9 377.3 374.9 371.8 370.9 372 372.1 379.1 388.9 393.8 391.6 389.3 392.9 391.9 385.7 384.2 392.9 402.6 401.9 396.4 401.4 399.1 399.9 399.2 396.9 396.1 396 396.2 397.7 397.4 397.6 399.5 398.7 400.1 398.9 399.9 400.9 403.4 404.9 404.9
244.4 245.5 252.1 253.1 256.1 254.7 255.7 259 259.8 267.3 270.7 268.3 268.9 274.3 276.3 275.1 276 281.4 287.4 295 295.3 297.8 303.4 312.3 319.1 322.1 319.1 333.4 341 343.6 354.5 364.9 377.5 371.8 377.2 382.8 388.7 386.6 385.7 382.6 381.1 382.9 379.4 379.4 376.4 374.7 380.4 386.4 394.2 396.7 391.6 392.5 393.9 393 389.7 399.8 403.1 402.9 399.4 408.9 406.3 403.8 401.6 398.3 396.9 397.5 396.8 397.5 397.9 399.1 398.6 399.6 400 400 402.6 403.6 407.1 407.6 407.7
250.8 254 251.1 254.9 256.9 256.6 260.2 262.1 267.5 272.2 271.7 274.8 274.9 277.3 280.9 280.6 282.1 291 296.6 300.9 300.8 305.9 307.7 321.5 324 323.8 332.6 342.4 348.4 356.9 362 367.7 375 381.9 381.8 387.4 390.8 389.5 389 386.5 384.8 387.3 382 383.7 380.9 380.7 378.7 384.9 400.4 397 397 397.3 400.3 400.6 399.9 401.8 402.9 403.3 412 414.9 413.5 415.7 403.2 403.7 400.2 397.4 398.5 399.3 398.4 398.2 398.4 401 402 401.8 405 407.6 408.4 408.1 410.7
255.5 257.1 255.7 260.4 260.3 259.5 261.2 265.2 266.5 272.5 273.9 278.8 280.1 282.4 284 284.6 288.2 298.8 304.6 305.5 313.5 312.8 316.2 326.7 328.4 334.4 345.5 349.2 365.2 373 370.7 376.9 380.1 389.8 386.3 394.9 394.6 395.3 394.7 393.3 387.7 392.3 388.7 388.1 385.1 383.2 381.4 388.2 401.3 397 400.8 401.8 399.8 406.6 406.2 404.3 407.4 408.6 416 425.4 425.4 418.4 410.4 410 403.6 401.7 399.6 399.1 400.2 399.6 399.1 400.4 404.5 404.6 405.4 408.4 408.3 410.9 412.5
258.6 259.1 261.3 263.4 265.2 265.8 265.6 267.5 268.6 271.1 276.2 281.7 283.4 284.3 285.9 288.6 290.1 302.7 309.3 317.2 320.3 323.7 331.7 334.4 336.5 347.4 356.2 361 377 382 387.6 386 387.6 397.9 394 400.7 401.9 400.8 397.2 396.3 392.2 392.8 394.3 394.2 389.4 388.5 386.1 387.3 401.8 400.1 407.4 402.8 401.5 407.8 409.6 409.4 407.1 416.3 421.6 425.6 427.6 419 413.5 409.8 405.6 403.2 400.8 399.9 400.5 399.5 399.1 398.9 401.8 405.9 405.8 408.9 409.2 410.2 412.4
264 265 265.8 264.1 268.6 270.8 271.4 271 273.7 274.9 279.1 281.1 282 287.1 289.9 291.3 297.2 307.7 316.9 319.9 332.1 346.1 345.8 343.9 346.4 352.8 369.5 370.4 382.8 391.5 399.9 397.1 397.5 402.7 404.3 407.8 409.8 407.9 403 402.7 401.8 400.3 401.3 398.5 393.2 393.7 392.1 392 398.4 402.4 408.1 404 405.4 409.4 408.7 410.9 422 423.7 425.4 429.4 428.7 421.1 418.3 412.1 407.6 401.7 400.8 400.4 400.5 401.8 398.7 399 399.6 403.1 405.1 409.5 409.7 409.9 412.9
268.5 270 270.8 272.1 274 274 275 275.9 276 279.4 283.6 285.1 286.2 287.7 289.9 297.5 304.9 314.2 323.2 325.8 348.7 358.1 347.7 355.3 362.9 369.8 371.5 380.7 391 401.1 408.6 409.9 403.2 408.3 415.4 417.1 415.7 415.4 409.6 408.1 406.4 406.7 403.5 402 400.3 398.5 396.2 393.2 397.2 406.4 403.4 408.2 404.5 408.3 409.2 414.2 424 426.9 425.1 430 434.7 427.2 421.7 418.2 407.5 406.5 403.1 401.9 401.6 402 398.6 395.2 398.5 404.2 405.5 408 409.4 411.6 413.7
