Assets/StreamingAssets/GeoData/Data/nh/NH06.asc
ncols 200
nrows 200
xllcorner 200000
yllcorner 860000
cellsize 50
[rows 36 to 71 of 200, columns 80 to 159 of 200]
411.2 411.7 413.5 417.8 426.5 428.1 424.1 420.9 415.6 412.2 405.6 402.9 402.5 402.9 401.4 399.2 398.2 395.1 392.4 386.5 376 370.6 369 366.3 365.9 365.9 365.9 371.5 387.5 382.8 372.4 365.9 364.8 370.8 369.9 373.1 369.3 354.6 352 343.7 334.1 328.9 319.4 309.5 304.5 309.3 311.9 319.4 330.9 340.2 349.4 355.8 366.9 376.1 381.2 384 389.9 389.6 390.2 393.6 395.9 392.2 391.9 391.8 390.4 387 387.7 390.9 386.2 384.6 374.6 358.8 349.5 338.3 331.2 322.1 310 305.8 297.4 289.3
407.5 407.5 410.6 426.1 429.7 436.4 431.9 427.2 424 416.8 407.4 404.5 402.2 400.2 399.3 398.6 400.3 396.4 391.9 386.4 379.3 377.8 377.4 368.4 365.9 365.9 365.9 370.2 379.7 375.3 372.2 366.8 362.9 369.9 372.9 375 373.8 357.2 353.9 345.5 337.6 329.4 322.1 313.2 303.3 306.5 311.9 314.3 320.3 329.6 345.4 353.2 365.4 373.2 379.7 387.8 392.2 393 394.7 397.2 394.3 393.3 392.4 392.9 391.1 386.8 392.1 397.9 394.1 387.2 369.7 360.9 349.2 341.1 332.7 323.2 313.4 305.9 297.1 292.9
399.8 404.2 412 438.6 440 435.8 436.3 429.9 423.9 417 410.9 404.5 402.3 400.6 399.1 399.5 400.3 399 397.2 391.1 384.7 384.4 383.5 373.3 367.6 365.8 367.3 365.7 370 373.4 372.3 367.5 361.4 369.5 373.8 378 371.3 359.5 352 342.6 339.9 330.7 323 316 305 304 306.7 312.6 319.3 329.8 344 362.2 367 371.4 378.2 388.2 395.5 399.6 399.4 395.9 394.4 393.8 396.4 395.7 390.9 391.1 387.8 392.7 393.8 383 366.1 358.4 349.2 338.5 330.1 319.4 317.8 310.8 306.5 299.6
394.3 398.9 406.1 431.7 434.1 432.6 431.7 427.1 418.9 413.8 407.2 403.1 399.9 401.7 400.6 400.8 401.2 408.4 400.7 394.7 386.7 382.5 382.6 380.6 377.2 371.5 370.8 369.2 364.4 371.1 372.6 366.6 362.1 360.9 369.6 376.3 377 364 354.8 347.4 339.1 331.2 322.2 314.7 308 302.3 302.7 309.9 316.8 328 335.4 347 363.9 372.3 379.2 389.3 394.6 398.2 398.9 398.2 398.3 399.9 399.3 397.6 394.1 392.1 385.8 384.6 384.7 372.7 365.3 358.4 349.7 341.5 334.2 325.1 322.5 317.4 312.4 305.2
389.9 393.1 401.2 429.2 427.7 427.2 421.7 416 414.9 409.9 403.7 401.8 399.9 400.4 404.8 403 404.1 403.5 401.7 396.9 392.3 383.6 386 391.5 383.9 383.2 376.2 368.9 364.4 364.4 368.1 370.6 368.5 360.9 360.9 360.9 371.5 363.7 355.2 346.7 337.3 333.7 321.6 312.5 307.2 302.7 299.8 308.2 317.7 326.5 335.9 341.4 348.7 364.9 381.4 384.5 390.9 396.6 400.2 402.9 403.4 403.1 403.6 401.5 397.1 392.7 388.9 383.5 378 370.9 366.9 359.8 353.5 342.6 336.6 333.4 329.5 325 318.2 312.8
391.1 395.2 396.3 407.5 415.6 414.6 414 412.7 417 409 404.5 402.1 399.9 399.9 400.8 405.1 404.1 405.4 405.4 398.6 394 385.6 388.7 390.7 388.5 391.1 388.7 376.3 371.1 368.8 367.2 368.3 371.1 365.2 362.5 360.9 365.9 360.4 351.7 342.4 335.2 328 321.7 313.5 303.8 303 299 302.5 313.2 323.2 333.9 341 347 357.1 369.7 380.3 382.7 396.1 409.8 406 406.6 407.1 405.8 403.7 398.4 397.1 391.9 381.2 373.9 371.5 370.7 360.8 354.8 346 342.1 334.9 335.7 328 320.5 314.5
394.4 394.4 394.4 400.2 406 406.5 407.4 408.7 410.8 410.9 405 399.9 399.9 399.9 399.9 402.3 405.2 407.5 410.9 402 395.2 392.1 390.1 393.6 390.7 394.9 392.2 384.8 374.4 370.3 364.5 365.6 363.8 361.6 360.9 360.9 360.9 362.5 348.1 337.4 332.5 328.9 322.2 315.7 304 303.7 297.6 299.3 308.1 319 330.2 340.6 347.3 354 363.1 368.9 374 385.2 395.3 399.4 402.5 404.2 404.2 404.2 402.1 398.7 394.2 383 376.3 373 367.1 361.8 355.9 347.9 343.6 340.9 337.1 331.6 326.5 319.8
398.8 395.7 396.1 399.1 404.7 404.9 404.9 405.3 408.8 411.6 407.7 403.6 399.9 399.9 399.9 401 402.2 403.7 413.5 407.7 398.5 395.8 391.1 391.2 390.9 388.3 388.9 383.9 379.7 367.8 368 369.7 368.1 366.7 362.8 364.3 365.8 358.5 349.2 336.8 332.1 326.4 320.8 313 304 297.7 297.7 297.6 303.4 314.2 326.2 337.5 344.9 355.3 358.3 363.4 374.8 381.4 388.4 394.3 399.9 402 410.7 410.2 410.1 402.3 393.7 383.9 382.1 374.1 368.7 362.2 357.1 349.7 344.7 341.7 339.6 331.5 325.7 316.9
400.2 395.5 393.6 399 403.7 406.5 406.7 404.9 407.2 409.4 410.6 405.9 403.3 399.9 399.9 402.3 403.6 404.6 410.7 409.1 403.5 398.1 392.6 392.9 389.9 386.7 383.4 377.2 374 370.1 367.7 368 367.1 367 365.3 368.5 365.4 363.3 349.8 337.6 333.7 328.9 322.2 315.7 305.9 298.2 296 293.3 301.3 312.4 330.2 337.3 343.7 354 357 360.5 365.4 377.7 388.2 395.3 396.5 401.5 407.1 411.7 407.5 401.6 391.1 387.7 383.1 375.2 370.6 366.2 360.2 355.2 351.1 345.7 340 333.1 328.2 324.3
404.2 399 396.4 396 401.5 406 406.5 405 406.6 408.1 407.7 407 403.1 399.9 399.9 403.1 404.6 407 407.7 408.2 403.8 402.2 390.5 389.1 390.2 387.7 389.7 382.2 371.4 369.7 369.5 369.3 369.9 369.4 370.8 367.4 364.3 361.9 348.4 342.2 335.8 334.5 326.6 317.6 311.5 301.1 297.5 290.7 298.3 308.5 324.2 334.9 342.1 349.4 354.8 360.7 368.5 377.8 384.6 389.8 397.2 402.9 406.1 410 406.9 400.9 395 387.4 380.8 379.4 371.2 370.9 364.6 358 354.5 349.5 346.4 338.9 334.1 326.6
407 399.2 402.2 401.6 399.4 405.9 407.3 406.6 406.7 407.2 408.2 408.2 406.6 402.3 400.9 401.2 404.8 405.6 405.6 406.8 406 405.7 394.3 391.8 388.8 386.7 386.4 383 375.2 374.1 376.1 375.1 372.7 369.5 373.7 368.9 365 358.2 351.1 347.5 343.9 339.5 330.5 321.9 316.4 305.2 295.6 289.7 293.8 301.7 315 333.2 336.8 347.1 354.2 360.4 367.6 374.2 380.6 389.6 408 406.6 417.7 407.6 405.4 403.7 394.2 385.7 380.6 375.9 370.1 366.7 362 359.1 355.4 350.1 345.8 339.2 334.7 326.5
409.6 405 406.4 403.5 405 401.7 406.8 405.7 406.5 407 410.9 413.4 411.6 408.9 407.5 407.4 404.3 406.1 406.2 409.8 407.6 406.8 394.5 394.6 388.3 385.7 385.1 383.2 380.6 378.4 379.6 377.7 375.6 373.1 369 366.6 359.5 361.4 365.4 357.9 346.8 346.5 336.1 322.6 315.1 308.9 297.5 289.9 290 299.9 309.6 318.9 336.2 345.1 354.8 360 365.6 371.6 378.6 395 402.6 412.4 406.9 403.8 404.2 400 392.3 383.8 381.2 375.6 371.6 365.8 362.5 358.2 353.3 347.7 340.8 335.4 332.1 326.2
409.6 410.1 411.2 409.8 406.5 407.1 407.7 409.1 408 406.4 412.8 414 414.3 413.4 412.1 412.4 410.1 406.9 405.9 406.3 404.5 399.8 393.6 393 386.5 386.8 385.9 386 384.9 379.8 378.6 383.6 380.6 369 368.2 363.5 362.9 366.4 361.3 358.5 351 344.9 334.7 324.1 321.1 313.7 300.6 290.6 286.4 295.4 299.3 308.2 325.5 339.5 351.6 356.8 360.9 369 378.6 388.8 395.7 400.3 402.9 401.8 401.4 396.6 388.1 385.1 379 373.1 368.9 367.5 359.5 355.4 351.3 347.8 341.4 336.5 332.6 328.4
423.4 419.4 416 415.4 414.2 412.9 412 407.8 408.5 410.1 411.9 415.3 416.4 416.9 416 419.1 417 412.3 408.1 405.2 403.3 398.7 394.4 389.7 391.1 393.2 397.7 394.3 391.9 388 383.4 382.9 381.4 375.8 367.3 362.7 365.5 368.8 368.6 369.2 362 354.9 338.4 329.8 319.2 314 310 294.9 286 290.2 294.2 300 311.4 328.5 340.7 350.9 358 367.3 375.6 385.9 389.2 396 401.3 403.5 402.9 395.8 390.5 386.2 380.3 374.8 370.7 365.8 358.9 352.5 349.5 345.7 340.9 337.5 332.2 325.3
422.5 421.4 418.2 418.5 417.1 417 415.3 411.7 412.3 414.4 417.7 417.9 422 422.6 425.5 427 425.8 418.7 414.5 411.8 406.5 402.7 397.8 392.5 390.7 393.1 396.8 395.1 395.8 388.6 390 388.2 387.2 384.3 372.7 367.6 374.6 376.8 376.2 366.8 363.4 350.9 340.9 337.8 324.5 314.3 308.7 299.4 290.5 285.6 287.4 294.4 302.1 316.7 329.8 341.1 351.9 361.5 373.7 384.9 392.2 398.5 404.1 407.6 401.2 394.3 391.3 386.1 378.6 372 366.3 361.7 353.6 349.7 346.8 342.6 337.3 332.3 326.5 321
423.8 422.6 424.1 419.3 417.8 418.4 419.8 415.9 414.9 418.4 421.8 424.6 426.5 427.1 428 429 428.7 425.3 420.3 414.4 411.2 408.4 406.2 396.2 396.6 397.1 398.7 395.1 392.5 392.5 397.2 397.3 393 381.5 377.6 368.9 379.8 376.7 369.7 365.3 356.2 351.3 345.1 337.7 330.9 319.7 314.1 308.8 295.8 283.4 282.7 290.3 297.5 310.3 327.3 336 343.6 360.1 375.1 394.4 395.2 400.1 411.7 405.3 399.2 392 388.6 384.9 378.1 370.5 365 358.6 352 347.6 344.9 340.2 338.6 332.5 328.4 322.2
424.5 432.5 428.7 424.6 418.9 419.9 424.1 421.8 422.1 418.7 418.4 421.9 432.3 436.3 436.5 435.1 433.8 429.1 433.1 424.4 416 413.5 407.8 396.4 397.7 403.2 402.9 399.6 397.9 396.5 397.2 394.8 387.1 376.8 373.1 374.7 377.8 373.4 370.2 367.6 359.5 359.6 349.1 335.7 329.9 327 321.3 314.5 299.6 287.9 280.2 282 294.4 301.4 314.1 328.9 345.8 353.4 368.4 391.2 396.6 403.7 402.2 400.5 397.5 390.5 387.1 382.6 376.2 371 363.4 358.5 356 349.9 345.2 341.4 335.7 332.2 327.5 324.4
431.9 437.8 434.1 429.5 426 423.6 422.2 420.6 420.2 420.5 422.1 420.5 426.9 433.8 434.7 433.7 435.7 435 431.1 427.9 418.9 412.7 409.1 399 398.7 402.4 398.6 396 397 396.7 394 392.1 382.6 379.2 376.9 375.1 374.3 372.7 372.3 371.9 364 360.6 349.7 339.7 333.4 334.5 326.2 314.1 306.6 293.3 283 278.4 283.9 295.5 309.6 322.1 335.7 350 372.5 389.3 394.3 395 395.4 396.4 393.9 388.4 385 380.9 376.5 370.7 364.2 360.3 356.5 350.3 346.6 341.2 338.5 333.8 327.2 323.1
440.7 444.7 438.7 435.7 432.8 426.5 423.1 422.1 422.3 424.7 424.4 421.3 423.2 433.4 430.6 435.1 432.3 432.2 426 422.8 422.5 415.3 412 401.1 396.9 396.5 395.3 396 396.1 393.4 393.1 389.4 385.3 381.2 379.9 380 375.7 372.8 369.9 365.9 365.2 359.1 354.2 336.8 332.6 325.6 324.2 322.5 309.7 297.3 287.7 279.2 280.4 291 302 315.5 333 350.5 374.8 379 386.2 388.6 390.4 391.8 392.4 388.9 383.9 380.1 376.6 370.3 365.6 361.4 357.7 350.4 347.8 343.3 341.3 336.1 330.6 326.4
440.3 445.5 448.1 440.1 436.6 433.3 431.2 428.4 428.8 430.4 431.8 426.8 426.3 424.8 425.5 431.4 430.4 427.8 426 427.2 423.8 421.2 417.5 409.8 398.8 395.2 392.9 394.1 393.1 392.1 387.6 386.9 390.7 389.6 382.6 377.2 368.4 364.6 364.1 361.3 363.6 348.9 343 332.3 327.8 325.3 320.6 316.6 314 305.4 295.8 282.6 276 285 293.5 307.8 326.8 343.8 370.3 377.2 379.1 389.8 389.1 390.3 392.3 388.8 386.1 380.2 375.5 370.1 364.6 361.7 356.8 351.5 348.4 345.3 341 337.1 332.8 330.8
439.4 449.3 450.2 446.7 442 435.6 438.6 436.6 441.8 435.6 433.8 434.7 428.4 428 426 427.1 429 427.3 426.3 425.4 424.1 422.7 419 413.5 400.2 392.7 390.1 388.1 388.1 386.1 386.4 393 396.7 391.9 387.7 382.5 372.7 365.9 366 360.6 350.2 342.7 340.3 339.4 332.3 336.3 328.8 320.8 315.3 309.4 306.6 288.3 278.4 280.4 286.9 301.7 320.2 329.8 353.1 358.1 369.9 373 381.2 389.1 390.6 388.3 383.5 380 373.2 369.3 365 361.8 356.8 350.4 348.1 344.2 342.1 338.1 333.2 334.6
439.6 444.4 449.1 449 444.5 444.4 441.7 440.4 439.4 439.3 433.8 430.7 426.7 426.4 426.5 428 428.6 428.3 429.6 431.2 429.4 422.1 422.6 417.4 401.8 394.6 388.2 384.5 383.9 385.5 385.1 392 391.1 386.9 388.4 389.2 379.2 373.1 363.7 359.8 352.4 353.9 349.8 339 336.1 337.3 330.5 328 318.2 311.4 307.8 295.1 283.7 273 279.2 290.6 303.3 320.6 341.1 344.5 349.7 364.1 374.4 386.3 388.7 386.4 383.5 379.5 374.3 368.3 363.2 361.7 356.2 350.5 346.9 343.7 339.5 332.8 330.5 330.4
442.4 445.8 450.3 454.4 448.6 452.5 450.9 449.5 444.8 443.8 438.7 434.2 433.8 433.1 431.6 428.6 428.6 429.4 432.3 430.8 433.6 428.1 423.9 417 406.3 401.4 395 390.7 387.8 382.5 382.3 382.3 380 379.5 379 380.7 379.9 370.5 361.2 353.8 355.5 356.3 349.7 341.3 337.6 338.4 332.6 326.9 324.6 319.9 314.4 306 288.5 279.7 273.8 281.5 291.1 306.6 322.5 330 344.7 357.6 368.6 377.6 385 384 381.9 376.1 371.5 366.3 361.7 359.2 357.5 350 345.2 341.9 338.5 334 326.9 325.4
451.4 451.9 456.3 459.7 457.8 458.9 463.6 462.7 455.6 448.2 442.2 439 436.6 436.3 433.3 432.5 430.2 427 430.3 429.7 431.6 428.8 422.5 417.9 408.6 405.9 396.3 391.6 389.5 387.6 385.9 384.8 379.7 373.8 375.7 375.7 375.7 376.7 371.5 357.4 354 352.7 349.5 343.1 338.1 335.7 332.1 333.8 328.5 321.6 312.7 303.6 297.2 283.4 272.2 271.8 281.4 292.6 304.8 325.3 336.2 349.6 360 367.7 377.9 379.3 379.7 375 369 364.2 360 359.8 357.5 350 343.5 339.9 337.5 334.8 326.3 323.3
467.5 458.7 470.6 476.8 466.7 463.5 463.9 466.2 462.4 451.5 447 443.1 437.6 437.2 434.5 436.1 440.7 437.6 431.3 430.2 430.1 425.9 418 413.8 404 404.8 402.5 391.5 384.2 381.9 383.4 388.1 388 383.8 378 375.7 380.5 384.6 370.4 364 356.5 353.8 347.4 340.8 337 339.3 336.9 332 329.6 328.1 319.2 308 300.7 293.4 279.1 266.1 270.7 279.4 299.9 312.8 327.4 339.9 349.3 358.5 367.1 373.4 374.6 371.4 366.7 363 359.1 356.8 353 344.7 340.6 336.5 333.5 333.4 326.5 325.6
479.8 474.6 472.5 480.1 476.5 470.4 470.4 471.5 468.7 461.2 448 445 440.7 438.3 435.2 436.9 441.2 437.2 437.3 430.6 424.9 422 414.9 411 401.1 399.4 401.9 395 388.7 384.8 380.8 379.5 380.9 377.2 375 375 378.1 372.3 371.3 375.7 369.5 364.3 347.2 342.4 341.3 342.8 337.4 335.4 339.2 332.3 324.7 316.4 304.5 294 284.7 272.4 259.9 273 287.4 304 319.1 330.2 342.3 349.5 359.2 362.5 368.2 367.5 366 362 357.9 353.1 346.4 340.7 338 333.3 329.1 325.4 323.1 320.3
485.8 482.4 481 479 480 476.7 473.3 482 469.8 464.3 456.8 447.6 442.7 437.7 436.4 437.5 435.9 431.2 429.5 421.9 418.7 419.7 408.9 409.8 405 387.3 385.7 382.2 378.8 378.6 378.5 379.6 379.2 377.8 381.4 379.9 374.1 368.4 369.6 369.8 369.6 363.4 351.6 343.4 342.8 345.2 340 339 337.6 335.1 328.3 321.4 309.3 301.3 293.4 282.3 265.2 258.2 273 292.5 310.6 322 333.2 342.3 348.3 356.5 363.6 364.4 360.8 358.7 357 353.9 348.7 341.7 332.7 329.1 325.5 321.9 320.5 313.6
490.6 492.3 488.2 493 486.6 484.3 478.7 475.9 470.5 465.4 461.9 453.6 445.4 439.9 437.4 435.7 433.3 431.6 426.1 421 416.1 411.3 405.6 403.7 400.5 386.8 384.8 384.6 379.2 378.9 379.1 382.9 385.9 383.7 384.5 385.6 384.2 376.1 368.2 369.8 370.3 362.3 352.1 346.3 348 347.8 341.5 339 340.9 337.4 327.6 321.9 315.6 310.2 302.5 290.5 275.4 262 262 286.4 302.2 311.5 324 337.2 344.4 354 360.8 360.5 358 357.5 354.1 353.2 354.3 341.6 335.8 328.2 324 319 316.9 312
500.3 499.8 493.8 495.1 493.8 491.1 484.1 478.2 471.2 467.4 461.4 454.8 447.5 440.6 439.8 436.9 435 436.4 429.5 413.7 411.3 410.9 403.5 400.4 398.1 388.7 384.9 382.5 380.3 379.6 385.7 394 388.3 384.1 385 387 389.5 380.2 377.1 372.8 369.9 365 357.4 349.1 349.1 349.2 348.7 342.9 342.4 340.7 338.2 330.4 320 313.5 304.4 293 278.7 268 248.1 273.6 286.5 300.7 318.2 331.4 339.2 347.8 356 355.8 353.9 353.1 351.7 349.9 348 346.1 338.5 333.4 329.3 324 320.2 314.1
505 501 493.4 493.2 491.7 492.3 488.1 483.7 478.2 474.4 465.3 456.2 449.1 444.4 441.9 437.5 432.7 428.3 420.8 411.7 407.1 404.5 406 405.2 400.7 390.5 386.3 385.4 383.5 381.3 387.6 394.5 391.2 386.7 386.4 385.8 387.5 389.2 389.6 386.1 378.2 372.1 362.5 346.9 343.8 343 341 339.5 336.5 337 340 330 318.5 310.2 304.1 291.3 274.3 263.6 243.6 261.8 278.9 297 313.2 325.1 333.7 342.1 350 350.1 350.3 350 348.3 347.4 345.5 344.2 344 335.7 331.3 328.3 322 315.7
511.7 510.2 503.7 500.8 501.6 508.1 500.8 496.2 490.4 485.7 477.7 462.8 455.3 448.5 443.3 438.5 432 425.9 419.1 414.1 411.5 407.6 407.8 408.7 405.6 394.1 387.7 387.3 389.3 384.2 390.4 393 391.1 390.5 389 385.7 385.4 391.5 393.4 383.9 376.3 370.7 357.4 349.6 344.4 344 351.4 347.6 341.7 335.2 332.5 326.2 315.4 310 299.5 289.1 270.2 251.8 232.3 243.8 271.8 286.2 305.2 319.5 323.9 335.4 341.4 347.3 347.7 348.9 346.2 345.1 342.9 341.3 339.2 336.4 332.5 332.9 323.8 319.2
524.9 520.9 515.8 520.7 525.3 518.5 511.6 505.3 498.2 495.5 486.9 474.2 465.9 458.3 448.5 441 436.4 435.6 433.1 424.1 411.4 408.7 406.9 408.9 408.4 402.7 394.8 394.7 390.5 389.7 388.2 396.4 401.4 395.6 391.5 387.5 384.8 383.4 381.9 380.2 374.4 366.7 354.8 351.6 346.8 349.8 350.7 354.1 350.3 339.5 337.3 328.3 319.1 315 305.7 288.1 266.8 247.2 233.1 233.5 252.7 266 290.4 298.3 304.9 322.3 336 339.9 345 346 347.2 344.6 341.6 338.9 336.8 337.8 339.2 333 325.4 320.9
523 522.6 519.4 528.7 527.3 519.5 512 506.9 502.8 496.6 489.7 477.7 467.2 457.5 449.2 450.3 450.5 446.2 440.1 433.9 423.1 411.2 405.1 403.7 404.1 402.2 400.5 394.2 392.5 394.8 392.5 392.4 396 391.7 386.6 379.7 379.7 381.9 384.7 374.3 366.1 360.5 355 351.6 353.9 352.7 357.8 353.5 351.1 345.8 344.6 332.5 326.5 328.8 312.3 294.6 270.9 252.2 233.5 226.4 238.3 252 266.3 277.1 289.6 307.7 328.6 338.4 342.5 346.6 349.7 345.5 341 338.9 336.5 335.7 334 337.4 328.1 321.7
527 528.8 527.6 534.2 531.1 522.3 509.7 502.3 499.1 491.8 481.9 479.3 468.1 460.5 455.1 456.5 460.3 456.7 447.8 439.8 430.9 421 410.7 403 398.2 398.4 400.6 393.4 391.3 395.8 398 397.4 393.3 389.1 380.7 379.7 381.6 382.4 376.5 367.5 362.3 358.2 353.6 352.3 355.5 356.2 360.6 350.1 348.3 348.4 340.3 343.4 336.1 341.4 327.3 299.8 278.6 260.3 240.3 224 228.9 238 254.1 260.2 273.1 296.9 314.5 327.3 338.8 346 349 346.3 340.5 337.9 336.7 335.8 334.5 328.7 327.5 322.8
546.5 546.9 538.7 535.5 524.6 518.4 510.1 506 499.3 495.6 491.3 489.2 481.3 471.1 462.4 461.8 459.7 459 453.4 449 440.4 425.6 418.8 408 402.7 398.6 396.9 393.8 390.9 394.3 395.5 395.9 398.9 390.8 385.3 383 381.2 379.9 365.5 362.8 362.8 354.3 352.2 354.3 357.4 357.8 358.1 346.4 342.6 340.8 353 347.7 342.6 346.5 329.8 314.8 287.9 268.1 248.6 228.9 223.3 231.1 239.2 249.6 267.4 284 301.6 322.1 336 345.1 344.8 343.7 339.8 337.9 336.9 335 332.2 326.3 324 318.8
551.4 550.3 544.8 537.7 529.9 519.8 513.2 507.6 501.7 496.9 493.1 491.3 487.1 480.6 473.3 471.7 461.4 460 457 449.5 438.1 431.8 428 418.1 404.3 399.3 399 393.1 393.9 393 394.9 393.2 395 392.9 388.9 385 383.1 376.5 372.1 367 361.2 354.8 353.6 358 360.7 355.7 351.2 346.3 343.4 341.5 350.8 349 343.3 350.2 339.7 322.3 301.5 279.6 256.6 236.5 220.2 223.7 231.8 239.7 255.8 275.2 293.9 315.5 330.7 339.3 344.9 342.4 339 337.4 334.9 332.7 329.5 327.4 326.6 320.2
