Assets/StreamingAssets/GeoData/Data/nh/NH09.asc
ncols 200
nrows 200
xllcorner 200000
yllcorner 890000
cellsize 50
[rows 38 to 75 of 200, columns 0 to 84 of 200]
71.9 62.4 55.6 46.1 34.1 27.4 18.9 18.9 18.9 18.9 18.9 30.8 36.7 31.6 29.3 29.9 21.9 24.6 38.4 44.4 43.1 29.2 23.9 21.1 18.7 15.3 9.8 3 -2 -2 -2 -2 -2 -2 -2 -2 -2 -2 -2 -2 -2 -2 -2 -2 -2 -2 -2 -2 -2 -2 -2 -2 -2 -2 -2 -2 -2 -2 -2 -2 -2 -2 -2 -2 -2 -2 -2 -2 -2 -2 -2 -2 -2 -2 -2 -2 -2 -2 -2 -2 -2 -2 -2 -2 -2
73.4 69 62.2 52.9 42.1 32.8 18.9 18.9 18.9 18.9 18.9 24.2 21.9 21 19.1 18.1 17.5 18.1 25.7 38.6 38.9 22.9 19.5 18 12.7 9.2 7.4 2.8 -2 -2 -2 -2 -2 -2 -2 -2 -2 -2 -2 -2 -2 -2 -2 -2 -2 -2 -2 -2 -2 -2 -2 -2 -2 -2 -2 -2 -2 -2 -2 -2 -2 -2 -2 -2 -2 -2 -2 -2 -2 -2 -2 -2 -2 -2 -2 -2 -2 -2 -2 -2 -2 -2 -2 -2 -2
74.7 70.1 63.9 57.5 49.9 44.7 27.6 20 18.9 18.9 18.9 18.9 23.9 22.4 21.4 19.2 17.9 17.4 17.2 24.7 24.4 16.1 16.9 21.7 12.6 8 6.7 3.8 -2 -2 -2 -2 -2 -2 -2 -2 -2 -2 -2 -2 -2 -2 -2 -2 -2 -2 -2 -2 -2 -2 -2 -2 -2 -2 -2 -2 -2 -2 -2 -2 -2 -2 -2 -2 -2 -2 -2 -2 -2 -2 -2 -2 -2 -2 -2 -2 -2 -2 -2 -2 -2 -2 -2 -2 -2
77.9 72.6 63.5 57.9 55.4 51.5 42.4 28.5 27.2 33.7 23.8 24.3 25.1 24.3 22.9 21.7 19.8 17.8 20 20.2 24.8 34.9 32 30.5 23.5 15.1 10.2 8.2 12.8 12.7 11.4 9.6 6.5 -2 -2 -2 -2 -2 -2 -2 -2 -2 -2 -2 -2 -2 -2 -2 -2 -2 -2 -2 -2 -2 -2 -2 -2 -2 -2 -2 -2 -2 -2 -2 -2 -2 -2 -2 -2 -2 -2 -2 -2 -2 -2 -2 -2 -2 -2 -2 -2 -2 -2 -2 -2
83.7 75.1 65.7 63.8 62.6 57.9 52.3 43 38.8 40.1 41 31.5 30 29.5 31.4 36.4 44.1 44.7 43.6 43.7 42 39.7 40.4 37.8 26.4 17.5 16.1 19.3 24.3 27.1 24.2 20.4 16.9 -2 -2 -2 -2 -2 -2 -2 -2 -2 -2 -2 -2 -2 -2 -2 -2 -2 -2 -2 -2 -2 -2 -2 -2 -2 -2 -2 -2 -2 -2 -2 -2 -2 -2 -2 -2 -2 -2 -2 -2 -2 -2 -2 -2 -2 -2 -2 -2 -2 -2 -2 -2
90.5 81 73.4 70.5 68.7 62.6 59.1 58.2 60.1 60 50.5 41.9 39.4 38.6 43.3 54.8 64.2 65.4 62.3 56.9 53.2 49.6 47.3 40.1 30.6 25 30.8 34.8 30.9 30.8 28.3 21.4 18.5 9.9 -2 -2 -2 -2 -2 -2 -2 -2 -2 -2 -2 -2 -2 -2 -2 -2 -2 -2 -2 -2 -2 -2 -2 -2 -2 -2 -2 -2 -2 -2 -2 -2 -2 -2 -2 -2 -2 -2 -2 -2 -2 -2 -2 -2 -2 -2 -2 -2 -2 -2 -2
92.3 88.1 81.1 75.5 72.9 69.2 71.9 75.5 78.2 79.7 61 52.7 45 50.8 60.4 69.3 74.3 73.9 71.4 66.9 63.4 59.8 55.4 43.8 36.8 41.8 41.9 39.2 36.7 34.6 32.6 26.7 21.2 10 5.6 4.9 -2 -2 -2 -2 -2 -2 -2 -2 -2 -2 -2 -2 -2 -2 -2 -2 -2 -2 -2 -2 -2 -2 -2 -2 -2 -2 -2 -2 -2 -2 -2 -2 -2 -2 -2 -2 -2 -2 -2 -2 -2 -2 -2 -2 -2 -2 -2 -2 -2
93.1 89.6 86.5 84.4 78.9 74.5 77.1 81.9 89.8 85.9 65.9 57.1 53.3 62.8 70.6 76.3 77.8 78.2 76.5 73 65.7 59.2 59 55.9 51.7 49.1 46.7 43.8 41.2 37.7 33.4 27.8 15.7 12.3 13.8 9.6 -2 -2 -2 -2 -2 -2 -2 -2 -2 -2 -2 -2 -2 -2 -2 -2 -2 -2 -2 -2 -2 -2 -2 -2 -2 -2 -2 -2 -2 -2 -2 -2 -2 -2 -2 -2 -2 -2 -2 -2 -2 -2 -2 -2 -2 -2 -2 -2 -2
98.7 94.9 92.7 88.2 85.7 80.9 79.8 83.2 90.4 88.8 70.8 60.6 65.5 68.1 74.5 81.3 80.3 81.2 80.1 77.8 75.8 73.5 69.7 62.4 55.9 52.9 50.2 46.8 43 40.3 34.2 28.4 19.2 20.6 15.3 8 -2 -2 -2 -2 -2 -2 -2 -2 -2 -2 -2 -2 -2 -2 -2 -2 -2 -2 -2 -2 -2 -2 -2 -2 -2 -2 -2 -2 -2 -2 -2 -2 -2 -2 -2 -2 -2 -2 -2 -2 -2 -2 -2 -2 -2 -2 -2 -2 -2
107.2 103.2 97.4 92.8 88.1 84.9 83.6 85.7 90.1 89.7 76.7 71.7 73.6 77.6 84 88.4 87.1 86.3 83.1 80.6 76.5 71.1 64.8 59.3 57 53.9 50.4 46 43.2 41.1 34.2 23.8 24.7 23.2 17.9 10.3 2.4 -2 -2 -2 -2 -2 -2 -2 -2 -2 -2 -2 -2 -2 -2 -2 -2 -2 -2 -2 -2 -2 -2 -2 -2 -2 -2 -2 -2 -2 -2 -2 -2 -2 -2 -2 -2 -2 -2 -2 -2 -2 -2 -2 -2 -2 -2 -2 -2
113.4 110.6 104.7 97.4 89.7 87.4 88.6 91.8 94.4 91.6 80.8 79.8 82.2 92.2 92.5 91.3 89.9 85.8 82.4 81 78.8 75.1 61.6 60.9 59.7 56.5 54 46.4 42.3 38.3 28.8 25.4 23.2 20.5 16 11.6 6.8 -2 -2 -2 -2 -2 -2 -2 -2 -2 -2 -2 -2 -2 -2 -2 -2 -2 -2 -2 -2 -2 -2 -2 -2 -2 -2 -2 -2 -2 -2 -2 -2 -2 -2 -2 -2 -2 -2 -2 -2 -2 -2 -2 -2 -2 -2 -2 -2
117.8 118.2 115.6 105 96.8 97.4 99 101.1 101.6 89 84.5 82.1 86.5 91.3 94.8 94.2 89.5 84.7 81.7 79.5 74 68 62.7 61.2 59 56 54.1 50.8 43.9 37.6 34 33.3 29.3 27 22.1 16.1 11.7 8.4 -2 -2 -2 -2 -2 -2 -2 -2 -2 -2 -2 -2 -2 -2 -2 -2 -2 -2 -2 -2 -2 -2 -2 -2 -2 -2 -2 -2 -2 -2 -2 -2 -2 -2 -2 -2 -2 -2 -2 -2 -2 -2 -2 -2 -2 -2 -2
123.1 124.1 121.8 117.9 115.8 113.5 109.8 109.5 107.2 102.6 86.9 85.3 89.9 97 98.8 95.4 90.1 85.4 80.9 75.9 69.4 64.9 63.5 62.2 61.1 56 53.2 50.3 47.3 43 40.8 34.4 30.8 29.1 27 25.4 21.4 8.6 -2 -2 -2 -2 -2 -2 -2 -2 -2 -2 -2 -2 -2 -2 -2 -2 -2 -2 -2 -2 -2 -2 -2 -2 -2 -2 -2 -2 -2 -2 -2 -2 -2 -2 -2 -2 -2 -2 -2 -2 -2 -2 -2 -2 -2 -2 -2
127.9 130.6 132.6 135.6 134.6 128.9 127.6 124.8 114.7 103.2 89.9 89.6 96.1 98 95.4 94 88.9 85 80.7 76.1 70.7 65.8 64.2 62.8 60.5 55.4 50.9 47.6 45 42.2 39.9 38.3 33.4 29.9 27.3 18.7 15 9.2 3.6 -2 -2 -2 -2 -2 -2 -2 -2 -2 -2 -2 -2 -2 -2 -2 -2 -2 -2 -2 -2 -2 -2 -2 -2 -2 -2 -2 -2 -2 -2 -2 -2 -2 -2 -2 -2 -2 -2 -2 -2 -2 -2 -2 -2 -2 -2
127.5 130.7 137.4 143.1 142.1 137.7 132.5 126.9 119.6 115.8 103.9 101.6 99.8 99.5 98 93.4 90 83.8 80.9 76 71 67.7 65.8 61.8 57.9 55.1 51.5 47.3 44.5 42.6 40 38.2 36.2 32.8 29.1 24.2 16.3 11.8 8.2 3.2 -2 -2 -2 -2 -2 -2 -2 -2 -2 -2 -2 -2 -2 -2 -2 -2 -2 -2 -2 -2 -2 -2 -2 -2 -2 -2 -2 -2 -2 -2 -2 -2 -2 -2 -2 -2 -2 -2 -2 -2 -2 -2 -2 -2 -2
123.6 128.5 133 140.5 145.3 138.5 134.4 132.4 121.6 116.2 114.2 112.6 109.9 102.9 97.7 93.3 89.1 84.2 80.6 75.5 67.1 67.6 65.2 62.4 59.3 56.7 56 54 53.6 53.3 52.4 48.3 43.5 39.5 33.4 29.5 26.3 20.7 12.9 8 3.1 -2 -2 -2 -2 -2 -2 -2 -2 -2 -2 -2 -2 -2 -2 -2 -2 -2 -2 -2 -2 -2 -2 -2 -2 -2 -2 -2 -2 -2 -2 -2 -2 -2 -2 -2 -2 -2 -2 -2 -2 -2 -2 -2 -2
118.9 124.8 131.8 137.4 141.5 138 134.9 132.5 129.6 125.5 118.3 116.2 111.3 104.5 98.7 94.8 89.5 84.8 80.5 73.1 67.4 67.2 66.3 63.5 62 61.2 61.5 62.5 61.3 63 63.7 65.4 64.2 65.6 60.4 48.1 38.9 33.3 24.7 19 7.2 -2 -2 -2 -2 -2 -2 -2 -2 -2 -2 -2 -2 -2 -2 -2 -2 -2 -2 -2 -2 -2 -2 -2 -2 -2 -2 -2 -2 -2 -2 -2 -2 -2 -2 -2 -2 -2 -2 -2 -2 -2 -2 -2 -2
118.6 124.3 131.3 137.7 137.5 137.1 135.1 134.4 133.2 128.3 122.1 118 112.8 107.2 102.1 96.3 90.2 86.1 82.4 79.5 78.5 76.2 73.6 71.5 71.4 71.8 72.5 71.3 70.4 70.3 71.8 72.4 70.6 69.4 66.3 62 55.6 47.9 44.5 30.7 15.5 6.7 -2 -2 -2 -2 -2 -2 -2 -2 -2 -2 -2 -2 -2 -2 -2 -2 -2 -2 -2 -2 -2 -2 -2 -2 -2 -2 -2 -2 -2 -2 -2 -2 -2 -2 -2 -2 -2 -2 -2 -2 -2 -2 -2
112.9 121.6 130.1 134.8 137.9 137.1 133.9 131.5 129.7 123.5 120.7 118.3 115.5 111.6 106.6 101.1 94.9 88.8 86.1 86.3 87.3 87.3 85 83.4 82.8 81.7 82 81.8 83.6 80.8 77.1 74.8 74.3 72.7 68.6 59.8 53.7 51.8 52.9 46.4 39.6 19.1 5.8 -2 -2 -2 -2 -2 -2 -2 -2 -2 -2 -2 -2 -2 -2 -2 -2 -2 -2 -2 -2 -2 -2 -2 -2 -2 -2 -2 -2 -2 -2 -2 -2 -2 -2 -2 -2 -2 -2 -2 -2 -2 -2
106.3 115.9 129.2 135 132.3 129.1 128.5 127 124.6 121.9 119.5 116.8 114.4 111.5 108 103.6 98.5 93.8 91.3 88.2 89.6 91 93 94.7 95.6 91.8 89.5 86.6 84.5 83.7 82.3 80.2 75.7 71.6 66.4 57.3 53.8 55.6 54 52.1 48.4 36.3 11.7 3.8 -2 -2 -2 -2 -2 -2 -2 -2 -2 -2 -2 -2 -2 -2 -2 -2 -2 -2 -2 -2 -2 -2 -2 -2 -2 -2 -2 -2 -2 -2 -2 -2 -2 -2 -2 -2 -2 -2 -2 -2 -2
97.5 107.7 118.2 123.1 123.6 123.4 123.6 123.5 121.9 120.7 118.3 115.9 113.6 110.6 107 102.9 98.2 94.3 93 92.5 93.5 92.9 94.2 94.1 94.6 94.3 90.5 87.6 85 84.5 82.9 80.2 75.9 72.8 66.7 60.6 58.3 57.2 56.2 54.4 49.1 42.7 21 15.3 -2 -2 -2 -2 -2 -2 -2 -2 -2 -2 -2 -2 -2 -2 -2 -2 -2 -2 -2 -2 -2 -2 -2 -2 -2 -2 -2 -2 -2 -2 -2 -2 -2 -2 -2 -2 -2 -2 -2 -2 -2
90.5 95.1 105.9 113.6 115.4 116.9 118.9 118.8 118.7 118.2 117.3 115 112.6 109.6 106 101.4 95.6 90 89 90.5 95 98.3 98.5 95.7 91.5 90 89.8 87.4 84.5 82.2 80.1 78.8 76.9 73.8 70.3 64.5 60 57.9 57.3 53.8 51 45.8 35.3 33.7 28.9 22.9 20.4 -2 -2 -2 -2 -2 -2 -2 -2 -2 -2 -2 -2 -2 -2 -2 -2 -2 -2 -2 -2 -2 -2 -2 -2 -2 -2 -2 -2 -2 -2 -2 -2 -2 -2 -2 -2 -2 -2
94 93.7 95.7 100.6 105.7 107.2 110.3 112.5 114.1 113.9 113.9 113.6 111.5 108.4 104.3 100 95.2 89.7 88.5 87.9 87.8 89.9 90.6 91.3 89.6 87.5 86.7 85.6 80.4 78.2 77.2 75.4 74.4 72.8 69.7 65.9 62 59.7 57.5 53.2 49.8 45 40.2 35.8 30.7 23.5 17.9 7.2 2.2 3.8 4.3 1.7 -2 -2 -2 -2 -2 -2 -2 -2 -2 -2 -2 -2 -2 -2 -2 -2 -2 -2 -2 -2 -2 -2 -2 -2 -2 -2 -2 -2 -2 -2 -2 -2 -2
97.9 99.8 97.1 96.2 98 100.4 102.8 104.1 107 109.1 109.3 109.8 109.2 107.5 103.4 98.7 93.3 90.2 88.7 87.7 88 88.2 88.2 88 87.9 85.5 83.6 80.5 78.3 77.2 75.9 74.8 74.2 73 71.5 69.5 64.4 62.1 58.8 53.8 50.8 46.6 41.7 36.6 30.4 26 21.8 16.1 13.1 10.6 8.4 3.8 -2 -2 -2 -2 -2 -2 -2 -2 -2 -2 -2 -2 -2 -2 -2 -2 -2 -2 -2 -2 -2 -2 -2 -2 -2 -2 -2 -2 -2 -2 -2 -2 -2
93.6 98.1 96.4 94.3 94.5 92.4 93.3 95.6 96.6 99.5 102.3 103.4 104.9 104.8 103.4 100.7 95 92.1 88 87.7 87.8 86.7 85.4 85 85.5 85.1 81.8 80.2 78.9 79.1 78.3 77.4 78.5 77.2 75.2 73.1 67.2 63.5 60.1 54.5 51.4 47.6 43.2 39.7 34.5 29.5 26 22.1 17.5 14 11.5 8.5 4.5 -2 -2 -2 -2 -2 -2 -2 -2 -2 -2 -2 -2 -2 -2 -2 -2 -2 -2 -2 -2 -2 -2 -2 -2 -2 -2 -2 -2 -2 -2 -2 -2
86.1 92.8 93.7 92.9 90.2 87.3 86.4 87.7 89.9 90.3 91.7 93 96.4 98.6 98.9 98 95 92.5 88.9 89.5 87.2 85.8 85.5 85.1 83.9 83.4 82.9 83.3 83 82.1 83.5 84.5 83.8 81.8 79.7 77.3 72.2 63.8 58.3 55.3 51.6 49 46.8 44.7 38.4 33.7 30.5 25.9 22.2 17.8 14.4 11 9.2 -2 -2 -2 -2 -2 -2 -2 -2 -2 -2 -2 -2 -2 -2 -2 -2 -2 -2 -2 -2 -2 -2 -2 -2 -2 -2 -2 -2 -2 -2 -2 -2
75.4 81.8 85.8 87 86.1 84.3 82.7 82.3 84 85.5 87.2 87.5 87.9 90.2 92.2 92.9 93.7 92.7 89.4 87.8 87.3 86.9 86.6 85.3 86 85.5 86.7 87.2 87.3 87.5 86.1 85.8 86.4 84.6 83.8 83 76.4 67.1 59.7 57.3 55.5 51.8 49.1 46.1 41.7 37.1 34.1 29 25.7 20.5 15.8 11.5 6.9 -2 -2 -2 -2 -2 -2 -2 -2 -2 -2 -2 -2 -2 -2 -2 -2 -2 -2 -2 -2 -2 -2 -2 -2 -2 -2 -2 -2 -2 -2 -2 -2
66.9 70.9 75.2 79.3 80 79.9 80.2 80.7 81.1 82.4 84.2 86.8 86.9 87.1 88 90.9 91.5 91.9 92.4 92.5 91 89.3 86.5 85.8 85.8 86.4 87.8 88.9 89.1 88.2 89.7 91 90.6 89.1 87.4 84 78.3 70.2 64.5 63.4 62.4 60 56 51.9 49.7 46.7 43.6 38.9 32.5 23.4 16.5 11.7 7.2 1.8 -2 -2 -2 -2 -2 -2 -2 -2 -2 -2 -2 -2 -2 -2 -2 -2 -2 -2 -2 -2 -2 -2 -2 -2 -2 -2 -2 -2 -2 -2 -2
59.3 63.9 68.5 70.6 71.1 72.3 74.2 75.9 79 79.6 82 84.3 86 88.5 85.8 87.2 90.5 91.8 92.8 93.3 93.1 90.3 87.3 86.4 86.1 86.7 87.4 88.3 91 92.8 96.7 96.5 96.8 96.2 93.6 88.9 82.1 77.7 74.9 71.4 69.5 67.3 66.1 62.5 61.4 58.3 53.6 46.4 38.3 28.4 18.6 13.4 9.4 3 -2 -2 -2 -2 -2 -2 -2 -2 -2 -2 -2 -2 -2 -2 -2 -2 -2 -2 -2 -2 -2 -2 -2 -2 -2 -2 -2 -2 -2 -2 -2
53.1 57.2 62.2 62.4 60.8 61 64 65.8 70.2 73.4 78.9 81.6 81.4 81.9 82.8 82.6 86 90 91.4 92.5 93.2 92 89.8 88.6 88.9 88.9 91 90.3 90.3 91.4 95.5 99.4 100.7 101 101.7 99.6 94.8 89.5 82.5 81.8 80.4 77 75.5 75.1 74.2 70.7 63.4 52.3 44.2 32.1 22.7 15.1 10.9 6.1 0.9 -2 -2 -2 -2 -2 -2 -2 -2 -2 -2 -2 -2 -2 -2 -2 -2 -2 -2 -2 -2 -2 -2 -2 -2 -2 -2 -2 -2 -2 -2
47.3 50.1 51.7 51.7 52.3 52.3 54.3 56.7 58 61 66.8 72.3 73.9 75.9 76.6 78.4 79.5 84.9 88.3 90.4 92 91.5 89.8 89.9 90 90.3 92.8 93.1 93.7 92.6 94.6 96.3 100 105.9 109.6 109.1 109.3 105.1 98 93.8 87.5 88.3 86.3 84.2 82.6 78.7 70.2 59.3 50.9 37.8 27.5 20.3 12.8 9.6 4.6 -2 -2 -2 -2 -2 -2 -2 -2 -2 -2 -2 -2 -2 -2 -2 -2 -2 -2 -2 -2 -2 -2 -2 -2 -2 -2 -2 -2 -2 -2
40 42.8 44.2 45.3 45.8 47.1 47.8 47.8 49.5 51.5 52.8 55.5 59.7 65.1 68.7 71.6 74.4 78.2 81.9 86.5 89.6 90.5 90.5 89.4 89.1 88.6 89.2 90.7 92.1 93.9 92.9 93.3 94.2 96.7 103.8 112.7 117.4 119.1 119.3 115.4 108.8 99.9 96.8 92.9 88.3 84.1 76.6 70.6 63.4 53.5 41.7 31.1 23.3 17.8 13.8 7.6 2 -2 -2 -2 -2 -2 -2 -2 -2 -2 -2 -2 -2 -2 -2 -2 -2 -2 -2 -2 -2 -2 -2 -2 -2 -2 -2 -2 -2
31.8 34.6 37 39 40 41.4 41.9 42.3 44.4 45.2 46.1 47 48.6 50.7 53.6 57 62 69.5 75.8 80.3 82.9 84.5 85.8 87 86.5 86.7 87.1 87.3 86.4 85.8 85.4 87.1 89.5 90.6 94.9 101.8 112.3 121.1 128.2 128.6 124.6 118.1 114.3 110.1 105 101.5 96.7 90.3 80.8 71.6 61.2 49.9 38.3 31.2 24.2 17.3 13.7 7.7 1.6 -2 -2 -2 -2 -2 -2 -2 -2 -2 -2 -2 -2 -2 -2 -2 -2 -2 -2 -2 -2 -2 -2 -2 -2 -2 -2
24.9 26.4 27.7 30.8 33.6 36.2 37.1 37.7 38.9 39.6 40.5 41.6 43.4 45.2 47.1 49.1 51.2 54.8 62.4 69.4 72.8 75.7 78 80 80.1 80.2 80.9 82.2 81.5 79.4 78.6 80 82.4 86 90 93.1 98.3 105.9 117.3 127.1 132 129.9 126.6 126.5 124.2 119.6 113 104.2 96.4 87.5 81 72.4 62.5 45.2 36.4 29.9 26 22.5 19.7 19.5 16.6 -2 -2 -2 -2 -2 -2 -2 -2 -2 -2 -2 -2 -2 -2 -2 -2 -2 -2 -2 -2 -2 -2 -2 -2
20.7 21.8 23.3 25.4 27.6 30.3 31.9 32.8 33.8 34.5 35.9 37.2 39.1 40.5 42.5 44.8 46.9 48.7 51 55.2 60.7 65.5 69.6 70.9 73.5 73 72.9 74.3 74.8 73.3 72.2 72.9 76.1 79.8 83.9 85.6 89 95.5 103.4 111 120.1 127.3 134.1 134.6 133.1 129.3 125.6 118.5 108.9 101.1 96.2 89.2 76.6 61.6 50.2 43.6 38.4 34.4 33 31 30.1 28.2 23.6 17.7 -2 -2 -2 -2 -2 -2 -2 -2 -2 -2 -2 -2 -2 -2 -2 -2 -2 -2 -2 -2 -2
18.7 19.1 20.5 23 23.5 24.8 26.7 28 29.4 30 31.3 31.3 33.2 34.5 36.7 39.4 42.4 44.8 47.1 49.6 53.6 58 61 64.3 66 67 68.1 67.3 67.2 68.1 69 69.5 71 73.4 76.4 80.4 84.2 88.5 93.2 99.8 109 117 124.8 132.4 133.6 133.5 130.3 126.1 119.2 108.6 103.7 96.6 87.7 74.1 65.1 55.9 50 44.9 41.6 38.3 34.8 32.8 28.5 21.3 14.3 7.2 -2 -2 -2 -2 -2 -2 -2 -2 -2 -2 -2 -2 -2 -2 -2 -2 -2 -2 -2
15.7 17.8 19.1 20.6 21.5 22.4 23 23.8 24.6 25.6 26.6 27.9 28.8 30.3 31.9 34.6 36.4 40.2 41.8 44.4 46.7 50.8 53.6 57.4 58.7 61.4 61.9 60.5 61.7 64.6 66.9 68.3 69.1 71.4 74.8 77.7 80.6 85 88 92.5 98.2 105.8 113.7 123.1 131.3 134 131.3 127.7 120.9 113.2 106.1 99.8 92.3 83.4 76.7 68.1 60.3 54 48.2 44 40.9 37.1 33.8 26.1 20.7 15.1 -2 -2 -2 -2 -2 -2 -2 -2 -2 -2 -2 -2 -2 -2 -2 -2 -2 -2 -2
10 13.3 14.8 15.7 18 19.5 20.8 21 21.6 22.2 23.1 24.6 25.8 26.3 28.5 30.4 31 32.5 35.9 37.9 39.8 43.4 47.1 49.6 50.6 52.6 52.8 52.7 54 57.7 60.4 63.2 65.9 68.8 71.8 75.4 78.1 81.3 84.5 88.4 92.8 98.7 104.9 110.6 118.6 125.2 126.1 122.6 117.5 112.3 107.1 101.9 96.6 89.6 83.9 78.6 69.8 62.1 57.9 53.8 50 45.8 41.2 34.9 26.1 20.1 12.3 2 -2 -2 -2 -2 -2 -2 -2 -2 -2 -2 -2 -2 -2 -2 -2 -2 -2
