Assets/StreamingAssets/GeoData/Data/nh/NH17.asc
ncols 200
nrows 200
xllcorner 210000
yllcorner 870000
cellsize 50
[rows 105 to 139 of 200, columns 0 to 77 of 200]
718.5 724 730.8 734 742.8 747 743.8 743.4 741.2 735.1 722.1 710.8 706.9 706.8 704.9 699.1 692.1 682.7 672.6 661.7 651.7 641.7 634.9 626.3 614.6 608.9 595 582.6 578.7 571.2 555 545.4 538.7 529.9 520.9 506 496 489.4 481.2 475.1 468.3 457.6 443.6 426.2 415.8 406.5 394.6 389.4 385.9 376.9 369 361 353.2 348.1 341.7 334.8 326.1 320.7 313.4 311 306.8 301.2 291.7 284.2 277.3 271.3 265.9 257.1 246.8 246.6 246.6 246.6 246.6 246.6 246.6 246.6 246.6 246.6
713.8 717.4 721.2 725.2 735.2 738.7 738 737.7 734.8 726.5 716 710.2 711 707.6 700.2 692.7 685.7 677.1 664.7 653.5 642.5 633.9 627 620.2 608.9 602.5 592.2 573.8 572.6 563 548.7 536.7 528.5 520.8 512.7 502.1 488.8 481.9 476.8 469.7 457.9 453.2 436.9 421.2 408.3 400.3 392.5 384.7 378.5 370 362.1 355.1 347.7 340.5 334.9 327.7 325.2 317.1 312.1 306.3 299.7 294.7 286.2 278.9 271.4 267.4 258.8 251 246.6 246.6 246.6 246.6 246.6 246.6 246.6 246.6 246.6 246.6
710.4 707.3 711.2 714.5 720.8 725.5 724.9 725.6 723.6 720.1 714 709.3 708.4 703.9 696.9 692.5 682.2 670.8 656.7 642.6 633.7 626 618.9 612.2 602.3 595.6 581.8 571.1 564.2 557 545.3 531.5 519.8 508.7 502.2 492.4 479.3 471.8 469.7 460.3 453.5 439.6 426.7 410.3 399 393.9 388.3 376.9 365.2 360.1 355.1 349.7 343.6 336.4 330.2 324.6 320 310.6 306.3 300.2 293.3 287.2 281.5 274.3 267.2 258.7 251 246.6 246.6 246.6 246.6 246.6 246.6 246.6 246.6 246.6 246.6 246.6
703.1 700 700.7 702.6 705.1 709.2 712.3 714 712.8 712.3 709.9 710.9 704.9 698.8 694.1 687 676.1 662.7 649.8 639.2 626.7 618.5 607.3 599.8 593.1 582 574.9 569.7 561 552 536.7 523.8 513.9 503.5 494.5 483.9 473.8 469.2 460.4 456.3 443.8 426.6 415 403.1 390.9 382.5 374.8 366.7 360.2 354.1 345.8 339.7 336.4 329.2 326.9 319.3 311.8 305 301.8 295.6 288.2 281.4 276 268.3 261.1 250.8 246.6 246.6 246.6 246.6 246.6 246.6 246.6 246.6 246.6 246.6 246.6 246.6
695.3 692.2 689 690.3 691.6 695 699.8 701.9 704.2 703.5 704.9 704.2 700.6 693.7 685.4 677.9 666.6 655.1 646.4 634.6 623.6 611.9 599 587.9 579.3 572.1 566.8 560.8 550.7 542.7 530.6 514.7 504.9 492 481 473.8 468.3 461.8 451.3 438.6 427.5 418 405.8 396.9 384.7 374.9 367.7 363.9 358.6 351 344.2 337.2 328.2 320.6 319 313.7 309.8 305.1 297.1 290.5 283.9 277.2 266.7 264.5 256 246.6 246.6 246.6 246.6 246.6 246.6 246.6 246.6 246.6 246.6 246.6 246.6 246.6
686.7 682.3 680.5 679.6 680.9 681.6 683.7 688.4 692.8 694.2 697.1 695.6 691.2 684.2 675.5 667.2 657.5 648.4 640.5 626.5 615.9 603.7 589.7 576.6 569.2 562 557.2 551.9 544.7 531.6 520.3 506.9 495.5 487.9 473.3 465.3 460 450.6 439.2 428.9 415.1 408.9 395.7 387.5 378.3 368.5 362.5 360.8 355.1 346.6 342.3 334.3 329.2 323.9 312 309.6 307.7 301.7 296.1 287.5 282.1 275.3 266.7 257.3 253.1 246.6 246.6 246.6 246.6 246.6 246.6 246.6 246.6 246.6 246.6 246.6 246.6 246.6
674.9 672.6 670.5 670 671.2 670.4 671 677.5 681.6 685.6 685.9 682.1 678.2 672.8 665.6 656.3 649.4 642 631.4 619.2 607.4 594.5 579.6 566.7 559 553.2 548.3 538.3 531.8 522.3 512 496.6 486.6 479.7 469.7 461.6 452.3 439.6 431 418.1 407.5 395.8 386.2 379.2 369.6 361.8 357.9 354.8 347.3 341.2 335.2 327.8 322.5 316.3 310 301 296.4 293.2 289.5 281.5 276.6 268.5 259.8 252.3 249.8 246.6 246.6 246.6 246.6 246.6 246.6 246.6 246.6 246.6 246.6 246.6 246.6 249.5
662.6 660.2 658 658.7 660 661 661.4 667.4 671.7 673.8 671.6 667.6 664.2 659.8 654.3 646.1 639 630.9 622.6 612.7 601 585 572.3 559.1 553.7 546.8 538.8 528.5 519.1 511.9 503.8 490.1 477.3 466.5 459.6 448.2 438.9 429.1 417.2 406.2 398.5 389.4 377.9 366.2 362.2 358.4 351.8 346.3 337.7 334.3 331.3 323.4 315.3 310 304.8 301.1 292.2 285.1 283.2 276.9 268.3 262 251.3 246.6 246.6 246.6 246.6 246.6 246.6 246.6 246.6 246.6 246.6 246.6 246.6 248.4 250.1 251.6
651.6 647.8 645.7 645.7 647.3 648.9 652.2 659 663.4 662 659.8 654.9 650.6 646.8 641.3 636.2 629 617.8 610.5 601.7 589.7 573.7 559.9 551.8 546.9 540.9 527.7 519.3 511.9 500.8 491.6 479.4 469.4 456.6 446.2 438.4 427.4 414.1 404.1 396.4 388.7 380.4 369.9 358.3 353.5 351.6 343.2 338.4 331.3 328.4 324 314.6 310.2 305.5 298.5 293.2 288.2 280.9 274.8 268.2 260.5 249.6 246.6 246.6 246.6 246.6 246.6 246.6 246.6 246.6 246.6 246.6 246.6 246.6 250.5 252 253.5 254.2
639.8 636.5 632.1 633.4 634.4 633.3 641.2 649.3 651.9 651.4 647.7 643 638.7 635.2 629.3 623.8 616.8 604.1 597.5 589.8 576.3 560.5 551.4 542.8 537 528.8 516.8 509 502.6 492.7 480.1 467.4 462.6 452.2 441.6 428.8 415 407 402.4 393.3 381.6 371.9 362.4 354.4 342.6 341.4 336.2 330.9 326 319 315.1 310.2 305.3 299.2 292.1 285.3 280.4 274.6 267 259.7 252.1 246.6 246.6 246.6 246.6 246.6 246.6 246.6 246.6 246.6 246.6 246.6 246.6 251.1 252.6 254.9 260 257.8
627.1 623.9 619.5 620.8 621.3 623.5 632.4 638.1 639.5 639.5 636.6 632.2 627.9 623.2 618 611.3 603 593.7 588.7 584.7 573.6 554.7 542 531.8 526.6 516.8 508.6 499.5 491.1 481.1 467.9 460.6 447.4 439 433.2 417.5 408 400.5 392.2 382.7 371.9 366 356.9 345.8 338 331.2 329.5 322.7 317.4 313.5 309.2 304.5 298.3 291.2 286.2 282.6 273.9 267.5 259.8 253.1 247.6 246.6 246.6 246.6 246.6 246.6 246.6 246.6 246.6 246.6 246.6 246.6 251.4 254.1 255.4 257.1 258.6 260.6
612.8 610.4 605.9 608.3 609.4 616.3 623.3 626.4 628.1 627.5 625.1 622.4 619.5 613 606.1 599.5 591.4 584.5 577.9 570.3 559.7 553.1 533.1 520.7 514.1 506 497 487.9 480 470.8 458.3 444.8 437.8 428.4 417.8 408.2 402.7 392.9 383.3 373.1 364.1 357 347.3 337.8 333.9 326.9 319.1 311.1 308.4 306.5 303.4 296.9 289.5 282.1 277.3 273.1 264.7 257.9 251.7 249.2 246.6 246.6 246.6 246.6 246.6 246.6 246.6 246.6 246.6 246.6 246.6 252.1 254.7 257.4 258.5 259.1 262.2 268.1
595.8 594.5 591.3 594.5 599.1 607.3 612.4 614.2 615.8 615.3 613.1 609.1 607 601.9 594.7 586.9 580.7 575.1 563.7 554.2 545.8 531.6 517.6 510.4 501.5 492.1 482.9 474.3 463.1 451.8 440.9 428.9 422.3 414 404.4 398.8 392.2 381.6 374.6 365.1 355.9 346.5 340.5 334.3 324.3 318.9 314.7 308.6 304.1 296.4 296.4 288.2 283.4 275.7 270.9 265.1 256.4 246.8 246.6 246.6 246.6 246.6 246.6 246.6 246.6 246.6 246.6 246.6 246.6 249 252.3 255.4 258.7 259.9 261.5 262.5 266.1 269.1
578.2 576.8 574.5 577.6 589.3 596.9 601.8 603.8 602.6 601.3 599 595.4 592.4 587.2 581.3 576.2 569.7 563.6 549.1 539.3 527.8 514.8 506.2 496.3 485.2 475.5 466.3 458.6 447.2 435.7 424.4 418.3 407.7 401.5 394.6 389.8 382 372.9 361.2 354.2 346.6 336.5 332.1 327.9 316.4 308.9 305.3 301.8 295.8 289.6 283.3 279.7 272.9 268 262.7 256.2 247.5 246.6 246.6 246.6 246.6 246.6 246.6 246.6 246.6 246.6 246.6 246.6 251 253.5 255.6 258.7 262.5 263.5 265.1 268.6 271.1 271
560.2 560.1 554.7 564.1 578.8 586.6 592.2 592.2 591.2 587.7 584.5 582.4 578.9 573 567.1 560.9 554.1 544.5 533.8 520.4 510.8 500.4 492.2 482.9 473.5 459.4 448.2 439.7 432.8 419 410.3 403.5 398.6 387.2 387.7 376.4 368.4 358.8 349 341.5 335.8 326.5 323.1 317.1 306.7 300.1 300.1 294 288.2 284.8 277.7 271.5 266.9 261.8 256.8 249.9 246.6 246.6 246.6 246.6 246.6 246.6 246.6 246.6 246.6 246.6 246.6 246.6 256 257.2 260.1 263.9 267.5 267.9 269.7 272.3 273.5 275
543.8 543.9 536 549.4 567.4 576.4 581.7 581.6 579 575.8 572.8 570.6 565.7 560.1 553.4 546.7 538.7 528.3 518.7 510 496.3 486.6 476.7 468.2 458.7 447 439.6 424.2 415.3 405.7 396.8 389.2 381.6 375.2 374.5 365.5 359.1 349.3 339.2 332.7 324.4 319.1 311.7 304.1 299.8 296.5 289.9 286 281.8 277.6 273.6 264.4 261.7 256.7 251.1 246.6 246.6 246.6 246.6 246.6 246.6 246.6 246.6 246.6 246.6 246.6 246.6 253.2 259.5 262.1 264 271.1 272.3 272.3 275.4 275.8 279.4 280.9
524.6 522.7 515.1 537.7 557.6 565.1 569.4 569.7 567.5 564.7 561.1 558 553.3 546.8 539.4 530.6 521.9 512.7 502.2 493.2 481.9 473.4 464.4 455 442 431.1 422.1 409.1 398.6 392.3 386.7 377.9 373.6 366 362.9 354.3 344.8 338.3 330.8 323.3 313.5 308.5 303 299.6 293.1 288.6 285 278.5 273.5 268.5 263.9 260.3 255.9 252.2 246.6 246.6 246.6 246.6 246.6 246.6 246.6 246.6 246.6 246.6 246.6 246.6 251.2 256.1 261.1 267.7 269.1 274.4 277 279.6 280.7 281 286.6 287.7
501 496.6 499.7 532.9 547.5 553.4 556.5 557.7 556.3 552.9 548.7 543.7 537.9 531.8 524.2 517 508.2 500 490.7 481.2 471.3 462.2 451.8 442.8 426.9 416 406.7 395 386.4 378.3 374.3 367.9 358.8 354.6 344.4 340.7 333.3 327.3 321.7 313.7 305.9 300.2 297.3 291.9 286.6 282.1 277.3 272 265.1 260.5 257.6 253.1 250.4 248.2 246.6 246.6 246.6 246.6 246.6 246.6 246.6 246.6 246.6 246.6 246.6 248.8 254.8 259.1 268.3 272.7 274.9 279.3 284.9 286.9 284.8 286.7 291 294.5
472 466.6 504 529.1 538.7 542.5 544.9 545.2 543.6 540.3 535.6 530.7 524.9 517.9 510.7 504.1 495.7 487 478.6 469.2 459.8 450.3 437.9 424.8 413 402.7 391.5 383.8 377.9 371.4 364.3 355.1 351.8 342.3 334.1 328.9 321.2 315.3 312.2 304.6 297.7 292.5 288.2 284.9 278.8 274.1 268.4 264.9 260.1 253.2 249.3 246.6 246.6 246.6 246.6 246.6 246.6 246.6 246.6 246.6 246.6 246.6 246.6 246.6 248.7 254.6 259.3 262.5 272.1 275.3 279.4 284.4 288.6 290 290.5 293.5 296.3 300.8
473.7 496 512.8 524.7 530.3 533.1 534.2 533.2 530.2 526.8 521.4 517.3 513.2 506.4 498.9 492.5 484.3 475.2 466.5 455.2 444.9 433 422.6 411.9 400.9 386 378.8 372.5 364.5 358 350.8 343.5 338.1 332.9 325.8 317.8 309.8 306.1 301.3 296.9 289.4 284.3 279 276.4 269.3 264.8 258.9 251.7 246.6 246.6 246.6 246.6 246.6 246.6 246.6 246.6 246.6 246.6 246.6 246.6 246.6 246.6 246.6 251.2 254.7 259.3 263.8 268.6 273.9 278.1 282.9 288.7 292.6 294.2 296.4 299.7 301.6 306.1
489.3 501.2 509.6 517.6 520.3 522.6 522.2 520.9 518.2 514.7 510 506.1 501.3 494 487.1 479.2 470.5 461.2 451.4 439.9 430.7 423.1 409.1 398.4 388.4 375.6 365.5 360.6 352.8 343.6 338.8 332.4 327.6 322.6 315.6 305.1 299.6 295.1 291.8 287.1 283.1 279 274.8 269.9 262.5 255.6 249.6 246.6 246.6 246.6 246.6 246.6 246.6 246.6 246.6 246.6 246.6 246.6 246.6 246.6 246.6 247.3 252.1 254.8 258.4 263.9 268.8 274.5 278.5 283.6 287.6 291.8 296.1 299.9 301.5 304.7 306.8 311.1
485.8 496.3 504 509.6 512.1 513.3 513.1 510.5 506.9 503.6 499.2 494.9 489.5 481.8 473.8 465.7 457.7 449.3 439.3 426.7 416 403.9 392.6 380.4 372.4 361.7 353 344.5 339.9 332.6 327 320 314.3 308.1 302.6 295.8 294.3 287.4 281.7 278.5 274.4 271.2 265.4 260.4 255.1 249.2 246.6 246.6 246.6 246.6 246.6 246.6 246.6 246.6 246.6 246.6 246.6 246.6 246.6 246.6 250.6 252.1 256.4 257.9 262.2 269.5 274.8 280 284.7 289.2 292.1 295.2 300.8 304.2 306.3 309.2 312 318
479.6 490.3 495.3 499.8 502.3 503.3 502.8 499.8 495.8 491.5 486.3 483.4 476.6 470.7 461.7 452.9 445.1 434.6 422.1 413 399.4 386.8 375.8 366.1 357.4 350 342.9 337.8 330 321.5 313.8 310.3 301.9 297 291.7 286.1 283.3 277.8 276 273.4 267.2 264.5 256.6 251.8 248.5 246.6 246.6 246.6 246.6 246.6 246.6 246.6 246.6 246.6 246.6 246.6 246.6 246.6 250.6 252.5 257.2 256.3 261.2 263.3 268.2 276.6 280.6 286 290.3 293.3 296.5 299.7 305.2 309.3 311 313.3 318.5 324.7
470.7 480.4 484.9 489.2 492 492.4 491.4 489 486.3 480.3 474.8 471.4 464.8 457.6 449.4 440.1 429 418.4 405.8 392.9 382.5 373.1 361 353.5 346.2 340.3 334.5 328.7 322.4 314.7 310.9 298.8 294.8 290.9 285.5 282.4 275.6 270.8 268.5 264.4 259 254.5 246.8 246.6 246.6 246.6 246.6 246.6 246.6 246.6 246.6 246.6 246.6 246.6 246.6 246.6 246.6 248.9 255 256.7 260.8 260.8 266.5 268 274.1 281 285.9 293.1 297 299.9 303.5 306.1 310.6 314.6 316.9 320.1 323 328.2
461.3 470.3 475.9 479.1 480.7 480.5 478.8 475.9 472.3 468.2 463.1 458.4 451.8 443.4 436.1 423 413.4 402.4 390.7 380.1 369.6 359.7 349.3 342.6 336 331.6 325.6 316.3 311.2 306 297.9 293.1 286.3 283.8 280.3 278.7 273.5 268.2 263.1 258 254.9 252 246.6 246.6 246.6 246.6 246.6 246.6 246.6 246.6 246.6 246.6 246.6 246.6 246.6 246.6 249.9 253.5 258.6 259.5 264.1 266.2 269.5 273.8 281.2 285.6 290.1 298.4 303.3 305.7 310.8 314.7 318.4 323 327.6 332.7 331.7 335.4
449.4 458.6 462.5 466.1 466.7 466.4 464.7 461.3 458 453.8 448.3 443.4 434.5 426.9 417.9 405.1 397.1 388.2 377 366.8 354.9 346.9 338.3 330.1 325 319 314.4 308.2 301.5 296.1 290.9 286.1 283.6 277.4 274.1 270.6 265.6 263.6 260.7 256.4 252.5 249.9 246.6 246.6 246.6 246.6 246.6 246.6 246.6 246.6 246.6 246.6 246.6 246.6 246.6 249.1 252.5 258.4 260.1 262.7 267.2 270.6 274.2 280.9 287.8 291.1 295.9 302.7 309 311.8 316.6 323.2 326.3 332.8 340 346.1 347 350
436.1 444.8 449.1 451.7 451.1 448.6 446.4 443.5 441.4 435.8 431 424.7 416.6 408.8 398 388.5 376.5 367.2 357.9 349.1 339.9 332.2 325.3 317.2 315 308.3 302.5 298.8 294.4 287.9 282.5 280 280.5 272.7 267 263.8 260.2 260.8 256 251 249.1 246.6 246.6 246.6 246.6 246.6 246.6 246.6 246.6 246.6 246.6 246.6 248.7 249.9 250.2 253.8 256.6 261 265.9 266.5 270.8 274.4 279.7 286.8 291.4 295.9 302.1 309.5 315 320.3 324.2 330.1 337.1 342.5 351.8 358 360.9 366.7
421.6 428.8 432.7 434.6 433.2 430.7 427.8 424.9 421.2 417.5 411.6 404.8 395.1 388 381.2 369.1 359.3 351.1 347.1 337.3 325.2 321.8 313.3 304.8 300.7 297.9 292.3 288.1 284.8 279.5 276.4 274 274.1 266.8 261.9 258 254.9 253 250.1 249 246.6 246.6 246.6 246.6 246.6 246.6 246.6 246.6 246.6 246.6 248.4 250 252.1 253.1 255.7 260.2 261.5 264.2 267.6 271.9 274.6 281.2 287.4 292.5 299 305.1 310.1 316 323.7 328.8 332.9 341.9 349.1 355.4 361.8 371.1 378.1 387.5
406.8 412.1 415.6 414.7 412.9 411.2 408.1 405.6 402.3 397.6 392.1 385.4 375.1 367.4 357.2 348 339.3 332.5 324.5 316.8 311.2 309.4 300.4 296.1 290.1 286.9 284.9 281.1 276.8 274.2 270.1 268.1 264.7 261.5 256.1 254.9 253 251.2 249.8 248.8 248.2 248.3 247.5 246.6 246.6 246.6 246.6 246.6 246.6 246.6 250.3 252.6 254.6 257.5 261.4 263.6 266.7 271.2 272.6 276 281.5 287.7 296.4 300.2 307.5 313.1 318.9 324.5 335.9 338.8 346.6 355 363.2 372.2 380.8 389.6 397.4 404.9
391.2 394.9 394 393.7 391.8 390.4 389.6 385 384.1 378.4 374.4 366.9 356.8 349.6 340.9 332 322.7 314.4 309.3 302.3 297.1 298.2 292.3 287.1 283.3 280.4 275.6 275.2 269.8 266.1 264.3 262.3 259.1 252.8 251.8 251.3 250.9 249.9 249 248 248.6 248.4 246.6 246.6 246.6 246.6 246.6 246.6 246.6 249.4 253.3 256.4 258.8 261.1 266.2 270.3 272.5 276.5 278.6 284.6 290 294.5 302.4 308 314.7 321.2 328.3 337.1 344.3 353.2 361.7 371.6 382.7 392.6 403.8 408.8 415.8 424.3
373.9 374.4 373.5 370.7 369.3 369.7 367 366 362.4 362 352.9 346.2 339.5 330.3 324.7 317 309.5 302.1 295.5 290.1 285.5 284.3 283.6 278.2 272.7 270.3 265.5 264.6 261.8 259.2 256.7 254.2 251.4 250.5 250.4 250.3 248.9 249.6 248.4 249.4 248.6 248.6 246.6 246.6 246.6 246.6 247.1 248.7 251 254.4 258.6 261.8 264.3 268.3 271.3 277.4 277.6 282.2 286.8 293.8 299 303.7 309.6 317.8 324.8 332.7 340.6 348.2 357.6 367 378.1 391 402.3 413.2 419.3 427.3 433 441.8
354.1 355.5 353 352.5 350.7 349.1 348.5 347.3 343 339.9 333.8 327.7 323.7 316.1 309 303.1 295 290.7 284.2 279.7 275.9 274.3 273 270.7 266.5 262.4 259.6 259.7 258 254.9 252.9 252.4 252.4 252.2 251.2 250.9 250.7 250.3 249 249.6 248.9 248.9 247.4 246.6 246.6 249.3 250.6 251.1 257.8 260.6 264.3 267.7 269.7 274.7 277.9 283 284.9 289.1 295.3 303.4 307.8 311.7 320.4 330.8 339 344.5 349.9 361.1 373.2 383.9 396.3 410.9 420.9 429.6 436 445.3 452.3 459.3
334.9 335.6 334.9 336.4 337.3 332.6 330.8 329.7 328.5 321.1 319.1 312.5 310 305.5 297.8 294.6 286.6 282.1 276.5 271.6 268.8 270 271.3 269.7 267.9 262.2 258.3 256.8 255.6 254.2 253.5 253.4 253.1 252.5 252 251.4 250.6 250.8 249.2 249.3 250.8 250.9 250.6 250.6 253.1 254.2 253.7 258.5 264.5 265.7 269 274.2 277.2 281.8 286.5 288.4 293.6 297.4 305.9 313.1 319 322.8 335.2 343.2 347.6 354 362.2 375.6 390.4 402.6 416.8 427.3 437.1 446.6 454 462.8 472.7 476.6
319.1 320.6 321.7 320.2 322 318.9 316.1 314.1 314.4 312 305.7 299.9 295.1 291.7 289.8 284.9 280.1 275.8 272 268.6 267.4 270.5 262.8 268.1 269.7 259.5 258.2 257 255.5 254.4 254.2 253.8 253.1 252.2 251.7 251.5 251.4 250.7 250.8 251.3 253.1 252.7 252.5 253.4 258.1 261.2 256.9 261.2 271.6 271.9 276.8 279.8 283.5 289 292.8 297.9 302.3 308.9 316.7 322 326.7 333.6 343.3 353.3 359.7 367.4 380.1 394.3 410.1 424.1 438.5 449.3 456.9 464.9 473.1 484.3 491.3 494.8
307.7 307.5 307.6 307.8 308.2 306.2 304.6 301.9 299.6 302.2 296.1 291.4 286.3 283.2 282.1 276.6 275.3 272 265.9 263.6 261.5 260 259.7 259.2 258.2 257.6 257.2 256.6 254.8 254.7 254.7 253.9 253.2 252.8 252.5 252.3 251.3 251.5 251.7 252.9 255 255.6 256.1 256.7 262.6 260.9 262.9 267 277.9 279.1 284.2 286.7 290.1 296.3 300.8 306 310.5 317.9 323.5 330.8 336.9 344.2 354.2 364.4 373.4 382.9 398.7 413.1 429.9 450.7 463.5 470.8 481.7 489.3 497.7 509.4 512.8 515.5
