Assets/StreamingAssets/GeoData/Data/nh/NH18.asc
ncols 200
nrows 200
xllcorner 210000
yllcorner 880000
cellsize 50
[rows 0 to 35 of 200, columns 0 to 79 of 200]
164.4 167.2 169.4 172.1 174 175.7 177.6 179.8 181.7 184 191 208.7 230.6 259.8 308.5 360.7 402.2 420.9 430.5 429.9 428.6 415.7 407.1 405.1 416.3 413.5 407.2 406 406.4 415.7 420 416.1 409.9 406.1 397.1 385.7 378.5 376.3 376.1 377.2 378.4 378.8 380.1 382.5 393.6 412.5 411.5 424.3 428.2 433.7 443.7 445.3 446.9 447.4 448.7 451.5 454 455.4 458.3 456.2 451.2 444.2 430.4 417.4 411.5 404.4 394.7 392.5 384.3 373 358.9 343.8 342.6 346.5 343.2 339.4 333.5 331.1 324.1 321.6
162.5 165.3 167.8 170.7 172.8 174.7 176.6 178.4 180.3 181.9 187.8 202.6 224.4 263.8 312.4 356.2 395 416.3 420.6 423.9 418 405 405 405.4 413.8 408.7 408.9 409.4 413.9 420.4 419.3 413.3 410.9 404 394.2 384 380 378.3 378.4 379 379.8 380.8 381.4 382.9 386.6 393.5 408 415.9 427.2 447.4 453.5 450.9 447.8 447.1 451.5 452.9 453.7 455.4 461.3 461.1 455.7 445.1 433 421.5 411.1 402.5 395 390.1 384.4 376.4 364.6 351 348.1 349 343.6 340 335.2 335.9 329.3 327
159.7 162.5 165.8 168.6 171.5 173.6 175.3 176.9 178.3 179.8 183.7 197.3 219.6 267.7 314.3 352.8 393.2 406.4 408.8 411.9 408.8 406.5 415.4 410.4 407.5 407.5 413 410.2 421 420.5 417.2 413.3 408.7 401.2 391.2 382.3 380.1 379 378.3 378.1 378.7 379.8 380.2 380.4 385.7 392.6 406.6 419.8 433.6 443.8 447.6 448.8 447.2 445.8 454.9 460.2 462.1 461.8 464.8 465.3 458.3 446.9 431.7 420.2 410.7 402.7 399 390.8 382.6 376.1 367.7 364.1 354.8 352.3 347.9 342.8 339.8 340.1 341.4 332.4
156.9 159 162.3 166.2 169.3 172.3 173.9 174.8 175.8 177.3 180.9 192.7 215.6 267.6 316.5 356.4 387.7 399.9 399.6 396.7 395.2 399.8 408.4 410.5 411.5 416.9 411.7 415.4 423 420.5 412.8 410.9 404.1 397.4 387.1 381.8 379.5 378.7 377.7 373.9 374.6 377.1 377.1 379.7 384.6 391.1 407 420.1 434.3 439.5 446.9 449.2 445.8 445.7 456.7 462.6 466.8 466.4 463.7 463.9 458.1 444.6 425.2 417.3 408.2 402.3 397.5 390.1 384.2 378.2 369.5 370.7 362.2 354.4 352.4 349.7 346.5 347.6 344.7 337.5
154.1 155.7 158.6 162.3 166.5 169.7 172.2 173.5 174.1 175.4 179.1 190.4 213.9 262 305.2 349.8 374.1 383.4 387 389.4 389.7 400 414.4 416.3 420.8 415.3 413.9 422.5 422.8 416.3 411.2 407.2 400.4 392.3 384.7 380.4 379.1 376.2 369.9 369.9 369.9 369.9 369.9 376.6 383.3 391.4 407.3 426.1 436.4 443.5 446.6 446.1 445.8 452 464.3 468.7 470.4 469.1 460.5 455.9 451.3 441 423.9 414.1 407.1 400.5 396.5 392.4 390.2 384.9 380.4 380.5 371.3 357.4 358.1 356.4 352 352.4 346.7 341.3
152.4 153.5 155.2 158.4 162.6 166.8 170.1 172 172.6 174.1 178.2 188.2 209.9 251.6 289.8 332.2 355.3 366.4 372.8 378.8 384.9 411.5 418.8 418.3 418.3 415.4 424.4 429.5 421.5 414.4 410.2 403.3 395.8 388 382.4 380 377 369.9 369.9 369.9 369.9 369.9 369.9 376.5 383 392.1 411.3 434.6 439.8 442.4 445.3 445.5 446.5 456.1 469.1 473.9 470.6 462.5 457 450.4 446.5 437.7 423.4 415.4 405.8 398.6 395.6 395.8 399.4 391.6 389.8 385 379.3 367.9 364.9 359.6 359.8 354.4 351.6 349.1
150.9 151.7 152.8 154.5 158 162.2 166.9 169.5 171.1 172.6 176.4 184.9 202.2 236.3 279.7 319.9 341.3 357.8 374.1 376.6 381.8 412.5 413.2 410.2 411.1 413.8 428.4 426.5 417.9 415.1 407.3 399.4 392.4 384.7 381.1 379.2 377 369.9 369.9 369.9 369.9 369.9 369.9 379.3 390.1 404.3 426.1 435.9 437.9 441.9 444.9 445.7 447.5 455.3 465.4 468.2 461.2 452.9 447.6 445.8 438.3 429.4 424.5 414.8 403.4 398.1 398.7 403.8 395.8 393.1 391.2 390.5 391 383.6 371.8 366.2 360.7 358.2 359.9 356
149.9 150.4 151.3 152.3 154.1 157.8 162.1 165.1 168.1 171 175.2 182.4 195.3 221.3 269.9 305.2 324.2 366.5 375.7 379.8 397.5 401.3 397.2 398.7 398.7 412 421.1 418.1 414.9 410.9 402.8 396.3 388.8 382.6 380 378.5 377.2 374.5 369.9 369.9 369.9 369.9 376 384.4 396.6 416.1 433.6 435 441 437.4 439.4 442 445.6 452.5 461.6 462.8 452.1 443.8 438.9 434.2 428.6 424.7 422.2 410.1 402.8 398.7 399.2 397.3 394.6 394.2 396.7 395.9 400.2 391.1 377.6 370.3 367.6 368.5 368.6 367.5
149.6 149.5 150 151.1 152.7 154.7 157.6 161.1 164.7 169.8 176.9 186 197.2 215 252.1 281.8 302.5 340.2 367.2 377 384.3 384.1 381.3 380.5 392 411.8 413 412.2 412.8 406.4 399.7 392.7 385.2 380.2 377.6 377.5 376.5 371.1 369.9 369.9 369.9 376.9 384.2 396.4 407.5 423.5 428.9 431.2 432.9 434.9 441.6 443.7 443.5 447.4 454.6 454.1 447.5 438.7 431.9 425 419.3 416.6 416 406.5 405.4 401.7 395.9 392.9 396.2 399.7 404.7 403.2 403.8 394.9 382.9 377.6 381.8 383.9 383.3 378.1
149.4 149.2 149.3 150.2 151.8 153.5 155.3 157.7 162 167.4 175.6 187.7 200 215.2 233.9 257 283.9 333.6 360.1 370.6 372.2 372.6 369.8 377 395.2 405.1 409.7 411.6 410.3 404.7 395.8 389.1 383 379.2 376.7 376.3 375 374.1 375.6 375.9 378.5 384.7 395.7 405.1 426.9 428.7 429.8 431.7 432.6 435.4 438.2 437.5 437.6 445.3 446.5 441 439.6 433.9 427.4 417.8 412.2 405.4 402.2 402.3 402.9 400.1 391.4 391 394.9 402.4 412.4 410.3 402.8 390.5 386 385.9 385.4 388.1 383.6 377.4
149.3 148.4 148.5 149.5 150.9 152.5 154.5 156.6 159.6 164 172.3 186.3 200.9 216.6 234.3 253.9 278.6 320.2 353.7 364.8 364.9 363.9 364.7 374.7 386.7 401.4 405.9 410.6 406.9 399.3 392.4 386.4 380.7 377.8 376.7 374.9 373.8 375.5 376.1 377.8 381.1 391.5 401.6 425.2 436.3 433.3 434.1 439.7 436.1 433.5 435.7 436.5 434.7 438.8 440.5 434.6 430.8 428.3 423.5 413.2 403.6 399.1 398 397.6 396.5 393.3 391 391 395.5 405.7 413.4 408.9 400 388.7 386.1 384.8 386.6 387.2 384.3 376.6
149.1 148.1 147.9 148.6 150 151.5 153.5 155.6 158 161 168.9 182.1 199.1 216.5 234.8 254.7 277 322.1 354.1 357.9 359.7 359.2 361.2 372.7 380.4 392.6 403.9 408.8 401.8 393.8 389.2 381.8 377.1 375.2 373.3 371.5 371.4 374.2 375.9 380.8 387.7 397.2 411.8 428.3 431 430.1 433 438.6 433.3 430.1 433 433 431.5 434.5 434 427.8 423.1 415.5 412.9 404.9 398.6 396.6 394.6 394.1 392.5 391 391 391 397.8 411.7 410.8 403.3 394.3 387.8 385.5 385.6 386.6 386.6 379.4 373.3
148.3 147.4 147.1 147.7 148.7 150.4 153.1 155.6 157.6 159.9 165.8 176.1 193.9 213.3 234.4 255.8 282.4 318.1 343.4 347.3 351.4 351.1 355.5 366 371.5 383.2 397.2 401.4 395.4 390.3 384.6 376.7 373.7 372.1 370.4 369 367.4 369.3 371.3 376.3 386 402.6 425 428.2 425.8 426.7 428.6 432.5 428 426.2 427.6 425.7 424.9 428.8 425.3 419.3 414 409.9 407 399.6 393.7 392.3 391.3 391.8 391.2 392.9 392.3 398.2 406.5 411.9 404.8 401 390.6 386.2 385.3 384.8 389.3 386.9 377.5 374.2
144.7 146.4 146.2 146.9 147.7 149.4 152.3 154.9 157.3 159.6 165.2 173.8 187.5 206.6 228 253.3 291.1 324.8 337.6 338.7 340.7 343.4 350.9 362.8 364.7 377.8 390.4 393.4 388.8 385.5 378.5 373.5 371.4 370.9 369.6 368.5 366.7 364.6 366 369 378.7 394.8 409.2 416.7 424 431.6 425.5 423.8 421.7 419 419.5 415.8 416.9 418.4 417.2 411.3 407.9 406 400.5 396.3 392.7 390.3 388.7 389.4 392.3 396.7 400.5 405.2 412.3 412.2 406.8 398.6 391 385 383.3 383.9 387.3 382.3 378.3 376
139.1 143.5 144.3 145.6 147 148.6 150.5 153 155.5 159.1 165 173.3 183.9 199.2 219.3 245.6 290.9 307.9 319.1 328.3 334.5 336.4 341.4 353.2 360.2 370.9 383.5 385.1 383 379.1 372.3 370.5 370.4 369.7 369.8 366.4 363.7 361.5 361.1 362.3 368.3 379.7 392.1 402.2 415.6 418 416.8 417.3 414.6 410.6 409.2 408.6 409.1 408.5 408.6 405.1 402.1 399.6 398.1 394.5 391.1 389.4 388 388.4 391.9 401.5 406.9 408.9 414.9 411.4 401.3 394 388.9 383.3 380.9 380 382.6 382.8 377.7 377.7
131.2 139 141.8 144.7 146.2 147.6 149 150.5 153.7 157.9 164.6 172 183.1 194.6 210.5 234.3 265 283.6 297.6 311.1 325.7 326.2 331.6 338.3 349.6 365.4 379.9 379 375.6 369.8 364.6 366 367.9 368.5 369.8 362.7 359.5 357.5 358 362.2 367.5 375.2 387.1 400.5 407 408.1 407.9 406.8 406.2 404.4 400.9 399.7 398.9 399.3 401.4 396.9 391.7 391.9 391.6 389.2 388.6 387.9 387.3 389.1 392.5 400.1 404.6 406.3 406.4 402.1 393.9 389.2 384.5 379.3 377.6 376.2 376.9 379 375.5 372.3
124.1 130.9 135.9 140.6 144.3 146 147.4 148.4 151 156.2 162.6 169.6 180.9 192.1 206.2 219.8 237.7 257 277.8 305.4 314.7 316.7 319.1 325.7 335.8 351.4 371.3 373.2 369.2 362.7 360.8 361.4 359.3 359.6 362.8 355.5 353.7 351.9 354.6 359.8 365.9 376.4 387.4 397.1 401.4 399.9 397.5 397.6 397.6 395.8 394 393 393.8 395 394.4 387.4 385.5 385.7 384.5 383.2 383.7 384.1 387.5 391.6 396.1 399.7 400.3 402.2 399.6 394.2 388.8 385.6 382.5 376.2 373.7 373.8 374 369.9 368.5 364.7
118.9 122.7 122.3 131.9 138.1 143 145.5 147.2 149.3 152.9 159.3 165.7 177.4 190.2 202.4 210.2 226.4 243.6 269.1 287.1 303.2 304.4 306 308.1 319.1 337.6 358.6 365.9 360.6 354.7 355.8 356.6 355 355 353.4 349.1 347.8 346.9 350.4 355.3 362.7 371.9 382.4 389.9 396.1 393.2 390.8 390.6 390.8 389.8 388.4 386 388 388.6 382.8 379.2 379.7 379.6 378.1 376 376.8 381.1 388.7 389.3 388.7 391.2 393.1 395.5 394.5 392 386.3 381.1 376.9 371.1 367.9 369.1 367.3 363.6 363.2 360.7
113.7 115.2 117.9 123.8 129.4 135.2 141.1 145.1 148.2 150.3 154.9 161.3 171.7 184 193.7 200.6 213.9 229.1 259.8 274.7 284.7 293.4 294.5 296.6 305.3 319.1 345.3 355.7 347.5 348 351.3 349.6 348 347.4 345.7 343.8 343.5 342.1 344.3 351.4 360.9 372.7 376.4 380.9 385.5 388.7 386.7 386.3 387.9 388 386 382.2 381 377.1 372.5 372 371.1 368.6 366.6 368.9 368.2 375.3 384.6 384.4 385 381.3 384.4 387.8 389.2 389.5 382 377.2 372.7 368 363.5 362.6 360.8 359.7 359.1 358.7
108.8 108.9 111.9 117 121.5 126.7 132.5 138.5 144.4 148.1 151.6 156.5 166.9 176.6 184.4 193.3 204.8 216.2 238.4 265.2 277.5 285.6 285.6 288.5 294 304.3 312.1 331.1 333.1 346.9 346.7 343 338.9 336.8 338.6 339.3 339.4 337.2 343.1 349.6 359.6 366.9 368.9 370.8 377.2 382 380.9 379.8 383.2 384 380.2 373.3 372.8 370.6 371.8 373.1 368.7 368.1 365.5 363.2 364.7 371.1 375.7 377.9 374 372.9 373.5 376.1 378.8 379.9 375.6 371.7 367.6 362.3 360 358.5 358.3 358.1 357.8 356.1
104.1 102.2 108.9 112.1 114.3 118.3 124.2 130.2 136.3 142.7 147.8 151.8 158.7 168 173.4 186.5 194.8 205.8 222.3 254.1 266.5 273.7 278.1 280.7 285.4 287.4 294.6 308.3 326.4 340.8 341.2 335.5 332.9 332.2 333.1 334.1 333.9 334.9 343 349.7 357.9 362.4 360.5 362.8 368.1 370.8 371.1 372.3 373.1 371.8 368.2 366.5 365.9 366 367.9 367.4 365.4 366.8 363 357.5 362 368.7 374.3 372.1 366.8 366.4 368.3 369.1 367.2 368.6 365.5 363.1 360.1 357.6 356.5 355.7 356.5 357.6 357.5 354.8
99.4 100.9 105.4 107.5 108.3 111.1 116.3 121.5 127.7 135.3 141.2 147.5 151.6 158.1 164.7 176.8 186.4 197.6 214.5 239.8 252.4 263.4 272.6 271.4 276.4 276.1 286.9 300 312.4 330.5 331 330.7 330.6 328.5 329.4 328.5 325.4 335.5 343.2 349.5 352.3 351.7 351.2 359.4 363.1 362.7 364.1 363.8 362.9 362.5 361.3 360.1 359.6 360.1 362.1 362.1 363.4 366.5 362.7 356.1 357.9 363 366.3 363.8 360.2 361.4 363.5 364 363.9 362.3 359.9 357.7 355.3 353.8 352.9 353.5 354.8 356 355.4 354.5
92.4 95.4 99.2 100.7 103.3 105.5 109.1 113.3 118.1 125.5 135 140.9 144.6 150.1 155.2 165.4 177.3 188.1 202.7 223.8 239 244.7 258.6 258.6 261.5 267.1 278.4 283.3 294.3 313.2 319.7 323.4 322.8 325.1 325.2 322.6 327.5 331.9 339.3 346.6 346.8 340.3 349.2 354.3 358.4 359.6 358.1 359.1 362.4 361.3 356.7 357.3 357.3 357.2 357.2 358.6 359.4 362.3 360.9 352.9 355.1 356.8 356.8 354.6 355.2 359.8 362.4 362.6 362 360.6 358.7 354.3 349.6 349 349.6 351.7 353.1 353.4 354.3 354.3
86.9 88.5 93.1 97 96.4 98.8 101.5 103.8 108.3 113.4 121.7 131.9 138.6 144.3 147.5 154.5 164.7 178.4 191.9 208.6 221 224.6 230.8 240.6 250.2 256.8 262.4 270.4 285 306.1 313.1 314.3 314.9 316.1 315.8 314.7 319.9 324.1 333.1 336.2 332.3 335.7 346.9 351.3 352.4 354.8 355.1 360.2 361.3 359.5 354.4 354 356.2 356 354.9 355.4 356.7 358 353.5 349 351.8 354.9 350.7 348 354.7 358.7 359.8 358.7 357.6 358.9 356.7 346.8 342.7 343.2 345.2 348.4 350.3 351.7 353.2 354.4
79.9 82.8 87.2 91.3 89.9 90 93.8 95.3 96.8 104 110.4 125.7 136.6 141.5 142.5 145.3 154.6 170.3 179.1 190.8 202.3 204.7 215.4 227.7 241.9 244.9 251.4 262.7 278.1 301.6 309.6 307.9 306.7 305.3 310.4 317.9 326.9 328 328.5 332 331.5 333.3 338.3 342.4 346.5 351.4 353.4 351.6 351.1 352.4 352 352.7 353.5 354.1 353 351.2 351.5 354.1 350.5 347.3 347.6 347.2 342.9 343 351.1 353.1 354 354 353 351.4 345.6 338.5 337.7 338.8 342 346.5 348.1 350.1 352.6 354.1
77 78.5 81.4 84.2 83.3 82.5 84 88.1 91.6 97.4 103.8 115.9 131.2 135.2 137.7 138.4 145.6 156.7 166.1 174.6 184.3 195.6 202.3 215.4 225.5 229.7 238.6 250.8 270.1 292.2 306.6 301 291.5 296.8 312.7 323.6 327.2 328.9 333.7 339.5 336.5 334.2 335.2 338.8 340.8 341.8 344.3 348.3 348.7 350.5 351.3 354.1 350.9 348.2 347 347.4 348.9 348.5 345.2 343 344 341.3 340.4 340.3 344.5 347.6 348.5 349.4 346 344.7 342.6 337.2 334.9 335.7 337 343.4 346.2 348.8 352 354.3
74.3 74.5 75.6 76.1 76.6 75.1 81 84.3 85.2 87.7 98.7 109.2 118.4 122.6 127.7 134.6 135.1 143.3 152 161.3 172.1 181.8 192.3 199.2 208 214.6 227.8 245.3 260.9 279.4 292 270.6 295.6 304.2 312.7 320.1 325.3 327.5 332.8 336.4 334.7 333.1 334.6 337.7 339.9 336.8 333.9 334.8 342.1 345.5 352.4 353.7 349.4 344.2 341.8 344.6 345.1 343.6 340.9 338.9 337.6 336.5 338.2 338.7 343 346.6 347.8 343.4 343.6 341.7 335.5 332.2 332.1 333.2 333.5 338.4 344.8 348.4 353.1 356.3
67.5 73.8 70.1 70.5 70.2 69.5 70.4 75.6 78.5 83.2 95.5 104.4 108 110.2 116.7 124.4 129.5 131.5 139.4 151 161.4 172.9 182.1 188.5 193.9 208.2 220.8 236.5 249.7 258.6 250.3 279.4 295.6 302.3 307.7 313.1 319.5 321.1 329.7 335.3 332.8 330.9 335.1 339.3 338.9 332.9 328 325.7 327.4 335 345.3 348 346.7 341.3 337.7 338.3 339.9 337.9 337.1 338.8 336.1 334.2 335.3 339.5 341.4 342.9 342.3 338.2 337 337.2 331.3 330.3 330.6 331.6 332.6 338.9 347 353.8 356.8 361.9
58.2 62 63.6 63.4 67.8 63.9 66.1 70.1 73.1 75.8 82 90.3 96.9 102.6 109.3 115.1 120.4 123.4 128.5 140 152.8 161.6 172.1 174.8 188.2 200.7 211 223.3 232.9 243.2 269.9 285.1 295.4 300.3 304.4 309 314.1 316.4 320.4 327.3 326.9 328.7 332.9 334.7 334.2 325.9 321.8 319.2 319.8 327.2 332.1 332.8 337.4 336.2 332.5 331.2 331.2 333 334.8 336 335.1 332.4 333.8 339 344.3 343.7 339.7 334.3 333.8 335.4 330.6 330.8 339.7 336.3 340.6 348.7 355.5 360.9 365.7 371.2
51.4 54.2 54.1 55.3 57.2 58.3 61.2 63.1 65.5 68.8 69 76.7 86.4 91.5 98.5 103 109.1 113.7 116.7 127.9 142.8 150.5 156.9 166.7 179.5 190.9 200.4 199.2 235.6 256.7 281.6 298.1 297.3 299.8 302.5 305.6 310.4 315.1 320.4 325.9 323.8 323.1 326.2 325.7 325.5 321.5 318.3 316.8 315.3 319.8 323 324.2 324.4 325 327.3 326.9 329 331.7 332.4 333.6 333.7 331.7 334.9 335.3 338.8 340.1 335.5 332.3 331 329.9 329.7 334 340.6 340.9 349.7 356.8 363.2 371.6 376.1 378.3
42.4 44.5 44.4 45.9 49.1 53 54.5 55.2 57.4 61 62.4 66.5 73.3 79.9 85.8 93 100.8 101.9 106 119.6 134.3 139.1 149.5 159.7 167.5 172.7 191.8 211.2 231.1 248.9 292.6 293.4 293.7 295.6 298.1 300.6 304.1 307.6 312.9 317.6 317.4 318.2 321 320.2 318.5 315.7 316.5 315.5 312.5 311 314.9 319.8 320.7 320.4 321.3 322.7 325.7 328.6 329.5 330.1 329.8 330.1 332.5 331.2 331.7 334.8 329.6 328.9 328.7 329.2 330.4 333.8 341.5 351.9 359.9 361.9 361.7 362.1 365.4 366
35.6 37.5 38.3 39 39.4 43.1 47 48.6 49 51.5 53.1 57.9 62.8 67.7 74.7 82.7 89.9 89.6 99 108.7 115.2 124.5 130 151.2 165.1 176.1 186.6 200.6 216.6 244.8 281.5 288.5 286.2 288.6 291.4 294.5 297.7 301.4 304.2 308.3 311.9 312.5 314.3 312.4 310.1 309 308.5 306.7 310.8 318.4 319.5 319.3 318.7 318.5 319.6 320 320.3 321.2 323.9 325.8 324.7 329.6 328.6 329 328.7 329.3 327.2 328.7 331 332.6 336.3 340.6 346.2 354 358.2 359.5 360.2 360.8 362.9 365
29.3 33.9 34.1 32.2 32.4 35 38.8 42.1 42.9 45.2 48.4 51.1 55.7 59 64.5 68.6 73.2 81.7 91.1 93.9 101.9 114.3 135.1 146.8 157 173.2 182.4 197 208.2 233.3 270.2 274.4 277.9 280.1 283 287 290.5 295.6 298.7 305 307.4 307.2 306.4 307.2 304.1 301.5 298.7 292.5 307.1 316.1 320.9 322.4 322.4 321.4 319.8 320.1 320.7 320.9 322 322.7 326.2 325.4 327.2 327.5 327.6 328.3 328.8 330 334.7 340.1 340.6 343.7 349.4 355.1 357.7 358.1 359.3 359.9 364.2 366.3
22.5 26.8 27.7 26 27.3 29.1 31.2 33.7 36.9 39.8 41.6 44.6 48.3 51.8 57.2 59.8 65.4 73.4 78.3 84.3 93.8 105.8 120.6 134.6 147.8 162.1 177.5 197.6 201.4 224.8 255.1 268 269.8 270 274.9 279.8 283.5 287.5 291.8 299.2 303.3 299.7 300.4 299.4 296.2 291.3 280.5 297.6 309 314.7 318.4 321.1 322.8 324.7 324.2 323 322.2 322.7 328.3 330.9 333.6 335.2 335 334.2 334.7 333.3 334.7 333.6 337.2 339.3 340.8 348.1 350.7 354.7 358.9 357.1 357 358 360.8 364.1
17.3 19.3 21.1 22.1 23.2 24.8 26.7 28.6 29.5 32 34.1 36.5 40 44.5 48.1 52.7 59.1 64.6 67.8 77.8 88 98.4 112.2 125.8 141 155.8 171.8 192.7 193.6 212.5 238.3 259.5 262.6 261.8 263.2 274.2 282.1 286.4 285.7 289.2 292.3 291.7 291.9 291.2 284.6 280.2 285.1 300.2 303.2 306.2 309.5 312.7 317.3 324 327.7 330.5 335.3 338.9 340.8 340.7 339.9 340.8 344.1 344.6 344.6 342.2 340.1 338 337.9 339.5 340.3 347.2 349.9 349.8 351.3 352.4 353.5 355.5 357.2 359
9.7 11.3 13.3 20 22 23.8 24.9 25.1 24.9 26.5 28.8 31.4 34.5 37.8 40.9 45.9 52.3 57.2 63.6 72.3 81.9 91.2 104.6 118.2 135.3 150.7 166 181.7 189.1 200.5 223 252 254.9 256.2 255.2 270.6 282.2 279.9 277.3 280.9 280.4 281.4 282.5 282 275.3 260.8 282.3 288.2 295.4 305.4 311.3 319.1 326.7 331.9 336.8 340.9 341.5 343.5 344.1 345 346.5 346.8 348.6 351.1 348.5 347.1 345.1 342.2 341.2 340.9 341.5 343.4 346.4 343.9 343.9 349.4 351.2 352.9 355.1 356.4
