Assets/StreamingAssets/GeoData/Data/nh/NH20.asc
ncols 200
nrows 200
xllcorner 220000
yllcorner 800000
cellsize 50
[rows 70 to 104 of 200, columns 0 to 77 of 200]
405.2 412.9 419.4 424 428.5 432.1 431 433.3 436.7 428.4 426.9 423.7 413.8 408.8 401.7 397.3 396.6 396.9 395.5 394.3 399.6 402.3 407.6 412.5 419.3 427 435.2 443 450.7 459.5 466.5 476.5 483.1 492 501.9 503 514.8 523.9 531.2 537.4 545.3 554.2 563.7 572.1 581.9 591.4 599.3 603.1 607.8 618.5 622.5 629.9 635.1 634.4 634.1 628.1 630 630.2 623.2 616.2 615.7 607.6 602 596.6 591.7 588.4 585.9 583.9 576.7 573.1 575.5 568.6 565.5 562.8 558 565.9 563.7 561.4
406.3 410.5 416 423.4 431.5 433.8 431.1 432.3 430.3 430.4 432.1 429.2 422.3 419.1 414.5 406.5 401.7 401.7 401.2 397.9 400.7 403.6 410 414.6 421.3 428.8 436 443.3 450.7 457.1 461.8 471.6 480 490.8 504.1 511 511.6 521.3 528.3 534.6 542.3 550.6 560.8 569.8 576.8 587.1 594.6 599.3 602.7 613.3 616.8 619.3 624 628.8 631.9 624.2 623.2 619.8 615.7 613.3 610.6 602.8 595.9 588.3 584.6 577.6 577.4 574.5 570.1 567 562.6 558.5 556.7 553.9 551.1 553.5 553.7 552.4
405.1 411.8 418 425.7 427.8 425.4 427.1 428.9 430.2 431.3 430.7 427.7 424.1 424.2 422.1 416.3 409.4 404.6 403.5 405.4 403.4 403.8 408.4 414.7 421.4 426.8 434.4 442.1 448.9 453.8 460 470.1 479.6 488.2 499.7 508.3 514.7 519.7 526.1 533.4 540 547.9 556.9 566 574.3 583.7 592.7 597.1 599.9 609.1 611.6 613.7 615.7 622.6 620.3 620 613.6 612.5 611.7 607.1 604.1 592.8 586.7 579.9 577.8 575.1 570.2 566.6 563.7 561.9 553.8 551 550 547.8 544.3 546.9 547.1 546.3
407 415 419.4 422.3 421 419.9 424.8 428 430.1 430.4 431.9 429.8 427.5 424.9 422.9 418.9 415.3 411.5 411.8 409.7 406 409.2 412.2 415.7 420.1 426.8 431.7 438.3 447 451.5 459 468.9 477 488 497.1 503.1 510.3 517.6 527.5 530.3 538.6 546.8 557.3 565.9 571.3 579.3 589.1 593.1 596.3 602 607.6 608.9 613.6 617.9 617.7 615.2 607.7 605.8 604 599.7 595 584.1 579.4 575.3 569.8 567 562 564.3 558.6 553.2 547 542.6 540.6 539.8 536.5 536 537.5 535.3
409.3 412.8 417.1 418.8 420.5 425.2 425.7 427.4 429.4 430.8 431.1 428.8 426.4 423.8 423.8 420.6 416.7 415 417.2 416.7 411.6 410 415.7 419.9 421.5 426.8 433.1 436.4 445.8 450.2 458.8 466.3 475.6 484 491.3 498.2 505 512.2 520.9 527.1 536.4 545.3 551.7 563.2 568.3 573.6 580.6 588 593.3 605.7 608 610 610.8 615.2 617.9 617.9 605.2 603.8 595.7 591.9 589.7 583.6 577.6 575.9 567.7 561.9 554.5 556.5 555.2 547.2 539 536.6 531.8 529.8 527.3 527 525.8 526.2
408.1 411.8 413.5 414.1 419.2 419.6 423.6 426.3 430.4 431 430.8 428.3 426.7 423.4 420.5 419.2 417.5 419.3 422.9 425.8 423.6 417.3 411.8 416.7 420.7 428 431.8 436.1 442.9 447.6 453.7 466.2 470.2 473.3 479.7 493.2 501.5 509 518 525.7 535 540.7 551.5 559.3 566 573.5 578.6 586.3 592.3 591.6 607.1 610.5 611.3 614.2 616.3 617.2 608.4 598.9 592.2 585.9 587.4 578.8 575 572.2 567.1 557.5 552.4 547.8 546.8 539.2 533 527.6 523.9 522.3 519.1 517.7 515.9 515.7
409.4 411.4 413 414.3 415.8 419 417.8 427.3 428.4 429.1 427.4 426.2 424.6 422.1 421.2 422.3 423.2 425.7 429.1 430.3 430.6 430.4 421.9 423.2 425.3 427.7 430.6 432.6 438.9 446 448.9 452.8 468.5 478.8 486.5 493.9 502.4 510.5 519.5 526.5 533.6 542.6 550 557.3 566.6 572 575.3 583.7 588.8 590.6 604.5 612.4 611.4 611.8 612.8 613 609.5 605.1 591.5 573.9 573.7 572.6 571.6 565.9 566 554 549 545 541.2 536.5 530 524.9 521.5 518.4 514.2 508.6 506.4 506.6
409.2 412.9 414 414.8 416.6 420.5 417.2 421.7 425.2 429.1 427.5 426.7 425.3 424.7 426.3 425.8 427.9 432.3 436.2 434.6 436.8 439.7 435.2 426.2 428.4 430.1 431.4 436 441.2 447.9 454.9 463 471.3 477.7 486.3 495.3 504.3 511.4 519.2 525.4 532.3 540.9 548.6 552.4 561.1 570.1 574.4 582.5 588.7 598.1 605.8 608.3 609 609.6 612.5 610.6 607.7 605.4 597.7 583.4 568.6 563.9 564.9 560.5 558.4 554.3 548.6 544.8 537.4 532.9 526.1 521.2 515 511.3 506.7 503.9 500.7 501.2
407.7 410.7 412.7 415 417.3 417.2 417.2 417.2 422.6 428.7 430.3 430.1 430.9 427.9 428.9 430.4 431.9 436.3 443 442.1 446.5 449.2 443.7 436.4 429.8 432.5 434.3 436.8 442.4 448.8 457.4 465.7 472.5 480.8 489.7 497.8 505.9 513.6 523.3 530.2 535.1 542.1 548.1 550.5 557.7 567.7 576.6 583.2 594.9 603.2 606.7 610.3 612.3 612.1 611.6 611.9 605.8 602.4 600.3 585.2 572.9 560.7 556.3 555.4 556.4 554.7 547.9 542.5 539 534.4 527.2 519.4 512 505.5 502.9 496.8 492.9 493.7
407.5 412.1 414.9 417 418.2 417.2 417.2 417 423 429.2 436 435.6 432.7 428.9 430.5 434.3 437.3 442.6 449.7 455.7 456.8 456.3 450.1 439.7 436.5 435.8 436.8 439.8 443.1 450.6 458.2 464.9 472.7 482.3 491.3 501.3 507.2 515.7 525.7 531.6 537.2 544.6 549.1 554.1 559.1 570.1 573.8 587 599.8 604.3 608.5 612.1 613.3 611.9 612.8 615.1 608 602 593.1 586.1 578.3 568 556.3 549.1 550.4 550.8 543.3 542.2 539.4 532.3 525.2 518.2 511 502.7 494.2 488.4 485.8 484.5
412.8 418.2 420.8 421.8 422.8 422.9 421.7 422.8 427 430.9 436.1 438.4 436.3 433 436.7 441.8 450.8 457.6 463.3 464 462.8 458.3 452 444 439.9 438.3 441.6 445.4 446.5 453.4 460.7 469.4 479.3 488 496.2 504.5 511.9 518.9 526 533.1 540 546.4 552.8 559.1 566.8 568.7 576.3 594.5 610.2 612.9 609.3 607.9 604.3 603.9 607.7 615.7 609.4 604.1 600.7 595.7 583 571.4 559.5 549.7 543.3 543.6 543.1 539.8 534.9 527.7 521 513.8 505.9 497.2 487.8 481.2 477.2 476.4
416.9 424.1 426.4 426.2 427.2 429.3 430.3 430.4 433.2 434.5 437.9 441.9 442.2 443.7 447.3 455.8 462.1 469.3 471.5 472.1 467.4 461 453.3 448.9 446.2 442.8 444.2 450.4 455.6 458.5 465.7 475.6 484.7 493.2 501.4 511.8 518.3 523.1 529.5 531.7 539.2 549.9 558 565.7 579.2 587.8 592.4 599.8 606 611.8 608.1 605.9 604.1 601.5 600.8 610.6 604.6 602.1 597.2 593.3 582.5 572.7 561.3 553.9 546.6 544.6 538.3 531.7 528.4 520.7 513.1 506.8 496.8 490.4 482.8 474.2 469.7 467.9
418.5 426.8 430.4 430.1 432.1 435.7 438.5 437.1 437.2 439.1 444.4 448.6 451.7 453.7 460.8 469.4 472.7 477.3 479.6 475.8 471.4 467 460.2 458 456.6 456 456.7 459.9 464.5 467.5 471.4 482.3 490.2 501.4 508.6 516.5 523.1 527.7 529.5 536 544.2 558.9 564.5 569 582.1 593.3 598.2 603.6 604.8 604.6 600.3 602.3 600.7 601.5 595.6 597.6 600.9 593.9 587.7 583.3 575.7 571.8 562 554.8 546.3 545.5 541.6 534 523.5 516.5 506.4 495.5 491.1 485.7 477.4 471.2 464.3 463.1
414.4 425.3 430.8 433.1 436.4 438.5 442.9 443.4 442.3 447 454 458 461.6 466.6 473 483.1 490.2 486.8 478.7 476 475.6 473.1 466.5 463.3 461.3 459.4 459.5 462.9 464.2 467.7 477.2 486.5 494.7 503.5 510.4 518.9 527.4 534.1 539.5 547.7 557.8 563.8 570.9 575.6 577.5 588.5 599.7 604.2 600 599.7 601.7 596.4 594.8 596.6 592.1 593.1 587.6 579.9 574.6 570.2 567.9 560.2 550.8 549.7 544.1 543.2 536.5 529.4 522.7 515.1 506.3 496.2 489.6 483 474.8 472.3 463.6 459.9
421.6 426.6 434.4 437.9 443 445 448.7 447.7 446.3 452.3 461.3 467.9 475.4 480.6 483.7 490.6 491.8 489.3 484.5 480.2 476.5 476.2 474.8 466.1 464.5 462.5 463.1 462.4 465.8 472.5 481.4 491.4 499 506.6 515 523.7 533.5 543 554.7 561.3 568.7 575.1 580.9 580.9 578.5 579 588.5 594.2 592.8 595.7 599.9 596.5 591.5 589.8 586.7 584.8 580.3 568.6 561.1 557.2 553.7 550.8 545.6 539.5 534.2 530.4 529.6 522.7 519.8 510.3 501.5 494.6 486.2 482 478.4 472 464 456.8
426.9 430.9 436.7 445.4 449 450.5 454.9 455.5 452 458 464 474.2 485.7 493.2 492.5 491.4 492.6 490.8 491.4 484.1 480.2 476.4 473.7 466.8 466.1 464.4 462.4 462.8 469.5 477.2 486.2 495.8 503.7 514.9 524.1 533.7 544.3 554.7 560.7 567.4 576.6 585 591.9 589.3 580.6 578.9 578.5 588.8 593.8 599.9 602.1 600.2 594.1 593.4 588.1 582.6 579.2 563.4 560 550.9 548.1 545.7 540.1 534.6 529.3 523.2 518.9 517.2 511.1 505.1 499.3 492.7 484.1 479.5 473.8 467.9 461 456.2
432.6 434.7 439.5 448.7 456.1 457.8 458.8 458.6 454.7 457.9 465.6 478.2 490.2 491.4 492.8 494.5 490.5 491.3 491.5 485.9 481.6 476.8 472.3 468.6 465 462.9 463.6 467.7 474.6 480.7 490.2 499.9 508.8 518.6 528 540.5 555.1 568 576.9 580.5 584.5 590.2 594.4 593.9 586.4 576.3 581.1 597.1 599.8 601.3 602.2 602.1 593.2 587.9 584.3 582.1 581.9 569.5 558.7 551.5 538.8 530.5 532.1 526.3 522.7 513.3 505.3 498.2 501.2 498.1 491.5 492.7 480.9 474.4 470.2 463.4 459 452.5
436.8 443.3 448.4 453.9 459.3 464.1 463.5 460.7 457.9 457.1 466.4 478.5 487.8 488.2 490.2 495.1 492.9 491.2 489.7 486.1 486.7 480.6 474.6 465.2 464.1 464 463.2 468 475.9 483.9 492.6 502.2 510.6 520.3 534 548.1 560.4 576.1 583.8 588.2 589.1 588.9 592.3 595.4 588.9 576.3 580.7 594.3 597.2 598.6 602.3 602 591.2 585.7 580.4 577.5 576.6 566.8 556 547 538.2 525.8 515.2 514.2 512.1 504.3 497.3 490.3 488.5 487.8 487.2 483.5 477.5 470 464.4 458 451.7 447.5
446.4 453.9 458.4 465.8 471.8 471.8 469 470.6 466.6 459.8 465.9 474.7 480.8 484.3 487.3 488.3 488.3 491.1 490.9 487.2 483.6 478.4 477.1 474.9 468.4 464.2 465.3 471.6 478.2 485.3 494.1 503.5 508.3 517.9 537.4 548.4 560.2 573 583.1 590.7 591.2 590.1 589.4 587.8 588.5 578.9 582.7 587.3 590.1 595.2 596.5 594.2 585.7 580.7 570.8 569.1 568.4 562.7 554.3 546 539 531.3 518.9 508.2 502.2 497.4 491.7 486.6 478.4 476.3 478 475.6 472.7 466.5 461.2 454.5 448.9 442.7
454.1 464.9 471.2 477.8 478.6 477.4 474.9 473 471.9 469 474.3 477.5 482 483.8 484.6 487 486.8 488.5 488.2 483.5 481.3 484 482.9 478.8 477.5 472.3 472.5 476.9 480.9 488.9 498.7 506.7 512.7 522.8 539 548.4 553.1 565.6 578.6 584.4 588.7 591.2 591.9 588.7 582.5 582.4 581.5 585.5 583.7 585.6 589.1 590.1 588.7 578.3 566.3 559.7 557 557.2 550.1 543.8 535.9 528.6 518.5 508.6 496.6 489.8 481.5 477.3 475.3 471.6 470.3 468.5 465.4 462.5 456.2 452.3 446.8 439.4
462.3 476.3 482.4 482 482.9 482.1 475.5 472.9 472.4 470.3 475.5 479.8 481.6 482.2 484.5 487.5 488 488.3 484.4 484.6 484 487.9 486.3 485 488.6 485.4 488.6 492.6 498.2 497.5 502.7 508 514.5 523.9 535.8 548.5 552.1 557.3 569 579.3 579.9 586 588.7 588.5 584.8 575 574.7 578.1 578.6 578 578.8 582.5 583.7 573.5 564.5 550.9 544.3 547.1 545.9 538.7 532.1 525.5 517.8 506.4 496.8 489.7 477 472.6 468.3 463.5 460.7 462.8 459.9 456.1 451.9 449.1 440.4 436.2
463.8 476.1 480.3 484 482.7 478.5 476.7 474.6 474.4 476.6 476.1 477.2 480 482.1 485.9 488.4 488.4 489 489.1 490.9 489.9 486.9 487.1 489.3 493.1 495.1 498.8 501.7 502.8 500.8 500 505.2 514.1 524.7 533.7 538.8 548.9 550.2 562.6 569.2 573.1 581.1 582.9 585.3 584.3 575.3 572 570 572.7 574.6 572.1 569.2 568.4 567 558.6 542.9 535.5 534.8 535.2 533.8 527.9 521.1 510.8 502 494.2 485.1 476.3 469.6 465.5 454.3 455 453.7 454.1 452.1 443.2 440.3 434.6 432.1
464.7 472.5 476.7 479.8 480.9 476.4 475.5 474.6 474.6 474.9 477.5 480.1 483.5 483.3 484.7 487 491.4 490.7 490.4 491.8 491.9 491.7 491.6 493.2 498.7 502.1 501.7 504.3 505.3 499.7 500.6 510 520.3 525.9 532.5 536 538.8 545.9 551.8 559.8 566.3 571.4 575.1 580.2 580.6 577.3 566.7 566.4 563.2 560.1 559.8 558 557.7 553.7 546.6 534.4 527.5 524.1 524 525.3 525.1 516.3 503.1 493 487.6 480.1 472.1 467.7 463.6 457.5 448.5 442 447.7 446.8 440.5 432.6 429.5 423.4
468.4 468.8 474.3 477.2 474.8 473.7 475.8 475.1 474.6 474.6 475.1 480.5 482.1 482.9 486.1 489.4 491 492.6 493.9 492.7 493.7 494.9 494 495 497.4 503.3 502 503.1 506.3 500 505.7 514.2 523.8 529.5 534.5 537.1 536 538.5 545.5 545.6 551.4 560.7 568.3 577.1 577.1 575 569.5 565.5 563.7 556 548.3 546.4 546.9 545.5 538.6 530.1 529.7 520.3 516.8 513.4 512.1 506.4 494.2 486.1 479 473.2 465.1 463.1 457.5 451.9 447.3 442.3 435.5 435.7 438.6 434.7 425.3 421.5
466.4 467.3 468.7 471.3 470.5 469 469 473.4 475.6 475.3 475.1 476.7 479.2 483.4 487.5 490.1 492.9 497.3 495.3 494.9 496.9 495.2 497.1 501.7 501.9 503.2 502 502.2 502.8 505.4 513 520.4 528.2 535.7 536.5 537.3 536.7 538.3 538.2 540.5 540.8 546 554.8 564.3 569.3 567.4 565.1 561.3 559.8 555 547 536.8 536.1 533.4 532 529.7 519.2 518.4 514 507.9 503.9 497.7 488.4 478.5 473.1 466.8 462.3 454.8 451.4 446.4 442.4 440.2 433.2 425 428 427.4 421.5 418
468.6 468.6 468.6 470.2 472.5 478.3 476.7 476.1 475.3 480.6 481 481 481.6 482.3 487.8 491 492.6 496.9 496.9 497.2 498.4 496.6 499.9 505.2 512.1 513.9 506 502.6 502.9 508.2 516.2 528.6 535.6 540.7 543.8 545.6 539.1 540.1 539.1 533.4 533.9 536.1 539.3 542.2 551.7 553.8 555 550.9 550.4 548.6 541.4 531.8 528.6 525.6 521.8 518.7 510.4 507.8 507.2 502 494.8 487.7 481 471.4 465 459.1 456.1 449.9 444.1 439.5 437.2 432.6 425.9 421.1 421.2 414.9 412 410.8
471.1 471.7 473.6 475.9 479 478.2 479.1 478.2 476.7 480.1 483.5 484.2 486.1 483.5 484 487.8 490 494.1 499.9 500 506.1 502.9 501.5 507.6 511.5 513.2 509.8 508.5 504.4 508.6 518.7 530.3 533.7 535.9 535.9 535.9 535.7 535.7 534.3 527.3 526.5 525.5 528.4 525.2 531.4 534.9 539.1 539.1 538.9 535.7 531.2 521.6 520.1 517.1 509.9 501.1 498.7 495.7 493.9 491.5 485.3 477.9 473.4 466.3 458.3 453.4 450.8 443.8 441.3 435 432.8 426 420.7 419 417.5 410.1 407.2 402.7
475.5 476.2 477.4 477.9 478.3 479.6 477.7 477.8 485.1 485.5 486.4 487 487.4 485.2 485.8 486.4 487.7 493.2 500.8 503.3 506.1 507.2 506.9 509.6 512.2 511.5 513.4 509.9 509.9 510.3 508.8 516.8 527.7 527.4 523.5 526.4 525.8 525.8 525 522 518.6 517.3 516 516.6 517 521 525.1 527.9 528.1 524.5 519.3 514.1 514.2 511.4 502.4 495.9 491.6 484.8 481.1 478.2 474.6 469.6 465.4 460.1 454.7 453.3 449.1 442.6 434.7 430.4 425.3 423.9 421.7 415.4 411.9 405.6 404 402
476.8 476.7 478.8 477.7 477.6 480 480.7 480.8 483.1 487.2 488.4 490.6 494 490.2 486.7 487.1 486.7 493.2 498 503.3 507.8 509 508.6 510.4 511.6 511.9 510.9 507.9 505.6 505 503.7 502.8 506.5 510.3 509.3 507.7 508.2 512.8 512.7 509.4 509.1 514.4 508 503.3 503.2 505.1 506 510.7 515.3 515 510.2 503.3 500.3 501.5 493.9 487.1 484.6 477.2 471.9 463.8 461.1 460.5 458.1 453.2 451.8 448.4 443.4 435.9 428.3 423.9 419.8 417.7 414.5 410.9 404.8 401.4 397.8 394.8
476.4 476.7 477.4 480.3 482.9 485.4 485.7 485.4 483.9 486.1 490.1 493.3 494.2 493.9 491.2 494.9 497.5 499.8 508.6 515.7 519 521.2 517 513.6 517 515.9 517 513.3 506.8 501.6 499.3 497.6 497.2 493.4 489.2 489.4 491.7 493 496.9 498.4 498.5 497 496.4 491.1 490.8 492.2 492.6 493.5 496.3 500.4 498 488.5 486 486.3 481.8 477.7 471.8 465.8 462.2 455.5 448.4 448.3 448.9 447.1 443.1 439 433.3 428.7 422.3 418.5 414.3 412.5 409.6 408.4 403.3 397.4 394.1 388.4
474.9 475.9 478.3 485.2 490.3 492 489.6 489.1 489.5 489.4 494.5 499.2 503.6 503.1 500.7 502.3 508.6 511.2 518 523.3 526.9 528.1 526.4 521.9 515.5 513.9 514.9 512 505 505.6 503.4 498.3 494.6 492.6 484.3 475.2 473.4 474.7 480.1 484.9 486.3 485.3 482.9 481.3 478.7 478.4 480.8 477.7 479.6 482 479.1 473.2 469 467.2 466.4 463 456.4 451.9 448.4 445.2 439.7 433.8 433.7 435.3 432 429.4 424.9 421.4 416.9 413 408.9 405.1 404.6 402.1 397 392.1 386 381.7
470.1 475.9 479.1 485.7 491.3 495.1 495.4 496.3 496.3 494.8 501.3 510.6 516.3 518.1 519.3 519.6 516.1 519.7 526 525.1 527.9 529.5 526.6 520.5 509 507.6 504 500.4 495.6 499 499.8 494 493.8 494 485.2 470.5 467.9 463.1 466.9 472.3 475.9 473.8 471.9 472.6 471.7 467.5 463.3 458.9 458.6 458.4 457.6 458.1 460.2 458.8 452.9 448.4 444.8 442.4 438.8 434.9 430 424.7 422 420.7 421.7 422.3 421 417 412.2 408.5 405.1 400.2 398.3 396.3 392.2 388 382.1 375.1
470.7 479.4 480.5 486.9 494.8 499.9 504.3 506.3 503.1 503.7 508.2 516.6 524.3 528 531.6 531.9 530.7 528.1 526.5 524.7 525 525.4 520.5 513 500.6 495.7 492.9 488 482.2 484.4 485.4 483.3 482.7 482.5 476.3 466.7 456.2 454.7 456.2 464.8 462.8 461 462.8 463.8 464.9 459.7 449.6 445.2 439.5 444.7 443.9 449.7 453.4 452.4 446.6 440.1 433.7 429.4 427.1 425.6 419.5 417 414.8 411.5 413.2 414.3 413.7 412.1 408.2 403.8 399.3 397.6 393.4 391 388.5 384.1 378.8 372
470.9 477.1 481.7 489.8 496.9 504.9 510.6 511.8 510.2 514.8 517.7 520.8 526.4 530.6 531.9 533.3 534.3 532.5 529.8 523.9 518 513.2 510 500.4 488.1 483.9 482 473.2 469.9 471.1 468.2 469 467.4 468.3 466.1 458.3 449.5 449.3 447.3 454.9 455.7 452.5 445.2 445.2 447.7 446.2 440.7 435.1 433.9 438.8 436 441.5 440.8 441.5 435.8 432.9 429.6 421.2 415.7 417.2 416.6 410 406.1 404.4 403.8 404.2 404.9 405.4 404.1 402.4 397.9 392.4 387.8 388.4 385.2 380.8 376.5 371.1
468.6 474.9 482.3 487.8 495.1 504.7 512.7 516.8 518.6 523 526.3 526.2 526.7 530.9 531.8 532.9 533.2 532.1 529.7 522.4 513.3 502.3 493.2 480.5 467.9 465 464.5 460.3 455.6 454 453.5 459.4 452 456.7 458.4 451.7 442.9 443.7 437.5 436.8 440.5 440.7 436.3 432.1 432.5 430.4 430 424.8 423.3 427.1 426.3 427 427.2 425.2 424.2 423.6 417.9 412.4 407.6 405.8 405.8 402.5 399.7 398.9 399.3 399.1 398.2 398.8 400 400.6 396.1 389.3 383.2 383.3 378.9 377.8 372.3 365.6
