Assets/StreamingAssets/GeoData/Data/nh/NH21.asc
ncols 200
nrows 200
xllcorner 220000
yllcorner 810000
cellsize 50
[rows 140 to 174 of 200, columns 78 to 155 of 200]
254.1 256.2 255.9 253 250.2 249.7 247 246.3 245.9 248.4 247.6 254 254.5 249.7 249.7 250.7 252.5 254 252.8 249 243.6 241.4 240.9 240.3 235.2 236.2 240.3 240.3 238.5 231.2 224.9 217.5 209.7 202.4 196.1 195.9 195.8 192.2 184.3 177.6 171.2 169.9 164.8 153.3 145.6 140.6 141.6 148.2 147 143 140.1 139.2 139.1 136.2 134 128.8 129.9 129.6 128.6 127.2 126 124.3 124.4 124.9 121.6 121.3 121.9 122.4 122.6 123.2 122 121.1 120.8 121.3 121.2 121 120.8 120.9
246.8 248.4 248.2 245.7 243.1 241.5 241 242 241.2 242.1 243.7 244.4 244.2 243.9 244.4 244.1 247.3 249.8 250.4 244.7 238.6 234.2 232.7 232.3 229.5 230 235.3 235.7 235.5 232 229.6 221.3 210.2 196.5 192.8 192.1 192.1 186.7 178.8 173.7 167.4 163.2 156.1 148.2 141 136.8 141.7 145.9 141.7 140.5 138.2 138.4 140.2 134.9 131 126.4 127.7 127.7 127 125.6 124.5 124.2 124 123.7 120.6 121 121.4 121.8 121.6 122.4 121.6 119.6 119.8 120.3 120.3 120.1 120.2 119.9
239.5 240.8 243.1 240.7 237.4 236.2 233.1 239.2 238.8 237.9 238.7 239.2 237.4 237 237.3 239 240.7 242.8 244.9 240.1 232.7 229.6 222.3 223.2 226.6 229.9 232.4 234.1 235.3 238.8 234.2 223.4 206.5 190.5 187.5 187.5 187.1 183 174 168.5 162.7 156.6 149.8 142.3 138.3 136.1 138.7 139.9 139.2 138.2 136.2 134.7 133.9 129.7 127.3 125.6 126 126 125.4 124.1 123.4 122.9 122.6 122.3 120 120.4 120.9 121.3 121.6 121.6 121.1 119.2 119.2 119.6 119.9 119.3 120 119.3
232.7 231 235.6 234.3 231.8 229.9 227.1 228.6 230.1 231.3 233.8 235.6 233.9 231.8 232.1 231.6 239.2 235.1 231 229 223.8 221.2 218.4 219.9 224 229.5 230.8 231.5 234.3 235.1 228.6 216.8 200.6 185.6 183.1 182.7 181 175.5 170.1 164.4 154.7 149.1 142.8 136.7 134.1 137.8 138.2 139.2 138.6 137.6 132.9 130.8 128.2 125 123.8 123.6 124.2 124.4 123.9 122.8 122.3 121.9 121.3 120.6 119.4 120 120.6 121.3 121 120.5 119.9 119.2 119.2 119.2 119.4 119.5 119.5 119
226.3 221.8 224.7 224.9 222.8 224.1 221.3 224 227.6 228.1 228.4 234.6 231.2 224.1 224.3 224 228.4 225.8 222.6 220.7 219 217.1 217.2 219.4 220.9 224.3 222.8 223.4 225.3 224.9 219.1 212.6 196.7 180.1 177.1 178 177 175.6 165.8 158.4 149.3 143.4 139.4 133.1 131.8 134.7 138.9 138.6 135.3 134 133.8 131.5 124.9 122.5 122.3 122.2 122.2 122.7 122.3 121.7 121.2 120.8 120.3 118.6 121 121.7 122.4 123 121 119.6 119.2 119.2 119.2 119.2 119.5 119.1 119 118.9
220.2 216.5 214.3 212.3 212 215.6 218.9 224.3 226.5 223.5 220.4 219.5 217.3 220 222.8 221.6 220.8 220.8 217.9 215.6 214.9 215.2 215.3 215.4 216.1 214.7 214.3 215.1 216.8 217.5 213 206 188.9 173.4 171.5 177.2 179.2 166 160.3 152.2 146.4 140.3 134.5 130.6 130.6 134.1 138.6 134.8 131.5 130.3 126.4 123.4 121.6 121.8 121.3 121.3 121.2 121.2 121 120.6 120.1 119.7 119.2 123.3 123.5 123.1 123.9 120.5 120.9 118.3 115.6 119.2 119.6 120.1 120.2 119.1 118.9 118
214.4 207.3 207.3 206.9 205.4 206.7 212.9 217.1 213.3 213.8 213.5 215.9 212.5 218.7 221.2 217.2 210.9 212.2 210.6 210.3 211.7 210.3 208.5 208.7 206.5 204.3 203.5 207.7 209 211.6 208.2 199.1 182.3 166.7 165.6 170.3 172.7 154 152 150.5 143.4 133.5 129.3 128 129.5 128.9 132.4 128.1 125.5 122.8 120.3 120.1 120.6 120.9 120.3 120.3 120.3 120.5 120.1 119.9 119.4 118.9 118.2 117.8 122.1 123.2 115.4 111.9 111.8 112.1 112.2 121.1 121.1 120.9 120 118.2 117.1 115.7
207.1 199.6 201 201.7 199.8 196.9 202.6 205 209.7 209.2 205.1 206.7 202.6 207.9 208.2 209.3 207.7 210.3 205.7 204.4 205.2 203.6 201.8 198.4 196.6 195 193.5 199.2 197 199.6 197.8 188 178.8 161.4 157.4 158.6 158.1 147.2 144.7 144.3 135.5 128.9 126.5 124.1 123.6 122.5 122.9 123 121.7 120.2 120.3 120.1 119.9 119.6 119.5 119.6 119.8 119.2 119 118.9 118.5 117.9 117.2 116.5 114.4 111.8 115.9 115.5 114.3 114.7 112 117.9 120.8 120.9 117.1 116.1 115.5 112.9
202 197.1 196.4 195.8 195 195.5 195 196.9 198.9 197.9 198.6 201.2 197.5 201 204.3 206.6 204.9 203.9 198.3 197.6 197.9 194.7 189.2 187.8 183.9 183.8 184.8 184 184 185.6 190 178 169.8 158.7 151.2 147 144.1 138.8 134.2 136.7 129.7 125.8 123.9 122.2 121.5 121 121 121.7 120 119.5 119.5 119.3 119.1 119.1 119.2 119.2 118.9 118.1 117.8 117.5 116.9 116.9 116.1 114.3 111.8 115.9 115.8 115.9 115.3 113.2 111.8 112.1 115.5 114.7 112.8 112.1 111.8 115.1
196.9 193.7 192.5 191.7 189.1 188.4 184.8 190.2 189.7 188.6 192.7 194 194.6 193 196.1 201.5 195.5 194.3 193.5 193.9 195.4 187 182.4 177.9 174.1 172.3 172.9 172.3 171.4 171 172.3 166.4 155.2 150.8 144.9 141.2 140.2 135.1 128.9 127 125.4 124.2 122.9 121.1 120.5 120.3 121.5 120.6 119.6 119.1 118.7 118.7 118.6 118.5 118.8 118.2 117.9 116.9 116.5 116.2 115.6 114 112 112.9 119.1 117.8 117.8 117.8 118.3 119.1 116.7 118.4 114.2 113 115.1 115.6 117.3 120
194.5 189.8 188.8 186.3 182.3 181.3 179.7 185.8 184.2 185.8 191 196.8 191.7 188.7 186.3 189 193 192.6 190.6 192.4 188 180.4 175 168.9 165.1 161.4 160.4 159.5 158.7 158 159 153.8 145.6 142.3 139.3 140.3 137.2 129.7 125.8 123.1 122.8 122 120.9 120.2 120.4 120.7 120.6 119.8 119.1 118.5 117.6 117.9 117.8 117.7 117.9 117.1 117 115.9 115.4 114.9 114.4 113.9 122.4 120.3 120.5 119.7 120.2 120.1 120.6 121.7 121.6 121.9 121.1 122 122 121.6 122.1 121.2
191 185.9 181.5 180.8 179.1 178.3 185.5 182.5 183.4 188.3 189.2 188.5 190.5 189.1 184.1 182.4 184.7 188.5 187.1 183.7 179.1 175 169.6 162.3 158.2 154.4 150.3 146.6 145.9 146.9 145.2 144.5 141.4 137.4 135 133.4 131.3 126.7 123 120.5 120.3 121.1 120.8 120.7 120.6 120.6 120.2 119.6 118.3 117.9 116.7 117.1 117.1 117.8 116.9 115.9 116.1 115.1 114.5 114.2 116.4 121.3 121.1 121.8 122.8 123.5 123 123.7 123.7 123.9 124.3 125 125.4 125.5 124.9 124.5 124.5 124.2
185.6 181.6 177.9 175.3 174.8 175.1 180.3 183.1 182.5 188.2 185.2 185.5 186.2 187.9 180.2 172.4 173 174.7 174.8 170.1 170.3 169.7 164.1 156.9 153.5 147 142.4 138.3 137.8 139.5 140.4 141.1 139 134.1 132.2 128.3 127.5 130.1 123.5 119.5 119.2 120.1 120.7 120.5 120 119.8 119.8 119.4 116.7 117.3 116.1 115.4 116.5 117.9 115.9 114.5 114.5 115.1 118 120.2 121.3 122.3 123.2 124.3 125 126 128.1 129.2 130.2 135.8 134.5 138.8 134.2 129.4 128.3 127.7 126.9 126.6
180 177.2 174.1 170.6 169.2 178.7 176 177.7 180.3 180.7 187.4 179.7 180.7 180.2 175.6 172.2 167.4 163 161.8 161 161.7 162 156.9 150.3 145.1 140.7 136.3 135.3 134.7 135 144.5 144.7 135.8 131.1 128.7 124.5 123.7 128.3 119.4 119.3 119.2 120.2 120.6 120 119.2 119 118.6 119.1 116.7 115.2 114.7 114.8 114.8 114.7 114.9 119.3 123 123.8 125.1 127.2 127.5 129.2 129.8 130.1 130 132.6 134.5 138.1 141.5 142.3 141.9 143.5 145.2 141.6 138.7 132.9 128.9 128.1
177 174.4 171.5 169.2 169.3 171 173.1 172.1 177.1 176.7 179.5 176.6 179.5 179.1 173.7 171.7 164.8 161 157.1 148 153.1 154.8 149.3 143.1 137.3 133.5 130.9 131.3 129.7 134.3 139.4 145.7 134.8 129.2 125.7 121.3 119 118.7 118.8 118 117.9 118.9 118.1 117.1 117.5 117.3 116.7 116.7 114.6 114.6 116.5 118.9 122 123 125.2 129.2 134.9 138 139.1 139.4 138.5 137.4 137.2 137.1 137.1 141.9 142.2 146.3 147.4 148.1 148.8 150.1 149.7 146.6 144.3 139.6 136.6 130.9
175.8 171.5 170.2 167.8 166.9 167.2 170.3 171.5 172.1 171.9 171.8 176.3 171.5 170.5 167.4 165.3 161.4 155.7 153.4 142.5 141.7 141.6 137.5 135.8 130.3 128.2 124.8 126 126 130.6 134.1 136.9 132.6 124.5 121.3 118.6 117.7 117 118.4 117.4 116.5 114.3 115 117 115.7 116.2 114.8 114.5 117.4 119.7 122 125.7 127.7 130.6 134.1 138 146.7 146.2 143.6 144 143.5 141.7 143.2 144.7 148.5 151.1 151.1 151.3 152.3 152.9 153.2 153.3 152.2 149.9 147 143.2 139.7 137.2
168.9 167.6 170.3 166 163.3 162.7 165 165.3 164.2 164.4 169.4 168 166.6 163.6 161.5 155.9 153.2 149.7 144.8 138.8 134.6 135.2 129.1 127 124.5 122.4 120.7 120.6 120.7 123.1 125.9 127.9 129.4 121.9 118.5 117.3 116.1 115.3 114.5 116.1 116.5 114.5 114.7 114.5 114.6 114.6 115.4 119.6 123.1 125.8 128.6 132 135.9 138.5 141.7 145.4 149.6 149.6 147.8 148.1 147.8 145.6 146.7 150.3 153.5 155.6 155 156.8 156.9 156 156.6 157.6 156.7 152.9 149.1 149.4 145.5 147.8
169.7 166.3 162.4 161.5 159.7 159.3 159.6 156.1 154.2 161 164.6 158.5 156.9 156.4 155.3 150.1 145.7 141 137.2 133.1 132.2 127.1 123.8 122.4 120.5 119.6 119.6 119.2 118.9 119 119.1 119.8 121.9 118.9 117.6 116.4 115.1 115.5 116.4 114.7 114.5 115 114.7 114.4 115.9 118.2 121.8 125.2 128.4 133.2 137.8 139.6 143.7 146.8 147.6 148.6 149.9 149.8 151.1 153.3 152.1 150.8 151 156 162 159.1 159.4 162 161.7 159.4 160.5 161.5 162.8 157.7 152 156.6 154.4 154.4
159.9 159.3 160.7 160.6 157.4 154.7 153.4 151.9 149.8 155 152.3 148.8 146.9 148.7 145.8 142.6 138.7 134.5 132.1 126.6 125.9 123.2 121.2 120 119 119.1 118.7 118.3 118 117.8 118 116.9 117 117.4 116.5 115.6 115.5 115.3 115.2 115 114.6 115.1 114.4 117.8 122.3 124.6 128 133.6 138.3 143.1 146.9 147.2 152.4 154 154.6 155.4 157 159.5 159.4 158.7 157.9 158.9 155.9 161.4 166.6 166.3 167.3 167.8 166.3 164.6 162.9 162.4 162.5 161.3 163.4 163.2 163 162.5
156 153.6 154.3 153 149.6 146.7 149.8 146.5 144 144.6 141.8 138.8 139.5 137.5 135.2 133.4 131.6 128.7 127.5 121.7 120.4 121.5 119.7 118.9 118.6 118.2 117.8 117.5 117.3 117.1 116.9 116.6 116.4 116.1 115.7 116.6 116.1 115.7 115.5 115.8 115.9 115.2 119.5 124.1 126.6 131.5 137.6 143.1 147.9 150.6 151.4 153.8 160.7 161.2 162.9 166 167.3 166.8 165.5 164 164.5 165 164.1 169.3 173.2 174.2 174.1 174.1 172.9 172.5 170.1 167.8 165.1 163.4 168 169.7 172.3 179.1
150.7 147.4 144.9 143.6 141.2 140 141.1 138.7 137 136.3 136 132.4 132.8 129.5 126.5 125.5 126 123 119.6 118.6 118.1 118.4 118.4 118.1 117.7 117.3 117 117 116.9 116.9 116.5 116.2 116 115.8 116 117.8 116.7 116 116.1 117.1 118.5 121.2 126.5 129.8 134.7 140.1 146.4 151 153.7 156.7 157.4 158.6 162.5 167.8 172 175 174.4 176.5 174.9 177 179.5 173.4 172.9 177.2 181.2 183.1 183.8 183.5 185 181.6 176.9 177.1 170.1 174.3 174.4 178.6 183.2 186.6
143.3 141 138.3 135.6 135.2 133.7 132.5 133.3 132.8 132.1 131 128.6 125 123 122 123.6 122 120.1 119 117.9 117.9 117.5 117.3 117.8 117.3 116.8 117 116.9 116.8 116.8 116.3 115.9 115.8 115.6 117.4 117.7 116.4 116.4 117.3 118.5 122.6 128.1 133.5 137.4 142.5 147.5 151.8 156.6 159.9 163.5 163.8 164.2 167.8 174.2 178.1 180.8 179.4 181.8 183 182.5 179.2 178.7 181.3 185.4 190.4 191.9 193.2 197.1 195.5 190.9 184.3 183.7 181.7 181.9 183.3 185.9 189 192.6
132.3 133.4 132.3 130.3 129.8 130.4 129.6 129.1 128.3 127.6 126.6 124.3 121.7 121.5 121 119.7 119.1 118.5 117.9 118 118 117.9 117.9 117.5 116.7 116.6 116.8 116.9 116.8 116.7 116.2 116.1 116.1 116.5 120.3 120.6 123.5 118.7 120.2 127.5 129 136.3 140.8 143.4 147.9 153.8 157.4 162.3 168.4 171.2 171.3 171.6 174.4 179 182.2 184 182.7 184.4 185.2 185.5 184.9 186.4 189.1 192.7 198.5 200.3 201.1 200.7 200.1 194 189.6 188.7 187.5 188.7 189.9 192.3 196 198.5
126.1 129.7 130 129.5 128.4 124.8 125.4 125.8 123.4 122.3 121.2 120 120.4 120.9 119.8 118.3 118.1 117.9 118 118.4 118.4 118.3 118.2 117.7 116.6 116.5 116.7 117 116.9 116.6 117 117.7 118.3 118.7 119.1 124 122.2 124.1 129 131.2 136.9 141.1 148.1 149.9 153.2 159.7 161.1 167.2 173.8 177.4 177.4 177.7 178.2 185 187.5 187.5 186.6 187.4 187 188.5 190.7 193 195.3 200.4 205.1 205.3 204 200.3 199.1 193.7 195.6 197.7 195.1 194.5 195.6 198 201.8 200.9
121.9 122.4 123.7 124.8 124.3 122.2 121.4 121.3 120.5 120 119.4 118.9 119.2 119.4 119.4 118 117.9 118 118.3 118.7 118.7 118.7 119.1 118.1 116.8 116.6 116.6 116.7 116.2 116.1 120.2 121.6 120.9 120.7 121.8 123.4 129.8 129.9 140.2 145.4 151.6 157.2 158.2 155.2 159.5 160.5 165.7 170.4 172.8 176.9 178.2 178.9 181.4 189.8 190.6 189.3 189.1 190.4 190.7 196.8 199.9 199.3 201.4 208.7 209.2 209.7 206.8 203.5 201.5 203.3 203 201.8 202.2 204 202.1 204.3 206.3 207.7
121.4 120.7 121.1 120.5 120.4 119.8 119.4 120 120 119.4 118.8 118.2 117.8 117.9 118 117.8 118 118.4 118.9 119 119.2 119.4 120.1 118.6 117.7 117.1 116.1 116.2 118.9 120.4 124.3 128.3 124.9 126 130.1 131.1 136.6 145.1 148.3 156.1 163.2 168 164.7 161 160.2 165 168.6 169.7 173.4 176.5 179 180.2 185.7 189.2 190.3 192.7 194.6 195 198.7 202.3 203 203.2 205.8 208 209.5 210.3 209.6 209.4 210 209.5 208.1 210.2 210.5 211.6 210.1 211.7 210.3 214.4
123.1 121.2 120.3 118.9 118.5 118.4 118.6 119.5 119 119 118.4 118.1 118.2 117.8 117.8 118 118.2 118.5 119.4 119.9 122.1 120.5 120.6 119.9 119 119.3 119.6 119.7 122.9 125 127.1 129.3 129.9 131.6 133.8 140.9 148.4 152.4 155.8 159.6 165.5 169.6 167.5 167.5 170.7 171.3 173.2 174.8 177.2 180.1 183 185.2 186.7 190.2 193.7 196.5 200.1 201.2 202 204.3 206 207.3 210.1 212.5 213.9 214.4 215.3 214.6 214.9 215.3 214.1 215.5 217.9 218 217.1 216.7 219.7 221.2
120.9 120.4 119.1 117.4 117.8 117.6 117.7 117.8 118 118.5 118.5 118.5 118.3 118 118.1 118.3 118.5 118.8 119.4 120.4 123.1 124.3 123.1 122.1 121.4 120.7 125.9 124.1 124.4 129.5 130.7 131.1 135 136.5 137.4 144 152.8 158.7 161.4 165.4 167.7 169.9 170.8 173.2 175.8 177 179.9 180.7 182.9 185.3 188.2 191 192.9 195.3 197.9 200.1 203.2 205.1 205.9 209 211.1 213.5 215 216.8 218.4 220.2 221.4 220.6 220.7 221.2 221.1 220.7 224 223.8 222.4 222.3 223.2 223.9
120.8 118.2 118.1 118.8 119.2 118.6 118.2 118 117.9 117.9 117.9 117.9 118.2 118.1 118.5 118.7 118.8 119.1 120.3 121.6 122.5 123.3 123.3 123 124.7 128.7 129.8 128.3 128.9 130.8 132.5 137.6 141 141.8 145.6 152.4 161.1 164.7 168.2 168.3 170.3 172.7 173.7 175.3 179.9 181.8 184.3 186.1 188.7 190.4 193.4 196.5 199.3 201.3 203 204.9 206.7 208.7 210 214.5 217.9 220.4 223.2 225.7 226.9 227.6 228 228.6 230.2 229.1 229.5 228.1 229 227.8 226.6 229.1 229.5 228.7
117.9 119.2 119.5 119.3 119.2 119.7 119.3 119.2 118.6 117.8 117.8 118.8 119.2 118.7 120.1 119.8 119.7 119.6 121.1 122.9 124.5 124.6 125.3 125.8 127.6 129.1 129.6 130.6 131.2 132.3 134.1 140.3 142.2 146.6 152.4 158.9 164.7 168.6 170.8 171.6 173.2 175.9 178 179.7 183 186 188.6 191.6 194.5 196.1 198.8 202.3 205.6 207.8 209.9 211.4 213.5 215.5 218.4 222.3 226.2 229.8 232.7 234.7 235.2 236.7 237 237.1 235.8 234.6 233.6 234.9 233.5 232.7 232.1 233 233.7 232.1
119.5 120.4 120 119.7 120.1 120.8 120.4 120.4 119.9 118.9 119.4 119.5 119.9 125.6 123.8 125.2 126.4 126.4 126.5 127.1 127.7 128.2 128.1 129.1 129.6 129.6 130.2 131.6 132.7 136.8 139.2 140.3 148.6 155.1 158.8 161.9 167.9 171.7 174 175.1 176.3 179 181.8 184.3 187.1 190.1 193.5 197.3 199.8 200.3 202.6 206.8 213.9 217.2 217.4 218.5 221.1 223.8 227.2 230.7 236.4 240.1 241.7 243.6 243.2 243.1 243.8 241.3 240 240 239.8 240.2 238.4 237.1 236.4 236.6 236.5 235.6
120.4 121.1 120.7 120.2 121 121.8 121.6 121.5 121.2 121.3 122.2 121.9 124.6 124.9 126.9 128.5 130.7 129.6 130.3 131 130.2 131.1 130.6 130.3 130.1 130 130.2 132.4 136.3 142.2 146.4 149.7 154.5 158.8 162.3 168.6 172.4 173.7 177.7 178.5 180.4 183.9 187 189.4 191.9 196.4 200.8 202.9 204.4 206.7 210.1 217.2 222.2 223.2 223.7 225.5 229.9 233.7 237.1 240.6 246.6 247 249.2 251.3 251.1 250.2 247.8 246.4 244.2 242.9 241.5 241.7 240.8 239.3 239.8 239.5 238.2 237.3
122.6 123.2 123.1 122.9 122.7 122.7 122.7 122.7 122.7 123.1 123.9 123.1 123.5 125.3 132 133.1 137.4 135 134.2 133.4 134.3 133.4 130.3 129.8 130.8 131.8 132.9 134.6 139 144 150 156.3 158.8 160.7 166 171.4 174 177.2 182.2 181.6 184 187.7 190.6 194.1 198 202.1 205.2 208.3 212.9 215.3 221.1 224.2 228.6 228.9 230.5 234.8 240 241.8 244.5 249.3 253.4 254.3 255.2 257.9 256.9 256.1 252.6 251.8 249 247.4 246.5 245 244.3 242.3 242.4 241.5 239.9 241.6
124.7 125.3 126 124.8 124.4 125.1 125.5 125.5 126 126 126.6 126.3 128.2 131.5 134.5 131.4 132.5 135.7 135.7 134.1 133.5 133.2 131.6 132.3 133.3 134.3 135.4 137.7 141 147.3 152.7 159.1 161.9 166.4 168.6 173.7 178 181.7 186.6 186.1 188.8 191.1 197.2 205.8 203.3 209.2 211.4 214.9 219.2 223.8 228.5 231.8 236 237.9 240.2 243.4 246.6 248.6 251.5 256.2 258.7 260.8 263.3 266.1 265.4 262.1 261 257.4 255.2 252.1 251.1 249.1 247.5 247.3 247.4 245.7 245.2 247
127.5 128 130.1 128.2 127.7 128.7 129.6 129.3 129.5 130.3 132.4 131.9 134.7 139.1 141.9 138.8 137.1 136 137.8 136.4 134.5 135 134.7 135 135.9 136.8 138.2 143.7 146.7 151.9 157.2 161.3 164.6 167.8 169.6 174 179.8 184.1 189.6 191.7 194.3 198.6 204.6 207.3 210.2 216.4 218.8 222.5 226.8 231.1 235.6 239.3 242 246.1 249.7 253.5 256.3 256.8 260.3 261.4 266.2 268.3 271.3 274.7 272.6 266.9 260.3 259.3 257.8 256.1 255.1 253.2 251.4 253.3 254.3 251.7 252.5 254.8
