Assets/StreamingAssets/GeoData/Data/nh/NH24.asc
ncols 200
nrows 200
xllcorner 220000
yllcorner 840000
cellsize 50
[rows 0 to 34 of 200, columns 78 to 155 of 200]
564.5 566.8 570.3 573.1 569.3 557 537.5 503.1 487.2 470.6 452.1 438.9 434.8 439.4 438.9 427.1 416.3 415.3 418.4 425.5 424.6 420.8 407.7 394.5 387.8 378.3 368.6 360.9 351.4 330.7 315.9 297.3 276.5 259.3 247.7 236.4 230.2 223.8 216.1 209.5 202.4 194.7 184.8 176.4 175.9 179.6 185.2 182.9 197 205.3 234.4 246.3 262.6 277.1 292.5 305.3 321.3 341.8 360.2 372.5 384.7 397.7 415.2 426.5 433.8 433.6 433.4 421.3 400.4 384.2 381.9 382.6 383.1 385.8 386.6 385.5 389 394.1
563.1 566.9 569.5 575.1 576 575.4 569.3 554.1 523.9 508.7 489.2 475.8 460.6 461.8 459.5 451 444.7 444.2 448.8 443.2 438 431.8 419.8 407.2 407.6 394.4 375.8 352.9 340.3 323.8 309.3 295.2 273.3 256.2 245.5 236.7 229 222.3 214.8 207.8 200.4 193.1 176.9 179.9 188.7 189.1 201.9 209.7 215.5 224 223.9 234.1 252.4 264.1 278.9 292.2 309.3 326.7 347 362.1 373.8 386.9 403.2 412.5 418.1 416.1 422.5 411.6 393.5 385.2 383.5 385.5 387.7 390.1 393.4 394.1 395.9 400.5
561 563.9 567.8 572.4 575.5 579 580.7 582.8 570 555.7 538 516.4 499.2 486.8 481.7 479 473.9 466.4 462.2 460.2 453.5 446.3 430.6 421.5 411.6 397.4 370.2 350.1 327.1 313.2 299.9 286.6 266.9 254.1 244.1 234.7 227.6 220.6 213 203.3 195.5 175.9 187.4 196.9 201.6 201 214.4 222 229.6 237.5 245.3 250.9 244.9 251 264 279.9 295.2 310.2 329.6 345.4 359.7 370.8 384.3 394.3 398.9 400.4 398.1 391.2 387.1 385.5 390.1 396.7 396.3 396.9 401.8 401.4 403.1 410.9
559.7 560.4 563.5 567.3 570.5 572.1 573.3 575.6 572 559.6 550.5 545.3 532.4 518.9 505.6 498.9 495.3 486.4 479.7 471.2 461.4 450.9 438.6 423 405.6 386.6 365.5 345.1 324.5 306.2 293.5 276.9 261.6 250.4 240.5 230.6 224.8 217.9 210.8 192.5 177 194.3 196.6 205.9 207.5 213 221.3 232.7 240.4 250.1 256.9 260.4 263.6 255.7 259.7 267.9 282.1 294.8 307.2 323.7 338.1 353.4 366.3 378 391.4 393.3 387.7 384.7 387.3 388.1 403.8 415.4 412.3 407.4 408.5 409.2 409.8 421.1
555.7 556.3 557.8 560.9 563.1 564.6 565 564.6 562.7 555.5 548.9 543.5 535.7 529.1 519.7 509.2 500.9 491 482.9 474.9 465.3 453.2 439.2 420 402.2 383.4 360.7 340.1 320.3 303.8 285.8 266.3 254.3 244.4 235.9 225.1 217.5 195.7 203.3 200.5 202.7 203.9 207 214.8 215.3 223.2 230.9 238.9 248.9 260.4 265.6 267.8 269.9 272.1 261.3 269.4 279.6 286.9 294.9 308.4 320.7 336.3 351.1 365.5 378.7 380.4 378.4 382.6 387.3 393.4 404.4 418.9 418.1 414.8 415.7 416.8 417.8 427.5
553.7 551.4 552 552.3 553.3 554.8 555.4 554.7 552.7 549.9 544.2 539.4 532 525.4 517.8 509.3 501 490.2 482.2 473.7 463.4 447.9 432.7 414.1 392.8 373.2 354.1 334.7 314.2 295.6 276.6 259.2 247.4 237.8 230.1 212.4 218 222.5 220.5 216.2 212.9 220.1 223.3 226.1 226.2 234.5 243.7 252.7 262.4 272.4 274.4 278.2 276.9 278.1 279.3 272.5 266.6 285.5 290.7 301 311.9 324.9 337.6 350.6 361 366 376.5 382.7 389.5 395.6 411.5 418.2 418.1 417.5 418.3 419.7 421.9 430.2
552 548.5 546.8 545.9 545.3 546.4 545.2 544.3 542.4 539.4 535.2 530.1 524.3 519.1 512.4 505.2 497.8 487.4 478.9 469.4 456.7 442.7 423.6 404.9 382 361.4 341.7 323.8 304.1 285.8 267.9 253.7 242.9 232.9 217.6 217.7 226.9 227.6 222.3 220.4 227.6 238 246.1 250.8 255.8 263.4 269 272.2 278.7 281.9 285.7 289.3 289.1 287.6 287.2 287.2 284.3 281.2 289.2 301.6 307.4 316.5 328.9 337.9 350.3 362 369.9 377.4 387 396.7 411.5 413.9 414.3 420.3 421.7 423 428.6 433.4
553.5 548.5 544.5 542.3 539.7 538.9 537.6 535.5 532.3 529.2 524.2 519.2 516.2 511 505.1 497.2 490 483.3 474.5 461 444.2 431 412.9 394.5 372 349.5 329.6 311.4 293.3 275.1 259.2 248.1 238.3 227.3 212 227.9 232.8 227.5 229.1 240.6 250.4 262.4 269.5 270.8 276.9 283.3 291.1 295.2 294.2 296.6 296.4 298.6 300 301.5 298.2 296.2 297.1 295.2 290 290.8 301.7 314.8 320.6 332.9 344.4 354.2 362.8 373.2 382.2 389.9 397 403.8 408.7 416 423.8 427.9 431.3 430.6
552.5 547.6 542.4 538.7 534.9 532.3 529.9 528 523.1 520.3 516.7 511.7 508.7 503.9 497.3 489.2 480.9 475.3 471.3 456.9 433 411.9 397.9 382.9 359.7 336.8 317.2 298.5 280.8 264.8 252.7 243.6 234.3 226.9 215.9 235.4 234.9 240.1 252.8 264.6 274.3 284.2 289 292.3 296.2 302.8 309.3 317.4 320.9 314.6 311.4 305.8 304.6 302 306.9 307.3 307.1 305.5 302.9 295.5 311.2 321.7 329.9 339.1 345 354.3 364.7 373.5 379.5 385.7 390.2 396.6 403 409.4 415.8 422.3 424.2 424.4
555.4 549.3 543.5 537.9 533.1 527.9 523.1 520.2 516.6 512.7 509 503.7 499.5 493.7 486.5 477.5 469.9 459.3 457.4 446.9 429 401.5 385.2 370.2 348 325.1 304.4 285.9 270.1 254.7 247.3 240.2 232.4 217.8 235.5 238.2 246.1 258.1 272.3 284.8 293.7 303.9 309.8 315.2 319 326.3 334.6 340.5 343.2 336 325.9 317.5 315.1 310.6 308.7 310.4 312.4 313.1 314.9 298.1 316.4 330.1 337.5 344.6 355.1 360.3 366.5 368.8 373.5 380.6 388.6 391.5 395.1 399.6 406.6 413.8 419.2 421.1
558.6 552.5 544.4 539.6 533.2 526.4 522 514.8 508.4 504.9 500.3 493.5 488.4 481.9 475.7 466.5 458.3 451.6 442.8 431.1 415.4 387.1 370.8 357.3 334.8 314.6 293.5 276.2 260.7 249.3 243.1 235.4 222.9 226.2 238 247.5 264.5 277.9 293.4 308.5 324.5 335.8 351.8 352.1 352.6 359.8 367.6 365 354.7 347.7 338.9 333.1 331.8 323 318.6 314.2 318.3 317.6 318.8 308.1 323.7 335.5 343.5 351.2 359.9 366.5 375.5 381 386.1 388.4 387.3 390.2 392.4 399.2 407 406 408.7 418.3
561.5 553.7 546.7 539.9 532.1 526.5 517.6 510.7 502.8 493.1 488.8 482.4 477.9 469.1 462.1 457.1 446.2 433 424.5 411.8 392.8 370.8 350.9 338.2 319 300.1 284.1 269 253.9 243.1 234.1 224.7 223.1 236.6 248.4 264.7 281.5 296.1 311 332.5 347 368.1 379.7 385.5 395 397.9 400.7 394 382.1 365.8 349 342 340.7 342.7 339.2 327.1 323.2 320.6 322.8 309.8 328.3 342 349.7 356.9 364.5 371.9 379.1 387.2 393.5 394 394 390 392.1 398.2 405.4 409.8 411.8 417.6
558.5 550.5 543.2 534.2 528.7 522.1 512.6 502.9 493.8 477.3 477.9 470.9 463.1 453.7 445.3 438.3 427 408.8 397.8 383.9 370.8 354.8 339.5 320.6 302.9 287.1 272.5 258.3 244.9 232.4 223.4 223.4 226.7 245.5 265.1 282.4 298.6 314.6 327.7 348.6 376.8 394.3 401.9 408.6 413.4 414.7 411.9 413.4 401.7 386.6 372.6 356.4 347.4 348.1 347.3 341.1 333.8 328.3 330.3 325.7 330.9 344.6 351.7 357.1 368.3 377.8 386 393.9 400.9 398.9 396.4 393.8 395.6 395.9 401.5 409.6 413.1 417.7
555.1 546.1 537.3 528.1 519.1 513.1 504.6 494 485.3 474.3 462.8 457 447 438 428.4 417.9 410.3 391.5 377.3 369.3 357.7 347.2 322.9 303.7 289.3 274.9 259.8 246.8 231.3 224.5 225.2 230.2 242.6 265 286.2 300.4 315.3 329.1 346.1 356.3 392.6 406 414.2 419.4 423.6 427.7 427.9 424.6 421.5 414 395.4 376.5 364.3 359.3 357.5 352.6 342.5 339 335.6 331.9 322.8 349.3 358.4 362.2 371.7 380.9 391.5 401.6 410.7 404.3 402.4 398.4 399.1 402 400.7 403.6 409 414.5
548.1 537.2 527.5 519.2 509.2 501.7 493.8 485.6 473.3 461.3 448.8 439.9 429 419.7 410.6 400.4 389.2 374.4 357.9 351.7 337.9 322.4 306.3 290.3 277.5 264.1 248.4 237.8 227 225.9 228 236.2 259.4 284.5 301.9 317.4 331.4 348.1 375.4 393.6 407.5 420.2 427 430.1 434 436.3 434.5 439.6 439.1 432.3 414.2 400.3 389 378.4 374.1 364.1 355.3 345.8 345.5 343.4 332 349.3 360.4 368.3 373.3 385 396.4 409.3 416.6 410 405.9 405.8 410.6 407.7 406.2 402.6 404.7 409.8
537.1 526.9 518.2 509 500.8 490.3 482.3 471.9 460.4 445.4 432.6 418.2 412.7 404.7 392.5 381 371.9 354.7 344.2 331.9 318.9 304 291.9 278.1 264.5 248.4 240.8 229.4 228.4 227.2 235.7 253.5 276.3 294.7 314.1 334.8 351.6 374.7 398.2 413.2 416 430.1 441.4 449.9 459.5 459.5 457.5 451.8 454.4 452.1 438.2 419.5 407.4 399.3 389.3 378 365.9 352.8 351.2 351.3 349.5 345.8 359.8 367.3 377.3 384.2 392.9 404.3 410.3 402.6 406.6 412.7 422.3 414.4 412.1 409.4 405.1 407.1
523.9 516.1 507.9 497.2 487.7 479.1 466.9 456.4 445.8 433.9 418.1 406.4 397.2 386 378.4 364.1 352.1 340 328.8 310.2 303.7 291.8 281.2 267.8 250.4 240.6 230.6 229.5 233.5 238 252.6 271 288.7 309.1 326.4 348.3 375.2 396.7 410.6 423.1 430.4 436.5 444.5 454.2 467 471 475.9 484.6 482 467.5 454.2 445.9 434.8 424.5 412.4 399.6 378 360.3 360.8 356.3 353.6 355.2 356.8 366.5 378.7 384.2 388.3 395.7 399.1 401.6 406.8 417.7 419.2 417.9 418 418.5 411 407.4
511 502.6 494 484.8 474.6 464.7 454.4 443.6 431.8 421.6 404.7 390 378 365.9 359 345.6 331.2 320.1 311.3 297.3 287.3 281 267 253.5 242 232.5 231 233.6 236.7 251.2 273.6 290.6 307 324.7 345.6 376.8 398.1 415.8 423 427.5 439.4 444.3 451.4 462.7 468.7 476.9 486.4 496 499.1 494 485.1 466.2 457.1 450.6 433.5 414.4 387.9 368 365 361 354.4 363.8 362.1 371.6 381.9 387.1 390.2 390.9 395.1 401.8 411.7 422.1 418.5 418 419.7 422.8 411.4 407.1
501.6 494.4 484.4 474.4 465 454 440.9 428.1 419.5 406.5 392.8 378.4 363.5 346.9 340.5 331.3 316.3 303.5 289.8 280 275.8 262.8 253.4 242.1 236.4 232.4 235.1 235.5 253.9 273.6 288.4 311.5 325.5 348.6 365.7 394.6 417.3 426.4 437.6 443.6 443.1 452.4 462.4 470.6 476.5 484.8 495.6 506.5 510.9 509.3 500.7 487 467.5 475.5 461.6 431.2 397.5 377.9 369.1 366.5 366 371.2 369.8 377.1 384.5 387.9 390.6 393.2 399.4 407.9 421.8 432.8 434.3 426.3 427.2 421.1 413.1 406.5
493.5 484.8 475.6 465.5 455.3 442.5 428.6 415.5 404.5 395.1 382.2 365.9 352.6 338.3 320.3 306.7 297.2 285.9 277 268.6 259.5 251 243.4 235.9 234.2 239 244 254 275.4 293.7 311.4 321 350.3 371.2 394.9 413.9 428.9 439.5 448.3 461.6 463.3 464.5 467.4 478.1 483 495.9 504.7 513.3 520.5 519.6 512.9 499.4 477.1 474.5 469.7 444.9 409.7 385.8 375 369.2 376.6 377.9 375.9 383.4 386.3 388.7 394.4 397 402.5 412.2 426.2 428.1 432.2 430.5 426 419.8 417.5 411.6
483.4 476.1 467.1 457.5 448 435.5 421.5 409.2 392.4 379.3 366.6 355.9 345.5 328.1 310 296.4 284.6 274 265.9 258.6 249.3 239.5 237.6 236.8 239.2 245.5 264.4 284.5 301.2 322.5 338.7 350.2 369.5 403.6 417.1 429.4 441.6 457.1 464.5 471 483.2 485.6 477.7 487.2 495.9 502.6 510.3 520.1 525.7 527.2 522.2 519 499.1 479.9 460.6 445.1 416.2 388.6 368.7 379.7 383 383 381.4 387.2 394.4 396.3 396.6 402.3 407 417.4 422.9 425.6 428.1 425.9 422.3 419.4 420.2 414.8
474.8 466.1 452.1 447.2 440.8 429.5 414.3 399.4 384.1 371.1 356.1 344.1 333 317.8 301.7 289 273.8 265.6 257.3 250.5 241.5 242.3 243.3 247 252.9 260.1 285.7 306.1 333.6 372.2 379.4 380.6 375 419.1 431.3 442.3 456.9 466.8 480.6 484.8 493.1 498.2 493.3 496.9 504.8 508.2 517.5 524.2 529.1 531.8 526.5 523 504.8 493.1 457.8 433.7 411.8 390 382.2 385.8 386.3 386.1 387.1 395.3 400.8 404.4 406.8 406.7 411.2 423.2 425.1 427.5 428.3 426.2 427.5 423 420.9 418.4
479.1 471.2 459.3 444.5 430.1 419 407.5 392.2 379.4 366 352.1 338.3 323.6 309.3 296.1 281.5 269.1 260.8 251.3 243 248.6 250.5 253.6 257.8 269 286.9 307.4 323.7 358.5 389 401.4 403.4 397.1 429.3 443.9 457.8 473.1 477.3 483.3 494 502.7 508.3 508.7 513.4 512.8 516.9 522.2 526 534 539.5 532 520.1 508.6 494.2 459 428.8 406.1 391.3 389.9 393.2 390.6 391.4 394.6 400.9 407.8 414.8 417.1 415.2 418.2 423.6 427.6 432.1 434 435.7 435.9 434.8 432.8 430.5
483.8 475.1 465.6 449.3 433.8 410.9 397.5 382.7 371.2 360 346.2 329.8 316.2 301.5 285.9 268.5 263.9 254 247.6 251.6 255.4 260.3 266.1 274.8 295.4 317.1 333.8 348.2 365 397.3 418.5 425.5 421.1 441.8 455.9 471.5 480.4 484.8 499 511.7 518.9 516.5 521.6 525.3 524 530.1 532.6 529.8 525.8 529.5 534.6 521.2 506.9 481.4 448 425.3 406.7 395.5 396 397.7 397.3 397.9 403.6 408.4 416.7 421.7 427.1 429.6 434.3 438.2 440.8 444.3 444.5 446.5 446.6 447.5 444.9 443
491.1 485 477.6 463.6 446.9 427.5 398.6 381.7 370.4 355 341.2 306.4 298.3 291.4 275.3 262.1 251.5 250.4 255.3 260.7 265.2 270.5 281.8 299.8 321.9 342.3 359.1 380.4 391.1 399 436.8 447.6 440.6 458.4 466.9 478.8 489.8 501.5 512.4 521.3 525.2 530.2 537.7 533.9 532.5 538 538.4 536.1 532.8 524.6 518.7 503.5 484.1 460.9 434.5 418.6 405.4 399.7 402.7 401.6 401.9 407.5 413.7 419.7 426.8 433.6 439.4 444.4 448.3 451.9 456.1 458.2 462.5 463.4 463.3 463.3 463.5 463.9
496.1 486.6 479.9 472.4 462.6 430.5 403 382 358.6 346.4 326.1 311.6 293.7 274.9 266.3 256.7 253.1 257.3 263.9 273.4 280.3 287.6 306.2 320.4 343.2 362.3 386.6 409.5 420.8 429 446.5 455.4 457.9 466.3 478.3 489.3 500.5 510.2 515.8 522.7 530.6 538.5 542 546.4 535.3 547.1 545.1 543.6 530.7 518.6 495.6 476.8 462.8 445.2 425.7 411.3 405 403.8 406.6 408.2 412.2 416.8 424.5 430.4 436.7 444.3 449.9 454.7 459.1 464.1 467.7 470.8 474.7 478.6 479.5 482.5 477.8 478.1
496.9 486.7 477.5 467 451.6 419.3 393.7 372.5 352 322 312.4 296.6 278 266.6 260.8 254.4 260.2 265.2 277.7 293.3 296.1 316.5 333.8 350.4 365 388.8 414.8 436 442.9 449.9 456.8 463.8 464 477 485.1 494.5 502.4 510.1 515.3 519 525.9 535.5 546.1 548.7 531.1 542.1 545.7 536.3 509.8 492.1 474.6 460 448.9 432.7 415.5 409.5 415.9 410.1 413.8 416.9 420.1 426.5 433.4 440.3 446.6 451 456.8 461.6 466.2 471.6 477.1 481.4 484.9 488.4 494.2 496.8 495.2 487.9
495.4 488.4 473.9 459 439.4 400 375.2 352.6 333.3 317.6 294.3 282 267.2 260.1 255.1 261.6 268.3 281.6 297.5 306.9 320.6 345.6 368.4 381.6 392.8 414.3 446.4 458.9 466.2 474.1 480.2 482.8 483.2 485.9 488.9 493.7 499.6 502.2 505.8 509.9 514 521.2 527.3 527.6 516.1 526.7 524.3 505.7 491.3 474.7 457.8 450.1 441.9 431.6 420.7 420.2 419.6 414.9 421.3 424.9 428.5 432.8 438.2 444.3 451.2 454.9 460.8 465.5 470.3 478.5 484.9 489.7 493.3 495.1 497.5 501.6 503.5 500.5
477.7 462.2 449.6 435.1 418.2 382.7 352.6 333.5 317.5 300.1 283.3 269.7 262.5 256.7 261.5 270.2 281.3 300.3 312 331.3 360.6 380.6 397.6 407.4 420.2 441.1 466 480.4 486.1 488.7 490.9 497.4 497.6 497.8 498.7 500.2 501.1 503 500.8 500.3 499.6 500.6 499 497.9 497.2 493.9 490.1 482.6 471.6 459.1 462.5 455 440.4 433.2 424.3 424.7 422.9 422.3 424.7 428.9 430.9 434.6 441.2 447.6 454.2 459.7 463.6 470.1 475.5 483.6 490.8 497.1 501.4 503.8 506.8 510.2 509.7 510.8
452.5 426.6 418.2 401.2 382.5 356.8 332.9 316.2 300.3 282.2 269.4 263.8 260.6 262.7 275.8 289.1 304.3 319.8 340.1 373.4 399.6 415.7 426.9 439.4 450 469.7 489.7 500.6 501 500.2 505.2 506.1 503.4 503.6 504.7 500.9 500.1 505.3 504.6 498.1 497.5 495.6 492.6 490 487.7 483.7 480.4 478.9 486.6 486.5 478.7 467.1 450.1 435 427.3 424.6 424.7 423.3 427.1 430.3 432.7 436 441.8 449.3 457.3 463.4 470.1 476.1 481.4 487.2 495.4 501.6 507.6 512.4 515.9 518.3 519.9 522
426.5 405.2 385.5 369.5 351.6 332.3 317.1 297.4 279.1 269.8 263.9 260.4 263.8 275.3 293.8 313.9 326.8 341.1 370.5 405 431.5 448.5 462.1 481 489.5 503.7 510.9 510.8 509 508.3 512 507.4 506.8 506 503.3 500.6 500.1 500.2 508 501.8 496.8 493.2 491.6 492.9 498.7 501.2 503.1 504.3 497.1 491.4 485.2 479 464.1 441.6 428.4 426.3 426.2 423.9 427.2 430.6 432.7 435.6 440.6 447.8 455.5 463.9 471.6 478.1 483.5 490.5 498.3 504.7 510.1 516.7 522.2 526.1 529.2 531.8
395 387.3 366.2 349.8 331.5 312.2 295.2 279.4 268.7 264.7 262 260.8 279.6 294 313.3 331.8 350 371.5 402.6 430.1 455.1 483.3 501.7 517.5 521.5 528.4 526.5 519.9 515 511.7 507.1 507.1 508.5 508.8 506.5 503.6 502.4 504.4 503.1 500.5 498.4 501.9 505.5 507.2 513.1 519.3 524.9 516.1 506 499.2 487.9 482.4 467.2 450.1 431.6 428.1 428.3 427.4 427.1 430 432.3 435.5 439 445.9 453.3 462.2 469.5 476.3 483.1 490.5 498.7 503.6 509.1 513.2 520.4 525.3 532.1 537.9
385.3 363.7 350.4 324.7 310.9 295.9 283.6 272.6 264.5 263 265.1 278 291.3 311.6 334.5 352.6 376.3 401.3 429.8 452.8 483.3 508 522.3 531.5 537.2 546 545.5 538.4 534.3 532.7 522.9 513.7 510.7 508.8 510.2 507.7 506.7 505.7 506.7 508.3 508.8 515.1 516.9 516.2 524.4 529.7 529.8 519.2 513.1 505.1 490.3 480.5 465.3 450.5 439.1 432.6 430.8 428.5 427.6 428.6 431.3 434.2 437.4 445.6 452.5 460.2 468.3 474.8 480.9 487.2 495.8 501 508.3 513.9 517.1 518.2 523.2 529
368 347.5 330.6 315.2 300.6 286.5 276.9 268.2 265.3 268 274.4 291.6 309.6 330.8 348.5 375.7 406.5 438.3 463.1 485.9 514.2 533.8 543.7 550.3 563.5 568.5 567 559.3 556.9 549.5 537.9 525.4 516.9 519.4 518.1 518.2 518.7 514 511.7 512.5 517.5 520.5 521.8 524.2 530.2 537.1 538.1 528.5 519.4 513 501.9 487.7 473.5 460.2 443.9 435.5 433.2 430.3 428.3 428.7 431.9 433.9 436.7 440.6 446.6 455.5 464.1 470.3 476.1 485.4 492.9 499.4 510 513.7 515.2 517.2 518.9 527.6
347.8 331.1 313.8 300.1 286.8 278.2 273 267.4 266.4 276.8 288.5 312.5 331.6 349.7 371.9 404.2 435.9 471.8 493.1 513.3 531.6 547.4 560.6 567.8 577.3 580.5 582 578.4 572.1 559.3 546.1 533.9 530.3 527.3 523 519.2 518.6 517.4 516.7 518.4 526.4 531.9 534.3 536.8 546.6 557 554.8 554.1 540.6 529.7 519.2 505.9 491.2 472.9 452.5 440.8 436.9 431.7 429.3 429.6 430.2 432.5 434.7 438.3 443.4 449.9 459.2 465.9 472.9 480.8 490.9 495.2 501.7 506.3 513.2 515.4 518.6 523.9
