Assets/StreamingAssets/GeoData/Data/nh/NH27.asc
ncols 200
nrows 200
xllcorner 220000
yllcorner 870000
cellsize 50
[rows 35 to 69 of 200, columns 0 to 78 of 200]
155.3 130.2 74.6 137.8 152.2 162.7 178.4 190.6 201.7 208.8 218.3 223.6 232.1 234.7 234.7 236.2 240.7 241.2 242 242.6 247.5 248.7 248.1 250.5 253.9 258 260.7 273.1 279.4 290.6 295.8 301.3 303 317.7 329.6 335.1 345.9 361.6 375.6 384.2 402.3 422.1 433.6 450.1 476 500.7 517.7 533.2 546.8 557.6 573.6 591.7 607.8 620.3 625.8 632.6 650.7 659.6 665.6 678.4 689.3 698.7 691.6 684.9 678.4 662.5 636.8 602.5 573.3 550.8 534.6 525.7 518.3 511.7 506.5 501 493.6 494.5 494.4
168.7 162.1 146.2 81.4 142.5 155.5 170.9 181.3 191.8 202.9 209.5 218.2 224.5 229.7 232.1 230.5 233 237 240.5 240.8 243.6 246.8 246.7 248.1 248.9 255.5 256.5 270.2 270.7 282.1 287.1 292.4 296.7 302.8 312 322 332.7 345 356.5 364 382.1 404.3 422.7 435.1 453.7 484.6 508.7 528.4 546.1 561 573.2 588.6 601.1 606.8 611.8 619 627.6 646.9 653.6 664.4 679.4 686.3 687 689.7 684.3 682.6 656.4 621.6 584.3 558 539 527.7 519.6 512.1 505.8 499.6 493.8 486.9 491.5
182.3 172.9 164.9 150.3 93.6 142.6 159.4 173.9 189.6 196.9 202.6 210.1 216.9 219.7 227.2 227.3 232.6 234.5 235.8 237.1 238.4 241.8 242.4 245.3 246.8 249.1 253.9 259.1 265 267.7 278.6 285 289.7 293.7 300.8 312.9 322.5 332 339 353.3 365.9 381.1 402.8 422.5 443.4 465.7 491.1 514.1 538.7 553.9 565.3 581.1 589.5 598.1 598.7 605.4 609.2 626.8 640.1 649.8 665.1 672.5 682 686 685.1 694.7 670.5 637 598 565.5 543.9 529.5 520.5 512.9 505.7 498.7 494 488.2 487
195.7 184.2 174.3 163.1 151.5 114.5 150.8 162.6 176.4 185.7 194.3 200.5 207.2 210.4 214.4 223.5 228.4 231.7 231.6 233.6 235.5 238 239.2 242.7 242.5 245.3 249.5 251.8 256.6 261 269.1 276.5 281.9 286.4 293.5 299.8 312.5 321.5 329.4 339.9 352.3 371 394.9 414.2 432.3 465.8 487.7 509.5 527.4 541.8 552.6 563.7 569.8 580.5 587 587.2 595.9 611.8 626.2 638.5 649.9 658.9 670 680.2 681.6 688.4 670.1 638.5 608.8 576.1 547.4 531.7 522.3 514.3 506.7 498.5 492.5 488.1 481
209.1 195.5 184.2 173 162.1 151.7 124.2 152.3 163.6 175.7 184.5 191.5 196.7 201.6 205.9 213.4 219.5 226.3 226.2 227.9 230.4 235.1 235.7 237.6 238.1 239.1 244 247.3 250.5 253.5 258.8 266.8 273.4 280 282.7 290.1 301.5 309.3 318.2 327.7 334.9 353.6 377.3 406.4 425.2 452.5 481.3 500.6 515.9 533.7 540.9 547.2 552.8 562.8 569.8 572.7 577.3 588.3 609.3 619.6 630.1 647.5 659.8 672.8 677.8 686.2 677.3 648.8 614.8 582.3 550.4 533.7 523 514.1 507.3 499 492.6 488.1 483.5
219.8 207.9 194.5 184.3 173.2 159.6 150.5 125.8 156.1 164.4 175.2 181 187.1 196.5 202.7 209.3 211.7 217.4 220.2 221.5 225.3 229.9 231.5 234.7 233.4 232.8 236.8 242.3 246.4 245.3 251.2 259.7 264.7 270.6 274.9 280.9 288.5 292.4 299.4 314.3 321.8 329.1 348.6 378.7 403.4 433 462.8 485.2 505 521.1 531 533.3 540.1 545.6 550.9 557.4 563 570.8 588.7 602.1 612.2 627.3 643.4 656 664.5 677.2 676.1 650.5 617.7 583.2 550.8 533.9 522.6 513 506.2 498.8 492.2 487.9 482.9
225.7 217 205.5 182.9 176.5 167 157.7 148.2 141.3 156.1 164.4 173 181.3 191.5 197.1 202.6 206.5 210.4 213.4 216.2 218.8 223.8 228.1 229.5 228.7 229 231.9 232.8 236.8 239.9 243.2 248.3 255.8 263.4 265.6 268 278.2 283.9 285.8 298.4 311.7 319.1 332.1 352.3 377.8 416.5 447.7 467.8 489.7 505.2 514.3 516.9 527.4 535.1 540.7 545.3 550.2 553.2 566.6 583.3 588.7 596 617.3 633.5 649 659.4 666.7 653.1 616.7 584.9 553.4 533.2 520.4 511.9 505.3 498.4 493 488 482.2
234.2 224.4 213.6 198.5 183.3 174.2 164.7 157 149.9 149.1 155 162.6 173.1 183.4 190.8 195.7 200.1 204.7 208.1 212.6 215.5 219.5 225.3 228.4 225.2 224 228.2 228.9 228.2 230.5 237.3 243.9 246.3 252.5 257.1 261.8 267.2 271.2 273.1 278.6 289.9 308.3 322.8 344.1 367.4 397.2 420.9 440.1 465.2 482.1 494.9 499.7 513.6 519.6 528.6 529.3 536.4 542.5 546.5 558.1 568.1 576.7 590.8 605.1 615.5 627.8 635.9 642.3 610.2 582.4 553.3 531.4 518.3 511 504.6 497.1 492 486.9 480.7
239.2 230.5 221.5 210.4 199.2 188.7 177.9 172 161.9 152.3 138.6 154.8 164 175.6 183.9 189.4 194.2 198.7 202.5 206.8 210.7 213.6 219.7 221.7 220.7 221.5 222.7 221.8 221.3 222.4 229.7 236.5 240.4 242.7 248.3 255.4 256.9 260.8 265.8 274.3 279 297.5 309.4 329 349.1 372 405.3 419.5 441.5 465.1 479.4 487.6 490.3 497.4 508.1 513.3 518.6 528.2 532.9 538.3 553.5 564.4 573.4 589.1 601.1 609 618.4 625.9 613.3 581.5 556.1 533.2 516.6 508.1 502 495 489.2 485.2 478.6
244.2 238.9 231.7 219.1 208.8 197.4 188.5 181.4 174.8 163.8 154.6 132.2 154.5 164.9 175 183.7 189 193.9 197.6 203.1 204.9 207.8 211.1 216.8 219.9 219.4 216.6 219.6 219 218.7 221.3 233.9 236.8 238.2 243.7 249.2 251.5 256.7 261.8 265.2 270.7 281.3 298.8 316.1 328.3 347.7 374.6 399.3 422 441.8 461.8 477.4 485.6 487.6 488.6 491.4 497.5 513 518.5 522.6 544.4 552.4 568 586 593.1 606.4 620.9 623.6 618.2 585.1 556 530.6 513.2 505.6 500.1 492.8 488 482.9 476.8
246.9 242.1 235.5 229.6 216.5 205.1 195.8 189.7 180.7 174 158.8 155.8 153.5 141.2 143 177.4 184.5 187.8 190.4 193.1 197.7 201.5 204.1 209.8 211.9 213.4 212.7 217.8 217.2 216.1 219.1 227 228.3 226.6 233.2 235.6 243 251.6 256.2 257.9 261.3 271.1 282.7 302.5 315.2 329.4 348.5 370.3 395.2 418.5 442.3 456.7 470.7 475.9 478.9 484.3 483.7 493.9 501.9 510.6 523.4 537.9 549 575.6 583.8 592.4 612.5 615.9 611.5 585.1 552.6 527.6 510.7 503 498.2 490.1 485.4 480.6 474.6
250.2 243.4 235.9 230 221.9 211.7 202.6 193.2 185.7 180.7 175.3 162.7 160.5 160.7 165.1 170.5 175.8 182 182.5 184.6 187.8 193.3 194.4 201.6 205.4 206.1 208 212 214.2 214.7 217.3 217.1 217.8 225.3 230 231.3 237 246 250.7 251.4 257 259.5 266.6 283.8 297.8 314.1 330 350.7 373.1 389.5 413.5 429.3 451 461 468.8 476.7 481.8 490.8 491.9 500.2 509.5 521.7 537 560.7 571.2 576.9 602.8 606.1 605.4 585.4 551.5 525.4 508.3 500.6 496.2 488.2 481.7 476.5 471.3
254.3 246.6 245.4 240.1 231.3 216.2 205.9 197.9 189.9 185.5 181 178.1 175.4 170.9 170.1 170.5 176.1 178.3 178.5 177.5 185.1 188.1 190.9 192.7 199.6 197.7 202.5 205.9 210.8 212.2 215.5 214.4 216.5 223.3 225 222.3 229.2 237.3 240.7 244.4 251.6 252.1 260.2 273.2 280.2 300 316.2 333.9 353 369.4 385.2 404.1 418.1 444.8 456 465.3 471.2 479.7 484.4 493.5 508.1 514.5 522.8 545.3 560 558.4 580.5 594.8 597.2 581.4 552.5 523.5 505.4 496.9 491.7 484.2 476.4 471.7 466.7
256 249.5 246 239.7 232 219.1 212 203 196.1 189.6 190.6 187.1 183.5 183.4 181.6 181.6 182.3 182.6 180.7 178.6 176.9 182 189.4 191.7 192.9 195.2 198.6 202 203.1 205.7 209.4 210.1 212.6 215.9 220.1 217.8 221.3 226.1 233.2 236.2 240.2 240.5 248.6 263.1 272.4 285.8 299.3 319 337.1 350.6 363.8 379.6 391.9 414.7 439.3 451.1 461.8 468.3 481.5 487.9 498.6 511.1 514.6 531.2 550.8 550.4 563.1 576.2 579.2 569.1 547.7 517.4 499.9 489.5 483.6 475.9 471 467.2 461.7
259.2 253 248 242.2 234.2 223.2 216.2 208.2 203.1 197.4 193.3 191.8 190.9 193.8 191.1 189.6 187.2 186 184.4 180.5 181.3 177.2 185.1 189.5 192.9 193.7 196 197.2 201.4 202.5 204.2 206.8 208.9 213.3 217 214.8 213.2 216.3 227.1 227.5 232.4 238.4 247 252.6 258.3 265.5 283.5 304.3 321.9 333.4 344.5 359.2 370.3 386.7 419.6 437.6 448.5 456.2 471.9 484.7 493.1 503.6 514.2 527.8 538.1 539.5 546.8 565.5 562.7 545.9 530.3 509 492.1 479.7 473.9 468.9 465.5 461.8 457
263.2 256.5 252 245.4 233 226.9 217.8 212.5 207.2 202.1 198.5 195.2 196.3 197.5 195.8 196.4 192.3 188.5 186.6 183.4 185.8 188.8 184.8 181.3 181.7 185.3 194.8 194.3 197.5 199.6 202.2 204.9 206 208.1 212.3 210.7 213 212.7 216.7 222.2 226.3 233.5 239.6 242.7 251.1 255.4 267.2 287 305.7 317.2 329.5 339.4 350.5 365.4 392.4 413.9 432.8 443.5 461.3 478.1 488.6 496.7 514.5 534.5 531.1 529.2 528.8 537.8 541.8 527.7 512.9 496.4 480.2 469 464.4 461.9 459.1 456.1 451.5
268.3 260 254.3 247.9 235.1 226.1 220 215.3 211 207.1 204 200.8 201 203.8 205.6 204.8 197.9 198 192.6 190.4 190.2 192 193.1 197.3 195 195.2 191 195.4 197.5 200.8 201.9 202.5 204.4 206.8 208.1 211.3 215.7 213.6 214.5 217.3 226.4 229.2 232.6 237.3 240.2 246.9 257.8 271.7 287.5 300.2 314.3 326.1 333.6 345.1 369.6 396.5 417.7 427.7 448.7 465.3 480.5 492.9 509.4 526.8 525.7 516.3 512.1 509.7 513.6 502.9 493 479 467.1 460 455.6 453.8 451.5 449.5 444.3
269.2 263.5 258.3 247.8 237.6 229.2 223.9 220.4 217.2 214.2 210.9 211.4 210.3 209 209.3 207.8 205 204.8 205.2 203 198.7 197.4 200 200.4 200.7 198.7 196.7 195.6 197.5 199.8 203.4 205.6 208.1 207.5 208.8 211.2 212.4 213.7 214.1 214.5 216.6 224.6 227.7 229.9 236 240.3 249.9 258.9 273.1 283.6 292.2 304.7 316.2 328.5 345 378.8 401.9 409 432.1 454.9 471.1 488.3 505.1 514.7 514.2 508 500.4 492.6 487.8 479.7 472.2 464.4 457.8 452.3 449.2 446 444 442.8 436
271.8 265.5 260.2 246.2 238.3 232.6 227.4 224 223.4 221.1 219.6 219.5 215.8 216.6 215.3 214.4 208.4 210.6 208.8 208 204.1 210 208.4 203.7 202 201.5 200.5 196 196.8 198.2 201.5 205.7 207 211.1 209.7 210.7 212.5 213.1 214 214.1 215.4 216.5 217.5 223.5 229 233.7 240.3 248 258.1 268.8 276.3 290.3 297.8 316.6 328.3 364 385.1 394.6 407.2 441.3 461.5 479.9 500.3 506.1 502.3 496.1 488 479.4 472.1 465.9 461.2 454.9 449.8 445.7 442.6 440.4 438.8 434.3 435.2
275.1 269.4 260.1 249.1 241.8 235.5 230.1 226.5 226.2 225.1 225.2 222.8 220.9 221.8 220.1 218.3 214.5 210.2 211.8 211.6 209.7 209.2 208.6 208.5 204.9 204.3 201.8 197.9 196.6 199 200.8 199 206.6 209 213.2 214.3 212.9 211.4 211.9 212.8 213.6 214.8 215.7 218.9 223.3 227.7 231.8 235.6 247.2 257.7 269.1 283.1 287.6 305.3 313.3 347.7 371.2 379.9 393.7 427.1 449.9 472.2 493.4 498.1 491.9 485.5 476.1 465.6 458.7 455.4 451.3 448.5 444.4 440.8 437.5 434.9 427.8 428.2 435.3
278 270.9 260.3 250 243.5 238.3 234.9 232.8 230.9 228.7 227.4 225.5 224.1 227.8 225 223.3 219.6 217.3 214.8 215.4 214.4 211.4 211 212.2 210.9 211.3 207.4 205.6 200.8 203.3 204.7 204.6 202.9 204.4 208.8 209.4 205.5 208.3 210.2 211.9 213.9 212.1 214 216.2 219.3 221.9 225.7 236.7 244.8 250.5 263.4 270.6 278.7 288.3 301.6 330.5 355.5 367.9 381.9 410.3 438.1 463 481.7 489.1 482.6 475.3 465.9 453.4 447.4 445.1 442.2 440.7 438.1 435.6 431.3 426.5 421.6 430.3 432.2
278.3 266.9 258.9 251.9 244.1 240.4 237.5 237.7 235.1 231.7 229.2 226.6 226.1 226.9 228.8 225.4 221.7 221.1 220.3 219.6 219.4 215.9 214.7 213 213.8 214.5 211.9 208.8 206.4 205.8 207.4 207.6 204.2 203.9 205.4 206.7 209.3 211.3 207.6 210 212 213.5 214.9 215.1 217.1 219.3 224.6 230.2 237.7 244.7 251.6 260.5 268.9 276.1 291.3 320.9 343.7 357.8 370 394.3 420.3 444.8 463.7 474.8 472 463.1 452.4 442.5 437.6 436 433.2 431.8 430.8 429.5 421.7 414.8 421.7 428.2 427.4
277.2 275.3 271.3 255 246.2 241 242.4 240.5 238.5 235.7 232.2 231.1 230.9 229 229.2 230.5 228.9 228.8 225.6 223.5 222.4 218.5 218.6 217.9 217.4 218 216.3 212.4 211.5 211.2 211 212.4 212.1 213.3 210.6 211.5 212.6 216.4 216.5 214.2 214.8 218.4 218.6 214 216.9 218.5 221.5 227.4 233.1 238.5 245 252.4 260.8 267.4 281.7 307 331.4 347 358.1 385.7 411.6 426.4 453.5 465.8 461.9 449.2 440.3 431 427.4 425.8 424.9 424 423.2 421.8 416.8 419 422.5 420.1 425.5
279 277.5 276.8 263.2 250.5 244 246.7 243.6 243.5 240.4 238 234.7 232.8 233.6 237.1 238 233.4 232.8 231.2 227.9 226.6 226.5 223.6 221.5 221.8 220.1 216.9 215.8 214.9 218.8 216.3 213.8 214.3 213.9 213.9 213.7 219.7 219.7 215.9 214.1 213.8 218.2 221.2 223.2 215.5 218.1 221 224 228.8 233.8 239.2 247.6 254.9 260.8 269.2 297.2 320.9 334 346 375.4 397.2 410.9 443.3 449.1 444.7 435.3 428.5 422.7 418.6 417.4 416.9 416.1 416.6 413.9 408.6 412.8 417 416.7 426
278.7 277 274.1 265.9 258.7 251.9 253.6 252.1 251 247.4 245.9 243.1 239.4 241.1 244.2 243.7 241.4 235.4 232.6 233.6 231 233.8 228.4 223.3 226.5 222.7 220.7 219.9 221 219.9 220.4 221.3 220.5 215.9 217.2 220.2 224.2 220.8 217.1 214.1 214.6 219.1 224.7 225.9 220.2 218.5 220.3 222.3 226.3 227.4 234.7 240.7 247.2 254.3 259 282.7 311.3 324.7 336.2 360.4 380.5 394.9 426.6 428.5 420.4 419.5 417.3 413.8 411.2 409.8 409 410.1 409.4 404.7 402.4 411.3 410.9 416.2 424.4
283.5 276.7 272.8 269.5 265.6 262.3 258.6 258.3 256 251.6 252 249.3 244.9 244.5 252.3 249.8 249.2 245.7 239.9 235.1 233 234.3 229 224.8 231.6 227.5 226.3 227.7 225.6 223.5 224.9 225.5 223 221.1 223.4 226.1 225.6 222.2 218.9 216 219.7 225.2 224.2 223.1 220.8 217.1 218 219.3 223.3 226.2 229.3 236.1 240.5 247.4 252.9 264.1 299.2 312 324.1 343.9 363.8 376.8 403.1 411.3 404.1 404.3 406.1 404.5 403.8 403.8 402.6 402 401.8 397.7 397.6 404.6 407.9 413 426.3
289 278.2 274.6 278.4 271.5 269.5 269.2 263.6 260.6 255.5 255.7 254.3 251.5 250.7 253.2 252.8 254.1 253.9 247.5 241.7 237.7 233.9 228.9 227.7 236.8 235.3 233.6 231.2 229.9 230.6 234 231.6 227.8 226.1 228.4 228 226.3 225.7 221.6 218.9 221.4 225.5 224.1 222 220.1 220.4 222.8 232.9 233.1 229.4 227.8 232.1 234.8 240.2 244.8 254.1 283.2 298.8 313.7 325 347.1 359.1 380.1 391.7 391.1 392.1 394 395.8 394.2 395.3 394.4 392.7 386.1 389.6 397.9 402.5 410.1 419.8 431.2
289 283.2 284.1 286.5 278.6 278.6 280.2 273.4 269.1 265 260.1 264.4 258.4 258.8 258.2 256 257.1 257.6 254.9 250.1 246.4 241.5 236 230.6 233.3 235.5 235.9 232.8 232.8 236.2 236.6 235.7 232.6 232.2 230.5 230 228.2 227.3 225.1 221.8 223.2 228 224.8 221.7 221.9 222.8 228.4 232.6 232.7 226.9 228.3 230.5 231.9 235.1 238 248.7 274.7 288.4 300.9 310.7 332.9 344 359.1 372 377.3 380.1 381.9 383.2 383.7 385.4 384 382.4 382.3 391.4 397.9 406.1 419.3 433.5 437.2
288.1 288.2 294.9 289.6 286.3 285.3 285.4 285.6 281.1 274.2 273.1 279.9 274.9 268.3 262.9 262.2 259.6 261.4 259 258.7 254.9 250.2 244.2 239.5 235.1 233.8 234 233.5 236.4 238.7 237.7 237.4 236.9 238.3 235.7 235.8 233.8 230 228.2 227.5 226.3 230.4 229.8 225 224.5 228.6 230.4 232.1 232.8 229.4 227.8 228.7 228.3 229.3 236.8 238.8 260.5 274.3 286.2 300.5 314.9 327 340.2 349.7 355.7 363 366.5 368.8 370.7 373.1 374.2 371.5 383 391.3 402.8 412.9 431.3 446.5 454.7
294.3 294.1 296.7 294.7 294.7 292.8 290.6 292.2 288.5 282 283.4 285.9 278.5 279 272.5 271.6 266 263.6 264.9 263.4 261.2 256.4 254.3 250.9 245.5 240.6 237.3 235.9 235.9 240.8 241.4 239.3 239.4 239 238.2 239.1 238.4 236 232.2 232.2 234.2 234.4 232.8 227.8 228 230.5 230.7 232.2 232.3 233 229.2 226.6 228.4 229 230.9 238.7 245.9 255.1 269.2 285.1 299.1 310.2 321.7 331.1 337.1 345.4 352.6 357.8 362.4 364.9 366.1 366.9 380.2 395.9 410 421 443 457.7 470
301.1 300.6 301 298.9 299.3 299.1 297.9 298.5 296.3 290.7 295.3 293.5 288 287.1 284.1 281 279.1 279.1 276.9 271.3 266.2 262.6 261.6 259.8 255.7 255.5 256.2 249.4 242.1 239.5 243.1 243 244.1 242.8 242.7 243.5 242.5 238.4 235.9 235.8 236.7 236 234.2 228.7 227.7 228.6 229.9 232.5 234.3 236.1 234.9 229.7 229.1 228.5 228 235.5 245.2 256.1 264.2 278.5 289.1 294.6 306.8 318.2 327.1 334.5 341.3 346.2 353.2 357.5 356.7 365.4 378 393.1 414.4 430.1 449.5 468.6 483.9
306.2 315.8 310.1 306.4 305.4 308.3 305.2 308.6 306.7 307.6 307.4 310.3 304.2 302.8 297.5 294.1 293 291.5 289.3 283.3 280.9 274.6 274.9 272.1 267 263.3 262.5 257.7 252.1 249.3 247.8 245.9 245.8 249.9 248.9 248.1 246.9 244.2 239.3 236.9 236.5 235.3 232.2 228.9 228.5 232.4 233.1 232.8 233.3 234.8 235.9 232.8 230 228.5 229.8 235.5 241.9 251.5 257.7 268.3 277.8 282.6 296.1 303.8 316.5 324.6 329.4 335.8 343 348.8 350.6 357.3 372.4 389.6 411.5 431 451.7 469.3 489.5
314 315.5 316.3 314.3 315.5 315.3 315.6 318.5 318 318.7 325 322.4 316.4 315.1 310.4 308.5 303.6 302.1 296.8 297.2 295.2 291.5 289 285.2 280.2 274.4 271.6 270.1 264.3 257.9 252.1 249 249.9 252.2 252.7 253.3 251.6 249.2 245.9 242.6 239.2 235.9 232.3 231.3 234 235.2 233.9 233 232.7 233.1 235.4 231.1 228.8 229.4 230.7 236.9 242.3 248.6 255.5 264.8 264.3 272.3 285.5 293.1 305.3 311.9 318.6 325 333.1 340.1 346 352.9 367.5 385.8 408.7 424.5 448.4 469.2 495.2
318.7 322.2 322 324.1 327.4 327.4 325.7 324.5 325.9 324.9 337.6 335.9 336.3 330.2 325.7 323.7 323.7 323.9 317.8 312.5 307.3 301.8 296.4 291.7 288 284.3 280.8 278.5 272.6 267.6 261.8 257.1 255 254.7 254.2 255.7 255.7 256.1 253.1 248.7 247.1 241.2 237.6 236.7 239.8 239.5 235.8 233.8 233 232.9 235.1 229.3 230.3 230 231.7 236.2 241.8 244.4 251.9 257.9 259.8 265.9 277 284.3 295.3 302 310 315.8 323.4 333.5 339.6 347.8 361.1 375.6 399.2 418.2 441.5 468.8 493.5
322.4 325 327.8 331.3 338.6 339.6 337.2 333.8 335.5 336.7 342.1 344.9 345.8 346.4 342.5 338.7 344.7 350.2 346.2 336.2 325.6 321.8 315 308.3 303.6 295.7 293.1 287.3 283 281.2 275.2 270.9 267.5 262 258.2 257.8 256.4 255.4 254.6 252.5 252 248.5 243.5 243.6 245.4 241.1 238.7 234.2 233.5 235.9 233.8 230.7 230.8 230.7 233.7 236.1 241.6 245.6 246.8 249.7 253 260.1 267.6 278.7 286.4 294.3 301.4 306.5 316.6 327 333.6 341.5 352.7 365.2 384.2 405.2 431.2 460.3 485
