Assets/StreamingAssets/GeoData/Data/nh/NH28.asc
ncols 200
nrows 200
xllcorner 220000
yllcorner 880000
cellsize 50
[rows 140 to 174 of 200, columns 0 to 77 of 200]
342.4 348 351.2 353.7 356.1 362.4 367.2 369.8 374 378.3 376.6 375.8 380.3 386.6 388.2 391.1 393.2 400.1 405.7 411.1 417.7 423.7 430 436.3 444.7 448.1 450.7 453.3 457.9 461.8 465.4 468.8 472.8 475.6 479.1 482.9 487.4 489.5 496.1 504.7 511.9 519.6 526.4 534.3 540.7 546.3 549.2 554.9 563.1 569.5 573.1 576.1 585.7 591.7 596.8 608.6 620.2 629.2 635.8 641.3 643.8 647.8 656.3 660.3 653.1 639 620.6 599.6 576.3 553.2 537.7 518.9 505.4 501.4 495.7 488 479.3 474.6
342 346.2 351.9 352.3 356 361.6 365.9 367.3 370.1 374.6 373.2 376.7 381.2 382.8 385.4 388.2 390.6 398.5 404.4 409.6 415.2 422.2 427.7 433.9 439.2 442 448.4 451.1 455.2 460.7 466.1 469.8 473.7 477.6 480.8 483.7 488.9 492.6 498.8 504 511.2 518.2 527 534.5 542.2 547.8 553.1 557.1 563.6 571.8 577.3 581.8 587.6 598.6 603.7 615.3 634.9 647.5 652.7 665.4 676.4 688.7 694 690.7 682.4 669.9 655 635.7 611.2 592.1 562.4 537.6 524.5 525.5 517.3 505.4 497.2 490.3
338 344 348.5 350.9 356.2 360.1 364.1 366.4 369.5 371.4 372.3 377.3 383 384.8 391.5 392 395.2 400.2 405.5 412.1 415.2 421.4 427.8 433.2 438.9 442.2 446 450.1 457 463.7 466.5 469 472.9 477.4 482.2 485.7 491 494.6 499.7 504.9 510.4 518.6 526.1 534 542.4 549.7 556.2 562 565.5 571.9 580.4 589 598.2 604.5 612.7 631.3 647.6 668.2 689.7 703.7 710.1 715.8 719 718.9 712.1 702.6 691.1 673.5 650.3 624.7 599.8 585.3 577.6 553.4 537.6 527.4 516.2 506.6
335.8 340 344.3 348.2 355.1 359.7 362.5 366.6 368.5 369.3 372 376.4 378.3 378.9 382 385.3 389.6 397.4 402.5 409.3 414.6 421 425.5 432.1 439.1 441.8 445.6 449.5 455.7 461.9 465.2 468 472.4 479.6 484.4 488.5 491.9 495.1 499.7 504.7 511.9 517.9 526.2 533.8 542 549.4 556.4 562.8 568.8 576.2 581.3 589.8 600.8 614 632.8 643.4 665.7 681.3 701 721.2 736.5 740.1 735.8 734.5 731.5 729 725 709.7 689 664.5 636.7 622.7 604 586.3 565.8 544.1 531.4 522.3
334.8 338.7 342.2 346.7 353 357.8 360.7 366.1 367 366 369.6 372.8 376.8 381.5 384.5 385.3 386.9 393.9 398.2 403.5 412 421.4 427.1 431.1 435 440.3 445.8 449.5 455.5 461.6 465.2 470 476.4 480.9 484.2 487.4 490.3 498.5 502.6 506.7 513.5 518.9 525.7 533.7 540 546.7 554.5 561.6 572.4 582.1 590.1 595.4 605.9 617.4 633.8 654.7 671.1 687.2 704.1 720.8 736 744.8 749.3 748.4 745.1 744.4 744.8 744 731.3 711 673.8 649.3 624.3 604.2 581.7 554.7 542.4 531.8
333.5 338.1 342.2 345.6 351.5 355.3 359.3 363.6 364.4 365.9 368.2 370.1 377.4 385.8 384.5 387.2 393.6 397.8 398.7 402.1 413.3 419 422.8 430.1 434.6 440.1 444.8 453.3 457.4 461 465.7 472.7 475.8 480 483.9 487.5 494.2 499.3 503.4 507.7 513.4 520 527.4 533.4 538.7 547.4 554.4 560.9 571.2 582.6 594.9 605.7 612.5 619.9 632.9 653.6 670.7 684.7 700.9 715.7 730 739.4 746 749.9 752.7 753.3 755.2 759 753.3 737.3 712.1 681.1 655.4 623.7 603.2 582.3 557.1 541.8
332.8 337.9 341.5 344.4 350.9 354.2 357.1 360.3 360.1 363.7 366.7 370.2 377.5 383.5 381.5 385.2 393.9 395.1 401.2 408.9 411.1 412.6 420 426.4 431.8 436.9 442.1 451.2 455.5 461 466.6 471.9 476.5 481.3 486.2 489.1 493.8 498.1 504 509 514.8 521.5 527.6 532.6 536.1 544.8 552.5 558.1 568 580.5 593.9 606.5 618.6 624.4 632.9 646.7 661.3 678.7 693.8 706.7 720.6 730.5 738.1 743.4 749 753.6 758.8 763.7 762.2 754.9 738.2 709.2 684.6 650.9 624.2 604.4 584.4 561.1
331.6 336.7 341.4 344.6 349.7 353.7 356.1 357.6 361.9 366.3 368.6 372.2 376.4 378.4 379.6 382.4 388.1 393 397.7 404.2 408.3 411 414.9 422 430.5 437.3 445.3 449.8 456.2 460.7 466.6 471.6 476.2 482 486.9 492.6 494.6 498.5 504.3 508 515.1 521.1 525.7 531.6 535 540.6 546.4 555.1 566.8 578.6 590.6 603.9 616.6 625.6 633.2 641.4 653 668.3 684.5 695.7 708.1 718.2 727 733.4 739.7 746.6 754 761.2 763.1 761.2 754.5 741.6 718.5 689.6 659.9 630.9 611.8 588.6
327.1 335.9 343.1 345.5 349.2 353.4 352.9 355.7 358.9 362.8 365.7 370 374.9 379.4 380.5 382.8 388.4 392.1 393.8 400.8 406.3 411.9 417.7 426.4 429.9 439 447.2 452.6 457 462.5 467.1 471.2 476.8 480.2 485.5 489.1 492.9 499.2 503.7 507.9 513.2 520.5 528.3 532.4 535.3 539.3 546.5 556.1 567.9 578.8 588.7 598.9 612.3 620.9 628.8 636.8 643.9 659.9 673 682.8 694.1 703.9 713.5 720.9 728.2 736 743.7 751.3 757.1 759.1 757 754.7 749.4 730.9 697.2 668.9 637.5 613.7
324.2 332 341.6 345.2 347.4 350.1 350.4 354.4 355.4 357.2 360.8 365.5 370.2 375 377.1 380.3 385.6 387.8 390.9 395.1 405.4 410.2 415.4 421.1 424.5 431.4 444.2 449.8 457.2 461.8 464.9 472.7 477.1 481.3 486.2 491.4 496.5 501.9 506.2 510.6 515.6 521 527.8 532.2 537.1 542.9 548.4 554.9 565 576.7 586 595.2 606.1 614.1 621.9 629.2 636.5 649.5 661.9 671.4 680.1 689.8 699 707 715.1 723.3 731.2 739.3 746.2 751.7 754.6 755.5 753.5 748.2 733.3 701.4 674 644.2
314.7 326.2 336.6 343.2 346.8 350.4 354.6 352.9 351.2 358.2 364.5 367.5 369.3 370.5 372.9 375.1 380.2 389.5 398.4 407.8 414.8 417 418.1 428.3 433.2 440.3 440.3 443.4 455.2 461.4 465 469 474.8 480.6 486 491.3 496.1 502.7 506.2 510.8 515.1 520.2 528 533.4 540 543 545.8 551.5 561.1 574.1 582.6 590.8 599.1 606.3 614.7 621.4 628.4 639.2 651.3 661.1 668.1 677.1 685.9 694.7 702.4 709.8 718.5 727.5 736 743.2 749.9 751.6 753.4 752.4 751.8 741.8 716 688.8
317.2 331.7 337.4 344 349.8 353.1 356.4 348.9 349.7 355.8 362.7 367.2 366.9 365.9 366.2 374 380.3 390.5 397.8 408 417.4 421.7 423.7 428.5 430.5 439.3 444.9 451.2 458.9 461.2 464.6 470.3 476 478.7 484.9 491 496.5 501 504.6 511.7 515.9 521.1 524.2 529.2 537.2 545.6 547.4 551.5 559.6 570.2 578.7 585.1 591.1 599.1 606.3 613 620.8 629.4 640.2 650.3 657.6 665.9 674.3 683.3 691.2 697.9 705.1 713.5 722.2 732 739.3 744.4 748.6 752.1 755.8 755.3 750.2 740.2
318.4 327.2 334.9 341.8 348.3 351.5 354.3 346 332.2 343.5 355.7 352.3 356.6 368.3 374.3 380.2 383 389.2 399.3 405.5 412 417.5 424.5 426.6 428.3 437 447.2 455.3 460.2 467.4 471.5 477.7 481.2 486.1 489.6 488.2 492.7 499.6 505.9 512.2 516.3 520.3 524.7 531.5 538.7 545.6 550.5 552.1 558.5 564.9 571.5 578.1 585.2 592.6 599.2 604.4 612.1 620.1 629.5 637.8 646.4 654.4 661.8 670.5 679.2 687.2 693.4 701.6 710 718.5 725.2 733.1 742.3 749.7 754.6 758.1 758.9 755.9
318.4 324.7 331.2 337.3 342.7 348.2 342.8 317.8 314.3 344.9 350.4 361.3 366.4 372 378.4 383.7 391.7 395.2 401.9 406.9 407.1 413.6 418.9 421.1 426.1 437.4 446.9 455.1 463 468.5 473.6 477.1 480.4 485 489.5 493.8 499.6 503.7 508.9 515.8 519.9 526.1 529.2 531.8 536.8 539.6 548.6 551.9 558.7 564.1 570.8 574.6 577.3 587.3 592.3 596.9 604 611.4 619.6 625.8 633.6 642.3 650 657.7 665.8 673.8 680.7 689.2 697.7 704.3 711.4 719.1 729.9 741.5 751.9 757.4 763 764
315 324.2 329.9 335.4 339 340.8 319.5 330.1 344 347.2 352.3 361.8 364.5 369.7 376.6 384.5 393 397 402.8 412.6 419.6 418.2 423.4 424.8 427.2 432.8 443.3 453.1 461.5 468.1 470.8 473.4 477.8 484.1 490.9 494.7 500.5 504.7 509.8 514.8 517.9 522.4 528.3 534.1 537.1 540.8 544.2 552.3 562.4 564.3 565.5 569.9 575.8 580 585.4 590.2 596.2 603.6 610.5 616.4 621.8 629.4 638.6 646.5 655 662.8 668.9 677.4 684.4 691.8 698.9 706.5 718.6 731.2 744.3 752.2 758.6 764.4
312.8 322.8 328.1 333.6 334.8 323 311.4 339.4 342.9 345.1 349.4 357.3 364.2 370 375.8 385.2 390 396.9 404.1 415.4 419.9 421.2 423.7 426.6 433.6 442.3 446.7 451.2 460.9 468.1 472.7 477.9 483.3 487 491.1 494.6 499.2 503.4 508.2 513.6 519.2 524.7 529.8 535.6 540.7 543.5 545.8 549.9 561.5 564.8 570.2 574.3 576.6 580 582 585.9 591.9 595.3 603 608.9 614.6 621.5 628.1 634.3 642.6 651 658.4 665.3 670.2 678.7 687.9 696.6 707.4 719.4 732 742.4 750.9 759.8
310.6 317.3 323.6 325.6 320.5 294.6 328.2 339.5 339.9 346.8 357.3 363.2 367.7 372.2 376.7 381.6 388.3 396.5 402.7 412.7 415.9 422.4 423.2 428.3 435.5 444.3 452.5 457.8 465.2 469.3 475.7 482.7 484.6 488.2 491.8 496 501.1 504.5 509.7 514.5 521 526 528 533.9 540 544.5 545.2 548.7 562 567.2 570.3 575.6 579 578.5 580.9 581 585.3 591.7 598.3 604.2 610.2 617.7 624.3 628.7 633 641.5 648 653.7 660.3 668.5 677.9 688.2 697.4 708.4 720.3 730.5 744.1 756.1
307 312.5 316.3 313.2 283.3 308.9 327.5 334.3 336.9 348.1 359.5 364.6 369.4 374.6 383.2 384.4 384.2 394.1 404.7 409.2 413.1 421 425 429.4 437.4 446.4 453.9 462.5 465.4 470.7 476.8 481.8 486.1 489.2 491.4 494.9 500.9 503.9 507.1 513.9 516.9 524.1 528.6 532.8 537.1 541.6 545.9 552.3 560.6 569 572.8 575.9 578.3 579.8 581.3 581 583.5 589.9 596.1 599.5 604.7 612.3 619 625.5 630 633.8 637.9 642.1 649.2 658.8 669.4 679.9 688.3 700.7 711.3 721.3 734.9 748.8
299.7 303.7 307 284.6 288.7 309 319 324.9 339.5 346 354.4 359 367.7 375.9 384.1 388.2 395.2 398.3 401.8 406.5 412.9 419.5 431.4 436.5 439.8 447.9 455.5 463.1 466.9 471.4 475.3 480.9 485.3 489.2 492.3 495.3 500.4 504.9 509.5 512.4 513.2 522.2 527.6 534.2 539.3 543.5 554.4 566.7 566.8 572.6 575.5 576.1 580.4 582.3 583 587.2 589.8 592.8 597 603.3 606.5 607.3 617.8 623.3 626.6 632.1 632.9 638.3 640.4 651 660 671.2 681.8 694.9 704.6 711.6 723.4 736.2
287.9 295.2 286.5 276.5 300.9 310.1 319.9 328.2 342.6 351.5 354.6 359.9 367.4 376.4 383.8 390 397 400.2 401.7 409.8 417.5 428 434.3 439.4 444.6 450.8 458.1 466.9 470.1 473.7 479.1 481.6 484.1 487.4 490.5 495.6 500.8 505.7 512.2 514.5 514.4 521.3 525.6 532.6 540.5 545.2 556.1 567.9 578.5 580.6 578.6 582 587.6 586.5 588.5 590.3 596.9 603.2 606.2 609.3 615 616.8 615.1 618.5 623.6 628.7 629 637 639.5 653.3 664.1 673.7 683.9 693.1 702.2 709.9 720.1 729
278.1 279.2 261.2 288.3 301.4 313.5 320.5 328.5 338.6 351.7 356.8 362.9 368.9 377.6 384.7 392.8 398.7 402.9 409.4 417.6 423.2 432.2 435.4 438.5 448 452 460.1 467.4 472 475.5 479.6 480.6 484.6 487.6 495.1 498.6 502 505.2 510 513.4 514 520.9 528.5 532.4 541.5 546.8 554.5 565.6 574.5 581 589.8 595.1 600.4 607.1 605.2 599.9 601.9 612 618.5 622 627.3 626.5 624 622.9 628 627 631.6 635.5 642.3 660.6 669.6 688.9 701.8 703.9 708.8 714 721.1 727.6
267.9 256.4 273.7 286.8 299.4 309.2 321.1 329.6 335.6 345.8 355.2 361.3 367.6 376.6 382.9 391.3 400.8 404.6 411.8 420.2 427.2 431.9 435.8 442.6 451.7 455.4 460.6 466.6 476.1 476.9 478.6 480.7 484.9 491.5 496.5 498.9 502 505.1 508.2 513 515.2 519.6 525.3 534.6 541.4 546.1 552.8 566.8 574.4 580.1 593.4 607.1 614.7 619.6 623 624.2 615 619.1 627.7 638.4 642.8 645.6 640.7 635.3 636.8 634.3 639.4 641.4 653.7 670.3 680.5 699.9 719.5 730.3 732.4 730.7 732.7 734.2
251.9 251.9 278 290.1 301.4 313.2 324.1 331.5 336.6 347.9 352.5 360.1 366.2 375 381.1 389 396.5 403.4 412.1 422.2 430.8 434.4 435.2 443 450.9 456.4 460.5 465.5 474.1 477.4 481.6 481.9 485.9 491.2 495.2 499.8 502.7 505.5 508.6 511.7 514.7 519.5 522.4 529.7 539.1 544.9 552.6 568.7 579 588.4 594.2 606 619.3 628.2 633.1 636.4 640.5 637.6 636.7 648.1 658.3 663.1 661.4 653.8 651 646.8 651 657.5 671.1 678.2 691.8 713.6 735.5 748.4 758.1 764.6 761.2 757.4
217.9 268.3 275.6 288.1 298.5 309.2 320 326.3 337.3 351.2 354.6 360.6 367.2 373.9 380.9 388.1 394.8 402.8 411.6 419.2 425.1 431.6 435.5 441.4 450.5 460.7 465.7 468.4 474.9 478.6 482.3 487.9 490.1 496.1 497.2 499.7 502.9 506.5 507.7 510.4 516.3 519.8 525 525.3 534.4 543.2 555.2 567.2 580.9 597.1 608.8 609.4 620.7 631 639.8 647.7 652.5 658 660.1 660.2 666.6 673.9 677 678.4 675.6 673.3 677.9 691.1 697.3 701.3 709.1 728.4 747.8 762.7 780.3 793 798.7 797.3
223.5 268.7 273.5 286.4 294.5 307.1 318 325.5 335.2 347.1 354.2 359.2 367.8 371.5 380.4 389.8 395 403 416.7 424.7 430.5 434.1 437.8 444.4 453.3 460.3 468.3 473.5 476 477.9 479.4 483.7 489 494.1 496.7 498.5 501.2 503.5 509.3 510.7 516.2 518.5 521.5 530.7 535.5 540.8 552.6 569.1 588 606.8 615.5 620.7 628.1 638.5 645.7 653.8 661.9 664.7 672.8 679.4 679.9 682.7 685.5 689.9 688.9 689.5 702.5 718.2 719.6 726.6 734.8 744.5 755 772.4 797.6 816.3 825.4 825.1
257.5 267.9 276.3 284.5 290.6 308.7 320.1 327.3 331.7 343.1 347.6 356.4 364 371 380.9 387.8 395.9 407.8 416.8 425.6 432.6 440 446.9 452.2 457.2 463.6 467.9 476.3 477 479.1 478.6 481.8 487.9 493 494.2 495 497.6 501.7 503.8 510.6 516.3 522 528.1 534.1 541.4 545.3 557.2 569.7 594.7 611.3 618.6 623.5 633.8 643.3 651.2 655.8 663.6 674.9 680.9 687.4 692.6 692.7 690.5 693.4 697.7 699.9 711.2 724.3 737.6 753 765.9 769.2 774.4 787.9 809.9 832.3 844.3 843.7
260.1 266.1 274.6 280.3 286.4 308 318.6 324.4 331 339.8 344.1 350.2 358.9 367.4 377.1 384.7 399.1 405.6 415.6 426 434.6 442.3 449.8 453.5 459.1 462.9 468 476 476.5 478.5 480.5 484.9 493.1 497.2 495.9 493.3 493.3 497.9 501.1 506.4 518.7 529.5 536 541.3 548.4 553.7 566.6 579.2 598.2 610 618.8 623.8 633.9 648.6 656.3 662.1 669.7 680.7 685.8 697.8 700.3 696.6 699.1 699.9 704.6 710.4 720.1 731.5 750.1 764.6 771.1 780.3 791.6 805.6 819.6 841.3 853.8 858.1
253.5 264.2 269.5 274.4 291.6 308.2 315.7 319.1 327.2 333.5 336.1 341.7 350.8 363.5 378.6 391.3 400 406.7 416.9 423.7 434.9 443.1 447.3 452.8 458.3 462.3 466.3 471.6 475 478.9 481.3 486.3 490.5 493.3 494.9 493.3 494.1 495.3 498.2 510.9 522.8 532.3 542 546.3 550.4 557.5 570 580.1 596 609 615.4 620.5 634 648.5 660.4 667 671.1 681 689.8 695.2 698.4 701.1 702.4 702.8 707.3 718.9 732.1 746.1 756.9 774 784.7 794 805.7 814 825.8 846.4 863.3 869.9
248.4 256.1 264.9 273 293.3 303.3 311.5 313.4 321.1 324.8 336.6 353.6 359.3 359.2 377.4 392.3 399.5 406.2 415 423.5 432 438.7 450.2 459 462 464.9 465.6 468.5 470.4 476.1 480.4 486.5 489.5 490.6 491.4 493.6 498.4 500.9 504.2 510.4 519.9 530.8 541.6 549.7 554.4 563.5 575.4 589.4 598 604.1 610.7 617.2 628.2 639.2 653.4 664 670.4 679.2 685.4 689.2 690.9 696.4 697.8 699.6 705.2 713.6 728.3 749.9 768.1 775.1 780.7 791.4 804.3 812.6 821.2 839.5 854.8 867.3
243.6 252.7 261.5 275.3 286.9 300 304.3 306.2 313.9 324.3 340.5 357 369.1 374.2 386.1 392.6 402.1 404.4 412.7 424 434 443 450.1 458.2 465 468.8 470.6 473.5 473.4 481.5 488 484.3 488.8 490.4 493.4 494.8 496.1 498.1 501.3 512.2 524.7 528.4 536.3 550.1 554.2 561.7 573.3 592.4 600.2 604.9 610.2 612.7 622.1 635.1 646.5 658.7 664.5 670.7 675.5 677.1 680.8 685.1 687.3 689.1 694.5 704.4 718.1 738.2 760.3 771.4 771.9 775.9 786.8 798.2 808.5 829.9 847.8 857.3
237.9 249.3 257.8 272.4 287.9 293.1 298.1 286.6 309 319.4 340 359.8 369.4 376.6 384.5 396.3 406.1 412.8 417.1 427.5 436.4 444 451.3 455.3 461.7 466.2 469.7 471.3 474.1 482 489.3 490.1 488.6 490.1 491.9 495.8 496 496.8 499.4 509.3 519.7 525.9 528.6 541.4 549.8 560 570.3 586.2 593.7 601.2 607 611.9 620.4 627.6 636.1 644 652.7 655.3 657.9 662 671.9 674.3 675 680.1 684.1 690.5 702.2 721.9 749.8 762.7 758.2 760.6 764 774.5 788 808 833.5 846
234.4 244.3 254.5 267.8 276.5 285 287.1 261.9 296.5 326.1 343.7 355.3 364.2 379 384.1 397.5 406.2 414.1 421.2 428.5 434.9 442.7 452.4 457.4 460.9 466.3 473.5 478.4 475.8 479.7 484.7 488.4 493.3 491.3 491.9 493.5 495.7 497.9 500.2 503.9 514.4 525 529.7 537 547.7 557 570.7 577 585.9 595.9 603.6 609.7 616.7 626.9 633.5 639.1 640.7 642 643.9 652.2 658.7 666.5 667.9 672.2 674.9 680.6 692.6 707.1 735.2 750.8 746 743.5 741.6 750.3 763.5 781.8 806.6 828.2
230.2 237.5 248.4 259.8 270.8 275.5 262.5 281.6 311.8 327.6 347.6 359.5 371.9 375.4 382.8 395.2 405.7 412.8 421.2 429.7 435.8 447.4 451.3 458.2 466.3 469.2 474.6 479.5 480.8 484 488.2 489.8 497 496.8 495.6 496.7 496.7 499.2 503.9 504.3 514.3 521.9 527.7 532.4 543.7 553.8 566.9 570 579.2 588.6 597.1 604 611.3 618.9 628.4 635.5 634.3 633.4 635.9 633.2 637.5 647.5 656.6 663.1 665.5 667.7 679.5 692 718.6 737.2 731.4 725.4 723.3 728 741.8 757.5 782 813.2
224.2 234.2 243.5 254.3 264 253.6 267.6 295.5 317.2 333.2 349.6 359.6 371.7 384.8 391.2 397.3 407.2 417 428.2 438.6 445.9 453.5 458.9 465.8 473.3 477.1 481.5 482.3 484.2 486.5 489.6 500.2 499 501.4 501.4 500.5 501.1 503 505.5 508.1 512.9 517.4 523.7 533.2 534.8 543.6 553.5 559 566.7 577.9 586.3 594.6 601.9 610.2 620.5 625.4 628 628.5 622.8 619.7 624.6 633.5 642.9 650.3 657.3 659.9 670.6 678.8 695.4 717.5 713.4 708.2 703.3 707.7 723.7 736.5 761.7 796.4
210.8 223.4 211.6 221.6 242.9 269.3 285.3 301.5 317.7 337 351.6 363.3 373.1 387.1 398.7 409.1 419 430.4 445.3 451.8 457.3 460.9 467.3 470 472.1 479.3 485.1 492.4 497.1 498.7 497.2 498.2 500.8 505.1 506.1 506.5 509.1 511.3 515.5 518 521.2 528.7 543.6 553.6 552.6 548.3 548.4 551.5 558.6 571.1 577.5 585.9 596.6 603.3 611.3 612.1 616.2 616 613.7 613.1 616.1 626.5 634.1 640.9 648.6 656.6 664 668.1 680.2 695.8 696.9 693.3 687.6 683.9 698.4 714 738.7 776.5
