Assets/StreamingAssets/GeoData/Data/nh/NH29.asc
ncols 200
nrows 200
xllcorner 220000
yllcorner 890000
cellsize 50
[rows 35 to 69 of 200, columns 0 to 78 of 200]
397.9 391.7 383.1 381.4 378.8 377.4 370.6 363.3 360.1 359.3 356.4 355.2 353 352.2 349 348.8 347.5 343 336.8 335.1 333.5 334.2 336.3 335.4 331.9 328.5 325 323.3 323.3 327.2 323.4 322.6 318.6 317 313.3 315.8 316.4 316.7 316.1 314.5 311.9 311.3 305.7 301.7 304.3 308 307.4 304 303.2 299.6 295.8 289.5 283 279 277.3 275.8 274.5 274.1 274.8 275.4 273.2 272.1 272.5 272.3 274.1 275.1 272.9 271.6 270.3 268.5 266.9 266.3 264.7 264.8 263.7 258.4 251.8 246.1 242.2
399.2 393 386.6 383.6 381 379 381.3 381.9 377.2 373.4 369.5 362.9 360.1 356.6 353.5 351.3 348.3 342.9 339.9 338.9 337.1 332.5 331.9 329.6 328.1 326.9 324.7 325.1 325.7 325.9 327.4 328.8 330.3 332.8 334.6 332.6 325.5 322.8 321.1 319.8 317.7 313.8 310.9 305.1 301.6 303 303 301.9 298 294 291.5 286.9 282.3 281.5 279.5 278.1 274.6 272.9 272.3 272.9 273 274.4 274.6 274.7 274.9 274.7 273.2 271.6 269.4 268.5 267.9 266.4 264.3 264.8 259.6 255.8 249.8 243.8 239.6
404.9 401 399.8 397.5 396.8 395.6 391.8 387.5 387.1 382.2 376.1 371.9 367.5 363 359.9 355.4 350.7 347.8 344.4 341 336.3 335 334.9 333.5 333.1 331.5 322.7 329.1 329.4 331.2 332 333.2 334 336.1 334.8 333.9 335.4 328.9 328.3 325.5 323 321.2 314.2 309.1 303.5 300.9 299 296.8 295.3 290.9 289 286.5 282.6 281.2 279.3 277.7 275.6 274.9 275.5 277 275.8 274.8 275.7 275.8 277.4 277.5 277 276.2 271.7 267.4 263.1 261.9 259.7 256 252.2 247.7 242 241.4 241.4
401.2 400.1 400.6 401 403.6 398.4 393 387.6 383.5 381.2 378.1 373.1 370.4 366.3 361.3 356.8 352.3 350.4 348.5 345.8 336.9 334.7 336.2 334.6 335.8 330.4 335.2 335.1 335.8 336.8 338.9 339 340.3 341 340.3 335.5 334.8 330.5 325.7 320.3 316.6 313.9 311.6 308.5 302 300.4 299.3 296.8 294.4 292.5 291.3 290.5 287.7 283.3 279.9 278.8 278.3 278.7 278.5 277.7 276.9 276 275.6 275.8 274.6 274 273.8 273 268.3 265.1 260.8 259.2 256.4 251.2 245.1 237.3 239.7 239.7 240.1
401.8 406.1 410.4 406.7 402.5 399.2 394.9 389.2 383.2 378.9 376.3 374.6 372.2 366.9 362.3 357.9 356.2 351.7 347.5 344.2 339.5 342.7 342.8 341.6 340.7 337.2 334.6 335.2 335.7 337.7 339.5 337.1 338.7 343.2 343.8 343.2 341.2 337.6 333.6 332.7 331.2 326.8 318.1 314.4 309.2 299.5 296.9 297 294.4 291.1 289.7 288.7 285.6 283.2 281.2 281.4 279.3 279.3 278.8 278.5 278.1 277.4 277.1 276 275 271.3 269 264.7 259.6 253.9 248.9 246.1 242.2 242.1 238.3 243.8 236.9 234.6 233.1
404.4 413 415.8 413.9 411.6 407.8 404.2 394.4 388.3 380.5 376.3 374.1 370.5 368.1 364.2 359.6 357.8 355.7 355.3 351.7 349.8 348.2 345.3 342.4 341.1 340 340.4 342.2 341.8 337.5 335.3 335.3 336 337.8 340.3 339.7 339.2 338.2 338.4 339.2 338 330.9 326.2 322.6 317.1 310.4 303.3 302.6 298.2 297 296.9 294.9 293.3 291.7 287.5 284.6 283.2 281 281.1 281.1 281.2 283.5 283.3 283.3 281.2 276.5 270.1 264.2 257.8 254.9 252.1 250.2 251.7 244.3 244.8 245.8 243.9 244.8 242.5
422.2 422.7 421 419.7 418.7 415.2 409.5 400.4 393.4 385.8 379.9 380.6 383.3 380.2 377 377.2 375.4 373.5 371.9 366.3 365.1 362.3 357.4 356 355.6 358.8 362.3 365 363.2 355.4 351.2 353.6 350.4 345 347.8 349.7 350.3 352.8 351.6 351.9 352.1 352 350.3 345.2 337.6 329.9 321.7 314.6 309.6 309.3 305.4 303.5 301.5 298.1 296 290.4 289.4 285.7 283.2 283.8 284.5 285 284.5 283.9 279.5 277.3 272.3 266.4 262.1 258.6 254.4 252.2 253.2 255.5 252.4 251.4 247.3 247.7 247.4
429 427.5 429.2 427.6 417.8 412.8 406.6 398.4 392.5 388.6 388.9 391.5 389.7 387.2 384.6 379.5 378.7 377.5 372.9 366.3 366.6 363.3 361.4 360.5 358.2 361.2 360.1 357.3 356.5 356.1 356.4 356.2 354.7 354.2 353.6 352.9 352.5 351.1 349.8 351.3 350.3 349.7 347.5 343.8 339.2 332.2 322.3 312 307.6 306.9 305.1 300.9 298.7 295.3 294.4 293.5 289.8 287.2 285 284.3 284.3 284.5 282.1 279.3 276 272.5 268.4 260.7 258.1 254.5 259 261.3 265.3 262.3 259 255.4 249.3 252.5 253.2
422.9 424.2 424.6 422.3 418 410.1 400.1 397.3 394.4 398.5 402 403.6 399.9 396.9 393.4 388.4 385.5 380.2 375 368.6 367.7 368.5 366.7 364.5 369.4 365.8 361 361 363.2 365.5 364.6 365.8 364.6 363 362.1 361.4 357.5 354 351.3 350.7 348.3 344.4 339.6 336.7 334.6 333.1 328 325.2 314 309.5 307.1 305.8 303.2 300.7 298 294.6 292.9 290.7 290.3 289.8 287.4 283.8 281.4 277.9 273.6 266.1 260.1 265.8 262.6 265.5 266.3 267 266.1 263.9 264.4 263.3 260.1 259.3 255.8
419.2 419.1 421.3 421.1 416.1 409.3 406.2 412.3 407.9 411.4 415 413.9 411.4 407.4 401.6 395.9 390.4 385 374.4 373.4 375.7 374 374.3 375.5 374 368.4 361.8 364 368.1 370.2 369.9 370.3 371.9 370.2 366.8 363.3 360.7 358.3 353.9 351.1 349.1 348.4 344.3 343 338.2 334 330.9 328.6 324.2 312.1 306.1 304.3 303.9 302.8 301.4 298.2 297.1 295.4 293.9 290.1 288.2 283.7 280.9 277.1 272.6 264.7 260.9 269.2 269 267 269.6 269.2 265.4 263.1 258.8 259.7 257.1 253.1 251
411.6 408.1 409.8 411.9 413.1 414.2 419.5 424 427.5 427 425.6 420.8 418 415.5 408.8 402.2 397.5 387.6 376.6 381.7 380.9 378.4 378.8 381.6 376.3 372.5 363 366.7 369.7 369.7 373.2 375.6 374.7 374.8 372.5 370.1 364.9 362.1 359.8 356.8 354.1 351.3 348.5 344.9 341 336.7 331.8 328.3 322.3 313.3 306 305 305.6 305.6 304.7 302.7 302.8 299.9 294.8 290 283.7 279.3 275.3 269.8 265.8 263.8 267.6 269.3 269.9 269.3 267.7 262.4 262.1 260.3 255.4 250.7 249.6 249.1 249.2
409.2 407.7 409.9 411.5 411.8 414.5 422 429.4 430.9 429.4 428.1 426.7 424.5 421.8 416.2 409.8 400.8 388.9 386.7 388.3 385.4 384.6 391.9 385.4 379.6 370.2 364.7 365.2 368.3 369.9 367.9 367.8 369.1 371.3 369.2 369.2 366.7 364.2 360 355.8 353.3 351.1 348.9 344.7 342.6 341.8 337 333.7 328 322.8 315.6 307.2 303 301.2 301.8 301.6 299.9 296.8 289.7 279.2 275.3 271.8 268.5 270.3 271 274.8 275 277 275.5 274.7 274.1 272.1 265 261 257.5 255.8 257.4 258 258.8
402 402 402 406.6 412 422.8 430.3 436.8 438.1 441.4 441.6 439.8 436.4 432.7 427.3 416.7 404.1 393.2 392.4 390.4 386.5 393.5 395.4 395.6 391.6 383 382.2 377.8 377.7 379.3 381 383 383 383.4 383 380.7 376.8 370.7 364.9 361.7 359.7 357.3 354.2 349.9 345 340.6 336.7 333.7 329.9 326.7 321.8 315.2 310.4 302.9 300.8 300 298 292.1 286.8 278.6 275.1 278.4 280.1 280.1 280.8 280.5 278.2 278.4 279.3 280.9 279.3 280.5 275.9 272.3 273.3 270.4 271.2 266.5 265.6
407.7 406.9 402.6 411.7 424.4 426.6 431 437.4 443.5 448 447.8 444.8 441.9 437 428 416.8 399.5 389.1 389.1 387.1 387.1 389.1 384.9 381.4 381.4 381.4 381.4 382.3 383.3 382.5 383.4 385.2 386.2 383.5 382.8 379.6 375.1 371.1 365.5 361.9 359.2 355.9 353.2 350.5 348.6 347.1 344.5 341 338.9 336.3 332.8 327.7 320.6 312.2 301.4 297.2 295.1 292.8 285.6 281.2 280 280.8 283.2 284.3 286.9 287.2 289.4 290 291.4 290.7 289.6 287.4 283 283.7 282.6 280.9 281.5 274.1 271.3
402 407.9 413.4 421.3 443.4 443.5 441.7 440.9 441.4 445.3 449.4 448 443.8 439.2 428.7 410.4 396.2 393.5 386.8 387.1 395.6 396.4 394.7 398.4 396.6 391.9 393.9 393.4 394.1 392 390.4 388 385.6 387 386.6 382.6 379.8 372.6 367.6 365.2 364.8 360.6 358 356.7 355.7 355.7 354.4 353.4 349.3 345.4 341.1 336.6 327.4 315 304 298.2 294.1 291.5 290.4 282.5 291.7 291.5 289.1 280.8 290.7 292.7 295.3 297.2 299 300.3 300.6 299.1 296.2 293.7 299.6 300.4 298.1 297.2 296.6
402 410 420.1 434.8 445.1 451.8 454 455.3 453.6 450.7 444.8 441.1 438 432.8 418.8 408.5 398.8 393.6 388.6 399.7 403.9 407.2 410.1 404.7 396.5 396.2 399.1 401.1 403.7 407.2 405.5 403.5 400.7 398.4 394 392.1 389.6 385.4 380.1 375.2 372.1 370.6 367 361.6 359.1 359.7 354.9 351.9 347 343.4 340.9 338.7 332.1 327.3 317.5 304.1 293.7 289.6 293.9 292.5 292.9 292.2 291 285.3 294.6 296 296.5 298.8 302.7 305.7 307.3 305.9 304.6 309.4 315.3 320.4 323.3 322.4 316.9
418 413.8 426.4 442.4 451.1 455.6 457.4 458.8 461.2 460.7 457.6 450.4 440.6 423.5 411.9 405.4 399.3 393.6 405.2 423.6 419.2 417.9 416.1 413.8 410.6 407.1 405.9 405.7 407.5 410.8 410.6 411.9 412.1 410.2 411.3 406.6 397.8 390.9 387.5 381.5 377.3 374.5 370.7 367.8 362.7 358.1 353.6 350.3 347.4 345.9 342.3 337.3 330.1 322.7 313.8 307.9 295.8 293.5 296.7 297.8 297 296.9 297.3 295.3 300.5 305.2 310.4 308 307.7 308 307.1 307.1 316.2 325.5 332.3 337.8 338 336.2 329.4
423.5 427.1 439.7 449.1 452 455.3 459.6 459.9 460.5 459.9 456.1 449.9 441.9 426.3 412.8 404.7 405.5 408.5 426 431 429.2 426.8 424.9 423.1 421.1 419.3 417.9 417.9 417.6 416.3 417 418.5 416.5 414.1 409.3 403.5 397.8 395.7 393.2 391.3 387.8 383.6 382.4 381 375.2 369 360 355.5 351.7 348.3 342.9 333.7 325 319.6 313.6 309.2 304.2 299.4 307.1 304.5 303.1 300.4 300.4 296.1 302.4 307.2 309.8 308.4 311.4 311.4 313 324.1 331.8 342.3 348.9 353.8 352.8 346.6 342.5
424 427.3 434.9 443.1 450.6 450.3 450.7 455.1 456.7 456.7 454.6 446.7 436.1 429.7 421.2 411 406.1 421.1 430.1 435 432.5 426.1 422.5 420.9 420.8 420.6 420.7 423.2 424.1 425.7 425.9 425.2 422.4 420.3 414.5 408.2 405.7 402.5 401.2 401 400.5 396.9 393.5 388.8 383.3 376.7 367.4 361.2 356.6 350.1 341.9 333.2 327.1 320.7 315.6 312.1 312.8 301.6 306.9 304.3 303.8 300.4 298.2 297.2 299.6 301.9 304.9 305.3 312.1 316.8 324.4 333.1 341.1 349.3 351.1 356.9 358.4 365.2 359.6
435.2 441.8 448.1 451.7 457.2 457 454.9 454 449.4 450.5 451 445.1 430.8 424.1 413.7 412.1 420.5 423.9 431 433.6 438.6 440.2 437.8 439.3 439.5 439.4 437.9 436.1 434.8 434.2 434.9 434.2 432.6 428.1 421.9 417.5 412.8 411.7 411.2 408.4 404.7 401.7 397.8 391.9 384.7 379.6 374.4 370.7 363.8 351.9 341.1 334.9 328.4 323.7 317.8 313.6 308.2 304 304.9 305 303.1 301.2 300 299.9 300.6 303.5 307.4 316.6 323.7 328.7 334.4 341.9 351.3 358.4 361.7 366.8 374.1 372.9 367.6
438 442.1 446.2 449.6 449.9 452.1 452.1 451.4 449.2 445.4 440.8 433.5 421.5 420.1 414.8 422 437.9 447.2 448.3 449.6 448.3 443.7 442.5 439.5 438.9 439.4 439.5 439.5 438.7 440.2 441.5 440.1 438 435.9 428.9 420.4 415.3 414.6 412.6 411.4 408.9 405.2 400.6 395.2 388.6 382.6 375.2 369.7 359 349.6 342.6 336.7 328.4 325.1 321.9 321 317.4 312 310 306 305.4 303.1 302.8 306.5 306.4 308.4 312.2 321.2 330.2 337.1 344.5 351.8 358.7 365.1 373 377.4 382.5 379.6 373.9
433.8 437.3 441 446 448.4 446.1 445.8 447.1 443.2 438.9 432.7 417.2 416.6 425.8 437 439.9 445 450.5 452.4 452.2 449.5 444.3 442.2 438.8 438.8 442.5 444.6 445.1 445.8 448 448.4 447.7 444.3 439.6 434.9 431 428.9 424.8 420.1 417.8 414.6 409.5 404.3 397.5 389.4 379 367.4 359.9 353.2 347.9 341.6 334.5 332.1 330.8 328.6 327.1 323.4 319 314.2 308.6 307.8 307.9 305.4 308.5 312.3 313.2 317.7 325 336.1 339.6 347.4 354.1 361.1 367.9 375.5 381.6 385.5 381.4 377
421.1 423.7 427.5 432.1 437.2 439.6 438.1 434.5 432.6 428.6 420.9 417.9 424.9 433.9 443.7 448 454.9 460.4 459.1 458.1 452.4 448.9 445.6 438.7 435.9 436.5 439.1 441.9 443.7 444.5 444.9 442.8 440.5 440 442.6 438.2 434.7 433 429.2 422.9 415.9 410.5 404.4 395.7 383 370.8 363.3 359.1 355.6 350 342.1 338.2 335.3 331.9 328.7 324.6 321.1 319.6 317.5 310.2 316.4 317.5 318 318.7 324.8 330.4 333.2 340.6 349 356 360.6 363.5 369.5 374 384.1 390.7 388.1 385 381.9
415.1 420.8 421.2 423.5 427.8 430.9 432.7 430.7 428.6 423.9 416.7 417.4 434.5 447.6 453.6 456 461.5 459.8 457.9 454.5 449.8 443.8 436.3 435.9 435.9 435.9 435.9 437 442.2 443.9 445.7 449.7 449.3 445.8 442.5 439.6 434.4 430.6 425.1 417.2 409.3 406 395.3 381.7 375 370.7 367 361.4 355 348.4 341.7 335.5 332.1 327.8 322.8 322 320.1 316.9 313.9 318.7 325.9 338.7 342.6 346.5 352.2 363.9 375 379.1 386.6 403.6 412.3 412 405.6 402 396.5 389.2 385.2 381.1 377.2
411.2 416.1 418.1 419.9 419 424.9 427.7 429.6 424.5 419.7 416.4 419.4 434.2 443.6 448.9 453.7 455 453.8 452.7 451 452.4 449.6 439.8 436.5 436.3 433.9 435.7 436 437.5 439.5 439.4 439.4 440.9 441.3 438.6 433.1 427.2 422.3 413 404.4 395.6 385.7 383.7 381.2 374.4 370 365.2 359.8 352.9 343.1 335.1 328.7 327.1 323.4 319.9 319.3 316.8 323.7 332.7 338.3 347.1 360 367.5 372.8 377.2 384.3 398.9 413.3 422.8 422.6 418.5 411.9 403.9 399.4 398 395.6 387.3 381 371.3
401.6 405 408.5 410 411.5 415 420.8 422.9 417.6 410 401.6 405.4 418.4 425.5 426.5 427.3 431.1 436.4 437.8 441.8 439.7 437.8 433.9 429.6 428.6 427.6 431.6 432.1 432.6 434.8 434 433.9 432.8 428.3 425.8 422.6 416.5 406.5 397.2 391.2 384.1 382 379.6 375.3 368.7 364.3 360.9 355.5 348.7 339.2 328.1 322.3 318.2 317 316.4 319.1 328.9 339.3 346.3 353.3 359.4 371.9 386.2 396.7 404.1 411.8 407.8 413.8 421.2 429 422.2 417.6 412.3 404.7 401.1 396.6 388.9 381.5 375.5
387.9 388.1 388.5 392.8 396.5 398.6 401.4 399.6 396.5 387 385.2 397.8 409 412.8 415.9 416.2 416.4 414.1 410.8 406.6 408.9 412.3 411.5 417 420.2 424.4 424 428.2 432.2 431.4 429.2 427.8 425.7 422.8 419.1 413.1 403.4 393.5 385.4 380 376 373.7 371.6 368.8 365.1 362 357.2 350.6 342.5 330.8 324.3 318.9 316.4 316.4 319.7 330.2 339.1 349.4 356.6 368.5 387.6 399.7 412.7 428.2 441.1 446.9 438.3 423.5 411.5 414.6 417 412.6 408.8 404 401.1 397.1 390.7 382.5 375.3
378 379.2 379.1 381.7 386.6 390.1 388.4 384.9 380.6 376.3 381.7 393.3 395.2 396.9 402.9 410.9 410.2 408.4 407.2 407.4 409.5 412.1 413.5 415.5 418.5 419.6 421.3 421.8 427.4 424.2 421.7 420.9 413.7 407.3 399.7 390.9 383.6 378.7 374 371.7 371.2 371.4 368.2 365.4 360.2 353.1 349.6 342.1 332.2 326.5 322.9 320 323.1 322.9 326.7 337.2 349.9 356.8 364.8 391.9 407.8 421 433.8 442.7 447 443.6 432.3 423.5 414.2 410.3 407.2 409.2 404.3 397.6 393.4 390.7 384.6 377.8 373
368.6 372.2 374.1 373.3 376.3 376.9 377.3 373.5 370.1 366 383.1 389.7 388.4 387.3 383.4 390.2 394.3 399.5 399 398.7 400.6 397.6 394.9 399 403.4 407.3 408.3 409.2 413.3 414.9 409.5 400.5 393 387.8 381.8 380.2 379.8 375.7 372.2 370.1 366.1 364.3 360.8 356.5 350.6 344 340.8 334.6 332 326.8 325.7 324.9 324.4 327.8 335.7 343.2 350 367.4 382.6 402.5 419.4 434.2 443.4 444.5 441.1 432.7 423.6 418.7 413.5 405 399.3 402.2 398.3 393.4 390.5 390 382.3 375.4 370.9
361.2 363.2 361.2 364.1 365 366.2 365.4 361.5 359.6 363.6 376 378.5 378.9 378.2 378.2 378.2 378.2 378.2 378.2 383 388 390.9 392.5 396.7 395.9 397.9 399 399.7 400.5 401.6 393.1 384.4 376.6 373.9 378.4 376.8 373.4 369.7 366 361.1 356.7 351.9 348.7 345 343 340.3 336.5 332.1 329.4 326.1 325.6 326.5 326.5 334.3 341.2 351.7 366.1 382 397.3 415.4 430.4 444.5 451.3 451.6 446.7 434.2 424.4 417.8 411.8 408.5 402 396.5 395.9 395.9 391.4 385.8 381.4 373.8 367.9
353.6 351.5 346.8 348.7 353.4 350.6 349.4 351.1 354.1 365.6 373.4 376.4 384.1 379.6 379.8 382.5 383.8 381.5 381.8 384.3 384.6 387.6 392.6 393.5 397.1 397.1 397 392.5 386.3 386.1 375.7 372.8 377.7 386.5 381 375.7 369.3 363.4 358.9 349.8 345.6 340 338 335.4 334.2 333.5 334.1 329.1 327.8 328.9 331 333.3 337.7 348.3 356.5 363 377.6 402.1 423.7 444.3 456.3 458.7 459.5 453.2 444.6 435.7 430.6 424.4 418.5 415.4 409.1 402.5 396.3 390.1 386.8 383.4 376.9 367.4 360.7
337.1 336.4 330.8 331.4 336.3 340.7 346.9 351 355.1 361.8 364.9 365.3 363.9 367.1 371.5 371.5 370.8 367.2 364.2 362.4 362.5 366.4 375.5 381.2 385.7 386.9 387 383.6 377 367.3 367.5 381.4 384 383.1 380.4 372.6 360.9 352 348.6 341.4 336 334.9 337 341.6 340.2 339.3 338.8 335.8 335.5 336.3 340.8 345.9 351.6 362 373.6 388.9 401.4 428.2 449.8 458.9 463.1 461 459.8 454.4 450 443.8 435.7 427 420.6 413 406.4 402 396.6 389.7 378.9 377.2 370.9 365.4 356.1
323 322.7 325.6 328.7 331.2 334 343.1 351 360.2 365.6 365 362.7 357.5 354 353.3 353.8 350.2 351.6 354.3 352.4 352.9 354.2 356.8 363.7 365.7 367.4 368.5 365.3 361.2 371.9 376.7 380.2 380 379.3 374 369.4 356.4 343.3 339.3 338.2 342.8 346 347.3 347.8 346.8 346.4 343.6 342.6 341.7 346.3 351.2 357 362.5 376.6 390.6 403.8 425.5 444.1 458 463.4 468.9 472.4 470.9 461.8 455.2 446.1 437.6 429.5 422.9 415.6 406.9 402 396.7 388.6 381.4 371.5 368.9 365.1 357.5
315.7 318.7 326.4 328.8 328.4 331.8 341 351 361.4 364 362.3 359.8 352.1 346.5 346.5 346.5 346.5 346.5 346.5 346.5 346.5 346.5 351.6 355.7 357.1 356.1 353.2 356.5 366.5 372.2 371.7 372 371.4 369 364 357.4 351 341.7 345.8 346 351.6 351.5 353.6 354.2 352.7 351.5 350.1 349.7 351.6 352.4 358.7 369 378.9 390.1 404.9 422.6 438 458.9 472.6 483.2 488.2 485.6 478.4 472.6 465.9 458.7 451.5 443.4 434.8 427.5 417.1 408.6 402.9 393.9 386.7 381 371.2 363 355.8
306.2 308.3 314 314.6 312.2 319 329.4 339.3 350.2 354.3 354.1 351.9 346.5 346.5 349.7 346.5 346.5 346.5 346.5 346.7 346.5 353 353.1 353.1 348.9 339.2 349.7 364 365.1 370.3 370.7 369.7 368.4 362.6 358.7 356 349.6 345.1 349.2 354.6 357.1 357.8 358.2 358 356 357.6 356.3 356.1 357.8 361.6 368.4 379.4 392.4 403.6 418.5 436.6 461.8 482.2 494.3 498.5 501.8 499.1 492.3 486.2 479.6 471.7 465.4 459.2 450.5 442.5 432.7 421.6 413.8 406.2 397.3 391.5 382.8 371.1 364.2
