Assets/StreamingAssets/GeoData/Data/nh/NH31.asc
ncols 200
nrows 200
xllcorner 230000
yllcorner 810000
cellsize 50
[rows 105 to 139 of 200, columns 0 to 78 of 200]
312.3 314.3 317.2 322.6 324.1 319 312.2 314.1 317.2 322 311.4 297.3 286.1 290.3 296 296.5 293.3 288.1 273.3 269.7 267.7 264.7 263.7 258.4 248.2 238 233.7 229 224.6 220.4 213.9 207.8 202.2 197.8 194.5 192.1 188 182.6 180.8 176.2 168.1 164.1 159.7 160.5 159.1 160 156.8 158.1 149.5 154 156.4 156.9 150.7 146.9 155.1 146.9 149.1 147.4 141.7 138.3 143.2 142.4 137.4 130.1 123.8 125.8 123.7 120.8 125 124.6 128.1 120.3 121.1 120.3 121 120.6 120.2 119.8 118.7
305.8 306.8 314.2 315.1 316.8 311.3 311.6 319.3 314.1 304.9 298.3 293.9 292 299.8 306.4 303 298.8 292.3 280.2 270.6 266 258 252.7 249 244 238 233.7 230.4 226.8 222.2 216.6 210.2 204.5 200 194.4 188.5 182.3 178.2 176.4 169.2 161 155.8 153.9 150.5 149.1 150.7 152.5 153.8 145.6 144.1 148.6 139.3 134.7 131.9 135.7 141.2 141.6 136.5 132.2 128.6 127.8 125.7 125.5 124 122.4 116.8 117.3 118.9 118.2 119.3 119.5 122 119.3 120.1 118.4 118.6 118.2 117.7 117.2
297.7 300.3 304.7 307.8 304.6 301.1 301.2 303.3 301.9 300.6 300.8 297 298 311.2 310.8 307.8 301.3 296.8 286.5 274.9 267.1 257.9 250.1 247.8 243.2 238.3 234.9 231.4 225.7 220.6 218.2 212.9 207 202.5 195.4 185.2 176.1 172.4 168.4 164.4 161.8 157.6 151.3 149.3 149.2 143.3 141.1 140.7 142.5 141.2 157.3 141.3 130.1 127.1 126.1 125.6 125.8 126.2 126.9 125.8 125.9 124 123 121.1 117.5 115.9 114.3 113.9 115.4 120 121.4 122.5 121.4 121.2 120 118.8 117.8 116.9 115.9
289.3 291.2 295.2 298.4 295.6 295.9 294.2 293.8 297.1 293.3 295.9 295 297.6 299.3 303.7 305.2 297.1 291.1 283.9 276.8 269 261.2 254.5 250.2 244.2 238.6 235.2 231.5 227.4 224 220.8 214.3 206.6 198.7 189.5 181.7 173.6 170 165.3 159.2 155.6 152.2 150.6 150 147.9 141.3 139 136.5 135.8 136.4 137.2 132.7 127.9 125.9 124.4 123.3 122.9 124.1 123.5 123.4 123.9 122.9 121.7 116.5 112.8 112.5 112.3 112.2 112.2 114.2 117.8 118.3 119 115.9 116.2 116.8 115.7 115.1 115
284.3 285.6 291 296.7 295 291.4 289.7 288.2 288 291 288.8 290.9 294 295.6 296.8 300.4 300.7 295.3 285.9 276 268.7 261.3 254 249.2 242.7 238.7 235.7 232.6 228.2 225.5 220.6 211.1 201.5 192.2 183 175 168.6 164.9 162.1 157 152.3 148.6 145.3 144.9 144 141.1 137.3 132.2 131.7 132.9 133.3 130.5 125.3 126 121.2 119.3 118.3 120.3 123.5 123.4 120.1 117 114.7 112 111.2 111.3 111.2 111.2 111.6 112.1 112.7 113.5 114.4 114.6 114.8 114.4 113.8 113.5 113.7
284.8 284.2 285.5 290.5 291.2 288.8 290.6 287.2 284 283.9 282.7 284.5 288.6 291.3 290.3 297.6 301.5 294.4 280.8 274.8 266.6 259.5 253.2 247.9 242.8 239.1 236.6 233.2 228.8 222.5 213 204.2 194.7 185.8 176.6 169.2 163.9 161.4 158.4 152.5 147 143.4 139.7 135.7 136.7 134.1 130.8 127.4 127.5 128.1 128.8 125.9 122.6 120.6 117.3 114.9 113.7 112.8 114.2 115.1 114 112.2 111.9 110.6 110.6 110.6 110.7 110.6 111.1 111.8 112.5 113.3 114.3 114.5 114.6 114.3 113.7 113.4 112.8
278.6 280.8 282.8 288.5 290.2 289.6 286.5 289.9 283.3 279.2 276.1 279.6 288.1 288.2 285.8 285.2 292 295.2 283.9 276.3 266.8 258.2 252.4 250.5 247.3 249.1 246.5 235.5 225.4 214 203.4 194.7 186.2 178.2 170.6 163.7 159.8 155.5 150.8 144.9 139.2 134.8 130.2 128.3 126.5 125.5 124.8 123.3 121.4 120.4 120.3 121.3 118.8 116.2 113.8 111.3 111.2 111 111.1 111.7 111.8 112 112 111.1 110.6 110.8 111 110.8 110.9 111.6 112.4 113.2 114.2 114.4 114.4 114.3 114 113.6 112.5
270.9 274.6 280.1 280.3 281.3 281.7 281.5 284.7 279.8 275.2 271.8 278.4 289.8 287.4 284.4 276.8 278.4 279.5 271.8 266.4 262.3 259.9 261.3 261.1 251.4 252.2 238.2 226.2 214.2 203.7 195.1 187.4 178.1 172.1 165.4 158.1 153 148.6 142 135.1 129.2 127.7 126.9 125.4 126.6 124.4 123.2 121.5 119.2 118.5 118 117.5 115.3 112 111.1 111 111 111 111 111.2 111.4 111.6 111.9 111.2 110.6 110.9 111.7 111 110.8 111.7 112.4 113.1 113.7 114.2 114 113.4 112.7 109.8 109.2
269.1 271.7 275.5 275.6 274.5 275.6 272.3 271.3 271.8 269.2 269.2 276.8 279.8 285.5 281.5 272.4 268.2 267.5 265.6 267.1 263.2 256.3 256.1 251.9 242.6 235.1 225.4 213.5 203.2 195 188.3 182 173.3 165.7 157.7 153.2 148 141.7 136 129.7 127.4 127.2 127.4 122.5 121.6 122.5 120.6 119.8 118.8 117.8 116.6 113.7 112 111.3 111 111 111 111 111 111 111 111.1 111.1 111 110.7 111 111.5 111 110.7 111.7 113 114.2 113.7 110.8 110.3 109.2 109.2 109.2 112.5
262.8 265.3 270 270.8 269.5 269.4 266.5 262.2 261.4 259.7 264.5 272.9 269.8 273.4 272 266.4 267.9 270.2 263.8 261.1 257 250.2 245.8 240.8 235.9 229.4 218.9 204.5 193.9 187 179.7 172.9 166.2 160 153.6 149.2 144.5 137.9 131.3 128.8 127.7 125.7 124.7 125.9 121.5 117.2 117.4 118.3 117.9 116.5 114.8 112.5 111.2 111 111 111 111 111 111 111 111 111 111 111 111 111.1 111.4 111.7 111 110.8 111.3 111.1 111 112.8 112.8 112.8 115.1 118.1 118.6
256.3 258.3 258.8 259.7 262.6 260.1 257.4 254.5 253 251.6 252.8 258.8 259.2 256.9 254.3 252.7 259 263.9 261.2 254.2 250.4 244.3 242.6 235.1 229.8 220 205.2 190.3 183.2 176.2 170.2 165.4 161.8 153.5 148.7 145.9 141 133.5 127.5 123.4 128.8 122.3 121.6 124.1 121.5 116.7 116.5 116.2 115.1 114.4 111 111 111 111 111.2 111.3 111.4 111.4 111.4 111.1 111.1 111 110.8 110.6 111 111.2 111.4 112.1 111.8 114.7 117.6 120.7 123.7 125 123.7 119.7 118.3 118.3 119.6
249.8 250.7 248.9 250.2 253.3 250.8 248.4 251.2 246.5 245 245 247.2 248.1 250.3 249.3 245.5 244.6 248.3 246 245.6 242.8 238.4 238.9 222.5 216.5 199.9 187.2 176 169.8 161.6 154 146.4 143.5 137.7 135.5 130.7 128.5 125.4 124.3 126 120.2 117.7 117 116.1 114.4 114.5 114.6 114 112.9 111 111 111 112 112.3 112.2 112.2 112.7 112.9 112.8 112.2 111.3 111.5 112.7 113.8 112.5 112.2 113.7 114.7 114.2 116.7 121.5 126.4 129.9 129.4 128.2 124.2 122.1 123 122.5
241.4 242.7 240.7 240.2 245.2 244.4 241 242 239.5 238.8 240.4 240.5 242.5 243.5 242.5 241.9 240.5 236.9 229.7 237.2 226.1 217.7 216.2 199.7 196.5 179.6 168 162.2 153.7 146.7 141.4 136 132.3 129.8 128.9 128.7 125.3 124.9 118.7 117.4 117.1 115.4 113.3 111 111 112.1 112.4 111.9 112 111 111.5 112.3 113.3 113 112.9 113 114 114.4 114.3 113.7 113.2 114 115.4 116.6 116.8 115.7 116.8 116.6 115.6 118.5 123.4 127.1 129.9 135.3 138 130 128.1 127.6 125.9
230.1 230.4 233.4 235.9 240 237 234.5 233.3 231.5 232.4 239.5 236.7 238.3 241 235 228.9 223.8 220.1 215.8 224.7 213.2 197.9 187.1 178.8 172.3 164.4 156.7 151.6 145 138.5 132.9 128.5 125.6 124.1 122.5 122.1 120.3 118.3 117.5 116.2 113.7 112.2 111 113.6 112.3 111 111 111 111 111.1 111.8 112.6 113.7 113.9 113.5 113.9 115 115.6 115.8 115.3 116 117.2 118.7 119.6 120.5 119.7 120.8 119.7 120.6 121 122.6 125.9 131.5 139.6 142 140.4 133.8 130.4 129.9
219.4 223.4 226.3 227.6 227.9 224.7 230 226 224.3 224.1 230.6 227.5 226.4 236.1 230.5 224.1 216.8 207.4 200.6 199.7 189.1 177 171.5 166.4 160.4 152.4 146.6 145.2 140.4 133 128.6 124 122 120.7 119.1 118.4 117.6 118.6 116.8 112.9 111 111 113.1 113.6 114.7 113.6 116.7 115 116.7 112.8 112.2 113.6 114.3 114.5 114.2 114.8 115.8 116.7 117.5 118.7 120.1 120.7 122.3 123.8 124.7 128.4 132.1 129.1 124.8 125 125.4 128.5 138.4 144.7 147.5 144.7 139.1 134.7 134
211.1 215.3 218.6 218.2 219.5 219.8 220.1 218.7 217.8 215.8 219.5 217 212.3 220.1 217.5 205.3 202.9 197.3 189.8 185.3 179.9 166.6 160.3 153.8 151.1 146 139.9 136.9 132.6 126.7 121.9 120.8 119.7 118.5 118.9 117.3 116.2 114.9 111 111 111.9 113.2 113.8 114.3 115 118.2 123.6 123.3 119.4 116.3 116.3 117.4 115 114.8 114.8 115.6 116.5 118.9 122.6 124.2 126 126.6 128.5 130.1 132.7 136 142.3 142.1 133.6 131.9 130.9 140.3 143.8 149.6 151.3 149.5 147 140.4 137.6
210.6 210.8 212.1 211.2 210.8 211.8 212 210.6 209.1 204.7 205.4 205.7 200 194.7 193.9 188.8 184.7 185.1 179.4 175.5 173.8 165.3 153.4 147.3 146 142.5 134.3 132.3 124.1 120.2 120.2 118.3 115.5 114.4 116.4 115.7 112.6 111 111.3 114.7 113.5 114.1 114.7 115.9 116.7 117.3 118 120.3 117.8 116.5 116.9 117.6 116 115.8 116.3 117.2 117.2 123.1 127.9 130.3 133.4 133.4 134.5 138.6 141.5 146.7 151 153.3 147.1 143.8 146.2 151.1 148.5 153.1 155.1 154.8 151.4 144.2 143.2
212.9 209.4 208.8 208.8 208.7 207.7 200.3 200.2 199.2 195.5 193 191.8 193.4 185.7 180.1 176.4 171.7 169.6 166 161.8 167.3 164.2 143.1 140.1 138.2 133.7 126.1 119.2 118.3 116.5 118.3 115.4 114.1 113.7 113.8 113 111 116.7 115.7 116.5 114.3 115 115.4 116.9 117.4 117 117.7 118.3 117.4 116.6 116.7 116.2 115.4 116.8 118.1 119.7 121.8 130.8 133.5 134.7 137.2 138.6 140.7 150 149 153.1 155.1 156.5 154.6 159.4 165.2 164.1 160.7 161 159.2 158.2 154.2 149.5 149.6
215.7 210.4 210.5 211.7 211.2 208.5 200 195.6 191.9 183.4 178.6 181.7 176.7 172.8 168.3 162.9 158.9 155.6 149.5 144.7 136.9 131.2 126.1 125 122.7 118.8 119 118.2 115.6 114.6 114.2 114.1 113.9 113.4 112.4 111 114.4 118.2 116.9 116.2 115.7 115.2 115.9 116.6 116.8 117.7 118.8 118.5 118 117.4 117.4 116.6 117 119 120.9 124.8 131.4 134.9 141.1 141.3 141.7 145.8 151.6 155.4 156.6 158.4 162.2 166.5 172.5 179.3 182.4 178.2 175.1 172.6 166.5 160.5 160.4 157.8 161.4
218.9 213.2 215.9 217.2 218.7 215.5 204.7 197.6 190.6 180.7 172.8 169.4 166.2 164.9 160.1 152.6 146.3 140.7 135.7 129.9 126.1 124.5 123.1 119.4 115.5 115.4 117.4 115.8 113.1 112 111.6 111.1 111 111 111 111.9 116.7 115.6 116.2 116.5 116.3 118.1 116.3 117.1 118.2 119.1 119.6 119.4 119.1 118.8 118.5 120.3 120.4 123 128.8 135.7 136.3 141.4 146.6 147.9 148.8 154.7 160.9 165.1 169.6 171.4 178 181.9 188.8 193.9 197.1 191.4 184.7 178.3 171.7 165.8 165.5 169.7 174.7
218.6 216.6 220.6 226.1 230.6 224.1 214.2 204.9 193 180.9 177.5 169.3 162.8 159.2 153.5 143.3 135.4 128.1 128.5 124.7 121.1 117.8 115.8 111 111 111 111 111 111 111 111 111.3 111.7 112 114.4 118.4 116 116.8 117.2 116.8 116.7 117.9 117.5 117.9 119 120.3 120.6 120.6 120.1 119.7 119.1 123.5 125.4 127.3 135 141.4 143.2 147.6 152.8 157.5 161.4 168.4 171.6 176.7 186.2 181.7 191.5 192.7 197.9 208.3 203.3 194.5 185.1 180 177.6 174.9 180 183.5 189
218.7 218.4 221.2 228.4 230 220.2 212 198.7 192.7 179.7 177.9 168.4 166.9 163.9 155.8 143.2 130.1 124.8 126.3 121.1 120.2 115.6 111 111.5 113.3 113.5 113.3 113.2 113 112.8 112.7 112.8 113.9 115.9 116.5 116.6 117.2 120.7 121 117.6 118.4 118.3 118.6 118.7 120 121.3 122 122.4 120.9 119.8 122.9 127 129.2 131.4 139.8 147.2 152.1 157.4 161.2 163.4 174.3 182.2 184.8 189.6 193.8 189 199 201.4 201.1 206.1 196.2 189 187.1 185.4 189 187.7 196.1 196.4 202.8
220.1 219.7 218.1 221.2 223.1 214.3 208.4 194.4 183.6 171.9 168.3 168.2 171.1 165.7 157.1 144.3 131.6 124.8 120.4 120.3 117 112.3 111 112.5 113.3 113.4 113.5 113.4 113 112.8 112.8 113.4 118.5 118 116.8 116.9 117.9 121.9 121 121.3 120.2 120.3 120.1 120.2 121.2 122.5 123.5 123.8 123.9 124.5 126.9 130.6 133.7 136.6 144.9 153.8 161.1 167.4 168 174.4 185.8 192 196.1 199.6 199.5 195.7 202.9 201.2 201 198.7 195 192.8 198.6 195.3 199 204.5 208.7 207.5 211.9
220.8 220.4 211.5 211.2 209.5 204.9 198.3 183.6 173.5 165.4 162.9 162.1 163 159.7 150.3 138.4 129.5 123.4 115.4 114.5 113 111 111.2 112.6 112.9 113.2 113.5 113.5 113.1 112.8 112.8 113.2 115.4 117.5 117.8 118.7 119 122.3 121.2 121.3 121.2 120.7 121 121.5 123.2 124.6 125.3 125 123.8 126.9 131.4 135.2 138.9 146 152.5 164.7 177.6 177.4 176.1 183.4 194.4 200.5 200.6 199.6 200.4 201.2 202.3 199.6 200.3 202 202.5 202.7 204.8 209.5 217.9 218.9 219.1 219 224.7
224 217.3 211 202.8 200.4 198.1 186.4 178.1 169 159.6 154.5 153.7 153.7 149.3 141 135.2 125.3 119.3 115.4 113 111 111.1 111.6 112.3 112.6 112.9 113.2 113.1 112.9 113 113.3 113.6 115.8 119 119.7 120.1 121.7 122.2 122 121.4 121.4 121.6 121.7 122.7 124.6 126.2 127 125.5 127.6 131.6 136.2 141.7 147.1 150.8 160 177.3 188.8 183.2 181.2 186.7 195.5 198.7 201 201.7 201.7 201.2 208.8 209.2 207.1 210.8 215.2 208.7 216.2 227.2 233.7 232 231.2 230.5 235.6
222.5 211.6 209.7 201 190.4 183.4 173.3 166.3 158.5 153.5 149.5 148.4 148.8 143.6 137.4 128.5 126.3 120 116.3 110.9 111 111.4 111.7 112.1 112.4 112.7 112.9 112.8 114.4 115.5 116.6 117.3 119 120.8 122 123.6 125.2 126.4 129.2 128.7 127.2 126.6 123.9 124.8 128.2 129.8 131 127.3 132.8 137.9 143.2 148.1 154.9 160.8 169.1 179.2 194.7 188.6 187.9 193.4 200.1 207.9 206.3 205.3 207.9 209.6 216.9 218.7 214.2 220.3 220.2 223.9 230.6 236.2 243.3 242.8 240.7 239.3 247.9
215.7 206.2 201.6 196.9 186.7 176.3 164.8 158.4 153.1 151.1 147.6 148.2 150.2 150 138.8 128.7 125.2 119.7 114.5 111.2 111.2 111.6 112 112.3 112.5 112.7 113.8 115.8 117.7 118.5 119.9 121.3 123.3 125.1 126.9 128.6 130.5 134.8 137.2 137 131.2 128 126.2 126.8 129.8 133.2 133.6 134.9 146.7 151.4 150 157.9 159.6 168.3 175.8 183.9 196.8 190 197.7 202 207.6 219.7 220.2 223.8 227.8 225.4 225.4 223.2 224.4 226.9 229.9 235.9 239.5 243 250.6 252.3 250.2 248.2 256.4
203.2 201 201.2 190.2 182.7 172.8 157.3 153 149 149.3 151.9 159.2 151.2 146.6 137.4 129.1 126.7 121.1 114.9 111.7 111.3 111.8 112.2 112.5 112.7 116.1 117.5 119.2 120.2 121.3 123.3 125.5 127.5 129.5 132.6 136.6 139.7 141.8 140.9 139.1 134.8 131 127.1 126.9 134.5 139.6 140.9 139.8 152.5 159.4 156.7 163.2 168.3 172.7 182 192.3 192.8 196 206.6 211.8 217.9 233.2 234.4 239.7 239.6 229.7 230.5 228.6 236.8 239.3 241.2 244.3 248.5 252.4 258.6 260.5 257.9 257.4 262.5
197.6 195.4 191.2 185.5 177.2 167 154.6 148.7 147.2 147.5 152.8 154 146.9 140.2 133.8 131 128.7 121.7 114.3 111.3 111.4 112.1 112.5 113.5 116.8 121.2 121.5 122 123.7 125.7 128 130.1 132.5 135.7 139.2 141.9 144.4 144.4 142.4 141 137.9 134.4 135.6 137 143.2 147.2 148.6 151.2 160.9 162.5 163.1 171.2 170.3 176.4 185.4 193.5 194.7 201 211.6 219.6 229.4 238.5 240.6 247.9 240.3 238.4 233.2 241.1 247.7 248.5 249.1 252.5 256 262.5 269.6 273.7 279.6 280.2 281.8
193.3 192.3 189.6 185.8 176.2 165.2 162 154.2 143.8 142.8 140.2 138.9 138.9 140.3 136.1 130.6 128.3 121.3 114.6 111 111.8 112.6 113.8 116.5 120.1 123.7 126 125.9 128.9 132.3 132.3 135.2 137.8 141 145.2 146.1 148.4 148.6 146.6 143.6 140.4 140 143.2 146.1 151.6 158.4 156.1 153.9 166.2 168.7 171.3 173.5 174.6 182.4 189.8 194.4 198.4 207.3 219 228.6 236.3 241.5 243.9 243.9 248 242.7 247 254.7 254.4 254.1 258.3 262.1 264.8 272.4 280 288.3 294.5 295.8 295.1
191.2 192 191.1 182.6 174.4 168.3 162.8 150.8 140.7 136.5 135.2 141.2 147 141.1 134.5 128.3 125.2 120.8 114.7 111 112.5 113.8 115.7 119.2 126.2 129.5 130.8 130.9 136.2 140.7 139.7 141.1 143.1 146.6 151.6 149.2 149.8 150.7 150.2 146.6 145.1 146 150.8 160.4 169.4 169.9 164.6 159.1 167.7 171.9 178.2 179.2 182.2 190.7 194.5 198.6 204.7 217.5 227.2 235.3 242.3 247 248.1 246.7 249.5 251.9 260.7 261.7 261.1 266.5 272.8 275.8 276.4 279.1 287.8 294.1 301.5 305.3 304.7
197.9 195.7 186.7 178 179.5 172.8 158.1 146.6 136 131.1 133.6 137.3 141.6 140.8 133.8 127.4 125.2 120.9 115.1 111.6 112.5 116.3 118.3 126.2 133.3 136.1 137.5 139.1 141.8 143.5 145 146.7 153.5 159.6 161.7 157 155 155.1 153 151.4 154.4 159.7 168.1 173.8 171.3 169.9 170.7 166.1 173.6 180.1 184.4 187.1 187.7 192.4 197.7 203.3 216.3 229.5 237.5 243.8 248.5 249.9 252.2 255.4 262.6 266.5 271.7 273.5 276.7 277.6 282.5 288.1 291.3 288.7 295.2 300.7 306.9 309.7 315.5
190.8 191.6 181.5 169.8 175.6 180.6 171.1 147.2 132 129.6 131.2 132.3 133.2 134.6 129.5 127.5 126.2 122.1 115.6 112.5 114.8 119.2 124.6 132.3 140 139.5 141.6 145.8 146.4 147.9 158 171.8 175 170.2 165.2 160.7 159.3 157.8 155.5 161 167 172.6 176.4 177.7 173.4 173.1 171.1 171.1 176.4 179.6 189.2 192.8 193.8 197.2 206.3 215.8 225.6 237.4 246 252.3 254.7 256.1 261.1 263.7 271 275.4 280.1 285.3 288.6 291.2 288.6 294 298.6 301.3 305 309.2 314.2 322.5 327.3
171.2 176.7 167.3 157.2 163.5 167.6 169.9 161 137.7 124.3 123.8 130.4 132.2 132 130 128.5 127.1 123 115.7 112.4 116.4 121.8 128.5 136.4 142.6 144.7 147.4 153 156 163.8 174.6 182.1 188.8 176 166.4 172 165.4 160.1 163.8 170.3 174.8 178.3 179.4 177.6 176.3 176.5 176.2 177.1 187 191.3 192 198.9 202.1 207.9 212 220.4 233.6 245.4 251.4 258.6 258 261.6 270.8 273.1 278.5 284.4 288.6 294.5 301.1 304.3 302.2 304.3 310.6 312.8 315.1 319.7 325 333.8 337.7
162.9 162.2 145.9 142.2 141.6 144.3 150.5 152.4 144.1 123.4 118.7 121.7 133.9 131.8 130.7 129.4 126.4 122.8 116.7 112.5 118.4 125.5 131.7 140.9 145.3 147.3 155.3 160.4 164.9 170.9 179.5 179.2 177.7 172 170.5 170.3 164.7 164.7 167.2 172.4 179.8 181.1 178.9 179.2 179.2 181 181.7 186.7 192.7 193.5 197 201.1 205.8 208.7 218.4 224.9 237.5 247.7 256.3 259.5 261.2 269.3 274.8 280.8 289.4 292.5 298.6 304.8 308.2 314.5 317.7 320.8 321 319.7 324.6 331.4 337.1 344.1 354.6
