Assets/StreamingAssets/GeoData/Data/nh/NH37.asc
ncols 200
nrows 200
xllcorner 230000
yllcorner 870000
cellsize 50
[rows 35 to 69 of 200, columns 0 to 77 of 200]
830.8 822.8 813 805.7 800 787.9 789.4 793.1 800 803.2 804.8 806 809 814.5 822.8 828.4 832.7 834.8 836.5 839.6 842.5 847.7 852.2 854.5 855.6 854.3 850.3 843.2 829.2 809 787.9 771.6 757.7 748.4 738.1 731.1 716.5 698.1 687.7 671.9 664.3 648.5 644.4 634.4 633.5 630 631.2 631.5 630.4 631.4 630.6 631.7 628.7 624 620.6 617 613.7 609.9 603.3 592.6 577.9 568.1 561.3 554.1 545.7 536.2 530.5 523.3 514.7 505.1 495 484 472.4 460.4 446.3 431.3 416.9 399.2
834.9 828.1 817.8 809.4 800.8 786.7 782.2 787.1 791.9 794.9 795.1 794.5 798.1 804.2 810.8 816.7 820.7 823.5 824.4 826.3 830.3 838.9 845.6 850.2 852.8 853.4 850.8 843.3 832.5 813 789.7 768.3 751.6 738.8 727.2 715.3 706 699.6 683.2 665.7 653.8 637.4 632.5 624.6 621.3 619 619.8 623.5 623.4 625 622.6 622.7 623.4 621.5 622.2 626.5 620.9 610.2 602.1 593.9 579.4 566.1 557.6 550.9 543.6 534 527.7 521.3 512.8 502.8 492.2 481.8 470.6 457.8 445.8 430.8 416.2 398.8
837.4 832.3 821 812 799.4 785 777.1 781.1 783.5 786.5 785.5 784.3 786.2 791.7 799.3 804.5 808.9 812.7 813.6 815.8 820.2 827 837 844.1 847.6 848.5 847.7 842 832.6 815 791.8 771.7 755.1 742.3 728.3 717 701.4 694.9 678.9 660.3 648 638.9 634.7 628 628 626 620.9 614.6 614.1 614.1 610.6 610.9 610.1 613.6 622 624.6 618.3 604.7 593.1 588.4 575.9 562.1 553 546.9 540.4 531.4 524.3 517.4 509.8 500.6 489.5 478.7 468.4 455.6 443.7 429.7 414.6 399.1
838.4 834.2 824.5 813.7 798.2 785.5 775.4 773.8 776.2 776.3 775.5 772.4 773 779.4 787.1 793.5 797.9 801.7 803 805.6 811 817.8 826.5 834.5 839.5 841.2 840.9 837.6 830.2 815.2 793.8 776 757.4 743.7 729.9 715.4 699.7 689.3 675.9 660.5 649.9 641.3 637.1 630 628.4 628.6 626.2 621 616.3 609.9 604.2 601.8 600.4 602.1 610.7 610.7 609.2 597.3 580.7 577.2 568.6 556.1 546.6 542.2 535.6 528.8 520.9 514.6 507.1 497.6 486.5 475.8 465.9 452.4 440.9 427.2 412.7 397.1
838.6 835 827.6 816.1 801.8 787 773.9 764.6 766.6 766 762.6 759 758.5 765.6 773.3 779.6 785.4 789.6 792 795.2 802.1 809.6 815.8 822.5 829.1 831.3 832.1 830.6 825 812.6 791.9 776.3 760.4 744.3 732.2 715.1 703.5 691.5 679.1 666.4 653.8 646.5 641.5 634.5 633.3 630.8 626.9 624.5 616.9 613.2 607.4 602.4 599.9 597.3 598.7 599.8 593.6 582.2 570 563.7 558.1 548.8 543.1 537.4 531 525.3 519.1 511.6 505.1 497 485.1 473.2 461.9 449.3 439.1 428 413.4 397.5
837.1 835.1 830.3 822.2 807.7 792.9 777.5 763.2 755.8 755.3 752.3 747.8 745.6 750.9 758.7 766.4 773.9 777.9 780.3 785.4 793.1 800.5 806.4 811.5 815.9 820 821.4 821.7 816.8 806.2 788.1 772.7 760.1 746.8 734.5 718.6 705.9 693.9 682.2 673.2 661.9 655.8 651.6 646 639.9 635 631.1 625.6 619.5 613.1 607.2 601.6 600.4 595.1 595.8 591.4 584.2 573.1 561.8 553.8 548.3 543.2 540 535.2 528.3 523.1 519.6 512.8 505.8 497.2 486.1 472.8 458 445.7 434.3 424.7 412.4 397.8
831.5 832.3 831.7 826.8 815.8 801.8 785.9 770.8 756.6 745.5 740.4 735.7 732.9 736.8 744.1 750.9 760.2 765.5 767.3 777 784.6 792 797.7 802.3 806.2 807 808 808 805.7 796 780.3 768.1 757.2 746.9 738.8 723.6 711.3 701.2 693 685.9 677.2 668.5 661.3 654.2 646.4 640.1 633 625.2 618.8 612.5 603.9 597.1 593.1 588.1 588.7 584.3 579 571.1 557.4 547.3 541.6 540.9 539.2 535.3 527 522.2 520 514.3 506.5 498 487.5 473 459.1 446.8 433.8 421 409.3 396.1
822.7 827.2 830.3 828.4 823 810.1 795.3 781 767.3 753.8 742.7 728.3 716.9 722 729.4 736.5 744.2 749.4 757.7 770.1 776.9 785.1 790.3 793.9 796 796 795.9 794.7 793.1 783.5 773.6 762.6 753.8 747.7 741.8 730.2 718.1 709.2 704.3 696.2 688.4 679 669.7 661.9 651.8 643 634.2 624.5 614.9 607.4 601.1 593.4 587.7 582.9 572.8 571.5 566.8 561.5 552.9 545.6 539.9 537.9 537 533.1 526.7 522.5 521.3 516 508 499.4 489.4 475.8 461.2 448.7 437.1 422.8 409.8 397.2
813.8 821.1 827.1 828.8 825.4 818 802.9 789.8 778.4 763.9 750.6 736.5 718.8 707 716 726.4 730 739.6 752 763.8 772.1 778.9 783.5 786.1 787.2 786.8 785.7 783.7 780.6 772.7 762.3 755 747.8 743.1 737.9 729 719.2 711 706.3 699.8 692.4 684.6 676.2 668.4 653.9 643.2 634.6 622.6 613.2 605.5 596.6 587.5 581.7 575.6 568.5 564.9 562.2 559 550.2 543.4 538.2 537.3 535.2 530.9 525.6 522.2 521.5 517.6 510.1 501.3 490.5 477.3 463.4 449.9 438.4 426.8 413.8 399.6
803.8 813.9 822.9 826.8 826.3 821.5 809 796.6 784.4 769.7 752.5 734.9 717.5 703.8 702.1 713.1 724 741.3 753.7 762.5 770 775.6 779.4 780.3 781.1 779.4 776.8 771.8 767.2 762.2 752.5 744.5 737.8 733.5 731.3 725.6 720 713.2 706.6 701.3 695.2 686.7 678.7 670.7 657.4 645.6 635.5 621.2 611.6 602.4 592.3 581 575.2 569.2 563.1 558.8 555.1 551.6 549.6 542.8 539.8 535.8 533.2 529.4 524.3 521.5 521.4 518 510.8 501.9 490.9 477.2 463.6 449.9 436.6 426.1 413.1 400.5
794.9 808.1 819 825.7 826.5 822.9 813.1 800.1 787.8 768.7 747.3 729.2 712.7 699.3 689.3 704.1 721.9 739.2 753 761.2 767.8 773 775.3 777.1 776.6 773.6 767.8 760.7 755.2 749.1 741.4 733.5 727.2 723.9 722 718.3 713.2 708.5 703.5 698.7 694.1 686.7 677.5 669.6 655.8 643.5 633.8 621.1 609.7 599.2 588.9 577.1 572 564.1 556.5 552 549.2 547.1 545.1 540.9 537.4 537 531.1 528.5 524.4 522 520.1 516.7 510 501 490.8 477.1 463.5 449.9 437 425.8 413.9 401.9
785.1 801.1 815 823.5 826.6 822.6 815.4 802.8 789.7 763.3 740.1 723.2 708.3 692.2 681.3 695.9 713.4 732.8 749.7 758.6 764.8 770.1 773.3 775.3 774.9 771.9 764 754.5 748.5 739.6 729.7 724.4 718.3 712.8 711.9 707.6 702.7 699.1 697.9 691.9 688.6 683.3 674.9 666.4 654.5 639.8 628.8 619.8 606.9 596.3 584.2 573.1 569.4 559.7 551.1 544.5 543.2 542.7 542 539 536.4 534.9 531.6 527.3 525.5 523.2 519.4 514.8 508.5 499.1 488.3 475.4 461.6 448.9 436.9 425.3 413.6 403.3
778.2 795.6 812.2 821.6 825.3 821.6 813.8 803.5 789.1 758.8 736.8 721 705.3 690.2 674.5 686.1 704.8 725.1 743.5 754.5 761.8 766.9 770.9 773.7 774 772 766.5 758.5 747.4 738.9 729.4 717.5 707.8 703.5 699.9 697.6 693 689.2 688.9 683.3 679.1 677.2 670.7 661 650.3 637.1 622.9 613.8 601.6 592.9 580.2 569.8 566.8 556 546.9 540 536.7 535.4 535.5 537.4 536.4 534.3 531 528.1 524.6 521.9 517 512 505 496.5 485.3 473.3 459.4 446.5 433.5 422.8 412.6 402.1
771.2 788.4 807.4 818.6 823 819.2 810.5 801.1 782.8 752.6 735.3 719.6 703.6 685.7 668.9 676.8 693.4 712.4 734.7 748.5 757.4 762.8 767.7 771.5 772.8 772 768.4 763.1 752.2 741.1 731 721.9 712.2 699.1 689.6 687.6 686.3 683.2 680.8 674.1 669.4 668.1 662.7 653.3 643.9 631.2 617.8 608 596.4 588.7 575.4 566.6 561.1 553.4 544.6 537 531.8 530.3 530.1 532.6 533.7 533.3 531.6 529.1 525 519.2 514.9 509.7 501.1 491.4 482.1 470.6 455.9 445.3 431.6 420.3 409 400
765.6 784.8 799.4 813.2 817.6 814 806.7 797.6 780.9 751.8 733 717.3 701.6 683.7 666.1 667.9 680.9 698.3 722.8 741.2 751.1 758.4 764 768.5 770.4 771 769.8 765.3 756.3 745.7 734.8 724.6 716 707.3 696.2 688.3 682.6 674.3 669.5 663.9 662.3 659.7 654 644 635.7 624.5 614 604.8 592.5 582.1 570.9 562.9 557.3 550.6 542.9 535.5 531 527.3 527.5 528.5 529.9 530.6 530.1 527.6 523.4 517.9 512 507.2 499.3 488.1 478 468.3 453.6 442 429.4 420.3 409.7 399.2
761 778.5 795.4 804.4 807.8 806.1 799.3 791.8 781.1 757.1 734.6 717.3 700 682.3 666 657.1 667.9 686.2 710.3 731.9 744.6 753.9 759.7 763.4 766.2 766.6 767.7 766.9 759.5 749.6 740.2 732 723.2 715 706.2 696.5 689.2 678.2 666 654.7 653.2 650.3 643.6 635.2 629.1 621.1 613.7 606 596.1 585.9 575.7 564.9 555.7 548.2 540.7 534.7 530.7 527.5 526.6 526.2 524.9 526.1 525.7 524.1 522 515.2 508.7 503.1 495.5 485.1 474.8 465.5 453 439.5 429.3 418.2 409.3 399
754.8 772 786.9 794.2 796.8 794.1 788.8 782.8 774.7 761.5 740.3 719.3 700 682 666.1 648 657.5 676.2 698 721.7 736.4 747.2 753.2 757.7 759.2 760.2 761.1 763.9 760.8 752.2 744.7 738.9 730.9 722 713.4 703.2 695.4 684.8 672.7 661.4 650.6 639.4 634.4 627.2 623.1 616.1 610.5 604.5 597.3 587.9 578.2 569.5 559.2 550.3 541.9 536 531.7 528.8 527.1 524.6 523.3 521.1 522.5 520.8 517.8 512.6 505.6 498.2 489.9 480.5 471.6 462.6 450.8 439.9 429.5 419.9 410.9 397.9
744.4 758.8 771.9 779.3 781 779.2 774.6 770.1 764.4 758.4 743.2 722.5 701.4 682 666.3 650.7 647.6 666.2 687.1 711.1 727.2 739.2 744.9 748 749.8 751.7 752.7 755.3 758.6 751.7 744.9 740.3 733.1 725.4 716.5 707.2 699 690.6 677.4 665.7 658.3 646.4 633.3 621 614.5 610.6 605.5 600.1 593.5 587.5 580 571 562.9 554.6 546.7 541 537.1 532.4 529.1 527.3 526 521.7 517.2 515.5 512.1 507.9 500.5 490.2 480.4 467.3 450.6 440.7 432.9 432 425.7 416.3 408 396.8
731.7 743.8 754.9 762.1 760.9 760.8 761.7 758.8 755.7 751.4 740.7 721.7 700.2 681.5 663 649.5 637.7 655.5 675.6 699.5 717.4 729.3 735.7 738.3 738.9 740.5 741.7 744.3 748.4 746.7 740.6 736.2 730.1 723.3 715.8 707.9 699.3 691.2 682.3 673.7 662.4 653.6 642.1 631.4 620.2 608.8 599.1 594.6 590.2 585.3 578.8 571.8 563.8 557.4 551 545.5 541.8 535.5 532.7 530.5 529.2 526.3 516.7 503.5 500.4 496.1 485.3 471.9 468.4 469.3 469.2 464.6 455.2 438.5 426.7 408.1 394.8 385.9
716.5 728.8 736.5 741.5 744.1 746.9 748.3 748.7 746.7 743.1 734.9 716.8 694.7 676.1 660.7 646.5 630.5 645.5 662.9 687.2 705 716.6 723.8 726.9 726.7 726.4 726.9 728.6 730.9 734 729.8 725.8 721.4 715.5 709.7 703.6 696.4 692 685.5 677.4 669.3 659.5 648.5 638.6 629.2 618.4 606.3 594.1 586.1 582 576.4 569.4 563.8 558.8 554 549.3 544.7 541.4 537.7 535.5 532.7 530.1 526.3 518.7 510.4 501.9 497.4 495.7 492 487.6 480.8 472.4 462.4 450.3 438.9 426.8 416.1 404.9
700.4 710.9 718.1 725.1 730.5 734.2 737.9 739.1 738.1 734.6 724 706.8 688.8 671 656.3 641.2 626.1 633.6 650.4 673 692 702.4 709.7 712.7 711.2 709.4 708.6 708.8 707.9 712.9 712.5 710.9 706.7 703.3 699.8 696.5 691.9 690.1 686.9 680.8 673.7 664.3 653.4 644.6 635.3 626.2 613.1 601.3 590.2 582.5 574.9 568.9 564.3 559.7 556.5 552.7 549.9 547 543 541.6 539.7 536.9 533.7 529.3 523 517 511.8 506.8 501.4 495.6 488.2 479.1 467.8 455.4 441.7 428.8 419 406.5
682.9 694.4 703.7 712.8 720.2 725.3 728.6 731.2 730.1 725.2 709.4 692.7 676.4 661.8 649.7 635.4 617.5 621.5 637.6 657.3 673.5 682.3 687.6 690 688.7 687.1 686.3 685.5 683.4 685.8 688.8 687.1 685.1 684.4 684.5 685.3 684 683.3 682.7 680.4 674.7 666.6 656.1 649.1 639.9 631 620.1 607.7 596.2 586.7 578.1 571.6 567.3 563.3 559.8 556.5 554.5 551.7 549.4 549.1 547.4 544.3 540 535.8 530.1 525.9 518.8 514 507.3 499.8 492.6 482.8 471.5 457.8 444 431.9 418.4 407
669.7 681.4 693.2 702.9 711.5 717.5 721.5 724.2 721.7 716.7 698.4 679.8 665.3 652 640.7 630.1 614.6 607.7 621.8 636.2 649.8 657.2 660.7 661.1 660 655.6 656.1 657.6 657.4 659.5 662.1 667.1 665.1 666.9 669.2 671.1 671.5 673.2 675.1 675.3 672.9 666 657.8 650.3 641.4 634 624.4 614 601.6 591.4 582.4 576.7 571.5 567.5 564.4 562.2 560 557 556.1 555.7 554 551.1 547.4 541.9 536.6 529.6 524 517.7 511.4 503.4 496 485.6 473.5 458.6 443.5 431.4 418.1 407.6
661.1 670.7 682.6 693.8 703.3 710.9 716.6 719.5 716.9 709.9 689 671.4 656 643.3 633.9 624.1 612.2 590.5 604.8 614.2 624.1 630 632.2 630 630.5 626 624.4 627.3 629 632 638.7 640 644.2 647.3 649.7 653.6 656.9 660.8 663 665.8 666.5 661.9 654.6 647.2 638.8 631.9 624.7 615.4 605.4 596.1 589.1 581.7 575.2 569.9 567.5 565.3 563.7 561.5 560.1 558.2 556.1 553.4 549.2 544.9 540 533.6 527.2 521.1 513.6 505.4 498.6 488.6 475.5 460.9 444.6 429.4 418.2 406.4
652.2 661.7 672.1 683.5 695.1 705.3 712.6 716.4 714 706.9 687.3 669.6 650.3 637.5 627.7 616.5 607.2 592.3 585.3 593.4 598.8 604.5 605.7 605.3 600 594.9 594.3 599.6 602.3 609 616.4 622.3 623.4 631.1 631.9 635.6 639.9 643.9 648.2 652.2 655.2 653.5 648 639.8 633.2 626.9 620.7 613.8 606.2 598.8 591.5 583.9 576.4 571 566.7 563.9 563.4 562.1 560.3 556.8 554.6 552.5 549.5 545.4 541.2 535.6 529.5 523.6 517.1 509 501.3 491.4 476.9 461.3 445.5 428.2 415.3 405.2
641.4 651.5 662.4 674.9 686.9 699.5 709.1 714.7 713.2 707.9 691 673.4 654.7 638.9 625.3 611.9 600.6 588.7 576.6 575.8 577.7 582.9 582.6 581.5 575.8 569.9 573.6 579.2 583.8 588.8 595.8 599.3 598.9 606.4 612.6 616.9 621.3 626.9 630.4 634.6 638.7 642 633.5 628.9 625.1 620.3 616.5 611 605.8 599.5 592.3 584.4 577.1 569.2 562.3 559.1 557.6 557.2 556 553 549.7 548.2 546.6 543 539.8 534.6 530.2 524.8 518.8 511.2 503 493.5 478.7 462 445.3 428.9 413.2 402.4
631.3 643.3 654.5 669 682.1 694.9 706.5 713.3 714.1 710.4 697.2 682.3 662.8 643.7 627.7 613.1 600.1 588.1 574.5 568.7 564.6 566.3 569 564.9 566.1 558.2 559.9 561.4 563 568.1 575.4 578.5 578.8 584.1 589.5 596.2 601.1 607.1 612.2 616.5 619.2 627.6 623.8 615.1 613.4 610.3 609 605.7 601.6 595.6 588.7 581.7 571.4 565.5 557.6 551.8 550.2 549.8 550.1 547.7 544.4 542.8 541.2 538.2 537 532.1 528 524.1 518.5 512 503.1 493 479.8 461.4 445.1 429.2 412.1 399.4
622.3 635.3 648 663.1 677.5 690.9 702.8 711.9 714.7 712.8 706.5 691.4 674.2 651.6 633 615.8 602.2 590.5 578.3 567.8 562 558.2 556.2 556.3 555.8 547 550.2 546 545.9 549.7 555.9 560.3 563.8 570.2 570.4 572.4 579.5 583.8 590.2 596.1 600.1 606.6 610.2 599.5 598.2 596.1 597 595.3 592.2 586.1 577.8 571.9 564.7 558.2 553.5 547.9 545.8 542.7 541.1 541.5 538.1 536.4 534 532.7 531.9 528 525.7 521.8 516 510.1 502.2 492.3 478.4 461.2 444.1 426.4 410.4 395.9
614.1 627.6 640.5 655.4 671.1 685.8 698.3 708.9 715.3 715.7 711.4 703.3 685.5 662.7 641.3 621.6 606.8 595.1 581.6 570.5 562.5 557.8 553.6 550.1 547.2 539.7 538.9 536.1 532.9 529.3 535.1 539.1 546.8 554.4 552.5 550.1 556.7 562.8 567.3 572.9 577.9 583.9 590.4 581.7 578.5 579 576.7 580.3 581.3 575.5 567.4 560.7 557 550.3 546.4 542.9 538.6 534.5 531.5 531.9 531.5 529.8 527.2 525.3 524.3 522.6 519.3 517.2 514.3 508.9 501.2 491.3 477.1 460.6 442.5 424.4 406.8 391.6
607.9 620.4 632.4 647.7 663.4 678.5 693 705.3 714.8 718.9 717.4 710.7 697.6 675.4 652.5 630.9 614.4 600.5 588.4 578.9 571.7 563.3 559 552.3 545.4 543.9 536.4 532.3 526.4 524.3 520.8 522.8 524.7 533.3 536 532.2 537.3 545.3 546.8 551.7 555.6 562.5 564.8 561 556.9 559.8 558.8 560.4 563.9 559 554.7 548.6 543.4 536.6 534.4 534.2 530.2 525.6 521.8 523.1 525 524.9 521.1 517.8 515 515 509.4 508.8 509 505.5 497.8 487.5 473.4 457.3 439.9 422.1 404 387.3
604.4 615.2 627.6 641.4 657.2 672.6 687.3 701.8 712.8 721.3 722.9 718.2 709.2 686 662.2 642.9 626.5 613 602.1 592.6 585.1 577.2 570.8 565.1 558.4 553.5 548.9 544.4 534.2 528.7 524.6 518.4 514.7 512.1 515.1 516.6 517.8 526.9 527.8 533.2 533.4 540.1 543.6 543.7 540.9 540.4 538.4 540.5 545.4 542.3 536 532 525.6 521.4 517.1 516 514.3 513.2 511.8 514 514.6 515.2 514 507.6 503 504.4 499.9 498 499.9 497.2 493 483.3 469.6 455.1 436.8 419.8 401.8 385.6
602.9 613.5 627.8 639.4 653 668.6 682.7 697.6 711.1 721.7 727 724.4 717.8 699.6 675.1 655.5 640.9 628.9 616.9 606.4 599.2 590.9 584.6 579.4 573.6 568.5 564.5 559 550.4 545.7 536.9 529 524.6 516.8 509.8 504.4 504.2 506.5 509.6 514.7 514 518.4 522.3 525.1 524 522.6 522.8 523.2 529.4 530 523.7 520.1 512.6 507.6 503.9 503.9 503.5 500.5 499.2 500.6 502.7 505.4 502 498.5 493.9 491.6 488.7 489.1 490.2 489.2 484.1 478.1 467 451.8 436.2 417.7 399.8 383.2
606.4 617.3 629.6 641 654.2 667.2 681.1 696.6 710.8 722.3 729.5 729.4 724.9 711.5 688.9 670 656.4 645.3 632.4 621.1 613 606.2 600.3 597.3 592.2 588.3 583.1 577.4 568.6 560.8 550.5 540.5 533.9 526.7 516.3 506.6 501.6 498.8 497.3 496.6 496.8 496.7 503.1 507.2 509.2 506.7 506.9 506.7 509.1 514.3 511.6 505.3 500.4 499.2 497.5 495.2 494 493 488.3 485.7 483.9 485.7 485.1 481.8 478.4 480.2 482.6 481.9 479.2 479.9 476.6 471 462.6 449.2 434.8 416.1 397.8 379.7
610.6 621.3 631.3 642.2 656.1 670.1 683.9 697.4 712.7 724.1 730.9 734.3 731.7 723.2 701.6 684.6 671.9 659.8 648.4 638 630.3 623.6 619.2 615.7 610.8 606.5 601.6 597 589.6 581.4 570.7 558 545.5 533.9 520.6 508.9 503.7 500.8 498.6 492.9 491.1 489.2 489.6 492.3 497 496.3 494.2 494.3 496.3 500.3 496.2 491.7 490.7 489.3 488.7 485.4 481.9 481.4 479.2 476.4 474.9 474.9 472.6 472.4 472.5 469.6 476.3 474.1 470.3 471.8 469.5 463.6 455.9 445.8 431.4 413.9 396.7 377.2
612.5 625.1 636.6 646.2 660.4 676.2 689.2 701.8 717 727.2 734.6 738.4 737.3 731.4 713.3 697 683.3 675.3 666.5 657.8 650.2 645.8 641.8 637.8 634.5 630.4 623.8 618.7 611.1 600.7 590.3 579 562.5 538.4 526.4 514.1 508.3 504.5 499.6 494.3 489.8 488.3 486.9 485.7 487.8 488.1 485.8 484.6 488.5 494.1 488.9 482.4 480.9 479.6 479.3 477.7 474.4 473.9 471.6 469.4 468.4 467.8 467.2 464.1 463.3 461.8 463.8 465.9 461.5 460.6 460.7 456.8 449.5 440.3 428.2 411.9 394.1 375.4
