Assets/StreamingAssets/GeoData/Data/nh/NH38.asc
ncols 200
nrows 200
xllcorner 230000
yllcorner 880000
cellsize 50
[rows 140 to 174 of 200, columns 78 to 155 of 200]
513.8 509.7 510.8 513.8 511.4 512.4 515.6 517.9 523.3 526.8 530.7 530.8 520.7 502.3 483.3 468.6 447.6 434.2 425.2 419.8 415.5 413.4 407.8 411 419.5 427.3 441.2 458.5 480.5 510.6 543.8 557.7 567.3 575.3 585 594.4 599 603.2 606.3 612 617.8 621.8 617.5 592.2 556.6 522 482.4 447.5 418.5 396.3 379.6 365.6 352.5 343.2 334.9 334.6 332.5 335.2 335 335.8 337.6 339.4 347.1 353.2 356.8 361.4 366.5 369.2 376.1 383.1 391.9 400 409.7 417.8 426.9 437.2 446.8 459.3
525.1 523.4 521 522.5 525.2 528.2 528.6 531.3 534.1 537 537.2 529.6 514.4 497.8 477.8 459 441.6 429.3 418 413.7 407.9 401.6 400.2 404.7 411.1 414.6 428.8 442.5 464 489.3 524.6 552.3 565.5 574.8 587.4 597 602.6 606 610 614.9 623.1 625.2 621.1 601.9 564.7 531 492 456.5 428.4 403.9 387.6 372.3 361 350.3 343.3 340.1 338.3 337.5 339.3 339.2 340.7 344.5 349.9 354.6 358.9 364.2 369.9 375.6 379.2 383.6 394 404.3 415.3 425.3 436.6 449.4 461.3 473.1
531.4 530.3 531.8 530.9 533.8 537.4 539.9 540.2 544.3 546.1 539.1 525.5 506.3 485.8 469.1 447.6 428.5 416.1 407.9 400.5 393 389.7 394.8 398.8 396.8 402.9 415.4 429.3 449.9 470.4 503.6 538 566.1 578.1 589.2 599.2 606.2 612.1 617 624 627.9 628.6 624.1 605.8 574 540.9 503.1 468.1 437.8 412.8 394.3 379.5 367.8 356 348.9 344.1 340.7 340.2 341.9 340.9 342.5 345.4 352 354.8 358.6 363.9 370.5 379 386.4 389.4 397.8 408.4 420.3 433.4 447.8 460.5 473.8 492.7
546.8 543.5 545.8 542.6 544.5 547.6 550.6 555.5 559 553.3 541.9 526 504.5 481.9 459 439.7 423.1 411.3 402.3 393.9 384.9 381.4 381.7 384.1 387.2 393.4 402.9 418.3 436.2 457.5 486.5 519.3 551.3 572.4 587.1 594.2 602.2 610.4 616.4 622.8 627.1 626.1 623.7 613.1 582.4 548.1 511.6 475.3 443.5 418 399.5 385 371.8 363.4 351.8 348.4 344.2 342.3 343.2 343.2 343.5 347.7 352.3 355.6 359.5 365.7 373.3 381.2 389.3 397.8 407.6 417.3 426.4 442.3 455.4 472.9 489.3 508.4
552.4 550.9 552.8 554.2 557.2 560.9 562.4 565.2 568.2 559.9 544.3 526.6 503.4 478.6 456.9 436.4 423.2 411.3 400.7 387.5 379.3 374.1 376.2 377.6 378 384.9 396.6 408.8 422 442.4 467.5 493.2 524.7 560.7 588.7 596.3 602.6 608.7 617.3 626.1 629.3 628.7 627.9 618.9 581.8 555.7 521.9 481.5 446.2 421.1 403.4 387.5 374.2 365 356.5 349.4 343.7 342.4 343.9 345.1 346 350.5 353 357.6 362.9 370.1 378 386.7 395.8 406.5 416.5 428.1 438.8 441.8 462.1 478.8 500 518.2
554.3 556.3 560.1 564.1 568.3 571.5 573.5 575.8 573.8 563.1 543.8 525.4 504.6 478.7 456.2 438.5 421.9 408.9 396.5 385.4 377.3 367.3 368.1 367.8 370.3 374.8 386 400.3 412.7 429.5 449.5 473.7 502 536.7 577.4 599.4 608 614.1 620.6 626.3 628.8 629.8 628.6 608.7 582.5 562.9 524.4 485.6 448.9 423.6 405.5 390.9 376.6 365.8 357.1 350.6 344.8 345.1 345.1 347.1 348.8 350.8 356.2 360.1 367.7 374.1 382.9 393 403.4 414.9 426.7 438.6 451.4 462.8 474 491.7 486 521.1
560.7 564.4 568.1 573.6 577.2 579.5 581.3 582.5 580 565.5 544 522.7 501.6 479.3 456.6 439.3 421.8 405.2 392.9 382.8 373.6 367.6 361.2 362.4 365.1 369 382.3 390.7 407.4 422 436.4 456.2 483.1 513.3 547.7 583.5 607.3 613.7 618.1 621.9 626.4 627.6 624.5 612 583 553.8 517.5 480.7 448.3 423.8 406.4 390.8 376.5 365.2 356.2 351.3 349.2 348.1 346.5 347.8 350 351.5 357.8 365.7 373.1 381.5 388.8 399.4 412.6 425.5 437.5 451.5 466.7 481.2 492.8 505.2 519.8 523.6
565.9 570.3 574.9 580.9 585 587.3 589 589.1 586.3 566.3 542.6 518.9 499.9 479.3 457.6 440 421.5 405.9 393.8 383.2 373.3 365.2 361.1 358.4 359.5 363.8 372.3 382.3 397.6 412.6 424.2 439.9 462.8 488.3 516.7 559.6 595.3 611 615.8 619.4 622.1 622.6 618.9 601.4 573.3 541.7 507.7 473.3 442.9 419.6 404.4 389.8 374.5 364.4 356.7 354 351.8 350.3 348.8 347.3 350.3 355.4 363.7 371.7 379.7 387.7 398 409.5 423.6 436.1 451.5 468.5 484.1 498.7 511.9 520.5 529.7 537.6
571 577.1 580.4 586.1 588.9 590.7 592.1 595.1 593 567.2 541.8 518.2 500.1 480.2 457.5 436.5 420.7 406 391.9 379.6 370.1 362.7 355.8 355 354.8 358.5 366.2 374.4 385.1 400 414.6 424.5 444.1 468.5 494.2 529.9 566.2 597.2 611.9 614.9 614.5 613 606.2 586.8 560 530.2 498.3 463.9 434.9 415.4 398.9 384.1 372.6 365.7 358.6 358.5 355.4 352.7 351.1 350.3 353.7 361.7 368.8 377.9 385 397.2 407.1 420.9 434.6 448.7 468 485.2 502.6 518 529.3 538 546 553.4
581.3 585.7 588.2 590.3 593.1 594.2 593.6 597.1 597 577.4 549.9 522.6 502.3 482.7 464 439.7 419.4 405.1 391.9 380.3 370.8 362.7 356.9 349.2 349 354.2 362.1 366.8 375.1 384.5 401.2 412.6 425.1 447.5 472.9 502.3 534.8 566 591 602.9 603.8 599 585.9 565.7 540.8 513.3 482.6 452.1 427.1 408.7 392.4 380.3 371.8 365.5 362.6 361.5 357.7 355.1 353.5 353 359.5 367.9 376.2 382.8 393.8 403.7 418.3 432.8 448.6 466.7 485.5 503.7 521.3 535.4 546 554 561 567.7
587.6 590.7 594.4 596.7 596.2 596.9 599.5 602.3 601.2 592.9 567.2 534.9 510.6 490.8 473.1 448.9 426.8 408.5 392.7 380.2 369 361.6 356.6 349.4 347.4 352.5 357.6 362.8 369.8 375.8 389.5 401.8 410.8 430.3 453.4 479.3 508.6 536 556.9 571.4 575.5 570.6 555.7 537.7 515 490.8 464.5 439.2 417.1 399.8 385.5 374.9 366.4 364.7 362.4 358.5 355.3 353.6 353.4 354.9 363.3 372.9 381.3 389 399.6 414.1 428.5 445.7 464.4 484.2 503.3 522.6 539.3 550.9 560.1 567.2 573.6 579.1
592.6 595.3 598.6 601.3 602.5 603 604.4 606.5 604 599.5 584.1 550.1 522.4 501 482 461 433.4 412.5 397.1 382.4 369.7 358.2 349.5 345.3 341.1 349.8 352.5 355.1 362.5 367.1 379.9 391.5 404.4 416.6 434.9 455.4 478.9 504.8 523 534.6 540.7 534.8 524.1 506.4 487.3 466.9 446.6 423.2 403.5 389.4 376.5 369.2 362.7 358.2 352 350.7 351.2 350 352.5 358.9 366.7 377.7 384.9 397 410 424.6 442.1 460.4 481.1 502.1 522.6 542 556.1 564.1 572 579 584 588.9
594.7 596.3 599.4 602.4 606.2 608.5 610.6 611.2 607.1 605.3 598.7 570.2 533.8 510 490.6 474.8 443.4 418.7 401.8 384.7 370.1 359.3 349.5 342.9 340.7 342.3 343.6 349.8 351.1 358.2 369.3 384.7 398.6 407.4 417.3 429.6 448.3 467.1 486.8 499.1 501.3 497.7 487.9 474.8 458.4 442.7 424.6 405 390.7 374.4 363.7 356.2 351.4 348.5 346.2 344.7 347.2 345.9 353.9 362.5 374 382.7 391.3 404.6 419.1 435.3 454 475.3 497.2 520 541.4 556.9 568.7 575.9 581.8 587.6 592.1 594.3
596.3 600.6 603.1 603.8 608.3 611.9 616 616.5 611.4 611.7 611 586.1 550.3 521.8 499.6 482.5 455.1 426.3 407.1 387.3 372.9 360.6 346.2 340.7 335.9 338.1 336 342 346.9 353.1 362.5 376 388.8 395.8 399.3 407.7 421.8 440.1 455 468.3 465.8 462.2 453.5 443.4 430.5 417.8 401.8 388.8 374.7 359.2 350.6 345.5 343.9 341.2 343.5 348.3 347.6 351 359.4 370 381 387.4 398.9 412.3 431.7 449.9 468 490.1 515.4 540.7 558 571.6 580.1 585.8 590.8 595.4 600.5 602.8
598.6 602.2 606.4 609.5 610.7 613.7 617.4 617.6 614.4 617 619.5 606 565.9 537 512.5 491.9 466.9 437.3 412.5 391.9 375.4 360.9 347.5 339.3 337 332.3 332.9 338.2 345.2 351 355.6 367.2 371.8 372.5 382.4 392.3 397.5 411.9 423.2 427 431.5 430.6 424 414.3 406.7 395.4 383.1 370.9 355.1 346.6 342.5 339.3 343.1 346.3 347 347.1 349 356.6 365.2 376.1 386 396.9 408.6 424.8 444.9 464.4 483.5 506 534.2 557.2 572 583.4 589.6 594.5 599.1 602.9 606.2 608.2
599 605.4 609.6 613.8 614.1 617 619.1 618.7 617.9 621.1 622.2 615 587.7 556.1 529 503.9 475.6 445 420.7 397.9 379.6 360.3 349 339.7 335 330.2 334.5 336.8 341.5 344.9 353.5 359.9 358.5 368.8 370.5 378.5 387 393.5 397.1 404.2 405.1 401.6 400 391.5 383 374.4 363.8 351.8 343.6 338.4 338.3 342.4 345.7 348.4 350.6 351.3 356.4 365.4 373.9 384 392.6 404.5 418.9 440.1 460.7 481.8 502.8 527.6 553.3 570.5 582.8 591.3 597.8 603.1 607.6 610 612.1 612.9
593.3 600.5 607.8 612.5 616.5 620.7 622.6 621.1 623.4 624 623.2 618.1 605.4 582.2 552.1 518.1 484.1 453.7 427.9 401.1 381.3 365.4 352 339.9 332.5 327.4 331.7 335.5 331.1 337 348.1 348.6 349.8 358.3 363.4 367.8 375.3 381.7 379.4 381.3 382.8 381.5 375.3 370.2 363.7 353.9 345.2 338.2 335.7 336.6 339.6 344 348.4 351.5 354.9 357.5 364.1 375.8 381.3 390.2 400.1 414.7 433.1 453.3 476.5 500.8 526.6 551.1 569.5 581.2 589.7 597.9 606.3 611.8 615.1 617.1 618.2 617.8
586 594.4 603.7 608.3 613.8 621.4 624.4 627.3 627.6 626 625 622.5 618.4 604 572.6 536.1 496.8 461.6 434.4 407.2 385.3 367 352.2 340.1 330.7 326.8 327.9 328.9 327.9 331.5 336.8 338.1 343.5 354.9 359.4 363.8 365.7 364.6 362.8 369.1 368.4 363.9 358 350.4 344 337 334.3 332.5 331.9 336.3 340.7 344.7 349.7 354 359.5 364.8 372.5 381.3 390.6 398.6 410 429.5 451.3 472.6 494.3 520.5 546.5 566.5 582 590.9 599.3 608.2 615.6 619.3 621.4 623.1 622.4 622.2
567.4 582.6 595.7 603.4 608.6 615.3 618.8 625.6 628.1 626.6 625.7 622.5 619.8 613.6 581.4 542.4 502.9 465.6 438.3 410.7 387.9 369.4 352.3 341.7 331.3 323.5 324.9 324.8 326 324.8 325.1 331.4 339.5 347.3 358 356.5 356 351.4 351.1 352.1 351.6 350 344.4 335.1 333.1 330.1 330.9 331.4 333.6 336.1 342.4 344.6 349.7 356.1 363.4 370.5 379.8 389.5 397.6 408.1 424.5 447.1 469.4 491.2 514.8 539.1 560 577.8 588.8 597.9 606.9 614.7 620.3 624.2 626.8 628 627.7 626.7
551.2 569.3 584.5 594 599.9 604.3 611.2 618.2 622 623.8 624.8 623.3 620.5 613.3 581.1 541.8 502.4 468.5 435.5 410.5 386 368.2 352.3 341.6 333.2 324.1 322.4 322.7 320.9 320.1 327.8 331.6 333.2 338.5 342 345.8 344.6 344.1 339.7 340.3 336.1 334 331.7 329.6 329.8 330.2 334.7 333.6 336.9 339.8 344 348.7 354.3 363 371.7 377.7 386.7 394.5 406.1 421.4 443.5 466.1 487.3 511.4 533.7 555.7 571.8 586.5 596.1 607 616.7 622.1 626.6 628.7 630.4 631.4 632 630.7
516.6 534.7 553.5 569 579.2 590.8 595.8 601.6 607.6 614.2 620.7 620.7 615.3 596.7 568.5 530.6 495 460.7 431.5 407.5 385.7 368.1 351.6 339.3 332.1 324.8 319.4 319.2 318.6 321.9 327.8 326.3 329.2 330.2 328.9 331.7 335.6 335.2 333.6 332.5 329.1 328.7 327.1 328.9 329 334.4 336.8 337.8 342.3 345.7 350.3 355.3 363 373.5 382 388.2 394.7 405.2 414.8 436.8 460.7 483.2 507.4 529.4 550.4 567.3 581.6 593.4 605.4 615.8 623 627.8 631.2 632.5 634.2 635.7 634.9 632.8
472.2 493.9 508.7 524.5 539.5 559.2 566.9 571.2 570.4 574.1 585.5 592 590.3 572.4 547.2 516.1 483.2 452.9 426.6 402.4 383.5 365.7 351.5 337.9 331.2 326.8 319.3 317.5 318 316.8 317.6 318.5 320.3 319.4 325 328 326.7 330.7 331 330.5 329 328.4 330.5 330.8 335.4 338.7 339.1 341.4 345.2 350.1 356.3 363.8 373.2 383.5 391.5 399.5 409.4 420.5 412.3 444.9 469.9 496.4 518.2 539 557.9 574.6 588.6 601.3 613 622 628.6 633 635.9 638 639.3 639 637.7 636.1
440.2 452.5 470.3 481.2 494.1 512.7 527.6 531.3 530.9 530.7 540.1 547.6 553.3 544.9 521.9 496.8 469.7 444.4 420.3 398.3 377.5 361.5 348.2 337.1 329.7 325.3 317.7 316.2 317.5 317.8 316.8 319.7 321.8 321.7 322.4 323.6 325.5 327.6 328.7 327.9 330.2 332.5 333.8 334.4 337.2 340.8 344.5 347.3 352 357.2 364.4 373.1 383.9 393.9 402.8 414.7 427.2 439.6 447.4 437.4 470 494.5 516.3 540 560.3 578.2 595.5 608.9 618.6 627.3 633.8 638.2 641 642.6 644.3 644.2 642.5 640.9
411.4 420.4 430 440.7 452.3 469 472.2 478.4 488.2 491.7 496.3 509.8 516.8 511 499.1 482.1 457.4 434.7 410.3 388.2 370.5 354.3 344.2 336.3 329.2 324.1 316 316.4 321 320.7 315.5 318.2 320.7 320.3 322 320.6 322.1 323.4 326.6 329.7 333.6 335.8 337.4 339.2 340.9 345.9 350 354.8 360.8 367.3 374.6 383.7 393.2 403.8 418 435.6 451.1 466.3 476.6 474.1 468.2 478.7 492.6 523.5 552.9 578.2 600.2 615.6 624.6 632.3 639.4 643.7 647.1 648.6 649.7 650 649.4 648.5
382.5 392.9 401.5 408.5 414.3 424.2 434.4 440.9 451.1 458.8 464.3 469.4 474.6 476.8 477.7 463.1 444.4 422.3 402 382.3 367.2 354.4 342.5 336 329.4 319 314.1 313.5 316 316.7 314.5 318.3 318.8 317.5 319.3 323 326.7 327.5 330.1 331.7 335.1 339.2 341.8 343.9 347.2 352.1 356.4 361.8 367.3 374.4 385.1 395.4 408 427.1 443.2 463.1 480.3 493.3 502.4 501.3 492.6 513.9 528.9 526.3 538.1 573.7 603 620.3 630.6 638.9 645.7 649.3 652.1 654.2 655.3 655.1 655.1 655.1
355 367.9 377.2 382.5 386.8 395.1 405.7 414.2 421.8 430.3 435.9 440.9 445 448.8 451.5 442.9 427.5 411.1 391.7 376.2 363.1 352 341.1 335 327.9 317.2 313.3 311.8 312.2 311.9 312.9 313.1 320.1 320.5 323.1 325.8 326.7 329.1 330.5 334.6 338.3 342.4 346 349.8 354.2 359.5 362.9 369.3 379.8 389.3 400.7 416.7 435 453.5 471.6 492.2 509.1 523.5 531.8 528.5 516.9 535.8 557.4 562.5 560.1 571.6 604.7 626.5 637.3 645.3 651.4 655.7 658.1 660.2 661.5 661.6 661.6 662.2
334.8 340.7 351.8 357.5 362.8 368.8 379.5 389.6 397.8 408.2 412.8 416.2 421.4 426.7 429.2 428.2 410.9 396.5 382.8 369.7 356.8 350.8 340.4 332.4 322.9 317.5 312.6 310.8 311.2 310.2 310.7 314.5 318 320.7 323.3 323.7 325.8 329.4 333 338.7 342.8 346.3 350.8 355.6 361.3 367.7 371.5 381.5 395.4 410.3 426.4 443.4 462 481.1 500.6 518.1 536 552.3 561 555.2 542.7 550.4 574.5 589.8 593.4 588.1 606.2 631 645.8 654.4 659.5 662.7 665.1 665.1 665.8 666.2 667.3 668
319.6 322 328.1 334.6 341 346.8 353.2 362.2 371.4 376.6 385.5 391.9 398.7 408.1 410.7 405.6 402.8 384.7 372 360.2 347.5 340.2 334.2 326.9 320 317.6 314.6 312.7 310.1 312 314.9 315.8 318.2 322.4 325.1 327.1 329.1 331.7 335.4 341.1 346.6 351.5 358 363.6 367.4 374.6 385.1 396 412.1 430.5 449 465.9 484.6 503.6 523.3 542.8 560.4 575.4 583.8 584.4 571 568 587.4 612 620.6 621.6 630.6 645.9 655.8 663.7 668.2 670.7 672.3 672.5 671.3 671.7 672.6 674
305.2 307.8 310.5 316 322.6 327.3 337.8 341.7 350.6 358.2 363.9 369.4 373.5 381 392.1 392.2 393.2 376.1 361.9 355.1 341.1 331.8 326.3 320.7 315 314.1 314.7 310 309.8 312.1 312.4 314.7 317.6 320.8 323.8 327.4 330.6 334.4 342.9 349.9 353.7 359.1 363.7 369.7 375.5 382.1 391.7 406 425.9 446.9 465.9 484.2 502.3 524.2 545.1 564.4 578.8 592.3 601.8 606.9 602 597.5 604.2 629 644.1 651.2 657 663.2 666.7 671.3 674.8 676.8 678 679.1 678.7 678.6 679.2 680.9
295.3 297.3 299.1 303.5 306 311.3 318.2 325.3 333 341 345.9 349.8 356.3 359.1 365.4 375.1 374.3 366.3 351.4 340.2 330.4 324.7 317.6 318.9 314.1 312.7 313.7 311.2 308.2 314.2 315.7 318.1 320.2 322.7 326 330.3 335.3 341.9 348.2 355.4 361.3 364.5 370.7 375.9 383.9 393.2 397.8 412.7 435.7 456.1 477.9 498.4 520.2 542.6 563 582.3 595.6 605.4 613.9 621.1 628.4 633 639.6 650.4 659.5 664.4 668.6 671.2 675.3 678.1 681.1 683.1 683.6 684.7 684.6 684.8 685.6 687.1
292.9 292.8 292.8 294.6 297.3 300.5 305 311.6 318.8 325.5 327.7 333.5 341.3 342.7 345.7 351.6 353.9 352.6 342.6 329.5 319.4 314.6 311 312.8 311.1 311.5 309.2 308.5 315.5 316.8 317.2 319.5 321 323.5 330.6 333.8 339.5 347.8 354.5 357.6 363.5 368.5 377.6 387 395.4 405.2 416.5 413.8 440.4 465.3 488.1 510.6 533.7 557.4 581.3 598.1 610 618.1 627 635.7 642.9 649.1 655.6 661.8 668.4 672.7 677 680 681.9 684.1 686.4 687.9 688.9 688.9 689.7 689.8 690.9 692.1
294.6 293.2 292.1 291.9 292.3 292.9 296.1 302.2 306.1 311.9 316.4 319.5 326.5 329.6 332.1 337.9 340.9 340.6 333.1 321.9 312.4 308.7 306.1 306.2 305.4 303.4 306.6 313.4 320.3 320.1 319.9 321.7 324.4 328.5 338.2 340.9 346.9 351.4 360.1 365.6 370.8 377.6 386.6 397 407.2 420.2 429.9 434.9 446.3 465.8 487.3 516.7 545.8 571 592.9 610.2 619.8 628.6 638 646 652.6 657.9 664.7 670.4 675.7 680.6 684.5 687.2 689.3 690.5 691.7 693.2 694.9 695.6 695.8 696.1 696.9 698.8
296.2 294.7 293.4 293.2 293 291.6 291.2 294.3 297.5 301.2 304.6 308.2 312.9 316.9 322 323.4 327.9 330.7 324.9 315.5 308.1 305.3 303.5 302.8 303.9 303.1 310 315.4 318.6 319.5 319.6 322.1 325.9 331.6 337.4 346.4 349.9 355.7 362.3 369.1 376.4 385.9 395.5 407.2 422.4 438.4 448.9 447.3 460.2 487.7 508.3 514.4 550 582.2 602.2 617.1 628 638.8 647.5 654.3 659.8 665.6 672.4 679.2 684 687.7 690.5 693.5 696.2 697.5 699.4 700.3 701.7 702.5 703.2 703.5 704.4 706.2
303.7 298.2 297.5 296.9 296 295.2 292.5 291.9 293.8 295.7 299.5 300.5 302.9 306.5 310.2 312.7 315.7 316.2 315.5 314.1 307 302.3 301.8 298 297.7 305.3 309.9 313.1 315.6 316.9 318.4 322 326.1 335.7 340.4 347.2 353.9 360.2 367.9 374.6 383.3 395.2 406.3 422.2 441 457.9 469 461.8 482.2 506.9 529.8 548.4 560.6 592.8 610.1 622.6 635.2 647.3 655.7 662 667.6 672.1 679 684.9 689.6 694 697.9 701 704.2 705.6 707.1 707.7 708.5 709.3 710.8 711.6 712.5 713.9
314.2 305.7 300.9 297.4 296.4 295.3 291.6 289.3 293.5 291.1 294 294.8 297.4 301.6 301.5 306.8 305.5 305.2 306 305.9 302.2 298.9 296.9 295.1 300.6 310.7 310.8 311.7 312.3 315.2 318.5 323.5 330.5 335.7 345.3 350.2 358.8 365.8 373.2 379.8 390.6 403.5 420 437.4 459.6 476.2 487.3 476.8 493 523.9 547.2 568.6 586.3 603.5 617.8 629.2 642.6 653.8 662.6 668.4 673.4 678.6 684.3 690.3 695.2 700.3 706 708.9 711.3 713.9 715.1 716 716.9 717.7 718.4 718.9 720.1 721.8
