Assets/StreamingAssets/GeoData/Data/nh/NH39.asc
ncols 200
nrows 200
xllcorner 230000
yllcorner 890000
cellsize 50
[rows 105 to 139 of 200, columns 78 to 155 of 200]
225.4 205.1 206.9 220.1 226.5 228.8 230.7 233.3 237.6 241.7 246.2 251.9 254.4 257.5 259.4 258.2 259.4 262.9 262.2 260.3 259.6 259.1 256.6 259 256.6 254.3 254.6 251.5 250.1 246.6 245.8 244.6 243.2 241.4 241.8 239.7 242.3 238.2 238.8 238.2 238.3 237.8 237.8 237.7 238 238.6 239 241.1 247.6 248.8 249.8 251.8 252.5 250.5 244.7 264 270.4 278.2 292 300 305.7 315.6 328.7 342.1 352.5 360.2 367.5 369.8 372.6 372.4 372.7 372.9 376.6 377.6 379.7 379.4 377.7 372.2
227.4 210.3 207.9 208.1 216.4 225.8 227 229.2 230.4 233.8 236.7 240.3 242.5 245.4 246.5 249.7 250.6 252.2 253.9 249 248.5 249 248 250.3 248.6 245.6 246 246.4 246.3 243.9 239.9 239.1 239 237.4 237.7 236.6 236.7 236.9 237.1 237.2 237.2 238.3 239 238.6 239.8 241.5 245.2 249.9 254.7 258.2 256.7 259.6 259.4 264.7 247.3 261.6 269.1 285.6 292 297.3 303.9 312.6 322.4 337.6 349.8 355 358.8 364.1 367.8 369.7 369.2 368.5 371.8 374.3 378.5 379.7 374 364.4
228.3 226.6 212.6 211.1 211.6 216.1 217.1 225.3 222.1 228.6 230.2 232.5 234.6 236.3 237.1 239.3 240.9 242.1 242.1 240.5 238.5 240 241.3 241.8 239 237.8 237.7 239.2 238.9 238 237.7 236.5 236.2 236 236.3 236.7 236.9 237 238.4 239.8 240.4 241 240.7 240.4 243.5 249.2 251.4 256 259.2 267 267.9 269.8 267.5 273.2 252.4 259.4 265.9 273.7 280.5 288.4 300 307.5 317.8 328 338.3 344 350 357.7 362.4 362.8 362.6 363.1 366.1 369.5 372.6 370.6 365.4 359.1
229.1 226 218.3 211.1 222.2 226.9 227.5 226.9 228.1 225.5 227.3 228.2 231.4 233.4 232.1 235.5 237.5 238.3 238.2 237.2 236.6 236.8 236.2 235.8 235.8 236.5 236.5 237.5 236.6 237.3 237.4 237.6 238.1 237.5 237 237.8 237.9 239.9 243.2 245.4 246.6 247.4 244.4 248.2 253.1 253.9 256.5 260.6 266.4 273 273.8 274.1 273.3 277.2 274.7 260.5 256.7 267.7 277.9 281.9 292.2 301.1 312.5 323.1 330.8 336.5 342.1 349.7 354.4 358.8 360.3 358.7 361.8 366.9 369.1 366.1 361.9 355.2
231.1 230.5 214.6 215.7 223.7 228.5 229.3 229.9 230.7 230.7 232.1 233.2 233.2 233.9 234.4 234.7 233.8 237.1 237.9 236.1 235.5 236.4 235.3 236.1 236.1 235.5 235.5 235.5 236 235.7 236.2 238.9 238.5 238.8 239.4 240.1 242.4 245.9 250 250.3 252.6 252.8 251.8 258.5 262.1 262.2 263.3 266.6 276.2 278.5 279.7 279.2 280.2 279.1 286 283 277.1 266.8 273.2 281.7 287.8 296.2 306.2 315.5 322 328.5 333 339.3 350 354.3 354.6 354.3 357.3 360.8 365.2 365.2 359.9 352.1
231.6 229.7 216.3 218.6 225.9 229.3 230.8 232 232.2 232.6 234.2 235.2 234.7 236.4 235.4 238.4 239.2 238.7 238.8 238.4 237.5 236.6 236.4 236.7 236.3 235.5 235.4 235.8 236.6 236.6 237.6 239.4 240.4 241.5 241.7 242.8 251.3 251.8 252.1 254.6 256.5 258 258.3 263.6 269.6 268.2 268.1 273.5 280.6 283.3 283.6 286.9 287.8 283.7 287.8 289.3 283.1 281.5 267.5 276.5 283.6 291.7 299.2 307.3 314.2 320.4 327.3 333.6 340.5 345.2 349.4 352.6 354.4 355.2 356.1 356.4 354.4 350.7
232.4 229.4 220.7 219.7 229 230.4 232.5 233.3 234.2 235.4 236.7 237.6 237.5 237.7 238.4 239.2 240.3 240 239.4 238.2 237.3 237 236.8 237.6 236.8 236.3 236 236.3 236.2 237.1 238.3 241.4 243.1 247.3 247 254.2 255.3 256.4 257.8 262.7 260.6 262.9 268.4 272.3 274 273.9 273.7 277.8 286.2 286.7 288.8 291.2 292.4 289.1 289.8 292.9 289.9 286.5 286.4 270.5 276.9 283.4 294.3 299.6 306.5 313.3 320.2 329.2 338.4 343.7 346.8 348.7 352.4 353.7 355.2 355.5 354.8 354.5
234.3 231 220.1 228.6 233.3 232.2 235.1 237.1 238 239.4 241.1 242 240.4 241.2 240.1 239.7 241.3 240.9 239.2 238.7 238.2 237.8 238.5 240 239.3 238.8 238.2 236.7 237.1 240 243 248.8 247.3 251 254.7 258.8 257.6 261.3 260 262.1 264.6 269.6 274.7 277.8 278.9 282.1 281.8 282.3 288.1 290.4 293.7 295.2 294.4 292.1 294.5 294.1 295 290.3 293.8 293.6 272.5 278.2 287.9 293.2 299.5 305.9 314.1 324.9 334.4 339 341.4 346.7 351.9 356.2 355.6 358.6 357.9 355.3
235.1 221.6 227.3 234.8 235.1 236.4 236.6 237.8 238.9 239.8 242.6 242.8 242.1 243.1 242.3 241.8 243.7 244 241.9 243.3 243.1 240.1 239.5 241.9 239.9 242.3 241.6 239.8 241.8 245.2 251.5 254.8 251.2 254.6 259.7 262.6 262 263.9 266.1 267.5 271 271.8 276.3 280.8 281.9 286.7 288 290.1 292.5 295.4 295.6 298.5 297.1 294.7 297.6 297.5 297.3 296 296.5 297.3 296.6 286.4 277.6 283.4 294.4 301.6 310 318.4 326 331.1 338.1 343.3 350.2 352.1 352.8 355.7 355.6 354.7
234 226.1 233.8 235.4 236.4 238.9 238.2 237.5 238.4 240.1 243.1 245.8 244.4 244.1 243.4 245 245.9 247.1 244.3 244.5 245.4 242.8 241.9 245.1 245.1 247.7 248.8 244.7 248.1 249.5 255.1 257.8 259.5 260 266.3 269.6 269.4 265.8 268.7 274.1 278.7 278.3 283.3 287.7 288.4 293.4 292.9 296.1 297 300 299.8 300.8 302.6 301 301.8 302 300.4 299.9 294.9 301.2 300.3 298.6 295 281.5 289.5 299.5 306.8 314.6 318.6 325.3 330.9 336.8 341.6 345.5 349 352.8 355.3 356.6
232.1 223.6 236 236 239.6 240.6 241 241.9 242.1 245.3 246.3 247.9 248.6 248.2 246.6 246 249.3 249.2 247.3 248 248.9 249 246.9 245.1 247.1 251 253.5 255.3 257 255.8 260.1 264.6 265.3 266.3 270.5 272.5 273.4 272.6 276.5 279.2 281.4 284.4 288.8 291.4 295.3 297.5 299.1 301.1 302.9 305 305.2 305.1 305.2 305.1 305.7 304.7 303.4 303.1 298.1 298.8 301.3 302 301.9 289.8 284.5 289.5 300.6 305.7 312 318.2 324.8 331.8 335.3 337.7 344.3 351.8 356 357.1
236.1 227.4 234.7 236.3 239.1 244.5 245.1 246.3 246.7 248.1 249.7 250.6 251.5 250.3 250.6 248.9 253.6 252.1 250.1 250.2 251.9 253.5 254.6 248.9 253.4 257.5 259.9 261.6 263.5 263.3 265 270.5 273.7 272 273.7 276 279.6 277.3 282 282.7 286.1 292.9 294.8 298.2 300.2 303.6 306.4 307.6 309.8 308.6 311 311 311.4 309.1 308.5 307.3 306.2 305.7 301.9 300.9 300.3 305.9 305.7 304.1 300.2 290.6 290.3 297.9 305.1 312.3 317.9 324.1 330.8 334 339.4 346.5 350.3 355.5
226.4 230.2 235.9 239.7 242 246.7 248.4 250.3 248.9 250.9 252.8 253.5 254.3 254.9 254.1 252.7 254.4 253.4 252.4 252.2 257.1 260.3 261.5 261.5 259.9 262.7 266.4 273.4 269.5 267 270.6 277 275.2 275.2 277.8 281.9 283.6 284.1 289.7 289.9 294.9 297 300.1 305.3 308 311 312.1 315.8 315.3 314.5 316.5 316.4 316.9 315.2 314.2 312.5 311.1 310.3 307.2 304.8 305.8 304.5 308.5 308.1 306.6 305.8 302.1 289.1 296.8 306.7 313 319.4 324.1 330.4 334.3 338.8 343.6 349.9
226.7 231.4 237.3 244.4 247.2 249 250.6 251.1 251.4 252.4 254.2 257.3 258.2 258.5 259 256.5 256.9 258.6 260.2 259.3 261.2 265.2 268.7 268.3 263.9 265.3 271.6 274.2 271.1 271.2 276.6 281.2 279.8 281.5 284 287.3 289.7 293.1 294.2 296.3 300.7 302.1 307.4 311.2 315.8 318.6 320 321.8 320.8 320.5 320.9 321 321.1 320.5 320.9 316.3 314.5 312.3 311.7 309.3 308.8 305.4 307.7 310.2 308.4 308.2 308.4 305.8 293.5 297.6 306.7 312.6 317.3 322 328.2 331.3 335.1 337.6
226.5 234.9 241.1 247.7 250.7 252.9 255 256.3 256.6 256.6 258.5 260.4 262.5 262.3 262.1 260.6 261.8 263 265.5 266.9 268 270.8 271.7 270.3 267 269.5 274.7 278.2 275 275.7 278.5 280.6 284.1 285.8 289.4 292 293.4 298.8 299 301.2 308.3 311 317.4 319.2 322.6 324.1 326.4 327.4 327.4 325.1 326.6 326 325.4 325.3 325.5 321.3 318.7 317 314.9 313.6 311.5 309.8 306.4 310.3 310.1 309.7 309.4 307.7 308.1 295.1 299.3 308.3 313.2 316.5 318.8 323.7 327.2 329.2
227.3 237.3 245.4 250.5 253.1 256.4 259.7 261.1 261.3 260.4 262.1 263.6 266.4 266.4 266.9 265.1 265.8 268.4 271.4 272.4 273.3 276.1 276.9 279 278 277.6 278.6 284.6 285.6 288.1 288.6 290.5 292.4 291.8 295.7 297.7 299.4 304.2 311.1 312.2 316 320.2 325.9 326 328.9 331.7 332.2 333.6 333.9 333.7 333.5 331.9 332.4 329.4 329.9 327.2 324.2 322.6 319.1 317.4 314.9 311.5 315.5 308.6 312 312.1 311.5 309.5 310.9 310.5 304.3 297.7 304 315.2 316.4 317.9 321.1 322.9
234.9 243 248.8 254.1 257 261.4 266.1 265.8 263.7 264.6 266.3 268.1 268.8 270.5 269.4 269.6 271.5 274.1 278.8 282.1 284.4 287.2 289.7 290.2 289.3 288 287.1 291.8 294.1 295 296.9 296.4 297.1 297.8 301.3 300.8 307.1 312.7 318.4 320 324.4 330.2 332.1 332.8 335.7 337.1 339.2 340.7 341.5 341.7 341.5 339.3 338.2 334.3 334.3 331.9 332.3 329.5 326.6 320.7 316.9 314.3 317.5 310.6 310.7 312.4 313.4 309 312.7 313.3 312.2 310.1 302 308.9 316.2 316.1 317.7 318.1
241.9 247.7 251.3 255.9 262.4 266.5 270.2 269.7 265.9 268.6 270.6 271.6 272.2 273.1 274 277.1 282.5 287.1 289.3 290.3 291.9 295.4 297.9 299.3 301 302.1 300.3 300.1 301 302.8 304.4 304.2 299.9 306 307.1 308.3 315.9 322.3 324 326.7 333.2 334.1 338 340.3 342.4 344.1 347.2 348.6 349.8 349.4 348.9 345.7 342.4 342 338.8 335.9 335.4 332.5 333.6 325 319 316.3 317.3 315.7 313.8 311.8 313.1 313 313.1 314.6 314.6 314.1 306.1 305.2 314.2 313.8 317 316.3
245.8 251.3 256.9 258.6 261.9 268 272 271.7 269.9 271.2 273.7 273.4 275.1 278.2 281.1 286.5 293.5 298.9 296.7 298.2 300.1 302 307.7 311.8 312.2 312.9 311.9 309.4 312.6 311.6 311.1 309.7 305.9 310.4 312 315.1 321.6 327.6 331.3 333.2 337.6 340.6 343.4 346.9 349.9 353.8 355.3 356.2 356 355.1 353.6 352.2 347.6 347.9 344.6 343.4 338.1 336 334.8 332.8 324.3 319.7 317.6 320.2 318.6 312.1 313.7 318 315.1 315.4 316.2 316.6 313.9 305.2 313.6 316.5 317 317.4
250.6 254.2 258.3 261.8 263.9 268.4 271.6 272.4 273.1 274.4 275.4 277.7 279.6 284.6 289.5 294 299.1 307.2 308 307.5 309 314 317.7 320.9 321.7 321.2 319.6 318.4 319.2 316.6 315.7 313.1 313.3 315.6 318 323.3 327.5 332.4 336.5 339.7 343.5 347.2 350.3 355.7 357.6 360.2 361.3 362.7 362 362 360.3 357.7 355 354 350.5 348.1 341.8 339.6 336 336.7 330.4 325.2 322.1 320.1 321.2 316.6 313.2 314.4 318.2 317.1 316.4 318.1 315.4 307.6 311.6 318 317 319.1
250.9 256.7 260.4 263.6 265.4 270 271.9 274.3 276.8 276.8 278.6 281.4 286.8 290.6 294.1 298.8 304.7 312 315.1 316.9 320 323.9 326 328.2 328.6 327.7 325.8 324.8 323.7 322 321.3 320.7 320 322.4 324.8 329.8 335.4 339.8 342 345.6 349.1 354.1 358.2 360.9 364 366.5 368.6 368.8 368.6 368.1 366.3 365.5 363.1 359.6 356 353.8 347.3 345.1 341.3 340 334.9 328.3 323.6 320.5 320.8 321.4 318.4 314.7 318.1 319.1 319.4 320 317.6 308.5 312.2 319.4 319.8 320.1
256.2 257.3 259.9 263.9 268.5 272.5 276.1 278.2 279.3 281.1 284.8 287.9 292.5 296.9 300 305.3 310.8 316 322.4 324.9 328.7 331.7 334.5 335.1 335.7 334.1 332.3 330.1 328.6 327.8 328.2 327.8 326.7 329.5 331.2 337 342.5 346.2 347.7 351.9 356.3 360.6 365.1 367.6 369.9 372.2 374 375.7 375.3 373.8 372.9 371.6 368.6 363.1 360.1 359.8 358.1 352.4 347.6 344.5 340 333.6 325.8 323 321.4 322.7 325.3 318.1 319.2 321 321.8 321.3 318.3 309.7 311.3 319.7 321.3 321.6
260 262.3 264.7 267.5 270.6 275 278.3 280.1 283 286.2 291.1 294.5 297.9 303.3 305.3 309.9 316.4 321.6 327.5 331.3 335.8 338.9 341.8 342.2 341.5 340.9 337.8 335.8 335.2 334.6 334.9 332.9 332.7 335.6 338.8 342.8 348 351.2 353.9 358.1 362.1 365.7 370.3 373.1 374.7 377.3 379.2 379.9 379.5 378.8 375.7 373.3 371.9 368.1 365.7 365.6 364.1 360.8 353.7 346.8 342.2 337.2 330.7 328.5 325.6 323 327.4 320.3 320.5 322.9 323 322.6 317 311.4 320.3 314.2 320.3 322.4
263.6 265.8 269.3 273.2 275.5 276.9 280.9 285.1 287.8 289.2 295 300.5 304.1 307.5 310.6 315.8 323.6 328 333.3 338 341.7 345.8 348.5 348.1 348 346.9 344 341.4 341.5 341.6 341.3 339.3 340.1 341.5 344.9 348.6 352.2 356.7 360.1 364.6 368.4 371.9 375.2 379.4 381.2 382.5 384.5 385 384.9 382.8 380.4 376.8 375.3 372.9 373.3 372.9 369.4 363.9 360.1 352.7 347.4 343.1 337.8 332.1 330.2 325.7 329.3 327.7 324.3 325.7 324.2 323.4 319.4 312.5 321.7 319.8 320.7 320.4
266.8 271 275.2 278.7 281.9 281.6 285 289.7 292.2 295.8 300.8 304.7 307.7 310.5 316.1 323.1 329 334.4 340.9 343.9 347 351 354.4 352.6 352.1 352.1 350.3 347.2 346 345.3 345.5 345.5 345.9 347.1 350.5 354.5 357.9 362.3 366 370.7 374.8 377.4 382.3 384.7 386.3 387.9 389.9 389.9 388.8 386.7 385.5 383.8 381.5 380.1 380.1 377.5 372.6 366.1 361.3 352.8 348.9 344.1 339.6 336.5 333.1 328.9 330.5 327.3 326.2 326.6 324.5 324.4 317.1 313.8 321.2 322.7 323.9 322.7
273.5 277.4 280.4 282.3 285.5 287.6 289.8 292.9 298.4 304.1 305.7 306.9 309.9 314.6 321 329.4 334.7 340.1 346.4 349 353.7 357.6 359.3 358.7 358.7 357.5 356.2 353.2 351 349 349.6 348.8 350.6 351.6 355.6 359.8 363.9 367.3 371.2 375.8 379.8 383.9 386.5 390.3 392.2 393.8 394.6 394.2 392.8 391.2 391.2 388.8 386.1 385.2 383.6 380.5 376.3 367.4 359.5 356.1 349.3 348.5 343.5 337.7 334.9 331.2 333.9 329.9 327.2 326.3 324.9 318.7 316.4 318.1 322.1 324.5 325.9 323.5
278.9 282.1 285.2 287.7 290 294.5 297.1 298.6 303 306.3 309.6 309.7 314.2 320.8 328.3 335.2 341.3 346.8 352.7 356.6 359.4 362.5 363.6 363.4 362.4 361.6 360.5 358.2 356.9 355.4 354.3 351.9 354.5 357.6 360.9 363.8 368.4 372.3 376.6 381.3 384.6 389.4 392.6 394.4 395.7 398.2 398.2 397.3 396.4 395.8 394.7 393.9 392.1 389.8 385.6 382.4 376.8 371.3 364.1 358.3 356.9 350 344.3 343.9 336.2 330.8 334 331 328.9 328 326.7 319 320.5 324.9 326.2 326.4 327.7 327.6
286.8 286.7 288.2 292.3 294.9 300.6 304.9 304.2 306.6 309.2 313.8 317.9 319 324.7 333.9 341.4 346.8 352.5 357.4 361.9 364.3 367.2 368.4 368.2 367.8 367.5 364.4 362.5 359.9 358.1 358.5 353.1 359 360.6 364.6 368.9 372.6 377.9 382.4 386.4 390.1 393.9 396.4 399.6 401.1 400.9 402.3 400.5 400.7 399 398.6 397.6 394 390.8 388.3 382.8 379.5 373.5 366.3 357.7 353.2 351.5 348.6 345.8 340.7 334.5 334 334.2 331 329.3 322.9 320.5 323.1 326.8 328.7 328.2 329 328.7
291.5 292.2 294.6 297.3 298.3 303.7 308.5 306.8 309 313.2 316.6 321.1 323.1 330.2 339.2 345.7 351.6 357.1 363.5 366.7 370 372.2 373.8 372.9 372.8 371.6 369.6 365.9 365.1 362.9 361.9 357.8 361.7 364.2 367.7 372.6 376.5 380.9 385.7 391 395.4 398.9 401.3 404 406.2 406.2 405.4 405.5 404.3 402.1 401.3 399 395.9 392.3 388.9 383.3 379.4 373.8 366.2 358.5 355.9 352.7 350.1 347.7 343.8 336.6 335.9 336 333 328.7 321.9 326.8 328.8 330 331 329.9 332.2 333.5
294.2 298.6 300.2 300.1 303.1 304.2 308.1 309 312.2 316.5 321 322.5 327.2 334.4 343.2 351.1 358.8 363.1 369.1 373 376.1 378.3 379.8 379.5 377.9 375 373.9 370.1 369.1 366.2 363.1 362.1 363.2 367.6 369.9 376.2 381.2 384.8 388.3 394.6 399.4 403.7 406.8 408.9 409.1 410.1 410.5 409.2 407.2 404 402 400.4 397.9 393.4 389.6 382.6 377.3 373.5 366.8 359.3 355.3 352.4 350.2 347.6 344.9 339.8 336 334.6 332.8 323.3 325.5 330.4 333.4 335.4 334.8 337.1 339 341.1
302.6 304.9 304.8 302.5 305.8 307.6 310 314.1 317.9 320.6 324.2 327.5 330.5 339.3 348.4 356.1 363.7 369.7 374.9 379.4 382.8 385.1 385.7 384.2 382.4 380.1 377.7 373.9 371.6 368.3 365.4 365.1 365.7 368 372.7 379 384.3 389.7 392.9 398.6 403.9 408.3 410.8 413 414.4 413.9 413.6 411.8 408.8 405.1 402.4 400.1 398.1 394 386.5 379.6 373.2 372.2 366.2 360.3 356.1 353.2 349.8 347.1 344.4 341 335.7 332.2 326.5 326.2 333.7 336.7 340.1 343.7 348.4 348.3 351.1 352.1
308.4 308 308.4 308.5 310.2 312.6 312 318 320.9 322 325.6 330.8 336.9 343.7 351.9 359.1 368.9 376.5 381 386.3 388.3 391 391.1 390.1 387.5 384 380 375.7 372.2 368.8 366.9 367.1 367.9 371.4 376.1 381.9 388.3 395.4 399.3 405.3 410 413.2 415.9 417.5 417.7 417.2 416 413.1 410.7 405.6 402.4 400.4 396.1 391.7 386.8 379.8 374.4 367.9 363.5 359.7 354.9 352.1 349.9 346.6 343.7 341.4 336.6 330.9 327.7 332.5 338.2 343.5 346.7 353.7 356.5 358.4 360.8 360.6
319.2 316.7 316.9 314.3 314.5 316.3 318.6 320.6 323.6 323.9 327.5 333.4 340.5 349.2 356.1 365.1 373.5 380.7 385.8 390.3 394.6 394.6 395.4 392.2 390.5 388.6 383.2 379.6 374.9 371.1 367.1 369.4 372 376.7 381.2 387 394 400.6 406.6 412.5 416.7 419.5 421.5 421.6 420.9 421.1 418 415.2 410.3 406.1 403.9 397.9 393.2 390.8 386.2 381.1 374.4 368.8 365.7 365.2 361.3 351.6 349.1 344.1 340.3 340.8 338.7 331.1 327.7 337.8 345.3 354.2 361.3 367.6 368.8 368.9 369.3 366.1
333.6 335.6 325.8 321.7 317.8 320.7 323 322.1 324 326.5 333.6 336.4 345.9 352.6 361.4 369.3 376.9 383.1 388.8 393.5 397.7 398.2 398.8 395.5 394.9 391.4 387.3 382.6 377.8 374.2 371.2 374.1 378.7 383.4 389.8 393.8 399.8 406.6 414.2 420.7 423.8 426 426.8 426.9 425 423.9 420.2 415.5 411.2 405.4 402 396.9 391.5 387.8 385.2 380.3 372.6 366.8 365.1 364 362.5 357.5 351.1 346.6 339.7 337.5 330.5 329 331.2 343.6 352 364.8 374.2 384.3 385.6 379.7 376.5 372.3
349.2 344.9 335.9 328.5 321.8 323.1 326.2 325.5 326.2 332.4 340 340.7 349.4 356.3 366 371.9 378.2 385.4 391.2 395.7 400.5 401.4 399.6 399.9 396.8 393.5 391.4 387 382.2 379.1 377.2 380.5 385.7 390.8 396.6 401.1 407.2 416 422.5 427.4 430.9 434.2 433.7 431.2 428.7 426.5 421.8 416 411 405.9 400.8 395.7 391 387.3 383.4 379 371.8 365.6 362.1 361.7 360.2 355.7 349.3 347.4 340.3 335.3 331.2 331.1 341.2 349.7 360.9 372.5 383.8 393.6 398.4 390.6 385.5 380.8
