Assets/StreamingAssets/GeoData/Data/nh/NH42.asc
ncols 200
nrows 200
xllcorner 240000
yllcorner 820000
cellsize 50
[rows 105 to 139 of 200, columns 78 to 155 of 200]
415.3 426.4 429.5 424.8 423.9 421.8 423.1 423.9 422.6 421.6 413 412.6 414.4 420.1 427.3 431.4 445.6 448.1 436.4 429.2 428.2 429.1 432 433.5 430.1 431.8 442.5 445.4 447.2 451.1 449.7 449.1 444.9 442.7 443.2 443.9 443.7 440.4 438.3 436 434 429.3 426 425.9 434 444.7 450.7 452.4 455.5 457.5 454.3 465.2 475.4 470.7 461.9 448.7 439 435.6 429.7 426.5 427 427.3 426.4 431.1 441.1 447 446.5 431.9 412.3 399.6 384.2 371.6 360.2 352.7 347.6 342.8 336.4 333.1
417 426.7 424.8 424.5 423.1 420.2 422 419.8 419.9 418.3 414.4 414.4 424.1 423.8 432.1 439.7 453.1 445.4 433.6 430 434 435.5 436.2 438.5 433.3 442.1 448.2 450.1 454.7 456.5 457 457.1 456.9 453.2 449.9 450.1 450.6 448.6 445.5 441.5 440.4 436.2 435 435.5 439.2 451.2 456.2 459.3 461.2 464.3 476.6 487.9 482.5 475.5 461.4 447.3 439.9 437.1 432.7 431.1 430.7 430.5 431.8 439.2 449.6 446.1 435.2 422.5 408.2 390.6 378.1 367 355.1 349.9 341.6 337.6 334.3 330.4
418.1 424.9 422.1 421.9 422.5 418 418.6 419 419.6 417.9 416.4 419.8 427.6 428.7 436.8 449.1 450.7 446.9 434.7 435 440 437.5 441 435.5 436.1 445.6 452.2 458.2 463.2 462.5 462.3 465.3 476.6 467.7 457.9 455.9 458.1 454.9 451.4 445 443.2 442.3 442.2 444.2 445.5 455.9 459.4 463.8 468.9 477.1 494.8 489.6 481.8 470.8 456.4 444.8 440.8 438.1 434.2 433.5 433.1 432.7 438.7 452.9 449.8 443.1 428 415.9 399.7 383.8 371.9 360.1 351.4 348 338.7 338.5 333.8 327.3
414.5 419.5 416.7 418.9 420.7 412.6 419 419.3 423 422.9 423.5 424.9 429.4 435.1 445.8 454.8 451.2 441.6 439.7 438.3 441.8 441.5 445.2 440.2 444.7 453.6 460.2 469.5 472.4 468.9 477.2 487 488.1 477.7 461.9 463 465.6 460.4 455.5 452.1 451 450.2 450 450.7 453.3 461.8 468.6 472.1 475.2 499.1 497.6 487.1 473 463.5 456 448.6 442.7 438 436.7 436.4 436.4 440.6 451 453.5 445.8 426.8 420.6 410.8 389 376 363.2 353.3 348.4 341.6 336.4 338.5 331.8 326.8
409.8 412.3 411.9 411.2 413.1 412.1 418.8 423.2 420.1 426.6 429.4 427.1 432.8 445.7 459.1 462 451.7 442.2 440.6 441.6 443.7 445 448.9 449.1 456.7 463.1 469.8 476.9 474 477.1 484.6 495 494.2 482 472.8 470.1 470.9 466.3 465 462.7 458.1 455.6 455.6 453.7 457.5 466.8 472.3 482.2 500.6 505.9 495.1 479 468.6 463 455.3 450.7 441.5 440.9 440.9 440.6 443.6 443.3 457 448.5 437.4 424 417.2 398.5 382 366.3 356.7 347.3 341.7 336.6 336.4 331.9 328.4 330.4
407.7 409.6 408.5 409 410.1 412.3 419.9 421.2 417.8 428 434 430.2 438.6 452.1 463.8 460 449.5 443.2 444.4 446.3 448.6 452.7 455 457.3 463.3 474.8 478.5 479.4 480.5 486.3 498.6 506 500.8 493 480.9 473.9 475.8 473.4 472.8 469.6 467 462.3 458.8 460.3 465.4 473.8 480.6 500.5 511.2 503.9 486.3 474.7 468.3 460.6 455 446.4 442.2 444.6 446.4 445.5 442 450.6 453.1 444.8 428.9 422.4 405.8 390.9 375.9 363.6 352.9 343.1 336.2 333.7 334.6 329.4 327.5 331.6
408.3 407.2 407.1 407.9 411.3 416.6 421.2 419.5 416.7 425.1 430.3 432 442.8 457.3 470.1 461.3 446.4 444.8 449.9 448.7 450.8 454.4 458.9 464.3 467.7 475.9 485.2 486.7 492.7 504.6 513.5 515.9 507.9 498.5 494.5 485.6 483.3 480 478.5 480.7 481.6 480.2 484.3 479.5 477.8 483.6 494.9 508.7 507 496.5 482 471.2 464 458.2 452.4 445.7 447 447.2 445.6 444 441.4 452.9 447.1 435 424.2 412.9 395.5 382.3 370.8 360.3 347.7 339.1 331.2 332.9 329.8 328.5 327.8 330.4
411.8 408 407.8 407.3 408.8 413.3 418.8 415.2 415.1 422.6 426.5 432.5 442.2 458.3 467.8 456.2 444.9 445.6 449.8 451.5 457.2 463.3 466.6 473.3 480.8 486.7 489 502 513.4 522.5 528.3 522.5 514.4 509.4 509.9 502.6 495.6 500.7 498.7 497.7 500.4 502.9 505.3 494.9 494.7 496.3 502.8 503.3 495.8 490.3 482.9 464.5 461.7 455.7 448.6 448.5 448.5 445.1 441.4 440.3 442.3 445.7 435.2 427.8 416.9 399.5 389.1 378.1 367.8 356.2 342 330.5 330.7 329.2 328.3 328.2 328.4 329.9
415.4 410.6 409.4 408.1 409.3 412.2 414.9 414.1 414.1 420.2 425.1 432 440.3 450.9 453.9 446.2 443.7 446.6 450.8 453.3 458 470.1 471.4 481.4 488.2 495 508.3 515 526.3 532.7 531 526.8 521.7 522.3 525.7 509.3 521.1 519 518.8 516.1 513.7 527.9 527.6 522.8 524.7 515.6 499.7 495.7 487.1 485.2 477.5 463.6 459.1 452.3 448.3 449.4 444.8 440.6 438.6 438.4 440.2 431.8 425.7 417.7 403.1 392.9 385.1 376.1 361.5 348.9 335 329.2 329.5 328.6 328.7 328.8 328.9 329.8
419.2 413.4 412.9 411.9 410.7 417.7 419.2 412.2 412 414.4 425.8 428.9 433.2 444.3 446.6 441.4 445.7 448.6 453.2 455.9 466 470.8 480.8 488.3 493 503.8 516.4 525 531.2 533.5 534 530.6 532.3 541.6 528.1 522.9 529.6 533.1 533.2 522 525.8 538.5 536 537.2 521.6 505.8 492.1 484.8 478.6 477.6 465.5 457.5 450.1 446.6 445.9 443.5 439.7 437.7 437.2 437.4 433.4 425.3 419.3 406.9 396.3 388.6 380.7 370.7 354.2 341.2 331.5 329.6 328.6 328.3 328.6 329.4 329.6 330.5
431.3 421 416.8 417 419 419.3 422.8 413.6 413.9 414.7 423 426.6 432.6 439.5 440.7 441 445.1 450.9 458.4 461.5 469.3 476.2 485.6 492.2 497.9 508.6 517.2 526.5 528.3 532.7 538.6 534.7 542.6 539.8 533.2 533.3 534.1 539.4 535.8 531.4 535.5 534.5 533.8 522.3 510.7 497.1 485.4 478.5 478.7 474.2 465.1 452 447 445.4 441.8 440 439.1 439.2 438 435.8 428.2 417.7 409.4 395.6 386.2 378.7 374.6 360.4 348 338.7 330.1 328.9 328.1 328.6 329 329.5 332.6 336.7
442.9 429.8 429 427.3 428.7 421.1 423.5 414.5 415.5 418.4 429.7 431.9 436.8 440.9 440.9 445 444.8 450.4 457.5 461.8 467.1 476.5 486.9 493.9 499.2 509.5 517.7 527.7 530.1 537 543.5 538.2 540.8 541.8 542.4 538.6 537.9 540.8 538.1 538.4 535.5 524.2 518.2 514.4 504 496.8 486 485.6 486.1 474.1 459.1 450.9 448.6 444.4 441.9 440.9 440.3 439.5 437.2 432.7 422.4 409.4 394.7 389.3 383.1 375.7 363.4 349.8 344.1 333.3 329.5 329.4 329.7 330 330.1 333.5 338.2 338.8
453.5 436.2 439.6 443 439.1 430.5 424.6 417.2 416.4 417.2 424.6 433.9 439 441.3 443.2 446 445.1 454.5 461.6 466.7 471.3 485.6 492.5 498 504.7 510.5 520.9 525.3 531.5 544.3 548.7 544.2 545 547.8 552.2 544 541.2 546.2 543 544.5 537.8 524.8 518.2 511.7 505.1 492.3 490.6 494.4 483.6 466.8 454.1 450.1 446.3 442.5 440.9 440.8 440 438.4 435.5 424.2 411.2 399.6 391.4 388.2 381.7 367.2 353.7 344.3 336.6 330.9 329.8 330.1 330.3 330.5 335.3 339.6 339.3 339.8
459.9 448 456.6 465 449.7 441.6 432.3 424.4 418.8 417.6 427.1 435.8 440.4 441.8 443.6 446.2 448.3 458.3 461.5 466.7 476.2 486.8 489.8 495.2 502.9 509.1 521.5 527.5 533.4 543.6 548.4 545 550.4 560.1 560.4 556.6 567.4 563.8 564.8 558.1 549.6 535.8 524.2 511 501.7 489.9 492.7 486.4 474.8 458.9 453.6 448.3 444.8 440.8 439 438.8 437.8 435.1 427.9 417.5 406.8 398.8 393 386.1 375.2 360.3 349.3 339.3 333.5 332.5 331.4 330.9 331 333.9 340.7 340.3 339.6 339.8
466.6 464.8 478 478.3 457.6 450.9 442.8 432.6 419.6 419.2 427.8 432.4 440.6 442.5 446.9 447.5 453.7 460.2 462.1 468.1 479.3 485.7 486.8 492.6 500.3 512.4 518.5 524.1 533.1 538.6 544.2 544.4 553.7 561.4 559.3 565.1 573.2 574 569.6 559.3 547.8 537.9 523.5 508.4 493.8 486.8 486.2 476.5 464.4 457.2 452.3 445.7 442.5 438 437.1 436.3 435 432 424.6 415.7 404.3 397.4 390.5 380.9 365.6 354.5 346.9 337.3 334.7 334.8 333.3 332.4 333.4 338.2 341.8 342 341.5 342.7
471.4 475.5 487.9 483.9 471.5 458.3 447.5 437.4 421.9 420 427.4 436 441.4 442.8 448.1 449.1 454.3 461.1 462.3 471.6 477.5 481.3 480 487.8 501.1 508.7 516.5 522.1 530.6 531.1 534 547.6 553.2 557.6 559.1 567.9 575 579.7 565.4 557.7 547.3 531.7 517.5 511.4 490.1 486.1 476 466.7 459.1 454.6 447.1 440.9 437.3 435.5 435.3 434.7 432.8 428 420.9 411.9 401.9 396.3 386.5 373.7 361.8 356.8 348.3 341.3 337.4 337.1 335.2 333.8 340.5 346.2 345.1 345.2 348.1 350.7
475.9 482 494.5 496.7 484.1 459.8 445.2 442 426.1 423.5 430.5 436.9 441.5 444.6 448.8 450.1 460.1 461.1 463.8 473 477.6 480.2 476.5 486.1 499.9 507.5 509.6 518.7 530.2 526.6 530.7 545.7 552.3 551.7 561.7 567.6 573 569.2 558.2 553.4 542.7 525.8 513.3 502.3 489.2 478.7 470.4 461.5 457.2 450.1 441 434.8 434.4 433.8 433.6 432.6 430.2 425.6 417.7 409.1 400.8 391.6 381.3 369.5 363.6 360 354.8 347.9 343.6 338.7 339.1 345.2 352.2 351.2 349.6 351.1 356.4 354.3
481.1 487.4 499.2 497.3 483.6 461.5 450.2 444.9 434.6 427.9 436.6 435.8 441.1 444.8 448.6 450.7 461.3 463.8 468.7 475.4 479.3 477.4 476.3 483.3 498.9 501.8 503.6 512.4 521.8 526 530.6 545.2 548.5 549.8 557.4 566.9 566.5 561.5 551.4 545 533.8 519.3 507.9 493.6 485.6 472.5 462.3 457.6 452.1 444 436.6 430.9 431.6 432.6 432.1 431.8 429.8 422.5 412.2 403.8 394.7 380.4 373.6 368.2 364.2 361.7 357.1 349.4 342.4 345.7 351.7 356.8 356.1 355.6 355.5 361.5 360.6 355.9
490.9 494.1 495.4 492.3 478.8 466.2 460.1 447.9 443.1 434 438.4 439.5 440.1 446.7 448.7 453.5 462.2 467 471.5 475.7 479.4 476.3 476.8 483.9 493 497.8 500.6 513 522.1 525.7 530.1 540.5 544.3 546.7 550.9 561.4 556.8 549.9 542.8 534.6 526.5 511.2 500.3 487.9 475.4 466.2 458.1 454.8 445.1 435.7 429.4 428.2 430.7 431.1 431.4 432.3 427.2 417.5 408.6 401.2 387.4 380.8 372.3 363 358.4 353.7 351 346.4 348.5 352.2 359 360.2 360.5 360.6 364.4 366.6 360.1 353.5
506.4 507.2 501.5 494.8 483.7 472.8 461 447.4 447.5 445.1 438.3 445.4 445.5 447.1 451.6 455.7 464.4 467.1 469 472.4 476 477.5 480.6 486.5 489.6 496.6 504.6 510.5 516.2 524.4 529.8 535.5 538.7 542.8 545.5 546.9 544.8 536.6 528.9 521.8 513.7 501.2 490.3 477.1 467.3 460.8 457 447.4 438.7 432 423.8 426.4 426.8 427.2 428.7 428 423 412.4 405.9 396.3 380.6 371.5 368.1 368.9 367.4 361.3 355.3 349.8 352.9 359.9 362.9 363.1 364.8 366.4 374.4 364.7 357 348
526.4 527.3 514.5 500.5 487.9 487.5 462.3 450.9 449.7 447.9 450.7 452.2 447.6 448.1 450.3 453.8 459.1 464 468.8 476.7 479.3 483.2 485.6 489.7 490.4 495.9 508.9 515.3 518.6 519.6 525.7 527.5 529.7 533.1 533.7 535.4 529.6 523.1 509.4 504.4 497.2 489.3 476.7 467.5 460 455.8 446.6 440.9 437.2 428.6 427.8 425.5 419.8 418.5 420.9 418.7 411.3 404.6 398.4 381.7 378 381.5 380.5 370.7 364.8 360.9 356.4 354.6 357.5 364.8 365.1 365.8 369.9 380.2 371 362.9 351.6 339.2
535.3 536.1 529.1 511.9 492 492.3 471.1 457.6 456.9 454.6 461.3 460.9 452.7 450.4 454.9 461.7 466.6 473.1 472.2 478.9 484.1 486.1 488.2 492.9 492 498.8 511.2 514.4 519.1 523.9 529.2 532.8 526.8 522.5 520.9 519.4 517.5 510.3 497.5 487.6 484.6 476.7 466.6 457.5 451.9 454.3 449 442.1 435.7 430.8 427.1 423.4 414.9 403.1 406.1 400.4 394.1 387.5 381 383.5 384.6 379.8 373.4 369.7 358.9 357.9 356.5 356.3 360 364.3 367.1 369.1 381.8 374.2 366.3 355.8 344.2 330.5
538.5 541.5 541.6 514.2 499.8 498.4 482.6 460.1 459.4 463.8 466.4 464.7 455.2 458.4 462.6 475.4 479.8 481.5 477.2 484.8 488.9 489 493.1 496.1 495 501.3 512.9 514.7 518.5 523.2 530.4 533.7 527.1 522.5 514.2 506.9 499.3 494.7 485.6 481.4 473.1 464.7 458.8 458.6 457.7 453.1 446.7 437.3 433.1 429.3 425.8 420.4 414.9 409 402.3 397.2 398.2 402.4 398.9 391.8 387 381.5 380.8 374.5 357.6 356.6 356.6 359.6 367.5 368.2 368.9 377.5 376.7 368.6 357 347.6 334.8 322
541.8 546.8 540.5 517 510.4 504.3 488.3 463.4 463.5 473.6 473.8 471 462.2 468.4 473.6 487.9 486.7 485.3 481.5 488.3 492.6 494 498.6 497.4 498.6 506.4 513.3 514.1 518.3 522.3 527.7 529.3 526.6 518.1 506.9 503.7 497.8 491.8 481.1 477 469.9 461.6 461.6 460.5 458.4 451.6 442.9 438.2 434.4 430.3 423.1 422.3 420.4 417.9 413.1 419.9 419.4 427.7 420.7 410.7 404.7 393.8 381.1 372.9 365.5 366.9 366.4 371.5 375.2 375.6 383.5 381.9 374.2 360.8 347.7 336.9 325.4 316.4
542.5 548.9 541.9 526 520.3 510.8 493.2 474.7 476.6 480.3 481 477.6 480.5 480.8 484.8 498.8 494.7 491.9 488.4 494.1 495.4 496.5 496.2 495.1 500.3 507.7 512.1 516.2 518.4 523 526.3 527.2 523.8 520.8 517.7 508.8 497.6 490.9 480.6 470.8 465 468.4 465.9 465.2 461.9 450.4 441.9 438.4 435.3 429.6 427.3 432.3 432.6 427.1 435.2 434.9 442.8 441 433.5 421.5 411.7 405.1 396.5 391.7 384.6 384.9 378 379.9 384.7 390.5 387.3 379.3 367.6 351 340 331.1 321.4 310.8
549.1 551 544.3 533.1 522.7 515 496.6 484.7 492.9 496.5 489.7 484.7 491.9 490.6 496 502.3 502.1 496.4 493.6 494.1 495.8 495 494.5 493.1 497.3 506 515.3 518.2 517.5 526.9 528.3 534.4 529.7 533.4 517.3 503.7 494.6 485.2 479.5 472 476.8 478.6 477.3 476 464.5 451.2 441 437.7 433.2 433.2 439.3 449.5 445 437.2 446 452.2 448.3 443.5 431.2 428.7 421.8 410.8 404.4 401.8 407.6 397 388.3 390.9 401.3 396.2 381.3 372.1 356.8 343.2 335.2 323.7 319.5 308.3
554 549.4 541.4 533.1 530.9 519.2 503.7 494.2 502.1 503.3 499.2 496 496.5 498.9 501.4 508.3 508 498.5 492.3 492.3 497.5 498.3 494.3 492.6 493.3 509.1 519.8 520.4 523.3 527 534 529.1 525.3 522.9 509.6 498.1 489.5 481.8 478.7 483.3 489 492.9 497.8 481.3 462.6 450.2 442.6 438.1 436.2 441.3 457 450 446.1 441.6 455.5 459.9 451.7 451.4 443.4 438.3 428.8 421.2 421.9 417.9 413.4 402.9 399.8 408.1 404.5 391.2 374.2 360.2 349.5 337.5 328.4 322.1 318.8 304.1
570.3 562.8 559.1 554.6 549.5 536.6 516.8 508.6 513.8 509.2 507 507.5 506.1 508.4 503.6 514.5 512.8 498.4 492.3 492.3 494.3 494.6 493 493 498.1 510.2 521.9 520.4 521.1 529.8 530.5 522.1 520.4 515.7 499.9 494.4 491.3 479.8 489.4 502.5 514 531.7 512.9 484.1 464.6 452 445.7 440.9 441.5 456.1 453.1 449.1 450.6 450.9 459.6 463.5 461.6 454.2 448.2 445.9 440.9 436.1 433.7 429.8 417.7 413.2 421.3 406.8 394.9 378.2 364.9 350.4 344 338.6 328.9 324.3 314.9 301.2
601.7 585.1 572.4 566.1 563.2 550.7 538.1 526.2 525.9 517.3 516.3 524.6 513.6 515.4 509.4 517.8 518.4 501.6 492.3 492.3 495 494 492.8 496.7 504 511.4 521.3 519.8 522.2 526.8 524.7 514.8 511.6 505 498.6 496.2 484.7 489.9 512 535.3 534.2 531.3 512.1 479.2 467.7 452.1 446.5 445.1 451.7 450 452.7 465 464.9 462.9 469.3 472.3 470.7 460.1 456.1 453.3 451.3 446.8 439.9 430.9 424.4 421.6 420.9 402.1 383.2 368.5 357.7 349.7 340.6 335.6 326.6 317.9 312.9 300.4
608 593.6 589.9 579.1 572.6 565 555.3 545.7 535.3 530.6 528.7 532.9 522.7 519.8 516.4 522.6 515.7 502.2 492.3 492.3 495.1 495.8 492.9 497 508.2 512.4 515.3 520.4 521.3 516.7 513.1 510.2 506.8 505.7 502 490 493.7 503.1 519.6 529 529.4 523.7 503.2 473.8 458.4 450.8 448.6 453 460.9 452.6 467.2 477.8 479.4 491.2 482.4 479.7 480 468.6 468.1 464.8 459.1 451 442.1 436.1 428.4 423.3 409.8 390.6 375.5 364.6 354.9 347 339.5 333.1 324.6 313.5 305.2 297.4
618.3 607.4 601.5 589.9 587.7 576.8 562.4 558.1 544.7 539.8 538.6 541.1 527.2 524.9 524.7 530.7 518.9 506.2 494.2 492.3 495.8 496.4 494.6 495.3 505.7 508.8 515.1 517.1 519 512.2 509.1 508.3 506.2 504.5 495.3 493.3 505.9 509 510.5 509.3 508.1 506.1 486.4 465.4 457.7 452.5 459.4 468.3 466.6 467.8 481.1 485.4 495.7 501.9 497.4 495 483.7 476 480.6 474.2 465.3 453.8 445.9 439.8 426.3 409.5 399.2 380.1 370.5 363.6 352.2 343.8 338.5 330.6 320.6 311.8 301.5 294
626.3 615.5 614.8 598.9 601.4 580.9 565.5 559.9 554.5 543.9 544 543.2 532.5 530 529.8 536.6 525.9 512 501.1 496.5 496.5 496.6 495.1 496 501.7 505.6 512.7 516.5 510.6 508.7 507.8 506.9 506.4 503.5 495.1 500.2 506.4 502.2 498.8 495.7 487.2 478.9 470 461.5 455.8 459 469.9 472.7 472.6 476.7 491.4 499.5 506.6 513.7 508.9 506.5 489.6 482.7 480.6 475.8 463.9 453.2 446.6 440.4 414.3 399.3 383.3 375.3 368.9 359.2 350.8 339.5 335.5 326.7 317.1 305.6 300.2 289.3
632.5 623.5 615.5 609.3 604.7 580.9 569.6 563.3 560.3 547.9 544.1 539.8 535.9 527.8 529.5 537.4 539.5 526.1 506.5 499.6 500.3 496.5 497.1 497.7 500.9 504.9 511.1 513.5 510.6 507.9 507.7 507.6 506.2 495.9 503 515.7 520 522.9 518.2 494.6 484.1 476 471.1 465.6 463.4 472.5 476.3 483.3 483 491.1 503.3 514.5 519 520.5 521 515.6 504.1 486.3 476.3 470 464.1 450.3 447.9 421.7 405.8 386.1 375.8 371.2 363.2 355.2 349.5 334.3 328.5 318.5 310.6 297.2 291.1 289.1
634.3 627.8 617.9 614.4 602.1 581.7 576.6 566 560 550.4 547.5 541.1 535.1 529.6 532.6 544.9 547.5 532.8 517.4 507.1 506 503.2 504.6 499.9 501.6 505.8 510.5 512.9 507.8 506.7 506.7 506.6 495.5 493.1 512.5 519.6 533.1 541.7 532.6 505.7 490.1 480.4 474 471 473 479.5 486.5 489.9 496.8 506.9 514.3 521.1 524.1 526.3 526.4 521.9 510.6 490.7 472.7 464.2 457.2 444.6 430 401.8 388.3 376.7 372.8 367.8 357.9 350.4 341.5 330.2 320.8 309.4 303.1 293.6 285.6 280.9
625.4 620.9 615.1 608.7 596.1 582.3 573.6 563.8 559.2 550 540.5 541.2 538.6 536.1 538.6 552.4 555.9 548.5 542.6 525.7 518.5 508.7 505.1 503.2 502.8 507 515.2 513.9 506.8 505.8 505.2 500.8 487.9 492.6 512.7 521.5 530 540.7 539.5 527.1 507.7 491 486.3 484.2 484.2 488.3 495.4 502 509.1 522.3 525.2 527.5 538.7 531.3 530.2 525.8 506.7 486.4 470.3 458.4 448.3 432.2 411.4 389.2 377.9 373.1 370.1 361.3 355.4 342.2 334.2 326.4 316.7 305.4 298.8 291.4 280.8 276
