Assets/StreamingAssets/GeoData/Data/nh/NH46.asc
ncols 200
nrows 200
xllcorner 240000
yllcorner 860000
cellsize 50
[rows 140 to 174 of 200, columns 0 to 77 of 200]
83.5 86.7 88.9 89.7 90.2 93.2 106.8 109.4 112.5 119.8 129.4 138.9 148.4 158.8 170.2 180.7 193.2 202.5 216.1 229.8 241.3 259.6 288.3 312.7 334.2 355.4 369.4 374.7 379.5 384 389.7 400.3 404.9 417 425.4 435.1 441.6 448.2 450 450.3 448.3 441.1 436.3 431.3 422.3 418.2 414.9 407.2 405.7 408.3 411.5 415 426.9 437.5 450.5 460.7 466.3 474.1 480.3 492.1 499.7 504.4 507.1 515.2 527.2 525.6 522 514.8 505.5 497.2 493.6 496.4 506 526.7 536 544.5 553.7 550.8
81.6 85.2 86.8 87.7 87.8 92.6 101.7 105.4 111.5 120.4 129.4 139.7 150.9 162 172.2 183 196.5 210 225.1 240.5 253.1 268.7 293.8 319.9 344.3 363.5 376.6 384.9 386 386.5 393.5 403.6 418.2 423.8 428.6 435.6 441.8 447.7 450.7 448.8 444.3 441.3 437.4 433.6 429.5 422 409.6 405.6 404.8 405 406.3 409.6 422.6 436.3 448.9 455.1 462.1 466.3 471.9 478.8 487.6 494.2 501.9 514.9 520.7 521.2 517.5 509 498.8 493.2 487.5 499.3 507.9 523 536.9 542.8 544.9 544.2
78 84.5 86.3 83 88.4 92.8 96.9 102.9 110.9 120.6 130.1 143.1 153.7 164.3 174.1 186.7 199.6 211.8 226 238.6 256.1 275.6 301.4 329 355.1 366.3 377.7 386.7 388.7 394.8 402.6 412.2 423.8 427.8 430.1 434.6 439.4 443.6 445 444.3 444.3 443.6 441.7 436.6 431.9 425.9 418.8 410.1 403.7 403.7 403.7 406.3 420.8 431.6 442.6 451.4 456.1 461.1 466.6 471.2 477.4 487.4 499.3 507.5 512 512.5 509.3 501.1 491.9 487.5 480.7 486.1 501 514.3 527.8 534.5 539.7 537.5
77.6 81.6 80.6 83.2 87.2 91.9 96.4 101.2 115.9 129.9 139.6 149.9 158.4 166.5 177.1 187.4 201.6 215.3 229.8 242.2 265.5 287.1 309.9 335.9 358.2 371.1 380.9 389.4 391.9 397.5 407.4 420.2 426.3 429.9 431.1 431.5 434.2 438.8 442.8 446.7 448.6 449.5 446.2 438.7 434.1 429 421.2 413.6 403.7 403.7 403.7 408.3 416.8 426.2 436 444.1 451.3 456.8 461.9 465.8 471.4 484.3 495.1 497.5 499 501 499.1 492.5 485.9 482.1 478.6 474.8 484.1 501.4 514.5 519.8 521.8 521.5
76.2 77.6 78.9 81.7 83.9 87.9 93.1 100.2 114.8 129.6 139.2 148.4 160.5 169.5 179.9 190.8 204 219.3 234.1 257.7 276.9 294.4 323.3 344 361.9 376 386.3 391.4 394.6 399.7 415.2 420.9 428 433.3 432.9 430.8 428.9 430.7 436.4 445.9 448.6 448.8 452.9 456.6 450.3 441.7 435.8 420.8 407.6 403.7 404.7 415 418.5 423.8 428.4 436 443.9 450.8 455.7 461.8 469.6 479.3 486.6 490.2 490.7 490.3 486.2 480.4 477.4 475.7 472.2 468.7 468 484.7 502.1 510.2 515.5 518.3
76.9 76.9 79.1 81.3 83.4 88.6 93.4 100.8 111.5 123.1 136.3 148.6 159.4 169 180.3 192.6 207.8 223.5 248.3 270.3 285 307.7 334 351.5 364.1 375.2 382.7 391.3 394.2 402.5 412.3 418.1 424.6 429.4 431.2 429.9 425.6 420.6 427.3 439.1 446.1 454.5 462.2 466 462.5 451.6 440.8 433.2 416.5 403.7 405.2 413 416.4 418.7 421.2 428.6 437.2 442.2 446.2 455.3 465.4 473.6 478.2 480.5 482.2 480.3 473.4 467.9 468.4 463.6 462.5 462.7 460.3 472.9 488.6 497.3 503.1 506
76.6 76.2 78.1 80.8 85 89.4 94.2 102.8 111.7 124.8 139.4 151.9 163.7 174.7 183.6 195 207.8 233.5 258 279.2 297.8 325.8 345.4 360.4 367.8 375.2 382.8 389.4 393.1 398.9 406.4 412.9 417 418.9 421 423.4 422.3 417.2 420.6 430.2 447.6 458.3 467.1 463.7 463.9 457.5 447.6 432.7 420.9 410 404.7 407.5 409.1 414.8 418.8 425.6 430.3 430.8 438.2 446.8 456.5 464.7 469.1 472.1 472.9 467.7 462.8 459.4 456.1 455.7 456.3 457.5 457.2 464.5 475.7 482.9 489.4 495.9
76.6 75.9 76.3 80 83.8 87.8 96.1 102.6 111.5 124.5 138.9 152.8 165.5 178.4 190.2 205.2 221.5 243.8 266.7 289.7 313.5 335 352.3 364.9 372.2 376.9 384.2 390.9 394.4 396.9 399.1 402.5 404.5 407 411.5 414.8 414.4 412.7 410.5 426.5 439.6 450.7 453.9 459.9 455.5 449.3 442.2 433.2 422.8 413.7 405.8 402 403.6 414.2 420.3 422.5 420.7 422.7 431 438.6 446.4 453.3 459.8 462.2 460.4 458.3 455.5 453.3 451 449.9 455.2 455.9 457.8 462.4 470.6 481.8 487.3 495.1
76.8 76 76 78.8 83.4 88.2 94 102.1 111.3 124.2 137.5 151.4 165.6 180.7 196.7 213 231.9 254.2 277.7 302.6 322.4 339.7 354.3 366.5 373.3 379.6 390.6 396.1 399 398.5 399.1 400.2 405.7 406.4 404.2 401.2 404.7 406.8 409.1 418.6 430.7 438.2 442.3 444 443.6 440.4 437.4 434.9 428.1 418.6 408.5 395.1 401.4 413.6 421.1 417 414.6 414.9 421.6 429.9 435.7 440.2 449 451.3 451.9 450.8 449 445.1 445.3 445.9 451.6 456.8 459.4 461.5 471.4 481.3 487.2 495.9
75.4 76 76.6 79.7 82.6 87.2 93.6 102 111.5 123.3 136.4 150.1 164.5 181.3 199.5 219.6 241.6 264.7 291.4 311.8 331.4 345.9 358 367.4 375.9 387.8 393.6 399.2 400.6 399.2 397.8 397.3 397 397.2 395.5 395.5 400.5 409.4 411.3 414.2 421.1 425.7 428.9 427.7 427.7 429.2 428.4 425.5 421.1 416.3 406.8 394 396.2 411.1 412.8 410.3 409.2 410.8 411.4 417.2 419.4 425.3 432.9 440.1 443.5 442.7 438.9 437.6 440.1 443.7 451.1 456.8 459 459.7 464 470 478.4 489.6
73.4 71.9 75 77.7 81.7 87.5 93.7 101.5 110.1 122.3 136.8 151.2 166.4 182.9 202.5 223.2 252 277.7 305.3 322.6 339.8 354.1 363.8 373.1 379.2 385.1 393 397 399.2 398.7 395.5 395.5 395.5 395.5 395.5 395.5 406.2 411.6 415.5 416.9 418 418.7 419.3 424.4 424 421.9 420.2 416 412.2 409.9 402.7 394.7 400 404.4 404 403.5 401.4 403.6 406.2 406.1 411.1 420.1 425.1 429.3 431.3 429 429.7 431.3 436.7 441.1 446.5 452.2 455.3 456.6 459 463.7 473.4 483
72 71.8 74.4 76.4 80.8 87.1 93.5 100.9 108.5 123.2 138.3 153.9 169.3 185.9 207.1 229.2 260.9 291.5 315 329.5 347.4 361.4 370.7 379.3 383.6 387.8 389.7 393.1 396.4 395.5 395.5 395.5 395.5 395.9 399 404.8 408.2 413.3 416.3 415.9 415.9 415.3 417.1 422.5 427.1 422.1 414.8 407.5 403.4 396 392.7 395.7 398.5 397.7 395.9 395.2 395.2 395.2 402.4 404.2 405.3 415.2 419.5 419.9 418.3 417.8 421.3 428.3 433.4 438.6 443.7 446 448.5 451.5 455.3 459.6 471.2 478.6
73.2 74.1 74.5 74.8 80.5 86.4 93.6 100.2 108.8 126.4 141.6 155.8 171.6 191.7 213.6 238.4 272.8 301.1 320.5 334.4 349.7 367.1 377.9 385 389.1 393.3 397.2 396.7 397.7 400.2 400.5 404 407.2 407.1 406.7 413.1 418.2 414.7 414.6 416.6 416.8 416.1 414.5 415 413.8 412.2 408.5 399.8 392.5 395.6 402.5 408.1 402.2 395.8 395.2 395.2 395.2 395.2 396.1 397.4 397.4 405.3 410.7 411.9 409.7 410.6 417.7 423.2 428.7 434 437.4 440 441.8 444.2 450.8 455.8 462.5 469.9
74.3 73.4 74.3 74.1 78.2 85 92.6 102.2 112.5 126.1 141.9 157.5 174.2 197 223.2 258.4 285.4 309.2 325 338.7 354.1 371 382.2 388.7 393.8 399.6 402.4 403.8 403.4 407.4 413.9 412 409.4 409.4 408.9 415.4 419.5 419 412.3 419.9 421.4 419.2 415.5 409.9 404.5 401.6 396 390 399.8 401.6 398.8 399.4 399.5 399.1 396.2 395.1 397.6 398 395.6 392.2 393.2 397.5 401 402.3 405 409.7 416 421.2 425.5 428.4 430.2 432.6 433.4 438.5 444.4 453.3 459.3 466.7
73.9 73.5 73.7 73.2 78 83.6 91.9 101.2 114.8 127.2 142.4 159.8 178.9 203.1 232.6 271.2 297.7 315 330 342.2 357 371.9 383.3 388.4 394.2 402.1 407.5 411.9 417.2 416.3 416.2 415.7 415.3 409.9 408 409.3 413.2 411.2 410.1 411.1 411.9 416.5 414.6 408.4 403.2 395.2 389.2 396.3 395.7 395.4 397.9 404.6 405.4 406.6 411.4 413.1 411 407.7 399 392.6 391.6 394.3 395.4 397.6 402.4 407.7 413.4 418.5 420.7 422.3 424.3 425.6 427.7 431.1 438.4 445.3 452.9 456.2
72.8 73.3 73.2 73.2 75.6 80.7 90 102 114.2 127.7 144.7 162.5 181.4 209.6 245.5 276.3 300.5 317 333.3 348 360.2 369.9 378.8 386.7 395.8 405.4 415.1 418.8 421.1 419.7 416.8 417.5 418.8 416.6 405.9 402.2 400.8 406.1 408.4 409.8 414.9 410.2 406 404.2 399.2 392.1 386.3 387.7 391 396.5 406.5 414.1 419.3 423.2 423.5 423.3 420 414 408.1 396.2 390.4 391.1 391.6 393.6 398.9 404.7 408.3 410.6 413.1 414.9 417.2 417.8 422.4 428.1 435.2 443.5 446.9 449.3
72.3 72.9 72.6 72.6 72.9 77.7 87.5 99.2 111.8 124.9 141.9 161.6 185.8 220.6 251.4 277.9 299.5 317.5 334.7 349.8 362.4 370.5 377.6 388.2 396.7 409.4 418.1 421.8 423.1 421 418.1 414.4 412.8 407.9 405.2 397.4 391.5 398.6 402.1 410 410.9 408.2 403.1 397.1 391.9 388.2 379 382.5 389.8 399.1 412.1 428.4 433.1 432.2 432.3 431.5 423.1 415.1 405.7 397.1 389.8 388.5 388.9 391.7 395.4 399.3 400.6 402.8 405.7 408.7 412.2 414.8 420.3 424.7 429.6 435.2 438.7 445
73 72.5 72.1 72.1 72.2 75.9 84.2 96.7 107.1 122.6 139.3 157.1 185.7 223.8 253.5 278.7 299.8 316.5 333.4 348.9 360.6 369.4 379 388 405 413.6 420.2 424.6 430.3 426.2 420 411 404.3 399 396.1 391.6 383.5 386.8 394.6 402.1 403 400.9 397.1 392.4 387.8 380.5 378.5 381.9 388.5 401.8 415.2 425.1 431.6 434.7 435.9 438.7 445 434.5 421.8 400.5 393.6 389.1 386.3 386.9 387.6 388 390.9 395.3 400.1 404.2 407.7 412.5 417.4 421.2 424.5 428.6 433.7 437.8
72.3 72.1 71.8 71.6 71.9 73.8 79.4 89.1 103.6 117.9 136.6 156.6 183.1 223.8 250.4 274.1 298.1 318.2 333.2 343.5 356.7 373.5 385.3 397.4 409.1 416.1 422.4 427.7 430.6 427 416.6 407.9 399.6 392.3 385.3 379.4 378.8 384.8 388 387.6 389.2 390.2 387.5 384.7 380.5 378.4 379 380.6 386.3 402.9 415.8 424.6 429.3 435.9 438.9 435.3 432.7 430.4 425.3 412.4 398.1 386.7 379.1 375.7 377.3 382 386.9 391.1 394.7 399.8 406.6 412.1 416.4 420.4 423.1 428.3 432.2 435.5
72.2 71.7 71.5 71.3 71.6 72.4 76 85.2 97.3 115.3 131.5 149.7 174.9 221.2 247.5 272.7 294 316 330.7 338.5 356.5 372.9 389.3 396.9 406.1 416.1 422.6 424.1 423 417.7 411.9 404 394.5 386.5 379.3 374.3 378 387.5 384.5 381.2 380.5 379 377.7 376.6 376.7 378.2 379.5 380.9 392.2 403.2 413.7 423.8 431.8 437.3 436.6 434.6 430.1 425.4 416 401.6 389.7 380.5 367.5 364.3 370.3 378.1 383.2 387 390.6 395.5 401.7 406.5 413.4 417.9 419.3 421.8 426 430.1
71.9 71.8 71.2 71.3 70.9 71.6 74.2 81.4 94.4 108.6 124.1 143.9 167.9 210.8 242.7 269.8 292.2 310.2 323.8 333.2 352.9 370.5 384.6 392.2 399.8 411 416.4 417.8 413.3 407.2 402.9 396.6 386.3 376.6 368.6 365.9 368.2 376 378.4 379.8 379.9 376.7 373.8 378.3 380.3 381.8 381.9 383.7 392.2 401 409.1 423.1 433.9 436.4 434.9 430 425 421.1 412.1 396.8 381.8 370.1 361.9 358.6 363.7 370.7 373.4 379.5 386.2 390.8 393.8 400.2 407.4 411.4 413.5 415.7 416.8 419.9
71.3 71.4 71.6 71.5 70.7 71.2 72.1 80.3 95.1 109.4 122.8 143.6 162.8 198.3 235.9 267.1 286.7 302.6 316.4 324.8 341.4 364.2 379 383.6 394.6 398.6 404.8 406.1 404 398.7 392.6 385.6 375.7 365.8 359.4 361.7 369.9 371.5 379.7 383.6 382.1 376.6 378.9 384 389.1 393.8 392.3 393.5 397.6 404.3 409.6 422.2 427.4 428.3 428.9 426.4 421.2 415 406.7 393.4 376.5 371.9 362.2 357.5 358.1 356.1 357 366.6 374.8 380 384.2 389.8 397.3 402.1 405.3 404.7 407 408.9
70.6 70.9 71.2 70.8 70.7 70.9 72.1 81.7 92.6 105.9 120.5 139 158.7 190 229.3 263.3 282.2 295.8 306.9 318 327.1 347 366.6 373.4 382.7 386.1 384.6 384.8 389.7 389.2 385.4 377.4 367.6 359.5 356.6 361.3 365 368.4 371.1 374 374.7 376.8 389.5 395 399.7 403.4 409.5 408.6 405.6 406.9 410.4 415.5 419.8 423.9 423.7 420.1 414.5 408.1 404.1 396.2 381.7 365.5 359.1 355.1 348.6 344.8 348.4 355 359.3 365.9 371.7 380 388.9 393 396.1 396.4 398.8 400.9
70.6 70.6 70.7 70.6 70.5 70.5 71.5 80.2 90.3 103.1 118.4 135.4 154.7 180.4 221.3 252.3 275.8 289.2 298.8 309.2 318 332.4 344.8 354.3 359.9 364.5 366.8 366.5 369.3 368.9 375.4 370.6 361.8 355.3 356.2 361.8 367.3 367.5 366.1 364.8 364.4 379 389.5 397.7 402 406.1 412 409.9 407.5 407.1 412 414.6 415.3 416.2 416.9 414.3 409.7 406.1 404.6 397.3 382.2 368.8 355.7 345.5 341.7 337.6 347.5 349.2 347.5 352.1 359.2 367.3 377.1 381.2 385.2 388.4 390.1 392.7
70.5 70.7 70.4 70.4 70.3 70.2 70.5 76.2 86.8 99 113 128.8 147.5 171 208.2 237.4 261.7 280.3 291 296.6 309.1 322.6 333 340.7 347.2 349.1 351.6 352.5 352.4 357.5 360.3 358.5 354.7 352.4 352.8 356.2 360.4 358.3 354.3 367 373.4 380.4 391.7 397.6 400.9 407.6 408.6 408.4 407.3 405.2 406.7 412.5 415.7 411 409.7 408.5 409.2 407.1 401.9 394.6 382.8 370.7 355.4 344.1 337.7 332.2 337.7 338.4 339.2 341.3 348.4 350.6 356.6 364.7 370.8 375.6 379.1 384.1
69.9 70.2 70.1 70 70.3 70.1 70.2 73.6 83.1 94.9 106.9 122.7 141.4 164.9 195.8 223.1 246.7 264.9 281 288.2 297.2 306.6 325.3 335.8 341.2 349.9 351.7 346.4 343 345.1 350.5 348.6 348.5 348.6 348.8 352.4 348.9 348 361.8 372.6 377.1 384.8 390.5 396.8 400.5 405.5 409.9 412.1 408.4 402.5 397.5 397.9 399.9 404.1 406.4 406.5 403.8 400.1 393.7 386.1 374.2 364.2 352.5 341.5 333.4 327.1 327.3 326.9 327.2 332.8 336.7 339.1 342.9 349.8 357 360.7 367.6 372.9
69.4 69.6 69.8 70 70.5 70.2 70.3 72.1 79.7 91.5 103.5 117.5 135.8 158.5 182.9 211.4 231.9 252.1 267.1 279.9 287.9 295.8 317.7 329.9 338.1 342.3 345 341.6 336.6 332.7 338 339.7 339.1 340.6 341.4 342.3 346.7 355.4 361.5 366.7 378.1 386.9 394.5 400.9 403.9 408.1 411 410 406.2 395.9 383.8 381.1 392.6 401.2 405.8 405 402.7 395.8 391.2 381.7 372.5 361.6 350.2 342.7 328.6 321.3 319.1 318.6 318.1 322.1 324.2 326 330.9 338.6 344.6 350.2 355.2 361.8
69.3 69.5 69.6 69.4 69.6 69.4 69.7 71 76.7 88 99.5 112.6 129.2 149.6 171.9 197.2 222 241.4 257.2 271.6 281.1 289.7 304.3 315.8 327 332.1 330.5 332 329.4 322 324.2 324.2 326.6 333.6 339.8 345.9 347.6 351.2 358.3 363.1 382.5 402.9 406.1 407.4 407.1 409.5 408.6 402.5 393.6 381.7 376.2 376.1 382.6 396.2 402.1 402.7 401.8 397.8 394.4 382.4 368.7 355.9 344.2 334.1 325.8 324.1 315.6 313 308.8 311.7 317.4 322 328.8 332.7 336.2 342.2 346.3 350.9
69.3 69.5 69.4 69 69.5 69.5 69.5 69.6 73.4 84.6 96.6 109.1 123.4 140.3 162 185.4 209.5 231.2 247.9 261.3 274.3 290.2 299.1 305.2 311.7 314.4 316.7 318.7 317.6 315.7 313.8 314.6 324.8 336.5 345.9 347.8 347.1 346.8 354.3 365.9 384.4 406.1 410.2 409.8 410.3 410.4 403 394.8 383.3 377.2 376.1 376 382.1 391 396 398.4 397.8 390.9 383.1 372.8 363.2 354.3 341.3 330.5 321.3 314.8 309 306.7 305.4 306.9 309.6 318.6 322.9 325.2 324.7 331.9 337.3 340.1
69.7 69.2 69.6 69.4 69.1 69.2 69.1 69.3 71.5 81.8 94.3 107 119.2 133.7 152.7 174.8 197.1 218.3 234.7 254.6 271.4 285.4 295.3 296.8 297.4 300.3 302.5 305.5 305.4 306.7 304.6 309.4 315.7 325.8 342 348.7 344.1 339.3 351.9 369.4 393.3 410.5 417 415.4 411.1 407.5 405.2 395.1 384.4 378.5 376.8 376.4 381.9 385.8 392 396.2 399.2 396.3 383.5 362.1 355.6 347.5 338.2 329.8 322.1 313.9 306.4 303.4 309.4 310 309.7 311.1 313.7 316.1 314.3 322.2 328.4 331.6
69.8 69.3 69.6 69.5 68.9 68.3 68.3 68.9 70.9 79.1 88.9 104.4 116.7 127.7 143.4 163.9 184.4 205.7 229.4 252.9 268 278.6 288 292.9 295.8 298.9 301.3 305.3 303.7 299.6 302.9 299.1 307 311.6 321.7 329.1 334.9 331.8 343.9 368.8 394.5 410.8 418.6 422.5 419.9 418.4 414.7 402.8 393.8 386 377.3 377.6 381 384.7 389.3 392.2 388.2 374.2 363.6 359.3 351.3 343.5 334.7 333.8 325.3 322.1 318.8 308.1 301.7 302.3 303.6 309 310.4 308.8 303.4 312.1 317 322.7
69.6 69.6 69.5 69 68.7 68.2 68.4 68.8 69.8 79.7 84.8 99.4 115.1 125.2 138.2 157.2 182.3 212.1 239.3 259.9 271.9 283.3 289.9 295.3 300.9 305.3 302.5 307.9 307.7 298 292.1 288.7 295.4 300.6 304.8 311.2 317.5 328.3 345.7 364.8 390.1 405.7 415.5 424.7 429.8 426.1 426.3 415.1 399.8 383.7 376.4 373.9 377.1 383.3 382.3 371.3 358.7 353.3 350.7 348.8 346.2 342.3 338.7 336 333.6 329.7 324.9 312 299.8 297.1 299.4 299.2 300.1 301.2 291.1 303.8 308 312.4
69.6 69.7 69.3 68.8 68.5 68.4 68.6 68.7 68.7 75.3 84.2 95.6 111.2 127.6 145.4 164.2 188.9 216.3 243.8 261.2 273.3 284.6 291.7 298.4 303.6 305.5 302.7 297.9 296.2 296.2 291.5 281.9 293.8 295.1 300.7 310.6 314.6 326.7 346.7 365.9 386.9 398 407.7 415.7 419 419.1 407 399.8 390.8 379.4 369.4 366.5 367.3 368 355.2 343.9 346.6 349.3 348.6 346 342.4 340.2 339 337.1 334.9 332.6 322.9 312.8 301.9 291.9 297.7 294.8 294.3 295.4 287.8 297.1 301 304.5
69.5 69 69 68.7 68.4 68.5 68.5 68 68.4 71.6 79.3 88.4 102.1 123.9 145.5 165.9 188.1 212.7 239.5 259 272.9 284.1 291 296.5 299.5 297.8 297.9 298.6 292.6 287.3 280.4 289.6 294.9 292.7 294.5 306.4 316 327.1 344.3 363.8 380.1 390.9 398.6 406.4 406.4 401.1 395.1 386.7 377.5 371.2 365.6 363 359.2 348.8 336.5 327.9 334.7 341 343.7 341.5 338.9 339.1 338.6 336.9 335 328.4 318.2 309.5 299.1 290.7 287.6 286.1 284.8 285.8 281.9 286.7 293 296.8
69.1 69.2 69.3 68.6 68.4 68.4 68.4 67.9 68.5 68.6 75.5 83.7 99.7 121.6 142.9 164.6 188.1 214.5 237.6 255.3 271 280.9 288 292.4 293.6 292.2 291.4 291.2 290.1 286.6 272.2 280.7 279.3 285 292 303.7 317.2 324.8 336.4 355 373 386.3 393.5 397 397.1 390.8 382.2 376.7 370.4 367.3 359.3 349.6 338.6 326.9 320.9 317.5 319.7 323.8 328.9 335 337.1 337.2 338.6 337.2 334.8 330.8 323.3 313.3 308.5 300.3 288.6 284.9 276.5 279.1 279.3 277.5 282.9 284.7
