Assets/StreamingAssets/GeoData/Data/nh/NH47.asc
ncols 200
nrows 200
xllcorner 240000
yllcorner 870000
cellsize 50
[rows 0 to 34 of 200, columns 0 to 77 of 200]
496.5 492.7 488.7 487.7 486.8 487.5 487.1 486.1 482.3 482.9 484.1 486.3 490.5 495.4 497.6 500.4 504.2 508.1 510.8 514.1 518 522.6 525 528.3 531.4 533.2 533.8 535.9 534.5 533.3 529.7 525.7 522.3 520.7 518.9 518.6 517.6 515.6 515.6 515.3 514.8 512.8 516.1 517.2 518.8 520.9 524.1 526.9 531 534.6 539.8 544 548.9 553.1 557.6 562.1 565 569 570.5 572.3 572.4 572.1 570.1 567.7 564.4 561.5 559.1 556.9 554.8 550.4 547.9 546.2 544.3 543.7 542.3 541.4 541.5 542.4
496.6 493.8 491.3 489.3 487.5 485.7 485.2 484.1 481.6 480.8 483 485.1 490 493.7 495 498.4 503 506.6 509.5 513.2 516.6 519.8 523.6 527.1 529.6 530.5 531.3 533.7 533.3 531.3 528.2 524.1 521.8 520.3 520.7 519.8 518.4 516.3 515.5 514 512.5 514.1 515.1 517.5 519.7 521.6 524.7 527.9 532.6 536.7 539.5 543.9 548.5 552.8 556.4 559.5 563 565.6 567.4 567.8 567.3 566 563.3 561 558.4 558.6 557.2 553.8 550.2 547.6 545.3 544 542.7 542 541.4 540.9 539.9 541.3
495.1 492.6 490.9 489.6 488.8 487.2 484.8 484 483.2 483.1 481.8 482.9 487.5 491 491.3 497.2 501.6 504.7 508.3 511.4 515.1 518.5 522.7 525.1 526.9 526.9 528.4 529.9 530.3 528.2 526 523.5 521.4 520 520.1 521.2 519.1 516.7 515.9 515 513.1 515.1 515.3 517.3 520.4 522.8 525 529.4 532.7 535.7 538.3 542.1 546.7 550.8 553.9 557.7 560 560.3 560.3 561 560.3 558.7 558.1 556.8 555.9 554.2 552 551.1 547.9 545.6 542.4 540.7 541.1 540.8 540.6 540.2 539.6 540.8
494.2 492.4 490.9 490 488.8 486.9 485.9 484.6 483.8 483.4 481.8 481.5 485.4 488.2 492 496 499.6 502.6 507 510.8 514.1 517.4 520.8 523.2 524.1 524.4 525 524.9 524.7 523.5 521.1 520.2 519.1 517.6 516.9 518.3 517.5 516.7 516 514.6 513.4 515.4 518 519.8 521.1 524.2 526.6 529.9 532.9 535.3 537.7 539.7 542.8 548.5 551.8 554.6 555.6 555.5 554.9 554.4 554.2 554.2 553 551.3 549.7 547.7 547.1 546 544.4 541.3 540.2 539.5 540 539.9 539.8 540 540.5 541.3
493.4 491.3 489.9 489 488.2 487.4 485.3 484.3 484.4 483.9 483.1 479.9 483.9 488.3 490.2 494.6 498 500.9 504.1 508 512.6 516.8 519.8 521.8 521.5 522.2 522.6 522 522 520.1 517.7 516.8 516.3 515.3 513.9 513.2 513.1 512.7 510.5 509.4 514.3 518.3 521.1 522.5 524.3 525.8 528.4 530.4 533.1 535.3 537.1 538.9 541.3 544 548 549.3 550 550.1 551.4 551.1 549.8 548.9 547.6 545.2 543.2 541.8 540.4 539 538.4 537.4 537.4 538.5 539.1 539.1 539.3 539.7 540.4 541.2
491.5 488.8 488.6 488 487.8 484.9 484 483.3 484.3 483.9 482.8 481.1 482.7 484.5 486.3 491.1 495.5 498.6 501.3 504.7 509.1 514.6 517.8 520.4 520.7 519.5 520 519.3 518 515.9 514.4 514.2 513.5 511.1 510.2 509.2 508.4 508.3 510.9 515.1 520.6 523.8 525.8 526.2 528.1 528.5 529.4 531 532.9 534.4 536.2 537.2 539.7 541 542.8 544.3 544.8 545.6 545.5 544.6 543 542.1 540 537.5 537.4 537.6 536.8 535.6 534.7 535.1 537.2 537.8 537.9 538 538.4 538.9 540 541.6
492.4 491.2 489.8 487.8 486 487.6 485.8 483.8 482.7 484 483.2 480.1 481.5 481.8 483.4 486.1 489.1 493.1 496.7 501.2 507.2 512.7 515 518 519.1 518.2 517.7 516.3 514.3 513.3 511.3 511.3 510.3 508.7 507.5 506.8 505.4 508.1 514.1 520 524.7 527.5 529.1 529.8 529.8 530.2 530.6 532 532.6 533.1 533.8 535.1 536.6 538.3 538.3 539.3 537.9 537.1 538 537 534.9 533.2 532 530.5 530.4 531.7 531.3 531.8 532.1 533.5 535.7 536.5 536.6 537 537.7 538.8 540.9 542
493.5 492 489.8 486.2 489.2 488.2 486.8 484.7 483.5 482.4 483.1 481 480.2 482 482.8 484.2 485.6 487.3 492.4 497.9 503.8 509.4 512.1 514.8 515.7 515.1 514.9 513.5 512.3 510.3 509 507.2 506.3 505.2 505.4 501.7 509.6 512.5 517.8 521.8 526.3 529.5 531.1 530.3 530.2 531.1 532 532.2 532.7 531.8 532.7 533.4 534.2 534.5 534.4 533.2 531.2 529.4 527.6 526.7 524.8 524.3 523.8 524.6 525.9 527.3 528 529.2 531.1 533.4 534.4 535.3 535.5 535.8 537 538.3 540.1 540.3
494.1 492.3 489.7 488.2 489.8 488.9 487.3 486.1 483.9 481.1 481.3 480 480.1 481.5 482 481.7 482.8 484.6 488.7 493.9 498.4 502.2 506.6 510.6 510.8 511.2 512.5 511.2 510.3 508.7 506.7 503.8 503.8 503.4 502.3 504.1 509.3 515 519.5 523.4 527.6 529.8 530.6 529.9 530.2 531.4 532.3 531.8 531.2 530.6 530.5 530.4 529.9 531 528.3 525.8 524.1 523 520.4 517.3 516 516 517.8 519.8 522.5 524.5 527 529.2 531.2 532.1 533.7 534.5 534.4 534.6 535.8 537 537.8 536.8
493.2 491.3 490.8 490.2 490.1 488.7 487.3 485.9 484.8 482.1 481.5 479.6 479.3 480.7 481.1 480.1 480.4 482.3 485.4 489.9 493.7 498.1 502.4 505.2 506.8 509.7 510.8 509.3 507.1 505.3 503.7 501.2 501.3 501.6 498.2 505.7 511.6 516.4 520.8 524.3 527.5 528.8 529.7 529.7 530.5 530.3 531.2 530.7 529.9 528.9 528.4 527.9 527.2 525.6 522 518.9 517 515.4 511.4 510.9 509.6 510 511.9 515.5 517.5 520.7 525.2 526.7 528.1 529.7 530.8 531.9 531.3 530.4 532.5 533.3 532.5 531
493.7 492.2 491.6 491.1 489.6 487.8 487.5 486.7 485.2 484.1 482.7 481.8 480.1 478.7 478.7 479 479 481.2 483.4 486.9 491.6 493.9 496.8 499.8 502.3 504.8 505.6 505.5 503.5 501.7 500.1 498.7 499.2 497.2 502.4 507 513.5 518.3 521.2 525.3 527.3 528.4 529.2 529.1 529.7 529.7 529.7 528.5 527.3 526.5 526 525.2 524.2 520.5 517.1 513.5 511.1 508.7 508 506.1 505.5 505.5 508.3 511.9 516.5 520.4 524.5 525.5 525.8 526.1 525.3 525.7 526.2 525.9 527.7 526.6 524.7 524.2
496.4 494.6 493 492.1 490.9 488.4 488.3 487.2 486 484.6 482.4 482.6 482.1 481.9 480.3 478.9 477.1 480 482.3 484.5 487.8 489.8 492.7 494.7 495.3 495.2 496.4 496.9 496.7 495.8 496.2 496.2 496.2 501.3 505.9 510.1 514.7 519 522.5 525.3 526.8 528 528.2 527.9 528.9 529.3 527.5 526.2 524.8 523.8 523.4 522.6 520.3 517.5 512.7 510.9 508.8 506.5 506.2 505.4 503.6 502 504.6 509.6 512.7 516.5 520 519.5 520.1 520.3 520.1 519.8 519.8 519.2 520.4 520.4 519.7 517.7
497.7 495.7 494.3 492.8 491.1 489.3 487.7 487.4 486.6 484.3 484.1 483.3 482.9 482.3 481.2 479.2 478.6 480.3 480.2 481.6 484.7 486 488.6 490.1 490.8 489.9 491.8 492 492.1 491.3 489.1 491.8 499.2 504 508.4 512.3 515.8 519.7 523.2 524.8 525.9 526.6 528 528.2 527.9 527.7 524.7 523.8 522.2 521.2 521.3 520.3 517.7 513.1 509 508.1 508.1 506 504 502.6 502.3 499.6 502.1 505.1 507.5 510.2 511.8 512.8 513.2 512.9 512.6 513.4 512.8 512 512.7 513.8 514.9 511.3
498.5 496.6 494.4 493 491 489.5 488.4 487.1 486.7 486.1 484.8 483.6 482.8 481.3 480.1 478.9 477.8 479.3 480.2 481 482.7 483.7 484.7 486.6 487.3 487.7 489.1 488.6 489 488.8 494.4 497.6 501.2 505 509.4 514.2 518.1 521 522.6 523.7 525.2 526.7 527.5 527.3 527.4 526.3 523.4 521.2 518.4 517.4 518.2 517.3 512.7 509.4 507.7 507.5 506.7 506.3 504.4 501.4 501 499.1 499.1 501.2 503.4 504.7 505.3 504.6 505.3 505.1 505.4 505.2 503.9 504.2 505.3 504.4 506 500.3
500.2 497.8 495.1 493.7 492.4 490.9 488.5 487.6 486.9 486.2 484.9 482.9 481.6 480.8 480.2 479.2 478.2 476.9 478.4 479.6 481.5 482 482.8 484.1 485.3 486.5 486.9 486.5 486.2 485 494.9 498.6 502.1 506 510.3 515.1 518.1 520.7 521.9 524.1 525.3 526.3 526.7 527.2 526.6 524.6 521.4 516.1 513.6 512.2 512.1 509.7 507.5 506.2 506.9 507.3 506.6 506.1 504.7 501.8 501.6 499.6 498.8 496.9 497.5 498.3 498.4 495.9 497.3 498 495.3 495.9 493.8 496 496.9 495.9 491.9 488
503.1 499.9 498.1 496.3 493.5 490.7 489.1 488.5 487.4 485.9 483.9 483.2 482.7 482.1 481 480.1 479.5 477.6 476.6 478.1 480.4 480.1 480.8 481 481.7 482.4 483.3 482.6 486.9 491.8 495.2 498.4 502.1 506.2 509.3 512.6 516.3 518.4 521.4 523 524.4 525.8 527.5 527.5 525.5 522 516 510.9 508.8 509.3 509 506.3 505.6 506.2 506.9 507.9 508.1 507 505.3 504.8 503.9 502.6 499.2 496.6 493.6 493 490.8 488.4 489.4 490 487.3 486.6 485.3 485.8 487.9 488.2 485.1 480.9
506.2 503 500.3 498.1 494.9 492 490.4 489.2 487.3 484.7 485.8 485.4 485 483.3 482.3 482.2 480.9 480.2 478.3 477.8 477.6 478.6 479.6 479.7 480.4 481 482.6 486.7 488.9 491.6 494.6 498 500.6 504.4 508.7 511.3 515.8 518.9 521.3 523.3 523.6 524.9 526.2 526.4 522.1 516.8 511.3 507.1 505.4 506 505.1 503.9 505.3 508 509.8 510.6 510.8 512.6 510.5 509 508.7 506 502 495.9 492.4 490.1 487 484.2 483 481.1 480.4 481.9 480.6 477.5 477.6 476.4 477.8 476.3
512.1 507.5 504.1 501 498.1 493.5 491.6 489.1 486.6 488.5 487.8 486.7 485.7 485.2 484.9 483.2 481.6 481.1 479.6 479.6 479.1 475.5 478.6 478.5 479 481.6 483.2 486.5 487.9 490.6 492.6 496.5 498.7 502.9 506 509.5 513.9 517.3 519.7 522.1 523.4 524.6 524 521.3 516.9 513.4 507.4 503.7 501.5 501.6 502.1 504.7 508.5 512 513.2 514.6 515.9 515.7 513.9 513.1 510.3 506.7 501.9 497.6 492.3 486.6 481.7 481.4 477.3 474.1 473.8 474.7 474.8 470.6 469.8 467.3 466.3 466.3
518.2 512.4 506.8 502.8 499.8 495.5 493.3 490.5 488.3 490 489.1 488.9 487.7 487.3 486 485.7 485.2 484.3 481.4 481.2 480.2 478.5 475.5 477.1 479 480.4 481.5 483.4 486.1 491.6 490.2 493.3 497.2 499.1 502.7 507.2 511 515.2 518 520.9 522.8 523.4 521.9 518.7 513.9 509.3 503.9 500 498.5 500.2 503.6 506.6 511.2 515 517 519.2 519.8 519.9 519.2 517.3 513.1 506.4 503.8 499 491.7 486.2 480.7 477.6 473 468.9 469.1 468.5 466.6 465.2 463.5 461 461.6 463.2
523 517.6 511.5 507 501.5 499.3 496.1 492.9 490.7 491.6 490.8 490.6 490.6 489 488.5 488 487 486 484.3 482.1 480.9 479.7 475.5 477.2 478.9 479.4 479.8 481.3 484 488.7 487.1 491.1 494.8 496.9 499.3 504.6 509.6 513.2 516.1 518.1 519.3 519.5 517.7 515 511 506.8 499.8 496.1 497.7 500.7 504.4 508.5 513.2 517.4 520.4 522.1 521.6 520.8 519.5 517.7 513.7 507.4 503.1 495.4 489 483.6 478.6 475.6 469.9 465.4 465.3 463.8 463.1 463.7 461.7 458.3 458.3 458.4
521.1 521.6 516.3 511 506.1 502.8 498.5 495.1 493.1 493.3 493.2 492 491.5 491.5 492.5 491.9 492 491.2 488.5 485 482.8 480.6 478.8 475 477.3 477.8 478.6 479.7 480.9 482.6 485.1 490.8 491.5 492.5 497.9 502.1 506.6 509.7 512.4 515.7 516.4 515.7 514.3 511.5 507.3 501.7 495.8 493.1 496.9 499.8 504.3 509.2 513.9 519.1 522.7 525 523.3 520.5 519.2 516.5 512 505.8 499.7 492.8 487.7 481.4 477.1 474.4 467.8 462.7 461.6 458.6 458.5 461.4 459.3 453.5 456.4 456.6
522 516.7 515.8 511.5 506.9 504.7 502.6 498.2 498.8 497.2 497.3 496.4 497 496.7 498 498.6 499.4 497.5 496.3 493.4 489.2 483.1 479 477.9 474.8 476.2 477.4 478.4 478.6 479.7 482.1 489 489.3 492.9 494.5 499.4 501.9 506 510.4 512 512.2 510 508.2 505.2 502.3 496.4 492.4 491.6 495.8 499.1 503.9 508.8 513.7 518.6 522.5 525.3 524.3 521.7 517.4 514.1 508.2 502.8 498.1 491.9 487.4 481 474.4 470 464.7 461.8 457.3 456.4 456.3 455.5 453 452.2 453.5 453.8
522.2 518.3 513.5 510.7 508.3 506.1 501.7 502.2 501.9 501.6 503.4 504 506.7 506.6 507.5 506.8 508.1 506.1 504.2 500.6 496.1 489.9 484.3 481.1 477.2 475.7 476.2 476.9 478.1 478.3 480.8 485.5 485.7 488.9 491.2 492.8 498.3 502.3 505.5 507.1 506.8 504.4 501.9 500 496.6 493.1 489.4 489.7 493.7 497.7 502.3 507 512.1 517.6 522.3 525 524.6 522 518.4 513.6 508.2 502.9 498 493.5 485.1 476.6 469.9 466.1 461.4 457 455.3 454.7 456.3 454.6 451.9 450 451.9 451.3
524.1 519.6 515.1 512.9 511.5 508.6 506.7 508.2 508.7 509.1 510.1 512.3 513.3 514.4 514.7 515.6 516.1 515.4 511.9 510.1 504.3 497.4 494.2 488.9 484.5 477.2 474.3 475 476.8 478 480.7 481.5 485.5 486.1 486.4 490.1 493.4 495.7 498.8 501.7 500.9 498.5 498.9 497.3 495.9 491 487.8 488.5 491.2 494.8 499.4 503.9 509.4 515.1 519.6 522.2 522.6 520.4 516.3 511.5 506.1 502.6 497.7 489.3 477.6 469 466.2 464.2 460.1 457.1 455.2 454.4 454.5 453.4 451.6 452.9 453 453
524.1 519.6 516.5 514.3 512 507.9 512.5 513.7 513.3 514.6 516.4 520.6 522.9 522.4 522.9 523.3 523.2 522.7 518 515.2 509.7 504.4 499.1 493.7 488.5 482.3 476.8 473.8 475.3 477.8 479.1 481.4 481.1 483.2 484.6 486.5 488 489.9 492.2 494.7 495.3 495.3 495.5 493.2 490.6 486.3 484.3 486.7 489.6 492.7 496 501 506.2 511.4 515.5 517.5 518.7 517.7 512.5 508.4 504.9 503 495 484.7 475.4 466.1 461.4 461.7 457.8 455.9 454.5 454.3 451.2 453.6 453.8 454.2 453.8 452.8
524.6 519.7 516.1 514.1 513 511.9 514.7 517.5 518.7 521.6 522.8 525.5 527.9 528.3 528 529.3 529.3 526.5 524.7 520 515.6 508.8 505 499.5 492.9 486.7 478.7 474.4 473.2 477.6 478.7 479.9 479.7 480.8 481.9 482.7 484.5 485.2 486.8 487.8 486.7 487.5 487.8 486.7 484.3 482.3 482.7 484.9 487.9 490.2 493.7 497.8 502.3 507.4 511 513.4 515.3 514.3 511.4 507.2 501.5 498.2 490.9 482.5 473.4 465.4 460.2 458 456 454.9 452.1 451.2 454.2 454.7 455.7 455.8 454.9 458.1
525 520.3 517.4 515.3 512.8 516.1 516.9 520.9 523.4 525.8 528.5 530.6 532.6 534.1 534.2 535.2 535.1 533 529.1 525.4 519.9 513.7 507.9 502.5 495.9 489 482.5 477 472.8 476 477.5 477.6 478.1 479.3 479.8 480.2 480.6 481.7 482 481.5 480.9 481.8 481.2 480.5 480.2 480.7 482.3 484.6 486.2 488.9 490.9 493.4 497.5 501.9 505.6 508.3 510.6 512.7 509.3 503.9 497.8 494.6 487.6 477.7 470.8 462.7 457.8 456.5 454.7 452 454.6 454.8 455.1 454.9 457 457.1 459.7 460.6
524 520.3 519.8 517 519.3 519.8 521.3 525.1 528.2 530.8 532.3 534.3 534.9 537.1 538.2 538.7 539.6 538.1 532 528.8 521.7 516.1 511.8 504.3 496.6 491.5 483.9 478.6 476.6 473.8 475.3 476.1 477.6 477.9 477.6 479 479 479.2 479 478.9 477.5 477.8 478.2 477.8 478.3 480.8 482.8 483.7 485.7 487.9 488.1 490.4 492.9 495 497.2 500.3 501.9 502 499.7 494.9 491.3 489.5 483.6 473.7 467.4 462.3 456.6 455.8 452.7 454.7 456 456.7 455.9 457.2 459.3 461.3 461.6 463.6
526.4 524.5 521.4 520.7 523.5 524.6 526.3 528.4 531.1 533.3 534.7 537 538.6 540.3 541.7 543.3 543.6 541.8 538.8 532.7 526.1 520.4 512.4 506.2 497.5 490.8 484.1 480.6 477.7 475.3 473.2 475.5 476.4 475.8 476.3 477.6 476.9 477 477.3 477.8 476.5 475.1 475.1 474.9 476.5 478.9 481.2 482.1 485.1 486.4 487 487.5 488.6 489.1 489.5 491.8 493.2 493.1 491.7 487 484.1 481.5 477.2 470.1 466.3 460.9 457 454.6 455.5 457.2 457.8 458.3 457.3 459.9 461.9 463.2 463.6 466.1
529 527.7 527.7 526.9 527.3 528.5 529.7 531.2 532.9 534.5 536.3 538.5 540.1 542.8 545.3 545.7 545.5 543.9 541.4 536.6 531.3 524.8 517.1 512.3 499.3 492.7 486.8 482 477.6 476.8 473.9 473.6 474.4 475.1 475.3 476.2 476 475.7 476.4 475.5 475.6 474.6 473.8 473.3 475.5 477.3 479.3 480.6 483.2 485.1 485.2 486.3 486.1 486.4 485 483.7 485.8 486 485.5 481.1 478.6 477.2 474.2 469.2 465.4 461.4 457.3 454 456.5 458.1 460.2 460.2 459.7 459.8 462 464.6 465.4 468.3
533.9 532.5 532.4 532.6 532.7 533.4 533.9 534.7 535.8 537 538.7 540.6 543 545.2 546.7 546.9 546.1 544.6 541.8 538.9 533.3 528.1 519.5 509.4 499.5 493.9 488.2 482.4 478.4 477.1 475 470.1 474.2 474.4 474.4 475.4 475.3 474.3 474.5 474.5 474.1 473.4 472.9 472.5 475 476.8 478.1 479.6 481.3 483.3 484.4 485.1 484.3 482.5 480.3 480.5 479.6 478 477.6 476.9 477 476.1 472.9 468.7 464.5 461.5 457.5 456.5 457.8 458.7 460.7 461 460.7 462.5 463.8 466.6 469.1 471.7
537 536.2 535.4 535.7 536.6 537.2 538.2 539.1 539.2 539.7 541.7 544 545.5 546.2 547 546.9 545.6 543.5 540.2 536.8 531.6 525.2 518.4 511.1 503.2 492.3 486.9 482.5 478.5 476.6 475 471.2 473.4 473.9 473.9 474.2 473.3 473.4 472.9 473.3 472.8 471.7 471.3 472.3 473.9 476.6 477.2 477.5 479.1 481.2 483.6 485 482.6 481.2 479.6 477.3 475.9 474.4 473.1 473.2 473.8 473.4 469.9 467 463.1 461.5 457.3 457.4 458.9 460.5 460.9 460.9 463.1 464.8 468 470.6 473.7 475.5
540 539.5 539.8 540.4 540.3 540.7 541.7 542 542.3 542.7 542.8 544.6 546.1 547.3 546.9 545.8 543.8 541.7 538.7 535.5 532.2 526.1 517.3 508.6 500.3 491.3 485.2 481.6 477.5 476.8 474.3 470.8 472 473.9 473.8 473.2 472.9 472.5 472.4 472.4 472.1 471.1 470.2 470.8 473.1 474.1 475 475.4 476.7 478 480.7 482.8 481.4 479 477.3 475.3 473.2 470.6 468.2 468.4 468.4 466.7 465.3 464.4 462.6 461.3 457.9 455.9 459.5 460.8 461.8 463.1 464.8 468.7 471.5 474.5 476.7 478.1
544.1 543.6 543.7 543.4 544.5 544.2 544.5 543.6 543.3 543.2 543.2 545.2 546.5 547 546.2 544.3 542.4 539.7 536.1 533.5 529.7 522 514.8 507.6 498.3 490.6 485 483.3 479.4 477 474.4 472.8 468.8 471.4 471.1 472.4 472.3 472 471.1 470.9 471.2 470.6 468.7 470.2 471.4 472.9 473.6 473 473.9 474.7 477.4 478.6 477.6 476 474.5 473.1 471.2 468.2 466.3 466.2 463.2 461.7 461.5 461.2 459.8 459.4 456.3 459.1 460 461.9 464.4 465.5 469.1 472.6 476 477.4 477.8 479
549.1 547.9 547.6 547.5 547.1 546.8 545.6 544.7 544.2 543.3 543.6 544.9 545.8 545.5 543.9 541.6 539.1 536.1 532.9 528.8 523 516.8 509.7 503.4 496.1 490 487.1 484.7 480 476.3 473.7 473.1 471.3 469.2 470.8 470.8 471.8 470.7 471.5 470.1 470.4 470.8 469.9 468.1 469.7 470.8 470.9 470.9 471.5 473 474.4 474 473.9 473.5 472.3 471.6 470 467.9 465.7 465.1 461.8 459.8 459.6 458.2 456.7 459.6 460.7 460.6 462.7 463.4 466.5 471.1 473.7 476.3 478.6 479.6 481.9 483.3
