Assets/StreamingAssets/GeoData/Data/nh/NH49.asc
ncols 200
nrows 200
xllcorner 240000
yllcorner 890000
cellsize 50
[rows 105 to 139 of 200, columns 0 to 77 of 200]
283.8 283.7 282 280.3 279 277.5 275.4 273.5 270.4 267.4 262.2 259.6 254.9 249.9 246 240 236.7 231.6 227.9 224.3 222.1 218.3 215 210.4 204.6 200.2 195.4 188.8 181.8 168.7 162.4 159.9 154.1 147.1 139.5 133 131.9 132.1 132.3 132.5 133.8 137 140.5 145.2 151.8 156.7 166.4 174.1 181 187.9 195.7 201.3 212.3 218.3 224.7 235.7 241.2 252.4 258.3 263.3 267.9 275.1 282.5 287.2 293.2 296 298.9 302.5 304.4 306.9 309.5 313.7 318.8 325.8 332 338.8 344.3 347.9
282.2 281.8 281.1 279.5 278.3 275.8 274.1 271.7 269.6 266.5 260.1 256.3 252.8 249.7 243.7 239.6 236.7 232.9 228.2 224.9 221.2 216.6 213.9 207.2 203.6 200.5 196.1 190.6 183 176.1 171.3 166.3 158.3 152.1 143.7 135.4 134.6 132.7 131.8 129.8 132.1 135.6 138.7 142.4 146.3 153.5 162.4 169.9 175.5 182.8 190.6 197.7 203.4 211.3 218.8 225.8 234.4 243 249.8 258 263.3 268.7 275.2 275.8 279.9 282 287.3 292.3 295.3 297.1 302.3 306.2 309.9 314.4 321.7 328.9 334.8 341
283.5 283.1 280.4 278.9 276.5 273.2 271.2 269.7 268 266.1 259 254.8 251.6 248.6 243.2 238.7 235.3 230.8 226.4 222.6 215.7 214.6 212.1 205.9 198.8 193.5 189 186.2 182.2 174.6 170.5 167 158.7 149.4 145.2 138.2 134.7 132.5 131.7 132.3 131.4 133.7 134.1 140.5 146.1 151.5 158.8 165.7 170.8 176.8 184.1 190 196.5 204 211.5 219.2 226.3 233 242 249.6 256 261.4 264.8 267.2 269.9 273.8 276.3 279.3 283.6 287.3 294.6 298 301 303.9 309.5 317.1 322.5 331.7
285.8 283.5 281.4 279.4 274.7 271.6 269.7 268.9 267.4 265.8 262.5 257.5 250 246.4 242.9 238 231.2 233 228.5 229.7 226.3 224.9 220.1 214 208.4 201.7 194 185.9 181.4 176.6 170.1 165.4 158.3 151.5 144.1 140.4 136.8 132.7 131.2 131.9 131.4 131.4 132.2 137.5 147.9 149.4 154 161.9 167.2 172.5 177.6 183.9 190.8 198.4 208 214 220.1 226.2 233.9 241.5 247.8 253.2 256.7 259.3 261.8 264.5 267.8 270.8 273.8 278.1 284.8 290.1 292.5 295.9 302.3 308.1 315.5 321.9
286.8 284.2 283.6 279.9 276.8 272.5 270.5 268.8 264.2 264.7 260.6 254.7 249.6 245.9 243.6 234.9 245.7 244.8 241.3 238.6 233.3 229.7 224.8 219.3 214.9 206.9 199.4 191.3 185 178.7 172.4 166.9 161.7 153.9 146.6 142.9 139.3 137.5 131.6 132.3 131.8 131.3 132.1 135.4 143.5 148.4 148.6 154.9 160.5 167.4 173.5 179.7 185.9 192.7 201.2 207.3 213.6 219.7 226.8 234.4 240.3 245.5 249.4 252 254 257.6 260.4 262.9 266.1 269 275.4 281.3 281.3 287.5 295 301.5 308.6 313.8
292.7 290.4 284.4 278.9 275.9 273 271.9 269.2 265.8 260.3 256.2 250 247.6 246.1 243 252.1 252.8 249.9 247.7 245.1 241.1 234.3 228.8 225 219.4 211.3 203.4 196.3 187.8 180.8 174.7 169.7 164.3 156.4 149.8 145.3 139.6 135.7 131.9 130.2 132 131.1 131.1 131.4 136.5 143.2 146.3 151.3 158.3 164.5 170.1 175.5 180.7 187.7 193.9 201.1 207.4 213.1 219.6 227.2 232.9 237.7 242 244.6 247.3 251 254 256.8 259.8 262.6 265.4 270 274 279.1 287 294.2 299.4 305.8
305.2 296 287.9 280.1 275.4 272.4 265.9 265.2 259.1 256.3 253.6 252.4 250.3 247.3 254 256.3 254.1 253.3 253.5 252.8 246.7 240.5 236.7 231.1 225.7 219.5 213.4 206.4 197.2 189.3 182 177.2 170.4 161.8 153.9 148 141.2 136.4 131.7 132 131.9 131.2 131 130.8 131.9 135.8 141.8 147.4 153.8 160 164.6 169.6 176 183.2 188.6 195.6 201.2 206.7 212.6 220 225.1 230 234.6 237 240.6 244.2 247.7 250.6 253.4 256.2 259.2 262.5 265.9 272.7 277.3 284.5 292.1 298.9
315.1 305.5 293.3 285.3 272.7 268.4 266 262.8 260.5 258.8 256.7 252.8 253.4 254.1 258.9 260.1 255.6 256.4 256.6 256.4 252.9 248.7 244.7 238 233.3 226.8 221.5 215.9 208.9 201.1 193.8 185.9 177.9 167.8 159.3 152.4 145.6 138.4 132.9 131.7 131.6 131.4 131.2 131.2 131.5 131.5 137.6 143.5 149.8 154.9 159 164.3 171.9 177.5 183.4 189.9 195 200.5 206 212.5 217.4 222.2 227.1 230.2 233.9 237.5 241.5 244.5 247.3 250.1 253.9 257.4 260.7 267.1 272.8 277.6 284.4 295
325 307.9 291.6 280.7 274.7 272.6 272.6 268.7 266.6 264.6 261.2 262.2 264.7 262.5 262.5 260.2 261.1 261.8 260.6 258.6 256.9 254.8 251.8 246.8 239.9 234.3 228.4 222.9 217.3 210 202.8 195.4 187.4 175.9 164.6 158.8 152.5 145.6 138.7 133.8 132.2 132.2 131.6 131.3 131.2 131.2 133 140.6 148.4 149 154.1 162 166.6 171.6 177.9 183.7 188.8 194.3 199.8 205.1 210.1 215 219.8 223.6 227.3 231.3 235.6 239.2 241.8 245 249.5 253.3 257.3 261.8 270.9 273.3 280.1 289.9
309.3 300.5 290 280.7 285.3 284.5 278.3 275.1 275.7 274.6 273.6 268.7 269.4 268.1 268.9 267.2 265.9 266.4 265.3 264.1 262.9 260.2 257.5 252.6 247.4 240.8 236.5 230.5 224.6 218 210.9 203.5 196.4 186.6 175.5 166.9 159.8 152.8 145 137.3 132.1 130.5 130.9 131.8 131 131.3 131 131.5 139.5 145.4 150.2 158.6 163.9 167.7 172 176.9 182.5 187.9 193.2 198.5 203.6 208.5 213.6 217.3 221.1 225.6 230.3 233.8 237.5 241.3 246.3 249.2 253.4 259.1 265.8 268.4 276.4 280.1
302.8 300.3 295.4 296.2 294.7 290.7 283.5 281.1 280.9 282 280.3 272.6 274.9 275.5 277.8 273.7 273 273 271.8 270.2 269 265.5 261.4 256.3 252.3 246.4 243.7 237.6 231.4 225.3 218.9 211.8 204.3 196.8 186.7 177.7 168.7 159 150 141.7 133.4 131 131.3 130.6 131 131.3 131.6 130.9 132.7 138.8 148.2 156 157.6 161.3 164.7 169.7 175.9 181.2 186.5 191.8 196.6 201.3 207.3 211.1 215.2 219.9 224.9 229.2 233.6 238.4 242.6 245.8 249.2 254 258.8 265.7 270.3 277.5
326.4 321.5 317.5 314.7 308.4 304.8 299 294.4 290.7 287.5 286.1 282.1 283.5 286 283.9 281 281.9 280.4 279.2 276.7 274.2 271.5 267.7 263.7 256.2 252.3 248.4 244.5 238.2 232.9 226.6 219.3 211.9 205.5 195.3 185.5 176 166.3 157 148.7 140.4 135.7 132.1 130.1 129.6 131.3 131.7 129.4 130.8 132.7 141 146.4 147.2 152.4 158.5 163.6 169.3 174.6 180.3 185.3 189 194.6 201.2 205.2 209.4 214.1 219.1 223.5 229.1 234 238 241.2 246.1 250.3 255.6 261.8 266.6 273.5
343.7 337.4 335.1 331.7 324.6 320.6 313 306 301.9 299.1 295.9 291.5 293.1 292.8 288.7 286.3 286.2 286.3 284.2 283.8 281.9 278.6 274.3 273 266.1 261.5 257.4 251 246.2 240.3 233.6 226.7 220.4 212.7 203.1 193.4 185 175.3 167.1 159.6 152.1 145.8 139.4 134.2 131.4 131 131.5 132.1 130 131.3 132.5 138.4 142.8 146.5 150.6 156.4 162.6 168.8 174.6 179.3 185.6 191.5 196.7 200.1 203.5 208.3 213.9 218.3 224.3 229.7 233.3 238.5 243.4 247.8 253.1 259.1 266.3 272.4
364.8 358.3 353.2 349.2 344.3 334.5 325.7 318.1 312.2 310.6 308.5 305.2 302.6 298 295 292.7 292.2 290.6 289.3 287.9 287.6 284 281.3 278.6 274.5 268.7 262.1 256.9 253.7 246.7 241.7 235.8 228.6 220.6 211 201.4 192.7 184.8 176.9 168.9 160.9 154.2 148.4 141.6 139.3 134.2 131.9 131.9 130.7 131.3 131.3 131.3 137.9 140.3 143.4 148.4 155 162.1 168.9 174.9 179.5 184.6 189.7 193.7 197.3 203.7 211.2 215.8 221.2 225.6 230.9 236.6 241 244.6 252.1 258.7 263.6 269.6
386 381.6 376.2 370.4 363.5 352.3 340.3 331.5 327.3 322.4 320.1 319.3 314.8 308.8 303.9 301.6 300.2 298.2 294.7 292.5 290.3 287.5 285.7 281.3 278 273.2 268 263.7 258.9 255.7 251.3 241.3 234.7 227 218.4 209.3 201.5 192.3 184.2 175.9 167.8 162 155.9 149.4 141 138.6 134 132.1 131.6 131.2 130.1 131.7 132.4 132.1 135.1 140.4 145.5 153.3 161.9 167.5 171.5 179 184.8 190.7 193.2 206.7 209.3 212.8 217 223.5 229 231.8 236.4 245 251.6 255.4 260.5 266.7
416 412 405.2 392.8 384 373.9 362.2 353.5 346.5 339 335.3 332.1 329.3 321.3 316.1 311.2 309.8 306.8 304 298.8 295.3 291.2 286.9 283.6 281.3 279.1 275.3 270.4 266 260.6 254.5 246.8 241 232.9 225 217.6 210.4 201.3 192.4 183 174.5 168.6 164.1 158.6 146 142.3 136.6 133.2 131.9 131.8 129.7 131.6 131.2 130.6 131.8 135.1 136.1 147.1 156.1 160.1 167.2 176.1 181.4 187 193.3 199.8 204.2 208.2 212.7 218.1 222.9 229.2 235.1 242.3 247.3 252.9 257.7 263.5
445.9 444.3 436.7 427.2 410.7 396.1 388.2 378.3 366.7 360.3 354.5 349 342.5 334.5 328.5 324.7 320 315.4 310.5 305.9 299.7 295.4 291.6 287.1 284.2 279.6 276.7 273 268 262.6 257.1 252.3 246.8 240.3 232.8 225.5 219.3 210.4 199.5 189.4 181.1 173.9 169.4 158.9 154.2 148.2 141.6 137.8 135 132 131.4 131.6 132.1 129.6 132.1 132.1 133.3 138.9 144.2 151 159.6 167.7 178.7 182.5 188.6 194.3 198.4 202.7 208.6 212.3 219.9 224.7 230.1 236.2 242.1 248.7 254.9 261.7
466.2 471.6 470.6 463.4 446.5 428.8 413.1 403.3 393.7 385.7 379.7 372 361 351.9 344.4 338.3 330.2 326.7 315.6 309.8 303.6 298.6 294.5 289.4 286.3 281.4 279.4 276.1 271.3 266.8 262.6 256.6 251.4 245.3 239.4 232.1 224.3 213.8 203.3 193.9 186.5 178.4 173.3 167.7 162.5 157 152.4 146.7 137.6 132.4 131.3 131.5 131.1 131.9 131.6 131.8 132.2 135.8 138.8 142.9 154.3 163.8 171.1 177.2 184.3 188.1 193 197.3 200.9 207.4 214 217.9 224.7 231.6 236.9 243.2 249.9 257.8
477.9 483.6 489.5 492.3 487.1 465.4 446.5 436 426.7 414.2 404.2 393.9 385.3 372.3 364.3 354.4 342.6 329.5 325 320.1 309.6 302.5 297.1 289.8 286.1 283.2 281.5 276.5 272.7 266.2 264.1 259.3 254.1 249.1 243.3 236.7 229.5 219.7 209.9 201.4 194 185 179 174.4 170.2 166.8 163 153.5 143.1 136.7 133.5 133.5 131.4 131.6 129.6 129.8 131.2 134 135.6 143.2 153.2 158.7 164.7 172.6 178 182.1 187.2 191 194.1 201.2 207.9 214.1 221.2 227.2 232 238.2 244.9 253.4
486 493.1 500.7 508.1 511.3 503.9 493.3 473.1 467.1 457.4 444 428.1 408.3 393.6 378.9 372.5 360.6 347.5 329.8 322.2 315.6 306.6 301.1 295 290.1 285.6 282.1 277.8 274.5 270.9 266.8 260.9 255.8 250.8 245.8 242.4 236.6 227.4 217.6 209.7 201.4 192.4 184.4 178.8 175.5 173.5 168 159.1 149.2 143.3 137.6 134.2 132.5 131 131 131.5 131.1 132.4 132.3 138.7 146.8 151.3 159.9 171 173.7 175.4 179.6 184 189 196.3 202.7 210.9 216.3 221.3 226.9 233.2 239.9 248.4
491.7 498.3 506.5 513.5 521.2 529.3 530.9 520.4 507.5 493.6 474.8 453.7 427.2 403.4 386.7 379.9 368.7 353.7 340.1 326.5 315.5 310.3 305.7 298.6 292 287.5 284 280.4 275.3 272.2 268.8 263.6 257.8 253.8 250.3 246.7 242.4 234.4 225.2 217.1 208.4 199.7 192.2 187 182.3 177.4 172.3 165.4 156.7 150.4 143.2 139.1 135.2 132 131.6 131.7 129.6 131.5 130.6 132.1 138.5 146.2 156.7 161.7 165 165.2 172.4 177.8 185 191.3 196.9 203.3 210 215.6 222.1 226.5 234.2 243.7
491.6 500 508.7 517 525.5 534.5 540.8 541.2 531.7 515.1 494.3 467.3 439.6 414.6 400.7 388.8 370.3 351.6 339.8 333 327.1 316.6 306.8 307.5 295.4 292.2 286.7 282.1 280.6 275.9 271.4 267.7 262.3 257.3 253.4 249.5 244.8 239.5 232.2 224.3 215.6 207.1 200.5 195.5 190.6 184.7 178.3 171.6 163.6 156 149.7 145.6 139.3 134.7 131.3 131.1 131.2 130.8 129 130.6 136.3 145.5 149.6 152.9 155.4 157 165.9 172.4 178.2 183.8 189.6 195 202.4 210.7 217.4 223.4 230.9 238.6
491.5 500.5 509.6 519.7 528.5 538.3 547.4 547.1 542.6 533.3 512.1 477.9 448.4 423.3 409 395.9 372.3 356.2 342.3 335.5 325 318.2 314.5 309.8 303.4 294.1 289 287.3 286.5 281.5 276 271.3 268.3 261.4 257.6 253.4 248.1 242.8 237.3 230.1 221.7 215.3 209 203.7 198.4 192.8 187.2 180.5 170.9 161.3 155.3 150.4 141.5 137.5 133.6 131.3 130.4 130.8 129.8 130.8 133.2 144.7 144.5 144.1 146.2 151.3 156.5 162.5 169.1 175.6 181.5 186.2 195.9 206.8 211.1 216.1 225.4 235.2
494.1 501.2 508.5 518 528.1 540.8 551.7 556 551.5 538.7 520.8 493.1 458.7 428.3 408.2 389.4 371.2 355.4 338.1 330.1 321.4 315.3 312.4 308.4 303.4 294.4 294.2 292.7 289.1 286 280.3 277.1 272.6 269.1 262.4 257.1 251.8 247.5 241.7 234.8 227.5 221.9 216.4 210.7 204.6 199.2 193.9 188 177.5 169.2 161.7 154.5 147.6 143.9 140.7 136.3 134.3 132.9 130.9 130.1 131.3 134.5 136.9 138.6 142.4 145.1 149.4 153 160.3 166.4 174.5 180.2 193.7 199.6 206.5 211.3 220.7 230.3
496 502 509 516.6 526.2 540 552.8 556.8 556 550.6 533 501 468.2 431.4 406.1 385.5 369.5 354 340 328.7 323.6 317.6 310.9 306.9 303.1 301.9 301.3 296 292.1 288.8 285 280.8 278.2 273.8 268.2 261.6 256.4 252.2 246.3 240.7 234.7 228.3 221.9 215.9 209.3 203.6 198.7 194.1 187.6 178.2 170.7 162.7 154.7 149.8 144.3 142.4 145.4 136 132.1 131.1 130.8 132.2 133.3 135.4 138.6 140.3 143.7 151.2 152.5 160.3 169.1 174.2 183 190.4 199.4 206.3 215.4 224.3
496.6 503.5 510.8 519.3 530.4 543.7 558.1 562.7 559.5 552.8 540.1 511.4 465.9 435.1 405.1 382.2 366.4 349 333.3 325.5 325.8 321.5 317.3 309.9 307.5 305.7 301.8 298.9 296.8 292.6 289.7 288.2 284.4 279.6 274.1 267.7 261.8 257.3 252.7 247 240.4 233.9 227.5 221.1 214.3 208 204 200.8 195.4 187.3 180.1 172 165 156.9 151 146.7 147.4 138.4 131.8 130.7 129.9 131.1 131.5 132.4 130.8 131.4 136.8 143.6 145.5 151.9 159.8 167.1 172.5 180 189.1 198.7 208.8 218.2
499.8 506.5 515.1 524.4 535 549.4 562 568.1 564.4 554.6 539.4 512.7 472.5 432.6 405.8 383 361.8 343.9 326.1 320.8 321.3 322.6 318.4 314 309.3 307.2 305.5 304 300.6 296.7 295.5 292.7 289.3 285 282 275.1 267.5 263.5 258.8 253.3 247.4 240.7 233.1 226.8 219.5 215.1 212.9 211 204.8 196.6 189.9 182.2 177.2 168.8 158.4 154.6 149.2 140.2 136.4 132.4 130.7 129.2 130.7 131 131.1 130.3 130.2 132.2 146.3 149.6 150.5 157.3 164.8 172.9 182 193.6 201.7 210.2
503.9 511.6 520.1 528.9 540.3 553.3 565.1 570.4 567.7 556.8 539.7 515 487.7 449.6 410.5 384.5 360.9 340.8 321.9 320.8 320.8 326.3 320.6 317.7 309.6 310.3 308.7 308.2 306.1 305.2 302.5 298.9 295.4 292.3 288.3 281.4 276.9 272.3 266.2 260.8 254 249.4 240.6 234.6 229.1 223.5 221.2 217 211 204.5 196.4 190.9 184.4 176.9 165.5 157.8 150.9 144.5 141.9 136.7 132.9 130.8 131 129.8 131 130.5 130.7 130.6 138 135.7 142.3 149.4 157.4 165.6 175.5 185.2 191.9 202
509.8 517.2 524.6 534.5 543.9 556.8 567.3 573.8 572.3 561.2 543.2 517.6 493.6 465 429.4 398.5 371.8 347.1 328.5 320.8 320.8 327.4 321.7 315.8 314 315.1 314.3 313.7 312.4 310.8 310.1 306.5 302.8 299.9 296.2 290.6 286.8 282.6 276.8 269.3 263.7 259.4 251.3 244.7 239.5 231.7 225.9 222.8 214.6 209.9 204 196 191.3 185.5 176.5 166.6 157.3 150.1 143.6 139.1 135.6 131.3 130.5 131.1 130.6 130.7 130.4 130.7 130.5 131.5 143.2 146.4 151.6 160.9 170.8 178.4 185.1 194.3
515.9 524.5 530.6 539.1 548.6 560.5 568.1 576.2 580.4 567.9 550.1 524.8 498.6 472.7 443.3 425.1 398.1 368.3 343.8 329.6 331.3 331.8 325.3 321.1 319.2 319.8 320.7 319.7 318.4 317.3 316.1 311.7 310 308.1 305 300.6 296.9 292.5 285.1 278.8 274 267.9 263 255.4 248.6 241.3 233.8 228.3 223.4 220.2 216.3 205.3 200.8 193.9 185.2 178.3 165.9 158.7 150.2 145.4 137.9 132.2 130.4 130.5 131.2 130.5 130.9 130.4 129.9 130.6 131.2 133.6 140.8 152.3 166.7 171.5 177.5 185.9
526 533.7 541.4 547.8 556 562.7 567.7 572.2 576.5 574.4 561 537.8 511.7 484.9 462.7 443.4 419.1 395.1 372.2 347.9 342.8 337.1 331.3 327.2 324.9 325.4 326.8 326.5 324.4 322.4 321.4 319 318.4 315.6 313.3 310.9 305.4 299.8 293.8 290.3 284.1 278.9 272.5 265.2 260.8 251.3 244.6 238.1 232.7 228.3 224.1 213.4 205.6 200.2 191.8 183 176.3 171.1 162.5 155.1 146.2 143.1 135.1 130.9 130.4 131.2 130.9 130.3 129.9 130.9 131.9 133 138 147.1 158.9 164.5 169.1 176.1
536.5 546.1 555.9 563.6 571.5 579.3 579.6 573 568.5 566.7 562.5 547.4 523.8 497.9 472.1 451.8 435.8 417.3 397.8 377.6 360.8 347.5 340.5 334.8 333.7 333.3 333.3 334 333.3 331 329.1 327.2 324.2 320.5 319.2 316.4 313.7 310.7 305.7 299.7 294.8 288.5 282.3 275.8 269.6 262.2 256.4 249.2 242.9 236.1 227.7 219.6 211.8 205.8 198.8 192.5 186.5 178.8 169.3 163.1 156 148.4 142.1 139.2 135.7 130.9 130.6 130.4 130 130 131.3 131.7 133 136.3 146.4 157.2 160 167.7
548.5 561.2 572.5 581.8 590.7 599.5 598.1 587.6 570.7 561.9 552 542 528.7 506.6 484 464.1 447.2 433.2 416.7 398.8 375.4 362.8 352.8 347.8 346 343.3 341.8 340.7 340.5 339.1 336.8 333.9 329.7 327 325.1 323.3 320.3 316.7 314.1 310.2 304.6 297.8 292.1 284.8 279.5 273.4 264.9 258.4 252.5 243.7 237.6 231 221.5 212.6 204.7 200.8 194.8 188.5 180 172.1 162.3 155.9 151.1 147.2 142.7 133.9 129.4 130.8 130.2 129.9 129.8 130.3 130.7 130.8 139 146.3 148.1 159.4
561.8 575.5 588.8 602 612 612.3 606.3 596.5 584.8 565.5 551.7 540.2 521.5 508.6 490 474.6 459.1 442.3 424.4 409 391.9 376.8 366.5 359.5 357.1 354.6 353.6 350.7 348.1 347 344.5 340.6 337.4 333.6 331.2 328.1 325.2 322.3 318.9 316.4 311.7 306.3 301.2 295.8 290.4 283.8 275.3 267.5 261 253.6 247.9 240.7 230.9 221.1 217.1 209.5 202.5 195.5 189.3 182.5 170.4 163.8 159.7 151.6 142.1 135.9 135.8 131.7 129.7 129.9 129.9 129.9 129.8 130 131 141.2 140.9 150.7
568.9 582.8 598.5 613.2 620.4 619.4 609.8 598.1 585.4 575.3 560.2 541.2 526.3 509 494.4 482.6 467.4 450.3 433.7 416.2 403.2 390.4 377 371.7 367.7 365.1 364.4 361.1 358 356.2 352.7 349.2 344.8 340.8 336.9 334.9 331 328.3 324 321.7 317.8 314.9 310.1 304.3 297.5 289.8 282.9 278.2 274 265.3 260.5 250.3 240.4 234.1 227.7 217.7 210.8 203.1 197.4 191.9 180.3 170.4 167.9 159.9 150.1 143.7 144.5 131.5 128.9 130.8 129.9 130.2 130.5 130.3 129.7 129.9 132.7 141.5
