Assets/StreamingAssets/GeoData/Data/nh/NH52.asc
ncols 200
nrows 200
xllcorner 250000
yllcorner 820000
cellsize 50
[rows 35 to 69 of 200, columns 80 to 159 of 200]
15.3 15.3 15.3 15.3 15.3 15.3 15.3 15.3 15.3 15.3 15.3 15.3 15.3 15.3 15.3 15.3 15.3 15.3 22 34.1 51.7 70.2 89.1 110.8 129.5 145.7 167.6 196.9 213.7 222 239 253.6 271.4 279.5 307.7 326 337.9 347.2 357.4 365 372.4 381.1 395.4 407.3 424.1 430.6 438.9 420.1 405.6 388.2 384 377.3 373.1 373.2 370.6 367.2 366.5 369.3 372 375 365.3 351.4 318.8 303.9 294.6 291 290.9 287.5 280.8 268.8 257.5 252.9 251.6 249.2 246.9 246 245.8 246.6 245.9 239.3
15.3 15.3 15.3 15.3 15.3 15.3 15.3 15.3 15.3 15.3 15.3 15.3 15.3 15.3 15.3 15.3 15.3 16.7 28.1 43.1 63.2 78.8 106.1 127.8 146 161.1 180.5 206.1 216.2 233.4 250.3 266.8 284.3 298.9 322.3 337 347.2 357.2 362.5 374.4 381.5 402 406 414.7 432.3 431.1 419 402.5 389 388.2 383.9 379.9 378.5 377.2 372.9 363.7 365 372.8 375.2 367.6 351.3 317.9 304.8 296.8 289.3 287.8 284.9 278.9 269.2 257.2 251.7 249.6 247.5 246.3 246.9 248.2 248.3 240.5 238 237.1
15.3 15.3 15.3 15.3 15.3 15.3 15.3 15.3 15.3 15.3 15.3 15.3 15.3 15.3 15.3 15.3 15.3 22.6 33.2 51.4 72.1 94.5 119.1 148.9 167.5 179.6 193.5 214.8 227.9 248.7 263.6 275.8 299.9 318.3 333.5 345.4 356 363.7 370.3 385.9 403.9 412.9 419.5 433.1 439 431.2 404.1 392.8 391.7 391.6 387.9 384.1 379.8 372.8 365.9 356.4 360.3 362.2 357.5 333.8 312.8 304.2 299.7 288.5 286.3 283.2 275.7 266.8 258 252.4 248.6 247.2 245.8 245 249.6 242.9 239.9 237.5 237.2 237.2
15.3 15.3 15.3 15.3 15.3 15.3 15.3 15.3 15.3 15.3 15.3 15.3 15.3 15.3 15.3 15.3 15.7 26.7 38 59.2 79.2 107 132.4 159.7 181.7 186.7 207.7 223.8 240 260.5 280.5 293.2 311.3 335.7 348.2 357.8 366.5 376.7 384 399.9 415.8 413.1 429.1 436 428.1 406.7 394 393 395.8 394.5 392.4 393.9 385.9 373.6 363.4 346.2 332.6 327.2 313.3 307.7 303.5 299.8 290 285.5 282 274.9 267.6 259.5 253.4 251.1 249.1 246.1 244.2 243.9 242.9 240.7 238.4 238.1 238.4 238.2
15.3 15.3 15.3 15.3 15.3 15.3 15.3 15.3 15.3 15.3 15.3 15.3 15.3 15.3 15.3 15.3 19.4 28.7 45 67.3 94.2 116 142 168.4 180.3 193.4 209.7 229.1 253.7 281.3 295.4 309.8 327.5 342 357.4 373.4 386 394.7 396.5 413.2 418.1 420.1 428 432 412.7 393.3 395.8 396.9 400.9 399.7 401.6 402.2 397.4 383.5 368 357.6 338.6 308.1 304.7 302.4 296.5 291.6 286.2 281.3 276.1 267.7 261.4 256.2 253 250.8 247 246 243.9 243.6 241.9 239.5 239 239.2 239.9 240.7
15.3 15.3 15.3 15.3 15.3 15.3 15.3 15.3 15.3 15.3 15.3 15.3 15.3 15.3 15.3 15.3 22.3 35.7 58 76.4 111 128.3 158.6 170.1 182 203.1 218.1 246.2 272.1 293.2 307.4 323.5 343.5 363 373.8 382.9 390.4 401.6 412.8 418 415 414.1 415.3 410.5 395.4 394.2 400.1 405.2 410.2 406.4 414 415.4 406.8 390.9 382.6 365.9 321.7 303.3 301.3 298.8 296.3 286.9 280.6 275.4 268.4 263.3 258.9 255.5 253.6 251 249.2 246.5 247.3 245 242 240.3 240.2 242.7 248.7 247.8
15.3 15.3 15.3 15.3 15.3 15.3 15.3 15.3 15.3 15.3 15.3 15.3 15.3 15.3 15.3 16.4 29.5 51.8 69.7 97.5 121.6 144.4 168.7 177.6 190.4 211.3 233 260.2 280.9 302.9 324.2 350.4 368.3 382.8 386.3 386.8 397.8 414.3 413.2 413.2 414.9 412 405.5 397.6 394.6 397.1 403.1 412 412.3 415.2 418.3 412.1 386.9 380.3 369.2 337.8 316.4 305.6 299.6 297.8 290.2 282.6 276.3 269.3 264.6 261.1 258.8 254.7 252.7 248.6 248.8 250.6 246.9 243.7 243.4 241.6 243.3 252.7 251.5 249.2
15.3 15.3 15.3 15.3 15.3 15.3 15.3 15.3 15.3 15.3 15.3 15.3 15.3 15.3 15.3 24.1 44.5 68.3 91.1 116.5 131.7 151.1 171.3 192.9 208.9 232 251 274.6 303.1 321.6 346.3 370.6 381.5 390 390.3 391.8 404.4 409.1 413.4 416.1 419.1 407.2 398.8 395.4 395 401.2 406.6 412.9 411.1 414.5 412 388.5 376.4 366 348.7 332.8 324.4 308 296.8 296 287.3 278.8 271.8 267.8 264.2 260.7 260.5 253.7 249.9 249.3 253.6 249.3 245.4 244.4 243.3 244.7 249.3 259.8 247.9 243.5
15.3 15.3 15.3 15.3 15.3 15.3 15.3 15.3 15.3 15.3 15.3 15.3 15.3 15.3 16.6 35.5 57.8 81.4 112.1 127.6 141.4 165.6 192.1 215.8 242.9 251.9 274.1 310.2 320.7 340.9 363 377.9 388 394 401.3 408.1 406.7 411.2 417.9 421.1 418 402.6 398.1 396.1 396.6 401.3 403.8 406.5 401.2 406.8 394.9 380.4 376 358.9 353.9 332.4 318 302 294.4 287.6 280.8 274.7 271.9 272.8 268.5 263 262 253 249.1 248.9 250.6 245.1 245.7 245.8 244.1 245.3 250.8 253.1 245.4 236.3
15.3 15.3 15.3 15.3 15.3 15.3 15.3 15.3 15.3 15.3 15.3 15.3 15.3 15.3 20 40.7 66.5 93.6 122.5 140.2 161.6 188.9 211.9 237.9 269.9 272.9 293 322.1 332.6 356.2 374.6 385.5 398.5 406.5 411.7 406.5 406.2 410.7 419.1 415.3 405 404.3 402.5 400.9 408.7 407.1 402.4 395.2 392 393.2 379.8 366.8 367.2 368.4 352.5 330.7 311.9 298.6 292.7 284.4 278.9 271.4 271.2 271.3 274 266.5 255.7 249.4 247.9 246.7 245.3 243.4 244.4 246.2 239.6 239.7 245.4 243.8 236.2 232.9
15.3 15.3 15.3 15.3 15.3 15.3 15.3 15.3 15.3 15.3 15.3 15.3 15.3 15.3 23 49.2 76.7 111.6 141.8 155.3 181.3 209.4 230.9 263.3 296.6 303.7 307.9 335.4 342.1 362.1 378.1 401.8 409.3 412.7 412 408.3 410.1 417.7 422.9 409.3 406.8 409.4 407.8 404.2 404.3 399 388.4 384.8 381.5 376.4 367.9 360.5 365.5 363.1 350 317.8 300 294.8 287.7 282.9 271.9 271.9 271.7 277.2 270.9 260.8 250.6 248.9 247.4 245.5 243.6 242.3 248.2 242.6 235.6 235.1 237.5 235.6 230.6 229
15.3 15.3 15.3 15.3 15.3 15.3 15.3 15.3 15.3 15.3 15.3 15.3 15.3 20.1 36.9 61.7 93.7 130.5 153.2 166.8 195.4 225.5 250.2 280.9 313.6 334 333.7 340.9 348.7 366.3 400.3 410.6 409.8 413.2 417.9 419 421.9 421.7 419.1 414.9 417.1 418.2 410.3 405.8 402.8 396 385.7 374.9 367 364.3 355.2 357.1 356.4 348.7 329.3 304.4 296.8 290.5 285.1 282.2 271.5 271.8 276.2 278 263.4 254.9 251.3 250 247.6 246 242.1 240.9 239.7 237 232.8 231.6 231.7 228.5 226 225.5
15.3 15.3 15.3 15.3 15.3 15.3 15.3 15.3 15.3 15.3 15.3 15.3 24.5 39.9 57.8 76.3 113 145.7 161.8 179.9 207 240.4 267.9 300.1 330.5 349.8 354.4 348.5 363 385.9 408.5 407.5 409.9 421.6 422.4 423.5 425.2 422.7 422.3 429.2 431.2 426.7 416.2 411.8 403.9 391.6 379.6 366.1 357.6 349.7 344.8 350.5 344.5 336.7 312.4 304 294.5 286.4 283.4 287.6 281.2 271.7 281 268.3 255.5 252 251.3 252 250 244.7 243.3 241.4 239.8 233.9 230.4 228 227 224.5 222.8 222.2
15.3 15.3 15.3 15.3 15.3 15.3 15.3 15.3 15.3 15.3 15.3 27.3 47.2 65.5 79 97.6 126.7 158.1 177.9 199.7 227.7 257.5 287.6 317.5 342.6 354.7 365.5 356.7 376 401.1 404.1 406.7 424 430.1 423.9 425.5 424.4 424.8 434.6 439.9 434.3 421.8 427.7 422.8 406.1 397.3 386.4 374.4 356.5 344.2 339.8 339.7 326.1 319.2 311.7 298.1 288.7 283.6 281.8 282.6 275.9 273.2 276.2 259.3 251.8 251.4 251.1 254.5 250.4 244.5 243.5 242.7 236.8 231.6 228 225.3 223.1 221.9 220.5 219.7
15.3 15.3 15.3 15.3 15.3 15.3 15.3 15.3 15.3 15.3 26.1 49.7 68.3 81.1 99.1 116 145 175.5 198.2 215.8 244.8 274.9 305.4 330.3 349.2 363.2 368.9 368.7 380.7 396 396.5 417.3 433.6 422.9 421.3 421.8 424.5 430.2 437.4 434.4 424.6 414.7 428.1 420.2 414.9 399.8 393 371.9 359.1 339.6 335.4 331 320.8 313.9 300.6 290.9 285.7 280.1 274.2 271.8 265.6 263.9 260.4 251.9 250.2 250.2 251.2 253 247.4 244.1 242.4 239.9 235.2 231.3 227.6 224.7 222.6 221.1 219.1 217.9
15.3 15.3 15.3 15.3 15.3 15.3 15.3 15.3 15.3 21.1 45.8 67.2 80.5 97.1 110.7 134.5 167.4 196.1 214.6 226.9 261.7 292.8 317.7 343.2 355.6 368.7 371.8 379.3 389 393.9 405.5 431.1 433.4 420.4 416.4 417.1 416.5 424.9 423.9 416.6 410.9 414.6 416.9 416.9 406.4 397.5 384.8 372.5 354.1 345.6 341.6 338.4 322.6 303.8 292.5 286 281.3 275.1 270.8 266.5 263 258.7 255.1 250.4 249.7 250.6 253.5 250.4 245.4 243.3 239.1 233.6 230.7 227.5 225.9 223.7 221.8 219.3 215.7 220.2
15.3 15.3 15.3 15.3 15.3 15.3 15.3 15.3 15.4 37.2 63.1 77.6 89.8 108 133 160 189.1 217 228.7 246.3 275.3 308.5 330.5 349.2 361.7 370.1 382.6 384.6 393.1 404.2 415.6 430.1 433.8 421 413.3 407 405.8 411.2 410.5 407.7 397.6 403.7 410.3 407.3 404.4 397.5 385 376.2 358.3 349.7 346.1 331.4 308.5 296.7 289.9 281.6 277.4 272.7 269.8 263.2 262.1 257.7 254.6 251.7 249 251 253.2 249.6 245.1 240.9 234.6 229.3 226.3 223.4 222.5 221.8 219 215.7 217.3 221.4
15.3 15.3 15.3 15.3 15.3 15.3 15.3 15.3 20.1 52.3 74.7 84.1 100.8 127.4 155.4 188.6 213.5 233.1 240.8 268.9 290.7 325.7 344.5 357.2 367.6 382.9 389.5 390 420.6 410 419.1 429.5 426.8 423.8 417.3 408.1 399.4 400.1 399.1 395.1 385.7 400.1 406.5 404.1 405.2 398.3 391.2 372.7 354.6 344.4 324.2 310.3 300.6 292.5 286 278.5 276.4 274.5 270.3 265.2 260.1 253.7 252.3 250.5 248.8 250.9 250.8 247.2 240.9 235.3 229.6 225.7 224.3 221.8 222.3 220.6 215.8 212.5 214.1 216.2
15.3 15.3 15.3 15.3 15.3 15.3 15.3 15.3 22.2 53.1 74.9 90.7 113.1 142.8 173 222.9 239.1 250 259.8 286.8 305.2 340.9 356.3 364.7 373.8 384.8 392.2 405 419.5 421.3 416.7 419.4 420.2 422 415.6 412.1 396.6 392.2 383.8 376.6 381.8 394.4 397.3 407.1 402.4 399.3 379.8 369.2 345.2 325.7 310.6 302.1 294.9 287.7 282.5 280.5 278.8 275.6 270.4 263.7 258.5 253.3 250.9 248.8 248.9 247.3 248.9 242.7 235.5 229.9 225.2 222.4 221.9 220.5 219.6 214.8 212.9 211 212.7 211.9
15.3 15.3 15.3 15.3 15.3 15.3 15.3 20.2 39.4 62.3 80.2 104.6 130.6 158.5 193.3 231.7 261 266.4 286.7 309.5 333.2 352 363.7 367.6 375.2 384.6 395.6 411 428.2 422 416.3 410.1 410.6 413.1 407.1 397.6 385.5 378.2 369 367.1 380.2 387.8 396.7 399.9 397.7 389.5 374.5 357.1 328.2 312.6 305.4 297.5 291.8 285.9 284.3 283.3 279.8 274 269.3 262 256.3 250.8 246.8 246.6 245.7 244.9 242.2 236.4 231.4 226.2 220.9 217.9 217.1 216.7 214.9 211.8 209.4 209.3 210.2 210.4
15.3 15.3 15.3 15.3 15.3 15.3 23.5 39.7 58.2 78.5 97 124.2 151.6 174.5 211.5 254.2 273.8 286.7 307.8 329.3 344.7 359.8 364.4 367 371.6 385.2 401.2 412.4 424.1 421.8 419.1 408.3 405.7 401.7 395 376.9 365.9 359.9 361.9 365.8 373.4 383 392.1 389.2 386.6 378 364.5 342.3 316.1 306.3 299.9 294.7 290.5 289.4 287.1 286.1 279.8 273.1 267.2 259.5 251.6 247.5 244.2 240.4 239.9 238.7 235.8 230.4 226.6 222.2 217 214.3 212.4 211.3 211.3 210.4 205.3 204.3 206.8 207.9
15.3 15.3 15.3 15.3 15.3 21.6 39.8 57.9 74.1 93.7 115.6 149.2 172.5 197.9 232.4 274.8 291.9 312.4 324.1 334.4 350.5 360.3 364.2 363.5 374.3 391.3 400 409.6 419 419.9 417.7 405.2 398 387.3 372.5 358.3 356.2 356.2 353.5 356.6 363.8 375.1 377.4 383.2 378.7 368.2 344 317 308.6 304.3 298.6 296.8 296.9 296 293.6 287 278.6 273.6 263.3 256.7 250.5 246.2 241.9 237.3 232.2 233.1 231.8 226.5 220.7 217.4 214.4 211.4 209.3 205.2 204.2 202.2 197.4 206.4 204.4 206.8
15.3 15.3 15.3 15.3 26.9 44.3 56 75.7 93 111.2 137.3 167.6 191.9 218.9 253.1 286 312.8 317.6 330.2 337.3 353.3 355.4 359.4 360.7 377.3 390.7 398.2 406.4 422.5 423.2 417.3 397.4 373.1 358.3 355.6 355.5 358.3 348.4 342.8 348.3 364.9 369.2 374.2 380.5 368.6 347.7 318.7 312.1 306.1 302.8 302.4 303.6 302.9 303.2 295 284.7 277.6 272.6 261.2 250.3 246 243.9 239.9 235.7 230.2 228.2 227.8 222.2 215.6 211.2 209.7 207.3 203.3 198.9 197.2 196.4 197 198.2 199.7 204.6
15.3 15.3 17.4 33 48.8 70.3 86.3 100.4 119.2 136.1 159.5 182.4 211.7 238.1 261 314.5 325 318.2 331.5 338.1 345.3 347.6 352 360.6 373.5 386.1 397.3 405.3 415.9 418.7 399.4 377.1 359.6 357.1 355.9 355.4 346.3 340.5 338.7 345.7 356.2 367.6 369.9 364.2 344.3 320.6 314 309.3 305 308.4 313.4 312.9 311.8 303 292.4 283 275.5 268 255.9 246 242.1 239.2 233.2 228.5 223.2 219.7 221.2 217.5 211.9 205.9 202.1 200.3 196.5 196.1 195.6 196.4 197.5 198 202.9 207
15.3 15.7 35.7 52.3 71 92.3 105.1 127.9 143.7 159 178.5 204.5 230.2 250.8 288.6 329.8 327.3 320.6 333.3 329.2 337.3 343 347.8 356.6 365.9 381.7 396 402.7 408.1 400.9 382.5 365.2 362.2 364.2 359.7 345.6 335.1 328.5 332.5 340.7 351.9 365.1 359.6 339.6 322.9 316.5 310.7 308.8 312.8 319.1 328.9 324.6 313.5 300.8 291.1 283.7 271.7 261.7 252.9 245.1 238.4 233.5 228.2 222.3 218 210.5 214.4 212.4 206.7 200.8 196.8 196.4 195.7 195.3 194.2 196.6 198.8 201.8 200.3 202.4
15.3 25 48.9 69.4 89.7 106.8 121.2 141.4 162 182.1 204 230.2 249.1 269.5 304 326.9 327.5 320.2 321.2 324.7 334.3 340.6 344.3 353.2 364.5 380.9 394.6 400.1 404 386.6 373 365.5 368.2 367.3 355 342.4 327.5 322.3 325.7 335.3 344.5 349.6 337.9 323.3 317.8 312.8 311.1 315 328.5 335.4 337.1 322.9 306.7 297.9 292.5 282 266.9 256.2 247.2 242.9 236 231.8 226.1 219.5 214.2 208.3 206.4 205.4 201.1 196.2 195.6 195.8 195.6 195 196.3 203.1 208.6 210.3 205.7 207.7
15.3 32.3 53.3 80.7 104.5 117.4 142 157.6 174.9 201 224.7 251.1 277.8 288.3 312 325.6 323.3 316.1 315.5 322.1 334.3 337 342.8 347.2 369.5 388 401.2 404.6 392.7 373.6 374 367 361.8 358.2 349.7 333.5 317.6 311.7 318.5 328.8 330.9 327.8 321.7 317.7 314.3 312 312.7 327.5 342.6 347.1 340.4 313.2 303.9 298.5 289 276.2 263.7 251.4 243.1 239.6 233.2 226.2 222.9 217.6 211.8 206.4 200.8 199.8 196.4 195.3 195.6 195.4 194.3 201.2 209.6 215.8 215.4 215 212 212.5
18.6 46.6 58.6 88.7 118.1 140.3 168.6 179.1 197.7 224.6 246 281.2 304.2 312.5 315.5 321.9 317.4 310.7 313.1 320.7 328.6 331.4 333.2 350 371.9 385.4 396.4 378.2 367.7 369.7 366.6 359.9 355.1 350.1 341.1 324.7 312 302.3 312 321.1 322.8 321.2 316.8 313.3 312.7 312.8 325.8 340.8 344.2 341.2 320 311.9 306.7 293.7 279.9 268.2 257 248.2 240.4 233.2 227.6 223 216.4 210.9 206.3 201.5 197.4 196.2 195.4 194.7 194.2 193.5 203 215.3 233.9 235.3 227.6 220.3 218.9 224.9
38.3 67.8 87.1 118.7 144.3 172.8 192.8 209.1 231 247.7 269.7 299.4 317.5 321.4 317.3 317.1 306.5 305 311.6 315.7 324.3 324.6 324.3 347.2 367.3 370.6 364 360.2 360.1 358.2 355 352 348.9 334 319.6 304.2 295.8 296.3 308.4 315.9 316.6 315.9 313.3 312.1 315.5 318.6 339.6 350.7 344.5 324.9 315.1 315.6 302.3 287.2 272.3 258.7 250.5 242.5 237.3 231.6 224.8 220.3 213.6 207.3 201.8 197.7 195.3 194.7 193.9 193.6 194.8 198.4 212.9 229.3 245.4 252.1 240.7 234.6 226.2 232
59.7 84 104.8 142.3 173 201.9 218.1 238.1 255 281.3 291.6 308.6 324.9 318 313.3 311.2 302.9 300.9 306.9 311.2 314.3 317 319.5 333.9 347.4 358.9 358.4 351.2 353.9 346.5 345.3 332.9 320.9 305.9 292.2 289.2 290.3 295.1 306.8 311.8 312.5 311.3 310.3 315.7 317.9 327.4 338.8 338 328.2 317.2 317.2 313.5 294 281 262.6 253.6 243.7 235.8 229.7 226.7 219.2 212.2 207.3 203.7 198.2 195.2 195.2 194.4 193.6 195.1 196.8 210.5 222.4 238.3 256.7 266 258.6 250 236.6 240.5
76.4 103.1 129.9 167.8 205.3 226.4 241.1 260.6 286.4 308.7 309.9 313.9 323.2 314.3 308.8 300.8 300.3 300.1 301.7 303.2 309.1 313.2 320.9 330.4 339.9 348.2 347.8 338.4 335.7 329.4 320 310.7 298.5 283.7 280.6 284.6 287.9 297 305.5 307.6 309.5 308.8 308.9 312 319.8 327.1 324.8 326.2 317 309.4 315.4 307 286 266.7 255.9 248.2 239.5 233.7 224.9 218.9 213.1 207.6 201.6 198.2 194.6 194.5 194.5 195.8 194.7 195.8 206.1 218.4 230.7 244.3 261.1 275.2 272.4 259 250.6 252
93.9 120 159.6 198.1 228.5 247.5 264.2 289.1 311.3 328.6 325.6 317.5 315.9 309.1 302.6 301.5 299.9 299.6 299.5 299.9 302.3 307 320.2 328.7 337.5 340.4 334.1 324.7 318.5 310.4 302.5 290.1 279.9 275.8 277.5 281.8 290.2 298.1 302.2 304 305.9 308.3 310.1 310 318.3 322.4 322 316.8 307.9 312.2 305.5 290.1 268.9 258.4 249 243.7 234.8 228 222.2 214.3 207.3 202.7 197.2 195.4 194.3 195.3 195.2 195.5 195.5 201.7 215.8 229.2 241.2 252.1 261.1 268.2 268 264.5 263.7 259.9
117.2 146.4 191.4 228 252.6 268.1 296.8 309.6 326 341.3 332.8 322.1 316.9 305.7 302.5 302.2 300.8 299.7 299.5 298.7 298.8 301.4 317 331.4 333.1 330 318.8 310.2 298.4 289.4 283.1 275.6 272.5 272 275.2 283.5 291.1 295.4 298.7 301.1 304.1 308 302.9 306.5 313.9 316.5 314.5 311.2 297.7 308 286.1 267.5 258.9 249.7 241.4 233.8 229.1 220.4 215 208 200.4 196.6 195.4 194.3 194.5 195.6 194.8 195.1 199.3 209.6 223.4 237.7 247 254.7 262.3 268.2 271.4 272.7 277.4 271.1
134.3 168.1 216 252.6 270 294.2 324.4 325.8 330.6 344.1 335.6 325 320.6 313.7 301.8 300.7 299.7 302.5 298.9 298.5 298.3 300 308.8 315.5 312.9 310 300.9 290.3 283.3 275.7 270.7 268.2 266.7 266.7 275.1 283.3 287.7 291.1 294.5 297 302.3 297.3 297 301.6 308.7 303.2 303.5 294.2 290.1 287.4 268.5 259.9 251.3 242.9 234.1 229.1 222 213.1 207.1 199.9 196.4 195 195.4 193.8 193.7 195.7 195.1 197.5 206.2 220 232.5 246.5 253.7 259.5 265.5 272.3 281.9 291.1 282.7 283.6
150.9 201.1 246.1 276.1 278.8 323.2 335.8 339.5 333.7 335.3 338.2 328.7 317 309 302.3 301.1 301.8 302.8 300.5 299.2 299.2 301.8 305.1 304.5 299 294.4 285.9 280.1 273.3 266.3 263.7 261.2 261.5 266.5 276 281.5 284.8 287.3 290.3 293.1 293.1 290.4 290.4 293 301.7 292.5 286.7 281.6 275.5 268.3 260.5 252.3 242.7 235.7 228.4 220.8 213.5 206 199.7 196.9 195.3 195.2 195.2 193.1 194.8 195.5 198.9 204.4 216.5 230.7 242.6 251.8 258.3 263.8 271.4 278.9 285.3 287.6 293.9 303.1
