Assets/StreamingAssets/GeoData/Data/nh/NH57.asc
ncols 200
nrows 200
xllcorner 250000
yllcorner 870000
cellsize 50
[rows 35 to 69 of 200, columns 0 to 77 of 200]
252.5 248.8 249.2 250.2 255.5 256 250.9 251 250.7 249.7 248.1 246.9 245.6 243.9 241.7 239.3 236.2 234.1 231.8 229.5 227.3 225.4 222.7 219.2 218.4 215.8 214.8 213.7 212.5 211.7 211.8 210 209.5 207.8 208.6 210.6 211.3 212.4 216.4 222.5 230.6 238.3 253.2 269.5 292.4 318.7 348.9 378.9 400.8 402.2 399.6 392.5 387.1 387.7 391.3 384.1 370.6 360.8 355.3 344.8 338.1 335.8 335.9 337 338.5 339.5 340.3 340.3 340.3 340.1 339.8 339.8 340.5 340.9 341.7 341.7 343.4 345.2
259.3 259 262.5 265.4 267 266.1 265.5 264.2 263 261.8 260.5 258.9 257.5 256.4 255.8 254.3 251.2 245.9 240.7 236.3 233.9 230 226.7 220.5 215.6 212.7 211.2 209.9 210.2 206.2 206 205 207.1 206 205.7 206.4 207.5 209.3 210.2 211.1 220.3 229.7 239.9 255.3 273.2 300.1 331.7 364.2 383.9 383.1 376.8 374.6 374 373.5 374.7 368.3 355.9 353.1 346.8 339.9 336.8 334.8 334.8 335.5 336.8 338.4 339.5 340.5 340.7 341.7 342.3 343.3 344.1 345.7 347 348.7 351.4 354
275.6 276.2 277.5 278.8 279.3 278.5 277.8 276.9 275.8 274.7 273.6 272.5 271.6 272 272.9 274.1 271.4 264.7 258 251.6 247.4 245.8 242.8 237.8 231.2 224.9 219.9 216.1 212.3 210.7 208.6 206.3 205.2 205 204.9 205.2 204.9 206 206.9 208.2 211.2 219.1 229.2 241.6 258.3 283 312.2 344.6 367.2 367.9 363.3 361.7 361.3 361.3 361.2 354 345.8 344.8 344.8 342.2 338.8 334.5 332.8 333 335.6 337.4 339.3 340.8 341.9 343.5 344.8 346 347.9 350.5 354.1 357.8 362.2 364.1
291.8 292.3 293.1 293 293.6 292.9 290.7 289.8 288.7 287.7 288.5 289.5 290.7 292.6 293.1 292.9 290.7 286 280 272.6 268.7 267.4 266.2 261.1 253.1 244 237 228.8 222.4 216.2 212.4 207.7 202 204.1 204.7 204.4 204.1 203.9 203.4 205.3 208.6 214.6 222 228.9 244.2 265.5 294 323.3 347.8 351.8 349.6 352.9 356.1 354.1 350.6 345.1 341.1 339.2 340 338.1 334.7 332.9 331.2 332.7 334.6 336.8 339.1 341.5 344.2 345.9 347.7 349.7 353.9 358.2 363 368.5 372.8 372.5
309.4 308.8 308.9 308 308.1 308.3 306 306.5 307.5 308.5 310.3 312.1 313.8 315 313.8 312.7 311.4 308.6 305.5 300.8 297 293.7 290.2 285.3 278.9 272.5 265.4 252.1 239.8 226.1 216.8 211.4 205.8 201.1 204.1 203.7 203.3 203.1 202.6 202.9 205.6 211.6 218.2 223.2 234.6 254.5 276.4 305.2 326.6 337.2 339.8 343.6 351.9 350.1 349.2 344.3 339.8 335.4 333.1 331.5 330.7 329.7 329.9 331.7 333.9 336.6 338.8 341.6 344.9 347.9 352.1 355.4 361.1 366.8 371.5 376.1 378.2 377.6
329.3 328.9 327.4 326.8 324.9 323.9 324.7 326.1 328.8 330.6 332.6 334.7 336.6 336.8 336.1 335.1 334 333.1 330.8 327.3 323.7 320.3 316.3 310.6 304.7 300.2 296.7 277.2 258.8 243.1 226.8 214.4 208.7 203.8 201.2 202.4 202.3 202.3 202.1 202.7 202.8 206.7 212.9 217.5 225.7 245.2 267.4 291.2 309.4 326 332.2 337.5 345.3 344.6 345.4 341.8 336.5 331.1 327 326.2 326.4 326 327.2 330.3 333.3 336.2 339.4 342.5 346 351.5 355.7 360.2 368.6 375.4 381.4 383.2 383.5 381.8
351 349.8 347.9 346.7 345.4 345.5 348.3 350.4 353 354.6 355.8 357.1 358.2 358.4 358.2 358.3 357.9 357.5 356.8 353.2 349.2 345.4 342.6 336.8 327.4 323.3 326.3 303.6 281 261.1 245.4 228.5 212.9 205.5 201.1 201.5 201.4 201.4 201.5 201.5 201.2 203.7 208.5 215.5 220.9 234.6 256 279.8 298 315.5 326.1 336.9 339.4 339.2 337.6 335.2 329.4 324.8 322.8 322 321.4 321.9 325.6 329.2 332.8 335.9 339.5 343.2 348.3 354.6 360.1 368.8 377.3 385.8 392.3 392.4 390.8 388.6
372.7 372.5 372.1 372.4 372.8 373.9 375.2 376.6 377.7 378.6 378.9 379.3 379 377.9 377.6 376.7 375.5 374 372.4 369.6 366.7 363.6 360.2 356.3 347.7 340.6 342.4 328 303.9 287.1 267.5 246.4 230.3 214.2 203 198.5 200.4 200.2 200.4 200.9 200.9 202.7 206.1 214.2 221.5 230.5 245.4 267.9 282.5 300.5 317.1 329.1 335.9 334.1 329.5 327.1 323.2 320 318.7 317.8 317.7 320 324.6 328.2 332.4 336 340.3 346 352.5 360.6 369.5 378.3 387.3 395.8 398.2 399.4 398.4 396.3
391.9 392.7 393.7 394.7 396 396.2 399.6 401.5 402.6 401.4 401.3 399.4 394.5 390.6 390.6 388.5 386.9 385.6 382.6 380.2 378.1 375.1 371.8 368.6 364.3 359 346.8 333 319.2 302.7 299.4 275.3 247.5 237.5 216.5 200.6 199.4 199.1 198.9 199.3 200.5 203.1 207.7 214.8 221.7 231.5 242.7 258.4 274.6 290.5 304.8 316.6 320.4 321 318.9 317.7 317.6 316.8 315.8 314.9 316.3 320.2 324.1 327.4 332.1 335.8 340.4 350.3 358.9 368.9 379 388.6 396.8 399.5 402.2 402.7 401.5 398.3
408.7 409.1 410.1 412 413.1 419.6 426 423.7 420.6 415.6 411.5 409.3 407 403 398.6 395.8 394.9 395.2 392.5 388.4 386.5 384 380.7 377.4 374.4 369.2 363.3 353 333.9 324.6 315.2 294.9 264.9 258.1 235.9 217.1 200.9 196.4 196 197 199.4 202.2 208.9 216.5 224 232.2 242.4 255.2 268.5 282 293.8 303.8 308.6 311.8 310.7 311.5 311.9 312.3 312.4 312.6 316.4 320.6 324.2 328.7 333 337.1 346.4 355.5 365.6 379.9 390.7 399.2 401.9 403.7 404.6 406.6 402.3 396.6
420.5 421.4 425.2 431.2 436.3 442.5 441.4 435.6 432.4 431 433.3 431.6 426.4 419.6 415.3 414.9 406.6 400.9 398.1 394.8 392.9 391.8 393.9 392.2 385.3 379.3 372.1 360.2 338.5 327.3 301.6 283.8 273.4 263.7 255.4 242.7 215.3 200.2 198.1 196.9 200.3 205 211.3 218.6 226.1 233.5 242.9 252 261.8 273.6 284.3 293.3 299.2 303 305.5 306.8 308.5 309.9 309.8 312.3 316.9 321.3 325.7 330.3 335.2 343.7 353 364.5 378 391.8 403.9 411.7 410.6 408.7 406.8 402.9 399.7 395.2
434.8 438.1 446.1 450 455.2 456.8 456.8 458.3 457.5 457.2 456.1 451.2 446.8 440.7 433.6 429.1 421.7 412.6 406.6 402.8 403.9 404.1 408.6 408 405.2 404.3 395.4 377.6 351.8 322.5 301.1 292.8 282.6 273.8 265.5 253.9 229.9 206.5 199.2 197.2 202.3 207.8 213.3 220 226.7 234.8 243 250.3 258.2 267.1 277.2 285.8 291.8 297 301.4 303.8 305.2 306.3 309.8 313.3 318.1 322.5 327.6 332.7 340.5 350.6 361.7 375.5 392.4 408.1 415 418.8 418.4 414.5 408.9 403.7 400.4 397.9
456.8 460.1 464.6 469.6 473.6 475.8 477.1 479 479.1 476.2 471.1 468 464.1 456.8 450 443.2 433.6 424.9 417.9 413 413.5 417 421.3 423.3 423.7 423.6 416.2 393.4 360.4 325.7 301 291.7 279.6 268.5 258.3 245.4 219.7 203.9 199.7 197.3 202.5 208.2 214.1 220.6 226.7 233.9 241.6 248.9 257 265.3 274.4 281.3 287.6 294 296.6 299.8 304.7 306.9 310.1 314.9 319.5 324.6 329.9 337.1 347.5 358 371.4 386.9 403.3 412.6 419.7 421.2 419.9 416.4 413.2 406.6 401.8 399.2
476.7 481.1 485.1 487.4 491 495.8 499.1 499 495.9 490.4 487.3 482.4 475.8 466.7 459.1 448.9 440.4 434 428.2 424.4 421.3 424 428.1 431.3 435.6 435.3 426.3 399 354.2 315.4 290.9 274 258.8 241.6 229.5 217.9 205.9 201.4 198.4 195.8 201.5 207.1 213 220 226.6 232 239.1 246.2 253.5 262 271.5 277.5 283.6 291.9 296.1 300.3 304.8 308.2 312.6 317.2 321.5 327.2 333.8 343.8 354.2 367.9 382.5 395.6 406.7 415.8 422.7 424.5 424 421 415.9 409 404.2 405.2
494.6 498.1 502.1 505.2 509 512.3 514.7 513.6 510 504.8 501.5 495.7 486.9 474.5 463.4 454.7 447.3 439.7 433.5 430.2 430.2 430.5 433.7 437 438.5 432.5 418.5 386 341.9 304.8 280.3 263.5 247.1 227.3 214.3 207.2 204.9 200.4 197.7 194.7 200.4 205.4 211.4 218.5 225.9 231.7 235 241.1 246.4 258.1 267.2 276.3 283.8 290.3 295.4 299.6 304.8 307.9 313.6 319 324.3 330.8 340.1 350 361.8 375 389.2 400.3 410.7 420 427.3 433.5 431.5 429 421.7 414 410.1 411.1
507.9 512.6 517 519.7 521.8 523.4 524.4 523 520.8 517 513 506.9 497.9 486.3 474.1 463.9 455.9 448.1 442.9 439.9 438.8 438.1 439.9 440.7 434 420.9 399.3 361 322.9 292.4 267.4 254.5 240.3 224.5 208.3 204.7 201.3 199.3 195.8 191.6 198.7 203.6 209.4 217.8 224.5 228.2 229.1 238 246.9 257.7 266.1 274.5 280.9 288.1 293.9 299.7 304.1 311.5 316.6 320.7 327.5 336.7 346.3 358.5 370.3 384.1 395.8 403.8 416.5 427.2 433.1 437.7 437.5 433.6 426 417.6 415.9 415.3
516.4 521.6 525.7 527.9 527.2 527.2 527.1 526.8 526 523.9 521.1 515.6 507.5 498.3 486.8 478.3 471.2 465 459.1 454.1 450.4 448.2 449.2 446.1 432.1 399.6 367 345.5 309.3 279.3 261.2 248 234.8 222.5 210.1 201.9 198.5 196.9 194.8 191 196 201.2 207.6 215 218.4 221 230.6 236.7 244.1 252.5 259.8 270 280 286.3 292.5 299.9 306.9 313.8 320.5 323.5 333.6 343 353.2 366.4 381.9 393.4 403 412.8 423 429.2 434.2 439.5 439.3 436.6 425.4 419 418.5 418.8
522.2 527.1 530.2 530.7 528.9 528.2 528.8 528 527.1 523.8 521.6 518.5 513.7 508.6 504.1 497.4 489.4 483.5 477.5 470.9 464.6 462.6 458 447.6 420.7 378.4 349 332.5 299.6 268.9 253.7 240.8 228.4 218.5 208.1 201 195.5 194.5 193.4 190.7 194.3 195.7 202.9 206.4 208.2 217.9 225.8 232.7 239.3 245.9 254.3 266.3 277.9 286.2 293.2 299.7 308.4 317 324.8 331.9 341.4 350.4 361.1 375.2 387.8 401.7 409.9 417.4 423.1 429.3 436 439.8 437.3 432.8 424.5 422.4 425.8 431.7
522.7 527.4 529.1 528.6 527 526.2 523.5 519.3 516.5 514.6 516.1 516.6 518.7 516.6 514.2 509.7 503.9 498.7 493.9 486.6 481.2 473.5 458.6 437.4 400.2 350.8 332.6 320.1 284.8 259.7 241.7 230.8 220 211.1 202.5 195.7 193.2 192.9 192.3 190.2 193.1 194 196 200 202.3 210.5 220.8 226.8 231.8 241.4 247.6 261.7 274.2 282.7 292.4 300.2 310.5 320.3 330.9 339.4 349.1 358.2 368.5 379.6 392.4 401.8 413.2 421.9 424.5 430.6 438.4 438.5 433.8 426.9 424.6 428.1 437.7 446.1
515.6 518.7 519.3 519.6 518 513.9 508.6 504.3 501.8 501.3 501.7 505.8 512.4 514.8 514.2 511.1 508.3 505.9 496.6 487.6 484.7 464.6 445.9 420 377.8 327.9 317.4 301.2 273.9 254.3 235 219.3 209.7 201.7 194.5 191.8 192.1 191.9 191.7 190 192.6 192.8 193.7 195.5 196.6 203.8 213.3 220.1 227.8 234 241.8 254.7 266.3 278.4 288.8 299.1 311.6 322.9 335.8 347.3 357 367.1 373.4 380.1 389.6 399.4 409.1 418.1 425 429.2 433.6 434.9 430.7 426.3 425.3 430.9 439.8 447.2
501.8 504.5 502.9 499.4 494.5 490.9 488.5 485.9 486 483.3 483.9 486.2 490.8 494.5 496.7 492.4 485.5 482.4 475.8 462.6 446.3 432 408.3 381.2 335.6 299.5 285.7 279 262.1 245.3 226.4 207.1 197.4 191.1 189.9 190.5 191.3 191.2 191 190.6 192 192 191.7 193.6 194.4 195.6 204.1 209.9 219.7 228.3 236.2 245 258.3 270.4 282.2 295.7 312.2 324.6 340.5 358.7 364.9 376.1 384.4 388.5 391 395.8 406.1 415.8 423.8 428.4 431.8 429.9 426.8 425.6 425.3 427.3 435.4 439.2
485.3 487.6 487.7 485.1 481 478.8 477.3 475.2 472 466.8 463.9 462.1 460.9 461.1 459.8 455.7 448.1 442.3 432.5 418.4 398.7 384.4 358.3 341.8 308.4 272.6 256.8 247.1 240.3 229.9 214.3 198.6 190.9 189.8 189.2 189.7 190.6 190.5 190.4 189.7 190.7 191.6 191.8 192.1 191.4 192.5 193.8 201.1 212.1 220.5 227.7 236.7 247.2 261.5 274.8 294.4 314.9 329.1 343.6 356.9 367.3 377 386.5 389.5 393.5 395.7 403 415.7 422.1 423.5 424 424.5 425 424.5 423.9 423.9 428.6 429
467.6 467.4 469.5 469.5 469.3 468.7 468 463.7 456.5 449.5 437.3 431.6 426.4 423.8 423.3 420.1 410.4 397.5 386.8 373.7 358.1 338.9 320.6 291.9 268.5 249.4 233.5 228.1 223.1 215 202.9 191.5 189.7 189.2 189.2 189.8 190.3 190.4 190.3 189.7 191.2 191 191 190.4 190.2 190.2 189.8 191.6 201.7 211.4 221.8 223.9 235.1 250.1 265.3 293 316.8 333.2 346.6 358.3 369 377.6 383.3 388 392.2 395.7 404.5 414.7 416.2 416.8 421.4 424.6 426.6 423.1 421.1 420.3 422.4 424.6
452.6 449.6 451.4 453.8 451.7 450.6 448.9 443 436.4 427.9 417.4 408.3 403.4 397.3 389.6 381.3 368.7 355 340.9 334.3 323.2 303.9 276.2 254.9 240.8 225 216 214.5 210.2 202.6 195.6 190.4 189.8 189.4 189.2 189.7 190.1 190.2 190 190 190.2 189.9 190 189.2 189.2 189.2 189.2 189.2 189.2 202.1 208.6 215.1 223.4 235.4 253.6 281.2 312.6 337.2 349 358 370.3 378.4 384.6 389.5 396.4 402.2 405.3 407.4 410.1 415.6 422.4 429.2 429.6 424.4 418.2 415.9 416.2 416.7
442.5 439.9 435.6 434.3 430.1 427.8 422.7 417.3 412.3 405 397.6 391.9 386 377.3 365.1 350.9 334.1 321.3 307.6 292.8 271.8 254.5 244.2 232.6 221.3 210.5 205.3 205.3 203.8 198.2 194.7 190.7 189.2 189.2 189.2 189.8 189.9 190 189.9 189.9 189.4 189.2 189.2 189.2 189.2 189.2 189.2 189.2 189.2 190.2 198.1 205.4 212.9 223 236.6 260.7 292.9 328.3 348.8 359.4 375.7 387.6 387.1 393.2 403.1 409.9 408.8 409.7 413.4 417.4 424 428.1 427.3 418.9 413 410.8 409.3 410.8
435.9 433 424.3 417.8 411.3 397.5 392.6 390.5 388 381.7 377.1 370.3 361.5 348.8 335.4 320.3 304 290.2 276.4 263.3 247.4 231.3 221.2 210.9 206.7 203.1 196.2 193.9 193 193.1 190.9 189.2 189.2 189.2 189.2 189.2 189.2 189.9 189.2 189.9 189.2 189.2 189.2 189.2 189.2 189.2 189.2 189.2 189.2 189.2 189.2 194.7 202.4 211.9 218.7 239.5 266.5 298.6 335.1 353.1 373.9 376.5 382.8 394.6 402.1 407.4 409.5 411.7 417.8 423.2 425.8 424 419.7 413.3 408.5 405.9 404 402.3
430.6 425.7 416.1 404.4 390 374.8 368.7 361.5 360.5 358.9 354.7 344 332 319.8 306.8 292.5 274.5 262.5 250 238.4 225 214.1 203.3 202.3 198 196.2 194.7 193.5 191.9 191.8 190.6 189.2 189.2 189.2 189.2 189.2 189.2 189.2 189.2 189.2 189.2 189.2 189.2 189.2 189.2 189.2 189.2 189.2 189.2 189.2 189.2 189.2 189.2 196.8 203.9 218.6 242.8 271.2 304.7 327.7 350 361.3 378.1 387.5 397.1 404.4 407.4 412.8 419.3 421.4 421.7 418.8 414.9 408.1 405.1 402.6 398.4 396.5
421.6 416.6 400 385.3 367.6 351.6 344.4 338.1 332.4 326.4 321.3 310.9 301.8 289.9 278.9 267.4 254.5 243 230.6 221 211.3 203 200.3 199.5 198 196.6 194.7 193.7 191.7 190.3 189.7 189.2 189.2 189.2 189.2 189.2 189.2 189.2 189.2 189.2 189.2 189.2 189.2 189.2 189.2 189.2 189.2 189.2 189.2 189.2 189.2 189.2 189.2 189.2 189.2 202.1 219.6 242.1 266.8 287.3 312.1 330.6 351.8 373.4 393 399.2 403.4 408.1 412.9 415.7 414.3 418.4 415.2 408.4 403.9 399 395.1 389.8
414.8 399.9 381.4 369 352.8 346.8 334.5 319.2 308.7 299.8 293.5 286.8 279.5 270.8 259.2 248.4 237 226.4 216.3 209.4 205.4 203.5 201.5 199.8 198.2 196.8 195.5 192 192.7 191.4 189.3 189.2 189.2 189.2 189.2 189.2 189.2 189.2 189.2 189.2 189.2 189.2 189.2 189.2 189.2 189.2 189.2 189.2 189.2 189.2 189.2 189.2 189.2 189.2 189.2 189.2 202.4 219.2 240.5 259.1 278.3 297 319.2 342.5 362.5 384.1 399.2 397.8 399.7 402.9 409.3 417.7 415.8 411.6 410.3 402.5 397.2 389.7
404.5 384.5 370.2 366.2 367.4 357.3 349.2 338.7 324.2 307.1 295.2 277.6 264.4 253.7 244.4 236.8 229.2 221.3 216.2 212 208.7 205.5 202.4 200.4 199.4 199.8 201.2 199.8 195 192.1 189.7 189.2 189.2 189.2 189.2 189.2 189.2 189.2 189.2 189.2 189.2 189.2 189.2 189.2 189.2 189.2 189.2 189.2 189.2 189.2 189.2 189.2 189.2 189.2 189.2 189.2 189.2 199.3 216.3 233.1 247.7 269 285.8 304 324.1 367.2 367.6 377.8 381.1 386 396.1 404.6 406.1 413.3 413.5 407.1 398.9 390.8
403.1 400.7 396.2 391.3 382.3 367.8 353.8 343.2 332.8 317.5 303.4 291.9 278.2 265.7 250.9 240.4 232 225.5 220.1 216.1 217.3 221.6 224.1 224.4 228.5 230.6 229.5 226.5 223.5 217.9 209.6 198.2 191.1 189.2 189.2 189.2 189.2 189.2 189.2 189.2 189.2 189.2 189.2 189.2 189.2 189.2 189.2 189.2 189.2 189.2 189.2 189.2 189.2 189.2 189.2 189.2 189.2 189.2 192.6 208.2 223.7 239.9 255 273.4 293.5 316.7 332.4 345.2 353.1 366.1 376.6 388.9 399.2 409 410.3 407.5 398.9 390.3
421.1 419.7 413.4 404.5 395.8 383.9 370.7 358.7 347.6 333.5 321.2 306.6 293.3 281.8 267.6 253.8 244.7 235.2 236.2 239.2 247.1 252.1 255 255.7 256.3 257.8 256.5 254.2 250.7 245.5 237.5 227.6 217.2 204.8 194.5 192 189.2 189.2 189.2 189.2 189.2 189.2 189.2 189.2 189.2 189.2 189.2 189.2 189.2 189.2 189.2 189.2 189.2 189.2 189.2 189.2 189.2 189.2 189.2 189.2 199.7 215 228.6 245.6 261.9 282.7 300.3 316.9 335.6 347.7 360.4 372.8 391.2 405.5 407.2 403.8 396 387.4
439.8 438 430.8 421.8 414 402.2 389 377.6 365.8 355.4 344.5 328.5 315.8 300.8 287.9 276.5 270.2 258 268.5 270.7 276.4 279.9 282.1 282.3 283.2 285.5 285.5 282.3 278.1 273.2 266.4 255.5 243.5 230.4 218.8 207.8 197.3 192.6 189.2 189.2 189.2 189.2 189.2 189.2 189.2 189.2 189.2 189.2 189.2 189.2 189.2 189.2 189.2 189.2 189.2 189.2 189.2 189.2 189.2 189.2 189.2 194.3 209.5 221.9 237.3 253.9 275.5 295.2 315.1 329.7 339.2 352.3 380.9 396.1 396.7 392.9 390.2 383.7
453.7 450 442.6 433.4 422.7 412.6 405.1 398 389.3 377.8 363.3 351.2 337.3 325.2 316.2 306.1 299.6 293.7 295 300.2 303.9 307.7 308.5 309.6 309.8 313.6 314.6 310.2 306 301 293.1 281.6 270.1 255.6 237.3 221.3 207.3 197.2 189.2 189.2 189.2 189.2 189.2 189.2 189.2 189.2 189.2 189.2 189.2 189.2 189.2 189.2 189.2 189.2 189.2 189.2 189.2 189.2 189.2 189.2 189.2 189.2 190.2 204 217.5 230.8 248.2 274.1 296.9 308.5 317.4 338.6 362 374.5 377.3 381.4 376.9 373
461.9 455.4 448.8 441.4 431.4 421.6 414.8 409.2 401.2 389.7 375.8 364.8 354.2 347 335.4 327.5 322 321.5 320.7 328.9 332 332.5 333.1 335.5 340.4 341.2 341.4 338.8 334 328.8 317.8 308.1 293.5 278.9 260.7 241.6 226.4 212.2 194.9 189.2 189.2 189.2 189.2 189.2 189.2 189.2 189.2 189.2 189.2 189.2 189.2 189.2 189.2 189.2 189.2 189.2 189.2 189.2 189.2 189.2 189.2 189.2 189.2 189.2 197.5 209.7 222.4 246.7 270.5 283 303.8 319.9 334.7 346 359.5 360.1 360.6 361.6
