Assets/StreamingAssets/GeoData/Data/nh/NH58.asc
ncols 200
nrows 200
xllcorner 250000
yllcorner 880000
cellsize 50
[rows 0 to 34 of 200, columns 78 to 155 of 200]
148.5 147.5 146.3 145.1 143.8 141.9 140.2 139.2 138.6 138 137.3 136 134.6 135 134.8 135.1 134.3 133.3 131.9 130.7 129.1 128.4 127.3 125.6 124 122.7 120.3 118.8 117.2 115.7 114.1 112.3 110.5 108.6 107.2 104.7 104.2 102 100 97.9 96 94.1 92.3 90.4 88.7 86.6 85.1 83.7 82.4 80.5 79.2 78 75.7 75.1 70.5 73.8 74.2 74 73.6 72.4 72 71.6 71.2 70.7 71 70.5 70.9 71.4 71.4 71.3 72.1 71.3 72.2 73.2 74.4 74.7 78.1 81.1
150.6 151.7 150.9 148.1 146.4 145.2 143.7 141.5 139.8 138.7 137.7 136.8 135.9 135.5 135.2 134.6 133.9 133.2 132.5 131.8 131.4 130.3 129.3 127.4 126.7 125.1 123.7 122.4 120.7 119 117.2 115.5 113.8 112.2 110.6 108.5 107.8 106.1 104.3 102.8 100.2 98.7 97 94.8 92.7 91.7 89.5 88.9 86.7 85.2 83.7 82.6 79.7 77.4 75.7 77.8 77.3 76.7 75.9 75 74.8 74.3 73.8 73.2 72.7 72.5 72.3 72.8 72.6 73 72.7 72.7 73.4 74.6 74.9 77.8 81 82.8
149 148 147.4 146.6 145.9 146.1 144.5 143.2 142.9 141.2 138.9 137.8 136.9 136.7 135.8 134.5 134.1 132.9 132.1 131.6 131.3 130.3 129.7 128.6 127.8 127.2 125.6 124.2 123.2 121.7 119.8 118.4 116.8 115.2 113.6 111.8 110.9 109.6 107.9 106.1 104.8 102.5 100.5 98.5 96.9 96 93.8 93.3 91.9 89.8 88.4 85.8 85.4 82.6 80 81.4 80 79.5 78.7 78.2 77.6 76.9 76.2 75.4 74.9 75.4 74.9 74.4 75 74.9 75.1 75.2 75.7 77.1 77.9 79.7 81.9 83.1
154 153.7 152.4 150.3 148.1 147.2 145.6 144.4 142.7 141.3 140.3 139.9 139.3 138.4 136.7 135.6 134.7 134 133.5 132.5 131.9 131.2 130.6 130.1 129.5 128.6 127.3 126.6 125.2 123.6 122.6 121.3 119.7 118.2 116.3 114.3 113.1 111.9 110.9 109.5 107.8 106 104.2 102.8 101.6 100.5 98.8 97.1 95.6 93.4 92.7 90.7 87.5 88.3 87.9 86.6 84.6 83.4 81.5 80.8 80.1 79.2 78.3 77.6 77.2 76.7 76.7 75.8 76.5 76 76.3 77.7 78.4 78.7 80.8 82.6 83.7 85.8
158.9 157 154.3 152 150.4 149.4 148.2 147 145.7 143.5 142.8 141.4 140 139.5 138.7 136.9 136.1 135.3 134.9 134.4 133.9 133.4 133 132.4 131.8 130.8 129.8 128.9 127.3 125.8 125 123.7 122.1 120.5 118.6 117.7 116.7 114.9 114 112.5 111 109.3 107.8 107.1 106.3 104.4 102 99.7 98.2 98.1 95.3 92.8 93.4 86.3 90.9 90.4 88.5 86.8 85.3 83.5 82.6 81.7 80.8 80 79.7 78.9 78.4 78.1 78.2 79.6 79.5 80 79.8 80.7 81.2 82.9 84.2 86.8
164.6 162.9 160.1 156.9 155.3 154 152 150.2 148.5 146.9 145.8 144.2 143.2 141.4 140.4 139.2 138.5 137.9 137.7 137.5 137.2 136.7 136.4 136.1 135.4 134.7 133 131.3 129.2 128.6 127.6 126.2 124.5 123.1 121.9 121.5 119.7 118.4 117 115.4 113.8 112 110.8 110.2 109.5 107.7 105.7 103.8 102.5 100.9 97.4 97.5 95 94.8 94.6 93.5 92.2 89.8 89.7 87.2 86.3 85.5 84.1 82.6 82.3 81.4 81.1 80.2 80.7 79.9 80.2 80.5 80.7 80.9 81.6 83.9 86.3 87.9
170.7 166.8 162.5 159.2 159.2 159.2 159.3 159.5 159.2 157.2 154.6 151.3 148.3 146 144.4 142.5 142.4 141.7 141.6 142.1 142.5 142.7 142.4 142.1 141.4 140.4 139.2 137.6 135.8 133.6 131.4 129.1 127.8 126.6 125.1 123.8 122.3 120.9 119.6 118.2 116.6 115.5 114.3 113.2 111.9 110.4 108.6 107.3 106.1 103.7 103.1 101.9 100.2 98.5 97.6 97 94.2 94.3 92.8 90.5 90.2 89.2 87.7 88.4 86.1 84.1 83.1 82.4 81.2 81.2 81.2 82.2 81.7 82.2 82.6 83.3 85.3 88.5
176.5 172.4 168.5 169 171.1 170.9 168.3 171.6 169.6 165.6 162.3 158.6 155.3 152.3 150.1 149.3 148.5 147.3 146.8 148.2 147.4 147.1 147.3 147.2 146.4 145.6 144.7 143.1 141.6 138.6 137.7 135 134 132.6 130.1 128.5 126.3 124.9 122.9 121.2 120 119 117.3 116.2 114.5 112.8 111 109.5 107.9 107 106.2 105 103.5 102.6 101.1 99.9 97.8 96.5 94.7 94.3 93 93 90.4 90.5 89.2 89.1 86.3 84.9 84.6 84.7 83.9 83.1 84.4 85.5 85.2 85.2 87.3 89
187.6 186.3 187.7 189.7 189.1 186.9 184.9 184.5 181.3 176 171.1 168.6 165.1 161.9 159.9 158.5 158.5 160.8 165.2 164.2 161 156.6 154.1 153 151.7 150.9 150 148.6 147.1 145.7 144.5 142.2 139.9 138 135 132.9 131.8 128.8 127.8 125 123.4 122 119.9 119.1 117.5 115.7 114 111.2 110.2 109.9 107.5 104 106.2 105.1 103.7 101.5 100.8 99.6 98 97.2 95.9 96 93.2 92.9 91.9 90.1 88.9 89.7 88.9 88.1 87.4 87.1 86.4 86.5 87.8 87.2 87.7 89
210.6 214.1 216.4 217.2 217.4 216 215.5 213.7 208.3 202 194.8 194.3 188.7 183.2 179.5 179.7 179.3 181.1 182.7 181.1 179.4 176.1 172.3 167.5 164.5 162.3 160.9 158.7 156.1 152.8 151.2 149 146.2 143.5 140.6 138.2 136.5 134.6 131.6 130 128 125.8 123.5 122.1 120.7 119 116.7 114.3 113.3 113 110 107.6 109.1 107.2 106.1 105.2 104.1 103.5 102.1 100.2 98 96.9 96.4 95.7 94.7 94.5 94.5 94 93.9 93.7 92.7 90.4 89 88.1 88.8 88.8 89 89.3
239.4 241.4 243.4 244.5 243.7 242 239.5 236.6 233.1 228.8 221.7 214.9 209.7 203.9 198.2 196 193.7 192 191.6 190.8 189.5 187.7 185.3 182.3 179 177.7 174.3 170.6 166.6 162.9 159.5 155.4 152.8 150.3 146.5 144.3 142.2 140.2 138.4 134.9 132.5 130.3 127.9 126.5 124.4 122.4 119.4 117.7 116.6 114.6 111.5 113.1 111.9 110.1 108.6 107.5 106.7 105 103.6 101.4 100.8 100.6 101.3 100.7 100.5 100 98.1 100.8 100 98.2 96.4 94 92.4 91 90.6 90.5 90.5 90.4
257.8 258.3 259.7 260.5 259 257.9 255.1 252.7 248.6 244.3 239.9 234.7 230.1 225 219.8 214.7 209.7 207 203.5 203.4 201.5 198.1 193.3 190.4 190.3 188 183.9 180.1 176.3 172.4 169.1 162.9 159 155.9 153.3 149.7 147.3 144.8 142 139.4 136.8 134.7 133.2 131.2 129.3 127.4 123.7 122.7 120.3 118.3 117.4 116.9 114.3 114.2 112.3 110.6 108.9 108.2 108.1 105.3 109.2 110.1 108.9 107.5 107.9 106.3 108 106.2 102.2 100.7 100.3 99.1 98 97.3 95.8 93.4 92.8 92.9
272.1 270.9 270.5 268.8 267.8 266.4 264.3 261.2 257.4 253.1 250.4 246.2 241.2 236.4 231.5 225.4 220.6 219.6 217.9 216.1 212 206.8 203.8 201 196.6 192.1 187.2 184.8 182.4 179.2 176 172.1 167.6 161.9 157.7 155.1 152.9 150.2 147 144 142 140.1 137.9 135.9 134.1 130.5 129.7 128.2 125.9 123.2 122.4 119.9 120.5 118 117.3 117.8 117.4 116.6 114 114.4 118.4 117.7 116.2 117 116.4 116.8 117.2 114 111.6 110.7 108.8 106.2 104.3 102 99.1 98.1 96.6 96.7
284 283 283.1 281.5 278.7 274 270.2 265.8 265 262.2 257 251.8 248.1 242.9 238.1 232.6 231.6 233.1 231.6 225.4 219.7 212.1 206.5 200.9 195.9 193.1 190.1 190.2 187.7 183 178.2 176 173.1 169.1 165.1 160.6 156.4 153.8 151 148.6 145.4 143.3 141.4 139.6 137.4 135.7 134.4 132.8 129.8 125.3 125.8 126.2 125.4 124.2 125.4 124 124.2 125.3 121.8 123 125.3 124.7 122.8 124.3 124 124.3 122.6 120.6 120.3 121.9 119.6 116.2 114.6 112 109.3 106.1 103.6 100.6
298.9 296.9 295.5 294.3 292 288.7 285 281.6 277.8 274 271.1 266.3 260.9 256.1 248.8 250 248.6 244.7 240.5 235 228.2 221.8 216 211.6 210.5 214.2 212.4 208.2 203.4 197.6 190 181 174.8 171.9 168.8 165.9 162.3 157.9 155.2 152.1 149.2 146.6 144.8 142.8 139.9 139.3 138.8 135.9 131 133.1 131.2 131.1 130.2 128.3 129.3 129.6 129.3 127.4 127.1 127.8 128 131.4 128.8 130.9 132.1 130.2 129.4 129.8 127.2 128.6 126.4 124.4 122.5 121.5 118.4 114.7 110.7 105.8
307.7 304.6 303 300.7 298.6 296.6 292.2 289.3 288.5 285.9 282.8 276.3 269 264.3 263.4 262.1 258.7 257 251.6 244.9 233.7 229.8 228.9 237.4 236.1 232.3 228.2 221.3 215 206.4 198.6 191.8 183 176.6 169.9 166.3 164 161.9 159 155.5 152.1 149.2 147.5 145.5 142.9 142.1 139.8 138.8 136.4 136.7 135.9 134.8 134 132 132.9 132.2 132.4 132.2 131.2 130.7 132.8 135.5 134.5 136.8 134 135.1 139.7 134.9 133.7 133 132.5 131.6 130.1 128.5 125.6 122.6 118.7 115
317.9 311.8 308.9 306.6 303.7 301 299 295.1 290.5 288 285.8 281.3 279.4 276.1 272.5 267.8 263.4 260.9 253.5 242.8 243.5 249.9 252.2 249.9 250 246.1 240 232.5 223.3 214.3 207.5 198.2 190.3 184.1 177 169.8 165.9 163.6 161 158 155.4 152.7 149.6 147 145.6 143.4 142 141 138.9 138 139 137.4 136.7 135.7 135.9 134.9 135.9 134 134.3 135.1 136 137.6 137.4 138.3 138.8 139.5 139.8 140.8 140.3 142.7 144 143.2 138.9 134.1 131.8 129.1 126.8 123.9
323.3 316.9 312.4 314.2 315.4 309.9 303.7 298.8 293.5 293 296 294.2 290.2 282.8 274.4 266.4 260.5 254.5 250.2 247.3 246.5 252.1 257.7 256.5 252.6 248.6 242.3 234.9 228.4 220.3 212.2 204.7 197.3 189.1 183.2 175.6 170.6 166.3 162.5 159.1 156.3 154.3 151.5 149.8 147.5 144.9 143.2 140.8 141 141 141 140.1 139.4 138.8 138.6 138.6 137 136.5 137.7 137.7 139.2 139.7 140.9 142.9 143.6 144.8 146.2 149 151.2 151.7 150.7 147.4 141.2 139.4 136.9 135.4 133.9 131.7
336.7 330.3 327.3 323.6 322.2 319.4 313.2 308.2 300.2 296.6 295.9 294.5 289.9 285 279.2 273.3 263.7 259.3 257.2 251.9 249 249.7 248.5 248.4 246.3 245.1 243.5 238 232.2 224.5 217.3 209.9 204.2 194.9 187.8 179.8 174.4 169.7 165.3 162 158.1 155.4 154.1 151.3 148.6 143.1 144.9 143.6 143.5 144.7 145.1 143.7 141.7 142 140.7 141.4 139.7 139.4 139.6 144 141.6 141.6 141.6 144.5 147.7 148.5 148.6 151.2 155.3 152.4 148.3 145.7 145.3 143.8 141.9 140.6 139.3 137.3
352.4 343.3 335.1 329 323.4 317.1 311.8 307.1 302.1 297.9 294.6 290.8 286.9 282.6 275.5 270.9 266.7 261.6 256.5 252.9 250.2 249 248.3 246.8 245.1 243.5 239.2 234.5 230.9 226 220.6 217.5 209.4 199.3 193 186.2 178.8 172.5 167.8 164.3 160.5 157.7 156.6 153.2 150.2 148.6 148.1 147.7 149.1 150.5 148.7 146.5 145.6 146.7 143.6 142.7 142.1 141.8 141.7 144.3 141.6 141.6 144 149.6 150.8 149.1 148.1 151.1 149.2 148.6 147.5 147.8 147.3 147 146.7 145.7 144.3 141.7
362.6 353.1 343.5 334 324.9 318 313.3 309.3 304.5 299 295.5 293.7 291.6 284.6 278 273.2 269.2 265 261.8 257.1 253.3 251 248.8 245.7 242.3 240.3 235.6 231.7 226.7 222.1 222.2 213.1 207.9 202.3 194.8 190.3 183.3 176.7 170.2 165.7 158.8 159.4 157.7 155.7 154.8 155.1 157 155.7 153.1 150.5 149.7 148.9 148.4 147.8 147.2 145.8 145.3 144.3 143.7 142.9 141.6 141.6 144.4 147.9 147.1 147.7 147.7 147.6 148.2 148.3 148.1 148.4 148.6 148.3 147.8 147.7 146.7 145.1
366.2 357.8 347.9 337.7 328.2 320.4 314.2 309.8 304.1 299.6 296.5 292 290.1 287.8 282.7 277.2 273.5 267.9 262.5 258.4 255.1 251.8 250 247.2 241.5 236.4 232.2 228.9 223.8 219.2 214.4 210.7 205.5 199.4 195.3 190.1 185.3 177.8 172 170.3 168.1 164.7 162 160.6 162.4 160.3 157.7 157.3 155.7 153.2 152.3 151.4 151.5 150.5 149.1 147.6 146.9 145.9 145.5 144.4 143.4 143.9 145.7 145.9 146 146.5 146.9 146.7 147.4 147.7 148.1 148.4 149.1 148.9 148.1 147.6 146.9 146.1
357.9 350.9 344.1 336.1 327.8 321.5 315.5 310.2 304.7 300.2 297.7 293.2 290.5 287.6 284.2 279.2 273.9 269.8 264.8 261.4 255.6 246.5 244.6 241.6 238.5 233.1 228.9 225.6 223.6 219.9 215 210.2 202.9 193.9 191.9 188.5 182.9 175.7 171.6 174.2 170.9 173.1 167.9 165.8 165.2 162.4 160.2 158.5 157.8 156.6 156.2 155.3 154 153 151.8 150.4 149.1 147.2 146.1 144.7 145.4 144.7 144.9 144.4 144.9 145.3 145.7 146.2 147 147.4 147.7 148 147.9 147.9 147.9 147.4 146.7 145.7
351 343.1 334.6 327.2 321.5 316.4 313.8 309.7 306 302.5 301 295.7 291.9 288.2 284.8 278.5 274.1 268.5 262.6 260.1 260.3 255.2 249.7 245.2 242.9 242.1 237.1 229.1 224 216.9 208.8 208.9 206.6 202.5 195.9 191.9 187.3 182.9 180.2 179.6 177.7 177 174.1 171.2 168.1 166 164.6 162.9 164.5 162.2 161.1 160.4 161 159.7 158.2 155.6 152.5 150.7 152.3 155.9 156.6 151.7 148.7 146.8 145.6 145.1 145.6 146.5 147.5 148.1 148.1 147.6 147.1 147.2 146.7 146.5 146.8 148.5
350.8 343.3 332.6 322.7 316.5 314.2 312 309.1 306.3 303.1 300.3 296.7 291.6 284.7 282.7 277.3 275 274.3 273.1 269.7 266.1 262.8 258.2 254.3 248.8 245.2 240 235.1 233.5 225.7 221 216.5 210.9 204 198.4 193.6 189.4 186.6 183.8 185.4 181.3 179.6 177 174.5 171.5 170 169.4 168.1 168.9 168.5 167 167.6 168 165.8 162.5 162.7 162 162.9 164.2 163.8 157.7 154.5 153.1 152.4 151.4 149.2 148.8 150 150.8 151.7 151.6 150.5 148.6 146.2 145.4 144.7 145.2 148.1
346.7 337.6 328.6 321.4 316.8 314.7 313.2 310.1 306.8 302.6 299.3 296.4 293.3 294 292.1 288.9 284.6 280.9 277.7 274.4 270.7 267.3 263 257.2 254.4 248.5 244.8 237.8 235.5 230.7 226.9 222.9 216.5 211.5 205.4 199.5 196.9 193.5 192.2 191.9 190.7 187.2 184 180.6 179.9 181.4 180.5 178.8 181.1 175.9 173.6 174.9 175 172 175.6 180.3 179 178.3 174 171.5 175 174.2 174.5 174.7 170.3 163.2 158.6 155.5 156 156.9 156.7 155.6 152.9 149.8 145.1 141.9 141.6 144
341.2 331.7 321.9 318.3 315.3 311.9 308.9 307.9 310.1 308.6 307.4 303 300 299.9 299 294.4 290.9 286.7 281.8 277.6 274.2 271 268.3 262.9 257.9 252.9 247.3 241.1 237.1 235.4 230.9 228 224.3 219.4 213.7 211.6 208.2 200.6 203.8 198.4 196.3 194 193 191.3 193.5 192.8 191.1 188.3 187.5 188.2 190.2 189 186.3 182 188.6 190.4 187.4 186.2 184.8 186.1 187.4 185 181.1 178.4 173.9 170.3 167.5 165.4 164 163 162.8 161.1 158.8 157.4 151.9 145.6 139.4 137.6
337.8 326.8 319.5 316.9 313.3 310.6 315.4 316.1 314.7 314.6 313.6 312.4 308.8 303.9 301.4 299.5 295.8 292.3 286.4 281.7 278.3 275 271.2 267 263.4 257.4 251.5 247.4 244.5 240.9 238.2 233.8 231.1 227.5 222 218.7 217.8 211.8 209.1 205.7 209 207.7 205.5 202.9 203.4 201.9 199.9 196.1 192.9 193.3 196.1 197.3 197.1 196.8 196.3 196.3 197.7 197.8 197.9 195.8 194.4 193.9 191.8 185.7 180.9 178.7 175.9 172.3 169.2 169.2 168.9 167.3 162.6 158.1 155.9 151.3 145.6 139.7
337.9 332.3 327.2 319.5 317.1 318.2 320.9 318.9 317.7 320 318.4 316.3 315.5 314.5 310.3 302.6 297.1 293.9 290.5 285.3 282.7 277.9 274.7 270.7 265.9 260.7 255.7 254.1 250 248.8 247 241.7 236.6 231.7 229.6 229.8 223.2 223.8 224 223.4 220.9 216.9 215.8 214.4 214.4 209.6 207.6 203.9 205.2 207.7 208.6 206.2 206.6 203.3 201.3 204 205.4 206.2 204 202.7 200 197.8 195.7 192.5 190.4 190.8 187 182.3 177.8 175.6 172.8 171.6 167.5 162.2 156.4 153.4 150.8 145.6
340.3 334.7 329.9 325.7 325.8 325.2 324.5 324.7 325.6 325.9 326.4 325.5 323.1 320.5 316.8 311.4 306.1 300.2 293.3 290.7 286.3 282.2 277.7 274.2 270.5 264.8 262.9 261.4 256.7 253.9 252 246.2 243.3 237.7 237.9 237.3 232.5 237.7 237.4 237.7 235.3 233.5 231.8 229.3 226.6 224.2 221.7 218 217.3 218.9 217.5 216.6 213.1 210.2 209.2 208.7 211.7 212.5 209 210.9 210 207.9 204.8 202.4 199.8 198.3 194.8 190.6 186 182.3 178.3 174.7 171.3 167 161 155.1 152.9 148.7
345.3 339.2 338.1 337.5 337.7 338.3 340.5 341.1 339.8 339.5 337.5 334.2 331.4 327.3 323.2 317.3 312 307.4 301 294.2 289.3 283.9 280 276.7 274.7 271.5 268.4 265.5 260.9 260.2 256.8 250.8 247.2 245.1 243.1 239 237.8 243.7 244.2 246 246 246.6 244.2 241.5 238.3 235.9 234.3 232.1 230.7 228.6 226.8 226.2 221.9 218.8 218.4 217.2 215.6 215.4 216.8 223.2 225.3 219.5 215.2 212.2 212.1 208.2 204.4 199.2 193.8 188.5 184.6 179.8 175.2 170.7 165 159.9 155.7 152
353.3 353 353.7 356.3 355.9 353.1 354.1 356.6 353.8 354.3 351.6 353.1 346.2 337.2 331.4 325.2 318.1 311.9 307 300.3 294 288.8 284.2 281.2 278.3 275.3 272.3 268.7 265 261.6 257.7 254.6 252.2 248.2 245.3 244 248.6 249.2 250.9 253 254.7 255 253.7 251.9 249.5 246.5 245.9 244.9 243.7 243.4 235.8 231.5 228.8 227.3 227.5 224.8 223.8 224.9 228.8 231.7 234 241.8 240.9 231.9 229.1 222.2 215.4 209.4 202.7 195.7 190.7 185.3 179.6 173.7 168.1 163.6 158.9 154.7
366.2 364.1 364.6 366.8 367.2 368.3 367.9 367.1 367.3 369.5 365.6 361.9 354.9 348.5 342.3 334.8 325.6 317.9 313.4 307.4 301.3 296.5 291.6 286.6 284.4 280.8 275.9 272.2 268.1 263.7 260.5 258 254 251.9 251 252.1 247.2 253.9 256.6 258.9 260.7 261.9 262.5 262.5 261.6 258.6 257.4 256 249.7 247.4 243.4 239.6 238.5 236.2 235.2 236.5 239.4 238.6 239.3 238.7 238.3 240.4 251.3 251.8 243.2 236.8 228.1 224.5 215.9 206.5 199.5 191.7 184.1 176.3 171.1 166.2 160.8 155.9
378.9 376.3 373.7 373.7 374.7 375.2 378.1 380.3 380.6 379.4 374.3 368.8 363.8 356.5 352 346.3 337.1 327.7 319.4 311.3 305.5 300.6 296.9 292.8 289.1 287 285.9 282.8 274 267.1 262.3 259.9 256.5 255.7 254.6 251.1 252.1 254.9 259.2 265.1 267.8 270.2 270.8 270.7 270.4 269.9 266.7 262.1 257.6 252.6 251 251.9 253.5 250.9 247.4 247.5 248.9 248.9 244.8 242.9 240.4 238.9 240 242.7 242.2 243.2 241.1 234.9 226.7 215.5 207 198.8 190.6 181.1 173.9 168 161.5 155.5
382.3 381.7 382 382.3 383.4 384.6 386.7 388.5 387.1 383.9 378.8 373.5 368.9 360.4 352.5 347.4 341.6 332.5 324.6 315.7 308.2 303.1 299.5 296.7 292.8 289.5 288.1 286 280.3 273 266.9 261.7 258.5 256.2 253.6 251.7 252 254.7 259.7 267.7 273.1 279.7 279.4 277.7 275.9 274.1 273 270.4 265.3 261.7 261 262.6 263.2 264.4 267.4 265 261.8 253.9 251.1 248.8 243.3 236.9 234.2 231.5 230.9 231.3 232.6 230.7 226 216.1 205.5 195.8 189 183.1 176 168.6 162.1 154.1
