Assets/StreamingAssets/GeoData/Data/nh/NH67.asc
ncols 200
nrows 200
xllcorner 260000
yllcorner 870000
cellsize 50
[rows 0 to 34 of 200, columns 0 to 77 of 200]
667.8 670.4 672.2 673 672 669 666.2 662 657.3 652.6 647.3 641.1 632.7 623.8 612.9 600.9 588.5 575.2 571 562.1 553.6 546 541.8 536.6 530.5 525.3 519 512.4 507 501.2 495 487.4 473.5 475.6 478.7 479.4 478.2 475.2 469.2 461.9 450.7 439.2 428.9 417.1 404.7 393.3 381.3 368.1 357.7 350.8 346.2 342.5 338.9 332.3 330.5 334.8 341.8 347.3 352 357.2 362.7 366.9 369.8 371 371.5 371.1 370.3 368.5 367.9 366.6 366 365.1 364.3 364.1 364 368.3 372.7 372.6
670.7 672.4 674.1 673.5 672.1 669.4 666.9 663.4 658.3 653.7 648.1 642.1 635.2 627 616.7 604.2 593.5 588.9 581.9 573 563.1 554.9 547.6 542.2 537 531.1 523.2 516.3 510.5 503.8 496 487.5 475.7 458.3 467.5 469.2 468.5 465.1 458.3 449 436.6 426.1 416.1 405.2 392.8 380.7 368.3 357.1 351 346.9 342.7 339.8 336.1 331.5 327.6 330.7 334.1 340.5 346.9 352.2 358.1 363.2 366.7 370.1 371 371.4 370.7 369.1 366.6 363.8 363.8 362.8 362.7 362.2 361.8 364.7 367.1 367.1
674.8 676.4 677.2 676.3 674.3 671.1 668 664.2 659.4 653.8 649 644.1 638 630.4 620.4 610.8 606 599.7 591.6 582.2 571.7 562.2 554.5 548.7 541.8 533.7 525.8 519.6 512.7 504 494.5 485 471.2 447.7 455.3 457.2 455.9 451.9 445.2 435.7 422.2 411.3 402.3 391.3 379.2 367.9 356 349.6 346.9 343.1 340.1 337.5 333.8 329.9 325.3 327.5 330.1 334.9 341.7 348.9 354.7 360.3 364.8 369.2 371.4 371.7 371.3 369.6 365.9 363.6 359.8 360 360.7 360.6 360 359.1 359.7 360
676.9 678.7 679.3 678.1 675.3 672.7 669.6 665.6 661.1 655.8 650.7 645.8 640.9 633.1 624.6 619.8 614.1 607.3 599.4 589.7 579.8 569 560.5 552.8 544.4 535.7 528.6 521.5 513.1 503.1 492.1 480.6 468.5 450.5 435.1 439.7 441.3 438 431.3 420.5 409.1 397.2 388.4 378.6 369.7 359 350.7 347.6 343.9 340.3 338.2 335.1 331.7 327.9 323.3 322.5 326.3 330.7 338.2 345.7 351.9 357.5 363.6 368.2 371.4 372.6 372.4 370.6 367.7 364.6 362 359.4 358.2 358.6 357.4 355.3 353.2 352.4
676.9 678.6 679 677.2 674.1 671.5 668.6 665.5 661.3 656.5 651.7 647.4 642.7 636.8 632 626.1 620.2 614.1 605.9 596.2 585.7 574.3 565.8 555.5 547.3 539 532 522.9 513.8 502.7 492.6 482.7 472 459.1 443.4 425.5 424.4 422.4 416.3 405.8 394.7 384.8 375.7 368.3 359.9 350.3 347.1 345.8 342.1 339.5 336.3 332.7 329.5 327.4 323.8 320 321.8 326.9 334 341.3 348.7 355.2 362.7 368.4 371.6 373.4 373.5 371.6 368.8 366.6 363.5 360.4 357.3 352.9 353.6 351.1 348.3 344.9
674.9 676.1 676.4 674.8 671.7 669 666.8 664.1 661.3 657.5 653.5 650.1 646.3 642.3 637.4 631.9 625.4 619.1 611.1 602.1 592 580.2 568.8 557.2 549.1 539.6 530.8 524.4 519.2 510.4 499.8 489.6 477.7 465.5 453.7 438.9 418.5 400 399.8 392.5 381.8 373.4 365.4 357.3 349.9 347 344.5 342.4 340.2 337.2 334.6 331.3 328.4 326.3 324.4 320.5 317.5 322.9 329.6 339.7 346.9 353.6 360.2 366.3 370.9 372.5 373 371.6 369.5 367.7 365 361.8 358.6 355.4 350.7 346.5 341.5 337.7
671.8 673.1 672.9 671.3 668.4 665.8 663.9 661.8 661.3 658.5 656.7 655.3 651.9 647.4 642.2 636.5 630.1 623.8 615.9 606.5 594.9 583.2 570.9 559.5 549.7 541.3 537.8 531.8 524.8 515.9 504.8 494 484.2 475.2 464.9 452.1 435.1 418.3 401.2 386.3 376.8 364.6 363.4 354.3 349.9 344.5 338.9 339.7 337.7 335 333.2 330.4 327.4 325.4 323.7 319.9 316.4 319.8 326.7 335.8 342.9 348.8 356.2 364.3 368.6 371 371.8 371.1 370 368.6 366.3 364 361.5 358.1 354.6 350.9 345.6 338.1
667.7 669.1 668.3 666.8 663.4 662.3 660.6 659.5 659.8 659.4 661.9 660.8 657.4 652.3 646.9 640.7 634.1 627.5 620.6 611.6 600.6 587.1 575.5 563.7 556 551.2 544.6 536.9 527.8 519.4 509.1 500.1 492.5 483 473.8 461 445.4 428.7 408.1 392.1 380.3 370.7 362.9 357.4 352.1 347.6 341.9 338.5 333.3 331.6 330.7 329.1 326.7 323.9 320.3 317.9 313.2 315.9 321.3 329.9 337.3 344.1 351.8 358.7 365 368.9 370.6 370.7 370.8 370.2 369.2 367.2 364.7 361.4 357.9 353.4 346.6 339.3
662.7 663.8 663.5 661.7 658.1 658.4 657.9 659.5 659.5 663 666.7 666.1 663.1 657.7 651.5 645.4 638.7 632.5 625.4 616.5 604.8 592.1 582 574.2 566.6 559.2 550.8 541.4 532.3 524 516.4 509.2 500.1 489.8 478.4 464.1 446.2 429 408.9 390.7 377.7 368.4 359.7 353.6 349.6 345.8 342.6 339.3 335.6 330.5 327.9 330.4 328.1 325.8 321.6 319.5 313.8 311.1 315.2 323.2 330.1 337.1 344.5 352.4 359.3 364.5 368.3 370.8 372 371.8 371.3 370.2 367.7 364.4 360.3 354.1 346.3 338.9
657.2 658.6 658.3 657 654.4 654.4 655.7 657.3 660.5 666 671.1 672 668.6 663.5 656.8 650.4 643.6 637.6 630.2 620.8 611.5 600.4 589.9 581.5 573.4 564 555 545.7 537.4 530.2 523.8 515.9 505.5 493.9 480.6 463.6 443.9 424 404.3 388.4 377.2 367.8 360.1 355.8 351.9 347.6 343 338.7 334.5 336.7 336.1 334.1 331.4 328.9 326.1 322.6 318.6 313 310.5 316.9 322.2 328.7 335.7 345.1 352.9 359.2 365.5 370.1 372.5 372.1 370.7 370.8 369 365.5 360.9 353.6 345.1 336.9
652.3 653.4 653.4 652.6 651.2 651.7 653.3 656.1 661.2 668.6 674.2 676.2 674.6 670 663.1 655.7 649.5 643.7 637.3 628 618.8 609.1 599.2 589.3 580.2 569.7 560.3 551.5 543.5 536.9 529.5 518.9 508.3 496.8 480.9 459.9 438.8 418.5 399.9 387.9 377.4 368.2 362.9 358.2 353.9 347.4 342.4 344.2 345.3 342.7 340.8 337.7 333.5 330.3 327.2 324 320.2 316.1 307.3 309.8 315.4 319.7 328.1 337.1 345.8 353.6 360.6 366.3 368.6 369.3 368.8 367.8 366.8 363.4 359.1 351.7 342.9 334.6
647.1 647.3 647.7 647.8 646.8 647.8 651.2 656.3 662.9 669.6 676.6 679.9 679.2 676.5 669.6 662.4 656.1 650.7 644.6 637 627.9 618.2 608.3 597.9 587.5 576.6 567.3 558.6 550.6 542 531.9 520.4 509.3 496.5 474.9 450 429.5 412.1 397.5 385.8 376.8 368.2 363.5 358.1 350.4 351 353.2 354.9 353.3 348.8 345.8 342 336.6 332.9 329.8 326.7 323 318.5 312.4 305.9 311.2 316.2 320.8 329 337.7 346.9 353.5 359.7 362.5 363.1 364.2 363.5 362.7 360.7 356.5 349 340.5 332.7
640 640.7 641.7 640.7 641.8 644.9 650.1 657.5 664 671.6 678.9 684.3 685.6 683.6 676.1 669.3 663.3 657.6 651.8 645.1 636.5 627.2 616.4 605.9 595.7 585.3 575 565.5 556.6 545.8 533.8 522.2 509.3 490 465.2 442.7 422.4 405.7 393.5 383.2 376.6 369.6 362.3 358.6 358.2 361.1 363.2 364.3 362.1 354.8 349.8 346.3 342.2 340.3 335.5 331 325.8 321.3 317.2 312 303.9 311.2 314.2 319.1 328.2 338.1 345.6 352 355.3 356.7 358.2 359.2 358.4 356.7 352.9 346.1 338.4 331
632.3 632.8 634.5 634.9 637.4 642.4 650.2 657 664.8 672.7 680.9 687.4 690.7 689.3 682.1 674.4 668.3 662.6 657.2 651.2 643.1 634.2 623.8 613.4 604.1 593.3 582.3 571.9 561 548.9 536.6 522.8 504.2 479.1 455.2 433.3 413.6 397.3 389.2 382.5 375 373.2 369.1 366.5 369.5 373.9 376 375.7 371.2 362.4 356.6 352.6 350.8 347.3 340.9 334.5 329 323.9 319.7 314.8 303.8 303.6 308.9 313.7 317.8 328.8 338.2 344.6 347.9 351 352.5 353.9 354.3 352.4 348 341.5 334.3 328.4
625 625.4 627.5 629 634.6 642.6 649.1 656.7 664.9 673.2 681.7 688.5 691.6 690.6 684.6 677.4 669.8 663.8 659.4 654.3 647.3 639.2 629.4 619.8 610 599.2 587.7 575.7 563 550.6 536.9 519.7 497.6 472.8 448.4 425.8 410.9 400.8 389.9 385.6 381 377.4 376.5 379.1 383.8 387.1 388.2 387 380.2 370.6 364.4 362.1 358.8 352.9 344.8 341.4 331.1 326.5 322.1 318.9 315 301.1 301.6 309.9 313.4 318.9 329.5 336.9 341.2 344.9 346.7 347.8 347.9 346.3 342.3 336.6 330.4 325.2
616.6 618 620.3 623 634.6 641.6 648.2 655.9 664.6 672.2 680.1 686.7 689.3 687.4 681.3 675.2 667.3 661.5 656.6 652.8 646.4 639.1 630.3 621.2 611.3 600 587.6 574.5 560.6 547.2 530.2 511.5 490.8 466 440.1 420 408.1 400.5 396.1 391.8 390.9 389.1 390.2 393.3 396.8 396.4 396.1 392.9 386.3 379.9 375 372 351.4 347.4 350.1 341.9 333.7 328.2 323.6 320.1 316.5 311.4 299.9 303.9 308.1 311.7 319.1 328.7 335.6 339.6 341.2 342.4 342.2 340.6 337.6 333.7 329 323.9
607.7 609.1 610.5 623.2 632.9 640.7 647.4 654.8 662.7 670 675 680.6 682.1 679.8 674.6 669.5 662.7 655.8 650.3 646.7 640.2 632.8 624.8 616.5 606.9 595.1 582.7 569.1 551.2 533 517.3 500.4 482.9 459.4 435.1 423.6 421.1 414 410.7 409.7 405.9 406.2 405.6 405.6 404.8 404.1 401.6 396.4 391.1 387.8 382.9 375.8 355.8 353.7 354.7 344 333.8 327.3 322.5 318.6 314.6 310.7 299.1 295.5 302.9 305.9 313.1 320.8 326.3 333.7 337.1 338.2 338 336.5 334.8 331.6 327.8 322.9
591.9 602.7 615 626.5 634.5 640.8 646.3 652.7 658.8 665.7 669.2 671.9 672.2 670.4 665.3 659.8 653.3 648 642.2 636.9 629.9 623.6 615.3 607.6 597.8 585.9 572.8 555.5 536.1 520.6 506.9 492.8 476.1 456.2 450.7 443.7 436.8 432.4 430.1 427.6 424.6 422.6 419.4 414.6 410.8 408.8 404.4 399 395.8 393.5 389.5 384.8 367 369 359.5 346.1 336 326.9 319.6 315.9 312.8 309.2 304.2 293.5 301.4 301.3 305.6 314.6 317.9 329 333.3 333.9 333.7 333.3 332.5 329.7 326.7 322.3
599.3 609 619.5 628.9 635.6 641 645.7 650.2 654.7 658.7 661 661.5 659.5 658.9 655 649.4 643.9 638.2 632.4 626.9 621 614.3 606.9 598.7 588.6 576.7 561.6 545.3 528.4 514.3 500.7 482.1 476.5 474 469.1 460.7 453.8 449.7 447 444.1 439.3 433 426.8 421.2 415.1 409.9 404.3 400.3 397.4 396.3 395.2 392.5 382.4 373.5 362.5 348.9 338.5 327.3 318.7 312.3 310.8 307.3 302.7 292.5 296.3 300 302.2 308 318.5 325.5 329.7 330 329.5 329.8 329.8 328.4 325.6 321.3
598.4 609.4 621 630.1 636.3 639.8 643.1 646.3 649.6 652.1 653.2 654.5 654 652.6 647.9 642.9 636.1 629.7 624.3 619.1 613.9 606.2 598.4 590.4 580.4 566 550.7 536.8 522.2 509 501.8 497.8 494.7 490.9 484.6 477.2 470.1 465.9 461.5 455.7 447.4 438.3 430.7 423.2 415.2 407.6 401.9 398.4 395.7 395.7 395.3 391.8 385 375.2 362.8 350.7 339.4 329.5 321.1 313.4 307.1 305.4 300.7 290.2 294.6 298.9 299.7 303.8 314 321.8 326 326.2 325.8 326 326.6 326 323.5 319.4
593.9 604 619.4 629.6 634.7 637.2 638.9 640.4 643.4 645.9 647.5 647.9 648.2 647.2 642.3 636.7 630.6 624.4 617.6 612 606 598.3 591.9 583.5 572.7 556.5 540.9 529.9 526.9 522.8 518.4 514.9 510.9 505.8 500.2 493.4 485.8 478.7 471.3 462.8 452.3 441.1 430.3 421.7 412.8 404 397.8 392.4 391.3 391.1 391 389 382.5 372.2 361.1 350.6 342.9 332.1 324.5 316.1 306.9 303.5 300.1 289.4 293.3 297.7 298.2 301 310.3 318.8 322.3 322.3 322.2 322.3 322.4 322 321.1 317.7
585.3 596.3 612.8 625 631 632.3 632.6 633.8 635.9 638.6 640.7 641.8 642.6 641.6 636.9 630.8 623.6 617.3 610.9 604.2 597.7 591.1 584.5 575.1 563.5 555.7 552.1 545.6 543.5 539.2 535 530.5 526.5 521.8 515.5 507.8 499.2 489.5 478.8 467 454 440.9 428.5 417.6 407.6 399.1 392.2 387.5 386.1 384.9 385 383.6 377.1 367.5 359.4 353.7 343.6 334.4 325.2 314.1 306.6 303.4 299.6 290.2 286.6 294.5 296.1 299.5 306.5 313.7 317 318 318.5 317.9 317.5 317.6 317 315
571.6 583.3 599.2 614.5 622.1 623.7 624.5 625.2 627.3 630.8 633.6 636.6 638.1 636.4 630.9 624.3 617.2 609.4 601.8 595.6 591.8 587.6 582.3 575.6 572.2 568.6 565.2 560.2 557.3 555.2 552.1 547.6 543.2 538.1 530.6 520.9 509.7 497.1 484.4 468.8 453.3 437.9 424.8 413.9 403 392.8 385.8 382.1 380.4 378.3 377.4 375.2 372.6 366.1 358.9 352.4 342.2 331.5 320.5 314.2 307.2 301.2 298.2 295.2 285.4 289.4 293.2 297.6 301.1 307.9 310.4 312.9 313.3 312.9 312.6 313.1 312.8 310.9
554.4 566 581 597.1 606.5 609.2 611.4 613.9 617.9 622.6 626.8 630.3 632.6 629.8 624.3 616.8 607.9 597.3 590.5 588.2 588 586.5 585.6 584.4 582.2 578.8 576.2 575.8 574.6 571.9 568.4 564.7 559.6 551.8 544.8 533 518.8 503.4 487.2 469.1 451.4 435.1 421.2 409 398.8 389.8 382.4 376.7 376.5 374 371 368.9 366.7 362.4 357.4 347.8 337.9 329.2 314.5 306.4 302.3 298.4 294.7 293.9 282.7 284.3 289.1 293.7 296.9 300.3 303.6 305.8 305.5 307 306.1 306.4 307.2 305.6
535.4 546.1 560.6 575.7 587 590.5 593.2 600.6 609.3 613.6 619.6 623.3 626.3 622.3 616 607.5 596.9 585.2 582 583.7 586.1 590.2 592.5 593 592.9 591.7 591.3 591.5 591.2 589.2 587.4 582.1 573.6 564.5 555.3 541 524.6 507.6 488 467.8 450 434.5 420.1 407.2 394.4 385.6 379.1 372.4 369.7 368.1 365.2 362.6 360 356.4 351.2 342.3 335 328.8 319.5 314.3 309.4 301.4 295.9 292.2 286.5 280.1 283.3 288.6 291.8 294.1 296 297.8 298.1 298.9 299.5 298.2 299.1 299
517.1 524.6 538.6 553.3 563.4 566.9 573.7 590.3 600.5 606.8 610.1 615.1 618.1 613.2 605.7 596.9 583.4 572.5 570.3 577.7 585.8 594.2 598.7 601.7 601.9 602.9 604.2 606.1 606.6 607.2 604.3 597.6 585.9 574.8 561.5 546.2 527.6 508 488.4 468 450 433.9 418.9 404.6 392.2 384.1 375 367.6 362.2 360.2 358.4 355.1 353.3 350 343.2 342 336.2 330.7 323.7 317.8 311.9 302.6 296.4 292.1 290.4 283.8 277.3 281.6 286.8 288.5 288.9 289.9 292 291.9 290.4 289.8 290.7 290.7
501.5 505 517.4 530.5 537.3 550.1 568.3 583.9 594.1 598.8 600.3 603.5 605.4 601.3 593.5 583.8 569.3 558.5 559.5 571.4 583.4 595.8 603.7 608.6 610.7 614 617.8 619.5 620.9 621.2 617 607 594.9 581.5 564.6 546.1 525.9 506.5 486.6 466.7 448.5 432.6 417.1 401.1 390.4 382.7 373 365.7 359.6 355.3 353.7 351.7 348.3 349.5 348.7 342.9 337.1 331.6 325.2 318 312 302.3 295.4 292.2 290 287.7 284.5 275.3 282.2 283.8 282.1 282.8 283.2 283.2 282.7 282.1 283.3 285
489.2 492.1 498 508.6 522 543.6 559.5 576 586.1 590.6 590.9 591.2 591.2 586.1 577 563.6 552.6 543 551.3 566.5 580.3 594.6 605.5 613.1 618.8 624.5 628.3 629.6 630.9 629 622.5 610.3 599.6 583.7 562.5 540.1 521.4 502.1 481.2 462.6 445.8 431 415.7 398.4 388.3 377 367.4 362.7 358.7 355.7 353.1 352.3 351.6 352.2 348.9 343.7 338.4 331.9 325.3 317 309.2 297.9 293.4 291.4 289.4 287.3 285.3 279.8 275.2 280.8 277.8 278.8 278 277.4 275.8 276.1 276.4 278.2
492.5 481.1 484.3 491.6 509.5 529.2 546.9 563.2 576.2 581.1 581.3 579.8 576.8 569.3 554.8 543.9 535.3 527.3 543.6 563.2 578.7 594 606.1 615.7 624.2 631.6 635.5 635.8 632.5 626.2 618.9 610.1 598.7 579.5 554.5 534.6 515 495.5 477.6 458 442.8 428.6 412.6 399 384.7 371.8 366 362.3 359.5 358 354.5 351.9 352 352.2 349.8 345 339.8 332.8 324.6 315.5 301.2 296.2 292.4 289.4 287.5 286.7 284.8 281.8 271 268.1 270.3 271 270.1 268.4 269.4 269.3 269 271.8
497.4 484.1 473.4 479.1 493.8 513.6 531.7 549.1 562.9 569.6 569.4 566.9 561.6 550.6 535.6 526.6 518.5 518.5 540.7 560.9 578.2 591.9 604.7 616.4 626.3 633.5 634.7 633.1 626.2 620.6 614.4 606.8 592 573.2 550.3 529.4 509.6 491 472.6 453.5 438.3 423.5 410.4 396.6 382 370.5 366.3 362.5 358.6 354.1 351.7 349 349.3 349.8 347.5 343.6 337.9 331.2 323.8 314.5 306.6 297.8 291.8 288.2 286 285.5 283.9 282.2 280.1 269.4 268 267.5 265.4 264.6 264.6 263.8 263.4 265.3
498.2 482.7 475.3 467.4 478 496.7 516.1 534.7 548.1 556 555.4 553.7 546.7 533.5 519.6 511 502.7 517.5 540.2 560.3 577 590.7 601.9 611.6 621 624.5 625.3 622.3 618.2 615 609.8 601 586.2 569.1 547.9 526.3 505.1 487.7 469.4 450.4 432.4 417.7 405.3 390.9 379.7 371.8 366.7 362.5 358.3 352.9 347.4 344.9 344.6 345.8 344.3 341 335.1 329.8 324.9 316.9 308.2 298.3 291.9 288.3 285.9 284.5 283.9 283.1 282.3 282.2 265.5 264 264.2 261.8 260.8 256.6 257.7 258.4
495.6 479.6 472.3 464.2 467.3 480.5 498 517.1 530.4 537.6 538.3 535.9 528.4 516.6 505.3 497.4 491.7 515.3 537.2 556.3 572.8 585.5 595.3 602.3 608.8 611.9 612.6 611.4 609.9 608.8 604.5 594.2 581.3 566.2 546.4 521.8 501.6 486 469.1 451.2 428.7 414.2 399.4 387.3 378.6 371.9 366.5 362.8 358.3 351.5 344.3 339.4 338.7 339.1 338.8 336.6 333.4 328.8 323.4 316.4 308.1 297.5 292.3 288 286.6 284.8 283.6 282.5 282 282 281.5 275.7 268.3 262.5 261.7 262 258.2 255.1
491.2 477.5 470.8 465 459.8 465.9 480.6 497 509.7 516.2 518.3 515.8 508.2 500.4 491.1 483.1 488.7 510.6 530.5 547.3 562.2 574.6 583.9 590.6 596 598.6 599.9 599.9 601.1 601.4 596.1 585.9 574.5 558.4 539.2 517.2 500.4 485.3 468.6 452.1 430.7 415.6 398.5 384.7 376.2 369.9 365.1 363.1 357.6 350.3 343.4 338.4 333.2 331.2 331.8 332.3 330.5 325.9 320.3 313.8 305.5 296.2 291.3 287.6 286.1 285 283.3 282.1 278.6 277.4 280.1 273 271.8 269.1 266.7 265.8 263.6 261.1
490.5 477.8 469.4 463 455.7 457.1 464.7 477.7 488.4 494.3 495.8 494.3 487.5 481.4 474.9 468.9 485.7 504.6 521.9 538.2 549.7 559.7 569.9 576.8 582 584.9 587 587.9 589.9 593 589.2 579.9 566.4 551 532 513.3 499.5 484.8 469.1 450.2 434.6 419.1 400.1 388.4 375.9 367.3 361.8 358.1 352.3 345.2 339.1 334.6 329.2 326 325.9 326.9 324.8 321.4 316.5 310.3 303.1 295.9 291.6 288.5 287.3 286 283.9 282.1 281.4 280.3 278 276.6 274.4 273.2 271.1 267.8 265.3 263.8
494.4 480.9 470.3 461.1 454.7 449.3 452.7 458.8 467.7 473.7 476.5 475.6 470.8 466.2 460.5 461.5 479.7 495.2 509.6 522.5 533.3 541.6 551.7 559.1 563.8 566.9 571.3 572.1 576.3 582.2 581.1 571.9 558.4 543.2 525.7 511 497.6 484.1 469.3 452.9 436.8 417.6 406.4 393.4 379.5 367.7 362 358.2 353.5 345.5 336.9 329.6 326.8 323.6 321.1 320.1 318 314.1 310.8 306.7 300.9 295.9 292.5 289.6 287.8 287.2 285.3 284 284.2 283.9 282.2 279.8 278.5 276.6 273.3 272 271.1 267.4
