Assets/StreamingAssets/GeoData/Data/nh/NH70.asc
ncols 200
nrows 200
xllcorner 270000
yllcorner 800000
cellsize 50
[rows 35 to 69 of 200, columns 78 to 155 of 200]
754.5 764 772.9 780.6 786.5 787 778.5 766.5 756.1 742.8 734.1 726.8 717.8 708 698.6 697.9 691.9 696 692.5 687.5 686.3 689.4 690.5 689.8 676.3 662.9 652.1 635.5 627.4 627.6 626.4 622 620.2 625.3 625.9 623.4 622.7 623.2 627.4 631.2 638.1 648.4 650.1 656.2 656.9 656.1 662.4 657.6 650.7 646 641 645.2 646.8 650.2 657.2 661.7 665.1 666.3 664.7 663.3 662.2 667.8 675.7 681.5 688.7 697.1 707.6 711.2 713.9 714.4 713 718 713.5 709.2 701.1 686.8 680.5 675.8
753 764.3 775.5 784.5 788.9 787.3 781.1 770.5 757.6 747.8 739.1 732 722.5 712.1 703.1 700.9 699.5 700 697.2 694.1 696.8 697.6 701.8 698.4 681.6 664.6 649.4 632.3 624.7 624.7 624.9 621.1 626.8 629.3 629.9 627.7 626.9 629.7 632.2 635 641.5 649.5 653.4 660.2 661.6 662.8 665.5 659.2 653 648.9 644.3 645.7 648.3 652.6 656.7 658.6 664 664.8 663.6 663.6 664.3 670.3 675 683.2 690.5 698 708.3 712.2 713.7 713.8 709.6 711.3 709.1 702.2 690.1 678.4 672 667.1
753.1 765.6 776.5 783.1 786.4 785.1 779.5 770.2 759.4 750.5 741.1 733 724.7 713.8 707 703 703.3 703.4 702.9 702.6 703.9 705.2 709.8 701.8 685.9 665.7 648.1 629.6 619.7 621.2 620.8 622.2 629.1 633.9 635.1 631.4 631.4 634.5 636.4 637.7 644 650.7 654.9 667 666.8 667.7 669.2 660.3 654.5 649.6 644.9 648 650.4 654.1 656.7 657.6 660.7 662.5 663.6 665.1 666.1 672.3 676.4 681.8 691.2 698.2 710.3 712.5 711.6 709.3 703.6 700.5 697.6 686.5 678.5 667.8 662.1 657.8
751.2 765 774.5 782 786.1 784.7 777.9 770.2 761.1 752.5 743.2 733.8 725.8 716.2 710.7 709.6 710.9 707.9 713.1 712.2 711.9 711.3 715.8 706.3 689.7 666.9 646.2 628 615.2 616.4 618 624.1 632.1 637.9 639.5 635.6 635.9 638.7 638.9 640.9 647 652.6 660.6 671.7 671.2 673.3 670.7 659.9 656.7 650.2 648.8 650.5 651.7 655.6 655.9 656.4 658.2 658.8 662.7 665.3 667.7 675.5 682.1 681.2 688.1 699.2 710 705.8 704.4 699.1 696.5 691.2 683.5 675 665.8 657.3 652.5 649
748.5 763.2 772.6 780.4 784.5 785.2 777 769.1 761.2 753.2 744.4 734.9 728.9 720.7 718.5 716.1 714.5 715.5 718.4 721.1 719.7 718 714.5 708.3 692.9 670.3 644.9 624.8 611.5 612 613.9 624.7 633.7 640.9 642.4 639.6 639.6 641.3 641.4 645.3 651.8 656.8 661.7 674.2 675.5 677.5 671.3 661.5 657.5 650.3 650.4 652.2 651.8 654.3 655.3 656.4 657.5 660.6 663.1 664.8 669.9 676.5 685 682 688.9 699.1 702.4 696.5 693.3 692.3 687.3 680.7 672.4 664.5 654.2 646.9 642.5 638.4
747.3 762.4 772.5 781.2 784.5 782.7 776.9 770.4 761.7 752.9 745.3 736.7 732.2 727.7 723.9 718.4 719.5 721.2 722.7 728.3 729.6 725.6 719.4 711.2 695.5 672.2 643.1 623.5 608.8 608 610.3 621.3 634.7 642.7 646.3 643.3 641.9 644.1 646.2 651.5 658.8 664.9 668.6 677.1 679.2 682.1 670.2 663.8 658.8 652.4 647.9 651.6 653.4 654.5 654.7 655.4 656.7 660 662.7 663.9 671.1 677.1 685.2 680.5 688.6 694.9 692 687.6 683.6 680.9 674.4 668.6 660.8 653.6 643.3 636 630.5 626.9
747.7 764.1 775.1 781.5 785.6 784.1 779.2 770 761.3 752.9 745.9 739.5 734.5 731.5 726.8 723.1 724.5 725.5 726.1 732.1 732.3 728.9 723.3 713.6 698.1 673.3 642 621.1 607.3 606.6 608.7 619.5 636.5 644 648.7 646.3 645.6 650.4 651.8 658.9 666.9 673.4 677.2 682.9 684.1 684.9 671.1 668 661.7 654.7 650.3 649.1 650.1 652.1 653.3 653.4 657 661.2 662 664.4 669.5 676.4 684.4 677.6 683.6 684.7 681.9 677.6 671.9 668.7 663.5 656.8 651.6 643.3 633.8 624.2 617.8 613
748.5 763.1 775.6 783.2 786.9 785.7 780.5 771.8 763.8 754.9 748.7 744.1 739.1 734.7 731.4 729.1 730.1 732.8 734.8 734.7 736.1 730.2 723.7 710.9 693 669.4 639.6 618 605.1 605.6 607.7 617.2 634.5 646.6 651.5 650 652 657.7 659.2 667.7 675.8 681.3 683.3 692.9 689.1 683.5 676.6 671.2 664.8 657.1 653.1 649.1 648.5 648.8 651.1 652.8 658.2 661.5 661 662.9 668.7 674.9 675.1 672.6 675.1 674.9 670.9 663.9 659.6 656.2 651 646.1 641.2 632.3 623.1 613 606.9 602
748.4 762.6 776.2 784.3 787.9 786.9 783 776.1 769 759.6 752.7 748.8 745.1 737.8 734.7 735.4 739.3 742 741.2 738.1 736 728.7 719.7 708.1 687.8 663.9 636.2 613.5 604.7 604.1 606.6 616.5 636.4 648 655.6 656.1 658 665.1 666.8 676.4 684.5 688.4 690.9 699.3 691.2 682.5 681.7 671.8 666.5 658.7 654.5 650.1 649.8 650.3 651.3 652.5 658.2 660.7 660.6 661.3 665.3 669.5 666.2 666.1 666.7 664.4 656.9 649.5 646.6 642.6 639.4 635.9 629.9 621.9 613.4 604.7 599.8 593.6
748.4 764.8 777 785.7 789.1 788.8 785.4 780.7 772.4 764 756.7 755 752 742.6 742.1 744.3 747.5 748.6 746.4 737.8 729.8 721.8 712.2 701.9 681.5 657.6 629.9 608.6 603.6 603.6 606.3 618.3 634.3 648.6 658 661 667.3 673 675.7 687.3 697 696.2 698.3 700.6 692.1 686.7 685 674.7 667.8 660.5 655.4 651.7 651.8 652.4 652.2 653.4 658.7 661 659.4 658.7 660.4 660.3 657.4 657 656.1 650.2 643 637.8 635.8 631.6 628.4 624.9 621.1 612.7 604.5 597.8 592.4 588.3
748.8 763.6 777 786.7 790.6 791 788 782.5 775.9 768.9 762.6 759.8 755.1 749.2 751.5 752.4 752.2 751.4 744.5 732.4 721.8 712.9 703.6 692.3 672.2 648.6 621.8 605.7 603.6 603.3 608.1 620.2 634.8 649.9 661.2 665.8 675 680.6 683.9 699.3 706.3 702.6 704.8 702.5 692.1 690 687.1 676 668.3 662 656.4 655.6 655.2 654.4 654 656.1 663.5 663.5 660.3 656.8 653 650.7 649.3 647.3 643.8 637.8 630.9 626.4 624.1 621.1 618.6 615.1 611 603.6 595.1 589.4 585.9 583.4
751.5 763.5 777.8 788.5 794.1 795.4 792.1 787.5 781.3 774.5 769.3 763.4 759.3 756.1 758.1 755 754.2 749.6 739.7 726.5 714.3 703.5 693.5 680.3 659.4 641.6 614.8 605.6 602.7 604.3 610 621.7 640.6 652.9 664.4 669.6 677.4 681.7 691.1 701.5 707.3 707.4 709.7 704.4 693.1 690.1 684.6 672.8 669.1 661.8 656.6 660.5 658.9 656.5 657.6 661.4 665.5 666.2 662.7 654 647.6 645.1 642.1 638.5 633.4 626.3 618.9 614 613 611.5 608.6 604.8 600.8 593.8 587.5 582.5 579.4 577.3
753.9 765.3 779.3 790.5 797.5 799.7 796.5 792.3 786.8 779.5 773.9 767.3 764.3 760.8 758.8 756.2 754.6 744.5 732.9 718.6 706.2 695.4 685.5 671.1 652.3 631.1 611.3 604.7 602.5 604.9 612.2 624.7 644.4 657.1 666.4 672.2 677.9 682.4 696.1 702.3 706.7 710.2 712.1 706 692.7 685.5 678.9 672.3 668.6 661.2 660.8 663.5 661.6 659.9 661.6 664.8 667.3 668.6 663.9 653.1 642.3 639.1 634.3 628.5 622.7 615.6 607.5 602.4 601 601.2 597.3 593.4 590.3 584.9 579.9 575.1 572.3 571.9
757.3 767.5 780.4 791.9 800 802.2 799.6 796 791.3 786.4 777.9 769.5 768.9 763.7 758.1 753.9 745.6 735 723.6 711.3 699.4 688.5 677.5 663.3 645.1 625.4 608.7 604.1 602.8 605.5 614.3 627.4 647.2 658.8 666.3 671.8 677.6 683.5 699 703.8 707.7 713.3 713.2 707 691.5 685.1 681.4 676.1 667.6 664 665.8 665.7 663.8 662.6 664.1 667.5 668.6 668.8 661.5 649 636.1 631.9 626.4 618.8 612.4 605.6 597.8 594.8 590.9 589.2 585.7 582.8 579.5 574.7 569.7 566.7 566.3 566.4
760.1 770.6 781.9 792.1 800.4 802.2 801.4 796.7 792.6 789.7 779.8 771 767 762.4 754.8 749.2 739.8 727.4 715.8 703.2 692 681.2 669.2 656 639.3 622.5 607 603.5 603.7 606.6 616.9 629 645.8 656 663.1 668.6 674.7 683.7 695.6 701.9 706.7 713 712.2 706 693.6 685.9 684.3 677.6 668.7 665.2 667.8 668 664.4 662.6 665.8 669.1 667.7 664.3 655.1 642.4 629.5 625.9 619.4 611.2 604.9 597 590.1 585.9 582.5 577.7 576.1 573 569.9 564.2 562.5 561.3 561.5 560.9
766.1 775.1 784.5 794.4 801.1 802.1 802.1 798.5 794.2 790.6 779.5 771.7 766.2 759.5 751.6 744.2 731.1 718.3 707.2 695.4 684.5 674.5 662.6 648.1 633.5 620.2 606 602.9 603.6 607.5 617.7 629.6 641.1 649.5 655.6 664.3 672.1 681.5 692.4 697.1 702.5 708.4 709 704.3 692.6 688.2 684.9 676.5 667.4 667.7 668.5 668.8 663.6 663.2 668.2 668.4 663.8 658.9 649.5 636.6 624.5 619.5 614.7 605.8 598.1 590.6 583.9 576.9 571.5 567.1 564.5 563.7 560.8 557.8 556.8 556.3 556.7 559.2
773.3 780.2 789.2 796.6 801.7 802.5 803.2 799.3 794.5 789.5 779.9 773.8 765.4 754.6 746.5 735.9 720.4 709.2 698.5 687.2 677.1 666.6 655.2 642.5 629.1 616.7 604.9 602.8 602.8 608 617.3 626.7 635.9 643.2 650 660.2 668.5 677.1 686.7 691.5 696.4 702.9 703.9 700.2 691.3 687.9 683 672.2 666.1 666.6 666.7 665.1 659.7 662.1 665.2 660.3 657.6 652.8 643.3 630.6 620.5 615.1 609.8 600.7 592.2 585.1 577.2 570.5 563.2 559.3 557.3 554.9 552.2 551.2 550.3 551.6 551.9 556.1
778.8 785.3 793.6 798.5 802.6 804.2 804.9 800.7 797.2 790.4 781.1 772.7 762 750 738.9 724.8 707.9 698.7 689.9 679.2 669.2 658.9 649.2 638.1 625.5 613.6 604.8 602.5 601.1 607.4 615.8 624.1 632.2 638.9 645.7 655.1 663.5 671.7 680.4 684.6 690 694 695.8 695.2 689 683.1 677.3 669.2 663.6 663.6 662.4 658.1 655.1 655.9 656 653.7 651.5 645.8 635.4 624.8 616.5 610.6 602.5 595.2 588 579.1 571.5 563.2 556.5 552.3 550.3 548.3 545.4 545.2 545.3 546.3 549 554.1
785.9 792.2 797.9 801.1 804 805.8 805.6 803.2 798.6 792.5 779.5 769.1 757.1 742.7 727.9 711 699 689.1 682 672.5 662.6 653.4 644.1 634.1 621 611.4 603.8 600.3 599.4 605.3 613.4 621.2 629 636 642.2 650.2 658 664.9 672.1 676.4 682.2 685.2 685.4 685.4 682.9 676 670.7 661.8 659.7 659.4 654.1 651.6 649 649.6 648.4 646.7 644.3 637.7 628.8 619.1 611.5 604.9 596.7 589.7 582.3 574.9 565.6 558.4 552.8 548.5 544.9 542.4 539.5 539.7 539.9 541.6 546.8 551.1
792.7 797.4 802.6 804.9 806.1 808.3 807.5 804.7 799.2 791.1 778 764.7 752.1 733.7 718.2 700.4 689.4 681.3 674 665.5 656.7 648.1 639.5 630.6 618.9 609.9 603.2 600.3 598 603.5 609.2 616.7 624.3 631.1 638.4 645.5 652.2 657.6 663.1 667.5 672.6 673.7 674.1 674.9 673.3 667 662.2 658.4 657.2 653.8 647 642.9 641.3 641.4 641.1 639 635 629.7 621.5 613.1 605.6 598.8 592.2 584.6 577.1 569.7 558.7 552.7 546.3 543.5 539.7 536.5 534.8 534.8 533.3 538.7 543.5 547.5
799.6 803.1 807.9 808.8 808.5 810.2 810.1 806.5 799.4 787.8 775.1 760.9 746.2 726.4 709.2 692.5 683.2 674.8 667.8 659.5 651.5 644.1 636.5 627.1 617.9 608.7 601.6 600 596.5 601.4 605.4 612.8 620.2 626.9 633.2 639.2 645.9 650.9 654.9 657.3 661.2 661.9 664.1 665.5 664.9 661.7 657.8 653.4 652.9 647.3 641.2 637.1 633.7 633.1 632.6 628.9 625.8 621.1 613.7 606 599.9 593.4 586.2 578.7 571.7 565.1 554.4 547.7 542.9 538.7 535.8 532.7 530 529.6 532.6 535.8 539.8 543.2
805.2 809.2 811.8 811.8 811.6 812.8 812.9 809.6 800.8 785.5 773.1 758 739.6 720.5 701.8 688 678.7 670 662.9 654.8 646.7 640.5 633.4 625.2 616.2 606.7 600.9 598 593.8 597.8 600.7 608.4 614.7 621.8 627.8 632.7 637.7 642.5 647.2 649.7 652.4 654.4 655.6 656.8 658.2 655.6 652.5 648.4 646.6 641 636.3 631.9 626.9 626.4 624.3 619.5 615.9 612.1 606.3 599.4 590.8 584.8 580.2 572.3 566.7 557.4 550.6 543.1 539.2 534.9 530.8 528 525.4 526 529.1 532.7 535.8 539.4
810.9 814.6 816.4 818.6 820.4 822.8 819.1 812.5 800.1 785 772.1 754.2 735.4 717 698.6 685.3 674.7 665.3 658.9 650.3 642.9 636.4 629.9 622.2 616.5 606.5 600.6 595.9 592.5 592.9 596.8 603 609.1 614.8 619.9 624 628.8 634.4 639.9 641.5 640.8 642.8 646.7 648.2 650.5 649.6 645.2 641.2 638.3 634.5 630.6 626.1 620 619 614.9 609.9 606.8 603.3 598 589.3 582.3 578.7 573.4 565.3 557.9 551 545.5 538.8 533.9 529.9 526.3 523.8 522.1 524.1 526.3 529.1 532.1 535.7
816.7 820.6 826.1 831.6 830.9 828.5 820.3 810.1 797 785.3 770.2 751.6 731.8 714 697.7 683.7 673.1 663.2 655.7 648.8 639.8 633.1 626.6 619.5 613 604.8 600.7 596.4 591.8 588.6 592.6 597.6 603.1 608.1 611.9 614.8 621.2 627.2 631.1 632 630.5 632.3 635.6 639.6 643.7 642.5 638.4 634.5 633.4 629 623 618.4 611.7 608.8 604.7 600 598.1 595 587.1 581.2 576.3 571.7 563.4 555.7 549.9 546.1 538.5 533.9 529.3 524.3 521.6 519.3 518 520.8 522.5 525.5 527.9 531.6
823.7 830.1 837.1 837.2 833.6 824.5 814.1 805.7 794.3 782.3 767.2 748.4 728.5 711.4 696.3 682.3 671.4 663.8 655.5 646.4 639.7 632 625.9 619.2 609.7 603.3 598.4 594.3 590.2 584.8 589.1 593.1 597.9 601.5 604.5 606.5 613.1 619.5 623 624.8 624.4 626.2 629.8 634.3 638.7 636.9 632.8 629.7 625.2 624.3 613.6 610.7 602.5 597.9 591.3 590.4 587.5 583.8 577.4 574.5 568.6 560.7 554.2 547 543.9 542.6 533.6 529.4 524.8 519.6 517.1 514.9 513.5 516.7 518.7 520.6 523.8 526.6
829.8 838.5 842.2 836.6 828.5 818 808.4 802.5 790.6 779.2 764.2 744.5 726.8 709.5 695.1 681.3 671.5 664.3 656 645.8 638 629.1 623.5 616.3 609.1 604 598.4 593.3 586.5 579.1 584.8 588.6 591.6 594.9 596.6 599.1 606 612.5 615.7 617.3 617.8 620.8 624.9 631.8 634.2 632.1 628.3 623.7 621 616.7 604.3 597.9 592.1 587.2 585.2 583.2 580.1 574.5 571.2 563.8 558.6 550.5 544.9 541.3 538.6 536.3 528.7 526.3 521 516.1 513.3 511.3 509.5 513.1 515.1 517.2 519.6 522.9
835.6 840.9 841.4 833.1 823.8 813.2 804.9 797.2 788.3 775.9 760.5 740.6 725.1 708.8 694.9 682.2 672.5 665.5 655.7 644.2 636.4 627.6 621.5 613.7 608.4 603.4 597.2 590.9 585 578.2 579.4 583.5 586.4 588.3 591.3 592.8 600.2 606.2 608.9 610.4 612.1 616.2 622.7 629.2 630.1 627.8 623.4 620.1 618 610.4 595.8 588.8 584.5 581.3 577.6 574.2 568.3 567.4 561.2 554.2 549 543.9 540.1 538.3 534.7 528.1 525.6 523.4 518.1 512.6 509.2 507.3 506.8 509.7 512 514.2 514.8 519.1
837.1 839.2 835.1 829.5 820.7 810.9 802 792.9 784.5 771 753.8 739.4 724.3 709.8 695.8 682.6 672.2 666.1 654.8 642.9 633.5 626.6 622.5 619.1 609.8 603.8 598.1 590.4 584.2 579.2 576 580.5 582.2 583.5 585.4 587.5 593.9 601 602.7 604.1 607.2 612.7 621.3 626 627 624.3 621 618.2 614.5 601.4 587.7 583.2 581.5 576.3 570.4 565.9 564.1 559.3 551.8 544.9 541.1 538.1 534.3 534.3 531.1 527.3 523.4 520.1 514.3 509.3 506.3 503.3 503.9 506.7 509.4 511.3 511.7 515.3
829.7 830.2 828.1 824.2 817.7 809 799.9 789.1 779.1 765.6 753.5 737.9 722.9 709.1 695.2 682.6 672.9 663.9 654 642 632.7 627.1 623.4 616.4 608.6 602.7 597 588.4 582.2 578.6 571.3 577 577.6 578.9 581 583.3 587.5 595 597.3 599 603.8 610 618.7 622.8 623.2 620.4 617.3 615.6 609.7 594.9 582.1 579.7 575.8 569.3 564.2 560.4 557.8 550.2 542.7 539.2 535.1 532.9 530.7 529.8 527.4 525.4 521.5 516.8 510.1 505.5 502.7 502.3 502.6 503.8 505.7 507.4 508.7 511.1
820.1 819.5 819.6 819.6 814.3 804.8 794.9 785.6 776 763.8 750.7 735.3 723.2 709.6 695 681.9 672.3 663.4 652.8 643.2 632.5 627.2 622.9 616.4 607.9 602.6 598.6 589.2 579.2 577.3 573.5 573.2 575.4 576.5 577.4 579 582.3 589.1 592.2 595 599.3 606.5 615.2 619.8 620.5 616.9 612.1 612.1 600.8 589.3 579.4 576.3 569.8 564 559.6 554.9 549.1 541.8 537.6 533.9 530.4 529 528.4 526.8 524.9 522.8 518.5 513.3 505.5 501.8 499.8 498 498.9 500.3 502.1 504.3 506.8 508.1
808.6 807.4 812.7 814.4 807.7 797.9 789.6 782.2 772.1 761.6 749.8 733.6 722.5 707.9 693.4 681.4 671.4 660.5 650.7 642.9 633.4 629 622.7 615.7 607.9 602.6 595.8 588 583.1 574.9 573.6 566 571.9 572.4 573.9 574.3 577 583.9 587.4 591 596.1 602 611 616.9 616 610.9 603.6 600.8 594.9 581.9 578.2 575.8 568.6 560.6 553.8 548.8 542.6 537.4 533.5 528.6 528 527.3 527.3 526.1 524 520.4 514.5 508.9 502.9 498.9 496.3 495.3 495.2 496.1 497.7 500.1 503.6 505.5
800.4 802.7 805 805.4 798.8 792.4 785.8 779 769.3 759 746.3 730 718.5 705 690.5 679.1 668.3 659.2 650.2 639.3 634.4 629.6 622.8 614.2 606.8 601.9 592.2 583.5 579.8 573.1 571.6 565.1 568 568.1 569.8 570.1 572 578.4 583.4 587 591.8 598.5 607 612.9 609.7 604.3 600.4 595.3 586.5 581.2 577.7 573.7 567.8 560 550.2 543.2 539.1 534.2 528.6 526.5 525.2 523 523.6 524 522 519.2 511.6 505.8 499.5 495.8 493.6 491.4 491.1 492.2 493.3 496 497.9 500.7
795.6 797.2 798.3 797.5 792.7 788.9 783.3 776.3 766.2 755.1 741.3 726.2 715.3 701.4 685.9 674.9 664.7 656.9 647.3 637.1 634.1 629.2 624 614.1 606.8 600.4 588.6 579.2 573.5 571.1 569.5 562.3 564.4 564 564.5 564.2 567.7 573.5 579 582.6 587.9 595.1 603.4 606.3 604.1 601.5 599.3 590 584.6 580.8 576.6 571.8 565.8 556.3 546.6 541 535.2 531.2 527.4 524.4 524.2 526.3 522.8 517.2 519.4 515.6 508.9 501.9 496.9 492.7 490.4 488.6 486.9 488.3 489.5 491.6 494 495.2
790.2 791.8 792.8 792 791.8 787.3 781.3 772.8 762.9 750.3 734.1 724.5 712 695.4 681.8 672.3 663.7 654.3 645.2 637.4 632.8 627.5 623.6 614.1 605.7 596.8 584.3 576.1 572.2 568.4 567.3 564.8 554.7 557.2 560.3 559.9 564.2 570.1 574.1 578.4 584.3 591 599.2 601.7 601.2 600.4 593.7 587.1 582.4 579.8 577.4 569.5 566.5 552.9 543.8 536.2 532.2 530.3 528 524.9 528.7 529 526.6 522.7 516.8 511.7 505.9 499.3 494.7 489.6 486.3 485.1 480.1 483.8 485.3 487.6 490.2 490.8
783.8 786.1 788.6 790.5 791.1 784.3 776.9 767.4 756.1 742.5 731.2 720.6 706.5 690.1 679.8 670.1 661.6 652.5 640 638.1 630.8 625.7 618.7 614.3 605.7 593.7 581.7 574 569.1 566.9 563.6 562.5 559.7 543.8 554 555.3 559.9 565.5 569.9 574.7 580.8 587.4 596 599.3 597.7 594.3 589.6 584.1 582 580.5 575.8 568 561.2 550.7 540.8 536.1 535.2 530.6 527.9 528 531.2 530.1 527.3 523.4 516.6 509.9 497.7 496 490.8 487 484.1 480.8 477 479.9 480.9 483.1 485.9 486.5
