Assets/StreamingAssets/GeoData/Data/nh/NH72.asc
ncols 200
nrows 200
xllcorner 270000
yllcorner 820000
cellsize 50
[rows 0 to 34 of 200, columns 0 to 77 of 200]
334.7 341.5 333.3 334.8 345.1 354.5 364.8 377.8 396.5 413.7 426.1 433.1 440.6 445.2 449.2 453.6 461 464.4 471.9 477.2 482.7 486.1 489 493 496.4 499.1 501.5 503.5 505.3 504.2 503.1 502.8 500.7 500.9 500.2 499.3 502.5 505.8 510.3 514.7 517.8 520 520.2 517.8 512.7 509.9 508.2 508.7 508.8 508.6 507.6 504.8 501.3 497.3 493.3 491.5 488.3 487.3 485.1 481.3 478.5 477 474.7 474.5 474.9 473.7 472.7 473.1 472.4 471.5 471.4 472.1 472.6 471.8 471.9 474.1 474 475.2
338 339.3 338.1 338.1 344.1 353.5 361.6 372.7 392.9 408.8 421.4 429.4 438.8 444.9 448.8 454.5 460.3 464.6 470.9 475.7 480.6 485.2 489.4 493.3 496.3 499.9 502.9 504.2 506.1 505.7 504.6 503.9 500.8 503.3 502.7 503.1 505.8 509.8 514.6 517.8 521.3 525.3 524.6 520.5 515.4 510.8 508.6 506.7 507.8 507.3 506.1 504 501 497.8 492.5 492.1 490.8 488.3 485.9 482.5 478.3 476.7 477.6 476.9 476.4 475 474.1 473.2 472.6 472.1 471.6 472 473.2 473.1 472 473.2 474.5 477.1
343.6 341.4 339.8 338.9 343.1 354.5 371.6 379.4 386.9 404.1 420.1 430.2 437.4 443.2 449.5 454 459.6 463.9 468.9 474.9 479.1 485.9 489.1 492.9 498.2 502 504.5 505.6 506.6 506.2 505.5 502.9 504.2 504.5 505.4 506.6 508.7 513.4 517.2 520.5 523.3 526.7 526 522.5 517.6 512 508.1 505.6 504.7 506.5 505.9 503.8 501 498.3 495.9 493.9 491.4 488.4 485.5 483.2 480 479.4 480.6 480.1 477.8 476.5 475.9 474.3 474.1 473.8 473.2 473 473.4 473.8 473 473.2 474.6 476.5
351.9 348.4 346.4 340.2 345.5 358.5 376.1 387 405.6 413.2 428.3 435.2 441.9 446.1 451.1 455.4 460.3 465.6 472.1 477.9 482.9 489.2 493 496.6 500.6 503.4 505.8 506.4 507 506.7 506.1 506.1 506.5 506.4 507.7 508.9 511.6 515.9 518.5 520.9 523.3 525 524.8 522 517.9 513.1 508.6 504.9 503.1 504.8 504.8 502.9 500 498.3 495.9 492.9 490.7 489.7 486.8 484.3 478.1 482.6 483.1 482 481.3 478.4 478 475.9 475.6 475.3 474.5 474 474.2 474.5 474.5 474.8 476.1 475.9
353.6 363.1 365.4 347.6 347.9 357.2 372.2 388.1 409.7 425.9 432.4 438.8 443 447.7 453.3 457.8 464.2 469.8 477 483.7 488.6 494.3 498.9 503.1 506.5 507.2 507.9 507.7 507.6 507 505.2 506.1 507.6 508.3 509.1 511.2 514.6 516.8 519.2 520.8 522.2 522.2 521.7 519 517.2 512.7 506.7 505.7 504.1 504.8 502.5 501.2 500.3 497.2 494.4 493.4 491.2 490.1 487.6 482 485.9 485.3 485.6 483.8 482.9 480.8 480.6 477.9 477.3 477 476 478 476.2 475.3 475.2 476.5 476.2 476.3
355.7 364.9 364.5 351 351.3 357.7 377.1 395.9 415.2 429.7 435 440.5 445.1 450.3 455.7 462.6 469.4 476.5 483.1 490.8 496.3 502.6 508.6 511.2 509.7 508.8 508.7 508.1 507.6 506.6 504.6 506.8 508.3 509.1 509.9 512 516.6 518.4 520.1 520.6 520.7 520.4 519.2 516.9 514.8 509.6 507.8 507 506.4 505.3 503.9 501.9 499.7 498.2 496.2 493.6 491.1 489 485.7 483.5 488.2 487.7 487.8 488.3 487.1 484.7 483.3 480.9 479.2 480 479.1 479.4 479.9 478.5 478.9 477 477.8 477.6
357.3 366.4 371.4 357.1 352.9 364.7 377.9 393.7 415.6 430.1 437.7 442.6 447.9 453.1 460.3 467.5 475.5 483.8 490.6 498.5 506.4 513.7 518.3 516.6 512.8 509.6 508.7 507.5 507.3 506.2 505.4 506.7 508.9 509.9 510.8 513.7 518.6 519.8 520.5 520.2 520.2 519.6 518 516 512.4 509.8 508.9 504.9 504.5 505.3 501.9 502.8 499.8 497.9 497 494.7 492.4 491.4 490.1 488.6 490 490.4 490.6 491 489.7 487.6 486.1 485.1 484.8 485 484.4 482.3 482.8 482.3 482.4 480.3 479.4 479.3
361.1 368.3 377.4 363.7 357.6 371.9 387.4 406.9 419.1 431.4 440.1 445.6 451 456.3 464.6 473.2 482 490.5 499.9 510.9 516.9 522.9 521.2 516.3 511.4 508.5 508.1 506.9 506.9 506.4 505.5 506.3 508.7 510.1 511.6 515 519.6 520.6 520.5 519.4 518.4 518.1 516.6 515.9 512.6 510.5 509.5 509.2 507.9 506 503.5 499.8 500.7 498.6 497 493.4 493.9 493.8 489.1 492.3 492.6 491.7 492.7 492.2 492 490.9 489.6 489.4 489.4 488.4 486.7 486.5 485 485.8 485.8 483.5 482.4 481.9
363.5 370.4 378.6 363.7 359.6 376.8 393 411.3 427.8 436.3 442.7 448.4 454 459.6 468.6 477.4 487.8 501.3 514.5 521.8 525.4 521.4 516.3 511.8 509 507.4 506.8 506.5 507 506.8 505.6 506.8 509.6 511 512.2 516.8 520.1 520.7 520.5 519.8 519.1 518.7 516 515.3 512.9 512.4 509.8 509.8 509.4 507.1 504.6 502.6 500.6 498.8 497.4 496.9 496.5 494.2 492.4 495.3 494.6 495.5 496.7 496.1 495.8 494 494.5 491.8 493.1 490.3 489.8 489.1 488.8 488.4 487.5 486.3 483.6 484.2
365.5 372 374.9 365.5 363 377.1 395.1 414.4 428.7 439.3 445.3 451.1 456.8 463.6 471.7 484.5 500.4 516.7 524.4 527.3 528.6 523.5 513.5 510.5 506.9 506.5 506.8 507.2 504.8 506.2 507.5 508.1 508.9 511.5 513.8 517.3 520.1 520.8 520.2 519 518.1 517.4 516.8 515.4 513.5 513.7 512.5 511.7 510.8 509.2 505.7 503.1 502.6 499.9 499.9 497.7 496.6 497.3 496.5 497.7 498.4 498.9 498.8 499.1 498.9 498.1 498 496.5 495.1 494.6 493.3 493.4 492 491.6 491.3 490.1 487.9 485.4
367.1 374.7 384.2 371.7 367.6 374.9 391 408.8 428.4 442 448.1 453.9 459.6 466.8 478.1 497.1 516.6 530.1 531.9 530.5 526.7 521.6 511.8 508.7 507.2 506.5 506.4 506.2 505.5 506.6 506.7 507.5 510.4 511.9 514.2 517.2 519.9 520.6 519.8 519.1 519.6 518.7 517.9 516.2 515.4 513.8 514.3 514.8 513.5 511.2 507.1 505.6 504.3 500.5 500.2 500.4 500.1 499.5 499 500.2 501.1 501.1 501.1 503.4 503.2 502.4 500.9 498.7 498.7 497.3 497.6 497.6 496.6 493.3 495.4 494.1 491.1 489.4
369.9 377 384.9 375.4 369.5 377.5 393.8 409.8 428.9 444.6 451.4 457.1 462.6 470.5 486.8 508.5 528.9 535.7 535.9 532.1 525.5 516.9 511.9 509.9 508.3 507.3 506.9 506.5 506.7 507 507.8 508.6 510.5 511.9 513.6 517.7 519.5 520 520 519.9 519 518.5 518.2 516.5 515.9 515.8 516.5 516.1 514.5 512.2 508.4 506.8 503.4 503.6 501.8 502.2 502.5 500.5 500.6 502.5 502.7 503.7 505.7 506.2 506.5 506.2 504.8 503.5 503.3 499.9 501.7 501.3 500.1 499.2 499 497.3 494.8 493.4
373.8 374.1 382.2 369.9 371.1 384 402.5 419 434.5 447.5 454.6 460.6 466.3 475.1 494.1 518.4 534.8 538.5 536.3 532.4 527 520.1 511.9 510.7 509.5 508.1 508 507.5 506.7 507.9 508.1 507.5 510.3 511.3 513.8 517 519.1 519.6 519.3 519.4 519.2 518.7 518.6 516.4 516.1 517.6 517.6 516.3 516.2 514.8 511.1 508.2 505.3 505.4 504.1 503.3 502.9 501.8 502.6 503.2 504.6 506.5 508.6 509.4 510.2 509 509.2 508.5 507.1 505.8 505.7 505.7 505 503.5 502.2 501.6 500 496.9
372.7 375.8 375.1 371.2 378.7 392.7 408.4 423.2 438.6 449.5 456.9 464 473.4 483.6 503.2 524 537.2 541.7 537.6 535.2 528.5 522.3 511.6 511 510.6 509.2 508.4 507.8 507.3 508.6 509.1 509.4 509.5 510.2 512.4 515.7 518.3 519.3 518.6 519 519.6 519.7 518.5 518.4 518.9 519.1 519 518.4 518.5 516.9 513.5 509.3 507.2 505.8 505.8 505.6 504.8 504.1 504.1 505.4 507.1 509.3 511.6 513.7 514.8 514.1 513.7 512.5 510.9 509.4 509.5 510 508.3 507.4 506.9 505.6 503.7 502.1
376 381.3 376.1 373 377.3 384.2 397.6 414.3 434.2 449.5 459.7 467.1 475.9 490.5 512.8 530.1 541 542.7 539.7 535.9 523.1 522.4 515.5 512.6 511.8 510.4 509.8 509.6 507.5 508.7 509 509.4 507.3 509.5 513.1 515.9 517.4 517.9 519.4 519.7 520.4 520.5 520 520.1 519.2 519.7 519.8 518.9 518.6 518.2 514.6 512.1 509.5 507.2 506.6 506.6 505.9 505.7 503.7 506.6 508.3 510.5 513.6 516.2 517.2 518.5 517.9 515.9 514.8 513.8 513.5 513.8 512.6 512 510.9 509.8 507.3 505.5
378.1 383.3 389.7 380.4 379 385.9 396 412.6 432.8 451.4 462 469.8 479.5 498.5 521.8 537.9 544.6 546 543.9 537.3 523.6 524.8 517 515.3 513.9 512.9 511.3 509.9 509.6 509.2 508.2 508.3 507.7 507.3 511.7 514.2 517 516.5 519 520 520.9 521.5 521.4 520.9 520.2 520.7 520.5 519.4 519.9 519.2 516.7 513.4 509.3 509.3 508.7 506.5 506.2 506.3 504.8 507.7 508.3 511.8 514.9 518 520.1 520.3 519.9 519.5 518.7 519.1 518.5 519.2 517.6 517.5 516.1 514.8 511.9 510.1
379.8 384.4 388.5 379.2 381.1 388.1 400.3 416.5 435.2 453.4 463.8 473.3 484.5 506.6 528.3 540.7 544.3 547.5 548.7 542.2 530.9 525.1 519.7 518.1 516.9 514.6 513 511.2 510 507.6 507.3 508.4 506.4 507.2 511.6 512.6 513.8 517.1 518.5 519.1 520.8 522.3 521.9 521.8 521.5 521.3 520.9 519.6 520.6 519.1 516.9 513.3 509.8 510.3 509.1 508.8 507.7 507 505.9 507.8 509.9 512.5 516.2 518.9 520.6 521 521.2 521.5 521.7 521.9 523 524 524.1 522.8 521 519 516.1 513.8
380 386.6 387.4 380.5 388.8 399.1 413.6 428.5 444.2 456.7 466 475.3 489.8 512.1 533.2 543.6 544.5 547.2 548.8 545 536.5 525.6 523.3 522.6 519.7 516.3 514.1 511.6 510.7 509.2 507.4 507.8 506.5 506.4 509.7 512.8 514.8 516.8 518.6 519 520.6 522.5 522.8 522.6 522.3 522 521.4 520.6 519.9 517.1 515.2 511.5 512 511.5 510.3 510.7 509.7 509.5 508.2 508.3 510.6 511.9 514.3 518.2 519.6 520.4 521.9 523.6 524.3 524.6 525.1 527.7 528.5 526.7 524.6 523.9 519.9 518.4
379.6 384.4 384.4 383.1 385 403.5 422.8 436.4 448.6 457.7 467.1 477.1 494.3 518.1 539 541.8 544 543.4 545.8 541.4 536.8 527.5 526.3 525.8 521.8 518.9 515.2 512 509.7 508.3 507.7 507.6 506.2 504.3 507.9 511.7 513.7 514.7 517.5 519.4 520.9 522.3 523.2 523.4 523.1 521.9 522.2 520.3 520 518.4 514.4 512.3 513.8 512.2 512.5 512.5 511.4 509.4 507.8 507.9 511.2 512.9 515.1 516 518 519.8 522.3 524.4 525.2 526.3 527.2 529.9 530.8 530.7 528.1 527.3 524.2 521.6
380.8 384.8 388.8 397.5 393 397.1 415.6 435.2 448.1 457.9 467.1 479.3 497.7 523.9 540.3 542.2 541 540.3 541.5 538.9 533.2 529 528.6 529 522.6 521.2 518.2 513.2 509.9 508.6 507.2 506.9 506 505.3 506.7 509.4 511.6 513.9 516.4 518.5 520.4 521.9 523.4 523 523.2 522.4 520.4 521.1 521.1 519.1 516.7 517 516 515 514.6 514.3 513.4 511.2 509.8 506.9 511 512.9 513.9 514.6 516.4 518.9 521.3 524.2 526 527.3 528.6 531.6 533.4 533.7 531.1 530.6 527 524.8
383.3 388.5 393.4 399.1 395.4 399.1 414 431.6 447.7 457.8 467.6 479.4 500.9 523.9 539.8 541.9 541 538.2 535.7 532.6 526.9 526.9 528.5 528.3 521.9 518.7 516 511.7 509.1 508.3 507.2 505.2 506.1 505.7 504.9 507.6 511.5 513.2 515.1 517.5 519.6 521.5 523 523.4 522.9 522.2 523.2 522.6 521.9 520.3 520 518.7 518.5 518 517.7 515.7 514.3 511.9 509.9 508 510.9 510.2 513.3 514.4 515.5 517.4 521.1 523.4 525.6 527.4 529.5 532.3 534.3 534.7 533.6 532.4 529.6 527.2
381.7 389.1 394.1 396.5 396.6 401 414 433.2 446.8 457.5 467.3 480 498.3 523 535.2 536.9 537.5 536 533.2 527.9 523.4 524.2 524.3 524.4 519.5 515.5 512.8 510 508.8 507.7 506.8 505.6 506 505.5 504.2 507.3 510 512 513.7 515.9 518.3 520.6 522.6 523.8 523.7 524.1 524.3 524.3 522.9 522.5 522.4 522.3 520.3 520.3 520.2 517.5 515.6 513.1 510.5 507.4 510.9 511.7 512.4 511.3 512.8 516.9 519.1 523.2 525.6 528 530.2 531.9 534.5 535.6 534.9 533 531 528.7
382.4 387.1 396.4 399.8 398 400.9 414 431.7 443.6 455.6 465.4 476 492.5 516.8 522.7 528 529.3 531.7 530.5 521.8 519.9 520 520.5 520.4 517.2 512.5 509.7 508.4 508.1 507 505.4 504.8 504.9 504.7 500.9 505.5 508.2 510.2 512.4 514.4 516.7 519.1 521.4 523.5 524.3 524.7 526.2 526.1 525.4 526.5 525.9 524.8 523.7 524.5 522.3 520.1 516.4 514.2 511.8 509.5 510.2 510.1 510.7 511.3 513.3 517.1 520.6 521.9 525.3 527.6 530 532.3 536 536.9 535.7 533 532 529.4
385.1 389.8 394.8 401.9 403 401.3 410.1 427.6 440.2 452 463.6 472.4 485.9 503.9 511.6 513 522.4 524.9 523.4 517.6 515.5 514.9 516.4 517.9 515 509.5 507.5 507 506.5 505 505.5 502.8 504.7 503.8 501.4 502 507.3 509.6 511.6 513.9 516.2 519 520.8 523.5 525.5 526.7 528.4 529.7 530.7 530.4 529.3 528.6 527.6 526.4 526.3 522.3 518.2 515.3 511.4 510.5 510.6 509.3 511.3 512.5 514.8 517.9 521.2 522.8 525.3 527.6 530.4 533.4 537.3 538.3 535.7 534.8 533.8 531.4
385.3 388.8 394 403.3 407.2 405.4 409.3 427.9 439.2 450.4 461.9 468.5 476 488.1 498.2 503 509.9 516.5 516.2 512 510.8 511.1 514.2 514.6 508 506.2 505.4 504.7 504.1 504.6 504.1 501.3 503.7 502.6 502 501.2 506.4 509.1 511.8 514.1 516.4 518.7 522.3 523.8 527.2 528.8 531.7 533.6 534.2 534.1 532.8 532.2 531.4 530.2 529.5 525.7 521.7 517.4 512.5 511.7 511 509.8 511.2 514.7 517.8 520.9 522.5 523.1 526.3 528.3 531.2 536.8 539 540.1 539.1 537.7 535.9 533.4
383.1 389.4 394.3 400.3 405 406 412.1 428.3 440 450.4 459.2 465.6 472 478.5 485.7 495.2 502.1 508.2 509.7 507.5 506.4 506.5 505.2 505.7 504.6 504.5 503.7 502.9 502.1 501.5 502.1 501.7 502 501.9 500.6 500.3 505.6 508.2 511.1 512.9 517.1 519.3 523.9 527.8 529.4 532.8 536.4 538.8 538.9 539.6 536.9 535.1 534.1 533.1 531.2 528.1 523.6 519.3 515.1 512.8 512.7 511.8 513.9 516.1 519.4 521.1 524.1 523.8 527.8 529.6 534 538.2 540.7 541.9 542.2 541.6 540.5 536.9
382.5 387.4 391.1 398.2 403.3 405.5 407.9 424.7 438 449.1 456.9 463.5 470.1 475.6 481.3 487.6 492.9 500.1 504.1 501.7 499.9 502.2 501.3 503.1 503.1 502.8 502 501.2 500.8 500.4 500.2 499.5 499.9 500.1 498.3 500.2 506.8 510.1 512.9 516 520.1 523.5 526.7 530.1 532 534.9 540.3 543.5 543.2 542.7 540.9 539.4 537.4 535.5 532.9 528.4 524.9 521 518.7 516.7 516.3 514.4 515.8 516.1 520.8 523.1 526.3 527.2 529.8 532 535.9 539.1 542 543.7 544.9 544.3 542.6 539.6
381.2 385.7 388.6 395.6 400.6 407.1 407.7 414 427.3 443.7 455.8 462.6 468.5 473.5 476.5 482.6 487.7 492 494.9 495.3 496.5 498.3 499.2 500.4 501.3 501 500.6 500.2 499.8 499.4 498.7 496.8 496.8 495.8 495.5 504.1 507.4 510.8 515 519.4 523 526.6 528.8 531.9 535.1 537.5 542.2 546.3 545.9 539.7 541.8 542.3 539.8 537.3 533.5 528.8 525.2 522 520.8 519.4 516.8 516.6 518.2 517.7 523.1 525.7 527.5 528.8 531.3 533.3 536.4 539.3 542.6 544.2 545.4 545.4 546.1 543.7
378.5 382.5 385.8 393.5 397.9 404.7 407.6 410.4 424 439.5 453.7 460.8 466.9 472.4 475.3 478.8 483.3 488.2 491.2 493.2 495.8 496.7 497.4 497.3 499 500.2 499.9 499.5 499.1 498.4 497.4 493 495 495.9 500.9 504.4 507.8 512 517 522.1 526.6 530.5 532.9 535.7 538.1 541.2 545.7 547.7 549.4 541.1 543.1 544 541.6 539.4 533.9 529.4 525.5 523.3 522 522.2 519.6 520 520.4 521 524.3 528.4 529.5 531.2 533.4 535.5 538.2 539.5 541.7 545.1 546.9 549.6 550.7 549
376.7 379.1 382.2 390.8 398.1 401.8 404.9 410.1 425.2 440.5 451.1 457.9 464 469.7 473.1 477.1 481.6 485.8 489.5 491.9 494.6 496 495.3 497.9 499 498.9 499.2 498.8 498.2 495.3 495.8 493.5 493.8 493.7 501.3 504.7 509.3 514 519.1 524.2 529.6 533.4 536.6 538.9 541.2 543.3 547.6 550.3 552.1 552.2 550.7 548.6 544.9 540.5 535.7 529.6 526.7 526.8 526.6 525.1 523.2 523 521.9 522.4 526.7 530.5 531.5 534.1 535.1 535.9 538.7 539.2 543.6 547.2 553.1 557.3 555.1 553.5
379.7 377.8 380.3 384.9 391.4 400.8 407.1 415.6 429.8 439.2 447.9 455 460.8 466.7 471.4 475.5 479.4 482.6 486 490.3 493.3 494.1 495.9 496.8 498.2 498.7 498.8 498.4 497.3 495.1 494.9 492.4 489.8 494.6 500.4 504.7 510.6 515.7 520.2 528 533.5 537.4 540.3 541.9 543.4 545.3 548.9 551.7 552.8 553.8 553.1 551.4 546.4 540.8 537.6 530.4 528.9 529.3 528.6 526 527.1 526.5 524.6 524.8 527.9 531.4 534.8 536 536.7 537.8 538.3 540.4 542.9 548.5 556.1 559.7 559.7 554.7
381.4 379.2 379.8 382.9 386.5 399.9 408.2 417.8 428.2 436.2 444.5 452.2 458.4 462.9 468.1 472.3 475.3 478.9 483.6 488.1 491.2 493.2 494.9 496 497.1 497.7 497.7 497.9 496.5 495.4 493.7 489.5 486.9 494 499.2 504.9 510.5 515.6 520.8 527.7 534.5 540.1 542.6 543.9 545.2 547.4 549.8 552.5 553.7 554.4 554 552.4 548.8 543.5 539.3 535.4 532.3 531.3 529.6 529 529.7 529.5 528.6 527.7 530.3 534.1 536.5 538.2 537.8 539.8 540.6 541 543.3 549.9 556.5 558.9 556.4 555.8
380.8 381.2 379.2 381.6 384.4 394 406.2 415.2 424.5 433.4 441.8 449.1 455.2 459.8 464.2 468.6 471.7 475 480 484 487.4 490.4 493.7 494.8 495 495.3 495.1 494.7 494.2 493.7 491.5 488.6 486.2 493 498 503.5 509.1 513.8 520.6 527 533.6 541.4 544.8 546.1 545.1 548 549 552.1 555.5 555.1 555.6 554.4 549.5 545.5 541.6 538.7 534.9 533.5 532.5 532.1 533.6 534.1 531.3 530.5 531.9 536.7 537.6 537.9 539.1 540.6 540 541 542.6 548.9 553.7 555.1 555.2 560
384.2 382.9 381.8 380.3 383.4 390.9 401.2 410.7 419.3 428.3 437.6 445.5 451.6 456.6 460.4 464.8 468.1 471.1 475.9 478.5 482.4 486.1 490.6 492.8 493 492.9 493 492.6 492.2 491.7 490 485.6 484.7 491.8 496.6 501.6 507.3 512.4 517.6 525.6 532.9 539.1 541.2 542.7 543.7 547.1 547.6 550.5 552.9 552.4 554.7 551.3 551.7 548.2 544 541.6 537.6 535.8 535.1 534.8 536.7 537.3 534.6 533.7 530.7 535.4 538.2 537.7 539.4 539.3 538.4 540.3 542.5 545 550.3 551.7 559.4 562.2
389.1 386.1 385.2 383.5 382.5 385 394.4 402.9 411 421.2 432 441.2 446.6 452.6 456.6 461.1 464.3 467.7 471.2 475.7 477.9 481.1 484.9 488 490.9 490.9 490.8 490.6 490.2 489.5 488.4 483 485.5 490.8 494.9 499.8 504.8 509.5 513.5 521.9 528.1 532.3 536.1 539 540 543.9 545.5 545.3 545.8 547.8 547.9 550 552 549.3 547.7 543.2 540 538.5 536.7 538.1 540.3 540.4 537.9 536.6 535.4 536.2 538.6 538.4 538.3 538.2 537 539.7 541.5 544.1 546.3 552.2 557.3 559.8
