Assets/StreamingAssets/GeoData/Data/nh/NH75.asc
ncols 200
nrows 200
xllcorner 270000
yllcorner 850000
cellsize 50
[rows 152 to 189 of 200, columns 85 to 169 of 200]
-1.4 -1.4 -1.4 -1.4 -1.4 -1.4 -1.4 -1.4 -1.4 -1.4 -1.4 -1.4 -1.4 -1.4 -1.4 -1.4 -1.4 -1.4 -1.4 -1.4 -1.4 -1.4 -1.4 -0.3 0.1 0.5 0.9 1.4 1.8 3.3 6 19.1 19.9 20 20.3 20.2 19.6 19.1 18.6 17.9 17.1 16.5 16 15.4 14.2 13 12.4 11.8 11.2 11 10.3 9.4 9 8.6 8 7.4 7.7 8.1 7.9 7.7 7.3 7.1 7.2 7.7 7.4 7.1 7.6 7.2 6.4 7.1 7.1 7.1 7 6.9 6.7 6.5 6.4 6.8 6.2 6.6 7.1 6.1 6.6 6.8 7.2
-1.4 -1.4 -1.4 -1.4 -1.4 -1.4 -1.4 -1.4 -1.4 -1.4 -1.4 -1.4 -1.4 -1.4 -1.4 -1.4 -1.4 -1.4 -1.4 -1.4 -1.4 -1.4 -0.3 0.3 0.8 1.2 1.6 2.1 3.5 7.2 19.8 20.8 21.2 21.1 20.8 20.6 19.2 18.7 17.6 16.5 15.9 15.9 14.8 14.9 13.7 12.4 11.7 11.1 10.6 10.4 10.3 9.4 9 8.6 8 7.6 8 8.6 8.2 7.8 7.5 7.4 7.5 7.9 7.1 7.1 7.4 6.8 7.3 7.2 7.2 7.2 7.2 7.2 7.1 7 5.9 7.1 7.5 7.6 7.5 7.6 6.4 7.4 9.2
-1.4 -1.4 -1.4 -1.4 -1.4 -1.4 -1.4 -1.4 -1.4 -1.4 -1.4 -1.4 -1.4 -1.4 -1.4 -1.4 -1.4 -1.4 -1.4 -0.8 -0.3 0 0.5 1 1.6 2 3.1 6.2 12.3 20.7 21.7 21.9 21.5 21 19.9 19.2 18.8 18.4 17.7 16 16 14.9 13.9 13.1 12.6 11.6 11.2 10.9 10.7 10.5 10.3 10.3 10.1 8 8.7 8.4 8.5 8 8 7.9 7.8 7.7 7.9 8 7.7 7.2 7.4 7.4 7.4 7.4 7.4 7.4 7.4 7.4 7.3 6.5 7.5 7.6 7.7 8 8.1 8 7.9 9.9 11.9
-1.4 -1.4 -1.4 -1.4 -1.4 -1.4 -1.4 -1.4 -1.4 -1.4 -1.4 -1.4 -1.4 -1.4 -1.4 -1.4 -1.4 -1.4 -0.5 0.2 0.6 1 1.4 1.9 2.9 5.2 8.4 20.6 21.5 22.4 21.7 21.1 21 20.9 19.5 18.7 18.2 17.8 16.3 15.8 15 14 13.4 12.6 11.9 11.7 11.5 11.2 11 10.8 10.8 10.5 10.1 9.4 8.7 7.9 8.7 8.1 8.3 7.8 6.9 7.1 6.9 7.2 7.4 7.6 7.5 7.5 7.5 7.4 7.5 7.5 7.5 7.5 7.1 7.6 7.7 7.9 8.2 8.4 8.3 8 10.1 12.6 14.2
-1.4 -1.4 -1.4 -1.4 -1.4 -1.4 -1.4 -1.4 -1.4 -1.4 -1.4 -1.4 -1.4 -1.4 -1.4 -1.4 -1.4 -1.4 0.3 1.1 1.5 1.9 2.8 6 8.4 18.9 21.9 22.5 22.5 22.1 21.7 21.7 21.8 20.9 18.9 18.1 17.3 16.5 16 15.6 15.3 13.5 12.8 12.1 12.1 12 11.8 11.5 11.3 11.3 10.9 10.5 10.1 9.5 9.2 8.2 8.8 8.6 8.3 7.2 7.4 8 8 6.6 7.9 7.7 7.6 7.6 7.6 7.6 7.5 7.6 7.6 7.5 7.7 7.8 8 8.1 8.4 8.6 8.3 8.4 11.2 18.5 17.5
-1.4 -1.4 -1.4 -1.4 -1.4 -1.4 -1.4 -1.4 -1.4 -1.4 -1.4 -1.4 -1.4 -1.4 -1.4 -1.4 -0.1 0.7 1.4 2 3.4 6.1 9.4 17.6 22.2 22.6 24.1 22.9 22.6 23 23.1 22.8 21.1 19.8 18.8 18 17.2 16.4 15.7 14.7 14.4 14.1 12.5 13 12.3 11.9 12.1 11.9 11.6 11.2 10.8 10.4 10.1 9.6 9.2 8.7 8.9 8.7 8.7 8.4 7.9 7.5 8 8 8 7.9 7.8 7.7 7.7 7.7 7.6 7.4 7.6 7.5 7.9 8.1 8.2 8.3 8.5 8.8 8.8 10.2 12.1 19.1 19.3
-1.4 -1.4 -1.4 -1.4 -1.4 -1.4 -1.4 -1.4 -1.4 -1.4 -1.4 -1.4 -1.4 -1.4 -0.4 0.1 1 1.9 3.8 6.9 9.7 19.4 22.8 23.1 23.5 23.9 24.4 24.4 23.9 24.4 23.6 22.2 20.7 19.7 18.6 17.8 17 16.4 15.8 14.8 13.8 13.1 13.2 12.7 12.3 11.7 12.4 12 11.6 11.2 10.8 10.4 10.1 9.8 9.3 9.2 9 8.8 8.8 7.8 8 8 8.1 8.1 7.9 8 7.9 7.8 7.8 7.8 7.3 8.4 8 7.7 8 8.3 8.4 8.6 8.8 9 8.7 8.3 11.6 19.1 21.4
-1.4 -1.4 -1.4 -1.4 -1.4 -1.4 -1.4 -1.4 -1.4 -1.4 -1.4 -1.4 -1.4 0.1 1 1.6 3.3 6.6 10.5 22.5 22.3 24.6 24.8 24.6 24.7 24.6 24.2 23.8 24 24.7 22.6 21.5 20.1 19.5 18.4 17.6 17 16.4 15.8 15 13.9 12.9 11.9 11.7 11.7 11.6 12.2 12 11.6 11.2 10.8 10.4 10.1 9.8 9.3 9.2 9.1 8.2 7.7 7.7 7.9 8.1 8.3 8.1 7.8 7.8 7.9 7.9 7.9 8.3 8.2 8.2 8.3 8 8.2 8.4 8.7 8.8 9.8 8.9 8.5 9.9 12.4 15.3 19.1
-1.4 -1.4 -1.4 -1.4 -1.4 -1.4 -1.4 -1.4 -1.4 -1.4 -1.4 -1.4 0.9 1.5 2.2 6.2 10.9 20.7 24.6 25.5 26.4 26.5 26.4 26 25.6 25 24.4 23.8 23.3 22.9 22.1 21.4 19.5 18.8 18.3 17.5 16.9 16.4 15.8 15.1 14.1 13.1 12.2 12 11.7 11.7 12 11.9 11.5 11.1 10.8 10.4 10.1 9.8 9.4 9.3 8.1 8.4 8 8.2 8.3 8.4 8.2 7.9 7.6 7.6 7.9 7.8 8.5 8.5 8.1 8.3 8.4 8.3 8.5 8.7 8.9 8.7 8.5 9 10.4 12.6 15 16.8 16.9
-1.4 -1.4 -1.4 -1.4 -1.4 -1.4 -1.4 -1.4 -1.4 -1.4 0.3 1.6 3.8 6.1 8.9 19.6 25.1 26.4 27.8 27.6 27.6 27.6 27.3 26.8 26.4 25.7 24.7 23.7 22.7 22.5 21.8 20.9 19.2 18.1 18 17.5 16.9 16.3 15.8 15.2 14.2 13.2 12.7 12.6 12.3 11.9 11.7 11.6 11.5 11.1 10.8 10.4 10.1 9.7 9.4 8.2 8.5 8.3 8.1 8.1 8.1 8.1 8.2 7.8 7.5 7.4 7.7 8.1 8 8.5 8.1 8.2 8.3 8.5 8.7 10.2 9.7 8.7 10.3 10.8 12.8 15.1 16.2 16.4 16.3
-1.4 -1.4 -1.4 -1.4 -1.4 -1.4 -1.4 -1.4 -1.4 0.8 2.8 5.7 9 16.8 27.4 29.2 30.7 30.9 28.7 30 29.7 29.2 28.7 28.5 27 25.7 24.7 23.7 22.6 22.2 21.5 20.7 18.5 17.5 18.1 17.7 17.7 16.4 15.7 15.2 14.4 13.6 13.2 13 12.9 12.2 11.8 11.6 11.4 10.8 10.2 9.5 8.8 8 7.9 8.7 8.4 8.3 8 7.8 7.8 7.8 7.9 8.1 7.7 7.2 8.2 8.5 8.3 8 8.1 8.1 8.3 9 10 10.7 11 11.6 12.7 13.5 13.7 14.9 15.5 15.8 15.5
-1.4 -1.4 -1.4 -1.4 -1.4 -1.4 -1.4 -1.4 2.2 4.7 8.1 15.6 26.8 31.1 32.8 33.5 33.6 31.9 32.6 31.1 32.3 31.6 30.8 29.4 27 25.7 24.7 23.6 22.6 21.7 21.1 20.4 19.2 18.6 18.2 17.7 17.4 17.4 17.4 16 14.6 14 13.7 13.3 12.9 11.9 11.9 11.7 10.4 10 9.7 9.3 9 8.9 8.4 8.4 8.3 8.2 8 7.7 7.6 7.5 7.5 7.8 8.1 7.4 8.1 8.5 8.4 8.2 8 8 9.3 10.5 11.4 12.2 12.9 14.1 14.8 14.7 14.8 14.2 14.6 14.7 15.1
-1.4 -1.4 -1.4 -1.4 -1.4 -1.4 0.6 3.7 6.7 9.6 23.4 30.3 32.9 34.4 35.5 35.5 35.3 34.8 33.9 33.1 33 32.6 31.3 29.4 27.1 25.7 24.6 23.6 22.5 21.4 20.8 19.9 19.3 18.7 18.2 17.7 17.3 17.1 17.1 17.1 16.5 15.6 13.2 12.8 12.2 12.6 11.8 10 9.6 9.3 9.2 9.1 8.4 8.3 8.7 8.5 8.2 8 7.9 7.7 7.5 7.3 7.2 8.5 8.4 7.7 8.1 8.6 8.4 8.2 8 9.2 9.8 11.6 13.1 13.7 14.3 15.3 14.4 14.6 15.7 15.1 14.5 15.1 16.8
-1.4 -1.4 -1.4 -1.4 -1.4 -1.4 3.4 8.5 13.8 30 32.6 34.6 35.1 35.7 36.9 37 36.5 35.7 34.8 34.6 33.4 32.1 30.8 29.5 27.3 25.9 24.8 23.7 22.6 21.4 20.6 20.2 19.7 18.8 18.3 17.8 17.3 16.9 16.8 16.8 16 14.8 14.2 12.5 11.5 11.4 11.6 9.6 9.5 9.4 9.3 8.8 8 8.2 8.9 8.6 8.3 7.9 7.8 7.6 7.3 7.2 7.3 7.9 8.8 8 8.3 8.6 8.4 8.5 10 9.6 11.7 13.3 14.2 14.9 15.6 15 14.1 15 16.4 15.9 15.2 16.7 18.4
-1.4 -1.4 -1.4 -1.4 -1.4 3.2 7.7 18.7 31.2 33.1 35.2 36.4 37.3 37.9 38.1 36.6 35.8 36 34.7 33.2 32.2 31.1 30 28.9 27.5 25.6 24.4 23.2 22 20.9 20.4 20.5 20.2 19.3 18.4 17.9 17.4 16.9 16.6 16.2 14.9 14.6 12.4 11.7 11.1 11.3 10.4 9.6 9.5 9.4 9.2 8.5 8.7 8.9 9.1 8.8 8.4 8 7.7 7.5 7.3 7.9 7.6 8.2 8.7 8.5 9 9.4 9.5 9.8 10.6 12.2 14 14.5 14.8 14.7 14.6 13.8 14.8 16.5 17.4 16.6 16.6 18.3 20
-1.4 -1.4 -1.4 0.4 2.6 7.6 17.8 33.9 35.2 36.1 37.2 38.3 38.9 39.2 38.3 36.7 35.1 33.8 33.1 31.8 30.8 29.8 28.7 27.9 27.3 25 23.9 22.7 21.6 20.8 20.3 19.7 20.2 19.6 18.6 18 17.5 17 16.5 15.5 14.6 13.7 12.2 11.1 10 9.9 9 9.6 9.5 9.4 8.9 9.1 9.2 9.2 9.1 8.7 8.6 8.2 7.8 8.1 8.8 8.1 7.7 7.9 8.4 8.8 9.8 10.3 10.6 11.3 12.2 13.4 14.8 13.9 13.9 13.8 13.6 14.9 16.3 17.8 18.5 18.4 18.2 19.8 21.5
-1.4 -1.4 0.6 2 7.1 19.3 33.2 35.7 37.8 38.3 39.3 39.7 40.3 39.6 38.3 37 35.4 33.9 31.9 30.6 29.5 28.4 27.7 28 27.4 24.5 23.4 22.2 21.2 20.7 20.2 19.6 19.4 19.2 18.7 18.1 17.2 15.8 15.3 14.8 14.2 12.9 11.8 10.7 9.5 8.6 9.1 8.1 8.7 9.3 9.3 9.2 9.1 8.5 8.9 8.9 8.4 8 8.4 8.9 9.2 9.2 8.6 8.4 8.5 9.4 10.5 12 12 13.9 12.9 13.1 14.6 13.8 14.5 14.9 15.1 16.6 18 18.9 19.7 19.5 19.8 22.8 23.7
-1.4 0.5 2.1 6.5 17 32.6 36.6 38 39.7 40.7 41.4 41.8 40.5 39.4 38.2 36.9 35.2 33.1 31.1 29.5 28.5 27.4 27.8 29 27.8 24.3 22.9 21.7 21.1 20.6 20.1 19.5 19 18.2 17.7 17.1 15.5 14.2 14.3 13.8 12.1 11.6 10.7 9.6 8.5 7.9 7.7 8.6 9 8.2 9.2 9.1 7.9 8.3 8.8 8.7 8.7 8.6 8.5 9.2 9.6 9.9 9.6 9.3 10 10.8 12 13.7 13.8 14.8 14.1 13.1 13.3 13.8 15.5 15.8 16.1 17.6 18.2 18.9 20.2 20.4 22 24.8 25.7
0.9 2.4 13.5 15.7 34.2 37.1 38.7 39.3 40.6 41.4 41.8 41.6 40.1 38.6 38.1 36.8 34.7 32.5 30.4 28.5 27.5 26.5 27 28.2 28.3 24.5 22.4 21.5 21 20.5 20 19.4 18.6 17.3 15.6 14.6 14.4 13.8 12.6 12.7 11.9 11.4 9.3 8.6 7.7 7.5 7.8 8.9 8.5 8.2 8.6 7.4 7.8 8.2 8.6 8.6 8.6 8.4 8.3 9.3 9.9 10.3 10.6 11.1 11.2 12.5 12.9 14.8 15.3 14.8 14.5 13.1 13.3 13.4 15.5 16.7 16.8 17.3 18 19.1 20.3 23 25.6 27.7 29
4.5 12.1 15 28.7 36.1 39.5 40.5 41.2 42 41.1 41.1 40.6 39.8 38.2 36.7 35.4 32.9 31.1 29.3 27.8 27.1 26.3 26.2 27.8 26.7 24.4 21.9 21.4 20.9 20.4 19.7 18.3 17 15.8 14.5 13.6 13.1 12.6 12 10.4 11.4 10.7 8.2 7.4 7.4 7.4 7.9 8.5 7.9 7.8 8.7 8.1 7.7 8 8.5 8.4 8.3 8.2 8.2 9.1 10 10.6 12.9 12 12.5 13.1 13.8 14.3 15.1 13.2 12.9 13.3 14.2 15.3 16.5 16.6 17.5 18.3 18.5 19.4 20.8 24.8 27.5 29.6 28.1
12.6 11.5 29.2 35.5 40 41.6 41.5 42 42.4 41.7 40.4 39.7 39.1 37.6 35.2 33.2 32 30.4 28.6 27.1 26.4 25.7 25.1 26.7 25.9 23.2 21.8 21.3 20.8 19.7 18.5 17.2 15.9 14.7 13.4 12.7 12.2 11.7 11 9.9 9.5 7.6 7.4 7.4 7.5 8.1 8.9 8.6 7.5 7.8 8.5 9 9.5 9.1 8.7 9 9.2 9.3 9.4 9.8 10.4 13.1 12.9 12.6 12.8 13.4 14 14 14.8 12.8 13.1 13.8 14.9 15.9 17.2 17.1 18.5 18.1 19 19.8 21.5 23.1 26.2 30.2 28.7
13.2 28.7 36.8 39.9 37.6 42.5 43.1 42.6 41.3 40.9 40.3 39.2 37.5 35.2 32.9 32 30.5 29.3 27.9 26.4 25.7 25.8 25.3 25 24.3 22.1 21.5 20.9 20.1 18.6 17.4 16.1 14.8 13.6 12.3 11.7 11.3 10.8 9.8 9.3 8.2 7.3 7.3 7.5 8.2 9.3 8.4 8.1 7.6 9.2 8.6 8.7 9.2 9.7 10 11.4 11.1 11.2 11.4 12.1 13.3 14.3 14.1 13.6 13.3 13.6 14.2 13.8 14.2 13.1 13.4 14 15.1 16.8 18.1 17.9 18.1 19.1 20.4 20.8 20.8 21.8 25.3 27.6 26
32.4 35.2 38.4 40.1 40.6 42.9 44.1 41.4 41.1 39.5 37.8 36.6 35.2 32.8 32.4 31.9 30.3 28.7 27.1 26.1 26.4 26.1 25.5 24.1 22.5 21.6 20.9 20.3 19.2 17.3 16.2 15 13.8 12.5 11.2 10.7 10.3 9.9 8.6 9.2 7.7 7.2 7.5 8.3 9 8.9 8.5 8.6 9 9.6 9.6 9.6 9.5 9.7 10.8 12.6 13.5 13.6 13.1 12 14.6 14.7 14.8 15 15.7 15.3 14.9 15.7 15.2 13.7 14.1 14.5 15.9 17.6 18.9 18.3 17.8 18.7 19.6 19.4 19.9 21.2 23.9 27 23.7
34.9 38.2 40 41.7 34 42 40.8 43 40.7 38.4 36.3 35.1 33.7 32.2 31.9 31.8 30.2 28.6 27.3 27.2 27 26.3 25.6 23.9 22.1 21.1 20.4 19.5 18.2 16.5 15 13.9 12.7 11.4 10.2 9.8 9.3 8.9 7.4 7.2 8.1 7.3 7.9 8.8 8.8 8.1 8.4 8 9.4 10.7 10.7 10.3 9.5 9.6 11.2 12 14.4 13.6 12.3 14.3 15.4 15.2 16 16.6 17.1 16.9 16.5 16.2 15.8 15.2 14.7 16.5 15.5 16 18.8 18.1 17.5 18.1 19.9 20.6 21.9 22.2 26.5 26.6 23.8
38.9 40.3 40.5 42.9 32.4 41.7 40.8 42.6 41.7 37.8 35.2 33.7 32.3 31.9 31.5 31.4 30.1 28.5 28.5 27.7 26.8 25.3 24.3 22.8 21.6 20.6 19.8 18.6 17.3 15.7 13.8 12.7 11.6 10.3 9.3 8.8 8 7.4 7.3 7.2 8.4 7.8 8.1 8.8 8.6 9.4 9.7 8.7 9.5 10.5 11.1 10.1 11.4 10.7 11.8 12 12.1 12.4 13.7 14.7 14.2 14.6 14.3 16.1 16.5 16.5 16.6 16.5 16.2 15 17.2 17.7 17.9 18.4 18.1 18.7 20.9 22.1 24 25.9 26 22.2 22.5 22.3 22.8
39.1 40.6 41.6 37.5 36.6 41.3 42 39.3 38 36.5 34.5 33.2 32.1 31.6 31.3 30.9 29.9 29.3 28.4 27.5 26.6 25.5 23.9 22.4 21.2 20.1 18.4 17.6 16.4 14.8 12.5 11.4 10.3 9.2 8.3 7.7 7.5 7.2 7.1 7 8.1 9 7.7 8.3 7.5 8.1 8.5 8.8 9.3 9.1 8.9 10.6 11 10.4 16.4 12.4 13.6 14.3 13.6 13.7 14.1 13.5 13.5 15.5 15.6 15.3 15.7 16 16.1 14.2 15.8 16.5 19.3 21.1 22 23.2 27.4 27.6 27.5 27 25.5 22.7 22.3 22.3 22.9
41.4 42.6 39.6 38.1 38.6 38.6 37.5 37.5 36.1 35.4 33.9 32.9 31.9 31.4 31.3 30.8 29.8 28.7 27.7 26.7 25.7 24.2 22.4 21.1 20.3 18.8 16.9 15.7 14.9 14 11.5 10.2 9.1 7.8 7.7 7.5 7.3 7.1 6.9 7.5 8.8 8 7.8 8.8 7.9 8 8.4 9.2 9.4 8.7 8.8 10.3 14 11.5 11.6 16 15.3 13.2 13.8 13.6 14.1 13.9 13.9 14.9 14.8 14.5 14.6 15.4 15.5 15.4 15.8 16.7 20.7 23.5 26 26.9 27.4 27.6 27.6 26.4 24.9 23.3 23.2 23.5 23
38.5 40 38.8 40.4 38.3 35.2 35.8 35.6 34.3 34.6 34.5 33.5 33.6 31.8 31.4 30.7 29.2 27.7 26.7 25.7 24.7 23 21.2 19.4 17.8 17.4 15.4 13.7 12.7 11.5 9.8 8.4 6.9 6.9 7.2 7.4 7.2 6.9 7.7 8.9 8.8 8.2 7.5 7.6 7.9 10.6 9.5 9.9 9.1 8.7 8.9 10.3 11 11.7 11.4 11.6 12.7 15.7 13 13.7 14.7 14.6 14.5 14.3 13.9 13.4 15.5 15.8 16.9 16.5 17.7 20.2 23.7 24.8 25.8 27 27.4 27.5 27.6 26.6 25 23.9 23 22.8 22.9
39 39.5 38.7 38.3 38.2 35.7 35.3 35.2 34.8 34.5 34.9 34.7 34.1 32.1 31.4 30.2 28.6 27.1 25.7 24.6 23.5 21.7 20 18.3 16.2 15 14.1 13.3 12 9.6 8.2 7.2 6.5 6.7 6.7 6.9 7 7.2 8.5 8.8 8.4 8.1 7.8 7.5 7.7 10.2 10.4 12.1 8.7 8.8 9 9.7 11.1 11 11.4 11.2 11.6 12.1 12.9 13.9 14.6 14.5 13.8 12.9 13.4 14.1 14.4 16.5 18 19.5 21.9 21 24.7 25.2 26 26.7 27.3 28 28.3 26.8 25.7 24.6 23.4 23.2 24.1
38 35.8 38.6 37.8 37 35.1 34.3 33.9 33.6 34.2 34.6 34.8 34.4 31.7 31.1 29.6 28.1 26.6 25.1 23.6 22.3 20.6 18.9 17.1 14.8 14.2 12.2 10.7 10.1 7.7 7.3 6.4 6.4 6.6 6.6 6.6 7.4 8 8.8 8.3 7.9 7.6 8.3 9 9.4 8.5 8 8.5 8.4 8.7 9.1 11.4 11.8 11.2 11.4 11.4 11.7 11.2 11.6 12 13 13.3 15.1 12.9 13.9 14.5 15.7 17.9 19.6 21.3 20.5 22 26.6 26.8 27.1 27.8 29 29.3 28.3 28.2 26.8 25.9 24.9 25.8 27
34.6 37 37 36.7 35.4 34.6 33.7 32.3 32.6 33.1 33.7 33.2 33.4 31.9 30.6 29.1 27.5 25.9 24.4 22.8 21.4 19.2 17.1 15.3 13.2 12.1 11.3 10 8.7 7.4 6.8 6.2 6.4 6.5 6.8 7.6 8.7 8.6 8.4 7.9 7.4 7.8 9.1 10.4 10 9.3 8.7 10.9 9.9 9.4 9.6 11.1 12.4 11.3 11.1 11 10.7 10.4 11.1 12.1 13.1 15.7 16.9 14.6 14.3 16.1 18.3 19.1 19.4 21.3 24.6 28.8 26.7 25.8 28.1 29.3 29.7 29.9 30.7 30.9 29.6 27.9 28.4 30.2 32
31.2 35.1 35.4 35.6 34.8 34 33 32.6 32.9 32.7 33 32.6 31.7 31 29.6 28.1 26.5 24.9 23.3 21.5 20.6 18.7 16.8 13.5 11.5 10.6 9.8 9.6 7.6 7.3 6.8 6.4 6.7 7 7.5 8.6 8.2 8 6.4 6.9 7.3 8.5 9.7 10.6 9.7 10.3 11.8 11.3 12.5 9.6 9.5 10.6 10.5 10.1 10.1 9.9 9.6 10.2 11.2 12.2 13.3 15.3 17.9 18.9 19.4 18.5 19.8 20.4 19.2 20.6 26.6 28.3 27.1 26.2 27.5 28.3 29.2 31.8 33.1 30.8 30.7 29.7 29.9 32.8 34.2
32.1 33.1 33.7 34.2 33.8 33.4 33.1 33 33.1 33 32.8 32.4 31.2 29.8 28.4 27 25.5 23.7 22 20.2 18 16.5 14.6 12.2 11.7 10.9 10.5 9.4 7.5 6.7 6.7 6.8 7.3 7.6 8.1 8.9 8.6 7.4 7.1 6.3 7.2 8.9 10.1 10.4 11.3 11.4 11.7 11.5 10.9 9.6 8.8 9.6 9.1 8.5 8.6 8.7 9.3 10.3 11.4 13.2 15 17 18.4 19.8 19.6 18.8 21.4 23.2 22.9 22.9 22.9 28.7 27.3 28.4 28.9 29.2 30.2 33.2 33 31 31.3 31.4 31.3 33 33.6
31.1 30.8 32.1 32.6 32.2 32.6 33 33.4 33.2 32.9 32.6 31.2 29.6 28.1 26.8 25.4 23.9 22.3 20.6 18.9 16.4 16.1 13.8 11.2 9.8 8.9 8.5 7.2 7.2 7.1 7.1 7.1 7.6 8.2 8.7 9 8.9 7.6 7.1 7.1 6.2 8.8 10.4 10.3 10 10.5 11 11.6 10.6 9.4 8.7 8.3 8.4 9.2 9.3 10.1 11.4 11.9 13.4 14.9 16.8 19 20 21.3 21.2 22.2 24.1 25.3 27.2 26.1 23.1 25.4 27.8 30 31.5 32.1 32.9 32 31.6 31 31.2 34.2 32.9 33.1 34.4
32.2 32 31.9 31.6 31.8 32.2 32.5 32.8 32 32.6 31.4 29.7 28.1 26.5 25 23.4 21.8 20.6 19.1 15.7 14.3 16.1 13.8 10.5 9.1 8.4 6.8 6.9 7.5 7.6 7.6 7.5 7.5 8.3 9.1 9 8.9 7.8 6.5 6.8 7 9.3 10.8 10.3 10.4 12.2 10.4 10.1 9.7 9 8.6 9.5 9.2 9.9 10.1 12.2 14.1 14.5 16.1 17.8 19.5 23.5 23.7 23 24.3 25.7 26.9 27 28.9 27.3 24.2 28.4 29.9 31.7 32.9 33.2 33.6 33.5 34 37.2 38.3 36.6 34.1 34.5 35.8
32.6 32.5 31.9 31.7 31.8 31.9 32.2 31.8 31.1 30.4 29.9 28.3 26.7 25 23.3 21.2 19.6 18.4 17.8 14.5 13 14.8 11.6 8.9 8.4 7.8 7.1 7.4 7.3 7.7 8.1 8 8.2 8.8 8.4 8.9 8.4 7.7 6.5 8.5 8.5 9.2 11 10.6 11.6 12.9 12.2 11.2 9.1 8.7 9.7 9.6 9.7 10.3 12 14.1 15.9 17.2 18.6 19.6 21.8 23.8 25 24.5 25.6 26.9 27.6 29.1 29.5 27.7 25.6 29.4 31.3 33 33.2 33.5 34.1 34.6 35 35.1 35.4 35.2 35.3 35.9 38.6
32.8 32.4 31.8 31.8 31.9 31.7 31.4 30.5 29.9 29.3 28.2 26.9 25.3 23.6 20.7 18 18.7 18.9 16.2 13.6 12.8 13.7 8.8 7.7 6.6 6.6 6.7 7.1 7.4 7.8 8.2 8.5 8.2 8 8 8.6 8.3 7.5 7.1 8.9 11.6 11 10.8 11 11.8 12.6 13.4 12.5 10.2 10.5 12.1 13 12 12.3 14.1 15.8 17.9 19.1 19.5 21.1 22.6 24 25.7 26 26.7 27.9 27.5 28.1 28.5 28.5 27.2 29.4 31.7 33.2 33.3 34.2 35.2 36.4 36.2 37 36.5 37 37.1 37.5 37.5
28.6 30 30.9 30.7 30.3 30 29.7 29.3 28.7 27.6 25.7 25 23.8 20.9 18.1 16.3 19.3 17.8 14.2 11.9 11.4 9.8 7.9 7.8 7.2 6.6 6.6 6.7 7.1 7.5 7.8 8.2 8.2 7.9 7.9 8.3 8 7.9 8.2 9.3 11 11 11.7 12.4 13.9 14.1 13.4 12.1 11.6 11.4 13.2 13 14.1 14.2 16 17.6 18.2 19.5 20.3 22.5 23.2 24.7 26.3 26.7 27 27.3 27.8 28.5 31.5 29.8 28 30.4 32.8 34 35.4 35.1 37.4 42.2 39.1 35.4 36.6 36.7 35.9 35.5 37.4
