Assets/StreamingAssets/GeoData/Data/nh/NH77.asc
ncols 200
nrows 200
xllcorner 270000
yllcorner 870000
cellsize 50
[rows 38 to 75 of 200, columns 0 to 86 of 200]
335.3 332 327.8 322.7 316.4 309.5 300.8 291.8 284.1 276.4 269.9 264.9 259.8 255.7 254 253.2 251.6 248.8 245.5 239.8 234.1 230.3 228 225.8 222.6 219.3 217.1 220.6 225.6 228 229.6 226.9 221.4 216.3 206.7 197.9 180.4 161.3 148.2 139.7 134.4 132.7 131.5 133.7 137.3 140.4 140.6 139.8 140 139.8 137.6 136.8 137.3 139.4 143.7 148.3 153.2 157.9 163.9 169.1 173.7 177.1 181.1 186.9 193.6 194.2 202.5 204.8 206.8 208.5 209.7 211.8 213.1 214.4 215.1 214.8 214.6 213.8 212.8 211.8 210.6 207.2 202.3 196.4 190.6 184.8 179.2
333.6 329.5 323.8 317.9 310.9 303.9 296.3 288.4 281.2 272.7 265.3 260.8 257.1 254.7 253.8 252.6 250.1 246.6 240.8 233.2 224.1 222.2 222.8 222.1 219.4 216.6 212.9 216.4 220.8 223.1 224 220.5 213.9 203.5 193.1 179.8 163 149.6 139 133.6 132.4 132.2 137.3 143.8 146.8 149.5 151.2 151.7 151.6 150.7 149.2 148.1 149.1 152.6 155.8 162.5 167.1 170.3 175.6 179.7 182.4 187.5 192.6 197.5 201.3 203.9 206 208.1 209.6 210.4 211.1 213.4 214.3 214.7 214.6 214.2 213.9 213.1 212.9 211.4 209.1 204.6 198.7 192.9 187.1 181.4 175.8
332.3 326.6 320.1 313.9 307 299.2 292.1 285.8 276.9 268.1 262 257.6 255.2 254.3 253.3 251.5 248.7 243.5 235.3 227 215.6 212.1 217.3 217.8 215.6 212.7 206.1 208.1 211.6 215.1 214.6 208.6 199.8 189.4 177.1 163.5 148.3 140.1 133.2 132.6 132.4 140.5 149.5 156.7 158.7 159.5 161.1 161.7 161.8 161 159.8 159.5 161.4 164.5 170.3 173.9 175.4 179.7 183.9 187.4 192.2 195.6 199.3 202.7 204.8 206.9 208.4 209.7 210.7 211.5 212.5 213.8 214 214.4 214.3 213.7 213.3 213.4 212.5 211.3 206.9 201.1 195.2 189.5 182.7 176.8 171.3
330 323.6 316.9 310.7 303.5 296 289 280.7 271.4 263.3 258.1 255.3 254.5 253.7 251.7 249.6 246.8 240.7 230.8 220.9 208.4 200.4 205.6 209.3 209 207.1 202.8 186.6 197.1 199.3 196.5 190.4 180.4 171.3 160.3 148.5 139.8 133.6 132.8 132.4 142.7 154.6 163.8 168.8 173.3 179.4 177.7 174.1 174.3 172.1 170.7 171.9 174.2 177 179.2 182.2 186.3 188.7 191.1 195.1 198.6 200.6 203.4 205.4 207.5 209.2 210.2 211 211.9 212.1 213.2 213.7 214.2 213.8 213.8 214 214.4 215 213 209.1 203.7 197.6 191.6 184.5 177.5 172.3 167.6
327.9 321.2 314.2 307.4 299.4 291.9 283.7 274.2 265.7 259.1 254.9 254.2 253.4 252.1 249.9 247.6 244.7 236.8 226.4 215.8 203.3 194.6 193.1 198.2 198.6 197.8 194.6 181.9 177.7 179.8 174.6 167.9 159.5 153.3 144.4 139 133.8 133.2 132.3 140.6 156.5 168.3 175.8 182.6 189.5 191.4 189.9 185.1 182.3 180.4 180.3 180.7 182.3 182.7 186.6 190.6 193.6 195.2 197.6 200.2 201.8 203.7 206.1 207.9 209.8 211.2 212 212 212.7 213.7 213.9 214 213.8 213.8 213.8 214.7 216.6 216.3 211 205.1 199.9 193.8 186.6 179.8 173.5 169 165.6
325.5 318.7 311.5 302.8 295 286.9 277.3 267.5 260.7 256.1 253.2 252.6 251.1 249.4 247.4 244.7 239.8 232.1 222.6 212.5 199.7 192.1 184.8 188 188.5 187.2 183.6 176.6 164.2 162.1 158.6 151.5 145.9 140.2 135.2 133.5 133.4 134 140.7 155.8 171 180.8 187.6 193.1 195.8 195.2 194.4 190.4 186.6 185.6 186.5 186.3 186.7 190 194.7 197.5 198.3 200.4 201.5 202.5 204.5 206 208.4 210.2 211.7 213 213.4 213.6 213.6 214 214 214 213.8 213.8 215.2 217.6 217.5 213.3 207.1 201.5 195.9 189.4 181.6 175.4 170.2 166.1 163.3
322.6 315.2 306.1 297.9 288.8 279.8 270.5 261.6 255.6 252.4 251.3 249.7 247.5 245.4 241.7 239.3 232.9 225.4 217.4 207.3 194.8 185.7 179.2 177.2 177.6 175.4 170.1 162 154.3 151.1 145.4 140.9 136.6 134.5 133.7 136.8 139.5 145.8 157.3 172.5 184.7 194.8 197.4 198.9 198 197.4 195.7 191.7 189.6 190.6 190.9 189.7 192 196.2 200.4 201.2 203.8 204.8 204.9 205.7 207.4 208.8 210.5 212.2 213.5 214 214.3 214.5 214.7 214.8 214.4 214.1 213.8 215 217.8 218 214.3 208.6 203.7 197.7 191.8 183.5 177.7 172 167.7 163.8 161.1
316.5 308.9 300.7 290.8 281.5 271.7 263 256.2 250.8 249.9 248.1 245.6 242.2 239.1 234.7 230.1 225.2 218.5 210.6 200.7 187.9 178.1 172.1 165.9 164 160.8 154 146.9 146.4 146.1 142.1 137.3 134.9 139 143.4 146.6 155 165.4 177.8 186.7 195.6 200.5 201.3 201.7 201.6 200 196.5 193.8 194.2 194.8 193.6 193 197.6 203.4 205.6 206.9 208.2 207.8 208.3 209 210 211.5 212.9 214 214.6 214.8 215 215.4 215.6 215.6 215.1 214.6 215.1 217.4 218.2 214 210.2 205 200.1 193.8 186.4 179.3 173.8 168.9 165.2 161.9 159.5
310.7 302.7 293.5 283.8 275.2 265.8 257.6 251.2 247.6 246.3 243.9 240.2 235.5 229.8 225.3 221 215.8 209.1 198.3 188.8 177.8 169.3 162 154.8 150.6 147.9 142 140.2 142 141 138.1 140.8 147 153 159.6 167.2 176.4 184.5 193.1 199.5 203.2 204.2 204.7 205.7 204.6 201.6 197.8 197.2 197.9 195.6 195 198.3 205 207.5 210.3 211.3 211.6 211.4 211.6 211.7 212.5 214 215.9 216 215.1 215 215.3 215.6 215.5 214.9 215.1 214.9 216.4 217.5 215.2 210.8 206.3 201.4 195.9 188.9 182.2 175.7 170 166.6 163.1 160.6 158.5
305.5 296.2 286.8 277.2 269.2 261.7 253.7 247.9 244.6 241.3 238 233.3 227.2 221.3 215.6 211.2 205.7 195.6 183.8 173.7 163.8 156.2 149.7 144.7 142.7 140.7 138.6 138.7 138.2 142.5 149.4 158.3 166.5 171.8 178.4 185.4 191.1 196.8 203.8 206.1 207.3 208.5 209.2 209 205.9 202 199.8 200.9 198.8 196.8 199.3 205.7 209.3 212.9 213.8 214.8 215.1 214.2 214 214.5 215.8 217.6 218.6 216.8 215.6 214.6 214.8 215.2 214.8 214.3 214.4 215.3 215.7 214.5 212.3 207.5 202.7 197.4 191.8 183.7 177.4 171.7 167.8 164.4 162 159.9 157.7
299.5 289.7 280.1 270.2 261.8 254.9 249 244.5 240.9 235.6 229.9 224.5 218.4 212.4 206.3 200 191.4 180 168.9 158.2 149.4 143.1 140.1 139.3 138.8 138.6 139.1 142.6 150 158.5 166.3 174.9 182.6 189 195.5 200.4 204.5 207.4 209.3 210.6 212.2 213.4 212.2 209.2 205.3 202.4 202 201.3 199.5 200.3 205.6 210.7 214.6 217.4 218.2 217.5 216.9 216.2 216.5 218.2 220.4 221.3 220.3 218.3 216.2 215 214.4 214.3 214 213.9 213.9 214.6 214.1 211.2 208 203.8 198.7 193.3 184.7 178.7 172.8 168.7 165.9 163.3 161.1 159.1 156.9
292.8 283.3 273.5 264.4 255.9 249.4 244.4 239.7 235.6 229.3 222.2 214.7 208.6 202.2 194 184.1 176.4 166 154.6 145.7 140.4 139.3 139.1 138.7 138.9 142 145.7 154 166.1 175.6 183 190.1 196.6 204.7 208.9 210 211.4 212.2 213.9 215.7 217.1 215.3 212 207.9 204.4 203.6 202.7 202 202.5 206.4 210.6 215.6 219.4 220.8 219.9 219.9 219.6 219.7 221.2 223.2 225.3 224.4 222.3 219.6 217.2 214.9 213.9 213.4 212.6 212.6 212.5 213.4 211.7 208.2 203.8 200.4 194.4 187.1 180 174.2 170 166.8 164.4 162 160 158.1 155.9
285 275.9 267 258.4 251.2 245.2 239.8 234.1 227.7 220.4 213.2 205.1 198.4 190.8 182.6 174 161.8 149.4 141.7 139.2 139.4 139.7 140 140.4 143.8 150 161 170 181.1 190.2 197.6 204 209.4 213.4 214 214.5 215.3 217.2 219.7 221.1 218.6 214.6 210.5 207 205.3 204.8 203.9 204.9 207.3 211 214.5 219.8 222.2 222.3 221.7 221.5 222.1 223.6 225.9 229.1 229.4 227 224 220.5 217.6 214.8 212.9 211.6 210.7 210.6 210.5 210.8 209 204.8 200.7 195.3 188.4 181.5 175.9 171.5 168.3 165.1 162.7 160.3 158.4 156.6 154.5
277.7 268.3 259.3 251.2 244.1 238.8 233.6 227 219.2 211.3 201.7 194.2 187.1 178.9 170.7 158 145.7 141.1 139.6 140.3 140.7 140.9 141.7 146.5 152.8 165.3 177.1 186.2 195.3 204.2 212.3 216.7 218 217.5 217.5 217.7 220.2 224.3 225.4 221.8 216.6 212.7 209.7 207.7 206.2 205.9 207.1 209.3 211.6 214.3 218 221.8 223.4 223.4 223.2 224.3 225.6 228.7 232.7 233.7 231.4 228 224 220.2 216.4 213.6 211.3 209.7 208.7 208.7 208.6 207.6 204.8 200.9 196.4 190 183.1 177.3 172.8 169.4 166.5 163.3 160.5 158.7 156.7 154.7 151.9
269 259.9 251.2 243.3 236 230.7 224.8 217.4 209.7 201.2 192.8 185 175.5 164.7 153 144.5 139.7 140.4 140.9 141.2 141.8 142.7 149.1 155.5 167.6 181.3 192 201.5 211.5 218.9 224.3 225.1 222.5 221.2 221.3 223.9 228.1 229.3 225.8 220.7 215.1 210.8 208 207.6 207.2 209 210.6 212.5 214.1 217 221.2 223.6 225.5 225.4 225.5 227.4 231.1 235.6 239.3 236.5 232.2 228 223.8 219.3 215.5 212.2 209.3 207.7 206.8 206.6 206.1 204.4 200.6 196 190.8 184.3 177.8 173.7 170.5 167.3 164.3 161.4 158.4 156.5 154.5 151.9 148.3
259.5 250.9 242.8 234.6 227.8 222 215.5 207.6 199.8 192.8 183.8 172.6 162 150.9 144.5 139.9 140.3 140.9 141.5 142 145.9 151.9 160.3 169.8 181.4 194.2 205.3 216.3 226.4 229.8 230.2 227 225.4 224.9 227.6 231.5 232.7 229.2 223.9 218.5 213.2 208.4 207.6 207.9 210.3 212.7 213.3 214.4 216.6 220.4 223.4 225.8 227.5 227.3 228.3 233 238.9 241.8 240.8 236.8 232.3 227.4 222.5 217.1 212.3 209.5 206.9 205.1 204.6 204.1 203.6 200.8 196.8 190.5 184.8 178.5 174.3 171.3 168 164.9 162 159.1 156 153.5 151.4 148.4 144
250 242 234.9 227 220.4 214.4 207.9 200.8 192.8 184.3 171.8 160.3 150.9 143.8 140.3 140.5 141.2 141.7 143.3 149.8 157.5 166.6 174.5 183.1 193.6 206 218.6 230.3 235.5 233.7 229.5 227.8 227.7 229.4 232.2 233.8 231.3 226.4 221 215.6 210.3 206.4 207 208.9 212 213.7 213.8 216.4 219.7 223.4 225.7 227.7 229 229.1 232.2 239.5 246.7 244.4 240 235.7 231.2 226.4 221.8 214.9 209.3 206.9 204.5 202.8 202.4 201.8 200.9 196.6 192.6 185.3 179 174.5 171.6 168.6 165.5 162.4 158.9 155.5 152.5 149.9 147.6 143.9 139.7
241.3 234.1 227.7 221.4 215.4 208.8 202.4 193.9 184.3 173.3 161.9 152 145.5 141.1 141.1 141.2 141.8 145.7 152.6 159.6 169.5 179.2 187.2 195.9 206.1 217.2 230.6 239.6 236.3 231.7 229.8 229.9 231.3 232.5 232.7 231.2 227.3 222.8 217.9 212.2 207.8 205.1 205.7 208.1 210.8 212.4 214.2 218.1 222.5 224.6 226.2 227.8 229.5 232.4 237.8 245 247.4 243 238.2 233.8 228.6 223.3 217.4 209.5 205.4 203.1 201.3 200.7 200.1 198.5 195.2 190.4 185.1 179.4 174.9 171.8 169 165.9 162.9 159 155.3 151.8 148.9 146 143.1 139.2 135
233.5 228.3 222.1 218 211.2 203.2 195.2 183.6 172.4 162.5 154.7 147.6 143 142.3 142.8 143.9 149.1 155.6 162.5 171.7 181.7 190.8 199.5 208.5 217.5 226.6 238.2 238.5 234.5 232.6 231.9 231.6 232 233.1 231.2 227.2 223.2 219.7 214.1 208.5 204.8 202.9 204.2 206.8 209.6 211.7 215.1 219.7 223 224.5 225.7 227.3 229.3 234.3 241 247.1 245.6 241.8 236.8 229.7 222.5 215.3 209.7 204.3 200.8 198.9 198.6 198 196.6 192.6 188.1 183 178.9 175.1 172.2 169.5 166.7 163.2 159 154.6 150.8 148 144.4 141.4 138.3 134.3 130.4
231.1 225.9 205.4 211.4 209.9 199.4 185.7 172.8 161.8 154.6 149.5 145.5 144.4 146.1 147.5 151 158.3 165.2 173.4 181.7 191.4 200.8 211.1 219.2 225.2 233.2 239.6 236.6 234.6 233.2 232.2 231.7 232.3 230.8 228.6 224.3 220 215 209.7 204.4 201.7 201.1 203.1 205.8 207.4 210.6 213 216.1 219.9 222.8 224.1 225.7 228.1 232.5 238.2 241.4 240.8 238.5 231.3 224.6 216.1 208.6 202.9 199.1 196.6 195.4 195.7 194.6 190.6 186.1 181.4 177.4 174.6 172.1 169.7 167 163.5 158.9 154.6 150.5 146.6 143.4 139.7 136.7 133.1 129.7 126.8
228.2 218.5 210.8 198.9 194.2 186.3 175.3 164.5 157.4 152.3 148.4 147.3 148.5 151 154.2 160.8 167.1 173.3 180.3 188.8 198.9 210.1 219.4 226.2 232.3 236.5 239.1 237.9 235.6 232.3 230 230.3 231 228.8 225.4 220.4 215.5 210.1 204.7 201.3 200.1 199.7 202 202.4 205.2 207.9 210 212.1 215.7 218 220.7 223.8 226.4 229.6 233.2 234.7 234.9 232.7 222.5 214.8 207.7 201.6 197.8 195.6 194.3 193.4 191.7 189.2 185.4 180.8 177.3 174.3 171.4 169 166.6 163.6 159.2 154.2 150.1 146.3 142.4 138.9 135.5 132 129.2 127 124.5
242.2 231.7 218.1 203 190.6 174.9 164 160.8 156.2 152.5 150.2 150.8 153.6 157.6 162.2 168.2 175.2 179.8 187.8 196.4 206.6 218 227.5 232.4 236.7 239.5 240.4 237.3 233.5 229.4 227.2 228 228.8 226.5 221.5 216.2 210.8 205.5 201.5 199.4 197.5 198.4 198.4 199.9 202.2 204.1 206.4 208.8 211 213.1 216.4 219.6 222.9 224.9 226.4 227.5 227.6 221.7 211.1 205.2 199.9 196.2 193.7 192.8 191.7 189.6 187.5 184.6 180.4 176.9 173.8 170.9 168.1 165.6 162.7 158.9 154 149.2 145.7 142 138.3 135 131.9 129.2 127 124.7 122.5
234.6 223.7 211.3 195.1 176.5 170.7 161.7 157.9 155.1 152.9 152.5 155.2 159.4 164.3 169.5 175.4 180.2 186.5 195.4 204.2 214.5 224.9 231 235.2 236.6 236.4 237 234.1 229.3 225.9 223 222.8 223 221 216.5 211.2 206.1 201 198.4 195.4 194.1 195 193 197.1 199.3 201.2 202.9 204.2 206 208.1 211.1 214.1 216 217.2 218.2 218.6 214.3 207.4 202.6 197.9 194.9 192.2 190.9 189.9 188.2 186.1 184 180.2 176.6 173.1 169.5 166.2 163.6 161.2 158 153.8 149.4 145.7 142.3 138.8 135.2 132.1 129.5 127.5 125.4 123.2 121
228.9 213.8 197.9 185.1 169.6 167.4 159 156.8 155.2 153.1 154.2 158.9 164.2 169.4 174.9 179.1 184.7 193.1 201.2 209.7 219.5 225.8 228.1 230 228.9 229.8 231.2 229.1 225.5 221 218.2 216.6 215.3 213.2 209 204.6 200.2 196.5 192.6 188.6 188.7 186.9 190.2 192.4 194.4 196.2 196.8 197.7 199.2 201.9 204.9 207 208.3 209.2 208.6 207.8 205.5 201.2 197.3 192.6 190.4 189 187.9 186.7 184.9 182.8 180 176.1 172.2 168.1 164.5 161.7 159.1 156.7 153.7 149.5 146.3 143 139.6 136.2 133 130.3 128.1 126 123.8 121.6 119.1
217.7 205.9 186.4 174.3 163 161.3 157.8 157.6 157.2 155.1 154.7 160.2 165.7 170.7 177.3 181.4 190 198.6 206.3 213.9 221.8 224.7 225.3 222.2 219.8 223.2 225.3 225 221.8 216.4 213 209.5 207.3 205.1 200.5 195.9 191.9 188.5 185.2 181.4 182.5 181.4 184.3 186.4 188.7 189.5 189.1 189.7 191.8 194.1 197.6 198.9 199.6 200.8 200.6 200 198.5 195.8 192.2 188.3 187.3 185.9 184.6 183.2 181.4 179.1 175.4 170.8 166.7 162.9 159.9 157.2 154.6 152.4 150 146 143.1 140.4 137.6 134.4 132.1 129.7 127.5 125.3 122.7 119.7 117
204.1 193.8 178 166.2 161.4 157.4 157 156.8 156.4 156.3 154.6 157.4 164.2 171.8 177.7 185.1 193.3 200.6 208.5 216.3 222.5 222.2 217.7 213.3 212.1 217.6 221.2 219.9 216.2 211.5 207.1 202 198 195.9 190.1 185.6 182.9 181.6 178.1 175.4 175.5 176.6 178.6 182.2 183.2 182.5 181.6 181.6 183.5 186.9 189.5 190.8 192.2 194 194.2 193.2 191.8 189 185.9 184.5 183.1 181.7 180.7 179.2 177.5 174.1 169.7 165.3 161.1 157.4 154.3 152.1 150.9 148.6 146.2 144.2 141.8 138.9 136.2 133.8 131.4 129.2 126.7 124.1 121 118 115
182.4 173.7 163.1 160.3 160.3 155 153.4 154.2 156.3 155.8 153.6 153 160.8 169.6 176.1 183.7 191 198.6 207.1 212.7 217.4 213.7 208.7 204.4 206.4 213 216.2 215.3 211.7 207.1 202.5 197.3 192.1 187.4 183.9 180.3 177.9 176.6 173.9 171.4 171.7 173.1 177.1 177.4 176.6 175.4 175.3 175.6 176.8 179.3 182.3 184.5 187.4 189.1 188.6 187 185.2 182.2 180.7 180.1 178.2 177 176.1 174.9 172.4 168 163.2 158.8 155.1 152.2 150 148.3 147.5 145.7 144.5 142.7 140.6 137.9 135.6 133.2 130.8 128.4 125.6 122.5 118.9 115.5 112.1
159.9 158.4 158.4 157.3 157.9 155.8 157 152.6 151.9 151.8 153.6 151.4 157.1 164.2 171.3 178.3 185.9 193.4 200 204.6 207.5 202.9 198.2 196.4 199.7 208.5 212.6 211.3 207.9 203.3 198.8 194.3 189.7 185.1 181.8 179.2 176.5 173.8 170.8 167.8 168.8 169.4 171 170.5 169.2 169 169.5 170 171.3 173.1 175.7 178 180.6 181.7 181.6 179 177.1 175.8 174.7 173.7 172.1 171.5 170.9 169.4 166.4 160.4 155.1 151.2 149 147 145.9 145.4 144.8 143.9 142.8 141.4 139.2 137.8 135.1 132.5 129.7 126.7 123.6 120.3 116.2 112.6 109.5
153.4 150.6 150.7 152.9 151.9 147.8 151.2 149.1 149.1 151.9 151.1 150.8 152.9 156.9 163.4 170 177.9 186.3 193.7 197.3 196.3 192.9 187.3 187.7 193.6 203.5 209.4 207.7 204.1 200.1 195.9 191.6 187.3 184 180.9 177.7 174.1 170.1 167 164.8 164.2 164.5 164.6 163.7 163.2 164.1 164.5 164.7 165.4 167.2 169 171.3 172.9 172.6 171.8 170.1 168.5 167.1 166 165.5 164.9 164.4 164 161.7 157.7 152.3 146.2 144.5 143.1 142 141.5 141.6 141.9 141.8 140.9 139.9 138.3 136.3 133.7 130.8 128.1 125.4 121 117 113.1 109.2 106.6
138 139.8 141.7 144.9 152.3 153.3 151.5 151.6 151.7 153.3 151.5 150.6 150.4 149.8 153.6 159.4 165.2 173.5 181.7 186.7 186.2 184.3 177.8 179 186.1 198.7 204.8 204.4 201.4 197.3 193.2 189.3 185.1 182.1 178.6 174.4 170.4 166.3 163.5 160.3 158.2 157.2 157.4 158.5 158.9 159.3 159.1 159.6 160.6 161.5 162.9 164.5 164.4 163.4 162.2 160.4 158.7 158.7 158 157.8 157.5 156.8 155.9 153.4 149.6 144.6 138.9 137.5 137.6 137.4 137 137.5 137.8 137.7 138.2 137.8 136.8 133.5 131 128.8 126.1 122.1 117.7 113.6 110.1 106.6 104.8
133.9 133.3 131.3 135.8 142.2 147.7 145.9 149.4 152.2 153.1 153.3 152.6 149.9 148.7 148.4 148.4 153.1 159.5 165.9 172.5 174.1 169.9 169.7 171 180 193.4 197.8 199.2 197.5 194.1 189.6 185.6 181.7 178.6 175 170.4 166.2 160.5 157.3 153.8 151.8 152.9 154.1 153.2 153.5 153.5 153.5 154.4 155.2 155.4 155.9 155.9 154.5 152.2 150.2 150.3 150.7 150.3 149.5 148.7 148.3 148.8 147.9 145 141.3 136.3 131.1 131.3 131.9 132 132.7 133.4 133.4 133.2 133.7 133.8 132.6 130 127.7 123.5 121.6 118.5 114.3 110.1 106.8 104.7 103.2
135.5 135.6 133.6 132 130 132.2 133.3 134.9 124.4 120.7 137.9 149.2 148.6 147.3 148 148 146.4 145.4 149.8 156.9 161.1 162.8 161 161.9 172.6 186.3 189.9 192.1 190.7 186.4 183.7 179.9 177.7 173.9 169.6 164.9 159.9 154.3 150 142.6 147.9 149.3 149.1 148.1 147.5 147.1 146.5 147.3 147.6 146.8 146.1 144.5 142.5 140 140.4 141.8 142 141.7 140.5 139.6 140.2 141 139.5 137 132.9 130.1 124.7 126.5 125.8 126 127.3 128.6 128.7 128.3 128.1 127.9 127.2 125.6 123.7 114.4 115.3 113.8 110.2 107.1 104.6 102.9 101.2
135.8 147.3 142.9 140.9 136.5 135.3 131.4 127.7 134.8 133.9 123.9 124 133 140 145.5 146.7 146.6 145.4 144.7 144 148 150.6 149.6 152 162.9 177 181.7 181.9 180.7 176.2 174.7 172.9 170.7 167.3 162.2 156.6 151.4 143.2 141.5 135.6 144.7 144.5 144 143.2 141.8 140.2 139 137.5 137.5 135.9 134.4 132.4 131.5 130.9 131.5 132.3 131.4 131.2 130.9 131.6 132.1 132.4 130.4 128.1 124.4 122.3 119.8 118.6 117.6 118 120 121.1 121.7 121.7 121.4 121.1 120.4 118.6 114.6 112 111.2 108.7 106.8 104.9 102.6 100.5 99.1
156 159.1 161.6 161.9 162.1 157.6 151.3 147.3 152.1 147.1 136.5 127.8 118.4 116.3 123.2 134.6 125.1 121.6 136.5 138.1 139.1 141.8 141.9 140 147 162.7 172.4 174.1 171.9 169.8 165.7 162.6 159.9 157.2 150.9 144.4 139.9 139 138.7 128.9 138.3 138.6 138.9 137.2 135.8 133 130.6 128.5 126.7 125 123.3 123.2 123 122.8 122.7 121.6 122 122.1 122.2 123.3 124.4 123.8 121.7 118.6 115.6 113.4 110.8 110.8 110 110.1 112.9 113.6 114.6 114.4 114.2 113.7 113.5 112.5 109.8 108.3 106.7 105.1 103 100.7 99 97.4 97
171.2 174.1 175.6 175.7 174.5 171.2 168.5 163.4 161.7 156.7 151.2 141.1 128.2 119.2 116.4 120.7 115.5 113.3 112.1 110.2 107.8 115.1 118.5 118.6 116.5 131.1 158.2 164.5 165.3 164 158.8 154 149.4 144.8 139.5 134.5 130.3 133.2 136 130.3 129 127.6 129.3 126.4 126 124.2 121.2 119.8 117.3 114.9 114 114.3 114 113 112 111.5 112.1 112.9 112.9 113.7 115.6 115 113.2 109.9 107.3 105.4 103.1 102.4 102.6 101.8 105.2 106.2 107.2 107.5 106.9 105.9 106.6 106.5 105.2 103.6 101.7 100.7 98.5 96.5 95.5 94.6 94.6
187.6 188.7 189.2 188.5 186.1 181.6 177 171.7 169.1 165 159.8 153.7 143.8 124.9 118.3 114.3 114.3 114.1 125.5 134.1 135.8 134 124.5 118.8 118.8 109.1 128.2 145.8 154 153.1 149.2 145.7 139.4 135.3 131.5 125.9 120.8 123.9 123.3 121 116 111.6 113.3 110.8 111.7 113.1 112.7 111.1 108.1 106.5 105.4 102.8 101.8 102.7 102.1 101.8 102.5 104.1 104.3 104.8 105.9 106 104.6 101.4 99.1 97.6 96.2 94.3 95.9 96.8 99 100.8 101.9 102.4 101.7 100.1 99.3 99.5 98.5 97.6 96.3 95.1 94.3 91.8 91.5 91.3 90.7
204.4 204 201.6 197.8 193.5 187.5 180.7 177.2 173.9 169 164.1 159.6 152.1 135.8 126.6 119.8 119.7 128.4 136.8 143.4 144.1 143 137.9 135.2 133.9 126.5 99 113.1 136 140.6 137.8 133.2 129.5 125.4 120.8 117.5 116.5 113 111.7 109.1 106.1 104 102.3 102 104.4 103.2 101.4 100.9 99.6 98.1 95.4 93.2 92.3 92.8 94.1 93.2 93.4 95.1 95.2 95.4 96.5 98.5 96.1 93.8 91.8 90.7 90 82.2 83.6 94 96.3 98.3 98.8 97.7 95.6 93.9 92.9 92.8 91.7 91.3 90.9 90.1 88.6 87.1 87 85.6 84.9
219.8 217.6 213.8 207.2 199.3 191.6 185.4 181.8 177.2 171.6 166.7 161.8 158 152.9 148 141.5 141.6 145.3 144.2 144.3 143.3 142.7 142.3 141.3 141.4 138.5 131.1 107.4 118.7 129.2 128.8 122.4 118.7 118.1 115.4 113.9 113.1 111 110 107.5 105.3 106.1 104.2 98.8 95 95.4 93.5 93 92.5 92.5 90.6 88.4 86.9 84.9 85.4 84.9 85.5 87.4 88.1 88.2 88.9 88.6 87.6 86.6 84.5 83.7 83.8 76.3 82.9 91.3 93.6 93.9 92.4 92.6 89 87.6 87.6 87.4 88 87.3 86.8 85.9 84.7 83 82.1 80.5 78.9
