Assets/StreamingAssets/GeoData/Data/nh/NH81.asc
ncols 200
nrows 200
xllcorner 280000
yllcorner 810000
cellsize 50
[rows 105 to 139 of 200, columns 0 to 77 of 200]
484.4 499.6 513.4 536 558.8 579.5 599.2 617.5 636.5 656.9 673 683.2 688.1 674.2 659.8 648.6 641.9 633.5 625.6 619.7 610 598.6 584.7 577.6 569.8 559.3 550.1 539.4 528.6 518.3 511.8 505.7 499.4 495.3 491.2 486.5 480.8 476 471 466.3 462.8 459.5 455.9 451.5 452.3 454 451.4 456.8 460.2 462.6 465.6 467.1 469.3 472.1 474 474.8 474.8 476 476.5 477 478.2 479.7 480.4 478 478.8 487.3 491.6 494.5 497.8 500.9 503.2 505.6 508.2 511.4 515.6 519.3 522.8 525.7
494.4 506.9 521.1 540.8 563.4 582.9 601.1 616.2 633.9 657 677.7 685.4 695.8 686.7 671.7 661.4 653.2 645.2 641.2 634.1 624.3 609.6 598.1 587.6 574.5 561 549.7 538.2 528.8 520.7 513.6 507.9 503 499.1 494.8 489.3 483.1 477.7 472.1 467.5 463.8 460.3 456.9 453.1 455.4 457.1 457.3 455 463 465.3 466.5 469.4 471.4 473.6 475.6 475.9 475.7 477.6 478.7 480.1 481.7 482.7 483.8 484.7 483.6 484.4 489.6 494.5 497.9 501.4 504.3 507.4 509.9 512.9 517.2 521.2 523.9 527.3
499.5 514 528.3 550.3 569.5 587.3 603.6 618.1 639 659.8 678.6 692.2 702.5 700.4 687.4 675.7 668 665.1 663 655.8 640.1 621.8 610.2 596.6 579.6 562.3 548.6 538.8 531 522.3 516 510.5 506.5 502.3 497.5 490.7 485 478.4 472.7 468.6 464.8 460.9 457.3 456.6 458.7 460.3 461.9 459 464.6 467.6 469.5 471.1 473.2 474.4 475.6 477.7 477 479.8 480.9 482.8 484.2 485 485.7 487.1 488.2 488 488.8 494.4 498 500.5 505.1 508.5 511.4 513.7 519 521.9 524.9 528.5
503.8 517.5 538 559.9 576.6 592.9 609.5 627.1 648.2 667 687.7 701.5 709.5 713.5 703.7 693.5 686.9 684.2 683.1 682.6 658.2 635.7 621.5 603.9 581.5 564.1 550.6 540.7 532.2 524.1 518.6 512.9 508.4 504.7 499.3 491.7 487 479.7 474.1 470 465.8 461.8 457.4 460.2 461.9 463.6 465.3 465.2 461.4 469.1 471.5 473 474.3 476.2 477.7 479.2 480.4 482 483.4 484.9 486.1 487.3 488 489.1 490.6 491.1 489.3 494.9 498.9 502.1 506.1 509.4 511.8 515 518.7 521.8 525.3 529.3
510 524.1 545.3 569.2 587.6 605.1 624.5 647.2 666.2 683.4 695.1 708.5 721.1 726 718.3 707.8 703.7 701.8 699.8 688.9 666 644.7 630.9 608.1 586.9 568 553.7 541.3 533.5 525.7 519.5 514.8 510.1 506.3 499.8 493.5 487.1 481.2 476 471.3 467.2 462.4 461.9 463.7 465.3 467.1 468 468.8 460.2 469.1 473.4 474.9 475.8 477.2 478.7 480.2 481.7 483.8 484.7 486.7 488 489.5 490.4 491.3 493 493.7 491.5 495.3 499.3 502.4 506.6 509.4 512.1 515.1 518.5 521.9 525.8 529.7
517.7 532.9 555.7 577.8 596.6 618.2 643.2 666 682.4 696.8 708.2 721.3 730.6 737 728.9 721.2 718.3 715.5 707 688.6 666.3 649.7 628.2 610.3 591.2 571.8 554.7 543.3 534.1 526.6 520.1 514.8 510.2 505.5 498.4 492.8 486.6 482.4 476.9 472.1 468.2 463.3 465.2 467.2 468.8 470.2 471.2 471.4 466.6 469 474.8 476.4 476.5 478.1 479.6 481.5 483.1 485.5 486.5 488.2 489.9 491.4 492.9 494 495.5 495.9 496.2 495.7 500.2 503.2 506.5 509.4 512.4 515.4 518.6 522.5 526.3 530.1
526.7 542.4 565.7 586.6 607.8 631.2 656.7 679.5 694.1 707.4 722.8 734.3 741 742.1 736.4 730.4 726.2 720.6 705.6 685 663 643.7 626.5 607.9 593 573.6 556.4 544.1 534 526.4 518.9 514.1 508.9 503.6 497.4 492.5 488.1 483 477.6 473 468.8 469 470.1 471.3 472.5 473.6 472.9 473.8 471.4 469.4 475.7 477.6 478.7 479.1 480.7 482.9 485.1 486.9 488.6 490.1 491.6 492.9 494.8 496.4 497.5 498.3 499.1 498.1 499.2 503.5 506.7 509.5 512.6 515.7 518.8 522.7 526.4 530.9
535.6 552.5 573.2 595.6 618.2 642.1 667.4 688.9 702.1 716 730.5 740.7 745.5 742.7 736.3 730.1 725.5 715 697.7 675.6 654.5 638.4 622 606.7 589.9 572.9 556.5 543.8 533.9 524.8 517.2 511.5 506.3 502.1 497.7 492.8 487.8 482.4 478.3 473.4 470.2 472.3 473.1 474.6 475.3 475.8 475.7 475.6 474.1 469.3 476.8 478.3 479.6 480.9 482.6 484.4 486.3 488.1 489.9 491.8 493.3 494.5 496 498.6 501 501.3 501.7 501.7 502.3 504.7 506 510.5 513 515.7 518.9 522.5 526.7 531.8
543.5 559.4 580.8 603.6 628.1 650 673.5 693.2 711.2 721.9 736.6 740.5 739.8 736.8 730.1 721.8 716.5 705.2 686.4 667 652.2 636 617.7 602.1 585.7 568.7 554.2 542.5 532.1 522.4 515.1 509.1 505.8 501.3 496.5 491.7 487 482.4 478.3 474.8 475.8 477.6 478.3 477 477.3 477.7 477.7 477.5 473.6 472.2 477.5 479.1 480.5 482.6 484.7 486.4 488.1 489.6 491.6 493.4 495.2 497.2 498.7 499.9 502.4 504.4 504.9 505 504.9 506.3 508.8 511.5 513.6 516.6 519.4 523.3 528.2 533.3
547.7 565.8 586.6 609.8 634.1 654.4 675.1 696.7 709.5 723.9 736.7 736 732.4 729.2 720.3 709.7 702 691 675.9 661.5 647.7 630.7 612.7 594.9 580.3 566.5 552.3 540 529.5 520.3 511.7 508.2 504.9 499.1 494.3 490.2 485.3 481.7 481.7 481.2 481.8 482.9 482.7 480.8 479.8 480.1 479.8 479.3 476.8 474.8 478.4 480.1 481.8 484.4 486.7 488.3 489.7 491.3 493.5 494.9 497.9 501.2 502.5 502.9 503.6 506.2 508.2 508.3 508 507.9 510.1 512.8 515.6 517.6 520.5 524.3 529.3 534.6
551.1 570.1 591.7 614.9 636.2 655 676.8 696.1 710 722.8 732.4 730.5 726.3 719.5 710.6 697.2 688.2 679.1 668.4 655.4 640.5 623.2 605.9 587.7 575.1 562.7 549.2 535.5 526.2 516.3 510.3 507.3 503.6 497.8 493.1 489.1 488.9 487 486.9 485.9 486.5 486.5 486.8 485.7 483.2 482.1 481.9 480.7 478.5 475.5 479.9 481.7 483.4 485.8 488.2 490.1 491.2 493 494.8 497.7 501.9 505.9 507.8 508.4 507.9 509.4 510.2 511.1 511.3 511.2 512.2 514.4 517.4 519 522.3 525.7 530.8 535.2
554.2 573.8 593.6 615.9 633.4 653.6 675.3 690.1 707.7 716.9 721.3 721.5 718.1 711.7 698.6 686.9 677.5 668.8 661.1 645.9 632.1 615.1 599.8 583.1 568.5 556.3 543.8 532.4 522.9 513.9 509.9 506.4 502.1 496.3 496 494.7 493.4 491.9 491.8 492.5 492.7 491.7 491.7 489.5 485.5 484.2 483.6 481.6 479.7 475.4 481.6 483.6 485.3 487.4 490.1 491.9 492.8 495 497.3 502 506.5 510.9 513.8 514.2 513.1 513 513.3 514.3 514.2 515.6 515.8 517.6 520 522.3 524.4 527.7 532.2 536.5
558 576.2 594.4 614.6 632.3 652.5 671.2 684.3 699.4 707.8 712.2 713.9 710.9 697.8 684.7 676.5 668 661.3 650.3 637.5 621 606.1 596.1 578.2 563.7 549.8 537.7 528 518.9 514.5 509.9 505.8 500.4 502.4 500.9 500.3 498.4 496.7 497.8 499.1 498.6 497.5 495.5 492 487.6 486 485.1 483 481.2 479.6 482.9 485.4 486.2 489.1 491.2 492.9 494.8 497 500.3 506 510.7 515.5 519.1 519.9 518.6 516.4 516.3 516.6 516.7 518.6 519.3 521 522.5 524.5 526.9 528.2 533.6 538.2
560.3 578.1 594.9 612.5 630.8 647 665.2 679.7 690.6 699.3 703.5 705.4 699.8 685.8 675 668.3 662.5 654.5 641.7 626.4 612.4 603.4 589.7 575.7 561.2 544.3 534.2 525 520.1 515.3 510.3 506.5 507.2 505.1 505.5 504 503.9 504.2 505.4 505.1 503.4 501.7 498.3 494.6 489.3 487.5 486.4 484.8 480.6 482.3 484 486.6 488.8 490.7 492.3 494.1 496.4 500 504.9 510.6 515 521.3 524.6 525.4 524.1 522.5 520.4 519.4 519.9 521.4 523.3 524.4 525.5 527.1 529.9 530.9 535.1 537.6
562.3 579 593.1 608.6 625.4 640 656.3 672.1 681.6 687.7 692.7 696.3 688.4 676.3 668.9 663.3 658.1 649.4 635.4 620.7 609.3 600.6 587.3 570.7 554.2 541.3 533.4 525.7 521 516.2 511.8 511.7 512.8 512 510.8 511 510.6 511.1 513 510.8 508.6 505.7 501.3 495.9 491.6 489.1 487.4 485.6 480.9 483.7 486.4 488.1 489.9 491.7 493.6 496 498.6 503.4 510.1 514.6 520.3 526.9 529.5 531.2 530.1 526.1 523.7 523.4 523.7 524.8 526 527.4 529.3 531.2 533.5 534 538.5 542.3
561.5 576.5 590.1 603.5 616.5 631.2 644.9 659.9 670.4 676.4 683.6 687.5 681.5 669.7 664.3 660.3 655.5 644.4 630.8 617.4 607.8 598 582.9 563.6 551.1 541.3 533.2 526.4 522.3 517.6 516 517.9 519.2 518.6 517.9 517.5 517.3 518.9 519.8 516 513.1 508.5 502.8 496.9 493.2 490.4 488.5 486.5 485.9 482.7 487.8 489.5 491.2 492.9 495 497.9 501.3 507.8 513.8 519.2 526.8 532.6 536.1 537.8 536.2 532 528.1 528.2 528.1 527.8 528.8 530.6 531.6 534.4 537.5 539.7 540.1 545.3
561.4 573.4 585.4 597.6 609.5 621.4 635 646.7 656.6 665 674.3 676.7 670.6 663.6 661 658.4 651 638.8 625.8 616.4 606.7 592.2 574.2 557.4 547.6 540 534 527 522.9 517.2 522.3 524.7 525.2 525.6 524.4 525.1 525.3 526.1 526.3 521 516.5 511 504.3 498 494.8 492 489.9 487.1 487.8 483.5 489.2 491 492.8 494.7 496.9 499.3 505.5 511.4 518.4 524.5 532.2 538.9 542.3 544.8 542.5 538.4 533.4 534.1 533.6 532.8 533.1 534.3 535.3 537.5 541 544.4 545.8 547.6
560.1 570.6 580.1 591.9 602.6 613.3 625.2 635.5 644.1 654.1 661.9 663.2 659.4 656.9 656.8 653.9 644.5 632.9 624 616.5 603.8 585.1 565.8 552 544.5 540.6 533.4 528.2 523.4 525.5 528.4 530.8 532.4 535.4 532.6 534.4 534.9 533.4 531.4 525.8 520.5 513.8 506.4 500.2 495.9 492.9 490.2 489.2 490.6 488.3 491 492.9 494.6 496.6 499 503.2 508.5 516.4 524 530.3 538.1 544.9 549.5 552.5 549.5 543.5 540.6 540.2 539.6 538.3 538 538.4 539.5 541.2 545 548.9 550.5 550.5
558.3 567.2 576.4 586 595.7 605.9 615.3 623 631.8 639.9 644.3 647.1 648.2 649.2 650.6 647.6 639.9 631.7 622.6 610.8 595.9 577.7 563.2 550.7 543.8 539.2 534.5 529.8 527.3 530.4 534.6 537.3 541 542.1 541.7 543.4 542.8 540.4 535.7 531.4 524.3 516.5 510.2 503.9 497.8 493.9 491.9 491.1 492.9 491.7 492.1 495.3 496.7 498.7 502.2 507.3 512.6 520.6 528.6 535.1 544.1 552.4 558.7 560.7 556.8 551.4 547 546.3 544.7 542.5 542.6 542.9 544 545.7 549.8 553.1 553.9 553.7
557.6 565.3 573.8 581.2 589.2 597.9 605.2 612.8 620.4 625.7 631.6 633.9 635.5 639.8 643.2 642.4 639.4 632.8 621.3 603.1 587.4 575.2 560.7 549.7 543.7 539.3 534.8 529.3 532.6 535.9 543.2 545 548.8 550.6 550.2 551.3 549.3 545.3 541.8 536.9 527 519.6 513.8 507.9 501.1 495.7 493.2 493.9 494.5 494.7 493.2 497.2 498.7 501.4 505.8 511.2 516.6 525.2 532.3 540.3 549.2 559.4 568 568.8 563.1 557.7 553.4 552.5 550.4 549.2 547.8 548.9 549.8 551.1 554.9 556.9 557 557.1
557 563.8 571.1 577 583.1 591.4 598.1 603.4 611.2 617.6 622.8 626.1 628.7 633.5 636.9 638.6 638.5 632.1 616 599.2 585.4 571.5 560.8 549.3 545 540.7 536.6 534.4 538 543.4 548.6 551.6 557.9 559.4 556.6 560.2 557 549.5 546.7 541.1 530.7 523.1 516.5 508.9 503.5 499 496.3 496.3 496.6 496.9 495.5 498.9 501 504.5 509.9 516.3 522.2 529.3 536.7 546.2 555.6 568.4 577.1 573.7 569.1 564.6 561 559.7 555.6 553.5 553.3 554.2 555.5 556.7 559.4 560.5 559.9 560.8
556.9 562 569 574.1 580 587.2 592.1 597.8 604 608.5 615 619.1 622.8 628.9 632.2 634 631.2 623 611.9 595.5 583.4 569.8 558.9 550.2 546.4 543 539.6 540.2 543.1 549.9 555.1 561.6 566.6 566.3 563.9 565.9 561.5 554.4 550.5 545.7 535.1 526.3 518.9 510.8 506.2 503.5 501.5 499.4 499.5 499.7 498.1 501 504 508 514 520.7 526.8 533.2 542.9 552.7 562.9 574.5 581.2 580.1 575.7 571.9 569.5 566.8 562.8 560.5 559.7 560.2 561.3 562.3 563.7 564.6 563.8 564.4
557.4 561.3 566.5 570.3 577.2 583.1 587.8 594 598.2 602.8 609.1 614 618.1 624.8 629 630.9 627.2 617.9 607.1 593 582.2 565.7 557.5 551.7 548.4 545.4 542.3 544.9 550.6 557 562.6 569 573.8 572.2 570.6 571.7 563.9 558.1 553.9 547.1 537.5 530.3 522.8 513.4 510.8 507.9 506 503.8 502.7 502.3 500 503.9 506.6 512.3 518.1 524.9 530.5 538.7 549.3 560.2 573.6 584.6 589 587.3 585.2 582.7 579.6 576.5 572.9 569.9 567.9 567.3 567.8 567.7 568.4 568.9 569.1 570.2
556.6 560.5 564.3 570.4 574.7 578.9 585.4 590.9 594.7 599.1 604.8 609.7 614.6 620.4 624.5 625.4 620.4 613.8 604.6 593.2 578.2 566.4 558.5 554.1 551.1 548.5 544.1 549.9 557.3 563.6 568.9 576.2 578 577.3 576.3 573.7 567.7 562.4 557.1 548.9 539.9 532.4 525.2 517.9 515.3 512 509.5 507.6 505.3 504.2 502.7 506.1 508.9 515.9 521.3 528.8 536.1 545.1 556.7 570.2 585.3 593.6 597.7 597.5 598.1 595.9 592 589.6 586.8 582.2 577.5 575.4 572.8 573.7 574 574.1 574.8 575.7
555.4 559 562.8 568.4 572.9 577.7 583 587.9 591.9 597.2 601.3 605.7 610.3 616.5 620.6 620.2 616.6 611 601.5 590.5 578.2 570 562.7 557.6 553.9 552.4 549.1 555.6 563.7 569.4 574.7 580.4 582.8 581.3 580.6 576.5 571.5 565.3 559.2 550 541.9 533.5 526.6 522.1 519.7 516.3 512.4 510.5 508.4 507 505.9 507.7 511.4 519 525.6 533.8 541.6 552.5 566 581.4 596.9 604.2 608 611.3 614.3 612.6 608.8 607.3 602.7 594.8 588.4 585.2 580.7 583 582.6 581.7 581.4 581.7
554.2 559.3 563.5 567 571.7 576.5 581.4 586.4 590 594.3 598.9 602.6 607.5 613.4 614.7 614.7 612.6 608.2 600.1 591.2 581.9 575 567.9 561.8 558.4 556.4 554 561.6 567.6 573.3 578.9 584.4 586.6 585.4 584.3 580.8 575.2 567.1 558.9 551.4 543.7 535.6 530.4 527.9 524.6 520.3 516.6 514.4 511.5 510.1 508.6 510 513.6 521.8 529.5 537.6 547.4 560.4 574.7 590.5 605.4 616.3 622 628.1 633.3 631.6 633.4 629.7 621.6 608.2 599.6 595.7 590.7 592.3 590.2 588.3 588.5 588.1
552.5 557.6 562.2 566.9 571.8 576.5 580.2 585 588.7 592.9 596.1 600.6 606.4 611.9 613.3 613.4 610.6 607.8 602 595.4 588.2 579.4 572.1 566.2 563.5 561.1 559.8 566.6 571.3 576.9 581.9 587.7 589.3 588.4 589 583.9 576.3 566.2 558.4 551 542.6 537.7 535.4 533.2 529.2 524.8 520.9 517.7 515.3 512.2 510.2 511.9 515.6 524 532.7 542 553.7 567.5 583.3 600.5 616.2 629.5 638 646.9 652.5 654.7 656 651 638.7 622.5 611.9 606.5 603.6 602.3 599.4 597.4 596.4 594
553.3 558.3 562.9 566.3 570.7 575.4 579.4 584.1 588.3 592.6 596.9 600.7 606.5 613 615.9 618.3 614 609.3 605.2 599.5 592.4 584.6 575.9 571.7 568.3 566.1 564.8 570.2 574.9 580.2 585.7 591.1 592.4 592.2 592.2 585.2 575.5 564.7 557.2 550.3 546.1 542.2 540 537.9 533.9 529.3 525.3 521.5 518.2 514.8 513.6 514.7 519.1 526.3 535.6 546.2 560 574.7 591.3 609.4 626.7 641.5 653.3 661.1 667.4 674.5 676.4 671.5 657.8 640.3 626 618.8 614.9 612.4 609.1 606.6 605.2 602.4
553.8 559 564.2 568.8 572.7 575.7 579.8 584.7 589.1 593.7 598.2 603.4 609.5 616.5 623.5 628.2 621.6 617 611 605.7 597.1 586.9 582 577.9 572.8 571.3 567.1 572.3 578.2 583.5 589.9 595 594.2 594.4 594 585.9 573.4 564.4 557.9 553.4 550.5 547.6 546.9 543.6 539.5 534.8 528.9 523.7 520.6 518 515.1 517.2 521.2 529.1 539.5 550.2 565 580.8 598.3 617.3 635.8 652.8 664.9 673.9 684.1 695.8 700.6 692.2 676 657.3 641.8 632.2 626.9 623 620.1 617.7 615 610.7
555.8 560.9 566 571.3 575.3 578.2 581.2 585.6 589.9 595.3 600.2 606.6 614.5 622.3 628.3 632.8 633.3 627.4 619 611.9 602.8 592.8 591.1 581.8 577.3 575.2 572.2 575.3 580.7 586.8 593.7 596.6 596.3 596.5 594 584 571.8 564.8 561.8 558.5 555.7 554.5 553.9 551.1 545.8 540.1 531.7 526.4 522.8 520.1 517.9 519.8 524.9 531.3 542.1 554 569.1 585.2 604 624.5 643.8 660.5 675.7 687.4 701.4 717.7 720.6 710.3 692.3 673.5 658.5 646.9 639.7 634.1 631.4 628.2 623.8 618.6
559.1 564.7 569.7 574.4 577.4 579.5 583.3 587.7 593.1 597.6 602.7 610.4 617.9 625.5 632.1 641.1 644.8 635.4 625.6 617 607.1 602.7 595.1 585.9 581.8 579.3 576.6 578.2 584.2 591 596.1 597.6 597.3 596.9 592.8 581.5 572.4 569.5 567.7 565.7 562.5 562.3 560.3 556.6 551.1 545.2 534.9 530 526.1 523.4 520.4 522.8 527.8 534.8 544.4 556.9 571.7 587.8 607 628.1 648.1 666.7 684 700.5 720.2 733.1 736.3 726.1 708 689.2 673.6 662.7 654.7 648.3 642.7 638.4 632.9 627.4
564.4 569.9 574.1 577.2 579.4 580.2 584.9 589.4 594.5 599.3 605.1 611.2 619.5 627.1 633.7 647.3 647.9 640.5 629.7 620.6 612 607.5 595.9 589.4 586.2 583.9 581.7 579.8 589.4 593.7 597.7 598.1 597.8 596.6 589.3 581 575.4 575.1 574.3 572.9 570.7 568.8 566.6 562.6 557.5 549.3 538.3 533.5 529.4 525.9 522.8 526 530.4 537.8 546.3 558.9 574 590.2 609.6 630.6 651.4 670.9 689.2 707.8 728.7 743.8 746.4 737.4 724.3 707.4 689.8 679.5 667.8 660.2 654.2 649.2 643.6 636.9
569.7 575.2 578.4 580.1 581.3 583.5 586.9 590.4 595.6 601.4 607 613.1 620.8 627.7 636.1 647.1 648.4 641.9 633.7 625.3 615.7 606.2 597.5 593 591.1 588.2 587.9 587.5 591.3 595.5 598.4 598.5 597.7 595.9 588.9 582.7 580.9 582.4 582.5 581.2 579.7 577.4 574.3 569.4 564.1 551.9 541.8 536.8 532 528 524.7 529.5 533.5 540 548.5 559.7 575.6 592.5 612.2 632.6 653.2 672.8 691.7 711.3 730.6 745.4 751.8 745.3 738.8 726.7 710.8 695.7 682.5 673.3 665.2 659.6 653.8 646.6
574.8 579.8 582.4 582.9 583.1 584.9 587.5 591.5 596.8 602.1 607.5 613.9 621 629.2 638.3 645.5 646.1 644.9 639 628.8 616.7 606.1 600.7 597.4 595.6 593.5 593.4 593 592 596.5 598.4 598.2 597.5 596.5 592 587.9 589.6 592.7 593.6 591.3 589.2 586.2 583.3 576.1 568.6 554 545.5 539.8 534.6 530.4 527.5 531.5 536.2 541.8 550.5 561.3 577.6 595.6 614.2 633.7 653.6 672.8 691.9 712 730.5 744 752.7 754 750.9 743.2 728.1 712.8 697.3 685.2 676.5 670 664.8 659.3
578.1 584.1 586.1 585.2 583.9 585.7 588.2 592.6 597.5 602.5 607.5 613.3 621 630.8 638.7 644.6 646.5 647.6 642.3 630.8 616.2 609 605.1 603.2 599.9 599.2 598.1 595.6 593.9 595.6 597.3 597.3 597.7 597.2 593.3 593.5 598.2 601.8 603.4 603.8 600.1 595.4 592.6 581.7 571.3 557.1 549.1 542.9 537.2 533.4 529.8 534 539.3 544.4 552.8 565.8 580.5 597.7 616.1 634.3 653.2 670.4 689.4 709.8 726.8 741.4 752.3 759.3 761 757.6 744.8 727.8 711.2 699.1 689.6 683.1 677.1 673
