Assets/StreamingAssets/GeoData/Data/nh/NH83.asc
ncols 200
nrows 200
xllcorner 280000
yllcorner 830000
cellsize 50
[rows 140 to 174 of 200, columns 78 to 155 of 200]
384.1 391.3 393.9 399.2 405.8 411.6 415 417.6 420.4 421.1 421.7 424.3 427.3 429.8 432.4 435.2 440.6 446.1 453.1 461.4 470.3 479.4 488.3 497.7 505.3 512 518.5 524.9 530.3 537.5 544.2 550.4 547.6 542.8 539.9 535.7 531.4 529.1 530 535 540.6 547.4 557.7 564 571.4 578.4 583.9 585.1 587.5 593 591.6 595.3 596.7 595.9 594.5 591.2 583.9 577.5 571.6 563.8 556.3 552.7 551.3 552.3 558.6 571 579.3 587.1 591.8 596.2 597.6 598.5 595.1 588.4 580.8 568.7 555.4 541.6
385 391 397.8 404.4 410.7 416.3 420.8 424.1 425.9 426.4 427.4 429.7 432.2 434.6 437.1 440.4 446 451.9 457.7 467.1 477.3 486.6 496 505.3 512.8 519.5 525.7 531.4 537.2 543.4 550.9 552.5 548.7 543.7 539.7 537.2 534.4 530.3 532.9 537.9 542.3 548.7 556.3 564.7 573.5 584.1 587.8 590.3 591.9 596.6 598.1 601.7 603.1 601.9 601 597.9 592 585.9 579.9 574.1 564.2 560.3 559.4 560.4 565.5 575.2 583.4 591.9 597.6 600.8 601.6 601.3 597.2 588.8 580.9 570.4 554.7 542.9
389.4 396.9 403.4 409.3 414.9 421 427 430.6 431.7 431.9 432.7 434.4 436.8 439.2 441.6 445.6 451.8 457.7 464.2 474.9 486 494.7 504 512.7 520.7 527 533.6 539.5 545.5 551.5 555.1 555.8 549.2 544.4 540.4 537.5 535.8 532.1 535 540.3 545 550.1 557.9 565.2 575.5 587 591.2 594 595.8 600.1 602.7 606.9 608.5 607.8 607.2 604.1 600.8 594.3 588.4 581.5 573 569.2 567 567.1 573.4 580.9 590.1 596.2 602.1 604.2 605.2 603.4 598.5 590.3 582.8 569.6 555.7 543.3
395 402.6 408.1 413.6 419.1 425.7 432.3 436.8 437.4 437.4 438.3 439.4 441.4 444.2 447.2 451.4 457.4 463.5 471.4 483.3 493.3 502.2 512 520.1 528.3 534.6 541 547.6 553.8 558.3 558.6 557.2 549.3 544.4 540.9 539.3 536.3 534.2 537.4 542.4 547.1 551.4 557.7 565.9 576.4 589.3 595.3 597.8 601 606.2 608.5 611.5 612.6 613.6 612.2 609.9 607.2 603.4 597.1 589.3 582.3 578.8 576.3 576.9 579.7 588.2 594.7 600.8 605.7 607.7 607.8 604.7 600 591.8 583.2 569.3 555.7 542.1
397.7 405.7 412 417.6 424.1 430.7 437.3 440.7 442.4 442.1 443.1 444.1 446.3 449.1 452.6 457 463.1 469.5 478.6 489.2 501.1 510.8 519.7 527.6 536.3 542.2 548.5 555.4 561.1 562.2 561.8 555.2 548.3 544.7 542.4 539.4 536.6 536.1 538.9 542.6 548.3 551.6 558.2 566.4 577.5 592.5 598.5 602.5 605.8 609.8 613.2 617 617.8 616 615.6 614.4 612.3 609.3 603.2 597.3 591.5 586.6 584.4 586.4 588.3 594.4 600.4 604.2 607.3 610 609.8 605.5 598.7 590.6 579.9 567.8 553.6 540.2
399.7 408.3 416.3 422.9 429.3 435.7 441.4 444.2 446.3 446.4 447.4 449.4 451.6 454 457.9 463.1 469.3 476.1 486.3 496.8 507.9 518.2 526.7 534.2 542.6 549.1 553.6 563 565.9 564.3 558.5 552.8 547.5 543.4 541.3 540.1 537.4 538.5 540.9 544.6 548.9 553.2 559.9 567.2 575.5 591.3 600.6 604.5 609.7 615.2 618 621.2 622.2 621 619.7 618.2 616.7 613.7 608.3 604.9 599.7 595 592.1 592.6 596.7 599.9 604.2 608.2 610.6 611 609.8 604.2 597.7 589.7 578.4 565.3 550.1 535.5
402.6 411.7 421.8 428.3 434.7 441.1 445.2 447.5 449.9 450.7 452.5 454.3 455.9 459.1 463.1 469.3 475.5 482.7 493.4 504.4 515.4 525 531.8 539.5 549.7 554.4 559.1 567.8 567.8 562.6 556.2 550.9 546 543.8 541.3 539.7 540.2 541.3 544.3 547.2 551.5 555.4 561.9 568.3 575.2 589.3 601.9 609.5 612.8 616.5 620.9 624.4 624.7 623.4 622.8 622.3 620.9 617.8 613.8 610.4 605.3 602.9 599.7 600.8 603 606.1 607.8 609.6 611.9 611.5 610.1 603.1 596 586 574 560.7 544.8 527.8
406.4 415.7 425 433.8 441.4 446.9 449.2 450.7 453.3 455.3 456.9 458.5 460.1 464.1 468.1 474.5 481.5 489.2 499.4 510.1 520 529.9 537.6 545.2 555.4 558.4 564.6 569.5 566.2 560 554 548.7 545 543.1 541.9 540.9 541.1 542.7 545.9 547.6 553.4 556 562.5 569 576.8 587.4 606.2 612.9 615.1 618.6 622.8 625.3 626.8 626.8 625.5 624.2 622.6 619.7 616.3 614.7 611 608.7 608.2 606.4 608 608.5 611.1 612.7 612.1 611.7 608.9 602.5 593.9 582.2 569.2 554.6 535.9 519.7
408.1 417.8 427.7 438.5 447.1 451.4 453 454.9 458.1 460.6 461.6 462.7 465.1 467.6 472.9 479 486.1 493.8 504.5 514.8 525.1 535.7 542.8 549.8 557.2 562.4 568 568.1 563.7 557.6 551.1 545 542.7 542.3 542.6 541.1 541.7 543.5 547.9 550.4 554.3 560.6 565.4 569.6 578.7 589.3 607.4 612.8 615.4 618 622 625.5 627.2 627.9 627.2 625.5 622.6 623.2 620.9 616.8 615.2 613.5 611.3 612.1 612.4 613 613.4 613.9 612.9 609.7 606.8 599.2 590 577.3 562.9 544.5 526.6 511
407.7 418.5 429.1 441.9 449.9 454.6 456.7 459.1 462.7 465.5 467.2 467.7 467.9 471.3 476.2 481.9 489.5 498.6 509.7 520 532.7 541 548.5 553.1 557.7 564.4 568 565.6 561 554.3 546.9 543.1 542.1 541.8 542 542.8 544.3 545.9 548.2 550.9 555.7 564.5 570.8 571.9 581.1 590 607.1 613.3 614.9 619.2 621.6 625.4 627 627.9 628.6 626.2 624.9 624 622.7 622.7 620.3 618.1 612.7 614.4 616.1 616.9 615.9 616.7 614 609.8 604.3 595.9 586.5 571.9 556.9 534.3 516.1 504.2
406.1 418.7 431.6 443 451.8 456 458.9 462.9 467 469.4 470.6 470.2 470.4 474.3 478.8 484.1 492.7 501.9 514 526.1 537.5 545.5 551.8 555.8 560.1 563.8 565.1 561.7 557.1 549.5 542.2 541 539.3 540.5 542.5 544.5 544.5 548.1 548.5 552.2 559.8 566.2 574.2 578.8 580.9 591.8 602.8 611.9 615.3 617.5 620.2 624 626.8 628.3 628.8 627.4 626.4 626.5 624.9 624.3 621.1 620.1 616.9 616.6 619.5 620.6 619.1 618 614.4 608.6 601.2 593.1 580.7 563.8 546.6 525.5 513 503.2
405.3 417 431.1 441.1 450.2 455.5 459.4 464.4 468.8 470 470.4 470.8 471.7 476.4 481 486.6 494.1 503.5 514.7 526.4 536.4 543.5 549.7 553.4 556.4 559.2 559.7 556.9 552.2 544.8 540 539 538.5 540.4 542.9 545.5 546.6 550.1 550.4 555.4 563.6 570.7 578.9 585.6 590 594.2 601.5 609.5 612.8 616.6 620.5 622.8 623.2 625.8 628.5 627.4 627.8 627.5 626.5 626.4 624.3 623 620.3 620.4 621.7 622.6 619.9 617.1 612.6 607.2 599.6 589 576.3 558 536.7 524.6 513.1 502.8
403.6 414.6 426.9 437 446.2 452.1 456.3 461.6 467.1 467.9 466.9 466.2 470.5 474.4 478.9 485.1 491.7 500.1 509.9 519.8 528.5 531.6 540.3 544.5 548.2 552.4 553.3 550.4 545.7 539.4 537.1 536.2 534.3 539.6 542.6 545.4 548.6 551.1 551.7 557.5 567.2 577.8 584.7 591.2 594.2 593.8 603.3 607 610.7 616.8 619.6 622.5 625.3 625 627.2 627.6 627.9 627.3 627.8 627.5 624.2 623.4 622.2 622.8 623.7 622.9 619.3 617.1 612.2 606.2 597.8 585.8 571.1 552.5 535.1 525 511.6 502.5
401.4 413.8 423.5 432.4 440.7 446.7 450.9 455.7 461.2 462.8 462 462.5 467.6 471.6 475.3 480.6 486 491 499 510.3 519 524.9 528.8 534.8 541.5 545.7 545.5 544.4 540.3 536.6 534.1 530.9 533.8 537 543.1 545.5 548.9 551.7 553.9 560.3 571 582.9 589.1 594.2 595.7 593.6 601.2 605.9 609.9 616.1 620.3 620.3 621.5 624.8 625.6 626 627.6 628.5 627.2 627.3 627 626.1 623.6 626.1 625.6 622 617.9 614.9 610 603.2 594.8 581.4 565.7 548.7 534.4 524.3 511.9 502.7
403 413.2 420.4 427.5 434.2 440.6 445.7 450.5 454.4 456.2 456.1 457.7 461.7 465.7 468.4 471.9 474.7 478.9 487.1 496.2 504.6 510.5 516.2 526.6 534.1 538.8 538.3 537.9 535.5 532 530.3 530.4 530.4 537.5 544.1 546.5 548.8 552.2 556.6 566.2 576.1 585.9 594.9 599.2 599.1 598.4 600.3 604.3 611.8 615.9 620.5 621.3 621.9 623 624.7 625.7 627.5 628.6 628.6 629.5 627.6 626 627.3 628.2 626.4 622.6 618.3 614.9 608.4 599.9 590.4 575.8 560.7 544.6 535.1 521.7 511.7 502.3
400.5 410.2 416.2 421.7 427.4 432.4 437.5 442 446.7 449.8 448.6 450.5 453.2 456 457.6 460.3 463.9 467.9 475.1 483.9 490.5 497 505.1 515.9 525.2 529.2 530.2 529.8 529.8 528.3 526 525.2 529.7 537.7 541.9 546.7 551 556.2 562.1 568.9 579.5 590.1 597.3 600.4 602.1 599.1 599.8 602.7 606.9 615.2 620.2 618.4 622.4 623.4 622.7 625.6 626.8 628.8 628.6 630.3 629.2 628.9 628.8 629.8 625.4 621 616.2 612.1 605.4 596.5 585.6 570.1 555 543.8 534.1 521.3 510.3 501.7
398.4 406.5 413.4 417.9 422 424.9 427.9 433 436.9 436.3 436.9 437.8 439.5 442.4 447.4 450.3 453.5 458.3 464.1 471.4 479 487.2 495.7 506.3 515.8 520.2 522.1 524.4 525.1 525.5 522.4 522.7 529.1 536.7 542.1 548.6 554.1 560.1 566.2 573.4 588.5 598.2 600.6 602.2 602 601.5 601.4 602.9 607.8 612.2 614.5 618.9 619.5 622.9 623 624 627.8 629 628 630.9 631.2 629 630.5 628.3 624.2 619.2 614 608 601.2 592.5 579.4 561.9 548.8 542.7 531.8 519 509.3 501.7
399.3 406.3 410 412.1 414.7 416.7 418.1 421.2 423.5 425.8 426.6 427.4 430.3 433.8 438.6 441.6 443.3 448.7 454.3 460.6 467.7 475.8 485 494.4 504.4 511.4 515.7 518.9 519.4 518.9 519.2 522.4 528.3 536.8 544.2 551.7 558.4 564.7 570.3 580.5 591.3 597 602.7 603.8 604.3 602.5 602.3 602.6 606.5 610.7 614.7 618.1 622.4 622.6 624.1 624.8 628.4 627.8 629.5 632.2 632.1 629.1 628.3 626.5 621.6 616.4 610.3 604 596.5 585.5 572.4 555 544.1 536.9 527.4 516.9 508.5 501.1
399.4 404.8 405.4 405.1 407.2 408 410.3 410.1 414.1 418 419.5 421.8 424.5 428 430.7 433 435.2 439 444.8 451.1 457.4 465 474.4 483.6 495 503.8 508.7 512.1 512.5 513.3 513.7 518.2 528.9 537.9 546.8 557.5 562.2 568 573.9 584.2 591.6 596.5 603.1 604.1 602.1 599.6 599.8 602.8 608.5 610.5 615.5 618.6 622.2 624.2 623.8 626.5 626.6 628 628.8 632.8 633.2 629.7 627.4 623.6 618.9 613.2 605.4 598.6 590.2 578.6 562.7 547.9 540 531.3 522.8 514.6 506.8 499.7
397.9 401.9 400.8 400.5 399.8 401.6 404.3 404.4 408.6 412.8 416.5 418.5 420.6 423.3 424.4 427.9 428.6 432 437.4 443 448.8 455.8 463.4 472 483.4 493.6 501.4 503.8 506.4 507.1 512.2 518.8 529.7 540 549.7 560.5 566.7 573.8 579.5 588.3 592.1 600.6 601.7 602.4 600.6 597.4 598.6 600 607.4 611.1 614.7 619.7 622.2 624.9 625.4 624.6 626 626.5 629.9 631.8 632 629.8 626.3 620.3 615.3 606.9 601.2 594.4 583.9 572.8 556.1 544.9 536.9 528 519.7 512.1 503.8 496.3
391.4 394.1 393.7 392.4 392.8 396.3 400.6 402.8 406.4 410.2 414.1 415.8 416.9 420.5 422.5 426.1 425.9 428.5 432 435.9 442.3 446.4 454.3 461.7 472.8 483.7 491.4 494.8 497.7 499.8 507.6 518.4 530 541.3 551.7 562.7 574.2 577.4 583.5 587.2 594.2 598.3 601.1 600.8 598 596.8 596.8 597 602.7 607.4 613.1 619.2 621.7 624.8 623.7 624.5 625.9 626.5 630.8 632.3 631.1 628.2 622.3 617.7 610.5 604 597 590 579.2 567.8 553.4 542.4 533.1 524.7 516.2 508.5 500.8 495
384.4 386.4 387.7 388.7 390.8 395.5 400.4 401.8 405.5 411 416.4 412.5 415.5 420.2 424 426.9 429.6 431.3 434.5 438.3 440.2 441.5 446.4 453.1 461.4 472 480.9 487 487.8 496.8 507.9 518.6 531.6 544.6 555.7 565.3 569.6 574.2 580.9 586.2 592.7 596.5 598.6 598 595.9 594.4 594.5 595.2 599.6 606.1 613.4 618.4 620.5 623.4 624.1 623.8 624.7 628.3 630 631.6 629.8 625.4 619.8 613.1 606 598.9 592.9 585.5 575.5 563.3 551.6 538.8 530.4 522.3 514.5 506.6 499.3 492.6
374.3 374.3 377.8 384.2 390.1 394.8 400.5 404.4 398.5 399.5 404.9 416.5 418.7 421.3 425 428.5 432.2 433.4 437.3 441.4 445.3 449.2 451.7 453.4 455.4 463.3 473.1 479 488.1 497.3 509.7 521 533.1 546.1 555.2 562.9 569.2 573.8 580.7 586.4 591.1 592.7 594.6 594.5 593.8 592.7 592.7 594.2 595.2 603.5 610.3 615.7 620.1 620.2 622.3 622 625.1 627.4 629.2 629.8 627.6 624.2 617.5 608.4 601.4 594.6 588.6 582.3 571.4 561.1 548.9 536.9 528.2 520 513 505 498.3 493
377.1 382.5 384.5 385 384 387.8 393 396 406.3 410.8 414 417 419.6 422.8 426.5 429.8 433.4 435.9 440.2 445.1 450.2 455.9 460.8 466.3 460.8 463 471.1 479 487 497.1 509.5 521.9 533.7 544.1 553.8 561.6 568.5 574.4 581.7 587.1 587.3 590 590.7 592.1 590.9 590.5 591 591.3 591 599.6 606.9 609.8 611.4 613.9 616.7 618.9 621.8 624.9 626.8 627.3 625.2 621.5 612.7 604.4 598.9 593.6 586.6 578.4 569.8 558.4 546.9 535.6 526.9 518.7 512.2 503.6 498.7 493.8
380.4 383.8 387.5 391 393.4 397.1 400.5 403.9 407.5 411.6 414.6 418.1 421.4 424.7 428.3 432.7 435.2 439.3 443.6 449.8 455.6 461.8 467.2 471.5 472.7 465.6 469.9 478 486 497.2 509 520.8 531.9 541 549.9 558.3 568.2 575.6 584 584.2 585.1 585.9 588.7 589.1 588.4 588.3 589.5 588.7 588.3 594.9 602 604.8 605.7 609.3 611.2 615.3 619.4 620.7 622.6 621.9 621.2 615.5 608.6 603.8 598.1 592.5 585.6 577.7 567.3 555.9 545.1 534.8 526.1 518.6 511.3 504 498.5 491.4
380.9 383.2 386.1 389.8 392.6 396.7 400.8 404.4 408.3 412.1 415.9 419.9 424.1 428 432.2 437.9 441.2 444.8 448.8 454.6 461.8 467.7 473 477.8 478 477.7 466.5 476.8 484.6 493.9 507.1 518.5 530.7 539.3 547.4 555.5 566.7 578.9 580.9 581.4 581 583.9 584.9 583.4 584 586.9 587.5 586.3 585.4 590.5 596.7 600.2 601.8 602.9 606.4 610.1 614.5 615.4 616 616.6 614.9 610.5 606.3 600.7 595.2 590.6 582.4 575 565.1 555.6 544.1 534.1 525.7 518.5 512 506 501.1 498.6
381.4 383.5 386 388.5 392.1 396.5 400.8 404.7 409 413.9 418.9 422.9 427.2 431.6 438 443.5 448 451.5 455.6 460.6 469 476.7 481.3 483.6 483.7 481.9 480 475.7 484.3 492.5 504.6 516 529 538.7 546.8 557.1 575.2 577.9 577.2 577.8 578.5 578.5 579.7 579.6 583.4 585.9 585.6 581.2 582.5 587.6 591.6 593.5 596.6 598.6 602.3 606.5 608.3 610.4 610.8 610.8 609 605.9 602.9 599.6 595.9 589.1 580.9 573.8 565 554.5 543.5 534.7 527.2 520.3 513 508.6 505 503.8
381.9 383.9 386.3 389.2 393.2 397.8 402.1 405.7 410.3 415.8 422 426.1 431.6 436.6 444.2 450.5 455.2 458.5 462.8 469.8 476.9 483.8 488.3 490.5 489.9 484.3 480.5 475.9 484.2 491.7 503.6 513.8 526.6 538.9 551.2 566.8 574.7 572.8 573.4 572.9 573.9 575.2 576.6 577.8 582.1 585.3 582.9 580 579 583.2 588.2 589.6 592.3 595.9 599.4 602.2 604.8 606.6 607.3 607.7 605.2 605.2 603 599.3 594.4 587.6 580.3 572.6 564.6 554.1 543.2 534.9 529.1 522.8 516.3 511.4 509 507.8
382.4 384.3 387.3 390.6 394.4 399.4 404.1 407.7 414.2 419 424.1 430.4 436 442.8 450.9 457.8 462.6 466.8 472 478.9 486.9 494.6 497.8 499 495.5 488.1 484.6 481.4 488.5 493.2 501.2 513.3 526.4 538.7 551.4 560.9 567.2 567.2 568.5 568.2 567.6 570.6 571.8 577.8 581.2 583.2 580.8 577.2 576.8 578.1 583.1 584.8 587.5 590.5 595.1 599.4 603.4 604.6 604.1 604.3 603.8 603.1 598.8 595.9 591.1 587 579.5 571.2 565 553.9 544.2 537.1 531.2 525.3 519.9 515.1 512.2 511.7
381.8 384 387.5 391.4 395.5 400.2 405 409.5 414.1 420.4 426.2 433.1 440.8 449 457.6 465.1 470.9 476.5 482 489 496.7 503.8 506.9 508.5 501.4 492.6 489.7 487.9 490.4 495.8 501.2 510 524.8 536.2 547.5 553.8 558.5 562 562.9 563.4 563.4 565.5 569.9 577.3 582.3 581.2 578.9 576.9 576.6 574 577.1 579.4 582.1 588.3 592.6 596.1 599.4 600.9 602.3 601.6 600.6 600 598.5 591.9 588.9 585.7 576.8 569.3 564.2 555.4 545.7 538.9 534.6 529.2 524.6 519 515.3 515.3
380.8 384 387.5 391 394.8 399.6 404.3 409.2 415.3 421.4 428.9 436.2 444.4 455 465.5 473.2 479.2 485.1 491 499.1 508.5 514.2 515.1 516.8 507.2 496.4 493.1 491.4 493.8 496 499.9 509.8 520.4 531.3 541.9 548.2 553 554.2 557.3 558.1 557 561 568.1 577.4 582.8 581.1 577.9 573.9 573.7 571.4 569.2 572.9 578.8 583.6 587.6 590.1 593.9 596 596.4 598.7 597.6 595.2 592.7 589.4 589.9 583 576.1 571.4 563 557.9 549.6 542.9 537.5 532.6 527.1 523.1 520.5 517.4
379.9 383.3 386.6 389.7 393.3 398.4 403.6 408.4 415.3 422.9 431.2 439.7 448.8 460.6 472.3 481.2 488.3 495.3 501.4 508.9 517.9 522.6 523.9 521.2 511.1 499.7 496.1 495.3 497.9 500.7 505.9 510.4 516.3 524.7 533.7 540.3 543.6 546.1 549 552.4 555.3 561.6 568.3 578.3 583.3 581.6 578.9 573.7 569.5 569.9 567.7 571.1 575.1 578 581.8 585.4 589.5 591.8 594.8 597.9 596.9 593.3 590.2 589.9 586.5 581.2 577 572.5 565.4 560.3 552.4 546.3 542 536.5 530.5 526.8 524.7 522.9
378.2 381.4 384.5 387.7 391.6 396.9 402.2 407.6 415.5 424.4 433 443.4 453.7 467.2 480 489.2 496.5 505.7 511.1 518.6 526 531.4 532.4 525.9 515 502.8 499.5 498.5 500.1 504.1 509.5 514 519.1 519.8 525.4 531.6 538.1 540.8 544 552.6 557.1 563.6 570.5 577.5 580.4 580.2 576 571.6 567.7 565.9 562.9 565.3 571.1 572.4 577 579.2 583.2 588.2 593.2 596.8 598.8 593.7 590.5 587.4 584.9 580.1 577.5 573.6 569.3 562.6 555.7 548.5 546.3 541.5 536.2 532 529.8 526.3
374.9 378.7 382 385.5 389.7 395.1 400.6 405.5 414.4 425.1 435.2 446.4 459.5 472.7 485.4 496.6 505.2 513.1 519.1 527.2 534.1 540.4 539.8 530.8 519.8 506.4 502.5 501.1 503.6 507.8 512.3 517.6 522.1 527.8 533.2 537.3 540.8 545.1 549.7 555.9 560.3 567.3 572.2 576.1 577.7 577.8 574.3 569 566.8 564 560.4 561.3 564.7 568.1 569.3 573.8 578.1 581.9 586.9 589.9 592 593 590.8 587.7 583.8 580.5 576.6 574.1 571.7 565 558.6 553.8 550 544.3 539.7 535.9 533 528.4
371 376 379.1 383.7 388.1 392.8 398.6 404.5 413.3 426.2 437 449.3 462.9 479 493.4 505.7 516.1 526.7 529.5 537.2 546 550.8 550.4 534 524 509.3 504.9 504.5 507.4 511.6 516 521.5 526.2 531.5 536.8 540.5 545.9 549.6 552.8 558.3 564.4 569.5 573.6 579.9 578.7 575.2 572.1 567.5 564.8 560.5 557.2 555.9 557.3 558.6 559.2 568.7 574.7 577.1 579.6 582.6 585 586.5 586.5 584 580.6 578.2 575.1 574.5 574.9 568.1 561.5 557.3 553.3 549.5 542.6 538.3 536.5 533.8
