Game/Highland_Data/StreamingAssets/GeoData/Data/sd/SD19.asc
ncols 200
nrows 200
xllcorner 310000
yllcorner 490000
cellsize 50
[rows 144 to 179 of 200, columns 0 to 79 of 200]
31.7 33.6 35.6 34.3 27.5 31.3 34.7 39.1 40.1 44 49.2 55 60.8 66.7 70.5 74.4 78.3 82.9 89.9 92.2 97.2 100.4 100.2 100.2 101 110.6 117 121 122.8 124.6 126 128.2 123.8 124.5 132.7 137.7 125.8 118.9 128.2 141.9 146.8 150 153 155.2 155.5 155.1 154.4 155.3 156.1 156.8 160.2 162.8 164.4 165.5 166 166.6 170.6 175.5 180.4 185.6 189 193 197.2 205.8 212.5 220.1 228 235.1 243 251.8 264.3 275.7 288.5 305.7 322.4 341.8 364.6 386.1 404.2 422.4
33.2 35.7 35.9 33.7 30.1 31.8 37.1 37.9 42.6 47.7 52.1 57.2 65 70.4 73.8 77.6 81.1 88.9 94.2 97.1 99.2 101.6 100.5 100.1 104 115.3 119.6 122.1 122.9 125.2 126.7 130.2 123.8 125.4 132.6 134.5 123.8 118.5 128.6 141.9 146.6 149.5 152.3 153.2 152.9 152.4 153 153.2 154.2 157.1 160 161.6 162.4 161.9 163.4 167.8 174 178.8 183.3 186.6 189.7 193.4 200 209.4 215.6 223.4 231 238.1 247.5 257.5 269.1 280.5 294.8 310.2 327 348.3 370.7 392 414.4 432.7
34.1 36.6 35.7 32.4 30.6 30.1 34.7 39.6 44.4 49.3 54.9 60.1 67.5 72.2 77.3 81.2 85.8 93.7 96 98.4 101.6 102.9 100.6 99.5 107.4 116.3 119.8 121.6 123.7 124.9 128.6 133.3 124.7 125 128.5 128.5 118.8 118 130.4 142.8 146.2 148.4 149.8 150.6 150.4 151.1 151 150.9 153.5 156.5 158.9 159.3 159.6 161.3 165.2 170.3 174.8 179.9 184.9 189.6 193.2 196.7 206.4 212.7 218.8 225.8 233.8 242.2 251.2 261.9 273.3 285.9 299.1 316 334.1 354 374.5 396.7 420.1 436.3
34.8 37.2 36.8 35.4 34.8 36.4 38.4 41 45.2 51.8 57.5 62.3 69 75.7 80.3 84.1 90.4 95.2 97.7 101.8 106.1 107.5 101.3 99.4 102.9 112.7 118.8 121.7 123.8 126.3 131.9 135.2 127 124 124.2 118.7 117.8 118.8 135.7 142.2 145.2 146.1 147.2 148 148.3 148.4 148.3 150.2 153 155.6 157.3 157.9 159 162.2 166.6 170.6 174.8 180.7 185.7 190.3 195.4 201.3 207.8 214.8 221.6 228.2 236.9 245.4 254.7 265.5 276.2 288.7 303.6 320.8 339.9 360.1 381.6 402.5 421 440.6
35.5 38 39.3 40.3 39.1 39 40.3 42.3 49 53.9 59.5 64 72.8 78.3 82 86.5 93.2 97.2 100.9 106.9 111.4 113 104.8 99.8 99.9 107.6 115.3 120.8 123 129.3 134.3 135.5 127.8 120.2 117.7 117.4 119.9 129.8 138.3 141.4 143 144 144.9 145.5 145.6 145.7 147 150.1 152.9 154.5 154.8 155.1 159.4 163.1 167.1 171.4 176.1 181.6 186.5 193 199.4 206.5 210.5 215.8 221.2 228.8 238.9 248.1 257.7 268.2 278.7 292.3 307.5 326.6 344.3 364.5 384 405 425 443.1
35.8 37.8 39.4 39.8 39.2 38.6 40 45.3 50.8 55.5 62.1 67 74.9 78.9 83.4 89 96.2 99.9 105.7 112.7 116 117.2 111 102.1 99.4 101.4 111.1 118.5 125.4 131.1 135.3 133.9 126 117.7 117.5 119.5 128.1 133.7 137.4 139.9 141.2 142.3 142.8 143.1 143 144 146.7 149.9 151.9 152.7 151.9 154.6 159.7 164.7 168.7 174.2 179.8 183.3 188.1 195.1 202.1 207.8 212.7 219.3 225.3 232.2 238.4 247.6 258.1 268.9 281.4 295.4 311.5 331.3 349.1 367.6 389.1 409.4 425.1 443
36.4 37 38.3 38.4 38 37 41.4 46.4 52.4 57.1 63 71.8 78 82.3 86.7 92.3 98.2 104.1 110.9 116.2 118.9 120.2 118.3 108.5 102.2 99 103.2 115.3 124 130.8 133.3 131.3 121.2 117.5 117.8 120.5 123.8 131.6 135.4 138.2 140 140.8 140.8 140.7 141.3 143.6 146.5 148.9 150.2 148.5 151.3 154.8 161.4 167.4 172.1 177.5 181.9 186.1 189.7 195.4 202.7 207.6 213 219.1 226 234 242.8 252.4 261.6 271.7 281.9 297.2 315 333.2 351.9 371.8 392.5 409.8 426.5 440.7
35.9 36.3 37 36.8 36.4 38.8 43.3 48.2 53.6 58.8 66.1 75.9 81.1 86.1 89.7 95 101.8 109 115 118.7 121.2 122.8 122.1 118.3 113.6 104.1 99.1 100.7 114 125.9 130 126.8 119.2 117 117.6 120.7 122.4 128.6 133.9 137.4 139 138.6 138.5 138.6 140.2 143 145.4 146 144.9 148.2 153 158.1 166.1 170.7 175.2 180 184.1 187.8 191.3 197.1 203.4 208.1 214 219.6 226.5 235.3 245.1 256.2 267 277.2 288.6 301.5 315.2 334 354 373.4 393 409.8 424.4 437.6
35.5 36 35.5 34.8 35.4 39.5 44.6 49.9 55.5 61.5 71.2 81 85.1 90.2 94.2 99.2 107.3 112.2 116.9 120.6 123.2 124.2 123.5 120.6 119.2 114.6 107.2 99.9 102.9 118.3 125.1 123.6 117.1 116.2 117.3 119.7 122.7 125.9 132.2 136.1 137.2 136.6 136.3 138 139.8 141.6 141.9 141.4 143.9 149.4 155.4 161.1 168.5 172.9 178 181.9 185.4 189.2 192.9 198.4 204.4 209.3 215.5 220.7 227.1 235.9 247.3 259 270.4 281.8 293.4 308.9 324.2 340.5 358.8 373.2 391 404.4 420.8 434.1
34.4 34.8 34.4 33.3 35.2 39.9 45.3 51.8 57.9 64.5 75.2 84.6 89.2 95.1 99.4 104.7 110 114.7 119.3 122.3 124.2 124.7 123.4 120.3 120 119.9 116.8 108.6 98 106.7 119.1 120.5 115.8 115.5 115.9 118.9 121.8 123.5 129.5 134.6 135.3 134.7 135.2 137.6 139 139.4 138.6 140.8 145.2 151.3 156.8 163 170.6 174.9 178.6 182.5 187.1 190.9 194.8 200.2 204.8 210.5 216.6 222.3 229.2 238.5 249.9 261.9 273.5 285.1 298.8 314.7 330.6 348.6 369 387.4 400.2 409.4 422.9 435.4
32.6 32.9 33.1 33.1 35 39.6 45.3 52.8 59.8 67 79.8 87.4 93.3 99.1 103.7 107.3 112.7 117.4 121.4 123.2 124.8 124.3 122.3 120.8 120.5 122.6 124.1 116.7 99.1 97.3 114.2 119.4 115 115.4 115.1 117.7 120 121.4 127.8 132.1 133.6 133 135.2 136.9 137.5 134.9 137.9 142.1 148 152.1 158.6 165.5 171.5 175.1 179.1 184.2 187.9 192.4 197.2 201.7 206.3 212.3 217.5 221.9 227.5 241.2 253.3 264.6 276.9 288.7 302.5 322 339.6 358.1 377.6 392.5 403.1 415.7 427.3 438.5
31 31.4 32.4 32.4 35.1 39.3 45.4 54.2 63.5 69.7 84.2 91.9 97.7 103.1 106.8 110.4 114.7 119.2 122.4 124.5 125.2 123.5 120.2 121.2 121.5 124.6 126.5 120.1 100.9 92.2 101.8 116.3 114.5 114.3 114.7 115.8 118.3 120.6 126 131.4 131.2 132.3 134.2 135.5 133.9 133.8 138.6 143.5 148.2 153.4 160.2 166.3 171.6 175.6 180.1 184.8 188.7 194.1 198.3 203.3 209.1 215.2 220.5 224.8 232 245 255.9 266.8 278.4 293.8 310.8 327 346.4 363.7 380 394.2 402.7 418.9 429.9 440.8
29.7 30.3 31.1 32.5 36.3 40.4 46.7 55.5 64.9 72.5 88.1 95.4 101.1 105.9 109.2 112.6 116.3 119.8 123.3 125.2 124.7 121.6 120.5 120.9 122 125.2 125.5 119 102.9 92.1 92.5 112.3 116.1 113.8 114.2 114.7 116.6 120 124.3 129.1 128.6 131.5 132.5 133.2 131.3 134.9 139.6 143.9 148.5 155 161.1 166.9 170.8 175.8 180.5 185.7 189.9 195.1 200.3 206.3 214.1 220.9 226.2 228.9 237.8 247.3 258.3 269.4 281.8 298.5 318.1 334.4 351.2 364.4 376.5 393.2 404.6 421.2 429.6 441
28.7 28.8 30.1 32.5 37 41.5 47.8 58.6 72.8 82.5 90.7 96.7 103.3 107.6 110.6 114 117.7 121.1 124.1 125.3 124 120.9 120.5 119.4 122.4 124.9 124.7 119.4 107.8 93.1 91.3 109 122.4 118.2 114.3 113.7 114.6 116.5 123 125 128.3 129.4 130.7 127.5 129.3 134.5 139.9 144.2 149.9 155.7 160.9 165.9 170.9 177 182.4 186.9 191.4 197 203.1 209.8 218.2 224.9 230.8 235.2 242.1 250.6 263 277.3 289.9 304.1 321.4 338.4 353.9 369.8 383.6 397.8 405 420.8 430.9 440.2
29.9 29.1 30.3 32.7 37.3 42.2 48.8 59.3 73.5 83.6 93.1 100.2 105.8 108.9 111.4 115.1 119 122.1 124.3 124 122.7 120.3 119.3 118.9 121.4 124 124.4 122.5 110.7 94.6 91.3 102.5 119.7 123.8 118.5 114.6 113.9 115.8 118.8 124 126.8 127.6 126.4 122.8 129.8 136.6 140.3 145.1 151.7 157.1 161.1 167.2 173.4 179.8 184.3 189.2 194.6 200 207.4 213.6 222.4 226.9 233.3 239.1 246.8 254.7 269.1 281.9 294.8 309 324.1 340.8 356.7 372.2 386.4 396.3 408.1 419.1 430 440.2
30.8 29.6 31 33.5 37.7 42.6 49.2 60.6 75.7 84.3 94 102.4 108.1 111.3 113.8 116.8 119.4 122.3 122.8 121.6 120.5 118.9 118.8 118.4 119.5 121.5 122.4 120.1 108.4 94.4 91.5 93.9 113.8 121.2 119.8 116.1 113.7 114 115.6 120.1 123.8 124.4 119.8 124.2 131.2 136.7 140.8 146 152.7 158.6 163.8 170.1 175.8 182.2 187 192.9 197.7 203.4 210.7 217 223.4 229.4 236.2 243.3 251.7 261.1 272.5 284.1 297.6 311.6 326.9 342.9 358.9 374.4 387.9 396.9 408.7 418.7 428.3 439.1
32 31 32.5 34.8 38.3 42.5 49.2 59.8 74.9 83.5 94.8 103.1 109.7 114.1 116.5 118 120.3 121.4 120.2 118.7 117.9 117.3 118 117.3 118 118.8 119.4 119.3 107.7 94 91.2 92 107.5 119 118.3 117.8 114.4 113.2 113.3 115 118.5 118.5 120.2 125.3 131.6 137.4 142.2 148.3 154.8 160.6 165.9 172.9 178.8 184.9 190.3 195.8 200.9 206.3 212.4 218.2 224.5 231.1 239 247.1 255.2 266.3 276.8 286.8 298.4 312.4 327.4 344.3 358.3 375.3 388.1 396.1 410.7 419.4 427.8 437.2
33 32.7 33.9 36.2 39.6 42.6 49.7 59.7 73.5 83.3 93.6 103.3 110.3 114.3 116.5 118.1 119.7 119.7 117.6 116.5 115.9 116 116.2 115.8 117.2 118.4 117.7 117.4 105.9 94.1 91 92.4 103.6 115.9 117 118.1 116.5 111.9 112.7 114 114.3 114.8 119.4 125.5 132.4 138.1 144.1 150.4 156.9 163.1 169.4 176.3 181.9 187 192.1 197.3 202.8 208.2 214.2 220.3 226.6 234.8 242.6 252.6 261.3 270.6 280 289.1 300 312.8 327.5 343.1 357.8 373.8 386.8 394.3 411.6 418.6 427.4 435.7
33.3 34 35.7 37.5 40.4 44 51.4 58.9 71.7 82.7 93.7 102.9 109.3 113.2 115.1 116.9 117.7 117.4 115 112.9 112.7 111.9 113.2 113.8 114.9 118.3 120 117.5 106.4 94.7 91.4 91.9 105.3 114.4 117.2 117.4 116 112.1 110.9 112.1 112.1 115 119.7 125.9 132.3 138.1 146.3 153.5 160.4 166.2 173 178.3 183.8 188.6 193.4 198.2 204.3 210 215.8 221.9 229.9 239.4 246.4 254.9 263.7 271.7 280.4 289.6 300.2 312.7 325.3 341.1 357.1 370.5 385 394.6 409 416.8 426.2 434.5
33.5 34.1 36.3 38.1 40 44.9 51.7 58.6 69.8 82.6 94.6 102.1 107.7 111.2 112.3 113.9 115.2 114.7 111.1 106.9 107.1 108.6 111.1 112.1 111.8 112.4 114.8 115.3 110.4 95.4 91.6 92.8 104.2 115.1 116 115.5 114.5 114.3 108.4 109.8 111.5 117 121.6 126.5 132.5 141.2 150.6 156.4 163.1 169.8 174.9 179.8 184.8 189.7 194.3 198.9 204.9 210.8 217.3 225.3 235 242.8 248.4 256.4 264.5 273 281.6 290 300.3 312.6 325.3 339.5 355.1 368.5 381.5 393 407.3 414.1 424.4 432
33.9 35 36.6 38.4 40 43.1 50.5 57.8 69.8 82.4 93.4 100.9 105.2 107.6 108.4 110.8 111.8 111.6 108.7 104.7 105.2 106.1 109.4 110.4 110.1 110.1 111.1 112.1 110.9 96.9 91.3 93.2 98.2 106.4 111.3 113.5 114.1 114 106.8 109.2 111.1 119.7 123.9 129.7 137.3 147 152.5 157.9 166 171.6 176.5 181.2 185.5 190 194.7 199.7 205.9 212 219 228.2 237.8 243.5 249.7 258.2 266 274 282.8 292.5 301 312.6 325 338.4 353.4 366.6 380.5 391.4 403.9 412.7 421.7 428.9
33.9 35.1 37.2 38.5 40.6 43.8 49.7 56.3 67.8 80.8 89.2 97.6 101.7 103.3 104.7 107.2 107.5 107.2 105.4 103.1 103.9 105.7 108.3 110.1 110.7 108.9 108.2 108.6 106.6 95.5 91.4 93.1 95.9 98.1 99.6 109.9 112.7 109 105.9 108.5 112.3 122.6 127.3 134.1 143.3 149.1 153.9 160.1 167.3 172.4 176.5 180.9 185.6 190 194.7 200.2 206.9 213 219.6 230.1 238 244.2 251.3 259.3 266.9 275.3 283.3 294 302.7 312.9 325.1 338.9 352.6 367 378.9 388.6 403.3 412.4 420.2 426
33.2 34.7 37.4 38.5 40.1 43.2 48.1 53.4 64.7 77.9 86.8 93.4 96.8 98.6 101.2 103.4 103.2 103.4 102.4 101 103.5 105.2 107.5 109.7 111.1 109.3 104.1 100.5 99.2 91.9 91.2 98.8 111.9 112.5 107.2 101.7 101.9 103.8 105.9 109.3 114.7 124.1 130.2 138.8 144.3 149.6 154.9 161.4 166.7 171.6 175.9 180.4 185 189.8 195.2 201.4 207.5 213.7 221.6 231 238.2 245.4 252.9 259.5 266.6 275.5 283.4 294.8 303.8 314.8 325.8 338.1 352.6 365.5 378.7 390.5 403.6 411.3 418.5 422.3
32.2 35.1 36.8 37.9 38.5 40.3 44.2 50.4 55.9 71.6 82.2 88.4 92.2 95.4 97.8 99 99.3 100.5 99.3 101.4 103.3 104.5 108 110.2 111.6 109.8 102.7 98.4 91.7 89.2 91.8 107 113.2 114.5 116.3 112.3 106.6 106 105.4 108.2 118.2 124 132.9 139.8 145 150.2 154.2 161.3 166.2 170.8 175 179.5 185 190.1 195.7 202.3 207.9 215.1 224.2 232.7 239 245.5 252.9 259.5 266.7 274.2 283.4 295 305 316.1 327.4 339.8 352.6 368 380.3 392.2 402.8 409.7 414.6 417.5
31.5 33.6 35.7 36.6 37 38 40.4 44.9 47.6 61.3 76.4 83.2 87.4 90.7 92.8 94.5 96.8 97.1 97.3 100.2 102.4 104.4 108.6 111.3 112.7 110.5 104.3 97.3 89.3 87.9 95.1 108.8 112.9 112.7 113.3 114 114.1 115.8 106.6 113.7 122.6 128.4 137.1 141.8 146.3 150.1 154.2 160.9 165.7 169.7 174.1 179.1 185.5 190.5 196.4 202.7 209 216.2 225.9 232.2 238.6 245.5 253.1 259.3 266.3 273.6 283.9 295.7 307 317.8 329.1 341.7 356.1 371.2 382.7 392.8 402.8 406.5 409 412.5
35.2 36.8 37 37.8 38.5 38.8 39.4 41 43.6 48.7 63.8 74.8 82.3 86.4 89.6 92.3 94.4 95.2 95.5 98.5 101.4 104.7 109 111.9 112.5 109.6 104.1 92 86.9 88.4 101.9 111.7 114.5 114 112.3 112 112 109.6 108.3 118.2 124.8 133.7 140.9 145 147.2 149.3 154.3 159.9 165 168.5 172.9 180.5 185.9 190.9 197.1 203.7 209.9 217.8 225.7 231.6 238.5 245.4 252.2 258.8 265.9 273.8 284.5 296.1 307.5 318.3 330.4 346.1 360.9 373.9 384.4 392.8 399.6 400.2 401.9 402.7
38 39.1 40.1 40.6 40.9 41.1 40.9 41 43.5 46 53.7 69.9 79.1 85.1 88.1 91.1 93.3 94 93.9 98.9 102.3 105.8 109.2 111.4 111 108.3 99.3 86.7 90.5 96.2 106 112.1 114.6 114.3 114.1 112.6 110 108.6 110.8 120.7 128.3 136.3 140.6 143.7 144.6 148.7 153.9 158.8 163.7 167.8 174.5 181.5 186.3 191.3 197.2 203.7 209.4 217.9 225.5 231.5 238.4 245.2 251.4 258.1 267.2 276.1 286 296.5 307.8 319.1 331.5 347.7 365.4 376.1 384.4 390.9 395 394.5 392.7 391.2
40.5 41.7 42.6 43 43.6 44.2 44.9 46.8 51.5 46.7 49.4 66 78.3 83.7 86.5 88.7 90.2 88.9 94.8 99.5 102.6 105.8 109.1 110.5 109.3 107.2 94.6 86.5 95.8 99.9 108.3 108.6 111.5 112.8 113.2 111.7 109.5 110.1 112.2 120.8 128.8 135.1 139.7 141 144.4 149.6 154.2 159.1 163.4 169.4 176.1 181.6 186.7 192.1 197.8 203.6 210.2 218.5 225.5 231.6 237.9 244.9 251.6 258.8 268.8 277.5 286.1 295.4 307.5 319 331.4 351 366.8 377.5 385.1 389.1 384.6 384.5 384.5 386.7
42.1 44.1 44.6 46 47.3 49.2 50.6 52.4 54.9 50.5 49.9 60.9 72.5 80.2 83.2 85 86.3 92.2 96.4 99.8 102.6 106.1 108.2 109.3 109.6 105.3 90.8 86.6 96.5 100.8 110.6 111.7 110.9 110.8 110.1 109.1 109.7 110.8 113.6 120 127.4 134.8 138.2 142.3 146.4 150.5 155.1 159.3 163.7 169.9 176 181.5 187.4 192.9 198.9 205.2 212 219.6 226.2 231.7 238 245.1 252.1 259.4 269.6 278.9 286.3 294.1 307.2 319 331.4 351 366.1 376.9 383.1 384.7 377.9 373.1 379.2 393.7
42.2 43.5 46.4 48.5 50 51.3 52.8 54.5 55.3 52.4 51 58.4 68.7 76.7 80.2 84.7 89.9 93.9 97.3 100.5 102.5 105.6 108.2 110.3 110.8 105.1 88.9 90.4 97.9 102.1 109.9 112.3 112.7 112.4 110.8 108.5 109.4 110.3 112.8 119.5 128.6 134.7 138.2 143.4 147.3 151.1 155.2 159.4 164.1 169.7 175.4 181 187.3 193.4 200 206.7 212.9 219.9 226.3 231.8 238.9 246.4 252.3 260.7 270.9 279.1 287.3 295.2 307.8 319.1 332.8 350.7 364.8 373.9 379.5 377.5 368.4 376.2 385.8 392.9
40.7 42.5 46 49 50.5 51.9 53.1 53.3 53.8 49.3 47.6 62.5 71.3 76.6 80.6 86 90.9 94.6 97.9 100.2 101.7 106.9 109.1 111.1 110.1 104.1 89.6 87.8 98 102.1 109.6 111.3 112.3 112 110.4 108.6 109.1 110.3 112.4 119.4 126.4 132.4 139.1 143.8 148.2 152.4 156.3 159.8 164.1 169.6 176.1 181.2 187.8 193.9 200.1 206.4 213.3 219.9 226.3 232.4 239.5 246.5 253.3 261.2 270.7 279.3 288.3 297.4 308.6 320.1 331.7 349.3 361.5 369.6 372.4 367.5 358 377.4 384.6 391
40.8 42.8 46 48.5 50.2 51.1 51.2 51 50.5 46 45.5 61 69.1 75 80.2 85 89.3 92.8 95.4 97.1 99.4 106.4 108.1 109.1 108.9 104.3 89.8 85.6 96.8 101 107.7 110.2 110.8 111.4 111.1 110.1 108.9 109.8 112.4 120.5 125.4 132.5 139.1 144 149 153.1 156.6 160.1 164.6 171.5 177.4 181.9 188.8 194.6 200.6 207.3 213.6 219.8 226 232.4 239 245.4 253.1 261.9 271.3 279.8 291 299.5 309.2 320.6 332.3 347.1 358.2 365.3 364 356.4 363.7 374 381.6 388.9
41.8 43.9 46 48.2 49.2 48.6 48.5 48.1 45.4 43.1 45.7 56.3 67.7 75.3 80.7 84.2 87.1 90.3 92.3 93.8 96.7 102.8 105.9 105.5 107 104.6 89.8 84.8 94.6 101.2 104.9 108.4 110.5 111.5 113.6 114.8 111 109.3 112.7 120.5 126.5 132.6 138.2 143.8 148.5 152.8 156.4 160.5 165.5 171.7 178 183 189.4 194.8 201.4 208.6 214.5 220.5 225.5 231.6 238 244.8 253 262.2 271.5 280.4 290.4 300.6 309.6 319.7 332.1 343.3 351 357 355 347.9 363.1 370.3 377.5 386
42.6 44.1 45.8 47.5 47.1 46.3 46 45.3 42.6 41.6 44.6 55.3 65.4 74.4 80.3 83.1 85.7 87.8 89.3 90.9 93.9 96 100.2 101.7 105.1 103.2 89.2 84 97.4 102.2 107 109.9 111.6 113.3 115.3 115.7 111.6 108.3 112.3 120.6 127.7 133 137.8 143.1 147.9 152.6 156.7 160.8 166.6 172.4 178.5 183.4 189.7 194.9 202.3 208.4 214.6 219.1 224.9 230.7 237.2 245 253 262.3 271.3 280 289.1 300.2 309.2 320.5 330.1 339.4 345 345.8 336.1 349.3 359 366.3 370.4 382
41.8 43.2 44.6 45.7 45 44.5 43.8 42.4 41.1 40.9 45 52.7 62.4 73 78.9 81.3 83 85.1 86.6 89.2 91.7 94 96.8 99.3 100.3 98.6 89.2 83.6 97 101.5 107.3 110 112.1 114.1 115.9 115.6 111.2 107.8 109.6 120.9 126.9 131.5 136.8 142.1 147.5 152.6 157 162.3 167.6 172.7 178 183.9 190.1 195.1 201.6 207.9 213.1 216.6 224.1 230.2 236.8 245.6 253.7 262.1 270.6 279.8 289.1 299.5 311.7 324.7 330.8 335.4 338.6 333.4 331.4 343 354.9 362 366.5 376.7
41.1 42.1 43.4 43.5 42.5 41.7 41.1 40.3 40.3 40.7 44.7 51.3 57.6 69.2 76.3 78.7 80.3 82.9 84.5 89.1 91.6 93.8 96.5 97.8 98.3 96.3 87.1 84.9 96.3 101.9 107.6 111.2 112.1 113.9 115.4 114.3 109.1 107.5 109.1 117.1 125.2 130 135.4 141.6 147.3 152.9 156.9 161.8 167.6 172.5 177.2 184.1 190.1 195.2 200.1 206.5 210.1 217.5 224.4 230.7 239.3 246.1 252.6 261.7 269.6 280.1 287.8 298.7 311.1 322.9 327.7 332.1 329.4 326.8 324.1 340.3 348.7 355.6 361.7 369.7
