Game/Highland_Data/StreamingAssets/GeoData/Data/sd/SD37.asc
ncols 200
nrows 200
xllcorner 330000
yllcorner 470000
cellsize 50
[rows 0 to 39 of 200, columns 0 to 90 of 200]
37.9 41.4 40.2 46.1 61.8 83.6 71 58.8 40.3 15.5 8.4 4.4 4.7 5.5 5.7 5.5 5.2 5.3 5.1 5 5.1 5.1 4.9 4.7 4.5 4.7 5.8 9.4 10.5 11.8 14.8 20.5 28.6 34.2 36.4 39.6 35.5 28.7 19.3 9.4 5.6 5.5 5.5 5.6 4.4 4.3 4.7 4.9 5.1 4.7 4.7 4.4 3.6 3.6 3.6 3.4 2.6 2 1.3 0.6 0 -0.7 -1.4 -2 -2.7 -2.7 -2.7 -2.7 -2.7 -2.7 5.8 5 4.8 5.4 6 5.9 5.4 5.2 6 12.4 21.8 26.3 23.6 19.6 15.1 11.9 10.5 9.2 8.4 8.5 8.7
30.5 27.9 27.2 34.2 43.9 50.3 52.5 42.3 25.6 10.7 5.3 5 5 5 5.2 4.6 5.2 5.1 5 5.2 5.2 5 4.8 4.6 4.4 4.7 5.9 9.2 10.9 12.9 17.3 25 31.7 33.6 38.6 37.4 31.7 25.2 18.9 7.5 5.8 5.6 5.5 6 4.9 4.5 4.4 5 4.7 4.7 3.8 3.6 3.6 3.6 3.6 3.1 2.2 1.5 0.9 0.3 -0.4 -1.1 -1.7 -2.4 -2.7 -2.7 -2.7 -2.7 -2.7 -2.7 -2.7 -2.7 4.4 4.2 5.4 5.9 5.5 5.2 7 12.2 22 26.9 23.2 19 14.3 10.8 10 9.3 8.7 8.9 9
20.6 18.8 16.4 21.4 28.1 35.8 35.3 22 10.1 6.1 5.2 5.6 5.7 5.4 5 5.1 5.3 5.2 5.1 5.6 5.5 5.2 4.9 4.6 4.4 5 6.8 12.3 13.2 16.5 22 29.6 34 35.1 34.4 33.6 28.3 21.9 14.1 6.8 5.8 5.7 5.7 5.8 12.2 5.6 4.8 2.5 -2.7 3.6 3.6 3.6 3.6 3.6 3.6 2.8 1.8 1.1 0.4 -0.2 -0.8 -1.5 -2.1 -2.7 -2.7 -2.7 -2.7 -2.7 -2.7 -2.7 -2.7 -2.7 -2.7 3.3 4.7 6.3 6.2 5.8 6.2 12.6 24.5 27.6 23.1 18.4 13.8 10.8 10.3 9.6 9.1 9.3 9.4
12.8 11.2 9.1 9.1 15.7 24.4 10 7.7 5.9 5.6 5.9 6.1 5.8 4.8 4.5 4.6 5 5.1 5.2 5.3 5.4 5.2 4.9 4.5 4.8 5.2 5.8 9.6 14.5 22.2 28.2 33.1 37.4 38.5 33.6 29.6 24.2 17.3 10.7 6.1 5.8 5.8 5.8 7.9 12.2 9.8 6.6 4.8 -2.7 -2.7 3.7 3.6 3.6 3.6 3.2 2.2 1.4 0.6 -0.2 -0.8 -1.4 -1.9 -2.7 -2.7 -2.7 -2.7 -2.7 -2.7 -2.7 -2.7 -2.7 -2.7 -2.7 -2.7 4.1 6.1 7.8 7.2 8 11.5 24.9 26.7 22.3 17.7 13.2 10.7 10.2 9.8 9.5 9.7 9.8
13.4 12.1 11.3 10.6 9.7 11.2 7.9 6.6 7.1 7 5.8 5.2 5.3 4.7 4.6 4.6 4.7 4.8 4.7 6.4 5.4 4.9 4.6 4.2 5.1 5.3 5 11.2 20.6 27 32.2 38.9 43.3 44.2 39.2 29.3 21.4 14.8 7.7 6 5.9 5.9 5.9 10.8 8.6 6 5.3 5.3 -2.7 -2.7 3.6 3.6 3.6 3.6 2.7 1.7 0.8 0 -0.7 -1.5 -2.7 -2.7 -2.7 -2.7 -2.7 -2.7 -2.7 -2.7 -2.7 -2.7 -2.7 -2.7 -2.7 -2.7 3.9 7 8 8.2 9.9 12.4 22.1 25.8 21.8 17.9 14 10.6 10.1 9.6 9.6 9.7 9.8
13.4 11.6 10.7 9.8 9.5 8.6 8 8 7.3 6.3 4.7 4.7 4.7 4.8 4.7 4.7 4.4 4.2 4.7 6.8 4.8 4.5 4.3 4.2 4.8 5 5.2 16.3 28.1 38.9 45.5 51.9 54.9 51.2 45 36.2 23.3 13.6 6.8 5.9 5.9 6 6.7 6.9 6.2 5.1 -2.7 -2.7 -2.7 3.6 3.6 3.6 3.6 3.1 2.1 1.1 0.2 -0.7 -1.5 -2.7 -2.7 -2.7 -2.7 -2.7 -2.7 -2.7 -2.7 -2.7 -2.7 -2.7 -2.7 -2.7 -2.7 -2.7 -2.7 4.3 7.5 9.3 10.6 12.6 20 25.1 22.6 21.4 18.4 12.5 9.9 9.7 9.7 9.7 9.8
12.1 10.8 10.6 10 9.2 8.3 7.9 6.9 6.4 5.3 4.5 4.6 4.6 4.7 4.7 4.5 4.4 4.3 5.6 7.5 4.7 4.2 4.2 4.5 5.3 5.2 5.7 17.1 26.3 37.1 46.1 59 60.5 54.4 48.3 39.4 28.3 17.1 8.5 6 5.5 5.7 6.1 5.9 5.2 4.3 -2.7 -2.7 -2.7 3.6 3.6 3.6 3.3 2.3 1.3 0.4 -0.5 -1.4 -2.7 -2.7 -2.7 -2.7 -2.7 -2.7 -2.7 -2.7 -2.7 -2.7 -2.7 -2.7 -2.7 -2.7 -2.7 -2.7 -2.7 1.4 4.9 8.1 11.2 12.7 19.6 25.5 26.1 26.3 22.8 15.8 10.3 9.8 9.8 9.8 9.9
9.8 8.9 9.9 9.4 8.5 7.7 7.1 6.1 5.7 5.2 4.4 4.5 4.6 4.7 4.6 4.5 4.4 4.3 5.4 7.3 4.6 4.2 4.4 4.7 5.4 5.2 5.7 12.4 21 30.5 43.9 60 61.2 58 53 41.6 27.4 13.7 8.3 8.7 7.6 5.5 5.8 5.3 4.7 -2.7 -2.7 3.6 3.6 3.6 3.6 3.4 2.4 1.5 0.5 -0.5 -1.4 -2.7 -2.7 -2.7 -2.7 -2.7 -2.7 -2.7 -2.7 -2.7 -2.7 -2.7 -2.7 -2.7 -2.7 -2.7 -2.7 -2.7 -2.7 -0.1 1.7 4.9 9.3 12.6 21.9 27 28.7 30.1 26.3 18.2 12 9.7 9.7 9.8 9.9
10.8 9.2 9.2 8.3 6.8 7.2 6.7 6.3 6 5.4 4.6 4.6 4.8 4.8 4.7 4.6 4.4 4.3 5 6.2 4.6 4.2 4.6 6 6.9 5.3 5.3 7.5 15.6 25.9 37.4 51.7 58.6 61.2 53.1 39.7 24.3 12.2 10.4 15.1 12.8 8.3 6.4 4.7 3.6 -2.7 3.6 3.6 3.6 3.6 3.6 2.6 1.5 0.5 -0.4 -1.4 -2.7 -2.7 -2.7 -2.7 -2.7 -2.7 -2.7 -2.7 -2.7 -2.7 -2.7 -2.7 -2.7 -2.7 -2.7 -2.7 -2.7 -2.7 -2.7 -2.7 -2.7 3.7 6.3 19.4 25.3 29.6 32.3 33.4 27.6 18.8 12.5 9.5 9.5 9.7 9.8
5.8 7.6 8.1 6.6 6.8 6.8 6.5 5.9 5.6 4.7 4.7 4.6 4.7 4.7 4.9 4.6 4.2 4.3 4.7 4.8 4.5 4.3 5.1 7.5 9.2 5.8 5.6 6.2 10.6 18.6 26.9 41.3 46.8 49.1 47 35.3 20.4 13 15.6 19.6 17.2 11.9 7.3 5.6 4.7 -2.7 3.6 3.6 3.6 3.6 2.7 1.6 0.6 -0.4 -1.4 -2.7 -2.7 -2.7 -2.7 -2.7 -2.7 -2.7 -2.7 -2.7 -2.7 -2.7 -2.7 -2.7 -2.7 -2.7 -2.7 -2.7 -2.7 -2.7 -2.7 -2.7 -2.7 -2.7 5.6 19 29.6 32.7 37 36.8 28.4 18.6 12.1 9.3 9.2 9.4 9.6
5.8 7 7.9 7.6 6.9 6.4 6.1 5.7 4.9 4.7 4.8 4.7 4.7 4.7 6 5.7 4.3 4.4 4.5 4.6 4.4 4.7 6.1 8 9.5 6.2 6 6.3 7.9 13.6 22.6 27.7 34.1 41.2 37.8 27.7 17.7 16.9 18.6 22.4 19 14.6 10.2 7.3 5.1 -2.7 3.6 3.6 3.6 2.7 1.7 0.7 -0.4 -1.4 -2.7 -2.7 -2.7 -2.7 -2.7 -2.7 -2.7 -2.7 -2.7 -2.7 -2.7 -2.7 -2.7 -2.7 -2.7 -2.7 -2.7 -2.7 -2.7 -2.7 -2.7 -2.7 -2.7 -2.7 4.7 19 32.1 37.3 43.2 40.7 31.1 20.1 11.9 8.9 8.8 8.9 8.9
5.5 6 7.4 6.9 6.3 5.8 5.4 5.1 4.9 4.6 4.8 4.7 4.7 5.5 6.7 6.5 5.3 4.5 4.6 4.6 4.7 5.8 7.2 8.9 8.9 7.1 6.4 6.3 7.5 11.6 18.4 25 29.4 32.3 28.2 20.2 17.9 19.8 22.7 26.7 23.2 18.4 12.8 8.3 5.5 -2.7 3.6 3.6 2.9 1.8 0.7 -0.3 -1.4 -2.7 -2.7 -2.7 -2.7 -2.7 -2.7 -2.7 -2.7 -2.7 -2.7 -2.7 -2.7 -2.7 -2.7 -2.7 -2.7 -2.7 -2.7 -2.7 -2.7 -2.7 -2.7 -2.7 -2.7 -2.7 3.3 19.4 34.2 41.6 48.2 43.4 34.4 23.8 11.4 8.4 8.3 8.3 8.1
5.4 5.6 6.7 6.8 5.6 5.2 4.8 4.8 4.7 4.6 5 4.9 5.2 6.8 8 7.7 5.3 4.7 4.7 5.1 6.4 6.8 8.4 9.4 8.9 8.5 7.1 7 10.6 14.9 20.8 22.1 24.9 22.5 19.5 17 20.6 24.5 29.9 32.7 29 24.7 17.5 8.6 5.7 -2.7 3.6 3.4 2.3 1.1 0 -1.2 -2.7 -2.7 -2.7 -2.7 -2.7 -2.7 -2.7 -2.7 -2.7 -2.7 -2.7 -2.7 -2.7 -2.7 -2.7 -2.7 -2.7 -2.7 -2.7 -2.7 -2.7 -2.7 -2.7 -2.7 -2.7 -2.7 2.9 20.3 35.5 44.2 48.2 43.3 36 27.4 13.3 7.8 7 6.9 7
5.5 5.5 5.9 6.5 5.1 4.6 4.5 4.4 4.4 4.7 6.1 6.3 7.4 9.2 9.6 8 5.5 5.1 5.5 7.7 8.4 8.1 9.5 8.9 9.2 7.9 7.5 9.5 13.8 19.1 24.7 22.6 19 16.1 14.3 18.3 23.8 28.4 35.9 37 31.9 27.7 18.4 12.8 6.7 3.6 3.6 3 1.8 0.7 -0.5 -1.6 -2.7 -2.7 -2.7 -2.7 -2.7 -2.7 -2.7 -2.7 -2.7 -2.7 -2.7 -2.7 -2.7 -2.7 -2.7 -2.7 -2.7 -2.7 -2.7 -2.7 -2.7 -2.7 -2.7 -2.7 -2.7 -2.7 4 20.7 37.1 48.4 46.1 41.7 38.6 30.6 15.7 7.1 6.8 6.9 6.9
6.2 6.2 6.7 5.9 4.6 4.8 4.4 4.3 4.7 6.3 7.6 7.8 8.7 10.1 10.3 8.8 7.4 7.4 10.1 9.5 8.9 9.1 9.7 8.2 8.7 8.3 10.4 12.8 18.2 26.7 30.1 22.5 16.4 11.3 10.9 16.7 29 36.3 41.8 37.7 31.7 26.4 16.9 11.1 7.1 4.9 3.6 2.5 1.4 0.3 -0.8 -1.8 -2.7 -2.7 -2.7 -2.7 -2.7 -2.7 -2.7 -2.7 -2.7 -2.7 -2.7 -2.7 -2.7 -2.7 -2.7 -2.7 -2.7 -2.7 -2.7 -2.7 -2.7 -2.7 -2.7 -2.7 -2.7 -2.7 -2.7 19.4 36 43.8 42.1 39.8 38.8 30.2 15.1 6.9 6.8 6.7 6.7
6.9 5.6 5.4 4.6 5.2 5.2 4.7 4.4 7.3 8.6 8.6 8.5 10.4 11.1 10.5 8.5 10.3 11.5 13.4 10.3 8.8 10.4 9.6 8.3 8.2 8.7 12.9 15.5 20.4 29.4 31.4 23 14.1 11.4 7.5 16.4 32.1 39.2 39.6 34.6 28.1 24.7 13.8 10.4 10.1 9.7 3.3 2.3 1.1 0.1 -0.9 -2 -2.7 -2.7 -2.7 -2.7 -2.7 -2.7 -2.7 -2.7 -2.7 -2.7 -2.7 -2.7 -2.7 -2.7 -2.7 -2.7 -2.7 -2.7 -2.7 -2.7 -2.7 -2.7 -2.7 -2.7 -2.7 -2.7 -2.7 17.6 35.1 34 33.8 35.3 34.1 26.5 16 7 6.4 6.5 6.6
6.7 5.1 4.4 4.8 5.3 5.4 5.3 9.1 12 10.8 10 10.4 11.4 11.1 9.6 8.9 12 14.1 14.3 10.2 10.2 10.6 9.1 8.4 9.6 10.2 15 19 24.6 30 27.3 18.7 10.3 6.3 6.4 17.1 30.3 33.8 35.3 31.3 26.9 22.5 10.6 12.3 12.2 6.2 2.9 1.8 0.7 -0.3 -1.4 -2.7 -2.7 -2.7 -2.7 -2.7 -2.7 -2.7 -2.7 -2.7 -2.7 -2.7 -2.7 -2.7 -2.7 -2.7 -2.7 -2.7 -2.7 -2.7 -2.7 -2.7 -2.7 -2.7 -2.7 -2.7 -2.7 -2.7 -2.7 11.2 32.2 30.8 30 30.1 28.8 23.1 14.7 6.7 6.1 6 5.9
5.1 4.3 4.4 5 5.4 5.5 7.1 12.8 13.6 12.4 11.9 12 12 11.6 10.7 11.9 13.9 15.6 15 11.3 10.3 10.3 9.2 8.5 9.5 11.6 16.3 22.5 25.6 25.1 20.8 11.6 6.1 5.4 5.7 14.4 20.8 28.7 30.5 29.1 25.8 20.5 12.4 10.4 8.3 3.7 2.2 1.5 0.4 -0.8 -1.9 -2.7 -2.7 -2.7 -2.7 -2.7 -2.7 -2.7 -2.7 -2.7 -2.7 -2.7 -2.7 -2.7 -2.7 -2.7 -2.7 -2.7 -2.7 -2.7 -2.7 -2.7 -2.7 -2.7 -2.7 -2.7 -2.7 -2.7 4.5 6.5 25.4 26.2 27.2 26.1 23 18.1 11.3 5.9 5.6 5.6 5.6
5.2 4.4 4.3 4.7 5.6 5.9 10.2 14.3 14.8 14 13.1 12.7 13.2 13.4 13.4 14 15.2 16.5 15.6 11.7 9.8 10.3 9 8.7 9.4 12.1 16.4 19.4 19.9 18.1 12.3 6.1 5 5 5.3 6.2 18 24.4 26.1 26.4 24.8 18.4 12.6 8 4.6 -2.7 -1.4 -1.6 -1.8 -2 -2.7 -2.7 -2.7 -2.7 -2.7 -2.7 -2.7 -2.7 -2.7 -2.7 -2.7 -2.7 -2.7 -2.7 -2.7 -2.7 -2.7 -2.7 -2.7 -2.7 -2.7 -2.7 -2.7 -2.7 -2.7 -2.7 -2.7 -2.7 4.4 5.4 15.9 20.2 21.9 21.3 18 13.3 7.7 5.4 5.2 5.2 5.1
4.9 4.8 4.4 4.9 5.6 7.4 10.5 13.3 14.3 13.7 13.1 13.1 14.2 14 14.4 14.8 15.7 16.5 15.2 11.7 10 10.7 9.7 8.8 9.4 11.6 14 15.2 13.9 10.1 5.4 5 5 5.1 5.2 6 15.1 20.8 22 21.8 20.4 14.6 6.9 2.8 -2.7 -2.7 -2.7 -2.7 -2.7 -2.7 -2.7 -2.7 -2.7 -2.7 -2.7 -2.7 -2.7 -2.7 -2.7 -2.7 -2.7 -2.7 -2.7 -2.7 -2.7 -2.7 -2.7 -2.7 -2.7 -2.7 -2.7 -2.7 -2.7 -2.7 -2.7 -2.7 -2.7 4.1 4.9 5.7 7.2 12.7 13 16.2 14.1 9.5 5.9 5.1 4.9 4.8 5
4.7 4.5 4.5 4.6 4.8 8 10.1 12 13.4 13 12.4 13.9 15 14.5 15.3 15.8 15.8 15.9 13.1 10.6 10.2 12.4 9.6 9.1 9.5 10.4 10.2 9.8 7.3 5 5 5.2 5.2 5.3 5.1 5.4 12.3 18.9 19.1 17.7 16.7 9 1.7 -2.7 -2.7 -2.7 -2.7 -2.7 -2.7 -2.7 -2.7 -2.7 -2.7 -2.7 -2.7 -2.7 -2.7 -2.7 -2.7 -2.7 -2.7 -2.7 -2.7 -2.7 -2.7 -2.7 -2.7 -2.7 -2.7 -2.7 -2.7 -2.7 -2.7 -2.7 -2.7 -2.7 -2.7 4.7 5.5 5.6 4.9 5.6 6.9 11.4 11 7.3 5.1 4.9 4.8 4.7 4.7
4.4 4.4 4.9 4.6 5.8 8.3 10.3 11.4 12.2 12 12.7 14.3 14.7 14.3 16.1 15.8 15.5 14.3 11.3 9.7 11.7 11.7 9.7 8.7 8.4 9.3 8.6 7.3 5.3 5.8 5.2 5.5 5.4 5.2 4.7 4.9 9.1 15.3 16.7 15.5 7 1.5 -2.7 -2.7 -2.7 -2.7 -2.7 -2.7 -2.7 -2.7 -2.7 -2.7 -2.7 -2.7 -2.7 -2.7 -2.7 -2.7 -2.7 -2.7 -2.7 -2.7 -2.7 -2.7 -2.7 -2.7 -2.7 -2.7 -2.7 -2.7 -2.7 -2.7 -2.7 -2.7 -2.7 -2.7 4.3 5.2 5.9 5.1 4.8 4.8 5.6 7.8 8.5 6 5.2 5 5 5 5.1
4.3 4.9 5.5 4.8 6 8.9 10.6 10.9 11.3 11.3 12.6 13.8 12.8 13.8 14 14 14.1 12.5 9.5 10 10 8.7 8.6 8.8 8.3 8.8 7.4 7.1 7.9 8.5 6.9 6.7 5 4.7 4.1 5 5.9 10.5 9.1 8.8 -2.7 -2.7 -2.7 -2.7 -2.7 -2.7 -2.7 -2.7 -2.7 -2.7 -2.7 -2.7 -2.7 -2.7 -2.7 -2.7 -2.7 -2.7 -2.7 -2.7 -2.7 -2.7 -2.7 -2.7 -2.7 -2.7 -2.7 -2.7 -2.7 -2.7 -2.7 -2.7 -2.7 -2.7 3.8 4.4 5 6.2 5.3 4.9 4.7 4.7 4.7 5.5 6.4 5.3 5 4.9 4.9 4.9 4.9
4.5 4.4 4.5 4.8 6.4 9.3 10.5 10.8 10.6 11.2 12.5 13.1 11 9.8 9.6 10.5 9.7 9.3 8.7 8.6 9.5 11.6 12.4 10.1 8.2 8.5 5.7 5.7 5.5 6.2 5.8 4.7 4.5 -2.7 5.1 3.9 5.1 5.7 7 4 -2.7 -2.7 -2.7 -2.7 -2.7 -2.7 -2.7 -2.7 -2.7 -2.7 -2.7 -2.7 -2.7 -2.7 -2.7 -2.7 -2.7 -2.7 -2.7 -2.7 -2.7 -2.7 -2.7 -2.7 -2.7 -2.7 -2.7 5.2 5.8 5.7 -2.7 -2.7 -2.7 4.7 -2.7 -2.7 6.1 5.3 5.1 4.9 4.6 4.7 4.7 4.7 4.8 4.7 4.4 4.7 4.8 4.8 4.8
4.5 4.5 4.6 4.9 7.6 9.2 10.1 11.1 9.8 10.6 11.5 11 8.5 8.6 9.2 9.8 8.4 8.4 9 9.1 14.6 15.8 14.8 11.8 7.7 6.2 5.9 6.1 5.4 5.2 3.8 1.7 0.4 -2.7 1.6 5 8.1 5.7 6.5 2 -2.7 -2.7 -2.7 -2.7 -2.7 -2.7 -2.7 -2.7 -2.7 -2.7 -2.7 -2.7 -2.7 -2.7 -2.7 -2.7 -2.7 -2.7 -2.7 -2.7 -2.7 -2.7 -2.7 -2.7 -2.7 -2.7 3.8 6.2 6.1 5.9 6.2 -2.7 4 3.7 -2.7 5.2 5.1 5 4.9 4.8 4.6 4.6 4.7 4.7 4.8 4.8 4.7 4.8 4.8 4.8 4.8
4.8 5 5.3 9.4 8.2 10.7 11.5 10.9 9.1 10.6 10.9 7.8 6.7 7.5 7.3 8.7 10.6 9.7 9.6 12.2 17.3 18.1 17.4 14.4 10.1 6.9 5.7 6 5.2 3.6 1.3 -2.7 -2.7 -2.7 -2.7 -2.7 -2.7 5.4 5.9 -2.7 -2.7 -2.7 -2.7 -2.7 -2.7 -2.7 -2.7 -2.7 -2.7 -2.7 -2.7 -2.7 -2.7 -2.7 -2.7 -2.7 -2.7 -2.7 -2.7 -2.7 -2.7 -2.7 -2.7 -2.7 -2.7 -2.7 6 7.1 7.5 7.3 6 5.8 5.2 5 4.6 4.6 4.8 4.8 4.6 4.6 4.6 4.7 4.7 4.7 4.8 4.8 4.8 4.8 4.9 4.9 4.9
5.1 6.6 4.7 6.1 9.3 11 11.5 10.5 7.8 9.2 7 5.7 5.5 5.5 7.2 10.3 12.5 12 10.7 11.1 16.9 20.3 19.8 16.5 11.7 7 5.6 6 3.9 1.3 -2.7 -2.7 -2.7 -2.7 -2.7 -2.7 -2.7 -2.7 3.7 -2.7 -2.7 -2.7 -2.7 -2.7 -2.7 -2.7 -2.7 -2.7 -2.7 -2.7 -2.7 -2.7 -2.7 -2.5 -2.6 -2.7 -2.7 -2.7 -2.7 -2.7 -2.7 -2.7 -2.7 -2.7 -2.7 4.1 8.3 9.4 9.6 9.7 7.3 6.4 5.8 4.5 4.4 5.3 5 4.6 4.6 4.6 4.7 4.7 4.7 4.8 4.8 4.8 4.8 4.8 4.9 5 5
4 4.7 4.9 7.2 8.7 10.2 10.1 9 7.9 5.9 4.6 4.3 4.3 5.4 9.2 13.1 12.8 12.5 10 9.7 13.4 20.3 23.6 19.1 12.2 8.1 6.3 4.3 1.8 -0.8 -2.7 -2.7 -2.7 -2.7 -2.7 -2.7 -2.7 -2.7 -2.7 -2.7 -2.7 -2.7 -2.7 -2.7 -2.7 -2.7 -2.7 -2.7 -2.7 -2.7 -2.7 -2.1 -1.7 -1.5 -1.6 -1.9 -2.7 -2.7 -2.7 -2.7 -2.7 -2.7 -2.7 -2.7 -2.7 6 11.5 11.7 11.3 11.5 10.8 10.2 8.8 6 4.9 5.3 4.9 4.6 4.7 4.7 4.7 4.7 4.8 4.8 4.8 4.8 4.8 4.9 5 5.1 5.1
5.1 5 5.9 7 7.7 8.2 7.3 7.1 8 5.2 4.3 4.5 4.6 6.4 10.4 12.8 12.4 13.7 10.4 10.2 16 20.2 24.1 22.4 15.1 9.5 6.3 2.9 0 -2.7 -2.7 -2.7 -2.7 -2.7 -2.7 -2.7 -2.7 -2.7 -2.7 -2.7 -2.7 -2.7 -2.7 -2.7 -2.7 -2.7 -2.7 -2.7 -2.7 -2.7 -2.7 -1.2 -0.8 -0.5 -0.5 -0.7 -0.9 -1.3 -2.7 -2.7 -2.7 -2.7 -2.7 -2.7 -2.7 9.1 13.6 13.9 12.7 13 13.8 14.2 12.7 9 6.4 5.2 4.8 4.7 4.7 4.6 4.8 4.8 4.8 4.8 4.8 4.8 4.9 5 5.1 5.1 5.1
5.1 5 6.3 6.3 7.1 7.1 6 6.7 5.6 4.4 4.4 4.5 4.8 7.7 10.7 11.7 12.6 13.4 9.6 11.4 23.5 26.7 28.7 25.6 18.4 10.3 5 1.9 -2.7 -2.7 -2.7 -2.7 -2.7 -2.7 -2.7 -2.7 -2.7 -2.7 -2.7 -2.7 -2.7 -2.7 -2.7 -2.7 -2.7 -2.7 -2.7 -2.7 -2.7 -2.7 -2.7 -0.7 0.1 0.5 0.6 0.5 0.4 0.3 0 -0.1 -2.7 -2.7 -2.7 -2.7 4.2 10.9 14.4 14.7 13.5 13 13.6 14.9 15.1 11.6 8 6.1 5 4.7 4.5 4.8 4.8 4.8 4.8 4.8 4.8 4.9 5 5.1 5.2 5.2 5.2
5.3 5.4 6.1 5.7 6.3 6.5 5.5 7.1 4.3 4.3 4.4 4.5 4.6 7.6 9 9.8 10.2 10.5 8.5 10.7 21.8 28.7 31.1 26.3 21.3 9.4 4 0.7 -2.7 -2.7 -2.7 -2.7 -2.7 -2.7 -2.7 -2.7 -2.7 -2.7 -2.7 -2.7 -2.7 -2.7 -2.7 -2.7 -2.7 -2.7 -2.7 -2.7 -2.7 -2.7 -2.7 -0.5 1.1 1.4 1.6 1.7 1.8 1.8 2.1 2.4 2.5 3.3 -2.7 -2.7 5.2 12.8 15.7 14.8 13.1 12.4 11.8 12.8 13.9 11.9 9.1 7.2 5.8 5.7 5 4.8 4.8 4.8 4.8 4.9 4.9 5 5 5.2 5.2 5.2 5.2
5.3 5.9 5.8 5.3 6.3 5.2 5.5 7.1 4.3 4.3 4.3 6.7 7.5 6.2 6.6 7.4 7.6 7.5 7.1 8.9 17.3 25.9 28.9 25.4 20.4 10.7 3.6 -0.5 -2.7 -2.7 -2.7 -2.7 -2.7 -2.7 -2.7 -2.7 -2.7 -2.7 -2.7 -2.7 -2.7 -2.7 -2.7 -2.7 -2.7 -2.7 -2.7 8.9 -2.7 -2.7 -2.6 -0.4 1.7 2.3 2.7 2.9 3.2 3.8 4.5 4.8 3.8 3.7 3.7 3.9 5.3 14.8 16.9 15.5 13.8 12.5 11.9 12.5 11.9 11.1 10.1 9 7.8 8.4 6.2 5 4.8 4.8 4.9 4.9 4.9 5 5 5.2 5.2 5.2 5.2
5.2 5.7 5.4 5 5 4.5 5.2 5.9 4.4 4.3 7 9.6 9 5.9 5.8 5.7 5.8 5.9 6.1 7.6 9.8 18.8 23 23.3 19.8 10.9 3.6 -2.7 -2.7 -2.7 -2.7 -2.7 -2.7 -2.7 -2.7 -2.7 -2.7 -2.7 -2.7 -2.7 -2.7 -2.7 -2.7 -2.7 -2.7 -2.7 -2.7 -2.7 -2.7 -2.7 -2.7 -0.3 1.9 3.3 3.6 4.2 4 3.9 3.7 4.2 4.9 5.2 4.5 3.8 4.4 14.9 19.2 16.9 15.5 14.1 13.2 13.5 11.6 9.3 10 9.7 8.8 8.9 7.5 6.2 4.9 4.9 5 4.9 4.9 4.9 5 5.2 5.3 5.3 5.3
5.2 5.3 5 4.6 4.4 4.4 5.1 5.6 5.7 9.6 10.1 10 8.2 6.1 5.6 5 5.1 5.2 5.4 6.9 10.9 14.6 16.2 18.9 18.1 8.6 -2.7 -2.7 -2.7 -2.7 -2.7 -2.7 -2.7 -2.7 -2.7 -2.7 -2.7 -2.7 -2.7 -2.7 -2.7 -2.7 -2.7 -2.7 -2.7 -2.7 -2.7 -2.7 -2.7 -2.7 -2.7 -2.7 4.4 5.2 4.4 4.6 3.9 3.7 3.7 4.2 4.9 5.2 4.7 4 4.8 7.6 20.9 19.9 18.9 17.8 15.7 14.3 12.4 10.2 10.7 12.6 11.5 10 11 8.3 6.1 5 5 5 5 5 5 5.2 5.3 5.3 5.3
5.2 5.2 5.1 5 4.6 4.6 5.5 7.3 9.1 11.1 10.1 8.5 6.1 5.5 5.9 5.1 5.3 5.5 5.9 7.9 11.7 14.9 16.9 18.1 14 5.1 -2.7 -2.7 -2.7 -2.7 -2.7 -2.7 -2.7 -2.7 -2.7 -2.7 -2.7 -2.7 -2.7 -2.7 -2.7 -2.7 -2.7 -2.7 -2.7 -2.7 -2.7 -2.7 -2.7 -2.7 -2.7 -2.7 -2.7 -2.7 4.7 4.9 -2.7 3.6 3.8 4.3 4.9 4.9 4.4 4.3 4.8 5.6 19.7 24 23.6 21.9 18.6 16.9 14.7 13.6 15.7 17.5 17.1 16.2 17.9 14 7.8 5.9 5.1 5.1 5 5 5 5.2 5.3 5.4 5.4
5.4 5.4 4.7 5.1 4.8 4.9 5.2 6.8 7.3 8.5 7.9 5.8 4.6 4.9 5.1 6.2 7.8 9.8 9.8 6.8 7.5 16.7 21.4 20.6 14.5 3.4 -2.7 -2.7 -2.7 -2.7 -2.7 -2.7 -2.7 -2.7 -2.7 -2.7 -2.7 -2.7 -2.7 -2.7 -2.7 -2.7 -2.7 -2.7 -2.7 -2.7 -2.7 -2.7 -2.7 -2.7 -2.7 -2.7 -2.7 -2.7 -2.7 -2.7 -2.7 3.6 3.9 4.3 4.8 4.6 4.4 4.4 4.7 5 16.7 27.3 29 25.5 21.3 18.8 16.7 16.2 19.5 21.9 23 22.8 24.2 21.4 13.9 8.9 5.7 5 5.1 5 5.1 5.2 5.3 5.4 5.3
6.7 6.8 7 5.4 5.3 5.2 5.5 5.3 5.4 5.4 5.1 4.3 4.3 4.4 4.7 6.3 9.3 11.7 10.5 5.7 5.4 21.8 25.8 23.4 17 3 -2.7 -2.7 -2.7 -2.7 -2.7 -2.7 -2.7 -2.7 -2.7 -2.7 -2.7 -2.7 -2.7 -2.7 -2.7 -2.7 -2.7 -2.7 -2.7 -2.7 -2.7 -2.7 -2.7 -2.7 -2.7 -2.7 -2.7 -2.7 -2.7 -2.7 -2.7 -2.7 4.1 4.7 4.9 4.7 4.5 4.5 4.7 5 11.9 28.5 32.1 28.6 23.5 20.7 19.4 19.6 23.1 27.1 28.5 28.4 26.6 24.1 19.1 13.3 7.9 5.3 5.1 5 5.1 5.2 5.3 5.3 5.3
6.3 6 6.5 6.6 6.7 5.4 6.6 5.1 5.2 5 4.7 4.5 4.4 4.4 4.8 5.9 8.1 9.7 6.7 6.3 5.1 25.4 28.7 25.7 18 2.9 -2.7 -2.7 -2.7 -2.7 -2.7 -2.7 -2.7 -2.7 -2.7 -2.7 -2.7 -2.7 -2.7 -2.7 -2.7 -2.7 -2.7 -2.7 -2.7 -2.7 -2.7 -2.7 -2.7 -2.7 -2.7 -2.7 -2.7 -2.7 -2.7 -2.7 -2.7 -2.7 -2.7 4.2 4.8 4.8 4.6 4.7 4.8 5 10.1 29.9 34.8 31.5 25.6 23.2 22.9 23.3 27.2 31.9 33.9 32.3 29.8 26.4 22 17.5 11.2 5.5 5.4 5 5.1 5.2 5.2 5.3 5.4
6 6 6.3 6.5 6.3 6.5 6.6 6.8 5.4 4.3 4.9 4.6 4.6 4.6 4.8 5.8 6 6.7 5 6.5 8.6 17.3 28.4 26.3 18 2.5 -2.7 -2.7 -2.7 -2.7 -2.7 -2.7 -2.7 -2.7 -2.7 -2.7 -2.7 -2.7 -2.7 -2.7 -2.7 -2.7 -2.7 -2.7 -2.7 -2.7 -2.7 -2.7 -2.7 -2.7 -2.7 -2.7 -2.7 -2.7 -2.7 -2.7 -2.7 -2.7 -2.7 -2.7 4.7 3.9 4.8 4.8 4.7 4.6 5.7 30.7 35.6 31.4 26.3 25.5 26.2 27.7 31.2 35.5 38 35.9 31.7 27.9 24.2 28.6 19.4 6.6 5.5 5 5.1 5.2 5.3 5.3 5.4
5.9 6.1 6.4 6.6 6.3 5.9 6.2 6.4 6.8 7.3 5.4 5.8 4.9 4.7 4.6 5.3 5.6 5.9 5.4 5.4 6.4 12.6 16.9 15.6 8.7 2.4 -2.7 -2.7 -2.7 -2.7 -2.7 -2.7 -2.7 -2.7 -2.7 -2.7 -2.7 -2.7 -2.7 -2.7 -2.7 -2.7 -2.7 -2.7 -2.7 -2.7 -2.7 -2.7 -2.7 -2.7 -2.7 -2.7 -2.7 -2.7 -2.7 -2.7 -2.7 -2.7 -2.7 4.2 -2.7 -2.7 4.7 4.6 4.6 4.7 5.6 32.7 32.1 27.6 22.9 26.9 27.8 30.6 34.9 37.5 39.2 36.9 32.7 28.7 25.9 34.7 25.3 8.6 5.6 5 5.1 5.2 5.3 5.3 5.4
