Game/Highland_Data/StreamingAssets/GeoData/Data/sd/SD45.asc
ncols 200
nrows 200
xllcorner 340000
yllcorner 450000
cellsize 50
[rows 120 to 159 of 200, columns 90 to 179 of 200]
5.1 6.9 5.3 4.1 4.5 4.4 4.3 4.2 4.3 4.1 4.3 4.2 4.7 5.7 5.1 4.4 4.4 4.2 4 4.2 4.1 4 4.1 4.3 4.2 4.2 4.2 4.1 4.2 4.1 4.7 10.7 15.3 18.2 19.3 19.6 20.2 17.6 15.2 15 15.8 16.4 20.1 18.8 18.4 17.2 18.9 20.3 21.5 22.7 21.2 18.8 14.7 13 13.6 13.2 13.4 13 13.2 12.7 13.9 14 14.8 17.4 20 22.5 27.4 28.6 28.7 31.5 34.2 30.2 25.4 20.6 19.5 20.7 27.4 31.7 33.8 36.7 37.2 35.1 33.3 35.7 37.3 41.8 35.3 43.3 42.6 42.4
4.9 7.2 3.9 4.9 5.3 4.6 4.2 3.9 4 4.1 4.1 4.5 7.6 8.9 8.6 7.1 5.1 4.2 4.1 4.1 4.1 4 4.1 4.4 4.2 4.1 4.2 4.1 4.1 4.6 5.9 10.8 15.8 19.2 20.8 21.4 20.5 19.3 16.3 14.9 15.4 18.1 19.1 17.5 16.7 16 17.1 19.2 21.7 23.9 23.9 22.2 19 15.5 13.5 13.3 13.1 12.7 12.9 13.3 13.8 13.7 13.6 13.2 14.8 18.6 27.4 29.2 31 33 36.1 34.6 28.2 22.2 18.7 20.7 26 29.6 31.7 34 35.4 34.2 33 35.5 38.7 42 35.7 43.8 45.8 43.4
4.6 6.5 11.7 6.6 6.3 4.3 4.1 4 4 4.3 4.7 5.7 11.9 13.1 11.4 9.8 6.3 4.2 4.2 4.1 4.2 4.1 4.1 4.1 4.1 4.1 4.1 4.1 4.1 4.3 5 10 15.3 19.5 20.6 21.6 20.5 18.5 16 15.1 15.7 18.1 18.6 17 16.2 15.9 16.2 18.3 21.8 24.9 25.8 25 22.1 19.4 16.1 12.9 13.4 12.5 13.4 13.5 13.8 13.8 13.8 13.8 14 15.1 23.2 27 30.9 33.1 36.4 37.7 33.7 23 19.3 20.9 24.6 27.3 29.2 31.3 32.8 32.6 33 36.8 40.8 43.7 45.3 37.7 47.5 43.9
4.5 5 13.2 10.7 5.4 4 4.3 4.1 3.9 4.1 4.8 8 14 15.3 13.9 11.2 7.7 4.6 4.2 4.2 4.3 4 4.1 4.1 4.1 4.1 4.1 4.1 4.1 4.1 5.1 9.9 13.7 18.7 20.9 21.4 20.3 18.9 16.2 15.5 16.4 18.2 18.2 16.6 15.6 15.6 16 18.2 21.8 25.4 27.1 27.1 25.1 24.8 18.7 14.9 13.7 13.1 13.1 13.5 13.8 13.7 13.8 13.8 13.4 14.4 20.4 25.4 28 31 34.8 38.4 36.2 32.8 22.3 21.2 23.5 26 26.9 28.4 30.4 31.5 32.9 36.5 42.6 45.9 48.9 34.1 46.2 44.1
4.6 5 10.9 6.3 4.4 3.8 4.1 4 4.1 4 5.1 8.9 15.3 17.2 16.2 12.6 8.5 4.5 4 4.4 4.5 4.1 4.1 4.1 4.1 4.1 4.2 4.1 4.2 4.4 4.6 6.8 12.4 16 19.2 20.3 19.5 18.7 16.5 15.5 17.5 18.6 17.9 16.3 15.5 15.6 16.2 18.7 22.1 27.4 27.2 29.2 28.6 24.3 20.2 16.5 14.3 13.4 12.9 13.7 13.7 13.6 13.4 13.5 13.4 13.4 15.1 22.8 25.1 29.3 33.9 36.9 36.9 33.6 25.2 19.4 22.7 24.7 24.8 25.7 27.7 30.5 33.4 36.6 43.1 47.9 49.2 45.2 39.8 44.4
5 7.4 7 4.2 3.7 4 3.9 4.4 4.1 3.9 4.7 9.9 17.6 20.6 19.8 14.8 8.9 5 4.4 4.3 4.6 4.2 4.2 4.1 4.1 4.2 4.2 4.2 4.3 4.6 4.6 5.3 10.3 13.7 16.9 18.7 18.7 17.5 16.2 15.4 17.3 18.1 17.4 16.1 15.4 15.5 14.5 19 22.2 25 27.5 29.8 30.1 25.9 20.9 17.5 16.2 14.5 12.7 13.6 13.6 13.5 13.5 13.5 13.7 13.6 14 16.1 21 27.9 32.6 36.9 35.7 32.2 26.2 19.4 21.2 23 23.6 24.6 26.6 30 33.3 36.7 42.8 48.3 50.3 46.3 32.6 43.9
4.6 7.4 5.2 4.1 4.3 4.6 4.6 4.4 4.1 4.5 4.6 10.5 17.7 22.5 19.7 16.7 9.9 5.5 4.5 4.5 3.4 4.3 4.2 4.2 4.1 4.2 4.2 4.3 4.4 4.4 4.5 4.6 8 11.5 14.8 16.6 15.6 16.9 16.5 15 16.9 17.3 16.6 15.8 15.1 15.2 16.1 19.1 22.2 24.7 27.9 28.7 29.7 26.8 21.1 17.6 17.2 15.9 13.9 13.4 13.5 13.4 13.4 13.5 13.8 14 14.1 14.3 16.8 23.4 28.9 32.9 33.9 32.1 26.1 19.5 19.7 22.4 22.6 23.8 25.6 30 34.2 37.1 42.2 47.1 49.7 46.7 41.7 39.6
4.4 9.5 4.5 4.2 4.4 3.7 4.1 4.6 4.3 4.6 4.6 9.5 16.9 22.3 21.7 17.4 11.7 6.1 4.5 4.4 4.4 4.4 4.3 4.3 4.2 4.4 4.4 4.4 4.4 4.3 4.3 4.4 6.1 9.8 11.9 13.2 13.8 14.9 15.8 14.7 16.4 16.6 16 15.4 14.9 15 16.2 19.2 21.9 24.4 26.2 27.6 28.7 25.6 19.6 16.5 16.5 16.2 14.9 13.3 12.7 13 13.2 13.5 13.8 14.3 14.2 14.1 15.2 21.7 27.6 29.3 30.3 29.4 25.9 19.5 19.4 21.2 21.8 22.8 25.4 30.4 35.1 38.3 42.1 46.6 48.7 47 41.9 32.7
4.3 4.8 4.3 4.3 4.5 4.8 4.5 4.5 4.5 4.6 5.5 10.3 15.9 20.9 20.2 17 12.6 7.7 4.3 4.3 4.3 4.5 4.4 4.4 4.4 4.4 4.4 4.4 4.3 4.3 4.2 4.3 4.7 7.8 9.6 11.2 12.3 13.9 15 14.1 15.6 16.1 15.6 15 14.8 14.9 15.8 18.7 21.3 23.7 24.8 26.1 27.5 24 19.3 15.1 14.9 16.4 16.7 15.6 13.3 12.7 13.4 13.6 14 14.6 14.9 14.5 14.5 19.6 25 25.9 28.9 32.3 22.5 19 19.4 19.9 21.4 22.8 25.5 30.6 35.6 40.1 43.2 46 47.6 46.6 42.6 38.3
4.1 4.5 4.6 4.7 4.7 4.8 4.4 4.5 4.7 4.7 5.7 9.9 15.2 20.2 17.2 16.4 11.5 8 4.4 4.5 4.5 4.6 4.5 4.5 4.5 3.9 4.4 4.3 4.2 4.2 4.2 4.2 4.7 6.5 7.9 9 9.8 11.7 13 13.6 15.1 15.8 15.2 15.1 15 15 15.9 18.5 20.9 23.1 24.3 25.1 25.4 23.2 18.3 14.7 14.6 15.2 17.1 17.2 14.5 13.5 13.6 14.1 14.6 12.9 15 15 14.4 15.5 18.8 20.3 21.3 29.6 23.4 18.2 17.7 18.8 21.6 22.1 24.8 30.1 35.2 40.5 43.4 45.2 46.8 46.2 42.4 40.4
4.6 5.1 4.9 5.1 4.9 4.7 4.5 4.4 4.5 4.5 6 9.5 14.2 17.8 16.7 13.6 10.6 7.9 4.3 4.3 4.3 4.5 4.5 4.6 4.5 4.4 4.3 4.3 4.2 4.2 4.2 4.2 4.7 6.4 8.8 10 11 12 14.2 13.9 14.8 15.4 15.3 15.3 15.2 15.2 16.2 18.8 21.4 22.2 23.9 24.7 25.3 22.2 17.5 15 14.6 15.3 16.9 17.9 15.4 13.4 13.5 13.8 14 14.4 16.2 15.9 14.9 14.8 15.2 15.5 15.8 17.9 18.3 16.9 16.9 18.2 19.3 21.2 23.5 29 33.4 39.5 42.1 43.4 44.2 44.5 42.6 39.1
4.2 4.8 4.5 5 5 5 4.7 4.5 4.3 4.6 5.1 8.2 13.6 16.7 16.7 10.8 9.1 7.7 4.6 4.3 4.3 3.6 4.6 4.5 4.3 4.2 4.3 4.2 4.2 4.2 4.2 4.3 4.7 6.1 10.4 13.7 13.2 12.9 14.8 13.7 14.8 15.2 15.2 15.2 15.3 15.7 17.7 20.2 21.7 22.6 23.9 24.4 24.7 21.7 17 14.4 14.7 16.3 17.4 18.6 17.8 14.2 13.9 14.1 14.1 15.8 17.8 17.1 14.8 14.7 14.6 14.9 15.1 15.3 15.7 16.2 16.3 17.2 18.2 19.9 22.7 27 32.1 36.6 39.7 39.7 40.5 41 41.3 38.9
4.6 4.6 4.4 4.4 4.6 4.7 4.5 4.3 4.3 4.4 4.7 6.9 12.4 16.2 12.8 9.5 8.3 7.8 5.3 4.3 4.3 4.6 4.5 4.4 4.3 4.2 4.1 4.1 4.1 4.1 4.2 4.3 4.6 8 13.6 16.7 14.9 13 14.9 15.3 15.2 15.5 15.5 15.7 16 17.1 20 21.9 21.6 21.4 22.9 24.1 23.8 21.4 17.8 16.2 19.7 21.9 20.9 19.5 18.4 14.9 13.7 14 14.8 16.9 19 18.2 16.8 15 15 15 15.1 15.4 15.7 16.2 16.2 16.9 17.7 18 21.3 24.6 29.2 33.1 35.4 35.7 36.2 35.9 37.8 37.8
4.7 4.6 4.3 4.3 4.2 4.3 4.4 4.3 4.3 4.2 4.6 5.4 10.4 14 11.6 8.8 7.6 7.4 5.4 4.2 4.2 4.2 4.2 4.3 4.2 4.1 4.1 4.1 4.1 4.2 4.2 4.4 4.6 9.2 15.5 18.9 16.1 13.7 14.8 15.9 15.9 16.3 16.3 15.8 16.6 18.3 20.9 22.4 20.9 19.9 20.7 22.1 22.6 18 18.7 18.9 25.4 29.6 26.1 22.3 17.8 15.7 13.7 13.9 14.8 15.8 17.9 17.8 16.6 13.5 15 15.1 15.2 15.7 16.1 16.2 16.2 16.7 17.2 17.2 17.7 21.9 26 30.4 31.2 30.3 30.4 32 34.6 37.2
4.6 4.5 4.4 4.4 4.5 4.5 4.5 4.5 4.5 4.7 4.9 5 9.9 13.5 11.4 8.6 7.1 7.1 4.9 4.1 4.3 4.2 4.1 4.1 4 4.1 4.1 4.1 4.2 4.3 4.3 4.4 5 10.1 17.3 20.1 15.8 14 14.5 16.1 16.7 20 19.7 16.9 17.3 18.9 20.7 21.1 19.2 18.2 17.9 19.6 20.9 21 20.1 22.9 30.6 33.7 30 24.9 19.8 15.3 13.9 13.6 13.9 14.1 15.6 16.9 16.1 13.7 15.2 15.2 15.3 15.7 16.2 16.3 16.5 16.7 16.9 17 17.2 20.9 24.3 29.8 27.4 28.5 29.9 31 32.2 35.4
4.7 4.2 4.6 4.5 4.5 4.7 4.7 4.6 4.6 4.8 4.9 5.1 8.8 12.8 10.8 8.5 6.8 6.4 4.6 4.4 4.2 4.2 4.1 4.1 4.1 4.1 4.2 4.2 4.4 4.4 4.4 4.7 5.2 11.2 18.3 19 15.1 13.7 14.1 15.7 17.8 21.7 21.3 18.1 17.7 17.6 18.7 18.6 17.6 15.8 15.1 17 19.4 20.7 21.4 26 31.4 34.4 32 27 22.4 16 13.7 13.8 13.5 13.2 14.6 16.5 16.2 15.8 15.5 15.4 15.3 15.7 15.9 15.9 16.3 16.9 18 17 17.1 20.4 23.7 27.8 28.9 30.5 30.6 30.7 31.1 34.3
4.8 4.4 4.8 4.7 4.6 4.8 4.8 4.8 4.7 4.7 4.8 5.2 8.2 12.3 10.8 8.3 6.9 6.4 4.9 4.3 4.2 4.1 4.1 4.2 4.2 4.2 4.3 4.5 4.6 4.4 4.6 3.4 6.2 12.4 17.8 20 16.7 13.3 13.1 14.8 16.8 21.8 26.7 18.8 17 15.9 16.7 16.1 15.6 14 13.6 14.7 17.4 19.8 21.8 25.2 30.1 33.1 32.4 28.1 24.3 18 13.6 13 13.5 13 13.9 16.1 17.8 16 15.7 15.3 15.4 15.7 15.4 16.1 16.3 16.7 18.2 19.4 20 21.2 24.6 28.5 29.3 30.6 30.6 29.9 29.9 32.6
5 4.6 4.9 4.8 4.7 4.8 4.8 4.8 5 5.1 5.3 5.3 7.1 11.1 10.5 8.1 6.8 6.3 5.5 4.2 4.2 4.2 4.3 4.3 4.2 4.3 4.7 4.8 4.9 4.8 3.4 3.4 7.4 13.8 18 17.9 17.5 13.4 12.7 13.7 16.1 20.7 28.6 19.3 16.2 15.1 14.8 14.6 14.1 13.5 13.1 13.8 16.3 19.2 21.3 23.3 27.2 30.3 30.3 26.9 23 19.7 14 13.4 13.3 13.4 14.5 16.9 18.9 16.7 14 15.3 15.5 15.8 15.7 16.2 16.7 16.6 17.9 19.5 20.9 23.4 25.3 28.6 30 30 30.3 28.8 29.5 31.6
5.2 5.2 5.1 4.9 4.8 4.8 4.8 5.1 5.4 5.6 5.7 5 6.5 10.1 9.9 7.8 6.7 5.9 5.8 4.4 4.3 4.4 4.4 3.9 4 4.4 4.7 5.1 5.2 5 3.4 3.4 4.8 5.8 16.1 15.9 17.1 13 12.7 13.6 15.4 19.9 28 19.4 15.5 14.5 14.2 14.1 13.7 13.5 13.2 13.4 15.5 18.4 20.6 22.2 24.6 26.9 26.9 24.4 21.7 19.2 14.5 13.2 13.5 14.3 16.6 19.2 20.6 19.4 16.3 15.2 15.6 15.9 16.3 16.5 17 17.3 17.5 18.3 20.3 23.9 25.7 29.1 31.7 29.1 29.5 27.7 29.3 30.9
5 5.2 5.3 5.2 4.9 4.9 5 5.3 5.5 5.7 5.7 5 6.8 9.6 9.8 7.2 5.8 5.6 5.7 4.6 4.2 4.2 4.1 4.1 4.2 4.4 4.8 4.5 4.3 4.9 3.4 3.4 6.1 10.1 15.1 13.8 17.1 14.2 13.4 13.6 15.3 18.4 27.6 20.6 15.5 14.4 13.4 12.4 13.6 13.5 13.2 13.2 14.9 18.2 20.3 21.4 22.1 22.8 23.5 22.6 19.3 18 14.3 12.9 14.1 15.9 18.9 22.9 23.7 22.5 19 16.6 15.4 15.9 16.6 16.9 17.4 17.8 17.7 18.2 18.9 21.1 25.5 28.7 30.2 28.2 29.5 29.5 29.5 28.5
4.9 4.6 4.5 4.5 5 4.9 4.8 5.1 5.4 6.6 8.4 5.5 6.3 9.1 9.2 7.1 5.6 5.6 5.6 5 4.3 4.3 4.3 4.3 4.2 4.3 4.5 3.9 4.5 5 5.4 6.1 6.1 7.6 11.9 14.1 16 14.9 15.8 15.9 17.6 18.6 24.9 22.3 16.4 14.5 13.9 13.8 13.8 13.6 13.3 13.7 14.9 17.8 20.3 20.7 20.5 19.5 20 19.4 16.9 14.9 13.9 13.4 13.7 17.2 21.4 25.7 27.8 26.8 22.7 17.7 16.4 16.3 16.1 17.1 17.3 17.3 18.2 18.4 18.8 19.9 25.7 26.6 29.6 30.6 28.7 28.2 28 25.4
4.6 4.6 4.6 3.8 4.6 4.6 4.7 4.7 6.5 8.5 11 7 6.7 9.8 9.6 7.8 5.7 5.5 5.5 5.1 4.7 4.3 4.3 4.3 4.2 4.2 4.6 4.1 4.7 4.5 5.2 6.1 6.1 6.2 12 14.9 15.4 14.3 15.2 16.7 18.7 19 23.4 23.4 16.6 14.7 14 14.1 14 13.9 13.5 14 15.2 17.8 20.1 20.6 19.9 18.1 14.7 17.8 13.6 12.9 13.1 14.5 15.4 17.8 23 27.8 30.3 29.8 26.6 21.2 17.8 17.1 17 17.1 17.3 17.7 18.2 18.4 18.6 19.1 21.4 24.6 26.6 28 26.2 24.5 23.3 22.8
4.5 4.8 4.3 4.7 4.4 4.6 4.6 4.7 5.8 11.4 14.5 9.3 7.2 9.7 10.1 7.5 6.5 5.6 5.4 5.3 4.7 4.3 4.3 4.2 4.2 4.1 4.3 4.5 4.5 4.3 4.3 4.6 9 8.2 10.5 12.2 12.5 13.6 14.8 17.2 18.8 20.3 23.2 24 17.3 15.8 15.2 14.9 14.5 14.1 14 14.3 15.3 17.8 19.5 20.7 19.9 17.7 17.2 14.1 13.1 13.7 16.1 16.9 18.2 19.5 23.9 28.8 31.7 31.8 30.9 25.1 20.1 17.8 17.7 17.6 18.1 18.1 18.1 18.3 18.7 19.3 19.2 21 22.3 23.6 22.7 21.7 21.4 21.6
5.7 6.5 7.3 7.6 6.2 4.5 4.7 4.9 5.6 12.7 15.6 10.3 6.9 8.8 10.2 8.8 7.5 6.2 5.7 5 4.5 4.3 4.2 4.2 4.1 4.2 4.3 4.3 4.2 4.2 4.1 4.9 6 10.6 10.1 14.7 14.1 14.6 16.3 18.9 20.6 18.6 21.9 24.1 20.2 17.6 17.2 17.4 17 16 15.3 14.5 15.5 17.3 18.8 19.6 19.2 17.4 15.8 12.5 15.3 19.6 18.7 18.3 20.1 21.4 24.8 29.1 31.9 32.7 33.1 28.6 23.7 19.7 18.4 17.8 17 18.2 18.2 18.2 18.8 19.2 19.1 19.5 21.3 20.7 20.5 22.2 21.1 21.2
4.8 4.4 5 5.1 4.4 5.1 4.5 5.4 5.4 9.9 15.1 9.8 6.6 7.8 9.7 9.5 8.6 6.9 5.3 4.9 4.5 4.2 4.2 4.1 4.2 4.2 4.3 4.2 4.2 4.3 4.5 4.7 6.5 8.1 10.8 13.5 14.7 15.5 17.2 20.3 21.9 20.4 20.9 23.9 20.1 17.8 18.8 19.3 18.9 17.8 16.1 14.8 15.4 16.6 18.1 18.5 18.1 15.4 12.7 14.1 19.8 20.8 19.3 19 21.2 23.3 27.4 29.1 31.6 32.3 33.3 32.7 29.4 24.1 21.8 18.6 17.6 17.8 18.3 18.2 17.7 18.4 19.3 19.2 20.3 20.4 20.2 20.8 20.8 20.7
4.5 4.6 4.6 4.6 4.9 4.7 4.8 4.7 4.8 10 13.1 9.4 5.7 7 9 9.8 9.6 7.9 5.7 4.9 4.6 4.2 4.2 4.2 4.2 4.2 4.3 4.3 4.1 4.3 4.4 4.4 4.2 8.1 9.8 12.1 14.6 16.4 18.4 21.3 22.8 21.6 21.1 22.4 20.6 18.7 19.2 20 20.4 19.2 16.1 15 14.8 16 17.1 17.2 15.9 11.7 13.2 16.2 19.5 20.9 19.5 19.7 21.3 25.4 28.1 30.6 31.3 31.8 32.6 34.1 33.2 29.9 24.9 20.9 18.9 18.3 18.3 18.3 18.6 19 18.8 18.5 19.2 21 20.6 20.7 21.1 21.1
4.5 4.4 4.1 3.5 4.5 4.4 4.7 4.5 4.6 5.4 11.2 7.9 5.2 6 8.4 10 10.4 8.8 5.8 5 4.7 4.4 4.2 4.1 4.2 4.2 4.3 4.4 4.3 4.3 4.2 4.2 4.2 7.5 9.2 11.8 14.8 17.5 18.6 21.7 23 21.4 20 22.1 21.3 17.4 19 19.9 20.3 19.1 17.7 14.9 13.7 14.4 15.2 15.3 13.6 12.7 13.9 16.5 18.7 20.6 19.4 19.5 20.9 28 30.8 31.2 32.4 33 30.7 32.9 34.9 33.5 30 24.6 21 18.7 18 16.9 18.9 18.9 18.6 19.6 20 20.9 20.9 20.5 22.9 21.6
4.7 4.4 4 4.6 4.2 4.4 4.1 4.5 4.6 4.9 9.2 7 5.1 5.6 7.9 9.8 10.5 9.1 6.2 4.9 4.5 4.3 4.1 4.1 4.2 4.2 4.2 4.4 4.5 4.5 4.4 4.3 4.6 6.8 8.2 11.8 14.6 17.6 19.1 21.7 21.9 21.5 19.6 20.1 20.9 17 17.9 18.9 19.4 18.5 16.6 15.1 13.1 13.5 13.9 14.1 13.3 12.7 13.8 15.4 17.5 19.4 20.1 19.2 21.2 28.3 30.5 31.9 33.1 33.4 32.1 32.1 34.4 35.7 30.9 28.3 22.7 20.3 18.7 18.5 18.6 18.8 19.1 19.5 20.4 21.5 20.8 20.7 21.8 21.4
4.5 3.5 4.2 4.3 4.1 3.8 3.5 3.5 3.7 4.4 7.2 6.9 5.4 5.5 7.7 9.8 10.6 9.3 6.2 4.9 4.4 4.3 4.4 4.3 4.3 4.2 4.2 4.4 4.4 4.3 4.3 4.3 4.2 5.7 8.3 12.8 18.6 21.3 20.5 20.9 21.2 21.5 19.4 19 19.6 17 16.8 17.7 18.4 18 16.2 14.4 12.5 12.7 13.1 12.9 11.9 12.2 13.2 14.4 16.4 18.7 20.2 19.6 21 27 30.6 32.4 32.8 31.7 31.8 31.2 32.3 33.3 32 28.6 23.6 20.5 18.7 18.4 18.1 18.3 18.8 19.5 20 20.9 21.6 21.1 21.5 22.5
4.4 3.7 4.3 4.4 4.5 4.3 4.5 4.7 3.7 4.3 5.1 6.6 6 5.8 7.3 9.6 10.5 9.3 6.3 4.6 4.2 4.2 4.7 4.9 4.4 4.2 4.3 4.3 4.3 4.3 4.3 4.4 4.9 6.8 11.7 14.7 22.7 25.1 22.2 21 21.2 21.3 18.6 19 19.4 17.7 15.6 16.5 17.2 17 15.7 13.8 12 11.8 12.2 11.8 12.2 11.6 12.4 14.2 16.7 19.1 20.9 20.2 21.5 25.6 30.7 32.1 32.1 31.9 31.9 31 30.2 30.4 30 27.2 24 20.5 18.5 18.2 18.2 18.5 18.9 19.5 19.9 20.9 22.8 23 22.3 21.7
3.5 3.8 3.6 4.8 3.8 4.2 4.3 4.3 4.3 4.3 5 7.2 6.3 6.1 7.2 9.4 10.1 8.3 5.6 4.6 4.2 4.2 4.5 4.7 4.3 4.9 4.6 4.5 4.3 4.3 4.3 4.3 4.7 9.1 9.2 15.1 21.9 26.4 23.4 21.4 22 23.1 20.1 18.9 19.1 17.5 16 15.5 16 15.9 14.8 13.2 11.7 10.9 11.7 12 11.5 11.3 12.2 14.7 17.4 20.1 22.1 21.7 22.4 26.8 31.1 32.1 31.2 31.2 31.2 30.9 29.7 27 27.4 25 22.3 20.6 18.6 18.2 18.4 18.6 18.9 19.5 19.9 21.1 23 24.7 26 22.7
4.9 4.4 4.6 4.5 3.9 -2.8 -2.8 -2.8 3.9 4.8 4.6 5.4 7.5 6.1 7 8.8 9 6.6 4.8 4.8 4.5 4.2 4.4 4.7 4.8 4.7 4.6 4.4 4.3 4.3 4.3 4.3 4.6 5.1 6.3 12.8 19.3 26.4 24 20.9 22.1 23.6 23.7 20.7 18.3 15.7 15.1 15.1 15.2 14.8 13.7 12.3 11.1 10.3 11.6 11.6 11.4 11.6 13.3 15.2 18.9 21.5 23.6 23.6 22.7 27.5 31.4 31.8 30.4 30.2 30.3 30.2 29.4 29.1 25.9 22.8 20.6 19.4 18.8 18.4 18.6 19.5 21 22.7 22.1 20.6 22.2 25.4 28.9 26
4.1 4 -2.8 -2.8 -2.8 -2.8 4.7 -2.8 4.8 4.7 4.8 5 4.9 5.2 6.3 7.5 7.1 4 5.2 4.7 4.4 4.2 4.4 4.6 4.7 4.7 4.6 4.5 4.3 4.3 4.3 4.3 4.6 5.4 5.1 8.7 19.3 28.8 23.5 20.3 21.2 23.6 25.8 25.1 22.4 17.5 14.3 14.9 14.1 13.8 12.8 11.5 10.8 10.3 11 11.4 11.3 10.5 13.1 16.3 20.4 23.2 25.1 25.6 24.9 28.4 32.1 30.8 28.7 27.7 28 28.6 29.8 29.6 25.5 22.5 20.9 18.9 18.7 19 21.3 22.4 24.4 27.2 26.3 23.3 23.8 25.3 30.4 30.6
3.6 -2.8 -2.8 4.7 3.8 4 4.7 -2.8 5.1 5 4.6 5.1 5 4.4 5 5.8 4.8 5.3 5.2 4.6 4.5 4.5 3.3 4.3 4.5 4.7 4.6 4.5 4.4 4.3 4.2 4.2 4.4 4.8 5.4 6.1 16.4 24.8 21.4 19.5 19.9 24.4 26.4 28.4 26.2 20.9 15.9 14.3 13.1 12.3 10.9 10.8 10.5 10.1 10.4 10.8 10.8 9 13.1 17 20.9 24.7 26.5 27.2 26.1 28.5 31.2 29.8 26.7 25.1 25.6 27 28.8 28.9 25.6 22.9 20.5 19.5 19.5 21 24.2 26.9 29.1 30.1 29.8 27.4 25.1 27.7 29.3 27.5
4.9 5 4.3 4 4.3 4.4 3.5 -2.8 5 5.2 -2.8 4.8 4.7 3.5 4 5 5.2 5.7 5.4 5.2 4.9 4.8 4.4 4.5 4.6 4.7 4.7 4.5 4.5 4.3 4.3 4.3 4.4 4.4 8.1 9.6 14.3 22.6 21.1 18.8 19.4 23.7 27.3 30.1 28.1 23.8 19 15.2 13.1 11.4 10.1 9.9 9.9 9.8 10.1 10.5 10.8 10.9 13.4 17.2 21.2 25.5 27.6 28.4 27.1 28.4 29.6 27.9 23.9 22.8 23.6 25.6 27.1 27.4 25.5 21.8 20.8 20.6 21 23.1 27.5 30 32.1 32.5 31.2 29.2 27.3 27.3 28.8 26.4
4.8 3.5 4.9 4.8 4.7 4.9 4.7 -2.8 -2.8 -2.8 -2.8 4.3 4.6 6.7 6.2 5.7 5.5 5.5 5.2 5.2 5.2 5.1 4.8 4.6 4.6 4.7 4.5 4.4 4.4 4.4 4.4 4.5 4.5 4.8 6.8 9.2 12.7 20.3 20.5 18 18.6 22.4 27 30.9 30.5 24.3 18.3 14.9 12.7 11.1 9.8 9.7 9.7 9.6 9.9 10 10.4 10.2 13.3 17.1 21.1 25.3 27.8 28 27.2 27.3 28.9 26.5 22.6 22.2 22.8 24.8 25.2 25.6 24.9 22.7 21.6 22 22.2 24.6 29.4 31.6 33.8 33.7 31.9 30.3 28.9 28.6 28.1 28.1
4.8 4.8 4.9 4.8 4.7 4.6 3.8 -2.8 4.4 4 3.5 4.3 5.3 5.9 6 5.6 5.3 5.3 5.2 5.1 4.9 5 4.8 4.6 4.6 4.6 4.5 4.5 4.6 4.5 4.4 4.5 4.6 4.6 5.8 8.2 12.4 17.5 16.9 18.2 18 20.6 25.8 30.2 31.7 26 19.6 14.8 12.7 10.7 9.8 9.4 9.3 9.7 9.7 10 10 10 13 17 20.9 25.1 27.4 27.9 27.4 25.9 27 25.6 22 21.8 22.8 21 21 21.9 21 23.4 23 23.5 24.2 22.8 25.2 25.4 34.9 34.8 31.8 30.4 30.4 30.9 30.1 29.8
4.9 4.9 5 4.8 4.8 4.8 3.5 4.7 3.9 3.5 4.5 4.5 5 5.7 5.8 5.4 5.1 5.1 5 4.9 4.9 4.9 4.7 4.6 4.7 4.7 4.7 4.6 4.7 4.6 4.4 4.5 4.6 4.8 5 7.6 10.7 15.9 19.1 17.7 17.7 21.1 25 28.6 30.8 27.5 21.2 15.5 13.3 11.8 10.2 9.3 9 9.6 9.4 9.6 9.7 10.4 13.7 16.9 20.6 24.2 27.1 27.1 26.7 25.2 24.9 24 22 21.5 23.5 25.2 25.4 24.3 24.1 24.3 25 25.4 25.9 27.6 22.7 27 34.9 34.6 31.6 30 31 32.1 31.7 30.6
5.1 4.6 5.1 4.9 4.9 5 5 5.2 5 4.9 4.9 5 5 5.5 5.6 5.4 5.1 4.9 4.9 4.8 4.8 4.9 5 4.8 4.9 4.9 4.9 4.7 4.6 4.6 4.5 4.6 4.6 5.1 5.8 8.2 10.5 13.5 17.1 16.7 17.7 20.9 23.9 27.1 30 27.8 21.9 16.6 14.1 12.6 10.9 9.3 7.3 9.3 9.2 9.2 9.4 11.6 14.2 17.1 20.2 23.3 26 26.3 25 24.3 23.6 23.2 22 21 25.5 26.8 26.2 24.7 24.7 25.2 25.9 26.7 27.1 27.9 29 29.5 26 32.2 30.6 28.8 30.3 31.7 32.1 30.8
4.9 4.8 4.9 5 5 5 5 5 4.8 4.8 4.9 5.1 4.8 6 5.5 5.3 5.1 4.9 4.8 4.8 4.8 4.8 4.8 5.1 5.1 5 4.8 4.7 4.6 4.6 4.7 4.7 4.7 5.2 6.3 8.4 11.1 13.2 15.8 16.1 17 19.9 22.6 25.1 27.9 27.5 22.3 17.5 14.5 13.2 11 9.6 8.4 9.2 9.1 9.1 9.4 12.2 14.7 17 19.4 22.3 24.5 25.3 24.8 23.6 22.6 22.7 24.5 22.1 24.8 28.7 30.3 26.2 25.6 26.2 27 27.9 28.2 28.3 28.3 28.3 29.5 29.7 28.4 27.4 28.1 29.3 30.6 31.1
