Game/Highland_Data/StreamingAssets/GeoData/Data/sd/SD54.asc
ncols 200
nrows 200
xllcorner 350000
yllcorner 440000
cellsize 50
[rows 70 to 104 of 200, columns 0 to 79 of 200]
18.7 18.5 19.5 22.4 25.1 26.4 27.4 28.3 31.4 33.7 34.6 36.4 39.7 43.2 46.1 47.8 47.1 43 42.3 46.6 58.6 66.5 69.4 72.4 76.2 80.4 83.9 87.4 82.6 87.7 81.6 96 100.6 103.9 108.1 111 114 116.4 120.3 119.5 121.6 127.5 132.6 135.9 137 139.8 142.3 144.4 146.7 149.8 153.1 155.8 159.5 161.9 166.5 171.9 176.7 180.9 186.3 189.6 191.3 191 187.2 182.7 176 171 165.1 166.3 166.8 163.6 159.6 149.9 144.9 138.1 133.9 150.9 164 168.4 174.4 180.7
19.2 18.3 20.6 22.8 24.2 26.1 26.2 28.3 31 32.6 33.3 35.7 38.2 40.6 43.7 46.7 47 44.7 42.5 45.5 55.5 64.8 70.1 72.6 75.4 78.9 82 85.5 76.6 76.8 91.1 94.4 98 102.9 105.5 108.7 109.3 115.2 119.3 122.1 125 129.1 132.9 136.2 137.9 140.2 141.8 144.3 146.4 148.7 152 154.5 158.1 160.7 164.9 169.8 175.7 180.2 185.3 188.6 188.9 187.6 184.3 179.9 174.1 168.6 163.3 163.9 164.4 159.2 152 144.9 136.5 132.2 134.7 142.7 155.6 166.8 173.9 180.5
17.7 18.5 20.6 23.6 25.4 24.9 25.8 27.8 30.1 32 30.9 34.7 37.9 40.3 42.5 44.7 46.9 46.6 41.9 43.9 55.5 65.3 70.7 73.2 75.4 77 79.8 82.6 75 80.3 85.9 89.3 91.9 96.5 100.3 107.5 110.8 114.1 118.6 121.7 124.6 128.5 131.1 136 138.1 140.2 142.4 144.3 146.3 148.2 150.6 153.3 156.4 159 161 166.6 172.4 176.4 183.7 186.1 185.4 183.1 180.3 176.4 171.6 166.5 161.2 157.2 159.8 151.6 145.5 137.9 130.1 134 152.2 164.5 164.9 168.7 175.1 181.3
17.4 17.5 20.3 24.6 25.8 26.3 26.3 27.3 29 29.6 32.5 34.4 37.5 39.2 41.4 43.3 45.3 46.6 41 42.9 55.7 64.1 69.9 72.4 73.6 75.2 77.6 77.2 72.7 82.9 88.6 92.3 97 100.5 104.8 108.1 110.4 113.2 116.7 120.8 124.1 128.6 132.9 136.7 139.4 140.7 143.1 145.1 146.6 148.3 149.6 151.9 154.3 156.8 159.1 163.7 169.1 173.1 178.1 180.2 178.5 175.8 173.5 171.5 169 165.3 160.5 157.7 153.4 146.4 138.1 131.7 130.6 148.1 163.4 164.8 166.6 170.3 175.6 182.2
17.5 17.5 20.6 24 25.8 26 26.5 27.8 29 30.5 33.8 34.1 36.5 37.8 39.9 43 44.3 45.9 40.6 43.8 53.7 62 68.1 70.5 71.4 73.8 75.5 72.5 75.6 80.5 85.1 89.6 95.1 99.8 104.7 108.2 110.7 112.8 116 120.3 124.6 128.7 133.4 137.3 140.2 142 143.7 145.8 147.9 149.3 149.7 150.4 153.1 155.5 158.2 160.6 164.5 166.6 169.2 171.8 169.6 167.7 166.8 165.7 165.1 163.6 161.5 157.8 155.6 135.4 127.4 131 141.6 157 162.6 166.3 168.6 170.8 176.5 182
17.6 17.3 20.3 22.8 24.9 25.8 26.9 27.3 28.8 28.7 34.2 34.1 35.5 36.9 38.6 39.8 43.9 45.5 40.3 44 52.5 61.6 66.6 68.9 70.5 72.9 73.8 67.6 74.8 82.2 85.7 90.4 95.3 100.5 104.5 107.3 109.8 112.4 115.6 120.2 126.4 128 133.8 137.8 140.8 143.2 144.7 146.7 148.2 149.1 148.4 149.1 151.3 154.3 156.5 158.2 160.7 161.8 163.5 165 163.6 161.4 159.6 160.4 160.6 160.3 159.7 157 145.7 127.6 129.1 133.4 144.9 153.5 163.3 168 169.9 171.7 178 183
17.8 17.8 18.3 19.7 22.5 23.4 25.8 27.7 27.5 32.1 32.8 33.7 34.8 36.3 37.4 41.8 42.9 42.9 40.3 47.2 58.7 63.8 65.1 66.5 68.6 71.4 72.3 66.2 73.6 78.7 83.6 87.6 93.3 99.6 103.6 106.1 108.3 111.3 114.5 120.6 126.7 132.7 136.7 139.3 141 142.7 143.6 145.7 147.3 148.2 147.4 147.9 149.8 153.1 155.5 156.6 157 157.5 159 159.2 158.6 155.2 154.2 154.9 156.7 157 157.6 145.9 126.7 124.6 132.3 142.3 148.9 155.8 163.9 168.6 172.1 175.6 178 183.2
16.9 17.2 18.6 22.2 23.9 25.2 25.2 25.1 26.9 31.1 30.1 31.8 33.4 34.7 36.1 38.7 41.7 39.8 39.4 52.3 63 64 63.9 65 66.9 69.3 64.5 68.3 72.5 76.7 80.3 85.9 90.7 97.4 102.4 105.3 107.3 109.9 114.3 119.9 127 133.2 137.9 140.4 141.5 142.1 142.7 144 145.3 146.7 146.8 146.4 148.7 150.1 153.7 154.9 153.7 154.8 154.5 154.7 154.3 153.1 152.5 152.5 152.8 154.4 154.2 127.6 123.9 125.2 136.6 152.8 160.3 162.9 165.3 170.4 174.2 176.5 179.8 183
17 16.9 17.8 22.4 23.4 25.1 26.1 25.9 25.4 29.3 29.1 31 33.3 33 35.1 37.8 38.5 38.3 40.2 53.1 61.3 59.4 63 63.5 64.6 60.9 64.7 69 70.8 75.1 78.8 83.4 87.9 95.1 98.5 103.6 105.8 109.1 114.5 119.7 127.6 134.3 140 142.7 141.5 141.5 142.3 143 144.3 145.2 145.7 144.9 146.6 149.1 151.8 153.5 151.7 152.7 152.1 153.2 153 152.4 150.7 150.5 151.2 152.8 139.7 119.9 123.9 124.3 146 160 162.9 165.3 167.5 171.1 174.5 177.9 180.3 183.4
16.7 17.2 17.7 19.7 23.1 23.8 25 25.5 25 30 31.1 32.2 33.2 33.9 35.1 37.3 38.5 39.6 43.8 54.6 52.9 59.3 60.1 57.4 61.6 64.5 67.4 67.6 70.2 72.6 76.5 81.1 86.4 92.6 98.7 102.7 104.8 108.2 114.2 120.1 126.7 134.5 142 145.1 144 141.5 141.8 142.7 143.4 144.1 143.9 144 144.9 146.9 149.5 151.2 151.2 151.5 151 152.4 152.9 151.6 150.3 149.4 149.4 138.9 125.4 119.8 123.9 139.5 155.6 160.9 164.2 166.9 169.3 172.1 176.9 180.9 180.9 183.6
17.6 19.8 18.3 18.8 19.6 22 22.7 24.8 24.2 28.1 31.4 31 33.1 33.6 36.6 38.3 40.8 41.4 47.5 51.6 50.6 53.5 54 61.1 62.3 64.6 66.8 67 68.5 71.5 75.5 80 85.3 91.6 96.9 101.6 104.3 108.7 114.2 119.8 127.6 135.1 143.5 147.2 145.8 143.1 141.6 141.6 142.5 143.2 142.6 143 142.9 144.5 147.1 149.3 148.7 148.8 149.7 151.5 152.1 151.7 150.1 148.9 144.3 134.5 117.2 124.2 134.1 147.9 154.4 159.7 164.3 167.7 171 173.3 178.7 183.3 181.9 182.4
16.6 19 20.1 20.9 22.2 24.8 22.7 22.8 24.3 26.6 31.1 34.6 32.9 34.9 36 38.1 39.8 41.3 45.8 48.5 51.1 56.3 58.3 60.1 61.8 64.2 65.3 64.7 67.2 70.2 74.5 79.1 84.5 90.2 95.7 100.3 103.9 108.3 114.3 120 127.9 135.7 142.9 147.9 147.8 143.9 142.7 142.6 143.3 144.4 143.3 143 141.6 142.9 144.4 146.3 146.7 147.1 147.7 149.3 150.5 151 150.2 148.8 139.7 131.2 117.6 124 140.8 149.3 154.9 158.6 163.2 167.4 171.3 174.4 176.6 183.6 182.4 180.2
16.9 18.1 20.1 20.1 21.5 24.3 25.2 23.5 27.1 29.7 30.1 29.1 31.8 33.2 35.5 36.7 38.3 42.3 47.8 51.1 54.1 55.7 57.4 58.8 61.1 62.7 63.1 63.6 66.1 69.5 74.5 78.6 83 88.5 93.7 99.3 103.9 108.5 115.4 120.2 127 135.4 142.1 147.7 149.1 146.2 142.7 143.3 145 145.9 145.8 144.9 142.2 140.9 141.6 143.9 144.5 145.4 145.4 145.9 147.2 149.1 149 147.3 135.4 121.1 117.2 124.7 140.8 151.1 154.2 158.4 161.4 166.3 170.5 174.8 176.4 179.4 180.1 178.5
17 17 18.9 18.7 22 25.2 26.3 24.3 27.1 27.6 27.6 28.9 29.9 31.9 35.2 35.1 38.1 42.7 47.6 50.8 53.3 54.4 56.9 54.1 59 59.5 61.3 63.3 67.6 72.4 75.1 77.9 82.7 87.7 93.4 98.6 102.9 107.8 115.1 120.7 126.2 134.3 141.1 147 149 146.5 143.8 144.2 146 147.3 148.1 146.7 143.5 141 138.8 141.2 142.4 145.1 144.1 144.1 145.6 146.5 147 146.1 135.1 120.5 115.5 125 142.2 150 154.8 158.5 160.7 165.2 170 174 174.6 175.4 175.7 175.9
16.3 15.6 15.5 17.2 23.7 27.1 28.1 25.6 26.1 26.9 28.6 30.1 31.1 31.9 33.4 34 37.8 43.8 48.4 50.7 53 54.8 55.7 56.6 58.4 59.6 60.8 64.1 67.7 71.9 74.5 78.3 82.5 87.3 93 98.1 102.8 109 114.4 118.6 125.7 132.8 140 146.1 148.4 145.9 143.7 142.1 144.7 147.8 148.6 147.8 144.7 141.8 137 138 140 143.2 142.7 142.2 143.8 143.2 143.9 143.8 128.4 119.7 114.6 126 141.9 150.3 154.3 159.1 161.3 165.4 169.5 172.2 173.3 173.2 172.4 173.3
15.7 15.5 15.5 16.3 23.7 26.5 27.1 28 26.9 27.1 28.7 30.6 30.3 31.8 34.6 38.1 41.5 45.3 48.6 51.4 53.3 54.9 56.3 57.2 58.3 59.2 59.6 62.9 67.3 70.5 73.5 76.8 81.7 86.8 92.3 97.5 103.2 108.7 114.9 120.8 124.3 131.9 139 143.9 145.6 144.3 142.6 141.2 142.9 146.9 148.5 147.7 145.1 141.4 136.4 135 137.5 140.3 141.7 140.7 141.3 140.9 140.7 138.2 125.3 112.3 112.9 130.8 144.3 150.4 154 158.3 161.3 166.3 170.3 171.5 171.6 170.6 170.6 171.9
15.5 15.4 15.9 19.2 22.8 24.4 23.9 27.3 28.1 28.9 29.9 31.2 33 31.6 35.5 39.5 42.2 45.2 50.4 51.3 53.2 54.4 55.1 57.5 57.6 57.5 59.3 61.9 65.4 68.5 72.3 76.4 81.6 87 91.9 97.5 102.3 109.3 116 118.9 125.2 130.5 136.7 140.9 142.4 140.8 139.3 139.2 141.1 144.5 147 146 143.9 140.7 135.9 132.4 134.3 137.1 139.2 138.4 139.5 139.4 138.3 132.2 118.9 110.9 120.6 135.2 145.3 149.5 153.1 157 161.8 166.7 171.7 172.1 170.6 170 169.9 170.2
17.1 16.9 16.6 16.8 23.5 23.1 23.4 25.7 27.9 30 32 33.9 31.2 33.1 33.4 37.8 41.9 46.3 49.2 47.1 53 54 55.1 56.2 56.1 57.1 59 61.2 63.7 67.4 72 76.8 81.3 85.8 90.9 96.3 101 109.6 114.9 119.5 124.2 129.8 135.3 137.9 138.2 136.6 135.8 137 139.1 141.3 144.1 143.8 141.9 138.4 133.8 130.3 130.7 134.9 137.1 137.3 137.5 137.8 136.4 129.2 109.7 109.5 124.8 139.3 144.9 148.6 152.4 156.4 160.7 167.3 172.7 173.9 171.4 169.6 169.1 169.1
16.3 16.5 16.9 17.7 19.2 21.7 23.5 25.7 28.2 31.1 32 35.4 28.2 34.8 31 37.6 41 44.9 47.9 51 52.7 53.7 54.5 54.9 55.2 56.4 58 60.9 63.8 67.7 71.8 76.3 80.3 84.7 89.8 95.2 100.5 107.5 112.1 116.9 122 126.6 131 134.1 134.6 133.6 132.5 134.4 136.4 139.4 141.3 141.9 140 136.2 131.1 129 128.7 131.3 134.1 134.7 135.3 136 134.6 115.9 106.7 111.5 128 140.7 144.8 147.6 151.8 155.7 159.7 165.7 172.1 174.8 172.5 170 168.1 168.5
16.9 16.9 16.8 17.4 18.9 21.7 24 26.3 28.5 31 32.7 33.2 33 37.1 30.6 38.3 41.6 44.5 48.6 51.6 52.6 53.5 53.7 53.3 53.7 55.7 57.4 60.7 62.8 66.1 70.5 74.8 79.7 84.8 89.6 94.5 99.3 105.3 109.6 114 118.8 122.2 126.5 129.4 130.7 130.6 129.9 131.7 134.3 137 139.2 140 137.5 133.3 128.8 127.6 127.4 129 130.8 132.3 134.3 134.8 129.5 107.1 104.8 119.6 130.7 139.8 144.3 146 149.9 153.2 157.3 162.5 169.1 173.6 173.5 169.9 168.2 168.9
19.3 17.4 21.4 22.5 20.9 22.5 24.6 27 28.5 31.4 32.1 33 34 34.5 30.4 37.3 41.2 43.8 47.8 50.3 51.2 51.8 52.1 51.9 53.5 54.3 55.8 57.9 60.2 63.9 68.7 73.1 80 86.1 90.1 93.6 98.1 103.7 107.6 112 115.8 118.7 121.5 125.2 127.1 127 128.4 129.4 131.6 134.7 137.4 138.7 136.1 132.5 125.9 126.8 126.1 127.4 128.9 129.6 132.4 133.2 123.8 106.7 112.5 123.2 134.4 138.8 141.7 144.4 147.2 150.2 154.3 159.3 165 171.6 172.9 170.2 167.5 168.1
21.4 17.8 16.2 17.2 18.9 18.6 24.2 25.2 29.2 31.5 33.9 34.8 35.3 33.8 30.3 36.6 38.9 42.7 45.8 48.1 49 50.2 50.2 50.7 51.8 52.7 54.6 56.2 58.4 62.1 66.7 71.8 78.5 84.6 90.1 93.4 97.4 102.6 106.1 109.6 112.7 115.1 117.2 120.5 122.4 123.5 126.3 127.8 128.6 133 135.8 137.7 136 132.6 127.9 125.9 125.5 126.4 126.7 127.9 131.8 132 108.8 105.1 112.8 128.2 135 137.7 140.9 142.8 145.9 148.2 151.3 157.6 161.8 167 170.8 170.4 168.6 167.3
21.3 19 16.7 17.9 21.9 18.6 24.5 26.8 28.9 29.4 30.9 35.5 35.4 29.2 31.5 33.7 37.5 40.5 43.9 46.3 47.4 48.1 48.3 49.1 50 51.7 53.1 55.3 56.8 60.9 64.3 69.5 75.3 82.5 89.2 92.8 97.4 101.6 104.9 108.1 110.1 112.5 114.9 117.1 118.7 122.2 124.9 126.4 127.3 130.2 134.9 136.6 135.2 132 128.1 126.1 125.4 126.1 127.2 128.2 129.8 129.6 105.8 107 113.5 128.2 133.7 137.6 140.6 141.8 144.7 146.1 148.5 156.7 158.9 163 167.1 169.6 167.5 166.8
20.6 20.3 17.2 17.8 19.6 18.7 24.6 26.5 28.8 31.6 32.5 32.8 32.8 28 32.8 30.9 35.4 38.8 42.5 44.4 44.8 45.5 46.8 47.8 49 50.4 53.1 55.3 56.3 59.7 62.7 68.3 72.8 79.5 85.9 89.8 94.4 99 102.8 105.7 107.7 109.9 112.6 114.4 116.4 120.1 123.8 124.6 126.6 129.9 133.1 135.8 134.7 131.6 128.5 127 121.3 123.4 126 126.6 129.1 129.4 106.8 108 114.5 131 133.8 137.2 140.3 142.5 143.7 145.2 147.5 155.1 157 160.7 164.2 167.3 163.5 167.7
19.6 21.5 19.4 18.1 18.5 21.1 25 26.2 28.5 30.8 32.2 33.5 33.1 28.8 33 30 34.3 36.1 39.7 41.2 44.2 45.4 46.8 47.4 48.7 51 53.8 55.7 56.4 58.5 63 66.5 69.8 75.3 82.7 86.9 89.6 95.5 99.4 102.5 104.9 107.4 110 111.8 115.4 118 122.8 123.5 126.7 127.9 131.6 134.2 134.5 132.2 129.3 126.9 125.5 121.7 125.4 126.4 127.7 114.8 104.6 105.4 119.7 131.3 133 137.6 139.4 140.8 142.8 143.7 146.9 150 155 158.3 161.5 163.6 166.8 168.8
22 23.3 23.2 21.1 21.9 23 24.3 25.3 28 29.9 32 32.7 32 30.9 31.3 29.9 33.4 34.8 38.8 43.3 45.6 46.6 47.5 48.1 48.9 50.3 52.9 55.4 55.8 57.8 61.8 64.6 68 71.9 77.7 82.5 86.7 91 96 99 101.6 104.9 105.7 110.5 113.7 116.4 121 122.8 124 126.7 129.2 132.2 133.6 132 128.8 126.2 125.4 120.4 116.8 121.3 116.2 103.2 101.3 108 124.7 130.7 133.1 136.7 137.9 138.2 141.2 144.1 146.8 149.9 152.3 153.1 156.5 160.9 167.3 169.5
25.7 25.4 25.4 22.8 21.9 23 22.3 24.4 28.6 30.1 31.2 31.4 31.3 30.7 30.7 29.5 32.2 34.6 38 42.6 45.2 45.5 47.5 48 49.1 51.2 53.1 54.5 54.9 57.6 60.7 63.7 66.2 69.8 73.8 78.8 83.3 88 91.7 94.6 96.4 101.8 105.1 109.3 112.2 115.2 118.4 120.4 122.6 125.4 127.6 129.6 130.2 128.6 126.6 125.8 125.8 126 124.8 120.6 104 101.9 98.5 116.1 128.2 131.3 133.3 136 137 137.5 141.2 143.6 148.1 151.8 156.6 159.5 161.3 165.1 168 170.7
32.3 31 25.8 23.8 20.5 23.8 25.4 26.7 29.6 30 30.1 30.3 30.1 29.9 28 29.3 31.4 33.6 37.4 41.2 44.4 45.9 46.6 48.6 49.9 51.5 52.5 52.9 54.9 58 60.1 62.3 64.1 66.7 71.1 74.9 79.6 83.1 87.4 92.3 95.9 99.7 103.6 107.3 112 114.6 116.7 118.8 121.3 124.2 126.8 127.4 127.6 130.4 130.9 129 127.1 126.7 126 121.3 102.3 96.7 100 120 128 129.3 131.9 135.9 137.5 137.8 141.2 144.3 149.1 153.7 157.6 160.9 163.7 167.4 170 172.9
30.7 31.8 24.8 24.2 23.7 26 26.7 27.6 28.3 28.9 29.4 29.7 29.5 29.1 27.9 29 30.1 33.3 36.2 40 43 46.2 47.6 49.5 50.3 50.9 51.6 52.4 53.6 56.3 58.7 60.9 63 64.9 67.9 71.2 75.5 80.2 84.4 89 92.8 97.3 101.7 105.8 109.8 111.8 113.8 116.9 120.3 123.6 126.5 127.9 131.2 133.9 133.3 131.4 129.3 128 127.3 113.9 95.9 96.1 106.4 123.3 126.2 128.6 132.3 135.6 131.9 138.5 142.7 146.9 151.6 154.5 158.5 162.2 168.3 173.3 174.2 175.8
27.7 28.1 22.7 24.3 27.4 27.4 27.3 26.5 26.5 27.9 28.2 29.1 29.2 28.7 28.6 28 29 32.9 35 38.5 42.4 45.2 47.7 48.6 49.4 49.9 50.6 51.7 52.9 54.8 58.4 60 61.8 63.2 65.8 69.6 73.5 78.3 82.3 86.8 90.8 93.9 100.7 103.7 106.8 109.3 112.4 115.2 118.4 121.4 125.4 128.9 133.1 136 135.9 133.5 131.7 130.6 128.6 121.2 94 94.6 109.4 124.1 124.9 128.3 131.9 134.4 132.6 139.5 143.4 148.2 152.5 155.6 157.8 165.1 173.4 182.9 182.4 181
23.6 23.4 22.9 20.4 26 26.3 26.1 25.8 26.4 26.6 27.8 28.6 28.6 27.5 28.1 30.9 29 34.1 34.5 38.3 41.9 44.2 47 47.7 49 50 50.3 51.1 52.3 54.2 56.3 58.3 59.8 61.6 64.1 67.7 72.4 76.1 80.7 85 90.4 93.9 98.5 101.9 105 108.6 111.4 114.8 117.4 120.5 125.2 131.4 135.8 138.2 138.1 135.8 134.3 132.7 129.8 126.8 95.5 91.9 111.9 123.8 123.5 125.7 128.6 131.3 131.9 138.8 143 148.7 153.4 154.7 157 164.7 172.3 181.7 187.1 191.3
20 23.8 22.2 19.1 22.9 23.8 24.2 24.9 26.2 26.3 26.7 27.4 27.2 27.1 28.2 29.2 28.8 32.7 36.1 38.3 40.7 43.5 45.7 47.1 48.4 49.4 49.9 50.3 51.8 52.8 55.1 56.3 59.5 60.6 63.7 67.8 71.1 75.1 79 83.4 87.4 90.9 93.9 99.3 103.3 107 111.7 114.1 117.5 121.3 127.2 134.5 138.2 141.3 140.6 138.9 137.8 135 132.3 128.5 102.6 90.9 103.2 123.3 123.8 124.1 125.9 124.1 131.3 137.4 142.5 146.4 150.4 153.2 157.2 161.3 166.1 173.4 183.3 191
21.2 20.1 20.1 19.3 19.4 22.8 24.1 25 25.9 25.8 25.9 26.4 26.7 26.5 27.8 27.5 28.6 33.7 36.8 38.8 40.9 42.5 43.9 45.3 46.3 48.6 48.9 50 50.8 52.8 55.6 58.7 59.8 60.5 64.2 66.8 70.1 73.4 77.7 81.7 88.6 93.4 95.8 99.4 103.5 106.4 111 114.5 117.7 122.8 128 136.7 141.7 143.1 143.3 141.9 140.6 139 134.8 130.1 112.3 91 96.6 122.5 122.7 122.3 117.2 126.4 129.9 135.7 140.4 144.7 147.8 150.7 155.4 159 163 167.4 178.4 188.6
18.5 19.1 19.7 22.3 18.6 23.5 24.1 24.9 25 25.1 25.5 24.8 25.9 26.8 28.1 27.9 30.7 30.7 37 38.5 40.7 41 42.5 44.2 45.6 46.6 46.9 49.3 51 52.4 55.9 57.4 58.5 61.3 63.2 66.1 70.1 71.2 76.3 81.3 87.1 90 95 98.7 102.8 106.6 110.1 115.4 119 124.4 129.9 138.2 143.3 145.8 145.8 145 144 142.6 138.5 130.7 116.4 90.1 92.8 111.1 121.6 113.1 121.3 123.9 128.7 133.6 137.5 141.8 145.8 149.2 152.2 157.5 161.4 165.8 171.8 181.8
18.3 17.7 18.7 20 18.6 18.6 23.3 24 25.2 24.8 24.9 24.8 27 28 28.6 29.4 30.1 28.2 36.3 37.6 38.7 39 40.9 41.9 43 46.2 48.3 49.6 48.6 51.1 53.1 56.3 59.3 61.8 63.6 65.7 70.1 72 75.9 79.4 83.8 89.1 93.3 98.5 101.8 105.4 109.8 114.1 118.3 124.9 131.1 138.6 144.2 148.2 148.6 148.2 147.4 145.3 141.4 132.9 115 91.3 88.7 103.9 117.9 109.5 120.2 123.6 127.3 130.9 134.9 139.8 143.8 148.6 151.7 156 161.6 165.9 171.8 177
