Game/Highland_Data/StreamingAssets/GeoData/Data/sd/SD55.asc
ncols 200
nrows 200
xllcorner 350000
yllcorner 450000
cellsize 50
[rows 0 to 34 of 200, columns 78 to 155 of 200]
287.6 295.4 311.7 315.6 327.9 338.3 348.6 352.3 358 367.7 374.4 375.1 376.6 375.8 373 375 376.4 379.4 380.6 380.6 381.7 381.8 382 381.9 383.5 382.5 382 381.2 379.7 378.3 375 374.1 374.9 373.1 370.6 367.1 364 360.2 359.9 361 362.1 361.7 361.7 360.6 359.5 359.1 360 361.2 362.1 361.4 362.5 363.1 363.6 360.4 355.1 350.7 349.5 348.4 350.6 351.6 355.5 356.9 355.7 350.5 347.3 346.7 344.8 347.5 353.1 357.2 358.5 359.1 360.6 361.6 363.1 363.6 363.5 365.1
288.2 295.9 303.7 311.8 322.9 335.7 350.2 357.8 362.7 371 376.5 379.5 380.4 381.3 382.9 381.8 382.2 385 387 386.5 387.1 388 386.3 387.9 388.8 387.1 388.2 387.5 386.6 384.4 383 381.8 380.7 380.1 378 373.8 370.4 366.8 366.6 369.7 369.2 369.5 367.5 366.9 366.2 365.5 366.8 369.6 370.2 370.3 370 370.2 370 369.8 368.2 364.8 362.7 359.3 360 359.7 361.7 362.9 362.3 359.4 357.2 357.5 358.1 359.1 362.8 365.2 365.3 364 365.1 366 366.2 367.5 369.7 370.9
291.3 295.4 300.2 307.4 313.6 327.4 346.9 363.5 370.3 371.7 377.3 381.1 383.3 385.1 384.4 385.3 387.5 387.7 390.4 391.6 391.4 391.5 390.6 391.2 391.4 392 391.9 391.6 391.6 391.1 388.5 386 384.8 383.9 381.8 380.3 377.1 374 375.2 376.3 376.2 375.1 373.6 373.9 373.9 372.4 375.2 376.8 376.5 377.6 375.6 375.8 374.9 375.6 376.7 374.8 373.3 372.2 371.8 371.3 367.5 367.4 369.3 367.5 365.1 363.3 364.4 365.8 367.2 369.9 369.3 368.3 369.5 369.6 370.7 372.7 374.3 376.1
293.7 296.6 300.6 305.7 310.8 323 346.4 364.4 372.8 375.4 379.3 382.9 387 387 385.4 386.8 388.8 391.7 392.8 393.8 394.8 395.3 394.1 393.2 392.8 392.4 395.4 393.9 393 393.8 390.4 390.6 389.3 389.5 388.1 388.1 386.1 382.3 379.8 380.7 381.9 381.4 381.1 381.5 379.3 377.7 381.3 384.2 385.2 382 380.5 379.8 379.6 380.9 383.4 381.9 379.4 379.2 380.1 380.9 378.3 374 375.2 376.8 374.6 371.7 371.6 370.2 371.6 374.5 374.5 374.7 374.1 374.2 375.4 377.4 379 380.3
296.2 299.8 302.3 309.2 312.9 324 339.8 349 372.3 379.9 385.5 388.2 389.1 389.5 388 388.3 392.1 395.9 397.7 398.6 397 395.9 395.2 393.8 392.5 393.2 396.3 395.1 393.3 391.6 391 394.1 394.9 396.8 395 394.2 394.7 392.1 385.8 388 388.1 388.9 387.2 382.7 380.4 381.3 384.4 385.7 386.5 386.9 386.1 385.2 384.5 384.8 385.2 384.5 383.8 384 384.9 384.8 386.1 382.6 379.3 381.2 381.7 378.5 378.3 376 377.7 380.4 381.6 380 379.8 379.3 380.4 382.4 383.8 385
301.3 305 308.8 313.8 318.2 325 331.4 337.1 367 386.4 391 393.3 395.9 390.3 392.4 394.1 396.6 400.1 403.1 403 398.1 397.2 397 394.5 392.6 394.1 398.6 394.6 393.8 392.2 395.3 394.7 397.2 400.7 399.9 398.5 399.6 397.9 391.9 390.1 392.4 392 388 385.9 389.1 392 393.1 394.7 393.3 392.9 393.6 393.7 391.6 389.6 388.9 389.4 389.2 388 389.8 390.5 389.6 390.2 387.2 391 391.9 386.1 382.5 382.6 382.2 384.9 385 384.5 383.9 383.9 385.3 386.9 388.4 388.4
309.1 311.4 316.1 319.2 322.7 327.5 331.3 341.7 372.5 395 397.9 399.3 398.6 396.9 398.6 399.6 401.8 407 407.1 404.1 400.4 399.5 398.5 396.3 394 395.8 397.7 395.8 394.6 394.2 397 395.3 401 400.5 399 399.7 398.9 399.4 393.8 393.4 394.8 393.1 393 393.9 395.2 397 398.9 399.6 401.9 401.4 400.9 399.5 395.9 393.5 392.5 393.4 393.2 392.1 393.2 394.2 394.1 394 394 394.3 394.2 391.7 387.9 386.5 385.8 387.3 388.7 388.2 388.1 387.3 388.2 390.4 392.2 392.2
315.2 319.1 322.2 324.4 327.3 332.7 337.6 350.2 374.2 397.6 402.2 403.7 403.4 403.5 404.8 404.2 405.8 409.1 409.6 405.5 403.6 400.9 399.8 396.1 395.3 398 400.8 397.1 395.4 395.4 396.3 398.8 401.5 401.8 400.5 400.5 399.2 398.1 396.7 398.1 399.7 397.3 397 397.7 399.5 401.7 403.5 404.2 406 405.6 404.7 403.3 401.8 398.5 395.1 396.4 397.9 396.9 396.5 396.7 396.6 397.1 396.1 396.9 397.3 395.2 391.9 390 389.4 390.2 391.2 391.1 391.3 391.3 391.9 393.6 395.8 396.4
317.7 324.9 327.3 330.1 331.7 338 344.2 353.7 372.6 397.2 405.3 409.1 408.1 406.6 408 409.8 409.1 408.1 410.3 410.8 407.8 403.1 400.1 398.3 402.6 399.8 400.4 401 399 398.1 401.5 406.3 411 409.3 407.7 405.9 404.2 403.8 402.4 406.3 403.5 401.3 400.7 402.4 404.3 405.3 406.1 407.5 408.7 407.9 408 407.5 405.8 406.4 403.8 402 401.4 400 398.8 399.1 399.7 400.4 399.3 398.1 399.7 398.7 395.6 392.3 393 393.8 394.7 395.4 395.5 394.7 395.4 397.8 399.1 400.6
322.3 328.9 332.8 333.4 336.2 341.9 346.9 355.5 367.2 399.2 408.6 410.6 410.7 411.9 415 414.4 413.2 411.8 412.8 412.9 412 405.7 404.1 402 404.5 403.5 404.5 405.1 403.6 407.1 410.1 411.5 415.6 414.1 412.9 410.9 408.4 407.9 408 409.7 408.5 404 403.2 405.9 407.6 408.6 409 410.1 410.4 410 411 412.9 418.7 420.1 416.5 409.9 408.1 405.4 405.7 406 406 408.1 406 403.3 403.7 402.7 399.5 396.9 398.1 401.1 402.7 402.3 400.4 400.9 402.7 401.8 404.2 405.1
324.5 331.8 334.9 336.3 338.6 343.2 349.3 355.9 366.1 398.7 411.9 413.4 413.6 415 415.2 411.8 415.7 412.6 416.5 413.8 412.7 412 410.7 405.6 404.2 406.3 407.7 408.4 410.2 412.5 413.9 414.5 418.1 417.8 416.9 414 413.3 414 414.2 416.2 416 410.6 407.6 408.2 409.3 409.3 410.6 411.9 412.5 413.6 415.1 418.6 425 425.1 422.3 420.2 413.3 413.4 415 413.2 411.9 412.5 410.6 406.4 405 406.3 405 403.4 404.4 407.2 408.4 407.8 404.3 406.8 408.4 409 412.4 413.1
324.2 332.2 335.4 338.6 340.6 346 351.2 355 366.3 389.8 409.5 415.9 416.4 413 410.2 406.6 405.3 407.5 417.1 420.7 419.9 420 416.5 410.3 407.4 414.6 416.6 418.1 420.2 420.1 417.4 417.8 420.5 423.4 421.8 421.1 419.5 420.2 420.6 422.7 424.3 420.4 415.8 411.7 409.9 410.5 410.8 413.1 415.9 417.5 421.5 424.4 427.2 426.9 425.1 422.2 420.8 419.7 418.3 416 415.4 414.7 413.3 410.4 407.4 407 406.2 405.8 407.6 408.7 409.9 410.4 409.8 411.3 411.5 412.8 414.9 416.2
329 334.2 335.7 341.7 344.4 349 354.4 357.4 366.6 380.7 394.9 409.7 410.2 407.7 402.2 397.4 389.9 398.6 410.6 420.4 420.2 420 417.2 417.1 418.3 420.5 423.2 424.4 426.3 426 422.1 421.3 422.4 424.9 427.6 427.2 425.8 425.7 427.8 430 429.1 426.6 424.4 419.7 416.9 416.2 418 420.9 424.3 428 428.7 427.7 427.1 425.7 425.6 424.9 423.2 423.2 420.6 417.3 417.9 416.8 415.7 413.2 409.6 409.1 408.9 407.5 409 410 412.1 411.9 412.2 413.6 413.7 415.8 417.2 420.3
330.1 334.6 337 343.8 347.5 350.7 354.5 358.7 366.3 373.8 386.6 393.7 392.6 390.4 388.6 386.5 387 390.7 398 407.4 415.5 418.8 418.5 423.3 422.5 424.5 426.2 425 426.7 429.9 428.7 425.6 425.2 428.5 432.5 432.9 432.5 433.1 434.3 434.5 433.6 430.9 430.8 429.5 427.9 427.4 428.5 430.3 428.9 431 430.4 429.2 427.7 426.5 426.8 424.9 425.5 423 421.9 420.6 419.8 418.3 416.8 415.7 413.2 412.8 412 409.2 410.6 413.9 415 413.6 414.7 417.2 418.1 419.9 422.6 425
329.7 333.8 337.9 343.6 348.9 349.6 352.6 359.1 365.4 372.1 381 383.8 382.4 381.4 382.5 384.9 388.7 391.6 395.5 398.6 401.7 408.9 418.8 424.8 423.8 425.4 425.3 426.9 428.1 432.1 432.9 431.4 429.4 432.9 438.2 439.1 438.8 437.4 436.7 438 437.7 436.1 434.4 432.7 431.2 432.2 433 433.2 431.3 432.1 431.9 429.8 429 429.3 428.2 426.6 425.5 424.3 424 422.6 421.4 420.2 418.9 417 416.1 415.6 411.8 411.7 414.7 417.2 417.1 416.9 418.2 420.8 421.3 423.4 427.8 430
322.8 329.7 334.1 342 348.2 348.5 350.2 355.4 361.2 369.2 375.7 377.5 377.2 378.3 381.7 387.2 391.4 393.9 396.5 397.9 400.9 408 416.8 421.9 421.9 422.5 426 424.6 429.6 432.3 434.1 433.9 432 439.5 443.1 443.9 443.5 441.3 440.9 442.5 441 439.1 436.3 433.5 433.2 433.8 433.5 432.9 431 430.5 430.4 430.4 430.2 430.3 428.9 427.9 427.5 426.9 425.2 424 421.7 422.2 420.1 419 419.3 419.1 416.4 417.1 419.6 420.9 419.9 419.5 421.9 423.2 423.5 426.7 431.2 432.6
317.6 324 330.2 337.9 345.3 344.9 346.8 351.7 358.7 365.9 371.7 373.5 375.2 378.5 383.5 388.8 392.9 396.2 398.3 400.8 402.1 404.8 414.5 415.6 421.7 423.3 426 427.1 430.2 432 434.6 437.7 440 446.3 446.4 444.7 443.8 444.6 446.1 444.8 443.8 440.7 437 435.9 435.4 435.8 434.4 432.5 432.2 431.4 431.7 430.9 431.6 431.1 430 428 427.7 427.3 426.2 424.7 424.8 422.3 422.5 423.2 423.6 425.5 424.6 425 423.7 424.3 424.7 424.7 424.5 425.6 426.1 429.9 433.7 435.6
313.6 320.5 325.3 332.4 339 339.3 343.7 351.2 358.6 365.2 369.7 371.5 374.8 377.9 382.3 387.5 391.9 396.2 398.9 401 403.6 404.7 409.6 412.8 422.8 425.6 428.8 427.3 430.8 432.6 439.8 443 447 450 450.2 448.5 446.5 447.3 446.7 447.6 447.8 443.4 439 436.6 436.3 436.5 434.6 432.2 432.7 432.3 431.8 433.1 432.8 431.7 430.7 429 428 428.5 427.7 426.7 425.9 424.4 425.7 427.5 427.9 428.4 428.2 428.2 427.9 428.8 428.6 428.5 426.9 428.4 430.4 432.9 438.7 436.7
316.6 320.3 319.5 319.9 323.8 332.4 341.5 351.3 357.5 364 369.6 372.8 375.4 379.2 382.1 387.1 391.5 395.8 399 401.7 404.3 406.8 410.3 415.1 423.7 427.9 430.6 429.3 433 438.7 442.2 445.8 450.3 453.9 455.5 453.9 451 451.8 450.6 452.2 450.2 446.5 442.8 437.7 436.9 436.5 434.5 434.2 432.3 432 432.7 432.5 433.2 433.8 433.4 434.3 433.1 430.8 429.7 428.9 428.4 427.6 428.3 429.7 429.9 431.1 430 430.7 431 431.9 433.1 432.8 431.9 433.8 436.5 440.6 443.2 443.4
319.4 321.6 324.1 329.1 332.2 337.8 346.9 353.4 358.6 364.9 371 374.3 378 381.4 384.2 389.5 393.2 396.1 398.4 401.9 403.7 407.1 408.7 417.3 422.1 429.5 430.9 434 437.7 441.6 445.6 448.2 453.8 457.5 460 458.6 458.3 456.2 454.5 457.1 453.3 449.9 444.8 441.1 436.9 436.1 435.1 435.4 436.1 434.5 433.6 433.8 433.8 435.5 435.4 436.4 435.4 435.3 433.3 431.3 430.8 430 432.2 432.4 433 433.5 434.1 434.7 435.2 435.4 436.4 438.5 437.5 438.2 441.7 445.7 448.8 450.5
319.3 320.8 323.7 330 333.2 338.7 347.4 353.9 360.5 366.2 371.5 375.1 379.9 383.4 386.3 391.4 394.5 396.7 398.5 400.3 403.3 407.7 412 416.7 422.5 429.7 433.3 436.4 439.8 442.4 445.8 450.3 456.5 459.2 460.7 461.4 462.5 461.4 459.8 459.9 456.4 452.6 446.8 442.5 438.7 437.7 437.2 439.8 438.1 436.5 435.5 435.6 434.2 435.4 435.9 436.4 436 435.7 434.6 434.5 434.4 433.7 432.9 434.9 436.3 436.4 437.2 438.8 437.9 438.9 440.8 441.7 442.9 441.9 443.2 448.4 453.2 455.9
317.6 320.2 323.6 328 331.2 337.8 346.4 353.7 359.8 366.3 371.8 376 380.6 384.2 387.8 392.1 394.9 397.4 398.8 400.3 403.7 408 412.9 417 421.2 424.9 430 435.3 439.6 443 447.3 453 458.9 460.1 461.6 464.2 464.8 463.2 462 460.5 458.7 454.2 449.2 444.3 442.1 438.5 439.8 438.6 438.1 436.5 435.7 434.9 434.2 435 436.1 437.3 437.1 438 437.6 437.2 437.4 437.6 436.7 435.9 437.3 437.9 439 440.7 441.5 443 444.5 445.5 446.8 446.3 448.6 452.6 457.6 460.3
315.6 319.3 322.3 325.7 330.9 337 345.7 352.4 357.6 366.2 373.5 377.7 381.7 384.7 388.1 391.8 393.8 397 398.7 400.6 404.3 408 411.6 415 418.4 422.5 427.2 431.6 436.3 441.8 446.5 452.5 459.9 462.1 462.8 464.3 466.7 467.2 465.3 463.4 459.9 454.8 450 446.8 444.2 441.5 440.8 439.5 438.1 436.1 436.3 435.6 435.5 434.1 436.6 437.1 438.2 438.3 438.3 437.8 439.2 439 439.9 439.2 439.5 439.5 440.5 442.3 443.5 445.2 447.1 448.8 450.5 451.2 454.6 457.6 461.3 465
314.4 318.8 321.2 325.4 332.5 337 345.1 351.1 358.9 366.9 374.2 378.6 381.7 385.6 388.7 391.5 394.4 397.2 399.3 401.1 403.9 407.4 409.9 412.6 416 420 424 427.9 432.9 438 444 450 458.8 461.7 462.9 465.5 467 467.7 467.3 465 461.7 457.2 450.9 448.9 446.6 444.7 442.4 441.5 439.9 437.6 436.8 435.7 434.6 434.9 435.5 436.3 438.5 438.3 436.9 438.2 439.5 440.4 440.4 441 441.3 441.1 441.7 443.5 444.6 446.6 449.5 451 453.7 455.4 459 462 466 469.2
314.1 317 320.1 325.4 330.1 335.5 342.7 350.2 355.4 366.5 373.5 376.9 381.2 385.2 388.3 392.1 394.8 397.2 398.8 401 403.9 406.3 409.6 411.2 413.9 416.9 419.6 424.7 428.4 433.1 439.5 446.8 456.3 460 462.9 465.8 467.4 467.7 467.1 464.7 463.4 459.6 454.9 452.5 449.4 445.9 444.5 442.1 439.9 438 436.5 434.9 434 434.3 435.6 437 437.2 436.4 436.6 436.5 438.7 440.2 439.4 439.6 441.1 442.8 443.8 445.2 445.4 447.2 448.7 452.5 455.7 459 462.6 464.7 467.7 472.1
312.9 316.3 319.6 323.1 329.1 334.1 340.7 347.6 354 365 372.2 374.9 380.2 385.5 389.4 393.8 395.4 396.7 399 401 403.8 405.6 407.8 409.9 411.8 413.8 415.8 420.1 423.8 427.2 433.1 440.5 452.4 458.4 462.7 464.8 466.4 466.3 465.4 464.6 462.6 460.3 456.3 452.9 450.6 447 444 440.7 438.9 437.8 435.9 436.4 433.6 432.5 434.5 434.9 434.9 435.7 434.1 435.3 437.3 439.1 439.2 438.7 439.6 440.1 443.1 444.1 445.2 446.1 448.5 452.4 455.6 460.2 462.7 466.4 469.2 474.1
311.6 314.6 318.6 322.7 327.8 334 341.5 345.2 352.9 363.5 371.6 373.1 379.9 385.6 390.4 393.4 394.6 396.3 398.9 400.8 403.1 404.8 406.4 407.8 409.1 411.1 413.1 415.4 418.4 422 426.3 433.4 448.2 455.3 460.4 462.7 463.8 464.4 463.9 462.8 461 459.3 455.9 453.4 450.6 448.1 443 440.2 439.5 438.6 437.4 435.4 433.7 429.8 431.8 432.5 432.5 432.7 432.9 433.9 436.1 437.2 437.6 436.2 436.9 438.9 440.6 441.7 443.6 444.4 447.1 450.6 454.4 458.5 462.7 465.5 470 473.7
309.4 312.7 315.8 321.4 327.5 333.9 341.1 343.5 352.9 362.1 368.9 372.6 378.9 385.1 388.5 390.8 392.5 395.4 398.3 400.1 402 403.2 404.5 404.8 406.1 407.2 408.7 412.6 415 416.4 419.3 424.1 431.8 447.1 452.6 456.6 459.3 462.9 462.9 460.5 459.4 459 455.1 453.3 450.4 448.6 441.9 438.9 439.5 438.4 437 434.7 432.6 428.5 429.4 431.3 431.7 431.7 431.6 432.6 433.4 433.6 435.1 434.1 435.6 436.5 437.9 441.3 440.4 441.4 445.3 447.7 452.2 456.8 460.5 464 469.7 473.3
306.4 309.5 312.9 320.7 328.6 334.2 337.8 341.2 350.5 359.4 366.3 371.5 378.4 383.3 385.4 388.4 391.8 395.1 397.7 399.6 400.7 401.7 402.2 401.6 402.6 402.9 404.8 408.5 409.8 411.7 413.7 417.6 422.2 431.2 440.1 446.4 452.4 456.9 457 456.7 456.1 455.9 453.6 451 447.8 443.9 440.8 439.4 439.4 438 435.8 432.9 431.5 429.1 424.7 427.6 428 428.3 426.8 430.1 430.3 431.6 432 432.7 432.3 434.5 435.5 438.9 439.3 439 441.8 445.3 448.7 453.6 457.1 461.2 466 469.2
303.9 307.9 311.5 320.2 328 330.6 333.8 337.6 347.8 356.4 364 369.7 376.5 380.1 383 387.3 390.4 393.3 395.7 398.1 398.7 399.2 399.5 398.2 398.5 399 400.9 403.8 405.8 408.2 409.8 413.5 416.2 420.3 426.2 429.6 437.2 445 447.4 448.6 451.7 450 448.2 446.5 444.8 441.8 438.2 436.4 436.2 435.5 433.7 430.7 428.7 425.8 424.9 424.3 424.8 423.6 423.8 424.9 425.5 428.2 429 429.9 429.8 431.7 434.7 435.5 435.6 436.2 438.1 442.6 445.9 450.2 453.6 457.8 460.2 463.7
302 306.6 310.6 317.3 325.5 326.2 327.7 332.2 344.4 353.2 361 367.7 373.3 377.3 381.3 385.3 388 390.2 393.4 395.6 396.2 396.3 396 395 394.7 395 396.5 398.7 401.7 403.8 405.1 408.1 410.8 413.4 415.9 418.5 424 430.1 436 439.5 442.1 443.8 441.8 441.2 439.3 437.5 435.5 432.8 431.8 429.8 426.9 426 424.7 423.5 422.1 419.7 420.9 420.3 419.4 420.4 422.7 424.3 425.3 427.8 427.7 429.7 431.5 434.2 433.4 435.1 437.9 441.1 444.6 447 451.9 453.2 456.3 460.2
300.5 305.8 308.9 314.6 321.3 323.3 324.3 329.8 342.2 349.3 357.2 364 369.9 374 378.6 382.5 384.7 387 389.6 392.6 392.7 393 391.6 390.7 391.3 391.6 393.6 395.5 398.2 400 400.6 401.2 404.6 406.2 408.7 409.7 413.2 414.5 418 422 427.6 428.7 427.6 428.8 427.9 428.6 428.2 426.8 424 421.2 419.2 417.8 416.8 416.5 413.2 414.8 415.1 414.1 413.8 417 419.5 420.8 422.9 424.3 426 427.6 428.7 429.6 430.7 433.6 435.9 439.3 442.9 445.9 448.7 450.8 452.9 455.9
299.6 305 307.2 311.3 317.2 320.3 323.4 331.2 339.7 345.3 352.8 360.3 365.5 370.1 374.4 379.5 382.1 383.7 386.6 388.4 388.4 388.6 388.5 387.7 388.8 389.6 390.7 392.7 394.7 395.4 395.5 395.9 397.9 398.4 400 402.7 404.5 405 406.9 408.4 409.3 406.9 406.1 410.6 412.5 413 414.3 416.6 415.4 415.7 415.3 413.3 412.8 409.6 393.7 407.6 406 405.6 406.8 410.8 413.5 416.2 418.4 420.5 422.4 423.2 425.3 427.8 428.8 431.4 435.1 438 441 442.2 446.1 448.3 450.8 452.5
298.9 303.3 305.1 308.4 312.7 318.5 322 328.8 336.7 341.8 348.5 356.7 361.3 365.9 370.3 374.6 378.1 380 382.6 383.3 383.2 384.2 385.6 387.1 387 388 389.1 390.3 390.7 390.8 390.7 391.2 391.6 391.4 392.3 394.3 396 397.1 398.3 399.3 398.1 397.5 397.1 396.4 394.2 397.9 399.1 400.8 403.6 406.2 407.4 407.8 408 402.7 388.3 399.2 397.5 393.5 395.6 401.3 406.5 409.6 412.2 414 415.9 417.9 420.3 421.8 426.2 428.8 432.1 435.1 439.2 440.8 444.8 446.7 448 450.1
297.6 300.1 302.4 304.6 310 316.6 319.5 326.4 333.7 338.7 345.8 353.2 357.3 361.6 365.8 370.1 373.6 376.1 377.9 379.1 378.2 380.3 382.5 385.3 386.5 387.5 388.3 388.6 387.2 386.6 386.4 386.4 385.5 385.5 385.9 387 387.9 389.1 389.6 389 387.7 387.6 388.3 388.6 386.8 382.9 382.2 382.4 386.4 391 393.5 395.7 396.3 395.8 380.2 390 386.2 378 386.4 391.4 394.8 399.5 402.6 406.4 408.4 411.5 413.1 417 421.6 425.2 429.6 434.3 437.2 439.5 442.9 446 446.9 449
