Game/Highland_Data/StreamingAssets/GeoData/Data/sd/SD56.asc
ncols 200
nrows 200
xllcorner 350000
yllcorner 460000
cellsize 50
[rows 36 to 71 of 200, columns 0 to 82 of 200]
63.7 57 56.6 54.3 57.1 66.3 72.5 72 71 65.6 65 72 77 83.4 89.6 94.2 98.2 101.2 103.4 105 49.9 42.5 42.5 42.5 70.1 98.4 97 98.1 98.1 94.9 97.1 101.1 98.9 93.8 91.2 91.9 95.8 98.2 98.9 99.2 100.8 99.4 96.3 92.8 86.2 84.8 84.4 85.8 85.5 85.7 91.8 96.2 96.2 96.9 102.1 110.9 118.6 123.5 124.8 125.4 127.4 128.5 132.5 134.2 129.6 124.3 121.6 128.1 134.2 138 131.8 133.6 140.5 141.4 138.8 134.8 134.4 138.9 144.7 146.5 148.7 145 141.8
60.3 58.3 55.6 55.5 62.4 68.7 68 68.5 65.4 63.5 66.6 72.2 77.5 84.6 90.6 94.7 98.5 102 105.1 102.8 42.5 42.5 42.5 52.8 71.5 102 96.2 82.7 99.2 96.2 95.6 95.7 94.4 94.2 92.4 91.9 93.2 94.3 95.4 96.2 96.9 96.5 93.6 88.8 84.6 84.9 85.6 84.3 87.7 89.3 92.9 101.5 99.1 104.1 115.3 115.8 122.3 123.4 127.4 127.4 127.6 129.3 132.5 131.3 126.2 121.7 125.1 131.9 137.6 135.1 132.1 140.6 144.1 141.1 135.9 134.5 135.7 141.2 143.1 145.7 145.8 141.5 140.1
66.2 60.2 60.2 65.2 65.2 65.1 65.8 65.2 63.5 62.9 66.8 71.2 78.1 84.6 90.5 94.7 99.2 103.8 106.7 99.2 42.5 42.5 42.5 50.7 67.4 102.2 92.9 82.6 83.1 101.8 100.3 96.2 97.2 98 95 90.6 89.9 91.2 93.3 94.7 94.6 93.3 90.2 84.8 84.6 84.9 90.6 101.2 98.4 96.5 96.2 98.9 97.8 109 116.9 121.3 126.6 124.6 125.7 125.9 125.2 126.9 129.2 127.5 123.3 123.9 130.6 135.9 136.8 133.7 138.1 143.6 144.5 139.5 135.8 135.8 138.1 139.7 142.4 144.8 141.5 139.8 142.2
62.8 61.8 61.3 62.1 64.2 63.7 64.1 62.8 62.2 62.4 65.6 73.3 79.7 86.2 90.5 95 99 103.3 105.7 99.9 42.5 42.5 42.5 42.5 42.5 97.4 89.2 83.8 83.5 99.9 104.6 100.7 100.8 100.2 96.6 90 88.8 89.9 91.4 92.4 92 90.2 89 84.7 84.4 86.2 102.1 106.6 105.4 99.8 95.8 95.9 103.5 111.6 121.2 125.7 128.2 126 128 124.7 123.7 124.6 125.5 125 124.8 129.9 134 136.3 135.2 134.2 140 143.3 142.9 142 140.6 141.1 141.7 140.5 144.1 141.5 139.6 142.9 144.5
62.1 63.3 59.5 60 61.9 61.4 62.5 62.8 62.6 62.8 65.7 72.8 80.2 86.4 90.4 93.7 96.7 101 103.5 104.9 42.5 42.5 42.5 42.5 42.5 93.7 93.1 83.7 84.2 100.9 106.6 101.4 101.9 101 96.6 90.4 88.8 89.4 90 90.5 89.7 88.6 86.7 88.3 84.3 93.3 105.3 105.8 107.7 102.5 100.2 104.8 110.1 118.5 123.1 129.6 129.5 129 131.8 126 123 124 124.7 125.3 127.8 131.1 133.9 134.8 133.5 133.5 137.4 141.2 144.5 146.8 147.9 147.3 144.6 143.5 141.4 140.4 141 144.3 147.2
64 65.5 60.6 59.5 60.8 60.9 62.6 64.6 63.8 63.9 65.9 71.3 80.5 84.7 87.8 91.7 95.1 100.2 102.7 103.5 51 42.5 42.5 42.5 42.5 97.9 97.8 83.3 83.8 99.6 109.8 102.7 100.2 97.8 93.2 89.7 88.9 89.2 89.9 90.3 88.5 87.3 86.2 87.9 84.1 87.3 103 106.9 111.5 107.7 104.8 109.4 115.6 123.7 126.8 130.3 129.9 132 131.4 126.4 124.7 124.8 124.2 125.9 129.2 130.2 132.2 132.1 131 132.4 135.8 141.2 146.5 151.3 153.5 151.5 147.6 143.5 140.7 139.6 141.4 145.1 152.5
66.4 68.2 61.7 61.7 61.3 62.9 64.2 65.8 65.7 65.5 66 70.5 77.1 81.7 88.7 93.8 97.8 101.4 103.1 103.1 105.1 42.5 42.5 42.5 42.5 80.3 94 98.9 83.3 83.9 83.3 102.9 98.6 96.3 92.2 89.7 89.3 90.8 90.3 89.4 86.9 85 86.4 86.4 83.8 87.2 108.7 110.2 114.8 111.2 110 115.6 120.3 126.1 128.8 130.8 131.6 133.8 131.5 127.4 126.6 124.5 123 126.1 127.1 130.3 129.9 130 131.5 131 136.1 142.9 149.8 156.7 159.8 155.2 148.9 144.6 141 139.3 141.2 146.4 152.8
69.1 65.7 64.2 63.6 63.2 65.2 68.4 71.8 68.9 66.6 69.1 70.7 78.2 88.8 92.2 95.9 99.5 101.3 103 103.2 103.8 42.5 42.5 42.5 42.5 69.2 92 99.3 90.5 83.2 83 95.1 100.6 98.1 92.9 89.2 89.2 89.7 88.5 85.9 84.7 84.3 82.7 83.1 83.5 84.8 106.9 113.2 114.9 113.5 114.4 117.7 122.4 128 132.4 132.3 133.1 134.8 131.9 128 126.5 124.1 124.3 126.1 127.4 128.3 129.8 131.9 131.7 131.2 136.7 143.5 152.5 159.4 161.2 154.6 149.1 145.1 142.4 140.2 141.1 146.5 151.7
71 67.2 67.1 64.9 69 70.7 72.5 73.3 72.3 71.8 73.4 73.4 81.1 89.8 94.2 97.3 100.1 99.4 100.8 102.6 104.4 54.8 42.5 43.5 46.3 62.2 89.1 96.4 92.8 85.6 83.7 102.7 101.5 97.4 92.1 88.2 87.7 85.9 85.3 84.5 83.5 82.5 82.7 82.5 83.6 85.2 94.6 117.6 116.2 115.7 115.4 116.8 127.5 132.5 135 133.3 133.7 135.2 133.8 134.8 125.5 123.6 124.9 127.8 132.1 133.4 134.5 134.7 132.9 131.7 136.8 143.7 152.4 159.4 158 153.2 150.4 147.1 143 143 142 146.8 152.5
72.4 70.1 69.7 73 74.4 74.3 73.7 72.8 73.8 73.5 75.6 76.1 78.5 83.1 93.6 97.4 99.8 97.9 99.3 83.5 80.5 71 88 86.7 71.8 88 88.1 89.9 95.7 97.6 96.6 94.8 95.8 97.9 90.1 87.3 85.8 84 82.7 82.2 82.6 83.9 83.5 83.3 84.9 87.6 92.7 102.3 114.6 112.1 113.6 119.4 130.1 135.5 137.6 132.1 132.1 135.8 135.4 133.3 124.1 124.4 127.3 133.7 137.7 139.2 137.8 135.1 132.9 132.7 136.6 142.8 150 154.4 153.3 151.9 151.8 150.6 143.6 142.6 143 147.9 153.7
73.7 73.2 75.4 78.1 79.6 78 75.8 76.3 76.4 75.1 75.2 76.6 78.8 82.4 86.8 95.1 97.2 95.5 95.4 94.7 96 94.1 87 85.3 86.1 83.1 83.9 85.4 88.3 86.3 87.2 88.1 88.8 86.5 86 85.6 83.1 81.8 81.5 83.1 83.7 84.7 85.1 85.5 88.8 90.6 92.3 96.8 105.8 106.9 111.9 125.9 131.4 136.3 136.2 132.1 133.3 135.9 134.5 126.9 124.1 126 134 138.9 143.1 145.6 142 137.3 134.7 133.5 136.5 141.1 146.4 148.6 149.2 151.3 152.2 149.5 143.5 144.2 147.2 149.8 154.4
74.9 76.4 79.3 81.4 82.5 79.7 77.4 79.3 78.2 77 76.5 77.2 78.4 80.5 85.6 88.3 93.1 94.7 95 93.7 93 89.2 82.8 79.2 78.5 80 80.8 80.9 80.9 82.1 82.4 83.8 84 84 85.1 83.6 82 82.3 83.2 82.7 83.3 85.7 85.7 87.7 90.1 93.5 101.7 105.6 105.7 108.5 118.3 127.2 131 134 133.8 132.7 135.7 137.3 134.1 125.6 125.5 129.3 137 142.8 147.8 148.5 145.4 142.2 137.4 135.4 135.7 139.6 142.6 144.6 148.1 152.1 151.6 149.1 143.2 147.5 150 151.4 152.7
76 80 82.1 84.9 84.1 79.4 79.3 80 79.6 79.2 78.6 77.9 81.2 83.2 82.1 86.4 92.7 90.4 89.3 88.6 87.9 84.6 78.1 80.3 84.1 85.4 84.9 86.1 85 83.8 84.7 84.8 84.4 80.7 80.6 83.5 83.8 84.1 84.3 84.3 84.3 84.5 85.9 90.1 91.5 95.4 100.4 104.3 108.3 109.8 115.1 124.8 126.6 130.1 131.3 134.1 137.7 140 132.5 126.3 125.6 130.8 138.9 144.5 146.8 148.3 147.8 145.7 142 137.9 138 137.8 139.8 144 149.5 153.2 151.4 146.3 144.9 150.1 150.3 150.2 150
76.8 82 85.1 86.5 81.8 76.8 79 80.4 82.6 82.6 79.7 79.3 82.1 85.8 86.9 83 88.9 86.3 83 82.5 84.5 81.8 77 84.1 88.1 91.7 92.4 93.5 93.4 92 92.3 89.9 89.5 90.1 89.6 89.5 85.9 84.6 84.1 84.3 84.5 84.7 85.9 91.8 95.2 98 99.9 103.8 106.1 106.9 112.4 117.2 121.5 127.4 130.1 135.2 140.3 140.4 135.6 129.5 128.8 133.2 137.3 139.8 142.3 146.1 147.9 148.7 144.1 142.3 140.1 138.3 141.2 145.5 151.5 151.5 148.6 144.6 147.1 149 148.3 148 149
77.6 83.2 86 83.5 78.2 77.8 81.2 83.7 86.7 84.8 80.7 80.3 81 83.8 83.4 82.5 84.6 82.9 81.3 80.4 82.1 80.2 76.5 82.6 87.2 89.9 92.7 96.3 99.1 99.2 97.7 96.5 96.1 96.3 94.2 89.2 84.9 84.7 84.2 84.9 86.7 86.5 88.3 92.7 96.5 100 101.4 101.5 104.1 105.6 108.9 111.6 114.8 125.9 129.9 137.2 141.8 141.6 137.6 132.7 131.9 132.9 134.1 136.8 139.1 142.2 146 146.4 145.7 145.4 142.8 140.5 142.8 146.8 152.1 149.7 146.4 146.1 146.6 146.9 146 146.7 148.3
78.2 83.5 83.8 78.5 74.9 79.5 83.5 88.8 89.8 86.9 81.5 79.9 80 80.8 80.9 81.3 81.7 81.3 80.5 80.6 81.8 76.9 76.2 82.8 88.8 92.4 95.9 99.2 100.3 100.9 99.8 98.2 95.5 93.4 90.6 86.7 86.6 86.5 86 86.9 87.4 89.8 91.3 93 95.3 98.6 103.3 104.6 103.4 104.2 106 109.2 117 125 129.7 139.3 141.6 141.5 138.1 135.6 133.1 132 132.9 134.3 136.6 139.1 142.1 142.8 145.5 145.9 144.2 144.3 145.1 147.8 150.2 146.5 146 145.3 145.4 145.1 144.5 146.7 148.7
80.1 82 78 73.6 75.9 80.3 87.7 93 91.9 86.8 79.6 78.1 79.2 81.1 80.4 82.3 81.5 79.7 78.8 80.1 80.5 75.9 80.1 85.7 91.7 97.1 101.2 102.9 102 98.7 95.1 93.4 91.6 88.4 86.3 86 86.4 87.1 90.4 93 94.9 96 97.3 97.8 98.4 99.6 101.8 104.7 104.1 104.7 106.5 112.7 120.3 126.1 128.9 138.7 141 140.5 137.7 135.1 132.4 130.8 131.3 132.4 132.9 136.1 136.9 140.8 142.9 143.3 143.3 144.2 145.6 147.5 146.7 145.2 144.5 143.6 143.1 142.7 144.1 147.3 149.5
81.5 78.3 73.6 73.2 76.2 83 93.8 94.2 91.7 84.7 77.2 77.9 75.9 79.4 79.3 82.9 80.7 78.6 77.8 78.3 78.7 76.1 79.2 84.2 93.5 100.3 103.5 103.3 100.3 93.3 93.8 91.3 87.9 87.2 86.4 87.1 91 95.5 96.8 99.6 102 101.7 101.9 102.8 105.9 108.9 107.5 109 109.7 110.4 111.3 117.8 125 129.2 132.2 136.9 138.8 139.3 136.9 134.9 132.4 130.2 130.6 131 132.7 133.5 136.5 139.8 140.4 141.1 143.7 145.1 144.5 145.9 145.1 144.1 142.9 141.9 141.3 141.1 144.3 148.4 150.6
80 76.3 73.7 73.9 76 87.6 99.3 97.3 89.2 82.8 76.2 76.6 76.8 79.1 79.5 80.1 80 77 75.8 76.1 76.4 78 80.4 83.5 95.5 98.1 100.4 100 98.6 88.5 89.9 89.9 89.3 90.1 90.1 92.7 95 101.3 107.2 107.6 106 106.6 106.6 112.1 114.6 114.9 114.5 114.6 113.9 114.8 115.4 122 129.8 130.6 133.1 135.5 137.7 137.7 135.8 133 130.9 129 131.2 132.7 132.3 134.8 136.9 138.6 140 143.8 145.3 145.4 144.3 142.4 142.3 141.5 141.2 141 139.8 141.8 146.2 150.1 152.3
81.4 75.8 70.4 73.5 78 92.8 101.6 97 87.2 78.1 72.5 76.6 76.3 79.9 80.3 79.3 78.8 75.9 74 75.3 76.6 78.9 79.4 81.4 86.4 90.8 94.7 96.5 92.1 86.8 89.2 89.5 90.6 91.2 93.6 96 98.1 106.4 112.1 116 115 112.7 113.1 117.9 121.6 121.9 119.5 118.6 118.2 119.1 124 128.8 132.1 133.6 133.1 135.5 137 135.7 134.1 131.1 128 129.7 132.7 131.7 135.6 136.7 138.2 140.8 144.2 146.5 146.3 144.7 142.5 139.5 138.9 139.4 139.4 139 139.4 141.7 147.2 151.7 155.3
79.6 72.9 71.3 74 81.9 96.6 100.4 93.9 83.4 73.1 71.9 74.6 76.5 79.3 78.9 78.8 78.9 75 73.8 75.2 75.9 77.2 77.4 80.7 83.5 82.1 85.4 86.8 86.5 88.6 90 92.5 94.6 95.1 96.1 98.5 105.8 114.5 119.8 120.7 119 116.1 115.3 118 121.5 123.1 124 123.8 125.4 128.9 131.9 135.3 137.5 137.5 135.5 135.2 135.3 134.3 131.8 128.1 126.3 127.8 128.5 135.5 137.2 138.2 140.6 144.2 145.2 145.9 145.1 143 139.6 137.3 137.5 137.8 139 140 140.1 141.6 148.2 153.9 155.5
76.6 72.9 70.2 72.6 85.6 95.7 97.3 89.7 79.7 70.8 70.6 74.8 78.8 82.6 82.6 78.3 76.4 73.2 76.2 79 80.6 79.6 83 88.9 91.6 95.6 91.7 93.6 95.3 96.6 95.8 95.6 96.9 99.9 105.3 110 118.1 121.3 123.9 123.3 120.5 117.4 114.4 116.1 118.5 122 126.5 129.9 133 134.9 138 142.2 144.2 143.2 141.7 137.3 135.3 131.2 127.1 125.6 125.5 126.7 132.6 136.4 140 143.8 145.9 146.6 147.2 145.3 143.5 140.9 137.9 138.9 138.6 138.7 141.1 142 140.8 142.1 149.1 154.5 153.5
76.7 72.3 70.3 75.5 85.9 93.9 92.4 84.3 75.6 70.1 73.9 78.3 81.9 81 77.6 72.6 71.7 76.6 80.8 83.6 84.2 84.8 86.9 91.2 95.5 97.6 100.1 99.9 102.4 102.9 105.2 108.1 109.4 114.1 118.3 122.5 124.3 125.8 125.6 124.6 123 121.4 118 117.7 118.1 122.4 128.7 134.1 136.4 137.3 140.6 145.4 150.7 151.3 147.7 140.4 134.4 126.9 125.2 124.5 125.2 126.8 134.6 139.2 144 147.9 150.1 151.6 149.2 145.4 141.5 137 136.9 139.3 140.5 140.4 143.5 143.8 144.3 146.7 151.2 152.7 151.3
75.2 70.9 69.6 76.6 85.6 91.2 88.9 80.3 70 70 74.1 78 77 74.1 69 70.1 71.7 78.9 84 85.4 87.3 90.4 93.2 94.5 100.1 103.7 104.3 107.1 112.1 115.2 117.6 117.8 118.9 123.8 126 126.7 127.2 127.5 127.5 126.9 125.7 123.7 120.8 118.9 117.9 124 130.4 134.8 135.8 134.5 136.8 142.9 148.9 150.5 147 140.4 132.3 126.2 124 124.1 125.3 129.2 137.5 142.9 148 153 155.3 155.2 149.2 143.7 138.9 136.7 136.4 139.1 141.1 144.4 145.6 146.3 148.1 149.9 149.8 149.4 149.6
75.8 68.2 69.7 76.9 84.3 87 82.7 75 68.2 69.8 71.8 71.2 68.2 72.5 75 75.8 78.5 86.5 86.1 85.8 87.9 89.9 92.5 98.5 102.3 104.7 107.2 111.7 119.4 122.4 126.6 124.3 122.9 127.3 128.4 127.8 128.3 128.2 128.3 128.5 126.7 124.8 122 117.8 118.7 123.8 131 137.3 136 131.6 132.3 138.3 142.7 144.3 143.5 138.6 133.8 126.4 124.2 123.9 125.7 134 139.6 145.2 151.6 157 156.6 152.3 147 141.4 137.2 136.2 135 140.1 142.1 145.4 147.2 147.4 148.4 149.7 148.9 147.8 148.8
72.8 67.6 70.2 77.4 80.9 79.3 75.4 69.2 64.4 65.2 65.1 66.4 70.9 76.9 81.4 84.9 89 89.5 89.3 88 89.9 93.1 97.7 102.8 105.9 106.4 110.4 118.8 126.6 130.7 132.8 128.8 127.3 128.7 127.9 128.1 128.9 128.3 127.4 127.2 126.1 124 120.1 119.8 121.1 125.8 132.3 138.7 138 133.7 132 134.6 137 139.5 139.9 138.7 135.2 128.5 124 123.8 126.9 134.7 141 147.4 152.2 151.8 149.2 147.1 143.7 139.7 138.1 137.2 133.1 138.9 142.2 144.7 146.1 146.1 146.8 147.3 146.8 148.2 148
71.8 66 69 74.5 73.9 71.5 67.6 63.7 63.5 64.3 66.2 71 75.7 82.4 89.1 92.2 91.5 90.2 90.3 88.7 90.3 96.9 104.8 109.4 108.3 110.6 116.3 127.2 134.2 137.1 136.9 134.5 131.1 129.2 128.7 129.1 128.1 128 127.1 127.2 126.7 123 117.3 119.7 121.2 125.5 131.3 137.1 137.2 134.5 131 130.9 133.3 135.6 139.3 140.5 136.6 128.7 123.6 123.8 127.3 134.5 140.7 144.6 147.7 144.9 143.6 143.1 139.6 139.6 139.6 137.3 132.3 134.4 139.5 141.8 143.3 144.5 145.4 145.6 145.8 146.6 148.3
71.7 65.5 67.8 68.7 66.2 64.5 62.6 62.7 67 72.6 76.1 79.5 85.2 89.9 89.1 89.5 85.1 88 88.5 90 95.2 103.3 110.6 113.6 108.7 113.6 125.3 133 139.1 140.4 135.9 135 132.4 131.3 130.3 128.8 128.9 128.3 127.2 126.9 126.2 120.7 114.7 118.1 119 123 128.2 132.9 134 130.4 127.3 126.4 129.8 134.8 140.5 142.1 136.4 130 123.9 124.4 127.5 131.7 135.8 139.3 141.2 139.6 139.6 138.6 137.9 139.6 138.8 135.2 131.8 130.4 134.6 139 141.9 143 144 145.3 145.1 146.5 146.7
69.9 64 67.6 63 61.2 60.6 64.8 71.5 80.1 83 83.5 87.6 92.8 91.1 85.6 80.3 81.1 84.6 87.6 92.2 97.6 104.9 113.4 114.8 112.2 120 133 139.5 142.3 138.3 135.3 135.3 132.4 131.8 130.8 128.7 129.3 127.9 127.9 125.9 123.6 119 113.4 116.1 116.4 120.2 124.9 128.3 127.2 125.8 123.1 123.4 127.1 134.8 140.7 142.1 136.1 130.2 125.5 123.5 125.6 128.3 130.7 133.4 134.9 135.4 135.4 134.8 137.6 137.3 136.7 134.1 130.6 127.9 132.1 136.9 139.7 142.1 143.5 143.6 144.5 145.7 144.6
67.2 59.5 61.1 58.2 60.8 65.4 75.2 84.6 87.6 88.9 89.9 91.2 92.6 84.2 76.6 74.1 81.6 85.8 88.1 92.5 97.9 104.9 110.4 112.4 118 126 133.9 138.8 137.8 137.2 135.4 135 134.2 132.4 130.4 131.1 128.6 126.3 126.6 125.7 122.6 117.2 112.4 114 114.8 118.1 119.7 120.6 121.4 121.3 120.8 122.6 128.2 134.1 140.8 141.2 136.4 131.5 126.8 123.4 123.2 122 127.4 128.4 128.8 130.2 129 135.8 136.6 135.5 134.9 133.2 129.4 125.5 132.1 136 141 143.8 144.1 142.9 144.4 143.8 143.1
63.7 57.1 60.6 64.6 69.6 76.7 83.1 87.5 90.2 92.1 92.3 91.8 86.5 76.7 72.9 76.2 81.1 84.3 87.8 93.6 102 108 109.6 112.5 118.8 128.5 134.2 134.8 133.8 135 135.2 135.5 134 133 132.7 132 127.9 127.4 125.7 124.5 122 116.5 110.8 110.9 111.9 113.1 114.5 115.4 117.9 121.3 123.1 122.9 127 132.9 139.6 138 134.2 129.6 125.6 124.9 126.3 126.8 124.4 121.1 121.2 125.3 133.5 138.1 138.6 136.1 133.6 131.9 128.2 123.2 131 137.2 143.2 145.6 143.7 142.7 143.2 142.7 141.3
57.5 60.6 68.1 74.3 80.1 81.6 86.4 89.6 91.7 92.6 93.4 88.5 76.1 70.3 73.7 76.7 82.4 85.4 91.9 96.3 103.1 106.2 107.9 112.9 122.7 130.5 133.5 130.6 131.6 132.9 134.4 135.3 133.9 132.9 133.2 132.1 128.4 127.4 125.1 123.2 121.2 114.2 107.8 106.9 105.6 108.7 114.4 117.8 122.2 124.2 125 123.8 126 131.2 134.9 131.9 129.9 125.4 126.8 130.9 128.5 125.7 122.9 115.5 119.8 127.9 134.6 140.6 140.8 136.7 132.4 129.6 124.2 120.2 130.5 138.5 145.3 144.9 142.8 142.8 142.3 141.3 140.7
57.4 65.1 74.3 81.9 85.2 85.4 88.8 91.8 92.6 92.2 90.7 81.3 68.9 69.6 73.6 79.7 84.7 89.1 92.7 97.7 101.6 105.1 109.8 115.6 123.7 130 130.5 129.5 131 132.5 133.4 133.9 132.7 132.3 132 129.4 129.4 128 124.1 120.6 113.5 108 107 100.6 105.8 107.5 116.8 122.5 127.4 129.2 130.1 129.3 126.5 127.5 126.7 126.2 124.4 123.6 129.7 131.3 128 123.8 120.6 115.4 118 126.6 133 138.4 139.3 135 130.1 126.2 121.4 119.6 129.6 137.8 142.7 142.4 141.9 142.5 142.1 142.7 141.9
61.9 69.8 79.3 86.8 86 88.1 91.2 92.6 92.6 90.1 80.5 71.3 63.8 69.6 76.1 81.3 84.9 90.3 95.9 100 102.8 107.1 111.6 116.8 122.9 129.7 130.1 128.9 129.9 131 131 132.7 132.4 132.5 132.3 129.9 128.2 124.5 118.4 111.2 105.3 105.6 103.9 103.4 104.4 110.5 118.1 124.5 133 136.4 135.9 131.4 124.7 120.5 120.7 120.4 120.6 124.6 127.3 126.6 124.1 120.9 115.7 113.5 119.5 123.6 128.3 131 134.3 131.8 127.9 123.1 118 117.1 126.2 133 138.6 139.3 142.2 144.5 145.2 145.1 139.7
63.3 75.3 83.6 85.9 85.9 88.8 91.2 92 89.3 83.4 70.5 62.1 65 73.2 77.5 82 86.2 90.5 96.4 100.5 104.7 108.9 113 116.8 121.1 125.6 129.2 127.7 130 131 129.3 128.6 132.4 133.8 132.7 129.4 124.5 119.5 110.9 104 103.6 100.6 96 99.5 105.5 110.4 116.4 123.4 127.8 137.7 133.9 126.3 120 117.4 117 117.6 120.7 123.6 124.2 122.6 119 116.6 109.5 110.3 113.3 118.6 121.7 125.7 128.4 129.2 125.9 121.4 108.1 115 123.3 129.8 135.6 140 143.3 146.4 148.5 145.3 137.7
67 78.7 83.2 82.9 85.9 88.3 90 88.6 83.1 74.6 62.7 59 68.6 74.9 79.7 85 90.2 93.5 97.9 101.5 106.2 109.8 113.8 116.9 119.3 122.8 125.9 125.8 126.9 126.3 128.8 129.1 132.2 132.9 132.3 127.2 119.4 114.8 106.7 102.1 100.3 95.5 88.8 94.8 103.3 107.4 113.7 117.2 124.8 129.1 127.2 122.7 118 117.4 116.9 118.4 124.1 128.3 128.9 124.1 117.9 112.3 108.6 103.4 109.4 114.7 118 120.4 123.2 125.5 123.4 120.4 105.7 116.4 122.6 128.5 135.7 140.3 143.8 147.2 147.2 142.8 136.3
