Game/Highland_Data/StreamingAssets/GeoData/Data/sd/SD57.asc
ncols 200
nrows 200
xllcorner 350000
yllcorner 470000
cellsize 50
[rows 76 to 113 of 200, columns 85 to 169 of 200]
86.9 91.7 96.6 100.7 105.3 109.8 113.7 117.4 119.7 122.5 127.1 131.6 136.6 141.7 145.5 148.2 150.8 156.5 157 155.3 156.9 159.8 160.6 159.9 158.5 153.4 144.5 139.4 136.5 135.6 135.6 142.4 147.2 147.7 140.8 142.9 135.8 134 136.7 137.8 136.9 137 137.8 134.2 123 116 104.9 118.2 119.9 117.1 109.8 108.3 114.1 119.6 126.2 132.4 138.3 142.5 142.1 141.3 143.6 147 152 156.4 160 160.5 159.9 158.7 159.4 160.8 162.2 164.6 165.8 165 164.2 162.8 160.6 157.5 155.4 154.5 151.2 148.2 148.6 145.4 140.6
87.1 93 98.8 103.1 107 110.6 114.5 117.4 119.1 121.7 125.8 130.1 133.5 137.8 141.3 145.2 152.2 152.1 151.7 153.8 157.4 157.8 155 155.2 153 147.9 140.2 137.7 133.8 135.1 140.2 147.1 150.9 144.5 142.7 139.5 131.6 130.4 131.8 132 130.9 130.6 131.1 128.4 118.2 106.4 106.5 114.3 113.8 107.1 111.4 113 118.8 126.1 132 138.4 143.8 144.7 140.6 143.5 146.1 147.9 151.6 155.2 159.1 161.4 163.7 165.3 166.5 167.9 167.8 168 170.7 170.9 168.9 167.2 165.4 161.9 158.2 155 150.2 145.4 143.2 139.8 135.8
86.9 93.3 99.5 103.8 107.7 111.4 114.2 116.7 118.8 122.2 125.8 129.5 131.6 135.3 140.7 147.2 147.9 148.9 154.5 153.7 154.9 151.6 151.1 153.2 151.6 143.8 137.8 133.3 134.3 139.2 145.2 152.1 149.2 144.1 142.4 136.1 128.5 128.6 130.9 123.8 124.3 124.7 124.7 124.1 113.8 100.6 105.4 101 103.4 106.1 112 117.4 124.9 131.6 137 143.2 144.4 141.6 140.6 143.5 146 147.9 150.9 154 157.8 160.5 161.9 163.4 165.5 167.5 168.5 168 169.4 170.4 170 171.1 170.9 168.2 163.7 157.3 149.4 143.3 138.6 133.9 130
87.1 93.8 99.2 104.8 108.7 111.7 114.2 116.6 119.5 123.2 127 130.6 133.1 138.8 143 143.5 142.7 149.6 150 150.5 150.7 153.9 157.7 155.6 147.2 138.3 134.8 134.1 135.6 142.7 147.8 149.7 147.7 144.2 138.4 130 127.7 129.3 126.5 118.5 118 119.4 121.5 119.6 109.4 100.7 99.2 109.9 115 116.8 119.6 125.7 131.8 137.2 141.7 143.1 140.3 138.9 139.9 142.3 145.1 148 150.4 153.4 157.2 160 161.6 162.9 165.2 167.3 167.5 165.9 165.4 166.4 166.4 167.9 170.2 169 164.8 157.5 148.6 140.8 134 127.8 123.1
90.3 94.2 99.4 105.2 109.8 112.3 114.6 117 119.9 124.7 129.7 133.5 136.4 137.5 138.4 138.7 144.5 145.4 146 147.3 151.6 161 161.6 152.3 143 136.5 134.6 132.6 138.9 144.2 146.6 148.2 145.5 139.6 133.8 127.5 128.2 133.1 118.7 112.6 113.4 116.4 116.6 110.1 97.5 96.6 106.2 114.7 114.9 118.2 123.7 129.3 133.5 137.8 141 138.6 136.3 137.5 138.8 142.6 146.6 149.4 151.6 154.9 158.8 161.2 163.1 165 167.4 169.9 170.9 169.4 166.9 165.9 163.3 163 164.2 164.5 163.4 154.5 144.5 136.4 128.8 121.4 115.6
91.4 95.8 99.6 104.6 109.2 112.8 115.6 118.3 120.6 123.5 127.3 130.7 132.1 131.9 132.2 137.2 141.3 141.7 141.1 142 153.3 163.7 158 149 140.6 135.3 132.1 133.9 138.3 141.8 144.3 144.8 140.4 135.6 129.7 126.6 130 118.2 111 106.4 110.2 110 103.5 97.2 94.6 105.6 111.6 112.3 115.3 118.1 123.2 128.5 132.9 137 137.4 134.5 136 139.9 147.4 151.7 154.5 156.4 158.1 160.1 163 165.6 167.7 168.6 170.6 173.1 173.4 172.5 170.2 166.1 161.5 158.3 159 160.1 157 147.9 140.2 132 122.3 113.2 104.4
91.1 98.4 99.2 103.6 108.3 112.9 116 118.8 120.9 123.4 124.9 125.7 125.4 125.6 126.7 132.9 135.9 135.1 134.2 141.7 153.4 162.4 154.6 146.3 139.5 133.9 131.4 133.4 136.4 140 142.4 141.1 137.1 132.7 128.4 128.9 129.3 120.5 114.2 106.5 106.5 93 93.7 101.7 107.5 103 107.4 109 112.2 116 121 126.3 131.7 134.7 132.6 135.8 139.8 144.9 148.8 153.1 155.7 157.9 160.7 163.4 165.6 167.7 169.7 171.5 173.4 174.1 174.3 174.2 172.8 164.9 157.2 152.6 154.5 154.6 148.2 142.3 135.3 126.6 115 100.5 93.7
89.6 94.3 98.2 102.2 107.2 112.6 116.3 118 120 122.1 123.7 124.8 124.6 121.5 122.2 126.1 128.9 127.5 132 143.3 154.6 159.3 153.1 146.9 137.7 134.7 132.3 130.9 136.4 141 142.8 143.2 140.3 134.9 128.8 132.7 126.3 118.4 111.3 99.8 100.1 94.2 108.7 114.3 112.3 107.4 103 106.4 109.7 112.7 117.9 122.8 126.7 132 135.3 137.7 141 145.6 151.4 155 157.4 160.5 162.8 165 167 168.7 170.2 171.4 173.8 174.5 174.6 172.9 170.1 164.4 154.2 148.1 150 148.8 142.5 136.1 129.9 121.5 107 90.5 86.1
85.8 92.9 101 101.8 106.1 111.2 114.9 116.9 118.5 120.5 122.1 122.5 121.6 117.4 117.7 121.5 121.8 125 133.8 144.2 156.5 159 156.5 149.5 141 135.5 132.1 129.2 135.4 142.3 146.7 148.6 142.7 135.7 131.3 129.2 122.7 115.1 106.8 96.4 91.6 102.6 111.9 115.7 115 115.9 111.1 107 109.1 111.9 117.1 124.9 130.7 131.2 132.9 136 140.5 145.9 149.4 152.1 154.2 157.7 161.2 164.2 166.2 168.2 170 171 173.4 172.9 171.9 168.3 165.9 162.3 152.5 143.8 144.3 141.2 135.2 129.2 123.8 114.4 97.7 84.2 80.4
89.4 97.6 102.6 102.4 105.5 109.8 113.4 116.1 117.4 118.4 119.8 119.8 117.4 115 115.8 117.8 120.1 125.1 135.2 148.6 157.5 159.5 156.7 150.8 142.2 135.7 132.6 129.2 136.9 145 151 147.4 141.2 134.8 130.7 126.6 119 110.8 102.3 91.4 89.2 106.3 114.1 118 122.6 121.5 113.3 108.5 109.3 111.2 116.9 123.4 123.7 129.8 134.1 137.5 140.9 145.4 153.3 157.4 157.6 158.2 161.3 163.3 165.7 167.5 166.7 169.5 171.6 170.6 168.9 165.2 160.5 157 147.7 139 139 135.7 129.2 122.4 114.9 105 89.8 80.1 76.6
93.6 99.4 100.5 101.1 105.3 108.9 111.5 113.5 114.7 115.5 116.4 116.9 116 113.9 114.7 117.2 120.4 127.8 139.1 149.4 155.8 155.9 154.8 148.9 140.8 137.7 134.2 129.5 139.3 145.8 145 141.9 137.4 132.9 130.7 124.8 117.2 105.4 96 86.9 101.1 108.9 115.7 121.9 126.8 120.8 112.9 107.5 109.2 111.7 115.4 116.7 123.6 131.2 137.2 140.2 142.5 147.4 152 155.2 158.7 160.2 164.4 166.4 168.9 168.5 164.7 167.3 166.3 165.4 165.4 162.1 157.6 152.3 139.5 134 134.2 130.8 122.4 111.4 101.4 93.4 82.6 76.2 74
92.7 99.6 98.9 100.5 105.1 108.5 110.6 110.2 111.4 111.8 114.7 117.7 117.4 112.8 115.2 118.7 121.8 129.7 139.4 146.6 148.3 151.7 150.5 145.6 140.9 136.6 128.8 132.7 138.1 138.5 137.1 135.6 134 135.2 129.7 122.6 114.8 104 91.4 92.6 104.4 110.8 116.8 123.4 124.7 117.5 110.4 108.2 109.6 111.5 113.6 118.8 127.7 133.8 138.3 142.5 145.5 149.7 153.2 157.6 159.7 161.2 165.1 166.1 165.7 167.5 165.8 161.1 161 160.8 160.1 157.8 153.1 145.7 133.5 129.1 129.3 125.7 114.6 100.5 89.5 81.2 74.7 73.2 71.8
95.2 97.7 97.9 99.3 103.8 106.9 107.9 109.1 109.9 109.3 113.9 117.4 114.2 113 116.7 119.4 122.2 128.9 136.6 139 143.7 146.5 147.2 145 141.2 134.7 118.1 131 133.4 131.9 131 130.5 136.3 133.9 126.6 119.4 112.1 103.7 88.3 93.2 102 109.7 118.3 122.3 117.2 111 109 111.1 111.6 114.9 119.7 125.6 133 136.3 140.6 144.8 149.3 152.7 156.3 158.6 160.2 162.5 164.6 165.6 162.6 165.5 162.2 156.6 155.6 154.6 153.8 150.3 145.9 138.4 127.5 125 124.2 120 104.8 91.3 81.4 75.4 72.7 71.2 68.9
94.1 95 95.9 97.9 101.2 103.3 106 110.8 109 106.6 110 111 109.3 112.6 117 116.2 119.8 125.4 130.7 134.8 139.6 144.9 148.6 147.5 139.6 131.6 115.9 128.4 127.2 125.5 125.8 132.3 137.5 130.7 123.2 116.2 109.5 102.9 88.5 91.4 101.5 111.4 118.1 114.7 109.6 107.5 115.3 117.9 119.6 123.3 126.5 130.5 133.8 136.9 140.2 143.7 147.1 150.2 153.4 156.6 159.8 162.1 164.2 165.3 165.1 161.4 155.4 151.6 149.3 148.5 147.3 143.3 137.1 130.3 121.4 120.4 119.1 110.8 94.8 82.8 74.8 72 71 68.9 67.2
89.3 90.6 94 96.6 99.5 101.7 106.5 110.2 105.6 104.7 105.9 109 113.2 111.7 113.5 113.6 117.8 122.1 127.8 133.5 140.3 148.7 150.7 144.3 136.4 127.5 114.5 121.4 121.5 119.7 123.6 134.9 135.6 128.4 120.4 112.8 107.1 100.5 86.1 91.6 101.8 107.1 106.1 104.5 104.4 113.1 120.7 124.1 124.7 126.9 130.1 132.9 135.5 137.8 139.6 141.6 144 146.5 148.8 152 155.9 158.7 158.6 157.4 157.1 153.8 149.7 146.4 145.2 143.2 140.5 135.6 129.3 122.1 115 115.3 112.9 98.6 84.4 74.9 71.2 70.4 70.1 70.3 71
85.3 86.6 89.3 94.3 97.4 99.9 102.9 103.1 107.1 108.8 109.9 115.9 114.6 111.6 111.2 112.6 115 120.9 127.6 134 143 151.1 147.2 140.3 133.5 125.2 121.8 109.8 113.2 110.7 129.4 134.7 133.3 124.9 117.6 110.4 104.7 98.3 79.9 88.4 94.4 97.1 96.5 100.3 108.8 117.3 124.4 128.4 127.6 129.5 132.8 136 138.2 138.8 140.2 140.8 142 143.1 145.1 147.2 149.2 148.6 148.1 148.7 148.3 145.1 143.5 141.7 140.9 137.5 133 128.4 121.6 111.5 110.3 110.8 104 88.3 75.8 70.3 69.4 69.1 71.3 73.7 73.8
84.8 87.3 91.2 94.4 96.4 97.8 103 111.4 114.8 115.2 115 118.6 114.4 111.3 110.3 111.3 113.5 120.3 128 135.7 144.8 147.9 142.9 136.2 130.9 124.2 134.4 117.8 101.9 118.7 128.5 133.4 127.3 120.3 114.3 107.8 101.8 95.5 82.6 78.6 88.3 89.1 94.3 104.3 112.4 119.4 126.5 128.7 129.4 131.3 134.2 136.9 138.7 138.1 138 138.3 137 138.4 139.8 140.9 140.2 141.4 141.9 143.7 142.3 139.3 139.1 137.5 135.4 131 126.1 121 111 105.3 105.8 104.5 94.7 79.7 71.1 68.6 68.2 71 75.7 75.8 72.8
83.2 90.2 92.2 95 100.2 104.5 110.2 117.6 120.2 117.9 118.1 117.8 113.6 110.8 110 110.2 112.8 120.3 128.3 137.5 144.5 141.9 137.2 133 127.9 131.2 127 105.5 106.3 121 129 129.9 121.3 114.3 109 103.6 97.3 91.9 83.2 78 83.9 91.5 98.3 106.7 113.4 119.6 126.1 127.6 129.4 131.3 133.8 135.7 134.8 133.6 132.2 131.8 132.5 133.5 132.8 132.3 134.8 137.5 139.1 137.5 134.5 134.2 134.8 131.8 129 123.3 118.7 109.2 101.8 100.3 101.1 97.5 86.3 74.9 68.2 67.1 68.5 73.2 78.1 75.7 70.7
85.2 89.1 92.4 97.7 103.4 111.8 117.8 122.3 123.5 121.3 120.4 118.6 113.6 110.8 110.2 110.6 113.7 121.2 129.6 138.7 138.5 135.4 131.8 129.1 128.3 134.8 119.4 99.7 110.2 121.4 127.7 121.9 114.4 109.1 103.3 97.8 91.8 85.4 75.7 78.7 91.1 97 99.5 106.6 112.3 118.3 123.1 125.9 127.7 129.4 129.8 128.9 127.4 125 125.3 125.2 127.5 127.2 125.6 128.1 131.4 134.3 132.3 129.9 129.3 129.9 128.3 124.6 120.6 115.6 108.2 99.1 95.6 95.5 95.4 89.6 78.9 69.7 66.6 65.7 69.3 75.7 78 73.9 68.2
88.4 91.2 96.7 104 110 116 121.7 125.8 127 126.1 124.1 119.4 113.6 110.8 110.7 111.7 116.3 123.1 132.3 134.5 131.5 128.7 126.6 125.2 130.3 128.6 110.7 98.7 112.8 120.5 123.1 113.4 107.3 102 97.5 92.6 85.6 75.6 77.5 88.8 98.5 99.4 99.6 104.5 110 114.6 119 122.7 123.8 124.7 122.8 120.9 118.9 117.2 117.7 119.4 120.3 120.6 122.3 126.1 127.2 125 123.6 124.1 124.7 124.8 121.1 117 113.1 107.5 96.8 90.7 90.2 90.3 89.2 81.1 71.8 66 64.6 65.6 72.2 78.5 76.8 70.5 65.7
94.9 101 108.3 115 119.3 123.5 125 128.7 131.9 132.1 127.3 119.7 113.8 111.3 111.4 114.5 120.6 127.1 131.8 128.5 125.9 124.7 122.7 124.3 125.2 116 102 102.5 112.7 116.6 115.4 107.1 99 94.2 89.7 84.1 73.6 82.3 91.2 99.9 100 97.5 97.6 101.3 104.2 109 114.8 117 116.4 116.4 115 113.2 111.1 110.9 113 112.4 115.1 117.3 119.5 119.7 117.2 116.2 119 120.3 119.7 116.5 113.3 109.2 104.5 94.8 85.7 84 85.5 85.7 83.6 73.9 66.9 63.8 63.6 66.6 75.1 77.7 72.5 67.2 64.6
99.9 108.5 117.7 126.3 129.1 128.7 127.7 132.4 136.1 134.7 126.8 118.8 114.1 112 114.3 119.8 124.5 128.1 126 123.5 120.6 122.9 126.2 126 116.8 105.7 93.6 105.9 109.9 107.8 105.1 98 92.6 86.9 76 69.9 81.9 91.1 99.9 99.7 96.8 94 95 95.9 97.7 103.1 107.6 108.9 108.3 108.3 106 105.2 104.2 105.2 106 107.3 111.7 114.5 112.1 110.7 109.6 114.1 115.4 114.4 110.9 107.1 104.1 100.1 92.8 84.9 79.6 79.5 80.5 80.6 76.2 67.9 64 62.8 63.6 67.3 74.9 72.3 67.4 65.1 65
104.4 114.5 124.3 133.1 134.2 127.5 128.5 134.8 137.5 133.4 125.6 119 115.6 114.4 119.3 125.6 127.3 124.2 121.6 119.3 121.6 127.1 129.4 122.2 109.7 98.5 96.4 104 103.4 101.1 98 90.3 84.2 72.6 65.8 78.7 89.6 97.4 97.4 94.9 92.8 90.6 90.9 90.7 91.6 95.2 98 99.3 100.3 99.9 93.7 97.3 98.5 98.8 98.6 101.9 104.8 106 104 102.8 105.6 108.1 109 105.5 102.2 98.3 95.2 88.4 83 76.6 74.8 75.2 75.7 73.6 69.1 64.3 62.4 62.6 63.1 67.9 70.1 66.8 65.6 65.3 65.4
107.6 120.5 131.2 136 129.5 125.6 128.9 133.9 133.1 129.1 125.8 123.7 120.5 119.9 125.5 128.5 123.4 120 117.4 118.4 124.2 132 127.2 115.8 103.4 92.5 92.2 97.2 96.9 96 92 85 77 62.7 74.6 87.3 92.1 94 92.1 90.7 89.6 88.4 87 86.8 86.6 88.1 90.2 92.7 94.1 88.9 92.4 93.4 92.6 93.3 94.5 97.4 98 96.3 95 95.4 98.7 100.3 99 96.6 93.9 90.1 85.5 79.8 77.6 72 71.2 72.4 70.8 66.8 64.3 62.4 62.1 63.1 63.7 66.4 66.5 66.7 65.9 65.7 66.3
110 121 131 130.8 125.5 123.2 126.1 129.2 128.3 128.3 129.1 126.6 121.3 121.1 124.6 121.3 117.7 115.9 118.8 122.3 131.6 131.9 123.8 110.2 98.8 90.1 88.6 91.2 92.3 92.3 87.9 80.3 72.2 60.4 76.8 86.8 90.1 92.8 92.3 89.1 87.4 86.4 84.9 83.6 82.5 84.4 88.9 87.8 85.4 87.9 90.5 90 88.4 89.6 93.2 93.9 90 87.4 88.5 90.9 93 93.2 91.7 88.3 86.5 82.9 77.1 73.5 73.4 68.2 68.2 67.1 65.6 64.4 62.6 61.8 61.8 63.7 64.8 67.6 71.5 68.9 68 70 70.3
109.7 120.7 125.4 125.3 122.2 120.4 122.4 124.7 126.4 128.4 126.3 122.1 119.5 119.8 118.6 115.7 115.6 119.8 125.6 132 135 129.2 120 110 97.9 90.1 86.1 87.3 88.4 88.6 83.8 77.3 68.5 58.6 76.9 85.2 90.8 94 92.9 89.7 86.7 84.4 83.1 80.7 79.9 82.9 83.6 82.2 84.1 86 87.3 87 85.3 87.4 88.5 83.2 80.2 79.8 84.1 88.2 89.1 86.9 85.1 82.5 80.5 77.5 72.5 69.8 69.4 64.5 63.8 63 63.3 62.5 61.6 61.6 62.3 64.6 66.4 72.1 73 72 74.8 75.1 74.7
107.6 118.2 121 120.6 117.8 116.1 117.8 119.3 120.3 120.5 118.6 116.9 116 114.8 112.5 112.5 117.8 127.9 134.6 139.4 135.2 126.3 118.4 110.4 101.3 92.5 85.9 83.8 85.9 86.8 82.7 75.5 60.7 56.8 74.8 86.6 91.1 93.6 92.9 89.6 86.7 84.3 82.8 79.3 79.5 80 79.7 81.9 82 85 83.2 83.6 84.3 84.6 80.9 73 69.9 73.9 78.8 82.2 82.3 79.9 76.8 77.7 75.3 73.3 69.2 64.7 62.4 61.8 61.7 61 61.6 61.5 63 63.3 64.2 66.1 71.1 75.3 75.3 77.3 78.9 77.9 77.8
99.7 111.5 113.5 112.9 111.4 110.3 111.2 111.7 112.1 112.5 111.7 110.8 110 108.3 109.6 116.9 127.2 136.5 143 140.6 132.1 123.6 117.3 109.8 102.4 94.6 87 82.7 82.7 84.5 80.1 72.7 56.6 59.7 79.6 86.9 89.9 91 89.9 87.5 85.6 83.1 79 75.7 75.7 74.2 80.3 79.8 80.5 78.9 80.7 83.1 85.4 82.3 75.4 66.7 64.8 68.5 72.1 75.1 73.9 72.7 75.1 74.5 71.3 69.2 66.8 61.7 60.5 59.5 59.5 60 60.5 60.9 62.2 63.7 65.5 68.8 76.3 78.7 79.7 81.6 81.5 80 80.6
95.7 103.8 103.7 103.1 103.1 103.7 104.3 103.8 105 106.2 106.1 105.2 105.8 108.3 115.3 123.9 134.8 145 143.6 135.4 127.7 120.3 112.6 105.7 100.5 95.5 89.4 89.9 83.8 77.8 75 68.5 55.5 61.3 79.7 84.8 86.8 86.3 85 84.3 82.7 79 73.5 69.7 68.9 75.4 76.7 76.2 75.8 78.3 82 83 82.6 77.4 70.2 61.5 60.4 64.2 67.2 67.1 67.8 69.6 70.9 71.7 69.1 66.7 65.4 60.9 59.7 58.6 59.1 59.7 59.8 60.4 62.1 65 70.8 80 84.5 83.9 84.5 83.8 83 81.7 82
94.9 94.9 94.5 94.8 95.8 97.2 99.3 101.1 103.1 104.2 102.9 103.7 107 112.7 121.7 131.6 142 146.9 139.6 131.5 122.9 115.8 109.2 103.4 99 94.8 92.2 91.8 88.3 82.8 75.9 68.9 57 59.5 74.5 81.7 82.1 80.3 79.7 79.1 77.4 73.2 67.6 63.5 68 70.9 71 72.6 73.3 80.1 81.3 78.7 76.3 71.4 64.9 58.8 57 59 60.6 62.3 63.9 67 70.1 70.9 69 64.2 61.6 59.3 58.5 58.4 58.6 59.4 60.8 61.8 66.8 74.3 82.1 85.5 86.5 86.5 86 85.1 84.3 83.6 81.8
86.6 85.8 87 89.5 92.1 98.1 105.4 107.7 109.6 108.2 104.2 105.9 109.8 117 127.4 138.5 146.9 145.7 136.8 128.3 119.9 113.4 106.9 101.3 98 94.9 93.1 90.8 86.9 83.7 81.7 79.3 63.8 53.9 64.9 76.2 76.1 74.6 74 73.1 71.2 66.9 61.6 59.5 62.9 64 65.1 68.1 76.1 82.4 79.7 75.4 71.1 66.7 60.4 55.8 54.4 54.7 56.9 59.1 64.8 70.7 72.5 71.4 66.9 60.7 58.5 60.5 60.4 60.4 61 62.2 62 67.2 75.7 81 84.2 86.3 86.7 86.9 86.3 86.1 86.3 84.4 82
77.3 79.2 82.6 87.4 93.6 102.8 111.2 114 114 110.6 106.4 108.4 112.2 121.8 132.2 143 150 143 133.7 126.6 119.3 112.7 105.7 99.5 96.3 93.9 92.7 92.2 90 85.6 83.2 82.9 71.6 56.3 57 69.5 70.3 69.2 68.3 66.5 62.9 59.1 57.3 56.6 57.3 59.3 63 72.1 78.4 78.9 75.6 71.3 65.1 62.4 57.2 54.2 52.7 52.3 53 57.8 66.2 70.9 69.4 66.3 61.7 58.5 58.3 60.1 60.7 61.7 62.4 63.9 68.8 74.6 79.8 81.7 84.2 85.8 87 87.5 87.5 88.8 88.3 85.3 83.1
74.8 77.3 82.6 88.6 96.9 104.2 113.9 116.9 113.3 108.4 108.2 109.8 116.3 126.3 136.5 145 144.4 138.5 129.7 123 121 114.5 108.1 101 95.4 93.8 95.8 96 92 86.2 82.5 82.9 71.4 56.8 54.7 62.9 63.5 62.7 61.9 60 56.9 55.5 54.2 53.5 54.4 58.2 65.3 71.6 75.3 74.9 70 65 60.3 57.1 54.8 52.4 51.8 51.5 51.7 57.7 64.3 66.3 62.7 59.3 58.3 58.1 60.5 63 65.1 66.1 66.8 70 73.3 76.2 79.1 82.6 85.8 87.4 88 87.4 88 88.9 88.6 86.9 85.2
73.3 77.2 83 89.7 98 106 116.7 113.3 108.9 106.9 108.4 112.9 121.5 130.7 137.9 139.1 136.3 131.2 125 124.2 123.5 119.5 113.1 105.5 97 97.6 100.4 95.4 89.6 84.3 81 80.5 72.7 58.2 50.1 56.6 56.2 56.1 56 54.3 53.3 51.9 51 51.2 53 56.9 63.3 67.9 69.5 68.2 64.4 59.3 56.5 53.9 53.3 52 51.3 51.4 53.1 57.3 58.5 58.5 56.4 59.1 64.2 66 67 68.2 69.5 70 70.9 72 73.7 76.6 83.1 87.4 88.6 87.6 86.4 85.8 87.1 87.6 87.8 87.3 86.9
71.8 76.9 82.6 89.3 97.9 105 107.6 106.3 104.7 104.7 110 118.1 126.6 132.4 136.2 131.7 128.7 124.2 121.2 121.2 121.6 121.4 113.7 107.8 102.1 102.8 97.2 90.6 85.7 81.4 78.8 79.2 74.7 59.2 46.3 49.7 50.6 52.1 52.5 52.9 55.3 50.3 49.2 49.8 51.5 55.1 59.7 64.2 66.8 64.3 60 54.4 53.1 51.8 52 52.4 52.3 51.3 51.7 55.6 55.5 54.8 60.1 66 66.9 68.6 68.9 68.5 69.4 70.4 70.3 72.1 74.7 80.4 86.6 88.3 87 84.9 83.7 84.2 85.6 85.4 85.5 85.8 86.8
70.7 76.6 82.1 87.8 93 96.6 98.4 100.3 103 107.9 114.9 122.1 127.8 130.6 130 123.7 120.2 118.2 116.6 117 119.1 117.3 112.2 107.7 102.6 94.5 89.9 86.1 81.1 78.3 76.6 77.4 68.3 54.7 45.5 45.3 47 49.4 50.7 53.3 55.8 51.3 48.3 49 51.5 56.5 58.5 59.6 62.2 63.8 56.6 51.8 50.9 50.6 50.3 50.6 50.6 52.1 53.8 54.9 54 56.1 61.7 64.3 66 67 67.1 67.3 68.2 68.3 68.3 70.9 76.1 83.9 87.4 87.3 85.1 82.5 81.3 82.7 83.8 83.6 84 84.4 83.8
69.8 75.7 80 82.8 86.1 89 91.9 97.5 105.8 113.7 119 123.1 125.5 124.8 118.8 114.7 113.5 112.6 111.9 112.6 112.8 110.1 107.1 104.4 94.2 88.6 84.3 80.8 77.1 75.8 75.8 69.4 59.5 48.1 43.9 43.5 45.5 45.4 46.1 48.8 48.6 46.9 46.6 47.1 49.1 50.8 51.1 51.5 53 54.8 50.9 50.1 49.7 49.7 49.7 50.1 50.5 52 53.5 53.3 54.7 56 57.9 60.7 63.5 65.1 65.7 66.6 66.1 64.7 66.2 71.1 78.1 82.8 84.2 83.5 81.4 79.5 79.4 81.3 82.7 83.3 82.4 81.8 78.7
68.3 72.6 75.3 76.8 79.9 84.6 91.3 100.7 110.6 117 120.1 121.6 120.7 116.1 108.4 107.2 108.1 107.4 107.3 107.2 105.1 102.5 99.7 95.9 90.5 83.8 78.8 75.2 72.8 72 70.2 61.3 52.4 42.8 42.3 42.5 43.6 43.5 43.8 44.4 45 45.6 46.1 47.3 48.4 48.9 48.1 48.4 48.8 49.1 49.5 49.6 49.7 49.7 49.8 50.2 51.3 51.3 52 53.4 52.8 53.6 54.9 56.4 58.7 61.3 63 64 62.4 59.4 65.1 70.7 76 77.9 78.2 77.4 76.6 76.1 77.1 79.3 80.8 80.1 78.8 76.5 71.8
