Game/Highland_Data/StreamingAssets/GeoData/Data/sd/SD59.asc
ncols 200
nrows 200
xllcorner 350000
yllcorner 490000
cellsize 50
[rows 0 to 35 of 200, columns 0 to 80 of 200]
336.2 341.3 348.1 351.7 355.7 355.2 352.9 348.3 340.4 330 321.2 307.8 296.2 286.6 278 270.2 265.5 258.8 255.6 249 241.9 233.8 226.3 216.6 209.2 198 187.7 179.9 170.6 162.1 153.2 147.3 145.7 145.9 143.4 137 145.4 153 162.8 175.3 187.2 195.6 200.6 203.4 207.2 207.5 208.8 210.3 208.6 211.1 210.5 210.8 206.8 209.6 210.8 207.3 206.4 201.5 191.3 191.4 193.3 196.6 199.4 199.7 203.8 205.3 213.9 210.7 205.8 209.9 212.2 209.6 207.7 209.5 208.9 203.2 201.4 200.4 199.4 200.8 203.1
335.7 337.2 342.5 347 349.3 348.9 349.6 345.8 342.6 333.8 323.1 307.7 294.3 287.5 280.9 275.5 269.2 267.6 263.4 258.4 253.6 246.1 238.7 231.5 220.6 210.1 199 188.2 178.6 167.4 156.7 149.4 146.5 148.2 146.1 141.5 138.5 143.5 149.5 157.3 165.2 176.2 183.7 190.9 195.5 198.1 197.1 201.2 201.9 201.9 204.2 205.4 203.5 204.7 206.4 201.9 202 200.9 195.6 191.8 191.6 193.8 193.4 197.1 202.2 208.1 209.2 204.6 208.9 210.1 211.5 210.5 205.9 208.2 202.4 201.1 202.4 197.2 194.4 196.7 202.5
336.7 332.5 338.8 340.8 342.9 344.9 352.9 351.4 348.6 337.5 324.2 309.3 296.6 291.6 288.1 283.5 278.6 275.2 272.6 268 264.8 258 251.1 243.1 232.3 220.9 211 202.3 190.1 178.9 165.8 155.2 148.7 147.3 147.2 144 135.3 138.3 138.1 141.3 148 160.5 169.1 173.9 177.4 183.8 188.9 191.7 194.3 196.3 200.1 203.9 200 201.5 203.4 201.8 201.9 201.1 194.6 191.2 188.9 190.6 192.2 200.2 204.4 205.5 205.6 205.5 207.1 206.1 207.4 210.6 206.8 204.2 202.8 201.6 196.6 192.6 192.1 194.2 198.1
334.5 328.8 333.1 337.4 338.1 341.8 350.4 349.3 345.1 335.8 323.6 309.6 301.4 294.6 289.9 286.8 284.7 281 281 279.4 275.9 272 265.4 254.8 243.5 231.2 221.5 213.9 205.8 195.9 184.3 170.7 161.7 146.3 145.3 144.1 141 135.1 136.2 136 135.7 147.1 157.9 159 162.7 170.2 176 181.2 189.6 190.2 195.5 199.3 197.3 199.6 200.5 199.5 198.6 197.3 192.2 190.1 188.2 188.6 197.4 200.4 210.1 206.7 205 204.8 207.4 212.2 212.6 209.6 207.6 203.5 201.5 199 195.9 193.4 191.1 190.7 194.1
331.6 326.9 328.1 331.6 334 335.8 342.3 342.2 340.2 334.5 324.6 316.2 306.8 298.6 294 292.9 291.4 287.1 289.3 290.3 289.4 285.9 275 269.4 261.5 246 237.2 226.6 219 209.9 198.7 187.4 174.6 159.6 152.4 145.9 146.6 152.7 141.2 132.7 134.1 134.2 139.8 145.1 151.2 152.2 159.9 170.6 177.9 183.9 191.6 195.3 196.7 198 196 192.7 194.5 191.7 189.9 188.7 187.9 192.8 192 204.1 210.2 206.1 206.4 210.7 213.8 212.2 209.8 210.4 209.5 206.6 204.9 201.9 202.4 194.6 190.9 190.7 192.3
338.4 330.4 327 333.5 336.7 334.4 337.7 339.8 339.6 336.1 329.2 319.3 310.8 306.3 305 302.2 295.5 292.3 297.2 304.4 306.5 304 297.7 283.1 278.2 265.1 251.2 239.4 232.4 222.9 211.3 203 187.6 173.6 161.2 149.5 147.1 151.3 154.6 141.6 132.3 132.7 132.4 134.8 139 142 148.6 162.7 172.7 183.5 192.7 192.2 189.9 191.7 188.6 188.6 190.9 189.4 192.5 190.6 189.8 186.7 191 202.4 209.8 210.7 213.1 213.5 214.5 212.2 211.8 213.3 212.3 210.9 206.3 201.9 199.1 194 192.8 194.7 189
339.7 332 323 332.2 336 331 337.4 338.8 342 339.5 330.6 322.1 319.3 315.2 311.4 307.8 299.9 299.2 303.8 310.9 314.2 318.5 316.8 292.8 288 279.9 266.5 251.4 241.9 234.7 221.1 212.1 202.6 185.6 172.2 161.6 152.8 146 144.5 148.4 143.8 139.5 136.6 126.2 135.3 138.4 152.2 163 171.2 180.9 189.3 185.8 182.7 185.3 186.6 189.5 191.7 192.2 194.1 190.5 189.4 186.5 191.6 200.2 207.9 210.6 213.4 212.1 214.5 214.6 213.6 216 213 210.3 204 199.8 197.1 194.8 194.6 194.2 187.2
339.3 332.3 318.5 324.1 330.3 326.8 333.3 342.8 343.8 340.1 331 323.1 320.2 318.9 314.5 310.3 305.3 303.6 308.2 316.6 325.8 329.7 329.3 302 295.1 288.4 277.5 263 253.1 244.5 231.3 223.3 211.6 198.5 186.3 174.6 163.2 151.8 141.4 137.7 137.4 139 136.6 127.3 129.9 135.7 145.6 155.8 165.9 175.1 183.6 179.5 183.7 188.4 188.7 191.6 194.6 193.3 190.5 189.7 190.3 185.4 191 197.4 204.4 209.6 213.2 211.2 214.1 214.7 212.8 214.7 208.4 204.8 204.2 200.5 200.1 195.8 193.1 191.5 185.8
338.3 330.9 316.2 321 325 322.4 331.2 342.6 337.4 331.6 324.2 324 323.7 324.7 323.2 316.2 312.7 305.2 308.6 322.1 329.2 330.6 327.2 306.2 296.5 293.3 286.5 273.6 263.2 254 241.7 232.1 221.8 208.7 201.2 192.2 178.5 165.7 153 141.8 133.3 133 134.2 127.6 125.6 130.3 139.3 147.7 155.3 168.6 177.8 181 187.4 190.3 190.4 191.1 192 191.2 189.6 191.9 187.9 182.7 187 194.5 200 205.5 207.3 208.7 211.6 213.4 211.9 214.9 212.9 205.9 206.7 200.5 196.5 190.9 190.3 187.1 185.7
331.7 325.9 317.5 315.6 317.5 320 324.5 330 331.2 323.3 325.6 334 330.7 324.9 327.2 318.9 308.3 304.2 303.6 313.1 322 320.6 312.3 298.4 293.4 291.7 286.5 280.8 268 262.4 250.3 242.3 231.6 219.7 215.8 206.6 192.6 179.6 166.4 156.7 148.8 136.4 130.8 127.1 123.4 126.3 133.9 141.9 150.1 162.7 170 177.8 185.1 189.1 190 189.1 189.2 188.3 188.5 190.7 188.6 184.4 182.2 189.9 192.7 198.7 200.1 205.3 211.1 214.5 209.3 211.2 208.4 203.6 201.5 196.4 192.2 191.3 187.3 185.3 186.4
327 321.9 316.3 309.5 313.2 315.8 316.9 325 324.3 318 317.4 323 325.2 320.7 320.9 319.3 312.4 308.1 299 300.4 305.8 300.6 297.3 295.4 292.2 288.5 286.5 282.4 272.1 266.9 255.7 252.9 246.7 232.5 227.4 217.8 207.4 194.2 180.1 168.5 158.7 149.4 141.9 135.8 125 122.6 132 142.7 149.2 159.4 164.6 172.9 180.4 185.7 188.8 187.2 186.1 186.1 188.7 193 192.5 185.4 176.4 182.4 185.4 192.3 198.1 203.3 206.1 212.4 209.9 208.7 207 200.7 198.4 194.5 193 197.8 191.5 185.9 187.8
323.9 320.6 313.5 303.5 308.2 310 311.3 313.3 315.3 314.7 311 311 315.1 315.2 313.7 313.1 315.4 310.5 294.2 286.2 290.5 291.7 290.8 292.1 289.7 284.7 283.7 278 274.2 272.5 268.8 259.6 252 242.5 240.7 228.8 219.7 209.8 194.9 179.6 167 156.3 148.7 139.8 128.3 120.4 128.4 135.7 144.1 153.5 161.2 170 176.5 181.5 184.2 184.9 185.8 188.1 191.4 195.5 192.6 184.5 177.8 177.9 180.7 186.8 190.9 197.8 199 207.3 209.6 208.3 205.3 199.7 197.1 193.1 198 197.4 191.3 185.2 189.6
321.9 316.6 309.7 298.2 300.9 301.4 301.8 303.3 307.2 309.2 306.4 306.8 308.7 309.5 308.5 310.4 312.1 302.6 289 278.5 281.2 283.7 283.9 281 282.4 284.5 282.9 276.1 270.6 272.4 271.5 261.3 253.9 248.8 248.1 238.6 232.6 221.9 206.2 189.7 176.3 163.5 152.3 141.5 130.7 119.5 123.8 130.3 137.1 145.6 157.4 167.3 176 179.6 181.4 181.8 187.4 190.1 193.4 193.9 191.7 187 177.5 174.8 177.1 181.8 187.3 192.3 195 199.2 203.3 202.6 200.7 200.9 195.7 192.1 196.2 192.9 189.2 182.8 187.4
319.6 311.7 303.5 290.2 288.9 289.7 290.5 294.5 303.2 306.4 307.1 303.9 305.1 301.4 304.8 308.9 311.4 303.2 286.2 275.5 271.6 271.9 270 272.3 275.5 274.6 275.2 272.4 268.6 266.3 264.5 258.8 256 251.5 251.7 250.9 243.5 230.7 215.2 196.4 182.6 170.2 159.2 147.4 138.6 126 116.4 125.7 132.6 142.1 153.1 163.1 171 176.6 179 182.8 187.7 189.5 193.4 192.5 189.6 181.9 174.6 173.9 174.7 177.4 182.1 185.2 188.5 192.8 196.3 197.3 194.6 189.6 187.8 187.4 190.7 188.7 186.2 182.1 184.2
319 310.6 302.2 292.5 285.5 286.5 288 292.2 296.1 302.9 302.9 301.2 298.9 297.6 303.9 310.6 312.9 305 290 276.5 266.2 265.7 260.4 259.3 264.1 268.2 271.9 268.7 264.6 260.9 260.7 256.6 252.3 248.9 250.6 251.8 250.9 240.9 222.9 207.9 191.9 177.6 166.1 151.8 139.2 129.7 119.9 120.6 129.2 137 147.2 157.5 167.8 173.4 177.1 182.2 185.2 186.4 192.5 193.9 191.2 183.8 175 174.6 172.4 173.5 177.4 180.6 189 190.4 192.4 189.9 189.3 186 185.6 182.4 184.2 184 179.9 185.4 187.4
317.3 311.8 303.4 291.9 282.9 282.6 282.6 290.2 294.1 291.7 296.2 295 298.2 300.6 302.5 304.3 304.1 299.3 288 280.7 271.7 265.3 259.2 261.3 258.7 256.2 255.8 257.8 256.3 256.7 258.9 255.4 249.8 246.1 247.2 250.9 254.7 244.5 229.8 216.8 198.6 183.3 169.7 157.1 147 134.8 125.4 117.3 123.6 132.7 142.1 153.3 162.4 167.1 175.2 179.3 179.1 182.1 190.5 189.9 188 181.7 173.8 174.1 172.6 173.7 177.3 181.6 188 187.3 189.4 188.1 184.9 182.4 180.4 175.4 175.7 177.9 185 189.4 190.3
314.7 309.3 300.2 289.8 282.6 282.6 282.6 282.6 287.6 291.1 285.1 292.6 300.4 306.4 308.4 313.2 312.2 304.4 289.8 283.9 279.1 275.3 270.4 269.2 262.8 254.4 249 246.1 246.9 249.3 252.8 252.9 245 247.4 249.2 252.6 253.3 244.1 234.6 215.5 200.6 185.2 173.6 165.9 153.7 137.4 128 119.4 117.1 128 136.5 146.1 157.2 165.8 172.7 176.9 178.3 180.4 186.9 186.7 182.7 175.4 173.9 179.1 175.6 171.3 177.2 180 184 184 183.7 183.5 181.2 178.9 175.7 174.2 174.4 176.5 186.9 187.4 188.9
305.4 300.2 288.3 282.6 282.6 282.6 282.6 282.6 282.6 282.6 289.1 298.8 304.2 307.8 309.9 309.4 308.4 301.7 290 285.6 284.8 282.9 279.7 276.7 271.1 260.8 250.7 246.1 246.1 249.2 250.7 248.4 244.5 250.6 249.5 250.7 252.6 243.8 230.8 214.6 200 186.5 179.3 163.6 148.7 138.4 129.4 119.7 112.3 124.4 136.6 147.4 153.6 159.5 168.2 172.9 176.7 180.3 185.4 186.1 184.9 175.8 182.4 184.3 177.2 170.7 175 176 177.1 181 180.3 179.9 180 178.3 176 175.3 174.6 176.3 182.9 182 185.9
298.6 293.3 285.8 279.4 282.1 285.8 284.2 282.6 282.6 287.5 295.6 300.4 306.1 310.2 308.8 306.9 302.1 295.9 288.7 285.4 284 280.6 279.5 275.8 270.2 259.3 258.6 254.1 250.8 246.1 247.8 249.3 243.5 247.8 247.2 244.2 241.9 235.1 222.9 211.7 197.4 186.6 177.8 164.5 148.7 137.6 129.5 117.4 110.7 124.1 134.9 144.4 152 158.6 166.7 171.6 174.7 181.6 185 186 183.8 183.1 192 189.2 180.5 170.4 170.8 171.7 173.5 176.1 178.4 178.8 179.7 180.9 176.4 175.8 174.4 169.8 174.4 176.9 181.3
295.7 286.1 278 277.3 285.1 290 285.1 287.1 287.2 288.6 294.2 298.7 300.9 302.4 301.2 301.5 299.2 291.7 284.3 281.7 281.1 282 279.2 277.4 272.2 267.4 264.9 259.3 257.8 250.1 247.3 246.5 242.7 239.8 234.8 230.7 231.3 233.3 225.1 210.4 193.6 182.6 174.3 162.5 148 137.2 128.7 117.1 113.1 125.2 133.9 143.1 151.3 162.7 168.8 171.1 175.7 182.8 184.7 185.3 182.6 188.9 194.5 190.4 178.1 169.7 168.8 169.1 170.2 172.6 174.6 175.4 177.1 175.9 175.3 174.8 175.2 171.9 165.6 169.2 175.3
287.6 281 275.7 278.4 285.3 290.8 286.8 288.9 288.3 292.3 298.7 300.2 303.8 306.2 305.3 299 293.5 288.8 283.5 281.3 281.7 282.3 282.7 280.3 279.5 276.5 268.6 265.3 262.7 257.3 248.7 246.1 243.9 239.8 231.9 226.9 225.1 224 217.3 203.8 192.9 180.7 171.1 159.5 145.5 134.6 127.7 116 112.1 125.5 141.2 153.1 162.2 171.7 172.6 171.2 180.2 184.7 185.1 184.7 183.4 187.6 191.4 188.2 180.9 170.1 168.5 169.1 169.8 171.6 171.9 174.5 175.7 174 170.6 169.9 168.5 166.5 163.8 164.4 167.9
274.8 275.3 274.9 279.8 286.2 289.9 287.7 288.4 289.2 289.8 293.5 292.3 295.4 296.1 293.6 291.1 290.6 289.2 284.1 280.1 281.4 285.9 288.7 291.2 289 283.2 277 273.5 266.2 257 248.7 241.8 242.3 238 232.2 224 218.5 215.7 211.1 204.9 192.8 179.2 167.9 153.3 142.5 135.2 126 113.3 111 126.7 143.5 153.9 165.5 173.5 181.4 185.6 187.1 188.3 188.7 182.3 177.6 182 184.4 184.6 183 177.7 168.5 168.5 170.6 170.7 169.4 170.7 171.2 168.2 166.1 166.5 165.6 163.8 162.3 162.2 161.9
271.4 274.4 274.9 278.1 286.6 290.2 290.6 291.1 292.9 291.4 289.5 289.6 290 295 295.6 293.9 290 286 280.4 279.5 283.7 287 292.2 292.5 290.7 287.4 279.4 277.2 267.3 259.5 248.3 241.6 239 235.5 228.5 221.3 214.7 211.4 207.1 199.2 187 175.3 163.1 151.6 141.8 136.3 124.7 111.4 110.5 130.4 144.8 156.5 169.1 177.3 184.6 192.5 193.6 195.5 195.1 186.1 173 173.2 176.2 180.1 183.4 181.7 170.7 168.5 167.9 168.3 167.5 167 165.9 166.9 166.1 170.9 167.6 163.9 161.8 160.7 160.4
262.6 266.3 273.3 281.6 288.7 291.4 295.1 296.5 296.6 294.6 291 289.9 288.9 288.6 291.8 289.7 286.2 281.8 280.9 279.3 284.9 286.2 288.9 289.5 291.4 287.6 279.4 273.9 268.2 258.3 249.9 242.1 238.3 230.8 223.8 217.6 208.9 207.2 204.1 192.9 180.3 168.7 159.5 152.4 143.1 134.2 123.9 109.5 117.9 130.9 145.5 161.2 175 184.2 191.7 194.5 196.2 199.7 194.3 187.7 170.4 168.1 169.8 174.8 182.3 186.5 173.1 173.3 176.2 169.4 166.5 165.8 165.2 166 165.5 168.3 167 165.1 161.7 159.5 159.8
274.7 277 280.3 281.4 289.2 289.9 296.7 295.3 296.5 295.8 291.5 291.2 294 291.1 286.9 287.1 281.8 278.1 278.6 276.8 282 283.1 282.4 284.7 284.3 284.2 280.5 275.3 270.5 254.6 251.8 243.5 238.8 233 228.2 220.2 208.2 200.1 196.7 184.6 175.3 167 158.4 147.3 137 129.6 119.1 106.8 119.9 133.7 147.9 164.4 179.2 185.8 188.1 189.4 193.2 197.8 193 183.7 169.8 168.1 168.1 168.1 178.6 185.4 177.2 185.5 187.8 175.8 166.9 165.2 165.7 165.2 163.2 165.8 162.7 159.3 156.9 156.8 156.6
282 280.3 283.7 286.7 288 290.1 296.4 294.3 295.7 293.6 290.4 288.3 286.2 285.1 282.5 278.9 274.4 273.2 271.7 271.2 276 277.5 277 279.3 283.6 284.6 280.8 271.2 261.2 249.5 247.4 238.3 238.4 235.7 226.7 215.3 203.4 196 192.5 182.7 173.6 164.2 153 144.5 135 126.8 118.2 108.9 120.5 135.9 147.7 163.2 171.2 174.2 177 184.1 189.3 193.5 192 184.1 168.1 168.1 168.1 168.1 174.6 182.1 182.6 189.7 185.4 177.9 170.1 163.7 161.9 159.1 158.5 157.2 156.8 156.7 155.6 155.2 155.1
281 279.8 280.8 282.9 286.4 285.4 290.5 292.9 293.9 293.1 289.7 285.2 281 280.4 276.3 271.6 267.9 265.8 266.3 267.7 271.4 272.8 272 272.8 275.6 273.8 266.5 256.5 249.9 244.7 238.8 235.4 237.5 231.8 224.5 218.7 205.8 194.9 192.3 181.3 169.6 158.8 147.9 140.4 133.7 125.3 115.9 107.2 121 137.7 148.6 160.8 168.6 176.8 185.1 189.3 188.6 190.1 188.1 185.5 173.1 168.1 168.1 168.1 170.6 176.7 183.9 189 183 175.2 169.6 163.7 160.2 158.1 158.2 157.9 157.8 157.5 156.9 156.2 154.5
277.5 276.1 277.2 279 282.6 281 286.7 289.1 291.9 290.5 287.2 282.9 275.7 272.2 269.9 264.3 260.5 260.7 261.7 262.5 265.2 263.3 263.8 262.3 263.1 262.1 254.5 246.1 240 237.6 237.2 234.4 230.5 228.7 226.4 220.7 203.6 192.1 185.9 172.2 165 156.6 143.7 135.8 130.8 121.5 108.3 111.3 130.3 144.2 157.8 167.3 177.3 186.9 196 198.2 191.8 188.8 187.9 186.1 180.4 175.4 171.4 169.8 169.5 169.8 179.7 185.6 179.3 171.9 166 161.5 161.1 160.5 160.1 159.9 160.9 159.2 160.6 160.3 155.3
272.2 269.4 272.3 274.5 277.3 275.5 281 284.2 286.4 285 280.4 276.6 274.2 268.8 263.9 259.4 256.3 252.9 252.4 258 259.4 255.3 253.9 251.5 253.6 253.8 245.9 236.6 234.2 236.2 235.5 234 232.4 231.7 223.8 215 201.1 188.6 178.1 173.6 168.1 160.2 145.4 130.3 126.9 120.4 103.9 119.1 137.2 152.9 162.1 175.8 185 195.7 202.2 199.1 192.3 189.8 189.7 189 181.6 177.1 171.7 169.4 166.7 166.7 172.3 177.9 174.5 167.3 161.4 161 161.9 161.3 162.8 163.2 163.8 164.8 161 157.2 153.4
265.3 264.5 267 269.1 270.4 269.2 274.3 277.3 278.9 279 275.2 273.3 268.7 264 258 254.8 252.3 250.9 247.1 251.2 250.2 246.6 243.2 242.5 244.5 244.5 237.2 230.3 232.4 233.4 233.8 231.4 229.9 227.4 220 211.1 198.7 189.5 180.4 169 164.1 146.8 130.8 123.2 120.5 107.7 106.3 130.2 148.4 161 168.2 179.8 191.8 199.6 200.9 199.3 198.3 195.6 195.9 191.4 183.6 179.3 175.2 172.4 169.9 166.9 169 172 169.7 163.7 161.8 161.2 164.4 166.1 166.4 164.1 162.7 161 157.2 154.7 152.5
258.4 258.4 259.4 261.9 263.7 261.7 267.3 270.8 271.8 270.9 268.3 266.1 264.3 259.2 254.5 250.3 247.3 243.5 237.9 241.5 238.5 233.1 230.7 232.4 231.6 232 228.2 225.9 227 224.3 224.6 225.9 226.9 226.3 219.8 210.5 195.7 184.7 174.5 163.5 148.8 135.7 120.1 109.4 103 111 125.1 141.1 158.7 171.1 177.7 185.9 195.2 201.3 202.5 202.9 203.5 201.9 200.8 196.9 188.8 183.1 180.1 175.5 169.7 167.1 166.8 167.1 165.6 163.5 162.6 164.5 164.5 163.1 163.1 161.4 158.2 155.3 153.9 153.5 152.3
249 249.7 250.5 251 253 253.3 259.2 263.3 264.4 264.3 263.8 259.5 256.4 255.4 250.1 246 238.8 235.4 231.4 232.5 230.4 225.5 216.7 216.6 218.7 222.3 217.4 214.4 214.7 215.6 216.7 217.6 222 224.9 216.6 204.1 184.9 174.3 162 149.7 136.3 123.3 110.4 101.5 108.6 118.4 133.6 148.8 164.2 178.4 181.1 188.2 195.7 202.7 205.7 207.8 208.3 206.9 201.6 198.3 192 184.6 179.6 177.1 172.5 171.4 168.7 166.4 166.9 166.4 164.8 163.8 163.5 162.3 160.9 158.6 154.8 155.8 156.4 153.9 152.5
236.7 238.2 237 239.8 244.1 246.2 251.2 253.4 256 258 257.3 254.9 252.7 249.8 244.5 240.2 237.3 233.2 226.3 224.9 223.4 218.5 216.2 206.2 207.6 206.3 206.1 205.4 205.3 207.5 207 207.7 215.1 214.6 207.1 198.4 181.7 168.3 157.8 144.8 130.2 117.6 101.3 103.7 114.6 124.6 140.7 156 169.4 180.9 182.4 192.7 198.6 204.1 209.9 211.2 209 204.7 196.7 198.6 198 189.3 185.9 182.4 179.5 176.5 172.3 172.4 168.5 166.9 166.1 165.1 161.8 160.7 158.7 158.4 160.9 159.5 157.6 153.4 149.2
223.2 227.3 225.6 229.4 233.6 238 241.7 244.6 249.7 250.8 250.3 249.6 249.4 246.4 242.4 239 235.5 233 224.1 223.7 224.2 219 209.4 199.3 196.8 193.7 194.7 195.2 196.6 197.3 197.4 197.2 205 203.8 199.4 190.7 176.2 165.7 153.3 131.5 121.1 108.7 99.3 109.1 121.7 131.5 147.3 162.1 173.8 182.2 184.1 195.2 200.7 207.4 213.5 211.6 208.5 205.8 198.9 200 201.6 195.1 189.5 186.8 183.5 181.8 177.9 177.7 171.1 167.5 165.1 164.2 162.8 163.4 163.1 162.7 161.9 159.4 158.7 157.5 152.5
214.3 217.1 215.8 221.2 224.9 230.1 232.1 235.8 240.9 242.9 244.1 242.2 242.1 241.9 239.7 236.8 234.5 227.4 217.8 215.7 217.5 212.7 204.6 200.7 196.9 193.3 186.9 184.3 185.8 186.6 187.5 187.2 197.2 194.1 183.9 174.2 163.5 150.5 138.4 124.6 114.3 102.7 99.6 113 124.7 135.8 151.5 165.7 176.6 184.7 184.1 198 201.6 205.7 209 209.2 203.8 202 200.6 201.2 204.4 197.4 194.9 191 187.1 182 180.7 181.2 175.5 169.8 166.2 166.2 165.6 166.1 165.1 163 160.5 157.7 155.2 154.5 149.7
203 204.3 207.5 213.2 218.2 221.6 221.6 228.6 232.6 236.3 236.3 236.7 237.2 234.3 232.2 228.7 223.6 219.2 214.5 204.8 209.5 205 198 197.9 194.8 189.1 180.3 177.9 177.1 179.3 180.6 177.2 183.7 180.8 165.7 158.4 150 135.6 129.7 121.5 111.5 98.6 102.1 116 129.2 141.9 155.1 165.9 177.5 178.1 184.7 190 193.7 199.3 200.2 199.8 199.1 200.6 201.9 204.1 204.3 204 198.1 191.3 190.1 186.8 184.6 184.3 174.7 170.9 168.1 167.2 165.8 166 164.5 160.1 155.8 155.3 154.2 153.9 147.9
