Game/Highland_Data/StreamingAssets/GeoData/Data/sd/SD62.asc
ncols 200
nrows 200
xllcorner 360000
yllcorner 420000
cellsize 50
[rows 0 to 34 of 200, columns 79 to 157 of 200]
132.4 132.5 132.6 132.5 133.4 134.5 136.9 139.1 142.4 143.5 143.2 142.5 141.3 138.5 134.6 124.2 115 115.8 123.9 130.4 132.7 135.8 137.5 136.6 131.3 136 135.7 135.9 135.1 134.6 135 136.2 137.2 138 138.6 140.3 141.7 142.8 143.9 145.5 145.6 145.5 143.5 142 145.8 149.1 152.9 155.9 157.7 160.4 163 164.5 168.7 173.3 178 180.5 182.2 183.6 182.9 182.6 182 181.1 180.9 180.6 180.1 178.3 176.9 175.5 175.1 172.7 169.9 167.7 166.9 165.9 166.2 163.3 162.1 160.1 165.4
133.4 134.3 134.2 134.5 136.3 136.6 137.9 139.5 141.8 143.5 143.6 143.6 143.3 141.6 137 132 116.6 114.1 118.3 126.8 128.7 130.5 132.4 132 129.8 131.2 130.9 129.6 129.3 129.1 131.1 132.3 133.4 134.1 135.8 137.7 139.2 140.6 141 143.2 143.1 143 140.2 143.6 146.4 151.1 153.4 156.3 161.5 162.1 163 165.1 170.3 175 179.6 182.1 183.9 185 185.1 184.9 185.2 183.6 181.6 181 180.2 179.6 177 175.6 173.5 171.3 168.7 167.5 167.4 167.4 167.1 163.1 162.7 162.1 167.1
135.1 136.2 135.7 137.7 138.5 139.2 140 140.7 142.2 143.1 144 144.4 143.8 141 137.7 132.3 123.1 115.1 115.3 121.4 123.8 125.1 126.2 126.5 123.7 125.4 124.5 124.1 124.3 125 126.1 127.8 129.5 131.2 132.9 134.4 135.9 137.6 137.7 136.9 135.8 141.2 143.1 146.1 148.5 152.2 157.1 161.5 162.5 164.2 164.9 167.2 169.8 175.3 179.2 183.1 185.4 185.5 184.8 185.1 184.9 183.7 182.6 181.2 180 177.6 174.6 173.1 172.1 170.5 168.4 168.7 168.8 168.4 168 166.6 163.7 165.8 169.9
137.2 138 138.8 139.7 140.6 141.3 141.6 141.7 142.7 143.4 142.9 143 142.2 139.5 135.4 131.7 126.2 117.2 114.9 115.3 120.6 120.8 120.6 121.1 120.9 120.1 119.3 119.1 120 121.4 122.3 123.4 125.5 127.9 129.6 130.8 132.1 133.8 131 136.8 140.4 143.2 143.4 145.6 148.6 151.4 158.6 162.4 164 165.1 166.6 167.8 169.4 174.9 179.8 183.7 186.1 185.7 184.8 184.3 183.6 182.8 181.9 179.2 177.6 175.1 172.9 172.8 170.7 169.7 169.3 169.5 169.5 169.4 168.9 168.1 167.9 171.8 174.4
138.7 139.6 140.4 141.8 142 141.9 141.9 142.4 141.8 141.3 140.7 139.7 138.3 135.5 132.3 128.9 124.7 117.2 112.3 112.9 115.3 116.5 116.4 117.7 118 117.4 116.1 116.5 117.1 117.5 118.5 120.1 121.6 124.6 126 127.2 128.5 129.1 131.6 135.6 138.2 139.8 144.6 145.5 147.3 153.3 159.2 163.5 165 164.3 165.9 167.9 169.7 176.3 179.7 183.6 184.1 184.2 183.1 181.4 180.6 180.1 179.5 178.2 175.5 173 172.4 173 171.9 170.8 170.3 170.3 170.4 170.4 171.4 171.4 174.6 177.5 180.3
140.2 140.5 141 142 140.7 139.9 139.6 138.3 137.9 137.7 136.9 135.4 133.3 130.3 126.9 124 121.7 117.7 111.9 111.2 111.5 113.2 113.7 115 116 115.4 116.5 116.2 116.3 117 117.1 118 120 121.7 123.4 124.6 125.9 126.1 129.5 134.4 136.4 138.5 141.7 144.3 148.1 154.6 159.7 164 163.9 163.3 164.5 167.7 171.3 176.7 180.2 181.7 182.1 182.3 181.6 181.2 180 179 177.5 175.5 174.8 174.1 173.1 173.6 173.6 171.9 171.3 172.2 173.2 176.6 178.4 182 183.2 186 187
138.4 138.6 137.8 139.2 138 136.8 135.5 135.1 133.2 132.7 131.4 129.3 127.3 124.6 121.6 119.5 117.3 114.1 111.6 110.4 110.6 112 112.6 113.7 115.1 116.4 117.3 116.8 117.3 117.3 117.2 117.4 118.8 120.1 121.5 122.4 122.8 124.5 130.1 133.3 134 138.7 140.7 143.4 152.2 156.1 159.5 163.3 162.5 162.2 163.5 166.8 172.9 176.8 177.9 178.5 178.6 180.2 181.6 181.6 180.6 179.8 179.1 178.1 177.2 176.7 176.3 176.1 177.5 176.1 176.7 177 179.1 182 185.5 187.7 190.5 191.6 192.2
130.9 131.4 131.8 131.8 131.3 128.7 127.5 126.9 125.6 125.1 125.4 123.4 121.2 119.6 117.4 115.2 113.5 112.5 110.4 110 110 110.4 111.7 113.5 114.9 116 116.3 117.1 117.7 118 118.2 118.8 118.7 119.8 119.5 120.7 122.6 127.5 130.1 133.9 136.7 140.5 143.2 150.6 153.4 157.7 160.2 161.3 162.3 162.8 164.8 168.6 172.2 174.6 174.9 174.8 176.9 181.1 181.8 182.4 182 181.8 181.4 180.5 181.5 180.8 179.7 179.3 180.8 180.7 181.6 182 183.2 187.5 191 194.7 197.1 196.5 199.2
125 125 123.3 122.4 122.3 120.3 118.5 117.4 118.3 118 118.9 117.7 116.9 115.7 113.6 112.6 112.9 112.5 110.4 109.7 109.7 109.9 111.4 113.3 114.4 115.2 115.2 116 116.1 116.8 116.9 117.7 118 119.6 119.8 120.4 124.4 126.9 129.5 134.4 137.4 142.7 147.4 152.5 155.4 157.6 158.8 159.8 161.6 162.8 163.9 167.3 170.9 171.5 171.7 175 178.9 181.8 182.7 183.5 185 184.9 183.5 183.8 184.3 184.7 185.3 185.4 185.9 187 187.9 188.2 190.2 193.5 198.1 201 204.7 205.1 203.8
123.3 118.2 116.7 115.9 113.9 113 112.8 113.2 113 112.6 112.4 111.1 111.7 111.3 112.1 112.5 112.8 112.5 111 109.5 109.2 109.7 111.8 112.7 113.7 114.1 114 114.6 114.6 115.2 115.5 116.3 116.4 116.3 117.9 121.9 123.2 126.1 129.4 133.3 139.7 146.4 151.6 152.8 154.1 157.8 158.2 159.4 161 160.6 162.9 165.3 167 167.6 171.8 176 180.1 182.4 184.2 185.1 186.5 187.2 186.6 187.3 187.7 188.9 189.6 190.5 191.1 191.7 193.1 194.9 197.2 203.3 207.8 209.9 210.2 207.5 203
117.2 113.7 111.5 111.9 111 110 110.2 110.4 109.5 109.2 106.4 104.6 107.3 109.3 110.1 111.3 111.7 111.5 110.3 109.4 108.8 110.2 111 111.9 112.9 113 112.9 112.4 113.2 113.7 114 114.6 114.8 115.9 117.2 118.3 120.1 123.5 127.8 130.8 141.1 146.9 149.7 149.7 153.1 156.4 157.8 158.1 158.6 160.1 162.1 163.7 165.4 167.7 171.9 177.1 181.2 183.2 184.9 186.1 187.1 188.1 190.6 191 191.6 193.2 194.4 195.3 195.8 197.1 200.2 205.7 212.7 216.1 215.3 213.7 211.7 206.8 202.7
111.9 109.7 107.4 107.7 108.3 106 105.9 106.1 105.8 104.9 103.8 102 105 105.9 108 109 109.5 109.7 109.1 108.6 108.6 109.8 110.3 111 111.6 110.9 110.2 110 111.8 112.3 113.1 114.8 116.3 116.5 117.2 117.8 119.2 121.8 123.8 129 133.8 140.8 142.2 148.1 152 153.9 155.1 155.7 156.5 157.7 160.5 162.3 164.3 167.6 172.1 177.3 182 183.6 184.7 185.9 187.7 191.9 195.7 196.5 197.5 198.5 201.9 202.2 205.5 209.8 215.3 221.8 220.1 217 215.1 212.1 208.1 203.1 199.8
106.6 105 101 100.1 101.6 102.2 99 98.4 101.1 100.1 103.6 105.8 105.9 105.5 104.1 106.6 107.3 107 107.9 107.7 108.5 108.7 108 110.7 110.7 110.6 110.3 110.9 111.8 113.4 114.1 115.9 116.8 118.2 118.6 119.3 121.3 125.2 128.6 133.1 137.2 141 139.8 142.8 148.9 150.9 152.4 153.3 153.9 155.6 157.6 160.4 164.8 168.8 172.3 177.5 181.4 184.2 185.7 187 190.4 196.5 200.1 202.5 205.5 206.8 209.7 213.5 219 222.8 226.3 221.1 219 215.6 205.9 201.9 199.4 198.5 196.5
100 98.4 97.8 97.4 99.7 101.4 103.8 107.2 109.4 108.8 106.9 107.3 107.4 107.4 107.3 105.2 104.7 104.8 106.1 107 107.7 107.5 109.4 110.2 110.1 110 110.6 111.1 111.9 113.5 114.8 116.1 116.6 118.9 120.1 121.9 126 130.9 134 137.8 141.8 145.3 147.1 148 145.9 149 148.9 149.9 152.3 153.2 156.6 159 163.7 169 172.9 177.5 180.7 183.5 186.3 190.8 195 200.9 204.6 207.8 211 214.4 217 220.6 217.9 220 219.1 218.2 211.8 206.3 198.7 196 194.4 194.3 193.9
96 95.4 100.1 105 108.4 110.1 111.5 111.6 111.3 110.7 110 108.7 108.7 108.7 108.7 108.9 108.6 108.2 106.5 107.1 106.9 107.9 109.9 110.3 110.5 111.6 112.2 112.8 113.4 113.6 114.4 116.3 116.5 118.7 121 124.9 129.4 133.1 136.1 139.5 142.1 144.7 146.5 147.5 149.4 148.9 151.6 150.8 151.5 153.5 156.3 161.5 164.9 169.4 174.4 178.4 181.6 184.6 189.7 195.5 199.3 204.2 208.8 212.2 218.1 216.8 216.8 221.5 218.4 217.2 213.9 209.1 203.9 197.2 193.1 191 190.8 190.2 192
98.3 102.6 108.7 113 112.7 112.9 113.5 113.7 113.2 112.3 111.9 111.1 110.3 110.4 110.6 110.9 109.5 110 109.7 110.5 111 112.2 112.7 113 113.4 113.5 113.8 114.5 114.8 114.3 114.9 116.3 116.6 119.7 122.8 126.5 130.8 133.8 136.9 139.4 141.1 141.9 144.3 145.3 147.6 149.3 149.9 152.1 153.3 155.3 157.4 162 166 170.7 176.1 180.7 184.4 188.9 194.4 199.4 202.7 206.2 209.6 212.7 220.4 217.3 217.4 216.9 214 211.3 206.1 197.8 189.6 188 186.9 186.9 186.4 189 190.6
103.3 109.4 112.9 113.2 113.1 113.8 114.5 115.4 115 114 113.5 113.3 113.1 113.1 112.1 112.3 112.6 113.9 114.1 114.9 115.7 117 118.2 119.4 119.2 118.1 117.1 116.8 116 116.2 116.5 116.9 118.2 121.6 124.8 127.5 131.4 133.7 135.6 136.7 137.7 138.6 140.6 142.1 145.1 145.7 150.8 150.9 154 156.3 158.9 162.2 167.1 172.8 178.6 183.6 189.6 195.4 201 203.4 205.7 207.4 209.2 212.3 216.7 221.4 220.6 213.6 207.5 201.1 191.3 184.5 184.2 182.2 181.8 185.2 184.9 188.2 190.5
109.1 112.9 113.1 113.1 114.5 115.2 115.8 117 117.3 116.3 115.3 115.9 116 116 115.8 114.7 115.6 117 118.7 120 121.4 122.9 124.2 124.6 123.7 122.9 121.4 119.1 119.1 119.2 119.5 119.7 121.6 124.1 126.9 129.5 131.9 132.7 133.4 133.2 134.3 135.3 136.9 138.4 139.9 143.1 148.2 153 158.3 160.8 164.1 168.5 169.9 174.9 182.7 189.6 194.3 199 203.7 206.1 208.2 208.5 209.5 213.1 217.2 217.7 214 207.1 197.1 186.7 183.1 179.6 179.9 175.7 179 183 187 189.2 190.7
111.4 112.9 114.1 115.4 116.3 117.2 118.1 119.4 119.4 119 118.6 118.1 118.5 118.8 118.8 119.3 120.4 122.3 124.5 126.4 127.1 128.6 129.1 128.6 127.7 126.2 124.4 122.3 121.9 122.9 122.8 122.6 125.1 121 126.7 129.7 130.4 131.2 130.1 129.8 131.8 133.2 135.3 136 138.4 140.9 148.1 153.6 158.9 163.8 169 174.2 178.4 181.4 185.6 192.6 198 201.3 204.9 206.7 208.3 209.8 212.9 215.1 214.7 208.1 203.6 193.6 184.6 179.2 178.8 177.5 173.1 174.7 178.4 183.4 186.7 188.6 189.7
113.3 113.3 114.6 117.1 118.2 119.3 120.6 122 122.7 122.6 122.4 122.2 122.6 122.9 122.2 123.5 125.5 127.8 130.3 132.8 133.2 133.6 134.1 132.6 131.4 130 129.4 125.3 125.9 127.5 127.8 127.1 127.6 128.2 123.5 125.5 126.9 128.2 130.4 131.6 133.3 133.4 135.5 137.5 139.9 141.6 146.3 154.1 160.1 167.7 174.3 179 183.6 186 190.6 195 199 202.8 204.4 206 208.2 211 210.9 207.6 204 199.4 185.3 182.3 176.8 174.8 172.5 170.8 167.7 174.3 178.6 182.6 186 187.7 186.9
113.5 116.7 118.2 119.3 120.2 121.8 124.5 125.5 125.5 126 126.5 127.1 127.5 127.8 127 129.7 134.2 138.4 140.4 141.8 141.9 140.8 139.3 138.6 138.1 136.2 133.4 127.8 132.4 131.8 132.4 130.9 132.2 132.1 130.8 129.2 129.4 129.2 131.2 134.6 136.4 136.2 137.7 141.5 144.7 147.2 150 153.6 161.7 169.3 176.6 183 187.9 191.3 194.3 197.1 200.4 202.7 204.9 207.1 206.7 204.8 203.2 199.6 191.3 185.4 180.7 176.2 172.5 168.7 166.2 163 167.1 172.6 176.3 180 183.5 181.9 180.5
114.6 119.1 121.4 123.3 126.8 125.8 128.8 128.6 128.6 128.8 130.1 131.7 132.5 133.2 133.6 136.4 142.6 145 147.8 149.3 149.4 148.1 145.2 143.5 141.7 139.7 136.5 131.6 136.2 136.2 135.7 133.9 135.7 135.4 134.8 134.4 134 133.6 132.6 138.6 140.7 141.7 138.5 144.3 147.1 149.8 153 157.1 162.2 169.1 176.6 185.5 191 196.7 198.6 199 200.5 203.3 205.3 203.8 203.2 201 195.4 189.7 184.2 179 175.2 171.3 167.8 164.5 163.2 159.1 167.5 170.5 173.6 177.7 178.8 175.6 175.2
116.3 121.3 124.5 128.9 132.2 133.3 132.5 132.1 132.7 133.3 134.9 136.7 138.6 139.7 143 143.2 144.6 149.1 151.5 153.2 152 150.5 149.2 146.2 144.2 142.4 135.5 136 139.2 139.6 139.2 138 139.3 140.5 141 140.4 140.4 140.4 141.2 138 144.5 145.3 141.3 146.1 148.5 150.9 153.8 158 162.7 169.1 177.9 186.9 193.4 197.8 198.3 200.3 199.2 200.6 201.4 198 198.3 196.2 189.4 183.8 179.5 175.7 172.8 168.3 163.9 163 159.1 159.1 164.3 167.2 170.2 172.9 173.4 170.7 169.4
117.9 125 129.1 133.1 135.7 136.6 135.9 136.9 137.7 138.3 140.2 142.2 144.1 145.1 146.2 147.2 146.8 149.1 151.7 153.3 154 153.3 151.5 148.3 145.6 141.5 136.1 140.7 142.3 142.7 142.8 142 143.5 144.5 146.6 146 146.7 146.8 146.7 141.3 143.8 146.5 146.4 146.6 149.2 151.7 154.4 158 162.5 169.1 178.5 187.6 192.8 194.8 195 195.9 196.5 197.2 195.5 192.2 189.9 188.8 185.6 180.3 176.5 171.9 168.6 166.5 164.5 163.2 159.5 159.1 160.9 165.3 167 167.3 165.8 165.8 163.2
121.5 127.9 132.1 135.4 137.5 137.5 138.9 140.7 142.4 143.5 144.4 146.2 147.8 149 150.2 150.8 149.6 149.4 152.5 156.6 156.2 154.5 152.4 151.5 146.4 141.1 141.9 144.1 145.3 145.9 146 146.2 148.4 149.7 151.8 151.9 152.2 151.7 150.7 147.9 146.3 148.4 148.6 149.1 151 152.3 155.3 157.2 163.9 171 178.3 185.9 189.9 191.5 192.6 193.9 194.1 193.3 192.2 188.5 185.1 183.1 181.1 177.5 173.8 170.6 169 166.9 166 165.8 163.9 152.7 154 161.2 161.7 160.9 159.4 157.4 153.9
125.2 130 133.7 137.3 138.7 139.4 141.3 143.2 144.9 146.4 147.3 148.4 150.1 151.3 152.2 152.3 151.8 151.1 153.6 158.1 158.5 157.1 152.8 152 148.1 149.1 148.6 147.9 149.6 150 150.4 150.9 152.7 154.3 155.6 156.4 156.9 155.3 154.8 153.9 152.6 151.2 151.8 152.4 153.1 155.6 156 161.3 167.1 171.3 178.3 182.8 187.7 189.6 191 191.1 190 187.8 186.1 183.2 180.6 179.3 176.8 174.3 170.4 169.2 168.3 167.9 167.3 165.6 162.5 154.2 148 153.5 155.4 154.3 152.4 150.2 146.5
126 130.1 133.7 136.3 137.9 138.4 140.8 143 144.8 146.4 148 149.1 151.3 151.7 151.5 152.7 152.8 152.4 153.4 154.9 156.7 156.9 153.3 152.6 151.3 151.3 152.3 152.9 153.2 153.6 154.6 156.4 157.9 159.8 160.7 160.9 161.5 159.5 159.3 158.4 159 158.1 154.7 155.2 156.3 156.8 158.6 163.5 167.4 172.7 178.4 182.5 185.7 188.5 188.9 188.1 184.8 183.5 180.7 178.6 176.8 175.8 174.1 173.4 170.7 168.4 168 168.7 166.1 163.9 160.2 155 141.5 146.1 147.7 147.4 145.3 142.2 141
124.8 129.2 132.5 134 135.4 136.9 139.2 141.8 144.2 146 147.9 149.5 150 150.4 150.6 151.8 152 152.3 153.2 154.3 155.7 156.6 155.4 155.5 153.6 153.1 152.7 152.3 156.8 158.7 159.8 162.3 163.6 165.2 165.7 165.7 165.7 164.8 163.8 162.6 160.4 160.1 160 160.2 160.5 162.7 164.8 167.7 170 172.5 177.7 181 184.3 185.3 185.5 183.1 180.7 178.1 175.8 174.1 174.1 173.7 173.4 172.1 172 169.4 166.6 164.8 160.9 159.8 158 151 145.1 136.5 139.7 140 138.2 136.7 136.4
122.7 127.3 129 129.6 130.7 134.7 138 140.7 142.6 144.1 145.8 147.2 148.2 148.6 149.5 150.8 151.8 152.2 153.1 154.4 155.6 156.7 156.7 156.1 156.4 157.1 158.3 158.8 162.4 164 166.4 168 169.1 170.6 171.3 170.9 171.1 169 167.1 165.8 166.9 167.3 167.6 167 170.3 172 172.1 170.7 170.6 172.7 176 179.4 182.6 182.9 181.5 178.2 175.6 174.9 172.3 171.2 172.2 172.5 173.4 172.1 172.2 170.1 168.5 165.5 156.7 151.8 150.7 145.8 140.2 133.9 132.4 134 133.5 133.7 131.9
120.6 124.2 129.1 132.3 133.4 133.3 136.1 138.4 140.1 141.8 143.5 144.9 145.9 147.2 148.4 148.7 150.6 152.3 154 155.8 157.5 158.7 160.3 160.3 160.8 163.2 165.1 169.2 172.7 173.3 175.7 176.5 176.7 176.6 178.4 177.5 176.1 175.6 173.9 173.5 173.3 175 177.4 177.8 179.3 179 180.2 178.2 175.8 174.6 174.3 176.4 177 178.3 174.8 172.4 170.9 169.7 169.1 169.6 171.5 173 173.1 172.2 169.9 167.3 166.9 163.8 158.2 150 142.5 139.8 136.3 133.5 131.3 129.7 128.4 127.7 128.3
116.1 124.6 128.7 130.8 132.5 133.2 135.1 136.5 137.8 139.7 141.1 142.5 143.7 144.1 147.3 149.7 151.4 153.2 156.4 159.6 162.4 165.4 167.3 167.5 170.4 172.4 176.7 179.8 181.6 183.5 184.7 183.7 183.5 184.2 185.8 185.8 186.5 184.8 182.3 180.4 181.6 184.3 184.9 188.3 191 190.6 190.6 181 178.7 175.5 174.2 172 172 174 172.2 169.2 168.2 168.2 168.1 168.7 170.9 171.9 173 170.9 167.6 166.1 163.3 159.4 155.4 150.3 141.6 137.1 132.9 129.2 124.1 126.2 125.7 124.7 124.4
122.4 124.3 126.4 128.2 129 128.2 133.1 135.4 136.1 136.8 136.5 139.6 143.1 146.3 149 151.9 153.8 156.6 160.5 164.4 168.4 174.9 177.9 174.9 181.8 183.4 186.6 187.7 189.5 190.6 192.4 192.6 193.5 195.1 195.5 195.1 195.4 195 193.6 192 190 191 192.8 195.7 194.4 195.1 188.7 185.2 177.5 173.6 169.3 167.8 166.5 169.3 169.7 168.7 166.7 164.8 166.4 168.6 170.8 171.7 171.6 169.2 166.4 163 158 152.8 150.3 142.1 138.1 133.3 128 124.6 120.2 121.3 122.8 122 121.4
112.1 117.6 123 123.6 121.1 123.3 126.4 128.5 127.7 132.5 137.9 141.8 145.1 147.9 150.7 154.4 157.6 162.7 168.5 173.8 179.2 183.3 185.7 181.8 188.6 189.5 191.7 194.3 195.8 197.2 198.7 200.5 201.9 202 202.4 204.1 204.7 204.2 204.3 204.2 203.2 202.6 202.3 198.4 197.1 193.1 187.4 175.9 172.5 169.5 165.6 161.9 161.8 165.8 168.1 167.7 166.4 164.8 166.1 167.4 169.1 169.1 168.6 166.4 163.2 159 153.7 147.9 144 139.5 137 130 126.8 122.7 118.9 117.8 119.2 118.9 118.7
109.2 112.8 113.8 118.3 121.9 127.7 130.2 128.7 132.7 136.7 139.9 143.1 147 150.3 155.3 161 166.6 171.8 176.9 181 185.4 188.1 190.7 190.1 190.7 193.8 195.1 196.8 199.8 202.2 204.1 206.2 209 211.8 212.9 213.4 215.3 217 219.5 220.5 220.1 214.3 208.2 200.5 191.6 181.4 173.1 167.8 165.2 163.1 162.2 158.7 159 161.8 164.9 162.6 164.5 164.8 165 166.3 166.5 166.7 165.2 162.6 157.8 153.2 149.5 146.2 139 134.2 130.1 126.7 122.9 119.3 117.6 115.6 116.4 115.9 117.2
112.6 119.8 123.4 125.4 127.3 129.8 132.1 131.8 135.2 138.8 141.9 144.9 150.5 156.7 165.5 169.9 173.9 175.9 180.4 184.1 187.6 191.1 192.8 194.8 194.9 195.5 198.1 201.3 206.8 212.3 216.1 218.7 222 224.9 226.3 229 231.3 234.9 231.7 236.1 225.4 212.8 201.9 189.1 180.2 170.2 165.7 162.2 159.4 158.9 157.1 157.5 158 160.4 162.9 162.4 162.3 161.3 163.7 164.5 164.2 162.5 160.4 157 152.7 146.8 141.9 137.1 133.4 131.4 127.4 122.8 120.6 117.1 114.8 113.9 112.8 113.4 112.9
