Game/Highland_Data/StreamingAssets/GeoData/Data/sd/SD63.asc
ncols 200
nrows 200
xllcorner 360000
yllcorner 430000
cellsize 50
[rows 76 to 113 of 200, columns 0 to 85 of 200]
86.4 86.8 86.2 86.5 89.3 98.5 97.7 97.1 96.7 96.7 96.7 96.7 96.7 96.7 98 88.2 87.6 98.3 97.5 97.5 97.5 97.5 97.5 97.5 97.5 97.5 94.3 86 87.9 86.9 79.9 82.7 86.1 86.6 86.9 87.4 88 87.7 86.5 87.9 87.2 86.5 87 87.6 87.4 87.9 87.5 86.1 84.4 82.9 81.3 81.2 80.7 80.5 78.8 70.9 73.4 78.3 78.5 78.7 78.4 77 77.8 77.5 76.9 75.9 75.6 74.4 73.9 73.8 72.9 71.5 71 70 68.9 67.7 65.4 66.6 66.3 65.4 64.3 62.3 59.9 54.7 53 48.1
86 85 85.3 85.7 86.2 87.1 88.7 89.6 90.8 90.7 90.5 91 91.5 91 90.8 87.2 87.1 93.2 97.5 97.5 97.5 97.5 97.5 97.5 97.5 97.5 95.8 85.8 86.7 86.4 82.6 80.7 84.8 85.8 85.7 85.9 86.6 86.4 86.6 86.6 85.8 86 86.2 86.5 86.5 87 87 86.3 84.4 83.6 81.5 81 80.9 80.4 79.7 78.7 69 70 76.5 75.9 76.6 75.5 76.3 76.3 76.5 75.3 75.3 74.2 73.5 73.1 72.1 69.9 70.2 68.2 68.3 67.2 66 63.4 63.9 64.8 63.8 63.1 60.8 58.5 56.9 53.4
84.8 84.3 84.6 85.7 85.9 86.1 86.1 86.7 86.6 84.7 85.2 84.9 85.9 85.8 86.6 86.4 86.6 86.8 93.2 98.2 97.5 97.5 97.5 97.5 97.5 97.5 93.5 85.9 87 86.3 84.8 76.5 83.3 84.3 84.7 84.9 84.5 85.6 85.5 84.4 84.4 85.7 86.5 86.1 86.4 86.4 86.4 86.4 84.6 83.5 82.5 81.3 80.5 80.1 79.4 78.6 77.9 71.1 70 68.9 72.3 72.3 75 75.3 75.2 74 74.3 73.6 72.1 71.7 71.1 68.9 69.1 68.6 67.8 66.5 64.6 63.5 61.1 62.6 61.7 62.1 61.7 59.5 57.8 54.8
84.1 83.6 84.4 85.1 85.4 85.5 85.8 86.2 84.5 83.9 84 84.1 84.1 85.4 86.5 87.7 85.6 85.8 85.9 87.7 91.2 91.8 91 91.1 90.7 89.9 86.8 85.8 86.7 85.9 82 75.5 80.4 82 82.7 82.4 84.2 85.3 84.4 84.6 84.8 85.7 85.3 85.6 85.5 85.7 85.6 85.2 84 83.1 82.6 81.5 80 79.7 78.8 78 77.3 76.1 71.3 68.4 63.9 70.8 72.5 73 72.8 70.6 71.7 72.5 71.9 69.9 69.2 65.3 68.4 67.7 67 65.7 63.9 62.7 60.9 58.9 59.3 60.2 60.5 59.1 57.1 53.9
83.2 82.6 83.8 83.8 84.2 84.8 84.7 84.9 83.9 83.9 84.6 86.1 87.6 86.9 86.5 85.2 84.9 84.3 85 85 85.2 84.9 85.4 85.3 85.7 86.1 85.9 86.4 86 85.9 84.2 78.5 75.1 79.7 77.2 81.2 83.8 83.5 83.7 84.1 84.5 84.9 85.3 84.9 85.2 84.9 84.7 84.2 83.1 81.5 81.9 81 79.9 79.2 78.8 78.2 77.5 76.6 75.6 73.1 64.2 63.6 69.2 70.3 70.7 66.9 70.3 70.9 70.5 69.7 66.3 64 67.7 66.9 66.1 65.1 64 62.7 61.2 60 56.4 58.1 58.5 58.2 57.1 54.1
82.2 82.3 83.2 83.2 83.3 83.9 84.8 83.9 83.9 83.9 86.8 86.7 86.6 86.5 84.9 84.9 84.2 84.5 84.8 84.4 84.3 84.5 84.7 84.8 85.2 85.3 84.9 86.3 85.9 85.2 84.6 79.4 77.2 74.9 77.9 80.2 82 78 83.2 83.8 84.1 84.3 84.2 84.3 84.3 84 83.6 83.1 82.2 80.6 80.4 80.7 80.2 79.3 78.7 77.5 77.3 76.3 76.1 75.4 71.4 65.2 62 65.5 68.2 66.6 66.9 69.1 68.6 68.7 68.4 61 66.8 66 65.4 64.4 63.4 62.4 61.1 59.9 58 54.2 56.7 57.8 56 55.6
81 81.8 82.5 82.2 82.9 83.7 84.4 83.9 83.9 86.5 86 85.7 85.8 85.2 84.5 84.5 83.6 83.3 84.1 84.6 84.4 83.5 84.2 85 85.1 85.1 85.5 85.7 85.7 85 84.8 83.6 81.4 71.3 75.4 78 79.6 74.9 81.7 83.2 83.4 83.8 83.9 83.6 83.1 83.3 82.7 82.1 81.7 81.2 80.5 79.9 79.5 78.9 78.2 77.3 76.7 76.1 75.8 74.7 73.1 70.3 64.9 57.3 63.7 61.5 65.4 66.5 67.2 67.5 66.8 66.4 58.5 62.6 64.1 63.7 62.6 61.7 60.7 59.8 59.2 56.8 52.4 56.1 56.4 55.7
80.4 81.1 81.3 81.2 83.2 83.9 83.9 85.1 86.1 84.5 84.1 85.1 84.9 84.5 84.1 83.4 82.9 83.2 81.8 84 83.7 83.6 84.4 84.4 84.6 84.6 84.4 84.9 85.1 84.7 84.1 83 81 77.8 71.1 75.8 77.1 77 81.5 83.3 83 82.9 82.9 83 83 81.9 81.4 80.8 80.7 80.1 79.6 78.8 78.8 77.7 77.3 76.7 76.4 75 74.7 73.3 73.1 71.1 69.6 66.3 58.1 55.5 61.1 64.7 65.3 65.7 65.4 65.4 64.3 59.1 61.7 62 61.3 60.2 59.4 58.8 57.8 57.1 56 48.5 52.6 55
80.4 80.8 81.2 81.4 82.6 83.1 83.8 83.2 83.8 83.9 84.1 84.2 84.3 84 83.6 82.7 82.4 83 83.2 83.4 82.7 83.2 83.4 83.8 83.4 83.4 83.5 83.4 84.2 83.6 82.5 80.6 79.2 77.1 71.2 71.7 74.8 77.5 80.6 82.3 82.6 81.9 82.1 82.4 81.9 81 80.1 80 79.9 79.2 78.7 78.2 77.6 77.3 76.2 75.6 75.9 74.7 74 73 72.2 71.4 69.9 68.5 66.2 61.8 54 59.4 62.5 63.1 63.2 63.7 63.6 62.6 54.5 57.2 58.2 58.3 57.4 56.8 54.8 55.2 55.2 54.2 51.5 48.7
80 80.6 81 81.1 82.5 83 82.8 82.7 83.2 82.9 83.3 83.3 83.3 83.1 82.5 82 81.9 82.7 82.8 82.9 83 81 82.9 82.1 82.6 82.5 82 82 81.6 82 80.6 78.6 76.3 75.3 69.5 66.3 74 78.3 80.9 81.9 81.8 81.8 81.4 81.7 80.8 79.9 79.3 79.2 78.9 78.9 78.3 77.9 77.3 76.4 74.7 75.8 74.8 73.9 73.7 73.1 71.6 71.2 70.5 69.2 66.7 62.8 60.5 54.7 54.4 60.5 61.5 62.1 62 61.7 60.3 55.2 48.2 54.4 55.1 54.8 53.8 52.8 52.9 52.5 52.3 43.3
79.4 80.1 80.6 80.6 81.6 83.1 82.6 82.5 82.4 82.5 82.5 82.6 82.4 82.4 82.1 81.8 81.1 82.1 82.2 82.4 82.5 82 82.6 81.9 80.8 81.1 77.8 79.7 79.7 77.5 77.1 72.4 75 70 67.1 73.6 76.9 78.3 81.1 81.3 81.1 80.9 81.4 80.7 80.3 80.1 79.1 78.3 78.1 78 77.5 76.7 76.3 75.9 75.5 74.7 74.2 73.9 73 72 70.9 70.9 70.2 69.4 68.7 67.7 66.2 61.9 54.7 50.1 57.6 59.4 59.7 59.6 58.6 57.5 54 48.3 52.6 51.8 49.9 51 50.2 50.6 50.7 40.9
78.5 79.3 80.1 80.6 81 81.5 81.5 81.7 81.4 81.2 81.3 81.5 81.6 81.6 81.2 80.7 81.1 81.6 81.9 82.1 81.9 79.7 81.6 81 79.2 76.6 76.2 75.8 75.6 75.1 75.6 68.1 62.4 69.3 72.5 76.3 78.2 79.8 80.9 81.2 80.6 80.8 80.9 80.8 80.2 79.6 78.6 77.8 77.6 77.3 76.7 76.2 76.1 75.6 75.1 74.1 74.4 74 72.8 71.2 70.6 69.9 69.5 68.8 68.1 67.2 66 63.9 60.5 53 49.4 56.3 57.4 57.8 55.4 55.6 53.8 46.5 47.9 45.2 47.6 47 45.7 48 48.4 48.5
78.3 79.4 79.7 80.1 80.3 80.6 80.6 80.6 80.5 80.6 80.7 80.9 81 80.6 80.1 80.4 81.2 81.4 82 81.9 81.7 80.8 80.1 79.4 77 73.9 74.3 73.3 70 73.2 69.4 65.8 70.1 74.9 76.8 78.2 79.3 79.9 80.2 80.8 81.2 80.8 80.8 80.1 79.4 79 78.2 77.5 77.3 76.7 76.1 75.9 75.7 75.2 74.7 74.1 73.5 73.1 72.4 71.8 70.3 69.8 69.3 67.6 66.7 64.8 61.3 59.3 58.8 54.2 48.3 50.5 54 54.6 54.6 53.3 51.2 46.8 41.8 42 40.4 40.7 39.3 42.7 46.6 47.7
78.8 79 79 79.6 79.6 79.7 79.6 79.6 79.8 80 80 79.9 79.8 79.8 80.3 79.9 80.8 81.4 81.6 81.5 81.5 75.4 78.6 79.2 71 70.2 72.5 70.6 67.3 67.9 63.7 65.1 70 76.4 78.6 79.3 78.9 79.7 79.9 80.2 80.3 79.7 79.1 78.6 78.3 78.2 76.7 77.4 77 76.5 76.2 75.8 75.5 74.9 74.4 73.7 72.9 72.5 71.8 71.4 70.1 69.2 68 68.6 67.6 67.3 66.3 65.1 63.6 60.2 56.9 50.8 44.6 47.6 47.8 47.9 45.8 41.1 41.1 42.2 42.5 37.8 35.1 37.1 40.9 45
78.5 78.5 79.1 79.1 79.1 78.9 78.8 78.8 79 79.2 79.4 79.5 79.4 79.3 80 79.3 80.4 81.2 81 80.9 80.9 78.6 71.1 74.1 72.8 68.5 68.9 68.8 65.6 61.6 64.7 72.6 76 78.3 79.2 79.5 79.5 78.9 79.6 79.9 80 80.2 77.8 78.6 78 77.3 77.5 77.1 76.5 76.3 75.9 75.5 75.3 74.7 74.2 73.3 73.1 73.4 72.7 69 69.6 68.9 68.4 66.4 64.1 66.6 66.5 65.9 64.8 61.9 59.6 57.6 52.4 49.5 47.2 44.4 45.8 49.5 50 49.9 47.7 45.4 43.1 37.2 37.9 41.7
78.1 78.3 78.8 78.8 78.5 78.4 78.3 78.4 78.2 78.4 79 79.3 78.7 78.9 78.5 79.5 80.1 80.6 80.6 80.9 80 76.3 72.8 68.9 66.4 65.1 66.7 66 60.6 58.6 65.1 72.9 77.1 78.4 79 79.1 79.1 79.1 79.5 78.9 79 79 78.1 77.5 76 73.3 76.6 76.4 75.8 75.3 75.4 73.8 74.4 73.7 73.2 73.1 72.9 73.4 72.5 71.5 67.9 66.1 68.5 67.4 62.9 66.2 65.9 65.7 64.7 63 60.5 58.4 56.5 56 54.7 54.5 54.2 53.6 52.9 52.2 51 49 47.5 42.4 33.8 36.4
77.3 78 77.1 78.1 78.1 78.3 78.1 77.7 77.7 78 78.2 78.3 78.1 78.3 78.9 79.4 79.6 79.9 80.2 80.6 79.6 75.9 72.1 69.9 65.4 62.6 64.3 57.9 55.8 64.4 69.2 72.1 77.5 78.1 78.2 78.6 78.7 79.2 78.7 78.2 78.2 77.4 76.6 76.3 75.9 73.8 75.4 75.2 75 74.7 74.4 73.2 73.7 71.3 72.3 71.8 71.3 72.2 71.8 71.4 71.1 70.2 68.9 67.2 65.1 63.3 64.3 63.6 63.4 63 61.5 60 58.2 57.5 56.5 56.6 56.6 55.5 54.7 53.6 52.4 50.4 48.1 46.4 41.7 31.5
77 77.1 77.5 76.7 77.7 78.1 77.6 77.3 77.3 77.6 77.8 77.8 77.5 77.4 77.4 78.6 79.3 79.8 79.9 80.2 78.6 77.4 75.1 73.9 67.8 63.6 55.8 53.4 66.1 73.1 77 77.9 78.1 78.1 78.2 78.3 78.4 78.5 77.8 77.7 77 76.4 75.3 74.1 67.2 74.9 71.8 73.8 73.9 73.6 73.2 72.1 72.9 71.7 70.7 70.5 70 70.7 70.5 70 68.5 69.8 68.2 66.1 65.3 60.9 54.4 57.1 60.6 62 61.6 60.7 59 59.3 58.7 57.6 57 56.5 55.6 54.8 53.1 51.7 49.5 46.9 45.3 41.3
76.7 76.7 76.3 76.6 76.4 76.3 76.4 75.7 76.4 76.6 76.7 76.8 77.3 76.6 77.2 78.3 79.1 79.7 79.5 79.5 78.2 76.6 74.9 73.4 70.2 67.2 58.4 57.5 70.7 73.9 77.2 78.3 78 78.2 78.3 78.4 78.2 77.9 77.8 76.2 70.3 70.6 66.6 66.2 66.1 73.7 71.6 69 72.7 72.4 72.9 72.1 71.3 70.2 68.9 69.8 67.2 68.8 68.9 67.6 67.5 67.6 66 65.5 65.4 64.6 63.3 61.6 50.1 60.2 59.6 59.1 59.2 58.9 57.6 57 56 55.4 55.4 54.5 53.8 51.6 49.5 47.3 44.9 42.5
76.4 76.2 76 75.8 75.5 75.4 75.4 75.6 75.7 76 76.5 76.3 76.6 75.9 77.5 78.1 78.9 79.5 79.5 78.9 77.7 75.8 74.3 71.9 69.2 62.2 50.8 64.4 74.3 77.4 78 78.6 78.5 78 78.4 78.5 78 78 77.4 77.1 76.8 76.1 74.5 63.7 62.6 70.9 70.3 62.4 71.6 71.9 71.9 70.6 69.9 68.9 63.2 68.2 68.1 65 66.4 65.5 62.1 64.8 64.8 64.6 64.7 63.5 62.8 61.7 59.3 47.8 53.9 53.8 54.6 57 57.5 56.5 56.5 55.5 54.8 53.9 52.5 51.3 49.9 47.3 46 43.5
75.5 75.4 75.5 75.2 74.8 74.8 74.6 75.2 75.2 75.2 75.6 76 75.7 75.4 76.1 77.2 78.1 78 78.7 78.1 77 75 73.7 70.4 58.7 53.3 56.7 70 76.8 76.1 78.2 76.2 78.1 77.5 78.1 78 78.3 77.9 77.3 77.3 77 76.6 75.8 72.6 56.2 67.5 67.9 57.3 69.3 70.3 71.1 70.3 69.9 68.4 60.2 59.1 64.7 65.1 57.2 58.4 54.8 60.9 61.8 62.4 63.7 61.6 61.1 61 60.3 57.4 49.3 43.5 45.3 49.4 55.1 56 55.4 53.8 52.4 52.3 51.3 50.2 48.2 46.7 45.4 43.8
74.6 74.8 74.9 74.9 74.8 74.7 74.6 74.6 74.6 74.4 74.7 74.8 75.6 76 76.2 76.6 77.1 77.2 77 77.1 77.2 75.4 71.9 69 61.4 47.1 59.8 72 76.5 76.1 76.7 76.8 76.8 76.9 77.3 76.7 77.1 77.2 77 76.7 76.1 76 75.2 72.6 60 56.7 61.5 53.6 66.6 66.8 69.4 69.7 69.3 69.2 68.8 67.3 57.2 57.3 61.9 57.8 47 57.9 57.6 58.7 61.1 60.4 59.4 58.9 59.3 59.2 58.4 51.8 44.8 40.1 47.4 53 53.7 51.7 48.8 49.9 49.1 48 46.2 45.4 44.5 43.2
74.9 74.8 74.6 74.5 74.4 74.1 74.5 73.8 73.8 73.9 74.2 75 74.8 75.6 75.4 74.7 76.4 76.6 77 77.9 78 75.6 71.9 63.8 63 45.1 57.3 69.3 74.7 75.8 75.2 75.1 75.2 75.3 75.8 76.2 76.3 76.3 76.2 75.5 74.8 75 74.5 73.3 66.6 56.4 47.1 56.6 62.1 64.8 66.7 67.2 67.9 66.7 67 66.3 63.8 55.6 49.7 55.8 50.5 46 50.4 56 57.4 59.5 58.9 53.9 56.9 56.4 57.2 56.3 51.4 43.3 38.6 47 51.2 50.2 46.1 42.4 46.3 45.4 44.4 42.9 41.3 40.9
74.9 75.2 74.9 74.1 73.9 73.4 73.8 72.7 73.2 73.6 73.5 74.1 75 74.5 74.3 74.5 75.5 76.5 77.1 77.8 77.5 75.7 69.9 59.9 54.7 48.5 54.6 66.4 73 74.5 73.8 73.6 74 74.1 74.5 74.9 75.1 75.1 75.1 74.8 74.4 74.1 73.6 73.3 71 64.1 48.7 47.7 49.5 60.8 63.9 65.1 65 62.9 64 63.4 62.5 61.2 54.3 44.1 46.7 41.4 45.7 51.3 54.3 56.8 56.5 48.5 52.8 54.5 54.3 54.5 53.8 48.3 37.5 38.7 41 39.1 37.8 38.5 41.7 43.1 41.1 40.1 37.5 37.9
74.6 74.7 74.7 74.5 73.6 73.7 73.1 72.2 73.1 72.6 73.3 73.5 73.8 73.6 74.7 75.3 75.3 76.1 77 77.4 76.3 75.1 71.9 66.3 58.7 47 52.8 64.5 70.8 72.6 72.6 72 72 72.9 72 73.7 73.7 73.8 74 73.8 73.1 73.4 73.3 72.8 71.7 67.3 57.8 49.2 43.6 53 58.8 62.1 61.9 59.7 61.3 61.5 61.3 60.4 58.1 52.8 45.4 44.2 37.6 47.1 50.8 52.5 52.3 44.4 44.7 47.8 50.1 50.9 50.9 46.6 39.4 33.5 32.2 30.8 29.6 29.8 35.4 40.1 38.7 36 35.6 36.2
74.9 75 74.8 74.5 74.1 73.2 73 72.2 72.9 73 72.9 73 73.1 73.9 74.8 75.1 74.6 75.2 75.9 75.3 75.1 73.8 72.2 67.7 62 48.6 48.9 62.7 68.1 69.7 70.8 70.2 70.1 69.8 71.4 72.1 72.2 72.7 72.9 72.9 73.2 72 72.3 71.8 71 69.6 64.8 57.2 44.3 45.9 53.2 58 57.3 55.1 57.4 59.6 59.8 58.8 57 54.8 52 47.4 35.2 38.4 46.6 45.2 41 37.5 34.7 35.7 38.3 36 36.7 39.6 33.3 31.1 30 28.6 26.5 26.6 27.1 35.7 34.7 32.9 32.5 34.4
74.6 73.5 74.2 73.6 72.6 73.2 72.7 72.2 72.2 72.3 72.2 72.5 72.8 73.2 74.9 74.7 74.7 74.7 74.8 73.4 73.2 73 71.6 69 62.4 49.1 48.2 61.1 65 66.6 67.8 68.1 67.9 69.6 70.3 70.8 71.3 71.6 71.7 71.8 72 72.5 71.4 70.8 70.2 69.7 67.5 63.8 52 40.5 44.6 50.2 50.7 52.2 55.4 57.4 56.9 56.3 54.5 52.1 50.6 47.5 41.8 32.2 41.2 34.8 30.7 28.7 28 23 20.2 18 18.7 23.5 28.2 28.5 28 27.9 25.9 24.9 25.5 31.6 31.9 30.3 29.1 28.4
73.8 74.1 73.8 73.2 72.7 72.8 72.2 71.6 71.8 72.6 72.6 72.9 73.1 73.3 74.5 74.5 74.5 74.5 74.1 73.4 72.6 70.9 70.6 68.9 62.7 49.1 47.6 58 61.4 62.9 64.1 64.8 63.1 68.1 69.6 70.1 70.4 70.5 70.6 70.6 70.7 70.9 69.2 70.1 69.5 69.2 68.5 65.5 58.4 49.4 36.3 41.8 43.7 49.6 52.4 54.6 54 53.4 52 49.9 48.3 45 42.3 33.7 31.8 26.4 25.4 25 18.2 18 18.1 19.2 17.8 18.1 18.3 22.9 26.4 26.2 25.2 24 24.7 27.9 26.3 26.1 26.2 25.5
73 73.3 73.4 72.6 73.3 72.4 71.8 70.9 72 72.5 72.9 73.2 73.5 73.8 73.8 74.2 74.2 73.8 73.1 72.5 71.8 70.4 70.5 69.1 60.4 46.4 44.2 52.5 58.7 59.4 61.7 58.1 65.3 68 68.7 69 69.3 69.4 69.5 69.6 69.7 69.6 69.5 69.2 68.9 68.6 67.8 65.7 60.2 53.4 47.2 34.7 39.5 46.9 49.9 50.6 50.5 50.5 48.9 46 43.4 41.1 37.5 28.5 26.1 24.7 22.8 18.1 18.2 21.5 21.7 22.1 22.3 22.3 18.4 18.1 19.1 24.1 24.6 23.6 23.7 25 25 24.9 24.8 25
72.2 72.5 72.2 72.1 71.4 70.9 70.7 71.4 72.6 72.3 72.3 72.6 73 73 73.5 73.8 73.4 72.8 72.1 71.5 70.8 70.3 69 67.5 64.7 54.3 43.2 44.4 54.4 53 55.5 56.9 64.3 66.5 66.4 67.8 68.6 68.5 68.6 68.6 68.7 68.7 68 68.3 68 67.2 66.2 63.6 60.2 56 48.8 40.2 35.3 45.3 47.5 46.9 46.3 46.5 40.3 38.7 36 34.1 30.7 27.5 26 22.8 17.9 18.8 21.3 21.8 21.8 22.1 22.3 22.2 22.2 20.7 18.2 18.2 21.5 23 23 24.4 25 24.7 24.7 25
71.5 71.3 71.5 71.2 70.4 70.5 70.7 70.9 71.9 71.9 72 72 72.1 72.2 72.3 72.7 72.6 71.9 71.2 70.5 68.7 67.8 66.5 65.2 63.4 57.6 47.9 39.3 48.5 52.3 52.5 54 59.9 63 66.2 67.3 67.5 67.5 67.5 67.6 67.7 67.4 66.8 67.2 67 64.4 57 54.8 53.4 50.7 48 38.7 30.9 40.9 42.6 39.9 36.8 32 31.3 30.1 29.5 28.9 27.6 25.6 24.5 18.2 17.8 20.8 21.6 22.2 22.2 22.2 21.9 21.8 22.5 23.2 23.3 18.4 18 19.6 22.3 23 23.5 24.4 24.6 24.9
70.7 70 70.7 70.4 69.9 70.3 70.6 71.1 71.7 72 72.2 72.2 71.9 71.9 72.2 71.5 71.8 71.2 70.8 70.4 70.3 68.2 61.3 59.3 56.3 51 50 40.9 40.4 48 49.1 49.5 56.6 63.4 65.4 66.3 66.4 66.6 66.7 66.7 66.7 66.7 66.9 66.2 65.9 63.8 49.7 41.3 38.5 34.3 32.6 31.5 29.8 33.1 33.7 29.8 28 27.1 26.7 27.8 27 26.3 24.8 25.3 21.6 18 20.5 21.4 22 21.9 22.2 22 21.7 22.5 23.2 23.4 23.2 23.1 21.7 18.6 18.3 18.7 22.3 23.3 23.3 23.2
69.6 70 69.3 69.4 69.7 70.2 71.1 71.3 71.8 72.3 72.5 72.4 71.9 71.7 72.5 71.4 70.8 71.1 71 70.7 69.3 68.7 67.3 61.6 56.7 52.1 45.8 42.7 38.3 43.9 44.9 52.5 57.2 62.4 64.5 65.2 65.4 65.7 65.8 65.7 65.6 65.7 65 63.9 64 53.2 46.4 35 29.4 26.3 26.8 27.3 27.6 27.8 27.7 26.8 25.7 24.8 24.8 25.7 24.9 24.5 22.9 22.9 18.5 18.3 21.2 21.9 21.4 21.5 22.2 21.6 21.4 23.2 23.6 23.3 23.1 23 22.9 22.9 21.6 18.7 18.2 18.4 22.6 22.8
69.4 69.4 69.7 69.9 70.2 70.6 71.7 71.8 72 72.6 72.8 72.5 72.1 72 72.5 72.2 71.7 71.2 70.8 70.1 69 67.9 67.3 64.5 62.9 59.1 51.4 46.4 40 38 44.4 50.8 54.9 61.2 63.4 64.3 64.5 64.7 64.8 64.6 64.3 64.3 63.5 62.6 54.4 47 38 30.4 26.8 25.3 25.8 26.4 26.5 26.6 26.3 25.2 24.2 23 23.5 23.8 23.6 23.5 24 21.9 18.8 19.3 21.9 21.3 20.9 21 21.2 21.9 21.1 23.8 22.9 22.7 22.7 22.8 22.7 22.7 23.6 24 23.6 18.3 19 18.1
69.5 69.8 69.9 71.3 71.5 71.8 72 72.3 72.5 72.7 73.1 72.7 72.6 72.6 72.2 71.6 71.2 70.7 70 69.2 68.1 66.7 66.5 64.9 64.3 62.1 57.7 52.3 42.2 37.5 45.5 51.3 55.4 60.5 63 63.5 63.6 63.8 63.3 62.6 62 63 62.7 62.4 60.2 47.6 37.8 29.3 26.1 24 24.5 25.3 25.4 25.3 25.2 24.9 23.8 24.4 24.1 23.8 23.7 23.6 23.3 21.9 18.5 20.1 21.4 20.4 21 21.8 21.7 22 22.1 22.4 22.2 22.2 22.2 22.3 22.4 22.6 22.8 23.3 23.4 23.9 24.4 21
69.6 70 70.2 71 71.8 72 72.3 72.6 72.8 73.1 73.3 73 72.6 72.3 71.7 71.1 70.4 69.7 69 68.2 67.5 66 64.5 62.2 63.2 62.2 59.7 53.8 44.1 34.5 41.5 50.8 55 59 61 62.3 62.7 62.8 62.8 61 59.7 61.3 61.4 57.9 57.5 53.3 41.8 28.6 24.2 23.2 23.5 24.2 24.1 24 23.9 23.8 23.5 23.9 24 24 24.1 23.7 23.1 21.2 17.9 20.5 19.9 21.5 22.3 22.4 22.5 22.3 22.3 22.2 22 21.9 21.7 21.8 22.2 22.5 22.1 22.3 22.7 22.9 23.7 23.7
69.1 70.6 71 71.3 72.1 72.3 72.6 72.9 73.2 73.4 72.9 72.5 72.1 71.8 71.2 70.7 69.4 68.7 68 67.2 66.3 64.3 62.7 61.8 59.5 59 57.9 52.5 44.2 34.9 38.7 45.4 50.1 56 60.3 61.4 61.8 61.7 61.7 60.7 55.2 58.6 59 57.2 47.5 47.8 44.6 33.5 23.4 22.6 23.1 23.2 23.1 23 22.9 23.2 23.4 23.4 23.5 23.5 23.6 23.6 22.9 19.8 18.6 19.5 22.2 21.8 22.4 23 23.5 23.1 22.3 22 21.9 21.8 21.6 21.8 22.1 23.6 23.6 22.8 22.8 22.4 23.3 24.2
70.3 71.4 71.8 72.1 71.6 72.7 73 73.3 73.3 72.9 72.4 72 71.6 71.2 70.9 70.4 68.4 67.9 66.6 63.6 62.2 58.2 56.7 58.3 56.4 53.5 54.3 52.8 45.9 37.3 37.8 46.2 51.6 56.4 59.6 60.8 60.3 60.2 60.4 59.2 53.4 53.2 55.7 54.1 49.7 39.5 37.1 28.8 23 22.1 22.4 22.3 22.3 22.6 22.8 23 23.2 23.2 23.3 23.4 23.4 23.5 23.2 18 17.8 21 22.1 23 23.6 23.5 23.8 23.8 23 22.4 22.8 22.9 22.8 22.9 23.1 24.5 24.4 23.8 22.9 22.7 23.3 23.9
