Game/Highland_Data/StreamingAssets/GeoData/Data/sd/SD64.asc
ncols 200
nrows 200
xllcorner 360000
yllcorner 440000
cellsize 50
[rows 140 to 174 of 200, columns 78 to 155 of 200]
100.8 98.8 99 98.7 98.5 99 99.3 100.5 101 99.8 98.7 102.1 101.1 98.4 96.9 94.5 90.7 81.9 89.6 92.1 96.1 98 98.9 98 97 94.7 94 100.3 106.9 109.2 110.4 110.2 110.3 109.3 102.5 92.6 101.2 105.3 104.2 104.6 93.9 105.7 111.7 115.9 119 121.1 123.7 125.6 126.9 127.3 128 129.6 130 130.1 129.2 124.5 118.7 124.4 125.8 125.6 124.8 124.8 124.2 123.9 123.5 122.4 120.2 116.1 107 98.6 93.1 85.8 72.1 67.4 68.1 67 79.3 95.2
99.7 98.4 98.2 98.9 98.2 97.3 97.7 99 99.4 93.5 96.8 98.6 96.3 95.1 90.8 88.7 84.7 89.3 96.2 98.3 101 101.3 101.9 101.7 101.3 103.6 103.9 106 108.8 110.7 111.9 111.9 111.5 110.2 105.9 102 107.6 111.5 112.6 113.4 106.6 111.3 118.3 120.4 122.6 125.3 127.1 128.3 129.2 129.5 129.7 130.7 130.4 129.8 129 121.2 125.4 126.3 126 125.8 125.5 125 125.2 124.3 124.8 123.3 122 119 114.5 109.9 103.8 97.3 92.5 85.2 83.1 90.8 95.6 97
98.3 97.7 97 98 97.4 96.5 97.6 92.8 95.9 88.7 90.3 89.2 91.6 88.4 83.9 82.1 89 98.1 102.9 102.4 103.5 104.9 104.4 104.7 104.8 104.8 106.4 108 110.4 112.7 113.5 114.7 113.9 112.7 109.7 103.8 112.9 116.3 117.2 117.7 116.8 111.4 121.6 123.5 125.4 127.4 128.8 129.6 130.2 130.8 130.3 131.1 130 128.8 122.3 129 128.8 127.8 127.5 126.5 126.3 125.8 125.4 124.4 124 123.5 121.8 120.4 119.2 118.4 112.5 107.8 104 100.9 98.5 99.2 100.8 94.1
97.5 97.2 97.3 97.4 96.4 93.3 95.2 92 88.4 83.3 84.7 83.3 83.2 82.8 88.4 92.8 99.7 103.5 105.2 105.8 102.1 106.8 108.2 108.4 109.4 109.4 109.5 112.1 113.2 115 115.8 116.2 116.2 115.9 112.5 105.3 115 119.6 120.6 121 121.7 121.9 121.5 125.5 127.5 128.9 129.9 130.8 131.2 131.2 131.6 130.8 129.9 128.3 129.1 130.1 130 129.2 128.5 127.8 127.1 126.8 125.9 125.7 125.1 124.2 122.8 121.2 120.5 119.1 117.6 116.1 114.2 111.7 108.8 105.8 97.4 88.9
93.8 95.4 97 96.1 95.5 93.5 91.5 88.2 85.4 88 89.6 94 94.1 93.9 98 100.6 103.3 105.6 107.4 108 107.7 106.2 109.8 110.7 111.1 111.9 112.2 114.2 115.3 116.4 118 118.4 119.1 117.8 111 111.2 116 119.8 121.3 122.5 123.5 124.1 126 126.1 128.7 129.8 130.7 131.5 131.8 132.3 131.8 130.9 129.8 128.6 131.3 128.9 130.1 129.7 128.6 127.9 127.9 127.7 127.3 126.2 125.1 124.1 122.7 121.5 120.4 119.5 118.3 116.7 115.4 112.4 106.8 101.8 92.2 82.5
96.7 96.3 95.9 95.7 92.7 91.9 85.8 84.9 88.7 91.2 93.9 97.1 99.1 95.5 100.9 103.2 105.1 107.6 109.3 110.3 110.2 106.8 110.9 111.8 112.7 113.4 113.8 114.9 116.5 117.9 118.5 119.1 119.5 117.9 109.5 111.6 116.9 119.8 121.9 123.6 124.8 125.8 127.3 128 129.4 130.8 131.1 131.6 132.5 132.6 132.3 131.1 126.9 131 131.8 130.7 130.4 129.6 128.8 128.6 128.4 128.5 127.5 126.6 125.6 123.9 123 122 120.9 120.2 118.8 117.1 114.7 108.2 99.8 91.9 81.8 83.2
95.9 95.9 95.4 94.9 90.5 86.1 87 84.7 92 93.4 95.8 99.7 101.5 101.1 102.4 105.1 106.6 109.2 110.9 111.6 111.6 110.2 110.7 113.1 114.1 114.9 115.8 116.2 117.7 118.5 119.4 120.2 120.4 119.3 112 110.8 118.1 120.7 122.9 124.6 125.9 127.4 128.7 129.8 130.2 130.3 130.6 131.5 133.2 133.2 132.9 131.3 129.1 130.8 132.1 132 131.1 130.5 129.9 129.6 128.8 128.2 127.5 126.1 124.8 123.9 122.9 122 120.8 119.9 118.4 116.5 112.1 101.8 87.9 89.3 92.5 94.5
92.2 91.6 93.7 89 83.7 90.9 92.3 92.5 91.6 94.5 98.1 101.7 103.2 103.9 103.2 106 108.1 110.2 111.6 112.4 112.4 112.6 112.3 114.1 115 116 116.5 118 118.8 119.3 120.5 121.6 121.3 120.4 113.6 110.4 116.4 121.5 123.7 125.8 127.3 128.3 130 130.7 131.6 130.9 131.3 131.3 132.3 132.6 131.1 132.8 130.4 132.2 133.2 132.4 131.7 131.4 130.9 130 129.1 128.2 126.4 125 123.6 123 122.6 121.6 120.5 118.8 116.1 111.7 107.2 97.5 95.8 100.4 102.7 104.6
86.3 85.6 87.3 87 92.2 93.6 93.8 92.4 92.5 95.3 99.9 103.3 105.1 105.6 106.1 105.4 107 109.8 111.5 112.7 113.4 114 114.5 113 114.2 115.8 117.3 118.3 120 120.9 121.3 122.6 122.4 120.9 110.9 119.8 120.7 117.8 124.5 126.8 128.4 130.3 131.1 131.4 131.7 131.6 131.6 132.1 132.5 132.8 133 133.6 133.2 133.6 133.8 133 132.4 132.1 131.7 130.4 129.5 128.3 126.8 124.1 114 111.2 109.1 110.6 110.2 107.6 103.2 96.9 99.4 104.9 108.8 111.4 112.5 111.7
86.4 86.4 86.9 92.7 94.1 95.4 95.1 93.9 91.5 96.2 101.4 104.8 106.4 107.7 108 108.5 107.4 108.5 111.3 112.7 113.9 114.7 115.2 115.9 116.2 116.3 117.7 119.6 121.3 121.9 122.7 123.9 122.2 116.2 120.6 120.4 123.5 124.8 124.8 126.6 129.9 131.1 132.3 133.2 132.8 132.4 132.8 132.9 133.5 133.6 134.1 134 134.4 135.5 134.4 133.9 133.1 132.6 132.2 131.1 129.3 127.7 125.8 115.2 123.4 119 120 117.7 113.6 109 115 114.4 109.9 116 116.5 115.7 115 113.2
90.2 88.7 92.7 93.2 95 96.6 96.9 95.8 92.2 97.9 102.2 106.6 108.1 109.1 109.2 110 111 110.2 111.7 112.9 114.4 116 116.9 117.4 117.5 116.9 118.8 121.1 122.2 123.1 123.3 123.4 121.2 121.2 123.3 124.5 125.8 127.1 128.6 128.4 128.4 131.2 133.1 133.7 133.2 132.7 133.5 133.9 134.6 134.6 134 135.3 134.4 135.2 135 135.1 134 133.2 131.8 129.1 127.3 121.8 125.5 126.2 121.7 123.1 123.9 122.3 120.1 117.6 119.2 115.7 111 116.8 118 117.2 115.5 113.8
93.1 93.6 94.3 94.9 96.6 97.3 98.5 97.5 95.5 100.3 104.8 107.9 109.5 110.5 110.8 112 112.9 113.2 113.4 113.5 115.5 117.2 118.3 118.9 119.4 118.4 120.5 122.5 123.7 124.7 125.2 124.6 121.7 121.2 124.9 126.5 128.6 129.7 130.6 131.4 130.4 131.7 133.8 133.5 134 135.4 134.5 135.6 135.7 136.2 135.4 135.5 136.1 135.7 135.9 135.7 134.9 133 132.1 131.1 129.2 128.6 128.4 126.4 126.5 126.1 125 124.2 122.1 122.3 121.1 119.4 119 115.7 119.4 118.1 116.5 114.1
93.5 94.3 95.5 97.1 99.3 100 100.4 100.6 97.7 101.9 105.7 108.5 109.9 111.6 113.3 114.3 114.8 114.7 112.5 114.3 116.3 117.5 118.8 119.9 120.8 120.4 122.4 123.8 125.5 126 126 124.2 125.5 125.8 127.1 129.2 131 132.2 132.9 132.9 132.4 131 134.1 135.1 135.5 135.9 135.8 136.8 137.5 137.3 136.2 137.1 136.4 137 137.1 136.1 135.9 134.4 133.5 131.6 130.9 130.2 130.2 127.9 129.3 128.1 127.4 126.2 124.9 124.3 122.8 122.2 121.8 119.7 121.1 119.8 117.7 116.3
94.8 96.3 97.1 99.6 101.1 101.9 101.8 102.6 102.1 101 106 108.4 109.6 112.2 114.6 116.4 117 116.3 116.1 115.6 115 117 119.3 120.9 122.1 123.2 122 125.4 126.9 127.7 127.4 125.7 126.9 127.9 127.9 130.3 132.4 134 134.5 134.2 134 133.4 132.2 135.4 136.9 137 138.2 137.7 138.4 138.6 137.6 137.3 136.7 137.5 137.5 137.3 136.9 135.7 133.4 134.3 132.9 132.8 129.3 130.6 131 129.7 129.3 127.6 127.6 127.1 126.2 125.5 123.8 122.7 123.2 121.9 120.5 119.1
95.6 96.7 99.2 101 103 103.4 104.4 104.9 105.7 107.5 106.4 108 109.4 113.3 115.6 117.5 118.1 118.2 118 117.5 116.4 117.3 119 121.8 122.4 124.4 125 126.8 128.1 129.2 128.3 128.6 128.5 129.8 131.1 130.5 132.5 134.9 135.7 135.5 135.5 134.9 134.5 134 136.3 137.7 138.1 139.1 139.4 138 138.2 138 138.1 138.3 138.5 138.4 137.8 136 137.3 135.6 135.1 134.8 131.8 133.7 133.4 132.1 131.7 131.2 130.3 128.3 128.5 127.2 126.5 126.1 125.5 124.2 123.5 122
95.9 98.9 100.7 102.8 104.3 105.7 106.8 108.7 108.8 107.1 108.2 109.4 111.7 112.4 115.8 117.6 118.7 119.7 119.8 118.8 118.8 119.5 120.7 121.9 124.6 126.6 127.9 127.6 129 130.1 130.4 130.5 131.4 131.7 133.3 134 131.8 135.6 136.3 137.1 137 137 136.6 135.6 135.3 136.1 138 139.4 139.3 138.8 138.7 139 139.3 139.2 139.5 139.9 139 139.3 138.4 138.2 137.4 135.9 135.9 136.1 136.4 135.1 134.3 133.8 132.5 131.8 130.8 129.8 128.6 128.1 127.2 126.9 125.6 123.2
96.7 99.4 101.7 103.5 104.4 107 109.1 111.4 111.2 108.5 109.1 109.2 114.4 115.4 116.3 117.9 119.5 120.9 121.9 120.6 120.7 121 123 124.8 126.5 128.7 130 130.6 129.3 131.6 132.1 132.9 133.7 133.7 135.3 136.1 135.7 136.5 138.3 138.7 138.3 138 138.4 138.2 137.8 136.7 138.2 139.4 139.1 139.3 139.5 140.2 140.5 140.6 141 141.2 141.6 140 140.7 140.2 139.6 137.9 138.8 138.8 137.9 138.2 137.1 136.4 135.1 134.7 133 131.2 131.3 130.6 130.1 128.7 126.3 123.6
97.7 100.7 102.2 103.5 104.9 107.3 110.4 112.2 111.2 111.7 112.4 115 117.1 118 118.3 119 121.1 121.8 122.6 122.6 122.3 122.9 125.5 127.3 129 130.6 131.7 132.7 131.1 133.2 134.3 134.9 135.9 136.3 137 137.9 137.4 135.5 139.5 140.3 140.5 139.8 139.2 139.2 139.2 138.3 139.1 139.4 140.1 140.3 140.5 141.4 142.2 142.7 143.9 144.2 144 141.5 142.1 142.3 142.4 141 141.2 140.9 140.8 140.6 140.4 139.5 138.4 137.3 136.6 136.2 134.7 133.5 133.8 130.8 129.1 128.9
98.6 101.1 102.4 103.8 106 107.6 110.8 112.4 113 113.5 115.6 117.6 119.7 120.4 120 121.2 122.2 123.4 123.8 124.3 124.1 125.1 127 129.4 131.4 133.3 134 134.8 134.6 135 135.7 136.4 138 139.3 139.7 140.3 140.3 136.9 140.4 141.8 141.6 141.1 142.3 141.1 140.3 139.4 140 140.5 140.8 141.3 141.9 143.3 144.5 145.9 147.2 147.4 146.2 143.6 144.8 144.9 144.1 143.4 144.2 144.3 143.7 143.7 142.5 141.1 141.3 141.3 140.1 140 138.8 137.8 136.7 135.4 133.1 132.2
100.3 101.2 100.6 104.1 106 108.7 110.9 112.1 113.7 115.4 117.9 120.2 120.8 122.4 122.3 123.4 123.8 124.6 125.8 125.6 126.6 127.6 129.9 131.8 134 135.4 136.2 136.5 136.5 136.6 138.3 139.3 140.1 141.7 142.2 142.9 141.5 139.8 141.8 143.9 145.7 144.3 145.9 145.6 142.7 140.9 140.4 141.7 141.2 142.1 143 144.7 146.8 148.6 150.5 150.2 148.4 147.4 144.7 147 147.2 146.1 147.6 147.6 147.5 146.9 145.9 145.7 145.4 145.6 144.6 144.3 143.8 143.6 142.4 141.4 138.5 138.4
99.4 101.2 103.8 106 108.5 110.6 108.8 112.5 113.5 116 118.8 121.7 123 123.2 124.3 124.8 125.7 126.4 127 127.2 128.5 130.1 132.3 134.4 135.7 137.7 138.5 139.3 138 138.4 140.7 141.7 143 144.5 144.4 144.2 143.8 143.8 143.9 145.6 148.5 149.6 149.6 148.9 147 144.7 142.6 142.7 143 145.6 146 147.9 149.4 151.4 153 152.8 151.1 148.1 147.3 148.1 149.5 149.4 152.2 152.6 152.4 150.7 151.1 150.4 150.4 150.7 149.5 149.5 149.4 146.7 147.3 145.5 144.5 143.5
103 101.6 105.3 107.6 110.1 112.6 113.1 112.3 113.6 115.5 119.2 122.1 123.7 124.4 125.6 125.5 126.7 128.2 128.7 129.6 130.8 132.4 134.9 136.8 138.7 140.3 141.7 141.6 141.9 140.3 143.8 145 146.4 147.4 146.3 146.3 146.8 146.1 149.1 150.6 150.4 152.8 152.4 153.9 153.4 151.5 147.9 148.2 148.7 150.3 149.6 152.3 153.3 155 156 154.8 153.6 152.6 152.4 152.4 152.8 154.3 157.1 158.7 158.1 154.7 156.8 155.9 156.1 156.6 155 153.5 152.4 151.6 152.4 148.6 149.9 148.8
105.3 106 106 108 111.2 114.4 115 113 114.1 115.4 118.2 120.6 123.3 125.3 126.1 127.3 129 130.2 131.1 132.4 133.8 135.7 137.5 139.3 141.1 143 145.3 146.2 145 144.3 145.9 149 150.5 151.5 149.9 150.1 150 150.9 153.7 156.5 157.6 157.7 158.1 158.4 158.2 156.1 154.6 155.6 155.7 155.6 153.9 156.9 158 158.5 158.1 157.7 156.9 157 157.1 157.7 154.8 158.4 159.3 162 163.1 159 162.8 161.6 161 161.7 161.1 159.2 158.1 157.5 157.2 156.3 155.9 155.5
106.7 106 106 108.3 112.3 115.8 116.9 116 116.1 117.3 118.9 122.2 124 126 126 128.3 130.4 132.3 133.6 135.1 137.1 138.8 140.9 141.8 143.1 145.1 148 150 150.1 148.6 151 153.3 154.7 155.6 155.3 156.3 156.8 156.6 159.4 160.6 161.1 162.8 162.9 164 163 162.3 165.1 164 163 160.9 155.7 162.9 162.3 161.2 161.2 161 162.3 162.8 163.3 163.5 161.2 160.8 161.8 162.5 165.6 164.5 167.6 168.8 168.2 167.6 166.1 165.3 163.7 162.7 162.5 161.5 161.5 161.7
108 106.9 107.7 107.6 112.8 116 117.2 117.7 117.5 118.4 120.6 122.1 125.2 127.2 128.7 129.4 131.4 134.7 136.2 138 140.5 142.1 143.6 144.6 146.7 147.6 149.7 153.5 155.2 152 154.5 156.4 158.6 159.2 159.8 161.3 161.3 160.7 162.6 164.6 167.1 167.2 169.5 169.8 169.8 170.6 173.6 173.6 167.8 166.9 164 166.9 167.4 165.9 167.6 168.9 171.3 170.2 169.9 169.6 168.8 170.1 168.7 169.6 169 170 172.2 174 173.7 173.6 172.1 172.1 171.2 170.2 169 168.7 168.4 166.9
108.6 109 109.6 109.8 109.8 114.4 117.1 118.8 120 121 122.2 124.7 127.4 129.9 131.4 132.9 134.7 136.6 139.3 141 142.7 145.3 147 148.4 149.7 151.1 153.5 156.4 157.3 154.3 157.2 158.2 162.3 164.2 164.8 166.6 166.6 166.6 169.6 169.8 175.1 174.3 174.6 175.3 177.2 179.1 179.3 176.6 173.8 172.3 170.6 169.8 172.4 172 174.7 176.7 176.8 176.7 175.6 174.8 173.9 173.5 174.2 173.4 173.4 175.1 175.1 177.7 178.9 179.8 178.5 177.9 177.3 176.6 175.7 175.9 176.4 173.7
110.6 111.1 112.1 112.7 113.1 114.2 116.6 119.1 121.1 122.9 124.9 127.1 129.4 132.9 134.8 136.1 136.5 138.3 141.1 143.6 146.4 149.4 151.3 152.7 154.7 155.9 157.8 161 156.9 156.6 160.3 162.3 165.4 167.3 169.6 170.3 173 174.4 176 177.4 178.1 178.8 179.9 181.6 182 186.1 185.4 184 179 177 175.2 173 174 178.1 179.4 180.8 181.3 179.5 178.1 178.9 178.4 176.2 176.2 175.9 176.6 176.4 177 178.7 181.5 183.3 183.2 181.5 180.3 180.4 178.9 180 180.8 180.2
111.9 113.5 114.7 115.9 116.5 117.1 120.1 120.4 123 125.2 126.8 129.9 133.2 135.6 137.7 139.4 139.8 142.4 144.6 147.4 149.8 153.3 155.7 158 159.7 162 165.1 166.1 161.1 159 161.5 166.1 169.8 172.5 174.9 176.8 179.3 180.9 182.9 183.9 184.5 185.2 186 187.2 188.5 190.6 191.2 191 189 182.8 180.1 178.1 181.4 183.6 185 184.8 186.1 185.2 185.3 184.2 183.1 181.8 181.9 180.6 182.1 184 182 180.3 181.5 182.4 182.7 181.8 182.3 182 180.6 180.9 181.4 181.4
113.9 116.1 117.5 119 119.8 121 121.7 123.9 125 127.9 129.9 133.1 136.2 137.9 140 141.5 143.1 145.7 147.5 151.4 154.4 158.2 160.6 164.2 166.3 168.6 170 167.3 164 162.6 165.9 173.5 176.9 178.4 182.1 182.5 185.4 188.2 189.8 190.8 189.8 191.8 193.5 193.8 195.9 196.6 196.9 196.7 196.4 192.7 190.2 188.3 187.6 190.3 190.6 194.2 193.1 193.8 194.6 193.8 192.3 190.9 190.8 193.5 194.3 194.5 189.6 188.7 188.9 188.5 188.1 186.8 189.7 189.3 190.3 188 187.4 187.7
116.3 118.4 120.5 121.2 123.9 124.8 124.8 128.2 128.4 131.5 135.3 137.2 138.8 141.2 142.3 144.9 147.3 149.1 152.4 155.2 159.2 163.6 167.4 170.5 172.6 174.1 173.5 169.4 164.1 168.7 174.9 180.4 184 186.9 188.8 190.8 193.9 194.8 195.7 197.1 199.7 198.6 200.3 201.9 203.6 203.8 205.8 204.7 205.8 206.4 206.2 204.7 204.8 208 209 209 209.4 210.1 210.2 210.8 210 211.5 211.6 209.9 207.4 205.5 208.6 206 207.7 206 205 203.9 202.1 202 202.3 201.8 200.2 199.1
119.3 121.3 123 125.2 127.8 129.4 129.2 132.2 133.9 135.3 137 140.1 142.1 144.6 146.5 148 150.5 151.9 156.2 159.6 163.5 168.1 173.2 176.9 177.9 177.8 175.3 169.4 172.4 176.3 181.5 185.9 190 192.6 195.1 198.4 200.3 202.3 204.1 204.1 205.1 208.2 209.2 211.8 213.5 214.5 216.2 218.7 219.2 220.2 219.6 222.9 221.8 225.5 227 227.7 229.1 229.7 228.5 229.4 227.9 229.1 230 230.1 229.7 231.8 231.6 230 223.4 224.4 222.9 221.7 220.7 219.6 220.2 219.6 218.1 216.6
121.4 123.6 126.1 128.5 130.9 132.7 133.6 133.7 136.2 138.2 140.6 142.3 144.3 147.3 150.1 151.9 154.4 154.6 160 164.2 168.7 174.3 179 182.5 181.4 178.7 178 177.9 179.2 185.3 188.6 192 196.8 200.1 202.7 206.2 208.9 210.2 213 215.2 216.8 218.2 219.2 224.9 226.1 229.7 230.6 232.1 235 238.9 244 246.2 249.2 252.4 254 257.3 257.4 257.6 255.8 255.6 255.4 257.4 258.2 259.3 258.6 260 259.1 255.6 250.9 241.1 247.5 246.8 246.5 246.7 247.5 244.7 241 239.6
123.1 125.3 128.2 130.8 133.4 135.7 137.6 137.8 140.1 141.6 143.8 146.1 148.1 149.9 152.5 156.1 159 161 161.2 167.9 173.2 179.9 183.7 185.9 183.9 183.7 185.7 185.8 188.3 194.6 197 200.6 204.8 207.7 211.6 215.4 219.7 223.7 226.5 228.9 231.7 233.2 235.1 239.6 242 244.7 247.1 250 254.6 260.7 266.7 272.2 278.8 283.8 285.1 286.4 287.1 287.5 288.1 285.7 287.8 289.6 291.3 290.7 290 288.9 287.3 283.4 278.5 273.6 268.3 274.6 278.7 282.2 283.5 277.3 272.3 270.1
123.9 127.5 130.4 133.4 136.3 138.8 141.6 142.2 141.4 143.4 147.7 150.7 151.7 154.5 156.7 159.9 162.5 166 167.7 172.9 178.4 183.9 187 188.5 189.5 189.8 192.1 194.3 197.6 202.6 207 211.1 215.2 220.7 224.6 229.4 232.6 235.8 240.1 244.9 249.5 252.8 255.6 258 263.4 265.8 270.1 275.3 281.3 287.8 295 302.7 305 305.7 305 305.3 304.5 304.6 306.3 306.9 309.2 311.1 312.6 313.7 313.6 312.4 308.7 306 303.3 300.2 299.3 302.1 304 305.7 305.6 304.9 301 296.8
126.4 130.4 133.3 137.9 142.1 144.5 146.7 145.3 146.4 147.7 150.9 154.7 156.9 158.6 160.9 164.7 167.8 171.4 172.5 175.7 182.9 187.1 190.2 192.7 194.6 196.3 200.6 204.8 208.6 213.1 217.4 221.9 227.2 233 238.1 243.4 249.7 255 261.3 266.7 271.2 273 276.9 280.3 284.9 290.2 295.1 301.1 307.8 312.1 314.9 316.3 317.2 317.1 316.6 314.1 312.6 311.9 312.7 312.8 313.2 313.9 315.1 315.6 315.6 315 312.8 311 307.8 305.6 304 305.9 307.3 307.2 306.4 306.7 304.3 302.4
