Game/Highland_Data/StreamingAssets/GeoData/Data/sd/SD66.asc
ncols 200
nrows 200
xllcorner 360000
yllcorner 460000
cellsize 50
[rows 70 to 104 of 200, columns 0 to 77 of 200]
122.9 121.3 118.1 115.1 112.3 112.4 106.5 95.7 82.4 66.3 86.9 95.5 104.4 107.3 104.7 103.2 103.2 107.5 114.6 119.4 125 123.5 122.5 119.1 119.4 113.7 117.3 116.3 114.1 118.4 118.1 110.3 110.1 118.7 121 125.3 129.6 132.3 135.9 139.5 142.5 145.1 142.3 138 150.7 155.2 157.5 159.1 161.8 162.7 164.5 164.4 163.5 161.2 158.8 157.3 155.8 153.4 150.2 147.1 147.4 146.9 145.2 143.3 143.2 143.1 144.8 145.5 144.9 145.7 146.3 146.6 143.8 139.9 136.1 129.6 118.5 111.1
128.5 126.7 122.6 124.2 125.4 123.5 118.3 113.1 88.6 67.7 96.9 100.1 107.1 108.2 105.5 108.3 110.7 116.1 119 123.6 127.3 127.2 124.9 122.4 125.5 124.7 120.1 128 130.6 131.4 130.4 127.2 122.1 115.2 112.6 120.5 125.5 130.9 133.7 136.1 139.4 141.9 134.9 146.4 153.1 156.3 158.6 160.7 162.9 165.2 165.9 165.6 164.1 162.1 160.1 158.7 157.4 155.3 153 149.8 150.7 149.5 147.6 146.2 144.2 144.8 147.8 145.9 147.4 146.8 146.8 148.2 147.5 143.7 141.5 136.1 128.6 119.6
132.6 130.7 125.1 128.8 131.4 129.2 123.8 119.1 102.2 67.7 74.7 71.5 75.4 88.2 107.3 111.6 115.3 118.5 120.1 124.3 127.1 126.7 123 126.2 129.7 131.3 127.1 132.1 135.2 136 135.3 134.2 133.3 132.2 125.5 115.6 119.4 123 126.1 129 130.5 131.7 138.6 150.1 154.2 157.4 160 161.9 164 165.8 166.6 166.4 164.5 162.9 161 159.9 159.1 157.5 155.2 154.7 154.3 152.9 150.8 148.5 146.9 146.7 147.8 146.7 145.9 147.3 147 148.9 150.2 147.4 145.2 141.4 136.3 129.5
131.4 130.5 130.6 135 135.2 133.4 129.5 123.3 118.1 99.1 77.4 70.8 71.5 81.9 111.2 113.4 116.6 118.5 119.8 122.7 124.9 124.4 121.7 128.7 135.2 134.5 132.7 135.5 138.2 138.9 139.1 139.5 139.3 140.7 140.2 140.3 131 126.2 123.9 123.2 129.2 126.8 135.6 151.3 155.9 158.9 161.5 162.1 164.4 166.1 167.1 167.2 165.8 164.4 162.8 161.9 160.7 160 158.5 157.8 157.5 155.9 153.3 151.5 149.3 149.3 149 148.7 147.3 147.5 147.2 148.6 150.1 149.5 148.9 145.3 141.3 136.2
130.9 131.3 134 136.7 137.1 137.4 135.6 129.7 126.7 121.1 113.9 84.2 74.1 76.1 105 110 115.6 117.1 118.6 121 121.8 121 124.8 131.6 135.9 135.3 134.7 137.5 140.8 142.3 143.5 144.4 144.5 145.1 146.2 146.4 146.4 146.7 147.1 147.5 150.3 144.4 131.2 148.2 157.9 160.3 161.7 161.6 163.2 165.5 166.4 165.8 165.3 164.3 163.7 163.5 162.5 161.3 161.6 161.8 161.1 159.4 156.6 153.7 152.4 152.1 151.3 150.1 148.6 148.5 148.5 149.6 151.7 151.3 150.4 148.8 146.5 142.9
142.1 136.4 134.8 136.7 141.1 143 140.9 137.3 133 127.2 116.4 86.5 73.7 77.7 108.2 115.3 113.6 116.8 118.3 118.6 119.9 121.4 127.7 133.8 135.4 136.1 136.4 139.4 144.3 147.9 148.3 148.1 149.2 149.4 150.1 151.5 152.2 153.2 154.7 155.2 156 153.5 137 146.4 158.5 160.2 160.1 159.6 160.7 161.4 162 162.8 162.7 162.1 162.2 162.7 162.5 163.3 163.4 164.1 163.8 162.4 158.9 155.5 155.5 155.6 155 153.5 153.9 153.6 152 152.2 155.2 155.2 154 152.5 150.4 147.4
152 150.8 150.1 150.7 151.7 149.7 147.8 143.1 137.6 129.9 117.5 85.6 72.6 77.4 106.6 116.6 117.2 117.2 118.9 121.2 122.7 126.7 130.8 134.9 137.1 139.2 142.4 147.4 151.1 152.6 153.8 154.3 154.4 153 153.8 155.8 156.1 158.2 159 159.9 158.8 153.1 138.9 149 157.4 158.7 158.5 158.6 159.7 160.7 160.8 160.7 160.1 160.2 160.5 161.2 162 163.6 164.9 165.9 166.5 165.2 163.1 159.3 159.5 160.8 160 158.7 158.7 158 156.2 157.8 157.6 157.1 157.2 155.2 153.7 150.4
159 158 158.2 158.2 158.9 156.7 155.2 149.6 142.8 133.2 117.1 86.8 72.8 76.7 99.2 114.5 118 118.7 122.4 126.9 130.2 129.8 134.1 138.3 141.1 144.2 148 152 155 157.3 158.3 159.7 159.5 158.5 158.4 159.3 160.2 160.3 161.2 161.8 159.1 153.1 140.7 143.8 154.3 155.7 156.1 156.4 158.4 159.6 160 160.2 159.8 160.2 160.6 161.1 161.8 163 164.4 167.2 168.7 168.3 167.6 166.9 167.6 168.1 167.1 163.5 163.7 163.1 162.3 161.4 160.8 160.3 158.9 158.1 155.6 152.9
159.1 161.5 162.7 162.4 163.7 164.7 162.1 157.8 150.2 134.8 117.6 91.4 77.7 77.2 91.5 109.9 114.2 117.7 124.2 130.5 134.6 136.9 134.4 140.2 143.6 148.2 153 156.6 158.9 159.5 161.9 162.3 162.7 161.8 163.1 163.8 162.3 161.3 162.1 163 158.2 152 142 138.6 145.7 151.4 152.6 153.8 156.5 157.7 157.5 158.1 158.9 159.4 161.1 161.7 162.5 163.7 165.7 168.4 170.6 171.1 170.7 171.6 172.3 171.8 171.7 170.2 169.1 168 166.3 164.4 162.6 160.9 159.8 159.3 158 154.5
159.8 163.6 166.6 166.7 168.1 168.3 167.1 162.5 156.5 142.3 123.8 98.4 84.8 78.8 87.5 107.3 114.3 117.4 126.8 133.7 137.7 140.7 140.2 140.1 146.8 151.6 155.7 158.6 161.8 163.7 164.1 164.9 165.2 165.3 166.1 165.6 163.8 162.7 163.1 163 157.7 151.9 143.5 144.9 144.2 142 145.8 153.5 156.4 157.5 157.6 158 160 163 163.6 165.5 167.5 169 169.4 171.8 172.4 173.9 175.3 175.9 175.5 173.8 174.4 173.9 172.8 171.7 169.3 165.7 163.6 160.2 158.6 158.2 157.1 154.1
162.2 162.5 168.1 169.2 170.8 169.9 168.5 164 158 148 128.5 103.4 87.8 79.5 84.4 105.6 115.3 120.4 128.2 134.2 139.5 142.9 144.2 146.8 147.8 152.6 157.2 160.6 163.3 165.5 166.6 166.8 168.2 168.7 168.9 166.7 164.5 162.5 162 162.3 158.4 149.9 145.3 149.5 147.8 143.8 148.2 152.1 156.7 158.3 159.3 160.2 164.2 166.4 167.6 170.4 171.3 171.6 172.5 172.8 173.9 176.3 177.9 178.3 178.5 175.9 176.9 176.8 175.7 173.9 171.1 167.6 165.1 159.6 158.8 156.8 155.1 154.1
168 163 166.1 168 170.5 170.4 168.6 166.9 158.9 148.5 127.2 111 86.9 80.9 85.8 107.9 117.9 124.2 129 133.1 139.8 144.2 147.4 150.2 152.7 155.1 157.5 162.4 165.2 167.5 169.1 171.5 172.9 173.9 171.7 168.5 164.8 163.6 160.7 159.1 154.2 148.6 149.4 152.4 151.7 148.9 149.3 154.5 156.6 157.4 159.6 162 167.5 171.3 173.2 174 174.6 174.7 176 176.4 178.3 179.8 181.4 182.1 181.4 179.5 179.1 179.1 176.3 175.1 173 170.3 165.7 162 160 157.9 157 156.5
173.4 168.7 166.8 166.9 168.9 169.3 169.2 166.2 159.3 134.7 116.1 103.2 86 81 88 113 117.4 123.3 129 134.6 140 146.9 151.2 154.3 157.7 160.1 163.7 165.7 168 169.9 173.1 175.5 177.5 177.7 176.1 171.7 166.8 165.5 162.5 158.6 157.9 157.4 154.5 155.7 155.6 154.3 149.8 158.8 160.7 160.9 160.9 162.6 166 174.7 177 176.9 178.1 179.8 182.2 183.6 185.2 184.7 184.8 186 185.9 184.2 180 179.1 178.3 177.7 175.4 172.4 167.9 163.9 162.3 161.6 159.7 159.2
179.6 173 170.8 171.1 168.8 168.7 169.2 166.5 158.5 126.4 109.8 98.1 85.9 81.2 89.7 116.3 121.7 122.5 128.4 134.5 140.6 148 155.4 159.4 163 165.8 167.9 169.3 170.8 172.3 175.1 177.7 178.5 179.2 178 175 171.1 171.2 167.4 163.2 164.6 163.7 161.4 160.4 162 163.2 147.8 159 164.5 165.8 167.5 171 173.8 176.9 179.8 180.6 183.5 185.5 186.9 189 189.3 186.1 187.9 189.6 189.3 187.8 184.9 181.9 181.5 179.5 177.3 174.5 170.6 167.6 164.5 163.5 162.2 161.5
185.2 178.4 173.2 172.6 171.4 170.1 170.1 168.3 153.9 125.8 113.5 100.8 90.9 80.3 86.1 112.7 122.2 124.4 127.4 133.8 139.9 145.5 155.1 162.9 167.4 169.3 170.9 172 172.3 173.2 175.1 176 176.8 177.5 177.9 177.5 176.2 176.4 172.7 170.8 169.9 169 166.6 165.7 167.2 166.4 148.7 165.2 168.5 170.3 172.6 175.9 178.7 175 181.6 182.5 182.9 187.6 190.1 192 187.9 191.7 191.2 192.4 191.5 190.1 188.1 185 183.5 181.5 179.2 176.6 173.3 170.4 166.3 164.9 165.3 165.1
189.7 184 180.3 177.2 174.6 173.8 172.8 170.8 146 132 115.7 103.9 93.7 83.1 85.8 109.1 123.6 125.8 128.6 133.4 139.6 146.1 153.7 162.2 168.3 171.3 173.5 175 174.9 174.9 175.7 178 177.8 177.4 179.2 180 180.7 180.4 176.4 175.1 175.7 175.1 170.8 170.5 171.4 163.2 151.6 167.9 171.4 173.3 176.1 179.5 181.8 183.7 180.7 186.5 186.7 185 189.7 189.9 193.3 194 193.6 193.7 193.1 191.3 189.4 186.4 184.7 182.5 180.4 177.1 174.9 172.6 169.4 169.4 168.1 167.2
193.6 189.4 186 183.7 178 176.2 174.5 172.2 141.3 133.8 117.3 105.2 100.9 84.1 87 111.9 124.2 126.1 129.6 136 142.7 149.7 156.6 164.2 170.5 174.3 177.8 178.4 177.3 176.8 177.4 180 179.3 180.6 182.9 182.8 182.9 182 179 178 178.3 177.9 174.4 173.5 163.2 156.4 162.1 169.8 172.6 174.9 177.8 180.7 183.6 186.7 187.5 183.1 190 191.5 191.9 194.4 195.2 195.1 195.3 195.1 193.8 192.1 190.1 187.7 185.8 182.8 180.6 178.3 177.9 176.7 174.4 172.7 170.9 170.3
194.9 193 189.8 186.6 183.9 178.9 176.8 173.9 150 134.6 119.9 107 98.7 82.8 87.7 96.7 110.5 124.9 133.1 139.6 144.5 149.3 156.6 165.7 174 178.5 180.8 180.1 178.8 178.3 178.5 181.3 180.4 181.8 184.1 183.7 183.6 183.5 180.2 178.1 178.6 176.7 172.3 162.1 156.5 169.5 167.9 171 173.3 176.2 179.7 182.9 185.8 187.8 189.5 186.3 190.9 191.4 193.3 194.5 194.8 195.4 196 195.2 193.2 191.9 189.9 187.9 186.2 185.1 182.5 182.2 180.4 179.5 177.7 175.4 173.7 170.7
198.2 195.7 193.2 190 187.4 183.5 179 177.2 161.7 142.4 130.6 106.6 95.9 83.9 85.6 89.4 101.7 118.7 134.5 139.6 145.2 150.8 158 165.4 175.3 179.8 181.8 181.1 179.1 179.1 180.5 181.6 180.5 182.3 183.6 182.9 183.1 184.6 180.4 178.3 178 175.7 163.6 161.9 171.4 171.2 164.7 172.2 175.4 177.7 182 185.1 187.8 189.6 191.2 190.6 190.2 191.9 192.7 193.5 193.8 195.2 194.9 194.2 194.1 192.9 190.1 189.3 188.8 184.5 185.6 184.8 182.8 182 180 177.4 173.9 174.6
200.4 197.5 194.5 192 189.4 185.5 181.3 179.4 174.7 140.1 137.1 114.6 102.6 92 85.2 87.7 90.1 108.7 134 139.3 146.8 153.5 160.3 167.8 176.9 180.5 182.6 182.4 181.1 181.3 182.8 182.8 180.8 181.6 182 182.3 183.3 185.1 182 178.5 177.9 173.1 163.5 168.8 174.5 173.6 172.1 167.9 176.9 180.6 183.5 186 188.3 189.8 191.7 191.7 192.4 194 194.5 194.3 194.2 195.7 195.9 196.5 195.6 194.8 192 191.1 190.4 188.9 187.7 186.4 185 182.8 179.8 177.5 178.1 175.2
202 198.6 195 193.3 190.4 186.4 182.4 179.9 175.8 155.2 139.7 125.6 108.1 100.8 91.6 89.1 90 97.2 119.7 138 145.9 153.2 159.7 168.1 176.6 181.3 183.5 183.5 183.2 183.3 184.6 185.1 181.1 180.8 180.8 181.1 183.2 184.6 182.6 179 178.9 175.7 164.1 172.9 178 177.4 172.6 174.1 177.5 183 185 186.7 189.1 191.3 192.9 192.9 194.4 196 197 197.9 197.9 198 198.7 198.9 198.3 197 195.1 194 193 191.4 189.5 187.2 184.4 182.3 181.7 181 179.4 177.9
204.7 200.8 197 194 190.3 186.8 181.9 178.8 174.8 168 138.8 129.3 113.9 103.7 95.5 93.2 89 93.1 107.2 132.3 145.1 154.6 160.9 168.6 176.2 180.7 183.4 183.9 183.3 184 184.7 185.4 181.2 180.8 180.8 180.8 182.2 183.6 183.4 181 179.8 180.2 164.7 173.3 181.4 180 175.1 180.8 178.2 183.3 188.4 189.7 191.7 193.3 194.7 196.4 197.3 198.3 200.1 200.7 200.6 200 199.8 199.7 199 198.4 197.4 196 193.6 193.4 192.8 191.6 186.9 187.1 185.7 182.7 181.6 181.3
206.3 201.9 198 193.6 190.7 187 182.7 179.2 173.5 166.4 139 128.5 114.6 115.5 105.7 94.6 90.6 93.7 99.9 124.9 142.9 154.2 162.8 168.1 173.9 178.7 181.2 182.3 182.6 182.2 183.5 183.2 182.6 180.5 181.7 181.4 181.1 181.9 183.1 181.7 180.6 180.9 166.7 172.7 182.8 182.5 181.7 185.6 188.5 187.5 190.9 192.5 194.2 195.7 197.3 199 199.7 201 201.8 202.9 202.6 201.7 201.4 201.1 200.7 200 198.8 197.3 196.6 195.9 195.8 194.2 187.2 191.9 190.1 183.4 184.3 182.1
208.2 202.6 198.1 193.2 186.2 182.5 172.6 164.5 151.7 144.8 143.8 127.8 135.8 128.3 114.8 99.4 89.7 95.4 96.1 111.8 138.7 151.2 160.4 166.3 170.4 175.1 177.6 178.8 180.6 179.9 179.6 181.2 182.5 180 181.5 182.6 180.4 180.7 181.4 180.7 180 177.5 164.2 174.6 182.8 184.4 186.4 188.8 191.7 192.3 194.1 194.9 196.8 198.2 199.8 201.1 202.2 202.9 204.2 205 204.8 203.8 203.5 203.2 202.5 202.2 201.1 199.9 198.4 198.1 197.9 196.1 192.5 195.7 187.7 190.3 189.8 187.7
209.9 204.5 196.4 187.5 185.1 186.5 182.8 171.1 163.8 154.6 151 150.4 147 137.1 127.2 108.9 101.9 94.2 94.2 105.2 130.8 147 155.2 161.6 166.6 170.5 172.9 174.7 177.3 176.8 176.7 178.2 182.1 180 180.9 182.7 180.5 179.3 179.2 178.3 177.9 174.4 166 179.2 183.9 187.2 189.6 192.2 193.6 193.7 194.7 196.1 198.3 199.5 201.5 202.9 204.1 205.4 206 206.6 207 206.5 206.4 206.2 205.3 204 203.1 202.3 201.3 200.8 199.8 194.1 198.8 198.8 192.4 196.8 195.7 192.9
209.8 203.6 201.5 196.1 192.9 190 185 177.2 168.9 163 163.2 157.9 152.2 145.6 136.9 120.6 114.3 99.8 96.1 100.9 122.8 139.1 147.6 157.2 163.2 167.2 168.3 170.2 172.4 172.7 174.1 177.2 181.2 179.1 179.8 183.3 181.6 179 178.2 177.1 176.1 171.2 166.8 177.8 183.8 188.5 192.1 193.7 194.6 195.2 195.3 195.9 198.1 200.5 202.9 204.7 206 207.6 208.9 209.4 209.3 209.2 209.1 208.7 208.1 206.5 206 205.1 206.3 204.5 203.5 201.3 203.6 200 193.9 199.8 200.1 199.3
211.1 208.7 205.7 200.7 195.6 192.4 187.9 181.9 177.7 173.9 169 162.6 158 150.4 147.5 138.6 129.5 116.2 100 100.2 116.9 132.2 142.3 149.7 159.1 163.5 163.7 164.7 166.4 168.7 171.5 175.4 178.3 178.1 179.3 183 180.6 178.4 177.6 177 175 171.2 169.8 173.9 181.3 188.9 193 195.3 195.4 194.9 194.9 196.7 198.8 201.9 205.1 207.3 208.6 210.3 210.7 212.2 212.2 212 211.9 211 210.8 209.4 208.9 209.4 209.7 208.1 207.6 202.3 206.8 204.7 202.7 203.4 204 203
212.1 210.3 207.1 203.7 199.7 195.7 190.7 185.8 183.4 179.9 176.5 171.1 169.5 165 160.7 152.8 144.1 136 112.9 101 115.8 123.2 134 143.8 153.2 158.7 160.2 161.4 163.4 165.6 168.9 173.5 176.7 177.4 178.9 182.1 180.3 178.9 178.1 176.3 174.6 174 173.6 171.9 173.6 187.4 192.8 195.3 195.9 195.5 195.3 196.9 199.1 202.9 205.9 207.9 210.4 212.2 213.6 214.8 215.4 215.1 214.4 213.7 213.5 212.6 212.3 212.1 211.4 210.6 209.4 207.9 209.1 208.1 206.3 206.9 207.4 207.4
215.4 211.7 207.9 205.3 202.2 198.6 195 192.1 190 187 183.6 179.6 177.2 174.7 168.7 163 157.4 145.2 118 96.1 97.4 98.5 112.7 135.4 148.9 154.4 157.7 161.8 163.8 165.1 167.6 171.1 174.6 176.4 178.7 180.7 179.6 179.5 178.9 179 176.9 174.8 175.8 176.1 175.8 181 189.9 194.1 194.1 195.6 196.9 198.9 201.7 204.1 207.7 210 212.5 214.4 215.9 217.3 217.8 218.3 217.5 217.2 216.6 216.1 215.5 214.8 215 214.2 212.8 211.4 210.4 210.3 209.6 210.4 210.9 209.8
222.2 214.7 208.7 205.8 203.5 200.8 198.8 196.3 193.1 190.2 186.7 182.7 182.2 180.9 176.7 172.1 165.1 151.4 126.5 109.3 101.9 102 105.5 119.3 142.4 153.6 157.6 161.2 163.4 165.2 167.8 170.3 173 175.6 176.5 177.6 180.9 180.3 180.9 181.1 180 177.7 178 178.9 180.6 175.6 181.5 181.1 189.1 194.7 198.6 202.5 205.2 208.3 210.4 212.2 214.9 215.5 216.1 216.6 216.9 217.3 217.5 218.6 221 220.2 218.3 218.1 217.2 216.7 216.2 215.6 215.5 215.3 215 214.4 213.9 212.4
223.8 218.5 212 207.5 205.1 202.4 200.3 197.7 193.6 190.9 187.3 185.9 185.4 183 180.3 175.4 168.9 163.5 148.4 132.3 106.7 104.2 106.9 111.6 133.2 150.5 156 160.4 163.4 164.6 168.1 171.8 173.8 175.4 177.8 179.9 181.7 181.8 182.6 183.8 184.1 182.9 181.4 185.4 184.8 184.7 185.4 192.2 187.2 185.4 200.1 204.2 207.7 210.4 213.2 214.3 214.7 215.8 216.5 217 218 218.9 220.3 222.5 223.9 223.1 220.5 220.4 220 219.6 218.7 219.3 220.1 220.3 218.4 217.5 217.3 214.5
224.5 219.7 214.6 208.9 204.8 202.1 200.2 197.6 193.5 189.3 186.7 186.2 185.6 183.9 181.4 177 171.2 165 159.6 150.8 137.1 106.8 107.2 111.6 128.7 147.2 156 160.6 162.5 165.2 167.9 171.4 174.3 176.4 179 181.4 183.9 184.5 185 186.8 188.2 188.9 190 191.5 189.3 190.6 193.6 191.6 197 199.3 186.6 205.1 207.3 209.4 213.4 214.4 213.4 215.2 216.4 216.9 217.6 219 219.9 220.4 221.8 223 221.4 221.7 221.4 220.8 221.1 221.1 220.7 220.5 221.3 221.7 220 218.8
223.8 219.7 213.9 208.5 204.5 201.8 199.3 195.6 189.5 186.1 183 182.8 181.9 180.7 180.4 176.8 171.1 164.3 157.1 150.7 136.7 104.1 108.2 111.6 126.2 143.3 154.1 159.5 163 165.4 168.2 172 175.6 177.6 179.7 182.4 185 186.7 187.5 190.2 192.7 194.1 195.7 196 194.6 196.2 197.7 199.7 199.3 202.5 204.9 188.9 192.3 207.6 209.3 210.7 211.8 213.2 214.3 215.2 216.5 218.6 220.6 223.2 226 227.3 226.3 225.8 224.9 222.4 222.5 222.3 222.2 222.3 222.3 222.8 222.2 221.8
221.4 217.5 212.3 207.2 204 201 196.5 192.4 186.2 181.7 178.5 177.3 177.4 176.2 175.8 173.6 169.4 161.7 156 150.1 124.7 103.2 109.5 114.1 130.2 145.7 150.3 156.6 162.1 165.6 169.3 174.1 177.1 179.5 181.8 184.9 187.3 188.6 192.4 196 197.3 199.1 199.4 199.7 198.8 200.8 202.1 204 202.2 204.2 206 205.9 206.4 208 204.1 210.3 205.4 213.3 214.2 215.8 217.9 219.9 221.6 222.4 224.8 228.3 229.2 227.1 226.5 224.8 224.3 226.2 227 226.5 225.4 225.7 226.7 224.6
218.4 214.2 210.5 204.6 200.5 198.3 194.5 189 183.2 177 171.9 171.4 173.2 172.5 169.2 167 165 160.4 155 140.6 115.3 106.3 111 121.4 139.6 151.1 154.3 162.8 165.6 168 170.5 174.9 179.3 181.6 184.3 188 190.7 192.8 195.6 197.9 200 201.2 203.6 205.8 205.4 205.8 206.4 206.8 206.2 206.8 206.9 206.9 208.2 208.9 211.2 212.8 208 212.9 212.6 214.6 217.9 219.4 220.3 221.1 225.3 223.1 224 225.5 227.2 227.1 225.5 227.7 230 230.4 229.3 229.6 230.5 228.6
