Game/Highland_Data/StreamingAssets/GeoData/Data/sd/SD69.asc
ncols 200
nrows 200
xllcorner 360000
yllcorner 490000
cellsize 50
[rows 105 to 139 of 200, columns 0 to 77 of 200]
221.9 219.5 221.6 223 225.7 232 237.5 242.1 247 249.5 251 256.5 260.8 269.3 279.1 287.1 292.6 294.7 291.4 291.7 295.8 298.1 301.9 299.4 294.5 289.4 286 283.5 283.2 279.4 275.7 272.3 267.3 266.7 265.1 274.4 278.2 282 281 275.2 273.2 271.6 265 256.5 248.5 233.1 219.7 203.6 188.8 179.9 165 155.8 139.2 114 115.5 116.3 121.9 139.3 139.6 139.7 139.4 142.9 143.8 142.8 141.8 145.9 149.2 151.7 156.3 164.5 166.8 167.8 169.1 169.9 174.8 182 183.3 193.2
219.7 222.2 223 224.9 228.3 233.3 237.6 242 247.5 249.8 253.4 257.8 262.6 270.3 278.8 286.5 288.6 288.5 289.4 290.7 299.2 305.2 303.7 300.3 296.6 299 297.4 294.8 291.4 287.6 285.3 282 275.8 275.2 276.2 278.6 282.1 284.9 283.9 281.2 274.4 267.1 262.5 259.3 254.2 240 224.9 206.5 189.2 177.6 165.7 152.8 144.6 116.7 114.8 116 117.3 139.9 138.9 140.4 140.7 143.4 142 141.7 144.1 146.7 150.9 154.8 159.9 165 165.9 167 168.7 171 177.3 184.4 188.7 196.6
224.9 223.4 224.2 230.6 232.9 233.5 237.5 242.9 245.6 247.7 253.3 258.4 265.2 272.5 280.5 284.4 284 284.9 284.6 290.9 298.1 300.4 297.7 294.9 298.1 302.4 304 306.4 303.1 301.4 295.5 289.1 283.8 281.3 282.5 285.3 286.1 289.5 286.6 284.9 278.4 269.5 259.9 257 251.9 242.2 227.9 208.7 190.7 178.7 164.9 155.5 141.4 124.8 111.7 115.3 115.8 132.6 136.3 138 128.5 134.1 141 143.5 144.8 148.5 151.8 158.6 161.8 164.5 166.4 167.1 168.4 172 177.4 180.4 184.5 194.6
230.7 224.7 228.2 232 233.6 235.9 240.4 243.2 244 247.6 254.1 261.2 267.4 275.5 281.7 283.9 282.5 281.8 283.1 289.8 293.6 293.8 290.9 291 298.1 304.5 307.1 309.7 310.1 308 304.3 296.3 293.5 290.8 294.7 300.3 299.1 301.9 297.4 287.1 281.4 270.5 262.7 252.4 241.7 233.3 221.7 208.4 193.1 177.8 166.3 155.5 142.9 130.1 119.1 109.6 114.8 119.1 133.3 121.9 138.1 141.3 141.8 142.6 144.6 149 156.7 159.8 163.5 166 166.1 166.5 169.5 175 177.6 178.6 180.9 187.4
233.8 225.6 230.4 233.1 235.7 238.4 240.6 242.7 244.3 249.6 256.4 263.5 269.9 277.6 281.5 281.7 281 281.1 285.9 289.6 292 290.4 289.1 290.4 298.2 301.1 308 313.1 314.3 312 309.7 305.5 301.9 297.6 302.6 308.2 306.9 309.1 300.7 289.4 279.7 268.5 262.8 250.7 241.3 233.1 221.9 209 192.8 177.8 168 156.4 143.1 134.4 119.2 113.1 111.3 115.4 117 124 132.5 140.6 139.7 141 144 149.8 156.6 162.4 168.4 168.6 168.2 168 173.5 176.6 176.8 177 179.1 182
234.8 226.5 232 235.4 240.9 242.2 245 246 246 249.7 257.6 266.3 273.7 282.7 284.1 280.7 279.8 282.3 286.3 289.7 289.6 288.8 289 291.6 300.2 301.9 312.4 317.3 317.2 317.7 315.9 313.6 306.2 302.7 303.8 308 312.8 310.1 301.1 291.2 276.5 264.8 257.2 247.6 237 225.5 216.4 208.2 192.8 180.3 169.8 158.1 147.6 142.4 122.9 116.5 110.3 114.9 116.3 122.5 128 135 138.2 143.5 151.3 155.3 159.2 166 168.4 165.6 165.8 169.9 175.4 173.9 176.1 180.4 183.7 186.9
235.2 227.2 233.3 240.7 244.9 248.8 252.3 253.6 258.6 261.1 266.6 272.4 281.3 287.5 284.3 280.7 280.9 284.5 287.3 288 288.6 288.5 289.8 292.8 298.3 304 312.2 314.4 317.7 322.8 320.7 315.6 306.5 303.1 302.4 308.4 310.8 304.3 294.9 284.4 270 259.4 252.7 244.3 236.5 226.3 213.9 202.4 190.1 181.9 175.3 163.3 151.2 141.8 129.1 120.4 113.7 113.7 114.1 119 136.7 142.6 146.4 148.7 157.4 154.9 159.5 165.2 168.6 167.9 166 172.8 173.4 174.1 178.9 186.3 189.1 190.3
234.3 228 237.2 244.1 247.4 252.6 256.5 261.9 268.1 269.3 270.8 275.7 284.1 287.6 283.5 279.9 281.7 285.4 287.6 288.9 290.6 292.4 293.5 294.4 299.3 305.6 312 314.9 316.1 319.9 318.7 312.4 303.2 300.7 300.9 305.2 302.7 295.8 285.8 275.4 263.3 253.7 246.6 241.3 234.8 226.1 214 201.3 189 180.7 174.8 165.6 157.8 145.4 131.8 122.1 116 108.4 113.9 117.9 140.6 147.3 147 150 154.1 151.8 159.5 162.5 167.3 162.8 166.9 170.5 172.1 176.7 179.9 186.2 189.9 190.4
232.4 230.4 241 245.1 248.1 257.6 258.1 263.5 268.5 273.2 274.2 277.3 286 286 280.8 280.9 283.8 287.6 290.5 293.4 295 295.5 294.5 294.6 298.9 304.3 309.3 313.2 316.2 317.6 314.2 307.5 298.2 296.9 297.9 296.4 291.4 282.8 274.1 263.9 257.2 251.6 244.6 239.2 233.3 225.3 212.4 201 189.7 183.3 178.7 170.1 161 149.4 138 123.2 116.1 109.5 113.4 115.1 136.2 140.5 144.5 148 150 156.7 159.6 163.9 161.8 161.9 167.9 170.4 174.3 180.3 182.5 185.8 191 192.9
230.2 235 243.4 245.8 251.7 259.6 257.8 262.5 266.5 270.4 272 277.6 283.3 281 280.9 283.9 286.2 290.1 295.5 295 292.8 292.4 291.5 294.1 297.9 302.6 305.6 308.4 311.3 311.6 307.8 299.4 293.6 293.4 292 286.5 280.3 273.3 264.9 255.8 251.9 247.4 242.2 235.9 231.1 224.4 211.9 199 190.3 185.9 181.3 174.1 165.4 151.5 139.9 124.2 116.8 112.7 112.9 117.8 134.1 137.9 141.7 143.2 153.5 151.6 153.9 155.8 158 161.8 165 171.9 176.4 180.1 181.2 185.1 188.7 190.9
231.3 237.2 247.1 250.3 254.7 257.7 256.8 261.3 265.1 265.2 269.5 276.1 278.4 277.1 282.9 286.4 289.9 295.3 299.2 297.6 295.1 293.5 290.8 294.3 297.5 299.8 303.2 304.9 305.4 305.2 300.8 295.2 289.8 289.5 286 280 272.7 265.7 254.8 249.4 246.8 243.1 238.1 232.5 228.6 223.5 214 199.2 191.4 185.8 179 172 164.6 153.6 141.5 131.2 119.5 113.8 110.3 115.5 132.3 136.3 139.5 143.5 142.3 145.3 153.3 159.4 162.4 165.1 168.4 175.5 179.6 179.8 180.4 182 184.9 190.8
232.2 240.9 249.3 251.4 252.6 254.6 255.5 258.9 263.8 269.1 272 274.3 275.2 279 286.1 291.7 295.9 303.2 303.1 297 294.4 290.8 290.5 292.8 294.9 296.7 299.1 300.4 300.2 297.9 294.5 292.7 287.7 284 281 274.9 266.7 260.5 250.5 244.8 241.6 239.5 235.1 230.2 226 221 211.8 199.6 184.9 178.5 175.4 166.6 160.6 151.6 142.5 128 117.2 114.5 107.9 114.6 132.8 139.4 142.8 140.4 140.2 145 153.7 158.8 165.2 170.8 172.8 176.7 179.1 180.2 179.5 180.5 184.6 183.8
233.2 245.4 246.7 249.1 251.9 252.2 256.4 261 268 271.8 275.6 277.8 282.8 282.6 289.4 298.7 303.1 309.6 303.1 297 292.9 290.1 289.9 292.5 292 291.7 294.6 295.3 294.8 291.4 291.7 291.7 285.7 279.7 275.4 270.1 265.2 259.6 253.2 247.8 244.4 238.5 228.6 224.5 220.3 216.3 211 204.6 198.7 191 181.6 176.5 168.8 158 146.4 132.4 118.3 113.9 110.2 113 135.5 146.2 145.1 138.6 139.1 144.5 151.3 159.4 169.8 171.7 176.6 177.8 178.7 180.3 178.8 179.3 180.3 186.5
234.7 247.6 249.2 250.4 251.3 252.4 258.3 261.4 268 272.7 277.2 282.4 286.5 288 293.5 301.1 307.9 312 305.3 298.9 294 289.8 289.1 291.3 290.5 287.3 288.4 289.7 289.4 288.3 289.9 287.6 283.3 276.9 273 269.5 266.6 263.7 259.8 255.1 251.6 245.6 238.1 232.8 228.7 224.7 218 211.1 206.2 198.1 186.7 180.7 172.8 161.2 145.7 137.1 127.3 112.9 112 112 134 143.5 147.2 136.2 140.2 145 153.6 163.8 169.8 179.1 181.8 181.1 182 181.3 179.8 178 178 185.2
237.4 245.1 247.4 251.1 248.9 250.5 256.4 262.3 267.8 273.6 279.8 284.4 291.4 292.1 295.7 303.5 314.1 314.7 308 301.1 295.8 290.5 288.5 289.6 289.2 287.3 284.6 284.1 283.6 284.5 285.4 283.6 280.8 276.3 271.4 271.2 272.4 270.7 268.2 267.3 263.1 255.8 252.8 244.1 237.2 232.2 225.6 219.4 213.4 204.8 194 185.1 172.2 162.2 149 138.4 129 114.1 111.4 109.3 130.8 141 139.7 132.4 139 145.2 156.3 164.7 175.3 182.1 184.5 185.6 184.2 182.3 181.5 176 175.3 179.5
237.6 241.2 249.3 250.3 246.9 251.8 256.8 262.4 268.3 275 281.4 286.6 291.3 293.4 298.3 308.5 316.4 312.4 307.7 302.4 297.5 291.4 287.2 287.5 287.5 287.1 283.2 280.4 280.2 283.2 281.2 278.7 276.4 273.2 269.8 271.2 275.5 275.9 276.2 278.5 275.6 265.7 264.2 257.8 249.9 242.9 237.6 231.2 220.4 208.9 198.5 187 175.3 165.7 155.5 142 134.3 118.2 111.3 108.3 128 127.9 125.8 135.4 138.3 143.5 153.8 166.3 179.8 184.2 185.5 186.2 185.7 183.4 182.3 177.6 174.3 173.7
235.9 241.8 248.5 246.3 246 250.5 258.2 265.4 271.3 276.8 283.4 289.3 291.5 295.4 302.6 309.7 312.6 309.5 307.7 304.2 300.5 291.9 287.6 285.8 284.6 283.8 281.3 278.6 278.4 278.6 277 276.4 272.9 269.7 266.9 271.8 277.8 279.8 282.2 283.7 280.8 278.6 279.3 271.4 263.2 255.7 253.3 244.9 228.9 213.6 203.5 193.3 180.7 168 156.6 142.7 132 120.1 113.2 107.2 117.7 130 125.9 132.6 137.2 144.2 153.4 166 175.6 180.9 183.3 184.9 183.8 182.7 179.4 176.4 172.4 167
235.5 241.8 245.7 242.7 245.2 253.2 261.6 267.9 273.3 278 282.8 290.7 293.9 299.6 306.2 309.8 310 305.4 304.3 303.9 300.9 291.6 289.6 288.2 282.2 280.4 278.6 277.1 278.3 277.6 276.4 274.5 268.9 265.2 266 271.3 275.2 278.8 284.1 286.9 287.3 288.1 289.4 283.4 276 270.7 267.4 259.4 239.8 221 208.2 197.4 185.8 171.5 156.3 145 133 120.6 111.5 107.7 113.2 118.7 126.4 134.3 136.8 142.5 150.9 164.6 174.9 180.2 183.1 182.7 182.3 180.7 177.4 173.9 169.3 164.6
235.7 241 241.3 240.8 245.9 255.8 265 271.6 274 277.8 284.4 292.4 297 301.5 306.9 310.1 307.9 303.8 302.5 301.1 298 293 292.5 290.1 282.1 277.8 274.7 275.2 276 274 271.9 269.6 264.9 261.5 265.1 271.8 275.5 279.1 286 292.4 293.8 297.7 298 295.5 288.6 280.1 275.7 268 251 226.2 210.2 197.1 186 175 160.6 149.6 136.4 121.3 113.3 104.4 111.7 124.5 135.4 135.4 138.2 145.1 154.9 164.6 172.7 178.8 180.8 180.6 178.3 176.3 174.8 171.1 166.5 162
233.8 237 239.5 245 248.2 258.5 267.4 274.1 276.2 279.8 286.2 294.2 298.8 303.3 308.4 308.2 305.3 303.2 301.8 299.8 296.8 295.1 294.7 290.8 283 278.3 277.4 274.5 269 270 266.8 264.3 260 259.7 263.3 269 272 279.8 287.9 292 299.6 302.1 303.5 300.6 295.9 288.1 281.2 274.8 256.7 234.3 211.3 199.6 186.7 174.2 163 150.5 141.3 129.8 114.5 110.1 110.5 125.6 134.4 136.1 142.3 150.2 155.4 164.1 172.7 177.7 179 178.5 176 173 169.9 166.5 162.4 160.1
233.3 238.8 244.6 247.1 250.3 260.4 268.7 274.6 278.8 283.9 290.4 296.1 300.2 304.6 306.2 303.6 301.7 303.4 302.1 298.4 295.9 296.6 296.6 291.3 283.1 280 277.9 275.7 270.1 262.9 261.2 259.5 257.2 257 260.9 267.8 275.3 281.5 285.6 292.8 298.5 303.5 303.8 302.2 302.3 288 284.3 276.4 261.3 241.6 218.8 204.8 194.2 177.1 162.9 154.1 145.6 130.6 116.8 110.1 107 122.9 133.4 135.9 146.9 151.3 158.5 165.3 170.4 173.7 174.8 173.7 172.9 169.8 167 164.3 159.6 160.2
234.8 243.8 247 250.5 254.7 262.3 269.5 276.6 283.5 288.3 293.3 297.8 301.4 304.5 302.6 299.2 300.8 304.4 302 297.6 296.9 298.1 297.9 292.8 282.3 279.5 278.1 274.3 268.2 261.1 258.5 256 255.1 255.5 257.9 263.1 269.2 276.2 281 289.5 297.7 300.9 299.6 302.6 299 289.7 282.2 280 268.6 251 227 209.6 198.2 180.9 165 154.4 146.8 132.4 119 110.3 102.9 119.2 129.5 133.1 144.1 151.4 156.1 162.1 169 171.6 172.3 172.3 169.7 165.5 162.3 158.5 155.2 160
240.8 245.8 248.1 252 257 264.2 271 278.6 284.9 289.4 294 299.7 302.4 302.2 299.4 298.3 302.6 306.3 303.2 298.1 297.6 299.1 298.4 292.8 282.1 278.5 276.4 272.2 267.9 261.6 257.7 255.1 254.1 253.9 257.1 259.6 265.6 271.9 278.7 286.3 292.2 295.3 298.6 302.6 299.5 290.3 280.9 279.5 270.7 256.3 240 220.4 199.3 184.9 168.8 156 147.8 132.8 121.1 110.5 102.5 119.2 131.1 133.4 139.8 145.5 151.5 159.1 164.6 169 167.3 162.3 161.7 160.5 150.1 150.5 153.6 157.7
243.9 245.1 246.2 250.5 258.2 265.5 273.6 281.1 286.6 290.9 296 302 301.9 299.8 298.4 298.2 303.6 307.7 304.5 299.7 298.6 299.7 297.9 291.6 283.3 279.9 274.5 270.8 268.3 264.9 260.2 255.9 252.9 252.1 255.5 255.1 262.1 267.6 273.7 281.2 285.5 289.4 300.3 302.5 300 291.9 284.3 276.9 269.6 262.5 251 227.4 204.6 187 171.1 157.4 146.3 131.5 120.3 112.8 102.4 116 129.5 132.8 134.2 142.9 151.3 156 161.5 162.8 161.7 163.4 158.1 155.5 148.6 153.8 161.8 163.9
245 244.4 245.1 251.5 259.1 266.9 275.8 283.5 289.4 293.7 298.9 303.3 301 298.1 296.9 299 304.9 308.3 305.7 300.4 300.1 300.1 296.6 290 285.7 281.6 278.6 273.8 269.4 266.5 262 257.1 251.7 251.4 253.3 252.8 259.3 264 269.7 273.4 280.3 288.6 300 297 297.3 290.5 280.9 268.2 262.5 259.5 245.4 230.6 206.3 188.3 174.2 156.1 146.2 136.5 121.7 110.2 102.4 113.3 118.3 123.9 129.2 136 144.2 158 161.7 156 159.2 161.1 154.8 145 151.3 159.4 165.3 166.5
244.2 243.7 245 251.4 259.8 269 279.6 289.6 294.3 298.1 301.8 303.3 299.9 296.4 296 299.3 305.2 307.1 305.4 303 302.7 299.3 294.1 289.6 285.1 281 277.9 275 272.2 269.7 265.3 260 253.8 250.8 251.5 252.1 256.7 260.8 265.2 270.5 279.9 283.9 286.8 288.7 293.8 289 273.2 261.7 255.6 249.9 237.3 221.4 205.8 189.9 173.6 163.8 151.8 139.5 124 109.7 104.7 115.6 127.1 128 134.6 134.5 144.5 157.8 154 148.1 145.8 145.9 148.5 143.2 152.3 163.7 164.5 170.8
243.3 243.7 246.6 252.5 260.9 271.5 283.5 291.4 294.5 297.6 300.8 301.3 297.8 294.1 296.1 299.2 304.1 305.4 304.7 304.7 301.8 297.2 289.3 283.7 282.9 278.7 275.8 274.4 277.1 273.9 267.5 260.6 253.9 251.1 250.9 252.3 252.9 257.8 262.5 268.5 274.9 277.4 279.4 282.1 286.7 282.1 267.2 257.7 253.6 245.3 235.2 223.2 208.3 193.5 180.5 170.4 158.5 143.3 129.9 110 103.7 116.2 126.5 130 133.5 133.9 137.4 142.2 146.3 153 148.9 146.7 140.4 146.1 159.3 161.5 167.2 176.5
243.1 245 249.3 255.1 262.9 273.3 283.6 288.6 290.5 293.3 296.7 296.9 294.6 291.8 294.7 299 302.8 303.6 303.8 303.1 301 295.8 289.5 287.2 280 274.6 273 274.3 279.7 277.7 268.2 259.9 254.6 252.3 252.8 248.9 249 253.8 260.7 266.1 271 271.1 273.6 275.6 274.4 272.8 263 256 251.8 247.3 241.9 227.3 213.8 199.4 185 173.6 162.5 146.1 132.1 111.2 103.1 112 121.1 123.5 127.6 128.3 129.9 134.6 137.5 141.6 145.1 137.3 141.8 152 158.6 162 170.4 177.1
245.9 249.6 252.8 257.5 264.7 273.8 281.7 283.2 285 289.6 291.5 291.7 290.7 289.6 293.6 298.3 302.2 305.8 303.3 302.5 301.9 295.8 291.5 291 280.3 273.5 268.9 272.8 277.7 276.1 266.5 258.3 255.5 255.7 254.1 249.9 242.8 249.8 256.4 260.9 263.6 263.2 265.6 266.9 265.2 266.2 261.7 254.9 252.7 253.8 244 233.8 221.2 205.7 192 178.5 166.7 150.5 132.6 120.3 104.5 109.2 119.1 128.3 134.8 137.4 135.4 131.9 133.6 136.5 132.6 136.3 144.5 154.1 157.6 164.4 172.3 178.1
251.2 254.6 256.1 260.1 266.7 274.1 277.9 279.7 284.4 289.6 290.3 288.9 287.7 288.2 292.6 296.9 302.9 305.3 303.4 302.6 300.8 295.4 296.2 287.2 280.9 273.4 265.1 268.9 272.5 271.7 263.3 260.4 262.4 261 257 248.8 240.1 243.4 250.7 255.9 256.2 256.3 258.2 258.8 257.9 261.4 257.2 253.3 258.9 258.3 248.8 240.5 227.7 213.1 198.8 184.2 171.6 155.7 133.5 124.8 110.2 103.5 118.8 130.9 136.1 136.3 139.3 132.9 131.9 132.8 131.8 138.9 145.8 155.5 160.2 168.6 175.7 180.4
255.5 259.2 260.2 262.9 267.6 271.4 274.5 279.3 285.4 290.5 292.2 288.2 286.5 287 290.2 296.9 300.9 302.1 303.8 300.6 297.7 294.1 290.9 285.6 279.5 273.4 263.5 262.3 265.8 264 259.2 262.1 265.4 261.3 255.5 246.6 236.6 240.8 246.2 250.7 251.8 251.5 251.7 251.9 250.9 251.7 252.9 253 258.6 259.9 251.5 240.4 230.6 218.6 202.4 186.7 173.8 157.5 135.9 123.6 113.1 100.8 113.6 130.4 138.1 139.9 135.2 131.4 126.4 129.6 136.8 142.2 149.7 156 163.8 171.3 177.7 181.3
257.7 260.6 262.4 263.1 265.1 268.4 272.1 280.1 287.6 292.3 292.9 288.7 286.2 286.9 290.2 298.3 299.4 301.8 302.1 297.3 294.5 291.7 287.7 283.1 279.3 274.4 265.2 256.1 257 256.2 254.3 258.1 262.4 257.5 251 244 234.7 239.2 242.9 245.6 247.4 248 247.9 246.3 245.8 246.3 253.3 250.5 251.4 250.6 246.8 235.2 225.4 216.9 202.2 189.1 177 161.1 138.8 130 112.2 101.9 109.7 128.5 136.8 140.8 136.1 129.1 126.5 132.3 137.2 143.9 147.8 156.9 162.6 170.7 180.3 187.5
259.4 260.8 264.1 263.6 262.2 265.1 272 283 292 293.6 291.7 288.4 286.3 286.8 291.3 297.5 298.1 298.5 297.8 297.5 291.3 287.7 284 281.7 281.7 273.7 266.4 259.8 252.8 247 248 251.7 254.4 253.4 246.4 241.1 233.9 238.1 239 240.4 241.7 244.7 244.2 243.4 242.6 242.9 247.9 244.4 244.6 242.8 237.7 233.4 222.2 212.7 201.5 188.9 176.5 159.7 139.7 121.5 122.4 100.4 108.9 126.6 130.4 129.1 119.6 123.8 129.7 132.6 138.3 143.9 150.5 158.6 167.6 174.9 183.2 192.4
260.3 264.1 266.7 262.6 259.4 261.8 270.6 278.7 285.2 287.8 287.2 286.1 291.4 290 291.4 296.5 298.7 297.8 296.8 295.4 287.1 282 278.5 279.5 281.4 273.9 267.1 258.3 251.8 248 240.9 244.9 245.2 244.3 239.7 236 231.1 234.5 235.5 235 236.4 240.6 241.3 240.9 241.2 241.8 242.6 240.9 239.9 236 231.3 230.6 220.1 213.7 201.4 185.4 172.1 155.9 136.6 118.2 109.4 100 110.4 126.1 124.6 117.2 123 131.6 135.6 134.1 136.4 142.7 150.7 159.7 168.5 175.4 180.6 186.9
263.2 266.5 265.8 261 258.1 262 266.4 271.2 274.2 278 280.1 285.5 291 290.6 290.3 296.2 298 293.6 292.6 291.7 283.6 275.9 273.9 276.9 277.5 272.3 266.8 256.8 249.4 245.6 236.9 238.5 237.9 234.7 230.2 230.4 230.2 232.8 231.4 232.7 234.3 237.2 238.1 237.7 239.3 240.7 239 238.9 235.4 232 229.1 222.4 211.7 205.4 193.6 180.1 168.4 154.2 135.6 114.5 106.4 103.5 112 123.2 113.1 122.1 128.2 134 134.5 132.2 136 141.3 149.8 161.3 169.5 178.2 183.6 184
