Game/Highland_Data/StreamingAssets/GeoData/Data/sd/SD74.asc
ncols 200
nrows 200
xllcorner 370000
yllcorner 440000
cellsize 50
[rows 36 to 71 of 200, columns 81 to 161 of 200]
283.4 274.1 270.5 273.9 275.7 274.4 269.9 265.7 261.9 260.2 265.7 267 265.5 265.9 272.6 272 272 274.9 277.3 280 283.3 288.9 297.8 299.4 295.9 291 290.1 290.5 287.6 285.2 280 276.1 271.1 267.2 266.1 264.8 258.2 252.6 243.5 238.7 239.3 237.9 241.9 237.4 230 230.9 225.1 221.9 215.5 205 196.2 186.9 177.8 169.6 159.9 152.4 146 139.7 133.3 122.7 112.6 106.9 103 101.9 102.6 100.8 94.7 87.2 83 82.8 82.4 81.6 81.5 83.5 82.8 80.3 78 75.9 80.2 80.3 74.8
288.3 283.8 272.4 267.2 271.5 270.7 269.2 268.2 265.5 263.2 265 265.6 264.2 261.5 268.7 271.5 271.7 276.4 279.2 282.8 287.8 292.6 295.7 296.4 299.2 298.3 298.2 294.5 289.5 285.3 279.5 271.8 267.7 265.3 261.3 262.2 253.8 248.1 238.5 234.8 236.3 234 235.6 231.2 224.4 228 220.7 218.6 212.3 201.8 192.7 184.3 173.7 165.9 156.7 150.2 144.7 138.7 131.7 120.9 111 104.5 99.6 98.7 101 98.1 95.5 87.2 83 81.1 83.5 81.3 81.9 85.6 83.5 79.4 76.6 75 76.7 79.8 74.5
289.6 285.9 277 264.9 263.9 262.8 262.8 263.6 263.6 263.1 262 261.2 261.8 260.4 264.1 268.8 274.3 280.2 282.3 285.1 288.7 291.9 295.1 296.9 297.7 301.3 304.6 297.2 289.8 283.3 276.7 267.4 264 262.1 257.4 257.2 249.3 244.6 234 231.4 231 228.9 230 223.6 219.3 225.7 215.9 215.3 208.4 198.1 187.3 179 168.9 162 154.7 148.9 143.4 137.7 129.2 118.1 108.2 101.4 96.8 96.4 98.6 97.2 92.3 86.3 82.8 82.5 80.1 81.1 83.9 84.3 83 80.8 77.2 76.7 74.4 77.2 74.2
287.6 285.6 280 271.2 261 258.1 257.1 255.8 256.3 257.3 257.4 258.2 260.9 260.5 265 270 275.2 279.6 281 283.6 286.9 291.4 295.9 298.5 298.7 300.3 300.7 294.7 290.2 281.7 275.4 265.4 255.4 257.7 251.5 250.5 244.3 239.6 231.4 226.7 226.4 225 225.1 215.2 216.5 222.4 212.3 212.3 200.8 193.2 182.8 172.7 164.6 158.7 153.2 148.6 143.3 136.5 127.4 113.6 105.4 98.2 93.8 92.8 95.2 95.2 90.5 85.5 81.9 81.7 80.9 80.5 81.1 83.6 82.6 80.8 76.9 75.9 75.4 74.8 73.2
287.8 284.2 281 273.9 265.5 257.6 256 255.1 254.8 255.8 256.5 267.5 275 272.8 271.5 273.5 276.3 277.9 279.5 281.6 285.4 290.5 293.6 296.3 300.6 301.1 297.2 294.1 287.4 279.7 272.3 264.2 256.5 252 251 244 243.4 234.6 228.4 221.6 221.9 221.7 217.4 211.1 214.7 218.2 208.8 207.4 198.5 188.2 177.4 168.1 161.3 156.7 153.3 149.8 143.5 136.2 126.7 114.6 102.6 97 92.2 90.2 90.9 91.3 86.1 84 81.7 81.4 81.1 81 82.5 82.1 81.4 80 77.1 75.4 74.7 74.4 73.2
283.6 282.3 282.4 276.8 270.9 264.3 256.9 254.8 254.2 257.1 265.4 273.5 276.6 279.1 281.7 282.7 280.1 279.6 279.5 281.1 280.6 281.9 287.3 296.4 298.2 295.5 293.9 291.1 283.7 276.1 269.4 260.4 251.5 245 245.9 242.7 237.2 232.5 226.9 222.2 218.9 217.9 209.8 209.8 213.5 213.3 204.8 202.1 192.9 179.6 171 163.3 157 153.9 152.3 148.4 141.5 133.6 124.2 112.8 100.1 94.8 89.6 87.4 87.7 88.2 84.6 82 81.6 81.3 84.5 81.2 82.6 78.8 77.9 76.6 75.5 74.6 73.9 74.8 73.3
274.5 275.6 275.5 274.6 273.5 268.6 259.3 255.7 254.7 260.2 266.9 270.9 271.4 275.2 275.8 279.1 281.3 283 282.8 281.1 280.1 275.3 281.9 290.8 293.1 292.7 295.5 290.8 278.5 271.4 265.1 254.8 246.5 241.7 242.6 240.6 238.8 232.6 225.9 220.5 216.8 212.4 206.6 209.1 213.1 208.1 202.1 196.4 187.3 176.3 167.7 159.6 154.9 151.7 150.2 145.7 138.7 130.4 121.7 109.8 99 92.4 88 85.8 85 84.7 82.5 80.9 81 84 84.8 81.8 82.7 74.6 75.1 73.5 74.1 73.8 73.4 73.1 73.7
263.9 265.7 267 267.1 269.9 265.7 257 252.9 250.8 252.6 254.5 258.8 259.5 265 271.7 273.3 272.4 277.9 283.4 285.2 278.3 270.7 275.9 280.8 285.3 286.8 290.9 282.8 269.7 265.7 259.3 248.9 243.2 237.6 238.4 237.2 236.7 231.4 222.7 218.5 214.9 208.8 205.4 209.8 214.4 204.6 200.3 194 181.3 172.2 163.5 156.1 151.9 150.1 146.6 141.7 135.5 127.1 117.7 105.9 97.4 91 88 85.5 83.6 83.2 81.5 81.1 82.9 83.5 83 81.8 77.6 74.6 73.5 73.3 73.1 72.9 72.9 72.9 73.2
262.4 263.4 261.5 260 257.4 256.7 252.2 247.8 244.2 238.7 240.4 241.9 244.3 251.8 258.5 263.4 269.4 272.3 275.8 280.1 279.6 272.2 266.8 271.9 275.2 276.4 280.1 271.3 260.3 256.4 251.6 242.9 237.5 232.5 234.7 235.1 235 229.2 221.2 216.5 212.8 205.1 205.2 211.8 208.9 199.8 196.4 188.9 176.8 167.1 160.8 154.3 150 147.5 143.5 139.1 132.3 123.9 115.5 102.8 94.9 89.3 87.5 84.9 82.8 81.8 81.6 81.9 84.3 86.4 82.4 81 74.4 72.7 72.6 72.5 72.6 72.8 72.9 73 72.7
262.4 260.3 259.2 256.4 253.9 248 243.4 239.2 237.3 236.8 230.9 231.9 240.5 237.9 243.5 249.5 258 265.8 273.7 275.6 273.1 267.7 254.5 261.8 265.6 265.7 261.8 259.6 251.6 247.8 242.1 236.7 233.1 226.8 229.1 234.2 233.2 225.8 219.6 213.6 209.3 203.1 207.7 211.1 203.7 197.8 192.8 183.1 173.2 164.6 158.7 152.8 148.2 141.4 139.6 135.4 128.8 120.9 111.9 100.1 93.2 88.4 86 82.4 82.9 80.6 81.3 82.6 84.7 85 81.5 80.8 72.6 72.6 71.7 72.3 72.2 72.7 72.9 70.7 70.3
261.6 246.8 241.7 249.3 247.5 244.5 234.9 231.6 229.3 229.8 227.4 226.5 229.3 228.2 233.6 237.7 246 256.2 267.8 274.1 268.2 260.6 246.3 250.9 252 254 249.9 248.9 242.7 239.2 234 231 227.3 221.8 229.5 233.3 231.6 225.3 218.8 210.2 203.1 201.6 207.4 208.8 198.1 194.8 188.3 179.2 169.2 161 156.3 150.4 146.2 141 134.5 131 125.1 117.4 109.2 98.8 91.9 87.7 84.3 82 80.7 80.4 81.2 82.6 84.9 80.9 80.8 79.9 72.5 71.6 72.2 72.5 72.9 71 71.4 72.7 73.1
257.3 248.2 235.9 239.9 239.5 240.6 226 221.6 220.4 220.1 219.4 221.6 224.1 226.6 227 230.8 237.6 244.1 256.8 266.1 260.6 254.6 241.2 242.9 242.7 241.5 239.8 240.1 235 231.2 228 227 222.4 223.5 229.9 231.6 229.7 224 216 205.7 199.1 199.4 205.4 200.1 193.8 190.6 183.6 174.5 165.2 159.6 154.3 149.2 141.6 137.2 131.5 125.9 121 115.2 106.4 96.6 91.7 88 84.1 81.7 80.3 80.3 81.2 82.3 83.1 80.3 79.3 76.9 72 72.1 72.1 72.4 70.1 73.3 72.5 72.6 72.5
250.1 245 233.4 230.2 229.6 227.4 216.3 214.3 215.8 215.9 217.9 219 221.4 223.8 226.2 231.1 238.5 241.7 248.6 257.3 255.3 251.3 238.3 238.5 236.5 234.5 234.4 233.3 229.1 225.1 224.2 222.1 216.9 223.9 228.4 229.2 227.8 222.2 212.7 201.2 197 198.6 199.5 196.7 190.8 185.8 179.5 170.9 162.9 157 151.2 144.6 138.8 132.1 127.4 123.3 117.4 110.9 103.1 95.6 91.6 88.2 84.3 81.1 84.8 80 79.5 81 80.8 78.8 78.2 75.9 71.5 71.9 70.8 70.1 73 72.4 72.1 72.8 72.8
243.5 237.7 229.5 227.9 224 220.7 216.1 213.9 212.2 213.1 219.5 216.1 216.5 219.7 223.1 225.7 234.9 238.4 246.3 253 252.9 247 237.3 235.9 233 230.9 230.2 227.6 224.4 221.3 219.5 215.4 218 223.9 225.6 226.8 225.2 220.4 209.8 199.2 195.1 196.2 194.2 190.6 186.8 181.6 174.9 167.2 160.6 154.6 147.7 141.4 133.8 127.7 123.4 119.7 115.7 108.9 101 96.2 92.1 88.1 83.5 81.8 80.4 82.2 81.7 78.5 77.5 77.3 76.6 74.2 72 72.1 70.1 72.9 72.9 71.7 72.3 72.5 73.4
238.9 233 227.3 224.1 221.3 218.2 217.3 215.4 212.9 209.7 212.3 210.8 211.9 216.9 216.4 221.3 231.5 233.5 241.2 247 250.3 244.1 238.1 234.4 231.7 229.6 226 223.6 220.3 218.8 217.3 211.9 218.5 221.2 222.9 225.6 223.8 215.7 206.9 198.4 193 192.7 188.6 185.3 181.6 177.2 171.8 164.3 157.3 151.5 145 137.9 129.5 124.4 120.8 117.1 112.1 107 100.4 95.5 92 88.4 82.7 80.6 79.8 79.6 84.3 79.9 76.3 75 75 73.2 71.6 72.3 69.9 72 71.4 72.4 72.7 72.5 72.8
236.8 232.6 228.2 225 224.4 223.8 223.8 222.9 221.6 217.3 209.8 203.5 203.4 208.5 211.1 219.6 227.7 231.3 237.1 239.4 244.4 241.3 238.4 233.7 230.7 229 224.5 214.7 214.8 217.9 216.4 205.1 215.5 217.6 221.1 223.3 218.8 210.9 205 197.8 192.6 186 182.8 180.9 176.1 172.6 167 160 154 148.2 141.6 133.9 126.7 121.4 117.8 112.6 109.7 104.5 99.3 96.3 93.7 85.6 84.4 80.7 78.3 77.2 76.3 75.1 75 74.5 74.2 72.4 71.8 72.1 69.5 72.7 71.3 72.3 71.9 75.3 76.5
234.2 232.8 230.4 229.4 230.6 231.2 233 235 237.9 233.2 217.1 211.9 204.2 200.3 205 217.9 224.5 230.8 232.4 234.6 237.6 239.3 239.3 236.2 231.8 229.3 223.8 219.8 211.4 204.5 214.5 201 215.7 217.3 220 219.5 214 209.5 204.9 197.6 192 185.5 176.5 176.5 171.5 166.7 161 154.6 149.2 143.6 137.4 130.1 122.5 116.9 114.4 111 107 101.7 97.7 93.9 88.1 92.2 90.4 82.4 81.1 82.3 78.8 76.6 73.5 73.9 72.9 71 71.5 71.8 69.5 71.9 72 71.8 76.4 78.1 79.5
233.3 234.1 233.3 234.3 236.1 238 241.2 245.1 247.1 241.3 225.7 216.2 207.7 196.4 201.2 215.5 221.8 228.4 227.5 229.3 233.9 237.6 240.8 237.4 232.5 228 222 218.6 216 198.3 202 207.8 212.8 213.3 215.3 216.1 215.6 209.3 202.6 196.8 190.6 184 179.1 170.4 160 159.2 154.7 150.2 144.8 139.4 132.3 126.4 117.5 114.2 110.7 107.8 104.7 98.4 92 94.4 96.1 97.1 96.6 87.7 83.9 85.6 80.7 76.7 74.4 72.6 72 71.9 71.5 71.8 69.5 72.2 71.5 74 79.6 79.2 81.1
234.7 235.8 237 238.7 240.9 243.9 246.7 247.8 248.8 243.3 231 219.9 206.3 195.9 197.5 207.5 216.5 220.6 222.9 228.3 232.1 235.8 238.3 233.4 230.3 225.8 220.7 215.7 210.4 193.2 193.4 206.6 206.8 210.5 214.2 216.1 212.2 205.4 199.3 195.2 189.3 183.2 177.3 169.4 162.1 154.3 148.2 143.8 139.9 134.7 128.3 122.3 115.4 111.5 107.7 105.1 100.7 93.2 98.4 98.2 99.2 99 98.1 95.7 92.8 90.9 82.6 75.4 74.2 73.3 73.3 71.4 71.4 71.8 69.5 71.7 71.4 78.4 79.4 80.3 91.5
235.9 237 238.5 241.7 244.7 246.9 248 248.2 248.2 247.7 237.1 218.4 204.2 193.1 191.5 199.4 213.1 216.5 223.7 228.1 230.8 232.4 232.3 230.8 226.6 221.8 216.3 210.2 202.5 186 199.9 199.5 204.3 209.7 213.3 212 205.5 199.7 197.6 194.2 186.8 182.1 175.6 166.3 156.7 150.4 142.7 137.7 134 130 124.8 118.9 112 108.3 105.8 102.7 97 98.9 99.8 101.8 103.8 102.2 99.2 96.1 93.4 90.6 80.8 73.6 73.4 72.9 73 71 71.9 71 71.5 71.2 71.9 80 80.7 91.3 104.6
236 235.3 236.1 241.2 243.8 250.7 249.8 249.3 250.4 250.3 233.3 212.7 199.2 190.7 188 199.9 213.5 223.1 229.2 229.7 231.3 232.1 230.1 227.1 221.3 215.5 209.5 202.3 194.7 185.6 193.3 197.9 205.3 209.6 209.5 204.1 199.2 196.6 194.7 190.4 185.3 179.8 171.4 161 153 145.9 140.4 135.4 125.2 122.9 120.6 115.2 110.7 107.3 103.1 100.7 100.2 103.6 103.7 106.8 108.2 104.4 99.7 97.4 91.8 88.5 78.5 72.8 73 72.7 71.5 71.3 71.3 69.7 71.8 71.1 74.5 80.6 83.7 98.3 107
233.1 229.7 232.8 238.2 245 256.1 253.6 254.6 257.9 243 222 207.6 195.9 188 188.2 204.2 217.6 226.7 230.6 231 232.2 231 224.7 219.2 215.9 209.2 201.2 192.6 185.8 181.1 191.2 200.3 203.6 204.4 203.5 200.7 196.6 194.3 190.5 187.7 185.3 179.4 169.2 159.8 148.2 142.3 137.7 133.3 129.2 123.3 116.5 112.3 106.6 107 101.9 103.6 104.7 107.7 109.6 111.6 110.6 106.3 99.9 96.3 89.6 82 74.7 72.4 72.4 72.4 71 70.8 71.6 69.4 71.6 70.8 78.3 81.7 81.6 97.3 100.4
226.9 226.4 230.2 235.8 246.1 254.8 256.3 259.3 243.3 225.7 212.9 200.1 190.8 184.8 188.8 206.5 220.4 229 229.7 229.9 229.1 221.9 217.2 214 209.5 199.6 192.1 186.8 178.8 185.2 195 199.9 202.2 201.9 200 197.9 193.7 190.4 187.6 185.9 183.2 176.1 166.1 156.2 145.1 138.6 135.5 131.5 128 123.9 120.5 116.6 113.5 108.6 107.4 108.1 110.5 113.4 115.4 114.3 111.9 107.6 101.7 96.6 89.8 81.9 74.3 73.1 72.4 72 71.9 71.1 71.3 71.2 71.1 71 80.3 82.1 81.5 86.9 93.5
225.4 226.5 230.6 236 249.5 256.4 260.3 252.9 227.2 209.3 200.8 192.9 184.2 182.9 193.7 211.6 222 226 226.5 224.3 218.2 213.9 212.7 209.9 201.8 191.8 187.6 175.5 179.1 185.9 192.7 196.9 199 197.7 195.6 192.2 188.8 186 182.8 182.2 179.7 172.5 161.5 149.1 140.7 136.8 132.4 129.9 126.9 124.3 121.6 117 112.9 114.7 112.5 114.4 117.6 119 118.5 116.1 112.6 108 103.7 98 91.1 82 73.1 72.4 73 71.8 71.9 70.9 69 71.2 71.2 70.8 76 78.6 86.7 96.3 102.3
225.4 230.5 231.6 241.7 253.6 257.3 253.8 232.6 209.5 200.2 194.1 185.4 181 183 199.5 212.1 217.7 220.2 219.1 215 211.6 210.3 208.8 203.8 197.2 191.1 183.8 172.3 174 182.2 187.9 192.5 192.9 191.9 189.8 185.5 183.1 180.9 178.7 178 173.3 163.4 150.5 142.6 137.8 134 130.5 126.9 124.5 121.6 119.5 117.9 120.2 118.9 117.5 119.2 121.2 120.3 116.7 115.6 111.6 106.7 103 99.1 92.5 81.8 73 72.5 71.8 71.3 71.3 70.5 68.9 71.7 71.2 71.3 74.6 82.2 91.2 98.2 106.6
225.8 227.1 230 235.6 237.2 237.5 231.5 215.2 200.5 195.4 187.5 180.2 178.2 188.8 200.3 210.3 215.1 215.7 211.9 208.6 207.4 206.3 203.5 199.6 193.9 189.3 184.1 175.6 164.2 174.1 181.4 184.9 186.2 184.9 181.9 180.4 178.1 175.5 172.9 168.5 160.6 151 144.3 139.9 134.4 131.4 129 127.1 123.8 120.2 117.1 123.6 123 122.1 121.1 122.5 122 118.9 114 113 109.4 104.4 101.8 98.4 92.5 82 72.4 71.6 71.2 71 71 71 71 71.2 70.4 71.2 76.5 85 95.6 104.9 112.4
225.7 227.1 229.8 229.7 226.4 223.4 216.6 204.3 197.8 189.6 181.9 177.8 181.8 189.6 200 209.8 211.7 208.7 207.4 205.1 202.6 200.9 199.3 196 191.4 188.1 183.3 173.1 158.6 168.9 175.3 179.7 180.9 178.5 177 175.3 173.4 171.4 165.3 154.3 151.7 146.4 142.1 137.8 133.4 128.1 127.3 127 124.2 121.3 121.4 124.4 124.9 124.2 124.6 124.4 121.9 116.7 110.8 109.2 108.9 105.1 100.9 96.4 91 82.1 73.6 71 70.1 70.1 70.4 70.7 69.3 70.8 70.2 70.9 79.3 87.8 98.1 110.5 117.7
229.8 230.6 233.1 230.6 220.5 214.8 206.7 199 193.4 184.1 178.8 176.5 182 191.9 203.5 207.3 206.6 205.6 203.7 200.1 197.8 195.8 193.6 191.2 188.7 186.1 182.1 174.3 159.8 164.1 170 173.4 174.1 173.3 171.5 169.8 168.8 164.3 157.1 152.2 149.3 144.9 139.7 136.2 133.2 127 123.9 122.5 121.5 124.5 124.9 125.7 126.1 126.3 127.2 127.1 121.3 115.9 112 109.1 108.1 105.6 100.1 93.2 87.6 77.7 72.1 69.8 70.2 70.2 70.4 70.7 67.7 71.2 70.3 71.9 79.1 91.5 103.4 114.7 125.2
229.6 233.7 235.9 228.5 217.5 208.6 197.8 192.5 185.6 179.7 175.9 174.7 182.8 193.8 200.8 203.6 203.4 203.2 198.9 195.5 192.5 190.6 188.6 186.2 185.6 182.1 177.7 171.9 162.3 157 164.5 167.7 168 167.3 167 166.7 164.7 160.9 154.1 150.2 147.8 144.3 139.7 136 133.8 129.7 124.2 122.7 121.7 122.6 125.7 127.6 129.6 129.2 132 127.8 122.3 116.7 111.9 108.8 104.5 103.4 96.3 88.1 83 72.4 70.3 69.3 70.5 70.6 70.7 70.6 70.5 67.5 70.2 73.5 81.8 94.9 109.8 119.4 129.5
227.1 228.6 229.3 221.6 211.9 198.8 189.4 184.8 180.2 176.5 173.5 177.6 183.3 190.5 197.5 201.5 201.7 198.8 195.2 190.9 188.2 186.7 184.4 183.4 181.4 177.3 173.1 168.6 164 147.3 158.1 161.1 161 162.6 163.5 164.6 163.3 157.9 153.6 151.5 148.7 144.7 139.1 135.9 133.6 130.8 126.8 124.2 125.3 124 124.9 127.7 129.2 132.1 133.7 128.6 122.4 116.7 112.6 108.3 105.1 99.4 89.8 83.3 78.2 72.3 68.8 69 70.4 70.2 70.5 70.4 70.4 70.5 71.3 77.2 79.8 99.1 113.3 122 131.6
224.8 224.6 222.9 213.9 199.9 190.9 184.8 180.9 177.5 175.9 170.7 177 181.8 191 198.4 200.7 197.8 193.2 190.4 186.2 183.6 181.8 180.7 179.4 176.2 172.3 168.1 164.5 160 146.1 152.2 154.3 156.9 158.9 160.6 161.3 160.5 159.3 155 151.6 148.2 144.9 141.4 137.9 134.2 131.1 128.3 127.9 126.2 125.4 125.6 127.7 133.4 135.4 133 128 123.3 117.5 113.4 109.7 105.9 100.4 93.1 85 73 71 70 69.7 70.2 70.2 70.1 70.3 70.5 67.3 75.1 76.7 82.7 99.5 114 121.7 132.8
223.6 221.3 213.5 201.7 192.9 185.3 181 178.5 177 174.9 170.5 176.4 184.5 193.8 198.3 197.3 194.1 191.9 186.9 183.1 181.1 178.3 176.6 173.9 170.9 167.2 163.7 159.7 156.1 149.4 144.6 149.8 153.7 155.8 156.5 158 158.3 157 153.3 149 146.7 145.6 145.6 140.6 135.2 132.2 132.4 131.2 129.6 129.3 129.6 131.8 134.9 135.3 131.4 126.4 122.5 117.2 113.2 110.4 105.6 98.7 89.4 81.3 70.7 69.3 69.7 70.1 67.3 67.3 67.3 67.3 67.3 74.8 74.6 77.4 84.1 97 111.6 121.4 135.4
218 214.6 205.9 196.4 187.6 182.1 179.3 176.9 173.8 166.8 172 181.2 188.5 193.4 193.4 192.4 189.8 187 182.8 180.6 178.7 174.6 170.9 169.3 166.9 163.5 159.2 155.7 152.2 145.2 139 147.2 149.1 151.2 153.5 151.9 150.4 148.5 146.6 147.3 148.1 151.6 148.2 142.5 136.9 135.4 135.8 136.8 138 135.7 131.4 132.5 134 132.5 127.4 123.2 119.7 115.9 113.2 111.4 106.2 99.4 89.9 71.4 69.1 68.7 67.3 67.3 69.3 71 70.6 71.4 72.6 74.9 75.1 77.7 84.7 95.7 108.3 119.8 135.1
210.7 207.3 199.7 190.5 184.9 179.9 176.5 173.3 169.9 170.1 177.1 182.3 186.4 188.4 189.4 189 185.3 183.1 180.4 178 175.8 171.4 169.6 166.7 165.4 161.4 155.9 151 148.6 141.9 137.8 142.3 146.4 147.6 146.9 144.9 145.3 145.6 146.4 149.1 153.7 156.2 151.3 145.6 141.1 142.1 145 145.3 141.6 132.6 130.8 132.2 132.5 128.5 122.5 116.3 111.9 111.1 110 108.7 106.1 100.2 89.4 69.9 67.3 69.8 69.7 70.1 70 70.5 70.4 72.7 73.9 74.5 75.1 77 83 90.9 105.1 115.4 128.5
205.7 200.3 194.7 187.7 181.4 176.5 173.6 171.1 163.6 172.1 176.7 180.3 183.5 185 186 184.5 182.5 180.9 178.7 177.1 176.1 172.9 169.1 166.9 165 161.3 154 147.3 143 134.3 139.8 145.4 144.9 144.6 144.2 146.7 147.7 148.1 152.1 154.2 157.6 156 150.3 145.8 145.1 148 147 140.3 132.2 126.5 130.3 130.8 127.7 121.7 114.7 107.1 104.7 104.8 104.9 104.7 103.7 98.5 86.2 66.2 69.3 69.6 69.5 69.5 70.2 70.7 71.2 74 74.9 74.9 75.3 77.6 82.5 89.8 96.6 106.6 116.3
199.4 195.8 190.7 184.2 178.7 175.4 172.9 169.5 161.6 170.9 174.2 177.5 180.1 181.9 181.4 179.7 178.4 176.8 176.3 176.3 178.2 175.7 170.1 166.9 164.6 160.3 153.5 151 144.9 135.2 145.7 145.8 142.5 144 148.8 153.1 153 153.2 155.3 155 154.6 151.5 148.8 147.3 147.6 145.6 141.6 134.8 125.1 124.5 127.3 126.8 116.7 111.2 105 100.9 100.7 100.6 100.8 103.1 101.7 96.4 81.1 70.6 69.6 69.4 69 70.3 70.1 70.2 72.4 73.7 75.2 74.8 75.6 78.3 83.9 88 91.2 98.9 109.2
