Game/Highland_Data/StreamingAssets/GeoData/Data/sd/SD76.asc
ncols 200
nrows 200
xllcorner 370000
yllcorner 460000
cellsize 50
[rows 105 to 139 of 200, columns 78 to 155 of 200]
212.5 213.3 214.4 214.8 214 210.4 208.9 207.4 204.3 200.2 199 197.2 195.8 193.8 188.9 189.2 188.3 186.3 182.7 177.2 178.5 169.6 169.8 170 174.9 171 165 165.5 167.1 167.8 170.7 174.4 177.2 176.8 176.7 178 175.6 174.5 174.6 175.3 176.8 177.9 178.8 178.6 174.5 167.6 162.5 161.9 164.3 171.1 175.3 176.9 175.1 168.6 167.1 170.9 173.6 176.2 178.7 178.4 175.2 173.1 171.9 171.6 172 179.1 183.6 187.3 190.8 190 191.2 193.2 192.1 189.9 187.4 183 181.3 185.8
212.2 213.4 216.2 217.9 216.5 213 211.8 210.1 207 205 202.7 200.8 198.5 196.4 194.7 193.6 190.5 188.2 184.9 181.9 179.7 171.8 171.9 174.3 180.3 177.5 171.4 168.3 168.4 168.5 169.2 173 177 178.2 178.6 178 175.7 175.6 176.4 177.6 177 177.7 179.2 179.2 177 173.2 167.9 165.3 164.4 172.5 177.5 179.9 179.9 177.2 172.4 172.4 175.7 179.7 182.4 182.6 179.9 182.5 180.6 180.1 172.6 173.2 176.1 182 189 187.3 190.6 192.2 192.4 189.5 186.6 181.3 179.7 184.3
217.6 213.4 215.9 217.9 216.3 213.2 212.4 210.9 210.1 210 207.9 203.9 201 199.2 198.7 197.1 193.3 190.5 186.5 184.9 182.7 171.9 173.9 185.3 187.1 185 179.1 174.6 171.1 170.5 170.6 173.2 178.3 180.1 180.2 177.8 176.1 176.3 179.3 181 180.4 179.6 180.1 180.1 178.8 176.9 173.6 171.5 164.7 174.8 179.1 182.3 183.8 182.2 179.9 181 181.7 183 184.4 185.4 184.1 190.2 186.5 185.8 177.1 176.7 173.4 177.5 185.6 184.6 186.9 188.7 189.1 187.2 184.8 179.8 177.1 179.8
222.7 219.3 216 216.9 214.7 211.9 211.1 211.7 213.1 212.8 209.9 206.2 203.8 203 201.6 198.8 196.1 192.8 189.4 188.3 186.7 180.1 175.5 188.2 191.2 190.7 189.5 182.2 177.6 172.7 171.9 175.7 180.6 181.7 181.1 178.5 177.3 180.6 182.5 183.7 183.9 184.6 182.5 182 180.8 179.2 176 176 166.8 177.9 180.4 183.8 185.6 184.5 182.3 185.4 185.6 185 186.5 188.1 187.4 190.1 193.1 186.9 182.7 183.4 176.6 179 178.5 180.1 183.2 185.5 185.4 185.6 183.7 180.7 176.4 175.9
226 220.6 218.1 217.4 213.9 212.5 211.9 213.4 215.5 213.8 209.9 207.2 206.1 204.8 202.6 199.9 197.7 194.6 192 190.5 189.7 189.1 175.4 188.4 194.8 195 193.4 189.6 184.9 179.1 174 177.8 182.1 183.2 181.5 181.5 182.6 184 184.8 185.5 186.7 187.7 185.7 183.7 182.5 180.5 179.3 178.3 170.5 179.9 182.4 184.9 185.7 184.7 183.6 187.5 186.4 186.6 188.1 188.5 190.7 200.8 193.3 188.5 185.8 186.9 185.1 180.9 185.2 182.9 179.5 181.8 183.3 183.6 179.2 178.6 179.6 176.9
227.3 223.9 222.7 220.4 218 216.3 213.9 214.1 214.6 212.3 209.2 207.6 207 205.2 202.6 201.1 199.2 196.9 194.8 192.7 191.6 190.9 181 192.7 198 198.5 196.2 193.2 189.8 183 176.1 180.9 183.7 184.2 183.3 184.2 185.5 186.7 187.4 187.9 188.9 189.6 187.8 185.4 182.9 181 182.7 179.8 177.7 179.4 182 184.6 184.8 184.3 185.5 188.5 187.5 187.3 187.7 188.9 191.3 197.3 193.7 189.3 188.6 189.4 184.7 184.9 187.5 186.3 182.6 179.9 181.6 179.5 183.2 185.1 182.4 179.3
230.2 228.9 226.2 224.4 221.6 219.7 216.5 214.8 213 209.3 205.8 206 205.4 203.9 203.2 201.9 200.6 199 196.9 195.1 193.4 193.3 183.7 196.8 200.7 200.5 198.5 195.5 191.2 185.1 177.8 183.6 185.1 185.5 184.5 186.3 187.5 188.6 189.1 190.1 190.7 190.8 188.7 185.9 183.6 183 183.5 180.4 174.2 178 181.3 182.4 183.4 184.2 186.4 188.6 188.6 188.5 188.7 188 190 194.7 193.2 190 190.2 190.4 188.7 187.4 189.2 187.4 183.8 179.7 179.9 181.2 185.3 186.1 184.3 185.5
233.5 232.3 229.6 227.3 224.5 221.1 219.2 217.6 215.1 210.2 204.5 202.6 201.7 202 202.4 202 201.3 200.6 199.7 197 196.1 195.4 181.3 198.3 201.5 201.5 199.9 196.5 191 186 180.1 184 185.9 185.8 185.9 187.3 189.4 190.2 190.9 192.2 192.4 191.2 189.6 186.6 185.8 185.1 184 181.3 177.4 172.5 177.7 180.8 182.2 184.3 186.5 187.9 188.7 188.1 187.7 186.9 187.9 192.6 191.8 190.2 191.1 190.8 189.1 188.5 189.2 188.8 184.7 181.1 181 180.5 184 184.9 188.9 191.3
236.8 234.8 232.3 229.8 227 223.6 220.9 219.9 216.6 213.3 208.5 206.3 201.1 200 200.1 200.6 201.2 201 200.4 199.4 196.7 190.4 188.6 198.2 200.6 201.3 199.7 195.8 190.4 186 183 181 185.6 186.5 187.7 188.9 190.2 191.5 192.7 193.4 193.2 191.9 190.5 189.6 188.4 186.9 183.1 180.2 180.2 179.3 173.6 177.6 181.6 184.1 185.6 186.6 184.5 180 181.5 182.6 185.7 190.7 191.2 190.5 191.1 191.1 191 187.1 192.2 191.6 188.5 185.4 184.5 185.3 187.3 187 193.1 195.8
241 239 236.5 233 229.5 225 222.9 220.7 217.2 214.3 212.3 208.9 205.1 200.4 198.9 199.1 199.5 199.8 199.7 200 187.8 192.6 192.3 196.2 198.9 200.4 199.1 194.4 188.6 184 186.8 183.4 189.7 191.7 193.8 193.1 191.3 192 193.4 193.9 193.2 193.6 193.7 192.9 190.1 186.7 184.6 182.4 184 181.8 177 177 174.5 179.6 180.1 178.4 183.8 187.3 187.3 186 184.7 189 190.6 190.7 190.2 192.5 194.4 191.2 194.6 193.8 192.8 190 190.2 190.1 192.8 192 196.1 199.2
245.3 242.8 239.4 235.7 232.1 227.8 223.8 222.2 219.2 216.8 215.7 211.8 209.5 204.4 201.2 199.2 197.9 198.1 198.5 195.3 186.8 197 196.1 196 197.7 198.9 198.6 194.3 188.8 190.9 193 184.7 192 194.2 195.9 194.8 193.5 194.2 195.2 194.9 195.3 197.4 197.2 197.9 190.9 189.3 189.2 186.7 186.8 180.9 183.2 181.6 180 181.6 182.8 185.4 187.2 187.7 188.5 187.5 183.7 188.1 191.5 192.8 190.8 194.1 197.3 195.8 196.8 196.9 197 196.6 195.5 194.1 196.8 196.7 199.2 202.2
249 245.3 241.8 238.4 234.9 230 228 226.2 221.6 221.5 220.1 217.6 215 211.7 205.9 202.5 200.3 199 198.1 194.1 192.9 199.4 199.3 198.4 197.7 197.5 197.6 194.8 195 196 195 187 193.2 195 196.3 195.7 196.4 196 196.9 197.3 199.6 201.2 201.3 199.3 192.6 194.5 192.4 191.6 182.5 187.2 186.6 182.9 181.2 185.3 185.6 187.7 189.2 189.4 190.3 189 185.3 186.7 190.4 194.3 193.8 197.5 200.9 197.1 198.1 199.1 200.4 200.8 200.6 199.2 199.1 199.9 201.3 204.9
251.4 247.8 243.9 240.4 236.7 233.5 231.3 229.1 224.3 226.5 225.4 222.8 220.1 217.2 212 206 202.6 203.2 200.9 191.9 201.2 204.8 202.4 200.7 199.2 197.8 196.6 196.3 197.1 197.2 194.5 189.1 194.4 196.8 198.1 198.8 199.6 198.4 200.5 201.9 203.6 203.9 203.3 199.3 198.1 197.6 196.1 194.2 191 191.6 190.2 187.8 184.9 186.7 189.1 190.3 190.8 190.8 191.7 190.9 187.4 186.6 188 191.7 192.7 196.8 200.8 198.3 197.2 199.1 201.4 203.6 204.1 203.5 200.1 198.8 201.4 205.9
251.6 248.6 244.7 241.7 237.8 234.9 233.7 231.2 229.2 229.9 228.8 225.4 223.5 220.1 215.4 208.2 206.7 206 195.4 202.2 207.7 210.9 209.3 206.3 203.7 201.3 197.2 196 195.6 196 192.1 193.5 197.3 200.3 200.5 202.4 203.1 201.9 203.7 205.6 205.9 205 203.4 201.4 201.5 200.3 198.8 196.8 195.7 195.1 193.7 190.6 190 186.6 188.8 190.8 191.6 191.3 192.2 192.6 191 188.8 189 189.7 189.6 192.5 198 198.5 195.4 197.4 200.1 203.7 204.8 205.3 203.3 197.6 198.9 203.8
255.1 249 244 241.2 238.5 235.9 233.2 230.8 232.1 231.2 229.8 227.2 225.4 221.8 217.2 214.3 212.1 207.9 199.3 209.4 211.5 212.9 214.1 213.2 210.8 208.2 204.6 197.9 196.2 194.9 194.4 196.6 199.6 202.7 203.5 204.8 205.1 204.4 206.4 207.7 207.2 205.7 203.9 203.7 202.8 202.1 200.9 197.5 198.7 197.9 196 195.8 195.1 190.5 187.1 189.3 191.8 191.8 192.3 194.4 194.3 193.4 191.3 190.5 190.4 191.8 196.4 197.6 195.7 194.5 197.4 200 202.3 203.6 204.1 201.3 197.7 199.6
258.5 254.9 247 241.8 238.6 236.2 233.9 231.8 232.2 233.1 230.8 228.3 225 221.6 218.8 217.2 214.8 203.6 199.9 213 215.2 216.3 217.5 217.3 216.1 213.9 211 205.8 199.2 196.5 200.1 199.2 201 203.8 204.9 206.1 205.8 206.4 208.5 209 207.9 206.7 205.9 205.1 204.4 203.6 203.1 199.2 200.9 199.9 198.5 198.8 198.7 198 193.5 188.7 192.6 193.6 192.9 195.1 196.8 196.5 195.1 190.8 196.7 199.2 196.6 198.8 198 195.4 195.2 196.4 197.3 199.6 201.5 201 197.8 197.6
263.7 259.1 252.4 246.9 242.2 238.4 234.3 232.9 232.4 233 231.4 229 224.7 221.5 220.2 217.7 214.1 203.2 209.2 215.7 217.3 218.4 219.2 219.1 218.2 216.9 213.9 209.8 201.7 199.3 206.8 203.8 207.3 206.7 208.2 209.3 208.7 207.9 209.8 209.5 208.5 208.3 206.9 206 205.7 205.3 204.3 201.9 202.6 202.3 201.3 201.3 202.6 202.3 199.1 191.6 192.7 196.6 197.6 194.7 197.2 198.1 197.3 191.7 199.5 202.3 200.5 200.9 201.4 197.1 195.1 195.1 195.5 196.4 197.9 198.8 197.6 197.6
266.1 262.3 258.4 254.5 249.4 243.9 237.9 233.4 233.5 233.4 232.2 230 225.9 222.3 220.2 216.1 205.5 202.9 213.9 215.9 217.4 218.7 219.3 219.3 218.5 217.1 214.6 208.4 203.4 211.7 214.1 212.9 215 215.5 214.3 215.5 214.2 211.7 211.5 210.9 212.1 211.9 209.1 207.5 207 206.5 205.8 205.1 206.6 205.5 205.3 205.1 204.9 205.1 202.3 195.6 193.8 198.4 201.1 197 196.1 198 198.5 193.2 199.1 202.4 205 202.4 203.6 199.7 195.6 195.4 195.6 196 196.4 197 197.6 197.9
268.1 264.9 261.6 258 254.9 250 245.4 240 236.2 234.6 233.3 231.4 228.2 224.1 221.3 205.4 208.1 213.5 213.2 214 216 217.6 219 219.3 218.8 217 213.9 206.6 212.9 217.7 219.9 220.4 223.4 222.4 224.5 224 220.5 218.4 215.5 219.5 221.1 218.3 214.7 213.2 209.7 208.8 208 208.5 209.9 208.9 209.3 210.1 207.7 206.8 204.6 199.8 203 203.3 204.8 202.6 196.5 197.4 196.7 195.1 197.2 200.6 204.6 202.6 204.1 202 196.9 195.6 195.8 196.1 196.4 197 197.6 198.1
270.1 267.5 264.9 261.5 258.5 254.1 249.7 245.2 240.4 236.3 234.8 233.5 229.3 224 214.4 208.1 216.9 216.4 217.8 217.3 217.7 217.9 219.6 220.3 220.4 219.1 213.9 217.2 215.2 222.3 225.2 227.3 228.4 228.6 229.7 229.6 227.4 222.7 220.2 224.9 226.9 225.5 221.2 218.6 216.3 214 210.8 211.3 212.4 211.8 213.9 215.1 214.6 207.1 205.2 204.3 206.9 210.2 211.1 208.8 203.1 197.4 196 195.9 196.1 198.3 203.2 203.2 204.3 203.5 200.9 198.1 196.3 196.7 196.9 197.3 198.5 199.9
270.9 270.3 267.5 264.7 260.9 256.9 251.8 247.5 242.9 237.6 236.9 234.3 229.5 211.8 206.9 220.6 223 222.1 223.6 225.6 227 225.7 225.6 224.6 223 221.9 219.6 223.5 223.5 225.1 228.9 230.7 231.4 231.7 232.4 232.2 229.8 226.7 221.7 228.9 231 230.6 226.5 223.1 220.7 217.1 213.7 213.8 215.1 215.8 217.1 219.8 216.6 212.5 207.7 207.3 208.8 213.9 215.8 212.8 207.4 197.8 197.4 198.8 196.8 197.3 201.9 203.2 204.3 204.8 203.4 203.4 200.8 200.3 197.6 197.5 198.1 202.3
268.8 268.8 265.4 262.7 259.7 255.8 251.8 247 242.9 239.5 237.5 233.2 221.8 215 226.9 228.6 227.2 227.1 227.7 231.8 233.2 233.7 232.2 230.1 226.6 224 223.4 228.9 229.4 226 231.2 232.8 233.8 234 234 233.6 232 229.1 228.4 231.3 233.3 234.2 232 228.4 224.8 219.6 216.7 216.6 218.2 219.1 219.6 221.4 220.7 217.5 211.9 209.2 210.8 216.6 218.6 215.5 209.7 198 202.8 201.4 199 197.6 201 203.2 204 204.8 205.2 207.3 205.4 205.3 202.7 198.4 199.3 204.2
264.4 258.6 255.1 250.6 251.8 250.8 246.9 242.2 239 234.8 231.3 229.2 217.6 221.3 230.2 232.4 232.1 232.8 233.4 238.3 240.5 241.3 240 234.8 232.3 228.1 226.2 231.5 233.4 231.5 231.1 234.6 235.7 235.8 235.8 234.6 233.1 231.8 228.8 231.7 234.3 236.4 235.9 232.8 227.9 221.9 220 220.3 221.2 220.5 220.6 222 222.1 219 214.6 211.2 211.8 217.3 219.4 216.4 211.6 204.3 208.5 204.2 202.7 200.8 201 203.2 203.4 204.4 205.9 208.3 206.5 206.8 205.3 200.8 200.9 205
269.5 267.9 265.5 261.9 254.6 250.1 245.2 242.2 234.4 228.6 225.7 222.7 219 225.6 231.7 236 236.8 238.3 239.8 244.6 247 247.1 245.7 240.8 239.1 238.1 228.8 232.7 235.2 234.2 235 236.8 238 239.2 239.1 237 235.1 233.6 231.7 232.3 234.5 237.7 238.7 235.4 230 224.4 225.8 224.8 224 221.5 219.8 221.2 221.6 219.2 214.4 212.2 211.5 216.1 217.8 216 201.4 212.6 212.7 208.8 207.2 206.7 204.9 203.6 203.8 203.8 205.1 207.1 205.3 206.1 206.4 202 203.6 206.3
272.4 268.7 266 263.9 259.5 254.3 250.4 245.4 246.7 243.5 239.7 233.5 219.7 227 235.6 237.6 239.4 241.5 244.9 249.5 252 251.6 249.5 246 244 241.1 231.4 235.7 236.5 236.6 236.4 239 241.7 244.1 242.3 242 239.4 238.4 236.5 235.9 237.7 240.5 240.5 237.3 231.2 229.3 230.1 229.3 226.4 223.7 222.1 221.7 220.6 218.8 215.4 212.7 212 212.9 214.3 214.6 202.3 214.3 216.3 213.6 210.8 210.5 210.2 207.9 205.9 204.1 204.3 205.8 204.6 204.5 205 203.4 205.2 207.1
273.5 270.7 268.3 265.5 260 254.5 250.3 250.8 250.5 248.9 244.5 239.5 231 222.3 233.6 237.6 240.1 243.2 247.7 252.8 256.1 255.3 252.1 248.4 246.5 239.5 238.6 238.3 238.5 239.2 240.5 242.1 245.7 248.4 246.1 247.4 246.4 243.2 244 244.2 245.2 246.8 246.1 240.4 237 232.2 233 231.3 228.5 225.6 223.9 223.7 220.7 216.7 213.9 212.6 212.2 212 213.4 213.4 205 214 218.4 216.9 214.5 214.2 214 213.4 211.9 209.5 206.6 206.2 207.4 206.4 205.5 204.7 206.1 206.8
276.8 274.1 270.6 265.1 259.8 255.1 252.6 252.6 251.7 250.2 245.7 240.7 235.9 220.3 232.4 239.4 242.5 244.9 249.2 254.4 258.2 257.5 254.3 250.7 247 241.4 245 243.4 242.7 242.7 245.1 245.8 249.3 251.6 251.2 252.2 250.9 250.1 250.5 250.3 251.2 251.3 249.7 245.8 244.1 236.7 235.2 232.8 230.2 227.8 227.4 226.6 224.7 218.8 215.4 213.5 213.8 214.3 216.3 217.6 216 206.8 209.2 216.4 216.8 216 216.7 216.7 215.6 214.1 209.7 208.8 212.8 215 211.4 211 212.5 209.8
279.4 276.1 270.8 265.2 259.5 255.9 254.8 253.7 253 251.4 247.7 243.4 237.4 225.2 228 242.2 244.7 246.7 251.3 256.1 257.5 257.7 255.5 251.7 243.1 249.3 248.8 248 247.5 245.8 248.6 250.6 253.3 254.8 255.4 255.7 255.2 256.5 255.6 255.4 255.8 255.3 253.6 251.5 249.8 244.8 238.1 235.6 233.4 232.4 232.4 232.9 232.1 228.4 223.9 222 218.7 219.1 220.8 221.4 219.9 217 211.6 207.5 209 211.4 214.7 217.7 217.9 215.8 211.5 212.2 217.4 220.8 218.2 217.5 218.2 214.8
279.4 276.4 270.8 264.6 260.7 257.2 256.5 255.2 254.7 252.5 249.2 241.5 235.2 234 226.4 240.2 245.4 248.3 253.2 257.2 258.5 257.6 255.5 252.9 247 253.1 252.5 251.7 250.6 249 252.1 255.1 256.8 257.1 257.7 258.8 259.4 259.7 258.8 259.9 259.7 259.2 257.7 256 254.9 251.8 243.6 239.4 236.7 235.8 236.4 237.8 238.9 237.3 234.3 230.8 226.7 225.4 226.4 226 223.5 221.9 219.8 216.4 210.6 206.3 209.1 214.9 217.6 216.3 215.5 216.2 220.6 223.3 221.5 220.4 221.3 218.5
278.5 275.1 270.7 265.6 261.8 258.6 256.9 255.4 254.7 253 246.8 240.2 245 239.6 228.6 237 246.9 251 256.9 257.7 257.8 256.3 254.2 251.4 253.5 254.5 255 254.3 253.1 250.8 256 258.6 259.8 259.7 260.8 262 262 261.4 262 264.2 265 263.5 261.9 260.7 260 257.4 251.8 245.2 241 239.1 238.8 241.1 243.5 243.3 241.1 237.2 234.8 233 230.2 228.5 225.8 224.5 221.4 218.3 214 208.9 208.1 210.3 213.5 213.4 215.7 216.9 219.6 221.7 221.5 221.1 221.6 220.1
277.4 274.6 270.5 265.5 262 259.2 257 252.6 250.7 247.5 248.1 250.5 249.9 248.4 229.7 240 250.1 253.4 257.8 257.7 257.4 256.5 256.4 254.8 255 256.5 257 256.6 256.3 255.1 258.4 260.6 261.6 262.7 263.9 264.5 264.9 264.9 264.8 267 268.9 269.7 268 266.9 265.7 266.2 261.6 253.3 247.1 244.4 243.7 243.6 246.9 247.2 244.4 240.6 239.3 237.5 234.1 226.3 224.6 223.1 219.1 217.9 217.2 210.3 207.5 206.7 207.9 210 211.6 212.5 213.1 215.3 216.8 218.6 220.8 220.2
277 273.9 272.2 268.7 263.8 260.3 258 255.2 256.4 256 255.5 254.4 254.3 250.9 235.2 248.3 253.5 255.8 258.9 259.1 259 257.5 257.4 256.1 255.9 257.3 258.7 259.4 259.1 258.9 259.8 261.8 263.5 264.6 266.6 268.3 269.6 270 269.7 270.6 273.2 274.5 274.5 273.6 273 273 270.2 264.2 256 250.3 248.2 245.7 246.4 247.5 244.7 243.5 242.7 240.8 235.5 227.3 225.3 223.4 220.5 218.2 216 211.2 209.2 208 206.8 207.1 207.8 207.5 208 207.6 210 214.9 218.3 219.6
277 275 273.8 269.9 265.2 262.8 259.5 258.8 258.9 259.6 260 259.9 258.8 244.9 246.9 252.8 258.4 261.1 262.6 262 261.8 259.8 259.6 258.6 258.1 258.5 260.4 262 261.9 261.3 261.1 262.1 263.6 265.6 269.1 270.3 272.2 274.4 274.5 275.8 277 278.1 279.2 279.1 279.2 279 276.4 271.9 264 255.7 253.5 251.6 250 251.4 249.2 247.4 244.7 241 235.9 230.8 229.4 226.3 223.1 220.3 217.7 215.7 213.2 210.6 208.5 207.4 207.4 207.6 209.9 210.5 208.4 211.6 215.2 216.9
278.6 276.2 274.4 270.7 266.4 263.5 262.7 261.6 262.2 263 263.1 262.9 258 244.3 258.1 263.7 263.3 266.4 267.8 267.6 265.7 262.6 262.5 261.1 260.3 260.3 263.2 266.1 266.1 264.4 263.3 263.2 264.7 266.4 268 270.4 274.1 277.2 278.1 278.9 280.6 281.4 282.1 283 283.8 283.7 281.3 276.5 270.5 262.1 258 256.2 255.6 255.8 253.1 249.2 245.2 241.4 237.6 235.3 232.8 229.6 226.1 223 221 218.8 216.1 213.8 212.2 209.8 209.1 209.1 213.1 212.6 209.1 210.4 212.8 214.5
278.8 276.5 274.7 271.4 267 264.4 266.2 265.3 265 265.9 264.9 247.3 246.4 256.1 265.9 267.6 269.1 271.4 271.9 271.5 269.8 267.1 265.1 263.6 264.3 265.5 268.5 269.8 270.3 269.3 266.8 267.8 271.5 270.9 270.4 272.2 275.9 279.2 280.1 281.4 282.6 283.3 283.7 284.5 286.4 286.9 284.6 280.5 274.4 268.6 263.5 260.6 257.8 257.5 254.9 251.1 247.8 244.2 240.7 237.2 234.6 231.8 228 225.3 222.6 220.6 219 218.4 216.7 213.6 212.8 211.8 215.9 214.7 210.5 209.4 210 211.5
