Game/Highland_Data/StreamingAssets/GeoData/Data/sd/SD84.asc
ncols 200
nrows 200
xllcorner 380000
yllcorner 440000
cellsize 50
[rows 140 to 174 of 200, columns 78 to 155 of 200]
379.3 371.8 366.8 360.8 352.6 341.2 332.8 325 318.2 323 319.1 320.2 316.4 316.8 320.7 323.5 326.1 331.1 328 325.9 322.4 315.9 307.8 302.3 293 287.6 283.1 286.4 283.4 285 281 274.7 270.5 264.6 260.4 254.7 245 231 227.1 241.7 260.8 275.7 286.1 292.7 298.7 305.7 310.9 310.2 308.1 306.8 305.5 303.8 301.4 297.6 292.9 287.3 279.9 275.7 268.6 260.8 255.7 253.1 251.9 250.9 248.7 246.7 245.9 244.9 242.2 238.4 233.5 229.3 226 224 222.7 221.5 219.5 219.5
384.5 379.1 371.9 364.7 356.4 347.3 337.6 326.3 316.1 309.5 311.9 310 308.6 308.2 312.1 316 319.1 322.6 319.1 316.5 312.9 308 300 294.3 284.6 278.4 278 279.2 274.2 275.6 270.7 266.8 261.4 256.3 251.4 245.6 237.7 225.4 227.7 242.5 260.2 275.1 283.7 290.9 298.5 305 309.3 307.9 305 303.7 302.6 300.2 296.6 292.5 288.2 283.4 277 272.4 265.5 255 251.6 250.5 249.7 249 247.5 245.1 244.9 243.3 240.3 236.6 231.8 228.5 226.6 224.4 223.3 222.6 219.5 219.5
386.4 383.9 377.6 370.7 363.7 355.1 343.4 330.7 315.7 300.1 302.1 301.4 300 298.6 302.1 308.2 312.8 314.6 312.1 307.5 303.5 298.6 291 286.4 277.1 270.9 270 269.6 265.1 264.9 263.2 259.6 254.3 248.9 243.1 236.8 233.3 222.8 230.5 241.9 260.4 272.3 280.6 290.1 297.6 304.1 306.9 304.9 301.3 300.5 299.4 295.8 292.7 289.3 284.9 279.8 274.4 268.9 261.2 252.4 250.6 249.2 247.7 246.9 245.5 244.2 242.3 241.6 238.5 234.7 231.8 228.8 227 224.6 223 222.8 219.5 219.5
387.7 386 380.6 375 364.9 357.2 346.1 332.3 319.5 306.7 292.4 294.5 294.4 289 294.1 300.2 306.7 307.3 303.7 299 293.6 287.6 282.3 278 268.8 261 259.8 259.7 254.2 255.7 255.5 252.1 246.2 241.2 235.8 232.9 225.8 221 232.1 243.9 258.5 268.5 279.7 287.9 296.5 302.1 304.2 302.4 298.7 297.9 295.9 292.1 290.2 284.8 281 275.3 270.8 264.1 259.7 253 251 248.5 246.9 246.2 245.2 243.7 242.1 239.4 236.5 233.9 231 228.5 225.8 223.9 221.1 219.5 217.9 214.6
386 386.3 382.2 374.2 365.8 355.8 347.6 334.4 321.4 308.5 292.1 279.3 288.2 284.8 286.5 292.8 299.7 299.8 296.8 290.2 285.6 278.9 275.8 271.2 261.8 253.4 251.2 250.1 246.1 249 248.1 244.6 239.5 235.9 230.1 228.3 219.6 222 232.4 247.7 258.1 268.7 277.8 286.4 295.1 300 301.1 299.8 297 295.6 293.4 290.8 287.5 282.9 278.1 273.4 268.6 263.4 259.1 251.9 250.8 247.4 245.8 244.9 244.4 243 241.1 238.4 236 232.8 229.8 227.6 225.1 222.7 219.7 218.1 214.4 212.8
384.5 385 381.2 372.3 363.5 355.6 346.1 334.3 321.2 306.9 293.5 280 274.2 275.1 280.2 285.4 291.6 292 287.3 285.2 277.9 273.4 269.4 265.4 255.2 248.5 242.1 242.2 242.3 241.5 240.6 237.2 233.4 228.1 223.6 222.4 218.1 225 236 247.4 258.7 268.2 275.1 284 292.6 298.1 299.1 297.5 295.1 293.5 290.4 287.5 284.9 281.2 276.5 271.4 267.1 262.9 257.8 252 249 246.5 244.5 244.8 243.9 242.3 239.6 236.7 233.9 231.3 228.5 225.1 223.1 221.2 218.4 215.9 212.8 212.3
381.1 379.9 375.7 369.6 361.5 351.8 340.5 330.7 321.3 307.6 294.8 281.4 270.1 265.1 275.3 277.3 283.2 283.9 281.9 278 271.8 267.9 264.6 258.9 248.8 243.7 237.5 234.6 235.6 235.2 234 230.4 226.3 222.2 218.2 215.8 217.2 226.3 239 248.2 258.7 267.4 275.2 283.2 291.7 296.4 296.9 296 293.6 291.8 288.2 284.6 282 279 274.4 270.2 265.5 260.2 256.1 251.9 248.3 244.9 243.5 244.1 243.5 242 239.3 235.7 233.1 228.5 227.4 224 221.9 218.4 216 213.3 209.8 211.9
372.9 373.6 371.9 365.2 358.4 346.9 336 329.9 320.5 310.3 295.7 281.8 268.9 257.3 269.4 271.1 273.7 276.4 276 272.5 266.5 263.3 258.6 252.1 244.4 239.6 234.4 230.7 230.4 230 227 224.9 222.2 218.5 214.2 216 224.4 234.8 243.4 250.7 258.7 267.4 275.7 283.5 291 295.2 296.1 295.2 292.6 289.3 285.5 281.9 279.1 275.6 272.6 268.4 264.3 258.4 253.6 249.1 246.1 243.5 242.4 243 242.8 241 236.8 234.8 232.2 229.9 226.6 223.1 218.9 215.3 212.3 210.7 208.8 209.4
363.9 367.9 366.3 360.3 353.3 342.1 332.3 326.6 318.2 307 293.1 280.4 270 256.2 254.9 262.1 267.5 269.8 269.5 265.6 262.5 258.4 253.9 246.6 240.5 235.4 229.7 225.9 226.5 225.4 224.1 221.1 218.7 213 213.3 222.3 232.2 239.7 246.5 254.1 261.9 268.5 275.4 282.9 290.2 294 295.7 294.3 290.3 286.7 283.1 279.2 276.4 273.9 270 266.2 262.4 256.2 251.8 247.6 244.5 241.9 240.8 241.4 240.5 240 236.1 234.1 230.8 228.9 224.9 221.3 216.2 212.8 210.1 204.1 201.8 207.1
357.7 362.1 361 355.4 347.6 337.4 327.5 321.2 313 301.9 290.6 278.2 271.4 263.1 250.8 250.7 257.9 262 262 259.1 256.6 253.1 248.3 242.9 235.6 230.4 226.7 222.9 223.8 221.5 220.5 217.5 213.7 210.4 221.2 228.8 237.4 243.8 249.2 256.7 263.8 270.1 276.5 283.2 288.9 293.7 295.1 293.1 289.5 285 280.2 277 273.5 271.7 268.3 264.7 260.5 255 250 245.6 242.6 240.3 239 239.8 239 236.8 234.1 231.7 229.9 227.1 222.9 218.4 213.7 209.2 207.5 203.9 198.3 203.9
354.3 356.1 355 349.1 341.9 332.7 322.6 315.6 305.9 295.8 285.6 276.1 271.5 263.4 256.9 245.8 247.7 252.4 255.3 254.3 251.4 247.3 243.6 237.4 231.4 227.5 223.7 219.8 220.3 219.9 214.9 214.5 209.3 214 225.4 232.7 239 245.8 252.5 260.1 266.2 270.6 276 283.1 288.9 293.2 293.9 291.6 286.4 283.1 277.8 274.4 267.6 268.9 264.4 261.4 257.1 252.3 247.9 244 239.9 238.6 238.1 237.9 236.9 234.6 232.8 230.1 227.7 225 220.5 215 210.3 206.4 203.8 201.1 194.6 200.4
351 350.8 348.7 343.5 337.1 329.1 318.7 308.8 298.1 287.9 279.5 271.7 268.3 263.2 256.8 246 244.6 242.2 247.4 247.3 245 243 239 233.4 228.3 223.9 220.2 218.6 216.2 216 214.8 208.4 208.4 219.9 227.1 235.1 242.5 249 256.5 260.3 263.3 267.4 273.4 280.9 286.7 292 292.2 289.6 283.7 279 276 273.3 269.2 260.2 255.6 251.9 248 245.7 245.6 241.1 238.7 235.7 234.9 236.1 235.1 232.9 230.5 227.6 224.9 221.7 217.5 211.1 205.6 203 200.5 197.6 191.9 195.4
346.6 345.3 341.7 336.6 330.6 322.5 313 302.8 290 281 272.8 266.2 261.8 259.3 253.9 245.7 240.6 240 239.7 240.6 238.6 236.2 233.7 228.9 224.3 220.9 217.2 216 214.2 211.5 206.9 206 219 227.9 233.8 238.2 243.5 247.7 254.1 260.2 264.8 270.7 276.8 283.1 288.4 292.9 291.7 287.8 282.6 278.6 273.7 271.9 269.8 261.6 252.9 250.5 248.9 246.6 243.9 239.3 231.8 231.1 232 233.1 232.2 229.9 227.7 224.7 221.3 217.8 212.4 205.8 199.5 197.8 195.3 191.4 185.4 189
341.8 339.9 336.5 330.7 321.7 314.8 306.7 294.2 285.4 276.1 266.6 260.3 255.8 253.1 249.7 244.9 231.7 237.7 234 234.3 232.6 230.7 227.7 224 220 216.9 214.5 212.8 211.2 206.1 205.1 211.6 219.3 226.7 233.7 239.2 244.4 250.1 255.2 261.7 267.8 273.2 278.7 285.9 292 294 291 285.7 280.1 276.1 272.1 269.6 267.5 265 260.9 256.8 252 246.8 240.5 235.4 230.4 228.1 228.6 230 229.5 227.1 224.2 221 217.4 212.9 206.6 199.2 195.5 190.7 188.5 185.7 180.9 182
335.9 333.9 330.3 324.4 314.9 307 298.6 288.6 281.7 271.3 261.2 255.5 251.4 247.6 245.6 242.3 232.9 231.2 231.1 229.9 227.3 225.2 223.1 219.2 215.7 213.7 212 209.3 207.1 202.2 202.5 214 220.6 228.6 236.3 241.1 245.8 251.7 258.1 264.1 271.2 280.1 287.7 292.7 296.4 293.6 287.8 281.6 276.9 272.3 269.8 267.2 263.7 261.8 257.7 252.8 248.8 242.8 236.2 232.2 228.4 225.1 226.2 226 225.7 223.2 220.5 215.8 212.1 207.4 198.4 192.6 188 184.7 180.4 177.3 173.5 173.4
329.4 326.9 323.8 316.8 308.6 298.9 292.4 284.4 277.1 266.7 255.2 249.8 245.8 243 240.8 238.1 230.9 223 227.2 224.1 223.1 221.1 219.2 215.9 212.1 210.9 209.5 205.3 202.2 202.7 208.1 214.8 223.1 231.2 239.3 243.7 249.7 257 264.7 278 292.7 304.7 303.6 298.7 294.4 286.8 280.7 273.7 269 265.8 263.9 261.8 258.6 256.2 250.9 247.5 242 236.6 232.1 227.5 224.3 222.5 221.9 222.3 221.8 219.2 215.9 211.5 206.4 199.8 190.8 184.8 179.9 175.1 172.4 171.5 170.1 167.8
322.9 320.4 316.6 308.1 300.2 292.5 288.1 281.4 270.5 261 253.2 247.9 242.9 237 236.5 233.6 229.1 219.9 221.1 221.7 217.7 218 215.2 212.7 209.4 208.3 206.8 201.6 200.4 209 212.7 217.7 226.7 234.6 242.3 249.2 254.8 262.1 278.5 295.7 306.3 306.8 299.3 291.9 283.7 278.1 272.9 267.2 262.6 258.1 256.6 253.4 250.9 246.6 243 237.6 235.2 231.7 226.7 222.6 221 217 219.4 219.7 217.8 214.8 210.8 205.7 199.7 192.7 183.1 176.4 170.5 168.3 168.4 169.7 169.7 167.7
316.7 314.1 307.6 301.4 292.3 287.5 283.1 278.3 271.2 263.4 254.3 244.7 240.1 234.5 231.7 230 225.7 221.3 214.5 217.3 214.6 214.5 212.2 209.9 208 206.3 203 198.9 204.6 210.7 215.5 221.6 230 238.6 246.7 255 265.8 273.8 283.2 291.1 297.8 294.1 288.8 280.9 272.6 268.4 263.3 257.1 253.2 248.3 246.1 245.1 239.8 237.2 234.6 231.8 230.1 227.6 222.1 219.6 217.4 216.2 215.8 215.6 214 210.8 206.3 200.8 193.9 183 176.9 168.3 168.3 168.3 168.3 168.1 168.4 167
312.2 308.3 303.1 295.9 286.8 282.3 278.8 275.1 269.8 263.6 252.2 242 234.6 230.9 227.7 226.6 222.3 219.1 205.6 213.1 211.8 211.1 209.6 207.5 205.9 204.4 197.2 201.2 208.8 213.9 219.2 225.8 235.2 244.4 260.1 266.1 271.4 275.8 278.8 281.2 282.4 281.8 275.4 268 261.4 256.7 253.7 249.5 244.5 239.6 237.2 233.9 231.5 228.8 228.2 227.2 225.8 223.1 218.3 216 215.5 214.1 212.7 212.6 210.5 206.9 203.3 196.9 188.3 177.3 168.3 168.3 168.3 168.3 168.3 167.8 166.3 165.2
307.8 303.2 297.6 290.2 282 275.4 272.8 271 267.3 261.1 251.7 240.3 232.2 227.6 224.8 223.8 219.2 215.7 208 208.5 208.1 207.9 207.3 205 202.8 196 200.9 207.6 213 218.7 225.5 232.6 241.8 255.6 261.4 264 266.5 269.4 269.2 269.1 270.9 267 261.8 256.3 250.8 246.9 243.2 239.1 234 228.4 228.9 228 225.5 224.2 223.5 223.3 221.5 218.3 215.9 214.2 213.3 211.7 207.6 208.6 207.6 204.2 199.8 192.6 184.8 173.9 168.3 168.3 168.3 168.3 167.2 168.2 163.8 163.5
302.2 295.9 291.4 286.3 279.4 273.4 267.3 265 261.7 253 246.5 238.8 230.8 226.4 222.9 219.9 215.5 212.9 206.5 201.9 202.2 204.9 204.5 202 193.8 202.6 209.1 212.7 219.1 225.1 230.3 237.5 246.9 252.5 254.6 255.6 257.9 260 258.6 257.6 256.2 252.4 248.6 242.8 239.7 236.4 231.5 227.3 225.4 224.8 223 222.2 221.5 221.1 220.6 220 218.2 215.8 214 212.9 211.7 209.3 209.1 205.6 202.2 201.2 197.1 190.3 181.8 171 168.3 168.3 168.3 167.1 165.4 163.2 161 160.2
296.6 292.5 287.6 282.1 277.1 272.4 267.4 257.5 255.7 251.4 245.5 238.7 229.7 224.2 220.9 219.9 215.5 211.4 207.6 197.9 201 200.8 201 193.9 199 206.2 213.2 218.7 224.6 228.4 231 238.6 243.3 244.7 245.3 246.1 247.8 249.1 248 245.3 242.4 238.7 235.4 231.2 227.6 224.3 222.5 221.3 220.1 219.4 218.7 218.5 217.8 218 218.1 217.3 215.9 214.4 213.6 211.6 208.4 207.9 206.6 204.4 201.4 194.8 193.6 186 180.9 171.4 168.3 168.3 168.3 165.2 161.2 158.5 158.2 157.7
291.6 286.6 282.4 278.8 273.9 270.3 263.7 256.1 247.8 244.7 241.3 235.9 227.4 222.5 219.1 218.1 214.7 210.5 205.7 201.8 193.7 193.9 194.2 195.5 204 208.1 215.7 221.8 225.8 226.5 227.4 233.9 235.9 236.8 236.2 236.6 237.9 236.6 233.7 230.5 230.9 228.3 223.3 221.7 220.5 218.2 217.1 216.7 215.2 215.5 215.6 215.2 216.2 216.8 216.8 215.6 214.2 213.2 212.4 210.4 207.7 205.5 204 202.2 199.1 195.8 189.4 179 175.7 169.4 168.3 168.3 167 164.4 159.6 156.1 156.8 158
285.1 280.7 278.3 274.5 269.5 264.4 259.2 250.1 244.8 236.4 235.5 232.1 225.1 220.6 217.2 215.3 213.9 209 203.6 201 199.2 192.1 190.3 202.1 208.4 212.9 217.5 221.3 221.4 220.9 222.6 223.9 227.8 228.7 228.6 226.9 227 227 225.4 223 220.9 218.4 216.7 215.3 214.4 212.8 212.3 211.9 211.9 212.6 213.2 213.8 214.8 215.4 214.9 213.8 212.4 212.5 211.2 206.7 206.1 203.5 201.1 198.2 195.8 192.6 188.6 183.5 175.6 167.5 163.1 165.4 164.9 162.2 158.4 156.7 158.6 160.6
278.4 276.2 272.3 268.8 264.2 259.6 253.9 247.5 240.7 235.2 226.7 227.6 221.3 217.9 215.2 209.7 212.1 207.5 201.7 198.9 196 185.1 190.7 203.6 209.1 212.9 216.4 217.6 215.3 214.6 215.7 218.3 220.3 222.1 222 220.9 220.8 220.1 218.9 216.6 213.9 211.3 210.7 210.3 208.9 207.3 208 208.1 210.2 211.5 212.4 213.7 213.8 214.5 213.7 211.7 211 211 209.2 205.3 203.1 200.5 198.4 195 191.7 188.9 185.6 180.1 172.7 167.7 163.6 162.4 159 156.4 156.7 158.5 161.5 162.6
273.2 269.6 265.5 263.4 259.6 254.7 249.1 243.3 236.4 230.9 226.5 220.2 214.2 214 212.6 209.3 208.2 205.1 199.9 194.6 188.9 186.8 197.2 203.5 207.8 210.5 212.9 212.3 209.7 208 209.4 210.7 212.1 215.9 215.5 214.6 214.7 214.3 212.8 210.3 206.9 206.1 205.9 206 205.8 205.3 205.2 207.1 208.9 210.1 211.4 212.4 212.2 212.5 211.5 210.2 209.8 208.9 205.8 202.8 199.4 196.7 194.5 190.6 187.5 184.3 180.2 175.4 169.6 166.4 163.8 163.4 157.5 155.4 157.8 163.4 165.3 167.2
267.5 263.5 260.3 257.7 253.9 249.6 244.2 238.7 233.6 228.3 224.3 219.3 212.4 205.6 202.5 201.5 197.2 193.7 194 188.1 183 191.3 196.8 201.2 204.6 207.2 206.7 206.9 203.9 201.8 202.4 204.3 204.6 206.2 208.9 207.6 208.6 207 207.1 203.9 199.7 200.2 201.1 202.7 203.5 202.5 203.3 206.1 207.6 209.2 210.1 210.6 211.3 210.7 209.3 207.9 207.8 205.9 203 199.5 195.9 193.3 190.3 186.7 183.4 180 177 169.9 168.2 165.1 162.7 156.9 154.5 159.8 165.4 167.1 169 172.3
261.1 258.4 255 251 248.8 243.3 238 234.5 229.4 225.9 222.2 216.3 206 203.8 205.4 199.5 197.4 195.6 192.8 184.4 181.5 194.5 195.2 197.8 200.1 200 200.2 200.6 198.3 196.3 197 198.4 200.7 200 202 202.9 202.1 202 201.6 198 194.2 196 198.6 200.6 200.4 200.1 203 204.7 205.5 207.5 207.9 208.5 208.9 207.7 207 206.2 204.9 202.7 199.6 195.3 192 188.6 183.7 181.3 179 176.8 174.4 170.4 166.1 162.2 159.1 149.4 154.5 164.8 169.3 171.7 173.9 176.9
253.6 250.4 248.5 245.7 241.9 235.5 229.4 219.9 217.2 210.5 210.3 214.7 218.1 217.3 216 214.6 211.7 205.6 198 186.6 179.5 192.8 192.3 193.4 194.9 195 194.3 193.7 191.4 190.1 190.4 191.5 192.9 195 196.7 197.5 196.6 196.4 195.9 191.9 191.1 193.1 196.3 197.7 196.5 200.1 201.5 203 204.2 204.9 205.6 206.2 206.5 205.6 204.6 204 200.5 199.7 195.4 191.5 187.6 183.9 177.4 177.9 175.7 173.7 170.8 168.1 165 161.2 151.7 156.4 160.1 167.9 172.1 175.1 178.5 179.8
251.8 243.8 241.3 239 232.2 227.8 230.1 227.2 226.2 226.8 226.6 224.9 224.5 223.1 223.7 220.5 213.3 206.3 198.1 184.8 178.7 186 190.8 190.2 190.7 189.2 189 188.6 186.8 184 184.2 185.7 186.8 189.7 191.6 192.7 191.7 190.8 190.2 187.4 187.4 189.8 194.4 194.7 197.1 199.2 199.5 199.8 202.7 203 203.6 204.3 204 202.7 202.4 201.5 198.6 195.6 190.9 187.8 183 178.7 174.1 174.5 172.3 169.8 168.1 166.5 162.6 158.8 148 156.9 163.4 170.3 176.4 181.3 182.2 182.4
261.4 254.7 249.7 245.9 242.3 237.9 235.4 233.7 234.1 234 234.5 235.1 235.9 236.7 231.9 221.2 212.4 206.3 199.5 190 177.6 178.4 185.7 184.6 187.8 184.8 185.2 185.2 183 177.8 179.1 180.8 181.7 184.4 187.2 187.7 187.2 186.3 184.4 183.7 184 187.5 189.9 193.5 195.8 197.1 199.4 199.9 199.8 201 201.5 202.6 202.1 200.8 200.4 197 195.5 191 187.3 182.7 177.3 175.1 171.4 171 169.2 167.9 165.8 165.3 162.6 152.5 153.4 159.6 164.5 172.6 180.1 185.4 185.7 184.3
265 257.7 253.6 249.8 245.7 242.1 239.2 239.6 241 248.5 251.1 250.6 246.3 236.3 224 219.3 212.4 204.7 198.9 191.5 179.6 174.5 177.5 180.2 182 180.6 179.3 180.3 178.3 175.5 174.7 176.1 176.9 181.3 184.1 183.7 182.1 181.6 180.8 179.9 180.3 184.3 190.1 192.4 194.3 196.1 197.3 197.6 197.9 199 199.7 200.9 200 199.5 197.6 196.4 192 186.4 182.6 178.6 174.9 171.2 168.3 168.2 166.9 164.7 163.3 163.7 160.2 147.9 154 161.7 168.1 176.5 183 186.1 185.5 184.8
271.3 264.1 259 256.2 249.5 246.7 244.8 245.7 251.1 255.3 257.5 254.6 243.2 226.4 218.3 213.7 208.2 202.6 196.9 190.8 180.6 175.2 175.1 176.8 178.7 177.1 177.1 176.3 173.5 172.2 172.2 174.1 175.5 178.5 181.2 179.9 177.9 177.6 177.5 177 178.5 183.5 189.2 190.9 192.4 194.5 195.9 196.4 197.1 197.6 198.6 199.2 199.7 199.1 197.4 193 188.6 182.6 179.1 174.8 170.4 168.9 166.8 165.6 163.3 161.9 161.1 162.7 153.2 148.6 157.4 162 170.9 177.7 182.7 184.6 184.7 185.9
279.1 272 265 261.3 258.1 252.1 250.8 251.6 253.9 254.2 254.2 248.1 232.7 218.6 209.6 207.4 202.4 198.3 194.6 189.9 184.2 177.4 171.5 172.3 172 169.8 169.3 167.5 168.4 165.4 164.2 170.3 173.8 177.3 178.7 176.3 174.2 174.2 174.4 171.1 177.2 182.1 185.2 189 192.3 195.8 197 197.3 196.4 196.4 197.2 198.1 198.2 197.4 195.4 190.4 185.8 181.9 176.6 171.9 167.1 165.6 163.4 161.9 160.2 160.4 158.7 160.2 147.7 153 156.9 163.1 170.4 177.3 181.1 182.6 184.6 187.9
283.1 278 271.4 266 262.8 258.5 257.1 256.5 253.9 247.8 245 234.8 221.6 208.1 202.6 200.4 198.2 193.2 190.4 188.5 184.3 182.3 179.7 175.1 169.4 175.3 174.9 174.1 172.3 169.9 168.4 161.1 170.6 175.7 176 173 170.1 170.6 170.7 171.6 174.6 181.1 182.7 189.4 194.1 196.6 199.6 199.1 197.5 196 196.7 197.2 196.7 195.3 192.2 184.8 182.4 179.6 175.8 170.8 169.1 167.2 164.2 161.8 153.4 155.1 155 152.5 147.1 156.9 158.5 163.3 170.2 175.1 180.9 185.5 190.2 193.8
