Game/Highland_Data/StreamingAssets/GeoData/Data/sd/SD85.asc
ncols 200
nrows 200
xllcorner 380000
yllcorner 450000
cellsize 50
[rows 70 to 104 of 200, columns 0 to 77 of 200]
176 178.7 179.8 179.4 177.1 176.5 176.9 178.5 180.1 179.1 178.7 178.5 179.9 178.1 176.4 174.8 174.2 172.7 173.4 171 169.2 167.7 168.3 166.7 163.7 161.1 158.9 157.7 157.4 156.1 155 154.3 153.1 151.4 149.8 148.6 149.5 147.8 144.5 143.6 145.4 146.8 148.1 147.1 147.8 148 146.9 144.7 143.2 144.2 142.4 142.6 142 143.4 143 144.3 143.1 141.8 141.5 140.4 140.6 140.7 135.5 130.6 123.9 121 125.1 137 148.4 149.5 152.1 152.5 154.6 157.4 156.6 149.3 143.5 140.3
183.3 187.8 182.8 180.4 178.7 177 178.7 178.7 178.9 180.3 179.8 179.2 180.5 181.5 181.8 181 180.9 180.5 176.6 177.8 177.4 177.7 176.3 175.2 172.7 167.8 163.6 160.1 158.9 158.4 156.9 156.1 154.5 153.4 150.9 149.9 149.7 148.1 146 144.8 145.8 145.2 145.4 145.9 146 145.6 146.8 145.6 144.3 146.3 142.7 143.7 144.7 143.9 146.1 145.8 146.5 145 144.5 144.4 145.2 144.8 141.9 134.7 128.8 122.5 123 131.6 140.9 145.8 150.3 149.7 150.2 151.4 149.4 145 142.1 139.9
188.3 191.9 185 183.3 180.8 179.7 181.1 181.8 181.5 181.2 184.5 185.7 185.8 184.4 182 181.6 181.2 179.4 178.8 182 181.5 182.1 180.5 180 176.3 172.1 168.1 162.1 160.2 158.8 157.9 157.1 156.1 155 153.4 152 149.8 148.7 147.7 146.7 146.7 145.7 146.3 145.7 145.8 146.4 145.7 144.9 144.7 145.7 145.9 146.6 145.4 142.5 145.1 147.3 147 147.3 143.9 142.4 142.6 143.2 141 136.1 131.4 123.1 120.5 126.2 137.3 142.5 145.4 147.1 147.4 147.8 144.2 141.2 140.5 140.7
187.5 192.4 188.8 185.2 181.8 182.1 184.3 183.9 183.3 184 187.7 188 188.5 188.5 186 183.4 184 182.9 181.9 183.3 184.4 182.3 180.7 181.6 179.6 175.7 171.9 169 166.8 162.6 157.7 156.2 156.1 155.2 154.5 152.7 150.1 150.6 150 148.8 148 148.8 148.4 147.7 146.9 147.9 146.1 144.7 144.2 143.9 144.5 146.5 146.3 144.3 142 144.9 146.3 145.5 144.6 144.3 143.3 144 143.3 140.3 132.1 125.2 120.5 124.9 135.3 142.5 146.5 147.9 146.6 145.7 141.7 139 139.8 140.3
187.1 191.2 191.1 189.6 184.3 183.8 183.9 184.1 184.6 186.5 189 190.2 190 190.8 190.7 187.6 185.9 184.7 184.4 183.4 183.7 184.2 183.2 181.6 180.2 180.8 178.8 174.4 169.5 167.2 163.2 158.7 156.9 156.1 155.7 154.4 153.8 151.9 151.1 150 149.9 150 149.3 149.1 148.2 149.3 146.5 146.2 145.1 144.3 143.7 143.8 144.5 144.4 143 140.8 143.8 143.3 144.1 144.2 142.4 142.3 144.4 142.3 134.7 126.5 123.1 123.2 133.4 142.7 146.1 146.6 146.6 144.5 140 139 138.7 139
184.3 190.6 190.6 189.7 190.5 189.2 187.3 187.2 188.9 188.7 191.3 192.9 192.1 193.7 193.9 192.6 190.3 189.4 188.9 189.4 190.4 186.7 184.5 182.5 181 179.1 179.5 174.1 170.1 166.8 166.3 161.8 159.1 157.8 155.4 154.1 152.6 150.9 150.9 150 150.3 151.8 152 148.9 148 148.6 147.9 146.6 146.1 145.8 145.3 145.1 144 142.9 142.5 141.3 140.1 140.5 141 140.5 141.9 142.7 142.4 142.4 137.5 125.3 122.8 123.1 129.8 142.6 144.4 144.1 144.6 142.4 139.6 138 138.1 138.2
183 191.8 192 192.4 190.7 189.6 188.1 189.3 192.7 188.6 190.9 192.6 193.2 195.9 196.6 195.6 196.4 195.2 194 192.5 193 192.5 190.3 185.4 183.2 182.3 182.8 179.9 176.9 172.6 167.7 163.1 161.1 160.9 157.8 155.6 155 153.7 153.1 152 152.4 152 152.1 148.9 148.4 148 148 148.1 147.3 146.7 146.5 145.1 145.1 144.1 143.4 142.9 141.8 140.3 139.4 137.8 136.9 139.1 140.4 141.6 140.2 126.6 120.8 123.3 129.4 140.8 141.7 141.8 141.8 141.1 139.2 138.5 137.4 138.3
182.8 184.8 189.8 190.1 188.8 187.9 187.3 187.4 187.6 188.9 190.1 193 193.1 196 196.2 196.3 200.2 201.1 198.5 196.7 195.6 193.4 191.6 190.1 183.3 182.4 182.2 180.7 176.6 174.4 170.3 169.1 165.6 166.2 162.9 159.8 157.3 155.1 153.9 153.7 153.7 151.9 151.1 152 151.5 153 149.3 148.7 148.7 147.5 147.1 146.5 145.9 145.1 145 143.9 144.2 143.6 141.8 139.5 136.7 135.1 136.1 136.7 137.1 130.4 121.5 123.4 129.5 139.8 141 141 141 139.8 138.2 137.6 137.4 136.9
185.7 184 183.5 185.6 186.8 187.8 188.2 188.2 189.1 191.4 192.5 193.8 193.7 196.5 196.7 198 201.3 202.4 203 200.9 199.6 195.9 192.4 190.2 186.9 184.6 181.9 179.8 179.8 177.4 173.3 171.9 170.4 166.8 166.2 164.5 162.6 160.2 158.2 157.3 157.1 156.6 155.2 156.7 156.7 156.1 155.8 153 151.1 149.6 148.5 147.3 146.9 146.2 146.1 146.2 145.2 144.5 143 142.4 140.2 136.9 133.9 131.4 131.7 127.7 121.4 124.8 132.3 140.1 141.1 140.1 139.7 138.3 137.9 138.4 137.3 136.8
190.7 186.6 184.9 185.1 185.1 186 188.4 190.1 191.2 192.8 194.5 194.5 194.1 195.4 196 199 202.9 203.2 203.3 203 200.6 197.4 196 192.3 188.4 185.3 182.2 181.4 181 179.5 176.4 174.1 173.3 168.9 168.6 169.4 168.1 165.4 163 162.8 163.6 164.1 164 163.2 161.8 158.3 159.2 156.8 154.5 151.5 150.4 149 147.8 146.7 147 147 146.1 145 143.7 143.1 142.1 137.6 135.7 133.2 128 124.5 120.2 127.8 140.6 140 139.9 139 138.5 138 137.7 137.5 136.7 136.5
189.9 186.9 186.3 186.9 186 187.8 189.4 191.8 193.3 193.1 194.6 195.1 193.7 194.5 196.1 198.7 203 203.6 202.5 203.2 201.6 200 196.7 192.9 191.2 186.8 183.1 181.4 179.7 179.5 175.3 174 173 170.7 168.9 169.9 170.2 168.8 168.4 167.6 166.4 166.4 166 166.3 164.9 164.4 163 160.4 156.7 152.9 151.2 149.3 148 147.7 147.8 147.5 146.5 147.2 143.8 142.8 136.9 135.5 134.6 130.4 126.5 122.6 120.2 136.6 141.5 139.4 138.6 137.4 140.2 140.2 140.3 140.6 138.6 135.9
189.9 187.6 189.7 188.3 187.6 189.7 193.3 195 195.2 195.3 193.9 193.8 193.9 194.4 197.9 199.9 203.1 202.9 202.4 202.2 202.1 200.5 197.8 194.9 192.8 189.5 185.5 182.5 180.8 179.9 179.5 179.7 179.6 176.2 172.6 171.5 170 171.8 170.9 169.3 169.7 167.8 166 165.5 167.8 166.8 164.6 161.1 156.3 152.7 151 150 149.7 149 148.9 148.5 146.7 146.4 143.3 141 135.6 135.3 131 126.4 122.6 120.2 127.1 139.6 139 138.5 137.7 135.7 137.8 139.6 142.8 141.2 138.1 135.6
190.2 188.3 193 189.6 189.6 190 193.1 196.6 197.7 196.7 195.5 194.1 194 195.5 199.5 201.6 204.1 203.8 204.2 204.1 202.9 202.2 199.7 197.8 196.5 194.4 188.6 185.1 183.3 182.8 182.6 182.2 182.4 180.4 178.7 176.5 173.9 172.4 170.8 169.5 165.8 165.2 163.2 162.6 164.6 166.4 164.9 162.2 158.8 154.2 151.1 149.9 149.3 149.3 149 148.7 147.9 146.1 143.5 138.9 134.6 133.8 125.9 121.8 120.1 127.6 135.9 139.2 138.2 137.9 137.8 135.1 136.8 139.9 141.2 139.5 137 134.6
192.5 188.4 191.9 191.5 189.2 190.8 194.5 197.5 199.7 199.1 196.3 194.9 194.6 196.6 201.5 203.2 204 203.7 204.7 206.1 206.5 205.1 203.1 201.1 199.8 199 193.6 188.5 187.1 186.6 185.9 185 183.7 182.9 180.6 179 176.4 174.6 174.1 172.9 167.3 163.7 162 161.3 160.9 163.4 164.4 162.7 160.6 156.7 152.4 150.9 149.2 148.8 148.4 148.4 148.1 147.5 145.3 140.6 134.2 127.8 121.5 120.4 126.8 139.8 139.3 138.9 138.8 138.2 136.3 135.2 136.5 139.5 139.5 138.7 137.3 134.2
192.8 189.1 189.1 188.8 189.8 190.9 194.1 198.2 200.8 199.2 197.9 196.7 195.6 197.3 202.9 204 204.3 204.1 205 206.6 207.8 204.8 204.3 201.1 200.8 199 197.7 193.2 191.1 191.3 189.2 187.3 186 183.5 181.1 178.1 176.1 174.9 173.1 171 168.2 165.2 162.5 161.1 159.7 160.7 161.8 161.5 159.1 157.1 154.2 151.9 149.6 148.8 148.1 147.9 147 146.5 146.1 144.4 134 122.5 122.3 135.8 139.5 139.1 137.9 137.7 138.4 137.7 135.3 133.4 134.3 135.1 136.1 135.2 134.7 133.4
192 189.6 188.4 188.5 190 191.6 194.5 196 200 201.6 200 198.9 197.2 198.6 202.4 204.7 205.9 205 206.3 206.8 206.1 204.4 203.4 202.7 200.9 200.6 199.6 198.3 195.9 193.9 194.2 192.2 190.2 187 183 178.9 175.3 173.1 171.7 169.9 166.8 165 163.1 161.2 159.6 159 159.9 159.3 157.6 156.2 155.2 152.6 150.4 148.9 148 147.4 147.7 147.3 145.4 145.1 142 119.9 122.5 127.6 135 134.2 133.5 133.2 131.7 129.5 129 129.9 131 131.2 130.4 130.7 130.9 130.4
192 190.9 190.4 189.3 189.1 190.8 193.2 194.6 198.5 200.2 202.5 200.6 198.5 199.2 202.2 204 205.5 205.5 207.1 206.7 205.6 205 203.6 203.4 200.3 200 200.9 200.5 198.3 196.2 195.7 193.2 191.1 188.2 184.7 180.8 177.5 175.3 173.7 171.9 169.9 167.8 166.1 162.8 159.8 158.1 157.5 158.5 157.1 155.3 154.5 153.8 150.7 148.1 147.6 147.2 147.6 146.7 144.8 139.2 139.7 121 121.9 121.8 122.3 122.7 122.7 123.1 123.1 123.7 125.5 126.6 127.4 127.6 127.1 126.8 126.8 125.1
193.4 190.9 189.6 189.7 190.4 190.7 194.9 196.3 198.1 199.6 200.2 201.2 199.6 200.1 201.8 204.3 206.7 207.3 205.9 205.6 205.6 206.2 204.8 203.8 201.7 200.4 200.7 200.6 199 197.6 195.9 194 189.6 188.1 186.1 183.7 181.7 178.6 176.9 175 171.7 169.2 167.4 163.8 159.4 157.3 156.2 158.2 158.4 155.8 153.6 149.1 146.2 144.6 145.2 143.3 136.6 133.8 134.7 137.2 140 125.2 119.9 120.4 121.4 121.1 120.3 119.1 118.6 121 121.6 121.9 122.5 124.2 123.9 123.2 122.3 122
194.2 192.4 189.8 189.4 190 191 196.6 197.2 198.1 200 200.5 203.1 203 202.7 203.8 206.2 208.4 205.8 205.3 205.5 205 207.5 206.4 204.8 202 200.6 200.3 201.3 199.7 197.8 195 194 191.1 190.3 189.4 186.5 184.3 179.5 178.6 176.3 172.2 169 166.8 164.1 161.4 158.1 155.2 157.7 157.1 154.7 148 151.2 152.3 149.9 147 146.1 145.8 145.4 144.7 144 141.5 132 128.1 132.1 127.4 126.4 127.4 123.6 121.2 119.2 118.3 119.9 119.6 120.1 120 119.1 118.8 117.2
191.2 193.6 191.1 189 190.9 191.9 194.4 196.7 197.9 200.9 203.5 206.1 207.2 206.5 206.4 208.3 208 205.4 203.5 203.3 204.1 205.5 206.6 205.1 203.3 201.5 200.2 199.8 200.1 197.8 193.2 189.9 188.6 187.7 187.8 186.9 182.4 176.9 175.4 174.5 172.6 168.4 166.8 163.1 160.4 159.2 156.4 155.8 152.8 154.3 154.9 154.3 153.4 151.8 147.5 146 145.7 145.5 144.6 143.5 142.6 143.3 142 140.8 140.2 137.3 136.4 133.2 132.4 130.5 128.8 123.1 121.4 121.6 121.3 121.3 122.8 121
189 191.6 191.2 189.1 192 193.2 196.6 198.5 198.8 201.4 204.2 207.8 208.9 207 208.9 212.3 207.6 205.4 204.6 204.3 204.9 202 203.6 205.1 204.7 204.5 202 202.7 201.7 200.3 193.7 189.1 187.3 185.2 184.1 181.9 180 176.9 173.8 171.9 170.5 169.1 165 163.5 161.4 158.5 157.2 157.1 154.2 156.4 156.1 154.6 154.4 151.8 148.8 145.7 145.5 145 144.1 144.6 143.6 144 143.9 141.3 140.7 140.5 141.2 141.4 140.2 138.3 137 135.1 136 132.8 131.7 130.6 130.6 127.7
187.9 189.4 192.4 191.1 191.4 193.8 199 201.1 202.8 203.8 205.2 208.8 208.2 206.4 208.6 208.8 209 210.2 208.3 206.6 203.5 201.1 202.2 203.3 204.3 205.4 205.9 203.9 200.1 198.8 197.1 192.3 191.6 189.5 186.5 183.1 179.3 176.1 174.4 174.1 173.5 172.4 169.3 166.2 162.3 160.2 156.8 155.1 154.3 156.2 156.6 155.8 154.9 152.9 150.2 146.5 144.7 144.4 143.5 143.9 144 145 144.5 141.5 141.4 141.9 142.8 142.8 141.8 141 140.6 141.1 141.5 140.7 139.4 138.3 136.9 134.2
187.4 188.5 190.4 193.4 192.1 194.6 199.2 201.7 205.3 206.6 207.9 208.7 208.1 207.3 207.8 209.7 214.6 212.3 209.8 207.1 202.1 201.2 201 202.3 202.2 202.8 202.6 198.7 195.9 193.1 192.5 190.6 187.3 188.2 186.1 184.8 182.2 178 176.3 173 171.8 172.4 168.9 164.4 162.2 162.4 163 157.4 157.9 157.4 157.5 157.3 155.1 153.1 150.4 146.9 145.3 144.5 144 143.3 144 143.6 143.6 142.1 142.3 142.8 142.9 144.3 143.2 142.8 142.7 141.4 141.1 141.1 139.3 138.1 137.2 135.2
187.3 188.1 189.7 191.3 193.5 194.5 199.6 203.1 206 206.7 207.3 208.1 208.3 209.2 209.3 209 212 213.4 211.9 208.8 205.2 202.7 200.4 200.3 201.6 199.8 198 194.8 194 191.2 190.1 188.7 187.4 185.7 186.4 187.1 184.8 180.2 175 172.8 170.4 169.6 168.4 164.3 165.1 164.9 164.6 160.7 158.4 157.5 155.7 156.1 155.2 152.3 149.6 147.5 146.2 144.8 144.2 143.9 143 143.9 143.2 142.5 141.8 142.3 144.1 144.5 143.7 142.4 141.8 142 140.5 139.9 137.8 136.4 136 135.4
187 187.1 189.3 191.6 193.8 195 198.3 202.3 205.6 203.6 203.8 207.2 209.4 209.6 209.7 208.8 213.7 216.5 210.8 208.5 206.3 205.8 201.1 199.9 199.5 199 199.7 196.3 195.8 193.6 189.5 188.2 187.2 187.4 190.1 189.6 187.4 184 176.9 173.1 172.4 174.3 172.5 167.6 166.9 165.5 164.2 163.9 159.6 158.8 157 155.1 154.3 152.7 150.9 150.1 147.7 146.2 144.7 144.1 143.3 142.2 142.4 142.1 141.9 140.8 142.8 142.7 142.1 140.6 140.1 140.7 139.9 137.8 136.8 135 134.2 133.4
186.6 186.6 188.4 191.7 194.3 195.5 199.6 202.7 203.2 202.2 201.7 206.1 207.8 209.7 209.6 212.4 216.7 212.7 210 208.6 207.6 205.8 203.3 204.1 202.6 200.5 199.7 196.3 195.6 193.5 189.8 187.4 184.9 184.8 183.6 183.6 186.6 183.4 174.8 175.6 177.6 175 172.1 171.7 170.2 167 165.3 166.5 160.6 159.2 159.6 155.2 155.2 154.5 153.2 151.8 150.4 147 146.1 145.1 144.5 145.9 144.4 141.9 142.4 142.1 140.1 139.3 138.1 140.3 139.8 138.4 137.6 137.1 136.1 135.1 133.4 132
186.3 186.7 188.9 192.5 194.3 197.6 198.3 200.6 200.8 201.3 198.8 203.1 208.1 209.7 208.6 211.6 214.8 212.8 212.7 212.4 210.3 209 209.8 206.7 202.7 200.4 199.6 198.1 194.2 193 190.2 187.4 187.3 185.6 183.8 182.7 181.8 179.7 179.1 179.2 180.1 176.2 173.9 174.6 173.1 170.2 167.5 167.5 162.9 160.9 159.5 156.8 156.5 156.2 154.8 153.3 151.6 149.3 147.1 147.1 146.7 146.9 146.3 144.2 141.4 141.6 140.1 138.5 138.2 137.1 138.5 138.9 136.8 135.7 134.1 132.2 130.8 130.8
187.7 187.9 191.7 192.9 194.1 198.5 199.1 199.8 199.9 198.8 198.1 200.1 204.1 207.3 204.9 207.4 212.8 213.9 214.4 213.4 211.8 210.8 209.1 207 204.8 205.6 205.2 201.2 194.3 191.6 189.8 188.6 189.9 186.4 184 183.8 184.2 183.6 181.1 182.4 182.2 179.3 176.3 176 174.7 170.7 169.4 171.1 166.5 165.5 161.5 160.2 159.6 158.2 155.6 154 152.6 150.7 149.2 148.2 147.3 146.9 146.7 146.9 142.7 140.5 139.7 139.7 137.7 137.6 136.5 136.6 135.6 135 133.5 133.3 133.9 132.5
188.4 190.2 192.4 193.3 193.3 196.7 197.7 198.3 198.4 197.6 198.9 200.4 201.9 202.3 202.5 204 208.9 210.9 211.5 211.1 210.4 206.8 205.7 204.6 203 202.9 204.8 202.3 196.9 193.8 192.6 192.2 190.6 188.6 186.3 183.4 182.9 183.3 183.9 182.2 177.7 176.6 175.1 174.5 173.8 175.6 170.9 168.2 169.1 168 165.2 164.2 163.1 160.6 157.5 154.6 153.2 151.4 150.4 148.5 147 145.5 146.1 145.9 144.7 141.5 140 138.3 136.9 136.3 137 137.7 135.3 137 135 135.5 134.9 133.4
189.3 191.4 192.4 193.2 193.3 194.3 194.8 197.4 197.2 200.9 203.4 200.9 199.9 200.8 200.9 199.4 204.1 205.1 204.7 205.4 205.5 203.7 202.6 201.7 199.8 199.5 198.3 198.8 197.9 196.6 195.5 194.6 191.7 190.3 188.4 186.9 184.7 183.3 183.5 179.3 178 177.2 174.6 172.6 172 171.6 170 168.4 167.3 166.8 167.2 168 164.9 161.5 158.2 156.9 156.1 153.6 151 149.9 147.9 145.6 146.1 144.8 145 142.1 138.8 138.3 137.2 137.1 137.2 137.9 136.7 135.9 136 135 134.6 133.6
189.7 190.3 190.2 190.3 190.8 193.5 194.7 198.1 201 200.2 199.3 199 198.9 198.4 198.2 197.7 198.7 200.5 201.1 202.4 203.1 201.9 199.2 198.2 196.5 195.7 194.4 194.8 195.5 195.2 196 193.9 194.3 193.7 191.7 189.9 188.1 185.2 183.6 181.8 180.6 178 175.3 172.2 170.3 169.9 169.5 168.7 167.9 167.1 168.5 170 166.7 163.7 160.9 160.6 157.6 154.4 152.9 150.1 149.6 147.9 145 144.5 143.9 141.9 140.4 139.2 140.6 139.6 137.8 136.9 137.2 135.9 135.7 135.2 134.6 133.5
189.5 187.6 186.8 187.9 191.2 193.3 193.5 195.9 195.9 196.3 194.9 195 194.8 195.2 195.2 195.1 195.1 197.4 199.1 200.6 201.4 200.4 197.8 195.2 194.9 194.2 193.8 193.8 193 192.4 191.8 191.8 191.3 192.4 190.9 190.5 188.6 184 183.3 180.8 180.4 178.9 177 172.3 170.3 170.6 171.2 170.7 169.6 167.9 168.8 169.3 166.3 164.1 162.7 163.8 162.4 156.6 153.3 149.9 148.9 146.5 145.3 144.3 144.4 142.8 140.4 139.4 139.2 138.3 137.3 138.1 136.3 136.3 135.9 136.6 136.3 135.3
187.5 186.6 185.9 186.3 189.9 191.5 191.2 190.6 192.2 193.7 194.2 193.8 193.7 193.8 194.5 192.9 193.3 195.2 197.1 198.5 198.7 197.5 194.7 193.3 193.3 193.4 194.3 195 195.1 194.6 191 188.9 187.7 187.6 188.5 189.8 187.9 183.8 181.1 179 177.5 176.8 175 173.2 171.8 171 172.6 177 173.8 170 168.8 166.7 166.6 166.7 164.9 164.9 162.4 159.6 153.7 150.3 149.5 147.2 146.5 145.7 145.6 143.8 143.1 141 138.5 137.7 137.6 138.1 137.5 138.9 136.4 136.7 136.4 135.6
186.5 185.5 185.4 185.4 186 188.7 188.3 188.8 190.2 191.8 193.5 194.2 194.6 193.5 192 189.6 191.1 193.2 194.3 195.3 195.7 195.4 193.8 192.2 192.4 194.1 195.7 196.1 195.8 195 193 188.8 185.9 184.8 185 185.2 186.5 184.3 180.5 177.7 175.5 174.8 173.5 172.7 172.6 172.6 177.2 180.1 175.7 170 168.6 169.8 168.4 167.4 166.6 164.9 163.7 159.8 158.3 156.1 149.4 147 145.7 145.5 147.6 144.6 143.4 142.8 138.9 139.4 138.3 140.4 139.8 137.7 136.8 136.9 137.1 136.6
184.5 184.8 184.4 185.1 184.1 185.8 186.7 184.7 183.8 186.2 190.5 193.5 192.6 191 188.5 190 191.2 190.3 191.8 193 192.9 192.9 192.5 192.9 193.3 194.4 195.7 195.2 194.2 193.9 192.3 188.5 185 183.5 182.8 182.8 182.5 182.6 180.5 177.8 174.7 174 173.9 172.5 171.7 173.1 174.5 178.2 173.7 170.5 171.5 171.3 170.4 170.2 167.4 169.7 164.2 162.1 159.5 158.1 153.8 150.4 149.7 146.5 148.7 147.6 143.6 143.9 144.2 138.8 138 137.9 138 135.4 134.9 136.2 137.3 138
