Game/Highland_Data/StreamingAssets/GeoData/Data/sd/SD88.asc
ncols 200
nrows 200
xllcorner 380000
yllcorner 480000
cellsize 50
[rows 0 to 34 of 200, columns 78 to 155 of 200]
324.5 315.3 307.5 300 293.8 291.6 294 294.8 290.6 282.9 280.5 276.1 271.4 270 269.3 271.4 272 274.1 271.3 259.5 243.5 242.7 243.5 242.3 242.8 247.1 265 265.2 266.9 268.2 266.6 265.7 265.4 265.4 265.7 265.9 266.4 266.1 265.9 264.7 263.1 262.3 262.5 261.7 256.4 254.4 253.5 254.2 256.1 256.8 258.9 259.3 259.5 258.4 257.8 253.2 249.6 244.8 245.6 243.3 239.1 238 241.9 241.6 231 228.6 234.7 234.1 231.4 230.4 230.8 230.3 231.1 230.3 229.5 228.8 228.2 227.7
317.9 307.7 302.2 297.1 292.1 292.9 294.4 292.9 289.1 286 286 282.4 278.2 275 271.9 263.3 259.1 263.4 250.6 246.3 247 247.1 251.8 254 266.4 263.2 265.7 267.2 268.2 268.5 276.7 267.3 265.4 265.1 265.1 264.9 265.5 269.1 264.8 264.9 264.7 264.8 264 261.5 258.2 256.1 259.6 260.4 261.9 260.7 260.3 260.1 259.9 261.2 260.5 257.3 253.7 248.2 246.1 247.4 239.6 239 240.2 240.3 241.6 232.9 231.4 231.8 237.1 235.2 231.7 229.1 231.7 230.8 229.6 229 228.4 227.8
311.3 304.9 298.3 294 291 288 288.8 288.1 285 282.7 280.9 280.3 279.6 275.5 271.4 266.1 263.6 253 248.1 252.7 267.4 266.8 266.1 265.6 268.3 265.4 266.9 267.8 268.8 269.7 270.6 274.7 268.7 266.5 266 265.7 266.2 269.8 265.8 265.4 264.6 263.6 262.5 260 262.7 267.2 269.5 271 270.5 269.7 268.7 264.9 260.5 259.3 257.5 256.4 253 250.4 248.6 248.4 243.7 243.7 240.8 239.6 239.9 241.5 238 234.6 234.5 233.5 231.9 233.8 231.9 230.4 230.3 230.4 230.8 230.3
305.5 299.4 298.2 292.9 286.7 282.5 280.5 279.2 277.3 276.1 276 276.9 276.6 274.7 270.1 269 247.4 247.5 259 266.7 267.3 267.4 266.6 266.6 268.3 267.5 267.9 268.9 270.3 271.2 272.6 275 275 276.1 276.3 277.2 278.5 276.5 275.9 277.1 274.7 273.9 273 270.9 270.8 269.2 271 274.7 275.3 274.8 273.8 271.7 266.7 261.2 263.9 257.3 257.9 256.7 257.6 254.7 247.9 245.2 245.5 245.2 240.6 240.4 239.1 237.8 235 234.9 234.1 234.2 233.9 233 234 231.1 230.1 228.6
305.3 302.9 296.9 291 286.9 285 282.3 278.2 274.3 272.5 271.2 278.3 270.4 265.3 256.6 249.5 249.6 267.5 269.7 270.1 269.9 271.6 272.7 272.9 274.4 272.7 272.1 274.7 277 277.6 276 279.7 282.4 284.5 285.3 287 288.5 289.5 290 290.1 287.4 285.7 284.4 282.1 281.2 278.3 272.5 271.5 271.9 272.6 271.5 269.7 264.8 263.9 266.2 263.5 262.5 261.5 262.8 259.6 250.6 245.4 246.1 248.6 250.4 246.8 244.9 242.8 242.9 236.6 236.1 236.2 236.7 238.4 237.9 239 237.4 239.9
307.8 302.7 295.4 291.8 287.8 284.9 282.7 278.4 274.7 270.2 272 275.6 263.8 251 250.9 258.3 269.7 271.6 273.2 274.9 275.2 275.4 276.6 277.1 278 281.1 283.3 284.7 286.5 287.4 287.8 287.3 290.3 290.6 289.1 289.6 291.5 293.7 293.9 294 293.7 291.9 290.8 288.9 287.5 286.1 283.2 279.1 274 272.4 271.3 268.7 264.8 263.9 265 265.3 263.3 262.6 263.1 261.4 254 248.5 252.9 257.2 257 256 252.3 247.1 240.1 242.4 242.3 241.6 240.1 242.9 241.5 241.2 242.2 242.5
307.6 302 299.5 292.2 286.4 283.7 280.3 277.1 273.7 270.6 267.9 256.7 252.5 262.6 268.8 270.6 273.7 275.4 276.3 277.3 278.1 279.1 282.4 285.4 289.3 291.5 292.8 293.6 294.8 296.2 297.1 297.8 298.8 298.1 296.4 291.4 292 294.3 295 294.9 294.4 293.2 291.7 290.2 289.5 289.2 287.7 285.2 283.5 281.5 277.9 275.4 269.5 265.1 263.7 263.6 261.7 261.5 261.4 258.1 252.8 249.2 254.4 257.6 259.2 258.6 252.5 245.9 246 247.2 247.1 246.8 245.6 247.5 246.4 246.2 246.6 244.2
306.8 304.1 300.2 292.7 286.1 280.7 276.6 274.9 272.7 267.8 261.2 253.4 254.9 271.5 273.4 272.8 277 280.2 282 285.3 286.8 288.3 291.5 294.8 297.2 299.9 301.4 302.3 303.3 303.4 304.1 303.1 303.6 303.7 301.1 298.2 300 299.7 298.2 296.8 294.9 290.5 287.2 287.3 288.3 288.4 286.4 285.7 286.4 283.3 280.2 277.5 271.8 265.2 264.2 264.6 264.9 265.2 264.1 260.2 254.6 256 255.2 253.9 255.5 256.8 246.5 245.2 246 248 249.3 249.9 246.3 249.5 249.2 247.9 247.6 248.1
307 302 295.8 288.4 282.2 276.5 272.9 269.4 262.7 252.6 252.8 252.9 273.2 274.7 278.2 279.6 280.9 284.5 289 291.8 296.7 299.1 301.4 302.3 303.4 304.8 308.4 310.7 312.6 312.4 313.4 314.4 315.4 315 313.8 312.1 309.8 307.9 306.2 302.7 302 298.1 294.2 289.2 288 288.2 287.7 287.8 288.3 284.8 281.7 278.2 271.9 267.6 271.4 273 274.4 273 269.7 263.6 259.4 256.8 254.1 254.2 254.1 252.5 246.5 246.9 247.4 247.9 248.8 248.6 248 248.4 249.6 249.5 249.5 251.3
301.3 295.9 288.5 281.9 277.2 272.1 266.1 257 254.8 254.3 256.5 275.3 277.7 283.1 288.2 289.8 285.3 289.3 293.6 297.6 303.7 308.4 312 316 319.6 321 321.5 323.5 325 324.2 323.3 321.7 320.7 316.4 313.1 312.5 310.3 308 307 305.3 303 300.3 297.9 296.5 295.8 293.4 292.3 291.3 289.7 286.4 283.4 279.8 274.2 270.1 272.2 272.7 272 270.9 264.8 259 254.4 253.4 253.6 254.8 246.2 247.7 248.4 249 249.5 250.4 252.2 250.7 253 255.1 257.7 253.2 253.3 256.9
292.3 286.2 281.1 274.3 267.4 261.4 255.7 255.7 255.5 260.9 277.6 279.3 285.6 293.4 299.2 298.5 289.7 293.2 299.3 306.7 312.5 316.3 321.7 328.8 331.1 332.6 333.2 333 331.8 328.8 326 321.1 317.4 311.7 311.9 311.1 309.6 310 310.4 310.2 308 304.9 303 301.5 299.1 292.7 289.9 288.2 285.7 284 281.5 276.8 271.2 266.4 263.6 262.6 261.1 260.2 256.7 254.9 253.8 254.2 253.1 250.2 249.1 248.5 250.9 253.1 255.8 256.2 257.1 256.4 258.2 260.6 260.7 259.7 261.6 261.8
285.4 280.4 271.1 264.9 260.3 255 257.6 257.8 268.9 277.9 279 284.6 291.8 299.7 304.2 300.3 295 301.9 309.6 315.9 321.3 324.5 326.3 326.7 328.3 329.3 329.8 329.7 330.4 329.2 326.9 325.5 322.8 320.8 322.1 321.8 323.1 321.3 320 317.9 316.9 312 306 301.5 297.6 292.6 290.7 290.4 288.2 284.8 282 277.2 269.7 266.4 260.7 258.6 257.7 256.6 255.3 254.8 254.9 255.6 255.4 253 250.8 256.5 257.6 258 258.1 258.4 259.3 258.9 261.5 262.8 264 263.1 263.3 264
277.5 269.9 260 257 256.3 260.8 260 261 279.4 281.7 284.5 283.7 295.8 299.4 300.6 299.9 304.9 309.9 311.5 311.9 312.7 314.3 317 320.3 321.8 324.6 328.5 331.9 334.7 334.6 334.1 332.6 330.3 329.7 328.2 328.3 328.5 326.1 320.1 316.7 309.6 303.5 301.3 299.7 300.2 299 295.6 294.8 290.8 286.7 282.3 277.5 276.2 272.2 266.2 259.7 257.6 255.8 255.3 255.3 256.1 256.7 257 255.5 257.2 261.1 262.4 261.7 260.9 260.5 261.4 261.7 261.6 263.7 266.6 264.8 264.7 265.9
269.4 258.3 259.8 264.2 268.9 265.3 264.1 275.8 282.7 284.9 287.8 293.5 292.5 297.8 302.3 308.4 310.4 314.8 319.9 322.3 320.9 316.1 319.8 323.4 325.7 327.8 331.9 336.5 338.5 339.1 338.7 337.2 336 335.9 334.7 333.6 332.2 329 325.1 320.5 314 308.9 303.4 298.4 299.1 296.9 291.9 291.1 287.6 282.6 277.4 273.8 270.9 267 261.5 259.5 259.4 256.7 255.9 255.9 257.2 258.5 259.4 259 255.9 261.6 263.4 264.1 263.5 262.9 265.5 264.2 264.3 266.3 267.1 268 268.4 269.1
260.5 265.9 273 273.9 270.9 265.8 273.8 282.7 285.6 289 293.8 297.7 298.5 305.1 311.6 314.6 321.1 325.7 329.3 331 330.3 324.8 323.3 325.9 328.3 331 335.9 339.7 342 342.2 342.5 341.5 338.6 337.8 337.2 336.1 334.2 331.8 329.7 326.9 323.4 318.3 311.8 305 295.8 293.3 284.3 283.4 283.9 277.8 274.2 270.2 268.9 266 263.4 262.7 260.1 258.8 259.2 260.3 260.5 260.7 263.7 262.9 259.6 265.2 265.7 268.7 268.8 271.2 272.9 272.5 270.1 271.6 271.8 273.3 274.4 274.7
260.2 277.8 278.6 276.2 271.9 270.5 284.2 288.1 293.9 298.8 303.6 299.8 306.1 313.1 314.9 324.2 329.7 333.4 335.4 336.7 336.5 335.6 333.9 329.9 334.4 337.3 340.8 345.7 348 349.9 349.2 348.9 345.4 340.7 339.2 338.7 337 334.9 333.3 330.6 327.5 322.4 316.9 311.4 305 295.7 284.9 283.2 281.1 277 274.8 273.7 272.2 271 270.1 268.4 264.4 261.1 262.1 262 265.5 270.6 267.9 264.8 264.1 272.3 274.4 275.9 277.4 278.1 277.6 276.8 274.2 275.2 275.8 272.6 276.6 277.2
270.6 277.9 276.8 274.9 273.7 282.6 289.8 294.1 300.2 306.7 308.3 306.9 313.2 316.2 326 333 336.6 338.8 339.8 341.7 342.1 342 341.6 340.6 341.8 344.1 348.7 352.5 355.7 355.9 354.1 352.1 348.1 341.3 341.8 341.6 341.1 339.1 336 332.6 328.1 323 317.4 311.8 305.8 298.6 290.1 285.8 285.1 281.2 279.3 277 273.1 275.4 276.9 275.8 273.4 269.6 268.9 272.4 274.9 277.8 276.8 263.4 265.4 271.7 278.7 281 282.5 282.8 281 280.7 281.4 282 282.3 278 277.3 280.2
276 273.3 273.9 274.7 279.2 289.4 294.4 300.5 307.7 314.1 313.9 314.6 318.8 327 335.7 338.2 339.6 341.7 344.6 346.6 347.5 345.4 343.3 343.2 346.1 349.5 353.1 356.1 357.2 357 356.4 356.4 354.3 353.2 350.8 347.9 345.4 341.5 336.5 332.7 325.7 320.4 315.1 309.5 304.1 297.3 288.9 292.5 289.9 286.9 284.2 282.7 276.6 278 279 276.2 274.4 273.1 277.1 280.7 281.7 280.4 268.3 265.1 271.7 277.4 281.2 283.6 284.2 283.6 284.2 284.4 285.8 287.6 287.4 285.9 285.1 290.2
271.6 272.1 273.3 279.6 288.6 293 299.5 307.6 316 320 316.2 320.1 328.6 335.4 340.8 342.2 343.9 347.8 352.2 352.7 350.2 349.9 346.8 346.4 350 354 358.9 362.2 365.7 367.3 366.5 366.9 364.6 361.6 357.6 355.8 350.1 345.4 339.1 334.8 326.7 319.2 312.6 307.3 301.9 296.8 290 292.6 290.4 287.2 284.2 281.9 279.2 277.4 275.9 274 274.2 274.6 276.6 279.4 279.2 272.1 266.5 272.8 280.4 283.4 284.9 287.8 287.1 287.1 288.5 291.4 293.1 293.9 294 294.3 295.7 296.9
273.3 274.4 277.5 290.5 293.3 297 305.5 313.8 318.5 319.8 321.4 330.6 337.5 342.9 344.6 346.4 349.5 355.6 358.8 359.4 358.8 357.5 356.1 355.3 360 366.5 371.9 376.6 379.9 381 379.5 377.1 372.6 367.1 357.3 355.9 349.9 342.9 334.9 326.4 319.5 311.7 304.4 301.8 298 293.8 292.7 291.2 290 289.1 289.4 286.8 283.2 280.7 281.9 280.7 280.8 282.1 283 283.5 280.1 267.5 269.9 284.8 289.2 290 289.6 289.8 290.1 293.3 295.1 294.8 294.9 295.1 296.1 297.6 299.8 299.9
279 281.9 289.3 299.3 300.1 301.4 308.6 313.9 319.9 324 331.9 339.7 344 346.9 349.5 355.6 358.5 361.1 363.1 362.5 362.9 362.7 365.1 368.8 372.3 378.5 383.5 387.1 388.1 386.8 382 375.6 369.7 361.2 353.7 351.9 348.4 342 336.8 330.5 324.2 316.7 309.4 304.1 297.8 296.4 293.2 291.3 290.5 290.8 290.3 290.5 288.8 288.2 289.3 286.2 285.3 285.9 286.3 287.5 271.5 269.4 279.5 291.8 294.7 293 292.5 296.1 296.9 296.7 296.5 296.2 296.5 296.8 298.4 303 302.7 301.9
283.7 292.8 300.1 308 311.2 313 310.4 319.2 324.4 330.9 341.2 345.5 348.4 352.5 359.4 364 366.7 367.2 364.5 366.5 368.4 370.2 372.9 379.3 385.7 388.9 391.1 391.2 390.2 387.8 385 382.6 380 372.7 366.3 359.9 352.9 345.3 337.3 331 324.8 316.8 309.4 306.5 305.3 303.2 300.6 296.4 294.4 292.4 292 293.4 293.9 292.6 289.4 287.7 287.5 287.7 280.1 269.5 270.7 276.7 292.9 296.6 296.8 299.6 299 298.7 298.4 298.1 298.4 299.8 300.5 302.2 302.8 302.5 304.6 304.3
289.7 301.8 308.4 314.2 318.1 322.1 316.8 326.6 329 341 347.3 350.6 357.6 364 369.2 370.7 373 374.1 375.7 377 378.3 382 386.7 390.5 392.4 394.1 395.2 395.6 397 395.8 392.9 388.2 382.2 373.1 364.4 356.1 347.5 339.5 332.7 326.1 323.3 321.2 314.3 312.2 312.9 311.8 311.1 309.3 306.4 302 298.4 295.5 294.5 292.7 292.3 290.8 290.6 271.6 273.5 272.9 276.7 291.4 298 300.1 301.1 300.9 300.4 300.7 300.8 303.8 304.3 304.2 303.2 304 304.8 305 307.1 306
296.3 308.3 313.9 321.8 327.2 325.5 328.8 330.8 336.6 347.7 353.1 359 368.4 373.6 375.1 376.9 379.5 380.1 381.8 383.7 390.7 393.5 394.4 394.1 397.6 400.7 403.2 403.5 401.3 397.1 391.1 384.3 375.7 366.8 357.7 351.1 343.5 339.9 332.1 327 324.6 321 319.4 321 322.3 322.3 321 318.6 314.1 308.8 303.4 301.3 299.5 297.8 296 294.1 281.7 272.6 274.9 285 294.9 299.4 300.4 301.9 302.5 302.1 304 306.8 306.2 306 306.1 305.9 305.7 306.6 306.9 307.2 309.6 311.7
304.7 314.7 320.6 327.7 334 333.8 337.2 342 347.7 354.5 361.5 370.9 377.2 378 379.5 380.9 382.1 384.7 388.4 394.9 397.3 399.7 398.3 401 406.4 407.8 407.6 404.8 400.8 393 384.1 377.7 372 367.1 364 359 353.4 347.2 341.1 333.6 326.1 321.7 326.9 329.9 331 331.2 329.6 325.9 321.2 316.2 311.6 307 302.2 296.9 293.6 281.4 275.9 275 290.4 298 301 301.8 302.7 303.6 305 307.7 307.9 308.9 307.9 308.5 309.3 311.4 312.9 313.7 315.1 316.8 321.5 326.4
310.7 320.3 329.4 335.6 336.9 340.4 344 348.2 356 363.9 371.7 378.8 381 381.5 382.5 383.7 387.4 393.1 398.2 401.2 403.7 405.1 410 410.6 412.2 412.1 410.6 407.5 404.4 399.1 393.3 388.3 381.8 375.3 367 356.5 350.6 350.1 345.3 340.9 336.1 332.3 335.1 335.8 336.5 335.9 333.4 329.4 323.9 318.3 311.1 305.1 299.6 290.9 281.1 277.4 276.3 293.3 300.8 301.4 302.6 303.2 306 307.2 308.6 310.7 311.8 313.1 314.6 315 317.8 320 323.3 327.1 332 335.1 336.7 336.5
314 322.8 332.3 340 339.6 339.7 347.3 354.7 365.4 374.1 380.5 382.4 385.1 385.5 386.8 390.4 396.8 401.7 404.4 408.2 411.4 414 417.5 417.1 417 416.7 414.1 410 405.6 398.7 387 385.3 381.9 379.8 374.5 370.2 365.3 360.4 354.2 347 341.6 338.2 337.3 337 334.9 332.1 328.4 323.5 318.1 313.1 309.2 304.1 298.9 281.7 275.7 284.1 295.6 301.5 302.4 305.1 309.1 308.7 309.2 310 314.3 319.8 322.3 327.9 333.8 332.2 334.9 334.8 335.5 338.7 339.8 341.1 340.3 343.7
314.8 322.2 331.3 342 341.7 345.9 354.9 365.3 374.6 383.3 385.2 385.4 388.5 390.6 394.8 399.5 404.3 408.3 411.9 416.1 418.9 420.8 422.1 421.1 418.2 413.3 408.4 404.1 399.4 400.4 399.6 397 392.9 388.2 383.8 378.2 370.8 363.4 355.2 350.4 347 343.2 339.3 335.6 332.4 328.1 323.6 321 318.9 315.8 310.9 303 285.1 280.2 291.5 296 302.7 304 308.6 309.8 310.3 311 317.3 323 327.2 333.5 337.6 340.2 340.7 340.8 343.1 344.6 342.7 347.7 350.2 353.2 354.1 361.2
313.8 321.3 333.4 344.1 344.8 355 366.5 375.4 383.1 387.3 389 391.8 392.6 394 401.2 406.7 409.4 416 421.1 422.7 424.4 423.8 420.7 415.5 411 408.7 409.8 409.2 411.9 410.6 405.5 402.2 396.4 389.9 382.9 375.7 371.9 367.3 363.3 358.8 353.1 347.1 341.7 337.7 334.9 331.4 328.4 325 320.9 315.9 308.4 296 279.4 285.1 296.5 303.5 305.4 310.8 310.9 311.5 314.5 325.5 332.9 337.8 339.8 340.6 341.8 342.9 343.9 345.4 352.4 355.7 357.1 360.5 363.8 365.3 369.7 372.7
317.3 325.9 341.5 345.8 351.3 362.9 374.7 384.6 387.4 390.6 392.3 394.8 396 402 409.3 413.6 418.5 424.4 427.8 427.2 425.1 422.1 419.4 418 418.5 418.4 420.6 419 416.5 414.1 410.1 406.7 401.9 396.2 392.8 389 384.5 377.3 370.6 364 357.1 352.5 348.6 345 340 334.5 329 324.5 319.6 312.5 302.5 289.5 278.4 296.7 302 307.1 311.7 311.9 313.5 318.2 330.6 338.9 341.1 342 342.5 342.8 345.2 347.8 350.3 353.9 359.4 363.9 365.7 367.5 372.2 377.3 380.5 382.9
322.9 333.9 346.6 347.7 356.5 369.9 382.3 390.4 391.9 393.5 395.7 397.7 403.3 408.5 415.5 420.9 426.9 430.6 431 430.1 428.5 427.7 427.3 427.4 425.4 423.7 423.4 422.2 419.4 418.9 417.4 414.8 411.7 408 403.4 395.8 386.4 379 373.1 367.1 363 358.6 353.5 347.1 339.6 332.3 326.5 322 316.2 307.2 296.9 289 288.1 303.5 305.6 311.6 312.6 313.7 321.1 332 340.5 343 343.3 344.6 346.3 350.6 351.8 355.1 357.8 362.6 367.8 372.1 377.1 381.6 383.7 385.5 386.8 387.5
329.7 340.8 349.2 351.4 362.9 378 389.6 394.8 394.9 396.5 398.6 402.3 411.3 416 422.4 429.2 433.2 435 434.9 433.3 434.1 432.7 431.2 429.9 427.5 426.5 426.6 427.1 426.3 425.7 424.8 422.2 417.8 410.3 401.6 392.4 385.1 377.9 371.9 366.7 362.9 358 351.8 344.6 336.5 329.4 324.3 319.7 313.2 304 296.3 290.1 298.9 305.4 310.2 313.8 316.4 322.4 333.7 341.3 343.7 344.9 347.9 356.3 359.5 359.9 362.5 367.3 371.6 375.5 379.4 382.8 386.7 389.7 389.4 390.2 391.1 390.7
337.2 347.4 351.7 358.6 373.1 386 394.7 397.5 399.3 399.9 401.3 410.1 417.5 423.7 429.7 434 437.1 438.7 438.3 437.5 437.3 435.7 434.5 433.1 433 433.8 434.1 439 434 431 426.4 420.5 413.8 405.1 395.9 387.5 379.3 371.7 367.8 363.9 358.5 351.4 342.1 337.2 332.4 326.8 322.4 318.9 313.3 305.9 297.6 279.5 303.6 307.5 313.7 317.3 325.4 335.1 343.3 346.3 347.1 350.5 357.3 364.3 367.3 372 375 379 383.4 385.5 387.6 389.5 390.9 392.6 393.8 394.3 395.2 395.1
342.4 352.5 356.1 367.7 380.3 392.5 398.4 399.8 401.8 404.2 408.2 415.2 423.3 430.4 434.9 435.3 438.6 439.6 440 439.9 439.6 439.6 438.5 440.8 442.5 445.2 441.3 437.9 432.2 424.6 420.5 417.7 413.8 405.4 391.3 381.8 375 369.7 368.1 365.2 361.8 356.2 347.8 336.7 327 324.2 321.8 318.9 314.9 302.7 281.5 298.1 308.4 312.9 316.2 323.1 333.7 345.2 346.4 347.9 350.1 358.3 364 371.4 376.5 380.2 384.3 387.2 389.1 391.5 393.5 394.9 395.1 397 397.8 396.6 399.9 400
345.6 354.1 360.7 374.7 385.7 398.5 400.7 401.6 404.7 407.2 412.6 417.2 428.2 434.2 437.4 439.3 438.7 440.6 443 444.4 445.5 449.7 452.9 453.9 450.3 446.1 440.4 433.5 432 428.7 425.5 421.3 413 402.1 390.4 382.5 377.4 374 370.7 368.3 364.3 356.5 338.4 327.1 322.8 320.3 320 318.1 313.7 305.8 296.2 309.8 314.7 317 324.1 331 344.2 346.7 347.9 352 365.1 365.1 370.7 378.7 384.7 387 388.9 392.3 395 397.2 397.8 398.3 399.4 403 405.5 406.4 407.8 408.2
