Game/Highland_Data/StreamingAssets/GeoData/Data/sd/SD90.asc
ncols 200
nrows 200
xllcorner 390000
yllcorner 400000
cellsize 50
[rows 35 to 69 of 200, columns 78 to 155 of 200]
219.7 221.3 207.4 193.4 180.5 176.3 176.2 176.7 187 200.9 211.2 219.4 226 232 237.9 242.6 248 228.1 239.2 251.3 256.8 261.6 266.7 268.5 271.6 278.3 280.1 281.9 283.7 286.2 289.1 292.7 299 308.5 316.2 319.2 320.3 321.3 322.8 322.5 322.8 323.3 330 335.9 336 335.8 337.5 339.2 340.5 341.8 343.3 346 348.6 352.3 355.4 361.1 368.5 366.6 355.4 349.9 342.2 331.4 313.6 296.8 284.5 272.4 256.8 246.1 238.9 231.6 225.9 213.3 212.5 217.9 222.8 221.5 217.1 215
219 223.5 210.3 199.5 179 178 176.4 178.6 191.2 203.5 213.9 224.2 230.1 235 241.7 247.7 252.8 231.5 246.2 260.8 268.5 269.2 273.5 275 276.1 280.2 281 284.4 286 288.4 291.3 295.2 302.4 310.8 318.6 321 330.4 350.3 355.5 349.6 332.1 326.5 329.5 339.3 338.3 339 339.5 339.5 340.3 341.1 343 346 349.1 352.6 356.6 362.1 370.8 374 362.3 353.5 347.9 338.3 318.9 300.9 284.9 270.8 260.2 252.7 246.1 239 229.7 222.7 213.3 210.9 209.9 208.7 204.9 212.2
218.8 219.2 209.7 200.7 183.7 179.3 177.2 182 194.6 206.5 217.9 225.4 229.2 236.4 244 250.9 252.1 234.8 256.6 267.4 272.4 274.1 279.6 280.1 280.7 281.8 284.3 286.7 288.4 291.7 293.6 296.6 303.7 312 318.2 322.4 328.9 350.9 353.4 354.5 355 354.2 351 345.6 340.1 339.5 339.5 339.1 339.4 340.3 342.4 344.7 347.7 352.4 356.6 363 370.9 375.2 366.4 357.8 353.5 344.6 320.6 302.9 290.7 283.1 272.5 261 251.7 245 236.9 230.8 222.3 218.4 221.1 219.5 223.8 224.7
217 215.3 209.3 200.8 186.5 178.6 177.5 185 195.8 209.5 218.3 224.3 230.9 237.7 245.4 251.7 252 238.4 256.6 264.3 272.7 277.7 283.3 283.1 285.9 285.8 286.8 289.3 290.7 292.8 295.5 298.4 304.3 309.5 319.4 323.6 332.1 347.4 350.9 352.1 352.8 351.9 349.1 344.2 340.6 337.5 337 337.7 338.3 339.6 341.6 344 346.4 350.2 355.8 363.2 370.5 374.8 369.7 362.1 355.2 349.5 330.6 311.6 300.5 287.1 277.5 272 259.4 250.2 242.8 236.4 232.6 229.1 231.3 234.9 234.6 232.1
215.5 212.3 206.5 197.9 185.6 177.8 178 189.8 202.9 213 220 227 236.8 241 247.5 251.4 251.7 242.8 256.8 269.8 274.5 281.8 284.2 286.6 288.2 289.3 290.4 292.4 293.4 294.5 297 299.9 302.8 309.6 317.4 324.6 330.9 341.3 346 348.4 349.7 348.4 346.4 344 338.7 335.6 335.1 334.7 335.7 337.1 338.4 341.6 344.8 347.8 354.3 361.5 368.6 373.4 368.4 362.7 361.7 356.5 346.1 329.3 312.1 298.7 286.7 279.7 267.2 258.1 249.3 242.5 238.3 239.4 244.6 246.8 251.4 246
212.4 207.4 201 190 177.6 178.4 180.7 194.5 207.6 217.5 224.6 231.2 237 241.8 247.3 250.9 251.9 245.2 260.9 270.3 279.1 280 284.5 287.8 290.5 292 292.9 294.2 295.4 296.6 299 301.6 304.4 308.8 314.1 321.9 328.7 336 341.8 344.6 346.1 344.7 342.7 340.7 337 332.8 331.6 331 331.6 332.6 335.1 338.5 341.6 345.3 349.5 355 362.1 367.1 365.5 363.8 363.1 360.7 355.1 343.4 322.9 311.2 296.5 286.4 278.1 268 260.1 253 250.6 252.3 257.8 259.5 257.3 250.5
207.9 200.4 186.1 178.8 180.4 179.6 185.1 199.8 211.1 219.5 225.6 229.9 237 242.1 245.8 250.2 252 246.8 262.7 270.4 275.5 280.1 285.7 288.5 292.1 293.8 294.4 295 296 297.4 299.7 301.4 304.1 309.2 312.5 317.5 325.4 332.2 336.7 340.4 343.8 341.4 338.1 335.5 332.7 328.6 327.4 328.2 328.5 328.9 331.3 334.5 336.9 340.8 345.5 351.2 357.7 364.3 364.9 365.3 365.3 365.4 362.2 355.2 338.5 318.6 307.1 294.2 286.9 276.6 271.6 264.7 265 266.2 270.5 267.3 263.9 255.1
196.1 184.2 179.5 178.8 178.9 181.1 191.4 203.4 212.3 219.8 225.7 231.7 237.5 241.9 245.6 250.4 251.2 250.5 263.1 270.5 275.1 280.4 285.2 287.2 290.8 293 294 295 296.4 299.1 300.1 301.7 304.1 308.2 310.3 315.4 319.1 326.5 331.1 337.3 339.4 337.2 333.4 330.2 328.2 325.5 325.8 325.6 324.5 326.2 328.5 331.3 335.4 340.1 344.7 350.1 358.9 363.8 365.1 367.8 369.3 368.2 366.6 363.1 356.8 344.8 328.2 312.4 297.9 286.6 280.6 274.7 274.7 277.2 274.8 271.6 266.8 258.9
183 179.6 178.6 180.4 179.9 185.1 196 205.9 216 224.2 227.9 233 237.1 241.6 246.1 249.3 250.9 251.3 262 269.4 274.3 278.3 280.9 283.5 287.9 290.3 292.5 293.7 295.2 297.5 299.2 301.5 303.8 306.6 310.1 313.1 316.7 321.6 327.1 333.4 335.9 334.1 329.8 325.3 323.5 323 322.4 323.5 322.7 324.1 326.4 329.7 333.8 338.8 345.1 351.1 357 362.6 366.5 369.6 372.4 372.9 372.8 370.1 366.4 361.1 350.4 328.2 317.8 300.7 290.2 282.6 284.3 281.5 276.6 272.3 267.4 262.4
179.4 179.2 179.1 180.4 186.2 191.6 199.7 209 218.1 227.1 230.9 233.5 237.2 241.7 247.9 249.1 251 251.5 258.4 265.3 272.6 275.6 279.4 281.5 282.5 286.4 290.3 292 294.9 296.9 298.8 301.2 303.6 305.6 308.6 311 314 319.5 323.7 330.1 332.6 331.5 325.3 321 318.5 319.3 318.5 317.7 318.8 322.4 328 332.4 335.9 339.4 345.1 351.3 357 362.2 367 369.7 372.9 375.2 378.1 377.3 371.9 366.7 360.9 351.5 337.4 319.9 306.3 299.4 294.5 288.7 282.3 276.8 270.3 264.7
179.1 179.3 184.3 187.1 189.9 194.9 203.1 211.7 219.2 227.3 230.6 233.9 239.4 242.1 247.6 249.4 251 252 255.5 263.1 267.6 272.8 275.6 279 279.8 282.2 286.9 290 294 296.1 298.5 301.3 304.2 305.8 307.3 309.1 311.9 314.5 319 326.9 329.4 329 322.7 317.4 315.6 316.5 315.2 316.4 320.5 325.9 330.5 333.5 337.5 343 346.2 351.1 356.2 361.3 365.7 368.6 371.4 374.6 377.9 377.9 374.7 369.5 363.5 358.4 353.9 348.1 333.3 323.3 313.9 307.1 298 285.2 278.7 270.2
181.7 185.4 184 189.1 191.9 196.6 205.8 214.7 219.5 226.4 230 235 240.3 242.2 245.5 248.1 250.9 251.3 253.5 260.7 265.7 269.7 273 276.2 277.8 280.4 285.3 288.2 292.9 296.1 299 301.6 303.5 305.5 306.2 307.2 308.3 311.7 315.3 319.6 324.4 324.8 321 314.7 313.7 313.2 312.6 315.9 321.1 327.6 331.7 335.6 340 345.3 349.8 351.3 354 359.3 363.4 366.6 369 372.4 376.2 377.2 375.5 372.8 367.6 361.3 357 352.5 345.4 341.2 335.4 326.3 314.1 299.7 287 276.4
182.9 183.2 185.7 189.3 192.8 197.8 206.7 216.7 218.5 223.6 232.5 236 238.8 241.3 243.8 246.4 247.9 249.7 252.8 257.6 262.4 268.2 272.3 275.5 277.6 278.9 284 286.6 291.3 294.2 298.1 300.3 302.7 304.7 305.5 306 306.7 308.2 310.6 314.2 320.1 319.4 316.7 313.5 311.4 310.2 311.1 317.5 325.1 332.8 336.5 340.2 345.5 347 349.3 347.2 349.8 353.7 356.8 360.6 364.6 367.9 372.5 374.9 375.1 372.9 367.3 362 356 351.8 348.2 344.5 339.8 332.4 322.9 311.1 299.9 288.7
180.4 181.8 185 188.6 193 199.3 206.4 214.5 220 222.3 232.8 235.4 237.7 239.7 241.4 243.6 247.7 249.6 251.7 260.6 264.6 267.7 272.3 274.3 276.2 278 282 285.6 288.9 293.1 297.5 300 302.4 304.1 304.9 305.3 305.9 306.1 307.2 309.8 313 314.4 313.2 309.7 308.1 305.7 311.9 317.4 328.9 337.7 345.4 349.6 345.9 346 346.9 342 343.4 345.8 348.6 353.7 358.8 362.7 368.4 370.5 371.9 370.4 367.4 362 356.1 350.6 347.1 342.6 339.5 335.4 326.8 320.1 309.7 300.4
181.4 182.8 185.3 187.3 191 198.3 209 207 220.8 223.6 231.1 234.1 235.2 235.9 239.5 242.6 247.3 249.2 251.3 261.8 264.9 267.8 271.3 272.9 274.7 276.5 279.8 285.4 287.7 291.2 295 299.5 302.3 303.7 304.3 304.4 304.3 304 304.1 305.8 307.8 308.7 308.5 306.5 304.7 302.2 312 318.5 331.1 340.4 347.7 346.5 342.3 342.7 342.2 338.2 337.7 339.3 342.6 349.4 354.1 358.7 362.3 365.7 367 367.3 364.3 360.7 355.9 349.1 343.7 338.4 336.6 333.4 329.7 324.8 318.2 309.2
182 181.9 184.5 182.8 185.2 195.6 196.7 206 219.8 223.9 228.3 230.2 233 235 238.8 242.8 247.5 248.7 250.6 257.2 262.7 266.4 268.1 271.6 273.3 276.5 278.2 282.5 285.6 289.9 294.8 298.5 301.2 302.6 303.4 303.3 302.8 301.6 301.2 302.2 304 304.7 304.1 302.2 300.1 305 314.3 322.2 332.2 339.7 339.7 338.7 337.4 339.5 337.1 335.4 334 335.1 339.2 344.7 350.1 354.7 357.9 360.6 362.2 362 360 356.7 353.9 348.6 342.9 335.4 331.5 329.3 326.2 322.6 318.5 314.4
182.8 181.6 185.5 186.5 185.1 185.1 187.7 203.2 214 223.1 221.8 219.2 229.1 237 238.1 242.1 246.7 248.6 249.3 256.8 261.2 264.7 268.3 270 271.4 274.6 276.2 280.8 284.6 289 292.4 296 297.8 301.5 302.1 302.9 301.2 299.2 298.4 298.5 299.9 299.7 299.5 296.9 295 306.9 315.8 323.5 331.2 336.3 334.9 334.2 335.3 334.7 332.5 332.7 333.6 334.1 338 341.3 345.6 350.5 353.6 355.7 356.2 356.1 354.4 352 350 346.5 340.9 334.2 325.5 323.2 320.5 318.5 315.2 312.6
182.7 182.9 184.7 189.9 192 191.2 185.3 190.2 212.1 214.6 204.8 223.6 229 235.8 237.7 240.9 246.2 247.8 248.6 254.9 260.7 264.6 266.2 268.1 270.9 272.7 277.4 278.6 283.6 287.6 293.7 294.6 297.3 300.6 300.8 301 299.4 296.8 295.2 293.8 294.3 293.6 292.6 288.8 296.7 308.6 315.2 323 328.9 331.3 330.3 330.8 332 329.1 326.9 326.4 328 331.5 334.8 338.8 342.2 345.7 348.4 349.1 349.8 349.7 348.6 347.5 345.5 341.9 336.3 329.4 323.7 315.6 315.2 313.1 310.9 308.7
182.3 183.3 182.8 191 194.5 198.8 186.9 186.8 190.7 194.3 209.4 220.4 225.1 232.7 236.9 240.8 244.9 247.2 247.7 249.7 252.4 257.4 264.2 267.9 270.1 272.6 275.6 277.8 280.9 286.5 292.5 296.4 298.3 299.5 299.2 298.4 296.4 293.8 290 289.3 289.8 287.5 280.7 293.4 299.3 306.4 314.1 320.9 324.3 325 326.8 321.6 324.6 322.1 318.8 323.4 326.6 330.5 333.8 336.9 339.3 341.9 343.5 342.2 341.5 342.7 342.5 342.3 340.7 337.3 331.5 325 318.8 311.9 307 307.1 305.3 303.2
181.3 181.8 183.3 193.9 196.2 202.3 200.9 188 187.7 199.6 214.1 218 222.3 232.6 233.5 238.4 243.9 246.7 247.2 250.6 255.9 259.6 263.7 268.7 271.8 273.5 275.9 278.5 284.3 289.7 293.6 296.5 298.6 297.7 296.7 293.7 292.5 289.2 282.8 281.5 275 284 290.5 293.6 297.2 301.6 308.1 315.2 321.1 318.6 317.1 315.8 313.6 314.3 320.4 324.2 328.1 329.5 332.9 335.4 337.6 338.7 338.8 336.6 335.5 335.1 335.2 335.6 335 331.6 326.3 320.4 314.1 308.7 301.8 298 298.1 297.1
182.2 182.8 186.3 194.8 199.5 204.6 206.5 199.1 190.1 200.3 213 214.7 220.7 226.6 232.5 237.4 241.6 242.2 247.3 252.9 259.8 263.7 266.3 270.9 272.6 274.8 277.4 282.3 288.3 293.1 296.9 300.1 299.2 296.3 293.2 289.4 287.3 283.8 274.8 274.2 267.5 285.8 289.9 291.9 293.8 297.1 302.1 308.7 312.4 312.5 311.8 311.6 309.7 316.8 322.1 326.2 329.3 332 333.8 337.5 337.6 337.3 334.9 331.6 326.7 321.8 324.6 326.7 325.1 324 318.8 313.9 306.5 301.8 299.2 289.8 289.2 289.2
182.6 184.9 192.5 199 201.3 205.7 206.8 199.4 191 201.3 207 210.9 217.6 222.3 226.3 231 239.6 244.1 249.5 255.5 260.6 267.3 267.8 272.6 273.6 276 279.6 286.1 291.9 297 300.8 303.4 299.7 293.7 287.8 283.7 280 275.3 268.7 268.6 263.5 286.3 288 288.5 290.4 293.7 299.1 305.1 307 306.5 306.1 306.4 313 318.1 322.7 326 329.3 332.5 334.8 337 338.1 339.3 337.2 335.3 332.3 325.4 312.9 315.2 314.3 313.7 309.4 303.3 297.8 295 290 285.2 278.6 280.5
185.1 189.5 197 202.8 204.2 208.8 208.6 207.2 197.5 193.2 199.4 204.9 211.4 221.9 229.3 234.4 240.1 245.1 249.1 258.1 263.7 266.7 271.2 274.2 275.5 278 282.9 290.6 297.4 304.3 307.6 305.5 299.5 290.5 283 274.6 271.1 265.9 264.5 259.1 282.4 285.2 283.9 282.7 285.6 289.1 293.8 298.8 300.7 298.8 303.7 309.7 314.8 320.4 324.9 328.2 331.4 334.5 336.7 338.7 339.5 340.8 338.8 338.2 334.8 328.6 319 303.3 299.7 300.8 297.9 289.8 288 287.1 283.5 275.9 269.2 271.8
192.3 198.5 205.1 205.7 208 212.5 209.8 210.3 204.4 200.2 203.7 209.3 216.9 220.9 226.3 233.4 239.2 244.5 249.4 256.7 263.5 270.2 273.9 276.5 279.6 281.6 286.7 295.2 302.9 309.4 311.4 304.8 296.3 284.1 273.6 266.1 262.3 258.6 254.5 271.5 278.1 280 275.5 272.9 279.4 283.2 288 293.6 296.8 301.9 305.3 311 316.9 321.9 326.2 330.1 333.4 337.1 339.1 341.2 342.4 342.6 343 341.6 338.9 334.9 329.6 319.3 306.8 295.6 288.3 281 276.3 276.3 272.2 266.8 257.7 258.5
199.5 203.3 209.3 209.9 212.5 212.5 211.6 211.5 211.5 211.5 211 210.5 216.2 219.9 226.2 231.9 237.7 242.8 248.2 255.8 264.3 270.6 273.9 277.2 279.7 283.7 289.8 296.8 303.9 306.7 303.5 298.1 289.5 272.5 265.3 260.8 250.7 250.1 260.4 262.3 265 267.8 266.4 275.2 280.8 286.9 292.4 297 301.3 302.6 307.7 311.7 316.3 322 326.7 330.5 334.7 338.7 341.4 343.6 345.1 345.7 346.4 345.7 344 342.5 335.8 329.9 322.9 314.4 306.9 299.2 290.6 279.6 266.9 266.9 257.9 255.5
201.4 208.4 209.7 211 213.8 213.8 214.7 213.3 212.3 212 212 213.2 217.4 217.1 223.6 229.3 233.9 243.8 252.6 266.5 270.2 273.2 278.6 279.9 284.1 285.9 291.1 297.2 301.1 301.1 296.8 291.5 276.6 263.6 257.9 248 246.7 251.3 253.9 257 259.9 266.5 270.9 276.5 282.9 290.2 295.2 299.1 302.6 306.4 309 313.1 317 322.2 326 332.3 336 339.5 343.3 345.9 347.4 348.7 349.9 349.8 348.6 347.8 344 341.8 336.8 326.4 319.9 312.6 304.8 295.5 286.9 278.7 268.2 262.1
206.2 207.4 209.4 210.7 211.3 211.9 212.9 213.7 216.8 216.3 215.6 219.2 221.7 221.7 222.7 232.7 243 251.2 261.8 270.9 276.9 278.4 282.3 286.1 286.6 288.7 291.1 295.7 297.5 296.1 292.6 281 265.4 253.9 242.2 241.6 242.7 251.3 255.7 259.9 263.4 267.8 272.7 278.9 285.5 292.7 297.6 301.6 305.2 308.5 311.3 314.6 318.2 322.5 327.6 332.7 337.8 341.7 345 347.8 349.9 351.4 354.2 354.8 352 350.6 349 345.8 343.2 335.6 330 320.4 312.9 305.5 296 282.5 271.8 263.4
205.6 206 209.3 211.3 211.1 211.5 212.3 213.7 216.3 217.2 217.6 218.9 221.8 227 230.5 238 246.7 256.9 267.3 273 277.4 282.5 286.4 289 289.7 290.1 289.2 292.4 295 292 285.7 270.5 254.8 250.6 250.6 245.8 242.7 251.1 255.9 259.9 263.8 270.1 274.6 280.2 287.1 292.8 299.4 303.8 307.3 309.8 313.9 316.4 319 323.6 327.9 332.6 338.1 342.4 346.1 349.2 351.5 353.9 356.6 355 348.8 351.6 351.3 351.3 349.3 343.5 334.6 325.5 318.1 310.2 301.4 288 274.3 265
205.5 207.6 208 208.8 210.7 211.1 210 213.8 218.2 221.2 225.4 227.8 230.7 235.1 240.8 242.9 252.3 256.5 265.8 270.8 275.4 282.7 285.5 289.3 288.8 288.3 286.9 287.8 288.1 286.4 277.4 256.7 241.5 250.6 250.6 242.2 243.2 250.7 256.6 259.9 265.1 271.7 276.6 281 286 293.3 299.2 305.7 309.2 312.3 316.6 319.5 321.6 325.4 329.1 333.1 338.1 342.2 346 349.7 352 355.5 357.8 354.6 344.8 349 350.3 353.2 354.4 347.4 338.5 329.5 322.2 314 305.5 294.2 279.7 271.8
209.5 212.2 208.7 216.1 217.7 216.8 207.7 212 220 222.4 228.7 234.7 240.5 242.9 245.7 247.5 254.3 260.5 268.2 272.5 279.6 280.3 283.8 286.1 286.8 285.7 283.8 282.4 281.3 277.9 266.6 251.8 245.1 241 249.6 245.6 247.1 252.9 256.6 259.3 264 270.2 274.3 278.2 284.1 292.8 299.6 306.8 311.3 315.4 318.7 323.4 325.2 326.1 330 334.1 338.2 342.2 346.1 349.6 352.3 356 356.6 344.9 344.8 346.6 347.3 351.1 356.6 351.7 340.6 331.1 324.3 316.8 307.9 299.5 287.6 277.5
208.1 211 214.2 218.2 219.6 220.8 215.3 208.8 218.8 224.1 229.4 236.1 240.7 244.1 247.3 253 262.1 271.2 276.3 279.9 280.6 280.6 281.4 284.1 284.7 283.4 280.1 274.2 271.3 266.5 257.6 245.9 237.7 232.8 240.3 244.9 248.6 252.3 254 254.6 258.4 260.4 266.7 276.5 280.2 288.6 297.7 305.4 312.3 316.6 321 324.1 327.7 330.9 332.2 334.5 338.2 341.8 345.7 348.9 352 354.8 352.9 341.2 342.4 343.3 345.8 351.3 356.6 353.1 339.9 332.2 325.5 318.4 310.5 303 293.1 283.1
216 218.1 221.3 221.1 225.3 226.5 224.3 217.5 214.2 223.8 229 234.5 239 243.7 248.8 254.2 260.9 267.4 274.7 277.5 280.7 280.7 280.7 281.6 282.6 280.1 279.8 275 269.1 259.9 253.6 241.3 232.9 227.2 235.1 241.4 245.7 247.7 250.9 253.1 256.7 262.1 267.6 277.3 283.9 292.6 298.6 304.9 312.2 318.2 322.5 326.5 331 331.5 335.1 336.7 338.6 342.1 344.7 347.7 351 353.2 342.6 340.4 341.1 341.9 347.1 351.6 355.3 353.1 342.9 332.5 326.1 319.2 312.3 305.2 296.6 288.3
220.4 223.5 224.4 223.4 228.4 231.9 232.5 227.5 220.1 225.6 228.9 233 238.1 242.9 247.3 250.6 258.2 264.1 270.3 275.3 275.5 278.1 278.4 276.4 279.9 279.3 280 278 273.7 266.9 260.5 248.6 233.2 236.5 231.7 236.2 238.8 240.6 247 254.5 257.3 262.6 271 277.5 282.5 293.7 299.2 305.4 314.2 319.8 324.4 328.8 332.5 334.9 336.5 338.7 340 341.2 343.2 345.6 348.4 351 334.5 336.8 338.6 338.7 346.3 351.4 354.3 352.5 344.1 333.1 326.4 319.8 313.1 306.6 298.7 292.1
223.5 228.7 227.7 224.1 229.7 233.5 233.1 233.2 227.6 227.3 230.2 231.3 237.9 242.2 245.3 249.4 253.9 260.5 267.1 269 272.5 275.8 274.8 275.2 274.7 278.8 279.2 279.6 276.1 270.3 264.1 251.1 235.4 236.5 235.6 233.1 233.8 239.5 245.8 253.8 258.1 264.2 269.2 275 280.9 291.3 301 308.4 316.7 321.5 326.2 330.4 333.8 336.2 338.5 340.3 341.1 341.4 341.7 343 345.5 348.7 338.3 339.3 342.5 343.1 345 349.4 349.9 348.7 343.2 332.8 326.2 320.1 313.7 307.3 300.3 294.3
223.3 229.1 229.1 224.6 228.5 234.2 233.8 234 232.7 229.2 229.4 231.3 234.3 240.2 243.1 247.4 251.4 256 260.6 263.5 267.8 270 273.3 272 273.3 274.3 278.2 279 278.5 274.3 267.3 252.3 235.7 236.5 236.2 234.4 239.9 239.8 241.8 251.7 256.5 263.1 267.6 273.2 280.6 291.9 301.7 311.4 318 322.7 327.2 331.5 334.8 337.2 338.9 340.6 341.1 340.2 340 340.3 341.8 344.5 345.8 348.3 346 345.1 343.3 342.8 342.1 343.2 340.1 333.5 325.7 319.4 313.4 306.5 301.7 295.4
