Game/Highland_Data/StreamingAssets/GeoData/Data/sd/SD92.asc
ncols 200
nrows 200
xllcorner 390000
yllcorner 420000
cellsize 50
[rows 35 to 69 of 200, columns 0 to 77 of 200]
366.3 370.3 371.3 372.2 371.9 373.3 375.2 375.8 372 366 362.4 363 362.9 363.5 362.5 360.3 356.1 352.6 355.9 359.7 364 369.9 377.5 386.8 395.7 401.6 407.4 410.6 415.4 422.4 427.6 433.3 437 439.8 444.5 447.1 448.9 450 450.7 450.5 449.5 449.6 448.6 446.7 446.5 445.9 445.2 444.1 443.1 442.1 440.8 438.8 437.8 436.3 435.1 434 432.2 430 427.5 425.9 424.5 423.3 421.8 420.9 420 419 418 417.9 417.1 417.1 417.8 419.1 419.9 419 418.5 417 413.4 410.3
365.4 367.8 368.5 368.6 367.9 368.4 371.4 372.3 371 364.8 356.3 357.9 358.8 358.9 359 357 353.8 349.1 351.2 355.5 358.6 364.4 372.7 381 390 395.9 401.4 410.2 416 421.1 426.6 433.1 437.9 442 441.8 445.4 447.8 449.2 450.2 450.8 450.4 450.1 448.4 447.2 444.8 444.7 443.4 442.7 442 441 439.8 438.4 436 435.4 434.1 432.7 431.1 429.1 428.2 427.4 426.1 425.3 424.2 423.2 422 420.6 419.4 419.1 419.2 419.5 420.1 420.7 420.2 418.9 416 413.3 411.2 407.7
364.5 367.4 366.7 364.3 363.7 363.9 364.7 367.8 370.2 363 349.8 351.9 354 353.8 355.4 354.6 351.7 343.7 346 351.1 354.7 360.4 366.8 375.6 383.8 387.6 400 407.7 415.3 421.5 427.5 432.3 438.4 441.6 444.4 445.9 447.7 448.7 450.2 451.2 450.8 450.3 449 447.1 445 443.7 441.3 441 441 439.8 438.7 437.3 434.4 432.5 431.6 430.6 429.6 428.6 428.7 428.6 427.8 426.9 425.8 425.2 424 422.8 422.2 422 421.9 422 421.9 420.9 419.3 416.7 413.3 410.4 407.7 404.5
360.3 361.7 360.8 359.3 359 359.1 360.2 363 365.2 362.8 353.3 342 349.2 350.6 348.2 351.3 349.1 344.5 342.9 347.1 350.8 355.4 361.8 369.5 372.9 386.9 397.6 406.8 415 422.8 428.9 434.5 439 441.7 444.2 445.8 447.8 449.5 450.8 451.2 451.4 450.8 450 448.3 446.2 443.9 442.9 439.5 438.5 438.5 437.5 435.7 433.3 431.8 428.7 428.3 426.9 427.5 427.6 427.7 428.1 427.6 427.3 426.7 426 425.4 424.8 424.1 423.3 423.2 420.8 419.8 417.5 416 410.8 406.9 404.4 402.3
356 354.8 356.4 355.8 354.3 354 355.9 358.6 360.2 362.8 352.9 338.5 344.6 345.3 344.3 346.2 345.9 341.1 332.4 343.1 347 350.5 353.4 364.2 373.7 383.9 396.3 405.5 414.5 421.1 428.9 434.4 438.6 441 444.1 445.1 447.9 449.7 449.8 450.4 451.3 451.2 450.3 449.3 446.7 444.3 442.2 440.8 438.2 435.6 435.2 434.3 431.9 429.9 427.5 426.1 426.1 426.5 426.6 426.7 427.9 427.7 427.6 427.6 427.4 426.8 426.2 425.3 424.3 422.5 420.5 418.4 414.8 413.7 410.3 406.1 403.5 400.4
349.8 349.2 351.7 353.4 353 348.7 351 353.8 355.7 359.2 352.5 336.5 338.3 341.1 340 341.2 342.3 339.2 329.5 338.3 342.2 346.2 356.3 363.8 372.5 382.1 393.6 402.9 413 420.3 428.1 433.1 438.4 441.3 443.9 446 448.7 448.6 448.6 449.6 450.8 451.1 451.2 450.2 448.2 445.8 442.2 440 437.8 435.9 433.8 432.6 429.3 427.7 426.3 424.4 422.6 424.9 424.6 426.1 427.4 427.5 427.6 427.7 427.4 426.9 426.4 425.3 423.8 422 419.6 417.5 416 412.4 408.7 404.7 401.8 399.8
345.6 345.5 347.5 349.7 350 346.7 345.4 349.5 351.6 353.7 350.9 337 328.7 336.9 335.2 336.9 338 336.5 330.4 331.1 342 349.7 356.8 363.8 371 382.4 391.7 401.5 410.5 418.5 425.5 432.6 438.2 441.1 443.7 444.2 446.1 446.4 447 448.7 449.7 450.6 451.1 451.1 450 447.4 444.4 440.6 438.9 437.2 435.2 432.1 430 427.5 425.7 422.7 421 421.7 424 425.2 426.2 426.9 426.7 427.3 427.2 426.6 426.1 425.1 423.6 421.4 418.8 416 414.3 411.7 408.3 404.7 400.8 399
341.8 342.2 343.8 345.8 347.1 343.9 341 344.3 347.6 349.7 348.1 338.3 324.6 331.8 330.8 331.9 331.8 331 327.2 338.8 341.7 351 357.8 364.7 370.7 380.4 391 397 409.1 417.6 424.8 430.5 436.5 441 441.8 443.3 444.2 446 444.3 446.6 449.4 450.7 451 450.9 450.9 448.8 445.8 442.2 440 437.7 435.3 433.2 430.6 427.4 425.3 423.1 420.4 421.2 422.5 423.7 424.9 425.1 426.5 426.5 426.9 426.5 426 425 423.2 421.4 417.8 416.1 413.8 410 407 403.9 400.8 396.8
338.6 339 340.9 342 343.4 339.9 334.8 340.4 343.5 346.7 347.3 338.1 325.2 322.7 326.7 325.9 323.6 323.5 338.4 346.6 349.4 353.4 356 364.5 370.4 378.4 388.1 395.8 407 415.3 422.8 428.8 435.8 439.1 439.8 440.4 441.7 443.9 444.1 445.6 448.8 450.8 450.9 451.5 451 449.4 447.1 443.3 440.7 438.4 435.8 433.2 430.2 426.9 424 421.1 419.5 419.6 419.4 421 423.5 424.6 425.5 425.6 426.1 426.4 425.9 424.7 423.3 420.8 417.2 416.2 413.2 410 406.4 401.2 398.9 395.5
334.1 336.6 337.9 338.7 339.8 337.4 328.8 336 340.1 344.1 347 340.1 327.7 316.3 320.6 319.1 312.8 327.9 337.9 347.4 352.6 356.7 361.3 364.8 370.5 377 385.3 394.5 403.8 412.6 419.5 426.8 433.5 435.2 436.1 437 437.3 438.2 441 444.8 447.6 450.4 452 451.8 451 449.9 447.7 443.9 441.3 439.2 436.1 433.1 429.3 425.8 423.8 419.8 418.9 418.9 419 419.1 421.4 422.7 424.3 424.8 425.3 425.8 425.7 424.5 423.2 420.4 416.6 415.5 413.4 409.7 406.1 402.3 397.3 393.6
329.8 333.6 334.8 335.7 336 334 327.8 330.7 336.2 340.2 345.8 341.7 328.8 321.1 310.8 304.2 317.1 324.5 331.2 341.9 351.7 359.6 362 364.7 368.6 375 382.6 391 399.2 407.3 413.7 419.8 426.3 428.8 429.3 430.3 430.9 432.2 437.8 444 448.8 451.2 451.6 451.3 450.5 448.9 447 444.2 440.9 438.9 435.7 432.5 428.8 425.2 422.6 419.5 419.1 418.6 418.3 418.4 419 419.7 422.3 424.7 425.1 425.4 425.4 424.8 423.2 420.8 417.9 416 412.7 409.1 405.7 401.2 397.1 393.8
326 329.9 332 332.2 332.4 331.1 325.6 325.2 331.7 334.1 342.4 340.8 333.8 320.7 312.3 299.9 315 320.4 326.7 335 345.6 355.7 360.3 362.4 367.4 372.9 377.7 388.1 394.4 401.3 407.6 413.6 417.6 421.2 422.8 423.2 425.5 428.4 433.6 444.7 448.8 450 449.7 450 449.3 447.4 445.9 443.6 439.9 437.8 435.1 431.9 428.4 424.8 422.3 419.5 418.9 418.6 417.6 417.9 418.6 419.9 423.2 424.7 425.8 426.2 425.4 424.9 423.4 420.2 418.8 416.5 413.1 409.2 406 401.4 397.4 393.1
318.7 326.4 328.5 327.5 327.9 327.6 323 317.9 326 327.4 335.9 337.9 336.4 323.5 306.7 300.8 311.1 316.5 321 330.5 339.9 351.3 356.7 359.6 363.6 368.9 376.9 384 390.8 396.8 400.8 404.4 408.3 410.9 412.4 416.5 416.7 422.3 426.8 431.8 438.2 445.7 447.6 448.8 447.5 445.2 443.4 440.9 438.3 435.2 433.1 431.3 428.2 424.5 422.5 419 418.7 418.4 417.4 417.5 418.5 419.9 422.5 424.5 425.9 426.8 426.2 425 423.7 420.1 419 416.8 413.3 410.2 406.2 402.2 398.7 394.8
312.8 320.2 322.3 321.8 324.1 324 321.2 307.3 319.4 322.4 329.2 333.5 332.5 326.6 302 296.6 307 311.8 317.4 327 335.1 344.9 352.4 356 361 366.1 374.3 382.7 387.5 393 394.6 395.7 398.2 401.4 402.3 403.6 411.2 415.2 419.4 423.9 429 434.4 441.4 445.5 444.8 442.2 440.6 438 436.6 433.3 431 429.4 427.4 424.3 420 420.9 421.8 420.3 419.3 420.1 422.1 420.5 423.2 425.1 425.4 427.9 427.9 426.4 424.3 422.3 420.2 417.3 414.2 410.2 406.1 403.4 400.2 397.3
301.4 305.1 310.4 315.8 319.9 319.8 317.7 299.1 312.1 318 320.9 327.2 327.4 325.5 295.7 293.4 302.9 307.1 314.2 323.2 330.8 339.3 348.1 353.9 360 364.6 372 379.5 384.7 387.4 385.8 386.6 390.4 392.9 396.6 399.8 405.4 408.6 412.3 415 420.7 425.8 432.5 441.5 441.5 439.9 437.5 436.1 433.8 431.4 429.1 427.4 425.6 423.6 420.6 420.1 418.8 417.5 416.2 414.7 418.2 421 423.7 427.2 428.9 429.5 429.4 427.7 425.7 423.3 421 418.1 414.7 410.9 407.6 405.3 402.4 396.9
285.1 295.9 300.3 308.6 314.9 314.9 314.4 312.3 297.8 311.1 316.1 321.2 323.4 321.3 300.1 283 296.5 304.4 312.6 321 327.7 335.3 344.3 353.2 358.7 364.2 369.1 375.2 379.3 381.3 378.1 379.8 384.5 386.4 391.1 394.4 398.6 402.2 404.4 408.3 410 417.5 421.5 430.2 438.1 437 434.8 432.4 431.2 429.4 426.6 425.1 423.4 422.2 420.9 418.2 417.7 416.8 413.2 414.9 418.1 420.4 425.6 428.3 430.3 430.6 430.5 428.9 426.7 424.6 421.7 418.7 415.1 412 409 406.4 403.4 400.1
285.3 285.6 294.6 304.2 308.1 309.6 309.7 308.2 291.6 307.5 312.2 317 320.1 318.3 313 282.6 292.8 303.1 310.3 318.3 326 331.5 339.9 350.1 358.4 362.7 366.5 371.1 374.6 373.9 372.8 376.2 378.4 382.8 387.6 390.8 394.1 396.6 399 400.4 402.8 405.8 410.3 415.1 431.5 433.1 431.2 428.4 427.3 426 423.5 421.5 420.2 418.5 417.5 416.5 415.3 413.2 412.4 415.7 418 420 425.2 429 431.2 431.5 430.7 429.1 426.7 425.3 422.1 418.8 414.5 411.5 408.4 405 400.4 393.9
307.4 289.2 283.8 292.6 296.4 304.8 306.9 303.6 287.9 300.9 307.7 308.3 314.7 314.3 313.3 282.4 287.1 300.9 308.7 316.6 324.2 330.4 336.7 345.9 355.7 361.1 364.4 367.8 369.5 368.6 369.5 372.3 372.7 379.7 383.7 387.2 388.9 392.2 393.6 395.2 394.7 397.2 400.6 403.7 409.7 425.5 424.8 421.2 421.9 421 419.4 417.5 417.3 416 414.7 412.1 411.6 409.2 413.3 416 418.4 420.4 424.3 428.6 430.8 431.2 430.7 429.3 427.2 425 421.4 418 413.5 408.9 404.9 401.3 398 394.3
319.5 296.1 274.9 285.3 289.7 298 302 299.3 283.2 291.7 301.1 302.7 309.2 311 308 288.3 284.6 300.1 307.9 313.9 321.8 328.2 334.1 340.7 350.8 357.6 361.5 364.5 366.5 367.2 364.9 367.4 372 377 378.2 380.3 383.5 385.7 387.3 387.8 390.2 391.3 391.5 394.9 398 402.8 411.8 408.7 411.6 414.9 415.3 414.8 413 412.6 411.1 408 407 408.3 413.1 416.8 419 421.6 423.9 426.3 428.8 429.5 429.1 427 424.5 421 418.4 414.2 408.9 406.1 404.3 400.4 397.8 394.1
328.8 310.3 283.5 276.4 282.4 291.1 297.4 292.1 278.7 287.7 295 297.8 303.1 306.6 302 287.8 282.6 301 306.1 313.4 319.1 326.2 332.2 338.1 345.2 354.6 358.8 361.1 361.3 365.3 359.5 362.7 367.9 371.1 373.3 375 376.7 379.1 381.1 381.3 383.5 382.1 385.1 387.3 388.8 391 394.2 395.4 397.9 400.4 402.5 405.4 406.8 405.8 404.1 402.9 405.8 409.2 413.9 417.6 420.6 422.2 424.3 424.9 425.3 425.5 424.2 422 418.5 416 413.7 410.7 407.6 404.9 402.5 399.7 396.7 393.8
336.7 325.8 304.3 278.1 268 277.3 279.4 279.2 275.2 281.8 289.7 293.1 297.7 301.4 291.6 268.7 293.1 302.1 306.2 310.8 316.6 323.1 329.2 334.9 339.9 349.3 356.2 357.4 356.5 358.5 352.2 358.5 362.1 365.4 367.8 368.8 371.4 372.9 374.3 375.3 377 378.4 378.7 379.6 381 383 384.7 388 390.1 392.8 394.8 396.6 398.2 399.1 398.2 403.5 407.9 410.9 415.5 419.2 421.7 423.5 424.9 424.6 424.6 422.6 420.5 418.7 416.2 413.6 411.6 409.1 406.5 404 402 399.3 396.3 393.3
340.6 336 320.9 302.2 288.4 264.7 271 271.7 268.6 274.6 284.2 288.3 292.6 296.4 281.4 277.3 295.7 305.3 304.7 305.9 313.9 319.7 325 330.3 335 343.9 353.3 354.1 351.6 351 350.3 353.3 357.4 361.4 364.1 365.8 367.6 368.4 369.7 370.8 372.8 373.3 373.1 373.2 374.2 375.3 377.4 380.2 384.4 388.5 390.9 392.2 393.1 394.3 401.5 404.1 409 412.1 415.8 419.8 422.9 424.2 424.6 424 423.2 422.1 420.3 417.4 415.8 413.1 410.6 407.9 405.5 403.2 401.3 398.9 395.9 392.4
341.9 340 329.7 318.3 305.7 285.8 268.1 259.1 262.8 266.6 269 279.2 288.9 283.5 262.8 287.9 299.7 306.6 303.9 299.4 305.5 314.6 319.6 324.8 330 340.7 347.3 349.9 347.8 341.4 346.3 349.7 353 355.7 359 363.5 363.3 364.3 365.7 366.5 368.2 369 368.2 366.9 367 369.6 371.1 373.5 377.3 383.1 384.9 385.2 391.5 397.1 402.5 406.2 411.3 414.9 417.5 420 422.6 424.3 424 422.9 421.8 420.9 419.2 417.5 414.7 413 410.1 407.3 404.4 402.4 400.6 398.4 395.3 393.6
343.1 343.5 335 325.5 315.9 304.8 287.3 263.5 259 263.1 258.5 272.8 286.1 265.2 268.3 284.3 296.8 305.3 307 301.2 295.7 306.2 313.7 319.1 324.8 333.4 343.4 345.8 343.9 339 342.6 345.7 348.7 350.3 355.9 359.8 359.6 358.8 361.2 362.5 363 363.4 364.1 362.5 362.4 364 365.7 367.6 371.4 374.1 380.3 390 394.9 398.3 403.9 407.7 411.8 415 417.9 420.5 422.2 423.8 424.2 423.2 422.1 420.6 419.3 417.3 415.2 411.8 409.6 406.5 404.6 402.1 399.5 397 395.2 394.1
330 345.1 339.2 330.2 322.6 314.5 304 278.6 251.1 261.6 259.3 261 279.8 252.2 267.4 285.1 297.5 304.6 309 301.1 291.5 296.6 307 313.5 319.2 324.9 337.5 343.2 339.9 336.1 338.2 341.2 343.8 346.7 352.6 354.8 353.4 353.6 355.1 357 357.1 358 357.8 357.7 357.7 358.4 360.3 360.6 359.5 364.3 375.8 383.4 390.5 398.6 405.2 410 412.9 415.7 417.6 420.4 422 423.3 423.9 423.5 422.2 420.3 419.2 417.2 414.9 411.7 408.2 406.8 405.1 402.6 400.1 397.9 396.1 394.3
316.3 330 332.9 334.3 327.5 320 312.5 288.6 261.3 251.9 243 248.1 254.8 252.1 271 286.8 296.6 304.7 298.8 283.5 286.8 289.9 300.2 307.2 312.9 318.6 330.8 339.7 334.5 331.4 334.2 336 336.6 340.2 347.2 348 347.9 349.7 351.8 352 351.2 352 351.6 351.2 351.9 352.7 353.9 352.9 353.6 363 370.9 375.2 383.7 390 403.6 409.7 413.9 415.5 416.9 419.8 421.6 421.8 423.6 423.7 422.1 420.1 418.7 416.5 414.4 411.2 407.7 405.6 404.8 402.6 400.1 398.2 396.3 394.4
291 299.3 314.1 322.2 331.5 324.9 317.9 303.5 281.4 279.8 268.4 242.7 242.1 256 274.2 286.8 295.9 281.8 266.6 271.6 278.3 277.8 283.6 295.1 307.5 312.7 322 334.4 333.2 327.8 329.1 330.2 333.9 337.7 341 342.6 343.9 345.1 346.6 346.4 346.4 346 345.8 346.3 346.9 347 347.8 344 353.8 360 367.3 372.4 379.6 385.6 395.7 408.5 413.7 414.7 416.5 418.3 421.3 421.9 423.3 424.1 423.1 421.4 419 417 415.3 411.2 409.1 406.5 403.7 401.8 400.2 398 395.8 394
294.5 295 306.7 315.6 331.6 329.4 323.7 316.8 306.7 297 284.1 268.9 237.8 246.7 258.1 268.9 264.2 251.2 252.7 265.6 260.8 267.1 276.9 286 300.5 306.5 312.3 327.9 331.3 322.1 323.6 325.7 329.5 334.3 338 338.7 340.1 341.4 341.1 341.4 342.1 341.6 341.8 340.5 342 342.1 341.3 347.2 352.4 357.5 363.4 369.7 375.9 382.9 390.4 399.6 410.9 413.7 414.9 416.5 420.2 422.3 425 427.3 427 423.5 421.2 419.2 416.1 413.1 411 408 405.1 402.3 400.2 398 395.5 393.6
285.9 296.3 302 312.1 324.8 332.5 328.3 322.6 315.7 304.4 296.1 286 255.8 234.1 233.3 246.9 240 242.3 248.9 248 257.5 262.5 275 285.1 293.5 302.6 309.1 319.2 323.1 316.6 318.7 321.8 325.6 330.6 335.2 336.5 337 338.5 337.4 337.3 337.7 337.4 336.9 336 337.4 337.9 340.5 346.9 352.5 356.3 361.8 366.6 372.7 379.2 387.5 392.6 400.4 408.3 411.7 412.9 417 424.4 430.3 432.9 432.2 426.5 423.8 421.4 418.5 417 414.6 411.6 407.7 402.8 400 398.2 396.2 394.5
276.6 286.1 299.5 312.3 326.3 332.6 330.4 326.5 322 311 299.7 292.7 284.3 258.2 231 224.3 229.9 231.8 236.5 240.2 248.7 259.8 272.9 283 291.8 298.7 303 312 315.7 308.1 313.9 317.3 321.1 326.5 331.4 332.4 334.3 334 334.7 334.6 333.7 333.2 331.9 331.9 332.7 330.2 342.5 347.4 352.1 356 360.3 365.1 369.4 373.8 380.1 386.7 391 399.6 404.4 410.8 415.2 420.5 431.8 435.1 435.1 431.3 428.3 425.1 421.3 417.8 415.4 411.7 407.6 405.6 402.6 399.4 396.9 395.3
271.1 276.5 283.9 302.6 310.5 328.3 330.5 328 322.1 313.3 298.4 291.1 289 281.3 263 215.2 226 226.4 229.1 233.3 243.4 257.2 271.2 284 290.4 294.1 299.1 303.5 310.1 300.9 310.1 313.1 317.1 322.2 326.9 329.1 333.3 331.5 331.2 330.5 330.2 329.1 326.8 326.5 324.6 335.7 342.1 347.6 352 356 360.1 363 365.9 369 373.3 379.5 385.6 392 400.8 410.1 412 417.6 427.7 430 430.3 431 425 422.8 420.5 417.8 415.8 412.4 410.1 407.4 403.7 401.1 398.8 397.5
266.6 275.5 287.9 302.7 309.6 313.9 325.1 323.5 317.5 310.5 296.6 289.9 287.1 282.1 275.1 224.9 212.3 221.5 225.5 229.4 241 256.8 270.4 282.8 287.4 291 296.2 299.4 304.8 291.2 303.8 307.2 311.5 316 323.1 326.3 329.5 328.4 326.5 324.7 323.7 323.8 322.5 322.1 329.6 336.2 341.7 347 351.9 355.2 357.7 358.4 361.5 365 368.8 374.1 380.3 386.9 394.9 400.2 404.5 413.2 415.3 417.3 418.5 417.8 417.2 417.4 417.3 416.2 414.6 412.9 410.8 408.7 405.4 403.6 401.5 400.2
263.7 277.7 292 301.2 303.7 315.6 320.4 306.6 302.6 302.7 295.8 287.3 284.1 280.5 274 253.7 213.5 217.4 225.4 229.5 243.8 256.6 271.4 280.5 284.6 289 293.8 296.5 297.9 282.1 296.2 302.8 305.9 314.5 321.2 323.5 324.7 322.3 320.7 317.9 315.5 316.2 318.7 326 332.3 337.3 341.5 346.3 349.3 351.5 353.1 355 358.1 361.6 365.8 371.1 376.3 382.7 388.5 394.3 398.3 403.3 408.3 410.3 412 411.4 411.2 412.9 414.1 413.4 412.6 413.2 411.7 409.6 406.8 404.8 403.9 401.8
248.2 267.1 282.5 287.5 302.6 312.8 299.1 280.2 282.5 275.1 277.1 279.9 277.1 273.2 267.7 224.5 206.4 217.7 224.2 230 242.8 253.5 267.2 276.6 281.9 286.5 290.1 292.4 294 269.3 287.2 297 294.1 311.1 318.5 320.4 321.4 320 315.1 307.3 298.5 313.1 320.2 327.8 334.1 338.7 341.1 343.6 345.5 347.3 348.8 351.4 355.2 358.2 363.2 368.5 374 380.4 388.1 391.3 394.7 398.9 404.2 405 406.7 407.8 408.5 409.4 410.8 411.2 411 412.4 410.4 409.3 406.9 405.3 404 403.4
246.1 258.7 267.7 266.9 286.6 294 288.2 264.4 263.1 260.6 258.5 264.5 267.9 261.5 234.4 210.5 203.1 214.6 221.7 231.4 240 252.7 264.1 273.6 278.9 280 283.4 288.2 286 259 272.2 278.7 295.6 292.7 309.1 316.7 319.2 315.8 304.9 288.3 305.4 314.7 322 328.5 333.9 338.1 340.5 341 341.6 343 343.3 345.9 350.4 354.9 361 366.3 372.2 378.5 387.1 390.8 392.9 396.4 399.7 401.6 403.4 405.5 406.2 407 407.8 409 410 411 410.5 409.3 408 406.5 403.9 401.9
