Game/Highland_Data/StreamingAssets/GeoData/Data/sd/SD93.asc
ncols 200
nrows 200
xllcorner 390000
yllcorner 430000
cellsize 50
[rows 70 to 104 of 200, columns 0 to 77 of 200]
291.1 292.4 292.3 291.6 291.8 292.1 293.9 295.5 299.3 306.6 306.7 310 312.2 314.9 318.6 322 325.5 328.1 330.7 333 334.6 337.9 339.1 340.3 338.2 331.7 326 319.7 315.2 311.2 308.5 306.6 303.6 302.5 301.1 301.5 297.4 299 288.2 297.4 300.5 297.4 298 302.3 303.2 308 300.7 295.1 297.2 304.7 309.6 317.1 323.3 330.6 338.2 345.7 357.5 367.6 374.4 381.5 388.3 393.2 395 398.2 401.3 405.9 410.2 412.7 413.8 415.2 417.5 416.9 413.3 411.4 404.3 405.6 408.3 413
282.4 282.6 283.6 290.8 289.8 288.7 292.3 294.2 300 305.6 305.3 308 310.9 313.2 317.4 321.6 323.6 326.9 328.6 331.1 334.1 336.6 337.3 338.6 337.6 333.5 329.5 325.1 323.1 319.8 313.7 311.2 308.2 305 304.5 305.1 300 301.4 297.7 301.9 304.9 303.1 304.2 309.1 310.7 311.2 307.3 305.3 302.1 310.3 316.5 323.4 329.8 339.5 349.8 358.1 364.1 375.7 383.7 391.3 398.3 403.4 405.3 408.5 414.1 418.3 421.1 422.8 424.1 424.3 425.5 425.1 421.8 416.5 414.9 417.1 418.8 421.3
269.5 281.9 288.9 288.9 288.9 288.9 288.7 293.2 299.1 301.6 304.6 306.8 309.5 310.9 315.1 319 321 322.2 324.3 328.7 332.3 335.3 336 336 336.5 334.1 332 330.1 328.2 326.6 324.4 318.8 314.8 310.1 308.3 307.7 304.2 305.1 303.4 309.8 311.4 308.2 310.3 313.2 315 315.1 313.1 312.5 314.2 315.7 320.9 329.8 337.3 351.1 359.9 368.4 376.2 382.5 391.5 400.9 408.1 412.5 419.2 422.9 426.8 430.3 432.2 433.9 432.3 432.7 432.7 431.3 429.7 428.8 427.6 431.4 432.2 433.2
280.2 287.7 288.9 288.9 288.9 288.9 288.5 289.9 295.2 298.8 303.3 302.8 307.6 309.4 312.4 317 319.7 320.6 322.2 325.2 328.8 332.5 334.7 335.3 335.6 335.3 335.7 334.7 333.3 334.2 333.2 323.3 317.7 313.8 312.6 311.9 311.8 301.4 310.6 313.8 316.2 314.5 317.1 319.6 320 321.2 320.1 320.2 321.2 323.7 326 337.2 351.6 359.5 370.5 378.5 384.2 390.7 399.8 409.5 415.7 422.4 430.5 433.9 438.6 440.9 441.9 443.8 443.6 440.7 440.6 438.9 440.7 443.4 442 446.1 447.1 447.3
281.7 289.5 288.9 288.9 288.9 288.1 286.6 290.5 289.6 294.8 297.8 300.4 303.7 307.7 311.1 313.9 317.6 318.9 320.7 322.6 326.1 330.7 334.9 336.2 336.5 338.4 339.4 341.7 342 342 340.9 329.2 322.5 317.5 317.2 316.9 309.4 310.9 315 317.6 321.5 326.1 325.4 328.7 328 327.4 330 328.1 329.6 331.9 338.3 346.7 361.9 371.2 378.5 385.5 393.6 400.4 408.8 417.2 423.7 432.1 438.7 444.3 449.1 451.6 451.3 450.4 449.2 447 443.5 449.3 452.7 456.6 457.9 458.7 462.9 464.3
280.2 288 289.5 288.9 288.9 288.2 291.3 292.8 295.1 293.8 298.4 302.3 307.1 307.7 310.4 312.7 315.7 318 320.4 322.6 325 329 332.3 336.8 339 343.8 344.2 346.3 348.4 349.8 347.6 343.2 331.8 322.6 320.1 314 318.9 317.3 318.9 321.4 331.2 334.5 334.3 335.1 334.3 334.3 337.2 337.5 340.7 344.8 350.9 360 370.6 378.9 386 393.6 404.4 412.1 418.3 425.8 431.8 440.4 445.4 452.3 456.6 459.9 458.8 456.4 455.6 456.9 456.4 461.4 464.8 466.9 468.7 469.8 475 479.5
288.3 287.1 292.8 288.9 288.9 287 294.5 298.1 299 300.6 299.7 304.7 308.6 310.6 312.5 314.6 317 319.4 321.6 323.8 325 328.1 330.9 335.2 341.6 346.4 348.5 350.7 351.7 353.8 354.6 348.3 339 325.3 324.1 320.4 322.4 322.9 323.9 327.8 338.7 341.2 340.8 341.6 340.7 341.7 343.1 345.3 349.1 356.4 367.3 374 382.7 391 398.6 405.8 412 420.2 430.1 433.7 440.7 446.9 453.1 457.2 461 464.8 464.4 462.8 464.7 467.1 466.5 468.6 473.4 474.3 472.1 476.4 483.1 482.8
292.7 290.7 292.7 290.4 288.9 291.5 297.8 300.3 301.9 303.4 304.6 306.4 309.4 311.9 312.7 314.4 316.7 321 323.9 325 324.9 328 330.8 338.5 346.1 350.7 351.9 353 354.9 356.7 357.9 351.4 341.2 332.9 320.2 326.1 327 328.2 330.9 336 344.5 346 347.7 347.6 346.7 348.2 349.6 352.4 357.3 369.8 381.5 390 392.8 399.9 405.3 416.7 422.4 430.2 439.1 443.3 446.8 451.7 457.5 461.4 465.1 467.8 468.4 472.4 475.9 477 476 475.4 481.5 480.5 477.7 479.2 483.9 484.1
294.9 296.1 293.4 295.7 288.9 292.1 297.9 304 304 304 304 304 304 304 309.3 311.9 313.3 316.1 317.9 320.1 322.8 328.1 331.4 339.7 346.6 349.1 352.1 355.2 357.5 358.7 358.6 353.9 344.8 329.4 328.9 331.4 331.7 332.5 337 341.9 348.8 351.7 353.3 353.6 353.9 355 355.9 360.9 372.7 383.3 394.9 404.2 406.7 410.7 417.6 428.6 437.9 443.7 448.8 452.2 453.8 456.5 461.5 463.4 467.9 470.9 475.3 482.1 483.8 484.3 483.4 482.4 481.7 479.7 479.8 480.6 481.8 484.1
298.7 298.1 295.6 295.9 288.9 289 289 304 304 304 304 304 304 304.2 305.5 308.8 312 315.5 316.6 319.2 322.9 328.3 332.9 340.3 346.5 349.1 351.2 355.1 357.8 360.1 360 355.2 345.8 330.9 335.2 336.8 337.4 339.7 342.5 347.9 353.6 358.9 359 360.2 360.5 362.1 365.4 375.7 386.6 397.3 407.1 416.1 419.3 426 431.2 440.2 448.3 454.9 458.9 460.5 462.4 462.9 466 468.6 471.3 474.6 482.3 485.5 486.1 486.3 485.2 481.9 478.8 477.9 479.1 479.8 480.9 481.6
301.7 299.3 297.1 297.4 298.2 288.9 288 304 304 304 304 302.7 303.1 305.5 309.4 309.8 311.5 314.7 316.7 318.9 322 326.8 332.7 341.7 346.9 349.6 352.2 355.7 358.9 361.4 360.7 355.1 343.2 341.2 342.5 342.7 343.8 346.8 350 357.9 362.7 365.7 368.4 369.1 368.9 370.5 376.3 388.1 398.4 408.6 418.7 427.3 433.6 440.6 445.6 450 457.6 463.6 467.5 469.8 469.8 470.5 472 473.4 475.5 481.6 486.3 486.8 486.3 486.2 481.8 478.4 477.4 476.7 476.8 478.3 479 479.3
305.3 302.7 298 297.3 297.8 296.3 290.6 303.1 304 303.9 305.9 305.5 309 310 311.6 311.6 312.2 313.8 316.6 319.2 322.8 327 333 341.2 347.2 354.3 356.2 357.3 360 362.5 360.6 354.7 341.1 348.5 349.4 350.7 352.5 357 361.1 367.3 371.1 372.2 374.7 376.4 379 381.9 389.2 399.1 409.4 419.4 430 439 444.9 451.4 458 461.4 465.3 471 474.9 476.1 477.2 476.3 477.6 479.3 482.7 486.5 487 486.2 485.3 482.2 478.5 477 476.4 475.9 475 474.4 473.8 473.2
306.9 305.7 301.3 299.1 298.6 297 292.5 298.7 305.9 307.9 311 314.5 312.4 312.5 316.7 315.8 313.5 314.7 317.9 320.7 325 329.2 335.5 341.1 347.7 356.6 359.7 359.6 360.8 362.5 361.1 352.1 347.8 352.8 354.8 356.7 359.6 364.3 370.1 375.5 376.8 378.4 381.3 382.4 386.7 391.8 399.4 409.4 421.2 431.3 440.7 449.3 454.3 462 467.7 470.7 473.8 477 479.5 482.6 483.3 483.5 486.4 488.6 490.1 491.3 489.5 486.4 481.7 479.8 478 476.8 475.8 475.1 473.8 473 472.2 471.5
307 306.7 303.7 301.1 301.4 298.4 298.1 300.5 302.1 305.8 310.9 316.7 318 320.1 321.2 322.6 317.2 315.5 318.2 322.1 326.5 330.1 338.9 344 353.6 356.1 357.5 359.3 360.4 361.5 358.8 347.7 355 356.9 359.6 362.5 364.8 371.5 378.4 381.4 383.9 384.9 388.2 389.2 394 401.3 409.3 420.1 431.5 441.8 451.5 456 463.2 471.5 475.5 479.1 479 482.7 485.9 488.1 489.7 491.8 495.3 497.1 498.4 496.2 490.5 485.5 481.8 479.6 477.4 476 474.5 472.9 471.8 470.9 469.3 469.2
311.9 308.6 305.6 304.2 300.1 301.6 302.8 301.1 301.1 304 309.5 314.6 317.9 321.3 323.7 326 324.2 318.6 319.3 325.3 328.6 332.8 338.8 344.6 349.2 355.4 358.3 360.3 361.2 360.3 351.5 354.7 359.8 361.3 364.9 367.9 373.1 378.8 384.1 387.5 392 392.1 393 396.1 399.9 407.1 418.3 430 443.8 453.1 463.6 470.4 473.6 479 484.5 487.3 486.3 489.2 492.1 494.2 495.5 498.9 502.5 505.4 502.2 494.1 489.6 486.3 482.6 479.7 477.1 474.1 474.3 472.6 470.5 470.1 469.1 467.6
318.1 314 310.4 306.6 305.2 306.1 306.1 304.7 304.5 302.4 309 313.3 317.6 321.3 324.7 327.6 328.3 327.2 321.3 326 329.8 335.2 341.6 348.1 354.8 358.9 362.1 363.5 363.4 361 359.9 361.1 364.3 367.2 370.7 375.4 381.3 385.8 391 394.8 397.1 397.8 399.5 402.7 407.8 418.1 430.4 442.5 454.7 466.1 473.3 480.1 481.9 487.3 492.2 495.7 497.5 496.5 499.4 500.7 503.6 507.6 508.4 507.4 498.8 493.6 490 486.4 483.5 480.3 477.4 475.4 471.8 471.7 470.5 467.7 467.4 467.1
324.2 321.2 315.4 311.9 308.8 309.1 309.5 308.7 306.6 305.1 308.6 312.3 316.8 320.8 324.5 327.4 330.3 331.1 323.1 326.8 331.6 337.9 346.5 353.4 358.2 365 367.8 366.9 364.9 359.4 364.5 365.7 368.1 372.6 377.1 381.9 389.1 392.8 396 399.8 401.5 403.5 404.6 408.8 416.7 429.1 440.7 452.6 463.9 473.4 479.8 484.7 488.2 493.9 499 504.3 504.9 503.8 507.8 507.9 511.4 511.6 508.8 503.9 495.4 492.3 489.3 486.3 483.8 480.7 477.7 474.4 472.3 470.7 469.3 468.3 466.8 464.6
328.6 325.4 322.9 319.9 317.3 316.3 313.8 313.2 309.9 307.9 309.4 314.1 317.9 321.4 325.5 328.2 331.4 334.4 326.6 333.7 335.8 339.7 348.7 355.3 362.9 371 372.4 370.2 367.4 366.1 367.9 369.4 373.1 377.1 382.8 388.6 394.2 397.8 401 404.5 407.3 408.1 410.5 415.7 426.2 439.2 450.5 460.5 471.4 478.4 482.4 488.7 493.6 498.1 504.7 508.3 510.2 511.1 514.3 516.6 513 511.7 504.8 497.1 493.3 489.7 487.8 485.1 481.9 479.5 475.9 473.2 471.7 470.3 469.8 468.7 467.4 465.6
330.5 329.7 327.4 326.3 324.9 322.5 319.2 316.7 312.7 311.9 311.7 315.2 319.1 323 326.5 330.2 333 336.5 333.5 339.5 341.1 343 351.6 358.7 368.2 375.6 376.5 373.3 369 370.2 370.7 373.8 377.9 382.5 388 393.4 398.1 402.8 405.3 409.7 412.4 414.4 417.6 423.4 436.2 448 457.1 467.1 474.6 480.9 485.1 491.2 495.8 501.1 506.3 510.3 512.4 515 516.3 512.2 508.8 506.3 495.8 492.5 490.5 487.5 485.4 483.4 480.4 477.5 474.3 472.6 471.2 469.5 469.2 468.5 467.4 466.1
333.7 336.2 334.5 331.1 330.5 328.3 324.3 319.1 315.7 314.9 315.1 315.8 319.7 323.3 327.9 331.3 335.7 341 341.9 339.5 343 347.5 355.1 363.6 372.7 379.2 379.8 374.7 372.1 372.4 375 378.6 383.2 388.9 394.2 398.8 402.8 406.3 409.7 414.6 417.5 420.8 425.6 432.3 445.2 454.7 462.4 471.3 478.2 481.1 486.2 491.6 496.7 501.4 506.4 510.1 513.6 515.4 512 502 496.9 493 489.1 487.4 485.7 484.9 482.5 480.4 478.5 475.6 473.8 472.4 471 469.9 468.4 467.6 466.7 465.6
338.5 339.9 339.4 334.2 333.4 333.1 328.9 322.6 318.7 317.3 318 319.2 320.7 324.3 329.1 334 341.2 344.8 346.3 346.6 345.8 351.8 357.8 367.5 376.4 383.5 381.1 375.9 375.3 376.7 378.2 382.7 388.7 395.3 399.8 403 407.2 410.4 414.7 418.9 422 426.7 432 440 451.7 460.2 467.4 474.7 478.5 482.3 485.9 491.7 496.3 500.5 504.9 509.3 511.7 511.6 500 490.6 486.7 485.6 483 480.4 478.9 478.4 477.8 477 476.6 475.1 473.6 472.2 471.1 470 468.8 468.1 466.3 464.5
337 340.2 341.5 338.2 336.6 337.1 333.3 327.2 323 319.9 320.3 322.1 322.8 325.8 330.5 334.1 339.9 345.6 348.9 347.5 350.2 355 362.5 373.3 384.7 386.2 382.1 377.8 378.2 379.8 382 386.7 393 399.4 403.9 407 411.1 414.5 419.3 422 426.9 431.6 437.6 444.8 457.5 464.5 469.5 474.4 477.8 481 484.5 489.3 493.3 497.8 501.8 506 507.1 495.6 488.9 481.3 478.5 476.5 474.3 472.7 471.5 470.8 470.7 471.1 472.3 472.6 472.8 472.2 471.7 470.9 470.3 468.8 468.2 466.5
333.7 338.8 342.3 343.4 342.4 339.7 337.7 332 328.4 325.6 325.2 324.5 325.8 326.2 331.2 335.3 340.8 345.3 349.2 349.3 351.2 356.4 368.7 379.9 389 388.2 381.6 380 380.4 382.1 385.9 391.7 398.7 403.1 406.2 410.4 414.7 418.6 422.5 426.1 430.8 436.3 442 451 460.3 466.4 470.1 473.6 476.4 477.7 480.6 484.4 489.4 493.7 497.9 497.3 488.7 485 475.5 472.6 469.6 468.3 466.6 466 465.8 465.5 465.6 467.1 468.6 470.4 471 472.2 472.5 473.7 473.4 473.2 470.6 467
335.4 338 342.5 345.3 347.4 345 343.1 337.1 333.9 328.3 327 328.3 324 325.8 330.2 335.5 340.1 345.2 349.3 350.1 353.2 362.6 375.5 386.1 391 386.7 381.7 381.8 383.1 385.6 390.2 396.8 403.2 406.5 409.7 413.1 417.3 422.4 425.7 428.4 433.8 438.8 444.6 454.6 461.2 465.8 469.3 471.9 473.3 474.1 476.6 479.3 483.3 486.9 485.5 478.5 474.7 469.9 467.9 465.1 463.9 462.1 461.3 460.9 460.7 460.1 462.1 463.1 465.5 467.9 470.1 473 476.7 478.3 477.2 473.7 470.4 464.4
337.6 340 343.1 345.9 348 349.6 347.9 344.3 340.2 329.6 326.8 325.8 322.9 326.3 330.7 335.7 340.5 344.9 348.3 350.3 356.4 368.3 381.9 391.3 388.9 382.6 381.9 382.6 385.1 389.4 394.6 402.7 407.5 408.9 412.3 415.8 420.4 424.7 426.9 429.7 435.7 441 448 455.2 460 463.2 465.7 467.4 468.1 471.5 472.3 473.8 475.9 473.5 466.4 465.1 462.9 462 460.2 458.6 457 456.9 456.2 456.5 457 458.2 459.9 460.1 463.3 465.9 471 475.8 479.7 480.5 477.3 472.5 468.1 464.3
337.5 340.2 342.2 345.9 348.2 349.6 346.8 341.6 337.8 329.6 324.9 323.8 318.1 326.6 331.4 336.4 341.2 343.4 346.3 350.5 358.8 373.4 386.7 388.1 382.5 380.2 381.7 384.4 387.5 392.3 398.5 407.6 410.4 411.9 414.4 417.6 423.1 425.7 425.7 430.5 436.8 442.5 449.2 454.8 458.4 458.7 460.1 461.1 464.4 468 466.2 465.3 459.3 455.3 455.5 456 455.6 455.5 454.5 453.1 452.3 452.4 450.7 453.1 454.8 456 457 459.2 461.8 465.4 470.4 476.7 480.8 479.6 475.5 472.3 467.9 462.8
335.8 337.8 341.3 345 347.6 344.7 338.7 334.8 330.3 325.4 318.1 312.9 318.7 325.1 329 335.7 337.5 338.3 342.1 349.7 364 377 385.6 379.1 377.1 378.1 381.1 385.4 389.7 395.7 405 410.1 411.6 413.1 415 419.1 423.3 422.3 426.4 432.6 437.9 442.5 449.7 453.9 454.3 452.3 452.3 453.9 458.5 459.5 456.3 451 448.1 447.8 448.9 449.8 450.1 449.7 449.1 448.3 447.1 446.9 449.7 450.8 452.5 453.4 454.6 457.5 461 464.8 470.5 476 478.4 475.2 472.8 470.2 466.1 460.9
330.2 333 335.1 336.4 333 329.2 324.1 320.1 319.5 322.5 311.3 302.4 311.3 319.3 323.4 326.2 321.2 333.5 341.6 349.8 366.2 377.8 377.9 371.5 370.8 375.4 380.7 385.2 391 399.6 408.3 410.4 411.1 412.1 415.7 419.9 421.6 419.9 426.7 433.2 438.2 442.6 447.9 450.6 449 446.7 446.3 447.9 449.2 445.8 444.4 444.1 442.9 443 443 443.5 444.5 444.7 445 442.3 442.3 445.9 447.1 447.2 449.8 450.5 454.7 457.6 461.2 465.2 469.5 472.8 473.8 473.3 471.2 468.2 463.2 459.1
325 322.2 317.6 313 313.3 312 310.5 308.6 310.7 311.5 301.2 291.8 300.7 304.3 302.9 313.3 321.9 332.9 342.6 356.7 367.1 374.5 369.5 364.8 370.6 375.4 380.3 385.6 393.1 403.7 407.1 408.3 408.6 410.8 415.9 419.2 419.3 418.8 424.8 432.8 436.9 439.2 442.7 445.1 443.9 443 442.3 440.5 438.1 437.3 437.3 438.7 438.7 439.4 440.1 440.6 440.7 440.9 440.2 435.7 439.8 442 443.7 446.7 450.2 452.9 456.8 460.1 465.3 468.9 470.1 471.8 471.8 471.5 469.3 465.6 461.3 457.6
309.3 305.1 297.9 296.2 295.7 298.3 296.5 294.4 295.6 292.4 291.9 282.2 285 293.6 297.4 303.7 316.6 332.4 347.7 359.9 366 365.2 362.7 362.1 368.3 374.5 381.2 386.5 396.5 403 404.9 405.2 407.3 410.7 415.9 417.9 415.6 415.7 424.9 431.7 435.3 438 439.3 439.8 438.2 437.9 436.2 435.6 433.8 434.4 433.3 433.7 434.8 436.4 436.7 437.6 438.1 437.8 435.8 432.5 440 442.4 444.4 447.1 449.8 454.2 458.6 462.8 467.3 470 471 471.4 471.1 469.5 465.8 462.9 459.1 454.8
295.3 292.3 286.5 286.1 288.5 289.2 283.9 283.2 282 277.5 277 272.6 275.2 283.5 291.9 304.9 319 335.2 351.2 361.2 359.7 357.1 357.2 361.9 367.5 373.7 380.1 388.3 398.3 401.6 401.9 403.8 406.4 411.7 415.3 413.9 411.9 414.5 423.8 430.2 433.2 435.6 437 436.4 435.5 432.8 431.8 430.9 431.5 431.4 430.8 431.1 432.2 433.5 434.3 435 436.2 434.8 428.1 437.8 440 441.8 445 448.3 451.5 456 461.8 466.7 470.1 470.8 470.6 470.7 469.7 466.6 463.2 459 455.8 453.1
287.5 284.8 282.2 280.9 281.8 282 275.5 268.7 271.3 266.5 261.7 266.4 272.2 280 289 306.9 320.1 337.4 351.7 357.2 349.9 350.4 352.2 360.8 366.5 373 381.9 391.3 397.4 398.9 398.2 401.2 405.5 410.1 411.3 408 407.9 415.9 423.5 427.8 430.5 432.4 433.6 434 433.4 430.3 426.7 427.7 428 428.2 428.7 428.1 429.4 429.8 430.2 432.5 432.9 426.9 434.1 436.6 439.3 441.5 444.8 448 452.1 457.7 464.2 469.7 473.4 473.1 470.2 468.7 466 462.9 459.7 456.4 452.6 450.3
284 279.2 277 277 278 269.9 262.3 257.7 259.8 260.3 258.4 261.4 265.9 274.6 285.5 300.2 319.1 336.3 348.5 342.1 340.6 341.9 352.7 359.3 366.1 374.6 385.3 393.5 395.9 395.1 395.1 399.5 403.8 405.7 402.7 402 406.7 415.6 422.2 424.9 427.6 430.8 432.4 433.8 433.1 430.5 425.7 424.5 425.5 425.4 426.7 425.9 425.6 427.5 429.1 429.6 424.3 432.9 434.6 436.8 439.1 441.4 443.9 447.8 452.2 459 466.6 473.9 476.2 472.5 468.6 466.3 463.1 459.5 455.8 453.6 450.1 447.4
278.2 273.3 272.3 272.7 273.1 264.9 251.3 252.5 254.3 256.6 261.7 263.9 262.5 271 284.7 298.3 313.3 329.1 330.2 330.2 329.8 340 350.5 358.8 366.3 377.2 389.7 392.2 392.9 389.6 393.9 399.2 400.6 397.9 395.4 401 407.6 414.8 417.9 422.1 425.1 428.5 430.8 429.3 425.6 423.4 421.7 421.5 422.2 422.9 424 423.7 420.5 423.4 421.2 426.7 430.1 431.7 434.5 437.2 439.6 441.6 444 447.9 452.8 459.9 470.9 477.9 473.4 470.2 467 462.5 459.8 457.2 453.7 450.6 448.1 445.3
268.4 262.5 262.9 262.3 259 253.7 255.9 259.8 264.2 267.4 270.1 273.1 268 267.3 278.6 296.4 308.9 312.6 314.9 317.3 326.2 337.2 346.3 356.7 367.5 380.6 389.2 388.8 387.7 386.5 392.5 395.7 392.4 383.8 390.5 398.9 405.6 410.8 414.6 418.9 421.6 422.9 421.6 417.9 418.9 418.6 418.9 418.9 417.2 420.3 420.3 416.8 423.3 424.9 426 427.1 431 433 434.8 437.2 439.3 441.6 444.1 447.6 452.5 462.8 474.3 474.9 471.5 468.4 464.4 460.4 457.8 454.8 451.4 447 444.1 442.6
