Game/Highland_Data/StreamingAssets/GeoData/Data/sd/SD95.asc
ncols 200
nrows 200
xllcorner 390000
yllcorner 450000
cellsize 50
[rows 70 to 104 of 200, columns 0 to 77 of 200]
162.3 159.9 148.3 141.8 139.2 133.9 134 134 134.1 134.1 134.2 134.1 133.9 136.5 139.1 142.9 145.7 148.5 152 155 159 164.1 168.8 173.4 177.4 183 204.4 200.3 193.8 197.3 202 201.5 202.4 201.5 202.6 202.6 200 198.1 197.1 197.3 189.7 182.4 173.1 166.3 158.5 155 153.1 149.2 146.1 143.9 141.6 140.6 139.4 138.7 137.8 137.2 139.6 141.2 139.7 137.1 137.3 139.8 144.5 148 147.4 143.8 139.1 137.2 135.7 124.2 122.9 132.5 144.1 149.2 155.9 158.6 160.7 162.8
165.3 162.9 154.5 141.5 135.2 134.2 133.7 134.2 134.1 133.8 134.1 134 134.3 134.8 138.2 144.2 148.4 152 154.9 157.5 159.8 164 167.7 172.5 177.2 181.9 193.8 199.5 195.8 196 201.3 202.4 204.1 205.4 206.1 205.4 202.8 200 197.5 195.6 190.8 184.5 177.3 170.8 164.4 161.2 157.7 154.9 151.8 148.2 144.9 140.4 139.8 139.3 138.3 137.2 137.1 137.1 139.1 138.3 136.3 137.7 141.6 146.8 148.7 146 145.9 145.2 138.8 124.9 122.6 124.2 133.4 144.8 149.9 154.4 156 157.6
160.5 159.5 153.6 145.7 140.3 133.7 133.4 133.3 133.3 133.2 133.4 134.3 134.8 134.9 138.8 145.2 150.3 154.1 156.5 159 160.8 163.3 167.2 171.4 175.8 181.7 185.5 184.7 195.8 196.4 199.6 202.8 204 206 206.7 205.2 203.9 201.4 198.9 196.6 192.6 187.2 181.2 175.9 169.5 164.9 159.7 155 152.8 151 146.8 142.1 140.8 140.6 139.9 137.4 137 136.6 137.6 136.8 136.2 136.9 140.5 144.9 148.3 149 148.5 149.4 148.1 133.1 122.6 122.9 122.9 133 144.3 149.3 152.4 154.1
155.2 150.4 146 141.6 134.5 133.9 133.4 133.8 133.6 133 135 133.3 134.2 136.3 140.9 145.5 150.8 154.5 157.2 159.5 162.1 164.1 166.5 169.9 174.1 179.6 182.9 192.8 195.2 196 198.1 200.8 202.8 203.8 205 205.7 203.9 202 199.7 196.5 193.1 188.9 183.8 178.1 173.2 166.7 160.5 156 154 151.5 148.2 145.6 143 141.7 140.4 139.2 137.3 136.7 136.7 136.4 136.7 136.7 139.2 143.4 147.2 149 148.8 149.6 151.1 148.9 131.4 122.8 122.4 122.4 132.1 142.7 149.1 152
148.8 142.4 138 135.8 133.5 137.6 133.4 133.7 133.7 133.4 134.1 133.3 134.1 136.9 141.5 145.3 150.3 154.2 157.2 159.9 162.4 164.2 167 169.6 173.2 178.2 184.4 189.8 193.4 195.6 197 199.6 201.3 202.3 203.4 205 204.2 202.5 200.5 197.7 194.6 190.5 185.4 179.6 174.9 170 164.4 158.3 154.6 150.5 147.4 144.6 143.1 142.4 143.1 141.8 140 137.3 136.8 136.5 136.8 137.2 139.8 142 145.8 148.3 148.3 147.6 148.7 148.7 147.2 139.2 123.2 121.6 120.5 129.7 142.5 146.3
143.7 138.1 134.9 133.7 133.2 132.7 137.6 133.2 133.8 133.3 133.2 133.8 133.7 135.7 139.6 142.8 148.6 152.8 156.7 159.5 162.2 164.4 166.8 169.1 171.4 179.4 183 188.1 191.6 194.3 195.8 197.6 200.2 201.1 202 203.4 203.3 202.2 200.4 198.8 196.5 193 186.7 180.3 175.5 171.1 168.2 165.2 158.4 152 147.8 145.2 144.5 144.6 144.2 142.3 140.8 138.1 137.2 137.3 137.8 139.5 141.3 143.8 145.5 146.9 147.9 146.5 144.5 144.4 146.2 147.7 138 124 120.3 120.7 127.4 138.3
141.3 136.5 134.1 132.9 133 132.5 132.8 133.3 132.6 132.9 132.8 133.3 133.7 134.9 139.1 141.8 145.4 152 155.6 159.1 162.3 164.8 167.4 168.9 170.9 173.4 178.6 185.6 189.1 191.8 193.4 194.7 196.1 198.9 200 200.7 200.7 200.2 200.4 198.8 197.5 195.5 191.4 183.8 175.8 170.1 167.1 167.9 164.6 157 150.1 146.3 148.2 147.4 144.9 142.7 140.1 139 139.9 140.9 141.9 141.4 142.8 145 147.7 149 148.8 145.9 143.3 142.6 143.2 145.5 142.6 139 122.6 119.6 120.3 123.7
140.2 135.3 134 133.2 132.3 132.3 132.3 133.3 132.9 132.7 133.2 133.3 133.6 134.9 138.8 141.5 145.4 149.3 153.8 158 161.5 164.1 166.5 168.5 170.1 172.5 175.7 180.3 185.8 188.7 190.6 191.6 192.7 194.4 197 198.3 198.5 198.9 197.6 198 198.2 196.6 194 187.7 178 169 164.7 165.4 167.3 161.9 155.2 148.7 152.2 151.7 146.8 142.4 139.3 140 141.9 143.9 144.1 144.3 144.5 146.8 148.7 150.9 151.3 148.1 144.7 143 143.2 143.4 144.1 145 136.2 123.2 119.9 119.7
140.7 135 133.2 132.8 132.3 132.7 132.4 132.6 132.2 132.5 133.1 133.3 133.8 136.6 139.7 142.3 146.2 149.2 153.3 156.5 160 163.2 166.1 167.7 169.5 171.5 174.4 177.1 180.5 184.5 187.2 188.7 189.6 190.4 192.6 195.2 196 196.7 196.9 196.6 197.5 197.5 195.1 190.2 181 169.9 162.6 160.6 164.6 164.4 158.5 152 153.9 156.6 150.9 143.5 141.2 142.7 144.1 145.8 146.8 147.2 146.8 147.8 149.7 151.4 152.6 151.2 146.8 146.5 144.2 141.9 142 144.8 142.5 134.3 121.9 117.9
141.9 135.6 132.3 132.5 132.6 136.2 131.9 131.8 132.2 132.2 133 134.1 138 143.9 144.1 143 145.6 150.1 152.5 155.8 159 161.8 165 167.1 169 170.3 172.6 175.6 178 180.4 183.4 185.4 186.7 187.6 188.2 191 192.6 193.5 194.7 196.3 196.6 196.6 194.6 190.1 181 169.9 161.3 157.9 158.8 162.2 160.1 154.6 151.9 157 155.1 146.7 143.8 144.5 146 147.5 148.6 149.1 149.1 148.5 150 151.3 153.4 152.9 148.8 146.6 146.1 144.8 139.5 139.4 138.7 132.7 129.2 120.2
142.5 135 133.5 132.1 132.1 134.2 132.7 131.3 131.7 134.4 134.6 138.7 145.6 148.5 148 146.4 143.3 147.4 150.8 153.5 156.9 160.7 163.9 166 168.2 169.4 171.1 174.1 176.4 178.7 180.2 181.8 183.2 184.7 185.3 186.5 188.2 189.4 192.4 194.7 196.2 194.4 192.2 187.3 179.6 167.3 160.3 156.6 155.9 157.1 157.1 153.8 151.1 152.9 155.4 151.7 147.9 145.8 146.4 147.7 149.8 151 150.6 149.9 149.9 151.5 153.4 153 150.6 147.5 145.8 144.4 141.3 134.9 132.8 131.9 127 121.1
144.5 136.7 133 132.4 132 132.6 131.2 131.2 131.7 133 139.3 145.7 150.4 150.6 149.1 146.7 142.9 140.8 143.3 148.7 154.8 158.5 162.2 165.2 167.2 169 170.7 172.3 175.2 178.6 178.5 178.9 179.9 181.5 182.3 183 184.2 185.9 188.9 192.6 194.9 193.4 189.7 184 175.6 164.3 157.9 155.8 155.4 154 153 152 151.1 151.2 152.8 152.4 150.7 147.8 147.7 147.2 149.1 151.4 152.1 150.5 148.9 149.3 152 153.5 151.9 150.9 150.4 148.6 143.7 137.6 128.2 127.7 122.8 120.4
144.7 138.3 134.4 132.8 131.8 131.9 131 132.1 131.4 138.4 138.9 151 150.8 150.4 148 145.2 140.5 137.8 138.8 142.8 148.5 155.7 161.5 164.9 167.2 169.3 170.6 171.5 173.5 176.1 177.4 177.8 177.4 177.9 178.7 179.5 180.8 183.2 186.5 190.8 193.4 191.6 187.7 181.2 170.4 159.8 156.5 158.2 157.7 156.9 155.9 153.8 151.9 151.3 152.8 151.6 150.2 149.1 149 147.4 146.3 149 151 150.9 147.1 147.6 150 154.1 153.5 152.1 152.3 151.9 146.4 139.9 133.3 125.2 120.7 119.3
145.2 139.3 135.5 133.4 131.7 131.6 131.4 131.6 131.4 135.8 142.8 144.8 150.1 149.1 146.1 141.5 134.9 134.7 139.6 144.8 152.4 156.6 161.9 165.8 169.2 171.3 171.9 171.9 172.2 173.1 174.2 175.9 176.2 174.8 174.5 175.3 177 181 185.1 189.4 192.9 190.5 185.7 178.4 164.1 156 159.3 165.4 168.2 165.6 161.8 158.5 155.9 154 153.1 151.7 148.9 149 149.5 147.4 144.5 144.3 146.4 148.3 146.4 145.5 148.4 152.1 155 153.3 153.1 152 146.8 139.1 130.9 121.9 119.9 118.4
144.7 138.5 135.8 134.7 132.3 131 131.3 131.6 131.1 130.5 131.4 139.6 144.6 146.1 143.8 137.7 132.9 133.4 137.8 147.3 153.9 158.1 161.7 165.7 170.6 174.1 175.7 173.8 171.5 170.2 170 171.8 172.9 172.4 169.1 168.4 174.1 178.6 183.4 190.2 192.4 189.2 183.5 174.5 159.9 154.9 160.5 171.4 177.7 176.2 170.2 165.5 160.3 157 153.4 149.1 147 146.4 147.2 145 142.6 141.3 142.3 144.3 145.8 145.5 147.8 152.9 154.2 152.8 153.5 150.6 146.1 139 128.3 120.9 118.4 117.8
145.1 138.5 136 134.8 133.5 130.6 130.9 131.1 130.6 130.6 130.1 129.8 136.6 140.4 140.2 136.8 131.7 132.1 137.1 148.4 155.8 161 164.5 166.5 171.7 176.5 179.4 179.2 175.2 170.4 167.7 166.7 168.2 168.6 165.7 163.7 168.2 176.4 183.5 191.5 193 187.9 180.4 170.9 158.4 153.7 159 171.4 180.6 182.7 176.7 169.4 162.2 155.3 151.1 146.6 143.8 142.7 143.1 141.8 140.2 140.6 142.6 147 148.3 147.3 150.7 153.1 155.2 151.8 152.1 149.8 145.9 138.1 126.1 119.9 118.3 117.4
144.8 138.9 136.4 134.5 132.5 130.4 129.8 129.8 130.5 130.4 129.8 129.4 129.1 134.6 136.8 135.5 130.8 130.6 136.1 146.9 156.4 164.2 168.5 171.1 173.1 176.9 180.7 183 181.3 176.4 169.7 165.3 163.7 163.4 162.5 161.1 162 172.3 182.6 190.7 192.8 188.4 179.5 168.5 157.8 152.4 156.2 165.1 175.9 182.4 179 171.2 161.6 153.7 148.2 144.1 140.6 138.6 138.7 139.5 141.4 143 147.6 152 153.5 153.1 153.1 153 153.1 151.2 150 148.4 143.7 135.6 124.9 118.7 117.3 117.2
146.6 141.3 135.9 133.4 132.3 132.1 132.7 131.7 129.2 129.9 129.6 129.7 129.4 128.5 132.5 134 130.6 130.4 135.7 145.7 155.1 164.1 170.4 173.6 174.9 175.8 178.4 181.9 184 181.9 177.4 171.3 165.1 161.5 159.8 159.4 160.3 165.9 178 188.6 191.7 188.1 179.6 167.9 157.5 150.6 152.3 158.7 168.2 175.8 176.1 169.7 160.4 153.6 147 141.8 138.9 137.2 139.3 142.3 147 149.1 151.8 153.7 154.7 155.4 155 153.5 153.1 150.8 148.2 144.8 138.5 132.8 122.2 118.1 117 117.1
147.1 140.7 134.5 134.1 134.4 137.3 144.1 144.6 144.5 142.9 140 133.3 129.3 128.8 128.3 129.3 129.9 131.2 137.2 145.5 153.5 162 169.1 173.2 173.8 173 173.7 176.4 179.9 182.2 180.8 177.6 172.8 166.2 161.3 159 159.4 162.9 173.5 184.4 189.4 187.1 179.7 169.6 157.1 151.6 147.1 153.4 160.6 167.3 169.4 166.5 158.6 152.1 146.8 142 137 137.6 142.1 148.2 155.2 158.7 158.3 155.3 153.6 152.3 151.4 150.7 150.1 148.6 145 140.7 136 128.9 120.2 116.3 116.3 115
135.8 135.9 135.8 138.9 138 142.3 148.6 152 150.4 147 143.1 139.5 134.8 128.6 128.9 128.8 129.5 131.5 138.2 145.1 151.2 156.9 163.4 169.8 172.3 170.4 168.9 169.1 171.6 175.3 178.2 177.8 174.5 169.8 164.8 161.4 157.9 162.6 169.4 178.7 184.6 184.4 178.8 171.2 161.6 151.6 145.6 147.7 154.7 160.1 161.9 159.9 155.6 149.3 144.6 140.3 134.7 136.7 142.8 150.7 157.4 162.2 162.5 158.8 153.6 147.8 143.1 142.3 140.9 142.1 141.6 136.5 131.5 125.3 118.8 115.4 114.2 114
145 142.3 142.8 141.5 141.2 143.8 150.8 154.6 153.2 148.5 142.8 137.8 133.3 128.3 128.4 128.4 127.5 135.4 137.1 144.4 148.9 153.2 157.5 161.2 167.1 168.9 165.8 164.1 163.4 165.5 169 171.5 169.7 165.4 161.3 159.4 156.2 160.4 164.4 171.8 178.6 179.9 175.3 169.8 163.1 153.9 144.4 143.8 148.2 153.2 155.7 154.4 150.3 145.5 141.3 138.1 133.3 134.1 139.3 146.4 155.4 161.4 162.5 159.3 151.7 146 139.5 136.2 134.3 135.1 135.7 132.8 128.2 122.9 117.3 114.2 113.3 112.8
149.7 144.9 144.6 143.4 144.4 145.8 149 153.3 153.4 148.8 141.8 134.5 130.5 127.7 127.8 127.3 127.9 128 136.7 145.6 149 150.9 153.6 155.7 158 163.1 164.9 161.6 158.7 158 159.1 161.4 162.1 159.5 155.8 153.7 154.3 156.1 159.6 163.8 172 175.6 172.4 167.1 160.3 154.1 144.7 141.2 144.4 148.1 149.8 148.8 145.3 139.8 137.1 134.5 132 133.4 136.1 141.2 148.8 156.4 160.1 157.1 151 144.1 138.7 132.8 127.5 126.3 127.7 127.2 124 119.5 115.9 113 113 112.9
154.7 147.6 145.3 144.4 145.9 148 148.1 150.1 149.7 145 137.3 130.2 128.1 128 127.7 127.9 128 127.4 132.3 143.7 150 151.7 151.3 152.1 153.9 156 159.5 161.6 159 154.6 153.8 154 154.4 154.9 153 150.9 152.9 154.4 157 160.7 165.2 170.1 169.2 165.1 158.4 151.5 144.4 139.9 141.5 143.7 144.7 143.4 139.9 135.5 131.5 131.6 134.2 137.9 139 139.7 142.5 150.8 154.9 152.5 147.3 141.1 136.9 131.5 125.2 120.2 119.4 119.9 118.9 116.7 112.9 112.9 113.2 112.9
159.3 152.9 150.9 147.5 145.4 146.3 146.9 146.1 144.2 139.8 135 129.4 128.6 127.3 126.5 127.1 128.5 128.4 130.3 137.4 147.9 152.7 153 150.6 150.5 153.2 156.1 157.6 159.1 156.1 152.3 151.2 151.6 152.3 150.9 150.4 156.4 160.9 160.5 161.6 164.4 164.3 164.4 161.1 155.9 148.4 143.8 140.2 137.9 140 140.7 138.9 134.3 131.4 131.3 133.4 140.4 148.2 147.4 141.4 140 143.9 146.6 147.2 143.1 138.4 135.4 131.4 125.1 118.9 115.4 115.3 115.5 113.7 112.1 112.8 112.4 113
161.7 159.1 155.1 152.3 147.6 145.7 145.4 145.7 144 143.5 141.1 141.1 139.5 131.2 126.9 128.2 127.6 127.6 128.4 137.4 144.7 149.9 152.9 152.7 149.2 149.3 152.6 156 156.4 156.7 154.1 150.5 150.9 151.9 152.4 148.5 155.8 166.3 170.6 168.1 166.1 165 163.5 158.7 153.8 147.7 142.8 142 140.4 136.7 134.8 133.5 131.9 129.4 130.7 134.7 143.2 153.4 153.3 146.4 141.9 141.3 141 140.9 138.8 137.1 136.2 132.7 126.5 119.4 115.7 113.9 113.5 112.5 111.2 111.8 112.7 115.6
159.8 159.2 156.7 155.2 151.9 147 144.5 146.7 148.9 152.6 153.7 153.2 151.1 145.7 132.4 126.2 127.9 127.2 127.9 136.3 139.6 144.6 148.6 150.8 150.9 147.8 149.2 154.2 156.4 156.7 155 150.9 148.5 151.8 150.8 147.8 154 162.5 172.3 178.9 175.1 169.6 166.9 162.1 154.2 145.9 142.5 144.6 144.4 142.9 140 133.8 131 128.8 130.9 135.7 146.1 152.6 154.3 151.1 146.3 142.5 140.4 138.2 135.9 134.7 133 130.3 124.9 119.9 115.5 113.6 112.7 111.6 111.7 112.7 118 121.6
158 156 153.8 153.3 151.9 147 144 144 148.4 154.6 158.6 158.2 155.4 150.3 144.7 127.7 127 126.9 126.6 132.8 135.6 138.4 142.1 145.3 147.5 148 146.8 152.4 156.2 158.2 156.5 153 148.6 146.8 148.5 145.7 151.9 157.3 167.4 175.2 180.2 180.2 171 162.8 154.9 145.3 140.7 145.4 150.1 150.1 144.3 135.8 130.9 129.9 130.8 135.6 144.5 150.5 152.7 150.8 148.4 145.7 141.8 138 133.8 130.8 127.7 124.6 121.1 117.5 114.9 114.3 111.5 111.8 111.5 113.6 120.7 124.4
155.9 152.6 150.5 149.4 149.7 145.6 143.5 142.5 145.5 151.7 155.4 156.8 155.9 152.6 148.6 137.9 126.3 126.9 126.5 126.9 131.4 132.1 135.7 139.2 142.6 145.7 147.9 149.6 154.2 157.9 158 154.9 151.8 150.5 146.1 141.6 148.5 151.7 159.3 167 174 181.2 177.1 167.5 155.2 143.9 138.5 141.4 150.3 154.9 150 140.4 132.6 129.9 129.7 133.8 140.3 146.1 149.7 149.4 146.7 143.3 141.3 137.4 133.6 128.6 123.5 120 117.7 115.6 114.7 113.9 111.2 110.7 111.1 114.3 123.4 127.2
159.2 154.9 150.1 146.7 146.9 145.8 142.4 138.4 138.8 144.9 150 151.3 150.9 149.3 145.3 139.8 129.8 126.1 126.6 126.3 127.4 130.8 135.4 140.7 144.9 147.6 151.1 157 159.6 158.5 157.8 155.8 153.1 151.3 148.8 143.4 141.8 146.6 151.3 158.4 166.1 173.8 175.8 169.4 158.5 144.7 136.3 137.2 145.2 152.6 151.9 145.2 137.5 130.4 127.6 130 135.9 141.5 144.7 145.9 143.9 140.1 136.5 134.6 132.6 128.2 121.5 117.6 115.8 114.7 114.6 114.1 111.6 111.4 111.2 113.3 125.7 133.2
159.1 155.4 149 144.5 142 142.3 138.7 136.9 136.2 136.7 141 144.1 144.1 142.6 138.5 135.7 130.2 125.3 126.6 127.8 127.2 130.3 136 140.8 145 148 151.9 158 164.7 166.3 161.6 156.3 152.5 150.1 146.4 142.7 135.9 140.3 144.5 149.8 156.9 163.2 168 165.6 158.3 148.5 137.3 133.3 139.2 146.3 148.1 145.8 141.2 134.3 128.8 127.6 131.2 137.6 140.3 140.9 138.7 136.3 132.3 129.2 128.9 126.5 121.2 115.1 114.3 113.7 113.6 113.9 113.2 109.5 111.1 111.5 124 134.5
155.5 152.9 149.8 148.1 149.2 148.8 146.7 137.9 135.7 134.8 134.9 135.5 136.5 136.4 133.6 132.6 128.2 125.7 125.9 125.1 125.9 131.8 135 139.7 144.2 148.3 151 154.3 161.3 167.2 168.2 162.9 155.3 148.1 143 137.1 134 136.2 141.6 145.4 149.9 154 158.6 158.6 153.7 146.1 138.3 130.3 132.9 136.5 142 146.1 144.6 137.6 131.2 126.3 126.3 132.2 135.2 135.1 133.9 131.8 128.3 126.3 125 122.8 119.5 115.2 113.8 113.3 113.1 112.7 111 110 110.1 110.9 119.5 131
152.7 149.4 146.9 153.4 153.1 152.9 151.9 146.9 139.8 135 132.8 132.4 132 131.2 129.7 127.4 125.4 126.1 124.9 123.9 125.2 133.2 136.2 138.9 142.4 147.6 150.3 152.7 155.6 160.6 166.3 166.9 161.2 150.8 141.6 133.6 132.4 135.9 141 145.3 146.8 147.8 148.6 148.7 147 141.8 135.2 128.4 125.5 128.1 133.3 141.3 143.3 139.2 135.1 129.8 124.6 124.2 127.4 128.2 128.1 126.9 124.9 123.7 122.8 120.6 116.7 114.1 113.1 112.8 113.1 113.4 112.1 109.9 109.7 110.1 116 125.2
153.5 150 152.1 155.8 156.5 156.7 155.8 152.3 144.2 140 136.3 133.4 132.3 131.2 129.8 127.2 126.1 124.5 125 125.4 125.1 134.9 137.5 140.1 142.4 145.1 149.2 151.5 153.3 155.1 157.8 162.5 162.2 154.7 142.8 132.4 129.7 135.8 141.9 144.2 144.7 144.3 143.9 142.1 139.8 136.7 132.5 125.8 122.3 121.9 126.3 131.7 136.3 137.9 136.4 132.7 127.5 122 119.9 121.9 122.7 122 120.5 120 119.9 117.9 114.8 113.3 113 112.7 112.4 113.5 112.8 109.7 108.9 110 110.5 118
154.4 154.6 156 156.7 159.3 160.2 159.7 155.4 147.9 142 139.6 137.1 134.6 136.5 137.7 130.5 126 125.7 125.4 124.7 123.6 134.3 137.6 143.1 146 145.7 147.9 149.5 152 152.7 153.5 155.2 155.7 151.3 143.9 134.2 128.3 131.8 137.5 138.8 140.1 139.5 139 137.7 136.3 133.4 129.4 124.8 121 119.8 121 124.9 128.3 132 133.3 132.2 129.5 124.9 119.6 117.8 118.1 117.9 117.2 117.2 117.3 116.3 113.5 112.9 113.9 112.6 111.8 112.8 112.3 109.8 109 109.8 109.8 112.8
163 161.9 160.6 160.2 160 161 161.2 158.4 154.7 146.3 141.1 138.4 136.7 136.7 139.3 138.5 127.8 125.6 125.1 124.5 123.4 134 137.5 144.5 149.7 151.2 150.3 149.3 150.3 150 150.7 151.7 151.4 147.6 140.8 135.3 128.3 126.4 130.8 132.6 134 134.3 134.5 133.4 132.5 130.3 126.9 122.4 119.2 118.1 117.3 118.8 122.4 125.5 128.3 130.1 128.1 124.9 119.6 116.5 114.7 115.3 114.1 114.4 114.7 115.7 113.2 112.8 112.7 112.6 112.6 111.6 112.4 109.6 108.6 108.5 109 110.9
