Game/Highland_Data/StreamingAssets/GeoData/Data/sd/SD97.asc
ncols 200
nrows 200
xllcorner 390000
yllcorner 470000
cellsize 50
[rows 0 to 34 of 200, columns 78 to 155 of 200]
411.3 405.2 398 393.2 390.8 390.1 390.6 390.7 392.5 395.1 400.5 409.3 414.2 418.1 418.9 418.9 421.2 422.8 424.5 436.6 450.9 457.2 465.8 479.9 484.2 488.8 493.3 496.5 498.8 500.3 499.9 500.1 506.4 519.8 529.5 530.8 533.3 537.8 538.3 540.7 545.4 551.1 556 558.2 564 571.6 575.8 581.5 588.1 589.7 589.6 588.9 586.7 582.3 576.7 572 566.4 562 554 549.2 545.4 542.2 537.8 534.9 529.6 525.6 518 512.7 508.9 502.4 496.3 490.9 486.6 477 471.2 461 449.3 439.4
407.5 398.8 392.4 389.6 388.1 388.2 388.7 388.9 389.9 390.5 396.2 406 407 412 416.1 418.3 420.9 422.1 423.1 428.8 444.4 454.5 463.8 478.7 481.8 487.9 491.6 495.9 500.3 500.3 500.1 501 520.6 524.7 528.9 533.4 534.8 537.4 539.6 540.8 548.9 559.1 559.8 563.4 569.6 577 582.8 587.8 592 593 590.8 588.9 585.9 582.6 576.2 570.8 563.8 557.7 551.6 547.9 545 541.9 537.1 533.2 525.3 517.5 513.4 510 504.8 499.6 493.8 485.7 479.1 468.2 454.2 447.3 439.5 425.7
401.2 392.7 389.4 387.4 386.6 386.9 387.7 388.6 386.7 388.6 392.3 397.2 400.7 403.8 408 417.7 421 422.1 423.3 424.9 436.8 452.5 460.8 476.4 479.8 487.4 491.5 497.8 501.1 500.5 501.2 507.9 523.8 527.6 530.8 533.5 534.7 537 540.4 542.5 552.2 566.9 567.1 570 576.1 583.9 588.5 592.5 595.6 595.7 593.1 589.5 585.3 582.8 578 573.7 566.9 558.2 550.2 546.2 543 540 535 527.7 520.9 513.6 509.8 505.3 500.1 494.3 488.1 478.9 463.1 449.4 443.6 437.9 424.5 411.8
393.9 389.4 387.8 385.7 384.4 385.8 386.9 387.2 384.6 386.1 389.4 392.4 394.2 395.7 403.4 416.2 419.8 421.5 422.9 424 429.5 447.2 457.5 467.2 479.5 484.9 494.1 499.3 501.6 501.4 502.6 521.7 528 530.4 534.9 535.9 536.4 539.1 541.8 547.1 560.3 571.1 574 579.4 585.2 589.5 593 597.1 599.4 598.8 595.1 590.1 585.8 580.8 579.4 573.7 565.5 555.1 548.1 544.7 542.6 537 529.9 521.7 515.5 509.2 502.9 497.5 492.9 487.2 476.1 460.2 451 442 426.9 417.4 409.6 394.4
389.3 387.5 385.6 384.4 382.2 375.6 385.9 380.3 370.8 377.7 385.1 388.4 389.2 390.4 394.6 405.6 416.4 420.4 422.2 423.7 426.7 442.2 454.1 462.9 479.2 485 495.6 500.5 502.2 502.3 504.7 529.2 531.6 536 539.4 540.5 538.8 541.7 542.9 553.8 569.5 577.4 582.8 586.2 590.4 592.9 598.2 602.7 604.7 601.9 597.1 590.9 587.2 584 579.6 571.5 561.4 552.6 549.1 544.3 539.9 531.7 523.3 516.6 510.3 498.8 492.9 485.5 475.3 462.7 457.8 448.9 429.6 421.7 414.7 401.1 398.4 393
388 386.6 385 382.7 380.1 374.4 369 366.9 367 366.8 373.4 378.5 380.8 385.3 391.4 396.5 406.5 419.2 420.6 423.1 426.5 438.8 453.5 462.6 480.7 485.3 496 501.9 502.7 503.3 508.5 529.4 532.6 540.9 541.5 540.9 542.4 543.8 549.6 560.3 574 583 591 593.8 595 599.4 604.3 608.8 608.7 603.8 598.7 593.2 589.3 586.9 580.4 571.2 561.4 554.1 550.3 544.3 536.9 526.9 518.9 509.6 497.1 471.9 463.5 459 452 449.1 431.6 424.2 415.6 411.2 409 409.1 404.5 399.9
385.9 380.2 380.6 377.7 369.4 367.5 366.1 364.8 365 360.4 362.9 367.1 370.5 384.8 390 392.3 400.1 416.9 419.4 423.8 428.1 437.9 454.2 462.9 479.6 484.5 494.4 500.5 503.1 503.4 509.2 529.7 534.3 540.4 541.9 542.4 544.5 548.2 553.9 566.2 577.6 588.2 597.1 601 602.3 605.9 610.9 613 610.3 605.6 599.8 593.6 589.6 584.8 579 569.4 560.1 553.9 550.6 545.1 534 522.7 511.1 493.1 482.4 480.2 476.7 468.3 459.9 449.7 445.9 438.6 437.1 431.7 430.8 431.5 425.4 417.4
376.4 373.5 369.3 364.6 364.2 364.4 364.6 363.6 362.4 357.3 358 363.1 366.4 380.9 388.4 393.1 396.1 406.1 418 421.8 425.9 436.3 450.8 458.3 471 486.1 492.1 498.9 502.4 506.2 519.2 532.5 534.7 538.8 542.1 542.3 547.1 552.9 558.9 567.8 580.3 591.5 600.5 608.4 611.3 613.9 615.5 616 612.7 605.8 598.5 592.9 589.5 583.9 576.4 567.2 558.3 553.5 549 543.7 533.3 518.5 500.7 502.6 500.4 501.1 499.7 490.3 479.5 475.6 463.8 458.5 457.1 455.3 450.9 445.4 438.8 426.5
370.7 364.9 363.3 362 362.2 362.9 363 362.5 358.8 349.8 356.1 360.1 364.8 383.8 388.5 392.1 398.2 408.3 417.1 421.6 426.2 440.6 454.4 464.3 480.7 493.4 497.9 501 503.3 509.3 529.4 533.4 535 538.9 540.3 541.2 548.8 557 564.7 572.6 584.6 592.1 605.1 614.2 618 620 620.8 619.2 616.3 608.8 602.3 594.6 589.1 583 574.5 567.6 560 554.8 549.7 546.1 537.6 527.5 522.2 518 515.8 513.3 511.2 505.1 497.8 492.9 488.9 481.4 474.5 467.2 462.9 452.4 444.3 421.3
363.9 361.7 360.8 362.2 361.4 361.5 361.8 359.2 352.4 345.3 349 359.2 365.1 383 387.5 391.5 399.7 409.5 418 421.7 428.2 440.2 453 466.7 486.5 497.2 502.2 502.3 504.6 516.6 532.5 532.7 534.1 538.1 540.1 543.2 553.4 559.2 567.9 576.2 589.8 595.6 611.2 619.1 621.6 625.7 625.7 623 619.4 612.6 606.8 597.9 590.4 583.8 576.8 565.9 557.5 554.9 552 549.1 544.8 537.7 531.9 525.2 522.2 519.4 514.9 510.8 506.7 501 496.2 491.6 486.1 479.7 474.6 458.9 447.8 423.3
360.9 358.6 359.3 359.3 359.6 359.9 359.2 352.2 347.4 339.7 348.2 358.2 363.6 382.8 387.3 391.5 401.6 414.2 418.6 422.7 430.8 441.8 454.6 478.1 499 502.3 505.1 506.1 507.8 523.6 531.4 531.7 534.9 540 540.7 545.3 554.3 562.1 570.5 584 595.3 602 616.7 623.8 629.1 631.6 630 629.2 622.8 618.1 612.1 605 595.2 587.8 578.8 568.1 558.9 553.7 552.2 549 547.5 544.2 539.2 536.8 532 525.4 519.1 514.9 511.2 505.3 501.7 497.5 490.2 486.7 479.4 461.6 446.8 423.4
359.2 358 358.4 358.6 358.3 357.7 349.1 343.4 340.3 337.7 349.6 358.6 363.2 379.5 386.4 391.5 404.7 417.2 418.7 424.7 435.3 444.5 467.7 496.9 502.7 505.2 506.3 507.4 520.5 516.3 520.2 532.4 537.3 544.3 545.4 549.7 555.8 563.2 572.3 589 598.7 609.5 620.4 628.5 636.8 634.8 633.4 632.2 627.3 623.7 617.4 614 604.3 592 581.7 573.5 563.7 555.7 552.4 548.6 546.7 545.8 544.2 541.4 537.8 533.3 524.6 517.6 513.4 509.3 502.8 499.6 493.5 489.3 480.4 460.9 443.4 418.1
358.5 356.5 357.8 356.8 350.4 345 344.3 338.7 331.1 337.9 350.8 357.9 361.2 382.7 386.6 392.5 411.5 418.4 420.3 428.3 438 455.1 475.3 501.7 504.4 506.3 508.3 513.4 526.6 531.2 531 533.4 541.1 547 550.5 552.3 558.6 567.3 576.5 589.9 600.8 614.9 624.6 635.4 637.7 639.6 642.6 640 637 631.1 624.5 616.8 610.7 599.1 584.6 576 567.5 560.1 552.8 550.8 549 546.4 544.3 541.8 538.3 535.5 530.1 522.7 515.6 511.4 504.3 497.1 492.6 487.4 477.4 456.1 439.8 415.3
357.2 352.6 350.4 347.9 341.9 336.2 335.8 330.8 327 336.9 350.5 358.2 363 379.2 387.3 393.6 410.3 419 422.1 428.3 440.5 457.6 481.4 501.4 503.3 505.6 510.2 523.1 522.6 531.3 532.9 538.3 545.1 550 554.8 557.1 563.4 573.5 582.7 592.5 603.6 618.8 631.1 640.6 640.9 644.3 648.1 647.9 645.3 639.8 631.5 624.3 615.3 605.5 589.7 577.6 568.7 558.6 557.1 551.4 547.9 544.2 542.8 540.7 538.1 535.5 530.4 523.2 516.7 510.9 503.3 495.8 489.7 484.4 473 451.1 434.8 407.6
346.7 341.3 343 341.4 335.1 326.8 325.3 323.6 327 338.5 348.2 359 364 380.2 384.9 391 404.7 418.3 423.6 433.1 442.9 462 489.7 500.1 505.6 506.9 515.9 529.6 520.5 532 537.3 543.3 548.5 555.7 560.1 564.3 570 581.4 589.4 598.6 611.1 623.6 637.6 642.1 646.4 650 651.1 650.5 649.2 646.8 642.7 634.7 622.7 609.8 597.6 583.7 572.8 565.1 560.3 554.1 548.9 544.8 543.2 539.8 537.8 535.2 530.9 523 515.9 508.6 499.9 494.8 484.9 478.9 463 444.8 424.4 402.6
341.4 339.2 337.7 334.2 328.9 323 318.8 320.7 333.1 340.1 353.6 359.6 367.4 383.3 386.2 389 402.7 417.1 423.9 435 447.7 463.7 485.7 497.5 506.2 511.6 525.9 529.9 529 533.9 540.6 546.8 552 558.3 566 570.6 578.7 588.8 598 604.7 617.5 628.8 641.4 646.3 652.2 654.1 652.7 652 650.1 648.3 645.2 640.9 632.4 619.4 602.9 591.2 579.5 568.4 558.4 555.9 549.4 545.6 543.9 541.1 536.6 533.6 528.6 521.5 514.2 508.4 499.7 489 479.2 464.9 454.2 438.9 417.6 397.9
340.3 337.7 330.9 326.8 323.2 317 316 322.9 329.4 336.6 357.9 361.4 368.9 384.4 387.6 394.9 405.8 417.2 424.3 434.5 452 466.2 482.5 495.1 506.1 514.3 528.3 530.8 530.7 537.2 543.8 550.5 554 560.8 571.7 575.6 586.2 600.4 603.1 611.9 623.1 635.4 646.8 650.7 654.4 656.9 655.9 653.2 652.6 649.3 646.8 643.9 640 627.1 610.6 598.1 582.2 569.8 558.7 550.6 548.2 545.2 542.4 539.5 536.3 532.2 525.9 518 511.4 503.7 496.1 481.5 462.8 452.9 442.5 424 408.7 393.5
335.6 330.6 326 318.9 319 311.2 322.6 326.6 337 341.5 357.9 361.3 374.7 386.6 390.5 399.5 408.7 415.7 424.5 436.1 454.6 466 480.3 494.4 505.7 513.7 524.3 530.5 533.6 538.7 549.4 553.9 557.4 563.9 573.4 580.1 591.1 602.7 608.1 617.7 629.5 645.2 652.8 654.4 658.8 659.2 657.9 655 652.5 650 647.6 646.2 642.7 629.7 614.7 601.2 586.3 573.4 562.7 554.1 548.4 544.8 542.4 538.9 534.9 528.1 520.5 514.7 507.6 498.7 481.8 462.1 450.8 436.9 424.3 412.7 401.8 398
326.3 320.6 313.5 301.2 297 309.8 326.1 338.8 341.5 353.6 361.2 369.1 381.8 386.3 393.3 404.3 410.1 417.5 427.9 440.9 456.7 468.1 487.5 500 508 514.9 528.3 533.8 537 541.5 551.7 556.4 560.2 565.6 575.4 584 595 604.7 614.2 624 638.8 652.7 655.4 660.1 662.5 662.2 658.7 657.8 653.7 651.9 648.5 646.6 641 628.8 615.5 603 587.4 573.6 563.7 555.1 549.7 546.9 542.8 537.4 529.6 520.8 515.6 506.8 497.7 472.9 461.3 447.5 431 424.2 413.3 412.1 409 400.9
312.1 303.6 294.8 295.2 304.5 319.4 332 343.6 349.4 359.4 366.3 375.3 384.1 391.9 401.1 407.4 409.5 421.9 431 442.7 457.3 467.9 491.5 504.5 509.4 515.7 530.1 535.7 539.2 545.9 553.6 557.7 561.4 567.9 577.7 589.5 598.4 609.3 621.3 635.4 652.7 655.6 661.4 665.7 666.3 666.2 663.8 660.2 656.4 652.8 648.7 644.5 635.1 626.8 614.5 602.4 589.2 577.3 564.4 555.6 550.7 546.9 541.2 530.7 519.5 511.4 493.4 482.3 467.6 456 437.7 428.9 428.6 438.9 436.7 423.7 416.5 404.5
293.5 282.4 295.7 305.5 316.8 327.5 339.4 349.7 361.8 363.1 372.3 380.5 389 397.1 406.7 412.3 415.2 425.2 436.9 446.7 462.8 478.6 498.1 505.6 510.9 518 529.3 538.8 546.4 548.2 555.4 558.6 563.3 573.3 585.4 595.2 602.5 613.2 628.9 648.2 657.4 663.6 670.5 672.2 674.3 672 668 661 658 653.8 648 639.3 632 621.9 611.4 602 588.9 576.3 564.4 557 550.4 544.9 533.7 520 505.6 488.9 469.2 458.6 454.3 459.1 458.5 460.6 455.6 451.9 448.4 441.8 428.3 409.9
285.6 293.5 306.3 321.9 326 329.9 346.8 358.1 363.5 370.9 377.7 386.5 395.2 405.3 412.1 416.9 421.4 430.1 441.6 456.3 472.3 493.4 505.1 509.7 516.1 524.6 531.1 541.7 549.3 549.4 555.9 561.1 565.5 576.7 591.4 601.8 607.6 617.8 638.5 657.9 661.9 669.9 679.5 682.9 683 679.1 669.4 664.1 659.5 655.1 646.2 635.2 626.8 620.1 610.5 599 586.8 576.5 565.7 558.4 550.5 541.3 533 514 489.5 478 482.7 477.1 475.9 485.8 486.1 485.5 478.3 467.5 455.2 450.1 439.3 420.9
291 305 325.7 329.4 331.4 332.7 350.4 365.6 367.7 375.5 385.6 392.6 402.4 412.7 418 420.2 427.1 436.7 446.6 465.1 482.6 501 507.3 512.1 530.3 533.3 535.5 545.5 549.7 552.3 558.8 561.7 568.3 579.3 594.2 607.5 614.7 626.4 647.2 660.5 667.3 677.5 686.9 690.6 691 685.4 675.7 668.5 660.4 656.4 644.8 632.7 625.8 618.7 610.3 597.5 583.6 576 567.3 559.4 550 540.6 520.7 519.3 515 516.6 511.7 510.3 509 508.3 505.9 504.8 496.4 485.3 468.1 458.5 452.7 431.4
301.5 324 330.2 333.2 335.8 340.7 356.7 367.4 372 383.9 392.1 399.4 409.8 417.7 421.7 426.1 434.3 443.2 455.1 473.3 497.3 506.5 509.5 515.2 533.1 536.5 541.4 549.7 549.9 553.4 560 563.9 570.7 581.8 595.1 612 621.4 637.5 657.7 662.9 671.6 684.3 695.8 700.4 697.9 688.6 678.9 670.2 662.4 655.3 645.5 636.3 629.3 617.3 606.4 594.9 582.3 574.6 567.5 558.8 551.6 543.7 541.3 531.8 532.1 528.7 525.6 523.9 521.7 520.2 518.3 514.2 506.7 497.8 480 468 443.6 431.8
309.3 328.2 335.1 337 345.3 350.6 367.4 371.9 380.4 390.8 396.8 406.1 415.1 421.4 426.8 434.8 441.5 450.1 467.6 480.8 502.6 505.9 511.4 520.5 526.8 538.7 542.8 548.6 551.6 554.4 560.3 565.7 572 585.6 601.3 613.5 626.6 644.1 658.5 665.1 674.9 687.7 699.4 701.2 699.1 690.4 679.3 669.3 663.5 656.4 645.5 635 628.2 615.5 604.5 593.5 585.1 577.1 567 558.2 553.6 551.6 551.7 544.4 545.9 540.6 534.8 532.6 533.2 530.1 526 521.1 512.2 503.6 491.4 461.7 464.1 439.6
320 331.8 337.8 344.9 351.1 358.1 369.5 376.7 387.3 394.4 402.1 412.2 418.6 424.6 432.2 442.6 449.7 462 474.8 497.1 505.8 509 516.5 519.2 524.4 534.3 545.5 548.6 550.2 554.6 560.3 566.6 575.8 591.3 606.7 617.5 632.2 646.3 658.7 666.4 678.3 689.9 699.1 700.2 698.8 691.1 680.9 669.1 660.7 655 646.6 635.3 626.9 617.5 606.4 595.1 588.9 581.9 573.1 565.2 561.1 557.4 554.3 553.1 551.2 547.4 541.2 539.1 536.8 533.7 531.9 526 516.5 508.6 496.6 490 468.8 447.7
330 334.2 341.6 350.3 354.5 366.6 373.5 382.9 391.5 398.5 408.3 415.5 422 429.8 440.5 450.2 459.8 472.2 481.7 502.5 506.2 515.2 518.9 529 531.4 534.6 548 551.4 550.9 556.1 561.2 568 580.3 594.5 610.4 623 635.9 645.6 658.9 667.1 678.1 689.6 697.9 700 698.2 691.7 681.7 670.9 662 654.3 646.4 636 627.5 618.4 608.9 601.7 595.7 586.2 581.6 572.4 567.2 563.3 559.4 556.1 553.5 549.6 544.5 542.6 539.8 537.3 535.3 529.9 523.6 511.5 500.8 492.2 472.9 449.8
338.1 337.3 349.1 353 358.7 370 377.3 387.8 395.7 404.7 412.5 419.9 425.2 438.1 448.1 457.5 472.2 478.5 500.1 508 510.9 518.6 520 540.9 541.7 542.3 544 552.3 556.2 558 561.7 569.4 581.2 595 610.7 624.6 637.8 647.6 656 664.2 674.5 686.1 694.7 698.6 697.9 691.9 682.6 672.3 662.3 657 651.1 643.1 632.9 626.2 616.2 608.4 601.8 593.9 586.2 578.2 574.1 571.1 565.4 560.7 555.5 551.2 547.6 543.8 540.8 538.3 535.1 533.4 525.7 516.4 505.2 494 474.4 454.8
340.6 339.3 351.9 355.4 367.5 373.6 382.4 391.4 402.6 409.2 415.9 423.2 432.6 444.2 454.9 470.6 478.6 489.7 508.3 510.3 512.8 517.6 526.8 544.1 543.7 543 542.4 550.9 556.8 559 561.2 568.6 579.6 593.5 609.1 622.7 635.9 648.3 655.7 662.3 671.5 681.2 691.8 697.5 696.4 691.9 683.6 672.7 663.2 657.1 653.9 648.6 636.4 629.2 624.2 618.8 613.1 603.4 593.4 583.6 580.2 576.5 573.1 567 560.6 555.8 550.9 547.4 543.1 539.6 538.1 534.7 528.1 518.6 508.3 490.8 472.8 475.2
343.4 343.2 354.4 360.6 372.7 379.2 387.9 397.2 406.1 411.2 418.8 427 440.7 451.1 464.4 477.6 484.8 504.4 509.4 511.8 516.8 520.2 534.2 543.8 544.4 542.8 545.1 550.8 556.9 559.7 561.8 566.4 575.6 590.5 606.6 620.3 632.3 644.4 653.5 658.8 667.4 676.9 687.5 695.4 696.3 691.7 684 672.1 664.4 657.7 656 651.2 641.4 629.1 624 621.8 618.4 608.2 601.2 593.1 588 582.2 576.5 572.7 566.4 559.6 554.7 548.4 545.7 542.4 538.4 533.4 527.3 520.3 511.2 490.6 478.4 502.2
346.9 351.8 357.2 370.5 377.6 381.8 392.2 403.6 408.9 414.7 423.3 431.9 446.8 456.7 474.7 482.2 494.1 510.3 512.2 515.5 519.2 523.7 541.9 544.7 545 543.3 546 549 553.5 558.9 562.6 565.4 572.1 586.3 602.5 616.2 627.2 637.6 646.1 653.7 662.5 672.7 683.4 692.6 694.8 692 683.9 674.5 663.1 657.8 653.9 650.8 642.6 633.4 628.1 624.1 620.8 613.4 607.5 600.9 595.9 587.7 579.8 574.5 569 560.9 556.9 552.1 547.7 541.1 537.1 533.1 528.3 521.4 513.7 494 493.2 509.6
353.8 355.5 359.7 374.7 380.6 386.3 396 406.2 411.8 419.2 427.7 441.3 452 462.7 479.6 488.7 503.5 511.1 514 518.6 523.9 534.8 543.1 542.9 544.5 544 545.5 548.3 550.5 555 560.5 564.5 568.7 581.3 594.3 607.5 619.7 630.9 640.1 648.7 658.4 667 678.6 689.2 693.8 692.1 686.6 675.9 667.1 658 656.3 646.9 639.9 633.2 629.7 626.5 624.2 620.3 614.6 611.1 605.5 593.2 583.1 575.3 566 565.1 559.3 553.6 548.3 543 539.6 535.9 531 524.8 517.7 503.6 498.3 515
356.6 358.3 364.6 379.2 382.9 391 398.8 408.4 415.7 423.7 431.5 448 458.1 474.3 483.2 494.1 506.1 511.2 517.3 521.7 527.9 536.9 542.4 540.1 541.2 544.4 545.2 544.7 545.5 552.3 558.1 561.8 566.6 575.8 586.5 596.6 610.7 622 634.3 643.3 654.3 663.1 674.3 685.7 692.4 694 689.6 681.2 669.8 660 655.5 646.5 637.9 633.8 629.9 626.4 623.9 621.2 619.9 615.2 610.6 600.2 588.5 577.9 575.5 569.1 563.7 556.7 548.9 544.1 542.1 538.8 534.4 529.5 523.3 513.2 504.2 520.9
359.7 359.7 367.3 381.9 385.1 393.6 401.1 410.7 419.4 426.6 439.2 450.9 461.8 479.3 486.5 500.9 507.5 514 519.8 522.8 529.5 535.9 537 537.6 539.7 540.3 542.1 541.5 543.3 547.1 552.6 558.8 563.3 570.8 579.3 588.9 601.3 612 626.2 638.1 651.3 662.4 672.3 683.2 691.8 695.3 693.6 686.1 675.4 665.8 658.5 645.2 639.7 635.7 632.2 626.1 624.2 619.8 617 615.1 609.7 600.9 591.8 581.7 578.8 571.6 565.8 558.5 551.7 546 543.1 540.2 536.3 533.6 527.4 513 518.7 525.5
359.8 360.3 369.8 381.9 386.1 395.9 405.5 413.4 422.7 429.6 443.6 454.1 469.5 481.4 488.2 499.3 505.8 513.1 520 519.6 528.1 530.3 532.3 535.7 535.8 535.8 538 538.1 541.9 544.4 547.7 553.8 559.1 565.3 572.3 583.1 593.5 603.7 616.3 632.7 647 660.8 670.9 682 690.7 696.2 695.5 688.7 679.5 669.9 660.2 654.5 644.7 638.6 634.1 628.7 624.9 620.4 618.4 616.3 611.1 603.7 595.2 588.4 581.5 574.3 567.2 560.6 554.8 548.2 542.8 540 537.5 534.7 519.4 511.6 524.8 529.2
