Game/Highland_Data/StreamingAssets/GeoData/Data/sd/SD98.asc
ncols 200
nrows 200
xllcorner 390000
yllcorner 480000
cellsize 50
[rows 140 to 174 of 200, columns 0 to 77 of 200]
536.4 542 553.5 562.3 568.9 585.9 594.7 602.6 605.5 604.2 601.3 591.3 581.7 569.6 560.5 551.5 543.5 532.4 524.1 519.3 516.9 511 510 505.5 503.3 500.5 498.9 495.7 488.5 481.6 470.2 460.7 451.6 443.5 429.2 418.5 409.2 401.8 395.4 387.8 395.8 405.1 420.4 432.9 447.6 458.3 472 490.2 516.4 524.7 528.8 535.6 548.7 555.3 555.7 555.2 554.1 554.3 554.4 554.7 554.3 552.7 553 553.6 555.3 555.5 553.9 553.1 552.2 550.6 548.3 547.4 546.1 545.4 546.6 545.2 543.1 542.9
549.4 553.7 563 570 579.9 591.6 603.8 606.6 606.4 605.4 602.8 593.9 583.1 572.3 560.6 552.8 546.4 537.9 530.9 525.5 520.7 517.5 514.4 513.7 511.3 506.8 505.8 501.1 495.9 487.8 477.8 465.8 456.2 447.7 432.4 423 412.8 404.4 398.6 388.8 396.8 408.1 424.2 435.1 447.5 460.6 476 495.4 516.8 525.6 531.4 540.4 549.7 552.9 556.3 555.8 555 556 556.3 556.3 556 554.5 555.3 555 556.8 556.3 554.4 553.6 552.8 551.8 550.5 549.9 547.7 546.7 548.8 549.6 544.3 544.5
559.1 564.3 572.4 575.7 590.4 602.4 606.3 607.5 607.5 606.9 604.1 597.7 586.1 574.7 563.4 557.3 550.2 541.5 537 531.7 527.6 526.6 524.7 521.9 519.3 516.1 513 508.2 502 492.7 483.1 471.8 458.7 451 436.6 426.7 417.7 409.1 404.1 391.2 400.6 412 426.3 436.2 451.2 464.7 481.3 501.1 521.7 530.2 534 544.9 553 557.2 557.3 556.4 557.5 557.4 556.6 556.9 556.2 556 556.3 556.5 557.2 556.8 555 553.6 552.4 553.1 553.6 551.9 548.2 549.5 551.4 551.7 548.9 547.1
566.4 576 583.4 583.5 596.8 604.7 607.1 608.1 608.4 608.3 605.5 599.7 587.9 577 567.2 560.6 553.2 547.3 542.6 538.7 537.5 534.6 532.9 530.1 527.8 524.4 519.6 514.1 506.3 497.3 486.9 477 461.1 453.9 440 428.3 419.9 411.9 408.3 397.3 402.6 418 429.7 441.9 454.1 469.2 485.6 508.5 524.6 530.9 537.5 546.8 554.2 559.1 558.6 559.6 559.9 559 557.5 556.8 557 556.7 557.4 557.2 557.5 556.4 554.7 553.5 552.5 552.8 553 551.1 553.8 552.6 553 553.8 551 548.3
574.5 586.1 591 592.6 601.8 604.2 607.4 608.3 609.1 610.2 607.7 600.5 590.4 577.5 569.8 565.2 561.1 553.3 550.8 549 547 543.9 542.4 537.8 534.5 531 527.3 522 511.1 501.9 489.7 478.6 463.1 454.5 440.5 432.9 427 415.9 410.6 395.2 409.6 420.8 432.6 445.2 457.4 473.6 492.6 513.2 528.3 534.2 543.2 551.6 555.6 559.3 561.4 561.6 560.6 560.1 558.8 557 557.6 557.4 557.4 557.5 558 556.8 555.8 554.2 553.2 551.4 550.9 553.9 556.7 557.3 555.1 556.3 554.4 549.8
583.8 594.5 597.2 599.4 602.6 604.7 609.1 610.5 610.3 610.7 609 600.8 589.3 582.7 575.9 572.4 569 567.5 566.7 564.5 563.8 558.5 553.2 547.1 541.9 537.2 533.1 526.5 515.6 504.3 491.9 478.3 464.6 452.7 442 430.9 427.7 417.7 407.9 397.8 414 426.5 436.6 449 462.8 479.3 498.3 517.7 531.2 535.8 551.1 555.9 556.3 559.3 562.5 562.5 561.3 560.6 559.6 558.1 557.9 557.5 557.7 557.8 558.5 557.3 555.9 556.7 554.4 554.2 553.6 554.9 556 556.2 559.4 559.2 554.1 550.7
589 599.3 599.8 600.1 604.2 604.8 610.1 612.3 612.4 613.1 610.6 602 593.2 590.1 583.9 581.1 581.2 579.5 580.5 580.2 577.8 577.4 570.1 561.6 554.6 545.8 540.5 530.3 517.4 507.9 494.6 481.6 464.1 452.2 441.4 431.1 423.4 419.5 404.4 403.1 415.3 430.3 440.8 453.2 467.3 485.8 503.7 524.3 532.2 540.4 556.7 558 558.1 561.5 563.3 563 561.9 561.4 560.6 559.4 559 557.9 558.7 559.9 558.5 558.5 559.4 558.4 556.3 554.4 553.8 554.3 556.7 557.9 560 559.2 556.9 554.7
595.1 602 601.6 601.3 607.6 608.7 612.5 613.1 613.8 614.5 612.2 604.1 598.1 595.5 591.4 591.9 590.7 591.4 591.8 592.6 593.8 590.4 584.1 578.8 568.9 557.4 550.6 541.9 524.4 511.4 496.7 482.6 465.1 452.7 443.3 434.2 419.4 414.9 410.8 403.9 417.7 431 444.4 457.3 471.2 490.2 509.5 528.3 534.1 543.3 555.9 557.6 560.8 563.3 564.4 563.8 563.6 563.2 561.7 560.5 559.1 559.1 560.4 559.6 559.5 558.2 559.1 558.3 555.9 553.7 553.6 553.1 555.9 557.9 560.1 560.3 557.2 554.7
601 604.3 605.4 604.5 607.1 611 613 614.9 614.9 614.2 613.6 608.3 605.5 601 598.3 599.5 601.6 602.7 601.8 602.9 606.4 606.6 601.2 594.2 582.4 568.4 559.9 549.4 532.3 515.7 498.3 484.1 466.1 452.4 443.1 433 418.3 415.5 412.4 410.8 416 431 445.8 458.2 477 494.8 516.6 529.7 535.2 546.2 559 558.3 562.7 564.9 565.7 565.5 565.4 564.8 563.3 561.8 561.6 561.2 560.6 560.6 560.1 560.6 559.7 557.8 556.8 555.6 556.6 556 556.6 558.6 559.3 559.3 557.6 558.1
603.9 606.6 607.8 609.3 610.2 612.1 613.1 614.1 614.7 615.3 617 614.8 611.2 607.2 607.2 608.5 609.6 609.4 608.3 608.6 611 612.1 608.8 606.2 596.2 578.5 567.9 552.5 538.3 519 503.2 486.9 467.8 450.9 442.5 429.8 420.2 414.8 420.3 419.8 420.3 435.3 448.4 461.6 484.1 498 519 530.3 537.4 548.4 560 561.3 563.1 565.1 566.3 566.2 565.9 565.7 564.4 565.7 562.6 562.5 561 560.2 561.9 562.7 561 559.2 557.5 556.5 559.4 557.1 558.2 557.7 558 557.6 558.2 561.2
605.9 610.2 610.5 611.5 612.2 612.1 614.5 615.8 616.5 617.9 619.3 619.7 617.6 615.6 613.9 614.5 615.1 615.8 613 612.4 613.9 613.7 612.2 610.7 602.3 587.8 571.5 554.7 543.4 521 504.6 488.4 469 450.8 440.4 429.9 421.8 424 427.2 428.3 426.4 437.8 452.7 467.8 483.7 499.8 518.4 528.2 535.6 546.9 560.6 564.2 564.7 565.4 567.9 567.4 567 566.1 566.8 566.8 563.7 564.2 562 560.4 561.3 562.1 561.6 559.7 557.8 560.2 560.6 559.9 560.6 559.7 558.6 558.1 558.6 561.6
609.7 612.3 615.1 615.2 613.1 612.1 614.4 615.8 618.5 619.4 620.5 621.1 621.9 620.9 620.7 620.4 619.4 619.3 617.4 615.8 616.7 616.5 615.3 613 606.5 589.8 573.8 556 543 526.2 505.2 488.8 468.1 451.4 438.7 436.2 436.5 431.7 432.9 434.8 426.6 438.9 453.5 468.9 484.8 497.8 515 527.2 535.1 545.8 559.8 565 566.5 567.3 569.2 568 566.8 566.4 569.2 568.5 565.8 565.4 563.4 562.3 562.2 561.5 560.6 559.3 559.8 559.6 559.8 558.8 559.5 559.5 559.5 557.7 556.6 559.1
609.3 612.5 615.7 612.8 612.8 612.1 615.3 616.8 620.3 619.7 622.1 622.5 625.4 628.5 627.5 624 623.4 621.3 620.1 619.1 619.2 619.2 618.7 615.4 608.2 590.3 572.6 558.7 541.2 524.4 506 487.9 464.5 450.7 445.1 447.1 447.6 443.9 443 442.5 434.5 442 456.3 470.9 484.3 497.3 510.7 525.4 533.2 541.9 557.5 566 567.9 568.4 569.7 569.1 568.9 569.7 570.3 567.7 567.1 564.8 561 562.6 562.2 562.6 560.7 558.9 557.8 557.4 559 557.4 557.6 560.4 560 558.9 558.1 560
608.1 611.2 615.4 614.5 614.3 613.9 615.2 618.2 621.4 622.2 622.8 625.4 629.1 631.8 631 628.4 626.1 624.4 624.5 623.6 621.4 620 618.7 614.9 605.9 587.1 570 555.4 538.9 520.6 503.5 485 462.9 451.2 454.1 454.4 451.2 455.4 451.6 449.1 441.8 448.9 461.7 473.9 487 497.9 508.2 521.1 532.3 540.4 553.7 565.8 568.6 570.4 571.4 573.1 572.5 571 569.4 568.7 567.1 564.4 561.8 562.5 560.8 561.6 560.3 558.8 557.2 555.5 556.3 556.1 555.5 556.5 557.1 556.8 556.7 559
608.7 612.3 616.5 617.6 616 615.4 616.8 619.7 622.8 622.7 624.1 627.1 629.8 632.2 632.4 632 630.8 630.3 631.6 627.8 622.5 620.6 619 613.2 600.1 581.9 565.2 552.5 536.4 514.9 500.1 477.7 457.3 466.1 464.8 464.1 464 464.6 459.9 458.3 448.9 461.4 472.2 480.4 492.2 499.8 508 519.3 529.9 539.3 551 567 568.9 573 577 574.9 572 570.7 568.4 567.8 566.3 564.1 562.8 561.8 561.5 560.9 558.8 557.3 556.8 555.9 555.5 554.2 554.3 554.3 554.2 554.3 556.8 558.6
609.5 616 618.6 620.9 619.7 616.9 617.3 620.2 622.2 624.5 624.5 627.4 629.7 632.7 632.9 634 633.7 632.7 632.5 630.4 624.5 620.6 618.7 610 594.3 572.1 559.2 546.2 527.9 508.4 492 464.4 477.2 480.3 480.1 480.7 479.5 475.5 472.5 470.7 456 474.6 482.6 489.7 497 504.2 511.5 522.2 528.1 536.7 552.6 566.5 570.8 576 575.5 574.2 572.4 571.9 569.1 567.9 566.7 566.7 564 563.2 562.1 560.2 558.8 557 557.4 557.9 556.9 554.9 552 553.2 553.9 555.4 557.4 557
610.2 616.7 617.7 620.2 620.9 618 618.5 620.1 622.8 625.9 626.9 628 628.3 631.7 634.9 633.8 632 631.4 630.7 630.8 623.9 617.9 616.5 606.2 582.6 564.9 551.2 539.4 514.4 502.1 479.7 488.6 493.3 495.6 498 498.6 497.2 493.4 487.1 480.4 472.3 483.2 493.3 500.1 504 509.8 515 522.1 529.4 538.7 552.5 565.7 571.8 575.8 576.4 575.2 574.3 573 571.2 569.5 567.8 566.8 565 564.9 564.1 562.8 563.4 561.5 558 558.5 558.4 556.8 554.2 553.4 553.8 551.1 553.4 553.7
609.9 615.4 616.9 619.4 619.3 617.5 618.1 620.6 623.7 628.4 629.9 627.8 628.5 630.9 632.4 631.5 630.4 629.6 628.2 626.7 622 617.8 613.7 595.7 573 558.5 546.3 528.8 508.3 490.7 498 504.2 510.6 514.6 514 515.7 509.5 504.5 498.6 490.8 482.2 496 505.2 509.6 514.2 515.8 519.8 526.1 533.1 540.8 554.6 565.3 573 576.3 575.9 575.3 574.2 573.4 571.7 569.9 568.1 567.5 567.5 567.2 566.3 565.5 566.2 566.2 564.8 561.3 560.6 558 556.1 554.4 553 551.2 550.7 548.9
610.1 613.5 616.5 619 618 617.1 617.8 621.5 625 630.1 627.8 626.3 626.7 628.5 630.9 628.3 628.2 627.9 625.2 625 620.3 616.1 606 583.9 566.8 554.5 541.3 517.2 499.9 508.5 521 526.3 531.4 532.9 529.6 525.7 521.6 514.3 507.9 497.2 496.6 507.9 512.1 517.6 521.7 521.8 526.2 531.5 537.1 545.7 555.8 566.4 573.3 577.2 575.6 575.3 575 573.3 572.8 571 570.4 569.9 569.7 568.6 568.2 568.7 568 567.4 565.8 564.2 560.4 558.8 556.1 553.7 551.6 550.5 549.7 549.6
607.2 611.4 612.6 618.3 618.5 617.1 616.8 621.2 622.9 626.4 625.3 623.2 622.1 624.4 629.8 629.8 626.7 626.9 624.6 622.5 619.2 613.8 599.5 579.3 562.1 549 531.2 514 518.9 528 533 540.5 544.8 547.4 545.4 541.3 533.2 525.1 513.1 498 509.7 517.6 520.7 525.3 529 531 535.5 540.5 547.3 553 561.2 568.3 575.1 578.1 577.8 577.3 576.1 574.8 574 573 573 572.1 571.2 569.5 570.2 569.8 568.7 567.5 565.9 563.6 558.9 557.2 553.9 554.3 551.6 551.7 552.4 548.2
604.5 607.5 611 616.5 618.6 617.1 617.1 620.4 620.4 621.7 622.4 620.6 622.1 621.7 624.7 627 626.7 628.6 628.5 624.2 618.1 609.6 592.1 573.2 558 543.5 527.5 534.9 536.7 543.3 544.8 555.7 561.9 561.7 562.2 554.3 543.5 532.6 517.5 515.3 522.1 526.3 530.1 534.2 537.9 543.6 545.8 550.3 554.3 559.6 565.4 571.7 575.4 578.1 582.6 580.5 576.6 575 576 575.4 575.6 574.4 572.7 570.7 570.4 569.6 567.4 564.2 562.8 560.5 557.8 556.1 555.9 553.1 553.7 552.4 550.9 549.4
602.7 603.4 608.3 613.9 618.3 619.2 620.2 619.4 620.2 620.8 620.5 620.8 621.7 621.8 622.2 624 626.6 629.1 629.8 624.8 614.6 604 591.3 572 555.9 541.9 547.6 549.6 556.9 559.8 563.8 575.6 578.4 577.2 573 564.5 551.7 539.2 525 527.7 530.4 538.5 547.7 550.8 551.6 552.7 555.1 557 560.2 563.9 566.8 576.9 580.3 584.9 586.8 585.9 579.6 577.2 578.8 578.4 575.7 574.3 572.8 570 569.8 565.8 563.5 561.1 559.7 560.2 557.4 557.9 558.3 556.1 553.3 554.1 553.8 549.7
601.5 602.8 606.2 612.6 616.5 618.6 619.5 617.8 619.6 619.6 620.6 620.3 620.7 623.1 622.7 621.4 622.1 625.6 628 624.2 617 604.4 591.8 573.1 563.2 561.5 567.4 572.3 577.5 580.8 586.6 591.4 591.9 588.1 582.6 573.1 559.3 545.6 529.9 539.7 548.1 557.2 564.3 566.9 565.6 571.6 570.1 568.2 568.8 571.6 576.4 581.9 581.2 584.1 586.9 586.8 585.5 582 578.1 578.3 575.3 573.2 571.2 569.8 565 564 564.3 563.2 562.2 561.1 559.2 559.1 557 555.3 557.2 553.5 550.2 550.6
600.6 602.8 607 611.9 614.2 615.5 616.1 615.5 619.1 618.3 619.2 620.5 621.6 623.3 623.3 623.1 622.2 621.8 624.5 623.4 617.4 604.2 589.1 580.3 580.5 583 589.1 595.2 597 595.4 600 602.8 601.4 597 590.4 579.6 563.1 551.6 546.4 559.6 568 576 579.8 581.6 582.8 584.6 583.6 583.4 583.8 583.7 583.8 583 581.4 582.3 585.6 586.1 585.7 586.6 587.6 586.5 582.3 574.1 570.8 570.5 566 564.6 565 565.5 565.1 563.6 560.9 559.8 559.7 556.8 554.3 551.4 548.5 546.8
600.2 602.7 607.3 611.8 613.2 613.8 615.4 614.7 617.5 618.6 619 619.3 620.4 623.1 622.6 622.5 621.8 622.2 621.6 621.9 614.1 602.4 598.1 598.5 601.6 603.8 607.6 607.1 606.9 606.2 608.4 609.7 607.7 604.4 596.2 588.4 574.5 562.9 567.7 576.8 583.6 588.5 590.5 592.4 590.9 589 589.3 591.6 590.9 588.1 589.7 590.2 584.5 582.3 582.3 584.6 586 587 586.5 586.4 584.8 576.4 570.6 569 566.7 566.4 566.1 567.5 566.5 563.6 562.2 560.8 557.3 552.5 550.9 547.7 546.8 546.2
597.7 601.8 606.2 610.6 614 614.5 615.2 615.6 616.8 617.7 618.8 618.4 619.8 621.3 622.6 622.5 621.6 620.6 618.8 617.8 615.6 615.2 615.3 616.7 615.6 614.5 614.1 613.2 611.6 610.9 614.4 615.1 612.7 608.1 601.7 594.8 583.7 581.6 583.3 591.3 594.2 593.5 594.7 594.5 594.6 592.1 592.9 595.2 594.2 591.4 591.8 592.7 587.7 584.7 582.3 583.8 584.9 585.2 586.5 584.7 584.2 578.1 572.3 568.3 565.5 566 566.6 565.6 564.8 562.2 559.1 556.2 553.1 550.8 548 546.5 545.9 544
592.9 599.8 605.9 610.3 612.8 614.4 616 616.3 617.2 616.4 617.8 619.7 620.1 621 622.4 621.8 621.3 621.7 620.7 623.4 622.4 625.2 625.2 623.6 622 621.2 621.1 618.1 616 615.3 619.1 619.2 616.7 613 607.6 600.2 595.8 593.7 595.8 598.2 598 598.1 597.4 598.4 597.3 595.2 594.6 595.6 597.6 596.6 597.5 593.9 588.6 583.8 583 583.7 584.4 583.5 585.5 586.4 585.5 581.8 575.5 571 567.9 566.5 564.8 564.5 562.1 559.7 557.7 553.4 551.6 551.6 549 545.7 543.2 542.4
585.2 596.8 604 608.4 611.3 614.1 614.3 615.2 616.5 616.5 616.4 619.8 619.3 620.3 622.3 620.9 621.6 621.5 623 627.5 626.7 628.2 628.3 626.2 625.2 625.6 624.6 620 618.3 617.9 619.8 619.4 616.9 613.4 609.7 604.4 601.9 600.2 599.2 600.3 599.6 600 600.7 601.1 599.2 596.8 598.1 598.3 597.8 597.5 597.9 596.7 592.7 586.4 584.3 583.5 584.1 582.3 583.6 583.2 583.5 582.4 579.6 575.2 570.8 565 565.3 562.3 559.7 557.4 554 554.8 553 553 548.5 545.8 543.5 540.8
578.6 591.6 599.7 606.1 609.4 612.9 613.8 614.3 614.6 614.4 614.8 617.9 619.9 619.9 620.6 621.2 621.2 623.3 624.7 628.4 627 628.4 628.2 627.8 625.3 627.1 625.2 623.3 619.1 619.4 619 617.8 615.7 613.2 609.1 607.3 607.3 605.1 603.7 601.3 600 600.2 601.5 605.2 603.6 601 600.9 600.3 598.7 598.6 599.2 596.1 592 587.4 585.1 584.3 583.8 582.8 580.3 580.9 580.1 579 577.6 573.6 569.8 566.4 565.3 563.3 559.5 554.8 554.4 555.1 553 549.7 548.3 546.3 545.5 542.8
569.1 584.4 595.1 602.7 606.7 610.7 611.3 611.9 612.1 612.5 614.9 615.1 616.2 619.2 621.4 620.8 621.7 624.2 622.3 624.9 627 628.3 628.1 625.9 626.9 627.6 625.8 624.2 621.1 619.7 619.2 616 613.7 611.6 610.4 608.2 608.6 604.5 604.3 602.1 600.2 601.2 601.4 604.4 603.5 604.3 602.4 600.9 600.5 600.9 598.8 596.8 593.4 590.7 589.9 586.1 584.2 580.7 580.5 578.9 577.9 577.2 574.9 572.8 567.6 565 563 560.8 559 555.8 554 552 550.1 549.2 548.7 545.6 545.4 544
555.7 575.4 588.6 596.8 603 606.7 609.6 610.2 609.2 611.8 611.3 614.5 617.9 620.2 621.9 620.9 624 625 626.7 627.5 627.1 627.6 627.7 626.2 627.5 627 626 623.9 624 621.4 620.2 617.8 615.2 612.6 611.5 610 609.4 606.4 604.1 603.8 604 603.1 604.3 604.1 604.7 603.8 601.4 600.9 599.8 597.2 596.4 593.7 591.7 589 588.9 589 586.4 582.7 578.2 578.7 576.7 575.2 572.4 568.8 564.4 560.4 560.5 558.7 555.9 553.2 550.6 550 550.7 548.2 546.8 545.4 544.7 544
549.1 559.9 577.4 590.2 598 601.7 604.1 604.9 606.8 609.3 611.7 614.9 618.1 620.1 621.3 625 627.7 629.4 628.7 629.1 628.9 628.7 628.7 627.2 628.5 628.8 627.7 626.6 625.3 623.2 621.3 619.5 620.5 616.8 613.7 612 608.7 606.1 606.4 607.2 606.5 605.7 604.2 604.4 604.4 604 603.2 601.4 600.6 597.8 596 592.4 590.4 589.9 589.8 589.8 587.3 584.2 580.8 578.3 575.8 570.1 567.4 564.6 562 562.6 557.5 553.6 551.1 549.4 547.5 547.1 546.6 547.3 546.5 545.3 546 544.3
543.6 550.5 564.1 579.9 589 594.3 596.3 596.4 606.7 609 611.7 616.8 619.2 620.3 623.3 628.5 630.7 632.1 631.4 634.9 635.6 631 630.8 630.6 631.2 629.6 627 628.4 625 623.3 623.3 622.2 622.3 619.7 613.8 613.4 610.8 608.1 608.2 607 605.9 605.8 605.3 604.4 604.9 606 606.5 604.8 601.6 598.4 594.8 590 589.3 588.8 588.6 588.7 585.6 583 579.1 573.7 567.7 566.4 565 564.1 561.6 556.2 550.9 549.1 547.7 545.9 545.2 542.4 544.2 542.7 542.4 544.1 543.8 544.1
540.1 546 552.5 563.3 574.3 579.9 575.5 597.8 607.2 610 614.4 618 619.9 626.3 629 633.1 632.9 633.7 634.1 635.7 635.8 636 634.2 632.9 633.6 633.3 631.1 627.5 623.7 623.1 623.3 621.9 619.3 616 612.3 613.1 609.8 609.2 608.6 608.3 605.5 603.1 602.2 602 603.2 604.7 604.5 602.5 600.9 596.7 593.9 590.8 589.3 587.5 585.7 585.4 582.1 578.5 572.8 568.7 566.5 565.3 562.8 561.1 556.6 550.8 549.1 547.4 544.7 543.1 543.5 541.8 539.3 541.2 540.8 541.9 542.3 541.8
531 537.6 542.3 548.4 544.6 560 584.3 603.5 608 613.6 617.5 619.7 622.7 627.5 633.8 637.1 632.8 635.2 637.4 637.3 638 637.4 636.5 634.9 636.9 638.1 634.8 629.2 623.8 624 623.3 619.7 618.5 616.6 614.1 612.4 609.6 609.2 610.1 607.9 608 605.4 601.5 600.7 600.8 601.1 601 600.7 600.2 598.5 596.7 593.8 591.1 587.7 583.9 581.2 577.4 573.5 570.6 567.7 564 562.6 559.4 556.2 552.3 549.4 545 544.8 544.5 541.5 539.6 537.5 537.5 539.6 538.3 538.8 538.9 539.5
