Game/Highland_Data/StreamingAssets/GeoData/Data/sj/SJ01.asc
ncols 200
nrows 200
xllcorner 300000
yllcorner 310000
cellsize 50
[rows 140 to 174 of 200, columns 78 to 155 of 200]
216.4 217.7 221.6 223 224.8 226.1 226.8 226.7 226 227.9 226.7 226 226.1 229.1 230.4 233.1 233.8 234.2 237.3 232.8 232 231 232.5 232.8 234.8 236.1 237.3 240.2 235.9 238.2 231.9 223.2 222.5 217.8 201 179.1 170.4 164.7 159.3 149.5 150.6 150.4 150.4 149.1 149.3 152.4 156.6 159.2 162.7 177.8 195.1 209.3 210 202.6 192.5 182.2 175.8 168.6 166.3 166 166.2 162.4 160.3 158 152.9 144.7 130.9 133.9 145.8 159 164.4 165.7 172.2 180.6 192.1 209.6 226.4 230.1
222.1 222.5 227 227.7 230.4 231.9 233.7 234.2 233.4 233 232.6 232 232 237.5 237.5 239 241.5 243.3 242.9 242.2 238 236.3 237 239.7 242.9 241.4 244.4 246.4 247.1 248.9 246.2 237.3 234.1 231.2 217.1 192.1 179.3 174.7 162.4 153.4 148.7 149.6 149.3 148.7 148.5 150.5 150.4 154.7 156.6 160.7 176.7 186.9 189.5 185.8 177.3 172.1 166.6 162.8 162.6 161.2 158.3 151.8 148.2 141.6 139.1 129.9 141.9 144.7 142.4 142.2 141 142.8 151.4 162.4 174.1 193.7 214.8 234.2
226.5 222.4 229.1 232.6 236.1 238.9 239 238.9 237.5 236.9 237.5 238.5 239.1 242.9 245.7 247.8 249.3 251.2 251.1 250.3 247.5 244.4 244.8 244.4 247.1 249.4 251.2 252.6 261.3 261.7 257.5 250.2 244.4 237.3 221.5 206 191.9 180.4 167.1 158.3 152.3 148.7 148.3 148.9 149 148.7 149.7 149.5 149.8 149.6 156.7 161.6 166.6 168.9 167.5 163.4 163.5 159.7 160 158.7 153 145.9 138 133 133.1 131.9 146 149.3 149.5 145 144.5 143.1 142 148.5 157.6 169.7 195.9 218.7
229.1 230 230.8 232.3 236.3 240.4 243.9 245.7 245 242.2 243 244.3 244.9 248.6 250.5 252.1 254.2 257.5 257.6 257.2 258 257.1 254.2 255.7 254 256.8 261.8 266 272.5 274.2 273.6 265.5 255 243.6 231.2 217 201.2 187.2 175.2 161.2 156.1 151.3 148.8 147.3 149.1 148.5 147.8 148.6 148 149 148.8 152.1 154.1 156.1 153.7 150.4 147.7 146.1 152.1 149.8 145.1 138 136.1 133.8 137.1 137 140.3 150.6 152.6 152.4 147.1 144.5 144.4 142.1 151.8 158.2 177.2 200.3
234.2 233.7 235.1 234.6 236.7 240.6 243.9 248.2 249.6 250.2 250.5 250.3 250.3 252.5 253.9 255.5 258.7 260.9 262.6 262.1 262.9 265 262.7 262.4 263.2 264.7 266.6 273.6 277.7 277.7 274.9 272.8 268.8 255 245.1 231.4 218.5 204.1 187.1 168.3 158.3 155.6 150.4 148.1 147.3 148.7 147.9 148.6 147.7 146.8 149 154 151.6 150 150.1 147.2 143.9 138.7 133.1 133.9 133.9 133.9 133.2 135.1 141.7 145.3 146.3 148.9 154.5 154.9 150.8 146.6 146.1 142.8 147.7 152.7 163.7 181.3
239.9 242.2 244 246.3 245.6 247.5 247.5 248.3 254.3 255.5 255.5 256.5 256.1 256.5 257.8 259.6 261.9 264.3 265.9 267.8 270.6 270.6 271.5 270.3 272.8 274.8 275.4 275.2 278.7 280.4 280.4 279.2 278.8 269.5 259.6 241.8 229.5 219.4 195.9 172.4 162.7 156.2 152.1 148 148 147.9 147.6 146.9 147.4 146.7 147.8 157 155.4 150.7 151.2 150.4 146 137.2 135.7 137.3 136.5 137.9 140 140.7 148.6 148.6 146.9 150.7 153 156.6 152.2 146.8 145.9 142.7 144.3 149 155.5 169.3
248 254.3 257.2 256.8 255.6 254.3 253.8 251.7 254.8 255.6 256.8 256.4 256.1 257.7 260.7 262.7 265 267.5 269.9 272.9 275.9 276.7 277 279.2 280.3 280.9 281.2 280.3 282.8 284.5 282.7 277.8 274.1 270 262.4 247.5 237.3 224.7 207.7 187.9 169.7 158.5 153.6 149.4 147.7 147.5 147.8 147.7 147.3 146.9 146.2 147.1 150.6 148.7 146.9 148.6 145.4 134.7 138.5 137.9 137.2 145.3 150.7 154 156.7 166.2 158.9 155.6 154.6 154.7 153.3 148.1 144.3 142.5 144.3 147.6 153.5 162
252.6 258.3 263.4 262.4 260.1 258.9 258.9 257.6 255.8 256 255.6 255.9 256.9 257.7 261.2 264.3 266.9 269.4 271.1 274.4 277.7 280.3 281.2 283.7 284.8 286.2 285.3 284.4 284.7 285 284.4 279.3 277.3 266.3 257.3 252 245.1 238.3 230.4 208.7 183.6 164 158.9 156.2 152.2 146.6 146.7 147.6 147.3 146.5 145.9 145.4 144 147.6 146 147.5 146.1 142.3 139.6 138.1 142.5 152.8 161.3 165.7 170.3 176.4 180.9 167 161.1 155.6 149.2 146.9 144.5 142.6 143.4 146.4 150.2 155.2
273.1 272.6 272.8 269.5 267.5 265.9 263.1 265 266.5 266.6 265.4 263.1 258.4 259.4 262.2 266.2 270.4 274.7 277.4 281.9 283.6 284.9 287.7 289.8 292.8 297.7 293.7 290.3 290 294.6 300.6 296.1 287.2 276.7 269.4 259.6 262.3 249.6 237 224.1 202.2 182.1 166.7 161.6 157.8 150.4 146.9 147.2 145.7 146.9 147 146.4 144.5 151.5 155.3 158.1 155.9 155.5 155.3 150.7 155.8 161.6 170.6 174.4 175 177.2 185.5 181.1 171.9 162.3 151.5 144.3 143.3 142.8 142.3 143.9 146.3 148
285.2 286.2 286.6 283.1 281.5 280.2 276.1 279.2 282 285.5 288.3 284.5 277.9 274.7 271.4 270.1 276.8 282.3 286.2 292.1 294.7 296.3 297.1 297.8 303.4 307.9 303 298 301.9 308.6 306 304.7 296.6 285.5 273.3 267.3 265.4 266.3 260.6 244.3 225.9 197 179.9 170.4 162.5 159.4 153.4 147.7 151.9 150.6 149.1 149 150.8 154.4 158.5 161.5 165.3 165.4 164.5 166.4 167.3 172.3 175.1 176.6 176.7 177.2 184.3 185.9 175.8 166.1 153.1 143.4 142.8 142.4 142.8 143.2 144.4 145.2
291.2 293.4 293.2 290.9 289.1 288.7 286.6 288.7 289.1 292.3 297.8 298.4 292.1 284.1 281.8 278.8 283.3 289.5 295.3 299 300.9 303.3 305.7 305.6 310.4 309.4 310 311.3 308.3 309.4 316.2 310.1 302.4 292.3 281.6 276 271 269.7 268.6 259.1 241.2 215.9 195.9 185 174.4 165.8 162.6 160.1 157.3 155.3 156.3 157.2 158.9 160.2 160.8 164.8 169.3 171.2 172.1 175.8 174.2 176.4 178.9 181.2 183.1 182.3 182.2 182.4 176.4 169.3 155.8 144.4 143.1 142.9 143.8 143.8 144.8 145.4
301.1 303.7 300.6 297.9 299.4 295.7 294.1 300 298.4 300.2 304.5 304.8 298.8 291.5 288.5 286.5 290.4 293.9 299.4 303.6 306.4 310.3 313.2 313.7 314.7 312.4 313.3 315.2 311.3 304.3 305 300.2 296.6 291.6 284.1 278.1 278.5 277.7 268 258.4 243.3 225.2 206.9 192.6 185.1 180.4 172.3 170.1 163.5 160.2 159.4 160.6 163.7 167.9 177.9 182.7 185.5 187.1 185.7 181.7 184 185 184.2 186.6 190.6 191.2 184.6 179.9 173.9 163.9 156.6 146.7 143.7 143 143 144.1 144.9 146.8
303.3 304.2 305.3 303.5 304.7 302.2 302.2 308.3 306.3 307 311.5 310.7 301.9 294.4 292.3 291.4 294.5 298 301.7 306.2 309.1 312.4 316.6 317.4 316.2 313.4 313.8 310.6 305.3 297.9 293 293.1 291 291.4 289.1 283.7 280.6 274 263.1 251.5 236.8 223.3 213.6 200.2 194.5 190.2 183.2 180.1 177.8 174.2 167.9 163.9 164.6 168 174.4 180.9 184.5 188.3 193.2 193.2 193.5 194.7 194 193.2 195.2 201.1 191.4 182.5 170.3 160.9 153 145 143.2 142.7 143.3 143.2 145.1 146.8
306.1 309.9 310.6 309.2 309.3 306.2 306.1 311.7 315.6 312 319.6 316.1 304.7 299.8 295.4 293.7 295 299.2 304.2 309.8 312.9 317 318.9 322.5 321.5 315.2 313.3 306.9 298.6 289.7 283.3 287.5 290.6 282.5 277.3 273.3 268.6 261.3 254.1 245.9 238.5 233.8 222.6 212.1 205 199 194.3 192.5 188.9 182 171.5 167.9 167.2 168 170.2 177.3 185.9 193.8 195 196.5 198.3 201.1 207.1 209.3 200.7 207.2 201.5 189.5 173.8 160.2 150.3 144.2 143.5 142.2 143.7 143.8 143.9 144.7
310.9 314 316.7 315.7 315.3 315.9 313.7 314.8 320.4 318 319.5 316.2 306.9 300.8 298 296.8 297 300.3 305.7 310.8 313.4 314.4 313.8 311.4 311.9 312.6 311.3 305.1 298 289.1 282.3 273.3 270.7 268.6 267 264.1 262 258.4 254.4 251.9 248.1 250.2 245.1 234.1 224.6 218.7 217.3 213.8 201.2 190.1 179.3 173.6 175.7 173 172.9 180.8 191.1 195.6 201.6 205.9 207.6 208.1 207.9 209 210.8 209.1 198.2 186 170.9 158.3 147.8 144 143.2 143.5 143.6 143.4 143.5 144
314.8 316.7 317.2 317 316.9 316.4 316 317.2 320.6 319.6 315.8 313.4 305 299.9 297.6 296.3 296.1 299 302.5 305.3 307 306.4 306.8 305.7 307.1 308.3 303.3 297.8 292.4 285.3 277.7 270.2 265.3 265.7 264.7 267 266.4 264.8 263.5 261.8 262.1 263.5 260.5 249.1 247.5 247.1 239 227.2 215.6 208.3 196.7 190.2 189 183.3 178.5 186.6 206.3 212.5 214.9 219.2 222.5 226 230.1 224.2 214.5 208.6 197.9 185.8 168.6 156.4 148.5 144.7 143.7 143.1 143.6 143.7 144 143.5
319.9 319.7 319.4 318.1 318.2 318.2 317.3 317.4 318.5 319.2 317.3 312.2 302.4 299.5 297.7 296.9 295.4 297.3 299.2 300.5 301.4 299.8 298.9 300.8 302.9 302.6 298 293.6 288.9 282.6 276.3 267.6 261.5 259.7 259.2 259.4 261 262.5 263.8 266.4 270.9 272.8 270.2 268 269.1 267.5 264.6 248.3 234.6 223.5 210.7 200.8 196.1 196.2 189.9 191.1 196.5 205.6 215.2 226.6 230.4 232.3 237 236.1 227.2 215.6 202.1 185 168.5 156.7 150.7 146.2 144.1 143.4 143.8 144 143.8 144.5
329.4 326.3 325.2 323.2 323.8 323.4 322.9 320.6 318.2 318.7 317.6 313.5 307.2 301.8 299.2 297.9 295.6 295.4 296.7 296.8 296.2 294.4 294.1 293.8 293.5 292.4 290.1 286.5 286.7 284.3 278.2 269.4 262.1 257.5 256.9 259.3 262.8 267.9 267.2 273.4 281.5 285.2 278.7 275.9 274.7 272.6 266.2 258.3 252.1 242.7 228.7 216.7 204.5 199.5 196.6 194.5 198.4 202.8 210.6 218.8 219.2 219.5 221.3 221.9 222.6 214.8 202.7 188.1 170.4 158.6 151.8 147.1 145.2 145.1 144.9 144.8 145.3 144.5
324.3 324.2 321.5 323.4 324.2 324.6 321.1 315.3 310.4 309.4 308.9 310.6 306.9 308.1 304 299.9 295.7 295.1 294.7 290.9 289.9 287.6 287.6 284.5 283.2 280 280.1 281.1 281.5 282.6 278 272.4 265.6 257.3 254.6 256.8 265.3 272.7 275.8 281.1 282.1 283.9 283.4 280.2 276.4 272.4 268.5 261.3 254.5 245.5 239.4 233.4 220.8 205.3 205.2 203.9 206.3 212.7 218.3 222.3 224.1 222.9 219.5 213.6 213.1 207.8 199.8 183.2 170.2 161.2 153.3 149.6 147.7 146 145.4 145.2 145.2 144.6
322.7 321.4 321.7 321.4 320.8 319.4 314.7 305 296.4 293.5 292.7 292.2 293.3 295.9 296 296.4 295.2 290.9 287.4 282 281.1 281.8 280.1 276.2 273.8 272.9 273.8 275.6 276.9 279.6 277.9 272.8 267.7 262.2 253.7 253.8 263.3 270.4 277.3 281.8 280.1 281.5 282.3 277.5 273.4 269 264.8 259.5 253.5 248.7 248.7 245.7 239.3 221.3 218.9 219.1 210.4 211.3 213.5 218.1 220.7 223.8 222.9 216.5 210.7 204.2 198.2 187.6 172 159.3 155.9 151.2 148.9 147.5 146.2 146.3 145.5 145
323.9 318.4 321.8 325.2 320.6 315.1 305.2 298.1 294.4 291.6 292.2 290.7 288.6 287.6 290.8 289.4 288.3 286.1 280.7 277.6 273.8 269.7 269.1 268.6 264.9 264.5 266.5 268.1 273.3 277.2 277.1 272.5 265.1 260.4 253.8 251.3 256.4 263 270.9 271.5 271.5 272.2 271.5 268.9 267.6 265.4 260.2 255.1 251.9 250.3 249.1 246 240.3 228.7 216 214.3 209.3 205.1 209.9 215.1 214.1 216.6 220.2 220.1 214 201.5 194.2 184.5 172.1 163.7 161 154 150.8 148.2 147.3 146.3 145.9 145
316.7 317.4 325.6 323.2 321.6 314.2 305.9 300.7 294 288.8 290 282.8 280.5 279.3 274.9 274 271.5 269.7 267.3 262.6 255.4 255.1 258.6 260.3 257.9 257.9 260.3 263.1 268.8 270.9 272.7 270.4 262.7 257 253.4 244.6 249.5 252.6 260.4 264.5 265.6 265.1 264 261.4 260.3 256.5 251.9 248.8 247 245.4 244.1 242.2 238.6 229.9 216.2 210.6 204.4 203 206.1 212.8 214.9 217.3 221.8 222.3 215.3 203.6 194.5 183.9 172.4 167 161.5 155.9 152.1 148.7 148.4 147.3 146.5 146.4
310.7 319.6 325.5 321.5 313.5 309.8 302.6 295 288.6 281.2 276.4 276.4 275.3 271.7 270 268.2 262.4 259.9 256.2 252.6 246.3 249.5 253.5 254.4 251.8 254 255.6 258.2 262.2 264.4 266.3 265.6 260.5 253.7 249.4 245.3 235 241.5 250.9 252.3 252.4 252.8 252.6 251.6 250 246.4 244.7 244.1 243.9 242.8 240.6 237.6 234.6 229.7 225.9 220.3 207.2 201.9 203.7 215.7 222.5 226.9 225.4 218.9 211.6 205.9 196.4 186.9 180.5 171.3 162.2 157.9 155.6 150.9 152.5 153.2 154.1 152.6
316.5 322.2 320 310.7 306.7 298.6 289.9 280.6 276.2 271.9 266.7 264.7 264.6 259.7 255.7 251.7 248.9 250.1 245.3 243.9 237.7 242.8 246 244.1 246.5 249 250.6 253 257 257.9 258.8 256.5 255 250 246.2 243.5 232 227 232.1 237.7 242.1 241.6 241.4 240.6 236.6 233.2 237.9 240.5 241.3 242 239.1 235.9 234.9 234 230.9 227.1 220.1 209.5 198.3 210.5 227.4 234.1 231.3 224.4 219.4 211.3 204.1 196.3 187.8 177.7 168 160.7 154.8 154.9 157.1 158.7 160.3 162.5
313.8 317 313.3 305.3 300.1 291.8 284.3 277.9 271.2 264.5 258.2 254.7 252.9 249.8 246.1 242.2 241.3 241.7 238.5 237.4 230.3 235.1 237.2 236.9 238.7 241.8 244.5 247.1 250.4 251.9 252.1 250.8 248 242.5 240.1 237.4 234.2 228.2 219.9 227 230.9 232.6 230.1 227.2 223.3 224.8 230.2 229.7 231.5 230.6 229 227.1 232.3 232.4 229.4 224.7 222 209.4 196.3 199.2 213 225.1 224.7 220.8 214.6 209.7 202.8 197.4 192 184.5 179.6 170.6 163.4 157.9 161.9 163.4 166.1 168.5
309.2 310.7 304.9 296.6 290.3 285.8 278.2 270.8 260.1 253.3 247.7 242.8 244.2 243.6 240.6 237.2 236.1 236.2 233.8 231.4 229 224.7 227 230.8 234.1 236.1 237.9 237.2 241.5 245.3 246.6 242.1 241.7 236.5 234.7 233.4 231.1 226.5 218.8 212.3 215.9 214.1 213.7 214.9 217.6 218.9 219.6 214.4 211.8 209.8 209.1 211.8 214.9 214.5 214.7 210.8 208.7 202.7 193.2 192.7 193.9 208.3 213.1 208.2 204.2 199.8 195.7 191.7 186.6 184.2 181.2 176.8 169.5 168 169.6 169.4 173.2 177.4
307.9 304.9 297.8 291.4 283.3 269.8 262.7 254.6 246.7 239.3 232.4 232.6 232.1 231.4 230.6 228.8 228.5 226.6 226.8 226.8 226.7 215.9 219.7 226.5 229.3 230.7 230.8 232.3 233.7 239.1 239.4 233 232 229 228.6 228.2 226.7 224.8 220.5 213 203.5 199.6 200.8 206.4 209 208.7 206.9 202.3 203.4 203.1 203.2 203.6 205.3 208 209.2 206.7 203.3 200.6 194.3 195 189.1 188.3 193.8 194.1 192 190.3 186.7 184.3 182.5 180.3 178.1 176.3 169.1 174.1 175 176.3 180.9 186.1
298.7 291.4 285.9 275.3 267.1 259.7 250.5 246.6 239.1 233.6 219.8 222.8 218.6 221.5 220.9 218.4 217.5 217.9 217.8 216.7 215.3 210.9 211.5 220.2 221.1 224.6 224.3 225.7 226.6 226.6 225.8 224.3 223.2 222.7 223.1 221.3 220.4 217.5 216.6 211.5 208.4 200.4 193.7 193.1 199.2 199 195.4 195.6 198.3 199.3 200.2 201.8 204.8 207.5 208.3 207.1 204.3 200.9 197.6 201.6 198.3 188.5 184.5 182.4 181.1 179.1 178.9 177 175.6 176 173.4 172.8 171.6 176.6 179.3 182.9 187.9 194.6
278.3 272.8 264 257.2 249.1 242.8 234.1 227.7 224.3 219 214.4 213.1 207.5 211.2 212.1 210.2 210.7 216.5 215.1 212.9 210.8 205.7 205.1 214.7 213.8 217.4 217.5 218.6 218.3 217.4 214.4 214.4 216.5 215.4 212.5 213.1 213.7 213.5 210.8 206.5 205 198.1 194.5 186.5 186.1 187.6 189 191 194.7 196.6 198.1 199.3 202.1 204.2 205.3 204.3 201.7 199.7 199.4 200 200.8 194.6 187.3 184.4 184.4 184.3 183.3 182 185 184.8 181 178.6 177.5 179.6 182.4 186.5 190.4 196.1
253.1 250.2 245.3 239.1 231.3 222.8 216.4 215.3 212.5 210.3 206.8 199.9 203.8 207.4 207.9 205.7 204.7 214 215.7 211.7 207.8 201.8 207.5 207.4 206.3 207.8 208.9 210.1 208.5 207.2 207.1 208.1 208.8 207.3 206.8 208.2 208.6 206.9 204.8 202.6 201.1 197.7 193.3 185.3 180.9 183.1 185.3 187.2 190.1 193.3 196.2 198.8 205.3 209.2 205.4 203.7 203.5 205.5 204.1 204.8 206.4 203.9 195 189.6 189.1 190.2 189.4 188.4 189.1 189.3 186.2 183.8 182.4 183.7 186.2 189.1 193.3 198.3
232.6 228.1 224.2 216.4 210.7 210.5 211.2 209.5 208 205.5 200.6 195.3 198.4 201.8 204 201.3 198.1 204.2 205.1 202.9 200.3 196.4 193.9 197.6 198 199 200.7 199.4 197.1 197.6 198.9 200.5 198.5 202.6 202.3 203.8 200.9 200 199.9 195.9 196 194.5 189 184.2 176.1 178.7 181.3 183.7 186.4 188.4 196.8 203.4 216.4 218.4 215 211.6 220.8 223.9 221 219.4 223.5 224.8 211.2 199.8 197.7 196.1 194.9 194.2 195.8 195 190.3 186.6 186.2 186 188.7 192.5 197.8 201.7
215.3 212 208.3 209.3 207.3 208.7 211.1 208.6 207.7 205.2 199.8 196.1 189.3 195.3 198.3 198.2 192.6 196.6 197.4 196.2 193 190.3 181.5 190 190.7 191.1 188.1 189 189.3 190.1 189.7 192.5 188.6 192.6 196.3 194 194.3 194.1 188 189.4 190 188.8 185.1 179.8 173.1 173.1 175.6 177 187.1 195.4 202 211.6 218.7 226.1 221.2 219.4 226.2 232.1 234 234.6 233 229.7 223.2 215.1 202.6 199.6 198.6 197.4 195.9 196.4 194.5 191.4 190.8 190.9 191.5 192.9 197.2 201.4
206.4 205.4 208.5 207.2 204.4 206.1 207.5 204 205.3 205.9 199.6 195.6 192.8 192 196.1 194 187.1 191.1 191.6 188.8 186.8 184.6 174.5 184.9 182.8 181.6 178.1 181.1 182.8 184.2 182.8 183.7 181.8 186.7 187.4 184.8 184.2 186.3 182 183.8 184 183 181.2 175.6 172.1 165.5 169.6 174.3 186.1 196.6 200.5 208.4 216.5 218.9 221.1 222 223.2 225 225.8 225.6 222.6 225.5 221.5 215.3 210.3 199.3 196.5 195 190.4 190.5 190.3 188.2 187.7 187.2 186.9 190.2 192.7 194.9
197.3 198.5 199 198.6 195.9 197.8 195.6 196.3 197.4 198.6 196.9 190.5 180.6 191.4 192.5 189.3 182.6 182.3 180 178.5 178.7 177.9 172.7 176.6 173.8 168.8 174.3 174.7 175.6 177.3 176.8 176.5 176.7 178.1 176.2 178.9 178.2 178.1 177.7 177.1 178.9 177.9 176.7 172.2 165.9 162.7 169.7 173.4 182.6 195.1 205.8 206.3 207.8 209.5 213 220.1 226.3 231.7 230.3 226.9 218.2 215.9 215.1 210.8 215.2 198.8 191.9 189.7 188.1 186.3 186.1 184.2 181.9 182.6 181.3 183.9 187.4 189.4
192.7 191.8 189.2 187.4 186.4 185.4 186.8 188.9 189.7 188.9 186.6 183.2 175.5 182.5 182.3 179 175 170.4 168.6 168.1 167.6 168.1 166.6 165.5 165.8 160.5 168 168.3 168.9 169.8 171.2 170.3 171.7 170.5 171.1 172.6 173.2 172.3 171.6 172.6 172.6 172.8 171 168.4 163.4 160.7 165.3 172 178.6 181.5 186.8 194.3 202.2 204.9 205.2 211.2 213.5 222.3 227.6 227 221.1 213.6 211.6 212.2 205.8 197.6 187.6 186.5 187.2 184.3 183.3 182.2 181.1 180.9 181 181.7 181.3 182.1
