Game/Highland_Data/StreamingAssets/GeoData/Data/sj/SJ02.asc
ncols 200
nrows 200
xllcorner 300000
yllcorner 320000
cellsize 50
[rows 70 to 104 of 200, columns 0 to 77 of 200]
530.3 525 520.7 505.8 505.4 496.5 491.3 483.2 471.9 459.2 448.8 438.4 425.7 411.6 397.9 389.5 381.9 371.6 354.5 350.9 358.7 351.6 344 341.4 340.5 343.6 345.6 343.4 342 336 327.7 317.8 303.7 297.8 296.2 285.8 283.6 275.9 262.3 251.5 238.6 223.3 207.5 195 194.3 195.2 195.3 194.8 194.1 192.7 190.9 190.1 193.7 201.1 208.4 216.1 224.6 233.4 243.8 253.3 264.3 276.5 282.4 294.9 305 317.4 333 345 357.7 371.4 379.7 388.5 401.5 415.7 429.2 438.2 445.4 442.5
537 531.9 527.5 516.3 508 503.2 499.5 489.3 478.9 471.6 462.9 450.2 439.5 427.5 412.8 406.6 396.3 384.1 378.4 375.3 372.6 366.3 367.7 367.1 365.3 371.4 373.4 373.4 374 365.5 357.3 344.5 335.1 324.6 323 310.5 309.3 296.9 285.5 276.1 260.5 246.2 230 216 202.1 193.4 193.3 191.8 191 190.6 189.7 188.6 187.8 187.1 193.4 200.4 207.3 214.5 223.2 232 244 253 259.7 268 279.8 292.5 308.7 320.2 334 348 354.1 363.6 382.8 400 410.9 421.8 435.8 443.3
536.7 533.9 527.3 517.3 512.2 511.2 506.3 495.4 496.9 491.4 480.5 473.9 463.7 448.1 431.9 425.7 414.9 406.3 407.1 401.7 397.6 399.1 402.2 399.5 394.9 396.5 392.9 389.3 392.7 392.8 390.8 375.9 366.1 350.5 346.6 344.2 333 318.8 306.9 297 282.9 268.1 255.8 241 222.9 206.7 193.6 191.9 190.5 190.1 188.8 188.6 188.1 186.9 186 185.8 190.5 196.3 204.3 209.7 220.9 226.1 233.4 241.7 252.6 265.8 280.7 295.8 310.6 321.9 330.5 343 364 380.9 393.7 405.1 413.7 425
537.8 533.6 528.3 522.5 518.9 517.1 514.6 513.2 511.2 509.3 505.7 502.1 490.8 475.1 462.7 451.7 442.8 438.7 431.3 433.6 433.9 431.8 431.7 427.7 421.9 414.1 411.7 409.1 407.2 403.6 398.5 397.1 392.8 382.5 367.1 364 349.1 340.1 327.8 314.2 298.1 285.2 272.2 255.7 239.7 221 200.4 195.1 190.2 189.2 189 188.1 187.4 186.6 186.2 185.1 184.2 183.8 187.5 194 201.9 209.4 216.9 224.8 231.6 238.7 254.1 269.1 286.2 297.8 313.3 325.8 342.9 357.6 370 380.3 393.8 404.7
540.6 536.9 530.3 525.4 524.7 523.3 524.5 525.7 522.6 522.1 518.6 514.9 511.1 500.6 492.3 485.5 475.6 466.1 462.5 466.6 466.7 464.5 461.8 455.3 445.6 436 426.2 422.1 421.7 421.6 416.1 418.5 412 406.6 391.2 383.9 380.7 368.2 351.5 339.3 321.8 302.8 288.5 270.9 263.7 249.1 227.9 219.8 201.4 187.9 187.8 187.5 186.9 186.2 186 185.3 184.5 183.7 182.7 182 185 192.4 203.6 209.8 217.1 227.1 234.2 247.5 263.3 276.8 294.8 311.4 325.6 340.6 352.5 365.2 375.7 385.7
546.6 537.6 532.4 531.6 529.3 531.1 532.5 532.4 533.3 532.2 529.4 525.1 521 519.9 514.3 508.4 502.9 497.7 492.3 493.8 498.5 498.5 492.6 485.1 475.6 462.3 451 446.9 438 432.1 434 435.3 432.3 424.4 412.6 401.8 396.4 390.9 374.9 360.2 343.1 327.3 301.1 291.3 285.5 276.4 257.6 248.3 227.8 194.2 188.7 188.3 187.6 187.1 185.8 184.6 183.3 182.8 182.2 182 181.5 181.1 184.6 196.4 207 214.6 221.6 230.9 243 256.2 273 291.5 307 318.8 332.1 344.7 356 366.4
545.1 543.5 542.3 540.5 537 536.4 537.3 538.2 539.3 539.4 536.2 533.1 531.5 528.9 524.7 520.3 516.1 513.9 513.9 515.1 512.5 511.9 509.1 503 493.4 480.2 469.5 459.8 449.9 450.5 446.4 443.8 438.4 432.5 424.8 416.4 403.8 398.3 383.1 371.2 356.9 347.4 317.4 315.2 310 305.4 298.2 287.7 251.8 210.7 193.2 192.7 191 189.9 186 183.9 183.2 182.1 181.4 181.1 180.7 180.2 180.1 185.8 194.9 202.1 209.6 220 229.1 239.3 251.5 269.5 284.7 297.2 309.7 321.9 333.7 343.5
550.7 548.1 545.4 544.2 542.2 541.3 539.3 541.8 542.7 543.2 541.2 540.7 539.8 537.9 534.2 530.2 526.8 525.5 525.6 524.5 522.1 521.9 520.8 510.6 503.4 491.5 476.5 468.7 469 462.2 455.8 448 437.7 430.1 424.4 417.8 408.4 391.6 378.4 370.5 362.6 354.8 345.4 345.2 344.5 343.4 337 328.7 265.1 231.3 206.8 198.3 193.9 190.3 187.2 184.6 182.4 181.3 180.8 180.1 180 179.3 179.6 179.6 184.7 193.6 200.3 208.2 216 224.4 234.4 247.7 263 277.4 290.5 302.3 312.2 318.4
551.5 548.4 545.3 544.4 543.9 543.1 542.6 543.9 546.6 548 547.6 547.8 547.1 545.2 542.2 538.2 535.2 534.9 533.5 531.2 526.1 524.5 522.4 517.6 507.1 495.7 489.2 481.2 471.2 464.7 460 450.4 440.3 430.7 422.9 414.6 407.7 394 390.2 381 374.1 370.7 372 374.2 371.4 366.4 352.9 317.6 266.5 237.7 212.2 201.6 196.8 192.2 189.3 187.8 184 180.7 180.2 179.4 179.7 179.2 178.5 179.1 178.4 181 188.5 194 201.7 210.7 220.8 230.9 244.9 257.4 269.7 281.8 292.1 292.2
551.7 547.6 543.2 542.9 542.5 542.9 543.8 546.6 550 553.1 554.5 554.8 554 552.3 549.8 546.3 543.3 542.1 539.7 535.4 528.7 522.8 519.8 515.6 504.8 495.1 487.6 478.9 469.7 468.6 461.9 455.2 448.7 438.7 431.5 418.1 409.5 402.9 394.3 387.8 379.6 374.2 367.6 361.1 354.5 348.1 326.7 293.6 271.5 240.6 231.9 233 223.3 216.3 209 203.5 199.8 188.1 180.3 179.1 179 178.8 178 178.1 177.5 176.5 176.3 178.3 190.6 198.8 208.3 217.8 228.2 238.7 249.1 258.5 264 269.6
549.1 544.7 541 539.8 540 540.7 542 545.3 548.5 553.9 556.3 559.3 559.2 558.5 555.6 552.4 549.1 546.1 539.4 533.6 526.4 519.1 513.1 508.1 499.7 490.2 484.9 477.4 471 468.7 464.8 457.3 450.2 441.3 433.7 422.3 412.8 403.8 395.9 387.1 378.6 372.8 364.8 357.1 345.6 333.8 316.9 280.3 251.3 261.1 266.8 267.8 262.2 251.3 244 237.8 228.2 214.8 197.7 179.5 178.8 177.9 177.2 177.5 177.1 176.1 175.6 175.2 178.8 187.4 196.5 206.6 214.1 219.8 225.8 238.4 249 254.6
541.5 538.1 535 533.3 532.9 534.6 537.7 541.4 545.8 550.8 553.2 558.8 562 560.9 558.2 554.1 548 540.6 534.7 529.9 523.2 516 508.5 501.9 494.6 489.4 484.5 479.2 471 467.6 465 457.3 450.2 442.5 435.6 425.6 416 405.1 393.7 386.9 377.3 370.4 362.6 354.5 338.5 324.3 302.2 275.6 280.9 289.7 295.2 301 302.9 294.1 284.3 269.2 261 244.1 226.1 207.3 191.4 177.7 177 177.1 177.2 176.4 175.4 174.9 174.8 181.4 187.6 194.4 200.3 205.9 212.2 224 233.2 233.2
533.6 529.9 526.8 525.4 525.2 527.7 531 534.7 539.9 543.4 547.8 553.3 559.2 558.1 555.4 550 543.2 535.7 528.4 524.3 520.2 513.1 505.3 498.9 493.7 488.8 483.8 475.9 469.6 463.7 461 453.6 446.9 440.7 433.1 426.1 414.6 402.2 392.1 384.8 373.9 365.8 355.4 346.3 336.9 328.4 298.6 307.8 317.2 325.7 331.1 336.5 341.1 347.4 329.7 308.2 298.3 280.3 252.8 228.3 212.4 195 176.3 176.1 175.9 176.2 175 174.7 174 174.6 179.9 186.2 192.2 194.7 198.9 205.1 210.9 208.5
529.5 526 523.7 521.7 521.8 522.4 524.4 527.8 532.2 537.6 541.9 547.1 548.8 550 548.4 545.4 539.5 530.8 524.9 520.2 515.3 510 503.3 498.3 494.2 488.9 485.4 477.7 470.1 458.2 449.7 446.4 441.1 429.7 425.9 421.4 405.7 394.7 383.4 373.8 361.7 351.5 341.9 331.1 326.9 327.5 326.2 331.4 338.5 345.5 352.5 359.4 362.8 359.3 364.8 349.2 334.2 316 295.4 256.2 232.7 205.1 180.1 175.3 175.1 175.6 176.1 174.7 173.4 173.3 172.7 176.4 180.4 183.5 186.2 187.6 189.2 186.4
524.7 521.7 519.4 517.4 517.5 518.1 520.9 524 526.3 531.5 537.4 541.5 542.9 542.9 541.6 538.2 533.9 526.2 519.9 515.6 510.9 506.2 502 498.4 494.6 490.2 485.9 480.5 471 460.6 453 444.7 431.5 424.5 412.3 399.5 390 382.3 373.9 373 357 347.1 339.2 344.2 347.9 350.9 347.6 350.1 357.7 365.3 372.1 378.9 384 385.4 392 394.1 375.1 360.4 324.5 291.2 248.5 213.5 189.3 174.9 174.6 174.8 174.5 174.6 173 172.8 173 172.4 171.7 176.7 177.4 176.3 174.8 170.3
520.9 516.6 514.1 512.9 512.9 513.3 513.7 516.5 519.4 523.6 528.1 530.6 531.4 531.3 530 527.2 524.7 519.1 515.2 511.5 508.2 503.7 501.8 498.4 494.4 490.5 486.3 481.3 469.7 470.4 463 457 447.5 437.6 426 414.5 410.2 402.2 389 369.1 356.4 360.7 363.5 368.3 371.2 372 369.5 371.3 374.8 383.3 391.9 398.8 404.3 410.4 417.3 426.3 420.8 387.3 342.2 317 264.2 225.1 200.7 178.3 174.8 174.4 174 174.7 174 173 172.7 172 171.6 171 170.3 170.1 169.6 169.5
515.8 511.8 509.7 508.2 508.2 508.8 508.9 510.7 512.3 514.6 518.3 521 521.4 521.2 519.7 517.6 517.1 512 507.9 506.9 505 502.5 500.7 498.2 494.3 490.5 487.5 484.2 481.3 477.6 469.9 470.1 461 449.1 439.2 428.6 415.1 406.9 393.8 379.9 384.2 384.1 388.2 392.2 396.7 397.3 391 390.9 394.4 400.6 409.8 418.6 424.8 432 439.5 445.3 452.6 403.8 378.3 319.8 262.7 236.1 212.2 186.3 174.8 173.5 173.6 174 173.7 172.7 172 171.5 171.2 171 170.6 169.9 169.3 168.7
508.4 507 504.5 503.6 503.6 504.1 504.6 503.8 506.1 508.1 509 511.9 512.4 511.9 509.7 509.6 507.8 503.6 504.4 503.9 503.9 502.2 500.1 497.8 494.4 491.8 490 488.7 486.4 483.9 479.8 474.8 467.1 458.2 453.4 443 436.2 426.8 411.3 394.1 403.8 406.7 412.5 416.7 421.5 420.9 414.1 413.2 420.9 417.5 426.7 435.9 445 452.2 456.8 460.3 462.3 429.6 394.3 335.9 274.3 244.1 218.2 196.1 177.4 173.4 173.4 173.4 174 173.1 172.7 171.6 171 170.4 170.2 169.6 168.9 168.6
503.9 500.8 499 498.4 498 498.2 498.5 498.4 498.9 499 499.4 498.7 499.2 498.7 499.9 501 498.5 499.4 500.5 501.3 502.7 503.2 501.1 498.4 496.3 495.4 493.2 492 489.8 486.9 482.2 477.6 471.9 466.2 459.3 454.7 450.1 443.4 422.8 415.5 425.6 429.3 432.8 440.8 445.4 443.9 437.2 435.8 441.8 439.8 444.1 452.8 459.6 465.3 469.2 478.5 483.1 458.8 399.2 336.1 287.6 252.9 224.9 199.2 183.4 174.8 174 173.9 173.4 172.6 171.9 172 172.4 171.5 170.1 169.7 169.1 168.5
499.6 496.8 494.7 493.7 494.4 495.6 494.7 494 492.9 491.7 491.9 489.8 490.6 490.6 490.7 490.7 490.7 494.6 496.7 499 501.4 502.6 503 500.9 499.1 498.5 496.2 494.3 492.7 489.4 485.1 481.2 476 471.4 468.3 463.7 461 457.2 447.5 444.1 447.9 451.9 453.4 459.2 468.6 467.7 460.3 456.6 456.1 458.4 459.6 459.4 462.9 468.7 476.1 481 486.8 463.6 401.3 349.1 296.2 257.6 230.7 206.6 190 182 175 174.6 173.6 172.7 172 171.4 171.1 170.9 171 169.9 168.9 168.4
494.6 490.9 489.9 489 488.9 489.6 489.5 488.1 487.5 487.3 485.4 484.7 482.4 480.3 481.2 480.1 481.3 484.6 491.4 494.1 496.8 497.7 499.8 501.1 500.4 499.8 499.8 498.5 496.7 492.2 488.2 484.4 481.2 477.1 473.2 470.4 470.4 470.9 465.1 463.8 467.4 473.9 474.1 471.9 473.7 477.7 472.4 466.3 463.5 461.5 460.3 459.4 462.2 467.3 474.9 479.9 487.7 443.1 385.8 341.7 307 266.3 237.6 212.5 196.5 186.1 177.3 175.2 174.1 173.1 172.4 171.9 171.2 170.4 171 170.9 170 168.6
488.6 485.4 484.4 484.2 483.9 484.2 483.1 482.7 481.3 477.5 478.6 477.6 475.6 473.8 473.3 472.5 473.9 478.8 485 489.5 491.7 492.9 495.7 499.6 502.5 501.4 501.2 501.5 499.4 495.4 491.6 490.2 486.2 481.9 479 476.4 475.6 476.1 475.7 477.2 477.8 478.4 478.8 479.5 479.7 481 478.5 472.8 467.1 462.2 458.4 455.5 459.1 465.6 470.1 473.6 441.5 402.3 365.7 331.8 299.6 265.8 239.1 217 197.6 186.4 176.9 176.4 178.4 179.8 178.1 177 175.3 174.7 170.8 170.6 170.8 171.5
483.2 481.7 480.1 479.6 478.4 480.8 481.4 476.4 473.9 471 468 466.7 466.1 465.5 465.8 466.4 468.5 472.6 478.4 483.8 486.7 489.2 492.3 496 499.5 503 503 502.9 502.8 499.4 495.9 495.3 490.8 487.8 485.1 482.8 481.7 480.4 480.1 480.1 480.4 480.9 481.2 481.7 482.3 484 482.5 477.6 471.3 465.4 456.6 452 453.9 456.8 459.4 450.2 403.2 372.9 344.3 317.9 289.5 259.6 235.9 216.1 195.2 182.9 180.5 183.5 184.6 184.3 185.1 185.6 185.5 185.5 185.5 186.1 185.2 183.1
481.4 479.5 477.5 476 473.6 472.9 470.6 473.9 472.3 466 463.9 462.9 462 461.3 462 463.1 464.3 466.3 471.4 475.6 480.3 483.1 486.2 489.8 494.2 498.7 502.7 504 504 502.6 499.5 497 495.6 493.6 490.7 488.2 485.6 483.8 482 483 483 482.5 482.4 483 483.9 485.4 486.9 482.7 476 469.6 457.5 448.4 444.4 444.7 440.8 409.6 374.6 350.6 326.5 301.2 274.9 248.3 229.1 210.4 192.4 182.6 187.3 189.1 191.1 192.2 191.7 193.5 195 196.5 198.9 198.7 197.5 196.6
480.6 481.5 481.2 478.1 474.7 471.6 468.8 467.2 465.6 466.9 468.2 462.6 461.8 460.1 460.1 460.1 460.1 463.1 466 469.1 472.7 476.7 480 484.1 488.8 493.2 497.4 502.2 505.2 503.3 502.3 502 501 499.9 497.6 495.9 492.7 489.1 486.4 485.5 485.6 484.9 483.8 484 484.5 487.5 489 487.2 482.9 475.7 461.5 448 434 429 405.5 376.2 349.1 326.9 304.9 281.9 259.4 235.6 218.3 205.5 185.2 188.5 193.6 195.6 199.2 201 203 203.3 204 206 208.4 209 208.7 209.8
480.9 485.3 486.2 486.6 483.4 481.7 476.5 473.1 471.2 471.7 470.2 467.6 465.7 462.7 460.1 460.1 460.1 460.2 463.3 466.7 470 472.2 475.2 479.2 483.5 487.8 491.3 496.4 501 503.8 505.3 506.1 506 504.7 504 502.5 499.8 496.3 492.7 490 488.9 488 486.5 485.8 484.9 486.9 494.3 491.6 489.8 482.5 468.5 451.2 431.5 409.6 366.2 346.2 324.2 304 283.8 263.6 243.4 224.6 213.7 197 186.9 194.9 197.9 202.1 208.1 212 213 214.9 216.1 222.3 223.7 223 222.6 222.3
479.9 485.5 488.9 489.9 491 490.5 487.1 483.1 479.7 476 473.9 471.1 468.5 465.8 462.7 460.1 460.1 460.1 460.5 464.7 466.9 469.2 471.1 474.3 478.3 482.1 486.9 491.8 497 499.9 502.3 504.3 505.3 506 506.5 506.1 503.4 499.3 495.2 492.5 490.8 489.2 487.1 485.2 482.3 482.7 493.1 494.9 491.9 486 472.8 456.4 416.7 389.7 333.6 315.7 299.2 281.1 263.8 249.6 234 223.1 211.3 194.5 188.6 198.8 203.6 207.5 213.8 219.1 226.6 234.1 238.2 242.6 243.1 242.5 243.3 242.3
481.4 486.6 491.6 493.7 493.1 492.7 493.6 494.8 489.1 482.5 478.4 475.8 472.7 469.1 465.3 463.3 460.1 460.1 460.1 460.3 463.7 465.8 467.9 469 470.6 473.9 480.6 487.9 492.5 494.6 496.5 498.6 499.8 502.2 503 502.1 500.1 497.3 494 490.6 489 486.6 483.7 481 479 482 488.9 487.1 481.5 477.3 462.8 441.1 401.4 342.3 316.7 293 277.3 267.3 252.9 240.6 232 222.5 212.2 195.5 193 202.6 208.5 214.3 221 227.7 240.2 252.3 258 266.5 267.2 267.1 266.6 267.4
484 492.2 495 497.5 498.6 500.6 498.8 495.4 489.9 484.4 481.5 479.7 476.8 473.5 469.1 466.1 463.3 461.2 460.1 455.9 460 461.9 462.6 463.7 464.8 466.7 472 478.6 483.5 485 487.8 489.5 492.3 495.5 496.1 496.7 496.9 495.2 491.1 487.1 484.7 481.7 478 475.2 475.1 478.4 481.8 461.5 448.6 435.1 424.5 400 363 319.2 295.6 280.1 262.9 254.7 246.8 240.1 232 222.8 215.2 198.5 200.3 207.6 214.2 221.6 230.1 239.2 254.3 263.1 271.8 278.7 285.9 289.1 293.5 295.9
485.7 493.3 498.7 501.2 503 501.2 500.5 496.5 490.1 486.8 485 482.7 480 476.5 472.2 467.9 466.4 464.2 459.9 456 454.4 457 458 458.3 459.2 459.9 460.9 464.6 468.6 473.2 478.4 482.5 485.7 491.3 490.2 490.6 492.3 490.9 487.1 484.7 479.8 477.4 473.3 469.9 470.5 471.7 444.1 421.3 407.8 396.1 380.8 349.7 320.6 293.3 276.1 264.3 249.4 245.4 240.7 235.5 229.8 222.3 215.2 202.6 204.4 210.9 219.2 228.7 241.2 255 266.4 276.4 283.9 290.3 299 307.6 314.9 326.3
493.7 494.6 501.2 501.9 502.8 502.7 500.7 496.6 489.6 487.4 485.4 483.2 479.3 475.7 471.6 468.6 466.2 465.5 463.4 459.9 455.3 451.3 452.6 452.6 453.1 452.5 450.6 452.4 454.9 460.9 464.9 474 479.7 482.6 482.8 484.4 484.9 482.7 478.6 474.1 471.4 467.4 465.1 462.9 464.4 430.7 406 389.9 377.6 359.9 339.6 312.1 290.8 269.1 255.2 245.4 238.2 236 233.6 230.3 224.7 218 212.5 202.9 208.7 217.8 227.3 241.9 258.4 266.5 275.2 287.2 299.2 306.6 312.9 322.5 332 339.5
491.4 496.1 500.9 502.2 502.6 503.4 500.1 496.5 491.1 488.1 485.1 481.6 478.4 475.4 471.3 469.4 467.4 465.3 461.9 456 454.9 456.3 454.9 448.6 442.7 443.1 441.5 436.6 435.3 440.9 447.7 452.3 460.5 468.6 474 476 477.8 478.4 474.2 468.1 461.3 451.3 445.6 435.7 408.4 388.7 372.5 357.5 343.7 326.8 305.1 285 264.5 248.2 238.9 227.4 227.8 228.5 225.7 224.1 221.2 214.8 207.5 212.5 220.6 229.7 237.3 249.8 262.8 273.4 285 298.6 311.5 321.3 329.3 342.3 347.8 354
495.6 498.2 501.5 503.6 502.9 503.5 499.9 496.2 491.9 489.1 485.7 482.8 481.6 475.8 471.6 469.4 467 465.6 464 459.5 460.8 461.3 459.2 454.7 450.8 446.6 441.3 431.5 414.1 416 424.7 429.4 437.9 448.7 456.6 463.6 469.4 471.3 466.7 448.9 437.8 427.7 416.8 400.6 372.6 354.8 339.4 324.8 313.1 297.1 277.8 263 243.6 233.3 228.3 217 219.3 220.7 220.6 218.8 216.5 205.2 207.6 219.7 230.5 237.4 250.4 261.1 273.8 285.8 298.4 311.3 323.7 333.1 343.5 355.2 363.3 368.7
499.1 501.1 501.9 503 504.7 504.2 501.5 496.6 493.7 492.1 488.9 484.8 481.4 476.6 471.7 470.2 470 468.5 466 460.7 465.2 465.9 465.9 463.7 460.7 456 450.6 442.8 429.2 413.7 394 403 411.1 417.8 430.5 439.2 438.3 435.2 427.6 415.9 406.5 398.2 386.5 360.4 339.8 320.6 311.1 295.9 282.3 271.4 254.5 240.8 232.2 223.7 216 214.9 215 214.7 217.1 215.4 207.9 208.5 221.4 230.2 241.8 253 265.7 279.5 294.6 306.2 319.7 330.2 341.3 347.6 358.5 366.5 375.7 383.5
498.9 502.7 503 504.8 507.7 505 501.4 497.5 495.9 499.2 493.2 489.4 484.3 476.8 473.6 472.1 471.8 469.3 465.6 463.4 467.7 470.3 473.7 474.2 474.3 468.5 461.8 452.8 437.7 423.5 400.3 378.4 386.7 387.1 394 396.1 399.5 396.6 393.3 388.9 384.4 376.2 358.4 328.5 309.5 294.7 284.1 272.5 257.1 242.7 232.1 225.9 220.7 217.6 216.5 215.2 213.4 212.5 211.4 209.5 219.7 232.8 241.2 248.6 262.1 277.6 289 303.8 317.4 332.5 344.1 352.4 357.8 365.9 376.8 384 387.8 395.9
