Game/Highland_Data/StreamingAssets/GeoData/Data/sj/SJ05.asc
ncols 200
nrows 200
xllcorner 300000
yllcorner 350000
cellsize 50
[rows 140 to 174 of 200, columns 0 to 77 of 200]
422.3 423 423.2 422 419.7 419.8 417.9 416.3 414.4 411.2 412.1 413.8 412 405.3 402.1 402 400.6 401.9 401.1 400.2 401.6 402.1 402 401.5 400.9 401.3 401.7 402.5 403.5 404.9 407.2 412.6 417.2 420.7 423.3 424.8 427.4 430.2 431.3 430.5 430.1 430 429.1 428.3 427.2 425.3 422.7 416 413.7 410.3 405.9 403.6 401.6 399.4 397.2 394.4 391.2 387.5 382.5 378 373.9 365.8 358.8 356.4 357.4 356.7 350.4 342.8 336.9 336 335.3 334.6 335.5 337.6 340.3 342 339.9 336.8
420.6 422.8 424.2 420.5 416.9 415.4 413.3 408.6 406.8 403.2 401.8 405.5 404.8 399.3 397.8 399.2 400.2 400.2 400.4 400.5 401.5 401.5 401.5 401.9 402 402.6 404.3 404.9 406.4 409.1 413.5 418.9 424.6 429.2 430.3 431.7 433.7 435.6 435.4 433.7 433.2 432.1 431.2 430 428.1 425.8 420.8 416.1 413.7 411 406.2 402.4 400 397.1 394.6 391.3 388.3 384.2 379 374.6 369.4 362 361.9 363.7 362.3 356.8 349.7 342.2 336.7 336.8 336.1 337.3 338.8 341.1 344.7 344.4 340.2 338.9
417.7 425.7 421.2 417.1 413.9 411.7 407.9 401.4 399.2 397.3 395.6 395.8 395.5 395 397.3 398.3 398.7 397.6 397.8 399.3 401.1 402 400.6 401.8 402.3 403.7 405.7 407.2 407.4 413.2 419.4 424.9 430.6 434.3 436.4 437.6 439.3 440.7 440.4 438.5 436.4 435 433.2 431.8 430 423.3 421.2 420.1 415.9 410.7 406.6 403.5 398.6 394.4 391.3 386.8 384.8 381.4 375.1 371.5 365.9 364.5 367.7 369.8 365.9 355.9 346.4 341.1 338.5 338.6 339.7 341.1 343.1 345.7 345.5 343.1 342 340.6
414.7 414.4 416.5 414.7 409 402.9 401 396.5 394 391.7 389.9 389.4 389.4 389.6 393.5 393.4 396.4 396.4 396.1 397.2 402.6 399.6 399.8 401.9 402.3 404.3 406.7 409 411.9 417.5 424 430.4 434.1 437.3 439.9 442 444.2 445.7 445.8 443.4 441 437.7 435.6 432.9 425.9 424.6 423.4 422.5 416.3 410.1 406 401.4 396.7 392.1 387.1 385 382.4 376.7 373.7 369.2 364.8 368.5 369.7 366.6 361.2 354.3 344.3 341.4 339.8 340.3 343.7 344.3 342.9 341.9 340 338.5 337.4 337.1
412.2 411 410.1 410.6 404 399.7 395.6 393 389.7 386.6 385.9 386.3 385.8 387.2 388 389.1 393.8 395.3 394.9 395.7 396.9 398.2 400.1 402.3 404.3 405.4 408.9 411.9 416.1 421.5 428.1 433.4 437.6 440.9 443.6 446.7 449 449.8 448.9 447.6 442.9 438.7 434.9 429.1 426.9 425.3 424.9 420.4 415.2 409.4 404.3 399.7 394.5 389.1 385.9 384.6 383.7 382 381.3 374.7 369 369.1 367.4 363 358.9 353.9 345.2 341.8 340.5 342.7 343.7 341 338.2 336.3 335 334.3 333.7 334.3
406.9 406.1 405.1 401.9 397.8 393.5 392 388.7 386.7 385.3 383.6 385.8 386.6 386.8 387.1 387.8 391.1 392.7 393.6 395.5 397 398.7 400.4 403.2 405.7 408.8 412.4 416.3 422 427.9 432.1 436.6 441.3 445 448.9 452.1 453.4 452.7 451.9 448.3 444.3 439.3 433.3 428.9 425.8 424.6 421.6 418.4 412.3 407.5 402.8 397.9 393.1 390.1 387.9 388.4 387.2 385.5 384.3 380.4 375.8 372.2 366.2 362 357.4 352.9 346.6 342.1 339.3 339.5 337.8 335.4 333.1 331.6 330.1 328.4 330.7 332.7
402.8 402.4 398.7 395 392.2 389.2 386.5 384.4 384.6 383.7 385.3 387 388.7 390 390.6 392.4 393.7 394.3 395.7 396.5 398.3 401.4 403.1 406 408.9 413.8 418.9 422.4 427.7 432.6 435.6 440 444.7 450.6 454.9 457 456.4 455.8 453.1 449.3 444 437.4 430.9 426.7 424 422 419.5 414.9 409.9 405.6 402.5 398.3 396.1 392.9 392.5 393.5 391.9 389.7 387.8 385 383 379.5 373.1 366.2 358.7 353.2 347.3 339.8 336.7 333.1 331.9 330.6 329.6 328.3 326.7 325 328.9 331
398.4 394.4 392 390.8 388.1 385.1 382.4 382.5 381.8 381.7 385.2 386.3 389.6 392.7 394 396.7 398.4 398.7 400 400.3 402.7 404.7 407.2 408.6 413.9 420.6 425.7 428.8 433.2 436.1 439.9 443.7 450.3 456.6 459.5 459.5 459 457.7 454.4 450.2 443.3 433.4 426.8 423.4 421.9 418.6 415.7 411.8 409.2 406.1 402.9 401.1 399.4 396.3 396.9 398.5 396.5 394.2 391.8 391 389.2 383.9 377.3 369.3 358.8 350.9 345.7 333 330.2 329.8 328.8 327.5 325.6 324.7 322.3 324.7 327.7 328.3
390.9 386.5 385.5 384.9 384 380.8 379.7 379.4 379.1 380.4 383.2 388.8 392.4 396.5 398.1 401.8 403.6 404.6 405.2 404.7 406.1 408.3 410.7 421 424.9 425.4 430.7 434 437 439.5 441.9 447.3 456.4 462.9 462.2 461.7 460.3 459.3 456.1 450.4 440.5 429.3 424.3 421.1 419.1 414.3 412.9 411.2 408.2 405.6 403.7 402.7 400.7 400.3 400 400.6 400.9 397.9 397.1 397.9 393 386.7 380.2 374 362.2 352.3 343.3 335 328.7 326.1 324.3 322.2 321 320.1 317.5 320 325.6 324.4
389.9 382.5 381.9 380 380.6 379.6 378.7 378 378.9 380.2 383 390.7 400.4 401.1 403.4 406 407.5 409 410.4 409.1 410 414.1 417.1 426.7 428.6 431.3 435.1 438 440.3 442.8 445.1 452.7 464.4 466.2 464.1 461.8 460.8 458.1 454.8 446.2 434.4 427.1 420 418.9 414.8 413.1 411.4 409.9 407.7 407.3 405.9 403.8 403 402.8 401.9 401.7 401.5 398.9 400.8 402.7 395.4 388.6 381 375.1 366.5 354.4 345.6 336.4 329.4 324.8 322 319.9 317.9 316.1 314.9 313.8 315.6 316.7
387.3 383.1 381.8 380.6 379.5 378.5 378.2 380 381.2 383.8 387.6 394.2 400.5 404.7 407.7 410.4 412.2 414.3 417.6 417.9 418.1 420.2 425.5 428.6 430.1 435.4 438.5 441.8 444.7 446.6 450.5 456.5 466.2 468.2 466.3 464.2 459.9 454.7 447.4 439.6 432.2 425.1 418.7 417.3 414.6 411.9 409.3 408.6 409.2 408.1 407 406.1 406.1 405.1 404.4 402.5 401 399 399 396.3 393.2 387.2 380.5 373.5 367.2 359.6 347.3 339.5 332.5 325.2 322 319.2 317.4 315.8 314.6 313.1 313.1 312.6
387.7 384 382.9 381.7 378.2 377 379.5 383.7 387.6 390.1 391 396.2 402.6 408.9 412.1 414.4 415.4 416.2 418.8 421.9 422.8 425.2 428.8 430.3 438.6 439 441.1 444.7 448.6 452.1 455.5 460.9 467 470.8 469.8 465.8 460 451.6 445.7 438.9 433.2 426.2 420.2 416.7 414.6 412.1 409.9 410.2 409.7 410.1 409.9 409.5 409.2 407.6 405.9 404.4 401.2 398.4 398 394.5 390.8 386.2 380.1 374.1 367.7 361.1 350 341.1 333.9 327.2 324.7 323 319.4 316.9 316.6 317.2 315 312.9
384.9 380.8 380.6 378.2 377.5 377.2 379.6 383.6 390.3 392.6 396.7 401.7 406.9 413.3 416.4 418.8 419.6 421.5 423.5 425.5 427 428.8 431.3 434 440.3 443 444.9 447 452.5 456.8 460.5 466.7 472.1 474.5 473.6 468.9 462.7 456.4 447.5 441.7 436 428.8 423.5 418.4 417.2 414.9 412.4 411.8 412.8 413.8 413.4 412.7 411.9 409.4 407.9 405.4 402.6 399.2 396.9 394.1 389.6 384.4 379.8 373.2 367.5 358.7 350.8 343.5 336.8 332.8 329.5 328.8 327.2 321.8 322 320.9 316.6 313.4
381.1 381 379.1 377.4 377.2 378.7 381.8 385.3 388.6 394.6 401 405.6 411.5 416.3 419.4 422.3 422.3 426.4 428.3 429 429.8 431.5 434 437.6 443.4 445.7 447.1 449.5 454.4 460.6 464.5 472 476 477.4 475.5 470.2 462.1 459.3 453.2 447 440 435.3 429.2 423.9 420.8 417.5 415.5 413.8 416 416.4 416.5 416.3 414.1 411.3 409.5 407.3 404 400.7 397.8 393.2 389.4 383.4 378.6 375.2 367.9 361.9 353.2 345.3 340.5 337 332.3 331.9 328.7 324.7 324.5 322.1 317.5 311.9
380.8 381.3 378.6 377.1 377.5 381.5 384.4 388.1 392.6 397.3 402.4 409.1 413.3 418.5 421.7 425.9 426 430.1 432.1 432.8 433 433.8 436.3 440.2 444 446.7 448.2 450.9 454.1 463 467.6 474.2 480.9 479.7 474.5 466.9 466.5 463.3 459.2 452.2 445.7 441.1 435.6 429.3 424.4 421.9 420.6 419.8 419.2 418.3 419.3 419.9 416.4 412.1 410.6 409.1 405.8 402.1 397.2 393.1 387.8 382.9 378.7 374.4 370.9 364.9 356.8 347 342.9 338.4 335.2 331.5 327.3 324.4 322.1 319.2 316.4 312.5
379.1 377.1 377.4 376 379.3 383 386.2 389.1 392.9 397.9 404.2 409.5 415.9 420.7 426.7 431.4 432.3 433.3 435.2 436.8 435.3 437 438 438.5 441.7 445.5 450 452.6 455.1 463.4 470.6 477.6 481.9 481.6 476.6 470.3 467.3 465 461 458.6 454.3 448.3 441.9 434.6 427.8 426.6 425.2 424.2 423.2 421.8 421.4 421.1 419.7 414.6 411.8 410.8 406.5 401.9 397.3 392.5 387.5 383.7 381.5 378 372.6 366.4 360.2 350.4 342.7 338.3 334.6 330.2 327.1 322.2 318.5 315.9 312.9 309.5
377.8 375.5 374 376.9 380.1 383.6 387 390.5 395.5 400.1 406.7 413.5 417.7 419.9 432.9 436.3 437.5 438.8 439.1 438.9 437.7 437.6 438.9 438.3 440.3 443.4 449.8 452.8 455.6 463.7 470.7 478.1 484.2 483.7 480.4 473.2 477.2 472 469.2 467.3 463 456.3 447.9 438.3 431.9 431 428.9 429.5 427 424.2 421.6 420.9 418.8 416.6 413.6 410 406.1 401.7 397.2 392.8 388.1 386 382.4 379.1 374.9 367.8 362.9 350.3 340.4 337.2 331.7 329.6 326 321.2 316.4 313.1 309.8 305.4
376.4 374.9 373.3 377.6 379.7 384.1 387.8 392.6 398.4 402.7 409.5 416.2 418.3 422.9 439.9 440.6 443.1 442.5 442.1 441.4 440.5 438.1 438.2 438.8 439.5 442.2 447.3 452.3 455.8 462.1 469.2 478.6 483.9 489.2 486.5 477.4 483.7 478.3 474.1 472.1 470.9 462.3 452.8 442.1 434 433.7 433.2 431.8 429.7 426.3 423.1 420.5 418.2 415.4 412.1 409.3 406.1 402.3 398 394.1 390.1 386.7 383.4 378.5 374.7 369.1 362.6 351.8 339.7 335.8 332.3 327.7 322.9 319.1 315.2 311 307.4 305.3
371.9 370.3 375.4 379.2 381.8 386.9 390.8 395.7 400.8 408.1 415.5 419.3 419.5 430.7 441 442.1 446.4 446.4 445.1 443.3 440.3 437.7 437.2 437.5 439 441.3 445.6 452.1 455 458.4 468.6 478.1 483.2 493.5 492.5 482.2 488.3 485.2 480 473.9 475.3 468.2 456.1 445.1 435.8 434.4 433.1 431.6 429.5 426.8 423.7 420.8 418.2 415.6 411.5 409.6 405.5 401.5 397.5 393.8 391.1 385.7 382.3 378.6 372.8 367.2 359.3 350.3 339.7 333.9 329.9 324.7 319.5 315.7 312 308.1 304.8 302.4
370.4 373 377.2 382.1 386 389.9 394.4 399.9 405.7 411.1 418.1 420.3 421.8 427.8 440.7 441.6 446.9 448.9 445.7 442.4 439.1 436.1 435.9 435.6 437.7 441.1 445 451 455 459.2 468.8 477.9 489.3 500 495 484.7 492.4 491.3 485.6 477.7 469.6 463.3 454.8 446.4 435.2 433 431.8 429.9 428 424.2 421.4 419.9 418 414.5 412.3 409.9 406 401.5 397.3 394.2 391.3 386.5 381.6 374.9 369.3 364.3 358 349.5 339 332.3 325.8 320.8 316 312.6 308.9 304.2 302.6 302.3
370.2 374.3 379.6 383.9 387.4 391.6 396.7 403.4 407.6 412.5 417.2 420.7 425.1 428.9 439.1 443.1 445.7 445.3 441.8 438.4 434.8 432.3 430.3 430.6 435.1 440 445.5 450.6 455.2 460.6 465.1 473.1 491.7 497.1 494.8 489.2 494.5 498.3 487.2 479.6 470.9 461.4 454.6 448 437.5 432.5 429.3 426.3 423.8 421.1 420 418.6 415.8 414.6 411.8 409.4 404.7 400.4 397.2 394.5 391.9 385.1 378.6 372 367 359.8 355.4 347.4 338.7 330.7 324 317.8 312.6 308.8 306.5 302.6 300.4 302
368.3 373.4 378.7 383 387.2 393.8 399.2 404.5 408.2 412.2 417.3 420.5 425.2 429.4 431.6 441 442.3 440.9 437.2 433.7 430.3 427.8 427 427.5 429.8 437.3 444.7 450.8 455.9 461 464.6 473.7 487.3 497.2 496.8 492 493.8 496.4 489.9 481.6 471.1 461.6 455.7 449.7 439.9 432.5 428.4 424.1 421.1 418.8 416.6 415.6 414.8 413.3 411.1 408.2 402.8 398.8 396.5 393.8 389.8 383 375 368.8 363.6 358.2 351.1 339.2 334.5 326.9 319.4 313.9 309.6 305.7 303.2 299.8 300.4 301
368.7 372.8 377.8 384.6 389.4 395.6 401.2 405.4 409 412.6 417 420.4 425.5 430.5 434.1 439.5 438.8 436.6 432.9 428.3 426.3 424.9 424.1 425.1 428.2 433 439.5 450.5 456.7 461.8 465.9 471.3 478.5 488.2 497.7 494.7 494.2 497.1 491.3 479.8 472.1 464.4 457 451.1 441.8 430.8 427.5 422.8 418.9 415.5 415.1 413.7 413 411 408.6 404.8 401.3 398.2 394.6 391.3 387.8 380.6 371.5 365.6 359.5 355.7 349.3 340.8 330.2 322 317.7 311.6 308.1 303.5 300.6 298.5 299.2 299.8
370.3 375.7 379.9 386.3 391.2 396.3 402.3 406.2 410 413.7 416.9 420.1 425.4 432.1 433.9 435.8 434.3 432.5 428.9 426.5 424.1 423.4 424 427.6 430 430.1 436.2 445.2 455.9 460.4 464.4 468 474.1 480 487.5 493.6 493.7 492.8 492.5 485.6 475.7 465.6 456.6 447.4 437.5 429.8 423.9 419.5 416.4 413.9 412.9 411.8 410.6 408.7 405.1 401.9 399 395 391.4 388.4 383.9 376.3 368.1 369 364.7 360 354.1 346 335.2 327.6 318.9 312.7 307.4 302.3 299.7 297.6 298 299.1
375 379.2 383.5 387.4 391.9 396.3 401.8 405.7 409.4 412.4 416.1 420 427.9 431.2 432.1 432.7 431.6 428.4 426.2 423.2 421.7 421.3 425.1 429.4 430.9 428.9 427.9 437 447.7 456.1 459.5 464 470 474.5 478.5 482.9 490.7 487.7 488 486.6 480 470.1 458.7 447 439.5 430.5 422.3 418.3 415.3 413.4 413.1 411.2 409.6 407.5 402.6 399.9 396.9 393.2 389.5 385.7 379.8 373.5 371.9 370.7 366.7 361.2 355.9 350.2 340.7 333.6 322.1 312.3 305.5 300.5 298.1 296.1 295.8 297.7
378.6 383.9 389 391.9 394.3 398.1 401.3 405.6 408.9 411.6 416.2 421.4 428.2 430.3 432.1 431.7 429.9 426.6 423.8 422.2 419.3 422.2 426.1 427.4 428.2 428 423 427.9 437.4 447.7 452.7 455.5 461.6 468 471.4 475.5 483.2 483.9 482.6 484.9 480.4 472.8 460.9 449.6 439.6 430.8 424 419.2 415.6 413 413.8 410.9 406 403.9 402.8 398.1 394.6 391.8 386.9 382.1 377.9 376.6 374.2 372.1 366.4 359.6 356.5 349.6 342.5 334.2 326.5 316.3 306.9 300.1 297.2 295.2 295.7 297.2
379.3 383.7 389.7 395.5 398.4 401.4 404.2 406.2 408.9 412.7 417.7 422.7 427.5 429.8 431.7 430.8 427.1 422.6 420.2 418.5 417.7 421.9 424.4 425.6 425 424.4 419.7 419.5 428.9 437.4 441.6 446.3 454.9 459.6 461 466.7 473.5 480.7 482.3 480.2 477 470.1 460.3 449 438.2 430.7 425.4 420 416 413.1 409.9 406.8 403.6 400.1 399.2 397 392.2 389.1 384.9 380.8 380.7 379.5 375.2 371.7 366.7 360.2 351.8 345.1 341.1 334.9 326 315.6 307.1 298.6 296.3 294.9 294.7 297.6
381.9 385.1 389.5 396.6 400.3 402.8 405.3 408.3 411 412.6 416.6 421.4 426.1 428.5 429.1 427.3 421.3 416 414.4 413.2 414.3 420.8 421.6 420.3 420 417.8 412.7 410.6 417.5 423.9 429 434.8 443.1 446.9 453.1 458.1 466.5 474.3 481.5 478.6 475.8 467.9 459.2 448.9 438.7 431.6 425.9 421.7 416 412.4 408.7 405.8 402.6 398.9 394.2 391.9 389.8 387.1 383.2 384.3 383.8 380.3 375.7 371.1 366.1 359.6 351.5 345.4 339.3 334 326.5 315.6 305.3 297.2 294.1 293.7 294.3 298.8
387.2 389.2 391.8 396.3 401.4 404.1 405.5 408.5 410.7 412 414.8 419.1 422.1 422.4 419.5 418.1 415.4 411 408.8 409.2 412.4 416.6 411.6 408.3 410.9 410.6 406.7 406.3 407.3 412.6 418.8 427.8 440.5 440.3 443.9 449.1 459.2 465.8 470.1 470.7 470.7 466.5 457.5 448.3 438.5 430.6 425.1 420.7 416.2 412.1 408.4 404.5 401.1 397.7 394.1 392.1 389.3 387.4 386.6 386.4 383.2 379.5 375.3 370.7 365.5 358.6 351.6 344 336.8 329.7 324.6 314.2 304 296.1 293.4 292.8 293.9 298
392.9 394.5 396.2 398.8 400.6 403.6 405.9 406.9 410.3 411.5 413.4 416.5 415.9 415.5 412.7 412.4 409.8 407.1 404.7 405 406.8 406.8 402.6 401.6 400.9 401.6 402.6 404.4 405.3 407.2 413.3 420.2 429.3 432.4 437.4 442.5 452.8 454.7 460 461.7 459.7 456.6 451.5 445.1 437.3 430.4 423.9 419.1 414.3 410 406.5 402.7 399.5 395.6 393 391 389.3 387.6 386.7 385.3 381.9 377.5 374.1 369.1 363.7 357.1 348.4 341 334.7 326.1 321.3 312.4 304.7 297.5 294 292.2 293.6 297.8
398.5 399.3 401.1 403.3 403 405.2 405.6 407.8 408.2 410.7 411.2 410.4 410 409.3 407.4 404.9 403.3 400.6 397.7 396.7 398.3 397.1 393.4 394.4 393.3 392.2 397.3 399.1 401.2 403 410.4 415.5 420.3 427.4 433.5 440.3 446.7 453.7 455.9 454.7 453.5 451.9 447.8 441.6 434 428.9 422.1 416.5 412.2 407.9 404.4 400.8 397.5 394.3 391.8 389.8 388 386.3 384.8 383.3 380 374.1 371.5 366.1 360 354 345.8 339 330.7 323.2 316.6 313.2 309.3 302.8 295.8 292 292.1 296.8
399.8 401.5 403.4 403.8 404.6 406.6 406.5 406.6 407.5 407.6 407.6 405.2 404.4 403.6 400.6 398.2 394.2 390.9 389.2 388.2 388.9 387.5 386.2 386.8 386.8 385.1 388.2 393 395.9 401.6 407.5 411.4 418 425.1 431.1 438 445.2 451.9 453.7 451.8 449.1 446.4 442.4 438.1 431.7 425.5 419.9 415 410.5 404.3 402.4 399.5 396.2 393.4 391.2 388.7 386.8 385.1 383.2 381.6 378.6 373.8 368.4 362.9 357.2 349.4 343.6 336.4 327.2 319.4 313.8 311.1 308.5 304.4 296.1 291.6 290.3 292.9
404.2 406.5 405.3 405.9 404.7 404.8 404.7 404.4 403.6 403 402.7 400.8 398.8 396.6 392.9 388.9 386.3 383.2 380.1 379.7 381.4 379.8 379.7 381 380.5 382.8 387.2 390.8 393.7 397.1 402.2 409.2 416.1 422.4 428.1 434.4 440.3 446.6 450 447.5 442.5 439 436.1 429.5 428 423.5 417.5 413.7 408.8 403.4 398.9 397.2 394.8 393.1 389.5 387.7 385.5 383.6 381.8 378.9 375.2 370.4 366.5 360.1 353.3 348.9 340.4 332.3 323 315.7 310.5 309 306.3 296.6 292.7 292.7 289.8 288.6
407.6 407.5 405.4 403.6 400.7 399.4 399 398.6 398.7 399.1 398.4 393.4 390 387.5 383.5 382.1 376.7 374.6 372.3 373.5 373 374.8 376.1 376.2 377.7 381 385.5 388.8 392.3 396 399.1 405.1 412.3 417.6 426.1 432 435.4 438.1 442 438 433.3 429.8 428 425.7 423.8 418.6 416.6 410.8 405.6 400.1 396.9 394.5 391.7 390.9 388.2 386.4 384.1 382.5 379.9 377 372.5 365.6 361.7 356.7 351.6 346.9 341.4 330 322 313.2 307.3 303.5 298.2 293.5 294.6 294.5 293.3 288.5
400 400.1 398.3 397.1 396.8 396.2 396.6 396.5 396.4 396 391.8 385.9 382 379.8 376.4 370.4 368.7 367.8 366.9 368.2 368.7 370.7 372.3 372.8 375.7 379.3 383.7 388 393.8 396.5 399.6 405.7 411.4 415.1 421.1 425.6 427.2 428.5 429 427.2 423.3 422.1 421 420.5 418.4 414.9 409.9 407 401.4 396.1 392.4 390.9 388.8 388.2 384.6 384.2 382.8 380.6 376.8 373.9 369 360.9 358.5 358.4 353.7 348 338.9 329.1 320.9 310.6 303.7 299 296.3 294 298.3 301.9 301 294.6
