Game/Highland_Data/StreamingAssets/GeoData/Data/sj/SJ14.asc
ncols 200
nrows 200
xllcorner 310000
yllcorner 340000
cellsize 50
[rows 140 to 174 of 200, columns 78 to 155 of 200]
124.5 124.2 124.1 124.1 123.7 124.4 120.1 122.8 125.4 124.9 123.6 123.3 123 122.8 129.3 129.2 122.8 122.3 121.8 122.1 118.4 123 124.7 124.2 122.6 120.6 118.2 118.8 122 123.9 123.1 122.2 121.9 121.2 117.8 125.6 135.1 149.7 161.9 182.6 212.6 228.7 231.4 229.8 229.5 230.1 225.4 218.1 223.9 222.8 206.9 206.3 181.1 179.6 163.7 146.4 133.9 122.8 117.5 116.1 113.1 122 139.3 146.2 149.9 153 156.8 161 164.1 171.5 179.7 187.8 184.9 182.5 177.1 162.9 147.3 140.4
127.7 127 126.4 125.3 125.1 123.8 124.1 120.1 120.2 124.2 124.2 124 123.8 122.4 122.3 122.3 122.5 122.9 122.2 118.4 122.8 126.9 126 125.6 123.4 122.5 121.5 120.5 117.8 119.2 121.6 122.1 121.5 120 117.8 129.5 140.6 154.3 164.1 185.8 215.9 231.5 237.7 236.3 234.4 237.3 239.5 236.1 234.6 236.1 227.3 210.4 203.5 199.4 188 172.8 157.2 142.8 128.6 120.8 116.1 113.1 120.6 137.6 146.2 148.5 151.1 154.4 157.8 163.1 168.6 176.3 182.8 183.8 176.2 168.6 161.3 140.8
130.3 126.9 126.7 127.8 131 129.9 125.9 124 122 120.1 124.4 124.4 123.7 123.1 123.1 123.1 123.5 122.5 118.4 123 125.1 129.2 128.2 126 125.9 125.1 124.2 124.1 122.7 119.6 117.8 118.1 117.9 117.8 127 136.1 148.6 154.4 166 192.8 216.7 227.4 231.1 238.6 235.4 242.2 247.5 245.9 243 242.2 243.6 237.3 229.9 226.1 214.2 190.4 176.2 165 154.4 136.9 122.8 116.7 113.1 119.5 132.9 143.3 146.8 149.2 151.8 154.7 159.5 164.9 174.4 183.2 180.5 173.3 162.6 145.4
135 134.7 135.2 135.8 136.7 137.5 134.7 129.7 124.9 124 120.1 120.6 121.6 119.2 119.2 119.2 119.2 118.9 127.6 130.1 131.6 131 129.5 127.4 126.2 128.3 126.5 124.2 123.9 122.9 122.4 122.1 123.1 127.9 135.7 145.2 147.8 151.2 154.8 172.9 191.4 208.5 222.5 229.1 240.9 249.1 254.8 259.6 258.6 259 259.7 253.6 247.4 233.1 225.9 207.2 198.9 189.9 176.8 156.5 136.8 123.5 116.5 113.1 118.6 126.2 139 145.4 146 148.6 151.1 156.6 161.9 172.2 179.1 174.4 162 153.4
150.8 150.3 150.2 149.7 150 146.5 144.3 140.5 141.1 138 134.2 128.6 126.3 125.6 125.9 125.7 129.5 130 131.9 134.6 133 132.7 135.3 133 130.8 131.9 130.4 126.4 124.6 127.9 129.2 129.4 130.6 133.1 144.5 146.5 147.8 149.1 151.7 156.9 170.2 186.8 204 217.1 234.1 249.4 256.6 258 260.3 260.8 260.1 258.3 250.9 248.8 246.6 219 202.5 189.9 178 164.8 146.1 133.7 123.6 116 113.1 114.9 120.2 132.4 139.1 142.7 144.7 146.2 149 156.3 165.5 167.6 167.8 162.7
171.3 170.7 170 168.6 168.8 167 163.4 159.8 158.4 155.4 153.3 149.7 147.6 148.3 145.3 142.4 145.6 137.8 135.7 137.3 136.6 147.5 147.1 139.5 137 136.5 135.2 134.5 138.7 141.2 143.3 139.6 138.2 142.2 144 146.3 147.4 148.6 151.4 156.5 162.6 169.7 185.2 195.6 214.5 235.2 249.5 257.9 260.7 262.3 266.8 264.7 256.6 254 253.3 236 218.2 207.2 196.1 171.8 152.8 139.7 128.1 123.6 115.4 113.1 116.3 118.5 128.8 133.7 136.4 139.6 143 145.3 153 162.5 163.6 162.1
196 198.4 197.7 193.1 191.9 189.2 185.3 182.3 180.3 178.5 174.2 168.3 164 158.7 154.8 153.6 150.6 149.3 147 140.5 146.3 148.9 149.3 147.4 146 147.2 149.6 149.9 147.1 149.8 150.6 150.2 145.1 144.6 146.5 148.5 148.5 150.9 152.4 157 162.1 168.9 175.7 184.2 196 214.9 232.7 247.8 257.2 257.7 257.9 262.5 260.7 259.7 257.9 255.5 236.3 221.3 213.2 184.3 164 144.1 136 125.9 119.6 116.1 113.1 117 117 123.1 129.7 135.3 135.8 137.8 139.4 144.6 149 151.8
220.2 222.1 220.9 215.3 210.1 209.7 206.5 209.4 209.5 197.6 186.8 180.3 177 171.2 168.6 165.8 163.8 158 154.8 147 154.3 155.5 154.2 154.7 156.4 155.7 156 156.2 153.8 153.5 152.6 152.5 151.9 152.8 154.4 153.6 152.1 153.3 155.3 158.2 162.4 168.3 175.3 184.4 192.4 201.4 212.9 226.9 236.6 242.1 243.5 247.4 250.7 250.4 247.6 247.7 234.5 217.6 206.7 189.1 173.6 153.8 141.8 132.9 126.7 115.5 114.7 112.9 116.4 115.9 115.7 119.8 123.4 129.2 132.6 132.9 131.7 134.8
240.1 241.8 240.5 235.9 231.5 231 228.5 226.2 222.7 216.6 200.5 190.3 187 186.2 183 179.4 176.8 170.8 162.5 153.6 164.4 165.7 165 164.1 164.6 164.3 164.4 165.7 166 161.8 162.8 162.1 161.8 162 162.2 161 157.9 160.3 159.4 160.1 163.6 168.5 175.6 183.5 191.9 198.2 204.9 210.7 216.5 224.4 228.4 232.4 236 235.8 233.1 231.1 221.9 205.9 192 179.9 172 165.4 154.7 141.3 134.3 126.6 117.3 112.5 114 115.4 115.4 114.1 113.4 114.1 113.3 115.1 118.8 121.4
260.6 260.3 257.4 251.5 248.3 246.2 245.3 244.8 237.6 230.5 218.9 208.5 203.3 198.8 193.2 188.1 184.1 178.2 168.9 161.1 174.6 174 173.8 175 176.6 179.3 179.1 181.3 181.3 177.8 176.5 177.1 178.3 174.4 171.8 170.7 164.4 168.7 167.8 169 171.8 175.3 178.1 182.9 188.6 194.9 201.1 206.8 211.3 213.9 216.7 216.1 213 213 208.6 206.1 196.5 185.1 175 168.8 165 159.8 151.4 144.2 137.8 132.1 125.5 122.9 113.3 112.3 111.6 111.5 111.3 111.9 111.6 111.3 111.2 111.3
274.3 268.8 265 263.9 262.2 260.2 259.9 260.6 257.3 247.8 235.4 224 219.7 213.3 204.9 196.4 186.5 180.2 166.6 171 187.2 194.8 201.3 201 200.1 200.4 197 197.5 195.3 192.1 190.7 190.7 188.3 185.3 181.1 174.8 173.5 174.5 178.2 181.6 180.5 181.9 183.4 183.8 187.3 190.6 194.6 198.4 202.6 208.5 213 212.2 205.4 200.1 187.7 179.8 173.3 169.4 166.1 163.7 159.9 154.2 149.5 144.2 139.4 131 118.4 123.1 126.3 123.4 120.9 120.1 118.9 115.3 114.4 115.8 115.1 113.7
281.1 278 277.8 276.9 275.8 273.8 272.8 272 268.1 257.7 244.2 235.7 229.5 224.7 215.8 206.9 190.6 178.9 159.9 177.4 202.9 211.6 211.8 213.4 213.4 211.3 210.9 211.6 209.4 208.9 204.5 198.5 194 191.1 186.4 184.2 184.4 184.3 184.5 180.3 183.4 186.2 187.3 185.7 184 182.4 183 185.8 188.1 194.7 202.5 206.4 199.2 188.6 180.1 171.6 165.7 163.6 161.3 157.7 149.4 142.7 137.5 132.6 125.1 129 133.8 133.9 131.8 131.5 128 124.9 122.9 120.2 116.8 116.6 116.3 119
293.2 291.9 291.3 289.5 288.7 287.3 286.9 284.5 277.3 265.1 250.3 242 236.5 229.2 219.6 206.5 188.8 175.7 166.7 184.2 210.5 224.8 223.6 230.1 233.8 238.2 235.2 235.4 235.3 232.8 223.3 211.9 204.4 195 191.6 188.4 188.7 192.5 195.2 195.3 187.3 181.1 183 181.7 178.1 175.2 175.1 177 177.2 176.8 175.1 174.4 173.3 168.8 163.6 160.6 154.9 144.7 142 139.3 132.4 131.4 134.8 138.8 140.3 141.3 141.3 137.9 135.9 135.2 134.8 132.7 132.4 130.5 128.3 127.1 125.5 126.5
305.6 303.6 304.4 305.3 303.5 300 297.6 292.4 283.5 273.6 258.6 237 231.8 228.1 218.9 209.2 192.4 178 171.4 189.8 214.8 233.8 245.4 252.4 255 254.4 253.4 249.6 245.9 240.1 227.5 216 207.3 201.9 199.4 192 188.7 192.5 193.4 190.5 185.9 177 175.4 175.1 173.5 170.6 170.5 168.3 171.1 169.7 167.1 166.1 161.2 155.6 149.7 146.8 149.7 155.3 156.8 157.6 159.2 160.1 156.4 165.2 158.3 153.4 149.4 143.1 144.3 142.4 142.5 142.7 141.4 138.9 139.5 138.4 139.2 139.8
318.6 318.9 320.1 317.2 314.8 311.2 306.8 297.9 289.5 279.9 265.8 249.4 237.7 230.8 217.6 205.2 193.3 180.5 170.1 197 219.7 240.7 261 265.6 265.5 264.7 263.9 264 262.2 254 235.8 220.5 210.3 205 201.6 195 188.6 185.8 184.4 181 179.3 177.6 175.9 174 172.7 171.1 169 167.2 166.3 165.5 163.9 164.5 164.1 165.2 165.7 166 166.2 166.4 166.7 168.6 173.2 171.4 168.4 168.7 167.3 158.7 152.2 153.3 151.9 152.6 153.9 152.2 149.5 148.3 148 147 147.4 151.6
332.9 330.9 330.6 328.4 324.2 319.2 314 306.7 295.8 285.6 269.9 256 246.2 239 229.6 211.4 199.5 188 172.8 201 225.3 248.1 270.2 274.8 275.7 277.1 275.7 277.7 272.5 266.2 251.1 228.6 213.7 207.1 202.9 196.5 189.4 185 183.5 182 180.7 178.6 176.9 175.9 173.7 172.6 170.6 169.7 165.5 168 173.9 175.5 175.6 177.8 181.8 182.8 182.9 183.7 182.1 181.7 182.9 179.5 176.7 172.5 169.3 164.5 161.6 162.4 162.4 165.4 167.1 165.5 162.9 161.5 160 158.1 155.9 161.4
342 341.8 340.1 336.1 332.7 327 321.9 312.7 299.4 286.1 269.9 258.6 250.8 242.7 234.3 220 205.6 192.6 178.3 202.4 226.6 251.6 278.8 282.3 285.1 287.8 281.6 276.5 270 263.9 253.9 232.5 214.4 204.7 200 195.2 189.7 185.9 185.7 183.8 182.4 180.4 178.7 177.3 177.2 177.6 176.6 175.6 174.1 175.1 181 189.4 199.8 196.4 193.9 191.7 192.4 193 192.1 194 196.4 191.9 188 183.6 177.9 175.7 174.5 173.3 172.2 185.5 189.4 186.7 182 180.3 179.8 179.1 179.3 180.9
353.4 351.5 348.9 345.2 340.5 334.3 325.1 315.4 303 290.5 271.5 261.9 254.5 246.6 240 225.2 210.6 196.7 182.5 205.2 231.2 257.5 281.3 288.2 287.7 288.3 281.5 274.3 269.4 265.4 244.7 234.3 221.8 204 196.9 194 189.9 188.8 187.7 186 184.2 184.5 183.5 184.1 185 185 185.1 184.4 183.7 182.6 185.9 195.8 209.3 216.9 210.9 208.6 207.7 212.8 216 216.9 214.2 210 205.6 202.6 197 193.1 186.8 184.3 187.1 204.5 215.7 213.3 205.3 203.8 206.6 208.2 209.8 211
362.7 360.7 356.8 353.4 346.9 337.3 328.2 318 306.2 295.8 277.3 262.9 256.1 249.2 242.1 229.2 214.2 203.5 187.1 204.8 235.3 263 287.1 293.9 291.9 291.5 285.7 276.3 263.4 249.2 238.7 229.8 221.1 203.4 196.1 193.6 191.3 191.1 189.7 188 188 192.5 196.3 195.9 196 195.8 196.9 195.7 196 197.7 202.2 202.9 217.9 225.9 230.2 231.2 237.5 248.1 252.7 251.4 245.1 241.8 235.8 229.6 221.2 215 208 204.4 202.5 222.7 234.7 239.6 231.7 234.4 234.9 237.8 242.8 248.1
370.8 368.8 365.4 358.5 352.7 343.6 334 324.6 313.6 300 280 266.7 260.7 253.8 245.1 236.8 221.6 210.8 195.8 205.8 240.4 266.4 289.1 298.5 295.4 295.7 286.8 274.9 261.9 251.4 239.4 227.5 217.3 203 195.5 193.5 194.3 193.8 192.3 191.9 194.2 198.3 202.6 206.3 208.5 209 209.2 209.6 210.2 213 216.1 218.7 224.3 232.7 246.8 256.9 268.3 275.8 282.4 284 280.8 275.5 269.2 264.2 255.1 247.1 235.4 227.6 227.2 234.9 247.4 255.5 256.9 262.8 266.7 268.1 279.1 280.9
378 376.1 372.7 368.8 362.8 354.8 345.8 335.3 320.5 301.2 279.2 269.2 262.5 255.9 247.9 236.7 226.1 215.2 194.5 213.7 242.7 267.3 291 301.4 297.3 297.1 286.6 273.1 261.6 252 243 234.2 223.8 205.6 198.2 193.6 195.8 196 195.4 194.9 201.2 208.3 214.4 217.9 222.2 224.2 225.4 227.5 228.8 231.1 233.5 236.3 239.8 248.8 258.1 276.7 289.8 304.7 313.9 314.5 308.3 301.1 295 289.1 286.2 280.8 269.8 257.3 254.7 262.3 266.7 270 275.2 287.2 292.6 296.5 299.8 301.4
386.3 383.9 382.1 379.4 374 367.1 356.8 345.4 328.3 309.5 287.5 270.2 263.1 256.9 248.7 236.7 226.6 218.2 199.6 224.2 249.8 270.5 293.8 301.8 299.5 295.3 288.8 277.5 264.4 253.3 244.4 236.5 226.5 212.1 201.5 201.4 198.6 198.2 198.2 198.6 208 217.8 224.2 231.7 238.3 241.2 246.3 250.3 252.3 255 255 257.3 264 272.8 277.9 287.2 303.4 326.9 337 336.1 334.2 331.5 323.4 314.2 309.8 301.3 291.7 280.4 280 287.3 293.5 302 295.8 303.9 313.9 319.2 320.9 324.1
395.4 393.1 390.7 387.1 380.5 372.9 361.9 349.5 335.8 316.3 296.1 277.5 266.3 263.2 252.4 243.7 231 222.3 201.2 227.9 254.7 276.3 296.6 306.4 302.6 297.6 292 282.9 272 259.8 251.9 239.3 228.2 217.3 207.3 199.1 199.9 202 201.7 203.3 215.7 228.3 237.8 247.4 256.1 263.2 271.8 276.7 280.4 282.1 282.9 287 285.1 292.4 301.3 305.1 315.7 334.4 337.8 339.7 340.4 339.3 336.9 334.6 330.7 329.6 317.9 307.1 310.8 317.3 327.2 332.1 328.9 330.5 331.7 340.5 347.5 351.5
403.7 400.7 397.9 393.1 385.3 374.5 363.4 352 339.4 321.9 300.6 285.1 276.8 268.7 260.6 249.6 239.4 226 203.4 232.9 259.8 278.7 297.9 308.9 306 303 298.7 290.6 279.8 271.8 262 249.1 229.8 221 213.1 203.6 204.3 204.8 205.3 208.1 225.2 238.4 251.9 266.9 277.9 285.4 288.8 295.4 302.2 308.5 310 310.3 307.2 306.7 312.8 315.7 322.6 339.6 345.6 349.3 351.2 349.9 348.3 344.7 342.5 341 337.4 334.1 341.6 348 355.8 363.8 362.8 362.4 356.7 354.4 357.4 358.5
411.2 409 405.8 398 388.9 378.9 367 352 337.1 322.1 298.2 285.3 278.8 270.4 262.2 254.5 243.4 229.5 210 237.1 259.8 280.4 299.5 312 313.9 311.7 307.3 299.7 291 278.8 269.6 261.2 238.5 225.2 216.8 212.6 216.1 215.5 209.1 217.6 235.8 252.2 273.3 290.4 307.5 313.7 315 317.4 326.6 338.1 338.3 334.7 331.1 326.4 330.6 336.5 346.4 360.1 369.9 374.4 375.7 375.7 371.7 372.1 371.3 368.1 362.8 358.1 360.1 366.7 371.3 372.9 375.4 375.8 378 376.5 369.3 361.3
416.9 412.2 407.7 400.1 391.3 380.8 367.2 352.2 334.8 316.7 296.3 283.3 277.1 269.6 263 257 244.1 227.5 215.8 239.1 259.1 279.9 301.4 317.5 325 322.8 317.2 309.8 298.7 288.3 272.9 265.2 245 234.4 229 225.1 224 220.1 212.4 229.5 248 268.6 295.4 319.7 331.9 336.6 341.9 341.4 345.8 349.9 354.3 361.1 358.3 352.4 354.7 361.5 364 371.7 382.2 386.3 388.2 386.5 386.5 386.4 385.3 381.4 379.9 378.5 379.5 385.1 387.4 389.1 386.2 385 384.7 381.7 376.4 373.1
421.1 414.2 410.6 402.5 393.3 382.2 368.2 351.2 332 312.9 293 280.2 273.1 267.6 262.3 256.5 243.1 228.3 215.1 235.4 261.8 285.4 308.2 326.9 344.5 343 336.1 328 310.5 293.7 276.9 266.9 255.4 248.2 241 234.2 230.1 223.7 214 238.6 260.2 283.7 317.2 335 344.2 349 352.3 358.4 362.7 369 370.3 372.3 379.2 376.3 375.5 378.4 378.8 385 389.3 398.3 398.9 401.1 403.8 403.2 401 396.9 395.1 392.7 389.7 392.7 395.3 393.4 392.1 390.7 388.1 384.3 377.6 373.3
425.5 416.6 411 403.2 394 381.7 365.2 348.8 329.6 310.1 290.9 276.6 270.7 265.8 260.8 254.8 240.3 229.4 219.1 251.1 275.9 296.6 321.7 343.2 363 358 351 345.8 335.6 319.5 296.3 274 262.2 254.8 248.6 242.3 238.4 229.4 218.6 246.4 271.4 299.5 330.8 342.6 348.6 357.9 367 367.8 367.9 373.7 376.7 380.8 385 387.3 390.6 393.2 391.9 396.7 402.2 411.4 415.5 414.9 413.1 410.4 409.4 405.6 404.8 400.1 400.8 402.1 403 399.9 400.9 395.2 389.9 383.7 376.1 368.9
424.2 414.7 407.2 400.7 392.6 378.5 359.8 343.6 324.7 305 288.1 275.7 267.4 261.9 257.4 251.3 241.6 230.7 248.7 270 290.9 312.7 337.5 359.8 378.6 372.8 361.8 354.7 351.4 340.7 315.6 292.3 275.3 263.9 256 250.1 244.2 235 222 251.6 279 309.5 334 345.3 353.7 366.6 370.5 375.6 379.7 384.8 389 391.4 394.3 400.4 400.7 398.4 401.4 403.9 413 419.3 427.9 427 425.1 423.1 422 420.1 420.8 417.4 414.9 413.2 409.5 402.6 399.9 396.6 392.7 386.9 380.6 364.4
422.9 411.8 403.1 395.5 386.7 372.6 355.8 336.9 319.9 301 286.4 275 266 259 253.7 246.7 234.9 258.5 272.3 289.7 309.9 332.4 359.2 384.9 382.5 375 370.1 367.7 363 353.6 333 305 284.3 270.5 261.7 253.9 247.6 240.3 223.3 252.5 282.1 315.6 330.3 346.8 359.6 368.8 376.5 381 384.4 393.4 404.9 409.9 413.4 413.9 414.3 409.8 408.6 419.7 425 430.6 429.8 429 426.6 424.2 424.2 423 420.9 419 417.5 415 412 405.4 404 399 394.8 390.4 381.7 363.1
421.7 411.5 401.1 390.7 380.2 363.7 347.9 327.9 312 294 283 274.3 264.8 255.6 248.8 240.1 252.2 271.9 291.5 311.2 332.1 356.1 381.4 400.4 385.3 377.7 377.5 370.7 361.7 354.8 348.4 320.8 292.7 276.4 264 255.3 249 241.2 225.5 251.3 283.1 315 334 352.2 364.7 370.8 379.1 387.5 396.5 405.4 419.2 423.2 429 429.2 428.8 427 421.8 425.3 432.8 433.6 439.5 441.8 441.5 440.8 438 435.7 433.5 428.9 426.9 417.7 412.6 405.5 402.8 396.7 392.3 387.7 380.7 360.5
419 410.6 398.2 385.2 369.9 353.1 334 317.9 300.7 285.6 278.2 272.4 261.4 252.4 245.1 245.8 266.6 288.3 311.8 330.5 353.4 377.6 398.6 401.4 394.2 385.8 377 369.6 365.5 360 353.7 336.5 312.1 286 271.9 262.6 252.3 244.5 228.1 250.2 280.7 311.1 338.5 355.8 368.4 379.7 392.9 409.3 416.7 418.8 420.9 425.6 430.2 434.1 436.6 441.2 436.7 434.1 442.2 449.5 450.5 451.7 450.7 449.3 444.5 440.1 435.3 429.8 424.7 416.4 408.2 401.2 396.4 393.5 389.4 383.1 369.5 360.1
403.9 393.8 381.5 366.7 351.8 336 321.1 308.9 290.7 279.8 272.5 267.3 260.9 248.4 244 262.7 282.4 304.5 329.9 345.9 366.8 388.9 404.1 406.1 402 397 387.3 379.5 367.8 360.7 354.8 342.2 324.1 302.2 283.3 271.8 262 250.6 234.9 249.8 277.5 306.4 335.5 359 377.6 391.1 407.6 420.1 429.8 431.5 427.9 435.5 444.7 450 451.6 451.6 450.9 447.3 451.3 455.3 456 455.3 453.1 449.2 445.9 438.1 434.6 427.1 419.4 410.3 402.5 397.5 391.3 387.1 382.2 371.4 362 356.3
383.3 372.6 360.4 347.1 336.2 323.7 310.7 299.7 284.6 276.5 267.3 263.2 260.5 246 255.6 277.9 298.3 325.6 345.5 355.1 376.1 396 408.3 410.2 407.1 403.8 392.5 386.3 376.1 368.7 358.2 347.7 334.1 314.2 295.6 279.1 267.3 258.3 242.9 255.2 276.8 304.5 334.5 361.6 385.2 402.2 415.2 433.3 442.6 448.7 444.3 443.3 455.9 456.1 453.6 456.6 458.1 458.2 456.3 456.2 456.1 454.7 452.5 446.8 438 432.5 426.5 419.5 405.4 397.8 394.2 385.8 379.2 372.2 365.2 359.8 353.9 350.2
363.6 353.9 344.2 333.4 323.4 311.4 299.7 290.1 279.3 270.5 263.3 261.1 257.5 251.5 271.7 293.3 316.4 340.5 358.9 371.6 389.6 407 413 413.8 410.1 406.3 396.5 388.4 381.9 376.5 368.5 358.4 342.8 324.7 302.8 281.7 270.2 259.7 246.2 261.4 277.8 303.9 335.2 362.2 387.4 409.1 424.1 440.3 452.7 454.9 453.4 453.8 454.9 463.4 466.4 466.9 466.5 465 461 459.6 456.8 452 449.5 445.4 432.1 426.4 422.2 410.3 392.1 387.2 383.6 374.3 367 358.4 352.9 352 351.3 350.8
