Game/Highland_Data/StreamingAssets/GeoData/Data/sj/SJ16.asc
ncols 200
nrows 200
xllcorner 310000
yllcorner 360000
cellsize 50
[rows 140 to 174 of 200, columns 80 to 159 of 200]
225.9 238.7 256 266.1 274.3 281.6 285.4 288.5 291.3 290.2 290.1 299.9 308.8 319.3 338.2 357.6 375.2 390.5 399.2 405.8 416.5 426.2 434.1 432.2 437.4 439.2 439.5 438.9 439.6 443.4 440.1 439.7 442.7 446.2 454.5 465.4 482.2 495.6 504.5 511.3 514.1 509.1 499 490 479.3 463.1 451.9 449.8 447.5 444.1 437.9 427.7 415.7 406.3 397.4 389.7 383.2 374.9 371 368.8 368.2 370.3 371.7 370 364.1 352.9 338.1 323.4 312.3 306.4 300.6 298.2 291.2 291.8 296 300.6 303.1 301.3 301.3 296.7
218 231.3 245.5 257.9 266.2 272.5 275.8 277.4 275.3 274.5 290.1 295.6 304.2 318.3 339 357.8 369.1 383.4 391.9 399 404 413.2 419.5 425.8 428.5 438.1 442.5 443.6 444.5 448.1 448.6 446.7 452.6 463 473.2 482.8 492.5 501.9 509.7 513.4 516.1 514.4 508.1 497.7 487.3 475.3 464.1 460.6 458.4 455.3 449.8 439 430.4 422.1 414.7 409.6 403.2 394.7 391.3 387.6 385.6 384 382.9 377.5 371.1 358.4 344 327 308.5 299.4 294.5 293.4 290.5 285.7 287.6 289.7 291.9 289.5 288 285
214.5 227.9 241.6 252.2 261.1 263.9 264.1 262.4 259.8 272.4 285.9 292.8 303.7 320.7 337 354.9 364.1 375.7 384.1 386.5 394.1 403 410.9 417.9 420.7 428.5 436.1 443.1 448.3 449 451.1 453.5 456.3 472.3 484.1 496.8 506.8 512.4 519.9 524.9 524.5 520.4 513 508.2 498.1 487.3 480.4 474.1 474.3 468.9 458.8 451.6 445.8 439.2 434.8 428.6 423.8 416.8 410.6 404.4 397.5 391.7 384.2 375.5 367.4 356.2 342.2 325.3 305.7 293.7 291.3 289.2 286.5 279.7 279.6 277.8 278 277.8 278.2 275.4
211.7 224.5 236 245.2 248.7 249.4 250.6 249.1 262.3 271.1 283.4 291.6 305.5 321.1 338.4 349.7 358.9 366 370.3 375.5 385.7 397.5 406.3 413.3 414.4 420.1 428.1 436.3 444 449.8 451.3 450.7 459.1 475.4 490.6 505.5 514.8 526.2 532.8 537.5 534.9 529 526.5 522.9 514.4 504.2 495.4 491.2 486.8 476.4 456.1 454.2 461.4 456.7 449.7 441.3 435.6 429.3 420.1 409.9 399.8 389.2 377.5 368.1 357 345.9 334.6 319.4 302.4 291.1 288.4 286.1 283.1 276.3 275.2 272.7 269.6 267.4 267.5 265.4
205.6 217.4 226.2 231.9 235.6 238.6 234.3 251.1 262 275.7 286.2 296.4 309.3 325.5 337.9 348 354.7 360.2 367.1 372.4 377.8 389.7 401.1 404.8 407 413.1 421.6 430.7 437.8 442.7 446 450.1 463.5 480.1 493.7 503.6 518.2 530.6 540.9 542.8 541.5 540 535 528.5 526.8 518.2 506.2 503 491.4 468.9 445.8 447.4 452.5 452.3 448.5 443.3 438 428.6 416.1 405.3 394.3 381.2 368.8 357.1 344.7 334.2 323.4 310.2 297 288.1 284.8 283.5 280.5 276.5 265.6 264.9 263.2 262.2 260.8 258.5
198.3 209.5 216.9 223.3 228.8 226.8 241.3 251.8 266.7 280.6 291.4 303.5 315.9 333.3 343.2 349.1 354.3 359.1 367.2 368.8 375.3 385.2 390.8 398.8 403 407.6 414 422.3 427.2 432 439.9 442.3 463.3 474.7 486.9 494.5 506.6 524.9 536.6 542.5 545.7 546.4 542.6 545.2 535.8 524.6 509.1 494.9 476.3 455.6 430.4 428.6 431.8 433.9 425.9 425.8 421.5 412.1 404.2 395.5 382.6 369.1 355.9 342.7 330.8 320.8 308.7 295 287.5 283.3 280.5 279.1 278 274.8 270.2 263.3 255.5 256 254.3 252.5
194.9 203.8 209.8 214.7 213.1 230.2 241.8 253.1 270 284.2 296.7 309.6 321.2 334.8 343.1 348.7 353 351.9 350.1 364.4 373.9 378.5 386.9 399.1 405.2 409.1 414.4 416.4 420.2 426 431.3 437.8 452.6 451.8 458.7 472.8 492 509.2 524.5 535.8 546.6 549.4 554.2 551.6 537.2 519 497.1 474.5 454.2 437.3 414.6 404 407.5 405.2 400.1 398.1 397.2 394 387.6 378 365.3 352.3 340.4 325.6 314.2 303.6 291.3 286.9 283.2 279.8 278.7 277 275.4 271.9 267.5 257.9 254.3 254.3 255.3 249.2
191.7 197.9 201.4 207.6 219.9 231.4 240.7 254.8 274.2 287.2 299.3 313.4 321.6 330.9 334.7 339.4 336.9 329.9 332.8 352.8 366.6 375.2 386.3 395.7 400.9 405.7 408.8 413.4 416.8 421.6 424.6 425.6 423.6 420.1 440.4 462 479.4 497.3 513 527.8 540.9 547.6 552.4 550.9 526.5 496.3 474.6 452.5 432.5 415.3 396.6 381.9 380.4 377.5 373.9 372.4 373.1 369.9 365.4 358.2 346.7 332.3 318.9 305.9 296.6 290.1 286 283.5 278.8 276.5 273 272.8 270.4 265.4 264.7 266.1 264 259.2 246.8 244.4
185.3 190 196.7 206.6 217.2 227.8 241.6 253.9 272.1 285 298.8 312.6 315.4 314.4 308.9 309.4 309.8 308.6 323.8 346.4 360.4 371.4 378.6 388.1 395 400.6 402.5 407.6 413.2 416.3 414.4 408 399.8 405.8 426.5 448.7 468 490.4 508.1 520.8 531.8 538.4 545.7 542.4 515.1 481.6 453.6 431 410.9 394.1 376.7 361.9 357.7 354.2 351 350.1 349.9 347.2 342.2 337.6 325 313.2 300 294.9 290.6 288.6 285.8 282.6 279.5 278.2 279.1 275.8 273.6 272.7 273 271.3 266 259.2 252.3 247.3
177.4 184.7 193 201.9 212.7 223.7 239.6 254.6 267.3 281.4 294.5 299 297.8 293.3 284.3 282.9 287.5 297.4 318.8 337 349.4 356 365.9 374.7 381.5 386.6 389.1 391.1 397 396.9 393.7 388.9 378.8 392.9 417.5 438.5 467.3 485.5 498.7 509.1 519.4 525.7 532.5 532.8 514.8 483.2 453.2 428 404.2 379.7 365.3 357.7 353.4 346.2 340.4 334.7 330.5 326 323.1 317.2 308.6 303.9 298.8 296.7 293.3 291.9 289.3 285 287.3 284.9 284.2 281.3 279.9 278.7 277.4 270.5 262.8 256.3 251.3 246.2
173.3 179.1 188 197.8 209 214.7 232.8 250.6 265.3 275.8 284 286 280.4 270.2 261 263 279.8 301 315.6 325.4 335.4 339.7 347.6 357.4 364.7 371.3 371.2 372.8 371.6 371.3 371.4 370.2 363.8 385 414.5 442.8 469.2 483.8 494.2 506.1 518 523.1 530.2 530.8 520.7 491.4 471 444.1 416.4 392.8 369.8 354.4 350 344 339.4 334.8 329.7 324.3 318.8 313.4 308.3 304.1 301.6 299.7 300.7 300.1 306.4 312.6 314.5 314.2 310.5 305 300.3 293.5 284 273.7 260 253.7 250.8 247.2
169.1 174.9 182.5 191 201.7 210.3 226 242.8 257.7 268.9 273.9 268.2 253.9 244 246.6 264.9 279.4 290.8 301.5 305.4 311.1 317.5 323.1 332 338.4 342.5 342.6 343.4 341.7 344.8 347.4 347.2 352.3 380.5 411.7 440.9 462.8 479.1 490 501.7 511.3 514.9 520.5 520.4 511.8 489.1 480.4 456.7 428 398.5 379.1 358.7 346.5 339.6 334.9 331.3 326.3 321.8 316.8 314.7 312.7 307.7 306.7 308.9 316.3 325.6 332.1 338.9 344.4 344.5 337.8 327.6 313.4 298.7 286 267.7 255.7 251.4 248.6 245.6
166.6 172.3 178.3 186.7 195 204.4 218.4 232.4 247.6 260 263.3 247.5 232.6 226.7 244 257.2 266.2 269.9 273.7 279.2 283.6 288.8 298.1 303.2 308.7 310.8 310.7 310.9 311.5 316.3 323.4 335.2 357.7 385.8 417.7 445.2 463.9 480.8 491.5 495.9 500.2 502.5 507.5 509 497.8 485.1 478.4 462.4 436 413.8 388.8 371.1 359.4 347.4 338.7 332.9 330.6 324.4 321.4 319.3 319.3 318.7 325.2 332.9 342 350.9 357.7 361.4 364.3 360 347.1 329.4 313.1 294.1 274.9 259.2 253.9 250.5 247.4 243
163.8 170.6 176.8 184.4 192.6 199.4 210.6 222.5 235.6 243.4 239.2 228.6 215.2 217.7 225 228.9 235 239.9 244.6 250.2 255.7 263 269.4 274.7 279.1 282.7 285.6 288.1 297.4 310.1 324.6 343.6 366.2 388.8 416 443.6 468.8 479.9 486.9 493.1 495.8 494.9 498.7 500 491.7 487.4 477.7 467.1 452.4 425.7 400.4 392.9 382.1 371.2 360.1 349.4 345.1 339.6 330.7 330.8 337.6 342.8 346.5 352.5 359.5 371.5 373.5 373.2 367.8 357.7 342.8 324.5 303.3 281.9 262.7 256.9 253.7 249.8 251.1 264.1
163.2 167.8 175.4 182.6 190.3 195.1 200.7 209.7 218.6 217.7 211.4 209.8 199 199.8 202.5 207.5 213 218.2 223.2 228.6 235.9 243 248.2 254.2 259.5 265.9 275.2 286.6 301 318.2 335.9 356.9 379.8 400.2 424.9 449.8 469.8 476.5 479.3 484.2 487.7 488 488.9 492 488.1 485.3 478.8 465.9 447.9 430.3 432.7 422.7 414.1 399.3 382.7 368 370.1 352 348.2 357.5 367 367.8 370.7 374.4 375.3 383.3 381.1 374.4 364.8 349.6 333.3 313.9 291.8 271.3 259.4 256.4 253.3 257.8 271.6 281.9
161.7 167 171.5 179.2 186.1 188.8 193.1 197 198.3 196.2 188.8 191.3 193.4 204.3 207.3 211.3 214.5 215.3 220.2 222.5 228.4 235.7 241 247 253.9 266.1 283.6 296.8 310.9 331 354.9 374.9 394.4 414 438.5 455.7 466.3 472.9 475.2 477 479.5 480.8 483.2 485.1 483.7 482.3 476 459.5 451.1 443.8 440.5 437.5 432.9 422.6 408 396.8 388.9 379.3 384.6 387.7 388.4 389.9 390.7 391.6 390.5 388.4 379.7 368.8 355.5 341.3 323.1 302.2 280.2 263.7 259.9 257.9 261.8 278.9 291.4 300.5
157.4 163.5 167.9 174.4 180.3 183.4 186.7 183.4 175.8 175.9 189.2 196.6 203.7 208 212.2 217.5 223.5 227.5 230.7 233.7 236.4 239.7 248.7 258.6 270.1 283.3 298.1 313.2 328.7 343 365.4 390.9 410.7 430 445.3 452.2 462 468.4 471.7 473.9 475.1 472 473.6 476.3 477.6 477.9 468.7 455.2 446.3 444 441.6 437.5 434.1 432 427.2 421.2 412.7 406.8 405.3 401.3 399.8 398.2 398.2 398.2 393.9 385.3 371.3 359.2 347.7 330.6 309.1 288.7 267.9 261.5 260.6 266.1 280.1 297.3 307.3 317.5
155.8 161.4 166.1 170.7 175.5 178.4 179.7 172 173.7 190.3 202.9 211.8 215.9 219.9 228 233.9 237.9 243.5 245.3 251.3 257.4 264.4 274 281 291.8 306.7 321.3 331.5 348.9 363.4 375.7 405.8 424.9 442 446 449.5 457 465.9 467.8 467.8 468.9 466.6 467.9 468.7 470.1 472.9 461.3 449.7 445 442.3 442.5 441.3 438.7 438 435.6 431.2 421.6 415.7 411.4 407.6 403.7 399.9 397 392.5 385 369.4 357.7 344.1 331 314 292.9 272.4 266.2 263.4 266.3 281.3 300.5 315.7 324.8 332.5
154.7 158.9 164.1 167.7 172.4 175.1 172.1 166.4 178.8 193 205.4 217.3 223.8 234.7 245.4 253.9 256.5 259.5 263.1 268.2 275 282 289.5 301.3 315.1 330 343.9 357.8 367.7 379.2 398.1 419.9 431.8 444.4 446.9 449.3 455.5 464.9 468.4 465.1 462.3 461.2 462.7 464 464 463.3 454 449.5 442.5 442.2 442.6 443.9 442.7 440.5 436.1 429.1 421.3 416.3 411.2 406.6 400.9 394.9 386.5 377.6 366.1 350.7 338.7 321.5 304.7 289.4 276.3 270.2 266.9 269.3 284.8 302.1 319.9 331.4 339.4 343.9
152.9 156.1 159.9 167 170.6 171.3 162.7 172.9 183.7 196.5 209.4 221.8 234.8 247.3 258.8 265.5 271.2 277.1 279.6 286.5 291.8 294.8 304.3 319.1 335.5 352.5 366.5 377.2 380.4 390.1 406.8 428.5 441.8 446 448.4 452.9 459.2 467.3 468.1 463.3 459.9 457.6 454 453.1 450.8 447.3 443.9 442.6 442.4 443.2 444.5 444 438.5 435.9 430.7 423.7 417.8 411.2 407.2 400.4 392.9 381.3 372.1 360 345.4 330.9 315.4 297.5 282.7 277.5 274.8 272.7 274.5 287.7 304 321.4 334.5 345.1 350.3 350.6
149 152.3 156.7 163.4 168 164.3 158.9 177 186.2 197.9 210.3 227.5 243.3 258.5 269.8 279.8 287.2 291.9 294.1 298.2 303.5 305.9 314.6 330.1 342.9 361.9 379.6 388.3 392.2 397.8 415.7 435.8 450.8 455.8 455.7 460.2 462.8 466.7 468.8 463.9 459.2 457 452 448.8 447.8 444.4 443.4 443.9 445.8 448.9 448.4 445.5 440.5 432.9 427.6 418.8 408.5 396.1 389.5 381.7 372.1 363.1 349.9 336.2 323.3 307.3 295.2 289.5 282.2 279.5 279 285.2 292 306 320.8 336 348.7 352.6 356.7 354.4
145.1 146.7 149.6 154.8 162.9 154.1 167.8 175.6 189.2 202.2 215.6 231.8 249.5 265.3 280.1 294.4 302.1 307.3 310.1 313.5 314.6 317.7 324 336.9 346.4 358.1 378.1 394.4 402.2 405 421.3 440.5 454.3 463.9 465 464.7 466.1 473.6 470.5 463.8 459.9 457.2 451.2 443.4 444.7 446 448.8 451.2 451.2 451.2 450.5 446.2 441.5 433.4 427.6 419.4 405.4 392.1 368.7 357 345.3 336 326.5 316.8 307.6 302 296.7 288.3 286.8 288.8 293.6 304 311.1 323.1 339.8 351.7 359.2 360.5 360.9 356.8
138.8 136.3 140.1 148.2 150.8 150.2 166.8 176 191 204.7 218.4 235.6 255.3 272.3 290.8 303.8 316.2 324.2 323.8 324.8 325.6 326.8 331.7 339.5 347.3 352.1 363 383.2 399.8 412.3 428 441.4 455.7 463.7 470 471.2 468 472.8 467 464 458.7 452.4 446.6 441.8 432.8 438.9 444.9 447.9 451.2 452.5 450.6 446.2 440.1 433.3 424.4 416.9 404.8 395.6 382.6 361.9 343 329.2 319.6 313.8 306.6 300.5 296.2 297.2 306.3 309.8 315.6 325.3 333 344.5 353.3 363.5 367.8 367.3 362.9 357.1
138.9 144.7 147.8 147.2 149.2 154.3 165.5 175.2 189.1 205.4 220.8 236.4 256.9 278.3 297.9 313.7 323.9 329.9 331.4 333.1 329.7 332.3 335.8 334.6 335.5 338.1 350.6 370 391.9 408.9 426.9 442.8 454.7 462.6 465.3 466.1 464.2 462.3 460.6 455.8 451.5 446.6 441.2 434.7 430 429.5 437.8 441.9 444.4 446.9 443.6 439.5 436.1 428.6 421.2 414 404.8 398.2 390.3 376 354.7 337.3 324.7 320.2 316.5 318.6 319.4 326.3 329.6 333.8 337.9 344.9 351.3 359.3 366 370.1 370.1 368.3 362.3 354.6
139.5 143.4 147.1 149.7 152.6 156.5 162.9 172.5 189.7 204.5 220.3 236.3 255.8 277.3 302.7 319.9 330.7 336.2 337.2 331.7 323 314 309.9 311 315 319.1 334.8 358.2 379.3 401.5 420 440.9 451.4 460.5 463.6 464.9 461 458.4 453.8 450.8 448.9 443 434.4 427.9 423.1 418.8 429.4 434.7 438 439.5 437.8 431.6 423.9 419.1 414.7 409.1 407.7 402.5 394.3 379.2 362.4 346.9 339.6 340.4 336.2 337.9 340 345.1 348 351.6 354.1 355.8 364.7 370.9 371.6 370 369.4 366.8 360.5 350.7
136.3 139.4 143.5 146 149.6 154.5 160.7 168.3 185.8 202.6 220.4 235.9 250.1 272.2 298.8 316.6 328.4 334.9 334.4 322.2 304.1 289.3 284.1 287.6 293.3 300.6 323.3 345.5 370.5 397 415.2 434.8 447.5 455.6 459.3 460 459.2 453.8 448.6 443.8 439.5 430.9 422.9 417.3 413.4 405.9 415.7 422 425.8 426.2 425.4 418.6 412.5 407.5 405.9 404.4 405.8 401.1 390.8 377.5 368.6 360.9 358.4 355.4 352.3 355 358.9 360.2 367.1 366 363.5 371.4 374.2 374.1 373.4 372.1 368.6 362.8 358.7 347.7
137.6 139.5 141.2 143.4 147.4 152.3 158.5 165.7 180.8 196.4 211.8 234.4 249.4 266.7 290.8 311 327.5 329 322.8 306.2 283.4 268.1 264.6 270.2 279.5 301.1 326.4 349.3 371.8 393.1 414.1 429.2 443.1 448.4 452.3 453.1 454.7 448.6 440.9 435.1 428.4 421.5 412.2 405.9 403.5 399.4 398.9 405.7 405.1 407.2 405.4 401.8 400.8 400.2 399.9 399.7 399.4 394.4 391.8 387.7 380.2 376.3 371.1 369.6 370.2 370.7 372 376.7 378.7 378.9 377.6 378.3 378.5 378.1 375.1 373.2 366.7 359.9 353.6 341.2
137.2 140.6 142.4 144.1 144.8 149.7 156.5 165.1 175.9 192 206.2 227.3 244.4 263.6 282.4 303.4 317.9 317.5 306.7 286.9 262.8 250.5 264.9 280.1 295.7 313.6 333.3 348.4 361.7 379.5 398.3 414.8 433 445.1 447.6 450.6 449.9 442.6 435.7 430.4 425 417.5 406.4 397.9 389.6 386.1 385.9 386.5 386.5 383.5 385.6 382.3 386 388.6 389.8 390.2 390.7 391 391 388.1 389.1 385.3 387 386.5 385.3 381.7 383.5 388.7 390 387.1 386.4 384.9 383.6 379.5 375.6 371.1 365.5 357.6 347.6 331.9
136.9 140.5 143 145 146.3 148.4 154.6 161.8 170.4 185.2 200.7 217.6 237.9 256.7 271 289.4 304.7 302.7 288.8 265.5 242 251.7 271.7 289.1 305.2 316.4 330.3 340.8 352.4 360.9 375.6 392.9 411.3 433.6 446 449.9 450.6 445.9 437.2 427.4 422 412.3 400.1 389.8 381.3 378 376.1 375.4 373.7 369.7 371.6 370 371.6 369.6 368.5 370.5 375.2 383.6 390.5 395.3 395 393.9 392.3 391.5 389.3 387.2 391.3 395.2 395.3 393.8 391.1 387.2 383.5 380 374.4 368.5 361.9 351.4 335.4 325.6
137.8 140 142.4 145 147.3 147.4 153.1 159 166.8 178.1 191.3 207 227 244.5 261.4 277.9 289 283.9 268 248 231.4 251.3 271.6 286.1 303.6 313.8 319.4 323.8 328.9 338.6 356.1 375.6 404.5 427.7 443.5 451.4 452.6 448.3 440.7 432.8 419.4 405.4 391.4 381 374.3 372.3 370.6 368.1 364.7 362.6 362.3 362.1 361.2 359.7 357.5 358.1 363.8 376.6 387.7 395.3 394.6 395.1 395.2 394.4 394.5 392.5 392 393.8 395.3 393.6 389.4 385.3 381.4 377.5 373.9 366.3 351.1 337.7 331.3 323.7
137.3 139.5 141.6 144.1 146.5 148.1 151.7 156.9 163 171.4 182.2 196.6 214.9 231 248.5 260.8 267.5 262.5 245 227.2 231.4 250.2 264.3 275.8 285.8 291.5 296.1 300.8 308.2 326.2 347.4 374.2 402 425 439 446.8 453.2 453.3 449.6 439.1 426.1 413 397.6 385.4 375.1 371.2 368.3 365.5 363.4 360.8 359.5 356.9 356.1 355 353.1 352.1 355.5 366.5 381.8 391.8 392.8 393.2 394.8 394.3 393.7 391.4 386.3 388.3 387.5 385.4 382.3 379.6 375.4 365.4 353.9 343.8 337 332.3 326.7 317.8
136 139.1 141 143.8 147.1 148.1 150.6 152.6 156 159.7 173.3 187.5 201.8 216.6 233.8 242 245.1 241 221.9 212.9 231.9 242.6 252.1 260.7 262.5 267 277.4 295.5 313.2 336 359.2 379.7 403.1 420.6 432.5 441.9 449.7 453.4 451.8 445.5 432.8 420 408 391.6 380.4 375.2 372.7 371.2 368.7 365 363.2 361.2 357.5 351.4 350 347.5 345.4 353.1 367.4 379.4 388.2 391.3 393 389.5 384.2 377.7 376 371.2 370 368.5 362.2 355 350.1 342.7 334.2 329.1 327 322.5 313.3 304.1
135.2 137.8 139.7 142.8 137.4 133 136.1 140.2 148.8 151.9 159.6 174.1 187.4 203.2 214.4 223.6 225.3 217.9 201.1 216.7 223 227.4 233.6 238.8 255.9 271.6 284.8 299.9 317.5 339.5 361.1 379.9 397.8 411.7 424.9 436.9 444.8 449.2 449.6 448.6 442.3 432.9 422.8 412.1 398.7 388.2 381.2 380.2 380.2 378.5 376.8 373.9 366.7 362.8 354.2 340.6 338 339.6 353 362.5 369.2 372 372.1 371.3 366.1 360.6 361 355.9 350.1 342.2 335.6 328.1 321.4 314.1 310.2 304.3 301.9 295.9 290.6 288.3
133.7 134 131.1 129.7 128.5 136.5 147.1 151 154.4 160.5 163.3 159.7 169.6 188.1 197.2 203.1 200.5 196.7 188.9 200.2 204.2 212.9 219.5 230.5 241.3 257.9 275.9 296.8 318.1 341.1 358.5 378.8 391.6 403.6 414.4 428.2 439 446.9 449.4 450.1 448.2 443.1 434.7 421.1 417.8 408.6 403.7 399.2 394.3 392.6 391.6 387.3 376.4 370.1 355.4 335.5 332.3 330.8 337 341.1 346.7 351 350.1 349.9 346.1 339.9 332.3 326.3 317 310.4 304.6 298.4 292.3 286.9 280.1 277 272.8 268.9 264.7 262.2
116.9 119 122.8 126.9 137.7 143.9 148.1 150.9 154.7 160.7 166.8 169.7 164 171.5 183.5 177.8 181.1 186.8 195.4 204.9 212.4 218.9 218.2 221.4 232 244.3 260.5 281.8 305.9 332.7 350.5 373 389.8 399.1 409.4 422.4 435 441.9 447.4 450.5 454.3 450.7 439.2 435.2 433 429 428.1 425.1 420.3 413.4 404.9 397.9 386.1 373.9 356.8 337.4 328.9 321.5 321 322.4 325.2 327.5 329.7 327.4 323.2 318.6 310.4 303.3 295.8 288.8 281.4 274.7 270.8 266.7 264 261.2 257.5 254.9 252 250.4
