Game/Highland_Data/StreamingAssets/GeoData/Data/sj/SJ17.asc
ncols 200
nrows 200
xllcorner 310000
yllcorner 370000
cellsize 50
[rows 0 to 34 of 200, columns 78 to 155 of 200]
105.5 100.3 97.3 101.2 101.7 101.1 100 99.6 100.5 101.4 100.6 98.3 95.8 95.2 94.6 92.7 92.4 92.3 91.8 90.9 90 89.9 89.6 90.1 89 89.4 90.9 90 88.9 87.5 84.6 84.7 83.2 76.5 72.5 68.4 58.2 50.2 47.5 50.6 47.7 49.1 47.7 44.4 43.5 41.4 40.8 37.4 35.1 23.3 7.8 6.6 5.3 5 4.4 4.1 4.5 10.5 4 4.4 4.7 3.9 3.7 3.4 3.5 7 2.1 -2.6 -2.6 -2.6 -2.6 -2.6 -2.6 -2.6 -2.6 -2.6 -2.6 -2.6
102.5 101.9 100.3 105.5 104.4 103 102.2 102.3 104.1 104.8 102.6 99.6 97.4 96.4 95.3 94.3 93.7 93 92.2 91.5 90.8 90.1 90.4 89.9 89.4 90.2 90.7 91.4 90.7 89 85.9 82.2 78.9 76.7 73.9 71.6 67 60.7 57.8 56.6 54.7 54.4 50.4 48.5 47.5 44.7 43.4 39.7 35.2 31.8 12.8 7.4 6.9 5.9 4.5 4.4 4.6 5.3 5.1 4.6 4.7 4.5 4.3 3.9 3.8 3.8 3.1 -2.6 -2.6 -2.6 -2.6 -2.6 -2.6 -2.6 -2.6 -2.6 -2.6 -2.6
106.3 103 103.5 106.6 106.2 104.9 103.7 104.2 105.4 106.1 104.8 101.7 98.2 97.4 96.2 94.9 93.7 93 92.1 91.4 91.3 90.7 90 89.5 89.9 90.8 91.5 92.4 91.4 89.4 87 84.4 84.4 83.1 78 73.2 68.5 64.9 62.4 59.9 57.7 55.3 53.7 52.6 50.2 47.3 43.9 40.1 36 32.8 21.9 7.1 6.8 6.8 6.2 4.8 5.9 4 4.6 5.4 4.8 4.3 4.6 4.1 3.8 3.7 3.6 3.8 8.1 -2.6 -2.6 -2.6 -2.6 -2.6 -2.6 -2.6 -2.6 -2.6
107.6 104.2 106.7 107.6 105.8 106 105.5 105.6 105.9 106.6 105.3 102.8 99.4 98.1 96.7 95.4 94.2 93.2 92.3 91.9 91.5 91.1 91.1 90.9 90.5 91.3 91.9 92.8 92.4 90.6 87 85 84.3 84 82.5 76.5 71.1 69.1 65.8 61.2 58.8 57.3 55.1 53.5 51.8 48.3 43.4 40.6 36.5 34.3 29.5 11 6.8 7 6.5 5.8 4.9 4 4.1 3.9 4.8 4.3 4.5 4.2 4.5 3.9 4.1 4.3 4 4.7 -2.6 -2.6 -2.6 -2.6 -2.6 -2.6 -2.6 -2.6
107.1 107.1 109.2 107 108 107.4 106.2 106 106 105.9 105.7 103.9 100.7 99.1 98 96.4 96 94.8 93.2 92.8 92.3 91.9 91.9 91.4 91 91.9 91.5 94.1 93.2 91.8 89.3 87.1 85.1 84.1 83.9 80 75.8 69.3 65.8 65.1 61.6 58.8 57 53 51.3 49.3 46.5 42.9 39.8 35.4 32.2 25.2 8.5 6.1 6.2 6.6 6.5 4.6 4.2 4.2 4.3 4.4 5.5 4.3 4.3 4.2 4.5 4.2 3.9 3.8 3.9 8.1 -2.6 -2.6 -2.6 -2.6 -2.6 -2.6
107 110.9 110.4 109.7 108.3 107.6 106.6 106.6 106.6 105.8 105.9 104.2 101.9 99.5 99 98 97.9 96.2 94.6 94.3 93.8 93.2 92.8 92.4 91.8 91.9 92.4 94.6 93.4 91.9 90.5 88.8 86.5 82.6 83.1 78.8 74.8 71 68.4 67.1 63.5 61.4 56.2 55.7 53.1 48.3 47.4 44.3 41.3 38.3 34.9 32.1 23.5 8.4 6.2 5.8 6.1 6.6 5.8 4.5 4.3 4.5 4.2 5.7 4.3 4.6 4.6 4.1 4 3.9 4 3.9 3.3 -2.6 -2.6 -2.6 -2.6 -2.6
112.4 113.3 111.7 111.2 110.5 109.6 108.3 107.7 107.3 106.4 105.9 104.3 102 100.3 100.3 100.6 99.4 98 96.3 95.3 94.9 94.4 94.7 93.9 93.2 93.2 92.8 93.6 93 92.6 91.7 90.2 88.4 85.2 80 80.9 76.4 73 70.1 68 67.5 61.9 55.6 55.8 54.9 50.4 44.4 44.6 42.8 39.9 37.4 33.2 31.8 23.6 7.8 6.9 5.3 5.2 6.4 6.8 4.1 4.4 4 4.4 3.9 5.4 4.5 4.1 4 4.1 4 3.9 3.9 3.5 8.1 -2.6 -2.6 -2.6
115.6 115.1 112 112 112.5 112.6 110.6 108.7 107.9 107 106.2 105.1 103.7 102.4 101.6 101.9 100.9 99.2 98.6 97.1 96.6 96.8 96.6 95.8 94.9 94.4 93.7 93.4 93.5 92.8 92.3 90.9 89.5 86.5 78.7 81.6 78.1 73.5 69.8 66.9 64.6 62.8 57.5 55.8 52.9 50.3 45.3 45 43.8 41.7 40 38 34.7 32.5 22.3 7.8 9.7 5 5.2 5.4 5.8 4.8 4.2 4.9 4.7 4.6 5.5 4.2 4.1 4.1 4 4 4.2 4.3 4.1 4.8 5.8 -2.6
116.8 116.7 114.2 113.8 114.1 114.2 112.8 110.7 109 108.3 108 107.4 106.4 105.5 104.6 103.5 102.2 100.5 99.7 99.7 98.8 98.8 98.5 97.8 96.1 95.4 94.7 94.1 93.8 92.9 91.7 90.8 89 85.7 79.4 76.7 77.4 74.4 69.9 68.1 64.4 65.2 61.4 56.7 53.6 50 47.1 43.5 43.9 42.5 41.5 40.8 39 34.5 31.8 26 10.1 9.7 5 5.8 5.1 6.1 5.5 4.4 4.3 4.4 4.4 4.4 5.3 4.4 4.4 4.5 4.6 4.4 4.2 4.2 4.7 3.1
119.3 118 117.1 117 117 117.3 115.9 113.3 111.8 110.7 110 109.3 108.7 108.1 107.1 106 105.2 104.5 102.8 102 101.2 100.1 99.6 99.4 98.1 97 96 94.9 94.1 92.6 91.4 89.9 89.2 83.1 79.6 74.4 78.7 75.4 72 69 66.4 65 61.5 58 54.6 51.7 48.6 43.2 39.7 41.9 42.1 40.4 39 37.2 33.2 30.1 17.6 11.8 9.3 6.1 5.2 5.6 5.4 5.8 4.6 4.5 4.2 4.4 4.5 5.5 4 4.5 4.5 4.4 4.3 4.3 7.2 4.1
121.6 120.2 121.3 121.3 121 120.9 119.8 117.7 115.7 114.4 114.7 114 112.5 111.1 109.8 108.9 108 107.3 106.1 104.4 102.6 101.8 101.7 101 100.8 99.3 97.7 96.6 94.7 93.4 92.2 90.9 87.8 81.3 79.8 72.8 78.6 76.2 72.5 69.3 66.5 65.4 61.9 58.4 54.8 52.8 49.2 46.6 38.7 37.2 37.7 38.1 36.2 34.6 34.7 31.6 27.8 24.4 18.4 15.2 7.1 6.5 5.4 5.9 5.4 5.1 5.2 4.4 4.2 4.3 4.7 5.1 4.3 4.3 4.2 4 -2.6 -0.3
125.1 125.1 125.4 125.1 124.5 124.3 123.2 121.8 119.7 119.3 120.6 119.5 116.9 114.1 112.3 111.4 110.6 109.7 109.1 107.5 105.9 104.9 103.4 102.8 102.4 100.7 99.2 97.7 95.8 94.1 92.8 92.2 90.2 88.2 83.8 73.2 74.5 76.1 73.8 70.9 67.9 65.5 62.1 58.6 55 52.2 49.2 45.5 37.6 33.9 32.4 32.7 31.3 30.6 32.4 32.6 30.9 28.3 26.8 25.5 25.5 21.1 11.8 6.1 6 5.4 5.1 4.7 4.8 4.3 4.3 4.3 5.6 4.1 3.7 3.5 -2.6 5.9
127.4 128.6 129 128.4 126.8 126.8 126.1 124.8 122.9 124.1 125.9 125.3 122.2 118.6 116 113.7 112.8 112.3 111.7 110.6 108.9 106.7 105.9 105.5 104.5 102.5 101.2 98.8 96.6 94.9 93.7 93.4 92.4 90 86.4 77.4 66 74.8 74.9 71.7 67.6 61.3 59.1 54.6 51.4 47.9 43.2 37.7 34.1 33.1 31.7 30 28.7 29.2 28.8 28.3 31.8 31.9 31.1 29.4 27.5 24.2 22.7 24.7 16 6.7 6.5 5 4.9 4.5 4.4 4.3 4.5 6.2 4.2 -2.6 -2.6 4.3
128.5 131.5 131.3 130.2 128.5 128.9 128.8 127 123.4 124.5 126.6 127.5 125.8 122.6 119.5 117.6 115.6 114.5 114.1 112.9 111.2 109.5 109.6 108.6 106.9 105 102.4 101.2 99.4 97 94.8 94.1 92.9 90.9 87.3 78.9 67.5 70.2 74.4 70.3 65.8 62.5 58.5 53.4 46.7 40 36.1 35.3 33.9 35.8 36.2 35.9 32.3 28.6 27.9 26.3 26.6 31.3 33.3 32 29.5 27.8 26.9 27.9 24.7 20.1 14.8 7.2 6.2 4.8 4.6 4.4 7.6 6.2 6 -2.6 4.4 5.1
128.7 130.4 131.8 131.6 130.2 130 129.5 128.4 126.9 124.9 122.3 123.2 124.3 122.8 121.5 119.9 119.1 118.7 117.5 114.2 113.2 112.4 112.1 111.6 109.1 107 104.4 102.6 100.6 99.3 97.2 95.4 92.4 89 81.8 77.5 65.9 67.1 72.9 68.3 65.8 62.3 55.3 48.8 42.5 37.3 37.6 42 40.6 41.8 42 40.2 37.9 34.1 31.7 27.1 25.1 25.7 34.4 33.8 33 32.3 31.1 30.2 26.3 23 21 18.1 15.8 10.1 6.2 5.6 7 6.4 6.1 5.4 6.9 5.1
127.9 127.8 130.1 131.4 131.4 130.9 130.9 130.2 128.2 125.6 124.3 122.8 121.4 120.6 120.1 119.9 119.4 120.5 121 118.4 115.8 114.1 113.7 112.9 109.9 107.3 103.9 101 100.2 100.4 98.3 95.6 91.3 88.5 76.2 78.1 70 60.9 67.9 67.1 64.9 60.9 53.5 45.6 39.3 41.1 47.1 47.7 47.3 46.9 45.1 42.7 39.4 36.8 34.3 31.1 26.9 23.3 23.8 30.5 31.7 32.5 30.4 27.7 27.3 24.5 22.1 20.6 19 18.4 16.6 10.1 6.4 7 6.1 5.2 5.7 5.2
128.9 127.6 127.8 128.6 129.8 131.5 132.7 132.4 130.9 128.3 126.5 124.3 122.1 119.8 118.9 118.7 119.9 121.3 121.4 120.9 119.5 118 116.3 113.8 111.2 109 105.9 102.1 101 101.5 99.3 96.6 90.4 88.5 83 72.3 64.9 57.6 67.7 66.9 65 60.3 52.1 45.9 40.9 49.6 52.8 52.4 52.7 51.4 47.4 44.1 41.4 39.4 36.6 34.5 31.2 26.7 23.1 21.2 22.2 24 29 28.4 28.6 25.8 23.4 23.2 21.1 20.5 18.9 16.3 9.4 6.6 6.5 6.4 6.2 5.7
132.1 129.7 128.1 127.6 127.3 128.9 132.6 135.6 135.6 133.1 131 128 124.3 121.8 120 119 119 120.8 121.7 121.7 121.8 121.1 119.2 116.2 113.3 109.1 108.2 106.7 104.7 102.2 99.9 96.3 93.3 87.9 79 67.6 60.5 54.1 64.7 66.6 63.7 58.9 51.4 44.5 42.9 55 57.8 57.2 57.4 54.4 50.4 47 45.6 43.8 41.4 38.6 34.9 29.7 25 22.7 21.1 19.4 17.6 17.7 21.3 24.2 23.3 22.4 18.2 14.6 12.8 12.3 8.3 6.8 6.9 8.9 7 5.9
137.2 132.6 132.1 130.1 128 127.1 128.8 133.3 138.4 137 134.4 130.2 126 124.3 121.8 120.2 118.8 118.6 120.2 121.2 121.6 121.8 120.5 117.8 115 111.9 109.2 107.3 105 101.8 99.5 96.1 92.6 88.1 79.5 69.9 61.9 53.5 55.5 61 61.3 55.4 47.8 42.5 51.1 58.6 62.3 62.6 62.1 59.5 55.7 51.9 50.6 47.2 45.8 40.1 34.4 36.1 32.9 28.1 24.6 21.9 20.4 18.2 16.2 15 13.8 13.6 12.1 11.4 11.4 11.3 11.1 10.2 10 10.6 9.7 10.5
147.5 140.9 137.8 135.2 133.5 129.8 127.6 129.8 132.3 135.3 133.6 130.1 128.1 125 122.8 122 122.3 119.1 117.7 118.6 119.7 121.3 120.5 119.1 116.6 112.6 109.3 107.7 105 102.5 99.9 96.7 92.9 88 84.3 72.4 64.1 57.9 48.6 50 51.1 46.6 44.2 44 60.9 64.6 66.6 67.6 67.6 65.3 61.2 57.2 54.6 51.6 48.1 43 42.9 42.9 40 33.3 27.1 24.5 23.4 21.3 19.9 17.5 17.1 14.6 13.4 13.4 14.1 13 13.2 13 13.6 12.6 13.2 13.3
153.8 149.1 144.6 140.9 138.5 134.5 131.4 126.9 128.4 129.7 129.7 129.2 127.7 125.3 122.6 125.1 127.8 124.5 120.3 117.7 116.8 117.9 119 119.1 117.4 114.3 111.5 108.7 106.2 103.6 100.6 97.5 93.7 82.7 74.8 68.7 53.4 51.9 50 51.2 51.1 47.3 49.8 58.4 66.2 70.9 71.9 72.7 71.8 69.8 64.9 61.4 57.8 56.9 53.3 49.2 47.1 47.3 42.8 38.5 34.6 29.3 30.7 29.6 26.4 24.5 20.9 19.4 18.2 17.5 16.5 18.5 18.6 18.7 16.9 16.1 16.5 15.4
159 155 151.4 147.9 144.5 141.8 137.4 132.1 128.2 125.3 125.3 125.3 125.3 125.5 124.3 123.5 128.1 128.5 123.6 119 116.6 116.4 116.6 116.9 117.1 114.9 112.5 109.5 107.6 104.9 101.4 96.7 90.7 78.9 69 57 54.7 60.4 63.1 62.2 54.3 48.4 54.3 65.2 73 75.8 76.5 76.7 74.2 71.2 67.5 64.1 63.4 62.6 60.1 55.6 53.3 50.2 49.1 47.2 42.2 34.2 40.4 36.8 34.8 31 28.1 25.4 24.5 22.6 18.5 22.8 23.6 22.5 19.3 18.8 18.6 17.3
160.9 159.6 157 155 152 149.6 146.4 140.3 134.1 131 127.6 125.3 127.3 130.3 128.3 124.8 123 125.6 125.1 121.3 117.4 114.6 115.3 115.9 115.5 114.4 111.8 110.1 108 105 100.8 90.1 84.8 76.6 58.9 57.1 68.4 77 72.8 61 51.7 51.6 53.3 64.1 71.4 76 77.8 77.5 75 72.3 70.1 67.5 68.5 69.1 67 63.8 59.2 56.5 55.3 52.8 49.5 44.1 44.4 43 40.6 37.2 34.6 31.7 28.8 26.9 23.7 26.7 26.2 24.8 21.5 21.6 20.4 18.4
163.9 161.1 161.7 160.3 157.8 155.7 152.5 147.7 140.7 133.9 130.3 127.1 125.8 128.9 129.2 126.9 123.4 122.3 122.2 122.1 118.7 114.9 112.3 114.2 110.4 106 108.8 106.2 106.8 105.2 97.8 86.2 72.9 60.3 58.2 70.2 78.6 80 63.2 56 60.5 66.8 62.7 60.6 69.2 72.8 71.3 77.4 76.7 75.6 73.6 71.9 72.9 74.5 73.5 70.8 68.6 65.5 61.3 58.7 54.9 52.4 52 50.7 48 44.4 40.8 37.3 33.4 31.3 29.4 29.3 27.6 26.1 24.6 24.3 23.1 20.6
167.5 165.3 165.1 164.7 162.6 159.6 155.8 150.9 145.9 138.1 132.5 129.8 126.7 126.2 127 126.4 124.4 121 120.8 121.1 119.2 116.2 115.2 114 113.3 106.1 87.7 93.3 94.2 96.6 87.4 72.2 62.9 62.2 68.6 79.2 83 81.3 62.2 64.8 71.5 78.2 68.3 68.1 78.6 79.3 79.3 77.6 80.3 80.5 78.3 77.9 77.4 79.2 78.3 79 77.1 73.9 68.3 64.7 61.5 60.4 60.2 59.9 57.7 53.5 47.8 45.2 40 35.8 34.1 32.2 29.9 27.3 27.4 26.9 24.9 23.9
169.8 169.7 168.2 168.2 165.9 163.3 158.9 154.3 150.4 143.5 134.8 132 128.9 124.9 124.6 125.1 124.2 121.8 119.5 119.4 118.6 117.4 116.2 114.6 113.4 105.7 84.7 87.9 93 82.3 70.3 63.3 65.2 67.2 76.6 83 86.6 82.6 59.5 75.5 77.5 83 79.3 70.7 77 80.2 82.1 82 83.3 84.3 84 83.8 83.7 83.6 83.4 84.1 83 80 78.4 72.1 70.1 68.2 68.8 67.7 67.7 63.4 57.9 51.9 48.1 45 38.1 36 33.4 30 29.9 29 26.4 26.3
168 170.1 170.9 169.3 167.9 166 162 156.6 149.9 146.3 138.9 132.9 129.3 126.8 124.1 123.1 123.8 122.1 119.8 118.2 118.1 116.8 112.9 111 107.3 93.2 90.7 80.1 80.6 76.8 66.6 68.4 70.9 74.5 80.1 86.6 88.4 81.4 68.2 83.4 83.2 86.1 82.2 77.4 81.5 83.1 85.4 87.1 88.2 89 89 90.6 90.4 89 89.3 90.3 90.3 87.4 86.5 81.2 78.4 76.8 75.6 76 74.1 72.5 67.7 59 50.8 48.5 43.9 40.8 37.2 34.9 33.5 30.9 30.3 28
163.8 166.8 167.8 166.9 166.5 165.2 161.8 156.5 153.2 148.8 141.8 135 131.3 128.8 124.9 122 121.7 122.4 120 117.6 114.7 112.1 106.3 101.9 90.4 102.2 103.5 93.6 81.6 68.8 72 75.7 75.1 79.6 84.3 89.8 90.5 79.6 75.7 87.7 88.7 89.1 87.8 83.6 87.4 90.7 92.4 93.2 92.4 94.9 95.8 95.2 95.9 95.1 95.3 96.5 95.1 93.5 90.8 88 85.4 81.1 80.8 81.4 79.3 77.2 73.8 67.9 63.6 55 49 49.5 43.5 39.4 36.7 34.4 32.1 30.7
158.6 162.4 164.4 164 163.1 162.4 161 158.8 155.7 151.1 143.5 137.1 132.4 129.9 126.2 123 121.8 120 118.9 115.7 112 102.9 99.8 103.3 101.3 105 97.1 88.6 78.8 68.9 79.9 79.6 81.8 85.5 90.3 90.9 82.2 72.7 83.6 92.4 94.9 97.5 97.6 96 96.1 97.2 99 99.7 98.2 100.1 100.6 101.6 103.1 102.4 101.7 101 98.3 94.6 93.8 92.1 89.6 86.6 84.7 84.4 82.5 80.3 78.3 72.5 73.7 68.4 59.2 53.2 49 45 41.7 38.2 35.7 32.5
156.6 158.9 160.8 161 160.3 160.7 159.6 158.9 157.1 151.6 146 138.9 133.5 130.3 128.3 125 122.9 120.1 118.9 115 112.2 110.6 107.2 103.3 96.3 99 92.9 82.6 77.7 71.7 84.2 86.7 85.4 90.3 93.7 89.7 77.9 90.3 97.3 100.6 104.6 107.7 109.8 107.7 106 104.3 104.8 106.2 105.1 105.5 107.4 107.3 110.5 108.9 107.2 103.9 101.6 98.9 97 95.1 93.1 90.4 88.3 87.2 84.4 82 81.1 79.4 81.3 76.7 70.3 61.5 55.9 52.9 47.8 43.9 39.6 35.9
156.4 155.8 159.1 160.9 159.5 158.9 157.5 156.4 156.5 151 145.7 140.4 135.3 131.5 128.4 126.6 124.3 120.2 117.4 117.5 116.6 113.4 112.1 110.2 100.6 93.3 87 82.5 78.1 75.3 86.2 92 90.9 93.7 96.8 78.3 89.8 99.4 103.3 108.1 112.4 117.4 119.2 116.7 113.5 110.4 110.7 111.3 110.5 111.8 113.2 113.8 115.9 113.3 112 108.8 104.8 102.6 101.7 99.9 97.6 94.4 90.2 89.2 86.7 85.3 84.3 84.3 83.6 83 78 70.2 62.5 58.6 56.3 51 47 42.9
155.8 153.7 155.9 159.9 160.6 158.4 156.1 154.4 154.3 151.7 146.6 140.9 136.1 132.1 129.9 127.5 125.5 121.6 117.7 117.7 118.2 116.8 114.4 111.1 106.8 99.2 87.1 78.9 77 83.9 91.7 95.5 94.9 97.3 96.6 76.9 98.8 103.3 107 113.1 117.1 121.3 124.3 124.2 120.7 117.5 116.6 116.8 116.7 117.4 119.1 117.9 119.3 117.6 117 115.8 111.4 107.6 106.4 104.8 102.4 98.8 95 92.2 91.5 89.8 87.8 88.3 88.1 84.9 80.8 75.8 69.9 64.9 60.4 57.9 54.4 49.9
155.1 153.3 154.4 157.8 161.8 161.6 157.7 152.7 151.8 149.6 145 141.4 138 134.9 129.8 126.9 125.2 121.8 117.6 118 119.7 119 115.4 112.6 109.3 102.3 84 79 85.3 89.9 93.2 98 98 99.9 100.9 82.8 98.5 106.4 110.4 115.4 120.6 124.8 128 130.4 128.4 126.2 123.3 122.4 123.7 123.7 122.5 121.2 122.3 122.9 123.4 123.1 120 114 111.5 110.4 107.9 104.1 100.2 96.4 95.3 94.5 92.6 92.7 91.8 87.1 82.4 76.3 72.3 70.8 66.8 63 59.7 56.6
154.3 153.3 152.4 156.3 161.2 164.1 160.1 155.6 151.2 149.5 147.1 144.6 139.8 134.4 131.1 128.2 124.7 121.8 119.2 119.4 120.1 119.5 116.4 114.4 112.1 101.4 81.5 84.6 91.4 97.5 99.1 100 101.5 102.3 101.9 84.7 101 108.2 112.7 117.6 123.5 127.8 131.7 135.4 134.9 133.3 132.2 129.5 128.9 128.2 127.5 124.7 126.9 128.3 129 129.9 125.4 121.4 118.7 116.3 114.2 110.2 105.3 100.8 101.3 100.4 98.2 98.1 96 90.6 85.2 80.4 78.2 72.7 71.8 68.8 66.4 60.8
150.2 150.8 150.9 153.4 157.8 163.9 163 158.3 153.3 149.5 146.6 144.8 141.5 135.4 131.2 128.8 126.2 123.1 119.6 119.5 121.1 120.1 118.5 115.1 111.5 95.3 84.8 90.7 97 100.9 102.5 104.1 103.8 103.5 94.3 94 106.7 109.1 114.3 119.9 123.4 128.5 135 138 138.6 138.1 137.2 135.9 134.6 132.5 132.2 131.2 131.1 131.8 132.4 133.2 130.4 128.3 127 122.3 119.6 116.8 110.7 106.3 107.4 106.3 103.8 101.3 98.7 93.6 87.5 83.7 79 78 76.3 73.7 69.6 65.4
