Game/Highland_Data/StreamingAssets/GeoData/Data/sj/SJ22.asc
ncols 200
nrows 200
xllcorner 320000
yllcorner 320000
cellsize 50
[rows 0 to 34 of 200, columns 79 to 157 of 200]
309.1 325.7 325.5 333.2 327.1 321.4 309.4 304.7 301.7 298.7 296.8 296.1 298.1 301.3 292.5 285.5 292.9 288.5 282.7 274.3 268.4 262.8 257.5 247.1 237.8 232.4 213.7 196.1 207.4 234.3 267.9 297.6 307.8 309.1 307.9 297.2 291.2 284 285 286.1 280.3 275.9 271.5 264.8 260 257.3 254.3 252 250.5 249.5 248 246.3 246.4 242.9 238.9 237.1 233.9 232.2 231.3 230 229.7 228.7 229.6 228.7 227.7 227 222.8 219.4 218.2 218.3 219.7 219.6 216.5 212.2 204.8 198.2 193.8 188.9 184.9
328.8 330.4 336.5 333.8 325.8 316.9 309.1 306.5 303.4 300.9 298.9 299.1 301.2 301.4 288.6 288.4 287.8 283.9 278 271.1 264.8 259.4 254.8 239.8 231.4 219.5 206.8 196 215 242.3 271.2 296.2 306.4 307.9 306.3 302.1 297.1 288.6 282 277.6 276.5 273.8 271 268.8 262.2 258.5 255.8 252.4 252.2 252.2 250.7 246.9 245.4 241.5 236.8 236.7 235.3 234.4 233.2 230.7 229.6 226.6 226.6 226.3 225.7 224.4 220.5 217.4 216 218.7 219.2 217.7 215.5 211.7 203.3 195.5 190.5 187 181.6
333.2 332.9 339.4 331.1 326.1 314.1 310.2 307.9 305.2 302.7 300.2 300.3 301.1 296.8 282.7 280.3 276.5 277.4 273.2 266.8 258.1 252.2 249 233.9 223.7 212.4 199.8 205.3 226.1 252.4 273 294.6 303.9 305.7 303.6 299.1 293.3 286.6 282.6 275.2 268.3 268.1 266.3 265.9 264.6 262.9 259.7 257.6 257.1 254.9 251.5 247.5 244.9 240.3 236.2 235.9 237.1 236.3 231.9 229.4 227.1 224 225.6 223.4 221.9 220.3 217.1 215.8 214 215.9 215.7 212.2 210.3 207.2 201.1 195.6 190.5 185.8 180.5
332.3 335.3 335.1 329.3 321 314.1 311.2 308.9 306.7 303.9 301.2 299.8 298.7 294.9 287.8 273.2 267.5 263.4 264.4 263.3 256 249.4 238.2 227.4 214.8 203.9 193.2 216.2 238.5 260.4 281.4 288.9 293.7 302.5 299.8 295.2 288.2 283.6 279.5 275.5 269.1 264 262 261.4 261.3 260.3 258.5 256.9 256.3 253.7 251 248 243.6 238.5 236.2 235.9 236.2 234.1 229.2 225.8 222.9 219.2 218.5 217.6 217.5 215.6 214.1 214.2 213.1 209.7 208.4 207 205.1 201.9 198.4 193.9 189.7 183.2 177.9
329.1 334.3 331.3 325.8 315 312.3 309.9 310.1 307.6 303.3 300 297.9 295.5 291.5 286.6 280 268.8 257.4 252 251.8 254.3 248.5 232.9 221.6 208.6 197 201.6 223.4 247.5 274.9 286.1 287.5 288.7 299.6 296.3 290.4 285.1 281.6 277.7 273.3 269.5 262.9 258.9 257.7 257.2 256 254.4 254.7 253.6 251.2 248.5 245.1 241.3 236.9 235.9 235 231.9 228 223.7 221.6 216.6 213 212.9 213.6 214.9 213.2 212.2 211.3 209.5 206.9 206.2 204 202 199.9 196.4 192.4 188.4 182.9 176.1
327.9 331.4 328 319.7 313.3 309.3 307.1 307.3 304.9 302.2 299 295.8 292.8 288.6 284.7 278.3 268.3 257.7 246.5 244.7 248.8 247 231.8 212.6 203.3 192.8 211.3 234.8 261.1 286.6 295.4 297.9 288.6 287.2 290.6 286.3 282.5 278.8 275.1 271.8 269.1 265 260.2 256.2 253.8 251.8 252.7 253.1 251.1 248.8 245.9 242.8 238.8 236.1 235.3 232 225.3 222 218.7 217.1 212.1 212.1 212.1 212.1 212.1 212.2 211.5 208.8 206.6 205.3 205.3 204.3 202.3 199.5 196.8 193.6 189.1 182.2 178
327.3 329.1 324.1 317.1 311.9 306.2 304.9 304.3 302.1 299.7 297.2 294.2 291.2 286.9 283.4 276.4 266.8 254.5 242.7 239.6 240.3 234.4 219.8 206.3 197.8 198.4 222.6 246.7 271.4 293.1 302.2 303.1 301 297.4 287.6 281.5 280.1 276 270.6 268.3 266.1 264.8 261.4 258.6 254.4 251.5 250.6 249.9 248.8 245.5 243.4 240.6 237.2 236 233.9 227.3 221.8 218.9 214.9 212.1 212.1 212.1 212.1 212.1 212.1 215.9 213.2 208.5 206.5 205.1 204.3 204.3 201.7 199 196.3 192.4 188.8 183.3 178.4
327.2 327.1 323.2 319 310 304.8 303.8 302.8 300.3 297.9 295.4 292.6 288.9 285.3 281.8 275.5 266.1 253 237.6 226.8 228 223 210 197.1 190.1 207.5 232.4 257.5 281.1 298.6 305.2 305.1 301.6 297.4 290.3 280.1 277.7 272.3 267.7 264.7 262.8 261.6 259.7 258.9 258.1 256.1 250.9 245.7 243.9 242.3 241.2 240 239.1 238 230.8 227.1 222.5 216.9 212.9 212.1 212.1 212.1 212.1 212.1 212.1 211 211.7 209.9 206.2 204.5 203.3 202.6 199.6 196.1 193 189.6 185.8 181.8 178.7
325.2 327.4 324.1 316.7 307 303.9 302.6 301.1 298.5 296.1 293.5 290.9 287.2 283.4 279.6 272.9 262.1 252.2 243.5 229.7 215 204.9 196.8 186.3 195.5 218.6 243.9 267.5 288.8 302.6 306.5 305.1 302.3 297.2 291.1 283.1 279 276.4 271.7 266.1 262.5 260.9 259.8 256.8 258 256.8 253.8 250.1 246.8 244.7 243.4 242.3 241.8 236.8 230 226.1 220.3 215.7 212.1 212.1 212.1 212.1 212.1 212.1 206.9 205.8 206.9 208 205.8 204 202.4 199.9 196.4 192.2 187.1 182.6 182.9 179.8 176.7
322.6 327.1 322.5 313.9 305.9 303 300.7 299.1 296.8 294.3 292.5 291 286.8 281.8 276.9 269.2 261.6 251.8 243.3 235.3 218.4 199.1 186.7 188.6 206.6 229.9 255 278.4 294.8 305 306 304.5 301.7 295.5 289.3 283.2 280.2 277.7 273.5 270 266.7 264.2 260.7 255.7 255.6 255.6 253.9 250.1 248.2 246.3 244.5 244.7 242.6 238 229.6 224 223.4 219.2 213.9 212.1 212.1 212.1 212.1 212.1 206.4 205 204.8 205.3 204.7 202.5 201.1 196.3 192.3 185.9 181.9 181 180.1 178.2 175.6
323.8 325.7 320.2 311 304.8 302.3 299.2 297.3 294.7 294 292.9 291.4 287.8 282.9 272.5 267.9 260.8 251.5 243.3 231.5 210 194.4 184.1 194.1 215.4 240.9 271.6 294.1 301.8 306.9 306.1 304 300.2 293.4 286.1 281.6 278.6 276.1 273.7 269.9 266.5 264.4 261.9 257.3 254.3 252.5 250.5 248.5 247.7 246.2 244.7 243.9 239.8 235.3 229 227.1 225.7 220.6 216.1 213.4 212.1 212.1 212.1 208.6 204.9 204.4 204.6 202.6 199.2 196.5 192.6 189.1 186.7 182.6 179.7 179.3 178.3 175.8 174.2
323.1 323.3 317.1 307.6 303.2 300.1 297.8 296 294.4 293.4 292.4 291.3 287.4 280.9 270.3 264.7 260.7 254.5 245.5 223.5 205.1 193.3 184.2 194.8 218.7 249.4 283 297.7 306.1 308.8 306.6 303.2 299.1 291.4 283.8 279.3 276.2 273.7 272.2 268.9 266.2 263.8 261.1 258.6 256.6 255.2 253.2 250.9 250.4 251.2 249.6 245.5 240.4 233.7 230 227.6 223.7 215.9 210.9 211.7 211.1 210.2 212.2 205.9 203.7 202.9 201 198.7 192.2 189.9 187 181.9 181.8 180.1 177.4 176.1 175.2 174.2 171.7
321.1 321.1 313.7 305.7 301.1 298.4 296.5 294.7 293 292 291.3 290 285.8 280.9 275.3 270 261.5 252.2 240.8 217.1 205.7 193.9 181.8 194.4 221.7 252.9 285.3 300.5 309.1 309.4 306.8 302.3 297.1 288.3 281.3 277.3 274 271.8 270.4 268.5 265.4 263.1 261.4 260.2 258.4 256.6 255.6 254.7 254.7 253.3 251.7 248 238.6 230.5 227 224.6 217.6 211.5 207.4 208.1 209.7 208.4 205.8 204.2 200.8 198.3 194.5 191.8 188.8 187.4 186 182.6 180.6 179.4 177.5 176.8 175.1 174.3 173
318.8 319.1 311.7 304.7 299.8 296.5 295.2 293.4 291.6 290.6 289.6 288.1 285.8 282.1 277.1 271.1 260.3 251.4 242.4 223.8 204.7 193 183.4 192.3 222.7 254.5 284.6 299.1 307.2 307.6 305.1 300.5 294.2 285.4 278.9 275.1 271.7 270.1 268.5 266.4 264.6 263.4 262.2 261.2 260.1 259.2 258.4 257 253.8 252.6 249.6 242.1 233.8 226.6 221.7 219 215.7 209.9 206.5 207.4 208.6 209.7 206.6 201.2 198.3 195 193.2 189.8 187.3 185 183.3 182.5 181.1 179.1 177.6 176.9 174.4 173.5 171.2
316.6 316.2 308.8 303 298.5 295.1 293.1 291.8 290.3 289.1 287.5 285.8 284.2 280.7 276.1 270.3 259.3 250.3 241.8 229.7 208.9 193.7 179.3 191.2 221.2 255.1 283.9 294.7 304.3 304.7 302.9 298.9 292 282.5 275.6 272.7 270 268.5 267.1 265.3 264.8 264.3 263.2 261.8 260.4 260.9 256.6 252.9 252 250 243 236.3 228.1 221 214.4 211.4 210.3 208.7 206.7 207.1 204.9 203 201.1 199.5 197.2 193.7 191.9 189.4 187.1 184 182.2 180.7 179.8 178.9 177.3 175.9 173.5 174.7 172.7
314.7 313.8 307.1 300.9 296.8 293.7 291 289.7 288.3 286.1 283.6 281.9 280.3 278.7 273.5 266.3 257.6 247.9 240.1 228.9 209.8 197 179.1 189.1 220.3 254.9 280.9 290.7 300.8 301.3 300.2 296.5 290.5 281.1 274 270 268 266.6 265.4 265.4 265.1 264.5 263 261.6 261.1 257.4 252.4 247.3 245.3 241.8 237.2 230.5 222.3 215.4 211.2 210 209.1 207.7 207 205.7 200 198.4 198 196.9 194.8 192.4 190.2 188.1 185 183.2 181.5 180 180.1 179.3 177.4 175.1 173.8 174.4 171
310.9 310.2 304.5 297.7 293.6 291.1 288.8 287.2 285.7 283.6 280.7 277.8 275 271.6 268 262.5 254.8 244.7 235 226.4 207.1 196.8 180.3 188.6 217.8 252.6 276.4 279.8 292.3 296.9 296.2 293.7 287.8 281.2 273.9 267.3 265.7 265.2 265.1 265 265.1 263.9 262.6 261.3 257.7 254.1 249.2 242.8 238.7 235.2 231.3 224.8 216.8 210.8 210.8 210 206.8 202.5 202.3 200 195.7 195.1 194.6 193.8 193.3 190.9 189 186.4 184.1 182.4 180.9 179.4 178.7 181.3 178.1 176.5 175.2 175 173.4
306.8 304.2 301.3 294.4 290.3 288.5 286.4 284.5 283 280.9 278.2 273.9 268.6 265.1 261.7 257.2 250.7 240.4 230.8 221.8 209.6 192.8 175.7 182.3 213.9 248.7 270.8 273.3 280 287.1 291.6 288.5 284.5 278.1 270.9 266 265 264.8 264.6 264.4 264.2 262.6 260.9 258 254.8 251.2 244.5 238.9 233.8 229.3 223.8 216.5 211.5 211.2 207.4 203.6 197.6 197.1 195.8 194.3 194.6 194.1 193.2 191.8 192.2 189.3 188.3 186.8 183.9 181.5 180.2 180.1 178.8 176.7 178.4 175.6 174 174.7 172.4
305.5 299.8 295.9 291.3 288.1 286 283.2 279.8 277.4 276.3 275.5 270.6 264.6 259.3 255.3 252.5 246 237.6 228.5 220.5 207.9 189.6 171.4 179.3 207 241.5 263.8 267.7 268.7 278.1 288.4 284.9 280.6 275.4 267.7 268 267.1 266.1 264.3 263.8 262.7 260.1 257.5 254.7 251.9 246.5 239.9 234.5 229.5 222.2 214.8 209.8 204.9 202.7 199.5 196.6 195.4 194.7 194.8 193.6 194.7 194.7 193.7 192.4 190.4 188.5 187.6 186.2 183.8 182.6 181.3 179.9 178.5 176.6 178.6 175.9 174.2 173.3 172.9
307.5 303.3 298.6 290.9 287.1 281.7 279 276.2 270.9 270.4 269.9 264.9 259.2 253.5 248.9 245.5 241.8 235.3 227.1 219.5 205.9 192.8 172.8 173.5 199 230.5 252.6 263.1 265.7 272.9 285.6 282.1 277.9 270 264.9 265.1 265 265.3 264.4 262.3 258.8 256.1 252.9 250 247.7 242.2 235.4 229.4 222.1 214.3 207.5 203.1 201.6 199.6 197.9 196.4 195.9 195.6 195.8 195.4 194.9 194.9 193.9 191.5 190.1 188.5 184.2 182.7 181.7 181.1 180.4 178.4 177.1 176 176.2 175.3 173 172 170.5
308.5 303.4 297.5 290.8 287.7 281.6 270.5 269.1 263.4 259 255.8 253.2 248.8 243.8 239.4 236.1 235 230.7 226.1 218.1 203.8 194.1 175 170.8 191.3 217.4 241.7 259.1 262.1 271.5 279.9 276.7 274.3 266.5 262.7 262.6 262.5 263.3 262.6 259.1 255 251.4 247.8 244.4 240 236.3 229.4 222.8 215.9 207.7 203.7 202.6 201 200 198.9 197.7 197.8 196.2 194.7 193.5 193.4 190.6 190.5 189.3 188.1 185.9 181.1 178 177.7 177.8 177 176.4 176.5 176.3 175.6 174.8 171.8 169.5 167.9
307.5 302.3 294 288.7 285.9 279 270.4 258.7 254 248.4 245.2 239.7 237.2 231.4 229.4 222.3 222.9 223.3 221.2 216.1 207.1 193.4 176 168.6 183.1 208 230.2 249.4 256.2 268.5 270.2 268.1 265.8 262.9 260.9 260.8 260.3 260.4 259.3 255.7 250.8 246.8 241.6 238 233.9 228.9 222.4 215.4 209.2 205.6 204.3 204.4 202 200.7 199.8 199 197.9 194.4 190 189 188.5 183.3 183 184.8 178 175.3 176.7 174.9 175.4 177.6 175.8 178.3 178.2 178 177.4 171.7 168.7 167.4 165.9
305.8 301.5 291.7 287.9 284.3 282.2 273.4 260.3 254.4 251.7 248.9 246.8 244.8 241.2 235.7 229.8 222.4 215 207.6 203.9 198.4 186.7 176.5 169.4 174.8 198.7 223.2 241.2 250.8 261.2 260.4 258.6 257.1 256.1 256.7 260 257.4 255.3 252.6 251.2 246 240.4 235.4 231.9 228.1 222.5 216.5 208.7 205.4 204.2 203.5 204.1 203.1 201.4 199.9 199 196.6 190.2 183 180.4 180.9 181.5 182.7 185 181.6 177.6 175.1 171.9 172.9 174.3 171.3 172.7 173 171.3 169 166.7 167 164.9 163.5
301 296.6 292.2 289.1 286.4 281.3 275.4 271 268.3 265.6 262.7 259.9 256.8 253.6 246.1 238 231.1 224.2 219.5 215.6 209 198.6 188.6 175.2 167 190 215.6 235.8 244.2 253.8 254.2 252.7 251.6 250.9 253 254.7 253.3 252.8 248.2 246 241 235.6 229.8 224.3 221 215.6 210.3 205.9 204.1 203.2 201.6 199.4 200.9 199.2 196.9 195.2 192.7 186.5 180.1 176.3 174.7 175.6 175.4 175.3 174 171.6 169.8 169.7 171.1 170.8 169.5 168.7 169.5 169 168 165.9 165.9 164.9 162
306 303.7 296.2 292.3 289.7 284.4 281.9 281.5 279.9 276.2 273.5 270.5 266 260 254.8 249.4 241.2 233.4 228 223.6 216.1 206.3 198.5 187.4 165.9 181.8 205.6 228.6 237.3 246 249.8 246.1 244.9 245.5 247.9 247.6 242.6 240.9 238.1 235.9 233.4 229.4 223 217 213.6 208.7 207.2 204.5 203.2 199.7 195 193.6 194.4 194 192.6 190.2 187.4 181.6 177.4 174.5 172.8 170.9 169.2 168.8 168.4 169.4 170.4 170.3 170.5 169.8 168.7 167.8 167.4 166.7 165.6 165.6 165.8 165.9 163.4
309.3 304.4 298.9 296.7 293.2 288.3 288.8 288 286.5 285.5 282.9 279.4 274.6 269.8 265.3 259.9 255.6 248.7 237.3 226.3 217.8 211.7 204.2 190.4 169.8 173.6 196.2 217.2 228.7 236.9 242.1 238.8 238.1 239.6 242.9 240.7 238.4 233.4 229.6 226.2 223.5 221.4 214.1 209.9 208.2 207.3 205.3 203.5 199.7 195.1 191 189.2 190.2 189.3 187.6 185.5 181.3 177 174.1 172.3 171 169.2 169.7 169.5 169.2 167.7 168.7 168.9 169.1 168.6 167.7 166.8 165.9 166.3 166.5 166.7 167.3 167.1 163.4
308.8 304.5 303 301.5 298.3 294.3 292.6 292.1 292.5 292.5 289.1 288.6 283.7 278.9 277.6 271.1 263.9 253.5 244.3 233 221.1 214.6 205.9 189.3 173.4 163.7 185.2 203 217.5 227 230 230.9 231.1 234.2 237.8 237 233.2 229.4 223.1 216 215.1 211.3 207.4 204.5 202.1 202.5 201.7 198.7 194.4 190.6 187.2 185.5 185.7 184.6 183.1 180.2 174.8 170.7 168.1 166.9 166.9 167 167.4 167.4 168.4 167.9 166.5 166.8 166.7 166.7 166.7 166.3 165.8 166.1 167.2 168.3 168.7 166.9 163.9
310.4 305.8 304.7 305.3 301.8 296.5 294.5 294.6 297.4 297.5 296.3 296 294.6 289.1 283.3 277.4 270.3 261.5 250.4 237.3 226.5 218.9 209.2 190.3 178.1 164.5 172.2 190.5 202 215.4 224.7 226.2 228.8 229.9 233 233.1 230.3 223.9 215.4 211.4 210.2 207.3 205.5 203.4 200.3 197.2 195.8 192.8 187.9 184.4 181.7 180 181.2 181.1 179.4 176.7 172.2 166.2 164.7 163.4 165.2 164.9 165 166.9 167.7 166.8 165.4 164.8 164.6 164 165 165 165.3 166.1 167 169.2 170.3 169.1 163.1
311.9 306.3 306.2 306.6 303.8 299.1 297.3 299.2 301.2 301.8 302.4 304.3 301.4 296.1 289.9 279.6 273.5 266.3 254.7 240.6 232.3 221.6 211.9 199.6 185.7 169.1 162.2 172.9 184.1 196.9 211.8 225.7 226.2 225.7 227.2 228 226.7 216.7 212.1 210.4 208.8 207.2 205.8 202.6 197.8 194 189.3 186.9 181.5 175.6 171.6 171.4 173 173.7 173.8 171.2 168.1 165.3 164 159.4 161.4 160.7 163.6 166.1 166.2 164.2 164.1 162.9 162.5 162.1 163.3 163.5 164.3 165.9 167.1 169.2 170.5 168.2 162.5
311 306.4 307 308.6 308.5 302.1 300.1 301.6 302.4 304.8 308.9 307 304.8 300 288.7 279.1 275.8 269 256.4 243.5 234.4 227.8 220.1 209.3 197.8 183.6 164.7 160.2 166.1 173.7 192.2 210.4 226.1 228.5 226.1 222.3 219.4 211.9 210.9 210.3 209.4 207.9 205.5 200.4 190.2 187.5 182.8 179.2 172.9 164.8 161.6 161 165 167.5 168.4 166.6 163.9 161.3 158.4 155.4 156.7 155.9 158.9 163 163 160.7 160.4 160.6 160.8 160.5 161.3 162 163.2 164.6 166.6 168.3 169.3 165.4 161.3
311.3 307.5 308.5 310.7 311.9 304.9 302.6 301.8 303.7 307.6 313.1 309.6 306.8 297.7 286.4 279.1 276.2 267.6 258.4 247.5 237.7 233.1 222.6 210.3 199.8 189.5 180.4 163.7 158.9 161.1 177.1 197 215.8 227.4 226.8 220.1 211.5 211.1 210.5 209.5 207.8 204.7 201.2 194.6 183.1 177.8 172.3 168.5 161.9 155 152.4 154 152.8 155.6 158.3 157.2 157.2 155.9 153.3 151.9 151.4 153.1 155.5 157.3 157.6 156.8 158 158.6 158.6 158.9 159.5 160.5 161.3 162.6 164.1 165.8 164.6 162.6 158.4
312.9 308.9 312.2 312.9 311.2 304.4 302.8 301.5 302.6 306.6 308.5 309 305.4 296.7 284.1 279.1 274.7 267.4 258 249.7 240.5 234.5 218.8 208.6 200 197 197.9 179.2 159.9 157.8 168.2 188.9 208.6 219 217.9 208.3 205.7 203.4 201.9 200.7 199.3 197.5 191.9 187.4 180.3 171.3 164.8 160.5 153.2 148.6 146.4 146.7 148.9 148.6 148.5 148.5 148.7 148 146.7 146.5 146.9 147.6 149.4 151.2 152 151.6 154.5 156.2 155.9 158.3 159.8 160.5 162.5 164.6 165.6 163.9 162.1 160.3 155.7
313.2 310.3 314.7 314.3 309.7 303 302.2 301.7 300.7 301.6 301 301.4 300.9 293.7 281.6 276.9 271.9 264.6 259.1 252.2 243.3 232.4 217.4 205.9 198.4 197 199.2 192.5 167.1 157.2 157.8 177.2 197.3 199.9 196.7 196.5 195.8 195.8 195.4 194.9 191.7 181.7 173 169.5 167.1 166.2 157.2 149.9 148.5 143.9 143.7 145.5 147.6 147.9 144.7 141.8 139.6 139 140.1 145.3 144.2 144.6 144 145 145.6 144.3 148.9 152 153.6 157.6 159.1 159.9 161.7 164 163.4 160.7 159.5 156.6 155
314.3 311.1 317.1 314 308.9 302 301.2 301.8 299.6 297.4 296.1 297 291.8 285.6 278.7 275.1 268.4 262.6 258.4 252.6 240.6 231.2 217.6 205.9 197.3 192.6 193.6 192.6 175.2 159.5 156 159.9 179.3 188.4 184.2 184.5 183.7 184.5 185.5 184.5 177.7 161.4 149.9 147.5 147 146.4 143.4 142.6 141.8 140.7 140.7 139.3 139.7 138.3 138.2 137.1 136.5 135.6 135.8 136.5 137.9 139 139.5 140.7 139.1 140.9 144.6 147.5 150.6 151.8 152.2 153.9 154.8 155.2 156.4 153.9 153 150.9 151.2
313.2 308.5 314 311.7 306.8 300.5 297.2 300.4 296.8 293.8 291.6 290.5 285.3 279.9 275.9 271.3 266.1 260.4 252.4 245.9 238.2 227.5 215.3 205.6 198.7 194.2 190.7 180.2 169.2 162.6 155.5 155 160.9 172.2 170.6 171.1 171.4 171.6 170.9 166.3 157.3 146.7 146.2 145.5 145 144.1 143.8 145.1 146.9 145 144.1 140.5 140.1 139.2 137.8 136.8 136.6 135 134.6 134.7 133.3 136.1 134.9 135.7 135.2 136.7 138.6 142.7 144.8 144.9 143.9 144 145.9 147.3 146 145 145.5 143.6 143.4
