Game/Highland_Data/StreamingAssets/GeoData/Data/sj/SJ40.asc
ncols 200
nrows 200
xllcorner 340000
yllcorner 300000
cellsize 50
[rows 105 to 139 of 200, columns 79 to 157 of 200]
154 151.4 150.9 149.8 149.5 149.2 147.9 145.8 144.1 142.4 140.9 139.5 138.2 136 134 132.5 130.9 129.5 128.6 127.5 126.4 125.2 124.3 123.5 122.5 121.9 120.6 120.5 120.3 120 120.3 116.1 114.4 113.6 113.6 113 113.3 113.7 113.5 112.5 111.3 110.8 110.4 109.7 109.8 108.8 107.8 106.8 105.7 104.7 103.9 103.5 103.1 102.5 102.7 103.8 105.5 106.6 107.1 107.6 107.4 107.1 106.5 108.3 108.8 110.3 110.1 111.8 115.6 112.4 106.8 109.9 94.9 98.5 94.8 93.1 88.8 87.7 86.9
153.6 150.9 149.8 149.4 148.7 148.5 147.7 145.7 143.9 142 140.3 138.6 137.5 136.7 135.3 133.6 131.6 129.9 128.5 127.2 125.7 124.8 123.7 123 122.2 121.2 120.6 120.4 120.5 119.9 119.1 117.4 114.6 113.3 112.1 111.4 110.2 110.8 111.5 111.1 110.2 109.6 109.8 109.4 109.6 108.4 107.2 106.1 105.1 104.1 103.5 102.7 102.6 102 102 103.8 105.3 105.8 106.4 106.1 105.7 105.6 105.6 106.3 107.4 110 111 112.5 115.8 110.1 107.2 111.6 98.6 98.9 94.8 93.5 89.2 87.8 87.2
154.1 150.8 148.3 147.6 147.7 147.6 147.2 145.1 143.5 141.6 139.8 138.1 136.4 135.8 134.7 133.2 131.1 129.1 126.9 126 124.6 123.7 122.8 121.7 120.1 119.6 118.5 118.6 118.2 118.6 117.7 115.6 114.4 113.4 112.3 112 111.2 110.4 108.9 107.3 107.7 107.8 108 109 109.4 108.6 107.1 105.5 104 103.1 101.7 100.9 100.8 101.1 100.9 102.7 104.5 104.4 105.3 104.7 104.8 104.8 105.3 105.4 106.3 108 111.1 113.3 113.9 106.8 107.2 108.9 99 99 95.1 93.6 89 87.8 87.2
152.3 149.7 147.1 145.4 146.1 146.7 146.3 144.9 142.2 140.8 139.1 137.2 135.4 134 132.9 131.5 129 126.8 126 125.3 124.7 123.7 122.6 122 121.2 119.9 119.1 117.6 117 116.5 115.7 114.7 114 114.4 114.1 112.9 112 110.7 109.8 109.1 107.8 106.7 105.6 106.9 108.8 107.5 105.3 103.6 102.1 101.4 101.5 101.2 100.5 99.2 99.8 101 102.7 103.8 104.5 103.1 102.5 103.7 105.4 104.5 104.8 106.1 110.3 114.7 112.9 106 108 101.5 98.2 99 95.2 92.9 88.9 88.1 87.4
149.9 147.7 145.4 144.1 144.3 144.9 144.5 143.3 141.7 139.5 137.8 136 134.3 132.6 130.9 129.1 127.6 126.9 127.1 126.4 125.3 124.2 123.1 121.9 121.4 120.2 119.5 118.6 117.9 117 117 116.7 116.8 116.8 115.5 113.4 112 111.4 110.2 109.4 108.6 107.9 106.7 104 105.2 104 103.2 103.2 102.8 102.7 102.4 102 101.5 100.4 98.8 99.8 100.3 101.5 101 101.5 101.3 102.9 103.8 104.5 103 104.9 109.2 114.8 112.7 106 108 99.8 99.9 99.6 96.1 91.6 88.4 87.3 88.2
149.3 146.8 144.6 143.2 143.7 143.6 142.1 141.2 139.8 138.5 137.3 135.5 133.7 131.9 129.9 128.5 127.8 129 129.3 128.4 127.2 125.1 123.6 122.3 121.4 120.2 119.7 119 118.2 118 118.7 118.7 118.6 118.1 116.4 113.1 112.7 111.3 110.5 109.7 109 108 106.4 104.8 104.2 104.7 104.5 104 103.8 103.2 102.8 102.5 101.3 100.3 99.5 98.1 99.6 98.7 98.6 99 100.4 101.4 103.7 103 101.8 102.6 105.1 110.4 109.6 105.3 107.9 101 101.5 101.8 95.9 88.6 88.2 87.1 89.2
149.9 147.6 145.7 143.3 142.8 142.7 141.6 139.8 138.1 137.1 136 134.8 133 130.7 129.8 128.9 131 131.1 131.2 130.4 129 127.1 125 123 121.8 120.3 119.1 118.7 118.3 118.5 119.3 119.9 120.1 119.2 117.4 114.5 112 110.6 110.6 109.9 109.1 107.2 105.5 104.8 106 106.2 105.3 104.7 103.8 103.1 102.9 102.1 101 100.3 99.8 99.1 98.7 98 97.9 97.7 97.2 98.2 100.2 101.4 100.1 101 102.8 104.7 104.1 106 107 103.4 105.1 102.1 95.4 87.8 87.9 88.3 89.4
150.3 149.2 147.2 145 142.5 141.1 139.9 137.8 136.1 135 133.6 133 131.7 131.1 130.6 131.6 132.5 132.8 132.4 131.6 130.3 128.6 126.7 124.7 121.9 120.7 119.3 118.3 118 118.3 119.5 120.5 121.4 120.7 119 116 112.3 111.2 110 109.1 108.2 106.6 105.5 106.5 108 107.4 106.1 103.9 103.3 103.2 102.6 101.7 100.8 101.1 100.2 99.2 99.2 98.9 98.5 97.7 97.2 97 96.8 97.6 98.7 98.7 100.8 102.3 103.9 108.6 103.1 102.6 104.4 98.7 95.3 88.8 88.5 88.3 89.4
150.3 148.4 146.7 145.6 143.4 141.1 138.3 136.8 135.5 134.1 133.5 132.9 132.1 132.2 132 133 133.4 133.3 132.9 132.3 131 129.4 127.7 125.7 123.5 121.3 119.7 118.5 117.6 118.4 119.7 121.2 122.8 122.8 120.1 116.9 113.7 111.4 109.9 108.7 107.6 106.3 105.3 108.1 108.7 107.4 105.5 103.7 103.5 103 102.7 102.2 100.7 100.6 100 100 99.6 99.3 99.1 99 98.1 97.5 96.3 96.8 97.2 97.3 101.1 101.2 104.2 106.4 104 102.6 103 98 95.7 89 88.8 89.2 90.3
148.1 146 144.6 143.5 141 139.1 138.6 136.9 135.6 134.9 134.6 134.1 134.4 134.3 133.8 133.2 133.2 133 132.5 131.9 130.9 129.3 127.8 126.2 123.9 121.7 119.8 118.8 117.8 117.9 119.6 121.3 123 123.3 120.7 116.9 114.1 111.7 110.3 108.8 107.6 106.5 106 109.3 108.8 107.3 104.9 104.1 103.4 102.9 102.4 101.8 101.9 101.1 100.7 100.4 100.4 99.8 99.3 98.8 98.5 97.4 97.2 96.4 96.4 96.9 100.2 98.2 95.4 100.9 103.4 103 101.9 98.7 96.1 90 88.8 89.7 90.9
146.3 144.7 143.2 142.6 141.5 140 139.2 137.2 136.2 135.9 136.2 136.6 136.5 136.1 135 133.5 132.8 132.5 132.1 131.5 130.8 129.3 127.7 126 123.9 121.9 119.9 118.9 117.4 117.1 119 120.9 122.2 122.2 119.8 117.2 114.7 111.8 110.4 108.9 107.9 106.8 107.6 109.6 109.1 107.3 105.3 104.4 103.3 102.9 102.5 102.3 102 101.5 101.2 100.7 100.5 99.8 99.2 98.1 97.4 96.9 96.3 96.2 95.8 95.7 97 99.7 91.5 95.7 99.8 103 102.3 96.9 96.2 87.5 89.3 90.2 91.3
148.4 146.6 144.7 143.6 142.5 141.4 139.5 138.1 137.9 138.5 139.1 139.4 138.2 137.6 136.3 134.6 133.9 132.1 131.7 131.1 130.2 129 127 124.8 123.3 121.8 120 118.3 116.8 116.6 118.3 120.3 121.3 120.9 119.4 117.1 114.7 111.9 110.2 108.9 107.7 107.2 108.2 110.7 109.2 107.2 105.3 104.3 103.8 103.1 102.6 102.5 102 101.5 101.2 100.8 100.2 99.8 98.9 97.9 98.2 97.6 96.9 96 95.1 95.5 95.7 99.5 91.7 91.5 91.5 99.4 104.5 97.2 96.5 89.3 89.1 89.7 90.8
149.9 148.4 147 145.4 143.4 141.5 140 139.7 140.6 141.4 141.9 141.5 140.2 138.7 137.7 135.6 134.4 131.8 130.8 130.3 129.4 128.5 127.2 125 122.4 120.8 119.8 118.5 116.6 115.6 115.9 117.9 119.6 120 118.7 116.5 114.5 112 109.9 108.9 107.8 107.3 109 110.8 109.7 107.9 105.4 104.4 104.1 103.3 102.7 102.2 102.2 101.3 100.7 100.4 99.5 99.2 98.7 98.8 98.8 98.4 97.8 96.8 95.1 95.2 95 96.2 99.8 97.2 92.6 99.3 104.6 96.7 97.5 90.6 88.5 90.1 90.2
150.3 148.5 147.4 146.3 144.4 141.7 140.1 140.1 141.2 143 143.9 143.6 142.1 140.7 138.9 137.2 135.3 133.6 131.4 129.3 128.7 127.5 126.3 124.7 122.1 121 119.7 118.5 116.5 115.1 115.3 115.3 117.1 117.8 117.1 115.5 113.8 111.7 109.8 108.6 108.2 107.9 109.6 111.1 110 108.7 106.3 105.1 104.4 103.9 103 102.8 101.8 101.3 100.9 100.5 100 99.6 99.7 99.7 99.4 99.1 98.5 97.3 96.3 95 95.1 95.2 96.1 97.6 98.8 101.5 104.4 101.3 97.3 91.8 88.7 90.2 90.4
150.4 148.7 147.3 146.9 144.3 142.8 142.5 141.2 141.2 142.7 144.7 144.3 143.3 142 140.4 138.9 136.5 134.8 132.9 131.1 128.6 127 125.9 124.5 122.6 121.8 120.6 118 116.3 114.6 113.9 112.8 114.3 114.7 115.3 114.4 113 111.1 109.3 108.6 108.8 107.9 109.8 110.3 109.9 108.4 106.9 105.5 105 103.9 103.6 102.9 102.3 101.8 101.3 101 100.6 100.4 100.2 100 99.6 99.3 99 98.4 97.2 96 94.5 94.6 94.9 96.1 98.1 102.2 107.3 99.5 97.9 94.2 90.7 90.4 89.6
150.8 148.8 147.3 146.6 145.2 146.4 146.4 144.1 141.2 142 143.6 144 143.4 142.2 140.4 139.3 137.6 135.9 134 132 129.6 127.8 126 124.4 123.3 122.5 121.1 118.4 116.2 114.8 113.8 113.4 111.6 112.5 112.7 111.9 111.6 110.7 109.3 109 108 108.7 109.3 109.8 110 108.9 107.5 105.8 104.8 104.6 103.8 103.3 102.8 102.3 101.8 101.4 101.1 100.7 100.4 100.1 99.7 99.4 99.1 98.5 97.5 96.3 95.5 93.9 94.1 94.4 95.5 98.3 102.5 98.7 96.8 96.1 90.2 90.1 91.5
151.2 148.9 147.6 147.6 148.2 149.8 150.1 148.6 143.5 140.3 141.3 142.2 142.8 142.4 141.2 139.7 138 136.3 134.6 132.1 130.1 127.9 125.8 124.2 123.4 123 121.5 118.9 116.5 114.9 113.4 112.6 111.6 111.2 111.7 112.1 110.6 109.6 109.7 109.2 109.1 109.7 110.2 110.8 110 109 107.9 106.2 105.2 104.5 104.1 103.8 102.8 102.5 102.3 101.8 101.4 101 100.6 100.2 99.8 99.5 99 98.3 97.7 96.5 95.6 94 94.1 94 94.1 95.3 98 93.5 96.4 95.7 89 90.4 91.5
152 150.6 149.3 149.1 150.4 152.4 153.7 152.4 148.1 141.9 139.4 139 139.3 141.6 141 139.8 138.4 136.6 134.8 132.9 130.4 127.8 125.6 124 123.1 122.7 122.3 119.3 116.9 114.3 112.7 111.5 111.2 111.3 112.7 111.9 111 109.8 109.6 109.3 109.2 109.9 110.8 111.3 110.7 109.5 107.6 105.7 105.5 105 104.6 104 103.4 101.4 101.3 101.5 101.6 99.4 100.7 100.3 99.9 99.4 98.9 98 97.5 94.8 95 95.4 93.9 92.8 93.2 93.6 94.6 92.9 96 94.7 92.4 91.4 91.9
153.9 152.4 151.3 150.9 152.3 154.5 156.2 153.6 150.8 147.1 142.2 139.7 138.1 138.9 139.7 138.8 137.5 136.2 134.9 132.4 130.4 128 125.5 123.9 123 122.6 122.2 120.4 117.9 114.8 112.2 111.5 111.2 112.3 111.8 111.7 110.6 110.5 110.2 109.5 109.6 109.8 111.1 111.5 110.6 108.8 106.9 105.9 105 105.5 105.1 104.5 103.5 102.7 102.1 102 101.8 101.4 100.5 99.5 99.8 99.3 98.8 97.9 97.4 96.6 96.6 96.3 95 94.1 93.4 93.2 93.2 94.1 93.5 92.7 91.4 91.3 93
155.8 154.5 152.9 152.6 153.6 155.8 157 154.4 151.8 149.2 146.3 143.4 138.9 135.9 136.8 136.7 135.8 135.2 133.3 131.6 130.1 127.9 125.7 123.8 122.7 122.4 122 120.7 118.1 114.6 113.4 112.9 113.1 113.3 112.2 111.5 111.4 110.9 110.6 110.2 110.1 110.5 111.1 111.6 109.8 108.1 107 106 106.5 106.6 105.6 105 103.3 102.5 102.3 102.2 102 101.4 100.8 100.2 99.7 98.9 97.8 97.5 97.3 97.5 97.6 97.2 96.3 95.3 94.4 93.8 93.6 92.1 93 92 93.9 94.8 95.5
157.5 156 154.9 154.8 155.1 156.6 156.6 153.6 151 148.6 146.1 143.7 141.3 137.9 135 133.9 133.7 133.1 132.4 130.9 129.3 127.6 125.7 123.9 122.4 121.5 120.4 119.2 118.3 117.3 116.2 114.6 115 113.5 112.3 112.2 111.7 111.2 110.7 110.7 111.4 111 111.8 111.1 109.4 108.2 107 106.7 108.1 107.3 106.5 104.7 104.1 103.6 103.1 102.6 102.1 101.4 100.9 100.5 99.8 97.7 98.8 98.6 98.5 98.5 98.5 97.6 96.7 95.2 94.8 95.4 93.8 95.6 98.5 99.4 100.4 98.6 98.6
158.7 157 156.9 156.6 156.7 157.6 155.9 152.8 150.3 147.9 145.5 143.4 141.5 139 136.8 134.2 131.6 131.3 130.9 129.7 128.3 127.1 125.4 124 122.7 121.8 121.5 120.6 119.8 118.9 118.1 117.3 116.3 114.4 113.2 112.7 112.1 111.5 111 110.5 111.9 112.2 112.2 110.8 109.3 108.2 106.7 107.8 110.1 108.9 107.6 106.2 104.7 103.6 103.1 102.5 101.8 101.5 101.1 100.6 100 98.2 99.6 99.4 99.1 98.9 98.7 97.8 96.4 96.8 97.1 97.4 99.2 104.8 103.2 103.9 105.4 99 100.6
158.9 158.2 158.7 158.3 158.1 157 154.7 152.2 149.7 147.2 144.8 143 141.3 139.1 137.4 134.9 132.1 130.1 129.3 128.2 127.3 126.5 125.5 124.4 123.1 122.3 122.1 121.7 120.8 119.6 118.3 117 116.2 114.1 113.6 112.8 112.1 112.2 111.9 111.3 112.3 112.4 112.2 110.6 109.2 107.9 107.5 109.9 112.5 111.2 109.2 106.9 105.3 104.3 103.9 103.1 101.8 101.8 101.2 100.7 100.5 100 99.9 99.9 99.6 99.2 98.9 97.6 98.1 98.5 98.8 99.9 104.3 110.7 108.4 107.2 107 105.6 101.2
159 159.1 160.3 160 157.8 155.6 153.9 151.7 149.2 146.7 143.9 141.5 139.9 138 135.9 134 132.8 130.9 128.8 127.3 126.7 125.4 124.8 123.7 122.6 122.6 122.5 121.9 120.4 119.1 117.7 115.4 113.7 113.9 114 113.3 113.3 112.4 113 112.4 113.1 112.6 112.2 110.4 109 108.1 108.3 111.3 113.7 112.7 110.9 108.6 107.2 106 105 104.4 103.3 102.4 101.5 100.9 100.9 100.8 100.6 100.4 99.8 99.4 98.7 99 99.1 99.6 98.5 104 111.8 115.9 113.6 111.5 109.1 103.6 97.5
159.7 159.5 159.4 158.1 156.3 154.5 152.8 150.6 147.6 145.2 142.4 140.4 139.1 137.6 135.7 134.5 132.8 130.9 129.1 127 125.6 124.6 123.3 122.5 122 121.9 120.7 120.1 119.5 117.4 115.6 115.2 115.7 115.2 113.9 114.5 112.2 112.4 112.8 113.3 114.5 113.3 112.3 110.2 109 108.4 109.5 113.4 115.2 114.1 112.1 110.1 108.4 107.4 105.8 105.7 104.6 103.4 102 101.3 101.4 101.2 101 101 100.8 99.6 100 99.8 99.9 100.4 100.7 106.2 111.1 115.2 116.7 113.2 110.1 104.1 99.7
159.8 159.7 158.9 157.2 155.4 153.3 150.6 148.9 146.1 144.1 141.6 139.3 137.8 136.8 135.5 134 132.8 130.9 130.1 127.5 125.6 124.5 123.4 122.5 121.6 121.1 119.7 119.3 118.3 118.7 116.2 116.7 117.1 116.3 113.8 113.4 113.2 112.7 113 114.4 115.1 114 111.8 110 109.2 108.9 111.3 115.7 116.6 115 113.2 111.2 109.6 108 107.1 106.6 105 103.7 102.5 102.1 101.8 101.7 101.6 101.5 101.2 100.3 100.9 101 100.8 101.6 102 104.6 107.5 112.6 106.5 105.8 109.5 103.9 98.6
158.7 159.3 157.7 155.3 152.7 150.9 148.7 147 145.2 142.9 140.5 138.2 136.3 135.1 133.9 132.7 131.7 130.9 130 128.1 125.7 124.4 123.5 122.7 122.2 121.7 121.2 119.1 117.9 116.9 116.6 117.7 118 117 114.6 114 113.9 114.2 113.8 114.8 115.6 114.2 111.9 110 109 111.2 114.8 117.7 116.1 115.3 113.4 112 110.4 109.4 108.6 107 105.7 104.3 103.2 102.8 102.4 102.2 102.1 102 101.8 101.5 101.8 102 102.4 104.5 104.9 104.9 106.9 112.1 102.6 101 101.5 101.8 98
154.7 155.9 153.4 150.6 149.4 148.3 146.8 145.2 143.3 141.5 139.3 136.8 134.6 133.4 132.3 131.2 130.1 129.5 128.2 126.7 125.6 123.6 123.7 123.1 121.1 120.6 119.7 119.8 119 118.6 117.4 118.7 118.4 117.4 116.2 114.5 115.3 115.9 115.6 115.7 116.3 113.9 111.6 110.2 110.1 113.7 117.5 117.8 115.6 114.7 114.3 112.9 111.2 110.4 110.1 108.8 106.1 104.6 103.9 103.2 103.1 103 102.7 102.5 102.3 102.6 103.1 103.9 106.7 111.5 110.9 107.9 108.8 108.5 103.8 102.1 101.7 102 98.6
149.2 147.6 146.4 144.5 144.7 145.2 144.6 143.3 141.6 139.9 137.7 135.3 134 133.2 132.2 130.6 129.5 128.5 127.5 126.1 124.9 124.1 123.5 122.9 122.7 122 121.1 121.2 119.9 118.6 118.7 119.6 118.9 116.9 116.1 115.6 116.1 117.4 116.3 116.7 116.1 114.1 111.6 110.6 109.9 114 117.2 116.9 115.6 114.3 114 113.7 112.4 110.8 110.2 109.3 106.7 105.7 104.9 104.1 103.8 103.7 103.5 103.1 103.1 103.9 104.4 107.3 111.3 115.8 114.4 112.2 111.5 106.6 105.9 104 102.4 102.2 99.3
148.3 147.1 145 143.6 143.2 141.4 140.7 139.4 139.2 137.7 136.3 134.9 133.6 132.5 131.7 130.4 129.1 128.1 127.3 127 126.6 125.1 124.2 123.7 123.3 122.5 121.8 120.8 119.5 118.9 120.3 120.2 118.9 117 117.3 117.2 118.1 119.6 119 118.2 116.4 114.3 112.4 111.1 110.1 113.2 115.9 116.3 115.4 114.9 113.9 112.7 113.1 112.2 111 109.5 108.5 106.7 105.8 105 104.6 104.4 103.9 103.6 104 104.8 105.7 107.8 110.9 114.1 114.3 114.5 112.4 108.4 108.9 108.9 105.3 102.6 101.1
154.4 153.4 151.8 148.5 144.8 142.9 141.1 139.8 138 137.5 135.7 134.8 133.9 132.3 130.5 129.6 129.1 129.1 128.8 128.4 126.9 125.2 124.6 124.2 123.7 122.3 121.5 120.6 121.1 121.6 121.4 121.3 119.7 118.4 118.3 120.2 120.7 120.5 120.9 118.6 116.5 114.6 112.8 111.5 110.9 112.3 115.3 116.6 116.7 116.8 115.5 113.5 115.1 115.4 113.4 111 110.2 108.4 106.6 105.6 105.1 105 104.3 104.7 105.1 105.8 106.4 107.2 109.2 112.2 114.7 114.6 113.5 115 112.3 107.9 105 104 103.5
159.3 157.1 154.8 151.8 148.8 146.8 144.2 142.9 141 139 137.2 134.5 132.7 132.1 132.1 131.7 131.1 130.6 129.9 128.6 127.1 125.6 124.8 124.4 123.6 122.4 122 122.3 122.2 122.7 122.6 121.4 119.8 119.1 119.5 120.9 121.5 121.8 121.2 117.1 115.9 114.5 113 112.1 111.2 111.9 114.6 116.2 116.6 116.8 116.1 115.2 115.3 115.5 113.8 112.5 111.4 109.5 107.7 106.4 105.3 105.5 104.8 105.7 106.3 106.9 107.7 108 109 111.3 114.2 114.2 112.8 111.8 111.6 109.3 107.6 105.7 105.2
161.1 158.7 156.1 153.4 151.9 150.3 147.9 145.9 143.6 141.6 139.5 137.4 135.6 134.4 133.6 133.1 132.6 131.8 129.9 128.7 127.4 126.2 125.9 124.2 122.7 123.8 123.5 122.9 122.8 122.6 122.1 121.2 119.6 119.7 119.5 121 122.1 121.6 120.1 115.9 115.4 113.7 113.4 112.6 111.7 112.2 113.7 115.1 116.1 116.6 116.1 115.5 115.4 115.7 113.3 112.6 111.8 110.4 108.7 107.2 106.1 106 105.9 106.6 107.4 108.2 108.9 109.2 109.5 110.5 112.7 114.7 113.7 112 110.6 110.8 110.8 107.2 106
162.3 159.9 157.7 155.4 153.3 151.3 149 147.2 145.3 143 141.1 139.1 137.2 135.7 134.8 134.3 133.4 131.5 129.7 128.9 128 126.5 124.6 124.8 125.4 124.8 123.7 123.2 122.4 121.9 121.5 120.7 120.3 119.8 119.4 120.5 121.6 121.1 118.6 116.4 115.4 114.3 113.5 112.8 112.5 112.9 113.7 114.3 114.9 115.5 115.4 115.6 115.5 115.4 113.7 112.7 111.6 110.3 108.8 107.6 106.8 105.9 106.9 107.8 108.6 109.6 110.1 110.6 110.1 110.7 112.8 115 114.8 112.7 110.3 110.5 111.5 108.6 105.9
162.4 161 159.7 157.5 154.8 152.2 150.2 148.4 146.3 143.8 141.7 140 138.4 137.4 136.5 135 132.7 131 130 129 127 127.7 128.1 126.8 125.4 124.7 124.1 123.5 122.8 122.3 121.7 120.5 120.1 119.7 119 119.1 119.9 119.6 116.4 115.1 114.9 114.4 113.7 113.1 112.7 113.1 113.2 113.3 113.7 114 114 114 110.7 113.3 113.5 113 111.9 110.4 108.9 108.2 107.5 106.8 107.8 108.9 109.9 110.6 111.1 111.2 111.2 111.5 113.5 114.1 113.7 111.8 110.8 109.5 112 111.7 106.7
