Game/Highland_Data/StreamingAssets/GeoData/Data/sj/SJ43.asc
ncols 200
nrows 200
xllcorner 340000
yllcorner 330000
cellsize 50
[rows 0 to 37 of 200, columns 85 to 169 of 200]
58.5 58.8 59.1 63.5 61.5 64.1 71.3 73.8 72.9 67.9 68 74.3 76.3 76.3 75.4 73.8 72.6 75.3 79.9 83.7 84.2 80.1 79.4 81 78.1 78.1 82.2 87.6 91.8 89.1 88.4 87.9 89 89.7 96.4 97.5 97.5 96.5 96.1 95.9 95.8 95.6 95.4 95.4 95.6 89.5 86 84.5 84.3 85 83.6 83.1 80.7 82.3 83.1 85 89.5 92.9 94.5 93.3 96 97.4 98.2 97.5 96.9 95.9 96.4 96.2 96 95.3 94.6 94.8 95.7 96.7 95.8 94 93.3 91.6 92.4 92.2 92.7 92.9 93.5 92.7 93.2
62.6 66.5 69 69.5 67.9 64 71.8 75 73.4 72.7 69 72.7 76.2 78 77.5 76 74.9 76.4 81.6 84 81.8 82.9 82.3 81.4 79.7 78.8 79.3 82.6 85.7 83.3 82.7 83.6 85.8 86 95.1 97.2 98.3 97.5 96.7 96.5 95.7 94.9 94.4 95.7 96.9 96.2 91.8 84.7 82.4 82.4 84.3 82.8 81.8 82.2 82 82.5 87.8 92.4 94.3 94.8 95.7 97.6 98.6 98.2 97.7 97.4 97.1 96.9 96.5 94.9 94.2 95.2 97 98.5 97.4 96.2 94.5 93.2 92.6 92.9 93.2 94.4 94.4 94 94.1
64.5 69.3 71.2 71.9 71.1 68.4 68.9 73.8 75.6 73.8 71.2 70.3 74.4 76.8 78.1 78.8 79.1 77.2 79.9 81.7 83.9 81.6 82.7 81.9 82.8 81.4 84.7 80.8 83.3 81.1 79.4 80.5 81.3 82.6 93.4 96.6 97.2 97 96.9 96.3 95.2 94 92.9 93 92.8 90.3 88 85.3 83.6 83.1 82.7 81.9 83.5 86.2 86.3 83.5 81.9 83.4 89.3 92.8 96.5 98.3 98.4 98.9 98.1 98.5 97.9 97.5 95.5 94.6 95 96.5 98.1 99.5 99.6 97.6 96.8 94.6 93.1 93.5 93.4 94.9 95.4 95.2 94.4
65 68.6 71.8 73.6 73.2 73.1 71.6 72.5 75.8 74.6 74.4 73.7 73.1 76.7 79 80.6 82.3 80 80.4 82.6 84.2 80.9 80.4 82.7 85.3 84.2 85.4 80.5 79.7 79 81.5 80.1 80.1 81.2 95.3 96.6 96.8 97.1 96.3 95.6 94.6 94.2 92.5 90.1 86.8 83.9 84.7 86.9 86.4 84.7 84.8 82.4 84.1 85.7 89.1 87.2 85.6 85.9 83.7 82.9 87.7 93.2 98 99.4 98.6 98.7 97.6 96 95.2 94.6 94.4 96.1 98.9 100.9 100.8 99.2 97.1 97 94.6 94.3 93.8 94 94.1 94.6 95.5
69.1 70.4 73 75.4 76.1 75.6 73.8 73.2 74.6 76.1 78 78 77.4 76.7 78.6 81.1 83.3 82.8 81.9 81.7 84.6 82.1 80.4 83.4 86 85 81.1 80.1 78.7 78.6 79 79.1 80.4 83.3 90.1 96 96.6 96.6 96 95.6 95.1 94.8 93.5 86.4 84.1 83.7 83.8 87.9 88.5 87 86.3 81.3 85.2 85.1 88.9 88.1 88.2 89.5 89.1 87.7 83.2 85.3 97.3 98.9 97 95.7 95.9 96.1 94.9 94.8 94.6 94.8 97.4 101.2 101.5 101.2 99.3 97.2 96.8 96.2 95.7 94 94 94.6 95.3
71.6 73 75.9 76.9 77.7 78.2 75.5 75.7 77.4 78 78.5 79.5 79.3 79.6 79.5 80.2 81.9 82.9 84.1 82.2 82.3 81.2 81.3 83 85.6 84.1 83.3 84 83.4 78.6 78.8 79.3 86.8 89.8 93.5 96.2 96.2 97.1 96.7 96.3 96.6 95.6 92 88.3 84.8 83.8 84.4 87.1 91 91.4 87.2 81.6 83 85.7 89.7 91.1 92.2 90.8 90.6 91.1 86.8 83.9 93.8 97.4 96.4 93.8 95.5 95.9 94.7 94.4 93.6 92.5 95.3 99.6 100.8 101.1 101 99.6 95.8 96.1 95.3 94 93.4 94.7 94.8
75.8 76.2 77.3 78.6 78.9 79.6 78.1 79 79.6 79.2 79.3 80.4 81.3 81.4 81.5 81.4 82 82.8 83.4 81.5 79.7 78.5 79.2 80.3 81.9 82 84.5 86.9 88.5 84.3 79 79.4 88 96.4 98 98.1 97.9 97.4 96.7 96 97 97.2 93.8 91.3 89.6 88.2 86.5 86.6 90.3 91.8 87.7 82.1 81.6 86.6 91.5 92.5 93.7 93.9 91.2 91 86.9 83 90.4 95.1 94.7 92.6 93 95 94.8 93.7 92.1 92.9 93.5 96.7 99.9 100.5 101.1 101.6 99.7 97.4 96.3 94.5 94 94.3 94.3
77.2 78.5 78.3 79.6 79.9 80.3 78.7 80.5 80.3 80.3 80.6 80.7 81.8 82.6 82.8 82.9 82.7 83.2 83.3 79.7 77.6 77 77.6 78.1 79.5 81.2 85.2 86.8 90.4 94.7 84.5 81.1 87.4 97.2 98.9 99.1 97.8 97.5 96.8 95.2 96.7 96.4 94.6 93.3 94.1 93.6 89.8 89.2 91.3 91.7 91.2 84.4 83.1 89 93.6 92.4 92.6 92.3 89.9 91 86.8 83.3 88.2 94.6 95 92 89.7 91.1 93.2 93.7 92.3 91.8 93 95.3 99.2 101.6 102.1 101.6 100.9 98.8 96.7 94.6 93.9 94.1 93.5
78 80 80.1 80.2 81.1 80.9 79.7 80.6 81.3 81.6 82 82 82.1 83 84 83.6 83.5 82.5 80.6 77.5 76.8 76.8 76.8 76.8 77 79.7 83.7 86.8 92.8 94.8 89.7 82.2 87.1 95.2 98.6 99.6 99.6 97.9 96.4 95 96 95.6 94.4 94.3 95.1 94 91.1 90.8 93.2 93.6 94.2 85.8 83.1 89.6 93.4 92.4 90.5 89.1 88.3 89.5 86.1 83 85.6 90.2 94.4 93 89.3 90.2 91.9 93.6 91.2 90.8 92.4 94.3 96.5 100.4 102 101.2 100.2 99.1 96.4 94.7 93.8 94 94.3
75.8 80.1 81.7 81.8 81.9 81.5 80.8 81.4 82.1 82.8 83.3 83.3 83.8 84.3 85.3 84.8 85 82.4 78.8 76.8 76.8 76.8 76.8 76.8 76.8 81 90.3 90.1 89.3 94.2 96.9 90.1 85.2 94 98.4 99.1 98.8 97.6 96.3 95.5 95.6 95.4 95.6 95.7 95.6 92.4 90.1 92.6 95.3 94.9 94 87.6 85.1 87.4 92.5 91.7 90 88.7 87.8 86.9 85.3 83.4 84.4 88.7 90.4 90.2 88 88.2 91.9 92.1 90.4 90.6 92.4 94.7 96.5 98.6 100.7 100.6 99.5 97.9 95.9 95 94.3 94.3 94.6
73.1 78.8 81.5 81.7 81.8 82 82.1 82.2 82.8 83.5 83.9 84.6 85.6 86.5 86.6 86.7 85.5 82.3 78.8 77 76.8 76.8 76.8 76.8 76.8 81.2 92 92.9 89.3 95.6 97.9 99.2 94.6 97.4 99 98 97.4 97 96.7 96.2 96.1 96.1 96.4 95.7 93.8 91.8 91.6 92.8 95.1 95.6 89.6 86 86.9 90.1 93 91.6 90.5 91.7 89.4 89 86.4 83.7 84 85.4 87.1 86.3 85.8 87.6 90.1 89.9 90.4 90.4 90.9 93.2 94.7 97.3 100.3 100.7 99.1 97 94.8 95.1 94.9 94.9 94.3
67.3 76.9 79.2 80.4 81.6 82.5 82.7 82.9 83.6 84.3 85 86.2 87.4 88.5 88 87.6 86.6 85.5 81.6 78 76.8 76.8 76.8 76.8 76.8 78.3 90.8 94.3 95.8 93.3 95 99.1 99.7 99.6 99.4 97.1 97.9 98.1 98 97.3 97.2 97.3 96.6 94.7 91.2 89.9 90.7 93.2 95 93.8 85.8 85.4 87.3 90.4 91.4 90.8 92.3 93 93.3 89.5 88.5 83.5 83.2 86 88.3 85.2 84.4 85.8 88.2 88.7 89.3 89.8 90.1 91.6 93.8 96.2 98.3 99 97.9 95.6 94.1 94.3 95.1 95.2 94.5
66.1 70.2 76.9 79.7 80.9 82.1 82.7 83.8 84.8 85.5 86.3 87.6 88.9 90.1 89.4 89 90.8 90 85.3 79.3 76.8 76.8 76.8 76.8 76.8 76.8 90.2 96.3 96.6 92.7 95.1 99.1 99.7 99.8 99.7 98.5 98.3 98.5 98.6 97.5 97.2 96.8 96.1 92.7 91.6 90.3 90.8 92.8 96.1 93.6 85.3 86.5 86.5 90.7 90.7 91.6 92.3 92.6 94.1 89.7 89.4 85.7 83.1 84.7 86.2 84.1 84.4 86.3 88.3 89.7 89.6 89.4 89.7 91.4 93.9 94.7 95.7 96.6 96.1 95.1 93.6 93.6 94.6 95.4 95.5
70.4 72 74.9 78 79.2 80.8 82.4 84 85.1 86.5 86.6 88.8 90.1 91.3 91.1 89.7 88.6 90.6 85.1 78.6 76.8 76.8 76.8 76.8 76.8 81.1 93.6 99.2 99.1 95.9 99.2 100.9 100.2 100.7 101.4 100.3 98.7 99.1 97.9 97.2 94.9 93.6 91.4 91.3 91 90.6 89.6 93.7 96.5 95.9 91.3 90.4 92.4 91.4 89.9 91 90.1 90.5 94.1 90.5 89.2 86.7 83.6 85.7 84.2 84.3 84.6 86.4 88.9 90.3 90.4 90.5 90 91.1 92.6 93.5 94.1 94.1 91.8 94.1 93.9 93.5 93.8 95.1 95.4
72.7 75.3 78.1 80.3 80.9 81.6 83.1 84.9 85.9 87 87.3 89.6 91.3 91.9 92.9 91 86.4 85.3 80.4 76.8 76.8 76.8 76.8 77.8 79.9 88.3 97.4 100.9 101.5 98.7 101.9 103.9 102.4 100.4 103.1 101.7 100.5 100.2 99 97 93.1 90.5 89.4 88.8 89.3 90 90.5 93.4 97.2 97 95.9 92.6 91.9 91.1 91.2 88.3 87 87.4 90.2 92.8 90.8 88 83.7 84.7 83.9 84.2 84.7 86.7 88.9 91.3 90.4 90.9 91.1 90.9 92.4 93.6 93.5 93.2 92.7 92.1 93.5 93.8 93.9 94.8 95.3
75.5 71.9 77.8 80.1 81.4 82.3 83.7 85.1 86.1 87.5 88.8 90.6 91.9 92.9 92.8 91.2 88.1 82.8 78.7 76.8 76.8 76.8 78 80.6 82.3 92 99.8 102.2 101.9 101.1 104.2 104.1 104.6 101.6 102.4 102.2 100.9 99.6 99.4 97.1 90.7 88.5 89.4 88.5 88.1 88.3 88.5 91.6 97.3 96.8 96.8 93.6 90.7 92.9 89.8 86.6 84.2 84.2 89.7 94.8 90.3 87.9 85.1 83.8 84.4 85.3 84.6 86.3 89.7 90.7 91 90.3 91.6 92.5 91.5 93.1 93.2 92.3 92.7 93.5 94.1 94.5 94 94.5 94.8
81 75.5 75.7 78.3 81.5 81.8 81.8 82.6 87.4 88.7 89.1 90.1 91.1 92.7 93.7 91.8 85.9 80.2 77.3 76.8 76.8 76.8 82.6 82.6 87.7 95.8 102.1 103.5 103.2 103.2 104.5 104 103.8 101.8 102.4 102 98.9 98.8 98.6 94.4 88.4 88 88.8 87.4 88.1 88.1 88.6 91.4 96.1 96 94.9 93.7 91.5 92.7 91 86.5 84.2 85.6 92.4 93.4 89.6 89 84.8 83.9 84.4 85.2 85.4 87.3 91.7 92.1 92 92.4 92.6 92.2 92.9 91.5 91.6 91.7 92.3 93.3 94.1 94.4 94.6 94.5 95
84.5 83 78 75.2 78.2 78.7 78.5 80.6 86.6 90 87.3 86.1 89.2 91.7 92 88.6 80.8 78.4 76.8 76.8 76.8 76.8 82.9 85.1 90.8 95.9 103.1 101.9 102.5 103.4 104.2 103.3 103.2 101.2 100.6 98.2 95.4 98.4 99 95.2 90.4 87.3 89.2 88.9 89.6 87.6 88.9 92.4 92.6 95.5 91.8 92.6 92.8 93.3 90.5 86.9 84.2 86 93.8 90.6 87.7 89.3 86.5 84.3 84.7 85.3 87.1 88 91.9 93.8 93.8 93.7 93.3 93.1 93.7 92.6 92.2 93.1 93.2 93.6 94 94.1 94.6 94.7 94.7
85.7 85.3 81.2 75.6 75.5 74.8 76.8 79.2 84.2 88.7 86.2 86.7 91.3 92.2 89.7 84.1 78.7 77.6 76.8 76.8 76.8 76.8 82 91.3 90.4 98.6 103.8 101.7 101.2 101.2 103.6 102.8 101.9 100.8 99.9 96.8 93.5 93.6 96.5 95.8 93.3 90.9 94.3 93.2 90.9 88.1 89.4 93.3 93 95 93.8 93.5 94.3 94.2 90.2 86.2 86.4 87.4 93.1 92.5 90.1 88.4 86.9 85.1 84.8 86.7 88.3 88.8 91.2 94.5 95 94.6 94.5 94.9 94.3 93.2 93.8 93.7 93.5 93.8 94.8 95.2 94.9 94.2 94.5
82.6 85.2 81.6 76.7 76.2 75.9 74.4 77.7 82.1 86.9 85.8 88.1 92.1 91.1 89.1 80.9 78.6 76.8 76.8 76.8 76.8 80.4 87.3 96.3 94.6 101.7 103 100.8 101.1 99.1 101.1 102.8 101.5 99.6 99.1 94.8 90.7 90.8 91.5 92.9 90.8 88.5 91.4 96 93.2 89.8 90.7 93 94 95 95 94.9 94.9 93.2 90.6 86.7 86.5 87.6 92.8 95 92.4 88.4 89.2 85.4 84.8 86 87.4 88.4 91.6 94.9 95.7 95.8 95.7 95.4 94.6 93.7 94.2 94.3 93.9 94.7 94.1 95.6 94.4 94.2 94.1
81 81.6 82.3 75.2 72.8 72.7 73.7 76 80.9 84.7 84 87.4 91.3 91.5 88.8 80.2 76.8 76.8 76.8 76.8 76.8 81.7 93.4 98.8 99.4 103 103 101.2 100.4 99 100 101.3 101 101.7 101.4 96.1 89.6 88.6 89 89.7 89.3 88.8 89.5 91.9 93.6 91.3 91.7 94.9 94.5 95 95.6 95.9 95.1 91.8 90.5 87 86.6 87.3 91.8 95.7 93.3 89.2 88.6 86.5 85.4 85.3 85.8 89.8 94.2 95.7 95.9 96.1 96.2 95.7 94.9 94.2 94.7 95.1 94.5 94.8 95.3 95.6 95.2 94.2 94.4
79.5 78.2 80.3 76.7 72.9 72.6 74.3 76.2 79.8 82.4 82 86.3 90.5 91.1 88.6 79.4 76.8 76.8 76.8 76.8 79.1 84.5 96.5 98.7 99.2 101.9 101.9 101 98.8 99.6 98.6 97.9 96.8 97.4 98.5 96.9 91.5 89.1 88.7 88.3 88.3 88.9 89.3 88.8 91.3 91.9 92.9 93 95.5 95.5 95 95.6 95.2 94 91.6 88.2 86.5 87.9 93.9 94.6 92.2 90.3 90.5 89.3 87 85.9 86.1 90.3 96.1 95.9 96.2 96.4 96.5 95.9 94.9 94.9 95.3 95.6 95.1 95.2 95.7 95.7 95.5 95.1 94.9
75.4 75.6 77.8 78.3 73.6 72.9 74.4 77.1 85.4 84.6 84.4 87.1 90.1 90.3 88.7 78.6 76.8 76.8 76.8 76.8 80 86.4 92.4 95.7 100.8 104.5 102.2 100.9 98.3 99.1 99.3 96.2 94.2 94.8 94.9 93.9 94.7 90.8 89.2 88.6 88.4 88.9 88.7 89.2 88.8 91.1 95 95.2 93.9 96.1 96.6 96.9 95.5 93.4 92.4 87.8 87.4 89.6 95.3 95.2 95.8 93.4 92.2 91.1 88.1 89 86.9 89.7 96.2 95.9 95.8 96.2 96.1 95.9 95.6 95.6 95.8 96 95.6 95.6 96 94.9 95.3 95.2 95
76 73.6 73.8 76.5 76.3 75.3 77.8 84.4 90.4 92.2 89.5 90.2 90.5 91.9 88.4 78.9 76.9 76.8 76.8 76.8 80.7 89.1 95.5 97.8 102.1 104.5 102 101.1 98.5 98.9 99.8 94.3 92.8 93.2 94.3 96 96.8 93.3 91.9 91.6 90.5 90.3 90.6 89.4 89.8 91.9 93.8 92.9 93 95 96.8 96.5 94.8 92.6 91.2 87.9 87.4 91.1 97.1 96.1 95.9 95.6 94.9 92.8 92 93.6 93.9 94.9 96.2 95.6 95 94.6 95.5 95.8 96.4 96.2 96.1 96.3 95.7 95.6 96 95.4 95.2 95 94.8
74.3 73.2 74.1 75.6 77.6 82.5 86.2 92.2 95.8 98.1 97.2 92.1 91.5 92.8 87.6 79.5 77.9 76.8 76.8 79.1 82.3 97 101.5 100.7 101.5 102.7 102.2 100.3 101.8 100.1 101.3 94.4 92.9 93.3 95.5 98 97.3 94.3 95.5 94.7 93.9 92.6 94.7 96.8 95 94.2 95 94.4 93.3 97.4 98.3 98.1 96.2 93.8 91.6 88.5 87.9 92.5 98.4 98.1 95.5 95.3 95.4 92.1 91.2 93.4 96.3 96 96 95.8 95.8 95.7 95.9 95.6 96 96.5 96.4 96.4 95.6 95.5 95.2 95.5 94.9 94.7 94.6
73.8 73.5 74.1 78.1 84.7 91.8 94.2 96.1 99 101.3 99.7 94.7 93.9 94.1 90.8 81.6 79.3 78.4 79.1 81.2 84.8 93.7 103.7 104 100.8 102.7 102.6 101.3 101.7 101.2 100.9 98.7 92.9 93.3 96.8 99.4 98 94.1 95.6 94.7 94.1 97.2 98.2 98.8 98.6 94.6 96.2 96.9 93.6 95 95.7 97.5 97.4 94.6 92.1 89.9 90 95 98.8 98.7 96.9 95.8 95.1 94.9 94.2 93.2 95.5 96.2 95.6 94.9 95.9 95.6 95.8 95.7 96.1 96.5 96.1 96.2 95.4 95.2 95.3 94.6 94.6 94.4 94.2
74.4 74 77.1 86.9 92.1 95.6 97.2 98.5 100.8 103.9 104.6 99.2 96.6 97.8 94.5 88.2 83.9 81.6 82.1 83.9 87.8 99.1 104.5 103.6 103.2 102.9 102 102.5 103.5 102.9 102.3 100.5 95.3 93.8 94.7 98.8 98.9 96.9 94.3 93.7 94 97.6 98.6 99.8 101.3 99 95.8 95.6 93.9 94.1 95.9 94.9 95.2 95.4 93.4 89.9 93.3 95.6 98.5 99 95.8 96.3 97.2 95.7 96.8 95.1 95 94.9 94.5 94.9 95.3 95.5 95.7 95.7 96.4 96.2 96.2 96.2 95 94.9 95 95.1 95.1 94 93.9
79.7 75.5 77.1 87.6 94.1 96.3 98.5 99.8 102 104.8 105.2 97.7 99.1 98.9 95.9 92.4 88.4 86.2 86.7 89.4 90.6 101.7 104.2 104.3 104.6 102.7 103.7 101.8 103.8 103.1 102.2 100.9 99 96.4 98.5 99.2 98.7 95.1 94.5 94.9 94.8 97.4 98.7 100.5 101.6 101 97.3 96.2 96.7 96.6 97 95.8 95.4 96.1 95.8 89.4 94.3 96.6 97.9 96.2 95.8 96.5 99 97 96.7 96.3 96.1 95.9 94.6 95.3 95.6 95.7 95.5 95.8 96.4 95.7 95.7 95.4 95.3 95.2 95.1 95 95.5 94.9 94.4
86.2 85.2 79.7 88.1 93.6 96.9 99.1 102 104.4 105.8 103.2 98.3 100.8 101.4 97.7 93 92.5 93 93.3 96 97.5 105.7 105.1 103 101.4 101.9 104.2 103.4 103.7 103.1 102.1 101.7 98.9 95 96.7 99 97.9 96.1 96.4 97 99.4 100.2 100.7 101.5 101.8 100.6 100.1 98.5 98.1 97.3 97.1 96.9 96.4 96.3 94.5 89.3 93.4 97.3 97 96.3 95.8 96.5 99.8 98.2 97.8 97.1 96.8 96.6 95.7 95.8 96 95.9 96.6 96.1 95.3 95.3 95.3 95.1 95.4 95.5 95 94.7 94.5 94.4 94.6
85.4 88.2 87.7 90.3 94.2 97.2 100.2 103.2 105.6 105.1 98.3 96.6 99.9 99.4 98.3 94.6 94.2 95.1 98.9 102.3 103.8 107.7 108.6 107 103.6 102.1 102.9 101.8 104.3 103.3 102.7 101.9 99.6 96.3 98 98.2 96.1 96.3 97.6 98.8 100.2 100.9 102.4 102.2 100.7 100.8 100.6 100.8 99.6 97.7 97.8 97.5 96.7 97.1 93.6 90.6 94.7 96.4 96.5 96.7 96.3 98 99.7 98.7 97.4 97 96.5 96.5 97.4 96.5 96.1 96 96 95.6 95.1 95 94.9 95.3 95.4 95.3 94.6 94.9 94.9 94.4 94.8
70.9 76.5 85.5 91.4 94.2 96 100.4 103.2 105.5 101.9 93.5 94 97.8 96.6 95.8 96.5 96.8 98.2 104.6 106.9 108.3 108.2 109.2 109.7 103.9 104.8 104.7 106.1 106 105.5 103.2 101.2 99.4 96.2 95.4 97.9 94.2 94.5 97.6 100.6 102.2 101.4 101 101.9 100.9 100.5 100.3 100.5 99.8 98.2 97.6 96.7 96.8 97.4 92.2 90.6 94.4 97.3 97.4 97.6 97.4 97.6 99.1 97.5 97.1 97.3 97.4 98.1 97.4 97.2 96.8 95.9 95.4 95.1 94.9 95 95.1 95.5 95.3 95.1 95 95.1 95.1 95 94.6
71.2 72.1 79.2 87.3 92.6 97 100.5 102.8 104.3 99.9 94.5 94.8 95 95.5 96.4 99.7 100.7 101.8 105.6 109.8 111.4 110.7 108.3 105.3 104.4 105.9 106.5 106.2 104 104.2 103.2 102 98.8 97.5 93.2 94.5 93.9 94.8 98.6 101.4 101 100.7 101.2 101.1 100 99.6 99.6 100.1 98.9 98.8 98.5 98.1 98.4 97.2 92 93 97.5 97.3 95.4 96.2 95.4 95 98 97.1 96.5 97.7 97.8 97.9 97.6 97.8 96.9 96.3 95.5 94.8 94.9 95.2 95.5 95.5 95.3 94.9 95.2 95.1 95 94.6 93.9
76 72.6 72.3 80.1 91.2 96.4 99.6 102.8 101.7 96.2 95.1 95.4 93.8 92.7 94.2 101.8 102.7 103.8 107.9 111 112.2 111.8 107.9 103.1 101.8 104.1 106.4 105.7 104.1 103.6 102.9 102.5 101.4 98.4 94.3 95.1 95.3 96 100.1 100.7 99.2 99.5 100.7 101.7 100 99.1 99.2 99.2 98.2 97.6 97.9 97.7 98.2 97.1 91 94.2 97.7 96.9 94.8 93.6 93.7 95.5 96.7 96.8 96.7 96.2 97.4 97.2 97.6 96.9 95.8 95.5 94.9 94.5 94.5 94.5 94.8 94.9 95.2 94.8 95.2 95.3 95 94.1 94
80.2 72.9 76.3 84.3 90.7 94.5 96.8 99.5 98.2 94.6 95.1 96.2 93.8 91.6 97 103.1 104.5 105.3 108.4 110.3 111.6 112.8 108.2 104.1 100.6 102 103.4 103.5 102.8 102.9 102.7 101.8 101.3 97.5 93.9 95.8 98.8 100.3 100.9 99.9 99.4 100.1 101.3 100.8 97.6 99.5 98.8 99 98.9 98 98.5 96.9 97.3 94.9 90.3 92.1 97.3 97.4 97 95.5 96.4 95.5 95.7 95.2 94.8 94.9 96 96.2 96.7 96.5 95.5 94.4 94.5 94.3 94.2 94.1 94.2 94.4 94.9 94.8 95.2 95.3 94.6 94.6 94.1
83 75.2 76.9 84.9 92.7 93.8 95.9 96.8 94.3 93.7 96.1 97.9 95 91.7 95.7 99.7 102.9 105.2 106.6 107.8 109.1 111.5 104.5 103.3 100.8 102.3 100.4 100.4 102.1 102.3 100.9 100.3 97.1 94 95.1 96.3 99.8 100.1 101.8 99.6 99.9 100.1 101.4 99.6 97.4 100 98.9 99 99 98.7 98 96.4 95.2 90 89.9 92.4 96.1 96.7 96.6 95.2 95 94.7 94.7 94.6 93 92.2 94.1 94.8 95.6 95.7 95 94.7 94.6 94.2 93.9 93.7 92.7 94 94.6 94.9 95.2 95.1 94.9 94.6 94.4
85.2 79.4 74.5 83.7 91.5 96.2 97.3 96.3 94.5 95.1 97.7 98.6 97.6 94.7 92.1 95.6 99.3 99.8 102.1 105.6 109.4 108.8 103.6 105.5 102.9 103 101 99.1 101.1 101 99.6 99.1 95.6 95 94.1 97.8 100.6 100.8 101.8 101.2 100.4 100.3 101.5 100.5 98.6 98.8 98.1 97.8 98.2 97.9 97 95.8 92.6 89.8 90.9 94.1 95.1 95.3 94.6 94.9 95 94.4 94.6 95 93.4 92.5 94.4 94.4 94.2 94 94.6 95.5 95.3 94.5 93.8 93.5 93.4 93.5 94.1 94.8 94.8 94.5 94.3 94.2 93.8
89.7 85.9 77.1 78.7 87.4 94.6 95.5 93.8 94.4 96.1 97.5 98.3 97.8 95.3 92.6 94 97.8 97.8 100 107.5 111.1 110 105.4 109.5 106.6 102.8 100.7 99.4 100.6 100 99.5 98.5 95.1 94.1 94.1 96.5 99.6 99.2 100.3 100.9 101.1 101.1 101.5 100.5 100.5 99.4 98.1 96.5 96.9 96.3 95.7 93.1 89.9 89.9 93.3 94.8 94.7 93.8 95 95.2 95.8 95.4 95.5 95.3 93.7 94.5 94.5 94.2 93.8 93.7 94.2 94.7 95.3 95 94.6 93.9 93.4 93.2 93.6 94 94.2 93.8 93.7 93.7 93
91 90.5 86.6 78.9 80.3 87.2 90.2 93 94.7 95.2 96.4 95.8 95.8 93.1 92.3 96.2 99.1 96.5 96.2 100 106 108.9 110.9 112.6 111.2 101.8 100.3 97.7 97.1 97.9 98.8 97.7 96.4 95.6 95.1 95.3 97.1 97.5 99.4 100 100.3 100.1 99.9 99.2 99.2 97.9 96.2 95.6 94.6 94.2 93.6 90.1 89.9 90.3 94 95 95.3 94.4 96.2 96.4 96.9 96.6 96.9 95.8 95.2 94.9 94.5 94.5 94 93.5 94.1 94.6 94.7 94.2 93.9 93.5 92.7 92.7 93.9 93.9 93.9 93.5 93.2 93.2 93.4
