Game/Highland_Data/StreamingAssets/GeoData/Data/sj/SJ96.asc
ncols 200
nrows 200
xllcorner 390000
yllcorner 360000
cellsize 50
[rows 105 to 139 of 200, columns 78 to 155 of 200]
238.8 240.4 240.9 240.2 238.6 237.6 227.9 214.8 216.8 223.2 226.4 206.3 214.9 218 200.2 179 185.6 199.1 210.2 213.5 215.4 217.3 220.8 221.9 227.6 227.7 231.6 233.6 233.4 231 228.6 226.7 225.4 223.8 220.7 208.6 205.8 208.1 198.4 198.6 206.4 205 186.2 174.9 172.7 172.1 182.5 204.7 224 230 233.5 233.1 237.4 242.7 242.4 241.6 237.2 244.3 244.5 247.5 246.9 249.3 249.1 243.8 238.6 236.9 234.5 233.7 235.2 234.8 227.5 231.1 238.8 244.7 251.5 257.5 264.5 272
236.2 237.1 236.6 235.5 234.3 234.5 234 231.7 221.9 202.7 212.4 199.3 209.9 215.8 198.3 178.3 180.2 196 209.1 214 219.5 220.6 217.1 216.1 222.8 224.6 229.6 231.4 232.5 227.7 224.8 224.8 223.1 218.5 215.4 213.9 212.8 211.5 211.2 207.1 190.4 185.2 183.8 181.2 177.1 172.7 179.6 191.8 221.2 230.5 232.4 231.1 232.2 236 233.3 232.2 231.9 232.5 234.3 235.8 236.7 238.1 238.1 238 237.6 234.9 232.3 231.7 233 223.4 232.8 236.4 237.6 240.8 246.4 251 256.4 261.5
234.2 235.3 235 233.6 232.5 229.6 229.2 230.3 225.9 218.2 199.8 179.8 202.9 208.2 190.7 168.7 184.9 198.3 210.2 213.8 218.1 223.5 223.6 215.3 216.7 219.7 226.9 230.4 231.3 227 221.6 220.3 218.9 216.6 213.9 212.2 211.2 210.1 209.2 209.6 209.6 207.9 206.8 199.1 176.6 173.7 176.2 187 207.5 227.4 229.2 229.1 227.4 227.8 228.2 228.2 228.3 228.5 228.8 228.8 229.7 231.7 231.6 231.6 231 230.3 229.7 229.4 229.1 227.2 232.9 234.9 236.2 237.7 241.9 247 251.9 255
232.3 234.5 236.1 234.3 232.1 230.2 228.2 222.3 218.7 221.2 215.1 190.7 171.8 182.7 166.4 176.8 189.9 209.8 214.7 212.5 215.4 219.8 224.3 216.2 213.7 215 219.4 227.2 229.8 228.8 221.7 218.7 217.2 215.3 212.7 211.5 210.6 209.3 207.3 209.1 208.1 208.9 209.4 206.1 181.8 173.4 170.3 189.4 197.8 225.4 226.5 226.8 226 225.2 225 224.7 224.3 225.3 225.5 226.2 225.7 225.8 226.8 227.2 227.2 227.4 227.7 227.4 221.2 228.3 230.7 233 234.3 234.9 238.3 240.7 246.4 249.7
229.8 232.2 234.6 233.6 231.1 228.5 227.3 222 213.4 211.7 210.4 191.7 176.8 165 171 182.3 201.2 211.2 214.5 211.6 213.9 218 220.9 218.5 212.8 211.7 212.9 220.5 226.7 226.1 219.7 216.4 216.1 212.8 212.7 211.3 210.4 209.2 205.2 204.4 205.7 208.2 209 206.8 191.9 173.7 172.6 168.9 196.4 221.8 222.1 223.3 222.4 221.9 222 222.7 222.6 223 222.7 222.6 223.1 222.8 223.4 223.8 224.6 225.3 224.9 221.4 224.6 228.3 226.9 230.4 231.3 229.2 236 236.5 235.7 246.4
227.6 229.8 232.2 231.7 228.9 226.8 225.5 222.7 212 198.5 197.9 186.1 169.7 165.4 173.8 187.8 202 209.7 210.9 211.3 212.6 216.7 218.1 217.6 217.3 214.8 210.3 210.7 219.7 223.4 219 214 214.3 213 211.5 211.2 211.5 207.3 203 199.4 205.3 206.9 207.9 205.8 186.3 172.5 172.4 169.9 203.8 213.6 215.7 216.4 218.4 219.3 220.3 221.9 221.9 219.7 219.3 219.3 219.6 221.3 222.4 222.2 222.3 222.9 220 218.2 218.3 218.7 221.7 228.4 230.5 234.1 239.9 242.9 244.1 239.2
226.2 227.8 229.2 227.6 226 223.9 219.9 221.2 208.3 203.7 186.4 178 164.8 165.6 179.1 188.5 200.9 206.3 207.7 210.8 212.7 215.4 216 214.4 216.1 214.4 211 209.4 213.3 220.7 218.6 213.7 208 210.2 206.5 204.5 204.2 200.3 196.7 193.3 200.4 203.6 203 202.5 178.4 173.7 170.8 182 205.1 210.8 212.2 212.9 214 216.5 218.2 219.2 218.9 216.8 217.4 218.8 220.3 221.6 222.4 222.5 222.6 218.3 214.5 218.8 223 226.5 229.2 232.6 234.5 240.3 245 248.8 250.4 249.4
224.9 224.9 225 222.7 223 216.4 216.4 218.2 212.6 200.6 184.7 170.6 160.5 167.7 179 188.6 196.6 203.3 206.4 208.1 210.1 213.6 214.9 214.2 214.3 213.4 211.9 209.1 211.7 215 215.2 209.5 205 192.7 195.9 188.7 186.2 187.2 187.8 181.6 187.3 182.2 178.9 182.3 171.6 170.4 169.4 190.5 204.6 208 208.6 209.8 212 211 213.4 213.7 213.4 217.2 219.6 220.8 220.7 221 221.6 221.4 218.1 212.7 217.6 224.6 226.7 230.4 234 234.8 235.2 245.4 252.7 256.6 256.4 255.6
222.9 221.6 222.8 218.2 215.1 204.1 204.6 215.9 207.6 193.6 179.9 169.9 158.5 170.7 181.8 194.5 200.2 201.7 206 207.1 208.8 211 212 212.1 211.8 212.2 213.1 210.2 208.5 212.4 212.5 207.8 195 190.2 179.9 172.4 169.7 169.7 171.4 174.1 171.2 170.4 171.3 169 170.3 172.7 179.7 200.5 202.1 204.4 209.2 211.8 212.9 201.2 213.5 217.7 220.3 222.5 222.6 223.1 224.7 225.8 226.1 224.4 216.2 211.3 222.7 225.2 226.2 231.2 236.2 231.4 238.4 246 256.6 263 264.8 262.7
219.4 217.6 222 219.6 206.6 195.3 194 197.9 203.3 184.6 176.5 164.9 162.5 178 188.7 198.3 199.6 199.7 206.2 206.6 208.1 208.2 209.2 209.9 208.9 210.8 213.1 213.2 210.6 208.4 197.8 199.8 196 180.6 172.4 169.2 167.8 167.4 167.7 168.7 168.5 166.5 166.5 167.1 169.8 175 194.1 203.2 201.4 204.8 211.3 213.9 214.9 199.4 217.5 221.7 224.4 224.3 223.7 224.9 228.2 228.9 226.4 222.6 207 215.9 222.5 223.6 226.3 227.1 229.4 227.8 231.8 240.9 251 259.5 268.7 268.5
213.1 209 218.2 215.5 208.6 194.5 186.6 182.9 181.3 175.2 166.4 158.2 174.9 182.9 190.5 199.6 197.8 198.9 206.5 207.6 205 205.1 206.8 206.9 205.8 207.3 209.9 211 210.1 208.7 201.6 182.6 176.7 163.1 161.5 162.8 164 166.8 167 167 167.4 172.3 181.4 198.5 182.4 173.3 189.7 200.4 200.9 202.5 207.5 210.9 208.5 195.3 216.1 221.7 224.3 224 223.8 225.8 226 224.6 222.8 215.3 208.8 216.8 219.2 220.5 222.1 223 223 224.5 225.9 231.3 241 250.5 259 270.4
197 200 212.8 213.5 210.9 198.7 187.7 179.2 171.6 164.3 158.4 170 181 192.1 198.7 199.1 196.2 198.6 204.9 206.7 206.6 200.9 203.4 202 203.6 204.9 205.7 207.6 207.2 197.3 186.9 169.5 159.4 164.6 173.8 183.1 175.5 172.6 175.3 175.1 182.6 187.9 199.6 202.6 196.8 174.5 175.3 181.9 195.3 193.3 192.6 191.6 194 206.4 213.7 219.1 221.5 221.4 222.4 223.4 223.2 222 220.9 202.4 212.3 217.3 218 218.7 219.7 219.7 219.8 220.9 222.3 225.1 230.5 237.1 247.3 256.8
181.9 186.5 201 202.7 203 196.8 186.4 175.1 165 159.6 171.4 179.7 184.2 197.4 200.7 197.1 194.9 198.3 202.2 201.4 202.4 201.1 197.9 200.3 202.3 205.1 204.5 192.4 183.9 176.7 164.7 157.9 164.9 166.9 179.8 191.8 195.1 200.7 202 196.3 197 198.2 204.6 207.5 204.2 196.9 186.8 176.8 177 186.8 195.9 197.5 205.4 209 211.4 214 215.8 218.4 219.6 221.1 220.9 219.2 215.6 201.5 213.1 216.7 217.4 217.6 217.8 217.9 217.9 218 218.9 221.3 224 229.1 236.5 245.1
164 173.5 185 191 190.7 188.1 179.6 168.9 157.6 162.2 180.6 189.9 196 198.6 195.9 192.9 196.7 199.4 201.4 201.6 198 195.2 187.5 195.9 201.1 203.4 201.2 186.1 179.2 170 157.6 161.3 164.9 171.3 191.7 194.9 199.4 203 206.5 210.7 212.1 208.6 206.8 210.7 210.9 208.2 203.7 196.2 178.3 180 193 200 203.1 204 206.3 208.5 209.5 210.2 212.7 214.6 219.1 217.7 203.7 202.9 212.2 216.6 216.7 216.5 216.7 216.9 217 216.2 216.4 217.9 220.2 222.8 228 232.3
151.8 160 174.6 176.9 180.7 184.2 171.9 160.9 156.4 171.8 185.9 194.8 198 198 193.6 189.6 196 198 200.7 202 200.3 198.3 186.6 197.8 199.9 198.6 198 178.9 174.5 160.4 160.3 161.6 165.7 186.9 194.6 195.6 199.1 203.3 208 212.6 213.8 211.5 208.3 212.5 211.9 210.8 209.4 202.3 185.1 181.8 187.6 198.9 203.2 202 202.6 203.3 195.3 194.4 199.2 201.4 204.3 207.6 197.4 204.1 211.3 213.8 215.3 215.4 215.6 215.8 216 215.1 215 215.7 217.5 219.6 223.4 226.6
144.3 147.3 156.9 166 172 182.2 165.2 154.6 164 177.1 187.9 195.7 199 194.5 190.8 183.8 192.5 194.7 200.3 203 202.8 201.9 188.2 182.8 191.6 178.1 182.1 167 167.5 158.3 161.4 164.1 183.1 192.6 195.1 197 201.3 207.6 210.4 214.8 214.8 214.2 212.4 212.8 214.6 213.3 212.9 205.8 184.2 190.6 181.6 185.2 200.8 198.8 193.4 186.7 185 186.4 189.1 197.8 197.1 195.9 192.5 195.3 195.5 202 207.6 209.9 212.7 214.2 212.9 211.9 213.2 213.2 215.8 218.5 220.9 222.8
146.9 147.1 144.1 147.2 156.1 170.9 167.6 153.1 167.3 177.6 191.5 200.4 190.1 180.2 177 175.2 180.3 180.4 188.4 199.8 200.4 200.2 197.4 181.8 180.3 169.6 162.7 162 161.8 162.1 159.6 164.8 191 192.6 193.5 198.6 206.8 208.5 212.7 217.1 218.8 216.2 215 215.5 222.6 217.9 215.6 205.5 188.9 207.3 192.8 181.9 183.5 184.2 182.6 190.3 195.8 195.9 189.5 187.9 189.3 189.7 190.5 195.7 197.7 193.2 193.5 196.4 199.3 205.3 203.9 211.4 213 214.2 214.9 217.1 217.9 220.8
149.9 150.2 148.9 146.7 144.5 155.2 154.7 157.8 168.3 179.3 187.1 182 173.3 168.2 169.3 163.8 164.6 163 163.7 163.9 175.2 181.8 185.7 181.1 167.1 161.2 159.5 156.7 156.2 157.7 162.4 182.2 191.4 193.4 196.4 203.4 208.3 209.6 213.2 217.3 219.2 217.1 218.5 220.9 226.4 220.1 215.6 199.7 199.8 211.2 206.2 197.7 194.9 191.8 193.9 199 200.2 197.6 200.3 198.5 195.4 193.3 198.8 201.5 203.2 202.2 200.5 197.9 196.5 197.8 203.5 210.1 212.8 214.9 214.9 215.6 217.2 219.3
156.4 156.6 153.9 150.6 144.4 147.1 147.5 158.5 168.2 171.3 168.7 167.1 161.1 164.4 160.2 156.1 155.6 155.1 155.4 156.5 157.4 158.7 159.7 157.9 153.8 156.3 159.7 169.1 168.8 167 163.3 172.2 194.4 199 204.2 207.4 208.1 210.8 214.2 216.7 217.3 216.9 220.7 226 230 221.9 216.5 196.3 202.7 212.2 211.2 209.6 204.7 202.1 205.3 207.2 207 202.4 208.8 208.5 202.4 200.8 194.9 198.9 201.7 202.9 205.1 206.2 206.8 203.6 198.4 201.3 211.5 215.2 214.9 214.9 216.2 218.2
169.8 181.2 167.3 157.3 148.7 147.5 148.3 150.2 158.1 160.4 156.6 158.5 151 151.8 149.8 150.6 150.8 152.1 151.8 155.2 157.6 156.3 156 159.6 162.6 165.8 172.3 180.5 184 181.8 186.2 184.9 185.8 183 189.6 206 209 210.7 214 215.7 215.3 217.4 223.6 230.1 230.5 223.4 216.4 208.3 198.5 211.7 213.6 211.4 213.6 212.6 210.5 213.3 213.5 210.6 214.4 213.1 208.6 207.4 204.4 200.6 203.6 206.4 206.1 204 207.3 209.7 212.9 201.3 203.4 214.3 213.3 213.3 215 216.3
188.4 190 183.6 163.6 151.4 146 146 148.7 149 149.4 149.9 149.2 149.5 150.5 152.9 155.2 154.1 155 154.3 153.1 153.3 158.7 164.8 170.8 173.2 181.2 190.7 190.5 191.6 187 187.3 192.9 198.7 201.4 202.1 198.8 207.5 211.7 213.4 214.3 215.8 220 229.4 234.2 230.9 224 219.1 209.6 200 212.2 214.5 215.6 216.5 217.5 216.8 217.6 217.1 217 215.5 216.9 216.1 212.9 211.9 204.5 209.1 209.9 211.5 211.2 207.5 207.3 213.7 207.8 201.5 213.4 211.6 211.2 212 212.3
194.3 195.6 194.9 180.3 157.9 151.1 151.1 150.2 149.2 149.8 147.5 150.9 151.8 153.1 155.9 155.6 156.6 159.7 160.6 165 171 171.8 182.7 190.9 191.3 195 195.4 193.5 192.6 192.1 194.2 195.9 204.6 212.4 208.4 200.6 207 212.9 213.5 214.7 216.6 221.2 233.5 237 233.2 225.9 218.2 197.1 209.8 216.4 217.2 218.7 218.9 220.8 220.8 221.3 220.6 219.4 218.6 218.6 218 217.5 214.5 211 213.3 213.6 214 214.8 212.4 209.6 208.1 205.6 200.7 206.1 208.3 208.8 209.3 211.7
198.2 198.5 197.8 196.1 180.5 160.7 155.8 159 154.1 154.2 159 159.9 161.7 160.4 169.6 168.4 165.6 174.6 182 187.5 192.9 186.6 189.6 195.1 196.6 196.9 193 192.6 193.7 201 202.4 207.4 211.3 217.2 215.8 202.5 209.1 213.4 214 215.3 217.6 223.8 237.1 238.1 234.5 226.6 217.4 204.7 218.4 220.5 221.4 222.2 223.1 224 224.1 223.9 222.8 222 221.3 221.3 220.7 219.5 215 216.3 217.9 217.6 217.3 216.7 215.3 212.6 215.2 213.1 204.8 202.5 204.2 208.9 211.3 210.4
199.8 198.3 196.6 195.7 183.9 166.5 161.5 160.9 162.1 161.9 162 165.5 170.4 169.8 170 176.6 186.6 194.9 193.2 193.5 194.7 193.9 192.1 196.5 196.1 192.2 191.7 194.7 199.7 206.6 210.7 216.7 221.8 218.3 216.8 211.2 201.7 214.4 215.2 216.6 219.2 229 240.1 239.5 234.9 227.2 216.5 207.5 221 222.3 224.1 225.3 225.8 226.2 226.5 226.1 225.5 225.3 224.2 224.3 223.6 222.9 217.2 221.3 221.3 220.6 219.8 217.9 218.2 218 218.1 217.5 212.4 204.8 208.2 208.2 207.3 207.7
198.6 196.6 194.7 193.1 177.7 163.2 181.4 170.3 168.1 167.3 169.3 173.1 180.1 171.7 174.1 185.8 192.6 193.4 191.5 192 193.2 194.8 194.9 195.8 193 191.9 193.4 198.9 202.8 210.6 217.3 223.3 224.6 224.2 219.7 214.2 203.8 215.7 216.4 218.3 222.7 235.6 241.1 240.3 236.6 231.4 220.2 216.4 223.5 224.7 226.9 227.9 228.6 228.4 228.7 228.3 228.2 228.6 227.9 227.4 226.8 224.9 219.7 224.2 224.1 223.8 221.6 221 221.9 222 221.4 220.8 213.8 211.5 205.9 210.8 209 207.3
196.5 194.4 191.9 190 172.5 175 187.1 190.1 185.3 181.8 183.5 191.2 188.8 176.4 168.7 189.4 193.1 191.3 191 191.9 193 194.3 194.4 193.4 190.1 192.4 195.7 200.9 208.6 218.2 223.7 228.7 226.5 223.8 220 214.3 205.9 216.1 217.8 220.4 228.9 241 242.6 240.7 236.2 231 215.5 217.8 225.5 228.1 230.1 231.2 231.8 231.8 231.3 231.4 231.7 231.8 230.9 230.3 229.2 223.5 227.1 227.4 227.3 226.7 225.2 224.2 225.3 225.5 225 223.9 220.6 220 213.7 209.5 214.4 207.6
195.2 191.6 188.9 184.6 175.4 181.3 188.4 189.7 191.9 193.1 194.3 192.7 190.9 175.6 183 191.9 191.7 189.9 191.4 192.4 192.7 191.3 191.5 190.6 191.6 194.5 198.6 210 217 226.4 230.2 231.1 227.6 224.2 219.5 209.2 214.5 217.6 219 222 230.8 241.9 244.1 240 233 221.3 217.7 217.4 220.5 229.4 232.3 233.9 234.8 235 234.5 234.8 235 234.4 233.4 232.7 228.9 229.5 230 230.2 230.2 229.3 228.3 228.3 229.8 230.1 229 226.3 224.8 222.5 222 213.1 214.6 211.5
195.4 191.7 185.8 180.6 176.9 175.9 183 186.8 191.4 193.8 194.5 193.5 190.7 181.1 180.9 189.8 187.6 190.5 192 191.7 190.6 190.5 190.2 192.4 194.1 197.2 205.7 213.8 222.6 231.6 234.1 232.6 228.9 222.8 216.8 212 216.5 218.2 220.3 223.9 230.8 239.1 238.1 229.9 222.3 225.3 229.3 221.6 222.4 225.8 233.8 236.2 237 237.3 237.5 238 237.7 237 236 233.4 232.8 233.4 233.3 233.4 233.6 233.6 232.9 232.5 234.4 233.8 232.1 228.6 228.6 227.5 224.2 220.9 222.3 218.6
197 194.3 191.6 189.1 187.8 184.9 186.3 189 192 194.2 194.7 194 192.2 188.9 174 187.2 189.2 191 190.6 190 189.2 188.5 190.3 194.8 196.3 201.3 207.5 217.1 228.2 235 235.1 232.7 228.9 221 220.6 219.6 213.1 219.9 222.3 226.6 234.3 236 242.5 236.9 226.4 231.3 232.9 226.2 233 228.9 233.1 237.6 238.9 239.5 239.9 240.3 239.5 239.4 238.8 235.6 236.2 237.4 237.6 238.2 238.8 239.2 238 237.8 238.5 237.3 235.4 233.3 232.3 231.5 228.1 224.9 226.2 224.7
199 196.8 195.4 193.3 191.2 189.4 189.5 191.9 193.7 195.3 196.6 196.4 195.2 190.5 178.9 189 190.2 189.1 188.6 188.5 187.5 189.4 195.8 199.5 201.4 204.4 210.8 221 230.3 235.8 235.6 232.3 231.1 222.9 223.3 222.8 221.2 215.4 224.6 228.8 235.7 242.8 245.2 239.6 226.8 234.7 236.2 231.9 236.9 236.1 229.8 239.5 241.1 242.1 242.5 242.6 242 242 239.9 239.3 240.8 243.2 243.2 243.6 245.4 246 245.8 244 243.1 241 239.2 237.1 236.3 234.7 231.1 230.6 230.5 229
200.2 199.3 198.1 196.7 195.4 193.9 193.5 192.8 194.8 195.6 196.3 195.7 193.1 190.7 177.2 189.4 187.8 186.4 187.2 187.1 189.4 193 196.1 200.6 204.4 208.9 215.5 224.7 231.5 235.8 236.1 232.2 229 227.8 229.1 227.7 225.3 222.8 226.8 232.5 238.8 246 247.9 241.2 232.5 238.5 239.4 238.5 239.8 240.7 240.1 240.7 243.6 244.9 245.5 245.7 245.4 244.9 243.7 243.7 246.6 248.4 249.9 251.4 252.9 252.8 251 249.9 247.5 245.1 243.7 242.6 240.1 238 229.3 234.7 234 232.1
201 201.3 200.6 199.8 197.4 196.3 195 193.9 191.3 193.7 193.3 192.6 191.6 188.7 180.8 187.2 184.8 185 185.7 187.4 192.5 194.8 197.8 202 207.4 215.3 222.6 227.7 233.6 237.7 238.4 236.9 235.1 235.2 236.5 234.9 232.7 227.6 229.1 236.5 241.9 247.6 249.6 244.7 236.3 241.3 242.1 241.9 242.8 243.6 243.9 241.3 246.7 247.6 248.1 248.7 248.6 247.9 247.7 249.2 251.8 253.7 255.4 257.8 258.4 258.2 256.7 256.1 253.5 250.6 248.3 246.2 244 237.8 237.2 239.5 237.9 235.3
197.2 200.8 201.1 200.1 197.7 194.8 193 191.6 190.1 189.4 189.1 190.5 191.5 186.2 182.7 184.5 184.6 187.5 188.5 190.9 193.5 196.1 199.9 205.1 216.2 224.4 230.4 234.2 237.4 240.6 242.4 242.5 241.8 243.2 244 242.6 239.8 236.8 225.1 241.4 244.8 250.2 252.1 244.2 239.6 242.6 244.7 245.3 245.8 246.6 247.6 240.6 249.6 250.8 251.2 252.2 252.4 252 252.3 254.5 256.9 258.7 260.4 262.2 261.5 263.2 263.9 261.3 258.7 256.3 253 250.8 245.9 240.6 243 244 241.7 238.7
189.3 199.9 200.9 199.3 195.8 191.3 188.7 187.3 185.2 189.3 191.4 190.2 189.2 184.3 179.4 181 183.4 189.8 192.2 192.9 194.9 198.9 204.3 215 226 232.1 236.2 239.1 241.7 243.7 246.5 247.9 248.9 249.7 251.1 250.4 248.6 246.3 231.7 243.5 247.9 253.1 255 249.1 247.3 244.2 247.9 248.1 248.6 249.9 251.2 245.1 252.9 254.6 256 256 256.5 256.9 257 259.8 262.3 263.2 266.3 267.9 269.1 269.4 269.2 268.5 264.8 262.6 258.1 254.7 249.8 247.7 249.6 248.3 245.3 242.4
184.6 196.4 199.6 199 194.1 183.9 181.5 184.6 186.3 189.6 190.2 188.4 186.1 183.9 184 183.7 187.5 191.3 192.8 194.7 197.2 201.7 211.9 222.7 231 237.4 242 244.7 246.7 252.7 257.6 257.6 255.3 255.6 257.2 257.9 254.4 250.3 233 248.2 252 256 256.2 252.6 250.8 249.7 250 251.1 251.8 253.2 254.4 252.8 255.4 258.6 259.3 260.2 261.2 261 261.8 264.7 267.8 271.3 275.7 276.6 276.5 274.9 273.6 272.2 269.8 268.1 264.6 259.4 255.4 254.3 254 252.2 249.1 245.8
