Game/Highland_Data/StreamingAssets/GeoData/Data/sj/SJ97.asc
ncols 200
nrows 200
xllcorner 390000
yllcorner 370000
cellsize 50
[rows 0 to 34 of 200, columns 78 to 155 of 200]
196.1 201.6 210.8 216.2 220.9 221.9 221.4 219.6 218 227 235.1 239.4 241.9 247.4 253.7 257.4 257.6 254.9 241.9 239.7 239.4 243.8 249.9 257.6 272.5 275 279.5 284.9 288.8 293 301.5 308.1 317.2 329.4 338.1 337.8 336.9 336.8 334.6 334.7 335.7 336.9 338.8 338.6 336.4 334 328.3 335.7 341.1 344.4 344.5 346 348.8 352.5 356.5 361.6 368 375.4 381.1 380.3 379.8 386.3 394.4 404.2 410.6 410.2 405.9 394.2 384.9 377.1 372.9 365.4 356.4 345.1 347.6 355.1 362.8 370.4
194.6 202.1 209 216.5 220.6 220.2 216.5 216.5 222.7 232 238 240.5 243.9 249.6 255.9 259.9 257.6 243.4 236.6 236.1 239.1 242.5 248.3 256.5 266.8 277.8 279.9 284.4 291.3 297.5 314.3 315.7 330.3 328.8 327.3 326.2 324.8 324.9 324.2 327.3 329.8 330.8 332 330.8 326.6 322.5 331.5 336 338.8 338.5 340.1 342.3 346.5 351.8 357.2 362.2 367.7 374.2 375.1 374.7 378 384.4 394 403.8 412.3 412.1 406.3 394.9 385.4 380.8 380.2 370.6 361.7 354.6 353.6 359.5 367.3 374.3
194.7 202 206.9 213.2 216.2 216.5 216.5 225.4 228.6 234.5 238.6 242 247.3 252.7 260.6 260.6 245.5 235.8 233.7 232.9 237 241.3 246.6 258.1 262.8 272.8 279.1 284.5 292.3 301.1 309.2 313 313.4 315.2 317.5 318 318.4 318.6 319.6 322.3 324.5 325.9 325.5 325.6 317 325.9 330 333.7 334 332.6 336.7 341.5 348 352.7 357.6 363.1 366.8 367.6 367.3 369.4 374.6 383 391.8 402.5 411.3 411.3 402.1 390.6 383.1 381.9 380.1 375 367.3 360.3 359.5 363.7 371.5 378.3
199.9 200.1 204.5 209.2 213 212.6 225.7 225.6 232.1 235.9 239.7 244.9 251.1 257 261.3 253 237.4 228.1 228.2 230 235.1 239.6 245.9 259 256.1 269.2 283.1 284.5 292 298.3 301.1 305.5 308 309.6 310.8 312.4 313.2 313.4 315 317.7 318.9 318.6 317.7 313.2 319.3 324.1 327.6 329.2 329.7 331.8 338.4 344.1 348.9 353 358.3 363.7 363 363 360.3 366.7 375.1 383.9 391.5 403.1 408.6 408.4 391.7 383.1 376.6 378.6 381.2 376.2 370 365.3 365.2 368.6 375.4 381.6
207.1 199.5 203.1 211.4 210.7 215.5 223.6 230.7 234.3 236.4 243.9 248.1 254.2 257.9 258.5 241.9 226.7 220 222.7 227.3 236 238.3 244.4 254.4 256.2 270.3 274.4 281.6 284 291.3 292.3 299 304.2 305.7 306.8 306.4 307.3 308.9 310.4 312.4 312.5 312.6 311.7 312 317.8 321.8 324 324.9 324 332.2 339.5 345.6 350.5 354.9 359.6 359.1 357.8 352.6 359.4 367 375 382 391.8 401.9 405.5 400.6 383.8 375.3 370.5 374.1 379.3 376.6 368.2 363.2 366.8 369.4 375.9 384.1
212.6 200.9 203.7 209.7 212.3 221.2 228.2 233.1 237.7 240 245.4 250.5 256.2 257 243.3 228.5 216.5 222.1 224.9 228.6 228.6 233.3 239.2 241 243.6 247.8 253.1 261.4 270.9 277.6 289 292.8 301.7 304.3 302 300.5 300.8 303 304.3 306.7 307.3 306.9 303.2 311.2 316 319.3 319.5 318.4 322.7 331.7 339.4 345.3 350.9 355.4 354.9 352.5 348.3 352.5 361.2 368.1 374.7 382.7 391.8 399.4 401.3 386.8 374.7 364.9 363.5 370.5 377 372.5 364.6 356.5 360.3 367.2 376 384.4
212.1 204 203.5 211.8 220.7 227.3 232.2 237 239 242 246.5 251.9 256.6 250.4 233 216.6 218.4 220.1 228.7 234.4 239 243.1 241.6 238.8 247.9 245.1 251.5 261.6 267.3 274.2 281.2 285.8 291 293.8 296.9 296.6 294.4 298.5 300.9 302.5 303.1 303.3 301.6 308.4 313.6 315.6 313.5 314.7 324.6 332 338.9 344.8 350.2 348.3 346.3 339.4 346.9 355.9 363.7 369.4 375.6 383.8 391.7 397.8 390.5 373.9 363.1 353.9 356.5 366.9 372.1 366 355.3 347.1 353.6 364.4 374.5 377.7
207.7 202.8 206.9 219.6 226.5 232.5 237.7 239 243.5 247.3 251.1 254.1 255.2 237.1 222.2 212.3 217.2 224.5 231.7 236.4 240.2 248.5 252.6 250.9 253.2 255.3 256.6 250.5 258.1 264.6 268.6 272.7 277.7 280 285.7 289.4 288.1 297.6 299.6 299.5 299.7 298.5 297 306.9 310.9 309.3 307.5 316.4 324.6 332.7 339.8 344.6 341.9 339.9 333.3 341.8 349.5 357.2 363.2 369.7 377 385.2 392.8 392.6 377.8 362.5 351.8 344.4 350.1 363.4 366.4 357.2 344.6 336.9 348.7 360.9 371.8 365.5
206.8 205.2 215.6 224.7 231.7 236.5 238.4 240.1 244.3 249.9 251 250.6 244.1 227.2 212 207.3 217.2 222.5 229.5 233.7 241 248.8 257 261.3 258.4 257.8 259.4 261.3 260.4 252.9 257.7 260.5 269.9 273.6 276.8 279.1 285.8 293.1 306.7 297.8 295.6 286.8 301.7 303.6 302.5 304 309.7 311.4 315.5 325.3 333.4 330 331.1 329.9 337.3 342.2 351.8 356.8 362.2 369.3 376.9 385.4 391.2 386.2 368.3 350.3 340.1 337.5 348 358.2 358.8 346.6 334.7 333.5 344 356.3 367.4 356.7
209.2 206.6 221 229.6 234.8 237.7 239.6 243.1 247 251.2 250.3 241.7 225.5 213.9 205.6 212.7 217 221.7 226.7 233.1 240.8 249.7 259.4 267.9 271.3 263.9 261.5 263.9 266.5 269.6 272.8 271.3 260.8 261.3 266.8 271.9 279 287.9 293.8 293 283.2 288.2 294.2 294.8 303.8 308.5 314.2 320.4 326.7 327.9 329.3 333.1 333.7 335.2 338 344.4 352.4 357.2 363.5 370.9 377.8 384 386.4 378.7 363.4 344.3 333.2 329.6 345.4 350.8 349.5 334.7 321.8 328.1 339.7 352.3 361.6 343.2
210.3 208.5 224.4 233.9 237.4 239 241.3 246 249.3 251.5 248 232.3 216.5 206 205 213.1 215.7 222.3 225.3 229.4 238.2 249.2 258.9 265.1 268.8 269 269.7 267.9 271.7 276 278.9 283.5 290 285.3 281.4 282.9 283.6 273.6 275.5 277.4 283.7 297.2 300 303 307.1 311.8 317.4 322.9 331.1 336.7 341.3 341.4 340.9 341 340.5 346.4 352.7 359 365.3 370.9 377.5 382.8 383.6 373.1 358.5 337.5 325 328.1 336.4 338.9 338 323.4 313.1 323 336.7 348.2 349.9 333.3
219.8 209.5 216.1 229.5 238.2 240 244.1 247.7 249.8 249.6 240.8 224.7 207.4 201 210.3 213.3 215.7 220 224.2 227.9 233.5 246.9 254.7 257.9 262.4 265.3 266.3 268.3 270.6 273.3 278.2 284.8 292.6 295.2 295.3 294.8 295.5 294.4 295.3 298.1 300 303.6 305.3 309.1 312.2 316 320.8 327 335.3 340.5 345.9 349.1 347.6 346.1 345.5 348.9 354.1 360.4 366.5 371.4 377.7 383.6 380.5 370.8 360.1 343.9 322.8 317 319.3 325.9 324.3 313.5 307.8 318.6 333.9 338.4 335.9 322.6
234.4 216.7 207.9 212.7 226.2 239.5 242.7 246.3 247.6 243.4 230.5 217.8 200.5 204.1 209.6 214.6 217.8 220.6 225.5 230.1 234.8 241.6 247.6 251.6 257.4 260.6 259.9 263.8 270.7 277.3 283.7 290 295.2 299.5 302.7 307.6 309.4 309.9 309.8 311.5 311.1 314 317.3 320.2 323.3 322.7 328.7 334.5 340.8 345.6 349.3 352.5 352 350.2 349.7 352.8 354.6 362.6 368.1 373.4 378.5 384 377.7 368 357 344.8 335.2 318.1 305.4 310.1 309.2 303.9 303.6 316.5 330.8 324.6 320.1 308.1
242.1 227.8 212.7 201.9 208 221.3 230.7 239.6 247.1 241.6 227 210.5 198.2 204.7 207.7 213.4 219.3 223.9 226.5 231.9 237.2 241.6 244.5 248.1 250.6 253.4 261 267.3 273.1 279.3 285.3 291.3 297.1 301.6 306.7 311 315.9 321 326.5 331.3 335.2 339 339.8 340 332.5 330.2 335.8 341.7 346.7 350.8 354.2 356 355.7 354.2 354.6 355.3 357.7 364.5 370.2 373.9 379.1 383.7 374.8 366.6 359.7 349.6 339.4 328.8 310.8 298.1 293.7 292 300.6 310.4 317.8 308.9 301.9 294
243.3 234.2 212.2 199.9 196.4 201.9 206.2 214.9 218.5 221.4 218 203.7 197.6 202.6 206.1 210.4 218.2 223.4 226.6 229.1 233.6 238 242.8 243.2 247.4 253.9 261.9 267.7 273.6 279.9 285.9 291.7 297.5 302.8 308.2 314.2 319.3 324.7 330.6 336.4 341.7 346.5 349.9 352 339.9 337.5 339.6 346.8 352.1 356 359.6 361.5 362.4 362.4 361.8 358.3 358.1 361.5 367.4 369.4 375.4 375 369.3 365.8 358.7 346.1 338.1 333.1 324.5 313 299.5 286.2 290.9 299.9 300.4 293.5 286.4 281.1
248.2 238.9 213.1 202.1 195.9 195 195.6 198.9 197.8 198 198.7 196.5 196.3 199.6 204.2 210.2 215.2 218.1 220.3 223.2 228.5 234.2 236.2 237.4 245.8 252.7 259.5 266 271.5 278.7 286.3 292.2 298 303.4 309.2 315.1 320.9 326.7 332.5 338.3 344.4 349.7 353.6 356.5 344.8 342.1 344.2 350.3 357 360.5 363.9 366.3 367.8 368 366.8 367.6 358.1 352.5 355.8 360.1 363 364.1 363.7 362.9 355.7 348.4 348.3 341.9 338.3 329.1 315.3 292.7 281.4 282.2 282.5 279.1 269.6 266.1
254 246.4 224.6 211.5 202.1 197.1 196.7 194.3 193.5 193.8 194.9 194.9 193.9 195.3 200.3 204 210.4 210.8 209.8 213 218.4 227.4 234.7 239.6 242.3 251.8 259.5 267 274.3 281.1 287.5 293.8 299.6 305.1 310.3 316 321.8 327.6 333.4 339.5 345.7 351.4 356.2 358.6 351 346.6 347.4 353.6 360.4 364.2 367.4 370.5 371.9 370.9 369.1 367.1 350.1 344 347 350.8 355.3 357.8 359.7 360.2 361.6 361.7 357.5 351.1 347.6 339.4 324.2 304.5 289.9 280.7 275.3 272.6 275.1 272.7
261.6 259.9 243.3 233.1 230.7 219.1 215.4 209.2 195.9 193.1 193.4 193.1 192.3 192.4 195.8 200 204.7 210.2 215 222.2 228.7 233.2 240.7 248.2 253.3 256.3 262.4 266.9 273.8 281.8 288.7 295.3 301.1 306.7 311.8 316.9 322.6 328.5 334.3 340.7 346.8 352.4 357.3 358.1 352.2 347.9 349.4 355.8 362.3 367 370.7 372.8 374.3 371.2 365.6 351.6 339.4 336.5 340.2 344.8 349.3 353 355.8 360.1 364.9 366.7 364.1 359.3 355.4 347.7 337.7 323.8 307.5 296.7 290.3 282.8 279.3 279.3
266.3 266.3 263 250.4 248.1 235.9 230.9 214 198.6 194.4 192.4 191.7 190.6 190.8 195.8 201.1 207.6 214.2 220.7 226.7 232.5 238.2 246.4 253.9 258.8 262.9 267.4 273.3 278.7 283.3 289 295.7 302 307.3 313.3 318.4 323.5 329.3 335.3 341.8 347.8 353 357.4 355.6 348.3 348 350.2 357.4 364 368.6 372.9 374.7 375.8 370.4 351.8 337.2 331.7 331.5 336.8 341.2 344.6 348.2 352.6 358.5 364 367.5 366.4 364.4 361.5 354.7 346.7 334.4 331 315.9 304.3 299.4 292.4 292.7
269.4 270.9 272.8 254.8 252.8 241 227.1 214.4 197.8 194.8 193.5 190.7 187.2 188.7 195.5 204.3 211.8 218 224.2 230 235 242.2 250.7 258.4 263.8 268.2 272.3 277.4 282.3 287 292.2 297.5 302.4 308 314.1 319.6 325 329.9 335.6 342.7 348.9 353.4 345.5 343.9 344.5 346.8 351.9 359.1 365.5 370.2 373.8 375.2 374.4 357.9 339.6 328.6 324.4 326.8 334.5 336.7 340.4 344.9 351.1 356.8 361.8 363.5 362.4 367 365.6 358.5 348.7 340 342.9 343.3 332.2 323.5 317.8 317
271.9 274.3 275.2 260.8 252.3 238.5 224.3 208.9 196.6 194.7 194.7 195 188.2 184.1 193.8 208.3 215.1 221.2 227.3 232.9 237.7 244.7 253.9 261.2 267.6 272.4 276.6 280.6 284.6 289.6 294.8 299.9 305.1 310.6 317.3 321.3 326.3 330.5 334.7 338.4 339.7 339.4 338 338.1 342 345.8 352.5 359.7 366.7 371.4 373.2 372.2 362.4 342.5 326.6 319.5 319.9 326.9 329.2 332.6 336.7 343.5 349.1 353.6 356.5 354.9 356.4 363.9 364 356 344.9 340.5 348.2 361.4 359 346.2 335.8 330.3
273.2 276.9 277.1 265 248.2 230.2 217.3 205.8 197.1 195.4 197.1 196 189.7 184 198.2 210.1 217.1 223.1 229.1 233.8 238.5 246.4 256 263.8 270.7 275.9 279.8 284.7 287.1 291.8 297 302.1 307.5 313.3 317.8 323.3 328.3 327.2 326.1 328 330.1 331.8 332.3 336.3 340 345.3 352.2 360.3 366.9 370.9 368.4 357.3 343.2 327.9 316.1 308.6 318.5 322.2 324.3 328.3 334.9 341.3 345.5 347.9 346.8 344.4 352.1 358.1 356.3 344.7 338.8 339.2 350.4 366.1 369.4 357.2 347.7 339.6
274.5 280 281.3 262.5 242 224.9 214.1 205.2 198.8 196 195.2 192.4 184 182.7 200.8 211.3 217.5 222.6 227.8 230.8 235.6 246.2 257.9 266.1 273.2 278.9 282.9 286.1 290 295.2 300.4 304.1 303.4 304.7 308.1 311 315.4 316.4 318.2 321.4 323.8 326.2 330.4 335.2 339.7 344.7 352.3 360.8 365.3 360.1 350.9 337 324.1 313.5 300.9 310.1 316.2 316.7 318.9 325.6 333.3 338.4 339.6 339.6 333.5 340.8 347 349.1 341.1 333.6 332.9 339.6 351.3 367.8 374.6 365.1 355 346.1
272.6 281.3 281.9 261.3 241.3 224.1 211.8 205.3 200.7 195.6 191.5 186.3 180.3 188.2 200.9 211 215.9 219.5 223.1 223.9 232 243.4 257.8 267.5 275.2 281.2 285.3 290 293 295 292.2 291 291.9 295.3 299.4 303.3 306.3 309.6 310.8 316.3 318.8 324 328.4 333.4 339.2 345.4 353 358.6 351.5 340.5 330.4 319.1 309.6 302.5 298.8 309.5 310.4 312.2 315 323.1 329.3 332.6 331.3 326.2 328.8 335.8 338.7 336.4 328.4 324.3 329.7 339.2 352.1 367.3 375.9 371.8 361.1 350.2
265.7 274.4 273.8 254.3 239.1 224.2 210.3 202.7 199.4 196.1 189.1 180.8 182.4 189.4 203.3 210 213.1 217.5 215.4 219.1 226.4 233.5 239.9 252.8 261 269.2 276.8 274.8 275.3 279 281.7 284.3 287.2 291.1 294 294.7 298 298.7 305.3 312 317.8 323.4 327.9 333.3 339.4 346 351.4 344.6 330.5 319.7 311.8 302.9 296.4 287.6 297.2 302.9 304.3 302.8 312.4 318.8 324.4 324.2 319.8 315.9 322.1 326.5 327.7 323 315.9 318.2 327.3 338.6 352.4 365.2 375.6 374.7 364.3 352.6
252.2 255.6 251.7 238.7 231.8 222.8 205.2 196.5 189.9 190.3 184.3 178.1 184.5 190.2 202.1 205.9 208.2 210.4 209.9 213 218.4 226.6 233.2 242.1 248.4 254.6 259.7 262.5 265.2 271.6 274.6 278.3 282.3 284.7 285.1 281.9 291.2 302.5 308.8 313.8 317.9 322.9 327.9 333.2 337.8 339.2 330.9 319.4 309.9 302.7 295.8 291 279.3 287.3 294.9 299.5 297.5 302 309.1 313.4 317.1 313.6 307.5 310.6 314.1 316 314.3 309.3 307.4 315.8 326.8 338.8 351.2 363 374.1 374.9 366.7 355.1
237 232.1 229.3 225.1 221.6 218.3 202.4 187.5 182.9 183 183.1 175.4 186.5 190.6 198.4 201.9 203.2 205.9 205.8 208 210.9 219.9 227.1 235.4 241.6 247.7 251.2 255.6 258.6 262.9 268.4 271.8 277.5 282 271.8 271.7 289.7 301.3 306.7 306.9 310.2 314.5 312.3 313.6 315.3 312.9 304.8 296.9 292.8 288.5 283.9 276.2 278.5 286.8 291.9 293.5 289.2 299.1 303.6 305.7 305.6 302.1 299.7 304 304.7 305 300.7 299.6 307.9 315.3 327 339.3 351.6 362.2 372.1 379.8 371.8 358.8
230.3 224.1 220.6 216.6 213.3 209.9 198.6 183.6 181.2 180.9 174.5 178.3 184.6 190.9 195.1 195 196.9 202.8 200.7 203.1 206.6 216.3 224.8 229.2 232.5 237.8 241.9 245.3 249.7 253.3 255.7 259.7 263.9 267.8 255.7 259.4 272.8 282.1 284.1 281.7 284 285.2 286.3 288 288.8 287.2 284.1 281.9 278.5 277.7 276.4 270.8 273.2 282.7 286 286.2 288.2 294.8 294.7 294.5 294.6 292.4 293.3 296.9 295.6 294.1 296.1 301.6 308.1 316.1 329.2 341.6 353 363.6 373.7 385.4 379.2 361.8
230.2 222.7 214 211.7 208.4 205.8 194.9 183.5 181.2 181.3 173 180.8 182.6 185.8 186.3 185.9 191.5 196.4 198.1 198.3 200 210.9 217.3 217 215.8 219.8 223.3 227.7 234.7 237.2 237.6 237.4 243.9 246.6 242 243.7 250.7 256.2 259.9 261 261.8 262.2 264.2 265.4 266.2 268.9 269.6 269.9 265.4 267.5 266.5 257.5 268.9 276.1 279.2 275.3 284.5 285.8 283.5 284.8 284.2 284.8 287.5 287.8 285.7 289.2 293.6 300.3 308.2 319.2 330.6 342.9 355.1 366.8 376.1 390.7 380.6 363.2
229.6 224.1 212.5 206.8 202.9 198.8 192.3 184.6 180.7 180.6 170.8 183.4 176.8 174.9 176.5 178.1 176.8 181.5 185.7 189 191.5 194.5 198 201.5 203.8 204 205.9 209.8 215.4 217.9 222.8 222.8 229.3 231.5 227.7 230 235.4 236.7 237.4 238 242.9 245.2 248.8 250.7 252.9 253.9 259.6 260.1 258.4 257.9 254.9 254.3 263.2 271.1 271.9 269.7 275.3 274.3 275 275.3 276.3 277.4 277.9 278.6 283.6 286.5 291.5 299.5 308.5 318.1 332.2 344.6 357.6 370.3 380.4 392.5 378.6 362.1
229.9 229.9 213.1 204 199.4 195.3 191.3 184.8 179.4 178.8 171.7 176.6 173.8 170.3 172.5 174.1 173.6 175.6 177.9 178.5 178.7 181.1 185.3 189.9 190.5 189.6 188.5 189.2 198.5 201.1 206.7 209.6 214.3 218 218.2 217.7 219.1 214.8 210.2 212.8 218.7 224.4 230.2 238.3 240.2 241.7 244.7 246 248.3 247.5 242.7 253.3 260.8 267.2 267 265.3 267.7 265 267.7 267.3 268.3 271.3 276.2 280.4 286 289.8 295.8 301.8 309 319.6 333.1 345.8 359.7 372.4 382.5 391.4 377.9 362.5
231.2 233.5 217 201.7 196.6 192.8 189.4 182.8 180 180.3 167.7 167.5 181.1 183.3 185.8 183 183.6 183.4 180.4 179.9 186.3 182.6 180.4 181.4 185.1 187.1 189.9 190.1 191.5 196.8 193.1 196.1 202.5 204.5 207.8 206.4 201.2 212.3 213.7 211.8 211.9 212.1 215.7 219.4 223.5 226.8 226.5 229.4 229.5 233.8 245.2 253.1 259.5 261.3 259.4 257.8 258.1 266.2 268.5 271.3 274.2 276.9 281.4 286.3 290.4 294.7 298 302.5 308.8 320.2 333.4 345.7 360.6 372.6 382 389.4 377.7 363.4
233.1 234.1 215.1 201.6 195.4 189.1 184.7 181.4 180.6 180.2 165.8 166.8 180.5 186.8 186.7 187.5 188.5 188.3 190.2 188.7 195.1 196.8 198.4 190 193.9 194 198.4 198.1 199.5 201.9 202.7 195.3 194.5 196.2 199.8 197.7 203.8 210.8 220 222.3 224.5 226.9 226.5 224.2 222 222.9 222.9 224.6 227.7 228.4 238.4 246.8 250.5 252.5 251.4 253.6 265.6 272.1 274.6 275.3 278.7 283.6 288.2 289.6 290.4 291.4 295.1 299.5 306.8 320.1 332.7 345.5 358.8 371 380.4 386.5 378.7 366.5
229.2 231.6 210.3 199.8 193.3 184.8 180.9 180 181.4 172.7 165.7 174.2 182.9 186.1 188.1 190.2 192.2 191.2 196.2 196.4 196.3 199.8 202.2 200.4 198.3 201.2 203 202.8 200.5 203.8 207.3 209.1 201.8 197.2 204.2 210.6 212.2 208.1 209.7 218.6 224.1 227.6 228.8 229.8 231.2 231.6 231.7 234.3 237.7 235.6 231 233.4 235.6 236.5 244.9 258 264.8 266.8 268.2 271.1 276.6 283.1 288.5 287.6 288.3 287.8 291.4 296.6 305.8 319 331.4 342.7 355.8 368.1 378 383.8 379.1 367.7
223.3 217.6 203.8 193.3 190.4 181.4 178.5 181.5 183.4 166.7 166.6 176.4 182.6 185.8 188.3 190.5 194.6 196.6 201.2 203.9 202.1 202.4 205.3 204.7 204.3 205.9 206.9 207.1 206.4 207.2 208.4 210.6 204.9 212.1 202.4 213.1 217 218.2 211.8 211.3 220.9 225.2 228.6 230.4 233.4 236.6 237 241.6 244.3 246.1 245.5 243.2 242.7 248.8 237.8 245.8 250.3 246.2 255.4 263.7 269.4 278.5 281.8 281.2 281.8 283.5 288.7 295.7 306.3 316.2 328.6 340.7 353 364 375.9 380.7 377.5 368.7
