Game/Highland_Data/StreamingAssets/GeoData/Data/sj/SJ98.asc
ncols 200
nrows 200
xllcorner 390000
yllcorner 380000
cellsize 50
[rows 0 to 35 of 200, columns 0 to 79 of 200]
60.5 63.5 71.4 73.1 77.3 77.7 77.7 78.7 79.3 80.8 81.6 82.3 83.2 83.5 83.4 84.3 85 86.5 86.3 86.5 87.7 88 86.8 86.4 86.6 87.5 87.6 87.7 87.2 88.1 88.3 88.4 84.1 65.5 53.9 49.5 50.6 51.3 52.5 52.8 52.9 53 53 54.7 55.2 56.7 57.7 60 63.8 64.5 71.9 79.2 82.4 86.2 88.5 90.8 93.8 97.3 98.7 100.5 103.2 106.2 106.7 108.2 109.7 109.8 110.4 111.8 112.6 111.9 107.4 96 77.2 64.8 62.1 62.2 62.5 62.6 63.1 63.5
62.6 62.3 70.4 72.3 73.9 74.9 76.2 78 79.7 80.9 81.9 82.6 83.5 83.1 84 84.5 85.3 86.5 86.8 87.3 87.8 87.3 86.6 86.5 86.6 87.3 87.2 87.7 87.7 87.9 88 88.8 88.8 79.7 58.8 50.3 47.2 51 50.8 51.9 52.9 52.9 52.9 53.9 54.3 55.7 56.6 57.3 63.4 64.4 65.5 69.9 74.6 78.1 81.5 85.7 88.2 91.6 94.7 97.4 99.6 102.2 104.2 106 108.2 108.8 109.2 109.7 110.1 109.3 106.5 97.2 76.2 61.9 61.8 61.4 61.6 61.9 62.3 62.8
65.5 65.9 69.1 70 71.7 73.6 76.2 77.7 80.3 81.3 82.1 82.3 82.5 82.3 83.7 85.2 85.6 86.8 87.2 86.9 86.3 85.6 86.1 86.3 86.7 87.3 87.5 87.7 87.5 87.6 88.7 89.1 88.9 84 66.8 53.7 53.1 50.4 47.2 50.5 51.8 52.4 52.8 53.2 53.6 54.4 55.4 56.4 59.1 63.5 64.6 65.6 69.4 71.2 73.2 77.8 81 84.8 88.6 91.1 94.3 97.4 100.6 102.4 103.5 105.1 105.9 106.4 106.5 105.4 101.6 95.2 76.4 62.2 61.2 61 60.7 61.1 61.6 61.9
69 66.4 69.4 69.6 71.9 75.7 76.8 77.6 80 80.8 81.9 82.4 82.7 82.8 83.8 84.9 85.2 86.9 86.9 85.5 84.7 83.5 84.8 85.4 86.4 87.4 88.1 87.6 87.8 88.3 88.9 88.9 88.6 88.2 72.8 55.4 54.9 55.1 53.1 47.2 50.3 51.3 51.6 52.1 52.5 53 53.9 54.5 56 56.8 63.9 63.6 66.2 69.9 71.1 71.9 74.2 77.5 83.2 86.5 89 92.3 95.5 95.4 97.9 100.2 101.7 102.4 102.8 101.9 100.5 94.1 73.9 61.1 60.7 60.4 60.4 61 61.3 61.5
76.6 74 65.5 69.9 70.3 71.1 71.9 75.7 77.2 79.5 80.9 81.7 79.8 82.4 84 84.4 84.7 85 86.1 85.3 84.2 83.3 83.8 84.9 86.5 87.6 87.3 87.1 87.9 88.6 88.7 88.6 88.6 89.1 78.3 58.3 55.6 54.8 62.6 65.2 53.3 47.3 49.9 50.7 51.5 51.9 51.9 52.1 52.4 48.8 51.4 53.9 62.5 64.9 69.1 70.9 72 73.5 76.2 79.7 82.4 85.3 87.4 89.5 91.9 93 94.2 97.4 97.8 98.7 99.3 95.4 72 61.6 60.3 60.5 60.5 61.1 61.4 61.2
77.1 76.7 67.7 68.7 69.2 70.9 71.9 73.2 76 78 78.7 80.3 80.7 81.4 83.6 83.8 84.3 85.9 85.6 84.7 84.7 83.9 84.6 85.6 85.6 85.4 84.9 86.8 87.7 87.9 88.1 87.9 87.8 88.5 88.2 71.7 64.6 67 83 83.8 69.1 58.3 57 49.2 48.2 49.7 51.9 57.6 57.6 53.2 56.9 49.8 50.5 59.6 62.7 65.3 71.2 71.9 65.8 67.5 73.6 76.6 81.6 84.5 85.9 87.3 89 91.2 94.2 97.1 97 93.5 75.1 61.4 60 60.3 60.3 60.6 61.3 60.7
76.2 72.2 69.5 68 68.4 71.4 72 73.1 75.6 76.4 79 80.4 80.9 81.3 81.9 82.1 83.3 84.5 84.6 84.2 84 83.6 83 84.2 83.7 84.6 85.4 85.5 86.4 86.9 87.1 87.6 87.5 88.1 88.2 87.7 85.9 87.3 89.5 90.2 88.4 79.1 69.1 65.5 63.9 65 64.6 66.5 67 67.2 58.9 56.7 50.7 55 58.5 60.8 66.3 60.1 59.9 58.8 59.5 61.3 73 74.9 77.2 79.1 80.9 83.6 87.3 92.8 92.8 91.6 74.1 60.1 59.4 59.4 59.3 60.4 61.3 60.3
75.8 77 76.3 67.6 68.2 71.5 72.2 73.2 75 77.3 79.2 80.4 80.7 80.8 80.8 80.6 82.1 81.9 82.9 83 82.8 82.8 83.9 85.3 85.8 86.3 86.6 86.1 85.4 86.2 86.7 87.7 87.7 88.4 88.6 88.4 88.5 88.7 89.3 90.5 90.7 90.4 89.1 83.3 77.8 79.3 81 82.6 83.8 74.2 61.3 62 64 47.3 57.2 57 57.3 57 58.8 58.4 58.7 59.6 67.2 69.7 70.8 73.1 74.9 75.6 77.8 81.9 84.6 87 68.4 58.4 59.8 59.5 59.3 59.6 61.3 60.8
78 77.9 75.5 67.7 67.9 67.8 72.5 73 73 78.5 79.4 80.7 81 81.4 81.4 80.9 80.8 80.4 81.3 81.4 82.7 83.7 84.9 85.9 86.1 87.2 86.4 86.4 85.9 85.6 86.8 87.3 87.7 88.6 88.7 88.7 88.8 89.3 89.8 89.9 90.4 90.1 90 90.1 90 90 88.8 87.5 84.6 72.2 57.6 64.6 74.7 68 51.1 49.2 48.4 48.9 55 57.1 58.2 59.1 58.9 62.4 65.4 66.2 67.6 69.3 69.2 71.4 75 75.1 62.2 58.6 56.9 59.5 59.7 60.5 60.6 60
78.8 78.4 72.9 70.3 68.1 67.3 68.8 72.6 73.3 79.1 79.9 81.3 81.2 81.5 81.1 81.7 81.9 81.7 82.5 82.9 84.3 84.7 85.5 86.3 86.1 86.6 85.7 86.1 86.1 85.9 86.9 87.5 87.9 88 88.9 88.9 89.1 89.7 89.8 89.7 90.3 90.3 90.3 90.2 90.1 90.4 89.8 87.9 84.6 73.1 58.4 65.3 81.1 83.8 75.9 67 62.8 63.3 58.3 52.7 49.8 52.8 57.3 59.5 62.7 64.6 64.9 65.8 67.2 68 67.9 68.4 62.1 55.5 59.1 55.4 59.1 60 60.6 61.4
78.1 76.3 71.9 71.1 67.7 67.8 70.9 74 76.7 75.9 79.1 80.5 81.1 82.6 81.3 80.8 77.5 82.3 84.1 84.7 84.9 84.8 85.1 86 86.7 86.7 87.7 86.6 86.5 86.3 86.7 87.3 87.9 88 88.7 89.1 89.5 89.6 89.3 89.3 90.2 90.2 90.2 90 89.8 90.1 90.2 87.9 85.6 75.3 60.8 63.2 80.8 87.1 86.6 82.2 79.6 76.9 73.4 70.4 59.7 51.2 51.2 55.1 59.9 63.1 64.1 64.7 65.2 63.2 61.3 60.9 60.3 55.4 60.6 60.8 58.6 59.6 60.4 57.9
79.1 78.1 77.1 74.7 75.2 71.5 72.4 75.4 78.7 79.5 78.6 79.6 81.5 82.5 82.1 82 82.2 82.8 83.7 85.5 85.4 85.5 85.7 87.1 87 87.5 87.7 87.5 87.2 87.2 86.9 87.4 87.9 88.5 88.8 87.7 89.2 90 90 89.9 90.2 90.2 90 89.8 89.6 89.9 89.9 88.7 86.6 78.1 61.4 60.1 77.6 87.5 87.5 87.3 87.4 86.6 80 70.8 61 59.9 55.1 52.5 52.7 59.1 60.6 61.2 61.6 59.4 58.9 59 55 57.6 60.7 60.8 56.9 60.4 60 56.9
78.8 78.9 79.5 77.9 75.9 74.8 73.7 73.2 78.9 78.9 79.5 81.3 81.2 80.7 81.4 81.5 81.6 81.6 84.5 85.7 85.8 86.5 87.1 87.3 87.6 87.3 87.3 87.3 87.3 87.2 87 87.5 88.1 88.9 89.4 89.3 88.9 89.8 90.8 90.4 90.5 89.8 89.7 89.1 89.3 89.3 89.1 88.2 86.3 80.6 62.6 59 73 86.7 86.4 87.4 90.9 87.3 72.8 70.2 61 60.8 54.9 56.9 51.3 57.9 60.5 59.3 59.4 58.9 58.8 58.7 56 58.9 59.8 60.6 57.1 56.6 56.4 65.8
78.7 79.2 79.3 77.7 77.2 76.1 73.8 77.3 78.8 79.3 79.5 80.7 81 81.2 81.3 81.3 81.6 81.6 85 85.5 86.4 87.2 87.4 87.9 87.5 86.4 87 87.3 87.1 87.3 87.1 87.7 88.3 89.2 89.8 89.1 89.4 90 90.8 90.9 90.6 90.3 90.9 90.5 89.8 89.2 88.2 87.2 85.6 77.9 64.5 60 60.3 77.4 87.3 87.2 91 80.7 68.4 65.3 62.3 59.7 55 55.7 51.7 57.3 58.5 59 58.5 58.4 58.4 58 55.2 58.2 59.5 62 63.4 67.3 74.9 79.8
78.6 78.9 79.3 78.4 77.4 76.9 76.6 76.5 79.2 77.3 79.1 80.9 81.4 82.2 81.7 81.3 81.9 81.2 85.3 86.2 86.9 87.8 88.3 89.1 88.4 86.7 87.2 87.3 87.1 87.5 87.6 87.6 88.4 89.2 89.8 89.7 90 90.6 91 91.3 90.8 90.5 91.2 91.6 91.2 90.2 88.2 85 83.4 84.4 82.8 69.1 61.2 69.2 87.3 85.9 86.1 69 55.5 55.8 60.3 59.2 54.7 54.3 52.9 57.6 57.1 57.4 57.7 57.6 57.5 57.5 53.7 57.9 63.1 65.3 69.1 78.3 80.3 83.2
78.3 78.7 79.1 78.7 78.4 75.5 76.3 76.8 75.5 74.8 79 80.8 81.7 82 83.1 82.7 82.5 84 85.1 86.2 88.1 88.9 89.5 89.4 89 88.7 88.3 87.4 87.4 87.7 87 88 88.9 89.7 89.6 89.5 90.5 91.2 91.7 91.1 91.1 91.2 91.6 91.8 91.5 91.1 89.5 87.8 87.6 87.2 85.8 71.9 60.1 67.5 88.2 85.5 78.3 59.4 55.9 55.9 55.3 54.4 54.1 54.6 51.9 55.9 56 56.6 56.2 56.3 56.3 56.5 53.6 59.1 70.8 77.1 79.7 81.2 77.3 83.2
78.2 78.8 79.1 78.8 75.9 74.8 75.8 77.1 78.6 78.7 78.7 79.8 80.6 81.6 82.1 82.3 82.5 85 85.4 86 87.8 88.7 89.7 89.9 89 88.8 88.2 87.3 87.3 87.6 88.3 89 89.8 89.6 89.5 89.9 90.8 90.9 91.4 91.3 91.3 91.1 91.1 89.9 90.9 90.3 89.8 89.5 89.1 88.5 87.2 72.1 62.6 69.4 84.1 85.1 75 56.7 56.2 56.3 56 56.1 54.9 54.4 51.8 55.2 55.3 55.4 55.7 55.8 55.9 55.9 56.3 59.7 73.8 82.5 83.7 83.4 83.7 83.8
78.8 79.7 79.7 77.7 75.6 75.3 76.6 77.4 79.1 79.6 78.8 80.5 80.8 81.5 81.7 82.6 82.6 85.4 85.4 86 87 88.9 89.9 90.4 88.9 88.6 88.7 86.9 87.2 87.7 88.4 89.5 89.7 89.6 89.6 90.1 90.8 90.9 90.2 89.9 91.4 90.2 90.6 91.2 90.7 89.7 89.7 89.6 89.7 88.6 86.1 68.4 65.2 72.4 84.4 84.6 82.2 60.7 56.8 56.7 56.6 56.6 55.8 54.3 51.9 55 55.2 55.2 55.8 56 56.5 54.5 58 59.3 74.8 84.7 87 88.3 87.8 86.8
79.6 79.6 79.3 78.5 75.4 75.6 76.8 78.1 79.9 79.5 80.2 81.2 80.8 82 82.6 84.7 84.6 85.4 85.8 86.2 88.1 89.2 90.2 90.2 89.4 89.3 89 88.3 87.5 87.7 88.4 89.2 89.5 89.3 89.2 89.8 89.7 89 88.4 87.3 90.3 90.2 90.2 90.6 89.8 88.9 89.1 89.3 89.5 87.4 84.7 62 68.2 77.6 84.6 84.6 84.4 68.1 59.2 56.6 57 56.8 56.4 55.5 52.2 54.9 54.9 55 55.5 55.9 55.4 57 57.9 57.5 72.5 85.6 89.2 90.5 90.7 90.4
79 79.4 79.1 78.8 76.7 75.7 77.2 78.6 80.6 80.3 81.7 80.9 80.9 85.6 84.9 84.5 84.8 85.2 85.9 86.4 87.9 89.3 90.5 90.5 89.5 89.5 89.4 88.8 87.8 88 88.4 88.9 89.2 89.3 89.4 89.3 88.2 87.6 87.6 87.2 89 88.9 89.3 89.4 89.5 87.8 88.5 88.4 87.7 86.5 82.2 63.2 69 79.1 84.4 84.6 84.6 80 62.7 59.2 57.3 56.6 55.9 55.6 55.6 52.2 54.5 54.7 54.8 52.9 59.1 59.1 58.4 58.1 68.8 83.4 89.8 90.9 91.4 91.8
77.9 78.8 79 78.7 77 76.6 78.4 79.7 80.7 81.1 81.6 81.2 81.6 86.3 85.9 84.3 84.9 85.2 86.2 86.8 88.2 89.7 90.7 90.7 89.7 89.5 89.4 89.2 88.1 87.7 87.7 87.6 88.9 89.1 89 89.2 87.1 86.5 85.8 85.1 87.3 87.6 87.1 87.2 86.1 85.6 86.2 85.2 84.6 85.2 83.7 62 66.4 77.3 83.3 83.6 84 80.2 64.4 58.7 58.1 57.5 55.7 55.8 55.8 56.2 56.2 57.2 58.6 59.7 59.6 58 61.1 59.2 70.8 87 91.2 92.2 92.9 93.1
77.9 78.3 78.9 78.4 74.9 77.4 79.1 81 82 81.8 82.5 82.3 84.2 86.7 86.4 83.5 85.3 86.6 87 87.4 88.1 89.6 90.6 91.4 89.5 89.6 89.5 89.3 88.8 88.4 87.6 87.5 88.2 89 88.7 88.4 87.4 85.9 85.2 84.5 84.7 84.9 85 85.1 84.8 85.1 86 87.3 86.9 79.1 78.6 71.9 67.1 71.4 82.6 82 82.6 78.3 68.7 59.1 58.7 58.4 58.8 55.7 55.7 56.2 56.5 57 58.6 56.3 61.6 68 82.9 65 64.8 85.3 92.3 93 94.5 94.5
78.1 78.5 78.9 78.5 76.8 78.7 79.8 80.8 81.6 82.6 83.6 83.7 85 86.2 85.3 85.3 86 86.7 87.6 87.6 88.3 90 90.8 91.4 91.3 89.6 89.4 89.3 88.9 88.1 87.5 88.2 88.5 88.9 88.1 89.3 88.6 88.6 87.8 85 84.3 84.1 84.2 84.3 84.5 85 86.1 87.2 86.2 82.7 80.1 78.5 69.2 68.7 80.1 80.4 78.2 77.3 76.9 64.8 59.3 58.4 57.7 55.9 56.2 56.1 56 57.1 61.2 76.2 80.9 79.4 85.3 71.9 61.4 81.5 90.8 90 94.7 96.7
79.2 78.8 78.8 78.6 78.7 79.4 79.6 80.2 81.7 82.1 83.4 84.2 84.1 84.6 85.2 85.8 86.1 86.6 87.8 88 88.3 89.6 90.8 91.2 91.6 89.7 90.7 89 88.5 87.7 87.9 87.6 87.3 87.7 87.8 87.9 88.4 88.5 88.9 87.9 84.5 84.2 84.3 84.4 84.7 85.1 85.2 85.1 83.6 82.6 81.7 79.6 70.5 68.9 75.1 80.8 76.8 77 83.5 71.6 64.8 62.4 60.7 57.3 56.8 57.9 62.4 70.1 79.8 85 86.7 83.6 87.1 81.3 61.4 70 82.3 92.2 94.3 93.8
79.3 79.6 79.5 78.8 78.7 79.3 79.6 80.2 81.2 81.9 82.5 82.8 83.7 84.5 85.5 85.6 86.2 87.1 88 88.6 88.6 90 90.7 91.1 91.3 91 90.7 89.8 88.5 87.8 86.9 87.2 87.1 87.3 87.7 88 88.7 89.1 89.4 89.1 87.9 84.3 84.4 84.5 84.8 84.8 84.6 81.9 81.8 81.8 80.3 77.9 67.5 69.8 71.8 73.8 77.9 82.3 82.7 87.2 76.7 70.9 66.7 66.7 70.3 73.1 83.2 89.1 93.1 93.6 87.2 82.8 85.6 90.9 70 70.1 76.4 80.2 79 78
79.3 79.7 79.6 78.5 78.3 78.4 79.4 80.7 81.5 82.2 82.5 83.6 84.5 84.6 84.6 86.1 87.1 87.5 87.3 88.8 88.4 89.4 90 90.6 90.6 90.9 90.7 90 88.8 87 87.1 87 86.9 87.8 88.7 88.6 88.9 89.3 89.3 89.1 88.9 86.5 84.2 84.4 84.4 84.3 84.2 81.1 75.4 71.2 69.8 71 70.4 70.8 74.2 76.6 80.7 83.3 86 91.4 90.7 90.1 85.5 84.8 92 92.1 92.5 94.7 96.8 98.1 91.6 83.6 85.7 90.7 80 70.4 70.1 70.2 82.5 90.4
79.4 79.4 79.4 79.4 77.9 78.1 79.4 81 81.6 82.6 82.5 83.9 85 84.6 84.9 86.5 86.8 87 87.2 87.5 88.2 88.9 89.3 90.1 90.4 90.6 90.2 89.6 88.6 87.7 87 87.1 88.1 88.5 88.7 89.2 89.1 89.3 89.2 89.7 89.3 87.8 84.8 84.5 84.4 84.4 84.2 83.4 83.9 81.6 74.6 69.4 69.4 71.3 76.2 80.1 82.3 86.1 89.9 92.6 93.6 94.2 93.6 92.7 91.5 90.6 91.5 93.9 95.5 98.2 93.3 85.8 85.1 89.1 75.8 84.2 75.5 73.3 92.1 97.5
79.5 79.3 79.7 79.7 78.6 77.5 78.8 80.1 82.1 82.6 82.7 84 84.9 85.3 84.6 87.3 87 86.7 87.3 88.3 88.4 88.7 88.9 89.5 90.3 89.8 89.7 89 88.6 88.5 87.3 87.5 88.4 88.6 88.7 89 89.2 89.3 89.3 89.2 89.2 85.4 85.4 85.5 84.8 84.7 84.7 84.4 84.2 76.5 68.7 68.5 75.8 79.6 81.9 82 85.2 89.4 92.2 92.2 92.3 93 92.4 90.7 89 88.7 89 90.3 94.3 98.5 94.9 87.8 84.4 87.6 86.7 93 87.3 66.5 85.5 98.5
79.1 79.4 79.6 79.3 78.5 77.4 77.7 80.2 81.6 82.2 82.8 83.6 85 85.7 86.4 87.6 87.5 87.3 87.6 88.5 88.7 88.5 88.6 89.2 89.5 89.4 89.5 89.2 88.6 88.7 87.5 87.2 88.5 88.6 88.3 87.8 87.7 87.6 88.5 88.9 87.8 85.9 85.9 85.8 85.1 84.1 83.9 82.5 76.7 68.3 69.5 76.7 79.9 83.8 85 86.6 88 91.3 91.1 87.8 86.5 88.2 89.1 87.1 87.2 86.7 87.3 87.4 90.8 99.2 97.6 92.6 84.6 83 89.1 92.9 94.5 72.5 75.5 93.2
79 79.1 79.1 78.9 78.4 77.6 77.2 79.7 81.3 81.8 82.2 83.3 84.7 86.7 86.2 87.5 87.6 87.6 87.5 87.9 88.4 88.1 87.6 88.3 89.1 89.1 89.3 89.4 89 87.9 87.3 87.1 88.5 88.3 87.1 86.7 86.4 87.1 87.1 87.4 85.6 86.5 85.2 85.3 81.1 78.4 76.7 74.3 69.2 69.2 73.5 75.4 78.4 82.5 86.3 87.5 89.9 89.9 87.5 82 80.1 82.1 83.5 83.2 85 85.5 85.9 85.6 90.2 96.4 98.1 96.7 90.6 85 87.9 94 98.7 81.1 67.8 79.2
79 79.3 79.4 79.3 78.8 78 77.3 78.4 80.6 82.2 82.8 84.1 85.7 86.4 86.7 86.8 87.1 87.2 88.1 86.3 87.5 87 87.5 88.2 89.1 89.3 89.3 89.3 88.9 88.3 87.6 87.3 88.2 87.4 85.2 86.7 86.9 86.8 86.5 86.2 84.8 85.1 83.2 78.6 75.8 73 71.9 70.3 68.8 68.9 70.5 71.3 73.1 77 80.1 83.6 85.4 83.3 83.1 79.7 77 78.1 80.8 81.4 85.3 85.8 84.9 85.4 89 94.1 96.8 95.8 94.8 88.7 89.1 93.9 99.4 99.6 81.1 69
79.3 79.4 79.4 79.7 79.1 78.5 78.4 78 79.5 82 82.5 83.4 84 85.6 85.6 85.9 86 86.3 85.8 84.7 85.2 86.7 87.7 88.3 89.2 89.4 89.6 88.7 88.6 87.6 86.9 86.7 87 86.9 86.2 86.3 88.6 87.4 86.3 86.2 85.3 84.4 79 75 72.6 71.3 69.8 69.7 69.4 69.3 68 70.3 72.9 74 73 76.5 77.4 75.8 73.6 74.5 75.5 76.8 77.7 79.3 81.9 83.5 82.7 85.3 91.2 94.4 94.5 93.6 92.4 91.3 93 96.8 98.5 99.4 99.7 86.2
79.1 79.4 79.4 79.3 78.7 78.7 79.3 78.6 78.5 80.9 82.3 82.9 83.6 84.5 85.2 85.2 85.4 86 85.5 84.6 84.3 87.1 87.8 88.4 89 89.6 89.4 87.5 87.8 87.8 87.4 85.4 85.7 86.4 86.5 86.5 86.8 86.7 86.4 86.4 86.6 81.5 77.6 74.2 72.5 70.9 69.7 69.7 69.4 69.3 68.7 69.8 70.3 71.2 70.9 71.2 72 71.2 71.8 72.8 73.5 75.4 75.8 77.3 79.7 80.6 82.3 85.1 89.8 94.5 94.2 91.1 91.5 90 89.5 91.5 93.2 96.9 99.6 99.3
78.4 78.9 79.3 78.9 78.8 80 79.3 78.9 79.1 78.8 81.7 81.4 81.7 83.5 84.4 85.1 85.3 85.3 85 84.8 85.7 87.3 87.6 88.1 88.5 89.1 87.4 87.2 87.3 87.3 87.4 85.8 85.1 85.1 86.7 87.9 87.6 88.5 87.5 86.9 85.9 80.7 77.1 74.5 72.9 72.1 70 69.9 70.1 69.6 69.9 70 70.3 70.8 70.7 70.4 70.9 70.8 71.3 71.7 72.6 72.1 74.3 76.3 76 79.4 82.1 84.5 88.8 93.8 95.1 93.6 90.2 89.7 92.4 94.8 96.8 100.3 101.6 101.1
78.5 80.2 79.1 80.3 80.2 80.1 79 79.3 78.5 79 79.4 80.1 80.8 82.4 83.2 84.3 85 84.4 84.5 85 85.5 87.2 87.5 87.7 87.7 87.6 87.1 86.4 86 86.8 87.4 86 86.7 85.4 85.5 85 86.8 88.5 88.3 87.6 82.8 80.9 78.7 75 73 72.6 70.6 69.8 71.2 71.9 71.2 70.2 70.5 70.4 70.5 70.5 70.8 70.7 71.2 71 71.4 72.1 73.2 74.5 75.6 78.1 80.5 82.8 89.9 91.8 95.6 98.4 96.2 92.9 96.5 98.4 99.5 101.4 103 103.2
79.2 78.9 79.5 80.2 79.2 79.5 79.2 79 78.4 78.6 78.8 80.5 80.5 81.5 82.5 83.2 83.7 83.9 84.4 85.4 86 87.1 87.8 87.7 87 85.7 85.6 85.6 85.4 86.3 87 87.1 87.1 86.7 86.3 85.8 85.3 85.6 84.5 85.1 81.7 80.7 79.3 76 74.5 73.6 71.1 70.2 71.2 72.6 71.7 70.6 69.4 70.9 70.4 70.2 70.4 70.7 71.2 71 72 73.1 73.4 73.5 74.8 76.5 81.5 85.3 86.9 94.2 97.9 99.2 97.6 96.8 96.5 99 100.8 101.9 103.3 103.6
