Assets/StreamingAssets/GeoData/Data/tv/TV59.asc
ncols 200
nrows 200
xllcorner 550000
yllcorner 90000
cellsize 50
[rows 38 to 75 of 200, columns 84 to 167 of 200]
106.6 106.3 105.9 106.4 107.5 108.9 109.2 109.6 109.3 109.2 109.8 110.3 110.8 111.5 112.6 113.7 114.9 114.8 114 111.7 106 97.6 96.7 101.3 100.9 98.3 93.6 87.5 81.4 76.9 72.9 66.7 61.8 56.2 52.4 52.7 54.3 55.3 55.2 55.5 55.6 57.4 61.5 66.6 77 84.7 90.5 95.6 99 102.1 104.4 108 112.1 115.3 117.7 119.9 122.9 126.4 129 131.3 133.2 134.7 136.4 137.7 138.9 139.6 139.3 139.2 139.2 138.8 139.5 142.5 145.7 147.5 149.1 150.2 150.2 146.9 148.7 147.2 145.6 141.9 139.1 140.3
102 100.7 100.5 102.3 106 107.9 108.4 108.2 107.3 105.9 106.5 108.3 109.4 110.5 112.1 113.5 114.6 114.7 114.2 112.2 106.6 97.1 89.8 89.8 90.1 93.4 89.1 83.2 76.3 71.5 65.1 59.9 52.8 51.7 50.6 51.5 52.3 54.1 54.6 56.3 59.1 61.3 68.8 78.3 84.2 90.7 94.8 98.3 100.7 103.1 105.6 110 113.7 117.2 120.1 122.7 125.3 127.3 129 131.2 132.9 134.2 135.6 136.4 137 136.9 136.4 136.2 135.3 135.7 138.4 142.4 145.3 146.7 148.2 148 147.2 145.6 143.8 142.3 139.6 136.9 134.2 138.3
95.7 92.5 94.2 100.2 105 106.9 107.5 107.4 105.9 102.7 101.5 104.5 106.3 108.6 111 113 113.9 114.1 113.7 112.4 108.7 99.3 87.3 80.5 79.3 80.5 79.7 76.3 70.8 63.3 57.8 51.6 50 49.8 50.4 52.7 55.6 58 59.8 63.4 69.9 75.8 80.5 85.5 88.6 93 95.6 96.9 99.1 101.3 105.2 109.8 114.2 118 121 123.6 126 127.7 129.5 131.2 132.6 133.7 134.5 134.8 134.6 133.7 131.5 131.1 131 134.3 139 142.7 144.8 146 146 145.3 143.6 140.6 139 134.4 132.9 130.7 130 135.9
93.3 86 88.8 97.7 102.7 104.7 105.5 104.9 103.5 100.1 95.9 96.9 101 104.6 107.9 111 112.1 113.2 113.2 112.6 109.1 102 91 78.8 72.9 70.1 71.3 69.3 65.1 60.3 53.2 49 48.6 50 52.8 56.9 62.4 67.3 71.9 75.4 79 82.1 85.7 88 90 92.1 93.8 94.8 96.3 99.5 103.6 108.5 113.8 118.2 121.5 124 126.6 128.3 129.8 131.2 131.9 133 133 132.6 131.3 129 126.5 126.2 130.2 136.3 140.1 142.6 143.9 144.3 143.7 141.7 138.8 136.1 130 128.5 127.1 125.8 128 134.3
89.5 81.2 86.3 93.6 98 100 101.4 100.7 99.3 96.3 89.8 90 94.6 98.8 103.2 109.6 110.7 112.1 112.4 112.6 110.9 106.9 99.4 85 72.3 66.4 63.2 62.2 59.7 55.1 50 47.4 48.6 52 55.7 60.7 66 72 76.2 79.8 81.6 82.4 84.7 86.2 87.2 89 90.7 90.9 94.1 98.7 103.7 108.2 112.7 118.5 121.9 124.2 126.4 128 129.6 130.6 131.3 131.4 130.5 128.8 126.1 121.9 122 127.4 132.3 137.3 140.5 142 142.6 142.3 140.8 137.8 134.7 127.6 124.3 123 122.1 122.2 127.2 133.2
83.9 77 82.9 88.3 91.9 94.2 95 95.2 93.4 89.2 84.3 85.4 90.3 95.1 99.9 105.2 108.6 110.4 111.4 111.8 111.9 109.9 105.6 96.7 82.8 71.9 62.2 58 53.4 50.6 47.2 45.9 48.5 52.4 56.8 63.5 70.3 74.2 77 78.4 79.8 80.9 81.6 82.2 83.4 83.3 86.2 90.8 95.7 100.9 106.5 111.4 115.5 119.2 122.2 124.2 126 127.3 128.7 129.5 129.5 128.7 126.9 124.1 118.3 116.8 123.4 129.6 134.2 138 139.8 141.3 141.2 139.7 137.2 133.6 126.1 121.8 118.4 117.1 117.6 120.5 126.6 131.3
77.8 72.7 79.2 83 85.4 87.1 87.9 87.5 85.3 81.3 80.5 86 94.3 99 102.3 104.5 106.9 109.4 110.7 111.4 112.2 111.1 108.3 103.5 95.3 85.6 76.9 66.7 52.8 47.8 45.3 45.1 48.8 52.5 57.6 64.9 70.7 73.4 74.7 75.7 76.2 76.5 76.8 77.3 79.6 83.7 87.6 92.9 98.3 104.9 109.5 114.3 117.3 120.1 122.4 124.1 125.6 126.8 127.4 127.6 126.8 125 122.5 116.9 112.8 118.3 125.9 130.9 135.1 137.6 138.9 139.4 138.9 136.8 133.2 128.4 121 115.3 112.6 112.4 114.5 120 125.2 128.7
71.6 68.6 73.7 76.9 79.1 80.7 80.2 79.2 76.6 76.3 80.7 91.4 98.7 103.1 105 106.4 108 109.3 110.1 111.2 111.1 110.6 107 102.8 96.9 88.8 80.2 69.7 54.6 45.9 44.2 44.4 48.8 52.9 59.7 66.4 69.4 70.9 71 71.1 71.3 72 74.3 77.5 82.8 88.4 92.1 96.5 103.6 107.4 112.3 115.7 118.4 120.7 122.5 124 124.9 125.5 125.7 124.8 123.3 120.6 116 109.4 111.9 120.8 127 131.7 135.1 136.5 137.7 137.5 136.5 133.6 129.2 121.5 116.1 110 109.2 116.9 119 119.9 122 125.5
65.5 64.3 68.6 71.7 72.8 73.1 71.7 70.3 72.4 77.4 86.5 96.5 101.9 103.8 106 107.3 108.3 109.5 110.5 110.3 109.8 107.8 103.1 97.5 89.4 82.5 75.1 65.8 54.8 46 43.3 44.5 48.1 54 61.6 65.8 67.1 66.5 66 66.3 67.8 71.9 74.9 79.2 84.5 90.1 95.6 100.5 105.7 110.2 113.5 116.7 118.8 120.8 122.2 123.1 123.7 123.7 122.7 121.3 118.8 114.8 108.1 106.8 114 122.2 127.8 131.8 134.1 135.6 136.1 135.8 133.7 129.6 122 114.4 110.2 106.5 112.9 119.6 124.1 126.9 128.2 131.1
60.3 60.6 63.8 66 66.5 63.8 64.5 68.3 75.7 85.3 93.6 99.3 102.8 104.2 106 107.2 108.3 109.2 110 109.2 106.7 103 96 84.7 76.9 73 65.7 60.9 51.2 44.3 42.5 44.8 49.3 56.8 62.3 64.1 63.1 61.6 62.3 66 69.8 73.4 76.7 80.3 85.2 91.4 98.1 103.9 108.8 112 114.9 117 118.9 120.1 120.8 121.3 121.4 120.8 119.1 116 112.8 108.1 103.1 107 116.5 123.6 128.1 130.7 132.8 134.1 134.3 133.2 130.4 126.6 116.3 108.4 104.1 107.3 114.5 121.4 127.1 131.1 133.6 136.2
55.8 56.6 59 60.1 59.7 58.7 63.7 72.8 81.1 88.5 94.3 96.5 101 103.2 105.5 107 108.1 108.8 109.3 108.2 107.5 105.3 98.9 89.9 70.8 62.8 60.4 53.2 47.1 42.6 42.1 45.4 52.7 59 61.4 60.6 58.9 58.9 63.1 67.4 70.1 73.2 77.4 81.4 86.6 93.7 100.7 106.7 110.8 113.4 115.4 117 118.2 119.1 119.3 119.1 118 116.3 113.1 108.9 104.2 101 101.3 109.7 118.6 124 127.5 129.6 131 132.1 132.1 130.4 126.9 122.1 110.6 103.9 100.9 109.5 116.8 123.4 128.8 132.4 135 137.5
52.8 52.7 54.4 54.7 55.9 58.9 66.3 73.7 79.4 84.8 89.6 94.5 98.5 103.3 105.3 107 108.3 108.7 109.1 109.3 109.3 108.5 104.1 92.2 69.4 56.7 52.7 48.3 43.6 41.9 42.6 48 55.6 59.1 58.9 56.8 55.6 58.3 62.1 65.4 68.9 72.7 76.7 81.7 87.8 95.8 103.1 108.6 112.1 114.3 115.9 117.2 117.5 116.1 116.6 115.6 113.2 110.1 105.4 99.2 95.7 97 104.1 113.1 120.1 123.7 125.7 127.8 129.2 129.8 129.9 127.6 123.5 115.4 105.3 99.5 103.3 110.8 117.2 123.1 128.2 131.4 133.9 135.7
49.1 48.9 51.8 54.2 61.2 66.2 70.7 74.2 79.6 86.3 92 97 101 103.8 105.4 107 108.1 109.1 109.6 109.6 109.9 109 104.8 88.5 68.6 56.4 50.2 45.7 41.8 41 43.6 51.3 56.8 57.3 55.9 53.5 53.5 56.6 60.2 63.7 67.5 71.8 77 82.3 89.8 97.1 104.8 109.8 112.4 114.3 116.1 116.7 116.7 114.9 112.5 110 106.6 103 97.5 91.3 92.6 100.7 109.1 115.4 115.9 122.3 123.9 125.9 127.3 127.9 127.5 124.5 120.1 109.2 100.4 96.1 103.4 110.3 116.1 121.6 125.6 128.4 130.7 132.5
46.6 48.6 54.4 63.6 71.3 74.3 78.5 82.3 86.6 91.6 96.6 99.5 101.8 103.9 105.4 106.7 107.8 108.8 109.7 109.9 110.2 109.5 105 86 66.2 55.1 48.4 43.6 40.7 40.3 46.2 53.6 55.5 54.3 52.3 51.6 52.9 56.8 61.1 65.6 68.7 72.3 77.1 85.2 93 101.6 106.7 110.5 112.7 114.5 115.4 115.6 113.7 110.7 106 102.6 99.2 95.4 89.5 87.8 96.2 105.5 112.3 116.4 118.7 119.2 121.3 124 125.3 125.8 124.6 121.7 118.1 106.3 97.3 95.3 102.6 109.3 114.8 119.2 122.6 124.9 127 128.6
46.3 52.1 63.9 71.2 75.9 78.7 82.1 86.1 90.2 94.5 97.8 100.3 102 103.5 104.8 106.1 107.2 108.3 109.2 109.8 110.1 109.4 104.6 87.2 65.7 54.3 46.9 42.2 39.4 39.7 49 53.8 53.4 50.7 49 50.8 56.4 60.2 64.3 68.3 72.4 76.1 81.1 89 97.2 103.2 108 110.9 112.9 113.9 113.7 112 109.2 104.7 100 95.1 91.5 87.4 84.4 89.8 100.5 107.6 112.4 114.2 115.9 116 119 121.9 123.3 123.3 121.3 118.5 113.5 105.6 95.3 92.6 101.6 108 113 116.5 118.8 120.8 122.8 123.9
54.2 63.8 70.7 74.9 77.1 79.2 82.7 87.3 91.7 95 97.6 99.7 101.1 102.6 104.1 105.5 106.7 107.8 108.6 108.9 109.2 108.5 104.6 90.5 67.4 54 46.1 41.1 38.4 41.2 49.7 52.4 50.5 47.1 48.2 56.1 62.2 66.2 69.2 72 75.8 81.4 88.9 94.5 100 105.1 108.5 111 112.1 112.4 111.2 107.1 102.5 96.7 91.5 87.3 83 81 82.3 94.1 102.8 107.6 110.2 111.7 111.5 113.2 117.2 119.6 120.7 120.1 118.1 114.6 109.9 104 94.3 91 100.6 106.4 110 112.3 114.5 116.6 118.6 119.5
65.8 70.5 73.2 74.4 75 78.4 82.7 87.1 90.8 93.5 95.5 97.4 99.3 101.3 103.1 104.6 105.8 106.6 107 107.9 107.9 107.2 104.7 94.8 71.6 55.7 45.7 39.2 37.9 39.8 48.1 50.5 47.6 45.5 48.9 60.2 66.2 70.9 73.8 76.5 81.2 87.8 93.5 98.4 102.8 106.8 109.1 110.2 110.7 109 105.4 99.9 93.3 84.8 79.8 77.2 76.5 77.8 87.7 96.8 102.6 105.7 107.3 107.4 106.6 111 114.7 116.7 116.9 115.6 113.3 110.1 105.9 101 93.8 88.6 98.1 102.5 105.5 107.6 109.6 111.8 113.8 114.6
70.1 71.3 71.6 71.3 73.2 77.7 81.8 85.2 87.2 88.6 90.1 92.7 95.4 99.1 101.9 103.9 104.8 105.2 104.6 102.5 104.5 105.5 104.5 97.7 74.9 56.9 46.1 38.2 36.7 38.3 44.3 46.6 43.3 44.5 52.1 61.3 67.6 71.8 74.7 79.6 86.3 91.2 96.7 101.2 104.7 107.3 108.8 108.9 106.7 104 98.4 91.9 80.5 72.3 70.6 71.9 76 85.2 92.6 97.8 100.6 101.8 102.1 101 103.3 108.5 111.3 112.4 112.2 110.9 108.1 104.7 101 96.7 90.7 85.9 93.4 94.9 99.5 101.8 104.1 106.3 108 108.7
69.4 68.3 67.2 66.2 70.8 75.3 79.2 81.5 81.5 81.7 85.6 91 95.8 99.3 101.6 102.9 99.1 101.8 100.9 97.8 98.9 102.5 103.3 98.7 76.2 57.5 47.6 38.7 36 36.6 39.1 36.8 40.8 43.2 52.2 60.3 65.7 69.5 74.3 80.6 87.4 93.4 98.2 102 105.1 106.7 106.1 104.4 100.6 96.3 90.8 83.3 71 66.7 68.7 76.1 82.7 89.4 93.9 95.4 96.5 96.9 96.5 95.3 101.2 104.8 106.9 107.6 107.1 105.4 102.4 98.7 94.9 90.7 86.5 83.2 87 92.9 91.4 94.9 97 99.3 101.7 104.6
65.1 63.6 61.4 61.7 68.1 73.3 76.1 76.4 75.5 80.9 88.3 93.9 97.2 99.4 100.2 100 98.6 96.8 93 88.8 92.4 99.6 102.4 101.3 89.3 68.5 52.5 41 35.1 34.6 35.7 39.8 40.9 47.7 54.3 59.8 64.3 67.6 73.2 79.9 87.1 93.2 98.4 101.7 103.5 103.2 102 97.5 92.1 87.9 83 76.4 67.1 64.9 72 78.4 84.5 89.5 91.2 92 91.8 91 90 91.9 97.1 100.2 101.1 102.2 101.4 99.3 96.2 92.3 88.3 85 82.4 88.2 96.1 101.7 103.3 103.1 104.7 107.6 110.8 114.3
59.8 57.6 56.3 61.9 68.3 72.2 72.2 70.3 73.6 83.8 90.5 94.9 96.9 98.2 97.1 95.1 91.6 88.6 84.7 79.6 87.4 96.1 101.6 102.4 97.5 74.9 55.9 42.5 35.2 33.7 34.6 39.1 44.7 51 55.9 59.4 61.5 65.9 72.6 79.3 86 91.5 96 98.5 99 97.7 93.1 88.9 84.3 79.8 75.8 70.9 63.6 64.3 71.6 78.2 83.7 87.3 87.9 87.3 86.3 85.3 83.1 88.2 92.3 94.9 96 96.5 95.6 93.2 89.6 85.6 81.6 80.7 87.9 97.5 105.7 111.1 114.5 116.5 117.9 119.5 121.2 123.1
53.9 52.2 57.1 63.5 67.7 68.7 66.5 66.4 76.3 85.7 91.6 94.7 95.8 94.7 91.7 88.8 84.3 80.6 76.3 73.5 83.4 94.2 100.7 103.5 99.4 81.7 60.6 45.6 36.9 33.4 33.1 36.6 42.1 48.5 51.6 54.2 58.2 64.1 70.6 77.1 83.3 87.6 90.6 92.2 92 89.1 85.1 80.6 75.9 72.4 69.2 65.7 59.9 63.2 70.9 77.4 82 84 83.3 82 80.8 79.4 78.8 83.6 86.9 89.2 90.5 91.1 89.5 87 83 79 78.7 86.6 96.8 106.6 114.1 118.9 122.1 124 125.5 126.7 127.7 128.9
48.4 52.5 58.5 63.5 65 63.3 59.6 66.4 79.1 87 91.6 93.4 92.1 89 85.5 80.9 76.2 72.8 67.9 71.6 82.5 93.3 100.4 103.3 102.1 93.7 73.4 54.2 40.8 33.3 31.4 31.8 36.4 42.3 44.7 48.1 55.3 61.1 67.1 73 78.1 81.9 84.3 84.7 83.1 80.6 77.4 72.8 69.1 66.2 63.8 60.9 57.3 62.5 70.3 76 79.2 79.3 78.5 76.7 75.3 73.8 73 76.6 79.3 82 83.4 84.3 83.5 81.3 76.7 76.4 85.2 95.2 105.8 114 119.7 123.4 125.4 127.4 128.5 129.6 130.2 131.2
48.1 54.4 59.3 61.5 59.8 56.4 58.1 71.1 81.3 87.5 90.3 89.6 87.4 83.1 79 73.6 69.1 64.9 63.1 70.5 81.6 92.5 99.4 102.5 100.7 95.8 86.3 71.3 48.7 34.3 30.5 30.8 31.2 34.3 36.7 42.5 50.9 57.2 62.9 68.3 72.6 75.4 76.6 76.8 75.3 72.5 69.6 66 62.6 60.5 59.1 56.7 55 61.7 68.6 73.3 74.4 74.1 72.9 71.7 70.2 68.5 66.3 67.7 68.4 71.6 75.8 77.5 76.9 74.7 74.6 82.9 94.4 105 112.2 118.4 122.3 124 125.7 127.1 128.1 129 129 130.1
50.9 55.7 57.5 56.8 52.6 50.3 63.7 75.3 82.8 86.7 86.7 84.5 81 77 72.7 67.7 62.6 58.4 61 69 80.1 90.6 98 101.1 99.7 94.4 87.8 76.6 65.5 52.1 35 32.2 30.4 30.6 32 36.1 43.6 52.1 58.1 62.9 67.4 69.2 70.3 69.5 67.8 65.4 63.2 59.7 57.3 55.6 54.6 52.5 53.3 60.6 66 68.6 69.1 68.6 67.4 66.2 65.4 63.2 62.1 62 63.1 65.2 66.9 68 69.9 75.2 81.5 92.8 103.3 110.3 116.1 119.8 120.9 122.8 124.2 125.3 125.7 126.1 126.5 127
51.7 53.8 53.8 49.2 46.5 55.1 69.2 77.5 82.3 83.2 80.9 78 74.5 70.5 66.7 61.8 56.9 52.7 58.4 67.3 79.3 91.1 97.2 99.1 96.5 90.5 83.4 75.3 67 57.5 47.5 36.6 31.1 29.3 29.4 31.4 36.5 45.3 53.4 58.4 62.7 64.6 65 63.9 61.7 58.9 56.9 54.2 52.1 51 50.2 49.3 51.6 56.6 60.2 62.6 63 62.9 62.2 62.2 59.3 60.2 65.1 68.1 71.7 71.8 72.7 74.4 79.4 86.7 95.2 102.7 108.1 113.5 116.5 117.8 118.5 118.5 119.2 119.7 120 120.9 121.7 122.2
49.3 49.5 47.3 42.7 46.5 61.4 71.1 76.1 78.6 77.4 74.5 71 67.4 63.9 60.3 56.4 51.6 48.9 56 65.7 81.5 91.2 95.8 95.7 91.2 85.3 78.6 71.2 63.3 55 46.4 39 33.2 28.9 28.1 29.3 33.2 40.4 49.4 55 58.6 60 60 58.4 56 53 50.8 48.5 46.9 46.3 46.4 47 47.9 49.8 51.7 55.5 56.3 57.1 56.3 58 62.5 67.4 74.5 82.8 86.3 88.1 88.9 91 93.7 97.5 102.3 106.3 110 112.2 113 113.3 113.6 113.1 113 113.3 114.2 115.4 116 116.9
45.4 44.2 41.2 39.2 49.7 64.2 70.9 73 72.3 70 67.5 63.9 60.4 57.1 54.1 50.5 46.3 47.8 57.4 70.3 83.8 90.5 92.7 90.1 84.9 79.2 73.1 66.1 58.4 50.3 42.3 36.3 32.8 28.2 27.2 28.1 30.8 37.3 46.4 52.5 55.2 56.3 55.6 53.8 50.9 48 45 43.3 43.3 44.4 48.3 48.9 50.7 51.2 51.3 52.3 53.7 57.3 60 64.7 71.1 82.8 88 91.6 93.9 94.9 95.2 96.5 98.5 101.1 103.2 105.2 107.3 107.7 108.2 108.3 107.8 107 104.6 104.4 105.1 108.3 110.1 111.5
40.1 39 35.3 40.6 54.7 65.1 68.6 68.1 66.2 63.5 60.1 56.8 53.4 50.2 47.3 44.2 44.5 51.3 63.1 77.1 84.1 86.8 86.7 83.7 78.5 73.1 67 60.5 52.3 44.4 36.8 32.7 29.5 26.4 26.1 27.3 30 36.9 45.3 49.6 52 52.2 51.3 49.2 46.4 43 41.3 41.4 44.2 47.3 50.7 53.6 57.8 61.4 62.9 63 64.2 68.5 73.9 80.5 85.1 88.8 91.5 93.4 95.2 95.6 95.6 95.5 96.5 97.9 99.4 100.9 101.9 102.1 102 101.6 99.6 99.7 103.1 107.2 109.8 111.5 113.5 115.8
2.2 3.5 34.1 44.8 59.2 64.8 64.9 62.6 59.2 55.8 52.5 49.6 47 44.1 40.6 40.5 46.9 57.8 71.9 79.1 82.1 82.1 80.3 77.1 72.3 67.3 61 54.8 47.1 38.8 32 29.3 25.8 24.8 25.7 26.9 30.2 37.3 44.2 47.2 48.4 47.8 46.8 44.6 41.8 40.2 40.3 43 46.8 49.9 53.9 60 66.8 72.1 75.2 77.5 79.2 81.8 84 85.8 87.4 88.5 89.4 90.5 91.2 91.1 89.9 89.6 89.8 90.2 91.6 93.8 94.4 94.3 93.8 95.2 98.9 105.1 111.3 115.9 118.5 120.4 122.1 124.4
0.7 0.7 1.4 1.6 2.3 61.6 60.2 56.6 52.4 48.3 45.4 43.4 41.4 38.3 35.8 41 52.5 66.5 74.6 77.8 77.7 76.6 74.2 70.8 66.1 61.1 55.3 49.1 41.8 33.3 27.6 25.5 23.9 24.4 25.3 27.1 31.7 37.9 41.5 43.9 44.1 43.7 42.5 40.3 38.6 38.7 41.3 45.1 48.8 54.2 61.7 68.8 74.7 78.6 80.9 82.2 83 84.2 84.5 84.9 84.4 84.4 84.6 85.5 85.6 84.9 82.3 80.4 81 82.6 83.4 87.4 88.2 91.4 95.1 101.2 108.5 114.7 119 122.1 123.9 125.3 127.6 128.1
-1 -2.2 -0.8 -0.4 0.5 1.4 2.5 50.1 46.1 42.1 38.9 37.4 35.8 33 36.3 45.3 60.2 70.2 73.7 73.9 72.2 70.3 68.1 64.8 60.5 55.1 49.3 43.1 36.6 28.4 24 23.1 23.5 24.3 25.4 27.7 31.5 35.8 38.5 39.7 39.7 39.3 38 36.9 37.5 39.8 43.5 48 55 62.5 69.1 75 78.9 81.2 82.3 82.5 82.5 82 80.9 80 79.2 78.6 78.9 79.2 79.3 77.1 76.6 80.8 85.9 91.2 93.5 95.3 98.3 102.4 107.1 112.9 117.4 120.2 122.7 124.4 126 127.4 129.1 130.2
-2.2 -2.2 -2.2 -2.2 -2.2 -0.2 0.8 1.6 2.3 4 32.4 31.4 29.9 31.3 40.8 53.4 64.8 68.7 69.4 68.5 66.4 64.1 61.8 58.8 54.7 49.6 43.7 37.8 31.5 24.7 22.8 22.8 23.9 24.4 25.4 26.9 29.1 31.4 33.3 34.1 34.6 34.5 35.3 36.6 38.9 43.5 48.1 54.6 62.3 68.5 73.8 77.2 79.1 80.3 80.3 79.8 78.9 77.8 76.2 74.9 73.9 72.6 71.6 71.3 72.7 74.7 79.1 87.2 97.9 103.1 106.1 109.5 111.9 114.1 116.3 117.7 120.6 122.2 123.5 124.6 125.8 127.1 129 130.7
-2.2 -2.2 -2.2 -2.2 -2.2 -2.2 -0.8 0 0.7 1.4 2.2 25.9 28.4 36 48.2 57.7 62.3 64.3 64 62.4 60.3 57.6 55.4 52.9 49.7 44.2 39.8 33.9 27.9 22.2 21.5 22.2 23.7 27.2 28.2 27.6 28.2 29.7 30.8 32.8 33.1 34 35.9 40.2 45.2 50.7 55.7 62.1 66.7 71.4 74.6 76.3 77.3 77.5 77.2 76.1 74.8 73.1 71.3 68.5 66.7 66.9 69.5 71.9 75.4 83.6 90.8 99.6 107.9 111.2 113.2 114.8 116 117.4 118.2 119.5 120.6 121 121.8 123.4 124.9 125.7 127.5 129.2
-2.2 -2.2 -2.2 -2.2 -2.2 -2.2 -2.2 -2.2 -1 -0.4 0.6 1.7 3 45.7 51.7 55.7 57.7 58.5 57.7 56.5 54.1 51.4 49.4 47.1 44.4 40.3 35.8 30 24.1 20.9 20.5 22.2 25.8 30.5 34.4 34.4 32.7 32.5 33.4 35 36.8 39.2 43.3 47.3 50.9 54 60.5 64.3 68.3 71.1 72.8 73.7 73.9 73.6 73 71.8 70.1 68 65.5 63.4 64.1 68.5 74.7 81.2 87.4 96.6 103.4 108 111.6 113.6 114.3 115.4 116 116.5 117.1 117.5 118 119 120 121 122.5 124.1 125.4 126.5
-2.2 -2.2 -2.2 -2.2 -2.2 -2.2 -2.2 -2.2 -2.2 -2.2 -0.9 0.1 1.1 2.1 42.2 50.4 52.1 52.2 51.7 51 47.8 45.3 43.3 41.3 39 36.1 32.3 26.8 21.6 19.9 20.1 22.9 27.1 32.7 37.3 38.8 39.3 39.5 40.3 41 42 45.6 48.1 51.2 54.6 57.3 62 65.2 67.6 69 69.8 70.3 70 69.5 68.6 67.3 65.7 63.4 60.9 61.5 66 72 80.7 89.5 97.8 103.4 108 111.1 112.7 113.3 113.4 114 113.5 113.7 113.6 113.8 114.3 115.3 116.5 116.4 118.8 120.3 121.7 122.6
-2.2 -2.2 -2.2 -2.2 -2.2 -2.2 -2.2 -2.2 -2.2 -2.2 -2.2 -2.2 -0.6 0.5 1.4 2.4 45.5 45.9 45.7 44.5 41.2 38.6 37 35.8 33.5 32.2 28.8 23.7 20 18.7 19.8 22.9 28.6 33.6 37 38.7 39.7 40.6 41.7 43.3 44.8 47 49.3 52.5 55.6 58.8 61.5 63.6 64.9 65.5 65.9 66.1 65.6 64.8 64 62.8 61.2 59.4 59 62.4 68.9 77.4 87.5 96.5 102.7 107.4 110 111.4 112.1 111.7 110.8 110.1 109.7 109.6 108.5 107.9 108.1 109.8 111.5 111.4 114.1 115.4 116.8 117.5
-2.2 -2.2 -2.2 -2.2 -2.2 -2.2 -2.2 -2.2 -2.2 -2.2 -2.2 -2.2 -2.2 -2.2 -0.1 0.9 2.1 39.1 39.3 38.5 36 33.5 32 30.9 29.5 28.2 25.9 21 18.6 18.3 20 24.1 28.7 32.9 34.8 36.1 37.2 38.3 39.8 41.4 43.2 45.7 48.3 51.5 54.6 57.5 59.2 60.8 61.3 61.4 61.7 61.4 60.9 60.2 59.4 58.3 57.5 57.3 59.2 65.4 74.4 84.9 94.4 101 106.1 108.5 109.3 109.5 108.9 107.8 105.9 104.8 102.3 101.8 101.4 102.2 103.6 104.9 106.4 108.1 109.3 110.6 111.6 112.5
