Assets/StreamingAssets/GeoData/Data/sh/SH28.asc
ncols 200
nrows 200
xllcorner 220000
yllcorner 380000
cellsize 50
[rows 152 to 189 of 200, columns 0 to 85 of 200]
-1.7 -1.7 -1.7 -1.7 -1.7 -1.3 -1.7 -1.7 -1.7 -1.7 77.4 113 132.4 133.6 132.2 125.7 125.6 124.5 124.2 131.6 130.9 128.2 124.2 126.3 129.5 130.5 132.3 128.2 113.4 109.3 104.5 103.4 99.9 91.7 85.7 82.6 80.2 87.2 89.5 86.6 92.3 93.4 91.1 85.7 83 74.5 60.2 52.4 40.6 38.4 35.6 34.4 34.2 33.8 33.6 32.6 32.7 32.6 33.7 33.3 34.7 30.2 34.1 37.1 36.5 32 30.7 28.1 27.2 28.5 30.8 35.1 35.9 36 34.7 32 31.5 29.5 28.9 29.6 29.6 29.8 33.1 35.5 36.5 36.8
-1.7 -1.7 -1.7 -1.7 -1.7 28.2 -1.7 -1.7 -1.7 60.8 94.9 116.3 124.6 128.5 125.3 123.5 122.3 122.6 124.1 125.7 128 122.2 121.1 123.8 127.8 134.8 133.9 126.6 112.3 105 100.5 94.2 89 85.8 78.4 76.2 75.8 84.5 93.1 75.6 78.5 85.6 85.5 81 74.1 62.8 49.3 38.5 36.2 34.6 33 32.7 32.1 32.4 32 32 31.9 32.1 32.3 33.5 31 33.5 35.7 35.7 35.5 35.1 38.1 37.1 35.4 28.4 34.9 38.8 41.1 40 38.1 37.1 37.2 28.5 28.7 29.1 29.1 32.1 33.9 35.2 36 37.7
-1.7 -1.7 -1.7 -1.7 39.3 39.4 -1.7 20 -1.7 61.4 93.5 103.9 115.4 121.1 117.4 117.7 123.2 121.4 121.7 124.4 120.7 118.5 119.2 123.6 130.7 129.8 129.4 123.4 108.6 102.1 93.9 89.6 86.4 80.7 73.9 71.5 71.7 80.5 99.6 88.8 86 78.2 76.6 76.4 67.3 51.3 39 36.1 34.2 32.8 32.8 32.7 31.9 31.9 32.7 32.8 32.9 32.8 32.3 32.9 33.1 33.8 36.1 34.6 38.5 41.8 42.9 41.2 40.3 38.7 34.1 45.4 45.5 43.9 39.6 37.9 28.9 28.2 27.8 28.8 32.2 32.6 34.9 35.1 36.4 37.6
-1.7 -1.7 -1.7 -1.7 33.3 -1.7 -1.7 -1.7 -1.7 -1.7 -1.7 91.8 101.3 111.6 116.7 119.3 118.4 116.4 117.2 118.3 115 116.3 120.2 124.3 125.8 126.4 118 109.3 102.2 94.7 91.2 86.2 84.3 78.6 71.4 68.4 68.2 75.7 94.6 98.8 80.9 83.9 74.8 64.8 61 42.4 36.9 34.6 33.1 32.4 32.6 32.3 32.6 32.4 32.8 34.2 34.3 33.6 32.8 35.9 33.2 33.1 33.8 37.7 43.3 46.5 40.6 42.6 43.2 46.5 37.3 44.5 48.9 40.7 33.2 29.1 28.1 27.6 27.9 32.6 32.6 32.8 35.1 35.2 37.8 36.9
-1.7 -1.7 -1.7 -1.7 -1.5 -1.7 -1.7 -1.7 -1.7 -1.7 -1.7 83.1 101.3 108.7 115.6 115.4 112.1 109.2 111.7 110.8 113.4 117.6 120.1 122.1 119.6 112.3 108 100.3 93.3 90.7 87.3 83.8 82.5 79.3 71.6 67.6 68.3 68.1 69.5 79.9 84.5 83.3 66.8 56.5 44.7 39.8 37.4 34.9 33.2 32.8 32.4 32.2 32.5 32.8 34.1 35.7 36.2 32.8 38.9 37.5 37.9 38.1 36.2 37.6 39.6 41.1 42.2 43.7 51.2 48.8 49 37.6 34.7 29.2 29.9 27.7 27.5 27.3 31.5 31.4 32.2 33 35.7 37.7 34.7 31.8
-1.7 -1.7 -1.7 -1.7 -1.7 -1.7 -1.7 -1.7 -1.7 -1.7 -1.7 -1.7 94.4 101.4 105.6 101.4 103.5 103.6 102.9 105.3 113 117.5 117.7 110.8 106.2 105.4 96.3 91.4 90.7 87.7 84 82.3 81.4 79 71.1 67.6 62.5 59.1 58.6 62.8 68.2 64.7 55.4 48.9 43.4 40.5 36.6 34.6 33.1 32.8 33.3 33.5 33.1 34.5 36.1 35.8 34.3 34.4 40.4 39.6 44.1 40.4 44.9 44.3 38.5 38.1 39.2 43.5 51.7 53.3 45 30.5 27.9 27.7 28 27.5 28.4 30.7 31 30.7 32 35 35.5 34.3 33.2 33.7
-1.7 -1.7 -1.7 -1.7 -1.7 -1.7 -1.7 -1.7 -1.7 -1.7 -1.7 -1.7 9.4 87.5 92.6 96.8 97.9 96.7 98.1 103.6 109.1 105.7 102.5 101.2 100.1 95.8 88.9 86.9 88.1 84.7 81.7 83.6 81.7 73.3 69.1 63.7 59.5 55 52 51.8 55.8 60.5 57.9 45.4 42.2 38.7 35.5 33.7 35.3 36.5 39 34.5 35.3 37.6 36.3 35 37.1 36.9 41.2 46 46 44.6 44 44.2 44.4 43.9 39.4 40.7 47.5 39.5 34 28.9 28.2 27.5 27.4 28.4 29 29.7 30.7 30.9 32.6 33.6 33.6 34.3 34.7 33.5
-1.7 -1.7 -1.7 -1.7 -1.7 -1.7 -1.7 -1.7 -1.7 -1.7 -1.7 -1.7 54.7 79.4 83.4 94.9 96.9 91.2 94.8 98.8 97.9 97.7 97.7 94.2 95.1 88.5 84.8 83.8 83.8 81.2 78.8 79.9 76.4 70.3 65.3 59.7 55.7 50.9 47.3 44.5 48 67.2 51.4 43 40 34.7 36.1 35.1 37.8 38.2 35.3 35.3 38.7 39.2 36.8 37.7 41 42.1 50.5 47.4 43.1 45.9 44.3 49.8 53.7 51.9 41.9 45.2 38.3 33.4 30.6 29.1 28.6 28.3 28.7 29.6 30 30.9 31.7 32.9 34.7 32.9 30.4 30.2 31.5 27.7
-1.7 -1.7 -1.7 -1.7 -1.7 -1.7 -1.7 -1.7 -1.7 -1.7 -1.7 -1.7 -1.7 76.4 81.1 85.1 84.1 86.5 89.4 90.7 90.9 90 88.3 91.1 85.3 83.3 82.4 80 78.8 76.5 76.4 74.9 72.3 66.5 60.3 55.9 52 48.1 44.2 42.7 45.6 55.3 47.4 39.7 34.7 34.7 35.6 34.4 35.1 34.8 36 39.3 38.8 38 37.6 43 46.2 48.9 44.3 44 44.2 48.5 48.4 58.7 56.2 49.7 42.8 45.6 37.9 31.6 30.2 35.6 37.9 31.5 29.1 29.1 30.7 32.2 33.4 34.7 36.9 35.5 29.4 27.2 25.7 24.8
-1.7 -1.7 -1.7 -1.7 -1.7 -1.7 -1.7 -1.7 -1.7 -1.7 -1.7 -1.7 -1.7 -1.7 74.7 77.1 79.1 82.2 84.3 84.9 84.5 84.2 85 82.4 80.8 79.4 79.2 75.2 72.2 72.7 73.5 71.8 67.4 62.8 57.6 52.7 48.8 45.3 41.9 40.8 40.9 41.7 42.1 34.7 34.7 35.5 39.1 36.9 35.6 36.6 39.2 41.3 40.5 40.1 40.7 49.6 49.5 46.8 48.7 49.7 48.1 50.8 58.3 58.9 53.6 43.2 40.4 35.2 32.1 31.7 38.1 34.7 36.2 39.2 29.4 30.2 31.9 33.3 34.1 36.4 35.2 32.5 29.1 27.3 25.4 21
-1.7 -1.7 -1.7 -1.7 -1.7 -1.7 -1.7 -1.7 -1.7 -1.7 -1.7 -1.7 -1.7 -1.7 52.6 72.2 75.1 77.8 79.5 79.3 79.3 80.4 81.1 79.6 77 73.6 69 67.8 68 67.2 68.9 66.2 64 56.6 53.2 49.1 45.9 42.3 39.9 38.7 37.5 36.5 34.1 34.1 34.7 35.2 35.5 35.8 35.3 35.6 40.3 45 43.4 43.7 46.4 46.4 46.5 50.2 52.9 55.7 59.9 61.6 58.6 58.4 50.9 39.8 35.8 33.6 34.4 32.9 34.2 38.9 39.1 35.1 30.2 30.1 32.5 33.4 35.1 33.2 33.3 28.8 29 28.7 24 21
-1.7 -1.7 -1.7 -1.7 -1.7 -1.7 -1.7 -1.7 -1.7 -1.7 -1.7 -1.7 -1.7 -1.7 -1.7 -1.7 46.5 74.2 75.6 75.7 76.2 78.2 79.4 75.3 72.7 67.8 65 64.7 63.8 61.2 60.4 59.2 55.6 52.7 49 45.1 42.3 40 38.5 38.4 37.1 36 34.6 34.1 34.1 34.8 34.9 35.1 34.9 35 36.8 45.6 46.3 43.5 47.8 52.1 63.8 60.9 60.9 62.8 63 60.5 58.8 51.7 43.8 35.2 35.1 41.9 35.8 34.2 43.1 42.1 35.6 31.6 30.3 29.1 32.5 34.7 33.1 31 29.8 30.5 29 26 21.9 23.3
-1.7 -1.7 -1.7 -1.7 -1.7 -1.7 -1.7 -1.7 -1.7 -1.7 -1.7 -1.7 -1.7 -1.7 -1.7 -1.7 0.6 58.4 71.8 73.2 73.9 76.5 74.4 71.7 67.8 62.1 58.8 58.8 58 56.4 55.3 53.7 51 47.5 45 42.8 40.5 38.7 37 39.2 40.5 39.1 35.6 34 34.2 34.6 35 35.1 35.5 35.2 35.6 37.8 40 44.7 63.5 67 67.9 63.4 62.3 62.9 61.4 56.1 46.9 39.4 38.1 38.9 42.7 39.8 40 45.2 44.5 40.3 37.5 36.2 32.1 29.1 29.7 31.1 30.6 32.5 33.2 30.8 26.9 22.5 23.6 23.6
-1.7 -1.7 -1.7 -1.7 -1.7 -1.7 -1.7 -1.7 -1.7 -1.7 -1.7 -1.7 -1.7 -1.7 -1.7 -1.7 -1.7 48 68.9 69.9 72.4 72.2 69.7 67.5 64 57.2 54.9 53.6 52.7 52.1 50.5 48.5 45.4 43.5 41.5 40.3 39.3 36.1 39.2 42 43.5 39.7 36 34.7 34.5 34.8 34.7 35.4 35 35.8 37.7 39.9 42.4 53.2 66.4 69 66.6 60.8 64.4 57.9 57.1 43.7 40.6 41 40.6 42.6 42.6 43.7 42.8 45.5 42.5 39 38.8 38.5 34.5 30 27.9 30.1 31.2 32 32.3 27.4 22.4 23.5 23.8 21.1
-1.7 -1.7 -1.7 -1.7 -1.7 -1.7 -1.7 -1.7 -1.7 -1.7 -1.7 -1.7 -1.7 -1.7 -1.7 -1.7 1.9 50.4 64.9 67.9 69 67.6 65.6 61.8 56.5 53.6 52.4 51.2 49.7 47.8 46.1 43.2 41.6 39.7 39.2 38.4 35.5 39.2 41.5 43.7 42.9 40.3 36.8 35.6 35.1 35 34.9 34.9 35.2 35.5 41.9 41.1 48.6 51.9 65.5 73.3 68.2 59.8 60.3 54.3 48.6 43.9 46 43 44.2 48.2 46.9 45.6 48.5 43.6 42 40.6 39.4 38.2 35.6 33.7 27.6 26.8 29.8 29 25.2 22.9 23.4 25.2 24.1 21
-1.7 -1.7 -1.7 -1.7 -1.7 -1.7 -1.7 -1.7 -1.7 -1.7 -1.7 -1.7 -1.7 -1.7 -1.7 -1.7 38.4 59.9 63.6 64.5 64.8 62.2 61 57.8 52.9 51.1 50.5 49.5 46.7 43.7 39.4 37.8 37 36.5 37.3 33.3 37.5 39.7 42.3 44.2 43.5 41 39 36.2 34.5 35 35.2 35.6 35.9 36 40.4 43.2 52.1 57.7 68.7 71.6 65.4 65.6 64.6 48.7 47.5 53 46.3 46.8 50 49.8 49.3 48.4 47.8 45.1 43.1 41.8 40.4 38.6 38.8 34.4 29.1 26.7 31.1 25 23.4 23 25.7 25.4 22.5 21
-1.7 -1.7 -1.7 -1.7 -1.7 -1.7 -1.7 -1.7 -1.7 -1.7 -1.7 -1.7 -1.7 -1.7 -1.7 -1.7 -1.7 2.3 60.5 60.2 59.4 57.1 54.1 51.8 49.5 48.7 48.4 45.3 36.8 37.2 35 33.6 33.6 33.9 30 33.6 38.6 41.4 44.1 42.9 42.4 41 39.6 36.4 34.3 35.2 34.8 35.4 35.4 36.4 40.7 51.2 63.6 61.4 70.2 65.6 63.5 59.7 51.6 48.2 49 49.1 51.8 52.6 52.8 51.8 47.1 48.7 47.7 49 48.2 43.2 41.6 44.6 42 42.3 37.5 28.2 25.9 23.9 23.3 25.7 28 24.2 22.6 21.2
-1.7 -1.7 -1.7 -1.7 -1.7 -1.7 -1.7 -1.7 -1.7 -1.7 -1.7 -1.7 -1.7 -1.7 -1.7 -1.7 -1.7 -1.7 55.7 55.5 39.5 50.6 48.7 47.4 46.6 45.1 32 31.5 1.7 2.9 29.5 28.5 28.3 28 30.8 36.8 40.2 41.9 42.4 40.2 40.9 41 38.2 35.1 34.4 35.4 35.8 35.1 35.6 37.7 40.3 43.9 52.7 61.5 73.7 71.6 60.3 51.5 52.1 53.4 53 53.9 53.9 54.4 53 49.7 51.4 53.1 52 51.8 49.8 46.6 48.2 46.6 45.5 44.4 38.1 31.2 26.4 24.4 24.9 27.4 27.5 23.3 20.7 20.1
-1.7 -1.7 -1.7 -1.7 -1.7 -1.7 -1.7 -1.7 -1.7 -1.7 -1.7 -1.7 -1.7 -1.7 -1.7 -1.7 -1.7 -1.7 -1.7 48.3 15.3 43.7 -1.7 -1.7 -1.7 -1.7 -1.7 -1.7 -1.7 1.4 24.7 19.8 25 32.9 39.5 39.1 39 40 39.6 41.1 42.3 39.8 36.2 34.6 34.7 34.7 35.4 36.3 39.9 42.1 43.1 57.3 61.1 69.5 70.3 63.1 56.3 54.4 56.5 52.1 55 54.9 54.2 54.2 50.8 53.4 53.4 53.1 53.3 54.1 52.9 52 51.3 47.7 45.1 42.4 37.7 32.8 27.7 27 25.6 27.9 24.6 21.8 20 18.8
-1.7 -1.7 -1.7 -1.7 -1.7 -1.7 -1.7 -1.7 -1.7 -1.7 -1.7 -1.7 -1.7 -1.7 -1.7 -1.7 -1.7 -1.7 -1.7 11.2 2.9 0.5 -1.7 -1.7 -1.7 -1.7 -1.7 -1.7 -1.7 -1.7 1.9 30.8 33.9 37.5 38.2 36.1 36.3 39.3 41.3 43.5 42.7 41.9 36.1 34.8 34.7 35.1 35.8 37.2 40.3 44.2 56.2 61.3 56.9 55.4 56 55.2 62.5 57.7 52.2 52.2 54.8 54.8 51.9 51.3 51.6 52.9 54 53.9 55.2 55 53.4 53 52.3 48.4 45.2 42.4 39.1 37.4 31.7 27.4 29.3 27.4 23 21.2 19.4 18.4
-1.7 -1.7 -1.7 -1.7 -1.7 -1.7 -1.7 -1.7 -1.7 -1.7 -1.7 -1.7 -1.7 -1.7 -1.7 -1.7 -1.7 -1.7 -1.7 -1.7 -1.7 -1.7 -1.7 -1.7 -1.7 -1.7 -1.7 -1.7 -1.7 -1.7 28.2 32.6 32.9 33.4 33.8 36 37.1 40.6 44.1 44.2 44.7 42.1 35.5 35 35.3 35.9 40.2 40 42.3 45.5 60.1 63.2 61 59.1 55 62.1 55.2 53.8 56.8 52.1 50 50.5 50 53.6 55 54.1 53.9 54 53.4 51.5 53.2 52.7 51.8 50 44 40.3 37.2 34.2 28.5 29.3 31.9 28.1 22.1 20.2 18.7 17.8
-1.7 -1.7 -1.7 -1.7 -1.7 -1.7 -1.7 -1.7 -1.7 -1.7 -1.7 -1.7 -1.7 -1.7 -1.7 -1.7 -1.7 -1.7 -1.7 -1.7 -1.7 -1.7 -1.7 -1.7 -1.7 -1.7 -1.7 -1.7 -1.7 -1.7 -1.7 25.2 1.8 29.7 33.9 36.8 42.4 46.5 44.4 45.6 36.5 35.3 34.9 35.1 36.7 42.6 44.6 42.5 43.8 50.4 64.1 66.7 68.2 58 58 58.9 55.8 58.7 56.2 52.3 51.7 49 52 53.7 53.3 54.4 52.2 51.4 48.9 47.5 53.1 53.8 51.9 50 45.6 40.9 35.4 33.9 28.4 30.8 30.9 26.2 21.8 19.2 18.5 18
-1.7 -1.7 -1.7 -1.7 -1.7 -1.7 -1.7 -1.7 -1.7 -1.7 -1.7 -1.7 -1.7 -1.7 -1.7 -1.7 -1.7 -1.7 -1.7 -1.7 -1.7 -1.7 -1.7 -1.7 -1.7 -1.7 -1.7 -1.7 -1.7 -1.7 -1.7 -1.7 0.9 29.8 36.5 43 44.4 42.7 40.2 35.9 35.6 35.2 35.6 37.8 44.2 46.4 45.4 43.5 44.7 48.5 55.3 68 60.3 63.6 59.4 64.5 60 57.6 57.3 53.5 48.5 48.7 50.8 51.8 51.6 52.1 47.6 47.4 46.5 49.8 54.4 53.6 52.2 47.8 43.3 39.3 35.8 32.4 28.7 27.5 25.9 24.2 19 19.3 18.6 18
-1.7 -1.7 -1.7 -1.7 -1.7 -1.7 -1.7 -1.7 -1.7 -1.7 -1.7 -1.7 -1.7 -1.7 -1.7 -1.7 -1.7 -1.7 -1.7 -1.7 -1.7 -1.7 -1.7 -1.7 -1.7 -1.7 -1.7 -1.7 -1.7 -1.7 -1.7 -1.7 3.3 32.7 40.7 40.7 39.7 39.1 36.2 36.1 35.9 36.7 43.5 46.7 47.6 47.4 45.9 44.5 44.4 45.8 51 58.7 66.2 68 68.1 68.9 65.8 59.6 56.1 51.4 50.2 49.2 47.8 48.9 50.5 47.6 46.1 46.2 45.2 51.2 54 53 49.6 42.4 42.3 33.8 33.5 31.2 29 27 22.1 19.9 18.6 18.2 18.5 17.2
-1.7 -1.7 -1.7 -1.7 -1.7 -1.7 -1.7 -1.7 -1.7 -1.7 -1.7 -1.7 -1.7 -1.7 -1.7 -1.7 -1.7 -1.7 -1.7 -1.7 -1.7 -1.7 -1.7 -1.7 -1.7 -1.7 -1.7 -1.7 -1.7 -1.7 -1.7 -1.7 33.7 42.7 40.9 40.2 39.9 36.6 35.8 36.6 42.1 47.7 49.3 49.9 49.8 49.7 48.6 48.5 46.2 46.9 52.6 66.2 72.2 72.8 70.6 70.6 65.2 57.1 54.2 53.1 51.6 47.5 49.2 47.3 48.2 45.6 44.3 47.3 49.8 52.1 51.8 48.9 41.4 36.7 34.3 36.2 33.6 27.2 24.4 22.1 20.3 19 18.8 18.3 18.4 17.8
-1.7 -1.7 -1.7 -1.7 -1.7 -1.7 -1.7 -1.7 -1.7 -1.7 -1.7 -1.7 -1.7 -1.7 -1.7 -1.7 -1.7 -1.7 -1.7 -1.7 -1.7 -1.7 -1.7 -1.7 -1.7 -1.7 -1.7 -1.7 -1.7 -1.7 -1.7 35.2 37.2 38.7 39.7 40.4 38.2 36.6 38.5 44.5 47.7 50 50.8 51.3 53.6 53 52.9 49.9 49.1 51.4 52.4 56.4 72.7 72.3 70 66.8 63 58.7 57.5 54.8 51.3 46.3 42.4 43.1 47.2 43 42.4 44.2 48.1 50.9 45.5 40.2 36.1 38.4 36.7 40.1 33.9 25 22.6 20.9 20.7 19.7 19.4 21.1 20 17.5
-1.7 -1.7 -1.7 -1.7 -1.7 -1.7 -1.7 -1.7 -1.7 -1.7 -1.7 -1.7 -1.7 -1.7 -1.7 -1.7 -1.7 -1.7 -1.7 -1.7 -1.7 -1.7 -1.7 -1.7 -1.7 -1.7 -1.7 -1.7 -1.7 -1.7 -1.7 1.5 36.5 39.9 40.2 40.4 39.9 43.5 45.8 49.3 51.8 51.6 51.9 52 55.4 55.1 53.3 51.2 49.1 49.2 50.2 53 62.8 72.2 66.1 66.4 62.9 60.3 56.6 53.9 50.6 44.7 46.7 44.1 39.4 39.2 39.6 45.9 42.9 41.2 42.2 41.1 41.3 40.7 38.5 37.7 26.7 24.4 22.5 21.5 21.5 20.9 23.9 24.6 21.5 19.2
-1.7 -1.7 -1.7 -1.7 -1.7 -1.7 -1.7 -1.7 -1.7 -1.7 -1.7 -1.7 -1.7 -1.7 -1.7 -1.7 -1.7 -1.7 -1.7 -1.7 -1.7 -1.7 -1.7 -1.7 -1.7 -1.7 -1.7 -1.7 -1.7 -1.7 -1.7 1.8 36.5 40.9 40.9 42.5 44.9 47.4 53.5 55.3 51.9 51.1 50.8 50.1 50.3 50.4 51.7 51.3 48.9 50.7 53.3 56.4 58.7 61.2 62.7 63.9 61.6 59.4 56.9 54.8 51.4 43.8 45.2 47 38.5 37.1 37.6 39.3 41.3 40.8 37.7 38.8 41.4 35.8 37.3 33.7 25 24.2 23.3 22.4 21.7 22.1 22.5 22.7 22.1 22.3
-1.7 -1.7 -1.7 -1.7 -1.7 -1.7 -1.7 -1.7 -1.7 -1.7 -1.7 -1.7 -1.7 -1.7 -1.7 -1.7 -1.7 -1.7 -1.7 -1.7 -1.7 -1.7 -1.7 -1.7 -1.7 -1.7 -1.7 -1.7 -1.7 -1.7 -1.7 -1.7 1.9 38.2 40.9 43.5 47.9 53.8 55.4 52.3 49.9 49.3 48.4 47.4 48.6 52 47.2 47.8 52 55.7 64.6 68.1 61.3 62.3 62.4 61.9 60.7 60.1 59.1 55.1 52 44.5 48.9 41.5 43.5 40.8 34.9 37.5 39.2 42.3 35.8 35.5 34.6 33.5 30.7 26.3 25.4 24.9 24.6 21 22 22.8 23.9 23.7 23.7 23.4
-1.7 -1.7 -1.7 -1.7 -1.7 -1.7 -1.7 -1.7 -1.7 -1.7 -1.7 -1.7 -1.7 -1.7 -1.7 -1.7 -1.7 -1.7 -1.7 -1.7 -1.7 -1.7 -1.7 -1.7 -1.7 -1.7 -1.7 -1.7 -1.7 -1.7 -1.7 -1.7 0.4 37.6 41.1 44.9 48 50.6 50.5 48.3 47.8 46.7 45.3 43.7 43.6 43.2 45.3 49.3 60.8 67.6 70.2 68 63 63.2 62.1 61.3 61 59.5 55.8 52.6 47.6 41.5 38.6 41.8 39.9 38.5 36.5 33.7 38.9 35.6 34.4 35 34.7 31.5 26.8 25.1 25.9 25.1 23.8 21.5 22.7 23.8 24.6 25.7 27.5 25.9
-1.7 -1.7 -1.7 -1.7 -1.7 -1.7 -1.7 -1.7 -1.7 -1.7 -1.7 -1.7 -1.7 -1.7 -1.7 -1.7 -1.7 -1.7 -1.7 -1.7 -1.7 -1.7 -1.7 -1.7 -1.7 -1.7 -1.7 -1.7 -1.7 -1.7 -1.7 -1.7 1.9 37.7 41.4 46.2 47.4 45.9 45.3 46.7 44.4 43 42.2 41.7 41 43 53.9 62.4 65.8 70.7 68.9 67.9 67.2 66.5 61.7 60 60 58 56.5 53.3 48.5 38.6 39.3 47.2 45.1 42.5 34.3 32.4 32.1 33.1 34 34 32.8 29.5 26 26.6 26.6 22.5 19.8 21.6 22.5 24.3 30.6 29.3 31.3 27.1
-1.7 -1.7 -1.7 -1.7 -1.7 -1.7 -1.7 -1.7 -1.7 -1.7 -1.7 -1.7 -1.7 -1.7 -1.7 -1.7 -1.7 -1.7 -1.7 -1.7 -1.7 -1.7 -1.7 -1.7 -1.7 -1.7 -1.7 -1.7 -1.7 -1.7 -1.7 -1.7 33 38 42 44 44.3 43.5 42.9 42.5 42.2 41.2 40.7 40.9 42.5 52.4 60.1 65.2 66.4 66.7 67.7 68.2 70.4 66.4 59.5 57.3 56.3 53.6 48.2 42.3 38.8 38.5 45.8 45.4 45.8 40.7 35 31.9 32 33.1 32.4 31.9 30.5 27.8 23.5 29.9 26.6 17.6 19.1 20.8 22.2 26.3 25.9 24.6 23.7 22.5
-1.7 -1.7 -1.7 -1.7 -1.7 -1.7 -1.7 -1.7 -1.7 -1.7 -1.7 -1.7 -1.7 -1.7 -1.7 -1.7 -1.7 -1.7 -1.7 -1.7 -1.7 -1.7 -1.7 -1.7 -1.7 -1.7 -1.7 -1.7 -1.7 -1.7 -1.7 -1.7 35.2 38.3 40.7 42.3 42.5 42.5 41.8 40.9 40.5 40.4 40.9 43.1 47.1 55.6 59.6 61.3 63.6 64.9 68.5 68.8 66 62.4 58.9 54 51.1 45.7 39.6 36.9 38.1 36.4 35 34.3 36.4 37.1 35.7 31.8 32.1 30.8 30.8 29.8 28.1 28.2 22.6 24.4 19.5 18.7 17.4 19.2 21.3 26.4 26 25.2 20.7 19.5
-1.7 -1.7 -1.7 -1.7 -1.7 -1.7 -1.7 -1.7 -1.7 -1.7 -1.7 -1.7 -1.7 -1.7 -1.7 -1.7 -1.7 -1.7 -1.7 -1.7 -1.7 -1.7 -1.7 -1.7 -1.7 -1.7 -1.7 -1.7 -1.7 -1.7 -1.7 32.6 35.6 38.3 39.8 41.6 42.1 42.1 40.8 40.4 40.3 40.6 42.7 44.8 52.9 52.6 56.1 61.5 62.6 64.3 64.7 63.9 62.6 62.1 56.9 50.8 47 42 38 35.1 34.7 34.5 33.4 33.1 36.8 32.2 31.2 31.4 30.1 29.4 27.9 26.9 26.9 26 17.7 19.4 23.9 18.7 18.7 17.6 21.6 28.9 27.4 23.3 21 18
-1.7 -1.7 -1.7 -1.7 -1.7 -1.7 -1.7 -1.7 -1.7 -1.7 -1.7 -1.7 -1.7 -1.7 -1.7 -1.7 -1.7 -1.7 -1.7 -1.7 -1.7 -1.7 -1.7 -1.7 -1.7 -1.7 -1.7 -1.7 19.6 12.6 14 34.1 36.9 38.3 39.7 40.9 41.8 41.3 40.4 40.3 40.4 41.9 43.3 46 48.3 50.8 59.9 60.5 60.2 59.9 61.2 60.2 61.4 56.1 54.5 48.6 45.7 41.2 38 35.7 35.7 35.5 33 35.3 35.1 34.1 32 30.2 29.5 29.9 27.2 22.5 24.7 22.2 16 27.8 22 19 24.9 17.3 18.4 24 18.3 18.3 17.9 15.5
-1.7 -1.7 -1.7 -1.7 -1.7 -1.7 -1.7 -1.7 -1.7 -1.7 -1.7 -1.7 -1.7 -1.7 -1.7 -1.7 -1.7 -1.7 -1.7 -1.7 -1.7 -1.7 -1.7 -1.7 -1.7 -1.7 -1.7 20.7 22.4 27.4 31.6 35 37.2 38.5 39.9 41.7 41.4 40.8 40.5 40.6 40.8 42 42.7 43.3 45.5 55.3 58 58 58.1 59.1 54.2 53.7 55.2 55.1 51.7 49.5 49.2 38.7 37.7 37.7 35.2 34.3 32.6 35 36.3 35.9 31 30.7 33.4 31.4 28.4 22.7 21.8 15.9 22.8 21.2 18.5 23.2 21.9 16.7 16.4 17 17.9 17.3 16.6 17.4
-1.7 -1.7 -1.7 -1.7 -1.7 -1.7 -1.7 -1.7 -1.7 -1.7 -1.7 -1.7 -1.7 -1.7 -1.7 -1.7 -1.7 -1.7 -1.7 -1.7 -1.7 -1.7 -1.7 -1.7 -1.7 -1.7 27.1 29.6 33 32.7 34.2 35.3 37.2 38.7 40.4 41.8 41.8 41.8 42.1 42.2 41.8 41.3 40.9 41 44 55.5 56.6 60.1 58.1 49.9 49.9 50.4 53.7 53 53.7 50.5 41.7 41.6 40.1 39.6 36.6 31.8 35.3 35.8 36.2 30.6 31.3 38.4 38.8 33.5 26.5 21.5 17.3 15.9 21.7 17.7 20.8 22.7 17.5 16.8 16.6 16.6 18.2 16.9 18.4 21.8
-1.7 -1.7 -1.7 -1.7 -1.7 -1.7 -1.7 -1.7 -1.7 -1.7 -1.7 -1.7 -1.7 -1.7 -1.7 -1.7 -1.7 -1.7 -1.7 -1.7 -1.7 -1.7 -1.7 -1.7 -1.7 28.8 35.7 41.8 39.2 37.7 36.3 35.9 36.6 39 40.9 41.9 42.4 42.4 42.8 42.9 42 41.4 39.8 39.9 41.2 53.5 57.1 55.9 46.1 48 48.5 47.1 46.3 51 50.3 43.6 42.2 42.4 41.4 34.5 34 31.3 31.3 32.8 31 38.2 40.2 40 39.6 33.6 26.3 22.6 24.8 16.6 29.3 26.3 17.4 17.9 17.5 18.1 17.6 16.9 16.9 17.7 18.9 25.4
