Assets/StreamingAssets/GeoData/Data/sh/SH55.asc
ncols 200
nrows 200
xllcorner 250000
yllcorner 350000
cellsize 50
[rows 0 to 34 of 200, columns 0 to 77 of 200]
98.5 100.3 102.9 104 104.2 104.3 104.6 105.2 102.7 101.1 102.8 104.8 108.7 109.2 111.9 115.1 115.6 116 117 118.5 120.9 124 127.1 130.6 133.6 136.8 140 142.4 145.4 147.9 149.5 150.6 150.3 151.3 153.3 154.8 159.4 161.4 163.1 164.2 165.6 167.1 168.9 170.8 172.9 175.5 177.8 179.5 181.5 184.2 186.7 189.1 191.7 193.9 197 200.8 205.1 209.4 213.5 217.4 220.7 225.7 233.8 240.3 246.4 254.1 267 280.3 290.4 299.2 305.2 309 310 314.6 317.2 322.1 325.7 326.7
100.3 101.3 102.5 102.8 103.2 103.1 102.1 100.9 100.1 101.5 104.4 105.8 108.2 111.2 114.1 114.9 115.2 115.7 117.1 119.8 122.8 125.3 127.2 131.4 134.8 138 140.9 143.2 146.7 148.7 149.9 150.1 150.4 152.5 154.3 155.9 157.8 159.2 160.8 162.3 163.3 165.1 166.6 169 171.3 173.7 175.9 178.1 180.3 182.5 184.9 187.2 189.3 191.7 195.2 198.5 202.8 206.6 210.7 214.8 218.7 223.1 228.8 237.9 243.7 249.6 257.6 269.7 280.6 292 299.9 305.7 307.2 308.8 311.7 314.3 319 320.2
100.5 100.8 101.4 101.5 101.7 100.7 99.3 99 100.8 104.5 105.5 107.7 110.2 113.3 114 114.7 115.1 116.3 118.6 121.2 123.8 125.2 127.6 132.1 135.7 138.3 140.5 142.7 145.1 147.4 148.4 148.3 149.7 152.4 154 155.4 156.1 157.1 159 160.4 161.7 163.5 165.3 167.2 169.4 171.7 173.6 175.5 177.7 179.5 182.3 185 187 190.5 192.8 195.9 199.4 202.7 206.2 210.5 215.4 219.6 228.3 234 240.5 246 254.5 261.9 272 280.8 291.4 299.7 304.5 305.2 306.9 310 312.9 316.1
98.4 99.3 100 98.9 98 95.2 98.7 101 102.5 104.4 107.3 110.1 111.3 113.5 114.9 115.7 115.3 117.1 119.9 122.4 124 126.7 129.3 131.7 135.4 137.9 139.9 142 143.9 145.6 146.4 146.4 148.1 150.7 152 153.1 153.7 155.2 156.5 158.2 159.6 161.5 163 165.2 166.8 168.4 170.3 172.1 173.9 176.4 179.3 181.9 184.3 186.7 189 191.5 195.1 197.6 201.8 206.4 211.4 215.7 221.3 229.3 235.3 244.9 250.8 257.8 264.4 273.1 282.1 287.9 295.9 298.8 302.5 306.6 309.2 312.1
96.2 95.7 87.4 94.4 93.5 99.3 101.4 103.7 104.7 106.9 110 110.8 112 113.8 115.6 115.7 115.1 117.8 120.1 122.1 124.5 127.1 129.3 131.7 135.7 137.3 138.6 140.5 141.9 143.5 143.7 143.5 146.1 148 149.3 150.2 151.3 152.8 154.8 156.2 158.2 159.3 161.2 162 163.1 164.6 166.1 168.7 171 173.3 175.8 178 179.8 182 184.8 187.2 190.3 193.5 196.9 202.3 207.2 212.4 218 223.9 230.2 244.8 250.7 256 259.9 263 269.8 277.2 287.3 294.3 298.2 303 305.9 309
82.4 77.8 80.1 85.8 96.5 100.8 102.8 104.4 106.3 108.5 109.9 110.5 112.2 113.8 115 114.3 115.3 116.9 119.8 122.9 125 128.4 130.8 132.8 134.8 136.6 137.8 138.8 140 140.2 140.3 141.3 143.2 144.9 146.3 147.2 148.9 151.4 153.2 154.8 156.3 157.4 158.4 159.3 160.2 161.6 163.6 166.1 168.5 170.1 172.6 174.6 176.9 179 181.1 184 186.3 190.6 194 198.2 202.7 207.7 212.8 217.8 222.8 234.3 247.9 255.7 258.1 260.4 264 271.1 280.2 288.3 291.7 301 303.1 306
76.4 88.9 78.7 81.8 84.2 95.2 101.1 103.7 104.1 102.2 104.3 108.4 108.2 108.7 110.2 110.5 113.3 116.2 120.5 125.1 125.6 128.9 131.4 131.8 134 135.4 136.4 136.9 137.7 138 137.4 138.3 140.4 142.2 144 145.1 146.9 149.5 151.1 152.5 154 154.9 155.8 156.5 157.8 159.5 161.1 163.2 165.5 168 170.4 172.4 174.7 176.6 178.8 181 184.3 187.9 191.6 195.2 199 203.2 207.6 212.6 218.1 226.2 242.9 253 252.9 254.6 259.4 266 273.3 280.8 287.3 294 301.4 303.5
91.7 95.1 94.3 84.9 82.4 83.6 83.6 87.2 87.4 89.1 90.4 91.4 93.2 95.8 101.3 105.4 109.2 110.9 116.2 120.4 122.1 123 124.4 126.1 130.5 133 134.5 134.9 134.8 134.8 135.5 136 139 140.2 141.6 143.8 145.5 147.3 148.7 149.7 151 152.4 153.3 154.2 155.2 157.1 159 160.7 164 166.9 169 170.9 173.1 174.9 176.6 178.8 182.2 184.9 188.5 191.6 194.7 198.8 203.1 207.8 213.8 219.6 228.7 241.6 244.9 249.1 253.8 260.5 267.3 273.3 279.6 287.1 291.5 297.1
96.3 97.7 99.7 100.4 99.7 97.9 93.8 88.6 90.3 91.9 92 93.1 93.7 95.5 97.7 99.3 99.8 104.7 106.6 109.2 109.6 111.4 113.6 117.1 122.4 128.4 130.4 132.2 131.6 131.4 132.3 133.9 136.5 138.6 140.5 141.9 143.1 144.5 145.8 147 148.3 149.2 150.1 151.6 152.6 154.9 156.8 159.8 161.9 164.3 166.2 168.4 170.6 171.5 173.7 175.4 177.4 180 182.8 186.5 190.2 194.1 198.4 203.2 209.3 214.9 220.3 226.8 235.3 242.5 248.7 252.3 261.1 268.2 272.2 275 281.2 288.4
96.4 98.6 100.7 101.4 100.9 99.9 98.5 95 92.8 93.3 95.4 98.8 101.7 99.9 96.1 98.5 98.9 100 102.1 103.3 103.1 102.9 103.9 106.7 112.9 118.8 124 126.6 127.9 128.9 130.1 131.2 134.9 137.2 138.6 139.6 140.5 141.5 142.9 144.3 145.4 145.9 146.5 148.6 150.7 152.5 154.4 157.2 159.2 161 163.4 165.5 167.7 169 170.4 171.7 173 175.5 178.6 181.7 184.9 189 194.1 197.7 202.4 209 214.3 219.5 225.6 230.1 242.5 251.5 256 261.1 264.9 270.5 274.3 278.9
97.1 99.1 100.4 100.6 100.9 101.9 102.3 102.8 101.8 102.2 103.3 106.2 109.6 113.7 107.1 101.8 99.7 100.4 99.9 100.8 101.4 102.3 102.5 104 107.6 110.7 116.7 121.4 123.4 124.7 127.1 129.1 132.2 134.1 135.8 137.7 137.6 139.3 140.7 141.9 142 142.6 143.9 145.5 147.3 149.9 152 154.7 157.1 158.7 160.2 162.3 163.7 164.9 165.3 166.9 168.3 171.1 174 177.1 180.1 181 185.5 192 195.4 199.3 204.5 211.6 216.5 222.9 231.3 244.4 252.7 255.7 259.3 264.6 268.8 273.1
97.6 98.8 99.7 100.4 101.5 103.5 104.9 107.3 109.4 109.2 108.7 110.4 114.6 117.1 117.4 119.6 118.1 114 114.8 112.8 117.5 118.3 118.7 113 105.6 108.4 112.3 115.8 118.7 119.6 121.6 124.3 128.3 128.9 129.5 130.9 134 135.7 136.8 137.6 138 139.4 141 142.4 144.3 147.6 150 152.3 155.1 155.8 156.7 158.3 158.9 158.6 160 159.4 160.5 162.7 167 169.1 173.1 175.8 179.9 182.4 188.2 192.7 199 203.9 209.9 215.7 222.6 231.8 243.3 248.2 254.8 259 264 269.3
98.3 98.8 99.6 100.9 102.8 105 106.9 111 113.2 115.2 116.6 112.7 112.7 113.6 114.9 116.4 117.7 119.8 124.2 130.3 128.8 127.9 126.7 125.4 110.3 106.8 109.7 110.4 111.4 112.4 114.7 117.9 119.5 121.2 124.4 126.6 128.6 130.6 133.1 133.6 133.8 136.4 137.9 140.3 142.1 144.1 145.5 147.7 150.3 150.4 152.6 152.5 153.3 153.7 153.5 154.7 156.9 158.5 160.7 164.3 167.9 171.1 174.2 177.3 180.1 184.1 191.1 196.7 203.1 208.7 214.5 221.5 228.8 236.4 247.9 255.4 257.5 263.4
98.8 98.8 100.2 102.2 105 107.2 109.1 112.9 114.9 116.3 120.5 121.5 116 117.1 118.8 122.6 122.7 125.9 129.2 132.8 134.2 133.9 134.9 134.1 133.1 119.5 112.9 109 109.2 109.3 110.2 111 110.5 111 117.1 119.1 123 125.3 127.4 126.5 128.4 134.4 135.9 137.8 140 141.5 143 145.3 147.2 148.6 149.1 149.8 149.7 149 149.3 150.5 153 155.6 158.1 160.4 162.1 163.6 166.6 169.4 172.4 175.9 182 189.3 194.5 200.9 207.5 214 222 227.2 236.3 245 252.7 257.8
98.7 99.5 101 103.8 107.7 109.3 112.9 115.1 116.3 118.9 123.4 126.5 129.1 126.8 129.8 132.2 135 135.7 137.4 138.1 140.2 142.9 144.9 144.7 144.8 145.4 139.3 130.6 122.4 119.6 118.2 110.9 112.2 112.6 111.5 112.9 114.4 117 119.6 121.2 126.6 131.1 134.6 136.2 137.9 139.3 141.3 143.4 145.2 146.2 146.3 145.7 144.8 144.6 145.2 146.8 149.3 151.1 153.1 155 156.3 158 158.4 162.3 165.5 168.4 173.7 179.6 186.8 192.8 198.5 205.4 214.8 222.6 228.6 237.1 244.7 252.1
99.2 100.5 103.7 106.3 108.5 111.7 114.6 115.8 117.5 120.2 125.9 130.3 134.2 136 139.4 141.2 143.9 144.5 143.5 144.7 148.3 149.8 151.5 150.9 148.7 152.8 148.8 142.8 141 138.5 135.2 130.3 123.3 118.2 114.6 112.4 112.8 113.1 113.4 114.1 121.3 127 130.9 133.5 136.3 136.8 138.5 139.9 141.9 142.7 142.9 142.6 141.8 141.6 141.3 142.6 145.1 146.2 148.2 150.4 152.4 153.5 153.7 155.9 158.9 162.4 167.1 172.5 180 186.8 192.8 198.8 206.4 213.8 219.9 226.5 235.1 239.5
101.4 103.7 107.2 109.4 111.4 114 115.3 117.6 119.1 121 128.6 133.9 140.3 142 144.4 146.7 147.7 147.4 147.9 152.7 157.6 155.7 154.8 154.1 155.3 156 154.5 150.6 148 144.8 141.7 137.3 131.7 126.5 119 113.7 113.8 114.2 114.5 114.3 114.8 122.9 125 126.3 128.2 131.2 134.4 135.8 137.5 137.4 138.2 138.1 138.1 138.4 138.5 139.4 140 142.2 143.3 144.8 147 148.9 148.5 150 153 157.3 159.8 164.7 171.9 178.1 185.3 192 200 206.2 200.9 211.7 216.1 228.8
103.2 105.7 108.8 112.1 114.3 114.9 116.8 121.2 123.6 128.7 134.4 138.5 144.1 145.2 152.9 150.4 150.2 150.7 154.5 161.4 161.6 161.9 163 160.9 159.6 159.1 158.7 157.1 155.2 151.6 148.5 145.1 140.8 135.1 128.2 119.5 116 115.2 115.4 114.5 115.7 120.5 122.9 124.4 124.5 126.8 129.8 131 131.6 131.8 132.4 132.8 132.8 134.4 135.7 135.2 135.3 136.1 137.8 141.1 141.1 140.9 141.1 145.2 148.7 150.2 157.2 161.5 167.8 171.6 178.1 185.3 189.1 191.5 200 211.7 221.9 231.3
105.4 107.7 109.5 114.1 115 116.1 118.8 122.5 126.8 131.4 139.5 142.7 149.9 155.8 152.8 152.2 153.7 155.9 157.6 163.7 165.8 167 167.7 167.5 167.7 168.1 165.6 165.3 163.6 161.1 157.9 154.8 148.3 146.5 137.2 128.4 126.5 125.8 118.9 118.4 117.5 118.4 119.5 121.3 122.7 123 126.5 127.7 127.3 126.7 128.3 128.8 127.8 130.1 129.8 130.7 128.9 129 133.8 135 133.7 134.3 136.3 139.2 143.2 149.3 153.8 157.7 162.6 167.5 172.3 176.2 183.2 189.9 199.5 209.1 219.1 228.8
106.5 110.3 111.6 113.8 116.6 117.9 120.6 124.3 130 136 143.2 146.2 150.8 154.7 153.2 156.1 161.6 166.2 167.2 168.3 170.5 171.4 172.8 173.9 174 174.5 174.7 176.5 176.7 173 169.5 166.3 163.5 159.1 150.2 143.1 143.8 136.9 129.7 123.1 119.4 117.7 119 119.7 119.8 120.3 121.5 122.1 122.5 122.7 123.1 122.2 122.5 124.3 125.2 124.4 125.3 125.5 126.6 127.2 128.4 130.8 133.4 136.1 138.9 144.3 149.4 153.7 157.1 160.4 165.4 172.1 178.2 187.8 196.6 205.1 213.9 222.9
106.7 109.7 113.5 116.1 117.9 119.3 123.4 129 133.5 139.1 144.9 149.2 151.7 151.3 154 161.6 165.6 168.5 171.5 173 175.4 175.5 176 179 179.8 180.3 183.1 183.6 183.5 182.8 181.1 178.2 174.6 170 160.3 156.6 155.8 147.4 137.8 130.3 128.1 126.3 121.9 124.3 122.4 122 120.9 120.9 122.4 122.5 121.3 122.4 123.1 123.3 122.5 123.8 124.5 125.3 126.2 127.4 128.6 129.6 131.1 133.2 135.8 141.5 145 150 151.4 157.3 162.4 169.8 177.1 184.2 192.3 199.5 208.9 218.1
107.4 109.2 115 118.7 120.3 123.8 127 131.3 136.1 141.7 148.1 151.8 148.8 149.9 157.4 166.8 168.3 170.5 173.2 176.6 179.7 182.3 183.4 184.6 186 188.7 190.8 189 189.6 191.6 190.4 187.9 185.3 181.4 174.5 169.3 163 155.7 146.1 138.5 134.3 129.8 126.2 127.5 127.6 125.1 124.8 130.8 133 130.8 127.7 126.3 127.4 123.7 123.4 124.1 124.5 125.4 124.8 126 127.6 129.4 130.8 132.8 135.1 137.3 141.1 145.2 149.5 154.1 159.9 167.8 173.2 180.8 188 195.1 202.4 211.3
114.4 117 117.2 121.2 123.2 126 128.8 133.8 139.2 144.3 150 150.5 147.8 150.1 157.3 164.5 166.4 169.6 177.2 180.2 184.1 187.3 188.8 188.2 190.4 193.5 195 197.7 196.7 198.1 198.6 197.4 194 191.3 186.4 180.1 172.4 165.6 155.6 146 138.9 133.9 130.3 129.5 134.9 133.8 138.2 149.1 158.2 145.6 137 132.7 128.4 125.1 124.2 124.8 123.7 124.2 124.3 125.2 126.8 127.8 129.7 131.5 134 137 139.5 142.7 145.3 150.1 154.7 161.8 168.4 178.2 182.7 190.7 198.6 206.7
118.6 121 121.7 121.7 125.5 128.3 135.5 139.8 141.5 143.8 149.4 148.8 147.5 150.3 156.6 161.2 167.2 175.5 180.5 183.7 186.9 191.6 192.9 193.7 192.5 197 200.7 202.6 204.2 205.2 205.3 205.6 201.9 199 196.3 191.6 182.9 175.2 165.9 152.2 143.5 138.6 133.8 136 141.6 148.3 153 159.3 167.7 157.2 151.1 139.9 133.1 129.5 125.4 125.9 123.4 123.7 124.3 124.5 125.1 126.6 128.3 130.6 132.6 134.5 136.4 138.3 141.3 145 150 154.7 159.8 165.8 173.3 182.9 192.6 200.5
122.5 124.4 125.1 125.4 125.2 127.1 132.6 135.8 137.9 141.5 143.7 145 148 152 158.3 165.3 175.5 180 182.7 186.2 189.5 194.6 194.8 197.4 197 204 207 208.1 209.9 210.9 212.4 211.8 210.3 208.4 205.5 200.6 194.7 184.9 175.2 164.8 155.3 144.5 140 139.2 146.2 151.9 154.5 159.1 162.7 160.4 154.3 145.8 136.5 129.5 127.1 125.7 124 124.1 123.9 123.8 124.8 125.8 127.4 129.8 131.2 132.7 133.8 134.7 136.5 140.9 145 148.9 153.7 159.7 166.8 175.1 186.1 195.8
125.8 126.5 126.6 127 128.7 130.8 130.4 134 137 139.8 142.2 144.8 150.6 157.7 165.5 171.8 179.3 183.1 187.4 191.8 195.9 197.8 198.9 199.9 203.4 208.9 211.3 213.7 215.6 217 217.8 216.6 216.4 214.5 212.3 209.2 202.9 195.6 184.5 175.1 164.6 154 147.7 145.2 146.7 160.2 159.6 158.1 159.6 158.3 153.9 146.5 136.9 129.5 126.5 124.9 124.2 123.9 123.6 124.2 124.4 125.4 126.3 128.3 129.8 131.1 131.4 131.9 133.1 135.5 139.8 144.2 148.9 154.4 161.8 168.8 180.9 192.2
126.6 126.7 127.4 128.1 129.2 131.4 133.5 134.2 136 140.8 142.8 147.2 160.1 165 169.3 174.1 181.1 190.2 194.2 197.6 198.4 201.1 203.5 205.8 209.6 213.9 215.8 218.1 220.7 223 224.7 223.4 222.3 221.2 219.4 216.6 211.2 204.8 195 183.6 173.3 159.9 152.1 147.8 148.7 151.6 157.3 161 157.9 151.9 145 140.5 135.1 130.6 126.2 125.2 124.1 124.1 123 124.1 124.6 125.1 125.9 127 128.4 129.1 129.4 130.5 131.4 133.6 136.4 140.2 144.5 148.5 157.7 165 174.5 193.4
125.8 127 128.1 130.4 134.2 137.3 137.6 137.4 138.5 141 144.3 149.6 156.2 164.1 172 180.5 188.3 194.6 197.2 197.4 200.2 204.3 207.4 210.3 215.5 218.8 220.8 223.4 226.5 230 231.9 232.6 230 227.7 225.6 223.9 220.5 214.5 206.2 194.8 183.1 174.6 160.3 159.2 154.8 153.3 152.5 155.4 155.7 147.3 139.2 134 131.1 128.2 126.2 125.9 124.3 123.9 122.9 123.8 124.7 125.1 125.9 126.2 126.8 127.8 128.2 129 130.4 131.7 135.3 137.9 141.9 146.6 151.2 162.2 170 186
126.4 128.4 131.9 135.3 138.6 142.3 148 144.7 142.2 142.5 147.5 155.4 159.4 167.3 174.9 182.3 187.9 196.7 196.9 197.9 203.7 207.3 210 215.2 219.3 222.7 227.1 231.6 234.2 236.1 237.6 239.1 238.7 235.7 233.5 233.8 230.4 225.7 217.3 207.2 195.3 184.6 169.6 167.7 166.9 159.7 154.5 150.5 144.7 138.5 134.2 131.6 130.1 128.4 127.1 125.5 125 124.3 124.1 124.4 124.7 124.9 125.5 125.8 125.7 126.9 127.1 128.2 129.9 131.9 134.8 137.6 140.5 145.7 152 159.4 178.5 181.3
128.1 132.2 136.1 141.1 143.7 147.9 151.6 151.6 148.2 149.4 151.5 161.2 170.1 173 178.3 184.8 189.3 196 198.6 201.1 206.9 209 213 218.4 221.9 227 233.4 238.1 239.9 241.9 243.7 244.7 245 244.4 242.7 240.4 237.3 234.6 228 218.7 207.8 193.2 188.6 173.6 168.4 160.6 154.1 143 137 135.3 134.6 133.4 132.7 130.1 130 126.1 125.2 124.1 124.3 123.1 124.4 124.6 124.7 125.6 125.7 125.6 126.5 128.2 129.2 131.8 134.3 137.1 140.2 143.3 153.2 172.6 179 185.5
130.9 137.2 140.5 145.3 149.2 151.8 154.2 155.1 155.8 152.5 154.9 159.8 173.1 177.6 181.5 187.7 190.8 195.4 198.7 203 207.4 210.1 216.1 220.8 226 232.5 238.1 241.6 246.7 249.8 248.9 250.2 251 250.2 249 247.6 244 241.5 237 230.4 220.9 213 212.5 195.7 175 163.3 151.6 139.7 137 135.9 136.8 139.1 135.9 134.9 135.1 130 125.5 124.9 124.5 124.5 123 124.2 124.4 124.9 125.3 125.5 126.3 127.4 129 130.5 133.1 135.4 138 145.4 153.7 161.1 170.7 191.8
136.2 140.5 144.8 151 154.5 157.7 158.4 160.7 161.7 161.1 159.9 162.7 171.8 179.2 182.6 185.4 192.7 196.9 198.4 202.3 207.9 212.6 218.8 223.2 228.5 236.1 241 246.8 252.2 254 255.4 255.3 255.6 256.1 255.9 254.8 251.6 249.3 247.7 241.6 234.6 234.5 228.8 209.9 189.8 179.2 158 145.1 145 143.2 147.3 150.1 143.4 148.5 146.4 135.3 127.6 125.1 125.5 124.5 123.7 123.9 123.4 124.5 124.9 125 125.9 126.3 128.4 130.1 133.8 135.7 139.6 148.6 152.7 160.7 181.7 196.5
139.8 143.3 148.5 155.9 159.7 162.7 164.2 167.2 168.9 169.2 169.3 166.1 171.3 180.5 183.3 184.6 194.1 197.3 200.8 204.4 211.4 215.9 219.1 223.9 229.5 236.4 242.6 248.8 254.6 256.8 259.4 262.5 262.8 261.1 261.6 261.2 260.2 258 255.3 252 247 240.6 232.7 224 210.5 198.5 175.6 159.9 155.8 155.7 160.3 147.3 154 149.6 151.9 145.5 134.8 131.2 128.8 126.9 125.8 124.4 124.5 124.2 124.2 124.7 125.2 126.4 127.6 128.2 138.5 150.1 149.4 148.7 152.2 161.3 178.7 188.3
142.9 147.6 151.5 158.6 164.1 168.4 170.6 175 178 178 178 174.7 174.6 181.3 186.9 193.3 196.4 198.7 202.3 207.3 211.5 217.5 220 224.3 229.2 234.1 241.2 248.2 253.7 258.2 262.5 266.6 269.5 267.8 266.6 267.3 266.6 265.5 262.7 258.9 252.6 246.3 237.4 231.7 226 214.5 200.6 174.3 174.1 172.2 175.7 165 166.2 162 162.5 159.3 151.9 136.5 135.8 136.8 134.6 125.8 124.9 124.2 123.4 124.7 124.4 125.7 126.4 127.9 144.7 168.2 162.9 151.9 155.1 164.8 173.3 184.7
146.6 152.2 155.8 161.7 167.9 173.5 177.2 181.3 184.9 184.5 184.8 185.8 179.4 183.3 191.3 196 199.2 201.3 205.1 211.1 214.3 217.2 220.1 224.6 229.4 235.3 240.7 245.9 251.9 258.2 264.6 271.1 274.2 274.3 271.7 272.5 272 270.6 268.1 264.6 259.9 254.5 244.4 237.1 228.3 222.8 216.4 201.2 203.8 192 189.4 188.5 179 177.2 167.6 165.8 154.8 143.4 138.5 136.6 134.2 125.8 124.8 124.7 124.5 124.1 124.1 125.1 125.4 127.5 148.5 167.5 162.4 155.8 157.5 151.1 164.4 181
