Assets/StreamingAssets/GeoData/Data/sh/SH56.asc
ncols 200
nrows 200
xllcorner 250000
yllcorner 360000
cellsize 50
[rows 108 to 143 of 200, columns 0 to 80 of 200]
56.1 55.5 55.4 55.3 55.2 56.2 56.5 58.4 59.7 60.5 61.3 62.1 62.7 62.5 61.9 61.9 59.3 55.3 54.8 55 63.8 62.3 63.7 64.9 67.3 67.8 67.5 66.1 65.3 64.4 63.3 61.4 62.4 63.2 65.3 68.6 72.9 76.3 78.4 79.6 80.9 80.4 81.4 81.6 81.8 81.9 83.2 85.1 86.7 88.1 89.7 92 94.2 95.9 95.7 93.3 88.6 83.5 85 89.9 92.3 95.5 95.6 95.8 95.5 96.1 97.7 100 102 104 105.7 107.1 108.5 109.8 108.7 106.4 110.6 116.2 120.8 122 124.2
57.3 56.5 56.7 56.5 56.8 58.1 59.3 60.4 61.3 61.7 62.4 63.2 63.4 63.5 62.9 62.9 59.7 57.9 62.4 57.3 62.7 56.1 59.8 63.2 63.9 63.8 63.1 62.3 61.8 61.3 61.2 62.4 65.2 67.2 70.2 71.5 75.1 78 80.1 81.1 80.6 79.8 80.2 80.2 81.1 82.8 84.7 86.6 88.4 90.1 91.8 93.5 94.3 94.3 91.6 88.8 83.4 83.4 87.2 92.6 95.2 94.9 95.4 95.6 95.1 95.1 96.4 99.6 102 104.1 105.9 107.3 107.3 106.1 105.4 109.1 113.4 119.1 121 123.1 123.2
58.5 57.4 57.9 57.8 58.7 60 61.1 62.3 63.2 63.1 63.4 64.1 64.5 65.1 64.5 62.7 59.7 58.9 59 55.1 56.3 54.8 57.5 59.4 60.1 60 59.2 59.5 59.5 61.6 63.8 67.5 69.7 72.3 74.2 75.3 75.8 78.1 80 80.7 80.1 79.2 79.1 80.1 82 84.1 86.8 89 90.4 91.4 92.8 92.9 92 91.5 87.9 83.6 81.8 85.4 89.4 91.8 92.6 93.5 93.3 94.1 93.3 94.6 96.2 99.2 102 104.2 105.9 105.2 103.7 102.9 107.2 111.4 116.7 120.3 123 123 119.1
59.7 58.5 58.9 59.3 60.2 61.1 62.7 64.3 65.1 64.8 64.4 65 65.8 66.4 66.9 61.8 59.1 60.2 61 54.1 52.4 56.7 55.2 55.9 56.4 56.6 57.4 60.7 62.8 65.4 68 72 73.7 75.2 77.3 77.9 77.7 77.6 79.5 79.7 79.1 78.3 79 81.5 83.5 85.5 88.2 90.1 91.1 91.7 91.9 91.7 90.6 89.2 84.3 82 82.8 84.3 86 87.5 89 89.1 89.8 89.8 90.9 92.7 95.5 98.1 101 103.6 102 100.9 102.9 106.2 111.6 115.2 117.8 121.7 122.7 118 116.6
59.5 59.5 60 60.5 61.1 62.7 64.4 66.1 66.6 66.3 66 66.2 66.6 66.9 65.1 60.8 57.3 58.8 58.4 57.4 50.1 56.5 51.9 53.1 54.4 56.4 59.7 63.6 67 69.6 72.2 75.1 77.4 79.1 80 80 79.1 78.3 78.2 78.4 78.6 78.4 80.5 83 85.9 87.3 89.1 89.7 90 90.2 90.4 90.4 89.3 86.2 81.8 81.4 82.4 83.4 83.9 84.9 85.9 87 88.2 88.6 89 90 92.1 96.6 97.2 98.5 98.6 102.5 106.2 110 113.6 116.3 118.3 118.9 116.4 112.7 112.6
60.5 61.3 61.5 62 62.1 63.7 65.4 66.9 67.1 66.7 65.8 65.4 65.8 65.8 63.8 59.8 55.5 55.4 55.2 53.1 53 56 54.1 56 58.6 61.5 64.5 67.4 70.3 72.2 74.4 77 79 80.6 81 80.6 79.3 78.2 77.6 77.6 78.5 80.3 82.8 85.7 87.5 88.3 88.6 88.4 87.6 87.9 88.7 88.6 85.9 81.2 80.1 80.4 81.6 82.6 83.4 84.7 86 87 87.9 88.1 88.1 88.8 88.5 89.1 90.1 90.6 91.2 97.4 106.4 112 114 114.3 114 113.3 112.6 110.9 110.8
61.2 62.3 63.2 63.5 63.7 64.3 66.2 67 66.9 66.6 64.6 64.6 64.5 63.6 61.4 57.4 53.3 51.4 51.3 50.7 53.8 56.8 59.1 61.7 63.5 65.8 68.1 70.7 72.6 74.3 75.8 78 79.9 81.1 81.2 80.4 79.1 78.8 78.7 79.9 80.8 82.3 84.9 86.2 87.3 87 87 84.8 84.4 83.3 84.8 84.2 80.1 77.4 78.7 80.1 80.7 81.9 83 84.7 84.9 85.9 86.2 86.7 92.8 92.6 92.2 89.5 89.8 89.5 90.4 93.2 93.6 104.8 106.9 107.2 109.7 112.5 113.6 110.1 113.7
62 62.9 63.9 65.2 65.3 65 66.1 66.4 65.7 64.4 62.7 61.9 61.5 59.7 57.3 56.2 50.1 49.2 48.9 51.2 55 58.9 61.9 64.2 66.1 67.9 70.1 72.3 73.8 75.3 76.8 79 79.8 80.8 80.8 80.2 80.9 80.8 80.3 81.6 82.9 84.3 85.2 86 86.1 85.2 84.5 82.5 77.2 76.8 77.4 76.8 77.8 78.3 79 80.9 81.4 81.6 83.1 84.6 84.1 85.7 91 94 94.5 95.4 96.3 95.9 94.9 95.3 89.8 90.9 93.2 94.2 95.7 99.2 104.2 107.9 108.7 110.1 115.9
62.7 63.6 64.5 65.8 64.9 64.4 64.3 63.9 63 61.8 60.2 59 58.4 57.6 55 50.6 48.5 47.6 51.5 54.1 56.8 60.3 63.1 66.1 67.8 69.1 70.5 72.7 74.6 76.3 77.9 79 79.8 80.5 81.1 81.9 82.6 82.8 81.8 83.1 84.2 84.3 85 84.5 83.6 81.4 78.7 74.2 74.6 74.8 76.5 76.9 78.5 79.7 80.2 81.2 82.2 82 82.5 82.9 88.4 90.9 93.6 95.4 95.6 95.6 96.3 96.9 97.6 98.8 98.6 89.7 91.8 92.2 94.1 95.7 96.5 97.6 100.2 106.6 111.5
62.2 63.2 63.8 63.8 62.6 61.5 61.2 60.8 60.3 59.1 57.5 55.9 54.8 53.5 50.4 47.2 46.4 50.9 53.5 55.5 59.1 61.2 64.7 67.1 68.9 70.4 71.7 73.4 75.2 77.1 78.5 79.4 80.2 81.4 82.5 83 83.5 83.9 83.5 83.9 83.8 84.1 83.6 82.2 79.2 76.7 72.7 73.2 74.2 75 75.8 76.9 79.1 80.3 81.4 81.3 81.2 81 85.5 89.2 90.8 93.3 95.9 95.9 96.4 97.3 96.4 96.8 99.4 100.9 103.4 101.9 90.5 90.9 91.8 93 95.2 96.6 97.3 98 104.8
60.5 62.2 62.2 61.2 59.7 58.5 58.1 57.6 57.1 56.5 53.9 51.9 48.1 47.7 45.6 45.4 49.9 53.3 55.2 57.1 61.4 63.7 66.3 68.1 69.8 71.4 72.9 74.7 76.4 77.9 79.2 80 80.9 82.3 82.5 82.1 82.3 82.4 82.1 82.8 82.3 81.8 80.3 76.6 71.5 72 73.3 73.2 73.9 74.9 76 77.9 79.6 80.3 81.9 80.1 82.7 87.8 91.5 91.3 92.8 94.3 95.1 95.7 96.6 99.9 103.2 100.5 105.2 107.6 107.9 108.9 106.9 102.6 103.1 94.9 91.6 92.7 93.4 98.3 98.3
59.9 61.2 60.1 59 57.6 56.9 56.1 55.3 54.6 53.3 49.6 46.4 45.3 44.9 47.8 51.4 54 55.2 57.4 60.9 63 65.8 67.1 68.9 70.7 72.5 74.1 75.6 77.1 78.6 79.9 80.7 81.8 81.6 79.9 77.5 77.1 77.6 78.2 78.8 78.6 77.8 74.4 70.7 71.1 72.4 72.8 73.5 74.1 75 76.4 77.9 79.5 82.8 84 83.5 89.9 89.8 89.1 90.7 93 94 93.4 97.5 99.8 104.3 108.8 106.6 109.7 110.2 111.3 114.3 113.5 113.2 115.5 112.9 108.9 101.5 100.4 101 96.8
59.7 59.5 58.6 57.7 56.8 55.4 54.6 53.7 52.7 48.3 43.8 43.8 49.5 52.5 53.8 55.4 56.9 58.4 59.9 62.9 65.1 66.6 67.9 69.5 71.3 73.1 74.7 76.3 77.8 79.3 80.6 81.3 79.6 74.3 70.1 70 70.6 71.7 71.4 72.6 73.9 69.2 69.9 71.3 70.9 72.2 73.8 76.3 77.3 78.9 79.9 80.5 80.2 84 84.8 84.9 86.1 86.7 87.2 89.1 91.4 94.6 97 102.5 106.5 108.1 109.4 108.4 110.5 112.3 114.7 116.1 116.9 117.6 119.4 118.6 116.7 112.7 111.3 109.6 97.4
57.6 57.3 57 56.8 56.2 55.4 53.5 52.1 47.1 44.4 42.2 49.5 53.1 54.7 55.2 55.4 58.6 60.4 62 65 66.4 67.6 68.8 70.1 71.9 73.6 75.1 76.7 78.4 80 81.4 80.6 74.4 67 65 65.5 66.1 66.5 67.6 68.1 68.3 69.3 70.7 70.6 71.3 74.4 77.4 80.2 82.3 82.5 83 79.9 79 81.2 83.3 86.5 87.4 88.5 89.7 95.1 99.5 103.4 105.6 106.5 108.3 110.7 113 111.7 111.4 113.1 115.4 117.2 118.1 118.7 121.6 122 121.7 120.8 118.7 116.5 113.2
55.7 55.8 56 55.8 55.1 53.2 51.1 48.2 42.1 42.9 48.7 50.6 52.6 53.8 54.2 56.8 60 62.5 64.1 66.7 67.5 68.7 69.9 71.1 72.7 74.1 75.5 77.1 78.7 80.3 80.7 78.3 70.3 63.7 64.1 64.3 65.4 66.1 66.8 67.1 68 68.2 70.1 71.9 74.2 78.7 78.8 78.6 78.8 79.6 77.9 79 79.7 80.7 83.6 85.1 86.7 89.1 93.9 98.5 103 105.7 108.4 108.9 110.4 113.1 118.4 116.4 112.8 114 116.9 117.9 118.5 122.3 123.2 123.4 123.3 122.4 121.9 120.6 118.2
54.7 54.6 54.5 54.3 53.5 50.6 47.5 42.6 40.9 48 50.3 51.3 52.7 54.2 57 59.5 62 64.5 66.5 67.7 68.7 69.8 71 72.7 74.1 74.9 76.5 77.9 79.2 79.5 78.1 73.9 66.1 63 63.6 63.6 64.5 65.6 66.3 66.6 67.4 68.7 70 71.5 74.2 75.6 76.1 77 79.7 80.7 81.9 79 81.1 87 90.2 93.1 92 89.8 97.4 102 104.4 106.6 108.9 111.5 113.3 116.9 118.6 116 114.3 115.9 117.7 118.8 119.9 122.1 123.6 123.5 123.2 123.4 122.9 121.8 120.6
53.1 53 52.9 52.7 51.7 48.3 43.6 40.6 45.8 49.7 52.7 53.6 55.6 57.6 59.3 61.4 63.7 66.1 67.5 68.5 69.9 71 72.6 74.2 75.5 75.8 77.3 78.9 79.2 77.7 73.4 69.9 66.7 62.2 63.1 63.8 64.4 65.6 66.7 67.5 68.3 69.2 69.8 72.4 74.7 75 77.8 79 79.9 78.6 79.7 85.3 90.1 92.6 93.2 94.3 93.7 94 101.3 103.6 105.6 107.8 109.9 113.2 118.9 120.4 118 115.1 115.3 116.9 118.3 119.7 121 122.5 122.7 122.9 122.8 122.9 122.8 122 120.4
51.4 51.4 51.3 51.2 49.9 43.7 39.7 44.8 47 51.3 54 55.7 57.9 59.8 61.6 63.7 65.8 67.5 68 69.4 70.8 72.5 74.3 75.6 76.4 76.7 77.9 78.5 77.3 74.3 68.3 65.2 63.6 61.7 62.4 62.9 63.8 65.3 66.7 69.1 70.2 71.3 72.2 73.6 74.8 75.6 76.9 78.5 81.8 84.7 89.5 92 91.2 91.9 93.1 94.3 94.6 94.7 101.3 104.1 106.9 109 110.5 113.4 114.8 114.7 114.6 116.4 116.3 117.1 118.5 119.8 120.9 121.4 121.6 121.8 122.5 122.8 122.6 122.3 120.9
49.5 49.6 49.6 46.8 40.4 39.5 49.1 52.3 52.6 53.7 55.4 57.6 59.7 61.8 63.7 65.3 67 67.4 68.6 70.1 71.6 73.3 75.3 76.5 77 77.5 77.2 75.9 72.8 68.6 64.2 60.9 60.4 60.2 61.4 62.1 65.2 67.4 69.6 70.7 71.1 71.3 72.6 73.2 74.8 79.4 81.4 84.1 87 89.5 91.9 91.6 89.7 90.4 92.8 96.2 98.4 98.2 98.6 104.8 109.7 110.4 109.6 109.4 107.9 110.4 110.9 114.2 115.8 116.5 118.5 119.1 119.7 120.2 120.6 121.5 122.5 123.3 123 122.1 120.2
47.3 47.7 42.2 38 44.9 51.5 55.2 55.8 55.4 55.7 56.7 59.2 61.2 63.2 64.6 66.1 67.4 67.9 69.4 71 72.5 74.2 75.8 76.7 76.8 76.5 74.8 70.4 67.1 65.1 59.4 59.9 60.1 60.6 60.9 62 66.2 69.9 70.7 70.5 71.4 72.8 74.6 77.2 81.1 83 84.2 86.9 89.8 91.3 89.7 89.6 91.7 93.5 97.1 100.6 103.7 104.3 99.9 101.2 103.7 104.5 106.5 108.3 111.3 112 111.3 112.7 114.8 115.3 117.5 118.2 119.1 119.4 120.2 121.1 122 123 121.9 120.6 118.4
38.9 39.2 38 47.4 53.6 56.4 58.1 58.8 58.8 57.8 57.1 59.1 62.2 64.2 65.5 66.7 68 69.3 70.4 71.9 73.4 75.1 76.1 76.7 76.4 74.6 68 61.9 56.4 56.5 57.8 57 58.2 59.3 60.8 65.6 68.3 69.8 71.5 72.4 75.3 76 77.4 78.4 80.3 81.9 84.4 87.4 90.4 89.7 88.2 90.8 94.3 97.6 101.1 104.3 106.8 107.6 109.7 108.2 109.7 109.2 110.1 111.5 114.6 115.1 114.7 117.6 116 115.2 115.9 117 118.4 118.9 119.5 120.5 120.9 120.9 119.6 118 116.4
37.3 39.7 50.1 54.1 56.6 58.7 59.9 60.7 60.2 58 57.3 59 62.3 64.3 65.7 66.6 68.4 70.1 71.6 72.9 74.4 75.7 76.3 76.3 74.9 69.1 59.1 56.7 55 56 57.8 57.4 58.1 59.2 63.3 67.5 69.4 70.3 72.8 74.9 75.7 76.2 77 78.8 80.3 83.5 83.2 84.3 85.2 88.5 91.6 94.9 98.4 102.1 105.7 110.2 108.9 111.6 112.5 112.3 113.1 110.4 110.8 114.3 116.3 116.3 117.1 119.3 118.2 117 117.1 117.2 117.8 118.3 118.9 119.5 119.2 117.5 115.9 114.3 112.6
48 48.8 52.1 55.7 57.4 58.7 60.3 60.4 59.5 57.6 57.6 59.2 62.5 64.5 65.7 66.8 68.6 70.4 72.2 73.9 74.8 75.5 76.1 75.9 73.5 64.7 55.8 54.7 53.7 55.5 55.9 57 58.4 60.6 65.3 68.7 70.3 71.1 72.6 73.3 74.6 75.6 76.7 80.6 84.4 87 89.3 90.1 91.3 93.7 95.8 98.2 101.8 105.1 109.4 110.6 110.6 111.2 111.6 111.3 110.4 112.3 113.6 116 116.9 117.1 117.8 119.9 119 118.2 117.3 117.3 117.1 116.9 117.8 118.2 118.2 115.3 112.8 111.2 109.4
51.9 53 54.8 56.7 57.9 59 59.9 59.7 58.8 58.1 59 60.3 61.9 65 65.6 67 68.9 70.7 72.4 73.7 74 75.1 75.2 74.9 73.3 64.5 54.7 53.5 61.4 63.7 60.6 57.7 61.3 64.5 66.4 69 70.3 73.9 76.8 75.8 76.4 76.4 79.6 82.3 84.7 87.5 89.7 90.4 93.6 96.2 98.5 102 105.4 108.4 113 110.3 109.4 109.7 109.7 109.6 110 114.7 116.2 118.7 118.7 118.8 118.5 119.5 119.1 118.3 117.6 116.5 116.2 115.5 115.4 114.9 115.5 112.7 110.9 109.8 108.8
53.3 54.3 55.3 56.9 57.2 58 58.7 58.9 58.9 58.9 59.2 61.4 64.3 65.1 66.2 67.4 69.2 70.9 72.7 73.1 73.4 73.8 73.7 72.9 71.4 62.6 53.8 53.5 58.3 66.5 65.4 63.7 64.3 65.5 68.7 71.7 74.5 77.6 78 78.2 79.5 79.7 82.4 86 88.7 90.9 93.3 95.6 98.4 100.5 102.3 106 108.1 109.6 111.9 108.3 107.8 108.6 109.2 110.4 113.1 116.5 118.4 118.8 118.7 118.5 119.2 119.6 119.3 118.4 117.7 116.4 115.4 114.9 114.4 113.4 112.6 111.6 110.6 110 110.9
54.4 55.3 56.1 57 57 57 57.8 57.6 58.7 59.8 61.1 63 64.4 65.7 66.7 68.4 69.9 70.9 71.3 71.7 72.1 72.3 72.1 70.5 67.6 59.9 52.1 56.3 62.2 63.5 64.2 64.1 65.3 68.3 73.7 76.4 76.9 76.9 77 78.4 80.5 83.4 85.8 88.4 90.8 93.4 95.7 98 100.9 103 104.8 107 108.3 107.9 106.9 107.7 109.8 111.7 114.3 116 116.3 116.2 117.5 117.8 118.2 118.9 120 120.2 119.7 119 118.2 116 115 114.8 114.6 113.8 114 113.5 112.4 111.2 113.3
55.3 56.2 56.8 57.2 56.8 56.4 56.6 58.2 59.8 61.1 62.4 64 64.9 65.9 67.5 68.2 69 69.2 69.6 70 69.9 69.8 69.2 67.8 64.5 53.1 52.3 58.9 61.5 62.3 65.2 68.8 71.7 74.2 73.6 74.5 76.3 76.4 78.6 81.1 84.5 86.9 89.3 90.5 93.4 95.8 98.1 100.4 103.3 105.6 107 106.8 105.9 106.2 108.5 111.1 115.1 116.3 116.6 116.9 117 117 117.6 118.1 118.2 118.3 120.3 121.6 121.1 120.1 119.8 116.4 115.6 115 114.5 114.4 114.6 114.8 114.8 113.5 114.6
56.2 56.3 56.6 56.8 56 55.6 56.9 58.3 59.5 60.6 63.1 64 65.2 66.4 66.7 66.9 66.4 67.1 66.8 66.2 65.8 65.4 64.3 62.7 57.7 50.8 54.6 60.8 64.2 67.2 70.5 72.4 73.2 73.2 74.9 75.9 77.4 78.5 81 84.7 87.9 87.9 90.2 93 95.7 98.1 100.5 102.9 105.4 107.1 105.9 104.9 105.5 109.6 113.9 119.8 117.4 116.8 116.9 116.7 116.4 116.6 117.8 118.2 118.4 118.5 120.3 122.2 123 122.5 120.9 118.1 116.3 115.6 115.2 115.4 115.7 115.9 116.8 115.8 116.8
56.7 56.6 56.5 56 55.1 55 56.4 57.7 59.3 61.6 62.5 63.6 64.8 65.1 65 61.2 49.6 59.5 60.7 61.3 59.6 59.2 58.2 57.1 51.5 51.9 57.3 63.1 66.7 70.3 71.3 72.4 72.5 75.8 76.6 78.2 79.4 79.9 83.1 86.8 87.8 89.4 91.3 93.7 96.1 99 101.8 104.4 105.8 105.5 104.1 104.1 108.3 114.7 117.4 121 117.9 117.1 117.3 116.5 115.8 116.2 117 118.2 118.6 118.9 120.2 122.7 124.1 124.5 124.7 120.1 117.6 115.9 116 116.1 116.8 117.2 119.9 121.3 122.6
56.2 55.9 55.5 54.9 54.4 54.4 55.9 57.6 59.8 61.2 62.3 63 64.2 62.4 53.9 45.1 45.9 46.6 49.4 48.8 49.5 49.2 50.9 50.1 51.2 52.9 60.5 66.5 70 70.8 71.6 72.4 74.6 77.2 76.5 76.6 77.3 78.3 79 81.1 84.4 89.3 94.5 96.5 98.4 100.8 103.3 104.6 104 102.9 103.3 106.7 111 115.2 118.2 120.5 118.6 117.2 117.5 116.3 115.3 115.7 116.4 117.5 118.5 119.4 120.9 124.2 126.6 125.7 125.2 123.1 118 117 116.4 116.7 117.8 120.5 125.3 126.2 126.9
55.9 55 54.1 53.6 53.4 53.7 55.6 57.3 59.3 60.7 62.1 62.7 61.9 48.5 46 47 47.5 46.8 47.2 47.7 48.9 48.7 49.5 51 52.4 56.8 64.6 69.9 70.6 70.6 71.1 72.2 72 73.2 73.7 76.9 78.7 81.3 82.3 80.9 81.9 84.9 96.5 97.6 99.7 100.7 102.7 102.9 102.1 102.6 106 110 112.9 115.8 117.5 119.8 119.5 116.6 115.7 115.1 114.8 115.2 116.1 117.5 118.6 120.6 121.6 125.6 125.4 125.3 125.1 122.7 120.1 117.9 117.7 120 121.9 125.6 130.9 133.9 132.8
55.8 55.2 53.9 52.5 52.5 53 54.8 57 59.1 60.5 61.4 62.1 58.3 45 46.7 47.2 47.7 48.1 50.3 50.3 52.2 53.9 51.9 52.3 57.5 65 68.2 70.4 69.1 69.5 70.5 73 73.9 74.9 76.3 80.9 83.2 85.5 88.3 91.9 90 90.4 90.6 96.5 99.1 99.7 100.5 100.5 101.8 105.5 108.4 111.4 113.6 115.6 116.3 116.5 116.4 114.6 113.7 114.3 114.3 114.8 115.7 117.2 118.9 120 121 124.8 124.1 123.1 124.1 122.8 121 119.6 121.1 123.9 126.3 129.8 132.9 134 133.7
55.9 55.3 54 51.2 52.5 52.1 55 57.1 58 59.2 60.1 58.6 53.9 45 46.5 47.4 47.7 48.7 51.1 54.3 60.5 60.7 57.9 57.4 62.6 67.3 69.7 69.4 68.6 68.7 72.5 75 76.3 75.4 80 84 85.6 88.6 90.5 92.8 90 94.3 97.9 97.7 95 95.6 98.3 100.6 104.4 107.4 109.7 111.8 112.4 114.4 114.2 113.5 112.3 112.5 112.9 113.5 114 114.7 115.5 117.1 118.3 118.7 119.7 121.1 123.1 123.1 123.5 122.6 121.5 120.3 122.8 125.4 127.8 131.4 133.2 134.2 135.8
56.3 55.8 54.5 52.8 52.5 51 53.4 54.5 51.2 51.7 53.8 54.5 49.7 44.3 46 46.6 47.2 48.2 54 62 63.8 64.6 63.6 60.7 63.8 65.3 66.8 67.3 67.2 69.7 74.6 76.1 76 80 84.8 89.2 88.8 88.6 89.6 90.8 94.6 95.7 98 102.3 102.1 97.7 99.9 102.6 105.2 109.2 110.7 111.5 110.9 111.4 110.9 111.9 112.6 112.7 113.3 113.3 114.1 114.8 115.6 116.7 117.2 117.7 118.5 119.9 123.9 123.6 123.5 123.1 122.5 121.1 124.2 126.9 129.5 131.7 133.4 135.8 137.3
56.2 55.7 54.5 51.3 51.8 51.8 52 47.9 39.2 40.3 44.2 46.1 46.8 43 45.3 45.9 46.5 48.2 57.7 63.9 65.4 66.6 64.6 62.4 63.6 65.7 65.9 67.1 68.5 72.5 76.7 76.8 74.7 81.8 89.6 86.3 88 88.7 93.3 96.7 97.3 99 99.1 99.5 99.5 100.9 101.5 103.6 105.3 107.2 109.8 110.7 109.8 110.1 111.5 116.2 113.4 113.6 114.7 114.7 114.8 115.3 115.9 116.9 117.6 118.1 118.6 119.5 121.1 122.5 124.2 124.1 123.6 123.1 124.8 127.8 130.4 132 133.7 135.1 136.2
55.6 54.9 53.7 52.3 51.2 51.5 51.7 39.5 40 39.2 42.3 42.6 44.9 42.8 44.7 45.3 46 48.5 62.7 65.3 67.1 67.4 63.5 64.5 67.7 68.2 68.9 70.7 71.8 75.5 78.4 74.7 78 85.4 82.9 89.8 94.4 97.5 100.3 101.1 100.6 100.5 100.6 101.6 103.6 104.8 107 108.9 110.5 109.6 109.8 110.6 110.1 110.6 111.7 115.1 115 114.5 115.5 116.2 116.1 116.3 116.7 117.5 118 118.4 118.9 119.4 121.3 122.7 124.1 124.5 124.2 124.3 125.1 127.4 129.4 131.1 132.3 133.1 133.9
