Assets/StreamingAssets/GeoData/Data/sh/SH61.asc
ncols 200
nrows 200
xllcorner 260000
yllcorner 310000
cellsize 50
[rows 148 to 184 of 200, columns 83 to 165 of 200]
276.8 278.9 281.8 282.4 289.6 296 302.5 308.6 322.5 335 343.3 350.6 357.6 369.1 380.8 399.4 396.2 393.7 373.1 357.8 342.5 331.4 318.7 312.6 311.9 316.7 319.6 316.6 310.6 307.8 304.7 297.7 297.7 301.7 304.6 306.5 309.9 315.5 320 327.7 331.8 334.8 339.2 345.2 353.3 365.4 379 393.8 415.4 439.4 450.7 468 488.5 498.9 496.1 483.8 472.1 461 446.4 432.5 421.3 404.7 390.4 379.1 371.2 369 372.5 374 370.9 370.3 372.1 371.2 371.9 376.8 394.6 405.8 419.7 430.1 439.2 445.9 448.6 446.8 443.1
285.1 289.7 293.8 295.4 300.6 308.1 312.4 322.2 334.2 349.5 361.3 369.7 379.9 387.2 397.1 409.6 410.1 398.3 387.2 379.4 370.9 357.4 346.6 332 323.9 322 320.3 318.9 315.4 311.5 308.2 304.5 307.9 308.7 311.1 314.3 318 320.6 323.6 329.5 334.2 338.7 342.7 349.3 356.3 370.2 383.5 399.1 418.9 438.7 452.4 469.9 490.9 502.9 501.2 484.5 465.9 450.1 435.6 421.5 412.7 400 382.9 373.3 365.5 360.9 362.7 361.9 359.1 358 359 357.7 361.2 374.1 392.2 403.1 411.5 423.6 433.3 440.2 441.3 435.9 427.9
291.6 300.3 306.9 310.9 313.1 317.7 325.7 336.1 350.1 362.7 376.2 389.4 396.8 401.3 411.2 419.2 419 404.7 405.5 401.7 387.7 376.1 360.7 344.4 335.7 328 324 321.3 318.9 315.8 312.9 308.9 314.5 316.6 319.9 322.3 325.6 326.9 329.4 334.5 337.5 340.9 346.9 354.1 362.5 375.8 388.7 404.9 422 438.9 451.1 472 501.1 525.9 513.4 492.4 467.7 448.6 432.6 417.5 405.7 394.3 380.8 370.5 363.1 351.9 352.1 353.9 351.5 351.4 349.6 345.2 357.1 364.7 381.4 387.2 398.8 410.2 424.1 432.4 429.9 422.1 409.3
308.9 317.4 323.7 330.2 333.1 335.4 345.6 354.5 370.2 377.2 389.3 407.1 416.9 420.6 428.8 437.3 453 432.7 431.7 423.1 403.7 383.3 371.9 356.2 344.7 335.6 330.4 325 321.8 318.5 316.5 313.9 318.7 321.3 323.5 325.3 327.4 330.9 334.2 338.5 342.9 346.9 353.9 361.6 368.8 382.4 399.1 411.8 424.7 439.9 454.4 482.5 523.1 534.7 514.8 491.7 470 448.6 430.2 414.1 400 390.3 378.7 369.8 359.7 350.3 344.8 346.7 346.1 344.4 342.5 339.8 348.3 353.3 361.9 374.5 385.8 392.3 407.2 421.1 408 397.7 387.9
325.8 333.9 345.1 349 349.4 352.7 361 370 380.6 392.8 400.6 415.9 429.8 442.6 453.3 466.4 469.7 460 449.7 435.9 416.4 394.6 381.5 366.8 354.2 340.9 336 332.3 327 324.3 320.6 315.5 321.4 323.6 325.3 327.2 330 333.5 337.1 341.6 346 351.5 357.8 367.3 380.2 394.4 412.1 424 434.9 445.8 464 499.2 532 542.1 520.2 498.4 476.5 449.7 428.3 411.3 399.7 389.3 379 366.7 358.1 347.2 340 340 339.6 339.4 336.6 335.3 338.2 343 349.6 360.4 367.6 375 385.3 388.6 384.4 377.2 368.8
335.6 345.5 360.5 370.5 368.8 378.8 387.2 395.3 404 415.3 427.5 440.9 457.6 477.4 487.2 485.7 488.9 478.7 470.8 459.6 434.7 404.9 385.6 374.1 362.6 349 341.6 336.2 333.1 331.2 324.1 321.3 325.3 326.7 329.4 330.2 333.1 337.2 340.9 345.8 350.6 355.8 363.8 374.4 388.9 405.9 418.4 431.7 451.4 459.5 484 524.9 555.7 552.5 532.3 507.7 481.9 455 428.3 413.5 402.2 391.6 382.2 374 365.8 353.7 347 337.9 333.4 333.6 333.9 331.5 328.5 333.2 339.5 348.8 352.5 360.2 368.1 364.7 361.4 360 350.5
347.6 363.7 379.2 380.3 388.3 404.1 416.9 424.4 432.7 441.9 459.5 479.8 500.4 518.7 521.1 514.4 507.9 507.9 503.7 488.8 453.2 413.2 391.6 381.1 366.9 354.6 347 340.1 335.2 331 328.1 325.5 327.5 333.2 333.7 336.1 338.6 341.3 344.6 348.7 355 362.7 374.3 389.9 407.2 418.4 429.7 448.2 467.8 478.5 500.1 550 575.5 561.2 539.9 514.3 489 459.2 435 421 408.8 396.4 393.5 382.2 372.4 358.2 349.6 343.2 337 327.8 329.2 327.9 323 328.4 331.7 338.5 339.9 345.1 347.8 342.7 341.4 340.9 338.4
367.5 386.4 385.6 394.5 408.9 427.1 445.2 457.9 469.6 487.9 504 520.1 532.4 532.1 533.1 528.6 520 515.6 509.9 483.5 449.1 420.7 399.1 384.9 371.9 361 352.6 346 339.5 334.8 331.9 329.4 332.2 333.5 334 336.9 338.5 340.2 345.1 351.4 361.9 375.4 392.1 413 428.1 434.3 450.5 468.9 491.1 506.8 530.5 586 578.3 564 543.5 519.7 491.6 467 447.6 431 415.6 406.6 397.3 387.2 374.8 366.4 357.8 348.8 341.9 333.9 324.3 322.3 319.6 321.5 323.8 330.6 328.5 329.2 328.7 324.3 325.8 326.5 329.1
390.7 397.8 397.6 414.6 432 451.3 476.6 500.5 523.1 532.6 539.5 539 537 535.3 534.9 532.3 528.1 521.5 512.3 484.8 451.3 421.2 398.8 390 375.9 366.5 358.4 350.9 345.9 341.3 338 334.9 336.8 337.2 336.8 338.1 339.5 341.2 345.9 356.2 368.5 387.5 411 435.2 447.3 460.5 476.7 493.6 520 546.6 584.6 591.8 581 563.8 547.7 530.5 513.1 490.7 469.9 449.7 434.5 418.7 404.9 394.8 381.7 371.2 361.9 353.6 346.1 336.9 331 324.5 320.1 317.6 314 317.3 319.8 316.1 314.1 313.9 314.9 316.9 321.6
412.5 408.5 417.9 439.8 459 482.3 512.8 531.1 541.8 544 543.7 543.6 541.7 538.8 536.2 533.6 531.9 525.4 514.3 480.3 451.6 424.3 403.7 394.5 381.9 371.9 362.5 355.3 350.4 345.1 342.2 339.2 341.6 341.9 340.7 341.1 344.5 349.3 354.2 367.2 383.6 406.8 428.1 448.5 463.5 480.1 499 519.8 554.6 587.2 600 591.2 580.3 566.4 552.8 539.2 524.7 508.5 490.8 472.3 453.8 437.7 425.4 407.7 391.1 380.2 369.9 359.4 349.2 339.8 333.1 328.2 323.6 320.3 314.9 311.8 311.9 307.8 305.9 305.2 306 308.8 308.6
429.3 438.2 452.5 474.3 499.4 520.1 532.7 544.3 544.5 543.7 543.3 542.3 541 538.9 535.8 533.5 530.7 525.5 514.1 479.3 448.2 422.2 407.5 398.5 386.7 376.8 368 360.3 355.5 350 346.2 343 346.3 347 345.4 344.7 348.7 359.8 369.3 382.6 401.9 426.7 446.4 466.3 485.2 503.7 524.5 552.7 588.5 615.9 606.1 595.2 581.6 566 553.2 541.4 528.4 513.5 499.9 486.1 472.4 458.1 444.2 425.9 408.3 390.7 378.4 365.7 352.3 345.2 338.9 333.3 327.7 322.8 317.8 311.9 304.1 293.1 296.3 296.1 297.1 299.7 301
455.2 469 486.9 506.7 519.1 529.4 538.7 542.2 541.9 542.2 541.7 540.7 538.7 536 533.4 530.8 527.6 522.5 517.4 487.5 456 430.3 412.6 400.3 391.1 382.9 374.6 364.7 359.2 354.2 349.9 347.7 350.4 351.9 351.1 350.7 354.5 365.9 383.4 403.5 419.6 444.2 468.4 489 510.3 530 552.5 581.7 619.5 616.7 607.1 593.1 579 563.5 550.1 538.7 527.9 516 505 491.5 476.8 462.6 449.5 433 419.4 406.9 389.3 370.1 357.3 350.4 344.3 338.7 332.8 326.1 320.2 312.9 303.3 294.2 280.2 286.4 288.3 290.7 292.7
474.5 490.1 502.3 513.4 520.4 527.6 531.7 533.2 535.7 536.8 536.9 535.5 532.2 530 528.1 526.3 524.9 522.5 519.2 493.9 463.5 437.6 418.9 405.8 392.3 384.7 376.5 368.3 361.5 356.2 352.1 349.4 353.1 355.5 356.6 359 365.8 380.6 403.9 423.8 443.4 465.9 491.6 513.9 537.8 559.2 588 621.9 617.2 610.7 599.2 587.2 572.5 557.6 543.3 532.7 524.1 514.3 504.3 490.4 476.1 463.5 449.4 436.7 425.6 414.4 400.9 384.1 368.4 357.1 349.5 343.9 337.3 332.3 322.3 314.9 304.5 294.1 282.9 274.9 278.3 281.1 278.1
489.6 498.7 504.2 512.2 518.3 521.2 523.6 526.4 527.8 529.2 530 528.3 524.8 522.8 521.8 521.5 522.3 521.2 517.8 505.5 474.8 448.5 425.5 411 396.3 385.2 377 368.4 362 357 353.5 350.6 352.2 354.7 360 364 382.3 401.1 425.1 445.2 467.7 495.3 519.6 544.3 574.1 600.5 608.9 613.2 608.3 600.8 589.8 576.6 562.8 547.4 533.8 524.9 516.3 508.5 498.3 489 475.3 462.7 447.4 437.1 427 415.6 404.2 393.5 381 368.1 356.1 348.6 342.8 336.6 330 319.1 305 290.5 280.3 272.6 270.1 269.7 262.5
495 499 503.5 507.9 511.9 515.4 517.7 520.6 522.3 523.6 522.3 518.2 517.3 515.7 516 516.7 517.6 518.5 515.5 509.9 494.8 461.7 435.3 414.4 395.5 382.5 373.6 365.3 358.6 355.3 353.3 350.9 350.9 352.4 359 370.3 394 415.9 441 459.4 483.2 512.7 545.4 581.6 601.1 600.8 603.5 603.3 597.7 589.1 577.2 564.3 550.2 534.9 522.7 513.4 506.3 501.1 491.6 481 467.2 459.3 446.2 434.4 424.8 418.3 408.4 396.9 384.2 375.2 362.4 354.2 349.1 339.1 329.6 317 303.4 286 275.3 265.5 257 257.4 258
495.9 497.5 498.3 501.1 504.5 507.9 511.7 513.6 514.7 513.1 510.6 510.1 509.6 509.4 511.2 512.2 513.3 514.3 512.7 509.6 503.3 476.7 447.8 420 396.2 377.5 366.5 359.1 354.9 352.5 350.9 350.9 350.9 354.7 365.6 384.4 406.9 428.6 451.3 475.4 502.8 533.5 580.8 588.6 595.9 597.6 595.5 590 584.4 575.3 563 549.7 535.3 521.1 508.9 499.7 495.8 490.2 477 472.3 464 455.8 441.8 428.2 422.6 416.1 404.8 397.1 386.3 375.3 366.3 357 350.3 343.9 332.6 317 301 280.7 267.5 257.5 249.9 246.9 268.6
491.4 491.8 491.9 492.5 495.2 498.5 502 502.1 502.4 500.5 498.4 500 502.6 504.9 506.8 508 509 510.3 511 510.3 506.4 493.3 464.9 433.4 401.2 376.8 361.9 356 353.4 351.3 350.9 350.9 351.4 362.1 386.9 406.4 430.3 449.6 468.7 495.8 525.6 555.9 582.6 585 589 589.5 585.1 579 570.6 561.1 548.9 535.6 521.1 505.6 491.1 484.9 479.6 476.1 471.9 465.8 455.4 447.3 435.5 421.2 416.7 411 400.2 393.5 384.5 375.3 364.5 355.1 353.5 353.3 344.5 318 298.9 275.2 257.6 240.7 242 257 267.3
482.9 482.7 481.2 481.3 483 485.1 489.3 490.1 488.9 488.3 489.7 493 496.4 499.2 502 504.2 506.2 507.6 510.5 511.1 507.2 499 478.7 444.1 410.5 381.7 361.9 355.7 353.3 351.8 350.9 354.2 365.3 378.5 397.1 428.1 441 454.6 478.5 508.2 545.8 579.5 582.1 582.1 580.7 578.7 572.9 566.1 558.6 548.9 536.4 523.1 507.9 490 477.1 471.1 468 464.1 461.1 454.8 447.4 437.9 425.8 415.8 411 403.8 395.9 388.7 380.2 374.3 363.7 352.2 349.8 336.6 330 304.2 287.7 263.3 247.2 232.6 245.1 257.1 264.2
471 470.8 469.6 469.5 470.8 472.6 475 477 476.8 478.3 482.7 487.5 491.8 496.2 498.9 502 504.3 507.4 510.5 511.8 509.1 503.6 487.9 455.1 418.8 387.4 367.8 359.9 355.5 354.5 354.5 370.4 385.2 400 418 437.6 452.7 470.2 493.2 522.6 557.3 578.6 579.9 578.2 574.6 569.5 561.4 553.3 544.7 536 525.8 510 493.7 476.6 466 458.9 455 453.4 449.8 446.5 435 430.3 417.7 409.2 403.1 396.5 389.5 380.9 377.2 370.1 360.9 347.3 333 320 311.3 295.4 276.5 252.4 234.7 231.5 243.8 250.9 254.5
459.2 458.6 458 458.1 459.8 461.6 463.5 463.8 465.8 471.1 478.4 483.9 488.5 492.6 496.8 500.7 504.3 507.5 510.6 512 509 505.6 494 463.3 426.9 398.1 380.7 369 368 369.7 382.9 396.6 410.8 427.6 441.3 463 482.5 500.1 520 546.4 580.1 579.6 577.5 573.7 565.9 559.9 552.8 544.3 533.8 525.7 515.3 501.3 482.7 466.3 455.5 447.4 443.5 438.4 438.4 427.2 424.3 417.6 413.7 400.4 395.5 387.7 381.5 375.8 372.4 363.4 352.3 338.9 325.9 310.9 300.7 281.8 263.8 245.6 223 228.9 226.5 240.8 255.6
448.4 447.5 447.1 447.9 449.8 451.6 452.9 453.1 458.7 466.8 475.2 480.4 486.5 491.4 495.9 500.1 504.1 507.6 510.8 511.9 509.8 506.3 496.3 472 438.2 409.3 399.9 391.5 390.7 399.4 416.8 430.5 442.2 458.5 471.7 490.4 512.5 536.4 553.6 580.8 580.5 576.9 571.5 566 560.1 553.4 545.4 536.7 526.7 518 507.4 493.4 474.8 459.7 446.9 437.9 431.1 426.4 419.9 415.7 406.1 400.4 396.9 388.8 380.9 376.3 374.1 371.2 363.6 356.3 345.5 330.6 316.1 305.5 292 272.2 257.5 238.2 212.3 214.1 227.5 242.2 253.1
438.1 437.8 437.4 438.4 439.9 441.9 441.9 449.9 457.6 465.4 472.5 479.2 485.8 490.4 495 499.1 503.3 507.5 510.2 510.9 509.8 506.3 499.8 483.2 451.9 439 432.3 423.9 419.4 427.2 446.2 461.8 475.7 490.7 508.8 526.2 546.1 572.9 581.7 579.9 575.5 570.4 565.1 557.4 551.8 543.5 536.6 527.7 519.9 511.6 501.9 486.4 467.8 452.5 441 429.5 421 414.4 408.7 398.2 392.6 387.8 384.1 375.4 369.6 366 364.5 363.3 355.6 344.8 336.3 322.4 308 291.7 282.8 266.3 252.2 231.6 206.6 215.5 223.8 237.4 249.1
426.9 426.6 428.1 429.4 431.2 436.9 442.9 449.5 457.6 465.7 472.2 478.9 484.7 489.3 493.9 498.2 502.4 505.9 508.4 509.2 508.3 505.4 500.8 492.4 479.8 474.2 467 456.9 452.2 458.9 475.6 500.2 513.7 541.2 546.5 563.8 583.2 583.3 579.8 574.3 567.7 561.3 555.8 547.3 541.8 534.9 528.9 520.6 512.8 505.2 495.5 479.4 465.6 448.6 436.4 425.7 416 407.7 401.8 394.9 388.5 380.4 371.9 366.8 360.9 353.2 351.4 353.8 345.2 329.7 317.2 306.7 293.2 279.7 269.8 261 248 226.9 200.8 209.4 218.8 233.7 244.7
418.3 422.8 426.5 430 435.9 440.5 445.4 451.1 458 465.4 471.9 478.3 483.5 488.2 492.9 497.2 501.3 503.1 504.8 505.3 505.1 502.4 499.1 495.6 492 494.7 496.5 493.6 488.3 492.9 508.6 522.9 539 552.4 566.4 579.9 586.3 580.7 573.7 565.1 557.1 551.1 545.2 535.1 530.4 525.3 518.5 513.5 505.5 496.8 489.4 474 460.1 446.8 434.7 424.6 413.8 405.5 396.7 388.3 381.5 375.6 367.8 362.4 354.3 340.9 331.9 331.6 322 306.5 302.9 293.4 278 270.3 266.1 256.2 242.8 223.4 200.2 205.4 219 230.9 238.5
426.8 430.5 432.4 435 438.8 442.4 447.7 453.5 458.9 465.4 470.8 476.9 482.4 487 491.5 496 499.2 499.9 500.2 500.6 499.7 497.8 495.5 493.2 490.2 492.8 495.6 495.1 495.3 500.1 509.6 520.6 531.2 545.8 560.7 572.9 580.1 575.2 565.1 558 549.3 541 532.8 524.9 519.5 516.2 510.8 503.1 496.8 488.3 480.3 466.7 455.2 443.9 433.8 424 412.9 403.6 394.8 387.4 379.6 368.5 356.5 351.6 344.2 330.6 314.7 309.2 300.2 290.3 284.1 277.7 267 263.3 261.1 253.8 237.8 215.9 193.2 204.5 216.3 225.8 231.4
435.7 437 438.1 440.4 442.3 445.9 450.5 454.6 458.6 464.2 469.4 474.2 479.6 484.7 490 494.3 496.4 496.3 495.5 494.6 493.7 492.7 491.4 489.5 486.2 488 487.1 486.8 487.5 493.2 500.9 511.8 523.9 536.7 551 562.1 571.8 567.7 558.6 549.2 540.2 534 523.5 514.2 507.8 504.4 498.4 491.4 485.8 479.6 468.8 460 450 439 430.9 423.1 412.9 403.1 393.2 384.8 376.9 365.5 346.5 339.3 330.2 316.9 302.9 292.2 283.5 278.1 274.5 267.1 259.1 257.9 257.5 250.1 231.8 209.2 187.7 200.5 208.8 220.7 229.8
445.2 445 444.9 445.2 447.1 448 451.4 455.4 458.3 462.9 467.5 472 476.6 481.4 486.2 489.9 491.7 490.3 489.2 487.9 487.7 486.7 485.8 484 479.9 479.4 479.1 476.4 476.8 480.5 490.6 502 514.7 526.5 540.2 551.7 560.7 558.8 551.4 542.4 533.4 524.8 513.5 505 498 494.1 488.1 482.6 477.5 469.6 461 453.4 445 435.8 428 420.9 410 401.7 393.6 384.2 373.7 362.8 344.9 317.2 312.4 304.6 291.1 279.7 273.1 266.3 262.7 256.8 251.2 254.4 256.9 245.4 223.8 201 182 197.5 208.4 216.2 228.1
457.2 455.2 452.3 450.3 450 450.6 452.5 455.6 458.3 461.7 464.6 468.3 471.1 474.6 479.1 482.7 484.7 484.3 482.7 481.1 480.1 480.2 479.7 477.7 474 471.7 469.8 465 464.9 469.6 476.6 487.7 502 516.4 529.8 539.6 548.9 549.6 544.2 535.8 525.5 514.6 505.2 495.9 489.9 484.1 477.4 472.1 467.3 459.2 453.5 445.1 439.2 431.6 423.9 415.7 407 400.2 390.6 382.9 372.7 360.4 343.4 322.2 290.1 285.1 276.4 269.9 260.2 257 256.8 246.1 249.7 253.2 250.3 236.8 214.6 195.7 181.4 195.7 206.9 215.9 228.9
468.6 463.8 460 456.4 454.2 454.4 454.1 455.4 457.8 459.3 461 462.7 465.6 468.6 472.6 475 475.7 475.5 473.1 472.7 472.8 473.9 473.4 471.1 467.5 459.9 458.6 453.4 449.6 451.8 465.5 477.3 489.6 502.8 516.6 529.3 538.2 538.5 534.5 528.1 516.9 506.2 497.2 487.6 480.3 474.7 468.2 463.8 457.3 450.3 445.1 436.8 430 424.7 418.1 411.8 403.3 394.7 387 379 368.9 354.9 337.7 321.3 297.3 268.2 261.3 256.6 251.2 247.9 244.1 240.9 248.9 251.2 241.9 227 210.7 188.8 180.5 194.7 205.5 218.3 233
476.7 470.5 464.8 460.4 458.9 455.8 455 453.9 455.4 456.2 456.9 457.6 458.8 461 462.4 463.5 465.2 464 462.4 464.1 466.1 467.3 466.6 464 458.3 450.3 443.3 438.3 435.9 437.3 449.5 461.8 479.4 490.7 503.5 517 524.9 528.2 525.3 520.6 508.3 499.2 490 480.5 471.5 464.3 457.8 452.9 447.3 441.2 436.1 429.2 422.5 417.3 410.9 403.6 396.1 388.1 380.5 371.6 362.2 347.2 329.7 316.3 297 273.1 249.2 238.9 237.9 234.6 234.5 242.7 249.4 248.7 237.3 215.1 200.4 179 177.2 194.2 205.8 220.7 236.3
483 476.5 470 464.5 460.3 457.2 454.7 452.7 452.8 453 451.9 451.4 451.5 452.1 452.1 451.5 452.2 452.9 454.4 457.2 459.3 460.7 460.4 457 447.7 438.9 428.6 423.4 418.8 420.5 434.3 448.9 464.7 482 492.5 503.4 511.6 515.2 513.7 510.7 502.6 492.9 483 473.9 464.4 454.8 446 441.2 435.9 432 425.9 417.1 412.6 406.7 400.8 394.7 386.9 378.8 373.1 363.3 352.6 340.6 316.2 303 290.9 266 243.2 226.9 222.2 225.8 232.1 241.9 250.3 244.2 227.5 205.9 191 170.1 179.4 195.6 211.5 225.7 241.8
487.4 480.7 475.3 468.1 461.7 457.8 454.2 451.2 448.7 447.6 444.6 442.9 443.4 442.7 441 439.1 439.6 442.1 445 449.2 452.3 454 452.5 446.6 437.5 426.7 415.9 408.3 401.9 405.2 419.3 434.6 452.6 468.5 482.7 494.1 499.5 504.2 505.1 502.5 496.8 488 478.3 467.9 458 447.2 433.7 425.2 425.6 417.9 411.5 403.4 400.4 396.3 389.4 383 376.4 369.3 362.2 351.7 338.4 317.9 294.3 285.1 274.2 253.1 234.4 218.8 209.4 217.5 230.3 242.8 244.3 235.3 220.8 196.9 181.9 170.4 182.6 204.2 215.8 231.1 245.8
488.7 482.4 476.7 467.6 460.4 455.4 452 448.5 443.3 440.6 438.4 434.4 433.9 433 431 428.6 429.7 431.1 435.6 441 445.1 445.5 442 436 424.8 412.9 402.3 391 385.2 392.6 408.4 421.6 439.9 457.9 470.6 481.4 489.7 495.4 496.5 495.2 490.9 483.5 473.7 463.5 452.4 442.1 427.7 409.9 410.5 403.5 395.9 390.3 388.5 383.6 377.5 370.7 362.4 358.3 348.1 332 310.7 290 271.9 263.5 256 237.3 223.7 211.4 196.7 214.6 230.4 243.1 239.5 228.3 210.8 186.9 168.1 152.5 186.8 206.8 221.8 231.3 245.4
487.4 481.7 476.6 464.5 458.2 452.6 449.2 444.1 438.6 433.4 431.1 427.5 425.8 422.2 419.4 418.8 419.6 423 427.9 432.4 435.3 434.7 430.3 424.4 411.4 397.8 386.6 376.5 367.6 384.1 398.6 411.8 428.5 448.1 462.2 473.2 481.4 487.3 490 489.4 486.9 481.4 469.5 458.8 449.2 436.9 422.9 409.3 393.6 390.7 383.5 377.5 374.5 366.8 358.9 353.1 340.9 340.1 324.9 302.5 280.8 263.9 247.5 241.7 233.1 222.1 212.2 201 186.6 201.9 229.2 239.3 230.3 216.3 200.8 177.4 154.8 158.6 185.8 207.2 219.7 231.8 243.3
485.9 479.5 471 461.1 455.2 449.9 444.8 439.2 434.4 426.8 417.8 418.1 413.3 410.7 409.2 409.3 410.2 413.1 418.3 420.2 422.7 421.8 415.3 409.1 394.8 384.2 373.4 361.6 359.6 376.4 390.4 404 419.7 438.3 453.7 464.5 473.5 479.7 483.8 485.4 483.5 478.2 469.2 457.9 446.5 434.4 419.8 406.9 390.7 379.6 370 365.3 357.3 351.8 342.4 326.5 308 305.2 294.9 275 254.6 241.4 226.8 222.1 213.5 207.3 200.3 188.1 176.5 200.2 221.8 220.8 218 210.1 196.4 174.5 143.5 155.8 177.1 195.7 213.5 226.1 239.4
483.5 476.7 466.9 456.2 449.7 444.1 438.4 432.3 427.7 417.5 399.2 397.3 390.1 400.7 401.4 400.5 401.1 403.2 406.4 408.7 409.8 406.1 401 390.4 376 368.1 358.2 344.2 346.7 365.4 381.3 397.5 411.9 429.9 445.1 459.4 467 474.1 479.3 482.6 481.7 476.4 468.5 457.5 446 433.5 420.8 409.3 396.5 383.9 367.5 358.5 347.8 337.6 318.9 297.9 278.7 270.3 261 247.5 231.3 218.9 211.3 207.5 200.1 193.5 189.2 178.3 168.3 188.9 203.2 210.7 210.5 203.3 190 171.6 147.8 141.4 161.7 186.2 204.4 220.9 232.3
479.4 471.1 459.4 448.8 442.7 436.7 430.5 424.6 414 396.4 378.6 366.1 373.8 394.3 394.4 392.9 390.9 393.8 396.4 396 394 391.3 385.6 372.5 356.5 347 338.2 323.4 336.6 357.2 375.9 392.3 408.4 425.6 439.6 452 461.4 470.1 476.8 480.7 480.8 476.4 468.4 457.8 449.3 437.6 427 414.4 404.3 393.7 380.8 373.1 360.6 348.2 337.3 317.3 293.8 268.4 247.7 228.8 216.2 204.3 192.9 188.3 186.4 181 177.2 169.9 162.8 171.1 188.9 199.8 202.9 195.4 174.8 158.6 141.6 124.8 153.9 178.4 195.7 213.1 223.8
