Assets/StreamingAssets/GeoData/Data/sh/SH71.asc
ncols 200
nrows 200
xllcorner 270000
yllcorner 310000
cellsize 50
[rows 0 to 34 of 200, columns 78 to 155 of 200]
179.5 176.5 175.4 172.6 165.8 157.3 156.7 151.1 149.4 160.6 175.6 180.1 185.7 180.8 177.1 174.6 172.9 172.1 168.2 167.4 163.1 171.6 173.3 170.8 166.7 159.4 148.8 139.5 124.6 116 106.3 96.9 88.1 71.5 68.2 71.1 68.2 64.7 62.9 55.7 55.8 59.7 59.6 61.4 60.7 66.9 87.3 84.3 73.2 66.8 60.5 59.3 56.3 52.8 44.3 42 40.7 41.1 41.7 42.6 46 46.8 47.8 53.5 57 56.6 60.1 61.7 63.7 65.5 67.6 70.3 74.5 81.5 90.4 93.3 91.7 95
174.6 168.7 164.6 162.7 157.9 152.4 152.3 150 147.7 158.8 175.9 177.2 178.3 169.9 168.5 171.4 167.5 165.4 164 164.3 158.1 154.5 158.5 163.3 158.6 149.4 136.2 127.5 112.6 100.6 94.1 91.9 80.9 66.9 65.3 58.1 55.7 52.7 47.6 45.3 45 48.5 53.5 54.4 65 81.7 92.1 88.6 69.6 55.1 51.3 48.8 44.4 41 41.3 41.5 40.7 41.2 42 43.2 47.5 51.6 57.2 58.6 58.6 59.4 61.5 64.8 67.5 71.4 79 85.5 92.5 99.2 110.6 113.7 108.2 107.2
167.1 158.8 156.4 155.1 151.5 151.6 152.7 151.8 147.5 154.2 170 174.1 170.4 164.2 166.4 167.2 163.5 161 157.6 155.9 153.3 150.7 156.5 156 152.2 144.5 122.7 113.6 102.4 91.6 87.2 82.6 74 60.9 48.9 43.7 42 42.5 41.2 40.6 41.4 43.7 46.2 47.9 55.8 72.3 82.2 67.4 51.3 47.7 41.9 40.8 40.4 40.6 39.5 39.7 41.2 41.5 41.8 49.4 52.5 54.5 58.7 60.7 60.4 62.7 65.2 71.3 80.2 87.1 91.3 97.6 98.1 112.3 115.4 116.8 116.3 116.9
160.6 152.4 147.1 145.8 146.4 154.1 151.8 149.1 141.1 149.7 162 163.8 162.8 162.6 163.7 164.7 160.9 157.3 153.1 148.9 147.2 147.3 149.3 147.1 146.8 132.3 118.4 104.7 96.7 90.1 81.2 69.8 59.7 47.9 38.1 36.5 35 34.9 36.3 37.6 39 42.3 44.3 45.7 48.6 50 50.2 48.8 43.4 37.3 39.6 38 39.3 40 39.4 39.1 40.3 41.3 45.4 55.6 57 54.1 59.6 61 65.2 69.8 73.9 81 86.1 93.1 97.4 98.1 100.5 111.5 126.5 128.7 134.6 139.6
150.7 143.6 141.3 141.1 142.6 150 148.7 145.8 139.2 148.1 155.2 161.6 162.2 162.4 162 160.4 155.2 148.4 145.3 141.9 140.6 141.9 140.7 140.9 131.1 119 104.9 94.2 90.4 82.2 74.4 57.3 49 38.5 33.4 33.4 33 33.7 34.8 36.2 37.9 40 42.9 47.1 49.6 51.9 43.5 34.9 35.7 36.6 38 36.3 37.9 38.8 37.8 46.8 51.2 51.7 54.5 56 59 59.9 60.4 66.4 73.1 77.8 87.4 100.9 101.4 102.1 104.6 108.4 115.5 119.6 130.9 142.6 151.3 152.6
144.4 138.8 137.7 137.5 139.1 146 145.1 143.1 136.9 142.2 149.2 158.3 158.9 158.6 157.6 155.3 152 143.8 137.3 136.9 133.7 136.4 133.2 125.8 117.4 108 96.4 88.9 84.3 76.9 60.6 44.2 40.7 35.5 31 31.1 31.4 32.6 33.8 35.3 36.4 39.2 45.7 51.8 47 42.4 33.3 36.3 37.1 38 38.7 38 41 44.1 51 54.5 58.7 58.6 59.5 60.9 62.4 66 65.9 71.9 80 91.8 98.5 110.2 111.9 111.2 114.3 118.5 128 133.2 140 142.9 145.6 150.5
143.4 136.3 134.4 134.2 136.7 141.9 142.7 143.1 137.9 137.5 143 147.1 151.2 153.2 155 152.5 147.8 138.7 124.4 123.4 124.7 126.2 122.1 117 110.9 99 87.7 80.2 74.8 66.3 49.7 38.9 32.7 30 30.5 30.7 30.9 32 33.3 36.4 39.6 45.5 51.8 42.3 38.7 34.4 33.2 35.9 36.6 41.5 45.2 46.5 47.7 50.1 55.9 62.3 65.3 68.6 69 68.1 70.2 74.2 73.6 80.7 98.3 103.9 111.9 115 116.1 117.4 120.5 132.3 138.9 139.6 140.7 147.6 152.3 156.2
137.7 134.2 131.7 132.2 136.3 138.3 139 139.7 133.4 131.9 134.7 137.6 140 143.5 146.7 144.6 140.1 124.7 113.2 110.4 109.1 112.1 109.5 103 99.4 89.1 77.8 72.3 66.2 53.8 42.8 36.3 29.1 29.4 29.9 30.6 30.8 31.8 32.8 39.5 45.1 50.8 41.2 36.1 32.2 33.9 34.1 36 44.6 48.8 50.5 51.8 57.2 62.1 66.8 73.8 76.9 76.3 78.5 76.1 80.4 85.2 88.4 92.8 110.9 111.9 117.3 120 121.1 126.1 132.2 136.5 136.5 138.6 144.6 148.5 152.6 158.7
132.1 131.5 130 131.4 133.6 133.8 134 131.2 128.3 129.6 136.8 133 129.5 130.4 131.3 131 124.4 115.7 105 100.7 100.4 96.4 96.4 92.3 87.8 78.5 72.4 66.9 61.1 50.2 37.4 28.2 29 29 29.3 30.1 30.6 32.1 35.3 38.1 40.6 39.8 33.8 32.2 33.2 34.8 43.4 49.7 52.1 55.6 59.1 63.3 74.8 80.7 81.9 86.2 86.2 84.4 88 83.1 89.9 96.6 101.5 102.8 107.6 114.4 122 122.3 126.3 132.3 134.2 133.3 134.4 138.7 143.7 144.8 145.5 159.5
129 128.6 128.3 127.6 123.7 124.3 127.6 123.6 122.9 128.8 133.9 124.5 120.5 119.2 117.2 115 112.3 108.2 99.3 90.9 87 88.5 90.6 86 77.5 73.4 69.3 64.5 54.8 44 28.8 25.2 27.9 29 29 29.8 30.6 31 32.7 32.7 34.2 31.9 32.5 33 40.8 47.6 53.9 56.4 61 70.2 75 79.1 86.4 89.4 91.4 95.5 103.5 103.2 101.7 97.9 100.7 106.1 108.5 110.7 111.9 113.6 118.4 122.8 126.7 130.1 132.3 130.1 132.4 135.8 143.9 148.2 155.1 165
130 131.8 132.2 128.4 122.8 119.4 118.5 115.7 119.7 119.3 118.3 113.7 110.2 111.3 111 101.8 94.5 91.7 89.2 84.9 84.1 83.3 83.9 80.9 75.8 71.3 65.2 56.4 42.4 30.8 23.9 27.3 29.2 29.2 29.2 30 30.7 31.4 31.7 32.6 31.2 35 42.2 47.8 50.6 55.4 61.1 68.2 76.3 82.6 87 89.8 92.5 94.9 96.6 98.8 103.5 107.7 109 107.5 107.9 112.6 114.4 114.3 113.8 114.3 118.1 123.9 126.3 128.2 127.7 130.6 136.5 143.7 150 153.7 159.5 172.8
135.4 133.7 132 125.5 120.5 117.4 115.4 111.7 106.7 102.5 105.6 105.7 105.2 105.2 104.4 94.8 93.3 89.2 88.3 85.4 83 81.7 80.5 78.1 77.7 72 63.9 51.1 35.6 22.7 24.6 26.5 28.6 28 30 30.2 30.8 31.5 29.8 30.5 37.7 42.3 47.2 49.1 52 63.7 72.5 81.8 85 87.9 90.6 93.6 96.5 97.5 98.6 100 104.7 111.8 111.7 109.7 110.3 112.4 114.8 115.5 114 115.7 117.4 121.5 124.3 124.9 129.7 134.3 140.6 149.6 154.2 155.9 161.2 168.8
130.2 127.9 121.8 117 114.1 113.3 110.1 106 102.1 100.7 101.8 103.1 103.7 100.9 98.1 103.1 102.5 93.7 89.8 83.6 81.8 81.6 80.6 78.2 72.6 67.8 56.6 40.6 24.1 24.3 26.1 28.1 29.3 28.7 28.7 28.4 29.2 36 39.3 41.6 45.1 47.5 48.7 50.7 55.1 66.1 82.8 91.2 92.6 94.4 94.3 96.3 99.9 99.6 101 102.1 104.6 111.6 111.3 111.4 112.2 113.8 116.3 116.2 116.4 118.7 120.8 122.1 122.9 126.1 133 138.3 144.5 149.8 152.5 157.2 162.2 169.2
121.1 116 111.3 107.6 108.7 109.2 106.3 103.2 101.3 99.5 99.5 99.1 99 99.9 101.9 100.5 95.5 90.6 86.3 82.6 81.6 81.4 77.9 76 69.8 62.1 48.3 32.6 24.4 26.7 27.7 28.6 29.2 30 31.6 34.4 39 41.4 43.7 47.5 51.3 51.9 55.6 58.5 60.3 66.8 82 93.3 96.1 98.9 100.5 101.7 101.9 101.7 103.2 104.5 106.1 109 110.8 112.9 113.9 115.4 118.3 116.8 119 121.3 123.5 125.1 125.8 128.7 132 137.9 143.2 146.7 151.1 155.3 160.3 166.4
111.3 107.7 103.6 104.1 106.2 109 103.1 100.8 99.3 98.7 98.4 98.2 97.6 97 96.8 93.5 90.2 87.4 83.6 82.7 80.1 79.8 73 69.9 60.6 47.1 37.8 24.9 26.3 27.3 27.9 28.5 29.2 30.5 31.6 37.6 45 49.6 51.2 50.8 53.9 58 62.2 62.7 75.6 85.8 92.4 96.1 99.2 103.8 105.3 106.2 106.9 103.8 105.3 107.3 109.1 111.3 113.1 114.6 115.9 117.9 118.9 118.1 121.6 123.9 125.1 126.2 128 131.5 138.9 142.1 146.3 148.6 151.3 154.5 158.7 163.4
103.3 100.3 99.2 99.5 102.4 103.4 99.5 98.9 98.4 98.3 97.8 98 100.3 99.8 98.6 94.3 87.2 84 80.9 74.1 77.6 77.4 69.2 59.8 46.7 33.5 24.4 22.8 26.4 27.1 27.7 28.5 30.8 30.9 34.4 38.3 42.9 48.9 51.7 57.8 63.7 71.3 76.2 82.7 94.3 99.6 99.9 102.5 102.6 106.3 107.1 109.2 109.9 108.1 109.4 111 112.4 114.6 115.6 116.7 118.6 119.7 119.8 120.1 121.6 123.4 126.6 128.7 129.9 136.7 143.1 148.3 153.4 154.7 155.3 156.8 159.3 161.2
99.9 99.2 98.7 98.9 103.7 103.7 98.6 98.2 98.1 98 100 101.9 102.3 98.6 93.4 89.5 86 84.4 81.9 67.4 66.7 70 59.7 48.6 36.7 24.2 23.1 26.1 26.5 26.9 27.9 29.7 31.7 36.5 41 43.2 48.1 57.5 66.5 72.6 81.6 88.4 97.7 106.1 109 105.3 103.1 105.4 108.2 110 111.1 111 111.9 113.9 113.5 114.7 116 119.1 120.1 119.9 120.3 121.3 122 122.7 123.7 125.6 130.6 129.9 130.9 137.7 143.4 154.7 163.9 162.4 160.9 161.2 164.8 169.2
99.3 98.9 98.6 98.5 98.5 98.2 99.6 99 100.3 101.7 101.4 102.6 99.9 94.5 89.5 85.2 83 83.8 78.1 65.2 48 55.1 43.6 36.1 24.9 24.8 22.7 25.2 26.3 28 28.9 30.6 34.1 37.7 41.4 45.8 57 68.5 82.1 86.4 94.3 110.6 112.5 116 116.9 118.2 113.2 114.6 116 117.2 118.6 118.5 117.1 119.2 118.2 120.7 121.2 123.5 123.8 123.6 126.2 126.2 126.1 126.5 128.1 131.4 135.2 136.9 137.8 145.2 152 161.5 167 167.2 166.5 166 170 173.5
101.5 101.9 99.9 98.6 98.2 98.8 101.9 102.7 106 106.8 104.3 101.2 97.5 92.8 86.3 82.5 79.7 77.7 66.2 53.7 50.4 37.3 33.9 24.9 24.2 24.3 22.2 26.5 29.6 33.5 32.2 31.7 37.3 42.7 51.3 61 73.2 83.5 84.4 92.9 111.6 114.4 119.7 121.9 121.4 121.9 122.7 125.3 125.8 125.2 124.9 125.9 123.2 123.1 123.1 123.8 125 126.9 126.5 127.7 130.7 130.4 130.1 132.4 135 139.7 142.2 145 147.4 152.5 157.3 170.7 171.3 171.9 172 170.9 173.8 176.2
103.8 101.9 99.9 99 98.8 101.1 103.8 111.7 113.9 109.3 104.4 99.6 96.2 92.4 84.2 77.8 69.3 63.4 51.3 42 38.4 33.4 25.1 21.6 21.8 21.6 28.2 30.9 33.8 31.5 31.6 37.1 42.7 52.1 64.2 76.7 82.3 84.8 92.2 104.3 117.7 112.7 124 124.4 125 123.7 125.9 128.4 128 126.8 128 128.9 130.7 130.2 128.9 126.5 126.5 127.1 129.9 131.4 133.2 134.6 136.2 138.5 142.1 148 151.1 153.8 157 161.6 166.9 171.5 173.8 173.4 173.9 174.6 177.1 179.7
101.6 101.6 101.3 101.1 103.8 107.4 113.1 114.3 113.9 110.8 105.9 101.6 96.3 88.9 79.1 68.2 58.6 46.3 37.8 33.3 23.5 19.4 24.1 25.9 27.4 28.6 29.7 30.9 33.2 35.5 38.1 45.6 54.8 66 74.2 85.2 92.1 98.5 108.4 114.8 110.5 120.1 124.1 125.9 128.6 129.4 132.2 130.5 131.4 131.3 131.3 135.5 135.9 134.6 134.6 133.7 132.3 134.1 135.2 135.4 136.8 141.1 144.2 147.4 151 155.1 156.5 158.6 161.8 165.5 169.2 171 172.3 173.5 175.3 177.2 179.9 183.1
101.7 103.5 106.5 107.6 113.1 116.9 115.1 116 113.7 112 108.7 99.2 91.8 84 72 56.1 43.9 34.5 24.9 20.7 21.9 22.4 23.8 26.2 28.2 30.7 31.9 33 35.4 40.5 48.4 58.2 70.5 76.1 84.2 93.1 101.3 100.8 102.8 107.2 117.7 126.1 125.5 129.4 131.5 134.1 133.6 131.8 133.3 134.8 134.7 135.9 137 137.7 138.2 138.7 138.1 141.2 142.6 144 145 149.7 151.7 155.5 157.9 162.1 163.3 165 167.5 169.4 171.2 173.6 174.6 175.8 177.5 179.8 182.3 183.4
104.3 109.8 111.3 113.8 121.2 125.7 122.9 114.4 113.6 112.6 108.1 97.4 81.8 72.5 57.9 40.8 32 20.8 19.4 19.4 20.8 22.8 24 26.4 28.4 29.7 32.5 34.6 39.1 49.3 57.6 67.7 79.4 82.4 94 99 98.7 98.8 101 109 121.5 130.5 129 129.4 131.5 135.4 134.1 133.6 135 136.5 137.8 139.4 139.5 140.3 141.2 143.4 143.5 145.2 148.9 150.8 151.4 152.8 155.3 158.6 162.2 167.3 167.5 167.9 168.7 170.8 172.7 176.6 177.5 178.4 180.1 182.5 185.3 187.1
108.8 110.9 115.4 118.8 122 117.4 114.2 114.2 113 106.2 97.2 86.5 70.4 56 39.2 23.1 20.7 19.1 18 20.7 20.1 22.4 24.6 26.2 27.3 31.7 31.2 39.4 49.4 57.7 66.8 77.1 84 90.1 97.9 100.7 99.3 99.2 106.6 108.9 127.4 130.6 131.7 132.2 133.8 133.3 134.1 137.4 138.6 137.9 141.8 143.7 143.3 146.6 148.4 150 150.2 153.3 155.7 156.2 155.2 156.2 158.6 161.7 163.5 166.8 169 170.7 170.1 171.6 174.1 178.3 180.2 180.8 183.2 186.5 191.9 190.8
110 113.2 116.7 121.4 116.9 113.2 112.9 109.5 101.3 90.3 82.2 65.3 54.9 40.4 22.7 16.6 19.1 18.4 19.7 21.5 22.6 22.2 22.8 28.8 37.9 38.4 36.5 35.9 49.9 60.3 70.9 83.5 91.8 95.9 95.6 103.6 97.9 95.8 103.1 114.9 128.9 131.1 129.1 128.9 131 134.4 137.5 139.6 142.4 144.4 148.9 150 151 152 153.1 154 155.7 158.7 160.5 161 160.2 160.4 160 161.5 163.4 164.9 166.9 169.4 172.6 174.6 179.5 182 183.1 183.7 190.7 193.7 193.7 195.8
108.7 112.3 116 117 110.9 105.6 101.4 97.2 86.6 75.8 61.9 49.4 38 22.6 17.8 18.8 19.3 19.6 20.2 22.6 23.6 24.3 33.9 34.7 38.1 42.2 42.9 43.3 40.3 42.1 54.1 73.4 85.4 89.2 90.6 92.5 92.7 94.8 99.6 104.2 115 124.6 129.9 135 138.7 140.6 142.7 145.3 147.9 150.8 152.2 153.8 155.2 155.5 156.4 158 159.6 160.2 162.4 163 163 161.4 160.6 161.8 163.3 166 169.6 173.3 176.9 180.9 184.2 187.3 190.3 191.7 194.8 195.8 196.8 198.4
107.7 112 110.8 107.3 102.1 97.2 91 82.5 71.9 59.7 47.3 37.6 21.4 17.7 18.9 19.1 19.3 20.1 22.4 29.7 32.5 35.7 38.7 39.6 42.3 46.1 48.5 47 48.3 49.2 49 54.7 70.6 81.4 87.5 89 98.3 105.3 114 118.2 125.3 131.1 135.6 139.8 142.8 144.9 146.5 149.4 152 154.3 155.6 156.6 158.3 158 158.3 159.6 160 160.6 162.7 164.8 164.6 162.4 163.1 164.9 166 167.9 172.1 178.2 181 183.1 186.1 191.5 193.9 196.5 198.7 200.5 203.8 206.6
101.7 104.2 101.7 98.9 91.6 90.3 82 68 54.3 42.8 33.8 18.8 16 17.7 19 19.2 19.3 20.3 31.4 36 39 44.4 44.3 47.5 54.2 60.8 66.3 63.6 64.9 64.4 65.4 54.5 60.7 74.4 87 98.2 114.7 119.6 120.2 124.5 128.4 133.3 138.4 141.9 145.1 147 149.5 151.9 154 155.6 157 158.7 157.7 157.4 158.9 159.6 160.1 161 162.9 166.3 166.8 165.1 166 167.8 170.1 172.2 172.8 182 183.7 186.9 190.5 196.5 199.3 200.9 203.5 205.1 209.8 214.2
96.7 94.2 88.9 84.4 81.2 76.4 68.2 49.3 36.8 28.5 17.4 16.4 17.3 17.5 18.4 18.8 20 31.6 34.3 37 46 54.4 58.2 60.5 68.6 76.7 80.7 80.3 81.3 84.2 78.2 66.2 55.3 68.1 82.8 92.9 102.5 113 119.6 127.3 131.8 136.3 139.5 142.4 145.4 148.1 150 152 154.1 155.5 156.1 155.9 155.6 158.2 161.2 161.6 163.4 163.8 163.8 166.7 169.3 168.6 170.1 172.3 174.6 178.1 178.6 183 187.8 193.8 199.2 200.9 203.9 206.1 208.4 212 215.4 219.1
83.8 80.3 77.5 72.9 65.9 59 46.6 33.1 21 15.9 16.8 14.5 15.8 17.6 17.9 23.7 28.3 31.2 32.4 40 54.1 58.7 67.6 71.2 78.6 87.3 90.1 91.9 97.3 96.7 90.5 74.2 60.1 59.2 63.3 74.9 95.3 107.9 118.7 126.5 129.7 136.8 140.2 142.7 144.9 146.3 146.4 148.9 151.1 151.7 152.2 154.1 156 160.5 163.5 163.5 166.1 167.7 167.7 170.3 173.6 173.8 176.4 178.8 181.5 182.9 185 190.3 195.7 202.5 207.2 211.9 211.6 214.3 217.7 221.3 224.6 227.5
72.3 68.6 63.5 55.9 47.7 33.1 27.2 15.6 16.5 16.3 14.4 17.3 17.3 17 17.9 30.1 29.1 30.8 33 40.9 53.8 64.1 73.5 80.3 87.8 98.5 103.1 100.9 98.5 99.3 96 89.5 74.8 63.9 61.3 63.7 72.3 93.1 108.4 119.7 126.1 131.8 133.8 138.6 142.5 144.2 144 144.5 146.1 148.1 151.1 154.4 157.2 160.7 163.3 164.1 166.5 171.8 175.3 176.9 178.8 181 182.5 185.7 187.4 189.3 194.1 199.3 204.2 214.5 215.2 218.9 223 226.6 230.6 236.3 236.1 238.1
57.3 52.9 47.1 38.2 30.2 14.3 15.2 15.2 14.1 13.5 16.3 16.9 19.5 17.5 18.2 29.6 39.1 40.5 41.3 45 59 70.4 79.4 86.3 103.9 107.4 114.5 114.8 107.3 108.6 105 102.5 95.1 92.3 92.2 94.1 85.1 75.2 80 100.7 121.5 126.1 131.9 135.6 139.7 142.2 141.9 143 143.8 146.7 149.7 154.7 159.6 162.7 166 165.1 169.2 176.9 179.8 181.6 183.3 186.2 187.6 191.2 198.6 204.3 208.4 213.2 226.3 230.1 230.5 231.8 236.2 239.6 245.2 248.6 250.1 248.7
46.1 37.8 28.5 19.1 14.5 14 13.6 14 13 15.2 16.2 16.7 17.4 20.3 25.9 35.9 39 40.9 41.8 45.4 55.4 64.1 84.4 99.9 113.6 118.9 122.1 117.8 114.4 113.3 109.8 105.3 108 112.3 113.1 114.1 108.9 101.2 104.4 87.1 103.2 115.7 124.4 129.6 136.2 137.8 140.1 142.3 146.8 149.9 153.6 159.6 160.7 164.5 168.2 170.2 173.9 178 183.4 185.4 188.6 192.9 197.6 204.1 212.4 219.2 224.7 233.2 242.2 246.1 246.9 247.9 250.5 255.8 256.7 258.6 263.5 264.9
26.6 26.8 16.1 14.4 14.7 13.7 13.3 13 15.8 15.3 16.1 16.9 16.9 18.3 25.9 33.7 39 44.8 49.8 50 60.3 75.2 110.3 110.6 120.2 120.9 120 117.8 114.1 110.9 110.1 110.6 111.8 117.5 119.7 121.5 120.6 118.7 117.1 115.5 93.5 117.5 126.4 132 134.6 138.5 142.1 145.1 147.9 151.1 155.1 161.2 164.2 166.6 168.6 172.8 180.6 180.7 184.6 190.3 194.9 201.2 207.9 216.4 225.3 231.3 237.2 249.6 255.3 259.3 261.6 265.6 267.4 273.3 276.2 275.8 279.8 282.4
20.8 18.2 13.7 14 14.5 13.3 14.3 13.6 15.5 15.6 16.1 17.1 17.8 30.2 31.1 36.6 43.8 50.9 55.8 59.7 70.4 92.2 119.9 117 123.3 125.6 124.5 120.1 116.7 115.3 116.3 118.2 120.7 123.2 124.2 126.1 127.2 126.8 123.9 122.3 100.4 121.7 132.1 136.9 137.3 141.8 148.4 150.2 152.3 155.8 159.9 163.7 167.7 168.8 170.4 176 180.3 184.8 188.4 197.5 208.3 215.8 223 229.2 235 244.5 255.1 265.6 269 274.4 277 280.4 285 289.1 290 291.1 292.5 290.5
