Assets/StreamingAssets/GeoData/Data/sh/SH72.asc
ncols 200
nrows 200
xllcorner 270000
yllcorner 320000
cellsize 50
[rows 0 to 34 of 200, columns 79 to 157 of 200]
333.6 335 338.6 338 337.9 339.1 338.3 334 335.8 340.7 340.8 337.4 336.5 339.5 340.9 346.9 348.5 348.6 347 350.5 352.2 349.6 350.9 354.2 352 355.4 354 354.4 358 358.2 356.1 354.9 352.1 349 345.8 343.9 337.9 350.5 360.8 370.9 379.5 393.2 408.3 424 440.2 456.4 466.8 476.1 476.4 476.4 475.3 474.6 470.1 467.6 470.1 468.6 463.6 454.9 440.5 427.4 408.8 389 365.3 342.5 328.7 313.2 298.6 286.9 286.9 290.1 296.7 308.3 326 350.4 365.9 371.7 379.7 386.9 392.1
342.3 344 347.9 343.6 345.5 343.7 342.6 338.5 337.3 340.2 342.8 341.4 336.2 335.7 336.6 340.1 342.7 346 342 342.6 343.3 342.7 344.7 346.7 343.9 347.2 348.1 348.2 350.1 351 352 350.2 346 343.9 340.8 337.6 334.6 348.2 358.8 371.9 381 398.6 413.3 425 442.7 459.8 472.9 476.8 474.2 479.2 474.5 472.6 465.6 459.5 462.8 462.2 457.7 448.8 436.6 424.8 403.5 384.4 363.7 339.3 321.8 304.6 294.8 284.2 286.2 292.2 300.6 313.6 335.6 361.6 376.4 379.9 388 395.8 402.5
351.6 353.5 354.4 350.5 348.5 345.7 345.8 342.1 340.4 340.3 343.2 340.6 335.6 334.8 334.5 335.3 338.2 340.2 337.5 336.7 336.3 335.1 336.7 337.7 338.7 341.9 345.5 344.8 346.6 348 348.5 342.8 340.5 338.1 329.5 329.6 336.8 346.6 359 373.7 384.5 400.2 414.1 428.6 442.5 453.7 462.4 461.9 461.9 468.8 463.9 464.5 460.5 451.2 452.6 446.6 441.7 433.1 426.3 412.5 397.6 377.2 355.1 337.6 319 303.2 295 281.4 284.8 293.9 303.5 322.6 348.9 370.1 381.4 387.1 393 401.8 412
362.7 359.7 357 353.1 353.2 348.3 346.8 344.7 341.6 340.6 341.6 340.1 334 332.6 331.6 329 330.7 335.7 332.3 329.4 328.8 326 329.6 333.9 336 338.2 340.6 342 343.9 345.5 344.4 339.6 336.1 330.6 322.6 330.5 337.6 345.7 358.9 374.6 388 403.9 419.8 431.1 437.8 440.7 444.2 448.5 450.1 452 456.1 453 450.9 444.7 444.8 441.8 435.9 428.9 420.6 408.5 389.6 369 351.2 332.2 313.7 299.9 289.7 280.4 286.6 295.6 308.7 330.5 355.8 372.8 382 388.1 396.4 407.7 429.9
366.8 362.5 357.6 354.7 352.9 348.2 346.3 344.1 341.2 339.5 337.7 338.2 332.1 328.9 326.1 324 323.9 329.9 328.9 324.2 320.9 318 324.3 328.9 334 335.6 338.7 341.2 344.9 343.6 341.2 338 334.5 326 319 328.6 336.3 345.6 356.1 372.4 386.6 403.3 417 420.2 425.9 429.7 436.9 446 446 445.7 447.4 445.1 450.9 440.8 438.3 434.7 431.3 429.4 415.4 401.3 385.3 362.3 344.7 325.3 306.9 291.5 283.5 279.6 290.2 301.1 310.8 334.1 354.6 371.6 374.7 382.7 395.4 410.3 440.5
368.7 362.6 358.4 352.8 350.5 345.3 344.3 342.1 338.9 338.2 337.3 335.3 331.4 327.9 325.6 320.3 320.5 323.1 323.2 318.1 313.7 315.1 321.3 326.3 329 333.2 336.1 340.3 343.5 341 334.8 335.9 335.4 326.8 313 326.2 335.2 345 354.9 365.8 384.3 397 406.3 413.8 422 423.7 431 433.7 433.7 437.6 437.3 428.9 427.1 429.3 424.7 423.9 421.6 419.6 406.2 393 375.9 355.4 334.5 315.5 298.7 275.5 274 285.9 293.4 304.6 317.7 330.1 347 357.8 367.4 380.9 396.8 420.2 450.1
366.5 362.1 354.8 349.6 345.9 343.6 340.4 336.5 335.1 336.4 337.4 333.2 330.8 327.7 324.5 321.6 318.9 317.7 318.1 311.6 307.5 311 316.3 321.1 324.5 330.1 334.1 340.7 342.3 333.8 333 334 330.4 318 312.7 323.1 330.3 338.8 353.2 364 384.2 399.5 407.6 411.5 415 414 422.4 425.3 428.3 428.3 424.7 419.9 411.9 405.2 401.3 405.2 405.2 400.4 388.2 374.3 360.7 340.2 320.9 300.8 287.2 274.7 279.7 287.7 297.4 308.4 318.7 328.1 339.9 350.1 362.9 377.7 396.5 424.8 438.2
362.8 361.2 350.6 345.5 342.5 339.2 337.2 335.1 334.1 334.2 334.9 330.3 328.4 324.7 322.9 320.3 316.9 313.4 308.6 304.5 302.1 306.7 311.7 315.9 320.3 324.9 331.5 334.8 334.9 331.9 333 329 324.8 312.1 304.6 310.5 322.4 330.7 348.3 360.7 375.8 391.6 392.1 400.8 400.1 401.3 406.8 415.3 411.3 407.5 405.7 403.1 404.7 396.3 389.9 388.5 395.7 386.1 376.7 365.1 349.2 330.3 309.6 290 274.5 276.8 283.7 291.7 299.9 309 317.3 325.4 335.8 345.9 357.9 369.7 387.4 415.8 419
358 354.5 347.2 344 341.2 338.2 336 335.6 333.5 333.3 332.9 329.5 327.1 323.3 322.7 322.3 315.6 311.4 303 298.7 297.7 302.8 307.9 313.7 318.6 323.1 329.5 330.6 329.4 329.5 329.1 326.9 319.3 307.2 293 309.3 316.5 327.3 341.5 355.3 369.7 374.4 379.2 379 383.6 386 384.1 385.4 383.1 383.6 384.1 384.4 388.1 383.2 373.8 374.6 377.4 372.7 362.6 350.2 330.8 311.9 297.2 279.8 268.1 277.5 286.4 298.4 304.1 307 313.3 322.2 330.2 338.7 347.7 360.1 376.7 392.6 394
352.2 350 344.9 341.3 339.1 337.1 335.1 333 331.1 329.8 330.6 329.2 323.4 321.6 321.2 319.1 310 308.8 300.6 292.9 295 301.3 307.2 312.3 316.4 322.5 327.1 324.7 326.5 328.3 329 319.3 311.6 296 291.6 302.7 313.7 324.7 335.6 350.2 362.8 369.8 364.4 362.7 373.3 371.1 361.7 356.8 359 361.4 361.5 363.4 367.2 366 359.7 355.4 355 352.1 339.2 327.2 309.7 293.3 281.8 274.1 261.7 278 287.9 296.3 300.2 302.6 308.7 316.8 324.2 331.3 339.6 347.4 360 361.1 357.3
348.4 344.8 340.4 337.8 335.4 333 331.3 329.4 327.8 328.8 328.6 327.4 322.8 321.1 319 313.3 308.2 302.2 293.7 286.1 293.7 297.9 303.6 309.4 313.3 319.9 320.5 321.8 322.9 324.7 320.7 314.1 300.5 284.8 292.3 300.5 310 319.9 330.9 346.2 353.6 355.9 348.6 350.8 362.3 355.1 347.6 338.9 336.9 338 340 343.2 345.1 348.8 345.6 334.3 338 336.4 325.3 309.5 291.1 283.9 276.4 265.3 267.2 275.6 283 291 294 297.7 303.9 309 314 320.1 326 331.2 334.3 333.9 330.8
346.3 341.9 336.4 333.4 330.9 328.5 327.1 325.4 324 326.9 327.1 324.2 320.4 317.9 315.8 309.5 303.4 297.3 288.3 282.5 288.2 291.7 297.7 306 309.7 313.2 314.4 315.4 318.2 316.4 308.5 303.6 289.1 274.3 288.6 297 304.5 316.1 327.8 333.9 340.9 339.8 330 337.8 341.6 337 323.7 322.5 319.8 321.6 325.1 327.8 334.1 329.9 322.1 317.3 319.4 316.1 306.9 292.6 282.4 274.3 269.1 256.4 264.6 274.3 280.3 288 290.7 292.9 297.3 301.9 306.6 311.3 315 317.1 319.1 315.8 311.9
344.9 339.7 333.7 328.7 325 323.6 322.7 321.7 320.7 324.6 322.9 320 318.6 315.3 311.1 304 296.1 289.6 280 278 282 286 291.3 300.3 302 307.1 309.6 309.3 310.3 307.1 303.2 294.9 277.1 267.4 285.1 291.7 300.4 309.1 318 318.1 319.6 318.6 312 313.9 313.8 315.5 305.8 305.7 304.5 305 311.8 311.9 315.4 311.5 306.3 299.5 298.5 295.5 287.5 277.5 270.6 265.5 262.5 250.3 261.3 271.8 279.5 284.2 287.6 289.9 291.1 294.8 299 302.5 304.5 305.4 303.9 296 291
345.2 336.8 329.9 323.2 319.9 318.9 318.3 317.7 315.7 318.4 318.1 316.5 315.6 313.7 307.6 301.9 293.1 285.3 274.5 273.4 276.9 281 285.8 291.3 297.1 300 299.8 302.6 305.2 294.2 292.4 278.8 260 274.3 278.9 284.9 296.5 304.7 308.1 303.8 300.9 300 299.4 296.7 295.3 291.5 284.5 285.2 285.2 288 293 296.5 296.5 295.7 291.2 284.2 280.4 277.5 270.8 268 261.2 257.9 255.4 249.4 262.2 273.9 280.3 282 284.3 286.7 287.2 287.7 288.2 288.8 292.5 288.9 282.9 276.4 277.7
343 334.9 324.2 318 313.8 314.9 314.4 313.7 312.4 315.3 316.1 316.7 315.2 312.1 306.9 302.5 296.8 280.8 268.6 268.6 272.1 276 279.9 289.7 291 292.1 291.2 291.6 292.7 279.9 273.2 261.3 250.5 267.2 272 280.1 289.8 294.9 289.5 282.9 281.3 278.6 276.9 276.8 270.3 266.6 267.8 267.3 268 269.2 274 277.8 280.3 281.3 275.4 270 264 261.7 263.8 256.8 252.7 250.1 247.8 242.6 257 264.6 271.7 275.9 280.5 279.5 275.2 276.3 277.7 273.3 275.3 272.8 265.9 266.2 269.7
337.9 331.1 319.4 313.3 308.6 309 309.3 308.7 309.9 312.9 315.3 316 314.8 305.9 301.1 296.3 290.1 276.3 266.1 263.7 266.8 269.7 271.8 282.5 281 286.7 275.8 277.8 270.1 263.8 254.5 246.5 250.1 259.8 266.7 272.1 275.6 272.4 272.5 265.6 260.2 259.6 256.7 251.8 246.3 250.5 255.6 256.5 256.3 254.9 255.3 258.3 263.1 261.3 257.3 252.9 252.6 252.5 251.3 249 246.1 244.4 238.4 241 246.2 254.7 263.5 271.2 270.1 270.7 267.2 266.1 265.8 263.9 258.9 255.6 258.6 261.6 263.3
335 324.6 313.7 307.8 304.1 303.6 304.7 305.5 308.1 309.1 314.1 314.2 306.5 298.9 295.3 292.2 284.5 272.1 261.6 257.1 258.7 262.7 264 268.4 271.6 263.9 259.6 256.3 255.4 247.1 238.7 221.3 245.9 251.9 259.5 259.1 259.2 254.3 249.1 243 238.6 238.9 238.4 236.3 238.9 242.4 245.3 246.3 246.2 245.5 243.5 241.9 243.1 242.7 243.1 245.4 246.2 241.1 242.2 240.4 237.6 241.8 249.1 252.2 247.2 248.7 257.1 261 260.2 262 259.5 258.3 257.4 253.5 259.2 264 264.9 266.2 264.1
330.4 316.9 307.2 301.7 297.8 298.1 300.5 300.3 303 307.2 310.1 307.8 302.3 294.7 291.1 290.2 286.5 277.7 263.1 248.6 251.4 252.1 256.8 257.9 258.7 251.7 241.7 237.6 233.8 228.9 219.6 218.2 235 238.8 242.5 243.3 241.7 238.3 233.5 229.1 227.1 224.2 223.4 222.9 226.7 232.1 234.2 234.4 236.3 234.2 230.5 231.2 233.4 235.1 237.7 239.8 236.6 235.4 231.9 238.1 245.3 254 260.1 262.9 258.4 249.7 251.6 251.3 250.2 254.4 253.4 252.5 256.8 258.8 262.2 268 271.7 275.7 278.9
322.4 310.3 301.3 297.6 293.3 291.4 295.3 295 300.1 301.3 304.4 306.6 301.5 291.7 287.1 286.8 282.4 275.2 263.9 244.9 239.7 236.1 245.1 245.9 237.8 231.1 224.6 220.7 215.2 209.9 200.1 219.6 224.1 227.6 226.1 224.6 223.7 221.4 218.7 210.9 213.4 217.8 220.5 221.2 220.4 219.9 219 220.8 222.4 223.3 225.7 226.1 224.7 226.9 229.9 231.9 230 231.9 235.1 248.2 256.8 264.5 270.7 274.4 273 264.7 259.4 252.7 257.1 259.8 259.4 258.9 262 265.6 269.3 273 279 283.4 288.9
315.7 303.7 296.1 292.7 287.8 285.5 290.1 291 296.1 297.3 302.5 303.4 296.9 290.2 284.4 281.9 277.3 270.8 260.9 245.6 229.9 221.2 217.5 224.1 214.2 211.7 206.6 204.3 191.8 189.4 191.8 200.2 209.6 210.5 210.1 212.8 207.4 211.1 214 219.3 223.5 227.6 229.5 230.2 229.2 227.3 226.2 228 230.7 231.6 233.7 234.2 231.2 230.6 230.7 234 234.5 232.3 243 252 262.4 270.5 275.9 277.7 275.2 271.9 267.1 260.4 266 265.6 271.6 272.9 272.6 276.4 280.1 284.3 289.2 293.2 296.8
312.1 297.7 290.8 287.5 283.9 280.7 282.5 284.4 290.6 294.5 298.8 300.7 291.1 286.1 281.6 276.5 271 263.7 258.6 245.6 225.1 212.9 201 193.6 189.8 186.6 187.7 186.7 198.5 204.3 207.6 203.7 198.4 207.6 208.6 206.9 218.1 223.4 225 229.9 236.8 242.5 245.3 246.9 245.9 241.5 239.1 238.1 238.5 240.5 243.4 245.2 235.8 236.8 241.4 243.1 241.4 235.4 246.3 253.8 261 266.4 270.8 272.9 273.4 269.4 267.3 263.7 274.4 275.2 277.6 278.8 278.4 283.6 293.5 297.7 303.7 308.7 313.4
313.7 295.5 287.6 283 278.3 275.2 276.3 279.5 285.7 288 292 293.1 288.7 282.5 277.5 270.2 263.5 260.5 255.4 245.1 225.4 194.2 185.5 184.1 193.1 197.9 198.8 205.9 209.2 214.2 222.2 225.6 224.1 228.9 224.7 227.5 235.5 235.4 237.9 242.5 252.9 259 262.1 263.7 260.8 256.5 249.6 244.1 245.3 246 249.5 246.2 244.7 245.4 248.4 248 244.4 242.1 249.3 252.8 258.6 263.5 270.3 273.3 274.2 270.8 272.3 278 281.6 284.9 286.3 290.9 293.2 295.6 305.3 311.5 322.2 335.7 345.9
315.2 294.6 282.6 276.8 273.1 270.1 270 272.2 279 283.3 288.6 285.7 283.5 281 273.8 263.9 261.9 258.4 250.9 241.7 221 194.2 179.5 197.3 203.8 209.3 211 214.9 224.4 225.6 240.5 249.3 244.2 248.7 244.4 251.7 253.1 254.1 254.6 253.6 267.6 274.2 277.7 277.5 274.5 270.8 265.3 257.1 254 255.8 254.6 250.4 253.1 253.5 253.7 252.4 247.4 251.3 254.7 260.3 263.4 269.8 275.9 279.5 281 276.6 278.3 285.7 290.5 297.1 297.7 298.5 306.6 314.1 318.4 327.1 348.9 366.1 366.2
314.8 296.9 278.8 272.1 267.2 264.3 263.8 263.7 271.2 277 282.9 280.3 280.1 276.2 268.5 259.5 258.6 252.4 246.4 235.8 212.4 186.8 188.8 199.6 206.6 210.5 218.6 222.7 235.6 234.7 245.5 260.3 260.2 265.3 268.1 272.8 274.2 274.2 272.4 270.8 283.4 287.9 291 291.2 287.7 283.2 281.5 272.6 272.6 266 261 257.4 260.4 262 264.4 260.7 250.6 254.8 261 266.9 270.3 275.8 281.6 284.3 284.5 285.3 286 291 295.2 299.5 303.7 307.4 314.4 322.9 331 345.4 363.7 372.4 371.8
314.2 297.2 277.1 268.1 262.5 258.8 254.3 257.1 263.3 268.6 275 275.2 273 267.5 258.7 254.8 252.1 246.1 237.8 225.3 204.6 178.3 187.7 201.5 210.1 215.9 222.3 232.4 238 245.7 255.2 272.4 266.6 274.6 282.3 289.6 294.1 295.2 291.2 285.7 299.5 302.7 304 305.3 301.3 296.1 293.8 286.1 280.8 278.7 273.4 270.9 269.7 273.4 275.6 271.3 257.3 263.4 270.5 274.4 280.1 283.9 285.8 289.6 287.2 290.5 292.4 297 301.2 301.4 310.1 315.9 323.7 331.5 340.1 355.6 373.6 379.9 378.9
312.8 296.9 279 261.5 256 252.6 250.9 250.2 252.6 260.3 266.3 268.2 265.4 258.8 253.2 252.3 250.2 243.1 234 224.9 205.2 176.5 184.2 200.5 212 217.8 227.6 238.6 249.6 253.4 261.1 273.9 272.7 279.4 296.1 301.4 310.6 310.2 308 300.3 317.2 317.1 318.3 318.9 315.6 309.5 306.3 300.1 292.5 289.4 280.8 279.8 281.3 282.3 282.7 280.9 273.5 265.7 277.2 283.3 289.1 290.1 290.3 292.3 292.9 295.1 299.4 302.7 305.8 309.4 314.3 317.7 327.7 338.4 349.4 370.1 375.9 379 381.3
312 297.6 279.9 260.7 249.1 246.1 242.4 240.8 241.6 251.7 256 260.7 260.6 256.4 252.9 254.2 251.9 242.3 230.4 212.5 198.9 184.9 178.6 197.7 211.5 218.7 230.4 241.2 254.7 259.1 264.7 272.2 277.5 288.5 298.4 315.5 326.8 326.6 321.4 317.2 327.8 329.1 330.8 329.6 325.3 320.9 316.7 312.3 302.3 291.8 287.1 287.6 289.7 289.5 288.1 287.1 285.5 280.6 280.2 288.5 291.7 292.5 292.7 295.1 295.9 299.9 303.9 305.9 309.3 314.1 319.6 325.1 331 342.7 351.5 358.5 366.6 374 382.6
309.2 297 278.6 261.8 242.5 237.2 231.4 234.3 234.4 240.1 251.9 256.4 256.8 253 251.8 255.2 252.7 237.6 224 206.5 194 181.3 172.9 196 209.5 221 233.5 244.1 257.2 265.3 270.7 273.5 282.2 296 306.3 326.7 336.5 337.7 335.9 330.2 339 341.9 341.6 337.3 333.6 329.9 327.8 319.3 301.5 293.8 293.3 291.3 290.7 291.4 290.7 290.1 275.7 276.3 286.8 291.3 292.8 293.5 295.5 297.5 300 303.2 306.1 309.3 313.5 317.9 323.2 330.2 338.6 348.9 355.9 362.8 370 380.7 390
303.6 292.7 275 260.2 237.4 227.7 216.6 227.3 227.1 232.2 249.3 251.5 251.8 250.7 250.1 252.5 247.8 230.2 214.7 199.6 187.8 177.8 170.7 197.8 211.9 223 234.5 248 257.1 269 273 278.7 291.7 307.2 320.7 337.5 339.5 346.9 342.1 344.7 352.1 352.8 350.8 347.1 343.1 341.3 334.4 322.4 304.4 304.3 295.2 291.9 289 288.4 288.3 287.6 278.9 283.9 287.9 292.2 293.3 294.8 296.9 299.7 302.4 303.9 306.6 310.4 316.4 321.6 328.4 334.9 342.6 350.6 359.2 368.6 379.2 392.5 405.4
294.6 283.3 270.6 254.8 233.8 214.9 210.7 219.3 220.3 225.8 241.7 246.5 250 249.4 248.1 249.1 241.9 221.3 202.7 191.4 181.9 171.2 173.8 202.6 213.4 224.5 236.2 247.4 258.8 271.4 276.6 283.3 303.1 319.1 337.5 343.5 350.4 352 344 355.3 359.9 357.4 356.8 353.5 348.1 344.8 335.8 321.3 319.2 309.5 302.5 290.3 285.9 284.8 283.7 277 284.4 287.4 289.6 291.8 293.5 296 300.2 302.9 306.5 308.3 309.7 313.4 318.8 325.2 335.1 341 347.3 355.5 366.5 374.5 384.3 397.3 408.9
280.5 266.3 259 249.9 227.7 203.7 209.3 211.6 215.3 220.2 234.1 243.7 249.1 247.5 245.3 246.8 234.9 212.9 196 186.4 175.9 169.6 186.8 205 215.2 225.6 237 249.1 260.4 270.3 279.1 293.3 308.5 328.3 340.7 345.8 359 352.8 347.4 358.4 364.3 359.6 360.2 357.6 350.1 342 333.4 327 325 316.6 305.3 293.7 284.6 282.5 279.8 282.5 290.3 293.1 292.5 294.8 295.4 299.3 303.9 304.7 308.3 310.3 311.8 314.9 322.4 329.6 336.7 343.4 349.8 357.1 369.5 378.2 392.4 400.5 403.9
270.8 252.9 239.8 237.2 220.9 192 200.9 202.8 209.4 217.9 229 243.2 246.1 244.7 242.2 238.1 223.7 207.5 191.1 180.4 166.6 182.5 197.1 206.8 217.5 226.6 237.5 251.6 261.3 273.3 288.6 306.1 314.6 335.6 343.7 354 360.9 352.2 349.3 358.4 360.2 360.6 363.5 358.2 353.7 340.5 337.1 332.2 326.6 317.3 306.9 298.7 286.2 280.9 288.2 294.5 298.6 299.8 298.1 299 300.2 301.2 303.3 306.4 308.5 310.7 312.5 317 323.8 330 335.9 343 350 359.2 371.4 384.6 395.8 405.8 409.4
242.2 230.1 216.6 206.2 199.6 182.5 192 190.3 208.3 219.1 222.2 232.1 241.9 241.2 237.2 227.7 215.1 199.2 183.2 172 172.8 187.9 197.5 209.7 221.3 229.4 240 253.6 264 279.9 296.8 308.3 323.4 340.9 349.9 359.3 358.5 349.8 355.4 359.7 360.2 360.3 362.2 358.1 349.2 346.6 341.6 335.2 326.2 316.8 305.9 294.9 282.6 289.1 296 300.3 302.1 301 299.9 299.2 298.8 299.9 301.9 304 305.6 309.5 312.3 316.6 322.5 328.6 334.5 343.4 353.3 369.4 377.6 390.1 416 416.1 420.7
212.9 194.4 181.1 174 172.1 167.7 175.5 181.7 200.7 210.6 215.8 209.3 227.1 228.2 227.3 218.2 204.8 189.6 172.6 166.1 179.5 189.6 201 217.5 225.1 233.8 244.6 257.3 270 284 307.4 317.2 332.2 348.3 353.2 360.7 357.4 349.3 358.2 360.4 360.2 360.4 360.3 351.5 351 351 341 333.4 323.7 314.2 302.3 291.2 285.8 292.2 295.9 298 297.2 295.9 296.2 295.3 297.1 298.9 302 304.3 306.8 308.2 314.1 316.4 321.3 327.2 335 344.1 355.5 366.8 378.5 400.1 421.6 418.3 424.3
191 172 158.1 144.5 150.8 158 159.6 173.7 190.4 201.7 202.5 197.6 204.5 211.3 212.1 206.5 192.9 175.3 163.9 174 185.5 193.6 207.6 223.7 230.5 242.3 255.4 264.2 271.8 291 316.4 329.5 343.8 349.6 356.9 360.7 351.1 350.8 357.7 359.7 360 357.9 354.4 355.3 356.1 348.2 338.8 329.2 319.5 309.6 299.1 289.6 286 288.1 287.1 290 289.3 292.6 293 296.5 301.6 305.6 308.6 309.4 311.7 311.4 309.1 316.1 321.2 327.2 337.1 346.8 356.1 369.4 385.6 406.6 420.6 428.2 434.5
