Assets/StreamingAssets/GeoData/Data/sh/SH74.asc
ncols 200
nrows 200
xllcorner 270000
yllcorner 340000
cellsize 50
[rows 70 to 104 of 200, columns 78 to 155 of 200]
419.5 417 415.2 412.7 409.3 406.4 406.1 405.2 404.4 404.3 404.3 405.5 407.1 408 405.5 400.5 395 388.2 375.1 367.2 364 364.8 368.5 371.1 372 371.1 367.5 368.4 369.4 371.4 378.5 381.5 392.5 406.3 422.1 445 459.8 473.2 483 487 486.8 479.9 459 442.2 423.2 395.2 364.5 345.4 321.7 296.6 281.8 264.4 250.3 245 254 274.4 293.1 315.3 341.3 370.6 403.2 443 457.7 463.3 465.6 467.1 468.5 471.4 483.2 480.6 477.5 478.6 479.2 465.2 458.3 456.6 458.6 455.1
417.7 415.5 411.6 386.9 398.1 399.6 400.1 399.1 398.7 398.7 397.6 399.1 400.4 400.9 398 391.5 384.7 376.9 372.6 375 374.8 379.1 384.4 386.2 386.3 387.7 384.8 385.2 385.8 386.3 392.3 398.6 404.6 419.1 434.7 454.7 468.2 477.3 481.8 484.7 486.2 480.4 466.3 450.4 428.2 397.3 372.6 350.5 328.9 305.5 288.9 272.9 249.5 250.4 258.2 275.9 297 318.7 344.2 377.2 406.8 442.1 455.6 460.3 463.2 467.6 468.9 471.3 483.9 481.2 480.7 480.2 476 468.4 460 454.3 454.3 454.3
414.9 413.2 419.7 396.7 399.4 401.3 397.9 396.2 396.5 396.5 393.3 392.1 392.4 393.9 390.3 384.5 381.7 380.6 384.8 389.2 385.7 391.5 397.8 399.9 402.6 403.8 404.7 400.8 399.6 399.8 403.8 411.9 414.9 431 445.1 460.9 470.4 475.1 478 481.2 484.6 483.4 472.3 454.9 433.6 405.1 383.8 355.9 337.3 312.1 294 276.1 255.2 257.6 265.7 280.9 304.8 325.3 350.9 387.2 418 443.2 452.9 458.3 462 467.3 469.2 472.9 477.6 481.2 481.3 482 477.6 471.2 462.1 454.3 454.3 454.3
414.9 425.2 422.2 409.5 405.5 403 399.4 397.7 392.6 392.7 392 390.7 389.2 387.7 385 380.7 381.7 386.7 391.5 394.9 394.6 401.1 409.2 412.3 414.4 418.1 420 413 414 410.9 415.7 425.8 429.6 440.6 452.9 462.2 469.1 474 474.7 478.2 479.7 481.9 476 460.6 441.6 409.5 383 360.6 345.5 323.7 302.5 282.5 261.1 266 274.5 293.8 316.7 337.7 364.8 399.8 426.9 445.7 452.4 456.9 462.3 466.1 468.4 471.1 477.4 482.5 482.3 484.2 479.2 471.7 457.4 454.3 454.3 454.3
429.4 429.1 419.3 426.7 409.1 402.1 398.1 399.5 392.2 390.2 389.4 388.1 387.5 385.8 383 384.3 387.7 391.1 396.4 400.7 403.6 406.3 414.1 421.8 426.7 428.4 427.5 425.8 423.2 418.4 428.8 440.6 442.8 449.7 456.6 464.5 469.2 471.8 473 475.7 476.4 478.5 475.8 464.7 447.3 418.7 388.9 368.3 356.1 328.1 306.7 291 268.9 276.7 288.1 303.8 327.4 353.5 380.9 424.5 440.8 446 449.5 458.1 461.9 466.1 468.6 470.6 474.7 481.2 483.7 486.3 478.8 464.8 454.3 454.3 454.3 454.3
427.1 430.3 429.4 424.4 402.1 396.9 394.1 393.3 402 389.6 388.7 387.8 387.2 384.8 386.6 389.4 392.8 398.7 406.1 409.4 412.2 413.9 419.9 425.4 428.1 429.4 433 427.9 430.2 433.9 437.9 443.6 448.7 453.9 461.6 466.8 469.4 470.7 471.6 471 472.9 474.2 471.9 465.6 452.8 426.1 393.1 376.3 362.8 337.2 317.3 297.8 279.2 291.8 308.4 320.2 341.5 369.6 406.9 434.6 444.8 450.5 451.7 457 462.3 465.5 468.2 470.7 474 480 482.7 480.3 473.8 463.2 454.3 454.3 454.3 454.3
430.3 430 429.7 425 401.1 395.7 392.9 391.5 398.9 389.6 388.6 387.8 386.4 384.8 388.5 396.8 401.2 407.5 413.7 416.9 419.9 425.9 429.7 432.5 435.9 432.5 440.3 438.6 440 442.4 449.8 452.6 455 456.9 464.5 467.9 469.1 469.4 469.7 469 468.5 469.1 467.6 461.3 446.2 428.2 405.9 383.3 370.3 348.3 325.6 300.5 300.6 310.1 323.7 338.6 358 389.8 428.2 439 447 451.5 453.7 456.3 459.8 464.4 466.7 468.6 471.8 476.6 479.5 478.8 471.1 461.9 454.3 454.3 454.3 454.3
432.6 429.5 427.3 428 403 402.2 400.7 393.8 400.1 388.3 387.7 386.4 386.7 388.9 394.7 399.7 408.3 415.4 423.2 425 427.5 432.9 436.9 436.7 441.5 445.5 452.2 450.6 449.9 456.6 457.7 461.1 463.5 462.7 468.3 470.3 470.3 471.2 468.4 466.7 465.8 465 464.1 457.6 447.9 435.2 416.2 396.5 380.4 359.3 335.2 314 319.1 329.5 343.1 355.7 380.6 406.8 431.7 440.8 447.4 451.8 453.7 455.9 459 461 463.6 466.2 468.3 471 473.2 473.3 469.3 463.7 460.1 454.3 454.3 454.3
414.3 425.5 417.6 416.4 421.1 405.4 409.1 403.1 400.6 394.8 387 387.2 390.7 398.6 405.4 412.7 422 427.3 429.3 438.2 437.5 445.6 455.4 462.7 471.2 468.7 461.3 459.5 461.3 465.2 467.1 466.2 464.7 465 469.3 470.4 470.1 469.7 468.2 464.9 463.6 462.2 461.6 458.4 451.5 440.4 424.7 410.8 391 366.3 341.2 332.9 338.1 347 362 382.2 399.5 421.8 433.3 438.2 445 449.6 453.4 455.2 457.5 458.9 459.8 461.9 464.4 465.9 469 471.2 471.4 470.5 468.7 459.8 454.3 454.3
420 415.2 422.2 420 416.2 414.4 414.1 400.3 400.1 398.5 391.1 387.6 394.9 408.8 420.3 427.2 432.1 439.1 442.2 445.8 448 462.7 479.7 487.7 490 493.8 492.8 467.7 466.8 469.1 472.4 470.6 468.6 467.3 470.5 471.9 469.8 469.5 467.2 464.5 461.7 459.4 458.3 455.7 451.1 441.7 428.1 413.6 397.8 370.7 339.7 348.9 352 363 378.4 400.5 411.8 424.8 434.3 438.9 442.9 446.7 449.7 452.9 456.3 457.6 458.6 459.8 461.5 464.4 468.3 470.9 471.3 471.2 465.7 455.4 454.3 454.3
421.5 425.5 426.4 422.8 414 414 412.2 406.7 405.2 393.8 389.1 394.4 402.5 416.7 427.6 435.3 442.8 448.2 454.3 456.9 467.6 484.5 492 499.6 502.4 508.8 507.5 479.9 485.6 495.1 484.8 475.3 474.8 472.5 472.6 470.5 470.4 469.8 467.6 466 460.8 457.8 455.7 452.3 447.6 439.5 428.3 415.7 399.4 372.8 345.3 358.8 363.5 376.2 392.6 411.6 420.5 425.1 432.9 437.4 440.6 444 446.9 451.8 454.5 455.6 456.9 458.6 460.1 464.2 466.5 471 470.8 471.9 465.6 456.6 454.3 454.3
430.3 426.6 426.9 426.5 412.9 415.4 415.7 412.9 403 391.5 397.3 407.4 414.7 425.6 437.6 447.3 457.4 462.5 469.7 482.8 488.7 495.8 500.7 508.7 514.7 517.4 512.7 505 509.5 500.6 496.2 481.4 476 474.8 474.8 474.3 472.8 469.5 467.8 465.3 461.4 456.7 454.8 449.2 442.7 436.8 427.6 415.1 402.9 378.7 354.6 368.9 375.2 386.5 402.2 413.5 422.7 425.6 430.4 434.7 437.9 441.9 446.9 450.8 452.4 453.8 455.7 458.1 459.5 462.1 468.7 473.5 472 470.6 466 462.3 457.9 457.1
433.2 430.3 428.9 419.3 415.7 415.3 412.4 414.9 398 399.5 410 417.7 428.2 432.7 447.8 460 469.2 474.9 484 492.6 499.1 503 505.7 514.5 516.2 518.6 517.4 520 514.6 501.5 489.5 481.4 476.3 475.8 475.2 475.1 473.3 469.9 467.1 464.8 461.3 456.7 452.9 446 439.4 432.4 424.9 412.1 401.4 381 368.2 375.1 382.5 394 406 414.4 422.7 427.9 430.4 432.7 434.9 439.2 444.3 448 450.4 453.2 455.1 457.2 459.2 462.3 469.3 472.6 472 470.2 469.3 467.7 459.6 457.3
435.4 430.1 424.3 417.8 416.9 414.1 413.8 400.8 403.8 407.8 423 425.5 439.4 441.5 452.2 464.2 476.3 482.7 492.5 498.1 507.8 512.8 515.4 518.6 521.7 520.6 523.8 520.5 515.8 499.1 487.8 481.4 476.9 477.1 476.6 475.3 474 470.6 468.4 464.5 459.2 454.1 451.1 444.7 438 429.8 423.1 414.7 399 370.3 379.8 385.1 389.2 399.1 410.4 418.2 425.4 429.8 431.9 434.5 440.2 444.3 444.8 446.2 450.2 454.2 455.3 456.4 458.3 460.6 467.1 472.2 472.5 469.5 470.5 469.6 461.7 456
433.3 426.7 420.7 416 417.1 416.6 408.5 406.4 412.5 418.9 432.2 441.9 449.7 457.3 462 469.5 477.3 487.1 496.4 500.9 513.8 516.9 520.6 524 523.5 526.3 526.3 522.5 517.7 496.8 487.4 481.3 480.3 477.3 476.2 474.4 473.9 471.2 469.3 466 458.6 453.4 447.1 440.5 434.5 426 417.8 409.1 386 392.9 393.8 394.3 396.3 404.6 413.5 421.5 429.2 431.8 433.3 435.4 440.9 444 446.6 447.9 450.7 454.3 455.8 456 457.1 460.4 465 469.5 468.7 465.9 468.4 468.6 463.4 455.7
434.1 427.3 414.6 414.6 414.6 415 414.3 418.2 426.9 429.6 438.5 451.1 458.5 463.6 470.4 477.7 484.5 493 499.4 505.9 518.3 517.8 524.5 529.8 532.4 532.4 530.3 524.2 518.2 496.1 490.5 483.9 483.1 478.8 475.4 473.6 472.1 470.5 468.1 463.4 457.2 451 444.2 436.1 429.8 423.4 416.1 414.1 399.8 410.8 412 402.3 401.9 411.5 418.3 423 430.5 433 434.1 436.5 439.2 442 444.6 448.3 450.7 452.6 454.4 456.2 456.8 458.9 462.9 465.5 463.2 462.1 461.6 465.2 462 455.3
435.6 429.3 414.6 414.6 416 416.1 417.7 425.3 433.8 437.6 447.6 458.3 465.5 471.5 476 481.2 488.6 498.1 505.6 513.2 517.8 518.1 526.8 534 538.3 536.8 529.9 522.9 511.3 497.2 490.2 488 487.3 483.8 478.5 474.2 471.6 470 466.1 461.5 454.1 449.4 439.7 433.4 427.8 423.6 424 412.6 407.1 416.2 417.3 409.4 406.9 416.9 423.1 428.1 431.7 432.2 433.8 437.4 439.2 443 444.2 448.9 450.6 452.6 454.3 454.7 455.8 458.2 460.7 461.7 460.5 457.9 457.1 457.1 458.5 455.9
440.2 432.4 426.4 414.6 420 420.3 422.3 428 434.8 442.2 450.6 465.3 473 474 475.9 480.2 488.1 502 510.2 515.3 521.9 520.6 526.8 539.8 539.5 535.6 527.1 520.1 506.7 499 497.6 500 497.7 492.8 484.8 479 473 470.8 465 460.4 454.2 442.5 435.1 430.7 426.4 428.4 422 418.4 421.8 419.7 421.1 417.2 413.5 419.6 426.4 430.9 434.3 435.6 436.8 438 441.5 443.8 445.8 447.9 449.7 452 453.1 452.9 453.2 453.6 455.8 457.5 457 455.4 455.1 456.7 457.4 455.4
444.1 438.8 430.6 430.9 428.2 429.3 433.3 434.2 437 446.8 452.6 465.6 472 473.3 475.3 479.7 488.6 501.7 510.6 517 520.6 520.1 533.7 542.8 542.4 535 525.1 517.2 507.6 503.2 504.9 505.3 505 495.6 489 480.4 475 472.2 466 460.6 453.4 444.1 433.6 432.6 435.2 431.3 429.7 430.2 429.4 426.8 427.2 426 416.6 422.9 428.8 432.9 435.2 435 438.3 440.7 442.6 444.2 446 447.4 449.1 451.7 452 451.4 451.4 451.6 452.2 452.8 453.7 454.2 454 455.1 452.8 449
448 443.2 441.7 439 438.4 439.1 437.4 439.3 442.2 451.3 458.1 465.1 470.6 472.7 477.4 485.8 493 504.9 508.6 520.1 519.7 518.2 535.4 539.2 544.1 532.6 523.9 515 510.1 508.5 503.2 503 500.8 493.4 487.4 479.6 474.9 472.4 464.4 457.1 448.8 442.1 435.6 439.5 438.3 438.4 437.2 434.6 432.7 430.5 430.8 430.3 421 427.3 430.6 432.6 435.2 436.1 438.6 440.8 442.3 444.2 446 447.5 449.5 451.1 451.1 450.3 450.1 450.7 451.4 451.9 452.3 452.7 452.8 451.9 448.6 447.3
451.4 448 445.9 444.1 444.1 446 442.8 444.3 447.3 451.7 460.5 467.1 471.7 472.8 480.7 488.9 501.3 505.9 513.9 515.9 515.1 526.3 537.5 545 539 531.5 522.7 516.5 509.8 507.1 507.1 499.7 494.7 488.5 484.4 477.6 474.3 471.6 463.9 451.2 443.1 436.9 440.5 442.5 443.5 445 441.8 436.8 437 433.7 432.8 432.1 423.5 432.3 433.5 434.8 435 435.7 438.3 440.3 442.4 444.5 446.1 447.6 449.6 450.6 449.8 448.9 449 450.3 450.9 451.1 451.1 451.3 450.8 449.2 447.4 445.4
455.1 452.4 450.2 448.6 447.7 448.1 445.5 446.5 450.5 453.9 462.6 468.7 471.3 475.5 483.8 490.8 503.9 511.2 513.8 514.5 515.3 538.9 540.5 546.8 543.2 533 531.1 536.1 517.6 512.7 514.6 500.6 487.6 483.9 480.3 478.1 477.9 471.2 461.2 451 439.8 447.4 453.6 452 449.4 449.7 447.8 447.5 442.6 438.1 434.1 432.7 426.3 431.1 434.1 434.9 435.1 435.3 437.9 440.6 442.7 444.7 446.3 448 449.6 450 448.3 447.5 448.5 450.2 450.3 449.8 449.8 449.4 448.4 446.1 444.3 443.6
458.8 456 453.7 451.7 449.5 449.9 449.1 448 452 458.2 466.7 470.5 473.6 480 487.3 491.9 503.4 507.9 512.9 513.6 527 542 546.4 552.9 551 544.4 541.7 539.4 539 527.2 517.8 500.3 487.2 486.6 488.4 480.8 475.8 468.2 459.7 449 444.9 456.1 459.2 458.3 458.1 453.7 451.7 451.2 445.7 439.6 434.6 432 429.3 429.1 432 433 433.3 435.2 438.2 441.1 442.5 444.4 446.2 447.9 449.2 449.2 447.4 446.9 447.3 448.7 449 448.3 448.2 446.8 445 442.6 441.5 441.1
462.6 459.6 456.7 453.6 451.1 451.8 452.7 450.5 453.6 461.2 468.7 472.5 476.5 483.2 488.9 494.2 503.3 508 509.3 515 540.8 548.9 549.7 551.5 550.3 545.2 540.8 540.1 535 528.8 517.8 502.8 494.2 490.5 488.8 479.7 472.7 466.8 454 450.5 457.2 460.2 462.8 465.4 465.8 464.9 461.9 452.9 448.5 447.9 441.9 440.8 434.4 428 429.6 430.8 433 436.3 438.7 441.3 443.1 444.6 446.7 447.9 448 447.8 447.1 446.9 445.8 447.4 447.6 447.2 445.8 443.4 441.3 440.6 440.1 439.7
466 463.1 459.7 456.2 454 454.1 454.6 456.5 460.6 466 473.8 475.4 483 488.4 490.3 493.4 503.7 509.8 509.6 527.1 544.6 549.5 546.9 552.5 550.4 547.2 543.6 537.8 537.1 528.2 518 494.9 497 494.6 487.4 480.8 468.1 458.3 453.9 462.2 463.5 466.8 469.3 470.7 472.2 471.2 460.9 461.7 454.7 447.2 446.9 449.2 444.1 432.1 429.8 431.6 434.3 438.5 439.9 440.8 443.8 445.8 447.6 447.1 447 447.4 447 446.3 444.8 445.5 445.4 444.7 442.5 440.6 439.9 439.2 438.9 438.8
467.6 464.7 462.6 460.2 456.2 455.8 457.6 464.5 466.6 468.9 477.4 479.5 483.8 491.7 493.5 503.5 508.2 506.2 509.5 532.6 540.9 548.7 557.5 561.2 561.4 549.3 541.6 539.2 534.4 525.6 513.9 506 499.7 495.2 488 477.2 462.2 455.9 461.7 468.1 471.2 474.2 476.3 477 478.3 475.6 474.6 467.5 459.4 458.6 452.2 450.6 450.2 438 434.9 432.5 436.5 439.7 441.2 441.4 444.3 446.3 447.2 446.6 446.6 446.5 446.8 446.1 445.4 443.1 443 441.7 440.2 438.8 438.5 437.9 437.8 437.6
467.5 466 464.8 461.7 457.6 457.9 463.5 470.1 471.4 472.6 478.9 481.1 485.9 493.5 499.6 509 506.9 508.2 521.7 539.6 553.6 562 563 566.7 565.6 557.9 549 541.9 533.9 526.6 516.6 508 503.8 495 487.9 471.6 470.6 463.7 468.7 470.8 479 480.9 483.4 483.3 484.6 486.6 484.2 480.9 474.3 469.1 461.5 454.4 454 445.7 442.3 438.3 439.7 441.4 443.6 444.5 444.3 445.5 446.2 446.6 446.6 445.3 445.6 443.5 443.7 441.1 440.7 439.5 438.3 437 436.7 436.5 436.2 435.8
466.7 466.2 465.5 463 460.2 461.8 470.7 475.4 476.8 477.2 483.3 487.2 491.4 495.6 505.7 510.1 508.3 512.3 532.7 542.9 550.6 560.6 566.4 567.9 569.2 564.6 561.3 543.7 544.8 545 534.4 520.9 503.8 496.2 485.2 471.4 475.2 472.8 475.6 484 488.4 491.3 493 494.1 497.3 497 495.2 489.9 483 475 468.5 461.2 457.9 451.4 447.6 444.6 441.4 442.3 445.3 445.9 444.3 445.7 445.7 445.9 446.1 446.4 446.1 445.5 443.4 441.8 440.5 438.4 437.3 436.6 436.1 435.8 434.8 434
466.1 466.9 465.7 464.7 465 468 478.2 478.3 476.1 484.3 490.1 491.5 496.1 500.3 506.5 506.7 508 515.8 537.9 550.1 559.5 567.6 575.2 569.4 570.9 567.3 564.8 550.4 549.7 541.1 528 515.6 504.2 496.4 482.7 482.4 482.6 483.6 487.9 492.7 497.3 501.7 503.3 504.7 507.8 508.7 503.2 496.2 486.4 476.9 468 462.1 458.8 452.7 449.7 447.2 444.6 444.1 445.4 445.8 445.2 445.3 445.6 445.4 445.5 446.1 445.2 444.2 443 441.8 440.2 438.3 436.9 436.2 435.6 435.4 434.8 434.7
466.4 468.1 467.4 467.7 468.9 473.9 477.1 477.6 481.1 489.1 493.9 496.5 500.9 502.6 505 507.4 507.8 525.1 545 565 571.5 570.5 558.4 562.6 565.2 562 556.5 549.5 539.4 530.2 521.5 512.6 501.4 496.1 492.8 487.5 489.9 496.6 499.1 503.7 508.4 510.4 512.5 514.9 516 512.8 506.4 496.2 486.5 477.8 468.8 464 459.2 454 450 448.5 446.6 444.9 444.8 444.7 445.5 445.5 445 444.4 444.4 444.6 444 443 441.9 440.4 438.8 438.2 436.7 435.5 435.2 435 434.9 434.9
467.3 468.9 469 469 470.2 473.1 476.5 479.3 484.3 491.1 496.5 500.1 504.4 504.8 507.3 507.3 517.4 547.9 573 564.4 554.5 552.2 560.8 561.5 558.8 556.2 549.1 543.6 532.1 523.6 519.3 513.6 508.5 507.6 499.8 496 502.6 507.8 510.8 514.6 516 518.3 519.7 520.5 518.9 514.8 507.7 499 487.4 480 470 462.7 458.8 453.8 451.5 449.9 448.7 447.6 444.8 444.8 444.8 444.9 444.4 444 443.3 442.5 442.7 441.9 440.4 439.4 438.2 437 435.8 434.7 435.2 434.6 434.4 433.7
466.3 467 467.3 468.8 471.6 474.9 477.6 488.3 490.4 494.2 502.3 506.7 508.6 512.6 504 503.8 516.6 547.6 545.6 541.3 546 564.7 572.8 560.3 560.9 556.4 548.6 538.6 532.9 527.1 522.7 517.2 515.2 511.1 509.8 507.6 512.1 515.9 519.4 523.2 525.1 524.3 524.6 523.6 521 517.5 509.3 497.8 489.1 480.6 470.6 462.7 458.5 453.8 451.7 450.4 449.6 448.2 446.1 445.2 444.7 445.1 444.4 443 442.5 441.9 440.1 440.2 438.6 437.4 436.7 435.7 435.6 434.6 434.3 434.7 434.5 434
463.1 464 465.5 468.6 471.4 481.1 489.8 486.8 492.1 498.4 507.6 513.6 504.4 504.4 503.3 502.1 506.9 527.2 531.6 538.9 564.3 575.3 568.1 562.9 565 559.7 551.5 545.3 538.8 532.1 525.1 522 519.4 516.7 517.2 515.6 520.6 522.5 525.6 529 530.3 531 529.6 526.1 522.9 518.3 507.6 497 487.3 478.3 467.2 462.1 458.5 454 452.3 449.9 448.2 447.3 446.2 445.3 443.8 443.7 442.9 442.6 442.3 441.3 439.8 438 437 436 435.4 435.7 435.5 435.2 434.6 435.2 435.4 435.3
459.5 462.3 465 467.5 473.1 473.2 481.4 479.7 485.6 494.7 505.9 514.9 506.4 504.4 504 500.7 502.8 512.7 528 545.8 567.4 580 579.1 571 566.3 566.8 558 549.7 541.6 536.4 532.9 529 524.4 524.8 526.5 525 526.3 527.9 530.8 532.7 531.8 531.4 530.8 527.8 522.4 516.1 506.5 496.2 486.8 476 464.7 460.3 457.9 455.8 452.7 451.3 449.9 448.8 446.8 445.4 445.1 442.1 441.6 442 441.5 440.1 438.3 437.8 437.2 436 437.7 437.3 437.7 436.5 435.6 435.5 435.3 435.8
454.1 461.8 466.1 466.9 467.1 467.5 469.3 473 484.5 487.3 498.1 501.8 504.8 502.8 500.9 499.3 500.4 503.5 508 525.5 547.6 580.7 575.9 585.1 581.1 576 561 558 547 545.3 540.1 533.9 530.1 529.6 529.5 530 531 530.3 532.5 534.2 533 531 529 523.4 517.7 511.3 503.4 492.8 482.7 472.6 463.9 463.1 463.6 461.7 457.4 451.5 450.2 449 446.7 445.1 445.4 442.9 440.5 439.5 439.8 438.3 438.8 436.6 436.3 439.5 439.9 440.4 440.3 438.8 437.1 436.3 435.3 436.1
