Assets/StreamingAssets/GeoData/Data/sh/SH77.asc
ncols 200
nrows 200
xllcorner 270000
yllcorner 370000
cellsize 50
[rows 144 to 179 of 200, columns 82 to 163 of 200]
451.5 430.9 419.5 413.1 403 394.4 387.6 382.3 375.2 376.9 378.3 371.6 369.4 362 354.1 347.3 342.2 322.9 309.8 305.2 287.3 266.4 256.5 232.7 203.3 179 147.9 134.8 124.4 115.5 101.2 88.4 78.7 65 62 60.2 57.5 56.1 56.6 54.3 53.6 53.1 51.3 48.6 48.3 51.4 51.8 48.5 44 46.6 49.9 48.8 47.2 49.1 56.7 65.3 74.2 82.6 86.6 88.5 92.2 82.2 76.5 75.6 73.7 69.6 67.4 67.4 67.2 72.9 81.3 89.9 86.9 86.6 97.3 104.4 105.4 102.7 99.1 96 91 87.7
447.5 433.4 420.3 414.1 398.4 392.8 383.7 379.2 371.3 368.4 363.5 361.7 357.7 356.2 347.5 343.2 338.9 322 308.5 295.4 279.4 267.4 247.6 221.1 190.6 162.5 141.6 131.5 123.3 110.7 96.6 87 77.4 64.3 58.1 56.2 55.1 52.9 51.7 50.4 49.6 49.2 48.6 47 47.8 51 51.7 47.4 43.8 46.4 48.9 48.8 50 56.5 65.6 73.6 82.6 89.2 89.6 92.7 95.6 81.1 76.7 76.4 73.6 69.1 68.4 66.9 67.2 71.1 79.5 86.9 86.5 86.7 94.2 100.5 100.5 96.2 93.2 92.7 86.6 85
438.7 427.1 421.8 411.9 396.5 390.9 379.8 372.5 362.4 354.9 352.6 350.6 346.3 343.1 340.7 331.8 327.3 319.2 307.2 291.8 281.6 261.7 232.2 202.8 175.8 152.5 141.2 131.6 118.1 106.2 92.6 83.6 73.6 63.1 56.6 53.2 53.1 52 51.2 49.9 48.7 47.8 48.7 46.8 46.2 46.9 46 43.9 43.1 45.9 45.6 49 58 63.8 71.8 81.3 88.2 88.8 88 87.6 88.9 80.9 77.5 77.1 74.9 71.1 68.2 67.7 67.6 69.9 77.8 83.8 83.2 86.7 91.5 96 95.2 90.5 86.2 84 82.1 81.7
433.6 417.3 411.5 402.2 395.7 387.5 375 368.3 357.3 349.1 343.7 338.5 336 332.2 327.2 317 318.3 304.6 291.5 277.3 268.2 241.5 209.3 184.6 161.2 150.1 140.8 129.6 113.9 100.9 90.1 80 70.6 60.5 55.9 52.6 51.7 52.1 50.6 49.3 48.8 47.8 46.5 45.5 45.3 44.3 44.4 44.9 44.6 45.6 49 54.1 66.5 73.6 78.2 87.3 89.4 87.9 87.9 86.4 83.1 79.7 78.9 79.3 74.3 71.6 68.4 67.6 71 70.1 75.4 80.4 81.6 84.7 88.8 92.2 90.1 83.1 79.2 77.7 77.9 81.5
430.5 418.7 406.9 399.1 394.6 380.4 370.2 365.1 354.1 343.9 335.8 330.1 325.1 320 312.8 307.1 298 293.5 281.3 267.6 245.5 218.1 189.5 166.5 153.9 145.7 138.3 125.5 112.3 97.6 84.9 76.5 69.4 60.6 54.8 52.9 51 51.8 51.1 49.5 47.8 47.1 47.2 46.9 46.1 45.1 46.4 48.8 47.6 47.1 49.7 62.3 75.9 80.4 85.3 94.4 94.9 93.9 92.9 88.1 84.1 79.1 75.3 73.9 74.1 74.3 69.2 68.2 72.3 70.4 73.6 78 80.4 82.4 86.3 89.3 87.8 80.6 78.3 76.8 77.8 81.9
422.9 412.9 408 394.4 386.3 376.9 364.1 356.7 348.1 337.4 326.6 319.6 314.5 309.5 300.3 291.5 285.5 275.6 261.8 241.8 220.1 195.5 173.7 158.8 148.1 141.8 134.3 122.9 113.5 100.4 83.7 74 66.4 59.9 54.5 52.7 51.5 51.2 52.2 51.1 48 46.8 47.8 48.2 46.6 48.1 49.7 49.5 49.6 49.4 56.2 71.3 77.2 81.3 90.8 96.2 100.4 104.1 98.9 92.3 86.4 80 73.3 72.7 72.3 73.1 71.2 68.6 73.2 70.1 70.5 76.9 78.8 81.3 83.2 87.4 87.2 80 79.6 76.7 78.4 85
419.4 410.6 402.7 390.7 373.8 366.3 361.1 350.8 340.3 329.8 317.9 306.6 298.9 290.8 284.7 277 267.4 255 237.6 217.2 195.8 175.1 164 154.3 145.7 139.8 130.9 120.5 113.2 95 80.1 71.9 65.1 59.3 55 53.2 52.1 51 49.8 49.3 47.2 48.8 51.5 51 52.1 47.8 48.3 51 52.7 54.6 61.8 78.1 80.1 85.9 97.8 99.8 100.3 102.3 96.2 94.4 86.3 78.8 73 73.2 76.4 76.1 73.5 69.3 68.2 68.2 70.6 74.7 77.1 78.8 80.7 85.4 83.6 77.7 75.4 74 76.2 80
410.3 404 394.5 383.1 370.8 361.7 353.5 341.8 329.1 320.5 309.5 298.4 288.1 280 270.5 260.9 248.5 234.2 213.7 195.7 174.1 165.4 158.5 152.2 145.4 139.7 131.4 119.9 107.1 89.1 78.1 68.6 63 57.9 55.3 53.6 52.3 50.2 48.7 48 47.1 48.1 51.5 54.6 52.5 50.1 52.1 57.9 57.8 60 66.9 79.4 84.5 95.3 102.1 105.4 99.2 99 93.1 91.1 83.3 75.7 73.2 74.8 79.9 79.6 77.7 71.8 67.7 67.8 69.7 74.6 74.6 75.9 76.8 76.7 76.9 73.4 71.4 70.4 71.6 74.5
402.9 394.7 387.2 374.7 365.5 355.2 343.1 332.5 322.1 313.3 302.1 291.2 280.4 269.9 257.1 245.7 231.1 213.8 194.7 176 164.1 157.8 154.1 149.2 145.5 141.7 134 118.4 102 84.1 79.2 68.4 62.5 60.3 55.7 53.8 52.1 49.7 48.4 48.1 48.4 47.7 51 53.6 52.8 54.3 60.4 65.3 62.1 64.9 73.8 90.5 91 99.5 102.5 105.5 96 95.5 91.8 86.5 80.4 74.8 73.5 77.8 81.2 82.9 80.1 73.9 69.2 68.5 69.1 71.7 72 72.1 72.2 72 72.1 70.9 67.2 65.9 67.1 67.3
396.4 390.1 376.3 366.3 358 349.7 337.7 327.9 316.6 307.2 295.4 283.8 272.2 262.6 247.7 225.7 208.1 194.2 181.8 164.5 156.7 153.7 150.2 148 145.3 141.4 130.9 115.6 97.8 84.5 77 68.2 62.1 59.2 56.3 56.8 54.3 50.9 49.4 49.2 48.6 48.3 50.3 55.3 55.3 60.7 67.2 73.6 68.8 70.5 80.7 89.1 89.1 96.4 98.6 96.2 91.4 90.6 86 84.7 82.5 76.3 75.6 82.6 85.9 87.2 82.4 74.1 68.6 69.1 67.7 68 68.3 68.2 68 66.7 67.2 65.8 65.5 61.3 62.3 62.6
391.3 379.5 366.5 358.8 353.8 342.8 330.7 320.2 309.2 298.7 288.6 277.6 265.7 253.8 237.4 216.7 200.6 185 172.6 159.9 155.1 152 150.2 150.1 147.1 138.9 123.9 109.9 94.3 82.9 74.9 67.6 62.7 59.2 59.7 61.7 58 51.9 50.5 49.7 48.8 48.3 53.5 56.3 60.8 68.9 76.4 82.6 76.4 79.1 87.9 88.9 86.1 94.6 93.7 93.2 86.8 86 82.9 85 85.4 81 80.7 87.8 89 87.5 81.6 73.7 67.1 66.1 65.5 64.1 62 62.1 61.6 61.4 61.1 61.1 62.9 57.4 56.1 57.7
383.1 370.6 362.5 355.1 348.2 337.1 323.4 312.4 301.7 291.1 281.9 271.4 257.7 243.1 223.3 206.1 194 179.6 167.4 159.1 154.8 153.8 158.2 155.7 144.7 130.6 116.8 103.3 92.7 81.7 72.2 67.4 63.2 61.4 62.5 63 58.1 53.6 51.8 50.3 49 49 55.8 59.5 69 76.3 81.7 86.6 77.5 80.8 87.9 87.3 86.1 92.9 92.9 88 85 82.4 82.8 89.2 89.6 84.7 82.2 84.2 81.7 79 76.6 70.8 63.5 63.3 62 59.3 58 57.2 55.7 56 55.4 57.3 57.4 52.3 51.3 51.4
372.7 365.9 358.7 350.5 339.6 327.6 314.9 304.4 294.5 284.3 274.2 263.1 250.8 233.4 215.8 200.3 186.2 172.1 163.5 160 157.2 160.1 157.3 150.9 135.6 123.2 109.7 101 91.5 79.6 71 68.2 65.2 62.9 62.6 61.3 57.7 55.1 53 50.1 48.9 49.7 56.4 63.7 74.1 82.9 82.8 83.5 78.8 80.6 85.8 83.4 90 92.7 92.7 87.1 83.7 82.1 85.5 97.8 93 83.6 81.4 81.4 78 74.2 70.9 64.8 61.2 60.2 58.4 55.5 54.1 55 51.1 50.1 49.6 51 51.6 48.3 46.5 46.2
365.8 357.8 351.7 341.3 330.8 318.7 308.4 298.7 288.7 276.9 266.7 254.6 242.3 229.5 212.6 195.4 178.8 167.8 162.8 159.6 162.5 157 148.8 141.4 128.4 115.3 105.7 96.9 87.3 76.1 71.6 68.6 65.1 64.2 62.7 61.1 57.8 55.5 52.8 50.4 48.7 48.3 54.8 64.4 83.3 85.6 84.3 83.7 81.9 81.1 82.3 84.3 91 90.8 91.9 88.9 84.6 81.7 89.1 96.9 89.9 83.5 81.4 79.5 76.3 71 66.6 62.3 58.9 57.7 55.5 53.1 52.1 50.5 47.7 46.2 44.9 45.3 44.7 42.4 42 41.5
360.1 349.1 342.3 334.9 324.1 311.6 302 291 281.4 271.7 259.2 249.5 237.3 222.9 209.5 185.7 174.6 166.8 161.9 159.9 158.5 150.6 143.2 134.8 123 112.6 102.1 94 89.1 75.7 73.1 68.5 67.3 65.1 61.6 60.2 57.6 55.2 53.1 50.5 48.9 48.6 51.9 68.1 87.2 86.5 87.8 87.6 87.3 82.7 83.1 86.8 87.5 90.9 95.1 90.7 85.6 82.8 88.2 91 86.5 82.3 80.1 78 74.1 68.7 64.7 59.4 56.7 54.3 51.6 50 48.8 48.5 45.1 42.4 41.6 41.6 40.4 39 38.7 37.8
352.7 342.2 333.5 324.4 316 305.2 295.7 286 275.8 264.8 253.8 243.3 231.4 215.7 197.4 183.4 174.4 166.7 161.2 157.9 152.7 146.7 139 130.3 121.4 109.5 100.9 94.4 84 77.5 73.2 70.3 67.7 63.2 61.3 59.4 57.5 54.8 53 50.4 49.6 48.8 51.1 67.1 79.6 83.8 86.2 88 94.6 86.6 85.6 87.5 89.2 97.9 95.8 89.7 90.1 81.7 83.6 86.4 84.4 81.5 78.2 76.4 73.7 70.3 65.9 60.4 55.9 53.4 50.7 46.1 46 46.8 43.1 40.7 40.3 39.8 38.1 37.1 36.8 36.2
344.5 337.3 325.4 316.2 309.1 301.4 291.8 280.4 271.8 259.3 248.6 237.9 226 212.6 196.1 182.7 174.1 166.6 161.4 155.4 148.8 140.4 133.7 126 119.4 109.1 101.5 94.9 87.8 78.6 74.7 72.3 64.7 61.5 60.2 58.5 56 54.1 52.7 51.3 49.9 48.7 56.6 66.9 80 85.8 87.8 91.9 97.3 87.3 86.5 89.6 94 97.7 94.6 89.8 86.5 80.7 82.4 82 81 79.3 76.3 76.2 74.4 71.9 67 62.5 56.3 52.7 50 45.7 44.4 42.4 40.6 39.5 38.8 37.1 36.7 35.4 36 34.8
337.1 328.9 321 310.4 303.8 295.8 286.3 277.4 267.4 255 245.5 234.6 220.3 209.5 193.4 180.9 173 166.8 160 153.7 146.2 137.8 130 123.3 115.9 107 102.2 96.4 90.1 80.7 73.2 67.5 67.5 70.1 68.3 60.7 55.3 53.4 52.1 50.5 49.9 58.1 68.6 81.5 89.1 91.3 93 98.8 91 87.5 87.7 89.4 90.7 101.6 95.5 85.9 82 78.8 79.6 76.3 77.9 76.5 74 75.6 74 72.1 67.1 61.7 58.9 57.3 52.6 45.4 42.1 39.7 39 38.2 37.1 36.9 35.7 35 34.8 33.9
331.3 323.6 314.7 305.4 297.2 291.6 282.5 272.7 261.3 252.4 240.3 228.1 217 205.1 191.8 180 173.4 166.2 158.5 151.5 143 134.5 127.3 119.8 112.7 107.5 101.6 96.5 90 80.9 72.5 71.6 85.4 77.1 68.8 59.5 52.5 51.2 49.8 49.7 49.2 66.5 83 95.6 101.8 103.5 102 100.5 89.1 86.8 88.7 86.4 87 98.5 89.7 84.1 76.3 73.2 71.5 69.8 72.2 74 73.5 74.7 73.2 70.5 66.3 64.1 62.1 60.5 53.3 43.4 40.1 39.5 38.4 37.1 36.8 36.2 35.5 34.1 33.5 32.4
323 314.6 305.8 299.8 294 286.1 279 267.7 257.8 246.3 233.8 223.3 212.6 200 187.7 177.8 172.1 166.2 158 149.1 140.1 132.4 124.3 117.6 110.6 106.3 100.8 95.5 85.9 80 73.1 88.7 86.5 76.4 68 61.3 49.4 49 48 47.8 54.1 75.6 92.4 102.2 105.2 107 100.7 96.3 85.8 85 84.4 82.1 85 89.2 82.8 78.9 68.4 63.7 64.2 64.4 67.4 71.5 73.6 76.1 75 74.8 73 69.5 63.3 57.6 48.1 42.4 40.4 40 37.8 36.6 36.5 36.6 35.4 34.3 32.6 31.9
316 309.2 303.1 296.7 289.1 281.7 272.6 263.8 251.2 240.6 229.8 220.1 209.2 196.2 184.8 177.5 170.7 163.9 155.9 147.9 139.1 130.2 121.2 113.9 107.7 104 98.7 89.8 85.4 81.2 75.5 86.7 83.4 73.9 66.3 60.7 49.8 46.8 45.3 49 54.7 76.9 92.8 101.5 105.9 98.1 94.9 88.3 84.1 83.6 79.1 76.8 82.9 80.3 80.2 70.9 60.9 57.7 59.5 60.2 67.8 76.7 78 79.5 81.5 82.5 71.6 63.7 55.5 51.1 46.6 41 39.3 37.8 37.4 36.7 36.5 36.6 35.4 34.3 33 32.8
310.5 305 298.3 292.3 284.6 278 268.8 260.4 245.7 236.2 226.5 216.6 205.1 192.9 181.4 175.9 169.2 162.1 155.3 145.6 138.8 126.9 118.4 110.8 104.9 100.1 95.5 90.2 86.3 80.3 90.8 89.6 80.1 71.2 65.1 58.2 46.4 44.5 44.5 45.4 56.4 73.7 89.8 97.9 97.6 87.3 85.9 81.8 80.1 77.7 73.3 70.4 71.4 72.5 73.5 67.7 58.5 55.1 58.7 59.4 69.3 76 80.4 82.3 75.5 74.4 66.9 56.8 53.2 50.1 44.9 41.1 39.2 37.5 36.5 36.1 37.1 36.9 35.3 34.2 33.8 32.7
305 299.1 291.9 286.1 278.7 272.4 264.2 253.6 243.2 232.5 221.6 211.9 203.2 191 180.2 175.2 169.3 161.5 152 142.8 133.7 124 116.8 106.5 102.7 98.9 95.7 92.2 86.7 92.4 96.1 86.8 77.5 69.9 63.9 55.2 46 43.1 43.1 44 54.4 73.7 85.5 91 80.9 77.5 77.5 76.2 74.2 73 65.2 63.7 62.8 63.6 62.9 63.4 59 53.9 53.1 55.2 68.5 74 75.7 76.4 72.9 68.1 61.7 53.9 50.9 47.5 44.6 40.5 38.8 37.6 36.4 36.2 37 37.1 35.2 33.8 32.9 33.3
297.5 292.4 285.9 280.3 274.7 266.9 258.4 247.6 237.8 228 216.1 205.7 199 188.5 180.1 172.5 167.1 160.3 152.3 141.5 129.3 120.2 113.2 108.6 104.3 100.2 96.8 91.3 87.4 97.7 93.3 84.7 76.6 67.4 60.4 52.9 46.8 43 43.4 42.6 50 64.5 82.4 81.9 76.4 73.4 71.7 67.2 63 59 58.4 56.4 56.1 56.3 57 61.2 56.9 52.1 51.2 52.4 60 69.2 71 72.2 68.4 66 62.1 56.2 51.1 47.7 43.9 40.3 38.6 37.3 36.8 36.6 37.7 37.8 35.2 33.9 32.6 33.3
291.3 286.1 280.6 276.1 268.4 262.1 254.1 245.1 233.4 223.4 210.1 202.1 197.4 188.2 181.4 172.8 164.2 157.3 145.7 138.5 128.5 116.2 114 109.8 105.5 101.5 96 91.7 89 97.9 90.3 81.7 71.2 64 58.5 53.3 47.3 45.4 41.5 41.3 42 60.7 66.6 69 69.6 67.7 65 59 53.8 52.8 54.2 53.4 53.9 55.7 56.8 61.3 55.1 50.6 48.2 48.2 56.1 62.1 68.4 66.3 64.2 62.1 59.9 55.5 50.7 45.4 42.6 39.9 39.1 38.4 37.6 36.9 38.2 37.6 35.5 33.4 32.3 33.8
285.4 280.4 276.7 270.4 263.3 256.8 248.6 240.4 228 218.8 209.3 202.1 196.4 186.3 179.7 171.7 162.3 154.3 141.9 134.8 121.5 119 110.9 109.5 103.8 97.9 97.5 93.6 95.8 99.5 91 82.1 73.6 66.2 60.5 55.1 49.2 46.6 42.6 49.1 42.1 50.5 56.6 60.7 63.2 61.7 60.5 54.6 48.9 50.7 54.1 54.5 55.2 56.5 62.7 63.5 56 50.4 46 45.9 52.4 58.3 65.3 62 58.6 58.4 57.4 52.6 48.1 43.3 40.6 39.7 38.3 38.1 38.1 38.2 38.7 37.1 34.6 32.7 31.7 33.8
280.5 274.6 269.9 265.1 259.1 252.1 243.9 235.6 223.2 214.4 207.1 200.8 193.7 184.1 176.5 167.6 160.9 151.6 142.3 129.8 123.8 116.4 106.7 110 108.8 100.5 97.8 96.8 101.7 100.4 94.5 88.2 80.9 67.5 61.5 55.8 50.3 45.3 43.3 42.2 38.5 40.1 46.8 52.1 57.9 56.9 55.6 53 45.6 47.7 53.2 57.1 59.1 61 65.5 64.2 57.8 48.5 44.1 44.1 48.1 55.8 60.7 56.5 55.3 54.5 55.4 50.9 46.8 41.9 39.9 39.5 38.5 37.8 37.4 38.4 38.3 36.9 34.3 32.2 31.9 32.1
276.2 268.7 265.7 260.4 255.2 247.6 238.3 230.1 220.5 211.2 205 197.6 189.7 181.2 173.5 165.8 157.9 145.5 134.5 128.9 120.2 116.5 123.6 123.8 117.1 106.3 99.4 99.6 104.1 102.5 96.4 89.9 81.7 71.7 65.4 59 52.8 49.5 44.7 40 37.5 37.8 39.4 45.3 49.2 50.7 49.9 48.4 42.5 45 50.9 57.3 61.9 63.4 66.1 63.3 57.2 49.8 43.6 41.5 43 51.5 54.6 51.8 52.3 51.1 54.4 48.8 44.3 40.5 39.1 39 38 36.6 36.9 37.9 37.6 35.9 33.3 31.4 31.6 31
273.2 267.1 261.4 256.7 250.7 244.4 234.5 225.6 216.8 208.1 202.3 194.8 186.9 179.4 169.7 161.5 149.7 134.8 130.6 124.9 120.8 132.4 135.3 127.9 120.8 105.9 99.4 101.5 105.3 102.2 95.5 88.7 81.2 73.3 67.9 62.8 56 53 53.1 46 36.3 36.2 36.8 37.1 40.4 43 42.9 42.1 38.2 43.2 51 59 63.7 65.7 65.7 62.7 55.9 48.7 44.1 40.6 40.6 45.9 48.2 46.4 46.4 48.3 51.2 46.3 42.2 39.4 38.5 37.6 36.8 36.2 36.4 36.5 35.4 34.4 32.3 30.6 30.5 28
269.3 263.7 256.2 251.9 247.5 241.6 231.8 223.6 212.5 204.7 198.2 189.9 182.7 174.6 163 147.3 151.9 147.3 138.9 132.9 138.2 143.1 139.6 130 122.3 107 101.9 101.8 103.7 99.6 93.3 86.5 77.5 73.5 69.5 63.6 58.5 54.8 55.3 47.8 40.6 35.3 35.5 33.7 34 35.1 35.9 36 34.4 39.8 50.4 59.7 65.7 67.1 67 62.8 55.8 49.7 42.9 40.1 38.9 41.8 44.4 43.3 43.7 46.5 47.7 43.3 40 38.4 37.9 36.4 36.2 35.6 35.6 35.2 33.3 32.5 31.4 29.7 26.1 24.1
264.6 259.7 253.6 248.5 243.4 238.1 230 222.4 211.3 201.8 194.5 186.2 177.9 167.4 156 166.1 157.6 151.9 149.4 145.7 146.7 149.8 141.4 132.7 124.8 116.6 105.3 102.7 100.9 97 91.3 84.7 78.1 76.2 71.7 63.9 58.2 55.7 53.4 47.6 40.5 47.2 46.3 34.5 33.1 31.9 31.4 31.3 31.8 38.7 48.3 57.9 66.3 68 67.7 62.2 54.5 50.3 42.4 38.5 38.4 40.2 41.2 42.6 43.6 43.9 43.9 40.3 38.5 37.4 36.7 35.1 34.6 34.2 34.6 34 32.6 31.7 30.4 27.4 25.1 24.3
262.3 256.1 250.3 243.8 239.1 234.1 227.8 220.6 209 198.7 192.5 181.7 171.6 165.2 170.3 172.4 162.5 156.5 156.8 153.9 156.1 153.9 143.5 135.2 127.2 118.5 108.9 102.8 99.5 94.8 89.6 83 80.1 78.2 72.2 63.4 58.8 55.7 52.7 51.7 52.1 55.7 54 40.3 32 31.2 31 30.1 30.2 37.1 45.7 55.8 65.6 66.2 63.8 58.1 52.8 46.6 42.1 37.2 38 39.3 39.5 41.8 42.6 42.4 41.2 37.8 37.4 36.4 35.2 33.7 33.3 32.9 33.6 32.6 31.5 30.5 29.6 26.6 22.9 15.4
259.2 253.6 249.2 242.1 236.7 230.6 225.3 218.9 207.7 195.1 184.8 173.2 170.8 169.9 179.8 176.1 167.6 165.2 164.6 162.8 161.2 155.3 143.8 135.7 128.2 119.2 113 103.5 97 93.1 88.3 83.1 81.4 77.8 72.1 64.2 59.1 56.3 55.1 56.3 60.1 62.8 61.3 46.3 30.9 30.5 30.4 29.5 28.7 34.5 43.7 53.2 64 64 57.6 52.4 47.8 43.3 39.7 36.9 39.8 40.9 41.5 42.6 42.2 41.2 37.2 36.9 35.8 34.9 33.9 31.7 31.4 31.7 32.6 29.8 28.7 28.8 27.7 24.3 21.1 12.4
259.1 252.6 246.1 240.9 234.5 228.1 222 215.2 203.8 186.7 177.2 185.8 191.6 188.5 184.6 179.2 173.5 172.4 171.3 168.8 164.1 154.4 143.8 135.9 127 120.1 114.2 108.1 95.2 90.9 87.8 83.8 80.7 77.8 72.5 64.6 59.5 58.3 57 61.6 67.4 69.8 64.6 50 32.5 29.8 30 29.5 28.6 32.6 41.8 50.9 61.4 60.7 52.9 46.4 42 40.6 38.4 38.1 42.5 45.2 44.5 46.7 45.6 41 37.7 35.4 34.1 33.2 31.8 31.4 30.1 29.6 29 26.4 26.7 28.7 26.1 22.1 18.4 12.2
255.8 251.4 245.6 240.3 234.8 229.2 223.6 208.5 194.2 184.4 190.9 200.4 195.7 191.9 186.9 182.7 179 178.8 176.9 172.7 164.1 154.3 144.2 136.3 128.2 120.5 114.6 107.8 97.6 90.9 87.3 83.7 80.1 76 71.8 64.6 61.5 61.5 62.4 68.3 74.5 77.2 70.5 54.1 36.2 28.6 28.8 28.3 27.7 29.9 38.8 48.2 58.5 56.5 48.5 42.4 38.6 38.7 37 36.9 41 43.1 46 49.1 47.1 42.5 39 36.2 32.3 31.5 30.4 29.5 29 28.3 29 28.4 25.4 24.9 22.6 19.3 14.5 9.6
253.6 248.8 244.1 239 234.3 228.7 215.8 199.8 194.6 195.3 212.6 203.9 200.3 194.6 189.4 185.2 183.4 183.8 180.9 172.6 162.9 152 143.9 136.9 129.9 120.3 115 107 99 91.8 87.4 83.6 80.1 75.9 71.7 67.7 64.2 64.6 67.6 73.6 79.6 81 72.6 55.2 41 28.6 27.8 27.3 27.2 30.5 36.8 45.4 54.7 51.3 41.7 38.3 34.8 37.5 37.6 34.1 39 40 44 46.2 45.4 40.5 38.2 35.7 32 29.3 29.1 27.7 27 27.4 28.5 26.6 25.1 22.6 19.8 16.5 11.2 8.6
