Assets/StreamingAssets/GeoData/Data/sh/SH83.asc
ncols 200
nrows 200
xllcorner 280000
yllcorner 330000
cellsize 50
[rows 35 to 69 of 200, columns 78 to 155 of 200]
646.8 628.6 616 575.2 522.6 491 463 441.7 424.2 408.6 404.1 404.1 404.1 404.1 404.1 404.1 404.1 404.1 404.1 404.1 409.9 421.1 421.6 415.4 408.4 397.6 387.3 378.6 371.3 362.8 357 353.3 355.9 362.8 373.9 376.6 371.7 369.5 367.3 365.1 364.4 363.4 362.5 361.4 361.6 362.8 367.2 374.9 379.9 388.5 391.5 389.6 388.1 378.8 376.9 373.2 366.7 362.3 360.4 358.8 357 355.3 352.2 345.9 343.2 340.9 336 333.2 331.7 328.4 327.2 324.7 322.3 320.9 318.4 314.9 311.4 312.5
648.9 636.7 613 542.7 514.2 485.9 455.8 431.4 419.1 404.1 404.1 404.1 404.1 404.1 404.1 404.1 404.1 404.1 404.1 404.1 404.1 417.8 419.3 415.6 409.5 396.6 385.5 376 371.1 364.8 358.4 354 356.9 361 367.9 375.5 374.1 371.2 368.7 367.1 366 365.2 364.3 364 362.2 361.3 362 367 372 375.5 379.3 380.6 379.1 373.7 369.8 364.8 357.4 355 353.5 354.3 350.1 348.2 343.7 338.8 335.2 333.8 330.2 328.5 328.2 328.2 326.8 324 319.5 317.6 316 313.6 311 307.3
654.4 647.2 615.2 542 511.3 478.7 455.7 446 414.6 404.1 404.1 404.1 404.1 404.1 404.1 404.1 404.1 404.1 404.1 404.1 404.1 411.5 421.2 416.8 408 396.9 384.3 375.3 371.7 366.1 357.6 354.5 357.8 361.8 365.9 372.2 375.5 374.1 372 369.3 367.5 367 366.3 365.5 364.6 363.5 363.2 361.1 367.2 366.8 365.8 368 368.4 366 362 355.2 349.7 347.3 344.5 342.2 339.4 337.4 333.4 329.5 326.2 326.1 325.6 325.1 325.4 325 322.5 319.4 315.3 312 312.1 310.4 308.7 304.7
651.7 640 613.1 535.1 506.8 474.5 451.5 441.4 412.8 404.1 404.1 404.1 404.1 404.1 404.1 404.1 404.1 404.1 404.1 404.1 404.1 405.8 415.2 415.1 406.4 397 384.1 375.9 371.1 365.8 357 356 361.2 363.7 366.1 371.7 377.2 376.3 374.6 371.6 368.8 368.5 368 366.9 366 370.3 369.5 366.3 362.5 356.9 359.7 355.5 354.5 354 354.6 351 345.5 340.2 336.5 333.7 330.6 327.4 322 318.5 318.8 314 315.7 319.9 320.1 319.4 316.5 314.5 312.6 309.1 308.7 307.6 304.6 301.6
631.2 620.4 598.5 527.7 504.9 468.8 444.8 434.9 426.4 404.7 404.1 404.1 404.1 404.1 404.1 404.1 404.1 404.1 404.1 404.1 404.1 404.1 410.9 413.7 405.5 396.8 384.6 376.4 371.2 365.8 357.5 358.5 363.3 365.4 367.3 371.6 379.5 380.5 378.6 375.8 372 371 371 371.5 369.9 370.7 373.5 372.3 370 363.8 362.1 358.2 352.9 346.4 346.6 345 341 335.8 331.7 328.2 327.1 324.4 323 323.7 320.9 315 311.3 312.4 313.5 313.6 312.8 311.3 310.1 306.4 305.2 301 298.1 297.1
612.8 577.1 549.1 518.9 499.5 466.2 449 440 426.8 414.7 404.1 404.1 404.1 404.1 404.1 404.1 404.1 404.1 404.1 404.1 404.1 404.1 408.3 410.8 403.6 394.1 385.3 375.2 371.2 365.2 358.1 361.4 365.4 367.9 369.3 373.6 382 382.9 381.5 379.9 380.4 374.5 374.5 375.6 374.4 372.8 371.9 371.4 369.6 364.2 360.3 356.9 353.9 347.3 340.8 337.2 333.9 334.8 332.3 329.5 329.9 330.4 327.7 323.4 317.4 314.5 312.4 309.6 307.8 307.7 308.1 306.7 303.7 301.2 300.3 299.3 298 296.6
592.6 563.3 534.9 512.7 487.5 474.2 452.8 446.7 437.8 426.6 405.5 404.1 404.1 404.1 404.1 404.1 404.1 404.1 404.1 404.1 404.1 404.1 402 406.9 399.4 390.8 383.6 373.5 370.6 365.7 361.5 364.9 367.8 370.3 371.6 375.8 382.5 384.9 385.4 386.3 384.2 377.4 376.6 376.5 375.8 374.4 372.7 371.3 368.7 365.4 362.8 358.2 354.5 349.4 345.1 341.8 339.8 338.9 337.5 333.7 331 328.7 324.1 319 314.7 312.5 311 310.3 309.8 308.8 304.8 303.5 302.4 301.6 303.2 301.9 298 295.7
579.8 547.9 523.7 501.6 486.8 464.6 456.5 455.5 454.2 439 409.4 404.1 404.1 404.1 404.1 404.1 404.1 404.1 404.1 404.1 404.1 404.1 400.5 400.2 392.4 384.8 378.6 371.5 368.2 365.8 363.2 366 368.4 370.7 373.4 377.1 382.8 385.7 387.1 386.6 384.7 380.2 378.4 377.5 377.3 376.3 374.1 372.4 367.9 365.7 363.5 360.4 357.7 351.5 347.8 345 342.3 340.2 336.8 333.4 329.8 325.2 322.4 318.4 315.1 312.9 312.4 311.9 311.8 310.7 306.9 305.5 304.3 305.9 305.9 303.6 299.9 296.9
559.5 539.1 521.7 494.1 471.1 457 451 452.9 442.5 426.8 413.9 405.1 404.1 404.1 404.1 404.1 404.1 404.1 404.1 404.1 404.1 406.3 403.4 394.3 380.8 380.2 373.9 370.3 367.5 365 364.7 367 369 371.2 374.6 379.5 384.2 387.3 388.6 387.5 384.3 381.5 380 379.6 379.2 378.8 379.8 376.6 374.6 370.2 372.4 371.1 367.6 359.7 355.2 348.8 344.8 341.1 337.8 334.2 330.8 326.1 321.8 317.5 314.8 314.6 314.8 314.7 314 312.2 308.8 308.8 308 307.8 307 306 304.3 299
550.6 533.3 522.4 487.5 468 456.5 441 432.8 428.8 418.4 410.5 407.3 404.1 404.1 404.1 404.1 404.1 404.1 404.1 404.1 408.7 408.1 402.1 393.2 385.7 373.5 369.2 367.8 367 365.6 364.8 367.8 370.1 372.3 375.2 381 385.4 388.5 390 390.7 387.9 384.1 382.7 382.1 381.1 381.1 382.2 380.5 378 375.4 380.8 380.5 377 367.4 365.7 357.4 351.7 345.4 339.8 335.9 332.2 327.5 322.9 319 316 315.6 316.1 316.2 314.3 310.2 310.4 311.2 309.6 308.8 308 307.2 305.4 302.3
540.8 524.5 510.9 492.5 471.1 457.6 439.5 431.4 424.8 418.7 412.4 408.6 404.9 404.1 404.1 404.1 404.1 404.1 404.1 409.2 413.6 406.4 399.7 389.6 380.6 374.8 369.1 366.8 366.1 363.2 365.8 369.4 371.6 373.5 376.6 380.3 385.9 389.4 391.9 393.5 392.8 388.2 384.4 383.4 382.5 382.6 382.3 381.3 378.6 377.2 381.3 380.3 377.6 372 365.6 360.3 352.5 347.2 341.1 337.4 333.2 329.4 323.8 320.2 317.4 316.7 316.3 312.4 314.8 313 311.9 312.3 311.9 310.3 308 306.8 305 302.1
558.9 537.6 520.8 504.2 472.3 454.7 440.2 430.2 427.7 421.8 420 421.1 414.9 404.1 404.1 404.1 407.1 404.1 414.8 421.6 415.5 407.3 395.9 385.9 377.2 371.6 369.3 366.7 365.4 365.9 368 370.9 372.8 374.9 377.9 380.7 386.6 390.5 394.4 396.2 395.4 391.5 386.6 384.7 384 383.8 383 382.2 379.3 378.3 379.8 377.3 375 373.6 365.8 357.6 353.3 347.8 340.7 336.8 332.4 328.8 324.5 321.2 319.1 318.4 316.7 317.8 316.6 314.3 313.2 312.7 312.7 311 308.2 305.9 304.1 301.1
584 559.4 538.2 517.9 496.5 476.6 450.5 439.1 431.7 428.8 427.1 430 424.4 414.2 413.6 422.5 420.7 423.2 429.7 430.1 417.5 406.1 394.8 381.9 374.2 370.3 368 365.4 366.3 368.5 370.3 372.1 374 376.1 378.7 381.4 387.1 393.4 395.7 396.8 393.5 390.7 388.7 386 385.1 385.1 384.4 382.2 380.1 379.3 378.7 374.3 371.4 371.5 367.7 360.6 354.4 347.4 340.1 335.9 331.9 328.4 324.8 321.4 320.3 320.1 320.1 319.6 318.6 316.4 314.8 314.8 313.6 311.3 308.5 305.9 303.9 302.5
621.2 587.5 565.3 540.5 510.9 487.4 465.1 450 442.6 438.7 438.3 439.8 431 423.1 426.7 435.4 434.7 440.5 442 432 419.8 405.8 389.4 379.1 371.9 368.7 366.6 366.3 368.9 370.9 371.8 373.7 376.6 378.9 381.2 383.1 387 397 398.7 397.6 393.8 392 390.5 387.5 386.5 385.7 388.5 388.8 384.1 381.2 378.2 372.7 369.7 367.1 363.7 356.5 349.8 343.8 338.3 334.6 331.2 328 324.1 321.9 319.7 322.3 321.7 321.4 320.4 319.1 317.5 317.4 316 312.3 308.8 307.9 308.4 306.7
661.9 624.5 644.3 587.1 540.4 509.7 489.6 468.3 455.3 454.7 452.7 451.7 438.2 437.3 449.8 450.8 452.9 451.7 448 435 422 408.7 394.6 384.3 375.6 371.4 369 367.7 370.3 373.1 374.6 376.1 378.7 380.6 382.5 384.4 388.6 397.7 401 399.8 395.6 393.9 394.4 392.2 388.2 387 386.2 387.3 390.2 382.9 378.1 371.2 366.5 363.3 356.6 350.6 346.1 342.2 337.7 333.4 330 326.6 324.9 324 324.3 323.8 323.2 322.6 321.6 320.4 319.5 318.7 317.4 313.6 311.8 312 311.7 308.9
668.4 658.7 651 636.1 575.3 526.6 500.3 480.2 469.1 472.1 475.1 469 465.4 462.6 467.1 463.3 458.7 457.8 448.2 436.4 422.8 409.1 398.4 390.9 382.5 375.3 370.7 369.6 371.9 374.6 376.3 377.9 379.9 381.8 383.8 385.7 390.4 394.6 402.9 400.3 395.7 395.3 399.1 399.3 394 387.4 381.7 381.1 374.3 370.7 368.5 363.7 359.3 354.3 349.8 346.3 343.3 340.4 336.8 333.6 330.2 327.8 326.4 326.5 326.1 325 323.7 322.7 321.7 320.8 319.9 319.1 316.4 314 314.8 314.1 311.6 308.5
668.2 656.1 646.9 640.2 625.2 567.9 529.4 509.7 505.4 500.4 494.3 483 475.4 471.9 463.5 459.8 457 453.2 441.2 425.5 414.7 404.9 397.6 391.7 385.7 379.5 373.6 372.5 374.1 375.7 377.6 379.4 381.1 382.9 384.6 386.9 391.6 395.1 397.5 397.4 393.8 392.9 394 393.6 388.2 379.4 371.7 369 366 363.2 359.5 357.2 353.9 350.9 347.6 344.5 341.9 339.1 337.5 335.5 333.3 329 328.9 327 325.6 324.1 322.8 321.9 320.9 320 319.5 318.2 316.9 317 317 315.3 311.4 306
657.4 650.9 641.8 632.3 618.5 601.2 578 557.3 544 523.8 508.7 487.7 471.6 463.2 453.3 445.1 433.7 425.7 417.2 409.5 401.8 397.4 392.6 390.5 386.4 381.6 374.9 375.7 377.5 379 379.7 380.7 381.6 383.5 385.8 388.6 392.4 394.4 396 395.9 392.4 389.9 387.4 383 378.4 373.8 367.6 364.7 362.1 359 356.6 353.5 350.5 349.1 345.7 343.4 341.1 339.1 338 336.5 334.1 332.4 328.6 326.8 324.7 323.3 321.9 321.1 320.3 319.7 319.2 318.2 318.6 318.1 317.1 315.7 310.9 306.4
643.9 631.3 628.2 624.9 612.1 600.2 584 564.6 544 520.3 497.3 474.4 456.6 446 428.6 417.9 409.9 404.2 399.4 396.7 394.3 392.8 390.2 388 384 380.8 380.4 378.8 379.3 380.4 380.9 381.4 381.8 383 386.1 389.5 392 394.1 395.4 394.2 391.8 389.5 386.7 382.1 376.3 371.2 366.7 363.6 361.3 357.9 355.1 352.7 350.4 348.4 346 343 341.4 339.3 337.4 336.8 335.5 333.5 327.9 326.4 324.4 322.4 321.1 320.7 320.6 320.4 319.1 318.8 318.5 317.6 316.6 314.7 311.4 307.3
632.1 628.5 621.9 611.3 598.9 577.9 561.6 549.7 527.9 497.1 472.6 454 437.4 428.3 420.8 413.3 403.9 399.3 396.8 394.5 392.9 392.2 391.9 389.9 388.8 387.3 385.5 383.5 381.8 381.8 381.9 382.1 382.3 382.8 384.8 388.1 392.6 393.3 394.6 395.1 391.8 390 388.3 384.1 376.9 371 366.5 363.4 360.9 357.7 354.2 352.2 350.1 347.7 345.2 343.1 340.3 338.4 337.3 335.9 334.6 333.1 328.3 326.4 324.8 322.3 320.7 320.6 320.9 321.2 321 318.7 318.1 316.5 315.3 313.9 311.6 307.4
636.5 628.4 621 603.5 588.1 572.3 553.3 536.1 509.2 485.4 459.9 442 432.8 424.7 419.3 409.8 402.6 402.3 402.7 400.9 400.3 399 396.7 393.5 391.7 390.8 389.3 387 385.5 385.2 383.2 382.6 382.9 383.3 384.7 386.3 393.2 394.9 395.3 395.5 392 390.4 389 385.5 379 372.9 367.7 363.6 361.4 358.1 354.5 351.3 349.5 346.8 344.3 341.9 339.7 337.7 336.3 334.9 333.6 332 330.2 326.5 324.6 322.8 320.6 320.2 319.9 319.5 319.6 318.2 315.8 314.2 313.1 312.9 309.7 309.2
634.5 626.5 614 600 584.1 566.6 547.4 527 500.3 482.1 451 439 429.9 423.3 418.4 410.5 409.5 411.1 411.1 410.3 410.1 407.4 404.4 400.7 397 394.8 392.1 389.3 388.6 388.7 387.9 389.4 388.7 385.3 384.9 386.6 392.2 396.5 397.1 396.2 392.1 390.8 390.8 388 381.5 375.2 370.4 364.6 361.5 358.3 355.4 352.1 348.8 346.1 343.4 342.3 339.7 336.9 335.3 334 332.4 330.8 328.8 326.8 323.4 321.2 319.7 318.3 317.5 317.2 317.2 316.7 313.4 312.2 311 310.2 310.4 310.6
633.2 629.2 615.7 599.1 577.4 558.4 538.9 521.3 503.1 477.1 451.5 441.4 432.4 426.8 420.3 417.2 418.6 418.5 417.9 418.2 416.5 412.3 409.6 406.3 402.2 398.1 395.1 392 392.1 392.4 392.6 392.6 389.9 386.2 385.5 386.1 388.2 394.4 395 392.4 390.9 390 389.7 388.5 383 377.1 370.1 365.2 362 359.7 356.7 353.5 348.2 345.8 343.3 342 339.6 337.4 334.5 332.8 330.8 329.1 327.4 325.6 322.7 320.6 319.2 317.6 316.2 314.8 314.9 313.5 311.3 310.4 308.8 308.8 309.6 309.5
609.2 607.7 604.2 594 577.1 555.8 538.4 517.7 504.1 476.2 456 446 437 432 424.5 423.9 425.6 426.9 423.5 422.8 421.3 416.4 413.1 410 406.4 402 398.7 394.3 394.8 395 395.3 394.5 391.5 387.1 384.4 384.5 385.7 389 391.7 390 389.1 388.6 387.8 386.1 381.4 375.7 370.2 365 361.6 358 354.4 350.9 348.4 345.9 343.4 341.5 339.6 336.6 334.3 332.1 330.6 329.1 327.4 325.6 324 321.1 318.6 317 315.6 314.1 312.2 310 311.1 310 309.2 307.7 306.5 308.1
581.1 583.8 577.4 571.6 568.7 558 539.3 518.2 501 483.9 463 450.2 443.2 436.9 431 428.8 430.9 430.6 428.6 426.5 423.2 419.5 416 412.2 408.5 404.7 400.4 397 396.7 397.8 396.3 394.3 392.6 389.1 384.3 383.3 384.4 386.3 388 387 386.4 385.6 384.4 382.5 379.6 376.2 370.9 364.8 359.4 356.8 353.6 350.4 347.7 344.9 341.8 340.8 338.5 336.2 334.5 331.6 329.8 328.3 326.8 325.6 324.4 322.2 318.9 316.6 314.7 313.4 312.5 312.6 312.3 309.9 309.3 309.4 306.4 304.7
559.5 556.1 555.7 555.4 555.9 547.5 538.3 521.5 511.3 495.5 477.9 458.9 447.7 439.3 433.1 431 433.1 432.9 430.9 428.9 425.5 420.9 417.1 413.3 409.7 406 401.7 399.8 398.9 397.5 394.8 393 391.4 389.5 385.9 382.6 382.7 383.6 384.1 383.5 381.6 381.7 381.3 380.5 376.9 373 368.1 361 357.3 355.3 351.4 347.6 345.4 341.9 339.6 339.4 337.7 336.3 334.7 330.4 328.6 327.2 325.8 324.6 322.5 320.7 316.6 315.5 315 314.5 313.8 313.4 312.7 310.4 308.2 307.5 305.8 302.3
551.9 553.2 554.7 554.9 550 547.2 533.9 521.1 522 512.1 503.1 479.7 457.4 443.5 434.6 433.1 433.7 432.3 430.5 428 424.9 417.8 413.2 409.2 408.5 405.2 400.6 398.2 398.2 395.9 393.5 391.8 390.1 388.3 385.5 381.8 382.6 381 380.7 380.6 378.6 378.4 375.3 374 372.7 369.1 364.3 359.4 355.8 354.2 351.4 348.1 342.7 339.7 339.2 338.8 337.3 335.6 334.2 331.6 329 326.7 326 324.7 323.3 320.8 317.4 316.3 315 314.7 314.4 314.1 310.9 307.1 306.7 305.6 303.6 298.7
548 549.1 548.4 548.5 547 541.2 529.1 516.4 511 508.6 506.4 496.3 477.7 454.8 442 433.6 433.4 431.6 429.8 427 424.2 420.4 415.4 407.4 402.1 398.7 396.7 394.7 396 394.4 392.2 390.5 388.8 386.8 384.4 382.6 380.6 378.5 378.6 377.8 375.9 374.1 371.6 368.8 365.5 361.1 359.1 356 354.3 352.8 350.9 346.9 342.2 338.8 337.5 337.4 335 333.9 332.3 329.9 327.8 327.2 326.1 325 323.8 321.5 317.9 316.7 315.2 314.8 314.5 312.3 307.6 304.9 305.1 303.8 301.6 296.4
543.3 538.2 536.9 536.9 537.5 531.2 518.7 512.5 509.5 506.7 504.3 494.4 478 459.1 447.4 436.9 432.8 431.1 429.4 427.2 423.1 414 410.4 410.6 409.2 406.6 403 399.4 396.1 389.3 389.2 388 386.4 384.7 382.7 381.1 378.3 375.5 376.1 375.5 373.8 372.2 369.4 365.8 361.5 357.8 355 352.6 350.7 348.4 346.8 344.3 340.3 335.2 334.4 333.6 331.2 328.2 328.8 328.4 327.8 327.9 326.8 325.6 324.2 321.1 318.4 317.2 315.6 314.8 312.7 309.9 306.7 302 301.3 300.1 298.1 294.8
539.4 533.6 526.6 527.9 526.7 521 515.4 513.1 509.1 505 501.1 485.2 471.3 456 447.4 435.3 427.4 428.5 428.1 426.7 412.6 420.2 417.4 414.2 412.1 409 405.7 402.2 399.2 393.8 388.5 382.3 382 381.8 379.8 374.4 372.1 373.6 373.3 373.7 372.2 370.2 367.7 363.5 357.6 354.8 352 349.2 346.9 344.9 343.3 341 337.7 334.4 334 333.4 332.2 329.4 325.9 326.3 328.9 328.6 327.5 326.3 324.1 321.1 318.6 316.7 315.1 313.3 310.6 307.3 304.5 301.6 298.3 295.5 296 293.1
541.7 536.8 532.8 520.6 519.5 514.1 508.5 503.5 497.1 498.9 492.4 478.7 463.8 454.9 444.7 434.2 433.2 431.5 428.6 421 427.6 422.7 419.8 417 414.4 411.2 406.7 403 399.2 394.6 391.7 388.8 385.7 380 376.7 375.1 370.5 368 370.6 371 370.4 368.2 365.4 361.4 356 352.9 350.1 347.1 344.9 342.9 338.3 335.4 334.4 333 332.8 332.5 330.8 327.6 323.7 327.6 329 329.2 328 325.8 323.5 320.7 318.1 315.5 312.9 311.2 308 304.6 303.2 301.6 297.5 295.9 294 292.2
546.3 536.4 528.1 522.1 515.9 512.9 510.5 503.4 500.5 494.8 485.1 475.4 457.2 448.5 444.6 442.9 438.5 433.8 430.9 428.6 427.7 424.7 423 420.2 416.7 412.2 407.7 404.1 401.1 397.7 394 389.7 385.4 381.1 378.2 375.1 372.5 368.6 363 368.1 367.8 366.7 362.7 358.9 354.3 351.3 348.1 345 342.6 340.2 336.5 333.2 332.3 331.4 330 328.6 326.1 322.3 324.9 326.9 327.5 328.7 326.2 323.7 321.4 319.4 316.8 314 312 309.3 305.9 302.8 302.2 299.1 296.9 293.6 292.3 290
553 539.6 529.6 520.2 518.9 520.9 512.8 505 501.3 490.2 483.3 472 465.2 459.9 455.7 454.1 447.4 439.2 436.3 433 429.8 426.4 423.8 421.1 417.8 413.9 409.1 404.9 401.6 398.5 394.2 389.7 384.8 381.7 377.3 374.1 371.3 368.4 358.4 365.3 364.4 362.1 359.1 357 353.3 349.9 347.7 343.6 341.4 339.2 336.3 332.3 329.8 328.7 324.6 322.4 320 319.7 320.4 321.3 322.3 324.5 323.2 321 318.8 317 314.8 312.6 310.1 308.6 305.3 303.5 301.1 299.1 296.5 295.2 289.5 289.2
559.2 553.4 539.7 534.3 526.2 527.6 512.9 507.3 497.3 485.4 478.5 475.5 469.2 462.5 459 452.4 450.3 444.1 440.2 437.2 431.7 426.7 423.4 421 418.6 414.8 410 405.9 401.5 398.1 394.1 389.8 384.7 380.5 376.1 372.7 370 365.3 358.5 361.6 360.5 360 357.7 355.3 352.4 349.2 346.4 343.7 341.1 338.3 335.5 332.3 327.9 325.1 321.1 318.4 316.1 315.4 316 317.1 316.8 318.9 318.1 318.2 316.2 314.5 312.3 310.1 308.5 307.5 305.5 303.4 302 300.4 298.5 294.6 289.7 288.8
566 559.5 550.6 546.9 533.2 525.7 520.2 510.8 497.1 486.9 480.4 477.2 471.8 465.4 463 460.3 451.7 442.6 442.3 438.7 432.8 426.9 422.1 420.1 417.5 413 409.7 405.5 401.3 396.6 391.7 388 383.4 379.2 374.9 371.2 366.7 362 359.3 349.2 355.6 356.6 356.2 353.8 351 348.9 346.6 343.3 340.8 337.1 333.3 330.4 327.4 322 318.3 314.9 313.7 313.6 314.9 315.6 315.6 315.6 315.1 314.2 313.5 311.9 310.5 308.7 306.9 304.8 303.3 302.4 301.1 299.7 298 292.4 289.7 287.6
