Assets/StreamingAssets/GeoData/Data/sh/SH84.asc
ncols 200
nrows 200
xllcorner 280000
yllcorner 340000
cellsize 50
[rows 0 to 34 of 200, columns 0 to 77 of 200]
254.6 259.3 262.5 265.6 268.6 271.8 274.1 275.7 281.4 299.4 312.6 325.7 333 340.2 346.6 350.9 354.9 358.6 359.8 359 359 359.7 362 371.8 381.2 382.6 380.9 377.4 376.1 376.9 373.6 370 366.6 361.9 357.5 352.6 349.5 345.9 342.3 339.2 335.9 329.7 327.7 326.1 324.8 324.4 321 314.3 309.6 303.5 295.6 288.4 281.3 276.1 272 268 263.2 258.3 253.8 249.8 237.2 234.4 242.4 250.3 257.4 261 267 268.4 267.9 263.4 260.5 261.7 256.5 263.6 267.3 274.8 279.7 283.9
256.2 259.7 263.2 266.6 269.1 273.1 275.7 278.6 286.4 305.2 319.2 328.6 336.2 343.8 349.1 353.4 357.5 365.5 364.3 363 362.7 363.9 368.5 374.9 384.6 384.3 383.2 380.8 379 378.6 375.2 369.9 364.6 360 357.1 353.2 349.9 346.5 342.6 338.6 332.2 329.5 328.1 326.9 326.8 325.4 320.9 314.2 309.9 304.3 297.1 289.3 279.6 272.6 267.3 265.1 261.7 257.9 253.8 245.4 235.8 240.8 246.8 255.7 262 265.4 270.8 274.3 274 272.5 271.1 267.7 260.2 261.8 268.8 275.6 281.7 286
257.6 261.5 264.7 268 271.2 275 278.9 284.2 293.5 307.8 321.8 330.5 338 345.9 352.2 356.8 373.9 376.5 369.1 366.2 368.5 371.8 375.4 380 386.6 387.6 386.4 384.2 383.8 381.3 375.1 369.5 364.2 360.2 356.1 352.8 349.8 346 342 336.6 332.8 331.2 329.8 329 328 325.5 320.8 315 309.4 302.6 294.4 287.2 276.7 270.1 265.8 260.3 259.5 256.5 253.2 248.4 237.8 244.4 251.6 259.1 264.5 268.5 273.2 277.8 279.3 277.5 275.2 270.3 265.9 270.2 272.5 276.9 283.8 289.7
259.3 264 266.4 269.8 272.4 276.9 281.4 287 298.4 312.3 323.6 332.5 339.6 346.4 353.7 360.6 369 373.3 370.9 373 373.3 379 381.1 383.3 390.1 390.9 389.6 388.1 387.8 383.8 376.5 370.2 364 358.9 355.8 352.3 348.2 345.9 341.5 337.9 335.7 332.7 330.7 330.3 329.7 326.7 322.1 315.9 309.3 300.4 291.5 281 273.7 267.4 262.8 260.1 255 253.8 251.6 247.3 239.3 246.6 254.5 261.5 266.9 271.5 274.4 278.1 282.4 280.8 277.2 273 273.8 276.6 277.6 283.7 288.6 292.5
261.5 265.8 268.9 271.4 275.3 279.3 283 289 303.3 313.7 324.9 333.1 340.7 347.7 355.1 361.5 366.7 370 372.8 377.8 375.5 382.7 385.1 383.9 389.7 391.6 393.1 392.7 390.8 384.7 378.5 371 364.6 358 355.3 352.4 350.3 348 343.7 340.7 338.9 335 332.2 331.6 330.7 327.5 321.9 315.7 307.7 297 285.9 277 269.7 265.3 261.7 258.5 256.1 254.1 251.6 241.4 243.5 250 258.6 263.8 269.6 274.2 277.2 280.4 284 281.4 279.9 277.6 278 281.4 284.7 289.9 293.8 296.1
262.7 266.3 269.8 273.3 276.9 281.5 284.7 291.3 303.8 315.2 325.5 333.7 341.8 349 355.5 361.7 366.7 369.8 372.8 374.4 376 377.5 381.9 384.4 385.4 391 395.4 397.6 393.7 387.7 379.2 371.8 364.2 358.9 356.7 356.1 354.4 350.7 346 341.8 340 337.6 335.1 333.8 331.3 326.8 321.7 314.1 306.3 293.1 279.6 273 266.2 261.9 259.8 256.9 254.9 252.7 245.7 247 252.6 257.2 262 259.9 271.2 274.9 279.2 283.9 284.8 286.6 285.6 284.8 283.2 285.5 290 295.9 300 302.6
265.8 269.2 270.3 274.5 279.3 283.6 287.2 292.6 302.4 316.3 326 334.3 343 349.4 355.6 361.9 366.4 370.1 373 373.2 376.2 383.1 385.1 384.6 386.6 392.1 396 399 392.9 384.7 381.7 372.6 364.1 362.7 361.7 360.1 357.5 353.3 347.1 342.7 341.7 340.4 338.9 336 332.2 328.1 321.9 313.9 303.5 290.3 277.6 273.3 262.7 259 256.7 254.6 252.1 245.6 243.1 252.7 256.9 260.7 267.7 271.6 275 276.4 280.1 285 288.2 289.6 288.5 290.5 292.1 292.8 299.1 302.2 303.1 303.2
268 271.2 274 275.7 280.9 284.8 289.9 295 304.1 317.6 325.6 332.2 340.5 347.2 353.9 360.4 365 368.7 370.7 373.1 377.1 378.5 384 385.8 386.8 390.6 394.6 394.5 391.4 383.2 377.9 371.4 368.1 367.5 364.9 361.8 359.2 353.2 347.3 345.1 342.8 342.8 341.1 337.5 334.1 327.5 320.2 310.7 298.6 287 277.8 267.9 258.8 255.1 252.9 250.2 246.3 244.2 249.2 255.7 261.8 266.5 275.5 277.2 279.2 281.7 285.3 283.3 289.5 291.6 291.8 294.1 297.8 301.2 303.2 305.1 307.2 308
270.4 273.1 276.2 281.1 278.6 285.8 291 297.4 308.3 318.4 324.7 330.9 338.6 347.9 355.2 359.9 364.3 367.6 371.2 373.6 376.8 379.5 383.2 385.3 388.1 389.5 391.1 390.7 387.8 382.4 376.8 374 372.2 369.2 365.7 362.6 359.5 352.4 348.9 346.1 342.9 343.2 340.1 337.7 332 325.9 319.8 307.5 292.8 283 273.8 266.2 259.1 254.8 251 247.6 246.4 252.8 257.3 261.7 267 272.5 279.6 282.9 284.5 287.3 289.9 288.2 290.7 294 295.7 297.2 300.4 303.5 306.2 309.5 313.2 313.6
273.3 275.7 278.9 283.7 286.6 288.3 293.4 299 309.6 319 325.6 333.8 341.1 349.9 355.4 360.1 365.4 368.4 372.7 375 378.6 381.1 384.2 388.1 389.6 389.4 389.2 389.2 387.9 383.4 379.7 376.2 372.7 369.1 364.9 361.4 358.5 353.4 349.3 345.6 342 340.4 335 331.3 325.7 319.7 310.6 299.4 286.2 276.5 272.3 265.8 257.5 252.9 250.7 249.9 252.6 265.2 271.9 272.8 274.3 277 282.6 287.3 290.1 291.8 293.9 293.7 293.5 297.2 299.6 300.8 303.6 306.1 309.2 312.7 316.2 316.9
274 277.7 281.1 285.6 288.5 286.6 294.5 299.2 309 317.6 328.9 336.8 341.7 349 354.4 361.7 368.1 371.8 375.1 378.2 382.6 384.3 388.2 392.2 392.8 390.1 389.2 389.3 389.3 383.8 381 377 372.5 368.1 363.7 359.9 357 353.8 349 344.8 341.3 336.5 333.3 325.7 314.2 309 301.7 287.9 278.3 273.2 269 264.8 257.6 253.8 252.8 252.6 257.6 266.3 272.9 276.3 278.1 280.6 285.8 291.2 294.1 296.2 298.4 299 296.8 300.1 302.2 304 307.5 311.2 315.3 317.9 319.4 317.8
276.1 279.9 283.2 286.8 290 289.8 296.8 302.8 310.7 318.8 329.3 337.3 344.5 350 356.8 363.1 370.8 375.2 377.1 380.6 385.2 387.7 392.9 396.1 394.8 390.5 388.8 395.1 391.7 383.7 381 376.8 371.8 366.5 362.1 358.5 354.1 352.2 346.3 340.3 336.3 329.9 325.4 318.7 307.6 297.5 288.7 282.6 274.2 270.5 265.8 264.5 256.9 256.1 253.2 259.4 261.3 273 278 278.1 281 284.2 288.6 294.1 297.4 300.4 302.1 303.2 302.9 303.4 305.3 306.9 310.8 316.3 319.6 321.5 320.3 317.7
277.9 281 283.6 287.4 290.1 292.9 297.9 304.2 312 322.9 332.9 340.9 347.3 352.6 357.9 366 372.9 376.7 380.1 383.6 389.1 393.6 397.6 397.7 394.7 389.9 388.5 387.3 387.2 384.6 381.4 375.7 370.1 364 359.4 355.7 350.8 347 340.9 335.3 329.7 321.6 314 309.9 301.2 291.2 280.7 275 270.9 264.6 264 262.6 261.2 258.9 260.5 265.2 271.4 277.2 281.9 282.5 284.6 289.2 296 298.2 300.1 302.6 304.7 306.8 306.9 305.3 307.9 310.8 315.6 320.2 322.6 324.1 321.3 317.1
279.7 282.3 285.1 288.5 291.7 294.6 300.9 309.1 315.8 329 338.6 343.1 350.2 354.3 359.4 365.7 371.7 377.7 382.7 385.6 392.6 397.6 399.1 396.6 392.6 389 384.3 383.6 387.1 385.7 378 372.9 366.7 361.9 356.9 351.8 346.1 341.7 336.4 330.8 323.8 316.4 307.4 299.6 290.4 283.6 278.2 274.6 267.6 265.2 270.2 274.3 269.5 263.1 266.6 272.5 280.3 285 287.2 289.1 290.4 296.4 301 302.4 303.8 305.3 307.5 310.9 310.8 307.7 311.2 314.1 319.8 323.5 325.5 325.3 321.4 316.3
280.4 284.5 287.6 291.1 294.9 298.9 306.4 313.9 320.6 335.9 343.2 346.9 353.1 358.2 364.3 369.7 375.9 381.2 384.1 387.2 393.1 395.5 396.4 393.2 389.5 383.9 381.5 381 379.5 377.7 372.8 367.1 362.9 358.5 353.4 348.4 342.1 337 331.4 324.7 319.2 312.6 304.5 294.9 289.6 281.1 275.9 271.3 271.3 278.7 280.6 279.7 267.8 266.9 275 280.1 285.7 288.8 292 294.8 296.2 302.1 306.1 307.5 308 310.1 311.1 313.5 314.1 310.9 314.4 318.4 324.2 327.1 328.6 326.2 321.1 313.7
284 287.9 291.5 295.5 297.7 303.5 311.3 318.9 324.9 339.8 346.7 352.5 357.8 365.3 371 375.6 379.2 383.7 385.8 388.6 390.6 390.6 390.7 385.7 384.1 379.8 379 376.9 374.4 371.5 366.5 362.6 359.3 354.8 350.1 345 337.2 330.4 325.9 319.5 313.7 307.3 297.7 292.6 284.2 279.2 275.3 274.3 283.2 286.1 287 283.2 267.5 274.2 282.7 286.7 290.1 293.3 297.6 300.3 303.9 309 311 312.5 313.2 314.4 316 317.8 316.8 314.1 317 323.6 328.4 330.2 329 326 319.3 309.9
287.2 291.9 294.8 299 303.8 310.4 316.1 322.4 329.5 343.2 351.8 358.3 365 371.1 375.3 379.5 383 385.3 386.9 387.8 387.7 387 384.6 380.9 378.3 375.7 374.9 372.6 369.9 365.8 362.4 358.7 354.8 349.4 344.8 336.9 331.4 326.1 321.2 314.9 308.4 297.4 291.9 285.8 285.5 280.5 277.5 285 288.8 291.7 289.1 275.8 273.1 283.2 287.1 291.7 296.5 298.8 302.3 306.4 310.9 314.3 316.2 317.9 318.7 318.9 319.9 321.5 318.8 318 322.5 328.5 332.2 331.4 328.8 325.2 316.7 309.8
290.7 295.8 299.6 302.4 309.1 316.3 321.4 326.9 336.2 349.5 357.9 365.8 371.4 375.8 379.9 382.9 385.1 387 387.1 385.5 383.9 383.5 380.2 377.7 373.8 371.1 369.1 367.9 363.7 360.7 358.2 353.6 348.3 344.3 338.1 332 327.3 322 316.9 309.7 300.8 304.1 302.6 298.4 292.6 289.5 290.5 292.2 293.5 293.8 289.4 273.8 283.6 288.2 291.8 296.2 300.3 305.2 307.5 313.7 319.4 318.3 320.6 321.7 322.6 322.9 324 323.9 320.3 321.4 328.5 333.5 335.4 333.5 330.6 324.1 313.6 304.1
294.3 299.6 304.6 307.7 315.1 321.4 327.8 334.6 341.9 355.6 365 371.6 376.7 380.7 384.2 386.1 387.9 388.4 387.6 384.7 383.2 380.8 378.7 374.8 369.2 367.5 364.3 362.5 358.8 356.3 353.2 349.3 343.2 338.4 332.4 328.3 324.1 318.5 313.8 309.8 316.7 309.4 307.3 304 300.1 297.4 297.9 297.2 296.5 294.8 276.2 282.5 289.7 292.6 296.8 303.1 307.4 312.3 314.9 321.5 325.3 325.1 324.8 326.7 327.2 326.7 326.5 325.5 323.2 327.4 333.4 339.4 338.4 336.3 330.7 319.5 310.5 302.7
297.9 303.2 309.9 314.3 322.1 328.4 334.8 342.2 353 362.2 371 377.8 382.4 385.9 387.8 389.1 389.2 388.2 386.3 383.5 381.2 378.5 375.1 371.6 366.3 362.2 360.3 356.4 354.5 351.2 348.1 344.4 336.9 332 329.3 325.2 321.1 315.6 318.1 323.3 322.1 319.8 316.4 312.5 309.7 303.1 300.4 298.3 292.1 279.3 283.4 291.8 296.5 298 303.7 309.1 313.9 318.1 322.9 328.5 331.8 334.5 333.2 332.1 330.9 329.2 328.7 326 326.5 332.4 338.2 342.4 341 336.7 328.8 318.1 309 299.8
302.5 308.6 316 320.3 328.8 335.2 343.7 354.4 363 370.5 377.8 383.8 387.4 389.8 390.7 390.3 389.7 388.2 384.9 382.3 379.1 375.1 371.3 366.8 363.8 357.7 354.7 351 348.9 346 340.7 337.7 332.2 326 323.7 321.2 318.8 320.9 326 328.8 328.4 324.3 320.3 316.4 311.8 304.6 300.7 292.5 293.8 290.4 291.6 296.5 299.8 305.6 312.8 318.3 321.6 326.9 334.7 338.5 340.9 342 340.6 337.1 333.1 332.3 330.8 328.3 330.5 333.8 339.9 343.9 342.4 336.2 324.6 314.3 304.7 295
309.9 315.1 322.3 328.3 336 344.2 353.2 363.5 373.8 381 385.8 389 392.5 394.3 392.5 391.6 388.8 386.7 383.2 380.6 375.9 373 367.4 363.8 361.6 356.7 352.3 347.8 345 340.7 337.4 333.5 326.9 322.6 321.3 319 319.3 324.3 329.8 331.9 331.3 327.6 322.5 316.6 309.4 304 299.2 298.6 298.2 294 296.5 299.5 304.8 310.6 318.1 321.9 330.8 343.8 352.2 353.7 354.1 352 348.3 341 336.5 334.8 332.5 332.9 334 335.7 339.2 343.6 342.1 330.3 318.7 307.5 296.8 285.5
315.1 322.2 330.6 337.3 344.2 354.3 362.9 374.8 383.6 390.8 393.5 396.1 395.5 394.8 394.4 389.3 385.8 383.7 381.1 377.8 372.6 369.9 365.7 361.2 357.6 354.9 348.7 345.7 341.7 337.8 333.6 329.6 324.2 321.7 320.5 319.8 321.3 326 331 331.8 329.4 326.7 321.4 315.3 310.1 297.9 304.5 302.6 299.1 299.1 302.6 304.4 311.3 316.8 323.3 331.3 348.2 359.2 361.9 363.8 362.8 359.3 354.6 345.5 340.5 336.9 335.6 336.3 336.4 338.3 340.5 340.7 337.7 323.4 309 297.7 289.2 275.3
321.5 330.1 339.4 345.5 353.8 366.7 380.8 388.8 395.7 400.1 402.8 399.3 395.1 393.4 392.2 387 384.7 381.6 378.6 373.2 370.3 367.6 364.5 359.7 355 350.9 347.5 341.8 338.4 334.4 331.2 327.7 324.7 326.4 321.9 321 322.6 327 331.7 332 328.4 324.2 319.3 314.5 304.4 309.2 309.3 307.2 301.6 304.7 309.7 313.2 316.4 324 333.2 343.4 359.8 367.5 370.9 372.5 370.4 366.8 358.3 350.3 344.8 341.5 337.2 339.6 340.5 340.9 341.5 340.1 332.1 317.1 302.8 293.6 283.1 272.4
332.3 338.6 346.4 354.3 366.5 383.5 393.8 400.9 406.4 409.6 406.4 399.8 394.1 392.1 389.1 386.2 384.2 379.2 376.2 371.9 369.5 367.6 362.6 355 351.3 349 347.5 345.9 342.1 333.2 330.9 328.6 327.8 327.7 322.9 323 326 329.2 332.5 331.9 327.7 323 312.3 309.7 313.1 313 312.8 311.1 306.9 308.9 314.7 319.8 326.7 335.5 346.2 358.9 370.1 376.3 380.4 380.2 377.9 372.6 361.7 355.7 348.9 344.6 339.8 343 342.3 342.4 341.1 336.4 325.8 311.4 300.8 291.7 278.7 267.3
337.5 346 354 366.3 379.5 391.7 404.1 410.9 413.7 413.7 408.2 399 393.8 391.6 388.5 385.6 382.9 378.2 375.2 371.4 369.4 367.4 361.5 355.9 351.9 349.2 349.2 347.2 342.3 335.3 330.5 329.5 328.2 325 324 325.3 328.6 331.3 332.7 331 326.8 320.4 318.2 318.5 317.9 316.8 318.5 315.1 311.7 316.4 322.2 325.4 333.3 345.2 355.4 367.9 378 386 388.7 388.3 384.3 377 366.4 360.9 354.2 345.1 345.9 347.2 344.9 342.7 338.6 332.1 317.2 306.9 299.4 289 274.5 263.3
345.1 355 361.8 375 387.3 406.3 413.9 420 422.8 420.8 411.6 401.1 394.5 391.2 388.2 385.2 382.6 379.4 375.2 371.5 369.2 366.7 361.1 357.4 352.8 351 351.1 348.3 343.3 339.9 333.2 332.7 331.6 327.8 326.4 326.6 331.1 332.7 332 329.2 322.5 323.8 324.3 323.1 322.3 326.2 324.8 319.3 317.1 324.7 326.3 333 341.7 353 363.6 377.9 386.9 395.2 397 395.6 389.1 378.4 369.7 364.1 356.9 346.3 349.8 348.4 346 341.4 332.7 319.4 310.9 304.7 296.4 285.4 270.2 257.8
350.8 359.3 366.9 379.4 396.2 416.1 423.3 429.4 430.8 425.5 415.9 406.3 397.2 391.7 388.4 385.2 382.6 379.4 375.4 371.6 368.5 365.8 361.7 358.1 353 352.6 353.8 350.4 346.6 343.9 339.2 336.6 335.3 332.3 330.4 329.4 332.4 331.8 329.7 325.8 326.6 329.3 328.5 330.1 331 331.3 330.4 330.5 324 325.8 330.9 338.3 345.9 357.6 371.3 384.8 395.9 402.5 404.1 399.6 393.8 380.4 372.8 366.3 354.3 348.4 352.4 349.4 346.3 340.3 330.4 320.4 311.3 301 292.5 278.9 266.4 256
356.8 362.7 371.5 386.1 404 419.2 433 436.8 436.5 429.3 419.4 410.7 401.5 393.9 389.3 385.4 381.8 378.7 375.2 372.1 368.8 366 361.7 359.8 358.4 359.7 359.8 352.2 351.2 351.2 343.9 340.4 340.7 338.6 336 334.5 334 331.3 328.4 328.4 332.4 334 333.3 335.2 336.2 336.3 336 336.3 336.2 332.7 339.7 343 353.2 364.6 379.9 390.4 403.4 407.5 404.6 400.3 393.1 379.1 373.4 365.6 353.7 351.3 352.1 350.6 346.9 340 327.2 318.1 308 297.1 287.3 275.8 262.9 256.3
363.3 367.3 377.2 391.8 407 427.2 440.3 443.3 443 436.9 427.8 414.6 406.3 399 393.4 386.6 382.1 379.5 381.5 376.7 372.7 368.3 365 362.3 364.8 362.6 357.7 354.3 353.5 357.4 346.4 343.6 343 342.2 339.7 336.4 336.8 333.7 330.7 330.1 336.2 337.6 338.7 340.5 340.1 340.3 340 340.3 340.2 338.6 345.8 354.1 360.7 370.2 382.6 392.8 407.6 410.8 407.3 402.2 393.8 378.8 374.7 365.1 357 354.2 353 351 345.2 335.5 323.4 315.4 303 291.9 284 273 262.1 256.4
368.4 372.4 383.4 397.9 413.6 431.3 446.9 449.5 451.2 448.1 436.7 424.8 412.9 407.6 401.9 393.6 386.9 386.7 386.4 383.1 377.6 374.1 372.3 372.6 369.5 366.3 363.7 358.3 356.6 357.8 351.8 348.2 344.9 343.7 341.3 339.1 335.8 335.7 335.1 335 338.8 340.2 342.6 345 345.4 345 343.6 343.3 343.4 344.2 350.8 361.4 370 377.4 385.5 396.4 408.5 412.5 410.4 401.5 390.6 380.4 374.6 364.7 357.9 355.8 353.1 349.4 342.1 329.8 320.2 309.2 297.7 290.3 281.3 270.9 262.1 254.5
374.9 379.3 386.3 402.9 420 435 448.2 459.2 460.6 455.3 442.8 435 426.6 418.7 410.5 401.3 392.5 394.8 392.6 391.5 386.2 381 381.5 385.6 380.3 372.2 370.2 363.7 359 356.8 353.3 350.4 349.6 346.3 341.7 338 338.2 337.9 337.7 337.5 341.3 343.6 345.9 348.3 349.3 347.9 347.2 347 345.6 348.2 356.7 365.9 374 382.1 388.8 398.6 408.7 413.2 410 401.2 386.4 380.1 370.6 365.4 357.4 356.3 351.8 345.9 337.1 325.8 313.9 304.3 295.8 288.1 281.3 271.1 258.7 251.6
380.2 385.3 392.4 407.8 423 437.8 452.7 466 464.6 456.9 447 438 436.3 422.8 420 405.2 401.9 400.9 401.3 402.1 400.9 391.7 385.8 381.5 377 374 373 366.5 363.1 359.1 357.2 353.8 351.9 348.2 342 342.2 343.1 341.6 340.1 339.9 343.3 346.1 348.2 351.1 352.5 350.9 350.8 347.5 348.5 350.2 359.2 369.8 378.9 384.8 392.4 399.3 409.3 413.4 408.1 398.4 385.6 378.3 368.9 361.9 358.1 354.8 348.2 340.2 328.5 319.2 311.1 301.1 296.3 285.9 279.6 267.3 255.4 245.7
385 391.8 400.4 414.1 425.6 441.1 456 464.6 464.6 457.7 450 443 438.2 426 419.1 413.1 410.5 410.8 414.8 421.1 413.4 401 391.2 385.8 380.7 377.5 373 368.1 365.6 361.4 358.6 355.4 354.1 350.3 346.9 346.1 345 344.6 341.8 341.7 345.2 348.1 351.1 353.4 355.5 354.1 351.2 352.2 354.9 358.3 368.6 374.9 382.1 387.6 392.2 403 412.6 414 407.3 397.2 385.7 373.2 363.6 359.1 357.1 352.4 343.3 333.1 319.5 311.4 306.2 297.6 293.9 284.7 278.4 271.4 250.6 238.6
389.2 398.1 410.3 421.1 431.6 442.9 453.7 462.3 462.4 457.8 452.1 446.5 444.1 438.8 428.4 422.9 423.2 421.8 433.2 433.2 422.2 405.1 398.3 395.7 389.7 380.9 380.1 369.8 367.2 362.8 359.8 357.5 353.7 353.8 349.8 347.2 346.3 345.3 345.7 344.8 346.7 350.5 353.3 353.6 354.8 353.9 352.5 355.7 360.7 365.2 372.6 380.4 385.3 391.7 396.7 407.9 414.2 412 405.7 396.6 385.7 369.3 361.9 357.5 354.2 345.8 336.4 323.8 314.7 306.9 305 296.4 289.1 281 272.3 260.2 246.2 236.4
