Assets/StreamingAssets/GeoData/Data/sh/SH86.asc
ncols 200
nrows 200
xllcorner 280000
yllcorner 360000
cellsize 50
[rows 0 to 34 of 200, columns 78 to 155 of 200]
278.8 280.5 277.1 262.6 265.6 271.6 269.5 266.7 265.3 271.7 276.9 281.6 274.4 279 283.8 283.8 289.7 291.4 286.9 278.1 275.6 267.3 259.9 250.4 244.2 237.7 240.2 245.2 249.3 252.5 248.1 243.3 238.3 232.9 221.8 214.5 215.4 221.6 220 220.2 226.1 228.6 230.9 232.2 235.5 241.7 246 251.7 253.1 252.5 247.4 245.5 242.8 230.9 233.1 238.8 248.2 254.7 259.7 262.6 264.4 262.5 262.1 258 256.7 255.1 250.5 245.9 239.3 234.6 231.4 228.8 227.1 222.3 222.1 219.8 207.4 202.2
283.9 285.6 279.4 268.6 263.5 257.9 264 262.6 258.4 266.2 268.6 267.2 270.9 269.5 277.9 279.4 285.1 286 284.7 279.9 276.1 266.9 259.2 250.2 244 240.2 234.4 241.4 246.3 247.3 249.2 248.8 235.9 233 225.1 217.5 211.6 213.5 217.2 216.1 217.6 218.4 220.7 223.1 231.5 238.6 242.7 245.7 246.6 246.3 240.4 239.3 235.4 231.1 229.3 236.5 244.2 253 256.7 259.5 261.2 261.6 261.1 255.7 255.2 253.9 248.4 243.5 239.1 232.4 231.3 231.2 223 221.6 221.2 216.3 210.3 204.8
287.1 288 281.2 273.5 265.5 258.4 252.2 257 253 258.1 258.6 256.5 260.7 261.8 266.8 269.4 277.6 279.2 280.2 276.4 272.6 262.3 254.7 247 241.6 238 230.4 235.8 240.7 241.7 243.3 240.6 233.2 232.2 228.1 221.5 216.4 207.9 208.2 209.4 212.2 214.9 216.1 217.1 228.2 234.8 239.2 241.8 243.1 242.8 237.1 235.9 233.5 229.9 226.6 231.1 239.7 249.3 257.7 260.1 261.8 262 262.1 256.8 255 251.5 247.2 241.5 235.8 232 227.4 226.8 223.4 217.2 210.2 205 205.1 200.5
289.6 288.6 282.3 277.3 270.3 261.8 254.2 244.9 248.2 245.8 250.1 251.3 251.7 252.9 254.6 262.7 269.6 274.5 275.4 271.5 265.7 255.9 248.7 241 236.9 233.9 225.8 233.1 237.4 238.6 238.6 235.7 232.3 230.9 225.9 222.5 217.8 210.4 205.7 210.3 210.2 208.9 209.3 213.6 223.2 229.4 235.3 237.9 238.9 235.9 234.2 233.5 232.1 228.5 221.5 227.4 240.5 247.5 253.4 259.5 262.1 262.6 259 256.6 252.4 249.7 244.5 238.2 235.1 227.2 223 217 216.4 204.3 196.1 196.6 196.4 190.6
293.3 290 284.8 281.1 275.7 266.3 258.7 250 243.4 241.8 240.9 240.3 244.9 247.4 253.9 260.9 266.5 268.3 267.5 267.1 261.5 252.5 242.8 236.3 232.2 224.6 229.5 238.2 240.5 239.1 236.8 235.8 235.1 236.3 226.3 221.3 216.7 212 205.1 210.4 208.2 203.7 205.2 208.4 217.1 222.9 228.5 233 232.6 231.3 231.3 229.2 228.9 222.3 213.3 223.5 238.4 246.2 251.9 260.2 260.9 259.9 258.2 252.8 248.4 245.3 238.5 236.9 234.1 224.3 219.6 212.1 209.1 200.2 189.7 186.4 183.9 180.7
294.2 291.5 286.7 282.7 275 267.7 261.5 253.8 246.2 239.5 239.2 237.2 236.5 239.3 259 266 269.3 268.7 267.4 265.4 260.2 251.8 238.9 230.5 227.6 223.1 220.5 228.2 235.1 239.4 241 241.6 237.5 235.9 232.6 222.6 215.6 210 203.1 208.9 205.5 200.2 202.6 202.6 209.5 215.4 222.5 226.3 227.7 225.9 225.2 225.1 222.2 205.9 211.5 224.5 236.9 245.5 252.9 257.9 257.8 257.3 251.3 247.1 243.6 239.3 236.8 234.7 230.3 220.6 214 208.7 204.4 190.4 181.4 177.9 179.6 170.1
295.4 292.2 287.4 281.9 276.5 271.2 265.3 257.2 244.2 241.4 243.4 243.6 239.8 240 253.8 262.2 268.5 264.8 264.3 262 262.2 249.1 239.9 232.2 227.7 227.1 223.2 224 229.3 238.8 243.1 243.3 239.6 235 231.2 225.5 215.3 206.6 201.3 201.8 199.7 198.2 199 196 200.8 207.4 212.9 217.5 219.5 221.2 220.7 216.3 203.9 198 211.3 225.1 237.9 246 251.6 254.8 254.1 249.9 246.6 241.6 237.8 234.8 232.9 231.1 226.1 217.7 210.1 205.8 192.7 184 175.8 161.2 164.4 161.5
296.6 293.6 288.1 281.7 277.2 272.5 267.4 255.3 247.8 254.3 253.6 253.8 252.9 246.6 244.5 258.1 263.6 261.5 257.1 256.4 255.4 244.8 236.9 232.9 227.9 224.8 222.2 219 226.9 232.6 239.4 242.4 243 241.7 234.9 229 218.4 207.2 202.5 198.7 196.4 195.3 195.6 196.8 197 194.1 201.6 206.2 209.1 210.2 208.5 201.2 194.8 203 215.4 226.3 239.8 244.7 248.5 248.7 249.1 245.6 242.1 234.7 233 230.9 229.4 225.6 220.3 213.5 207 199.4 185.8 174.4 165.6 158.8 151.3 148.7
294.9 290.8 287 281.1 277 271.6 264.7 246.3 258.1 259.6 261.5 258.3 255.3 251.4 238.7 245.2 252.2 251.5 246.1 247.1 247.5 238.1 233 229.1 225.3 221.3 217.7 208.9 223.6 229.6 236 245.4 246.3 243.7 240.3 233.6 227.2 215.8 209.5 204.1 203 201.4 201.4 203.2 195.7 185.9 189.5 196 200.4 201 200.2 197 190.5 201.1 218.2 229.9 231.5 236.4 240 239.6 242.8 240.8 237.5 231.7 229.7 227.5 225.9 221.1 216.1 210.2 203.1 185.7 176.8 168.7 159.7 153.8 148.9 136.6
291.4 287.7 284.6 281.1 276.6 271.4 265.3 251.9 264.3 264.7 267.6 266.1 260.6 253.9 243.1 232 238.8 241.7 233.3 235 236.8 232.3 228 225.1 220.9 213.2 208.1 206.8 209.5 226.1 230.1 236.1 242.6 242.5 240.5 239.6 231.8 222.2 215.9 212.1 208.6 205.3 205.3 202.9 196.9 187.8 184.7 190.4 195.6 205 207.5 202.3 189 208.8 222.2 230 223.7 226.2 233.5 234.6 235 234.9 231.6 229.7 227.5 225.7 221.9 218.3 213.8 208.8 200.9 190.2 174.4 166.1 154.9 149.4 145.1 141.3
287.9 284.9 282.2 279 273.7 268.9 263.7 263.4 267.1 269.7 273.5 272.1 266.3 260 252.7 236.7 227.9 226.1 221.7 220.3 218.7 215.8 212.5 216.6 214.4 208.5 209 214.3 207.5 209.7 217.9 220.5 226.1 228.8 233.8 235.3 229.3 224.8 217.7 217.8 213.4 207.6 206.5 201.3 196 190 184.8 186.5 194.6 205.1 204.8 197.4 190.2 207.6 221.2 220 216.6 215.7 219.8 223.3 226.1 225.1 225.7 226.8 225.9 222.9 219 214.6 211.7 207.2 192.8 185.3 176.9 166.2 154.4 141.6 142 129.6
283.1 280.6 278.2 275.9 269.3 266 261.8 266 270.1 271.5 276.1 273.5 266.7 261.7 256.1 249.6 234.6 228.3 230.8 226.6 215.4 213.2 215.5 210.8 208.8 216.7 221.7 215.4 200.1 198.8 200.6 209.7 212.6 214.6 216.8 219.2 219.2 221.3 218.7 220 218.6 207.4 204.3 199.9 195.3 191.1 186.8 179.2 192.4 199.7 196.4 190.9 178.7 191.6 203.2 204.4 202.7 199 202.3 204.7 211.4 218.7 219.8 223.5 223.3 221.1 216.6 214.2 210.7 206.8 197.5 189.8 177.3 166.4 155.3 140.3 130.3 128.2
275.7 275.6 269.6 267.3 262.9 261.7 256.8 266.2 271 271.5 275.4 272.8 267.1 262.1 257.3 250.5 239.7 235.4 235.3 232.8 230.3 224.5 219.4 215.5 221.1 225 224.7 219.5 207.5 201.1 194.4 194.6 194 197.4 205.1 209.4 212.4 213.4 213.6 216.8 219.7 208 204.5 201.2 195.3 191.1 183.4 178.3 190.2 193.8 187.8 183.6 176.2 163.3 184.2 186.8 185.5 183.7 185.1 190.1 202.1 210.9 214.7 218.5 219.9 219.3 215.9 210.8 208.8 200.1 190.8 181.1 171.5 153.4 137.1 130.1 129 128.8
276 275 274.9 269.8 266.4 262.1 260.6 266.4 271.9 270.2 271.7 271.6 267.3 262.1 256.7 250.3 241.4 239.3 237.6 235.3 231.8 226.9 223.7 221.7 225.4 229.1 228.4 225.3 218.7 212.3 204.4 198.9 194.1 191.9 196.3 203.3 207.8 212.2 208.1 205.8 208.3 208 206.4 204.3 199.3 192 184 176.4 190.1 187.4 180.9 177.1 167.9 153.6 155.9 160.4 163 166.1 174.3 182.4 191.8 200.9 210 216.9 218.7 216 213.6 208.3 203 194.1 184.7 164 149.4 139.1 129.9 128.7 128.7 128.5
277.7 277.5 274.7 268.5 263.9 261 262 266.7 272.6 270.5 268.8 267 265.7 262.7 258.6 247.1 247 244 242.3 239.8 236.1 234 228.1 227.8 227.1 230.9 231.6 230.1 227.3 219.4 215 209.9 206.5 197.4 191.1 195.3 201.1 204.9 204.8 200.9 200 200.5 203.8 202.2 200 185.9 169.3 174.4 187.5 179.9 173.5 169.3 158.8 160.6 156.2 154.2 156.8 159.1 169.2 175.5 179.7 189.8 204.6 211 211.9 211.2 209.2 204.5 194.4 184.8 175.2 147 142.5 130.6 128.8 128.5 127.3 128.1
280.1 280.2 275.8 268.2 264 261 261.9 266.4 273.1 274.6 269.6 266.1 266 262.6 253.5 256.1 255.8 253.7 250.8 246 241.6 236.3 233.6 231.9 231.7 233.2 234.1 235.3 233.5 230.2 223.4 215.9 211.1 205.6 197.6 188.9 193.7 197.6 197.9 197.4 194.6 193.4 191.4 189.3 173.9 175.6 181.3 172.1 160.7 163.7 160.4 159 165 175.7 176.5 171.1 161.3 154.4 166.3 165.5 165.7 176.6 184.6 194 203.6 205 203.1 195.7 184.4 173.8 160.8 146.6 138.9 129.4 128.1 128.5 128 127.5
284.5 282.4 277.3 271.5 264.4 261.8 262.6 265.8 271.3 275.4 270.7 266.6 264.1 260.3 260.7 261 259.7 257.6 252.5 248 242.2 238.9 237.8 235.1 235.9 237 238.1 239.8 239 235.8 230.7 225.2 212 208.2 201 198.5 193.6 185.8 186.5 188.4 188.8 184.7 181 179.3 191.5 190.9 185 179.8 167 160.5 162.9 174.5 181 184.1 183 181.9 162 147.7 150.8 149.2 146.2 149.8 160.9 170.3 184.3 197.2 196.9 180.9 170.1 159.8 153.2 142.8 137 128.1 128.2 128.2 128.4 128
283.7 281.5 277.2 272.2 265.2 262.7 262.8 264.4 268.7 273.4 270.9 267.2 263.7 263.5 264.4 263.3 261.4 257.6 252 248.8 244 242.6 241.3 238.2 239.5 241 242.8 245 243.8 239.4 234.3 227.7 215.8 210 206.5 202.9 198.8 194.8 189 187.5 185 180.8 180.5 188.5 194.4 189.8 185.4 178.4 173.1 174.5 178.4 182.6 186.5 186.2 187 188 172.2 151.1 147.2 146.2 146.7 143.6 144.4 141.1 147.5 160.2 170.8 163.1 153.3 152.6 149.9 138.6 137.3 128.3 127.2 127.8 127.5 127.2
283 278.9 273.4 269 266.3 264.5 264.4 264.2 266.2 270.8 269.6 267.5 265.8 266.2 266.7 264.7 262 258 254.6 251.3 249.1 246.9 244.7 242.8 243.4 244.6 246 246.2 245.7 241.8 236.3 227.4 218.2 216 211.9 205.1 201.3 196.7 193.5 190.4 186 191.1 193.4 193.7 192.7 190.7 187.2 180.1 179.3 181.1 184.1 188.5 189.7 188.5 191.1 190.8 187.5 180 169.5 155.4 151.7 147.8 142.9 142.8 140.8 141.2 147.4 150.3 148 144.8 140 138.6 137.4 128.9 128.8 128.6 128.6 128.7
289.2 281 275.9 269.6 266.9 265.7 265 264.8 265.3 268.2 268.7 269 268.9 270.2 269.8 267.8 265.4 262.5 258.1 255.6 253.2 251.1 248.1 247.5 247.1 248.3 248 247.2 245.3 241.6 235.8 228.5 226.8 222.6 219 211.2 203.3 195 191.4 188.1 192.8 195.6 199.3 199.3 197.3 194.1 188.2 181.2 183 186.7 191.1 193.9 191.9 190.9 191.9 190.8 188.5 186.5 181 174.1 167.4 158.1 151.1 146.9 144.2 141.3 139.6 142.9 146.5 144 139.4 138.1 137.4 128.1 128.6 129.4 129.5 129.1
291.1 283 275.2 270.1 269.4 268.1 266.3 266.1 267.5 269.1 271.2 272.8 274.4 275.8 274.6 273.1 270.4 266.9 263.2 261 258.6 255.5 253.3 253.1 254.2 253.1 251.1 249 246.2 242.9 239.9 233.4 230.6 226.8 221.5 210.7 202.2 197 191.8 195.4 197.8 201.4 205.2 203.8 200 195.9 190 183.7 188.6 193.7 196.6 199.2 195.5 191.1 188.7 186.4 186.6 186.1 180.9 173.5 167 159.5 152.9 150.9 148.9 144.9 138 137.5 140.9 141 137.9 135.8 133.7 129 128.9 129.3 129.6 129.4
292.1 283.3 275.5 276.1 275.6 271.3 268.8 268.6 272.6 274.4 275.9 278.9 279.9 280.6 279.8 278.8 275.9 272.4 269.2 267.3 265 261.8 259.4 259.9 259.8 258.2 256.1 254 250 247.8 242.9 234.9 230.7 223.2 215.4 206.7 201.6 194.7 201.8 203.9 206.7 210.3 209.5 208.1 203.2 198.4 191.1 187.2 190.5 193.6 198.6 201.4 197 190.1 182.4 179.3 179.8 180.9 179.1 172.9 161.8 157.2 154.8 154.5 153.6 149.7 143.7 133.5 135 135.6 131.6 131.7 131.2 128.1 129.2 129.5 129.8 129.7
291.7 284.5 280.8 281.2 279 273.5 269.5 272.7 277.4 279.7 281.6 282.9 285.2 285.6 285 284.4 281 277.8 274.4 272 270.8 266.6 265.1 266.2 265.3 263.2 261.5 260 255.4 252.7 246.8 237 228.7 225.1 214.8 205.3 200.1 204.5 212.7 216.5 219.4 222.3 219.6 215.9 210.8 204.8 197.9 189.2 194.6 198.6 201.5 201.3 196.9 187.5 176.5 170.5 169.4 168.8 166.6 162.6 154.9 151.6 155.6 156.6 156.6 151.8 146.7 142.1 140.4 138.7 137.3 132 130.1 128.3 129.3 130.1 130.3 134.9
291.4 284.7 286.3 284.3 282.3 275.4 272.7 275.9 280.8 283.4 286 287.2 289.2 290.3 290.3 289.3 285.4 282.5 280.2 279 276.5 272 270.5 271.3 269.1 267.5 265.8 264.1 259.6 256.7 251.1 241.4 231 222.1 211.2 204.5 208.9 210.9 219.9 224.5 227.5 228.8 225.2 220.2 216.4 210.4 202.1 198.1 200.5 205.9 207.4 207.4 205.8 197 179.5 169.4 161.1 157.2 154.6 150.6 146.3 144.9 150.7 154.6 152.8 146.4 141.2 140 139.7 139.1 142.1 136.7 130.5 129.8 131 130.9 132.5 156.7
290.1 291.4 289.2 287.7 284.7 277.5 273.8 279 284 287.4 290 292 293.5 294 293.9 292.2 290 287.7 285.9 283.9 280.7 277.2 275.9 275.8 274.2 272.3 269.7 266.6 261.8 257.2 251.2 245.7 236 219.6 210.3 210.2 216.2 218 222.3 225 230.1 231.3 227.8 225.2 219 210 200 205.2 212.2 216.6 219.4 215.1 213.3 203.1 187.2 178.4 168.2 162.1 154.3 150.2 144.6 143.1 141.6 143.3 142.7 139.5 138.7 139 138.8 138.5 137.1 131.7 130.1 130.4 131.1 131 136.2 156.7
297.4 294.1 292.3 290.2 286 279.2 276.4 282.3 287.1 291.6 294.8 296.5 297.6 297.2 296.3 295.4 295 293 290.3 288.6 284.3 281.7 281.2 280.4 278.5 276.5 273.3 270 264.6 260.1 254.6 249.6 240.8 221.2 211.1 218.8 220.1 224 229.1 229.2 229.5 231.5 231 228.8 221.2 209.4 204.7 212.3 219.1 225.4 225.4 220 212 199.9 189.8 185.3 183.5 178.1 171.2 162.9 149.9 142.2 140.5 139.5 138.2 137.1 137.4 137.6 131.6 132.6 131.4 131.1 131.2 130.7 130.9 132.2 135 153.7
298.1 296 294.3 292.4 288.7 281.1 280.1 286.1 289.6 295 298.7 302.2 302.5 301.4 300.9 301.4 299.9 298.3 296.1 292.5 288.5 287.1 286.4 285.1 283 280 277.1 272.7 267 260 255.1 249.6 235.7 220.1 223 226.3 224 228.4 233.1 235.6 239 235.3 232.9 222 213.3 208.2 209.1 216.5 224.2 229.2 224.4 213.9 204.5 196.4 191.6 193.6 193.7 190.4 186.7 173.3 156.6 144.6 141.4 140.1 138.8 138 138.1 131.6 131.4 131.6 130.4 129.6 131.4 129.5 131.4 130.5 137.1 149.2
300.8 298.1 296.8 292.7 288.1 280.7 284.6 288.1 294.3 299.8 303.9 307.6 308.4 307.3 306.7 305.3 303.5 302.5 298.7 292.4 289.5 289.6 289.9 289.1 286.2 282.7 279.2 274.1 269.9 264.5 253.8 243.3 232.4 227.7 231 230 224.8 227 237.5 238.7 240.1 238 231.9 224.3 217.2 211.3 215.3 219.9 224.8 226.5 221.6 213.2 205.5 201.9 201.4 202.8 201.6 199.9 195.7 183 164.3 155.6 147.8 143.1 140.5 139.1 130.9 132 132 131.7 129.6 131 130.6 130.9 131.4 131.2 135.7 150.1
304.2 301.2 299.7 294.7 288 284.1 290.4 293 299.1 304.4 308.9 312.4 313.7 312.7 311.8 311 306.6 299.5 293.4 290.7 289.4 289 290.2 289.7 287.6 284.5 280.7 275.2 269.6 263.9 254.1 238.7 233.7 235 241.8 243.5 226.6 225.7 232.5 240.6 240 240.9 235.6 226.5 218.6 217 221.2 224.3 223.5 221.3 218.3 215.3 212.4 211 209.7 211.4 209.9 206.6 204.4 193.8 173 167.5 153.1 148.2 141.2 138.6 131.7 132.1 131.6 131.8 130.7 131.5 131.8 131.8 132.1 132 134.5 149.9
308.1 304 298.7 293.3 289.7 289.6 294.3 298.7 303.5 308.7 312.6 314.7 317 316.5 314.5 307.6 303.5 297.4 294.6 291.9 292.4 290.7 290.1 286.5 287.6 282.4 277.8 271.9 267.8 262.7 259.2 250.9 236 241 249.1 249.4 236.2 227.8 228.7 238.7 240.5 239.4 233.3 227.2 222.9 224.3 227 234.4 235.1 231 226.6 222.4 223.7 222.1 220 222.2 216.1 212.4 210.4 195.2 185.9 171.7 160.3 157.2 147.1 140.9 132.1 132.3 132.5 130.3 132.6 132.7 132.6 132.9 132.9 133.1 134.8 140.4
310.5 305.5 299 293.3 291.6 294.3 299 303.8 309 313.5 315.9 317.5 319 317.9 314.9 312.3 304.4 300.8 299.5 298.8 294.3 290.9 289.1 284.7 281.9 278.2 274.4 277.2 271.7 265.9 257.4 246.2 237.5 237.7 249.4 252.9 249.2 242.1 232.8 233.8 236.5 237.4 235.7 231.5 227 230.6 232.6 236.6 240.8 243 240.7 240.4 238.7 234.6 225.8 224.3 216.6 215.3 211.2 199.3 186.3 172.9 169.1 159.8 151.9 142.2 134.9 132.2 130.8 132.2 133 133 133 133.3 133.5 133.8 134.2 138.6
311.8 306.4 301.2 295.2 296.7 299.9 303.3 309.1 314.9 317.8 319 320 319.9 319.2 320.2 317.3 312.6 307 302.7 300.2 297.5 294.4 289.2 287.4 285.2 280.6 282 280 274.6 266.8 255.9 241.9 238.6 238.3 240 245.6 251.1 249.8 247.8 244.9 240.3 239.4 241.6 232.6 228.4 235 238.6 249.2 252.5 252.4 251.8 250.9 246.7 243.2 235.3 226.5 219.5 212.5 209.9 196.4 192.2 187.6 176.8 170.2 161.2 143.7 139 132.9 132.6 131.4 132.1 133.3 133.3 133.7 133.9 133.9 134.4 136.8
311.3 306.4 301.6 299.8 302.5 306.4 308.7 315 320.5 322.7 322.5 321.9 322.6 320.8 320.7 317.3 313.9 311.1 306.7 307 304.3 299.6 294.7 291.8 288.4 286.1 282.8 278.8 274.6 270.7 263.5 241.4 245 246 244.8 245.6 250.2 260.7 257.8 256.4 246.6 239 235.4 232.6 231.7 233.4 238.4 243.8 252.7 258.4 254.9 253.3 253.9 251.4 247.6 238.8 230.4 222.5 216.4 211.5 197.8 191 187.3 188.4 175 148 141.3 139.9 133.9 132.1 133.9 133.4 131.2 131.2 132.2 133 134.6 136.2
310.8 308.1 305.2 307.9 307.3 310.4 315.5 320.3 325.6 326.6 325.3 323.6 322.4 320.7 319.9 318.2 315.8 312.8 311 309.8 307.5 304.1 299.9 296.9 292.1 285.1 281.3 279.2 278.5 271.9 262.7 248.8 253.8 256.3 256.1 255.6 254 265.4 262.4 253.5 246.1 242.7 240.3 240.7 239.1 240.2 247.9 252.1 253.8 256.8 257.4 257.5 260.6 253.4 247 243.8 235.4 229.1 224.5 213 204.2 201.6 194.8 186.1 171.8 151 143 140.9 138.4 135 133.2 133.9 134.2 134.6 134.7 134.7 133.4 134.4
313.8 309.3 309.8 313.2 312.6 314.6 321.2 323.6 329.6 331.4 329.6 326.5 324.3 322.4 324 321.7 316.6 314 315 308.3 300.5 299.1 300.7 297.1 291.6 279.6 277.1 271.9 266.5 260.3 254.4 247.5 256 263.5 265.1 258.5 264.2 268.7 259.5 256.4 251.9 247.6 247.8 252.4 251.8 251 262 261 261.2 261.3 262.5 261 258.3 253.1 249.7 246 241.7 234.6 223.7 214.9 211.8 208.7 207.4 202.2 182.5 164.3 148.8 142.8 141.3 140.2 134.2 134.4 134.1 135.4 135.4 135.6 135.9 135.2
