Assets/StreamingAssets/GeoData/Data/sh/SH92.asc
ncols 200
nrows 200
xllcorner 290000
yllcorner 320000
cellsize 50
[rows 140 to 174 of 200, columns 0 to 77 of 200]
471.1 493 510.2 521 526.9 519.7 522.9 536.4 544.7 541.4 527.2 515.6 522.6 528.9 531.9 533.6 538.2 542.1 546.7 552.8 556.2 555.5 555.4 553.7 547.4 542.5 540.6 529.5 511 504.6 504.6 506.8 508.5 502.8 498.8 493 487.2 476.4 470.7 469.4 467.8 466.3 465.4 465.9 464.2 465.2 466 468.2 471.7 474.8 476.6 478.6 483.3 487.8 494.1 503.9 510.8 521.9 523.9 522.9 521 519 517.2 515.4 512.9 510.1 507 502.8 499.5 495.9 494.9 492.9 488.7 483.6 482.5 481.7 476.4 471
497.6 518.5 538.4 553.4 554.7 553.7 550.1 553.2 555.4 545.8 539.2 529.3 533.2 537.6 540.1 540.5 543.5 549 552.9 556.5 556.6 556.8 554.4 552.4 541.7 526.6 527.4 518 502.1 498.7 499.1 501 497.9 495 488.8 482 476.3 471.1 469.2 468.4 467.4 467.7 468 468.1 465.8 466.9 471.6 475.4 478.3 480.1 482.3 487.6 494 499.7 507.2 516 522.8 525 526.5 525.1 523.6 521.5 517.9 515.1 512.1 508.2 502.5 498.6 494.2 490.7 488 486.2 484.5 478.8 476.9 476.4 470.4 470.6
526 546.5 561 569.8 569.2 567.9 564.5 560.3 561.4 554.4 544 538.1 545.5 545.9 544.8 547.2 549.2 552.6 556.8 557.9 556.1 556.4 552.9 548.7 539.2 520 512.9 507.3 493.1 488.9 490.3 492.5 489.4 486.2 482.4 477.8 473.5 471.1 470.8 470.4 470.5 471.2 472.3 472.3 471.3 468 477.9 482.3 486.7 489.3 493.5 498.6 505.6 510.2 517.3 525.5 530.3 532 529.6 528.5 525.8 522.5 519.2 516.6 513.6 509.2 503.3 495.7 491.6 487.7 483.8 482.1 480.3 476 472.2 468.6 469.3 470.6
553.9 570.6 573.6 577.3 576.8 571.3 568.1 566.5 570.8 554.7 543.8 549.3 553.7 552.7 551.3 552.8 552.5 553.7 559.3 557 555.6 552.4 549.1 541.6 527.6 511.3 505.9 502.5 487.1 480.2 475.6 480.8 479.4 479.7 478.4 476.3 474.6 473.4 473 474.2 476.2 476.2 476 476.3 472.5 475.8 485 491.3 495.3 497.8 501.6 508.7 515.4 519.5 525.1 531.6 534.4 534 532.5 530 526.3 522.8 520.6 518.1 514.4 510.5 504.1 496.8 489 484.4 480.7 478.3 476.1 471.2 468.3 466.5 468.2 469.2
575.5 586 579.7 581.6 578.8 574.5 574.8 570.5 568.2 556.2 555.4 557.5 558.4 556.7 556.3 555.8 556 556.5 556.6 556.8 553.3 551.9 546.2 535.5 522.3 503.6 495.2 491.6 478.7 468 463.4 469.5 475.9 478.5 478 477.5 477.3 478.7 477.7 479.8 481.3 482.1 480.9 479.7 471.7 485.5 492.6 497 499.8 503.2 509.9 516.7 522.7 526.4 532.3 537 536.5 535 532.9 529.7 526 522.5 519.1 516 513.1 507.7 500.9 494.8 488.1 480.9 476.8 474.1 472.2 467.2 464.6 465.2 467.8 468.3
582.6 584.7 584.2 580.4 579.1 577 576.9 569.8 566.5 561.9 565.5 563 562 560.5 558.3 557.1 557.2 556.8 554.8 554.2 550.4 543.1 534.4 526.1 511.1 494 483.9 479 466.4 457.8 457 470.4 476.8 479.3 480.7 481.8 484.3 486.6 487.6 488.7 488.7 488.1 486.8 482.4 483 492 497 501.3 504.2 508.8 516.3 523.5 528.6 533 539.1 540.7 538.2 534.9 532.2 528.6 525.1 521.3 517.5 514.2 510.4 505.3 498.9 494.1 489.1 481 474.1 470.4 467.6 463.7 462 463.5 465.5 464
581 581.7 584.3 581.9 581.8 579.6 574.7 569.9 570.1 568 569.5 564.9 563.6 561.1 558.3 557.4 556.8 554.3 552.6 549.6 541.1 535 528.3 518.9 501 474 467 464.4 453.3 447.7 466.6 478 482.9 484.9 486.6 492.4 494 495.4 496.7 498 497.4 496.1 493.2 482.3 487.3 493.5 500.6 504.4 507.5 514 522.2 528.1 533.4 539 543.2 541.2 537.6 534.1 531 527.9 523.8 519.6 515.1 510.9 505.9 501.1 496 491.7 487.4 480.1 473.7 468.5 465 462.3 460.6 460.8 461.3 458.1
581.6 581.9 582.7 583.4 581.7 578.1 577.2 574.2 570.2 571.6 567.8 565.6 564.1 559.3 557.3 554.9 550.8 550.8 548.2 541.8 533.8 528.6 516.5 505.1 492.4 460 447.7 447.3 438.8 451.8 475.8 485.8 491.1 495.7 500 503.5 505.5 506.8 507.1 506.3 504.2 501.7 498.1 490.5 494.3 494.4 503.1 505.1 511 518.5 526.2 531.3 537 541.7 541.2 539.4 536.3 532.9 529.4 526.3 522.2 516.9 511.8 507.7 502.7 497.2 492.6 488.4 482.9 477.5 471.4 466.1 462.7 461.7 461.3 457.9 458.5 454.3
582.3 582 581.8 581.7 578.9 576.7 575.1 571.6 572.7 571.5 567.6 565.5 561.8 558.3 554.3 552.5 549.1 546.6 541.9 531.4 523.5 514.3 502 492 478.5 439.1 426.7 428.8 428.2 454.9 485.3 494.3 502.9 507.5 511.3 515.8 516.1 516.3 515.8 512.7 510 506.5 500.8 497.6 498.4 500.6 501 505.6 511.2 521.4 529.1 534.4 538.5 539.8 539.3 537.1 534.6 531.3 527.1 524.5 519 514 508.2 504 497.8 493.5 488.8 483.2 478.4 473.8 470.8 466.9 462.6 461.3 461.7 458.9 454 446.3
581.9 581.1 579.4 577.6 578 576.9 573.4 572.9 572.2 569.8 567.7 565.7 561.2 558.2 554.5 550 545.8 539.3 531.4 518.9 509.2 496.8 487.4 475.5 463.7 424.2 402.2 407.1 426.8 452 486.4 506.6 512.8 518.2 521.2 523.4 522.4 521.7 519.7 517.7 514.4 509.6 504.2 499.3 502.3 505.4 504.6 507.9 511.2 520.4 529.4 534.9 538.1 539 537.8 535.1 532.8 530.3 527.3 522.4 516.1 511.1 505.8 500.1 495.2 491.4 486.8 481.1 476 473 469.6 465.5 462.2 460.2 458.7 456.4 453.5 446
579.6 577.8 576.4 574.9 573.9 575.5 571.8 572.1 570.6 569 567.1 563.6 560.5 557.1 552.8 548.9 541 527.8 514.7 505.7 493.2 480.9 470.9 458.2 443.8 406.1 382.3 399.2 420.3 448.5 486.7 515.9 521.3 524.1 526.8 528 526.7 524.6 523.1 521.4 516.8 512 507.6 502.9 505.5 507 505.3 509.2 513.1 516.8 525 532.6 536.5 536.2 534.6 533.1 531.6 529.5 526 521.2 514.1 509 504.2 498.9 494.4 491 487 481.7 475.4 470.6 467.3 463.9 460 458.5 457.7 455.2 449.8 447
574.2 574.4 571.8 570.4 570.2 570.7 570.1 569 568.4 566.9 565.1 564 561.2 555.6 552.6 548.2 538 516.5 499.1 490.2 475.1 464.5 450.6 437.7 421.5 391.6 365.7 389.7 415.7 450.4 500.1 523.4 527.7 528.7 529.6 530.4 528.9 527.2 526.3 521.9 517.9 512.8 508.9 508.4 508.8 508 506.5 508.8 512.4 516 521.1 525.2 529 530 530.5 529.9 528.9 527.3 523.8 519.3 514.5 509.8 504.4 499.1 494.6 490.6 486.4 482.6 475.1 469.7 465.2 461.8 457.1 456.3 451.7 452.2 453.7 455
568.6 566.3 564.7 563.8 564.8 564.2 566.1 566.9 565.4 564.6 563.9 563.4 558.4 555.8 553.1 548.7 527.9 501.9 484 471.1 459.1 443.2 426.7 410.7 396.9 375.1 361.2 386.2 414.6 449.1 490.1 526.6 529 529.5 530.5 531.7 530.8 528.3 527.1 524.1 519.4 515.6 512.5 512.4 511.3 509.4 508.4 509 511.4 516.4 520.8 524.3 526.4 526.9 526.8 526.3 525.5 524.2 520.6 517 514.2 510.5 505.9 500.7 495.4 490.5 485.3 480.5 474.4 469.6 464.6 459.2 460.1 461.7 462.6 460.6 462 460.7
559.9 555.7 556.1 552.8 554.9 558.4 560.6 560.3 562.3 563.5 563.6 562.3 558.9 556.2 552.8 543.1 513.1 487.3 468.3 457.1 440.9 420.4 399.3 386.1 377.7 360.5 357.8 387.1 416.6 465.4 495.3 526.2 528.7 529.4 532.1 533 530.8 530.2 526.9 524.4 519.1 518 516.5 516 513.8 511.1 510.1 511.4 520 522.9 523.6 526.1 526.4 525.8 524.6 523.4 521.9 519.2 515.6 513.2 511.8 509.5 506.1 501.8 495.5 490.5 484.8 478.1 473.1 468.7 463.1 466.2 466.3 471.8 471.4 470.6 471.3 469.9
551.7 546 544.8 542.8 540.4 548.3 552.9 552.5 559.1 563.2 563.1 561.4 559.7 557.2 551.9 533.3 501.1 470.2 453 441.3 418.5 397.1 376 363.7 358.5 344.2 363.3 389.6 424.5 471.2 517.2 525.2 529.8 530.2 534.1 533.8 531 528.4 527.5 524.1 521.8 521.2 520.9 521.1 517.7 512.7 513.1 519.9 528 531.2 528.5 528.2 527.8 526.1 523.8 520.7 517.4 514.2 512 510.5 509.2 506.9 504.6 500.9 495.1 489.3 483.6 476.9 472.2 467.4 468.2 472.3 474.8 480.7 481.5 481.3 480.9 478.6
544.7 535.2 535.2 528.6 526.6 536.7 539.4 550.5 556 561 562.4 561.3 560.5 556.6 544.8 513.2 478.7 452.3 435.4 421.1 396.2 374.9 358.8 345.4 340.8 344.9 365.2 390.6 424.1 475.3 513.4 521.5 529.9 532.5 535.1 532.2 531.1 530.1 526.9 525.1 525.3 525.7 526.3 524 519.3 517.3 520.7 525.8 533.2 534.2 531.4 530.2 530 527.6 524.2 520.1 516.3 512.8 510.1 508.3 506.7 504.6 502.3 498.9 493.9 489.1 481.1 475.2 468.5 465.9 476.3 481.3 484.3 491.4 492.7 494.7 497.3 494.9
539.5 522.6 520 513.2 511.8 520.7 535 547.6 555.9 560.3 561.8 561.4 560 553.1 529 495 460.4 436.5 418.3 396.1 373.3 355.3 341.8 332.5 332.5 342.9 360.9 386 425.4 471.7 511.1 517.6 529.2 532 534.8 532.9 530.8 529.5 527 528.2 529.3 529.2 529.8 526.9 522.2 525.9 529.4 534.2 538.3 535.8 533.3 534.9 531.7 529 525.1 520.1 515.2 511.8 509 506.7 504.6 502.6 499.9 496.4 491.5 486.4 477.7 473 472.7 478.5 483.9 487.7 494.2 500 501.8 509 508.2 507.2
530.5 521.4 507 496.7 496.1 514.2 534.8 547.8 557.4 559.7 560.6 560.2 557.7 544.5 510.4 476.8 443.2 418.7 392.3 371.6 351 338 325.3 320.1 321.9 336 353.2 376.8 409.5 453.8 494.7 514.2 527.6 532.4 534.4 529.3 527.6 526.5 529.1 530.3 531.1 532.1 532.3 530.6 529.6 532.5 536 539.7 539.8 537.3 536.4 536 532.8 528.7 524.3 518.7 514.2 510.8 508.3 506.4 503.6 499 497.4 494 489 485.4 483.2 482.1 482.9 490.1 493.4 495 502.6 505.7 511.4 515.6 516.8 515.5
518.1 505.5 486.9 477.1 472.7 508.5 533 547.4 557.9 557.8 557.4 558.6 551 530.5 490.6 452.9 424.3 399 373.8 350.7 336.8 328.4 316.1 305.8 314.7 328.4 342.5 364 393.2 430 468.7 509.9 524.5 530 528.5 523.9 523.5 525.8 529 529.9 530.7 534.2 534.8 531.5 535.6 539.3 543.5 546.8 543.3 538.6 538.9 536.9 533.1 527.9 523.1 517.6 513.4 509.8 507.2 505.3 503.3 500.9 496.2 492.4 492.3 488.4 485.8 490.8 494.5 499.5 502.5 506 509 514 521.4 523.6 523.5 525.6
500.8 479.3 458.3 455.7 453.1 489.8 528.7 547.5 553.9 553.9 553.3 550.2 540.1 513.8 468.5 436.4 408.4 383.1 359.2 337.5 326.2 317 305.9 294.5 306.9 316.5 326.2 345 376.2 414.8 452.5 491.9 517.3 516.8 521.7 520.4 521 525.9 526.7 528 530.7 535.1 534.3 536.3 540.3 543.4 547 547.2 543.8 541.3 538.7 537 533.5 528.5 522.2 516.4 513.4 509.8 507.4 505.5 504 502.7 500 501.8 496.6 491.6 494.8 504 507.6 509.4 512.1 516.7 519.1 524 528.4 529.5 528.6 527.3
491.1 454.6 432.3 427 434.4 472.6 515.9 546.7 552.9 552 549.1 543.1 530.9 497.9 456.3 424.4 397 371.4 347.9 327.1 316 304.9 291.4 289.4 298.1 301.1 324 320.1 358.6 380.2 414.9 462.8 506.3 512 515.7 516.3 519.1 522 523.1 525.6 532.3 535.8 535 537.5 542.6 548 552.8 550.7 545 542.7 541.8 538.2 534 527.5 522.2 519.2 517.4 515.2 510.8 509.4 508.2 508.2 510.8 510.6 505.3 496.9 505.9 512.5 518.7 520 521.2 523.5 524.7 528.8 530.1 530 529.7 527.4
461.4 432.1 406.4 392.1 411.7 452.9 496.3 521.5 551.3 544.1 544.9 535.9 514.7 483.3 444.1 414.4 388 362.1 338.7 318 301.9 296.1 279.1 283.5 286 313 339.2 352.3 359.4 380.3 399 456.7 499.5 504.4 508.6 509.9 514.9 517.1 519.5 524.4 532.1 535.3 535.6 538.6 545.4 551.9 552.1 551.7 546.6 543.2 542.7 538.7 534.1 529.3 527.1 526.8 524.1 520.2 515.7 514.7 517.3 519.4 522.3 519.4 510.6 507.9 519.9 524.4 526.2 527.3 528.6 528.1 528.2 531.4 531.2 530.9 529 528
413.8 394.9 380.4 361.5 382.6 429.4 464.5 500.6 537.6 541.6 534.2 525.6 502.5 470.5 433.6 403.1 376.6 348.2 328.5 309 289 286.4 271.6 273.1 294.5 321 349.4 392.1 413 438.4 466.2 471 488.5 496 500.6 504.7 510.7 513.6 517.3 523.1 530.7 533.8 535.6 539.7 546 550.2 548.9 547.5 545.9 545.6 544.3 541.1 537.4 534.5 533.1 531.5 528.3 523.2 522.4 524.9 528.1 529.5 529.6 524.9 518.7 518.5 526.3 529.3 531.3 531.4 531 530.5 529.4 530.5 529.4 527.2 524 524
366.9 356 347 319.4 367.3 410 431.8 475.2 494.2 514.5 523.8 514.6 490.2 452.6 420.2 390.7 366 338.6 315.5 299.7 287.5 270.2 256.2 274.6 301.9 327.9 357.3 395.9 436.9 483.2 499.8 499.8 502.4 501.2 502.2 501.2 507.4 510.2 515.8 521.9 528.7 530.8 536.6 540.6 545 546.4 546.8 551.7 550 546.3 545.9 543.9 541.6 538.5 536.3 534.4 531.8 529.2 529.8 532.1 533.5 533.3 531.9 528.2 523.7 527.9 529.7 531.6 532.6 531.7 530.8 529.3 531.1 530.1 529.3 526.6 522.3 519.1
332.5 322.1 312.6 302.1 340.1 373.9 402.2 439 446.1 471.9 514 503.3 471.4 435.8 402.1 376.3 354 327.8 306.3 288.6 278.1 269.1 243.7 274.1 300.1 327.6 359.1 400.1 444.6 493.7 504.8 507.8 509.2 507.3 508.8 510.8 513.2 514.6 514.7 521.1 526.4 529.5 535.9 537.9 543.7 546.3 548.3 553.4 548.9 549 548 545.6 543.1 540.2 537.5 535.2 533.3 532.8 533 534.2 533.6 532.4 529.8 527.3 528.6 531.2 532.2 532.6 532.1 531.3 530 527.8 526.6 526 523.1 518.9 516.1 515.2
303.5 294 282.4 287.2 313.2 342.8 369.9 393.1 409.3 440 494.2 488 449.4 414 380.1 358.6 340.4 316.6 294.1 280 270.2 261 253.1 259.6 299.4 329.8 362.6 403 448.6 491.6 509.1 511.7 512.4 512 513.6 518.1 519.2 520.3 520.6 524.8 525.2 529.4 533.6 535.9 541.6 546.9 549.1 550.5 549.8 548.6 548.3 545.4 542.2 538 535.2 533.8 532.6 532.4 532.3 530.8 530.2 529.2 527.1 525.2 526.9 529.8 532.8 533.6 532 530.3 527.4 523.4 520 519.5 517.2 513.7 508.1 509.5
277.1 270.3 253.8 266.2 289.3 309.2 332 355.8 377.2 408.9 435.8 461.3 421.8 384.9 363 342.8 327.3 305 284.8 272.1 262.3 254.7 233.3 262.5 302.5 334.6 368.1 408.3 456.1 505.9 511.8 515.4 516.1 518.6 523.2 527.8 526.7 523.6 526.6 529.5 530 532.6 536.4 545 548 548 550 550.7 551 549.3 547.1 543.4 539.5 534.5 532.3 531.1 528.7 529.5 529.4 527.9 526.2 525.3 524 522.6 523.4 524.5 527.2 528.9 528.1 525.1 521.9 517.3 514.4 513.6 512.5 508 502.3 500
250.7 246.6 232.2 246.7 267 285.5 308.4 324.4 347 372.7 405.9 418.9 388 363.4 343.7 327.3 313.8 292.6 273.6 263.3 253.5 245.7 238.4 275 307.4 340.1 374.1 412.2 461.7 508.8 516.7 520.8 524.6 527.9 531.7 533.7 531.1 529.9 531.7 534.7 535.5 538.3 542.8 550.3 550.4 550.2 551.1 549.7 549.7 547.5 544.4 539.3 533.4 528.5 525.6 524.8 523.6 523.3 522.7 521.9 522.2 521.4 518.8 516.3 517.4 521.1 524.7 526.2 524.7 519.2 516.8 510.3 507.3 506.8 505.8 500.9 497.7 497.4
226.1 223 216.6 232.7 247.4 266.8 283 298.5 318.1 342.5 375.8 392.4 362.8 344.1 322.8 310.2 296 279.4 260.5 254.8 245.5 229.8 245.7 282.7 313.8 346.7 383.1 420.9 467.1 499.4 524.4 526.9 531.6 533.8 537.3 536.8 534.9 534.4 537.6 538.9 539.1 541.6 548.9 553.6 554.1 553 555.5 550.7 546.5 543.6 539.7 534.4 528.3 521.8 519.6 517 514.9 514.5 512.6 510.7 513.8 514.4 511.7 510.2 510.9 513.5 517.5 520.1 518.4 514.9 510.6 507.5 502.3 496.4 495.8 494.8 496.2 490.7
205.1 208.1 208.3 219.9 230.9 247.4 260.9 272.9 293.3 312.8 351.7 355.3 335.3 323 305.5 294.7 278.7 266.3 252.9 245.5 237.8 219.7 251.5 287.5 318 351 387.5 423.1 461.5 505.8 529.8 533.4 536.8 536.7 539.2 537.8 537 537.3 538.4 536.2 540.2 543.7 550.7 553.2 554.5 555.1 553.9 547.5 541.8 538.4 533.5 526.2 520.6 516.2 512.4 510.3 507 505.1 504.4 505.8 505.3 505.3 504.5 502.6 502.7 504.9 504.5 508.7 509.9 505.9 502.7 501.3 497.7 491.8 490.1 490.1 488.4 485.9
194.8 198.8 195 204.4 216 230.2 239.6 252.7 268.5 284.8 311 320.1 309.5 299.7 286.8 276.3 260.9 251 245.2 237.2 230.4 218.2 258.7 293.8 325.3 359.6 401.6 443.7 494.1 520 531.9 538.1 538.5 538.6 537.9 537.3 534.2 534.2 528.9 527 532.3 543 550.1 552.3 556.4 553.3 547.5 542.1 538 533.7 528.5 521.8 515.9 512.8 508.6 504.6 500.6 499.9 498.2 498.6 499.6 499.9 498.1 496.9 496.2 497.3 499.8 499.1 496.7 494.1 493.7 492.5 488.5 490.2 487.7 484.9 480.2 475.6
184.5 180.8 187.6 195.5 204.4 207.7 217.6 230.3 243.6 257.8 276.7 287.2 283.9 274.9 267.3 252.7 247.4 240.3 235.8 229 216.8 236.4 273.1 303.2 337.3 374.6 415 456.8 503.2 526.2 532.8 541.3 538.1 535.9 532.7 532.8 526.5 517.3 506.1 506.1 512.6 534 548.3 550.1 553.3 548.4 542.4 536.1 532.8 526.8 520.7 515.5 511.2 507.1 504.1 500.5 497.9 495.6 493.9 493.8 494.3 495.3 495 492.6 490.3 491.3 493.9 492.6 490.3 489.5 486.3 481.3 482.2 484.3 481.8 479.9 474 471.2
180 177.4 178.3 185.5 197.4 199.8 202.9 210.1 218.9 233.1 256.5 257.5 254.3 252.1 246 237.3 231.6 230.6 224.6 219 205.4 252.9 285.2 317.5 351 389.1 427 468.5 510.1 526.2 534.3 538.7 533.6 531.2 528 523.8 509.8 491.9 480.4 477.2 489.4 514 543.9 549.4 549.3 542 536 532.1 527.2 521.2 515.6 510.8 506.8 503.3 500.8 497.2 495.1 493.4 490.9 490.4 490.9 490.8 490.7 488.2 486.4 486 488.4 486.5 485 483.3 479.1 476.3 479.1 478.3 475.7 470.8 467.9 467.6
180.1 176.2 175.9 177 181.2 182.1 187.8 192.5 200.4 211.5 228.6 232.4 231.8 230.5 228.6 222.2 221.9 220.7 214.8 203.2 233.6 267.5 298.7 335.1 368.6 406.1 447 493.3 515.3 526.4 531.7 532 529.6 523.8 518.1 507.1 487.1 467.7 453.1 463.2 489.4 515.7 543.7 547.7 547.3 538.8 533.3 530 524.3 518.9 513.2 508.7 504.7 500.7 497.2 494.5 492.3 490 487.9 488 487 485.9 482.9 483.9 483.2 482.7 484.1 482.4 480.3 478 474.6 474 474.8 473.3 471.6 468.4 465.4 464.4
190.9 175.8 180.8 186.5 174.5 169.7 181.9 185 187.7 197.4 209.1 214 216.6 214.2 214.2 212.4 211.5 210 200.1 224.4 252.7 281 314.2 349.7 387.2 424.1 467.2 501.8 514.3 522.6 525.6 527.3 523.1 512 501.4 488.4 465.8 445.8 422.3 456.2 482.7 510.7 538 542.7 540.1 533.6 532.1 528.1 522.7 518.2 513.1 508.6 504.3 500.1 497.1 493.9 491 488 485.9 485.1 484.6 484.4 480.4 478.3 478.9 479.6 478.9 477.8 475.7 473.5 472.8 471.9 470.6 470.1 467 465 463.2 462.6
