Assets/StreamingAssets/GeoData/Data/sh/SH94.asc
ncols 200
nrows 200
xllcorner 290000
yllcorner 340000
cellsize 50
[rows 0 to 34 of 200, columns 0 to 77 of 200]
256.1 256.4 256.7 255.9 256.6 256.3 257.2 256.6 255.5 255.8 257.2 256.9 257 257.1 257.6 257.3 258.4 257.8 257.4 257.2 257.1 257.2 257.5 257.9 258.5 258.2 258.6 258.6 259.6 260.7 259.8 259.6 259.1 258.8 260.5 261 261.2 261.7 262.6 261.6 262.2 262.1 261.7 261.8 262.2 263.6 263 263.9 263.8 263.6 264.5 265.8 266.1 266.8 267.1 269.5 269.7 270 269.9 269.7 269.8 268.7 268.5 268.7 268.6 268.2 267.6 267 267 266.9 266.7 266.8 267.4 268 268.8 270.7 271 271.8
256.3 256.8 257.4 256.7 257.3 257.2 257.9 257.4 257.1 257 257.3 257.9 257.1 257 257.8 257 256.2 256.6 257.6 257.6 257.7 256.9 258.1 257.6 259.2 258.2 258.6 258.1 258.7 258.2 258.9 258.9 260.9 261.6 264 265.4 265.3 264.6 264 262.9 262.3 262 262 262 262 262.2 262.4 263.5 263.4 263.4 263.5 264.7 266.1 267 268.3 270 270.3 270.1 270.4 270.4 270.7 269.5 269.4 268.9 268.6 268.3 267.7 267.2 266.9 266.6 266.7 266.5 266.8 267.4 268.6 269.8 270.5 271.6
257.4 257.5 257.6 257.5 258 258 258.5 258.2 258.2 259.2 259.1 258.9 257.6 257.7 257.3 257.5 257.6 257.2 257.7 257.9 258 258 258.3 259 258.9 259.5 259.1 258.4 258.6 259.3 260.1 263.1 266 271.4 269.6 269.1 268.1 266.3 265.8 265.4 263.4 262.9 262.9 262.7 262.7 263 263.8 263.9 264 264.2 264.6 265.7 266.9 268.2 268.8 269.3 270 270.8 271.2 271.1 271 270.3 269.6 269 268.7 268.3 267.8 267.5 267.5 267 267.1 266.8 266.5 266.8 267.9 268.8 269.8 271.3
258.2 258.2 258.2 258.3 258.6 258.9 259.1 259 259.3 260.3 261 259.5 258.8 257.9 257.8 258 258.2 258 258.3 258.6 258.8 259.1 259.9 260.7 259.2 259.8 259.2 259.1 260.3 262.1 261.6 263.3 265.4 270.5 270.7 271 268.7 267.7 267.7 267.5 266.4 264.6 263.8 263.6 263.5 264.4 265.2 267 266.7 265.8 266.2 267.7 267.6 269.1 269.6 270.5 271.4 272.2 272.4 271.3 270.9 271.6 272.7 271.8 269.4 268.4 270.2 272.2 271.4 267.7 267.3 267.1 266.8 266.5 267.2 268.6 269.9 270.8
259.5 259.5 259.5 259.3 260.7 260 260.4 260.9 262.3 263.5 263 262.7 262.2 261 260.3 258.8 258.8 258.7 258.9 259.6 260.2 260.4 261.1 261.8 260.6 260.5 260.5 260.2 263.4 268.6 266.3 266.7 269.2 269 271.1 272 271.6 270.8 271 270.2 268 265.4 264.7 264.3 265.2 267.8 269.3 270.9 270.1 267.8 269.4 271.4 269.5 270 271.2 273.4 275 275.9 277.3 273.3 274.2 274.9 275.6 274.3 274.3 273.2 274.6 274.7 272.8 267.7 266.9 266.1 265.8 265.8 266.9 268.8 270 270
263.4 262.1 260.5 260.3 260.7 262.2 263.9 266.1 266.7 266.1 265.9 266.4 266.3 265.4 264.4 262.7 261.6 261.6 260.8 261.3 261.8 261.7 262.4 262.8 261.8 261.8 261.7 261.5 262.9 269.9 273.1 274.2 273.6 272.9 273.4 274.4 276.1 276 276.2 273.9 268.1 267.1 267.8 266.6 266.9 269.5 271 274.7 275.2 273.4 273.9 275.4 276.7 272.3 275.9 278 279.6 279.6 280.9 283.3 282.5 280.3 279.7 276.8 275.4 276.6 275.2 274.8 270.7 268 267.6 266.2 265.6 265.5 265.9 267.4 268 266.8
270.4 267.8 262.9 262.3 263.7 265.2 268.3 270.1 270.9 270.8 269.9 270.3 269.9 269.1 266.9 266.5 266.1 265.1 263.5 263.3 263.4 263.6 263.1 263.3 263.4 263.4 263.3 264.5 268.2 270.8 274.3 275.4 278.9 279.2 276.7 276.2 279.3 280.5 279.7 277.3 272 269.2 270.9 270.2 269.1 270 271.1 276.4 278.2 279.9 280.4 281.8 282.3 278.9 280 282.5 283.7 285.7 286.2 287.8 288.2 285.2 280.5 278.3 280.2 279.6 277.3 275 272.1 268.4 267.7 268 266.9 266.1 266.4 264.1 265.6 264.8
274.4 268.2 265.1 265.9 268.6 268.9 271.2 273.9 275.4 274.2 276 274.9 274.7 272.3 270 269.9 269.8 268.2 266.6 267.7 266.4 266.6 265.8 265 266.2 265.8 265.5 266.8 271.6 274.7 277.1 282 284.2 284.2 281 283.7 282.6 282.9 282.5 278.6 275.5 273.8 276.2 275.7 272.8 274.9 274.2 276.5 281.3 283.2 286 285.8 286.4 287 286.4 286.3 287.6 289.8 290.7 291.4 291.7 290.1 284.4 283.4 283.4 282.5 280.4 277.1 272.7 269.7 269.8 268.1 267.4 266.9 268.8 265.5 263.9 264.3
276.6 270.4 268.2 270.6 271.8 271.6 274.7 277.3 280.2 279.2 281.8 281 281.1 276.6 273.3 273.2 273.1 272.6 270.7 271.6 272.6 271.8 269.2 267.7 268 267.8 267.2 269.1 273.7 277 280.4 284.8 285.9 286.7 284.9 287.3 289.6 289.3 288.6 284.3 283.3 281.6 279.6 280.1 277.8 280.5 279.9 278 284.1 287.6 289.5 291.6 291.3 292.6 292.6 292.2 291.7 293.9 294.7 295.1 295.4 294.4 289.5 287.4 286.3 285 283.9 280.9 276.1 272.2 270.3 269.3 268.6 269.4 269.8 268.1 266.2 264.9
281.5 277.4 274.4 272.1 275.2 275.1 276.8 281.4 284.2 286.2 289.2 287.8 286.2 284.3 279.4 277.1 276.1 276.9 274.9 275.4 276.9 276.7 274.4 272.1 270.8 270.4 269.8 271.9 276.8 281 284.1 287 289.7 289.2 290.4 291.2 292.3 293.7 293.5 292.7 290.1 286.7 284.8 284.6 281.6 283.5 283.6 280.7 285.1 290.1 292.1 294.4 297 297.5 296.9 296 297.1 301.5 299.8 301.4 302.1 298.3 294.1 291.4 289.6 287.5 286.6 283.3 279.9 275.1 273 272.6 270.8 271.9 269.1 268.1 265.8 265.5
290.7 285.3 282.4 277.9 277.1 277.3 285.8 289.3 290.2 293.9 294.6 294.3 291.7 292.2 290.7 282.2 280.6 281.2 280 279.7 280.6 281 280 275.9 276 274.5 274 275.3 281.6 285.6 288.6 291.2 293.1 293.7 296.3 294.8 295.2 296.7 297.3 296.4 294 292 289.3 288.2 286.7 287.4 288.4 290 288.3 293.1 295.2 298.2 301.1 302.3 300.3 300.6 304.1 306.5 307.3 308.5 308.1 306.3 298.9 295.4 293.4 291.9 288.3 285 281.5 276.4 275.6 276.2 275.9 274.7 269.5 265.9 265.3 265.3
297.8 294.5 292.8 289.1 288.8 290.5 292.7 295.6 299.1 300.2 300.8 301 299.4 296.3 296.4 294.2 290.6 290.3 289.6 288.7 287.9 288 284.6 285.4 284.2 282 276.5 282.4 288.5 291.2 294.2 296.1 296.8 298 299.6 299.2 300 301 300.7 301 299.8 295 293.4 292.3 292.2 291.9 294.3 295.3 295.4 296.2 299.1 302.9 305.9 307.3 308.4 309.4 310.5 311 312 313 312.8 310.3 303.7 300.5 297.3 295.5 290.9 286.6 282.9 277 278.9 281.1 281.6 277.6 268.4 265.7 265.1 264.3
305.4 303.7 302.7 300.9 298.7 298.3 299.3 302.3 305.1 307.3 306.9 307.6 307.3 304.9 301.6 302.3 302.4 301.6 301.7 299 295.7 296.4 293.9 292.1 290.5 288.7 285.2 291.5 295.7 297.1 300 301.5 303.1 302.1 303.6 304.2 304.9 306 305.8 306 305 301.6 299.7 299.4 300 299.5 300.3 301.2 300 297.8 305.7 309.5 312.5 313.6 314.2 315.2 315.7 315.3 316.3 315.6 315 313.1 308.1 304.4 301.4 299.1 297.4 293.3 284.8 278.9 283.6 286 286.2 281.6 270.3 266.8 265 264.4
315.7 315 313 308.8 306.5 306.4 307.7 309.3 311.1 313.4 315.4 315.9 315.5 310.8 311.2 308.5 309.7 309.9 309 306.3 303.8 303.4 303.1 301.2 296.5 298 297.9 299.8 303.6 305.1 305.3 307.8 308.7 310.9 310.9 310.6 311.9 314.5 313.1 311.7 310.2 308 304 305.4 307 307.9 304.8 304.8 304.7 299.8 308.3 311.5 314.3 316.3 318.4 319.7 319.8 319.5 318.9 318.3 317.3 315.5 313.7 311.1 307.1 304.1 302.5 298.9 288.1 287.3 290 290.8 289.4 284.7 275.4 269.3 267.1 265.8
323.8 321.3 319.9 315 313 312.3 313 314.8 316.5 318 320.8 320.9 321.6 320.9 319.7 318.7 317.3 317 314.6 311.6 310.6 308.2 309.1 310 309.6 307.6 307.4 304.6 309.2 311.2 311.7 315.4 316 317 317.7 317.9 318.6 319.4 320.9 320.2 315.3 313.5 312.6 313 313.2 312.6 311.3 310.3 308.6 305.7 307.9 312.3 314.8 316.4 318.6 321.5 322.5 322.4 322.6 321.9 320.9 320.1 317.1 315.3 313.5 310.7 306.8 298.5 291.1 294.3 295.7 296.3 293.8 288 280 272.8 270.8 269.4
330.9 328.2 324.3 321.4 319.3 318.7 319.1 320.8 322.3 323.9 325.1 325.9 327.2 326.6 325.2 325.5 323.3 321.8 319.3 317.6 315.9 314.2 314.5 316.1 316.4 315 313.5 313.2 314.9 316.1 319.1 319 319.7 322 324.2 323.4 324.2 325.2 326.9 326 321.1 319.2 318.2 319.8 319.4 318.7 316 313.7 310.6 306.7 306.6 313.2 316.1 317.9 319.6 322.1 323.7 324.9 326.1 325.8 325.1 324.7 322.4 321.2 318.4 314.6 309.5 298.9 298.4 300.7 301.6 300.3 296.8 293.5 289.2 280.5 275.3 273
336.1 333.3 329.2 326.9 325.4 325.3 326 326.9 327.9 328.1 331.1 332.9 333.7 332 331.5 331.4 329.5 326.4 324.2 323.4 321.9 320.6 321.4 321.9 321.9 320.7 316.7 319.9 320.8 322.1 323.3 325.2 324.3 327.3 329.2 328.8 330 331 332.9 331.9 329 326.5 323.7 325 323.7 322.8 320.9 317.9 312.7 308.9 309.6 312.3 316.8 318.3 320.4 322.4 324 325.8 328 330.1 329.3 329.3 326.6 322.9 319.5 315.3 310.4 302.2 302.9 305.1 306.5 303.7 299.9 296.9 292.4 284.4 279 276.5
339.7 337 334.2 332.1 332.3 332.2 333.4 333.1 333.9 335.5 335.4 338.2 338.6 337.5 337.2 336.3 334.3 333.3 330.3 329.6 329.6 328.3 325.9 327.2 327.4 324.1 324.6 326.5 326.7 327.9 328.5 329.9 332.3 331.1 332.8 333.8 335.1 336.4 338.7 337 334.5 330.9 330.3 329.4 328.2 327 325.2 321.3 318.6 314.4 312.1 314.5 316 319.1 320.8 322.7 324.4 326.2 328.3 330.9 331.4 330 327.2 323.3 318.7 314.5 308 305.7 306.4 308.7 310.5 306.9 303.3 300.5 296.8 292.6 285.7 279.9
342.4 340 338.7 338.7 338.8 339 339.2 339.3 340.4 341.3 342.2 343.3 344.2 343.1 342.2 341.1 339.7 337.2 335.5 336.9 337.1 333.4 334.9 335.5 331.8 330.3 332.6 334.4 334.3 335.4 335.5 335.9 337.2 337.7 337.4 338.6 340.2 342.7 341.8 339 335.8 333.8 333.5 333.6 332.8 331.4 329.8 324.8 321.7 317.3 314.1 315.8 316.9 319.2 321.2 323 324.8 326.6 328.5 330.3 329.8 328.7 326.4 323.5 317.6 316.7 314.2 309.2 308.8 311.5 313.4 310.7 307.8 304.8 299.9 295.5 289.5 283.9
344.8 344.4 343.7 343.3 343.8 344.3 344.4 345.2 346 346.5 347.1 347.8 348.7 348.8 347.7 347.3 346.6 345.6 344.7 344.2 343.5 339.5 339.5 337.7 339.1 340.5 340.8 340.6 341.9 341.7 341.9 342.1 342.2 342 343.7 344.6 345.5 344 341.8 339.3 338 337.6 336.7 335.9 336.4 334.9 332.3 329.2 325.6 319.6 316 317.1 318.2 319.3 320.1 323 324.9 326.8 328.3 328.1 328 326.9 325.2 320.6 322.1 321.3 318.9 311.3 311.8 314.4 316 314 312.6 309.5 303.6 299.9 296.1 287.2
348.9 348.5 348.7 348.9 349.8 349.5 349.5 350.3 350.9 351.5 352.1 352.8 353.5 354.3 354.3 353.8 352.9 352.1 350.9 350.8 350.2 345.8 338.7 345.6 347.9 347.1 345.6 346.9 348.3 348.9 348.6 348.3 348.4 348.1 346.8 347.3 346.4 344.5 342.2 340.7 341.5 341.3 340.7 339.7 339.5 337.4 334.7 332.1 327.9 321.4 318.1 318.6 319.7 320.6 321.4 322.4 324.7 326.6 326.7 326 325.8 324.7 323.3 324.5 325.3 325.7 322.3 315 313.8 317.1 319.1 318.4 316.8 314.1 310.3 305.2 300.5 293.2
352.9 353.5 353.9 354.5 354.8 354.4 354.5 355.1 355.7 356.4 357 358 359.3 359.2 359 358.5 357.8 357.3 356.8 355.9 353.4 345.8 346.4 352.1 352.6 351.4 351.2 353.5 354.5 355.1 354.9 354.5 354.1 352.8 351.3 349.8 348.6 345.4 343.5 343.6 345 344.8 344.4 343.8 342.4 339.7 337 333.7 328.5 323.8 321.3 322.1 321.7 322.2 323.4 324.5 324.9 326.1 325.9 325.6 324.9 325.3 326.5 327.9 328.9 328.2 324.2 316.2 314.6 318.9 322.3 323.2 319.7 317.1 314.4 310.9 307.9 299.6
357.3 358.3 359.1 359.6 359.7 359.5 360.2 360.2 360.6 361.6 362.7 363.5 364.2 364 363.4 362.2 361.5 360.6 359.2 357 351.3 345.4 353 355 355.9 356.1 357.2 358.6 359.2 359.3 358.9 358.6 358.2 356.9 355.3 353.4 351.5 349.1 347.4 347.2 348.5 348.4 347.7 346.1 342.8 339.7 337.4 332.9 329.1 328.4 326.6 325.1 323.9 324.7 326.7 327.2 327.3 327.5 327.5 327.7 329.2 330 330.2 330.1 329.6 328.3 326.1 321.2 315.7 319.8 323.2 325.9 324.2 321.9 319.5 316.4 312.3 306.2
364.3 363.8 365.1 364.8 364.7 364.7 365.7 366.1 366.8 367.7 367.9 368.6 368.8 368 364.8 365 364.4 361.6 358.3 353 351.1 350.4 358 358.4 359.2 361.2 361.8 362.5 363.2 363.3 362.9 362.3 361.8 360.9 359.2 356.5 355 353.8 352 352.6 352.7 351.7 349.8 346.9 343.5 340.1 335.4 333.8 333.8 332.7 330.2 327.8 328.3 329.1 330 330.1 329.8 329.2 329.6 329.8 331.6 332.8 332.7 333 333.8 332.7 332.8 329.8 323.8 319.2 321.4 326.4 328.7 326.5 323.8 322 318.5 312.5
371 371 371.2 370.2 370.1 370 371.2 372.2 372.4 372.6 373.1 373.5 372.7 371.3 367.6 363.4 360.8 359.1 361.3 362.4 359.2 357 361.7 361.9 363.9 366.1 365.6 366.6 367.2 366.9 366.5 365.5 365.1 365 363.5 361.1 361.2 359.4 357.3 356.8 355.9 354.3 351.2 347.8 344.3 340.1 337.5 336 337.2 335.9 332.4 332.3 332.8 333.2 332.8 332.7 331.6 330.9 332.1 332.5 334.1 335.3 335.2 336.2 337.1 337.8 337.1 336 333.7 327.6 322.5 328.4 332.1 330.9 329.5 328.3 327.4 325.8
377 377.1 377.2 377 377.3 377.2 377.5 377.6 377.4 377.6 378 377.1 375.2 371.3 368.3 367.3 369.5 369.5 369.4 366.8 359.5 364.8 365.3 366.9 369.1 370.2 370.4 369.5 370 369.8 370 371.2 370.6 369.1 369.1 366.8 366.9 365.3 363.5 360.7 359 356.6 352.3 348.6 344 343.1 342 339.2 340.4 338.5 336.9 336.9 336.5 336 335.5 335.2 333.5 333.4 334.2 335.1 336.3 337.6 338.3 339.5 340.1 340.2 340.3 340.3 338.5 335.4 330.1 329.3 332.6 335.7 334.4 334.2 333.8 331.5
383.1 383.2 382.8 382.6 382.8 382.9 382.8 383.1 383.3 382.8 381.8 377 374.9 375.8 376.1 376.2 374.7 372 370.3 365.8 366.3 369.8 369.5 371.9 373.7 374.5 372.8 373.7 374.1 373.3 373.5 374.8 374.9 374.7 373.9 372.9 371.4 370.1 367.9 365.1 362.2 358.6 352.3 348 348.7 347.8 346.6 343.3 342.8 341.2 341 340.8 339.9 339.1 338.6 337.7 336.1 336.5 337.2 337.6 338.5 339.9 341.3 342.3 342.9 343 343.2 343.3 342.4 341.1 339.1 335.2 336.2 339 339.9 340.2 338.9 336.2
389 388.9 387.9 388.2 388.3 388.3 388.1 388 388.2 386.8 382.9 375.9 382.2 382.2 379.2 376.1 372.8 369.4 367.9 370.1 373.1 374.1 374.1 376.2 377.6 378.1 376.8 378 377.2 376.4 377.6 377.9 378.2 378.5 378.3 377.6 376.4 374.5 371.7 368.2 363.9 358.8 351 351.8 352.6 351.9 349.7 346.9 346.2 345.9 344.9 344.7 343.6 342.1 341.4 340.4 339.2 339 340.3 340.2 340.8 342.7 344 344.8 345.6 346 346.2 346.1 345.4 345.6 343.9 343.1 342.4 343.3 343.5 344 342.1 338.6
394 393.2 393 393.5 393.1 393.8 393.6 393.2 391.5 387.4 383.4 382.5 383.6 381.2 381.9 382.4 379.2 374.4 378.3 378.8 377.8 377.8 378.3 379.4 381.2 380.3 380.7 380.3 379.5 379.3 380.3 380.8 381.3 382.4 382.6 381.6 379.6 377.8 374.1 369.6 364.5 353.9 356.9 358 357.2 355.2 353.3 351.7 350.8 350.8 349.5 348.6 347.3 345.7 344.3 343.1 342.8 342.8 343.2 343.6 344.6 345.5 346.5 347.3 348.1 348.9 349.2 349 348.8 349.3 347.9 347.2 347.2 346.4 345.9 345.6 342.5 338.5
398.3 398.4 398.2 398 399 399.2 397.2 394.9 395.3 395.1 393.2 392 387.1 388.1 389.4 387.3 380.9 384.2 385.1 383.9 382.5 383.1 383.6 383 382.7 382.1 382.6 382.6 382.1 382.4 383 384.4 385.4 386.4 385.9 384.3 382 379.4 375.7 371.5 360.1 363.8 362.4 362.5 361.1 358.4 356.8 355.6 355.5 355.6 354.5 353 351.2 350 347.9 346.6 346.3 346 345.5 346.8 346.8 348.3 350.2 350.9 351 351.3 352.1 352 352.5 352.9 352.2 351.6 351.1 350.5 349.2 346.4 342.4 337.3
401.8 402.9 403.4 403.8 403.5 401.5 401.3 402.8 401.4 400.9 398.4 394.8 396.2 395.4 392.9 387.8 388.7 390.8 389.4 388.5 387.6 388.1 388.4 387.9 386.7 386 384.1 384.2 385.3 387.5 388.7 389.1 389.1 389.2 387.6 385.9 383.4 380.9 376.3 372.3 366.7 368.1 367.5 366.7 364.3 362.4 361.1 360.2 360.2 360.3 359.2 358 355.4 354.1 351.6 350.3 349.5 348.2 349.7 350.2 350.7 351.1 353.4 354.6 355.4 355.5 355.6 355.9 356.3 356.7 357.5 357.1 355.6 354.1 352.4 348.1 340.8 334
405.4 406.8 408.5 408.1 407.4 405.9 408 407.5 406.6 404.7 403.2 401.2 399.5 396.4 396.1 395.6 395.7 395.3 393.7 392.6 392.6 392.9 393.2 392.4 390.8 388.6 385.9 386.6 389.1 392.2 392.6 392.3 392.1 391 389.1 386.9 383.9 381.2 377.1 373.7 373 373.5 373 371.2 367.9 367.9 366 365.1 365.1 365 363.7 361.5 359.4 355.3 355.3 355.3 355.3 351.6 352.6 353 353.5 353.9 356.2 358 359 359.9 360.5 360.5 360.9 362.3 363.4 362.1 359.3 355.8 351.9 346.6 339.2 332.2
407.7 409.5 411.1 410.8 410.2 412 412.1 411.6 410.5 408 407.2 406.3 404.6 402.1 401.2 401.5 400.4 399.7 399.1 398.8 399.1 398.7 397.6 395.5 392.2 388.6 386.7 388 393.1 396.2 397 396.2 395 393.4 390.9 388 384.7 382 379.7 378.7 378.8 378.6 377.4 374.9 374 373.5 371 369.8 369.9 368.4 367.4 364.8 363.5 360.9 359.9 358.7 357.7 355.8 355.4 355.8 357.4 357.6 358.6 362 363.2 364.7 364.6 365.6 365.9 367.9 366.7 365.2 361.3 357 352.2 346.8 340.1 332.9
409.7 410.9 412.2 411.8 412.2 415.2 415 415.7 414.2 414.3 413.2 411.3 408.2 407.1 406.6 406.5 405.4 404.6 404 403.1 402.9 403.2 399.9 397 393.2 389.2 388.3 392.1 395.4 398.1 398.7 398.7 397.3 395.5 392 388.3 384.3 381.7 380.7 381.6 381 382.1 380.7 379.3 379 377.4 376.2 375 374.3 373.4 371.6 371.4 369.7 367.3 365.2 363.1 362.2 359.7 358.2 358.4 361.1 361.8 366 367.1 368.2 369.7 368.5 369.6 371.9 372.1 370.6 366.5 361.2 356.6 351.5 345.8 338.4 331.1
410.9 412.2 414.1 414.1 415.7 417.6 418.6 419.7 419.2 417.3 415.8 413.9 412.9 412.3 411.6 411 410.3 409.7 407.1 404.4 404.4 404.5 401.7 397.1 392.4 390.6 389.6 392.4 395 395.7 397.3 396.4 395.3 393.6 390.7 387.1 383.6 381.3 381.7 382.3 382.7 384.3 383.8 383 382.9 381.7 380.5 380.4 379.5 378.5 378.3 377.3 375.2 372.2 369.3 367.5 366.1 363.2 361.6 363.9 364.2 367.6 367.6 369.4 373.3 373 372.6 372.3 373.6 373.3 370.6 364.2 359.8 355.2 349.8 342.3 334.6 328
