Assets/StreamingAssets/GeoData/Data/sh/SH97.asc
ncols 200
nrows 200
xllcorner 290000
yllcorner 370000
cellsize 50
[rows 108 to 143 of 200, columns 81 to 161 of 200]
118.8 119.9 123 125.8 127 127 131.3 135.2 141.1 146.9 146.4 146.2 149.6 153.2 155.3 154.4 153.4 152.3 151.7 151.7 153.6 154.9 155.5 155.4 155.9 157.9 157.2 158 159.8 160.3 159 156.5 156 157.8 158.5 157.5 155.8 153.6 152 151.8 152.8 155.1 157.3 158.6 162.5 165.9 165.2 161.5 151.9 157.1 160.9 161.4 160.9 159.7 158.5 154.2 151.7 148.2 147.5 145.8 148.1 148.3 146.5 145.9 144.1 145.9 149.2 149.4 150.5 155.3 159.2 160.9 157.5 151.6 145.3 139.4 135.1 132.5 130.5 128.8 127.1
123 124.6 126.9 130.7 132.1 131.3 133.3 138.4 143.9 149.3 149.7 151.1 153.4 156 157.8 158.9 158.2 155.1 154.3 154.5 156.5 158.2 157.9 157.3 158.8 158.6 158.4 158.8 160.1 160.1 159.1 157 158.7 159.9 160.3 159.1 156.7 155.6 155.6 155.8 158 159.8 160.6 162.7 164.5 167.1 166.1 162.9 158.8 163.9 165.6 163.8 164.6 165.6 164.6 162.8 160.8 157.9 154.9 149.7 150 149.6 149.1 150.4 148.9 144.6 145.8 146.7 150.9 155.7 158.9 159.3 158.6 154.2 148.9 144.4 140.3 138.3 135.4 132.8 131
127.8 126.7 131.6 135.1 137 137 136.6 142.5 148 151.2 152.3 155.3 157.7 159.2 160.5 162.7 162.8 158.1 156.8 161.5 162.5 163.1 162.8 162.1 161.8 160.6 160.4 161.2 162.8 161.6 160.4 159.5 160.7 161.3 162 161 159.9 159.6 159.5 161.3 163.7 164.3 163.2 165.3 167 168.4 167.4 165.2 162.6 166.2 166.1 165.6 164.9 168 170.7 169.7 166.8 163.9 159.6 154.7 153.2 153.2 153.8 154.6 154.4 151.7 144.8 144.3 148.6 152.6 156.1 157.9 158 157 152.8 148.5 145.3 143 139.8 137 134.9
132.5 133.9 136.9 141.2 142.5 141.7 139.3 144 149.3 152.3 155.6 157.6 159.5 161.3 163.3 166.9 165.4 160.6 162.7 167 169.1 170.4 169.7 168.7 167.5 165.5 164 165 164.8 163.7 162.8 162.8 163.1 163.6 163.9 163.6 164.2 163.7 163.6 166.1 167.5 166.1 165.6 167.3 169.3 169.7 168.8 165.5 165.3 167.1 165.3 164.3 165.9 168.8 171.1 171.1 169.6 165.1 161.2 155.7 153.9 154.9 156.2 157.7 156.9 154.3 149.1 143.7 145.5 149.5 153.7 155.9 156.8 156.7 155.7 152.2 149.3 146.9 143.9 141.7 139.1
136.5 138.7 143.8 146 146.2 144.9 143.2 145.7 149.5 153.5 157.7 160.1 161.9 164.2 167.4 170.4 165 165.4 169.1 172.6 175.4 177.5 176.7 177.3 173.5 170.7 169.2 170 170.1 168.4 166.6 166.2 165.9 166.6 166.6 166.6 167 166.6 167.7 169.2 168.6 169.4 167 168.4 168.8 168.6 167.2 165.2 166.6 168.1 165.7 163.8 165.4 169.6 170.9 170.9 168.6 164.5 160.7 156.1 153 154.9 157 158.3 157.5 154.7 151.8 146.8 143.6 147.1 150.7 153.5 154.9 154.9 155.1 154.1 151.1 149.2 147.4 146.2 143.5
140.2 137.7 146.2 147.8 147.9 148.2 148.2 147.8 150.7 155.7 159.8 162 164 167.4 171.7 169.9 170.5 172.1 175.4 179.5 182.8 185 186.8 185.2 182.2 182.7 181.3 178.2 175.1 173.9 171.5 171.2 171.2 170.9 171 171 170.1 170.5 171.6 171.9 170.9 170.8 169.5 168.1 167.8 166.9 166.4 165.8 166.4 166.6 165.2 165.8 167.1 169.2 171.1 169.4 165.4 162.1 158.7 154.8 152.2 154.3 155.8 157.1 156.4 154.3 152.1 150.8 146 144.4 148.9 152.6 153.3 153.6 153.4 154.3 152.1 150.6 147.9 148.7 147.2
145.4 145.6 139 146.9 149.7 150.6 150.9 149.9 153.2 156.7 161.2 164.7 166.9 171.2 172.9 171.6 174.5 176.9 179.1 184.3 189.9 192.6 197.3 192.3 191.2 193.4 191.4 184.5 182.9 181 179 177.9 177.8 176.3 176.5 178.5 177.3 177.7 176.3 175 172.7 172.6 172.2 168.9 167.9 166.8 166.5 166.3 167.2 167.5 166.7 166.7 167.5 169.2 168.6 166 162.8 159 156.3 152.7 152 152.6 154.7 155 154.2 152.8 151.7 151 147.6 142.3 146.4 150.5 151.1 151.8 153 154 153.9 152.1 149.5 148.6 150.1
148.1 149.5 147.2 145.1 149.8 152.3 152.9 151.1 154.1 157.6 163.4 166.5 170.7 174.4 173 175.8 177.9 180.2 182.7 189.4 195.7 199.2 201.9 199.1 200 202.9 198.8 192.5 191.8 190.1 186.8 186 184.7 185.1 184.5 185.8 185.7 184.3 181.3 178.4 174.9 174.6 173.6 171 168.6 167.7 166.6 166.1 167.3 168.2 166.4 166.5 167.6 168.1 166.6 163.5 160.3 157.2 154.2 150.7 150.6 150.9 151.5 152 152.6 152 152.3 150.6 146.8 142.7 143.2 147.8 151 151.3 151.4 151.5 152.2 152.6 152.4 152 152.4
150.5 152.1 150.3 145.4 149 152.7 154 154.2 156.3 160.6 164.9 169.4 173.5 174.5 174.3 178.4 181 183.2 187.2 194.1 200.9 205.2 205.5 205.5 207.4 206.6 204.4 201.7 201.6 201.3 199.8 197.9 196.1 194.4 194.2 192.8 192.1 190.2 186.3 179.5 175.6 174.3 172.2 171.8 171.4 171.1 167.6 167.3 168.5 167.3 165.8 165.3 166 166.3 164 160.2 157.3 154.1 151.2 147.6 145.5 146.9 146.5 147 147.8 149.4 149.9 148.7 146.5 142.6 140.2 145.3 149.9 150.6 150.1 149.7 150.9 151.2 152 152.9 153.4
152.6 152.8 151.6 149.2 148.3 151.9 154.7 156.5 158.2 162.3 166.7 170.5 174.6 175.3 177.5 180.1 183.4 185.9 190.1 196.5 205.3 208.9 209.1 210.4 213.6 212 209.5 210.1 211.1 210.8 208.6 205.5 204.8 202.6 201.4 199.1 197.5 194.1 189.6 180.8 177.1 177.3 177.1 176.6 175.5 175.2 172 169.2 169.2 167.1 165.8 163.9 163.4 162.8 160.2 157.3 154.4 151.4 147.6 144.8 142.7 141 140.5 141 142.3 145.7 147.9 146.6 146.2 144.3 139.7 145.3 151 149.6 148.7 148.2 148.3 148.4 149.3 150.4 151.7
155.2 153.7 152.6 151.5 150.6 152.2 155.1 158.5 160.1 164 168.4 172.4 174.7 176.2 179.4 182.3 186.2 189.6 194.2 199.9 206.5 212.5 213.8 216.2 219.8 217.3 217.6 217.5 217.9 217.6 216 213.2 212.5 210.5 207.8 204.9 201.6 197.4 192 183.3 179.7 180.8 180.7 181 180.5 178.8 177.2 171.8 170.4 168.5 166.4 163.8 161.7 160.2 157.6 154.6 151.2 147 142.9 140.4 138.7 136.6 135.3 135 136.7 141 143.3 143.5 143.3 139.9 138.9 144 148 148.5 147.2 147.1 146.6 146.1 145.8 146.5 147
157.9 155.8 154.8 153.5 150.6 154 158 161.2 162.3 165.6 169.9 173.8 175.9 178.4 181.9 186.8 190 194.7 200.6 205.5 211.6 216.4 219.4 221.4 223.5 223.2 223.6 222.5 224.3 223.5 221.3 220.9 219 216.4 212.6 208.9 204.3 199.8 192.4 183.5 183.4 185.2 185.4 185.4 184.4 182.3 179.9 176.3 173.2 170.3 167.7 164.5 161.2 158.6 154.5 151.6 148.7 145.5 144 142.3 138.5 135.5 133.8 133.1 132.9 135.5 138.6 139.8 139.9 133.7 140.1 144.9 146.8 145.5 145.2 146.4 145.7 144.4 144 143.4 142.9
158.3 157.2 156.7 154.8 152.9 155.4 160.2 163.5 164.8 167.5 172.2 175.4 178.5 181.4 184.9 191.1 194.5 199.7 207.6 212.1 217.1 221.7 225.5 227.5 227.9 228.9 228.7 229.7 231 228.1 227.5 226.7 224.6 220.6 217.3 213.4 208.5 202.2 194.4 188.5 188.4 190.9 189.9 189.6 189.8 188.8 185.8 181 178.1 174.5 171.8 167.7 162.5 159.3 156.5 154.5 152.4 149.9 148.7 146.1 142.3 137.9 134.7 133.9 132.5 131.8 134.3 135.7 134.1 136.5 141.8 144.7 144.6 143.4 144.2 144.7 144.3 143 142 140.7 140.3
162 160.3 157.8 155.3 154.4 157.6 163.3 165.3 167.7 170.4 174.1 181.2 184.6 186.9 190.3 195.4 198.7 203.2 211 219.8 221.4 225.8 230 231.1 232.2 233.7 234.1 235.6 235.4 233.1 234.2 231.9 228.8 225.3 221.7 216.4 210.9 204.3 198.7 196.2 198 197.5 196.8 196.3 197.1 194.7 192.7 190.1 186.1 181.8 177.1 173.1 167.4 164.8 162.8 158.9 157.3 155.4 154.3 150.3 146.8 141.2 138.3 137.7 136.1 134.4 131.1 131.9 130.8 135.9 140.7 142.8 142.9 142 142.9 143.1 142.4 141.7 140.2 138.8 138.7
164 164.7 160.7 156.8 155.9 158.7 163.4 167.9 170.4 173 178.8 185.5 189 193.1 194.7 197.9 204.5 211.3 216.5 223.4 228 231.1 234.4 236.9 238.3 239.1 239.4 241 239.4 239.7 239.4 235.1 232.6 229.1 224.6 218.9 213.4 207.7 203.2 204.9 205 205.1 204.9 205 203.3 202.9 201.6 198.8 194.9 188.6 183.1 178.8 175 172.7 169.6 164.5 161.3 162.9 158.8 155.5 150.3 144.4 145 143.8 139.9 136.7 132 127.8 129.3 134.7 137.9 139.6 140 140.2 140.8 140.8 139.8 138.8 137.5 135.6 137.7
164 164.2 162.3 158.8 159 162.1 166.7 168.2 172.6 178.4 184.4 190 195.2 197.8 199.4 204.4 214.6 221.8 225.2 230.7 235.9 237.1 241.6 245.3 245.4 247.9 247.9 245.6 244.2 245.4 242.6 239.4 236.7 232.3 227.2 220.9 216.5 211.6 209.3 208.9 210.7 211.5 212.4 212.6 212.5 211.5 209.8 208.6 202.7 197 189.4 183.8 178.7 175.7 173.5 168.5 163.6 164.3 161.7 159.1 150.5 146.9 145 145 142.4 135.7 130.3 126.6 128.3 131.9 134.5 135.8 136.3 137.4 138.3 138.3 137.4 135.4 134.5 135.1 137.1
163.1 162.7 161.4 161.7 163.7 170 173.7 173.6 172.7 181.7 188.5 194.8 200.4 200.8 203.4 211.7 222.7 230 232.4 239.2 244 246.4 248.8 251.9 253.1 255.8 255.6 254.3 251.8 249.2 247.4 245.3 241.4 235.4 229.7 222.8 218 213.4 214 214.1 217.2 217.9 218.9 221.1 220.8 219.3 217.4 215.6 212.6 205 197.3 189.9 181.7 178.6 176.8 172.1 163.5 158.7 156.4 156.3 146.8 140.3 137.4 136.9 135.8 132.5 128.6 125.5 126.9 128.3 131 132 132.4 132.5 134.4 135.3 133.7 131.5 131 134.1 136.3
166.1 165 165.4 169 172.6 177.8 178.6 178.6 176.4 186.5 193.6 199.8 203.4 204.6 207.8 220.7 231 234.1 238.6 247.4 252.7 254.7 258.5 260.4 261.7 262 263.1 262.8 259.5 256.3 253.5 250.2 244.5 238.3 231.3 225.1 220 217.9 218.3 220.7 223.2 225.7 227.7 227.8 226.6 223.7 222.1 220 216.8 210.8 200.3 191.9 183.5 178.7 174.3 168.2 162.7 154.7 150.6 147.9 146.3 137 133.6 131.8 130.5 128.9 126.4 124.2 124.9 125.4 127.5 128.4 128.2 128.1 127.7 129.6 130 128.4 130.4 132.7 134.9
169.2 169.4 169.2 173 176.7 183 184.2 182.7 184.2 190.9 197.9 203.7 207 207.8 214.3 227.6 234.1 239.7 246.6 253.6 259.9 265.3 268.4 270.1 271 270.7 270.9 269.4 265.6 262.1 258.4 252.8 246.9 240.4 233.7 227.3 223.2 222 223.7 226.4 230.1 230.5 233.1 232.5 230.5 228.3 226.1 222.8 219.4 214.4 208 201.3 192.3 184.4 180.5 171.3 165 159.1 153.4 147 141.3 137 134.3 131.5 129.2 127.2 125.6 124.5 123 123.5 124.2 125.8 125.6 125.5 125.2 124.6 124.8 125.3 128.1 130.9 133
174 173.3 174.2 175.3 180.7 189 189.3 188.2 192.8 198 203.8 208.9 210.6 211.8 222.1 231.7 238.9 247.2 253.7 261.4 267.7 274.9 277.6 278.2 276.8 276 275.1 273.5 270.1 265.8 261.3 255.4 249.1 241.4 234.6 230.3 225.7 227.2 230.2 233 234.7 235.8 238.8 235 232.7 231.1 227.1 224.5 221.6 217.9 214.1 210.7 204.9 195.6 188.9 181.5 173.6 166 160.6 155.1 148.6 140.7 136.8 133.2 130.3 128 125.8 123.5 122.3 122.3 122.2 122.5 123.3 122.9 122.2 120.6 120.9 122 124.1 127.3 130.2
177.7 179.1 180.1 178.1 185.1 193.5 195.2 196.1 200.7 206.6 211.9 215 213.8 216.7 228.2 238.1 247.3 256.3 263.2 270.3 277.4 285.1 287.3 286 282.8 282.5 280 277.3 273.1 268.1 263.2 256.4 248.1 241.9 236.1 232.5 231.5 232.7 234.7 237.5 237.4 238.4 238.8 236.3 235.1 233.6 230.8 227.9 224.2 220.6 218.2 213.3 209.3 204.7 200.1 194.7 186.9 179.6 171.5 165.5 158.2 150.6 144.9 142.7 136.6 133 130.6 128.5 125.3 121.5 119.1 118.4 118 117.3 116.6 115.9 117.1 119 120.7 122.6 124.4
183.1 184.5 186 183.6 187.5 195.5 197.8 199.9 205.8 213.1 219.5 219.5 216.4 219.9 231.7 242.5 253.2 261.2 272.3 278.9 286.6 294.9 295.3 292.2 289.2 290.2 287.3 283.2 278.5 271.9 267.9 259.5 249.8 243.3 238.1 235.9 236.3 237.3 239.5 240.5 240 241.9 241.5 238.9 237.8 235.3 233.4 230.5 228.1 223.7 219.7 215.6 211.9 208.7 204.8 200.1 194.8 188.8 184.5 179.7 172.4 164.3 159.4 158.1 153.2 147.5 142.3 137.3 131.6 126.4 122.8 120.3 118.5 116.6 113.6 108.9 112.6 116.6 118.3 119.1 120.7
188.7 189.9 192.5 190.6 188.9 193.7 199.4 205.2 211.5 218.5 224.8 222.1 218.2 222.9 233.7 245.6 255.5 266.1 279.1 285.1 294.7 301.8 303 298.6 296.3 296.9 294.3 288.3 282.9 276.2 269.2 260.5 251.4 245.4 240.8 239.8 240.2 242 242.2 241.7 244.6 248 245.8 244.8 242 239.6 237.5 235.5 231.1 226.6 219.3 216.6 213.2 210.3 206.4 200.7 194.6 189.6 185.1 180.2 175.1 170.2 165.5 165.2 163.7 160.7 155.1 151.2 142.8 136.8 132 128.7 126.3 125.6 120.7 115.8 109 106.8 111.9 116.2 117
193.3 195.4 197.9 196.8 191.5 194.7 200 208.5 215.9 223 227 222.7 220.2 225.5 234.8 244.9 255.8 272.1 282.9 289.9 301.5 309 308.9 303.9 300.1 299.1 294.4 288.9 282.5 275.8 269.4 261.1 253.5 248.1 243.7 243.5 245.5 243.8 244.5 245.8 251.6 249.9 247.8 248.2 245.2 241.8 239.6 237.1 232.1 228.6 220.3 216.1 212.1 209.1 204.4 198.8 191.4 186.8 182.4 176.2 171.6 167.2 161.7 158.5 156.7 155.6 152.8 152.3 150.1 147.2 142.6 136.4 132.1 130.3 126 120.4 112.9 105.3 107 110.8 112.1
198.6 200.5 202 201.5 196.2 197.5 203.1 210.6 217.8 226.3 226 222.4 222.2 227.3 234.7 241.7 257.6 275.2 286 293.3 303.3 315.3 312.3 305 299.1 295.1 294.1 285.5 279.3 271.7 266.4 256.7 252.6 248.3 245.7 246.1 246.5 246.1 247.6 252.3 256 252.2 249.4 247.5 246 242.4 239.7 235.9 231 225.7 219 215.1 210.7 207.2 199.8 192.9 186.6 181 175.5 170.4 168.3 164.5 158.4 152 150.5 150.3 146.8 145.9 145.5 142.8 138.9 134.1 130.5 128.8 126.6 121.7 114.3 105.7 91.8 104.7 105.8
202.5 204.8 205.8 206.1 201.1 201.4 205.1 211.3 219.1 222.3 222.3 220.5 223.2 227.5 233 238.4 256.9 275 286.1 295.7 304 311 310.8 303.3 297.1 291.1 287.8 280.7 269.8 263.6 257.7 253.2 249.6 246.2 245.9 246.4 247.4 249.3 249.6 256.9 259.1 253.5 248.8 246.2 243.7 240.1 237.1 232.6 227.9 223.1 215.6 209.7 205.2 200.8 192.7 185.9 178.9 173.6 168.8 163.3 159.1 154.3 153.3 145.6 143 141.1 140.8 140 139.9 137.4 134 130.9 127.6 125.1 122.9 117.5 111.7 104.9 99 99.4 100.4
206.2 207.4 209 208.3 206.3 205.9 206.3 212.9 217.9 221.1 219.8 218.8 223.2 228.4 229.8 237.2 252.9 268.7 281.6 292.6 298.8 303.6 302.6 293.9 286.4 281.5 276.3 270.1 261.3 252.3 245.8 245.6 244.1 241.2 242.2 245.3 250.5 251.4 251.9 256.7 257.1 254.2 247.5 243.9 240.1 237.1 232.9 228.6 223.7 218.1 209.7 202.9 197 191.4 184.2 176 170 165.2 160.1 155.4 149.9 144.9 141.4 138 135.2 133.3 132.5 132.8 131.7 129.4 127.4 124.9 122.3 119.1 116.2 112.9 107.6 101.3 97.4 85.7 94.3
211.1 211.7 211 210.4 210.6 209.8 211.5 214.8 218.1 217.9 216.8 218.5 222.1 224 224.3 231.2 246.9 259.4 271.9 281 285.7 293.1 290.7 282.7 275.7 267.9 260.1 255 250.3 240.5 235.5 235.4 236.7 234.2 237 246.2 253 249.4 249.7 252.8 252.6 249.2 244.9 242.6 239.4 234.7 229.8 226.2 220.9 213.4 202.7 194.5 187.8 182.2 174.1 167.5 162.5 156.7 151.1 146.7 141 137.7 133.6 129.9 126.2 123.6 122.5 123 122 120.7 119 116.8 113.8 111.3 109.7 107.1 100.8 97.6 95.1 88.9 89
216.3 215.5 213.8 212.8 214.5 214.9 217.4 218.5 220.3 222 217.8 217.1 219.2 217.1 217.9 223.2 237 248.1 261 270.7 275.1 281.1 280.1 275.3 268 253 244.4 239.6 232.2 224 219.6 218.2 224.1 227 233.8 243.5 247.4 245.3 244.6 246.1 245.3 242.5 240.3 236.5 231.5 226.1 222 216.4 210.5 204.3 198 183.7 177.7 172 163.9 155.9 150.1 143.8 140.2 134.1 130 127.2 119.6 111.1 104.7 100.9 108 113.3 113.2 110.6 110.3 108.1 106.2 103.4 104.5 101.3 97 93.2 88.3 86.6 78.7
221.6 217.9 216.9 215.6 217.2 218.4 220.4 223.1 223.9 220.7 216.3 215.4 214.8 209.2 208.9 211.2 223.8 235.1 248.5 259.8 264.8 267.1 266.7 263 254.7 241.7 233.6 225.9 216.9 204.7 198.7 202.5 212 220 227.8 241.2 245 241.7 236.3 238.3 239.2 236.1 230.9 226.3 221.8 216.7 213.1 208 203.8 197.4 185.9 172.8 166.8 158.9 150.9 145.9 140.9 130.6 120.3 117.8 113.5 108.2 103 98 92.6 91.3 92.5 94.2 93.9 93.4 94.9 90.9 86.8 88.1 87 84.3 83.8 80.3 76.3 76.8 66.8
224.5 222.3 220.2 217.9 221.1 223.9 225.3 229.6 229.1 224.5 217.9 212.2 207.9 201.2 198.9 198.5 206.9 218.5 234.3 245.1 251.8 255.2 252 248.3 238.4 228.7 220.7 210.9 200.9 189.4 185.8 190 204.1 212.3 218.4 226.3 239.3 237.9 230.8 226.7 225.1 224.7 222.3 218.8 213 207.4 205 202.1 195.5 184.5 173.3 162.8 153.2 145.1 141.1 138.1 125.2 114.2 102 95.7 92.6 84.2 79.8 77.7 76.7 76.9 75.1 74.9 72.3 71.8 66.7 66.3 66.3 66.3 67.4 70.7 72.1 70.6 73 76.1 70.8
227.8 225.7 223 221.9 225.2 227.1 225.7 229.4 232.3 229 219 208.2 197.9 191.4 187.5 186.4 190.9 202 217.1 225.5 234.8 240 241 238.9 227.6 219.3 209.3 197.9 186.7 179.8 175.6 180.1 195.5 201.6 208.9 210.8 218 221.2 221.9 211.7 210.7 209.8 207.8 205.2 203.3 201.8 199.6 194.7 185.3 171.4 161.6 151.4 142.4 135.3 129.6 129.1 117.3 108.5 94.5 89.7 78.5 75.9 75.5 76 75.2 74.5 74.1 73.1 73 69.4 70 70.5 70 69.3 68.6 67.6 66.7 69.9 74.4 78.6 79.2
232 228.5 225.5 224.1 228.7 231.3 233.1 229.6 232.1 230.9 219.3 205.1 186.2 177.6 175.2 177 179.6 185.4 198.4 209.2 218.5 226.4 228.1 225.1 217.5 208.2 198.3 185.5 173.8 169.2 165.5 169 180.4 180.4 189.5 194.5 198.7 202.4 200.3 196.1 198.7 198.1 196.9 196.2 195.5 195.1 190.8 182.7 171.5 157.7 151 141.9 134.1 115.5 105.4 102.4 101.4 101.3 91.4 86.2 76.5 75.5 75.8 74.7 75.3 74.8 73.9 73.4 71.1 69.5 71.3 72.2 71.4 70.2 71.5 71.9 72 71.7 70.6 95.4 78.8
238.6 232.8 228.6 227.8 229.5 232.9 232 230.4 228.8 227.2 217.4 208.6 180.1 168.6 166.8 168.9 173.5 175.8 182.1 196.1 206.2 213.9 214.4 214.1 208.1 196.2 182.6 168.5 160.5 158 156.9 155.6 158.8 158.3 166.1 173.3 181.4 187.4 186.4 182.2 184 187.1 186.4 187.3 185.6 182.8 175.1 168.5 156.8 146.6 139.1 132.9 122.8 83.2 74.2 80.8 83.9 83 82.3 79.4 74.4 70.8 71.2 73.1 69.5 69.4 69.4 69.4 69.4 72.3 72.4 73 71.8 72.6 72.9 72.4 72.8 72.4 70.8 98.5 74.8
243.3 240.8 234.3 232.4 232.9 239.6 239.4 234.7 228.5 227.3 212.7 202.8 178.4 163 158.7 161.4 164.7 166.7 165 176 189 196.2 202.5 204.2 200.1 189.7 168.8 152.4 149.3 145.2 145.7 144.2 142.6 140.9 142.3 149.4 156.3 164.7 171.7 168.7 166.8 171.6 175.2 176.7 174.4 168.3 160.7 151.3 144.5 138.7 132.1 126.4 107.7 74.2 75.6 75.5 74.6 74.2 74.2 75.2 70.8 75.3 77 79.3 77.1 78.6 87 93.2 84.1 72.8 72.4 72.6 73.3 72.8 72.1 72.8 72 71.8 84.3 105 75.2
245.6 245.3 241.4 239.5 235.5 238 243.4 241.5 230.1 224.6 210 199 183.4 162.8 153.8 155.1 156.3 158.7 159.2 160.8 171.7 178.6 185.7 190.7 187.5 170.9 151.4 140.1 136.6 134.7 133.8 131.2 131.4 127.5 123.9 125.2 133.1 141.7 148.4 153 151.1 157.7 165.9 168.1 165.4 158.4 151.9 145.6 138.3 132.9 127.2 119.8 99.7 79.4 77 78.4 77.8 74.7 71.6 72.2 73 78.6 84.8 96.9 100.8 104.1 104.2 99.2 92.5 88.9 87.8 82 73.2 72.5 76.2 77.4 75 76.4 100.2 106.6 82
