Assets/StreamingAssets/GeoData/Data/sn/SN11.asc
ncols 200
nrows 200
xllcorner 210000
yllcorner 210000
cellsize 50
[rows 114 to 151 of 200, columns 85 to 169 of 200]
78.7 85.4 88.5 93.1 99.6 103.1 105.2 105.6 105.1 103.7 100.4 96.4 91.8 88.7 87 87.1 85.2 80.9 76.3 74.5 71.6 69 67.1 67.5 68.4 68.6 70.5 68.7 70.3 75.7 85.3 89.5 93.1 93.9 93.5 92.5 88.9 85.6 84 82.9 82.6 84.6 86 86.2 86.1 87.5 89.1 87.9 80.5 67.4 54.2 51.4 67.4 76.9 84 87.6 90.6 93.9 97.3 99.8 99.7 99.3 98.7 96.7 94.6 92.5 90.5 87 83.9 81.3 80.4 83.2 88.2 92.4 93.1 94.3 93.5 91.8 88.7 79.4 81.3 87.1 92.1 94.8 95.9
69.9 80.4 85.6 89.3 98.4 105.4 108.6 109.5 108.4 105.6 102.6 96.8 93.4 91.5 90.1 89.8 85.7 81.8 78.2 76.2 73.5 71.4 68.5 69.2 70.6 72.3 73.3 73.7 75.2 77.2 84.9 91.7 95.4 97.7 97.9 95.9 92.2 90.4 90 89.5 90.5 92.9 94.6 94.7 93.3 92.5 92.5 91.9 86.8 80.8 63.1 50.5 61 74.2 78.7 80.6 86.1 91.3 95.9 98.4 99.1 98.9 98.4 96.7 95.1 93.7 91.3 86.9 85 81.6 83.4 91.3 94.9 96.9 97.6 97.3 96 93.5 88.6 81.1 82.6 92.1 97.7 100.7 102.6
66.2 71.6 72.9 80.9 94.2 105.5 111.2 112 111.5 108.8 104.2 99.5 97.9 96.8 94.8 93.7 89.9 85.4 82.7 79.7 75.7 73.8 72 73 75.5 78.6 79.6 80.9 80.4 81.8 83.9 86.3 94.2 99.6 100.5 98.8 97.9 98.8 98.1 96.3 97.3 98.4 100 99.1 97.6 96.1 94.8 94.2 88.9 80 65.5 53.2 58.4 65.2 73.2 81.3 87.1 92.3 96.8 99.3 100.4 100.3 99.4 98 96.6 95 92 91 89 85.1 84.3 91.1 95.1 98.3 99 99.7 98.9 96.4 92.5 86.7 84.6 95.9 103.8 106.7 109
74.9 78 80.6 80.6 86.6 103 110.3 114 113.5 110.4 107.7 107 106 104.4 102.4 100.3 97.3 93 89.3 86.7 82.6 80.8 77.7 79 81.7 83.5 86 85.7 86.7 87.8 88.4 93.8 100.4 104.9 107.9 106.7 104.1 103.2 102.8 101.4 102.9 103.5 103.3 101.4 99.4 96.2 93.4 89.1 81.5 72.3 63.7 54.1 59.2 65.1 73.9 83 88.2 93.8 97.6 100.1 102.6 102 102.3 100.1 97.3 96.9 94.5 93.5 92.3 88.7 85.1 87.4 94.9 99.6 102.4 104.5 104.4 102.6 98.8 92.4 87 98.5 106.9 110.8 113.9
87 89.5 92.5 87.9 87.3 100.7 109.9 115.1 116.7 115.9 114.9 113.6 111.7 110.2 108 105.2 101.6 97.5 96.6 95.6 91.4 88.6 83.5 83.6 88.4 90.4 90.3 91.1 92.3 92.4 94.6 97.8 104.4 109 111.3 111.1 108.9 107.2 106.6 105.7 104.7 105.1 104.8 103.1 100.3 96.9 93.7 90 81 69.6 61 55.1 66 69.5 78.3 84.6 91 94.3 101.4 105.6 106.5 106.2 105.5 103.3 101.1 99.3 98 97.3 96.1 94.8 87.5 86.7 95.3 102.1 106.2 109 109.5 107.6 104.7 99 90.5 100 109.5 113.2 116.8
92.6 98.6 101.3 97.9 91.8 103.1 111.1 115.8 118.5 118 116.8 115.9 114.6 112.9 110.4 108.2 105.2 103.5 102.3 102.7 99 94.1 90.2 89.1 95.7 98 97.2 97.9 98.2 98.3 100.6 102 107.9 111.8 114.7 114.3 113 111.2 109.9 108.9 108 107.4 106.6 104.5 101 97.6 94.1 85.8 75.8 68 63.2 63.7 77.9 80.8 81.5 90.7 97.5 105.3 105.7 110 112.1 111.6 109.4 107 105 103.7 102.8 102 101.5 99.2 96.9 88.7 95.1 103.6 108 111.2 112.3 111.4 109.2 105.5 100.5 104.8 111.7 116.4 119.3
96.9 101.8 104 101.9 96 98.9 109.9 113.7 116.3 118.2 117.8 118.3 117.4 116.1 114.3 112.3 111 109.7 110.3 109.7 106.8 99.8 98.9 98 103 105.4 106 105.4 106.1 106.1 106.2 108 115 115.5 117 116.7 116.3 114.2 112.9 111.8 110.8 109.2 108.4 105.7 101.6 98.2 94.3 87.3 78.5 69.3 65.2 78.5 90.4 91.7 90.4 97.1 105.7 108.7 113.1 114.9 116.4 115.4 113.5 111.2 109.1 109.6 109 108.1 108.1 107.2 104.4 97.4 94.1 104.2 109.2 112.3 114.6 115 113.7 111.5 109.9 113.2 117.3 120.7 123.1
97.4 101.9 103.3 100.6 97 97.1 104.4 110.1 113.6 117.1 118.7 120.3 120.5 120.4 119.8 118.4 116.3 117.2 118.1 116.9 114 108.3 106.6 106.3 110.7 112.9 112.9 112.7 113.3 112 110.2 111.5 116.4 117 119.1 119 118.6 118 115.9 114.5 113.6 112.3 110.7 107.5 103.4 99.2 95.4 93 85.2 69.9 73.5 92.1 100.1 101 100.7 102.3 110 114.8 116.5 118.2 119.1 118.7 117 114.9 113.8 114.4 115 115.5 116 115.7 111.9 107.5 95 104 110.1 114.4 116.6 118.6 118.1 118.4 118.7 121 124.8 127.7 129.8
97.2 101.4 102.8 101.8 97.9 98.5 101 103.5 109.5 112.5 115.3 118.1 119.4 120.3 119.6 119.9 119 121.2 121.8 122.4 120.3 116.8 114.9 114.8 116.1 117.9 118.3 117.2 118 117.2 115.6 115.1 116.6 118.9 121 122.6 122.8 122.6 121.9 119.6 118.7 117 115.8 113.5 109.4 104.9 102.3 99.9 87.7 74.1 86.3 101.9 106 107.9 109.6 108.5 113.9 118.4 120.3 121.6 122.1 121.5 120.2 119.4 117.7 118.8 120.1 121.3 121.2 120.6 119 114.4 105.2 103.9 111.7 115.9 119.3 122.2 123.9 125.2 127.6 130.9 134.3 137.1 138.9
87.3 94.7 100.7 102.8 101.5 99.7 100.4 102.5 104.7 106.8 110.6 113.3 114.8 116.4 117.7 119.5 122 124.5 125.1 126.3 126.2 124.8 123 122.9 122.2 122.9 124 123.1 122.5 120.6 119.4 119.1 119.4 123.5 126.4 128.5 129.5 128.6 128.2 126.4 124.8 123.1 120.8 118.9 115.5 112.6 108.8 105.6 89.6 83.8 103.5 106.8 110.6 113.2 114.8 114 116.3 119.2 123 124.4 124.9 124.8 123.6 122.4 122.3 123.7 124.8 125.5 125.6 125.3 123.7 122.7 112.8 102.5 114.3 119.9 123.5 127.9 130.2 133.3 136.6 140.3 143.8 145.8 147.2
70.4 77.6 85.9 93.5 101.6 101.3 102.9 105.6 107.7 108.2 110.5 112.2 114.2 116.9 119.2 121.5 123.6 127.3 129.4 130.8 131.4 131.7 131.8 132.6 130.7 130.3 129.1 127.9 127.6 126.2 125 123.3 125.6 128.8 131 133.4 134.4 134.5 133.3 131 128.8 126.3 123.2 124.2 120.4 118.3 115.1 110.7 92.4 95.7 107.9 111.1 114.1 116.6 118.4 119 121.2 120.8 125 127.6 128.4 129 128.3 127.8 128.4 129.4 129.4 130.2 130.6 130 129.1 127 118.8 103.4 116.9 124.2 129.1 133.4 137.2 140.9 145 149.5 152.8 155.2 155.5
62.8 66.8 70.4 77 88.8 95.8 102.6 107.5 110.5 111.8 113.2 113.6 115.2 117 121 125.2 128 131.4 133.6 137.1 138.1 139.5 139.7 139.1 139.3 137 135.2 133.9 133.5 132.9 131.3 129.8 131 133.7 134.9 136.2 137.8 138 138 135.7 132.9 129.2 128.5 125.8 123.6 121 118.1 113.2 98 98.3 111.4 115.5 119 122 123.8 125.2 126.5 126.6 126.7 130.9 132.7 133.2 133.8 134.8 135.1 135.6 135 135.4 136 134.6 133 130.5 125.4 106.5 120.5 129.4 134 138.7 142.8 146.8 151 155.7 159.2 160.9 161.9
70.3 69 67.7 68.3 73.8 85.4 96.3 106.5 112.3 115.4 116.5 116.7 117.3 118.9 122.5 127.1 131 136.6 137.4 139.8 141.8 143.2 143.9 144.4 143.9 142.8 141.5 140.2 139.1 137.9 136.9 135.5 136.7 138.6 139.2 140.2 141.5 141.9 141.7 139.8 136.6 133.2 130.9 128.7 125.9 123.5 120.3 117.2 104.4 101.9 115.8 121.2 124.3 127.3 129.2 130.2 131.4 132.9 132.5 133.9 137.5 139.3 140 140.7 142 141.9 141.5 141.3 140.2 138.9 136.5 134 127.8 109.2 127.4 133.9 138.6 143.6 147.5 151 154.5 159 162 163.4 164.7
80.8 77.9 76.4 74.5 70 75.7 83.2 96.6 109 118.9 121.5 121.5 122.1 123.4 124.3 127.3 131.9 135.7 138.4 141.8 143.3 144.9 146 146.7 146.9 146.2 145.2 144.9 143.8 144 143.1 142.2 143.9 145.4 145.1 145.2 145.4 145.8 145.4 144 141.1 137.6 134.5 132 129.2 126.1 123.5 119.5 108.4 100.7 119.9 127.3 130.9 134.3 136.2 136.8 138 138.2 138.7 138.9 141.9 143.8 145.3 147.1 148.6 148.7 148.6 146.7 145.4 142.5 140 137.4 130.7 114.8 134 138.8 142.4 145.7 149 152.2 155.3 159.6 162.7 164.6 166
95 96.1 95.7 94.2 92.4 85.9 76.7 78.2 94.7 113.4 121.8 124.8 126.4 127.3 127.9 129.8 132.8 136.1 139.2 142 143.6 145.8 147.3 148.3 148.4 148 147.7 147.6 149.2 149.7 149.4 148.2 150.8 152.4 152.4 152.1 151.4 151.1 150.1 148.9 146.9 142.8 139.6 136.7 133.7 131.7 128.9 126.5 118.2 104.9 125.3 133 138.1 141.7 144.4 145.2 145.8 144.2 144 143.8 146.3 148.5 149.9 151.6 152.6 153.2 153.2 152 149.9 146.6 143.7 139 134.4 120.6 133.1 140 143.5 146.8 148.9 151.8 154.7 158.5 161.8 164.1 166.1
109.3 113.4 115.5 115.2 113.4 106.2 97.9 86.5 79.1 103.2 120.4 124.5 129.6 130.1 131 132.5 135.3 137.9 140.2 142.8 144.6 146.8 148.5 149.7 150.1 150.3 150.4 151 153 154.3 154.4 153.6 156.6 157.9 158.7 158.3 156.8 155.8 155.2 153.5 151 148.7 145.2 142.7 140.7 137.9 134.9 131.3 124.7 105.8 129.7 137.7 143.5 148.7 150.7 152 152 151.3 148.7 148.5 148.9 151.1 152.9 154.7 155.8 156.4 156.3 155.7 153.6 150.5 146.8 142.9 139.4 131.8 126.3 134.9 142.9 145.7 146.8 150.1 153.2 156.5 159.6 162.5 165.4
118.7 122 125 125.6 125.4 120.7 111 99.4 80 92.1 116 124.5 129.9 132.8 133.7 135.2 138 140.9 142.5 144.2 145.7 147.3 149.6 150.5 151.5 152.3 153.2 153.6 156.2 157.3 158.5 159.6 160.6 162.1 163.3 163.1 162.4 161.1 159.8 158 155.8 153.6 151.3 148.9 146.1 143.8 140.3 136.8 128.3 110.5 131.5 141.4 146.6 151.1 153.2 153.7 154 153.4 152.4 150.4 151.5 153.1 154.9 156.9 158.2 159.1 159 158.1 156.8 154.2 150.5 147.4 143.5 139.6 135 131.9 133.7 140.5 144.6 146.8 149.9 153.9 157.2 160.5 163.9
124.3 126.2 127.9 129 129.3 128.3 122.6 109.4 85.5 85.1 107 123.6 130.4 132.3 135.5 138.1 140.8 143.8 145.7 146.6 147.9 149.5 150.6 152.1 153.3 154.4 155.5 156.9 159.3 161 161.9 162.6 164.2 165.5 166.6 166.8 166.5 166.4 164.8 164 161.7 158.5 156.8 153.4 150.8 148.4 144.6 140.7 133.5 113.6 132.9 142.5 147.6 151.3 153.6 154.6 154.6 154.6 154.1 153.5 154.2 155.3 155.9 158.1 159.5 160.4 160.4 160 158.8 156.4 153.2 150.4 147.5 144.4 140.8 139.2 136.2 134.4 138.9 143.5 146.9 150.6 154.7 157.7 161.4
129 130 131 132 133 131.7 128.2 110.7 93.1 81.4 90.4 106.5 126.6 131.9 135.7 139.8 143.1 146.2 148.7 149.4 150.9 152.6 154 154.6 155.5 156.8 158 159.2 160.4 163.3 164.8 165.4 166.9 168.4 169.7 170.3 170.3 169.8 167.5 166.6 165.5 163 160.8 157.4 154.7 151.2 147.5 143.9 136.2 118.1 133.1 142.6 147.1 151.1 153.4 154.6 154.8 154.6 154.6 154.5 154.4 155 156 157.9 159.1 160.1 160.8 161 160.1 158.1 155 152.4 149.6 147 144.4 143.5 142.6 139.9 138.8 140.3 144 148.1 152 155.2 159
134.3 135.2 136 136.9 137 135.6 134.2 125 105.4 88.3 84 97.7 123.5 130.9 135.9 139.9 144.6 148 150.6 152.8 154 155.9 156.9 157.1 158.4 159.5 160.6 161.7 163 164.9 166.4 167.4 168.3 169.5 170.6 171.2 171.6 171.4 169.3 168.3 167.2 164.9 162.4 159.7 156.4 152.9 149.4 145.7 139.8 124.1 130.7 142.1 145.8 149.8 152.4 153.4 153.8 154.1 154.4 154.2 154 154.3 155.5 157 158.3 159.5 160.1 160.1 159.7 158.5 156.6 154.1 151.9 149.3 146.5 145.6 144.8 143.1 140.2 141.3 142.8 145.9 150.7 154.1 158.2
139.3 140.3 140.9 141.9 141.1 141.2 138.9 137.1 120.2 101.4 83.9 97 123.1 130.2 133.6 138.5 144.6 147.9 150.6 154.1 156.1 157.7 158.8 160 161.1 162.2 163 164.2 164.5 165.8 167.1 168 168.6 169.5 170.4 171.3 171.8 171.5 170.1 169.1 167.5 165.3 162.9 160.5 156.8 153.4 149.8 146.2 141.4 128.7 127.7 139.5 144.3 147.3 149.7 151.1 151.7 152.4 153.1 153 153.1 153.2 154.3 155.6 156.6 157.7 159 159.2 159 157.5 156.4 154.8 152.6 150.4 148.8 147.3 145.7 144.6 143.1 143.5 143.6 146.1 148.8 152.4 157.3
141.3 143.2 143.8 144 144.3 143.9 142.4 140.5 137.8 117.4 88.1 94.6 120.1 128 128.6 133.6 141.7 146.8 150.1 153.3 156 157.8 159.1 160.5 161.6 162.5 163.4 164.3 165.3 165.7 166.6 167.7 168 169.3 169.5 170 170.4 169.5 169.3 167.7 166.1 163.8 161.3 158.8 155.8 151.8 149 144.8 140.4 131.7 124.7 134.3 141.5 144.3 146.7 148.6 149.9 150.7 151 151.7 151.9 153 153.6 155 156.1 157.3 158 158.8 158.4 157.9 156.6 154.5 153.7 151.7 150 148.6 146.7 145.1 145.6 145.7 145.5 146.2 149.3 152.5 156.1
141.7 143.1 143.7 143.8 143.9 143.7 142.8 141 137 124.2 98.2 92.1 108.2 115.1 115.3 125.8 135.4 143.3 148.3 152.5 154.8 156.9 158.7 159.7 160.1 161.2 162.4 163.8 164.6 165.1 165.8 167.1 167.6 167.6 167.9 167.9 168.2 167.8 167.2 165.7 163.9 161.7 159.1 156.5 153.7 150.1 145.2 141.2 136.1 130.8 128.1 128.4 134.9 140.1 144.2 145.7 147.2 148.5 149.6 150 152.3 153.7 154.3 154.7 155.8 156.8 158.2 158.5 158.5 158.1 156.6 155.3 154.2 153.3 151.8 150.3 148 147.6 146.9 146.7 146.8 147.8 151.6 154.1 156.8
140.6 142 143.2 143.3 142.5 141.4 139.3 137.1 132.5 121 91.7 90.1 96.3 100.2 103.7 116.5 129.7 139.2 145.5 149.8 152.5 155.3 156.6 157.7 158.2 158.7 159.7 160.9 162.8 163.5 164.8 166.1 166.7 166.2 166.7 166.6 166.1 165.7 164.7 162.9 160.7 158.5 155.9 153.1 150 144.9 140.9 137.7 135.9 133.6 132.1 131.8 134.6 136.8 140.8 143 145.4 147.7 149.4 151.2 152.8 153.8 155.3 156.6 157.5 158 158.8 159.2 159.1 158.6 157.4 156.1 154.9 154 152.8 151.7 150.3 149.7 148.5 147.5 147.9 150.1 152.1 154.7 157.7
141.7 143.2 144.6 144.2 141.3 138.3 136 133.4 126.6 110.1 92.1 94.1 107.9 117.9 109.5 111 119.9 130.7 137.6 145.8 149.5 149.3 152.1 154.2 155.1 156.2 158.7 161 162.4 163.6 165.4 165.3 165.2 165 165.4 164.9 164 163.3 162.2 159.7 156.6 154.1 150.3 149 145.9 143.6 142.1 140.8 139.4 138.5 137.8 136.4 135.9 137.3 139.4 142.8 145.6 148.1 150.5 152.4 154.1 156 156.7 158.7 159.6 160 160.6 160.8 161.1 160.2 158.9 157.6 156.1 155.9 154.6 153.4 152.6 150.9 150.3 149.1 149.4 151.3 153.1 155.5 157.3
141.4 142.5 143 144.1 141.8 137.3 134.6 131.4 121.8 104.5 93.8 92.5 106.5 125 122.8 121.6 122.3 127.2 133.4 140.5 145.1 147.8 150 152.5 156.1 158.4 160.5 162.3 164.1 164.8 164.9 165.8 165.1 165.1 164.9 164.2 162.9 161.1 158.4 156.7 154.5 153.8 151.2 150.6 149.7 148 146.9 144.7 143.8 143.6 143.1 142 139.9 139.4 139.1 142.9 146.5 148.9 151.6 153.7 156.3 158.3 160.4 161.6 162.3 163.4 164.5 165.5 164.9 164.9 162.5 160.1 158.2 157.3 156.4 155.6 155 153 151.3 150.3 150.9 152.8 154.8 155.3 156.6
141.2 143 143.3 142.5 139.8 135.8 132 130.9 129.2 117.1 98.2 94.1 107.3 130.7 130.9 137.4 138.8 137.5 138.6 144.7 148.5 152.1 152 155.5 157.8 160.2 162.5 164.1 165.8 166.1 166.4 166.2 166 166 165.1 164.2 162.4 160.5 159.1 159.2 157.5 156.5 154.8 154.2 153.6 152.6 152 150.8 150.5 149.1 147.4 145.8 145.3 143.6 141.8 142.6 146.9 150.9 154.6 158.7 162 163.9 165.5 166.6 169 170.4 172.7 173.1 172.9 171.1 169.2 165.8 162.4 160.2 158.4 158.3 156.8 155.1 153.6 152 152.8 153.5 155.4 156.1 159.5
142.2 144.2 145.4 144.7 140.4 138.5 142 142.2 140.9 136.2 112.5 97.5 102 127.1 135.7 140.4 142.3 141.5 142 146.5 150.4 153.7 155.9 159.1 161.1 163 164.9 166.4 167.5 168.1 168.6 168 167.1 167 166.3 164.7 163.1 160.9 161.2 161.9 160.5 158.7 158.6 158.3 158.9 158.7 158.3 158.2 156.4 155.7 153.8 151.7 149.5 148.2 145.7 144.3 147.6 154.7 158.8 162.9 166.1 168.9 171.4 173.2 174.3 176.4 177.4 178.8 178.5 177.2 175.3 172.1 168.5 164.5 161.7 160 158.5 157.1 155.4 154.5 155.1 155.4 157 158.8 160.9
144.6 147 147.6 144.5 143.4 142.8 145.4 146.1 144.9 142.2 131.9 114.5 99.3 112.7 127.4 143.4 144.7 145.3 145.9 148.5 152.9 156.7 159.7 162.8 164.6 166.4 168 169.5 169.9 170.3 170.9 170.9 169.6 170.1 168.6 166.8 164.8 163.5 164.8 165.5 164.4 163 162.7 163.7 164.7 165.5 166.5 165.4 164.6 162.6 159.6 157.1 154.6 154.1 154.3 149.7 148.7 156.9 162.2 165.9 169.9 172 175.3 176.8 178.4 179.6 181.6 182.8 183.1 181.1 180.3 177.3 174.6 170.4 166.3 163.5 160.8 159.2 157.3 157.5 158 158.8 159.9 160.5 161.9
146.7 148.7 149 148.2 147.4 147.3 149.4 149.7 148.8 146.9 143.8 131.3 114.6 104.1 119.1 138.8 148.3 149.1 150.8 151.6 156.2 160.1 162.9 165.8 168.3 170.5 171.3 171.8 172.2 172.7 173.1 173 172.6 172 171 169.6 167.2 165.8 167.6 168.8 168.2 167.4 167.4 169.2 170.9 171.8 172.2 171 169.6 167.7 165.3 163.3 161.5 160.2 159.9 155.9 152.6 157.7 164.4 168.6 172.3 175.3 177.8 179.6 180 182.1 184.2 184.6 185.1 183.9 182.5 180.4 177.2 174.8 169.7 166.1 163.8 160.4 160.8 160.6 162.1 162.1 162.1 161.8 162.7
149.7 151.5 152.5 152.4 151.6 151.7 153.4 153.5 152.5 151.9 149 144.5 130.7 103.6 113 137 152.3 154.9 156.7 156.8 158.8 162.2 165.3 167.8 170.3 172.1 173.5 173.9 174.2 174.6 174.8 174.9 174.4 173.2 171.7 170.5 168.5 167.7 169.3 170.9 171.2 171.2 171.7 173.1 174.5 175.3 176 175.6 173.9 172 170.1 168 165.2 165 164.1 162.5 156.9 158.6 164.2 169.9 173.7 176.6 179.3 181.1 182.1 183.7 184.5 185.3 186.2 184.6 183.3 181.4 179.7 176.4 173.7 168.3 164.8 163.1 162.2 163.4 165.2 165.3 165.5 163.8 162.9
151.3 153 154.7 155.5 156 156.1 157.6 157.9 157.1 156.5 154.3 150.5 137.5 107.9 111.3 137.6 153.7 157.3 159.4 160.6 160.7 163 165.8 168.1 170.9 173 174.3 175.4 175.7 176 176.1 176.3 176.1 175.4 174 172.4 170.6 168.5 170.8 172.6 173.4 173.7 174.4 175.7 177 178.3 179 179 177.2 175.4 173.7 171.8 169.4 168.3 167.6 166.8 162.2 160.2 163.3 170.3 174.3 176.7 179.2 181.3 182.6 183.1 184.6 185.6 186.1 185.2 183.8 182.8 180.5 177.2 174.4 170.9 168.3 165.6 165.7 165.5 166.5 168.2 167.6 165.9 164.5
155.1 156.9 158.2 158.7 159.3 159.5 160.3 160.7 160.4 159.4 157.2 154.1 133.3 108.6 116.3 143.6 154.7 158.8 161 163 163.8 164.8 166 168.2 171.1 172.8 174.6 175.4 176.3 176.7 176.9 177.1 177 176.2 174.7 174 172 170.5 171.8 173.7 174.1 174.6 176.1 177.8 179.4 180.4 180.9 181 179.4 178.1 176.8 175.1 172.9 170.5 173 170.8 162.3 160.1 161.7 166.7 172.8 176.3 179.2 181.1 182.7 183.8 184.8 185.9 186.1 186.2 184.6 183.1 180.5 178 175.6 173 171.1 170.2 168.5 169.7 171.5 172.3 172.1 168.8 166.6
155.9 157.1 158 158.6 158.3 159.5 160.8 161.3 160.4 160.2 158.2 154.8 136.6 110.9 117.1 142.7 154.6 159.1 161.6 164.4 165.4 167.5 168.4 169.1 171.2 172.3 173.6 175.3 176.1 176.6 177 177.4 177.6 177.2 176.6 174.2 172.4 173.8 172.6 174.1 175.1 176.1 177.7 179.3 180.7 182 182.7 183.1 182.1 180.9 178.9 177.5 175.4 175.1 174.4 172.2 164.7 163.4 162.5 163.8 167.9 175 178.3 180 181.4 183.4 184.4 185 185.4 185.2 183.8 182.8 180.7 179.1 177.7 175.2 173.1 171.9 170.3 171.9 173.7 174.3 174.1 172.6 168.7
153.2 155.4 156.4 156.8 157.2 157.5 159.1 159.3 160.2 160 159.7 156.2 145.2 117.4 112.6 133.4 150.3 158.4 161.4 163 165.3 166.9 168.7 170.1 171.8 172.5 173.7 175.1 175.3 176.2 177.1 178.3 178.1 177.7 176.9 175.8 174.5 174.4 174.6 175.5 176.6 177.6 179.6 180.6 182.8 184 184.3 184.7 184.3 183 181.7 179.3 178.2 176.4 174.7 171.6 168.9 168.8 168.5 169.5 166.1 170.9 175 177.2 180.3 183.6 183.8 185.2 184.7 185.5 183.8 183.3 181.8 179.4 178.1 176.8 174.6 173.6 173 173.8 174.7 175.8 175.5 174 171.8
150.3 152.4 153.4 154.7 154.8 155.8 156.8 157.7 157.6 158.6 158.8 156.7 152.3 134.1 116.4 122 139.3 151 158.9 161.3 162.8 166 167.9 169.7 170.7 172.1 173.4 174.3 174.6 175.7 177.1 178.1 178.4 178.1 177.2 175.8 176.6 176.6 176.1 177 178.1 179.6 181.5 183.2 184.5 185.9 185.9 185.8 186 184.8 183.2 181.2 179.9 178.1 176.1 175.1 174.2 173.5 173.3 173.6 172.7 173.2 175.1 178.1 180.6 183.8 184.8 185.2 185.7 185.5 184.9 183.9 182.6 181.5 179 176.6 175.4 173.7 172.8 173.4 174.3 176.1 176.3 175.1 173.3
147.7 148.5 149.1 150.7 152.1 153.2 155 156.2 156.3 157.4 156.9 156.2 153.8 148 143.7 122.1 123.5 136.4 146.7 155 158.4 162.7 166.5 168.5 170 171.5 172.5 173.2 174.1 175.2 176.5 177 177.9 178.2 177.6 177.1 176.9 177.9 177.6 178.4 179.8 181.5 182.9 184.4 186 187.4 188 188 187.6 186.5 185 183.3 181.7 180.1 179.2 178.3 177.4 176.8 177 177.5 176.7 176.7 177.7 180.4 182.6 184.9 186.4 187.4 187.9 187.4 187.1 186.7 184.9 182.7 181.2 178.3 176.1 174.2 172.1 173 173.9 175.1 175.7 175 172.6
148.3 149.6 151 150.7 151.6 152.2 154 155 156.2 155.6 155.2 154.6 153.5 151.4 148.8 144.6 128.4 128.1 128 138.8 146.6 155.7 161.1 165.2 168.4 169.9 171.2 172.3 173.1 174.4 174.7 175.2 176.7 177.4 177.8 177.3 177.9 178.3 177.7 178.5 180.2 181.1 183.2 184.9 186.2 187.7 188 188.3 188.1 187.4 186.1 184.6 183.5 183.5 182.4 181.5 181.7 181.7 181.5 181.2 180.3 180.3 180.7 182.6 184.2 186.3 187.7 188.7 187.7 188.2 188.2 188.5 187.3 186 181.5 180.2 177.5 173.6 171.3 171.3 171.9 173.6 174.2 173.6 171.9
