Assets/StreamingAssets/GeoData/Data/sn/SN12.asc
ncols 200
nrows 200
xllcorner 210000
yllcorner 220000
cellsize 50
[rows 35 to 69 of 200, columns 79 to 157 of 200]
146.7 148.9 151.7 152.8 153.8 155.6 158.2 160.9 160.3 161.6 164.9 168.1 169.9 172.6 173.7 175.6 177.8 180 182 183.4 185 186.2 187.4 188.7 189.7 190.4 192.1 193.1 194.1 195.7 197.4 199.6 201.5 203.5 206.2 209.6 213.5 217.1 220.9 225 229.3 233.5 237.7 242.3 245.7 247.9 250.6 253.1 254.2 254.1 253.2 252.5 252.9 252 252.3 252.4 251.8 250.4 247.9 244.9 239.7 234.6 225.5 217.5 212.3 208.1 204.2 200.9 198 194.9 191.8 185.9 179.3 173.6 167.3 163.1 158.4 156.4 153.7
146.4 148.3 150.7 151.3 153 154.7 156 158.5 161.2 163.3 165.8 168.6 170.5 172.2 174 176 178.1 180.3 181.9 183.4 185 186.3 188.2 189.7 191.1 191.3 192.7 194.3 195.5 197.2 198.9 200.7 203.2 205.7 207.9 211.3 215.4 219.7 224.3 228.3 232.2 236 239.2 242.8 245.6 247.1 249.6 250.9 251.6 250.7 249.2 246.9 244.5 244.7 244.4 244 244 244.5 243.9 238.7 235.7 228.3 218.6 214.7 209.9 205.6 201.6 198.1 195.6 192.7 189.2 183.9 176.5 170.6 165.9 161.5 158 154.8 152
145.6 146.9 148.7 149 152.1 155.6 158.1 160.3 162.5 163.8 167.1 169.3 171.1 173.1 174.5 176.4 178.4 180.5 182 183.5 185.5 187.5 189 190 191.4 192.8 193.8 195.6 197 198.9 200.8 203 205.4 207.9 210.3 213.4 217.8 222.2 226.6 231.7 235.1 239.4 241.4 244.1 245.4 247 247.8 248.2 247.8 246.6 243.9 240.9 235.6 235.2 235.7 235.9 234.9 235.2 235.1 231 227.6 218.5 214.3 210.8 207.9 203.3 199.2 194.9 192.2 190.3 185.5 180 173.2 167.8 163.4 160.2 156.9 154.7 151.4
145.1 145.6 145.2 150.5 153.4 156.2 159.4 162 164.5 165.4 167.4 169.6 171 173.7 175.3 177 178.8 180.7 182.7 184.7 186.8 188.7 190.2 191.4 192.3 193.8 195 196.7 198.6 200.5 203.2 205.9 208.9 211.7 214.5 218.1 221.8 225.5 230.3 234.7 239.2 241.6 243.5 244.3 245.1 245.6 245.5 245.1 243.7 242.1 237.7 232.1 226.2 225 225.7 227 227.5 228.1 227.3 224.1 217.8 212.5 209.3 206.6 204.5 201.6 196.4 191.8 188.3 184.2 180.6 175.7 169.5 165.1 161.7 158.7 156.2 153.8 150.8
143.8 142.9 144.5 152.7 155.5 158.3 160.6 163.2 165.9 167.1 168.7 170.7 171.9 173.7 175.7 177.7 179.8 181.9 184.1 186.1 188 189.8 191.5 192.2 193.6 195.1 196.6 198.3 200.3 203.7 207.7 211.4 214.1 216.5 219.5 223.1 226.9 230.6 234.2 237.9 241.2 244 244.6 244.3 244.1 242.9 242.3 241.2 239.6 236.7 230.6 224.8 218.5 217.7 218 219 220.3 221.2 219 216.4 210 207.2 204.2 202.2 200.6 198.5 193.3 188.5 183.5 178.9 175.3 169.3 165.3 162.6 159.6 157.2 154.9 152.6 150.2
142.3 140.1 145.3 157.7 159.9 161.9 163.7 165 167 168.7 170 171.7 173.1 175.1 177.3 179.5 181.3 183 184.6 187 188.9 190.5 192.2 193.9 195.7 197.1 198.5 201.1 204 209 213.8 217.9 221.4 225.1 228.7 231.7 234.2 235.9 238 241.8 243.6 244.4 244.1 243.2 242.1 239.8 237.7 236.4 234.7 229.5 224 216.6 210.9 211 211.8 213.1 214.2 213.5 210.3 205.8 201.8 201.3 199 197.4 197.3 193.7 190.2 185.5 179.8 173.9 164.4 162.4 161.6 159.2 156.5 154.2 151.8 149.5 146.4
140.3 139 156.7 162 163.5 165 167 167.4 168.6 170.1 171.8 173 174.6 176.8 179 181.1 183.1 185 186.2 188 189.9 191.8 193.5 195.2 197.5 199.7 201.8 205.3 209.2 214.4 219.5 223.5 227.8 231.9 235.6 238.8 240 241.7 242.5 243.2 244.2 244.2 242.5 240.6 238.3 235.3 233 231.5 227.7 223.1 215 209.1 205.3 205.2 206.3 207.9 207.9 205.1 199.5 194.9 193.7 192.9 191.7 191.2 190.1 188.1 185.1 179.6 175.2 166.1 154.9 153.7 155.2 154.2 152.1 149.6 147.7 145.5 143.3
137.6 155.4 165.2 167.2 168.8 170 170.6 171.2 170.4 171.7 174.1 175 176.1 178.1 180.3 182.5 184.8 186.7 188.2 189.4 191.4 193.3 195.4 197.7 200.5 203.4 206.7 210.1 214.6 220.1 224.6 229.5 233.9 237.9 241.6 243.7 245.2 245.7 244.3 244.4 243.8 242.5 239.2 237.1 234.2 231.1 228.4 225 219.6 216.6 208.2 204.3 200.6 199.7 200.7 201.9 200.6 195.8 191 188.2 185.7 184.3 183.6 183.8 183.4 181.4 178.1 174.7 167 157.3 151.7 150.1 148.3 148.7 147.3 145 143.2 141.5 139.5
159.6 166.5 169.4 171.7 172.9 174.2 174.7 174.8 173.3 174.1 175.5 177.2 177.7 179.6 181.6 183.9 186.1 187.7 189.9 191.5 193.6 195.9 198.5 201.4 205.4 209 212 214.9 219.7 224.2 229 233.7 238.3 242.4 244.9 246.8 247.2 246.6 245.3 243.7 241.2 238.6 236.2 233.7 228.9 226.3 222.6 216.7 212.6 206.4 202.1 198 194.6 195.1 196.2 196 194 189 184.7 180.5 178 176.6 175.2 176.4 174.8 173.7 169.8 162.1 156.4 151.6 148.3 145.1 142.7 142.8 141.8 140.2 138.6 137.1 135
167.5 170.4 173 175.3 176.8 178.1 178.1 177.6 176 176.6 177.7 179.2 179.7 181.4 182.9 185.2 187.2 189.2 191.2 193.3 197.1 199.7 203 207.2 210.6 213.4 216.2 219.1 223.5 228.1 232.6 236.7 241.5 244.3 246.3 247.2 247.4 245.9 243.5 241.4 238 235.5 231.1 225.1 222.1 218.8 215.3 210.5 204.5 200.5 196.2 191.9 189.5 188.7 189.7 189.3 185 180.2 176.7 173.6 171.4 169.3 166.2 166.8 165.2 161.4 155.8 152 149.3 146.9 144.5 141.5 138.3 136.7 136.5 135.2 134.2 132.7 130.3
170.9 173.6 176.1 178.5 180.1 181.4 181.9 181.8 180 179.5 179.9 180.8 180.9 182.5 184.4 186.4 188.8 190.8 193.2 196.3 200.3 205.8 208.5 211.2 214.2 217.2 219.9 222.4 226.4 230.7 234.4 238 241.7 244.1 245.7 246.2 245.3 242.6 239.8 236.5 233.3 227.2 223 218.8 215.1 211.1 206.2 202.9 199.3 194.9 189.8 185.9 182.9 181.5 181.9 180.2 177.1 173.6 170.8 167.5 163.8 160.9 157.4 154.6 151.1 148.6 146.4 145 143.9 142.7 140.6 137.8 134.4 132.6 131.2 130.6 128.8 127.5 125.8
173.6 176.2 178.6 181 182.8 184.5 185.2 185.2 183.6 183.2 182.6 183.3 183.2 183.7 185.6 187.8 189.9 192.4 195.9 200.4 205.1 209.5 212.4 214.7 217.4 219.8 222.7 225.2 228.5 231.8 235 237.8 240.7 242.9 244.4 243.6 241.5 239.1 235.6 230.2 226.1 223.1 216.5 212.6 207.8 203.1 201.9 197.9 193.1 189.5 184.7 180.1 176.2 173.5 171.9 171.4 169.5 167.7 164.2 159.3 154.5 151.8 148.5 145.7 142.7 139.3 140.3 139.3 138.1 137.7 136.5 133.9 130.6 127 125.1 124.2 123.9 122.9 121.6
175.1 177.8 180.6 183.4 185.2 186.9 187.7 187.7 187 185.6 184.5 184.9 185.3 186.1 187.5 189.7 192.2 194.8 198.9 203.8 208.6 212.8 215.3 217.6 219.8 221.5 223.4 226.6 229.7 231.6 234.4 236.8 238.6 239.9 239.7 238.7 237.4 233.4 228.9 225.2 220.1 215.1 210.7 206.4 202.4 199.6 195.1 191.6 188.1 184.1 179.2 174.4 170.3 166.7 165.6 164.3 162.2 160 155.6 150.6 146.6 143.6 140.6 138.8 136.8 135.8 134.4 133.6 133.3 132.9 131.8 129.7 127.2 123.5 120.5 119 118.9 118.4 117.8
176.4 179.1 181.9 185.1 187.6 189.1 190.4 190.6 190.2 188 186.6 186.9 187.3 188.4 189.9 191.6 194.2 197.9 202.4 206.6 211 214.4 217 219 220.6 222.2 224.1 227.3 229.2 231.1 232.9 234.3 235.1 235.8 235.6 234.6 231.8 227.9 223.1 217.8 213.9 210.3 205.1 200.5 196.4 192.7 188.7 185.3 181.7 176.9 172 167.8 164 160.4 159.5 156.9 154.7 151.3 148.7 144.3 140.2 136.6 134.5 132.2 129.9 128.5 128.2 128.6 128.4 128.1 127 125.7 124 120.6 117.5 115.2 114.8 114.2 113.6
177.4 180.3 184 186.9 189.4 191.2 192.4 193.1 192.5 191.3 189.8 189.2 189.4 190.9 192.8 194.9 198 201.6 206.3 209.4 212.9 216.3 218 219.7 221.3 223 224.4 226.2 228.1 229.1 230.2 231 231.5 231.1 230.5 228.2 223.9 220.2 216.5 212.8 209.1 205 200 195.6 191.4 185.5 180.5 177.4 173.6 169.5 165.6 162.2 159 153.9 152 149.5 147.2 145 141.8 137.9 133.7 130.7 128.5 126.3 124 122.2 123 123.5 123.3 123.2 122.7 121.6 120.1 117.7 115.1 112.7 110.9 110.2 110.1
178.6 181.5 184.9 188 190.7 193 194.1 195 194.6 193.4 192.6 192.2 192.5 194.9 196.7 199 202.4 206.4 210.2 213.9 215.7 218.3 219.5 220.7 221.2 222.4 223.3 224.6 225.9 226.4 227 227.2 226.4 224.8 224.1 221.7 219 215.4 211.9 207.9 203.6 200 195 189.9 183.1 177.2 172.5 168.2 164.5 162 160.2 157.4 154 150.5 145.4 144.1 141.7 139.1 135.9 130.9 127.3 124.7 122.4 120.2 118.2 116.2 117.6 118.1 117.8 118 117.9 117.8 116.9 115.4 113.4 110.8 108.3 107.1 106.8
179.5 182.7 185.9 188.8 191.7 193.7 195.1 196.5 196.6 196.4 196.8 196.5 197.7 198.5 200.5 204.1 207.8 212.5 215.9 218 218.2 220.1 220.7 220.4 220.1 221.2 221.7 221.8 222.6 223.2 222.7 222.2 221.4 220.1 218.2 216 213.6 209.9 205.8 202.1 198.7 193.3 187.1 179.7 174.1 169.2 165.4 161.7 158.7 156.2 154.3 152.3 148.5 144.6 139.2 137.7 136 132 127.9 123.9 121.3 119.2 117.2 116 114.4 111.7 112.4 112.3 113.7 113.8 113.7 113.9 113.9 112.6 110.8 108.4 106.2 104.5 103.9
180.2 183.5 186.6 189.6 192.4 194.2 196.4 197.8 198.9 200.3 200.7 201.9 204.2 206.1 207.7 210.3 213 215.4 217.7 219.3 219.9 219.9 219.6 219.3 218.5 218.5 218.5 218.8 218.9 218.5 218 217.4 216.2 214.6 212.4 209.8 206.9 202.7 199.6 195.1 189.9 182.1 175.4 171 167.9 164.2 162.1 157.8 153.8 149.9 144.5 142.5 139 136.9 134.4 132.3 129.3 125.9 122.9 119.8 116.7 114.8 113.8 112.3 110.8 109 108.7 108.9 109.3 109.7 109.6 109.8 110.2 110.1 109.4 106.9 104.5 102.1 100.7
181.6 184 187.2 190.5 192.8 194.9 197.1 199.1 200.8 203.1 205.5 208.3 210.6 212.3 214.2 216 217.2 218.5 219.2 219.7 219.4 219 218 217 215.8 215.4 215.3 215.2 215 214 213.2 212.2 210.5 208.3 205.3 202.5 199.4 191.3 185 179.9 174.1 171.4 168.4 165.5 163.2 160.9 157.1 152.9 149.1 145 139.2 136.2 133.8 132.5 129.5 127.2 124.4 121.6 119.2 116.4 113.7 111.6 109.8 109.4 108 106.8 105.6 106.5 106.3 105.9 105.6 106.3 107 107.7 107.2 105.9 103.3 99.6 97.6
183.3 185.7 188.5 191.1 193.5 196.1 198.2 201 203.7 206.8 210.3 212.9 215.2 216.8 218.4 219.2 219.9 220.2 220.1 219.3 218.4 217.5 215.8 214.5 213.1 212.2 211 210.7 210.2 209 207.2 205.4 202.9 200.5 195.9 189.1 183.1 178.1 173.7 169.8 166 163 160.6 158.6 156.1 153.4 149.1 146.9 141.8 137.8 133.9 132.1 129.8 127.5 124.9 123 120.7 118.2 116.3 113.9 111.4 109.3 107.2 105.9 104.7 104.4 102.8 102.6 102.6 102.2 102.1 102.6 103.4 103.7 104.4 103.5 101.6 98.5 95.5
184.1 186.5 189.3 191.9 194.1 197 199.6 203.5 206.8 209.9 213.6 217 219.4 220.8 221.6 221.9 221.8 220.9 220.1 218.9 217 214.2 212.5 211.2 204.5 204.9 205.8 205.1 204.3 201.7 199.3 196.3 192.6 188.8 184.2 177.9 173.3 169.4 166.2 162.1 157.8 154.6 153.3 150.3 147.7 145.1 141.7 138 134.3 131.8 130 127.4 124.8 122.7 120.8 118.8 117.1 115.3 113.6 111.3 109.5 106.8 105 103.4 102.6 100.2 100.2 99.9 99.5 99.1 98.7 98.9 99.6 100.6 101.4 101.1 99.5 97.1 94.1
185 187.2 189.9 192.2 194.9 197.9 201.7 205.1 209 212.5 216.6 220.2 222.2 223.2 223.7 223.3 222.1 221 219.7 217.2 214.5 211 208.4 205.5 204.2 202.8 200.2 199.1 195.5 191.3 187.3 183 178.2 176 172.5 169.3 165.2 161.3 157.9 154.5 152.4 149.7 146.9 145 141.6 138.3 136.2 133.5 130.8 128.6 126.2 123.6 121.6 119.5 117.9 115.9 114.3 112.8 110 106.4 104.6 103.5 102.3 101.2 100 98 96.6 96.5 96.5 96.6 96.2 95.7 96.3 97.3 98.2 98.6 97.4 95.3 91.8
186.5 188.2 190.8 193.5 196.8 200.5 204.1 206.9 210.6 215 219.3 221.4 222.8 223.6 223.8 222.9 221.6 220.3 218.5 215.3 212 208.4 204.4 201.5 198.8 196.6 191.5 188.9 182.9 178.3 172.7 170 167.6 165.8 163.5 160.6 158.1 155.5 153.2 149.9 147.7 145.2 142.8 140.1 137.1 134.6 132.6 129.6 127.7 125.3 122.9 121.3 119.8 117.7 116.1 114.6 112.2 110.3 108.2 105.2 102 100.3 98.5 98.2 96.7 95.9 93.9 94 93.9 94.3 94.1 93.3 93.1 94 94.8 94.9 93.9 92.4 89
188.5 190.8 192.4 195.1 197.7 201.4 205.1 208.6 212.8 215.9 218.9 221 222.2 222.6 222.4 221.1 219.8 218.2 215.7 212.7 208.9 205 200.6 196.2 192.7 188 181.9 177.1 173.4 169.4 166.7 164.4 162.9 160 157.8 155.7 153.2 151.2 149 145.6 143.1 141.3 139.3 135.9 131.8 130.7 127.7 126.5 124.6 123 122.2 120.5 118 116.2 115.1 113.1 110.6 107.7 107.2 105.9 104 101.8 100.3 98.8 93.7 93.6 92.3 92 91.8 91.6 92.2 91.7 90.4 90.9 90.7 90.2 89.2 87.3 85.3
190.6 193.3 194.4 196.6 199.4 203 206.3 209.9 212.6 216.1 218.4 220 221.2 220.5 219.7 218.7 216.9 214.5 212 208.1 204.7 200.8 193 187.4 183.4 179.8 176.4 172.8 168.9 165.6 162.9 160.8 158.1 154.5 150.8 149.1 147.8 145.4 143.9 141.1 140.6 139.7 140.6 142.4 142.7 139.8 136.9 132.4 126.7 123.5 121.3 119.2 117.5 113.6 113.2 112.5 115.9 117.1 113.8 115.9 119.1 117.4 114.4 110.5 106.8 99.1 91.4 90.7 90.9 90.3 89.4 88.9 88.8 87.1 86.1 84.6 83.2 81.1 78.8
191.7 193.9 195.5 198 201.2 204.4 206.9 210 212.9 214.9 216.8 218 218.3 217.6 216.9 214.9 213 209.7 206.3 203 198.1 191.1 187.6 183.4 178.8 175.7 172.6 169.4 165.7 162 159.2 157.2 154.1 151.1 150 147.1 144.9 144.5 143 142.3 144.7 148.6 152.7 154.2 154.3 149.6 144.8 138.6 134 131.3 129.8 128.4 127.9 126.9 126 121.3 124 126.5 129.3 131.5 132.4 131.7 129.7 125.2 118.2 110.3 100 92.9 89.3 89.9 88.3 87.4 86.4 85.3 83 82.6 82.8 82.2 82.1
191.9 193.8 196.9 199.9 202.1 204.2 206.8 209.3 211.5 213 214.2 214.8 215 215.1 213.3 210.9 208.3 204.4 199.9 196.2 191.7 187.7 184.3 180.4 176.8 173.8 170.8 167.7 164.2 161 157.4 155.4 153 151 150.3 151.2 151.5 152.3 151.8 153.7 155.2 157.8 158.6 157.5 155.1 152.9 149.6 146.5 144.3 143.5 141.9 141.1 139.6 137.9 135 132.1 130.9 131.1 133.4 135.2 136.6 136.8 135.1 131.8 126.6 118.7 108.2 98.2 90.9 88.6 88.1 87.2 86.4 90.9 89.7 87.6 87.8 93 100.1
192.9 195.3 196.8 199.5 201.4 203.5 205.7 207.7 209.2 210.4 211.3 211.3 211.4 210.3 208.6 205.9 201.5 197.2 194.7 192 188.2 184.4 181 177.9 174.7 172 169.3 166.8 163.8 161.1 159 156 154.8 156.7 156.8 158.1 158.6 159.2 160.1 161.1 161.3 161.1 160.7 159.2 157.1 155.2 153.8 152.4 150.7 149 147.7 145.6 143.4 141.3 139.1 137.5 136.7 136.9 137.3 137.9 139 138.8 137.5 135.2 130.8 123 108.1 106.9 104.9 102.3 103.2 105.3 106.1 107.8 109.4 110.3 110.4 109.8 107.3
194.1 196.3 197.3 199.1 200.6 202.5 204.4 205.5 206.9 207.6 207.9 207.9 207.1 205.7 202.6 198.5 195.9 193.5 191 188.4 185.6 181.8 178.9 175.7 173.6 170.9 168.1 165.5 162.8 160.2 158.4 157.1 158.2 159.7 159.6 160.3 161 162 162.6 163.5 164 162.6 162.4 160.9 159.4 157.9 156.3 155 153.9 151.8 149.7 147.7 145.6 143.5 141.6 140 139.4 139.2 139.4 139.9 140.5 140.4 139.6 137.2 133.2 127 122.5 118.3 113.8 110.4 110.3 112.2 113 115.3 116 116.5 115.9 114.8 111.9
195.8 196 197.5 199.3 200.4 201.4 202.8 203.4 204.3 204.2 204.5 203.4 200.9 197.7 195.6 193.8 192.2 189.7 187.4 185.2 182.5 179.6 176.9 174 172.2 169.2 167.7 164.2 161.4 160.6 158.6 159.6 161.5 161.6 161.6 161.6 162 162.5 163 164.1 164.4 163.6 163.1 161.5 160.7 159.3 158 156.7 155.2 153.3 151.5 149.6 146 144.7 142.9 141.4 140.2 140 139.9 140.5 141 141.6 140.7 138.5 135.5 132.5 128 122.9 119 115.2 113.4 112.4 114.2 116.2 117.1 116.9 115.9 115.5 112.9
196.1 196.3 197.2 198.6 199.4 200.6 201.2 201.8 201.3 201.5 199.7 197.7 195.6 194 192.7 190.8 188.8 186.9 185 182.4 180.6 178.4 175.9 173 170.9 167.9 165.9 163 161.7 160 162 163 163.6 163.5 163.2 162.3 162.3 162.3 162.5 163.8 163.8 163.3 162.9 161.3 160.2 159.4 158.5 157.2 155.8 153.9 152.1 150.3 148.1 145.9 143.4 141.4 139.6 139.1 140.4 141 141.9 142.6 142 140.6 138 135.2 131.2 126.6 123.1 119.5 116.4 112.7 111 114.9 115.1 114.4 113.4 112.8 110.1
197.1 196.6 197.1 197.8 198.3 198.9 199.4 198.9 198.4 197.7 196.4 194.2 193.1 191.6 190.2 188.2 186.5 184.7 182.6 179.5 177.2 175.8 173.9 171.5 169.3 167.1 164.8 164.5 164.5 164.8 166 165.3 165.5 165.3 163.7 162.4 162.1 161.8 162.5 163.5 163.3 163.1 162.6 161.1 159.7 158.7 157.7 156.6 155.3 153.3 152.5 150.8 148.2 145.2 142.4 140.9 138.9 138.4 140.4 142 143 143.6 143.7 142.7 140.3 137.7 133.3 130.1 126.7 123.3 119.2 114.4 106.7 108.9 110.1 109.2 107.9 105.2 102.1
197.5 197.4 197.4 197.7 197.7 198 197.5 197.7 196.9 195.3 193.8 191.9 191 189.4 187.9 186 184.2 182.5 180.4 177.8 175.4 172.9 171 169.5 168.1 167.1 167.5 168.5 169.2 169.4 168.6 167.4 166.7 165.6 164.4 161.9 161.1 160.4 161.4 162.8 163 162.7 162.5 161.1 159.4 157.7 156.5 155.5 154 152.8 152.1 150.1 147.1 144.8 141.3 138.4 136.2 137.6 139.5 140.9 143.1 143.9 144.3 143.5 140.9 138.7 135 131.7 127.9 124.4 120.3 114.3 106.9 101.8 102.9 103.4 95.8 91.1 86.4
198.1 197.8 197.8 197.8 197.2 197.3 196.6 196.3 195 193.4 192.3 190.8 189.7 190.3 185.7 184.8 183.4 181.8 180.1 178.4 175.3 172.8 172.3 172.1 172 171.8 172.6 173 173.2 170.8 169.7 167.9 166.6 165.3 163.5 161.2 159.8 158.2 160.5 162.2 162.6 162.7 162.5 161.7 159.9 157.9 155.8 154.2 152.1 151.1 149.6 147.6 144.8 141.5 137.7 134.6 133.1 134.5 137.1 139.3 141.3 142.8 143.4 142.7 140.7 138.5 135.6 132 127.6 123.6 118.7 113.3 106.7 96.1 85.2 83.6 79.2 76.3 74.7
199 198.2 198.1 197.5 196.9 196.6 196.5 195.3 193.9 192.8 191.6 190.6 189 188 186.3 186.5 186.4 185.5 184 181.2 177.4 173.6 175.9 178.6 179.5 178.6 178.6 177 174.8 172.3 170.4 168.4 165.5 163.7 162.1 160 157.9 154.8 158.4 159.5 161.3 162 161.8 160.8 159.5 157.5 155.5 153.6 151.4 149.1 147.1 144.7 141.1 137.4 133.8 131.1 129.7 131.2 134.1 137.2 139.5 141.5 141.6 141.2 139.6 136.8 133.2 129.2 124.1 119.6 114.4 108.8 101.7 86.7 77.5 75.6 74.2 73 72.8
