Assets/StreamingAssets/GeoData/Data/sn/SN13.asc
ncols 200
nrows 200
xllcorner 210000
yllcorner 230000
cellsize 50
[rows 70 to 104 of 200, columns 78 to 155 of 200]
97.6 95.2 105.5 106.2 107.3 108.8 109.7 110.5 112 112.9 113 114.2 115.1 115.5 115.8 117 117.2 117 116.7 116.7 116.1 115.5 115.2 116 116.9 117.8 118.9 119.9 121.2 122.5 124.2 125.9 126.3 127.5 128 128.5 128.6 128.7 129 129.8 130.7 131.8 133 133.8 133.9 133.3 132.7 131.9 131.1 130.8 130.6 128.9 129.2 130.9 132.9 134.3 136.3 138.3 138.7 138.7 138 137.1 134.8 132.5 130.3 128.6 127.5 128.9 134.7 139.9 144.6 149.1 154 158.8 163.2 167.6 171.2 175.2
101.7 95.6 105.2 106.1 107 108.7 110.1 111.1 112.8 114 114.1 115.1 116.5 117.3 117.6 117.9 118 118.2 118.3 118.3 117.7 117.1 116.8 117.5 118.4 119.5 120.3 121.7 123 124.1 125.1 126.3 127.3 128.1 128.5 128.4 128.6 129.2 129.2 129.5 130.3 131.2 132.4 133.8 134.8 134.2 133.8 133.5 133.2 133.3 132.9 131.7 132.1 133.4 135.5 136.8 138.7 140.7 140.7 140.9 140.6 139.6 137.4 135.4 132.9 130.5 128.8 128.2 136.4 140.3 144.3 148.7 153.1 157.3 161.6 166.2 170.9 174.6
99.5 94.9 101.6 105.3 106 107.8 109.8 111.4 112.6 113.9 114.8 116.1 117.4 117.8 118 118.2 118.4 118.8 118.9 118.7 118.9 118.8 118.4 119.1 119.9 121 121.7 122.6 124 124.6 125.5 126 126.7 127.6 128.1 128.4 128.3 128.6 129 129.3 130.3 130.6 131.8 133.8 135.1 136.3 136.5 136.4 136.2 136.1 136 134.7 136.1 137.3 138.2 139.2 142 142.8 143.2 143.1 142.8 142.1 140 138 135.7 133.7 131.7 128.9 135.2 139.5 143.9 148 151.7 155.7 159.8 164.1 168.9 173.7
99.7 94.9 97 98.5 103.9 106.9 109.4 111.4 112.7 113.9 114.6 116.2 117.3 117.8 118 118.2 118.4 118.9 119.4 119.1 119.3 119.9 120 121.6 121.6 122.6 123.2 123.7 124.2 124.8 125.2 125.6 126 126.9 127.1 127 127 127.5 128 128.2 129.2 130.2 132.2 134.1 135.6 137.7 138.8 138.7 138.4 138.1 138 137.2 138 140.9 141.6 143.4 145.1 145.8 146.3 145.6 145.1 144.2 142.7 139.9 137.4 136.3 135.7 131.1 130.8 140 144.3 147.3 151.1 155.3 159 163 167.5 172.5
99.3 94.9 97.1 98.8 102 105.3 108.2 110.8 112.6 113.6 114.7 115.6 116.4 117.2 117.8 118 118.3 118.8 119.5 119.7 120.6 121.2 121.7 121.9 122.5 123.1 123.7 124.2 124.7 124.2 124.5 125 125.9 125.9 126.1 126.1 126.2 126.3 126.8 127 128.2 130.2 132.1 134 136.4 138.8 140.4 141 141.2 142 141.4 140.8 140.1 143.3 145.1 146.8 148.2 148.8 149.2 148.4 147.5 146.2 144.1 141.7 139.8 139.2 138.4 135.8 130.9 135.7 143.8 147.5 151.2 154.3 158.2 162.2 166.1 170.5
105.1 101.4 97.3 97.9 98.8 102.6 107.1 110 112.5 113.5 114 114.6 115.7 116.5 117.2 117.7 118.1 118.7 119.5 120.2 120.9 121.6 121.9 122.6 122.8 123.2 123.8 124 123.7 123.8 124.1 124.2 124.3 124.2 125.2 124.2 124.5 124.2 124.9 126.7 128.5 129.8 131.3 133.8 136.8 139.9 141.5 143.6 144.4 144.9 144.6 143.4 143.5 146 148.3 149.5 150.6 151.6 152.1 151.3 150.3 148.5 146.3 143.9 142.6 141.8 141 140.1 135.7 130.3 141.2 146.5 150.3 153.3 156.6 160 163.5 166.6
105.8 103.5 99.3 98.4 98.2 99.2 104.5 108.4 110.9 112.3 112.9 113.7 114.9 115.8 116.5 117.1 117.8 118.9 119.7 120.5 121.1 121.5 122.4 123.1 123.3 123.6 123.6 123.7 123.7 123.6 122.9 122.5 122.4 122.8 122.9 122.2 122.6 122.7 125.2 127 128.8 130.4 132.5 135.1 138 140.8 143.8 145.7 146.9 147.5 147.9 147.7 147 149.2 151.4 152.8 153.7 154.5 154.9 154.4 153.3 151.3 148.8 146.9 146.5 145.2 144.6 142.3 139.9 136.2 132.9 143.6 148.5 151.8 153.7 157.2 160.8 164.5
105.9 103.8 101.5 100.1 99.1 99.1 99.5 106 109.4 111.2 111.8 112.9 114.2 115 115.8 116.5 117.5 118.3 119.1 120.1 120.9 121.4 122.4 123 123.3 123.5 123.3 123.1 123 122.6 120.9 119.6 120.3 121.7 122.1 120.6 120.7 123.3 125.4 127.3 128.9 131.3 134.1 136.6 139 142.2 145.2 147.4 149.4 150.4 151.1 151.7 151.3 152.6 154.8 156 157.8 158.6 158.1 157.7 156.7 154.7 152 150.6 149.3 148.1 146.9 145.1 142.6 139.3 132 138.6 145.6 148.6 151.2 150.4 156.8 163
106.4 105.3 104.3 103 101.4 101.8 99.4 99.4 102 107.3 110.1 112.1 112.7 114 115.1 115.9 117.2 117.7 118.7 119.8 120.7 121.5 122.3 122.9 123.1 123.1 122.7 122 121.4 120.6 116.2 117.1 118.2 119.3 119 120.5 122.5 123.7 125.6 127.2 128.9 131.9 134.8 137.5 140.3 143.6 146.6 148.9 151.2 152.8 153.7 154.3 154.9 155.9 157.6 158.8 160.4 161.1 161.3 160.8 159.9 158.2 155.3 153.7 152.4 151.1 150 148 145.5 142.2 137.4 136.1 141.2 143.2 144.7 152.2 156.9 162.6
107.8 107.4 106.2 105.3 104.2 104.6 101.9 100.6 100.9 101 103.8 110 110.9 112.9 114 115 116.2 117 118 119.1 120.2 121.4 122.2 122.7 122.5 122.2 121.3 119.8 117.6 115 115.5 116.1 116.8 117.8 118.2 119.6 121.4 123.4 125.3 126.8 129.5 132.7 135.5 138.3 142.4 145.5 148.2 150.8 152.9 154.3 155.7 156.4 157.4 158.3 159.1 161.3 162.7 163.5 163.8 163.7 163.1 161 159.3 157.7 156.4 155.5 153.4 151.2 148.7 145.7 140.9 135.3 136.9 141.8 148.9 152.4 156.8 161.9
108.6 108.1 107.9 107.3 106.9 106.4 103.9 100.9 102.9 104.1 103.9 103.2 103 105.8 111.5 112.8 114.6 115.9 117.2 118.4 119.1 120.4 121 121.4 121.7 120.7 118 112.9 113.5 114 114.7 115.3 116.3 117.3 118.3 118.9 120.8 122.9 124.9 126.9 129.8 132.9 136.1 139.5 143.2 146.3 149.2 152 153.8 155.3 156.6 157.7 158.7 159.7 161.2 162.9 164 165.5 166 166.3 166 164.7 163.2 162.3 160.3 158.8 157.1 154.5 152 148.3 143.6 136.7 140.6 140.6 144.6 150.7 156.3 161.5
109.4 108.8 108.6 108.5 108.5 107.8 104.6 100.7 104.2 106.6 107.9 108.1 107.7 105.9 104.5 104 109.6 114.2 115.2 116.7 117.8 118.6 119 119.8 119.7 115.7 112.4 113.3 112.6 113.5 114.5 114.9 116 116.8 117.5 118.4 119.6 121.4 123.8 127.6 130.7 133.7 136.7 140.2 143.4 146.4 149.8 152.3 154.2 155.8 157.6 158.5 159.6 160.7 162.5 164.2 165.3 166.6 167.5 167.8 167.4 167.1 166 165.1 163.5 162 159.7 158.1 155.6 152.2 145.3 138.4 145.1 145.4 145.3 146.2 154.6 160.5
109.5 109.6 109.3 109.1 109 108.4 106.3 101.4 104.8 107.3 108.8 109.9 110.5 110.4 109.9 108.5 106.5 106.4 110 114.4 114.8 114.8 111.1 110.5 110.8 112.1 113.4 115.5 117 117.9 118.9 120.2 119.2 117.5 117 118 119.3 120.4 123.8 127.7 129.9 133.3 136.9 140.1 142.8 145.4 148.8 151.8 153.9 155.9 157.7 158.8 159.9 161 163.3 164.8 165.9 167.3 167.9 168.5 168.5 168.1 167.8 167.2 166.1 164.5 162.8 160.9 158.4 154.7 142.9 141.6 149.2 150.5 149.6 148.4 149.6 158.1
109.7 109.8 109.8 109.4 109.1 108.2 106.8 102.8 105.4 107.9 109.7 111.1 111.8 112.3 112.4 111.8 110.9 109.7 108.7 107.8 107.5 108.3 109.9 113.5 114.7 115.7 116.1 117.4 119.2 120.2 120.5 121.5 121.2 120.1 119.6 117.7 119.8 120.6 123.1 127.4 129.1 131.9 135.4 138.9 141.9 144.3 147.7 150.3 152.5 154.6 157.1 158.8 160.2 161.4 163.2 164.6 166.6 167.8 168.6 169.1 169.5 169.3 169 168.7 167.9 166.8 164.8 162.8 160.9 156.5 141.5 145.8 153.3 154.7 155.3 153.6 151.4 153.4
109.7 110 110 109.4 108.7 108.1 106.1 102.9 106.3 108.5 110.5 112.1 113 113.5 113.7 113.2 112.9 113.1 112.2 111.2 110.5 112.9 115.3 116.7 117.5 118 117.7 118.8 120.1 121.5 121.8 122.1 122.6 122.8 122.4 121.5 120.3 120.3 121.3 124.4 128.4 130.6 133.9 137.2 140.6 143.4 146.2 148.4 150.7 153.5 155.8 157.5 159.5 161.4 163 164.6 166.1 167.7 169 169.6 170 170.3 170.1 169.7 169.5 168 166.9 164.8 162.2 157.8 142.5 149.8 155.6 157.7 158.8 159.1 158.2 156.9
109.6 110.1 110.2 109.6 108.3 106.8 104.5 103.7 105.3 108.9 110.5 112.4 113.4 114.2 114.6 114.7 114.3 114.6 114.5 113.9 113 113 115.2 116.4 117.7 118.4 119 120.2 121.8 122.5 123 123.3 123.6 123.9 124 123.4 123.1 121.9 120.8 122.5 125.6 129.8 132.1 135.4 138.7 141.6 144.2 147.1 149.3 151.8 154.9 157 158.9 160.7 162.2 163.7 165.7 167.7 169 169.7 170.5 170.4 171.1 171.2 171 169.4 168.5 166.2 163 157.6 139.8 152.5 157.6 159.7 161.5 162 163 163.4
110.3 110.3 110 109.4 108.2 105.8 104.2 103.7 106.4 109.3 111 112.7 113.4 114 114.8 115 115 114.8 115 115 114.4 114.4 114.8 116.1 117.8 118.9 120.7 121.6 122.2 122.8 123.8 124.3 124.3 124.5 125 125.3 125.2 125.3 124 122.6 122.5 124.9 129.8 132.7 136.3 139.8 142.1 144.8 147.7 150.5 153.4 155.1 157.4 159.8 161.3 163 165.3 167.6 169 169.6 170.3 171.3 172 172.1 172.2 171.1 169.2 166.9 163.4 157.3 139.9 154.9 159.2 161.7 163.6 164.5 165.5 166.6
110.9 110.9 110.6 109.3 108 106 105.2 104.6 106.5 109.5 111.1 112.2 112.3 112.6 113.7 114.8 114.8 115 115.2 115.5 115.8 116 115.9 116.3 117.4 119.5 121 121.9 122.8 123.4 124.4 125.2 125 125 125.5 126.2 126.5 126.4 126.1 125.1 123.7 124.2 125.5 129.9 134.7 137.3 139.8 142.6 145.4 147.9 150.6 153.1 155.5 158.4 160.4 162.6 164.9 167.2 169.1 170.2 171.3 172.2 172.8 173.1 172.9 172 169.8 167.4 164 155.3 140.6 157.4 160.7 163.2 164.9 166.2 167.6 168.9
111.6 111.5 111.3 110.5 108.6 106.6 105.6 105.4 107.2 109 110.4 111 111 111.3 112.6 113.8 114.9 115.1 115.4 115.9 116.3 116.9 117 117.1 118.2 119.4 121 122.1 123.1 124 125 125.4 125.8 125.6 126.3 126.9 127.3 127.6 127.4 127.3 126.9 125.2 124.8 126.2 130.6 134.7 137.5 140.3 142.8 145.3 148.4 151 153.5 156.8 159.8 162.2 164.5 166.5 168.6 170.6 171.9 172.9 173.4 173.7 173.4 172.2 170.5 167.5 163.9 151.1 143.5 158.4 161.6 164.2 166.3 167.6 169.3 170.9
111.7 111.8 111.8 110.6 109.4 107.2 106.4 106.3 106.7 108.3 108 109.6 108.7 110.1 111.4 113 114.8 115.2 115.9 116 116.8 117.5 117.9 118 119 119.9 121.1 121.8 122.8 124 124.7 125.7 126.8 126.8 127.3 127.6 128 128.5 128.6 128.3 128.6 127.7 125.8 125.8 127.3 131.3 135.1 137.6 140.1 143.3 146.1 149 151.8 154.9 158.7 160.8 163.9 166.3 168.5 170.6 172.4 173.2 173.7 173.8 173.5 172 170.2 167.1 163.3 144.5 150 158.4 162.2 165.1 168.1 169.1 171.1 173.1
111.9 111.5 111.7 111 109 107.6 107.4 107.3 107.3 107.4 107.2 108.7 108.7 109.2 110.3 112.1 113.9 115.3 115.8 116.4 117.4 118.2 118.5 118.9 119.5 120.2 121.5 122.1 123.2 124.2 124.9 126.5 127.4 127.7 128.7 129 129.2 129.4 129.5 129.3 128.7 128.5 127.9 126.8 127.8 128.8 132 134.9 137.5 141 144.4 147.7 150.3 153.8 157.4 159.9 163.7 166.4 168.9 170.8 172.4 173.7 173.9 173.9 173.2 171.6 169.6 166.4 161.3 143.7 149.4 158.3 163.1 165.4 168.6 170.5 172.8 174.8
111.9 111.9 111.5 110.5 108.8 108.5 108.7 108.4 108.4 108.5 107.9 108.6 109.6 110 110.3 111 112.9 114.9 116.2 117.1 117.9 118.9 119.4 120.1 120.2 120.9 121.9 123.2 123.9 125.3 126.1 127.4 128.2 128.7 129.2 129.7 130 130.2 130.4 130.6 130.5 130.4 129.5 128.5 127.9 128.7 130 132.4 136.3 139.8 143.3 146.4 149.4 153 156.2 159.5 162.8 166.7 168.4 170.9 172.4 173.6 174.3 173.7 172.5 170.9 168.2 164.1 159.1 143.7 146.6 157.3 161.6 165.2 168.4 170.9 173.1 175.5
112.4 112.1 111.7 111.5 110 109.3 109.7 109.5 109.6 109.9 109.6 109.7 110.9 111 111 111.3 112.8 115.1 117 117.7 118.8 119.3 120.3 120.8 120.9 121.7 123.1 124.2 125.4 126.1 127.7 128.7 129 130 130.4 130.9 131.1 131.2 131.4 131.6 131.8 131.5 131.3 130.6 130 129.1 129.5 132.1 135.7 139.2 142.3 145.2 148.6 152.4 155.6 159.2 162.8 165.1 168.2 169.8 171.9 173.1 173.5 172.4 171.5 169.9 167 163 157.5 147.3 145.2 153.6 160 163.6 167.2 169.7 172.3 175.5
113.2 112.8 112.7 112.5 111.3 111 110.7 111.2 111.2 111 110.8 109.9 111.3 111.9 112.2 112.4 112.6 113.6 115.8 118.5 119.6 119.9 120.9 121.1 121.7 122.5 123.7 125.3 126.6 127.5 129.2 129.7 130.5 131.7 132.3 133 132.8 132.8 133 133.2 133.6 132.9 132.6 132.1 131.4 130.5 130.4 130.6 134.8 138.8 141.3 144.6 147.7 151.3 155.1 158.5 161.6 164 166.4 168.6 170.7 171.7 171.5 171.6 170.1 168.3 166.2 161.9 158.2 150.8 144.2 147.7 156.6 161.6 165.4 168.3 171 174.8
114.1 114 113.8 113.6 112.2 111.8 111.3 111.8 112.4 113.2 111.3 110.3 111.3 112 112.9 113 113.5 114.6 115.7 117.5 118.7 119.5 121 122.1 122.8 123.6 124.4 125.8 127.6 128.4 129.8 130.5 131.6 132.7 133.6 134.3 134.4 134.4 134.8 135.3 135.6 134.5 134 133.6 133.2 132.3 131.8 131.3 133.2 137.7 141 144.1 147.2 150.8 154.3 157.3 160.4 162.8 165.2 167.5 169.1 170.5 170.3 170.3 168.7 167.5 165.2 160.5 158.6 153.3 146.3 147.7 147.8 155.7 163.2 166.1 169.7 173.8
116 116 115.7 115.3 113.9 113 112.9 112.8 113.3 113.1 112.5 112 112.6 113.4 114.1 114.3 114.6 115.6 116.5 117.6 118.7 118.6 120.9 121.7 122.6 123.8 125 126.4 127.9 129.2 130.5 132.3 133.4 134.7 135.3 136 136.3 136.7 136.9 137.4 137.5 136.6 135.9 135.5 135.2 134.1 133.9 133 132.9 135.8 140.4 143.5 146.7 150.2 153.4 156.2 159.1 161.5 163.9 166.4 168.1 168.9 169 168.9 167.7 166.4 164.8 161.4 159.1 152.4 149.6 153.6 151.9 149.3 154.7 163.1 167.3 171.9
118.9 118.6 119.9 117.7 116.2 115.3 114.9 115.3 115.3 114.6 113.8 113.7 114.3 115 115.3 115.2 115.4 116.7 117.7 118.6 119.4 120.1 120.4 121.3 122.5 123.8 125.8 127.1 128.6 130.6 131.7 133.2 134.7 136.1 137.5 138.3 138.8 139.2 140.1 140 139.9 139 138.1 137.4 137.1 136.3 135 133.9 133.4 135 139.2 142.3 146.4 149.4 152.4 155.3 158.2 160.7 163.1 165.6 166.8 168 168.5 168.3 167.8 166.3 164.5 161.6 158.6 149.4 153.9 159.6 156.4 154.9 150.3 154.8 163.9 169.2
122.5 121.4 122.1 120.7 119.1 117.7 117.1 116.9 117.3 117.3 116.8 115.6 116 115.9 116 116.1 116.8 117.9 119.1 119.5 120.2 120.4 121 121.3 122.6 124.1 126.3 128.1 129.7 131.3 132.8 134.5 136.1 138.1 139.5 140.8 141.7 142.6 142.8 142.7 142.6 142.2 141.1 139.9 139.4 138 137 135.6 135.4 134.8 137.4 142.7 146.1 149.3 152.6 155.4 158 160.5 163 165 167 167.8 168.5 168 166.6 165.3 163.4 161 156.9 150.6 156.3 158.1 159.2 159 157.6 151.2 155.3 164.5
126 125.4 124.5 123.5 121.7 119.9 119.3 118.8 119.2 118.9 118.6 117.5 118.2 117.8 117.4 117.4 118.4 119.6 120.7 121.3 122.1 122.6 122.2 122.7 123.1 124.7 126.9 129.4 130.9 132.6 134 135.6 137.5 139.6 140.9 143 144.2 145.4 145.5 145.3 145.2 144.8 143.5 142.2 141.3 139.8 139.1 137.4 137.7 135.4 137 141.9 145.8 149.3 152.7 155.3 158.3 160.4 162.9 164.9 166.9 167.6 168.4 167.9 166.5 165.1 162.9 160 152.3 155.6 157.9 160 161.3 162.2 161.5 159.2 152.4 154.6
130 129.5 127.6 126 124 122.4 121.3 120.9 121.4 121.1 121 120.1 119.7 119.8 119 119.1 120.1 121.3 122.2 122.7 123.2 123.5 123.6 124.4 124.6 125.3 127.5 129.8 132 133.9 135.5 136.8 138.9 140.6 142.6 144.3 145.5 146.8 147.4 147.6 147.6 147 145.5 144.3 143 141.5 140.7 139.7 139.9 138.7 137.7 142.2 146.3 148.9 152.1 155.5 158.9 161.1 164.4 166.1 167.8 168.2 168.8 167.5 166.3 164.7 162.6 159.1 152.7 156.9 159.9 161.9 163.4 164.5 164.7 163.6 161.5 157
135.1 133.6 132 129.7 126.9 125.5 124.2 123.1 123.5 123.2 122.7 121.9 121.1 120.9 120.6 121 122 123 123.7 124.2 124.9 125.4 125.5 126.1 126.9 127.9 128.1 130.3 132.6 135.4 136.9 138.6 140.5 142 143.5 145.5 146.9 148.3 149.4 150.3 150.1 149.4 147.6 146.3 145 143.7 142.8 142.2 142.3 140.9 137.4 141.4 146 147.5 152.5 155.6 159.6 162.8 165.8 167.7 168.6 169.6 169.3 168.4 166.6 164.6 162.2 158 153.5 159 162.1 163.9 165.2 166 166.5 165.9 165.1 163.2
138.5 137.2 135.3 133.5 131 128.9 126.2 125.7 125.8 125.1 124.2 122.6 122.1 122.5 121.9 122.8 124.2 125 126.3 127.3 127.4 128.3 128.4 128.9 129.8 130.8 131.1 131 133.4 135.6 137.8 139.7 141.2 142.6 144.5 146.8 148.4 149.8 151.2 152.2 152.2 151 149.5 148.4 147.2 145.9 144.8 144.6 143.9 142.1 138.8 142.1 146.8 149.1 152.1 155.6 160 164.1 167.1 169 170.2 170.8 170.5 169.7 168.2 165.6 163 158.3 154.9 160.5 164 165.7 167 167.8 168.2 167.9 167.3 166.6
141.5 140.2 138.6 136.9 134.3 132.1 129.1 128.7 127.6 127.1 126.1 124.8 124.5 124.5 124.3 124.9 126.3 127 128.5 129.3 129.9 131.1 132 131.7 132.6 133.5 134.1 134.1 134.9 137.5 138.8 140.8 142.1 143.3 145.4 147.9 150 151.4 152.7 153.8 153.9 152.6 151.8 150.6 149.2 148 146.7 146.1 145.5 143.1 139.6 141.4 146.4 149.6 151.9 155.3 160.2 164.5 167.5 169.6 170.9 172 171.6 171.2 169.8 167.2 164.7 159.8 156.2 160.6 166 167.5 168.7 169.4 170 169.9 169.1 168.3
144.6 143.4 141.8 140.2 137.1 134.9 132.3 131.2 130 129.9 128.9 128.7 127.7 127.1 127 127.6 128.1 129.1 130.4 132.3 133.1 133.9 134.5 135.4 135.4 135.9 136.8 136.9 137.3 139 140.6 142.3 143.3 144.5 146.1 148.9 151.9 153.1 154.1 154.9 155.5 154.8 154.2 153.3 151.2 150 148.7 147.6 146.5 144.4 142.1 140.9 144.6 148.8 151.6 154.9 159.9 164.3 167.8 170 171.4 172.7 172.2 171.9 171 168.6 166.1 159.3 159 165.6 166.8 169.4 170.3 171.1 171.7 171.9 171.1 170.2
148 146.7 145.4 143.4 141 138 134.8 133.1 133.1 133.1 132.3 132.1 131.3 129.8 129.8 130.8 131.4 132.6 134.7 134.7 135.7 136.6 137.6 138.6 138.8 139.1 139.3 139.8 140.1 140.7 142.4 143.9 145 146.8 148.3 149.7 152 154.2 155.1 155.6 156 156 155.4 154.5 153.3 151.8 150.6 149.6 147.7 146 144.5 143.3 143.1 147.1 151 154.2 158.4 163.4 167.1 170 171.3 172.4 172.7 172.6 171.8 169.6 167.2 160.1 161 166.2 168.4 170.2 172.1 173.5 173.9 173.8 173.4 172.5
