Assets/StreamingAssets/GeoData/Data/sn/SN20.asc
ncols 200
nrows 200
xllcorner 220000
yllcorner 200000
cellsize 50
[rows 0 to 37 of 200, columns 84 to 167 of 200]
153.3 157.7 161.9 166 168 169.9 170.8 171.1 169.7 167.6 165.2 162.4 158.6 154.7 150.5 153 153.2 152.2 150.6 149.2 145.3 134.2 120.9 105.1 103.4 113.7 128.4 138.6 141.3 142.4 141 138.8 137.8 134.9 130 126.3 123.6 119.9 107.8 88.2 69 66.9 83.9 99.7 111.1 119.5 122.9 121.2 115.9 101.7 82.4 104.6 122.2 131.4 136.7 139.1 137.8 134.4 126.8 121.6 115.5 119.5 121 121.4 122.4 119.5 118.5 117.2 114.9 106.3 81.5 62.7 68 89.7 96.4 98.6 98.5 93.9 88.6 82.9 73.7 68.9 63.8 59.4
149.9 154.7 159.8 163.4 166.1 167.9 169.5 169.1 168.4 166.4 163.5 160.9 157.5 152.2 145 148.8 148.9 145.9 143.9 141.9 134.4 120.8 104.5 108.9 114.6 129.3 143.3 145.7 147 146.7 146 143.7 140.7 138.2 133.9 130.7 127.9 123.8 118.8 109.1 92.7 69.7 66.3 81.7 97.3 106.2 111.2 112.9 110.6 97.8 74.7 92.7 116.6 128.9 136.3 138.4 136 131.5 122.3 115.9 109.9 112.3 113.3 116 115.9 113 111.7 111.4 109.1 92.5 65.6 53 68.6 83.3 86.4 88.3 86.1 81.9 74.9 65 57.7 55.6 52.6 50.3
146.8 152.9 157 160.7 164.3 165.9 167.4 168.3 167.4 165.2 162.8 159.4 155.9 151 142.9 142.1 143.5 137.1 128.6 124.8 115.8 109.7 113.2 119.3 134.6 147 149.7 150.2 150.3 149.7 148.8 147.2 144.3 139.9 135 129.4 125.2 122.1 119.6 115.1 103.1 83.4 57 59 74.3 85.1 96.6 102.6 103.2 90.9 68 86 114.9 126.7 134.7 137.6 134.2 128.6 117.5 110 101.2 101.7 101.4 104 107 106.1 105.8 105.8 101.7 80.9 52.7 44.1 64.3 74.2 74.5 74.1 70.5 63.7 55 46.1 44.2 42.3 40.6 40.4
143.6 149.3 153.9 157.7 161.8 163.8 165.2 166.5 166.3 164.2 161.5 157.9 154.4 149.1 140.3 130.6 127.3 122 126.5 126.2 123.6 122.3 126.9 140.1 152.1 153.8 153.7 152.8 152.2 151.6 150.5 148.5 145.8 141.8 135.4 129 122.1 115.6 112.4 104 91.1 77.5 70.7 54.1 50.9 62.5 69.7 76.9 80.6 72 56.8 83.7 112.7 124.1 130.1 132.2 129.9 124.2 115.8 105.4 74.7 65.4 64.5 72.4 83.5 94.2 100.1 97.8 91 73.3 47.1 37.2 56 62.6 59.6 57.1 52.4 43.7 35.5 32.4 30.6 32 35.8 49.2
143.3 147.5 151.5 155.7 159.4 162.5 163.4 164.5 164.4 163.2 159.9 156.4 152.8 143 138.5 139.8 139.2 138.7 139.7 141.4 137.3 140.5 147.9 152.8 156 155.9 155.3 154.4 153.4 152.6 151.3 149.6 148 144 139.4 132.8 124.6 114.5 110 107.3 103.6 101.2 94.3 75.8 56.4 39.8 44.1 47 52.5 47 57 86.6 113.2 119.2 124.4 127.1 123.5 117.6 112.9 102.8 80.1 54.2 45 49.9 61.1 81.3 89.2 85.8 80.6 65.8 41.3 30.4 47.5 49.8 45.9 38 31.3 25.7 25.2 28.9 31.3 32.3 35.8 41.1
142.5 145.9 149.7 152.4 157.5 161.1 162 162.6 162.2 161.9 158.3 154.3 149 144.3 148.4 149.9 149.8 149.4 149.1 148.5 147.5 150.2 152.8 156 157.4 157.5 156.4 156 154.8 153.6 152.3 150.8 149 146.2 142.9 137.8 132.8 129.2 127.3 125.9 124 121.5 112.8 99 83.1 67 49.3 31.1 24.1 28 55.7 84.4 103.4 109.7 113.7 117 115.1 112 107.4 102.8 90.1 66.1 43.3 34.4 44.1 63.4 70.6 67.3 64.1 53.9 39.8 24.3 29.5 31.3 24.8 22.4 20.2 24.7 29.9 39.5 48.2 49.5 47.4 43.1
143.3 146.8 150.6 154.8 158.1 160.8 161.1 161.6 161.5 160.2 156.8 153.5 150.2 150.7 152.2 153.1 153.5 153.2 152.9 152.5 152.5 154.2 156.2 157.4 157.8 157.5 156.9 156.3 155 154.5 152.7 152.1 150.2 147.7 144.5 142 139.1 137.8 137.7 136.1 133.3 130.4 125.7 118.7 105.4 90.9 75.7 57.5 34.8 17.2 35.2 62.7 88.3 97.6 103.2 106.3 106.1 104.7 100 94.9 88.6 74 51 30.6 32.2 42.2 46.4 46.1 45.2 40.5 33.4 17.5 16.2 16.1 17.5 20.5 27.3 39 51 56.1 54.6 54 54 54.6
142.8 146.5 150.7 155.4 159.7 161 161.1 161.6 161.3 158.3 155.4 152.8 151.1 151.9 152.7 153.9 154.8 154.4 153.3 153.9 154.8 155.8 156.7 157.2 157.2 157.1 156.5 155.6 154.7 153.7 152.5 152.2 149.9 148.3 146.7 144.5 141.7 140.8 139.9 139 137.3 133.5 129.4 125.6 120.2 112 102.5 83 54.9 21.3 19.3 46.4 70.3 81.3 86 90.6 90.9 85.5 81.4 76.2 65.4 55.7 45.7 31.7 20 24.9 26.9 27 26.3 25.7 22.3 15.5 11.2 18.2 25 32.2 42.5 44.8 48.7 49.5 49 50.4 52.4 55.9
141.1 145.2 150.3 154.7 157.8 159.7 161.2 161.8 159.8 156.7 153.2 149.6 150.1 152.1 153.1 153.7 154 153.9 154 155.1 155.8 156.5 157.1 156.6 156.1 155.5 155.1 154 152.5 151 151.4 150.9 149.6 148 147 145.6 143.8 143.1 141.9 140.9 138.8 135 129.7 125.4 122.6 116.2 107.8 93.5 63.3 28.5 11.6 27.3 49.3 56.9 64.2 65 62.5 56.9 52.5 47.7 40.7 31.6 22 16.9 13.9 13.1 13.7 13.4 13.1 11.5 10.6 8.6 8.9 19.7 31.1 40 42.3 37.1 36.2 39.4 40.6 44.2 48.4 52.8
137.7 142.3 148.1 151.9 154.7 156.6 158.1 158.3 156.3 155.1 151.4 146.4 148 150.1 151.3 151.9 152.3 152 152.2 153.6 154.7 154.8 155.3 154.3 153.4 153 152.2 151.6 150.3 148.3 148.4 149.1 148.6 147.5 145.7 143.8 142.9 143 141.7 138.8 135.8 132.5 127.7 123.3 117.2 111.5 100.7 91.6 72.1 38.6 9 11.6 30.3 34.8 35.4 35.4 32.9 28.1 24.9 22.4 17.8 11.4 8.9 8.7 9 10 9.4 8.2 7.3 6.4 5.7 6.1 6.5 15.7 23.4 26.5 29.5 27.3 26.3 29 34.2 40 42.6 61
133.1 137.6 142.8 149.1 151.5 151.6 152.8 152.7 153.5 152.7 148.5 144.5 143.3 147.3 148.4 148.6 148.9 149.3 150.1 151.6 152.6 153.2 153 151.9 150.8 150.7 150.1 149.2 147.8 146.4 139 144.6 144 144.9 143 140.9 140.1 139.9 139.1 136.3 131 124.8 119.5 115.3 108 95.9 81 68 58.7 41.1 13 7.6 15.7 18.6 18.6 18 15.6 14.6 12.1 9.3 6.7 5.3 5.1 5.1 6.4 6.8 6.7 6.1 4.4 4.5 4.1 4.9 5.3 6.6 8.3 10.3 13.3 15.8 17.3 19.4 23.8 37 52.3 58.5
127.4 132 137 141.7 143.4 144 145.5 146.7 148.1 148.5 145.3 142.4 137.2 142.5 144.1 144.9 144.9 143.7 146.3 148.3 149.6 150.4 150.7 148.9 147.2 146.8 146.2 145.5 144.6 143.5 120.8 128.5 140.6 140.9 140 137.5 135.3 135.7 134.8 132.8 124.8 109.9 100.6 94.4 83.9 71.8 54.4 41.3 33.2 20.9 6.3 5.1 7.5 11.1 10.4 9.7 8 6.3 5.6 3.7 3.8 3.8 3.9 3.8 4.9 5 5.2 3.5 3.2 3.5 4 4.8 5.3 4.6 4.3 5.1 6.2 8.5 8 10.1 16.9 30.4 54.1 57.2
118.6 122.5 129.4 134.4 135.7 135.1 136.4 140 141.8 144.8 143 138.4 128.7 136.6 139.3 140.3 140.4 140.4 142.6 144.2 145.9 146.9 146.8 145.3 143.7 142.4 141.8 141.2 139.6 128.4 102.8 106.8 127 136.4 135.8 131.8 128.4 128.9 127.8 126.8 113.6 93.1 74.2 67.8 57.8 46.5 34.8 24.5 16.9 8.4 4.2 3.8 4.8 4.6 5.8 4.5 4.7 3.2 3.1 3.4 3.8 3.5 3.5 3.4 3.5 3.6 3.9 3.3 4.1 3.1 3.6 4.5 4.2 3.8 3.6 3.7 4.5 4.4 4.9 6.4 10.8 28 50.8 54.8
96.6 104.8 111 116.4 121.4 121.6 129.5 136.9 139 140.3 137.8 134 121 128.2 133.2 135.2 136.1 132.6 137.1 138.9 140.4 142.3 142.6 141.1 139 137.4 136.9 136.3 129.9 105.8 84 85.1 108.1 121.5 125.9 121.3 116.2 116.5 117.7 114.2 102.3 74.8 56.1 43.6 34 26 18.7 15 9.7 7 4 3.8 4.1 3.8 3.5 3.5 4.2 3.2 3.1 3.1 3.7 3.1 3.1 3.1 3.4 3.2 3.5 3.2 3.3 3.5 3.9 3.5 3.6 3.3 3.4 3.6 4 4.2 3.7 3.9 7.5 21 48.9 53.9
78.6 91.6 104.6 115.6 122.2 129.9 133.6 138 140.4 138.4 133.4 129 113.2 117.8 126.6 130.4 131.2 133.4 132.5 133.6 134.9 137 138 136.6 134.5 131.3 131.2 129.8 109.7 88.8 67 68.5 90.8 104 105.1 97.4 92.2 97.7 101.4 97.5 81.1 59.2 39.8 27.7 20.6 15.2 10.6 7.9 4 3.3 3.2 3.3 3.4 3.4 3.3 3.4 3.2 3.6 3.5 3.1 3.6 3.2 3.2 3.2 3.4 3.4 3.3 3.4 3.7 3.6 3.3 3.3 3.7 3.3 3.4 3.5 3.9 3.9 3.7 3.6 6.7 24.2 49.4 42.3
89.9 107.6 116.3 122.6 128.8 133.3 137 139.8 139.3 134.6 129.2 122.9 103.2 112.6 122 123.9 125.3 124.5 127.3 128.8 130.2 131.5 131.4 130.7 128.6 121.8 124.6 109.7 89.5 70.7 52.3 54.1 69.3 79.8 77.5 69.7 66.3 71 74.4 71.3 57.5 40.6 26.3 17.5 12.9 8.5 5.3 3.7 3.5 3.3 3.3 3.3 3.1 3.1 3.1 3.2 3.2 3.2 3.1 3.1 3.5 3.2 3.2 3.6 3.8 3.5 3.2 3.6 3.8 3.5 3.2 3.4 3.8 3.5 3.4 3.3 3.9 3.8 3.8 3.5 6.5 25.2 56 19.8
92.5 109.8 118.8 126.2 131.9 134.5 136.3 138.5 137.7 131.5 125.2 118 94.1 107.5 115.7 117.5 119.1 119.6 121.6 123.1 123.6 123.8 124 122.5 119.3 108.2 100.8 87 69.8 50.1 38.3 36.9 52.6 55.8 50.9 42.6 39.3 41.9 44.7 41.2 31.2 20.3 13 9.2 7 3.9 3.8 3.7 3.4 3.2 3.2 3.2 4.2 3.7 3.4 3.1 3.2 3.2 3.5 3.1 3.4 3.3 3.2 3.5 3.3 3.1 3.1 3.5 3.4 3.2 3.9 3.5 3.8 3.8 3.4 3.7 3.8 3.7 3.4 4.1 8 31.7 52.6 6.7
98.9 111 120.7 128 133 136 136.4 136 133.7 128.8 122.4 113 88 96.4 108.2 109 112 113.3 114.8 116.5 114.9 114 114.1 111.8 105 88.4 80.2 67.4 50.7 34.7 26.4 26.7 27.5 28.2 28.5 28.2 26 23.8 22.1 18.2 13.8 9 6.1 3.7 3.6 3.9 3.8 3.5 3.2 3.2 3.4 3.6 3.2 3.5 3.5 3.3 3.1 3.1 3.6 3.1 3.4 3.2 3.1 3.2 3.1 3.1 3.1 3.1 3.2 3.6 3.4 3.2 3.1 3.8 3.5 3.5 3.5 3.9 3.2 3.9 9.1 35.8 45.3 5.2
95.3 111.1 120.7 127.2 131.4 132.5 134.7 134.2 130.5 124.1 117.4 108.6 86.3 83.4 100.5 102.7 105.1 103.8 101.3 104.1 96.1 97.6 97.5 90.8 81.7 69.2 59.8 46 30.7 23.4 20.6 15.5 12.2 16.2 16.3 16 14.5 13 9.5 7.6 5.7 3.7 3.1 3.4 3.2 3.4 3.6 3.3 3.2 3.7 3.8 3.7 3.7 3.2 3.2 3.2 3.2 3.1 3.1 3.1 3.6 3.1 3.1 3.1 3.1 3.1 3.1 3.1 3.1 3.7 3.4 3.2 3.2 3.8 3.3 3.3 3.2 3.5 3.4 4.1 11.2 30.7 32.3 -1.9
89.3 107.3 116.7 122.6 126.9 128.6 129.8 130.7 129.1 123.4 114.1 104.1 80.4 73.1 91.1 95.3 98.4 99.4 86 73.9 70.5 69.4 69.7 65.6 58.7 47.2 37.2 26.5 17.7 13.7 10.1 9.2 7.2 7.3 8.8 7.3 7.5 6.3 5.4 4 3.3 3.3 3.3 3.6 3.4 3.2 3.2 3.1 3.1 3.6 3.4 3.2 3.1 3.2 3.2 3.2 3.1 3.2 3.4 3.5 3.5 3.1 4.8 3.1 3.1 3.1 3.1 3.1 3.1 3.7 3.2 3.2 3.4 3.8 3.5 3.3 3.4 3.6 3.2 3.5 5.5 20.7 24.6 -1.4
74.7 101.7 111.1 116.7 120.5 121 122.3 122.4 121.5 119.6 112.5 97.7 73.4 61.1 80.3 81 84.6 80.6 64.7 49 45.9 45.1 44.1 41.1 34.5 25.8 16.6 12.7 9.6 8.2 4.3 4.6 3.4 3.6 3.5 3.4 3.3 3.3 3.2 3.2 3.3 3.1 3.3 3.1 3.1 3.1 3.1 3.6 3.2 3.5 3.3 3.1 3.2 4.1 3.2 3.1 3.2 3.4 3.5 3.7 3.8 3.1 3.2 4.5 3.1 3.1 3.3 3.1 3.1 3.8 4 3.6 3.2 3.4 3.6 3.4 3.3 3.3 3.2 3.2 4.2 5.5 22.5 7.1
65.4 90.5 104.1 110.7 114.5 115.7 117.8 118.4 116 112.5 105.1 89.6 68.3 44.1 62.1 61.5 56.2 54.8 41 31.8 28 24.2 21.7 18.3 14.1 9.2 8.3 7.9 3.9 3.3 3.3 4.1 3.6 4 3.9 4.1 3.2 3.1 3.1 3.2 3.4 3.1 3.1 3.1 3.1 3.1 3.1 3.1 3.2 3.2 3.1 3.3 3.5 3.6 3.1 3.2 3.4 3.6 3.7 3.7 3.6 3.6 3.2 3.4 4.5 3.7 3.1 3.1 3.1 3.2 3.7 3.7 3.3 3.6 3.7 3.6 3.3 3.3 3.4 3.5 3.7 3.8 4.3 8.7
53.9 78.7 97.4 104.2 110.4 113 114.4 114.4 110.8 103.3 92.1 75 57.6 31.6 37.4 39.6 33.8 31.5 26.5 19.1 16.4 13.5 11.9 8.4 6.4 4.7 4 3.5 3.2 3.4 3.5 3.6 3.8 3.6 3.7 3.9 3.9 3.1 3.1 3.1 3.4 3.2 3.5 3.1 3.1 3.2 3.1 3.2 3.1 3.2 3.2 3.4 3.5 3.7 3.5 3.4 3.6 3.7 3.7 3.3 3.4 3.5 3.5 3.6 3.2 4 3.1 3.1 3.2 3.8 4 4.1 3.7 3.3 3.4 3.2 3.2 3.2 3.8 3.7 3.9 3.1 3.2 3.9
41.6 66.3 88.6 98.5 105 109.2 109.8 108 102.1 92.5 74.7 56.4 33.9 23.3 18.7 19.2 17 14.5 12.9 10.9 9 6.6 5.5 3.6 3.3 3.2 3.2 3.1 3.4 3.5 3.7 3.4 3.9 3.4 3.4 3.3 3.7 3.3 3.2 3.2 3.1 3.4 3.6 3.9 3.2 3.2 3.2 3.2 3.1 3.1 3.2 3.6 3.8 3.9 3.4 3.2 4.4 3.8 3.4 3.1 3.3 3.4 3.9 3.5 3.9 4.5 3.8 3.8 3.1 3.3 3.5 4.1 4 3.8 3.2 3.2 3.3 3.2 3.7 3.8 3.6 3.4 3.2 3.6
32.3 57.6 82 95 102.2 105.2 104.3 98.3 90.5 74.2 57.7 39.5 23.9 16 11.7 10.2 10.2 8.1 6.1 5.2 4.2 3.6 3.9 3.4 3.5 3.4 3.2 3.1 3.5 3.7 3.7 3.2 3.3 3.6 3.6 3.7 3.6 3.3 3.8 3.4 3.3 3.5 3.8 4.1 3.7 3.2 3.2 3.3 3.2 3.1 3.2 3.9 3.7 3.3 3.1 3.9 3.2 4.3 3.4 4.5 3.4 4.4 4 3.6 3.5 3.2 4 3.1 3.3 3.3 3.3 3.6 3.7 3.8 3.5 3.6 3.5 3.4 3.5 3.7 3.7 3.6 3.4 3.5
25.7 51.6 76.4 91.5 97.9 100.9 100.3 93 74.2 55.4 39.6 24.4 17.1 10 8.1 6.8 5.4 5 3.5 3.9 3.5 3.8 3.7 3.7 3.7 3.5 3.3 3.1 3.7 3.6 3.4 3.1 3.4 4 3.9 3.9 3.4 3.8 3.7 3.6 3.6 3.8 4 4.2 4.5 3.5 3.5 3.6 4.1 3.1 3.1 3.7 3.7 3.1 3.2 3.7 3.5 3.5 3.3 4.2 3.4 3.9 3.3 3.7 3.7 3.1 4.7 3.3 3.3 3.3 3.3 4.4 3.8 4 3.6 3.1 3.6 3.3 3.2 3.6 3.6 3.5 3.4 3.3
18.7 43.3 66.2 87 92.9 96.2 94.8 82.9 58.4 35.6 25.2 18.2 11.7 7.8 5.1 4.5 4.9 4.2 4.3 4.3 4 4.3 4.2 3.6 3.7 3.4 3.1 3.1 3.1 3.1 3.3 3.4 3.4 4.2 4.5 3.2 3.2 4.1 4.3 4 3.7 3.8 3.8 4.1 4.4 4.9 5.1 5.1 3.9 3.1 3.1 3.4 3.3 4.4 3.5 3.4 3.7 3.5 3.5 3.3 3.4 4 4.1 3.3 3.2 3.2 3.9 4.1 3.2 3.1 3.4 3.9 3.9 3.2 3.3 3.3 3.3 3.4 3.2 3.3 3.4 3.4 3.3 3.4
14.2 34.1 55.1 74.5 86 86.9 83.7 63.4 41 24.2 17.6 10 8.6 4.8 4.7 3.7 4.1 4.1 4.1 3.9 4 3.8 4.1 4 4.1 3.3 3.1 3.1 3.1 3.1 3.3 4.8 4.3 4.1 4.1 3.5 3.3 3.5 4.8 4.5 3.6 3.7 3.3 3.6 3.2 3.9 5 5 4.2 3.4 3.1 3.1 3.1 3.1 3.9 3.8 3.8 3.8 3.6 3.4 3.1 4.4 3.3 3.8 3.3 3.5 3.8 3.5 3.1 3.9 3.9 4.1 3.4 3.3 3.4 3.4 3.5 3.6 3.4 3.3 3.3 3.3 3.5 3.6
11.2 16.9 39.2 60.2 71.9 68.4 59.6 45 25.3 15.2 9.5 7.5 5.5 4.1 4 4.3 3.7 4.7 5 3.1 3.5 3.5 3.5 4.4 4.9 3.9 3.8 3.8 3.1 3.1 3.3 4.7 4 4.6 4.3 4 3.7 3.4 5 3.2 3.8 3.3 4 4.9 4.8 4.1 4.3 4.6 4.8 3.6 3.1 3.1 3.1 3.6 3.6 3.7 3.6 3.6 3.7 3.4 3.2 3.8 3.7 3.6 3.3 3.6 3.4 3.1 3.7 3.8 4 3.9 3.3 3.4 3.6 3.6 3.6 3.7 3.1 3.2 3.3 3.9 4 4.1
19.5 6.6 19.5 42.7 50.2 46.4 39.7 26.3 13.7 8.3 6.4 4.1 4.4 4.1 4 4.4 4.5 4.8 3.7 4.6 4.2 4.4 4.2 4.8 5 4 3.6 3.5 3.7 3.1 3.7 3.5 4 5 6.2 3.3 3.5 3.3 4.6 4 3.9 3.9 3.9 3.5 4.9 4.1 3.8 4.1 4.2 4.2 3.1 3.1 3.2 3.4 3.9 3.7 3.5 3.4 3.7 3.5 3.2 3.1 3.1 3.3 3.5 3.4 3.3 3.6 4.3 3.8 3.9 4 3.7 4.5 3.4 3.3 3.3 3.6 3.5 3.5 3.4 3.5 3.4 4.2
5.6 6.5 14.1 25.1 28.5 27.1 21.3 10.9 7.1 5.7 4.3 4.2 4.6 3.9 3.9 3.9 3.9 4.1 3.9 4.1 5 4.6 4.2 4.7 5.2 4.8 4.1 4.3 3.2 3.5 4 4.1 3.5 4.5 5.5 3.3 3.2 3.5 3.4 4.2 4.1 3.7 3.7 3.4 4.6 4.4 3.3 3.9 3.9 3.9 3.6 3.3 3.7 3.6 3.3 3.5 3.2 3.1 3.7 3.5 3.3 3.1 3.2 3.4 3.5 4.8 4.1 4.1 4.1 3.8 4.3 4.5 4.3 3.8 4.3 4 3.3 3.8 4.1 3.9 3.5 3.7 3.4 3.7
5.2 5.7 7.9 11.5 11.8 11 8.5 5.4 3.9 3.6 3.9 3.7 3.8 4.5 4.1 4.9 4.3 3.8 4.3 4.4 5.2 5.4 5 5.2 4.9 5.3 4.7 4.4 3.6 3.5 3.6 3.7 3.9 3.4 4 4.4 4.2 4 3.9 3.8 3.1 4.2 4.7 5.4 4.3 4.1 3.1 3.2 3.5 3.8 3.6 3.4 3.2 3.1 3.4 3.2 3.2 3.7 3.8 3.6 3.3 3.2 3.2 3.4 3.5 3.8 4.6 4.6 4.5 4.3 4.4 4.3 4.2 4 3.9 3.4 3.7 3.2 3.9 3.6 3.4 3.3 3.5 3.5
4.4 4.6 5 5.8 5.6 5.7 4.5 3.9 3.9 3.2 3.5 3.9 4.1 3.9 4.6 5.1 4.2 4.6 4.3 4.8 5.1 4.8 4.8 5.2 5.6 5.4 5.7 6.7 4.2 4.6 5.6 3.3 3.4 3.7 3.6 4.5 3.8 3.6 4 4.4 4 3.7 4.1 4.8 4.3 5.2 3.3 3.3 3.3 3.2 3.5 3.3 3.1 3.4 3.1 3.8 4.4 3.7 3.9 3.6 3.4 3.2 3.3 3.7 3.5 3.6 4 4.6 4.6 5.4 5.9 5.1 5.2 4.5 4 3.5 3.3 3.1 3.6 3.4 4 3.8 3.7 3.3
4.2 4.7 5.4 5.3 5.2 4.8 3.7 3.8 3.5 3.8 3.7 3.8 4.2 4.1 4.1 4.5 4.7 5.2 4.3 4.5 4.7 4.9 5 5 5.2 5.2 5.2 5.3 5.1 4.5 3.8 3.9 4 4 4.3 3.9 3.7 4.8 5.5 4.3 4 4.3 4.3 4.2 3.7 4.2 4 3.4 3.4 3.2 3.2 3.3 3.4 3.4 3.1 3.5 4 3.4 4 3.7 3.4 3.2 3.3 3.7 3.6 3.7 3.8 4.1 4.9 5.6 5.4 5.8 5.5 4.3 3.8 3.5 3.6 3.5 3.2 3.8 3.6 3.3 3.3 3.2
5.5 5.8 4.8 4.8 4.4 3.9 3.6 3.6 4 3.9 3.7 4.4 5.5 4.6 4.3 4.4 4.8 4.7 4.5 4.7 4.9 5.2 5.2 5.5 5 5 5.1 5 5.2 4.7 4.1 3.8 3.6 3.5 4.2 4.5 4.5 4.4 4.1 3.4 3.9 4.8 4.5 4.2 3.9 4.1 4.2 4 3.5 3.6 3.5 3.5 3.2 3.1 3.1 3.4 3.7 3.7 4 3.8 3.5 3.3 3.8 3.5 3.4 3.5 3.8 4.4 4.9 5.5 5.7 5.7 6.4 4.6 4 3.7 3.7 3.5 3.2 3.4 3.6 3.3 3.7 3.8
5.8 6.2 6.1 5.7 4.7 5.6 4.2 4.1 3.9 4.6 4.8 5.6 5 5.6 5.4 5.1 4.5 4.8 4.7 4.9 5.2 5.5 5.7 5.7 5.2 5.3 6 5.5 6.2 5 4.7 4.2 3.9 3.5 4 4.6 3.8 3.9 4.3 3.3 4.4 4.8 4.5 3.9 4.2 4.5 4.6 4.4 3.9 4.1 4.2 4.1 3.6 3.3 3.1 3.1 3.3 3.1 3.2 3.5 3.4 3.7 3.2 3.3 3.4 3.8 3.6 3.8 4 5.4 5.2 6.2 7 5.2 4.9 3.7 3.3 3.5 3.2 3.3 3.5 3.6 3.5 3.8
6 6.1 6.5 6 5.9 5.7 5.2 5.4 5.1 5.8 5.7 5.5 5.5 5.9 6.5 6.2 5.1 4.6 5.1 5.3 5.5 5.6 5.9 6.5 5.6 5.7 5.9 5.4 4.4 5 4.8 4.5 4.4 4.1 3.7 4.3 3.5 4.4 3.5 4.6 5 4.8 4 4.2 4.5 4.8 4.9 5.1 4.3 4.3 5 4.9 4.4 4.2 3.7 3.4 3.2 3.2 3.2 3.5 3.8 3.7 3.3 3.2 3.3 3.9 3.6 3.8 4 4.3 5.5 4.8 5.7 5.7 4.9 3.9 3.7 3.9 3.2 3.5 3.7 3.9 3.9 3.8
6.2 6.8 7.6 7.2 7 6.8 6.4 5.8 6.1 6.5 6.2 5.9 6.1 6.9 7.3 6.3 5.5 5.1 5.7 5.4 5.6 5.8 6 6.9 5.6 6.2 6.3 5.2 4.9 5.6 6.1 6.1 5.3 4.1 3.8 4.3 3.6 3.7 4 5.2 5 5 4.3 4.5 4.9 5.2 5.3 5.6 4.7 4.7 4.6 5.7 5.4 4.6 3.6 3.3 3.4 3.2 3.8 4 4.2 6 3.6 4.2 4.4 4.3 3.6 3.7 4.1 4.6 5.4 5.5 5.7 5.5 5.5 4.2 4 3.8 3.4 3.7 3.9 4.2 4.2 4.1
