Assets/StreamingAssets/GeoData/Data/sn/SN35.asc
ncols 200
nrows 200
xllcorner 230000
yllcorner 250000
cellsize 50
[rows 35 to 69 of 200, columns 79 to 157 of 200]
-1.2 -1.2 -1.2 -1.2 -1.2 -1.2 -1.2 -1.2 -1.2 -1.2 -1.2 -1.2 -1.2 -1.2 -1.2 -1.2 -1.2 -1.2 -1.2 -1.2 -1.2 -1.2 -1.2 -1.2 -1.2 -1.2 -1.2 -1.2 -1.2 -1.2 -1.2 -1.2 -1.2 -1.2 -1.2 -1.2 -1.2 -1.2 -1.2 -1.2 -1.2 -1.2 -1.2 27.2 28.9 26.3 18.2 8.5 26.7 56.5 85.7 98.2 100.7 103.5 108.3 113.9 118.7 124.1 128.6 133.6 136.4 136.2 134.3 132.4 131.4 130.4 131 131.1 130.9 130.9 131.3 132.1 132.8 134 134.6 134.8 134.5 134.6 135.2
-1.2 -1.2 -1.2 -1.2 -1.2 -1.2 -1.2 -1.2 -1.2 -1.2 -1.2 -1.2 -1.2 -1.2 -1.2 -1.2 -1.2 -1.2 -1.2 -1.2 -1.2 -1.2 -1.2 -1.2 -1.2 -1.2 -1.2 -1.2 -1.2 -1.2 -1.2 -1.2 -1.2 -1.2 -1.2 -1.2 -1.2 -1.2 -1.2 -1.2 -1.2 -1.2 -1.2 34.9 44.2 42.1 37 14 15.9 42.6 70.9 94.2 95.3 99.9 107.2 114.3 119.8 124.8 129.6 133.8 135.2 134.5 132.4 130 128.9 127.5 126.9 127.2 126.7 127.4 127.8 128.6 129.7 130.9 132 132.1 132.5 133 133.4
-1.2 -1.2 -1.2 -1.2 -1.2 -1.2 -1.2 -1.2 -1.2 -1.2 -1.2 -1.2 -1.2 -1.2 -1.2 -1.2 -1.2 -1.2 -1.2 -1.2 -1.2 -1.2 -1.2 -1.2 -1.2 -1.2 -1.2 -1.2 -1.2 -1.2 -1.2 -1.2 -1.2 -1.2 -1.2 -1.2 -1.2 -1.2 -1.2 -1.2 -1.2 23.6 25.9 38.1 46.5 50 53.3 35.9 10.7 26.5 48.3 74.3 86.9 93.4 103.6 113.8 120.2 125.3 130 132.7 133.7 132.8 130.2 127.8 125.3 123.2 115 118.6 119.2 121 123.4 125.1 126.5 127.7 128.3 129.1 129.2 129.6 130.5
-1.2 -1.2 -1.2 -1.2 -1.2 -1.2 -1.2 -1.2 -1.2 -1.2 -1.2 -1.2 -1.2 -1.2 -1.2 -1.2 -1.2 -1.2 -1.2 -1.2 -1.2 -1.2 -1.2 -1.2 -1.2 -1.2 -1.2 -1.2 -1.2 -1.2 -1.2 -1.2 -1.2 -1.2 -1.2 -1.2 -1.2 -1.2 -1.2 -1.2 21.1 26 28.8 41.9 52.6 65.2 65.3 57.9 27.1 14.1 33.8 58 78.4 86 97.7 109.4 118.6 124.1 128.3 131.6 131.4 129.2 126.7 118.5 114 103.9 94.6 93 98.1 108.4 115.7 120 121.8 123.1 123.7 125.3 124.1 125.8 127.2
-1.2 -1.2 -1.2 -1.2 -1.2 -1.2 -1.2 -1.2 -1.2 -1.2 -1.2 -1.2 -1.2 -1.2 -1.2 -1.2 -1.2 -1.2 -1.2 -1.2 -1.2 -1.2 -1.2 -1.2 -1.2 -1.2 -1.2 -1.2 -1.2 -1.2 -1.2 -1.2 -1.2 -1.2 -1.2 -1.2 -1.2 -1.2 -1.2 -1.2 14.1 30.7 34.8 46.8 60.8 72.7 71 62.8 39.2 14.7 19.4 45 68.5 74.9 89.7 102.3 113.4 121.3 125.6 127.1 123.2 112 105.5 97.6 92.8 79.9 81 86.1 83.9 85.7 95.8 101.7 103.1 107.9 119.1 119.6 117 121.1 120.6
-1.2 -1.2 -1.2 -1.2 -1.2 -1.2 -1.2 -1.2 -1.2 -1.2 -1.2 -1.2 -1.2 -1.2 -1.2 -1.2 -1.2 -1.2 -1.2 -1.2 -1.2 -1.2 -1.2 -1.2 -1.2 -1.2 -1.2 -1.2 -1.2 -1.2 -1.2 -1.2 -1.2 -1.2 -1.2 -1.2 -1.2 -1.2 -1.2 10.2 3.6 30.5 40.2 55.1 62.4 69.7 69 65.3 50.7 30.8 14.8 25.9 46.3 58.7 73.7 92.1 106.2 116.2 122.4 117.5 101.6 86.6 77.5 75.6 73 83.1 100.7 109 112.7 107.3 98.9 103.1 104.1 99.8 103.8 104.6 109 109.2 110.3
-1.2 -1.2 -1.2 -1.2 -1.2 -1.2 -1.2 -1.2 -1.2 -1.2 -1.2 -1.2 -1.2 -1.2 -1.2 -1.2 -1.2 -1.2 -1.2 -1.2 -1.2 -1.2 -1.2 -1.2 -1.2 -1.2 -1.2 -1.2 -1.2 -1.2 -1.2 -1.2 -1.2 -1.2 -1.2 -1.2 1.4 -1.2 -1.2 3.7 23.7 45.5 53 61.7 65.1 67.4 69 68.2 61.5 47.1 40.1 23.4 21.5 39.9 58.4 79.3 101.7 113 116.8 99.5 79.5 70.4 68 71.7 82.7 99.3 112.7 116.1 117.7 117.3 117.9 118.8 119.5 118.2 115 120.7 121.1 120 120.7
-1.2 -1.2 -1.2 -1.2 -1.2 -1.2 -1.2 -1.2 -1.2 -1.2 -1.2 -1.2 -1.2 -1.2 -1.2 -1.2 -1.2 -1.2 -1.2 -1.2 -1.2 -1.2 -1.2 -1.2 -1.2 -1.2 -1.2 -1.2 -1.2 -1.2 -1.2 -1.2 -1.2 -1.2 -1.2 32.6 36.8 -1.2 35.2 39.9 47.2 56.9 71.3 80.1 81.9 76.6 74.3 69.6 66.8 60.3 55.4 42.8 22.2 26.1 45.8 71.2 94.4 111.5 108.1 82.6 64.6 63.9 73.2 88 102.5 112.8 116.5 117.7 118.9 119.7 120.2 121.7 123.1 123.7 124.2 125.2 124.8 125.7 125.3
-1.2 -1.2 -1.2 -1.2 -1.2 -1.2 -1.2 -1.2 -1.2 -1.2 -1.2 -1.2 -1.2 -1.2 -1.2 -1.2 -1.2 -1.2 -1.2 -1.2 -1.2 -1.2 -1.2 -1.2 -1.2 -1.2 -1.2 -1.2 -1.2 -1.2 -1.2 -1.2 -1.2 -1.2 29.5 54 67.5 67.1 66.9 64.4 68.8 80.9 91.7 94.2 91.5 86.5 80.8 74.2 73.7 68.2 58.5 39.1 30.9 26.1 35.8 60.2 86.4 102.8 94 66.6 57.6 71 87.9 108.5 114 117.2 119 120.3 121.5 122.6 123.7 125 126.5 127.1 127.8 127.8 127.2 128 128.8
-1.2 -1.2 -1.2 -1.2 -1.2 -1.2 -1.2 -1.2 -1.2 -1.2 -1.2 -1.2 -1.2 -1.2 -1.2 -1.2 -1.2 -1.2 -1.2 -1.2 -1.2 -1.2 -1.2 -1.2 -1.2 -1.2 -1.2 -1.2 -1.2 -1.2 -1.2 -1.2 -1.2 -1.2 30.9 67 78.7 85.2 88.3 88.2 93.9 100.7 102.6 101.6 101.9 96.4 88.4 80.1 77.4 72.1 63 37.4 35.1 32.2 32.6 49.8 70.5 85.4 72.7 53.3 63.7 75 97.4 112.7 117.6 119.8 121.4 123.1 124.5 125.8 127 128.3 129.4 130.1 130.5 129.8 128.8 129.2 130.4
-1.2 -1.2 -1.2 -1.2 -1.2 -1.2 -1.2 -1.2 -1.2 -1.2 -1.2 -1.2 -1.2 -1.2 -1.2 -1.2 -1.2 -1.2 -1.2 -1.2 -1.2 -1.2 -1.2 -1.2 -1.2 -1.2 -1.2 -1.2 -1.2 -1.2 -1.2 -1.2 -1.2 -1.2 47.5 65 83.8 94.1 94 101.1 103.6 104.9 106.4 106.3 107.2 101.3 92.6 83.4 79 76.2 68.8 44.4 38.5 39.3 40.4 40.2 45.1 59.5 51.4 59.9 68.5 79.4 105.9 115.9 119.4 121.5 123 124.8 126.5 128.4 129.6 130.7 131.7 132.7 132.9 132.2 130.3 130.7 131.8
-1.2 -1.2 -1.2 -1.2 -1.2 -1.2 -1.2 -1.2 -1.2 -1.2 -1.2 -1.2 -1.2 -1.2 -1.2 -1.2 -1.2 -1.2 -1.2 -1.2 -1.2 -1.2 -1.2 -1.2 -1.2 -1.2 -1.2 -1.2 -1.2 -1.2 -1.2 -1.2 -1.2 21.8 48.7 69.5 83.6 91.1 98.1 104.4 106.8 108.3 109.3 110.8 106.9 99.8 92.1 85.6 80.1 76.7 66.8 44.8 41.5 47.7 53.2 56 55.2 56.1 59.6 63 73.2 91.4 110.4 117.9 120.4 122.2 124.5 126.3 128.5 130.1 131.9 132.9 133.9 134.7 135.1 134.9 133.5 132 132.3
-1.2 -1.2 -1.2 -1.2 -1.2 -1.2 -1.2 -1.2 -1.2 -1.2 -1.2 -1.2 -1.2 -1.2 -1.2 -1.2 -1.2 -1.2 -1.2 -1.2 -1.2 -1.2 -1.2 -1.2 -1.2 -1.2 -1.2 -1.2 -0.7 0.8 -1.2 -1.2 -1.2 15.9 42.3 63.4 83.3 90.6 101.7 105.5 108.3 110.4 111.6 110.2 105.4 98.3 93.2 87.3 80 74.4 51.7 48.5 40.9 56.4 58.6 57.7 60 62.1 65.9 73 86.7 103.7 114.1 118.9 121.1 123.5 125.9 128.2 130.1 131.8 133.6 135.1 135.9 136.9 137.3 137.4 136.3 135.2 135
-1.2 -1.2 -1.2 -1.2 -1.2 -1.2 -1.2 -1.2 -1.2 -1.2 -1.2 -1.2 -1.2 -1.2 -1.2 -1.2 -1.2 -1.2 -1.2 -1.2 -1.2 -1.2 -1.2 -1.2 -1.2 -1.2 -1.2 -1.2 40 44 20.6 -1.2 -1.2 2.3 36.1 54.2 76.8 95.3 101.4 105.5 109.3 111.7 112.4 109.6 105.8 98.1 93.5 89.3 81.6 68.5 68.9 62.9 45.8 38 40.6 43 50.9 68.2 87.1 96.9 106 111.9 116.7 119.5 122.9 125.3 128 129.6 131.6 133.6 135.1 136.8 138.3 140.8 140.8 140.5 139.7 138 137.7
-1.2 -1.2 -1.2 -1.2 -1.2 -1.2 -1.2 -1.2 -1.2 -1.2 -1.2 -1.2 -1.2 -1.2 -1.2 -1.2 -1.2 -1.2 -1.2 -1.2 -1.2 -1.2 -1.2 -1.2 -1.2 -1.2 -1.2 32.8 71.7 60.1 31.1 2.4 4.9 8 22.5 45 68.7 88.1 98.5 104.9 108.4 111.7 111.7 109.2 105.8 98.8 94.5 91.3 86 69.2 80.2 81.7 76 58.3 60.1 48.8 44.7 62.1 91 107.1 111.8 115.3 118.1 120.5 124.9 127.4 129.3 131.1 133.5 136.3 137.5 138.5 141.2 142.8 143 142.5 141.5 140.3 139.8
-1.2 -1.2 -1.2 -1.2 -1.2 -1.2 -1.2 -1.2 -1.2 -1.2 -1.2 -1.2 -1.2 -1.2 -1.2 -1.2 -1.2 -1.2 -1.2 -1.2 -1.2 -1.2 -1.2 -1.2 -1.2 -1.2 -1.2 71.5 95.2 69.5 43.1 16.3 3.6 15.2 25.8 39.7 51 74.7 92.3 99.7 106.5 110 110.9 110 105.1 100.7 96.1 94.6 90.3 80.2 89.4 91.9 93.9 92.1 90.3 68 48.7 52.3 83.5 110.2 114.5 117.2 119.6 122.7 126.5 128.4 130.1 132.4 135.5 137.7 138.9 140.3 142.8 144 144.1 143.8 142.8 141.4 140.8
-1.2 -1.2 -1.2 -1.2 -1.2 -1.2 -1.2 -1.2 -1.2 -1.2 -1.2 -1.2 -1.2 -1.2 -1.2 -1.2 -1.2 -1.2 -1.2 -1.2 -1.2 -1.2 -1.2 -1.2 -1.2 -1.2 53.9 103.3 102.2 76.9 52.7 26.2 3 4.2 23.5 32.1 46.6 66.6 81.1 90 100.8 105.4 108.1 109.9 106.9 104.2 101.4 99.1 95.2 89.5 94.7 99.6 102.4 100.6 97.7 74.5 48.6 49.3 72.4 101.6 116.1 119.7 122.8 125.8 128.1 129.9 131.8 133.6 137.1 138.5 139.8 142 143.5 144.6 145 144.5 143.7 142.5 141.8
-1.2 -1.2 -1.2 -1.2 -1.2 -1.2 -1.2 -1.2 -1.2 -1.2 -1.2 -1.2 -1.2 -1.2 -1.2 -1.2 -1.2 -1.2 -1.2 -1.2 -1.2 -1.2 -1.2 -1.2 -1.2 52.4 96.8 122.8 106.5 87 61.3 34.4 7.4 5.3 18.7 26.3 38.6 58 75.5 87.7 93.1 100.5 108.6 109.1 108.2 107.6 105.8 103.3 99.3 96 98 102.1 105.4 105.5 104.1 88.2 64.2 50.6 61.9 91.8 115.6 121.2 125 127.6 129.8 132 133.1 135.3 137.4 138.6 140.3 142.4 144 145 144.9 144 142.9 142.9 143.1
-1.2 -1.2 -1.2 -1.2 -1.2 -1.2 -1.2 -1.2 -1.2 -1.2 -1.2 -1.2 -1.2 -1.2 -1.2 -1.2 -1.2 -1.2 -1.2 -1.2 -1.2 -1.2 -1.2 49.9 73.5 98.1 120.8 129.3 116.3 93.6 66.4 39.4 11.2 8.1 16.6 23.3 32.4 58 76.9 86 94.5 100.9 105.5 109.2 110 109.9 108.8 106.4 102.4 100.3 101.3 104.3 107.6 109.6 109.3 105.1 86.6 56.4 52.4 82.4 111.1 119.8 125.4 128.9 130.9 132.7 134 136.3 137.5 138.3 140.5 142.1 143.5 143.9 143.6 141.8 143.1 143.2 143.6
-1.2 -1.2 -1.2 -1.2 -1.2 -1.2 -1.2 -1.2 -1.2 -1.2 -1.2 -1.2 -1.2 -1.2 -1.2 -1.2 -1.2 -1.2 -1.2 -1.2 39.9 55.1 70.2 89.3 106.7 127.7 140.9 133.8 113.5 89.8 64 39.2 12.1 9.4 17.1 23.5 33.8 54.7 73.6 84.1 94.1 101.7 107.4 110.8 112 111.4 110.4 108.1 105.2 103.1 102.9 106.2 109.8 112.3 112.9 110.6 96.9 67.1 52.8 78.6 111.4 121 124.3 129 131.2 133 134.2 136.2 137 138.3 139.9 141.7 142.6 142.2 139.3 142.2 143.4 143.8 144.9
-1.2 -1.2 -1.2 -1.2 -1.2 -1.2 -1.2 -1.2 -1.2 -1.2 -1.2 -1.2 -1.2 -1.2 -1.2 -1.2 -1.2 -1.2 -1.2 47.7 65.6 85.8 103.4 123.7 138.7 146.2 146.6 134.5 111.3 83.7 56.1 31.3 10.3 8.5 18.5 24.3 34.9 54.3 72.4 85.7 94.9 101.6 109.2 113.5 113.4 112.8 111.7 109.5 107.3 105.8 105.3 108 111.7 114.6 115.3 113 100.3 71 55 78.5 111.1 121.6 123.6 128.3 130.6 132.4 134.3 135.3 136 137.5 139.3 140.7 141.2 139.7 138.2 142.1 143.5 145.2 146.3
-1.2 -1.2 -1.2 -1.2 -1.2 -1.2 -1.2 -1.2 -1.2 -1.2 -1.2 -1.2 -1.2 -1.2 -1.2 -1.2 -1.2 -1.2 45.8 71.6 98.1 117.4 140.7 152.3 153.3 151 146.7 139.7 115.2 88.1 62.3 34.6 10.1 10.2 19 26.8 38.5 55.8 72.8 86.2 94.3 103.1 111.2 113.8 114.3 114.1 113.1 111.1 109 108.3 107.9 110.7 113.3 115.4 117 113.3 102.1 71.4 57.4 77.3 108.2 120.1 124 127.9 129.9 131.3 132.5 133.6 135.3 136.7 137.9 138.3 138.5 134.5 139.9 142.7 144.5 146 147.4
-1.2 -1.2 -1.2 -1.2 -1.2 -1.2 -1.2 -1.2 -1.2 -1.2 -1.2 -1.2 -1.2 -1.2 -1.2 -1.2 -1.2 46.8 75.6 108.3 132 148.1 162.8 161.1 157.7 154.1 149.2 141.8 120.3 94.7 63.3 33.1 17.4 12.1 12.5 29 39 56.7 73.3 85.7 96.7 104.9 112.8 113.7 115.2 115 114.4 112.5 111 110.3 108.8 112.5 114.4 116.5 116.6 115.3 108.6 74.8 57.8 73.6 103.8 118.2 124.4 128 129.8 130.3 129.6 132.4 134.5 135.5 134.3 131 131.8 137.8 141 143.8 145.4 146.8 148.3
-1.2 -1.2 -1.2 -1.2 -1.2 -1.2 -1.2 -1.2 -1.2 -1.2 -1.2 -1.2 -1.2 -1.2 -1.2 -1.2 -1.2 69 101.7 137.7 158.7 164.4 165.9 163.8 160.2 156.5 152.4 145.7 123.8 90.8 59.7 31.2 18.6 17.9 10.4 30.6 39.9 54.5 74 86.3 98.5 106.4 112.4 114.2 115.7 115.8 115.3 114.1 112.8 111.9 112.4 113.7 115.5 117.1 117.2 116.3 111.9 86.6 59.6 67.4 94.1 115.1 125.3 128.1 129.4 125.9 127.5 132.3 133.9 133.2 127.2 130 136 138.5 141.3 144.8 146.2 147.7 149.3
-1.2 -1.2 -1.2 -1.2 -1.2 -1.2 -1.2 -1.2 -1.2 -1.2 -1.2 -1.2 -1.2 -1.2 -1.2 -1.2 29.1 86.7 126.4 158 168.7 168.4 166.6 164.4 161.3 157.6 153.8 143.4 117 85.5 54.7 28.8 19.7 19.7 17.7 31.5 41.5 54.3 72.5 88 100.2 108.1 112.2 114.8 116.3 116.8 116.2 115.5 114.5 113.7 114.6 115.2 117 117.9 118.6 118.2 116.4 101.4 72.5 66.3 79.3 102 116.1 118 115.3 114 128 132.2 132.2 128.9 122.5 131.8 135.3 138.7 142.4 145.4 146.9 148.7 150.7
-1.2 -1.2 -1.2 -1.2 -1.2 -1.2 -1.2 -1.2 -1.2 -1.2 -1.2 -1.2 -1.2 -1.2 -1.2 -1.2 70.5 104.2 143.9 165.9 170.8 170 166.4 164.2 161.5 158 153.8 140.8 110.5 79.7 51.1 28 20.5 13.9 23.5 35.5 42.4 53.7 66.8 82.3 96.3 105.5 111.5 114.9 116.7 117.6 117.8 117.2 117.1 116.4 116.5 117.2 118.3 118.6 119.3 119.6 119.1 113.7 87.5 65.9 66.9 73.8 85.8 85.7 83.3 94.2 115.9 128.8 129.3 122.7 121.2 132.2 135.6 139.6 143.1 145.5 147.7 150 152
-1.2 -1.2 -1.2 -1.2 -1.2 -1.2 -1.2 -1.2 -1.2 -1.2 -1.2 -1.2 -1.2 -1.2 -1.2 47.1 86.4 124.9 156.1 169.5 169 166.3 164 160.7 158.3 155.1 151 134.3 104.5 74.2 46.9 28.2 22.2 16.8 29.7 43.8 53.9 59.9 68.1 76.6 86 101.5 110.7 114.5 117.1 118.7 119.5 119.7 119 118 118 118.5 119 119.5 120.1 120.6 120.9 119.7 108.2 91.2 77 74.5 77.7 76.7 76.7 81.9 97 115.2 123 115.5 121.6 131.9 135.9 140.1 143.2 145.7 148.6 151.1 153.2
-1.2 -1.2 -1.2 -1.2 -1.2 -1.2 -1.2 -1.2 -1.2 -1.2 -1.2 -1.2 -1.2 -1.2 43.3 78.9 110.6 138.1 163.5 167.2 165.9 162.4 159.9 156.3 154.4 153.7 153.6 129.8 101.7 71.8 43.2 29 23.3 23.1 31.1 49.7 63.6 76.7 84.7 90.5 92.8 96.8 110.6 114.8 117.7 120 120.7 121 121.2 120 119.7 119.8 120.3 120.9 121.5 121.9 122.3 122.4 120 117.4 106.6 100.4 98.5 100 100.5 88.2 85 100.6 113.5 111.6 126.2 132.7 136.3 140.7 143.3 145.9 149.6 152.2 154.5
-1.2 -1.2 -1.2 -1.2 -1.2 -1.2 -1.2 -1.2 -1.2 -1.2 -1.2 -1.2 -1.2 -1.2 68.3 102.4 139.3 164.1 169 166 162.5 158.4 155.1 152.9 151.7 152 145.8 126.1 98.8 69.4 41.5 29.8 24.9 23.7 26.5 53.6 71.5 85.8 95.2 100.8 102.4 99.4 112.8 115.2 118.6 120.9 121.8 122 122 121.4 122.1 122.9 122.8 122.6 123 123.2 123.6 124.1 124.4 124.1 124.3 123.8 123.3 122.8 122.9 115.9 89.2 95.4 106.2 112.4 120.9 127.7 133.9 135.3 141 146.5 149.9 153 155.5
-1.2 -1.2 -1.2 -1.2 -1.2 -1.2 -1.2 -1.2 -1.2 -1.2 -1.2 -1.2 -1.2 61.7 94.1 131.8 161.9 175.3 171 165.4 162.6 155.8 152.9 149.7 147.6 142.3 134.9 118.1 95.9 69.1 40.1 31 26.4 24.8 24.5 56.3 76.1 93.4 101.3 107.6 103.9 104.7 114.7 116.1 119.1 121.6 122.4 123 123.5 124.3 125.1 125.9 126.2 126.3 125.4 125.2 125.8 126.5 127.1 127.3 127.9 128.5 128.7 129.1 128.3 126 107.7 90.8 88.3 89.7 91.2 95.9 114.3 125.3 136.9 145.9 149.5 152.9 156.1
-1.2 -1.2 -1.2 -1.2 -1.2 -1.2 -1.2 -1.2 -1.2 -1.2 -1.2 -1.2 46.8 83.6 122 151.5 175.2 179.5 174.9 167.9 162.2 155.8 149.5 145.2 135.4 125.8 116.5 102.9 85.8 62.3 42.1 33.5 28.7 26.9 25.5 56.4 79.9 97.5 105 110 101.4 108.3 114.5 116.9 119.7 121.5 122.7 123.6 124.6 125.6 126.8 128.1 129.1 128.9 129.4 128.2 128.1 128.9 129.4 129.4 129.7 130.6 131 131.4 130 127.9 122.4 108.4 98.4 97.3 96.6 94.1 93.7 106.7 131.5 145 148.7 152.2 155.6
-1.2 -1.2 -1.2 -1.2 -1.2 -1.2 -1.2 -1.2 -1.2 -1.2 -1.2 39.7 75.8 112.6 148.8 171 182.1 180.7 176.9 170.1 163.9 156.6 148.5 141.9 124 115.4 103.8 88.5 74.4 60.1 45.3 36 30.4 27.8 24.4 54.7 81.7 99.7 104.2 94.5 97.4 112.1 114.7 117.6 119.6 121.3 122.6 123.9 125.4 127.5 128.6 130.6 131.8 132.8 133.7 133 131.2 132 131.9 132 131.5 131.4 131.9 132 131.2 128.2 123.2 106.6 106.8 106.2 102.3 99.6 95 95.9 112.5 141.7 147.8 151.2 154.6
-1.2 -1.2 -1.2 -1.2 -1.2 -1.2 -1.2 -1.2 -1.2 -1.2 -1.2 71.4 102.7 130 169 182 183.4 182.8 179.7 173.2 166 159.8 152.5 145.6 135.1 113.4 98.1 84.6 72.9 62.2 53.5 40 30.1 29.5 26.4 46.7 79.2 92.3 85.9 77.3 80.1 94.4 108.3 116.8 119.1 121.2 122.5 124.3 126.2 128.6 130.6 133 135 135.8 137.1 137.6 137.7 137.2 136.9 135.6 133.7 133.1 132.6 132.3 130.1 127 120.3 112.9 116 112.1 109 106.6 101.6 96.9 96.2 125 145.5 149.6 152.8
-1.2 -1.2 -1.2 -1.2 -1.2 -1.2 -1.2 -1.2 -1.2 -1.2 68.8 96.3 130.6 164 179.2 183.5 185.2 185.3 182 176.8 170.2 164.1 160 153.6 146.2 134.7 119.1 105.7 96.7 89.4 73.9 52 34.5 31 28 41.5 77.3 68 58.4 51.7 57.1 71.1 89.7 110.3 117.3 120.6 122.9 124.7 127.1 130.4 133.3 135.9 138.1 139.4 140.1 141.3 141.5 141.2 140.5 138.4 136.5 134.6 134.1 133 130.1 126.9 118.1 122.8 122.2 119.6 117.5 113.8 107.7 102.6 97.7 105.8 135.6 147.5 151.3
-1.2 -1.2 -1.2 -1.2 -1.2 -1.2 -1.2 -1.2 -1.2 55.7 91 120.2 148.3 173.8 182.8 185.8 187.2 185.6 183.1 179 173.2 169 164.6 160.4 153.9 145.5 135.6 126.4 119.4 108.2 88.6 64.2 40.5 32.6 30.1 30.3 41.6 39.5 39.1 40.7 44.8 51.9 68 88 107.2 120 122.7 125.5 129 133.2 136 138.6 141.2 142.7 144.1 144.6 144.9 145.2 143.1 140.9 139 137.3 135.2 133.6 131.6 128.1 124.7 127.7 127 124.8 123.9 121.4 114 108.4 103.3 98.3 113.6 141.5 148.4
