Assets/StreamingAssets/GeoData/Data/sn/SN45.asc
ncols 200
nrows 200
xllcorner 240000
yllcorner 250000
cellsize 50
[rows 140 to 174 of 200, columns 78 to 155 of 200]
231.6 237 237.5 230.1 226.8 225.8 227.3 229.8 228.9 230.3 234.5 236.5 238.8 242.9 251.2 260.3 264.7 262.7 263 257.9 250.4 246.9 240.9 232.7 226.7 220.9 222.6 231.6 237.2 245.9 249.7 249.6 243.3 235.7 245.2 262.7 265.9 265 256.1 248.6 258.5 283.8 292.3 299.4 304 306.3 303.9 300.4 297.6 295.6 293.7 292.3 290.4 288.6 286.6 284.6 283.4 284.4 284 283.8 285.6 286.6 286.8 286.7 286.9 286.4 286.2 285.9 284.6 284 283.6 282.4 282.2 282.6 281.9 281.3 279.9 278.7
224.7 222.2 222.1 222.9 224 226.9 227 226.9 228.6 229.3 229.9 231.9 233.8 236.1 238.4 242.9 245.4 250.1 253.3 247.7 245.4 240.5 236.1 231.7 226.7 221.7 225.2 232.3 241.1 249.1 252.4 253.7 247.9 241.4 252.9 268.4 272.8 275 273 264.1 265.9 286.6 293.9 300.2 303.7 302.8 299.8 298.2 296.7 294.9 293.2 291.8 290.7 289.4 288.1 286.8 285.7 285.7 285.9 285.7 287 287.3 287.4 287.4 288.1 288.4 287.9 287 287 286 286.7 285.8 286 285.5 284.7 284.2 283.1 282.2
219.9 219.3 230.4 229.6 231.8 228.5 227.4 228.6 230.2 235.2 234.8 232.1 233.1 234.6 236.7 238.9 242 247.8 244.4 244.6 243.7 241.4 236.5 230.6 229 228.3 224.3 234.8 242.5 249.8 254.3 256.8 255.9 249.1 261.8 273.5 278 280.9 282.4 283.6 283.7 290.3 295.1 298.1 299.2 298.2 297.6 296.3 295 293.7 292.8 291.7 290.5 289.9 288.9 287.8 287 286.3 286.5 286.6 286.8 287.2 287.7 288.3 288.4 288.3 288.3 288.4 288.2 288.1 288 287.7 287.2 286.9 286.7 286.8 286.3 285.3
221.6 227.6 232.5 232.3 233.6 236.6 235 233.9 234.7 236.2 237.1 237.4 236.7 236.1 237.5 238.9 239.8 241.1 243.4 240.2 238.4 238.3 234.4 233.4 236.4 231 224.5 231.5 240.1 246.8 255.2 260.8 264.1 258.9 269.3 278.5 282.5 285.4 287.4 289.2 290.5 292.5 294.3 295.8 295.9 295.7 295.1 294 293.6 292.3 292 291.1 289.9 289.7 289.2 288.4 287.6 286.9 286.5 286.8 287 287.6 288.3 288.9 289.4 289.7 289.5 289.5 288.9 288.7 288.3 287.9 287.8 288.2 288.4 288.6 288.6 287.6
227.4 236.5 240 240.9 241.8 242.8 243.3 241.5 243 246.5 244.8 245.9 246.8 244.6 242.8 241.6 242.9 242.5 240.3 243.4 246.7 244.9 243.3 245 245.7 234.7 226.3 228.9 234.6 240.2 252.9 262.7 270.1 274.5 277.8 282.9 286.4 289.2 290.9 292.1 293.4 293.4 293.8 293.8 293.4 293.2 292.6 292 292.1 291.1 290.8 290.4 289.3 289.2 289 288.5 287.7 287 286.2 286.4 286.7 287.6 288.5 289.8 290.3 290.9 290.8 290.3 289.5 289.1 288.5 288.1 288.3 288.9 289.6 289.9 289.8 288.3
233.6 240.3 243.3 245.1 246.1 247.6 248.8 248.4 248.6 250.7 250.6 250.4 250.2 250.4 249.7 244.7 246.9 250.6 253 255.7 254.2 255 253.4 253.8 252.8 239.6 230.3 230 240.9 250.4 255.7 262.9 273.6 279.3 283.8 286.8 289.6 291.6 293.1 294.1 294.3 293.1 292.2 291.7 290.8 290.7 290.5 290.5 289.6 289.4 289.5 289.3 288.6 288.4 288.2 288.4 287.6 286.9 286.2 285.8 286 287.7 289.4 290.8 291.7 292 291.7 290.9 289.9 289.2 288.6 288.5 288.5 289.6 290.6 291 290.6 289.2
236.3 241.8 244.8 245.9 248 250.5 252.5 253.6 253.7 253.5 253.5 252.9 253.6 253.2 252.4 248.2 250.4 251.2 255.1 259.1 258.9 258.8 259.1 258.5 257.2 249.2 234.7 231.8 240.8 259.6 266.1 270.7 277.1 283 286.5 289.5 291.6 292.9 294.1 294 293 291.7 290.6 289.8 289.5 288.7 288.9 289 288.5 288.3 287.9 288.1 287.8 287.6 287.6 287.6 286.4 285.8 285.2 284.7 286.5 288.4 290.2 291.8 292.6 292.4 292.1 291 290 288.6 288.7 288.7 289.1 290.2 291.5 291.6 291.1 289.9
233.8 239.3 244.5 247.1 250.2 253.5 255.8 257.3 257.8 258 256.8 255.9 256.6 256.5 254.2 253.1 253.9 253.5 256.3 259.9 262.3 263.3 265 263.9 262.5 257.7 240.4 233.3 239.8 254.3 270.9 277 281.4 285.2 288.6 291.3 292.5 292.7 293.3 292.2 290.8 289.7 289.2 288.2 288.6 286.7 287.6 287.4 286.5 285.8 286.1 286.6 286.5 286.2 285.1 285.7 285 284.4 283.8 284.6 286.3 288.6 290.9 292.5 293.3 293 292.2 290.5 289.1 287.5 287.6 288.3 289.8 291.2 292.1 292.2 291.6 290
237.2 242.2 246.9 250 253.6 256.5 258.3 260.2 261.6 261.9 261.8 260.6 259.8 258.4 257.3 256.8 257.8 254.5 259.4 262.2 264.8 266 268.4 269 267.3 264.9 248.5 237.2 240 249.6 271.1 278.7 283.1 286.9 290.5 292.2 292.6 292.7 291.7 290.4 289.5 288.4 287.9 287.7 286.8 286.5 285.8 286.4 285.9 285.2 284.8 285 284.9 285 284.5 283.9 283.8 283.1 282.8 284.3 286.9 289.3 291.6 293.2 293.6 293.4 291.4 289.7 288.1 286.2 286 287.2 289 290.7 292 292.3 291.4 289.1
243.2 247 249.5 253 256.5 260.3 262.8 264.3 266 265.4 265.4 264.5 263.2 260.6 258.8 259.5 261.1 261.6 261.2 263.7 266.2 268 270.3 271.9 271.5 269.2 259.2 242 241.2 250.2 269.8 278.5 284 287.9 291 292 291.8 291.4 290.2 289.3 288.1 287.8 287.1 286.2 285.7 285 285.1 285.2 284.8 284.2 283.7 283.4 283.1 283.6 283.8 283.2 282.5 281.9 282.5 284.8 287.3 289.9 292.6 293.8 293.7 293.3 291.1 288.7 286.4 284.8 284.6 285.9 287.8 289.8 291.3 291.7 290.5 288.1
246.4 249.9 252.9 256.6 260.6 263.7 266.5 269.9 270.1 270.1 268.8 267.3 266 263.5 262.3 262.7 263.8 263.8 263.6 264.2 265.7 268.8 271.8 274.3 274.7 272.3 268.7 248.6 242.9 253.2 270 278.3 283.7 288.2 290.7 291.3 291 290.1 290.3 289.5 288.8 287 285.5 284.6 283.6 282.7 282.6 283.4 283 282.7 281.6 280.9 280.8 281.7 283.2 282.3 281.4 280.9 282.4 285.3 287.9 290.4 293 293.9 293.7 292.8 290.3 287.4 284.3 282.8 283.3 284.3 286.6 288.9 290.5 290.6 289.6 287.1
248.7 251.9 256.2 260.3 264 266.8 270.1 272.9 273.9 274.2 273.9 271.1 268.5 266.7 265.5 266 266.7 266.1 266.6 267.1 267.7 270.5 274 276.1 276.9 275.7 270.8 254.6 243.8 255.9 268.3 278.3 282.6 286.5 289.2 290.2 290.3 289.9 290.7 290 289.2 287.2 285.1 282.7 281.2 280.6 280.9 282.1 282.5 281.4 280.1 278.8 280.5 281.1 281.6 281.1 280.3 279.7 282.5 285.6 288.3 291 293.3 294.1 293.6 291.8 289.3 286.4 283.1 281.3 281.9 283.4 285.3 287.7 289.5 289.5 289 286
250.3 254.9 259.6 263.4 267.3 270 273.6 275.7 277.1 277.4 276.8 274.3 271.1 270.9 269.9 269.4 269.3 268.6 269.1 270.8 271.5 272.8 275.8 277.9 279.3 278.4 274.8 259.8 248.1 253.1 262.8 274.8 280.1 283.9 286.9 288.4 289.3 290 290.7 290.4 289.6 287.7 286.8 283.2 280.9 280 279.4 280.9 281.2 280 278.6 277.4 279.3 279.6 279 279.4 278.2 279.8 282.7 285.8 288.6 291.2 293.3 293.7 292.7 290.3 287.5 284.7 281.1 279.3 280.1 282.5 284.1 286.5 288 288.2 287.6 285.4
251.8 256.9 261.6 265.6 269.9 273.2 276.8 278.9 279.9 280 278.7 277.1 275.7 275.4 274.4 274 273.3 272.6 274.3 276.2 276.8 276.5 278.4 280.5 281.7 280.9 276.7 260.7 250.5 251 257.3 266.5 274.3 280.4 284.4 287.4 290.3 291.9 292.1 292.3 291.5 289.2 287 284.5 281.7 278.8 278.9 280.4 279.5 278.3 277.3 275.1 276.8 278.2 278 277.1 277.6 280.4 283.2 286 288.8 291.4 292.2 292.3 290.5 288 285.2 282.8 280.1 278 278.3 280.5 282.8 284.9 286.6 287.7 287.1 284.6
253.2 258.9 263 267.7 272.7 277.3 280.4 282.2 282.8 282.5 281.5 280.3 280 279.8 279.2 279.9 280 276.5 278.2 280.8 281.6 281.8 282.8 283.6 284.3 283.3 275.1 258.5 257 255.1 254.2 259.1 268.9 278.7 284.6 288.4 291.6 294 295.4 293.9 292.2 290.8 289 287.1 282.9 279.8 278.4 278.8 277.7 276.8 276 274.8 273.4 275.7 275.3 274.6 277.9 280.2 283.2 287 289.2 290.8 291 289.9 287.7 285.5 283.2 280.9 278.5 276 276.2 278.8 281.6 283.2 284.7 286.3 286.1 283.7
255.1 260.3 265.3 269.5 275.3 280 282.9 284.4 285.2 285.1 284.3 283.5 283.2 283.7 283.7 284.6 284.9 283.4 283.7 285.6 287 287.1 288.6 289 288.3 286.2 273 258.3 259.6 274.3 264.6 265.5 269.6 275.8 285.2 291.5 294.7 297.2 299.6 295.5 293 292.1 289.1 286.4 283.3 280.5 277.9 276.6 276 275.1 274.7 273.5 271.2 269.8 271.4 274.3 277.4 280.4 283.4 286.6 288.8 289.8 289.6 287.9 285.5 283.1 281.1 278.9 277 273 274.2 277.5 279.9 282 283.7 285.3 285 283.8
257.4 262.3 267.1 272.2 278.5 282.1 284.4 285.8 286.3 286.8 286.7 287.3 288.1 288.4 287.8 289 289.5 288.4 288.1 289.9 291.8 292.7 292.8 292.8 292.8 289.1 273.5 260.4 264 281.1 276.6 273 281.8 280.7 283 292.7 297.2 298.1 300 298.8 295.6 292.4 289.1 286.4 284 281.8 279.4 277.8 276.6 275.9 275.4 273.2 271.9 270.6 269.1 272.9 277 280.2 283.4 286.3 288.1 288.8 287.6 285.5 283.5 280.8 278.9 276.9 275.3 272.9 273.4 276.3 278.9 281.3 283 284.5 284.2 283.1
259.4 265 269.7 275.4 280.4 283.9 285.6 287 287.5 287.8 288.6 289.6 290.9 291.9 292.9 293.6 294.2 293.5 293.2 294.7 296.2 296.9 297 296.8 295.6 292.3 275.4 261.2 270.2 282.8 289.6 282.8 291.3 294 291.8 294.8 298.1 298.7 298.9 297.5 295.7 292.9 290.5 287.8 285.6 284.3 282.2 280.2 279.3 277.7 276 274.4 273 271.1 269.1 269.5 275.1 279.9 283.6 286.1 287 287.1 285.6 283.7 280.6 278.5 276.2 274.6 273.6 272.2 272.6 275.7 278 280.5 282.2 283.8 283.7 282.5
262.2 267 272.4 278.1 282.1 284.5 286.1 287.6 288 288.7 289.7 291.3 292.8 294.3 295.3 296.3 297.2 297.7 297.3 299.3 300.3 301 301.1 300.2 298 289.8 273.1 265 275.7 286.7 294.3 295.4 295.8 296.6 295.8 297.3 299 299.8 299.7 298.2 296.6 295 292.9 289.7 288.3 288 286.7 283.5 280.6 279.7 277.3 275.9 273.8 271.9 270.2 266.9 274.4 279.6 282.6 284.8 285.7 285.2 283.7 281.1 278.6 276.5 274.3 272.3 271.3 270.5 272.7 275.5 278 280.3 281.7 283 283.4 282
265.6 270.5 275.6 279.8 282.8 284.9 286.5 287.8 288.8 289.8 290.6 292.3 293.9 295.8 297.2 298.8 300.1 300.7 301.9 303.4 303.8 304.5 304.3 303.1 297.4 281.5 271.5 274.5 282.1 293.5 297.9 298.6 298.6 299.6 299.7 299.9 300 300.3 300 299 297.5 296.4 295.5 292.2 291.4 296.4 292.1 285 282.5 281.4 279.1 276.6 274.4 271.3 267.5 265.8 273 277.8 280.4 282.7 283.6 283.1 281.5 279 276.3 274 270.9 268.4 269.5 269.1 272.3 275.7 279 281 282.1 283 283.1 282
269.2 273.5 277.4 280.6 283.4 285.1 286.2 287 288 289.1 290.4 292.4 294.4 296.3 298.4 300.3 301.7 303.5 304.7 305.9 306.8 307 306.6 304.1 293.2 282.5 291.2 290.9 296.2 297.2 300.7 300.7 300.7 300.6 300.2 300.1 300.2 300.2 300 299.7 299 298.1 297.1 296.7 293.9 292.4 290.6 287.1 285.2 282.7 280.5 277.6 276.3 273.7 267.6 263 269.8 275.1 277.7 280.2 281.5 280.7 278.9 277 274.8 271.7 269 265.4 267.6 265.4 271.8 275.9 279.5 281.5 282.8 282.8 282.4 281.2
271.6 275.3 278.1 281.3 283.4 284.6 285.1 286 287.2 288.6 290.1 292.1 294.4 297 299.3 301.3 302.9 304.7 306.4 307.6 308.3 308.8 308.2 305 298.7 296.8 302.9 303.4 302.7 301.2 302.4 302.5 302 300.8 300.3 299.9 299.8 299.7 300.5 301 300.8 299.8 298.8 297.7 296 293.8 291.4 288.5 286.7 283.4 282.1 280 277.6 275 270.8 260.2 266 271 275.1 277.8 279.1 278.5 276.8 274.5 272.6 269 264.4 266.1 266.2 265.7 270.6 274.6 278.3 280.9 281.5 281.5 280.7 280.1
272.9 275.8 278.5 280.7 282.2 283.5 284 285.1 286.5 288 290.1 292.4 295 297.5 299.9 302 303.9 305.7 307.3 308.4 309.4 309.8 309.4 307.7 305.2 307.3 307.7 306.8 306.1 304.8 304.3 304 302.8 301.2 300.4 299.2 299.2 300.1 301 301.9 302.2 301.5 300.5 299.5 297.7 295.9 294 291 288.1 286.1 283 280.3 277.9 274.4 269.1 260.7 261.7 268.3 272.3 275.7 276.6 276.1 274.4 272 270.2 268 262.3 264.8 263.5 265.8 269.4 272.5 275.7 276.9 278.1 277.8 277.5 277.3
274.1 275.9 278 279.4 280.9 282.3 282.8 284.6 286.8 288.8 290.8 293.1 295.5 297.8 300.2 302.3 304.4 306.2 307.6 308.9 309.9 310 309.9 309.9 309.8 310.8 309.8 308.8 308 306.3 305.7 304.9 303.3 301.5 300 298.6 298.4 299.6 300.9 302.3 303.4 303.2 302.3 301.2 299.7 297.9 295.6 293.5 290.9 286.7 283.3 280.4 277.5 273.9 268 259.6 258.5 265.4 271 273.5 274.7 274.1 271.9 269.8 268 265.5 260.2 262.7 259.8 265.1 267.5 269.8 270.5 271.5 271.5 270.3 269.3 270.8
273.8 275.7 276.7 278.5 280.3 282.1 283.9 285.8 287.7 289.9 292 294.3 296.6 298.9 301.1 302.9 304.8 306.5 307.8 309.2 309.8 310.1 310.4 310.9 312 311.7 311.3 310.3 310 307.3 306.1 305.1 303.1 301.3 299.6 297.9 297.2 298.7 300.1 301.8 303.4 303.5 302.9 302 300.6 298.9 296.2 294 290.9 286.6 282.5 280.3 275.7 271.2 265.4 259.5 256.8 263.2 269.4 271.6 272.2 270.6 268.8 267.4 265.6 263.5 259.4 261 256.8 262.9 264.7 266.1 265.6 265.4 263.8 263.4 263.5 265.1
271 274.8 276.1 278.8 280.6 282.5 284.7 286.5 288.9 291 293.2 295.3 297.6 299.8 302.1 303.8 305.3 306.7 308 308.9 309.4 309.6 309.8 311.4 312 312.1 311.8 311.4 309.9 308 306.3 305 302.9 300.9 298.9 296.5 295.6 297.3 299.1 300.9 302.4 303.1 303 302 300.8 299.1 296.8 294.2 290.6 286.9 282.4 279.1 275.9 271.8 267 260.9 254.8 257.4 265.6 267.6 267.9 267 266 264.9 263.1 261.2 256.6 259.9 256.8 261.2 262.8 264 263.4 262.1 260.5 258.9 257 257.6
273.7 275.2 276.3 278.3 280.2 282.5 284.9 287.4 289.8 291.7 294.3 296.6 298.8 300.9 303 304.3 305.4 306.1 307.2 308.1 308.3 309 310.5 311.4 311.7 311.8 311.8 311 309.3 307.6 306.3 304.8 302.8 300.4 297.9 295.5 293.4 295.8 297.4 299.2 300.7 301.6 301.5 300.9 299.9 298.4 296.2 293.3 289.6 285.5 281.2 277.4 274.3 271.2 267.1 262.6 252.9 254 257.7 262 263 263.3 263.2 261.2 260.7 258.4 253.2 255.4 249.2 258.5 260.6 260.9 260.8 259 257.2 255.3 251.4 246.7
274.6 275.4 276.8 278.5 280.1 282.7 285.3 287.9 290.3 292.8 295.4 297.9 300.1 302.2 303.6 304.3 305.1 305.9 305.6 306.4 307.5 308.5 309.7 310.5 311.1 311.4 311.4 310.6 309.2 307.5 305.9 304.7 302.8 300.1 297.2 294.3 291.6 293.7 295.2 297 298.4 299.3 299.4 298.8 298 296.5 294.4 291.5 288 284 279.1 275.7 272.8 269.9 266.5 262.7 259.4 254.8 252.5 256.3 258 256.8 259.2 257.5 257.6 256.9 255.2 248.4 253.7 256.6 258.5 258.8 258.5 256.6 254.4 252.1 240.6 212.2
273.6 275.6 277.4 278.2 280.3 283.1 285.7 288.4 291.2 294 296.5 299 301.5 302.7 303.4 303.6 304.4 304.5 304.8 306.1 307.1 308 308.9 309.7 310.3 310.6 310.1 309.5 308.5 307.6 305.9 304.8 303.1 300.2 296.6 294.1 290.9 291 292.9 294.7 296.2 296.6 296.3 295.9 295 293.7 291.9 289.7 286.1 282.3 278.3 274.1 270.5 267.9 264.5 261.3 257.8 252.4 249.5 251.4 252.4 252.4 254.3 253.7 254.1 253.3 253.6 252.5 248.2 254.8 256 256.6 255.9 254.2 252.7 243.9 216.8 219.9
273.4 274 276.4 278 280.3 283.3 286 289.1 292.2 295.7 297.4 299.8 301.8 302.9 303 303 303.2 304.3 304.1 305 306 306.8 307.3 308.8 309.6 309.5 308.6 308 307.2 305.5 304.9 304.3 302.5 300.9 297 293.7 291.1 287.6 290 291.6 293.1 292.9 292.6 292.7 291.6 290.4 288.7 286.4 283.9 280.1 275.7 271.5 268.3 264.6 263.9 261.2 259.9 253.4 248.6 248.2 249 247.7 249.6 249.9 249.9 249.4 250.5 252.4 251.4 245.7 253 253.5 253.1 251.8 246.6 220.9 236.9 243.7
274.6 275.9 277.1 278.6 280.4 283.6 286.4 290 293.5 296.4 298.3 300 301.5 302.4 302.6 302.7 302.7 303.5 303.4 303.1 303.5 304.9 306.1 307.5 308.2 308.1 307.8 307.1 305.6 305.1 303.9 302.8 302.4 299.7 297.9 295.1 291.7 287.1 285.9 288.3 289.6 289.8 289.7 289.2 288.2 287 285.3 282.9 280.6 277.2 272.8 269.7 266.8 264.8 262.6 260.7 258 254.7 248 244.9 247.8 247 246.1 245.7 246.8 244.2 246.4 250.1 251.1 248.2 238.5 250.1 250.4 231.8 217.6 233.5 247 247.4
275.3 276.9 278.1 279.9 281.7 284.3 287.3 290.2 293.6 297 298.3 300.1 301.3 301.9 302.1 302.3 302.5 302.4 302.6 302 301.6 302.9 304.6 305.5 305.9 306.5 306.4 304.8 304.4 303.5 302.6 302.3 301.5 299.2 297.6 295.2 292.7 287.9 284.2 284.7 286.2 286.8 285.9 286.2 285.1 283.7 282 279.2 277.3 274.1 270.8 268.1 265.3 263.9 261.8 259.4 256.4 251.1 247.8 243.4 247.6 246.7 244.7 241.4 240.6 241.8 243.4 248 250.1 249.8 243.2 242.7 234.8 230.3 240.4 245.8 247.3 247.6
276.4 277.9 279.5 281.3 282.7 285.3 287.9 290.4 293.3 296.3 298.5 299.9 300.8 301.3 301.5 301.7 301.9 301.5 301 300.5 299.9 300.8 302.4 303.2 303.9 304.7 304.7 303.8 302.9 302.4 301.7 301.5 300.2 299 297.3 295 292.6 288.8 284.3 280.9 283.2 284.2 283.9 283.4 282.2 280.6 278.6 276.4 273.8 271.2 269.3 266.9 264.2 262.9 260.7 258.1 254.2 250.4 249 241.3 246.1 246.3 243.2 240.7 236.4 236.3 240 244.1 248.2 248.7 246.3 225.4 221.1 238.5 244.3 246.2 247.6 246.6
277.5 279.1 280.7 282.1 283.5 286 288.9 291.1 293.1 295.9 297.4 298.9 300.2 300.7 300.8 301 300.6 300 299.5 299 298.1 298.3 299.7 300.8 301.4 303.1 303.5 302.2 298.2 298.1 300.7 300.3 299.4 298.2 296.7 294.3 291.5 288.7 284.9 279.7 279.4 281.2 281.6 281.2 279.6 277.9 276.5 274.9 272.5 270.1 268.1 265.4 262.2 261.6 256.7 255.7 252.3 250.5 248.7 245.3 240.5 243.3 240.7 236.6 232.8 231.9 230 231.5 244.3 246.6 244.8 239 228.8 232.2 242.5 246.3 247.2 244.4
278.3 280 281.5 283 284.8 287.3 289.4 291 292.9 295.2 296.8 299 300.5 300 299.8 299.8 298.9 298.4 298.2 297.7 296 295.9 296.9 297.8 300.1 301.4 301 299.4 294.1 297.9 299.4 299.2 298.4 297.2 295.8 293.4 290.7 287.8 283.8 277.9 276.2 277.7 279.1 279 277.5 276.1 274.9 273.6 271.2 268.9 266.5 263.8 261.5 259.3 252.1 252.3 251 249.1 247.8 247 241.6 237 237.1 233.7 236.4 241.3 234.2 229.4 229.9 243.5 243.8 240.8 224.8 231.1 242.3 246.5 242 245
