Assets/StreamingAssets/GeoData/Data/sn/SN46.asc
ncols 200
nrows 200
xllcorner 240000
yllcorner 260000
cellsize 50
[rows 148 to 184 of 200, columns 84 to 167 of 200]
-1.2 -1.2 -1.2 -1.2 -1.2 -1.2 -1.2 -1.2 -1.2 -1.2 -1.2 -1.2 -1.2 -1.2 -1.2 -1.2 0.8 0.8 1.3 15.1 20.3 22 21.2 22.1 25.7 29.6 33 45.6 43.3 35 23.9 5.3 7.3 7.4 8.5 12.1 19.2 24.2 30.2 35.3 40.6 49.1 62.5 75.8 87.7 92.7 97.1 100.4 105.3 109.1 111.8 113.8 116.2 118.6 120.4 122.3 124.1 125.9 127.7 129.5 131.2 132.8 134.1 135.4 136.4 136.3 135.6 134.9 133.9 132.2 130.5 128.8 125.5 122.2 118.8 115.6 113.2 115 114.4 112.6 110.2 106.2 103 97.1
-1.2 -1.2 -1.2 -1.2 -1.2 -1.2 -1.2 -1.2 -1.2 -1.2 -1.2 -1.2 -1.2 14.1 19.1 24.8 25.4 23.1 24.3 26.1 28.2 28.6 32 33.7 39.6 53.1 59.1 58.6 50.6 37.4 13.3 7.5 7.3 7.8 8.4 12 19.8 25.6 33.2 38.4 46.2 53.4 57.9 67.6 79.3 88.9 94.5 100.2 105.4 110.1 112.6 114.7 117.1 119.5 121.4 123.1 124.9 126.7 128.8 130.7 132.3 134 135.3 136.6 137.5 138.2 137.7 137.7 137.2 135.5 133.7 131.2 128.2 125 121.5 118.7 117 120.8 119.4 117.4 114.7 111.2 107.3 102.3
-1.2 -1.2 -1.2 -1.2 -1.2 -1.2 -1.2 -1.2 -1.2 -1.2 -1.2 -1.2 2.1 34.5 36.1 40.4 49.8 44.9 45.3 44.3 42.6 42.5 47.8 53.4 60 63.1 62.4 56.6 47.6 29.7 11.4 8.2 7.4 8.2 8.2 12.2 21.6 29.1 36.8 44.2 51.6 57.4 62.4 71.1 87.5 95.6 99.4 103 107.1 110.6 113.1 115.5 117.8 120 121.9 124.1 126.2 128.1 130.1 131.9 133.5 135.1 136.5 137.8 138.6 139.7 140.5 140.4 140.1 138.5 136.2 133.7 130.9 127.8 125.1 122.1 122.8 124.3 123.9 121.9 118.6 115 110.9 107
-1.2 -1.2 -1.2 -1.2 -1.2 -1.2 -1.2 -1.2 -1.2 -1.2 0.7 8 46.4 52.4 45.6 49.6 59.2 65.6 64.9 61.6 58.5 58.6 58.1 60.2 63 63.7 62.8 58 48.9 28.9 13.6 9.5 9.1 7.3 9.6 15.7 25.3 35.2 42.3 47.3 52.5 58.2 64 78.2 91.4 96.8 101.6 105.8 108.7 111.7 114.1 116.3 118.4 120.7 123.5 125.6 127.5 129.4 131.3 133.1 134.7 136.2 137.7 139.5 141 142.2 143.3 143.1 142.6 141.2 138.8 136.1 133.4 130.6 128.1 125.4 125.5 126.9 126.6 124.6 121.7 118.6 114.6 111.1
-1.2 -1.2 -1.2 -1.2 -1.2 -1.2 -1.2 -1.2 0.2 1.4 20.7 51.8 63.3 64.2 51 58.2 71.1 76.6 76.6 74.3 73.4 70.9 67.4 65.6 64.4 62.6 60.5 56.7 49.2 34.5 16.9 12.2 9.8 9.2 9.9 10 27 34.8 39.1 43.6 50.6 58 63.3 73.2 89 96.6 101.4 106.2 109.3 112.5 115.1 116.9 119.4 122.6 125.1 126.9 128.8 130.7 132.6 134.3 135.8 137.4 138.9 141.2 143.1 144.3 145.2 145.5 145 143.9 142 139 135.7 132.9 130.2 127.9 127 128.4 128.2 126.5 124.9 121.8 119.1 115.7
-1.2 -1.2 -1.2 -1.2 -1.2 -1.2 -0.2 0.6 1.6 31.8 55 68.3 74.3 70 57.6 67.1 76.1 80.1 81.2 81.1 81.3 80.8 79.5 74.8 68.9 64.1 58.5 53.2 43.7 32.3 20.3 15.3 11 10.1 10.3 10.1 10.3 24.2 27.8 34.1 42.1 52.8 61 70.4 81.9 92.2 99 104.8 109.3 111.8 114.9 117.8 121.2 124.5 126.4 128.2 130 131.9 133.9 135.5 137 138.7 140.7 143 144.3 145.5 146.2 146.5 146.3 145.7 144.1 141.5 137.9 134.9 132 130.5 129.4 129 129.2 127.9 126.4 124.9 122.2 119.6
-1.2 -1.2 -1.2 -1.2 -1.2 0 0.9 1.7 27.6 48.1 69.6 78.8 80.3 71.2 66 73.8 78.9 81.8 84 84.7 84.6 84.6 82.9 78 71.3 64.6 57.8 48.8 39.9 31.5 23.9 18.3 14 11.3 9.8 9.7 9.3 14.8 20.4 31.7 46.3 56.5 60.7 66.6 76.4 84.2 94.3 100.3 105.4 111.1 114.8 119.2 122.7 125.7 127.8 129.5 131.4 133.2 135.1 136.9 138.7 140.4 142.4 144.2 145.5 146.7 147.4 147.6 147.5 147.1 144.8 141.8 138.8 136.2 133.8 132.1 130.4 130.1 130 129.3 127.9 126.5 125.1 124
-1.2 -1.2 -1.2 -1.2 0 0.9 2.6 23.1 38.4 58.4 79.2 84.5 81.2 75 73.7 78.5 82.5 85.5 87.3 88.2 88.1 86.9 83.6 79.8 74 68 62.9 56.2 47.3 37.7 29.3 21.8 17.7 14.3 10.3 10.2 9 10.7 11 23.9 40.1 58.6 67.1 73.7 81.8 89.1 95.2 99.8 106.5 111.7 116.8 120.3 123.8 126.4 128.5 130.4 132.5 134.3 136.3 138.4 140.3 142.1 144.1 145.4 146.5 147.3 148.4 148.7 148.6 147.9 145.4 142.3 139.3 136.7 134.6 133 131.6 131.2 130.9 130.1 129.4 128.3 127.9 127.6
-1.2 -1.2 -1.2 0.1 0.9 2.9 23.9 33 42.7 58.9 79.8 83.8 77.1 78.7 78.7 82.5 86 89.3 90.6 91.4 90.6 88.4 85 82.2 78.4 74.9 71.2 65.8 58.3 49.9 38.2 27.6 21.7 18.5 14.8 10.8 10.6 10.4 10.6 11.3 30.6 55.6 70.2 79.2 87.3 95.5 102.4 104.1 108.9 114.3 119.4 122.2 124.8 126.7 128.5 130.6 132.9 135.2 137.4 139.5 141.7 143.8 145.3 146.1 146.8 147.6 148.6 148.6 148.6 147.2 145.7 142.7 139.8 137.1 135.4 133.9 132.8 132.3 131.7 131.1 130.8 130.4 130 129.8
-1.2 -1.2 -0.1 0.7 1.7 17 35 51.6 49.9 58.9 68.3 74.1 74.4 81 83.3 86.9 90.1 92.4 93.2 92.8 92.1 90.2 88.1 85.4 84.7 82.7 80.1 75.7 69.8 61.7 47.6 35.9 26.7 21.8 18.6 12.1 11 11 11 11.9 20.6 46.5 69.6 82 92.9 101.3 107.8 110.4 114 117.5 121.3 123.1 125.1 126.7 128.5 130.8 133.1 135.5 138.6 141.1 143.2 144.6 145.4 146.3 147.1 147.9 148.4 148.5 147.8 146.4 144.3 142.5 140.2 137.7 136.2 135 134.2 133.7 133.4 133.1 132.8 132.5 132.2 132.3
-1.2 -0.2 0.5 1.4 16.9 35.1 53.2 66.5 72.3 59.1 63.8 71.1 82.2 83 86 88.7 91.5 92.7 93.3 93.9 93.9 93.1 91.4 91 90.5 89.4 87.4 82.6 75.6 64.9 53.5 42.3 30.3 24.2 21.4 14.3 12.3 12.2 10.9 11.8 12.3 34.4 57.9 79.4 95.6 104.6 110.6 113.2 116.5 119.6 121.7 122.9 124.8 126.8 128.5 130.9 133.4 136.3 139.6 142.2 143.8 144.8 145.5 146.3 147.1 147.3 147.3 147.1 146.4 145.6 143.9 142 140 138.5 137.3 136.6 135.9 135.6 135.4 135.2 134.9 134.5 134.7 135
-0.2 0.6 1.2 13.8 36.5 54.5 67.9 74.4 79.3 75.7 79.8 87.2 88.2 87.5 88.1 90.7 93.1 93.8 95.3 97.1 97.3 97.1 95.9 95.4 94.7 94.3 91.4 86.6 79 68.9 58.4 48.1 40.5 30.8 23.2 21.5 13.8 12.1 11.5 11.3 11.1 22 44 68.3 90.7 102.7 109.4 113.7 117.1 119.1 120.3 121.8 123.6 125.8 128.2 131.2 133.6 136.9 140 141.5 143.2 144.5 145 145.6 145.7 145.8 145.8 145.6 145.5 145 143.6 142 140.8 139.6 139 138.3 137.7 137.5 137.4 137.2 136.9 136.6 137.2 137.8
0.6 1.3 23 40.5 55.9 70.1 78 82.6 84.9 86.9 88.3 90.8 91.1 91.6 92.6 93.6 95.7 97.5 99.1 100.5 100.4 100.2 100 99.4 98.7 97.5 93.9 88.6 81.4 72.9 64.1 55.5 46.9 36.5 26.9 23.2 21 13 11.9 11 12.2 13.4 32.8 55.9 77.4 96.9 106.3 111.4 115.2 116.6 117.5 120 122.2 124.8 127.4 130.6 133.8 137.2 139.9 141.2 142.2 142.8 143.4 143.8 143.9 144.1 144.6 144.7 144.7 144.3 144.2 143 141.9 141.2 140.6 140 139.6 139.4 139.3 139.1 139 138.5 139.4 140.3
1.5 30 44.2 59.8 75.2 84.2 89.8 91.3 92.3 92.6 93.2 94 94.4 95.5 95.9 96.2 97 100.8 102.6 103.3 103.4 103.2 103.1 102.7 102.2 100.4 96.2 90 83.8 77.4 69.5 60.6 50.9 38.4 30.9 25.7 23.3 18 12.4 11.6 13.2 14.1 20.9 43 65 85.8 97.4 101.8 106.1 109.5 112.3 116.5 120.5 123.6 126.7 130.2 133.6 136.7 138.2 139.1 139.9 140.7 141.9 143 143.6 144.2 144.5 145.3 145.4 145.1 144.9 144.4 143.6 143 142.3 141.7 141.5 141.5 141.4 141.4 141.2 139.3 141.7 142.6
36.7 49.8 65.7 81.2 90.8 94.8 96.6 97.1 97 96.7 96.5 96.9 97.5 98.5 98.8 99.1 97.3 102.7 104.5 105.6 106.3 106.3 106.2 105.8 105.3 103.5 99.6 93.9 88.3 81.8 74.3 64.2 52.7 41.9 33.2 28.7 25.5 22 12.8 11.9 13.8 14.2 16.2 32.3 54.4 74 80.2 83.4 89.3 95.1 105.7 113.7 118.4 122 126 129.6 132.5 133.1 134.5 136.4 138.1 140.1 142.1 143.3 143.9 144.8 145.8 146.7 146.8 146.9 147.6 147.6 147.5 146.8 146 144.8 143.8 143.8 143.7 143.7 143.1 142.2 144.9 144.8
59.3 74.1 84.7 95.4 98.9 100.3 100.5 100.4 99.3 98.5 98.3 98.7 99.4 100.9 101.8 102.5 103.2 102.5 105.3 107.4 108.5 109.3 109.3 108.9 108.4 106.6 102.5 97.9 92.4 86.4 78.4 67.5 57.3 48.3 38.5 32.4 28.5 22.6 13.1 12.5 13.9 14.2 16.2 21.9 43.2 55.9 61.3 62.9 75.3 90.5 102.4 109.9 114.6 119.8 124.7 128.2 127.8 125.5 129.2 134.8 138.1 140.4 142.2 143.7 145 146.1 147.1 147.9 148.8 149.4 150.2 151.2 151.2 151 150.3 148.7 147.1 145.9 146 146 145.2 145.9 146.6 146.1
80.3 87.1 94.8 99 101 101.9 102 101.6 100.8 99.8 100.1 100.7 101.4 102.7 103.6 104.5 105.2 105 106.9 108.6 109.7 110.2 110.4 110 109.5 107.8 105.1 100.7 96 90.9 83.5 74.6 65.4 54.2 44.2 37.6 31.6 25.1 13.1 13.3 13.6 13.9 16.5 22 33.8 42.7 49.9 61 77.9 90.6 100.1 109.5 113.3 121.8 126 120.5 111.7 121.8 131.1 135.1 138 140.8 143 144.6 146 147.1 148.4 150.2 151.4 152.4 153.4 154.3 155.4 154.9 154 152.5 150.9 149.4 148 148.2 148.2 148.5 148.3 147.9
89.2 93.4 97.5 100.1 101.9 102.8 103.4 102.3 101.1 100.6 101.2 102.9 103.2 104.3 105 105.7 106.4 107.3 107 108.9 109.4 109.9 110.6 110.2 109.7 108.6 106.1 103.2 100.1 96.7 91.9 84.3 73.9 61.4 52.3 44.6 33.5 27.7 18.7 13.9 14.4 15.3 11.8 20.8 31.6 39.9 49.9 66.4 82.4 91.3 99.5 110.1 119.6 124.5 120.2 105.8 111.1 127.1 132.7 136.1 139 141.6 144.1 145.8 147.4 148.9 151.6 153 154.3 155.6 156.5 157.5 158.2 157.6 156.5 155 153.1 151.2 150.1 149.3 149.2 149.5 150 149.8
93.9 96.2 98.1 100.6 101.9 102.9 103.3 102.4 101.4 100.9 102.8 104 104.9 105.7 106.3 106.8 107.6 108.4 108 108.2 109.1 109.8 110.7 110.5 109.9 109.4 108 106.1 104.5 102.2 99.1 92.7 82.6 66.3 65.9 55.6 34.5 30.5 23.7 14 14.4 15.4 15.9 17.3 29.2 36.6 51.2 69.7 82.5 91.2 99.3 112.2 120.8 122.3 113.3 98 114 128.5 133.3 137 139.8 142.5 145.1 147 149.3 152 154.5 155.8 157.2 158.6 159.6 160.5 160.8 160.4 158.9 157.1 155.1 153 151.2 150.2 149.9 150 150.6 151.3
92.1 94.6 97.3 99.4 101.6 102.7 102.8 101.6 101.3 101.1 104.4 105.3 106.3 107.4 108 108.7 109.6 110.5 110.5 110.6 110.3 110.4 110.9 111.3 111.3 111 110.3 109.4 108.3 106.9 103.9 98.3 85 79.8 77.4 69.2 61.1 49.8 31.3 14.5 14.8 15.5 15.8 13.7 22.4 30.2 46.2 63.6 78.9 88.3 96.7 108.3 114 114.3 107.1 90.4 107 124.4 133.7 138.1 141.2 143.5 146 149.1 152.4 155.2 157.3 158.7 160.4 162.2 162.9 163.1 163.1 162 160.2 158.1 155.8 153.5 151.2 150.1 149.6 149.6 149.9 151.4
80.2 87.3 91.6 96.3 98.9 99.8 99.9 99 97.5 102.7 105.2 106.7 107.9 109.8 110.5 111.5 112.4 113.3 114 114.5 115.1 114.8 112.4 114.4 113.7 114.3 113.9 113 111.7 110.2 107 94.9 91.1 96.3 90.6 79.9 72 60.1 40.1 28.1 20.4 16 16.4 16.6 14.8 22.8 36.4 51.7 66.9 81.3 91.6 94.9 96.7 97.3 92 80.8 95.6 117.9 133.3 139.4 142.4 145.4 147.8 151.5 155.3 158.2 160.6 162.4 164.2 165.6 165.9 165.3 165 163 160.6 158.4 156.1 153.7 151.4 149.8 148.9 148.5 148.4 150.3
54.7 70.1 83.1 91.3 92.4 91.9 91.5 91.3 91.7 101.8 105.6 108.2 110 111.8 113 113.9 115.1 116 116.7 117.3 117.8 118.5 118.6 117.9 117.9 117.8 117.6 116.2 114.7 112.4 105.5 92.2 103.1 104.9 97.3 89.7 81.3 70.6 50.7 30.1 25.8 17.7 17.3 16.9 16.9 15.2 22.4 36.5 51.8 65.7 73.3 76.6 78.7 75.9 70.6 76.1 99.6 122.1 135.6 140.3 143.5 147.3 150.9 154.9 158.5 161.3 163.9 165.8 167.7 168.6 168.5 167.7 165.8 163.4 160.8 158.6 156.3 154 151.7 149.5 147.6 146 145.7 146.9
45.1 51 69 81.5 81.4 78.8 76.8 83.5 88 101.5 103.3 106.9 111 112.6 114 115.6 117 117.9 119.1 119.3 119.8 121.1 121.7 121.6 121.2 120.8 120.4 119.2 117.4 113.7 106.4 98.2 108.1 109 103.7 98.9 92 82.7 64 40.5 28.5 22.2 20.6 18 17.5 17.7 17.9 19.9 33.8 44.7 53.1 58.9 55.2 57.8 66.4 82.1 108 128.8 137.5 141.4 145.5 149.8 154 158.1 161.5 164.3 167 169.1 170.8 171.1 170.3 168.8 166.2 163.5 160.9 158.7 156.5 154.3 152 149.4 146.5 143.9 143.4 143.2
66.9 59 54.3 65.3 68 81.8 89.8 88.6 96.3 104.4 106.6 107.4 109 112.5 114.9 115.7 117 118.1 119.6 121 122.3 123.7 123.8 123.4 123.1 122.8 122.6 121.7 119.5 116.8 113.5 103.1 110.7 112.7 110 106.4 99.8 92.1 75.6 53.3 37.2 30 29.9 23.5 21.1 17.9 18.4 16.4 19.1 23.9 32.6 36.4 46.5 57.3 71.4 95 118.5 130.7 138.6 143 147.2 152 156.8 160.4 164.2 167.2 170 172 172.6 172.8 171.7 169 166.1 163.5 161 158.8 156.5 154.3 151.8 148.7 145.6 142.4 141.5 140.9
79.4 76.3 60.1 65.7 82 92.7 97.6 102.1 105.2 108.1 109.9 111.7 112.9 114.2 114.5 116 117.8 119.4 121.3 123.1 124.6 125.1 125.3 125.3 124.9 124.6 124.3 123.4 121.6 120.5 116.8 111.3 114.8 116 114.2 110.6 104.8 96.5 84.6 69.9 51.7 37 33.1 29.1 26.1 23 18.9 18.5 18.4 20.4 25.3 32.1 39.2 52.3 72 89.6 109.4 125.6 137.1 144.3 149.3 153.8 157.6 161.8 165.8 168.3 170.7 172.5 173.4 173.3 171.4 168.7 165.7 162.5 160.5 158.8 156.5 153.4 150.1 147.1 144 141.2 140.3 139.3
85.5 84.4 76.7 58.7 82 95.1 101.1 104.5 107.5 110.2 112.1 113.9 115.8 117.2 118 119.4 120.2 121.4 123.3 125.2 125.7 126.1 126.2 126.3 126.4 126.4 125.8 125.6 125 124 121.2 119.5 120.4 118.8 116.2 113.6 107.8 99.4 88.8 74.9 48 41.6 36.9 32.7 29.8 29.3 28.5 20.8 18.7 19.9 20.6 24.4 29.1 39 54.6 69 83.6 105.2 126.5 141.5 150.4 154.4 158.5 162.6 165.9 167.7 169.2 171 172.6 172.8 170.6 167.6 164.4 161.5 160 158.1 155.2 151.8 148.5 145.3 142.4 139.9 138.9 137.9
91 90 86.4 72.2 67.6 90.9 101.6 106.1 109.5 112.3 114.2 116.1 117.9 119.2 120.7 121.2 122.3 123.5 125.3 126 126.6 127.2 127.5 127.8 128 128.3 129 129.3 129.1 127.9 125.7 125.6 123.9 121.3 118.6 115.9 110.5 100.6 88.4 71.7 55.7 50 41.9 40.2 37.4 35 34.4 32.9 25.9 19.2 20.3 22.2 25.7 32.4 39.3 51.8 61.6 83.1 104.6 125.5 141.4 149.2 155.7 160.5 164.1 165.9 167.2 169 170.6 170 167.8 165.5 162.9 161.1 158.9 156.1 153.1 150.2 146.9 143.6 140.7 138.5 137.5 136.4
96 95.9 93.3 86.6 75.2 78.4 95.9 105.5 109.9 113.6 116.4 118.2 119.7 121 122.2 122.9 124.1 125.3 126.2 126.9 127.4 128.3 129.2 130 130.2 130.6 131.4 132.2 132.9 131.9 130.1 129.3 126.4 123.4 120.4 117 109.7 99.3 86.3 68.5 66.7 61.7 59.1 53.4 46.4 43.3 39.5 37.2 33.8 18.7 19.6 20.8 24 30.4 34.5 40.6 50.6 60.4 81.9 102.4 117.2 131.9 144.6 153.7 159.6 162.4 164.1 165.9 166.7 166.2 164 163.6 162.4 159.1 156 153.5 151 148.1 145.3 142.3 139.3 137.2 136 134.9
99.7 99.9 98.5 93.8 89.4 85.4 83.6 100.8 108.2 112.4 115.9 118.3 120.2 121.5 122.8 124 124.8 125.5 126.5 127.7 128.5 129.4 130.3 131.3 132.2 132.9 133.6 134.3 135 134.6 133 130.6 127.2 124 120.7 115.7 106.3 97.3 85.5 81.6 80.6 77.3 73.3 68.1 60.7 51.1 44 41.6 37.7 34.4 25.1 21.4 19.5 25.5 32.1 37.1 40.9 48.9 60.3 78.1 95.1 111.1 126.5 139.4 150.7 156.5 159.1 162 162.7 162.5 163 162.9 162.1 156.3 152.7 149.6 147.9 146 143.8 141.5 139.4 137.1 135.1 132.7
103.4 103.8 102.3 99.6 95.4 91.4 86.6 86.5 94.1 104.2 109.8 113.6 116.7 119.5 121.5 122.8 124.1 125.6 126.9 128.2 129.5 130.5 131.4 132.2 133 134 135.3 136.1 136.5 136.4 134.8 132.5 129.2 125.3 120.7 114.4 104.8 96 86.1 96.1 98.3 94.7 88.5 78.1 68.3 61 57.2 49.5 42.4 39.7 35.7 26.2 23 22.3 23.4 30.7 36.5 40.4 46.6 57.4 74.3 90.9 106.8 121.2 136.7 147.5 153.2 157.3 158.6 159.6 160.8 161.1 160.2 156.6 149.7 145.8 144.4 144.4 143.1 141.8 140.1 137.7 135 131.3
106.3 107.5 106.5 104.8 100.8 98.1 97.5 94.4 86.1 97.4 106.4 112.2 114.6 115.9 119.5 119.9 122.8 125 127.3 128.8 130.1 131.1 131.6 132.4 133.6 135.2 137.4 138.7 139.1 138.8 137.4 134.9 132 128.6 123.6 116.3 105.5 95.3 101.9 111.7 114.4 109.2 100.9 87.2 78.8 76.2 74.1 65.6 52 44.1 42.6 32.7 23.2 22.7 22 26.6 35.5 37.6 41 47.7 56.4 72.6 89.1 105.3 122.5 135.7 146.7 152.7 155.9 157 158.3 158.2 157 154 146.6 143 142.3 143.1 143.5 143.1 141.8 138.6 135.1 130.4
108 109 109.7 109.1 107.2 103.9 102.1 101.4 99.1 93 102.6 109.2 111.4 112 115.5 118.1 121.3 123.6 127.2 129 130.1 130.7 132.4 134.1 135.9 138.7 141.1 141.8 141.9 141.1 139.9 137.7 135.7 132.6 129.4 122.3 110.7 109.8 120.7 122.4 119.7 116 108.9 98.4 96.9 94.3 86.3 75.2 58.2 53.2 60.3 49.9 33.1 23.7 22.2 24 35.7 37 39.2 43.8 50.2 59.4 73.8 91.3 107.4 121.8 137.3 148.3 153.6 155.8 154.8 152.5 151.3 147.4 141.9 140.3 140.6 141.9 143.1 143 142.2 139.5 135.3 128.7
109.4 110.8 111.4 111.8 111.6 109.2 106.8 106.5 104.8 101.3 98.3 104.1 109.2 112.9 116 119.7 122.3 123.7 126.4 128.8 131 132.9 134.8 136.5 138.7 140.8 142.3 143.5 143.9 143.2 142.2 140.5 138.2 135.8 132.7 127.1 117.1 121.8 126.4 126 124 120.7 115.9 113.4 110.7 104.3 92.6 80.2 65.9 67.9 76 71.7 50.9 29.4 22.6 24.3 35.2 37 38.8 42.8 47.3 54 63.4 79.7 94.5 109.9 126 141.6 149.8 149.8 145.6 144 144.5 141.2 138.9 137.9 138.5 139.8 141.2 143.1 142.3 139.5 134.1 127
110.7 112.7 113.2 113.9 114.7 112.9 111.6 110.9 109.3 107.3 101 106.8 110.5 113.9 117.7 121.9 124.7 127.5 129.4 130.9 132.8 134.7 136.5 138.1 139.9 141.5 142.9 144.1 144.5 144.8 143.9 142.8 140.3 137.9 134.7 130.3 122.4 127 130.2 129.2 127.7 125.8 123.6 122 116.9 106.8 94.5 83.4 74.8 84 94.8 91.4 71.9 42.5 25.6 24.9 27.8 37 38.9 41.3 45.1 52.3 59.4 69.5 82.8 97.7 114 128.7 137.2 136.3 133 136.7 139.3 138.5 136.7 135.3 135.9 137.8 139.4 142 141.9 137.5 131.2 123.9
111.6 114.3 115.5 116.2 117 116.4 115.7 114.3 112.3 110.6 105.5 103.5 111.5 115.1 119.3 124 127.4 129.3 130.9 132.6 134 135.7 137.3 138.7 140.4 141.9 143.3 144.6 145.2 145.8 145.4 144.7 142.3 139.9 136.7 133.4 127.8 131.5 133.5 132.4 131.2 129.6 128 125.2 117.3 107.5 99 93.2 87.2 92.6 103.7 105.3 83.7 49.6 29 25.3 26.4 35.4 38.7 41.2 44.8 50.6 56.2 63.9 73.9 86 100.3 113.2 120 120 122 130 136.3 136.9 135.1 132.6 131.4 131.8 134.9 137.8 137 132.2 126.2 118.5
112.4 115.5 117.5 118.2 118.9 118.2 117.7 116.5 115.1 113.4 111.2 106.4 110.8 115.8 120.4 125 128.5 130.9 132.4 133.8 135.2 136.6 138 139.4 140.8 142.1 143.4 144.7 145.5 146.2 146.8 146 143.6 141.8 139.3 136.2 134.9 136.3 136.5 135.5 134.3 133 130.7 127.8 121.7 117 115.2 113.6 106.2 101.7 104 110.4 94.4 66.1 38.6 25.5 26.3 28.8 38.7 42.1 46.7 49.5 54.7 59.6 67.5 78.4 89.4 97.6 102.2 106.6 116.3 129 135 135.3 132.8 130.3 127.8 125.1 126.2 131 130.3 125.8 119.3 110.2
113.5 117.3 119.1 120.2 120.6 120.3 119.8 118.4 117.1 115.7 114.4 112.3 108.4 115.9 120.5 124.7 127.6 130 132.4 133.7 135 136.3 137.8 139.2 140.6 141.9 143.1 144.4 145.3 146.1 146.9 147.2 145.3 143.6 142 139.5 138.6 139 139 137.9 136.9 135.8 133.7 131.9 129.5 128.9 128.9 127.9 124.3 116.4 110 114.6 107 83.1 50.6 24.6 26 26.9 39.1 44 47.6 49.7 52.5 57.4 63.2 69.9 77.6 83.4 92.5 104.4 119.4 130.7 134.3 133.1 130.6 128.1 125.3 121.4 119.6 123.4 124.4 120.9 113 105
