Assets/StreamingAssets/GeoData/Data/sn/SN53.asc
ncols 200
nrows 200
xllcorner 250000
yllcorner 230000
cellsize 50
[rows 0 to 34 of 200, columns 0 to 77 of 200]
182 181.5 179.7 177.1 173.3 167 178.4 183.4 188.7 194.2 200.8 205.2 213.5 222.7 231.3 236.7 241.3 244.2 246.4 247 246.3 243.8 241.7 239.5 237.1 235.4 232.9 230.5 226.9 222.1 217.4 212.9 204.6 203.5 205.9 213.6 227.9 242.2 251.1 259.2 267.3 274.2 279.6 284.5 288.9 291 293.5 290.1 289.6 299.5 305.2 314.6 321.8 327.3 333.1 339.5 343.8 347.9 351.5 356.1 360.7 365.5 369.9 373.6 376.4 378.4 380.8 383.6 384.6 385.3 386.1 387.8 387.8 387.6 387.1 384.1 381 375.9
185.9 185.9 184 181 177.6 174.4 171.9 181.7 187.6 195.4 201 203.8 213.7 222.8 229.7 235 239.3 243 247 248.8 249 248.1 246.6 244.9 242.6 240.4 238.6 236.9 233.8 229.7 225.3 213.6 208.4 211 206.4 212.2 224 242.6 256.2 265 274.3 282.5 290.1 294.9 299.2 302.7 305.9 307.6 306.9 303.6 301.7 308.8 317.7 326 333.7 339.7 344.7 349.5 354.1 357.9 363.4 368.7 373.5 376.9 380.2 382.4 384.8 386.6 387.7 389.1 390.4 391 390.5 390.2 389.8 388 385.4 380.7
189.6 189.8 189.6 187.4 183.8 179.3 173 177.3 185.5 193.7 199.2 203.5 211.9 220.1 227.9 232.9 238.3 242.5 247.1 249.5 251.3 251.5 250.3 248.3 246.8 245.6 244.1 243.5 240.3 235.6 233.8 230.2 225.1 217.5 208.7 211.3 221.2 236.1 256.7 269.8 279.2 288.8 296.4 301.2 305.8 309.4 311.5 313.1 314.6 316.1 317.1 319 315.4 324.1 333.4 339.9 345.4 349.9 354.7 360.2 365.1 370.5 375.8 379.6 383.4 386 388.4 389.6 391.6 393.4 394.3 394.9 395.2 395 393 391.7 388.5 384.4
193.7 193.9 194.5 194.1 193 187.2 181.2 175.7 180.8 188 195.1 200.1 208.3 216.5 223.9 230.1 235.7 241.4 244.9 249.4 251.2 252.1 251.4 251 250.7 250.5 249.6 248 246.6 242.1 240.9 239.9 237.9 233.9 220.3 212.5 217.9 230.9 253.4 270.4 282.8 291.6 300.3 306.2 311 314.3 316.5 318.1 319.8 321.4 323.5 324.8 328.4 322.5 331.2 338.9 345.9 350.3 355.2 361.4 366.8 372.2 376.6 381.3 385.3 388 390.9 392.7 394.7 396.6 397.8 398.3 398.8 399 397.9 395.1 392.1 388.3
199 199.8 201.9 203.3 202.9 198.4 192 181.6 178.8 184 191.9 195.7 203.9 211.8 219.9 225.5 232.3 238.6 242.4 245.5 248.3 251 251.9 253.8 254.4 253.8 253.7 253.3 250.9 248.4 248.3 246.4 248.7 247.3 238.8 227.1 218.5 225.9 244.9 269.8 282.8 293.8 302.6 309.2 314 317.8 320.7 323.1 325 326.4 328.7 331.1 333.6 335.6 328 333.5 343.5 349.7 356 361.6 367.2 372.7 377.7 382.3 386.8 390.2 393.1 395.5 397.5 399.5 400.8 401.7 402.3 401.4 400.5 399.2 395.8 391.5
203.2 206.8 210.9 213.2 213.4 213.9 206 193.1 184.9 181.3 187.5 192.9 197.1 204.6 213.9 221.6 226.8 233.1 237.3 241.6 245.6 249.8 252.9 255.1 255.8 257.3 257.6 257.1 256.1 256.6 256.7 256.1 258.2 259.8 259.7 252.2 241.2 223.9 233.3 261.5 281.3 294 302.6 310.3 315.7 320.1 323.6 326.2 328.8 331.1 333.8 336.4 338.6 340.3 341.6 341.5 340.2 348.4 355.7 361.2 367 372.8 377.9 382.8 387.5 391.2 395 398.3 401.1 402.6 403.7 403.9 404.1 403.2 402.6 402 399.1 394.9
209.6 214.8 220.6 223.4 223.1 223.9 221.7 210.8 195.8 187.4 184.7 188.2 194.2 197.6 203.2 211.2 218.7 224.4 229.9 236.4 243.1 248.1 252.1 254.9 258.1 259.7 261.4 262.3 262.7 262.7 264.8 266.5 268.6 270.3 272.6 274.2 267.8 253.2 233.6 254.1 279.5 292.9 302 309.2 316.4 321.3 324.9 328.3 331.4 334.2 336.8 339.4 341.6 343.3 345.1 346.5 347.8 348.8 354.7 360.8 366.6 372.4 377.7 383.1 387.7 392 396.3 400.7 403.5 404.6 405.7 405.6 405.4 404.8 404.1 403.4 400.4 397.9
220.4 223.3 229.3 231.4 232.3 234.3 233.3 228.6 216.8 206.1 191.5 189 190.9 194.9 198.8 202.9 209.1 215 224.2 230.8 238.1 244.5 251.2 255.5 259.6 262.4 265.6 267.7 269.1 271 273.1 276.8 280.2 282.1 284.9 287.2 288.8 277.2 260.9 251 275.1 291 300.9 307.2 315 320.9 326.1 329.3 332.7 336.3 339.2 341.8 344.1 346.5 348.9 350.8 352.5 353.2 357.7 361.9 366.7 372.5 378.5 383.5 388.4 392.9 398.1 401.7 404.7 406 406.6 407 406.4 405.8 405.4 404.3 401.9 398.5
226.9 231.7 235.7 238.3 240.3 241.6 239.5 236 231.1 219.6 202.2 194.3 205.3 204.2 196.4 201.7 207.5 213 219.6 225.7 233.4 240.6 248.7 254.5 260.3 265.6 269.5 272.8 275.4 279.4 283.7 287.1 290.6 293.3 295.4 298.7 299.9 298.7 286.8 270.1 273 286.9 296.3 305.2 312.9 319.6 326 329.9 334.3 338 341.3 344.1 347.2 350 352.5 355 357.1 359 361.1 365 369.6 374.2 379 384.3 390.1 395 399.2 402.6 405.1 407.2 408.3 407.9 407.3 406.7 406.1 404.3 402.1 398.7
232.1 237.1 241.4 243.5 246.1 246.4 244.8 241.7 238.2 229.4 210.6 199.2 214.8 217.5 214.6 207.3 205.1 209.8 215.8 223.1 230.5 238.5 247.9 254.5 262 268.3 273.2 278.6 282.8 288 292.6 296.9 301 305.5 307.7 309.7 310.1 309 305.8 295.3 282.6 278.6 290 301.3 311.5 317.4 325.3 330.2 335.7 339.6 343.3 346.9 350.6 353.5 356 358.7 361.3 363.3 365.1 368.5 372.6 376.9 382.2 387.7 392.1 396.6 400.1 403.2 405.5 407.8 407.8 407.8 407.3 406.4 404.9 403.6 401.3 400.3
237.9 242.6 246.4 250.1 251.6 251.1 248.8 246.4 241.6 232.2 215.1 214.3 226 227.8 229.4 227.1 220.8 214 212.9 219.5 227.4 238.8 246.9 255.8 264.7 271.3 277.2 283.7 290.4 296.7 302.1 308.2 312.3 315.9 317.5 319.4 319.5 319.3 315.7 310.2 301.3 290.1 285.1 293.9 308 315.5 323.8 330.4 335.8 340.6 345.3 349.7 353.5 357 359.5 362.3 365 367.6 369.7 372.7 377.1 380.2 385.5 390.6 394.8 398.1 401 403.6 405.2 407.1 407.4 406.4 406.5 405.1 404.1 402.4 400.7 400
243.4 248.2 252.4 255.2 255.9 255 253.1 250.4 244.5 233.3 215.3 234.6 238.9 241 240.9 241 238.8 234.5 227.2 219.6 223 236.2 248.9 260 268.4 275.9 283.8 290 297.4 305.7 311.9 317.4 321.8 325 328.5 330 329.5 327.8 324.9 320.7 313.3 307.5 298.2 290.5 302.4 314.5 323.8 330.7 336.6 342.1 347.8 352.6 356.5 360.2 363.1 365.8 368.5 371.1 374.3 377.3 380.6 385.3 389 393.1 397 399.7 402 403.5 404.9 405.4 405.6 405.4 404.3 403.1 402.1 401 400.1 399.2
248.4 252.4 256.7 259 260.4 259.2 256.6 253 247.4 230.1 233.6 244.7 246.1 248 249.1 249.3 249.2 247.1 240.7 229.2 225.4 232.4 250.1 262.9 273.8 282.5 290.7 299.2 305.4 314.1 321.4 325.9 329.8 333.8 336.8 337.1 336.5 334.9 331.5 327.2 321.7 318.3 311.1 305.5 301.7 316.6 325.5 333.6 339 344.6 350.4 355.4 359.7 363.6 366.4 369.2 372.8 375.8 378.6 382.2 385.8 389.5 393 396 398.5 400.5 402.2 403.2 403.6 404.2 403.1 402 401.8 400.8 399.6 399.1 398.4 397.7
254.1 257.4 261.3 262.9 263.2 262.3 259.9 256.4 250.6 247.3 248.2 253.7 253.6 255.5 256.9 260.1 260.4 259.2 255.2 242 229.1 229.9 246.7 266.1 279 287.7 297.9 306.4 315.9 320.5 328.4 333.6 338.9 343.3 344.2 343.4 342.2 340.3 337.7 334.1 331.9 327.6 322.8 318 306.7 319.2 329.5 336.9 341.8 347.4 353 358.2 362.4 366.3 369.4 372.8 376.2 379.2 382.4 386.4 390.2 393.4 395.7 397.7 399.1 400.6 401.7 402.1 402.4 402.1 401.4 399.8 398.6 397.9 396.8 396.5 396 396.2
259.7 263.5 265.2 265.8 266.2 265.3 263.4 260.6 258.3 258.4 258.8 260.9 263.3 265.6 267 268.9 270.3 272.2 269.4 259.2 247.6 237.5 237.4 264.5 282.4 293.4 304.8 316.4 324.4 328.9 336.9 342.3 346.5 348.9 350 350.9 349.1 347 344.5 342 338.3 337.6 334.4 331.1 324.7 314.6 333.8 340.5 345.4 350.4 355.6 360.9 365.1 368.9 372.3 376 379.1 382.4 386 389.5 392.7 395 397.4 398.6 399.5 400.6 400.6 400.7 400.1 399.7 398 396.5 395.2 394.4 394 394.1 394.5 395
264.8 267 268.7 269 269.1 268.5 267.5 266.6 265.7 266.1 265.5 267.9 270.7 272.5 274.5 277.4 280.2 282.7 282.2 276.1 266.4 254.3 241.9 259.6 285.6 298.5 311.4 322.8 328.2 334.4 343.2 348.3 351.5 353.8 356.7 357.5 356.3 354.2 351.6 349.3 346 344.1 343.1 341 339 327.4 334.7 343.9 349.4 354.2 358.7 363.3 367.5 371.4 375 378.3 381.5 384.8 387.7 391 394.2 396.3 397.8 398.9 399.4 399.7 399.4 398.5 397.7 396.7 394.2 393 392 391.8 391.4 392.3 393 393.7
268.1 270.1 271.2 271.2 271.1 271.4 271.5 271.5 272.3 273.4 273.9 275.5 277.6 279.8 283.7 288.2 290.7 292.5 293.2 292.9 287.5 275.4 262.9 254.2 287.2 303.8 315.9 325.8 332.8 341.1 348 354.5 358.1 361.4 363.3 363.7 363 361.3 359.4 355.3 353.1 350.8 349.2 348.1 346.3 340.8 330.3 347.4 352.4 356.8 361.3 365.6 369.6 373 376.7 379.9 382.8 386.5 389.3 392.1 394.4 396 397.2 397.9 398.3 397.9 397.2 395.8 395.3 394.9 392.4 388.5 387.3 388.1 389.1 390.8 392.1 392.3
270.4 271.5 271.8 272.2 273.1 273.5 274.5 275.7 276.9 278.5 279.9 281.6 285.1 289.6 293 296.5 299.2 301.7 303.3 303.4 302.9 298.1 284.7 268.2 287.4 308.7 320.2 328.2 338.1 345.5 353.5 357.7 362.6 366.3 367.7 368.5 367.7 366.5 364.2 361.5 358.6 356.7 355.1 353.4 352.2 348.8 331.9 349.5 355.2 359.3 363.2 367.2 371 374.4 377.4 380.5 383.8 387.2 389.7 391.8 393.7 395.2 396.1 396.7 396.3 395.6 394.8 393 391.2 392.8 392 384.3 383.8 385.3 387 389.6 390.1 391.3
269.9 270.6 271.1 271.8 273.3 274.2 275.6 278.7 280.5 282.3 284.5 287.7 292.4 296.9 300.8 303.3 307.2 309.3 311.9 312.4 312.9 311.9 306.9 293.3 284.5 310.5 323.8 333.7 340.9 350 356.6 361.2 367.6 370 371.3 371.7 371.6 370.3 368.3 365.9 363.4 361.3 359.7 358.5 357 354.5 346 349.9 356.8 361 364.9 368.9 372.1 375 377.8 380.7 384 386.8 389.3 391.2 392.5 394.3 394.9 394.7 394.1 393.3 392.2 390.2 387.7 384 381.5 379.8 379.5 382.9 385.7 387.8 388.6 389.7
267.9 268.1 268.4 270.5 272 274.5 276.8 280.1 282.6 286.4 289.5 294.8 299 303 306.6 310.3 315.1 317.2 318.7 320.4 320.4 320.8 320.4 314.3 299 306.3 327.8 336.6 345.5 354.8 360.7 366 370.2 372.9 374.5 374.9 374.4 373.3 371.9 370 367.6 365.2 363.3 362 360.4 357.5 350.5 348.4 357.1 361.7 365.8 369.3 372.4 375.5 378.1 380.9 383.2 385.7 388 389.8 391.5 392.5 393 392.5 392 391.2 389.7 387.7 384.5 379.6 376 372.2 378.5 381.6 383.9 385.7 387.5 388
262.3 260.7 262.6 268.2 270.8 272.4 277 281.1 285.2 290.1 295 299.8 303.6 308.4 312.9 317.9 321 323.7 325.3 327.5 328.7 329.2 330.1 329.1 320.6 305.3 329.5 341.8 350.8 357.8 363.2 367.9 372.2 375.3 377.2 377.8 377.2 376.3 374.8 372.7 370.2 368.3 366.6 364.6 362.8 360.5 355.9 353 356.4 361.9 365.8 369.5 372.1 374.6 377.2 379.9 382.8 385.6 387.3 388.8 390.2 390.7 390.9 390.5 389.9 388.6 387.1 385 381.6 375.5 371.1 371.4 376.2 379.4 381.9 383.4 384.9 386.4
257.1 262.5 266.2 270 273.5 275.8 277.8 281.4 287.1 293.6 299.5 304.1 309.7 314 313.6 323.2 327.5 329.2 330.8 333.3 335.2 336.8 339.2 340.8 339.1 331.4 325.2 345.9 353.2 360.1 365.3 369.9 373.7 377.2 379.3 380.4 380 379.1 377.3 375.3 373 370.9 368.8 366.9 365.3 363.9 361 356 356.5 361.7 364.9 368.9 372.1 374.7 377.2 379.9 382.3 384.4 386.1 387.4 388.5 389 388.9 388.4 387.6 386.2 384.4 382.4 378.9 371 363 371.8 375.9 379.4 381.8 383.6 384.7 386
258.4 265.1 268.7 272.8 276.4 280 283 284.6 289 295.3 302.4 308 314.3 320.5 325.5 328.1 330.4 333.4 336 338.6 341.1 343.5 346.2 347.9 350.6 348.4 337.6 347.9 356.6 363.3 367.6 371.5 375.5 378.9 380.9 381.7 381.5 380.5 378.8 376.7 374.6 371.8 370.4 368.1 366.7 365.3 362.7 358.1 357.5 361.6 365.8 368.6 371.7 374.3 376.8 379.2 381.6 383.3 384.8 386 386.9 387 386.5 386.1 385.2 383.8 381.9 379.7 375.8 368 362.6 372.6 376.4 379.3 381.8 383.7 385.2 386.1
265.2 267.5 271.6 276.2 280.4 284.3 287.8 290.1 291.7 296.2 301.6 311.6 319.6 324.5 327.2 330 334 337.7 340.3 343.5 346.5 351.4 355 356.7 357 356.7 355.8 345.6 359.2 365.1 369.3 373.1 376.8 379.9 382.4 382.4 381.9 381.3 379.8 377.7 375.5 372.6 371.2 369.7 367.9 366.1 364 360.3 359.2 362.5 365.5 368.2 371.2 374 376.2 378.4 380.6 382.5 383.7 384.7 385 384.9 384.6 384.2 383.1 381.7 379.8 377 372.9 358.7 365.8 371.9 375.9 379 381.5 383.4 384.8 385.5
269 271.8 276.5 280.7 284.7 288.2 292.5 296.5 298.4 303.5 308.6 315.9 321.1 325.2 328.9 333.4 337.4 340.8 344.4 347.9 353.5 357.3 359.9 361.7 363.1 363.5 363.1 362.2 363.4 367.6 371.1 375 377.9 380.2 381.8 382.4 382 381.1 379.4 377.6 375.9 373.5 371.8 370.1 368.1 366.2 363.8 360.7 361.5 364.2 366.4 368.5 371.2 373.5 375.8 378 379.9 381.4 382.2 383.1 383.5 383.4 382.8 382.2 381.1 379.3 376.7 374.2 370.3 354.1 366.1 371.3 375.3 378.7 381.4 383 384.4 385
273.2 277.3 279.8 284.6 288.9 292.9 296.4 302.7 307.1 311.5 315.7 320.5 324.3 328.2 332.5 337.3 341.4 345.1 349.3 354.5 358.6 362 364.5 366 367.2 368.1 368.3 368.2 368.7 370.7 373.1 376 378.4 380.4 381.5 381.7 381.3 380.2 379 377.3 375.8 373.9 371.9 369.9 367.7 365.1 362.3 360.3 362 364.6 366.8 369 371.2 373.4 375.6 377.5 379 380.3 380.9 381.6 382.1 381.7 381 379.8 378.6 376.2 373.7 370.9 366.1 352.8 365.7 371.2 375.1 378.4 380.9 382.7 384 384.7
278 282.9 286.4 288.7 294.5 300 303.7 308.6 312.1 315.5 319.9 324.6 328.3 332.5 337.1 341.9 345.4 350.4 355.2 359.3 363.6 365.9 368.1 369.7 370.8 371.7 371.8 371.5 372.1 373.9 375.5 377.3 379.1 379.9 381 381 380.6 379.6 378.4 376.9 375 373.1 371.2 368.6 365.9 363.3 360.6 359.5 361.7 364.3 366.8 369.1 371.1 373.3 375.2 377 378.2 379.1 379.8 380.4 380.6 380 379.2 377.9 375.7 372.9 370.5 367.2 361.2 350.8 366.8 371.5 375 378.1 380.4 382.1 383.3 383.2
281.7 287.1 291.2 295 301.3 305.2 309.2 312.9 316.4 319.7 325.1 329 333.7 338.4 342.6 347.4 351.2 355.9 360.3 363.8 366.6 369.1 371.2 372.7 374 374.7 374.2 374 374.6 375.7 377.2 378.5 379.7 380.3 380.4 380.3 379.9 378.9 377.6 375.9 374 372 369.4 366.7 363.6 360.9 358.6 358.8 361.3 363.9 366.5 368.8 371 373.1 374.8 376.2 377.3 378.1 378.7 379.2 379.2 378.4 377.6 375.5 372.8 369.4 366.8 361.9 346.4 360.2 367.1 371.2 374.4 377 379.5 380.9 381.8 381.6
286.3 291.8 297.3 302.3 306.4 310.2 314.4 318 321.7 327.3 330.5 335.2 340.1 344.2 348.5 352.7 357 361 364.2 366.9 369.6 372 373.7 375.4 376.3 376.8 376.5 376.2 376.8 377.9 378.7 379.5 379.8 379.9 379.7 379.5 378.8 377.7 376.4 374.8 372.8 370.2 367.4 364.3 361.2 358.2 356.6 358.3 360.9 363.4 366 368.5 370.8 372.5 373.8 374.8 375.9 377 377.5 377.8 377.7 376.8 375.6 372.8 370 367.1 361.3 353 345.6 362.5 366.7 370 373.2 375.6 377.6 379.4 380.1 379.7
291.4 297.3 304 308.3 311.4 314.4 319.3 323.5 328 332.4 337.2 341.6 346.7 350.8 355.8 358.7 362.1 364.7 367.3 370.1 372.5 374.7 376.3 377.6 378.4 378.4 378.3 378.1 378.4 379.1 379.5 379.6 379.6 379.5 378.9 378.5 377.6 376.4 375.1 373.4 371.2 368.4 365.5 361.3 358.3 356 355.1 357.7 360.2 363 365.6 367.8 369.8 371.2 372.3 373.3 374.4 375.2 375.7 376.2 376.1 375.2 373.9 371 368.1 362.8 354.9 342 352.3 361.4 365.3 368.8 371.6 374.1 376.1 377.6 378.5 378.1
297.4 303.8 309 313 315.9 320.1 324.6 328.4 333 339.2 343.3 347.6 352.5 356.7 360.6 363.2 366.2 368.7 370.9 373.2 375 376.7 378 378.9 379.4 379.5 379.4 379.5 379.3 379.3 379.5 379.3 379.1 378.4 377.8 377.3 376.2 374.9 373.4 371.6 368.9 366.1 363 358.5 355.2 351.7 354.4 356.9 359.5 362.1 364.4 366.5 368.1 369.3 370.5 371.6 372.7 373.5 374 374.4 374.4 373.2 372 369.5 366.4 361.8 351.5 335.4 354.2 359.3 363.4 367.3 369.8 372.3 375.1 376.1 376.8 375.8
301.7 307.6 312.4 316.9 321.1 325.3 329.9 333.9 339.2 343.8 348.6 353.5 357.9 361.8 364.7 367.6 370.2 372.5 374 375.3 377 378 379 379.9 380.4 380.5 380.2 379.7 379.6 379.4 379 378.4 378 377.4 376.8 375.6 374.3 372.9 371.4 369 366.5 363.4 359.6 355.9 351.8 349.7 353.4 355.9 358.3 360.6 362.4 364.2 365.7 366.8 368.3 369.7 370.8 371.8 372.3 372.5 372.6 371.8 370.4 368.1 364.1 358.7 348.8 333.4 350.7 357.1 361 364.9 368.4 371.3 374 375 374.9 374.1
304.8 311.1 316.6 321.3 325.6 330.4 334.8 339 344.1 348.2 353.7 358.1 361.9 365.1 368.2 371 373.3 374.9 376.3 377.2 378.2 379 380.1 380.6 380.9 380.6 380.5 380 379.3 379.1 378.5 377.8 377 376.2 375.4 373.8 372.2 370.7 368.5 366.4 363.7 360 355.6 352.2 346.3 348.2 351.8 354.2 356.4 358.2 360 361.7 363.3 364.4 365.7 367.5 368.8 369.9 370.4 370.6 370.9 370.4 368.7 365.9 362.4 356.5 348.2 327.5 345.6 354 358.4 363.5 367.5 370.6 371.9 373 372.9 372.2
307.1 313.6 320.8 325.8 330.4 335.5 339.2 343.4 347.6 352.3 356.9 361.3 364.8 367.9 371 373.4 375.4 376.7 377.4 378.2 379 379.5 380.4 380.9 380.8 380.5 380.1 379.5 378.8 378.2 377.3 376.5 375.7 374.7 373.1 371.7 370.1 368 365.7 363 359.8 355.5 351.4 348 342.7 347.2 349.7 351.9 354 355.8 357.5 358.8 360.2 361.5 362.7 365.4 366.8 367.6 368.8 369.3 369.2 368.3 366.5 363.4 360.2 354.5 344.7 324.8 343.5 352.5 358.1 362.2 366.1 368.6 370.5 371.8 371.3 370.9
309.7 317.2 323.6 329.2 334.5 339.2 344.1 347.6 352.1 356 359.9 363.7 366.7 369.8 372.6 374.8 376.4 377.4 378.1 378.5 379.1 379.7 380.1 380.3 379.9 379.5 378.8 378 377.3 376.7 376.2 375.6 374.2 372.8 371 369.6 367.7 365 362.1 358.1 354.9 351.4 347.7 343.6 341.2 344.8 347 349.1 350.6 352.6 353.9 354.9 356.4 359.2 362.1 363.9 365.1 366.1 367 367.5 367.1 365.9 363.2 360.6 357.2 350.7 340.1 322.6 342.3 351.8 356.1 361.1 364.1 366.3 369 369.6 369.5 369.1
