Assets/StreamingAssets/GeoData/Data/sn/SN65.asc
ncols 200
nrows 200
xllcorner 260000
yllcorner 250000
cellsize 50
[rows 35 to 69 of 200, columns 78 to 155 of 200]
160.6 161.5 165 168.7 171.4 177.3 181.1 185.1 188.2 191.6 194.1 197.3 199.9 201.7 201.3 201.2 202.5 203.6 206.2 208.8 211 213.2 214.7 215.2 214.9 213.5 210.6 205.2 198.3 194 190.4 186.3 182.5 179.3 176.7 174.7 173 172 170.4 169.1 167 165.6 164.7 164.2 163 161.6 161.3 161.1 158.9 157.8 156.2 154.7 154.2 153.5 153.1 153.2 152.5 152.8 153 153.1 153 153.1 154.1 157.2 158.8 154.9 154.3 161.7 169.2 174.6 178.9 187.4 195.9 205.2 225.8 235.2 244.4 249.4
160.2 161.8 166.2 170.2 174.1 178.8 182.3 185.8 189.1 192.9 196.9 199.6 201.7 202.6 202.5 203.4 204.7 206.5 209 210.8 212.5 214.4 215.8 216.6 217.1 215.6 212.4 208.1 202.3 197 192.2 186.9 182.8 178.7 175.6 173.9 172.6 171.9 170.5 169.6 168.6 166.5 165.2 164 163.3 162.2 160.5 159.4 158.9 158.6 160.4 161.7 154.2 153 152.9 152.4 152.4 152.5 152.9 152.9 152.9 153.5 155.4 166.4 167.6 164 155.8 164.7 170.8 175.8 182.2 192.3 200.3 218.3 234.3 242.8 248.4 253.5
159.5 161.8 165.3 171.3 175.7 178.4 181.8 185 188 191.7 195.6 198.2 201.1 203.8 205.3 206.2 206.9 208.4 211 212.7 213.8 215.1 216.3 217.4 218.3 216.9 214.4 210.5 204.9 199.8 194.5 187.9 182.8 178.4 175.4 173.4 172.4 171.5 171.1 170.6 170.2 169.9 168 166.3 164.7 163.7 162 161.6 161.2 157.7 163.1 157.4 152.7 152.6 152.3 152.6 152.5 152.1 152.2 152.2 152.4 155.8 160.9 167 169.2 166.6 159.6 166.7 173.2 179.1 188.7 200.8 214.2 233.7 242 247.8 253 257.4
159.5 163.9 165.9 171 173.5 177.9 180.7 184.1 187.9 190.3 193.1 197.2 201.5 204.5 207.6 208.8 209.8 211.2 213.4 214.6 215.5 215.4 216.7 217.2 217.8 217.9 216.2 212.5 207 202.6 196.9 189.9 183.2 178.8 176 173.5 172.3 171.7 171.5 170.9 171.1 171.4 171.9 169 166.5 164.7 162.8 162 161 157.2 153.3 152.2 152 152.2 152.7 152.3 151.8 154.2 162.2 160.7 157.9 160.6 162.4 165 169.2 166.8 165.3 172.2 180.1 187 202.2 212.5 225.7 239.5 245.5 251.2 256 260.1
161.5 165.9 168.2 168.9 173.1 175.5 177.9 181.9 185 188.5 192.6 198.2 202.6 206 208.4 210.1 211.5 212.8 214.1 215.1 216.8 218 218.7 218.1 218.2 218.7 217.3 214.1 209.1 204.5 197.8 191.3 184.8 179.2 175.6 173.6 172.5 171.7 171.4 170.8 170.5 171 171.7 171.9 166.7 165.1 163.7 162.5 159.7 153.7 153.1 151.7 151.9 152.2 152.7 152.8 154.7 153.9 159.5 164.9 166.1 165.9 166.5 168.4 170 166.3 170.8 181.4 187.4 195.4 208.6 218.9 233.4 237.3 249.7 254.3 258 261.9
163 165.7 167.5 169.3 172.9 176 178.4 181.4 184.6 187.8 192.1 199.3 204.4 207.4 209.2 209.6 211.5 213 214.1 215 216.6 218.6 220.7 220.8 220.7 219.8 216.6 214 209.8 204.5 198.5 192.8 185.8 181.5 177.6 175.3 173.6 171.6 171 170.3 169.2 169.8 170.2 169.3 166.1 165.6 163.2 161.8 155.6 154.5 152 151.4 151.9 152.5 152.3 152.7 162.5 156 166.1 165.7 166.7 168.8 169.5 171 172 177.3 184.8 185.4 191.6 201.4 211.2 222.9 228.5 241.4 248.8 256.1 257.4 261.6
163.4 164.3 165.9 170.8 173.7 176.8 178.8 181 184.3 187.5 192.5 199.9 205.3 207.8 209.2 210.4 211.5 212.8 213.4 214.9 216.3 218.1 219.8 221 221.7 219 215.9 213.9 210 204.6 199.1 193.7 187.5 183.8 179.7 177.2 174.5 173.8 172 170.8 169.1 168.4 170.3 169.4 166.2 165.5 163.1 159.4 155.7 152.1 151.4 151.5 152 152.7 152.2 152.7 159.9 163.7 165.2 165.6 167.7 170.1 172.6 173.9 175.8 180.2 184.8 187.3 194.5 204.6 211.4 218 224.6 233.9 242.1 249.9 253.6 255.9
164.5 166.1 167.9 170.6 173.6 176.5 178.8 181.1 184.2 187.5 193.4 199.4 205.7 207.8 208.8 209.8 211.1 212.5 212.3 213.9 215.4 217 218.4 219.5 219.6 218.5 215.9 214.1 211.7 207.6 202 195.1 188.8 184.7 181.8 180.5 178.2 176.5 173.8 172.3 170 166.6 167.4 167.2 159.8 158.7 158.4 155.2 154.6 151.1 151.2 151.7 152 152.5 153.3 152 161.5 162.4 163 164.3 168 171.2 173.9 176.3 178.1 181.3 185.5 189.6 194.6 201.5 208.6 213.9 222.8 229.9 236.4 242.1 245 248.2
165.2 166.3 168 170.8 173.9 176.5 178.9 181.4 184.4 188 193.9 200.2 205.9 207.4 208.3 209.1 210 211.3 211.9 212.9 214.5 215.8 217.1 217.9 217.7 217.7 216.6 215.4 214.3 211 205.3 199.1 191.9 187.5 185 182.5 180.8 179.2 176.9 174.8 171.5 167.7 161.9 155.1 154.8 154.3 153.6 153.4 152.1 151.2 151.2 152 152 152.4 161.6 163.4 163.1 161.8 161.8 163 167.6 170.9 174.4 177.5 180.4 183 185.8 188.9 193.3 201.5 207.6 212.4 217.7 224.3 231.2 238.4 241.2 245.3
164.6 166.2 168.1 170.6 173.1 175.9 179.1 181.7 184.8 188.4 193.4 200.2 205.1 207 207.8 208.6 209.3 210.1 211.1 211.9 213.4 214.9 216 216.1 216.2 216.8 217.7 216.9 215.5 212.9 207.5 201.5 193.8 190.5 187.5 185.3 183.1 180.2 177.3 175.2 171.4 166.8 150.4 151.6 152.5 150.3 150.1 151.3 151.2 151 151.3 151.8 152.4 162.9 166.4 163.9 163.6 159.6 163.3 165.8 169.7 171.8 174.6 177.6 180.2 183 186.6 191.2 197.8 204.5 207.1 212.5 216.5 219.7 226.4 232.8 238.2 242.7
164.3 165.9 167.6 169.4 172.7 175 179.9 182.7 185.3 189.5 195.2 201.3 204.9 206.6 207.3 208.3 208.6 209.2 209.5 210.9 212.5 213.7 213.8 213.9 214.1 214.8 215.8 216.3 215.3 212 208.3 203 195.1 192.2 189.8 186.9 182.8 180 177.3 173.7 170 149.4 150.5 149.7 150.3 150.1 150.2 155.2 150.6 150.7 151.7 156.9 164.2 167.7 168.8 161.2 165.4 159.6 166.6 171 171.5 171.5 175 177.2 179.4 182.3 184.6 193.5 201.2 205.4 208 212.7 217.4 222.1 227.4 233.2 237.2 241.2
163.7 165.3 166.6 168.6 172.5 175.3 179.8 184.3 187.6 190.5 197.1 202 205 206.1 206.9 207.1 207.6 208.2 209.4 210.1 211.2 211.2 210.9 210.9 211.2 211.6 212 212.5 212.3 209.8 207 201.1 194.7 191.7 189.5 186.2 182.7 179.2 175.3 171.2 164.9 149.7 156.3 162.2 149.9 150.6 150.9 153.8 150.2 156.1 164.7 167.7 168.9 169.5 165.3 158.9 161.9 160.3 171.5 174.5 172.4 172.4 173.1 175 177.8 181.9 188 198.1 204.3 207.8 210 214.4 219.9 225.5 229.6 234.5 239 244.7
162.3 164.3 165.6 167.3 171.3 174.6 179.3 183.6 186.7 190.1 196.9 201.7 204.1 205.1 205.7 206 206.4 207.5 208.6 209.9 209.1 209 208.1 207.7 208.5 208.3 209.3 209.3 208.4 207.9 202.8 198 194.9 191.8 189.3 185.9 182.6 179.2 175.4 170.2 161.7 150.5 160.4 166.6 164.6 162.4 160.8 162.5 167.3 167.5 168.5 170 171.6 167.6 160.3 156 156.4 158.1 166.2 171 169.9 170.4 171.9 173.4 175.9 180.2 190.4 201.9 206 208.9 211.6 217 223.1 227.9 231.5 235.9 241.7 248.1
160.6 162.7 163.8 168.5 170.9 174.4 177.2 181.2 185.3 191.1 197 201 202.8 203.9 204.7 205.5 205.5 207.4 208.4 207.6 206.6 205.7 204.9 203.7 204.2 204 204.4 204 203.6 201.9 197.3 195.4 193.8 192.5 189.8 186.9 184.1 181.4 177.2 172.1 163.9 149.6 162 167.4 168.9 166.6 162.8 163.2 167.9 170.8 171.4 172.9 169.9 165.3 161 156.2 156.8 157.6 159.9 165 167.1 168.4 169.7 172 175 182.1 199.8 198.5 207 210.3 213.9 219.4 226 229.9 234.3 240.2 245.3 249.7
158.1 160 162.8 168.4 171 173.4 176.4 180.3 185.7 192.8 196.7 199.3 201.1 202.1 202.9 203.9 205.2 206.4 205.5 204 203.7 203.5 201.5 196.5 198.3 198.7 199.2 198.8 198.5 196 193.3 192.8 193.1 192.7 191.8 189.4 187.5 184.8 178.8 174.2 166.8 151.4 148.7 153.7 157.2 166.8 160.6 160.5 164.6 167.3 167.5 168.4 170.2 166.9 158.8 156.3 156.9 158.8 159.8 161.8 165.6 166.8 169.5 172.5 177.5 182.6 187.5 196.3 203.6 211.2 216.1 221.7 226.5 230.3 236.1 241.2 245.4 249.2
155.2 157.6 164.6 167.3 170.3 171 175.3 179.8 187.6 193 196.4 198.8 200.4 200.4 201.5 202.7 203.7 204.1 202.4 201.3 201.6 200.7 196.7 193 193.3 194.9 195.5 194.3 193.4 190.7 190.2 191.5 193.4 194.7 195.3 193.2 189.6 184.7 180.4 175.4 170 165 152.3 150 150.1 149.2 149.8 151.3 156.5 160.2 166.3 166.9 164.6 158.4 158 156.3 157.3 159.4 160.5 161.9 163.4 165.1 167.7 174.1 177.8 181.3 188.3 194.7 200.7 207.7 212.6 218.2 222.3 229.4 235.5 240.9 245.1 248.7
154.1 158.3 162.4 166.1 167.1 169.3 173.5 179.1 187 192.9 196.1 197.5 198.5 199.1 200.1 201.1 201.9 200.5 199 198.2 198.2 196.5 190.4 190.2 190.7 191.7 190.9 189.9 188.5 187.9 188.5 190.3 193 195.2 195.8 194.1 190.5 184.8 180.3 176.8 172.4 167.4 160.4 151.8 148.6 149.7 154.2 148.9 148.7 149.5 154.4 165.2 160.6 157.7 157.7 155.3 157.2 157.6 160.1 160.4 161.8 163.4 165.1 169.8 173.4 180.7 187.1 192.1 197.9 203.4 208.3 213.7 219.6 226.7 233.1 239.2 243.7 247
153.3 157.5 160.6 163.4 165.3 168.2 172.5 178.2 185.4 190.9 193.3 194.3 194.5 195.7 197.3 198.2 197 195.7 195.3 194.8 194.6 190.9 186.7 186.1 185.5 185.9 186.4 186.4 186.2 186.6 187.3 190.2 193.2 195.1 195.4 193.9 189.8 183.7 180.4 177.8 175.6 171.7 168.4 165.4 160.3 153.3 153.9 149.2 148.4 148.6 150 151.5 153.1 153.9 155.2 154.5 155 156.3 159.3 160.3 162.9 164.7 167.6 171.1 170.6 174.9 182.2 189.7 195.4 200.9 206 210.6 216 223.7 229.2 233.5 237.7 241.1
153 154.2 158.7 160.7 163.3 165.1 169.7 175.9 181.5 185.5 187.2 189.2 189.5 191.7 192.2 192.3 191.5 191.6 190.4 190.1 187.2 184.9 183 183.3 184 185.3 185.9 185.5 185.1 185.7 187.4 193.3 196.8 198.2 197.1 193.6 188.6 182.5 179.1 178 176.6 174.3 171.2 166.7 162 158.9 157.9 154 150.7 148.1 149.5 149.6 150.5 151.5 153.6 153.8 154.6 156.9 159.1 160.9 166.9 168.6 172.2 176.3 177.8 179.3 178.9 179.1 190.7 196.4 200.6 206.2 213.5 220.3 225.8 228.4 231.5 234.5
152.1 151.8 155.6 158.1 158.4 161.6 164.9 171.8 175 178.7 182.8 183.9 186.6 188.6 188.1 188.3 187.6 187.5 186.7 184.5 179.4 178.6 179.6 181.9 183.5 185 184.8 184.4 183.5 185.8 190.4 197.5 200.7 201.7 199.3 195.1 187.6 179.6 178.2 176.8 173.6 171.5 167.9 163.8 160.6 156.4 158.1 158.3 156.4 153.6 151 148.1 150.1 151.1 152.1 152.9 154.9 157.3 159.8 162.7 170 173.6 176.5 178.3 181.6 183.9 185.9 188.5 187.6 185.2 192.5 202.8 210 215.5 219.9 221.9 224.6 226.6
151.9 151.8 152.9 154.1 155.3 157.4 161.6 166.7 168.7 172.5 177.8 179.7 181.7 182.3 183.4 184.3 184.4 183.9 180.8 176.8 173.9 175.1 176.4 179.8 182.3 183.2 182.4 182.3 183.8 187.7 194.2 200.7 203.2 203.3 200.2 192.9 185.2 174.8 173.4 171.9 168.4 165.8 162.9 160 158.1 157.4 158.5 159.1 156.5 154.4 153.1 148.1 149.7 151 151.7 152.6 155.2 158.9 163.4 167.1 172 175.7 178.5 181 183.4 185.5 187.6 191.1 193 195.5 194.3 192.7 194.5 200.2 204.7 206.5 211.1 211.9
151.6 151.7 152 151.8 154.1 156.5 159.5 160.5 164.6 167.1 169.1 175 176.8 177.9 178.4 178.6 179.2 175 172 170.7 170.1 172.1 175.1 178.1 179.3 179.7 179.9 180.2 185.2 190.3 195.3 201.1 202.2 199.1 192.5 186.7 175.1 168.9 167.7 166.2 161.6 158.4 155.6 154 155.1 156.6 157.2 157.1 155.3 153.7 151.2 148.1 148.8 150 150.7 154.3 156.9 158.9 166 169.9 173 175.9 179 182.3 184.9 187.1 189.3 191.7 194.3 197.1 199 200.2 201 204.5 208.3 212.4 217.5 221.5
151.6 151.5 151.6 150.9 153.1 154.6 155.4 157.9 161.2 163.9 166.9 169.1 170.9 171.4 169.8 168.9 166.6 167 166.2 164.6 166.4 168.5 171 173.3 174.8 175.3 176 179.7 183.7 187.3 189.4 191 189.2 185.6 182.3 172.7 165.8 162.7 161.5 153.9 150.3 151.5 149.8 151.9 153.2 155.1 154.7 149.9 149.1 151.4 149.3 148.1 148.8 149.5 150 156.4 161.2 164.4 167.9 172.2 174.2 177.3 180 182.2 185.9 188.3 191.3 193.8 196.1 198.6 201.5 203.4 204.6 202 211.6 215.4 220.3 223.6
151.1 151.1 151 151.7 152.1 152 153.4 156 157.7 160.4 160.3 161 160.9 161 159.7 159.2 158.9 159.3 158.7 158.5 163 164.8 166.3 167.8 168.3 169.2 170.1 172.2 175.3 175.3 177.4 177.7 175.2 176.9 159.8 153.7 156.8 153.2 149.3 149.5 150.5 156.2 155.9 150.5 150.6 149.8 148.9 148.5 149.5 148.8 149.1 148.1 149 149.5 152.9 159.4 164.3 167.1 170 172.5 175.7 179.1 182.2 185.1 187.3 189.2 193 196.6 197.7 200.7 203.9 206.6 208.9 210.9 212.9 216.2 219.9 223.5
150.6 150.8 150 150.2 150.8 151.5 153 154 155.9 156.5 156.7 155.5 154.1 154.6 155.8 155.7 155.1 154.2 155.9 154.4 159 158.9 158.8 160 162.5 162.3 163.1 164.7 163.5 164.3 166 164 164.6 148 145.6 146 146.4 146.4 146.9 148.7 149.6 155.9 155.5 154 153.2 151 148.4 148.4 148.5 148.5 148.9 148.1 149.2 152.8 159.5 162.8 166.3 169.4 171.5 174.4 177.2 180.3 184.1 186.9 189.1 191.5 194.2 197.4 200.6 203.1 205.7 208.9 212.1 216.3 219.2 220.2 222 225.7
150.2 150.5 150.5 149.9 150.5 151 151.6 152.1 153.5 152.1 148.8 147.4 147.3 147.2 146.1 145.3 144.7 145 145.5 146.1 146.2 145.1 145.6 145.7 145.5 147.3 147.2 149.1 148.5 148.8 148.9 147.3 144.8 145.3 145.4 145.6 145.7 145.4 145.4 146.6 148.2 150.7 156.4 155.9 156.5 149.2 148.1 148.2 148.3 148.3 148.4 148 149.6 157.9 161.6 163.4 167.6 170.8 173.8 176.5 179.5 182.5 185.6 188.6 191.1 194.1 196.7 198.6 201.3 205.5 208.6 211.6 216 219.2 222.2 224.2 225.4 227.9
149.8 150.1 150.4 150.5 149.4 149.9 150.5 150.1 149.2 147.2 146.8 146.3 146.8 146.5 145 144.9 144.3 144.8 144.8 144.8 144.9 145.2 145.1 145.3 145.2 144.3 145.2 146.6 146.2 145.5 145.6 144.7 145.4 145.6 146.5 156.1 157.9 146.3 146.3 145.5 146.7 146.6 148.1 149.2 147 146.6 148.1 148 147.6 148.4 148.8 151 156.8 160.5 163.3 166.1 169.1 172.4 174.9 177.9 181 183.9 187.4 189.8 191.9 193.9 199.5 203.2 205.8 209.7 211.8 214.3 218.6 222.2 225.7 227.4 228.7 229.5
149.6 149.8 150 150 149.7 149.4 149 147.9 146.8 146.5 146.4 146.2 146.1 144.9 144.3 144.6 142.7 142.8 144.5 144.6 144.6 144.8 144.8 145.1 145 146.1 147.9 146.7 144.4 144.5 145.3 146.2 146.8 157.3 158.1 158.7 159.3 159.6 160.6 152.7 146.5 146.3 146.4 147.4 146.2 146.5 147.6 148.3 148.4 148.5 151.6 154.9 160.1 163 165.5 168.5 171.1 174.5 176.5 179.6 182.3 185.1 188.7 192 194 197.9 203 205.3 208.3 211.3 214.1 217.4 220.7 224.1 227.1 229.2 231.5 232.7
149.5 149.7 149.8 149.6 149.7 149.4 147.7 146.2 145.9 145.5 145.6 146.5 146 144.9 144.3 144.3 144 144.2 144.7 146.1 143.6 143.6 146.7 150 151.2 152.4 153.4 154.3 154.8 155.7 156.5 157.1 158.2 158.8 159.4 159.8 160.1 160.6 161.2 161.5 159.6 149 147.8 146.7 146.3 147.3 147.7 147.2 147.5 148.5 153.1 157.4 161.7 165 167.8 170.6 173.1 176.3 178.8 181.1 183.3 185.9 189.5 192.7 195.9 198.5 203.7 207 209.5 212.7 217.1 219.4 222.7 226.2 229.3 231.7 233.8 236.1
149.3 149.4 149.1 149.2 149.4 149.5 147.8 145.9 145.6 145.2 145.9 146.1 145.7 144.6 144.4 144.5 143.6 148.5 150.5 151.4 151.9 151.4 152.3 153 153.9 154.6 154.8 155.3 156 157.7 158.5 158.8 159.4 159.9 160.1 160.3 158.4 150.5 156.8 161 161.1 160.1 149.8 147.2 146.8 146.4 147.1 146.9 147.1 149.1 152.7 157.5 162.1 165.8 168.9 171.5 174.3 177.3 179.7 182.3 184.9 188.4 190.5 193.7 196.7 200.4 205.4 209.2 213.1 216.5 219 221.9 225.3 229.2 233.7 236.7 236.9 239.2
148.9 149.2 149 149.2 149.4 149.2 147.5 145.6 145.3 145.1 145.4 145.6 144.6 144.3 144.1 142.6 143.5 149.2 150.9 151.4 151.9 152.3 152.9 154.5 154.7 156.2 156.5 156.6 157.2 157.7 158.5 158.8 159.2 159.7 160.1 160.4 157.2 149.3 150.8 160.3 161.1 161.4 158.6 150.1 149.5 149.5 147.1 146.7 146.9 147.3 152.3 157.4 159.5 166.2 169.5 172.5 174.3 177.5 179.6 182.8 185.9 189.7 192.6 194.9 198.1 203.4 208.4 214.8 219.7 223.9 224.9 225.6 228 231.9 238 242.1 242.7 244.5
148.5 148.7 148.9 149.1 149.3 149.1 148.7 145.3 145.1 144.9 145 144.5 144.3 144.2 144.1 144 145.4 149.8 150.9 151.5 151.6 151.8 153.9 155.7 156.3 156.8 156.9 157.1 157.3 157.5 158.2 158.8 159.2 159.6 159.9 160 158.6 150.2 151.9 160.3 160.9 161.2 160.9 157.2 150 148.7 147.3 147 147.3 148.2 150.7 157.7 161.1 167 171.3 176.1 179.3 181.7 182.7 184 186.6 192 195.6 198.5 200.3 208 215.2 220.9 226.2 230.8 232.1 230.3 231.3 234.6 239.9 248.5 250.6 252.4
148.5 148.4 148.6 148.9 148.8 149.1 148.2 145.7 145 144.5 144.5 144.3 144.1 144.1 144.2 143.8 145.2 149.9 151.3 151.4 151.5 152.3 154 155.2 156 156.5 156.9 157 157.2 157.7 158.2 158.5 158.8 159.1 159.4 159.7 159 153.3 151.5 156.4 160.9 160.7 161 160.8 154.9 148.1 147.4 147.7 148.2 149.2 151.5 155.6 162.7 168.7 176.1 179.6 182 184.4 187.1 189.5 191.8 195.8 199.6 202.4 205.6 213.8 220.9 227.8 231.5 235.7 237.7 234 235.8 239.3 245.7 254.4 259.4 264.1
148.4 148.3 148.3 148.5 148.5 149 148.4 148.3 147.1 145.3 144.6 144.1 144 143.4 143.8 142.7 146.2 149.6 150.9 151.3 151.9 152.7 153.8 155 155.7 156.1 156.7 157.1 157.3 157.6 158.1 158.2 158.4 158.7 159 159.4 159 153.3 150.1 151.3 156.5 160.3 160.7 159.6 149.9 147.4 147.2 147.7 148.2 150.9 152.5 156.7 159.7 172.3 177.1 182.1 184.6 186.9 189.4 192.2 195.3 198 201.5 204.6 210.2 220.8 228.8 234.2 237.7 244.1 246.2 244.2 241.5 244.4 253.6 261.7 269.3 275.7
147.8 147.7 147.9 148.4 148.8 149.2 149 148.9 149.6 149.4 148.4 144.7 144 143.5 143.5 143.9 145.6 149.1 150.4 151.1 152 152.7 154 155.3 155.7 156 156.5 157 157.3 157.5 157.2 157.7 158 158.5 159.1 159.6 159.2 158.1 154.3 150.9 151.7 158.3 160 157.1 148.5 146.9 147.7 147.7 147.6 156.5 163.3 168.4 173.4 175.9 178.3 183 187.1 188.6 191.2 193.8 197.7 200.3 203.2 206.9 217.5 228.8 235.9 242.5 247 250.6 252.9 252.4 249.5 252.2 261.8 270.7 278.7 286.8
