Assets/StreamingAssets/GeoData/Data/sn/SN67.asc
ncols 200
nrows 200
xllcorner 260000
yllcorner 270000
cellsize 50
[rows 0 to 35 of 200, columns 0 to 81 of 200]
65.7 59.2 51.3 40.3 33.2 25.7 18.4 14.7 15.6 20.5 19.8 14.8 12.6 13.8 13.5 13.5 13.1 14.1 13.6 13.5 14.5 14.5 14.3 16.3 16.8 20.5 23.9 29.5 33.1 41 51.5 62.5 68.1 70.3 69.6 69.3 68.9 67.1 64.6 61 54.7 49.6 50.3 50 52 54.3 57.6 61.8 67.7 75.3 82.8 92.7 94.7 98 99.2 94.1 90.6 88.3 85.4 79.7 83.9 85.3 90.8 91.1 90.3 87.7 87.2 84.2 79.2 71 62.7 53.7 43.9 34.6 28.1 23.6 21.8 21.5 21.5 21.1 20.4 20.2
79.8 70.6 62.5 54.1 50.4 46.4 35.4 25.7 30.8 33.9 34.5 32.3 30 25.6 21.7 20.5 20.3 20 20.1 20.8 21.3 19.8 18.8 19.5 20.7 30.7 36.1 39 40.3 43.2 53.9 67 75.5 80.9 81.1 77.5 77.2 75.6 73.8 72.2 69 64.4 59.5 54.8 55.8 55.9 56.4 60.4 64.5 72.1 80 89.8 91.7 92.9 94 91.1 88.5 87 85.5 86.7 89.2 95.8 101.6 101.7 101.7 102.1 99.8 97.2 92 84.5 77 67.9 55.7 45.5 35.6 30.2 27.2 22.9 22.1 21.7 21.1 20.8
84.8 75.3 70.4 65.1 62.6 59.9 49.9 41 56.9 57 56.2 51.7 53.4 53.3 51.1 41.6 35.4 30 30.8 34.7 32.4 31.4 31.9 33.7 35.6 44.3 49.5 50.4 50.5 51.3 57.2 76.3 77.5 88.4 89.7 89.8 88.1 81.8 79.8 79.4 79.7 76.2 70.1 61.9 60 59.4 61.2 65.7 70.6 72.8 75 84.9 88.5 91.3 92.4 90.8 89.5 87.7 89.5 91.1 95.2 102.2 109.9 113.8 117.9 117.8 112.7 109.6 106 99.7 92.5 85.3 73.6 60.3 47.9 39.1 35.3 32.6 29.1 23 21.6 21.7
87.1 82.5 77.6 76.5 72.4 66.2 62.7 59.2 69.8 71.2 70.9 70 70.2 72.5 71.4 67.3 59.2 49.1 51.8 47.2 45.2 44.1 44.1 44.8 47.2 56 61 61.7 61 62.2 65 77.9 81.8 94.7 99.9 100.7 99.9 97.5 90.1 87.3 83.4 80.5 78.2 73.1 64.9 67.6 68.2 73.4 79.9 83.4 84.3 84.3 89.3 92 93.3 92.8 91.8 92.1 94.2 97.4 102.9 109.4 117.4 122.5 125.4 127.8 126 121.3 119.5 115.1 108.5 100.9 90.2 77.1 64 51.9 43.8 40.4 37.6 32 24.9 23.3
90.7 87 85 83.5 76.7 71.6 70.3 72.5 76.3 77.9 78.9 79.5 81.7 83.8 82.5 80 76.3 70.4 69.2 64.5 58.1 54.5 55 56.2 56.7 62.1 68.4 70 72.5 73.8 76.8 82.6 100 102.9 106.1 108.8 109.2 109 102.4 95.5 88.3 85.6 84.7 80.7 71.5 75.7 77.9 84.3 91.1 96.4 102 98.3 94.6 95.1 95.5 96 96.9 98.9 104.3 107.7 112.9 121 126.3 131.1 134.8 138.5 139.5 138.7 134.6 128.9 123.9 116.3 103.6 92.1 80.1 67.3 55.4 49.6 44.9 41.1 34.3 25.2
93.7 90.7 87.9 84.3 79 76.1 75.3 77.7 80.7 83.8 84.7 86.3 85.6 87.7 88.9 90.4 90.4 90.9 89.8 82.7 75.6 69.7 67.7 69 68.6 74.7 74.1 78.1 80.9 81.1 82.3 91.4 108.5 110.3 111.4 114.4 117.6 118.8 114.6 107 99.6 92.7 90 86.2 82.5 85.1 88.8 95.6 110.6 113.7 111.1 108.9 104.8 102.5 102.1 101 104.4 111.2 116.3 119.5 124 130.4 138.2 145.1 144.3 147.7 150.7 149.8 145.2 140 135.9 129.5 116.7 105 94 79.6 70.7 60.4 53.6 48.4 44.2 40.3
96.3 93.2 89.2 85.7 81.8 79.1 78.5 80.9 82.7 86 88.6 90 89.4 89.8 92.2 95.1 97.6 100.2 102.7 99.9 93.2 87.2 85.7 83 77.8 80.3 82 82.9 84.7 85.7 88.9 95.8 115.1 120.8 121.1 122.9 125.7 127.5 123.5 115.8 107.7 98.2 94.4 92 86.8 92.4 96.8 104.3 118.4 125.7 122.6 118.2 115.3 114.4 114.9 113.3 116.1 121.9 125.4 129.9 135.2 138.7 147.1 151.9 151.8 154.8 159.3 156 151.5 147.3 143.4 138.2 129.1 116.6 103.5 93.7 83.5 74.5 67.2 58.6 52.6 48.6
98.1 95.5 92 88 85.6 83.9 82.6 83.4 84.8 87.7 91.5 93.2 94.5 97.1 101.8 104.3 105.1 107.7 108.8 111.8 107.8 106 107.8 108.1 96.6 87.8 88.4 88.5 89.1 91.5 99.1 109.4 124.6 129 130.2 133.1 132.4 130.8 126.9 120.7 113.3 104.6 98.1 94.4 94.3 97.7 102.7 110.8 123.8 130.7 129.5 124.7 122.6 124.3 126.9 125.4 125.7 128.9 134.4 139.6 142.5 144.6 150.7 155.2 154.1 158.1 162.1 157.3 154.3 151.5 148 143.1 136.1 127.2 117.2 106.2 95 85.2 81.5 74.6 66.3 61.3
97.5 96.2 94.2 91.4 90.2 91 90.9 91.3 92.4 92.2 94.2 96.3 102.2 112.7 117.6 115.4 112.3 110.4 111 115 116.4 119.6 121.1 118.4 107.1 97.2 95.3 96.9 97.3 100.2 110.1 119.9 133.1 137 136.2 135.8 133.8 130.8 128.2 121.9 114.4 106.9 102.9 98.6 97.9 101 107.3 116.8 129.4 133.1 131.2 128.5 127.1 128.6 132 133.6 134.6 137.3 142.6 149 149.7 149.3 152.6 155.9 155.2 158.7 160.8 157.6 155.6 153.9 151 146.4 140.4 134.6 128 119 105.6 98.4 99.2 92.7 85.5 78.7
94.1 94.2 93.7 93.6 94.7 96.5 98.6 99.1 100.6 102.4 103.2 104.3 110.9 120.8 127.2 125.2 114.1 110.5 112 117.6 122.5 130.2 127.7 128 115.5 105.9 101.8 101.2 102.1 109.5 122 132 142.6 141.5 139.4 136.2 130.9 127.2 125 120.7 114.6 109.8 106.3 101.6 102.1 104.5 110.5 119.7 130.3 131.8 131.3 131.4 130.7 132 133 135.9 139.7 143.2 149.4 155.2 154.5 153.3 156 157.2 156.3 157.4 158.3 157.2 156.5 154.9 153.1 149.1 144.6 139.6 135 128.6 115.9 115.1 114 106.6 101.8 96.1
87.8 90.1 93.2 95.8 99.3 102.6 104.7 106.3 108.5 112.5 116.8 121.7 125.4 126 125.6 124.6 116.8 110.7 112.3 123.3 130 141.3 145.7 135.6 122.3 114.3 109 105.8 107.6 117.3 130.9 140.4 150.8 146 138.3 133.2 127.7 124.8 122.6 120 115.7 111.1 107.3 106 108.6 113.3 117.8 121.8 127.5 130.9 133.5 133.8 134.2 136.7 134.1 136.2 140.5 147.1 152.6 156.9 155.2 156.9 160.7 159.5 159.8 158.6 158.1 157.5 156.9 155 153.3 150.4 148 143.8 139.8 135.6 126.1 127.4 126.2 121.8 115.4 108.3
83.6 85.7 88.7 93.5 98.1 102.9 105.6 108.8 113.6 119.6 124.1 128.1 130.8 130.5 124.4 121.7 117.6 110.3 112 124.3 134.7 154.6 153.8 139.6 127.2 119 113.9 112 114.5 125.8 137.8 147.1 153.4 144.8 136.5 130.7 126.3 123.7 121.9 120.1 116.1 112 110.3 110.4 114.1 122.4 125 124.9 129 134.3 139.4 136.6 134.9 136.2 133.9 134.7 138.8 147.2 154 156.6 153.8 155.7 160.9 159.8 161.6 161.1 158.9 158.3 156.7 154.9 152.9 150.6 148.8 146.8 143.8 140.2 136.3 135.5 133.9 130.5 125.3 120.4
81 82.4 85.4 88.8 92.8 97.3 103.6 108.4 114.4 120.6 125.7 128.6 128.3 125.4 119.3 114.8 112.6 107.5 109 119.7 138.7 154.3 153.4 140.8 132.4 126.3 118.7 116.7 121.2 135.7 144.8 148.4 150.1 143.4 137.9 130.8 125.6 123 120.6 118.7 116.6 113 112.2 113.4 117.9 126.6 130.3 132.1 133.4 137.6 142.3 138.8 133.2 132.9 133.4 134.4 136.9 143.7 149.2 150.8 149.5 151.2 155.1 155.4 157.4 157.5 157.5 156.8 156.1 154.2 153 151.1 149.3 147.4 145.5 143.4 141 140.5 139.5 136.7 134 130
79.1 81.2 84.1 86.4 89.5 92.6 97.8 103.8 112.3 118.5 123.2 124.2 122.3 117.1 109.8 105.8 101.6 100.9 105.4 116.9 140.8 158.9 149.7 139.4 134.8 132.1 123.2 124.9 130 145 149.2 154.7 151.2 144.4 139.6 131 123.9 121.4 118.8 117.1 115.9 113.7 113.1 113.7 119.2 127.6 132.8 135.1 136.5 137.6 139.6 136.1 131.4 130 131 132.6 137.4 139.4 141.5 143.9 143.3 145.7 146.3 149.1 151 151.5 152.9 154.1 154.4 153.6 152.6 151 149.5 147.8 145.9 145 143.5 143.5 143.3 141.5 139.3 138
76.8 80.7 84.3 87 89.3 90.7 95 101 106.7 113.6 118.9 119.6 117.7 111.7 103 97.5 94.3 97.4 104.4 117.7 139.3 159.3 156.5 143.6 134.5 129.4 124.7 133.2 137.3 148.2 147.6 154.3 153.7 145.6 142 130.3 121.9 118.8 116.4 114.7 113.8 113.2 113.9 115.7 119.4 124.5 128.6 130.5 133.2 134.4 134 132.5 128.3 127.3 128.3 132.7 135.3 136.6 137.4 139.9 139.4 140.5 142.4 144.2 147 148.2 149.2 150.7 152.3 153.1 152.1 150.7 149.1 147.5 145.8 145.2 144.4 144.7 144.8 143.4 142.8 143.2
74.4 78.1 82.6 87.2 89.6 92 95.9 99.7 103.5 108.1 112.9 113.8 112.3 106.4 97.3 92.9 92 96.8 106.6 122 136.1 149 150.7 140.2 132.9 128.8 121.9 126.9 138.8 147.7 145.7 148.9 151.3 145.9 140.6 131 119.8 116.4 114 112.4 111.7 111.4 112.8 117.1 120.4 123.1 125.2 127 129.4 130.3 129.4 128.4 125.5 125.4 128.4 131.8 131.5 133 135.7 137.1 137.1 137.7 139.9 142.3 144.7 144.6 146.3 147.8 149.5 150.9 151.4 150.3 148.7 146.9 145.2 144.5 143.9 144.9 145.5 145.7 145.6 146.4
66.2 73.8 80 84.4 88.4 91 96.9 101.6 104.1 105.2 104.6 105.2 103.2 98.4 90.2 88.7 90 97 112.1 128.6 140.3 145.8 144.5 132.2 125.7 119.5 118 122.5 132.4 143.2 143.2 148.5 149 144.5 139 129.5 118.8 113.2 110.7 109.6 109.9 109.8 112.8 117.8 121.2 124.3 125.9 127.4 128.1 126.7 125.5 125 125.2 126.1 128.4 131.4 130 131.6 134.9 135.1 134.5 135.7 138.6 141.1 142.7 140.9 142.3 145.4 147 148.3 149.4 149.4 148 146.2 144.4 143 142.5 143.3 145.7 146.9 147.2 148.1
55.7 63.6 71.2 80.7 86 87.6 91.6 97.7 103.8 106.1 99.3 93.8 90.6 85.6 83.4 82.8 88.5 97.8 116.4 132.7 143.2 145.7 138.4 124.7 120.6 114.4 117.2 122.5 130.1 135.6 139.6 148 147.2 142 136 127.7 116.9 111.2 107.6 107.3 108.1 107.8 111.3 116 120.5 124 125.8 125.7 125.4 123.9 123.9 125.7 127.2 127.9 128.9 130.3 130.3 131.4 132.7 133.3 133.8 135 137.3 141 140.5 136.4 136.8 140.4 144.1 145.1 146 146.2 145.8 145.2 143.4 141.7 141 141.7 144.1 146.2 147.2 148.7
46.5 55.5 62.5 71.1 77.8 80.4 83.7 86.9 91.8 95.4 88.1 81.3 77.7 75.4 77.6 79.6 85.5 96.9 116.8 132.7 145.4 146.7 134.8 118.8 113.2 109.8 115.2 119.9 126.3 131 136.1 143.7 142.8 138 132.5 124.9 113 108.8 105.7 105 105.1 104.7 108.1 113.5 117.9 120.1 121.5 120.9 119.9 121.8 124.6 127.5 129.5 130.6 132.9 132.9 133.1 133.7 133.7 132.6 134.1 135.6 137.6 140.7 137.4 133.2 133.5 135.9 140.9 141.7 141.2 141.7 142.6 142.7 141.9 140.4 139.4 140 141.8 143.8 145.9 148.8
33.2 42.6 51.6 63.6 69.4 71.7 73.9 76.7 77.8 77.7 72.1 68.3 68.3 68.7 72 76.5 82 95.7 114.8 130.8 143.5 144.6 130.8 112.9 107 104.5 111.5 116.4 125.2 131.9 135.7 140.8 138.4 134.3 129.3 121.7 110.7 106.3 103.7 102.1 100.9 101.3 104.9 110.7 113.4 115.8 116.6 114.5 118.8 123.9 126.7 129.5 132.4 134.1 137.4 137 137.8 140 140.4 135.2 136.1 134.9 138.3 141.7 133.6 129.7 130.3 132 136.3 137.2 137.2 138 139.1 138.4 138.5 139.2 137.1 137 138.5 140.5 143.4 147.6
22.5 30 39.7 50.7 59.8 59.1 61.8 62.5 60.2 61 58.3 59.2 60.5 61.8 66.8 71.6 77 93.6 112.8 124.9 132.3 135.8 125.4 105.7 100 103 111.8 113.4 119.5 129.1 135.2 138.6 134.8 131 125.7 119.7 109.2 104 101.8 98.2 98 97.4 102.2 106.5 109.7 110.5 109.7 112.3 119.2 125.8 128.7 131 134 137.2 141 138.6 139.3 141 142.8 137.7 138.5 133.7 138.3 140.3 129.1 126.3 127.7 129.4 132 133.8 133.7 134.9 135.6 135.9 135.6 136.3 135.8 135 136.5 138.8 142 146.9
19 21.6 28.1 36.8 45.6 48 46.5 47.3 48 46.7 46.6 48.5 49.4 51.9 54.9 60 69 87.1 107.1 120.4 123.5 126.3 115.7 99.2 91.1 106.4 108.2 110.9 116.7 123.6 132 137.3 133.4 127.3 120.3 113.9 108 102.5 99.7 97.7 92.2 95.5 99.1 103.2 106.1 106.2 108.9 113.6 120.9 125.4 127.9 133.2 137.3 140.6 141.2 142.2 139.4 138.4 138.7 135.3 137.7 130.8 134.9 131.5 122.1 123 124.1 126 127.6 130.3 130.2 131.6 132.6 133 133.5 134 133.7 133.2 134.3 136.8 140.9 145.3
15.9 18.4 22.1 28 32.8 36.3 36.6 37.8 38.3 38.9 39.5 41.6 41.9 42.5 45.6 51 58.9 76.8 98.7 115.2 116.6 113.1 103.8 91.8 84.6 96.5 105.7 105 110.4 118.2 126.9 135.7 131.4 123.9 115.5 108.5 103.8 99.8 97 94.3 89.4 95 96.4 100.3 102.2 102.4 108.3 114.7 119.4 121.4 125 132 139 141.7 142.1 141.6 136.5 134.5 132.2 131.9 129.1 125 128.4 124 118.7 119.1 119.9 121.5 123.6 126 127.9 128.7 129.6 130.1 130.9 131.4 130.8 130.9 133 134.9 138.8 142.8
19 20.5 17.8 22.2 27.7 30.9 31.8 32.9 33.8 34.8 35.6 36.8 37.6 36.4 39.5 43.3 49.6 63.4 83.7 99.7 103.6 96.1 89.5 83.8 76.8 80.6 92.7 93.5 109.8 123.9 126.3 131.3 130.6 123 114.5 106.5 100.8 97.4 94.3 90.4 89.2 93.2 94.9 96.8 92.5 99.8 103.7 110.9 114.7 115.7 118.4 121.6 126.9 130.3 130.6 129.9 127.6 125.5 122.9 121.9 117.2 117.7 115.9 111.5 114.3 114.5 116.4 117.2 119.5 122.1 124.3 125.7 126.7 126.9 127.3 128.4 125.7 128.2 130.5 132.5 135.4 139.4
21.3 23.2 24.7 22.6 20.7 25.4 26.9 28.2 29.5 29.8 30.6 31.3 32.2 32.7 32.9 34.7 39.9 50.1 65.7 78.4 84 77.5 76.4 75.6 69.5 65.9 74 86 112.4 124.8 126.9 131.2 128.6 118.7 112.9 104.5 97.4 93 88.9 85.3 80 83.7 87.2 84.3 95 98.1 99 102.9 104.1 105.1 103 106.9 109.3 111.3 110.8 112 111.3 110.9 111 107.7 104.6 104.4 106.9 104.6 108.1 110 112.7 113.5 114.3 117 120 121.7 122 122.1 123.3 124.3 121.6 125.1 127.1 130.4 133.2 136.8
25.4 26.5 26.5 26.2 22.9 19.9 21.6 24.3 24.2 23.9 26.2 25.5 27.4 26.3 27.1 29 31.3 39.2 50.1 57.7 60.1 56.7 59 62.2 57.5 53.5 64.6 82 111.8 122 126.8 131.7 125.1 111 104.4 97.8 91 86.7 83.1 80.2 76.3 75.1 76.1 81 88.8 94.5 96.5 93.3 90.8 89.9 90.1 91.5 93.7 94.7 95.8 96.6 96 97.6 98.8 98.9 97.3 95.9 96 100.1 103.3 106 107.7 109.5 111.6 114 116.3 117.5 117.4 118.2 119.1 117.1 117.8 120.5 123.2 126.5 129.7 132.5
32.9 31.8 30.4 28.3 26 25 26.2 26.7 26.5 27.9 28.2 29.7 29.3 29.7 29.6 33.4 31.3 30 35.4 39.6 41.1 43.6 46.8 47.3 46.3 47.9 57.1 76.3 103.9 118.8 123.2 128 118.3 102 92.7 86.9 81.3 78.2 74.4 69.9 66.6 67.8 67.2 72.4 79.8 85.3 85.2 84.2 82.8 82.3 83.7 85.6 86.1 86 87.1 87.4 87.2 88.8 90.1 90.4 91.1 90 94.2 96.9 98.7 102 104.2 105.9 108.4 110.3 112.7 113.3 113.6 114 113.3 112.6 112.2 115.1 117.7 121.1 125 126.6
44.5 35.2 34.3 32 29.7 28.6 28.3 28.9 29 29.5 30 31 32.1 32.9 32.2 37.7 36.8 37.6 35.5 33.5 34.1 35.1 35.5 36.7 38 41.1 48.8 65.5 92.5 114 118 117.9 106.3 92 81.2 75.4 71.7 68.4 64.7 60.5 59.1 61 62.3 66.5 71.7 73.7 74.2 75.1 75.4 76.1 78.2 81.1 82.6 83.7 85.4 85.7 85.1 85 84.7 85.1 85.9 88.5 90.7 91.8 95.9 99.1 97.5 103.6 105.4 107.2 109 109.2 109.9 110.6 108.7 107.7 105.7 108.3 111.4 114.1 117.8 120.1
53.8 51.2 45.6 39.3 34.8 33 31.5 31.5 30.3 30.8 31.7 32.8 35 35.2 35.4 38.6 40.1 46.1 43 37.8 36.2 36.6 37 37 36.6 37.2 42 57.5 80.9 106 109.1 105.4 94.7 81 72.4 67.3 63.7 59.2 56.9 57.1 56.8 56.7 57.9 60 63.6 66.6 68.3 69.4 69.7 69.5 70.9 73.1 75.7 80.7 83.9 83.9 81.2 77.9 78 79 81.2 84 84.4 88.7 92.6 87.3 98.1 100.1 101.3 103.1 104.7 106 106.4 105.9 105.1 103.4 101.6 103 104.5 107.2 110.2 112.4
61.2 59.2 50.8 52.1 49.2 46.7 42 36.4 34.2 33.3 34.1 35.4 38 38.5 38.4 39.6 43.5 48.7 46.8 46.9 45.8 41.2 40.9 41.8 41.3 40.4 34.7 50.2 71.1 90.8 89.4 88.9 81.4 71.2 64.6 59.4 55.2 52.1 51.4 51.2 51.9 53 53.2 55.1 57.9 60.6 62.9 63.5 64 63.5 63.3 65.2 69.1 75.3 78.8 83.4 79.8 64.9 68.2 70.8 73.5 77.8 80.1 82.8 83.5 90.3 93.7 95.6 96.4 99.2 100.9 102.9 103.3 102.3 101.6 100.6 98.1 97.8 99.9 102.2 105.1 108
68.5 65.3 62.5 60.3 59.3 59.9 55.1 47.5 42.7 40 40.8 40.8 41.2 42.4 42.2 43.8 51.8 53.7 54.9 58.2 51.4 47.5 45.8 46.3 46.1 45.3 40.9 42.5 59.3 71.8 70.4 68.2 64.7 57.4 53.7 51.6 49.9 47.7 47.9 48.6 49.8 50.2 50.1 51.2 54.3 57.2 57.7 57.8 58.3 54.3 60.6 61.6 58.5 64.7 74.9 76.8 68.4 74.5 77.1 75.5 75.7 70.3 70.4 74.8 78.8 85.9 89.5 91.2 92.8 96.5 97.9 99.4 99.7 98.3 98.1 97.9 95.8 94.6 95.2 97.8 100.7 102.8
75.1 70.9 66.8 65.2 64.6 66 64.2 61.8 61 60.8 59.3 58.2 50.7 47 47.7 57.4 66.7 59.7 62.3 68 62.4 54.7 50.4 50.4 49.1 47.9 45.6 39.5 44.5 51.6 50.3 49.2 47.3 46.1 46.6 46.5 45.6 45.6 46.2 47.4 47.9 48.4 49.4 50.3 52 52.4 53.1 54.7 55.7 57.4 60.9 65.8 68.4 69.5 64.9 65.8 73.1 81.6 83.4 81.6 81.8 81.1 81.3 85.7 88.8 86 84.1 87.8 91 93.7 94.8 95.7 95.2 95.4 95.7 95.5 93.5 92.8 93.2 94.8 96.8 99
82 77.3 74.1 69.8 69.5 70.3 69.5 70.2 71.2 71.7 68.6 61.5 56 52.2 53.5 65.3 66.8 63 67.4 70.4 67.5 63.1 56.3 54.2 52.9 50.2 47.7 44.8 41.5 39.7 41.9 41.9 41.2 42.5 43.5 44.8 44.1 44.9 46 46.5 46.9 47.6 48.7 50.5 49.5 52.4 53.2 54.8 55.7 58.2 62.4 68.4 75.4 80.4 81.4 83.6 85.9 87.2 87.4 87.4 90.5 94.7 96.2 93.1 94.2 92.4 87.8 84.9 86.2 88.8 90.7 92.1 91.9 92.3 91.6 90.7 91.2 92 92.7 93.5 95 97.1
87.1 83.2 80.5 76 75.5 76 75.3 75.7 75.9 74.8 70.7 64.1 62.1 59 60 63.2 69.1 69.5 71 71.7 70.5 68 62.4 58.5 55.9 52.4 49.4 47.5 45.2 41.9 41.9 41.9 41.9 42.3 43.7 44.6 44.7 45.3 46.2 46.3 47 47.7 49.3 50.3 50.8 53.9 54.2 55.8 58.6 60.6 65 72.1 80.2 88.8 92.2 90.2 90.9 91.4 91.7 94 103.5 112.8 113.1 102.6 100.4 98.5 95.5 93.5 91.4 89.1 87.1 87.7 88.7 89.1 89.6 90.6 91.3 91.8 92.7 93.6 94 96
94.6 92.3 89.2 86 83.2 82.5 81.7 81.7 80 78.5 74.3 68.2 66.5 63.9 65.3 71.2 72.4 73.6 73.7 74.7 74.5 71.4 67 61.7 57.7 54.5 51.6 49.4 46.4 42.3 41.9 45 44.3 43.9 43.1 44.7 46 45.6 46.2 47.3 47.6 48.4 50.1 51.8 58.2 54.4 58.6 61.2 64.2 65.7 69.5 77.8 88 96.3 101.8 103.1 101.8 107 104 107.2 116.1 124.7 126.2 117 111 106.2 103.9 103.2 101.7 100.2 97.4 93 91.4 90.5 90.5 91.8 92.3 93.2 95.3 96.5 95.4 94.9
101.7 102.6 100.2 97.6 95.9 92.7 91 90.1 86.5 82.9 78.3 74.6 70.8 70.1 72.6 79.1 77.5 77.4 76.7 78.2 77.9 75.1 70.9 66.4 62.9 58.3 54.7 52.3 49.7 45.9 46.1 49.1 47.3 45.1 45.3 46.6 48.2 48.1 48.2 51 50.5 51.6 53.4 61 73.3 65.8 59 70.6 70.8 71.6 75.8 83.9 94.6 103.4 110.1 110.8 113.8 122.3 120.9 120.7 127.4 130.7 131.2 127.8 124.9 120.6 117.7 119.7 119.7 121.2 115.3 107.7 100.9 96.3 94.4 94.2 94.5 95.6 97.5 98.7 97.8 96.8
