Assets/StreamingAssets/GeoData/Data/sn/SN68.asc
ncols 200
nrows 200
xllcorner 260000
yllcorner 280000
cellsize 50
[rows 36 to 71 of 200, columns 81 to 161 of 200]
66.5 62.7 59.7 60.6 56.9 52 49.4 44.7 30.5 28 40.2 48.9 55.8 57.7 61.3 61.8 64.3 67.1 73.1 82.3 88.9 84.8 91.9 96.2 102.9 115.9 122.8 128.6 134.5 138.8 143.9 149.1 153 157.8 164.8 169.1 173.5 180.1 187.8 200.3 212.3 220.4 227.8 235.1 238.3 244.5 258.2 267.2 269.5 269.6 266.1 255.5 242.4 229.9 218.8 202.4 177.9 164.6 159.4 164.4 169.2 180.4 191.9 191.7 184.5 176.7 173.8 165.9 155.1 143.1 133.9 131.8 128.9 124.4 121.1 117.4 105.6 99.8 103.8 110.8 119.6
50.1 41.9 36.6 39.6 34.9 39.9 42.9 42.1 36.4 24.6 35.4 46.9 56.1 59.8 61.5 63.1 64.7 67.5 69.7 72.4 72.4 89.9 107 113.9 109.3 115.2 122.3 125.5 130.5 136.6 142 146.7 151.1 155.3 160.9 166 172.3 180.2 190.2 201.5 211.2 219.4 228.2 233.9 240.4 250.6 262.7 269 270.7 272.2 270.3 260.2 247.7 235.6 224.4 203.4 179.5 171.9 167.3 171.9 177.2 188.2 199.2 198.4 196.5 196.9 191.2 186.6 179.9 164.6 163.1 159.7 150.2 139.2 130.4 123.6 110.2 101.7 99.5 115.2 120.4
21.4 19.3 20.1 22.5 23.4 21.2 28.3 32.3 26.2 24.2 35.6 49.3 58.5 59.9 62.2 64.5 67.8 72.1 78 81.7 93.6 105.7 114.4 119.3 122.7 118.9 121.6 126.8 127.8 135 140.2 142.4 146.3 152.5 157.7 164 171.3 181.6 192 200.7 208.7 218 227.3 234.2 244.8 257 267.1 269.3 272.3 272.9 269.2 263.5 252 238.6 222.8 201.8 185.3 179.4 173.9 183.7 187.6 195.3 202 201.8 205.8 213.6 207 202.5 206.5 194.8 200.8 189.4 180.2 165.7 145.6 132 117.7 107.5 101.2 117.5 123
33.1 36.9 38.5 39.4 38 36.6 30.8 25 21.4 27.6 45 57.7 59.9 61.5 63.9 67.5 71.4 76.9 82.9 92.4 102.7 111.9 118.9 125.1 129.8 133.3 136.2 139 140.5 138.3 142.2 147.9 155.7 160.5 166.9 170.8 173.3 183.6 192.1 199.6 206.7 215.8 224 233.1 245.8 258.2 263.8 267.5 270.9 271.5 270.3 265.3 254.6 239.6 220.4 202.4 193.3 185.6 186 195.2 196 201.1 205.8 211.1 216.2 220.5 214.1 212.5 214 209.9 215 213.3 209 193.4 171.6 146.9 130.9 117 101.7 114.3 125.7
44.1 46.1 46.6 47.6 50.1 49.8 47.4 44.3 41.8 46.2 57 60.2 61.7 63.3 65.9 69.7 75 81 87.2 97.2 107.4 115.7 123.4 129.8 134.7 138.5 141.2 144.5 147.6 149.5 152.1 156.8 164.7 171.8 175.4 178.7 184.5 190.5 195.2 201.5 207.5 213.5 220.3 229.5 242.4 251.9 255.4 259.3 263.2 265.4 267.4 263.9 254 237.4 219.8 206.2 200.8 194.1 195.1 203.7 204.7 208 215.4 222.5 230.2 229.9 222.4 221.7 219.9 222.5 226.6 228.1 226.7 216.3 188.9 162.8 142.5 126.8 111.4 105.9 123
53.9 55.8 57 57 57.8 57.9 56.6 55.6 51.9 59.2 60.2 61.8 63.5 65.2 68.1 72 77.8 84.4 92.1 102 111.2 119.8 127.4 134.1 139 143 146.4 149.8 153.8 157 160.2 164.9 173.2 177.8 181 185.5 192 198.2 202.8 207.2 211.6 215.4 220.1 226.1 233.6 241.9 245.7 249.3 252.1 256.7 260.5 259.5 251.9 234.9 219.3 212.4 207.8 199.6 203.7 212.9 213.4 219.2 224.6 230.9 236.8 235.1 230.3 228.1 229 233.7 237.1 238.5 235.6 226.8 201.9 176.9 156 137.7 119.7 109.3 118
57.4 58.8 60.7 61.8 61.8 61.7 61.3 60.4 58.6 60.9 62.6 63.6 65.3 67.4 70.2 74.6 80.5 87.2 96.6 106.1 114.8 123.3 130.5 136.3 141.4 146.8 151.6 156.2 160.6 164.7 168.6 173.2 179 183.1 187.5 193.4 199.7 205.9 211.9 216.6 220.7 224.1 228.1 232.6 238 244.5 248.1 250.1 251.7 254.1 255.9 256.8 248.5 233.9 222.1 217.4 213.6 207.9 212.8 218.6 222 226.1 231.6 235.9 238.2 237.6 236 234.3 236.8 240.7 244.2 249.3 247.6 239.6 217 192.3 169.9 149.5 131 111.7 113.5
59.4 61.9 64.3 66 65.6 65.4 64.4 63.5 63.2 62.9 66 66.9 68.3 70 73 77.5 83.4 90.9 99.8 109 117.8 125.1 131.4 138.8 145.2 151.7 157.4 162.1 166.9 172.3 177 181.1 185.7 190 195.3 200.2 206.4 212.8 218.9 225.4 231.1 235.5 240.4 245 249.8 254.7 258.1 259.1 261.3 263.5 264.5 259.3 247.4 234.1 226.2 222.5 218.9 215.1 212.2 221.8 227 231.3 235.8 239.2 240.6 241.9 240.9 239.5 241.5 244.7 251.1 257.7 258.4 254.3 236.2 212.6 186.9 164.5 143.4 126 110.2
65 67.3 68.9 70.4 70.6 69.5 67 65.7 65.8 66.9 69.6 72.4 74.1 75.2 77.1 81.3 86.1 93.1 101.4 111 118.7 125.8 132.8 141 148.4 155.5 162.7 167.8 172.7 177.8 182.4 186.6 192.2 196.8 201.2 205.7 212.2 218.9 226 232.6 239.1 245.4 250.2 255.1 259.9 264.7 267.5 268.1 270.4 272.9 271 261.1 248.4 236.5 230.5 227.2 224.1 221.1 217.6 226.1 230.8 234.7 238.8 242.4 244.2 245.6 243.6 243.1 244.7 247 254.3 259.3 264.2 264.2 250.2 235.2 210.1 183 164 142 119.8
72.8 74.1 75.8 76.5 75.5 73.5 70.5 68 67.5 70 74.6 79.3 80.8 79.6 80.4 83.7 88.4 95.3 103.3 111.5 118.8 126.1 134.5 142.4 149.8 157.5 164.3 171 176.6 181.9 186.3 191.4 197.1 202 206.6 210.9 216.7 224.2 231.9 239.6 246.4 252 258.2 264.5 269.9 273.9 275.1 276.3 277.7 278.4 273.3 262.5 249.4 239.7 234.7 231.1 229.1 227.2 225 228.2 232.8 236.6 239.8 243.2 246.4 247.5 246 245.4 246.2 249.8 256.6 260.3 266.7 269.2 257.3 247.3 231.1 209.3 187.5 162 132.5
80.6 80.9 81.8 82.2 80.8 77.8 74.2 70.6 71.4 73.2 77 81.3 81.5 81.1 83 86.2 90.7 97.1 104.8 112 118.9 126.2 134.1 141.6 149.9 158.1 165.1 171.7 178.3 182.6 187.3 193.6 200 205 209.7 214.4 221.1 228.7 237 244.7 251.5 258.2 264.2 271.4 277.3 279.9 279.5 281.2 282.1 281.7 274.6 262.6 248.9 242.6 237.5 234.2 232.2 230.1 228.4 231.4 235.2 237.6 240.3 243.1 247.2 248.2 247.4 246.6 249.3 255.4 263.4 263.3 268.7 273.8 259 250.1 241.8 229.4 205.9 176 139.5
83.8 86 88.1 87.7 85.3 82 78.4 74.6 74.3 75.6 77.8 81.9 82.3 83.7 85.8 89.9 94.3 99.6 106.7 113 119.1 126.3 133.3 141.6 149.8 158.4 165.8 172.4 177.8 181.9 187.7 194.4 200.6 205.9 211.1 216.7 222.7 231.2 239.5 247.7 254.2 261.2 268.6 276 281.7 282.2 283.3 285.1 285.5 282.9 273.6 260.3 251 245.4 240.1 236.6 235 232.8 230.7 234.7 237 239 241.1 242.9 246.6 247.9 248.3 249.1 253.8 260.7 264.4 263.4 266.4 266.5 257.2 251.1 249.4 234.4 213.8 184.6 149.4
86.6 89.5 92.3 91.8 89.2 85.6 83.7 79.6 78.8 80.1 82.1 84.6 85.9 87.7 89.7 93.4 97.7 102.8 109 115.1 119.7 124.9 132 140.3 148.5 155.4 163.8 172 176.7 181.2 187.4 193.8 200 205.3 210.6 217 223.6 232.4 241.2 249 256.6 264.3 271.9 278.5 282.5 283.2 286.7 288.6 287.6 280.6 269.9 260.5 253.3 247.9 242.4 239.3 237.6 235.7 234.8 236.7 238.9 241 243.2 244.7 248.1 249.6 250.5 252.5 258.4 265.6 264.3 263.8 264.4 260.9 257.8 254 251.6 236.9 215.6 190.4 157.6
89.5 91.4 92.4 93.1 90.6 88.4 86.4 83.9 84.7 86.9 89.1 90.8 91 92 93.7 96.9 101.1 107.1 111.9 115 118.7 123.1 129.5 137.5 144.8 149.5 160.4 169.7 173.1 177 182.9 190.1 197 203 208.4 215 222.8 231.4 241.8 249.7 257.8 265.7 274.1 279.3 282.5 284.6 289.5 291.2 286.1 276.7 267.9 261.2 254.3 248.6 244 241.9 239.6 238.3 237.7 239.6 241.7 245.3 246.4 248.4 250.3 251.9 253.5 256 262.9 268.1 265.9 266.2 266.9 262.1 260.1 256.5 249.9 235.5 213.8 190.1 162.5
92.7 92.1 92.9 92.6 91.8 90.3 88.5 89.6 90.3 91.6 93 93.9 94.8 96.1 97.8 100.7 105.6 110.5 114.6 117.2 119 121.7 127.5 134.8 140.5 147.2 157.3 162.9 165.5 170.6 177.8 184.7 192 198 204.7 211.1 219 229.5 239.7 248.8 257.4 266.4 274.4 279.3 282.8 287.1 290.4 289.2 283.4 273.8 267.5 261.3 255.3 250.2 246.4 244.1 241.4 241 241.1 243.9 247 250.9 252.3 254.4 256 258.2 258.9 261 267.2 271.2 271 270.9 268.6 266.6 262.5 255.7 244 228.3 208.8 188.5 166.6
96.7 95.7 94.7 93.5 92.1 90.7 90.1 90.7 93.2 94.9 96 97.3 98.8 100.7 102.9 105.4 110 113.6 116.8 119.1 119.8 121.7 125.5 131.1 136.6 143.3 150.3 153.1 158 163.8 171.1 178.7 186.1 193.5 199.9 206.3 214.7 225.6 236.2 246.1 255.8 265.1 272.4 278.1 283.2 286.9 288.3 286.2 280.2 272.3 267 261.5 256.1 251.8 249 247.6 245.8 244.9 246.2 249.2 252.4 256.1 258.7 262 264.9 267.6 267.2 266.4 268.7 273.1 274.3 272.8 270.3 271.3 266.5 257.5 242.9 224.4 208.2 193.4 174.7
100.4 99.7 98.4 96.6 94.1 91.1 87.2 93.9 97.7 99.9 101.7 101.7 103 105.4 108 110.3 113.4 116.2 118.8 121 121.9 121.5 123.5 128 132.5 138.5 143 147.6 153.2 159.5 166.2 173.6 180.8 188.4 194.9 201.4 210.6 221.3 231.9 242.3 252.4 261.6 269 275.5 280.8 282.7 283.8 281.8 277.5 272.5 267.6 262.7 257.8 253.8 251.7 251.3 249.5 249 250.5 252 256.9 261 264.8 267.9 270.3 272.5 272.7 270.6 270.9 273.2 274.7 273.4 272.4 274.5 271.3 260.2 244.2 228.5 212.6 197.8 177.6
104.9 103.6 103.6 102.5 97.8 92.5 87.9 101.6 106.6 106.2 105.9 106.2 107.4 110.2 112.7 114.5 115.8 118.3 119.8 122 122.2 121.2 122 124 128.4 132.8 137.9 143.9 148.3 157.7 164.1 171 178.2 184.1 190.2 196.3 205.4 217.2 227.6 238 247.5 256 263 268.9 273.2 276.5 276.9 276.5 275.8 272.3 269.4 264.8 259.7 256.2 254.3 253.7 253.3 253.3 254.1 255.1 260.1 264.4 268.4 270.9 273.6 275.2 275.2 273.2 272.9 274.9 277.5 275.7 274.3 275.5 274.2 261.8 247.5 231.9 213.6 195 172.9
110.8 108.4 110.1 109.2 101.4 90.4 92.9 108.9 110.2 110.6 110.2 110.3 111.7 114.8 117 118.2 119.3 119.3 119.8 119.5 118.9 118.5 118.8 119 126.6 133.5 140.2 147.8 154.1 161.4 166.2 171.3 177.3 183.4 188 193 199.3 211.2 221.3 232 240.5 249.1 257.2 261.8 266.3 269.5 270.1 273.7 275.1 274.4 271.6 268.4 263.4 259.7 256.9 256 256 256.2 256.7 258.6 263.2 267.6 271.5 273.8 276 277.3 277.9 276.4 275.8 277 279.4 276.9 274.6 276.3 272.8 260.8 246.1 227.6 206.2 182.9 159.2
112.4 111.6 115.9 113.7 101.8 82.3 84.5 107 114.1 113.7 112.9 113.3 114.6 118 120.8 121.7 121.8 119.9 118 116.5 115 114 116.9 121.4 128.6 136.1 143.8 152.9 159.6 165.9 170.9 175.3 181 186.8 193 200.7 207.2 218.3 227.3 233.3 238.8 247.7 254.8 259.7 263.6 267.4 272.9 276.4 277.7 277.7 275.2 271.7 267.3 263.4 259.9 258.8 258.3 258.5 259.3 261.9 266.2 270.5 273.2 275.1 277.1 278.9 279.3 277.9 277 278.4 279.6 274.9 274.4 276 267.6 255.3 237.2 215.5 193.1 170.3 141.5
108.4 113.3 116.3 104.7 87.2 80.9 86.3 110.1 119.8 117.1 117.3 116.7 117.7 120.9 124.3 124.9 125.1 122.4 118.9 113.9 112.3 114 117.6 122.5 126.5 133.1 144.8 154 162.1 169.2 175.2 178.9 183.1 190.6 197.9 205.5 215 226.1 233.9 240.1 245.9 253.4 259.6 265 267.8 272.4 277.3 279.1 282.9 284.3 280.5 275.4 271.4 267.2 263 261.7 261.2 260.9 262.5 265.7 269.8 273.1 274.9 276.8 278.7 281 280.2 278.2 277 278.3 276.3 273.9 273.4 270.6 259.6 244.9 224.9 200.3 176.3 154 138.6
105 110.7 102.1 86.4 78.5 81.2 99.9 120.3 120.8 122.3 124 123.8 125.2 125.4 126.9 128.5 128.6 126.4 123.3 113.1 112.4 116.1 118.5 124.9 132.2 137.7 140.7 152.5 161.5 169.3 175.5 179.1 183.2 190.7 198.6 207.5 218 228 235.8 243.2 250.8 257.3 263.8 270.1 274.1 277.7 281.2 283.9 288.6 288.7 284.4 279.6 274.9 270.1 266.2 264.7 264.4 265.2 267.2 270.4 274.6 276.4 277.7 279.1 280.4 282.6 280.5 277.3 276.6 276.5 274.3 273.4 271 262.8 248.2 231.2 209.3 183.2 156.4 134.8 149
100.3 98.3 84.5 77.8 80.7 97.3 112.3 121.7 124.8 126.6 127.3 128.3 130.2 130.5 131.3 132.7 133.1 130.9 116.7 107.6 119.5 134 125.8 131.4 139.2 144.7 149.2 152.5 159.1 167.4 173 177.3 182.2 188.9 197.2 206.5 217.1 227.1 235.4 243.5 251.7 259.5 267.3 274.1 279.7 282 284.4 287 290.4 289.8 286.7 282.2 277.2 272.7 269.1 267.3 267.7 269 271.5 274.7 278.2 279.5 279.9 279.8 281 282 279.4 276.2 274.8 274.4 273.4 270.5 264.2 251.8 235.4 216.5 193.2 165.8 139 152.3 161
91.2 81.9 77.9 80.7 98.6 114.8 124.9 128.6 129.8 130.9 131.8 133.5 134.5 135.4 135.9 136 135.4 123.4 109.1 109.2 133 138.1 134.6 139.5 145.9 151.3 155.9 159.5 162.4 165.7 169.2 176.6 181.7 187 194 203.9 214.8 224.4 232.4 241.8 251.2 259.6 267.5 275.7 281.4 283.1 285.5 288.6 290.8 290.6 288.1 284.5 280.3 275.5 272.1 269.6 269.7 271.5 274.6 278.1 280.9 281.7 281.2 280.5 281 280 276.6 272.2 270.7 269.3 267.3 263.4 253.8 240 223 203.4 179.1 152.1 147.9 159.8 170.2
77.5 77.7 80.9 98.2 115.4 125.6 129.5 131.7 132.9 133.7 135.2 136.4 138.3 139.2 139.1 136.7 125.4 113.1 103.7 119.5 142.7 143.6 142.1 147.1 152.2 158.3 164.2 168.1 170.3 172.7 175.8 177.4 181.7 186.2 190.8 200 210 218.8 228.4 239.2 248.7 256.2 265 273.6 279.7 282.6 284.8 289 290.5 290.8 289.9 288.3 284.7 279.7 275.5 272.8 272.1 274 277.3 280.2 282.3 282.7 282.4 281.5 280.8 277.3 273 267.8 263.7 261.7 258.8 254.1 242.6 227.9 211.3 190.9 167 139 163.6 169.6 177.2
77.8 84.2 96.5 112.4 123.4 127.5 130.2 132.2 133.9 136.5 138.9 140.2 141 140.9 136.6 122.4 109.2 102.2 110 134.9 147.4 146.5 147.9 153.2 158.6 165.2 170.5 174.8 177.1 179.3 181.2 183.6 184.9 184.7 189.7 196 204.1 213.1 222.5 233.5 242.3 250.2 258.9 268.2 275.1 278.3 283 287.3 288.7 290.3 292.4 292.7 291.2 286.5 283.8 279.6 275.9 276.8 279.4 282.3 284 284.6 283.8 282.3 279.5 274 268.8 261.5 256.4 253.9 249.4 242.9 231.1 217.3 201.1 179 151 151.6 170.7 175.1 180.5
81.5 93.5 108 118.6 124.3 127.6 130.5 133.7 137.2 140.7 143.1 143.5 143.6 140.6 125.9 108.8 101 104.7 127.4 146.7 150.1 147.9 152.7 159.6 165.3 170.2 175.5 180 183.7 186.1 188.1 190 192.8 195.4 196.4 196.4 199.1 206.6 215.4 225.7 233.9 241.8 250.1 259.3 266.4 272.7 279.8 285.6 288.1 291.6 294.9 297.7 298.4 294 291.7 287.7 283.2 281.1 282.3 284 285.7 286.6 285.4 282.8 277.5 270.1 263.1 254.3 249.4 243.7 237.3 229.4 219.3 207.6 192.1 171.4 148.9 158.1 175.3 178.8 182.7
84.8 103 112.8 120 125.2 128.8 132.9 137 140.1 143.5 145.8 146.5 145.1 134.1 114.4 102.4 101.4 122.4 146.8 151.2 150.6 148.3 157.9 165.3 170.3 174.6 179.7 184.5 189.7 192.1 194.4 196.4 199.9 203 205.9 207.4 210.8 212.5 214.9 219.4 228.3 233.1 241.3 252.4 261.2 270.3 279 284.5 288.7 293.7 298.8 302.6 303 300.7 299.2 295.9 290.5 286.2 285.2 286.4 287.9 288.6 287.2 284 275.5 266 254.9 246.3 239.3 232.3 225.5 218.1 208.4 197.9 183.4 166.6 143.5 165.9 179.1 182.6 184.8
101.2 111.8 118 123.6 126.6 130.8 135.2 139.7 142.4 144.3 145.8 146.6 143.3 124.1 103.8 97.7 115.1 142 150.2 152.5 146.9 150.3 162.4 169.6 173.4 177.9 183.6 189.9 194.7 197.8 200.5 203.5 206.6 209.8 213.1 217.5 222 226.6 230.6 234.9 239.4 244 250.9 256.1 261.9 271 279.7 284.9 290.8 296.7 302.1 305.9 305.5 305.5 305.3 303.3 296.2 290.2 288.3 289 290.6 291.1 289.8 285.9 274.3 260.5 245.6 236.4 229.2 222.4 215.8 208.4 199.2 190 178.7 166 153.6 164 182.2 184.8 185.9
108.4 116.1 122.9 126.1 128.1 131.9 136.3 139.3 141.2 142.7 143.5 142.6 130.7 111.9 96.6 103.9 128.5 147.2 151.9 148.7 146 154.3 163.3 169.3 174.9 180.7 187.3 193.7 198.3 201.4 204.5 207.5 210.9 214.2 217.5 223.8 229.4 234.9 240.6 245.7 250.3 255.2 260.4 264 269.4 276.4 281.7 287.1 293.2 299.7 305.4 308.4 307.1 308.1 309.6 305.9 298.9 292.8 291.3 292.3 293.6 294.2 293.9 289.2 277.7 259.8 240.1 230.9 224 217.5 211.2 203.7 196.6 190 183.1 173.4 160.3 151.9 151.4 178.2 185
111.6 118 122.3 124.2 127 130.6 133.5 135.6 137.4 138 137.8 135.1 116.6 100.8 93.1 114.6 140 148.3 152.3 143.5 148.6 155.8 163 170.1 176.9 184.5 190.5 196.5 200.1 203.8 206.8 209.9 213 217.3 222.2 227.9 233.6 239.4 246.2 252.4 258.3 263.4 267.2 270.9 277 282.5 285.7 289.3 295.5 302.3 307.4 309.4 308.3 309.5 309.7 304.9 298.3 294.2 294.2 295.1 296.4 297.2 298.1 293.8 282.1 265.5 245.9 231.4 223.7 217.6 211 204.3 199.3 195.8 193.8 184.9 171.6 167.2 153 178.1 183.9
109.4 114.5 117.7 119.9 123.3 125.9 127.6 129.7 130.7 131.4 131 121.7 102.8 91.2 99.4 127.4 142.2 147 146.3 141 148.3 156.4 166.5 173.3 179.6 186.7 192.5 197.1 201.1 204.8 208.4 211.6 214.6 219 224.3 230.3 236.2 242.3 249.5 256.4 262.8 268.3 270.8 274.7 280.5 285.4 288.5 292 296.7 302.8 306.7 308.4 308.4 309.8 308.4 302.7 296.2 293.5 294.6 296.1 297.5 299.2 300 296.5 286.6 272.1 256.6 242.4 231.1 225.6 220 212.1 208.2 208.5 205.8 196.8 181.5 175.5 167.3 166.2 181
102.4 107.4 110 112.9 116.6 118.5 120.2 122.4 123.7 124.9 123.5 110.2 94.5 89.8 115.6 134.8 139.6 141.7 139.7 137.7 147 159.7 168.5 175.1 181.2 187.3 192.5 196.3 199.8 204.7 208.3 211.4 214.5 220 225 231.1 237.7 244.5 251.4 258.4 265.3 269.9 272.2 276 281.5 286.6 289 291.4 295.3 299.8 304.1 304.6 305.5 307.3 304.4 298.6 292.5 291.1 292.8 294.4 296.3 298.5 299.8 295.6 286.6 274 262.9 251.2 240.5 236.1 231.7 225.5 224.1 223.9 216.7 207.3 190.5 182.9 178.9 156 174.3
94.9 99.5 101.8 105 108.4 110.4 113 114.9 116.4 117.8 117.4 103.1 88.1 99.6 123.9 131.8 136.6 138.6 135.1 135.8 150.1 160.3 168.1 174.5 180.1 185.1 188.6 191.8 195.9 200.5 204.6 208.5 212.3 218 224.3 231.9 238.7 246.1 253 259 264.7 268.8 271.4 274.4 280.2 283.5 284.5 288 291.3 294.6 298 298.8 299.4 299 296.6 290.8 286.8 286.6 288 289.4 292.2 296.3 296.7 291.7 283.2 272.7 264.3 257.2 248 243.6 240.3 237.9 239.1 233.7 225.3 216.7 201.7 189.5 184.2 176.1 157.3
87 90.6 92.7 95.8 99.8 103.2 105.6 107.6 109.3 110.8 111 96.4 89.7 106.4 121.2 129 133.9 136.1 132.1 136.8 150.6 159 166.1 171 175.3 179 182.3 184.6 188.4 193.2 197.7 203.1 208.8 215.7 222.1 229.6 237.2 244.8 251.6 257.3 262.1 265.2 268.2 271.6 276.1 278.6 279.4 281.1 283.1 284.9 287.7 288.4 288.8 288.3 285.1 279.8 278.6 279.9 281.4 283.3 287.8 291.9 291.6 286.3 278.9 272.5 266.3 260 253.3 249.7 247.7 249.4 247.4 238.6 231.4 223.9 211.9 196.4 186.3 178.8 173
81 80.8 82.8 85.8 91.5 96.1 98.3 100.4 102.6 103.7 102.1 89.7 94.2 109.7 118.7 125.3 130.3 133.8 127.6 135.9 145.8 153.6 158.9 162.5 165.5 170.1 173.1 175.3 179.7 184.9 191.4 197.4 204.2 211.1 218.4 225.9 233.4 240.5 246.7 252.2 256.3 259.7 262.7 265.1 268.6 270.6 271.2 270.9 271.3 273.6 275.5 276.5 275.6 275.4 271.8 268.1 268.6 270.6 274 277.6 282.6 285.8 284.6 280 275.1 270.8 266.1 261.4 256.9 254.5 253 254.3 247.8 240.8 234.3 228.4 218.3 203.3 187.4 179.9 173.8
