Assets/StreamingAssets/GeoData/Data/sn/SN71.asc
ncols 200
nrows 200
xllcorner 270000
yllcorner 210000
cellsize 50
[rows 70 to 104 of 200, columns 78 to 155 of 200]
403.3 404.9 406.4 408.1 409.4 411.1 412.5 413.6 413.4 412.2 413.2 413 413.6 415.3 418.3 419 419.6 418 416 416.8 417.7 417.8 416.2 412.7 414.4 418.5 424.1 427.1 426.6 426 429.3 433.2 430.3 427 424.3 422.5 420.1 412.1 404.5 413.7 424.4 434 443.6 454.1 460.4 463.9 464.4 471.1 475.6 478.2 483.1 486.9 483.7 478.9 475.3 469.2 459.9 449.9 440 423.9 404.7 383.1 365.9 347 335.6 331.5 332.6 334.3 322 296 295.5 314.5 339.5 371 377.6 383.5 381.4 377.9
399.7 401 401.6 402.3 403.8 405.7 407 407.6 407.6 407 407.6 407.5 408.5 409.9 411.7 415.9 417.1 414.6 413.8 415 415.8 415.8 413.8 410.6 412.1 415.4 421.8 423.5 421.9 422.3 425.4 427.2 425.2 419.4 417.6 416.1 414.3 404.5 402.4 409.3 421.1 430.8 440 450.2 457.4 463.2 466.5 470.4 475.8 477.2 478.8 478.6 477.8 476.2 473.2 467.5 458 447.4 436.2 421.3 398.4 377.5 360 341.1 328.1 322.6 326.8 328.3 308.9 289.3 301.9 323.6 349.3 373 379.2 381.1 375.5 373.6
397.3 398.2 398.7 398.7 399.1 400.2 401.6 402.2 402.6 402.3 402.2 402.4 403.8 405 406.8 410.5 412.4 411.5 411.2 413.1 413.9 412.4 409.7 405.2 408.7 412.9 418.4 419.5 418.7 421 423.9 423.4 419.4 415 412.2 410.2 406.6 402.2 394.1 403.8 416.5 426.7 436.8 446.1 453.6 461 464.8 468.1 474.4 472.7 474 475.1 474.9 473.7 470.7 465.6 454.9 443.8 433.5 415.7 392.9 370.7 353 335.7 322.9 313.3 318.3 312.6 291.8 289.3 311.5 331 360.1 373.6 380 377.6 372 372.3
394.9 395.2 395 394.7 395.2 395.7 396.2 396.8 397.3 397 396.6 396.3 397.7 399.4 401.5 405.3 406.9 407.2 409 411.7 411.3 408.1 404.9 399.5 404.9 408.4 413 415.2 416.4 418.5 421.6 418.8 415.1 411.1 407.4 404.4 400.9 396.4 385.4 398.2 411 421.9 432.7 442.3 447.9 453.3 459.1 463.7 465.8 467.7 470.4 473 470.2 467.3 464.7 460.7 451.2 439.9 430.5 411.3 387.6 366.1 349.1 331.4 317.3 306.6 308.5 291.9 287.6 298.2 318 341.1 362.5 374.8 376.8 372.6 369.3 370.3
390.9 391.6 391.4 390.7 391 391.5 391.7 391.7 392.2 391.4 391 390.9 391.9 393.5 396.3 399.1 401.2 402.2 405.9 407.7 405.6 402.5 399.4 396.3 399.6 403.2 407.3 410.2 412.6 415.4 415.8 412.6 409.4 406.5 402.9 399.6 395.6 390.1 379.7 392.9 404.4 418.2 430 436.7 437.2 446.4 452.4 457.7 462.6 464.9 467.5 465.8 463.3 461.9 458.2 454 446 436 424.7 407.9 384.6 362.3 343.6 326.7 313.2 300.3 290.1 285.8 288.8 310 327.5 353.8 368.9 376.1 373.9 368 367 368.9
385.9 387.5 387.4 386.6 386.8 387.3 387.4 387.4 387.4 386 385.7 385.8 387.3 388.9 391.6 393.5 395.3 397.2 398.8 399.9 398.4 396.3 394 389.2 393.4 396.5 401 404.7 408 410.8 410.1 406.5 403.9 401.6 398.7 395.1 390.4 378.8 379.7 388.4 401.3 414.2 424.5 430.4 435.9 442.3 446.7 451 458.4 459.9 460 458.5 458.6 455.5 450.5 446.4 440.7 431.6 419.5 404.4 383.8 361.4 338.4 318.8 302.5 291.5 284.4 282.4 301.8 317.8 335.5 360.7 374.6 374.1 371.6 366.3 364.6 363.8
379.7 382.4 382.6 381.7 382.5 383 383.1 383 381.6 380.2 380.2 380.3 382.1 385.2 386.4 387.9 389.5 391.3 392.6 392.6 391 390.1 388.2 384.6 385.5 389.4 394.4 399.1 402.8 404.3 403.1 400.3 398.2 395.8 393.1 389.6 383.9 371.6 376.1 384.7 398.1 408.9 419.7 424.2 429.8 437.2 439.3 446.1 450.9 450.5 453.2 452.8 451.1 448.7 445.7 440.2 433.8 426 415.2 401.9 382.9 359 337.5 320.7 303.1 288.5 281.6 292.2 304.4 322.8 346.7 362.1 371 368.9 368.4 364.4 360.7 359.2
372.8 375 376 376.8 377.7 378.5 378.6 377.3 375.5 373.6 374 373.9 376.5 378.7 380.9 382.7 384.1 384.8 385.3 385.5 385.1 384 381.1 377.7 379 382.7 388.4 391.3 394.3 395 395.7 394.4 392.4 390 387.4 384 379.1 368.3 371.4 380.1 394.7 405.4 414.2 419.8 425.9 431.5 434.3 439.2 443.8 441.4 444.9 445.9 444.2 442.1 439.1 434.9 428.2 421.1 411.9 399.6 380.7 355.6 334.6 316.9 298.8 283.3 279.8 292.4 307.3 328.8 352.6 363.1 363.3 363.7 362 359.3 356.1 354.2
367.1 367.9 369.1 371.6 372.4 373.4 373.7 372.3 370.7 369.4 367.4 366.4 370.6 373.7 375.5 377.4 377.4 377.8 378.3 378.8 379.9 379.6 376.1 372.6 376.5 380.7 385.6 386.9 388.6 388.5 389.1 388.2 386.6 384 381.5 378.8 373 364.1 368.5 374.7 390.1 402 408.7 414.1 419.8 425.3 429.4 433.3 436.6 436.8 437 434.1 434.6 433.2 431.4 428 422.7 415.8 408.5 396.1 374.6 352.3 331.7 312.4 292.8 279.2 278.6 292.6 312 338.4 352.5 359.3 357.4 356.6 355 354.3 351.4 348.8
362.7 362.6 364 366.1 367.3 368.2 368.6 367.3 365.6 363.5 362.1 359.9 364 367.7 370 371.6 372.3 372.9 373.5 374 375 375.2 372 365.3 373.5 377.9 381.1 382.8 382.6 381.2 381.2 381.5 380.9 378.4 376 373.6 368.3 360.7 361.3 369.5 383.5 397.7 402.9 409 415.3 420.2 424.5 427.4 428.7 429.7 428.7 427.2 429.6 430.7 427.7 423.1 418 411.2 403.4 393.6 371.6 351.9 332.4 309.5 288.7 276.3 278 297.8 319.5 344.9 351.6 351.3 351 347.4 347.1 347.9 346.2 345.6
359.4 359 359.5 360.8 362.1 363.2 363.2 362.2 360.3 358.3 357.2 355.2 358.5 362.1 365 366.3 367.6 368.5 369.2 369.5 370.3 371.1 368.7 359 370 373.1 376.9 377.3 375.9 374.7 375.6 375.7 375.1 373.5 370.8 368.1 363.5 359.1 357.7 366 378.7 390.2 395.7 403.1 409.3 415.4 419.1 421.6 421.8 422.2 420.8 423.3 426.2 425.4 423.2 419.4 412.4 406 398.1 390.4 375.4 349.6 325.6 305.1 284.1 273.5 281.3 302.4 328 343.7 347.9 344 344 338.4 340.8 342.7 340.6 348.3
355.2 354.7 355 355.7 356.9 358 357.7 357 355.3 353.9 352.9 350.1 353.4 356.5 359.9 361.7 363.1 364.1 365.4 365.4 364.9 365.4 363.2 356.2 364.9 367.8 368.8 369 369.8 368.3 369.2 369.8 369.4 368.6 366.1 363.1 359.8 356.6 354.6 361.7 373.5 382.9 387.6 393.8 401.4 408 412.7 414 414.4 413 417.5 419.5 418.8 416.2 414.3 413.2 408.3 399.5 393.8 386.9 372.4 348.2 323.7 302.7 277.4 273.2 285.9 305.9 330.3 342.8 338.7 336.8 334.2 332.8 334.5 335.6 343.7 348.7
350.6 349.9 350.4 351.8 352 352.7 351.8 351.4 350.4 349.5 349.3 345.7 349.1 352.1 354.7 357.3 359.5 361 362.3 361.2 359.9 358.5 355.2 354.5 358.6 361.8 363.7 364.2 363.4 362.5 362.4 363 363.3 362.7 361.2 358.7 356.1 353.5 352.4 357.6 368 375.7 380.5 387.1 396.3 399.7 404.3 405.7 406.5 409.1 414.1 412.6 410 407.2 406.4 405.5 402.6 394.7 389.6 382.3 370.3 346.9 322.2 298.8 278.7 272.1 285.8 311.1 325.9 335.9 328.3 328.8 325.2 326.2 331.3 336.9 342.4 347.3
345.7 345 345.9 347.2 348.2 347.9 347.2 346.7 345.6 345.9 344.9 342.7 346.4 349 351.8 354.4 356.5 358.2 358.3 356.5 355 353.8 349.3 348.9 352.9 356.6 358 357.8 357.9 356.2 356.1 356.5 356.4 356.6 355.7 353.8 352.3 352.6 348.2 354.6 361.8 369.4 374 381.5 389.3 392.7 395.4 397.2 400.1 404.7 405.9 403.2 400.8 398.8 398.2 397.2 394.1 389.8 384.1 376.6 363.6 344 322.5 297.3 277.3 269.7 287.3 310.4 322.6 324.2 321.1 319.8 319.6 317.9 329.4 334.8 340.3 345.7
339.8 340.2 341 341.9 342.9 343.6 343.4 342.9 341.1 341 340.1 340.2 343.1 345.8 348.5 351.4 353 354.1 353.5 350.8 349.1 347.5 342.7 344.5 347.5 350.6 352.1 352.4 352.7 351 350.4 351.3 351.6 351.9 351.3 349.1 348.3 348.2 346.7 352.4 359.7 365.5 368.8 376.1 383.8 386.8 387.6 388.7 393.7 397.9 396 393.9 391 391.9 392.1 390.4 386.5 383.4 379.6 370.8 357.2 341.4 324.7 297.7 276.3 268.6 288.2 309.4 316 315.7 314.4 313.4 313.3 318.9 326.6 332.1 337.9 344.3
334.7 335.7 336 336.2 337.6 338.6 338.6 338.3 336.5 336.4 335.8 336.5 339.9 342.4 345 347 348.5 348.9 347.2 344.5 342.9 342.2 338.9 338.7 342.4 346.3 346.8 347 347.2 345.4 345.4 346.6 347.1 347.4 346.9 345.5 345.5 345 345.5 350.1 355.6 362.5 367.5 372.8 376.8 380.7 379.7 382.3 388.6 387.4 386.2 383.7 384.1 385.5 384.7 382.9 379.8 377.6 372.6 362.7 351.2 338.9 326.2 302.9 277.4 265.3 284 307.7 311 310.9 307.7 308.5 307.8 317.7 324.1 329.4 336.1 343.2
329.4 329.6 330.8 331.8 333.1 333.2 333 332.4 331.3 331.4 331.4 331.6 336.1 338.3 340.2 342.3 343.1 342.9 340.7 338.4 337.7 336.7 334.9 332.7 337.5 340.4 342.1 342.2 342.1 340.6 341.4 342.1 342.8 343.5 343.4 343.2 343.5 339.9 343.2 347 351.6 359 363.4 366.5 370.2 372.2 372.3 378.2 381.4 380 378.1 377.2 377.5 378.3 378.2 376.7 374 371.6 365 354.9 346.9 337.5 327.1 308.1 283.3 264.3 283.6 302.7 304.7 306.6 304.2 302.5 308.4 316.3 322.4 327.6 334.4 342.7
320.1 322.2 326.8 327.7 328.8 328.9 327.8 326.9 326.2 326.8 324.4 328.4 331.4 333.1 334.6 336.1 336.6 336.7 334.9 333.5 333.1 331.5 327.7 329.5 331.9 334.6 336.1 336.6 336.6 337.4 338.6 339.4 340.2 341 340.8 341.5 341.7 334.8 340.7 343.4 348 354.2 358.6 361.5 363.9 364.7 364.3 372.2 372.8 373.4 371.7 371.4 371.5 371.6 371.2 370.4 368.5 366.4 357.3 348 341.6 336.4 325.8 313.8 291.4 264.2 277.1 295.6 301.1 301.3 298.5 298.6 306.8 314.8 320.7 325.9 333.2 342.8
312.6 319.9 322.6 323.3 323.8 324 323.6 322.4 322.3 322.3 313.6 324.6 326.9 327.9 329 329.2 330.1 330 329.5 329.5 328.8 327.3 322.7 324.4 326.5 328.5 329.6 330.8 332.2 333.9 335.9 336.9 337.7 338.5 338.8 340.2 340.1 333.2 338.6 341 344.4 349.5 353.2 356.7 359 358.6 362 366.3 366.5 366.3 365.9 366.4 365.7 365.3 365.6 364.3 362.8 359 349.6 339.7 335.4 332.1 323.6 313.8 296.7 273.9 258.8 285.4 297.4 296.2 289.9 297.5 305.9 313.1 317.7 324.9 332.4 342.9
310.4 313.8 318 318.9 319.2 319.5 319.1 317.9 316.7 317.6 314 320.7 322.4 324.5 325.2 325.7 325.9 325.8 326.1 326 324.1 322.9 320.4 317.6 319.9 324.8 327.1 328.5 330.3 332 334 334.8 335.5 335.7 334.4 334.8 335.4 328.1 336.5 338 340.8 345.2 349 352 352.6 356.6 360.3 360.5 361.2 361 360.4 361.1 359.9 359.2 360.3 359.9 358.1 351.8 342.9 332.9 329.1 326 320.1 310.2 298.6 280.7 259.6 277.5 293 289.8 288.1 296.3 304 310.4 316.5 324.5 333.4 345.2
307.1 310.6 314 316 316.6 317.6 315.9 311.8 307.1 307.5 312.5 315.2 318 320.8 321.2 322.7 322.3 321.5 320 318.5 316.3 315.3 310.2 314.7 319.8 322.4 324.8 327 328.9 330.8 331.8 332.4 332.2 331.8 330.5 330 330 330.8 334 335.2 337.5 341 344.5 348.2 350.2 356.8 356.1 355.9 355.4 354.9 354.2 355.4 354.9 354.9 355.6 354.9 353.9 345.9 335.6 326.1 323.1 317.5 313.1 305.9 295.7 283.4 261.4 265.9 285.9 276.7 287 295.6 301.8 308.4 316.1 323.7 335.2 346.1
312.3 315.5 315 314.5 315.1 313.8 307.7 300.8 298.8 293 305.7 307.8 310.4 313.8 315.2 316.7 316.8 314.8 313.7 312.6 311.2 309.4 304.3 311.5 317.4 319.3 321.6 324.4 326.6 327.6 327.6 327.4 326.6 326.9 326.2 325.9 323.4 328.2 330.4 332.1 334.7 337.7 342.9 346.9 348.7 351 351.9 351.7 350.3 348.8 347.6 349.2 349.9 351.3 351.7 351.1 347.9 339.9 329.7 319.9 314.3 309.5 305 299.3 291.8 280.2 261.7 262 274.2 275.1 287.3 293.9 300.4 307 314.8 326.1 337.9 346
319.1 322.3 319.8 317 314.7 308.4 297.7 292.1 293.9 296.1 301 303.6 305.9 308.7 310.1 310.2 311 309.7 308.4 308 306 301.3 300.4 309.6 312.9 315 317.3 319.9 322.4 322.8 323.2 321.6 320.9 321.2 321.6 320.1 316.9 324.1 325.2 327.6 330.5 335.1 339.2 343 347.2 344.8 344.9 346.6 344.9 342.5 340.9 342 345.7 348 348 347.1 342.5 333.7 323.4 313.4 306.9 301.7 297.3 290.5 283.6 275 258.6 252.6 264.9 276.4 286.3 292.4 299.1 306.3 314.9 327.5 338 345.4
317.6 322.1 323.5 320.4 315.4 307.5 289.5 288.5 285.8 292.9 295.4 298.3 300.5 303 302.7 304.4 305.5 304.6 304.2 303.1 295.9 294.4 302.7 305.8 308.4 311.6 314.7 316.4 317.7 318.8 318.5 317.8 317.2 316.2 315.2 314.8 310.5 318.8 319.8 322.6 326.2 329.9 333.7 335.1 335.6 337.2 338.7 339.6 339.1 336.9 335.9 337.5 342.6 346 345.6 343.1 337.1 327.1 316.7 307 300.8 293.9 288.1 282.1 277.2 271.2 256.2 246.4 268 276.6 284.4 291.1 298.4 305.3 315.4 328.8 337.7 345.3
315.1 318.8 321.5 322.2 317.3 307.7 293.2 281.5 276.1 286.8 288.8 291.9 293.6 296.2 297.2 298.7 299.6 299.1 298.8 293.9 288.7 294.8 298.9 301.3 303.5 308.4 311.5 314.1 315.2 315.7 315.4 314.6 313.5 311.6 310.8 310 311.3 314.6 315.3 318.1 320.5 323.3 325.1 329 330.8 332.2 333.1 333.8 333.1 332.5 333.9 335.3 338.3 342.2 342.2 338.2 330 320.1 309.2 301.7 295.3 287.4 280.7 276.1 272.2 266.2 254.4 243.6 267.8 276 283.6 290.8 298.3 306 318.7 329.8 337.1 346.6
311.4 315.4 317.9 319.4 317.2 306.5 290.4 275.9 268.6 280.8 282.7 284.1 288.4 291.6 291.9 292.9 292.8 292.6 292.1 287.1 283.8 296.2 299.2 302 302.6 305.4 308.1 310.3 311.3 312.2 312.3 311.6 310.1 307.9 306.5 304.4 308.6 310.6 311.5 313.3 314.8 317.1 319.6 323.5 324.6 326.5 327.8 328.4 328.9 329.8 332.6 334.6 337.2 340.3 338.8 332.7 322.5 312.4 303.5 296.5 288.4 280 274.7 269.4 266 259.1 249.9 251.7 263 274.5 284 291.7 299 307.5 317.7 329.2 337.6 351
305.7 309.7 314.2 316.2 313.5 303.2 285.7 271.7 270.1 273 275.8 278.2 281.9 284.9 284.9 285 286.2 286.1 286.2 281.2 288.7 297.1 302.6 304.6 305 305.5 306.7 308 308.6 309.1 308.7 308.4 306.7 304.6 302.6 299.7 304.8 306.6 307.4 309 310 312.2 314.1 318.3 320.1 321.8 323.7 324.9 326.9 329.1 332.6 335.9 338.4 338.5 334 326.8 317.1 305.8 295.9 287.7 280.3 272.6 266.8 262.9 260.1 253.5 242 234.3 260.1 277.2 286.2 293.3 300.7 308.9 317.2 329 341.6 353.2
298.4 303.7 309.1 311.2 308.6 297.1 283.8 271.4 257.1 263.4 267.7 270.2 273.4 275.6 277.2 277.4 279.2 279.4 277.9 276.2 286.7 295 300.3 302.9 303.9 304 305.1 305.8 306 306.2 305.7 305.2 303.7 302.3 299.2 295.6 301.5 302.2 303.4 305 305.1 306.1 309.9 314.9 316.3 317.7 319.5 322.5 325.4 328 331.5 335 336.3 334.8 330.5 320.3 310.5 298.6 287.8 278.5 272.8 267.6 265.2 258.9 255.3 245.8 231.2 250 266.8 277.2 286 293.8 303 310.9 317.7 331.2 344.5 357.2
292.3 295.5 299 299.9 298.9 291.6 280.8 273.4 260.7 251.2 255 261 263.6 264.9 268 270.9 271.6 272 272.2 280.5 283.9 289.5 296.5 299.3 299.3 300.6 301.9 303.4 303.6 303.7 303.5 303.6 302.9 300.8 297.3 291.4 296.8 296.8 299.5 300.1 300.4 302.7 306 310.7 312.1 313.9 316.1 319.1 322.2 325.5 329.9 332.8 333.6 331.5 326.5 314.9 302.8 291.2 282.1 273.7 266.8 264.8 260.6 255.7 254.2 237 241.8 257.6 268.3 277.7 286.2 295.1 305.4 313.4 321.4 334.2 347.7 360.2
287.1 290.3 293.6 294.1 294.5 289.5 279.5 272.4 261.4 246.6 249 253.1 254.7 259.4 258.2 261.1 263.6 265.9 274 278.4 281.6 285.9 290.1 293.1 295.6 297.2 298.5 299.1 300.3 300.9 301.5 302.7 303.2 300.8 295.3 287.8 290.4 292.9 295.4 295.8 297.5 300.3 303 306.3 308.5 310.4 312.8 315.6 318.5 321.4 326.2 328.7 329.8 328.1 323.5 310.8 296 284.3 275.8 268 261.9 258.8 255.2 252.8 247.6 233 243.5 260.2 269.8 278.5 287.6 297 306.7 315.3 325.6 337.2 350.4 360.6
285.1 288.7 291.2 290.5 290 288.5 279.3 270.1 258.8 245.2 254.2 261.5 263.1 263.1 264.4 266 267.9 271.9 274.1 278.1 280.3 282.4 286.4 289.3 291.9 293.7 294.7 294.6 296.1 298.6 299.7 301.6 302.3 299.4 296 291.7 284.4 289 291.7 292.5 293.7 296.1 299.1 302.3 305.3 306.9 309.5 312.3 315.1 318.3 322.4 324.5 325.4 324.1 319.9 309.9 292.1 278.3 270.7 263.2 257.8 254.5 252.3 250.2 237.7 225.6 250.8 261.9 270.7 281.2 290.7 299.2 307.5 315.8 325.9 339.6 352.5 358.7
281.2 284.4 285.1 283.3 282.7 282.6 275.6 266.8 257.7 242.9 248.8 256.4 257.8 261 264.6 269 273.4 276.9 278.1 278.8 279.9 280.9 282.3 283.7 285.6 288.8 289.6 290.1 291.3 295.2 297.7 298.1 298.5 296.4 293.2 290 279 283.9 287.7 288.7 290 292.4 295.1 298.6 301.8 303.4 306.2 309.2 312.2 315.1 318.3 319.3 320 322.5 318.4 304.1 289.6 276.1 267.5 259.6 254.3 251.6 248 242.9 223.6 239.2 255.7 265.2 273.7 283.7 292.4 300.8 308 315.1 328.7 342.7 352.5 352.2
274.3 276.7 278 276.7 275.5 274.9 269.5 258.8 249.6 238.1 243.3 252.3 257.8 261.5 266.5 270.8 275 278.3 280.9 281.4 280.7 280.6 280 278.2 277.5 282.2 284.3 286.5 287.1 289.7 292.7 294.1 294.1 292.8 289.9 286 277.3 278.9 283.4 284.1 285.6 288.3 291.9 295.8 298.1 299.8 302.5 305.3 308 309.9 311.4 312.9 316.8 321.7 318.8 304.1 287.3 273.7 264.4 256.5 252.3 248 245 225.4 232.4 248.3 262.3 269.2 277.3 285.7 294.3 301.1 308 316.9 331.3 343.8 348.3 343.8
267.9 268.9 269.1 269.4 268.8 267.2 261.4 249 239.2 233.2 245.6 254.8 260.5 265.6 270.8 274.7 278.4 280.9 283.3 283.5 283.3 281.5 279.9 277.9 276.8 276.9 279.7 282.3 284.6 286.7 288.3 289.4 289.6 287.7 285 281.6 271.9 274 279.1 280.2 281.7 284.7 288.6 291.4 293.8 295.7 298.1 300.9 303.4 304.6 306.2 308.1 311.6 315.7 316 306.9 286.4 271.2 261.6 254.1 249 241.4 224.5 232 252 256.2 263.1 271.3 280.1 287.1 294.2 301 307.7 319.6 332.9 343.7 340.8 336.8
260.4 261.2 261.3 262 261.7 260.3 251.4 234.3 230.1 234.1 249.8 259.1 264.7 269.8 275.5 279.9 282.6 284.3 285.7 285.7 285.1 283.5 279.9 278.1 276.1 275.8 276.1 277.6 279.6 282.2 283.3 283.5 283.3 281.6 278.8 277.1 267.9 270.1 274.7 276.6 278.4 280.6 283.6 285.9 288.6 291.4 293.9 296.4 298.6 299.9 299.9 302.6 304.9 305.6 305.2 300.3 286.5 269.3 259.1 249.9 243.2 224.7 228.2 248 258.2 262.2 265.5 271.3 279.3 285.8 293.4 299.9 307.9 321.7 333.5 336.6 331.9 331.1
