Assets/StreamingAssets/GeoData/Data/sn/SN72.asc
ncols 200
nrows 200
xllcorner 270000
yllcorner 220000
cellsize 50
[rows 140 to 174 of 200, columns 79 to 157 of 200]
141.4 146.8 151.5 156.5 159.7 159.7 161.3 163.4 164.6 164.8 164 163.2 163.9 163.7 161.4 166.5 180.3 184.2 186.3 189.6 193.5 197.4 201.6 205.2 208.8 213.7 218.9 223.5 228 232.2 237.4 241.3 246.1 251.9 258.6 263.1 266.6 272 277.2 278.8 277.3 274.7 274.8 275.6 268.1 266.7 261.1 255 247.2 241.1 240.1 239.2 236.1 235.5 237.6 242 248.7 242.6 256.4 258.5 260.6 263.4 269.3 276.7 283 289.6 295.4 300.4 301.9 300.9 306.4 312.2 317.2 327.6 335.1 337.6 347.5 353.1 357.5
140.3 146.2 151.6 157.3 162.1 163.7 164.2 166.1 167.9 167.9 168 168.2 167 166.3 165.9 169.7 180 185.3 188.5 192 196.2 200.5 205.1 209.7 214.3 219.5 223.7 229.2 233.5 237.2 241.8 244.9 251.1 257.9 263.5 268.3 271.3 274.4 277.6 279.8 278.5 276.3 275.2 272.2 270.6 270.4 266.7 261.7 257.6 247.8 246 245 241.5 241.3 246.7 254.4 258.6 251.6 263.9 266.2 267.6 274.4 281 288.5 294.2 299.7 305.7 311 314.9 313.5 314.2 320.5 326.6 331 339.3 345.8 348.6 355.4 360.3
140.2 145.5 149.7 155.8 161.8 164.3 166.1 168 169.6 170.4 171.6 171.7 170.1 170.8 171.6 175.3 181.8 186.6 190.7 194.4 199 203.8 208.8 213.9 218.5 222.5 228.4 234.6 238.2 241.3 246 252.1 258.3 264.8 267.4 268.8 271.2 273.5 275.4 277.8 278.7 275.8 271.9 267.5 265.8 262.5 259.7 257.4 254.1 251.4 250.5 249.6 249.2 253.2 258 263.9 266.3 254.3 270.3 273.4 276.7 283.9 290.6 296.7 302.5 309.1 315.6 320.7 324 324.3 325.3 330 334.8 339.8 345.7 351.7 355.6 357.6 362.9
141.7 146.5 150.4 155.3 160.4 164.2 167.7 169.9 172.4 174 175.2 175.3 174.1 174.6 177.4 181.4 186 189.8 193.5 198.6 203.6 208.3 214 218.6 222.8 228 233.5 238.3 242.6 246.8 252.2 257.6 263.1 265.8 265.4 265.5 267.6 270.7 273.4 275.5 275.8 274.1 267.4 260 257 256.8 259.2 260.7 261.2 262.7 260.5 257.9 258.1 260.8 266.4 272.1 273.1 262.5 273.4 278.2 283.5 291.2 297.9 304.5 310.4 317.6 323.9 329 332.1 334.2 336.9 341.2 345.2 348.9 352.9 358 363.1 365.2 367.1
144.7 149.3 153.3 157.3 162.1 165.9 169.4 172.8 176.1 177.6 178.4 178.6 177.8 178.3 182.8 187 190.7 194.2 197.8 203.5 208.5 213.5 218 222.4 227.4 232.2 236.9 242.5 247.2 251 255.5 258.8 260.8 259.8 258.8 259.6 263 266.7 270.3 272.1 274.1 271.1 257.8 251.4 255.1 261.6 266.5 272.6 277 278.9 274.8 269.3 266.5 268.2 273.6 279.3 279.8 278.6 283.4 288.2 291.4 299.3 305.6 311.4 317.6 324.3 329.1 334 338.7 342.3 346.1 350.5 354.2 357.2 360.7 365.3 369.7 372.3 372.2
148 151.6 155.8 160.1 163.9 167.5 171.1 175.1 178.5 180.5 181.3 181.8 181.7 183.5 187.5 191.3 195.1 198.7 202.9 208.5 212.7 216.4 219.9 225.1 229.8 234.5 239.8 246 249.4 251.6 253.3 253.7 253.4 253 253.9 255.3 258.8 263.1 266.2 267.4 266.2 256.4 249.6 254.8 264.2 271.7 277.2 281.3 284.1 286.3 287.2 283.7 278.3 276.2 281.5 286.3 288.9 292.7 298.6 301.9 304.7 308.3 313.5 318.8 324.5 329.8 334.5 340 344.7 350.6 355 358.9 362.7 365.9 368.9 372.1 375.4 377.8 377.7
151.3 153.7 157.3 161.5 165 168.5 171.8 175.1 178.3 180.7 183.1 184.6 185.7 187.5 191.2 195.1 198.2 202.3 206.6 211.2 214.4 217.2 220.6 225.7 230.5 235.7 240.2 244.7 247.7 248.3 249 248.5 247.2 247.6 249.3 251 253.6 254.4 252.8 250.2 250 246.6 252.9 263 269.6 275 279.5 285 290.3 292.8 292.2 290.1 289.4 291.1 295 299.6 304.2 306.7 310.3 310.9 310.8 314.6 319.9 324.9 329.7 335.3 340.6 346.5 352.4 358.3 362.4 366.5 370 372.8 375.4 378 380.9 381.8 382
148.2 153.7 157.2 161.5 165 168.7 171.8 175 177.8 180.6 183.7 186.5 189 190.2 192.9 196.1 198.3 201.1 206.9 212.3 215.1 217.7 220.6 225.2 230 232.8 235.3 239.6 243.5 243.7 242.2 241.6 242.2 242.5 243 243.5 242.7 240 241.8 243.7 244.6 245.6 254.4 263.3 270.2 277 283.3 290 294.2 295.8 296.7 300.8 303 305.5 306.6 309.3 311 312.7 315.9 317.2 316.9 321 326.1 331.5 336.4 341.8 348 353 359.1 365.1 369.3 373.1 377.2 380.7 383.1 384.8 386.8 386.9 389.7
144.3 149.9 154.3 159.9 164.7 168.6 171.8 174.9 177.6 181.1 185 188.1 190.6 192.7 194.2 196.5 198.8 200.8 206.1 211 213.5 216.2 219 222.4 225 226.5 228.1 230.8 234 234.4 234.3 235.1 235.3 234.2 233.2 233.4 233.5 235.6 237.8 238.9 241.6 248.6 257.3 264.8 272.7 280.3 286.9 292.5 295.7 298.7 302.6 306.3 309.4 310.6 310.7 310.5 311.7 315.1 318.7 321.2 324.3 327.8 331.9 337 342.4 347.6 353.6 358.9 365.2 370.8 375.8 379.6 383.4 386.8 389.5 391.2 393.9 396 399
136 145.2 155.6 161 164.8 168.6 171.9 174.3 178 181.8 185.7 189.3 191.7 194.3 196.3 197.8 200.2 203.7 205.9 208.1 210.3 212.3 215.8 218.8 220.4 220.3 222.5 224.2 225.5 227.1 228.2 228.5 228 227.5 228.2 230.2 231.6 233.5 235.1 238.3 244.4 252.4 261.6 268.6 274.8 281.5 287 290.9 294.1 296.5 300 304.3 306.4 306 307.9 310.8 314.3 318 321.3 324.8 327.9 331.6 336.2 341.2 346.7 352.6 358.3 363.9 369.3 374.8 379.9 384.1 389.1 394 397.2 399.6 401.3 404.1 405.9
134.8 141.2 155.5 161.7 166.1 169.2 171.5 173.6 177.9 182.2 186 189.7 192.8 195.5 196.6 199 201.6 202.4 202.8 203.7 205.6 207 207.8 208.6 211.8 215.4 215.5 215 219.4 222.4 222.7 222.2 223.1 222.5 224.8 227.5 230 234.1 237.2 243.8 252.4 259.3 264.7 270.1 275.2 280.6 285.3 289.5 291.2 293.5 300.2 300.8 302.3 306.2 308.7 312.1 315.7 318.1 321.9 325.9 328.9 333.3 338.2 343.9 349.6 355.5 361.3 367.1 373 379 384.8 390.2 395.7 400.4 403.9 407.1 409.7 411.3 412
149.1 133 150.7 159.4 164.5 167.9 169.6 171.8 176 181.5 186 189.6 191.6 192.7 193 195 197.4 197 193.9 193.6 195.4 193.5 189.2 182.8 183 191.5 191.6 191.6 204 211.6 210.2 206 217.9 222.3 224.9 228.9 233.6 238.3 243.7 249.5 254.7 259.9 265 269.7 273.6 279.5 284 286.8 288.8 291.8 294.1 296.7 300.1 303.7 306.9 311.2 314.4 318.6 322.1 325.9 330.2 334.9 339.8 346.2 351.6 357.5 364.6 371.2 377.8 384.3 390.9 396.1 401.8 406.8 410.4 414.2 416.9 419.9 424
155.3 150.5 133 153.7 158.9 161.7 160.9 164.6 168.5 172.1 183.7 186.7 184.9 184.6 181.5 179 176.2 174 171.4 171.9 173.3 169.1 168.1 169.4 170.2 172.2 174.7 180.9 190.3 190.4 205.4 221.5 221.9 224.3 228 231.6 235.9 240.1 245 248.9 252.7 256.6 260.5 264.6 269 274.4 278.1 281.2 284.7 284.9 287.6 291.5 297 300.8 304.5 309.1 314.6 318.8 322.5 327.2 331.4 336.4 341.6 348 353.8 361.2 368.1 374.4 381.7 388.8 394.9 400.3 406.6 412.5 417.4 423.2 427.3 431.4 435.5
159.4 156.4 149.9 136.1 138.2 142.1 147.8 149.5 154.1 156.9 159.1 159.6 161.7 163.2 157.7 155.5 158.2 160.2 162.3 163.1 163.8 165.1 167.6 167.5 169.8 172.4 172.6 175.4 181.2 188.9 209.8 222.9 222.3 225.7 229.5 232.5 236.4 239.9 243.5 245.1 247.7 251.2 254 257.6 261.7 266.3 271.4 275.6 278.5 278.6 284.8 290 294.1 298.4 303.8 309.3 314.5 319 323.7 328.4 333.5 338.3 344.4 350.5 357.3 365 371.4 378.1 385.7 392.7 398.6 404.4 411.6 417.7 424.7 431.4 437.2 441.3 447.3
161 159.5 157.3 155.6 159.4 155.5 151.9 148.4 148.3 148.8 151.5 152.3 153.3 154.8 155.5 158.2 161.5 161.4 165.6 166.7 169.6 172.6 178.8 180.9 185.8 185.7 179 174.6 176.6 178.3 193.3 211.6 220.4 225.3 229.5 232.7 235.9 239.1 240.3 241.7 244 246.8 250.3 253.7 257.5 261.7 263.9 268 273.9 280.3 284.6 288 294.5 297.8 304.1 309.8 315.2 320.7 325.5 330.5 335.6 340.8 346.9 353.8 361 368.8 376.2 383.4 390.7 397.3 403.1 410 418.7 426 433.4 439.7 448.8 455.4 461.8
162 162.5 161.7 162.5 166.1 167.2 167.6 162.8 159.5 160.9 160.5 161.3 163.5 166.3 169.9 175.6 178.8 180.3 185.8 186.9 188 188.2 189.9 192 192.9 192.8 193.7 192.6 177.3 177.1 180.5 194.6 214.3 223.3 227.8 230.8 232.8 235.3 237.1 238.3 241.4 244.5 247.8 251.8 247.8 248.3 260.2 268.8 273.5 273.9 281.6 288.2 291.3 298.6 305.8 310.9 316.9 322.6 329 333.1 338.2 344.1 349.9 357.6 366.1 375.1 382.2 388.7 394.7 403.8 410.3 418.2 426.2 435.3 443.1 449.5 461.2 469.2 476.5
162.4 163.8 164.4 165.3 168.7 171.5 173.5 174.2 171.2 171.1 173.2 174.6 177.6 182.1 186.9 193.8 192.9 191.8 196.7 196.9 195.2 196.1 197.5 202.3 204.5 205.8 205.8 202.3 195.9 186.2 180.3 181.8 197.2 215.2 220.5 223.9 227.1 230.1 232.5 229.9 224 228.5 231.3 242.6 250.4 252.8 253.7 261.7 265 277.3 287.5 294.1 299.5 302.7 305.8 315 321.8 326.1 329.9 334.9 341.2 347.9 354.3 362.5 371.4 379.3 386.6 392.7 400.3 409.5 417.9 425.9 434.5 442.3 449.9 459.9 471.6 481.8 491.8
162.8 164.9 166.6 169.1 172.4 174.9 177.2 178.9 179.8 177.8 178.6 179.1 185.3 189.6 194.6 195.4 199.1 196 201.7 202.6 203.7 205.5 206.2 211.8 213.8 213.9 215.9 212.4 209.6 202.4 192.6 180.4 185.1 206 214.5 219.4 222.7 221 216.6 223.4 234.5 241.8 245.1 249.2 253 256.9 261 263.7 270.5 279.6 288.3 295.6 302.4 307.8 311.1 312 319.4 324.9 329.8 337 344.2 350.7 358.3 367.8 376 383.1 390.3 397.6 407.2 416.6 425.4 432.5 441.8 451.3 460 471 483.6 494.5 505
162 164.9 168.5 171.8 175 177.7 180.1 182.4 183.2 184.4 185 187.2 189.2 192.5 195.5 199.4 203 203.4 205.1 208.2 208.7 211 213 215.9 219.2 219.3 220.9 221.5 221.5 220.8 209.8 190.8 185.2 197.8 208.8 213.8 210.7 222.7 231.7 228.7 242.1 245.8 249.5 253.6 257.4 261 264.3 267.6 270.3 277.8 287 294.9 300.6 307.1 312.3 318.7 324 325.2 332.9 341.2 347.8 354.2 363.3 372.1 379.9 386.4 395.1 403.3 413.7 423.5 432.2 442.1 452.5 461.6 471.7 484.8 497.5 506.6 514.6
160.7 165 169.1 172.8 176.6 179.9 183.1 185.1 186.4 188.3 190.5 190.5 192.2 196.1 199.2 202.7 207.7 209.1 212.7 215.1 215 216.9 218.7 220.4 222.7 224.3 225.8 226.8 227.4 227.4 221.3 202.3 185.8 188.3 204.9 219 227.7 232.5 237.6 241.2 240.6 248.6 252.4 256.7 260.5 263.2 267.8 272.8 276.8 276.8 288.3 296.7 302 307.4 314.5 320.8 325.6 330.2 336.5 343 350.5 357.6 366.9 376.8 383.3 392.2 400.8 409.4 419.5 429.7 440.1 450.9 460.2 469.6 484.3 497.4 508 515.6 522.5
159.2 162.8 167.6 172.5 176.8 181.1 185 187.6 190 192.6 196.7 198.7 199.5 201.9 206.6 210.9 211.8 214.6 217.4 219.7 220.6 221.7 223.3 224.2 226 228.7 231 232.7 235.2 236 229.8 214.1 194.3 191.7 220.9 229 234.2 239.1 243.8 248.2 249.5 251.9 256.3 260.5 263.6 267.7 272.3 276.3 281.4 286.2 290.2 294.2 302.7 308.7 315.3 321.4 327.8 334.9 341 347.2 352.5 361.6 371 381.4 389.9 397.4 406.8 415.8 426.6 437.8 447 457.2 466.3 480.2 495.4 507.9 518.2 525.9 532.3
157.8 160.6 163.8 170 175.9 181.2 185.4 189.8 192.9 196.8 201.9 206.9 204.8 205.9 208.3 212.8 217.1 219.4 221.5 223.5 225.1 225.9 227.2 228.3 230 232.7 235.5 238.7 239.9 238.9 232.2 220.5 204.1 186.2 211.6 231.1 238.2 243.4 247.8 251.3 253.4 253.4 259.7 263.4 266.5 270.8 276.1 280.3 284.4 289.6 295.7 300.6 304.2 310.6 316.6 323.2 332.4 338.3 346.1 353.8 357.5 367 375.9 386.1 395.2 403.8 412.6 422.2 433.1 444 453.3 463.4 476.3 491.7 505.5 517.6 528.1 536.3 542.7
156.3 158.4 161.2 167 173.8 179.1 184.3 188.8 194 198.7 205.7 211.2 208.8 209.9 212.4 215.6 220.1 222.8 225 226.3 227.6 228.5 230.1 232.4 233.6 235.3 238.1 240.8 243 240.9 232.7 223.7 208.3 186 215.7 232.8 239 243.9 248.1 251.2 256.6 260 262.5 265.7 270 274.3 279.1 283.8 287.7 293.5 299.5 304.1 309.5 314 318.4 326.7 334.2 342.5 350.6 357.8 363.6 370.9 381.8 390.9 399.9 408.1 416.6 427.7 438.1 447.9 459.1 472 485.7 500.9 515.2 527.1 539.3 544.2 543
150.9 156 159.6 164.1 171.2 176.5 182.4 187.8 192.8 197.8 204.1 209.4 212 214.2 216.5 219.9 223.4 226 227.8 229.6 230.5 231.9 234.1 234.7 236.4 237.7 240.2 243.1 244.5 239.7 233.5 218.2 207.3 188.6 212.6 229.9 236.8 242.2 246.5 250.1 256.6 261.4 264.3 266.9 272.7 277.6 280.9 285.5 290.8 295.7 301 306.3 312.9 318.1 324.3 329.7 337.2 346.5 354.1 361 369.2 377.2 385.5 393.8 401.4 410.6 421.1 431.6 442 453.7 465.6 477.9 494 508.7 521.8 533.2 544.6 544.2 542.2
156.8 157.4 159.7 165.1 169.3 177.4 184.3 189.5 193.6 199.2 206.1 211.2 215.7 217.4 220.2 225 227.7 229.8 231.6 233.1 234.6 235.8 236.6 239 239.9 240.4 242.3 244.5 243.5 239.2 233.9 218.2 204.9 200.5 215.2 221.6 237.8 240.5 245.6 251.1 255 260.8 266.2 269.2 272.9 277.8 282.6 287.2 292.5 297.2 302.7 310.4 315.5 320.6 327.1 334 342.9 351 358.6 366.2 373.6 380.7 389.5 396.9 403.8 414.6 424.8 435 446.9 458.7 470.3 481.7 500.1 515.1 526.5 541.7 545.6 543 541.4
160.3 160.8 163.2 171 175.6 180.3 187.3 196.8 200.7 205.2 211.7 216.5 220.4 222.8 225.8 229 231 233.2 235.3 236.7 237.9 238.8 240.8 244 244.2 245.2 245.3 245.2 243.2 238.9 233.6 218.2 199.6 216.5 231.7 234.4 227 243.5 248.6 253.6 257.8 262.5 267.6 272 275.7 280.4 285.3 290.4 294.6 299.7 305.8 312.6 317.5 323.2 332 341.6 349.2 356.3 364.6 372 378.6 385.5 393.1 400.7 408.5 418 428.3 440.2 451.8 463.4 472.6 485.7 505.4 519.6 533.2 545.3 544.6 542 540.8
164.1 165.8 167.9 176.2 180 185.2 193.2 203.7 209.2 213.3 218.5 223.1 226.4 228.5 231.3 233.5 234.9 236.2 238.3 240.1 241.6 243.3 246.7 248.7 249.1 249.8 249.5 247.6 244.5 239.6 234.2 215.3 225.4 232.7 235.5 238.4 240.8 236.3 246.8 253.6 259.2 264.4 269.6 274 277.8 282.9 288 292.6 297.4 302.5 308.2 315 321.2 328.7 337.3 344.9 351.9 360.6 369.9 376.2 382 388.9 397 405.1 412.7 422.7 434.1 444.6 455.5 464.8 473.1 488.9 508.4 522.9 540 545.1 543 541.3 543
171.6 173.9 168 181.2 186 193.9 202.1 212.1 216.6 218.5 221.8 225 227.4 230.4 233.4 235.4 237.4 239.1 241.4 243.7 245.5 248.3 250.8 252.5 253.7 254.1 253.3 250.9 247.8 242.1 236.1 221.8 231.1 236.8 238.8 241.9 244.7 246.5 247.9 251.8 252.1 262.6 266 274.1 279.2 283.9 289 293.6 299.1 305.2 310.4 317.3 323.9 333.4 341.3 349.1 356.2 365.2 373.1 379.6 386.3 394.2 401.8 409 417.8 428.6 438.2 448.6 458.2 467.2 478.4 492 508.4 526.5 541.5 543.7 541.8 544.8 555.9
179.2 179.6 173.2 182.9 191.5 201.1 210.8 217 219.2 220.5 222.8 225.2 227.4 230.2 233.4 236.3 238.9 241.4 245.5 249.1 252 254 255.8 256.9 257.2 257.3 256.3 254.2 251.6 247.6 242.6 234.8 230.4 240.1 243.4 246.3 247.9 250.5 252.7 255 261.1 266.2 271 275.3 279.3 281.7 288.8 294.7 300.8 307 313 320 327.1 335.5 342.6 351.9 360.5 368 375.2 383 389.5 397.6 405.8 414.4 423.9 433.5 442.6 451.7 461 471.5 483.2 497.3 512 530.4 542.2 549.5 558.8 565.6 567.1
186.8 187.8 186.2 177.6 194.6 204.3 214.2 219.6 222.6 223.8 225.3 227 229.1 231.6 234.3 237 240.8 245 249 253.7 256.8 258.6 259.2 260.1 261.1 260.2 258.4 256.4 254.5 251.8 248.5 245.5 235.7 233.7 242.8 249.2 250.3 252.8 256.8 260.1 263.1 268.3 272.4 276.9 282.1 286.5 291.5 296.2 301.1 309.5 316.8 323.1 330.7 337.7 345.7 354.4 362.3 369.8 378.5 386.9 394.2 402.7 411.2 420 429.5 437.7 447.2 456.7 466.6 476.4 487.6 500.1 517.8 535.9 550.4 567.8 575.3 578 579.5
191.8 192.8 192.3 189.1 191.6 202.4 210.9 217.4 219.9 222.2 226.9 229.8 231.3 233.1 235.1 239 243.5 248 252.1 256.2 260.2 261.7 261.7 262.4 263.5 263 260.7 259.1 257.7 254.8 251.7 247.8 241.7 228.9 231.7 244.3 251.3 255.8 260.1 262.8 267.1 271.1 275.2 279.5 284.3 289.5 294.6 299.9 305.3 312.7 315.5 324.2 332.2 340.4 349.1 356.3 365.1 373.7 383.4 392.2 400.9 409 416.5 425.1 433.5 441.6 451.2 461.1 471.1 481.5 492.5 504.5 525.3 544.5 569.6 576.8 581.9 583.2 581.1
196.9 198.2 199.3 199.3 195.7 199.6 199.7 204.3 217.6 226.4 229.6 231.7 233 235.1 237.7 241.9 246.3 250.6 254.6 258.6 261.6 261.7 262.7 265 266.6 266.4 264.2 265.1 262.2 257.1 253.2 249.7 240.3 232.2 233.6 233.7 250.4 256.5 260.5 264.8 269.4 273.7 278 282.3 286.6 291.5 296.6 302.1 308.4 315.1 321.7 324.6 334.1 343.6 351 359.4 368.6 377.2 386.1 395 403.7 412.5 420.5 429.1 437 444.8 454.4 464.9 475.3 485.3 496 510.4 531.7 558.9 572.5 579.2 583.8 584 582.5
204.3 205.2 207.2 206 203.8 201.5 209.1 214.5 219.7 223 229.3 233.2 234.8 236.9 240.8 244.5 248.3 251.8 255.6 258.8 259.3 260.7 263.3 265.5 267.2 267.8 270.1 268.7 264.3 259.6 255.1 248.7 236 243.8 242.1 238.8 240.4 251.5 259.5 265.5 270.4 275 279.4 284 288.2 293.6 298.4 303.9 309.5 316.1 322.8 329.4 336.7 344 352.2 357 368.9 378.2 387.7 396.2 404.9 414.5 423.9 431.8 440.1 448.9 458.7 469.9 479.7 489.1 500.5 517.4 538.4 562 569.1 576 580.7 582.1 579.3
209.2 212.2 212.2 211.2 210.4 209.8 212.1 218.9 224.4 229.1 231.2 234.7 237.2 238.6 240.7 244.3 248.2 251.1 253.2 257.7 262.4 264.9 265.9 267.7 268.6 271.1 271.4 269 264.6 260.2 254.2 245.7 242.5 250.2 250.1 247.3 239 242 251.5 262.2 269.2 274.3 279.7 284 289.1 294.3 299.8 305.5 311.6 318.2 325.3 331.8 339.2 345.9 354.6 362.7 370.4 377.8 387.4 397.3 407.1 417 425.7 434.2 442.5 451.8 463.7 476.3 487.5 497.6 508.9 523.8 548.8 560.6 567.8 574.3 579.3 577.9 575.5
214.2 217.5 217.5 216.8 217.4 219.7 218.7 227.4 230.7 233.7 236.2 235.8 240.7 242.7 244.8 247.5 248.8 251.2 255.3 260.4 263.9 266.4 267.1 267.9 270.8 273 272.1 268.7 264.7 259.7 251.3 252.7 250.3 254.8 256.9 256.3 251.3 242.1 243.5 256.1 266 272.9 278.4 283.9 289.3 294.3 300.2 306.6 313 320.2 327.8 334.8 341.2 348.6 357.2 366.3 375.6 382.6 390.2 398 406.9 416.1 425.3 434.8 445.7 455.8 468.1 481.3 495.1 507.4 517.4 532.4 552.8 564.9 573.3 576.8 577.8 576.4 573.8
