Assets/StreamingAssets/GeoData/Data/sn/SN73.asc
ncols 200
nrows 200
xllcorner 270000
yllcorner 230000
cellsize 50
[rows 72 to 107 of 200, columns 0 to 80 of 200]
202.2 216.3 229.4 244.1 255.1 269.5 286.6 303.2 312.6 319.8 317.3 314.6 308.5 294.9 275.2 253.2 242.5 235.7 230.4 225.3 220.1 215.7 210.7 206.8 202.4 195.4 189.2 181 184.9 184.1 183.6 186.6 189.3 181.2 176.8 169 162.9 161.2 168.9 175.6 177.4 171.1 163.9 144.5 126.1 119.7 121 121.7 122.5 128.5 137.2 145.2 155.3 165 168.9 173 176.3 179 178.4 176.6 181.2 186.8 193 193.3 191.9 190.4 188.9 187.2 195.3 198.2 199.1 198.2 195.6 193.6 190.3 185.5 182.8 177.1 173.2 179.8 187.1
205.2 217.4 231.4 245.3 257.3 267.3 278.5 284.8 287 292 301.3 300.9 298.3 282.6 257.5 246.8 239.5 235.1 230.7 225.8 221.3 216.8 212.2 207.9 203.3 197.4 187.5 192 191.1 190.3 194.4 197.3 188.9 182.6 177.5 171.1 161.1 157.5 157 161.4 162.3 161.7 158.3 143.4 126.1 118.7 120.5 123.9 129 139.8 149.4 156.3 165.9 169.1 168.8 169.9 173.3 173.1 170.7 172.8 178.6 183.4 183.8 183.5 180.5 179.2 180.3 188.1 192.2 194.2 195.7 197.9 198.1 194.2 186.9 182 177.9 170.9 175.6 183 187.4
205.7 217.8 231 244.9 257.2 264.1 273.2 275.3 274.8 278.8 286.7 298.2 284.1 258.7 248.7 242.7 238.9 233.5 229.9 225.7 221.3 216.6 212.7 208.2 203.5 197.2 198.6 201.9 200.3 203.3 203.9 196.9 191.2 186.2 180.2 167.8 158.5 155.3 154 153.7 154.1 155.3 148.3 135.6 118.9 118.6 126.4 128.3 137.1 148.6 157.6 163.7 169 168.1 164.5 163.3 165.3 164.3 165.5 168.9 168.3 167.5 170 169.8 167.1 172.9 178.5 182 185.6 186.2 187.6 190.9 191 181.9 173.1 171.2 168.6 170.8 177.3 184.4 196.6
204.7 217.6 229.8 244.5 255.9 262.3 269.7 273.5 273.2 278.6 296 284.1 262.2 250.8 245.1 240.8 234.8 230.6 227.1 224 219.7 215.6 211.8 207.1 206.7 206.3 207 210.3 216.9 217.8 210.1 201.5 193.8 183.5 170.4 160.8 156.3 153.9 152 150.2 148.9 147.8 141.8 129.8 117 121.9 127.3 131.9 144 155 162.5 168.3 170 165.8 156.2 154 155.1 155.9 156.1 154.5 153.1 151.6 154.7 158.2 163.4 169.1 172.9 174.5 173.1 174.6 177.1 177.5 171.3 166.2 166.5 166.8 169.5 177.1 184.8 200 205.9
209.7 217.4 226.7 243.1 257.2 260.1 265.1 270.5 274.9 293.6 285.1 265.7 256 250.2 243.2 237.4 233.2 229.4 226.4 222.3 218.3 216 213.9 213.5 212.8 212.1 217.4 223.6 227.6 218.8 210.3 198.5 183 169.2 161 157.5 155 152.9 150.5 148.4 145.2 143 136.9 128.7 120.1 117.4 125.2 135.9 148.7 160.9 169 168 167.4 156.5 142.1 142.6 143 142.9 142 142.4 142.1 144.1 147.2 151.6 156.3 160.6 161.6 161.2 162.3 163.8 165.9 162.8 161.1 162.7 165.4 168.5 174.6 185.9 200.9 204 201.4
219.4 230.6 241.3 252.1 260.7 265.7 270.9 276.9 294.1 286.9 273.1 262.3 255.5 247.9 241.1 236.9 233.2 230.3 226.4 225 222.1 220.4 218.7 218 220 225 227.8 230 225.8 215.6 202.3 183.8 169.3 164.3 161.8 159.9 156.5 153.6 150.8 146.6 142.6 137.4 132.1 128.4 121.5 115.4 117.9 130.8 151.6 163.4 164.4 163.5 154.5 137.5 132.8 133 133.5 135.1 135.6 136.5 138 141.2 144.3 146.7 149 150.5 153.2 154.5 154.8 156.6 156.7 159.3 162.5 165.1 167.9 175.3 187.3 198.5 201.8 200.2 195.2
224.1 236.1 247.4 257.1 265.4 267.7 274.4 290.8 293.2 281.8 269.4 261.5 253.5 245.2 240.8 237.4 233.9 231.5 229.1 228.2 227.3 225 225 229.5 229.6 230.9 230.8 228.8 220.8 204.9 188.9 175.6 169.6 166.7 163.8 161 158.1 155.1 153.1 148.3 143.4 138.7 133.6 129.2 124 119.9 113.5 114.7 141.4 155.5 156.8 149.3 134.7 125.6 126.6 127.2 129.1 130.5 132.4 134.4 136.7 139 141.3 143.2 143.9 146.2 149.8 154.1 155.9 156.9 158.8 162.1 166.3 170.4 176.8 188.3 196.7 200 199 196.2 188.8
225.8 238.5 249.3 258.9 264.3 268.6 275.6 292.2 292.3 280.3 269.1 262.2 253.3 246.4 243.3 238.9 235.9 233.8 232.7 231.2 234.3 239.4 233.1 235 237.2 236.5 233 226.1 208.1 190.1 178.5 173 170.7 168.1 165.1 162.1 159.5 161.1 166 159.5 152.2 146.6 139 131.6 127.3 125.9 119.2 112.6 123.7 144.6 139.6 129.7 119.8 118.1 120.4 122.7 125.1 127.6 130.9 133 135.7 137.5 139.1 141.5 144.6 148.3 151.7 154.8 157.7 160.5 164.1 169.5 176.3 182.3 187.9 194.5 199.1 199.5 194.7 188 181.4
223.4 237.1 247.8 258.2 264.4 272.4 283 296.7 289.5 277.6 270.8 263.4 256.9 251.7 247.5 243.6 240.8 240.9 243.6 246.1 240.2 237.7 241.6 244.7 244.7 240 228.7 212.1 192.5 182.4 177.4 174.5 172.2 169.5 166.6 164.6 171.2 178.3 179.9 177.6 172.4 163.6 153.4 137.8 130.1 127.3 121.6 112.5 114.9 128.1 122.5 114.6 114.7 118.3 120.9 124 126.6 129.7 132 134.9 138.1 141 143 144.4 147.1 150.1 153.8 158.9 163.9 168.5 172.8 180.3 187.5 193.2 197.3 198.5 199.2 196.3 189.8 182.8 174.7
223 237.1 248.6 258.2 268.9 279.3 295.1 290.3 281 276.5 272.1 265.8 259.8 255.9 252.3 251.3 254.3 254 247.7 245.4 245.9 246.7 249.8 250.3 248.9 235.1 216.2 197.2 184.9 181.8 179.5 176.7 173.9 172 173.7 182.1 191.1 194.3 194.5 189.7 186.2 177.8 158.7 134.8 128.4 125.3 118.8 110.6 116.9 115.8 111.1 113.1 117.3 119.4 122.1 125 128.1 130.8 134.3 137.7 141.1 144.3 148.1 151 153.7 161 167.8 172.5 175.8 177.7 182.8 190 195.3 200 200.4 200 198.6 193.6 184 177.8 171.3
224.4 238 249.4 259.5 272.4 291.2 295.8 290.2 284.6 278.9 271.6 267.2 264.5 265.1 265.1 267 263.4 255.9 256.4 254.8 252.9 252.7 254.9 255.3 243.6 224.8 204.1 189.2 185.8 184.4 182.7 181.8 180.4 185.9 193.3 200.4 204.6 206.8 202.6 200.6 195.3 182.1 157.1 135.2 126.4 121.8 115.6 108.7 110.1 109.2 108.7 114.5 117.1 119.8 122.7 125.6 128.9 132.8 136.6 140.3 145.9 152.4 155.7 164.3 172 180.9 185.3 185.1 184.8 188 192.3 195.5 199.7 201.5 202.1 201.4 197.7 187.5 180.9 175.5 171.6
223.6 235.6 248.2 259.2 272.3 292 299.8 295.1 289.9 286.1 281.7 280.2 278.6 274.6 269.1 267.9 266.5 265.5 261.8 259.1 258.6 259.9 262.2 254.6 236.6 214.2 193.8 190.6 188.9 188 189.2 190.7 199.2 204.7 208.1 212.7 212.6 210.1 211.1 207.6 194.2 172.7 152 136.7 126.4 120.1 114.4 108.9 107.3 106.3 107.3 114.4 117.4 120.2 123.2 127 130.9 134.7 139.4 149.3 160.8 165.5 166.8 176.6 187.7 193.6 194.2 191.8 194.1 195.5 196.9 198.1 201.4 202.8 204.4 203.4 195.5 185.4 179.1 173.7 169.2
218.6 230.6 244.5 259.9 271.4 281 289.7 297.6 295.6 290.5 287.2 280.4 275.4 271.2 265.8 264.6 264.3 263.7 263 265.9 266.5 262.2 261.6 248.1 228.1 205.6 194.1 193 191.5 191.7 199 207.1 213.1 217.2 219.9 218.5 220.5 217.8 212.4 197.5 177.5 159.4 146.7 136.4 127 121.1 115.8 111.7 108.9 106.4 105.2 113 117.1 120.7 124.7 129 134.8 140.3 150.8 161.7 171.2 179 182.3 186.9 197 200.4 199.5 198.2 200.5 201.6 201.7 201.8 205.6 209.8 209.8 204.2 197.3 186.3 178.7 173.1 168.4
206 220.7 236.9 258.9 269.3 279 284 286.1 285.2 281.4 278.8 274.8 269.6 262.4 256.6 258.2 261.8 262 264.1 262.9 258.2 255.6 248.4 237.3 221.3 199.5 197.3 197.6 198.1 208.1 215.2 220.9 225.8 227.2 227.3 229.4 224.5 214 197.9 180.1 162.2 149.7 141.3 135.6 129.4 123.5 118.8 113.5 109.4 106.4 104.6 110.7 116 120.7 126.9 134 142.7 150.3 159.3 170 181.1 190 196.3 198.9 202.9 205 206.7 205.5 205.8 207.4 209.7 214.7 216.8 216.2 211.5 206 196.9 186.5 182.6 180.6 174.1
189.1 202.8 219.2 236.5 255.5 269.1 276.2 277.3 275.4 270.4 263.8 257.5 252 247.6 246.5 251.7 253.2 256.3 254.8 250.6 244.9 244 239.8 233.2 218 209.3 214.5 217.3 217.9 224.5 231.4 234.2 236.4 237 236.3 230.9 215.8 197.4 180.7 164.8 152.1 145.2 140.9 136 132 128.2 122.3 116 109.5 106.6 104.5 109.2 115.8 121.6 128 136.3 147.9 159.1 165.3 176.5 189.3 199.3 205.7 205.6 206 212.4 213.5 212.4 211.5 218.9 222.4 222.7 221.9 219.8 213.1 207.6 204.7 202.9 199 193.8 180
167.8 183.6 196.5 211.5 228.7 251.2 263.9 261.2 255.6 248.8 240.9 234.3 231.9 227.5 232.7 236.1 236.4 239.3 238.6 236.6 236.6 238.2 238.3 234.7 228.4 225.7 234.1 234.3 236.3 242.3 246.1 246.1 246.6 243.2 237.8 220.9 200 180.7 166.9 155.8 148.4 144.9 141.1 137 133.5 128.3 121.9 115.4 109.4 106.5 103.3 109.5 115.8 121.3 127.5 137.4 151.6 165.4 177.5 187.1 197 202.9 208.1 209.4 211.5 215.4 216.3 216.3 222.1 226.5 225.9 225.6 224 222.3 218.7 216 218.6 212.8 200.7 190.6 178.5
156.6 168.5 178.9 191.4 206.5 228.6 241 236.9 229.4 223.7 218.5 216.6 208.9 209.5 214.5 218 222 225.3 225.7 225.2 230.5 235.3 238.9 241.3 240.6 239.1 249.7 253.8 256 258.3 258.6 256 251.3 244.2 227.6 205.5 183.7 168 157.5 153.3 149.7 145.7 141.5 137.2 133.1 127.3 119.2 111.3 108.2 105.1 102.6 108.9 116 121.1 127.9 139.7 159.9 180.7 194.6 202.4 209.6 211.7 212 215.8 220.4 222 221 223.7 227.7 227.3 225 224.9 223.8 222.8 220.8 220.2 221.3 215.5 205.2 192.4 179.8
155.4 162.2 169.1 175.7 187.3 207.7 215.7 209.4 205 202.1 198.2 194.8 189.9 194.6 199.5 204.5 209 212.6 213.4 216.2 225.5 237 242.7 246 251.5 254.5 263.9 267.5 268.1 266.3 264 259.3 249 230.7 210 187.4 171.3 162 156.2 151.7 148.6 144.7 140.6 135.9 129.8 121.8 115.1 114.4 109.8 104.9 102.4 111.2 117.8 122 129.9 148.6 173.6 193.9 208 212.8 216.8 218.9 222 225.8 226.3 224.3 224 228.1 226.3 222.5 222.3 222.7 222.2 222.3 219 219.2 218.7 211.5 201.8 192.7 186.4
154.9 160.6 162.6 164.9 172.5 186.3 189.9 185 182 179.1 176.9 178.5 181.3 184.6 188.9 192.8 197.3 202 207 218.8 232 245.3 251.7 258.5 262.4 267.8 271.9 272.4 270 271.6 264.6 251.8 232.8 211.5 189.4 171.8 162.9 157 152.3 148.5 145 141.5 137.3 132.9 124 122.1 122.1 119.5 112.3 104.5 101.9 111.5 119.2 124.3 135.3 154.1 177.6 198.8 211.3 216.8 221.7 226.8 228.8 229.4 225.5 223.2 225 223.9 218.7 215.4 215.6 216.6 219.8 219.4 213.1 212.7 208.4 203 197.5 193.7 184.7
150.7 152.5 157.2 158.5 161.5 168 168.8 167.4 166.7 166.3 170.2 173.7 177.9 181.2 184.2 189.6 192.8 198.5 211 226 240.8 253.4 261.3 268.3 272.1 273.9 272.4 271.8 270.9 262.6 248.4 231.5 212.3 190.8 173.6 164.2 158.3 153.5 148 144.2 140.7 135.9 132 128.7 127.9 127.8 127.3 124.6 116.6 107.1 100.6 108 118.2 126.1 136.3 151.9 171.9 198.5 213.4 223 228.7 231.2 232.5 227.1 221.2 217.9 216.8 210.7 207.3 205.4 204.3 210.6 213.9 210.4 204.1 202.4 200.6 199.6 195.2 189.5 181.6
142.2 143.2 146.3 154.9 157.1 158.9 158.7 159.2 159.3 166 171.2 175.3 179 181.9 185.7 189.2 197.3 211.6 224.6 237.3 250.4 261.3 270.5 275.1 274.2 270.9 270.9 264.7 256 243.8 228.5 210.1 192.8 176.3 166.7 161 158.6 154.7 148.2 143.6 140.9 138.4 135.8 134 133.2 132.4 130.9 127.1 119.4 113 104.8 101 116.6 126.6 136 154.1 177.3 200 216.3 228.2 232.1 232.3 228.9 221 213.8 206.2 198.3 197.7 198 196.7 197.3 204.6 205.3 198.8 196.5 197 196.4 194.4 190.6 181.5 179.2
138 134.7 136.8 149.4 153.4 154.6 153.8 154.7 160.4 166.1 172 176 181.2 185.9 191.2 207.5 220.4 231.9 239.6 249.8 261.7 270.1 271.3 268.9 269.3 269.6 264.7 255.4 240.1 222.6 206.7 187.8 176.5 168.4 164.1 161.9 158.3 152.2 151 148.6 145.7 142.6 140.2 139.8 139.7 139.4 134.3 124.8 118.7 113.8 109.9 98.9 116.4 130.9 142.9 159.4 180.5 201 220.2 228.9 229.3 226.1 221.3 212.4 201.3 191 188.5 188.3 189.1 189.2 192.1 196.5 194.7 190.4 191.5 192.4 190.6 187.3 180.6 174.9 174.4
150.1 137.9 133 139.9 147.3 150 154.3 158.5 161.5 167.1 176.1 188.2 197.9 208.2 218.7 229.5 238.9 246.4 254.2 260.5 262.6 265 266 268.6 271.5 267 257.7 241.9 220.3 199.9 184.9 176.9 171.1 166.4 164 162.3 160.5 157.3 155.9 153.8 149.7 148.3 152.4 151.8 151.8 149.5 135.4 122.3 117.8 112.7 107.2 97.7 120.4 138.3 153.6 167.5 190.2 209.6 220.4 223.6 220.8 216.7 211.8 200.1 184.4 177.7 177.4 179.6 181.7 182.1 186.7 188.7 187.4 186.6 186.9 186.1 183.1 177.2 169.9 166.3 168.1
157.5 138.2 131.9 138.9 153.3 157.2 160.6 164.2 174.7 189.5 204 215 222.5 235.1 247.9 253.6 256.5 261.2 265 267.1 268.8 266.8 267.5 271.7 267.6 259.9 246.1 221.9 197.8 185.2 179.3 174 169.7 167.3 165.3 164.3 161.7 161 160.2 159 159.4 161.8 161.2 162.2 157.9 146.7 130.6 120.4 113.5 108.4 101 107 131.6 148.8 165.8 181.3 198.9 210.1 216.3 216.4 210.8 207.1 201.3 186.4 170.1 165.8 169.5 172.8 175.8 177.3 180.1 181 180.8 181 180.1 178.2 172.3 165 160.9 160.2 165.4
155.2 135.2 127.5 149.7 160.6 166.5 173.3 186.5 198.8 213.8 227.4 235.9 245.8 252.6 258.3 262.3 266.5 270.7 273 274.1 270.1 268.4 269.9 266.6 259.5 249.6 227 201.4 189.6 182.4 177.5 173.2 171.1 169.8 168 165.8 164.5 164.6 165.5 167 169.4 169.2 168 160.9 153.1 139.3 128 118.3 111.1 102.9 98.8 119.5 137 152.6 174.4 193.3 200.4 206.5 208.5 204 199.9 196.6 185.5 172.7 159.1 157.9 162.9 165.6 169.4 171 172.6 173 172.2 173.7 172 167.2 160.8 156.1 155.5 160.1 162.4
156.8 135.9 131.7 152 167.5 180.2 192.1 205.4 217.6 228.6 238.4 247 253.4 257.7 263.8 269.7 272.4 275.9 279.7 278.2 274.7 273.1 270.4 264.6 253.6 234.7 205.7 193.4 186.5 180.8 177.2 174.6 172.9 171 169.3 168 167.2 169.9 175.3 176.2 178.6 175.6 166.5 156 149.6 139.6 126.9 117.1 108.7 97 112.1 128.6 141.5 161.5 183 191.4 194.7 198.6 196.8 191.7 190.4 181.8 169.2 158.1 150.5 150.6 154 158.4 161.4 162.9 164.8 166 165.2 165.4 162.5 157.9 151 151.8 154.9 160.8 162
154.8 134.8 129.6 151.8 162.6 174.5 193.2 201.4 214.4 228.3 239.7 248.4 255.9 263.7 268.2 274.8 277.1 278.6 280.5 281.7 277.6 277.2 272.7 266.7 250.4 224.5 197.8 191.5 185.6 182.9 180 176.6 174.9 173.7 172 172.5 181.3 187.2 187.3 185.9 180.3 170.2 158.5 151 144.4 136.1 126.9 116.6 106.1 101.3 121.4 135.8 146.9 168.1 175.3 180.3 186 187.6 185.5 183.3 176.2 164.9 153.6 145.8 140 140.8 145.5 151.4 155.2 156.8 156.8 157.8 157.9 157.4 154.1 148.3 148.5 152.8 157.1 161 162.4
146.9 127.9 134.5 150.1 157.5 166.5 183.4 191.8 206.1 221.1 233.5 244.9 257.5 266 274.9 279.4 280.4 280.2 280.8 279.2 278.9 277.5 270.3 258.8 242.6 218.4 197 191.7 187.9 185.7 182.5 180 178.8 178.3 182.7 192.9 195.3 197.5 197.6 190.4 175.3 159.8 151.8 146.6 137.6 129.3 123.1 116 106.6 97.3 118.6 134.2 144.2 149.6 152.7 162.2 173.7 176.8 175.6 170.2 160 148.6 140 133.5 132.7 134.8 141.9 148.1 151.6 152.3 151.5 150.5 151.4 149.9 145.9 144.8 148.2 152.9 157 162.3 163
147.5 124.1 131.2 144.7 154.1 163.6 173.8 184 198.9 213.8 227.9 242.3 254.1 264.8 273.1 278.4 283.3 284.1 278.1 276.3 274.5 270.7 263.2 252.2 235.9 212.9 198.5 194.4 190.3 187.2 186.7 185.6 188.7 195.2 201.5 203.7 209.4 206.8 196.8 175.8 162.2 156.8 151.2 148.5 144.4 136.1 126.1 119.4 111 92.4 104.5 118.6 128.4 129.4 132.1 140.5 153.1 162.2 161.4 154.2 144.8 134 127.4 125.1 128.2 133.3 140.2 145.9 148.9 147.3 145.7 144.8 144.5 143.3 143 142.8 147.9 153.9 159.5 164.2 164
147.2 125.3 128.1 140.8 155.1 163.3 169.4 177.4 192.5 207.7 223.9 237.3 250.6 260.7 268.6 274 279.5 276 272.4 271 269.2 265.6 258.2 248 232.9 216.4 204 198.1 194.8 195.1 198.5 203.9 210.7 211.7 214.8 218 213.5 205.3 185.5 169.1 163.4 157.8 154.9 151.4 146.6 138.8 133.1 125.5 114.8 103.9 89.9 98.3 107.6 114.5 120.2 122.9 133.7 141.7 142.5 137.2 129.3 121.5 118.4 121.7 126.3 131.8 138.4 143.5 143.2 139 138.4 138.8 139.1 139.4 139.3 143.4 150.4 157.3 163.8 164.5 163.9
144.2 122.5 126.4 140.9 155.3 159.7 164.1 173.4 187.8 203.5 219.6 233.4 246.5 255.8 263.7 267.4 267.9 266.3 265.3 264.5 264.3 261.2 255.5 247 233.6 220.6 211.5 203.2 206.9 213.2 221 226 227.3 226.2 228.1 221.1 208.8 191.1 174.2 168.7 164.2 161.3 158.1 154.7 151.2 149.2 145.1 137.2 126.4 117 106.3 95.4 88.4 93.8 106.3 110.9 118.6 123.7 122.6 117.8 113.7 110.5 111.9 117.6 124.7 132.4 137.2 141.1 135.9 131.8 131.9 133.6 133.9 136.3 136.7 142.9 153.5 158.8 161.7 161.4 160.4
140.2 124.1 124.2 136 143.6 151.4 159.4 170.7 186.1 202.1 216.5 229.4 241.5 251.9 258.4 259.2 257.3 256.8 256.1 258.2 259.6 258.2 255.4 249 237.4 228.4 220.1 215.9 226.4 236 242.7 241.3 238.1 237.3 229.9 212.9 193 179.4 173.3 169.6 166.8 164.1 160.8 160 163.5 170.1 163.8 153.5 139 125.7 116.7 107.5 97 87.5 90 100.8 102 103.1 103 102.3 103.4 105.5 108.5 114.8 123.7 131.5 139.3 140.4 129.2 128.1 127.9 127.3 128.5 132.1 134.2 142.3 149.9 154.8 155.9 154.8 154.8
140.5 125.5 119.8 126.6 135.7 146.8 156.5 168.9 184 196.8 211.7 224.8 235.8 243.7 247 247 246.7 246.6 247.6 252.6 255.6 255.8 255.8 251.7 244.7 237.8 234.9 238.4 245.8 252 250.5 247.8 244.4 238.2 224.6 201.6 183.1 179 174.7 171.2 170.1 167.7 169.2 181.5 192.9 191.1 183.2 170.6 156.2 139.5 126.9 115.3 102.8 92 86.6 91.6 90.5 89.8 92.9 96.9 99.7 102.5 106.4 115.8 129.1 139 141.9 132.9 125.1 125.2 124.6 124.6 125.3 126 136.3 142.7 144.5 147.1 149.5 150.4 149.8
146.3 133.4 119.4 121.6 125.9 141.8 151.6 162.7 177.1 192.3 206.3 218.2 227.6 233.7 234.4 236.1 235.8 239.9 244.1 248 250.8 253.5 255.2 254.6 253.1 252.7 253.4 256 257.5 254.9 252.5 249.4 249.9 242.9 220.4 192.9 184 178.1 177.7 176.2 175.5 177.5 192.1 209.7 211.6 208.4 199.1 190.5 172.2 148.6 133.7 120.1 107.4 91.9 86.3 84.3 83.9 84.1 91.3 93.9 97.1 101.6 112.2 129.1 141.1 145.4 137.4 125 121.4 121.9 121.6 121.2 121.5 124.3 132.8 136 138.6 142.2 143.1 144 144.2
147.7 141.9 128.3 118.1 128.9 143.2 150 156.7 170.7 185.7 201.5 212.1 219.5 222.1 223.4 226.3 230.8 235.8 239.2 242 246.5 251.3 254.8 257 259.6 261.3 262 264 259.7 253.8 253.1 259.8 256.1 244.5 217.5 194.2 187.9 184.8 186.8 189.1 191.3 205 220.5 231 230.6 224.6 218.1 203.1 180.9 154.7 139.4 124.5 109 97.7 88.6 83.7 82.3 82.1 84.7 90.2 95.5 105.8 123.7 142.7 150 145.8 131.8 118.5 117.4 118.9 119.6 117.2 116.5 120.1 122 124.3 129.7 133.3 134.8 139.9 141
147.6 143.7 135 116.4 130.4 147.1 153.5 160.2 168.8 181.9 197.5 205 210 211.9 214.3 221.6 227.9 230.7 233.6 238.7 245.2 249.9 254.7 259.6 263.3 265.9 267.9 264.4 255.1 256.8 265.4 262.6 257 246.6 216 200 195.4 199.4 207.2 214.3 219.5 234.8 250 247.4 246 240.2 228.7 208.7 183.2 161.5 143.8 129.1 113.9 102.5 92.4 86 82.8 80.5 82.4 87.9 97.2 111 133.7 153.5 154.8 145.5 131 115.1 112.6 112.5 116.4 111.4 118.2 112.9 115.9 120.3 121.5 124.3 128.6 133 133.7
