Assets/StreamingAssets/GeoData/Data/sn/SN86.asc
ncols 200
nrows 200
xllcorner 280000
yllcorner 260000
cellsize 50
[rows 0 to 34 of 200, columns 78 to 155 of 200]
507.7 507.6 507.5 506.8 504.9 499 495.3 493.8 493.8 493.8 493.8 493.7 491.8 494.9 500.9 497.5 487.5 479.8 483.2 487.2 491.6 497.5 502.3 501.1 492 481.2 464.5 457.9 446.1 448.4 450.8 452.3 453.3 460.1 471.3 480.5 486 491.6 496.6 499.5 501.1 503.7 506 504.2 499.8 498.1 496.5 495.5 493.9 491.2 481.9 471 470.2 470.1 467.6 458.8 459.9 457.3 447.4 432 424.9 439.3 453.8 462.5 469.6 474.5 478.1 481.5 483.7 485.5 486.6 486.1 484.8 481.1 476.2 472.7 470.9 462.3
504 503.3 503.6 502.4 502.2 497.8 494.3 493.8 493.8 493.8 493.8 503 499.9 508.3 508.7 500.6 490.8 489 491.3 492.2 497.9 502.6 506.3 500.2 492 473.7 465.9 455.2 449.6 452.2 453.5 455.3 460.4 471.7 481.8 488.2 493.9 499.8 503.3 503.6 503.6 505.2 505.1 500.7 497.9 495.7 494.2 493.3 492.1 487.3 472.9 467.8 466.2 465.1 459.5 457.8 459 453.9 446.3 433.6 417.2 428.9 447.3 459.5 467.6 472.9 477.4 481 483 485.2 486.9 486.5 484.9 482.4 479 477.3 474.6 468.6
503.9 501.5 501 500.9 500.4 495.7 494 493.8 493.8 493.8 507.6 513.7 513.5 513.5 508.4 501.8 495.2 499.7 497.7 498.5 502.6 506.4 505.6 500.7 488.2 475.5 468.4 452.2 454.6 456 457.2 459.1 470.2 483.1 491.8 497.2 502.4 506.9 508.3 506.1 507.1 506.8 501.4 497.7 495.5 492.8 491.6 490.6 488 480.1 469.4 464.9 461.5 457.3 454.9 457.3 456 450.2 440.2 427.1 412.4 420.9 438.5 454.1 464.1 470.9 475.7 478.8 481.9 483.8 484.9 484.7 483.6 482.5 481.1 479.5 476.5 473.4
505.5 503.7 502 499.9 498.4 493.9 494.5 493.8 493.8 502.4 517.5 520 520.8 518.2 513.6 505.6 502.5 503.8 502.8 505.5 506.4 506.5 502.4 496.5 484.8 469.1 454 458.6 459.7 459.3 460.3 465 478.5 493.1 498.9 503.2 507.5 510.6 510.7 508.6 508.7 504.2 497.4 493.5 491.1 490.2 489.3 487 482.2 474.7 469 464.7 460.4 454.1 448.2 450.2 450 443.9 430.7 423.9 415.6 414.3 427.2 445.8 459.8 468.4 473.2 476.5 479.6 481.1 481.8 481.3 480.7 480.6 479.9 479.2 477.4 476.2
509.3 509.2 507.3 503.6 501.6 500.7 497.9 493.6 501 517.3 523.4 524.9 523.6 521 517.4 508.8 507.9 508.9 509.3 507.3 507.1 504.5 498.8 487.2 470.5 459.4 464.3 465.6 464.1 462.7 463.8 473.5 489.6 499.9 504 507.9 511.1 512.7 510.7 511.9 508 501.2 493.8 490.1 488.6 487.5 485.7 481.8 476.7 471.5 468.7 463.7 460.5 451.5 442.4 444.7 442.2 432.8 424.5 422.9 419.1 407.1 415.7 435.5 455 464.6 469.9 473.8 476.4 477.4 478.1 477.2 476.9 477.5 477.7 477.5 477.6 477.3
514.1 517.1 510 505.5 504.9 504.4 500.3 503.3 512.4 522.8 528 527.5 525.4 525.8 517.4 514 514.2 515.5 512.1 508.1 505.8 498.4 485.7 472.5 461.2 466.1 468.1 467.9 466.8 465.9 473.3 487.2 499.5 504.5 508.4 512 514.1 512.6 511.9 511.3 505.3 495.7 489.5 486.9 485.7 483.8 481 476.9 472.5 470.1 467 462.5 457.2 449.1 439.6 435 433.1 421.7 419.5 420.7 419 402.3 410.6 428.8 449.6 459.2 465.2 468.6 469.9 471.2 472.4 472.3 472.9 474.1 474.9 476.2 476.6 476.7
518.3 519 511 506.6 507.6 505.3 500.8 511.7 519.2 527 530.9 529.4 527.8 523.5 520.2 519.5 520.7 516.3 509.5 507.7 501.1 491.9 478.1 463.9 466.1 469.4 470.2 470 469.5 470.6 480.7 496 504.4 508.2 511.7 513.8 513.7 512.5 512.8 510.5 499.6 493.9 487.5 484.2 482.4 479.5 476.6 473.1 470.6 467.9 465.1 462.5 456.5 452.1 446.5 433.7 417.5 414.7 415.8 416.9 412 397.9 406.7 423.8 443.3 452.9 458.3 460.1 461.8 462.8 464 466.1 467.8 469 470.7 472.3 472.8 473.5
520.5 519.2 512.6 509.6 507.2 501.6 507 517.4 525.7 532.6 534 534.5 529.3 524.7 523.9 523.6 521.7 516.2 509.3 505.8 495.7 487.4 468.4 464.8 469.7 472 472.3 472.5 472.5 478.4 486.7 500.5 507.1 511 513.2 513.6 513.4 512.8 512.6 509.2 499.4 495.4 487 482.5 479.5 476.5 473.5 470.5 468.4 466.1 463.7 459.3 456.7 454.4 451.1 436.6 419.2 411.2 410.9 409.7 406.8 394.5 403.9 419.2 436.4 446 448.5 450.3 452.2 453.1 455.1 457.8 460.1 462.6 465.6 467.5 469.3 470.1
523.3 521.5 514.1 508 502.7 503.8 511.9 524.2 532.9 536.7 537.1 534.8 528.4 526.4 525.8 523.2 520.8 514.9 509.4 502.6 490.7 476.4 465.2 467 472.1 474.3 474.8 475.5 482.7 492.3 501.7 509 511.4 512.5 514.2 513.7 513.5 513.4 512.6 505.9 500 494.6 486.7 482.8 476.9 473.4 469.8 466.4 465.6 464.2 461.5 456.3 456.3 454.5 449.1 434.5 420.6 417.6 408 401.1 398.6 393.9 401.7 414.6 430.5 436.9 436.2 438.7 441.5 444.6 446.8 449.6 452 455.9 459.3 462.2 464.4 466.5
525 518.8 508.1 503.2 505.8 509.6 517.9 532.6 536.3 538.3 536.7 531.8 529.9 528.4 526.3 525.5 523.8 515.6 508 495.9 482.2 468.2 466.4 470.6 474.4 476.3 477.6 485.6 496.5 505.4 510.4 513.2 513.9 513.8 513.6 512.5 512.5 512.8 509.2 502.1 498.6 490.3 486.8 482.7 477.7 469.6 466 462.5 459.3 459.8 455.9 453.9 454 452.1 445.2 431.4 423.7 421.9 417.6 402.7 389.8 391.9 398.2 407.5 422.9 423.8 422.9 427.1 430.9 433.8 435.4 438.3 443.9 448.8 452.6 455.5 458.4 461.3
522.1 511.7 504.1 504.7 509.4 512.8 527.5 533.7 535.2 536.1 537.5 534.9 532.4 529.7 528.7 530.1 526.8 518.1 511.4 499.8 479.9 467.3 467.7 473.2 476.5 478.8 485.2 497.4 506.8 511.4 514 515.5 515.4 514.2 513.2 511.6 511.4 510 504.3 499.8 495 490.6 487.7 485.2 475.9 466.9 463 459.1 452.9 451.8 451.1 450.7 450.6 447.7 441.2 431.3 430 429.7 422.6 410 397.4 382.5 393.8 401.1 411.9 409.6 411.8 415.7 420.3 422.7 424 427 435.3 440.7 445.3 448.6 451.5 454.9
519.5 508.6 504.6 504.6 506.9 520.5 536.5 529.8 534.9 538.1 536.6 537.1 534 531 533.2 531.6 524.4 520 515.6 498.4 473 468.1 470.8 476.2 478.2 484.5 496.1 506.9 512.1 515.8 517.6 517.3 516.8 515.3 512.5 510.9 509.3 506.3 503 499.3 493.6 490.3 487.7 482.5 470.5 467.5 463.2 458.3 453.8 447.8 441.8 443.7 442.2 439.7 436.2 433.1 432.7 429.5 421.9 411.7 397.9 382.1 387.6 393.2 400.2 403.4 405.9 406.6 409.5 412.5 413.6 418.9 427 433 437.7 441.7 444.9 447.8
512 504.6 504.6 504.6 509.8 521.5 524.3 530.8 538.4 543.2 542.7 537.3 532.6 535.6 534 530 525.4 522.8 516.5 493.5 471.9 470.4 476.7 479.5 485.2 495.8 507.3 513.8 519.4 523.2 522.5 520.7 519.6 516.5 512.3 510.3 508.4 504.6 501.2 496.8 493.2 490.7 485.9 477.4 472.6 469.7 465 460.3 454.3 445 432.4 434 434.8 433.9 432.1 430.6 427.9 424 419.2 409.8 398.5 380.4 382.3 385.3 392.6 399 402.5 401.2 399.7 403.9 403.1 409 418.4 424.6 430.4 435.2 438.5 442
505.4 504.6 504.6 504.6 512.3 520.1 529 534.2 537.4 540.4 537.7 532.6 534.9 534.9 531.4 526.2 525 521.9 510.5 490.6 475.5 477 482.3 487.4 495.6 507.2 515.9 521.4 524.4 526.4 525 524.1 521.4 515.5 512.7 510.3 506.4 501.8 499.4 493.1 491.5 489.1 483.6 476 474 472.1 467.8 462.8 455 445.1 433.9 418.2 424.6 423.8 423.4 422.3 420.7 418.7 415.8 408.5 396.2 380.2 377 379.8 384.7 393.4 395.9 394.9 394 397.6 393.3 398.3 408.7 416.1 423.3 427.7 431.4 434.1
504.6 504.6 504.6 504.6 514.1 522.3 528.5 532.1 532.6 531.2 531.5 532.8 533.2 531.4 526.6 524.1 521.4 517.6 507 494 484.9 484.6 489.2 496.9 507.1 515.3 521 524.6 526.2 527.7 526.6 524.3 518.4 514.4 511.3 507.4 503 498.5 493.9 489.4 487.4 483.9 478.3 475.2 472.6 471.9 468.8 463.5 455 449.5 438.8 416.9 409.9 411.5 411.4 409.7 410.7 409.9 406.9 400.3 387.7 381.7 375.2 375 377.1 385.2 388.7 389.6 388.5 390.6 386.3 389.7 398 408.7 415.2 419.4 422 426.3
504.6 504.6 504.6 508.4 519 524.1 527.6 528.9 528.8 529.2 531.6 531.2 529.7 526.5 523.6 523.2 520.9 516.4 502.2 496.2 494.3 494.2 499 506.9 514.5 521.2 526.1 529 529.1 529.1 527.5 522.8 516.6 512.8 509.3 504 499.5 491.7 487.7 485.2 481.7 476.8 475.1 471.7 470.6 469.9 467.9 461.3 458.9 456 445.5 426.4 407.9 402.1 398.6 395.1 395.6 397 395.8 388.2 384.2 379.6 375.1 369.4 373.4 374.8 381.4 384.6 383.2 384.5 380.6 381.7 389.6 401.3 406.1 410.2 414.5 418.9
504.6 504.6 510.6 516 522.3 528.7 529.1 527.2 524.2 524.2 524.2 524.1 523.3 522.3 522.8 522.1 520.4 515.5 505.1 500.7 500.2 502.1 507.6 513.6 520.9 526.9 530.4 530.9 529.3 529.9 527.2 521.8 514.6 510.5 505.3 500.2 492.4 485.9 482.7 480.2 473.7 469.9 470 467.8 466.6 465.9 464.4 461.6 460.8 458 449.9 438.6 420.9 415.9 406.4 401.4 393.7 385.6 383.9 381.4 379.8 376.1 371.3 366.3 369.6 370.1 371 375.5 379 377.7 374.1 373.6 383.5 391.7 393.9 398.3 406.6 410
507.2 507.6 524.2 524.6 531.8 532.4 526.9 518.5 518.2 518.8 519.2 518.6 518.5 520.6 521.6 523 523.1 517.9 511.7 511.3 508 508.1 513.8 519.4 524.9 529.8 532.3 531.3 531.1 529.3 525.8 518.7 513.4 507.7 500.6 491.9 483 478.4 475.1 470.5 465.3 465.3 466.3 466 463.1 463.2 461.7 462.3 461.4 456.7 451.2 443.7 437 429.2 418.8 418.4 406.6 396.3 384 378 374.8 371.4 365.7 364.2 366.1 366.2 366.2 366.8 367.7 367.1 365.6 367.4 375.6 379.5 380.1 392 397.8 399.6
510.4 523.5 527.5 530.2 532.2 528.6 521.1 514.6 514.7 515 515.2 514.4 516.3 518.5 521.1 523.3 523.6 521.4 520.1 518.5 508.1 511.7 516.8 522.4 527.8 531.3 532.1 532.3 531.1 528.2 523.2 517.4 511.4 501.2 493.4 480.4 475.9 472.7 468.1 462.4 461.5 462.2 463.1 462.4 459.7 460.3 460.9 462.1 458.5 453.8 450.1 444.1 439.4 434.5 428.3 427.7 416.1 411.9 393.5 386.2 379.4 375.5 369.3 363.7 361 363 362 360.4 359.6 356.2 356.9 358.6 363.5 365.3 372.3 383 387.4 388.9
524.9 528.8 530 529.7 527.6 520.3 512.2 509.9 508.5 507.4 508.2 511.5 514 517.4 520.6 521.5 520.2 519.2 517.9 508.9 506.7 513.5 519.4 525 529.8 532.7 531.2 531.3 529.5 525.5 519 513.8 504.4 495.5 485.6 475.2 472.3 468.3 462.4 459.5 457.4 457.9 458.4 454.6 455.3 455.6 455.8 456.1 454 450.5 446.6 442 438.2 434 434.3 427.5 421.7 410.9 396.9 392.9 384.7 373.1 369.1 366.1 361.3 359.3 358.4 357.7 356.4 354.2 353.4 350.8 351.4 354.5 362.5 370.6 374.7 377.8
530.2 532.5 532.9 527.1 519.4 509.4 504.2 500.5 501.8 502.5 506 509.2 511.7 513.6 514.4 513.9 512 511.7 505.8 500.9 507.1 515 521 526.2 529.7 529.6 529.7 529.4 528.1 520.5 514.4 507.2 498.2 492.4 479.3 472.5 469 464.6 460.7 457.5 454.5 452.3 450.1 448.8 449.1 448.5 451 447.8 446.1 446.4 441.1 439 437.6 434.7 431.6 425.3 421.2 406.6 400.5 395.8 379.4 370.7 368.1 362.8 363 363.8 363.5 361.5 361.7 361 359.8 358.2 355.6 349.7 350.2 354.8 360.2 363.2
533.4 537.1 530.7 517.9 508.9 500.2 495.2 493.2 494.5 496.3 498.7 500.9 504.4 506.6 508 505.1 503.8 499 495.4 497.2 505.9 515.7 520.9 525.5 528 526.7 527.8 528.1 525.6 518.4 514.5 504.7 496.3 488 475.9 470.8 467.3 463.4 459.7 456.2 453.2 449.3 443.5 442.2 441.1 443.5 441.1 439.1 439.3 439.6 435.2 435.6 434.7 430.5 426.1 424 413.6 405.2 403.9 385.9 374 366.7 363.7 369.8 375.1 375.8 377.4 377.2 375.9 373.9 370.5 363.3 360.2 355.2 351 345.7 346.7 349.3
538.1 534.3 522.2 508 496.6 486.7 482.9 484.6 484.8 485.9 488.1 491.4 495.2 496 494.5 494.4 492.3 492.2 492.3 495.4 507.3 514.9 519.2 523.1 523.4 524.5 525.6 524.9 521.1 518.3 513.2 504.1 497.4 487.4 474.7 471.3 469 465.2 460.2 456.1 453 451 446.1 437.6 431.5 431 428.7 425.7 429.8 430 429.2 429.3 426.3 423.2 417.6 414.2 405.3 403.9 391.5 373.9 368.7 367.9 375.1 382.3 387.9 390.6 393.8 394.9 392.8 385.2 378.7 371.8 368.4 360.5 356.3 352.3 346.5 342.7
532.5 526.7 513.8 497.9 484.8 477.6 475.8 477.1 477.2 477.5 478.7 482.2 484.8 485.2 482.5 484.6 487 488.5 490 496.1 506.6 512.8 516.9 518.8 518.5 520.3 521.5 521.7 519.5 516.8 511.5 503.7 499.2 488.6 480.2 473.5 470.9 468.4 463.1 457.8 455.8 455.4 447.9 440.9 435.8 423.6 416.1 406.7 414.4 417.7 420.3 420.5 416.9 411.1 410.4 402.3 397.3 389.7 376.7 373.9 374.2 377.9 386 395.6 401 404.9 405.9 403.7 396.1 388.7 381.6 375.9 370.8 364.6 355.8 357.1 355.2 351
524.1 517.2 507.6 495.2 481.8 475.1 472.5 472.4 473 473.6 474.4 475.9 477.5 478.8 480 482.2 483.9 484.9 487.5 495.4 503.9 508.7 512.1 514.3 515.8 518.6 519.3 518.3 515.2 512.2 508.2 504.5 498.5 489.5 483.3 474.8 471.1 468.4 463.8 460.2 458.2 453.3 449 441.4 435.9 433.1 427.6 414.7 397.7 404.7 411.1 408.4 401.5 398.1 394.9 389.1 382.7 374 377.9 379.6 384 390.5 399.9 406.9 412.3 413.4 409.6 402.1 393.3 388.5 380.8 374.3 366.2 363.2 362.4 363.6 362.2 361.1
518.8 511.7 503.2 492.8 479.8 473.6 469.7 469.8 470.5 471.4 472.3 473.4 474.6 475.8 477.6 479.7 480.6 482.2 485.3 492.8 499.4 504.3 507.9 511 514.6 517 517.4 516 512.7 509.6 508 504.7 495.9 489.3 479.7 473.9 470.1 466.4 462.7 461.1 459 453.1 450.8 442.6 439.8 436 429.8 417.8 399.1 396.1 397.8 392.7 388.8 385 380 377.8 382.4 383.5 386.9 392 397.4 406.5 412.1 416.5 419.1 418.2 409.5 399 392 383.1 379 374.7 373.2 374.4 375.1 375.7 373.1 369.5
510.7 502.6 495.2 487.4 481.4 475 469.1 467.7 468.4 469.4 470.3 471.3 472.2 473.4 474.9 477 478.5 480.3 482.7 488.7 495.2 500 504.7 509.1 512 514.4 515.5 515 510.8 509.2 507.8 502.3 494.7 487 479.6 474.2 467.2 463 460.5 459 456.7 450.6 446.9 440.9 439.7 433.5 428.9 417.4 404.1 396.1 386.1 385 382.6 388.5 388.5 389.5 392.5 398 403.1 410.4 413 418.3 422.1 424.5 424.1 420.1 410.7 401 396.4 393.4 388.6 387.9 390.5 389.5 392.4 390 386.6 382.8
500.6 493.2 490.9 488.7 485 479.3 471.8 469.1 465.1 467.4 468.3 469 469.7 471 472.7 474.5 476.3 478.2 480.3 485 491.4 496.5 501.5 505.4 508.9 511.9 513.6 511.7 508.7 509 507.3 497.9 493.8 485.4 478.2 471.5 465.7 460.6 455.9 453.3 448.2 443.6 439.3 436.7 433.9 431.2 423.9 413.7 407 398.3 387.7 391.5 394.4 397.3 401.1 404.8 409.1 412.6 416.6 422.4 425.2 428.3 430.5 429.9 428 424.2 406.1 411.3 406.1 403.5 402.2 404.8 407.1 409.2 409.8 407.1 403.7 402
492 491.2 489.5 486.2 482.6 478.5 477.9 469.4 464.8 465.3 465.9 466.7 467.6 469.3 471.2 473 474.7 476.3 478.6 483 488.4 493.6 498.6 502.9 506.6 509.5 509.5 507.3 507.6 508.5 504.4 496.5 494.3 485.7 479.6 475 467.9 460.8 457.1 448.1 442.9 440.4 437.4 434.9 429.1 423.8 416 410.3 403.7 392.6 398.2 397.5 404 408.5 411.8 416.8 423.5 427.3 431.4 435.4 435.9 436.9 436.6 433.3 430.1 417.6 421 422.8 419.3 417.4 420.6 423.1 425 427.8 428.6 429.4 425.2 421.8
489.9 488.9 487.3 485.4 483.8 483.4 478.5 467.1 464.6 461.8 463.4 464.7 466.3 467.9 469.7 471.4 473 474.5 477 481.7 486.7 491.8 497 502.1 505.8 508.5 503.8 504.2 506.5 507.6 500.3 496.6 493.8 491.7 488.2 480.9 467.1 460.9 454.3 446.8 442 437.9 434.7 431.6 422.8 413.8 408 401 399.3 402.4 405.4 405.8 414.6 420.9 423.1 429.9 434.8 439.8 446 444.8 446.1 445.8 441.6 435.2 427.8 430 431.2 431.5 431.4 434.5 441.2 443.6 446.8 450.1 449.7 447.7 446.6 441.4
489.7 488.3 488 486.9 485.4 482.1 470.6 466 461.9 459.8 461.8 463.7 464.9 466.5 468.1 469.4 470.8 473.2 477.4 481.7 485.8 492.3 498.8 503.7 505.4 506.1 500.7 502.8 506.2 506.4 500.2 498.2 496 495.6 492.3 478 466.4 465.2 455.9 446.9 440.3 436.4 431.1 423.1 412.9 413 412.9 409.1 410.9 415.6 421.1 420.6 414.7 430.4 434.1 440.6 445.4 451.3 451.3 452.9 452.1 450.7 444.8 437.6 436.3 435 435.6 437.9 445.8 452.7 457.6 459.6 461.8 463.4 461.8 459.6 457.7 455.2
488.1 486.5 485.4 483.4 481.5 472.7 466.8 463.7 460 456.7 461.2 462.7 463.7 464.8 465.6 466.4 469.2 473.4 478.1 482.8 488.3 494.3 499.3 502.4 503.9 499.6 500.4 502.8 505.5 504.2 500.6 498.1 498 497.7 488.9 471.3 468.1 464.7 453.8 445.5 438.4 430 421.4 414.5 420.6 421.7 421 422.4 426.6 430.8 433.8 434 425.1 437 444.8 451.4 456.6 458.5 457.8 459.5 458.7 457.2 449.8 443 440.8 440.1 443.2 453.2 460.9 465.6 468.5 470.1 470.9 470.4 468.9 467.8 464.5 461.3
486.8 485.7 483.9 480.3 474.7 466.3 462.4 459.8 457.6 457.5 459.7 461.3 461.9 462.8 462.5 464.7 468.9 474.2 478.7 483.5 489 494.5 498.8 501.8 500.5 500.1 501.2 503.4 505.1 501.6 499 499.6 499.4 495.8 483.2 473.1 468 460 454 451.2 445.2 438.7 433.6 422.7 429 431.4 433.7 437.6 441.7 444.7 445.6 445.2 434.8 449.7 455.3 459.9 462.2 461.5 463.3 464.8 462.2 461.9 451 448.9 446.8 447.5 457.3 466.9 471.7 474.5 476.2 477 476.6 474.9 473.3 470.4 466.9 463.3
489.7 489.1 485.1 476.8 466.5 461.7 459.5 457.3 454 456.5 458 458.9 459.6 460 460.4 464.1 468.6 474.5 479.2 483 489.4 494.2 498.5 501.1 498.1 499.7 501.8 504.9 503.6 500.5 500.2 501.5 500.5 494.5 484.2 477.8 472 468.4 465.5 463.9 456.5 452.8 442.8 434.1 440.1 444.3 449.3 455.6 461.2 465 463.7 460.4 451.7 458.2 461.6 464.5 466.2 466.6 470.8 470.4 468.3 461.7 457.5 455.5 454.9 460.8 471.4 476.9 479.9 481.2 482.1 481.4 479.6 477.7 475.7 472.3 468.7 465.2
491.2 490.4 486.2 478 464.2 459.1 457.6 455.6 454.7 455.5 455.2 456.2 457.1 456.4 459.5 463.4 468 474.4 478.5 483.4 488.4 492.7 495.9 497.1 494.2 498.1 499.9 502.2 501.8 500.9 504.7 505.5 503.5 496.1 489.5 485.4 480.5 477.3 475.2 473.6 471.3 462.2 446.7 449.5 459.3 464.8 470.2 476.8 481.3 481.5 480.7 476.8 467.1 470.9 470.5 473.9 476.1 479.8 480.3 479.4 470.9 464.7 465.5 464.2 466.5 475.9 482.1 485.2 486.2 487.1 486.6 484.2 481.5 479.5 477.4 474.7 470.2 465.6
