Assets/StreamingAssets/GeoData/Data/sn/SN87.asc
ncols 200
nrows 200
xllcorner 280000
yllcorner 270000
cellsize 50
[rows 35 to 69 of 200, columns 0 to 77 of 200]
466 467.7 471 475.2 477.1 473.1 470.6 473.6 472.4 470.3 462.2 458.8 458.6 459.1 460.7 467.2 469.9 463.4 460 460.3 460.4 460 460.7 461.7 460.9 462.2 462.5 462 462.5 462.5 462.3 462.5 462.7 463.2 463.3 464.1 468.5 469.7 470.9 470.7 468.1 467.6 465.5 463.4 460.3 458 459 460.7 462 463 463.4 463.9 464 464.8 466 470.7 479.5 482.6 490.9 496.4 489.8 481.6 472.6 468.9 470.6 469.3 458.5 448.2 445.5 441.6 439.3 435.7 434.5 441.5 430.6 435.3 429.7 425.8
472.8 474.9 478.5 490.2 490 481.5 481.9 485.7 480.9 476.8 467.4 462.8 460.8 460.8 462.6 472.2 475.9 469.3 461 461.6 461.3 461.4 461.9 462 460.9 462.4 462.8 462.3 462.3 462.7 463.4 464 463.9 463.8 463.7 472.5 474.8 479.5 474.9 475.5 472.2 469.5 464.8 463 461 456.3 458.5 459.5 460.8 460.8 461.6 461.9 462.1 462.1 461.4 463.5 467.2 474.9 485.8 490.4 477.8 470.9 468.3 466.6 465.7 462.5 453.9 449.2 447.8 445 444.3 443.1 445.8 448.2 438 440 435.6 429.8
478.1 481 487.5 498.7 498.5 488.9 491.2 494.5 491.7 482.3 477.1 469.9 464 464.1 469.7 479.2 481.8 476.3 466.1 461.9 462.1 462.6 463.5 463.9 462.5 461.3 463 464 463.3 464.6 466.3 465.6 465.3 468.6 470.8 481.6 482.8 485.6 483.1 479.3 475.5 470.3 465.7 462.9 459.5 457.5 457.4 458.5 458.8 459.3 460.3 459.9 459.8 459.9 459.1 458.6 460.4 464.6 473.2 477.4 466.6 463.9 462.4 462.4 462 460.9 453.7 454.4 456.3 452.3 448.8 452.2 454 454.1 445.4 443.2 439.1 434.5
481.5 487.1 498.9 505.9 499.2 493.9 504.2 500.8 500.5 487.5 483 473.2 468.6 472 474.3 486.4 487.1 485.2 484.3 468.1 464.4 466.1 467.7 469 468.5 466.2 470 475.6 472.1 475.1 474.7 475.4 470.2 476.8 478.1 488.5 487.6 487.8 486.4 485 477.6 474 468.4 462.9 459.1 457.9 455.3 457.2 457.6 457.5 458.5 457.8 457.4 457.5 455.7 455.3 457 457.7 459.8 461.4 458.5 458.3 458.6 459.8 460 460 460.1 463.1 465.9 455.3 461.7 459.5 463.6 461.9 452.2 446.6 444.4 437
486.5 492.8 508.2 513.2 505.9 506.7 514 505.5 503.1 494.5 489.5 481.8 475.9 478.6 484.4 494.5 494.3 493.1 490.7 475.3 474.9 473.2 472.4 473.6 471.3 476.6 483.9 485.2 489.1 485.5 482.2 483.9 479.6 485.9 485.7 496.5 493.5 493.7 492.1 485.8 479.9 472.7 468.5 462.5 459.9 460.2 457.5 454.5 455.4 454.4 453.1 453 453.5 453.5 451.6 451.6 453.7 454.3 453.9 453.2 454.5 454.7 455.7 457.2 460.3 465 468.4 473.6 473.1 462.7 470.5 469.6 469.1 469.4 456.6 455.3 451.6 441.7
491.5 499.4 513.1 514 511.6 517.8 514.6 506.9 507.3 504.4 494.9 489.2 484.4 485.9 496.3 501.3 500.3 496.5 493 479.5 481.5 481.1 482.4 482 482.9 486.7 491.4 493.8 496.5 496.9 492.5 493.9 491.5 495.6 497.5 506.6 499.8 498.5 496.4 484.4 479.9 475.9 473.3 467.3 467.8 465.8 461.7 458 456.1 455.3 454.3 451.9 448.8 445.3 445.8 447.2 448.2 450.1 451 451.3 452.1 452.9 453.6 455.3 455.4 459.9 471.3 472.8 474.2 471.8 477 474.9 473.6 472.6 461.6 464.8 459.1 446.6
494.4 504.3 515.5 516.2 519 522.8 515.3 509.8 510.7 501.3 502 493.9 487.9 494.2 505.8 507.1 502.7 500.2 497.5 492 488.3 488 490.9 491.6 489.3 493.8 497.4 503.8 504.6 505.3 503.5 503.2 498.6 501.1 506.9 510.7 505.6 501.1 497.9 485.8 484.8 489.3 482.2 473 477.4 478.9 473.1 466 464.2 461.6 460.6 460.5 459.1 446.4 443 442.6 443.4 445.4 448.3 449.2 450.3 451.5 452.4 452.7 452.3 451.1 459.8 474.7 477.5 477 477 478.3 475.1 470.6 465.6 469.1 465.5 449.1
500.6 510.7 518.6 521.1 526.2 525.8 518 515.8 512.7 512 505.9 497.5 495 501.5 512 515.7 509.1 508.6 507.8 499.9 493.7 493 494.6 498.4 500.9 504.9 505.9 512.5 510.6 517.8 516 507.8 507.2 512.4 515.1 510.7 507 503.3 497.8 489.6 494.5 496.8 491.8 481.8 486.8 489.8 490.8 492.1 488.4 474.4 469.7 476.2 470.5 451.1 442.7 441.3 441.2 441.2 443.4 446.3 447.7 449.2 450.1 449.8 449 448.3 449 461.1 472.3 474.2 476 476.1 474.4 470.4 471 471.3 465.3 446.5
509 520.7 529.2 524.5 530.6 526.5 520.7 520.7 511.7 509 505.2 502.9 502.6 509 518.9 523.2 513.8 513.5 513.5 501 497.5 498.3 500 506.9 514.6 514.3 511.7 514.5 516.5 522.6 518.1 516.9 518.1 522.4 518.4 511.9 510.7 504.9 496.7 495.5 501.2 503.1 500.2 491 497.1 500.9 505.5 506.6 502.1 490 482.8 485.7 479.6 463.2 446.9 442.9 440.7 439.8 438.5 440.9 443.8 445.7 447.2 447.4 446.5 445.8 444.5 447.2 458.3 467.7 470.4 471.5 471.9 470.8 471.2 469.9 464.3 449
515.9 527.6 529.4 526.6 528 527.1 523.2 524.2 511.1 508.1 510 507.2 507.8 516.1 524.9 527.3 518 518.5 515.5 504.2 501.2 503.7 504.2 512.8 515.7 516.6 518.2 518.3 520 524.8 523.3 523.1 528.3 526.3 518.8 513.7 510.2 506.5 501.7 502.6 508.5 509.2 507 504.6 510 512.3 516 512.7 506.3 496 490.9 493.1 486.6 472.2 450.6 447.4 448.3 445.8 440.3 436.9 438.2 441.2 442.5 444.3 444.3 443.2 441.4 440.7 444 450.4 458.8 462.9 466.4 469.9 469.8 466.7 459.5 453.1
518 528.5 529.2 529.1 529.9 530.6 527 523.1 510.8 509.6 512.3 514.8 517.1 524.2 528.1 530 521.6 522.6 517 506.7 504.9 505 506.5 512.3 516 519.4 520.2 521.9 529.1 525.8 527.6 527.9 534.4 533 521.3 517.2 515.1 508.6 508.7 512.8 517.7 515.6 511.8 517.3 518.7 519.9 520.8 516.2 505.6 498.1 498.5 501.8 494.2 475.7 453.8 454.5 460.2 455 447.3 436.3 436.5 437.1 437.5 440 441.4 440.7 439.7 438.2 437.2 439.1 443.5 447.6 453.1 461.8 463.6 462.2 461.5 455.3
525.2 533.2 530.9 530.5 532.9 529.6 526.7 524 512.1 511.5 514.7 517.3 520.8 528 529.4 529.5 523.6 524 517.1 510.6 507.8 505.5 507.6 513.5 517.8 521 525.6 528.7 533.9 528.1 531.8 536.7 535.4 533.3 527 523.1 519.2 516.1 518.3 522.3 525 524.2 522.1 521.4 525.2 527.9 528.9 525.1 516.1 505.5 505.8 506.3 498.5 480.4 466.1 472.5 474.9 468.2 456.1 440.4 434.7 434.6 434.4 434.8 437.4 438.2 438 436.4 434.6 433.4 431.8 431.8 437.6 445.8 450.8 457 456.3 450.7
530.4 536.1 533.6 533.1 537.5 530.8 527.7 526.1 512.4 513.8 517 519.8 524.2 530.1 530.8 530.4 525.1 525.5 519.1 514.4 509.5 508 509.9 516.9 522.2 523.6 526.9 531.8 533.2 531 537.7 543.2 538.7 535.6 534.1 527.8 523.2 523.6 527.4 530.5 532.5 531.3 529.5 524.7 531 535.7 536.4 534 524.4 514.1 513.7 509.3 501.8 487.3 477 479.4 478.4 477.5 466.8 441.8 436.6 437.4 434.2 432 434 435 434.9 433.9 431.6 428.6 428.1 425 423.9 428.3 434.6 441.8 445.6 441.7
535 539.9 537.6 537.9 540.4 530.7 526.2 521.4 512.7 516.5 519.4 522.5 525.7 530.3 532 532.7 527.8 525.1 520.7 514.8 511.9 512.5 515.9 520.1 521.9 524 527.3 533.4 532.2 534.1 540.3 546.1 540.4 539.8 535 530.1 529.3 529.5 532.9 536.8 538.3 537.2 535.8 529.7 535.1 540.5 541.4 537.9 532.1 520.7 517.7 511.5 506.4 493.7 483.4 484.3 483.4 480.1 469.3 440.2 443.9 443.8 439.9 435.8 431.1 431.7 430.9 429.3 427.2 425.4 423.3 420.6 413.7 413.7 419.1 424.3 428.5 428.1
542.2 546.9 546.6 540.7 538.3 531.4 526.2 520.5 517.2 520.5 523.3 523.9 527.3 532.2 535.1 535.8 531.9 530.2 522.2 516 515.2 516.2 518.2 520.6 522.9 524.6 532.1 535.6 535.8 537.1 544.2 546.7 541.3 536.9 533.6 533.5 534.3 535.2 539 541.5 541.7 541.1 537.5 531.5 537.8 542.8 544.3 540.5 537.5 529.7 523.4 516.9 511.6 505.1 498.7 491.5 488.1 480.9 466.3 445.2 455 453.5 451.2 446.2 434.6 436.7 436.9 434.5 427.1 422.8 418 416.1 413.2 407.9 402.1 408.1 413 413.6
548.9 550.7 550.1 544.4 538.3 538.3 530.1 525.8 526 527.9 529 527.2 530.7 535 536.2 536.4 533.7 533.2 523.3 516.8 516.3 518.5 520.3 522 525.3 527.2 531.9 535.6 536.9 541.7 545.3 541.6 539.6 537.7 535.7 538 539.6 541.8 544.7 545.6 544.2 542 538.5 534.7 539.3 542.4 545.3 544 541.4 533.2 525.4 520.7 515 509.7 505.1 498.6 490.9 480.4 460.5 457.3 466 460.4 464.4 458.2 449.3 444.5 446.1 446.5 433.4 427.4 420.9 421.5 419.8 415.6 408.3 401.4 409 409.4
554 555 558.4 549.8 546.7 543.3 537.9 532.6 538.1 540.1 536.9 531.3 531.9 539.5 538.1 537.3 536.2 535.5 524.6 520.2 519.6 522.3 523 525.7 528.5 529.9 535.5 536.9 538.7 543.9 545.6 542.5 541.2 541.2 541 543.3 545.6 548.6 550.3 548.4 549.1 545.5 539.8 536.4 541 543.6 547.4 545.9 541.6 529.6 525.8 524.1 518.1 511.4 506.8 501.4 493 478.1 465.5 470.3 474.1 471 473.6 465.8 458.3 454.8 454.3 448 437.5 437 428.3 438.6 422.8 422.2 416.4 400.1 399 403
562.6 568.4 566.1 555.4 554.1 549.5 544.1 541 543.5 543.5 540.5 535.9 536.7 539 540.4 539.5 540 540.3 531.7 527.8 527.1 527.6 526.1 527.6 530.9 532 536.7 538 538.9 544.3 549.1 547.2 544.6 544.7 545.1 549.1 553.2 553.3 553 552 553.8 551.2 542.7 541.8 542.8 545.9 548.2 545.2 540.2 528.7 527.5 522.7 520.3 517.5 510.5 505.2 497 482.4 477.6 486.8 480.6 479 481.5 470.6 463.8 464.9 461.2 449.4 445.6 448.3 447.2 447.9 430.2 427.6 427.3 419.2 402.3 391.4
574.8 579 572.7 562.1 561.5 553.1 548.2 546.4 546.1 544.7 545.2 542.4 539.7 543.8 543.9 544.9 548.7 547.1 537.6 533.6 530.2 530.5 527.9 530.3 532.7 534.6 539.5 538.1 541.1 547.9 551.3 550.2 551.2 549.5 550.2 556.7 558 559.1 557.7 557.5 556.8 553 546.4 543.1 544.2 546.7 546.5 544.5 533.4 529.9 527.4 525.1 523.4 520.7 516.2 508.1 500.7 487.7 493.6 492.4 486.6 484.4 488.9 474.7 473 475.4 469.7 456.8 454 456.1 458.7 453.2 448.3 435.5 439.1 433.5 413.1 414.4
581.1 583.3 577.1 567.5 563.5 556.4 556.1 550.5 552.5 551.3 552.9 547.9 546.8 549.4 550.1 552.1 553.9 552 545.6 538.5 535.6 532.3 529.4 533.2 535.1 538.2 541.5 540.5 546.4 548.7 553.8 552.1 554.8 552.7 556.5 561.4 562.5 564 562.3 560.3 558.4 554 546.8 545.7 545.9 547.7 545.1 542.1 534.3 532.6 530.2 525.1 524.7 522.6 518.4 511.1 503.3 497.7 498 491.8 489.5 492.2 488.2 483 479 478 477.4 467.2 464.4 464.3 464 459.1 458.4 442.9 447 439.6 423.4 424.8
586.6 587.7 578.5 571 570.3 561.9 561.7 557.4 560.2 561.8 559 552.9 551.6 552.2 554 557.8 559.2 556.7 555.1 549.7 546.8 532.9 536.4 539.3 542.4 545.3 541.8 543.9 547.8 550.2 553.7 555.6 557.2 560.9 564.1 563.4 565.6 564.8 565.3 561.8 558.3 554.6 548.8 547.5 548.2 550.5 545.4 539.5 535.1 531.9 531.9 526.6 526.2 523.2 518.3 510.5 505.7 501.6 496 492.2 493.5 492.2 488.9 484 481.6 480.4 485 477.4 473.3 469.7 466.2 464.1 462.3 450.5 448.7 443 437.1 436.9
589.8 590.5 583.3 578.1 574.3 566.5 564.4 562.1 565.6 567 563.2 559.9 555.2 555.2 557.9 563.1 567.4 559.8 561.5 559.2 552.8 543.9 544.4 546 546.7 549.2 543 548.2 553.1 555.4 558.2 563.3 563.8 565.5 564.6 567.4 567.7 565.5 565.7 561.5 557.9 555 550 549 550.4 551.7 546.8 538.8 535.6 535.9 531.4 527.2 526.9 520.7 514.3 509.1 506.4 503.4 496.5 493.9 493.2 491.9 489.1 488.5 487.9 490.1 492.4 486.3 477.7 474.7 471 468.7 465.7 460.6 456.4 451.4 448.1 445.7
595.2 592.4 582.7 578.3 577 570.5 568.3 570.4 569.4 565.2 564.6 561.4 557.5 559.7 564.8 568.2 569.9 564.1 565.8 566.7 561.2 549.9 546.5 554.3 550 549.8 550 555.9 561.1 559.6 562.9 567.6 567.4 566.7 567.1 570.2 567.8 565.4 565.4 561.9 554.2 555.1 548.6 550.7 551.7 551.8 547.1 540.5 539.9 539.4 531.7 528.9 525.3 516.3 511.8 509 505.7 503.2 499.9 495.3 492 490.3 488.8 490.7 492.5 493.5 493.6 491.9 487.7 479.7 474.6 472.4 470.1 466.7 462.8 459.6 456.1 449.9
597.2 591.8 581.6 579.1 577.7 573.5 572.4 572.9 571 563.9 562.6 565.8 563.5 563.1 568.1 567.7 572.4 569.8 570.9 571.4 560.7 549.5 550.9 554.9 556.2 555.6 560.6 563 566.3 565.1 565.5 567.4 567 567.7 567.4 569.8 564.6 562 562.6 556.6 551.9 551.6 547 550.6 552.5 554 550 543.5 542.6 542.6 533.1 526.4 523.3 514.9 510.6 507.1 505.1 503.7 502.6 496.1 492.5 491.9 492.3 493.4 493.6 494.8 494.3 493.6 490.5 481.8 477.6 475.9 474 471.9 468.5 463.1 458.9 452.1
594.5 588.3 583 579.5 578.4 575.3 576.6 575.7 570.4 562 564.6 566.8 563 563.5 568.5 569.4 571.5 571.7 571.8 573 561.6 552.4 553.5 559.4 561.1 562.2 568.5 565.4 564.9 565 565.9 567.3 567.7 568 566.9 567.1 563 559.2 555.5 550.4 548.6 546.3 549.8 551.5 551.4 548.9 547.3 545.6 543.8 538 531.2 527.2 523.5 515.5 510.2 503.8 501.7 500.8 498.8 495.1 494.3 492.6 491.9 490.9 491.5 493.3 492.9 490.9 488.5 482.5 478.8 477 477.5 476.1 471.7 465.3 459.7 452.1
591.3 584.3 577 576.1 579.8 578 578.5 570.9 566.6 559.9 563.6 563.9 562 565.6 570.7 566.5 567.9 570.4 572.5 573.5 563.9 555.9 559.7 564.7 566.9 569.6 569.7 567 568.2 566.6 567.4 567.6 564.4 564.5 565 563.9 558.2 554.5 550.1 547.8 547 547.8 549.6 552.2 547.7 545.4 543.5 543 542 535 530.8 527.8 520.6 514.8 506.4 498.9 495.4 494.4 492.9 492.4 492.7 489.6 487.1 488.1 488.8 490.5 487.7 484.5 482.6 481.7 478 474.3 478 475.1 470.9 464.9 458.4 451.2
583 576.6 574.6 578.8 586.1 583.4 574.4 569.8 560.1 558.5 562.8 561.6 561.8 566 572.2 566 568.1 573.4 572.9 573.2 563.4 561.8 568.4 571 570.3 570.2 569.8 566.6 566 567.1 568.7 568 564.7 563.3 562.4 558.8 554.1 549.2 546.8 546.1 543.8 544.7 544.8 544.4 543.4 542 541.4 540.5 540 533.5 531.7 528.2 518.8 511.1 498.3 491.4 488.7 490 488.3 487.1 485.1 484.6 483 483.1 484.2 484.7 480.1 476.3 475.8 475.4 471.4 469 470.6 471.9 467 460.9 454.4 449.6
578.7 570.4 576.9 578.9 586.1 580.2 578.1 570.7 559 558 561.1 563 562.8 566.3 569.7 566.3 570.4 575.6 571.9 573.4 564.7 565.3 572.6 574.2 571 571.6 569.9 566.7 565.4 566.8 570 568.6 563.9 562.1 558.5 554.3 549.5 546.9 544.1 541.6 541.3 541.4 542.3 542.1 543.3 541.2 539.5 539.9 537.5 533.8 529.3 522.6 512.9 504.6 489.1 485.3 483.2 484.4 483.5 480.9 479.2 479.3 478.5 478.1 478.1 475.1 467.2 468.1 466.9 464.4 461.3 457.6 459.5 467.8 463.6 458.1 456.1 451.2
570.4 568.2 570.7 575.3 582.8 575.7 574.8 560.1 556.3 556.8 559.1 561.9 563.4 567.5 569.3 566.2 573 569.2 570.7 567.8 564.3 565.9 572.2 574.4 568.4 568.7 568.1 568.8 565.7 571.3 570.5 566.4 564 561 557.4 549.7 546.1 542.5 537.9 538.6 538.5 540.4 541.5 542.4 543.4 538.5 537 537.7 536.2 529 522.3 513.5 501.5 488.7 485.1 480.6 479.1 478.7 478.7 478.3 475.9 473.2 471.8 471.9 467.2 457.8 451.7 453.9 453.7 452.5 449.8 444.9 452.6 458.2 459.5 457.5 454.4 444.5
561.2 566.2 567.5 573.1 578.8 570 569.6 549.9 553.1 556.5 557.6 556 560.7 567.1 564.8 568.2 567.5 565.3 566.2 563.4 563.4 561.7 567.5 570.7 563.7 565.9 567.1 568.7 567 569.8 568.6 564.7 562.6 561.7 555.6 544.6 539.6 536.7 535.1 536.2 536.8 537.2 538.8 538.1 536.9 535.7 533.9 536 531.4 522.8 512.4 500.4 489.8 486.6 484 481.6 479.8 478.2 475.4 473 473.4 466.3 456.2 456.1 456.6 443.8 438.3 437.5 437.8 435.6 431.5 434 439.2 445.4 449 448.2 445.5 438.6
557.6 563.9 565 571.9 571.8 564 563.1 548.7 550.5 554.5 556.5 553.5 560.9 562.2 563.3 568.3 563.5 561.5 562 561.9 556.6 555 560.3 560.1 562.5 566.3 570.2 564.5 564.3 565.4 566.4 562.2 562.6 560.8 553.4 543 535.8 532.3 532 532.7 533.1 533.9 533.4 533.9 534.7 532.6 533.7 532.4 525.1 517.3 504.5 494.5 490.3 488.9 486.5 483 481.6 479.5 477.5 476.5 475.3 473.1 466.8 457.5 434 430 429 422.8 424 425 421.9 423 425.3 430.1 435.1 434.4 436.2 434.3
557.1 561.8 565.3 567.6 563.8 560.9 553.8 548.4 546.6 551.6 554.4 552.5 556.5 559.9 562 563.8 559.3 559 558.9 556.3 548.3 551.9 554.8 556.8 559.3 562.8 565.7 562.5 562.6 563.8 563.3 560.7 562.9 559.4 556.8 541.1 531.6 528.8 529.1 529 528.9 529.3 529.8 531 532 527.1 530 528.5 518.3 511.7 501.4 495.5 494.7 491.3 489.4 484.5 481.4 479.7 478.6 476.9 474.6 474.5 467.5 447.5 433.6 417.3 418.2 417.5 416.7 415.9 416.2 417.6 420.5 425.6 427.2 428.1 428.4 427.5
555.8 560.4 565.7 563.7 555.7 551.9 549.2 549.2 542.5 548.3 549.9 549 556.8 555.7 553.1 554.1 556 554.2 550.3 544.6 543.8 547.7 550.1 550.9 553.6 558.9 560.9 560.6 560.5 562 559.1 561.7 560.3 559.3 554.3 540.5 528.7 527.4 527 526.4 526.9 526.8 526.9 527.5 525.6 525.5 526.3 526.4 517.1 508.9 504 500 496.6 492.9 491.3 486.5 482.3 480.6 479.2 477.7 477 474.7 467 441.4 429.4 418.1 401.8 410.8 410.7 411.2 412.2 413.9 416.7 423 424.8 425.9 424.9 423.5
555.2 560 562.1 558.3 551 547 549.1 544.9 539.3 542.1 543.8 549.3 555.4 548.3 546.5 552.5 544.6 549 546.9 539.9 540.4 543.8 544.2 544.1 549.3 555.1 556.6 558.3 557.3 555.2 554.2 557.8 556 552.4 547.8 541 527.2 526.1 525.4 524.6 524.7 524.5 524.2 523.6 523 522.3 524.3 523.7 516.1 508.1 506.9 502.2 496.3 494.1 493.3 487 485.3 481.2 478.9 477.7 476.2 477.4 461.1 438.5 424.2 415.9 407.9 403.2 407 407.9 409.1 411.8 415.3 421.7 424.5 425.2 423.9 422.7
555.8 556.5 556.6 549.7 545.5 544.3 543.6 535.7 531.3 536.1 540.4 547.8 547.2 541.4 543 550.6 538.4 543.6 544.8 537.3 538.6 539.8 539.3 539.1 543.5 552.9 555 555.2 551.8 553.4 551.2 554 552.8 549.9 543.9 538.8 526.1 525.8 524.2 523.3 522.6 522.2 522.4 521.6 521.3 521.9 520.3 514.3 507.7 508 505.8 500.7 499.6 496.8 494.3 493.8 490.7 479.4 477.8 478.2 479.7 475.2 450.9 432 424.5 409.1 401.5 402.2 402.4 405 407.5 409.3 418.8 427.9 426.1 424.7 423.6 420.9
