Assets/StreamingAssets/GeoData/Data/sn/SN93.asc
ncols 200
nrows 200
xllcorner 290000
yllcorner 230000
cellsize 50
[rows 140 to 174 of 200, columns 78 to 155 of 200]
331.5 321.8 313.1 305.4 300.2 296.3 291.1 286.4 281.6 286.1 290.2 294.2 299.8 311.2 321.3 329.4 338.6 339.6 335.2 330.4 324 317.3 309.3 299.1 287.3 275.5 264.6 257.2 252.7 248 241.7 236.6 232.8 227.1 221.6 212 208.7 213.9 225.8 232.6 238 243.1 246.7 249.2 253.8 257.3 258.4 257.7 257.1 257.8 257.9 255.3 248.5 241.3 238.7 248.4 256.7 270.2 281.9 288.9 299.5 310.9 315.3 317.4 314.1 313.4 319.1 325.5 330.8 335 338.3 340.7 342 341.5 340 337.6 334.9 331.6
320.4 311.7 303.8 298.1 294.6 290.3 286.8 285 289 292.7 297 303.5 314.4 328.4 339.3 344.8 343.4 340.8 336.8 331.3 325.6 319.5 315.3 306.1 292.5 280.8 273.2 267.9 263.3 258.9 251.5 244.6 240.6 233.5 225.7 220.1 211.4 206.7 216.1 227.2 233.6 238.8 242.2 245.7 251.5 254.8 256.8 256 255.4 255.9 257.8 254.4 247.8 240.9 235.6 243.6 254.9 268.4 277 282 291.8 301.2 307.1 306.7 303.4 307.8 315.5 322.5 329.8 335.5 339 341.5 342.7 343.7 343 340.1 337.1 334.2
313.3 303.8 297.3 293.3 289.8 287.3 289.1 290.9 295.4 303.8 313 322.3 336.7 350.7 354 351.4 346.1 339.9 334.9 328.8 322.6 317.8 315.9 308.3 294.2 283.6 277.8 275.3 271.6 265.2 257.8 250.7 245.4 240.1 231.6 225.1 220.1 212 203.5 219.4 228.6 236.4 239.6 243.7 249.9 252.8 253.8 253.8 253.9 254.6 256.5 253.6 247.4 240.9 234.5 237.3 250.2 261.4 266.5 274 282.9 289.8 293.7 294.4 296 303 309.1 315.1 325.1 333.1 338 341.4 344.3 345.6 346.3 343.5 340.3 336.9
307.4 299.6 295.4 294 294 293.5 298 305.5 314.9 324.5 333.9 345.3 358.3 361.4 359 356 349.6 340.3 333.4 326.4 317.7 310.2 306.5 300.5 292.1 284.6 280.8 277.3 272.4 267.4 260.9 254.4 247.6 241.3 234.3 228.8 224.8 219.1 212 202.5 218 229.9 236.6 242.7 248.5 251.5 251.4 252.7 252.6 252.3 253.8 252 248.5 242.9 234.6 231.2 240.7 247.4 254.1 267 275.5 279 281.5 284.8 289.9 295.1 300.6 309.1 321 331.5 337.2 340.9 344.5 348.8 349.5 347.2 343.5 340.1
303.9 298.9 300.3 302.9 306.4 311.9 318.5 327.9 340.6 353 363 366.8 367.8 365.8 360.8 356.2 346.9 339.6 330.8 320.9 310.4 301.7 295.4 290.6 285.6 280.7 277.8 273.7 269 265.2 260.3 255.3 249.6 242.7 236.1 231.6 228.7 222.7 218.9 211.3 201.4 218.6 231.4 239.8 244.5 249.4 249.8 250.2 250.2 248.8 251.2 251.3 249.4 245.2 237.3 231.1 230.2 236.6 246.9 259.8 267.3 268.7 272.2 277.1 282.1 287.1 292.7 304.1 318.1 327.9 334.6 341.1 345.4 348.6 350.4 349.8 347.7 345.5
306.5 307.7 315.3 321.9 325.7 334.2 342.1 348.9 359.4 371.6 376.7 375.8 374.2 368.7 361.5 354.1 343.6 333.4 322.1 311.5 302.3 292.4 284.4 280.5 276.1 272.7 269.9 266.1 262 258.5 255.7 252.9 249.6 244.1 236.1 232.3 229.8 226.1 222 217.5 209.5 205.7 222.5 229.7 236.3 242.7 243.5 243.1 243.4 248.1 251.4 250.8 249.4 246 240.1 232.5 227.8 229 238.3 249.1 256 260.9 266.6 271.5 277.3 282.3 289.9 300.8 311.5 321 328 334.5 340.9 345.8 348.4 349.9 350.2 349.6
314.3 322.5 332.8 340.1 344.9 353.2 360.5 367.1 373.1 380.4 383.1 382.1 377.7 369 362.2 351.3 339.6 329.6 320.2 311.5 302.2 287.2 278.2 274.4 271.4 266 257.7 253.4 252.6 246 241 244 246.8 242.7 236.5 231.1 229.3 225.7 224 220.3 215.8 207.5 206.6 219.8 227.4 234.7 237.1 237.2 242.4 248.2 249.6 248.7 247.8 246.3 243.2 235.5 230 224.2 227.8 234.4 243.2 249.8 259.4 267.7 274.5 283.1 292.7 299.4 307 312.6 319.2 325.9 335.1 343.6 347.4 349.7 351.7 353
323.2 334.1 345.4 354.7 361.7 365.6 370.6 378.5 385.1 388.9 386.4 383.8 377.7 371.3 364.4 351.9 340.9 328.2 319.3 311.3 302.7 289.4 275.8 271.3 268.4 266.4 264.8 264 260.1 253.5 249 240.9 233.8 235.9 233.7 228.3 225.5 223.3 220.4 216.3 212.2 208 204.7 205.4 217 226 230.4 230.9 239.8 244.2 244.7 244.9 244.6 243.6 241.9 238 233.5 227.2 221.5 225.5 233.6 241.6 251.8 264.9 274.7 283.8 290.6 296.7 299.8 303 318 328.3 337.1 345.2 348 350.5 354.3 356.2
333.5 343.2 351.8 361.8 370.1 374.6 379.7 385.5 391.2 394.2 390.4 384.7 379.2 372.6 362 350 338 325.7 319.1 310.7 300.2 288 280 274.6 272.6 270.1 266.5 262.9 257.4 252.8 247.2 241.7 234.8 229.4 227 224.1 220.8 219.1 216.5 213.3 209.9 208.2 205.6 201.9 210.1 217.9 221.3 224.3 235.5 238.8 241.2 242.1 241.7 240.4 239.9 241.7 239.1 232.7 223.5 220.5 224.9 235.2 250 261.8 272.4 278.6 280.4 285.6 290 306.4 319.3 330.3 339.4 347.5 350 351.7 355.8 358.3
341.1 349.2 357.1 367.6 375.1 381 387.4 392 394.9 394.4 389.8 385.2 378.7 369.7 359.8 348.9 334.8 323.8 309.9 302.8 296.8 290 284.2 281.2 277.8 273.5 269.1 264.6 258.5 254 249.6 244.6 237.7 232.4 227.3 223.5 219.7 217.4 214.2 212.4 210.2 208 207.3 203.6 203.7 211.7 214.3 220 229.5 234.6 240 242.5 241.2 244.4 243.5 242.2 240.6 236.5 227.6 215.6 219.1 230.7 242.9 253.9 265.1 268.6 271.3 276 289.8 306.5 322.2 332.4 342 348.4 350.8 352.2 354.8 356.5
346.8 353.9 363.7 372.7 381.4 387.9 393.8 398.2 400 395.3 391.3 385.4 378.6 369.9 360.4 349.6 337.6 324.5 323.4 312.6 305.4 298 292.3 288.1 282 277.2 272.7 266.6 261.9 257.4 253.8 249.6 243.2 236.9 231.4 225.9 222.3 219.9 216.9 215.5 215.3 216.8 216.1 206.5 203.5 201 206.6 215.8 223 229.6 237.3 240.2 242.2 245.1 247.5 243.8 241.1 237.9 230.3 223.8 215.4 226.5 236 246 256.5 261.1 272.7 277.8 293 312.5 325.6 335.2 342.1 348.9 351.4 350.2 349.9 352.3
351.4 358.3 367.2 375.9 384.4 391 396.1 398.6 398.7 395.8 392.1 385.8 378.8 370.7 362.2 352.7 342.3 338.9 330.1 321.6 313.9 306.4 302 296.6 289.3 285 279.8 276.2 270.2 265.3 260.7 256 251 244.9 237.3 229.6 228 225.9 223.2 221.9 222.7 221.7 218.5 213.3 206.3 204.5 199.4 203.7 213.5 223 229.6 236.1 242.9 244.6 246.3 246.6 243.3 239 234.2 229.3 217 215.6 232.5 243.2 252.4 262.2 270.4 282.6 300 315.9 327.5 335.4 338.4 342.9 350.5 348.4 345.3 346.6
355.3 363.5 371.1 379.2 386.7 393.1 398.1 400.8 400.6 398.2 393.1 386.7 379.8 372.9 365.6 357.1 352 346.1 340.3 333.4 327.5 318.6 317.5 313.9 306.4 298.5 295.6 290.8 283.7 278.5 272.7 267.2 260.4 254.4 247 239.6 236.4 234.6 231.8 229.5 226.4 222.4 218.7 215.6 212.9 209.6 204.1 201.3 202.7 210.7 221.6 228.8 233.6 237.7 241.6 245.9 246.8 242.3 237.3 232 218.6 213.6 228.4 239.6 249.2 259.9 273.9 289.8 306.1 317.3 328 336.7 338.7 337.7 339.3 342 341.5 343.2
359.2 367.2 375.2 383.3 390.3 396.6 401.5 403.9 403 399.3 394.4 389.1 383.8 378 370.5 365.1 360.3 355.9 351.9 347.4 341.7 336.5 336.1 331.9 325.4 318.3 313.4 305.5 300.1 292 284 280.6 273.5 266.3 257.7 249.1 245.3 242.7 239.7 235.3 231.2 224.4 220.7 216.4 212.7 209 207.1 204 200.1 200.6 208.9 216.1 221 227.7 232.6 239.6 243.6 241.3 237.8 232 221.4 209.3 223.1 235.5 243.6 258.3 273.6 293.5 305.7 312.8 319.9 325.2 333.7 333.3 332 334.8 337.9 340.9
362 369.5 378.1 386 392.9 398.2 402.3 404.2 404 401.5 397.8 392.8 387.6 382.5 376.2 373.4 370.3 367.3 364.5 362.2 358.8 355.5 355.5 352.3 348.7 343.9 336.9 329.5 322.5 312.7 301.7 291.6 284.8 274.8 265.9 258.6 253.7 249.5 245.5 239.6 232.5 226.5 221.8 217.2 213.7 211 208.6 206.1 203.3 200.5 202.3 206.4 212.3 217.2 221.4 227.5 233.5 235.8 232.6 228.1 222.1 215 212.6 230.1 239.3 255.3 275.6 286.6 298.9 300.1 305.5 314.1 322.1 323.5 326.8 330.9 335.7 339
360.9 370 378.7 386.1 391.6 396.8 401.8 404.6 404.9 402.4 399.2 395.4 390.4 386.1 383.1 381.6 380.4 378.1 377.2 375.4 374.7 374.5 373 372.7 370.2 367.4 362.6 355.1 344.8 334 322.7 309.4 297 283.7 274.7 268.2 260.7 254.4 248.2 241.2 237 230.5 224.1 218.9 215.1 212.8 210.4 207.9 205.6 200.2 199.8 198.8 207.7 212.8 214.4 215.5 219 222.2 222.6 220.4 217.2 212.1 209.4 225 234.8 248.2 266.4 279.3 281 290.6 292.9 297.5 304.8 311 322 329.6 334.7 338.4
362.4 370.6 378 384.9 391.6 397 401.7 404.3 405.4 403.7 400.4 396.9 393.8 392.5 392.1 390.8 389.6 388.8 388.3 388.5 389.2 389.4 387.3 387.9 386.4 382.1 377.2 370.7 362.5 351 337.3 322.9 308.8 295.6 286 276.1 266.7 259.4 250.6 248.1 243.9 236.1 231.1 223.9 218.8 215.8 213.9 211.4 209.6 206.2 200.7 198.8 204.1 208 206.7 204.6 205.4 208.6 211.1 212.6 210.9 211.1 200.5 218.2 229.2 240.5 251.2 262 273.5 278.7 282.3 285.8 293.5 304.6 314.9 325 335.8 336.9
362.7 370 377.6 384.8 391.2 395.9 399.5 402 403.5 402.6 401.4 399.1 399.6 400.4 400.2 399.6 398.6 398.1 398.7 399.9 400.6 400 398.4 398.5 396.2 392.9 387.6 379.2 371.6 363.2 350.8 335.2 316.8 306.6 294.9 283 274.4 265.6 261.1 259.1 257.1 252.3 244 236 226.4 222.5 220.1 217.7 214.8 211.1 205.1 198.3 197.8 199.6 198.9 197.8 196.9 196.3 199.6 205.2 205.3 208.3 207.3 200.4 217.6 227.1 236.3 244.2 257 265.1 270 273.9 283.4 295.5 304.4 316.8 329.8 335
369.8 375.9 380.5 385.3 390.5 395.2 399.8 402.7 404.2 404.4 403.1 403 406.2 407.2 406.9 406.3 406.1 406.7 406.9 408.2 409.4 409.9 406.6 405.1 403.5 399.8 394.8 386.9 378.3 369.6 358.4 344.4 326.9 318 299.4 297.9 283.9 276 274.1 272.9 272.3 270.2 262.1 247.2 237.9 234.2 230.5 228.1 223.6 219.1 215.4 210.7 204.4 198 197.4 196.8 198.8 196.8 194.9 192.7 195.8 198 202.2 197.3 205.4 212 218.6 229.1 239.2 248 255.2 259.8 269.7 285.5 294.6 302.9 315.5 322.2
375.4 380.3 384.6 388.9 393.3 397.5 401.3 404.3 406.7 407.6 408.7 410.7 412.7 412.6 412.3 412.5 412.5 413.1 413.4 413.9 412.9 412.1 410.9 409 406.7 403.1 398.9 392.3 382.5 373.7 362.4 349.4 334 324.3 317.6 306.5 297.6 293.1 290 287.1 285.2 281 273.4 259.6 252.3 247.4 242.9 238.5 234.8 230.4 225.9 221.7 219.2 214.3 213.4 212.2 211.1 209.1 199.5 197.5 194.6 191.2 193.6 193.5 196 202.8 207 213.1 222.6 232.1 239.2 246.3 254.4 268.8 283.1 291.6 297.6 306.4
381.3 385.3 387 391.3 395.6 399.3 403.2 406.7 409.4 411.5 412.9 413.1 413.9 415.5 415.5 415 415.8 415.6 414.1 413.2 413.4 414.7 413.5 412 409.7 405 399.9 394.4 384.4 372.8 362.6 348.1 335.6 332.6 327.7 314.8 312.1 308.5 305.7 303.5 297.8 291.8 282.2 273.5 267.1 261.3 255.1 247.9 244.3 242.2 236.8 229.2 227.3 225.6 224.3 221.1 218.5 215.3 208 205.9 205.3 202.7 198 193.3 190.7 190.6 194.7 204.1 209.6 216.4 223.5 233.6 243.2 255 267.1 278.3 287.1 292.9
387.8 390.8 391.9 396.1 399.2 402.4 404.8 408.3 409.4 409.3 409.3 411 412.1 412.1 413.3 415.8 416.9 414.6 412.2 413.7 414.9 415.8 414.1 414.3 412.3 407.1 400.1 394.6 385.2 370.2 362.1 352.2 344.3 343.9 336.4 327.5 326.3 323.7 319.9 317.5 313.8 308.8 300 289.9 279.2 273.8 265.5 260.5 260.6 254.7 248.5 244 235.9 233.8 232.3 228.9 224.7 220.6 214.9 212.5 211.5 210.6 208.3 202.9 196 193.3 191.4 188.6 197.3 204.3 212.7 220.4 231 243.5 254.8 265.6 275.8 283.8
389.8 392.4 395.1 397.3 398.4 399.3 400.4 400.5 399.6 401.6 405.1 408.4 407.2 408.5 410.3 412.4 414.3 412.4 412.3 413.2 413.6 414.1 413.5 414.9 416.7 406.6 395 390.6 381.4 372.4 363.4 358.2 354 349.5 346 338.9 337.2 335.9 334.1 333.4 328.8 324.3 320.3 314.6 301.6 292 284.5 281.5 274.4 273.5 264.8 254.5 246.4 242 241.3 236.4 231.2 227.6 222.3 218.2 217.3 215.9 214.2 210 204.4 199.7 195.5 191.7 189.5 191.8 201.8 210.3 217.6 229.5 241.3 254.3 265.5 272.9
390.8 392.6 393.4 393.8 394.2 394.5 391.9 394.2 397 400.2 403.1 404.2 404.4 406.2 407 407.4 408 409.5 409.8 410.3 412.1 413.4 415.5 415.9 410.2 399.3 389.5 383.7 379.6 373.7 366.3 362.7 358.4 355.4 352.5 348.2 347.6 347 347.1 346 343.6 341 339.5 332.7 320.9 313.8 308.6 302 297.9 291.6 277.6 268 259.7 252.9 248.3 243.5 237.4 231.2 226.9 224.5 223.6 222.3 219.8 217 211.5 207.4 203.5 199.1 192 186.8 191.6 202.5 209.3 215.8 229.8 243.2 254.4 262.6
389.2 390.7 390 388 387.3 388 388.8 390.6 393.9 396.9 398.6 399.9 401.3 402.1 402.7 402 403.5 405.1 407.2 409.8 411.5 411.3 411.8 406.6 397.9 390.6 384.4 380.7 377.5 373.3 370 367.9 363.3 360.6 358 356.3 356.5 356.3 357.1 357.1 355.6 355.7 354.6 349 338.6 331.7 328 317.6 311.5 304.5 292.2 277.7 270.2 261.2 255.5 250.2 242.9 236.6 233.7 232 231.6 230.7 228.8 226.1 220.4 215.6 210.6 205.4 199.3 190.6 187.9 193.7 203.5 208.8 218.6 230.5 241.7 249.1
385.6 383.9 383.7 383.8 383.4 385.5 386.5 387.8 390.7 393.4 395.5 397.5 397.6 397.3 398 398.1 398.9 397.9 401.4 402.4 401.7 400.1 397 393.7 388.1 383 381 380 378 377.1 375.2 371.7 368.6 366.8 363.8 363.2 363.6 364.8 366.9 367.7 366.9 366.7 365.2 359.9 352.2 345.7 339.4 328.8 319.8 309.2 293.1 282.5 276.4 272 264.2 257.2 251.1 247.3 243.9 241.6 240.9 241 238.9 236.3 232 225 219.6 212.4 205.5 198.4 187.6 189.1 197.2 204.1 211 222.1 230.1 229.8
383.5 379.7 377.6 376.4 377.7 381.9 384.3 386.4 388.6 390 391.4 393.6 390.2 389.9 390.5 389.5 390 388.9 388.8 388.5 388.5 388.4 387.5 383.2 378.6 377.3 378 378.8 379 377.4 375.5 373.7 373 371.5 369.8 369.7 369.7 372.6 375.9 377.1 376.8 375.6 372.7 365.7 358.1 352.1 344.3 335 327.5 316.4 302 291.4 283.4 281.5 273.6 265.6 261.1 258.4 255 252 252.1 251 248.8 246.9 241.2 233.6 226.5 218.9 209 202.8 196.2 186.3 190.5 201.2 208 212 218 236
379.3 375.8 372.4 371.1 373.7 377.8 379.7 380.2 381.1 382.1 384.8 387.3 384.1 384 383.1 381.6 383 381.7 379.2 377.7 377 376.7 375.7 372.8 371.4 372.9 374.3 375.1 375 375.2 375.9 378.9 378.5 376.2 373.9 374.8 376.7 379.7 383.1 385.2 384.4 382.5 378.2 370.4 362 356.3 348.4 340.5 331.9 318.3 307.9 296.4 290.5 288.4 281.2 276.3 271.9 266.9 266.1 265.9 265.4 263.9 260.9 256.4 250 242.1 233.1 223.7 213.1 206.1 201 193.5 188 201.3 204.1 201.7 216.8 227
373.3 371 367.7 366.3 369.4 371.5 370.3 369.9 371 373.6 376.7 377.5 376.8 376.4 374.9 373.1 373.7 371.4 369.1 367 366.4 365.2 364.5 362.6 363.2 366.6 367.9 366.8 368.4 371.5 376.7 381.9 381.9 380.6 377.7 378.5 381.3 385.8 389 391 389.8 387.4 381.2 373.9 366.2 361.1 353.8 346 335.2 322.4 310.9 301.1 298.7 297.1 290.4 286.9 282.8 283.7 286 281.7 278.1 276.6 273.4 268 260.4 253 242.7 229.5 218 211.2 206.6 199.4 191.3 192.7 195.1 205.5 211.3 217
362.8 361.9 360.3 362.8 364.6 366.2 365.5 364.5 364.4 367.9 370.6 371.5 369 367.2 366 364.1 363.9 362.6 361.8 360.1 357.1 355.5 355.6 355.3 356 358.7 359.6 357.8 361.5 367.8 374.1 379.9 381.3 380.1 378.2 378.8 382 386.5 391.2 393.6 391.4 386.2 380.8 375.5 369.5 365.4 358.8 350.2 339.8 327.3 314.2 308.2 308.1 304.9 302.5 299 303.1 306 305.6 302.5 292.6 286.7 286 282.5 275.1 266.3 252.1 232.4 221 214.7 210.8 204.7 197.5 189.2 186.5 199.4 206.8 212.3
351.3 348.8 352.1 355.2 360.3 362.8 358.3 357.2 357.5 360.1 361.7 362.3 361.3 358.8 356.5 354.2 355.5 354.8 353.8 353.2 351.1 349.2 348.7 349.1 349.7 351.8 351.5 351.6 355.9 362.8 368.5 372.5 375.4 375.9 375.1 377.3 380.4 384.9 388.3 390.1 387.4 382.1 377.3 373.1 371.2 369.3 364.1 354.2 342.1 330.4 320.6 320.9 316.5 318.8 317.4 316.5 318.9 323.4 322.4 314.3 305.6 301.6 298.5 297.4 293.9 281.1 260.3 238.9 227.3 222 215.7 209.7 203.5 196.1 187.5 187.3 205.3 212.3
342.6 337.3 341.9 342.1 344.3 346.8 348.9 349.8 349.6 351 352.6 352.6 351.9 349.7 348.5 346.7 348.3 347.8 345.9 345.5 344.7 342.8 341.6 341.5 341.5 343 344.6 347.8 352.3 356.9 360.4 363.5 367.8 369.6 370.1 374.6 378.9 382.6 384.4 384.5 381.3 375.8 372 367.6 367.9 370.7 366.2 356.6 345.4 335.4 330.8 332 328.8 334.7 337.8 337.6 337 337.7 332.3 323 315 311.3 311.2 314 309.2 294.1 274.8 253.3 235.2 227.4 221.8 215 208.5 200.6 190.1 183.8 204.2 211.9
332.9 327.3 332.2 332.3 332.9 335.3 339.7 341.8 341.9 342.9 344.3 343.8 342.9 342.2 341.8 339.1 341.6 340.6 338.9 338.2 337.6 335.5 332.1 333.1 335.4 336.8 339.3 343.1 347.3 352 355.4 358.3 361.8 363.5 364.3 369.9 376 379 380 378.9 375.7 369.6 363.1 356.8 357.8 367.4 365.9 358.6 350.8 344.2 343.3 342.3 340.4 349.9 352.8 349.4 347.3 346.7 340.8 330.9 325.2 323.1 325.8 328.4 319.9 309.2 289.9 266.6 248 236 228.1 221.3 212.4 206 198 184 198.3 208.1
321.9 315.3 323.7 324.6 325.5 328.1 332.1 334 335.5 336.3 336.9 336.9 335.9 334.9 333.7 330.3 333.5 332.5 332.2 331.7 331 326.2 323.7 325.3 329.7 331.1 336.1 338.6 341.7 346.7 349.9 352 355.8 358.6 359.9 364.4 369.3 372 373.6 370.6 367 361.4 355 345.2 346.9 358.7 363.1 358.4 355.2 351.7 350.4 350 353.7 361.7 363.2 357.7 355.6 351.7 346.1 338.5 336.6 336.7 341.8 342.5 335.9 321.5 300.7 280.9 260.8 245 237.3 228.5 219.2 211 204.7 190.2 185.1 190.5
310.7 305.5 315.3 318.2 319.3 321.9 325.6 328.1 329.8 329.3 329.4 329.2 328.1 326.3 325.4 324.8 325.7 325.6 325.6 325.7 325.2 319.6 318.6 320.4 325.8 324.5 329 331.3 335.8 338.8 341.4 344.6 348.6 352.7 355.4 357.6 360.9 363.3 362.4 362.1 360.5 352.9 343.8 335.9 337.1 348.6 357.5 358.9 358 355.7 356 357.3 362.6 369.9 370.2 365.4 360.4 356.4 351.9 348.7 349.2 350.8 356.4 353.6 344.4 330.1 312.4 293.5 274.9 264.1 257 245 230.5 218.5 210 203.2 199.4 186.3
