Game/Highland_Data/StreamingAssets/GeoData/Data/sp/SP02.asc
ncols 200
nrows 200
xllcorner 400000
yllcorner 220000
cellsize 50
[rows 35 to 69 of 200, columns 78 to 155 of 200]
203.6 211.3 215.9 216.9 217.6 220 221.4 223.3 226 229.7 232.6 238.2 247.5 250.6 253.6 256.6 259.7 263.6 267.9 271.2 273.6 274.4 272.6 268.9 266.3 262.1 254.1 243.4 238.5 234.5 229 225.8 220.9 217 214.5 212.8 210.4 209.4 206.4 202.8 199.1 196.3 198.9 204.6 211.5 218.2 228.3 243.1 245.9 248.1 250.3 253 256.8 260.7 264.5 267.9 270.8 271.9 272.1 271.1 266.9 262.1 254 250.8 251.1 246.6 240.8 234.1 230.7 230 229.6 230.1 229.2 227.1 224.6 222.6 221.1 217.1
200.5 206.3 208.8 209.9 209.9 211.5 211.9 214.8 217.5 223 226.4 231.3 239.1 247.9 251.7 254.5 258.4 262.3 267.1 271.1 274.4 275.7 275.5 273 270.9 267.4 263.2 255 247.2 243.1 236.5 231.8 229 226 223.3 220.6 216.7 214.7 212.8 209 203.5 200.1 200.1 206.8 213.7 220.2 231.3 242 244 246.2 248.7 252.4 256.1 259.8 263.6 266.9 268.6 268.1 272.6 272.9 269.3 264.2 255.3 256.7 255.7 250.3 244.1 237.2 232.1 227.1 223.3 220.5 219 218.6 219.7 220.5 220.1 210.6
194.7 198.4 202.6 203.6 202.2 205.4 205.7 208.1 210.5 215 220 225.6 233.1 242.5 248.4 252.5 256.6 262.1 267.3 270.9 275.4 278.5 278.8 277.6 275.5 272 269 265.4 262 255.5 248.5 242.2 236 233.4 229.2 227.3 225.4 221.9 216.4 214.6 209.7 204.9 202 207.8 214.2 221.3 235.5 240.6 242.5 244.7 247.5 251.5 255.2 259.4 263.5 267 267.8 265.9 271.8 273.9 271.6 264.8 257.1 261.8 257.1 250.6 247.3 244.2 238.5 232.3 227.5 223.7 219.2 215.7 210.5 211 213.2 209.7
188.5 190.8 192.6 195.9 195.2 197.4 199.6 200 203 207.7 214 221.5 228.9 238.5 244.9 250.5 255.9 261.9 267.4 271.5 276.8 281.2 282.5 281.7 278.8 277.2 273.8 269.9 266.5 263.2 259.8 255.3 250.3 241.7 238.3 233.7 232 231 225.9 220.2 216 208.6 204.3 208.6 215.4 223.3 236 238.1 240.8 243.7 246.2 250.5 254.7 259.3 263.4 266.9 266.8 265.1 270.7 274.1 273.1 265.8 259.8 263 253.9 255.1 253.2 248.1 242.9 237.6 233 228.4 224.8 221.5 218.1 205.3 205.5 211.7
180 183.3 185.1 186.4 187.7 189.7 191.1 192.2 196.4 201.8 209.5 218.3 225.5 237.3 244.9 250.4 256.7 262.1 267.7 272.9 278.2 283.5 285.2 284.3 282.4 280.7 277.8 273.9 270.4 266.6 263.5 260.5 257.3 254.6 252 249.2 245.9 243.1 235.5 225.3 219 211.2 207 208.1 216.8 223.9 228.8 236.4 240 243.2 245.6 249.8 254.3 258.9 263 266.4 266.5 263.6 267.3 273.7 273.2 266.7 260.7 258.1 253.5 257.7 254.8 249.4 244 238.2 233 228.8 224.9 218.1 207.4 206.2 212.5 219.2
171.6 174.4 176.1 177.1 179.6 180.9 183.9 186.3 191 196.8 206.7 216 223 236.8 245.2 250.8 257.9 264.3 269.6 275.4 281.1 284.4 286.1 288 286 283.5 280.9 277.6 273.5 270 266.9 263.2 260 256.7 253.9 251.2 248.2 245.4 242 230.3 221.9 214.9 210.9 209.6 214 218.4 224.7 235.6 239.1 242.7 245.9 249.1 253.6 257.7 261.8 265.3 266.5 263.4 263.8 270.7 270.1 269.3 261.8 255.8 255.9 257.7 255.2 249.7 243.9 237.7 232.2 228.1 223.8 210.8 207.1 214.2 220.6 227.7
160.4 164.8 166.4 168.2 171.4 173.6 177 181.6 188.5 198.1 206.8 214.8 224 236.8 244.7 251.1 257.9 265.6 271.3 279.3 283.2 287.5 288.9 289.9 288.5 286.3 283.4 280 276.6 272.4 268.2 264.4 261.1 257.8 254.9 252.5 249.8 247 243.5 237.6 228.1 221.9 217.4 215.6 215.4 219.9 226.2 235.8 238.6 241.5 243.9 248.3 252.3 256.3 260.2 264.1 266 263.6 261.3 265 263.5 268.6 260.9 256.1 255.5 256.8 254.6 249.3 242.8 236.2 229.7 225.5 217.8 203.6 213.9 218.2 224.2 231.2
150.1 157 158.8 161.6 165.9 169.7 171.4 180.8 189.4 198.1 206.2 215.2 224.9 236.3 242.9 250.3 258.2 266.9 274.6 282.4 286.8 289.3 293.4 292.8 290.2 287.3 284.2 281 277.8 273.2 268.3 264.6 261.9 258.9 255.8 253.4 251.1 248.4 244.2 240.1 234.6 230.8 228.1 226.4 223.7 225.2 229.4 233.8 237.1 239.2 242 246.1 250.5 254.5 258.4 262 265.5 265.9 261.4 259.2 258.9 263.4 259.9 258.9 255.3 256.6 253.9 249 242.4 235.9 228.1 223 210 205.3 217.9 222.2 227.9 235.5
144.9 150.6 154.3 160.3 164.9 169.7 173.8 181.2 189 197.3 207.1 215.2 226.4 236 242.8 250.6 259 267.8 276.9 285.1 288.8 289.5 297.9 295.5 292.2 288.2 284.9 281.1 277 273 268.1 264.4 261.6 258.9 256.2 254 251.6 249.5 246.6 243.7 241.9 239.9 237.3 234.7 233.7 231.7 231.6 232 234.4 236.7 240 243.7 248.2 252.7 256.3 259.9 264.3 265.6 262.7 258.2 255.6 258.2 260 260.1 256.3 255.8 253.2 248.4 242.1 235 226.5 220.6 209.1 204.6 217.7 223.3 229 236.6
141.3 145.9 152.3 160 166.9 172.6 179.1 185.4 192.3 201.7 210.8 220.9 229.6 236.4 244.8 253 261.1 270.7 279.1 286.7 290.8 289.2 298 296.3 293.6 289.1 284.2 279.9 275.9 272 267.8 264.1 261.2 257.6 255.4 254.1 252.1 250.1 248.3 246.6 244.5 242.3 240 237.7 235.4 233.2 232.1 230.5 231.7 234.6 237.9 240.8 245.4 249.5 254.1 257.8 262.8 265.2 263.2 257.2 254.9 254.7 257.8 259.6 256.2 255.3 252.9 248.2 242.2 235.3 228.4 222.8 214.1 200.6 214 222.2 228 235.7
147.7 154.3 160.2 166.1 171.9 177.8 185.8 192.3 197.5 204.1 210.8 220.8 232.1 237 245.1 254.8 263.3 272.2 280.7 287.9 291.7 287.5 298.3 296.2 294 288.8 283.6 278.7 274.8 270.9 266.9 263.3 259.8 256.2 254.7 254 252.3 250.8 249 247.4 245.4 243 241.9 238.6 236.3 234.4 231.8 229.7 228.7 232.2 234.5 237 242 247 252.2 255.9 260.3 263 263.5 257.8 256.4 254.5 255.5 257.5 255.4 254.5 253.6 250 243.9 237.6 231.4 225.9 218.3 205.5 203.9 213.5 222.5 232.7
152.3 158.7 165.9 171.8 178.3 183.2 189.9 196.1 201.7 208.6 218.3 227.7 235 240.4 247.4 257.5 264.2 272 279.9 286.7 291.4 288.8 298.1 296.2 293.3 288.5 283.1 277.4 272.2 268.2 263.8 260 257.5 254.8 253.5 252 250.7 249.3 247.8 245.5 245.1 243.7 241.8 239.5 236.6 233 229.8 226 224.9 224.9 228.1 233.1 239.1 244.2 249.6 254 257.8 258.5 261.7 259.8 256 253 254.9 257.5 254.4 254.1 254.6 250.9 246.2 240 233.7 228.7 220.8 211.4 201.9 203.9 218 227.4
153.9 163 170.4 177.3 184.5 190.7 195.7 200.4 208.6 218 225.6 230.1 235.1 241.2 248.8 259.5 267.5 274.2 278.7 283.9 289.4 290.7 296.7 295.9 292.4 287.8 282.1 276.4 271 266.1 263.8 261.4 258.8 255.9 253.2 250.3 249 247.9 244.5 242.9 242.1 241.2 240.1 237.6 233.1 230.4 228.3 226.3 226.4 226.9 223.5 226.1 234.9 240.8 246.6 251.7 254.7 255 257.2 261.1 258.3 252.5 250.9 258.1 251.1 251.3 253.9 251.3 246.5 241.7 236.1 230.7 225.5 220 210.1 197.5 215.5 225.1
154.6 163 170.2 180.9 186.7 194 199.1 205.4 217 224.1 229.2 232.5 237.9 242.5 248.6 259.9 267.9 273.8 277.4 281.4 286 295.3 297.2 295.5 292.4 288.2 281.9 277.1 272.6 270.3 268.5 266 262.9 259.4 256 254 252.6 249.3 245.3 241.8 239.2 237.6 236.3 233.6 230.4 229.3 230.4 231.8 232.8 232.4 227.2 218.7 230.6 237.7 243.6 248.7 251.3 252.8 252.9 258.5 259.2 255.4 247.8 254.8 248.8 246.5 251.7 251.1 245.4 242.2 237.7 231.5 226.3 221.7 215.1 198.8 214.8 225.5
154.6 162.3 169.6 179.4 187.3 196.1 204.6 213.8 221.1 226.5 231.2 234.4 239.3 245.7 251.6 258 266.3 271.8 276.1 279.2 281.1 292 294.6 295.6 292.4 289.2 284.8 281.3 278.1 275.7 273.3 269.8 266.3 262.8 259.3 256.3 254.1 250.8 247.4 244.1 240.8 237.4 233.1 232.3 234.7 236.1 235.8 236.9 235.1 234 229.7 221.5 224.1 234.4 240.3 245.8 249.2 249 249.2 256.5 254.7 256.4 251.9 246 247.3 241.7 247 250 244.9 241.3 237.7 231.9 226.6 221.3 215.1 199 211.3 225.5
153.8 163.5 170.1 178.2 187.1 197.8 206.6 215.7 222 226.7 231.6 236 241.1 247.7 254.9 259.5 265.4 270.1 274.8 280 280.8 285.5 291.3 294.4 294.4 291.2 286.8 285.3 283.6 280.4 277 273.4 269.8 266.3 262.8 259.2 255.9 252.4 248.6 244.8 240.7 236.4 235.6 239.1 241.8 242.6 241.7 240.8 238 234.5 230.5 223.7 219.3 230.2 236.3 241.6 245.3 246.1 248.2 253.5 249.7 254.4 255.5 245.8 243 238.2 242.2 247.4 244.6 239.8 236.3 231.3 226.4 221.3 214.1 194 215.9 222.8
153.2 162.3 168.8 177.9 186 195.6 207.4 216.2 222.5 227.4 231.8 235.6 241.1 246.3 254.5 261.7 266.6 269.7 272.5 278.4 280.4 277.5 284.6 291.6 294.5 293.1 290.5 288.7 286.7 283.6 279.7 275.5 271.8 268 263.5 258.7 255.4 250.8 245.9 242.3 237.6 237.4 241.6 246.4 249 247.9 245.9 242.9 237.9 233.7 230.1 225.6 218.6 224.3 232.4 237.6 241.7 243.4 248.7 248.8 245.5 252.4 254 245.3 237.6 237.6 237.3 242.6 242.6 238.7 234.6 230.4 225.6 220.4 209.5 197 216 220.3
151.9 160 169.1 177.9 187.4 197.9 208 217.4 222.5 227.5 231.4 234.4 239 243.1 250.4 258 262.8 265.4 268.3 274.1 278.6 272.4 272.9 285.4 294.7 294.4 292.8 291 288.4 285.5 281.3 276.8 271.6 266.8 262.1 257.6 253.8 248.8 243.3 241.2 242 246.5 247.2 251.3 252.8 251.5 248.3 243.1 236.7 231.2 226.8 223.3 219 217.6 227 233.6 238.4 242.3 245.2 242.5 243.3 249.6 249.8 242.7 230 237.5 232.1 238.3 239.9 236.7 233.1 228.7 223.9 218.2 199.7 201.3 214 214.7
150.1 157.9 168 178.4 188.7 197.2 207.4 217.8 222.6 225.6 228.3 229.7 232.9 233.7 239.6 244.6 255.5 259.5 262.6 265.7 267.7 264.5 268.3 279.3 291 295 293.8 292 289.4 286.7 281.8 275.1 269.8 263.9 259.1 253.3 248 244.2 244.2 246.4 252.5 255.4 255.1 256.7 256.2 254.1 249.6 245.4 239.9 233.7 229.1 226.6 223.7 218.3 217.6 228.2 233.8 238.2 240.5 237.6 241.1 243.5 243 238.5 225.3 233.7 227.8 231.5 235 233.8 230.7 226.8 222 216 196.7 203.5 209.7 208.8
150.3 156.8 166.3 176.4 186 194.5 202.7 209.2 213.4 217.2 219.9 220 219.2 218.3 223.8 230.1 242.4 248 250.3 250.2 249.8 248.9 261.7 272.6 285.6 294.6 294.5 292.9 290.3 287.3 282.4 275.6 267.4 261.2 256 253.1 251.4 251.3 252.6 256.9 260.1 261.6 261.2 261.4 260.3 257.9 254.5 251 245.4 240.8 236.1 233 228.8 222.4 215.7 220.2 228.6 233.6 235.8 235.3 236.1 237.5 236 231.8 221.6 229.6 227.5 223 229.4 230.3 227.1 224.1 219.6 214 194.3 202.4 204.8 201.2
147.8 155 163.5 172.7 181.5 189 196.5 200.8 204.6 205.1 206.5 209.4 210 209.6 213.7 220.3 227.6 231.3 233.7 231.8 245.5 251.1 255.3 268 280.4 291.4 295 293.9 291.8 288.2 284 277.5 270.9 267.3 264 261.5 261.1 261.7 263.3 265.2 266.3 266.8 267.2 266.9 265 263.2 260 256.7 253.2 250 244.9 239.1 232.1 225.1 217.2 213.2 223.3 228.9 229.2 229.2 231.2 230.5 228.7 225.6 216.1 221.9 223.6 218.8 222.1 225.7 223.8 221 218.9 213.8 197.4 193.7 194.5 191.8
145.9 153.1 159.7 166.7 176.4 183.5 190.2 194.5 197.2 195.8 197 199.9 200.2 201.5 204.9 209.9 213.7 215.3 227.1 247.1 255.6 256.6 255.4 266.7 274.4 287.2 294.7 294.8 292.9 291.4 287.4 283.3 279.7 276.3 273.6 272.2 271.7 272.4 273.1 273.9 273.6 273.5 272.6 271.2 269.6 267.7 265.5 261.7 259.8 256.5 250.6 243.7 235.2 226.1 218.1 210.8 219.7 224.2 224.5 224.3 226.2 224.8 222.7 219.4 212 215.6 216.6 215.3 215.1 219.6 220.6 218.3 216.1 211.7 205.4 197.1 190.4 190.9
143.6 150.1 155.1 161.5 171.5 177.9 183.6 187.4 189.6 189.5 189 191.2 189.3 191.4 195.7 201.6 208.7 222.7 239.1 247.6 252.3 256.7 261.4 262.2 269.7 281.9 291.4 294.6 294.4 293.2 291.6 288.7 286.3 284.3 282.6 280.5 279.8 279.4 279 278.5 278.4 277.1 277 275.1 273.6 272.2 269.9 266.5 264.4 260.9 255.3 248.5 240 230.6 220.5 212.4 215.3 221.8 219.9 219.4 221.2 219.9 217.5 213.1 206.3 202.9 202.7 205.4 209.2 213.6 216.3 215.2 213 211.5 208.3 202.9 189.4 199.8
141.9 145.8 150.8 156.7 163.9 171.2 175.8 179.6 181 180.1 178.9 179.3 179.6 186.2 193.1 202.9 213.5 222.9 235.6 242.9 248 251.3 265 271 267.3 278.2 288.5 294.8 296.6 295.3 293.9 292.2 290.3 288.5 286.9 286.3 284.5 283.2 282.5 282 281.2 280.3 279.3 279 276.9 274.8 272.7 270.4 267.3 263.7 259.3 253 244 236 225.9 216 209.1 214.4 215.5 215.4 216.7 214.6 208.8 203.9 202.7 201.9 202.8 200.8 198.8 207.1 211.8 212.2 210.1 209.2 205.2 189.1 199.2 205.6
137.9 141.6 147.4 150.2 157.6 163.3 167.2 170.6 170.7 169.4 168.7 171.4 178.5 185.5 193.7 201.4 210.1 215.9 230.1 237.6 243.6 248.2 261.9 273.2 274 274.3 286.1 293.4 296.4 297.6 296.2 294.7 293.1 291.5 290.1 288.5 287.3 286.1 285 283.6 282.8 281.9 280.2 279.3 278.1 276.7 274.9 271.9 269.1 265.7 261.9 256.4 248.4 240.4 232.5 224.7 217.4 209.3 207.4 208.7 208.9 206.2 204.9 206.3 207 205.9 205.8 204.3 199.9 200.8 206.5 208 206.8 197.9 191.2 200.8 207.5 209.1
134.4 138.5 144 147.3 152.1 156.2 158.1 161.2 159.9 161.2 163.2 168.7 176.1 183.7 190.8 196.9 207.1 214.6 225.9 233.4 240 246.5 258.5 272.3 278.4 277.2 284.1 291.9 295.4 298.7 297.5 296.7 295.1 293.4 292.1 290.7 289.1 287.5 286 285.1 283.8 282 280.4 279.8 279.1 277.8 275.7 273.4 270 266.3 262.5 257.6 250.8 243.6 236.6 229.6 222.9 215 208.8 206.8 206.4 207 208.5 211.5 211.3 210.1 208.6 206 202.8 199.2 197.6 197.3 193.9 198.3 207.5 211.7 216 213.3
131.9 134.6 137.7 141.6 144.6 143 151.3 153.2 153.9 154.4 157.8 165.2 172.6 180.8 187.4 193.7 204.2 213.6 224.2 230.9 241.2 246 255.4 269.8 280 279.9 283.2 291.3 296 299.6 298.6 297.9 296.2 294.2 292.4 290.9 289.3 287 285.7 284.4 283.1 281.8 280.6 279.9 279.2 277.8 275.8 273.4 270.4 266.6 262.2 257.6 251.9 244.3 235.9 227.7 220.8 213.8 208.7 209.2 209.5 209.8 211.1 215 216.2 214.9 212.9 210.1 207.8 207.9 204.3 206.2 207.5 212.6 217.9 223.5 221.8 219
129.4 130.6 133 135.6 138.3 142.8 141.9 143.9 147.3 149.3 154.5 161 168.9 175.8 183.7 191.6 202.2 211.9 220.8 229.7 238.5 245.6 253.4 266.9 281.5 283 284.1 291.5 297.2 299.7 299.5 298.6 296.7 294.6 292.6 290.8 289.3 285.8 286 284.3 282.7 282.2 280.5 279.6 279 277.3 275.3 273 270 265.7 261.2 256.7 250.5 241.8 232.7 224.6 217.7 210.8 210.5 211.8 214 215.7 217.3 219.5 223.3 221.7 220.3 216.6 216.1 214.2 215.2 217.7 221.5 227.7 232.6 233.2 228.5 222.8
126.4 125.8 127.1 128.8 131.4 133.7 137.7 139.7 143.1 148.2 154.4 159.1 165.6 174.4 182.2 189.3 197.6 211.7 223.7 234.8 242 248.3 252.7 263.3 280.3 284.5 285.6 291 298.6 295.7 298.6 298.1 297 294.9 293 291 289 285.6 285.6 284.5 282.9 280.5 280 279.2 277.9 276.2 274.3 272.4 269.2 265.4 259.9 254.5 247.6 239.5 230.4 221.9 216 210.9 216.2 218.5 223 224.7 226.6 231.1 236.2 231.8 231.8 229.4 231.3 231.5 231.7 234.2 238.1 242.3 241.2 238.4 234.3 226.4
119.2 120.2 122.9 124 127.4 131.2 136.1 140.9 144.5 149.8 155.9 162.9 168.6 175.1 182.3 190.5 198.5 212.3 221.8 229.8 240.6 247.2 252.5 260.7 278.3 285.2 287.2 289.7 298.1 297.6 298.6 297.6 296.8 295.2 292.9 290.6 288.2 286.2 283.8 282.6 280.8 278.9 277.9 276.9 276.4 275.1 273.2 271.3 268.5 264.6 259.6 252.9 244.9 235.8 226.8 219.7 214.6 213 219.4 226.7 231.6 234.8 238.7 242.6 243.8 242.4 243.2 243.6 241.9 242.3 243.8 246 244.7 245.6 244.6 240.2 236.1 228.7
122.2 125.4 127.9 130.8 133.6 136.7 140 143.9 146.4 150.8 158.4 165 172.9 179 186 193.2 202.6 215.4 226 234.4 243.6 247.9 253.1 261.3 276.7 285 288.2 290.6 297.4 299.1 299 298 296.3 294.3 291.9 289.6 287.1 285 281.8 279.5 278.1 276.3 275.6 274.7 273.9 273 271.3 269.5 267.4 263.7 258.7 252.8 245.3 236.7 226.4 219.7 213.7 217.7 226.2 237.2 242.6 245.6 246.9 248.1 249.3 250.2 251.3 251.3 250.4 252 252.9 251.8 250.3 248.7 245.9 240.7 234.7 227
123.9 126.7 129.4 132.1 135.5 138.6 143.2 147 149.9 155.3 161.3 168.7 175.9 183.1 188.9 199.2 206.2 214.4 224.3 234.9 245.1 251.9 256.2 265.6 276 285.2 289 290.5 297.7 298.9 298.2 297.3 295.3 293.5 291 288.5 286.3 283.2 280.1 277 275 272.7 272 271.2 270.9 269.9 268.4 266.5 264.2 261.3 256.7 251.5 243.8 236.8 227 218.1 214.3 222.4 234.6 246.1 250.3 252.3 253.5 254.4 255 255.2 256.4 257.4 257.8 256.9 256.9 255.6 252.8 250 246.2 239 230.2 221
124.7 126.8 129.6 132.2 135.7 139.4 144.5 149.5 153.8 159.7 166.9 171.9 178.6 184.3 192.7 201.5 210.1 215.6 225.5 236.3 245.5 253.2 256.4 262.7 278.6 286.9 288.5 291.8 298.4 297.6 296.9 296.2 294.6 292.5 289.9 287.4 284.6 281.5 278.4 275.3 271 267.7 266.8 267 266.7 266 264.8 262.8 260 256.5 252.1 246.8 241 233.9 225.3 217.1 220.7 233.9 245.3 251.9 255.4 257.9 259.3 260 260.4 261.1 261 261.4 260.8 260.6 259.5 257.2 254.5 251.3 246.3 239.1 232.9 219.3
124.2 126.1 128.7 131.1 134.5 138.5 143.6 149.4 155.8 165 172.3 177.4 183.6 188.6 195 202.8 213.5 222.1 227.6 234.7 244.8 252.2 257.2 263.8 280.7 288.4 290.5 292.7 297.7 296.7 296 294.6 293.6 291.3 288.4 285.8 283 279.9 276.8 273.5 268.4 262.2 260.3 261.7 260.9 259.8 258 255.2 251.3 246.8 242.8 238.6 233.4 226.8 219.8 221.9 233.2 243.9 250.7 257.4 260.9 262.5 264.2 265.4 265.8 265.6 265.2 263.7 262.6 261.5 258.7 257.1 255.1 252 248.9 243.2 237.4 228
122.8 124.3 127.4 130 133.4 138 143.8 150.4 160.1 169.3 176.1 182.6 188.8 193.3 199.6 205.7 216.2 224.9 232.8 239 246.4 253.1 259.5 265.8 280.3 289 293.9 295.9 297.2 297.4 295.8 293.9 291.9 290.1 287.2 284.4 281.4 278.3 275.2 271.1 265.9 259.3 251.9 252.8 252.3 248 244.9 242.3 238.2 235.9 229.7 226.6 222.6 220.4 217.5 230.7 240.2 247 253.8 260.5 264.6 265.9 267.2 267.6 267.9 267.6 267.1 265.6 264.3 262.2 259.9 258.1 255.6 252.5 249.1 245.4 241.7 236.5
