Game/Highland_Data/StreamingAssets/GeoData/Data/sp/SP04.asc
ncols 200
nrows 200
xllcorner 400000
yllcorner 240000
cellsize 50
[rows 0 to 37 of 200, columns 86 to 171 of 200]
67.6 67.8 67.4 66.7 65.5 64.5 63.5 62.2 61.8 62.6 62.4 62.8 63.2 63.4 63.5 63 62.2 61.8 60.9 59.2 57.4 54.8 53 50.8 48.4 46.1 43.9 41.6 39.8 41.3 44.6 45.7 46.1 46.4 46.6 46.7 46.3 45.6 45 44.5 43.9 42.2 40.4 38.9 37.3 34.2 33.4 31.5 31.9 29.7 26.3 26.2 26.6 27 27 27.1 27.7 28.6 26.3 26.6 26.8 25.9 26.3 26.6 25.8 26.3 26.7 26.3 26.8 26.6 26.8 27 25.4 25.7 25.6 25.2 41.4 55.3 60.5 59.8 59.1 58.7 58.5 58 57.5 56.9
67.6 67.6 68.4 67.4 66 65 63.3 61.9 60.4 60.4 60.9 61.5 62.2 62.3 62.5 62.1 61.9 61.5 61.1 59.8 58.2 56.2 54.5 52.3 48.8 46.3 43.8 41.5 39.6 40 43.1 44.9 45.5 46 46.2 46.3 45.7 45.1 44.4 44 43.6 42.4 40 38.5 35.8 32.7 31.7 31.2 30.6 28.2 26.4 26.3 26.3 26.7 26.8 26.8 28.6 26.6 26.5 26.5 26.8 26.3 25.9 25.7 26 26.5 26.9 26.4 26.4 26.5 26.8 26.8 24.9 24.5 26.4 36.1 53.2 60.9 59.8 59.1 58.2 57.4 57.4 57.3 56.8 56.2
66.5 67.5 68.8 68 66.5 64.5 63.1 61.7 60 59 59.7 60.3 61 60.9 61.1 61.1 61.4 61.2 60.8 60.1 58.7 57.3 55.5 52.7 49.3 46.8 44.2 41.7 39.3 39.3 41.5 43.1 44.5 45.6 45.7 45.8 45.2 44.9 44.4 43 42.5 41.9 39.8 37 34.1 32.1 31.1 30.8 31 29.6 27.8 26.3 26.2 26.4 26.7 27.4 28.3 26.6 26.6 26.5 26.7 26.8 26.1 26.1 26.5 26.7 27.6 26.4 27.1 27.6 27.2 26.8 25 27 29.7 47.3 62 59.8 58.9 58 57.6 56.7 55.7 55.6 55.2 54.8
66.1 65.6 66.1 65.9 65.6 64.3 62.8 61.4 60 57.8 58.4 59 59.6 59.3 59.4 60.1 60.1 60.7 60.4 60 59 57.8 56.4 52.8 49.8 47.3 44.8 42.4 40 37.9 38.2 40 42.1 44.6 45.3 45.3 45 44.7 44.4 43.2 41.9 39.5 37.5 34.9 32.3 31.9 31.2 30.9 30.9 29.6 28.7 27.8 26.2 26.3 26.9 28.9 26.6 26.2 26.6 26.6 26.7 26.7 26.6 25.9 27.1 27.9 26.6 26.6 27 27.3 27.2 26.8 24.7 27 43.2 60 59.8 59.1 58 56.9 56.9 55.2 54.6 54.1 53.6 54.2
66.3 64.5 64 63.8 63.5 63 62.1 61.2 59.8 58.7 56.9 57.5 58.4 57.7 57.8 58.6 59 59.5 59.9 59.5 59.2 58 56.3 53.1 50.4 48 45.5 43 41.7 40 37.2 36.9 38.1 41 44.2 44.5 44.5 44.4 44.2 43.4 42.6 38.9 35.3 32.8 31.8 31.7 31.3 31.1 30.3 28.8 28.1 27.3 26.5 26.5 28.7 27.8 27.3 26.1 25.6 26.3 26.5 26.5 26.9 26.1 25.8 26.3 26.2 26.3 26.6 26.9 26.9 26.7 24.4 40.6 57.6 59.7 59.3 58.8 57.8 56.5 54.9 54.1 53.6 53.2 53 53
66.7 64.5 63.3 62.6 61.2 60.7 60.4 59.9 58.3 59.2 57.8 56.2 57 56.1 56.2 57 57.7 58.2 58.7 58.8 58.6 58 55.9 53.7 50.7 48.4 46.2 43.9 44.5 42.2 39.6 37.9 35.5 37.3 41.3 41.9 43.1 43.1 43 43.5 41.5 37 33.5 31.7 31.7 31.5 31.4 30.9 29.7 27.3 27 26.2 26.5 27.9 28.9 27.7 27.2 27.2 27.3 28 28 28 27.8 26.7 25.8 26.5 26.4 26.2 26.2 26.5 26.5 25.8 34.6 55.6 60.1 59.8 59.5 58.7 57.8 56.2 54.6 53.9 52.9 52.4 52.3 51.7
66.3 64 63 62.1 61.2 60.3 58.5 57.4 57.8 57.3 56.6 56.7 55.2 54.3 54.5 55.3 56 56.8 57.2 57.5 57.3 56.4 55.2 52.9 50.5 48.5 46.7 46.3 46.9 45.7 43.2 41.1 37.6 34.6 36.2 37.4 38.8 40.6 41.7 42.1 37.9 34.7 32.5 31.4 31 30.9 30.9 30.4 28.8 26.2 26.1 26.1 27 29 27.8 27.7 27.9 28 28 28 28 28 28 27.5 25.5 26.8 26.7 26.5 26.3 26.1 25.9 26.9 46.5 61 61.4 61.5 59.8 59.2 58.3 56 54.7 54 53.3 52.2 51.3 50.9
65.7 63.5 62.4 61.6 60.7 59.8 58.9 57.9 56.9 56.3 55.8 57.7 55 52.6 52.6 53.5 54.3 54.9 55.6 56 55.7 54.4 53.9 51.8 49.5 48.4 48.1 47.7 47.6 47.3 46.3 43.9 40 36.2 34.1 33.6 34.1 36.1 38.3 38.1 35.5 34.7 32.6 31.3 30.6 30 29.7 29.5 26.5 26.5 26.3 26.2 28.9 28.8 28.5 28.1 28.1 26.2 28 28 28 28 28 26.5 26.7 26.8 26.7 26.5 26.3 26.1 26.1 38.1 58 60.3 61.5 60.4 59.4 58.6 57.9 55.7 54.6 54 53.2 52.7 51.6 50.8
64.8 62.8 62.1 61.3 60.4 59.6 58.8 57.4 56 55.1 56.2 55.9 56.5 54.3 51.3 51.8 52.4 53.2 54 54.7 53.5 53 52.5 50.7 48.9 48.6 48.3 48.1 47.8 47.8 47.4 46 42.5 38.9 36.7 36.1 34.6 32.9 34.4 34.8 33 32.9 32.6 31.1 30.3 29.6 29 28.6 27.2 26.6 26.8 28.4 28.9 28.9 29.1 29.1 28.7 28.3 25.6 28 28 28 25.3 26.4 26.5 26.6 26.6 26.4 26.2 26.1 29.4 50.3 60.8 60 60.1 59.7 58.9 58 57 55.8 54.8 53.9 52.8 51.9 52.1 51.2
62.7 62.2 61.6 60.9 60.2 59.4 58.6 58.6 56.8 55.2 54.3 53.9 54.1 51.1 50.4 50.4 51.5 52.3 53.1 53.7 53.2 52 51.2 49.6 49.1 48.8 48.4 48 47.9 47.8 46.9 45.8 43.2 41.7 41.3 40.7 38.3 35.8 32.5 31.4 30.8 30.7 30.6 30.6 30 29.3 28.6 29.6 30.3 29.4 28.5 28.5 28.7 28.6 28.8 28.9 29.1 29.2 26.1 28 28 27.2 25.4 26.2 26.3 26.4 26.5 26.4 26.2 24.9 42.9 60.2 59.6 59 57.9 57.6 57.6 56.7 55.9 53.9 54 53.3 52.3 51.2 51.4 51.5
61.6 61.2 60.6 60.1 59.4 58.9 58.9 58.8 59 56 54.8 53.3 54.3 53 50.9 49.4 49.9 51.5 52.3 52.8 52.5 51.4 50.3 49.6 49.1 48.7 48.3 47.9 47.7 46.9 46.3 45.8 44.7 44.3 44.1 42.9 40.6 37.6 34.3 31.7 30.2 31.8 28.7 28.6 28.9 28.4 29.6 30.2 30.6 29.4 28.7 27.5 28.2 28.4 28.5 28.6 28.7 28.4 26.8 28 25.6 25.3 25.5 26 26.1 26.2 26.4 26.3 25.1 34.6 53.8 58.8 58.2 57.5 56.2 55.5 55.8 55.5 54.6 53.3 53.1 52.4 51.7 50.7 49.9 50
58 59.4 58.7 58.3 58.1 59 59.1 58.8 58.8 56.3 54.5 54.4 55 53.7 51.9 50.1 49 49.4 51.5 52.4 51.6 50.5 49.7 49.7 48.6 48.3 48 47.7 47.8 47.3 46.7 46.1 45.8 45.1 44.3 42.7 40.7 37.2 33.5 31.1 29.4 29.2 28.6 28.6 28.2 28.8 28.7 29.8 29.4 28.4 28.3 28 28 28.1 28.2 28.2 27.8 27.1 28 28 27.6 25.9 26 25.9 25.9 26.1 26.2 25.8 30.5 48.4 58 57.3 56.7 56.1 55.5 55.1 53.8 54 52.7 51.5 51.4 51.2 50.9 50.4 50.1 49.8
54.2 56 56.6 56.3 56.3 58.7 59.5 59.8 59.8 57.2 54.5 54.7 54.5 53.6 52.7 51 48.5 48.3 50 51.9 50.5 49.7 49.7 49.6 48.6 47.7 47.3 47.3 46.5 45.8 45.2 44.6 44.1 43.3 42.6 41.6 38.4 34.2 30.8 29.3 29.2 29.3 29.2 28.3 30.1 28.6 27.7 28.3 28.1 27.8 28 28 27.8 27.8 27.6 27.2 27.1 28 26.3 26.5 26.2 25.9 25.8 26.1 26.1 26.2 26.3 26.1 44.9 57 56.7 56.1 55.5 54.9 54.1 53 52.3 52.3 51.1 50.3 49.6 49.4 49.2 49.3 48.9 48.2
52.2 53.2 53.7 53.2 53.8 56.4 59.5 60.3 60 58.7 55.5 54.7 54 53 52.1 51 48.4 47.5 49.6 50.7 50.5 50.1 50 49.4 48.9 47.3 47.1 47.8 46.7 45.7 44.7 43.8 42.9 41.5 40 37.9 34.6 31.1 29.4 29.2 29.3 29.3 29.3 27.2 27.2 31.7 28.1 28.1 26.4 27.2 27.3 27.5 27.7 27.6 27 27.2 27.8 28 27.1 25.9 25.8 25.7 26 26.3 26.5 26.3 24.1 36.3 54.7 56.1 55.5 54.9 54.3 53.7 53.1 52.3 50.7 50.5 50 49.2 48.5 47.8 47.4 47.5 47.6 46.9
56 53.8 51.4 50.2 51.3 54.3 57.6 59.3 59.6 58.5 55.6 54 53 52.2 51.3 49.8 48.4 46.8 49 49.4 50.6 49.1 49.3 49.1 48.1 47.2 47 47.7 47.4 46.5 45.5 44.6 44.1 43.1 41.3 36.9 32.2 30.3 28.7 28.6 28 27.9 27.5 27.2 29.6 29.5 28.2 27.9 27.2 26.5 26.7 26.9 27.1 27.3 25.6 28.3 28.3 26.6 26.3 26.2 25.5 25.8 26.2 26.6 26.9 24.9 30.9 50.4 56.4 55.4 54.6 53.7 53.1 52.5 51.9 50 49.4 49.1 48.6 47.9 47.3 46.7 46 45.7 46.4 46.2
57.2 56 53.8 51.5 49 51.8 55.2 57.2 58.5 58 54.8 53.2 52.3 51.5 50.6 48.6 47 46.4 48.9 49.3 49.2 49.2 49.4 48.4 47.5 46.6 46.5 46.9 47.4 47.3 46.3 45.7 45.5 44.4 41.6 36.7 31.2 29.7 28.2 28 27.7 27.7 27.7 29.8 28.3 28.7 28.4 27.9 27.5 26.2 26 26.2 26.5 26.7 28.3 28.3 25.3 25.8 26.1 26.1 25.4 25.4 25.4 25.5 25.5 25 39.7 55.8 56.2 54.9 53.7 52.7 52 51.4 49.8 48.3 47.8 47.6 47.2 46.5 45.8 45.2 44.6 45.1 45 44.6
56.2 55.5 54.8 53.7 50.5 47.8 51.7 55.9 56.9 56.2 54.3 52.6 51.6 50.7 49.4 47.3 46.2 46.5 48.6 49.3 49.2 49.3 48.7 47.8 46.8 46.3 46.2 46.1 46.6 47.1 47.2 46.6 46.5 45.2 40.9 33.7 30.1 28.6 28.2 27.7 27.7 28 27.7 30 28.9 28.6 28.3 27.9 27.4 26.1 26.1 25.6 25.6 25.8 28.3 28.3 25.1 25.6 25.8 25.4 25.3 25.4 25.3 25.2 25.1 29 51.5 56.5 56.2 55.3 53.9 52.4 50.9 50.5 48.1 47.2 46.4 46.1 45.7 45.1 44.4 43.7 43.5 43.6 43.5 43.3
55.5 54.8 54.2 53.4 52 48.4 51.1 52.4 55.3 55.3 53.8 52.1 51.3 50 48.3 46 45.2 46.3 48.2 49.3 49.2 49.1 48.6 47.4 46.2 46 46 46.2 46.7 47.2 47.2 46.7 46.4 44.1 38.2 32.6 30 28.1 27.9 27.7 27.7 29.2 30.1 28.9 28.5 27.7 27.1 26.7 26.6 26 26.1 26 25.5 28.3 28.3 27.6 26.7 25.3 25.6 25.9 25.4 25.6 25.6 25.6 25.5 36.6 55.7 56.6 55.4 55.8 53.6 51.4 52 48.9 47.4 46.4 45.4 44.6 44.3 43.6 42.9 42.3 42.1 42.1 42 42.6
54.9 54.3 53.5 53.4 52 49.2 47.5 49.5 52.4 53.5 53.2 51.6 50.4 49.4 47.3 44 44.8 46.2 47.7 48.7 48.5 49 48.2 47.5 46.6 46.3 45.8 45.9 46.9 47 47 46.8 45.7 43.9 35.6 31.6 29.6 27.6 27.7 28.1 28.9 30.3 28.9 28.7 28.2 27.9 27.1 26.3 25.8 26 26.2 26.3 25.3 28.3 25.2 25.4 25.6 25.8 26 26.2 25.5 25.7 25.8 25.9 28 44.5 56.6 56.3 54.9 54.6 52.8 50.9 50.5 47.9 46.9 45.8 44.6 43.6 42.8 42.2 41.8 41.5 40.8 40.6 40.5 40.8
54.3 53.6 53.5 53.2 51.6 50.3 48.4 46 48.8 50.7 50.8 51.3 50 48.2 46.7 42.9 43.3 45.3 47.2 48 48.2 48.6 48.5 47.2 45.6 45.2 44.8 45.2 45.7 45.9 46.3 46.1 44.7 37.8 32.7 29.2 28.2 28.4 27.6 27.6 30.3 28.9 27.7 28.4 28 27.6 27.2 26.5 26 26.4 26.6 26.9 27.9 25.3 25.2 25.4 25.8 26.2 26.6 26.4 25.6 25.7 25.7 25.7 36.4 49.2 56.9 55.9 54.3 53.3 51.6 50.2 49.1 47.6 46.6 45.6 44.4 43.3 42.2 41.3 41.2 40.9 39.7 39.5 39.6 39.7
54 53.6 53.4 53.3 52.9 51.9 49.2 45.7 46.8 47.6 48.9 50.3 49.3 47.6 45.8 42.8 42.6 45.1 46.6 48.1 48.3 48.3 47.4 47.3 45.3 44.6 44.3 45.4 45.1 44.9 44.8 44.6 42.4 37.7 31.6 28.6 28.1 28.7 27.8 28.3 29 28.8 27.9 28.1 27.7 27.3 26.9 26.7 25.6 25.5 26 26.4 25.9 25.5 25.4 25.3 25.7 26 26.4 25.9 26.4 25.7 25.4 27.3 41.9 53.9 57.4 55.6 54.2 52.9 51.2 49.8 48.3 47.3 46.3 45.3 44.2 43.1 42 40.9 39.9 39.9 39.3 39.7 39.9 39.9
54.7 54 53.8 53.3 54.5 53.1 50.6 47.6 43.6 44.6 47.8 48.8 47.5 46.2 45.9 42.3 41.6 44.2 46.5 47.7 48 47.6 47.2 46.1 44.1 43.6 43.9 45.4 45.2 44.7 43 41.9 40.1 35.8 30.3 28.9 29.4 28 28.2 29 28.8 28.5 28.2 27.9 27.5 27.4 27.2 26.1 25.6 25.5 25.3 25.5 25.6 25.7 25.6 25.5 25.5 25.9 26.1 25.8 25.8 26 24.7 31.9 44.9 54 56.6 55.9 53.8 53.1 52 50.2 48.4 47.1 46 45 44 42.9 41.8 40.7 39.6 38.9 40 39.9 40.1 40
54.9 54 54 53.7 53.9 53.6 51.6 48.8 46.1 43 44.6 45.2 43.5 43 41.8 39.7 39.3 42.1 45.4 47.5 47.9 47.8 47 46.2 44.2 42.5 43.2 44.2 44.8 44.6 42.3 38.5 37.5 32.9 29.8 29.7 29.2 28.3 29 28.8 28.6 28.3 28 27.3 27.1 26.9 26.9 26.9 25.9 26.3 25.8 25.4 25.6 25.7 25.7 25.7 25.6 25.8 25.8 25.8 24.8 25 26.2 35.7 47.2 55.6 57.2 55.8 53.5 52 50.8 49.7 48.5 47.2 46 44.8 43.8 42.7 41.6 40.6 39.6 39 39.6 39.6 39.9 39.9
54.4 53.8 53.4 53.4 53 52.7 52.3 49.9 49.2 44.6 42.8 40.7 40.1 39.7 40.7 41.5 38.1 39.3 43.3 47 47.5 47.5 46.8 46 44 41.2 41.7 44.3 45.1 43.5 37.4 37.8 34.8 31.6 29.8 30 29.8 29 28.7 28.4 28.4 28.1 27.8 26.7 26.7 26.9 27 27.2 27.3 26.9 26.4 25.8 25.6 25.7 25.7 25.7 25.7 25.7 25.1 24.3 26.1 26.1 28 38.4 50.6 58.4 57.1 55.5 53.6 51.1 50.6 49.8 48.5 47.3 46 44.8 43.5 42.2 40.4 39.8 38.8 38.6 38.6 38.6 39 39.5
53 53 53 52.7 52.3 52 51.6 51.2 50.5 48 46.8 45.1 43.9 43.9 45.4 45.6 40.6 37.2 40.1 44.8 47.1 47.1 46.5 45.8 43.1 39.6 41 43.9 43.5 43 40.9 36 31.9 31.5 29.3 31.5 28.9 28.7 28.3 28 27.8 27.7 27.6 26.9 27 27.1 27.2 27.3 27.5 27.2 26.8 26.3 25.8 25.7 25.7 25.7 25.7 24.7 24.4 26.2 26.1 26.2 28.9 42.4 54.1 58.3 56.6 55.6 54.2 51.4 50.7 49 47.7 46.5 45.2 44 42.8 41.6 40.2 38.9 38.7 38.5 37.7 37.7 38.2 38.7
51.3 52.2 52.1 52.3 52.1 51.7 51.4 50.9 50.1 49.7 49.1 48.3 47.7 47.7 48.1 46.7 42.9 37.9 37.7 42.6 46.1 46.2 45.9 45.2 41.6 38.1 39.5 42.8 41.9 41 40.2 38.3 34.5 28.8 29.5 29.1 31.2 28.3 27.9 27.5 27.2 27.1 27.4 27.2 27.3 27.4 27.4 27.5 27.6 27.4 27 26.6 26.2 25.8 25.7 25.6 24.8 25.1 26.5 26.2 26.2 26.2 31 44.8 57.8 58 56.3 54.7 53.6 52.6 50.7 48.2 47 45.7 44.5 43.3 42.1 40.9 39.6 38.7 38.5 38.3 38.1 37.1 37.8 38.5
49.1 49.8 51.2 51.3 51.5 51.4 51.1 50.6 50.7 50.4 49.9 49.5 49 48.9 48.9 47.4 43.9 39.6 36.3 41.4 43.5 45 44.7 44.4 42.5 37.5 36.9 41.2 39.2 38.4 37.8 37.1 31.5 30.1 29.4 29.7 32.3 27.9 27.4 27.1 26.8 26.8 27 27.6 27.6 27.7 27.7 27.8 27.8 27.5 27 26.5 26.1 25.2 24.5 26.1 26.1 26.3 26.5 26.3 26.1 26.4 32.2 48.4 60.2 57.6 55.9 54.4 52.9 51.5 50.3 47.5 46.2 45 43.8 42.6 41.4 40.2 39 38.4 38 37.6 37.3 37.3 38 38.3
49.3 47.2 50.1 50.3 50.5 50.7 51.2 50.8 50 50.1 49.6 49.1 48.5 48.5 48.4 48.4 46 41.4 37.4 37.3 39 40.9 42 42.3 41.3 37.8 33.5 34.2 34.3 33.1 33.7 31.6 30.3 29.8 28.6 28.5 29.5 27.7 27.2 26.8 26.8 26.9 26.8 27.7 27 27.2 27.4 27.6 27.7 27.2 26.8 26.3 25.3 24.9 25.9 25.8 25.8 26.1 26.4 26.5 26.1 28.4 37.3 53 60.4 57.5 55.5 54.2 52.7 51.1 49.8 47.3 45.7 44.4 43.2 42 40.8 39.6 38.4 37.9 37.2 36.8 36.8 37.4 37.8 37.9
50.6 49.7 49.5 49.5 49.7 48.9 49.9 49.5 47.4 47.7 47.4 47 47.4 47.6 47.6 47.6 47.5 45.3 41.8 38.2 36.7 36.1 37.1 38.3 38.7 35.6 32.2 31.5 31.9 31.3 32 31.7 30.2 30 29.2 28.2 29.6 27.6 27 27 27.7 27 26.9 27.8 27.1 27.2 27.4 27.7 27.1 26.6 26.5 26.1 25.6 25.9 25.6 25.6 25.5 25.7 26 26.3 26.9 30.1 42.9 57.5 59.9 57.2 55.2 53.4 51.7 50.9 49.4 47.2 45.2 43.9 42.6 41.4 40.2 39 38.1 38 36.8 36.5 36.8 37.3 37.4 37.4
50.1 49.5 49.4 49.5 49.4 47.5 47.2 45.3 44.1 43.7 44.1 43.8 44 44.4 44.1 43.5 43.3 42.4 42.3 40.2 35.8 33.7 33 32.8 33 31.5 33.3 33.6 33.3 33.3 32.8 31.5 29.4 29.4 29.7 28.3 28.9 27.8 26.9 27.9 27.8 28 27 27.5 27.7 27.3 27.5 27.7 26.6 26 26.1 24.1 26.3 26 25.8 25.3 25.3 25.4 25.7 25.9 26.5 31.7 47.5 58.5 59 57 55 53 51.3 49.6 48 47 44.9 43.5 42.1 40.8 39.5 38.3 37.9 37.6 37.1 37 36.8 37 36.9 36.9
49.5 48.8 49.5 49.5 49.5 44.5 43.1 43 41.8 40.9 40.1 40.4 40.1 41 39.5 39 38.6 37.9 37 36.5 34.7 33.7 33.9 32.9 34.3 35.2 35.5 34.9 34.3 35.4 35.5 31.5 28.8 28.4 29.2 28.7 28.3 27 28 27.3 27.4 28 27.5 27.3 27.4 27.6 27.5 27.2 26 25.4 25.4 24.9 25.8 26 25.7 25.6 25.1 25 25.3 25.5 26.9 37.8 50.9 57.9 58.7 56.8 54.8 52.8 51 49.3 48.8 46.5 44.8 43 41.7 40.4 39 38.2 38 37.7 36.8 37 36.1 36.7 36.6 36.5
48.7 47.9 46.9 48 45.9 42.8 42.1 41.8 41.7 41.5 41.2 41 40.2 39.8 39.6 39.2 38.9 38.7 38.3 37.8 37.2 37.1 36.5 37.1 37.4 37.1 38.1 39.2 38.7 37.8 36.3 30.9 28.3 28.1 29.3 28.9 28.3 28.1 27.7 27.3 27.6 28.3 27.6 27.4 27.5 27.6 27.5 26.9 25.7 24.6 24.8 25.8 25.7 25.6 25.8 25.8 25.4 24.9 24.9 24.8 29.1 42.2 53.2 57.9 58.7 56.2 54.4 52.5 50.6 49.5 48.4 46.5 44.5 42.6 41.3 39.9 38.3 37.3 37.3 37.5 36.8 37 36.4 36.3 36.2 36.1
48.6 47.6 45.2 43.6 43.8 43.5 43.4 43.1 43.4 43.3 43 42.8 42.4 43 43.3 43.1 42.2 41.6 40.5 40 39.6 39.6 39.1 39.1 40.2 42.4 41.7 40.9 39.9 38.9 36.3 30.6 28.4 27.9 28.9 29 28.4 28 28.2 27.8 27.5 27.1 27.8 27.7 27.6 27.3 27.2 26.9 24.7 24.4 24.5 24.9 25.7 25.6 25.6 24.7 24.5 25.4 25.7 26.3 36.5 49.4 59.8 59.6 58.5 55.9 53.9 52.1 50.7 49 47.8 46.2 44.2 42.8 41.1 39.6 38.9 37.8 37.2 37.3 37.4 37 36.3 36 35.9 35.7
47.9 47 44.7 44.9 45.6 45.4 44.7 44.8 45 45.1 44.8 44 43.6 44.5 45 44.6 45.3 44.1 42 41.4 41.2 41.2 41.8 42.4 42.9 44 42.9 42.1 41.1 38.8 35.6 30.9 27.2 27.8 28.1 28.4 28.7 28.2 28.1 28.2 28 27.5 26.9 27.3 27.1 26.9 26.8 25.2 25 25.3 24.6 24.7 24.8 24.9 25.5 25.4 25.3 24.9 25.6 29.7 44.7 57.4 61.8 60 58.1 56 55 53 50.9 48.5 47.3 45.9 44.1 43.5 42.3 40 38.3 37.8 37.1 37.1 37.2 37 36.1 35.6 35.5 35.5
47.4 46.3 46.2 45.4 46 46.8 46.4 46.6 46.8 46.9 46 45.1 44.8 45.7 46.6 47.2 47.2 46.3 44.5 42.8 42.8 44.8 46.8 46.5 46.2 45.3 44.3 43.2 41 38.7 35.3 30.7 26.4 27.3 27.2 27.4 28.6 28.5 28.4 28.2 28.1 27.5 26.8 26.8 26.6 26.5 26 24.9 26.3 25.2 24.8 24.9 25 25.1 25.2 25.3 25.3 25.2 26.4 37.4 51.5 63.1 62 60 58.2 57 54.9 52.6 51.2 49.7 47.9 45.9 44.9 43.7 42.8 41.1 39.9 39.1 38.3 37 37 37.2 36 35.3 35.3 35.4
46.7 47.8 46.9 47.2 47.1 47.9 48.5 49 48.8 48.3 47.1 46.1 46.5 47.4 47.7 48.4 47.7 44.6 44 48.1 48.8 49.3 49.3 48.3 47 45.8 44.9 43.5 41.1 38.5 34.7 29.2 28.2 27.1 26.7 27.6 28.2 28.1 27.9 27.8 27.7 27.3 26.7 26.3 26.2 26.1 25 26.4 26.3 25.1 25 25.1 25.2 25.3 25.5 25.7 25.4 25.3 28 43 56.9 65 63.4 61.6 59.1 57.7 55.9 53.7 51.9 50.8 49.2 47.8 46.3 43.6 43.3 42.5 40.8 39.1 38.2 37.4 37 36.8 35.5 35.1 35.3 35.5
48.4 48.5 47.9 47.3 47.8 48.3 48.6 49.8 49.2 49.1 48.6 48 48.4 48.5 48.9 47.1 45 47 50.1 50.3 50.5 50.1 49.2 48.3 47 45.7 44.4 41.9 40.6 38.1 34.4 30 27.5 27.2 26.6 27.6 27.6 27.7 27.5 27.4 27.3 27.1 26.5 26.7 26.7 26.8 25 26.6 25.8 25 25.1 25.3 25.5 25.7 25.9 26.1 26.3 25.3 31.4 47.2 60.5 65.5 64.2 62.4 60 58.2 56.1 54.5 52.6 51.3 49.7 48.2 46.6 44.4 43.8 42.9 41.2 39.9 39 38.2 37.2 36.5 36 35.3 35.4 35.6
49.2 49.8 47.9 50 49.6 49.8 49.7 50 49.9 49.8 49.4 49.4 49.4 49.1 46.8 45.7 50.8 50.7 50.7 49.9 48.5 47.7 46.4 45.7 45 43.6 42.1 39.8 38.7 37.5 34.7 30.8 27.9 27 26.5 27.1 27.1 27.1 27.1 27 26.9 26.8 26.3 26.9 26.9 26.2 25.9 26.2 26.3 25.3 25.5 25.7 25.9 26.1 26.3 26.5 26.7 26.2 35.5 51.3 63.2 65.7 64.4 62 60.8 58.4 56.4 54.7 52.8 51.3 49.8 48.3 46.8 44.7 43.7 43 41.6 40.7 39.8 38.8 37.9 37 36 36.1 35.5 35.7
