Game/Highland_Data/StreamingAssets/GeoData/Data/sp/SP12.asc
ncols 200
nrows 200
xllcorner 410000
yllcorner 220000
cellsize 50
[rows 140 to 174 of 200, columns 0 to 77 of 200]
223.9 222.7 221.6 220.4 218.7 217.7 216.2 213.5 210.9 207.9 207.5 207.3 209.7 212.2 213.2 212.7 212.1 212.1 211.9 210.9 209.2 207.7 206.6 205.9 204.6 202.4 201.4 201.2 199.8 197.8 197.3 196.1 194.8 193 191.9 191.7 192 192.3 191.4 189.7 186.6 183.4 179.3 174.5 170.4 166 159.3 153.9 148.6 148.3 148 148 147.9 147.4 147.5 147.6 147.6 147.1 156.2 161.8 155.2 154.2 165.5 176.8 182.9 186.9 190.3 191.4 191.6 192.2 192.8 192.2 194.5 196.9 199.3 201.9 202.9 203.7
224.5 224 222.9 222.1 221.2 220.1 218.3 217.4 215.5 212.7 209.5 206.3 204.9 205.4 206.8 208.5 209.2 208.9 208.6 208.7 208.4 206.8 205.7 204.3 202.1 199.7 198.7 199.5 198.3 198.3 197.8 196.5 195.5 194.2 192.8 192.5 193.6 193.7 192.5 191.1 188.7 185.8 182.8 178.5 176.8 174.7 172.4 167.3 162.5 159 156.6 155.1 155 155.6 152.2 148.4 147.7 147.4 148.8 151.6 152.7 162 173.3 180.4 185.5 189.9 192.9 193.9 194.8 195.5 196.2 196.3 197.5 199.9 202.2 204.2 205.1 205.9
224.7 224.6 224.2 223.3 222.5 221.5 220 219.1 218 215.7 213.4 210.8 205.6 201.6 200.9 201.4 202.3 203.6 204.1 204.3 204.9 202.9 202.6 201.8 199.4 197 196 196.2 196.2 196 196.4 196.7 196.2 194.7 193.2 191.2 191.4 191.7 191.1 189.9 188.2 187.3 184.9 182.5 181.7 179.6 177.3 175.1 172.8 171.6 170.1 167.5 162.8 157.5 151.5 148.9 147.5 147.5 148.6 152.9 161.7 172.5 178.1 181.6 186.6 191.2 193.9 195 196.7 197.8 198.8 199.8 200.5 202.7 203.7 205.1 206.5 207.4
224.8 224.9 224.4 224 223.5 222.8 221.7 220.5 219.1 217 214.6 212.5 209.3 206 202.6 198.8 195.3 195.2 195.1 195.1 195.6 196.4 196.7 194.4 192.2 190.8 191 191 190.7 192 192.4 193.8 193.8 193.6 192.8 191.3 188.9 187.9 187.5 186.8 185.1 184.4 184.4 184.6 184 182.6 181.2 179.3 176.1 172.8 171 167.7 162.9 156.4 151 147.7 147 146.4 153.3 163.4 171.8 176.4 179.7 183 187.8 192.3 194.8 196.1 197.6 198.9 200.1 201.2 202.2 203.1 204.4 205.5 206.5 207
224.9 224.9 224.3 223.8 223.4 222.9 222.3 221.1 219.8 218.2 215.8 213.9 211.6 208.6 205.9 202.9 199 197.5 194.7 192.9 191.2 189.6 186.2 182.4 180.7 178.7 176.7 178.1 178.6 179 183.6 187.4 189.7 190.6 190.8 189.5 188.1 186.3 184.6 183.3 182.2 181.4 181.4 182.8 183.6 183.4 182.5 180.5 177.3 172.9 170.4 166.9 162 155.8 150.5 147.2 146.6 147 157.4 168.3 172.4 176.6 180.9 184.6 189.1 192.2 195 196.9 198.2 199.5 200.7 201.9 202.5 203.1 204.1 205.1 205 205.5
223.6 223.9 224.2 223.7 223.1 222.5 221.8 221.1 220 218.6 216.9 215 213 210.4 207.6 205.8 204.1 202.9 201.3 199.8 198.6 197 195.2 192.6 190.7 187.3 185 181.7 177.3 171.5 169.2 174.9 179.7 186 186.3 184.5 182.7 180.1 177.8 176.1 177.3 177.9 177.8 179.2 180.6 181.6 181.8 180.3 176.8 172 168.5 165.3 160.9 155 150.1 147.6 146.4 146.9 153.1 162.3 168 173.6 178.7 184.1 188.2 190.5 195.5 197.7 199.1 200.2 201.4 202.2 202.6 203.3 202.7 202 201.8 202.5
222.7 222.1 223.1 223.8 222.9 222.1 221.4 220.7 220 218.6 216.8 215 212.9 210.7 208.8 207.5 207.4 207 205.7 204.9 203.7 202.4 201.2 199.5 197.5 194.7 191.8 188.7 184.3 179.3 172.2 166.7 166.5 173 179.3 177.9 175.5 170.6 165.1 163.1 165.6 168.8 171.3 173.7 175.3 177.7 179.4 177.8 174.5 169 166.4 163.4 160 156.2 151 148 146.6 146.6 147.3 151 156.1 163.6 170.8 176.8 182.4 190.4 196.7 198.6 199.8 200.9 201.6 201.6 201.1 200.7 199.9 199 198.7 198.2
222.6 221.2 221 223.1 223.3 222.1 220.8 219.8 219.1 217.4 216.1 215.1 214 212.3 210.6 209.3 209 208.7 208 207.4 206 204.9 203.3 201.7 200 197.8 195.2 191.8 187.7 182.9 178.3 173.7 166.9 160.4 166.9 167 161.5 157.5 156.3 155.4 154.8 157.8 161 163.9 166.1 170.3 174.3 172.9 169.5 166.2 162.7 161.6 160.7 156.2 151 147.6 146.6 146.6 146.6 146.3 148.5 153.4 161.7 174.3 186 192.8 197.1 198.8 199.9 199.4 199.1 196.9 194.6 192.1 190.8 189.6 189.2 188.3
222.7 221.3 218.7 220.8 222.7 222.1 221.2 219.9 218.5 217 215.7 214.7 214.4 212.7 211 209.8 209.3 207.9 207.2 206.7 205.5 204.3 203.1 201.9 200.3 198.2 194.6 190.9 187.2 182.1 176.9 171.8 165 158.9 158.2 158.4 158.1 164.3 166.5 166.5 162.2 160 154.7 153.2 152.8 157.7 163.1 163.9 160.2 155.8 153.7 152.7 152.5 150.5 148.4 147.2 146.2 146.4 146.7 146 145.9 147.3 156 169 185.3 192.3 196.1 197.6 197.4 196.2 191.4 189.5 187.4 185 182.3 180.5 179.8 180.2
222.8 220.9 216.2 217.4 220.8 221.8 221.4 220.2 218.8 217.3 215.7 214.3 214.1 212.6 211.2 210 208.3 206.6 206.1 205.3 204 202.7 200.8 199.2 197.6 195.4 192.2 188.1 181.7 174.5 168.6 162.1 160.7 162.5 166.8 168.1 170.5 174.1 176 172.3 169.6 167.7 162.6 155.7 156.2 152.7 151.5 151.8 150.7 150.3 150.2 150.1 150 149.7 149.7 150.4 152.1 150.9 147.2 145.3 145.1 145.1 150 163 180.3 190.1 194.1 195.6 193.8 188.8 183.8 179.3 176.3 173.3 172.1 171.7 170.9 171.6
222.4 219.7 215.3 213.4 216.5 219.6 220.6 220.2 219 217.4 215.7 214.3 213.7 212.5 211.1 208.9 207 205.2 204.8 204.2 202.8 201.5 198.9 197.3 195.2 192.2 188.6 183.9 177.1 168.1 162.9 163.3 167.9 171.7 174.4 177 178.1 178.6 178 174.4 170.1 166.6 158.3 161.5 161.8 159.3 157.4 156.2 156.5 157 157.6 158.1 158.9 159.3 159.3 159.3 159.5 156.8 150.6 146.2 145.7 144.8 146.5 159.3 176.3 188.6 191.4 191.5 187.4 181.2 176.2 171.5 165.7 163.4 162 161.4 159.8 162.9
220.5 218 213.3 209.9 212.7 216.3 218.4 218.5 217.5 216.5 215.5 214.3 213.2 212.1 211 209.3 206.6 203.9 202.8 201.8 201.5 200.2 197.4 194.4 190.2 186.9 183.3 177.1 170.1 163.5 166.9 171.2 175.6 178.3 178.9 179.9 179.8 178 175.6 170.4 166.2 162 162.5 166 166 164 163 163.6 162.4 161.6 162.8 164.9 166.6 166.8 165.7 164.3 161 156.1 149.4 148.5 149.1 144.9 144.7 156.4 172.2 184.8 187.7 186.1 181.4 174.7 168.4 162.7 158.9 156.5 154.3 152.2 149.9 147.4
215.5 213.9 209.6 207.6 207.7 212.1 215.2 216.8 215.8 215.1 214.4 213.1 211.8 210.7 209.6 208.8 206.2 202.9 198.3 198.4 198.5 197.2 194.1 189.8 184.9 181.4 177.9 172.4 164.9 167.5 175.1 179.3 182.9 183.9 183.8 182.7 179.5 175.5 171.6 166.6 168 165.8 167.3 168.7 168.1 166.8 166.1 166.6 166 165.5 166.5 169.3 171.3 170.4 167.8 161.6 157.5 151.9 148.8 153.8 151.6 146 144.5 154 168.3 178.1 181.3 179.6 175 169.1 163.5 158.7 154.9 151 148.6 146.4 142.3 141
211.8 209.7 207.9 204.9 201.7 206.3 211 214.4 215.1 214.5 213.7 211.9 210.2 209.1 208.1 207.3 204.3 201 195.1 194 193.8 192.7 189.4 185.1 180.2 174.6 170.2 164.4 168.4 176.3 182.4 185.9 188.6 187.7 186.3 183.3 179.5 173.7 171.7 173.2 173.3 170 171.2 171.4 171.6 170.7 169.2 170.5 170.6 171.1 172.8 175 172.2 170.4 166.4 159.5 153 149.8 152.6 153.2 150.5 146.7 144.9 148.5 164.5 171.6 174.7 173.5 170.2 165.1 160.5 155.2 151 146.9 144.1 142 140.7 140.8
209.6 207.9 206.2 204.6 200.7 199.5 205.4 210.5 212.8 213.1 212.7 210.8 209 207.5 206.3 203.4 201.6 198.1 192.5 187.7 187.5 187 183.9 179.1 174 168.5 165.7 173.1 179.8 183.6 186.1 192 192 190.8 187.8 183.3 176.8 173.6 177.8 178.8 177.4 174.2 174.6 175.9 175.8 174.9 174.5 175.7 177.3 177.5 179.1 178.3 175.6 170.1 162.6 154.9 151.6 155.2 156.8 157.4 152.7 146.6 145 145.3 156.7 165.6 169.2 168.1 165 160 155.2 150.9 147.4 143.2 142.5 141.6 145.2 147.2
209 207.3 205.1 203.1 199.7 194 199.4 204.5 208.4 210.2 210.4 209.9 208.5 205.8 202.6 199.2 196.3 193.6 189.7 183.2 180.3 180.7 177.7 172.6 167 170.6 176.2 182.8 184.1 188.5 194 195 193.5 192 188 181 176.8 179.2 183 182.9 181.8 178.6 177.6 179.6 180.5 180.3 180.9 181.9 183.4 183.6 182.5 179.8 175.1 168.1 159.1 153.3 161.4 163.4 161.7 162.3 158.7 150.2 144.3 144.5 145 155.4 162.9 162.5 158.7 153.6 148.8 145.1 143.6 142.6 141.7 144.5 150.9 151.9
208.5 206.7 204.9 203.2 199.7 194.6 192.9 200 203.7 206.4 207.7 207.9 207 204.6 201.2 197.4 190.6 188.2 185.5 182.2 175.1 173.7 171.1 167.7 172.7 178.8 185.4 190.2 193.7 196.6 198.9 197.9 196.3 193.3 185.7 179.5 181.4 185.1 187.4 186.5 185.2 181 180.8 182.6 184.4 186.5 187.8 188.8 189 186.9 184.3 180.1 175 164.9 154.5 163.2 169.8 168.5 165.5 167.5 164.3 155.9 144.9 144.2 144.2 146.8 152.7 156.2 153.8 151.3 146.7 143.5 142.8 141.5 145 154 156 154.3
207.4 206.1 204.4 202.4 199.9 196.5 188.9 193.9 199.4 200.9 201.8 204.6 203.8 201.2 198.4 194.4 188.3 182.4 181.8 177.9 172.5 168.9 169.7 173.2 179.2 186.8 191.4 195.8 199.2 201.4 201.7 200.9 198.2 191.6 184 184.5 188.4 190.9 191 190.3 187.2 184.1 184.4 187 190.1 191.8 193 193.5 192 188.4 184.4 180.2 174 161.7 160.5 171.8 174 173.1 171.9 172.9 170.2 163 151 144.2 144 144.2 144.5 148.2 149.4 147.4 144.6 143.1 142.5 144.1 154.4 165 164.2 158
205.9 204.6 202.6 199.7 196.1 191.9 186.4 187.8 191.3 193.9 195.8 196.6 197.1 196.6 193.8 191.3 187.9 181.6 175.8 172.8 171.1 170.9 173.9 180.9 186.1 191.1 195.8 200.3 203.1 203.8 203 201.6 197.5 191.8 190 191.5 194.2 195.5 195.6 193.7 190.7 188.4 188.5 190.9 194.7 195.6 196.6 196.5 194 189.4 185.6 178.1 176.1 174.5 169.8 176.5 179 178.4 178.2 177.2 175.8 170.4 159.7 150.2 143.8 144 143.6 143.6 144.4 143.8 143.2 142.9 142.9 148.8 162.7 171.7 169.2 162.3
200.8 202.1 199.5 194.5 189.6 184.6 181.8 180.7 180.4 179.7 181.7 188.2 191.7 191.2 189.1 186 182.2 176.3 172 172.4 176 180.2 177.5 184.5 190.1 195.1 200.1 203.3 205.4 204.9 203.4 200.1 197.8 197.2 196 196.8 199.1 200.4 200 198.1 196.2 194.9 195 196.5 198 198.9 199.7 198.9 195.7 191.2 186 175.6 162.6 164 172.9 181.7 179.3 180.4 181.8 182.4 180.1 176 168 158.6 148.4 146.3 144.2 143.5 143.1 143 142.9 143 145.7 157.8 171.5 174.1 171.6 165.5
194.7 196.7 193.4 188.3 185.1 188.4 190.4 190.7 189.6 186.6 181.5 177 178.8 183.5 180.9 176.5 173.6 173.3 173.2 178.6 184.3 186.7 184.2 185.7 192.8 198.8 203.1 205.8 204.7 204.9 206 203.6 199.1 198.5 199.2 200.2 203.1 203.6 202.8 202.2 201.5 201.1 201.1 201.2 201.8 202.4 202 199.9 195.6 190.9 184.9 172.4 161.3 172.3 181 187 188.9 186 180.8 181.3 181.6 179 173.9 165.2 153.4 150 147.2 145.5 144 143.8 143.9 148 157.3 171.1 176.3 175.6 172.8 168.7
191.3 189.3 187.2 190.2 193.5 194.7 195.9 193.6 193.7 192.6 190.2 184.7 175.7 174.3 173.5 174.9 177.9 179.3 176.6 185.1 190.2 192.4 191.2 189.4 196.3 201.1 205.7 208.2 209.8 209.6 206.5 204.4 200.1 201.1 202.3 203.7 206 206.3 205.7 205 204.8 205.1 205.2 205 204.6 204.2 202.8 199.5 194.5 189.2 181.3 168.5 167.1 178.6 186.3 190.6 191.8 190.4 188.1 184.9 181.1 178.4 175.8 166.4 164.6 160.4 153.5 150.6 149.1 150 153.7 161.3 172.9 179.9 177.7 177.4 174.2 173.2
189.8 194.6 196.1 198.9 197.8 198.3 197.4 195.3 195.1 193.6 190.2 182.5 177.4 182.4 186.6 189.3 189.6 187.2 181.5 188.1 194 197.1 196.5 197.4 200.5 204.2 208.1 210.5 211.3 211 207.8 204.5 201.4 204.9 205.4 206.7 208.7 209.2 208.8 208.5 208.5 208.9 208.7 208.1 206.7 205.1 203 198.7 193.6 188 177.1 165.3 174.3 184.5 191.2 193.9 194.5 193.9 192.9 191.5 187.8 182.1 176.1 176.7 177.1 173.1 164 162.6 163.8 162.8 162.1 173.7 181 182.7 181.2 179 177 176.1
199 201 202.1 201.6 200.3 199 197.5 195.6 191.9 187.8 181.1 179.3 186.2 192.6 195.9 197.6 197.7 195.2 187.8 189 197.2 201.1 201.3 201.8 202.7 205.6 209.8 211.9 212.6 212.2 209 206.1 205.8 209.3 209.9 209.1 211.3 212.5 212.3 212 212.3 212.2 211.4 210.1 208.3 206.3 202.3 197.9 192.9 185.7 172.9 168.9 180.6 189.7 194.9 196.7 196.5 196.3 195.4 194.3 189.9 182.6 179.8 184.2 182 178.2 167.3 170 174.4 176.6 172.8 179.2 182.2 175.6 178 180.6 180 178.3
204.6 205.2 204.1 201.9 200.3 198.7 194 189.6 188.2 188.5 186.5 183.1 192.8 197.6 202.6 203.7 203.4 200 195.4 193.1 199.9 204.8 205.9 205.8 207.2 209.7 212.1 213.1 213.8 213.7 211.2 208.6 209.2 211.4 212.9 212.8 214.1 214.8 215.1 215.5 215.1 214.6 213.5 211.6 209.7 205.6 201.8 197.4 191.3 182.4 170 175.7 187 194.8 198.4 199.4 199.4 199.2 197.9 193.5 187.9 183.1 187.8 188 185.5 181.2 175.8 179.6 181.9 182.7 182.1 184.7 187.9 189.5 186.8 181.4 174.4 176.5
207.7 206.5 205.1 202.6 199.5 195.7 194.5 195.4 195.6 192.8 188.4 186.4 195.5 203.4 207.6 208.1 206.8 204.4 202.1 200.9 202.5 207.4 208.9 210.2 211.8 213.6 215.3 216.2 216.9 216.2 215 212.5 212.7 213.8 215.5 216.1 216.6 216.6 216.8 217.1 217.4 216.3 214.7 212.5 209.3 204.9 200.7 196.6 189.7 179.3 169.9 182.5 192.2 198.4 200.5 200.7 200.7 200.2 198.7 192 187.2 190.6 192.1 190.7 188.5 183.1 182.7 184.6 186.2 186.9 185.6 188.2 190 191.2 191 189.3 187.1 181.6
210.5 208.1 206.8 203.9 198.2 200.9 202.4 202.2 199.5 196.6 192 188.8 198.4 206.6 211.1 211 210.2 209 207.6 206.1 206.4 210.1 211.7 213.7 215.2 216.7 218.5 219.4 219.4 218.5 217.3 216.1 216.3 217.3 217.9 218.4 218.6 218.6 218.6 218.8 218.8 217 214.9 211.8 208.1 203.4 200.1 195 188.2 177.4 176.3 188.7 196.5 201.2 201.9 202.1 202 201.2 198.6 194.4 190.8 193 195 192.8 190.1 187 187 189.1 190.5 190 190.9 191.8 193.9 195 194.6 192.7 188.8 185
215.3 212.1 209.4 203.5 204.6 207.2 208.1 207.1 203.6 200.1 196.5 191.2 198.5 208.2 212.7 212.9 212.7 211.9 211.5 210.6 210.3 213.3 215.3 217.3 218.9 219.9 221.6 222.5 221.7 220.8 219.6 218.7 218.4 219.3 220.2 220.6 220.6 220.6 220.4 219.1 216.6 215 212.6 209 205.5 202.2 198.2 192.3 186.3 175.3 183.8 194.2 200.6 203.1 203.5 203.1 202.8 202.1 199.8 199.6 196.6 195.5 197.3 194.4 191.5 189.6 191.4 193.4 194.5 194.4 195.3 195.7 197.4 197.9 197.2 194.9 191.4 187.1
219 216.4 211.5 206.2 209.8 212.2 212 210 207.5 203.3 200.7 194.8 198.1 207.5 211.4 213.8 214.9 215.1 215 215.3 215.5 217.1 219 221 222.6 223.6 224.7 224.8 223.9 223 222.1 221.8 221.4 221.2 222.1 222.2 221.8 221.5 220.8 217.8 214 211.8 209.2 205.7 203.5 201.2 196.9 190.8 184.2 177.6 190.5 197.5 203.2 204.5 204.7 204.2 203.5 202.9 202 201.3 200.3 197.8 199.1 196.8 194.2 193.7 195.5 197.2 198 198.1 199.5 199.8 200.5 199.8 198.8 196.2 191.7 188.4
221.5 218.2 213.4 210 214.5 215.3 213.9 212.1 208.9 205.8 202.7 202.3 201.4 204.9 210.3 214.7 218.1 219.9 219.9 220.1 220.5 221 222.8 224.7 226.2 226.6 227 226.6 226.1 225.5 225.1 224.8 224.5 224.2 223.9 223.3 222.7 221.9 220.3 216.5 212.8 209 206.3 204.1 201.9 199 194.9 189.8 182.9 184.5 194.6 201.5 204.4 205.5 205.7 205.4 204.7 203.9 203.4 202.6 201.4 200.4 200.8 199.3 198.4 198.8 199.4 199.9 200.5 201.2 201.9 201.7 200.8 200.6 200 196.9 193.3 189.6
224.2 221.2 215.3 214.5 218 218.5 216.3 212.3 208.6 207.6 203 207 207.1 206.2 212.7 217.1 220.9 224 224.8 225.2 225.7 225.3 226.9 228.4 229 229.5 229.2 228.5 228 227.4 227.1 226.6 226.1 225.5 224.5 223.4 222.8 221.8 219.8 216 212.2 207.9 204.2 201.3 197.5 193.5 190 184.8 181.3 191.7 199.3 203.8 206.7 209.4 209.9 209.2 208 206.3 204.8 203.8 202.2 201.2 201.2 201.7 201.9 201.8 201.6 201.7 202.2 202.6 202.9 202.6 202.2 201.2 200.2 198.3 196.1 193.3
226.6 223.5 219.2 220.1 222.6 221.7 218.6 214.4 213.3 212.3 207.6 210.9 212.8 211.2 215.7 221.3 224.6 227.6 228.9 229.9 229.8 229.4 230.7 231.2 231.9 232 231.2 230.5 229.7 228.5 228.2 227.7 226.9 226.1 225.2 224 222.9 221.8 219.1 215.6 211 206.4 202.8 197.7 193.6 188.4 183.9 183.1 189.7 195.6 201.8 206.1 210.3 212.2 212.8 212 210.4 208.8 206.4 204.6 202.8 202 201.7 202.2 203 203.2 202.9 202.7 203.1 203.4 203.8 203.6 203.2 202.3 201.7 199.5 196.3 195.4
229.4 226.5 223.3 224.7 226.2 225.5 223.3 221 219 217.2 213.6 216.7 217.9 216.9 218.9 224.7 228.4 231.2 232.3 232.8 233.2 232.9 233.4 234 233.9 233.3 232.5 231.6 230.4 229.4 229.3 227.3 226.7 226.2 225.3 224.1 222.9 220.8 217.6 213.2 208.9 204.6 199.6 194.4 189.5 187.1 189.7 192 193.3 200 205 209.3 212.9 213.9 214.2 213.7 212.5 210.4 207.8 205.5 203.6 203.1 202.8 202.7 203.6 203.8 203.5 203.2 203.5 203.9 204.2 204.3 203.9 203.3 202.5 201.9 200 196.4
231.6 229.2 227.4 228.7 229.1 228.4 227.7 226.2 224.7 222 219.8 221 222.4 221.6 221.6 228 232.2 234 235 235.3 235.7 235.3 235 235.4 234.8 233.7 232.6 231.6 230.8 230 229 227.3 226.7 225.7 224.4 223.4 221.5 218.7 213.7 210 205.2 200.1 195.7 191.8 191.8 192.7 195.3 198 196.9 203.6 207.7 211.7 214 214.2 213.9 213.1 211.8 210.2 209.4 207.7 205.8 204.1 203.8 203.5 203.3 203.3 203 202.6 203.1 203.5 203.9 204.3 204.2 203.6 203.1 202.2 200.8 198.8
234.7 233 231.6 232.6 232.1 231.7 230.9 229.5 228.1 226.8 225.8 226.7 226.3 223.1 227.4 232 235.3 236.6 237.8 238.2 237.9 237.4 236.9 235.9 234.6 233.5 232.3 231.1 230.3 229.5 228.5 227.5 226.3 224.9 223.5 221.7 218.9 214 208.2 202.6 200.1 197.4 194.8 198.3 199.8 198.5 200 201.9 203.3 206.8 212.3 213.9 214.9 214.1 213.2 212.4 211.8 211.2 210.3 209.4 208.2 206.4 204.9 203.5 202.9 202.8 202.3 202.1 202.6 203.1 203.5 203.9 204.4 204 203.5 202.5 201.1 199.8
