Game/Highland_Data/StreamingAssets/GeoData/Data/sp/SP80.asc
ncols 200
nrows 200
xllcorner 480000
yllcorner 200000
cellsize 50
[rows 105 to 139 of 200, columns 0 to 77 of 200]
106.6 106.4 106.3 106.3 105.9 104.4 103.5 102.7 102.1 101.8 101.6 101.1 100.6 100.3 100.8 101.3 101.8 102.8 103.6 104.5 105 105.3 105.7 106.1 106.9 107.8 108.9 110.3 111.7 113.1 114.4 116.4 118.8 120 120.3 121.5 123.6 125.6 129.2 134 138.6 142.6 146.2 146.6 143 137.8 133.3 131.7 131.8 133.2 134.1 134.3 136.3 139.6 147.7 155.7 160.7 160.2 154.6 152.8 155.4 158.5 164.1 180.4 197.7 212.6 223.4 230.5 232.8 235.3 233.4 231.5 230.1 228.4 224.2 220.8 217.4 214.2
105.1 104.4 104.2 104.3 104.1 102.8 102.3 100.9 100.6 101.2 100.9 100.4 100.3 101.1 101.2 101.3 101.5 103.6 103 103.9 104.6 105.2 105.6 106.7 107.9 108.6 110 111.5 112.9 114.2 115.9 117.9 120.6 120 120.8 122.5 124.7 126.8 130.6 135.6 138.7 143.5 147.9 149.6 148 147.3 145.2 140.4 136.3 134.5 135.2 137.4 136.4 138.4 140.9 146.8 147.4 148.5 149.2 157.8 165.4 174.2 180.1 185.2 193.8 205.3 215.6 224.3 228.3 230.9 230 228.2 228.9 228.1 224.5 221.6 218.7 216.4
103.5 102.9 102.2 102.1 101.6 100.7 99.2 98.7 98.6 99.7 100.3 100.2 101 101.8 101.9 102.2 102.3 102.4 102.3 103.3 104 104.6 105.5 107.9 108.7 109.3 110.9 112.6 114 115.4 117.4 119.3 120.6 120.4 122 123.7 125.7 127.5 130.7 135.2 138.8 143.9 148.9 152.6 153.8 154.4 153.5 150.2 144.7 137.7 141.2 141.5 137.7 144.9 148.7 149.2 150 152.2 164.8 173.7 183.8 189.8 191.7 192.6 193.1 197.2 206.4 215.3 220.9 224.1 223 222.4 222.1 223.7 222.8 220.4 219.2 216.7
101.9 101.3 100.6 99.2 98.2 96.8 96.6 98.6 99.5 100.3 100.6 100.9 101.7 102.4 102.7 102.6 104 103.4 103.5 103.7 104.1 105 106 107.8 109.4 110.1 111.8 113.6 115.2 116.9 118.6 120.2 121.5 123.1 123.4 125.3 127.4 129 131.6 135.2 139.2 144.4 150.5 154.1 155.9 156.8 154.9 151.3 143 146.1 148.5 141.4 142.1 151.4 161.6 164.7 165.6 166.8 171.3 179.9 188.8 192.2 193 192.8 192.8 191.8 195.7 204 210.4 214.2 215 215.2 216.8 218.3 219.7 221.2 219.5 216.6
100.3 99.7 97.6 96.9 95.4 98.2 100.2 100.8 100.8 101.8 102.2 102.4 102.6 103.1 103.6 103.4 104.2 104.1 104.3 104.5 104.7 105.5 106.6 107.8 109.4 110.9 112.7 114.5 116.1 117.7 119.3 120 121 123 124.7 127.4 129.6 132 133.6 137.3 142.1 147.6 153.6 156.7 158.4 157.4 153.5 148.2 147.9 154.1 155 148.9 141.5 148.8 158.2 165.7 169.4 172.1 175.3 181.2 186.4 189.4 190.7 190.8 188.8 186.7 190.7 194.1 199.3 203 204.3 206 208.9 212.5 215.5 216.5 215.5 213.3
98.9 97.2 94.8 96 98 100.6 101.1 101.6 102.1 102.9 103.6 103.9 104.1 104.3 104.3 105.1 104.8 105 105.2 105.4 105.5 106.9 108.3 109 109.4 110.4 113 114.9 116.5 117.7 119.7 120 121.6 123.1 125.7 128.7 131.5 133.6 136.6 140.7 146.4 151.4 156.8 159.7 161.6 159.1 154.8 148.4 154.8 158.9 156.6 151.8 143.9 141.8 151.1 160 167.6 172.2 177.1 182.7 184.8 183.7 186.1 185.3 180.7 184 188.6 191.5 194 194.1 195.4 196.8 198.7 202.5 206.4 208.7 208.9 207.4
97.8 95.5 95.9 98.3 99.6 101.6 102.6 103.3 103.9 104.3 104.6 104.9 105.2 105.5 105.6 105.7 105.7 105.9 106 106.2 106.3 107.5 109.4 109.5 111.3 113 113 115.4 116.9 118.3 118.9 120.6 122.3 124 127.9 130.8 134 137.2 140.2 144.6 150.9 155.3 161.3 164.2 165.4 161.3 155.5 156 160.9 161.3 157.4 151 146.7 144.6 142.9 151.3 160.7 169.5 176.3 183.1 184.5 175.4 172.8 169.2 180.4 185.5 187.6 189 190.2 190.5 190.8 191.6 191.8 192.4 195.7 198.1 200.5 201.4
96.5 94.6 96.3 98.4 100.5 102.3 103.3 104.4 104.8 105.1 105.4 105.8 106.2 106.5 106.2 106.8 106.9 106.7 106.8 106.9 107 108 109.5 110.8 112.4 114.1 114.7 115.8 117.2 118.8 119.8 121.6 123.3 125.7 130.4 133.1 136.9 142.4 144.6 149.9 154.9 161.8 168.8 170.9 170 164.3 156.1 160.3 164.4 162.1 156.3 149.6 153.2 153 150.2 147 149.4 158.8 167 178.4 184.5 171.2 166.3 180.1 185.4 185.4 186.4 187.3 188 187.3 187.2 187.5 187.8 187.7 188.6 189.2 191.2 192.2
95.5 94.7 96.8 98.9 100 101.6 102.9 104 105.4 105.9 106.2 106.6 107 107.4 107.1 107.7 108.1 108.3 108.3 108 107.8 108.5 110.6 111.8 113.5 114.3 115.3 116.2 116.9 118.9 120.9 122.6 124.3 127.5 132.1 136.1 142.9 147.7 149.7 154.3 163.2 172 181.9 178.9 171 166.6 159.9 165.3 166.5 161.6 155.1 154.5 162 162.4 159.8 156.5 149.8 147.5 153.2 163.6 168.9 160.5 164.5 172.3 169.4 178.1 182.9 185.3 186.7 185.9 185.1 184.9 184.5 184.3 184.2 184.8 185.3 185
93.6 95.2 96.7 97.8 98.9 100.3 101.8 103.1 104.7 106.4 107 107.3 107.7 106.3 107.7 108.1 108.8 109.3 109.6 109.9 109.6 110.1 112.1 112.8 114 115.2 116.3 117.1 117.9 119.5 121.6 123.6 125.3 129.2 133.9 138.9 146.9 150.4 153.9 159.5 170.6 185.1 192.5 187 179 170.1 165.6 169.9 170.4 164.9 157 165.5 170.8 170.2 168.4 165.1 156.7 148.7 155 153 153 160.4 167.1 167.8 176.9 178.3 172.9 184.3 185.4 184.6 183.8 183.3 182.2 181.6 181.1 181.3 181.1 181
94.7 95.7 96.8 98 98.8 99.6 100.8 102.4 104.1 105.7 107.3 108.1 108 108.6 108.8 108.5 109.2 109.9 110.6 110.9 111.1 112.2 113.8 115.4 115.9 116.2 117.1 117.6 118.8 120.1 122.2 124.3 126.3 130.2 134.5 140.6 146 151.2 155.6 163.5 174.8 193.9 211.2 202.1 187.9 170.3 173.6 179.7 180.3 172.5 168.3 178.4 178.1 175.7 172.7 168.4 156.1 153.5 167.4 169.7 168.8 166.8 180.3 180.5 184.4 186.2 182 184.3 184.7 184.8 184.8 184.4 182.4 180.7 179.4 179.4 179.8 179.1
95.9 96.9 97.4 98.1 98.8 99.5 100.3 101.6 103.3 104.9 106.6 108.2 106.4 109.2 109.6 109 109.7 110.4 111 111.8 111.8 113.7 115.6 116.9 117.6 118.2 118.3 119.1 119.9 120.9 122.8 124.9 128.8 132.9 137.4 143.4 148.9 153.6 157.2 165.5 178.9 199.2 213.8 216 205.4 190.9 188.4 194.5 196.5 185.9 183.5 187.3 184.8 178.5 172.4 165.4 151.5 158.1 175 182.4 181.6 177.3 183.4 185.9 187.5 187.5 184 185.5 186.3 186.3 186.2 185.6 183.5 181.5 179.7 178.3 178.1 177.2
97 97 97.1 97.8 98.5 99.3 100.1 100.8 102.4 104 105.3 107.9 109.2 109.3 109.9 110.1 110.2 110.8 111.5 112.7 114 115.5 117.5 118.3 118.9 119.9 120.4 121.2 122 122.5 123.8 126.1 129.7 136.2 141 147.1 151.2 155.8 160.8 164.5 181 199.9 213.6 225 222.4 213.7 209.5 212 213 202.2 199 193.6 183.6 175.6 169.3 155.2 151.2 160.8 177 186.8 187.5 186 187.7 189.5 189.3 189.1 186.6 186.8 188 187.7 187.6 186.8 184.7 182.7 181.3 179.9 178 177
97.1 97.1 97.2 97.5 98.3 99.1 100 100.6 101.1 102.5 104.5 106.3 107.7 108.6 109.4 110.3 111 111.3 112.3 113.7 115.1 117 119.1 119.9 120.4 120.9 122.6 123.2 123.7 124.2 125 127.3 130.5 136.5 143.5 149.4 152.2 156.3 160.4 167.6 172.4 185.6 203.6 225.7 228.3 225.2 223.6 222.2 221.8 216.1 201.7 187.9 178.6 169.8 159 158.4 157.1 159.5 176.3 187.8 191.7 192.1 192.4 191.8 190.1 189.9 186.9 188.2 190.2 189.4 189 187.9 186.1 185.4 183.9 182.4 180.5 178.3
96.8 97.2 97.3 97.4 98 98.9 100 101 101.7 101.9 103.6 105.1 106.2 107 108.2 109.7 111.1 112.4 113.7 115.3 116.9 118.6 120.3 121.5 121.8 123.8 124.5 124.8 125.2 125.8 126.6 128.6 131.4 136.6 144.7 149.6 151.6 155.8 159.9 165.1 170.5 176 197 221.7 231.6 230.2 223.9 215.2 210.3 201.6 187.2 176.5 169.2 161.1 160.1 166.7 164.2 159.2 171 185.3 191.2 195.3 195.8 194.7 192.9 191.2 190 192.1 193.1 192 190.8 190 189.4 188 186.5 185 183.4 181.3
95.8 97.3 97.4 97.5 97.6 99.6 100.6 100.9 101.9 101.9 106.3 103.1 105.6 106.5 107.7 109.3 110.9 112.7 114.7 115.8 117.8 119.9 121 122.4 124.2 125.5 126.2 126.6 126.8 127.5 128.3 129.8 132.7 135.6 141.1 145.9 149.9 152.3 155.8 160.5 166.4 173.5 192.7 217.7 233.3 230.3 210.9 195.2 191.3 180 171.3 169.3 163.8 165.5 168.4 171.7 169.5 168.3 176.6 180.3 191.2 196.5 198.3 197.8 196.2 194.7 195.4 197.5 197 195.8 194.4 193.6 192.9 191.2 189.9 188.6 186.6 184.3
95 95.5 96.7 97.4 98.5 99.1 99.3 100.6 101.3 101.5 103.2 103.8 104.7 105.8 107.2 109.2 111.5 113.8 115.5 116.3 118.1 119.7 121.5 123.2 124.6 126 127.2 128.4 128.5 129.3 130 130.1 132.9 134.9 137.6 142.7 148.3 150 153 156.8 164 172.1 192.2 212.8 231.6 231.1 219.4 200.1 183.6 179.3 178.9 172.3 171.5 182 175.2 178.5 171.7 177.7 184.7 182.8 191.8 198.8 202.3 202.6 199.7 200.6 200.8 202.2 201.5 201.5 199.8 199.7 199.3 197.8 195.8 192.6 189.6 186.2
96.8 96.3 96.9 97.7 98.7 98.4 99 99.4 101.3 104.4 102.2 103.2 104.3 105.5 107.1 110.3 112.4 114.9 116.3 117.5 118.6 120.2 122.1 123.5 125 126.4 127.7 128.5 129.7 130.3 129.9 130 132 133.1 135.5 139 142.9 145.8 149.9 154.1 162.5 175.2 195.4 215.6 231 232 227.1 210.4 194.1 189.1 184.6 185.7 190.8 197.4 192 188.8 183.4 185.1 189 191 194.3 203 207.5 208.1 208 209.1 209.3 209 208.6 208 206.7 206 205.5 203.9 201.2 198 194.4 188.7
97.4 97.1 97.6 98.4 98.7 99.5 99.4 99.7 100.1 101.3 101.8 103 104 105.3 107.2 110.6 113.7 115.9 117 117.5 118.5 120.5 122.5 123.6 124.9 126.6 127.6 128.6 129.3 129.3 129 128.9 130 131.7 133.9 136.8 140.3 143.5 148.1 153.8 168.8 182.6 200.6 220.2 231.7 232.9 227 214 206.1 207.4 207.5 205.1 206 208 203.8 201.1 197.6 196.9 199.7 202.4 204.9 210 213.1 214.1 215.6 217.3 217.9 218.4 218 216.5 213.9 212.9 211.5 209.6 207 203.5 199 193.6
98.4 98 98.7 99.3 100.1 100.9 100.6 100.1 102.4 100.9 102.2 102.5 103.5 105.5 107.4 111 114 116.1 117.2 117.5 118.3 119.8 120.8 122.4 124.3 124.5 124.5 125.6 126.4 127.1 127.7 128.7 130.9 133.8 136.3 138.2 140.8 145 152 160.9 177.7 190.7 207.8 225.5 232 233.5 230.3 223.5 223.7 223.6 222.5 217.6 218.9 217.4 215 212.8 210.2 211 211.7 213.8 215.8 218.7 220.1 220.5 222.1 223 223.3 223.5 222.6 221.8 219.4 217.2 215.5 213.4 211 207.6 203.6 198.6
99.6 99.3 100.1 100.6 101.3 101.5 101.5 100.8 100.5 101.1 101.9 102.2 104.3 105.6 107.7 110.4 112.9 116.4 117.3 117.4 117.6 117.9 119.1 120.3 121.1 121.3 121.7 122.6 124.4 125.1 127.3 129.5 132.1 136.3 138.7 142.1 143.6 147.1 154.4 166.5 183.4 198.9 211.8 227.6 234.8 235.6 235 232.6 231.9 232 228.7 226.9 227.4 226.6 225.6 223.9 221.7 221.9 222.1 223.5 225.2 226.2 226.7 226.8 227.3 227.6 226.9 225.8 224.5 223.4 221.4 219.6 217.7 215.5 213.3 210.6 206.8 202.1
98.4 99.3 100.2 101.1 101.7 101.9 102.1 102.4 102 102 102.3 102.8 104.3 105.2 107.6 108.8 112.9 115.3 116.6 116.9 117.2 117.1 117.3 118.6 119.1 119.6 121 122.1 123 125.4 128 130.6 134.5 139.3 144.3 145.5 146.8 150.1 157.4 168.7 185.7 202.2 218.1 227.1 235.8 238 238.5 238.8 238 236.9 235 233.8 234.5 234.5 234.7 233.8 232.6 231.5 230.6 229.8 229.4 230.5 230.7 230 230.1 229.4 228.2 227.3 226.1 225.2 223.4 221.6 219 216.8 214.4 211.4 207.8 203.3
98.8 99.7 100.6 101.5 102.1 102.3 102.6 102.7 102.7 102.6 102.7 103.4 104.4 104.8 107.5 107.9 110.6 113.9 115.2 116.2 116.1 115.6 115.9 117 117.5 119.1 120.8 121.6 122.7 124.7 127.4 130.9 134.5 140.7 146.5 148.5 149.4 153.3 161 172.4 187 202.8 218.6 229.9 236.2 240.5 241.1 242 242.2 242.2 241.9 240.8 240.6 240.5 239.8 239.2 237.1 236.7 235.7 234.3 233.4 233.3 233.2 232.5 231.5 230.2 228.9 228.1 227.2 226.4 225.2 222.7 219 216.7 214.3 212 207.7 203.1
99.2 100.1 101 102 102.4 102.6 103.2 103.5 103.3 103.3 103.2 103.7 104.7 105.7 107.4 108.9 110.3 113.2 114.6 115.2 115.7 115.6 115.3 115.5 117.3 119.1 120.4 121.7 123.6 125.5 127.5 130.8 133.6 138.7 143.7 146.3 149.3 155.1 166.5 177.7 190.3 205.4 220.8 232.4 238.2 242.8 243.8 244.4 244.3 244.1 244.3 244.1 244.1 243.3 242.7 242.7 241.5 240 238.2 236.1 235.4 235.1 234.2 233.1 231.6 230.5 229.1 227.7 226.5 225.8 224.1 220.8 217.5 215.3 213 209.8 206.4 202.6
99.6 100.6 101.5 102.3 102.7 103.1 103.3 103.6 103.9 104.4 104.8 105.3 106.1 106.1 106.9 108.7 110.7 112.6 114.1 114.3 114.7 115.2 115.8 116.1 117.6 119.1 120.8 123.1 125.4 127.7 130.4 131.8 133.9 137.2 141.4 146 151.5 159.1 171.4 182.5 197.2 211.5 224.4 234.2 240.6 244.5 245.6 245.8 246 246 246 245.8 245.4 245 244.5 244.2 242.7 241.1 239.5 237.9 236.5 234.6 233.3 232 230.9 229.6 226.8 225.1 224 222 218.7 215.7 213.3 211.8 208.9 206.4 203.6 199.4
100 101 101.9 102.7 103 102.9 103.4 103.8 104.1 104.7 105.8 106.3 106.4 106.9 107.9 108.8 112 112.4 113.2 113.3 113.8 114.6 116 116.7 118.6 120.7 123.3 125.6 127.9 131.5 133.2 134.5 136.3 139.5 143.7 148.8 155.2 163.4 177.2 187.9 203.7 217.8 230 236.5 241.1 244.6 245.8 246.3 246.7 246.7 246.2 246 245.6 245.4 245.3 245.1 243.5 241.9 240.3 237.9 235.7 233.7 232.3 230.6 227.6 224.9 222.2 220.4 217.7 215.6 212.5 210.6 209.1 207.3 204.8 202.1 199.3 195.7
100.4 101.3 102.1 102.8 101.3 103.3 103.7 104 104.4 104.7 105.7 106.1 106.4 107.1 107.9 108.8 109.5 110.6 112.2 112.6 113.3 114.3 115.7 117.1 120 122.8 125.8 128.2 131.4 134.8 136 137.4 139.4 142.3 146.5 151.7 159 168.5 182.6 196.2 211.4 222.1 227.8 232.9 240.2 243.7 245.8 246.4 246.8 246.3 245.7 245.3 245.6 245.4 245.6 245.3 244.2 242.5 240.9 237.7 235.6 233.5 230.2 228.2 224.1 220.4 217.1 213.4 210.3 209.1 206.1 204.2 202.7 201.4 200.1 197.3 194.5 192.3
99.9 101.1 102 102.6 102.9 103.6 104 104.3 104.6 105 105.5 106 106.4 106.9 107.8 108.7 109.4 109.6 111 111.8 112.8 114.3 115.8 118 121.3 124.8 128.1 131.3 135.6 138 139.4 141 143.5 145.3 149.4 154.4 162.1 172.4 189.5 204.6 213.5 213.8 216.2 229.3 237.5 242.4 245.4 246 246 244.8 242.8 238.8 242 245.1 245.6 245.4 245 243.3 241.5 239.3 236 233.6 230 225.4 221.3 216.4 211.6 206.5 203.6 202.5 199.9 198 196.9 195.6 194.8 192.3 189.9 188.5
99 100.5 102 102.6 103 103.7 104.2 104.5 104.9 105.2 105.6 105.9 106.3 106.8 107.8 108.7 109.3 110.3 110.6 111.5 113.6 115 116.4 119.4 122.6 126 129.8 133.7 138.2 141 142.7 144.2 146.6 148.9 152.3 157.6 165.2 175.8 189.3 201.3 199.1 192.6 202.4 219.1 231.1 239.7 244.1 244.6 242.7 238.3 230.1 225.4 232.2 242 245.7 245 244.3 243 241.6 240.1 238.2 234.1 229.9 225.2 219.3 213.1 208.5 204.5 201.4 198.7 196.8 195 193.9 192.6 191.1 189.7 189 188.2
98.7 100.1 101.4 102.7 103.1 103.7 104.1 104.4 104.6 104.7 105.1 106.4 107.2 107.6 108.7 109.4 110.5 110.8 112.4 113.8 114.7 116.3 118.4 120.7 124 128.1 132 136.1 139.3 143.4 145.2 147 149.6 152.3 156.8 161.7 168.9 180.6 189.8 189.4 182.2 179.6 186.9 205.4 226.7 238.1 241.8 241.2 233.8 222.5 212.9 211.6 223.4 236.3 244.8 244.3 243.3 241.5 240.8 239.5 237.4 234.6 229.8 223.9 217.3 211.4 208.5 205.2 202.5 200 198.5 197.2 196.5 194.7 193 192.5 193 192.9
98.1 99.2 100.1 102.1 102.6 103 103.4 103.8 103.3 104 104.6 105.6 107.4 108.5 108.9 110.3 111.1 112.4 114.5 116.1 117.2 120.3 122.4 124.1 127.6 130.2 133.9 137.2 141.2 144 147.1 148.9 152.5 155.8 160.4 165.7 174.1 185.1 187.4 179.8 172.1 172.9 177.9 200.2 222.7 235.2 238.3 233.5 218.9 207.4 199.5 199.5 213.6 234.8 242.2 244 242.4 240.4 239.3 238.1 236.1 231.9 226.2 220.7 215 213.7 212.6 209.1 206.4 202.9 200.1 200.7 200.8 199.9 198.9 197.9 197.2 197.5
101.9 98.7 98.7 100.5 101.5 101.9 102.3 102.2 103.3 104 104.6 105.7 107.7 109 110.1 112 113.7 115.3 116.5 118.5 121.4 124.1 127.1 128.6 131.7 134.3 136.9 140 143.4 146 148.5 151 154.9 158.5 163.5 169.4 177.3 191.3 188.2 174.1 166.9 167.8 175.3 196.5 218.8 231.3 231.7 222 209.7 197.6 187.5 191.4 209 231.3 240.4 243.3 241.7 239.6 237.2 235.7 232.7 226.9 221.2 215.9 216.3 217.5 216.6 213.4 209.4 205.9 204.9 206.4 208.2 208.4 208.1 208.1 208.4 208
98.9 98.8 98.7 98.7 100.2 100.7 101 101.3 102.8 104 105.2 107.9 108.7 109.9 111.5 113.8 115.9 117.7 120.1 122.6 125.3 128 130.4 133.5 135.9 138.5 140.9 143.1 145.2 147.5 149.7 152.3 155.5 159.9 164.8 171.1 183.4 196.7 184.1 175.3 165.5 165.6 174.6 195.8 215.3 221.5 219.1 211.8 200 188.2 179.6 187.7 207.6 228.6 238.3 242.2 241.3 238.7 236.6 233.7 228.2 223.1 220.8 219.6 220.4 220.9 219.9 216.1 211.5 209.2 210.2 214.5 218.5 219.1 219.6 220.2 220.8 221
100.4 99.7 99.1 99.1 99.3 99.7 100.5 101.3 101.4 104.8 107.6 108.7 111.4 113 114.6 116.8 118.7 120.9 123.8 126.5 129.2 131.9 134.3 137.9 139.4 140.7 143.8 145.6 146.9 148.7 151 153.6 155.9 158.3 162.9 169.4 177.8 182 177.8 171.8 166.1 162.4 173 193.5 209 210.6 202.8 194.4 185.3 179.6 175 184.6 205.6 225.3 235.6 240.8 240.7 238.9 237.3 233.8 230 228.1 226.7 224.9 224.8 224.8 223.6 218.9 214.3 213 217.8 223.9 228.7 230.3 230.4 230.4 230.9 230.4
101.4 100.9 99.4 99.5 99.6 100.4 101.6 102.9 105.9 107.8 109.4 111.9 114.4 116.6 119 121.4 122.8 124.6 127.3 129.6 132.3 135.1 138.2 141 142.5 143.6 145.7 147.3 148.8 150.5 151.8 152.4 154.4 156.9 159.5 164.2 167.1 168.6 169.2 168.2 164.3 159.3 169.9 182 192.5 191.9 184.7 177.2 174.4 171.8 170.9 180.6 203.7 223.6 233.7 239.6 240.8 240.3 239.2 237.1 235.4 232.9 232.8 230.3 229.7 227.8 225.3 221.4 218 219 224.2 229 233.8 235.4 236.5 237 236 234.1
