Game/Highland_Data/StreamingAssets/GeoData/Data/sp/SP90.asc
ncols 200
nrows 200
xllcorner 490000
yllcorner 200000
cellsize 50
[rows 140 to 174 of 200, columns 78 to 155 of 200]
147.9 151.1 155.1 157.9 160.2 161.4 162.5 163.2 164.3 164.9 165.5 164.4 163.6 163 162.1 160.5 158.6 156.1 154.1 150.5 144.9 138.7 131 125.2 121.6 118 114.5 112.1 112.3 112.7 123.8 131.3 136.1 142.5 147 151.6 153.8 155.4 154.3 153 150.1 147.1 143.2 138.1 131.5 121.6 115.9 110.2 108.5 108.5 109.9 113 115.1 117.7 120.9 125.3 134.9 144.1 152.2 155.4 157.9 159.8 160.5 161.2 160.7 160 160.7 160.6 160.5 160.7 162.2 162.8 163.5 164 162.5 161.8 162.2 162.5
138.7 143.3 148.5 152.5 157.3 158.9 160.1 161.2 162.8 163.6 164.5 164.1 163.7 163 162.5 161.5 159.8 158 155.2 151.3 145.5 138.3 131.3 126.1 122.8 119.7 113.8 112.5 112.1 112.8 117.7 124.4 132.3 137.3 142.5 148.3 150.8 152.8 152.9 151.7 149.4 146.3 142.9 137.9 131.7 123.6 115.6 111.1 108.1 108.9 109.7 112.2 114.9 119.5 124.4 133.6 142.5 150.3 155.7 157.9 159.9 160.6 161.3 160.8 160.1 159.5 160.4 160.4 160.5 161.6 162.1 162.2 162.8 164 163.4 161.8 162 162.1
126.5 130.6 137.7 143.7 154.3 155.9 157.7 158.9 160 161 161.6 162.6 162.9 163 162.4 161.8 160.2 158.5 156.4 152.4 147.2 139.1 133.2 129.7 126 123.2 116.8 114.4 111.5 112.7 114.2 117.7 124.8 130.5 137.7 142.6 147.2 148.9 151.2 150.3 148.3 145.5 141.2 136.8 130.1 122.6 114.5 110 107.8 108.8 111.3 114.1 119.5 126.6 134.3 143.5 149.5 153.7 157.2 159.5 160.4 160.6 160.5 160.1 159.6 158.9 159.8 160.3 160.9 161.8 162 162.1 162.2 162.3 162.2 161.9 161.5 161.6
120.4 122.7 128.9 136.7 144.6 152.1 154.2 155.5 156.3 157.5 157.2 160.5 161.6 162.5 162.8 162.2 160.4 159 157.4 153.8 149.2 143.4 138.9 135.2 131.1 126.1 118.7 114.5 109.8 110.4 111.5 111.6 118.8 122.8 126.5 134.6 139.9 145.1 147.2 148.7 147.3 144.8 140.1 135.6 127.6 120 113.9 108.9 107.5 109 112.9 118.5 125.1 133.2 143.5 147.2 150.5 155.9 157.7 158.5 159.3 159.2 159 158.7 158.7 158.3 159.2 160.2 161.1 161.9 162 162.2 162.7 162.6 162.7 162.8 162.1 161.4
120.8 119.2 120.7 126.4 133.3 140.5 147 150.3 151.8 154.6 154.6 156.5 159.4 161.5 161.8 162.3 161.3 160.2 159.1 155.9 152.5 149.2 144.6 141.3 137.1 130.6 125.9 120.6 113.2 109.5 109.8 110.6 111.1 115.4 118.8 122.6 129.3 138 142.6 145.6 145 143.8 139.7 134 126.3 118.2 113.2 107.9 107.4 108.7 113.7 120.1 130.6 138.5 145.4 148 153.6 156.1 157.4 157.6 157.4 156.9 156.1 156.3 156.9 157.9 159.5 160.6 161.4 161.9 162.5 163 162.4 162.8 162.9 162.7 162.5 162.4
123.8 120.6 120 119.9 122.7 128.2 134.1 138.2 140.7 143.4 148.1 151.1 154.9 157.9 160.7 161.6 161.4 160.3 158.4 157.5 155.3 152.2 150.4 147.1 143.9 138.8 130.8 124 117.9 109.1 109.5 109.6 110.7 111.2 112 115.8 116.5 128 136.3 141.7 143.6 142.3 137.9 133.5 125 118.2 110.7 106.4 107.7 109.1 115.3 124.3 134.4 140.7 145.6 150.1 153.6 155.6 156.2 155.8 155.4 153.7 152.4 155.1 156.7 157.5 159.5 160.9 161.6 162.2 163 163.5 163.1 162.8 162.4 162.1 161.9 161.9
128.7 124.4 121 119.2 117.8 119.2 123.5 129.4 131.3 133.2 136.1 141.2 146.6 152.8 156.8 158.7 160.1 160.5 159.6 158.6 155.9 154.4 153.1 151.4 148.9 144.3 138.3 129.9 123.7 117.2 113.5 109.6 109.6 109.4 109.1 109.6 112.1 119.7 128.7 136.2 139.9 139.7 137.1 131.8 124.7 116.6 110.2 106.2 106.9 109 116.6 125.5 134.1 141 145.6 149.8 152.7 154.5 154.8 153.8 150.8 150.6 154.2 156.9 157.9 158 159 160.7 161.3 161.9 162.3 162.5 162.3 162.3 161.9 161.5 161.3 161.2
133.6 129.9 126.3 122.4 118.8 117.1 117.1 120.2 122.2 124.1 126.9 131.2 137.5 145.3 151.3 155.6 158.7 160 160 159.3 157.4 156 154.7 154.1 151.6 148.2 143.1 138.6 131.1 123.9 117.1 112.7 110.3 108.9 108.3 108.4 109 112.3 119.6 127 134.7 137.6 135.5 131.1 124.2 115.5 108.9 106.1 107.6 109.1 115.8 124.6 132.4 139.1 144.9 148.6 151.2 151.5 150.8 145 145.7 152.5 156.5 158.6 158.8 159 159.3 160.1 161 161.2 161.2 161.5 161.6 161.7 161.4 160.9 160.7 160.5
139.9 135.5 131.4 127 122.3 119 116.5 115.7 116.4 117.9 119.6 121.5 125.9 135 143.3 150.9 155.6 158.3 159.2 159.7 158.6 157.1 156.3 155 153.1 151.2 148.5 144.1 138.8 130.3 123.2 117.3 113.5 111.3 109.3 107.5 107.6 108.5 113.2 120.9 128.9 132.8 132.6 128.5 122.4 114.3 108.8 105.6 107 108.5 115.6 123 130.4 136.3 141.7 145.9 147.9 148 144.6 143.8 147.7 154.6 157.2 158.9 159.7 160.1 160 159.6 160.2 160 160.6 161.2 160.5 161 161 160.5 160 160
145.5 142.6 138.5 133.5 127.5 122 118.3 116.2 114.7 114.6 114.3 115 116.3 121.2 130.6 141.1 150.5 154.3 157.5 158.9 158.9 157.1 156.3 155.4 153.8 151.8 149.7 145.3 140.7 131.8 124.3 121 117.8 115 111.2 108.8 107.5 106.8 109.1 113.8 120.6 126.2 127.7 124.5 117.8 114.3 108.5 105.6 106.2 108.2 113.7 118.6 125.3 131 137.3 141.4 143.8 140.8 137.7 142.1 151.3 155.3 157.8 158.9 159.7 160.4 160.6 160.6 160.3 160.6 160.9 161.3 160.7 159.8 159.1 159.4 159.7 160
152.3 149.3 146.7 142.4 135.8 128.5 125 123.5 120.6 117.5 115.8 114.3 113.9 115.3 120.5 130.9 141.1 148.8 152.9 156.7 157.7 157.9 156.6 155.5 154 152.3 150.4 146.1 141.2 135.4 128.2 126 121.5 117.8 113.3 110.1 107.1 106.2 106.3 108.5 112 117.6 120 120.6 117.8 112.4 107.1 105.3 105.9 108.1 110.9 114.7 118 124.7 131.4 135.2 133.7 134.4 137 143.9 152 156 157.9 158.9 159.6 159.9 160.2 160.4 160.7 161 161.2 161.5 161 160 159.4 159.5 159.7 160
155.3 154.4 151.8 149.2 144.9 140.6 137.1 132.9 129.7 125.4 121 117.5 114.5 113.3 114.8 121.3 133.4 142.2 148.7 153.3 156.4 157.3 156.8 156.1 155.3 153.5 151.3 148.5 143.1 140.6 136 131.8 125.6 121.5 116.9 111.7 107.5 106.2 105.7 105.9 107.7 110.3 111.4 112.6 112.6 107.4 106 105.2 106.6 108.5 111.7 114.7 116.2 119.3 126 129.6 129 131.6 139.9 147.4 153.3 156.4 158.3 158.8 159.1 159.4 159.8 160 160.3 160.6 160.9 161.1 160.2 159.8 159.7 159.8 160 160.1
155.5 155 154.1 152.3 149.1 146.9 144.4 141.7 137.1 132.4 126.2 122.2 116.9 113.4 112.3 114.1 122.7 134.6 141.2 149.4 154.8 156.1 156.9 156.5 155.8 154.7 152 149.3 147 143.7 139.1 135.3 131.2 123.3 118.2 113.5 109.4 106.3 105.2 105.2 105.2 106.2 107.3 108.7 108 106.2 105.1 106.7 108 110.7 115.4 118.4 119.3 121.4 122.5 125.2 129.1 138.7 146.3 152.2 155.4 157.5 158 158.3 158.6 159 159.3 159.6 159.9 160.2 160.5 160.7 159.3 158.7 158.7 158.9 159 159.1
151.8 152.8 153 152.1 151 147.8 146.4 144.4 141.1 136.9 131.4 126.4 120.9 116.8 113.6 111.8 114.6 124.3 134.7 143.3 149.7 154.1 155.2 155.9 155.7 154.4 152.6 151.1 148.8 146 141.3 139.3 135.3 127.7 120.7 115.2 112.3 108 105.8 104.9 104.6 104.4 104.7 105 104.8 104.6 104.7 106.4 109.1 115.7 120.6 123.9 124.2 127.3 131.3 134.3 138.2 141.8 151.2 154.8 157.1 158.4 158 158 158.3 158.6 158.9 159.1 159.4 159.8 160.1 158.7 158.1 157.4 157.1 157.9 158.1 158.2
145.3 146.4 147.6 148.6 148.1 146.5 145 142.5 140 138.1 134.5 129.9 124.7 120 115.5 111.5 111.1 115.1 124.2 135.9 145.2 151.8 153.5 154.3 155.4 154.2 152.7 151.3 149.3 147.1 144.3 139.3 135.4 128.7 123.4 117.4 114.4 110.3 107.7 105.6 105.4 103.9 103.7 103.9 104 104 104.4 107.2 111.8 118.2 125.9 130.6 129.8 132.8 138.2 141.6 145.8 150.5 154.2 156.7 158.5 158.9 158.5 158 157.9 158.2 158.5 157.9 158.1 158.4 158.8 157.9 157.4 156.7 156 157.1 157.5 157.5
133.2 135.7 137.4 139.4 140.2 139.8 138 136.6 135 132.9 131 128.6 125.6 123.7 118.6 113.1 110.3 111.2 115.8 128.3 138.3 146.6 151.8 154.4 155.1 154 152.7 151.3 149.4 147.2 145 141.9 138.1 131.9 127.6 121.3 116.4 112 109.4 107.5 104.5 103.7 103.7 103.8 103.9 104 106.1 109.2 114.1 122.9 132.4 136.9 135.4 137.4 143.1 148.6 152.5 154.5 156.9 158.5 159.3 159.4 158.9 158.5 158.1 157.9 157.5 156.8 157 157.2 157.4 157.1 156.6 156.2 155.6 157.2 157.5 156.7
121.4 122.3 124.1 126.9 128.2 129.2 127.2 125.3 122.6 121.9 121.7 122.6 122.8 123 120.9 114.6 111.2 109.6 111.7 118.8 132.6 141.6 149 152.5 153.9 153.7 152.3 150.8 149.1 147.2 145.5 142.5 139 134.7 129.6 125.1 119.8 115.5 110.5 107.8 106.2 104.8 104 104.1 104.2 104.2 108.9 112.5 119.5 129 137.7 142.3 138.8 141 148.1 152.6 155.2 157.2 158.7 159.4 159.3 159.6 159.4 159 158.6 158 156 155.6 155.9 156.4 155.9 154.1 154.2 154.2 155.2 156.5 156.9 155.8
122.4 121.2 119.1 119 119.6 118.3 117.5 116.5 115.5 115.8 115.8 116 117 118.9 118.3 115.6 112.3 109.4 109.7 114.5 124.5 134.3 143.8 150.4 151.6 152.3 151.9 150.3 148.7 147.2 145.2 142.5 139.8 136.2 131.6 128 123.4 118.1 112.2 109.4 106.5 104.8 104.1 103.7 103.5 106.6 111.1 116.2 126.2 137.6 141.9 147.1 144.1 144.8 151 154 156.8 158.4 159.6 159.5 159.2 159.5 159.8 159.5 158.7 157.9 156 153.6 155.1 154.8 154.2 152.4 150.8 152.4 154.8 156.1 155.6 153.8
130.2 128 125 121.6 118.8 117.6 115.6 115.1 113.7 113.4 113.9 112.6 112.6 113.7 114 113.3 112.1 109.4 108.9 111.5 117.7 128.6 138.3 146.1 150.1 150.8 151 150.1 148.5 146.6 143.9 141.6 138.8 135.8 132.7 127.8 123.7 119.1 114.3 109.7 106.8 104.8 104.2 103.5 103.4 109.4 112.4 120.2 131.6 140.4 146.9 150.1 148.2 147.3 152.4 155.2 157.2 158.6 159.4 159.4 159.1 159.4 159.6 159.5 158.6 157.8 156 153.2 152.1 153 151.9 150.1 147.8 151.9 154.4 154.8 154.3 152.5
138.7 135.7 131.8 128 124.8 123.5 122.9 121.1 119.4 117.3 115.5 113.1 112.2 111.3 111.1 110.6 110 108.9 108.6 109.3 113.9 121.8 132.9 142.8 147.1 149.8 149.6 148.8 148.1 144 143.2 140.8 137.5 134.8 130.5 127.8 123.3 119.9 114 109 106.5 104.6 104.3 103.6 104.5 110.4 114.9 123.3 135.3 141.9 148.3 152.1 152.5 151 152.9 155.7 157.2 158.8 158.9 159.2 159 159.2 158.7 159.1 158.5 157.4 155.5 152.8 149.1 149.4 148.8 146.4 147.4 150.9 153.5 153.2 152.4 151.5
145.2 143.3 139.9 136.3 134.2 133.1 131.2 128.9 125.8 123 119.8 116.6 113.8 112.4 111.4 110.3 109.7 109.5 108.2 108.4 111 117.1 126.2 136.3 143.6 147.8 148.2 147.7 146.8 143.1 142.1 141.2 134 131.8 128.2 126.1 123.3 118.6 112.8 108.1 104.7 103.8 103.5 103.3 106.3 111.9 118.1 128 136.9 146.9 152.1 153.8 154.7 154.2 154.2 156.6 158.5 159.7 159.5 159 158.8 158.3 157.9 158.1 157.7 156.5 154.6 152.4 147.8 146.1 145.4 143.6 146.8 149.7 152.5 151.6 150.8 149.5
147.3 146.9 146 145.2 143.6 142 139.6 136.2 132.3 128.1 124.2 120.9 118.2 114.8 114 112.2 110.5 109.5 108.3 107.4 107.9 112.8 119.5 128.2 136 141.7 147.2 147.1 144.4 143.3 142.5 141.6 136.4 129.6 124 121.7 120.2 116.3 111.3 106.4 103.5 103 102.8 103.2 107.9 112.8 120.9 132.3 141.8 149.8 153.8 155.8 155.7 155.9 157.2 158.4 159.7 160.5 160.2 159.7 159.3 158.8 158.5 158 157.6 155.5 153.6 151.4 147.8 142.7 140.7 141.2 145.7 149 150.1 149.6 148.4 146.9
142.9 147 149 148.9 148.6 147.1 145.2 142.8 138.6 134.8 130 125.3 122.5 119.1 116.9 114.7 112.7 111.1 109.6 108.3 107.2 108.5 111.2 118.7 126.4 133.5 139.3 143.2 143.6 143.4 142.5 141 135.3 130.6 125 119.3 115.3 112.8 109.3 104.9 103.6 102.8 102.7 105.7 110.2 112.1 119 133.8 144.6 152.1 155.1 157.2 157.1 157.7 158.9 160.1 160.3 161.3 160.9 160.5 160 159.5 159.1 158.2 157.4 155.5 154.6 153.1 150.2 145.9 140.2 138.8 143 146.6 147.5 146.4 144.4 141.6
132.4 138.7 144.6 148.3 150.2 149.8 148.8 146.4 144.2 140 135.1 130.5 126.6 123.4 120.4 117.8 115.9 114.3 113 110.8 108.3 106.4 106.7 110.7 117.8 123.2 128.6 135 138.8 141.6 142.2 139 133.9 130.1 125.5 119.6 113.7 110.2 106.8 104.5 103.8 103 103.1 106.8 110.6 113.9 123.6 138 148.1 154.2 156.5 158.6 158.6 159.4 160.6 160.1 160.6 161.6 161.7 161.3 160.3 159.4 158.4 157.8 157 155.7 154.8 153.4 151.7 147.7 140.9 136.6 139.7 143.8 143.8 142.3 138.9 137.9
127.2 129 134.5 141.1 146.8 149.9 150.3 149.6 147.8 145.1 140.8 136.2 132.1 129.2 126.2 123.7 120.4 119.4 117.3 114.4 110.8 108 105.9 106.3 108 111.4 118.2 125.4 130.9 135 137.4 135.9 133.1 128.8 124.4 118.7 112.6 109 105.5 103.3 102.7 102.2 102.6 108.1 110 119.9 128.1 142.8 151.4 155.6 158.2 159.9 160.2 161 160.5 160 161 161.9 162.2 161.1 159.7 158.6 157.7 157 156.3 155.5 154.5 153.1 151.5 148.3 142.3 135.1 134.9 138.2 138.7 136.3 137.3 141.6
131.6 127 125.9 132.1 139.4 145.8 149.2 150.1 149.4 146.4 144.6 142.8 139.8 137.1 134.2 130.8 128.7 124.7 120.9 118.4 114.3 110.7 107.3 105.3 105.4 105.2 107.9 114.4 121.3 127.4 131.1 132.3 131.3 127.7 122.5 117.3 111.7 107.6 103.1 100.9 101.9 101.7 104.6 108.1 110.7 123 135.8 147 153.3 156.6 158.7 160.7 161.2 161 160.5 160.3 161.5 162.3 162.1 160.8 159.6 158.2 156.9 156.2 155 154 153.9 152.5 150.5 148.2 143.3 136.4 130.6 132.9 133 137.4 142.9 146.8
137.7 132.4 126 123.8 129.7 136.4 143.5 147.8 148.8 147.7 146.4 145.5 143.9 142.3 140.8 138.3 135.5 132.4 127.3 122.4 118.5 114.8 110.2 106.9 105.2 104.3 103.4 104.9 111.2 118 123.9 127.8 128.5 125.5 121.2 116.1 110.6 106.1 101.7 101 101.4 101.3 104.7 109.3 117.7 130.2 141.9 150.2 155 157.6 159.1 160.4 160.7 160.6 160.5 160.7 161.9 162.2 161.4 160.2 158.9 157.7 155.6 154.5 153.3 152.5 152.1 151 149.2 146.9 143.1 137.2 129.6 130.1 137.2 143.3 148.6 151.8
143.8 138 131.4 124.9 123.6 126.7 133.6 139.1 145 147.8 148.3 148.2 146.9 145.4 145.2 143.8 141.1 138.2 133.4 127.9 122.7 118.4 114.2 111 107.3 104.6 103.2 103.1 102.6 110 115.1 119.6 123.1 121.7 118.3 114.8 109.4 104.8 100.8 100.9 101.3 101.9 104.6 110.6 121.6 134.4 146.5 152.7 156.2 157.7 158.9 160.1 159.9 159.7 159.8 160.2 161.3 161.6 160.8 159.5 157.9 155.7 153.3 151.7 151.6 150.9 150 149.1 147.5 144.9 140.9 134.1 125.6 133.7 141.7 148.1 150.7 152.5
146.9 142.5 136.9 130.2 124.8 121.3 123.1 129.5 135.6 140.1 145.8 147.6 148.2 148.1 147.7 146.7 144.9 142.6 139.2 134.6 128.7 122.8 118.1 114.2 110.2 106.8 104.4 103.5 102.2 102.2 106.3 111.6 115.6 117 114.8 113.3 107.6 102.8 100.8 101 101.4 102 106.3 110.4 126.1 138.1 149.1 154.2 156.4 157.4 158.1 158.9 158.5 158.9 159.7 159.3 160.3 160.4 159.4 158.4 156.5 153.8 150.8 148.5 148.9 148.6 147.9 147 145.8 142.7 137.9 129.3 127.4 136.2 144.1 148.1 150.9 151.7
145.9 144.9 140.9 135.7 129.3 123.2 120 120.2 126.2 132.9 141.4 145.4 147.6 148.1 148.4 147.9 146.7 145 142.3 139.2 134.5 129.5 122.1 117.1 113.2 110 106.8 104.3 103.2 102.2 102.2 103.5 107.8 109 110.3 112 107.7 102.7 101.2 101.5 102 102.5 105.3 111.6 128.6 140.8 150.4 154.5 155.3 156 156.6 157.1 157.2 157.2 157.8 158.4 158.9 159.6 158 156.6 155.2 151.5 148.2 146.6 146.2 145.3 144.4 143.4 143.2 140 133.9 126.6 129.4 137.9 144.8 147.7 148.8 149.3
141.2 142.2 141 138.4 133.8 128.1 122.5 119.1 119.2 125.8 133.9 140.5 144.5 146.1 146.7 147.1 146.6 145.1 143.4 140.8 136.8 133.2 127.9 120.8 115.8 112.6 109.1 105.9 104 102.9 102.7 102.2 103.2 105 107.4 106.9 104.3 102.4 100.9 100.7 101.1 101.6 105.8 110.6 129.2 140.5 148.5 152.3 153.6 154 154 154.6 155.4 155.5 155.8 156.9 157.7 158.8 157.2 155.6 153.9 150.5 146.9 142.8 141.7 140.4 140.2 140.3 139.9 137.2 130.9 124.2 130.1 138.5 143.9 146.1 146.7 145.9
132 133.8 134.5 134.4 132.5 128.3 123.9 120.6 116.9 118.4 126 134.1 138.8 141.1 143.2 144.7 144.7 143.7 142.5 140.2 136.7 133.7 130.2 125 118.4 114.7 111 107.9 105.5 103.9 102.8 102.5 102.2 102.4 103.8 103.1 102.8 101.6 100.4 100.3 100.2 101.9 105.1 110.3 124.5 135.3 142.4 147.5 150.5 151.2 151.7 151.9 152.7 151.3 152.7 155.5 156.8 158 156.4 154.8 153.7 150.5 147.2 144 140.8 138.9 135.8 134.2 132.6 133.4 127.4 122.5 130.2 138.8 142.2 143.2 142.5 141.7
129.4 128.4 127.1 126.8 126.6 124.1 121.7 118.8 117.2 116.3 120.7 127.3 132.4 136.5 138.3 139.8 140.9 141.2 140.9 138.8 136.4 133.4 130.2 125.9 118.5 115.9 112.2 108.8 106.5 103.9 103.1 102.5 101.8 101.3 101.5 102.2 101.3 100.6 100.7 100.5 100.1 99.6 102.5 107 116.8 125.6 135 141.1 145.2 146.6 146.5 148.3 148.5 146.6 149.7 153.7 155.8 157.2 155.7 154.8 153.7 151.7 149.4 147.5 145.5 143.7 140.2 136.1 129.4 126.3 123 122.1 131.4 137.5 139.5 140.1 138.8 137.5
135.9 131.8 127.9 125.2 123.4 122.1 120.3 119.7 117.1 116.1 116.5 120.6 125.9 129.8 132.1 133.8 135.5 136.6 137 136.2 134.4 131.9 128.9 125.4 119.4 115.4 111.5 108.4 105.8 103.7 102.8 101.9 102.1 101.6 101 100.9 100.8 101 101.1 100.4 99.8 99.4 99.6 103.6 107 114.8 124.2 133.1 137.8 140.1 139.5 143.4 142.9 141.1 147.1 152.3 154.4 156.2 156.5 155.3 153.6 152.2 150.6 148.8 147.1 144.9 142.6 139.4 134.4 128.1 121.7 121.3 130.5 134.8 136 135.6 134.3 133.4
142.4 137.4 134.3 131.1 128.3 126.2 125.3 124.9 120.8 117.1 114.5 115.3 118.8 122.9 125.5 127.3 128.7 130.3 131 131.7 130.3 129.2 126.3 122.8 117.3 112.9 109.1 106.6 104.3 103.3 102.3 102.1 102.5 102.2 101.8 101.2 101.2 101.4 101.5 100.4 99.7 99.4 99 100.2 102.9 105.9 113.5 124.4 130.9 133.5 134.1 137 135.7 140.5 146 150.8 152.9 154.1 154.6 153.9 152.6 151.5 150.5 148.7 146.5 144.2 142 138.8 134.5 129.2 120.6 120.1 128 131.9 132.5 131.1 129.4 129
