Assets/StreamingAssets/GeoData/Data/nm/NM31.asc
ncols 200
nrows 200
xllcorner 130000
yllcorner 710000
cellsize 50
[rows 0 to 37 of 200, columns 84 to 167 of 200]
38.8 34.1 31.1 34.3 39 46.9 45.3 50 53.7 61.3 59.1 59.6 57 56.2 54.2 55.5 57.9 58.3 51.3 55.4 56.4 57.1 56.7 59.8 61.7 69.2 76.6 74 82.3 89.4 89.1 88.9 83.2 83.2 77.9 61.4 59.3 55.6 50.1 46.2 43.9 40.3 43.9 49.3 49.3 37 36.4 38.7 39.1 40 42.5 40.7 41.4 39.2 36.5 33.1 32 25.4 33 34.2 33 31.3 30 28.7 29.4 30.6 31.2 40 48.7 50.6 58.3 61.3 70.2 75.7 78 78.5 82.4 88.7 89.4 93.6 101.4 102.1 99.4 97.8
36.3 36.9 30.8 32.8 38.4 44.3 57.4 66.8 59.7 62.2 62.5 59.3 58.9 62.3 58 59.8 68.3 68.7 55.4 59.5 62.4 68.3 64.9 65.6 69.3 73.2 72.6 77.1 78.3 84.8 89.3 92.3 88 85.7 77.4 68.9 60.6 58.8 54.5 46 43.4 40.7 43.8 52.6 53.2 39.6 36.9 42 40.2 41.9 46.8 50.3 43.4 47.4 42.5 38.3 31 24.8 25.8 30.8 31.1 31.9 31.5 30.4 29.5 29.8 30.9 34.7 41.5 45.5 53.8 59.6 65.7 73.3 72.9 78.4 80.3 87.8 88.8 91.9 100.4 101.7 100.1 102.5
39.6 35.1 31 33.8 41.3 54.5 62.3 68.2 67.9 71.8 70 63.1 62.7 62.3 72.9 62.1 62.6 58.6 54.9 57.7 68.2 69.1 67.5 67.7 79.4 75.3 79.7 80.9 85.7 89.4 95.7 97.8 98.4 98.4 90.1 74.2 59.3 59.9 61.9 55 42.9 41.9 43.7 53.7 59.7 44.2 38.4 41.1 43.4 42.5 51.7 57.8 52.8 47.9 46.1 40 31 24.9 24.6 26.5 29.9 30.3 32.6 32.3 30.6 32.5 31.3 33.9 38.3 42 48.3 58.4 63.8 67.9 71.2 75.6 79.2 83.7 85.9 91.6 98 102.3 103.5 105.8
42.5 40.6 37.2 34.9 38.8 57.9 58.7 72.6 71.7 66.6 69.7 71.4 70.6 66.3 70.7 67 61.1 57.7 55.8 55.5 56.2 62.7 67.4 64.7 75.6 78.7 81.4 87.3 89.4 91.4 97.5 96.5 97 96.9 87.9 78.4 63.3 53.2 56.5 50.9 44.5 42.1 43.2 48.5 58.3 45.1 42.4 39.8 43 46.9 52.4 60.1 63.8 55 47.3 37.1 31.2 25.2 24.6 24.9 28.3 30.1 31.5 35.3 33 32.9 33.6 37.1 38.1 40.6 46.5 53.7 58.9 67.3 75.4 74.6 78.1 81.2 87 93.5 96.4 98.5 104.6 107.3
43.6 41.8 38.5 33 33.6 40.1 56.4 58.8 65 65.1 66.5 71.2 71.5 65.4 65.9 68.3 68.6 61.1 58.9 56.6 56 56.4 58.3 61.8 70.4 76.2 90.3 99.5 104.1 100.7 96.2 95.6 90.5 84.9 80.5 74.1 64.9 59.2 49.2 46.8 45.2 43.8 41.4 42.7 45.4 44 43.4 42.5 42.6 46.8 54.7 58.1 65.6 59.1 55 39.1 28 25.2 24.4 24.5 26.9 29.4 29.6 31.6 32.8 32.4 33 35.3 37.5 40.3 45.1 49.9 55.8 62.8 72.7 78.8 80.1 85.2 90.5 95.2 97.1 97.8 102.4 104.2
44.7 43.7 42.5 41.5 32.8 34.2 40.4 46.7 55.4 55 55.5 59.3 63.8 63.8 64.9 64 61.8 59.9 58.2 57.3 56.8 56.4 58.1 63.6 79.2 83.5 89.3 95.1 100.5 103.9 104 102.3 107.4 98.9 94.2 82.7 73.2 61.5 51.2 47.9 44.5 43.8 41.6 42 44.6 45.1 47.2 49 41.6 46.9 55.9 59.4 62.9 65.5 59 49.2 30.5 27 24.3 24.4 25.8 27.4 28.7 30 30.3 31.6 32.3 34.5 37.8 40.4 44.1 46.8 50.6 60 68.8 74 81.6 85.7 90.9 97.4 101.1 99.9 100.2 101.3
49.3 49.2 51 45.4 35.1 34.6 35.6 37.4 41.2 50.9 52.8 55.2 62.5 69.2 67.4 63.8 62.6 61.1 62.6 59.2 58.9 58.3 58.6 60.9 68 76.5 81.4 88.8 98.1 97.3 104.9 106.3 104.8 102.8 101.4 93.7 83.3 68.1 60.6 46.5 43.8 42.8 41.1 44.3 45.4 46.4 51.1 56 48 44.1 55.1 59.6 60.7 62.1 60.3 49.4 31 28.3 25.1 25.9 27 28 29.2 29.4 30.4 31.5 32.5 33.6 37.1 40.8 40.2 41.8 46.5 57.7 62.9 68.6 78.6 83.4 86.8 95.9 104.5 103.9 96.2 98.2
43.4 55.8 50.4 43.6 36.1 35.7 36.6 39.3 42.2 50.7 52.2 55.9 67.8 76.9 73 70.6 74.1 68.6 76.3 75.5 67.2 65.7 61.4 62.6 70.8 71.9 76.7 81.3 90.7 94.1 103 103.6 103.8 100 94.4 86.7 78.9 68.7 60.8 48.6 44.7 41.6 41.8 44.3 46 47.8 52.4 52.9 47.6 44.6 45.3 55.5 59.8 62.6 60.7 51.5 37.2 36.9 27.9 24.5 27 30.2 29.3 29.9 30.9 31.4 34 34.9 35 37.2 37.3 39.7 43.7 48.9 54 65.1 75.5 79.9 84 90.9 96.6 99.1 99.9 88.9
38.1 44.1 43.1 42 37.1 35.2 37.7 49.9 51.1 55.3 59.8 60.6 66.7 69 76 83.8 83.9 76.7 81.4 82.3 76.5 72 66.4 61.3 66.5 71.1 71.1 73.4 78.6 89.9 95.5 97.4 101.1 104.5 96.8 89.6 81.8 75.8 65.5 59.4 47.9 40.9 43.5 43.9 47.2 51.6 55.6 56.2 49.4 48.7 46.3 49 51.7 57.9 55.7 49.1 45.7 43.2 32.7 29 28.3 29.1 30.1 30.3 31.6 31.3 31.9 32.2 33.7 36.6 37.4 41.2 41.9 45.1 48.3 63.3 72.2 74 77.4 84.8 89.3 92.5 94.4 83.3
38.3 39 46.6 51 46.5 36.7 39.4 52.2 58.1 59 60.8 62 67.3 68.3 78.1 82.2 87.8 87.4 86.9 89.3 82.4 88.2 82.9 67.9 63.9 65.3 68.3 73.5 84.4 88.9 91 95.5 102.1 106.3 103.6 96.4 84.3 71.4 66 54.7 50.7 41.4 45.3 45.7 53.4 54.1 56.4 55.2 53.9 50 48.3 52.4 53 49.1 48.3 45.3 45.3 46.2 30.9 27.3 27.7 28.8 30.3 32.6 33.6 31.3 30.4 30.3 32.1 33.9 36.4 43 44.8 44.8 46.5 54 64.3 68.1 71.2 75.9 82.2 85.2 83.7 76.1
39.5 38.4 47.9 54 50.4 38.8 38.6 44.8 52.7 59.5 62.9 61 64.5 71.7 76.7 86.3 92.1 94.6 92.9 96.1 88.7 89.7 84.6 75.5 65.9 69.4 73.5 83.9 86 88.4 95.1 99.5 100.6 108.4 105.7 102.1 92.9 82.8 65.9 63.2 51 41.8 42.3 44 47.9 50.6 56.1 56.2 56.1 55.6 50.4 53.5 53.3 52.8 46.3 45.8 45.4 48.3 31.5 24.5 28.2 28.8 29.3 30.5 34.1 30.3 29.2 29.2 29.9 34.2 33.3 45.1 48.4 49.8 47.6 48.5 55.3 57.2 61.7 65.7 70.9 74 72.3 67.6
41.3 39.7 38.4 40.4 42.2 39.5 38.9 44.4 51.4 54.1 58.4 64 65.3 73.7 78.8 86.9 89.5 98.2 93.8 91.5 87.3 82.5 78.5 75.1 75.2 75 82.2 87.5 92 98.5 103.1 106.3 108.4 108.5 106.8 100.6 95.5 92.4 73.5 64 50.7 42 41.9 43.3 52.2 51.1 52.4 55.5 56.1 53.3 50.7 51.9 56.5 55.4 49.1 45.5 43.5 40 29.3 21.8 31.5 29.6 29.3 29.9 28 28.7 28.4 26.2 30.5 29.8 32.4 48.1 53 55.5 53.9 50.3 51.5 53.3 52.4 56 61.9 64.2 63.6 59
48.2 42.2 39.5 38.7 45.5 41.8 42.6 43.2 51.6 59.7 65.4 69.5 68.7 71.7 72.1 80.3 87.9 90.7 86.4 86.4 85.6 80.8 78.6 78.2 77.8 75.9 86.4 92.9 94.5 98.3 104.7 110.7 111.7 105.8 101.3 99 95.8 89.3 75.7 61.5 52.2 42.9 41.7 44.4 49.1 49.2 50.1 54.7 56.2 55.8 52.3 52.2 55.8 56.3 50.7 47.4 47.7 39.2 29.9 21.3 27.2 30.5 29 30.6 24.9 23.1 22.8 22.1 22.5 25.1 28.5 34.7 48.3 57.1 57.7 55.4 52.8 51.5 49.3 48.3 47.5 51 52.2 50.3
54.3 47.6 45.4 43.3 41.8 49.4 45.7 44.8 52.1 63.6 69.2 69.8 63.8 77.9 82.9 78.9 82 82.7 80.3 83.7 92.6 93.3 89.7 84.4 80 77.9 82.2 87 90.6 93.3 94.8 97.7 99.3 100.9 106.3 108.5 109.8 101.3 83.2 64.9 58.4 44.2 41.6 43 44.7 47.1 48.3 55.4 57.2 58.3 55.6 53.7 54.2 51 48.4 46.7 50.3 45.9 29.8 25.9 25 27.4 25.3 23 19.6 19.7 19.8 19.4 19.8 20.2 23.1 28.5 37.9 52.9 58.6 58.2 54.1 50.8 49.3 49.1 47.1 44.7 44.7 44.3
58 53.6 50 48.8 42.4 46.1 44.5 44.8 55.1 60.2 63.5 65.9 60.9 67.8 73.7 76.8 68.9 66.1 70 70.8 85.7 89.6 90.5 85.1 87.2 84.9 79.9 82 84.6 88.3 96.4 100.3 101 103.4 108.4 109.9 111.4 105 88.5 69.3 56.2 45 40.9 42 43.9 48.5 49 47.6 50.6 57.5 61.4 55 58.5 57.4 51.3 44.7 43.3 34.4 30.5 25.5 18.9 27.1 29.6 22.8 19.3 18.4 18.2 17.9 18.1 18.9 19.4 24.9 29.6 45.3 62.7 58.6 56.5 53.5 53.8 51.3 54.1 52.1 46.6 41
65.4 60.8 55.6 50 46 43.3 42.2 42.4 49.1 53.2 54 55.1 57.5 64.4 65.7 63.4 61.6 60.8 69.3 70.4 73.4 84.3 90.8 87.2 84.2 86.5 78.6 77.1 82.3 89.1 101.4 104.8 104.5 102.4 105.8 103.6 101.1 95.5 84.3 67.8 55.5 41.4 40.5 40.5 42.5 43.4 43.9 45.8 52.2 62.8 65.9 60.4 57.8 56.6 60.3 50.9 39.6 34.7 34.4 25 23 23.6 32.1 18.7 17.6 17.4 16.4 16.3 16.3 16.5 17.6 21.3 43.1 74 74.3 76 57.3 54.8 52.8 51.6 51.9 51 47.2 45.5
68.1 66.5 59.9 51.1 46.4 44.3 42.7 42.1 42.6 44.6 46 50.9 55.9 63.5 61.6 63.5 54.4 55.2 57.5 61.4 67.7 75.3 79.6 76.3 79.4 76.5 74.5 73.9 76 80.6 88.9 91.1 90.3 90.7 92.8 93.8 90.8 86.5 74.6 61.8 53.9 40.7 40.5 40.5 41 42.1 47.2 54.6 55.3 63.8 70.2 64.1 55.6 53.5 60.6 53.5 34.6 32.7 27.5 23.6 21.3 22.3 23.9 16.9 16.1 16 15.8 16 15.3 15.5 16.3 21.6 44.8 71.1 80.5 72.4 63.3 42.6 50.4 50.6 47.5 45.1 46 45.3
68.3 64.2 56.2 51.4 47.1 45.6 41.8 40.6 43.1 43.8 45.5 44.7 45.4 48.2 50 50.7 49.6 48.4 49.1 52 55.3 57.7 61.5 67.7 70.9 61.4 58.5 61.4 62 68.6 72 74.4 76.5 79.6 76.6 76.7 70.5 66.5 60.8 53.8 45.9 40.6 40.5 40.5 42.4 47.5 56.2 59.6 59 62.1 64.9 67.7 56.8 52.6 54.6 50.6 36.5 31.9 28.3 22.7 17.9 14.6 12.8 11.5 14.8 15.5 15.2 15.1 14.8 14.6 15.8 20.7 48.2 62 71.4 68.7 47.1 29.3 57 52.2 46.8 41.5 42.1 42.4
68.4 65.4 67.8 71.7 66.2 52.8 41.9 40.6 40.6 41.7 42.8 42.8 44.5 44.6 45.2 46 45.9 47.2 48.5 50.2 50.2 51.7 52.8 54 54.9 56.2 56.8 58.5 63.3 66 65.8 68.5 72.5 71.2 70 67.4 60.4 56.7 51.6 47 44 41 40.5 42.5 44.6 46.8 58.7 66.9 66.7 64.9 67.5 64.6 60.5 52.1 58.7 44.9 34.2 31.2 28.7 23.9 17.6 16.5 15.8 24.1 9.1 12.7 14.8 15.6 15.9 14.2 23.9 14.6 37.5 49.7 57.2 61.3 26.1 37.2 45.3 47.1 41.6 36.4 40.4 41.9
81.6 87 83.4 84.1 73.2 71.4 59.8 44.7 40.6 40.7 41.8 42 42.6 45.1 50.3 50.4 48.7 50.7 52.4 53.2 51.8 54.8 64.7 65.5 68.5 67.4 60.4 66 70.8 77.8 80.1 85.1 86.5 87.9 80.1 74.1 63.4 59.9 50.3 49.3 47.8 41.7 43.6 43.4 44.5 50.2 57.5 66.6 65.7 64.1 69.4 68.3 59.8 51 51.3 38.8 32.7 30.8 25.7 22.4 17.9 13 9.6 8 8.2 9.8 9.4 10 9.9 12.1 11.4 13.7 34.3 38.4 41.1 29.3 17.8 24.3 27.2 40.5 35.7 33.9 38.6 46.3
85.5 89 90.2 85.4 80.7 81.1 74.4 65.2 43.9 46.3 44.7 43 44.1 45.6 56.9 73.3 73.2 64.1 65.6 65.1 59.4 64.2 72.4 77.7 81.9 78.5 75.8 71.7 81.1 82.3 85.8 89.6 89 88.2 86.6 77 70.9 58.9 51.1 51.6 46.8 42.7 46.8 42.1 48.1 46.9 55.7 63.1 66.1 63.3 73.5 68.9 64.7 57.8 49.6 36.8 35.7 26.7 23.5 22.2 16.5 8.5 7.5 6.8 5.3 7.9 8.4 8.1 7.5 8.5 9 11.6 32.6 35.8 32.1 13.1 17.7 14.5 23.9 34.6 24.8 29.4 34 49.7
84.6 91.3 82.7 80.2 83.1 83.5 82.2 72.2 57.7 51.4 50.5 46.2 43.5 47.5 62.4 73 71.8 72.1 78.9 75.5 77.7 88.2 87.1 83.3 82.1 83.5 80.4 70.9 78.3 81.1 84.1 89 97.6 97.2 87.5 80.4 70.8 61 51.1 48.6 45.2 43.6 48.2 42.6 43.6 46.1 57.1 60.9 59.4 62.2 65.8 65.4 64.5 58.1 37.5 36.6 54.2 36 24.4 20.1 18.4 7.9 5.9 5.7 5.5 6 6.8 6.9 6.8 7.2 7.9 8.3 12.1 12.7 9.8 12.7 13.2 11.8 22 17.1 21 25.2 35.1 54.8
82 80.1 77.9 76.1 82 85.5 81.2 75.5 63.7 52.5 54.3 47.7 45.5 46.6 54 66.6 64.8 70.9 79.8 83.7 83.3 93.1 103.1 97.2 99.5 96.8 89.6 72.9 84.8 88.9 94.4 94.4 97.2 103 95.4 90.2 72.1 61.7 49.5 47.4 45.5 45.3 44.3 42.8 43.1 44.8 52.5 58.4 63.8 67.4 65.4 69.7 64.2 54.3 31.8 31.6 39.5 32.6 25.2 19.4 19.6 6.3 5.4 5.9 3.8 6 9.7 6 6.1 6.8 7.8 7.6 8.1 7.9 8.9 11.7 10.1 9.6 10.6 14.2 18.1 26.5 44.3 54.4
71 72.8 68.8 68.1 73.7 75.3 77.2 82.6 73.1 57.2 56.9 57 46 48 53.3 61.5 66.9 80.6 85.9 91.5 99.2 98.9 102.7 103.4 98 96.2 92 83.4 79.2 91.3 91.2 89.8 88.9 102.4 102.8 96.7 82.6 68.2 51.8 53.7 47.2 45.5 44.9 45.5 42.6 50.6 53.5 60.7 63.8 65.3 66.7 68.9 63.2 37 28.6 28.3 29.3 25.8 22.1 18.6 25.9 5.4 5 4.2 5.2 5.4 3.8 3.9 4.6 5.7 5.8 8.1 9.9 8.3 8.4 8 8.7 8.1 8.2 11.9 21.8 37.6 47 52
64.1 65.1 64.7 65.7 67.5 72.6 77.4 86.2 75.1 62.4 53.5 53.3 47.5 47.5 55.5 56.1 68.3 78.8 86.4 98.6 103 111 110.6 109.4 107.6 97.9 93.9 92.7 78.8 83.3 84.2 90.1 84.8 83.8 89.9 84.2 73 60.7 58.7 58.3 52.8 47.8 46 46.2 44.6 46.6 51.6 57.7 65.5 64.5 67.4 73.8 58.1 29.5 23.6 23.9 26.6 25.1 15.5 11.5 9.4 3.8 3.5 -1.3 2.7 2.6 2.3 2.3 2.2 2.3 2.6 4.9 8.2 5.5 8.9 8.4 7.7 6.9 7.9 13.4 28.6 40.2 47.6 54.1
62.5 62.1 64.2 67.6 68.3 72.9 75.9 79.4 77.7 63.8 51.5 52.7 49 48 52 58.9 66.6 78.2 84.1 96.9 100 103.4 105.5 111.9 106.6 102.6 95.4 88.9 83.8 82.5 83.6 83.1 81.9 80.7 79.3 78.4 75.1 62.2 59.5 67.8 56.9 52.7 49 46.2 44.9 43.3 51.7 58.8 66.1 65.4 64.3 67.5 44.5 33.1 21.4 20.2 30.1 18.6 8.2 7 4 2.2 0.8 -1.3 0.3 1 1.2 1.4 1.6 2 2 4.1 4.1 4.9 10.3 8.5 5.9 7 8.8 32 43.6 47.5 51.3 54
60 62.6 66 69.4 69.6 72.6 77.1 81 82.6 68.4 52.8 49.4 49.9 51 50.9 53.1 57 65.6 81.7 89.5 98.9 98.6 99.5 100.4 100.3 98.6 99.8 96.6 86.9 84.3 85 83.1 82.9 79.8 78.7 81.7 82.7 65 66.2 64.7 57.5 53.1 49.8 47.9 45.7 43.8 57.9 63 67.4 68.6 68.6 58.3 33.6 28.6 18.3 18.2 29.7 11.2 6.9 2.3 1.7 1.3 -0.1 -1.3 -1.3 -0.1 0.3 0.4 0.7 0.8 0.9 1.3 1.5 1.9 3.1 7 4.7 5.1 26.4 44.1 51.4 56.9 58.6 58.4
62.7 66 71.2 75.2 74.3 75.1 75.9 76.1 73.6 64 54.7 47.8 47.3 49.6 51.7 55.2 63.9 69.1 88.2 92.5 95.7 97.5 99.3 101.9 106.1 107.6 101.5 95 92.5 90.7 86 85.2 85.3 85.7 81.7 75.7 71.5 66.3 70.9 80.3 73.1 56.3 53.1 51.7 47.9 44.4 54.7 64.3 67.2 78.7 59.9 38.1 25.4 21.5 16.5 15.6 16.9 8.7 2 1.3 0.7 0.2 -0.7 -1.3 -1.3 -1.3 -0.6 -0.5 -0.3 -0.4 -0.3 0.1 0.4 0.9 1.4 2 2.5 4.9 11 43.3 51.4 60.2 63.3 57.1
64.6 71 76.3 80.4 81.6 79 78.1 76.2 72.1 59.9 54.6 46 46 50.1 54 65 62.8 65.8 83.2 88.5 94.6 101.9 109.2 113.8 117.4 114.7 112.3 106.9 102.4 102.2 104.7 96.8 91.7 97.7 92.6 83.1 77.4 66.1 71.7 72.3 69.3 57.6 53.2 51 49.4 45.4 49.1 57.9 62.6 79.2 80.2 67.2 40.8 15.8 8.1 6.5 2.1 1.3 0.9 0.3 -0.3 -1.3 -1.3 -1.3 -1.3 -1.3 -1.3 -1.3 -1.3 -1.3 -1.3 -1.3 -1.3 -0.2 0.4 1.1 1.5 2.2 22.3 36.3 48.1 61.3 60.2 60.8
63.8 70 80.1 79.9 79.6 79.1 78.9 78.8 75 65.2 54.5 46 42.1 43.8 48.3 55.5 59.1 60.7 66.8 83.5 95 107.7 112.3 115.3 117.4 118.5 119.3 115.9 112.6 110.1 117.4 120 106 96.5 97.4 93.2 85.1 67.4 70.3 71.8 66.2 59.4 54.1 50.1 48.1 47.5 51 55.9 61.1 69.7 73.7 65.6 49 18.2 7.6 2.2 2.2 0.2 -0.5 -1.3 -1.3 -1.3 -1.3 -1.3 -1.3 -1.3 -1.3 -1.3 -1.3 -1.3 -1.3 -1.3 -1.3 -1.3 -1.3 0 0.5 1.8 12.1 31.7 49.1 62.4 45.7 58.7
64 67.2 75.6 77.7 78.4 80 78.4 77.5 73.5 66.3 57.7 44.2 42.5 42.2 42.9 47.8 49.1 55.5 71 92 101 105.7 116.7 116.6 118.8 124.2 123.1 117.6 119.6 117.6 117.7 123.5 122.4 110.7 100.7 90.8 82.4 69 71.7 68.1 67.5 64.9 57.6 51.3 48.8 49.2 51.3 59.5 58.8 65.1 65.9 52.6 39.5 15.4 4.5 2.2 -1.3 -1.3 -1.3 -1.3 -1.3 -1.3 -1.3 -1.3 -1.3 -1.3 -1.3 -1.3 -1.3 -1.3 -1.3 -1.3 -1.3 -1.3 -1.3 -1 -0.2 1.1 7.3 27 44.3 44.1 44.5 54.8
63.1 66 70.7 75.6 79.2 79.8 78.3 75.4 74.4 65.7 59.2 45.4 40.9 40.8 42.9 43.7 45.8 57 69.4 85 98.4 95.6 100.5 111.7 117.7 121.5 122.6 118.7 119.1 120.3 117.5 119.9 118.9 114.3 100.2 91.8 84.6 69.9 73.5 75.6 65.4 58.3 53.9 51.6 49.7 50.6 51.6 57.4 59.9 58.5 57.7 44.6 20.3 9.3 9.1 1.6 -1.3 -1.3 -1.3 -1.3 -1.3 -1.3 -1.3 -1.3 -1.3 -1.3 -1.3 -1.3 -1.3 -1.3 -1.3 -1.3 -1.3 -1.3 -1.3 -1.3 -1.3 -1.3 2.8 16.3 39.6 28.8 47.6 29.3
63.8 68.2 74.9 79.5 82.1 81.8 79.4 85.9 89.6 83.5 69.5 44.9 40.3 39.6 41.8 43.3 45.1 59.1 68.5 76.6 84.1 88.7 93.6 103.3 116.8 117 120.6 118.7 117.9 118.6 114.9 114 114.7 116.2 109.5 89.9 82.2 70.9 73.9 78 70.7 60.9 59.9 53.1 54.5 50.7 52.2 58.3 62.1 43.1 38.5 35.7 25.1 7.7 7.9 2.1 -1.3 -1.3 -1.3 -1.3 -1.3 -1.3 -1.3 -1.3 -1.3 -1.3 -1.3 -1.3 -1.3 -1.3 -1.3 -1.3 -1.3 -1.3 -1.3 -1.3 -1.3 -1.3 2 14.5 19 34 33.8 17.3
66.2 69.1 80.4 86.4 90.7 87.4 82.9 90.2 96.6 94.7 77.2 51.6 40.6 39.2 41.9 42.6 44.4 56.7 72.7 78.8 86.9 94 92.7 94.7 98.3 105.9 109 112.5 113.6 113.5 113.5 111 112 110 100.9 95.2 77 72.6 71.8 74 69.8 65.4 64 56.9 54.8 54.7 48.1 59.1 58.3 52.2 35.5 30.5 23.8 6.5 2.5 0.5 -1.3 -1.3 -1.3 -1.3 -1.3 -1.3 -1.3 -1.3 -1.3 -1.3 -1.3 -1.3 -1.3 -1.3 -1.3 -1.3 -1.3 -1.3 -1.3 -1.3 -1.3 -1.3 -1.3 8.8 -1.3 16.6 17.8 2.3
73.8 71.8 77.6 91.1 94.7 90.9 86.3 92.1 97.8 94.5 78.9 62.9 42.2 38.6 39.7 41.6 44.6 59.7 61.5 71.7 87.6 99.1 102.3 98.8 102.8 108.5 110.4 112.9 113.5 113.7 111.5 108.5 109.1 103.6 92.7 86.7 80.6 72.9 70.2 69.9 70.3 66.3 64.6 64.4 58 55.8 48.9 42.5 51.6 34 35.4 31.6 7.8 2.7 1.1 -1.3 -1.3 -1.3 -1.3 -1.3 -1.3 -1.3 -1.3 -1.3 -1.3 -1.3 -1.3 -1.3 -1.3 -1.3 -1.3 -1.3 -1.3 -1.3 -1.3 -1.3 -1.3 -1.3 -1.3 -1.3 -1.3 -1.3 -1.3 -1.3
77.9 82.2 74.4 87.2 95.7 93.7 89.8 94.3 94.2 93.2 83.1 70.8 48.9 39.2 39.1 41 43 47 60.8 73.4 89 95.4 100.2 102.2 104.5 108.4 112.2 111.3 113.5 114.3 109.7 105.3 110.8 102.5 97.5 89.1 80.3 75.5 76.9 70.1 63.9 63.6 62.3 64.9 64.6 58.3 49.5 35.2 41.9 31.5 18.8 23.9 2.2 2.4 0.3 -1.3 -1.3 -1.3 -1.3 -1.3 -1.3 -1.3 -1.3 -1.3 -1.3 -1.3 -1.3 -1.3 -1.3 -1.3 -1.3 -1.3 -1.3 -1.3 -1.3 -1.3 -1.3 -1.3 -1.3 -1.3 -1.3 -1.3 -1.3 -1.3
77.3 81.5 76.3 81.7 92.9 93.8 91.7 99.8 96.6 90.9 82.4 70.3 57.3 39.3 37.3 39 42.9 51.7 63.6 84.2 88.5 87.3 94.3 101.1 102.6 111 113.1 108.1 107.8 110.9 105.2 97.7 93.7 92.4 86.5 77.4 74 76.7 77.5 78.2 73.5 61.8 57.7 62.3 66.1 59.2 51.2 32.3 41.8 29.4 15.7 19.5 -1.3 -1.3 -1.3 -1.3 -1.3 -1.3 -1.3 -1.3 -1.3 -1.3 -1.3 -1.3 -1.3 -1.3 -1.3 -1.3 -1.3 -1.3 -1.3 -1.3 -1.3 -1.3 -1.3 -1.3 -1.3 -1.3 -1.3 -1.3 -1.3 -1.3 -1.3 0.9
74.5 74.4 78.5 77.6 87.1 90.2 90 99.6 96.2 87.2 79.6 71.8 57 40.5 37 40.6 42.9 59.5 71.3 86.9 100.4 99 93 94.9 97.4 98.6 103.2 100.9 100.6 100.6 99.5 99.7 97.8 87.3 81.5 74.4 69.3 69.5 69.1 69.4 67.9 66 62.1 55.1 51.5 47.8 51.2 31.8 28.5 31.8 10.9 18.4 -1.3 -1.3 -1.3 -1.3 -1.3 -1.3 -1.3 -1.3 -1.3 -1.3 -1.3 -1.3 -1.3 -1.3 -1.3 -1.3 -1.3 -1.3 -1.3 -1.3 -1.3 -1.3 -1.3 -1.3 -1.3 4.1 -1.3 -1.3 -1.3 -1.3 -1.3 -1.3
