Assets/StreamingAssets/GeoData/Data/nm/NM34.asc
ncols 200
nrows 200
xllcorner 130000
yllcorner 740000
cellsize 50
[rows 152 to 189 of 200, columns 84 to 167 of 200]
-1.4 -1.4 -1.4 -1.4 -1.4 -1.4 -1.4 -1.4 -1.4 -1.4 -1.4 -1.4 -1.4 -1.4 -1.4 -1.4 -1.4 -1.4 -1.4 -1.4 -1.4 -1.4 -1.4 -1.4 -1.4 -1.4 -1.4 -1.4 -1.4 -1.4 -1.4 -1.4 -1.4 -1.4 -1.4 -1.4 -1.4 -1.4 -1.4 -1.4 -1.4 -1.4 -1.4 -1.4 -1.4 -1.4 -1.4 -1.4 -1.4 -1.4 -1.4 -1.4 -1.4 -1.4 -1.4 -1.4 -1.4 -1.4 -1.4 -1.4 -1.4 -1.4 -1.4 -1.4 -1.4 -1.4 -1.4 -1.4 -1.4 -1.4 -1.4 -1.4 -1.4 -1.4 -1.4 -1.4 -1.4 -1.4 -1.4 -1.4 -1.4 -1.4 -1.4 -1.4
-1.4 -1.4 -1.4 -1.4 -1.4 -1.4 -1.4 -1.4 -1.4 -1.4 -1.4 -1.4 -1.4 -1.4 -1.4 4.2 -1.4 -1.4 -1.4 -1.4 -1.4 -1.4 -1.4 -1.4 -1.4 -1.4 -1.4 -1.4 -1.4 -1.4 -1.4 -1.4 -1.4 -1.4 -1.4 -1.4 -1.4 -1.4 -1.4 -1.4 -1.4 -1.4 -1.4 -1.4 -1.4 -1.4 -1.4 -1.4 -1.4 -1.4 -1.4 -1.4 -1.4 -1.4 -1.4 -1.4 -1.4 -1.4 -1.4 -1.4 -1.4 -1.4 -1.4 -1.4 -1.4 -1.4 -1.4 -1.4 -1.4 -1.4 -1.4 -1.4 -1.4 -1.4 -1.4 -1.4 -1.4 -1.4 -1.4 -1.4 -1.4 -1.4 -1.4 -1.4
-1.4 -1.4 -1.4 -1.4 -1.4 -1.4 -1.4 -1.4 -1.4 -1.4 -1.4 -1.4 -1.4 -1.4 2.3 4.5 -1.4 -1.4 -1.4 -1.4 -1.4 -1.4 -1.4 -1.4 -1.4 -1.4 -1.4 -1.4 -1.4 -1.4 -1.4 -1.4 -1.4 -1.4 -1.4 -1.4 -1.4 -1.4 -1.4 -1.4 -1.4 -1.4 -1.4 -1.4 -1.4 -1.4 -1.4 -1.4 -1.4 -1.4 -1.4 -1.4 -1.4 -1.4 -1.4 -1.4 -1.4 -1.4 -1.4 -1.4 -1.4 -1.4 -1.4 -1.4 -1.4 -1.4 -1.4 -1.4 -1.4 -1.4 -1.4 -1.4 -1.4 -1.4 -1.4 -1.4 -1.4 -1.4 -1.4 -1.4 -1.4 -1.4 -1.4 -1.4
-1.4 -1.4 -1.4 -1.4 -1.4 -1.4 -1.4 -1.4 -1.4 -1.4 -1.4 -1.4 2.7 6.5 2.5 8.4 27.8 22.6 -1.4 -1.4 -1.4 -1.4 -1.4 -1.4 -1.4 -1.4 -1.4 -1.4 -1.4 -1.4 -1.4 -1.4 -1.4 -1.4 -1.4 -1.4 -1.4 -1.4 -1.4 -1.4 -1.4 -1.4 -1.4 -1.4 -1.4 -1.4 -1.4 -1.4 -1.4 -1.4 -1.4 -1.4 -1.4 -1.4 -1.4 -1.4 -1.4 -1.4 -1.4 -1.4 -1.4 -1.4 -1.4 -1.4 -1.4 -1.4 -1.4 -1.4 -1.4 -1.4 -1.4 -1.4 -1.4 -1.4 -1.4 -1.4 -1.4 -1.4 -1.4 -1.4 -1.4 -1.4 -1.4 -1.4
-1.4 -1.4 -1.4 -1.4 -1.4 -1.4 -1.4 -1.4 -1.4 -1.4 -1.4 -1.4 10.5 9 8 13.2 33.6 30.6 24.2 -1.4 -1.4 -1.4 -1.4 -1.4 8.6 -1.4 -1.4 -1.4 -1.4 -1.4 -1.4 -1.4 -1.4 -1.4 2.3 5.7 7.1 2.4 -1.4 -1.4 -1.4 -1.4 -1.4 -1.4 -1.4 -1.4 -1.4 -1.4 14.8 2.8 -1.4 -1.4 -1.4 -1.4 -1.4 -1.4 -1.4 -1.4 -1.4 -1.4 -1.4 -1.4 -1.4 -1.4 -1.4 -1.4 -1.4 -1.4 -1.4 -1.4 -1.4 -1.4 -1.4 -1.4 -1.4 -1.4 -1.4 -1.4 -1.4 -1.4 -1.4 -1.4 -1.4 -1.4
-1.4 -1.4 -1.4 -1.4 -1.4 -1.4 -1.4 -1.4 -1.4 -1.4 -1.4 -1.4 1.9 8.5 7 7.6 14.4 16.3 32.9 13.5 -1.4 -1.4 -1.4 -1.4 33.5 36.4 4.7 5.9 2.4 -1.4 -1.4 -0.9 0.1 1 15.1 27.5 31.1 9.2 3 -1.4 -1.4 -1.4 -1.4 -1.4 -1.4 1.8 17.9 40 37.4 34 -1.4 -1.4 -1.4 -1.4 -1.4 -1.4 -1.4 -1.4 -1.4 -1.4 -1.4 -1.4 -1.4 -1.4 -1.4 -1.4 -1.4 -1.4 -1.4 -1.4 -1.4 -1.4 -1.4 -1.4 -1.4 -1.4 -1.4 -1.4 -1.4 -1.4 -1.4 -1.4 -1.4 -1.4
-1.4 -1.4 -1.4 -1.4 -1.4 -1.4 -1.4 -1.4 -1.4 -1.4 -1.4 -1.4 -1.4 4.9 3.8 7 14.4 15.4 16.5 14.2 9.5 -1.4 -1.4 -1.4 29.5 38.3 27.8 8.8 8.2 17.5 5 1.9 2.3 4.2 20.3 26.5 25 19.5 38.3 55.6 55.8 46 38.2 11.1 21.5 33 45 41 38.6 35 6.1 -1.4 -1.4 -1.4 -1.4 -1.4 -1.4 -1.4 -1.4 -1.4 -1.4 -1.4 -1.4 -1.4 -1.4 -1.4 -1.4 -1.4 -1.4 -1.4 -1.4 -1.4 -1.4 -1.4 -1.4 -1.4 -1.4 -1.4 -1.4 -1.4 -1.4 -1.4 -1.4 -1.4
-1.4 -1.4 -1.4 -1.4 -1.4 -1.4 -1.4 -1.4 -1.4 -1.4 -1.4 -1.4 -1.4 -1.4 4.1 2.2 17 11.6 8.8 8.1 10.1 -1.4 -1.4 -1.4 -1.4 29.5 31.6 25.7 13.8 20.8 14.4 16.6 8.2 15 27.6 28.5 26 46.3 72.8 75.7 80 81.4 63.7 33.3 38.8 39.1 47.3 43.1 37.2 24.7 9.9 -1.4 -1.4 -1.4 -1.4 -1.4 -1.4 -1.4 -1.4 -1.4 -1.4 -1.4 -1.4 -1.4 -1.4 -1.4 -1.4 -1.4 -1.4 -1.4 -1.4 -1.4 -1.4 -1.4 -1.4 -1.4 -1.4 -1.4 -1.4 -1.4 -1.4 -1.4 -1.4 -1.4
-1.4 -1.4 -1.4 -1.4 -1.4 -1.4 -1.4 -1.4 -1.4 -1.4 -1.4 -1.4 -1.4 -1.4 -1.4 -1.4 11.5 10.4 5.8 6.4 9.7 -1.4 -1.4 -1.4 -1.4 9.6 32.9 33.6 19.7 24.6 29.2 25.1 22.8 30.9 39.6 31.1 35.9 70.5 76.9 82.5 84.6 83.2 79.4 54.6 41.9 44.4 44.6 44.8 41.7 32.6 17.6 13.4 -1.4 -1.4 -1.4 -1.4 -1.4 -1.4 -1.4 -1.4 -1.4 -1.4 -1.4 -1.4 -1.4 -1.4 -1.4 -1.4 -1.4 -1.4 -1.4 -1.4 -1.4 -1.4 -1.4 -1.4 -1.4 -1.4 -1.4 -1.4 -1.4 -1.4 -1.4 -1.4
-1.4 -1.4 -1.4 -1.4 -1.4 -1.4 -1.4 -1.4 -1.4 -1.4 -1.4 -1.4 -1.4 -1.4 -1.4 -1.4 -1.4 1.3 2.3 14 7.6 2.3 -1.4 -1.4 -1.4 -1.4 15.5 32.4 28.7 20.3 32.2 27.5 28.9 29.5 32.7 45.1 38.9 67.9 80.8 84.2 85 83.5 74.8 69.1 47.7 49.7 42.7 45.2 35.5 28 34.2 17.6 5.6 -1.4 -1.4 -1.4 -1.4 -1.4 -1.4 -1.4 -1.4 -1.4 -1.4 -1.4 -1.4 -1.4 -1.4 -1.4 -1.4 -1.4 -1.4 -1.4 -1.4 -1.4 -1.4 -1.4 -1.4 -1.4 -1.4 -1.4 -1.4 -1.4 -1.4 -1.4
-1.4 -1.4 -1.4 -1.4 -1.4 -1.4 -1.4 -1.4 -1.4 -1.4 -1.4 -1.4 -1.4 -1.4 -1.4 -1.4 -1.4 -1.4 -1.4 3.8 2.3 2.3 -1.4 -1.4 -1.4 -1.4 -1.4 31.9 22.2 18.8 30.6 29.5 31.9 31 40.5 66.2 65.2 70.1 77.1 81.3 88 87 82.7 68.3 59.1 56.2 49.9 45.2 39.5 39 33.7 24.3 8.5 -1.4 -1.4 -1.4 -1.4 -1.4 -1.4 -1.4 -1.4 -1.4 -1.4 -1.4 -1.4 -1.4 -1.4 -1.4 -1.2 -0.2 -1.4 -1.4 -1.4 -1.4 -1.4 -1.4 -1.4 -1.4 -1.4 -1.4 -1.4 -1.4 -1.4 -1.4
-1.4 -1.4 -1.4 -1.4 -1.4 -1.4 -1.4 -1.4 -1.4 -1.4 -1.4 -1.4 -1.4 -1.4 -1.4 -1.4 -1.4 -1.4 -1.4 10.3 6.6 2.3 -1.4 -1.4 -1.4 -1.4 -1.4 13.6 20.4 33.7 29.3 36.7 33.8 48 65.6 73.3 81.8 86.8 81.6 81.1 88.4 85.9 84.8 80.2 75 52.8 49.3 45.9 42.5 39.1 36.8 21.4 11.8 2.5 -1.4 -1.4 -1.4 -1.4 -1.4 -1.4 -1.4 -1.4 -1.4 -1.4 -1.4 -1.4 -1.4 -1.4 25.1 6.8 -1.4 -1.4 -1.4 -1.4 -1.4 -1.4 -1.4 -1.4 -1.4 3.6 1.4 -1.4 -1.4 -1.4
-1.4 -1.4 -1.4 -1.4 -1.4 -1.4 -1.4 -1.4 -1.4 -1.4 -1.4 -1.4 -1.4 -1.4 -1.4 -1.4 -1.4 -1.4 -1.4 2.4 -1.4 -1.4 -1.4 -1.4 -1.4 -1.4 -1.4 8 21.2 34.8 38 47 54.5 78.6 90.2 82.6 92.7 99.7 95 93.8 89.6 94.1 97.9 86.5 75.2 56.8 51.3 49.8 44.3 41.5 34.7 31.1 20.6 5.3 -1.4 -1.4 -1.4 -1.4 -1.4 -1.4 -1.4 -1.4 -1.4 -1.4 -1.4 -1.4 -1.4 21.4 24.4 4.1 -1.4 -1.4 -1.4 -1.4 -1.4 -1.4 -1.4 1 7.4 6.1 2.3 -1.4 -1.4 -1.4
-1.4 -1.4 -1.4 -1.4 -1.4 -1.4 -1.4 -1.4 -1.4 -1.4 -1.4 -1.4 -1.4 -1.4 -1.4 -1.4 -1.4 -1.4 -1.4 0.3 -1.4 -1.4 -1.4 -1.4 -1.4 -1.4 -1.4 4.8 21.9 33.8 38.3 66.7 85.9 79.7 90 98.6 94.8 103.9 104.9 100.6 103.4 90.4 95.6 88.3 79.5 67.2 57.1 57.2 51 43.8 41.1 32.5 28.1 12.4 -1.4 -1.4 -1.4 -1.4 -1.4 -1.4 -1.4 -1.4 -1.4 -1.4 -1.4 -1.4 9.6 17.6 4.8 -1.4 -1.4 -1.4 -1.4 -1.4 -1.4 -1.4 -1.4 5.2 11.2 8.9 2.6 0.4 -1.4 -1.4
-1.4 -1.4 -1.4 -1.4 -1.4 -1.4 -1.4 -1.4 -1.4 -1.4 -1.4 -1.4 -1.4 -1.4 -1.4 -1.4 -1.4 1.1 2.3 5.2 2.4 -1.4 -1.4 -1.4 -1.4 -1.4 -1.4 22.9 21.5 25.8 35.2 54.5 82.3 89.2 93.4 94.4 94.8 110.1 118.2 118.3 107.6 103.2 100.7 96.5 87.8 73.3 68.4 71.2 63 51.7 43.8 37.5 32.8 22.3 8.1 -1.4 -1.4 -1.4 -1.4 -1.4 -1.4 -1.4 -1.4 -1.4 1.5 3 13.8 12.6 7.5 6.4 3.3 -1.4 -1.4 -1.4 -1.4 -1.4 9.8 12.5 19.8 24.8 8.3 -1.4 -1.4 -1.4
-1.4 -1.4 -1.4 -1.4 -1.4 -1.4 -1.4 -1.4 -1.4 -1.4 -1.4 -1.4 -1.4 -1.4 -1.4 -1.4 -1.4 -1.4 2.3 4.2 8.5 5.6 -1.4 -1.4 -1.4 -1.4 21.5 27.1 30.2 25.8 34.4 43.2 72 93.7 95.7 96 100 107.8 117.5 122 121.1 110.1 102.6 96.9 95 81.6 75.5 66 63.9 59.1 53.3 37.9 33.5 26.2 16.8 -1.4 -1.4 -1.4 -1.4 -1.4 -1.4 -1.4 -1.4 5.5 9.2 9.3 10.2 10.8 12.9 10.1 9.6 2.9 -1.4 8.1 17.9 13.5 19 25.4 27.1 24.9 6.2 -1.4 -1.4 -1.4
-1.4 -1.4 -1.4 -1.4 -1.4 -1.4 -1.4 -1.4 -1.4 -1.4 -1.4 -1.4 -1.4 -1.4 -1.4 -1.4 -1.4 0.7 2.3 8.6 10.1 10.9 -1.4 -1.4 16 22.7 22.1 24.3 28.5 29.6 29.8 37.8 67.8 88.1 100.7 108.6 110.1 115.9 119.7 133 130.9 120.6 103.2 101.6 94.8 91.7 80.6 60.8 55.8 51.9 45.6 40.4 38.2 30.6 22.2 -1.4 -1.4 -1.4 -1.4 -1.4 -1.4 2.5 13.3 21.7 18 15.7 8.6 12.8 21.5 24.2 23.2 26.9 15.1 19.9 35.3 32.8 32.4 32.7 28 19.6 5.3 -1.4 -1.4 -1.4
-1.4 -1.4 -1.4 -1.4 -1.4 -1.4 -1.4 -1.4 -1.4 -1.4 -1.4 -1.4 -1.4 0.7 0.6 -1.4 -1.4 10.4 9.5 12.8 10 10.8 -1.4 -1.4 22.6 25.6 23.9 29.4 29.8 33.6 38 36.9 65.4 84.3 101.6 121.6 127.5 125.1 127.5 138.8 134.6 132.9 117.5 99.6 100.6 98.1 84.8 68.7 56 51.4 49.7 44.5 40.5 36.5 19.7 2.7 -1.4 -1.4 -1.4 -1.4 -1.4 8.3 27.8 24.7 19.1 13.5 6.9 22.8 28.5 34.9 39.7 33.5 27.4 26.8 37 36.9 35.8 28.6 25 16.2 -1.4 -1.4 -1.4 -1.4
-1.4 -1.4 -1.4 -1.4 -1.4 -1.4 -1.4 -1.4 -1.4 -1.4 -1.4 -1.4 -1.4 1.1 2.3 2.3 -1.4 11 12.1 11.6 12.6 7.4 2.3 4.8 12.1 23.2 25.5 30.7 34.2 54 67.4 51.6 69.9 83.8 106 131.7 137.8 142 138.9 134.7 135.7 132.9 119.8 108.6 94.9 89.9 83.6 69.4 57.5 57.5 61.4 48.1 41.2 25.5 36.4 17.9 -1.4 -1.4 -1.4 -1.4 -1.4 6.7 19.6 15.2 6.8 5.1 22.7 30.2 39.9 42.7 52.5 35.8 26.9 32 37.2 38.9 37.8 34.4 21.7 5.4 0.9 -1.4 -1.4 2
-1.4 -1.4 -1.4 -1.4 -1.4 -1.4 -1.4 -1.4 -1.4 -1.4 -1.4 -1.4 -1.4 0.4 1.6 2.2 3.4 2.3 13.1 13.6 15.5 6.7 2.3 9.1 10.2 20.9 30.6 31.9 44.9 75.7 74.2 70.7 70.1 86.3 106.6 121.2 137.7 149.9 153.1 146.2 130 124.6 120.1 117.3 102.6 89.7 85.6 69.6 60.2 64.2 59.7 47.8 35.2 43.2 38.9 24.2 3.1 -1.4 -1.4 -1.4 -1.4 3.5 6.9 2.3 2.6 18.6 36.6 48.3 56.9 52.3 48.8 32.1 25.9 25.7 32.6 40.9 37.4 33.5 18.3 2.3 2.3 1.4 1.9 11.2
-1.4 -1.4 -1.4 -1.4 -1.4 -1.4 -1.4 -1.4 -1.4 -1.4 -1.4 -1.4 -1.4 0.8 2.9 3.1 4.1 3.5 3.2 12.4 13.4 9.5 2.4 6.9 13.5 20 26 32.4 49.8 67.2 69.7 74.4 89 91.8 105.9 118.8 133.8 146.1 147.5 149.7 141.7 133.3 124.1 123.8 112.1 88.9 79.8 63.9 59.6 57.7 52.6 41.2 50.1 47.9 43 22.3 4.4 2.3 -1.4 -1.4 2.1 2.3 2.3 4.9 5.3 27.3 43.4 62 61.2 52.6 42.8 30.2 25.4 25.5 30.9 34.1 37.7 27.8 2.3 2.3 17.8 9.3 4.2 20.5
-1.4 -1.4 -1.4 -1.4 -1.4 -1.4 -1.4 -1.4 -1.4 -1.4 -1.4 -1.4 -1.4 -1.4 2.1 2.6 3.6 5.4 4.7 3.8 12.7 11.5 6 9.6 16.7 30.6 24.8 36.6 66.8 68.2 80.1 79.7 95.9 95 104.3 116.5 127.2 135.7 141.1 144.3 143.4 145.4 128.3 123.4 109.9 90 70.9 69.5 62.6 57 41.6 44.7 56.3 64.3 45.2 14.9 5.4 2.3 -1.4 -1.4 1.8 12.6 11.3 13.8 12.7 31.9 48.4 61.6 59.7 47.1 30.9 30.5 25.9 27.4 29.5 37.3 37.1 11.6 2.3 14.7 27.7 21.3 18.2 18.7
-1.4 -1.4 -1.4 -1.4 -1.4 -1.4 -1.4 -1.4 -1.4 -1.4 -1.4 -1.4 -1.4 -1.4 -1.4 3.2 8 8 8.9 3.9 13 12 5.4 13.1 16.9 30.1 29.6 37 68 73.8 90.7 88.9 104.6 105.5 103.3 113.4 115.9 122.9 141.4 145.3 143.2 138.5 137.4 122.6 106.2 88 71.9 67.9 62.7 50 55.7 55.4 65.4 59.6 33.9 19.6 5.2 2.3 2.3 10.7 22.8 23.7 23 23.2 20.5 32.8 51.8 62.9 52.7 34.2 24.9 27.4 26.1 27.9 32.1 33.5 19.8 2.3 7.1 23.5 30.9 28.6 25 24.7
-1.4 -1.4 -1.4 -1.4 -1.4 -1.4 -1.4 -1.4 -1.4 -1.4 -1.4 -1.4 -1.4 -1.4 -1.4 4.8 9.4 9.2 10.3 6.5 4 14.3 10.9 32.7 31.5 31.2 37.2 49.5 70.2 89.7 102.6 98.2 109.7 118 115 112.2 115.2 124.5 136.1 145.2 142.7 140.4 135.7 121 98.1 86 79.4 69.4 69.7 63.9 64.4 63.7 66.1 39.6 23.4 21.3 9.4 8.5 23.7 33 30.2 33.5 33.6 25.6 20.2 33.6 56.5 53.1 37.4 28.5 23.8 29.6 30 34.4 30.8 26.7 2.3 2.3 5.9 26.7 29.2 30.2 28.2 29
-1.4 -1.4 -1.4 -1.4 -1.4 -1.4 -1.4 -1.4 -1.4 -1.4 -1.4 -1.4 -1.4 -1.4 -1.4 2.3 9.2 11.1 11.2 12.7 6.7 12.7 14 32.8 33.3 35.6 59.2 71.7 75.3 102 111.9 103.2 116.7 122.8 122.6 113.6 112.6 121.9 135.8 146.1 143.8 142.6 133.6 115.6 104.3 96.1 89.3 72.2 83.4 79.8 69 66.4 49.6 29.8 31.1 18.4 19 34.6 42.4 37.7 36.4 31.4 27.7 18.6 24.3 34.8 48.2 39.1 32.5 27.2 22.8 26.5 36.9 32.3 26.4 7.9 2.3 2.3 14.8 29.1 33.7 33.1 35.2 38.7
-1.4 -1.4 -1.4 -1.4 -1.4 -1.4 -1.4 -1.4 -1.4 -1.4 -1.4 -1.4 -1.4 -1.4 -1.4 -1.4 10.8 12 14 25.2 23.5 12.3 19 33.8 43.4 60.6 71.3 75.9 96.8 109.2 115.1 107.2 119.8 124.7 123.3 115.4 108.7 113.7 125.3 130.4 144.5 141.5 122.3 107.1 106 108.7 95 83.8 82.3 73.8 68.7 48 32.4 30.2 30.8 22.7 39.1 53.6 49.5 41.2 37.1 27.6 22.3 20.7 29 34.8 38 30.8 31.1 28.6 23.6 31.5 31.4 25.9 7.7 -1.4 2.3 11 26.8 35.5 37.3 39.5 46.4 54
-1.4 -1.4 -1.4 -1.4 -1.4 -1.4 -1.4 -1.4 -1.4 -1.4 -1.4 -1.4 -1.4 -1.4 -1.4 -1.4 12 14.6 24.7 27.7 18.6 11.2 23.4 34.4 38.4 64.1 72.8 82.9 107.8 106.3 108.9 102.4 117 118.1 116.8 117 106 103.2 113.7 120.1 131.4 125.6 112.5 101.1 108.2 115.4 106.1 88.9 77.5 65.5 62.8 34.6 28.6 26.5 24.4 35 58.7 64 51.8 37.7 34.7 26.5 27.6 22.4 31.1 37.4 34.3 24.5 31.3 24 34.3 34.9 22.9 10.3 -1.4 -1.4 18.3 26.5 32.4 39.6 43 52.1 65.2 80.9
-1.4 -1.4 -1.4 -1.4 -1.4 -1.4 -1.4 -1.4 -1.4 -1.4 -1.4 -1.4 -1.4 -1.4 -1.4 -1.4 31.5 23.4 26.1 31.2 18.7 12.6 19.7 33.9 34.9 63.3 77.1 95.4 103.6 102.4 90.1 91.8 114.3 111.9 110.5 112.6 108.8 98.6 109.1 113.4 113.9 112.2 104 97 116.1 126.5 107.4 96.5 90.1 64 44.4 29.9 31.5 24.9 34.9 60 68.5 64 52.5 43.2 29.8 31.4 26.5 29.9 31 36.1 25 21.1 25.1 19.8 34.6 23.4 10.7 -1.4 -1.4 14.6 31.5 39.4 36.3 45.2 54.9 67.1 83.7 90.6
-1.4 -1.4 -1.4 -1.4 -1.4 -1.4 -1.4 -1.4 -1.4 -1.4 -1.4 -1.4 -1.4 -1.4 20.3 35.4 32.8 16.8 19.5 30 14 14.6 25.1 27.8 35.2 55.9 80.8 96.5 98.8 88 73.1 85.7 114.7 109.3 108.7 105.6 103.7 101.3 88.7 100 101 102.8 88.2 109.6 123.8 121.1 109.5 100.7 93.6 72.8 36.7 33.4 27.6 30.5 56 64.1 70.1 61.1 52.4 39 36 33.1 27.9 27.7 30.8 34.8 20.4 17.8 26.8 22.9 32.9 18 6.5 -1.4 -1.4 23.2 38.6 42.6 43.2 54.3 77 87.2 95.7 103.2
-1.4 -1.4 -1.4 -1.4 -1.4 -1.4 -1.4 -1.4 -1.4 -1.4 -1.4 -1.4 -1.4 -1.4 5 22.7 20.3 14.3 30 24.8 25.4 25.1 27.7 30.8 35.2 61.9 76.3 82.2 79.8 67.7 73.4 90 100 104.9 105.9 105.8 102.1 97.3 82.4 83.6 79 76.1 99.4 112.7 118.3 111.3 108.4 98.1 80.1 57.3 38.3 34.9 32.8 43.6 66.5 66.1 64.2 62.3 51.9 40.4 39.6 35.2 25.9 26 30.1 38.2 18.9 15.4 11.7 24.7 24.6 12.8 -1.4 -1.4 12.8 29 44.9 46 60.6 70.3 88.6 96.6 107.3 121.5
-1.4 -1.4 -1.4 -1.4 -1.4 -1.4 -1.4 -1.4 -1.4 -1.4 -1.4 -1.4 -1.4 -1.4 0.8 5.8 8.6 30.3 31.1 15.5 33.1 28 30 31.4 36.1 52 66.4 72.4 64.8 65.3 78.5 101.6 97.1 99.8 97.8 101.7 98.2 95.6 80.8 68.2 57.3 76.5 99.6 111.5 111.9 107.2 101.5 94.5 67.8 57.4 47.7 34.1 38.7 46.3 69.7 65.7 61.7 61.1 49 45 41.5 35.7 26.1 26.4 34.1 31.8 18.4 11.9 22.9 16.6 10.8 10.5 -1.4 -1.4 22.3 37.7 47.3 55.1 73.7 95.6 99.7 108.2 121.5 132.4
-1.4 -1.4 -1.4 -1.4 -1.4 -1.4 -1.4 -1.4 -1.4 -1.4 -1.4 -1.4 -1.4 -1.4 1.9 2.3 6.4 32.9 28.3 11.5 32.1 30.4 30.5 31.7 37.6 45.1 47.7 51.2 39.4 55.4 81.5 85.9 88.1 78.9 79.7 81.8 83.2 83.2 67.1 44.4 39.3 72.1 84.1 105 102.8 100.1 91.7 74.5 54.6 46.9 36.2 40.2 48.2 44 59.2 63.9 59.8 57.2 49.1 44.5 43.9 32.6 25.4 35.8 33.1 23.5 17.5 10.5 21.4 7.4 6 -1.4 -1.4 12.3 28.9 40.4 51.4 62.1 84 100.7 109.8 121 132 142.5
-1.4 -1.4 -1.4 -1.4 -1.4 -1.4 -1.4 -1.4 -1.4 -1.4 -1.4 -1.4 -1.4 -1.4 -1.4 1.5 14.9 32.3 23.1 9.9 33.8 31 30.5 31.3 39.4 36.8 36.6 37 33.3 40.9 63.3 77.1 62.9 68.5 58 67.9 56.3 53 45.1 31.2 30.5 43.1 82.9 101.8 96 93.4 70.5 44.9 32.8 39.4 53.5 50.9 43 43 47 57 59.7 48.7 43.5 39.9 35.8 31.5 26.1 33.5 34.4 11.5 10.5 11 12.1 -1.4 -1.4 -1.4 -1.4 23.5 35.7 46.6 61.2 75 97.4 112.4 122.6 137 143.9 155.9
-1.4 -1.4 -1.4 -1.4 -1.4 -1.4 -1.4 -1.4 -1.4 -1.4 -1.4 -1.4 -1.4 -1.4 -1.4 15.3 25.9 28.1 12.5 4.8 33.7 30.7 30.1 31.7 35.9 33.9 29.5 27.8 35 35.2 36.2 37.6 34.5 33.7 34.8 36.6 37.4 55.9 53.5 26.6 24.3 30.8 66.5 85.3 74.6 56 34.8 27.8 22.2 47.7 57.3 53.1 42.9 38.2 41 51.3 51.2 45.9 37.1 36.6 28.3 22.9 29.9 37.5 23.6 6.6 8.2 6.1 -1.4 -1.4 -1.4 -1.4 16.4 29.2 42.5 57.8 71.8 93.9 112 121 140.4 147.2 159.4 166.4
-1.4 -1.4 -1.4 -1.4 -1.4 -1.4 -1.4 -1.4 -1.4 -1.4 -1.4 -1.4 -1.4 -1.4 -1.4 12.7 32.7 33.7 12.8 1.4 10.3 22.9 30.3 33 35.5 33.4 27.8 28.4 25.5 23.4 25.3 26.2 28 28.7 30.4 30.5 36.1 42.5 49.9 30.3 20.6 32 64.3 51.5 38.4 33.9 16.2 16.6 38.7 55.4 59.5 59.3 43.4 32.9 38.3 49 39.5 38.2 35.5 31.9 27 21.8 29.5 34.7 4.1 6.3 4.7 -1.4 -1.4 -1.4 -1.4 3.5 30.3 46.1 60.5 68.3 87.9 100.7 116.6 131.4 145 158.9 167.8 180.5
-1.4 -1.4 -1.4 -1.4 -1.4 -1.4 -1.4 -1.4 -1.4 -1.4 -1.4 -1.4 -1.4 -1.4 -1.4 2.3 28.2 29.3 -1.4 -1.4 -1.4 2.6 31 33.4 35.7 31.7 22 19.6 19.2 21.2 24.8 26.7 22.6 25.7 29 30 29.3 29.6 49 39.8 17.8 39.7 65.4 62.5 23.3 11.5 9.9 19.6 32.2 55 59.4 54.7 40.9 31 30.3 42.4 35.9 39.3 31 29.7 28.9 18.5 27.1 20.7 -1.4 6.3 -1.4 -1.4 -1.4 -1.4 -1.4 22.6 39.8 54.1 74.3 80 93.9 103.8 121.5 141 150.3 167.5 186 197.8
-1.4 -1.4 -1.4 -1.4 -1.4 -1.4 -1.4 -1.4 -1.4 -1.4 -1.4 -1.4 -1.4 -1.4 0 2.1 28.6 21 -1.4 -1.4 -1.4 -1.4 30.3 29.9 33.2 30.8 16.9 18.8 29.1 28.2 30.5 28.2 17.2 22.8 29.1 26.9 13.4 30.9 37.1 30.8 12.7 42.8 61.8 43.4 12.8 4.1 8.2 38.9 42.7 60.1 54.8 50.9 40 32.1 24.1 37.7 38.5 33.7 28.2 20.3 20.4 14.9 11.3 -1.4 -1.4 -1.4 -1.4 -1.4 -1.4 -1.4 2.5 36.3 54.9 60.8 77.9 81.4 98.9 110.9 125.7 144.6 155.5 173 193.3 208.5
-1.4 -1.4 -1.4 -1.4 -1.4 -1.4 -1.4 -1.4 -1.4 -1.4 -1.4 -1.4 -1.4 -0.3 0.9 2.3 19.4 -1.4 -1.4 -1.4 -1.4 -1.4 12.9 28.8 32.1 29.4 14.6 20.9 34.1 30.7 25.7 13.3 20.7 27.6 9 7.9 6.7 24 16.7 5.9 5.3 25.7 54.7 24.1 4 2.3 9.6 43.3 51.4 50.9 47.7 44.3 37.2 33.8 21.5 33.1 31 24.7 17.2 10 8.6 5.8 2.3 -1.4 -1.4 -1.4 -1.4 -1.4 -1.4 -1.4 31.6 44.5 60.4 70.4 78.6 102.8 110.4 117.7 130.5 150.4 163.6 184.2 202.8 217.8
