Assets/StreamingAssets/GeoData/Data/nm/NM39.asc
ncols 200
nrows 200
xllcorner 130000
yllcorner 790000
cellsize 50
[rows 108 to 143 of 200, columns 81 to 161 of 200]
-1.8 -1.8 -1.8 -1.8 -1.8 1.5 10.6 24 53.3 64.2 80.1 91.3 99.6 110.6 124.5 139.1 144.6 151.2 157.7 167.3 183.5 185.6 188 188.2 188.4 210.3 218.4 221.3 229.5 219.4 207.5 192.1 192 192 192 192 193 194 196.2 200.2 204.9 207.5 209.3 215.2 222 224 227.6 223.7 228.3 230.4 237.4 241.2 242.2 244.5 254.7 273.9 300 314.6 327.8 332.8 337.7 348.9 356.5 374.8 392.3 406.3 432.5 467.6 493.4 537 579 608.4 611.6 618.1 627.3 642 644.3 614.6 588.5 565.1 526.1
-1.8 -1.8 -1.8 -1.8 -1.8 1.2 4.7 22.3 55 67.3 83.2 95.5 107.5 120.8 134.4 143.7 149 154.2 162.5 174.2 179.2 183.3 190.5 191.2 191.6 195.2 208 215.9 227.1 231.1 224.8 206.3 196.2 192 192 196.5 199.2 198.7 199.4 201.3 204.6 208.7 213.1 222.5 222.5 223.2 225.3 229.5 235.2 236.5 241.6 239.9 241.1 251.4 266.4 285.8 306.8 325.6 334.9 345.4 346.1 364.6 374.8 394.7 411.3 422.2 449.6 481.3 511 554.6 599.8 639.2 669.2 665.8 682.5 688.6 654.1 622.7 597.2 575.6 539.8
-1.8 -1.8 -1.8 -1.8 -1.8 -1.8 2.8 18.6 58.1 72.9 85.5 99.9 113.6 128.4 142 148.1 154.4 159.8 166.8 180 182.1 189.7 193.4 192.7 192.1 197 212.2 223.8 235.6 248.7 246.5 228.5 214.2 197.6 195.9 208.2 218.2 212.2 206.8 206.4 211.4 217.6 221.5 227.5 222.8 223.4 226 231 239.8 244.3 245.4 243.1 246.3 264.5 279.1 292.2 309.9 330.9 340.3 350.4 361 374.9 395.2 414.3 429 447.5 482 503.4 531 567.8 625.6 667.9 694.4 719.2 733.8 704.6 672.4 642.8 620.3 596.6 562.8
-1.8 -1.8 -1.8 -1.8 -1.8 -1.8 12.3 22 46.8 77.7 88.6 104.3 118.7 135.5 150 153.9 160.9 168.2 179.8 185.7 186 187.4 194.4 195.4 196.8 207.5 231.6 247.6 254.6 263.7 271.4 253 238.7 225.5 224.9 235.2 232 226.4 220.6 220.2 224.2 228.9 245.1 245.3 229.7 225.5 227.4 234.2 241 249.7 252 255.8 256 271.1 293.2 301.8 319.5 337.8 348.8 358.6 363.9 391.1 412.7 428.4 443.3 476.2 497.3 525.6 553.7 583.3 641.8 680.5 708.6 734.9 756.5 724.7 694.9 669.5 649.7 621.3 601.6
-1.8 -1.8 -1.8 -1.8 -1.8 3.1 13.3 21.1 48.3 75.7 90.2 105.2 123.8 140.3 152.9 158.6 165.3 176.2 184.5 186.4 186.5 189.2 197.2 204.7 211.1 225.6 243.4 261.6 266 273.5 285.2 276.7 267 259.2 265.4 277.8 257.9 252.4 245.9 246.5 250.7 262.9 288.4 277.7 243.4 233.2 230.7 235.7 251.3 261.2 260 270.2 277.3 281 297.5 318.1 335.4 349.6 367.6 378.8 389.9 409.7 427.9 443.9 464.6 497.6 522.7 553.7 590.7 622.6 656.9 688.4 716.2 741.7 763.4 755.3 724.5 697.9 677.5 662.5 638.9
-1.8 -1.8 -1.8 -1.8 -1.8 -1.8 2.5 11.6 42.5 76.1 91.3 109.3 126.5 141.1 151.4 159.2 168.2 179.8 187.6 187.1 188.7 193.2 210.2 218.3 229.3 248.7 257.9 275.7 283.6 300 314.6 304.7 290.3 283.7 291.3 312.9 299.8 296.4 302.3 280.7 294.3 302.3 312.8 284.9 255.3 241.1 240.1 246.1 262.8 269.3 274.7 281.5 284.9 295 305.8 318 343.9 362.3 378.5 385.9 399.9 422 446.6 459.4 490.2 516 536.8 562 591 622.5 653.9 685.5 716.2 743.1 764.2 776.9 755.2 720.6 683.2 647.5 613.9
-1.8 -1.8 -1.8 -1.8 -1.8 -1.8 1.4 5.1 41.8 73.5 94.8 109.6 126.9 139.7 152.1 160.1 171.3 182.4 189.1 191.9 195.8 204.4 221.4 234.4 248 264.7 275.5 291 310.4 339.2 363.6 335.9 329.9 338.9 321.6 333 329.4 332.1 333.9 349.1 359.7 352.7 317.5 282.9 261.1 255.6 258.5 262.4 270.5 280.9 286.2 289.8 291.1 306 316.9 325 344.2 365 377.2 389.3 398.7 415.2 440.2 459.4 479.5 508.1 535.3 560.9 591 621.2 652.7 683.6 713.5 740.7 762.5 774.1 741.4 703.5 664 629.2 590.6
-1.8 -1.8 -1.8 -1.8 -1.8 -1.8 -1.8 2 10.9 62.8 97.6 111.1 128.1 142.1 154.2 162.3 172.6 188.6 194.9 201.5 205.3 216.6 236.2 254.7 276 285.2 292.8 309.6 337.5 380.1 384.4 370.8 362.8 373.4 376.9 354.2 352.9 353.6 365.4 386 384.5 357.4 320.5 289.8 276 273.6 271.4 273.8 286.6 291.5 293.3 296.5 298.6 307.6 319.3 328.5 343.6 361.8 374 385.2 396.9 413.3 424.1 451.9 473.7 490.9 523 551.7 580.5 614.6 645.3 676.7 707.2 741.1 764.5 772.9 734.9 691.8 650 612 559.6
-1.8 -1.8 -1.8 -1.8 -1.8 -1.8 -1.8 -1.8 2.7 38.6 99 113.3 129.3 142.5 155.8 166.5 181.6 196.8 206.3 215.7 223.3 235.6 255.2 276.8 292.6 299.2 309.5 331.6 376.5 401 423.8 439.1 409.1 415.9 421.7 379.5 375.3 380.4 396.2 418 399.4 349.9 321.4 301.9 298.5 300.2 295 301 302.4 300.3 299.9 303.1 308.8 319.7 330.2 339.5 346.6 357.1 379.6 391.7 400.1 409.4 424 439.9 458.1 475.9 509.5 530.5 560.7 595.6 630.4 663.1 696.4 729.7 758.1 766.8 732.5 692.1 644.6 592.2 557.4
-1.8 -1.8 -1.8 -1.8 -1.8 -1.8 -1.8 -1.8 2.2 52.6 98.3 114.3 130.4 141.9 158 171.4 186.1 204.3 221.2 233.4 246.6 261 283.2 301.6 312.6 324.6 339.4 374.5 402.1 445.2 476.5 477.5 457.8 454.1 465 427.3 412 410.5 422.6 433.7 403.9 364.6 338.1 322 326.8 334.4 325.8 316.9 317 317.8 317 316.7 326.6 337.7 347.2 346.8 356.1 365.8 377.8 391.4 396.7 405.3 413.7 426.1 441.2 456.9 481.6 509.9 538.6 575.4 613.3 648 681.3 712.7 741.2 757.7 730.5 690.3 644.4 598.8 564.9
-1.8 -1.8 -1.8 -1.8 -1.8 -1.8 -1.8 -1.8 2.5 50.2 99.2 112.6 130 144.9 159.9 176.3 196.1 211.5 226.9 243 262.8 284.8 319.9 349.4 373.2 388.7 377.4 388.5 435.6 458 510.1 523.5 509.9 499.3 491 477.6 455.3 452.9 452.4 447.2 410.1 385.1 362.4 351.6 364.2 371 362.1 347.1 331.7 330.6 327.8 335.4 348.9 361 372.4 363.8 358.5 366.9 378.7 386.9 398 398.6 405.3 421.8 433.5 451.2 471.6 496.6 525.6 552.9 590.6 631.1 663 695.4 731 752.6 745.7 698.7 662.1 617.5 584.9
-1.8 -1.8 -1.8 -1.8 -1.8 -1.8 -1.8 2.1 10.1 72.4 97.7 115 133.2 147.3 163.1 181.1 206.2 220.1 234.1 251.8 276.2 306 337.1 364.7 401.3 423.7 439.3 456.9 479.2 485.1 518.9 522.6 514.3 499.9 489.2 484.8 481.5 467.7 458.2 450.2 427.1 403.2 392.5 386.5 403.8 410.3 397.3 380.5 358 346.5 351.2 376.5 369.6 383 384.8 374.9 366.3 374.7 379.6 393.9 399.4 402.3 409 428.5 443.8 454 470.6 493.2 511.2 537.7 564.8 601.8 640.8 682 715.1 744 744.1 717.9 675.9 641.2 610.5
-1.8 -1.8 -1.8 -1.8 -1.8 -1.8 -1.8 1.7 6.9 78 96.4 118.1 133.6 150.8 166.3 188.1 209.5 227.2 242 262.3 291.1 324.3 356.1 383.4 413.9 444.8 462.1 478.3 492.8 509.8 518.2 519.1 510.9 497.7 486.8 482.1 476.6 465.7 457.8 451.3 443.1 431.2 427.2 424.2 431.3 438.3 430.8 417.3 388.5 376.4 381.5 402.3 403.7 396.1 387.6 376.4 370.4 383.1 390.9 407.8 416.8 418.9 422.8 432.6 448.3 465.5 479.4 494.2 510.6 530.1 555.4 582.8 615.6 664.8 704.3 734.4 726.4 693.3 661.4 632.3 613.7
-1.8 -1.8 -1.8 -1.8 -1.8 -1.8 -1.8 -1.8 4.5 55.7 86.6 109.1 127.2 152.9 169.7 193.1 215.3 233.8 249.9 272.6 304 339.3 366.5 404.1 439.4 457 468.4 484.8 495.6 502 511.6 511.3 506.2 495 483.9 477.9 472.2 464.4 456.6 450.3 442.3 439.5 440.8 443.9 447.5 455.3 448.6 444.8 425.3 410.4 416.6 417.1 411.3 405.6 393.8 385.1 385.2 389.8 402.7 429.3 438.1 433.5 437.2 442.5 455 472.4 491.5 503.8 517.1 533.9 551.1 573.4 607.2 652.6 690.1 721 709.4 674.7 638.9 607.3 574.8
-1.8 -1.8 -1.8 -1.8 -1.8 -1.8 -1.8 -1.8 8.4 31.4 54.2 83 133.9 157.8 178 194.4 219.3 239.8 258.6 278.9 308.9 338.4 381.2 412.8 453.9 478.1 493.1 498.6 494.7 495 500.2 501.4 496.2 487.3 478.6 473.5 465.7 460.2 453.4 444.3 437.8 436.6 438.1 441.9 445.9 451.8 466.8 480.7 468.1 446.6 446.2 441.3 447 438.3 426.8 418.7 418.5 417.7 425.8 452.4 471.7 474.5 474.9 485.6 492.5 498.9 511.2 518.7 531.9 548.9 562.7 582.5 613.5 646.5 679 698.9 685.5 655.2 620.3 585.2 550.4
-1.8 -1.8 -1.8 -1.8 -1.8 -1.8 -1.8 2.1 2.5 11.2 41.2 81.1 134.3 157.5 176 205.9 223.8 241 260.5 281.7 315.1 341.6 384.7 420.9 461.8 489.8 492.1 491.6 484.7 485.2 492.5 486.3 488.1 480.3 474.5 466.3 457.8 451.5 446.2 439 430 430.5 433.1 438.9 443.3 449.3 462 477.2 491.7 480.9 479.3 483.8 482.1 464.2 447.7 439.8 444.6 445.5 454.5 474.6 480.5 497.9 503 509.5 517.4 536.2 543 550.3 564.3 569.5 578.1 597.1 627.8 658.4 678.8 665 641.8 629.7 599.4 559.5 527.4
-1.8 -1.8 -1.8 -1.8 -1.8 -1.8 -1.8 0 1.5 4.8 45.3 81.5 131.7 162.2 187.4 206 220.9 235.4 255.7 285.2 311.8 342 375.2 416.2 460.2 479.9 481.7 481.8 471 468.5 470.8 467.7 472.8 470.4 463.9 458.7 448.8 442.7 437.5 432.3 421.8 423.6 426.1 433.5 440.4 447.8 457 474.4 492.2 503.1 507.2 516.3 539 539.4 524.7 497.7 475 481.3 499.6 511.1 516.2 511.8 532.3 546.3 547.8 555.4 572.7 586.2 593.8 598.5 612.8 627.4 657.3 685.7 675 636.2 611.4 588.8 569.6 546.8 516.3
-1.8 -1.8 -1.8 -1.8 -1.8 -1.8 -1.8 -1.8 -0.3 3.9 37.7 71.5 120.7 166.8 189 204.3 213.9 234.1 259.5 289.9 312.7 336.8 368.2 404.1 439.1 458 463.5 463.4 452.8 452.5 450.8 446.7 445.9 453.6 449.1 441.4 438.4 433.5 430.2 422.6 415.7 417.1 421.9 427.6 436.5 445.4 455.2 472.3 488.8 504.3 516.1 527 546.2 573.2 592.3 557.6 564.2 526.3 545.2 539.7 547.9 553.2 558.8 574.8 579.6 588.1 604.6 611.5 615.6 630 644.3 663.1 687.6 714.7 698.2 617.3 590.5 563.7 541.6 523.8 514.1
-1.8 -1.8 -1.8 -1.8 -1.8 -1.8 -1.8 -1.8 0.6 11.2 33.7 64.4 128.4 162.6 175.7 196.7 209.3 240.6 267.8 291 317.2 330.6 359.2 397.5 410.3 426.6 437 442.6 436.7 432.3 427.5 425.4 427.9 432.6 432.3 431.7 427.2 424.4 417.4 412.5 410.2 411.9 417 423.1 431.3 441.6 450.6 467.8 487.2 501.4 518 530.6 549 573.7 591.8 588.3 615.1 611.9 592.5 587.8 570.9 578.7 592 613.8 624.2 632.2 640.9 640 644.5 657.1 674.5 694.7 715.7 740.6 680.7 609.8 574.8 543.8 522.5 498.3 485.6
-1.8 -1.8 -1.8 -1.8 -1.8 -1.8 -1.8 -1.8 2.5 15.5 40.7 98.1 116.4 151.2 172.9 193.4 221.7 246.3 270.3 279.5 299.2 318.5 350.7 374.4 394.7 399.9 405.8 413.7 417.9 415.5 410.3 410.1 408.5 412.8 416.3 414.2 414.7 414 407.6 402.2 403 407.3 412.2 416.9 425.5 436.2 447.7 460.9 481 500.4 517.4 532.3 549.9 571.3 589.4 600.8 613.5 623 628.4 626.4 617.8 613.3 621.3 639 653.5 663.8 675.9 674 676.6 686.9 702.9 724.8 744.6 739.4 689.7 615.2 580 546.1 514 483.8 460.8
-1.8 -1.8 -1.8 -1.8 -1.8 -1.8 -1.8 -1.8 2.5 21.7 39.8 84 124.4 143.7 170.6 186.4 217 239.1 252.2 264.7 283.1 307.4 339 358.9 368.3 367 373.4 384.1 397.1 400 395.3 392.4 392.8 393.5 393.8 397.4 398.4 401.5 396.1 393.7 394.6 399 404.7 410.9 422 430.5 443.4 455.9 473.2 494 517.2 534.5 550.6 568.4 582.9 594.1 607.9 620.3 629.1 634.7 633.8 635.8 642.7 648.8 656.1 664.6 678.1 689.5 702.1 713.1 729.3 744.7 750.6 756.4 683.9 640.2 584.3 548.1 514.3 487.3 445.1
-1.8 -1.8 -1.8 -1.8 -1.8 -1.8 -1.8 -1.8 6.6 22.2 44.3 80.1 126.2 141 156.2 172.3 199.9 223.2 235.4 248.3 268.9 290.7 319.8 338.9 343.9 340.7 348 361.6 371.8 374.1 373.2 369.3 370.1 380.9 381.4 382.8 380.4 384.8 379.5 382.9 385.3 390.1 398.1 406.4 416.4 425.2 436 450 465.4 488 514.9 533.9 548.5 564.7 576.6 586.7 598.2 609.2 619.9 625.2 627.5 631.3 636.8 642.2 649.2 655.6 671.4 685.3 699.6 713.7 724.3 733.4 741.3 735.8 683.5 633.9 588.8 553.6 518.6 485.1 449.1
-1.8 -1.8 -1.8 -1.8 -1.8 -1.8 -1.8 -1.8 14.8 33.4 61.2 114.5 122.9 129.7 142.1 157.5 191.7 210.5 224.2 238 264 278.5 294.9 316.2 325.2 323.1 330.9 338.9 351.6 354 346.7 346 352.2 368.1 366.7 370.4 361.5 366.6 359.9 369.9 379.3 384.3 390.2 401.3 411.6 419.7 430.5 442.3 459 477.9 505.3 530.2 545.6 559 568.6 576.4 588.1 599.7 609.4 613.7 615.1 618.9 624.3 631.5 638.4 647.6 662.2 675.2 689 699.7 710.7 719.1 730.3 727.2 687.1 632.8 590.5 548.5 514.6 487.7 458.8
-1.8 -1.8 -1.8 -1.8 -1.8 -1.8 -1.8 2.5 13.4 44.9 101.8 118.8 123.2 124.4 129.5 150.5 185 192.4 204.6 223 255.8 270.7 289.9 302.8 304.2 307.8 310.9 316.9 317.5 326.2 323.3 320.9 325.8 344.4 344.9 342.8 340.2 340.4 336.9 357.6 370.1 377.6 382.7 393.1 405.7 415.2 423.6 436.2 450.3 471.5 494.9 522.6 543.9 553.5 560 565.8 575.6 586.8 596.1 601.8 601.9 603.5 608.3 614.5 622.9 634.3 649.4 662.9 674.6 686.7 694.3 706.2 719.1 725.9 677.6 629.3 583.7 549.1 518.1 495.6 477.5
-1.8 -1.8 -1.8 -1.8 -1.8 -1.8 0.9 4.6 25.8 68 106.8 118.8 117.3 122.3 131.1 135.1 154 168.8 194.5 220.3 239.2 267 275.1 283.6 290.3 290.3 292.6 296.6 300.6 295.6 296.4 300.2 306.5 311.7 319.2 320.9 318.6 316.3 317.8 345.2 361.3 368.4 375.8 385.9 393.1 408 417.2 425.8 441.5 461.1 484.5 511.8 540.1 547.2 551 556.1 559.6 570.6 578.8 584.1 587.6 591.3 593.3 596.2 603.5 613.6 628.5 645.2 658 671.5 681.4 693 707.1 720 686.1 634.3 589.8 554.6 529.7 507.9 486.1
-1.8 -1.8 -1.8 -1.8 -1.8 -1.8 -1.8 7.9 58.9 94.4 99.7 100.4 110.4 112.2 114.5 120.9 137 167.7 195.2 221.9 240 252.1 261.2 266.1 275.5 270.7 272.4 277.7 283.8 274.3 275.7 280.7 291.5 298.7 305.5 302.4 297.7 287.3 300.3 330 347.4 359.9 366.5 377.1 384 397.2 408.2 416.3 430.5 451.7 474.3 501.1 528.9 539.2 539.6 541.5 546.2 553.6 560.1 566.8 573.8 577.2 577.1 577.9 585.5 595.9 602.9 617.6 633.4 649.3 666.5 681.2 697.6 717.2 697.4 646.2 627.5 578.3 545.7 523 503.1
-1.8 -1.8 -1.8 -1.8 -1.8 -1.8 -1.8 2.5 68 85 94.6 101.6 97.7 98.6 107 123.5 144.4 178 195.6 215.3 233.2 238.7 240.4 242.3 242.4 251.2 255.8 256.4 260.4 265 265.5 269 278.6 284.2 284.2 283.5 279 260.1 277.4 314.1 336.4 346.3 356.8 366.7 375.3 384.3 396.9 408.5 422.1 440.4 466 495 518.6 532.1 529.2 530 532.7 536.3 545.6 550.9 558.5 559.2 557.8 560.8 568.6 574.1 577.1 591.7 608.8 629.9 649.5 673.6 686.5 710.4 720.1 681.9 647.3 617.3 591.2 571.9 539.1
-1.8 -1.8 -1.8 -1.8 -1.8 -1.8 -1.8 2.5 38.8 71.5 93.8 98.6 89 99 116.9 125.9 146.9 165.6 186.2 195.7 207.8 216.8 215.6 215.8 220.1 231.8 236.4 236.1 238.3 246 253.3 260.6 270.1 268.9 264.7 263.6 259.2 237.7 249 284.6 321.8 337.1 346.3 353.6 364.1 375.6 381.4 395.7 413.6 432.9 459.7 487.9 506.9 518.7 517.9 513.9 516.7 520.7 528.3 534.3 540 540.5 540.4 542.5 541.9 546.1 557.7 571.2 589.2 610.3 634.6 657 678.1 702.3 721 699.4 663.3 636.4 616.3 594.8 576.6
-1.8 -1.8 -1.8 -1.8 -1.8 -1.8 -1.8 2.5 24.3 55.4 82.6 85.1 79.2 83.3 94.9 117.4 135.6 145.9 154 175.1 190.9 192 200.7 201.1 199 209.8 218.9 218.7 220.2 225.2 235.3 246.2 260.4 263.7 254.8 248.7 238.1 212.2 227.3 248.7 293.6 314.6 332.2 339.7 348.1 357 370 382.5 403.4 425.2 451.2 477.5 492.3 499.7 500.9 496.2 496.3 499.5 507.2 519.8 523.2 520.2 520.5 520.2 522.6 536.3 545.2 557.8 565.3 590 618.1 639.3 665.3 697.6 714.1 724.1 696.8 665 645.7 624.8 601.6
-1.8 -1.8 -1.8 -1.8 -1.8 -1.8 -1.8 9.5 23.1 24.5 38.8 49.9 66.3 81.3 93.8 115.9 120 113.5 120.8 137.9 166.8 185.2 191.2 191.6 192.9 195.4 200.7 200.9 202.5 219 227.4 231.7 243.2 246.9 241.4 233.4 218.3 193 206.8 217.8 249.1 278.3 305.1 321.1 332.1 341.5 354.3 369.6 388.7 415.3 438.6 463.2 476.4 479.9 480.8 477 479.6 482.5 488.9 505.8 505.5 495.9 496.5 501.3 507.6 524.4 532.6 537.4 546.7 575.1 599.2 626.3 657.9 687.4 706.9 723 740.6 699.1 677.4 662.6 663.6
-1.8 -1.8 -1.8 -1.8 -1.8 -1.8 -1.8 -1.8 5 5.3 16.1 32 55.4 78.7 91.3 105 99.1 95.1 94.5 115.6 157.5 164.8 170.8 179.2 180.6 179.1 176.9 179.8 180.3 206.9 216.2 219.2 229.5 237.5 224.1 213.4 197 175.5 185.7 207.2 221 250.9 271.1 296 314.4 326.2 334.9 352.8 372.3 396.5 420.2 439.8 453.9 461.6 458.4 457.1 456.7 458.9 466.5 470.3 476.8 478.9 477.9 489.6 496.9 505 518.1 522.3 535.4 556.1 583.3 615.5 645.7 672.3 696.4 713.7 731 747.4 747.5 720.4 704
-1.8 -1.8 -1.8 -1.8 -1.8 -1.8 -1.8 -1.8 -1.8 3.5 2.5 4.7 27.1 51.8 86.4 97.8 85.8 81.9 88.1 113.9 140.3 146.9 161.1 166.2 166.4 166.9 164.4 154.1 163.5 176.4 195.1 202.1 208.6 213.2 207.2 191.6 175.7 146.3 167.7 176.4 200.2 220.8 252.8 276.4 295.8 303.8 312.3 334.2 357.3 368 382.2 404.2 429 433.1 433.8 424.5 433.3 435.5 441.7 449.2 458.1 463.6 466.5 473.6 481.6 492.7 509.1 516.9 524.3 541.2 572.3 602.5 630.5 658.1 682.8 699.5 719.5 734.1 746.7 755.5 756.7
-1.8 -1.8 -1.8 -1.8 -1.8 -1.8 -1.8 -1.8 -1.8 -1.8 -1.8 -1.8 -1.8 29.1 22.3 49.5 62.9 51 53.4 81 107.7 116.4 131 143.4 152.1 154.8 156.3 144.6 146.4 163.4 174.3 176.8 188.1 187.9 182 168.3 157 127.8 141.5 153 170.5 192.6 228.5 253.7 269.3 287.2 293 309.8 333.5 348.4 353.4 372.7 393.1 396.1 402.3 404.5 404.6 410.5 416 422.2 433.9 451.8 456.8 459.4 459.4 473.1 489.5 509.1 516.5 532 562.4 589.1 615.8 643.1 666.1 684.4 700.5 717.1 728.4 737.1 738.6
-1.8 -1.8 -1.8 -1.8 -1.8 -1.8 -1.8 -1.8 -1.8 -1.8 -1.8 -1.8 -1.8 -1.8 1.9 9.4 10.7 12.3 24.4 49.4 62.6 81.8 93.6 128.8 133.7 145.2 142.3 140.6 140.6 146.7 147.8 161.7 166.5 164.6 158.6 140.7 131.8 111.2 113.4 124.1 144.1 170.1 212.7 234.7 248.4 260.4 277 290.9 307.3 328.4 335 341.7 356.1 358.7 365.8 376 381.3 389.2 394.4 389.9 403.8 411.1 425.9 440.3 443.4 454.2 464.5 490.2 506.2 521.2 546.6 571.6 596.4 621.1 643 662.8 678.3 695.6 713.7 722.1 720.1
-1.8 -1.8 -1.8 -1.8 -1.8 -1.8 -1.8 -1.8 -1.8 -1.8 -1.8 -1.8 -1.8 -1.8 9.6 2 2.5 -1.8 3.6 5 30.9 45.4 86.8 108.8 92.8 110.1 105.3 101.2 108.1 115.6 119.4 135.6 139.9 131.7 126.1 121.5 109.6 96.2 90.7 107.1 122.5 148.6 183.4 206.6 226.7 244.8 257.9 271.8 283.6 300.6 316.2 321.7 326.9 331.4 335.4 347.1 356.7 364.9 372.6 377.7 375.9 378.1 390.1 401.4 410.6 428.3 447.2 464.8 484.8 501.9 524.9 547.6 571.6 595.5 619.1 640.8 658.1 673 692.4 704.8 704.4
-1.8 -1.8 -1.8 -1.8 -1.8 -1.8 -1.8 -1.8 -1.8 -1.8 -1.8 -1.8 -1.8 -1.8 -1.8 -1.8 0.1 -1.8 -1.8 3 6.8 38.3 62.9 47.4 49.6 71.4 60 62.9 74.2 86 91.9 108.4 128.7 109.8 103.6 104.3 95.4 80.1 75.3 89.7 109.8 142.8 164.2 186.1 207.4 225.3 240.1 259.2 264.5 279.2 292.1 303.9 311.8 321.2 316.8 321.9 330 343.7 354.7 356.8 362.7 370.3 369.8 378 382.1 395.8 412.7 438.9 462 481 502.5 524.6 547.8 570.6 594.4 616.9 636.9 653.7 670.4 683 680.5
