Assets/StreamingAssets/GeoData/Data/nm/NM45.asc
ncols 200
nrows 200
xllcorner 140000
yllcorner 750000
cellsize 50
[rows 74 to 110 of 200, columns 82 to 163 of 200]
108 104.7 101.5 100.1 100.5 101.3 119 113.7 106 105.2 108.2 101 103.5 93.6 99.2 105.6 107.3 108.2 108.7 118.2 122.8 128.3 130.8 122.8 115.5 116.9 113.2 129.5 131.9 137.3 137.7 143.5 148.5 148.4 151.7 142.8 132.5 137.4 147.6 159.4 162.6 162.2 169.3 182.2 196.5 202.5 202.2 205.4 218.1 213.4 217.4 214.3 213.9 211.3 212.8 208.9 206.4 205.1 202.3 197.4 196.1 189.9 184.5 185.9 190.7 192.9 194 202.8 204.2 208.3 205.8 199.3 186 178.5 164.4 154.1 161.4 169.4 166.9 167.1 168.5 170
106.9 102.1 99.6 99.6 98.6 106.2 119.1 121.7 116.8 106.7 113.1 108.2 107.9 105.5 95.2 106 107.5 109.3 108.4 111.7 122.3 125.1 134 128.6 121.4 117.6 116.3 118.2 127.8 135.1 138.3 143.8 153.6 157.8 148.7 149.1 139.3 134.6 145.2 151.3 165 159.9 165.5 171.2 175.1 188.3 196.3 199.9 196.6 206.8 209.2 211 208.7 203.2 203.3 201.3 201.9 199.4 192.7 192.1 191.4 188.6 185.6 192.7 191.6 195.1 191.1 198.5 205 207.9 207.4 205 191.8 185.7 174.7 157.6 157.5 167.4 165.1 165.3 169.3 174.4
104.3 103.1 104.9 101.2 98.7 108.2 114.6 126.3 121.3 112.3 110.2 112.5 108.7 116.9 107.7 103.8 109.1 109.9 111.1 110.2 115.1 122.2 131.5 131.9 124.2 119 119.9 117.1 121.6 134.2 136.2 140 155.5 167.6 162.5 153.8 149.1 144.9 150.6 161.7 157.1 157.3 158.2 164 165.5 171.1 184 191.5 188.6 194.5 198.6 204.2 202.7 199.6 196.8 196.2 196.3 190.2 185.6 187.3 186.1 184.6 186.1 188.7 193.9 197.9 197.8 194.4 205.9 205 205.6 204.8 200.2 188.7 179.7 163.1 159 163.3 168.4 164.7 167.3 174.5
101.8 108.5 105.8 102.2 99.7 103.6 116.3 123.1 124.6 121.3 111.1 110.6 109 120.9 125 106.9 110.3 112.7 114 111.2 111.5 114.2 124.2 127.2 127.7 124.3 121.6 118.5 120.2 126.9 135.1 139.8 156.3 172.7 175.2 172.3 156.7 157.4 148.3 182.1 175.4 159.3 158.3 159.1 161.1 167.5 173.3 182.2 183.3 183 193.6 197.1 195.7 197.6 195 183.5 181.8 182.2 181.3 181 182.9 182.2 193.3 189.9 195.6 200 205 190.4 201.7 204 204.9 205.2 201.7 192.8 188.1 173.5 162 158.6 166.4 164.3 162.7 169.5
110.3 106.5 106.2 101.8 100.7 100.8 107.2 120.2 128.2 129.3 120.1 110.9 110 121.7 130.8 124.1 111.3 113.7 118.4 113.1 111.5 112.7 120.2 123.6 124.8 124 121.1 120.9 119.1 122.1 128.5 135.9 150.1 175.7 183 181.6 175.4 170.9 157.2 155.8 173 176.4 160.9 157 156.6 163.7 169.2 175 177.8 176.5 180.1 187.2 192.8 194.6 193.3 185.1 175.6 174.2 173 174.8 178.2 188.3 197.6 193.5 194.3 203.4 203.2 196.9 195.9 204.3 205.1 202.7 200.6 196.2 193.9 183.5 164.5 159.7 160.1 161.4 162.6 164
114.5 113.6 110.3 103 101.9 101.2 104.9 116.9 131.8 137.1 131.6 112.4 111.9 128.4 131.6 128.6 125.3 113.6 123.1 120.1 113.2 111.9 114.7 121.7 123.3 124 124.7 121.2 122.4 122.9 125.1 135.6 151 169.7 189.7 193.2 186.9 181.7 171.9 155 159.8 163.3 158.2 155.3 155 163.1 167.3 171.7 171.2 171.4 171.6 181 186.4 188.5 186.6 182.1 174.6 170.3 169.5 168.7 168.8 184.6 196.9 197.6 198.2 200.4 206.2 201.9 200.4 200.3 209.3 208.4 201.2 198.7 194.4 184.7 172.9 163.4 160.2 159.5 161.6 164
113.9 117 116.3 111.8 99.1 104.1 104.7 114.6 129.4 138.8 135.5 118.6 113.7 131.7 136.1 137.1 130.8 118 119.8 128.7 119 112.6 112.7 114.2 119.6 121.7 123.5 125.5 123.5 123.2 129.1 133.5 150 168.5 192.7 205.3 200 193.8 187.1 171.1 153.5 154 153.8 154 154 153.9 163.1 166.1 169.2 168.6 168.7 174.8 182.9 183.3 181.9 180 174.9 169.9 168.1 166.7 168.3 179.7 194.5 200.3 201.1 197.6 203.1 206.3 202.7 202.4 208.2 212.1 207.2 195.5 192.8 188.8 177.5 170.8 160.8 159 160.8 162.7
94.7 112.4 120.4 116.5 100.9 107.3 108.1 115.2 125 143.6 143.5 125.5 116.7 127.8 143.6 140.7 136.2 129.6 118.3 128.5 124.7 117 113.2 113.3 115.1 120.4 124.7 124.2 130.6 130.2 132.9 138.3 146.9 168.4 188.2 207.6 207.5 210.7 199.2 189 166.9 154 153.3 153.6 153.7 153.8 155.2 160.2 166.6 166.4 167.7 172 179.5 180.6 179.3 177.8 173.2 168.6 167.1 164.6 170 176.7 190.1 201.3 202 200 200.2 206.7 205.2 207.3 205.8 212.8 210.4 201.9 189.9 188.7 182.8 177.8 170.5 161.2 159.5 160.7
83.8 96.5 112.1 116.9 100.4 104.4 109.5 110.9 127.3 141.1 148.2 133.7 127.5 126.8 147.2 149.9 142.8 137.3 125.6 128.9 127.2 119.3 115.2 114.2 114.7 117.6 123.3 123.6 127.9 133 135.8 145.7 151.1 168.5 186.4 204.6 208.9 212.2 211.3 201 190.3 168.9 156.5 154.2 153.9 153.6 156.1 160.2 166.7 171.9 176.7 173.1 173.3 178.7 176.5 175.1 171.6 170 165.1 164.2 168.2 176.1 185.1 196.9 202.9 200.8 199 203.1 207.3 205.8 209.8 205 208.7 207.7 192.7 186 184.4 182.1 182.1 168.5 163.7 161.3
77.5 86.7 99.4 110.6 98.6 96.4 107.7 112.2 126.4 145.7 152.5 142.9 132.1 126.5 138.1 151.3 144.7 137.9 132.8 136.3 129.6 124 117.8 115.6 115.7 116.3 119.8 125.8 126.4 132.8 137.8 147.5 155 169.8 180.8 196.6 208.2 211 211.9 210.8 204.6 188.1 172.3 160.7 154.2 155 159.5 164 167.8 172.9 178.8 178.8 174.1 175.8 175.1 172.9 172.4 172.4 164.8 164 166.6 174.1 180.2 187 198 201.8 197.9 203.9 205.8 202.4 205.9 206.2 201.7 204.6 192.4 186 183.7 183.3 184.6 174.2 166.1 163.3
71.3 81.8 88.1 97.7 95.6 88.3 103.3 116.4 129.3 150.9 161.2 151.1 135.8 136.1 134.9 150.8 153.4 141.2 138.9 136.9 134.7 130.5 123.9 120.5 118.4 116.9 118.5 119.8 125.4 134.7 136.4 148.3 157.8 171.2 182.6 190.1 200.7 205.7 212.5 211.9 210.2 205.8 185.4 173.9 164.7 159.9 161.6 165.8 170.9 176.3 179.9 182 180.5 175.9 175.3 173 172.6 170.9 166.5 163.1 164.9 168.8 175.1 180.2 184.8 192.8 195.5 199.4 204.9 199.2 198.1 199.9 198.3 197.7 194.4 189.9 187.1 187.7 184.6 176.3 175.6 165
72.9 79.8 81.7 86.8 92.2 86 97.1 116.8 133 155 173.6 159.7 149.2 143.9 138.3 145.5 157.3 148.9 143.1 135.9 139.9 134.9 131.7 127.5 123.5 120.5 123 122.8 128.7 135.4 144 147 160.9 177.6 185.7 187.9 192.9 200.5 206.8 212.8 211.8 211.3 205.4 180.6 176.1 173.4 167.4 166.9 173 178.8 180.7 182 182 177.4 175.8 173.9 170.8 170.1 167.9 163.5 163.5 166.1 171.3 175.8 178.6 181 186.3 193.3 202.3 197.6 194.3 197.4 198.4 200.7 198.1 195.7 191.3 191.1 190.2 179.8 171.1 168.3
72.1 72.5 81.6 79.3 86.2 82.5 96.4 118.1 134.9 154.4 166.5 159.4 157.2 144.8 144.1 145.2 153.1 155.4 147.7 138.3 146.7 141 134.3 130.6 126.8 127.6 123.7 125.2 128.3 138.3 146.1 144.4 160.6 173.9 184.3 187.3 188.6 191.9 199.4 209.1 214 213.4 215 197.1 181.8 175.3 173.8 167.2 171.9 178.7 180.6 180.9 180.3 180.4 177.1 175.7 172.2 168.3 167.3 164.3 161.7 165.7 169.8 172.5 175.9 178.3 180 183.8 190.4 192.1 193 195.8 202.8 207.3 202.8 199.4 196 191.3 189.5 190.5 174.4 169.3
63.7 75.1 75.6 77.8 80.7 81.5 100 114.4 128.9 147.2 156.6 154.7 163.7 156.9 147.6 144 150.8 152.2 146 141.3 139.6 145.1 138.9 135 135.8 133.1 130.8 127.9 129.3 141.6 150.4 153.1 164.1 173.6 177 178.7 180.7 186.2 191.3 204.2 207.8 212.6 217.2 208.9 196.7 182.5 176.9 170.2 168.3 171.7 175.9 178.7 179.1 177.2 175.6 174.3 172.3 167.2 164.8 162.7 161.6 164.5 169 173.1 174.9 178.4 180.9 183.2 183.8 186.4 191.3 201.6 208.8 210.8 207.6 201.9 196.6 193.1 189 190.6 178.6 169.4
59.9 66.9 70.6 74.3 70 85.3 99.3 114.1 119.9 134.9 143.7 150.4 165.8 168.1 154.6 146.6 150.9 153.2 144.4 141.3 138.5 146.2 146.1 142.1 141 142.1 137.6 133.7 135 142.2 157.5 157.2 156 170.2 175.7 178.1 178.4 178.8 183.1 192.5 202.3 208.8 214.3 218.1 215.1 191 176.9 173.5 168.7 170.1 172.7 174.8 176.9 175.4 173.6 172.3 171.8 168.9 166.9 163.7 165.2 161.9 168.9 173.1 171.8 177.7 179.9 182.1 185.7 187.2 190.3 200.5 213.5 216.7 209.8 204.6 196.5 192.9 188.2 189.2 190.2 172.4
63.2 55.7 60.7 64.6 70.7 90.5 97 113.4 113.3 119.2 125.6 141.8 158.2 168.4 161.8 146.4 147.4 152.2 146 142.1 140.8 144.9 149.2 145.2 145.8 144.2 146.8 141.7 135.1 147.1 157.5 164.3 156.6 165.2 169.9 177 178 177.3 177.2 184.5 202.8 208.1 211 218.3 216 204.4 182.3 175 170 169.6 171.4 174 175.6 175.3 175.6 173.8 170.6 170.6 165.9 165.3 166.9 165.6 162.2 169.2 172.7 175.9 180.4 184.2 187.6 186.2 187.5 194.8 211.5 220.3 216.5 210.4 202.6 197.2 192.6 187.6 189.3 181.7
63.4 57.2 55.8 53.1 63.9 89.3 93.3 108.1 113.7 111.6 120.9 132.9 141.7 156.6 160.1 155.6 147.7 150.3 151.7 142.8 142 141.4 150.9 151.4 150.2 148.4 149.7 155.1 145.7 149 159.7 169.3 167.4 158.4 167.5 174.1 177.9 175.5 175.3 180.7 198.4 210.9 207.9 216 217.9 211.5 193 178.7 174.5 169.3 172.2 174.7 175.8 175.8 175.9 175.8 174.8 168.9 166.4 165.4 166.7 166.6 162 166.4 170 175.6 180.7 184.7 185.8 185.1 185.5 189.7 201.7 213.6 218.7 212.4 206.9 202.7 198.1 183.8 182.7 180.8
63.8 60.7 54 53.8 59.3 76.9 88.1 98 112.5 109.2 119.8 133.4 137.9 140.8 149.5 160.2 152.2 148.8 151.1 150.9 143.6 141.8 148.9 154.3 152.8 152.9 149.2 155.3 156.4 153.8 162.9 173.3 174.2 168.3 167.2 168.9 173.9 173 172.2 177.8 199 209.3 209.9 206.9 214.2 212.9 203.4 186.6 179.6 172.4 174.6 175.9 175.6 175.4 175.9 176 174.8 168.7 167.1 165.9 165.6 166.6 164.9 161.8 166.5 173.4 178 179.9 184.6 184.2 182 183.4 191.6 205.3 216.7 209.2 203.4 200.1 197.8 187.2 179.1 176.8
65.1 64.5 53.1 53.7 59 68.1 81 89.8 98.4 104.9 110.6 122.8 132.9 137.8 142.1 159.6 159 149 150.8 153 149.9 142.7 144.8 151 153.7 154.1 155.9 151.3 157.8 154.9 164.7 171.5 174.7 171.8 169.5 171.3 170.6 170.6 172 179.7 195.2 207 203.9 202.9 212.6 213.9 206.4 193.9 188 178.8 175 175.6 175.3 175.6 175.7 176 175.2 172.7 168.5 166.2 165.3 166.9 167.7 166.3 163.4 167.3 171.4 176 179.8 182.6 177.7 179.4 185.7 194.4 199.9 197.9 196.9 197.4 193.3 188.7 179.3 173
67.6 57.4 52.3 53.4 55.4 64.4 73.1 79 80.3 93.5 105.4 116.3 132 135 137.7 152.7 169.6 154.4 149.5 153.9 156.8 146.8 145.2 148.3 150.2 153.7 160 155.3 156.9 159.8 158 169.1 171.5 176.3 176 175.2 172.4 171.1 173.2 178.5 189.2 201.4 197.3 194.1 205.8 212.2 212.1 207.6 195.3 183.8 177.7 175.7 176.4 177.3 177 176.1 176.8 172.9 168 166 166.6 167.3 168.5 168.6 163.1 163.3 167.2 169 172.8 180.6 175 173.3 178.9 185.4 190.4 191.6 187.8 192.4 192 187.3 178.4 172.5
65.2 49.7 52.4 53.2 53.9 57.7 62.7 63.3 67.5 83.5 100.5 111.5 129.2 132.8 136 145.5 169.8 170.8 151.9 152.6 159 151.4 149.6 147.8 150.9 151.9 156.6 158.6 160.8 168.5 162.9 161.4 168.9 173.1 174.6 175 176.5 172.2 172.5 176 181.9 185.5 189.3 191.3 204.7 211.7 219.5 221.8 199.3 190.5 182.4 177.7 177.6 177.1 175.6 175.8 175.8 179.4 169.3 165.1 167.5 168.5 168.9 168 166.5 160.5 163 165.8 167.6 172.2 170.3 169.9 173 177.9 180.3 185.3 189.1 188 190.8 188.2 179.1 172.1
58.6 48.2 49.3 52.7 53.9 54.5 55.4 58 65.1 77.2 95.3 110.1 126.9 136.1 136.8 151 166.8 181.8 163.1 154.2 159.5 159.7 150.8 148.8 150.4 152.2 155.9 164.8 163.9 169.4 171.7 165.3 168.9 171.5 173.6 176.3 175.4 176.8 176.4 176.9 177.3 181 187.6 190.5 205.5 213.1 225.6 225.2 212 193.7 188.1 178.9 176.2 175.7 175.4 175.1 173.9 177.9 171.9 167.1 167.4 169 169.4 168.9 166.5 163.4 162 163.8 165 165.2 166.4 169.3 172.8 171.5 172.9 175.9 182.9 185.6 193.7 191.2 181 172.9
46.3 47.5 47.3 51.9 52.2 53.3 54.1 57.7 60.9 70.3 89.9 109 129 135.2 148.5 151.9 161.1 188.8 175.9 162 163.9 164.9 159.2 154.4 151 153.7 154.5 168.8 168.5 172 175.2 171.9 168.7 176.4 176.1 177.6 188.5 184 184.5 179.8 178.8 180.8 187 193.6 198 211.9 222.7 227.7 218.8 198.1 189.4 183.1 175.9 174 173.7 172.6 172.2 172 172.1 170.4 168.1 169.1 170.4 169.7 167.7 165.4 162.8 160.5 163.7 163.3 163.5 169.2 171.5 170.3 171.4 173.6 175 178.9 181.2 179.3 176.9 173.5
45.2 47.2 46.4 49.4 50.6 53.2 51.7 53.7 59 66.4 82.1 103.3 121.6 134.6 147.7 147 151.9 171.1 178.3 171.6 163.3 169.8 171 157.7 156.4 156.3 157.8 167.9 175.7 177.9 177.3 181.2 173.7 175.4 178.6 178.3 191 190.4 187.8 185.2 183.2 187 188.4 189.3 194.3 198.9 220.3 222 223.1 205.3 194.4 182.1 177.5 174.6 172.8 172.9 172.3 172 170.7 170.2 168.5 170.6 171.1 170.7 169.1 167.1 164.7 160.6 162.3 162.5 161.8 166.4 169.2 170.7 170 171.9 171.9 175.1 176.1 175.6 174 169.9
44 44.3 45.3 46.9 49.3 50.5 50.7 53.7 55.4 62.8 76.2 97.3 116.2 134.6 136.2 139 145.9 160.9 178 174.6 169.3 165.9 169.8 164.9 160.3 160 160.6 163.9 176.5 178.7 185.1 188.4 181.8 174.3 176.9 179.2 187.1 192.9 188 187.2 186.4 190 188.6 188.1 189.8 194.1 206.9 222.5 223.4 213 197.8 185.9 177.8 174.8 172.5 172.5 172.4 171.4 170.2 170.3 168.3 170.9 171.8 170.6 169.6 168.2 163.8 160.7 160.9 160.9 161.5 163.7 167.8 167.6 167.3 168.8 171.1 171.5 174.6 176.4 172.7 167.7
45.5 44.2 45 46.4 47.8 48.4 51.9 55.9 54.9 56.9 69.5 87.9 107.3 124.6 131.3 132.1 143.1 153.6 179.9 176.9 179.1 170.3 170.5 169.1 160.2 162.4 167.9 164.6 173.6 183.8 185.6 190.9 191.2 188.4 175.7 179.7 181 190.8 188.2 186.9 188.3 196.5 196.6 190.1 188.6 190.4 202.5 214.3 217 215.2 204.9 196.2 176.6 174.3 173.6 173.1 172.7 171.6 170.8 170.7 168.5 170.6 172.1 172 170.5 167.2 164.3 161.6 159.2 160.9 161.6 162.6 166.2 167 166.4 167.3 169.7 169.1 171.2 175.7 176.6 169.2
44.6 44.6 45.1 46 47.4 48.3 53.8 57.9 59.6 56.2 61.3 77.6 100.2 119 131 128.8 133 148.5 181.1 177.7 182.5 181.8 168.7 169.4 162.2 167.3 168.3 169.2 171.9 182.1 187.9 189.7 192.7 192 182.1 178.3 180.4 181.8 184.4 185.2 186.3 202.5 201.1 195.5 190.6 188.9 193.9 201.7 211 207.4 205.5 197.2 184.2 173.4 172.5 172.1 172.7 171.5 171.2 171.2 169.7 171.8 172.9 173.1 171.3 169.1 165.2 162 159.6 161 160.8 165.5 161.2 165.3 166.3 165.7 164.8 166.8 169.1 170.1 177.3 172.7
46.2 46 45.6 46.4 47.1 48.3 53.6 61.3 63.8 64 59.1 70.2 88.8 108.2 121 124.5 129.1 143.6 168 177.8 177.9 180.2 175.8 168.4 168.4 165.1 169.6 175.5 172.1 181 190.1 192.3 192.1 193.8 185.6 178.6 179.1 179.8 190 186.9 185.9 197.3 201.5 198.3 192 189.9 189 195.2 200.9 202.8 203 199 193.1 177.2 172.4 171.5 172 171.5 171.6 171.5 170.7 171.1 173.3 173.4 172.4 170.2 165.9 163 160.5 158.7 160.6 163.5 165 162.6 164.2 166.6 163.1 165.1 165.2 166.1 168.3 170.2
51.7 53.3 49.6 47 47.5 50.8 53.6 62.7 61.6 73.5 63.1 64.2 79.9 100.7 112.9 123.1 127.7 139 162.1 180.6 179 179.7 177.5 175.9 168.8 167 168.8 180.6 181.3 178.3 188.7 195 194 193 193 183.4 180.2 182.1 191.6 191.4 187.2 194.8 199.5 199.5 193.8 193.1 189.8 193.7 195 200 201 198.2 195.2 182.6 174.2 172.5 172.7 172.9 171.3 171.3 170.8 171.2 173.9 173.6 173.1 171.8 168.2 164.7 161.3 159.7 159.1 164.3 166.5 160.9 160.9 164.4 161.6 162 163.2 164.7 165.6 163.5
51 58.6 60.1 53 48.7 54.9 58.2 64.1 67.3 69.2 70.2 60.6 74.2 95.2 106.4 114.3 122.5 136.6 156.2 182.1 181.7 179.6 183 178.4 175.5 168.8 167.2 182.6 192.4 184.2 181 196.7 195 195.5 196.9 194.2 182.3 182.8 191.8 192.1 189.4 195.7 205.7 205.3 203.7 197.3 190.4 199.6 199.3 193.8 198.8 197.7 197.1 184.7 179.4 173.6 173.1 172.6 171.4 171.3 171.4 170.9 172.7 173.7 173.4 172.2 169.6 166.9 163 160.1 158.2 160.3 164.5 163.7 157.6 156.8 156 153.6 161.1 162.5 162.4 161.9
51.3 62.6 69 65.7 64.5 57.4 62.3 69.9 70.5 65.5 72.8 67.3 69.8 88.2 102.9 110 115.3 128.4 147.3 178.9 180.6 182 174.8 177.4 183.7 178.3 170.2 180.4 194.6 194.4 184.4 188.1 195 193.6 199.7 200.2 191.1 189.3 189.6 193.2 190 194.9 216.4 214.3 208.7 204 194.2 197.3 205.6 198.4 195.4 196.9 196.4 187.7 182.5 174.6 172.3 170.7 171.6 173.9 171.2 170.6 173.2 172.5 172.5 173.6 173.3 169.8 167.7 164 160.6 157.7 161.3 164.2 163.7 155.2 152.5 150.4 155.9 158.9 158.8 159.9
52.4 63.6 71.8 78.2 76.8 72.8 67.2 73.9 76.3 68.9 74.6 72.4 65.3 82.1 97.3 109.1 114.3 120.8 142.8 160.2 165.7 169.8 170.1 177.5 184.5 188.3 184.5 180.8 192.6 198.2 196.2 186.3 190.6 191.9 194.7 201.8 198.4 188.5 193.4 195.3 198.2 193.9 215.3 221.7 215.9 208.7 204.2 193.7 201.1 204.9 203 197.1 197.6 191.2 180.9 177.1 174.1 173.4 171.1 170.1 170.9 171.7 173.3 172.9 172.3 172.7 174.8 173.3 170.3 165.8 162.2 159.5 156.1 161.4 162.5 154.7 150.2 150 153.7 158.8 158.4 159.3
59.4 61.9 75.6 89.1 90.1 84.2 75.1 74.2 77.4 76 74.3 80.4 71.4 75.1 92.6 103.8 112.8 116.6 128.2 149.1 155.6 173.5 177 169.8 178 186.5 188.3 179.7 194.5 196.8 198.6 199.4 187.5 189.8 195.9 201.7 200.7 197.2 196.6 202.9 205 200.6 207.7 218.3 221.1 215.3 209 199.6 195.8 204.9 213.1 203.4 195.6 193.2 180.1 176.8 179.8 174.1 171.9 170.8 170.2 170.7 172.5 173.6 172.7 172.3 173.7 173.6 171.5 169.5 165.7 160.2 157.7 158.7 160.7 157.4 151.3 148.1 149.9 154.4 157.2 154.6
62.5 63.1 75.9 90.3 100 90.8 85.5 77 78.4 81.3 76.6 82.9 82.5 68.5 82.5 99.4 107.7 116 122.7 133.4 150.1 163.6 165.8 164.5 174.3 180 188.2 191.6 191.2 199.1 199.3 202.6 193 191.1 192.9 201.6 203.3 201.6 197.7 205.7 209.6 211.1 207.9 218.8 223.3 220.8 212.1 211.1 201.1 204.4 209.2 206.1 204.1 192.3 181.9 177.9 181.4 183.7 174.4 172.4 170.7 171 173 174.9 174.4 172.4 172.3 172.4 172.5 171.3 169.1 164.3 157.6 155.8 161.5 159.9 151.1 147.6 147.3 149.2 152.7 154
65 65.7 73.3 88.2 98.2 98.6 89.7 82.3 84 85.4 79.3 81.8 88.4 75.1 75 90.1 103.2 107.6 116.3 124.4 139 159.3 161.4 162.5 170 179.7 189.2 193.8 190.3 201.1 200.3 204.4 198.9 195.5 192.9 202.5 207.2 204.7 200.8 206.3 209.9 218.2 207.7 216.1 222.7 221.9 216.1 214.8 216.3 206.9 206.4 204.5 204.4 196.6 187.8 179.4 180.8 185.7 184 172.6 170.1 170.7 174 174.8 174.6 173.5 172.3 172.4 172.4 170.7 169.9 168.1 161.4 154.9 159 157.8 155.2 148 144.9 146.3 146.3 145.8
69.9 71.2 72.8 87.1 99.3 105.4 96.9 89.1 90.2 91.6 91.4 90.7 94.5 85.5 73.7 86.2 92.6 101.6 106.7 120.9 131.4 146.9 155.6 158.5 165.7 178.3 186.8 191 197.6 198.7 205.1 203.2 205 201 194.5 193.5 208.8 209.7 211 206.5 213.1 217.2 209.9 213.8 222.9 225.5 223 219 215.7 211.1 213.4 209.5 200.3 201.8 192.2 179.2 180.3 185.5 192.7 180.9 171.2 171.1 172.9 175.5 174 173 172.9 173.3 171.9 168.5 167.7 166.7 163.1 155.7 153.2 156.4 147.1 145.6 146.1 144.4 141.6 143
74.4 73.4 72.9 84 102.9 108.6 109.3 91.9 91.5 95.7 98.9 101.4 91.7 94.2 78 86.2 86.5 95.2 101.7 110.8 121.6 132.8 145 152.5 164.7 174.1 184 198.2 195.6 194 210.9 205 206.9 205.6 196.4 194.3 202 214.6 214.2 211.2 219.4 224.4 215.7 219.3 222.7 227.4 229.6 225 222.8 217.5 212.6 213.3 206 204.9 197.3 182.3 179.4 185.9 192 195.2 180.5 174.8 170.1 171.4 174.3 173.7 173.2 173.1 172.3 170.6 168.3 166.8 164.3 158 153.7 153 153 151.3 150.6 149.7 143.1 140.5
