Assets/StreamingAssets/GeoData/Data/nm/NM48.asc
ncols 200
nrows 200
xllcorner 140000
yllcorner 780000
cellsize 50
[rows 74 to 110 of 200, columns 83 to 165 of 200]
127 130.2 135.2 143.2 148.5 154.2 155.9 161.2 174 193.4 200.3 222.2 243 255.8 292.7 306.2 286.6 274.7 275.1 260.7 255.8 247.7 239.1 225.3 215.5 210.2 208.2 199.9 192.4 185.2 185.3 187.7 187.5 185.1 178.1 176.8 180.1 183.5 186.4 184.2 185.8 184.9 181.4 185.3 188.2 188.8 188.4 182.6 184.5 180.4 171.2 157.4 154 152.1 150.3 152.5 157.1 145.7 142.8 143.7 138.9 132 128.1 123.7 122.9 120.2 120.3 123 121.1 113.9 108 113.3 106.9 112.6 107.9 104.1 91.3 82.2 78.5 73.2 69.3 59.6 60.9
116.9 126.2 131.8 140.1 144.1 149.2 153.1 157.8 164.3 183.4 190 199.1 224.2 255.9 275.9 288.1 294.5 278.4 288.4 269.2 259.4 252.5 243.9 228.6 216.4 217.9 209.9 203.3 190.1 197.3 198.8 201 199.4 192.8 190.2 184.4 185 186.6 189.9 189.6 191.4 192.3 188.6 187.2 189.9 189.9 188.2 186.9 187.2 182 180.5 170.7 155.6 151.8 151.3 154.7 153.8 154.9 148 159.6 150.3 140.3 134.3 129 126.1 123.8 120 120.9 120.6 117.5 110.8 110 109 109.8 113 105.1 91.6 84.8 79 74.4 65.2 61.8 54.1
110.9 119.2 124.5 130.8 137.7 145.9 153.5 162.7 166.6 170.2 176.1 192.3 211.5 244.5 289 286.2 289 281.5 277.7 284.2 272.3 259.3 248 235.3 220.1 216.5 214 202.7 198.3 205.4 210 212.4 211.2 206.8 201.1 196.9 198.6 196.7 197.7 197.3 196.3 194.6 195.6 191.7 195.8 191 188.2 186.8 185.9 185 188.3 184.6 169.3 154.8 154.5 151.7 156.3 156.5 160.3 154 170.8 154 142 136.5 131.4 127.9 124.4 117.2 118.5 116.8 113.2 109.7 109 108.8 111.8 105.5 96.6 86.6 82.5 75.1 68.4 61.8 55.6
107.4 110.8 117.7 125.3 134.7 144 155.5 166.3 173.5 173.7 180.1 185.5 200.8 215 238.6 262.3 279.9 290.8 277.7 299.6 293.9 280.8 255.5 237.9 224.1 209.1 207.3 201.6 204.1 204.3 209.6 215.3 218 214.3 215.8 210.8 210.2 208.6 207.4 206.8 207.3 200.6 199.7 196.9 200.3 197 194.9 189.6 187.2 185.2 189.6 190.6 183.6 163.5 158.3 157.5 156.4 160.3 164.8 152.4 159.4 173.7 149.5 143.5 138.2 133.1 130.2 121.2 115.5 114.2 114.1 112.6 115.1 112.9 107.7 103 96.2 89.3 84.3 76 68.6 63.3 58.3
106.6 110.2 114.4 124.3 133.4 142.1 152.3 164.8 173.8 180 187.5 188.1 190.2 204.5 236.5 256.7 262.1 284.5 276.2 297.6 301.8 279.7 253.9 238.5 223.2 208.9 205.7 208.6 213 212.3 209.9 215.3 220.6 223.9 225.1 226.6 224.1 224 219.6 213.7 211.5 209 204.5 202.7 201.7 205 197.3 193 188.5 187.6 188 191.7 187.2 174.7 161.3 162.4 159.4 157.6 162 154 151.1 166.1 156.7 150.1 144.6 139.3 134.2 123.5 119 117 113.3 113.3 115.7 117.1 108.1 103.1 95.5 88.7 82.8 77.5 71.1 66.9 61.5
110.1 112.4 114.7 121.9 128.8 139.8 151.8 165.9 172.7 178.2 183.3 189.9 204.5 216.3 239.2 249.4 261.9 292.1 277.7 292.5 292.9 267.4 253.4 239.4 224.9 208.8 209.6 217.6 230.8 231.8 222.8 220.3 222 228.1 241.6 251.5 247.4 237.2 235.8 223.3 219.3 215.2 207.3 204.3 203.9 205.1 200.4 193.1 189.7 187.4 187.7 192.1 192.2 185.7 173.5 159.1 157.5 159 156.9 157.6 150.6 161 163 155 150.6 145.2 137.7 129.7 126 121.1 116.1 112.8 114 111.3 109.4 107.3 100.6 93.2 84.3 78.5 73.5 70.2 65.7
109.9 115.1 115.8 123.1 130.9 141.6 153.7 167.6 171.6 176.4 184.3 198.2 213.2 236.5 253.4 251.5 272.4 302.9 288.5 276.8 279.1 261.1 251.7 240 228.6 211.7 214.5 220.8 236.1 241 237.8 231.4 231.2 225.9 235.8 248.3 254.6 254.5 249.2 250 227.3 222.1 213.5 206.4 205.7 205 203.6 198.2 190.6 187.9 186.7 191.4 194.6 189.6 185.8 170.7 159.7 164.1 154.7 159.5 154.5 156.7 164.8 160.1 156.9 149.4 141.2 135.2 130.4 125.7 119.2 113 111.5 111.1 113.3 111.9 104.7 95.9 87.5 78.7 77 70.9 68.2
115.5 117.3 119.5 125.7 141 148.9 159.8 168.6 170.9 184 192 206.7 228.8 250.8 255.9 271.7 280.3 294.7 296.2 278.9 264.2 257.1 248.5 243.1 229.3 213.2 223.4 228.4 238.1 245.8 248 247.8 246.3 236.3 234 240.3 250.8 259.3 256.6 257.1 249.9 229.8 218.1 213.5 209.9 207 204.8 200.6 196.1 189.7 188.4 188.6 191.7 195.5 192.8 182.1 168.4 164.9 157 153.3 154.3 151 156.4 159.6 160.5 152.3 142.6 136.1 132.3 126.3 124.1 113.6 115 113 113.6 115.9 108.3 98.2 90.6 81.4 79.5 71.6 68.5
113.6 117.4 120 125.8 140.4 153.4 160.9 167.7 179.4 186.6 195 212.3 228.7 251.8 253.5 274.3 295.4 290.3 291.8 265.4 262.2 253.4 251.7 244.4 232.1 228.8 230.8 234.3 236.3 243.5 246.7 249.6 249 244.8 246.7 246.9 245.9 254.4 260.5 258.8 254.6 240.5 226.2 219.9 217.9 213.7 208.2 201.6 197.8 194.2 189.2 187.3 190.3 194.9 197.1 197.5 181 172.8 162.6 155.9 153.9 149.3 152.8 154.9 160.7 157 144.8 137.7 133.5 125.3 124.8 114.9 113 113 110.1 107.1 106.9 102.1 91.3 85.3 80.2 70.9 67.5
108.7 116.5 120.4 125.9 135.5 150.8 154.6 162.3 175.8 188.8 199.2 209.2 234.1 255.5 257 268.4 298.6 298.8 281.8 261 257.8 260.6 261.2 254.4 241.5 233.2 235.5 234.9 237 243.3 250.1 254.8 259.6 261.1 257.1 253.7 255.6 251.8 254.4 253.6 247.7 243.8 235.7 227.1 223.1 222.2 213.3 207.3 201.3 198.8 191.6 188.9 185.5 191.9 196.2 199.4 190.6 181.1 160.2 156.8 158.6 150.5 147.2 147.2 151.5 155.5 148.9 138.5 133.5 123.6 118.9 113.6 112.4 111.8 112.4 106.3 103.6 102.4 95.7 87.4 79.4 73.7 69.2
113.4 119.6 117.7 119.2 130.9 141.6 149.1 158.9 167.7 182 194.5 201.7 212.1 250.2 258.6 266 292.7 288.7 287.1 263.7 264.7 264.9 268.2 263.1 250.1 235.2 243.1 247.2 247.2 252.8 259.7 266.1 269.1 270.2 268.8 263.4 256.9 257.1 256.2 257.8 250.7 246 239.9 233.2 226.9 223.6 216.3 208.5 202.8 200.7 196.2 193.8 184.9 187.8 192.6 196.6 193.8 175.8 166.4 157 156.2 154.3 150.5 141.1 140.8 145.3 148.7 141.2 132.3 123.2 117 112 111.1 112.5 110.7 104.6 100 96.6 94.3 87.1 81.7 78.8 71.9
129.4 126.3 128.4 132.1 133.4 133.7 145.5 155.6 166.4 171.6 186.5 195.4 210.2 219.3 258.9 265.2 293.6 294.7 284.7 269.9 293.1 311.9 292.1 277.1 260.1 242.7 254.4 256.4 259.3 266.4 274 280.2 283.1 283.2 281.3 275.4 268.9 259.2 260.6 260.5 261.8 253.7 244.9 235.2 229.3 222.8 216.1 212.6 202.4 198.5 195.5 192.2 194.8 181.5 184.9 195.8 191.3 179.5 169.3 163.8 153.2 152.2 149.2 143.3 135.9 134.9 136.9 135.1 128.3 120 114.6 111.8 109.8 110.1 107.9 104.9 100.8 97.4 95.3 91.7 86.7 81.8 79.6
128.9 131.4 135.8 138.5 143.2 148 151.2 161 176.9 183.6 183.1 196.9 208 215.4 231 268.5 292 296 289.3 272.2 281.8 309.8 315.8 296.5 277.8 258.3 257.5 265.9 272.2 277.3 285.1 294 300.7 300.1 295.1 290 280.2 269 264.4 263.2 264.3 260.4 248.8 237.3 230.3 222.8 215.9 214.8 207 197.9 194.6 190.1 191.4 192.3 181 191.7 188 183.9 176.4 166.7 155 150.9 148.1 143.3 135.3 133.9 126.4 126.3 124.1 119.2 115.7 110.8 108.6 108.2 106.2 102.9 104.3 102.6 95.3 91.5 86.9 80.9 82.9
128.9 137.6 141.1 142.7 145 152.8 160.9 167 173.4 180 195.1 200.4 206.5 218.8 232.4 262 284.6 298.5 296.5 272.1 272.1 280.2 308 308.1 297.3 284.9 266.3 271.3 280.7 290.4 300.1 308.4 315.6 318.2 311.3 304.9 293.7 279.1 269.5 263.9 264.9 259.9 252.3 244.2 231.4 223.2 218.7 210.7 211.2 201.2 193.4 187.6 187.2 192.2 191.6 177.7 183.3 180.5 171.8 172.4 167.8 149.3 144.8 141.7 134.4 133.7 129.9 125.4 120.3 113.5 113.3 110.6 106.9 104.7 104.3 104.7 99.5 101.3 97 91.2 86.3 80.2 79.6
128.6 137.8 144.4 150.6 153.5 160.6 166 175.4 182.2 189.1 197.2 207.4 218.6 224.1 236.2 267 271.3 291 296.6 276.6 272.1 279.8 308.9 313.2 305.2 304.5 274.7 277.7 296.6 310.1 321 334.2 329.5 321.7 320.7 314.2 304.4 288.2 276.3 267.9 266 261.8 256.3 241.4 231.7 226 217.7 208.2 207.4 198.5 191.3 190.1 182.2 191.6 196 180.6 170.1 175.6 172 168.2 169.4 157.2 142 137 131.3 130.5 131.7 115.7 117.7 110.4 111.2 108.6 110.5 107.5 100.1 96.3 97.7 99.5 96 88.2 85.2 79.1 73.2
127.4 133.2 145.9 151.8 158.7 166.7 175.7 178.7 184.2 191.2 203 225.4 243.4 239.3 259.4 263.4 275.1 283.1 298.1 285.2 274.4 283.1 300.3 310.7 317.3 314.5 293.4 292 320.1 329.3 346.4 336.3 326.8 322.3 319.6 317.7 307.3 290.3 286 271.6 262.3 262.9 255.2 243 230.8 225.5 211.8 207.4 207.2 196.1 189 191.2 183.1 178.9 190.4 180.1 176.3 164.5 166.7 165.5 169.8 156.6 141.9 132.2 123.9 124.5 122.8 115.8 109.1 108.8 110.1 110.6 107.6 107.1 104.7 97.6 94.2 95.1 94.1 87.1 82.7 76 72.4
128.2 133.4 136.8 148.4 161.1 165.2 171 179.3 185 196.8 211 218.5 226 252.3 263.2 264.7 270.3 275.4 294.8 299 281 283.5 300.7 301.8 308 312.3 296.8 296.6 295.3 303.1 324.8 318.2 316.7 315.5 312.1 310.1 307.6 291.6 285.6 272.4 264.3 251.3 251.8 236.8 230.1 222.1 208.9 202.6 202.2 192.6 185.8 185.8 179.6 174.7 174.3 173.2 175.5 168.6 159.1 167.7 158.2 149 140.3 125.8 120.5 119.3 115.9 107.7 109 107.4 107.9 108.1 107.1 106.3 105.7 98.1 90.3 90.1 89.9 85.7 82.5 74.8 71
129.9 133.7 135.3 140.2 155.5 168.3 169 168.4 178.3 192.2 209.6 217.9 227.2 242.7 262.9 267.9 276.5 278.4 293.1 318.6 294.6 284.1 297.2 297.9 301.2 301 295.1 297.9 300.4 295.4 300.4 304 308.5 313.8 309.6 303.3 301.8 288.1 283.8 271.3 262.9 248.9 241.3 228.5 225 212.3 203.4 195.9 192.4 189.8 187.3 180.7 178.2 174.5 173.7 173.1 171.8 169.5 160 153.5 151.6 145.5 139.4 131.4 120.8 108.8 106.8 105.2 108.4 111.3 108.8 108.4 109.8 113.1 109.9 101.3 91.5 84.3 83.3 82.9 80.9 74.1 70.4
119.7 128.5 134.6 139.6 144.9 157.5 168.1 165.8 172.1 178.2 201.7 215.6 227.9 239.2 256 270.1 275.7 288.7 306.2 304.8 305.5 284.7 296.1 295.6 298.4 300 294.7 305.1 309.1 301 294.8 294.5 305 310.7 311.5 298.3 292.2 284.4 279.7 268.2 261.3 243 230.5 221.8 220.9 206.2 200.1 195.6 193.8 191 188.1 186.3 176.9 174.4 175.2 173.5 173.4 163.1 163.8 154.6 145.9 147.2 141.7 132.7 122.3 110.6 102.8 103.4 107.3 109.5 112.2 106.7 106.5 112.6 116.3 102 92.3 81.9 79.2 80.8 77.9 71.8 70.2
112.2 123.1 131.8 138 136.5 144.1 153 164.6 166 169.7 188.6 210.9 229.6 234.4 252.3 265.6 274 293 312.9 314.8 302.6 288.5 291.4 296.5 296.8 294.2 301.7 302.1 309.4 305.3 297.9 291 292.2 302.8 304.4 301.2 288.2 277.8 274.8 262.3 256.3 238.5 229.8 217.7 213 203.3 199 199.8 200.5 194.9 190.4 186.9 185.5 177.8 179.4 179.2 173.4 169.1 159.9 160 148.9 139.3 139.1 130.8 119.2 115.1 103 100 103.9 108 109.1 113.7 105.2 109.3 113.7 101.7 88.4 79.5 78.8 78.1 78.3 74.1 69
102.4 113.9 121.1 128.8 129.7 137.8 140.9 156.5 160.4 162.5 174.5 195.9 215.9 229.9 243.9 261.4 281.7 294.5 305.1 325.3 307.8 298.7 298.4 293.6 296.5 291.8 297.3 291.8 300.3 303 300.4 289.6 284.4 284.7 291.3 290.3 287 274.9 263.6 254.4 249.5 237.6 227.7 219.3 206.8 202.7 202.4 202.9 207.1 203 194.1 189.4 185.4 184.8 180.7 179 181.1 174.1 164 156.3 147.9 140.6 127.2 122.7 112.7 110.2 102.5 99.2 96.9 102.9 106.8 112 111.9 99.9 112 95.5 84 76.4 76.4 74.1 78.3 78.4 77.1
80.2 102.4 111.1 117.6 119.4 124.4 132.9 139.6 150.2 158 166.4 182.7 201 220.1 242.8 261.5 284 294.3 306.6 320 310.7 307.5 300.5 300.3 298.1 291.8 291.8 292 291.8 302.6 301.3 291.5 285.3 287.2 284.2 278.4 277.7 271.5 260 246.1 235 230.5 223.4 215.5 212.3 210 207.3 205.7 207.1 209 205.7 190.9 185.3 185.5 186.2 179.5 180.5 182.3 174.7 164.7 155.5 140.3 131.6 128.7 125.8 125.2 118 100.9 96.1 95.6 102.4 104.6 102 96.8 95.7 89 79.3 75.7 75.2 71.9 71 68.1 64.7
54.7 76.1 90.6 103.7 108.4 119.7 128.8 135.6 145.9 163.4 167.5 174.2 195.6 220.9 245.6 264.4 284.1 297 300.8 299.8 299.3 308.5 313.1 306.3 300.1 299.4 291.8 291.8 291.8 298.2 303.2 295.9 292.9 288.6 288.2 285.7 273.3 269.7 266.7 259.8 246.2 234.5 236.6 230.3 221.6 215.8 212.7 211.1 211.4 208.7 209 200.2 190 184.6 185.6 186.6 187 182.7 184.5 168.4 163.7 145.9 136.6 131.8 128.2 128.6 126.9 110.5 97 94.1 95.1 96.7 97.3 93.9 89.1 82.7 73.3 72.1 73.5 69.2 65.9 62.3 60.2
38.1 58.9 75.8 92 100.4 120 124.6 132.7 140.2 151 162.2 165.5 179.7 202.4 224.7 269.2 282.8 292.2 293.2 301 298.1 317.7 317.5 307.3 300.3 297.9 291.8 295.5 293.9 291.8 294.8 295.5 299 297.6 293 289.7 290.4 277.1 272.8 264.9 255.3 243.6 242 244.5 246.1 230.5 218.8 218.2 216.8 213.1 209.3 209.1 196.2 186.2 185.1 182.4 180 189.6 184.4 173.1 161.8 154.4 145.6 134.3 130.6 128.3 129.3 120.9 104.9 92 90.8 92.9 93.7 90.8 83.2 73.4 70 67.8 67.3 66.1 60 57.2 56.4
17.4 39.8 66.6 76.3 92.1 100 111.1 126.2 135.5 141.2 146.9 156 172.3 183.1 209.1 241.2 278.8 292.5 290.1 296.6 295.2 295.3 308.3 305.3 304.7 297.3 297.9 300.6 313.8 302.5 297.1 295.7 295.7 303.1 300.5 299.3 296.4 285.1 277.9 270.8 264.3 254.5 246.5 246.1 246.4 247.3 232.9 229.6 230.1 221.1 218.7 210.4 202.3 198.5 186.6 187.7 178.5 187.3 185.8 183.4 166.5 164.1 154.7 144.3 132.5 132 130 128.1 113.9 97.9 92.2 92.4 86.4 81.7 81.7 79.3 76.7 73.8 72 66.8 60.3 50 53.8
8.8 18.5 35.3 58.8 77.2 91.2 104.4 117 128.8 133.5 139.7 141.4 156.7 166.5 185.9 208.8 240.3 287.3 290 292.8 290.6 294.7 296.6 299.8 302.5 302.8 298.3 297.8 308.3 305 305.3 300.2 296.6 302.2 307.8 307.5 301.1 294.6 285.2 275.8 273.5 267.4 261.9 248.7 248.1 248.7 245.6 235.8 244.6 240.4 227.7 221 212.9 200.5 191.5 187.5 185.7 177 188.1 180.1 178.4 168.4 164.6 151.1 140.9 133.3 130.2 121 118.7 105.7 92.6 91.9 88 87.3 87.2 86.1 82.6 83.5 75 66.6 63.8 48.6 49.3
-1.7 2.8 20.8 53.3 61.7 76.1 92.3 106.1 116.6 123.6 129.3 135.2 139.1 152.5 164.3 179.8 196.3 262 281.2 288.4 285.7 294 287 277.2 285.2 300.5 296.4 290.6 303.4 307.5 309.4 307.9 301.3 304 307.4 310.5 311.9 304.1 293.7 280.6 276.4 273.5 268.9 263 253.4 253.4 251.3 244.5 239.6 246.9 244.2 233.5 222.3 208.8 192.1 188.1 187.3 175.1 177.1 179.5 179.8 182.9 170.6 159.3 148.9 143.2 134.9 122.5 116.8 105.9 100.6 92.5 92.1 86.7 85.2 85.6 87.5 84 78.5 69.5 64.8 50.6 43.7
-1.7 -1.7 -1.7 38.4 50 65.3 78.4 85.4 99.5 109.8 115 128.7 131.5 140.3 149.6 160.2 171.4 193.3 262 287.4 283 286.3 285.4 277.8 276.4 287 291.6 288.2 296.2 299.7 304.2 304.5 303.4 303.7 304.8 308.4 308.8 305.9 294.8 287.5 280.8 279 274.6 273 270.9 260.7 255.1 251.2 240.9 242.1 250.8 246.7 227.4 211.5 201.9 198.8 185.8 175.8 174.7 179 179.4 181.3 183.6 171 149.7 147.5 142.3 123.6 116.6 111.9 103.2 91.9 89.4 86 86.4 83 88 81.7 76.1 68.5 58.3 43.4 41.1
-1.7 -1.7 -1.7 -1.7 30.4 14.2 39.5 69.8 74.5 89.3 105.9 112.3 122.3 130.7 140.7 144.6 156.3 174.8 197.3 254.8 276.8 277.8 269.9 271.8 282.5 287.5 289 290.3 290.6 312.6 325 336.8 328.8 318.6 318.7 313.1 312.1 308.3 300.3 293.8 289 281.4 280.4 277.6 275.6 272.8 266 261.2 251.6 243.7 243.8 244.8 232.5 218.1 204.1 204.8 196.2 177.3 173.2 182.9 189.2 181.9 182.5 178.7 160 143.6 138.7 127.7 124.2 118.8 112.2 100.7 86.1 85.3 85 84 80.4 80.5 71.5 67.2 55.9 40.1 36.7
-1.7 -1.7 -1.7 -1.7 -1.7 -1.7 11.2 58.6 68.4 74.9 83.1 97.5 107.1 120 129.2 139.4 145.9 161.3 176.5 196.1 230.8 249.6 252.5 256.6 279.3 291 306.2 305.6 296.9 326.8 340.8 342.9 344.8 335.2 338.5 354.6 342.6 336.6 333.9 316.9 306.8 296.7 288.9 281.3 279.5 277.6 274.7 273.2 269.9 256.9 249.9 244.1 232.3 226.7 210.2 201.2 194.2 182.9 173.6 185 189.3 187.8 182.5 185.3 168.7 148 138.3 131.3 130.5 125.3 114.7 102.8 97.5 82.8 83.8 84.6 80 69.6 65.9 55.4 45.3 36.7 34.4
-1.7 -1.7 -1.7 -1.7 -1.7 -1.7 2.2 31.3 57 65.6 74.5 84.6 92.4 106.4 123 130.6 145.6 149.3 162.1 179.1 188.3 205.3 213.4 224.1 287.4 277.5 292.4 294.5 289.4 302.8 327.1 343 346.2 340.8 336.3 360.7 367 362.8 378.1 376.7 376.4 339.3 318.4 300.4 287.5 281.1 280.7 279.6 276.7 268.5 257.8 254.8 240.9 232.7 220.3 209.1 199.8 184.8 173.2 181.4 188.6 189.1 179.4 183.1 172.3 154.2 138.4 129.4 128.3 125.6 112.6 103.1 93 88.9 82.8 84.3 80.4 69.9 54.6 40.7 37.4 33.6 30.1
-1.7 -1.7 -1.7 -1.7 -1.7 -1.7 -1.7 3.3 17.3 55.1 65.7 79.7 90 98.9 113.7 135.2 144.8 149.8 152.4 161.5 173 179.8 191.7 198.2 240.1 254.9 280.9 273.9 258.3 275.3 300.8 326.5 344.6 309 315.9 353.3 354 352.8 377.6 371.3 382.4 368.2 385.7 347.8 322 307 287.6 282.1 278.2 272.9 260.1 255.1 249 240.3 230.8 216.8 205.4 190.1 183.7 170.9 184.5 177 176.5 180.4 173.4 155.1 138.7 129.5 123.6 120.5 112.4 101.4 90.9 92.4 78.8 79.9 78.2 70.8 56.5 40.6 31.7 30.6 27.8
-1.7 -1.7 -1.7 -1.7 -1.7 -1.7 -1.7 0.4 6.5 39.5 62.4 73.7 90 98.6 107.2 118.4 137.9 144 146.3 150.1 160.2 166.9 177 185.4 197 208.6 214.5 219.9 224.8 235.1 242.8 246.3 275.5 273.3 264.3 325.1 340 341.7 344.6 352.8 359.2 364.9 371.3 384.9 310.5 295.1 284.9 279 275.2 263.4 250.1 248.3 245.8 237.1 236.5 219.4 208.2 196.2 191.3 181 176.2 162.9 164.7 177.4 166 150.2 141.8 141 119 110.9 105.7 95.6 86.3 89.4 77.3 70 70.7 65.6 58.8 53.2 38.5 29.3 23.9
-1.7 -1.7 -1.7 -1.7 -1.7 -1.7 -1.7 -1.7 4.8 23.8 43.2 67.4 76.4 96.3 106.1 115.5 116.5 135.1 141 147.1 149.7 159 163.4 171.1 172.7 179.1 187.5 194.1 201.6 207.4 215.8 220 224.4 234.3 238.2 240.4 255.5 256.5 259.3 249 252.3 267.3 287.2 284 272.1 265.5 254.7 253.2 251 241.2 231.1 227.7 218.4 229.4 235.5 218.1 204.2 201.1 190.8 184.6 180.4 181.9 165.5 142.3 142.6 141.6 136.7 134.5 118.9 104.7 98.5 90.4 83.6 81.6 76.2 70.9 59.8 58.9 57.4 56.7 51.9 34.7 24.2
-1.7 -1.7 -1.7 -1.7 -1.7 -1.7 -1.7 1.1 23.3 21.7 26.5 49.5 65.2 74.3 97 105.7 111.7 115 122.7 128.3 134.2 137.8 146.4 158.9 157.4 165.1 165.5 175.2 173.8 176.1 184.6 193.5 202.8 209.4 210.5 212.6 213.9 215.7 213.2 215.7 221.6 230 228.3 231.6 236.4 232.4 229.2 229.1 231 223.6 209.4 206.4 202.9 209.4 213.9 209 199 194.4 189 187.7 184 179.4 178.5 163.6 140.6 119.5 123.4 121.2 115.9 104 91.3 85.3 77.8 76.3 76.4 72 59.8 55.5 54.5 54.9 54.5 43 29.3
-1.7 -1.7 -1.7 -1.7 -1.7 -1.7 -1.7 -1.7 4.7 31.7 25.1 28.9 44.1 53.2 70.2 92.8 109.3 113.9 112.8 111.1 119 129.3 132.9 138 139.4 141.8 146 149.1 155.5 161.3 167.8 171.4 178.9 182.6 184.2 188.2 188.9 190.9 191.7 197.8 201.1 202 205.8 204.3 207.9 206.5 210 210.1 214.5 215.1 208.8 193.8 193.1 188.7 193.2 192.2 185.3 180.9 180.5 183.3 181.3 173.5 175.2 167.3 152.9 134.9 122.7 104.6 105.1 97 82.6 78.9 73.1 74.7 73.9 72.5 57 51.9 51 52.7 51.2 48.7 32.6
-1.7 -1.7 -1.7 -1.7 -1.7 -1.7 -1.7 -1.7 1.2 8 32.1 27.3 29.5 33.4 48.4 66.4 85.6 101.3 106.8 107.3 103.4 110.1 120.1 128.3 131.7 131.9 134.5 137.7 136.7 150.8 157.2 164.3 164.8 168.4 171.3 178.2 174.5 176.6 178.8 181.5 183 187.1 191 188.1 190.6 192.6 194.4 201 204.3 200.4 200.7 199.7 189.7 179.1 174.7 180.4 178.2 173.5 174.7 176.6 166.5 158.6 164.5 166 159.9 136 125 113.3 97.9 86.4 80 79.2 69.4 70.6 68.9 60.4 55.1 48.8 47 48.4 48.9 43 29.5
