Assets/StreamingAssets/GeoData/Data/nm/NM52.asc
ncols 200
nrows 200
xllcorner 150000
yllcorner 720000
cellsize 50
[rows 105 to 139 of 200, columns 0 to 78 of 200]
126.1 131.8 136.4 147.2 153.9 157.6 160.9 162.4 168.4 169.8 174.3 175.1 174.5 176.6 179.9 183.8 186.1 187.4 186.7 197.2 204.5 205.6 209.7 215.9 222 226.5 231.7 233.8 232.7 233.3 231.2 228 223.6 223.6 224.7 233.9 235 231.5 230.1 228.4 217.6 214.6 215.2 214.2 207.9 193.4 183.3 179.1 167 159.4 146.4 131.9 121.4 111 118 125.3 142.6 152 161.7 175.7 182.5 193.2 199.2 203 207.2 213 218.6 222.6 225.9 232.7 238.7 243.1 249.5 252.9 255.2 259.1 263.1 271.9 284.8
122.1 128.7 135.2 145.4 151.1 156.5 160.9 159.7 160.8 164.5 170.3 171.4 173.4 176.9 179.4 181.4 185.6 187.7 191.9 201.7 209 208.5 212 222.3 229.4 231.9 235.3 236.6 240 239.6 238.8 238.3 231.2 226.7 227.8 233.5 235.2 233.9 230.8 227 224.8 216.6 216.6 216.8 210.9 198.5 189.9 181 172.5 166.4 157 138.1 126 116 113.9 121.5 136.5 143.1 152.7 167.3 176.9 183.3 191.3 195.1 201.1 206.6 212.1 218.5 222.1 226.7 232.1 235.4 241.1 242.5 252.1 256.7 262.8 272.3 283.6
123.7 127.7 135.2 144.3 148.2 149.6 154.8 157.7 159.5 160.6 167.5 169.8 174.5 177.4 177.6 181.2 186.7 189.2 193.9 203.4 206.4 209.5 214.1 221.5 227.8 231.6 235.1 236.8 241.9 242.9 241.2 241.4 238.7 233.2 237.2 239.2 242.5 237.3 232.3 228.2 229.2 225 214.3 213.3 213.9 207.7 198.3 186 179.9 171.7 163.6 149.1 132.9 122.1 113.2 119.7 128.6 133 140.1 153.5 165.8 177.3 184.9 189.9 195.3 200.9 206.6 211.9 216.7 220.6 224.8 228.3 231.3 241.9 251 258.1 263.2 272.2 281.8
118.5 124.9 134.1 142.8 144.3 145.9 147.8 149.7 154 158.9 165.2 171 173.1 182.4 184.9 182.5 189.4 189.7 195.4 202.3 208.1 219.2 223 230 235.7 236.6 238.7 236.6 239.1 243.6 242.3 242.3 244.8 244.2 244.7 243.7 245.7 242.6 241.7 237.7 236.1 228.9 216.6 216.2 216.4 211.9 202.6 190.5 187.3 174.9 166.5 158.4 140.4 127.4 117.3 113.5 123.8 127.2 131.4 142.5 155.1 169.7 178 182.6 188.9 194.8 199.6 203.1 207.5 210 214.2 220.2 229.4 239.2 250.2 257.9 263.7 273.3 283.2
123.4 126.1 126.4 137.4 143.9 141.6 145.3 148.6 151.8 155.5 160.9 168.3 173.4 180.9 187.8 189.3 187.5 190.3 200.9 211.2 226.4 230.9 235.9 237.1 238.6 240 235.6 235.6 238.1 239 240.2 242.9 244.7 241.8 241.8 245.4 244.1 243.9 243.7 243.4 240.1 234.8 225.7 218.7 219.7 214.7 205 194.7 189.5 181 170.9 163.1 152.2 140.8 127.9 123.8 120.8 122.6 127.8 133.8 147.3 156.7 167.2 172.3 180.5 185.3 188.8 193.3 199.1 204.8 207.2 218.3 225.4 236.9 248.1 257.3 264.1 272.3 278.9
124.5 127.7 127 130.7 135 139.4 143.2 148.7 150.8 154 157.9 162.1 164 169.2 176.3 185.6 186.3 190.3 206.3 220.4 229.9 232 231.6 227.8 229.4 227 228.8 232.2 233.8 235.6 237.6 241.3 244.6 242.8 241.8 246.1 245.7 245.8 246.2 244.3 243.6 235 229.2 225.9 223.2 219.2 209.6 198.8 190.7 185.2 178.1 169.4 163.5 152.5 142 137.6 134 122.3 125.5 128.1 137.6 147.1 155.3 165 169.7 175.9 179.4 186.9 188.4 200 209.2 219.7 224.1 233.9 242.6 251.8 258.7 266.4 274.5
124.2 129.9 129.7 133.2 135.9 138.3 142.1 146.5 149.4 151.9 154.6 157.9 160.6 166.9 175.8 177.4 183 197.5 201.9 214.3 224.4 225.5 226.3 227.1 227.5 228.9 233.6 231.9 232.2 234.9 236.6 239.5 243.6 245.6 243.3 248.3 247.3 251.6 243.5 245.4 242.1 237 233.7 230 228 224.6 215.8 202.8 195.1 190.5 181.3 175.3 168.4 163.2 152.5 147.4 146.9 140.5 131.6 127.9 131.3 139.2 146.2 155.2 164.5 167.5 169.7 178.4 188.6 198.8 208.9 216.3 225.6 231.1 236.8 245.4 253.6 261 271.4
130.1 130.5 133.3 133.2 135.7 136.4 138.5 141.6 144.6 146.2 152.7 154.6 160 167.1 177.5 183.4 189 199.4 210.4 213.6 215.6 218.7 227.1 229.3 230.8 232.2 233.7 235.6 233.7 236.1 239.3 239.5 243.1 247.6 255.2 258.7 251.9 246.7 242.8 242.8 241.5 243.6 242.2 237.4 229.4 226.5 218 205 198.7 194 186.7 180.3 176.3 171.4 166.9 152.3 151.5 150.2 143.5 137.5 129 133.2 140.5 148 154.1 159.4 168 178.1 186.4 196.9 206.4 215.1 221.9 225.9 233.4 238.8 246.3 254.1 264.1
133.2 132 132.8 133.6 134.5 136.5 139.3 140.2 142.7 147.9 150.6 152.6 158.8 168.7 178.8 182 193.9 206 218.2 216.5 218.6 220.6 231.7 232.4 236 238.7 237.7 236.3 237.6 236.8 237.1 242.8 245 247 252.1 251.6 250.8 246.8 246.1 244.3 244.3 251.5 244.8 237.7 229.5 226.6 219.8 204.8 200.9 197.6 194.3 185.9 179.3 177.3 175.6 170.8 156.4 155.8 150.9 147.7 136.5 133.1 138.2 143.5 151.5 159.7 166.4 173.6 184.6 193.9 203.2 211.7 218.1 222.2 230.1 235.7 240.5 248 256.2
132.4 132.5 133.6 134.4 136.3 138.9 141.1 142 145.7 148 151.5 152.4 158.8 166.7 176.4 179.8 193.8 207.3 219.6 219.1 219.9 221.1 224.1 227.4 234.7 237.4 236.8 239.9 239.1 236.7 236.2 237.5 244.1 246.7 251 251.5 250 248.2 246.8 245.6 244.3 244.1 240.3 234.1 230.8 228.2 221.3 212.9 205.3 198.2 195.1 192 188.5 183.5 182.4 177.7 167.8 164.4 159.3 151.4 151.6 144 137.1 140.6 147.6 157 164.8 172.6 181.4 189.5 194.9 204.4 209.2 217.9 224.2 230.4 235.7 242.5 247.4
128.4 131.9 132.4 134.1 136.6 139.4 142.2 143.2 146.8 146.8 151.6 154.4 159.9 167.8 174.9 183.1 193.7 200.3 212.8 217.2 220.1 221 222.4 223.6 227.3 228.6 231.1 231.3 234 233.6 233.9 235.1 240.9 248.9 252.3 253.4 249.7 249 247.6 247.3 247.3 242 237.9 235.1 232.7 229.4 222.6 218.2 207.3 200.7 198.6 196.6 196.6 190.4 186.4 182.6 172.4 171.6 162 156.3 157 154.3 144.8 138.8 148.1 155.4 163.4 169.9 176 184.6 191.8 199.9 206.3 212.1 217.6 224.7 229.9 235.1 240.3
129 128.2 129.1 133.1 132.3 135.2 139.9 143.5 143 145.3 146.9 151.6 155.4 167.2 175.5 179.3 188.9 196 208.9 215.5 218.8 221.1 222.4 223.3 224.2 225.7 227.5 228.6 230.4 231.2 233.1 233.7 236.6 242.6 244.3 245.1 245.1 248 247.8 252.8 251.3 244.3 238.5 234.4 234.7 231.7 229 224.9 216.7 208.8 202.8 199.7 200 196.3 188.3 184.6 183.4 177 174.8 163.6 159.4 157.3 154.4 144.9 141.9 151.3 162 168 174 179 186.5 194 201.5 206.1 212.1 216.2 220 223.8 227.9
123.2 124.8 130.9 131.3 131 135.9 136.5 139 139.6 142.6 148.2 153.5 155.2 165.3 173.7 176.1 181.4 187.6 200.1 211.4 216.9 221.1 221.5 221.6 222.1 224.6 226.3 228.2 230.4 231.2 231.8 234.6 237 239.6 241.8 242.7 242.7 243.3 244.4 249.5 255.8 254.5 247.1 236.1 235.7 232.6 229.2 226.2 221.6 214.2 210.9 203.2 201.9 198.5 192.1 187 186.9 181.3 179.2 172.2 169 162.7 159.8 153 141.9 147.8 157.4 164.8 173.1 173.8 180.3 187.8 192.8 199.5 203.7 206 211.4 213.9 215.7
126.5 129.2 131.3 130.4 129.9 131.1 134.6 135.8 139.8 147.7 150.2 152.5 156.5 164.1 169.1 175.4 181.2 182.4 190.9 200.7 210.7 214.9 219 219.4 221.9 224.2 225.6 229.3 231.6 233 233.4 235 237 239.6 241 241.5 241.1 242.5 243.2 245.5 247.1 250.6 246.6 240.6 237.3 234.1 231.9 230 224.7 221.1 217.9 210.8 202.7 197.3 192.6 190.4 189.9 189.1 183.5 177 176.9 170.3 166.5 159.8 150.6 143.6 153.8 158.3 168 170.7 175.2 179.7 184.5 188 190.9 195 199.9 203.2 206.3
126.1 126.6 129 131.7 132.2 132.3 137.4 136.5 141.5 145.4 150.2 150.8 158.6 166.9 171.9 174.8 181 185.2 187.9 192.9 198.8 208.5 216.4 219.8 223.1 225.6 227.6 230.4 232 233.4 234.1 234.7 236.3 238.7 240.5 241.3 241.1 240.1 241.5 242 243.9 244.7 244.4 242 238.9 237.4 235.6 233.3 226.7 223.4 217.5 212.9 204.2 200.9 197.2 192.3 191.6 190.6 185.2 181.5 179.4 177.2 172.2 166.3 156 142.5 152.1 155.7 163.6 168.9 172.2 175 176.3 180.7 182.6 184.5 190.8 190.2 193.1
130.4 132 134.2 134.4 135.1 135.2 134.8 138.5 143.3 146.2 146.5 150 155.8 164.1 169.3 173.4 179.3 182.5 188.3 193.4 202.5 203.7 215.5 220.2 224.5 226.8 229.6 230.7 232.3 233.2 234.1 234.8 236 238.1 239.6 240.8 241.3 239.6 241.3 240.6 241.6 243.1 243.2 242.3 240.1 239.7 237.7 232.7 229.1 223.1 213.5 211.3 205.4 204.3 201.7 195.6 194.4 193.6 188.4 186.7 181.3 182.6 177.7 172.5 163.1 149.9 150.2 154.1 158 162.5 166.4 170.1 171.7 173.3 174.4 178 179.1 178.6 184.1
139.9 137.1 139.3 138.5 137.1 139.8 139 140.9 138.9 143.9 148.1 152.3 154.5 162.3 165.7 172 178 183 188.6 196.1 201 206 216.2 220.7 225.1 226.8 228.7 230 232.2 232.8 234.1 235.1 236.2 239.3 239.9 241 240.9 239.5 239.7 240.4 241.3 241 240.3 241 240.3 240.5 238.5 234.8 231.7 224.4 223.3 210.2 206.8 205.8 205.4 199.7 196.9 195.7 193.6 186.7 186.3 186.2 182.7 177 169.9 157.2 147.9 151 153.7 156.2 156.9 162.1 164.3 163.4 165.8 167.8 171.2 173.3 172.9
147.3 147.1 146.4 144.6 144.1 144.6 143.9 145.7 144.5 141.2 144.9 148.9 152.9 158.5 163.4 169.7 177.1 181 185.6 193 197.5 201 207.4 216.8 221.8 226.6 227.2 230.3 230.8 231.7 233.3 234.4 235.2 237 237.4 238.3 238.1 238.5 239.1 241.1 242 242 242 241.7 240.2 241.8 239.5 237.4 234.1 231.2 225 224.3 215.7 208.6 204.9 205.4 199.1 197.4 196.8 193.8 191.1 191.6 184.9 179.2 174 163.1 153.8 151.1 150.6 151.5 151.8 153.3 156.8 165.6 169.6 170.7 169.9 174.8 178.3
154.8 155.8 153.9 152.3 151.1 151.3 152.8 153.3 154.7 151.2 151.5 153.9 154.3 155.1 161.9 165.7 173.4 177.8 183.2 186.2 190.5 195.8 200.1 203.7 214.5 222.6 224.2 226.7 227.6 228.9 231.1 233.4 234.2 235 236.3 237.3 237.8 238.3 239.2 240.6 242.4 242.6 243.8 244.2 242.8 242.8 241 239 236.9 233.8 232.1 229.3 222.4 215.1 207.9 205 201.3 199.8 199.1 198.3 194.9 194.9 187.5 182.7 178.5 168.3 156.4 155.4 152.4 152.5 156.3 156.6 157.6 162.7 172.9 176.6 178.2 182.9 185.6
159.6 162.1 160.4 159.2 159.8 158.9 158.7 160.1 161.5 162.1 162.2 162.1 159.6 161.2 162.1 168.4 169.1 175.8 181.2 183.9 185.9 190.5 199.2 202.1 204.2 208.2 216.3 220.5 221.8 227.9 230.5 233.9 234.5 236.2 238.6 239 238.9 240 240.3 240.7 241.3 242.8 244.3 244.5 243.8 243.7 242.2 240 239.5 238.9 237 235.2 230.5 219.7 212.9 210.3 204.2 201.5 201.1 200.7 195.9 194.9 188.8 185.1 180.9 175 159.2 160 159.2 154.9 157.6 162.3 161.2 170.1 166.7 181.3 185.7 189.9 196.7
167.9 167.3 167.8 166.8 166.7 169.5 167.6 167.9 168 169.7 169.8 172.6 170.8 171.5 173.8 173.7 174.2 172.3 177.6 180.1 183.2 189 193.5 197.6 204.1 210.4 218 221.8 226.6 229.9 233.3 235.6 237.7 239.6 240 240.6 241.2 241.6 242 242.7 242.9 243.8 245.3 245.1 245.4 244.9 242.8 242.1 242.6 242.1 241 238.7 234.1 228.5 220.4 218 209.4 203.5 203.5 203.3 198 198 193.7 187.8 184.1 178 163.1 164 162.9 160.5 161.4 166.6 165.7 176.5 181.1 184.3 193.2 191.8 205.9
178.8 180.2 179.9 180.7 180.2 177.9 181.4 180.9 182.2 180.3 175.1 178.7 178.7 178.5 181.7 181.8 183 177.8 180.1 180.5 182 187.4 190.6 197.7 204.5 210.4 219.2 225.5 226.8 231.1 235 237.1 240.3 243.6 243 245.1 244.7 243.9 244.2 244.6 244.8 245.9 246.8 247 247 246.2 245.5 244.5 244.8 245.3 245.4 241.5 237.8 234.6 228.7 220.8 214.8 207.6 205.2 205.2 202.2 198.4 192.7 189.9 186.6 182.5 171.5 166.6 165.5 165.9 164.8 168 172.3 175 187.7 190.9 196.8 206.2 206.8
189.2 191 191 193.1 193.9 195.6 195 194.4 192.1 190.6 187 189.5 195.8 190.1 190.7 189.1 192.4 188.8 186.5 185.5 184.6 186.1 191.5 199.1 204.4 212.7 220.6 225.1 227.3 232 237.2 240.2 245 247.3 249.8 251.3 251.7 250.4 249 249.3 248.1 248.1 249.3 250.5 249.8 249.5 248.1 247.2 246.8 247.4 246.9 245.1 242.7 239.3 234.4 231 220.4 214.1 210 206.9 199.9 200.5 194.3 190.9 189.8 188 178.3 168.4 169.3 169.1 170.2 169.1 177.1 175.7 186.4 195.3 199.5 211.4 211.5
195.7 200.4 202.3 205.8 209.1 211 206.7 202.8 203.6 200.1 195.9 198.3 199.8 199.6 198.6 201.3 196.9 197.8 196.4 192.3 189.2 191.3 193 197.5 205.9 211.7 217.7 222.4 228.1 234.1 239.6 243.7 247.1 251.3 252.6 255.5 259.2 257.6 255.3 251.9 252.9 254 253 252.7 252.3 251.6 250.7 249.9 250 250.3 250.2 249.5 247.5 244 239.5 231.6 225.7 222.1 214.9 209.6 202.5 199.1 196 191 189.6 187.8 182.4 173.6 172.9 172.3 173.2 171.7 179.3 180.6 189.6 195 199.5 210.9 218.9
204.1 208.4 212.4 211.9 216.1 217.7 215.5 215.1 214.3 212.3 213.2 205.3 207.7 207.2 203.3 207.1 205.5 205.4 205.8 201 196.5 193.6 196.7 199.2 207.1 213.4 217.4 220.5 231.2 235.7 241.4 246 248.9 252 253.5 258.7 261.8 261.1 257.9 257 257.1 259.5 259.2 257.1 256 254.3 254.1 253.5 253.2 253.5 252.6 253.2 251.8 245.3 238.3 232 227.7 225.2 219.9 211.2 205 196.9 195.7 191.8 188.9 187.1 177.5 173.9 173.2 174.7 175.7 178.6 179.2 184.3 190.7 198.9 201.2 205.4 221
210 211.3 213.6 217.4 221.2 220.3 221.2 223.4 230.4 225.7 222.8 214.9 214.3 214.5 211.5 216.6 215.1 214.6 213.8 210.7 205.7 198.6 199 201.5 208.3 213.9 218.4 221.8 230.7 236.3 240.2 243.5 248 251.4 254.8 260.3 259.7 259.8 258.5 259 259.9 262.6 265.8 262.3 260.7 259.1 259.1 257.5 256.5 255.9 255.3 253.9 253.2 247.2 240.7 234.7 231.7 227.4 221.1 217.6 206.7 199.4 198.4 188.3 185.8 182.3 176 175.1 176 177.5 181 184.4 180.6 190.1 194.8 203.6 208 207.5 219.8
226.5 227.3 223.2 225.6 225.3 224.4 226.4 227.3 230.9 230.3 227.9 223.1 224.7 225.4 224 225 224.1 223.4 219.2 216.2 213.3 208.6 202.9 200.9 210.6 214.2 218.5 221.7 225.1 237 239.8 240.7 245 249.7 253 257.1 258.2 259.2 259.2 260.7 262.9 264.4 265.9 267.2 266.2 264.8 263 263 261.9 259.7 257.1 256.4 255.8 249.6 243.9 239 231.8 228.6 220.9 218.5 209.1 199 191.2 186.6 183.5 180.7 179.1 178.2 177.4 180.2 185.8 189.1 184.6 195.1 205.1 206.7 209.9 214.6 225.8
232 230.3 229.8 226.5 230.2 229.2 230.4 231.1 233 232.7 230.7 228.8 231.9 231.5 233.2 233.3 231.4 229.1 226.3 223.7 218.8 215.7 207.7 208.8 212.1 215.9 219.3 221.2 223.3 236 238.7 239.7 241.5 243.5 250.6 255.5 258.5 259 259.5 260.5 263 265.3 265.6 266.4 267.7 267.1 266.5 265 264.2 261.4 258.2 256.8 256 251 246.5 241.5 231.6 229.2 222.8 219.3 212.6 206.1 196.5 186 183.4 182.9 183.7 181.1 180.8 184 188.2 193.2 193 196.6 208.1 217.1 222.2 222 228.4
243.6 237.9 233.1 230 230.5 232.8 233.3 234.2 235.8 236.8 235.5 237.9 236 235.5 236.9 240.3 241.7 236.6 235.1 231.8 228.5 220.7 214.2 214.4 215.6 215.9 219.1 222.1 224.1 230.2 238.1 241.3 242.7 243.7 246.3 250.7 253.6 255.9 257.5 259.2 261 264.3 265.3 264.5 264.5 264.5 264.5 264.5 265.8 265.7 263.1 258.4 255.6 250.1 244.4 241.3 234 227.9 221.9 217.8 215.2 207 196 193.4 185.1 183.1 184.2 185.2 189.5 189.4 198.4 203 203.1 210.2 220.5 229.6 236.1 237.5 242.3
249.2 246.6 235.5 231.2 231.4 232.8 238.5 238.8 239 238.8 240.5 241.6 242.6 243.4 245.9 247.6 247.5 244 246.1 240.1 232.7 226 221.6 218.6 217.3 217.5 216.1 221.7 227.1 230.3 234.8 239.7 243.4 243.5 245.6 248.1 250.9 252.9 255.4 256.7 259.9 262.7 263.7 266.5 264.5 264.5 264.5 264.5 264.7 265.2 264.5 259.2 255 249 244.3 239.3 231.4 228.5 221 218.4 212.7 208.4 205.2 195.4 185.6 184.3 184.3 186.5 191.5 197.5 205.4 213.8 222 227.6 223.9 233.7 244.3 253.2 254.8
252.1 247.4 242.2 237 241.2 246.1 243 248.3 249 247.3 244.8 248.4 247.3 248.2 251.5 253.6 253.2 251.5 251 245.6 240.1 236.1 228.6 224.8 223 220.8 222.8 220.6 223.5 226.8 233 236.6 241.4 243 245.2 246.2 249.1 250.9 252.5 255.5 258.1 261.9 264.2 264.9 264.5 264.5 266 264.5 264.8 263.8 261.6 259.5 254.9 249.7 245.3 239.6 231.9 229.3 227.9 219.5 219 211 207.8 195.5 193.6 184.8 184.5 186.1 193.2 208 220.5 229.3 237.7 240.2 247.2 258.7 264.4 273.2 276.5
257.1 251.5 252.8 253.1 252.3 255.4 256 252.6 259 260.9 254.4 256.2 258.6 253.8 252.9 256.1 256.8 254.8 254.1 252 246.3 244.3 239.4 230.5 227.5 224.7 224.7 225.1 221.6 223.7 225.9 231.2 235.6 239.7 243.8 246.7 248.4 250.1 251.1 253.9 256.5 259.1 263.1 265.5 268 266.9 269.2 266.5 262.7 261.9 260.2 257.1 254.8 251.2 247.3 243.6 235.9 234 229.5 227 221.1 211 207.2 193.6 192.4 185.3 185.3 186.6 195.1 220.9 230.6 239 244.1 249.7 258.8 268.8 273 282.3 288.7
264.8 260.5 261.3 261.5 262.1 264 262.6 261.8 268.3 269 263.9 263.4 264.4 261.7 260.3 258.2 258 257.5 259 261.7 253.2 251 247.8 240.3 233.3 230.3 227.8 227.6 226.4 224.4 228.1 232.2 234.7 239.1 242.7 247.1 249 250.9 251.8 252.9 254.7 256.3 261 266.8 270.5 270.7 268.8 266.5 261.9 258.9 256.8 255.5 254.1 252.2 248.7 249.7 245.2 241.1 233.9 228.6 222.6 215.2 204.8 195.8 187.5 187 186.2 190.4 200.5 228.5 237.6 242.9 246.6 249.3 269.9 282.6 288.4 296.2 303.8
269.9 268.7 270.5 268.9 266.8 271.2 274.3 271.7 273.1 274.2 268.4 265.6 266.9 267.2 268.2 266.7 262.5 260.3 262.3 262.8 259.3 258.1 256.3 254.2 246.2 240 232.4 230.8 228.5 224.4 227.9 232.1 234.9 238.4 240.8 245.9 248.7 250.9 252.5 253.5 254.3 255.6 256.7 260.4 263.9 266.9 264.8 261.3 259.3 257 255.5 255.7 254.9 253.2 251.3 251.3 249.4 246.6 241.3 233.4 223.6 215.6 207.7 196.8 189.4 185 187.3 193.8 206.9 233.8 241.3 247 251.9 259.4 278.9 292.8 295.8 302.7 316
276 275.1 275.3 273.3 272.4 274.7 277.5 276.2 277.7 275.6 270.2 268.8 271.4 275.3 277 272.7 271.1 266 266.7 264.6 264.1 263.4 260.6 260.1 255.4 253.9 245.7 236.2 232.6 229.8 227.5 231.2 234.9 237.4 239.1 242 244 248.4 252.7 253.9 254.7 255.6 257 258.2 258.7 257.2 256.6 256.4 256.3 255.2 254.3 254.7 254.9 254.4 253.7 253.4 252.7 253.2 253 251 232.6 219 209.7 197.6 187.5 184.4 192 196.2 212.1 238.6 244.5 253.1 261.8 266.3 291.7 299.4 302.2 310.1 320
