Assets/StreamingAssets/GeoData/Data/nm/NM53.asc
ncols 200
nrows 200
xllcorner 150000
yllcorner 730000
cellsize 50
[rows 105 to 139 of 200, columns 79 to 157 of 200]
603.6 576.5 565.4 563.9 568.6 578 587.8 599.4 610.4 614.9 589.4 553 521.4 489.7 457.2 426.2 395.9 403.2 426.6 439.7 451 453.8 448 444.7 438.2 434.1 426.3 417.4 405.5 390.2 373.5 359.9 346.1 332.2 318.3 296.1 276.5 265.6 251.4 236.1 221.8 205.5 187.3 168.7 150.8 137.3 123.5 110.9 97.6 86 78.1 71.2 67.2 70.2 71.6 78.2 82.5 91.9 92.8 102.3 113.4 120.5 132.8 143.8 152.8 160.1 168.2 191.1 214 241 265.5 290.3 314.3 341.2 365.8 391.9 416.4 436.1 452.3
574.6 552.1 529.7 529.2 533.1 542.7 554.7 568.1 582.2 589.6 580.5 546.2 511.4 479.1 444.7 410 370.4 377.1 400.5 409.1 413.9 417.4 411.3 409.2 403.1 399.1 390.2 381.3 373.1 357.3 341.8 327.9 315.1 297.8 285.7 268.2 250.2 235.9 223.9 210.1 195.6 177.9 163.7 150 137.1 124.9 111.9 100.3 89.3 79.8 74 69.2 72.7 77.3 79.6 83.7 88.4 98.2 103 111.8 121.7 129.4 139.2 154.7 164.1 172.3 170.7 196.5 218.9 244.9 271.9 295.8 321.6 345.3 369.3 394.9 421.1 441.9 459.7
551.9 527.4 507.4 495.4 501.5 507.6 519.1 535.2 552.6 564.3 563.1 543.7 506.6 471.5 435.4 400.4 349 352.9 370.7 378.2 382.6 377.8 373.4 369.9 369.1 366.8 358.4 347.9 338.9 327 312.3 296.6 282.8 269.2 256.7 239.1 224.5 208.7 197.5 186.6 171.9 160.7 145.8 134.9 121.5 110.8 100.4 91.1 81.9 74.3 71.2 70.9 76.8 81.9 87.8 91.5 97 108 114.6 122.6 131.8 142.8 150.7 164.3 177.6 188.4 195 189.9 220.7 249.8 274 297.4 319.5 346.9 367 394.6 420.4 445.1 463.5
526.5 507.2 491 460.1 469.7 474.1 486.1 501.9 520.3 533.2 529.6 520.6 498.7 465.1 431.4 391.6 356.5 315.9 341.1 346.9 354.3 346.9 339.9 336.1 329.5 327.9 324.1 316.7 311.9 296.1 280.5 267 256.4 242.8 229.3 215.3 200.8 188.5 173.7 163.2 152.6 141.9 130 119.3 109.3 99.2 88.7 81.7 75.4 74.8 77.7 77.3 79.8 86.3 94.3 99.6 111 118.9 127.4 138.1 146.5 156.7 169 180.7 192 203.9 215.6 208.5 208.5 242.2 270 295 317.2 339.7 363.8 387 416.5 443.6 463.8
504.2 487.8 471 455.2 436.9 441.2 453.6 471 489.1 498.2 492.5 483.8 468.6 443.6 421.6 391 353.5 305.6 298.6 317.2 318.3 317.5 307 301.8 298 293.4 290 283.1 277.3 266.5 254.5 241.6 229.4 217.3 205.3 193 180 167.4 154.4 145.3 137 127.3 117.6 108.3 97.8 88.8 82.2 79.1 81 81 81.4 84.9 87 91.7 100.1 108.8 123.2 130 145.1 150 163.3 175.1 189.3 203.2 216.5 226.8 235.9 235.7 217.6 234.2 260.7 284.5 311.7 334.3 358.7 382.6 406.7 433.7 459.6
482 462.9 450.2 442 425.1 408.1 422.4 442.3 455.2 462.5 456.5 447.4 437.9 411.8 391 368.3 345.5 318 273.8 288.1 288.6 283.6 280.1 276.5 268.6 263.6 258.6 253.1 246.3 238.6 227.8 217.4 206.5 192.8 182.3 172.3 162.2 151.5 140.3 129.4 122.8 116.6 108 100.4 91 84.6 79.6 82.7 84.4 85.6 86.8 91.3 95.6 102.5 110.6 120.4 131.4 147.8 154.6 168 179.4 195.3 210.8 226.7 240.7 258.5 264.5 259.4 244.8 228.6 252.5 267.5 300.3 326.3 347.7 372.2 396.9 425.1 453.9
462.1 443.3 427.2 416.2 407 389.3 393.1 410.9 422.8 430.8 419.2 410.5 401.9 386 362.9 343.3 320 299 278.2 250.6 260.2 257.7 251.6 249.4 243.2 236.8 232.2 227.5 220.6 215 204.4 194.8 187.4 178.3 166.9 156.1 146.5 137 127.9 117.9 111 107.5 100.3 93.7 86.2 81.9 82.9 87.6 90.4 92.8 96.8 101.2 106.9 115 124.1 133.8 149 162.6 174.7 186.7 202.4 217.8 233.8 252.8 268 283.6 298.3 294.9 275.9 258.4 266.6 286.2 295.4 324.5 343.7 360.6 394.3 424.6 455.7
448.9 425.2 408.1 391.8 381.7 374.7 365.3 381 388.7 390.5 384.5 375.8 367.7 355.5 337.5 316.3 294.6 278.3 257.8 241.5 227.8 231.2 229.8 226.3 219.6 217.9 206.3 204.2 200 194 188.1 179.4 170.7 162 151.9 144.9 136.2 125.3 115.4 107.2 100.7 94.5 90.7 86.8 83.1 87.9 87.7 91.6 97.7 103.7 108.6 112.7 119.7 129.3 137.9 152.2 163.5 176.7 192 208.7 223 242.1 259.9 278.3 298.6 315.1 326.1 328.5 313.1 293.4 276.7 310.1 318.7 326 350.8 376.9 403 425 458.4
447.9 419.3 394 370.9 357.8 350 342 352.3 358.2 356.6 351.5 342.9 331.7 321.7 306.8 291.1 270.7 254.1 240.1 232.4 218 206.8 210.7 210.4 206.4 199 188.4 184 183.5 177.8 172 167 158.7 151.2 142.1 135.6 127.7 117.5 110.6 99.9 94.5 89.7 87.2 85 87.8 92.3 91.8 98.1 102.6 111.1 118.1 126.4 132.7 142.4 154.5 166.2 182.8 199.3 214.9 232.7 247.4 267.2 287.5 304.4 326.2 344.7 357.2 355.2 342.3 324 304.7 324 349.9 361.1 362.9 388.5 420.5 443.6 465.7
451.8 424.9 395.4 365.2 341.4 325.9 314.1 323.6 327 324.7 318.6 312.6 301 291.1 278.5 263.9 249.3 234.2 222.1 210.7 202.9 194.3 191.2 188.3 188.3 182.7 175.5 168.8 164.9 164 159.9 156.4 150.9 141.9 135.7 126.9 120.6 114.9 109.8 101 96.5 90.5 87.1 88.3 91.5 97 97.8 105.8 109.9 117.7 127.9 136.7 147.6 160.1 168 184 202.7 219.8 239 258.2 277.7 294.3 316.5 333.8 353.5 370.1 378.7 380.5 364.9 347.2 328.6 327.6 359.6 387 405.7 419.9 437.3 454.4 481.2
458.6 428.3 399 370.5 342 315.5 290 292.5 297 295.6 287.6 281.7 271.7 262.8 251.1 241.7 228.9 216.1 205.4 196.5 188.5 180.8 176 175.6 173.3 170.8 163.1 157 154.1 150.8 148.8 146.2 141.7 134.5 127.5 122.3 115.4 111.1 105 99.6 96.4 90.2 91.5 92.5 94.6 101.1 105.9 111.2 122 128 138 149.2 162.4 174.2 191.3 204.9 222.2 243.2 262.6 284.1 302 323.1 342.7 367.8 380.8 393.4 400.6 399.2 384.7 370.9 352.3 326 367.8 401.6 425.9 445.3 460.9 477.6 493.4
481.4 436.4 405 374 345.7 318.3 294.9 272.7 269.5 266.1 259.9 251 247.1 239.3 228.6 220.9 214 204.8 192.7 183.6 175.5 169 166.6 164.7 163.8 158.4 154.3 149.1 145.8 141.5 139.7 137.2 136.6 132.9 127.1 119.2 113.4 108.7 105.7 99.9 96 92.7 96.3 99 102.8 109.8 115 120.1 128.8 139 149.2 159.8 175 193.7 208.4 226.4 244.4 266.5 289.3 309.7 328.7 352.3 373 393.2 413.8 425 425.6 418.8 405.5 392.3 379.4 361.7 376.4 410.2 441.5 465.1 478.8 496.4 512.5
506.2 465.3 416.9 382.3 352.4 323.6 297.8 276.7 253.7 242.3 235 226.6 221.8 216 212.2 203.6 199.1 191.4 184.8 175.3 164.6 159.8 157.6 155.3 153.9 151.6 148 143.8 136.9 135.7 132.4 131.3 130.6 128.1 120.9 115.3 109.9 106 100.3 98 94.6 97.6 101 103.6 110.2 115.8 123.5 132.2 140.7 147.8 161.2 176.8 187.8 206.3 225.6 243.4 265.2 290 314.8 335.6 353.1 375 398.2 420.6 435.3 450.8 454.5 446.2 429.6 415.5 403.2 393.1 385.1 422.5 455 481.1 498.1 512.1 526
514.3 475 427.6 390.7 359.3 330.9 303 277.1 260 244.1 226 211.9 201.3 195.7 195.8 189.5 183.6 177.9 172.9 167.1 162.3 156.4 152.6 148.1 148.5 143.8 141.8 139.9 137.1 129.7 128.8 125.5 123 117.5 113.4 110.2 106.7 102.3 97 99 100.4 104.3 106.3 110.2 117.9 125.7 136.9 144.7 158.7 158.2 173.5 188 203.5 220.8 241.2 262.9 286.3 310.6 335.4 360.7 375.4 400 423 445.6 462.5 471.5 476.9 472.9 461.8 450.4 430.3 421.9 415.1 433.7 465.9 497.1 517.1 525.2 540.3
516.1 478.9 430.1 392 361.3 331.6 307.4 282.6 260.5 245.1 227 216 205 197.5 182.7 176.9 172.3 169.2 170.7 160.5 154 150 145.9 143.5 141.1 138.6 136.6 135.1 133.9 129.5 125.4 121.8 116.2 112.1 109.3 106 102 99.4 101.2 104.1 107.5 114 113.9 120.7 129.5 138.2 147.9 160.6 167.1 174.7 179 197 216.9 236.5 256.2 280.3 304.8 330.5 355.2 378.4 399.7 420.3 445.8 467.6 488.6 496.7 501.4 499.6 490.8 481.4 463.1 453.3 448.2 451.5 481.9 512.3 534.7 546.1 554.5
509.1 460.7 422.2 389.2 353 323.3 298.2 276.8 258.7 235.4 219.7 213.1 201.6 197.1 189.3 177.8 168.5 163.2 157.8 153.3 150.7 147.5 143.5 139.8 138.9 136.3 133.8 132.5 130.7 126.8 123.9 118.6 115.7 108.6 105.1 101.4 103.3 102.1 108 109.3 114.1 120.4 125.1 129.8 141.6 150.3 163.6 172.7 181.7 189.8 196.8 197.4 226.6 247.6 270.4 295.2 320.7 348.4 371.4 394.8 417.5 437.6 461.5 485.1 503.7 516.3 523.9 525.1 519.3 514.6 501.3 489.3 485.9 491.1 502 528.5 552.8 565.3 569.3
492.6 452.7 419.1 385.3 350.6 313 293.2 270 255.6 230.2 211.6 203.3 194.8 186.6 176.9 170.9 164.4 160.4 154.8 147.7 146.3 143.8 142.8 138.2 136.5 131.7 128.1 131.2 128.6 125.1 120.5 118 109.9 108.3 108.5 108.7 109.1 108.7 110.2 117.3 123.7 129.5 137.5 145.5 157.1 169.1 179.5 190.2 201.3 207.1 210.5 208.9 235.8 260.8 283.7 310.7 335.9 360.1 382.8 405.1 426.9 446.8 467.4 488.4 511.2 528.8 536.1 544.3 547.9 545.9 539.1 532 527.4 527.7 536.3 548.4 570.9 586.5 589.2
484.9 449.8 415 378 346.1 310.6 284 257.4 243.1 222.2 205.9 201.3 194.3 184.5 174.5 166.5 160.8 154.9 152.6 149.8 146.4 143.1 138.7 133.1 132.9 130.7 126.6 120 119.1 116.6 112.9 111.8 110.4 110 114.5 115.1 114.9 115.3 119 127 135.6 144.3 152.8 163.2 174.4 187.6 196.9 208.9 221.1 232.4 233.8 217.9 244.7 273.4 295.8 316.4 338.3 362.5 380.9 402.8 421.8 441.9 463.6 484.9 506.4 530.3 547.2 558.2 568.5 569.8 567 562.7 558.9 558.4 563.7 570.3 586.7 600.2 584.8
480.3 442.7 405.1 369.9 336.3 304.6 275.5 251.8 228.7 218 206.8 194.2 190.5 183.7 177.3 170.6 164.6 160.4 155.1 152 149.5 147.3 143.1 137.7 131.9 134.4 131.6 124.8 127.7 129.3 118.6 116.1 116.8 117.6 122.3 125.7 124 127.5 131.1 138.3 146.8 157.5 166.8 180.7 191.8 208.1 220.2 232.3 246.6 260.6 259.2 241.8 239.3 261.9 276.2 295.5 320.7 344.6 366 384.6 404.7 427.9 451.3 474.6 499.3 523.8 545.5 564.6 578.8 588.5 588.1 584.4 578.5 575.7 577.7 580.9 574.8 567.6 551.3
474 439.9 401.5 365.1 330.8 298 268.8 246.5 237.6 230.9 220.5 213.7 201.8 193.4 185.2 181.7 175.5 167.3 160.7 157.3 156.2 151.9 145.2 140.8 136.8 133 129.8 129 128.4 129.5 127.5 125.1 127.3 127.2 129.3 133 136 139.8 146.4 152.7 160.9 171.9 183.9 198.8 212.3 227.6 246.2 260.8 275.8 287.9 292.2 280.2 271.3 273.3 268 283.1 299 317.4 342.8 354.8 387.8 413.6 436.2 462.1 490.2 518.8 541.8 564.2 586.7 595.1 598.1 594.2 590 574.6 560.3 551.3 544.1 532.6 518.5
469 433.9 398.1 361.6 330.2 300.9 283.4 272.1 261.9 248.4 233.6 227 218 206.4 200.6 196.1 185.7 177.4 168 160.6 155.5 152.3 148.1 143.1 137.4 135.5 135.6 133.3 130.5 131.5 131.6 135.9 136.3 138.3 137.2 141.3 148.5 155.9 160.7 167.7 177.5 188.8 201.2 216 234.4 254 271.2 291.6 308.2 320.5 324.7 315 310.4 310.3 302.5 318.4 328 323.7 348.9 372.5 389.6 400 436.5 465.1 490.8 517.3 538.9 562.2 586.2 597.1 596.4 581.5 562.3 544.4 527.5 512.5 502.7 497.2 485.1
464.6 428.4 396.8 363 333.9 316.1 314.9 304.6 291.5 269.7 255.8 242.9 233.9 223.8 213.7 206.7 195.6 185 175.5 173.1 163.9 158.9 153.2 147.8 142.5 138.1 140.4 137.3 134.3 137.4 137.4 142.2 146.3 145.2 145 151.4 162.6 171 178.2 188.1 196 212.3 225.5 233.4 257.4 281.1 301.9 324.8 341.8 359.1 360 350.8 347 342 339.6 346.3 362.4 372 376.6 395.6 420.7 434.1 453.1 474.9 503.3 523.2 542.9 558.8 574.5 583.9 568.1 549.6 531.1 511.1 494.3 477.2 466.9 460.8 450.3
461.9 431.1 399.1 371.1 343.4 344 344.7 340.2 324 306.3 283.1 264.1 252.1 242.2 229.7 219.1 208.6 197.4 189.2 182.1 176.6 166.5 160.9 155 152.3 148.5 147.1 146.2 145.3 145.7 153.4 152.4 153.6 153.2 156.8 165.2 174.6 182.6 192.4 207.3 218.2 232.2 250.4 263.6 280.1 309.6 332.5 355.6 380.9 396.3 396.1 387.7 382.4 374.3 374.9 381.9 393.6 403.8 416 428.9 446.1 464.1 482 503.1 526.7 539.5 554.2 563.9 567.1 555 535 512.7 501.3 480.8 461.3 443.1 429.5 422.6 416.1
464 431.2 402.7 381.3 374.2 377.9 403.7 396.1 384.6 352.6 323.6 297.5 277.1 264.4 249.8 240 229 214.1 204.8 198.1 189.1 179.9 174.1 169.3 163.1 162.6 155.7 157.2 161.5 157.2 160.1 162.5 168.3 165.6 171.4 185.4 194.8 202.4 210.4 226.7 242.3 257.7 277 296.8 302.2 333.8 362.8 389.8 420.8 436.5 436 428.3 417.6 407.7 404.8 414.7 425.1 435.2 446.8 458.9 473.7 493.5 512.3 534.5 561.1 576.5 574.2 573.7 570.8 541.4 506.4 485 466.6 447.9 429.2 408 391.3 385 382
467.8 436.6 413.6 400.6 401.3 422.9 413 413.1 409.7 395.3 355.8 344.8 319.8 300.9 290.5 271.2 251 238.8 226 217.4 207.6 199.7 191.5 184.6 178.6 174.7 172.4 168.2 172.3 170.7 171.2 175.3 181 188.7 194.6 201.5 214.1 227.4 237.9 249.2 265 281.5 304.1 330.2 342.9 357.8 391.1 421.6 453.1 474.1 474.2 465.8 454.4 445.7 442.5 449.5 458.4 469.9 480.1 489.7 504.5 522.5 543 569.4 583.8 594.5 596.1 582.6 562.3 533.6 498.9 462.2 434.8 412.1 397.6 375.7 354.7 342.4 341.4
481.7 455.3 436 422.8 425.2 426.8 421.3 418.8 415.2 391.9 376.3 369.9 364.2 357.2 351.3 327.6 290 269.4 255 242.6 235.8 224.7 217.2 213 204 197.4 192.4 192.1 189.7 191.3 189.2 192.7 200.2 211 221.4 224.1 233.7 248.3 264.6 277.5 293.4 314.9 335.1 359.2 379.3 379.7 410.1 441.3 473.1 499.5 510 506.6 495 483.6 480.6 479.8 493.3 504.7 513.7 523.9 535.6 552.6 571.5 594.3 605.2 601.6 578.5 561.7 527.3 505.6 475.3 441.8 400.6 385.8 363.4 348.9 325.5 306 302.8
497.7 477.8 471.5 452.8 444.5 439.1 432.9 424.9 417.3 408.1 398.6 395.9 391.6 386.2 373.2 357 339.8 310 314.6 302 277.8 260.3 251.9 242.7 236.5 228.8 223.5 224 217.1 215.9 218 218.3 222.4 231.1 240.6 249.6 254.6 276.7 293.7 309.3 330.7 355.4 369.5 391.2 404.7 420.7 440.7 461.7 484.6 505.1 526.3 534.4 533.8 524.1 518.4 517.5 526.2 537 551.3 561.9 575.5 588.6 607.5 617.6 606.2 581.4 550.3 526.2 505.3 468.9 435.3 409 383.7 355.3 332.2 319.8 298.5 274.4 268.3
520.7 507.8 497.1 491.2 480.8 465.7 453.3 439.1 427.8 414.4 412.5 405.9 402.5 403.1 393.7 381.4 355.6 346.4 337.3 340.9 341.7 317.5 298.4 298 274.1 265.4 257.6 252.4 249.7 245.2 247.1 251.2 251.4 259 267.9 269.6 285.4 300.2 324.4 348.6 366 388 398.7 406.5 419.8 436.9 452.7 470.9 493.8 513.5 534.2 555.7 562.9 564.5 557.6 554.3 561.5 576.9 591.5 604.2 616.8 627.9 624.2 610.3 585 553.8 524.5 494.5 465.4 429.5 400.7 376.7 352.3 334.5 310.4 290.7 274.1 252.6 231.3
540 530.3 516.2 507.2 497.4 482.5 468.9 449.7 438.4 435 423.2 417 415.9 413.4 402.1 387.5 373.7 365.2 358.2 356.4 361.1 361.4 353.3 347.2 335.2 334 296.3 287.2 284.5 278.8 280 282.5 289.1 289.8 291.7 303 304.9 327.2 352.5 369.5 381.5 402.3 407.2 419 434.3 445 462.7 478.7 497.3 515.3 538.5 565.6 586.1 594 600 594.9 597.1 614.2 633.8 645.7 650.1 635.7 615.3 589.2 557.6 530.8 500.6 472.7 441.6 410.2 375.3 348.1 322.2 303 286.7 270 248.5 231.9 209
560.6 548.7 530.8 520.5 519.6 499.2 481.3 469.4 463.9 448.2 432.8 431.7 428.7 422.5 413.1 402.5 394.5 388.9 384.1 378.2 374.1 374.6 372.1 364.9 364.9 361.3 348.7 328 317.4 310.4 314.8 321.3 321.7 325.2 321.1 331.5 338.6 348.5 370.3 391.4 400.3 406 410.7 412.5 429 447.9 463.4 484.4 501.1 521.5 542.6 564.5 594.4 612.3 631.2 635.5 638.6 654 669.8 670.4 657.9 632.1 603.8 569.7 536.4 507.5 474.7 444.8 415.7 390.6 360.9 327.9 290.9 275.3 260 245 229.1 211.9 205.4
586 573 556 542.4 531.1 516.6 500.6 487.7 473 458 448.4 446 442.6 439 432.4 423.6 418.7 413.3 403.4 398.2 385.2 375.5 371.8 364.7 356.2 354.5 355.2 342.6 331.6 335.9 336.5 344.1 351 357 356 361.1 365.9 376.3 380 391.3 413.2 414.7 411.5 411.2 421 434.4 454.3 478.4 500.2 521 541.9 566.2 588.9 619.1 639.8 659.8 674.7 692.8 695.4 681 663.3 628.6 594.2 556.6 520.7 483.4 449.6 416.9 389 366.7 343 313.1 285.8 254.2 238.4 231.7 232.6 233.4 235.9
622.7 610.4 585.9 566.5 560.1 545.3 524.8 504.3 490.7 480.4 469.4 464.2 461.7 455.8 451.9 445.4 436.8 429.3 411.9 402.8 385.9 376.7 361.4 350.1 339.2 331.6 336.6 329 322.2 323.2 330.2 338.7 356.9 368.1 381.6 383.8 390 389.6 393 387.4 394.2 397.4 400.9 408.1 411.5 419.2 439.8 470.1 493.5 518.3 543 561.2 585.1 609.3 639.4 660.9 681.3 694.9 689.1 677 655.4 625.5 590.2 552.3 518.1 480.1 443.9 408.4 367.2 336.8 315.3 294.8 268.6 259.3 263.5 261 261 260.5 254.5
631.4 626.6 612.8 601.7 588.4 566.2 544.8 525.9 513.4 505 499.4 487.4 476.5 472 465.1 456.5 441.4 431.8 422.1 409.8 388 375.3 360.4 346.9 333.2 316.8 306.3 309.9 308.8 311.6 320 326.3 340.7 369.5 383.7 391.5 398.9 396.8 398.1 387.3 386.5 385.8 382.1 387.9 399.1 410.1 423.1 453 485.1 512.2 538.4 562.2 575.7 597.7 618.7 642 657.8 664.4 661.4 650.2 632.8 606.1 574.1 537.8 502.3 469.8 435.8 401.4 362.5 329.3 296.7 266.7 276.3 286.3 290.5 291.5 290.4 283.5 276.2
629.1 619.2 614.3 606.5 595.5 585.3 570.6 553.9 541.7 533.9 521.3 505.8 493.6 485.6 477.3 465.1 453.2 441.1 426.8 408 388.8 374.2 356.9 342 326.2 314.1 300.9 294.9 289.2 288.8 296.2 310.6 325.1 344.1 366.4 388.3 403.7 398.1 398.7 398.8 385.9 381.8 376.8 376 384 395.2 412.3 433.9 469.4 498.8 524.5 552.4 567.5 584 599.3 613.8 626.6 632.6 629.8 622.2 606.8 587.2 555.9 525 490.5 456.6 426 391.2 357.4 322.7 293.4 292.2 300.3 312.6 322 325.4 320.1 313.1 302.5
621.1 612.5 607 603.5 594.9 588.5 582.3 570.7 560 552.3 534.5 520.1 507.1 496.1 483.6 470.2 457.6 442.6 427 406.2 387 372.8 355.9 339 323.3 308.3 297.5 290.4 283.5 280 288.3 302 321.8 337.4 363.6 378.1 396.5 412 394.8 392.4 377.6 377.9 375.6 372.8 374.6 386.1 402.4 422.1 445.5 479.4 507.5 535.8 567.7 577.1 589.9 607.7 615 614.4 609.2 602.6 587.8 563.6 536.8 505.8 475.9 446.6 416.3 383.6 353.8 323.8 295.2 313.7 328.7 341.7 351.7 353.5 351 351.9 327.6
