Assets/StreamingAssets/GeoData/Data/nm/NM55.asc
ncols 200
nrows 200
xllcorner 150000
yllcorner 750000
cellsize 50
[rows 111 to 147 of 200, columns 0 to 81 of 200]
72.8 71.1 73 73.6 69.3 67.6 64 60.2 56.8 52.8 50.5 50.3 50 50.9 50.4 48.3 47.4 45.2 43.6 -1.6 -1.6 -1.6 -1.6 -1.6 -1.6 -1.6 -1.6 -1.6 -1.6 -1.6 -1.6 -1.6 -1.6 -1.6 -1.6 -1.6 -1.6 -1.6 -1.6 -1.6 -1.6 -1.6 4.9 11.1 9.3 8.1 8.7 9.3 11.5 10.1 13 9.8 14.1 2.8 -1.6 -1.6 -1.6 -1.6 -1.6 -1.6 -1.6 -1.6 -1.6 -1.6 -1.6 -1.6 -1.6 -1.6 -1.6 -1.6 -1.6 -1.6 -1.6 -1.6 -1.6 -1.6 -1.6 -1.6 -1.6 -1.6 -1.6 -1.6
74.9 76.9 73.7 77 74.1 67.3 64.7 61.4 59.9 55.1 53 51.1 51.2 50.1 49.4 47.1 45.9 44.6 41.7 27.1 -1.6 -1.6 -1.6 -1.6 -1.6 -1.6 -1.6 -1.6 -1.6 -1.6 -1.6 -1.6 -1.6 -1.6 14.9 12.6 8.6 -1.6 -1.6 -1.6 -1.6 -1.6 -1.6 7.3 6.6 7.6 8.3 9.4 10.8 11.6 11.5 15.5 9.8 6.9 -1.6 -1.6 -1.6 -1.6 -1.6 -1.6 -1.6 -1.6 -1.6 -1.6 -1.6 -1.6 -1.6 -1.6 -1.6 -1.6 -1.6 -1.6 -1.6 -1.6 -1.6 -1.6 -1.6 -1.6 -1.6 -1.6 -1.6 -1.6
80.6 78.2 79.6 79.1 76.2 72.2 67.7 61.7 58.6 56.5 56.1 54.4 52.9 50.8 51 48.9 46.4 45.1 42.1 39.3 30.1 -1.6 -1.6 -1.6 -1.6 -1.6 -1.6 -1.6 -1.6 -1.6 -1.6 -1.6 2.7 11.8 16.7 19.6 16.7 -1.6 -1.6 -1.6 -1.6 -1.6 -1.6 -1.6 8.3 8.3 8.7 9.1 9.5 10.8 13.5 12.3 9.8 4.7 -1.6 -1.6 -1.6 -1.6 -1.6 -1.6 -1.6 -1.6 -1.6 -1.6 -1.6 -1.6 -1.6 -1.6 -1.6 -1.6 -1.6 -1.6 -1.6 -1.6 -1.6 -1.6 -1.6 -1.6 -1.6 -1.6 -1.6 -1.6
77.7 78.9 82.9 83.7 85.4 84.4 74.9 66.9 61.1 57.3 57.1 60.8 60.9 55.4 51.8 49.7 47.6 45.4 43.6 42 39 34.5 27.5 -1.6 -1.6 -1.6 -1.6 -1.6 -1.6 -1.6 -1.6 -1.6 8.3 12.2 16.4 21.6 22.9 18.7 -1.6 -1.6 -1.6 -1.6 -1.6 -1.6 -1.6 8.7 8.4 8.9 9.3 9.9 13.4 12.9 11.7 6.5 -1.6 -1.6 -1.6 -1.6 -1.6 -1.6 -1.6 -1.6 -1.6 -1.6 -1.6 -1.6 -1.6 -1.6 -1.6 -1.6 -1.6 -1.6 -1.6 -1.6 -1.6 -1.6 -1.6 -1.6 -1.6 -1.6 -1.6 -1.6
80.3 81.1 83 83 84 84.6 82.8 78.1 66.5 60.9 66 63.7 62.7 60.6 53.3 51.9 50.2 48.6 46.9 45.5 44.6 41.1 37.9 28.8 -1.6 -1.6 -1.6 -1.6 -1.6 -1.6 -1.6 -1.6 8.7 8.7 15.1 21.5 27.7 25.6 -1.6 -1.6 -1.6 -1.6 -1.6 -1.6 -1.6 -1.6 11.2 10.5 11.4 10.6 12.1 14.3 10.9 10.6 8.1 -1.6 -1.6 -1.6 -1.6 -1.6 -1.6 -1.6 -1.6 -1.6 -1.6 -1.6 -1.6 -1.6 -1.6 -1.6 -1.6 -1.6 -1.6 -1.6 -1.6 -1.6 -1.6 -1.6 -1.6 -1.6 -1.6 -1.6
85.4 84.6 83.8 84.6 85 81.6 81.9 82.4 76.8 66.1 65.9 64 63.1 61.9 56.5 55.4 53.8 51.8 50.8 49.2 47.1 44.6 42.9 39.1 32.9 -1.6 -1.6 -1.6 -1.6 -1.6 -1.6 -1.6 9.3 6 10 19.9 25.3 33.7 31.4 -1.6 -1.6 -1.6 -1.6 -1.6 -1.6 -1.6 -1.6 11.3 13.2 12.1 9.9 10.7 13.6 13.3 13.3 9.3 4.9 -1.6 -1.6 -1.6 -1.6 -1.6 -1.6 -1.6 -1.6 -1.6 -1.6 -1.6 -1.6 -1.6 -1.6 -1.6 -1.6 -1.6 -1.6 -1.6 -1.6 -1.6 -1.6 -1.6 -1.6 -1.6
90.7 89 87.2 87.2 87.7 79.1 77.3 78.9 80.6 73.8 65.2 65.7 63 61.7 59.8 59.2 58.9 55.8 54.3 53.9 52.9 47.5 45.9 42.9 39.6 38.1 -1.6 -1.6 -1.6 -1.6 -1.6 -1.6 10.3 12 9 11.6 18.8 26.8 36.3 25.3 -1.6 -1.6 -1.6 -1.6 -1.6 -1.6 -1.6 -1.6 -1.6 11.9 11 7.1 10.2 12.8 9.9 14.3 10.5 -1.6 -1.6 -1.6 -1.6 -1.6 -1.6 -1.6 -1.6 -1.6 -1.6 -1.6 -1.6 -1.6 -1.6 -1.6 -1.6 -1.6 -1.6 -1.6 -1.6 -1.6 -1.6 -1.6 -1.6 -1.6
90.7 89.9 95.7 93.4 93.3 84.2 81.6 75.2 74.9 74.8 65.4 70.9 68.8 66.1 62.8 61 59.2 59.6 58.6 60.2 58.4 55.9 50.8 45.2 43.7 40.7 37.4 -1.6 -1.6 -1.6 -1.6 -1.6 7.9 13.2 13.3 8.5 8.6 16.4 29.5 41.7 41.9 22.8 -1.6 -1.6 -1.6 -1.6 -1.6 -1.6 -1.6 -1.6 -1.6 -1.6 3.9 4.1 8.4 9.1 10.9 -1.6 -1.6 -1.6 -1.6 -1.6 -1.6 -1.6 -1.6 -1.6 -1.6 -1.6 -1.6 -1.6 -1.6 -1.6 -1.6 -1.6 -1.6 -1.6 -1.6 -1.6 -1.6 -1.6 -1.6 -1.6
93.8 94 94 91.8 89.5 91.3 86.9 85.3 77.4 72 70.4 79 79.5 78.1 74.2 74.5 69.3 64.4 61.5 61 60.5 58.9 56 50.7 47.1 45 42.2 37.2 15.6 -1.6 -1.6 5.9 13.4 13.9 15.7 17.3 13.4 8.6 11.4 33.2 53.6 53.6 41.8 26 -1.6 -1.6 -1.6 -1.6 -1.6 -1.6 -1.6 -1.6 -1.6 2.1 2 2.1 5.6 2.3 -1.6 -1.6 -1.6 -1.6 -1.6 -1.6 -1.6 -1.6 -1.6 -1.6 -1.6 -1.6 -1.6 -1.6 -1.6 -1.6 -1.6 -1.6 -1.6 -1.6 -1.6 -1.6 -1.6 -1.6
94.2 92.9 93 92.3 90.9 91 88.8 85.4 83.9 79.2 77.5 83.5 85 83.9 84.4 84 84.4 82.1 83.4 79.3 74.3 61.9 61.7 61.2 52.5 47.2 45.4 43.6 40.5 26.5 -1.6 14.2 22 25.8 19.1 18.8 16.8 8.6 8.6 13.7 47.2 56.9 55.3 54 36.5 -1.6 -1.6 -1.6 -1.6 -1.6 -1.6 -1.6 -1.6 14.2 12.1 -1.6 -1.6 -1.6 -1.6 -1.6 -1.6 -1.6 -1.6 -1.6 -1.6 -1.6 -1.6 -1.6 -1.6 -1.6 -1.6 -1.6 -1.6 -1.6 -1.6 -1.6 -1.6 -1.6 -1.6 -1.6 -1.6 -1.6
89.4 91.8 93.3 92.8 91.3 90.6 91 92.1 89 83 85.1 85.9 87.1 92.5 94.4 98.9 95.6 92.2 91.2 91.1 91.1 83.3 75.3 65.1 63.4 60.6 49.4 47.1 45.5 41.4 33 19.1 26 31.1 26.7 22.4 13.1 8.6 8.6 8.6 34.4 53.9 58.3 58.8 57.2 26.3 -1.6 -1.6 -1.6 -1.6 -1.6 -1.6 -1.6 20.6 14 14.9 -1.6 -1.6 -1.6 -1.6 -1.6 -1.6 -1.6 -1.6 -1.6 -1.6 -1.6 -1.6 -1.6 -1.6 -1.6 -1.6 -1.6 -1.6 -1.6 -1.6 -1.6 -1.6 -1.6 -1.6 -1.6 -1.6
94.3 92.1 93.5 93.1 91.9 90.2 89.1 90 89.2 89 91.6 89.6 88.7 94.2 98.4 103 102.3 98 97 95.7 94.8 94.3 81.9 85.5 68.9 67 64 60.6 45.4 42.1 41.8 26 32.1 41.3 32.3 25.1 17.5 8.6 8.6 8.6 9.7 41.1 55.9 57.8 57.9 58.3 22 -1.6 -1.6 -1.6 -1.6 -1.6 -1.6 -1.6 21.2 15 -1.6 -1.6 -1.6 -1.6 -1.6 -1.6 -1.6 -1.6 -1.6 -1.6 -1.6 -1.6 -1.6 -1.6 -1.6 -1.6 -1.6 -1.6 -1.6 -1.6 -1.6 -1.6 -1.6 -1.6 -1.6 -1.6
100.8 95.5 94.5 95.2 93 91.8 90.3 90.4 89 92.9 92.9 91.8 92.3 98.3 100.9 104.5 104.7 99.9 107.9 107.6 100.8 96.8 95.1 85.5 87.7 71.8 69.5 67.6 63.4 47 29.8 23.8 30.4 42.1 41.9 30.3 25.1 8.6 8.6 8.6 8.6 11.8 31.6 47 57.1 59 54.6 29.2 13.5 3 0.9 -1.6 -1.6 -1.6 0.6 12.1 -1.6 -1.6 -1.6 -1.6 -1.6 -1.6 -1.6 -1.6 -1.6 -1.6 -1.6 -1.6 -1.6 -1.6 -1.6 -1.6 -1.6 -1.6 -1.6 -1.6 -1.6 -1.6 -1.6 -1.6 -1.6 -1.6
98.7 97.9 96.9 102.7 100.3 94 92.9 92.7 91.9 95.2 94.3 94.2 94 99.7 106.3 108 108.3 109.1 109 109.2 106 100.9 97.6 97.2 91.1 88.1 74.5 70.9 69.6 59.4 43.8 25.9 26.9 32.3 45.5 42.3 31.5 24.5 17.8 8.6 8.6 8.6 8.6 19.2 41.8 55.9 65.1 67.4 46.3 32.2 20.6 5.7 1.9 -1.6 -1.6 -1.6 -1.6 -1.6 -1.6 -1.6 -1.6 -1.6 -1.6 -1.6 -1.6 -1.6 -1.6 -1.6 -1.6 -1.6 -1.6 -1.6 -1.6 -1.6 -1.6 -1.6 -1.6 -1.6 -1.6 -1.6 -1.6 -1.6
99.9 98.3 98.4 100.9 101.4 102.9 97.7 95.9 97.4 95.5 95.1 94.9 95.6 100.8 108.6 112.4 113.7 116.1 117.6 118.6 116.5 113 102.1 98.5 90.6 91.8 89.2 75.1 70.3 68.7 52 33.4 32.7 29.3 30.6 45.9 31.1 23.4 19 8.6 8.6 8.6 8.6 8.6 23 57.2 54.7 65.5 78.1 73.9 51 38.2 24.5 4.8 -1.6 -1.6 -1.6 -1.6 -1.6 -1.6 -1.6 -1.6 -1.6 -1.6 -1.6 -1.6 -1.6 -1.6 -1.6 -1.6 -1.6 -1.6 -1.6 -1.6 -1.6 -1.6 -1.6 -1.6 -1.6 -1.6 -1.6 -1.6
103.9 101.1 99.1 99.1 101.8 104.7 101.5 101.4 102.6 102.8 102.1 98.2 96.2 100.4 109.2 116.4 117.4 122.3 125.1 126.3 124 121.6 117.4 105.1 98.3 92.2 94.4 76.4 72.3 69.3 57.1 40.6 41.6 40.5 35.9 34.8 26.9 20.8 23 18.5 8.6 8.6 8.6 8.6 13.9 43.8 48.4 54 71.1 79.5 79 65.5 57 21.5 -1.6 -1.6 -1.6 -1.6 -1.6 -1.6 -1.6 -1.6 -1.6 -1.6 -1.6 -1.6 -1.6 -1.6 -1.6 -1.6 -1.6 -1.6 -1.6 -1.6 -1.6 -1.6 -1.6 -1.6 -1.6 -1.6 -1.6 -1.6
110.6 107 99.6 99.1 101.9 107.6 105.9 104.9 105.5 107.1 107.4 105.5 98.7 103.6 112.2 117.5 120.2 126.3 125.3 129.7 131.4 129.2 125.9 118.6 105 94.2 93.1 83.2 71.8 68.4 61.5 46.5 46.5 53.5 53 46.7 39.7 19.5 25.3 30.6 14.2 8.6 8.6 8.6 9.6 22.2 39.8 50.1 61 75.6 77.7 76.3 69.4 56.6 16.1 -1.6 -1.6 -1.6 -1.6 -1.6 -1.6 -1.6 -1.6 -1.6 -1.6 -1.6 -1.6 -1.6 -1.6 -1.6 -1.6 -1.6 -1.6 -1.6 -1.6 -1.6 -1.6 -1.6 -1.6 -1.6 -1.6 -1.6
118.9 114 107.3 100.1 108.8 110.6 108.7 116.3 113.2 115.2 111.1 106.2 104.8 111.8 114.3 118.9 119.5 121 124.8 129.6 131.6 132 130.7 127.7 116.8 101.5 96.2 93 77.5 70.5 67.1 52.1 53.9 69.1 66.4 62.4 56.2 43.5 23 24.8 18.1 16 15.7 11.5 12.3 27.5 29.9 39.5 55.9 65.3 76 81.3 75 69.1 42.2 -1.6 -1.6 -1.6 -1.6 -1.6 -1.6 -1.6 -1.6 -1.6 -1.6 -1.6 -1.6 -1.6 -1.6 -1.6 -1.6 -1.6 -1.6 -1.6 -1.6 -1.6 -1.6 -1.6 -1.6 -1.6 -1.6 -1.6
124.4 119.9 115.7 106.8 102.5 106.2 107.5 118.9 120.1 119.6 115.9 108.6 108.2 112.6 120.3 125.9 124.8 123 125 130.5 133.2 133.4 132.2 128 119.3 105.5 97.6 98.5 73.4 79.1 70.3 69 57.6 69.9 70.1 72.1 69.5 64.3 51.6 48.7 47.8 57 50.3 36.4 21.6 17.5 24 34.4 46.7 60.1 73.9 78.2 77.2 70.7 65.9 19.7 -1.6 -1.6 -1.6 -1.6 -1.6 -1.6 -1.6 -1.6 -1.6 -1.6 -1.6 -1.6 -1.6 -1.6 -1.6 -1.6 -1.6 -1.6 -1.6 -1.6 -1.6 -1.6 -1.6 -1.6 -1.6 -1.6
135.4 130.7 124.3 118 108.8 105.6 109.9 118.8 119.9 120.4 123.9 115.7 110.3 109.4 119.5 127 127.6 128.9 128.4 130.4 132.4 133.5 133.9 130.1 121.1 109.1 98.9 92.3 83.8 72.7 71.8 67.6 70.2 70.5 72 73 74.4 71.8 68.4 64.9 63.9 66.6 66 61.5 42.6 31.4 25.3 23.8 30.3 40.1 61 72.5 73.4 72 64.9 32.2 -1.6 -1.6 -1.6 -1.6 -1.6 -1.6 -1.6 -1.6 -1.6 -1.6 -1.6 -1.6 -1.6 -1.6 -1.6 -1.6 -1.6 -1.6 -1.6 -1.6 -1.6 -1.6 -1.6 -1.6 -1.6 -1.6
141.2 139.3 134 126.5 117.9 111.6 112 114.1 117.5 120.8 120.8 118.7 114.5 108.3 114.6 120.9 126.3 130.7 130.8 131.6 131.5 131.7 135.1 134.1 127 118.3 99.9 95.3 85.9 72.5 68.8 69.4 70.2 74.1 73.9 74.9 77.1 76.3 75.5 72.5 68.9 66.8 69.1 69.7 61.9 50.5 38.6 22.6 22.3 23 41 70.6 75.2 73.9 70.5 50.6 31.4 -1.6 -1.6 -1.6 -1.6 -1.6 -1.6 -1.6 -1.6 -1.6 -1.6 -1.6 -1.6 -1.6 -1.6 -1.6 -1.6 -1.6 -1.6 -1.6 -1.6 -1.6 -1.6 -1.6 -1.6 -1.6
142.6 144 143.1 136.7 129.3 124.2 124.6 116.3 115.5 120.8 125 122.2 117.3 111.5 114.6 120.6 126.9 130.6 131.7 132 131.4 130.3 134.8 134.2 128.1 121.8 102.5 98.5 93.2 76.1 67.5 68.6 70 73.5 86 91.5 91.4 88.3 79.9 76.9 74 67.5 69.7 70.6 71.3 69.6 49.3 38.6 22 22.4 26.3 63 74.2 75.5 72.8 58.5 48.1 14.6 -1.6 -1.6 -1.6 -1.6 -1.6 -1.6 -1.6 -1.6 -1.6 -1.6 -1.6 -1.6 -1.6 -1.6 -1.6 -1.6 -1.6 -1.6 -1.6 -1.6 -1.6 -1.6 -1.6 -1.6
146 147.5 149.6 147.6 144.2 137.3 133.8 128 125.6 120.7 124.3 124.2 121.4 116.5 116.7 121.9 125.9 130 132.1 132.4 131.3 129.9 129.4 131.5 129.6 122.6 108 98.5 94.7 80.2 70.9 69 70.3 80.7 85.3 96.5 100.5 98.2 95.6 81.4 75.9 72 69 71.1 73.6 73.6 65.4 51.3 27.9 22.5 19.8 44.5 76.7 77.9 74.3 63.3 53.9 30.7 -1.6 -1.6 -1.6 -1.6 -1.6 -1.6 -1.6 -1.6 -1.6 -1.6 -1.6 -1.6 -1.6 -1.6 -1.6 -1.6 -1.6 -1.6 -1.6 -1.6 -1.6 -1.6 -1.6 -1.6
152.7 151.5 154.9 152.4 153.3 151.6 142.1 139 136.6 126.2 122.8 126 124.5 121.8 117.5 123.5 125.8 129.3 132.2 131.8 130.4 127.9 127.9 129.1 127.5 121.9 111 98.3 95.3 82.6 77.1 71 69.6 81 84.8 93.2 102.1 101 98.5 94.8 81.7 75.4 71.3 70.9 73.2 79.3 72.4 56.5 50.1 26.2 22 33.3 66.7 77.6 78.5 64.2 54.4 43.3 12 -1.6 -1.6 -1.6 -1.6 -1.6 -1.6 -1.6 -1.6 -1.6 -1.6 -1.6 -1.6 -1.6 -1.6 -1.6 -1.6 -1.6 -1.6 -1.6 -1.6 -1.6 -1.6 -1.6
161.5 154.7 155.6 156.5 155.6 153.9 152.5 145.9 140.6 138.9 123 126.3 125.2 123.7 120.7 121.5 123.4 125.8 127 127.2 128.5 128.1 126 125.8 126.7 121.8 108.8 96.7 95.9 84.8 82 73.5 70.4 72.9 78.7 85.3 94.5 101.1 100.3 99.3 87.1 79 72.5 73.7 74.2 80.8 77.1 62.8 55 46 31.2 27.5 49.5 72.5 79.9 75.4 59.6 47.4 28.5 -1.6 -1.6 -1.6 -1.6 -1.6 -1.6 -1.6 -1.6 -1.6 -1.6 -1.6 -1.6 -1.6 -1.6 -1.6 -1.6 -1.6 -1.6 -1.6 -1.6 -1.6 -1.6 -1.6
166.2 158.4 161.3 160.6 161.1 158 157.1 152.8 145.3 141.8 136.3 127.2 123.5 124.3 124.1 122.7 122.9 123.1 123.6 125.4 128.9 129.3 127.2 123 125.4 122.6 113.2 102.6 95.4 92.9 88.5 79.5 77.3 69.1 70.3 79.8 85.8 99 100.3 100.5 93.9 83.4 77.5 76 79 79.1 80.7 72.9 65.1 59.2 48.7 37.1 36.5 57.2 77 82.2 68.9 53.4 45.4 20.6 -1.6 -1.6 -1.6 -1.6 -1.6 -1.6 -1.6 -1.6 -1.6 -1.6 -1.6 -1.6 -1.6 -1.6 -1.6 -1.6 -1.6 -1.6 -1.6 -1.6 -1.6 -1.6
168 164.3 170.3 171.3 170.2 166.5 162 155.6 150.5 151 140.7 132.6 125.1 123 127.2 127.5 123.8 123.4 123.9 121.3 122.3 123.9 127.7 123.7 121.2 120.5 112.4 107.3 95.8 93.2 90.5 83.2 83.5 76.3 68.7 74.1 81.5 93.6 97.7 99.6 99.9 91.6 80.9 75.6 89 88.6 84 81.8 75.4 68.6 61.9 49.1 38.4 40.7 56.8 80.6 78.9 55.4 55.3 40.5 15.3 -1.6 -1.6 -1.6 -1.6 -1.6 -1.6 -1.6 -1.6 -1.6 -1.6 -1.6 -1.6 -1.6 -1.6 -1.6 -1.6 -1.6 -1.6 -1.6 -1.6 -1.6
168.6 167.4 170.8 171.2 171.6 170.6 168.4 166.4 156.5 150.6 144.9 137.2 128.9 123.4 125.3 129.3 128.7 123.5 124.1 120.7 119.1 121.4 123.7 124.1 118.9 117.9 111.5 106.4 102.4 93.1 90.4 88.1 89.2 84.7 74 72.1 76.5 87.9 97.4 97.1 98.2 93.5 89.8 77.8 87.6 98 95.9 84.2 80.9 77.4 71.5 60.9 49.9 38.7 43.5 69.7 77.8 65.2 52.2 50.9 38.5 3.8 -1.6 -1.6 -1.6 -1.6 -1.6 -1.6 -1.6 -1.6 -1.6 -1.6 -1.6 -1.6 -1.6 -1.6 -1.6 -1.6 -1.6 -1.6 -1.6 -1.6
176.2 168.7 170.5 172 175.5 172.6 171.3 168.2 165.1 155 148.3 141.8 136.1 129.2 121.6 122.8 125 127.7 123 122.4 118.5 119.8 115.6 117.8 115.2 111.6 107 104.5 100.4 94.3 91.2 88.6 89.6 90.6 78.4 69.4 75.6 87.1 98.1 96.7 96.5 98.2 94.9 84.1 83.2 98.5 97.2 86 81.6 82 77.1 70.2 62.8 58 40 58.8 71.3 72 59 49.3 51.3 16 -1.6 -1.6 -1.6 -1.6 -1.6 -1.6 -1.6 -1.6 -1.6 -1.6 -1.6 -1.6 -1.6 -1.6 -1.6 -1.6 -1.6 -1.6 -1.6 -1.6
181.3 177.9 172 173.1 176.2 173.2 170.1 168.4 165.9 162.3 152.2 151.2 141.7 137.9 133 125.1 123.4 127.9 126.6 122.4 119 115.8 113.7 109.4 109.3 106.3 103.7 101.8 92.4 90.2 89.2 87.4 88.4 88.5 81.1 73.8 76.2 89.2 95.6 96.6 96.7 100.3 97.8 89.5 79.5 92.8 96.6 91.3 85.3 82.3 80.8 77.4 73.4 66.8 56.4 44.4 61.7 71.1 67.5 52.7 40.4 12.3 -1.6 -1.6 -1.6 -1.6 -1.6 -1.6 -1.6 -1.6 -1.6 -1.6 -1.6 -1.6 -1.6 -1.6 -1.6 -1.6 -1.6 -1.6 -1.6 -1.6
181.6 181.1 175.1 176.6 175.8 170.7 167.8 167 166.8 162.9 157.5 151.4 146.1 139 136 132.8 126 127.9 127.2 122.7 119.8 114 107.8 106.4 103.7 101.8 100 97.5 89.4 85.4 83.8 87.9 89.3 89.7 82.3 78 76.6 85.6 95.6 97.9 99.6 100.9 99.8 94.7 82.7 83.7 95 95.2 93.5 89.6 85.5 82.4 80.6 77.7 65.3 45.7 44.4 60.4 71.9 67.6 47.9 16 -1.6 -1.6 -1.6 -1.6 -1.6 -1.6 -1.6 -1.6 -1.6 -1.6 -1.6 -1.6 -1.6 -1.6 -1.6 -1.6 -1.6 -1.6 -1.6 -1.6
179.3 185.1 177.2 176.9 176.3 171.5 168 165.3 166.1 164.7 159.8 149.9 143.6 140.9 139.1 137.7 129 126.7 127.8 124.8 121.2 115.3 107.7 105 102.1 100 97.9 95.4 86.8 86.4 84.4 83.1 86.9 86.4 84.6 81.7 82.8 87.5 91.7 96.3 98.7 101.4 100.3 95.6 86.9 82.5 89 95.4 94.9 93.9 92.6 87.8 86.3 86.5 75.7 58.3 45.2 48 69.3 78.1 65.7 26.2 -1.6 -1.6 -1.6 -1.6 -1.6 -1.6 -1.6 -1.6 -1.6 -1.6 -1.6 -1.6 -1.6 -1.6 -1.6 -1.6 -1.6 -1.6 -1.6 -1.6
174.5 177 177.2 175.3 175.4 175.3 168.5 163.7 163.9 164 161.2 149.1 144.8 140.8 139.7 137 134 126.5 125.9 126.9 123.2 118.3 110.2 103.7 103.4 100 99.9 94.1 86.5 84.5 83.4 83.3 81.9 83.2 80.6 85.9 86.1 85 89.5 94.5 99.8 107 102.7 99.2 89.6 87 88.6 93.6 95.5 95.8 94.5 91.1 87 87.1 83.8 70.5 56.8 46.6 61 71.9 79.2 39 -1.6 -1.6 -1.6 -1.6 -1.6 -1.6 -1.6 -1.6 -1.6 -1.6 -1.6 -1.6 -1.6 -1.6 -1.6 -1.6 -1.6 -1.6 -1.6 -1.6
168.7 173.8 175.5 176.3 170.1 174.7 170.3 162.9 161.3 160.5 157.1 151.7 145.6 140.5 139.6 136.5 134.1 129 121.3 116.8 117.9 119.4 111.7 107.2 102.8 103.9 97.4 90.1 85.5 83.2 82 82.1 82 83.5 82.9 81.6 83.4 81.7 85.6 92 103 110.5 112.9 108.9 97.7 92.3 93.4 93.2 99 104.8 106 100.3 93 88.7 87.1 81.7 69.3 56.1 52.9 61.5 73.1 72.1 20 -1.6 -1.6 -1.6 -1.6 -1.6 -1.6 -1.6 -1.6 -1.6 -1.6 -1.6 -1.6 -1.6 -1.6 -1.6 -1.6 -1.6 -1.6 -1.6
173.8 166.2 176.1 174.9 171.8 172.4 167.4 164.3 158.4 157.5 152.5 146.4 143.7 140.6 137.9 135.9 132.9 130.1 125.1 117.2 113.6 113.2 112 106.4 104.2 99 99.2 92.9 85.4 82 81.6 81.1 80.5 80.6 84.3 80.4 81 81.7 84.2 94.1 104.1 109.5 114.1 113.7 112.8 104.3 98.9 92.8 97.1 110.8 106.6 110.7 104.8 99 91.5 87.1 82.6 71.9 57.9 57.4 63.7 73.5 54.9 -1.6 -1.6 -1.6 -1.6 -1.6 -1.6 -1.6 -1.6 -1.6 -1.6 -1.6 -1.6 -1.6 -1.6 -1.6 -1.6 -1.6 -1.6 -1.6
177 168.5 162.5 166.5 166.3 162.3 164.1 164.1 161.2 153.4 145.9 141.4 134.7 133 133.1 133.8 133.8 132.3 130.9 121.2 110.4 111.8 109.4 107.9 104.8 100.1 93.9 95 92.9 82.2 81.6 80.8 80.9 80.7 80.6 80.4 81.7 82.4 80.8 90.3 102.9 108.7 111.9 116.5 116.6 112 108.1 106.5 98.5 104.4 113.1 116.2 111 106.9 103.6 98.1 93.5 84.7 73.5 59.1 58.5 65.1 71.2 35.6 -1.6 -1.6 -1.6 -1.6 -1.6 -1.6 -1.6 -1.6 -1.6 -1.6 -1.6 -1.6 -1.6 -1.6 -1.6 -1.6 -1.6 -1.6
174.3 168.4 160.1 153.2 159.7 160.4 160.3 162.2 160.4 148.3 144.3 134.6 133.1 131.7 131.4 131 132.5 132.8 129.6 123.4 112.1 112.1 107.6 106.2 104.3 100.9 94.7 92.3 89.8 82.6 81.2 80.7 80.5 80.2 80 80.1 81.2 81.6 82 87.6 101.5 106.8 107.2 114.2 118.9 115.2 108.6 109 107.2 103.3 108.7 116.9 116.6 117.3 111.4 108.6 103 99.3 88.2 76.1 63.4 61.5 68.6 67.9 19.2 -1.6 -1.6 -1.6 -1.6 -1.6 -1.6 -1.6 -1.6 -1.6 -1.6 -1.6 -1.6 -1.6 -1.6 -1.6 -1.6 -1.6
