Assets/StreamingAssets/GeoData/Data/nm/NM72.asc
ncols 200
nrows 200
xllcorner 170000
yllcorner 720000
cellsize 50
[rows 0 to 36 of 200, columns 0 to 83 of 200]
-1.1 -1.1 -1.1 -1.1 -1.1 -1.1 -1.1 -1.1 -1.1 -1.1 -1.1 -1.1 -1.1 -1.1 -1.1 -1.1 -1.1 -1.1 -1.1 -1.1 -1.1 -1.1 2.1 6.4 13.1 22.6 32.3 46.8 63.1 76.7 81.9 91.1 104.2 110.3 114.4 127.7 130.1 132.6 136.9 137.9 139.5 141.9 146.4 148.9 153.1 147.8 132 129.9 132.2 142 157.2 167.2 176.5 171.6 155.1 152.6 150.5 141.9 121.5 113.6 101.4 96.7 90 83.4 79.9 85.2 85.1 85.6 79.6 69.7 62.2 54.6 46.3 41.6 39.8 36.6 33 31.3 30.6 26.7 22.3 23 23.7 25.4
-1.1 -1.1 -1.1 -1.1 -1.1 -1.1 -1.1 -1.1 -1.1 -1.1 -1.1 -1.1 -1.1 -1.1 -1.1 -1.1 -1.1 -1.1 -1.1 -1.1 -1.1 2.2 5.9 10.2 29.9 40.7 56.6 74.5 94.3 100.4 104.9 115.8 118.9 123.6 121 124.5 133.5 139.8 145.1 148.9 147.5 150.1 150.9 154.8 157.3 146.8 133.3 132 134.3 141 167.2 173.1 176.7 172.7 155.3 148.6 147 135.1 121 111 100.3 97.1 88.3 85.8 91.9 96.4 85.7 84.7 73 65.2 54.2 49.2 46 43.9 40.4 38.2 33.9 33.2 33.3 26.3 23 23.3 24.2 26.3
-1.1 -1.1 -1.1 -1.1 -1.1 -1.1 -1.1 -1.1 -1.1 -1.1 -1.1 -1.1 -1.1 -1.1 1.4 -1.1 -1.1 -1.1 -1.1 -1.1 -1.1 4.7 8.5 24.4 45 56.2 71.6 85.9 101.6 110.6 117.8 127.6 129.1 136 140.8 137.9 137.7 139 149.3 160.3 156.8 153.6 157.7 160.9 159.6 148.2 137.7 136.3 137.1 143.2 169 178.8 174 164.6 150.7 147.2 138.3 126.6 118.3 108.9 106.3 96.7 95 96.3 106.7 93.8 84.9 78 66.5 60.2 49.3 48.8 46.7 46.7 44.6 42.7 36.3 33.5 32.6 25.5 23.5 23.7 25 25.9
-1.1 -1.1 -1.1 -1.1 -1.1 -1.1 -1.1 -1.1 -1.1 -1.1 -1.1 -1.1 -1.1 -1.1 -1.1 -1.1 -1.1 -1.1 1.5 2.4 4.3 9.1 17.7 48.3 58 68.1 80.4 94.3 105.3 116.1 124.1 132.3 138.8 139 152.9 155.9 160.9 161.6 157.6 152.6 152 152.2 161.3 165.1 163.2 144.7 140.7 141.1 142.6 146.1 169.2 179.6 175 153.7 139.2 139.2 130 122.2 112.8 109.1 106.8 104.3 108.6 108.5 102 87.3 79.7 69.2 67 56.5 50 47 48.8 48.5 46.6 41.6 37.8 35.2 27.6 24.9 24.1 24.9 25.5 26.5
-1.1 -1.1 -1.1 -1.1 -1.1 -1.1 -1.1 -1.1 -1.1 -1.1 -1.1 -1.1 -1.1 -1.1 -1.1 5.1 2.8 2.3 3.5 7.7 9.1 17.9 35.6 53.6 65 79.5 87.1 100.2 110.1 115.2 130.6 140.2 144.3 149.8 157.1 169.1 175.6 184.3 187.7 172.2 154 153.6 153.2 162.6 162.5 146.2 144 143.4 147.3 150.9 171.7 176.9 170.1 147.1 135.1 132.6 130.2 118.3 113.6 111.3 109.7 116.6 113.9 106 95.8 80 70.9 64.4 64.7 51.6 47.9 46.3 49.4 49.1 46.3 42.5 39.3 35.5 26 26.5 26.2 27.4 26.6 25
-1.1 -1.1 -1.1 -1.1 -1.1 -1.1 -1.1 -1.1 -1.1 -1.1 -1.1 -1.1 -1.1 -1.1 -1.1 7.6 8.1 7.5 5.2 8.7 17.9 29 52.5 64 75 88 97.7 103 114 120.3 131.6 145.4 146.5 154.2 169.4 181.9 188 193.3 198.5 188.7 173.3 157.6 162 166.8 160.6 152.3 149.6 149.8 149.4 150.6 160.5 169.3 155.5 137 135.7 126.3 123.5 118 115.5 113.8 119.8 116.5 113.7 99.3 88.1 81.6 76.7 65.9 54.9 51.7 48.9 46 48 46.9 48.7 44.6 39.6 34.2 28.4 28.5 27.8 26.5 24.7 23.8
-1.1 -1.1 -1.1 -1.1 -1.1 -1.1 -1.1 -1.1 -1.1 -1.1 -1.1 -1.1 -1.1 -1.1 -1.1 5.3 8.2 7 7 10.4 24.1 50.4 73.8 82.1 85.1 92.3 103.4 108.1 115 120.4 132.6 142.8 151.7 164.2 177.6 191.3 197.3 205.5 209.6 201.4 182 176.3 170.6 172 172.1 165.4 156.1 151.8 154.1 151.7 152.8 152.9 141.2 131 130.6 120.9 113.6 112.3 111.4 123 117.4 115.1 103.8 94.8 83.5 84.9 80.9 62.3 52.4 48.2 46.4 46.4 47.3 55.7 58.4 47.6 38.5 33.3 30 31 28.9 24.8 16.5 8.4
-1.1 -1.1 -1.1 -1.1 -1.1 -1.1 -1.1 -1.1 -1.1 -1.1 -1.1 -1.1 -1.1 -1.1 -1.1 3.5 7 11.1 10.4 17.9 31.2 51.5 75.9 90.6 95 96.3 103.1 110.2 118.1 122.4 135.7 141.2 154.9 176 191.4 196.7 205.4 211.1 211.4 198.8 189.1 188.5 184.6 181.8 174.9 180.8 172 173.7 159.6 157.5 156.4 148.8 134.1 125.1 120.6 114 100.7 100.9 110.9 123 113.3 109.9 99.1 93.1 84.4 86.1 76.1 64.1 50.4 46.3 44.3 46 52 55.4 59.4 42.8 38.3 34.1 31.3 32 34.2 28.8 18 6.9
-1.1 -1.1 -1.1 -1.1 -1.1 -1.1 -1.1 -1.1 -1.1 -1.1 -1.1 -1.1 -1.1 -1.1 -1.1 2.1 14.1 17.7 18 25.6 33.5 48.2 69.3 82.7 92.1 99.6 106.2 113.1 118.1 126.9 136.3 145.1 165.7 183.2 194.7 207.8 213.2 216.1 208.1 198.4 196.1 197 194.1 193.5 186.4 186.6 177.8 178.5 178.1 172.5 158.1 155.4 145.2 124.3 100.5 104.6 91.9 90.5 110.7 111.8 109.8 101.6 100.1 90.9 83.3 83.5 79.6 62.9 52 51.5 47.7 44.1 51.5 53.9 52.4 44 41.2 33.5 31.7 32.6 37.3 35.6 20.9 8
-1.1 -1.1 -1.1 -1.1 -1.1 -1.1 -1.1 -1.1 -1.1 -1.1 -1.1 -1.1 -1.1 -1.1 -1.1 1.9 14.6 19.4 24.2 29.4 37.4 51.7 65.1 78.9 89.1 100 108.8 117.9 120.6 129.9 139.9 151.7 168.3 186.9 200.1 212 216.7 217 202.6 200.3 199.1 202.7 200.7 197.4 193.9 190.4 184.7 186.2 185.3 177.7 163.2 155.9 134.6 123.9 123.8 101.5 83.8 85.5 97.8 98.8 100.5 97 93.9 84.6 82.5 85.2 77.1 60.1 54.2 57 54.5 43.3 45.5 50.7 49.2 43.5 42.5 32.3 30.6 31.5 40.1 35.8 22.4 7.1
-1.1 -1.1 -1.1 -1.1 -1.1 -1.1 -1.1 -1.1 -1.1 -1.1 -1.1 -1.1 -1.1 -1.1 -1.1 -1.1 7.5 19.3 23 32.2 38.8 52.8 76.6 85.1 94.5 102.2 109.1 119.7 124.7 133 142.1 154.2 167.9 187.6 206 214.6 210.3 203.2 203.5 202.9 206.1 209.1 209.3 206.1 204.1 200.4 190.1 186.9 185 178.7 167.4 152.9 148.6 148.5 147.6 126.1 104.3 83.4 74.9 74.6 84.7 90.6 88.9 79.7 80.7 82.2 68.1 63.6 56.7 60.9 48.6 43.1 41.2 48.2 47 41 34.5 30.4 29.9 30.9 35.3 36.3 25.2 -1.1
-1.1 -1.1 -1.1 -1.1 -1.1 -1.1 -1.1 -1.1 -1.1 -1.1 -1.1 -1.1 -1.1 -1.1 -1.1 -1.1 3.4 9.9 25.1 37.1 46.6 52 69 89.2 102.8 103.4 109.2 120.2 128.7 133.3 147.7 156.8 166.7 192.5 204.3 201.7 201.5 204.4 202.3 205.9 212.2 212.1 214.2 206.8 205 202.7 197.8 187.4 191.9 180.9 169.2 164.7 160.5 159.7 155.4 138.5 124.3 106.6 94.7 80.2 66.2 65.2 62 68.2 75 69.5 57.9 57.2 60.4 58.8 50.9 34 36.7 39.9 44.1 37.9 30.6 29.2 29 31.4 31.8 35.7 26.3 -1.1
-1.1 -1.1 -1.1 -1.1 -1.1 -1.1 -1.1 -1.1 -1.1 -1.1 -1.1 -1.1 -1.1 -1.1 -1.1 -1.1 1.4 6.2 22.5 40 50 54.1 61.9 82.9 100 110.1 114.5 122.7 128.2 134.6 147.3 156.1 162.9 180.8 193.5 199.8 199.2 201.3 205.1 208.3 218.2 215.2 214.4 208.5 205.5 203.7 199.2 198 191.1 184.2 178 173.5 179.2 170.9 158.5 144 132.9 121 103.6 90.4 76.6 69.9 54.9 57.2 45.1 41.4 42.8 44.7 57 47.6 38.7 30.3 29.3 29.1 34.3 34.6 30.3 26.3 26.6 29.9 31.5 28.3 26 -1.1
-1.1 -1.1 -1.1 -1.1 -1.1 -1.1 -1.1 -1.1 -1.1 -1.1 -1.1 -1.1 -1.1 -1.1 -1.1 -1.1 -1.1 4.7 16.6 34.4 45.7 52.2 63.1 77.9 94.4 110.1 120.8 126.4 127.3 133.6 143.2 147.5 159.3 179.5 189 189.8 192.7 197.8 205.3 216.6 221.3 221.1 220.5 211.6 210.2 209.4 211 202.4 196.1 190.9 183.5 189.2 183.9 171.8 158.9 151.8 136.1 127.9 103.3 89.1 80 74.9 68.8 62.5 54.5 45.7 38.5 28.6 38 38 32.7 27.5 26.3 26.2 23.9 26.3 24.5 23.2 22.6 24.1 23 23.3 9 -1.1
-1.1 -1.1 -1.1 -1.1 -1.1 -1.1 -1.1 -1.1 -1.1 -1.1 -1.1 -1.1 -1.1 -1.1 -1.1 -1.1 -1.1 6.1 16.3 37.6 51.1 56.8 67.6 73 92.2 103.1 118.3 125.1 125.7 127.5 132.2 142.3 156.1 170.3 168.9 172.6 184.1 194.7 211 222 224.1 228.4 224.4 214.3 212.3 213.4 216.9 208.1 198 192.9 192.3 190.3 179.6 169.5 168.2 155.2 140.8 125.6 99.6 89.8 80 79.6 71.8 67.6 64.7 58.6 43.6 38 28.2 31.1 28.6 21.2 19.8 17 19.2 20.5 18.5 9.9 7 7.4 13.9 20.2 -1.1 -1.1
-1.1 -1.1 -1.1 -1.1 -1.1 -1.1 -1.1 -1.1 -1.1 -1.1 -1.1 -1.1 -1.1 -1.1 -1.1 -1.1 4.5 9.3 18.9 35.1 54.5 64.9 75.3 78.5 89 99.4 111.2 123.4 124.5 122.9 125 132.5 148.3 151.4 158.8 165.1 181.6 200.8 208.6 226.5 228.4 228.6 229.4 221.6 218.4 221.5 214.8 207.9 201.1 199 195.2 190.4 181.4 177.4 167.6 158 141.3 121.3 101.4 91.7 77.7 75.7 72.4 67.9 69.6 68.5 58.1 53 36.9 24 25.2 20.5 23.8 20.9 14.8 11.1 7.5 6 5.1 2.5 4.6 6.9 -1.1 -1.1
-1.1 -1.1 -1.1 -1.1 -1.1 -1.1 -1.1 -1.1 -1.1 -1.1 -1.1 -1.1 -1.1 -1.1 2.5 2.8 8.2 14.9 23.6 39.5 55.7 67.5 76.5 81.3 89.2 101.9 109.6 122.5 120.5 116 116 120.5 134.3 142.6 149.7 166.6 186.1 199.7 226.9 230.1 226.9 229 235.9 233.2 230.8 230.1 217 209.9 205.4 209.7 198.8 189.4 185.3 177.3 164.1 153 137.4 113.4 98.2 91 86.6 80.1 74.8 68.7 72.1 74.9 61.4 53.8 46.9 30.2 20.8 22.2 24 21.3 8.9 8.1 5.1 1.9 0.7 -1.1 -1.1 -1.1 -1.1 -1.1
-1.1 -1.1 -1.1 -1.1 -1.1 -1.1 -1.1 -1.1 -1.1 -1.1 -1.1 -1.1 -1.1 -1.1 5.4 5.7 10 25.9 37.8 44.1 66.3 70.9 74.6 89.9 94.2 105.2 112.3 118.9 112.3 106.7 107.1 118.1 130 134.1 147.7 174.6 201.2 213.5 224.9 226.2 225.7 229.1 241 241 237.4 228.4 217.8 214.3 220 210.2 201.6 191.8 184.5 169.8 159.8 149.8 133 112.8 98.9 93.2 87.2 81.4 73.5 71.4 71.2 75.1 64.7 59.7 55 42.2 28.9 25.7 23.4 18.8 10.2 6.5 2.8 0.9 -1.1 -1.1 -1.1 -1.1 -1.1 -1.1
-1.1 -1.1 -1.1 -1.1 -1.1 -1.1 -1.1 -1.1 -1.1 -1.1 -1.1 -1.1 -1.1 -1.1 3.2 4.4 9.1 25.2 49.8 60.1 68.7 74.9 74.5 85.5 97.8 107 112.8 115.7 106.6 101.4 103.5 115.7 124.9 132.5 149.9 183.3 200.2 208.5 217.8 224.3 225.1 231.7 243.2 238.4 234.3 225 219.5 225.2 223.1 207 195.7 190.9 175.5 162.6 155.9 147.1 122.5 110.3 100.1 95.8 89.2 81.4 73.9 71.3 72.3 70.7 69.5 62.6 59.8 44.6 39.2 37.4 30.3 19.8 10.8 5.6 1.5 0 -1.1 -1.1 -1.1 -1.1 -1.1 -1.1
-1.1 -1.1 -1.1 -1.1 -1.1 -1.1 -1.1 -1.1 -1.1 -1.1 -1.1 -1.1 -1.1 -1.1 -1.1 3.7 9.5 29.6 50.7 69.5 73.2 71.3 75.8 82.3 97.2 109 115.8 110.9 102.5 99.6 102 109.9 122.1 135.9 153.7 175.9 190 205.6 215.7 224.9 226.4 232.5 237.3 236.3 233.4 227.9 228.8 224.8 216.3 201.4 189 178.2 166.5 157 150.7 134.1 123.7 112.8 97.1 91.9 86.1 77.6 73.6 70.4 67.9 64.4 65.7 66.7 60.4 48.5 47.3 46.6 47.7 36.6 19.4 7.3 1.4 -1.1 -1.1 -1.1 -1.1 -1.1 -1.1 -1.1
-1.1 -1.1 -1.1 -1.1 -1.1 -1.1 -1.1 -1.1 -1.1 -1.1 -1.1 -1.1 -1.1 -1.1 -1.1 3.8 12.6 39.5 62.7 75.4 78.6 77.2 79.7 83.6 95.9 102.5 106.9 104.5 99.2 101 105.2 111.2 123.4 145.4 159.7 169.2 184 200.9 211.3 222.1 227.7 234 235.4 238.5 235.3 229.8 226.8 216.6 207.6 198.4 178.7 166.7 156.6 151.7 141.8 133.5 118.5 111.1 99.1 88.4 81.2 77.1 75.9 67.4 65 60.5 61.5 63.7 56.8 51.9 51.3 52.8 56.4 52.2 32 18.6 6.5 -1.1 -1.1 -1.1 -1.1 -1.1 -1.1 -1.1
-1.1 -1.1 -1.1 -1.1 -1.1 -1.1 -1.1 -1.1 -1.1 -1.1 -1.1 -1.1 -1.1 -1.1 2.7 6.8 20.4 45.5 69.5 82 84.7 87.1 89.6 91.9 100.2 102.8 101.3 95.3 98.7 104.3 110.5 119.9 131.9 144.7 152.1 159.8 175.5 190 205.2 216.4 230.8 231.8 241.6 245 236.3 227.7 219.6 205.6 196.8 181.5 168.3 155.5 148.9 144.5 139 125.8 115.5 106.6 99.9 89.4 80.3 72.8 78 65.8 58 56.5 58.5 58.7 59.2 52.4 53.4 56.4 62.9 59.1 40.3 32 8 -1.1 -1.1 -1.1 -1.1 -1.1 -1.1 -1.1
-1.1 -1.1 -1.1 -1.1 -1.1 -1.1 -1.1 -1.1 -1.1 -1.1 -1.1 -1.1 -1.1 -1.1 6 13.3 22.2 40.9 67.5 85.6 85.4 88.1 93.3 102.9 101.4 96.8 90.8 94.4 100.8 115 133.6 132.2 132.2 135.9 142.3 149.9 163.3 178.3 194.8 212 226.1 234.6 244.3 239.6 227.2 214.6 206.6 195.1 184.3 172 156.9 147.2 138.3 133.5 129.6 122.3 112.1 107.1 99.4 88.2 80.9 73.1 71.5 70.7 60.1 54.9 57.2 57.2 56.8 53.3 58 64.1 70.7 66.2 50.2 38.1 11.2 1.7 -1.1 -1.1 -1.1 -1.1 -1.1 -1.1
-1.1 -1.1 -1.1 -1.1 -1.1 -1.1 -1.1 -1.1 -1.1 -1.1 -1.1 -1.1 2.1 4.3 9.1 19.9 21.7 30.9 65.5 82.2 84.4 88.3 94.2 100.7 100.1 87.7 86.1 94.7 96.2 115.3 134.3 142.4 137.1 137.6 144.5 151.3 163.2 177.4 184.2 196.8 213.8 223.9 226.4 219.5 212.6 203.3 194.9 184.1 175.5 164.6 153.6 140.5 133.2 127 124 120.9 110.3 109.1 94 86 78.5 74.9 65.3 74 58.1 54.5 56.5 57.2 55.5 53.7 62.2 68.9 74.7 69.5 55.3 40.7 9.3 3.4 1.2 1.7 -1.1 -1.1 -1.1 -1.1
-1.1 -1.1 -1.1 -1.1 -1.1 -1.1 -1.1 -1.1 -1.1 -1.1 -1.1 0.8 5 8.6 19.2 20.3 22.3 31.2 49.8 68.4 78.5 91.1 89.9 96.9 89.3 82 83.3 89.2 94.4 114.9 130 136.1 138.7 140.9 144.7 146.7 164.4 170.8 187.3 199.5 205.1 208.5 208.1 205 200.8 194.4 188.1 176.9 167.7 157.6 146.2 137.1 125.6 116.9 114.5 109.7 110.1 98.8 92.6 84.1 79.2 74.5 63.2 63.4 54.2 54.5 59.8 57.7 55.5 53.3 63.3 72.2 76.6 67.7 57.1 42 8.9 5.6 3.3 2.1 -1.1 -1.1 -1.1 -1.1
-1.1 -1.1 -1.1 -1.1 -1.1 -1.1 -1.1 -1.1 -1.1 -1.1 -1.1 -1.1 3.8 18.9 23.6 22.4 22.8 32.3 45.7 56.3 75.8 85.7 85.7 86.2 79.5 83.1 86.3 87.9 93.1 109.5 124.5 131.3 140.1 143.4 145.5 145.3 154.1 167.4 185.9 194.8 205.2 205.3 204.7 195.8 193 188.5 182.9 174.6 169.5 159.2 152 138.9 126.5 124.7 113.3 105 97.6 91.8 84.7 80.6 73.7 68.9 57.5 57.8 51.7 55.4 59.3 57.8 55.6 53.9 64.7 72.3 75.9 67.3 57.1 41.1 8.2 7 2.6 1.9 -1.1 -1.1 -1.1 -1.1
-1.1 -1.1 -1.1 -1.1 -1.1 -1.1 -1.1 -1.1 -1.1 -1.1 -1.1 -1.1 5.3 20.5 24.1 23.4 23.4 31.2 45 60 71.4 78.3 77.7 74.5 73.7 83 84.9 87.7 91 107.9 125.4 132.4 137.4 138.9 142 146.9 149.9 159.2 177.1 190.9 200.6 202.3 202 198.4 193.7 189.6 180.2 171.8 165.2 159.8 150.5 138.5 131.4 127.7 119.5 105.6 96.2 87.5 79.5 76.7 65.6 63.4 52.5 50.9 51.7 58.6 58.4 58.7 57.9 57.4 60.4 72.3 70.3 64.8 56.9 29.2 8.9 5.4 5.3 1.3 -1.1 -1.1 -1.1 -1.1
-1.1 -1.1 -1.1 -1.1 -1.1 -1.1 -1.1 -1.1 -1.1 -1.1 -1.1 -1.1 6.2 14.2 21 22 24.6 32.8 46.9 60.9 64.9 72.3 68 71.9 78.2 80.6 89.8 96.3 95.9 109 123.1 131.6 127.5 136.6 137 146.2 150.9 158.2 170.5 189.2 196.2 199.6 199.4 193.6 190.2 183.9 178.5 175.7 164.3 156.5 143 135.8 125.1 117.4 111.9 105.2 83.5 75.5 70.9 70.3 62.4 57.8 52.7 46.8 52 58.4 56.7 60.5 60.9 63.2 66.5 72.4 67.7 66.8 55.7 23 10 6.1 6.7 -1.1 -1.1 -1.1 -1.1 -1.1
-1.1 -1.1 -1.1 -1.1 -1.1 -1.1 -1.1 -1.1 -1.1 -1.1 -1.1 -1.1 2.8 7.3 13.8 21.3 27 36.5 48 55.9 61.5 62.8 66.3 76.5 81.3 90.2 98.3 105.3 109.2 107.4 119.6 126.3 127 128.7 136.5 146.5 149.4 156.9 168.6 178.5 186.1 194.1 192.7 189.2 188.9 179.4 168.9 164.8 162.3 156.3 143.9 137.2 127 117.6 105.6 91.2 84.3 65.8 64.3 60.9 58.6 52.3 52.7 45.4 52.2 55 57.6 60 66.4 71 71.6 71.3 70 69.5 55 24.2 11.3 7.5 8.4 -1.1 -1.1 -1.1 -1.1 -1.1
-1.1 -1.1 -1.1 -1.1 -1.1 -1.1 -1.1 -1.1 -1.1 -1.1 -1.1 -1.1 1.6 4.5 10 19.6 29.9 40.5 48.6 49.6 52.6 56.9 65.2 79.9 83.9 94.1 103.7 109.3 112.9 99.6 115.8 121.4 123.1 127.2 136.7 143.9 154.7 160.2 169.3 180.1 185.1 179 184.6 180.9 181.4 176.2 169.7 165.7 167.1 157.2 148.8 138.7 130.9 118.4 109.9 97.5 76.9 62.1 60.2 54.8 53.4 49.5 48.5 43.1 50.8 51.9 55.6 64.4 68.3 71.3 76.5 72.8 72.1 70.5 50.9 23.6 13.9 9.3 7.5 -1.1 -1.1 -1.1 -1.1 -1.1
-1.1 -1.1 -1.1 -1.1 -1.1 -1.1 -1.1 -1.1 -1.1 -1.1 -1.1 -1.1 -1.1 2.3 6.8 18.3 31.6 40.1 46 40.8 41.5 51.7 61.1 74.5 83.2 93.3 106 111.2 104.4 100.3 101.7 112.4 111.1 128.2 135.5 144.6 156.1 166.4 170.2 177.3 181.4 176.5 172.4 180.8 181.8 173.4 173.7 169.8 161 156.5 147 138.6 128.4 113.3 106 95.5 76.9 65.5 53.7 51.8 48.6 47.2 45.8 43.1 49.4 48.7 53.9 65.3 66.9 75.4 77.2 73.6 75.1 64.2 45 23.3 16.5 10.9 -1.1 -1.1 -1.1 -1.1 -1.1 -1.1
-1.1 -1.1 -1.1 -1.1 -1.1 -1.1 -1.1 -1.1 -1.1 -1.1 -1.1 -1.1 -1.1 1.1 5.1 18.3 34 38.1 31.1 32.9 36.2 44.4 57.3 68.6 79.3 93.9 105.7 100 99.6 100.3 90.6 97.5 102.6 119.2 134.1 142 152.9 167.3 166.1 166.9 167.2 166 167.8 175.9 168.4 168.3 170.3 166.2 158.7 147.7 145.4 135.3 124.8 108.8 98.6 90.2 72.9 60.4 54.8 51.9 48.5 45.9 43.8 42.9 44.4 49.2 57.7 64.3 63 76.1 74.6 75.9 76 62.7 36.2 23.7 14.4 7.9 -1.1 -1.1 -1.1 -1.1 -1.1 -1.1
-1.1 -1.1 -1.1 -1.1 -1.1 -1.1 -1.1 -1.1 -1.1 -1.1 -1.1 -1.1 -1.1 1.6 5.1 11.6 22.9 23.7 22.5 25.5 32.4 43.5 55.3 65.7 78.5 87.4 91.6 92.7 92.9 94.7 87 86.7 90.2 111.8 128.4 141.2 151.5 157 157.4 154.8 154.4 155.8 160.5 163.4 156.7 159.4 153.4 153.8 145.2 138.3 134.2 130.9 121.1 107.3 97.6 88.8 71.5 55.8 51 48.8 46.2 44.1 43.3 42.6 44.9 49.9 55.8 57.7 60.7 75.6 77.7 78.2 76.7 54.7 35.1 21.6 11.4 8.3 -1.1 -1.1 -1.1 -1.1 -1.1 -1.1
-1.1 -1.1 -1.1 -1.1 -1.1 -1.1 -1.1 -1.1 -1.1 -1.1 -1.1 -1.1 -1.1 2.4 5.5 6.3 8.6 10 11.1 21.6 33.3 41.6 56.8 62.9 69.1 74.5 83.1 85.4 85 82.6 80 81.5 83.5 96.4 116.1 135.4 147.5 141.8 144.7 144.3 143.3 142.9 146.2 147.4 145.6 144.9 137.2 136.8 132.6 131 121.4 117.8 110.9 101.1 90.6 84.9 71.7 57.5 48.7 46.7 43.5 42.3 42 42.7 44.3 45.1 53.9 55.1 62 73.6 79 78.5 75.5 44 33.4 21.4 9.7 -1.1 -1.1 -1.1 -1.1 -1.1 -1.1 -1.1
-1.1 -1.1 -1.1 -1.1 -1.1 -1.1 -1.1 -1.1 -1.1 -1.1 -1.1 -1.1 -1.1 3.7 3.1 3.3 5 6.1 11.5 19.1 37.5 49.4 52.1 60.6 64.8 69.3 74.8 77.8 77.1 73.8 76.3 81.5 78.2 84.7 97.5 124 132.8 131.8 130.7 132.1 127 128 133.5 134.3 133.3 131.3 131.1 128.4 123.3 117.5 110.4 104.4 99.3 91.5 83.4 76.5 68 56.7 47.4 43.7 42.3 40.9 46 43.7 42.6 44.4 49.7 54.2 60.1 71.9 80.5 80.4 68.1 39.4 30.7 9.5 7.9 -1.1 -1.1 -1.1 -1.1 -1.1 -1.1 -1.1
-1.1 -1.1 -1.1 -1.1 -1.1 -1.1 -1.1 -1.1 -1.1 -1.1 -1.1 -1.1 -1.1 -1.1 -1.1 1.6 2.3 7.1 10.1 20.2 37.5 44.9 53.1 61.6 64.5 65 68 67 67.9 69.5 76.3 80.5 76 74.5 79 100.3 111.9 122.1 123.8 118.3 114.9 116.5 121.4 127.1 127 130.6 128.3 126.1 120.8 109.3 100.3 95.2 86.6 80.7 76.1 69.4 61.7 57.3 51.9 41.8 41.7 40.9 43.9 45.2 45.2 56.1 54.9 58.1 58.8 70.9 80.1 80.7 61.5 38.2 21.5 8.2 -1.1 -1.1 -1.1 -1.1 -1.1 -1.1 -1.1 -1.1
-1.1 -1.1 -1.1 -1.1 -1.1 -1.1 -1.1 -1.1 -1.1 -1.1 -1.1 -1.1 -1.1 -1.1 -1.1 -1.1 2.1 7.5 9.7 18.7 34.2 48.8 53.7 58.9 66.8 62.7 56.8 57.4 59.9 67.6 75.1 76.7 70.6 74.2 73.3 74.2 89.1 108 113.2 106.3 104.4 104.4 112.3 123.2 126.5 129.2 125.9 119.4 113 105.6 94.7 88 80.6 74.1 68.4 60 55 53.3 53.8 43.1 39.4 44.8 46.5 47.2 50.1 64.5 67.5 59.9 60.6 68.6 78 76.3 59.7 39.8 15.3 8.1 -1.1 -1.1 -1.1 -1.1 -1.1 -1.1 -1.1 -1.1
