Assets/StreamingAssets/GeoData/Data/nm/NM75.asc
ncols 200
nrows 200
xllcorner 170000
yllcorner 750000
cellsize 50
[rows 105 to 139 of 200, columns 0 to 77 of 200]
349.1 353.7 352.5 343 324.6 312 310.4 308.4 304.7 299.1 292.4 289.7 290.5 288.4 290.7 285.1 282.6 281.4 285.5 285.8 282.1 281.4 277.4 277.4 279.3 263 251.1 238.9 239.4 247.8 252.8 245.3 241.5 235.3 238 231.7 219.3 222.3 228 228.3 225.7 209 196.3 197 200.5 206 213.6 225.2 230.7 239.1 235.2 229.8 227.3 230.5 225.8 221.4 218 216.8 202.1 190.6 186.4 169.9 154.8 145.6 131.9 127.9 128.4 128.6 129.8 130.4 132.1 130.9 130 131.7 133.1 140.7 143.8 153.9
348.8 351 351.6 339.1 322.2 306.2 304 301.8 299.1 297.6 289.3 281.7 283.4 280.3 277.7 272 273.5 272.1 277 275.9 268.8 271.8 267.3 268.2 266.8 252.9 240.6 230.8 218.2 220.1 229.2 225.9 222.6 218.5 215.2 209.5 209.5 210.7 210.9 212.8 207.4 191 187.3 197 197.4 202.6 204 211.8 216.7 223.1 225.6 223.6 219.3 222.4 221.5 214.7 211.7 208 198.4 183.1 178.7 164.8 151.1 141.7 130.4 128.8 129.1 129.3 130.4 131.1 132 131.6 131.3 133.5 137.9 143.7 150.8 164
341.3 344.5 343.7 335.8 322.9 309.7 302.6 297.4 295 292.5 286.5 275.6 275 270.8 269.2 264.9 264.5 264.3 263 260.9 256.1 256.7 258.5 254.6 251.6 241.4 232.8 225 213.4 202.2 206.1 209.9 199 199 193.3 196 199.3 195.7 197.9 193.7 188.8 172.7 183 191.5 197.4 198.3 205.9 207.8 211.9 210.8 217 217.3 213 215.9 217.6 209.2 202.6 198.1 192.9 176.4 168.8 155.8 147.4 137.1 129 127.3 129 128.8 129.7 131.3 131.6 132.1 132.5 135 140.2 148.9 155.6 164.4
343.2 339.4 335.5 326.3 317.1 307 301.5 284.4 278 282.2 279 269.4 265.1 261.6 258.4 255.1 254.5 259.2 258.6 253 249.9 245.6 246.3 240.8 241.5 228.1 222.6 216.9 206.1 197.5 190 185.2 186.1 188.4 189 189.7 185.5 184.2 175 173.2 179.7 158.7 182.2 188.6 193.8 196.4 196.8 201 201.1 205 210.8 210.9 205.3 211.7 211.7 207.5 197.7 192.1 186.8 167.9 156.9 149.1 140.6 131.2 129.7 128.1 128 127.7 128.9 130.6 131.1 132.6 134.5 141.4 146.8 155.2 162.2 168.3
350.5 346.5 340 333.6 319.4 308 304.9 302.1 295.3 288 276.9 267.8 254.2 250.6 246.9 243.5 240.5 244.6 247.2 242.8 239.5 235.9 233.9 233.9 232.8 218.5 213.6 206.7 199.2 191.8 186.3 180.7 172.8 175.1 177.9 178.2 173.6 172.6 163.8 163.8 164.2 157.1 177 182.2 188.8 189.5 198.1 199.1 198.9 200.9 202.2 206.2 197.9 206.7 205.3 199.9 195.3 186.7 174 159.9 148.8 143.6 136.9 127.9 127.6 128.6 128.3 128.1 128 128 131.5 133.5 141.2 148.4 159 164.8 168.5 175.2
351.5 349.9 341.1 332.2 322.7 307.5 308.2 308.3 306.3 300.1 290.1 282.9 277.1 268 256.3 249.1 243.7 236.9 226.7 231.3 230.5 223.4 218.9 221.6 224.6 211.5 209 202.8 195.7 189.5 188.3 179.8 171.7 160.5 162.2 166.3 166.6 156.5 153.9 156.6 159.8 161.5 171.6 175.1 181.9 185.2 193.2 199.7 196.5 195.6 199.7 196.5 190.2 200.9 198.8 195 190 183.4 168.5 148.4 142.2 138.2 130.8 128.6 127.7 127.4 127.7 128.2 128 128.4 131.8 137.1 146.7 155.8 173.1 184.5 185.3 187.5
352.3 348.3 342.2 335.3 328.6 311.9 309 309.2 310.8 311.5 299.2 290 290.5 286.4 281.6 268.7 251.5 243.2 243.6 239.3 230.2 227.8 221.6 212.4 209.3 206.2 204.5 200.2 192.8 188.2 184.1 179.2 169 162 150 152 154.7 147.4 152.2 152.2 155.4 159.9 169.4 170.6 173 178.7 186.3 197.7 192.9 191.7 191.8 189.9 186.4 192 198.4 188.9 181.4 175.1 163.2 148.7 137.2 134.5 130.3 127.7 128.4 128 128.2 128.1 127.9 128.4 134.4 142.1 153.3 163 182.2 199 200.1 203.5
353.7 352.7 346.1 338.6 329.8 319.6 316.3 309.7 311.1 310.2 305.4 298.3 295.5 296.1 297.8 289.1 276.9 262.6 254.2 245.2 238.4 241.8 237.3 236.6 217.3 207.4 199.5 190 188.3 189.7 186.4 172.6 166.8 158.9 146.9 143.3 141.6 141.8 143.2 146.9 148.6 159 165.7 167.4 166.5 169.4 178.8 187.8 186.2 187.3 184.8 185.4 182.1 182.8 187 182.2 173 166.9 154.5 143.9 133.9 130.7 129.1 128 132 129.9 127.9 128 128.7 130 135.7 147.5 156.5 172 179.6 199 208.1 211.4
352.7 365.2 351.9 347 333.3 320.1 327.5 312.8 308.9 313.2 316.1 311 307.5 300.3 300.6 301.1 295.4 278.6 269.6 256.6 243 236.9 234.8 232.7 219.6 210.9 203.7 194.4 188.2 181.6 181 172.3 163.7 150.8 151.3 142.7 138.5 138.3 138.5 141.6 141.1 154.3 160.4 160.9 162 165.6 170.5 175.5 180.4 181 177.7 181.2 177 174.6 174.7 172.6 162.7 159.3 148.3 140.8 135.4 130.9 128.6 128.7 130.6 131.6 128.3 129.4 130 132.2 144 157.1 180.3 184.6 190.3 207.2 221.1 221
350.3 356.4 351.2 349 341.1 321.2 324.3 313.6 309.1 310.6 318.6 331.7 322.7 316.2 309.8 313.3 317.9 294 287.1 274.8 254.8 237.8 232.8 230 219.3 213.9 202.5 194.3 189.7 185 178.1 169 159.7 157.8 149.3 142.7 136.9 134.6 133.2 138.2 134.9 147.4 154 154.3 158 161.1 166.2 172.2 176.8 173.7 173.3 175.8 168 168.6 165.8 162.9 153.7 148.7 145.8 140 135.6 129.9 127.6 128.5 129.4 131.3 129.4 130.9 131.5 137.4 151.4 169.7 189 192.7 203.4 220.8 228 232.4
349.4 356.5 349.5 346.4 346.5 327.5 317.8 308.3 305.7 305.7 311.6 331.4 338.4 329.6 324 321.9 324 314 299.7 290.8 272.9 246.7 234.7 228 219.5 214 204.4 200.7 195.1 191.1 182.6 173.9 171.8 163.1 153.3 144.6 138 133 132 133 131.2 143.4 147.7 154.1 155.6 158.3 162 168.7 167.7 169.4 170.6 173.5 160.3 159.9 158.7 153.7 144.4 139.8 142.2 140.6 135.7 132.3 128.5 127.7 129.2 131.6 130.1 131.5 135.1 145.9 158.4 180.9 192.6 197.8 215.8 232.2 236.4 240.6
349.4 350.3 345.2 339.7 338.4 326.2 311.8 307.7 305.7 305.7 307.2 328.5 341.9 338.8 334.2 332.7 329.2 324.7 313.5 309.1 287.8 260.4 243.6 232.4 219 212.2 209 205.8 198 190.4 181.6 174.3 170.9 164 155.3 147 135.3 131.7 129.8 128.2 130.1 136.6 146.2 150.2 153.2 157.5 159 163.8 162.2 164.4 162.7 165.2 153.5 150.6 149.3 144.4 137.2 140 140.4 138.8 137.1 133.5 128.1 128.3 129.9 131.5 131 132.7 143.1 151.6 174.1 184.4 198.4 204.9 217.9 227.6 240.3 248.3
339.9 346.9 344.7 338 330.7 324.4 310.8 313.2 305.7 305.7 311.2 317.7 335.6 343.4 345.3 346.1 341.3 333.9 335.1 322.1 307.3 276.9 257 241.7 228 218.3 211.1 205.7 201.5 194.5 188.3 177.9 170.7 163.1 154.2 146.1 136.6 132.4 130.8 130.4 127.5 132 143.6 151.8 149.2 151 155.8 159.5 157.6 161.3 157.1 151.6 144.7 145.4 141.8 136.9 134.7 138.8 139.2 136.6 133.7 128.6 128.3 128.4 132.8 133.6 132.8 138.4 149.1 161.3 179.6 187.2 195.8 211.2 227.5 239.4 253.2 270.3
343 347.4 346.2 337.9 327.9 327.2 309.1 309.5 305.7 305.7 309.3 319 327.6 338.1 347.3 346.9 348.1 343.8 342 335.5 320.9 297 277 258.6 246.2 233.5 222.7 215.2 205.6 195.9 189.6 181.3 176.5 167.4 157.3 146.1 136.2 131.8 130.9 130 125.7 126.2 140.8 150.6 143.8 145.6 149.1 152.4 154.7 158.1 153.7 144.2 141.1 145.9 138.5 133.7 132.9 134.3 132.7 131 129.7 128.2 128.3 128.1 128.8 132.6 138.6 149.4 155.9 172 184 196.3 210.1 229 241.8 251.6 265.7 288.9
334.8 342.9 345 336.1 325.1 325.3 310.8 307.2 308.3 308 309.1 311.8 333 335.5 343.1 341.9 342.5 345.4 348.1 346.4 332.1 314.8 304.3 286.3 267.8 251.2 238.7 231.7 225.6 206.7 189.6 180.5 173.3 164.6 156.6 149.4 137.8 130.8 128.7 127.8 124.9 125 129.8 133 136.7 136.4 139.7 140.9 145.4 149 144.2 135.1 136 139.8 130.1 127.7 129.1 127.2 128.8 129.5 128.1 127.8 127.2 127.1 131.1 133.4 144.2 152.8 162 176.7 195.8 210.6 228.5 254.6 254.5 266.9 284.2 305.4
327.9 339.5 341.9 335.7 324.4 315.3 311.4 311.7 308.7 307.8 316.5 313.6 321.9 332.5 335.4 342 339.3 344.5 351.3 347.7 338.6 330.1 317.5 311.4 290.5 270.9 253.5 249.5 243 225.3 207.7 197.6 177.9 173.4 163.9 151.2 138.5 132.7 129.7 127.1 124.1 124.2 123.7 127 129.4 131 133.7 135.4 138.4 146.3 133.7 130.3 130.6 132.3 122.5 122.6 132.2 131.9 131.5 132.1 128.1 127.2 128.1 128.4 130.8 135.8 147.8 155 168.3 199.6 216.9 224.3 240.3 260 265.7 282.4 294.7 320.2
317.9 332.3 334.7 331.2 322.4 314.6 313 314.1 309.6 307.5 307.4 314.2 316.6 326.8 334.4 335 336.6 338.6 341 339.7 338 334.2 333.1 317.3 303.1 291.8 266.6 261.9 251.6 239.8 223 210.5 196.7 179.4 165.8 155.6 148.6 139.9 131.8 128 124.1 123.5 123.1 122.8 122.9 124.9 125.9 128.7 131.7 130.2 128.5 125.6 122.9 123.6 120.7 129.7 133.8 134.1 134.3 135 129.6 128.5 129 129.4 131.4 141.3 153.2 172 182.5 216 236.1 241.8 255.5 265.4 281.3 301.8 311.5 332.8
307.8 313.8 318.9 324.9 318.3 315.7 311.7 311.9 308.6 305 305.7 316.3 323.8 329.5 329.3 333.1 334.2 335.6 338.3 341.9 336.4 334.1 333.4 320.6 309.5 296.7 276.9 267.4 255.1 241.8 227.5 216.8 205.2 192.5 181.2 161.4 148.8 142 133.7 127.8 124 122.9 122.5 122.3 122.1 121.7 125.1 124.3 126.3 125.6 126 124.7 123.9 120.2 122.4 126.2 131.3 137.3 136 140.5 133.2 129.5 130.1 131.5 132.3 145.5 166.7 190 197.9 231.8 242.4 256.5 261 276.5 291.5 307.6 319.8 336.7
288.7 300.4 317.6 324.4 314.8 313.7 308.5 306.7 306.3 302.1 303.7 312 321.3 327.3 336.7 336 337.1 336 338.1 339.5 335.7 334.7 332.7 325.8 313.1 299.6 282.8 274.9 267.1 253.5 240.1 225.6 214.4 199.9 186.1 172.2 161.1 147.1 134.4 125.3 123.6 122 122 121.8 121.6 120.8 121.7 126.6 126.4 122.7 123.3 123.4 121.9 119.4 122.5 124.4 127.6 135.1 139 136.6 134.6 130.8 132.7 134.6 140.6 156.2 179 196 214 237.5 256.1 269.7 273 288.8 303.9 316.6 327.3 341.1
281.5 287.7 305.3 308.3 305.9 307.6 298 296.6 302.7 294 300.5 306.6 314.7 324.8 338.1 342.6 342 339.6 339.1 339.6 339 333.6 329.3 321.6 312.4 300 283.7 280.6 271.5 265 245.7 234.8 228.7 212.5 193.3 181.6 166.1 155.7 144 131.2 122.6 121.4 121.5 121.4 121 120.4 120.6 126.5 122.2 121.4 120.4 120.8 118.6 120.2 121.8 125.7 125.9 130 135.9 135 133.5 132.9 134.6 139.7 150.5 171.9 197.8 206 229.9 252.7 266.2 280.7 288.5 298.3 315.6 324.8 340.7 349.8
272 277.3 286.5 289.7 298.5 297.8 288 285.3 288 286.8 295.2 300.9 309.4 326 337 346.7 347.9 348.6 339.7 341.7 346.2 338.3 331.6 321.8 312.1 299.6 283.5 276.6 267.5 263.8 243.2 235.4 223.3 205.4 192.9 182.7 171.3 158.9 147.6 133.3 123.4 121.5 121.2 121.1 120.6 120 119.8 120 119.4 118.5 118.1 122.1 123.3 122.5 124.1 127.2 129.1 127.4 128.7 133.3 134 142.3 153.2 156.8 163.5 185.9 210.1 226.2 251.3 263.7 280.9 291.3 301.5 316.8 329.1 337.7 348.8 357.6
261.8 267.2 278.5 280.9 282.9 275.4 274.2 273.9 273.1 281.7 286.2 299.6 311.1 322.2 342.4 344.8 345.1 346.7 337.2 335.6 342.8 339.5 333.1 320.8 313.5 300.5 281.3 273.7 260.1 253.8 235.3 226.8 213.6 199 189.8 178.2 166.1 155.5 146.2 135.3 124.4 120.8 120.8 120.7 120.2 119.8 119.5 119.4 118.5 120.7 121.2 124.2 127.8 122.3 128.3 129.3 131.1 132.6 135.8 142.5 140.1 150.7 161.3 168.6 177.5 193.1 221.7 243.3 259.9 274 289.8 301.9 315.3 332.2 340 354.5 362.4 370.1
250 254.3 261 263.6 264.6 262.7 261.3 259.7 264.7 278.2 286.2 297.7 310.6 320.5 334.7 331.3 333.5 332.7 334 328.8 330.8 330.6 325.7 320.3 312.9 295.4 275 272.3 254.3 244.3 229 220.4 207.8 193.9 184.6 176.5 158.5 147.7 142.2 130.2 122.9 121 121.1 120.8 118.7 119.4 119.3 119.1 118.1 120.9 123.1 126.1 123.8 123.1 130.5 133.6 134.6 136.9 144.2 146.9 147.4 157.4 170.1 186.1 197.5 200 230.6 252.2 267.5 281.4 291.8 309 324.7 343.9 351.7 365.3 370.3 377.8
238.5 244.8 249.2 255.4 257.2 253.3 252.8 255 263.7 275 284.5 294.6 303.7 308.8 320.3 320.1 326.7 328.4 334.7 333.4 319.7 320.5 317.8 314.2 306.1 292 270.7 263 249.5 234.3 223.8 216 204.3 191.1 179.5 167.5 152.9 144 135.5 121.5 120.6 121.7 121.8 126.4 124.1 119.5 118.7 118.2 118.3 120.8 123 125.6 124.3 123.6 133.8 139 145.5 155 160.4 151.4 154.3 163 185.2 199.8 212.6 218.9 232.1 257.4 272.3 284.3 300.3 318.8 332 352.4 365.3 375.4 380.9 384.9
241 246.5 247.1 248 246.9 245 243.8 252.7 262.3 278.3 289.1 290.7 298.4 305 311.5 317.6 321.7 324.4 327.1 323.2 318.7 312.2 309.8 302.2 299.2 283 264 255.2 247.3 230.3 219.2 213.3 199.6 188.9 177 159.6 148.8 139.2 125.9 119.8 120.8 121.8 122.4 122.4 119.3 119 118.1 119.4 121 122.1 123.3 125.7 126.9 125.2 137.6 143.9 153.6 159.8 160.7 159.3 159.2 175.6 194.9 214.8 227.8 237.2 244 267.1 289.1 294.5 314.4 329.6 343.5 360.7 376.6 383.3 389.5 391.9
236 248 244.7 241.5 242.3 238.1 242 247.3 255.7 277.6 287.1 290.3 291.6 301.8 304.2 307.9 313.9 312.4 317.7 320.9 320.2 314.7 305.8 296.4 287 269 256.4 249.6 240.7 225.8 218.7 210.2 196.5 184.9 171.6 159.3 143.4 132.2 121.2 119.7 120.7 121.8 123 120.5 118.1 117.8 117.7 120.2 121.7 123.1 124.9 126.7 132.3 129.7 136.2 148.2 156.3 159.6 161 165.2 168.5 195.2 216.8 237 243.6 264.8 261.3 278 292.7 306.3 321.2 338 355.3 370.5 387.6 395.9 396.6 400.4
232 240.5 236.7 232.4 229.1 232.2 237.1 242.5 251.5 270.5 280.9 282.8 283.5 290 292.1 302.3 309.7 306.5 309.5 325.7 329.5 328.1 306.8 285.1 274.7 255.4 248.1 240.8 231.1 220.8 219.4 211.3 195.7 179.3 166.1 150.9 137.4 128.1 120.7 119.5 121.1 122.1 121.8 117.4 118.1 118.6 118.8 120.8 122.2 123.6 125.3 132.4 132.7 132 141.2 148.8 152.6 157.8 166.9 173.9 181 208.8 228.1 248.7 253.9 277.7 283.6 287.6 296.6 312.9 329.1 343.9 358.6 375.1 393.5 400.7 405.7 406.4
227.7 232 226.8 224.7 215.3 227 232.5 235.5 247.1 261.3 271.4 273.2 280.7 283.2 284.7 293.8 293.8 296.1 304.9 317.9 326.5 330.9 314.9 288.6 261.7 246.3 240.1 235.4 229 214.3 212.7 207.5 187.6 172.5 154.9 143.6 137 126.8 121.7 119.6 121.4 122.3 118.8 117.5 118.1 118.9 119.7 120.9 121.7 124.5 127.3 131.4 135.1 134.5 144.4 147.7 156.2 164.6 170.4 173.7 193.9 216.7 232.8 252.4 263.6 287.7 297.4 293.9 299.4 319.7 337 349.6 361.3 377.4 390.1 398.1 407.5 413.1
220.3 219.8 217.8 216.5 209.2 222.6 225.2 229.2 236.7 245.1 259.6 262.3 268.5 271.3 276 277.1 278.9 297.8 310.1 313.4 322.3 324.6 315 284.6 261.9 240.2 236 230.4 222.3 207.9 201.5 192 181.9 160.5 147.1 140.2 136.8 124.3 119.6 118 118.6 116.9 118.1 118 119.3 119.4 120.4 122.9 124.4 123.4 124.8 130.5 133.7 137 146.1 152 155.5 165.4 171.2 182.7 208 221.8 241.3 254.2 270.2 289.9 306.1 305.7 316.1 322.8 337.3 352.6 364.2 373.8 388.2 396.6 403.9 411.1
217.2 214.9 214.4 212.6 206.4 216.5 218.3 221.6 231.6 234.7 247.5 254.8 261.5 262.3 267.6 268.8 280.6 296.9 311.7 306.4 310.7 311.7 303.5 274.9 250 233.9 229.5 224.4 209.6 197.2 192.2 179.9 170.3 149.6 140.5 133.6 120.9 117.3 117.6 117.9 118.4 118 118.6 119.3 121 123 122.2 124.7 126.9 126.8 125.5 126.5 130.8 138.3 144.2 152.5 161.6 169.3 178.5 193.1 219.4 230.8 248.5 261.7 276.5 290.6 311 318.8 328 336 346.4 355.4 361.5 369.5 384.1 390.8 406.9 415.8
218.6 213.5 211.8 207.4 204 208.9 214.1 220.1 225 230 242.3 248.7 254.1 256.9 256.9 266.9 282.5 292.6 298.6 295.8 302.5 300.7 292.6 263 242.1 225.6 217.6 216.1 196 188.9 178.6 167.7 152.8 140.4 137.6 127 118.7 118.1 119.5 119.8 120.7 125 121.9 121.1 124 127.6 128.6 130.1 128.4 129.4 127 127.7 130.3 137.5 145.1 154.4 165.7 170.5 194.1 210.1 226.5 236.1 250.2 266.1 281.4 303.3 316.6 325.6 335.8 345.2 349.8 355.8 363.4 369.2 383.5 392.5 402.1 412
218.6 213.6 211.2 205.5 202.5 203.1 209.1 215.7 219.4 224.7 237.6 244.8 248.8 251.9 257.3 267.2 278.4 287.2 289.5 286.1 289 286 272 255.8 238.2 216.3 207.4 199.4 184.6 174.3 163.3 156.4 140.9 135.1 128 124.7 116 118.3 119.9 122.3 125.9 129.5 128.3 128.5 134.6 137.9 137.3 140.1 133.7 132.4 132 129.6 133.3 135 145.2 156.3 167.8 182.7 202.7 215.4 231.2 252.3 258.2 265 280.5 309.2 322.4 335.7 342.6 350.2 358.9 365.2 375.3 387 394.9 393.8 401.2 409
215.4 212.8 210.6 204.8 202.5 202.5 202.5 208.4 215.3 221 231.8 241.5 243.5 253.5 263.9 268.4 278.9 283.8 284.7 282.7 279.2 270.5 262.7 249.3 231.6 211.5 189.2 181.4 171.7 158.4 149.6 141.6 130.7 127 124.9 122.2 115.9 118.4 119.9 124.4 128.6 132.5 136.2 140.7 143.9 150.4 149.5 149 141.7 138.3 133.7 134.3 141.6 136.7 149.1 154.9 169 192.2 210.8 229.1 237.7 253.5 263.9 272.8 286.7 310 324.7 340.4 351.2 355.9 366.7 373.7 384.4 393.1 401 405.1 405.2 414
215.5 214.1 211 207.5 202.5 206.6 202.5 203.6 211.3 217.3 221.8 231.1 239.1 253.6 268.1 268.4 272 272.4 273.9 279.1 269.1 261.6 255.5 239.4 225.4 207.5 182.7 165.9 152.5 143.2 136.4 129.1 123.4 122 123.4 121.3 116.3 118.3 122.3 125.5 131.6 135.2 141.7 145 150.3 155.9 156.6 150 146.1 146.6 142 144.2 145.6 144.8 151.3 155.3 173.6 197.5 216 229 245.5 258 269.5 278.5 297.6 321.5 334 352.4 357.5 367.2 370.1 380.1 391.1 400.9 406.4 407.6 410.8 419.9
219.1 215.4 210.1 205.5 202.5 202.5 202.5 204.4 211.6 220.2 222.9 228.9 242 249 257.5 259.8 259.8 263.1 267.1 265.7 261.8 250.3 245.8 234 219.7 197.7 177.1 158.4 141.2 128.9 123.5 119.7 117.7 118.4 119.6 116.2 115.9 118.6 122.3 128.2 133.1 140 143.6 151.4 153.4 156 155.7 155.3 158.5 155.3 153.6 154.3 156.5 151.2 152.2 156.5 178.7 199.5 215.9 229.9 250.8 264.4 277.8 286.4 312.7 333.8 348.4 361.5 370.9 375.1 379.5 381.4 389.2 401.5 412.3 413.1 420.1 423.9
