Assets/StreamingAssets/GeoData/Data/nm/NM77.asc
ncols 200
nrows 200
xllcorner 170000
yllcorner 770000
cellsize 50
[rows 70 to 104 of 200, columns 0 to 78 of 200]
292.4 297.3 300.2 302.8 302.8 302.8 314.1 320.6 322.6 327 330.7 323 318.8 308.7 305 317 315.3 309.2 315.2 332.2 348.4 352.2 375.3 379.4 368.5 374.9 366.9 365 376.6 368.1 360.9 362.3 362.5 354 341 338 332.4 336.7 334.9 340.3 341.5 332.9 316.6 296.4 280.6 274.5 271.7 266.8 278.9 292.9 304.5 325.6 338.3 346.6 368.5 391.9 407.9 412.5 420 430.7 443.9 465.4 476.5 489.1 498.4 497.9 502 501.3 486.4 470.4 452.6 460.8 472.4 474.2 487.3 495.3 506.9 519.9 511.4
289.2 303.5 300.7 303.9 305.9 310.3 318 326 325.5 332 334.2 327.6 324.7 315.1 309.5 320.9 319.5 319.2 325.7 346.5 353.3 359.7 377.9 379.9 382.8 382.1 374.4 371.8 371.8 363.8 362.3 368.8 371.9 357.2 343.6 341.2 331.5 322.7 327.5 337.9 336.4 325.5 312.9 294.7 284 283.1 278.9 273 271.9 284.2 296.1 316.3 332.7 344.9 363.3 386.7 405.4 409.2 420.5 427.5 445.6 462.3 474.7 492.3 505.7 510.4 522.6 532.6 518.7 504.9 492.5 494.4 497.2 498.5 517.4 520 534.7 551.6 549.5
282.1 299.9 303.1 306.1 308.9 312.4 323.4 332.8 327.9 331.6 332.7 332.3 329.6 318.3 319.3 322.9 326.8 333.3 339.4 353.8 356 363.1 373.9 377.9 390.3 388 382.9 374.2 370.5 371 363.5 372.1 373.3 370 350.4 348 337.1 323.9 322.7 329.3 334.6 318.6 310.6 298.9 285.9 283.9 278.8 277.7 272.6 274.1 292.1 308.4 326.6 340.7 358.9 380.7 396 406.9 420.7 430.6 443.6 460.4 473.2 492.1 504.3 514.7 527.3 540.5 549.7 541.7 520.7 525.4 522 526.5 545.6 553.1 571.2 591 593.3
280.1 301.1 306.3 314.4 312 315.1 330.3 336.6 331.4 333.5 334.4 335.7 330.8 321.9 325.1 327 335.1 342.2 349.6 366.3 365.2 358.5 378.2 385.1 398.6 404.4 390.9 378.6 376.4 378.6 368.8 378.6 381.7 372.8 353.9 344.9 338.6 326.2 322.7 325.6 329 316.8 312.4 297.8 287 283.2 277 278.7 278.1 282.8 294.9 304.1 321 339.3 360.4 377 388.6 399.9 414.4 427.5 443.3 452.8 465.3 481.9 499.3 511.5 526.3 544.3 557.6 572.9 556.6 557.8 561.8 566.8 586.1 595.6 608.8 633.6 627.6
291.1 297.2 315.9 310.6 315.8 322.6 329.9 335.3 332.9 327.5 334.6 339.4 332.5 325.1 329.3 334.2 341.7 346.2 357.6 374.1 373.1 364.4 379.5 394.8 404.5 406.2 395.6 381.2 385.1 380.8 373.4 379.4 380.8 372.6 355.5 344.4 338 326.6 324.6 323 325.5 317.8 316.1 306.6 285.3 283.1 276.7 282.2 277.2 292.3 304.7 314.1 319.3 337.7 357.7 376.3 383.3 394.8 409.2 424.6 439.7 447.5 460.8 479.1 490.3 509.1 522.6 542 559.9 582 582.3 595.7 595.8 611 628.9 633.7 641.8 656.9 663.4
314.5 309.3 309.5 307.3 306.9 318 320.6 322.6 323.4 321.4 333.2 340.4 334.8 326 333.3 342.7 345.9 352 363.8 377.6 379.4 365.6 380.6 399.4 413.9 413.7 399.1 390.4 392.1 385.1 383.2 378.9 381.8 374.3 359 350.3 343.8 333.1 326.2 325.4 320.2 313.3 312.6 296.7 287.7 281.8 279.7 282.5 287.9 306.6 312.6 319.3 326.8 336.9 359.6 374.2 383 395.6 409.4 424.6 433.4 443.4 453.4 471.6 482.7 504 519.8 538.5 557.4 575.8 591.6 606.2 601.9 614.1 633.7 641.9 653.7 666.2 678.8
324.4 323.6 321.1 312.3 317.9 309.7 309.7 309.7 317.5 317.3 325.3 333.8 335.5 326.5 334.1 346.1 351.6 355 371.8 384.4 387 372.5 383.9 404.1 419.1 411.6 400.8 402.6 395.3 390.1 394.5 382.7 377.1 373.8 366.7 351.9 336.4 330.4 326.8 326.4 325.8 309.7 308.9 303.3 292 284.8 280.6 282.4 299 311.6 319.7 329.1 346.9 344.6 354.4 369.7 382.4 394.8 407.7 422.3 426.7 438 447.6 464.4 474 495.8 517.1 537.2 554.8 574.6 589 595.8 592.2 603.3 621.6 635.4 646 658.7 676
322.7 331.3 335.3 322.8 328.5 319.4 309.7 309.7 309.7 310 314.6 321.2 330.3 326.2 334.9 347.5 351.7 355.6 371.9 388 393 378.5 388.4 409.6 419.2 409.7 406.5 403.7 399.5 398.6 404.1 393.7 377 368.8 359.7 346.2 336 333.6 328.4 326.9 324.5 311 308.9 303.1 294.9 281.8 281.8 282.5 297.6 313.4 321.8 331.6 353.6 352 351.6 364 374.7 387.5 399.7 416.3 421.8 432.2 448.2 458.2 471.7 488.9 506.2 528 548.8 567.1 580.7 585.8 578 589.6 609.5 627 640.2 657.4 671.4
328.8 330.8 339.1 343.8 344.4 326.6 311.8 309.7 311.3 309.7 309.7 313 327.8 322.8 324.6 339.4 346.8 354.9 370 388.8 395.2 381.8 387.7 408.8 416.6 410.8 407.7 407.3 404.5 405.3 409 395.3 386.7 373.9 362.5 351.2 341.3 336.1 330.6 329.4 324 311.2 309.6 306 299.2 289.6 282.8 284.5 296.5 311 318.5 329.8 353.9 355.2 353.2 364.3 369.3 377.9 393 407.1 416.2 426.6 440.9 449 464.9 482.3 499.1 516.6 539 556.8 571.1 574.3 568.1 576.6 604.3 621.5 641.5 657.1 670
336 339.4 337.9 353.8 353.9 338.9 313.7 313.5 324.9 322.4 312.2 312.7 318.6 319.1 323.2 334.8 343.7 349.5 370.6 389.8 394.2 384.7 391.1 406.8 415.5 414.7 405.8 408.4 407.4 411 412.3 400.2 392.1 378.3 364.1 357.5 345.1 337.8 337.3 333.5 322.9 313.1 312.3 308.4 299.7 295.9 289.1 285.5 299.1 306.2 313.4 326.4 351.3 352.8 353 361.4 364.7 373 387.9 401.2 410.5 417.3 430.1 439 452.3 465.7 489.1 506 527.5 544.2 560.8 563.6 566.2 573.8 609.1 639.7 662 681.9 693.5
340.2 343.3 340.5 356.5 359.7 346 320.2 323.6 330.8 338 328.6 317.9 317.2 320.2 329.2 335.2 342 346 360.4 377.3 384 382.7 398.6 405.4 412.7 412.9 404.4 405.3 408.3 412.5 411.9 401.4 392.3 382.1 367.6 360.3 347.8 339.3 334.3 325.8 321.9 320.1 318 316.9 306.5 297.5 297.9 295.6 298 305.4 306.5 323 343.9 349.2 348.6 354.4 359.3 367.7 382.4 393.6 399.4 407.8 422.9 434.5 448.4 461.9 479.9 502.1 523.7 535.3 551.1 560.7 568.1 572.9 613.6 641.1 662.6 687.2 703.8
340.1 344.8 345.2 356.8 364.2 353.5 330.2 335 348.7 345.5 336.7 323.8 318 328.2 341 352.2 352.5 353.7 366.4 363.6 374.1 377 380.9 400.5 409.4 404.5 399.5 404.4 412.4 414 408.9 402.8 394.2 382.7 369 362.2 349.8 339.5 335.9 325.6 322.8 325.1 320.3 323.4 314.8 309 300.6 299.7 301 304 305 319.1 331.6 340.7 343.3 347.6 354.4 364.6 382.4 385.5 398.7 407.3 422.6 433.7 447.2 455.7 478.5 501.3 521.5 534.5 551.3 565.8 576.4 581.2 609.7 635.8 658.4 678.3 703.4
338.2 346.4 342.9 354.7 365 355.9 346.4 349.8 356.3 368.8 359.1 336.5 333.9 336.4 345.4 360.6 373.9 379.1 363.7 363.6 368 370.2 376.7 382.5 393.9 396.7 395.2 410.1 417 414.7 407.7 401.5 398.4 388.9 387.3 367.5 357.5 352.6 346.7 334.7 334.4 327.2 329.4 330 319.8 313.6 304.7 300.3 299.7 305.4 306.1 322.6 329.7 333.7 341.5 343.9 353.5 360.5 374.9 385.2 396.3 407.3 427.2 435.4 446.5 451.4 477.5 500.7 519.2 535.9 558.8 572.6 583.3 589 600.3 627.9 650.6 676.5 696.2
350.4 347 343.3 344.3 355.5 354.6 349.9 351.3 363.2 373.1 370.2 360.7 368.4 360.7 352.9 362 376.9 383.2 363.8 363.6 375.9 374 378 384.2 380.3 381.7 382.8 398.6 415.5 419.2 410.9 404.6 402.9 394.3 400.4 388.4 376.7 364.3 355.7 350.6 344.4 338.1 333.6 338.7 329.5 324.5 313.2 301 299.8 302.7 307.2 320.9 327.7 336 340.2 341.2 349.7 360.5 372.9 382.8 395.1 407.6 426.2 437.6 443.9 450.3 479.6 505.5 517.3 538.3 556.9 572.5 584 595.8 600.1 623 650.2 675.4 684.2
350.9 345.6 339.8 343.4 356.8 353 349 351.7 359.5 373.5 373.9 369.6 372.1 373.8 375.5 365.9 371.2 376.9 363.6 368.8 384.9 379 379.3 382.9 380.1 380.7 382.8 395.9 404.6 409.6 406.9 405.3 402.9 407.2 409 400 386.7 370 364 352.5 343.8 334.4 337.1 338.6 334.6 334.6 322.7 305.3 300.7 304.8 308 316 325.2 333.8 335.8 340.8 348.1 362.1 370.8 381.7 392.1 409.2 425.9 442.3 445.3 458.7 489.3 515.8 524.7 543.1 558 572.5 583.3 597.1 607.7 619 648.8 671.3 666.4
347.4 344.3 337.5 341.9 350.4 354.2 354 359.7 352.3 360.7 363.2 361.5 368 384.8 395.5 385.9 371.1 368.7 368.2 381.7 384.3 383.5 384.7 382.4 381.3 380.3 380.9 394.5 406.2 410 407.5 404.9 405.3 413.7 411.7 405 399.3 385.4 364.8 359.2 348.2 341 341.8 341.3 342 334.6 323.5 312.4 303.4 305.7 310.2 319.6 330.6 337 338.3 342.3 345.3 356.7 365.1 376.3 391.6 409.1 427.3 446.6 451 465.7 493.3 512.8 527.7 546.7 565 580.9 591.9 598.9 611.7 616.1 634 659.8 650.6
342.9 337.5 337.5 347.3 348.2 350.5 362.5 364.3 353 352 356.4 360.4 364.8 374.5 396.8 400.1 399.4 376.6 382.4 382.7 390.9 391.7 387 381.3 383.1 382.7 381.2 385.8 398.3 405.4 408.5 412.7 410.2 408.9 407.1 403.8 407 386.5 373.3 360.9 349.8 345.6 344 347 343.6 335.7 328 320.1 311.7 309.1 323.2 329.8 334.1 340.9 341.3 345.7 353.5 350 361.4 378.4 394.2 409.2 429 451.9 465.4 475.5 501.7 516.7 535.2 551.1 561.5 582.6 599.6 606.9 616.1 616 611.7 632.3 623.2
344.7 340.6 343.6 353.3 349.3 348.2 362.3 366.2 354.2 348 354.3 357.3 359.7 365.7 383.2 399.7 405.3 394.5 388.8 389.8 389.7 393.5 388.9 382.2 381.4 382.3 381.6 382.8 385.4 391.5 399.3 406.1 412.3 415.3 408 402 391.5 379.3 371.2 358.8 351.3 350.1 353 352.7 345.5 342.1 337.4 328.8 323 313.1 339.6 348.5 341.8 343.6 348.4 355.2 367.3 358.9 359.8 375.8 394 408.4 427.5 456 472.9 484.2 496.3 515.1 534.6 554.5 571.6 586.6 597.4 610.2 617.2 622.1 603.6 600.7 600
341 337.8 344.6 357.3 347.1 347.5 356.9 366.9 360.6 348.9 353.1 362.5 358.6 362.9 379.9 397.8 409 409.3 413.3 394.2 391.1 392.4 389.3 386.7 382.2 382.3 389.3 385.8 390.1 401.4 413.2 421.1 434.5 428.5 413 403 403.5 391.6 373.1 357.4 353.9 349.4 357.2 351.8 347.3 349.7 346.5 335.4 331.9 320.1 344.9 359.5 358.4 354 355.6 365.7 374.7 381.1 367.5 367.7 388.8 399 422.7 442.3 468 490.5 497 514.2 538.7 556.1 576.9 594.5 601 606.1 614.5 625.6 614.1 598.3 583.5
329.6 331.2 342.5 355.1 346 349.8 358.4 367 360.4 350.8 351.1 355.3 356.8 363.6 384.9 395.6 410.2 414.2 426.4 414.6 392.7 396 390.9 391.7 391.4 393.4 397.1 393.6 407.5 428 444 443.1 444.9 431.2 417.1 417.7 409.6 388.2 375.1 375.9 361.1 353.5 354.9 353.4 349.6 355.5 353 341.8 332.3 327.1 343.7 359.9 368 375.1 367.7 379.7 382.7 390.3 392.8 378.7 380.5 396.2 414.5 434.5 459.6 484 489 514.5 541.7 565.1 582.6 596.6 605.6 609 609.1 614 616.5 602.2 595.7
322.9 326.2 335.7 351.5 347.5 349.5 359.4 359.3 359.5 352.7 345.2 347.4 349 364.5 381.8 401.2 406.3 413 427.6 417.7 404.4 400.9 396.9 401.4 405.8 406.3 415.3 411.7 424.9 436.4 456.8 455.2 447.6 432.6 428.5 419.5 410.4 394.9 392.4 397 381.8 361.2 358.2 356.6 356.2 366.2 360 347.3 333.3 339.9 346.9 364.3 376.8 384.2 379 388.6 388.1 396.9 405.9 403.3 407.3 421.5 419.2 424.1 445.7 474.1 483.9 517.1 538.2 557.1 580.3 593.9 601 604.4 607.6 618.6 621.6 618.3 611.3
316.4 316.4 326.4 340.9 346.8 349 352.3 355.8 358.2 350.4 337.7 340 351.4 365.7 378.6 403.8 410 410 416.3 420.2 407.5 418.9 418.8 425.1 425 421.5 424.3 443.8 438.4 445.6 455.2 457.2 449.5 440.9 437.2 425.8 417.7 406.3 410.2 407.4 396 382.9 384.6 372.4 359.5 361.5 355.8 345.8 337.8 346.1 355.9 369.6 384.7 395.1 390.1 400.1 393.4 402.2 411.5 412.5 421.2 444.3 441.2 430.3 434.9 456.7 476.8 505.3 528.3 546 564.6 578.8 585.1 597.9 603.9 620.7 623.5 618.5 614.6
310.2 314 321.8 334.2 342.2 345.9 342.1 347.6 353.4 352.1 338 332.5 354.5 362.8 369.7 394.8 406 408.9 412.9 415.5 420.6 433.3 432 437.7 433 428.4 429.5 453.1 463.8 453.3 453.6 454.9 446.5 442.7 437.1 424.3 416.8 412.9 417.1 415.7 402.6 400.2 392.6 396 388.3 361.5 352.1 344.1 341.1 348.6 361.1 379.3 395.6 395.3 395.1 401.2 397.9 404.4 414.2 416.3 432.5 454.3 463.8 452.8 435.2 447.5 467.5 488.8 512.9 528.6 543.7 558.3 567 580.7 595.2 611 613.6 608 604.9
300.7 305.6 316.9 328.8 334.3 342.1 329.9 336.4 342.5 342.3 335.6 327.4 345.9 357.2 368.8 398.3 401.9 403 412.1 423.8 436.1 446.8 444 445.9 442.3 434.5 434.5 447.8 466.4 464.5 450.7 448.4 444.1 443 438.4 421.7 416.7 415.8 418.4 414.9 414.5 422.8 424.8 412.6 394.5 377.7 352.3 346.6 343.5 348.7 363.4 377.8 392.9 389.4 394.1 398.2 400.5 407.2 417.8 427.9 442.2 462.9 470.2 467.6 454 445 456.5 469.5 491.2 512.2 528.3 532.8 550.8 564.3 586.9 600.6 608.7 607.6 599.6
294.7 302.3 314.3 323.3 332.2 333 320.7 324.1 331.5 332.8 326.3 325.3 337.8 351.6 367.3 404.9 401.8 400.1 409.8 423 436.7 447.5 449.4 448.5 441.6 439 439.2 451.8 459.5 469.1 461.4 445.2 443.7 442.4 434.5 421.2 414.9 406.3 410.8 408.6 417.8 425 431.4 412.7 404.5 384.5 365.8 353.2 348.6 351 354.2 361.7 364.6 374.5 385.1 389.5 398.6 408.2 416.3 434.2 446.1 462.8 465 468.6 458.1 447.7 446.7 461 482.5 498.5 512.1 528.5 546.2 564.5 583.7 604 607.2 598.5 598.7
293.1 298 307.4 309.3 316.1 322.5 317 316.9 319.1 320.6 319.1 326.8 335.1 347 361.8 400.9 402.7 400.4 409 417.9 429.7 440 442.5 440.9 441.6 439.7 447 441.2 442 457.2 461 442.5 438 433.7 427.8 416.4 406.3 406.3 406.3 406.3 421.7 426.6 428.3 420.6 407.8 393.7 370.5 361.9 356.3 360.7 358.7 354.5 354.5 359.6 372.1 373.1 386.7 394 403 423.7 442.4 450.2 451.5 458.6 465.4 459.3 453.5 453 474.1 489.2 498.8 518.6 546 558.3 577.5 590.8 589.9 584 582.3
293.2 297.9 308.6 312 310.3 310.9 306.6 310.8 309.7 306.2 314.2 323.2 333 338.3 359.3 389.6 395.4 400.3 406 412.6 424.7 429.3 431.7 433.9 437.9 435.6 449.4 441.4 431.4 442.8 446.5 444.9 431 429.3 411.1 406.3 406.3 406.3 407.2 406.3 417.8 419 424.9 413.4 404.5 387.8 377.5 369 360.8 356.9 354.3 354.5 354.5 354.5 356.3 359.2 366 379.7 393.5 410.6 429.8 440.2 440.2 448.8 458.1 461.5 463.2 454.3 467.9 485.5 510.5 513.9 527 540.2 555.5 565 573.5 574.8 573.3
292 298 303.1 307.1 308.7 305.5 296.7 300.6 301.9 297.7 300.2 304.7 308.8 320.6 344.1 360.4 382.3 397.8 408.4 411.4 424.1 432.3 430.6 427.9 427.8 430 445.3 448.7 438.2 429.1 431.1 431.1 422 421.5 406.5 406.3 407.5 406.3 412.6 412.9 413.3 405.9 401.9 398.3 393.6 388.5 377.6 368.4 359.7 356.3 354.5 354.5 354.5 354.5 354.5 354.5 361.3 370.7 384.3 404.8 424.7 428.6 426.4 431.8 452.1 462.9 478.9 465.4 465.8 487.1 503.3 520 526.7 529.9 545.5 561.9 564.1 569.9 564.6
292.9 295.3 301.9 303.1 303.5 297.3 293.2 293.8 295.6 293.5 294.9 298.7 300.3 315.8 333.9 352.2 376.2 390.2 406.2 402.9 416.7 429.1 420.3 414.3 418.2 422 438.4 444.4 445.1 425.6 424.1 429.1 416.8 410.6 406.3 406.3 407.4 406.6 409.2 411.3 408.5 399.7 397.7 392.1 389.9 384.9 381.3 372.1 361.2 358.9 356.4 354.5 354.5 354.5 355.6 358.9 371 376.1 396.6 410.3 425.2 430.5 426 428.3 449 465 482.8 475.4 461.1 473 491.9 503.9 509.3 523.3 535.9 551 549.7 551.9 549.1
292.9 295.5 302.5 302.2 296.8 287.8 286.4 290.8 292.2 293.1 296.4 305 299.7 310.9 327.2 348.4 364.9 382.2 397.6 393.8 403.8 419 411.8 403.7 403.9 409.3 428.9 439.2 440.3 430.4 421 423.7 409.5 406.5 406.3 406.3 406.3 406.7 404.7 401.9 401.6 402 396.8 391.8 392.4 393.7 384.1 373.6 368.4 365.4 360.9 359.5 355.5 354.5 354.5 360.1 376.4 395.5 406.3 424 430 427.8 420.6 422.4 442.3 461 481.8 481.6 463.5 462.8 475.4 496.5 503.5 517.9 525 538.3 531.5 536.1 532.3
293 296.1 299.9 296.6 293.2 285.5 285.4 293.9 292.4 294.1 295.1 299.9 296.4 304.1 318.8 335.7 354.8 365.8 379.4 381.1 390.8 404.8 400.9 395.1 385.3 392.6 408.5 426.1 430.1 425.7 424.2 409.7 406.3 406.3 406.3 406.3 410.9 409.2 405.8 401.9 401.5 405.3 401.2 401 398.2 396.7 389.9 378.2 377.2 372 365.4 364 365.5 354.5 354.7 360.5 384.5 402.4 422.2 426.8 432 425.7 416.2 419.6 434.9 450 470.9 484.1 468.6 465.4 481.8 483.1 502.6 510 513.2 521.3 515.8 520.5 532.6
293.8 301.1 300.4 293.8 293.7 288.9 285.1 298.4 291.9 293.7 300.6 289.2 284.6 292.8 312.9 323.9 339.7 354.3 368.7 372.8 380 393.8 391.2 377.7 372.4 378.9 388.1 408.5 421.5 425.2 425.3 407.2 406.3 406.3 406.3 409.1 416.8 419.3 417.7 406.5 401.3 401.4 402.4 403.7 402.3 395.9 389.2 381.9 374.7 372.4 371.4 365.7 363.3 364.2 356 370.5 387.2 407.5 429.2 436 429.1 421.7 416.3 420.7 430.6 438.9 466.5 478.9 477 475.7 477.7 481.9 493.2 500.5 501.6 509 516 508.8 532.2
294.4 301.8 296.6 291.5 287.6 282.7 284.5 291.6 283.9 291.6 299.7 287.4 281.4 276.9 292.1 312.2 329.5 342.1 358.7 370.7 375.9 384.1 382 366.2 363.1 367.2 380.6 403.8 416.5 426.4 425.2 410.9 406.3 406.3 406.3 420.6 417.4 422.7 420.9 419.1 411.8 405.6 402.3 405.6 404.9 396.9 393.1 378.8 379.8 376.6 369.1 366.3 367.7 362.6 360.1 377.9 389.1 408.3 428.9 433.8 431.5 413.1 414.9 420.8 426.5 437.7 457.4 470.5 475.4 471.3 469.2 481.6 499.1 494.7 493.7 492.1 504.1 495.4 513.6
286 299.5 293.7 287 289 278.1 277.3 278.1 274.9 286.1 294.7 284.1 272.2 272.2 279.4 304.9 323.8 336.9 347.7 353.4 369.2 376.6 369.1 353.8 353.8 361.5 371.4 391.8 410.4 419.8 429.1 413 406.4 406.3 406.3 419.6 425.2 419.5 419.6 415.8 413.7 416.2 405.9 401.4 399.9 398.4 391.8 386.8 391.7 383.8 380.1 375.1 377.3 365.4 366.8 382.9 389.1 409.2 424.5 431.4 425.5 408.7 413.5 417.9 424.1 428.9 449.6 461.6 475.2 465.5 467.3 475.9 493.2 497.6 490.7 484.6 491.9 486.8 492.5
282 292.2 290.2 282.7 277.7 276.9 274.1 275.9 272.2 276.6 283 275.1 272.2 273.7 276.1 293.3 317.2 328.9 343.3 345.6 366.7 372.1 357.9 353.8 354.6 360.5 371.1 387.6 406.6 422.6 430.8 413.8 406.4 406.3 407 412.1 419.9 426.1 422.1 419.3 415.4 416.6 416.8 409.1 399.4 397.4 395.6 391 388.7 389.5 389.2 386.3 374.2 365.2 378.6 378.7 386.6 404.2 419.9 422.5 418.2 403.5 412.3 414.2 417.9 423.2 446.2 457.1 468 464.1 467.7 478 481.9 497.2 487.1 476.8 479 475.8 475
