Assets/StreamingAssets/GeoData/Data/nm/NM79.asc
ncols 200
nrows 200
xllcorner 170000
yllcorner 790000
cellsize 50
[rows 144 to 179 of 200, columns 81 to 161 of 200]
193.8 186.6 180.7 182.9 184.5 175.6 175.5 175.5 175.5 181.6 190.8 204.5 205.8 213 229.9 246.7 248.7 254.1 260.2 275 271.7 281.7 288.3 289.8 285.6 311 288.1 280.9 264.8 256.1 248.1 238.5 228.8 225.3 230.2 232.8 224.2 216.7 215.9 208.3 210.1 214.8 217.6 224.6 244.5 258.5 259.3 245.5 236.8 228.9 263.9 252.3 243.5 237.7 226.1 217 216.2 208 204.9 208.6 204.1 192 189.1 179.2 184.5 172.5 161.8 157.4 144.4 149.7 156.4 140.3 115.8 112.5 113.1 103.8 81.8 101.4 124.2 131.1 142.5
195.6 186.2 179.6 184 184.1 176.5 175.5 175.5 175.5 178.6 185.4 194.2 200 205.5 221.7 236.9 248.2 268.3 272.2 275.6 269.8 270.7 270.1 271.1 281.8 282.5 282 269.3 261.2 251.4 247.8 240.4 229.1 232.7 236.2 233.3 226.4 223.6 217 208.1 220.6 225.8 228.8 239.8 244.8 246.7 250.1 249 237.4 232.8 246.1 252.3 249.4 245.3 230.2 221.4 227.3 215.7 226.7 222.4 216.8 201.9 197.1 187.5 185.3 179.7 180.7 170.7 160.1 159.5 147 140 138.9 129.5 129.8 114.8 89.9 104.1 120 137.5 144.5
197.6 183.8 178.5 184.2 180.9 175.5 175.5 175.5 182.5 182.3 193.8 199.5 204.2 209.1 214.9 225.2 252.7 264.1 264 267.9 263.3 261.6 263.5 262.2 259.5 271.2 272 265.4 255.3 250.3 253.7 248.1 238.4 240.7 243.9 236.8 230.5 231.2 226.3 213.6 228.6 231.5 238.7 250.6 258.6 258 253.6 241.4 236.7 237.6 252.5 256 251 240.4 225.9 225.8 225.7 226 234.5 238.7 225.6 206.6 204.6 192.9 207.8 198.5 191.8 174.1 168.7 161.1 142.5 144.3 144.7 137.7 132.3 119.7 104.4 101 128.4 142.9 144.3
190.7 178 177.8 177.8 175.5 175.5 175.5 180.5 188.6 187.9 198 208.4 214.4 217.1 220.6 226.6 249.5 263.2 262.1 259.1 256.5 254.8 254 258.2 271.9 278.6 272.9 270 259.2 259.9 262.9 247.6 253.8 245.3 246.7 242.2 231.2 229.3 225.1 216.8 226.6 234.8 237.2 256.4 270 270.3 257.8 243.4 236.6 236 242 254.8 254.6 251.7 237.4 237.6 252.6 243.8 242.3 243.7 226.3 213.5 205.8 207.8 212.4 212.7 201.9 185 175.5 162.1 146.7 151.5 152 148 140.9 129.7 122.2 128.6 127.1 147.1 152.2
184 173.8 172 179.6 181.8 175.5 175.5 185.7 202.3 198.6 201.9 219.1 228.6 234.3 241.5 251.8 252.2 261.7 259.8 257.3 255.4 253.8 256.7 258.5 266.1 273.2 266.4 262.2 257.3 251.6 243.5 249.3 249.1 240.3 238.3 234 228.7 228.3 224.9 222.1 225.4 230.3 238.4 248.8 262.5 272.2 262.3 252 244.7 242.4 244.7 250.2 250.3 249.5 250.8 251.2 283.2 265.3 249.9 241.8 229 224.1 222.6 229.1 230.9 228.4 224.5 202.9 184.8 159.1 157 163.6 168.4 162 153.8 155.7 144.1 135.7 157.7 146.1 161.8
175.8 168.5 174.4 183.2 186.2 175.5 179.1 187 199.3 208.8 222.5 249 252.6 244.7 262.1 269.1 261.2 257.8 252.7 253.8 255.7 253.2 260.9 256.8 269.6 273.8 265.3 260.2 252.2 235.4 229.9 245.1 249.9 241.1 239.1 238.5 230.1 229.7 233.7 231.4 223.2 225.4 232.1 238.8 254 268.9 264 257.2 248.1 258.1 249.3 255 257.2 244.3 248.5 242.7 265.2 264.4 248.2 235.2 238.2 227.3 240.6 245.1 245.1 242.3 234.6 206.5 181.6 169.4 170.9 177.2 175.1 171.2 171.7 173.7 161.7 159.7 164.5 161.9 177.6
161.9 171.4 176.4 182.2 186.3 177.1 186.3 189.6 201.5 211.5 225.5 252.6 249.7 250.1 269.5 276.3 259 249.4 247.2 252.1 256 264.6 267.3 257.6 270 274.1 270.9 248.6 234.3 228.3 230.6 259 255.1 238.7 238.7 238.4 231.2 231 238.7 240.1 227.2 225.6 225.2 232.4 259 269.8 262.5 253.9 251.9 252.8 255.5 246.3 254.1 243.7 238.3 241 233 237.2 236.2 233.9 239.2 230.6 253.5 253.6 255.8 247.1 222.6 201.3 183.7 182.4 183.7 186 193.4 191.2 184.4 183.5 167.4 166 163.2 162.5 183.7
157.3 172 175.6 177.1 180.8 184.2 197.8 201.3 210.9 231.8 247.9 255.2 258.7 268.7 283 282.6 258.1 246.6 250 251.7 264.2 266.8 264 247.4 268.5 272.6 258.7 239.5 231 224 224 239.9 250.5 238.5 241.8 238 232.7 235.4 238.2 239.3 236.2 228.9 226.4 242.8 274.8 294.3 280.8 260.6 268.2 267.6 261.5 244.2 249 247.5 239 233 233 237.6 242.5 240.1 237.3 244.3 258.9 260.9 248.5 240.5 224.8 209.9 201.4 203.1 199.7 199.9 197.4 208.4 197.5 181.1 165.9 162.8 163 163.5 184.7
164.9 176.2 174.4 177.6 191.1 202.9 231.6 259 260.6 268.2 265.9 261.8 269.9 274.8 280.4 268.8 253.1 246.3 243.8 251.5 255.8 259.8 261.5 247 257.9 255 239.9 236.4 230.2 226.6 220.5 219.6 225.9 230.3 246.8 247.1 238.1 233.8 234.7 238.8 238 234.4 226.4 249 285.3 310.2 304.2 296.4 298 288 270.4 243.5 252.2 250 247.6 233 241.7 234.6 237.5 241.8 239.2 250.6 266.2 256.9 253.9 244.5 222.4 222 236.5 228.2 211 200.5 197.6 197.4 203.2 191 177.9 171.4 166.5 165.6 198.9
161.1 163.9 175.7 189.4 239 245.1 248.9 265.3 268.5 275 274.6 272.7 279.9 276.7 257.8 250.4 251.3 247.2 243.8 242.2 249.2 239.2 231.9 234.1 233.1 229.3 232.2 228.6 227.7 234 225.1 220.7 223.8 243.3 258.3 257.5 242.2 234.3 234.2 236.6 239 238.2 227.6 246 285.7 305.7 313.6 310.4 304.1 288.7 275.3 250.9 245.9 244.6 233.6 233 242.9 242.8 238.8 237.7 245 254.2 265 263.4 248.8 232.9 223.2 227.7 234.3 228.3 223.6 220.9 205 201.5 202.3 192.6 196.1 185.7 170.1 174.1 203.6
143.5 155.4 171.2 217.3 260 257.9 250.8 257.9 274.9 280.1 278 280.3 274.5 259.2 246.6 241.6 245.7 241.4 238.4 229 223.7 213.8 209.1 207.6 217 223 219.4 213.3 206.2 208.5 216 214.3 223.1 254.9 263.6 259.5 243.1 235.3 233.8 236.6 240.5 242.1 233.6 239.7 267.4 297.9 308.9 309.9 307.3 296 286.3 263.2 243.5 240.5 233 235 251.2 251.4 238.8 238.6 258.6 250.1 248.4 243.3 233.4 218.7 222.9 225.3 221.2 221.9 236.3 241.7 216.8 197.5 194.9 196.3 191.6 195.4 182.6 192.9 207.6
128.3 150.1 170.2 243.8 261.9 256 248.3 259.4 270.5 277.7 275.1 269.9 251.6 243.4 237.4 227.5 227.5 221.5 210.9 202.8 202.8 191.1 186.8 197.9 207.5 207.7 203.6 199.2 197.6 197.6 205.1 206 231.6 252.1 259.5 260.1 245.6 238.3 235.4 241.5 246.4 249.3 241.4 237.1 260.4 281.7 302.3 301.3 299.2 295.4 285.7 270.2 244.1 249.9 233 240.2 265.8 251.4 244.3 262.8 263.8 247.5 230 220.6 215.6 215.6 215.6 215.6 225.3 227.4 237.9 239.6 232.8 211.2 191 190.2 189.6 189.2 183.9 194.7 210.3
115.9 133.6 167.1 243 246.2 237.8 237.4 264.6 270.6 280.7 265.1 250.9 240.6 236.5 224.8 224.1 223.2 206.9 191 190.9 181 177 180.5 184.2 185.9 187.7 189.6 211.9 218.6 211.6 206.5 203.9 218.6 238.5 252.6 261.9 251.4 243 240.5 248 253.1 253.3 248.9 243.9 245.1 262.8 282.8 297.8 292.8 291.4 290.6 268.6 246.5 244.4 235.3 242.9 252.5 252.6 248.4 260.2 259 242.2 224.2 215.6 215.6 215.6 215.6 215.6 226.5 233.9 241.8 249.9 243.8 222 204.7 200.7 203 198.1 186.3 183.9 189.2
94.7 111.5 139.5 230 235.4 229.6 239.2 259.4 265.2 267 249.3 233.2 225.9 222.9 216.9 216 207.3 191.8 176.6 172.2 168.3 172.6 182.1 182.9 179.8 173.4 174.8 195.3 203.9 205.5 215.7 214.9 222.8 233.7 250.2 263.1 255.2 245 247.7 256.2 261.4 260.5 251.1 248.2 245 257.7 280.2 287.6 290.9 289.7 283.2 268 250.7 244.5 238 243.1 242.2 248.5 250.2 245.3 267.4 240.8 215.6 215.6 215.6 215.6 215.6 215.6 225.4 235.9 248 257.6 243.7 229.4 223.7 220 219.1 202.1 189 183.9 184.9
76.5 90.7 112.9 199.1 214.8 213.6 220.2 249.8 256.4 250.5 230.7 214.7 211.5 213.8 217.6 210.1 197.8 178.3 166.7 157.5 165.3 179.4 181.8 174.8 171.3 161.8 171.4 176.6 185.3 203 235.6 243.3 239.5 249.3 259.5 261.2 253.2 249.2 252.5 264.5 261.2 253.2 251.6 254.7 247.1 255.9 279.7 289 290.9 288 278.7 269 263.9 250.7 249.1 251.8 242.2 250.1 252.7 242.9 252.2 227.3 215.6 215.6 215.6 241 246.7 229.9 227.6 238 247.5 254.5 259.3 238.5 235.6 232.9 235.8 212.3 188.2 186.7 186.2
63.4 73.4 82.9 120.8 160.5 185.8 193.6 230.8 237.7 220.7 213.8 203.2 205.9 209.1 217.3 202 182.2 165 153.2 149.6 161.5 177.7 176.8 165.8 156.6 149 154.6 155.3 165.8 206 235.1 246.9 263.1 263.2 262.4 258.6 253.4 253 262.7 260.8 252.3 245.8 247.9 249.1 249.4 252.1 275.4 301.3 301.4 302.8 296.8 284.3 277.8 256.1 247.6 250.8 246 247.2 246.3 252.7 236.8 222.7 215.6 215.6 227.5 245.2 262.1 266 255.9 245.4 242.8 250 263 252.6 240.9 249.5 237 215.7 197.2 203.3 195.2
53 57.9 62 75.4 108.9 155.3 153.4 171.1 184.7 193.9 211.1 191.8 198.6 197.3 194.7 186.5 172.4 153.5 138.9 138.7 157.8 170.8 169.1 157.5 148.6 137 138.2 145.6 151.6 173.7 194.4 220.7 243.2 255.9 264.8 256.4 253.2 251.7 263.1 248.8 245.8 245.8 247.4 248.9 248.4 253.7 291.6 303.2 302.9 303.9 298 286.8 276.6 258.2 240.9 245.5 259 248.6 233.3 226 221 220.5 215.6 215.6 228.3 251 253 261.6 269.7 253.2 250 248.5 255.3 258.7 243.1 258.7 243.6 217.7 215.4 227.9 210.9
31.6 34.3 38.4 48.5 67.8 93.3 107 124.2 152.9 179.4 187.8 174.7 177.1 173.9 174.6 171.6 155.5 142.1 132.1 131.8 154.7 157.6 156.8 147.8 138.6 131 125.5 132.2 141.1 155.9 170.8 194.8 226.6 249.1 263.3 256.1 251.6 250.3 259 245.8 245.8 245.8 246.3 254.3 262.6 272.9 292 293 293.3 295.8 297.4 286 280.4 258.6 235.2 233.3 240.7 225.5 219.5 214.5 219.8 218.3 220.4 217.4 222.1 244.7 255.1 263.7 266.1 258.7 263.6 263 250.8 248.9 244.6 255.1 265.5 235.6 223.6 224 222.5
9.2 9.2 16.9 23.3 35.5 55.6 76 111.5 134.8 152.2 161.2 154.3 152.5 153.5 152.2 150.2 136.7 135.9 126.9 136.3 156.2 149.5 148.8 138.7 125.5 121.3 117.9 119.5 145.9 155.4 161 188.6 210.4 233.5 248.3 251.2 250.5 245.7 264.3 253.2 245.8 246.3 247.3 257.6 263.2 268.2 278.2 286.9 283.7 283.7 292.5 290.2 277.4 255.1 230.7 226.8 228.2 211.1 204.7 210.1 225.7 217.8 226 224.1 221 237.7 253.4 257.7 262.6 257.9 261.9 257.1 242.7 237.7 236.9 243 251 248.7 232.5 220.7 217.6
9.2 9.2 9.2 9.2 17.4 36.1 54.7 80.4 102.2 123.5 131.6 135.3 129.8 133.1 125.4 121.7 120.3 129.5 120.2 130.8 141.8 141.9 139.1 128.9 113.5 110.1 111.4 129.1 147.9 167.1 170.1 185.1 197.3 217.9 217.2 223.3 234.7 258.7 278.2 267.5 245.8 248.4 245.8 256.4 265.5 269.9 270.9 275.8 274.6 277.5 287.7 289.2 274.4 249.6 228.9 220.5 206.9 195.8 210.6 211.4 223.1 218.2 213.4 221.2 214.9 230.5 243.5 253.7 257.1 254.6 252.4 250.2 244.9 240.3 246.6 235.2 229.6 231.6 229.4 207.4 218.7
9.2 9.2 9.2 9.2 9.2 15.6 35.4 43.9 56.8 87.8 104.4 105.5 102.2 106.4 104.1 101.7 109.1 121.4 108.4 114.6 115.5 120.1 118.6 110.3 107.1 95.4 111.1 122.3 127 147.3 157.5 158.3 165.3 180.7 195.3 203.1 239.1 266.8 280.4 276.1 257.1 252.8 246.5 252.1 257.9 267 263.8 268.3 280.2 280 276.2 272.7 258.2 244.3 223.2 198.8 190.6 190 204.3 215.7 225.1 221.1 210.1 213.1 227.8 236.5 239.7 242.3 251.2 239.7 236.7 247.1 249 244 249.1 239.7 231.2 217.8 209.9 201.3 217.5
9.2 9.2 9.2 9.2 9.2 9.2 9.2 15.7 27 49.6 66.7 70.2 67.3 76.9 84.3 103.9 106.3 114.7 102.3 102.2 103.8 97.3 94.2 91 89.3 78.5 86.6 108.3 115.1 130.1 143.5 142.9 153.8 162.2 181.3 206 258.9 273.6 281.6 285.7 266.8 258.5 247.8 255.3 251.9 254.9 261.9 253 280.1 269.5 262.1 241.4 232.6 229.2 202.6 184.7 182.8 191.1 201.4 205.3 235.6 222.7 211.9 216.8 224.6 233.9 230.6 234.5 244.8 236.3 238.8 247.5 241.1 243.1 236.6 230.1 218.5 203.4 189.5 183 197.8
9.2 9.2 9.2 9.2 9.2 9.2 9.2 9.2 9.2 9.2 27.1 39.6 46.3 53.2 85.6 97.4 98.9 104.7 95 85.1 90 84.4 77.8 72.9 68.2 64.3 73.2 95.8 116 128 134 138.1 141.7 164.2 191.6 211.6 255.8 269.7 278.8 278.4 263.1 253 247.7 256.6 249.4 247.7 246.6 250 247.9 254.8 243 218.3 208.1 194.9 182.2 182 179.9 189.9 196.8 200.3 226.5 227.7 211.2 212.9 218.1 223.9 219.5 213 223.5 222.3 229.3 231.6 231.6 241.8 233.3 230.6 220 199.3 188.9 177.1 173.5
9.2 9.2 9.2 9.2 9.2 9.2 9.2 9.2 9.2 9.2 9.2 22.2 30.5 43.5 67.6 78.6 88.1 94.6 88 77.4 85.5 78.2 64.2 61 60 51.2 56.1 76.1 119.3 134.5 132.8 137.4 147.6 177.6 189.7 211.6 244.7 254.1 268.3 269.4 251.5 241.6 242.5 259.5 253.5 245.5 238.1 245.2 229.1 232.5 213.7 199.3 185.2 176.7 175.1 184 177.5 177.3 188.1 201 207 223.8 209.3 204.5 203.2 208.6 202 200.4 204.2 205.5 225.2 240 251.7 248.6 242.7 244 241.7 220.4 201 190.8 181.7
9.2 9.2 9.2 9.2 9.2 9.2 9.2 9.2 9.2 9.2 9.2 9.2 11.2 28.6 42.2 54.6 66.2 75.7 75.9 66.1 74.6 68.7 57 49.9 50.9 39.6 42 55.2 88.6 119.7 122.2 137.3 156 189.9 187.4 215.7 228.2 228.2 244.7 251.8 236.6 225.9 233.2 239.4 241.7 245.6 237.1 232.7 211.1 200.8 184.8 174.8 170.6 170 170.5 187.6 174.7 172.9 180.4 205.3 203.2 207.1 199.5 194 190.7 203.7 197.4 212.5 206.8 206.8 229.8 243 254.8 248 243.8 237.8 233.3 222.5 211.4 201.9 188.9
9.2 9.2 9.2 9.2 9.2 9.2 9.2 9.2 9.2 9.2 9.2 9.2 9.2 9.2 9.2 31.4 50.8 58.3 61.1 56.4 57.5 55.1 47.2 40.1 37.6 31.4 42.7 48.2 58.5 81.2 100.1 120.3 133.5 157.1 179.3 204.1 207.5 209.5 223.3 233.4 220.1 209.7 216.7 220.3 232.5 233.3 228.3 204.5 186.2 168.6 165.3 166.9 165.6 164.5 170.3 174 169.5 165.7 176.8 185.9 193.6 201.8 198.4 196.3 183.7 193.6 193.1 198.8 207.2 202.4 212.6 223.9 240.3 239.8 228.1 225.7 225.6 212.1 197 190.8 173.5
9.2 9.2 9.2 9.2 9.2 9.2 9.2 9.2 9.2 9.2 9.2 9.2 9.2 9.2 9.2 9.2 24.5 43.8 53.2 50.8 48.1 47.9 37.8 36.4 39.1 30.1 33.5 38 45.6 66.7 93.2 122 125.2 138.5 158.1 178.5 191.5 193.6 208 209.1 189.9 191.8 199.5 201.1 219 215.3 209.1 182.9 171.3 160.4 154.8 158 158.5 167.6 180.5 173 167.8 164.3 185.2 200 205.5 198.8 190.2 186 179.9 185.1 183.8 190.4 207.4 197.1 195 210.3 213.4 203.4 204.8 210.7 211.2 194.7 179.7 171 157.1
9.2 9.2 9.2 9.2 9.2 9.2 9.2 9.2 9.2 9.2 9.2 9.2 9.2 9.2 9.2 9.2 12.2 29 27.4 29.2 33.2 37 26.8 24.2 29.4 23 22.6 27.3 31.1 51 65.3 79.5 86 102 119.1 142.3 152 168.8 172.4 172.9 164.6 168.2 181.5 174.1 183 183.5 167.4 164.8 163.9 157.6 153.6 152 156 174.7 171.9 166.9 161.9 163.3 191.2 193 188.7 188.5 177.9 179.5 170.9 166.1 169 184.3 194.9 189.1 187.1 195.6 193.2 184.9 179.9 198 197.5 179.3 166.5 153.5 136.6
9.2 9.2 9.2 9.2 9.2 9.2 9.2 9.2 9.2 9.2 9.2 9.2 9.2 9.2 9.2 9.2 13.4 24.9 12.3 11.2 16.2 23 18.2 22.1 24.4 26 13.7 15 22 23.7 27.7 38.5 46.6 62.6 79.6 85 119.8 139.9 151.7 152 142.3 151.6 160.2 155.9 170.8 155.2 151.3 164 164.8 157.7 161.9 148.3 149.7 173.2 166.4 158.4 155.3 169.6 192.2 184.1 182.1 183.1 172 164.8 158.1 154.7 154.6 176.5 187.9 181.5 172.8 179.4 172.8 168.7 164.5 181.7 180.7 163.4 151.4 145.5 125.1
9.2 9.2 9.2 9.2 9.2 9.2 9.2 9.2 9.2 9.2 9.2 9.2 9.2 9.2 9.2 9.2 9.2 9.2 9.2 9.2 9.2 12.8 9.9 17.2 18.4 15.5 11 12.8 13.1 13.9 14.7 17.1 21.6 32.3 45.3 70.8 116.5 151.4 164.8 145.8 123 144.4 148.5 137.9 124.8 133 148.8 155.8 154.6 154.9 157.7 141.1 143.3 152.7 163.1 156.4 156.8 175.6 176.6 165.9 179.6 175.7 160.4 149 148.9 147.8 150.5 167.1 177.6 171.3 158.8 162.3 154.3 151.1 145.5 155.4 153.7 140.4 126.7 117.5 104
9.2 9.2 9.2 9.2 9.2 9.2 9.2 9.2 9.2 9.2 9.2 9.2 9.2 9.2 9.2 9.2 9.2 9.2 9.2 9.2 9.2 9.2 9.2 9.2 9.2 9.2 9.2 9.2 12.5 15.2 14.7 17.7 23.8 31.7 40.8 61.2 106.3 129.6 141.5 116.9 102.2 117.3 111.4 104.5 108.3 123.5 136 139.8 141.8 143.5 142.7 128.8 130.7 140.5 145.2 148 144.4 146.7 151.6 160.9 169.9 160.5 146.8 145.7 137.3 141.4 144.5 160 163.2 157.4 144.2 136.1 134.7 133 127.5 135.2 130.1 117.2 100.3 92.5 80.6
9.2 9.2 9.2 9.2 9.2 9.2 9.2 9.2 9.2 9.2 9.2 9.2 9.2 9.2 9.2 9.2 9.2 9.2 9.2 9.2 9.2 9.2 9.2 9.2 9.2 9.2 9.2 14.9 18.8 20.2 18.3 24.1 30.2 37 46 50 85.2 103.6 105.3 84.6 80.6 79.8 75.3 91.4 99.1 97.1 111.8 118.7 123 126 119.6 115.1 101.1 125.5 120.6 133.2 128 118.9 139.3 158.8 157.2 150.7 148.9 142.5 130.3 136.2 147.2 151 147.5 141.5 131.7 110.9 113.6 106.8 108.8 109.2 101.4 93.7 83.2 68.8 60.3
9.2 9.2 9.2 9.2 9.2 9.2 9.2 9.2 9.2 9.2 9.2 9.2 9.2 9.2 9.2 9.2 9.2 9.2 9.2 9.2 9.2 9.2 9.2 9.2 9.2 9.2 9.2 9.2 11.9 23.4 15.3 17.7 27 31.4 34.7 37.1 53 70.8 72.7 62.3 55 46.6 60.3 73.9 90.5 83.2 85 95.8 99.3 106.9 98.5 94.9 79.6 99.5 101.5 111.8 108 98.7 125.7 144 154.7 145.8 145.7 140.7 126.6 141.8 142.7 153 150.5 134.5 111.2 90.5 86.1 82.2 87.4 82.5 75.5 74.1 59.1 57.2 51.2
9.2 9.2 9.2 9.2 9.2 9.2 9.2 9.2 9.2 9.2 9.2 9.2 9.2 9.2 9.2 9.2 9.2 9.2 9.2 9.2 9.2 9.2 9.2 9.2 9.2 9.2 9.2 9.2 9.2 9.2 9.2 9.2 21.7 27.2 28.5 34.4 48 43.1 50.7 34.1 25.2 29.7 48.6 58.8 66.5 72.5 58.5 70.6 78.9 88.6 81 69.6 62.9 83 79 97.7 88 77.2 86.4 95.1 122 129.2 127.3 126.4 119.9 137.5 136 133.1 120.5 108.1 88.4 70.5 58.2 57.9 62 56.7 50.1 50 40.9 55.7 40.4
9.2 9.2 9.2 9.2 9.2 9.2 9.2 9.2 9.2 9.2 9.2 9.2 9.2 9.2 9.2 9.2 9.2 9.2 9.2 9.2 9.2 9.2 9.2 9.2 9.2 9.2 9.2 9.2 9.2 9.2 9.2 9.2 14.4 17.5 18.7 22.3 31.3 21.9 24.4 10.4 9.2 22.9 34.7 43.6 49 43.9 40.1 54.1 67.7 77.6 57.5 44.5 56.1 65.8 61.2 81.8 70.7 61.9 67.1 87.3 93.3 103.1 102.7 106.3 96.9 110.5 110.7 97.5 91.4 74.9 53.6 48.4 39.8 30.5 39.3 40.6 34.9 24.8 32.6 42.8 27.7
9.2 9.2 9.2 9.2 9.2 9.2 9.2 9.2 9.2 9.2 9.2 9.2 9.2 9.2 9.2 9.2 9.2 9.2 9.2 9.2 9.2 9.2 9.2 9.2 9.2 9.2 9.2 9.2 9.2 9.2 9.2 9.2 9.2 9.2 9.2 9.2 9.2 9.2 9.2 9.2 9.2 10.5 11.1 19.2 13.5 9.2 26.3 38.3 46.9 53.3 40.2 27.9 50.7 48.3 35 48.3 51.1 47.8 48.6 61 66.6 74.7 77.2 76.4 73.8 100.1 90.7 64.7 60.4 35.7 21 22.1 19.9 15.5 28.3 24.2 22.4 9.4 19.6 13 9.2
