Assets/StreamingAssets/GeoData/Data/nm/NM81.asc
ncols 200
nrows 200
xllcorner 180000
yllcorner 710000
cellsize 50
[rows 140 to 174 of 200, columns 79 to 157 of 200]
11 17.7 37.6 61.9 69 69.5 64.5 55.4 49.4 45.3 41.7 36.8 33.3 37.1 26.3 16.7 14 11.7 17.1 20.7 24.2 32.5 40.8 63.4 88.1 81 82.7 114.2 111.9 112.1 116.1 109.6 109.4 129.2 136.6 122.7 120.4 126.3 145.6 157.7 188.8 213.1 219.1 223.7 213.9 186.6 178.8 176.8 170.3 167.6 183.6 182.4 175 168.9 161.5 182.6 210.5 226.2 237.1 229.9 230.4 224.3 215.1 208.5 203.5 203.1 213.6 219.6 229.5 229.8 238.2 238.7 244.9 249.5 247.6 247.9 251.7 252.4 251.6
5.5 9.4 32.8 64.7 68.2 73.3 65.5 56 46.9 39.9 34.2 28.4 20.8 14 10.6 9.7 10.4 12.8 15.5 16.8 21.3 32.4 40.4 59.6 77.3 79 74 91.4 100.8 114.4 113.2 108.2 106.4 116.3 122.2 122.1 119.2 121.5 139.6 167 206 223.7 224.5 225.6 212.5 184.1 173.8 171.3 170.8 186.9 184 179.6 173.8 161.5 161.5 181.9 202.2 219.8 230.6 234.9 231.1 222.7 214.6 211.9 222.1 234.1 238.6 236.9 235.9 240 244.5 244.6 248.6 249 246.6 248.5 254.4 250.7 241
-1 7.3 32.7 62 59 54.2 50.5 47.7 41.6 34.3 30.6 21.1 13.7 6 7.3 11 12.5 13.9 14.8 16.4 19.8 24.9 30.2 39.1 46.7 49.8 53 67.5 82.2 97.8 108.4 113.2 104.8 108.4 118.5 118.4 121.7 126.7 147 177.1 215.8 232.7 226.1 217.8 200.8 182.9 168.7 166.2 171.6 188.5 189.7 174.7 161.5 161.5 161.5 174.9 193.2 207.5 225.1 226.7 208.8 210.9 215.2 221.3 245 263.6 261.3 256.4 249 248.6 245.8 245.4 246.6 247.9 240.8 239.3 251.7 249.7 237.2
-1 5 17 37.4 39.9 35.8 33.5 39 33 28.3 24.8 15.8 7.9 6.2 10 10.7 11.8 12.1 12.6 14.6 17.2 24.6 28.2 29.6 28.5 38.2 45.2 53.4 63.6 85.3 101.4 107.4 113.8 108.8 111.6 113.1 120.1 134.3 147 176.3 211.7 221.2 221.3 215.2 198.3 174.2 170.1 169.8 161.5 162.8 176.5 161.5 161.5 161.5 161.5 166.6 185 194.3 198.1 204.5 198 194.6 210.2 236 261.4 272.3 265.2 260.1 256.7 258.4 251.2 248.9 245.2 240.2 239.6 236.3 238.9 238.3 233.3
-1 1.5 8.2 12.6 20.5 26.3 19.2 16.2 16.2 23.8 15.6 7 7.5 8.9 10.1 10.7 11.5 12 13.3 15.2 19.7 29.9 38.3 42 43.8 40.6 46.4 50.9 61.2 84.9 106.9 113.5 123.7 117 115.4 112.5 129 136.9 156.7 163.1 188.7 199.6 211.9 210.3 185.8 173.8 172 170.4 161.5 161.5 161.5 161.5 161.5 161.5 161.5 165.7 172.4 183 185.9 191.1 196.2 199.1 219.9 254.6 266.5 270.1 265.9 262.7 263.2 259.4 254.5 245 240.9 240.2 242.1 237.6 230.8 225.1 227.2
-1 -1 2.4 4.9 8.3 8.9 10.6 10 9.3 10.8 7.5 4.6 7.9 7.9 9.4 10 10.9 11.7 13.8 17 22.3 33.5 42 50 49.8 55.2 59.3 69.4 60.9 78.7 102.4 110.1 115.8 113.8 113.5 116.7 118 139.5 157.3 156.1 161.1 173.4 192.1 189.7 177.6 175.4 173.3 170.8 161.5 161.5 161.5 161.5 164.2 162.8 163.2 170.7 186.3 189.6 187.8 195 203 215.8 239.3 267.7 267.2 259.1 255.8 257.3 258.9 250.3 246.1 241.2 236.8 234.6 238.6 238 231.5 224 223.2
-1 -1 -1 -1 -1 3.8 5.1 5 5.6 7.3 6.2 4.1 6.4 8.2 8.7 9.3 9.9 11 13.6 17.6 24.1 37.7 51 58.4 59.1 72 84.6 89.8 81.4 72.3 90 99.8 106.2 108.5 119 129.3 122.7 127.7 142.4 150.9 148.2 156.1 159.7 166.3 171.1 181 171.1 172.5 161.5 161.5 161.5 165.2 171.4 170.3 176.6 184.7 191 192.5 194.9 196.8 218 242 255 258.4 251.7 239.8 246.4 252.7 253.7 244.1 242.9 239 234.5 229.5 226.9 228.1 229.3 222.8 224.4
-1 -1 -1 -1 -1 -1 -1 -1 2.7 4.7 1.6 3.9 5.8 7.1 5.9 7.8 9 10.8 13.6 17.8 25.8 37.9 52.9 66.3 72.2 84.2 100.3 105.7 112.4 101.6 94.1 105.6 110.5 109.5 121.2 137.2 128.1 119.4 137.1 150.5 148.2 148.2 148.2 150.9 161.1 171.3 170.6 169.4 165.4 161.5 161.5 176.3 184.9 185.5 191 190.5 191.8 195 199.1 208.3 216.2 231.6 243.4 242.4 236.8 227.3 239.2 246.1 247.9 242.9 240.7 237.5 232.5 226.9 221.7 219.1 218.8 217.1 224.8
-1 -1 -1 -1 -1 -1 0.2 -1 -0.9 1.6 3.2 3.7 4.5 5.9 6.7 8.2 9 10.9 14 19 28.1 42.5 58.9 71.5 85.2 97.4 118.5 125.3 128.2 126.3 119.4 118 126.3 124.8 126.3 128.7 124.2 128.1 145.7 158.4 148.2 148.2 148.2 148.2 160.5 167.1 175.8 173.9 166.8 165.8 181 200.5 197 198.3 208.2 209.4 217.2 213.8 212.8 223.1 228.4 233.7 233.9 227.3 227.3 227.3 238.7 245.5 245.9 242.5 239.7 236.9 230.2 222.9 217.2 213.5 210.8 212.6 221
0.4 -1 -1 -1 -1 -1 0.6 1.2 2.1 2.9 3.6 4.1 4.8 5.3 7.1 8.1 9.2 10.2 14.6 21.5 32.2 52.2 72.3 77.8 90.8 101.5 127.3 139.2 143.9 146.1 144.6 139.1 152.9 142 132 131.2 126.9 135.3 150.1 159.4 156.6 150.5 148.6 148.5 155.9 165.9 181.5 169.8 166.8 169.9 189.3 211.7 207.2 212 225.5 228.7 231.9 232.1 226.2 230.2 231.7 241 234.6 227.3 227.3 231.6 239.7 241.5 241.6 242.1 241 236.8 224.4 215.5 211.1 210.1 206.2 208.7 211.4
3.9 3.5 1.7 -1 -1 -1 0.5 1.4 1.7 2.3 3.3 4 4.9 5.9 7.3 8.7 9.1 11 15.2 23.8 40 58 76.4 85.1 92.1 103.6 133.7 151 153.9 166.6 165.5 155.5 157.5 158.1 151.5 145.9 138.6 131.3 152.3 164.2 166.3 169.5 159.8 155.5 158.8 168 177.2 167.7 167.3 170.5 181.9 206.3 213.2 217.3 235.5 239.8 242.7 241.2 230.7 225.7 226.8 236.5 233.1 227.3 227.3 227.3 228 225.3 229 236.9 238.2 234.3 218.2 205.8 206.8 205.5 206.3 212 208
7.5 6.4 4.8 -1 -1 0 1.2 1.9 2.2 3.2 3.8 4.4 5.5 6.5 8 9.6 10.8 11.3 20.3 29.2 44.2 62.7 78.9 91.5 99.7 107.1 133.5 156.2 172.7 187.1 182.1 169.5 162.3 160.7 163.2 155.3 154.8 143.8 148.2 167 167.6 171.7 177.9 177.6 169.3 190.7 181.6 175.6 176.7 174.2 182.4 203.9 220.2 224.6 234.6 244.7 245 242.8 225.5 224 225.1 232.3 237.1 230.7 229.6 230.2 230.7 224.3 216.9 221.7 226.1 221.4 203.5 196.2 196.8 207.8 218.7 213.3 197.7
12.1 9.3 6.8 5.1 3.1 1.2 3 4.5 4.4 3.3 4.7 5 6.6 7.1 8.8 10.9 12.3 13.2 20 30.9 45.5 65.1 83.6 96.7 106.8 112.8 131.3 157.4 185.2 191.7 184.9 182.2 175.2 165.9 164.8 163.5 157.7 149.9 149.2 157.3 161 170.3 186.5 194.5 185.4 206.1 196.5 189.4 187.1 181.2 181.9 197.9 211.9 211.7 211.7 221.6 231.2 229.5 223.3 222.5 231.5 243 240.8 236 232.7 232.4 228.6 221.1 216.3 211.1 210.6 207.8 196.3 192.6 204.8 219.3 217 208 189.5
26.2 19.6 12.2 8.4 6 5.4 6.9 9.7 7.6 4.7 4.5 5.7 7.4 8.1 10.7 12.3 13.7 15.8 20.2 31.3 46.8 67.3 86.7 99 107.4 118.5 135.2 163.4 194.9 206 195.2 186.9 181.6 176.2 170.2 165.3 166.6 157.4 147.6 162.5 184.5 183.9 197.4 199.8 192.2 206.3 195 191.1 190.7 187.2 182.5 187.9 198.5 198 208.8 215.5 218.4 215.4 219.3 220.8 229.6 240.1 237 233 232.1 227.7 222.6 218.6 214.7 211.2 203 198.2 189.2 192.8 200.5 203.4 202.2 197.7 182.7
30.1 25.6 24.1 15.2 16.7 15.9 20.4 22 14.8 14.9 14.1 8.7 7.8 9 10.5 13.4 14.2 16.9 18.5 29.7 41.1 59.4 82.8 95.9 106.5 112.4 138.7 162.7 185 213.7 206.7 192.9 189.9 187.3 175.5 168.9 182.5 176.1 158.7 151.3 163 169.8 179.6 193.3 189.9 194.7 188.7 183.7 176.6 179.6 176.8 177.9 185.3 196.9 210.8 215.4 214.3 209.5 216.1 223.1 229.5 229.8 227.8 235.6 241.3 229.2 223.2 219.1 214.8 205 190.8 185.5 183.3 179 180.9 179.7 177.7 181.1 172.5
37.9 35.4 30.2 28.1 29.6 30.1 33.4 33.7 30.7 33 34.2 32.4 28.1 20.3 18.8 21.6 25.5 27.9 24.6 24.5 33.4 41.5 52.4 73.5 100.6 108.1 128.2 149.7 170.1 205.8 217 204.8 204 200.9 184.5 173.5 172.7 164.5 161.2 153.6 155.1 166.1 158.5 166.5 175.2 173.2 183.6 175.5 171.4 165.7 169.6 169.4 179.3 199.1 215.9 213.4 203.8 200.5 213.6 215.5 207.3 212.6 230.1 238 233.6 229.4 224.1 216.8 209.6 196.8 186.3 180.8 177.4 175.8 169.8 166.3 164.2 164.4 162.2
48.4 45.9 37.3 36.2 36.1 41.4 46.7 47.9 50.4 47.9 51.6 58.9 49.4 40.8 35.4 33 35.4 33.3 35.9 31.3 37.6 41.7 46.3 58 77.2 97.8 117.4 133.4 154.3 178.2 208.1 205.2 194.9 190.2 183.5 169.3 163.8 161.1 156.9 154.1 155.7 157.4 155.6 155.2 156 158.4 166.1 174 172.8 161.5 163.8 161 161.3 176.8 186.5 189.1 186.6 177.4 181 182.7 195.8 213.8 227 233.5 226.1 224.5 223.3 217.8 210.7 204.6 193.5 185.9 184.9 181.8 178.6 171.3 163.6 157 150.4
50.2 47.4 41 39.2 42.2 51.3 60.3 67.5 63.8 69.4 72.2 67.2 56.5 53.3 52.8 47.2 47.7 47 42.8 37.7 38.8 40.2 49.3 71.5 87.1 101.5 116.7 125.5 141.7 148.7 164.5 167.8 164 165.4 168.7 177.9 188 190 184.1 173.2 162.5 161.9 160.9 158 159.5 155.5 157.2 172.3 173.5 163.5 158.3 158.3 158.3 161.2 159.7 163.9 169.7 165.2 166.6 175.8 193.8 203.3 216.2 217.2 200.5 196.1 207 218.1 223.9 216.1 205.2 196.4 194.5 191.8 185.7 179.7 171.2 163.1 159.4
47.2 43.4 41.9 43.1 55 69 72.3 80.1 81.7 84.9 83.6 71 71 77.5 78.1 70.1 70.8 65.7 59.7 53.6 52.1 53.3 51.8 85.8 108.5 124.4 137.7 143.7 145.8 148.7 157.9 161.8 170.1 166.8 172.8 187.4 192.4 202 198.1 183.3 181.7 180 178.8 168 166.9 157.2 156.8 155.9 159.3 158.7 158.3 158.3 158.3 158.3 158.3 158.3 158.3 158.5 162.5 175.7 190.1 195.4 191.3 184 180.1 192.8 210.2 219.3 221 214.5 203.8 201.4 201.5 199.8 188.3 182.4 178.1 172.6 168.5
50.7 54.3 52.7 58.4 73 81.8 87.3 92.4 92.7 90.4 92.4 92.3 95.9 97.1 91.4 87.9 91.2 87.4 84 77.4 81.5 78.9 74.1 96 116.1 123.5 132.6 144.9 150 150.6 155.8 168.4 170.3 176.1 185.3 188.2 193.4 197 195.2 189.6 183.6 182.9 186.1 182.2 175.3 162 158.2 160.6 158.5 158.3 158.3 158.3 158.3 158.3 158.3 158.3 158.3 158.3 158.6 169.5 171.6 167.5 166.6 167.6 173.9 185.3 200.2 207.2 205.4 200.7 201.4 205.8 209.1 205 194.4 190.4 185.9 182.3 174
58.4 63.6 67.3 72.1 77.6 90.8 93.8 94 108.1 110.1 112.7 117.2 114.5 110.2 99.8 96.4 100.2 96.8 93.7 90 93.7 94 91.1 96.4 106.3 115.9 134.2 159 171.6 167.9 179.2 190.4 196.1 207.6 219.4 224.4 222 224.4 218.4 203.5 194.9 190.5 196.4 194.2 180.2 167.1 163.9 172.5 175.2 158.8 158.3 158.3 158.3 158.3 158.3 158.3 158.3 158.8 158.3 158.3 158.3 158.3 158.7 161 163.3 170.9 185.3 194.1 194.1 195.1 203 213.4 216.1 213.2 209.6 207.2 199.7 192.3 173.7
73.6 75.9 75.9 79.8 82.2 84.7 90.7 104 115.2 118.9 121.3 119.1 116 110.4 103.4 105.1 110.1 114.5 102.7 93.9 95.1 98.5 102.1 113.5 115.6 136.9 163.7 184.2 189.4 199.4 199.2 213.4 219.4 239.9 247.8 247.6 245.6 241.6 235.4 216.9 213.6 206.7 215.4 205.3 184.4 173.3 167.6 182.4 185.6 165.1 158.3 158.3 158.3 158.3 158.3 158.3 159.3 158.3 158.3 158.3 158.3 158.3 158.3 158.3 158.3 161.6 169.8 177.5 185.5 192 207.8 220.6 222 225 226.8 223.3 208.3 197 167.9
78.7 74.7 78.4 82.5 90.4 95.2 103.9 107.7 109.2 112.1 120.9 125.4 131.5 133.2 119.2 116.6 120.4 118.8 112.8 107 105.2 113 130 135.8 138.8 149.1 190.7 210.6 218.7 235.1 236.3 245.3 253.1 267.9 270.3 274.2 263.9 258.7 250 227.8 221.8 221.9 221.7 207.3 195.8 178.8 172.7 178.4 184.1 171.8 158.8 158.3 158.3 158.3 163.3 167.4 163.8 160.3 161.5 158.4 158.3 158.3 158.3 158.3 158.4 159.3 160.8 165.7 173.2 184.6 202.9 222.5 233.5 242.2 238.8 225.5 206.2 188.2 158.9
81.3 79.2 78.5 81.5 87 89.5 104.8 122.3 128.7 138.2 154.9 150.7 155.6 147.1 141.5 144.2 159.5 146 133.8 130.3 133.3 136.9 145.7 158 169.1 175.2 200.1 235.1 244.1 257.4 266.5 270.7 273.6 273.4 278.2 282.4 273.6 268.4 252.3 243.5 223.1 235.9 226.4 212.8 203.3 183.1 176.1 185.6 195.1 193.3 182.8 171 161.4 163 171.6 180.3 184.5 177.3 171 165.7 165 167.5 163.6 158.3 162.1 165.6 169.8 167.1 167 170 185.8 204 224.6 235.8 228.8 218.6 204.9 181.4 152.9
78.3 78.3 80 82.4 87.7 108.8 129.8 138.4 147.8 166.3 173.3 169.3 171.8 168.6 162.3 175.1 179.4 168.2 159.4 165.7 168 166.4 167.6 184.6 202.3 214.4 219.6 238.3 257.6 269.3 275.8 278.2 283.5 282.6 289 288.1 282.9 273.9 255.9 246.7 242.2 240.3 228.9 223 201.5 182.9 183.9 196.8 214.4 224.6 213.4 201.3 184.4 181.7 186.3 191.5 191 186.4 182 176.9 176 177.6 170.8 162.8 163 167.9 170.3 168.6 167 168.7 174 184.5 200.8 224.3 220 212.7 199.3 168.9 149.5
82.8 92 109.5 112.6 115.6 133 145.8 156.9 167.9 181.2 182.8 183.8 183.6 185.2 184.3 202.2 192 180.8 174.8 191.4 195.3 190.8 196.8 220.3 239.6 234.7 234.5 236.4 249.1 266.8 280 292.7 300 289.2 292.4 286.3 289.5 270.5 255.3 251 254.2 245.6 231.7 226 197.4 184.6 188.6 203.5 226.6 233.8 226.8 215.8 206 201.9 203.9 210.2 207.7 203.9 199.4 195.1 194.2 191.5 181.8 171.5 166.8 169.7 170.9 171.1 173.4 175.1 173.3 173.7 188.4 203.9 213 201.3 176 162.4 144.8
101.2 114.9 128.8 133.8 144.2 145.9 150.5 165.1 179.1 184.8 192.9 196.6 200.1 200.5 206.5 213.5 207.2 197.7 194.5 207.2 218.8 222.3 222.6 247.2 256.6 251.6 250.1 246 250.1 266.1 274.1 290.5 292.2 285 288.1 286.6 287.3 271.4 264.4 257.2 260.2 255.2 238.6 226.3 197.9 187 193.8 210.9 235.3 239 233.8 226.6 221.3 214.7 220.6 234.3 229.9 225.1 217.2 215.6 213.1 204 196 181.3 178.2 177 174.7 177.2 182.5 179 174.3 173.9 180.7 198.2 204.6 187.4 158.3 149.8 139.8
127.7 135.1 142.9 153.5 158.1 162 165.4 171 181.3 192.2 202.3 208.4 223.5 226.7 231.2 231.2 223.2 216.2 213.6 230.9 249.6 246.1 251.4 263.8 270.1 271.6 260.8 259 251.8 261.8 281 285.3 282.6 282.6 284 282.6 284.1 280.5 265.4 264.3 273.9 261.7 244.7 219.6 206.5 194.1 204.1 222.1 242.7 241.9 239.5 233.9 224.5 219.1 228.8 246.8 241.2 231.1 224.7 227.4 225.6 213.5 202.3 190 184.6 182.7 178.8 179 182.5 180.7 174.5 174.5 185 190.8 188.5 157.9 143.8 136 133
146.5 149.1 159.4 167.2 177 184.4 179.8 179.5 188.3 200.3 214.2 218.5 236.4 247.9 248.8 245.4 234.8 230.9 236.3 255.2 264.4 258.5 277.1 283.1 283.5 285.3 271 266 260.6 257.6 282.5 282.6 282.6 287.3 297.3 292.8 287.4 282.3 279.7 269.3 271.9 262.3 249.6 221 204 204.2 213.1 228.3 240.2 246.4 247.5 244 229.4 222.2 238.9 254.5 261.2 237.1 227.2 230.1 226.8 214.9 207.7 196.4 192 187.6 182.4 178.2 178.6 176.2 170.3 168.8 176.2 175.3 160.2 137.8 133.8 127.7 127.1
144.8 164.2 171.1 172.6 186.8 193.3 188.7 190.9 204.2 216.6 233.1 244.2 245.9 258.3 262.6 256.3 247.3 246.2 261.6 278 278.7 277.8 290.5 296.3 297.6 292.3 281.8 276.2 275.9 278.1 289.6 287.4 285.1 296.2 297.5 297.9 288.3 281.2 282.2 285.2 287.5 266.7 247.4 228.9 209.7 207.8 214.6 226.8 243.2 257.7 260.1 248.4 232.8 229.4 251.9 263.5 262 238.1 226.7 224.1 217.2 216.4 218.5 214.2 196.1 189.3 180.5 176.8 174.2 170.8 165.3 162.5 160 146.1 135.8 131.5 127.8 125.3 124.6
154.4 166.3 175.6 185.8 193.8 202.8 203.5 210.4 220.4 232.3 240.2 257.7 260.8 259.7 268.3 273.9 264 261.5 271.3 289 287.2 289.3 302.3 308.6 306.9 301 299.2 292.2 299.3 305.8 307.8 306.5 307 311 311.1 299.2 292.8 288.8 291.6 297.3 289.8 268.9 249.6 231.2 221 218.2 225.9 233.2 246.3 257 252.2 244.2 234.4 245 261.8 271 258.1 233.2 220 214.6 213.2 219 225.9 226.5 204.4 187.5 176.5 173.2 169.7 166.2 164.1 152.9 142.7 133 132.6 131 125.2 124 124.3
162.3 173.5 188.9 193.8 202.8 209 222.5 231.5 236 245.5 256.3 260.8 268 275.7 273.2 280.6 290.1 279 279.9 295.3 290.7 298.1 315.3 320.7 319.5 314.3 310.3 307.2 313.8 318.8 317.6 314.6 315.5 320 322.9 311.1 300.8 291.4 296.2 310.8 295 273.7 248.2 236.7 230 231.8 235.6 241.7 254.5 261.6 249.4 241.1 237.2 248 263.8 266.8 251.4 231.3 215.3 209.2 212.4 219.8 226 225.5 206.5 188.5 178.1 167.1 162.4 166.6 166.4 144.7 133.6 130.7 131.4 132.7 126.7 123.7 125.2
184.1 185.1 194.9 199.2 204 215.2 228.7 246.1 246.2 254.8 268.2 269 283.1 286.2 278.2 279.2 290.3 286.8 292.2 299.6 298.2 301.2 313 319.1 324.5 323.2 323.6 322.3 327.7 333.4 329.2 326.5 330.8 326.3 331.3 317 312.1 296 307.8 310.4 292.6 271.9 251.8 240.8 235.4 241.8 251.6 252.6 263.5 267.4 256.3 244.2 244.3 257.7 266.4 265.8 250.7 228.4 211.1 206.2 208.8 216.6 221.1 223.2 200.9 187.7 180.8 164.2 158 160.8 154.1 135.1 130.3 130.1 131.7 131.4 126.4 123.5 127.4
194.7 196 201.2 205.3 208.1 212.4 237 242.2 252.6 260.1 273.9 279.2 290.2 287.1 296.7 291.9 290.9 295.6 298.1 301.6 304.9 302.5 321.1 329 334 333.2 339.3 338 341.2 341.9 334.4 333.5 333.7 328.8 324.3 316.2 311.9 303.1 315.6 309.7 286.5 270.4 254.7 250.8 246.1 254.3 269.7 269.6 267.2 269.4 260 247.2 251.2 258.1 259.9 260.9 248.9 222.3 207 206 207.2 212.4 216.5 204.1 188.8 184.8 176.2 160.3 152 147.3 135.5 126.2 128.1 131.4 135.1 135.5 125.3 122.6 126.4
197 201.5 209.8 209.9 211.3 227.1 243.8 253.6 265.9 268.9 283.2 291.9 294.2 304.6 304.5 302.8 306.7 305.8 316 317.7 318.8 310.9 322.5 341.6 346.6 346.2 346.7 347.3 347 344.8 338.2 341.2 340.4 330.5 324.9 312 304.9 305.5 305.1 301.7 296.7 268.7 265.1 257 262.7 272.3 285.8 278 267.1 266.7 258.7 251.4 252.8 255.2 253.6 251.3 239.1 214.6 206.7 205.7 205.6 208.5 211.5 196 185.3 182.1 169.9 157.2 151.5 137.6 126.1 124.5 125.3 129.4 138.8 130.5 122 123.5 128.1
