Assets/StreamingAssets/GeoData/Data/nm/NM83.asc
ncols 200
nrows 200
xllcorner 180000
yllcorner 730000
cellsize 50
[rows 148 to 184 of 200, columns 85 to 169 of 200]
-1.2 -1.2 -1.2 -1.2 -1.2 -1.2 -1.2 -1.2 -1.2 -1.2 -1.2 -1.2 -1.2 -1.2 -1.2 -1.2 -1.2 -1.2 -1.2 -1.2 -1.2 -1.2 2.7 6.4 -1.2 -1.2 -1.2 -1.2 -1.2 -1.2 -1.2 -1.2 -1.2 -1.2 3 2.6 6.2 11.9 8.5 9.7 31.5 33.3 33.5 28.3 29.3 26.5 33 38.8 33 28.4 22 17.6 14.3 14.1 11.1 11.9 11.2 10.3 8.8 8.8 11.9 19.3 36.9 57.3 62.3 66.7 71.1 70 70 85.5 86.3 85.9 86.6 83.8 77.2 88.5 100.1 114.8 118.2 112.3 105.4 102.9 100.7 96.8 96.9
-1.2 -1.2 -1.2 -1.2 -1.2 -1.2 -1.2 -1.2 -1.2 -1.2 -1.2 -1.2 -1.2 -1.2 -1.2 -1.2 -1.2 -1.2 -1.2 -1.2 -1.2 -1.2 6.9 7 1.2 -1.2 -1.2 -1.2 -1.2 -1.2 -1.2 -1.2 -1.2 6.9 9.8 7.7 9.8 11.6 11.9 37.3 45.3 52.9 51 49.5 36.9 28.3 36.7 33.1 31 26.8 19.1 17.7 19.6 16.6 12.9 13.8 15.5 15.8 16.4 18.4 23.2 28.4 46.1 61.7 65 69.4 75.7 80.2 78.8 93.4 99.8 98.2 92.5 84.3 85.7 91.8 100.6 114.5 123.4 115.1 108.3 101.2 100.3 99.4 97.7
-1.2 -1.2 -1.2 -1.2 -1.2 -1.2 -1.2 -1.2 -1.2 -1.2 -1.2 -1.2 -1.2 -1.2 -1.2 -1.2 -1.2 -1.2 -1.2 -1.2 -1.2 1.5 7.5 3.4 0.9 -0.2 -0.2 -1.2 2.1 9.9 8.6 0.9 1.9 7.5 10.5 8.1 9.2 13.5 20.6 45 60.3 62.3 53.8 53.6 38.6 38.2 41 37.7 33.6 31.3 24 24.3 23.9 20.9 15.4 13.9 14.5 19.4 17.5 17.7 23.8 36 51.1 60 68.2 73 83.3 88.2 88.2 101.1 108.3 106.2 91 98.7 97.3 97.8 99.2 104.2 116.5 116.4 110.4 101.2 97.9 100.8 96.9
-1.2 -1.2 -1.2 -1.2 -1.2 -1.2 -1.2 -1.2 -1.2 -1.2 -1.2 -1.2 -1.2 -1.2 -1.2 -1.2 -1.2 -1.2 -1.2 -1.2 -1.2 2.2 4.3 2.1 1.5 0.7 1.1 2.9 8.4 10.2 5.6 4.2 4.7 6.9 8.6 8.9 11.1 19.9 32.3 58.3 62 61.7 56 48 40 40.2 48.6 48.1 37.7 34.9 28.3 27.2 28.2 27.5 22.2 18.5 15.2 13.6 16.1 18.5 25.5 38.6 49.6 58.6 66.9 74.5 85.1 94.2 94.7 104.7 111 107.5 104.3 88.8 89.6 97.5 96.4 99.1 100.6 110.1 108.6 106.2 96.1 91.1 88.3
-1.2 -1.2 -1.2 -1.2 -1.2 -1.2 -1.2 -1.2 -1.2 -1.2 -1.2 -1.2 -1.2 -1.2 -1.2 -1.2 -1.2 -1.2 -1.2 -1.2 -1.2 7.3 7.2 3.9 2.1 2 2.1 7.8 9.4 8.9 7.1 6.9 7.6 8 10.7 11.7 15.5 22.1 36.4 51.8 53.5 55.2 55.8 49.8 42.7 37.7 50.9 51.4 40.8 40.3 39.8 33.8 32.7 31.6 24.2 19 14.2 14.2 16 19.6 28.5 39.8 49.7 58.4 66.3 76.5 87.6 94.9 96.2 99.2 108.7 102.9 104.4 90.9 90.3 99.4 94.6 95.6 98.6 101.5 102.1 100.2 97.2 90.6 83.4
-1.2 -1.2 -1.2 -1.2 -1.2 -1.2 -1.2 -1.2 -1.2 -1.2 -1.2 -1.2 -1.2 -1.2 -1.2 -1.2 -1.2 -1.2 -1.2 -1.2 -1.2 9.3 8.1 9.7 6.3 5.1 4.3 7.7 9.8 10.9 10 9.5 21.9 12.1 12.2 14.2 16.4 25.8 35.8 45.7 49.7 56.1 56.5 53.1 45.3 38.1 49.9 49.2 49.1 56.7 44.5 40.9 36.2 32.1 20.9 16.8 14.9 15.3 18.3 23.8 37.7 46 57 66.6 72.5 81 91.8 103.4 104.3 97.9 96.6 97.9 95.2 91.1 89.6 93 93 94.9 98.8 100.6 103.7 97.9 87.5 82.4 78.1
-1.2 -1.2 -1.2 -1.2 -1.2 -1.2 -1.2 -1.2 -1.2 -1.2 -1.2 -1.2 -1.2 -1.2 -1.2 -1.2 -1.2 -1.2 -1.2 -1.2 -1.2 2.1 10.6 10.2 8.1 7.5 9.9 8.5 10.6 12 12.1 31.8 28.5 17.2 19.2 21.7 27 25 34.6 50.3 55.6 57.8 57.8 51.4 45.5 37.3 45.3 56.6 63 54.8 51.3 48.4 44 30.4 17.1 16.6 15.9 17.5 20.9 28.9 49.7 59.7 68.5 78.2 87 86.5 96.4 103.5 103.7 101.2 102.6 103.4 95.3 93.5 91.2 90.1 91.1 93.6 94.1 99.1 95.3 95 93.1 79.8 77.4
-1.2 -1.2 -1.2 -1.2 -1.2 -1.2 -1.2 -1.2 -1.2 -1.2 -1.2 -1.2 -1.2 -1.2 -1.2 -1.2 -1.2 -1.2 -1.2 -1.2 -1.2 10.3 11.6 11.4 10.4 9.9 11.2 9.9 11.6 12.9 13.6 24.8 19.7 19.1 23.9 27.4 32 27.7 34.4 52 54 52.5 48.1 45.7 42.1 33.3 40.2 46.6 61.6 58.9 48.9 43.5 40.9 27.4 18.9 17.5 21.7 22.5 25 37.2 57.3 68 77.9 88 96.6 98.9 103.3 106.9 106.1 103.8 103.6 103 94.9 92.9 94.2 92.7 91.6 94.7 98.7 98.2 98.5 91.1 81.9 79.2 74.1
-1.2 -1.2 -1.2 -1.2 -1.2 -1.2 -1.2 -1.2 -1.2 -1.2 -1.2 -1.2 -1.2 -1.2 -1.2 -1.2 -1.2 -1.2 -1.2 -1.2 -1.2 5.5 6.9 9.9 12.3 20.1 24.7 11.9 13.5 15.5 20.8 22.9 20.9 23.2 28 31.9 31.8 30.9 32.9 45.2 46.2 48.5 46.8 44.3 44 30.4 30.4 35.9 50.3 55.8 50.7 40.8 33.6 28.1 18.5 19.4 31.4 33 35.3 52.2 65.9 75.2 85.1 94.9 101.7 106.9 111.9 111.2 111 111.2 107.9 102.3 99.4 99.4 99.7 96 97.1 94.4 94.9 97.4 103.6 93.2 84 76 73.9
-1.2 -1.2 -1.2 -1.2 -1.2 -1.2 -1.2 -1.2 -1.2 -1.2 -1.2 -1.2 -1.2 -1.2 -1.2 -1.2 -1.2 -1.2 -1.2 -1.2 -1.2 -1.2 7.5 8.8 33.2 23 14.5 11.8 12.7 13.7 20.7 20.1 21 24.7 32.8 33.2 32.2 33.1 29.8 36.4 42.3 50.3 53.8 47.9 35.7 30.4 30.4 30.4 37.5 51.2 48.2 37.1 24.9 22.3 25.5 33.9 34.4 36 42.5 56.8 70.3 79.1 88.7 99.1 103 105.3 109.4 111.5 118.2 112.8 111.4 107.8 104.2 104.8 103 102.9 105.6 98.9 97.1 111.6 108.8 97.2 81.7 76.5 74.4
-1.2 -1.2 -1.2 -1.2 -1.2 -1.2 -1.2 -1.2 -1.2 -1.2 -1.2 -1.2 -1.2 -1.2 -1.2 -1.2 -1.2 -1.2 -1.2 -1.2 -1.2 -1.2 2.6 8 28.3 28.3 18.3 12.8 13 13.7 15.4 15.6 20.3 26.6 33.3 33 31.9 31.6 31 40.1 49.2 53.7 59.9 45.7 35.6 30.4 30.4 30.4 30.5 41.4 36.4 30.4 31.2 30.6 31.8 41.1 35.8 38.9 47.3 60.8 71.3 79.3 87.4 96.4 98.1 100.5 104.9 109.4 117.1 123.2 117.7 115.5 112.5 111.6 111.8 108.1 103.9 97.9 93.8 95.7 98.7 93.6 83.4 81 79.8
-1.2 -1.2 -1.2 -1.2 -1.2 -1.2 -1.2 -1.2 -1.2 10.4 -1.2 -1.2 -1.2 -1.2 -1.2 -1.2 -1.2 -1.2 -1.2 -1.2 -1.2 0.9 5 8.2 15.8 29.2 26.1 24.5 17.2 14.7 15.2 18.6 25.9 32.6 33.5 34.2 31.4 31.2 39.6 40.1 47.8 56.7 58.8 50.9 37.6 32.2 30.4 30.4 30.4 30.4 32.3 38.8 43.9 35.2 37.6 42.8 40.3 43.5 52.7 62 71.5 78.6 85.2 90.3 90.2 93.2 98.7 109.2 111.9 119.5 117.3 117.4 117.6 116 115.9 112.3 106.9 98.2 93 90.9 89.2 88.9 84.3 89.5 90.8
-1.2 -1.2 -1.2 -1.2 -1.2 -1.2 -1.2 -1.2 -1.2 17.9 -1.2 -1.2 -1.2 -1.2 -1.2 -1.2 -1.2 -1.2 -1.2 -1.2 -1.2 0.9 5.5 8.6 21.5 32.5 33.4 26.9 23 16.6 17.1 24.2 36.4 34.2 40.4 37.5 31.5 32 35.8 42.4 46.2 52 55.8 53.5 37.5 31.9 30.4 30.4 30.4 32 38.7 47.1 44.9 38.9 39.3 46.9 45 53.1 58.3 61.4 70.6 79.3 85 87.6 87 87.9 92.6 105.8 110.8 111 115 116.8 116.6 120.1 119 117.5 107.4 100.3 94.7 87.1 81.8 80.1 83.1 87.2 86
-1.2 -1.2 -1.2 -1.2 -1.2 -1.2 -1.2 -1.2 -1.2 18.4 16 -1.2 -1.2 -1.2 -1.2 -1.2 -1.2 -1.2 -1.2 -1.2 -1.2 -1.2 3.8 9.7 24.3 43.5 36.8 32.5 26.3 28.6 33 37.4 52.9 38.4 45 44.4 36 35.2 38.7 44.9 47.8 56.4 60.2 52.2 34.2 34.6 32.9 30.7 30.4 33.7 43.1 50.9 46.7 40.2 40.8 57.2 67.3 68.8 62.7 69.4 75 75.4 82 86.3 87.4 93.4 88 95.7 113 117.1 114.6 117.2 116.8 121.8 121.5 116.9 110.5 102.3 95.5 84 82.1 87.3 82.7 78.6 76.1
-1.2 -1.2 -1.2 -1.2 -1.2 -1.2 -1.2 -1.2 -1.2 -1.2 20.9 -1.2 -1.2 -1.2 -1.2 -1.2 -1.2 -1.2 -1.2 -1.2 -1.2 -1.2 8.7 12.5 35.3 44.4 37.1 38.3 41.9 57.3 60.3 59 57.9 43.7 46.3 47.7 59.3 47.6 45.8 55.3 55.9 58.8 64.1 56.2 37.6 37.8 32.7 34.7 32.6 33.8 44.2 56.9 47.6 48.1 53.5 73.3 74.3 78.1 74.8 73.7 85.4 88.1 85.1 89.8 96.3 102.9 103.4 106.1 112.8 116 116.2 118.4 122.6 126.3 125.3 123.7 116.2 102.1 88 85 90.5 95.2 87.5 76.6 72.5
-1.2 -1.2 -1.2 -1.2 -1.2 -1.2 -1.2 -1.2 -1.2 -1.2 -0.1 -1.2 -1.2 -1.2 -1.2 -1.2 -1.2 -1.2 -1.2 -1.2 -1.2 4.5 10.9 20.4 26.9 32.1 39.8 46.8 54.1 69.3 68.1 72.4 78.2 60.5 53.7 58.9 69.5 63.1 60.9 66.1 61.5 55.1 63.6 49.9 49.6 35.2 36.3 39.6 41 41.4 55.2 50.6 63.2 61.7 67.1 81.8 86.2 83.2 80.9 77.5 88.6 89.7 86.9 101.7 110.8 111 112.5 120.9 113.5 118.1 119.8 119.7 118 126 126.6 123.1 110 93.1 93 104.3 103 95.6 85.8 73.4 68.2
-1.2 -1.2 -1.2 -1.2 -1.2 -1.2 -1.2 -1.2 -1.2 -1.2 -1.2 -1.2 -1.2 -1.2 -1.2 -1.2 -1.2 -1.2 -1.2 -1.2 10.8 10.8 14.6 22.3 24.9 33.3 42.6 51.5 69.5 81.3 81.2 87.8 90 93.7 76.1 76.4 74 78.1 65.3 72.9 52 51.8 56.3 53 50.9 39.9 39.1 43.1 46.2 47.9 51.2 56.6 67.5 70 74 88.1 100.2 99.2 100.6 95.4 93.2 88.1 94.9 108.4 117.7 125 129.6 129.5 120.8 116.7 125.3 124 114.2 119.2 125.1 111.6 96.9 103 105.3 108.5 100.9 90.4 80.2 76.4 75.8
-1.2 -1.2 -1.2 -1.2 -1.2 -1.2 -1.2 -1.2 -1.2 -1.2 -1.2 -1.2 -1.2 -1.2 -1.2 -1.2 -1.2 -1.2 -1.2 7.7 23.3 24.4 17.9 21.2 30.7 44.6 49.1 56.5 68.9 76.7 85.9 96.1 105.7 104.4 92.6 81.2 80.9 78.9 73.8 72.6 59.9 48.7 61.3 54.9 50.5 50.5 49.3 48.2 46.7 45.3 58 70.9 75.1 83.2 87.1 98.4 107.7 105.2 100.7 92.2 93.3 89.7 102.7 114.9 126.3 126.5 129.2 125.3 117.4 111.2 117.9 117.5 114.8 107.4 110.1 98.7 109.4 106.1 102.9 103.1 96.4 94.3 96.1 88.1 81.8
-1.2 -1.2 -1.2 -1.2 -1.2 -1.2 -1.2 -1.2 -1.2 -1.2 -1.2 -1.2 -1.2 -1.2 -1.2 -1.2 -1.2 -1.2 -1.2 12.4 26.7 23.2 19.4 22 33.7 39.7 54.1 57.9 69.1 76.9 92.2 100.6 109.6 113.2 102.6 91.3 76.6 69.9 73.7 61 59.4 47.8 50.9 47.8 51.2 50.7 53.1 52.2 47.8 49 60.1 77.8 85.2 91 96.5 96.3 105.6 106.3 98.5 97.5 95.4 92.9 108.8 121.3 120.7 123.2 125.4 119.7 120.5 117.7 108.8 109.8 111.4 101.1 101.5 113.3 116.5 107.7 102.3 100.5 102.6 106.9 108.3 100.1 88.4
-1.2 -1.2 -1.2 -1.2 -1.2 -1.2 -1.2 -1.2 -1.2 -1.2 -1.2 -1.2 -1.2 -1.2 -1.2 -1.2 -1.2 -1.2 5.3 10.9 20.1 19.9 20.1 19.3 28.1 37.8 42.1 56 73.4 83.5 95.2 104.3 118.1 115.7 102.3 92.3 78.5 62.6 57.3 53.6 45.8 45.3 45.4 47.6 51.1 50.6 50.9 51.4 48.5 52.5 60.3 76.9 87.7 99.7 109.8 109.7 108 103.1 107.6 100.6 93.2 100.2 100.8 115.8 122.2 115.6 116.6 120.4 124.6 124.6 112 107.1 104.9 104.9 111.6 110.6 114.4 107.1 102.9 103.5 107 112 105 99.6 89
-1.2 -1.2 -1.2 -1.2 -1.2 -1.2 -1.2 -1.2 -1.2 -1.2 -1.2 -1.2 -1.2 -1.2 -1.2 -1.2 -1.2 -1.2 5.3 19.6 20.3 19.9 18.3 14.9 22 30 37.8 59.2 73.3 84.1 98.9 110.8 125.6 117.9 100.4 91.6 64.3 54.3 45.6 43.9 44.2 44.8 45.5 47.5 50.2 51.7 51.5 52.4 50.9 55.5 59.4 78.4 93.9 105.9 114.7 109.3 108.8 108.1 105.5 106.7 104.9 99.2 109.5 113.6 109.6 111.6 112.3 119.4 121.7 118.7 111.5 102.3 101.7 105 108.1 108.9 108.6 102.7 101.5 102.7 109.2 105.8 100 93.2 86.9
-1.2 -1.2 -1.2 -1.2 -1.2 -1.2 -1.2 -1.2 -1.2 -1.2 -1.2 -1.2 -1.2 -1.2 -1.2 -1.2 -1.2 -1.2 9.6 32.1 22.3 15.5 14.1 14 19.4 27.3 32.7 50.5 68.2 86 99.4 109.5 120.1 105.4 93.2 88.7 54.8 48.9 42.9 43.9 52.4 50.2 46.7 47.3 48.7 48.6 50.2 52.4 52.3 54.7 63 84.1 98.1 103.2 106.3 110.7 111.6 110.5 110.3 111.8 110.9 102.1 102.4 102.2 102.6 104.9 106.3 110.7 117.6 114.3 105.4 106.9 112.9 105.1 105.1 105.5 104 102.3 103.4 104.1 109.8 105.8 102.7 103.5 94.7
-1.2 -1.2 -1.2 -1.2 -1.2 -1.2 -1.2 -1.2 -1.2 -1.2 -1.2 -1.2 -1.2 -1.2 -1.2 -1.2 -1.2 -1.2 18.5 38.5 18.5 13.3 14.1 15.5 22.9 28.4 32.5 41.8 53.7 74.4 88.2 96 104.2 92 84.5 65.9 60.1 53.1 42.7 44.1 50.1 47.9 47.2 47.6 49 50.7 55.3 53.7 55.6 57.9 61.7 77.1 92.1 100.9 108.5 116.6 116.5 115.5 113.3 111.4 112.1 111.7 105.9 105.5 104.4 106.3 106.4 106 107.7 106.3 107.1 112.9 113 105.1 104.3 106.7 103.3 108.5 109.4 105.7 113.8 110.3 104.8 101.2 83.5
1 -1.2 -1.2 -1.2 -1.2 -1.2 -1.2 -1.2 -1.2 -1.2 -1.2 -1.2 -1.2 -1.2 -1.2 -1.2 -1.2 -1.2 9.2 6.9 8.2 11.6 15.6 25.9 41.4 41.4 38.2 39.7 44.7 62.4 78.5 83.5 80.5 71.1 66.4 68.1 56.7 51.1 52.1 46.4 46.2 46.1 47.8 51.4 61.3 64.3 58.6 53.8 57.1 58.7 65.2 85.1 102.1 115.2 121.5 125.1 124.5 122.2 119.1 116.3 116.6 119.3 112 115 113.2 110.1 112.6 110 106.5 110.6 112.1 110.3 107.2 103.2 102.4 102.5 104.1 111.6 110.2 107.8 111.4 114 112.8 97.4 80.8
7.8 3 -1.2 -1.2 -1.2 -1.2 -1.2 -1.2 -1.2 -1.2 -1.2 -1.2 -1.2 -1.2 -1.2 -1.2 -1.2 -1.2 -1.2 -1.2 4.4 9.5 22.9 51.3 62.1 61.7 57 48.8 43.6 51.3 73.5 69.2 64.9 60.2 66.3 61.6 52.7 40.6 44.6 48.9 48.4 47.5 48.3 55.7 72.8 73.8 67.3 56.5 57.6 58.5 69.1 94.3 108.2 117.7 126.4 131 128.7 128.4 124.5 122.5 119.9 118.4 117 117.3 115.2 114.7 115.6 111.2 115.2 120.6 116.5 107.7 104.4 102.6 102.4 102.8 105.9 106.8 108.9 111.1 119 121 114.2 99.5 82
9.6 4.9 1 -1.2 -1.2 -1.2 -1.2 -1.2 -1.2 -1.2 -1.2 -1.2 -1.2 -1.2 -1.2 -1.2 -1.2 -1.2 -1.2 -1.2 1.6 9.3 38.6 71.3 75.3 74.5 76.1 71.3 62.8 54.9 52.5 56.3 55.7 57.8 70.3 61.4 46.1 37.9 36.3 49.4 51.1 52.2 55.3 57.8 76.5 83.9 83.6 60.3 58.4 58.7 74.7 100 107.6 119 131.8 137 134.8 130.6 127.6 123.1 122 122.7 121.3 118.3 118 117.1 117.3 122.9 123.5 124.3 123 109.8 103.3 102.7 102.4 105.2 108.1 107.8 112.9 113.7 121 118 108.8 95.3 83.1
8.4 7.8 8.5 5.4 4.1 0.7 -1.2 -1.2 -1.2 -1.2 -1.2 -1.2 -1.2 -1.2 -1.2 -1.2 -1.2 -1.2 -1.2 -1.2 1.9 15.9 46.4 71.3 79.5 86 87 78.5 70.2 62.2 53.2 44 42.9 56.1 64.7 59.6 42 37.3 36.8 53.1 58.1 68.2 64.8 60.4 78.7 90.8 91.5 85.6 70.1 70 83.6 101.5 109.9 119 133.5 134.8 132.5 130.3 127.1 124.6 126 136 137.4 125 126 124.2 133.9 135.5 134.4 133.5 128.9 111.3 104 103 107.5 106.4 108.7 112.1 119.4 115.9 123.4 118 107.3 84.9 84
4.3 8.4 14.8 10.2 9.8 2.4 0.8 -1.2 -1.2 -1.2 -1.2 -1.2 -1.2 -1.2 -1.2 -1.2 -1.2 -1.2 -1.2 -1.2 6.1 29.1 55.8 72.5 73.7 87.8 90 81.7 71.1 58.9 50.4 39.6 38.6 45.2 51.8 52.4 36.5 36.5 41.6 55.1 70.8 83 70.5 72.1 78 84.1 85.3 91.1 89.2 75.8 89.1 101.6 108.4 115.1 125.5 129.2 128.6 130.4 127.8 133.6 137.2 141.1 147 134.5 136.1 146.1 146 140.9 141 134 127.6 113.4 107.2 103.9 104.7 107.7 114.8 114.9 118.1 128.7 125.3 114.4 97.6 86.4 85.7
5.4 11.1 31.1 22.4 20.6 9.7 6.8 2 -1.2 -1.2 -1.2 -1.2 -1.2 -1.2 -1.2 -1.2 -1.2 -1.2 -1.2 -1.2 9.4 40.4 74 81.6 80.2 81.2 86.9 79.3 61.4 43.7 31 31.6 33.5 39.8 37.8 35.1 36 43.5 51.7 63.6 80.4 86.7 81.9 77.2 83.8 91.5 85.4 95.2 88.7 100.1 101 100.7 106.4 109.2 118.2 121.4 125 130.6 138.3 144.4 146.2 145.2 141.3 143.5 151.5 152 148.8 138.9 138.4 134.3 128.6 109.2 112.9 109.3 105.9 112.5 114.4 130.5 117.3 123.6 123.3 111 88.1 89.5 95.9
9.2 20.6 29.3 30.6 27 15.2 8.8 2.1 1.1 -1.2 -1.2 -1.2 -1.2 -1.2 -1.2 -1.2 -1.2 -1.2 -1.2 -1.2 12.2 46.4 77.3 84.1 83.8 85.4 79.7 73.4 50 30.4 30.4 29.6 29.8 33.4 35.2 43 49.7 48.4 57.8 67.3 79.7 88.3 77.5 84.3 84.5 84.4 88.8 91.3 91 106 110.2 115.6 105.8 108.3 110.1 122.6 129 138.5 146.2 150.5 153.5 141.2 145.8 151.4 154.3 152.4 148.8 142.2 126 122.2 108.3 99.7 107.8 104.7 113.7 121.2 123.4 129.2 118.3 109 113 95.4 91.4 106.6 107.6
10 21.3 28.2 31.9 31.1 22.1 8.8 4.5 4.8 10.2 9.9 -1.2 -1.2 -1.2 -1.2 -1.2 -1.2 -1.2 -1.2 -1.2 28.2 44.2 63.6 71.1 78.8 83.1 79.2 62.9 31.6 28.7 28.2 29.1 44.1 38.9 48.6 53.7 51.2 53.8 52.7 66.7 79.9 83.6 75.8 77.8 82.5 89.7 90.1 100.8 105.8 103.3 112.2 113.5 110.6 110.3 117.2 116.1 133.1 147.6 151.5 149.4 140.4 153.2 159 156.8 153.7 145.4 140.3 132.1 120.2 111.6 93.9 96 100.6 106.3 120.8 127.9 128.2 130.8 121.1 109.8 98.1 92.8 96.2 112 129
12.6 23.1 28 31.4 27 22.1 9.9 8.2 10.2 9.9 5.4 2.2 -1.2 -1.2 -1.2 -1.2 -1.2 -1.2 -1.2 -1.2 13.5 30.3 45 53.4 64.8 72.9 61.5 36.9 32.3 27.4 38.3 52.8 58.2 50.2 60.5 57.7 58 48.1 51.4 65.5 70.7 74.7 63.1 74 87.1 83.4 89.8 99.1 98 101.3 107.1 108.5 119.7 126.3 117 115.8 126 136.9 135.2 138.1 151.1 158 165 156.6 148.9 139.3 130.4 128.7 114.1 95.3 89 89.9 97.6 114.4 124.9 135.5 132.1 128.2 115.6 97.7 99.1 100.8 103.8 118.8 136.9
20.6 24.8 30.4 22.4 13.1 13 10.6 10.7 10.3 2.1 4.6 2.1 6 3.2 -1.2 -1.2 -1.2 -1.2 -1.2 -1.2 5.9 10.1 28.8 36.4 38.1 34.2 16.6 18.8 31.6 30.2 45.4 62.4 67.2 54.1 54.9 52.8 55.7 49.3 50.1 54.3 60.5 53.1 62 60.3 74.8 87.3 87.5 91.4 101.4 107.4 111.2 106.3 115.2 127.6 128.7 113.7 108.3 115.9 130.3 147.9 154.9 157.6 150 147.4 135.8 126.4 115.8 114 99.2 90.1 86.6 88.4 108.2 123.4 126.4 136.2 135 119.1 99.2 107.3 108.2 106.8 111.8 124.3 141.7
25.2 27.4 21.8 10.5 8.2 7.2 9.3 7.1 0.9 0.9 2.1 6.3 7.1 -1.2 -1.2 -1.2 -1.2 -1.2 -1.2 -1.2 -1.2 7.1 12.1 21.2 14.9 12.7 25 32.1 31.1 32.2 49 65.2 65.6 54.5 50.8 51.7 44.3 46 51.8 48.5 53.5 48.5 47 47.9 60.6 79.4 92.7 96.5 92.3 102.7 104.1 105.4 124.9 133.3 129.5 118.1 106 116.2 120.8 137.1 149.5 153.4 149.2 139.3 126.5 115.2 105 97.1 90.6 85.4 85.4 94.4 116.5 130.7 131.9 133.1 112.8 93.9 106.6 112.2 112.6 113 122.2 133.8 135.6
29.1 29.3 10.5 1.6 -1.2 -1.2 3.8 -1.2 -1.2 -1.2 5.1 7 -1.2 -1.2 -1.2 -1.2 -1.2 -1.2 -1.2 -1.2 -1.2 -1.2 7.3 9.3 9.6 19.3 30.5 35.3 30.8 33.1 52.6 63.9 68.9 52.4 51.6 37.2 27.4 32.4 40.5 34.9 42.8 41 39 40.3 53.4 69.4 82.7 82.3 84 92 99.7 113.8 127.3 132.3 117.6 103.9 108.6 115.1 116.5 133 139.7 145.4 143 135.5 129.8 115.5 97.6 90.1 85.4 85.4 94.5 98.9 115.8 128.7 123.7 97 91.8 108 107.7 110.3 114.1 125.1 147 142.3 148.2
28.8 12.1 2.1 -1.2 -1.2 -1.2 1.1 -1.2 -1.2 -1.2 2.3 -1.2 -1.2 -1.2 -1.2 -1.2 -1.2 -1.2 -1.2 -1.2 -1.2 -1.2 4.4 7.3 9.5 38.9 40 26.9 29.1 36.5 51.6 63.8 61.7 46.2 43.7 27.5 21 28.1 29.2 25.1 28.8 31 32 34.7 41.2 49 60.9 71.8 76.6 92 109.7 112.1 108.8 99.2 102.3 118.4 126.1 128.2 129.4 127.7 134.9 132.6 134.9 137.7 121.3 107.6 93.2 84.8 81.1 88.6 103.6 101.6 112 114 96.1 90.7 105.8 111.4 114.6 112.5 116.3 129.8 148 144.5 146.2
14.3 5.2 -1.2 -1.2 -1.2 -1.2 -1.2 -1.2 -1.2 -1.2 -1.2 -1.2 -1.2 -1.2 -1.2 -1.2 -1.2 -1.2 -1.2 -1.2 -1.2 -1.2 1.7 6.2 10.6 19.6 21.9 24.2 39.7 39.2 49.1 62.6 57.5 29.6 28.5 20.8 19.7 24.6 20.2 20.2 21.8 33.4 32.9 32.6 35.1 39.8 51.2 56.1 71 82.7 90.4 93.7 85.2 89.5 109.5 132.5 133.9 131.5 128.6 126.1 122.6 123.8 125.3 116.1 97.6 92.2 86.3 76.7 69.3 88.2 95.7 97.7 98.5 92.7 88.5 92.5 107.9 111 112.5 113.5 119.6 129.2 135.3 140.6 141.2
