Assets/StreamingAssets/GeoData/Data/nm/NM85.asc
ncols 200
nrows 200
xllcorner 180000
yllcorner 750000
cellsize 50
[rows 0 to 34 of 200, columns 0 to 78 of 200]
113.2 109.2 106.1 99.2 101.1 103.6 105.6 106.8 116.8 124.6 127.7 134.8 135.7 137.6 139.4 127.2 122.3 124.2 117.8 112.8 111.7 104.8 106.1 105 105.9 115.7 118.7 121.3 124.7 126.6 123.7 119.1 123.1 118.9 112 104.1 100.6 92 83 80.6 92.7 97.7 105 111.2 112.9 115.2 117.4 118.9 114.9 122.7 128.4 144 153.7 163.2 167.6 166.5 175.7 171.4 161.4 160.4 164.6 161.7 163.3 154.4 148.9 156.3 159.4 160.8 157.4 155.7 154.7 143.8 162.9 168.9 171.6 175.5 179.9 182.8 188.7
124 126.5 125.7 120.5 115.3 124.8 121.3 111.1 126.1 140.6 136.2 145 155 153.6 144.7 151.7 147.8 143.4 140.5 131.1 129.5 126.8 123.3 134.1 133.5 137.6 143.8 140.3 139.4 141.7 141.9 137.6 134.2 133.2 128.6 124.1 117.5 110 104 94.6 106.8 109.7 116.2 120.8 124.7 132.5 133.6 131.5 128.4 135.3 146.2 158.9 170 179.9 185.2 182.9 187.8 183.6 179.8 178.8 178.2 178.4 179.1 179.9 177 178.7 194.1 205.4 206.8 199.1 187 175.6 184.9 187.6 183.8 186.1 191.1 193.5 198.4
144.3 141.1 138.1 132.4 128.8 129.9 133.2 125.4 132.7 148.5 147.5 142.6 148.1 155.8 166.9 169 164.7 155.5 149.8 147 145.5 141.2 141 153 166 172.3 165.1 157.4 153 151.7 150.5 147.4 153.8 151.4 142.1 139.3 128.6 119.4 120.8 111.4 117.9 121 125.1 132.3 139.1 143 143.8 139.6 141.7 150.7 157.7 172.1 180.9 189.5 197.9 198.7 204.3 197.9 192 188.5 189.9 192.3 193.5 196.2 197.2 197 210.3 219.2 211.9 204.2 199.5 198.5 199.8 200.4 196.2 201.1 201.7 206.9 211
153.6 154.2 147.5 137.4 133.7 135.9 134.4 137.2 146.9 153.6 151.4 149.2 158.6 158.8 166.9 166.9 166 159.8 160.8 157.3 153.7 153.1 154.6 165.7 179.9 190 181.9 170.9 167.9 162.5 161 159.4 163.9 164.2 156.2 147 133.3 135.8 127.3 122.7 130 134.1 139.5 144.4 151.7 152.1 151.2 148.2 154.4 162.8 171.4 182.7 190.8 195.5 200.1 204.7 209.5 200.7 200.3 198.4 199.6 200.8 205.6 211.1 215.1 216.3 222 219.8 212.6 213 214.2 213.1 212 209.2 209.3 210 212.1 215.5 221
159.4 160.8 156.1 146.7 146.6 144 142.3 146.9 154.8 159.5 163.8 158.6 164.2 161.9 163.7 168.3 170.2 174.5 170.4 166.6 162.4 164.8 167.2 176.3 192.5 199.2 188.9 180.2 172.6 172 176.8 171 170.9 168.5 161.2 151.6 137.8 137.1 131.4 137.4 142.6 148.6 150.3 155.5 160.2 161 157.4 159.3 164.9 175.9 185.8 195.5 201 206.7 206.9 205.2 206.2 205.3 211.2 209.2 209.6 211.4 212.2 215.4 220.2 224 215 219.6 221.2 223.5 223.8 222.1 221.5 216.6 216 218.3 223.2 227.8 231.4
166.5 167.2 164.4 159.5 154.6 159.3 150.9 152.4 159.3 167.1 167.5 168 166.9 162.1 168.9 176.8 178.1 178.9 176.8 172.5 173.2 172.4 176.3 181.8 190.1 198 196.1 184.3 182.5 179.7 184.3 187.2 179.8 171.2 166.9 155.9 149.2 140.9 141.3 148.3 156.6 156.9 159.7 166.8 171 169.6 165.5 169.5 180.6 194.2 203 209.7 213.5 208.4 210.4 210.8 210.5 212.8 216.8 218 220.5 221.6 223 225.4 226.7 223.6 222.5 223.2 228.5 229.4 225.1 229.6 227.7 223.9 229.2 232.1 235.3 240.1 244.5
181.5 178.6 172.9 166.8 163.9 161.8 158.6 158.4 160.8 164.1 169.3 177.8 169.8 166.1 172.1 182.1 186.8 184.8 182.4 181.7 177.7 181 184.1 188.5 195 202.9 200.5 193.6 187.1 192.5 188.1 187.9 182.6 176.7 168.7 155.8 149.6 146.7 149.4 160.3 162.2 163.1 170.4 184.8 187.1 178.6 179.1 184.4 196.6 212 217.7 213.9 215.7 213.7 216 216.3 219.4 220.1 223 228.3 230.4 234.4 233.5 234.7 232.9 227.7 229 227.5 236.8 233.9 230.5 234.2 232.6 230.9 235.7 240.1 243.7 258.2 261.3
194.5 190 182.9 181.2 179.8 174.5 169.5 170.5 163.6 164.6 168.8 171 169.4 167.8 173.8 186.3 191.7 191.4 185.5 186.7 182.7 185.6 194.4 197.5 205.1 204.6 201.7 196.5 192.6 199.8 194.5 187 188.3 183.3 172.8 158.6 150.2 151.1 156.8 164.4 170.3 173 188.4 198.3 192.8 183.4 186.4 195.4 202 215.5 224.1 219.2 220.2 219.4 226.4 224 224.9 225.1 231.2 234.6 240.8 248.3 246.9 240.4 237.8 233.2 233.8 236.2 239.7 239.2 236.7 238.6 240.2 239.1 245.8 248.6 259 274 272.2
203 200.8 199 196.2 193.1 186.6 181.4 178.2 172.7 168.8 170 173.3 170.4 173.5 176.4 183.3 192.8 192.5 189.9 194.1 194.3 191.5 206.5 211.8 211.3 210 205.8 205.5 202.6 205.3 196.1 190.6 189.6 183.6 173.1 160.5 154.4 157.6 163.9 180.8 192.6 199.4 203.5 197.3 193.6 192.6 199 203.2 211.8 221.3 229.2 226.8 226.1 228.8 235 235.9 234 233.3 236.1 239.8 246.8 255.5 253.7 246.7 237.3 238.9 236.9 243.9 250.2 247 242.2 239.1 244.1 249.2 252.2 256.5 267 272.1 279.3
209.9 208 207.9 209.9 204.6 196.1 190.7 192.2 189.5 180.6 179.8 180 173.9 180.5 185.8 190.2 196.3 194.8 194.5 196.7 198.1 200.5 202.3 207.4 211.4 214.9 207.1 209.6 210.9 212.6 201.6 196.5 192.5 181.6 170.8 163.1 161.5 168 178.7 185.7 194.1 199.7 197 193.9 193 196.6 204.9 213.5 215.5 222 227.3 230.8 234 235.5 244.2 241.9 242.3 239.6 238.6 244 250.8 251.8 245 242.1 237.1 240.6 241.6 248.1 250.5 248.5 244.4 246.4 245.2 246.9 249 258.7 269.9 278.5 282.4
220.3 220.7 219.8 214.8 209.4 204.6 203.4 200.1 195.5 190.5 192.6 190 182.2 187.3 190.8 195 195.9 197.9 199.1 205 207.2 211.6 209.3 215.8 216.7 215.7 213.8 217.4 217.2 214.9 211.7 205.7 194.1 185.3 175.2 173.7 171.7 181.8 185.8 186.5 188.5 188.5 190.1 191.2 192.1 199.8 213 228.9 223.3 227.7 235.3 239.3 246.1 240.9 243.1 249.5 252.5 249.5 242.8 241.5 242 242.5 240.7 238.7 239.8 242.7 249.2 254.5 253.3 250.5 249.9 248.8 245.8 246.9 250.7 259.4 275.8 282.7 290.8
226.4 226.7 225.5 222.4 219.6 215.4 214.7 208.2 201.5 196.9 199.2 198.3 188.9 189.3 192.4 194.5 197.9 201.4 205.4 217.2 217.5 219.6 220.4 226.9 230.8 223.5 220.4 222.1 216.6 212.2 211.4 211.3 200.4 188.9 177.5 178.7 183.7 186.5 186.2 185.3 186.2 187 191.5 194.7 199.2 204.8 213.6 223 225.9 232.9 241.1 247.3 248.7 247.4 247.7 252.1 253.9 251.9 246.6 243.7 241.4 240.8 240 237.4 238.9 241.4 254.1 258.1 257.4 255.7 260.4 252.5 250.3 248.4 253.2 262.4 277.3 282.6 287.8
235.1 233.3 232.2 230.4 227.3 230.5 228.9 216.4 207.8 202.8 204.5 205.9 195.4 192.5 194.6 196.9 198 203.4 212.3 221.4 222.9 232.3 235.9 238.7 240 231.7 230 230.2 221.3 218.8 216.6 217.1 202.1 188.6 181.7 182.1 188.7 189.5 187.9 188 188.1 191.5 195.6 203.5 205.4 205.7 216.4 225.3 229.5 239.4 240.6 240.4 243.1 247.4 253.1 255.5 257.2 257 252.5 244.1 240.1 238.1 240.3 240.2 243.4 247.7 252.2 258.1 260.6 259.5 262 258.8 255.1 254.9 254.8 262.3 270.6 280.6 286.1
242.3 240.8 238.1 238.7 238.3 238.7 227 221.5 215.1 209.2 209.1 209.7 200.5 197.6 196.5 200.2 204.3 207.2 214.2 219.6 231.6 235.5 241.6 241.4 240.1 238.7 239.8 235.1 227.4 221.5 219.8 216.4 204 191.9 183.1 187.5 190.9 193 192.8 192.6 191.5 194.1 202.9 207.2 209.7 208.6 216.1 225.4 233.8 233.8 236.1 240 243.9 249.1 252.9 260.5 262.8 257.4 248.5 242.9 241.9 238.9 242.5 244.3 248 254.4 259.7 267.6 267.4 265.8 267.1 265.9 264.2 261.9 262.3 264.4 271.8 280.9 292.4
246.7 247.9 248.5 246.5 241.4 235.8 228.2 226.4 222 218.3 216.5 214.4 204.4 201.6 201.1 204.2 206.4 212.6 218.6 227 234.3 246.4 246.6 245.7 245.7 245.1 249.5 242.2 231.6 225.3 224.2 215.1 204.2 193.9 189.4 195.1 198.2 203.5 198.2 194.9 196.1 200.9 205.1 212.6 216.3 214.5 221.9 225.8 227.8 234.6 235.9 239.9 247.2 253.6 258 259 261.2 257.7 252.1 246.6 243.1 241.7 245.3 247.5 255.7 259 268.3 274.6 273.9 273.1 272.7 274.8 274.6 272.3 271.7 271.5 274.8 288.3 296.4
251.1 256 256.8 252.4 244.8 238.2 233.6 231.2 228.9 227.9 223.2 216.1 208.5 207.7 208.7 211.1 213.4 217.8 223.8 231.6 238.4 241.5 246.2 254.1 252.8 254.9 254 246.3 237.4 228.2 223.4 213.1 203 193.8 194.4 198.2 203 205.5 202.3 199.2 202.9 204.9 213.3 220.8 221.9 220.7 225.6 232.5 237.4 240.1 243.4 248.4 252.8 253.7 258 259.9 257.8 257.7 254.2 249 247.9 246.3 245.9 252.5 256.1 259.2 265.8 274.3 285.1 280.2 279.1 279.5 279 278.5 278.2 278.3 278.1 283.6 294.7
261.5 268.3 265.5 259 249.7 244.3 240.7 238.2 234.1 232.4 226.7 219.1 214.9 214.7 215.3 218.8 220.1 222.2 229.3 235.6 238 243.2 249.6 260.5 262.5 260.9 258.1 248.5 237.3 229.2 222.2 213.6 202.1 201 201.6 201.8 203.7 203.5 203.5 201.9 208.6 214.4 219.7 223.5 226 225.9 232.3 238.6 243.8 249.4 250 249.6 255.2 259.3 259.5 258 259.5 257.7 254.2 251.2 249.9 248.6 248 247.1 253.5 263.6 270.7 275.5 284.9 286.1 284.7 284.1 284 283.8 284.3 282.1 281.6 283.1 287.4
268.6 276.1 274 267.4 256.2 250.6 245.9 241.4 236 230.5 226.8 228.9 227.9 222.1 222.1 224.3 229.3 235.9 235.5 235.5 238.6 244.6 255.2 260.7 263.2 268.3 262.4 249.1 237.4 229.3 224.6 214.7 208.3 207.8 209.5 209.7 209.2 207.3 206.6 209 213.5 220.1 226.5 229.5 232.6 234.5 241 247.3 251.8 258.5 257.3 257.1 257 256.7 259.3 260 262.2 260.6 257.1 253.6 253.1 251.8 251 247 255.9 267.1 271.8 281.5 284.1 286.4 290.2 287.9 286.6 290.2 291.9 286.4 285.4 283.7 284.6
270.6 273.4 271.5 267.5 263.6 257.4 250 240.5 237 236.8 237.4 241 238.1 229.6 228.6 233.1 237 238.7 235.7 238 242.3 250.7 258.8 261 263.9 267.5 262.3 254.5 242.3 232 226.3 213.7 214.5 213.7 214.1 213.2 211.8 208.1 212.1 217.4 221.6 226.4 232.7 242.2 244.2 240.9 245 251.6 258.9 264.1 263.5 262.2 263.3 264.8 261.9 262.7 264.7 265.7 261.6 257.9 257.6 254.2 250.9 250.8 254.9 260 274.1 287.9 284.9 284.5 285 287.1 287.8 291.1 293.2 290 287.6 286.5 285.3
260.2 263.8 269 269.3 269.9 264.8 255 255.1 249.1 243 243.3 248.4 243.3 237.3 235 237 239.1 238.6 238.1 240.7 249.8 254.1 258.6 262.3 265.8 276 265.4 255.1 243.4 233.4 223.3 217.4 217.4 218.6 220.1 218.2 214.5 213 215.5 220.2 227.2 233.8 245.7 253.8 254.5 250.3 257.3 259.7 265.2 273.4 269.5 268.6 268.6 269.4 267.5 271.5 269.5 269.5 265.1 264.6 260 255.5 252.6 249.5 254.5 258.6 271.2 279.6 280.1 282.2 284.3 284 287.4 291.5 291.7 291.5 290.5 290 287.9
272.4 273.6 276.8 276.3 274.2 270 266.7 268.7 264.9 259 249.7 250.6 248.1 242.5 241.5 244.2 243 240.1 242.8 246.9 253.3 256.5 256.7 261.8 268.5 274.9 268.3 254.5 241.9 234.8 227 222.7 220.7 223.7 225.2 221.1 216.2 216.9 220.9 226.2 232.1 240 250.7 257.9 264.1 262.5 266.1 266.4 273.6 280.3 281.2 274.7 274.1 272.3 272.1 279 278.1 273.3 269.3 266.5 262.7 256.9 251.2 252.1 251.7 259.2 268.9 272.2 273.9 276.6 279.8 281.2 281.3 286.8 289.5 292.8 292.5 295.9 293
281.7 280.4 282.9 280.4 278.5 273.6 272.9 276.3 275.8 273.5 265.3 263.8 255 245.7 246.7 249 248 246.2 247.6 250.8 251.1 252.8 255.1 259.9 265.6 273.5 266.4 252.7 244.9 236.9 228.5 227.6 226 229.3 229.6 224.7 219.2 221.6 226.1 231.7 238.6 247.1 256.4 263.2 268 273.6 274 273.2 274.5 278.4 284.8 285.4 279.2 274.8 279.3 280.9 279.4 276.6 272.7 269.3 264 260.5 257.6 255.4 256.4 261.9 262.4 265.5 267.6 268.9 272.4 275.1 278.5 284.1 290.4 296.1 299 301.3 299.9
286.8 284.7 283.2 284.6 281.2 280.5 279.1 283.6 286.3 282.7 274.1 268.9 262.4 252.7 248.3 252.3 254.1 254.9 254.6 254.6 254.4 255.1 258.9 263.5 272.7 276.9 263.9 254.5 248 236.5 234.4 232.5 228.5 232.9 232.4 229 224.8 226.9 231.6 237.8 243.3 250.7 260.6 266.3 278.1 283.3 280.4 280.3 279.3 282.6 284.5 284.3 281.7 278 281.4 281 279.1 277.5 273.6 270.5 265.5 263.3 262 266.9 264.7 269.4 267.1 264.6 266.5 267.3 277.1 277 277.1 282.2 291.1 296.9 302.9 305.1 306.9
291.3 288.2 288.2 287.4 285.6 285.1 286.2 291.6 291.7 284.8 279 272.2 266.6 260.8 255.4 256.5 260.8 260.5 258.9 256.8 257.3 259.7 262.4 268 279.1 275.9 261.5 259.5 249.8 244.2 241.9 238.9 234.1 238.8 236.3 237.3 238.1 237 239 243.6 248 255.8 264.3 268.9 277.2 283.1 283.7 282.4 283 287.6 285.2 282.4 283.8 289.2 287.2 289 281 275.9 274.2 269.5 268.1 271.4 272.2 276 277.8 275.3 272.2 268.3 271.9 274.6 276.2 280.6 282.5 282.2 293.3 300.5 307.1 311 314.4
292.8 291.1 291.4 290.5 290.8 292.3 294.8 299.8 295.8 287.8 282.1 275.3 271.3 265.9 263 265 266.9 267 263.3 260.7 260.2 261.4 265.7 274.9 282.1 273.7 263.3 259.2 251.8 251.7 244.9 241 241.2 242 241.4 245.8 245.2 242.9 238.8 245.6 250.4 255.5 260.9 266.9 276.9 281.6 283.1 283 286.1 290.6 285.5 283.1 283.1 287.5 287.3 289.5 283.7 279 273.3 270.2 273.6 280 280.2 277.3 280 279.4 277.4 276.3 281.7 283.5 286.6 287.7 293.2 292.6 296.2 306 311.8 313.3 319.2
292.1 293.7 293.3 293.3 294.3 295.9 299.5 304.9 295.8 289.2 284.2 278.3 273.2 269.7 269.1 271.5 272.2 270.6 264.4 263.9 262.9 264.2 267.9 275.8 273 267.5 264.3 260.2 257 252.8 248 241.9 244.4 243.6 245.9 248.6 250.8 247.6 245 245 248.9 256.1 261.1 267.7 274.4 278.6 284.1 284.8 287.8 286.6 284.5 284.9 285.5 286 286.5 285 281.8 275.9 272.8 273.9 276 287 291 290.1 287.5 290.1 286 285.5 288.5 292 293.7 295.6 301.4 302.9 304.1 312.1 315.6 320.8 325.3
292 295.2 293.1 295.1 298 299.1 302.6 301.4 296.2 291.1 285.8 281.9 278.7 276.7 275.5 275.6 276.6 273.7 270.3 267.1 267.1 266.1 264 265.7 265.5 263.9 266.1 261.7 258.3 252.8 245.4 250.8 246.3 246.5 252.5 253.4 254 251.2 246.2 250.2 254.2 256.7 262.3 269.5 278.1 279.8 282.8 282.7 282.7 282.8 286.4 288.8 289.8 288.3 287.5 283.6 277.8 276 274.2 275.6 280.9 287.9 296.7 308.6 313.3 316.8 319.1 311.5 305.8 301 301.7 303.8 306.6 311.8 309.5 321.1 323 329.7 332.1
291.4 292.3 294.2 298.3 300.5 299.3 302.5 299.7 296.2 291.7 288.1 286.4 282.7 280.4 280.9 278.4 275.6 275.5 272.3 268.6 267.7 266.1 266.3 261.8 260 260 261.7 261.6 258 253.2 250.7 253.9 252.9 255.8 258.1 258.9 259.5 256.5 249.7 254.3 258 260.4 264.5 272.2 276.1 277.3 278.9 279.8 280.2 282.7 289.5 292.2 292.9 292.4 293.5 286.2 280.8 277.7 276 277.5 283.5 289.9 299.2 310.3 319.1 326.9 339.1 337.8 339.5 326.3 320.7 317.1 319.5 325.1 321.9 321.5 328.9 335.9 340.8
292.5 294.3 297.7 299.9 300.2 301.6 303.8 299.6 296.3 293.1 291.5 289.5 286.7 282.7 280.5 279.4 277.4 276.1 272.3 269.5 268.9 269.3 268.5 269.2 265.4 266.2 263.3 256.7 258.2 254.2 253.9 258.1 258.3 260.7 263.8 264 263.8 260.4 253.9 257.9 261.3 264.8 269.2 271.9 272.1 274.7 275.5 275.6 277 282.9 293.6 294.7 297.2 298.1 298.3 294.1 288.1 281.5 280.3 277.3 284.1 290.8 300.2 315 322.9 328.9 340.4 344.9 348.8 351.5 340.5 330.3 328.8 333.4 331.8 330.1 331.8 333.9 342.9
295.7 303.3 300.5 299.9 300.3 301.2 301.4 299.6 296.8 295.2 292.9 291.8 287.5 284 282.4 280.5 280.8 281.9 281.2 276.2 274.4 271.7 271.1 270.2 270.7 275.1 276.7 278.4 262 257.6 261.2 261.2 263.5 264.5 269.3 271.1 269.6 264.9 257.8 262.2 265.6 269.2 273.2 276.9 279 274.1 276.6 275.4 279.4 287.9 292.2 296.2 298.6 300.5 303.6 300.7 298.3 290.3 287.8 283.8 282.8 290.1 302.1 316.3 325.1 336.3 343.4 348.3 353.5 363.6 356.5 349.3 345.7 343.7 338.6 337.2 338.4 341.9 347.6
295.2 295.8 297.9 298.8 299.8 302.1 302.9 302 299 295.8 293.8 291.1 288.1 286.2 285.8 286.6 287 285.5 284.5 282.6 278.6 274.9 272.1 269.3 273.6 279.1 285.5 284 275.8 268.6 263.4 267 266.4 270.1 272.9 274.6 271 265.7 262.6 264.1 269.4 274.2 277.4 278.3 278.6 275.6 278.8 276.7 281.7 289.2 295.7 300.8 302.7 308.8 313.1 309.9 308.4 306.2 298 293 289.5 296.9 306.3 318.8 331.4 341 345.3 351.7 362.1 366.7 369.7 359.2 355.1 355.8 349.9 347 347.3 351 359.3
292.3 294.2 295.1 298.6 299.3 302.2 304.9 308.5 301.4 297.6 298.4 296.7 295.4 292.2 291.6 292.7 292.2 289.2 288.8 288.6 286.5 277.4 273.5 273.1 280.5 286 289 284.3 280 276.4 265.3 269.2 270.4 272.2 275.5 273.4 272.6 269.8 268.3 269.7 274.5 278.2 280.2 280.5 279 276.6 278.7 278 286.3 293.6 298.4 302.6 310.6 318.6 323.9 319.1 322.9 324.4 312.2 303.6 299.6 306.4 316.2 326.5 339.5 353.5 356.7 360.4 373.5 377.8 375.4 369.4 363.6 364.1 362.9 358.4 353.9 358.2 372.4
288.9 292.5 295.9 298 298.5 302.7 307.1 309.7 302.9 302.1 301.9 299.3 298.5 298.4 299.5 297.1 294.1 294 297.6 297.4 290.5 281.3 272.9 280.4 282.5 284.9 285.4 281.8 280.2 275.3 270.1 272.7 274 276.2 276.7 275.5 278.3 273.8 272.4 275.9 279.8 280.6 280.8 280.9 279.7 279.5 280.9 283 292 297.2 301.4 310 314.6 323.8 327.4 329.8 334.4 341 333.4 327.1 319 318 328.4 338.1 345.2 354.5 361.9 374.4 386 381.3 381.3 376.6 372.9 373.8 373.5 373.8 367.3 366.1 375.9
288.6 291.1 294.7 297 301 306.9 312.1 308.2 304.6 302.6 302.3 303.9 307.9 305.6 304.3 302.4 297.9 299.3 301 298.9 294.8 284.3 281.9 282.5 282.9 284.7 285.8 284.2 281.7 278.3 273.3 278.1 278 279 279.2 280.2 281.1 280.2 279 280.9 281.8 282.4 283.4 282.6 282.3 282.6 289.8 296.9 296.1 303.1 306.9 313.5 320.1 325.7 331.9 338.8 343.2 351.1 349.6 342.5 335.6 330.7 336.3 343.1 350.8 359.5 371 383.8 404.8 398.1 392.1 389.2 385.8 386 386.4 384.3 384.2 385.6 389.7
290.6 289.8 291.9 295.6 299.8 306.2 309 306.9 306.2 304.8 306.4 309.8 313.7 310.6 307.6 304.8 300.7 301 301.7 300.8 297.9 286.3 287.7 286.4 286.7 288.6 290 288.3 288.1 287.8 280.8 282 282.7 284.3 286.4 282.9 283.4 284.9 286 285.2 285.4 284.8 286.7 283.9 287.7 292.6 303.9 312.1 307.7 307.7 318.6 334.4 333.9 337.2 343.1 348.9 353.8 360.7 356.5 353.9 350.2 343.6 345.2 349.3 358.5 369.9 385.2 395.8 407.2 416.6 403.9 402.1 403.3 406.1 400.8 395.5 406 404.3 406.2
