Assets/StreamingAssets/GeoData/Data/nm/NM86.asc
ncols 200
nrows 200
xllcorner 180000
yllcorner 760000
cellsize 50
[rows 35 to 69 of 200, columns 0 to 78 of 200]
135.3 133.4 119.1 116.2 118.1 110.2 107 112.2 116.3 119.6 117.5 114 121.8 130.2 131.3 139.5 148.2 146 150.3 161.4 158.9 155.3 152.2 149.4 149 157.2 155.9 152.8 155.7 163.9 175.2 175.7 184.1 180.9 180.2 170.9 155 151.4 157 159.1 156.2 148.9 144.5 138.7 143.4 148.7 158.7 145.9 148.8 129.4 115.3 99.3 78.9 68.5 63.5 54.4 55.8 51 41.4 37.1 37.8 38.4 24.8 18.7 16.6 15.7 15.3 14.5 15.5 14.9 15.6 16.1 16.9 18.5 21.1 16.6 17.4 20.1 23.3
106.4 108.3 102.4 97.1 91.2 82.6 74.5 82.9 88 92.2 94.9 96 102.9 108 110.6 123.4 123.7 128.5 131.3 138 136 137.2 127.9 123.7 119 128.5 129 127.4 131.3 137.2 148.9 156.8 154.4 158.3 152.8 140.7 132.7 131.2 140.2 133.1 128.3 125.3 123.9 123 132.7 136.1 127.6 117.8 111.2 98.3 80.8 59.3 50.6 44.6 39.2 35.9 35.7 38.3 30.7 18.8 20.8 20.6 16.7 14.5 14.1 14.1 14.4 14.8 14 13.8 14.6 16.3 15.9 16.2 16.9 18.4 22.2 22.4 23.8
84.5 80.4 73.9 74.7 64.3 62.7 61.4 63.8 69.3 70.1 72.2 77.5 84.4 93.1 95.8 105.5 99.1 103.1 107.9 118.9 114.4 107.5 109 104.3 101.5 99.6 103.8 108.6 115.2 119.8 127.9 133.3 137.9 131.5 120.7 109.2 109.8 111.7 109.8 106 102.5 105.9 115.3 111.9 122.7 119.3 100.9 94.4 84.7 69.4 44.5 37.3 28.1 24.2 25.6 27 24.4 22 16.6 13.5 14.1 13.6 13.3 13.3 12.9 13 13.7 13.9 14.9 15.4 15.5 17.3 19.5 18.9 19.3 19.2 25.8 29.6 31
49.9 52.5 48.2 52.4 49.4 54.7 57.3 53.1 63 56.7 57.5 62.7 68.6 67.1 74.8 84.8 77.1 78.9 87.7 95.4 100.5 91.2 92.8 89.8 83.9 89.4 92.4 94.4 102 105.8 105.7 109.5 113.5 100.8 92.7 88.7 90.1 88.2 84.6 86 91.2 96.6 101.8 93.4 100.5 95.3 78 66.7 46.6 33 23.3 19.6 13.2 13.7 13.2 12.9 10.5 11.6 12.1 12.7 12 12.3 12.9 12.4 12.4 12.9 13.9 13 14 15 16.5 21 21.7 19.6 20.7 23.2 26.4 31.9 37.2
28 35.2 32.9 40.6 43.7 50 52 42 50.5 51.2 46.5 52 43.5 43.9 54.1 59.2 60 64.2 73.2 78 76.8 75.2 70.3 70.3 71.3 77.8 81 79.7 83.7 86.5 90.7 84.7 80.2 73.8 69.5 71.5 74.7 74.7 73.5 76.5 81.3 82.8 77.7 70.3 69.7 68.6 55.2 41.3 30 20.2 10.9 10.8 9.3 9.3 9.8 10.2 11.1 10.6 11.8 12.4 11.1 11.7 12.9 11.4 11.7 13.3 13.3 13.2 14.1 17.4 22.8 27.9 29.5 28.7 30.5 32.9 37.8 46.1 52
8.7 18.2 24.1 32.8 36.8 45.1 42.5 33.8 37.1 37.8 38.2 37 36.8 31.1 30.4 36.4 39.2 44.2 59.2 67 61.4 63.1 62 59.5 60.1 60.3 64.9 64.5 68.4 63.2 65.1 59.9 61 60.1 61.2 64.4 67.4 69.9 69.3 69.2 69.7 67.4 61.4 57.4 52.3 45 33.9 29.5 15.5 10.5 10.2 9.6 9.5 9.6 10.3 9.9 11 11 11.1 10.3 11.4 10.9 13.1 15 16.3 17.6 18.8 24.1 28 29.8 36.8 39.5 40.7 43 47.4 50.1 56.9 62.2 68.2
6.4 6.4 16.3 22.9 25.5 29.6 28.9 22.8 26.9 27.3 25.1 25.7 18.2 18.2 18.5 19.4 19.4 22 27.5 36.7 40.9 50 54 46.5 42.7 42.5 49.5 48.8 51.2 49.4 45.9 45 52.3 56.1 60.8 63.7 65.4 66.4 64.4 60 59.4 55.9 50.6 46.7 40.1 30.1 22.3 13 8.6 8.6 9.5 8.8 9.4 10.2 9.8 10.2 11.4 11.2 11.3 12.3 15.7 21.4 25.1 28 32.2 34.3 42.1 43.8 45.3 49.4 55.1 59.8 58.8 61.1 64.1 69.3 75.8 82.8 90.1
6.4 6.4 6.4 6.4 6.4 11 10.1 7.4 11.8 14.2 14.3 13.7 8.8 6.4 6.4 8.3 6.5 8.2 6.4 12.2 21.2 24.7 30.7 31.2 30.1 30 33.8 33.8 38.3 35.7 39.3 42 41.1 49.7 51.7 51.6 53.8 51.2 47.6 43.3 41.1 37.2 35.3 30.6 26.8 14.7 9.6 8.8 8.5 10 10.1 10 10.8 13 11.4 12.2 12.5 15.5 17.1 22.9 28 36.1 39 45.6 49.8 53.9 61.4 63.7 64.2 69.6 74.7 77.4 78.2 79.3 81.9 90.1 98.6 107.1 116.7
6.4 6.4 6.4 6.4 6.4 6.4 6.4 6.4 6.4 6.4 6.4 6.4 6.4 6.4 6.4 6.4 6.4 6.4 6.4 6.4 6.4 9.5 14.4 16.8 19.3 20 30 25.8 22.2 29.3 30.1 30.6 32.1 34.6 34.9 35 35.1 31.9 30.6 29.2 25.8 23.9 22.9 23.5 17.3 9.8 9 8.3 9.5 10.5 11.8 15.3 20.1 23 19.6 23.4 27.9 33 37.4 46.6 50.3 55.8 58.5 62.6 67.5 73.3 76.8 79.5 84.3 89.5 92.4 93.6 97.7 98.9 105.1 113.8 123.5 133 141.9
6.4 6.4 6.4 6.4 6.4 6.4 6.4 6.4 6.4 6.4 6.4 6.4 6.4 6.4 6.4 6.4 6.4 6.4 6.4 6.4 6.4 6.4 6.4 6.4 6.4 8 18 17.4 12.8 17.4 18.6 21.3 22.5 22.8 21 20.7 21.6 20.5 19.7 15.5 12.5 11.6 11 10.5 9.9 8.7 8.2 13.6 16.3 22.2 23.3 25.6 31.2 30 36 42.7 48.3 51 57.6 62.9 67.4 72.6 74.6 81.3 83.4 89.5 92.2 95.7 104.8 109.7 110.5 113.1 118.4 124.3 132.4 141.6 151.2 163.3 171.5
6.4 6.4 6.4 6.4 6.4 6.4 6.4 6.4 6.4 6.4 6.4 6.4 6.4 6.4 6.4 6.4 6.4 6.4 6.4 6.4 6.4 6.4 6.4 6.4 6.4 6.4 6.4 6.4 8 10.8 9.9 11.3 12.8 10.7 7.1 5.4 6.3 8.4 10.1 7.9 8.6 8.6 8.5 9.7 8.6 10.2 11.5 18.8 23.3 28.2 33.7 35.5 38 47.3 53.6 58.3 62.6 68.3 71.2 78.1 83.1 86.9 95.5 101.9 104.2 104.4 107.6 117.1 121.5 125.4 127.6 135.3 143.9 153.2 161.4 171.7 183 192.3 203
19.3 10.3 6.4 6.4 6.4 6.4 6.4 6.4 6.4 6.4 6.4 6.4 6.4 6.4 6.4 6.4 6.4 6.4 6.4 6.4 6.4 6.4 6.4 6.4 6.4 6.4 6.4 6.4 6.4 6.6 8 6.3 5.6 7.1 8.2 7.6 9.1 9.6 8.7 8.6 7.9 8.7 10 10.7 10.5 11.2 17.4 23.5 30.8 42.9 50.2 46.5 58.6 65 70.2 75 77.3 82.1 89.4 94 103.1 107.4 117.4 121.7 123.8 121.9 129.5 135.5 140.1 142.3 149.6 160.1 171.5 182.5 193.9 207.9 217.4 230.2 239.8
38.4 26.5 23.3 18.6 14.9 11.6 9 6.4 6.4 6.4 6.4 6.4 6.4 6.4 6.4 6.4 6.4 6.4 6.4 6.4 6.4 6.4 6.4 6.4 6.4 6.4 6.4 6.4 6.4 7.2 6.9 6.2 6.8 8.4 9.2 9.7 9.2 9.8 8.8 9.5 9.3 10.1 11.2 12.9 16.9 23.1 29.8 39.3 55.1 59.2 61.3 68 76.7 83.2 87.3 91.5 93.5 99.7 106.7 116.6 123.4 131.7 140.8 144.4 145 147.2 152.3 156.7 161.1 168.5 179.3 190.5 203.5 212.7 225.7 237.8 252.6 263.1 270.9
71.3 55.7 44.1 38.6 34.3 28.3 22.2 19.8 14.5 10 6.4 6.4 6.4 6.4 6.4 6.4 6.4 6.4 6.4 6.4 6.4 6.4 6.4 6.4 6.4 6.4 6.4 6.4 6.4 6.5 6.4 6.4 7.5 8.7 9.2 10.5 10.5 10.8 10.9 10.2 10.9 12.5 17.9 24.3 33.5 40.5 50.3 66.5 79.3 79.9 88.3 93.8 98.8 104.2 106.2 110.3 116 121.3 129.2 141.7 150.6 162.2 165.7 163.7 168.3 174.4 180.5 182.4 188.9 197.1 210 225.4 237.5 249.4 259.2 268.7 280.9 289.3 299.9
89.6 83 73.3 68.5 63.6 56.6 45 33.6 30.6 28.3 27.9 22.3 20.1 15.7 17.5 13.8 10.7 6.4 6.4 6.4 6.4 6.4 6.4 6.4 6.4 6.4 6.4 6.4 6.4 6.4 6.4 7.5 7.9 9 10.2 11.5 12.1 11.7 16.5 23.6 30 33.5 39 42.4 52.4 60.1 73.6 89.7 100.4 110.5 118.5 122 126.5 131.3 135.7 138.5 144.1 149.5 158.1 169.2 180.5 185.4 185 189.4 195.5 201.7 206.7 211.2 221.5 233.8 243.9 255.4 273.5 284.5 296.8 302.7 316.4 319.3 327
123.8 111.4 97.2 85.8 79.1 69.2 58.5 53.6 46.1 45.6 44.8 39.8 35 34.4 36.6 31 23 16.9 6.9 6.4 6.4 6.4 6.4 6.4 6.4 6.4 6.4 6.4 6.4 6.4 6.4 6.4 6.4 8 12.9 14.1 14.7 12.6 16.4 21.7 29.3 35.3 43.7 53.1 67.3 80.8 91.1 108.4 129.2 143.9 151.2 154 159.2 172.8 178.9 179.8 181.6 191.3 195.2 193.5 200.3 205.1 204 215.1 222 221.5 225.5 240.9 253.3 268.7 283.9 294.4 309.1 315.3 319.7 332.6 335 343.1 350.5
144.4 132.3 116.6 105.7 98.8 93.5 79.6 66.6 63.2 58.6 52.1 47.4 45.7 40.6 38.2 34.8 29.8 26.2 21.7 16.5 9 6.4 6.4 6.4 6.4 6.4 6.4 6.4 6.4 6.4 6.4 6.4 8.1 13.6 20.2 17 15.8 15.6 17.8 21.1 26.6 34 42.4 51.6 63.3 74 84.7 96.9 110.9 135.1 157.9 172.4 174.7 173.4 173.6 184.3 185.8 195 203.1 213.4 212.6 217.3 228.8 225.1 215.5 226.6 246.1 264.2 269.7 282.1 299 308.1 316.6 329.6 336.8 345.7 358.4 365 367.3
154.8 144.4 131.6 118.2 111.5 105.7 97.3 86.9 77.4 67.8 61.9 54.6 50.4 46.4 43.3 40.6 39.9 50.1 43.3 32.5 22.3 14.8 9.9 7.4 8.9 11.1 10.3 9.2 13.2 15.4 16.5 15.5 15.4 20.3 19.6 18.5 18.3 18.1 19 22.6 26.5 32.9 42.2 50.4 63.6 74.6 80.1 89.4 96.4 109.4 127.7 144.7 137.4 140.2 146.5 152 160.9 171.4 184.4 191.5 204.8 209.9 212.5 203.2 221.7 228.7 240.2 252 248.7 256.9 264.5 287.5 310.2 327.5 344.3 356.4 359.1 357.5 367.2
161.5 152.8 139.9 127.8 122.1 118.5 110 102.3 90.1 78.6 70 65.7 60.4 54.3 50.1 52 57.6 58.6 45.8 35.7 28.7 24.1 24.2 21.1 20.4 22.5 23.3 24.8 26.2 26.1 27 24.4 23.2 22.3 21.9 21.3 22.1 24.5 24.7 29.6 32.9 37.8 43.8 53.2 63.7 75.2 73.5 77.2 86.6 95 101.9 105.1 110.3 108.3 125.3 130.1 138.7 151.9 162.9 178.3 174.4 177 182.5 199.4 204 214.6 219.4 238.2 246.6 254.4 260.8 269.1 285.2 303.1 323.9 334.6 340.1 351.2 359.6
182.3 172.1 163 153.6 147.1 140.4 132.9 120.9 109.8 100.7 84 71.8 66.2 61.3 57 55.9 57.7 51.6 50.2 48.6 49.7 46.7 43.1 44.2 41.6 40.1 39 38.9 39.2 41.4 37.9 40.1 41.6 39.7 41.7 38.3 32.8 29.9 28.3 35 42.2 47.5 48.8 52.2 57.6 59.4 62.6 58.4 68.6 78.1 86.5 94.6 100.4 106.8 115.4 125.6 133.3 143.2 155.2 155.1 141.7 153.3 171.7 183.3 191.6 205.3 223.1 241.6 248.7 263.3 277.2 288.9 300.4 304.1 313.7 320.5 328.8 338.9 347.2
208.1 201.9 193.4 183.1 171.7 166.2 151.8 137.9 125.6 115.7 100.4 82.4 74.2 68.6 63.9 64.6 62.4 65.1 67.5 62.8 62.2 65.3 65.5 65.9 59.7 57.2 56.6 56 56.8 54.8 53.8 53.6 53.4 58.1 59.3 57.5 46.2 44.7 35.5 32.5 38.7 39.2 37.9 46.7 58.1 65.7 70.7 78.9 85.7 91.1 98.6 106.4 112.5 114.5 111.1 121.8 132 142.4 149.1 145 155 160.5 157.2 163.7 183.8 204.6 226.2 247.9 263 264.3 272.8 287.6 304.7 314.6 324 338.3 343.2 349.5 358.2
241.1 233.5 220.4 204.7 186.7 172.3 162.5 158.2 148.1 134.8 115.9 96.9 82.4 79.5 77.4 77.3 74.7 80.6 81.5 79 80.2 84.5 85.4 82.9 78 75.7 80 78.8 79.2 76.6 74.7 70 69.5 75.8 75.6 64 54.2 44.1 36 35.7 40.2 51.1 59.3 68.1 73.5 79.3 86.1 93.7 98.2 104.5 111.3 121 125.8 126.7 126.9 130.6 133.8 138.4 143.5 155.7 161 166.3 165.8 169.6 182.8 202.8 219.1 236.2 245 257.1 276.6 295.2 310.2 323.9 335.3 340.8 350.5 350.4 359.9
268.2 258.9 240.5 219.3 198.3 184.5 177.3 172.1 162.7 146.6 125.7 110.6 97.1 88.4 90.4 91.1 93.4 96.6 102.4 100.8 94.2 99.6 102.2 103.4 99.2 99.8 100.9 101.1 103.2 102.2 94.7 90.1 91.4 81.2 65.9 56.4 52.7 50.9 55.7 55.4 60.7 66.2 75.1 82.3 87.3 93.5 99.9 104.8 111.5 117.6 126.5 133.8 138 140.8 141.3 146.1 148.5 151.8 156.9 161.7 166.6 170.1 171.9 176.5 185.1 195 210.5 231.2 245.7 259.3 274.8 288.6 307 316.8 331.1 338.4 343 342 343.1
268.7 260.1 251.6 237.8 218.1 202.3 193.1 187.7 176.7 156.7 141.8 129.6 117.2 105.5 107.4 106.1 106.3 103 112.4 119.9 117.9 115.6 115.8 118.4 121.8 126.9 131.5 131.7 128.1 121.7 118.1 110.9 97.7 82.4 78.6 73.9 72.5 67.1 70.8 70.2 73.3 76.3 85.4 92.3 96.8 103.2 109.8 117.9 128.7 140.1 145.7 149 152.9 153.7 152.1 156.1 159.2 164.1 169.8 173.7 177 181.3 185.9 184.3 198.6 208.1 220.1 235.4 250.6 268.8 280.4 284 296.5 311.2 325.2 329.8 329.6 329.8 330.8
259.3 254.8 248.2 242.4 228.3 214.5 208 199.6 188.7 176 161.8 150.2 139.7 131.1 131 130.8 128.5 129.2 125.2 125.7 127.5 131.7 133.1 135.7 141.8 143.3 147.3 151.3 143.1 138.7 129.5 115.7 112.1 105.9 98.9 92.4 89.2 87.6 88.4 85.3 86.6 90.7 93.8 100.6 106 112.8 118.4 123.7 135.2 150 161.3 168.3 171.9 171.5 167.3 168.5 170.3 175.2 182.1 186.7 194 202.4 209.4 202.1 211.4 222.7 235.8 246 263 268.1 281.7 296.6 306.7 318.5 328.6 332.8 324.8 322 322
245.5 251.2 244.7 236.1 227.7 224.4 223.1 226.3 216.6 201.4 183 179.6 170 156.5 156.1 154.5 152.8 154.7 154.1 148.8 143.8 143.4 141.4 143.6 146.9 148.4 141.1 136 131.9 134.3 135.7 135.8 135.6 129.7 116.3 109.4 107.2 102.5 105.4 102.8 105.4 106.3 108.7 119 125.6 132.7 139.3 144 148.1 149.8 161.2 177.5 180.5 174.3 180.6 181 183.5 189.7 198.7 209 217 222.2 228.7 217.8 227.6 239.7 254 262.8 280.7 291.5 297.8 302.8 322.8 330.3 325.1 326.3 326.1 330.5 324.1
233.2 242 237.9 231.7 229.1 230.5 242.9 246.3 239.4 220 214.6 207.1 188.9 175.9 175 172.8 168.1 168.9 174.3 167.9 167.8 166.3 164.3 165.5 160.6 149.8 142 145 147.8 151.4 149.5 152 149.8 144.3 135.5 121.5 122.8 120 120.7 119.9 121.3 126.9 129.7 137.2 145.7 152.6 158.4 161.4 168 170 170 172.4 175.3 185.1 196.4 197 204.1 208.3 220.1 228.7 239.8 244.7 246.2 243.5 246.1 264.4 274 275.2 276 285 292.6 312.1 323.9 329.3 330.1 325.6 323.3 330.5 331.4
224 228.9 228.7 223.8 224.7 233.1 248.1 253.4 252.4 253.8 245.9 226.9 208.1 201.5 196.9 193.4 189.2 184.7 180.2 178.7 181 181.3 181.8 176.2 160.1 159 160.4 160.9 167.2 166.6 163.1 161.6 156.9 151.8 148 140.3 138.3 141.9 143.4 141.4 142 150.5 153.6 159 166.2 171 181.2 183.4 189.2 191.6 187.4 187.5 194.2 196.2 203.4 209 214.9 223.4 234.7 245.1 258.8 264.1 263.4 257.2 259.9 261.3 268.9 275.6 275.7 280.9 297.9 307.4 316.9 316.5 325.2 325.2 317.9 325.8 329.3
212.9 217.9 219.4 215.7 218.3 230.8 243.7 259 276.1 279 270.7 246.7 234.5 231.1 228.1 223.3 213.3 207.5 200.6 198.1 195 188.4 180.4 175.5 178.2 179.8 179.7 179.3 181.7 178.1 177.2 175.9 170.7 165.1 161.5 161.1 156.1 163.2 167.2 164.3 162.8 168.2 176.2 181.4 182 189.5 201 204.2 208.3 213 211 208.7 211.4 216 220.1 224.2 228.9 237.4 242.7 248.4 251.8 254.7 260.7 265.4 268.4 270.1 270.7 275.1 276.2 285.5 286.9 290.4 294.7 302 307 311.1 308.3 310.2 312.8
204.4 206.1 207.8 217 223.5 236.2 253.5 264.7 284.6 298.9 293.1 282.8 269.4 267.6 274.5 263 255 244.9 238.4 232 210.4 201 203.9 204 197.4 199.8 204.1 204 197.2 192.3 195.1 192.2 189.3 189.1 184.4 181.5 178.5 176.5 192.9 198.3 199.8 202 201.2 203.7 199.3 202.3 214.2 220.3 228 233.1 232.9 232.5 234 235.6 237.6 241 244.6 250.5 257.2 262 264.9 266.9 277.6 285.4 285.2 285.3 283.9 284.8 281 281.3 284.4 288 291 293.8 297 307.7 312.7 313.8 317.3
201.8 206.6 213.2 219.8 232.6 254.2 274.4 289.1 303.2 328 326.9 327 323 306.9 306.2 305.1 294 277.4 263.4 244.7 232.2 230 228.6 227.2 224 227.4 230.3 225.7 220.4 219.3 212.5 208.5 206.3 206.7 205 205.4 205.2 206.3 202.7 216 222.6 226.7 226.3 226.7 218.3 217.2 227.8 236 247.6 253.8 250.1 252.9 256.5 261 266.1 268.7 274.9 279 279.2 281.2 284.4 290.4 296.5 302.9 302.1 303.3 301.6 296.1 290.6 290.9 288.8 289.2 294.1 302.5 315.4 323.7 330.2 331 328.4
205 211 220.8 231.2 261.4 286.2 299.8 309.5 323 349.2 356.6 357.5 359.1 348.8 329.4 319.9 323.7 290.6 282.4 267.6 257.3 264.7 261.7 258.4 261.7 264.3 265.3 251.4 251.1 243.5 235 228.9 228.2 230.2 231 231 230.3 233.4 232.2 233 242.4 245.2 246.9 244.6 237.5 232.4 243.1 251.3 265.8 273.3 272.5 276.1 285 292.8 298.3 302.5 307.7 314.7 311.1 309.6 312.7 315.7 319.3 317.7 318.9 314.8 312 313.1 311.9 307.4 306.3 308.5 316.5 325.3 334.8 347 352.4 354.3 352.3
204.5 212.9 228.1 245 253.1 270.6 293.3 309.1 321.6 346.5 370.6 380.8 376 374.4 355.3 334.4 324.4 317.3 311.9 301.6 292.5 296 299.7 299.6 294.9 294.8 288.1 279.7 281.4 270.4 264.4 258.1 254.1 259 258.8 257.8 254.3 257.3 256.9 255.3 257.8 263.2 267.6 265.2 260.6 255.5 266.8 276.6 286 297.3 301 310.5 318.9 328.2 338.1 343 344.2 340.9 339.3 338.6 334.9 335.3 338.8 336 334.9 335.5 338 335.5 330.1 326.2 320.7 323.8 325.7 334.1 337.6 351.8 356.4 359.2 365.1
203.6 217 238.2 264.5 276.1 276.6 284 296.3 307.2 327.4 348.1 371.8 383.4 376.7 371.4 356.3 344.9 340.4 338.8 328.4 322.7 336.2 337.2 336.7 327.3 329.8 319.9 309.1 314.4 302.6 297.7 290.2 284.2 283.9 288 288.8 286.9 289.1 289.2 288.8 285.6 284.5 279.9 285.9 290.4 284.4 288.3 297.4 304.3 316.5 326.1 338.4 351.4 357.6 359.5 358 358.6 357.9 357.2 360.3 362.7 364.6 367.7 369.2 370.3 365.3 359 354.2 345.3 345.5 335.5 332.4 334.1 334.8 339.1 352.5 364.1 369.5 379.4
207.8 222.1 243.2 269.9 282.8 290.2 296.8 310.4 321.6 334.7 348.3 364.1 380.2 388.2 394.1 384.7 367.4 363.3 364.3 358.1 354.6 359.9 373.3 363.1 359.5 357.4 349.8 340.7 340.9 341.4 336.7 333.8 331 321.7 321.8 326.8 328.2 325.1 324.3 320.1 318.7 321.3 317 306.3 309.5 313.7 314.2 321.4 332.9 344.3 358.2 367.3 369.2 372.2 373 375.7 376.7 383.4 389.5 388.8 394.9 395.1 392 390.2 381.4 372.4 368 363.3 359.5 354.9 352.7 343.5 343 344.8 342.4 348.7 361 371.3 382.4
