Assets/StreamingAssets/GeoData/Data/nm/NM87.asc
ncols 200
nrows 200
xllcorner 180000
yllcorner 770000
cellsize 50
[rows 108 to 143 of 200, columns 81 to 161 of 200]
2.5 2.5 2.5 2.5 2.5 2.5 4.7 15.2 30.1 51.8 79.6 109 132.4 155.3 185.7 220 245 275 300.8 339.2 377.4 406.1 415.8 434.2 455.5 482.5 508.7 536.8 550.3 571.3 584.5 594.6 603.2 635.3 661.3 679.1 691 696.1 712.5 715.9 719.2 728.7 736.4 737 731.3 725 709.3 697.5 681.2 666.8 648.5 644.3 634.1 624.3 605.3 585.2 588.4 591.1 583.2 580.7 564.7 550.9 541.8 541.7 543.2 541.5 539.6 539.2 530.6 524.6 518.9 507.8 502.8 489.7 488.3 485.4 478.7 477.3 484.1 474.5 470.2
2.5 2.5 2.5 2.5 2.5 2.5 10.7 25.3 38 62.9 92.9 125.1 145.6 173.7 204.4 238.7 265.9 297.7 326.8 361.3 392.9 412.7 429.2 448.5 470.6 499.6 522.7 547.5 561.1 579.2 597.1 600.2 615.5 630 655.9 669.5 680.6 686.3 696.3 708.7 714.7 724 731.4 729.5 714.3 696.7 685.7 673.2 657.1 643.9 626.2 625.4 614.5 607.4 577.7 562 558.9 558.9 558.5 549.3 535.3 525.4 515.1 512.6 515.7 514.4 518.7 514.6 508.4 499.2 490 480.9 475.6 468.6 460.1 459.8 452.4 449.7 455.4 454.2 440.8
2.5 2.5 2.5 2.5 2.5 2.5 21.5 39 53.8 72.4 104.9 133.3 158.6 197.8 238.3 264.1 299.9 323.8 358.4 385.1 414.3 427.8 442.8 462.3 487.6 512.7 539.6 558.7 574.3 587.6 599.5 598.5 618.3 634.7 643.3 659 676 681 688.9 701.4 708.7 708.8 712.4 701.5 692.8 679 655.7 639.7 625.3 616.9 600.6 603.4 589.8 576.3 557.9 534.5 523.7 525.2 521 519.9 510 507.2 493.5 483.8 487.1 492.6 496.7 495.7 488.8 471 466.2 454 448.3 446.5 440.7 442.8 433.7 434.8 435.5 433.5 420.8
2.5 2.5 2.5 2.5 2.5 13.2 35 53.2 69.7 90 114.8 140.2 172.7 217.6 256.6 291 322.6 351 374.7 401.2 428.6 447.9 465.9 482.6 502.5 529.1 554.3 573.6 583.3 596.7 593 596.5 610.8 624.8 636.5 648.9 662.1 670.7 675.1 690.3 693.9 699 684.1 683.6 673.4 652.8 622.5 602.6 591.9 580.6 577.9 563.1 568.3 552.6 533.7 519.2 502.6 497.2 501.3 497 491.8 487.6 476.4 460.9 467.7 473.3 464.8 477.2 468.6 446.4 440 433 430.7 431.9 424 422.9 420.6 415.1 413.8 406.3 401.3
2.5 2.5 2.5 2.5 17.7 31.4 50.2 71.5 85.2 105.6 134 159 192.4 228.6 273.4 310.6 345.7 375 395 422.2 441 464.5 485 502.8 521.8 547.8 570.6 582.9 591.5 591.7 578.4 592.2 601.2 618.3 627.8 639.3 655.6 666.2 671.2 675.6 680.4 682.1 666.5 662.3 639.6 619.4 593.2 575.3 560.8 543.5 539.4 528.9 536.8 530.4 527 507.8 483.7 479.5 479.8 478.3 481.5 472.2 463 440.4 448.8 453.4 448.8 443.8 451.3 436 425.6 423.7 419.8 412 407.5 404.9 403.3 392 389.2 386.1 386.1
2.5 2.5 2.5 13.3 34.5 51.2 69.6 90.3 108.6 121.2 149.8 179.2 210.2 246.9 287.8 335.9 365 391.8 415.8 443 463.4 488 497.1 517.5 534 561.7 579.6 581.6 585.1 566.4 570.5 586.2 598.6 609.3 621.7 634.6 642 649.7 662.5 670.1 670.4 666.5 647.4 639.4 615.3 585 565.1 547.5 537.7 520.2 510.8 502.3 501.5 500.7 500.7 489.5 466.4 459.4 460 459.5 457.2 457 447.7 429.7 425.4 442.1 432.9 423.8 425.5 421.9 407.5 409.9 409.6 404 395.8 395.3 388.7 375.6 376 373.5 371.3
2.5 2.5 2.9 24 45.7 67.8 88.9 112.7 136.6 154.6 172.8 190.8 229.5 268.8 316.6 354.1 381.6 411 434.4 458.1 480.2 499.5 512.3 526.7 554.2 572.5 583.8 575.7 565.4 543.6 558.4 576.1 589.6 602.7 616.3 626 633 641.2 651.2 666.7 660.3 649.8 626.7 610.9 590 567.5 542.4 529.3 520.3 508.1 496.9 484 480.7 478.6 477.3 470.1 453.3 444 446.6 447 438.7 438.2 437.2 423 407.2 402.9 410.9 406.4 402.4 399 397 392.4 395.7 389 385.5 377 372.7 361.6 354.7 356.7 353.5
2.5 2.5 19 31.2 61.2 92.7 113 136.7 168.1 180.9 196.7 216.2 240.2 287.1 323.4 362.2 391.7 421.6 443.4 471.1 489.7 503.6 519.5 542.4 565.3 578.7 578.1 558.9 540 526.4 535.7 562.4 577.4 585 600.3 611.1 618.9 628.2 639.9 652.6 658.4 638.2 616.3 600.9 568.9 546.7 526.7 511.6 496.3 481.2 473.1 470.1 465.3 470.8 465.8 458.1 445.7 434.1 435 434.6 425.6 420.2 418.7 405.5 394.9 393.9 398.2 392 383.9 382 381.7 376.3 372.1 369.9 365.7 357.6 353.1 346.7 340.4 338.5 336
2.5 12.7 24.8 46.5 80 111.1 135.9 154.3 181.5 196.9 222.5 245.5 274.8 296.9 334.4 369.3 400.2 437.8 457.5 473.4 494 514.8 528 545.3 564.6 566.3 550.5 536.2 512.5 506.5 517.3 541.6 550.4 563.3 585.8 592.1 606.2 617.2 630.6 644.9 654.6 633.5 616.2 600.5 572.8 544 520.7 501.1 483.7 473 465.4 462.1 459.7 462.2 470 454.1 436.9 424.8 420.7 418.2 411.5 404.7 401.9 396.3 383.9 383 376.6 374 370.8 367.6 366.3 363 350.1 356 350.6 344.6 343.7 334.4 329.7 328.3 326.4
2.5 16.1 39.1 60.9 92 122.1 148.7 173.9 198.5 217 245.9 269.8 296 323.9 341.5 371.3 402.9 437.1 456.2 479.3 492.1 516.1 530.6 543 550.5 538.6 521.2 504.7 490.3 485.5 494.4 513.7 528.4 543 557.2 569.7 581 594.8 608.8 625.9 640.1 618 619 602.6 571.4 542.7 522 499 482.8 469.9 462 456.2 451.9 449.8 463.3 448.7 437.3 420.7 413.8 408.1 402.9 395.9 393 386.2 375 371.9 368.6 363 355 352.7 351.5 346.4 343 342 340.6 333.5 333.1 324.5 319.2 318.5 315.7
15.6 21.4 55.2 81.1 110.2 135.1 164.2 190.5 213.6 235.5 260.5 286.2 312 342.6 364 383.9 407 435.9 454.1 479.4 497.6 513.9 522.3 534.8 527.4 510 484.7 472 467.3 464.7 475.5 483.7 500.4 517.1 528.4 542.2 558.3 570.8 586.5 606.7 613.8 608 614 604.4 578.9 551.2 523.6 504.5 479.9 473.8 471.2 456.5 448.8 441.8 445.4 447.1 429.3 415.4 411.2 405.9 400.9 397.5 388.5 380.9 368.5 366.7 361.2 355.6 348.5 342.6 341.4 334.9 331.8 328.1 328.1 325.2 320.1 315.6 311.8 311.7 308.9
21.7 36.4 67.4 101.4 130.8 162.1 194.3 224.2 243 261 293.3 319.1 340.5 364.8 384.3 398.7 418.9 431.9 450.5 471.8 490 493.8 507.2 512.9 499 481.2 460 445.2 448.8 449.6 460.4 476.2 483.1 486.4 504.3 517.6 537.7 551.8 563.4 578.5 588.8 594.6 601.9 601.1 587.3 556.2 534.8 511.7 492.4 496.1 490.1 474.3 453.9 445.2 432.9 433.2 423.9 415.3 411.4 412.5 404.2 399.2 394.6 385.4 370.5 360.1 357.7 350.8 343.3 338.3 334.4 329 326 322.7 321.9 319.1 312.4 308.6 303.7 302.5 299.4
27.4 45.6 75.5 116.7 151.1 182.6 212.9 239.9 269.8 288.4 321.6 337.8 355.6 368.6 389 400.4 412.4 427.4 432.2 443 456.1 473 481.9 488.1 468.4 450.3 415.7 421 427.4 429.6 437.9 462.4 467.8 473.5 485.6 503 516.7 535.9 545.1 559.9 571.9 577 587.9 595.3 589.8 557 538.5 517.7 508.5 518.3 510.1 491.2 474.9 464.6 445.4 429 423.4 416.3 413.8 414.7 406.1 401.6 393.9 385.4 367.6 358.4 351.9 346.3 341.1 336.8 332.9 326.4 321.4 310.7 313.4 313 308.8 302.4 298.7 294.7 292.9
34 54.3 82.2 129.9 162.6 194.7 227 253.3 272.6 294 311.6 330.3 331.3 339 350.3 365.4 375.1 384.3 401.4 421.2 439.5 441.7 450 457.6 441.6 396.1 375.7 389.6 400.8 402.3 427 442.7 443 457.3 474.2 490.3 508.1 518.8 533.3 551.6 560.7 566.2 581 593.1 572.4 548 536.9 511.4 518.9 525 544.9 525.3 500.8 484.2 461 441.8 432.3 423.2 420 413.5 406.6 399.4 390.2 376.8 366 358.3 353.1 346.3 338.4 331.5 329.9 322.5 323.4 320.5 315 306.3 303.1 302.2 299.8 297.5 293.7
35.6 55.6 84.3 117.4 153 191.9 225.7 238.8 243.5 266.6 277 285.4 290.1 305.1 318.7 322.9 335.4 350.5 372.9 393.7 409.4 428.6 430.3 430.1 400.8 362.5 338.4 354.4 375.2 389.8 408.1 422.2 432.4 453.5 464.4 481.3 494.9 507.4 524.8 543.2 546.5 552.3 571.7 586.4 558 539.5 518.4 520.9 547.8 549.5 569.7 544.8 520.3 500.6 474 454.1 441.8 429 422.1 415.9 411 401.1 391.9 378.5 369.1 359.7 358.6 350.2 340.9 335 330.9 327 322.8 317.9 314.3 309.8 309.3 306.7 303.8 301.8 298.2
32.7 54.3 79.3 105.3 139 180.9 197.7 194.8 213.3 236.3 241.6 250.7 256.8 268.6 279.9 292.1 313.4 328.7 350.7 365.1 378 392.9 405.6 401.6 369.1 335.1 321.6 360.2 376.4 396.7 407.1 417.8 432.1 452.8 471.1 474 488.4 500.8 513.2 531.1 530.6 542.9 560.7 572.5 545.9 520.8 506.4 537.5 567.4 565.9 586.1 563.9 534.7 511.3 483.1 470.6 453.8 438.9 427.8 421.2 413.3 404.1 394.9 379.9 372.8 367 361.7 353.2 346.9 343.5 337.3 332.3 325.8 320.6 316.8 316.1 311.4 310.6 307.3 302.7 300.1
35 51 71.7 92.5 127.4 155.3 156.8 166.4 181.1 196 207.1 221 229.4 231.3 252.2 271.4 287.2 299.8 314 335.1 357.6 366.8 382.9 374.2 346.5 303.7 324.3 348.4 370.5 390.3 406.1 421.2 432.2 442.6 462.9 473.8 481.5 494.1 502 522.2 520.7 544 551.9 560.2 540.1 506.4 515.5 543.1 573.7 574.2 579 575.8 549.4 524.4 506.6 488.2 471.6 449.6 436.6 428.5 416.6 407.8 399.8 388.2 377.5 373.5 367.6 362.8 354.6 348.3 346.1 340.5 332.8 326.9 323.1 318.3 315.7 312.6 310.7 306.4 301.4
34.2 53.3 67.4 75.8 94.9 109.2 125.7 135.3 146.8 158.5 172.1 183.6 191.6 207.6 236.6 255.1 267.8 277.1 290.8 311.9 318.9 331.9 348 346.9 310.2 280.9 318.3 337.6 359.3 382.8 394.2 412.6 422 440.4 458.8 466.5 472.1 484.6 495.3 507.6 513.9 530.1 534.3 529.9 536 502 513.4 533.1 566 568.2 578.1 583 565.3 546.5 532.6 510.1 485.7 465.8 446.1 433.1 423.4 415.7 407.9 395.9 385.9 379.2 375.1 370.2 362.8 361.7 353 347.7 343.4 336.4 328 324.3 321.4 318.3 315.3 314.4 308.9
34.4 53.4 59 68.6 76.1 90.2 104.3 110.6 120.8 130 138.9 149 163 182.3 215.7 227 249.5 252.6 262.6 270.2 283.5 298.7 311.5 318.5 282.8 282.2 316.6 331.5 346.9 370.4 385.2 396.5 408.4 426.9 443.8 458.7 466.3 471.7 486.9 494.8 500.9 509.1 512.9 514.2 525.7 496.4 508.4 515.6 553.6 567.6 587.5 591.5 589.6 572.9 555 530.3 507.2 485.2 463.8 448.9 435.4 426.6 415.9 407.1 393.7 390.3 385 378.1 374.1 372.6 365.8 357.9 348.3 340.2 336 331.7 326 324.8 321 319.2 315
33.3 44.9 52.8 60.8 66.8 72.9 84.8 90.4 96.6 102.7 113.9 123.5 141.7 157.1 185.2 197.3 207.1 217 223.1 238.8 249.6 263.9 279.2 299.2 257 278.2 303.1 319.5 332.8 357.7 372.1 376.2 389.7 409.2 432 446.1 457.9 464.4 471.1 473.7 480.6 492.6 498.3 507.1 511.5 487.4 500.2 510.8 533 565.1 598.7 599.1 599.7 605.5 591.3 562.6 528.2 502.2 486.7 466.6 455 452.1 434.5 420.9 412.8 404.1 404.3 398.8 392.4 385.2 374.9 363.6 355.4 349.3 344.4 337.7 336.1 332.2 329.9 327.4 325.7
30.6 38.7 45.8 52.1 58.1 64.2 70.8 77.6 79.5 86.2 96.6 110.5 119.5 133.1 151.8 167.5 175.5 182.6 192.9 203.6 217.8 233.7 254.7 261.8 239.8 265.8 287.8 304.8 321.8 342.7 360.2 367 378.2 399.3 426.7 440.6 451.3 460.6 466.3 463.9 474.3 487.1 492.3 503.3 502.5 488 491.5 505 535.3 565.1 594.2 599.1 604.3 610.4 593.9 567.8 533.5 514.1 493.5 483.5 474.2 465 458.7 455.9 434.6 414 425.8 417.8 407.9 395 388.3 375.1 365.9 357.7 352 347.8 346.9 341.9 340.2 336.6 329.5
27.1 34.7 41.1 46.5 50.6 56.7 61.3 65.2 69.6 75 82.9 93.8 103.3 113.5 124.4 139.5 151 158.3 170.6 179.9 191.6 207.5 226.2 232 233.5 246.7 258.2 285.8 303.9 317.3 338.1 351.7 361.2 399.5 415.9 431.4 443.7 451.5 455.4 458.5 458.4 467.5 475 483.9 494.6 473.4 479.7 500.4 554.9 579.9 586.7 593 608.8 618.4 607.4 577.3 546.4 526.9 514.9 503.5 496.2 492.2 493.9 475.2 450.8 432.8 442.6 435 423.8 414.5 404.5 392.6 386.2 368.3 365.5 359.4 357.5 353.7 347.2 343.4 339.7
27 29.1 34.3 37.9 43.7 50.9 55.5 59.5 62.7 65.5 72.7 84.1 92 102.7 111.2 119.1 131.5 141.3 152.1 162.7 172.5 187.6 202.8 207.1 219.8 228.8 241.3 260.6 284.8 297.3 310.6 330.7 343.5 377.9 402.3 421.1 434.4 438.5 436.6 442.7 444.5 456.1 467.7 474.7 481.7 454.4 462.1 487.6 527.6 573 592 599.5 610.1 616.3 612.8 586 572.9 547.5 546.1 531.5 532.6 520.5 500.8 484.1 461.5 452.5 464.5 450.7 442.5 433.9 429.4 414.2 398.7 385.1 380.3 373.6 368.8 364.2 359.7 356.4 354.4
33.1 33.8 38.1 42 45.7 49.4 50.8 54.4 60 66.6 70.8 75.8 85.7 99.2 107.9 116.7 125.1 131.9 142.4 152.2 161.1 174.3 186.9 191.8 206.8 216.7 228.6 242.1 259.2 276.9 293.3 308.8 327.2 355.9 381.4 402.8 421.1 424.6 419.9 420.7 421.8 426.4 451.9 455.3 463.1 446 449.1 466.1 505.2 560.6 589.1 606.3 616.8 626.1 625.3 613 590.5 577.4 569.8 554.7 544.5 527 508.7 490.2 481.4 471.8 485.1 471.8 469.7 458.6 441.7 423.1 398.8 404.3 394.2 386.7 381.1 378.5 374.2 375.6 372.2
54 47.5 50.2 54.5 56.4 59.5 61.2 64.4 69.2 74.5 81.4 84.6 84.4 90.2 102.1 113.2 120.6 127.9 136 144.8 153.1 163.3 173.6 186.2 198 206.8 219.5 232.3 248 265.7 282.3 295.6 312.7 337.1 360.6 383.3 405.2 409 409.3 407.4 406.5 406.1 413.9 426.1 431.5 432.2 443.6 461.2 502.1 545.8 592.9 612.4 625 633.8 640 627.4 602.7 591.1 585.4 572.9 558.1 544.5 520.4 505.4 503.5 498 503.3 493.4 489 476.3 456.5 436.8 404.8 419.7 408.4 401.2 398.5 396.3 394.6 394.5 393.6
74.5 72.2 71.4 82.3 81.6 80.1 83 89.8 86.7 88.2 90 93.7 97.4 97.9 101.6 103.7 109.8 121.9 130.1 137.1 147.7 158.6 168.1 183.6 196.9 207.6 221.7 233.2 245.8 262.6 278.1 291.8 304.9 323.6 353.4 370.8 390.7 400.5 399.7 397.7 393.6 387.2 399.7 415.3 426.1 437.6 451.7 461.3 497.2 542.6 588.3 605.9 619.8 631.3 643.1 650.2 624.7 619.8 611.2 593.2 570.9 555.6 540 524 526.4 520.9 527.8 519.9 503 484.7 449.1 436.9 436.8 433.6 427.7 421.4 423.8 421.6 421.6 420.4 416.5
105.2 102.8 103.9 113.5 114.2 109.8 107.9 112.6 111.6 109.1 108.7 108.3 112.9 112.3 114.1 117.1 121.2 126 133 137.1 147 160.2 172.4 184.9 197.4 209.3 220.4 233.6 248.3 263.5 277.9 292.7 302 322.4 347.1 369.1 382.6 386.3 388.8 374.2 387.7 400.6 412.6 419.7 430 438.3 457.2 468.1 495.8 544.3 588 607.7 631.5 644.1 652.9 656.9 651.3 638.3 623.3 606.9 594.3 576.9 562.5 549.7 543.9 538.7 531.1 520.7 500.7 484.7 473 463 456 455.3 451.5 445 446.2 454.6 459.6 449.5 437.3
136.8 138.4 145.4 153.4 156.7 148.9 137.8 144.5 144.1 136 135 132.1 133.4 139.4 140.2 133.7 136.9 145.9 145 149.5 157.3 156.2 172.7 186.7 202.6 212 221.5 234.6 253.7 265.5 280.9 295.9 305.5 321.8 344.1 369.2 380.4 375.9 362.8 390.4 396.4 409.4 424.8 431.7 432.5 439.5 459 480.8 502 552.3 588.3 610.2 633.3 649.8 660.3 667.4 664.7 662 642.7 629.1 614.9 595.4 573.9 566.8 557.5 548.9 539 526.9 517.2 507.3 490.9 475.2 479 480.5 478.8 471.8 469.6 477 480.2 466.4 464.6
154.6 164 178.5 195.1 202.2 197.3 184.7 185.5 182.1 170.3 165.9 166.6 162.4 161.6 163.2 160.8 163.1 163.2 164.6 167.5 171.4 169.8 169 184.3 202.7 213.8 222.8 234.7 250.1 267.9 283.5 298.9 306.1 319.6 342.5 350.2 357.7 349.4 369.7 391.4 419 426.9 428.7 434.2 433 440 465 514.8 533.6 547.1 585.6 609.1 633.4 651.3 662.1 674.3 674.2 671.9 658.9 656.3 637.2 616.5 595 586 575 563.7 550 543.5 537.5 525.9 500.8 502.7 500.9 509 512.7 496.4 500.1 507.5 493.5 494.5 499.6
160.7 178.5 193.7 215.4 229.9 238.6 230.3 234.7 217.7 212.4 197.5 203.3 197.5 191.1 184.2 188.5 198.6 192.1 192.4 190 189.2 195.6 189 188.5 199.7 212.3 223.4 234.2 248.2 267.3 287.4 301.8 306.8 318.9 337.7 341.3 344 353.5 365.9 391.6 421 429.2 430.7 428.9 435.1 441 468 518.7 550.7 566 590.1 611.6 641 660.5 677.5 686.4 679.5 680.2 683.6 678.9 667.8 648.4 623.1 609.4 600.1 580 577.5 564.1 556.4 538.5 530.1 523.3 528.5 535.9 530.2 525 530.2 531.8 521 527.5 537.2
172.1 188 201.5 218.4 243 252.2 262.4 270.3 268 252.6 233.1 233.2 229.2 227 225.2 218.9 222 217.1 216.9 220.7 215.7 215.6 211.2 209.5 209.8 215.6 216 231 247.2 265 284.1 307 311.4 318 331.9 333.3 337.1 349 360.8 383.1 400.9 411.5 419.8 436.3 446.9 452.9 474.8 516.1 553.4 577.9 592.1 627 660.7 679.8 688.2 676.2 662 651.8 666.2 668 668.2 660.5 646.1 631.3 623.8 616.5 601.6 587.1 573.4 565 561.1 551.2 555.4 556.3 558.7 545.6 552.3 558 554.8 561.2 568.7
190.2 204.2 221.3 229.5 253.5 263.7 278 290 302.6 293.4 274.5 261.1 263.6 257.2 261.5 261.8 254.1 246.9 247.9 247.2 241.8 235.6 230.2 222.4 223.3 231.9 241.3 237.7 241.6 260.5 279.2 295.2 303.5 313.5 324 322 334.7 347 361.2 376.7 392.8 406.9 424.3 444.5 463.8 471 480.3 514.9 544 575.1 599.5 621.8 655.6 678 687.2 670.4 651.9 639.5 641.4 641.2 642.5 646.9 655.4 657.2 655.5 648.6 623.4 606.3 597.8 594.4 587.7 576 576.6 580.3 582.9 578.4 583.5 591.9 587.5 598.1 596.1
203.5 218.9 234 248.2 267.3 276.8 287 304.7 322.1 331 320.4 303.9 294.6 295.6 291.9 289.9 290 285.9 284.9 270.5 266 250.1 244.7 237.3 239.7 246.5 254.1 256.2 258.8 265.8 279.6 291.8 299.8 307.8 313.7 325.1 335.7 348.8 363.1 376.8 393 411.4 438.8 468.8 473.2 486.8 499.7 521.9 543.2 580.5 612.4 634.4 669.1 687.5 692.3 672.4 646.9 631 626.7 626.8 628.4 639.8 658.9 668.9 669.8 660 653.5 644.6 632.7 627.2 619.1 608.1 600.8 611.9 608.6 618 622.9 627.6 619.3 615.3 602
209.6 227.6 242.4 266.2 280 288 298.1 312.9 328.1 338.1 349.8 351.8 332.9 328.9 334.4 324.5 322.1 318.7 311.6 290.4 276.1 265.9 259 257.4 261.6 268 271.9 272.7 275.4 272.9 286 298.7 309.5 314 321.2 329.7 344.7 354.6 367.5 380.7 395.9 416.4 447.4 472 495.1 510.7 527.1 546.7 574.1 602 634.8 657 675.6 690.4 680.2 665.7 639.8 624.7 618.5 616.5 619.7 628.3 644.3 674 675.8 684.8 693.9 675.8 666.8 657.3 641.9 629.4 636.9 637.1 643.1 652.6 656.3 654.6 637.2 630.1 627.4
219.6 230.5 245.9 268.9 289.3 296.1 311.6 320.3 335.4 353.5 362.5 373.7 373.8 358.2 363.4 360.2 350.1 343.8 319.7 299.7 290.5 284.9 277 276.3 281.8 288.5 292 289.7 295.3 293.1 300.7 308.3 316 321.7 330.2 341.8 355.6 365.5 379 390.2 409.6 429.5 455.3 488.1 516.3 532 555.2 579.9 601.2 629.9 653.2 673.9 679.2 678.1 663.2 647.6 623.9 611.8 608.1 605.6 612.2 619.4 637.2 658.5 684.3 708.2 722.5 728.3 711.6 684.6 665 666 664.8 666.3 674.3 691.3 687.4 679.2 666.3 656.2 653.3
234 238.3 249.4 267.9 284.8 297.2 311.2 320.9 331 349.9 367 384.5 387.8 392.2 389.1 386.8 367.7 346.2 327 311 306.7 300.2 299.1 299.1 300 302.7 312.3 310.2 304.6 307.7 313.2 323.9 327.1 329.4 336.7 358 362.1 377.6 394.8 405.3 422.2 446.4 469.1 499.7 525.1 549.2 577.1 605.4 622.1 646.3 667.1 675.5 683.5 668.3 652.4 629.1 608.2 600.3 595.6 596.9 602.1 610.9 625.7 651.1 683.8 720.1 741.4 754.2 735.2 723.6 706.7 701.5 707.2 710.3 707.9 712.2 713.6 717.8 704.9 689.9 688
