Assets/StreamingAssets/GeoData/Data/nm/NM98.asc
ncols 200
nrows 200
xllcorner 190000
yllcorner 780000
cellsize 50
[rows 140 to 174 of 200, columns 0 to 78 of 200]
508.9 477.3 450 415.1 388.8 367.2 370 362.8 337.1 314.6 289.1 264.2 246.4 227.3 207.5 201 191.9 172 142.9 120.5 97.4 74.5 56.7 44.3 40 38.3 40.5 48.3 59.7 73.6 91.7 111.4 131.9 153.9 179.6 203.9 230.2 249.1 276.6 306 334.2 367.5 402.2 432 465.7 498.9 538.5 575.4 598.6 617.5 630.8 624.3 623.3 628.1 625.2 644.7 651 651.3 662.1 674.1 676.3 700.3 704.3 696 693.9 682.7 671.8 660.2 641.4 619.3 616.9 594.9 576.2 556.7 537.1 513.9 493.9 464 432.9
513.9 479.6 448.3 425 412.6 408.4 393.8 384.2 368 347.6 314.4 282.1 262.3 242.7 225.4 226 208.6 180.8 154.6 128.9 103.6 79.7 59.9 46.5 39.2 37.7 40.1 46.2 59 73.6 90.2 107.3 128.4 150.8 176.4 194.3 218.2 248.2 280.1 306 332.6 362.9 396.7 429.5 460.2 498.5 535.7 564.1 588.8 615.9 620.2 616.1 624.1 611.5 612.4 624.9 631.4 629.3 638.2 642.6 668.1 675.7 686.3 672.3 670.9 664 647 638.1 620.1 602.8 590.1 577.2 567.4 550.8 535.1 519.9 492.3 464.1 430.5
523.2 500.9 496.9 470.6 447.5 437.5 446.1 428.1 416.3 388.7 341.6 297.7 271.7 247.3 258.5 249.3 220.9 189.6 162 138.4 112.2 90.2 68.9 48.3 38.9 37.9 39.5 43.8 57.8 74.1 89.6 104.6 123.7 143 168.2 194.7 218.6 248.3 280.2 304.8 332.6 362.4 400.7 431.6 460.7 488.4 529.7 566.4 585.8 610.2 601.4 603.2 612.4 606 594 605 611.3 616.6 598.8 632 651.6 656.4 658.2 659.7 650.2 642.2 624.7 615.6 608.4 590.5 581.8 576 567.8 548.6 522.5 500.8 469.9 446.6 416.8
556.3 547.8 538.4 513.7 508.4 494.5 459 449.3 419.8 392.8 354.5 310.8 280.2 274.4 286.9 251.2 227.2 195.5 167.8 151.6 130.8 101.6 74.6 53.8 39.9 37.5 38.8 41.8 55 71.3 87.6 103.1 125 146.2 167.8 192 218.1 252 281.3 302 329.1 362.2 401.1 428 459.8 487.4 525.7 561 572.8 590.5 585.3 585.8 594.9 592.2 578.4 578.8 575.4 575 595.8 612.2 639.4 640.3 643.7 647.1 638.4 619.4 609.9 599.8 589 580.9 569.8 558.7 542 526.1 515.4 499.9 470 431.5 405.6
571.9 561.1 543.6 534.9 512.7 487.1 456.1 435.3 407.3 385.4 351.4 309.5 292.3 307 289.5 256.9 227.8 200.2 184.5 163.8 146.7 115.3 83.6 62.3 43 36.9 38.1 40.8 50.8 66.1 83.5 102.8 127.8 149.1 166.5 187.5 218.3 249.5 273.3 296 325.9 374.8 400.1 432.3 460.2 490.5 523.6 553 561.3 565.8 569.8 567 569.7 565.4 553.7 555.2 539.9 545.8 583.4 601.2 618.5 621.6 626.8 622.4 614.1 606.6 591.3 577.4 567.8 565.3 552.1 543.3 533.4 520.9 498.4 469.2 439.5 424.4 392.7
566.1 547.2 536.4 525.1 505.6 477.6 458.3 429.5 396.4 366 331.6 311.8 325 320.6 292.3 263.6 233.6 212.9 196.5 176.9 151.3 121.5 91.3 64.1 47.4 36.9 38.1 39.9 48.7 62.6 82.3 102.1 126.9 149.6 166.6 184.3 209.7 238.5 269.2 289.7 320.4 357.1 398 428.5 459.4 488.3 521.4 541.1 544.9 542 548.7 544.1 538.7 531.1 519.9 536.6 521.3 520.7 563.9 587.8 592.1 599.8 601.6 605.2 601.6 596.4 579.2 568.7 565.3 554.6 544.5 532.2 524.5 511.8 478.2 448.5 425.7 396.2 372
542.4 530.9 527 520.1 502.2 471.6 450.2 429.7 388.7 359.6 337.1 341.4 342.3 333.8 301.8 268.1 243.1 223.9 202.8 183.4 149 125.2 93.7 71 54.2 38.3 36.7 38.6 47 63 85.4 105.3 128 148.8 168 187.7 208.3 236.4 261.2 288.3 321.6 353.4 385.8 423.4 454.2 487 509.3 523.8 525.3 517.2 518.6 513.4 504.8 493.8 483.9 490.5 476.2 534.2 564.5 570.7 583.4 583.8 580.5 595.8 598.8 580.4 570.3 557.5 541.4 530.4 519.7 490.5 485.8 480.6 455.3 425.7 397 381.6 371.1
519.3 515.7 519.5 511.8 492.5 472.4 440.4 414.2 385.9 380.6 368.5 367.3 351.2 330 288.8 266.2 245.9 229.7 213.5 183.6 158.1 131.8 105.6 77.3 54.5 41.1 35.7 38.4 46.5 62.8 87.4 108.6 129.7 146 164.5 184.2 203.2 229.3 254.9 284.3 312.2 342.9 378.2 414.4 447 476.4 491.9 503.7 487 484.5 490.4 478.2 466 457.5 449.4 443.8 508.6 544.4 563.3 582.7 588.2 592.3 574.9 568.3 562.7 557.2 543.6 534 520.8 507.6 489.6 476.5 475.1 461.1 433.4 410.6 396.5 374.4 353
495.4 511.9 513.3 497.6 480.9 468 437.6 427.2 431.1 412 391.9 388.7 354.5 318.4 287.3 262.1 258 240.3 218.4 196.1 173.9 142.5 102.9 74.1 54.1 40.1 36.3 35.9 46.9 64.3 87.9 110.2 135.7 149.8 164.4 181.6 199.2 223 251.4 278.9 309 342.2 374.7 413.9 450.6 464.2 474.9 478.7 464.6 454.4 454.5 440.9 427.9 416.2 432 482.3 499.5 546.9 570.6 579.3 580.6 582.5 577.7 572.1 564.6 550.2 532.8 524.5 515.3 496.9 482.8 459 452.9 435.8 429.3 416.5 401.7 375.5 355.8
491.2 506.3 500.7 487.2 471.8 457.6 435.4 442.9 445.7 419.6 410.1 383.7 355.9 315.3 285.2 256.7 247.1 223.6 212.3 196.8 172.6 139.3 104.5 75.9 50.8 38.7 35.4 35.5 52.3 67.5 93.2 115.7 133.2 146.2 162.9 179.5 196.4 221.2 248.2 276.5 308.3 343.9 373.8 407.3 444.6 452.9 454.5 446.1 438.5 414.5 411.6 400.7 390.4 416.9 467.4 503.6 546 564.9 577.3 581.9 580.8 590 584.3 573 571.6 552.1 534.5 514.3 497.9 480.4 467.4 445.9 425.9 435.6 420.2 404.3 380.2 349.1 331.5
494.6 494.1 487.9 478 465.8 443.9 438.5 450.5 442 427.4 404.9 371.3 342.3 320.6 282.6 253.9 234.7 221.4 211.4 191.1 173.1 136.5 103.4 71.6 47.3 36 34.8 37.2 56 72.5 98 113.2 129.3 141.2 158.3 174.1 190.4 217.5 246.3 273.4 303 339.6 364.1 396.7 421.3 429.1 412.6 409.7 399.4 383.8 371.8 369 405 455 495.3 516.7 535.4 540.2 545.9 553.1 556.1 558.5 562.2 556.3 542.8 532.6 519.4 504.3 491.6 479.1 468 455.1 425.3 401.4 385.2 353.7 336.1 322.7 301
488.8 478.6 475.5 468.5 454.8 440.4 441.7 446 436.8 429.3 404.9 368.3 353.8 321.3 285.5 252 234.1 218.9 195.8 177.9 157.6 136.5 96.4 68.6 46.8 35.6 35.7 38.4 55.8 71.7 89.8 102.9 121 132.1 150.3 168.7 190.6 215.4 239.5 266 299.5 332.5 360.5 390.1 393 380.4 374.3 368.2 360.1 345.3 356.5 396.9 434 466 485.4 494.3 506.9 511.6 511.4 522 528.8 527.6 528 527.8 523.6 512.7 505.3 488.8 480.1 478.3 465.2 457 429.4 407.6 377 361.8 343.6 305 278
464.7 464.9 460.7 455.6 443.9 440.2 449.8 445.1 440.2 431.8 397.1 377.2 352.1 313.1 275.1 258.6 243.7 224.9 192.8 170.4 150.9 136.7 107.7 72.8 46.1 34.2 35.7 37.4 54.6 65.5 80.6 91.8 106.7 121 139.3 160.6 186.3 210.8 236.2 266.8 299.1 327.3 362.9 372.3 360.5 345 337.7 331.2 324.2 343.4 387.9 418 439.4 455.9 464.4 473 482.3 493.9 502.1 515.5 521.3 521.8 524.4 517.7 512.9 501.7 482.7 475.4 471.4 458.9 450.9 442.5 424.8 408.9 385 372.6 355.7 327.8 300.3
445.1 447.8 442.7 447.2 435 439.1 448 441.2 443.7 423 404.9 368.1 343.7 303.8 280.2 273.3 245.5 224.1 198.5 177.7 158.1 139.2 112.6 78.7 45.2 35.2 33.8 35.4 46.2 60.9 72.4 81 95.5 114.3 134.4 158.2 183.6 207.6 237.1 267.7 296.5 325.8 344.3 342.2 327.2 312.4 302.5 306.3 332.7 371.2 393.5 412.5 431.4 447 454.5 465.3 481.2 488.3 494 493.6 500.7 506.6 507 494.8 485.6 471.4 461.1 457.6 446.9 439.8 429.8 427.7 413 397.2 376.3 351.2 347.6 337.7 311.5
427.3 438.9 451.2 443.6 433.2 441.4 453.5 453.2 445.6 432.2 404.7 364.2 335.5 307.5 285.5 276.6 252.9 225.5 199.3 180.8 163.5 135.6 111.3 87.4 55.6 35 33.5 34.5 43.5 52.3 60 71.5 90.1 110.8 133.2 156.7 181.7 205.5 237.1 269 294.2 307.8 307.4 307.1 288.8 281.2 303.4 329.5 358.4 387.6 408.3 415.1 426.9 433.9 438.7 450.6 459.6 468.4 476.8 470.3 479.9 481.6 475.4 467.5 457.3 445.8 447.6 440.1 432.4 424.4 418.3 413 404 378.8 348.4 321.2 308.7 302.4 289.8
432.5 438.8 446.6 428.9 432 442.3 447.1 446.8 446.8 435.7 405 361.5 342.1 312.2 288.4 272.5 247.6 216.3 200.3 177.5 149.9 127 109.9 92.1 60.2 38.7 33.7 33.4 37.7 44.7 53.1 68.4 91.8 109.2 131.1 155.7 180.8 207.3 235.1 264.5 278.7 273.6 265.2 258.5 266.3 295.1 330.9 366.3 382.4 399 412.3 420.3 419.5 423.8 430.4 434 444 447.9 452.3 450.6 452.4 453.4 446.9 445.4 439.6 434.2 434.2 430.2 413.4 400.7 402.4 387.9 375.6 360.6 335.2 303.2 279.3 264.2 263.2
437.6 439.5 432.3 414.6 426.4 436.8 448.9 454.5 445.3 428.3 394.6 369 337.5 308.3 284.2 260.9 229.5 203 185.1 168.7 140.5 123.8 110.9 93.7 68.2 41.3 33.7 33.7 36.2 42.4 52.4 66.8 93 113.8 133.8 158.7 183 211.7 233.1 252.4 247.5 237.6 239.7 260.7 289.3 325.5 358.9 373.9 376.7 391 401.3 405.2 407.5 405.8 412.6 423.7 427.7 435.2 432.1 431 432.8 427.4 427.7 432.3 427.2 420.9 420.7 411.8 396.6 394.7 376.4 367.1 352.7 337.5 314 276.3 259.4 244.5 236.1
430.1 426.7 412.1 412.4 419.5 423 444.1 440 426.9 402.1 387.8 364.1 336 305.8 282.2 256.8 226.1 198.7 181.6 165.7 143.5 123.8 104.6 86.9 56.6 40.9 33.5 33.8 36.3 42.7 54.5 73.1 94.6 114.2 134.2 157.2 189.3 209.8 229.2 229.7 214.6 230.3 250.3 276.9 317.8 357 365.5 367.5 368.5 376 386.2 391.2 389.6 385.6 395.2 412.7 410.3 413.6 415 414.1 413 412.7 415.3 411.6 404.5 400.6 396.1 384.9 377.5 368.6 361.6 338 321.9 305.3 283.3 260.2 236.8 233.5 226.6
419.9 400.4 386.8 396.6 404.7 414 430.8 427.9 411.8 406.6 387.3 355 326.1 304.9 274.5 245.5 223.2 190.6 171.2 145.6 119 109.1 92 70.8 53.9 39.1 33.6 34.2 36.3 43.9 59.7 85.3 98.2 118.3 137 167.4 202.1 193.6 196.7 195.3 217.4 242 275.8 308.9 347.5 361.5 362.3 368.2 365.1 368.1 377 371.2 375 371.3 383.6 385.4 388.2 391.6 400.9 406.7 402.9 401.6 402.3 400 389.9 378.3 366.5 363.4 351.6 340.6 332.2 318.2 287.2 281.4 266.5 243 225.6 213.1 215.2
395.1 382.2 362.9 372.6 383.9 403.6 406.5 402.8 415.6 393.5 371.6 349.7 323.6 298.5 266.2 243 214.3 176.3 145.5 123.5 101.7 89.6 77.2 61.7 56.3 45.2 33.1 34.2 39.9 57.6 73.8 85.7 97.7 119 137.9 173.4 176.9 175.3 185.5 205.1 238.9 273.2 304.2 339.3 350.9 358.3 358 362.5 359.3 363.2 361 350.4 356.9 365.3 371.7 376.7 376.1 381.8 386.6 391.1 387.6 388.7 384.3 382.8 374 366.3 357.1 351.5 335.2 327.2 318.6 294.2 272.9 258.7 248.6 233.3 221 214.4 207.2
368.8 359.6 340.2 351.5 364.6 390 382.9 396 397.3 368.5 350.4 333.3 312.8 283.5 256 232.6 197.8 166 136.2 108.4 86 70.3 65.8 60.7 73.9 60.3 35.3 35.9 42.9 64 76.3 84.9 104 119.2 137.4 149 153.2 172.5 192 220.1 244.7 280.5 308.2 333.2 343.1 345.4 359.5 353.1 348.5 351.2 347.1 340.9 350 359.2 369 371.1 372.4 382.8 385.9 383 381.9 375.4 370.7 371.4 363.2 356.4 344.4 330.2 323.5 311 290.3 284.4 268.8 251.5 234.1 223.8 220.2 209.3 201.8
340.2 335.2 318.9 314.9 340.5 363.8 378 391.5 379.2 350 332.6 313.1 291 258.5 236.7 227.9 184.4 157.9 132 104.8 76.1 58.4 52.2 58.2 71.7 59.6 33.8 38.7 52.6 64.1 79.3 96.8 108.5 117.1 127.5 139.1 159.7 177.6 201.5 229.2 251.7 273.6 314.4 326.4 334.1 351.3 348.2 340.7 334.8 338.3 335.2 335.1 333.5 346.8 353.8 372 368.8 379.4 380.7 376.9 373.2 360.2 353.1 361.2 353.8 347.5 331.7 315.9 306.7 298.6 284 274.3 266.5 251.3 245.1 233.1 214.2 205 200.7
316.9 306.4 294.7 294.8 319.2 336.2 368.7 382.1 353.7 336.8 308.7 283.9 273.3 244.4 226.6 210.6 178.8 151.1 126.9 101.8 78.4 51 43 48 50.9 43.6 32.4 40.5 52.9 68 84.4 96.7 106.4 120.7 139.1 150.2 165 187.6 211.2 233.8 256.9 279.4 294.9 315 336 340.5 339.5 325.3 323.7 331.5 323.1 324.4 326.7 334.7 339.3 351.1 350.4 353.4 364.8 363.1 356 344.2 341.1 339.8 331.8 326.7 309.6 302.3 289.3 284.7 277.8 274.2 256.4 241.9 228.7 222.4 210 202.5 197.3
297 280.3 267.7 276.7 298.3 326.3 353.1 357 333.3 314.2 295.2 269 243 224.7 205.3 195.7 171.1 150.5 127.2 100.9 76.3 48.7 38 41.8 40.8 30.7 29.3 42.3 56.3 73.2 89 93.8 104.3 125.9 146.5 149 161.4 186.6 213.4 232.7 248.5 275.3 292.6 302.6 326 328.8 327.9 321.3 313.5 319.1 318.3 318.7 320.5 318.5 323.1 331.9 332.4 337.4 346 343.9 331.4 339.8 321.4 313.9 303.1 301 297.7 290.6 287.5 277.3 262 249.1 238.9 232.7 219.8 210.4 200.7 195 189.3
273.1 256.1 245.8 258.9 287.9 317.9 333 329.3 314.3 292 276.4 264.9 233.9 198.7 186.3 174.7 159.2 147.1 124.7 93 68.9 38.9 33 35.9 29.3 28.8 26 47.1 57.3 69.7 81.5 93.1 107.1 126.6 142.8 151.6 161.5 183 209.6 238.2 256.5 271.8 278.5 288.7 312.3 314.1 312.6 307.8 312.8 310.6 313.1 313.2 310.2 305.1 309.7 306.4 310.5 313.9 316.9 318.9 313.5 308.5 305.8 300.7 303.4 301.6 299 294.2 283.9 271.6 262.1 247 228.9 219.3 205.7 199.7 191.4 185.8 181
249.5 234 227.4 254.2 279.9 306.7 316.6 306 300.9 274 256.6 248.4 217.9 194.1 175 151.7 126.9 117.3 100.8 77.5 52.2 30.5 28.8 32 25.7 24.1 30.7 41.1 51.4 66.2 88.1 104.6 113.2 126.7 138.5 153.4 164.1 186 216.4 236.9 252.2 261.4 266.4 282.1 296.6 301.7 301.2 297.6 299.9 301 300.8 303 305.2 302.9 297.3 298.7 297.4 306.1 304.5 305.5 309.6 307.2 299.7 296.6 293 295.6 295.2 289.8 276.9 259.8 245.1 230.1 209.5 200.2 194.4 187.3 183.4 179.6 174.6
227.9 212.2 222.6 249 278.5 297 298.3 297.1 276.8 258.2 233.5 215.9 199.5 180 171.8 149.2 124.8 93.1 74.6 63.6 41.6 26.6 24.2 26.4 22 24.4 38.9 49 53.3 65.8 98.4 115.9 120.6 125 132.8 147.4 166.1 188.4 206.3 221.1 230.9 238.5 250.3 260.1 266.1 267.1 279.5 285.2 296.4 295.5 296.8 291.6 295 298.2 291.9 291.6 291.7 293.1 296.9 305.1 303.6 301.1 298.8 287 284.4 289.8 286 280.3 268.6 246.4 220.9 209.2 190.9 178 177.8 167.5 166.3 163 158.8
199.2 193.4 214.8 252.2 284.2 290 288.8 281.4 262.9 247.2 215.4 190.4 173.5 166.2 165.5 136.2 105.4 88.6 67 45.7 31.8 24.8 21.6 19 25.7 40.7 49.4 52.6 58.4 75.4 101.2 111.9 114.4 116.7 129.4 143.5 158.7 173.7 187.6 202.7 207.5 220.1 230.6 244.2 257.3 265.4 282.7 288.5 289.4 312.6 311.2 302.7 291.6 291.6 291.6 291.6 291.6 291.6 295.7 297.4 297.9 297.4 292.9 283.8 282 277.9 275.6 264.8 250.7 232 210.4 184.6 168.9 159.1 151.5 144.4 141.1 137.5 132.2
176.2 190.6 211.7 247.1 274.9 278 277.8 259.4 240.9 230.8 203.3 174.6 150.4 137.8 140.7 117.1 89.1 69.4 57.6 40.8 27.4 22.1 20.3 20.8 38.4 47.3 55.6 55.3 65.8 75.1 91.1 101.4 103.5 108.8 121.4 136 156 173.6 191.4 208.7 226.7 243.3 268.5 273.2 272.6 272.2 286.3 287.6 285.3 308.7 311.6 310.3 299.8 296.1 297.6 297.1 294.1 292.4 292.8 294.6 298 300.2 292.3 285.7 282.1 272.6 261.2 250.1 233 214.9 191.5 170.9 153.6 140.4 132.1 121.3 115 113.7 114.6
179.2 192.3 211 230.9 251 264.1 266.2 242.8 223.4 206.1 187.3 160 138.4 123.1 102.3 88.6 70.5 58 43.3 31.1 20.2 18.4 16.3 33 41.3 46.7 50.3 53.6 60.1 70.8 87.3 87.9 103.9 123.1 142.3 158.7 171.5 187 208.6 238.3 263.6 274.9 279.1 279 270.5 274.5 285.1 284.6 284.5 304.2 308.1 312 305.6 295.3 301 302.1 299.3 296.4 291.4 299.4 295.9 294.7 286 281 278.5 272.8 265.9 247 219.7 199.8 176.9 163.4 147.6 130.8 114.8 101.5 91.8 98.7 101.6
184.2 208.8 222.8 229.7 240.8 238.6 235.6 222.8 205.9 190.6 169.8 145.1 128.7 120.3 100.2 78.2 58.7 43.7 34.8 24.2 18.4 16.2 19.9 27.3 37.3 50 53.8 57.1 60.7 69 76.6 91 109.5 132.5 161.3 177.1 184.2 204.2 227.6 257.5 288.9 294.8 277.8 269.6 264.8 269 274.7 276.2 279.9 299.1 311 309.3 306.1 297.9 297.7 300.6 293.2 293 294.2 298.1 299.9 296.5 279.8 274.4 266.9 256.8 244.9 230.4 217.1 193.6 169.2 156.1 141.4 122 100.2 85.1 81.4 86.2 89.1
181 197 215.7 218.1 230.2 240.5 230.9 224.9 204 179.2 159.2 136.5 118.6 110.5 92.4 75.3 51.3 37.5 27 21.5 15.4 17.6 26 33.8 44.2 53.2 58.7 58.7 63.2 71.9 82 99.9 119.7 152.9 180 185.8 194.3 215.1 234.1 256 280 278.4 270.3 268.1 258 267.5 267 268.8 270.2 291.7 311.9 305.5 304.3 300 294.4 290.2 287.4 291.7 290 291.4 303.6 298.4 284.7 277.1 266.8 251.4 235.1 220.6 201.4 178.3 154.6 144.7 133.6 110.3 89 78.1 76 77.8 77.9
183.2 188.3 200.4 204.7 208.4 229.6 219.8 213.6 201.1 167.2 150.1 133.8 115.5 106.4 89.1 68.9 47.6 33.8 23.3 15.2 15.1 15.3 24.6 33.2 47.9 59.5 62.7 60.4 64.9 75.8 92.7 117.3 134.2 160.1 189.4 207.5 220.8 230 236.4 241.9 256.2 263.1 262.6 252.7 247.6 247.4 256.2 258.4 253.9 278.4 307.5 303.5 299.7 296.7 291.2 288.5 287.8 292 288.3 286.4 291.4 295.4 282.8 275.8 261.2 235 219.4 203.1 181.6 161.6 146.9 135.6 121.2 103.5 81.3 72.4 70.5 71.7 72.3
167.5 177.5 195.6 191.7 185 203 197.9 186.1 171.6 148.2 143.1 127 112.3 96 82.6 56.5 38.5 29 22 12.1 14.1 14.5 28 37 53.8 65.7 66.1 64.9 71.8 91.6 112.6 123.7 144.6 169.7 193.1 216.9 236.7 248.1 249.3 240 237 243.1 244.9 237.9 234.6 233 246.7 248.9 241.2 260.3 288.6 298.3 297 294.8 289.6 288.5 288.6 287.5 279.8 276.9 282.3 285.7 275.6 258.6 234.6 220.9 205.8 184.8 164.8 151 136.4 122.9 107.4 92 79 68.4 67.1 69.6 72
155.6 164.8 179.1 176 163.7 159.5 157 161.2 157 133 123.9 109.3 90.5 84.7 70.9 49.3 35.1 26.3 18.8 10.3 12.7 18.1 25.8 36.3 54.6 61.6 61 68.4 84.7 105.2 119.4 129.2 154.7 184.5 203.1 225.8 238.9 243.9 255.3 245 234.5 226.3 232.9 229.3 221.7 222.1 224.4 232.9 238 252.1 269.7 285 285.4 291 285.3 292.3 286.6 274.2 274.8 275.1 279.3 269.4 252.9 234.8 212.9 197.9 182.4 165.7 153.9 139.3 123.5 107.6 91.4 77.8 73.5 67.1 64.9 68 69.7
