Assets/StreamingAssets/GeoData/Data/nf/NF71.asc
ncols 200
nrows 200
xllcorner 70000
yllcorner 810000
cellsize 50
[rows 76 to 113 of 200, columns 86 to 171 of 200]
6.6 7.7 7.8 8.3 7.8 8.8 8.8 6.1 5.7 8.4 9.3 9.9 9.9 9.9 10.1 10.7 11.9 10.3 10.1 10.7 10.8 10.1 8.1 10 12.5 12.2 13.5 14.9 15.1 15.7 16.6 16.9 16.9 17.5 18.4 19.3 20 22.4 27 31.5 38.6 45 50.7 56.4 62.3 68.7 72.6 78.6 84.9 89.9 95.2 102.7 112 121.4 129 133.4 137.6 140.1 147.5 159 172.8 182.4 189.2 195.3 200.7 207.5 212.4 215.9 212.1 210.9 204.9 196.3 188.1 182.8 173.4 165 158.1 155.5 155.4 158.1 154.3 146.2 137.6 120.9 113 106.4
6.5 7 8.4 9.3 9.1 9.2 9.7 8.7 6.6 5.7 5.7 5.7 10.2 10 10.6 10.5 10.7 10.1 9.9 10.6 10.5 7.2 6.7 6.7 6.7 9 11.7 13.3 13.1 15.8 15.2 15.5 15.8 17.2 18 18.7 18.6 21 26.5 32.7 39.3 45.4 50 57.5 64.4 69.6 76.3 80.6 85.7 91.6 97.4 105.3 113.6 122.3 128.3 134.7 140.6 146.1 157 169.7 185.1 192.3 198.9 202.9 208.5 211.9 217.9 219.9 213.4 214.2 206.9 200.4 188.8 181.1 173.8 165.9 158.8 150.8 147.9 153.4 148.6 140.6 133.4 118.1 108.3 103.1
6.4 6.8 7.8 8.5 8.7 9 9.5 9.6 9.4 9.2 9.7 10.2 9.9 10 11 11.1 10.7 11.2 9.6 8.5 6.7 6.7 6.7 6.7 11.2 10.3 10.5 10.9 11.8 12.6 13.9 14.3 14.7 16 17.2 17.2 17.9 21.5 26.5 33.8 40.8 44.1 51.8 58 63.7 72 78.7 84.2 89.1 94.5 100.8 106.8 115.6 122.9 130.3 139.2 146.8 156.3 169 186.1 204.1 212.1 202.5 207.4 212.6 213.8 217.9 221.9 219.4 211.6 206.4 205 197.1 182.4 179.4 174.8 161.6 150.8 145.1 140 138.8 137 129.7 114.5 102.3 100.2
6.8 7.2 7.5 7.9 8.8 9.4 9.3 9.9 9.9 9.9 10.7 11.5 11.8 11.1 10.9 11.4 10.8 10.6 10.2 9.5 7.1 6.7 6.7 6.7 10.2 11.8 11.4 11.2 11.5 11.6 12 13.3 13.6 14.9 15.7 16.2 19.3 22.3 26.3 31.9 39.1 45.6 52.6 58.6 67.1 73.9 81.1 87.7 92.8 99.4 105.7 112 120.2 127.1 138.3 146.5 158 166.8 179.8 197.6 210.4 216.6 219.6 215.4 217.2 218.4 220 218.4 222.1 216.8 212.5 208.5 200.2 191 181.5 170.4 159.2 147 133.8 134.2 134.6 134.5 121.5 102.6 98.8 97.1
7.5 7.9 8.4 7.9 8.8 9.8 9.7 10.6 10.4 10.5 11.1 11.6 11.9 12.1 11.5 12.1 10.9 11 10.4 10.4 11.3 12 12.3 9.2 11.8 12.1 12.1 13.5 13.3 11.8 12.4 12.9 14 14.9 15.4 16.3 18 22.7 28.8 34.1 41.3 48.9 55.6 62.2 67.4 75 83.7 90.9 98.3 104.4 111.6 118.4 125.4 135.8 144.5 155.8 165.9 177.2 192.7 206.9 216.2 221.7 222.7 223 221.4 220.2 218.9 220.3 218.4 218.4 212.5 208.8 200.6 187.2 175.9 164.7 152.5 136.7 132.9 125.4 118.5 115.9 107.2 102.6 99.7 98.1
8.4 8.9 9 8.6 9.6 9.9 10.1 10.9 11.4 11.6 11.2 11.9 11.8 12 11.6 11.7 12 11.2 11.1 10.9 10.6 12.2 13.1 13.1 12.9 12.2 12.6 12.5 12.4 13 13.7 13.8 14.5 15.3 15.9 17.1 18.9 23.7 30.2 38.1 44.7 51.3 59.1 64.9 71.4 77.8 86.9 94 103.3 110.7 118.5 125.4 133.6 142.3 152.8 165 177.7 190.3 203.1 216 224.3 226.4 230.5 229.1 227.7 228.3 230.5 221.7 216.4 204.7 196.7 195.8 193 181.7 166.4 154.4 149 140.9 134.3 123.8 111 107.2 106.2 100.9 97.5 93.4
9.2 9.5 9.2 9.4 9.8 10.1 10.9 11.5 12.1 12.2 11.6 12.6 12.7 12 11.9 12.5 11.7 11 10.5 10.9 10.7 11.1 12.4 13.8 13.3 12.2 12.2 12.5 12.8 13.5 14.3 14.6 15.1 16.2 17 18.3 20.8 24.4 32.8 39.9 48 55.1 61 67.1 74.9 81.2 90.6 100.1 105.9 113.7 123.5 129.9 138.6 148.4 161 173.6 186.2 201.2 213.8 226 233.2 232.6 233.5 233.6 233 228.9 229.6 223.2 213.8 203.2 191.7 187.5 182.2 172.4 159.3 152.5 143.3 132.8 128.8 112.7 108.3 103.9 98.1 98.9 94.1 88.5
9.6 9.6 9.5 10 10.4 11.1 11.7 12.1 12.2 12.1 12 12.2 12.6 11.6 12.1 12.3 12.4 11.8 10.2 10.3 9.9 10.1 12.8 13.4 11.7 11.9 12.6 12.8 13.1 13.7 14.5 14.7 15.5 16.3 17.3 18.9 22.1 27.4 33.7 41.2 48.5 56.4 63.2 71.9 79.2 85.8 92.4 101.8 109.2 116.9 128 135.2 143.5 157.1 169 181.6 197.8 214.2 224.3 230.8 239 242 241.4 236.2 233.4 230.1 224.4 213.9 211.4 203.4 193.5 181.2 176.6 166.7 158.8 148.9 141.5 122.3 113.4 103.3 99.5 95.6 97.6 90.7 85.3 84.7
9 9.2 10 10.5 11.1 11.6 12 11.8 11.6 10.9 9.9 9.5 10.3 10 11 11.7 11.5 11.1 10.4 10.2 10.1 9.9 10.9 11.6 11.3 11.7 12.2 12.8 13.4 13.9 15.5 14.3 16.3 17.1 17.9 19.9 23.9 29.2 35.2 42 49.1 57.1 65.6 73.8 81.8 88.4 96.6 104.1 113.1 121.6 131 138.5 147.1 160.3 175.8 187.9 208.2 222.4 229.6 231.8 236.4 237.3 236.7 239.2 237.8 231.9 226 218.7 210.2 201 190.8 185.7 175.5 160.8 157.3 149.3 138.5 123.7 110.1 100.7 87.3 78.6 81.3 76.8 76.2 75.3
9.3 9.9 10.4 10.7 11 11.4 11.7 11.1 10.3 9.1 8 7 7.3 7.5 8.7 10.5 11.5 11.8 11 10.7 10.2 9.8 10 10.4 11.3 11.6 12.1 12.6 14.2 14 14.5 14 15.3 15.7 17 20.7 25.5 32 36.5 44.4 52.6 58.9 65.4 73 83.4 90.9 98 107.7 117.5 123.8 130.6 143.1 149.2 161.3 174.6 189 206.3 221.5 227.4 231.8 233.9 236.6 239 239.4 238.9 235.5 229.1 219.6 205.8 199.6 192.8 184 175.4 166.8 149.6 142.1 133.2 118.4 103.3 94.2 86.7 72.5 75.4 75.8 76.5 75.2
7.9 9.5 10.1 10.1 10.7 11.1 11 10.6 9.8 8.7 7.6 6.5 6.5 6.5 6.5 7.7 8.5 9.6 11.1 12.2 10.1 9.9 10 10.3 11.1 11.5 11.9 12 13.4 12.7 12.7 12.6 13.9 14.6 15.7 22.5 28 33 39.1 46.6 53.8 62.6 68.8 76.4 84.4 93.4 101.1 110.3 120.1 128.3 133.1 142.1 152 163.6 178.8 195.4 210.7 220.4 233.5 235.4 236 240.3 239.2 241.4 237.8 233.5 228.3 219.7 210.9 208.5 191.4 180.6 171.5 158.4 148.9 132 114.7 101.3 94.1 85.8 75 67.1 63.7 65 73.9 72
7.5 8.4 9 9.8 10.3 10.4 10.6 10.1 9.6 8.8 8 7.3 6.5 6.5 6.5 6.5 6.5 7 9.6 11.2 11 10.3 10.1 10 10.8 10.5 11 11.5 11.8 11.9 12.2 12.5 13.2 14.1 15.3 23.2 29.1 35.7 43.2 50.6 57 64.9 72.1 80.5 88 97.3 104.6 114.4 124.2 131.9 135.9 149.8 157.4 170.5 180.4 196.4 208.5 217.4 227.1 231.9 237.1 240.8 236 235.9 234.5 227.9 225.4 219.5 211.4 205.2 194.8 185.1 165.2 152.4 140.3 129.2 103.6 89.4 83.3 75.4 74.7 61.4 60.5 62.8 61.9 62.1
6.7 7.4 8.9 9.5 9.3 9.6 9.8 10 10.2 10.1 10.5 11.6 9.8 8.3 7.4 8.2 8 7.4 10.2 11 10.6 10 9.6 9.6 10.1 9.9 10.7 11.1 11.4 11.1 11.7 12.2 12.3 13.7 20.5 27.3 33.6 41.5 48.3 54.5 61.5 64.3 75.1 85.4 94.1 102.6 111.7 123.4 132.4 141.4 147 153 163.8 176.3 186.5 201.4 211.6 217.6 225.8 230.8 233.7 239.4 239.3 231.9 227.5 222.3 216 212.9 209.7 204 194.4 184.7 167.5 153.8 134.8 119.4 101 90.7 78.1 71.8 66.7 63.2 64.9 61.4 57.9 54.4
6.1 7.3 8.5 8.8 8.5 8.3 9.1 9 8.6 9.7 9.7 9.6 9.3 9.5 9.6 10.1 10.1 9.6 10.3 10.6 9.6 9.5 9.1 8.4 9.2 9.5 10.1 10.9 11 10.6 11.1 10 11.9 15.8 24 29.5 38.1 45.1 49.3 57.5 62.3 68.3 80.3 90.6 100.6 109.6 122 132.5 141.3 149.6 155.5 161 166.6 181.2 192.6 203.8 212.7 219.1 223.4 230.7 235.4 240.7 239.1 225.6 222.7 221.1 215.6 211 203.7 195.6 189.1 175.2 167.8 150.7 133.9 123.2 103.6 85.3 74.2 64.9 63.2 63.5 62 52.4 42.7 42.7
4.4 5.1 6.1 7 8.2 7.8 8 8.2 8.1 8 6.2 7.7 8 8.5 8 8.5 9.4 9.7 9.9 9.5 9 9.2 9.2 6.7 5.2 7.6 10.9 11.1 10.1 9.6 10.1 11.6 13.6 15.9 22.2 33.5 40.5 45.8 52 61.5 70 76.9 83 93.9 106 117.7 129.6 141.7 148.3 153.6 159.8 162.3 169.9 181.6 194.5 201.1 207.1 213.2 218.5 228.5 233.3 235.3 234 217.5 213.9 217.9 215.1 208.9 203.6 194 182.1 175.1 161.7 148.9 133.5 117.5 105.9 93.3 78.6 68.6 68.5 64.1 57.2 47.4 35.3 30.5
1.9 2.7 4.1 5.4 6.8 7 6.5 6.4 5.9 5.4 5.4 6 7.1 6.9 7.1 8.4 8.3 7.9 9.4 9.1 8.7 9.4 9.8 7.4 5.2 5.8 8 10.4 8.2 8.9 10 11.3 13.7 20.6 29.2 35.8 43.4 51.2 57.6 67.4 73.4 78.5 84.1 98.1 113.2 127.1 141.5 153.9 158 159.2 160.5 163.2 165.9 181.9 192.7 195.6 201.7 195.5 212 216.4 218.9 237.5 239.1 218.7 213.6 207.6 210.8 202.7 193.4 187.4 178.2 167.3 157.6 144.5 135.1 125.6 114 94.4 81.6 73.9 69.3 64 57.8 42.9 28.9 27.6
-0.3 0.6 2.1 3.4 4.4 5.1 5.7 5.7 5.4 4.3 3.2 3.7 5 5.7 5.7 6 6.9 6.7 7.2 8 9.2 8.5 9.4 8 5.2 5.2 5.2 5.2 5.2 5.9 9.1 10.8 14.6 20.3 26.7 36.3 46.7 57.4 66.6 70.8 71.7 74.4 84 102.2 116.2 129.7 154.6 165.9 169.1 163 165.3 160.7 161.3 162.7 173.4 182 179.5 172.4 187.1 193 204.4 222.8 220.2 216.6 213.2 204.8 198.3 192 186.2 183.6 173.2 167.9 155.5 147.3 138.5 128.3 115.3 102.2 88.1 73.8 61.9 54.5 48.7 40.8 28.8 27.2
-0.3 -0.3 0 1 2.3 3.4 3.7 3.9 3.9 3.8 4 4.2 4.4 4 4.4 4.1 4.7 5.7 6.1 7.4 8.3 7.8 8.2 7.1 5.2 5.2 5.2 5.2 5.2 5.2 12.2 14.4 18.5 21.9 28.2 34.3 42.6 55.5 68 76.2 75.2 80.5 88.2 102.9 120.3 135 151.3 167.8 165.1 160.8 161.7 156.2 152.5 152.8 156.6 155.7 156.3 166.3 171.6 173.8 190.6 210.3 216.5 217.1 212.5 204.6 199.4 189 182.3 180.9 175.7 165.4 152.8 141.4 132.5 123.4 107.8 91.2 77.4 61.4 50.6 39.6 31.3 29.8 26.5 27.9
-0.3 -0.3 0.7 2.9 2.8 2.8 2.8 2.7 3.1 3.8 5.1 6.1 6.5 5.9 5.3 4.5 5.7 6.5 6.2 6.9 6.7 6.6 7.9 8.4 5.9 5.2 5.2 5.2 5.2 5.2 6 11.5 18.8 24.2 31.9 40.5 48.4 59.6 66.7 74.5 79.7 88.7 96 113.5 122.4 131.7 138.9 148.4 147.6 143.2 139 135.7 133.7 134 144.8 145 148.8 149.3 152.1 166.3 186.6 199.5 207.3 209 208.7 201.9 196.6 192.6 186 179.5 173.3 163.1 149.7 139.9 123 109.8 98.2 84.6 65.8 51.3 38.6 32.4 30.3 28.4 25.9 25.3
3.4 3.4 2 3.1 2.8 2.6 2.8 2.8 3.8 4 5.7 6.2 6.1 6.3 6.3 5.8 6.5 7 7.3 7 7.7 8.2 8.1 8.3 7.6 5.2 5.2 5.2 5.2 5.2 5.2 5.2 13.1 18.3 28.5 39.1 50 60.1 68.9 76.6 81.4 90 99 110.5 123.1 130 137.2 135.1 126.4 120.3 116.8 113.7 115.8 120.1 129 136.9 140 143 150.6 162.9 181.7 193.5 199.1 198.5 196.8 198.3 197.6 193.7 185.3 178.6 174.1 163.7 147.9 137.2 120.5 101.7 80.5 67.7 55.9 45.9 39.2 34.6 28.8 26.2 25.1 24.2
4.4 4.3 3.7 3.1 2.8 2.5 2.7 4.5 3.8 6.1 5.3 6.2 7.5 6.7 7 6.7 6.9 7.2 7.4 7.2 9 9.9 9 9.4 9.5 7.3 5.2 5.2 5.2 5.2 5.2 5.2 9.1 13.5 20.2 35.2 43.9 55.8 64.5 70.8 83.2 94.5 100.1 111.6 125.2 121.6 117.8 117.5 113.8 110.1 103 96.8 93.3 98 100.3 110.5 120.6 134.1 142.9 151.5 172.1 183.8 182.6 178.7 175.2 174 172.1 170.2 168 174.6 164.9 153.4 143.7 125.4 107 97.2 82.3 75.6 65.6 50.2 37.6 33 27.3 26.8 25.6 25.2
5.2 5.1 4.1 3.6 3.3 5.5 5.4 4.8 4.5 4.2 5.4 6.2 8 8.4 8.3 7.8 7.7 8.1 8.8 9.2 11.4 14.1 13.6 12.1 11.9 11.5 12 10.1 5.2 5.2 9.1 13 14.7 17.6 17.3 27.8 39.5 50.1 57.8 69.7 87.1 94.7 107.8 112.6 112.9 112.9 106.1 103.1 100.8 91.2 91.4 88.3 86.7 95.4 99.3 104.9 111.3 121.1 133.2 145.9 154.3 157.4 163.8 169.4 166.7 163.8 164.1 161 160.5 157.5 150.9 145.1 130.4 116.8 110.9 100.8 86.3 75.2 66.9 56.6 45.3 37.7 33.1 30.4 30.5 33.1
1.2 3.9 5 4 3.5 4.3 8.3 9.6 5.7 5.3 5.1 6.4 7.9 8.7 10 8.9 8.7 9.7 12.8 14.4 16.7 18.4 19.6 17.7 18 17 17.3 16.4 13.1 5.2 5.2 11.2 16.1 17.9 20.7 24.5 30.4 41.3 59.5 69.8 81.5 87.7 94.4 98.3 100 102.8 101 94.6 89.4 87.8 87.1 81.2 81.3 85.1 92.1 100.1 104.3 115.2 125.6 134.1 143.1 145.5 151.1 149.8 149.8 154.7 154.2 153.4 151.7 148.9 146.3 139.8 131.7 126.8 117.8 110 102.3 92.3 83.6 65.9 49.9 42.9 38.1 36.9 34.8 34.4
-1.8 1.1 5.4 5.6 3.8 4 3.8 5.5 5.3 5.1 5.6 6.8 7.8 8.6 9.2 12.2 11.1 12.9 16.4 18.9 22.1 21.4 22.5 24.2 20.9 19.6 18.6 18.2 15.9 14.7 8.9 9.9 13.2 14.5 15.5 21.3 33 42.1 49.6 62 77.1 83.7 87.7 87 86.7 89.4 90.4 88.1 82 76.5 77.7 73.7 78.8 74.8 81.7 90 91.9 104.6 113.5 125.3 137.7 148 155.6 156.5 156 157.8 161 159.1 152.3 149.2 146.6 143.4 140.6 134.6 126.4 120.8 113.9 104.4 89.1 70.1 52.9 48.5 44.7 38.1 35.5 30.8
-1.8 -1.8 1.5 7.1 5.3 3.5 3 2.8 3.1 5 6.8 8.8 9.6 9 11.1 14.2 17.2 17.2 21 24.2 27.1 29.6 29.8 29.7 26.1 21.9 20.2 19.3 18.5 16.7 9.4 11.8 12.5 12.8 12.7 13.6 23.1 37.5 49.5 53.8 61.5 71.5 70.5 70.3 78.7 80 81.7 78.4 73.7 67.2 67.1 68.7 64.9 68.8 68.8 74.8 85.8 92.1 104.8 118.4 130.9 148.3 158.9 158.8 156.6 157.9 155.6 155.7 154 151.8 149.1 144.4 141.1 136.9 130.6 120.5 107.8 98.7 86.6 72.8 64.7 54.8 45.6 39.6 35.7 27.8
-1.8 -1.8 0.4 3.5 5.3 3.8 3 2.8 2.9 4.3 7.1 7 7.9 8.8 10.5 13.3 17.9 21.8 24.9 27.6 29.1 30.6 31.9 30.8 28.8 24 20.9 16.5 13.9 13.6 10.3 9.9 12.2 14.3 13.3 14.1 18.1 27.2 41.1 50.9 60.4 67.2 66 66.2 64 64.7 62.2 60.8 56.9 54.1 53.5 57.2 54.6 54.6 60.4 66.8 72.7 82.1 103.3 108.6 117.3 139.7 151.1 158.3 157.2 155.7 148 144.5 144.4 143.4 144 142.2 143.5 134 119.5 111.7 105.6 94.3 82.5 71.6 63.2 53.9 45.6 39 33.4 29.6
-1.8 -1.8 -0.3 1.7 5.2 4 3.1 2.8 3.7 3.6 6.5 6.2 7.2 8.6 10.3 12.8 16.8 22.3 26.1 27.9 29.2 31 32.8 30.8 29.5 24.8 21.1 15.2 12.6 11 9.6 9 9.7 11.3 14.5 15 19.5 27.4 34.6 38.6 42.7 45.2 51.3 51.9 51.2 54.9 51.5 47.9 46.6 43.7 38.1 38.4 41.8 46.2 55.6 65.8 71.3 82.8 97.8 109.3 119.8 132.4 142 151.2 155.8 156.1 151.8 147.7 140.3 135.4 137 133.8 130.7 126.7 116.3 109.6 99.9 88.4 80 67.3 52.8 51.3 50.8 45.7 38.1 35.4
-1.8 -1.8 -0.5 1.3 4.9 3.4 3.2 3 5.1 5.2 6.4 6.9 7.2 8.7 9.7 10.9 14.2 20.5 27.2 30.1 31.3 31.4 30.5 30.5 26.9 22.5 17.9 12.7 9.9 9.4 9.5 8.2 7 10 10.2 11.1 11.8 17.8 23.6 31.1 33 33.2 36.3 35 37.8 41.9 47.2 48.7 44.6 40.3 35.4 33.4 33.3 41.6 50.4 57 69.9 79.8 83.5 96.2 108.4 125.4 137.4 151.7 151.2 147 139.3 133.5 128.7 130.7 131.1 129.8 123.8 117.5 106 97.3 96.8 84.4 80.7 74 67.6 63.6 50.3 41.1 36.7 34.2
-1.8 -1.8 -1 0.7 4.5 3.3 3.2 3 4.1 6 7.4 7.8 7.6 8.2 9 10.1 13.4 18.7 22.4 26.5 29.1 28.9 28.4 24.8 23.8 19.3 13.1 11.3 10.5 9.2 9.1 8.5 7 7.5 8.2 8.3 9.1 10.2 12.2 13.2 15.1 17.8 19.7 24.1 27.2 33.5 39.4 44.5 43 39.1 37.2 33.9 31.4 38.8 46 53.5 64.7 70.6 76 80.4 98.1 108.2 118.2 130.4 138.8 136.8 130.7 124.8 115.4 117.2 122.9 115.7 106.4 96 90.7 91.7 93.1 95.1 85.8 77.1 73.6 68.9 61.7 52.7 46.5 37.6
-1.8 -1.8 -1.8 -0.1 2 2.8 2.9 3 4.3 8.3 8.2 7.8 8.6 7.9 8.7 9.8 13.3 16.4 20.6 23.8 26 25.6 25.3 23.5 20.5 18.1 12.4 10.5 9.8 9.1 8.1 7.3 7.1 7.3 7.2 8.4 8.8 9.1 10.7 13.2 13.5 13.2 17.2 18.3 19.1 26 27.7 28.8 27.4 25.7 22.7 22.2 27.9 35.5 38.3 42.4 52 58.7 67.4 71.2 83.3 84.5 95.4 107.3 115.1 109 105.7 102.7 97.5 97.7 95.4 86 88.3 90.5 96.4 94.3 91.8 84.7 83.5 79.6 80.8 70.6 56 47.4 43.7 39.3
-1.8 -1.8 -1.8 -0.3 1.4 2.6 3.1 5.8 7.4 8.3 8.1 8.3 9.2 8.9 9.2 10.1 12.4 14 19.8 23.8 25.4 25.9 27.5 26.8 22.5 14.4 11.3 10.4 10 9.5 8.8 7.9 7.2 7.2 8.1 7.5 8.2 11.2 12.8 13.8 16.4 13.9 14.1 16 16.1 17 22.2 19.6 15.2 13.1 12.2 14.2 17.3 20.6 26.2 28.3 33.5 49.5 55.6 61.8 68.4 78.2 78 76.6 83.5 84.9 81.7 76.6 76.5 78.2 79.8 83.8 92 94.2 93 88.2 86.4 83.8 79.9 67.6 66.6 56.8 46.8 45.4 43.4 41.9
-1.8 -1.8 -1.8 -1.8 0.9 3.7 4.7 5.5 8.2 8.7 8.5 9.1 9.1 9.9 9.8 10.5 11.8 14 17.1 20.9 23.4 23.9 24.2 24.1 21 15.1 12 10.6 11.6 11.2 9 7.5 6.4 5.4 7.6 8.9 8.4 8.1 9.3 12.4 13.5 13.7 16.4 14.4 15.6 14.5 17.7 11.9 15.6 10.2 9.6 14.4 21.6 19.9 21.4 24.4 31.9 41.5 53.7 54.7 59.3 61.9 63.2 62.9 60.2 51.5 57.8 62.1 67.4 80.6 83.7 84.2 89.3 88.5 83.4 80.4 79.6 81.9 81.3 71.7 63.9 67.7 50.3 44.4 44.4 49.7
-1.8 -1.8 -1.8 -1.8 0.4 1.8 5.2 6.1 6.9 8.9 8.3 8.8 9.5 9.4 9.8 11.1 12.6 13.3 16.4 19.3 21.7 20.5 21.2 19.8 18 15.1 13.4 11.1 10.1 10.8 9.9 8.7 7.7 5.5 6.6 11.9 12.9 12.5 12.4 10.4 9.3 8.4 7.9 7.7 8.1 6.2 8.3 5.5 -0.2 -0.2 3.6 8.9 11.9 18.1 18.4 19.1 27.3 35.4 46.6 52.9 54.1 50.8 45.8 40.8 39.7 40.1 43.9 47.1 59.1 67.7 69.3 73.1 79.8 74.7 70.1 64.9 77.4 79 83 81.6 75.1 64.4 57.8 53.2 49.3 45.6
-1.8 -1.8 -1.8 -1.4 -0.1 1.8 4.7 5.6 7 8 7.9 9 9.4 9.7 10 11.2 11 11.9 14.6 15.4 17.5 16.6 15.9 14.9 16.2 15.7 14.6 10.9 9.8 10.3 9.7 8.8 9 5.8 6.7 10.4 12.9 14.3 13.2 12.5 11.5 12.9 10.8 9.2 5.3 -0.2 -0.2 -0.2 2.2 7 3.3 1.9 5.6 8.4 13.3 15 20.8 28.9 36.8 36.5 35.2 34 38 33.9 39.1 37.8 37.9 36.2 45.8 54.1 54.3 56.8 58.2 56.5 54.9 62 73.3 72.4 75.4 72.6 69 60.8 53.9 49.8 40.1 34.1
-1.8 -1.8 -1.8 -1.8 0.7 3.9 5.7 5.9 6 6.8 7.3 8.7 8.7 9.7 9.7 9.9 10.1 10.8 13.4 13.8 11.9 12.2 11.7 11.3 14.1 16.3 13.8 10.7 9.5 9.4 9.3 9.3 9.9 7.9 3.5 9.2 11.7 13.8 13.8 11.4 11.2 9.4 8.2 9.1 8.5 -0.2 -0.2 -0.2 -0.2 -0.2 1.4 -0.2 -0.2 6.3 6.3 8.5 17.8 21 17.1 18 26.2 31.8 31.8 28.6 30.1 30.2 29.7 30.5 30.9 34.5 39.1 43.7 43.1 48.3 48.2 53.4 61.5 61.6 63 65.3 63.8 55.4 43.2 35.1 24.5 21
-1.8 -1.8 -1.8 -1.8 0.2 4.1 5.9 5.8 6 7.2 7.5 8.8 8.8 9.6 9.4 9.6 7.6 8.8 11.4 12 9.3 8.1 8.5 8.5 10.1 12.8 12.5 9.1 7.9 9.1 9.7 9.5 11.1 8.2 3.3 7.9 10.6 10.7 11.9 10.6 8.4 7.4 5.4 6.2 -0.2 -0.2 -0.2 -0.2 -0.2 -0.2 -0.2 -0.2 6.4 8.4 10.7 10.4 9.4 9.7 11.6 15.2 17.7 23.5 26.8 26.7 22.7 21.6 22.9 29 29.8 29.2 31.3 33.5 34 34.3 35.6 41.3 45 48.1 49.6 54.2 52.2 45.9 34 28 21.9 18.9
-1.8 -1.8 -1.8 -1.8 -1.8 0.6 1.1 1.8 4.7 7.2 7.9 8.2 8.2 8.8 9.6 8.7 7 6.4 7.2 7.6 7.9 6.7 6 7.4 6.1 6.2 6.7 8.1 7.2 7.9 9.5 10 12 10.7 6.6 4.8 11 9.4 10.1 10.2 9.6 7.4 5.9 3.5 -0.2 -0.2 -0.2 -0.2 -0.2 -0.2 -0.2 1.1 10 10.8 12.2 9.4 9.4 12 19.1 24.5 22 23.4 24.1 22.9 23.5 19.5 19.5 25.4 25.1 23.8 24.5 25.8 28 31.2 33.5 36.8 39.1 40.1 43.5 41.7 37.9 30.6 24.9 23.3 21.6 19.9
-1.8 -1.8 -1.8 -1.8 -1.8 -1.8 -1.3 1 5.1 6.1 6.1 6.2 6.9 6.9 7.5 9.1 7.3 6.1 6.8 7.6 7.6 6.6 5.9 5.3 5 4.7 4.5 5.5 4.5 5.9 9.2 9.5 5.9 9.4 7.5 2.5 9.6 11 7.2 7.3 8.5 8.4 8.1 4.9 -0.2 -0.2 -0.2 -0.2 -0.2 -0.2 -0.2 6.8 8 8 10.3 9.7 14.7 17.9 22.7 27.2 28.7 31.1 27.1 22 20.6 18 20.1 25.8 23.6 19 18.9 25.2 26.3 26.6 27.9 29 31.6 34.2 35.3 35.4 39.4 35.4 25.9 23.2 21.9 14.5
