Assets/StreamingAssets/GeoData/Data/nf/NF86.asc
ncols 200
nrows 200
xllcorner 80000
yllcorner 860000
cellsize 50
[rows 117 to 155 of 200, columns 0 to 88 of 200]
-0.3 -1.9 -1.9 -1.9 -1.7 -1.5 -1.7 -1.9 -1.9 4.3 4.2 4.1 -1.9 -1.9 -1.9 -1.9 -1.9 0.2 2 6 8.7 12.9 11.2 8.1 9 7.7 8.5 6.9 6.6 6.9 10.4 8.1 8 8.7 8.5 6.6 -1.9 -1.9 -1.9 -1.9 -1.9 -1.9 -1.9 -1.9 -1.9 6.6 10.3 13.4 15.1 16.2 16.8 16.1 14.9 14.7 13.8 11.8 9.1 5.8 2.2 2.2 2.2 2.2 2.2 2.2 2.2 2.2 6.8 7 9.1 7.2 5.2 2.4 2.2 7.1 6.1 6.3 6.3 2.2 2.2 1 0.9 -1.9 -1.9 2.2 3.6 6.6 8.1 7 1.5
-1.9 -1.9 -1.9 -1.9 -0.6 -0.4 -0.4 -1.9 -1.9 -1.9 -1.9 -1.9 -1.9 -1.9 -1.9 -1.9 -1.9 -0.2 1.5 5.1 7 10 8.3 6.2 5 5.4 6.4 5.4 5.6 5.1 5.2 5.2 7.8 8.2 7.3 -1.9 -1.9 -1.9 -1.9 -1.9 -1.9 -1.9 -1.9 -1.9 -1.9 -1.9 -1.9 10.2 13.5 13.3 15.6 15.5 16.1 15.7 13.5 12.1 10.1 8 3.3 2.2 2.2 2.2 2.2 2.2 2.2 2.2 5.8 7.2 2.6 4.3 6.4 4.9 5.3 7.9 5 6.5 3.8 4.6 -1.9 -1.9 -1.9 -1.9 -1.9 -1.9 -1.9 -1.9 6.9 4.2 7.7
1.8 1.3 0.8 0.4 0.5 0.8 0.9 0.4 -1.9 -1.9 -1.9 -1.9 -1.9 0.5 -1.9 -1.9 -1.9 -1.9 -1.9 4 5.1 4.9 4.7 -1.9 3.8 4.8 5.6 5 5.8 -1.9 -1.9 -1.9 -1.9 5.9 5.5 -1.9 -1.9 -1.9 -1.9 -1.9 -1.9 -1.9 -1.9 -1.9 -1.9 -1.9 -1.9 -1.9 -1.9 10.8 14.6 14 13 13.5 12.2 12 10.8 8.3 5.7 2.8 2.1 1.8 1.6 1.3 1.1 1.3 2.2 2.2 5.5 -1.9 -1.9 5.5 2.2 5.6 2.2 2.2 2.2 5 -1.9 -1.9 -1.9 -1.9 -1.9 -1.9 -1.9 -1.9 6.2 6.6 7
2.9 2.2 2.2 1.8 1.6 1.9 2.1 2.2 4.2 5.5 4.7 2.6 6.8 1.6 -1.9 -1.1 -0.5 0 -0.6 -1.9 -1.4 2.2 2.2 -1.9 -1.9 2.2 4.7 3 2.2 -1.9 -1.9 -1.9 -1.9 2.2 -1.9 -1.9 -1.9 -1.9 -1.9 -1.9 -1.9 -1.9 -1.9 -1.9 -1.9 -1.9 -1.9 -1.9 -1.9 7.6 8.9 9.9 9.4 7.8 4.8 2.2 2.2 2.2 2.2 2.2 1.5 0.7 0.2 -0.1 -0.3 0.9 2.2 2.2 2.4 -1.9 -1.9 -1.9 -1.9 -1.9 -1.9 -1.9 1.2 -1.9 -1.9 -1.9 -1.9 -1.9 -1.9 -1.9 -1.9 2 3.3 5.5 6
2.2 2.2 2.2 2.2 2.4 2.6 4.1 2.3 4.8 5.2 5 4.7 4 2.5 -1.9 0 1 1.6 2.2 3.3 5.2 4.3 5.5 5.6 -1.9 -1.9 -1.9 -1.9 -1.9 -1.9 -1.9 -1.9 2.2 2.2 -1.9 -1.9 2.2 2.2 -1.9 -1.9 -1.9 -1.9 -1.9 -1.9 -1.9 6.7 8.8 10 10.8 11.8 10.6 10.6 10.6 11.8 10.5 8.9 4.6 5.1 2.2 2.2 1.6 -0.1 -0.7 -1.2 -1.9 0.5 4.9 2.2 4 -1.9 -1.9 -1.9 -1.9 -1.9 -1.9 -1.9 -1.9 -1.9 -1.9 -1.9 -1.9 -1.9 -1.9 -1.9 -1.9 -1.9 -1.9 3.7 3
4.2 4 2.2 2.2 3.3 3.6 2.9 0.3 0.2 0.2 8.6 6.1 3.9 -1.9 -0.7 0.5 1.8 4.5 2.3 2.8 4.6 5.7 8.9 9.3 8.2 8.8 9.2 8.4 5.1 5.5 -1.9 -1.9 4.4 4.8 -1.9 5.7 5.4 -1.9 -1.9 -1.9 -1.9 -1.9 -1.9 7.1 6.4 12.7 11.9 11.9 11.8 12.4 12.1 12.1 11.7 11.6 11.5 11 9 9.3 2.2 2.7 1.6 0 -1.9 -1.9 -1.9 -1.9 -1.9 -1.9 -1.9 -1.9 -1.9 -1.9 -1.9 -1.9 -1.9 -1.9 -1.9 -1.9 -1.9 -1.9 -1.9 -1.9 -1.9 -1.9 -1.9 -1.9 -1.9 -1.9 -1.9
2.2 2.2 2.3 5 3.9 1.8 0.2 0.2 0.2 3.9 5.9 5.8 2.6 -1.9 -1.9 1.6 2.2 2.1 4 5.6 7.9 9 9.5 11 12.2 10 10.4 8.7 8.2 6 -1.9 2.7 3.7 5.8 6.4 6.3 4 -1.9 -1.9 -1.9 9.8 10.6 10.7 11.8 11 14.4 16.2 16.4 14.6 16 17.7 17.1 16.2 16.3 16 15.9 15.9 14.8 12.2 7.7 2.2 0.6 -1.9 -1.9 -1.9 -1.9 -1.9 -1.9 -1.9 -1.9 -1.9 -1.9 -1.9 -1.9 -1.9 -1.9 -1.9 -1.9 -1.9 -1.9 -1.9 -1.9 -1.9 -1.9 -1.9 -1.9 -1.9 -1.9 -1.9
2.6 3.3 4 4.7 3.5 0.2 0.2 0.2 0.2 2.7 3.7 4.2 3.4 -1.9 -1.9 -1.9 3 2.2 3.3 2.9 3.8 6.5 9.2 11 11.6 12 10.4 9.1 6.8 4.8 3 3.3 3.8 5.2 8.6 9.8 5.7 5.2 6.3 11.3 12.3 11.6 11.5 12.1 14.5 15.7 16.2 16.9 17.5 18.8 18.3 17.9 18.5 17.3 17 16.9 15.3 14.7 12.3 11.1 6.2 2.6 4.6 0.7 -1.9 -1.9 -1.9 -1.9 -1.9 -1.9 -1.9 -1.9 -1.9 -1.9 -1.9 -1.9 -0.8 -1.8 -1.6 -1.9 0.3 -1.7 -1.9 -1.9 -1.9 -1.9 -1.9 -1.9 -1.9
6 7.5 7.1 10.2 9.4 7.8 1 0.3 3.7 4.8 -1.9 -1.9 -1.9 -1.9 -1.9 -1.9 -1.9 -1.9 -1.9 -1.9 -1.9 -1.9 -1.9 -1.9 10.3 10.6 9.2 7 5.1 3.6 3.1 4.5 6 8.9 8.6 8.9 7.7 6.9 11.4 13.1 13.9 12.8 12.7 13.5 14.6 16 16.4 17.4 17.9 18.1 18.2 19.8 19 18.3 17.9 18.3 17.3 15.9 13 10.7 6.8 4.5 2.2 -1.9 -1.9 -1.9 -1.9 -1.9 -1.9 -1.9 -1.9 -1.9 0.6 5.3 4.1 3.8 2.2 2.2 4.6 -1.9 -1.9 4.2 5.8 3.8 4.2 -1.9 -1.9 -1.9 -1.9
7.7 9.2 11.2 11.5 9.7 7.5 3 4.3 -1.9 -1.9 -1.9 -1.9 -1.9 -1.9 -1.9 -1.9 -1.9 -1.9 -1.9 -1.9 -1.9 -1.9 -1.9 -1.9 4.3 7.5 6.1 5.7 5 4.4 3.8 6.9 8 8.3 8.3 8.5 7.6 6.7 9.4 10.9 13.7 15 16.4 15.6 15.5 15.5 15.8 16.1 16.9 17.1 18.7 17.6 17.1 17.6 17 17.8 14.9 13.5 10.4 7.8 5.6 4.3 4.8 2.5 1.6 1.3 1.9 -1.9 -1.9 -1.9 -1.9 -1.9 -1.9 -1.9 0.9 2.2 2.2 6.1 -1.9 -1.9 -1.9 -1.9 7 3.8 7.9 9.7 8.4 8.4 7
8.4 10.2 13.3 13.1 10.5 8.4 7.2 5.4 -1.9 -1.9 -1.9 -1.9 -1.9 -1.9 -1.9 -1.9 -1.9 -1.9 -1.9 -1.9 -1.9 -1.9 -1.9 -1.9 2.5 2.3 4.1 5.7 5.2 3.4 3.1 3.3 7.9 10.2 10.9 7.6 6.5 6.1 6.1 7.4 12 12.8 15.1 16.4 16.1 15.4 15.2 14.9 15.6 15.2 15.2 15.5 15.8 15.6 14.9 13.1 11.3 9.4 2.2 2.2 2.2 2.2 2.2 2.4 2.3 4.5 5.3 4.5 2.2 1 -1.9 -1.9 -1.9 -1.9 -0.3 -1.9 -1.9 -1.9 -1.9 -1.9 5.1 -1.9 -1.9 6.4 10.1 9.4 6.4 6.7 11
9.3 12.9 13.7 12.2 10.6 10.9 8.2 10.3 9.6 8.2 -1.9 -1.9 -1.9 4.5 4.1 4.8 5.8 6.7 5.6 -1.9 2.2 5.6 5.9 5 2.4 2.3 2.4 5.8 6.4 3.2 3.2 3.1 3.2 3.2 7.2 5.3 5.5 6.7 6.1 11.4 11.7 11.9 11.8 13.5 16.4 15 14.8 13.8 14.3 13.5 13.4 13.6 13.3 13.4 10.1 3.3 2.2 2.2 2.2 2.2 2.2 2.2 2.2 5.4 5.8 5.7 4.5 3.7 5.1 5.8 2.2 1.6 -1.9 -1.9 -1.9 -1.9 -1.9 2.2 -0.8 -1.9 4 -1.9 -1.9 4.5 6 8.5 9.8 6.4 6.4
10.1 10.6 12 10.2 11.6 10.1 11.4 11.3 10.9 10 7.2 3.7 -1.9 -1.9 4.4 4.9 5.8 6.6 6.4 5 2.8 5.4 5.7 3.7 3.7 3.1 8.2 8 9.7 7.7 3.3 7.1 9.5 10.6 9.8 10.7 9 7.8 7.2 11 11.4 10.9 14 14.3 15.8 15.5 14.1 12.8 12 11.4 13 12.4 11.4 8.5 7.5 3.2 2.2 2.2 2.2 2.2 2.2 2.2 2.2 2.3 4.7 5.1 4.4 3.7 4.2 -1.9 -1.9 -1.9 -1.9 -1.9 -1.9 4.7 4.7 3 2.6 -1.9 -1.9 5 -1.9 3.2 4.8 8.9 11 9.9 10.1
9.9 10.4 9.1 9.5 9.8 10.7 11.8 11.7 12.7 12.5 8 6.2 5.1 -1.9 -1.9 -1.9 4.8 5 6 5.1 4.4 4.8 4.1 4.4 5.4 6.6 7.8 10.1 10.7 9.7 10 10.2 12.4 15.2 14.3 14 11.7 11.1 10.7 9.2 10.8 12.5 13.9 13.8 15.4 15.2 15.1 13.7 12.8 13.2 13.9 13.5 10.8 8.1 6.9 4.2 2.2 2.4 2.2 2.2 2.2 2.2 2.2 2.2 2.7 5 4.9 3.8 3.6 -1.9 -1.9 -1.9 -1.9 -1.9 -1.9 -1.9 -1.9 6.6 7.3 -1.9 -1.9 6.3 4.6 4.7 4.4 11.9 12.7 13.1 9.3
11.4 9 11.4 12.2 12.1 12.7 11.9 11.6 10.6 10.1 8.2 6.2 5.3 6.2 2.7 -1.9 -1.9 4.1 4.3 4.2 4.7 3.8 4 5.4 7.6 8.5 7.4 6.8 8.8 9.7 12.4 11 12.7 13.9 12.7 12.2 11.4 10.8 10.2 10.2 14.1 15.3 15.1 15.1 15.8 15.7 15.4 14.9 13.8 13.3 13.3 11.8 8.9 8.1 4.2 1.9 2.2 2.2 2.2 2.2 4.9 2.2 2.2 2.2 5.9 4.8 5.3 4.9 4.4 -1.9 -1.9 -1.9 1.4 5.7 -1.9 -1.9 -1.9 -1.9 -1.9 -1.9 -1.9 5.4 5.3 7.1 9.5 8.6 14.2 14.2 11.1
6.2 7.2 10.9 12.4 12.6 13.4 13.3 11.8 11.3 9.6 7.8 7.7 6.4 5.3 3.5 2.7 -1.9 4.1 3.6 4 3.9 3.4 4 4.9 6.4 6 4.3 6.3 7.7 8.6 11.3 11.8 11.8 13.9 12.7 12.9 12.3 10.6 10.2 12.4 14.8 15.9 16.3 16.2 16.9 17.7 18.5 18 17.1 14.5 14.3 13.4 12.6 10.1 7.8 4 2.2 2.2 2.2 2.5 6.1 2.2 2.2 2.2 2.2 7.3 9.5 6 8.2 5.3 6.6 5 -1.9 -1.9 -1.9 -1.9 -1.9 -1.9 -1.9 -1.9 -1.9 5.6 6.7 8.3 8.8 9.1 11.5 11.9 13
2.2 4.4 9.3 9.1 9.3 9.1 9.8 10.9 11.5 8.4 7.5 6.4 4.3 4.1 3.4 2.5 0.5 0.5 0.5 3 2.7 4.3 4.5 4.3 4.6 6 4.3 6.6 9.6 9.3 9.5 9.2 9.3 12.2 11.9 12.3 12.4 13.3 10.2 14.7 15.4 16.9 17.6 17.5 18.8 20.5 20.7 19.7 19.1 18.1 15.5 15.6 13.1 12.4 10.6 8.8 5.6 4.2 5.7 7.2 9.9 9.7 7.8 9.5 9.2 12 13.5 16.8 16 13.2 8.2 9.5 -1.9 -1.9 -1.9 -1.9 -1.9 -1.9 -1.9 -1.9 -1.9 4.9 6 7 7.8 8.1 9 13.6 13.4
2.2 3.7 6.8 7.7 6.1 6 6.3 6.1 8.9 7.9 10.2 6.1 4 3.8 3.6 1.2 0.5 0.5 0.5 0.5 4.2 4.1 2 3.2 5.7 6.6 5.4 5.9 8.6 9.8 9.5 9.3 9.2 9.2 12.1 12.7 12.8 15.2 15.6 15.6 16.8 17.7 18.4 18.8 20.1 21.1 19.8 19.8 18.5 18.2 17.5 16.8 17 15.3 12.4 11.1 8.7 8.1 8 9.1 12.8 11.9 11.3 12.2 12.9 15.8 18.9 20.2 19.2 14.3 11.9 12.7 9.7 -1.9 -1.9 -1.9 -1.9 -1.9 -1.9 -1.9 -1.9 5.8 6.3 6.6 7.2 7.7 9.2 9.5 14.8
3 2.2 5.4 7 6.1 6.2 8 9.3 6.6 7.9 4.8 1.3 4 2.5 2.3 0.5 1.5 0.5 0.5 0.5 0.5 0.5 0.5 0.5 2.8 4.7 5.4 5.3 5.1 7.9 8.5 9.1 9.2 13.6 13.7 14.1 15.3 17.1 17.1 16.9 17.1 18 18.9 19.8 20.3 19.5 18.3 18.6 18.4 18.4 17.5 18 17 15.5 12.7 10.7 10 9.2 9.7 11.5 13.8 14.5 14 15 16.8 20.2 20.5 20.7 18.6 16.9 20 12.8 9.6 9 8.6 5.3 -1.9 -1.9 -1.9 -1.9 6.5 6.9 6.5 5.5 4.7 5.4 6.7 6.9 7.3
0.9 1.7 3 5.8 6.2 8.2 10.5 7 7.5 8 2.8 0.5 0.5 0.5 0.5 0.5 0.5 0.5 0.5 0.5 0.5 0.5 3.2 3.3 0.5 2.5 4 4 4 7.4 9.6 9.8 10.1 13 13.3 14.5 14.4 17.8 17.9 18.6 18.7 18.6 18.5 19.5 21.2 21 19.9 19.5 17.1 14.6 16.4 15.5 15.1 14.1 13 8.9 9.8 10.4 11 13.5 14.4 15.8 16.8 18 19.7 21.2 22 22.3 21.6 21.1 20.3 14.4 11.3 11 10 -1.9 -1.9 -1.9 -1.9 -1.9 -1.9 8 7.4 7.7 7.7 4.7 7 4.7 7.6
-1.9 0.4 1.5 2.2 6 7.6 6.8 4.6 4.8 5.3 5.8 7.1 0.5 0.5 0.5 0.5 0.5 0.5 0.5 0.5 0.5 0.5 3.4 4.7 4.5 3.6 2.5 2.5 6.3 7.6 8.5 9.3 8.9 8.9 12.6 13.9 15.2 15.5 16.4 17.9 20.3 20.4 20.6 20.4 20.1 20 18.7 17 14.2 17.6 10.3 13.3 12.8 9.1 11.1 8.9 9.8 12.5 13.4 14.9 16.5 17.8 18.8 20.6 21.9 24.4 24.8 25 26 23.8 21 19.4 16.5 14.8 12 -1.9 -1.9 -1.9 -1.9 -1.9 -1.9 -1.9 7.7 8.2 8.2 4.7 4.7 4.7 8.2
-1.9 -1.9 0.5 1.9 3.7 6 2.9 2.8 5.5 5 5 4 4.2 0.5 0.5 0.5 0.5 0.5 0.5 0.5 0.5 0.5 0.5 0.5 2.9 4.5 3.5 2.5 4.7 7.9 8.7 9.8 8.9 8.9 8.9 11.6 14 15.3 16.8 16.9 18.5 21.8 19.9 18.2 17.2 15.1 14.7 14.9 14.5 11.1 7.2 7.2 10.6 7.2 8.9 10.1 12.7 14.6 15.4 16.9 17.4 19.1 20.8 23.8 27.4 30.3 30.6 30 30 27 25.2 23.1 19.2 16.4 13.3 8 -1.9 -1.9 -1.9 -1.9 -1.9 -1.9 -1.9 7 8.2 8.3 9.6 8.4 7.7
-1 -1.9 -0.1 1.6 3.8 2.2 2.2 2.8 3.5 3.8 5.8 4.5 5.5 6.3 0.5 0.5 0.5 0.5 0.5 0.5 0.5 0.5 0.5 0.5 0.5 0.5 0.5 0.5 4.9 7 8.9 10 9.5 10.8 12.3 13.2 14.4 14.9 15.7 17.3 17.9 18.5 17.2 16.6 15 14.6 16.3 14.4 12.3 10.1 12.7 7.2 7.2 7.2 9.7 12 13.5 16.1 18.6 19.9 19.8 20.8 23.5 27.8 30.4 33.2 34.9 34.6 34.3 32.3 30.1 27.8 22.1 17.7 14.2 8.9 -1.9 -1.9 -1.9 -1.9 -1.9 -1.9 -1.9 6.4 8.5 10 10.5 8.4 8.9
-0.2 -1.3 -1.9 0.1 1.4 1.1 1.4 3.4 3 2.8 -1.9 -1.9 4.2 4.6 1.8 0.5 0.5 0.5 0.5 0.5 0.5 0.5 0.5 0.5 0.5 0.5 0.5 0.5 1.4 7.2 10.7 10.8 12.3 14.2 15.4 14.5 14 14.6 15.6 16.7 16.3 16.7 16.3 15.6 16.8 15.7 13.7 13 12.8 11.9 9.2 8.1 7.2 7.2 13.1 13.6 14.3 16.9 19.4 21.6 23.7 26.1 29.1 31.7 32.4 34.3 36.9 39.3 39 36.9 34 30.6 26.6 21.4 17.6 13.2 10.7 9.4 -1.9 -1.9 -1.9 -1.9 -1.9 -1.9 4.8 5.2 6 7 7.3
0.2 -0.6 -1.9 -1.9 -0.3 1.2 0.5 2.9 -1.9 -1.9 -1.9 -1.9 3.1 3.3 4.6 3.7 0.5 0.5 0.5 0.5 2.3 0.5 3.8 5 4.9 0.5 0.5 0.5 0.5 5.6 9.8 12.8 14.3 15 18.8 16.2 14.3 14.3 15.3 15.7 16.1 16.2 16.2 14.8 13.9 13.2 13.8 13.1 13 12.2 9.6 7.3 7.2 7.2 13.7 13.6 14.5 15.5 17.5 20.8 24 26.8 30.1 32.5 34.1 36.8 38.3 41.6 42.1 40.2 38.7 35.3 33.2 27.7 22.5 15.6 13.9 10.9 -1.9 -1.9 -1.9 -1.9 -1.9 -0.1 -0.1 -0.1 -0.1 -0.1 -0.1
0.7 0.3 -0.2 -1.9 -1.9 -0.2 2.2 -1.9 -1.9 -1.9 2.8 4.9 6.6 6.4 5.8 5.2 0.5 0.5 0.5 1.3 3 3.8 4.2 4.8 3.9 0.5 0.5 0.5 0.5 5.4 8.7 10.7 13.6 13.7 15.4 14.8 14.7 13.6 14.1 14.9 17.2 16.5 15.2 13.5 9.1 12 14.3 12.7 12.6 13.8 14.1 13.4 7.6 13.8 14.9 13.4 13.6 14.7 16.1 18.3 22.3 26 29.1 31.7 34.9 38.5 39.7 43.5 44.8 44 42.9 39 36.1 31.3 28 17.5 14.5 12.1 10.3 6.7 6.7 6.5 6.7 4.8 -0.1 -0.1 -0.1 -0.1 -0.1
1.2 1.2 1 0.2 -1.9 1.7 3.8 4.3 6.9 5.5 4.5 4.2 5.1 7.8 7.9 6.4 5.5 6.2 5.4 5.7 7.2 5.2 5.1 4.1 2.7 0.5 0.5 3.9 6.3 7.7 7.9 8.3 11.7 14.7 13.3 13.8 13.9 13.1 12.3 14.5 16.3 14.7 12.6 9.1 9.1 12.2 12.5 11.6 9.1 9.1 13.7 10.9 9.9 13.6 12 13.6 12.7 14.2 15.5 17.8 21.4 25 27.9 30 33.3 36.7 40.5 44.7 47 47.9 48.4 44.9 42.3 33.4 28.1 23.3 17.2 11.1 9.8 6.3 7.4 7.8 7.5 5.5 -0.1 -0.1 -0.1 -0.1 -0.1
2.1 0.7 1.9 1.7 -1.9 -1.9 0.8 2.1 3.4 3.6 3.8 4.8 5 6.3 6.8 6 10.4 7.1 6.9 7.8 8.5 7.6 5.9 4.6 3.7 3.6 4.9 5.8 7.8 10.6 7.5 8.5 9.5 10.8 12.5 14.1 12.2 11.9 11.5 12.8 12.3 10.9 10.9 11.9 11 11.9 9.1 9.1 9.1 12.1 10.8 11.6 14 11.1 12.7 16.6 12.4 13 14.9 16.4 17.8 21.2 25.1 28.4 31.6 35.2 39.8 43.9 47.3 49.5 48.7 48.1 42.8 40.5 32.2 25.1 21.1 12.6 7 6.2 6.4 7.3 7.8 6.2 5.9 1.2 -0.1 -0.1 -0.1
1.9 1.8 1.4 0.9 0.2 -1.9 -1.9 1.5 4.3 2.7 3.7 5.7 6.4 6.3 6.1 9.1 9 7.8 7.9 9.8 9.3 8.8 9.3 7.5 6.8 4.4 4.5 6.2 7.7 2.5 5.8 10 9.8 9.9 11.7 11.9 12.1 11.4 11 11.5 9.4 9.3 8.8 9.1 8.5 8.7 11.8 12.6 9.4 10.1 9.9 14.1 9.3 10.3 15 14.8 12 12 13.3 15.9 16.9 18.8 22.2 27.6 31.7 35.6 39.9 42.7 46.2 48.2 48.6 48.7 47.3 43.8 38.5 32 18 15.6 8.6 6.2 6.3 6.8 6.4 7.6 7.8 7.2 6.4 6 7.4
1.3 1.2 0.7 0.2 -0.3 -0.8 -1.9 0.8 2.2 2.2 4.1 4.7 6.6 6.4 7.6 8.4 8.8 8.5 9.6 9.2 9.2 9.2 8.7 9.5 7.3 7.1 5.4 3.9 2.5 2.5 6.2 8.6 8.3 9 11.1 12.1 11.9 10.3 10.7 7.5 7.6 7.5 6.8 6.2 6.7 5.9 6.5 8.7 7.2 9.1 9.1 8.5 8.7 12.8 13.2 12.3 14.8 9.9 13.2 15.6 16.3 18.9 22.5 27.1 31.2 35.5 40.2 43.6 46.5 48.5 48.1 48.1 46.5 44.4 41.7 36.9 30.4 21.5 11.9 8.7 7.6 7.5 7.9 8.2 8.6 8.7 9.3 10.9 12.5
0.7 0.5 0 -0.5 -1 -1.5 -1.9 -1.9 1 2.2 3.9 4.8 5.3 6.9 8.5 7.6 8.1 9.2 9.6 9.1 9.4 9.1 8.8 8.3 7.6 7.1 3 2.5 2.5 2.5 7.6 7.1 6.5 5.3 5.3 6.3 5.3 5.3 10.3 7.5 7.5 6.9 6.7 6 6 4.7 5.3 4.5 5.5 0.4 4.6 1.4 10.7 10.7 11.5 12.5 10.5 7.7 10.7 13.8 14.5 17.4 20.8 27.3 32.9 36.9 39.4 43.3 47.1 51.3 49.5 49.7 47.3 45.4 42.3 38.2 35.1 26.2 14.2 9.9 9.2 8.7 9.4 9.2 9.8 10 12.3 14.6 16.8
0.1 -0.2 -0.7 -1.2 -1.7 -1.1 -1.4 -1.9 -1.9 1.2 3.8 5.1 6.9 7.4 6.9 6.9 7.2 8.8 9.3 9 9.2 8.7 9.2 8.5 7.9 5.9 2.5 5 2.5 5.3 7 9.1 9.4 9.8 5.3 5.3 5.3 5.3 5.3 7.5 7.5 9.3 6.4 6 5.3 4.8 1.1 0.4 0.4 0.4 6 9.9 9.4 11.3 9.9 6.8 7.2 7.4 9.8 11.8 13.7 16.2 19.5 26.9 33.6 36.7 39.5 43 46.2 49.1 50.1 49.3 48.7 47.6 43.7 40.9 35.2 29.1 23.9 13.5 10.5 10.2 10.3 10.6 11.1 11.5 13.2 16.5 18.3
-0.5 -0.9 -1.4 -1.8 -0.7 -0.6 -1.1 -1.9 -1.9 2.2 5.4 4.7 5.7 6.8 6.1 6.7 6.9 7 7.8 8.7 8.7 8.5 8.3 8.4 8 6.1 4.8 2.5 2.5 6.6 6.3 8 9.3 9.7 12.5 12 5.3 5.3 8 5.3 8.2 11.3 13.2 10.9 9.8 9.2 5.2 1 0.4 0.9 1.4 3.8 7.4 8.1 0.4 5.4 6.9 7 9.5 8.8 14.7 14.4 19.8 24.8 30.6 34.2 37.5 40 43.6 46.9 48.1 49.2 49 47.2 45 42.2 36.6 30.3 24.9 17.3 12.5 11.4 11.5 11.2 11.3 11.8 12.3 16.8 19.4
-1.1 -1.6 -1.4 -0.2 0.2 -0.3 -0.8 -1.5 -1.9 -1.9 2.2 3.1 4.4 4.9 5.6 6.1 5.9 6.8 7.2 8.2 8.4 8.2 8.2 7.3 5.8 5.5 5.4 5.6 5.8 7.3 7.8 8.6 10.2 11.7 12.5 13.6 12.8 11.7 12.4 8.3 6.2 7.5 9.7 7.2 6.1 2.8 0.4 0.4 0.4 0.4 0.4 0.4 0.4 7.4 0.4 0.6 6.8 7.9 6.2 7.3 13 13.1 21.1 25.3 26.6 26.1 29 34 38.3 43.4 45.3 46.4 49.2 53.3 53.1 47.8 42 35.7 31.9 23 15.6 12.1 11.7 11.2 11.5 12.9 13.5 15.6 19.7
-1.9 -0.9 0.3 1 0.5 -0.1 -0.9 -1.7 -1.9 -1.9 0.3 1.7 2.4 3.9 4.3 5.4 5.3 6 6.5 6.4 6.6 7.1 7.3 8.5 7.1 7.1 6.5 8.8 5.8 7.1 7.5 8.2 10.2 9.9 10.2 8.6 8.6 13 13.1 11.5 12.4 3.3 0.4 4.2 0.4 0.4 0.4 0.4 0.4 0.4 0.4 0.4 0.4 1.6 0.4 3.7 6.9 8.1 1.7 8.1 12.2 11.9 21.7 23.1 18.2 19.7 27 35.3 36.4 37.6 40.1 42.1 49 52.4 52.5 51.7 46.8 40.1 35.4 27.9 19.4 14.9 12.9 11.7 11.1 13.4 16.3 19.7 20.5
-1.9 0.7 1.8 1.2 0.4 -0.4 -1.2 -1.9 -1.9 -1.9 -1.9 0.7 2.2 3.8 3.7 4.4 5.2 4.9 5.4 6.2 6.1 6.8 6.8 6.4 6.7 7.6 9.3 8.1 7.3 6.9 8 11.4 10.6 10.1 12.3 8.6 8.6 8.6 8.6 8.6 8.6 10.5 6.5 0.4 0.4 2.3 0.4 0.4 0.4 0.4 0.4 0.4 0.4 0.4 2.6 6.1 1.7 1.7 1.7 7.8 6.3 11.8 9.9 14.5 17.5 19.5 23.1 24.6 27.4 31.4 34 33.7 42.1 46.7 47 47.2 44.6 38.8 28.3 27.8 22.9 19.4 12.6 11.5 10.2 9.9 11.3 16.3 20.1
-1.9 -1.9 1.7 1 0.2 -0.6 -1.4 -1.9 -1.9 -1.9 -1.9 -1.9 1.7 2.2 3.8 4.7 4.6 4.8 5.4 5.9 6 5.9 5.6 5.8 6.9 8.6 8.2 9.1 7.9 8.1 9.7 9.9 10.1 10.3 10.3 10 8.6 8.6 8.6 8.6 11.6 14.2 13 6.7 0.4 0.4 4.9 6 2.9 3.5 0.4 0.4 0.4 0.4 0.4 6.3 1.7 1.7 2.4 6 -0.1 -0.1 7.6 14.9 17.2 16 18.1 23 27 27.8 30.8 28.7 28.4 33 39.6 40.1 39.7 35.3 28.3 23.3 19.4 18.8 12.7 11 8.5 7.1 6.2 9.4 13.4
0.2 -1.9 0 0.3 -0.3 -0.9 -1.9 -1.9 -1.9 -1.9 -1.9 -1.9 -0.4 3.5 3.2 3.2 3.8 5.4 5.5 5.4 6 5.5 5.1 2.9 6.7 7.2 8.2 10.5 8.4 8.7 10 13.5 11.9 12.2 13.1 11.4 12.5 9.3 8.6 8.6 12.9 14.3 15 11.6 8.6 9.8 11.4 9.9 8.8 6.9 0.4 0.4 0.4 0.4 0.4 0.4 0.4 6.4 8.8 6.1 7 -0.1 1.8 11.8 13.7 13.2 15.9 19.8 24.7 25.1 27.1 27.3 24.5 23.4 24.7 29.5 30.1 31.3 26.8 19.8 14.6 13.9 11.8 10.6 7.8 -0.1 -0.1 1.6 6.4
1.9 -1.9 -1.8 -1.9 -1.9 -1.9 -1.9 -1 -1.9 -1.9 -1.9 -1.9 -1.9 2.8 2.2 3.1 4.2 4.9 5 5 5.8 5.3 3.9 2 3.3 6.4 7 8.4 9.1 9 6.3 12.2 13.3 11.9 12 12.4 11.6 11.3 10.8 9.6 8.6 12.6 15.1 14.8 15.4 14 14 14.1 11.9 8.2 6.5 9.5 8.7 4.1 1.5 0.4 5.3 0.4 5.6 5.2 4.7 -0.1 -0.1 5.8 -0.1 11.5 13 18.9 19.1 21.9 19.4 23.2 23.7 22.4 19.5 16.6 18.5 14.9 21.2 17.5 10.1 9.1 10.2 10.9 5.9 2.4 -0.1 -0.1 -0.1
