Assets/StreamingAssets/GeoData/Data/nf/NF99.asc
ncols 200
nrows 200
xllcorner 90000
yllcorner 890000
cellsize 50
[rows 111 to 147 of 200, columns 85 to 169 of 200]
-2.2 -2.2 -2.2 -2.2 -2.2 -2.2 -2.2 -2.2 -2.2 -2.2 -2.2 -2.2 -2.2 -2.2 -2.2 -2.2 -2.2 -2.2 -2.2 -2.2 -2.2 -2.2 -2.2 -2.2 -2.2 -2.2 41.5 50.6 55 47.4 41.1 27.2 18.9 20.2 27.7 27.3 21.4 20.2 17.1 17.6 18.3 18.8 20.1 21.9 25 27.5 32.1 32.2 38.5 52.7 79.3 91.6 101.2 111.4 112.7 106.2 94.4 85.2 74.8 62.4 53.5 44.7 39.5 31.8 33.7 32 28.4 21.7 13.5 5 -2.2 -2.2 -2.2 -2.2 -2.2 -2.2 -2.2 -2.2 -2.2 -2.2 -2.2 -2.2 -2.2 -2.2 -2.2
-2.2 -2.2 -2.2 -2.2 -2.2 -2.2 -2.2 -2.2 -2.2 -2.2 -2.2 -2.2 -2.2 -2.2 -2.2 -2.2 -2.2 -2.2 -2.2 -2.2 -2.2 -2.2 -2.2 -2.2 -2.2 -2.2 -2.2 43 45.4 42.9 35.6 23 19.8 24.6 28.2 31.1 27.2 23.7 20.9 20.2 20.4 20.6 22.5 25.9 30.5 33.5 38 40 46.8 56.8 82.9 99.2 106.9 114.5 116.8 112.8 102.7 92.5 82.2 68.9 60.7 51.8 47.7 44.3 41.9 39 34.4 29.2 23.6 18.6 11.6 1.7 -2.2 -2.2 -2.2 -2.2 -2.2 -2.2 -2.2 -2.2 -2.2 -2.2 -2.2 -2.2 -2.2
-2.2 -2.2 -2.2 -2.2 -2.2 -2.2 -2.2 -2.2 -2.2 -2.2 -2.2 -2.2 -2.2 -2.2 -2.2 -2.2 -2.2 -2.2 -2.2 -2.2 -2.2 -2.2 -2.2 -2.2 -2.2 -2.2 -2.2 -2.2 36.6 41.2 32.5 20.2 20.8 28.6 32 31 31.1 29.9 26.9 25.7 24.3 26.6 26.9 29.8 33.7 38.9 45.1 53.5 57.5 66.4 81.1 108.4 114.5 118.9 119.8 117.4 110.3 100.2 90.1 79.2 68.3 59.2 52.4 53.7 51.4 47 42.9 37.3 29.9 25.1 19.1 12.5 5.4 -2.2 -2.2 -2.2 -2.2 -2.2 -2.2 -2.2 -2.2 -2.2 -2.2 -2.2 -2.2
-2.2 -2.2 -2.2 -2.2 -2.2 -2.2 -2.2 -2.2 -2.2 -2.2 -2.2 -2.2 -2.2 -2.2 -2.2 -2.2 -2.2 -2.2 -2.2 -2.2 -2.2 -2.2 -2.2 -2.2 -2.2 -2.2 -2.2 -2.2 27.7 37.2 28.8 21.7 27.3 30 35.1 37.4 35 37.7 40.1 32 32 31.5 35.4 36 39.3 45.3 54.1 62.4 68.1 71.9 84 110.8 120.2 122 124.6 124.5 117.9 108.4 97.8 86 75.3 64.4 60.4 61.5 60.3 56 50.3 44.4 37 33.4 26.8 19.8 14.1 -2.2 -2.2 -2.2 -2.2 -2.2 -2.2 -2.2 -2.2 -2.2 -2.2 -2.2 -2.2
-2.2 -2.2 -2.2 -2.2 -2.2 -2.2 -2.2 -2.2 -2.2 -2.2 -2.2 -2.2 -2.2 -2.2 -2.2 -2.2 -2.2 -2.2 -2.2 -2.2 -2.2 -2.2 -2.2 -2.2 -2.2 -2.2 -2.2 -2.2 -2.2 -2.2 14.3 29.5 39 39.5 42.2 45.1 44 49.1 52.3 45.4 38 39.9 41.2 46.2 47.7 50.7 61.4 69.8 79.7 79.7 91.3 105.2 123.6 129.8 129.9 128.8 122.8 114.4 104.6 92.6 81.1 71.6 67.4 67 66.6 64.3 59.1 48.1 44.5 38.8 35.6 25.3 19.2 13.8 3.6 -2.2 -2.2 -2.2 -2.2 -2.2 -2.2 -2.2 -2.2 -2.2 -2.2
-2.2 -2.2 -2.2 -2.2 -2.2 -2.2 -2.2 -2.2 -2.2 -2.2 -2.2 -2.2 -2.2 -2.2 -2.2 -2.2 -2.2 -2.2 -2.2 -2.2 -2.2 -2.2 -2.2 -2.2 -2.2 -2.2 -2.2 -2.2 -2.2 -2.2 -2.2 13.8 43.1 50.1 49.9 55.4 55.8 55.2 60.9 60.7 52.2 45.3 50.1 52.7 58.7 58.2 66.6 78.6 88.4 96.3 96.4 105.1 121.9 133.9 132.5 128.5 123.1 116.1 104.9 93.3 82.6 77 74.9 75 73.2 71.2 65.8 59 51.8 45.5 40.2 32.2 24.3 19 11.5 1.3 -2.2 -2.2 -2.2 -2.2 -2.2 -2.2 -2.2 -2.2 -2.2
-2.2 -2.2 -2.2 -2.2 -2.2 -2.2 -2.2 -2.2 -2.2 -2.2 -2.2 -2.2 -2.2 -2.2 -2.2 -2.2 -2.2 -2.2 -2.2 -2.2 -2.2 -2.2 -2.2 -2.2 -2.2 -2.2 -2.2 -2.2 -2.2 -2.2 -2.2 7.3 45.3 52.9 63.1 65.3 71.7 67.3 71.6 70.7 65.3 56.6 62.8 61.3 65.3 67 73 84.8 95.1 102.9 104.5 108.9 116.6 132.6 133.7 128.8 119.1 109.4 99.5 89.3 83.8 81.2 79.7 80.6 78.6 77.9 72.6 68.7 62 55.8 49.3 40.7 34.1 25.9 19.4 10.8 5.4 1.5 -2.2 -2.2 -2.2 -2.2 -2.2 -2.2 -2.2
-2.2 -2.2 -2.2 -2.2 -2.2 -2.2 -2.2 -2.2 -2.2 -2.2 -2.2 -2.2 -2.2 -2.2 -2.2 -2.2 -2.2 -2.2 -2.2 -2.2 -2.2 -2.2 -2.2 -2.2 -2.2 -2.2 -2.2 -2.2 -2.2 -2.2 -2.2 -2.2 40.6 61.9 80.8 80.1 84.4 80.5 79 79.8 75.4 71.2 66.9 74.7 72.8 78.4 82.6 91.8 100.1 112 114.2 113.5 116.2 126.4 128.9 124.8 114 103.4 95.1 89 85.3 81.6 82.9 83.2 86.3 86.8 82.4 78.9 72.4 63.5 55.7 46.9 40.4 32.4 25.2 17.8 11.3 7.4 3.4 0.3 -0.2 -0.8 -2.2 -2.2 -2.2
-2.2 -2.2 -2.2 -2.2 -2.2 -2.2 -2.2 -2.2 -2.2 -2.2 -2.2 -2.2 -2.2 -2.2 -2.2 -2.2 -2.2 -2.2 -2.2 -2.2 -2.2 -2.2 -2.2 -2.2 -2.2 -2.2 -2.2 -2.2 -2.2 -2.2 -2.2 -2.2 12.5 74.7 93 100.9 98 94.5 89.5 90.3 87.5 82 77.3 83.7 86 86.5 92.5 102.3 109 119.5 124.8 121 119.3 120 123 118 107.9 101.3 95.7 92 86.3 85.8 86.2 87.3 90.5 92 91.5 85.4 78.3 70.1 61.5 52.1 46 38.1 33.8 23.9 17.7 12.2 7.5 1.8 0.8 0.4 -0.6 -2.2 -2.2
-2.2 -2.2 -2.2 -2.2 -2.2 -2.2 -2.2 -2.2 -2.2 -2.2 -2.2 -2.2 -2.2 -2.2 -2.2 -2.2 -2.2 -2.2 -2.2 -2.2 -2.2 -2.2 -2.2 -2.2 -2.2 -2.2 -2.2 -2.2 -2.2 -2.2 -2.2 -2.2 3.9 61.5 106.3 119 109.9 106.5 100 98.4 99.2 95.5 88.5 89.4 97.8 95.4 101.2 109.9 119.1 126.1 131.9 128.7 126.8 122.3 117.9 113.1 106 99.5 95.6 92.4 88.8 91.7 89 91.7 93.3 95 96.8 93.7 85.3 75.6 68.8 58.6 50.2 42.6 37.9 32.5 25.6 19.6 10.4 6.7 2.3 1.7 0.9 -2.2 -2.2
-2.2 -2.2 -2.2 -2.2 -2.2 -2.2 -2.2 -2.2 -2.2 -2.2 -2.2 -2.2 -2.2 -2.2 -2.2 -2.2 -2.2 -2.2 -2.2 -2.2 -2.2 -2.2 -2.2 -2.2 -2.2 -2.2 -2.2 -2.2 -2.2 -2.2 -2.2 -2.2 -2.2 38.5 102.9 131.5 127.8 119.7 113.1 109 110.4 108.8 103.6 99.9 104.2 109.7 109.9 116.2 126.8 133.4 139.4 138 135.1 128 120.9 112.9 107.7 102 97.4 93.3 90.9 94.8 97.9 99 98.9 100.5 100.8 97.8 90.1 81.3 73.9 65.8 58.7 49.2 40.8 35.3 31.4 23.8 16.4 9.7 6.3 6.1 5.2 1 -0.4
-2.2 -2.2 -2.2 -2.2 -2.2 -2.2 -2.2 -2.2 -2.2 -2.2 -2.2 -2.2 -2.2 -2.2 -2.2 -2.2 -2.2 -2.2 -2.2 -2.2 -2.2 -2.2 -2.2 -2.2 -2.2 -2.2 -2.2 -2.2 -2.2 -2.2 -2.2 -2.2 -2.2 1.4 113.2 144 147.5 136 124.9 119.2 115.3 117.6 114.2 113 109.3 118 123.5 126.3 133.9 140.8 145.1 146.5 140.8 132.1 125 116.1 108.4 104.7 99.6 95.1 96 97.6 103.5 108 105.1 103.8 102.9 97.5 93.2 84.8 79.8 72.5 63.6 53.1 44.6 35.3 30.8 25.9 22.8 15.8 8.4 6 6 5.3 0.5
-2.2 -2.2 -2.2 -2.2 -2.2 -2.2 -2.2 -2.2 -2.2 -2.2 -2.2 -2.2 -2.2 -2.2 -2.2 -2.2 -2.2 -2.2 -2.2 -2.2 -2.2 -2.2 -2.2 -2.2 -2.2 -2.2 -2.2 -2.2 -2.2 -2.2 -2.2 -2.2 -2.2 4 127.1 154.1 160.2 150.6 139.7 131.5 124 123.7 123.9 124.3 121.9 124.2 134.3 135.6 141.7 147.9 151.9 154.8 147.9 134.8 126.8 119.9 110.9 106.8 103 100.3 100.7 102.9 107.7 114.5 110.7 108.5 105.5 102.2 94.8 90.9 84.4 76.2 65.5 53.7 45.3 41 35 30.6 26.4 20.1 13.4 8.1 6.1 5.5 4.1
-2.2 -2.2 -2.2 -2.2 -2.2 -2.2 -2.2 -2.2 -2.2 -2.2 -2.2 -2.2 -2.2 -2.2 -2.2 -2.2 -2.2 -2.2 -2.2 -2.2 -2.2 -2.2 -2.2 -2.2 -2.2 -2.2 -2.2 -2.2 -2.2 -2.2 -2.2 -2.2 -2.2 51.6 133.1 159.8 171.4 167.4 152.7 140.6 135.3 133 131.7 133.7 134.8 134.9 144.1 146.1 149.2 152.1 156.6 154.6 149.2 139.2 130.1 123.4 114.8 109.3 108.3 106.7 108.1 108.7 111.7 122.4 116.4 112.1 108.8 103.3 97.1 92.1 84.7 76.6 66.9 58.8 51.6 44.9 39.7 34.1 27.2 24.2 17.4 12.2 6.8 5 3.8
-2.2 -2.2 -2.2 -2.2 -2.2 -2.2 -2.2 -2.2 -2.2 -2.2 -2.2 -2.2 -2.2 -2.2 -2.2 -2.2 -2.2 -2.2 -2.2 -2.2 -2.2 -2.2 -2.2 -2.2 -2.2 -2.2 -2.2 -2.2 -2.2 -2.2 -2.2 -2.2 57.7 90.6 127.4 157.7 176 181.8 164.6 153.8 143.9 141.2 141.2 142.8 146.6 147.2 153 158.3 155.9 157.4 157.8 155.5 149.6 143.5 133.7 126.1 119.9 114.2 112.3 112.3 115.3 116.5 115.6 121.1 119.8 114.6 109.7 104.9 99.5 94.8 87.5 78.3 72.4 63.5 55 47.9 41.3 37.6 29.2 25.2 20.3 15.5 9 4.8 2
-2.2 -2.2 -2.2 -2.2 -2.2 -2.2 -2.2 -2.2 -2.2 -2.2 -2.2 -2.2 -2.2 -2.2 -2.2 -2.2 -2.2 -2.2 -2.2 -2.2 -2.2 -2.2 -2.2 -2.2 -2.2 -2.2 -2.2 -2.2 -2.2 -2.2 -2.2 -2.2 62.6 90.5 119.6 145.3 170 193.6 181.8 164.6 157.3 149.7 148.8 152.1 157.9 159.5 162.2 167.6 165.5 162.3 160.4 157.2 153.1 145.3 138.7 131.4 125.7 121.2 117.9 116.6 118.8 122.4 122.5 126 122.7 115.1 111.5 106.2 102.2 99.8 96.7 90.3 86.1 76.4 64 52.6 44.5 37.1 31.2 27.6 24.4 18.4 13.1 7.2 1.6
-2.2 -2.2 -2.2 -2.2 -2.2 -2.2 -2.2 -2.2 -2.2 -2.2 -2.2 -2.2 -2.2 -2.2 -2.2 -2.2 -2.2 -2.2 -2.2 -2.2 -2.2 -2.2 -2.2 -2.2 -2.2 -2.2 -2.2 -2.2 -2.2 -2.2 -2.2 -2.2 56.8 85.9 108.8 137.4 166.6 196 196.8 179.4 168.1 160.7 159.2 160 167.9 171.8 172.7 174.5 174.4 169.8 165.7 160.9 156.9 149.4 143.3 138.9 134.7 130.7 127.7 125.5 125.8 128.3 128.4 129.8 132.6 119.1 115.6 113.3 109.6 107.1 106.7 101.7 95.4 86.7 73.6 60.8 49.8 41.1 34.4 31.5 24.9 20.4 14.5 6.8 4.3
-2.2 -2.2 -2.2 -2.2 -2.2 -2.2 -2.2 -2.2 -2.2 -2.2 -2.2 -2.2 -2.2 -2.2 -2.2 -2.2 -2.2 -2.2 -2.2 -2.2 -2.2 -2.2 -2.2 -2.2 -2.2 -2.2 -2.2 -2.2 -2.2 -2.2 -2.2 7.9 43.5 68.6 103.5 132 162.2 187.2 202.6 196.7 180.8 171.6 170.2 169.2 174.2 181.3 182.6 181.9 181.7 175.7 169.9 166.1 161 158.4 151.3 147.5 146.4 145.5 142.3 136.7 135.1 133.4 132.7 132.6 132.4 128.8 122 121.6 116.9 113.4 112.7 107 98.3 89.6 80.6 65.5 52.5 45.6 37.1 34.1 26.9 21.7 15.6 13.2 8.1
-2.2 -2.2 -2.2 -2.2 -2.2 -2.2 -2.2 -2.2 -2.2 -2.2 -2.2 -2.2 -2.2 -2.2 -2.2 -2.2 -2.2 -2.2 -2.2 -2.2 -2.2 -2.2 -2.2 -2.2 -2.2 -2.2 -2.2 -2.2 -2.2 -2.2 -2.2 -2.2 38.8 66.3 97.4 125.7 155.7 188.3 208.1 209 197.8 186 179.8 178.8 182.6 190.2 195.5 192.6 190.1 183.5 178.5 172.4 167.9 163.4 159.9 156.8 154.3 153.3 151.9 147.6 143.5 140 137 135.9 134 131.8 130.3 127.4 124.6 122.3 120.6 111.7 100.1 89.6 84.2 74.3 58.9 47.9 41.8 35.5 30.2 24.9 19.5 18.5 10.5
-2.2 -2.2 -2.2 -2.2 -2.2 -2.2 -2.2 -2.2 -2.2 -2.2 -2.2 -2.2 -2.2 -2.2 -2.2 -2.2 -2.2 -2.2 -2.2 -2.2 -2.2 -2.2 -2.2 -2.2 -2.2 -2.2 -2.2 -2.2 -2.2 -2.2 -2.2 20.5 35.4 57.8 89.5 124.2 155.1 188.7 212.4 215.1 211.4 200 190 189.2 194.2 198.5 204.8 204.8 200.3 193 186.8 184.2 176.3 172 167.6 165.1 165.9 161.4 160 156.8 152 148.5 145.7 140.2 137.5 137.3 138.7 136.6 133 133.8 131.2 121.9 108.4 95.3 84.3 77 66.3 56.2 44.3 38.6 33.7 28 24 21 14.7
-2.2 -2.2 -2.2 -2.2 -2.2 -2.2 -2.2 -2.2 -2.2 -2.2 -2.2 -2.2 -2.2 -2.2 -2.2 -2.2 -2.2 -2.2 -2.2 -2.2 -2.2 -2.2 -2.2 -2.2 -2.2 -2.2 -2.2 -2.2 -2.2 -2.2 1.8 19.3 30.9 55.3 83.3 116.4 154 185.5 210.4 219.8 217.6 211.3 202.3 200.7 205.5 207.7 215.6 216.1 211.7 207 199.2 193.4 188.2 183.1 178.7 174.6 173.8 172.2 166.9 166.3 162.1 157.7 153.2 148.9 142.9 143.3 144.4 144.4 142.6 143.2 139.1 128.8 114.4 100.4 86.1 74.6 69.3 59.2 48 40.9 35.2 31.1 28.4 23.2 17
-2.2 -2.2 -2.2 -2.2 -2.2 -2.2 -2.2 -2.2 -2.2 -2.2 -2.2 -2.2 -2.2 -2.2 -2.2 -2.2 -2.2 -2.2 -2.2 -2.2 -2.2 -2.2 -2.2 -2.2 -2.2 -2.2 -2.2 -2.2 -2.2 -2.2 6 18.6 29 55.3 78.3 110.2 148 178.3 204 224.2 224.9 223 217.2 217.1 217.9 222.6 228 230.9 226.7 222.5 216.8 208 203.6 195.6 192.2 187 183.9 182.1 178.4 175.1 172.3 166.6 160.5 154.9 151.3 150.4 147.8 148.2 147.3 147.4 143.3 134.4 121 103.5 90.4 79.5 68.5 61.3 56.1 43.8 39.8 36.4 31.1 25.2 19.3
-2.2 -2.2 -2.2 -2.2 -2.2 -2.2 -2.2 -2.2 -2.2 -2.2 -2.2 -2.2 -2.2 -2.2 -2.2 -2.2 -2.2 -2.2 -2.2 -2.2 -2.2 -2.2 -2.2 -2.2 -2.2 -2.2 -2.2 -2.2 -2.2 1.7 7.8 17.3 29.4 54.6 81.6 106.3 137.5 171.1 192.8 216.7 228.1 231.9 232.6 231.5 232.4 238.8 248 251.3 247.2 239.1 233 225.4 218.9 212.3 206.8 201.3 193.6 190.5 187 186.2 180.9 175.1 167.8 161.6 159.1 156.4 153.9 150.6 147.5 146.1 139 134.6 121.2 105.2 94.7 84.7 71.3 64.1 60.7 50.2 44.1 40.1 35.5 29 21.2
-2.2 -2.2 -2.2 -2.2 -2.2 -2.2 -2.2 -2.2 -2.2 -2.2 -2.2 -2.2 -2.2 -2.2 -2.2 -2.2 -2.2 -2.2 -2.2 -2.2 -2.2 -2.2 -2.2 -2.2 -2.2 -2.2 -2.2 -2.2 -2.2 1.7 6.3 16.9 28.3 54.3 83.7 104.7 128.1 158 185.6 204.9 227.5 237.5 243.2 247.2 248 255.7 266 271.5 269 261.6 252.5 246 233.1 229.7 221.6 216.2 208.5 200.9 197.1 192.4 188.6 182.8 176.1 169.1 164.4 159.3 155.8 152.6 144.7 138.4 138.4 128.1 118.6 110.4 100.3 90 74.3 66.9 66 60.7 50.3 46.1 40.6 31.4 23.8
-2.2 -2.2 -2.2 -2.2 -2.2 -2.2 -2.2 -2.2 -2.2 -2.2 -2.2 -2.2 -2.2 -2.2 -2.2 -2.2 -2.2 -2.2 -2.2 -2.2 -2.2 -2.2 -2.2 -2.2 -2.2 -2.2 -2.2 -2.2 -2.2 3.9 1.7 14 28.6 51.3 76.6 98.1 116.8 141 172.3 193.5 211.7 229.6 246.4 260 267 272 278.6 286.9 287.6 281.4 270.8 263.2 253.3 243.1 236.8 225.9 221 210.9 203.7 198.3 194.1 189.2 182.7 176 171 163.3 157.7 154.6 147.6 139.9 130.1 125.7 118.6 110 107.7 99.6 88.5 80.5 77.6 73.1 56.9 53.2 46 36.3 26.4
-2.2 -2.2 -2.2 -2.2 -2.2 -2.2 -2.2 -2.2 -2.2 -2.2 -2.2 -2.2 -2.2 -2.2 -2.2 -2.2 -2.2 -2.2 -2.2 -2.2 -2.2 -2.2 -2.2 -2.2 -2.2 -2.2 -2.2 -2.2 -2.2 -2.2 -2.2 17.1 29.6 51.1 65.8 86.8 108.9 128.5 153.8 179.6 195.9 217.5 240.1 264.8 279.2 288.9 295.7 303.5 306.4 301.3 290.7 276.5 268 257.8 251.9 240.3 230.7 221.2 210.8 205.7 200.4 193.3 188.9 182.6 176.5 169.2 163 156.8 151.6 142.9 135.4 129 127.3 123.5 126.1 116 106.1 91.2 87.3 81.4 70.1 60.7 51.5 41.1 30
-2.2 -2.2 -2.2 -2.2 -2.2 -2.2 -2.2 -2.2 -2.2 -2.2 -2.2 -2.2 -2.2 -2.2 -2.2 -2.2 -2.2 -2.2 -2.2 -2.2 -2.2 -2.2 -2.2 -2.2 -2.2 -2.2 -2.2 -2.2 -2.2 -2.2 -2.2 16.6 27.4 41.3 55.6 71.9 92.9 115.1 135.5 162.1 184.1 206.7 229.7 253.5 279.9 301.6 308.7 314.2 323.5 320.3 307.1 291.6 281 269.2 261.5 252.6 238 229.9 221.4 215.1 207.5 200.4 193.5 189 182.1 175.2 167.6 160.3 152.7 148.3 142.2 136.5 132.3 132.2 128.8 129.2 117.7 107.4 98.8 90.8 82.1 66.3 55.8 44.5 35.2
-2.2 -2.2 -2.2 -2.2 -2.2 -2.2 -2.2 -2.2 -2.2 -2.2 -2.2 -2.2 -2.2 -2.2 -2.2 -2.2 -2.2 -2.2 -2.2 -2.2 -2.2 -2.2 -2.2 -2.2 -2.2 -2.2 -2.2 -2.2 -2.2 -2.2 -2.2 14.3 24.3 33.3 44 59.2 76.9 99.7 123.8 146.3 169.9 193.4 217.4 245.3 273.4 301 314.1 321.4 330.2 331.3 320.4 307.2 292.2 281.2 267.3 259.4 249.1 235.7 231.7 224.8 218.2 211 202 195.3 187.7 180.6 172.6 165.1 158.8 153.5 148.2 142.5 135.7 131.5 132.9 128.2 121.3 114 105.1 97.4 86 72.3 58.9 44.5 34.8
-2.2 -2.2 -2.2 -2.2 -2.2 -2.2 -2.2 -2.2 -2.2 -2.2 -2.2 -2.2 -2.2 -2.2 -2.2 -2.2 -2.2 -2.2 -2.2 -2.2 -2.2 -2.2 -2.2 -2.2 -2.2 -2.2 -2.2 -2.2 -2.2 -2.2 -2.2 11.9 22.4 28.8 39.3 51.9 66.6 84.9 109.7 130.3 156.4 176.6 206.2 233.6 261.6 291.4 309.9 324.2 327 336.5 333.3 316.9 304.3 292 276.9 263.8 253.9 244.8 241.5 236.1 228.9 220.6 212.2 202.7 195.6 187.9 181.6 174 167.1 159.5 153 145.9 138.3 130.6 126.5 131.3 126.7 118.2 110.9 104 95.2 81 66.4 50.2 35.5
-2.2 -2.2 -2.2 -2.2 -2.2 -2.2 -2.2 -2.2 -2.2 -2.2 -2.2 -2.2 -2.2 -2.2 -2.2 -2.2 -2.2 -2.2 -2.2 -2.2 -2.2 -2.2 -2.2 -2.2 -2.2 -2.2 -2.2 -2.2 -2.2 -2.2 -2.2 10.4 23.2 27.4 34.8 46.3 58.6 74.7 94.9 118.6 140.1 165.4 191.4 221.2 251.3 280.4 304.5 317.2 327.7 331.4 334.3 322.9 311.7 297.3 283.3 271.4 261 252.8 249.3 244.8 237.4 230.6 222.5 214.9 207.4 200.3 194.6 186.7 180 168.2 158.3 148.7 139.5 130.5 116.9 123.6 124 117.6 108.9 103.2 96.8 85.7 66.4 52.3 35.4
-2.2 -2.2 -2.2 -2.2 -2.2 -2.2 -2.2 -2.2 -2.2 -2.2 -2.2 -2.2 -2.2 -2.2 -2.2 -2.2 -2.2 -2.2 -2.2 -2.2 -2.2 -2.2 -2.2 -2.2 -2.2 -2.2 -2.2 -2.2 -2.2 -2.2 -2.2 11 19.4 25.1 32 40.4 52.5 66.4 83.2 103.5 126.2 152.1 180.8 210.5 240.3 266.9 290 305.1 313.4 325 324 322.4 313.4 299.8 288.5 278 269.8 263.2 258.4 251.7 245.9 239.9 232.4 223.5 217.7 212 203.7 196.8 189.8 179.3 164.7 153 142.3 130.2 115.7 114.3 116.5 110.7 102.9 94 87.7 75.6 59.2 44.6 33.2
-2.2 -2.2 -2.2 -2.2 -2.2 -2.2 -2.2 -2.2 -2.2 -2.2 -2.2 -2.2 -2.2 -2.2 -2.2 -2.2 -2.2 -2.2 -2.2 -2.2 -2.2 -2.2 -2.2 -2.2 -2.2 -2.2 -2.2 -2.2 -2.2 -2.2 -2.2 -2.2 22.1 24.6 29.3 39.4 47.9 61.3 74.4 91.5 114.4 138.4 169.8 197.3 227.4 254.1 273.2 288.4 300.4 311 317.6 315.8 311.4 301.5 291.3 283.8 276.4 271.6 267 262.4 253 249.5 242.3 235.9 228.8 223.8 218.8 208.7 194.8 185.5 171.9 158.4 143.2 129.9 114.1 95.6 99.6 102.9 93.6 84.1 73.4 60.8 48.5 38.2 29.6
-2.2 -2.2 -2.2 -2.2 -2.2 -2.2 -2.2 -2.2 -2.2 -2.2 -2.2 -2.2 -2.2 -2.2 -2.2 -2.2 -2.2 -2.2 -2.2 -2.2 -2.2 -2.2 -2.2 -2.2 -2.2 -2.2 -2.2 -2.2 -2.2 -2.2 -2.2 -2.2 23.1 28.1 28.2 37.5 48.1 56.7 71.6 83.6 101.4 126.9 155.3 183.7 210 238.7 260.9 275.3 285.1 299.5 306.9 312.5 308.3 301.5 293.4 288.5 281.2 278.9 276.4 271.7 264.1 259.2 254.5 249.8 242 234.2 232.7 220 204.7 188.5 177.4 161.1 144.3 126.5 109.5 91.4 82.1 82.7 82.3 74.5 63.2 52.1 40.5 31.5 25.9
-2.2 -2.2 -2.2 -2.2 -2.2 -2.2 -2.2 -2.2 -2.2 -2.2 -2.2 -2.2 -2.2 -2.2 -2.2 -2.2 -2.2 -2.2 -2.2 -2.2 -2.2 -2.2 -2.2 -2.2 -2.2 -2.2 -2.2 -2.2 -2.2 -2.2 -2.2 -2.2 23 31 30.4 36.7 47.3 52.6 67.1 79.9 93.6 116.1 142.9 164.9 192.7 221.7 246.1 262 273.2 284.2 295.8 304.4 307.5 302.6 297 293.6 289 287.8 288.1 285.2 277.6 271.8 268.1 263 254.8 245.4 241.7 231.1 215.3 195.3 180.5 165.7 144 127 105.1 87.3 74.7 62.4 65.8 65.1 58.2 49 38.1 28.7 19.9
-2.2 -2.2 -2.2 -2.2 -2.2 -2.2 -2.2 -2.2 -2.2 -2.2 -2.2 -2.2 -2.2 -2.2 -2.2 -2.2 -2.2 -2.2 -2.2 -2.2 -2.2 -2.2 -2.2 -2.2 -2.2 -2.2 -2.2 -2.2 -2.2 -2.2 -2.2 -2.2 -2.2 31.4 35.8 38.6 47.4 50.3 62 72 87.3 103 127.9 146.9 176.1 205.9 229.5 247.5 260.1 271 285 298.2 302.2 302 297.8 298.3 299.9 299.1 300.2 296.6 292.7 286.6 281.5 273.8 265.8 254.9 247.6 237 221.2 199.6 183.5 168.8 149.4 127.7 108.7 91.1 73.7 57.3 49.6 54.8 51.1 42.8 35.4 26.9 18.4
-2.2 -2.2 -2.2 -2.2 -2.2 -2.2 -2.2 -2.2 -2.2 -2.2 -2.2 -2.2 -2.2 -2.2 -2.2 -2.2 -2.2 -2.2 -2.2 -2.2 -2.2 -2.2 -2.2 -2.2 -2.2 -2.2 -2.2 -2.2 -2.2 -2.2 -2.2 -2.2 -2.2 22.8 35.9 41.8 46.6 48.6 56 66.1 80.4 95.3 115.2 137.9 159 186 210.9 228.3 246 256.8 272.8 288.5 296 299 298.9 304.9 309 311.9 311.1 311.3 305.4 299.4 292.7 286.6 275.9 262 250.8 241.4 226.2 202.7 184.4 168.2 150.5 130.5 108.9 90.2 76.4 62.5 48.5 42.5 43.8 38.3 30.2 23.8 17.7
-2.2 -2.2 -2.2 -2.2 -2.2 -2.2 -2.2 -2.2 -2.2 -2.2 -2.2 -2.2 -2.2 -2.2 -2.2 -2.2 -2.2 -2.2 -2.2 -2.2 -2.2 -2.2 -2.2 -2.2 -2.2 -2.2 -2.2 -2.2 -2.2 -2.2 -2.2 -2.2 -2.2 14.3 34.1 42.8 40.2 43.9 52.8 57.6 72.8 85.9 103.9 126.1 147.4 167.5 191.2 212.8 230.5 248.4 263 276.7 289.8 296.1 301 309.7 319 325.7 325.5 324.5 317.4 310.4 305.1 292.5 284.3 268.2 253.1 245.3 227.3 203.7 184.1 165.1 148.7 129.7 109.8 91.8 77.2 63.2 51 40.9 34.7 34 27.5 21.3 18.4
