Game/Highland_Data/StreamingAssets/GeoData/Data/ns/NS05.asc
ncols 200
nrows 200
xllcorner 200000
yllcorner 650000
cellsize 50
[rows 0 to 37 of 200, columns 84 to 167 of 200]
7 8 6.9 7.8 13 11.7 15 30 46 51.7 60.7 68 76.3 75 76 76.2 75.2 78.1 82.1 84.1 89.1 88.2 86.3 82 75.8 75.1 81.3 88.4 83.4 81.3 78.6 78 75.8 71.7 69.3 66.1 67.8 60.8 58.1 55.1 51.8 44.4 37.2 29.9 23.3 16 14.8 15.1 16 18.7 24.2 26.5 26.6 24.6 20.7 16.5 13.4 14.3 17.5 16 15.8 17 18.1 19.3 20.5 22.2 26.1 33 37.3 40.5 43.9 46 52.1 61 63.2 69.6 74.1 77.3 80.4 84 88.1 90.5 87.2 86.3
8.7 10.6 10.8 12.3 11.7 13.7 16.3 37.7 47.9 53.3 61 67 75 76.3 77.7 77.1 76.1 77.7 80.5 83.4 87.6 86 83.8 80.8 74.3 74.9 90.2 91.5 89.4 86.8 80.3 78 75.3 74.1 67.6 68 66 61.7 55.1 51.1 45.2 38.6 31.7 24.2 16.4 12.9 12.9 12.1 13.2 19.2 27.8 31.4 33.1 27.8 22.2 17.8 14.4 16.3 17.2 16.4 15.2 17.2 18.1 19.2 20.3 22.9 27.1 33.1 37.5 43.2 47.4 51 57.5 63.3 67.3 68.3 75 77.9 80.9 84.3 89.8 90.3 87.2 86.4
10.5 12.6 13 12.2 13.7 15 19.2 37.1 47.6 53.5 61.6 66.8 74.2 75.9 77.6 76.8 76.4 78 80 82 85.8 83.6 81.7 78.7 72.7 83.3 93.5 91.7 95.6 89.5 82.9 80.1 79.5 72.4 70.2 68.4 67.6 65.2 57.8 46.8 39.4 31.9 24.9 17.5 12.9 12.9 12.9 12.9 14.5 31.3 35.5 36.4 38 29.7 21.9 18 15.4 16.5 18 17.8 16.3 16.5 17.3 18 20.2 24.5 28.7 33.1 38.1 42.8 49.5 53.2 59.2 65.1 69 74 76.9 79 81 84.3 86.8 87.3 87.5 89.6
11.8 13.3 13.3 13.7 15.3 16.2 22.8 43.1 47.7 53.4 62.5 68 73.4 74.9 76.6 76.4 76.4 77.4 78.2 80.2 82.7 81.2 79.6 76.4 72.1 92.3 94.2 96.7 98.6 91.6 85.2 83.3 77.7 72.8 77.3 70.1 79.4 77.3 69.1 48.8 36.5 27.2 18.9 13.8 12.9 12.9 12.9 12.9 17.4 35.2 41.3 42.4 43.1 33.8 25.3 18.6 15.6 16.4 18 17.1 14.6 15.5 16.4 17.3 19.1 26 31.1 35.4 40.7 47.5 51.1 55.6 60.8 67.2 71.2 74.6 76.7 78.7 80.9 83.6 87.5 92.4 94.6 94
12.1 13.5 14.2 14.8 15.8 16.8 29.5 47.2 49.2 55.1 62.1 67 71.4 73.6 75.6 75.4 75.9 76 77 78.3 80.3 79.9 78 73.8 76.1 94.6 96.1 98.7 97.7 92.7 88.2 83.5 75.5 75.8 75.6 79.7 86.7 86 72.4 51.2 30.6 24.3 16.5 13.3 12.9 12.9 12.9 12.9 20 39 41 44.5 39.5 34 24.9 19.7 16.7 17.2 18.3 14.9 14.3 15.1 16.2 17.9 20.1 27.6 33.3 36 41.2 47.9 54.2 57.1 62.3 69.4 72.8 75.3 77.3 79.4 81.8 84.3 91.7 100 102.8 100.4
13.7 13.9 14.1 14.5 15.6 16.9 32.1 46.6 49.3 54.7 61 65.8 69.8 72.8 74.2 73.8 74.8 75.4 75.9 76.5 78.3 77.6 75.6 70.5 78.5 95.1 102.6 98 97.9 93.8 90.5 80.7 76 74.7 80.8 94.7 98.4 90 70.1 41.7 27.8 22.4 16.7 11.3 12.9 12.9 12.9 12.9 22.5 42.6 44 45.2 38.9 31 24 19.6 17.7 18.8 18.3 14.7 14.5 14.9 16.2 17.8 21.5 25.4 33.5 37.1 42.4 48.1 55 60.3 65.5 70.2 73.4 75.9 77.9 80.2 82.8 84.9 92.1 102.8 107.6 106.6
13.9 14.1 14.3 14.5 15.9 17.4 33 46.7 49.5 53.9 61.8 66.3 70.3 71.9 72.6 72.6 73.7 74.3 74.6 74.6 75.9 75.6 71.9 69.4 86.7 98.5 103.3 100.6 96.3 96.5 85 75.4 77.3 77.4 91.2 104.8 102.6 87.3 61.4 39.1 26.1 22.3 17 12 12.9 12.9 12.9 12.1 24.1 40.6 44.7 46 41.5 29.3 23.1 20.8 21.3 18.2 15.6 14.8 14.6 15.7 16.1 17.7 21.1 28.3 32.3 38.3 41.4 49.7 57.4 62.4 66.8 70.9 73.9 77 78.9 82.8 86.5 87.4 92.4 100.2 108.7 109
13.9 14.2 14.5 14.7 15 18 29.7 45.4 50.3 55.6 60.7 66.9 70.3 71.4 70.9 71.1 72.4 72.7 72.9 72.8 73.7 73.1 69.1 70.9 91.3 98.6 101 99.4 91.6 91.6 84.1 78.5 81.7 81.3 93.1 108.2 98.3 82.6 57.6 35.3 23.9 19.9 15.9 11 12.9 12.9 12.9 12.9 26.1 39 39.7 44.8 41.2 25.5 22.6 21.1 18 15.9 15.3 14.9 15.1 15.6 16.7 18.2 21.7 30.1 36.4 41.2 45.8 49.3 55 63 68.4 71.7 74.4 77.4 87.3 95.3 99.4 98.3 97.1 101.7 106.4 108.7
12.5 13.5 14 14.4 14.8 19.7 29 44.9 52 55.4 62.5 67 69.9 70 69.1 69.2 70.8 71.5 71.3 70.8 70.5 70.1 68.8 78.1 91 97.3 97.9 96.1 89.2 90.9 84.6 88.6 83.5 85.8 96.7 105.8 92.6 72 51.8 32.6 23.6 19 14.3 12.9 12.9 12.9 12.9 12.9 25 31.9 34 41.3 23.8 25.3 23.6 17.5 16.5 16.2 15.6 15.1 15.5 16.5 18.3 20 22.9 31.2 37.4 43.3 48.3 54.2 58.7 64.5 66.4 70.5 74.4 79.8 89.3 100 102.5 101.6 102.4 107.7 112 107.3
9.6 10.8 12.8 13.8 15.6 22 30.4 43 49.9 52.6 60 66 68.8 68.9 68.9 68.8 69.2 70.7 70.6 68.9 68.7 67.4 70.5 83.6 92.6 96.4 95.7 90.7 88 94.6 82.8 87.3 83 87.1 100.3 99 82.4 61.1 43.7 27.7 17.1 14.2 12.9 12.9 12.9 12.9 12.9 12.9 24.8 29.8 37.7 28.7 23.8 27.7 20.6 16.8 16.7 16.7 16.6 16.8 17.1 17.2 18.8 21.3 25.8 32.3 31.9 42.4 50.4 55.9 61.4 66.5 70.1 73.7 77.7 83.4 92.9 102.6 104.2 107.3 107.8 108.9 113.5 107.9
8.3 8.5 10.1 12.9 17.7 23.4 32.6 40.1 47.7 52.1 57.7 64.9 67.2 67.9 68.1 68.3 68.4 68.6 69.4 67.4 68.7 71.8 78.8 87.5 94.6 98.6 92.2 88.8 89 90.2 80.4 84.2 80.5 88.2 93.1 82.1 66 49 34.8 21.2 12.9 12.9 12.9 12.9 12.9 12.9 12.9 12.9 19.7 27.3 35.5 24.2 35.1 31.1 19.8 17 16.9 16.8 17.2 17.5 18.7 19.9 21.7 26.7 30.8 37.6 41.4 38.9 49.8 57.2 62.4 66.9 71.6 75.7 84.1 91.1 97.8 104.7 108.5 111.3 114.1 112.9 114.3 107.4
7.4 7.6 9.6 14.8 17 26.4 32.6 37.9 47.6 51.4 56.2 63 66.5 66.6 66.7 66.8 66.9 67 67.1 66 68.6 76.7 83.4 89.2 96.2 93.9 90.8 85.1 83.9 86 75.5 79.1 81.3 83.3 86.1 66.5 55.2 40.7 27.5 14.4 12.9 12.9 12.9 12.9 12.9 12.9 12.9 12.9 12.9 25.3 36.9 24.2 35.7 24.9 22.1 17.8 17 17.8 18.1 18.5 18.9 22.8 26.6 31 35.8 38.8 44.4 50 51.1 55.5 62.4 67 71.7 77.4 84.7 93.2 101.7 107.8 113.5 116.8 118.2 114.5 115.5 108.8
6.4 8 10.3 14.3 17.3 28.2 33.3 36.6 46.6 49.7 55.6 62.4 64.7 65.4 65.3 65.3 65.3 65.4 65.1 64.3 71 81.3 86 87.9 90.5 88.9 85.5 80.7 80 82 72.4 78.3 78.6 78.6 74.9 62 45.3 34.2 19.8 12.9 12.9 12.9 12.9 12.9 12.9 12.9 12.9 12.9 12.9 25.2 36.5 33.3 31.7 28.4 24 18.6 17.9 18.9 18.9 19.3 19.7 23.7 28.8 32.4 36.9 41.1 46.4 52.4 56.1 55.2 61 67.4 72.7 77.8 85.5 95.1 103.9 110.1 116.8 121 122.7 116.5 114.5 108.6
6.4 8.1 9.8 13.6 17.6 27.3 32.4 36.4 45.4 48.7 53.8 60.7 62.2 63.7 64 63.9 63.8 63.5 63.2 67.2 76 81.3 87 85.4 85 83.5 79.9 77.3 75.2 76 69.5 69.4 71.1 68.9 60.6 48.3 38.4 28.6 12.3 12.9 12.9 12.9 12.9 12.9 12.9 12.9 12.9 12.9 12.9 19.7 34.8 31.2 30.1 26.7 23.7 20.6 19.9 20.4 19.6 20.1 20.8 22.5 30.9 34.4 38.1 42 47 53.7 58 62.2 63.7 66.1 70.5 77.7 85.5 93.9 105.1 112.4 119.6 122.7 122.8 117.3 116.5 108.2
5.8 7.5 9 13 20.3 28 32 36.4 42.7 47.2 52.3 58.6 61.9 63.3 63 62.8 62.2 62.5 63.3 65.8 76 78.7 83.1 77.9 79.9 77.4 76.9 73.5 72 69.3 62.6 61.5 61.9 58.6 45.8 39.2 32.1 23 13.1 11.8 12.9 12.9 12.9 12.9 12.9 12.9 12.9 12.9 12.9 15.5 28.1 30.2 29.6 26.7 22.7 21.5 22.8 21.9 21.1 21.8 22.2 23.6 30.7 34.7 38.3 42.5 47.3 54.2 59.3 65.4 67.9 70.9 72.4 76.7 84.6 89.3 100.9 111.7 120.4 122.5 122.6 117.7 117.4 109.9
5.6 6.8 8.2 11 17.6 25.8 31.7 35.6 42.8 46.2 50.8 57.2 62 62.3 61.9 61.3 60.7 60.7 62.1 62.8 71 75.4 77.5 72.9 70.7 72.9 71.7 67.6 65.7 64.3 58.1 54.3 50.6 44.7 39.5 34.2 27.6 22.6 16 12.9 12.9 12.9 12.9 12.9 12.9 12.9 12.9 12.9 12.9 15.7 25.2 27.9 28.5 25.5 22.9 21.9 23.6 24.6 25.1 24.5 23.3 24.9 28.1 33.5 39.1 45.1 49.1 55 60.9 65.9 68.9 73.3 76.9 78.4 82.4 88.5 97.5 107.8 118.9 122.2 121.6 118 116.2 113.7
5.1 6.2 7.5 8.7 14.5 23.1 29.9 35.1 41.2 43.9 49 55.5 60.4 60.8 60.8 60 59.2 59.6 61.2 64.7 70.2 72.8 73.6 68.3 67.6 67.3 67.3 63.9 62.2 60.5 53.2 47.6 43.4 40.7 39.5 34.5 28.3 22.9 15.9 12.9 12.9 12.9 12.9 12.9 12.9 12.9 12.9 12.9 12.9 15.8 24.1 29.2 25.3 23.9 24.2 23 24.1 24.5 26.9 28.1 26.6 26.3 31 34.2 38.2 43.1 50.7 54.8 60.4 65.8 70.3 74.7 78.6 81.7 83.3 88.9 97.2 106.2 115 120.3 120.3 118.4 114.3 114.2
4.9 6.8 6.7 9.4 16 23 28.5 34.1 39.6 42.5 47.5 53.9 58.9 60.2 61.1 60.1 58.7 58.3 62.1 65.4 70.3 71.9 72.7 74.4 73 68.4 63.8 58.8 55.7 54.9 47.9 39.8 36.9 36.9 37.8 33.8 27.5 21.6 19 14.2 12.7 12.9 12.9 12.9 12.9 12.9 12.9 12.9 12.9 18.1 22.6 24.6 21.5 22.4 23.7 25.2 25.8 25.4 27.8 29.7 29.4 28.7 33 36.9 40.8 45 52.4 56.1 62.1 66.7 71.9 75.5 78.4 81.6 86.9 89.9 94.8 104.6 111.8 118.5 120.3 118.9 113.3 114.4
5.4 5.8 5.9 8.1 11.9 20.8 27.7 33.7 39.2 43 48.2 53.5 57.5 60.3 63 62.1 58.7 59.1 62.2 65.1 68.7 71.9 75.1 75.4 71.3 65.2 58.4 53.2 49.7 47.2 39.3 34 34.1 34.2 34.2 31.9 26.7 21.3 18.1 14.2 13.4 12.9 12.9 12.9 12.9 12.9 12.9 12.9 12.9 16.2 21.5 22.6 20.7 21.2 22.2 24.2 26.5 27.7 29 32 32 32.9 35.2 40.4 45.2 47.9 49.7 59.1 64.9 70.9 73.3 75.8 77.3 80.2 87.4 92.4 96.1 102.8 109.2 116.9 120.3 119.4 111.9 111.4
4.4 4.8 5.5 6.7 9.3 16.3 26.2 32.6 38.2 44.4 47.7 52.2 55.7 59 62.5 62.8 57.4 59.1 64.9 66.7 72.5 75.9 77.2 72.4 68.5 61.1 52.3 47.1 42.4 39.1 32.4 30.9 31.5 31.6 31.9 29.8 24.5 19.6 16 13.2 13.1 12.9 12.9 12.9 12.9 12.9 12.9 12.9 12.9 19 23.3 23.8 20.8 21.1 21.8 23 26.6 29.8 32.4 34.3 33.2 33.5 37.6 41.1 45.3 49.6 51.3 59.2 63.6 69.9 74.5 74.3 76 79.9 86.6 91 96.7 103.1 107 114.5 120.7 120.1 114.9 109.5
4 4.4 5.8 6.7 8.8 12.5 24.6 32.3 38.2 43.6 46.8 50.4 53.4 54.9 56.3 57.5 55.4 65 68.2 70.1 77.6 78.1 75 70.6 64.6 55.2 45 39.2 35.5 31.2 29.2 29.1 28.9 29.1 28.8 26.5 21.9 17 14.1 12.7 11.5 12.9 12.9 12.9 12.9 12.9 12.9 11.9 14.5 21 24.6 24.6 21.9 20.5 21.9 22.6 25.9 31.2 35.2 35.9 34.7 35.3 37.1 40.9 45.7 51.5 53.6 57.1 62.8 68 75.2 75.9 77.1 81.9 85.9 90.4 95.1 102.8 108.1 111.9 117.4 118.6 114.4 107.6
4.4 4.3 7.1 7.3 12.5 18.3 24.5 31.5 37.9 42.4 45.5 48.6 50.4 53.7 56 57.7 60.2 73.5 77.3 76.4 77.6 76.5 70.2 64.9 56.5 49.3 40.5 33.9 29.2 27.6 27.2 26.9 26.5 25.9 25.1 22.2 18 14.2 12.3 13 11.8 11.2 12.9 12.9 12.9 12.9 11.3 11.4 17.6 22.4 26.2 25.1 22.5 21.1 21 22 27.2 32.5 37.1 36.7 35.8 37 37.6 40.9 45.6 53 59.7 60.1 66.4 70.5 75.1 77.2 78.5 80.6 86.4 89.6 94.5 101.2 105.9 110.7 115.1 116.4 113.5 106.1
4.6 4.5 6.3 7.3 12.9 18 23.8 30.3 37.2 41.9 43.2 47 51.2 54.9 59.4 60.2 66.3 84.4 83.1 80.7 77.7 72.7 64.1 57.6 50.5 43.2 35.5 29.5 24.4 24 23.8 23.6 23.4 23 20.8 18.2 13 12 12.6 13 11.8 12 11.4 11.4 12 12 12.5 12.2 17.6 23.7 27.1 26.2 23.7 21.3 20.9 23.7 28.8 34.3 37.5 37.7 37.8 38.2 39.6 42.4 45.6 52.7 60.4 63.9 67.3 71.3 74.3 77.1 79.4 81.8 86.3 90.9 93.4 98.1 103.2 108.5 113.3 114.4 111.5 105
3.4 5.2 6.2 7 10.2 15.1 21.2 28.1 35.6 41.3 44.8 47.5 50.5 53.7 57.4 58.2 73.7 84.1 82 81 76.6 67.6 59.4 51.7 44.5 39.4 30.2 23.6 20.8 20 20.3 20 19.7 18.9 16.3 14.3 13.3 13.2 13.3 13.7 12.4 12.6 12.6 11.8 11.5 11.6 12.3 11.8 19.3 24.5 28.1 26.6 23.4 21.3 21.4 25.1 30.1 34.4 38.8 37.9 38.4 38.9 40.7 43.3 47.9 51.2 59.4 65.4 68.2 70.9 73.3 76.2 78.8 82.4 85.9 89.9 93.3 96.3 99.3 106.5 111.1 111.7 108.9 101.2
4.2 5.1 5.6 6.5 13.4 17.7 23 31.5 36.8 41.2 44.9 47.8 50.5 53.4 56.3 57 75.7 83.6 83.6 78.1 74 66.1 54.2 47 39 30.6 23.9 18.2 16.3 16 16.3 14.6 13.7 13.4 13.6 13.3 13.6 13.8 12.9 13.3 12.4 13.2 13 12.8 12.1 11.7 11.6 13.3 19.7 24 27.4 26.3 22.9 21.6 22.6 27.1 31.9 36.1 39 38.9 38.4 39.7 41.3 44.5 50.1 55.2 53.5 64.9 68.1 70.7 72.1 74.4 76.9 80.6 84.8 88.2 91.7 94.4 98 101.8 108.3 109.9 105.7 97.7
3.9 4.1 6.1 8.8 13.7 19.1 22.2 31.6 36.3 41 45.3 48.7 51.4 54 55.9 56.9 73.7 81.9 81.6 77.2 71 61.2 49.4 43.6 35.7 31.7 22.5 17.6 14.1 12.6 12.7 12.3 12.3 12.2 12.8 14.3 14.5 14.2 13.1 13.4 11.7 12.5 12.5 12.3 12.2 12.2 12.1 15 20.1 24.5 26.9 26.3 22.2 21.8 24.6 30.3 33.8 37.3 38.5 38.6 38.8 39.6 41.1 45.6 51.1 57.8 62.1 64.1 67.6 69.6 70.2 72.5 75 78.3 83 86.1 89.6 92.2 95.8 99.4 105.8 107 103.7 96.4
2.1 4.4 5.4 6.9 11.2 22 22.9 29.4 35.8 40.2 45.1 49.9 52.9 55 58.3 59.2 67.5 80.3 79.7 73.6 66.5 57.1 45.4 38.8 36.8 43.5 28.6 12.7 11.5 10.9 11 11.6 11.3 11 11.6 12.4 12.5 13.4 14.2 13.6 11.3 11.7 11.8 11.4 11.6 11.7 13.5 16.8 19.8 23.9 26 25.6 22.2 22.7 25.9 30.7 35.7 37.4 38.7 39.3 40 41.1 42.3 45.7 51.7 59.4 62.9 58.8 66.6 67.8 69.1 70 73.4 77.3 81.3 84.2 87.7 90.9 94.3 98.2 103 103.8 101.9 94.9
2.1 4.2 4.8 7.8 15.2 22.2 25.5 28.8 35.3 39.6 45.8 50.3 53.1 57 59.3 60.7 63.5 71.7 75.2 69.2 60.6 50.1 41.3 37.3 37.6 32.8 13.7 10.3 9.7 9.6 9.9 10.4 10.1 9.9 9.8 10.3 10.6 11.1 11.7 12 14 12.6 12.9 12.1 12 13 16.4 17.8 20.9 23.5 25.1 24.8 22.3 22.9 24.9 30.8 35.6 38.2 39 39.5 40.1 41.9 44.3 46.1 52.4 59.6 64.1 66.6 65.4 65.4 66.7 69.2 72.2 76.3 79 83.5 88 89.7 92.9 96.3 100.6 100.9 100.2 94.2
1.9 1.9 2.3 7.2 17 19.7 23.9 26.9 33.7 38.6 45.8 51.2 55.8 60.4 59.8 60.5 66.1 67.8 72 64.1 55.7 46.1 40.3 37.6 35.9 28.4 10.2 9 8.6 9 9 9.2 8.9 8.6 9.1 9.8 10 10 10.2 11.2 11.9 12.4 13.5 12.5 12.7 15.7 19.1 21.1 22.2 23.6 25.3 24.7 22.3 23.1 25.2 30.6 35.5 37.7 38.1 39.1 40.1 42.9 44.6 47 50.6 58.6 64.1 67 68.1 64.5 66 68.3 71.4 75 78.8 82.6 86.2 87.8 90.7 93.8 97.6 98 97.5 92.5
1.5 0.5 1 6.9 14.4 17.6 21 28.1 33.6 38.6 45.4 51.1 58.5 63.9 58.3 59.8 62.7 65.3 67.5 60.5 51 43.3 40.1 35 33.9 19.5 8.9 7.9 7.2 7.4 8.2 7.9 7.5 7.1 8.1 9.3 9.5 9.1 9.4 10.1 10.9 11.3 12.5 13.5 15.4 18.4 21.6 23.3 23.8 24.2 25.5 24.4 22.5 23.5 27.7 31.2 35.7 37.4 37.8 39 40.9 44.1 45.8 48.5 53.8 58.5 64 67.3 68.3 66.5 66.9 67.8 69.8 73.3 76.9 80.9 83.4 85.6 88.1 90.9 94.1 94.7 93.2 89.8
-0.9 -0.9 -0.9 4.5 8.5 16.4 20.4 29.3 32.9 37.2 46 51.1 55.1 61 57.7 58.6 59.4 61 64 56.2 46.9 40 36.9 33.1 25.1 10.6 7.7 6.7 6 6 6.9 6.8 6.3 5.3 7.1 8.6 9 8.7 8.8 9.4 10 10.2 11.6 13.9 18.1 20.8 23.3 25.4 25.8 24.7 25.2 25 22.8 26.2 30.4 34.1 36.1 37.2 37.8 39.6 44.5 47.3 46.2 48 54.2 59.6 62.9 66.5 69.3 70.5 71.3 69.3 69.2 71.7 75.3 78.6 80.6 83.1 85.4 88.7 92.4 93.4 89.3 87.8
-0.9 -0.9 -0.9 3.6 7.9 16.9 20.2 30 32 39.9 46.3 50.7 53.5 57.3 55.3 55.4 56.6 57.9 59.8 51.3 42.7 38.6 36.6 23 9.5 6.8 4.7 5.3 4.5 4.8 5.2 6.3 5.1 6.2 7.5 8.9 9.1 9.5 8.8 9.1 9.4 10.1 11 17.5 21.5 23.9 25.5 26.8 27.1 24.9 25 24.4 23.6 26.8 31.5 34.7 35.7 36.6 37.7 41.5 46.6 46.8 44.6 48.1 55.3 59.8 62.9 65.1 68.9 73.4 74.4 71.2 68.4 70.2 72.9 76.2 78.4 80.8 83.4 88.2 91.8 93.1 89.4 85.4
-0.9 -0.9 -0.9 5.3 10 18.5 20.6 28.5 31.4 39.7 46.5 50.4 52.5 54.1 52.5 52.4 52.8 53.9 55 44.9 36.2 31.2 22.5 9.1 6 1.8 1.5 1.5 1.5 1.6 1.6 1.7 1.9 5.9 6.9 7.2 9.3 10.3 9.1 9.1 9 9.7 10.8 20.4 25.4 25.7 25.8 26.9 26.9 25.4 24.8 24.1 25.4 28.9 32.6 35.7 36.3 36.9 37.7 41.7 45.9 44 42 46.7 57.1 60.2 62.7 63.9 67.3 70.8 73.7 70.7 67.9 68.7 72 75.2 76.5 79.5 83.2 87 89.9 88.5 86.9 81.4
-0.9 -0.9 -0.9 3 7.1 18.4 23.7 26.3 32.9 40.7 46.4 49.3 49.8 50.5 49.9 49.9 49.4 48.7 46.4 32.6 18.9 9.8 7.4 5.4 1.5 1 0.7 0.7 0.8 0.9 1 1.2 1.4 1.8 4.6 6.7 6.4 8.7 9.4 8.8 8.5 9 10.1 22.9 27.7 27.1 27.2 27.3 28 27 26.1 25.2 27.9 31.6 34.1 36.9 36.7 37.2 37.7 39.9 41 41.6 40.5 44.1 55.9 59.9 63.3 63.7 64.6 67.8 71.1 69.5 68.4 68.3 70.6 72.4 74 76.5 80.7 84.8 86 84.5 83 78.6
-0.9 -0.9 -0.9 -0.9 5.5 10.6 20.9 21.3 32.9 38.8 44.3 46.1 46.3 47 46.4 46.4 45.7 43.2 35.3 23.8 9.1 6.7 5.2 1.8 0.6 0.1 -0.1 0 0.1 0.2 0.4 0.6 0.9 1.2 1.5 1.9 5.3 5.5 7 8.1 8.4 9.4 10.4 24.8 29.6 28.6 29.1 30.3 31.5 31.5 30.4 29.3 31.4 33.2 35.8 38.2 37.7 37.4 37.7 38.8 40.9 39.7 40 43.2 54.2 60 62.7 62.8 63.7 66.4 69.8 66.9 65.4 66.6 68.6 70.6 71.2 73.1 77.9 82.3 83 81.5 79.2 74.4
-0.9 -0.9 -0.9 -0.9 5.6 8 12 18.5 26.9 33.6 40.4 42.4 42.1 42.1 42.5 42.4 40.9 33.4 19 10.5 7.5 4.7 3.6 1 -0.9 -0.9 -0.9 -0.9 -0.9 -0.4 -0.2 0 0.3 0.6 1 1.3 1.7 4.6 5.6 6.3 7.6 8.8 10.5 26.4 31 32.6 34 35 34.3 35.1 34.9 33.3 33.4 34.5 36.8 38.7 38.3 37.8 38.1 38.2 39.5 40.7 42.4 47.1 56.2 59.4 62 62.3 62.6 64.8 67 64.9 63.4 64.5 67.4 70.1 68.3 70.9 74.7 79.6 80.2 78.7 76 72
-0.9 -0.9 -0.9 -0.9 5.9 7.6 11.4 17.4 27.4 32.6 36.2 39.4 39.2 38.7 38.3 36.2 33.4 21.6 9.7 7.9 5.2 1.4 0.9 -0.9 -0.9 -0.9 -0.9 -0.9 -0.9 -0.9 -0.9 -0.9 -0.3 0.1 0.4 0.8 1.3 1.9 4.7 5.7 6.9 7.7 9.3 28.6 31.9 34.1 36.2 35.5 35.1 36.7 38 36.2 35.3 35.1 36.8 38.9 38.7 38.5 38.2 38 38.2 39 41.8 48.7 56.3 59.4 60.9 60.8 61 62.1 64.3 63.2 62.4 64.1 65.7 66.2 65 67.4 70.4 77.2 76.3 75.4 74.8 70.7
-0.9 -0.9 -0.9 -0.9 7 17 17.2 20.6 26.5 32.8 33.5 34.6 34.2 34.3 32.9 30.4 23.3 8.4 6.4 3.6 1.4 -0.9 -0.9 -0.9 -0.9 -0.9 -0.9 -0.9 -0.9 -0.9 -0.9 -0.9 -0.9 -0.9 -0.2 0.3 1.3 1.9 4.1 5.5 6.9 8.2 8.8 28.9 31.8 35.6 37.7 36.3 35.8 37.8 37.4 36.6 35.9 35.7 37 37.2 37 36.8 37.3 37.2 37.4 37.7 41.8 48.5 56.6 60 61 58.3 61.1 61 61.6 61.7 61.8 63.7 65.1 63.8 61.7 64.9 67.7 72.9 72.9 72.1 71.3 68.1
