Game/Highland_Data/StreamingAssets/GeoData/Data/ns/NS08.asc
ncols 200
nrows 200
xllcorner 200000
yllcorner 680000
cellsize 50
[rows 105 to 139 of 200, columns 0 to 78 of 200]
63.2 72.7 81.2 93.9 104.9 113.3 119.8 139.4 155.1 166.3 174.9 182.7 191.2 195 199.7 201.6 188.7 188.9 189.2 191 192.7 197.1 198.1 204.7 213.4 221.3 227.7 235.1 244.1 248.6 251.8 255.8 258.7 260.7 264.4 269.5 276.5 281.8 285.6 290.6 290.4 293.6 292.7 291 278.3 269.5 268.3 266.5 264 260.2 251.7 250.2 245.5 236.2 224.8 213.7 203.5 196 191.3 192.6 191.4 194.6 200.8 207.3 215.1 224 241.4 252.4 261.8 270.4 277.7 285.1 292.3 298.3 300.5 301.2 301.7 308.2 311.8
64.2 77.1 87.6 98.1 106.1 114.4 127.4 144.3 154.9 165.8 174.2 180.3 184.8 191.1 196.1 194 188.8 188.8 191.2 195.2 198.8 198.6 200 204.5 213.7 222.8 228.6 238.7 250.1 256.5 260 259.9 261 263.9 266.8 269.1 272.4 278 283.6 289.6 291.8 297.4 295.8 286.1 276 269.5 268.6 267.1 262 260.6 259.7 253.8 246.4 237.1 226.2 214.4 204.4 196.7 191.8 190.6 190.8 195.9 200.6 207 214.6 224.1 240.4 252.9 261.7 272.3 281 289.2 298 302.7 303.5 306.5 306.4 304.6 312.8
65.9 79.8 89.5 100.9 105.8 118 134.4 146.4 156.7 166.8 174.5 178.8 181.9 185.2 188.9 189.4 190.4 190 193.9 199.6 202.2 204.3 205.7 210 212.2 220 228.5 241.7 250.5 259.5 265.8 268.4 267.8 267.4 268.9 268.8 271.4 276.4 281.8 287 290.4 293.3 290.3 283.2 275.8 270.4 270.5 271.1 265 260.4 261.2 257.2 247.2 237.1 228.9 215 204.8 196.1 191.7 190.3 190.3 195.8 200.7 207.9 217.1 227.2 241.2 254.5 261.6 272.4 283.8 291.1 300.4 305.9 307 308.9 309.3 303.4 312
71.1 81.2 90.3 101.4 110.9 124.2 139.3 150.7 160 170.2 178.1 184.8 186.6 185.5 187.6 189 191 193.8 198.6 204.4 208.5 210.7 213.9 215.8 219 225.3 231.6 243 251.4 260.6 271 272.3 269.8 269.7 270.9 269 270 275.2 279.7 282.6 286.2 288 284.2 278.9 276.4 272.2 269.4 271.1 264.2 265.9 264 259.4 250.4 237.2 225.8 214.2 203.2 196.1 190.8 190.3 193.3 195.5 201.4 210.2 220.9 231 241 253.6 263.1 272.1 285.1 293.7 302.7 307.8 309.2 309.4 309.5 305.7 312.8
74.5 82.8 91.4 101.6 115.5 129.6 143.2 153.9 163.8 173.6 183.5 190.6 189.9 188.7 187.8 191.5 194.7 198.8 204.3 211.2 214.4 217.5 220 220.5 228 232.4 239 244.9 250.1 263.6 275.3 274.8 270.5 272.2 272.2 269.3 269.8 271.3 275.4 277.5 280.2 280.8 278.9 275.5 274.4 272.3 269.9 267.4 266.6 270.6 266.8 262.6 252.7 238.4 223.7 212.6 203.5 196 191.3 193.5 195 198.2 201.9 211.6 222.6 231.8 240.9 252.9 263.9 274.8 283.9 297.8 309.2 311.5 310.5 310.1 307.9 308.8 310.8
77.9 86.3 93.5 106.1 124.4 134.9 145.2 156.7 164.8 174.7 190.8 191.4 189 189 194.1 198.1 204.2 209.5 211.3 217.4 220.9 222.4 223.9 226.6 231.5 236.6 246.9 250 253.9 261 276.2 274.8 271.5 274.7 274 269.4 270.6 269.6 270.8 271.9 274 275.1 272.5 271.2 270.8 271.2 268.9 267.2 269.1 270.9 268.4 264.1 255.2 237.8 221.6 212.7 204.1 196 190.8 192.7 196.3 200.4 207.1 213.7 225.5 233 244.1 253.3 263.6 275.2 282.6 294.6 311.1 315 313.2 311.4 309.3 308.2 310.9
78.9 87.2 96.1 111.4 129 138.5 147.6 157.5 164.6 173.4 191.5 180.1 183.7 194.9 203.6 206.1 212.6 221 222 225.7 225.2 225.6 227 231.3 236.9 243.6 252.1 257.8 261.6 259.5 268.4 271.2 271.9 272.9 270.7 269 267.4 266.3 267.1 267.3 269.3 269.5 269.4 270.7 270.9 273.5 268.9 268.8 271 271.3 268.4 263.5 255.1 234.2 220.3 212.5 205.3 196.3 191.8 193.7 197.9 203.6 208.5 216.4 225.4 234.5 242.9 256.1 264.5 276.2 286.4 294.1 303.9 311.7 312.9 311.5 310.1 309.7 309.1
80 88.6 100.2 114.4 129.7 140 149.2 156.5 164.1 173 179.7 178.9 191 200.7 209.2 215.9 223.2 230.7 228.8 231 230 229.5 232.6 237.2 241.4 246.3 254.1 261.6 261.3 261.3 270.2 274.7 273.2 272 271.2 269.6 265.1 262.1 262.6 264.3 266.2 266.5 269.4 270.8 270.7 270.7 270 270.4 271.7 271.5 267.5 262.7 250.2 231.9 220.8 212.7 205.3 194.8 191.3 189.7 196.8 202.5 209.8 216.5 225.7 234.8 244 254.8 266.5 275.9 286.9 296.3 304.5 305.9 309 310.1 311.2 310.3 310.5
82.3 91.6 104.2 117.3 128.8 139.7 148.8 154.3 161.2 170.5 178.9 185.3 197.1 206.9 214.6 223 229.8 234.2 235.7 236.1 237.2 235.4 239 245.3 248.3 251.4 261 259.3 260.1 263.7 269.2 274 272 271.8 272.7 271.2 261 258.6 260.2 262.1 262.3 266.7 268.8 269.4 270.6 271 276.9 277.9 277 274.2 270.6 264.2 248.3 230.6 218.7 209.1 202.3 194.1 190.4 191.5 198.4 203.5 208.5 215.7 225.4 234.7 243.5 256.1 269 276.2 286.2 294.8 307.1 304.2 307 308.9 311 314.6 314.8
83.1 96.4 112.8 122.3 128 135.6 146 149.6 159.5 169.1 180.9 190.1 201.3 213 220.9 229.1 234.7 239.3 240.1 241.6 241.7 242.1 247.8 254.5 255.5 258 265.8 261.6 260.6 264.1 269.9 273.7 272.3 271.9 270.3 265.1 257.6 257 258.7 260.9 259.5 264.9 269.3 269.8 270.5 271.4 278.2 280.8 279.4 275.3 271.2 260.2 249.6 230.7 217.6 206.1 197.8 192.1 185.5 191.1 197.8 203.4 207.9 214.5 222.6 234.5 242.7 255.7 267.8 278.6 290.2 296.7 299.4 302.6 305.6 308.5 311.2 319.9 321.9
87.8 102.6 115.2 124.1 129.4 136.7 143.9 151.8 161.6 174.9 184.7 193.8 204.8 215.6 224.8 233.5 239.5 241.8 241.9 243.2 245.4 247.8 253.9 262 263.9 263.2 262.3 261.4 259.2 262.5 269.6 274.5 269.6 273 272.9 263.4 254.2 251.9 256.3 258.2 259.5 263.6 270.9 271.4 269.3 275.4 280.3 281.3 280.4 274.4 269.5 257.8 245.2 230.2 215.6 204.6 195.2 190.9 185.4 190.9 197.5 201.6 207 212.4 220.6 230.9 241.4 252.7 265.3 282.5 295.5 294.4 296.5 301.4 305 307.7 314.5 327.3 326.3
91.3 103.8 112.8 123.6 132.8 140 147.8 155.8 166.5 178.4 191.6 197.8 209.4 224 230.5 235.5 241.5 243.7 245.4 248.1 248.3 251.7 259.3 265.5 270.7 269.7 260.5 260.1 259.5 262.5 270.3 271.3 268 273.7 270.8 259.9 248.5 248.3 251.1 255.4 258.6 263.5 266.9 266.3 268.7 275.9 283.1 282.7 280.5 273.9 265.6 250.6 237.7 225.7 214.7 204.4 194.1 187.8 185.4 192.2 197.2 201.5 205.7 210.8 217.2 226.3 238.2 249.9 264.4 279 290.5 287.2 293.9 300.2 304.4 307 312.9 320.3 333.1
92.8 103.2 113.3 124.3 131.3 140.6 148.6 160 171.4 176.9 189.8 202 214.8 227.7 234.6 238.8 242.8 246.3 248 250.7 251.6 255.3 262 269.6 274.8 270.7 260.4 256.5 258.2 266 274.5 269.1 264.5 268.2 262.9 250.7 243 241.6 246.9 251.1 257.8 262.1 264.5 265.2 269.5 278.8 288.4 289 279 273.8 262.6 249.9 233.2 222 212.9 202.1 193.4 186 186.3 192 196.7 201.8 205.9 210.6 214.7 221.6 234.7 248.2 259.8 274.3 280.1 284.5 291.3 302.1 307.1 307.4 310.1 313.5 322.6
97.3 104.7 115.4 125.7 135.2 144.4 153.3 160.4 171.5 177 187.2 199.9 213.2 226.2 237.1 242.7 247.8 251.2 252.6 255.1 256.2 258.9 264.1 271.1 271.4 269.3 259.8 254.6 254.4 261.2 272 267.7 260.3 256.7 253.3 246.2 240.2 238.4 243.2 250.8 257.8 260.6 260.7 265.4 271.6 279.4 287 288.9 278.1 268.9 258.2 246.9 228.5 222.2 212.2 200.7 192.8 186.3 186 189.7 195.1 200.3 206.3 210.2 214.2 218.5 228.8 241.8 255 266 269.7 282.8 290.1 297.4 306.7 307 307.6 310.3 315.9
101.8 109.4 117 128.6 139.8 148.2 157.7 167.3 172.8 178.3 187.7 199.6 214.3 227.9 237.7 247.1 254.7 258.3 257.4 259.4 262 264.7 269.4 270.1 271 267.1 259.9 254 254.5 257.9 264 265.1 255.7 250.6 244.9 242.3 239 235.4 244.1 250.5 256.2 260.4 259.7 266.3 285.4 287 284.7 280.5 278.8 265 253.5 240.2 226.4 222.1 211.5 200 193.4 185.3 180.8 189.2 194.5 198.6 205 208.1 211.5 215.2 222.1 235.6 245.7 254.4 263.2 278.7 287 295.4 302.3 308.3 304.9 307.1 314.4
105.2 113.9 125.1 132.6 139.2 157.3 164 174.2 183.1 185 190.6 200.5 210.7 223.1 236.9 250 260.4 263 263.4 268.9 268 271.5 275.9 270.5 269.5 263.9 260.4 258.4 251.1 250.3 247.2 255 246.9 243.9 238.5 236.1 231 232.9 243.1 248.4 253 256.5 262.8 272.5 289.9 293.1 287.6 278.8 268.3 256.2 248 236.9 225.8 221.5 210.3 199.3 193.4 184.6 175.4 188.6 195.2 198.1 204.3 206.9 210.9 213.6 217.5 228 239.6 247.9 259 267 281.7 291.8 296.3 304.1 304.9 301.1 312.6
107.6 122.7 139.7 145.4 152.4 158.4 164.6 178.8 188 190.5 195.1 204 211.6 218.8 233.4 249.2 260.8 267.1 270.5 280.9 280.4 277.1 281.9 285.3 271.3 266.6 261.5 260.8 256.1 242.5 241.6 241.2 238.4 237.7 233.1 227.8 220.3 232.8 240.9 245.4 249.3 251.2 261.9 275 291.9 294.4 286.1 277.4 266.6 250.7 243.1 230.5 223.4 218.9 205.8 196.6 191.4 181 179 185.9 190.1 195.9 199.9 205 209.3 211.9 213.9 223.6 232.4 241 249.6 260.2 272.5 282.9 295.8 291.9 292.9 295.4 311.9
115.2 134.1 145.2 152.6 164.2 170.6 171.6 178.4 189.6 190.6 196 205.5 218.5 224 234.2 248.2 261.5 272.1 279.8 288.7 291 287.7 286.8 288.5 277 275 271.6 266 256.7 244.3 231.9 231.4 231.8 228.7 223.4 219.2 219.5 231.7 237.1 240.8 246 252.6 260.5 274.3 289.1 289.9 279.7 273.9 262.7 247.1 243.2 228.6 221.7 213.3 198.6 192.4 187.1 176.4 179.1 185.7 188 193 197.7 204.2 205.3 209.3 211.7 215.7 223.7 232.1 238.2 254.2 265.9 278.6 293.9 288.1 280.1 289.5 315.9
120.9 136.9 147.7 159.8 168.6 177.4 181.6 180.4 184.7 190.6 195.8 206.5 218.3 228.1 236.2 247.6 267.8 276.3 285.5 296.5 300 298.7 290.7 285.2 277.6 277.9 275.7 270 262.7 244.2 231.5 222.7 220.7 218.3 214.7 212.9 216.1 222.7 229.5 237.8 243.2 250 256.9 270.6 281 280.4 273.6 269.2 260.3 245.7 238.7 226.4 219.9 209.1 201.4 191.9 182.3 170.8 177.9 183.1 186 190.7 195.7 200.2 201.7 205.4 209.1 211.8 218.3 224.7 228.8 242 252.6 271.5 295 285 273.9 290.4 321.7
121.8 136.5 149.2 159.9 171 181.6 187.9 190.7 190.5 191.3 197 205.4 216.7 228 236 243.9 265.5 282 295.3 303.1 307.3 303 297.9 285.2 277.5 276.4 275.4 269.8 261 238.6 229.2 219.1 213 211.9 209.1 210 214.8 220.6 226.2 232.5 240.4 248.7 255.9 267.5 275.2 275.1 269.9 261.9 252.4 241.5 234.8 226.8 216.9 207.6 202.1 189.7 183.9 173.2 177.8 179 181.6 188 193.8 196 199.2 202.4 204.7 207.9 212 216.5 223.2 231.3 242.5 255.5 271.7 271.3 268.8 284.1 301.1
120.7 135.9 150.5 162.5 172.1 180.9 189 195.5 196 197.6 199 205.2 214.9 228.8 234.7 246.3 270.3 289.6 299.2 304.2 307.3 305.4 300.5 287.7 276.8 270.7 270.9 263.2 250.4 235.7 225.6 218.7 208.3 206.5 208.7 211.3 216.8 222 225.9 230.8 239.1 247.4 256.8 267.3 272.1 271 266.9 256.9 247.7 239.7 233.5 226 215.8 206.8 200.2 188.1 183 176.7 167.4 175.4 179.1 182.8 189.2 192.5 195.4 197.5 200.7 204.7 208.5 212.4 216.8 223.7 235.3 245.5 257.1 259.5 260.3 279.1 288.4
118.9 131.6 148 161 170.3 180.5 189.3 199.7 199.1 201.6 201.9 206.3 215 226.4 233.4 247.5 267 287.5 294.5 303.1 304.9 300.7 297.2 287.3 280.5 270.3 258.9 254.9 242.4 229.9 222.5 212.2 205.8 202.9 207.1 212.5 217.3 221.5 225.5 230.4 239.2 247.8 256.1 265.7 271 268.8 259.4 250 242.4 236.4 232 223.8 214.5 203.7 194 186.2 180.8 175.7 169.1 170.9 175.4 178.3 184 188.2 190 191.9 198 202.8 204.9 207.9 213.7 218.7 225.8 236.7 245 245.5 254.3 272.1 280
117.1 130 144.1 158.8 169.6 180.1 189.3 197.3 204.3 208.4 208 209.4 215.2 224.5 233.9 245.2 256.1 271.9 286.8 295.3 298 294.4 286.5 284.4 283.1 271.1 253.1 244 237.7 225.9 216.6 208 202.2 199.7 203.5 211.2 216.6 222 227.2 232.2 239.5 247.9 255.1 262.5 268.8 263.2 255.5 247.5 241 236.1 230.7 221.6 210.5 198.1 191.3 184.6 178.6 173.1 168.5 167.8 171.8 175.6 180.5 184.1 186.3 188 193.9 199.3 202.5 204.1 206.6 215.3 220.5 226.7 235.1 235.7 248.8 260.9 277.2
112.7 127.4 143.1 158.7 169.7 180 190.9 200.5 210.2 210.6 209 214.4 222.2 231.6 239.4 245.7 253.3 258.9 269.2 283.6 288.7 286.3 279.9 284.4 278.3 270 254 233.3 231.6 220.8 206.7 201.2 198.7 198.9 204 210.6 217.8 224.8 229.8 235.8 241.9 246.3 251.9 258 261.6 257.9 253.2 245.7 238.9 238.4 233.5 226.1 214.4 197.4 188.2 181.6 175.7 169.9 161.2 164.3 168.5 172 175.9 181 182.7 186.2 191 195.7 199.4 201.7 204.5 210.9 218.1 221.9 225.4 240 248.2 254.1 266.4
110.8 125.7 145.1 158.9 169.8 179.9 191.1 202.3 210.5 210.9 215.3 219 226.9 247.1 251.6 250.9 254.4 257.6 264.2 268.3 271 278.4 279.5 278.1 274.4 263.3 254.7 229.1 227.8 216.3 200.7 196 195.9 198.3 203.4 210.3 218.1 226.9 234.5 240 244.1 247.1 249.5 252.9 253.3 252.6 250.5 240.5 235.9 236.6 239.1 231.1 211.7 193.7 185.2 179.2 173.1 169.9 159.9 164 167.6 171.3 173.9 174.3 178 183.3 187.4 191.9 196.1 199.2 201.5 206.1 212.6 215.2 224.6 239.6 249.8 251.3 256.1
106.8 124.1 141.5 154.5 167 180.6 189.7 199.4 208.7 212.4 220.6 226 232.1 250.6 262.5 258 258.3 262.3 265.8 275.4 270.1 273.1 273.7 268.5 260 253.3 249.4 225.8 211.8 206.4 197.1 192.4 195.3 198.7 202.6 209.9 219.7 229 238.1 242.6 246 248.4 250.7 250.8 250.6 250.7 247.3 238.3 234.3 230.6 230.6 231.1 208.7 192.8 183.9 177.8 173.4 167.7 159.1 161.5 165.7 168.2 170.6 171.6 176.2 181.6 184.3 187.8 191.5 196.8 198.8 204.6 209.8 214.1 221.8 237.3 245.6 247.8 252.5
105.2 121.4 137.1 148.9 161.3 174.6 189.3 199.1 208.5 217.2 224.2 229.7 236.4 244.5 262.5 266.7 267.8 261 261.6 273.9 267.4 279.9 278.7 261.5 251.5 238.5 226.1 210.9 203.3 198.5 191.2 190.2 194.6 198.3 202.6 212.2 221.4 230.1 238.7 240.6 245.4 248.2 250.6 250.3 250.6 250.4 244.4 239.1 236.2 231.7 226.6 221.7 205.6 192.5 184.4 178.4 172 164.7 159.2 157.8 162.7 165.4 168.1 169.2 173 181.9 183 184.6 188.1 193.9 196.9 203.5 208 212.2 218.9 232.8 239.7 247.5 256.3
102.8 118.3 129.2 141.3 155.8 172.6 184.4 200.2 211.2 222.2 230.6 231.8 239.5 246.9 258.7 271.8 268.1 261 257.8 258.5 263.6 270.9 281 277.2 256.2 233.6 218.5 205.7 199.8 197.8 190.9 191.5 195.6 198.6 202.9 212.5 221 230.4 236.1 239.3 244.3 249 250.4 250.2 250.5 249.4 247.1 245.4 242.6 239.3 223.9 214.9 205.5 192.5 180 174.5 170.6 163.6 157.9 157.5 161.3 163.3 165.3 167 170 174.4 179.6 183.8 188.3 190 194.4 202.5 205.1 208.3 215.6 227.9 239.4 247.9 250
90.5 110.6 122.7 138.9 154.6 169.7 182.2 193.8 214.4 230.4 231.9 236.2 240.1 246.5 255.4 267.4 270 261.5 255.9 254.6 253.8 260.7 273.9 273.1 263.2 232.3 218.7 202.1 193 192.3 187.1 193.6 196.4 199.1 205.9 211.5 219.5 229.9 235.3 242.4 247.1 251 251.2 250.9 250.2 248.8 248.7 253.3 255.5 249.8 228.1 212.3 209.6 193.6 183.1 177.4 171.8 163.5 156.7 158.3 161.3 163.3 164 164.9 167.3 170.6 175.6 182.1 185.3 190.2 195 200.3 203.8 205.6 210 219.3 230.9 241.3 241.8
75.8 92.5 106.6 123 143.5 158.1 175.8 188 202.3 220.2 227.6 239.7 243.5 245.7 249.3 259.9 264.9 258.3 254.5 253.5 248.7 249.4 257.5 264.2 252.7 234.3 219.2 202.5 190.3 180.3 194.7 195.8 197.3 201.5 208.3 214.6 221.8 227 233.7 243.7 248.4 251.6 253 252.5 251.6 249 249.8 260.8 257.6 252.1 225.9 214.4 205.5 193.3 185.6 179.3 170.2 162.3 156.1 159.2 161.1 162.6 162.3 163.6 164.4 169.8 175.9 184.7 188.8 192 195.8 198.7 202.3 204.8 206.9 212 219.4 232.6 234.8
63.2 74 83.8 100.7 122.7 143.4 160.9 180.6 196.7 207.6 217.9 232.7 241 247.1 250 252.6 256.4 254.3 252.8 248.7 242.8 240.2 243.5 246.2 240.4 237.5 224.1 199.4 180.8 187.2 193.1 195.5 196.7 201.4 209.2 217.7 223.3 226.4 231.2 240.8 250.1 253.8 255.2 255 253.7 250.7 254.2 259.1 254.1 243.8 226.2 209.7 202 193.8 185.6 180.4 174.5 166.7 155.9 157.9 160.5 164.2 161.5 162.4 163.1 168.3 173.3 181.4 187.4 191 194.8 197.9 201.7 203.9 204.6 206.4 217.4 221.2 223.3
55.3 61.8 73.6 88.4 101.8 117 145.7 165.5 185.3 195.2 209.8 226.5 237.5 246.6 250.3 249.5 250.2 251.5 252 247.7 241 230.5 230.1 230.1 233.3 229.1 219 191.9 177.5 187 190.8 193.1 193.5 198.9 208.4 216.3 222.2 227.3 233.5 239.7 248.1 252.4 258.3 258.8 257.7 254.7 258.8 254.3 246.9 237.9 225.6 210.9 203.2 200.7 194.9 187.9 178.7 169.3 160 157.6 167 168.7 161.5 158.3 160.9 164.7 171.7 179.9 182.6 185.7 190.7 197.2 199.8 201.2 202 203.8 215.2 222.1 216.2
43 48.8 57.5 77 89.1 105.3 125 142.5 153.1 177.2 193 212.7 224.7 235.7 243.4 249.9 249.1 249.5 248.7 247.2 241.3 233 221.8 211.4 220.6 215.2 199.3 183.4 177.2 187.7 198.9 196.2 189.5 195.3 204.6 211.6 219.2 226.7 233.6 239.1 246.6 253.5 259.9 261.6 261.3 261 257.9 253.4 245.2 236.3 225.1 213.1 205.7 204.5 200.9 192.7 180.7 169.3 160.8 155.6 170 174.1 162.4 158.3 159 161.4 167.1 178.6 178.7 181 185.3 194.8 196.6 200.8 200.1 202.1 207.7 214.1 208.5
37 38.8 47 60.7 81.4 96.8 111.5 126.1 147.8 167.1 182.5 192.5 210.4 230.5 242.2 250.8 251 249 245.5 243.3 239.3 234.3 224.6 208.6 196.3 202.9 187.2 179.5 174.7 185.9 200.3 189.3 186.6 190.8 199.8 210.2 217.3 224.8 231.7 239.7 247.3 255.3 260.8 262.4 262.8 261.7 259.1 253.7 246.9 239.8 230 218.3 206.6 204.3 201.4 192.3 181.7 170 161.5 158.7 155.8 161.4 157 157.1 157.8 158.8 164.4 170.6 173.4 177 182 189 193.9 195.2 196.5 198.7 203.6 214.2 199.8
32.7 29.8 35.9 50.9 73.2 88.3 106.6 124.8 140.7 157.3 176.4 189 200.1 218.7 235.9 251 254.4 258.6 241.9 240.5 237.1 232.5 219.1 205.2 191.2 185.3 180.2 172.1 174.3 179.7 186.7 181.4 180.3 189.8 198.1 208.4 216.7 224.4 230.7 241.5 248.5 257.1 262.2 264.7 264.9 263.8 262.4 259.9 250.7 241.2 231.9 221.9 209.6 204.5 199.6 192.3 177.6 170.4 163.9 155.9 151.4 156.6 154.1 161.1 158.2 157 159.6 163.8 169.8 172.8 177.6 183.9 187.8 189.5 190 192.2 195.1 201.5 194.1
