Game/Highland_Data/StreamingAssets/GeoData/Data/ns/NS16.asc
ncols 200
nrows 200
xllcorner 210000
yllcorner 660000
cellsize 50
[rows 0 to 36 of 200, columns 0 to 84 of 200]
29.2 30.3 29.1 29.1 29.3 32 31.9 25.5 19.6 20.7 20.6 20.5 20.5 21.2 29.8 29.9 31 31.9 33.7 37.1 39.5 42.7 46.9 52.2 59.7 68.3 76.9 84.6 96.4 106.6 115.2 124.3 135.8 156 176.4 190.3 203.4 224.1 242.6 261.9 264.8 270.5 276.3 282.1 285.4 283 271.6 255.6 250.4 246.4 251.2 260.5 264.2 262.4 258.4 255.4 253.4 251.1 247.9 244.5 240.5 242 244.7 245.2 244.4 244.4 244.8 241.6 238.9 235 228.8 220.5 210.2 199.8 190.8 179 163.8 148.7 135.7 125 112.2 97 87.8 78.6 66.2
23.1 23.2 25.2 28.3 30.3 31.3 31.5 29.1 17.2 20.4 20.2 20.1 19.6 21.8 24 28.8 29.7 30.7 32.9 35.6 38.3 41.1 45 51 57.4 63 74.9 84.6 94.2 102.8 111.3 120.3 136.3 156.8 172.6 186.5 199.6 218.4 235.6 255.5 257 260.8 264.4 271.5 275 276.9 266.4 251.3 247.1 241.6 250.6 259.3 264.3 264 257.1 254.1 251 248.2 243.8 239.3 234.3 235.9 237.7 238.1 236.6 235.6 235.4 231.4 227.7 221 214.7 205 199 190.7 178.9 167 155 140.6 131 121 104.8 93 84.2 72.1 60.1
25.1 26.6 27.8 28.7 30.3 30.5 30.8 31 19.8 16.4 20 19.4 18.9 19.9 22.1 26.7 28.7 29.6 31.5 33.7 36.2 39.7 44.2 48.4 55.3 62.9 72.3 82.6 90.7 98.9 107.4 117.1 135 156.7 170.3 183 195.8 213 230.9 245.6 248.2 251.9 254 261.1 266.2 270.8 262.6 246.7 242.7 240.6 251.3 259 261.9 259.8 254.1 250.5 247.3 244 238.8 235.2 232 220.7 231.8 232.3 230.5 227.9 226.6 224.8 220.9 214.9 206.9 200.5 192.3 182.5 171.1 155.8 147 138.3 127 110.8 98.6 90 79.3 65.1 53.3
25.1 26.2 27.5 28.7 29.4 29.8 30 30.1 21 19 18.8 17 18.6 19.6 20.9 23.5 28 28.3 29.9 32.8 34.7 37.2 41.4 45.1 51.6 59.2 69.9 79.7 87.3 96 104.4 113.6 132.9 154.5 167.9 179.4 192.2 208.7 228 235.4 238.1 241 244.6 252.1 261.9 263.9 253.9 241.2 238.7 237.2 251.3 257.1 256.6 254.9 250.3 246.5 243.3 239.1 234.9 231.7 227.7 218.7 225.7 226.1 223.7 220.6 219.8 218.6 215.3 209.4 201.2 193.8 185.4 175.7 165.2 153.4 142.9 131.9 120.7 106.7 94.7 85.7 73 56.9 48.5
24.6 26.1 27.5 28.1 28.6 29 29.1 29.1 29.1 19.6 17.7 17.8 17.5 18.8 20 21.6 27.1 27.4 28.2 30.9 33.1 35.5 38.4 42.7 49.2 57.5 66.9 75 83 90.8 101 110.1 130.6 150.1 163.8 174.5 187.6 205.4 221.6 226.5 229.1 230.7 236.3 245.5 252.6 252.4 243.2 238.1 235.1 236.3 248.5 253.2 252.3 250.1 246.4 242.4 239 234.5 230.6 227.2 223.3 217.4 217.9 218.2 216.9 214.5 213 211.2 208.3 201.9 192.9 187.4 178.3 168.7 159 147.4 136.6 126.1 116 103.6 91.7 79.8 67 54.9 41
21.4 25.8 27.1 27.4 27.8 28.3 28.6 28.8 28.7 28.1 17.6 17.5 17.6 17.4 18.7 21.7 26.4 26.7 26.8 28.9 31.3 33.4 36.7 41.4 47.8 55.1 63.4 71.6 79.7 86.8 96.9 108.4 129.4 145.8 159.4 170.1 182.1 201.5 213 216.8 219.1 221.3 227.7 236.2 243.4 244.1 237.4 233.4 230.4 234.6 244.9 248 248.5 245.7 242.2 238.7 233.7 229.6 226.4 224.3 219.5 215.9 207.7 211.5 211.1 208.8 207.9 205.4 200.6 194 187.3 178.8 169.9 161.2 152.6 141.4 130.3 120.7 109.2 95.6 84 72.4 59.3 48 32.6
21 24.8 26.4 26.9 29.4 29.3 28.8 28.6 28.3 27.6 17.2 16.9 16.7 15.5 19.5 20.7 25.4 25.4 26.1 27.5 29.8 32.5 35.3 39.4 45.3 52.4 60 67.1 72 83.6 92.8 109.6 127.8 142.6 155.4 167.4 179.8 195.4 203.9 208.1 210.5 211.9 218.4 227 235.8 236.7 230.9 227.8 223.4 232.8 241.9 244.3 243.3 240.7 237.7 234.5 230 225.8 222.2 218.2 215.2 211.7 207.2 197.5 202.4 202.4 201.5 199 193.3 186 179.5 171 162.9 154.8 145.9 135.5 124.9 115.3 102.6 89.3 77 65.8 53.9 40.1 21.3
23.8 25.5 25.9 29 28.9 28.9 22.9 22.5 22.3 20 16.7 16.3 16 15.9 18.1 20 24 24.9 25.3 25.7 27.7 30.4 33.4 36.5 42.7 50.8 57.2 63.1 74.5 83.2 96 111.2 126.7 140.7 152.4 163.9 175.1 188.6 194.5 199.2 200.3 202.5 209.9 219 228.3 228.8 225.1 222.1 221.3 230.2 236.5 238.2 238 235.8 233.4 230.1 226.3 221.6 216.7 212 208.6 204.9 200.8 195.6 195.3 196.2 194.5 191.3 184.5 179.2 171.4 163.3 155.5 147.4 137.6 128.7 120.1 109.9 96.6 82.5 72.3 60.1 48.2 31.6 11.3
26.6 28.4 28.8 28.2 28 29.1 22.5 22.3 17.4 20.6 18.1 15.9 15.6 15.4 17.1 19.4 22.3 24.3 24.5 24.5 26.8 29.3 31.4 34.6 42.4 50.3 53.3 64.2 75.5 82 94.4 112.9 127.1 140.6 152.4 161.2 169.1 180.6 185.5 187.8 192.1 196.2 203.9 213 219.9 220.1 218.5 217.2 217.6 223.1 229.7 232.2 232.4 231.2 228.9 226.5 222.3 216.4 210.1 203.6 200.7 198.9 195.3 188.1 190.3 190.6 189.2 184.3 177.5 171 163.9 155.6 148.2 140.3 130.8 123.2 115.4 104.7 90 77.7 65.5 53.6 41.4 23.2 8.7
27.8 28.5 28.2 27.5 27.1 25.7 22.5 22.1 21.6 17.7 16.4 15.7 15.2 11.8 16 17.7 21.6 22.9 23.3 23.7 26 28.8 30.9 34 40.7 43.1 57.9 66.1 74.2 81 92.9 112 127.7 140.1 153.2 158.1 163.5 170.2 173.6 179.3 185.9 191.5 199.4 205.7 211.5 211.4 211.4 209.7 212.9 217.4 223.1 226 226.6 225.7 223.3 220.9 216.9 211.1 203.7 196.5 192.7 191.9 189.3 181.3 181.1 184.8 183.4 177 170.3 164 158.3 150.2 143.1 135 126.9 118.5 109 97.4 83.3 71.3 59.5 48.7 35.7 17.3 6.7
28.3 28.1 27.2 25.8 26.2 25.2 21.6 20.8 18 15.2 14.5 14.8 15.2 14.7 14.7 16.7 18.9 22.9 22.8 23.1 24.6 27.8 31 34.3 39.8 48.3 56.8 65.1 72.6 79.2 93 113.8 125.5 135.8 145.9 152.7 156.5 161.7 168.2 172 179.3 185.5 192.8 199.2 202.6 202.4 198.8 203.5 208.7 212.3 216.6 219.3 219.7 219.5 217.3 214.9 211 205.3 196.7 190.3 186.7 185 183.4 178.2 176.8 177.9 174.8 169.7 162.2 156.5 151.1 144.1 136.9 129.7 122.5 114.6 103.8 92.8 77.1 65.7 53.8 41.3 21.9 8.2 4.8
28.6 27.5 25.5 24.8 24.4 24.8 25.5 19.9 17.5 14.2 14.2 14.3 14.5 13.6 14.7 17.3 21.9 22.4 22.1 22.5 23.8 27.3 30.2 33.1 39.1 46.8 55 63.2 70.9 77.6 95.5 114.2 124 133 141 146.1 149.3 155.2 161.2 163.6 170.6 178.3 185.5 192.2 193.9 193 194 200 203.2 206.7 210.3 212.6 213.1 212.9 211.4 208.6 205.8 201.4 192.1 183.7 180.8 178.3 177.7 173.6 171.5 171.6 168.1 163 154.7 149 143.5 137.2 131 123.3 116 108.2 97.7 85.7 72.2 59.6 47.9 28.1 11.2 7 2.8
28.3 27.2 25.3 24.8 24.1 23.9 24.1 19.6 14.7 13.8 13.9 14.2 14.4 13.9 15.9 17.8 21.1 21.5 21.8 22.1 23.5 25.7 28.5 31.7 37.3 45.4 53.6 61.7 69.7 78 95.3 110.9 121.4 129.1 135.2 139.4 144.7 150.6 154.4 157.9 164.1 171.5 178 184.9 185.8 182.1 190.7 195.1 197.6 202.2 204.5 205.5 206.6 206.4 204.3 202.7 200.3 196.2 187.4 179.6 173.2 171.1 171.1 168 163.6 164.7 161.3 154.9 148.3 142.4 136.4 130.4 125.4 118 110.1 102.3 93.6 78.3 64.7 52.9 39.4 16.3 8.6 5.8 1.8
27.9 27.8 25.8 24.6 24 23.3 22.8 19.2 12.3 13.7 13.3 12.9 12.7 10.3 16.2 18.9 21.3 21.1 21.3 21.7 23.1 25 27.3 31.4 37.3 44.4 51.5 59.6 67.6 76.9 94 106.1 116.8 123.2 129.2 133.2 138.4 144.1 149 152.9 157.6 164.5 171.4 177.5 178.6 181.2 185.7 189.4 192.2 196.6 198.1 198.5 200.3 199.5 197.5 195.8 194 190.1 181.4 173.5 167.1 162.5 164.3 161.3 157.2 157.9 153.8 147.1 142.7 136.4 130.2 125.8 120 111.1 103.9 98 86.9 71.3 58.2 47.4 23.3 9.4 6.4 5 1.6
27.9 28.6 25.6 24.3 23.7 22.6 21.3 14.2 11.4 13.1 12.8 12.6 12.7 11.3 15.8 20.1 20.2 20.6 20.7 21.2 22.7 24.4 27 31.6 36.9 43.4 50.1 57.1 65.1 74.3 88.5 104.9 113.6 120.3 125.2 129.4 132.6 137.9 143.3 147.8 152.5 158.3 164.7 170.6 168.8 176.6 180.1 183 186.8 190.2 192.6 193 193.1 192.5 191 189.1 187.6 183.7 175.4 169 162.6 152.3 156.7 154.9 150.3 150.3 146.8 141.6 138.7 132.6 126.5 120.9 113.9 104.9 98 91.3 79.9 63.6 52.9 35.4 11 7.3 5.2 2.2 1.3
28.5 29.5 26.4 24.2 23.3 23 22.9 12.5 11.4 12.4 12.2 12.3 12 14.2 18.8 19.7 19.8 19.9 20.1 20.8 22.2 25.4 27.5 31.2 36.3 42.5 49.1 55.6 63.9 77.1 92 105.6 111.9 116.8 120.2 124 125.6 133.4 137.8 142.2 146 151.9 158.4 163.4 166.8 171.2 174.4 177.7 181.7 183.9 186.7 187.4 186.6 187 185.1 183.3 180 175.7 167.9 163.6 158.1 147.9 149.9 147.8 145.4 143.6 140.4 137.6 133.9 128.4 122.9 117.2 111.1 101.8 92.8 84.1 73.3 55.7 46.1 19.2 9 6.5 1.9 1.1 0.7
29.4 30.5 27.9 23.7 22.9 22.8 17 11.1 11.2 11.8 12 12.1 9.7 11.7 15.6 18.8 19.2 19.2 19.5 20.4 21.6 23.5 26 28.9 35.8 42.3 48.9 55.1 63.7 77.1 90.6 102 108.5 112.9 115.2 119.1 120.8 124.9 130.5 135.3 140.8 146.1 151.9 148 160.6 165.3 168.9 172.5 175.8 177.8 180.8 181.5 181.6 180.8 178.4 176.5 173 167.4 160.5 157 150.6 141.6 141.4 140 136.7 138.5 136.5 132.5 128.2 121.9 118.1 113.6 105.7 96.3 87.2 78.3 64.5 48.6 28 12.6 7.4 5.4 1.3 0.1 0
29.8 31.5 29.1 24.8 22 19.9 14.1 9.8 10.6 11.6 11.7 11.8 9.5 12.1 13.5 17.6 18 18.4 19.3 20.2 21.1 22.6 24.4 27 34.4 42.1 48.4 54.6 63.5 75.8 89 99.2 104.7 109.2 108.6 112 118.1 119.7 123.4 129.6 135.8 140.2 141.4 151.7 157.1 160.5 164.3 167.5 169.2 170.7 174.4 175.2 175.3 173.5 170.5 168.7 165.5 160.1 154.4 150.3 143.8 137.7 136.3 135.4 130.5 132.6 131.4 128.5 122.3 119 114.7 108.4 97.8 89.5 81.4 70.5 54 43.9 20.5 9.6 6.8 2.1 -1.1 -1.1 -1.1
30.1 32.4 31.8 25.3 20.9 15.7 9.3 9.9 10.2 11.3 11.6 10.4 11.4 12.4 13.4 17 17.4 17.9 18.5 19.8 20.7 22.4 24.1 26.3 33.9 40.8 46.3 52.5 63.6 73.8 85 95.1 101 103.6 103.9 109.2 112.7 113.8 116.6 124.9 130 131.6 138.7 145.8 152.8 156.7 160 162.2 163.3 164.7 167.9 168.8 167.7 164.7 162.5 161.1 158.2 153.6 148.4 144.2 139.7 133 131.4 130.8 128.6 126.3 124.5 121.8 116.8 114.1 110.8 101.1 91.8 82.1 71.7 61.1 48.6 39.6 15 7.5 5.6 1.4 -1.1 -1.1 -1.1
31.6 34.6 34.1 27.5 20.2 18.7 8.9 9.9 10 10.3 11.2 11.1 11.7 12.4 14.8 16.6 17 17.4 17.8 19.2 20.3 22.6 23.8 25.9 33.3 39.4 45 51.9 61.8 71.5 82.1 90.9 97.1 99.7 102.2 105.2 106.5 106.9 112.7 118 123.3 129.5 133.4 141.2 147.2 152.1 154.6 155.7 156.5 158.5 160.6 160.3 159.6 157.1 154.3 153.1 150.2 145.8 140.8 138.2 134.5 129.9 125.9 124.7 121.7 119.5 117.2 113.6 110.6 108.3 101.5 92.1 83.3 73.3 65.3 55 43.1 32.7 9.5 6.2 2.9 -1.1 -1.1 -1.1 -1.1
32.4 36.6 32 23.8 19.5 18.7 18 8.4 9.2 9.5 7.4 10.4 11 11.7 13.1 16.3 16.7 17 17.3 18.1 20.4 22.4 23.6 25.5 31.9 37.3 43.8 50.7 59.8 69.6 79.7 88 93.4 95 98.2 101.6 101.7 101.4 107.3 112.4 119.7 125.2 128.5 134.9 142.2 147.7 150 150 150.7 151.7 153.4 153.4 152.3 149.9 147.2 144.7 142.5 139.5 135.7 133.3 131 127 120.9 117.9 115.2 110.7 110.2 107.5 104.7 98.9 91.8 83.5 74.8 66.6 51.2 47.6 36.4 20.5 7.3 5.5 1.2 -1.1 -1.1 -1.1 -1.1
30.9 32.6 26.4 20 18.7 18.1 17.3 8.5 9.1 9.6 7.5 9.9 10.6 11.2 11.7 15.9 16.3 16.6 16.9 17.5 20.6 21.4 22.5 23.8 29.9 36.6 43.8 48.1 58.4 68.4 76.5 84 88.9 88.1 94.3 96.4 91.5 95.5 102.3 109.4 116.4 120.8 124.9 131.4 138.1 142.4 144.5 143.8 145.2 146.6 147.5 146.9 145.8 143.3 140.6 139.1 136.6 134.1 130.5 127.9 126 122.2 116 111.2 108.2 107.4 104.1 101.1 97.1 90.8 83.9 76.5 69 61.3 52.6 42.8 22.2 9.8 6.3 3.7 -1.1 -1.1 -1.1 -1.1 -1.1
28.6 27 23.3 19 18.2 17.2 17.1 8.3 8.6 8.8 6.5 9.5 9.5 10.3 11 14.3 15.6 15.9 16.3 16.5 18.3 19.7 21.1 22.3 28.3 35.3 42.1 45.9 56.8 65 72.7 80.4 84.5 86.5 91.2 89.6 82.1 91.1 98.4 105.1 110.6 115.8 119.8 125.9 132.8 136 137.6 137.9 139.2 140 140.5 139.4 139.8 137.1 133.6 131.5 130.4 127.8 124.7 121.6 118.8 115.4 110.5 106.5 103.7 100.5 96.2 93.8 88.9 82.3 77.1 70.8 64.5 57.1 47.7 38 12 8.2 5.7 1.6 -1.1 -1.1 -1.1 -1.1 -1.1
27 25 20.7 17.9 16.8 16.3 16.2 8.3 7.9 8.4 9 8.3 8.9 9.6 10.3 11.7 15 15.4 15.8 15.6 17 18.2 19.5 22.2 26.1 35.1 39.8 45 56.7 63.2 70.6 77.6 80.1 82.5 87.1 83.9 77.9 87.3 94.1 100.8 106 110.6 115.2 120.7 127.6 130.1 130.3 131.3 132.2 133 132.6 131.4 134 132.3 127.2 125.6 123 120.2 117 114.3 111.5 108.3 104.6 99.8 94.2 92.8 84.7 87.6 83.9 77.5 72.1 67.5 61.8 54 43.2 31.7 8.6 6.7 5.4 1.8 -1.1 -1.1 -1.1 -1.1 -1.1
26.7 22.4 18.2 16.6 15.8 15.5 11.3 7.4 7.7 7 5.1 7.8 8.8 9.2 10.1 13 14.7 15 15.1 14.7 15.8 18.4 19 20.4 24.4 34.7 39.4 42.2 55.6 62.1 69.4 75.5 75.8 79.1 82.7 78 75.4 83.2 89.6 96.8 102.2 106.8 112.1 117.6 122.3 124.3 124.5 124.8 125.4 125.3 125.9 125.3 125.7 125.1 119.4 117.6 114.7 112.1 109.7 107.3 104 100.8 96.2 92.9 87.5 85 84.1 74 78.5 73.6 69.2 64.7 59.5 50.2 40.6 9.5 6.6 5.7 5 1.6 -1.1 -1.1 -1.1 -1.1 -1.1
28.9 27.6 16.9 15.6 15.1 15 12.8 7.1 7.3 7.3 5.8 7.5 8.3 9.1 10 12.3 14.1 14.4 14.4 14.1 15.9 17.9 18.7 19.6 22.3 31.8 39 42 54.1 60.1 66.9 71.2 71.9 75.4 77.6 70.6 70.3 79 86.2 93.3 98.4 103.4 108.4 113.5 117.1 119.6 119.7 119.3 118.5 119.2 119.6 119.2 118.5 116.3 112.3 109.8 106.1 105.5 104 100.3 96.3 94.4 90.8 87.5 82.8 77 71.3 65.1 72 70 65.3 61.9 56.3 47.1 30.2 7.5 5.8 5.1 4.2 -1.1 -1.1 -1.1 -1.1 -1.1 -1.1
27.9 26.4 15.2 14.6 14 13.2 13.2 12.4 7.5 7.7 5.9 7.1 7.6 8.5 9.9 11.3 12.9 13.6 14 13.8 14.7 17 17.5 18.5 20.8 30.6 36.3 42 51.5 57.9 63.4 67 68.4 71.2 68.9 61.9 65 73.6 81.9 88.4 95.3 99.5 104.5 108.9 112 113.8 113.2 112.8 113.3 114 115 114.6 111.5 108.1 105.6 103.4 99.2 98.8 96.2 91.9 88.2 86.7 84.8 82 78.8 74.7 68.9 60.7 66.2 67.1 61 57.1 51.8 42.8 14.8 6.7 5.5 5.1 1.9 -1.1 -1.1 -1.1 -1.1 -1.1 -1.1
23.2 15.9 14.4 13.1 13.6 13 11.8 11.9 12.3 6.7 5.4 6.7 6.8 8.2 9.5 12.6 12.1 13 13.2 13.6 14.2 14.3 15.2 17.4 20.2 29.8 37.1 40.9 49.5 55.1 60.5 63.3 64.3 63.3 60.9 57.3 62.4 69.1 79 86.1 92.2 96.5 100.2 103.5 105.5 107.5 107.5 107.8 108.7 109.1 109.3 108 104.6 100.2 97.8 96.8 91.9 93.3 88.7 84.1 81.8 80.4 79 77.8 74.3 70.6 66.5 58.9 63.2 61.6 55.6 50.9 45.6 38.2 8.9 6.1 5.2 4.4 1.1 -1.1 -1.1 -1.1 -1.1 -1.1 -1.1
15.1 13.1 11.3 10.7 9.7 11.2 9.8 9.5 5.5 7.4 5.2 6.5 6.6 7.2 9.2 10.5 11 12.4 12.8 12.5 12.5 13.1 14.3 15.7 19.4 30.8 36.6 41.6 48.6 52.2 57.2 60.2 61.3 59.6 53.6 55.6 61 66.4 76.6 83.5 88.4 93 96.4 97.8 100 102.8 102.3 102.9 103.3 103.1 102.7 100.6 97.4 94.4 91.2 89.9 86.4 87.9 83.3 78.4 76.3 74.4 73.5 73.1 69.2 65.4 62.3 53 59.3 56.6 50.6 45 38.6 31.5 7.5 5.7 5 1.6 0.6 -1.1 -1.1 -1.1 -1.1 -1.1 -1.1
10.5 9.8 9.4 7.5 8 8.4 8.4 7.6 5 5.5 5 6.1 6.4 7 8.7 9.8 10.1 11.2 11.2 11.4 11.4 11.7 13.2 14.6 18.6 27.5 35.8 39.6 46.8 50.4 54.6 58 59.3 55.9 46.9 54.3 60.5 65.9 74.2 80.3 84.8 88.5 91.4 92.9 95.2 97.9 96.6 96.9 97.8 96.8 94.9 92.4 90.1 87.8 85.3 83.8 81.1 81.8 78.3 73.6 69.9 68.2 67.8 68.8 64.7 61.2 58.3 45.8 52.8 51.3 47.1 41 34.6 24 6.8 5.8 5.1 1.9 0.4 -1.1 -1.1 -1.1 -1.1 -1.1 -1.1
7.9 8 7.5 7.7 7.8 7.4 7.2 4.6 5 4.2 5.1 5.2 5.3 5.5 5.1 5.1 5.4 8.4 9.7 10.5 9.9 11.1 11.5 12.4 18 25.7 34.1 38.6 44.1 48.4 51.6 55.8 56.8 52.9 47.1 52.3 58.2 64.1 70.6 76.7 80.8 84.3 86.6 88.2 90.6 92.1 91 91.6 91.6 90.2 87.5 84.8 83.9 82.9 80.4 77.4 74.1 75.3 71.5 67.6 63.9 61.1 63.3 62.4 59.5 56.6 53.2 46.3 47.3 46.3 43.6 37.4 31.4 19.9 7 6.2 5.4 2.1 0.4 -1.1 -1.1 -1.1 -1.1 -1.1 -1.1
7.3 6.4 7.5 8.2 8.1 7.5 3.4 4.6 3.4 4.7 5.3 4.7 4.7 5.2 5.2 4.9 4.3 7.3 8.6 8.7 8.8 9.7 10 10.4 14.2 24.2 30.7 36.1 43.7 45.6 47.8 51.9 52.7 49.2 42.9 48.4 54.5 60.5 66.5 72.4 76.4 80.1 81.9 83.4 85.9 86.4 85.4 85 83.5 81.5 79.9 78.2 76.9 76.4 74.5 71.5 67.2 67.1 64.9 61.6 57.9 55.1 58 56.5 53.8 50.5 47.7 41.9 46.4 43.5 40.1 34.3 28.8 10.7 6.7 6 5.3 4.1 0.3 -1.1 -1.1 -1.1 -1.1 -1.1 -1.1
7.9 8.2 7.9 7.7 7.6 5.4 2.5 4.5 4.4 4.4 5.9 5.3 4.7 4.9 4.9 4.4 3.9 5.3 6.1 6.5 6.9 7.9 8.3 9.2 11.7 21 26.9 33.3 41.4 42.5 43.6 47.8 48.5 44.4 40.5 46 52.6 58.4 62.8 68 71.8 75.2 77.3 78.6 80.7 81.8 80.4 79.2 76.9 74.3 73 72.5 71.2 69.6 68.4 66.3 61.5 60.6 58.1 55.5 52.7 51.7 52.6 52.4 49.9 43.8 41.5 42.6 43.1 39.9 35.8 31.4 12.8 8.3 6.5 6.1 5.3 2.2 -1.1 -1.1 -1.1 -1.1 -1.1 -1.1 -1.1
7.3 7.3 6.7 6.1 5.1 2.5 5.2 6.4 4.7 4.4 5.9 6 5 4.3 4.5 4.1 3.4 4.5 5.5 5.6 5.9 6.3 6.9 7.9 10.4 17.1 26.9 30.9 35.9 39.6 40.3 43.8 44.1 40.9 38.1 44.9 49.7 54.6 59.6 63.4 67.1 70.6 73.4 74.9 76.3 77.6 75.8 74.4 73 68.3 68 67.2 67.2 63.9 63.5 61.9 57 53.3 51.8 49.9 47.9 47.9 48.3 47.4 44.3 39.6 39.1 40.4 38.9 35.7 31.8 27.2 11.4 7.3 6.5 6 5.5 2.7 -1.1 -1.1 -1.1 -1.1 -1.1 -1.1 -1.1
6.7 6.2 5.6 4.4 3.7 6.9 8.3 8.9 8.7 8 7.4 6.4 5.3 4.8 4.5 3.2 3.3 3.5 6.3 5.7 5.9 6.3 6.3 6.6 9.3 14.9 23 28.6 32.9 36.6 37.2 40 39.6 34.4 36.1 41.8 45.4 50.5 55.2 58.8 62.6 67.8 70.4 71.7 73.6 73.6 72.2 69.2 68 62.5 63 62.4 60.5 58.9 58.9 56.7 54.9 49.1 46.9 44.9 43.2 42.6 43.3 41.7 37.1 35.2 38.3 38.3 34.8 31.6 28.2 25.8 9.5 6.6 6.4 6 5.1 1.9 -1.1 -1.1 -1.1 -1.1 -1.1 -1.1 -1.1
5.8 5.8 6.4 3.8 4.3 5.5 7.1 8 9 8.7 7.8 7 6.2 5.5 4.9 3.4 3.3 3.5 6.8 6.5 6.4 6.5 6.4 6.4 9 14.9 21.2 25.5 30.1 33.7 34.5 35.5 35.7 30.7 32.4 39.3 42.9 47.9 52.4 55.8 59.1 63.9 65.8 66.3 69.6 70.1 68 64.4 61.4 57.2 55.7 55.7 51.2 52.3 53 51.5 50.6 45.9 42.5 40.3 39.3 37.8 38.2 36.9 33.4 30.8 34.5 33.5 30.8 27.3 23.1 12.6 7.7 6.6 6.3 5.7 5 -1.1 -1.1 -1.1 -1.1 -1.1 -1.1 -1.1 -1.1
-1.1 5.8 6.3 5.7 -1.1 -1.1 4.9 5.9 6.6 7.5 7.2 6 5.1 4.7 4.6 3.3 3.2 3.7 4.3 4.4 4.5 5.1 6.5 6.8 8.9 13.5 19.3 23.4 27.9 30.7 30.7 31.3 31.3 27.9 27.7 35.5 40 46 49.4 52.3 55.2 58.3 59.9 62.1 65.7 65.3 63.1 59.8 54.3 51.4 49.1 47.6 45.5 46.3 46.5 46.2 45.4 40.6 38.1 36.5 35.4 33.7 34.3 32.9 30.6 27.9 30.3 28 25 21.5 18.5 8.8 7.7 6.7 5.7 5.6 2.2 -1.1 -1.1 -1.1 -1.1 -1.1 -1.1 -1.1 -1.1
