Game/Highland_Data/StreamingAssets/GeoData/Data/ns/NS17.asc
ncols 200
nrows 200
xllcorner 210000
yllcorner 670000
cellsize 50
[rows 108 to 143 of 200, columns 80 to 159 of 200]
334.7 344.3 358.5 363 364.3 366 368.4 369.8 370.5 363.7 354.8 345.3 338.9 337.3 335.9 334.5 333.5 333.2 329.5 318.4 308.6 300.2 295.4 292.7 285.2 274.1 261.5 247.4 225.4 204.7 184.5 167.1 151.3 133.5 123.8 113.8 104.7 94.8 91.2 95.5 100 108.6 125 136.2 133 127.4 120.1 106.4 75.7 43.3 37.3 13.1 -1.1 -1.1 -1.1 -1.1 -1.1 -1.1 -1.1 -1.1 -1.1 -1.1 -1.1 -1.1 -1.1 -1.1 -1.1 -1.1 -1.1 -1.1 -1.1 -1.1 -1.1 -1.1 -1.1 -1.1 -1.1 -1.1 -1.1 -1.1
338.7 352 361.9 364.3 366.6 368.3 369.6 370.7 370.5 362.5 351.5 341.3 335.8 334.7 333.9 332.9 332.3 331.1 324.9 316 306.4 301.5 296.5 291.9 282.9 273.8 259.7 244.6 221.9 206.3 185.1 162.8 147.9 131.9 119.3 108.9 100.2 91.1 80.4 86.9 93.9 105 119.7 127.7 126.2 119.5 110.6 92.5 49.5 22.3 11.5 7.7 -1.1 -1.1 -1.1 -1.1 -1.1 -1.1 -1.1 -1.1 -1.1 -1.1 -1.1 -1.1 -1.1 -1.1 -1.1 -1.1 -1.1 -1.1 -1.1 -1.1 -1.1 -1.1 -1.1 -1.1 -1.1 -1.1 -1.1 -1.1
342.3 353.9 361.5 365.4 367.7 369.2 370.4 371.4 369.1 358.8 347.7 338.7 333.7 330.8 329.7 328.8 329.1 327 322.7 313 305.5 302.3 296.9 289.9 281.9 273.1 261.3 245.6 228.7 208 189 167.1 148.4 132.8 114.2 104 92.1 86.9 80.4 78.9 88.6 103 111.6 117.1 115.4 110 98.8 85.8 62.8 30.3 17.5 -1.1 -1.1 -1.1 -1.1 -1.1 -1.1 -1.1 -1.1 -1.1 -1.1 -1.1 -1.1 -1.1 -1.1 -1.1 -1.1 -1.1 -1.1 -1.1 -1.1 -1.1 -1.1 -1.1 -1.1 -1.1 -1.1 -1.1 -1.1 -1.1
343.2 354.3 361.6 365.2 368.1 369.7 370.8 371.6 364.8 354.6 344.1 336 331.4 327.4 325.3 325.7 325.8 323.9 318.5 309 304 299.4 294.8 287.6 280.3 270.1 258.3 249 237.3 217.5 195.9 174.8 154.2 140 120.4 99.8 85.3 80.3 77.7 75.5 84.7 95.3 101.4 105.3 104.4 99.2 87.3 75.3 52.6 28.4 8.4 -1.1 -1.1 -1.1 -1.1 -1.1 -1.1 -1.1 -1.1 -1.1 -1.1 -1.1 -1.1 -1.1 -1.1 -1.1 -1.1 -1.1 -1.1 -1.1 -1.1 -1.1 -1.1 -1.1 -1.1 -1.1 -1.1 -1.1 -1.1 -1.1
345.3 353.6 360.6 364.9 368.4 370.1 371.4 369.3 362.8 354.1 340.4 333 328.3 324.8 322 322.1 321.5 317.5 312.8 306.8 301.8 296.8 291.8 285.4 278.5 275 265.1 255.8 242.7 222.9 201.4 180.9 161.3 145.5 126.3 105.6 86.6 70.1 72.9 69 77.3 88.3 96.1 95.6 93.1 86.5 74.8 63.3 40.8 20.8 6.6 -1.1 -1.1 -1.1 -1.1 -1.1 -1.1 -1.1 -1.1 -1.1 -1.1 -1.1 -1.1 -1.1 -1.1 -1.1 -1.1 -1.1 -1.1 -1.1 -1.1 -1.1 -1.1 -1.1 -1.1 -1.1 -1.1 -1.1 -1.1 -1.1
345.5 353.1 358.2 362.8 367.5 370.6 369.5 367.1 360.9 350 335.4 329 324.7 322.6 320.7 318.1 316 312.5 307.3 303 298.7 293.8 288.7 283.5 281 274.6 265.1 253.1 241 219.8 200.4 180.7 161.9 145.5 129.6 108.3 87.4 69.8 67.1 66.2 72.1 81.1 89.2 89.5 83.5 74.4 62.8 49.8 35.2 13.8 -1.1 -1.1 -1.1 -1.1 -1.1 -1.1 -1.1 -1.1 -1.1 -1.1 -1.1 -1.1 -1.1 -1.1 -1.1 -1.1 -1.1 -1.1 -1.1 -1.1 -1.1 -1.1 -1.1 -1.1 -1.1 -1.1 -1.1 -1.1 -1.1 -1.1
346.2 351.6 356.8 361.5 366.1 368 367.7 364.5 358.9 346.5 331.4 325.4 320.8 317.8 317.2 314.5 310.8 308.1 303.4 299.2 295 290.7 285.7 281.8 279.8 271.5 261.3 249 235.8 215.4 197.4 178.3 161.7 145.4 128.7 110.3 89.4 71.4 61.9 61.4 68.5 74.6 81.2 83.8 76.3 64 53.8 39.8 28.3 8.4 -1.1 -1.1 -1.1 -1.1 -1.1 -1.1 -1.1 -1.1 -1.1 -1.1 -1.1 -1.1 -1.1 -1.1 -1.1 -1.1 -1.1 -1.1 -1.1 -1.1 -1.1 -1.1 -1.1 -1.1 -1.1 -1.1 -1.1 -1.1 -1.1 -1.1
346.7 349.7 355 360.1 364.2 364.9 364.9 362.2 355.2 340 326.9 320.1 315.1 313.5 313.1 311 307.2 303.6 299.4 295.2 291 286.9 282.7 279.1 275.7 267.1 257.1 244.9 230.6 211 194.1 178.8 162.1 144.5 128.3 112.8 92.7 74.3 57.3 59.8 63.9 68.5 72.5 78.2 69.9 59.1 47.3 29.3 19.7 -1.1 -1.1 -1.1 -1.1 -1.1 -1.1 -1.1 -1.1 -1.1 -1.1 -1.1 -1.1 -1.1 -1.1 -1.1 -1.1 -1.1 -1.1 -1.1 -1.1 -1.1 -1.1 -1.1 -1.1 -1.1 -1.1 -1.1 -1.1 -1.1 -1.1 -1.1
346.2 349.2 352.8 358.2 362.1 362.8 362.9 357.8 350.1 337.3 322.4 313.4 309.6 310.2 310 306.9 303.2 299.4 295.5 291.1 286.9 282.8 279.6 276.3 271.5 262.1 252.7 239.7 224 206.9 190.8 178.9 163.1 146.2 130.9 114.9 96.3 77.5 61 49.5 53.9 57.4 60.7 69.5 61.7 54.9 37.3 21.9 9.6 -1.1 -1.1 -1.1 -1.1 -1.1 -1.1 -1.1 -1.1 -1.1 -1.1 -1.1 -1.1 -1.1 -1.1 -1.1 -1.1 -1.1 -1.1 -1.1 -1.1 -1.1 -1.1 -1.1 -1.1 -1.1 -1.1 -1.1 -1.1 -1.1 -1.1 -1.1
344.3 347.6 351.5 355.9 358.8 360.5 358.6 352.5 344.6 332.4 318.2 308.8 304.4 305.8 306.7 302.8 299 295.3 291.5 287.4 282.9 279.9 276.7 273.4 266.9 257.2 246.9 234.3 219.8 202.5 189.3 177.4 163.6 148.4 131.4 113.5 96.5 77.3 62.3 51.3 31.6 51.4 51.3 55.8 56.9 40.1 22.2 9.7 2.5 -1.1 -1.1 -1.1 -1.1 -1.1 -1.1 -1.1 -1.1 -1.1 -1.1 -1.1 -1.1 -1.1 -1.1 -1.1 -1.1 -1.1 -1.1 -1.1 -1.1 -1.1 -1.1 -1.1 -1.1 -1.1 -1.1 -1.1 -1.1 -1.1 -1.1 -1.1
341.6 344.8 348.7 352.6 354.9 355.9 352.9 346.9 339.3 330.3 316.6 307.4 302.4 300.9 301.2 298.6 294.9 291.2 287.4 283.6 279.8 277.4 273.2 268.2 260.8 253.6 243.1 230.4 215.2 198.9 189.2 174.7 160.1 144.8 125.7 109.4 91.4 73.5 60.7 49.7 25.9 43.4 42.9 48.7 41.2 24.8 8.9 3.9 -1.1 -1.1 -1.1 -1.1 -1.1 -1.1 -1.1 -1.1 -1.1 -1.1 -1.1 -1.1 -1.1 -1.1 -1.1 -1.1 -1.1 -1.1 -1.1 -1.1 -1.1 -1.1 -1.1 -1.1 -1.1 -1.1 -1.1 -1.1 -1.1 -1.1 -1.1 -1.1
338.5 341.5 344.7 348.6 350.6 351 347.6 341.9 335.4 328.1 319.5 305.6 301 300.4 298.3 295.7 291.5 287.5 283.5 279.5 277.5 272.9 267.4 260.9 254.1 242.4 237 225.1 209.4 197.1 188 168.7 150.2 126.9 103.4 89.4 77.1 67.7 52.3 45.3 24.9 30.8 34.1 37.5 25.5 9.7 5.4 -1.1 -1.1 -1.1 -1.1 -1.1 -1.1 -1.1 -1.1 -1.1 -1.1 -1.1 -1.1 -1.1 -1.1 -1.1 -1.1 -1.1 -1.1 -1.1 -1.1 -1.1 -1.1 -1.1 -1.1 -1.1 -1.1 -1.1 -1.1 -1.1 -1.1 -1.1 -1.1 -1.1
335.5 338.4 341.3 344.5 346.2 345.8 342.1 337.1 330.9 325.4 319.7 314 304 297.3 294.3 293.5 289.4 285 280.1 274.8 271.5 268 263 257 249.2 241.8 230.3 217.2 197.9 184.2 170.8 149.5 125.6 112.3 102.9 100.5 89.8 79 58.3 34.5 17 21.4 24.7 19.6 9.2 6.1 1.1 -1.1 -1.1 -1.1 -1.1 -1.1 -1.1 -1.1 -1.1 -1.1 -1.1 -1.1 -1.1 -1.1 -1.1 -1.1 -1.1 -1.1 -1.1 -1.1 -1.1 -1.1 -1.1 -1.1 -1.1 -1.1 -1.1 -1.1 -1.1 -1.1 -1.1 -1.1 -1.1 -1.1
332.8 335.6 338.4 341 342.2 340.8 339 334.4 329.5 324 318.3 312.8 303.5 297.4 293.7 290.8 285.9 279.8 274.9 269.7 266.6 262.7 257.6 251.9 243.5 235.5 223.7 209 189 168 143.3 140.6 136.2 125.3 122.8 114.2 101 86.8 65 42.4 21.8 12.9 14.5 10 5.7 2.5 0.2 -1.1 -1.1 -1.1 -1.1 -1.1 -1.1 -1.1 -1.1 -1.1 -1.1 -1.1 -1.1 -1.1 -1.1 -1.1 -1.1 -1.1 -1.1 -1.1 -1.1 -1.1 -1.1 -1.1 -1.1 -1.1 -1.1 -1.1 -1.1 -1.1 -1.1 -1.1 -1.1 -1.1
328.6 332.6 335.4 337.6 338.4 337.2 335.5 332.2 327.7 322.4 317 312.2 302.9 297.5 293.2 289 282.2 275.8 266.4 260.8 261.5 257.3 251.7 245.5 237.4 226.8 213.8 202.8 193.5 177.4 174.5 159.3 145.8 141.9 135.4 131.7 120.7 94.9 70.4 44.6 19.3 7.8 7.9 7.4 5 1.1 -1.1 -1.1 -1.1 -1.1 -1.1 -1.1 -1.1 -1.1 -1.1 -1.1 -1.1 -1.1 -1.1 -1.1 -1.1 -1.1 -1.1 -1.1 -1.1 -1.1 -1.1 -1.1 -1.1 -1.1 -1.1 -1.1 -1.1 -1.1 -1.1 -1.1 -1.1 -1.1 -1.1 -1.1
324.6 328.6 331.9 333.7 335.2 334.6 332.4 330.5 326.1 321.3 316.9 310.7 302.8 297.6 292.8 286.8 279.7 272.2 263.4 256.6 253.6 252.2 246.5 239.3 231.4 222 209.9 197.8 196.4 187.5 179.5 171.3 160.7 153.5 145.5 146.9 135.1 98.6 71.1 44.7 14.8 8.9 5.9 5.1 3.9 0.6 -1.1 -1.1 -1.1 -1.1 -1.1 -1.1 -1.1 -1.1 -1.1 -1.1 -1.1 -1.1 -1.1 -1.1 -1.1 -1.1 -1.1 -1.1 -1.1 -1.1 -1.1 -1.1 -1.1 -1.1 -1.1 -1.1 -1.1 -1.1 -1.1 -1.1 -1.1 -1.1 -1.1 -1.1
321.4 325.4 329 330.3 331.5 332.5 331.2 330.6 326.8 323.1 316.7 310.2 303.5 298.1 292.2 283.9 276.1 268.2 260.1 255.4 248.9 246 241.8 234.4 227.5 218.1 208.5 203.9 199 193.9 189.7 182.2 172.2 163 154.3 150.2 135.3 103 65.7 43.6 14.9 7.3 4.9 4.4 1.6 0 -1.1 -1.1 -1.1 -1.1 -1.1 -1.1 -1.1 -1.1 -1.1 -1.1 -1.1 -1.1 -1.1 -1.1 -1.1 -1.1 -1.1 -1.1 -1.1 -1.1 -1.1 -1.1 -1.1 -1.1 -1.1 -1.1 -1.1 -1.1 -1.1 -1.1 -1.1 -1.1 -1.1 -1.1
318.1 323.6 326.6 329.6 330.5 330.9 331.2 330.6 329.2 324.7 317.2 310.5 304.1 298.1 290.2 280.6 272.1 264.2 257 248.9 244.3 231.5 237.7 230.6 224.2 217.7 211.4 207.4 204 199.6 194.7 187 176.7 165.7 155.6 147.2 128.8 93.7 61.8 38.2 8.7 6.9 5.4 1.3 -0.8 -1.1 -1.1 -1.1 -1.1 -1.1 -1.1 -1.1 -1.1 -1.1 -1.1 -1.1 -1.1 -1.1 -1.1 -1.1 -1.1 -1.1 -1.1 -1.1 -1.1 -1.1 -1.1 -1.1 -1.1 -1.1 -1.1 -1.1 -1.1 -1.1 -1.1 -1.1 -1.1 -1.1 -1.1 -1.1
316 320.7 323.7 326.9 329.4 330.6 331.5 331.6 331.3 325.1 316.6 311 306 300.5 291.7 278.9 268.4 261.2 252.9 244.2 235.4 231.3 231.3 227.2 220.2 215 211.6 210 208.4 204 196.9 189 176.2 163.8 150.2 141.4 121 87.6 59.7 31.2 7.8 4.6 4.5 1.1 0.1 -1.1 -1.1 -1.1 -1.1 -1.1 -1.1 -1.1 -1.1 -1.1 -1.1 -1.1 -1.1 -1.1 -1.1 -1.1 -1.1 -1.1 -1.1 -1.1 -1.1 -1.1 -1.1 -1.1 -1.1 -1.1 -1.1 -1.1 -1.1 -1.1 -1.1 -1.1 -1.1 -1.1 -1.1 -1.1
310.7 317.2 321 324.1 327.3 328.9 330.4 330.9 328.8 323.1 317.4 315.9 311.9 304.4 288.7 278.9 268.2 260.9 254.4 244.7 239.2 231.5 223.1 218.3 215.1 212 210.8 210.1 209.7 204.4 196.8 185.6 173.9 162.8 146.5 132.4 108.6 78.3 52.6 20.5 6.4 4 1.5 0.6 -0.4 -1.1 -1.1 -1.1 -1.1 -1.1 -1.1 -1.1 -1.1 -1.1 -1.1 -1.1 -1.1 -1.1 -1.1 -1.1 -1.1 -1.1 -1.1 -1.1 -1.1 -1.1 -1.1 -1.1 -1.1 -1.1 -1.1 -1.1 -1.1 -1.1 -1.1 -1.1 -1.1 -1.1 -1.1 -1.1
308.7 313.3 318.1 321.8 324.8 326.6 328 329.4 326.4 321.7 321.9 320.5 317.6 314.3 298.4 285.1 276.1 267.8 255.6 248.1 242 235 227.8 222 217.1 212 208.2 208.3 205.9 200.7 191.9 180.7 168.7 154.8 138.5 124.5 98.8 69.6 44.9 12.8 5.4 1.8 0.8 0.1 -1.1 -1.1 -1.1 -1.1 -1.1 -1.1 -1.1 -1.1 -1.1 -1.1 -1.1 -1.1 -1.1 -1.1 -1.1 -1.1 -1.1 -1.1 -1.1 -1.1 -1.1 -1.1 -1.1 -1.1 -1.1 -1.1 -1.1 -1.1 -1.1 -1.1 -1.1 -1.1 -1.1 -1.1 -1.1 -1.1
304.4 309.8 314.8 319.7 323.3 325.2 326.2 326.9 325.9 325.3 326 324.9 323.3 322 310.7 295.4 287.8 275 259.9 251.4 244.7 237.7 230.7 223.3 217.6 212.7 206.9 203.4 198 192.6 186 175.3 163.7 148.3 130.8 115.6 93 63.4 40.6 8.8 3.7 1.5 0.3 -1.1 -1.1 -1.1 -1.1 -1.1 -1.1 -1.1 -1.1 -1.1 -1.1 -1.1 -1.1 -1.1 -1.1 -1.1 -1.1 -1.1 -1.1 -1.1 -1.1 -1.1 -1.1 -1.1 -1.1 -1.1 -1.1 -1.1 -1.1 -1.1 -1.1 -1.1 -1.1 -1.1 -1.1 -1.1 -1.1 -1.1
300.5 305.9 312 317.7 321.8 324 325 327.1 327.9 329 329.7 328 326.2 323.9 319.8 308.7 299.6 285.5 270.2 256.1 248.8 240.9 233.7 226.1 219 215.4 210.6 200.4 190.7 186.5 180 170.4 159.2 145.2 126.1 107.4 86.2 61.8 33.2 7 3.2 1.4 -1.1 -1.1 -1.1 -1.1 -1.1 -1.1 -1.1 -1.1 -1.1 -1.1 -1.1 -1.1 -1.1 -1.1 -1.1 -1.1 -1.1 -1.1 -1.1 -1.1 -1.1 -1.1 -1.1 -1.1 -1.1 -1.1 -1.1 -1.1 -1.1 -1.1 -1.1 -1.1 -1.1 -1.1 -1.1 -1.1 -1.1 -1.1
297.5 303.5 309.2 316 321.3 322.6 325.1 327.9 329.2 330.3 331.4 330.3 328.5 326.1 324.2 316.8 307.9 297.1 281.7 266.9 253.2 244.6 236.5 228.9 224.9 223 213.9 203.2 194.4 183.9 173.9 166 154.6 138 121.5 104.7 86.6 58.7 23 6 3.2 0.8 -1.1 -1.1 -1.1 -1.1 -1.1 -1.1 -1.1 -1.1 -1.1 -1.1 -1.1 -1.1 -1.1 -1.1 -1.1 -1.1 -1.1 -1.1 -1.1 -1.1 -1.1 -1.1 -1.1 -1.1 -1.1 -1.1 -1.1 -1.1 -1.1 -1.1 -1.1 -1.1 -1.1 -1.1 -1.1 -1.1 -1.1 -1.1
296.1 300.2 305.8 314.1 319.4 322.3 325.9 328.8 331 332.1 333 332.2 331.4 329.6 328.1 323.7 314.8 302.6 288.2 275 261.4 247.6 239.1 233.6 230 226.8 218.2 205.6 194.1 178.9 169 160 147.4 132.4 117.8 101.6 82.8 53.6 22.6 4.6 2.7 0.5 -1.1 -1.1 -1.1 -1.1 -1.1 -1.1 -1.1 -1.1 -1.1 -1.1 -1.1 -1.1 -1.1 -1.1 -1.1 -1.1 -1.1 -1.1 -1.1 -1.1 -1.1 -1.1 -1.1 -1.1 -1.1 -1.1 -1.1 -1.1 -1.1 -1.1 -1.1 -1.1 -1.1 -1.1 -1.1 -1.1 -1.1 -1.1
286.8 296.5 303.6 310.8 317.3 321.7 325.5 329.4 332.3 333.9 334.7 333.8 334.8 334.5 331.8 328.1 320.2 305.3 290.6 281.3 268.8 256.8 245.3 241.6 235.9 228.6 218.4 205.6 191.9 173.3 163.9 153.3 140.4 125.9 111.1 90.1 71.9 43.6 10.8 4.6 2.6 0.2 -1.1 -1.1 -1.1 -1.1 -1.1 -1.1 -1.1 -1.1 -1.1 -1.1 -1.1 -1.1 -1.1 -1.1 -1.1 -1.1 -1.1 -1.1 -1.1 -1.1 -1.1 -1.1 -1.1 -1.1 -1.1 -1.1 -1.1 -1.1 -1.1 -1.1 -1.1 -1.1 -1.1 -1.1 -1.1 -1.1 -1.1 -1.1
281.5 294.7 301.4 308.2 315.1 321.1 324.9 328.8 332.5 335 335.6 334.9 337.5 338.9 336.3 332.3 327.7 311.3 296.6 283.3 274.7 261.5 254.3 245.8 239.4 229.4 217.3 204.2 188.4 170.1 157.4 144.9 132.2 118.9 104.1 88 73.5 46.2 9.8 4 1.6 -1.1 -1.1 -1.1 -1.1 -1.1 -1.1 -1.1 -1.1 -1.1 -1.1 -1.1 -1.1 -1.1 -1.1 -1.1 -1.1 -1.1 -1.1 -1.1 -1.1 -1.1 -1.1 -1.1 -1.1 -1.1 -1.1 -1.1 -1.1 -1.1 -1.1 -1.1 -1.1 -1.1 -1.1 -1.1 -1.1 -1.1 -1.1 -1.1
276.1 290 298.4 305.6 312.9 319.8 324.3 328.1 330.9 333.6 334.9 335.9 340.1 342.9 340.7 336.6 328.9 316.7 302.5 288.6 278.9 253.3 253.9 247.5 239.1 227.9 213.3 199.3 181.3 164.1 149.5 136.7 123.9 111.1 96.5 80.7 64.4 41.9 10.5 3.2 0.7 -1.1 -1.1 -1.1 -1.1 -1.1 -1.1 -1.1 -1.1 -1.1 -1.1 -1.1 -1.1 -1.1 -1.1 -1.1 -1.1 -1.1 -1.1 -1.1 -1.1 -1.1 -1.1 -1.1 -1.1 -1.1 -1.1 -1.1 -1.1 -1.1 -1.1 -1.1 -1.1 -1.1 -1.1 -1.1 -1.1 -1.1 -1.1 -1.1
275.3 287.6 294.6 302.1 309.4 316.7 323.6 326.7 329.6 332.4 333.8 336.3 341 343.3 344.3 338.9 327.7 314.5 302 291.2 283.3 271.5 251.6 247.9 235.8 220.1 205 191 172.3 154.9 142.4 129.8 116.8 103.7 90.4 74.3 51.4 23.9 8.3 1.5 0.1 -1.1 -1.1 -1.1 -1.1 -1.1 -1.1 -1.1 -1.1 -1.1 -1.1 -1.1 -1.1 -1.1 -1.1 -1.1 -1.1 -1.1 -1.1 -1.1 -1.1 -1.1 -1.1 -1.1 -1.1 -1.1 -1.1 -1.1 -1.1 -1.1 -1.1 -1.1 -1.1 -1.1 -1.1 -1.1 -1.1 -1.1 -1.1 -1.1
276.9 284.6 290.8 298 305.5 314.1 321.7 325.4 328.4 331.3 332.8 336.2 339.6 342 342.8 336.7 325.9 312.1 299.5 288.7 285.5 271.6 249.1 242 226.8 209.1 196.5 180.7 162.7 147.4 134.9 122.9 110.2 97.1 85.3 71.5 47.6 17.9 6.9 1.2 -1.1 -1.1 -1.1 -1.1 -1.1 -1.1 -1.1 -1.1 -1.1 -1.1 -1.1 -1.1 -1.1 -1.1 -1.1 -1.1 -1.1 -1.1 -1.1 -1.1 -1.1 -1.1 -1.1 -1.1 -1.1 -1.1 -1.1 -1.1 -1.1 -1.1 -1.1 -1.1 -1.1 -1.1 -1.1 -1.1 -1.1 -1.1 -1.1 -1.1
275.2 282.3 288.2 293.7 301.3 311 320.4 323.8 326.9 330.1 333 335.3 338.1 338.8 338.9 334.6 321 306.3 293.3 285.6 280.6 263.4 246.4 236.7 220.5 201.6 185.6 168.3 153.4 140 127.5 115.4 103.3 91.7 80.5 66.3 44.3 19.2 4.7 0.8 -1.1 -1.1 -1.1 -1.1 -1.1 -1.1 -1.1 -1.1 -1.1 -1.1 -1.1 -1.1 -1.1 -1.1 -1.1 -1.1 -1.1 -1.1 -1.1 -1.1 -1.1 -1.1 -1.1 -1.1 -1.1 -1.1 -1.1 -1.1 -1.1 -1.1 -1.1 -1.1 -1.1 -1.1 -1.1 -1.1 -1.1 -1.1 -1.1 -1.1
273.5 279.7 285.4 290.7 296.5 305.5 314.9 319.6 322.8 326.6 330.7 332.1 333.7 334 333.8 325.4 311.3 297 286.2 276.6 266.3 254.6 244.7 233.3 219.3 202.8 186.6 166.2 145.7 132.5 120.5 108.6 96.5 85.8 75.8 62.5 42.6 17.5 5.4 0.5 -1.1 -1.1 -1.1 -1.1 -1.1 -1.1 -1.1 -1.1 -1.1 -1.1 -1.1 -1.1 -1.1 -1.1 -1.1 -1.1 -1.1 -1.1 -1.1 -1.1 -1.1 -1.1 -1.1 -1.1 -1.1 -1.1 -1.1 -1.1 -1.1 -1.1 -1.1 -1.1 -1.1 -1.1 -1.1 -1.1 -1.1 -1.1 -1.1 -1.1
273.3 278 282.7 287.7 293.4 302.6 310 315 318.8 323.3 326.7 326.1 327.2 328.9 326.2 314.2 301 288.2 279.2 269.1 260.8 253.6 245.1 230.2 217.6 200 185.7 165 139 125.2 113.7 102.5 90.9 80.4 70.3 56.6 41.6 15.2 4.5 0.6 -1.1 -1.1 -1.1 -1.1 -1.1 -1.1 -1.1 -1.1 -1.1 -1.1 -1.1 -1.1 -1.1 -1.1 -1.1 -1.1 -1.1 -1.1 -1.1 -1.1 -1.1 -1.1 -1.1 -1.1 -1.1 -1.1 -1.1 -1.1 -1.1 -1.1 -1.1 -1.1 -1.1 -1.1 -1.1 -1.1 -1.1 -1.1 -1.1 -1.1
273.3 276.3 279.7 284.3 290.4 297.9 304.3 310.6 315.7 320.2 321.5 321.5 321.2 319.1 312.8 305.7 296.9 288.4 280.2 271 263 255.7 244.1 229 214.9 194.7 175.6 153.2 133.7 120.9 110.4 100 87.9 76.4 65.4 51.5 36.2 12.4 6 0.9 -1.1 -1.1 -1.1 -1.1 -1.1 -1.1 -1.1 -1.1 -1.1 -1.1 -1.1 -1.1 -1.1 -1.1 -1.1 -1.1 -1.1 -1.1 -1.1 -1.1 -1.1 -1.1 -1.1 -1.1 -1.1 -1.1 -1.1 -1.1 -1.1 -1.1 -1.1 -1.1 -1.1 -1.1 -1.1 -1.1 -1.1 -1.1 -1.1 -1.1
270.9 274 277.4 281.3 286.2 293.3 300.1 305.6 311 316.2 315.5 314.9 315.4 312.7 308.1 302.3 295.1 287.1 278.4 271.2 262.8 254.3 241.8 223.4 210.3 188 169 148.5 129.8 116.5 105.3 96.1 83.4 72.6 61.2 46.1 28.4 9.2 5.6 1.1 -1.1 -1.1 -1.1 -1.1 -1.1 -1.1 -1.1 -1.1 -1.1 -1.1 -1.1 -1.1 -1.1 -1.1 -1.1 -1.1 -1.1 -1.1 -1.1 -1.1 -1.1 -1.1 -1.1 -1.1 -1.1 -1.1 -1.1 -1.1 -1.1 -1.1 -1.1 -1.1 -1.1 -1.1 -1.1 -1.1 -1.1 -1.1 -1.1 -1.1
269.3 271.8 275.2 278.7 283.5 289.4 295 300.5 306.1 310.4 309 308.9 309.6 308 303.7 299.3 291.2 281.3 273.9 267.4 259.6 249.4 235.6 220.2 202.3 181.4 161.6 140.4 124.4 111.8 100.8 90.5 79.5 70.6 56.2 40.5 20 6.7 4.9 1 -0.3 -1.1 -1.1 -1.1 -1.1 -1.1 -1.1 -1.1 -1.1 -1.1 -1.1 -1.1 -1.1 -1.1 -1.1 -1.1 -1.1 -1.1 -1.1 -1.1 -1.1 -1.1 -1.1 -1.1 -1.1 -1.1 -1.1 -1.1 -1.1 -1.1 -1.1 -1.1 -1.1 -1.1 -1.1 -1.1 -1.1 -1.1 -1.1 -1.1
