Game/Highland_Data/StreamingAssets/GeoData/Data/ns/NS18.asc
ncols 200
nrows 200
xllcorner 210000
yllcorner 680000
cellsize 50
[rows 144 to 179 of 200, columns 0 to 80 of 200]
294.5 300.1 305.3 312.4 324.7 333.5 341.5 349.5 360.1 378.5 397.5 414.3 434.6 459.4 478.2 495.4 506.6 508.3 497 475.7 457.6 440 428.2 412.5 400.5 391.7 384.3 375 381.4 384.1 388.4 390.1 395.9 396.4 396.6 394.5 387.7 381.8 372.2 359.5 343.9 323.5 297.7 271.5 247.4 225.4 201 179.7 163.2 163.5 156.3 145.3 136.2 131.6 120.5 120.1 125.9 132.9 139.8 149 159.1 173.3 181.3 189.5 201.4 216.6 228.6 234.2 234.4 237 228 213.4 195.6 184.1 156.8 127.9 104.5 89.9 77.5 63 49.5
273 273.2 285.2 293.8 301.9 312.3 322.9 332.8 343.7 360.4 377.6 397.1 416.2 440.4 460.6 478.3 492.6 501.1 497.2 483.6 470.3 448.1 432.2 415.1 403.4 392.6 385.5 379.2 371.5 375.4 378.8 381.4 383.9 385.9 386.8 385.2 379.9 372.7 362.9 348.8 334.1 317.2 286.2 252.2 226.5 197.6 182.8 184.8 186.5 183.8 176.6 161 156.5 150 139.1 124.3 109.4 112 121 132.3 142.5 148.7 161.7 171.2 180.1 193.9 203.6 213.4 216.2 213.7 213.4 203.5 190.1 175.1 147.3 120.3 98.7 86.6 71.1 60 47.8
252 254.8 267.7 274.8 283.3 293.2 302.5 314 322.9 343.4 362.9 380 398.9 420.3 440.8 458.6 474.4 489.4 494.2 490.5 481.1 465.7 446.7 419.5 410.2 398.1 388.9 381.7 376.6 367.7 369.1 370.1 373 375.5 376.5 375.2 369.9 362.6 351.8 329.9 318.2 306.5 268 234.5 207.1 211.2 223.5 222.6 213.4 205.4 194.1 179.1 173.6 167.7 153.9 136.2 122 109 99.8 113.4 122.9 127.6 138.9 150.8 163.1 171.3 180.7 192.5 200.2 198.8 192 189.6 181.9 174 148.1 124.1 99 85.5 60.9 53.5 43.7
230.4 244.2 250.3 255.6 262.8 271.7 283 295.3 304.6 328.7 346.1 363.3 380.6 400.7 420 436.6 452.3 468.5 480.6 488.6 483.1 470.8 455.3 429.2 415 403.8 395.2 388.6 383.4 377.4 368.4 356.9 359.9 359.2 363 364.1 359.2 350.9 337 296.9 287.1 280.9 251.4 257.6 257.6 265.3 263.1 261.9 242 228.9 215.3 196.7 187.9 182.4 168.7 152 138.4 120.5 103.3 91.5 102.8 109.9 123 129.5 132.1 151.1 161 168.5 176 180.6 177.9 173.2 170.6 167.1 157.4 130.7 102.2 86.7 62.9 49.2 31.7
206.1 224.4 233.6 240.9 247.4 253.2 262.3 275 292 312.1 330.9 346.2 362.9 379.2 400.3 416.5 430.8 446.7 461.6 472 474.8 467.2 456.1 441.8 424 415.6 399 393.1 389.4 383.8 377 371.6 362.5 355 343.1 344.1 338.8 327.2 323.9 329.8 327.4 292 286.3 296.9 297.6 294.8 284.9 275.1 261.2 245.8 229.8 210.5 199.6 199 188.6 169.2 154.6 131.9 115.1 97.4 83.5 96.1 105.2 109.4 112.5 124.1 135 148.4 155.5 159.5 161.3 157.9 157 155.7 146.6 128.7 97 89.1 61.4 41.7 25.1
193.4 205 216.9 223.4 227.3 233.2 246.6 257 274.7 294 314.9 327 347.1 361.4 377.9 397.2 413.2 423.7 440 446.4 454.2 455.7 454.6 446.9 430.4 419.4 399.7 393.9 391.1 389.6 383.6 378.7 374.9 369.5 362.7 352.3 350.2 351.7 349.3 351 343.8 338.2 325.6 326.9 319.5 307.6 302.1 292.9 276.7 258.8 241.7 225.5 214.8 214 212.8 198.5 182.5 153.4 130 108.3 91 78.5 88.7 96.2 101.6 111.9 117.2 125.9 134.9 140.3 141.1 143.4 141.3 141.5 135.4 120.7 98.7 85.9 60.7 44.6 24.2
183.9 187.6 195.3 202.7 205 215.1 226.9 239.8 256.6 275.3 292.1 303.9 323.9 344.4 354.4 373.2 392.1 402.9 410.6 423.5 430.6 437.4 438.5 437.8 430 419.3 396 390.5 388.1 388.7 387.3 386.3 385 380.2 373.9 367.8 365.2 363.6 360.9 358.8 355.2 351 349.5 345.5 331.5 323.9 316.4 313.6 303 282.5 257 241 231.2 222.4 226.3 217.1 203.8 174.3 152.8 123.3 100.8 86.5 74.2 75.2 85.4 93.7 101.3 105.9 115.7 127.1 129.8 130.9 128.2 125.2 122.9 110.2 93.3 80.4 54.2 48.5 25.8
168.4 174.7 180.3 181.5 190.5 199.3 206.5 216.8 239.8 252.9 267.9 282.4 301.9 320.3 332.3 346.6 371.8 379.6 389.1 402.4 408 418.7 420.9 424 421.7 415.6 403.4 382.4 379.5 380.9 382.6 384.9 384.1 382.7 382.1 377.6 373.9 370 365.9 363.1 358.3 355.8 354.5 347.9 351.4 345.6 331.9 320.4 305.7 287.6 263.6 246.5 237.4 225.9 224 224.9 206.2 195.4 167 140.7 120.1 101 83.4 70.2 68.1 72.7 81.1 88.9 100.3 109.7 119.2 119.6 116.6 114.7 109.1 97.9 87.7 73.7 53.8 41.1 23.1
151.4 157.9 164.1 167.6 173.3 178.1 191.3 197.9 217.3 229.5 238.9 260.6 279.8 296.6 313.3 320.9 337.6 354 364.4 382.7 391.5 402.2 405.4 406.3 405.6 404.4 390.8 379.8 365.4 368.1 372.2 376.9 379.1 380 380.9 380.1 378.1 373.5 369.6 367 364.3 363.5 363.4 361 356.9 346.5 329.2 315.1 299.9 279.9 263.5 244 232.8 222.8 220.2 229.9 217.2 195.9 181.4 166.6 143.8 116.1 98.6 81.7 68.4 58.5 63.2 73.9 81.4 89.1 97.8 107 106.2 103.7 98 87.2 77.8 60.7 49.5 35.8 21.1
138 144.3 151.7 152 157.7 163.3 171.8 179.4 192 205.3 218.8 235.7 253.9 273.5 295.7 303.1 303.8 324.6 337.6 352.3 368.3 381.1 385.5 386.4 389.1 384.2 373.5 367 348.8 347.8 358.3 362.3 367.2 369.7 372.2 373.6 374.4 372.6 370.7 368.1 366.3 367.5 361.8 358 348.9 335.8 319.5 314.2 298.4 284.6 270.1 244.8 231.1 218.2 216.8 217.2 210.9 201.6 198.6 187 167.2 145.8 121.5 98 80.5 67 55.6 58.7 66.3 74.1 84.9 90.2 94.5 91.3 86.8 79.7 75.7 55.8 46.3 30.5 17.2
127.7 133.7 141.1 140.6 146.1 147.5 155.8 164.3 175.1 189.6 198.7 214.1 232.9 247.9 265.3 275.1 278.7 289.2 308.5 324.6 335.5 352.9 362.7 372.2 366 364 351 340.1 324.6 324.1 335.5 342.2 348.8 354.2 358.9 362.1 364.1 365.7 364.2 362.6 358.9 358.1 354.1 348.4 339.4 327 313.6 307.4 294.1 283.8 270.8 253.2 231.7 217.5 209.6 207 206.6 202.7 197.4 183.2 168.3 151.5 130.8 110.8 93.6 81.6 60.8 48.6 53.5 62.5 70.4 76.4 79 79.9 75.6 72.3 67.2 52.5 37 25.2 16.7
114.7 123 126.8 130.6 135.1 135.2 137.8 148.1 161.3 172.7 186.2 197 212.1 227.7 242 246.7 257.2 263.1 278.6 295.3 308.4 322.3 339.4 349.5 347.7 337.7 332.7 324.9 309.8 299.4 306.4 317.6 322 330.7 339 344.4 349.2 351.1 351 350.1 348.5 343.8 341.4 333.3 326.4 315.2 302.6 291.9 283 274.1 262.6 248.8 228.8 216.8 205.6 195.8 195.2 193.9 188.7 175.1 165 151.2 136.3 123.6 106.2 90.3 73 58.6 47.4 45.4 55.2 66.9 68.5 70.2 68.1 67.2 59.4 46.4 33.2 24.6 17.7
107 112.5 119.3 121.8 123.4 124 126 133.4 144.1 154.1 171.8 180 189.9 200.8 211.7 223.5 231.2 248.9 254.7 268.4 278.8 294.8 312.7 322.1 322.7 321.4 316.9 302.4 287.7 278.5 282.9 294.1 299.9 305.5 313.6 319.4 326 331 332.9 335 332.6 327.8 321 313.9 304.3 294.9 285.5 276.9 268 260 250 237.3 222.5 210.9 200.3 188.4 180.6 178.5 171.8 167.4 158.8 150.9 144.9 134.1 116.8 100.5 82.5 64.9 54.3 42.3 37.2 50.9 59.8 61.4 59.7 56 52.7 40.7 34.1 23.6 17.9
102.7 106.7 113.1 115.1 115.6 114.9 115.7 121.2 129.7 141.2 153 163.8 172.9 181.5 196 203.2 205.3 225.1 232.3 241 250.7 270.6 279.6 287 298.5 299.7 299.2 288.2 271.9 253.9 259.2 269.1 272.9 278.7 285.2 293.2 299.2 304.3 309.2 311.6 313.9 313.3 309.1 299.2 283.7 273.2 262.5 256.3 249.3 245.7 235.4 224 211.8 199.6 188.5 178.7 170.2 165.4 162.3 160.2 157.5 149 139.4 130.3 117.4 102.7 89.2 69.4 60 52.5 38.8 38.2 48 52.1 50.8 49.4 44 40.1 36.3 20 17.1
100 101.5 105.7 108.6 109.7 108.1 106.9 111.2 118.8 127.9 138.3 149.5 159 169 175.5 182.4 186.7 196.1 209.6 216.6 229.5 248 258.8 264.3 271.4 277.4 274.2 269 256.7 237.1 233.6 242.9 250.6 251.6 260 266.5 272.9 280.3 283.6 285.5 286.9 291.3 289.5 279.8 264.6 254.1 244.3 236.1 226.2 222.5 213.5 203.6 194.2 183.6 176.1 169.9 165.3 154.6 150.7 149.5 146.4 140.4 132.4 125.3 113.4 99.7 90.5 70.7 63.2 56.6 47.5 30.7 35.7 41.6 45.3 45.7 40.4 40.3 34.1 19.5 16.7
98.7 100.7 99.2 101.6 104.6 103.2 99.7 100.8 109.4 117.6 126.1 132.3 140.1 151 161 165.8 171.8 180 189.1 194.3 209.3 221.8 235.3 239.2 244.2 249.2 249.4 246.5 235.2 219.4 208.7 215.3 225.1 230.6 239 244.2 248.8 254.9 255.2 259.4 261.9 261.5 258.9 257.2 245 237.7 227 217.5 206.6 199.4 192.9 184.9 178.4 171 165.7 159.3 154 143.5 138.7 136.4 133.1 128.5 123.8 117 107.4 94.9 81.7 70.3 59.3 53.2 49.1 35.5 23.9 30.3 33.9 35.2 37.5 38.1 27.4 18.3 16.2
101.1 102.6 105.4 100.6 99.1 98.9 98.1 97.2 100.6 109 118.4 118.3 123.5 131.3 137.1 141.9 155.5 163 170.3 180 187.4 202.8 209.8 214.3 218.9 224.4 224.7 222.5 212.6 201.3 189.1 195.4 200.6 205.5 209.7 217.9 225 227.6 232.6 237.3 241.1 240.6 232.1 228.5 225.2 221.6 212.2 202 192.8 185.6 180.7 173.8 168.4 160.6 155.8 149.6 142.7 133.8 122.8 123.3 120.1 115.6 111.1 105.7 98.8 85.1 75.3 65.6 58.4 52.2 46.7 44.2 26 24.8 28.5 28.2 29 23.1 11.1 11.7 11.6
101.5 101.7 102.5 106.2 103.2 100.5 98.7 97.7 97.4 100.2 107.9 104.2 108.5 117.2 121.1 129.1 138.2 148.5 158.2 164 168.6 177.9 189.6 190.6 195.9 205.4 200.5 199 190.2 184.1 174.7 172 181.4 186.2 190.7 197.6 200.7 205.7 208.6 214.4 217.7 217.7 211.1 210 206.4 201.1 197.1 190.4 181.3 174.7 169.4 163.8 157.9 146.8 146.4 138.3 131.9 125 122.8 112.7 105.3 102 98.8 95.5 89.9 81.1 70.9 62 55.3 49.1 44.1 42 32.5 19.3 26.2 25 20.4 15.1 14.5 15.5 16
103.3 102.2 103.4 103.2 103.3 100.7 100.3 101 99.2 98 95.2 95 97.8 104.9 108.8 115.2 125.5 138.7 148.2 153.6 151.2 155.5 166.6 172.4 173.2 180.9 183.6 176.9 172 171.1 161.7 153.6 161 169.2 171.5 177.4 183.3 187.1 191.7 193.6 195.1 194.6 194.4 191.7 190.6 188.5 184.3 179.4 170.9 163.7 156.6 149.1 139.2 130.2 129.4 128.1 123.4 119.1 116.2 109 98.7 90.3 86.6 85.2 81.4 75.1 65.7 57.4 51.6 45.7 41.6 39.9 36.9 21.1 24.2 16.4 14.1 17.6 20.9 24.8 26.6
107 102.8 104.3 103.9 101.8 100.4 102.7 101.4 99.8 97.2 96.3 95.3 94.7 97.4 100 105.7 114.2 124.9 132.4 139.2 139.4 137.3 145.2 152.3 159.1 158.6 165.3 158.9 158.9 160.2 146.2 141.3 143.8 147.5 153.5 159.4 163.4 167.3 169.7 172.5 174.4 175 176.2 174.9 173.6 171.5 168.8 165.6 158.4 153.7 143.6 130.9 123.8 120.7 120.1 118.3 114.6 110.2 106.5 98.8 93.5 82.4 74.7 74.5 72.2 67.2 58.9 52.1 45.8 41.2 39.4 37.4 28.8 16.7 13.6 16.5 25.5 29.8 31.1 34 35.7
108.3 103.7 105.2 103.8 104.6 105.1 104.1 101.8 102.8 101.7 100.4 97.9 95.3 94.6 96.2 98.1 102.6 110.9 117.2 122.7 121.9 123.3 126.7 133 136 132.9 146.9 143.4 140.9 138.9 132 131.1 127.9 132.2 136.4 140.9 145.2 150.5 155.4 157.8 160 161.5 160.7 159.1 158.5 156.8 155.9 151.5 140 139.5 135 122.9 113 112.9 107.1 108.5 105.4 101.9 95.3 91.1 86.3 79.5 67.3 65.7 62.7 56.3 47.1 43.2 41 34.9 31.1 23 13.8 16.6 25.7 33.3 36.8 41.6 43.3 44.7 43
110.4 106.1 105.3 105 105.6 105.5 104.4 103.8 108.4 108.6 107.4 107.8 109.7 102.6 95.9 92.1 96.6 101.5 106.4 110.5 112.7 114.8 112.6 113.7 117.2 119.7 120.5 121.8 125.5 125 120.8 117.8 119.9 118.4 122 126.9 133 139.4 142 142.8 145.9 148.6 146.6 145.5 147.2 145.3 144.1 140.6 131.3 121.2 114.6 110.2 107.2 104.6 99.2 96.3 94.4 92.1 86.1 82.5 78.8 72.4 65 57.5 53.4 46.1 38.3 35.1 35.8 23.1 13.7 17.8 22.3 33.7 40.3 45 48.1 48.3 53.1 54.8 56.1
117 107.9 106 106.2 106.4 105.7 101.7 110.5 115.2 118.7 122.4 120.5 121.6 114.3 103.4 97.4 90.3 94.5 98.3 103.9 104.9 104.7 103.1 101.8 101.6 101.3 101.6 109 115.9 115.2 109 106.2 109.8 108.4 108.9 114.8 120.2 126.3 127.3 131.1 134.9 132.9 132.8 132 135.8 130.5 131.3 126.6 116.2 109.6 105.2 102 99.7 97.5 97.1 96.1 88.8 82 78 74.3 70.8 65.9 57.5 49 46.1 40.6 33.7 28.1 18.8 20.6 23.8 31 39.1 46.8 52.6 56.3 57.1 52.8 60.4 62.3 66.9
118.4 109.8 107.6 107.9 107.7 104.2 108.2 116.5 123.6 132.3 140 130.7 124.4 119.9 116.8 105 94.9 90.9 93.2 97.4 98.2 97.1 95.9 95.6 93.3 91.4 91.9 96.6 102.2 99.9 99.2 98.6 100.8 100.2 97.4 100.6 106 113.6 118.7 121.6 122.3 122.8 116.6 118.7 114.8 112.8 115.3 108.3 106.4 100.5 97.5 94.1 92.3 92.6 92.5 93.7 87.6 78.4 72.2 66.7 62.9 58.7 53.3 45 39 35.3 24.4 19.7 23.6 26.3 31.6 39.6 47.3 54 58.9 64.2 64.4 59.7 64.5 70.4 74.6
118.1 109.8 109.4 109.6 108 108.7 117.8 129.1 133.5 138.9 139 136.2 133.4 129.3 129.6 118 101.5 91.6 89.1 88.8 89.6 90.5 90.6 90.6 89.5 89 87 86.8 87.9 89.1 91.1 91.5 93.1 91.7 90.4 91.5 94.7 102.2 108.9 108.9 117.6 107.6 96.1 99 98 99.2 96.3 96.9 94.8 90.9 88.3 87.1 85.2 83.3 82.7 80.8 78.1 73.2 68.3 62.6 59 56.2 51.8 41.5 33.1 24.7 20.4 24.7 28.4 31.1 37.9 44.9 51.7 58.8 64.4 68.5 66.4 68.1 73.9 78.5 86.8
118.3 111.7 111.2 109.7 107.8 118.2 130.4 141.2 145.7 144.9 144 145 149.7 148.2 127 118.1 105 96.7 90.8 88.4 88.5 86.3 88.7 88.8 90.6 88.2 84.6 83.2 83.1 83.6 85.3 86.6 87.5 87.6 85.6 83.6 86.6 90.9 94.9 99.7 96.5 88.3 86.2 85.4 86.8 85.8 84.8 84.2 82.1 81.2 79.5 76.5 75.7 73.9 71.8 72.1 72.5 70.1 65.5 62.2 59.6 54.6 48.6 36.5 33.5 25.1 24.4 27.4 32 36.4 42.9 49.8 56.6 65.6 70.2 71.6 70.2 71.7 77.2 85 95.4
118.8 114.3 112.5 112 113.2 129.8 144.9 155 154.4 154.2 152.8 149.3 151 145.3 130.4 116.7 107.6 100.2 97.8 97.4 94.7 88.4 86.3 86.5 87.2 86.8 83.6 82.5 81.9 81.7 81.3 80.8 82.6 82.7 79.3 79.2 79.4 83.3 85.3 86.2 81.9 77.3 75.4 77 78.1 70.8 70.6 70.8 72.8 71.7 67.8 64.6 62.6 56.1 50.4 54.1 60.8 61.9 62.1 59.9 54.3 50.7 44.2 38.5 28.3 25.7 27.6 30.3 35.2 40.7 47.4 57 62 70.6 71 73.1 72.4 74.6 79 85 90.6
121.3 115.9 112.2 113.2 118 140.1 156.6 170 167.3 164 164.6 154.6 150.7 146.9 137.4 126.8 114.8 108.6 107.9 107.1 104.3 97.9 91.1 88.1 81 85.3 83.4 82.6 81.9 81.5 80.8 80 79.6 79.7 78.6 78.4 78.5 78.7 78.7 76.1 79 80.9 81.1 79.3 74.6 69.7 71.9 71 66.1 59.1 54.9 48.9 46.2 50.2 56.6 48.7 44.7 45.8 50 49.4 47.1 45.1 42.1 38.1 33.4 24.4 29.6 32.2 37.2 44.5 57.5 63.1 66 68.6 69.9 72.9 76.4 75.8 79 81.7 87.3
123.5 117.1 117.3 120.3 130.8 145.9 166.2 179.2 179.4 179.6 177.2 164.6 157.6 154.7 150.4 145.7 132.9 123 116.3 113.2 116.2 104.6 95.4 94.2 90.5 83.1 83.4 82.7 82.1 81 81.1 80 79.3 79.5 78.9 78.6 77.3 77.9 78.3 81.5 88 90.6 90.8 89.2 88.2 91.2 91.8 86.3 84.3 81.8 76.4 71.2 70.1 70.7 68.6 65.4 61.2 56.4 44.6 37.1 35.4 35.4 38.4 36 33 31.4 24.3 33.1 39 45.7 57.9 62.4 66.8 68.1 69 76.7 81.8 79 78.3 80.4 87.6
126 118.5 121.9 137.1 145.5 158.4 172.7 186.5 192 190.5 187.3 184 175 168.2 163.1 159.4 150.6 144.4 136.6 124.3 125.4 111.7 116.2 108.5 99.7 88.2 84 79.8 85.4 85.6 85.8 84.9 82 83.4 81.8 82.3 82.4 84.2 87 92 96.8 98 103.1 102.8 103.1 104.8 101.2 100.7 102.2 101.7 96.4 89.7 83.7 84 80.4 74.7 67.3 63.2 60.4 50.4 44.1 40.2 33.9 29 29.7 24.3 29.2 29.5 37.6 46.7 55.7 66.1 67.3 67.6 70.3 79.6 88.8 81 79.9 79.8 79.7
132.7 123 129.6 147.5 156.4 169.7 180.9 194.5 201.2 208.5 207.8 197.8 192.3 181.5 171.6 167.1 167.3 164.2 143.1 133.2 122.8 119.5 118.6 111.3 103.8 94.5 89.6 87.2 85.8 88.3 87.9 86.6 84.8 85.9 91.8 91 92.9 95.4 98.3 104.3 108.8 112.5 115.5 116.1 118.1 116.2 115.6 117.1 116.8 113.7 108.6 106.5 99.2 96.6 90.6 80.8 73.3 67 63.3 59 51.8 46.1 42.1 34.3 25.5 32.6 37.7 32.1 35.5 48.3 55.7 59.3 64.6 66.9 69.7 78.5 88.2 84.6 82.3 87.1 91.8
134.6 124 142.5 154.2 164.6 178.6 191.9 202.9 208.9 220.9 220.5 210.4 203.5 197.1 189.9 177.4 170.7 162.6 153.3 140.6 139.6 127 120.7 112.2 109.5 106.5 95.7 91.3 86.9 89.4 90.1 89.1 87.8 96 100.6 98.9 102.8 105.9 109.9 115.7 123.7 125.5 127.3 130.1 130.8 128.8 129.8 129.2 127.7 124.7 123.8 118.6 112.1 103.6 95 90 79.8 73.2 67.8 61.6 53.8 47.2 42.5 35.3 32.2 38.9 44.1 49.6 41 45.1 53.9 59.5 61.9 65.8 68.2 72.6 79 85.1 84.7 96.2 101
130.5 136.5 157.9 163.9 173.4 188 203 214.8 221.2 229.1 227.4 223.7 218 204.3 195.3 188.5 179.6 179.7 166.1 160 146.4 133.4 127.3 118.4 119.6 112.3 104.1 103.9 98.4 90.3 91.1 90.4 92.2 104.9 107.3 108.3 112.4 116.3 119.5 128 131.7 135.6 138 139.6 141.1 142.1 144.4 142.1 140.3 137.4 137.1 132.6 126.7 119 110.3 97.8 89.7 84.3 75.6 66.5 56 47.9 43.1 32.4 32.2 44 47.3 54.7 56.6 51.8 50.1 60.5 63.3 64 67.5 68.5 71.4 80.7 84.5 95.2 100.3
126.8 147.7 166.8 173.2 185.3 198 214 228.3 236.5 249.3 252.2 255.5 241.2 219.5 215.5 203 194.8 185.5 173.8 161.6 155.2 151.9 146.4 140 122.4 117.9 109.3 101.8 97.3 89.8 94.8 94 100.5 109.3 116 120.4 123.4 126.1 128.8 137.3 141.7 147.3 153.1 153.3 157.3 162.1 161.9 161.3 156.6 153.2 149.5 143.8 138.2 127.1 117.7 109.2 99.7 92.8 83.2 71.8 61.2 51.4 44.9 33.2 33 45.3 48.4 56.9 60 61 51.7 54.2 56.1 62.8 65.9 68.3 73.2 80.3 83.2 88.4 93.9
135.9 156.5 171.7 181.6 194.6 209.8 225.8 238.4 254.1 269.4 269.4 261 248.4 237.7 235 230.9 224.1 202.4 190 177.4 171.7 162.3 153.8 141 128.7 120.2 114.1 104.9 100 96.7 100.3 99.9 107.1 114.5 124.8 130.7 134.4 137.4 142.4 149.1 158.2 167 178.4 185.9 178.2 178.5 179.6 179.6 175.2 169.5 163.9 154.4 149.7 138.9 128.7 120.8 109.1 100.1 86.9 75.9 65.9 53.3 47.7 41.7 33.1 41.6 46.9 56.5 61.5 62.7 59.4 48.6 56.7 63.2 67.3 70.7 79.5 80.9 85.4 86.4 87.3
147.7 165.8 180 190.6 203.3 219.1 236.3 255.7 270.8 278.7 281.9 276.1 271.4 274.2 265.3 256.9 251.8 231.5 204.3 190.1 177.7 162.1 155.5 149.5 146.5 127 117.5 109.5 107.7 104.6 107.3 104.7 110.8 122.2 132.3 139.6 145 149.1 159.3 168.2 183.4 199 209.6 204 201.2 198.1 201.9 199.8 192.3 183.5 180.5 168.6 162.6 151.4 142.9 129.6 115.7 102.2 87 77.2 67 56.6 49.7 43 38.7 35.1 46.1 54.8 61.8 63.1 63.1 53.5 56.5 64.4 67.7 71.2 74.1 79.2 82.6 84.1 86
