Game/Highland_Data/StreamingAssets/GeoData/Data/ns/NS25.asc
ncols 200
nrows 200
xllcorner 220000
yllcorner 650000
cellsize 50
[rows 70 to 104 of 200, columns 0 to 79 of 200]
-1.1 -1.1 -1.1 -1.1 -1.1 -1.1 -1.1 -1.1 -1.1 -1.1 -1.1 -1.1 -1.1 -1.1 -1.1 -1.1 -1.1 0 1.2 4 3.2 6.4 8.7 10.2 10.7 12.3 15.4 17.6 18.9 20.9 22.5 31 38 47 52.9 62.1 69 76.7 86.6 95.5 108.6 121 136.6 156.5 165.1 169.8 175.2 186.7 194.8 203.8 210.3 218.8 228.3 234.2 234.9 238.9 246.3 249.7 255.3 263.1 263.9 265 265.5 267.8 272.4 275.3 271.2 274.7 273.7 279.6 279.2 275.1 275.6 273.9 276.4 270.3 267.9 276.6 281.6 286.6
-1.1 -1.1 -1.1 -1.1 -1.1 -1.1 -1.1 -1.1 -1.1 -1.1 -1.1 -1.1 -1.1 -1.1 -1.1 -1.1 -1.1 0.1 1.3 4 3.8 6.1 8.1 8.4 11.1 13 16.9 20.9 22.5 25 26.5 32.6 43.1 52.8 58.9 67.5 75 84.1 93.3 107.3 120.9 134.5 152.4 165.1 170.4 176.8 190.9 197.5 202 211.4 222.2 230.2 239 244.5 244.5 247.3 252.8 255.9 263.6 269.2 270.1 276.7 277.2 278.4 283.5 285.7 284.9 284.8 283.3 286.1 285.3 283.3 283.1 281.1 281 275.7 267 276.1 282.1 287.7
-1.1 -1.1 -1.1 -1.1 -1.1 -1.1 -1.1 -1.1 -1.1 -1.1 -1.1 -1.1 -1.1 -1.1 -1.1 -1.1 -1.1 0.4 1.3 4.4 4.1 5.3 7.2 9.2 10.8 13.6 17.3 21.4 22.9 25.4 29.2 36.5 49.8 59.8 65.5 72.1 82.3 91.8 100.4 116.1 133.8 148.6 162.7 172.2 179.7 190.1 200 206.8 216.5 225.3 232.2 238.9 243.2 249.7 254.5 259.4 263.8 267.5 273.6 277.9 279.6 284.1 286.9 289.1 291.2 294.4 293.1 298.2 297.4 294.8 294 294.2 290.5 287 285.2 280 273.9 276.1 282.1 289.2
-1.1 -1.1 -1.1 -1.1 -1.1 -1.1 -1.1 -1.1 -1.1 -1.1 -1.1 -1.1 -1.1 -1.1 -1.1 -1.1 -0.4 0.5 1.4 3.9 3.8 5.2 6.9 8.7 10.7 15.5 18.6 22.2 24.5 27.5 32.7 41.9 55.6 64 70.8 78 87.4 98.8 108 126.7 146.7 160.9 172.2 180.2 191.6 200.3 207.3 216.9 226.9 235.1 241.4 245.5 251.8 263 268.7 274.6 277.1 280.9 282.7 286.7 288.5 295 300.3 300.4 303.4 306.3 309.9 309.2 308.5 307.8 306.5 305.4 301.9 297.1 290.9 283.6 280.8 279.4 281.4 288.2
-1.1 -1.1 -1.1 -1.1 -1.1 -1.1 -1.1 -1.1 -1.1 -1.1 -1.1 -1.1 -1.1 -1.1 -1.1 -1.1 -0.1 0.9 1.8 4.3 4.5 6.3 8.5 10.5 13.1 18.6 21.4 23.4 26 29.5 35.6 44 57.2 65.9 75.4 81.9 92.5 103.2 116.3 136.5 154.6 169 179.8 192.2 201.6 206.4 214.9 224.6 233.9 243.1 249.9 255.9 266.9 273 278.4 283.5 288.2 290.3 290.6 295.2 301.1 306.1 310.6 312.2 313.8 316.8 318.5 317 316.6 314.6 313.6 311.8 309.5 303.9 298.4 290.7 292.4 291.7 288.3 286.2
-1.1 -1.1 -1.1 -1.1 -1.1 -1.1 -1.1 -1.1 -1.1 -1.1 -1.1 -1.1 -1.1 -1.1 -1.1 -1.1 2.1 1.9 2.3 4.2 4.6 6 8.5 11.3 16.6 18.8 21.9 25.2 26.9 31.2 41 52 61.9 69.1 76.6 83.2 92 108.1 123 143.6 162.2 174.9 187.8 198.3 206.4 212.8 220.2 229.7 237.3 249.1 256 273.4 277.7 281.2 288 292.9 296.8 298.1 299.9 307.6 312 314.6 319.6 318.7 321.7 324.4 323.2 323.6 322.2 321 318.7 316.8 311 307.2 305.1 297.5 300.5 300.2 297.4 297.6
-1.1 -1.1 -1.1 -1.1 -1.1 -1.1 -1.1 -1.1 -1.1 -1.1 -1.1 -1.1 -1.1 -1.1 -1.1 3.5 3.3 3.7 7.8 3.8 4.3 5.5 8 13.5 19.3 21.1 24.8 27.4 29.7 33.1 42.8 54.9 64.5 71.9 80.7 88.4 96.8 110.5 128.2 150 165.2 179.4 194.7 203.1 208.8 216.5 222.8 232.6 239.3 248.7 260.2 276.7 284.3 286.1 294.6 299.3 304.9 306.4 310.9 314.4 318.9 323.2 327.1 327 327.7 327.7 327.5 328.9 326 325.9 323.7 318.5 313.1 310.1 307.1 302.8 301.6 303.6 301.9 298.8
-1.1 -1.1 -1.1 -1.1 -1.1 -1.1 -1.1 -1.1 -1.1 -1.1 -1.1 -1.1 -1.1 -1.1 -1.1 1.8 3.4 2.9 4.9 4.7 5.3 6.2 11.5 19 20.9 23.5 26.3 29 31.2 35.2 45.2 57.9 67.1 73.5 83.4 93.2 102.8 117.7 133.8 154.9 179.2 191.8 200.2 205.8 211.5 217.8 225.8 233 242.4 246 260.1 281.3 286.3 289.1 295.8 300.6 309.2 315.2 319.3 321 325 327.7 333.6 334.5 333.1 333.5 334.5 333.1 333.2 329.6 324.3 318 313.7 311 308 304.2 303.5 305.8 306.3 302.7
-1.1 -1.1 -1.1 -1.1 -1.1 -1.1 -1.1 -1.1 -1.1 -1.1 -1.1 -1.1 -1.1 -1.1 -1.1 1 3.1 3.1 3.9 7.4 4.5 6.3 12.3 18.1 20.8 24.2 27.3 30.2 33.6 38 44.4 56.7 59.1 73.7 84.1 95.5 108 121.9 141.3 165.2 184.7 196.4 203.5 207.4 212.5 216.7 225.3 233.7 241.6 245.1 257.1 281.4 287.4 289 300.3 309.1 317.4 322.4 322.6 327.6 331.1 335.7 339.4 339.4 340.6 340.6 339 338.4 337.1 331.5 324.1 319.5 316.3 311.4 307.6 303.8 303.4 306.2 306.5 304.6
-1.1 -1.1 -1.1 -1.1 -1.1 -1.1 -1.1 -1.1 -1.1 -1.1 -1.1 -1.1 -1.1 -1.1 0 1.3 3.2 2.8 3.5 5 5.2 6.1 11.4 16.9 21 24.6 27.7 30.8 33.7 41.5 48.3 60 68 77.8 88.5 99.5 112.5 129 151.6 174.4 183.9 197.4 206.5 210.1 213.7 217.2 224.3 234.3 241.4 244.7 254.6 281.2 284 287 297 310.9 326.2 326.3 331 333.6 337 340.8 342 341.4 348.1 347 343 339.9 337.3 331 322.8 320 316.4 310.7 307.9 306.7 306.3 307.4 307.9 306
-1.1 -1.1 -1.1 -1.1 -1.1 -1.1 -1.1 -1.1 -1.1 -1.1 -1.1 -1.1 -1.1 -1.1 1.6 3.5 3.4 3.7 4.3 4.8 5.1 6.8 11.7 16.9 21.2 24.9 28.3 31.9 36.5 43.3 51.8 62.1 71.7 81 91.8 105.1 121.8 139.3 161.3 174.8 185.5 197.9 206.6 207.1 215.3 216.5 221 233.4 239.6 244.5 255.3 274.3 279.4 281.9 294.5 311.8 329.6 329.9 335.9 341.1 341.1 342.9 343.7 348.3 352.4 349.4 346.3 339.5 335.8 331.6 324.5 319.9 313.7 311.3 311.1 309.9 311.2 311.3 311.3 310.2
-1.1 -1.1 -1.1 -1.1 -1.1 -1.1 -1.1 -1.1 -1.1 -1.1 -1.1 -1.1 -1.1 4.8 3.6 3.9 4.2 4.4 3.7 5 5.3 6.4 13.6 18.7 22.5 25.7 29.7 33.1 38.1 43.4 56.1 64.6 73.3 85.2 98.7 115.8 132.1 148.4 165.9 175.2 185.4 196.1 204 211.2 214.7 216.4 221.9 233 239 244.9 258.1 271.5 275.5 278 291.4 313 330.6 334.1 343.9 347.7 345.8 346 345.9 350.3 351 349.4 347.5 341.4 336.7 330.5 322.4 317.8 313.2 314 319 317.8 318.1 318.3 318.8 314.2
-1.1 -1.1 -1.1 -1.1 -1.1 -1.1 -1.1 -1.1 -1.1 -1.1 -1.1 -1.1 -1.1 1.9 1.9 2.4 4.4 3.7 5.2 4.3 5.3 7.3 12.7 20.6 23.7 26.8 30.5 33.9 40.2 46.3 56.4 66.8 79.2 92.4 110.1 127.8 142 155.3 166.7 175.4 183.8 193.4 200.8 207.8 214.1 215.6 222.2 230.4 234.7 241.2 251.6 266.8 273.4 276.2 284.2 310.5 329.6 341 347.6 347.4 348.8 348.3 349.2 349.9 350.4 349.6 347.7 340.3 337 330.5 325.3 317.2 315.9 322.1 328.7 326.1 325.5 324.8 324.8 322.7
-1.1 -1.1 -1.1 -1.1 -1.1 -1.1 -1.1 -1.1 -1.1 -1.1 -1.1 -1.1 -1.1 -1.1 0.6 1.2 2.9 4.2 3.7 4.3 5.4 8.2 13.1 19.7 24.2 28.5 32.1 36.1 43.2 50.1 62.8 74.4 86.3 104 121.6 137.4 150.5 158.9 166.7 174.5 182.8 191.7 198.1 206.6 210.3 211.2 216.7 225 232.2 235.8 247.2 261.1 269.7 275.4 281.4 304.3 331.4 344.7 349.3 351.4 354.4 351.7 352.9 352 351.1 349.8 347.5 340.8 336.8 329.5 322.6 321 323 330.1 334 331.4 333.7 334.2 328.1 331.4
-1.1 -1.1 -1.1 -1.1 -1.1 -1.1 -1.1 -1.1 -1.1 -1.1 -1.1 -1.1 -1.1 -1.1 -0.3 -0.5 0.5 3.6 4.2 4.3 5.8 9.3 17.6 22.6 25.6 26.9 35 40 46.6 54.3 69.2 82 95.4 112.7 126.2 141.5 150.8 157.9 165.6 173.6 181.1 189.4 194.7 202.7 206 209.7 214.6 222.4 224.5 232 244.2 258.2 269.8 276.4 283.4 303.6 331.9 345 351.4 353.8 354.8 355 355.4 352.9 353.3 351 348.3 341 335.9 330.6 325.6 333.4 335.3 336.5 337.8 337.7 339.3 339.9 339.2 338.6
-1.1 -1.1 -1.1 -1.1 -1.1 -1.1 -1.1 -1.1 -1.1 -1.1 -1.1 -1.1 -1.1 -1.1 -1.1 -1.1 1 2.3 4.3 4.8 7.2 13.5 23.5 28.6 28.7 29.5 34.4 41.5 51.9 64.4 75.7 88.6 102 117.1 131.2 141.7 149.9 157.1 164.6 171.6 177.3 183.8 193.4 197.9 199.9 207.5 209 215.1 225 234.8 246 259.7 272.7 280.1 284.6 308.8 337.8 343.7 350.9 354.2 354.9 359.1 354.4 354 352.9 353 348.1 340.7 336.1 334.7 333.2 340.6 341.3 341.5 341.2 343.7 346.4 344.6 347.6 346.1
-1.1 -1.1 -1.1 -1.1 -1.1 -1.1 -1.1 -1.1 -1.1 -1.1 -1.1 -1.1 -1.1 -1.1 -1.1 -1.1 0.4 1.6 4.1 7.9 11.6 27.3 28.3 30.6 30.7 33.9 38.1 50.5 58.1 65 79.6 92.7 105.5 119.5 132.4 141.5 148.7 155.1 159.6 170.2 178 184.1 194.3 200.7 204.5 209 215.3 222.5 230.6 237.5 247.1 261.9 279.1 284.1 289.7 312 338 345.5 348.2 355.1 355.2 356.6 356.3 357.5 354.2 353.3 349.4 343.2 345.6 340.3 337 343.8 344.2 343.6 345.4 350.4 350.9 351.5 353.4 354.6
-1.1 -1.1 -1.1 -1.1 -1.1 -1.1 -1.1 -1.1 -1.1 -1.1 -1.1 -1.1 -1.1 -1.1 -1.1 -1.1 -0.1 1 4.4 8.7 18.1 33.3 31.2 32.7 33.5 32.4 44.9 59.2 67.5 73.5 72.4 89.8 106.3 116.1 119.8 126.7 140.8 149.9 156.6 168.1 179.1 189 198.7 205 208.9 213 219.5 227.4 236.5 243 253.9 268.9 283.3 288.5 295 314.9 340.6 345.6 348.1 355.9 356.6 357.7 356 359.3 355.4 355.9 349.5 345.2 345.6 342.3 339.3 344.9 346.1 346.9 350.6 356.7 357 359.4 360.3 364.5
-1.1 -1.1 -1.1 -1.1 -1.1 -1.1 -1.1 -1.1 -1.1 -1.1 -1.1 -1.1 -1.1 -1.1 -1.1 -1.1 -1.1 1.1 5.6 9.7 24.4 34.7 33.1 33.6 36.6 36.9 51.1 61.8 71.1 79.3 84 95.3 107.5 119.7 130.3 137.5 143.8 150.2 158.4 171.6 182.9 192.9 203.2 210.6 214.7 223.5 227.6 236.2 246.7 254.2 262.7 276.7 287 290.6 300.6 319.8 341.2 345.5 349.8 354.8 354.2 356.7 356.7 357.6 356 355.1 350.4 347.1 346.3 344.7 343.6 346.1 347.8 353.4 357.1 360 362.1 365.2 367.5 375.9
-1.1 -1.1 -1.1 -1.1 -1.1 -1.1 -1.1 -1.1 -1.1 -1.1 -1.1 -1.1 -1.1 -1.1 -1.1 -1.1 -1.1 0.7 4.9 8.8 23.6 33.3 33.9 34.6 36.7 42.4 57.6 63.5 72.8 79.1 85.1 96.9 109.8 118.3 127.8 134.4 141.9 149.5 157.4 171.6 183.2 195 208 214.8 221.7 228.7 233.9 245.3 258.1 265.9 270.8 280.6 289.7 292.7 302.5 320.6 341 343.8 353.2 353.5 352.1 354.4 355.3 356.5 355.4 354.2 350.8 350 347.3 350.2 346.3 350.1 351.5 359.5 361.9 364.6 371.6 373.8 375.7 381.5
-1.1 -1.1 -1.1 -1.1 -1.1 -1.1 -1.1 -1.1 -1.1 -1.1 -1.1 -1.1 -1.1 -1.1 -1.1 -1.1 -1.1 0.7 5 7.5 20 31.8 34.1 35.3 38.1 46.4 59.6 65.9 73.5 78.8 84.9 95.7 107.3 114.6 124.7 131.6 139.3 147.7 156.2 170.4 184.2 200.2 212 220.9 226.8 235.5 243.3 253.7 267 272.8 276.2 284.6 291.6 293.5 303 319.1 340.9 343.1 351.6 350.1 350.8 352.7 354 355.9 356.9 353.9 355.2 350.9 349.4 350.1 350.9 353.5 358.8 363.5 365.8 374.1 378.8 381.7 381.6 385.1
-1.1 -1.1 -1.1 -1.1 -1.1 -1.1 -1.1 -1.1 -1.1 -1.1 -1.1 -1.1 -1.1 -1.1 -1.1 -1.1 -1.1 0.8 4.8 7.3 16.8 32.3 34.4 36.7 38.4 46.2 58.5 66.6 73.9 79 84.3 92.5 103.4 112.7 123 130.7 137.3 145.8 155.4 168.9 186.9 202.9 215.1 223.3 232.6 242.1 250.8 263.5 272.7 276.6 280.2 285.9 290.8 293 301.5 319.7 337.9 345.6 350.5 348.4 350.2 351.8 356.7 353.4 355.3 355.6 352.9 351.9 353 350.5 354.6 355.9 361.2 365.6 371.9 379.5 386.3 384.9 385.5 389.2
-1.1 -1.1 -1.1 -1.1 -1.1 -1.1 -1.1 -1.1 -1.1 -1.1 -1.1 -1.1 -1.1 -1.1 -1.1 -1.1 -1.1 1.2 4.1 5.9 13.2 31.6 34.7 37 39.7 47.8 57.6 65.7 73.6 79.3 83.2 91 101.9 110.8 120.7 129.1 135.1 144.5 155.9 168.9 187.2 203.1 215.4 224.4 235.3 245.2 256.5 269.5 275.2 279.3 282.4 283.8 288.8 290.5 302.4 321.7 338.7 348.3 347.2 346.9 350.6 351.1 355.7 349.9 354.8 356.6 353 353.5 353.7 352.5 355.6 358.1 364.7 369.1 377.3 382.7 387.6 386.6 390 391.6
-1.1 -1.1 -1.1 -1.1 -1.1 -1.1 -1.1 -1.1 -1.1 -1.1 -1.1 -1.1 -1.1 -1.1 -1.1 -1.1 -0.3 1 4.9 7 12.9 30.1 33.5 35.6 41 48 56.1 65.1 71.8 76.7 82 89.4 99.9 108.5 118.7 127.8 135.9 144.3 157.8 172.2 187.2 202 215.2 225.1 236.2 247.8 258 269.4 276.5 281.2 280 281.9 286.8 293.2 303.1 320.7 340.5 345.2 344.6 350.7 350.9 350.6 347.9 347 351.8 353.5 353.9 354.6 353.5 354.7 356.5 360.7 367 373.2 381.1 384.2 387.8 387.9 394.5 391.1
-1.1 -1.1 -1.1 -1.1 -1.1 -1.1 -1.1 -1.1 -1.1 -1.1 -1.1 -1.1 -1.1 -1.1 -1.1 -1.1 -0.1 1.2 5.8 8.1 20.3 30.3 34.8 39.4 42.6 50 59.2 67.4 72.2 76.5 82.5 88.5 97.4 106.8 116 125.3 135.4 146.4 159.7 174.8 187.7 202.6 214.9 225.2 236.2 247.6 257.1 267.6 274 277.1 277.1 279.4 286.4 294 301.6 321.4 336.8 343.7 339.1 345.4 349 343.4 343.3 345.6 348.8 352.7 352.2 352.3 354.3 355.3 360.2 361.7 366.6 376.9 383.2 387.6 388 391.9 393.7 393.8
-1.1 -1.1 -1.1 -1.1 -1.1 -1.1 -1.1 -1.1 -1.1 -1.1 -1.1 -1.1 -1.1 -1.1 -1.1 -1.1 0.1 1.5 5.1 7.3 22.5 29.8 36.7 42.1 45.3 56.5 59.9 66.1 70.3 75.4 80.3 87.2 96 103.6 115.1 124.9 134.8 146.2 162.4 176.6 189.4 203 214.5 225.7 236.3 246.1 255.5 264.1 271.1 273.5 273.1 277.4 284.7 291.9 299.7 322.9 337.4 338.3 335.4 339 339.2 338.5 342.2 347 348.6 352.5 353.5 351 352.9 354.6 361.3 362.9 367.8 377.3 383.8 387.3 392.2 394.1 394 394.8
-1.1 -1.1 -1.1 -1.1 -1.1 -1.1 -1.1 -1.1 -1.1 -1.1 -1.1 -1.1 -1.1 -1.1 -1.1 -1.1 0.3 1.7 5.7 8.2 23.1 29.2 36.7 42.7 48.2 57.9 63.9 64.4 69.1 73.7 78.5 85.1 93.3 101.8 114.8 124.7 134.6 145.6 161.1 177.3 191.6 203.7 212.9 225.6 236.4 245.9 255.1 261.9 267.1 268 270.2 274.5 284.2 292.4 299.7 321.8 333.4 332.1 329.9 334.2 334.8 335.2 337.3 346.4 349.8 351.6 349.7 349.6 351.9 356.1 361.2 362.6 366.6 375.4 385.8 389.9 394.9 394.1 395.4 397.2
-1.1 -1.1 -1.1 -1.1 -1.1 -1.1 -1.1 -1.1 -1.1 -1.1 -1.1 -1.1 -1.1 -1.1 -1.1 0.1 0.8 1.9 6.1 9.6 23.2 29.6 38.1 42.5 48.5 55.4 62.8 66.8 69.7 74.2 79.3 85.9 92.9 101.2 113.2 125 135.6 146.3 159.9 175.9 190 202.5 214.6 226.1 237.3 246 253.5 258.5 262 264.4 267.4 270.3 285.7 293.5 300.5 316.5 326.7 323.4 328.4 330.1 329.7 332.4 332.4 340.8 345.1 347.4 345.7 346.2 349.6 355.6 358.5 360 366.2 374.7 386.2 395.9 393.9 395.9 399.1 396.1
-1.1 -1.1 -1.1 -1.1 -1.1 -1.1 -1.1 -1.1 -1.1 -1.1 -1.1 -1.1 -1.1 -1.1 -0.2 0.5 1.3 4.5 6.2 9.9 24.1 29.7 35.6 42.9 47.4 56.2 64.7 68.2 70.9 74.3 78.7 84.7 92.4 101.6 112 123.5 135.6 146.5 161.6 177.2 189.1 202.7 214.9 226 236.8 243.6 250.2 254.6 259.7 263.3 266 272.4 285.9 295 299.8 309.8 318.2 317.8 326.2 324.1 323.1 324.8 330.1 335.8 339.9 339 343.3 345.8 351.4 352.6 355.2 362.7 367.4 378.4 386.8 393.8 396.8 399.9 398.8 395.3
-1.1 -1.1 -1.1 -1.1 -1.1 -1.1 -1.1 -1.1 -1.1 -1.1 -1.1 -1.1 -1.1 -0.6 0.1 0.8 1.5 5.2 8 10.2 20.9 31 35.6 42.6 46.8 54.7 65 68.8 70 73.2 78.5 84.8 93.4 101.1 110.2 121.5 133.6 145.8 159.7 176.1 187.3 200.8 214.3 226.4 231.8 240.2 246.5 253.4 257.9 261.9 265.6 275.8 288 295.3 302.1 306.4 313.6 315.7 317.4 317.4 320.2 320.9 323.2 326.5 331.1 335.3 342 340.5 348.1 350.5 355.7 363.6 369.7 377.4 387.2 391.7 396 401.2 398.9 393
-1.1 -1.1 -1.1 -1.1 -1.1 -1.1 -1.1 -1.1 -1.1 -1.1 -1.1 -1.1 -0.9 -0.3 0.3 1 1.7 4.9 7.3 10.5 22.3 31.3 33.4 42.1 45.7 53 61.6 66.5 73.3 78 80 85.8 93.7 101.6 111.2 119.8 132 144.5 158.4 173.9 185.2 200.8 213.8 223.2 233 239.6 244.7 249.7 255.3 260.3 266.9 277.4 285.1 291.7 298 302.7 308.1 311.7 311 313.8 319.3 319.1 320 325.7 331 333.1 338 341.1 347 354.3 356.6 362.3 369.5 377.6 385.6 390.4 394.8 399.3 396.9 394.2
-1.1 -1.1 -1.1 -1.1 -1.1 -1.1 -1.1 -1.1 -1.1 -1.1 -1.1 -1.1 -0.5 0 0.6 1.1 2 5.1 7.2 10.8 23.2 29.1 33.5 42.3 45.6 54.7 61.2 66.2 73.2 79.6 81.3 87.6 95 102.7 109.6 118.5 130.8 143.8 160.8 172.5 184.9 200.4 212.8 221.1 231 237.4 241.2 248.2 253.7 258.8 263.9 274.3 282.2 288.6 293.6 297 304.3 308.4 305.7 309.7 315.3 316.3 322.3 328 331.1 335.7 337.1 342.3 350.6 354.2 357.9 361.5 367.9 376.9 386.1 388.2 393.1 395.8 396.7 397.1
-1.1 -1.1 -1.1 -1.1 -1.1 -1.1 -1.1 -1.1 -1.1 -1.1 -1.1 -0.5 -0.1 0.3 0.8 1.4 4.4 6 8.2 14.7 22.6 29.5 34 41.4 45.7 49.8 53.9 60.2 63.9 72.3 80.9 87.6 95 103 111.3 120.4 131.7 144.1 157.1 171 185 200.7 211.9 219.3 229.5 235.7 239.1 245.7 250.7 255.9 261.3 271 278.8 284.2 288.2 293.3 300 304 301.2 304.1 308.8 312 319.6 322.4 337.1 341.4 348.3 350.8 348.5 354.8 357.8 361.8 369.8 377.8 385.4 388.2 390.3 391.7 395.4 395.6
-1.1 -1.1 -1.1 -1.1 -1.1 -1.1 -1.1 -1.1 -1.1 -1.1 -1.1 -0.1 0.2 0.6 1.1 1.6 4.7 6.2 8.4 12.3 20.6 29.1 34.1 38.9 37.1 46.5 60.5 65.6 72.4 75.7 80.3 84.9 93.9 103 112.5 122.4 133.7 145.3 157.8 169.7 184.1 199.2 210.5 217.9 227.9 233 236.8 242.1 247.6 253.2 258.1 266.2 274.6 279.9 283.9 289.6 295.2 299.2 297.1 299.3 301.4 308.1 317.5 322.3 333.7 342.2 350.8 352.8 357.9 360 363.6 364.7 373.6 380.2 383.2 385.2 387.7 390.9 395.5 392
-1.1 -1.1 -1.1 -1.1 -1.1 -1.1 -1.1 -1.1 -1.1 -1.1 -1.1 -0.1 0.6 1 1.3 2 5.1 5.9 7.3 10.7 20.8 26.8 25.3 31.1 47.8 55.2 59.6 65 71 77.6 84.9 92.2 93.7 97.1 109.5 122.3 134.5 147.1 160.3 170.8 183.1 198.2 209.6 217 224.9 230.7 235.1 239.4 243.9 249.8 254.9 262.6 270.4 277.2 282.1 287.1 292.2 295.7 293.9 294.1 298.2 301.2 311.1 321.2 328.7 340.8 348.6 352.5 359.3 365.4 370.7 374.6 376.4 381.2 383 385.2 387.9 391.6 396.8 388.9
