Game/Highland_Data/StreamingAssets/GeoData/Data/ns/NS27.asc
ncols 200
nrows 200
xllcorner 220000
yllcorner 670000
cellsize 50
[rows 108 to 143 of 200, columns 0 to 80 of 200]
-1.2 -1.2 -1.2 -1.2 -1.2 -0.3 0.7 1.7 3.6 6.6 17.8 46.1 60.4 76.9 90.4 101.5 104 109.2 113 114.3 114.9 120 126.1 128.2 137.1 139.2 138.1 132.2 132.9 132.6 132.6 132.8 133.3 135.4 140.5 148.4 150.9 148.4 148.6 149.3 148.4 147.9 145.6 133.7 131.4 129.5 125.4 120.2 116.5 110 101.5 93.1 92.5 94.7 92.8 89.6 86.6 83.9 78.9 83.4 87.6 82.9 73.5 64.9 58.3 47.4 40.9 37.8 38.1 40.8 41.3 41.3 42.5 50.1 52.1 52.4 51.7 52.7 57.8 76.1 100.5
-1.2 -1.2 -1.2 -1.2 -1.2 -1.2 -0.1 0.9 2.3 5.5 14.4 47.5 60.7 71.5 92.6 104.1 107.7 108.5 114.9 117.4 120.1 121.3 123.3 126.1 128.8 131.2 131.8 132.5 132.9 133 132.8 133.3 133.8 134.9 137.5 140.6 141.4 144.8 146.4 146 148.7 145.3 136.2 132.1 130.3 126 117.3 110.7 108.8 103.5 96.7 90.9 89.5 91.2 89.9 86.9 82 75.7 75.6 80.2 75.5 68 59.9 53.3 42.2 40.7 39.9 39 39 41.3 42.1 47.4 50.3 50.9 54.2 55.3 55.6 62.8 79.4 88.2 128.5
-1.2 -1.2 -1.2 -1.2 -1.2 -1.2 -1.2 0.5 1.8 5.7 9.6 39.8 61.5 72.6 86.9 97.4 103.7 107.5 111.7 119 123.6 127.5 128.7 131.6 131.4 131.9 132 132.8 134.4 134.4 133.6 134.4 135.7 136 138.2 139.6 139 140.4 141.7 140.5 137.2 135 132.6 131.1 122.2 115.8 114.9 113.7 102.3 99.3 97.8 90.6 86.3 86.7 84.7 82.7 76.4 62.7 69.4 69.8 61 53.1 47.9 42.2 37.1 40.4 41.9 40.9 40.1 43.6 48.1 50.8 51.7 54.7 59.6 59.5 67.2 89.5 107.3 129.7 137.1
-1.2 -1.2 -1.2 -1.2 -1.2 -1.2 -1.2 0.5 3 6 8.5 38.7 57.9 70.7 79.1 84.4 93.1 99 106.7 116.6 122.8 129.2 132.7 132.7 129.7 131.7 133.6 135.2 135.7 134.6 135.2 136.4 137.5 138.2 139.1 138.7 137.8 138.9 139.4 138.9 136.2 133.2 129.5 121.9 115.9 111.6 110 108.4 109.2 105.3 99.5 93.8 89.3 85.7 76.7 75.7 70.5 64.8 62.5 56.7 47 42.1 40.9 38.3 41.1 41 40.7 41.7 42.9 48.2 52.4 57.9 55.8 61.9 63.3 70.1 91.2 109.1 127.6 144.2 150.2
-1.2 -1.2 -1.2 -1.2 -1.2 -1.2 -1.2 0.4 2.4 6 9.3 36.7 59.2 70.4 76.5 80.4 83.3 87.7 96.7 107.7 117.3 126.1 131.7 128.4 125.8 128.8 130.8 135 137 138.6 136.3 138.2 135.7 138.1 138.3 137.7 137.1 137.4 136.2 137.7 131.9 123.3 120.5 118 113 111.6 110.8 112.5 109.6 104.7 96.7 92.5 90 85.8 79.1 68.8 64.4 61.3 46.6 42.3 40.7 37.9 37.5 38.1 41.4 41.7 41.6 46.4 47.3 57.5 59.6 59.4 64 67.7 72.3 90.4 115 134.4 143.7 154.2 158.6
-1.2 -1.2 -1.2 -1.2 -1.2 -1.2 -1.2 0.6 5.9 7.9 9.3 36.1 58.7 70.5 75.1 77.7 81.7 87.7 94.6 100.2 107.5 117.1 122.3 120.5 118.6 124.7 127.3 129.9 134.1 138.8 138.9 135.6 134.3 136.5 135.7 133.9 133 132.3 132.2 130.5 125.9 123.9 124.7 120 128.1 122 118 115.8 107.7 99.3 93.4 89.7 88.9 76.9 69.8 61.3 59.6 56.5 47.2 39.9 36.4 36.4 38 37.6 41.5 41.5 41.5 45.4 49.2 57.7 63.4 64.6 69.6 77.4 94.2 114.5 129.3 143.7 152.9 158.8 163.1
-1.2 -1.2 -1.2 -1.2 -1.2 -1.2 -1.2 1 4.9 6.1 8 34.2 58.2 67.8 72.3 75.6 82 85 90.2 94.9 102.2 108.5 110.3 108.1 110.8 113.5 119.8 122.7 130.4 133 133.9 134 134.7 133.8 133.9 133.8 132.7 135.1 134 130.1 130.2 129 129.9 129.4 130.4 130.2 129.3 116.4 107 101 91.9 84.6 78.4 71.9 65.5 52.8 55.6 48.8 44.7 38.6 36.1 36.2 37.1 41.4 41.4 41.5 41.7 49.7 54.2 56.5 69.5 76.1 81.5 90.1 112.6 123.9 135 150.9 158.9 165.4 165.2
-1.2 -1.2 -1.2 -1.2 -1.2 -1.2 -1.2 4.7 5.3 5.8 9.3 30.4 55.4 63.9 65.7 70.6 77.7 79.5 85.4 90.5 96.8 102.7 102.4 101.1 104 104.8 105.6 113.7 124.7 132.6 133 132.7 132.2 131.6 134.5 133.7 132.5 132.9 133.1 136.3 134.2 134.4 136 135.9 134.9 131 123 110.8 104.8 99 91.2 83 70.5 68 58.6 46.8 51.6 43.7 38.2 40.4 35.9 35.5 40.5 41.5 41.7 48.4 55.1 54.3 59.4 55.8 76.4 84.4 90.8 103.7 119.6 131.1 138.9 153.1 164 172.4 173.4
-1.2 -1.2 -1.2 -1.2 -1.2 -1.2 -1.2 2 4.8 5.8 10.1 25.7 51.6 57.4 61.6 65 70.1 73.1 78.8 84.4 89.9 95 94.4 97.1 98.6 97.9 99.4 108.1 115.1 125.2 128.2 133.3 133.3 131 130.7 131.7 132.2 139.4 141.1 142.5 137.6 139.2 140 143.3 139.2 125.9 119 109.2 102.7 99.3 87.5 77.5 65.5 62.1 49.7 41.9 41.2 38.5 41.5 39.8 35.2 35.1 39.6 40.7 50.4 57 61.8 67.2 72.4 75.9 64.8 89.3 98.4 112.8 125.7 134.4 143.1 152.8 165 172.8 176.6
-1.2 -1.2 -1.2 -1.2 -1.2 -1.2 -0.3 1.3 4.6 5.7 7.9 22.5 42.3 51.9 56.5 59.1 63.2 67.5 73.1 77.1 83.2 86.2 86.6 89.6 90.2 90.3 95.2 101.6 107.7 114.8 122.5 128.4 128 129.4 131.9 133.9 141.5 146.9 147.3 141 143.1 140.5 140.6 143 133.5 123.2 115.6 105.7 100 95.9 83.1 70.7 61.4 51.5 40.4 39.3 38.2 38.2 35 34.6 34.7 40.1 40.8 48.2 56.9 62.9 69.2 77.7 84.6 89.1 94.9 87.1 109.7 122.7 131.9 139.2 148.5 160.2 168.5 176.8 183.5
-1.2 -1.2 -1.2 -1.2 -1.2 -1.2 -0.3 1.1 5 5.9 7.8 14.9 34.5 44.8 51.4 50 55.5 61.6 66.2 70.3 74.9 79.6 79.8 81.6 82.7 85.4 89.3 94 102.1 110.4 116.2 119.2 126.6 132 133 141.5 147.6 150.4 146.8 143.6 140.4 138.9 139.6 138.2 127.6 115 108.2 100.5 95.4 87.2 78 68.8 56 42.5 37.2 37.2 37.5 36 36.4 39.5 41.2 40.6 46.3 55.8 65.8 76.1 92.9 93 98 104.6 109.2 92 117.4 125.1 134.9 144.6 159.8 168.5 171.4 180.9 186.6
-1.2 -1.2 -1.2 -1.2 -1.2 -1.2 0.1 1.4 5.2 6.8 6.8 9.6 27 37.2 44 43.5 52.8 57.7 60.9 64.5 72.2 75.8 75.1 75.1 75.6 81.1 82.6 91.6 99.5 106.2 113.7 115.2 126.4 130.4 138 143.8 154.9 158.1 150.2 144.6 144.1 138.9 139.1 134.4 125.2 110 101.5 98.5 91.2 78.8 73.3 63.9 53.8 44.1 35.6 37 35 35.5 37.1 40.7 41.3 44.1 56.3 65.5 77.8 95 106.7 106.7 113.1 117.6 122.5 126.1 113.8 121.7 134.9 147.5 158.7 168.8 180.2 179.2 186
-1.2 -1.2 -1.2 -1.2 -1.2 -1.2 0.5 2 5.9 6.2 6.4 8 21.6 31.8 34.1 41.8 45.8 51.3 58.1 64.3 66.2 67.6 66.3 68.3 67.3 72.2 78.6 87.9 93.9 101.8 106.2 113.4 125.8 132.6 139.6 145.4 158.7 160.7 156.2 151.8 150.4 140.4 132 128.8 119.2 109.7 98.2 92 83.7 72.8 64.5 61.2 48.9 47.3 35.8 35.3 35.5 35.4 38.4 41.8 44.9 56.6 63.5 78.9 95.3 109.5 119 121.5 125.8 131.9 129 139.5 140.2 136.3 117.8 141.1 151.4 165.4 170.8 178.1 187
-1.2 -1.2 -1.2 -1.2 -1.2 -1.2 0.7 4.1 6.5 5.8 6.3 7.7 14.6 26.9 33.8 37.9 42.9 49.6 52.2 57 59.3 61.5 59.5 58.7 60.3 68.4 75.4 82.5 88.6 93.1 100.3 110.9 121.5 133.4 141.6 143.5 160.6 159.9 154.8 148.9 142.2 132.2 124.5 121 112.8 99.7 95.4 85.6 78.5 67.9 60.4 54.3 45.4 35.2 34.7 35.5 35.3 36.6 34.9 42.2 56.3 66.2 76.9 99.8 112.7 119.3 134.1 135.7 138.7 146.5 144.1 152.9 154.9 156.1 138.8 148.6 166.6 176.5 177.6 184.4 184
-1.2 -1.2 -1.2 -1.2 -1.2 -1.2 0.6 2.4 4.9 5.8 6.4 8 10.9 20.8 29.8 33.1 39.1 44.3 47.5 50.6 52.8 53.6 51.9 50.3 58.2 64.4 69.9 77.2 79.7 86.6 94.2 103.8 114.4 128.9 135.5 145.1 148.5 153.9 151.7 142.9 135.4 125.4 119.6 113.6 104.2 94.1 88.1 79.8 72.8 62.3 50.7 44.9 35.5 31.2 32.9 35.3 36.3 35 38.4 56.8 72 87.2 102.2 111.9 122.1 128.3 140.8 145.1 152.7 154.7 157.3 164.3 166.9 168.4 158.1 150.5 167.9 175.2 182.3 189.6 187.3
-1.2 -1.2 -1.2 -1.2 -1.2 -0.1 0.8 1.6 4.3 5.9 6.4 7.9 10.4 13.8 27.1 30.2 33.3 39.2 41.3 44.1 45.1 43.9 43.1 47.8 54.2 57.9 64.4 70.5 78.6 83.5 89.5 97.9 108.4 121.7 131.8 137 138 142.7 142 134.7 125.7 120.4 111.1 102.4 91.7 88.2 80.5 71.3 60.4 49.9 42.7 37.2 30.9 29.8 33.7 36.9 38.8 41.5 52.9 69.9 91.7 105.6 116 122.7 138.3 145 149.5 156 158.5 162.6 170.3 171.8 176.3 173.7 172.3 162.3 167.3 181.5 186.8 188.7 191.3
-1.2 -1.2 -1.2 -1.2 -0.7 0 0.8 1.5 4.8 5.9 6.9 7.5 8.6 11 23.1 26.3 30.2 34.3 36.6 37 39.2 37.8 41.4 46.9 49.6 56.5 63.9 69.1 74.5 75.9 86.5 94.8 102.4 108.8 118.5 126.9 127.5 125.2 125.7 126.5 118.4 109.8 100.1 90 86.7 78.2 68.6 57.8 49.2 39.8 37.3 31 30.7 32.5 36.9 36.8 43.8 48.5 70.2 90.2 109 119.6 126.9 130.4 146.3 149.6 156.8 159.6 165.8 178.4 180.8 176.5 180.8 181.1 179.5 178.1 178.3 185.4 192.7 204.8 203.9
-1.2 -1.2 -1.2 -1.2 -0.6 0 0.7 1.3 3.1 5.5 6 6.4 7.6 10.1 18.9 23.8 28.4 30.3 30.9 33 34.8 34.6 37.4 42.6 46.3 51.3 58.9 65.3 67.8 72.9 83.1 89.6 95.4 98.1 101.8 106.2 109.3 109 107.6 102.3 98.2 94.5 87.1 81.3 74.6 66.9 55.7 46 41.6 35 30.7 31.8 31.6 33.5 36.8 39.9 50.8 71 92.2 109.5 119.7 125.5 133.1 143.3 149.7 156.1 165.9 170.1 173.8 187.3 185.4 184.2 187.3 188.1 192.7 193.8 187.2 180.2 200.3 207.5 211.6
-1.2 -1.2 -1.2 -1.2 -0.5 0.1 0.7 1.3 2.4 4.5 6 6 6.7 9.4 13.7 24.7 25.9 28.9 28.9 29.9 31 32.4 35 38.3 41.8 48.2 53.7 59 60.8 69.1 76.8 81.6 83.7 84.2 86 86.9 87.1 88.6 89.3 85.1 80.5 77.3 74.5 71.1 64.2 56.6 45 43.3 37.1 29.1 31 32 31.7 36.1 40.9 46.8 63.5 84.8 102.7 117.2 127.6 132.6 137.8 144.4 161.4 172.8 180.4 181.7 183.6 194.4 193 194.2 196.7 194.3 199.7 200.4 197.2 184.7 196.6 203.3 206
-1.2 -1.2 -1.2 -0.8 -0.3 0.2 0.7 1.2 1.7 4 5.4 6.5 6 8.4 11.6 19.2 21.5 23.1 24.5 26.2 28.7 31.5 33.4 36.4 40.2 43.9 47.8 50.5 59.2 64.9 71.3 73.5 71.2 71.3 69 68.4 68.3 69.8 72.6 71.5 67.7 63.6 63 60.4 57.4 44.7 43.2 37.3 31.9 30 31.9 31.9 35.5 39 43.9 60.6 76.3 98.8 113.6 121.6 131.3 142 150.5 160 169 183.1 188.5 190.5 195.4 197.7 205 201.5 201.6 200.8 200.1 207.8 213.2 207 203.3 206.3 206.3
-1.2 -1.2 -1.2 -0.7 -0.3 0.2 0.6 1.1 1.6 3.8 4.4 5.8 6.8 8 12.3 19.4 23.8 26.7 27.9 28.6 29.9 30.6 31.9 34.1 36.5 39 42.1 48.9 56.6 61.7 66 64.8 62.8 60.7 56.6 53.6 54.8 53 50 50.7 51.2 51.8 49.9 43.9 44.7 50.3 41 33.7 29.6 31.8 35.2 38.5 40.3 43.3 55.6 71.4 90.6 104.1 116.9 126.6 145.7 156.9 163.1 163.6 178.1 186.8 188 199.5 206.7 201.3 204.8 208.7 209.5 208.9 210.8 213.2 215.3 214.5 197.6 211.2 210.3
-1.2 -1.2 -0.8 -0.4 0 0.3 0.7 1.1 1.6 3.8 4 5.3 6.1 7.9 13.4 19.1 24.6 27.4 28.3 29.6 29.4 30 30.4 31.9 33.4 35.2 38.6 46.1 50.9 55.5 59.1 55.1 52.9 47.9 42.9 39.4 37.4 36.8 35.9 36.1 38.1 40.6 42.7 47.6 51.9 51.4 43.9 35 29.9 35.5 39.4 40.6 44.1 46.6 66.9 83.7 97.7 110.5 122.2 133.8 147 157.5 161.1 169.7 178.6 185.3 192.3 202.2 202.6 206.2 212.4 216.8 227.5 222.5 215.2 216 227.2 220.5 208.6 217.1 219.8
-1.2 -1 -0.3 -0.1 0.3 0.7 1.1 1.4 1.8 3 4.5 5.2 5.6 6.8 13 20.7 25.2 27 29.6 30.9 29.3 28.5 29.3 29.7 30.7 32.2 36.6 40.8 46.1 49.8 48.4 44 40.1 33.5 29.6 25.8 28.1 30.7 31.1 28.9 26.2 20.5 19.7 21.7 34.8 41.3 31.1 32.2 36.8 36 42.2 43.8 44.7 55.5 71.8 91.5 105 115 131.1 141.5 154.1 158.7 170 176.1 181.1 191 196.9 199 203.6 207.3 214.9 224.4 233.4 233.1 229.8 224.1 225.3 223.1 214.5 223.2 227.6
-1.2 -0.7 0 0.3 0.7 1 1.4 1.8 1.8 2.4 4.6 6.2 6.6 7.4 15.5 23 26.2 28.7 31.4 32.1 30 28.6 28.4 26.1 26.5 30.6 34.7 38.2 41.1 39.9 36.4 33.6 27.7 22.1 22.8 20.9 23.1 25 24.3 22 19 25.6 28.5 34.1 25.7 19.7 25.6 40.9 43.8 43.8 44.6 47.1 56 61.9 81.7 100.1 111.6 126.2 138.5 150.1 154.4 162.1 169.7 176.7 184.2 189.3 197.7 203.8 215.8 219.9 227 238.7 242.9 237.2 233.7 233.2 231.8 220.2 219.6 223.4 223.9
-1.2 -0.4 0.3 0.9 1 1.4 1.8 1.8 1.8 2.8 4.6 6.4 6.8 8 19.4 24.4 28.8 31.3 33.6 33.3 31.3 28.8 27.4 25.1 23.6 27.1 31.1 33.5 33.1 31.1 27.3 23.2 20.8 19.8 19 18.6 19.2 18.6 18.1 16 29.5 33.5 36.2 38.6 41.9 22 45.4 44.8 51 50.7 47.5 51.5 58.5 73.9 93.8 107.5 117.2 130.9 143.5 150.4 158 161.2 167.2 179.1 186.7 194.7 201.4 215.3 231.9 229.9 238.5 252.2 256.3 244.8 239.1 236.4 234.1 222.1 222.9 219.5 223.3
-1.2 0.1 0.8 1.3 1.4 1.8 1.8 1.8 3.4 3.4 4.4 5.6 6.5 8.4 22.6 26 31.9 34.2 34.3 33.7 32.3 28.5 25.7 21.1 21.5 23.3 27.4 29.3 28.3 24.1 20.3 18.5 16.3 16.9 16.9 17.3 17.6 16.3 18.8 25.1 35.6 44.3 43 43.4 38.2 40.1 48.5 49.9 54.6 54.6 51.2 54.5 66.1 82.6 101.2 115.9 118.9 134 141.7 152.4 161.7 162.9 173.3 180.6 187.1 202.4 212.5 227.5 235 238.4 256.9 261.5 252.1 246 247.2 239.7 234.1 232.5 234.6 228.5 222.6
-1.2 0.7 1.6 2.8 3.3 3.3 2.5 2.9 2.7 4 5.6 6.7 6.7 9.8 22.6 27.9 32.5 33.5 33.1 32 31.4 26.9 22.6 18.1 18.9 20.3 22 22.9 21.8 19 16.6 15.7 13.4 13.2 14 14 11.5 21.9 29.8 39.2 47.6 57.8 56.5 49.1 37.8 42.2 50.3 53.6 56.4 57 56.2 64.3 72.7 92.2 109.6 115.4 128.5 142.1 144.5 149.7 159.4 168.9 180.5 187.6 199.7 215.9 217.6 224.8 236.9 243.6 256.1 262.2 261.1 248.5 244.3 239.9 235.9 234.5 236.6 233.9 227.6
-1.2 1.3 4 3.7 4 4.2 4.9 4.3 3.9 5 6.8 6.9 6.8 12.4 24.6 32 34.7 34.3 31.7 30 27.4 22.7 18.1 15.8 16 16.2 16.9 16.3 16.1 15.2 15 12.5 12.1 12.6 11.2 12.3 30.2 50 62.2 62.3 61.4 71.3 70.4 66.4 50.8 26.7 50.3 55.4 57.4 57.2 57.8 64.6 81.2 101.1 113.6 124.7 137.9 146.3 145.4 152.5 164.5 177.3 190.6 204.4 212.2 221.2 226.2 226.7 235.5 245.3 253.3 256.3 253.8 246.7 240.8 238.1 236.8 235.2 235.3 231.8 234.2
0.2 2 3.7 5 4.9 5 6.2 6 5.7 6 6.5 7.3 7.5 16.9 28.6 33.5 35.3 33.3 30.3 26.7 21.8 17.9 14.3 13.5 14.2 14.6 13.5 13.6 13 14 11.1 10.7 11.2 10.4 12.9 29.1 58.2 86.6 98 86.2 74.7 68.8 70.2 66.7 62.9 39.2 43.5 55 56.8 57.4 59.1 68.7 90.7 104.9 117.5 129.5 139 145.3 150.2 155.9 178.9 196.6 208.3 224.5 225 243.9 241.8 243.5 253.6 256.4 260.3 263.6 262.1 251 245.2 244.6 241.6 239.7 235.9 234.7 235.5
0.9 3.4 5.4 5.7 5.5 5.6 6.3 6.8 6.4 6.3 6.5 7 9.9 29.8 32.6 33.6 34.5 30.9 27.8 24.1 18.7 14.2 11.9 11.9 12.9 13 12.4 12.4 12.2 12.6 9.9 10.5 10.7 11.8 28 49.1 80 104.1 97.5 94.7 79.4 73.3 67.9 65.9 47.6 32.3 53 55.1 58.6 59.6 62.5 74.4 88.6 104.7 119.9 129 137.5 143 148.1 162.2 186 202.2 221.5 226.8 229.8 243.7 248.4 249.4 254.6 259.7 264.1 267 268.9 260.9 257.8 255.8 253.4 245.9 245.1 244.3 246
1.5 4 6.3 7 6.3 5.9 5.9 6.8 7.4 7.6 7.7 7.2 18.6 32.6 33.5 33.6 33.1 29.1 25.6 21.3 15.9 11.3 10.5 10.8 11.6 11.5 11.7 11.4 11.4 9.7 9 9.8 9 26.4 42.7 64.5 94.2 103.1 97.2 93.8 79.3 71.1 66 53.2 29.7 48.2 58.2 59.4 61 63.7 67.7 76.5 89.2 99.4 113 121.7 135.1 140.6 149.6 169.8 188.2 203.2 218.4 225.2 231.1 241.4 245.8 250.6 261.7 260.5 266.6 273.2 270.4 273.2 273.3 266.3 261.4 256.9 251 249.6 256.6
2.8 4.7 6.5 7.9 8 6.9 6 6.5 6.9 7.4 7.5 11.8 31.5 32.1 33 33.8 31.6 27.9 24.4 18.7 12.7 10.5 9.7 9.8 10.3 10.7 11.1 10.6 10.7 9.9 9.3 8.7 23.3 51.5 66.6 81.6 101.8 99.4 95.7 90.3 71.9 67.2 60.7 41.3 38.7 55.3 57.9 61.9 64.7 67.6 72.6 82.7 95.3 105.3 116.1 122.6 130.2 139 158.1 172.5 187.5 207.9 216.8 224.5 228.5 238.4 244 251.2 264.5 264 271.1 278.8 277.6 278.6 273.7 269.4 266.5 261.3 256 255.4 262.4
3.1 4.8 6.5 10.6 15.3 8.3 6.9 6.9 7.4 8.2 9.4 31.8 31.7 31.4 31.9 33.6 29.9 26.5 22 15 11.1 10.2 9 9 9.4 10.1 10.7 9.9 9.5 9.1 7.3 16.3 49.6 70.7 79.8 87 96.9 93.3 89.1 77.5 68 62.6 53.2 32.7 50.3 57.9 60.2 65.4 67.5 71.2 76 85.2 96.3 107.6 117.1 120.6 124.3 137.4 155.7 170.6 183.8 197.7 216 225.2 225.8 234.4 245 255 263.4 263.8 274.3 284.6 278 277.1 271.9 270.7 270.2 264.8 259.4 261.5 257.4
4.1 5.8 7.5 15.8 17.9 10.8 8.2 7.8 8.3 12.1 29.9 31.3 28.1 20.5 25.2 28.7 19.5 15.4 13 10.9 9.4 8.9 8.1 8.2 8.6 9.4 9 9.8 8 7.9 12.7 30.1 59.9 73 82.8 85.8 90.4 87.6 80.8 71.5 64.9 60.6 46 43.4 57.3 63.4 63 64.9 68.8 73.9 79.3 85.8 96.6 106.7 116.1 120.7 126.3 134.2 145.9 160.9 172.7 185.3 204 216.6 224.9 229.7 237.5 247.9 251.6 255.2 272 279.1 276.7 276.4 270.5 270.3 268.3 267.5 263 259.4 256.7
5.2 6.9 8.8 15.8 18.2 19.7 13.3 15.1 21.9 27.1 12.7 9.3 8.5 8.1 11.3 9.4 8.9 8.6 8.3 7.6 6.5 6.8 7.2 7.8 8.3 8.6 8.4 8.5 7.4 7.5 21 33.5 49.9 70 77.7 83 83.5 81.2 77.3 69.7 64.8 57.3 39.1 54.2 62.3 63.6 64.4 66.1 70.3 74.2 78.6 86.4 95.5 104 111.8 117.8 124.8 131.3 139.5 148.9 159.2 169.6 181.5 199.1 215.4 225.9 230.8 237.4 242.2 250 263.7 267.2 273.8 269.5 269.4 268.4 268.5 271.3 269.3 265.3 258.9
6.1 8.2 9.8 17.5 18.4 20 23.3 23.2 23 10.2 7.7 7.7 7.8 7.8 7.9 8.3 7.5 7 6.6 6.4 6.4 6.8 7.1 7.6 8 8.3 8.3 7.3 7.8 8.2 21 41.9 58.2 70.7 76.2 80.8 79.5 76.8 73.2 68.1 62.3 51.1 54.7 60.7 63.5 65.5 65.7 66.2 70.3 74.2 78.8 86 95.6 103.4 109.7 115.5 122.1 129.5 136.1 142.6 151.8 159.1 169.3 176.3 191.2 205.5 218.5 227.9 236.5 246.9 255.2 261.6 266.1 267.3 268.9 269.1 272.8 276.9 275.9 273.2 267.4
