Game/Highland_Data/StreamingAssets/GeoData/Data/ns/NS28.asc
ncols 200
nrows 200
xllcorner 220000
yllcorner 680000
cellsize 50
[rows 36 to 71 of 200, columns 82 to 163 of 200]
-1.3 -1.3 -1.3 -1.3 -1.3 -1.3 -1.3 -1.3 -1.3 4 9.4 20.3 25.7 28.9 34.1 35 38 48.4 57.2 57.6 62.3 69.9 73.2 73.7 82.6 86.1 89.5 91.8 92.8 94.1 96.5 103.3 111.6 115.7 119.7 131.2 140 149.7 158.4 169.1 182.7 200.4 211.8 221 230.5 241.3 250.3 256.8 261.9 267.2 277.5 284.4 287.5 286.7 286.2 284.4 281.2 277.8 273.8 269.2 263.1 254.3 246 253 253.4 252.9 251.1 249.1 248 245.2 242.4 236.8 227.9 215.7 207.8 200.9 193.1 185.8 179 173.1 166.2 160.6
-1.3 -1.3 -1.3 -1.3 -1.3 -1.3 -1.3 -1.3 -1.3 3.9 9.4 19.8 24 27.9 30.4 34.3 35.5 48.6 52.9 54.8 57.1 63.4 67.6 72.9 80 83.8 87.3 89.8 91.4 92.2 95.2 100.1 108.8 116.1 124.5 132.3 138.7 149.5 159.3 170 182.4 197 209.8 218.9 228.6 238 245.7 255.2 261.4 267.2 273.3 280.7 285.2 285.5 284.9 284 282.1 278.6 274.8 270 263.7 256.5 251.5 258.2 258.5 259.1 258.7 263.5 267 267.9 262.9 257.8 249.2 238.8 224.3 215.4 208.7 199.5 192.4 185.1 177.6 172.7
-1.3 -1.3 -1.3 -1.3 -1.3 -1.3 -1.3 -1.3 -1.3 4.7 8.5 12.6 23.9 25.7 28.1 31.4 33.2 47.1 49.9 50.7 55.6 59.5 63.7 70.4 75.6 84.2 87.9 90.1 90.6 91.3 94.3 99.2 106.5 114.8 125 136 144.3 152.1 160.2 171.9 185.1 197 208.3 218.2 226.4 236.1 243.8 252.4 258.2 264 271.3 277.5 283.2 284.5 285.3 283.9 282.9 279.9 275.8 270.1 263.1 254.5 256.7 260 261.9 264.2 271.9 274 283.2 287 281.6 271.4 267.9 255.8 241.6 235.4 230.7 220.8 206.8 198.3 189.6 184.6
-1.3 -1.3 -1.3 -1.3 -1.3 -1.3 -1.3 -1.3 -1.3 4.3 5.7 12.3 21.3 23 27.4 29.9 30.7 42.4 47.3 47.3 49.6 56.2 60.5 64.9 73.9 81.6 87.9 88.6 88.5 90.2 93.1 97.2 105.2 114.5 121.2 130.8 141.6 152.9 161 173.6 186 196.8 207 217.6 225.4 233.8 242.1 248.7 254.9 261.2 270.3 274.5 279.3 291.6 292.6 288.4 284.2 281.1 277 270.6 262.5 257.6 259.7 261.4 263.4 268.5 279.6 283.7 288.5 293.9 292.5 283.6 274.9 269.1 256.9 248.9 242.8 235.8 225.4 213.1 203.7 197.5
-1.3 -1.3 -1.3 -1.3 -1.3 -1.3 -1.3 -1.3 -1.3 -1.3 4.8 10.6 14.4 21.9 24.3 27.1 28.7 35.8 42.6 42.1 46.5 50.2 55.5 62.3 71.6 82.9 90 90.1 85.9 87.2 90.4 97.6 106.6 116.4 123.2 133.6 140.1 147.9 161 174.8 184.8 195.5 206.1 215.5 226.2 232.7 239.2 246.7 253.3 260.8 269.2 274 278.4 292 298 294.2 290.9 283 277.8 270.9 262.7 264.4 265.7 264.3 265.9 272.8 279 287 290.1 293.7 296 292.7 285 276.1 269.9 260.4 254.2 246.4 240.1 228.3 217.4 208.9
-1.3 -1.3 -1.3 -1.3 -1.3 -1.3 -1.3 -1.3 -1.3 -1.3 -1.3 5.1 13.1 19.5 23 25.8 26.3 32.1 37.2 38.8 43.1 45.5 55.1 60.6 69.7 81.1 90.8 92.5 85.5 85.4 91 97.6 106.4 114.1 123.2 133.5 145.8 155.4 164.7 177.5 184.8 197.6 206.1 215.5 223.6 231.3 237.5 243.4 249.8 267.4 270.4 275 278.1 290.6 298.7 296 293.2 287.4 280.1 272.8 265.1 267 273.7 274.2 270.5 273 280.3 287.5 291.8 295.5 297.5 297.1 293.6 285.2 277.2 270.6 264.1 258.1 249.9 241 231.1 220.9
-1.3 -1.3 -1.3 -1.3 -1.3 -1.3 -1.3 -1.3 -1.3 -1.3 -1.3 -1.3 10.5 10.4 18.7 21.3 23.7 30 35 36.2 39.3 43.1 51 58 66.3 76.1 86.7 87.9 83.6 82.8 88.6 95.1 104.2 114.6 122.3 131.9 147.5 155.8 164.2 176.1 184.9 197.3 206.9 214.9 221.5 229.4 236.1 241.8 247.8 262.7 272.2 276.8 278.2 286.3 293.8 296.6 294.9 291.1 284.5 274.3 268.3 271.8 276.8 279.9 278.7 280.2 282.1 286.8 292.6 297.5 298.9 298.6 297.1 291.1 283.6 278.5 272.2 265.6 259.5 252.5 243.2 229.4
-1.3 -1.3 -1.3 -1.3 -1.3 -1.3 -1.3 -1.3 -1.3 -1.3 -1.3 -1.3 3.8 10.1 11.6 18 21.7 26 29.9 33.4 36.5 40.4 45.8 53.7 61.2 70.1 79.2 82.4 80.9 81.7 88.9 95.6 105.7 118.5 126 134.2 145.7 154.9 165.6 173.7 183.2 195.8 206.4 215.9 222.1 228.8 235.1 239.6 247.9 259.5 270.6 276.3 278.7 284 291.7 295.6 296.1 293.7 287.8 277.4 271.5 279.4 282.4 284.8 285.6 288.5 288.6 290.6 292.3 298.9 300.6 300.5 299 295.2 289.5 284.4 279.2 274.5 269.7 263 253.8 238.8
-1.3 -1.3 -1.3 -1.3 -1.3 -1.3 -1.3 -1.3 -1.3 -1.3 -1.3 -1.3 -1.3 8.5 10.3 15.2 18.8 20.9 23.1 27.9 32.7 36.2 43.4 50.6 57.6 65.9 72.8 77.4 75.8 82.7 88.2 96.6 109.6 120.3 127.6 135.8 146.9 155.8 166.4 173.2 184.8 196.3 206.7 216.9 223.1 227.3 234.2 238.9 244.6 257 268.6 274.4 278.1 281.5 291.4 294.9 296.1 295 289.9 281.4 274.3 284.6 289.8 297.8 302.8 308.2 304.4 299.5 298.5 300.7 302.8 303.7 300.7 298.8 293.9 289.2 284.5 281.3 277.6 270.9 263.8 250.8
-1.3 -1.3 -1.3 -1.3 -1.3 -1.3 -1.3 -1.3 -1.3 -1.3 -1.3 -1.3 -1.3 -1.3 9.8 11.9 15.9 19.2 19.6 22 26.2 31.4 39.8 45.6 53.9 60.5 69.8 74.9 77.9 83.8 88.4 98.7 112.6 122.1 129.7 137.4 147.9 156.9 165.4 174.7 183.2 196.2 206.6 217 224.3 227.3 232.8 238.1 243.2 253 266 271.8 275.5 279.8 288.1 294.7 295.3 294.9 291 283.6 276.8 289.6 301.2 310.7 316.1 321.5 318.4 311.7 311.3 307.8 307 308.3 306.2 301.5 296.8 292.8 288.5 284.9 279.8 275.8 271.3 261.7
-1.3 -1.3 -1.3 -1.3 -1.3 -1.3 -1.3 -1.3 -1.3 -1.3 -1.3 -1.3 -1.3 -1.3 1.6 8.5 12.3 15.9 15.1 19.8 23.1 26.6 34.9 41.3 48.3 56.9 65.2 67.8 75.6 83.8 88.7 97.8 110.8 120 128.2 137.4 146 156.7 167.1 172.4 182.2 195.1 207 218.6 225.8 228.8 232 236.4 241.6 250.1 262 269.5 273.5 278 284.3 290.5 294.6 295 292.1 286.1 279.9 296.2 304.4 312.7 318.5 323.6 329.8 321.1 318.3 318.4 313.8 310.8 309.1 305.3 301.3 296.4 291.7 288.2 284.2 279.2 275.8 267.2
-1.3 -1.3 -1.3 -1.3 -1.3 -1.3 -1.3 -1.3 -1.3 -1.3 -1.3 -1.3 -1.3 -1.3 -1.3 6.5 7.8 13.7 14.6 15.7 19.5 23.6 29 36.3 44.1 54.1 60.7 66 77.8 84.5 90.1 97.5 110.9 119.7 126.6 137.1 146.4 156.9 164.5 172.6 179.6 194.8 208.8 218.3 225.9 229.4 232.4 236.5 241.2 248.4 258.9 266.3 271.9 276.2 282.3 288.1 293.6 295.2 293.9 290.2 284 294.6 304 311.9 320 325.2 329.8 331 322.8 322.1 318.4 314.9 311.2 307.9 303.7 298.9 294.9 290.9 286.8 282.7 278.6 270.7
-1.3 -1.3 -1.3 -1.3 -1.3 -1.3 -1.3 -1.3 -1.3 -1.3 -1.3 -1.3 -1.3 -1.3 -1.3 -1.3 7.6 12.7 14.3 16.1 18.1 21.8 25.8 31.6 39 49.3 54.9 63.7 74.9 82.5 89.3 95.8 108.1 119 125.9 137.5 146.8 156.5 163.5 172.4 178.3 194.5 207.3 217.4 224.5 229.3 232.3 236.9 242.3 247.1 256.2 264 269.8 275.4 280.7 288.3 291.6 294.2 295.1 292.2 288 294.4 305 313.8 321 327.1 330.3 332 330.8 326.6 322.9 319.7 315.9 311.9 306.6 301.6 296.8 293.1 290 285.3 281.1 275.9
-1.3 -1.3 -1.3 -1.3 -1.3 -1.3 -1.3 -1.3 -1.3 -1.3 -1.3 -1.3 -1.3 -1.3 -1.3 -1.3 2.9 10.4 11.2 13.2 16.3 19.8 23.8 27.9 34 42 54.8 61.4 72.3 78.7 89.5 96.1 108 116 124.7 137.9 147 156.6 162.1 169.6 177.7 193.6 206.7 215.7 223 227.7 232.3 237.2 241.1 245.9 252.9 259.8 266.6 273.5 279.2 284.3 290.5 292.5 294.3 294 291.9 296.3 306.4 314.9 322.8 328.5 330.6 333.5 332.6 331.6 332.2 326.6 322.8 321.4 315.2 305.7 300.2 296.1 292.4 288.7 282.5 283.3
-1.3 -1.3 -1.3 -1.3 -1.3 -1.3 -1.3 -1.3 -1.3 -1.3 -1.3 -1.3 -1.3 -1.3 -1.3 -1.3 -1.3 7.2 8.9 11.8 13.3 16.2 18.9 23 30 36.5 45.7 57.5 70.1 78.3 88.7 95.6 104.9 112.4 124.9 137.9 145.8 154.4 161 167.8 176.4 189.1 203.7 213.1 220.5 225.5 231.1 235.7 240.6 245.6 251 257.1 265.1 272.2 277.9 282.5 287.5 291.4 293.6 295.6 294.7 299.5 311.7 316.8 322.2 327.3 330.3 338.7 335.8 337.1 337.4 334.9 336.5 332.8 328.1 314.6 303.6 300.3 296.4 294.2 292.1 289.7
-1.3 -1.3 -1.3 -1.3 -1.3 -1.3 -1.3 -1.3 -1.3 -1.3 -1.3 -1.3 -1.3 -1.3 -1.3 -1.3 -1.3 2.5 7.1 9.9 13.6 14.2 15.5 19.2 25.9 36.3 46.4 53.4 65.3 77.7 87.4 97.1 102.3 115.3 128 134.7 144 155.1 161.3 168.2 175.2 186.9 199.4 209.2 215.9 223 229.3 234.7 239.9 244.9 249.9 255.5 263.2 270.8 276.9 282.1 285.2 290 292.1 294.9 295.3 301.3 315.3 319.5 322.7 326 330.5 336.9 340.3 340.4 342.4 340.3 343.5 341.2 336.7 326.9 312.7 304.1 300.5 297.4 296.9 295.7
-1.3 -1.3 -1.3 -1.3 -1.3 -1.3 -1.3 -1.3 -1.3 -1.3 -1.3 -1.3 -1.3 -1.3 -1.3 -1.3 -1.3 -1.3 5.1 6.2 9.7 13 14 16.6 22.3 31.6 45.3 52.9 64.6 75.8 84.2 92.9 98.9 112 129.3 134.6 144 154.8 161.2 165.5 174 183.9 194.3 204.6 213.7 220.9 226.6 232.9 237.9 242.3 246.4 251.6 260.3 268.6 274.4 280.6 284.7 288.6 291.6 294.1 295.9 306.6 318.7 322.5 324.6 327.7 331.4 338.3 344.3 343.2 344.7 349.2 350.1 347.6 341.3 331.4 319.4 309.1 305.4 301.8 307 303.1
-1.3 -1.3 -1.3 -1.3 -1.3 -1.3 -1.3 -1.3 -1.3 -1.3 -1.3 -1.3 -1.3 -1.3 -1.3 -1.3 -1.3 -1.3 0.6 4.2 6.3 10 13 15.3 21.8 29.8 41.1 51 61.1 71.7 85.3 95.5 102.5 115.9 128.7 135.5 141.1 153 159.2 164.7 171.3 181.1 191.2 202.7 211.5 216.8 222.2 227.9 232.4 235.6 242.8 246.3 258.3 267.3 276.1 280.8 284.9 289.5 293.7 296.2 298.5 311.1 322.8 328.3 333.2 332 334.2 342.4 349.7 347 349 354 353.5 351.6 345.7 334.5 323.3 316.7 313.7 308.2 315.1 313.6
-1.3 -1.3 -1.3 -1.3 -1.3 -1.3 -1.3 -1.3 -1.3 -1.3 -1.3 -1.3 -1.3 -1.3 -1.3 -1.3 -1.3 -1.3 -1.3 1.2 4.7 6.3 9.4 13.9 20.3 27.9 37.8 46.8 54.4 73.3 83.1 92.8 101.3 110 123.5 134 141.6 149.5 157.7 162.8 169.4 176.9 188.6 198.1 205.1 213.2 218.1 226.4 233 238.5 244.5 250.2 256.2 265.6 276.2 280.9 285 291.5 297.1 299.8 302.1 314.5 325 333.5 338.4 337.4 337.5 343.9 351.7 351.4 357.2 356.3 355.5 352.5 346.6 337 325.4 320.7 319 317.6 319.2 318.7
-1.3 -1.3 -1.3 -1.3 -1.3 -1.3 -1.3 -1.3 -1.3 -1.3 -1.3 -1.3 -1.3 -1.3 -1.3 -1.3 -1.3 -1.3 -1.3 -1.3 1.5 -1.3 6.7 11.7 17.8 27.4 35.5 47.5 56.9 73.2 81.1 89.7 99.6 109.6 121.2 131.4 140.2 146.9 155.7 160.8 166.3 173.5 184.8 195.3 204.6 212 218.1 224.2 230.9 236.7 242.8 249.1 254.9 266.7 280.2 283.9 288.2 297.5 301.4 303.4 306.6 315.9 324.9 333.6 340.2 340.9 341.6 345.3 348.1 351.1 360.9 358.3 355.6 352.6 346.6 336.4 327.8 322.6 319.8 320.3 322 323.4
-1.3 -1.3 -1.3 -1.3 -1.3 -1.3 -1.3 -1.3 -1.3 -1.3 -1.3 -1.3 -1.3 -1.3 -1.3 -1.3 -1.3 -1.3 -1.3 -1.3 -1.3 -1.3 4 8.4 12.9 24.2 32.4 44.5 59 73.1 80.3 89 98.4 107 115.5 127.6 138.5 145.5 150.1 157.4 165.4 173.5 181.4 190.8 200.8 209.1 215.4 220.6 227.9 234.8 241 247.3 252.4 265.3 279.9 288.1 294.2 304.1 310.2 308.4 310 317.2 325.1 336.1 345.5 342.6 343 345.2 346.5 350.9 360.5 358.3 353.5 350.4 343.8 335.2 329.1 324.7 322.6 323 324.9 327.2
-1.3 -1.3 -1.3 -1.3 -1.3 -1.3 -1.3 -1.3 -1.3 -1.3 -1.3 -1.3 -1.3 -1.3 -1.3 -1.3 -1.3 -1.3 -1.3 -1.3 -1.3 -1.3 1.3 7.5 11.8 22.8 29.4 43.7 59 71.2 78.2 87.3 93.6 101.6 112.2 121.6 132.9 141.5 149.3 158.2 164.1 171.7 179.5 187.1 195.6 204.4 212 218.4 224.1 231 237.7 244.2 255.3 263.2 280.6 290.5 296.9 305.7 313.7 313.7 312.9 319.5 327.3 337.8 348.4 346.2 344.2 344.7 345.1 347 351.8 355.6 351.4 346.5 339.9 334.3 329.6 326.2 324.9 325.9 327.9 330.3
-1.3 -1.3 -1.3 -1.3 -1.3 -1.3 -1.3 -1.3 -1.3 -1.3 -1.3 -1.3 -1.3 -1.3 -1.3 -1.3 -1.3 -1.3 -1.3 -1.3 -1.3 -1.3 -1.3 3 10.7 18.8 28.3 44.3 57.9 66.9 75 81.7 90.1 98.3 108.1 119.9 129.1 139.4 145.7 156.4 162.9 167.7 174.3 183 191 202.6 208.1 216.5 224 230.2 237.2 251.7 261.5 264.9 278.8 290.8 298.6 304.7 311.8 315.2 313.9 319.9 326.8 336.6 343.3 345.9 345 345.8 343.4 343 345.2 348.9 347.7 343.8 337.8 333.4 330.2 327.3 327.2 329 333.7 334
-1.3 -1.3 -1.3 -1.3 -1.3 -1.3 -1.3 -1.3 -1.3 -1.3 -1.3 -1.3 -1.3 -1.3 -1.3 -1.3 -1.3 -1.3 -1.3 -1.3 -1.3 -1.3 -1.3 1.2 10.2 18.9 26.1 39.4 51.7 64 72.9 78.9 86.9 96.3 105.6 115.5 125.2 135.3 144 152.1 158 163.6 171.1 179.3 190.4 199.9 208.3 215.7 223 230.7 236.9 249.1 263.4 268.7 279.9 288.6 295.8 305.6 310.5 314.4 315.2 320 325.9 334.4 342 342.5 342.3 344.8 341.9 340.1 339.4 340.1 341.6 340.9 335.6 331.9 329.5 328.6 330.1 332.5 337.9 338.7
-1.3 -1.3 -1.3 -1.3 -1.3 -1.3 -1.3 -1.3 -1.3 -1.3 -1.3 -1.3 -1.3 -1.3 -1.3 -1.3 -1.3 -1.3 -1.3 -1.3 -1.3 -1.3 -1.3 -1.3 8.6 16.6 22.6 35.3 48.3 60.2 69.4 77.7 86.3 93.5 101.9 110.2 120.6 129.8 138.3 146.5 154.5 160.3 167.8 177.7 186.8 197.4 206.5 213.5 221.5 229.2 238.6 250.8 261.3 270.4 279.3 287.4 296.1 306.7 309.3 312.4 314.1 316.2 322.5 331.6 339.9 340.4 339.9 340.8 339.2 338 337.1 337.8 337.1 336.3 334 331.6 330.7 330.6 330.9 334.5 340.4 340.9
-1.3 -1.3 -1.3 -1.3 -1.3 -1.3 -1.3 -1.3 -1.3 -1.3 -1.3 -1.3 -1.3 -1.3 -1.3 -1.3 -1.3 -1.3 -1.3 -1.3 -1.3 -1.3 -1.3 -1.3 8.3 13.5 22.7 35.5 47.9 57.8 65.8 74.5 83.7 90.8 97.9 106 116 127.6 132.8 143.9 153.8 158.6 164.9 173.2 183.7 191.8 203.5 211.7 219.3 226.5 241.5 254.2 262.8 271.1 278.1 284.9 294.1 305.4 308.2 310 311.7 313.7 319.1 327.2 336.1 337.6 337 335.4 334.2 334.5 335.2 335.6 335.1 334.8 333.5 331.1 330.9 331.3 334.3 339.7 339.2 340.2
-1.3 -1.3 -1.3 -1.3 -1.3 -1.3 -1.3 -1.3 -1.3 -1.3 -1.3 -1.3 -1.3 -1.3 -1.3 -1.3 -1.3 -1.3 -1.3 -1.3 -1.3 -1.3 -1.3 -1.3 5.8 11.7 21.5 29.7 45.3 54.6 61.9 70.4 80.3 85.4 91.8 99.9 113.9 124.7 130.4 140.6 150.3 156.6 162.6 168.6 177.8 191.5 200.9 209.1 216.1 224.6 244.7 255.6 264.5 271.6 281.2 285.6 291.3 300.7 305.4 307.1 308.5 311 315.5 324.5 330.8 334 333 331.7 331 330.8 332.4 333.9 334.3 334 332.8 331.3 331 331 333.8 339.5 338.1 337.3
-1.3 -1.3 -1.3 -1.3 -1.3 -1.3 -1.3 -1.3 -1.3 -1.3 -1.3 -1.3 -1.3 -1.3 -1.3 -1.3 -1.3 -1.3 -1.3 -1.3 -1.3 -1.3 -1.3 -1.3 3.1 9.3 17.7 27.3 41.9 50.2 59.2 65.9 75.1 84.8 92.7 100.2 110.3 120.9 128.6 137.6 147.4 153.8 157.4 165.5 172 187.6 198.6 206.6 215.3 226.8 247.2 256.6 265.6 271.4 280.5 285.1 288.7 295.5 300 303.8 305.8 306.9 310.9 319.4 326.3 328.8 329.5 327.1 326.8 327.8 331.3 333.2 333.2 333.2 332.1 331.4 331.1 330.8 333.3 339.3 336.9 335.4
-1.3 -1.3 -1.3 -1.3 -1.3 -1.3 -1.3 -1.3 -1.3 -1.3 -1.3 -1.3 -1.3 -1.3 -1.3 -1.3 -1.3 -1.3 -1.3 -1.3 -1.3 -1.3 -1.3 -1.3 0.8 6.6 16.8 26.9 34.9 45.1 53.3 63.1 72.4 81.5 89.8 96.9 107.1 117.9 125.5 132.9 143.5 150.5 156.9 161.7 171.4 185.3 197 207.8 214.4 230.1 249 258.8 266.9 273.3 277.9 281.9 287.3 290.7 294.6 299.8 302.4 303.5 305.3 314.5 321.2 323.5 324.1 323.3 322.8 324.5 327.5 330.6 331.5 333.7 334.9 332 330.2 329.5 332 335.5 334.9 333.3
-1.3 -1.3 -1.3 -1.3 -1.3 -1.3 -1.3 -1.3 -1.3 -1.3 -1.3 -1.3 -1.3 -1.3 -1.3 -1.3 -1.3 -1.3 -1.3 -1.3 -1.3 -1.3 -1.3 -1.3 -1.3 4.6 11.6 22.5 31.1 41.6 50.7 60.7 68.5 77 86.4 93.5 100 112.8 122.9 130.6 140.6 149.7 154.9 161.1 172.1 182.1 194.3 209.8 217.6 231.2 247.6 258.3 268.4 273.3 277.8 281.5 284.5 286.5 289.2 294.4 297.5 299.6 300.9 307.9 315 319.6 320.5 319.4 319 321.6 324 327.4 330.5 332.9 337.9 334.4 330.6 327.9 329.1 331.6 332.2 330
-1.3 -1.3 -1.3 -1.3 -1.3 -1.3 -1.3 -1.3 -1.3 -1.3 -1.3 -1.3 -1.3 -1.3 -1.3 -1.3 -1.3 -1.3 -1.3 -1.3 -1.3 -1.3 -1.3 -1.3 -1.3 -1.3 10.3 19.3 27.7 38 48.2 56.8 63.9 72.4 81.8 89.2 98.3 108.7 119 127.5 137.7 145.5 153.5 160.5 170 182.3 196.2 210.2 222.2 229.8 246.1 258.8 269.3 273.8 276.7 279.3 281.7 283.5 285 288.1 291.6 295 297.9 301.6 309.7 316 317.2 316.6 316.2 318.2 320.9 326.6 329.1 331 332 333.6 329.7 327.1 326.8 328.2 329.3 329
-1.3 -1.3 -1.3 -1.3 -1.3 -1.3 -1.3 -1.3 -1.3 -1.3 -1.3 -1.3 -1.3 -1.3 -1.3 -1.3 -1.3 -1.3 -1.3 -1.3 -1.3 -1.3 -1.3 -1.3 -1.3 -1.3 7 18.7 23.2 34.1 44.3 53 60.8 68.1 76.9 85.5 94.1 103.9 113.8 124.6 134.9 144.9 151.6 160.6 168.1 182.8 198.5 211.3 221.4 228.7 242.4 257.6 265 271.6 273.5 276.5 280.1 280.9 282.6 285.3 288.1 291 294.1 297.7 306 315.7 313.2 312.6 313 315.1 317.9 323.3 326.2 327.1 328 329.7 329.7 326.5 324.6 324.4 326.3 327.9
-1.3 -1.3 -1.3 -1.3 -1.3 -1.3 -1.3 -1.3 -1.3 -1.3 -1.3 -1.3 -1.3 -1.3 -1.3 -1.3 -1.3 -1.3 -1.3 -1.3 -1.3 -1.3 -1.3 -1.3 -1.3 -1.3 6.6 10.8 19.7 31.3 40.6 48.6 57.3 65.2 73.7 81.2 90.2 99 109.6 119.4 131.9 140.3 149.5 158.7 168.1 184.6 201.1 217.2 222.3 228.9 238.2 251.1 259.8 267.3 271.3 274.9 277.9 278.6 280.9 283.7 285.6 288.2 290.9 296 300.5 307.8 310.4 309.4 309.8 311.6 315.7 319.7 323 322.9 324.9 326.8 327.1 326.7 324 322.2 321 322.6
-1.3 -1.3 -1.3 -1.3 -1.3 -1.3 -1.3 -1.3 -1.3 -1.3 -1.3 -1.3 -1.3 -1.3 -1.3 -1.3 -1.3 -1.3 -1.3 -1.3 -1.3 -1.3 -1.3 -1.3 -1.3 -1.3 6.1 8.6 17.1 28.8 36.7 44.7 54.1 62.1 69.5 76.5 87 95.5 105.7 117.4 129 134.9 147.2 155.5 171 185.9 200 213.8 223.7 228.7 233.2 242.8 254.3 261.7 268.6 272.9 275.6 276.8 279.5 281.5 282.9 285.2 287.5 294 298.8 302.4 305.4 307.3 305.3 308.3 313.3 314.6 316.9 319.7 321.5 322.8 324.3 324.9 324.1 321.2 319.4 320.7
-1.3 -1.3 -1.3 -1.3 -1.3 -1.3 -1.3 -1.3 -1.3 -1.3 -1.3 -1.3 -1.3 -1.3 -1.3 -1.3 -1.3 -1.3 -1.3 -1.3 -1.3 -1.3 -1.3 -1.3 -1.3 -1.3 -1.3 5.1 11 22.6 32.4 40.7 49.1 59.1 65.5 75.1 83.7 93.1 101.8 111.6 125.5 137.5 145.1 155.9 171.3 185 195.6 212.4 223.5 228.6 231 236.9 248.1 258 265.1 269.4 272.6 274.6 276.6 279 280.7 282.3 284.6 288.5 293.9 296.9 300.7 301.8 302.2 303.7 306.1 309.6 313.1 315.8 317.8 319.3 320.4 321.1 321 319.8 318.1 319.6
-1.3 -1.3 -1.3 -1.3 -1.3 -1.3 -1.3 -1.3 -1.3 -1.3 -1.3 -1.3 -1.3 -1.3 -1.3 -1.3 -1.3 -1.3 -1.3 -1.3 -1.3 -1.3 -1.3 -1.3 -1.3 -1.3 -1.3 5.7 9.2 18.5 28.2 36.9 44.5 54.5 62.3 69.4 79.2 88.6 96.8 107.1 121.3 136.3 145.9 157.8 169.7 181.6 191.4 212.6 223.6 227.3 229.2 233.5 244.2 253.6 260.5 265.4 269.6 272.3 275 276.5 277.9 279.2 280.6 284.5 289.8 292.4 297.4 299.5 297.8 299.7 301.6 305.1 308.2 311.8 313.5 314.9 316.3 317.3 317.7 317.3 316.4 318.7
