Game/Highland_Data/StreamingAssets/GeoData/Data/ns/NS29.asc
ncols 200
nrows 200
xllcorner 220000
yllcorner 690000
cellsize 50
[rows 0 to 35 of 200, columns 0 to 79 of 200]
-1.3 -1.3 -1.3 -1.3 -1.3 8.6 25.1 41.8 82.7 100.5 142.8 170.9 216 243 262.8 289.6 285.2 284.3 300.9 295 280.1 272.6 272.1 275.3 274.2 269.3 288.7 302.5 316.3 329.4 347.3 357.3 367.2 380.4 385.9 399.8 414.5 425.5 436.6 448.1 459 467.6 481.2 489 498.9 521.3 540.2 550.1 552.5 556.6 552.9 562.1 561.2 563.1 538.6 525.8 518.5 516.8 502.7 500.7 492.4 493.2 496.8 496.5 501.1 504.5 503.1 519.4 526.4 545.7 557.8 566.3 587.9 599.9 598 591.5 578.1 564.3 549.4 534.8
-1.3 -1.3 -1.3 -1.3 -1.3 6.9 17.5 35.6 64.5 94.5 128.9 162 192.1 217.2 241.2 259.6 268.1 279.3 296.9 291.7 281.8 264.3 259.6 261.9 262.1 268 287.9 303.4 315.6 328.6 348.3 358.5 372.2 386.2 398.4 405.2 415.4 426.4 440.7 448.8 457.6 464.4 485.6 494.2 501.5 519.6 540.3 549.6 550.1 547.1 541.3 539.8 548.6 548.8 531.7 507.1 501 500.1 488.1 484.9 479.6 476.8 481.9 477.6 482 486.6 493.3 507.9 512.5 523.7 536.6 553.1 564.5 581.7 584.3 589.2 579.2 556.3 531.3 515.5
-1.3 -1.3 -1.3 -1.3 -1.3 -1.3 8.8 27.5 49.5 87 106.6 147.9 183.3 207.6 231.8 240.3 262.7 263.1 288.7 287.4 275.9 259.6 251.7 250.9 255.6 271 286.5 304.8 317.8 328.2 347.8 360 373.3 391.3 403.6 413.6 416.5 429.1 442.2 451.1 460.4 469.3 486.8 501.5 509.7 520.1 532 544.4 548.4 540.5 529.6 524.6 523.2 524.4 521.1 499.5 486.8 483.1 480 473.5 470.6 470.7 465.5 464.2 470.4 476.7 483.5 494.1 499.3 511.2 518.9 531.8 541.1 561.8 564.7 572.3 572.8 565 530.2 506.3
-1.3 -1.3 -1.3 -1.3 -1.3 -1.3 -1.3 17.9 39.1 72.3 89.7 131.1 154.5 182.4 213.9 229 247.3 250.3 279.9 279.7 274 257.6 244.6 243.7 253.5 267.5 284.6 302.8 315.3 326.1 346.2 361.4 373.2 394.9 406.4 421.6 434.6 427.2 443.5 456.5 467.7 475.2 489.1 503.1 512.4 523.1 533.1 545.1 541.8 534.7 516.5 512.2 513.5 506 497.4 486 478.6 469.4 464.3 461.3 458.6 461 457.1 453.2 456.6 464 467.7 477.5 484.6 496.7 504.1 509.2 523.8 532.5 536.2 544.3 558 552.6 532.6 499.1
-1.3 -1.3 -1.3 -1.3 -1.3 -1.3 -1.3 12.5 35.9 60.9 84.5 117.4 134.3 157.8 186.2 208.1 227.7 234.5 255.2 267.3 263 249.4 236.6 237.2 250.2 263.1 282.6 298.8 311 325.4 340.9 358.9 372.6 391.3 406 426.1 440.8 445.6 441.2 461.5 471.1 479.2 492 500.9 516.9 525.5 529.7 532.8 528.6 521.4 510.2 508.8 510.7 505 495.9 483.7 479.2 468.9 454.3 451.7 450.4 452.6 450.4 442 444.2 451.8 453.8 459.6 470.2 478.2 485.6 486 503.3 507.6 510.2 515.2 528.3 537.2 523.9 496.5
-1.3 -1.3 -1.3 -1.3 -1.3 -1.3 -1.3 7.4 24.8 51.5 74.8 99.2 119.2 134 157.9 180.4 197.1 217.6 242.8 257.6 253.3 244.1 224 229.7 244.7 256.6 280.4 296.3 304.6 323 339.4 355.6 373.4 387.1 403.2 425.8 444.9 452 455.7 458.3 473.2 485.3 493 500.4 513.4 525 530.7 528.1 520.8 520.7 511.4 509.1 507.7 503.3 494.3 485.6 475.3 462.6 449.5 444.8 443.7 440 437.7 436.7 433 436.5 440.8 445.4 453.7 460.5 467.2 466.1 477.8 493 494.7 495.5 504.2 512 516.7 488.6
-1.3 -1.3 -1.3 -1.3 -1.3 -1.3 -1.3 -1.3 9.3 28.6 60.8 77.8 100.3 121 142.1 166.4 182.7 207.6 232.2 252.6 246.7 237.9 220.9 220.9 237.7 252.8 270.9 291 298.4 321 338.3 353 371 385.2 402.7 422.4 445.2 454.4 466.1 471.1 470.1 486.4 491 497.2 514.4 523.1 522.4 522.8 519.8 515.8 507.8 505 502.9 500.4 489.1 481.7 470.4 455.3 445.8 440.9 436 432 432.4 427.3 419.6 419.7 425.7 427.2 438 443.8 449.7 447.2 452 462.3 472.5 475.9 482.1 490.2 487.3 476.5
-1.3 -1.3 -1.3 -1.3 -1.3 -1.3 -1.3 -1.3 4.2 12.1 39.1 60.8 75 111.4 139.9 150.4 164.4 188.7 218.6 240.8 240.1 232.2 215.8 217.4 231.6 246.6 266.6 282.4 295.2 317.8 332.5 348.1 365.3 380.3 398.9 420.5 442.7 462.1 471.3 475.8 477 483 488.5 495.1 504.6 516.6 526.7 529.1 523.3 513.4 507.6 501.8 497.3 493.2 485.3 475.5 462.2 447.1 440.3 430.8 431.5 425.2 423.4 418.7 411 406.4 406.2 407.6 420.7 426.5 427.5 427.3 423.7 435.3 445.2 453.1 461.4 465.6 471.3 464.7
-1.3 -1.3 -1.3 -1.3 -1.3 -1.3 -1.3 -1.3 -1.3 7.8 26.4 42.4 61.4 91.6 132.7 147.8 149.2 165.5 199.4 225.6 224.3 220.6 201.6 212.8 225.2 237.9 259.9 275.9 291.2 312.7 328 345.5 362.4 373.4 387 413.7 438.5 461.2 472 479.4 489.4 485.8 486.7 489.6 498.9 518.8 527.5 531 530.5 529.4 513 503.6 496.7 488.9 478.6 468 456.3 445.4 439 430.5 423.7 417.1 413 409.2 404.2 399.2 395.9 395.5 400.8 406.1 409.4 410.3 407.1 417 425.9 432.3 441 444.6 455 455.1
-1.3 -1.3 -1.3 -1.3 -1.3 -1.3 -1.3 -1.3 -1.3 1.8 13.8 27.5 46.7 70.5 110.5 142.5 144 157.7 171.9 188.6 198.9 197.6 197.4 206.9 222 234.5 252.5 268.3 284.4 304.1 325.1 337.5 356.5 367.5 382.4 398.8 432.1 450.6 460.4 475.2 492.2 499.4 490.7 488.7 501.9 514.2 522.6 535.9 540.3 528.5 518.2 507.9 502.4 493.4 480.7 472.1 463.8 448.6 440.2 428.2 418 410.5 402.7 398.5 395.6 390.2 385.2 380.6 385.5 387.9 391.5 391.7 390.8 400.8 409.8 415.9 413.3 420.4 426.6 425.1
-1.3 -1.3 -1.3 -1.3 -1.3 -1.3 -1.3 -1.3 -1.3 -1.3 4.5 11.1 33 60.1 87.6 110.2 123.5 138.3 157.4 172.1 180.7 183 193.5 201 217.1 228.3 246 261 280 298.1 315.6 334.5 351.1 366 380 391.2 419.8 440.1 453 466.5 484.1 501 497.9 495.4 494.9 512.4 525.5 538.3 539.2 530.3 516.5 513.3 504.2 498.2 491.3 482.5 470.2 456.4 444.8 432.2 420.3 410 400.1 390.9 386.2 380.9 378.9 376.5 371.8 374.9 377.7 381 378.4 385.7 393.2 399 397.3 396.7 399.6 403.7
-1.3 -1.3 -1.3 -1.3 -1.3 -1.3 -1.3 -1.3 -1.3 -1.3 -1.3 3.5 19.1 47.2 70.4 92.3 108.3 130.1 144.3 160.5 169.4 179.1 183.9 195.2 211.9 225.3 239.6 255.2 271.5 290 309.3 327.4 341.4 361.8 369.1 381.9 399.5 428.2 445.2 452.9 469.1 487.6 488.9 496.1 499.5 506.3 521.1 534.6 534 529 523.1 517.9 509.1 505.1 500.4 491.9 480.2 464.9 452.8 439.8 425.6 414.9 405.5 398.6 391.4 383.6 379.8 371.2 369.9 361.7 371.1 372.9 369.5 375.1 377.5 382.4 382.1 381.1 380.4 383.3
-1.3 -1.3 -1.3 -1.3 -1.3 -1.3 -1.3 -1.3 -1.3 -1.3 -1.3 -1.3 5.8 30 53.3 69.8 94.5 114.7 134 151.2 160 172.3 177.3 187.8 206.5 219.2 235.7 252.6 267.5 283.4 306.3 326.3 338.3 359.7 362.3 376.1 390.8 421.2 439.5 442.9 459.4 469.8 483.4 489.5 497.2 499.1 507.9 523.2 530.7 523.2 522.9 522.9 516.9 512.1 508.5 504.8 493.1 480.8 466.2 450.1 431.2 422.8 413.5 404.7 397.3 390.1 384.3 376.7 370.9 369.9 353.6 363.9 363.2 363.9 365.7 367.9 366.4 367.6 367.3 367
-1.3 -1.3 -1.3 -1.3 -1.3 -1.3 -1.3 -1.3 -1.3 -1.3 -1.3 -1.3 -1.3 10.4 36 56.1 77.2 102.2 120.3 136.9 154.6 163.3 174 184 200.6 214.1 229 244.7 262.6 279.2 303.3 323.5 335.2 349.2 357.4 366.1 382.2 403 429.9 431.6 447.9 459.8 478.3 482.5 491.2 494.3 498.3 510.5 526.2 526.8 533 536.6 526.4 518.3 517.2 518.7 513.7 498.2 483.4 464.1 442.2 433.1 424.2 411.6 403.6 396.4 388.9 383.2 375.4 370.5 359.9 346 356.9 356.3 356.5 355.7 358.4 357 354.2 352.3
-1.3 -1.3 -1.3 -1.3 -1.3 -1.3 -1.3 -1.3 -1.3 -1.3 -1.3 -1.3 -1.3 2.6 21.4 39.4 55 89.1 107 136.1 150.8 158.1 167.3 177.2 193 211.7 226 238.6 256.9 274.6 297.2 317.5 332.3 344.4 353.9 362.6 376.2 393.9 418.6 423.4 436.3 453.2 465.5 472.5 485.6 502.3 506.4 508.9 519 528.6 545.4 547.9 545.6 527.8 527.3 528.8 530.5 519.2 493.7 486.5 458.8 443.6 433.8 421.7 413.3 405.8 400.2 393.5 384.2 376.8 367.5 352.8 342.5 336.3 342.3 346.1 342.8 345.8 344.4 342.9
-1.3 -1.3 -1.3 -1.3 -1.3 -1.3 -1.3 -1.3 -1.3 -1.3 -1.3 -1.3 -1.3 -1.3 3.8 21 49.2 79.8 105.7 129.4 146.1 154.7 162.2 174.2 186.2 204.7 221.1 233.3 248.5 269.3 292.7 315.9 332.3 348.7 357.6 362.1 369.4 383 411.5 415.6 427.8 444.3 458.1 466.2 489.5 503 508.9 511.6 518.5 525.2 542 548.2 548.6 541.5 538.8 540.1 549.8 533.6 507.4 491 471.4 455.9 446.3 436.7 428.5 419 412.8 405.1 395.6 384.4 373.2 363 359.1 346.8 331.6 328.9 339.3 334.7 334.7 332
-1.3 -1.3 -1.3 -1.3 -1.3 -1.3 -1.3 -1.3 -1.3 -1.3 -1.3 -1.3 -1.3 -1.3 1.5 7.6 44.5 72.2 104.8 121.7 138.9 147.7 157.4 168.1 182.1 199.8 216.8 227.5 239.3 262.6 285.8 314.9 333.7 345.5 357.8 360.6 364.6 375 401.3 406.8 417.2 433.5 443.7 468.8 486.2 499.6 508.2 519.8 519 524.2 531.7 542.5 545.1 544.9 548.9 549.6 550.4 540.1 531.2 515.7 492.7 469.6 456.9 449 441.9 433.6 424.5 416.4 407.7 395.5 382.9 374.6 364.8 357.3 346.5 332.4 320.2 330.4 326 324.9
-1.3 -1.3 -1.3 -1.3 -1.3 -1.3 -1.3 -1.3 -1.3 -1.3 -1.3 -1.3 -1.3 -1.3 -1.3 4.1 35.9 62.4 90.1 116.4 128.9 141 153 162.7 176.4 198.1 212.2 221.2 232.4 254 278.4 304.4 328.1 339 353.9 353.5 362.1 372.9 385.8 399.3 408.7 416.6 447.4 466.6 486.5 495.6 510.3 524.4 520.3 521.4 527.4 544 554 554.4 549.9 549.6 544.1 540.7 537.7 527.3 498.2 479.5 466.3 459.4 452.7 442.5 437.2 427.4 415.9 403.7 393.9 383.7 371.7 360.7 351 341 324.8 311.1 312.1 316.1
-1.3 -1.3 -1.3 -1.3 -1.3 -1.3 -1.3 -1.3 -1.3 -1.3 -1.3 -1.3 -1.3 -1.3 -1.3 -1.3 24.7 52.1 79.5 108.4 120.2 132.2 150.4 159.9 169.3 186 205.4 216.7 228.6 247.6 271.9 296.2 317.4 333.6 342 347.4 360.7 379 386.1 390.7 398.8 420.7 439.6 457.2 483.1 488.4 511.2 515.8 516.1 522.1 529.2 545 551.6 557.4 554.7 554.8 548.9 544.2 535 524 504.4 487 477.2 470.1 466.8 459.2 449.2 439 422.2 412.3 401.1 388.2 376.7 365.3 354.5 344.9 335.7 321.6 304.8 301.3
-1.3 -1.3 -1.3 -1.3 -1.3 -1.3 -1.3 -1.3 -1.3 -1.3 -1.3 -1.3 -1.3 -1.3 -1.3 -1.3 16.9 46.6 66 97.8 111.3 123.6 142.9 156.7 166.9 179.7 198.4 214.9 228.4 248.1 268.6 289 306.5 320.6 328.6 344.9 354.7 371.7 382.7 384.7 393 421.3 434.6 444.1 474.9 480.1 507.7 509 511 528.8 533.1 550.6 550.1 551.3 562.3 569.6 559.7 561.6 553.8 532.2 515.4 502.1 493.4 487.7 480.7 472.1 460.1 445.4 431 417.4 404.7 394.1 382.3 370.5 358.1 346.6 335.9 324.8 316 303.8
-1.3 -1.3 -1.3 -1.3 -1.3 -1.3 -1.3 -1.3 -1.3 -1.3 -1.3 -1.3 -1.3 -1.3 -1.3 -1.3 14.2 39.5 62.2 87.2 103.2 115.6 137.4 151.9 161.5 176.7 195.4 212.1 228.2 244.8 267 287.3 297.1 309.1 323.1 341.6 349.4 363.7 374.6 381.5 389.4 409.9 422 434.4 453.5 471.4 491.2 500.8 510.2 529.1 535.3 542 552.7 565.3 570.4 565.9 561.3 564.4 561.2 542 526.5 526.9 513.8 501.1 493.4 479 466.3 448.3 440.3 427.3 414.2 401.4 388.3 373.9 361.5 347.6 336.2 325.9 317.6 309.5
-1.3 -1.3 -1.3 -1.3 -1.3 -1.3 -1.3 -1.3 -1.3 -1.3 -1.3 -1.3 -1.3 -1.3 -1.3 -1.3 9.8 36.3 58.8 75.4 92.6 114.6 133.4 145.7 158.1 172.7 187.8 206 222.2 240.3 260.9 278.8 295.8 309.3 321.3 333.2 345.2 359.1 371.9 381.7 390.1 403.4 418.7 435.8 450.7 465.4 480.9 499.6 513.1 530.4 534.2 541.2 556.1 572.3 571.5 577.1 572.2 570.6 562.3 552.9 550.6 547 535.1 518.4 504.9 491.1 474.8 459.2 446.7 434.3 420.6 405.9 391.7 378.1 362.8 348.7 336.7 326.3 318 308.5
-1.3 -1.3 -1.3 -1.3 -1.3 -1.3 -1.3 -1.3 -1.3 -1.3 -1.3 -1.3 -1.3 -1.3 -1.3 -1.3 2.7 32.7 55.3 69.6 84.6 112.9 126.7 139.9 152.8 167.2 184.3 198.3 216.3 241.6 261.2 278.4 294.1 310.9 318.8 330.6 342.6 358.5 371.7 379.4 391.2 402 416 436.4 450.7 466.9 478.2 494.7 510.7 527.9 532.4 544.3 550.6 563.2 569.2 579 577.6 573.3 577.4 582 576.4 577.2 560.7 537.5 521.7 499.3 483.7 464.4 451.4 440 424.8 406.1 391.3 381.8 365.5 349.7 337.3 326 315 305.4
-1.3 -1.3 -1.3 -1.3 -1.3 -1.3 -1.3 -1.3 -1.3 -1.3 -1.3 -1.3 -1.3 -1.3 -1.3 -1.3 -1.3 23.9 46.3 57.5 78.4 112.6 124.6 136.6 150.7 168.8 186.7 201.8 222 247.7 265.1 279.4 290.9 306.5 318.2 329.2 344.2 356.9 366.9 378.1 390.8 401.4 410.9 431.6 447.4 459 474.8 491.8 511.2 519.5 529 549.1 551.7 556.8 564.1 565.2 570.2 583.7 604.5 605.3 607.9 611.3 595 566.3 540.4 505.1 483.3 463.5 453.2 439.7 424.5 410.4 390.6 377.5 363.1 347.4 336.4 324.9 311.4 300.4
-1.3 -1.3 -1.3 -1.3 -1.3 -1.3 -1.3 -1.3 -1.3 -1.3 -1.3 -1.3 -1.3 -1.3 -1.3 -1.3 -1.3 15.6 36 49.4 63.5 110.3 123.7 137.1 149.9 169.6 185.6 203.2 226.6 250.5 270.4 284.1 302.2 316 320.2 332.9 345.6 356.1 367.2 382.2 396.9 404.3 409.8 423.6 438.4 454.9 473.8 490.1 499.2 518.7 524.5 544 548.7 550.5 557.5 565.4 576 601.1 615.9 620.3 622.2 626.1 621.2 586.4 547.5 525.1 482.2 467.5 453.4 438.9 425.8 412.7 395.6 378.6 360.5 345.6 334.2 327.7 312.5 298.3
-1.3 -1.3 -1.3 -1.3 -1.3 -1.3 -1.3 -1.3 -1.3 -1.3 -1.3 -1.3 -1.3 -1.3 -1.3 -1.3 -1.3 8.4 30.5 42.3 61 96.5 123.7 134.8 150.5 167.1 183 203.5 225.6 244.6 270.2 287.2 307.3 318.1 330.9 335.3 345.8 360.2 373.6 386.1 396.9 410.8 413.8 419.7 438 448.9 469.2 487.8 500.8 512.7 517.3 527.4 535.5 550.2 565.3 576.1 591.3 612.7 622.5 626.1 635.7 635.7 627.4 595.1 548.7 531.8 491.6 466.3 451.4 438.6 423 410.4 390.6 374.6 359 343.5 330.5 323.7 307.4 295.6
-1.3 -1.3 -1.3 -1.3 -1.3 -1.3 -1.3 -1.3 -1.3 -1.3 -1.3 -1.3 -1.3 -1.3 -1.3 -1.3 -1.3 4.5 21.5 40.3 62.4 88.1 117.1 131.6 144.1 160.4 181.8 203.9 224.9 244.2 266.2 284.4 302.4 319.4 331.2 339.3 345.7 359.5 377.6 388.3 397.5 408.8 414.8 421.5 433.5 447.1 465.3 478.7 483.9 496.9 511.5 526 541.5 558.6 572.1 584.6 604.7 624.4 634.4 636.8 639 640.8 622.7 578.6 556.4 530.5 510.1 491.2 463.2 440.9 421.9 406.2 388.3 376.7 360.8 340.4 326.6 315.6 307.8 292.3
-1.3 -1.3 -1.3 -1.3 -1.3 -1.3 -1.3 -1.3 -1.3 -1.3 -1.3 -1.3 -1.3 -1.3 -1.3 -1.3 -1.3 -1.3 14.8 40.4 57.4 80.6 105.6 122.7 138.4 157.2 181.5 204.7 223.4 243.2 262.5 277.4 305.1 318.9 334.8 345.6 350.8 360.2 376.9 387 395.4 404.7 415.8 423.4 430.3 437.3 449.9 462.5 479.8 494.8 509.8 539.1 559.4 568.6 572.4 587.9 613.6 634.7 645.4 643.4 641 632.4 599.1 571.5 549.1 532.9 523.8 506.7 480.7 448.9 424.8 410.8 389.4 372.4 353.3 336.6 322.6 309.5 301.9 286.4
-1.3 -1.3 -1.3 -1.3 -1.3 -1.3 -1.3 -1.3 -1.3 -1.3 -1.3 -1.3 -1.3 -1.3 -1.3 -1.3 -1.3 -1.3 9.5 31.4 51.8 71.1 95.9 118 134.8 150.4 180.6 208.7 226.7 246.4 262.9 276.3 293 314.8 334.2 349 357.4 359.8 369.7 386.2 400.4 407.7 418.6 427.3 430.5 433.7 448 465 484.6 506.7 522.5 535.9 557.5 566.1 574.4 594.3 621 641.2 654 648.1 640.1 631 600.5 571.1 538.8 531.2 526.4 510.5 486 450.6 433.7 417 398.8 374.6 353.3 336.6 327.9 309.3 295.2 282.2
-1.3 -1.3 -1.3 -1.3 -1.3 -1.3 -1.3 -1.3 -1.3 -1.3 -1.3 -1.3 -1.3 -1.3 -1.3 -1.3 -1.3 -1.3 1.2 21.9 46.7 70.7 91.2 110 127.8 147.2 179.7 203 221 232.6 256.5 277.8 289 304.5 333.9 358 366.7 366 369.1 382.2 396.1 406.5 416.4 425.6 423.4 435.3 451.7 471.4 488.1 514.2 527.4 538.1 557.8 567.7 568.2 596.6 628 644.5 643.5 635.2 628 612.7 576.4 550.8 540.4 537.1 521.8 503.2 480.1 452.8 433.3 422.2 398.8 372.5 357.1 338 322.5 304.9 288.8 274.9
-1.3 -1.3 -1.3 -1.3 -1.3 -1.3 -1.3 -1.3 -1.3 -1.3 -1.3 -1.3 -1.3 -1.3 -1.3 -1.3 -1.3 -1.3 -1.3 16.1 41.8 68.1 85.8 103.5 121.1 143.1 173.3 189.9 211.9 228.8 246.8 267.4 287.1 299.6 328.6 353.2 370.5 369 369.3 378.7 389.6 401.3 405.5 413.5 423.6 436.9 455.2 473.8 497.1 523.8 534.9 541.9 558.1 567.4 567.8 596.2 634.1 647.1 632.3 620.9 613.6 599.8 560 539 540.2 540.2 522.7 498.5 481.4 455.3 427.2 420.9 398.2 383.8 351.7 337 315.6 297 284.4 267.5
-1.3 -1.3 -1.3 -1.3 -1.3 -1.3 -1.3 -1.3 -1.3 -1.3 -1.3 -1.3 -1.3 -1.3 -1.3 -1.3 -1.3 -1.3 -1.3 13.5 37.6 63.5 80.8 98.4 113.8 139 167.1 183 199.6 218.9 242.5 257.1 272.6 302.7 318.1 342.8 357.1 360.2 366.8 371.7 375.9 398.8 407.6 418.4 429.8 442.9 454.3 472.2 498.7 520.9 535 541.2 552 555.4 573.2 595.6 632.6 641.8 636.8 604.2 598.4 581.5 545.6 537.7 538.7 533.8 520.2 506.3 474.2 449 424 409.2 394.9 385.1 356.8 332.9 312.2 291.7 277 263.5
-1.3 -1.3 -1.3 -1.3 -1.3 -1.3 -1.3 -1.3 -1.3 -1.3 -1.3 -1.3 -1.3 -1.3 -1.3 -1.3 -1.3 -1.3 -1.3 12.3 37.5 58.6 77.4 91.6 106.9 131.1 159.4 177.8 192.6 211.2 232.8 245.5 263.6 293.5 316.1 326.2 343.5 353.7 356.9 368.1 388.9 401.9 412.2 423.4 436.2 446 459 468.4 498.2 514.1 532.6 533.1 547.7 544.7 567.9 590.2 613.4 639.2 633.2 602.1 579.1 557 536.2 534.1 533.9 526.4 511.5 510.4 485.3 451.6 425.3 400.1 381.7 372 356.4 320.8 305.4 290.2 270.8 254.1
-1.3 -1.3 -1.3 -1.3 -1.3 -1.3 -1.3 -1.3 -1.3 -1.3 -1.3 -1.3 -1.3 -1.3 -1.3 -1.3 -1.3 -1.3 -1.3 8.3 35.1 56.3 73.7 86 101.8 125.6 150.3 175.5 187.6 200.3 217.2 233.8 255.7 282.4 304 313.4 325.3 334.6 361.9 378.7 388.8 401.6 413.8 426.7 438.4 448.9 460.8 466.7 482.7 505.5 524.5 523.1 534.9 533.6 565.4 583.9 596.8 610.4 619.8 581.6 568.7 551.2 528.1 527.3 524.6 509.5 499 500.9 495 469.1 442.9 406.9 374.7 356.6 343.9 318.7 295.4 285.4 268.9 247
-1.3 -1.3 -1.3 -1.3 -1.3 -1.3 -1.3 -1.3 -1.3 -1.3 -1.3 -1.3 -1.3 -1.3 -1.3 -1.3 -1.3 -1.3 -1.3 -1.3 33.7 54.3 66.8 79.2 95.3 115.9 140.1 162.4 179.8 191.7 209.2 223.6 242.5 267.9 285.1 306.6 322.7 339.3 353.7 374.7 387.2 398.9 409.2 420.3 432.7 446.3 460.1 463.5 471.3 481.9 502 509.9 519.8 527.3 557.5 582.7 596.6 599.9 594.2 574.5 553.9 535.5 522.7 520.9 512.4 500.9 493.5 493.9 489.6 467.5 451.3 415.7 384.3 355.4 328.2 314 285.9 275.6 258.7 241.3
-1.3 -1.3 -1.3 -1.3 -1.3 -1.3 -1.3 -1.3 -1.3 -1.3 -1.3 -1.3 -1.3 -1.3 -1.3 -1.3 -1.3 -1.3 -1.3 -1.3 24.1 46.7 58.5 72.6 88.8 109.1 130.4 150.9 167.7 182 192.9 217.2 240.3 269.1 291 309.2 326.5 340.9 349.5 367.8 385.2 395.5 404.4 417.8 428.8 436.6 449.1 455.9 463.2 472.4 483.8 491.9 502.3 520.8 555 579.6 599.4 601.7 594 577.4 547.5 528.9 517.7 510.1 511.1 497.5 489.7 468.3 461.4 457.2 441.7 417.7 394.5 357 322 295.2 281 271.2 252.1 235.5
