Game/Highland_Data/StreamingAssets/GeoData/Data/ns/NS36.asc
ncols 200
nrows 200
xllcorner 230000
yllcorner 660000
cellsize 50
[rows 35 to 69 of 200, columns 79 to 157 of 200]
85.4 86.4 87.2 87.8 88.1 89.9 89.8 88.1 88.7 85.3 82.4 79.3 76.3 74.4 72.1 69.8 67.6 65.8 65.9 67.4 68.1 69.1 68.4 68.3 66.8 63.8 62.2 61 59.8 59.4 58.7 58 58.2 58.7 59.6 59.1 61.4 62 63.6 66.7 69 72.5 72.7 80.5 82.2 84.1 84 85.1 87.6 91.7 98.5 106.1 107.9 101 97.8 99.1 94.9 93.2 87.2 88.1 90.2 94.8 101.5 111 114.2 115.8 118.4 122.1 117.6 110.1 106.5 105.8 105.1 105.4 104.8 108.5 110.3 109.9 108.4
79.4 82.3 82.2 84.6 85.6 84.6 84.7 85.7 84.5 84.3 82.4 78.4 75.4 72.4 70.6 68.9 67.3 66.1 64.7 65.8 65.4 65.4 65.3 65.4 65.1 62 61.1 60.4 59.7 59.7 58.9 58 57.8 58.1 59 58.5 58.3 60.1 63.6 64.6 69.8 71.3 72.2 76.6 81.5 86.2 87.5 92 95.7 100.7 105.2 107.8 109.6 108.8 105.7 104.4 104 102.5 96.7 94.9 98.4 105.2 104 105.5 109.3 111.7 116.3 118.7 113.8 109.4 109 106.9 106.5 105.2 104.2 105.7 107.3 106 104.7
78.5 78 79.2 78.5 81.3 80.6 80.3 81.4 81.4 81.6 81.2 76.7 73.4 70.9 69.2 67.8 65.9 65.1 64.4 64.5 62.7 62.7 63.7 63.6 63 61.2 60.2 59.3 59.4 59.6 58.9 58.2 57.5 58.2 58.2 58.4 60.7 59.9 62.2 63.5 65.9 69.3 71.6 72.4 79.2 86.4 93.3 97.3 101.9 106.5 110 110.1 110.7 110.4 110.1 110.8 110.9 115.6 114.5 110.5 108.3 111.9 110.7 106.8 106.9 111.2 114.8 112.6 104.5 108.5 107.1 110.3 108.4 104.5 101.6 102.2 104 102.6 100.5
78.5 76.3 74.3 73.8 74.9 76.6 75.1 74.8 75.9 77.3 76.8 74.6 72.1 69.8 69.2 68 65 64.8 64.5 64.1 62.7 63.8 63.3 62.8 62.2 61 59.9 60.4 59.5 59.4 58.7 58.4 58.4 57.6 57.8 58.4 59 59 58.4 59.9 62.3 63.3 64.4 66.9 74.4 87 97.2 103.1 105.6 110.5 109.8 112.6 117.8 116.1 113.1 114.5 116.3 113.5 110.7 106.9 107.2 108.4 106.9 106.4 104.2 109.8 109.9 109.2 102.3 104 104.5 109.1 110.3 110.4 102.3 100 97.1 97.4 96.7
79.6 78.9 77.2 76.4 74.6 73.4 72.4 72.9 72.2 74.2 73.7 71.8 70.9 70.4 70.2 67.3 64.9 64.8 64.6 62.7 64.1 63.9 62.7 62.1 61.4 60.4 61.1 60.9 60.3 59.7 59.4 58.7 58.2 57.6 57.9 57.3 59.7 58.4 59.8 60.7 59.1 62.7 63.4 64.8 69.5 80.3 91.4 102.7 111.3 116.4 118.7 119.9 114.1 114.9 113.4 114.6 118.1 120.8 112.5 105.2 104.1 100.4 101.1 102.3 104.2 104.8 107.4 107 103.2 100.7 109.4 106.2 107 104.9 102.5 99.3 94.3 91.7 91.3
80.6 80.1 79.3 78.1 74.9 72.3 70.5 71.4 70.4 71.1 72.5 70.3 70.4 70.4 70 67 66.3 66.2 66.1 64.2 64.3 63.5 62.3 61.5 60.9 61.2 60.9 60.8 60.6 59.5 59.2 58.5 58.1 58.3 58.2 56.4 57.2 57.8 61.1 58.2 57.9 58.6 62.4 63.4 67.2 72.4 80.8 91.2 105.7 113.5 115.4 116.8 114.5 110.3 108.1 109 110.9 116.2 112.2 106 102.5 98.3 99 99.2 101.6 106.4 107.5 104.4 98 100.7 105.9 107.1 104.7 101.8 101.9 104.5 99.4 96.3 92.3
82.1 83.2 82.3 80.1 77.5 75.8 74.2 73.1 72.8 70.1 68.5 69.5 70.7 69.9 69 66.9 65.8 64.9 64.7 63.9 62.8 61.8 61.5 61.5 62.8 61.9 60.8 60.4 60.4 59.5 59 58.6 57.9 57.7 57.5 57.8 57 57.1 57.4 58.4 61.3 61.6 60.4 62.6 65.4 69.2 73.5 82.4 90.1 104.7 108 109.5 108.9 107.6 106.4 104.2 104.8 107.5 108.5 101.2 98.2 96.9 97.6 95.4 97.8 98.7 101.5 100 94.7 100.8 106.3 107.9 106.9 105.8 102.8 109.7 114.3 108.7 99.4
84.8 85.7 85 83.1 82.6 81.2 78.8 76 72.8 71.4 68.7 67.7 69 69 67.8 65.7 64.3 65.2 63.7 63.4 62.5 64.1 63.1 62.4 61.5 61.1 60.6 60.3 60 59.6 59.9 59.1 58.3 58.1 57.9 57.6 57.3 56.8 56.9 58.4 61.5 59.4 59.4 63.1 64.3 66.8 69.5 75.8 81.6 94.8 101.3 103.8 105.4 105.3 104.9 108 105.7 110.7 105.1 103.9 97.3 96.3 95.1 93.4 94.2 94.3 93.4 93.5 95.6 101.6 106.8 108.1 105.1 103.4 100.8 114.4 113.7 107.3 105.1
88.5 87.2 86.2 85.4 86.2 83.9 80.4 77.1 76.9 73.5 71.7 68.8 66.9 67.7 66.6 64.4 64.5 65 63.7 63.5 64 65.7 64.8 63.3 62.9 63.2 61.1 61.4 60.9 62.9 61.7 60.3 59.2 58.9 58.2 57.7 57.2 56.2 57.7 57.6 58.6 59.6 62.1 62.2 62 67.1 70.7 71.8 74 82.4 89.2 97.7 103.8 103 103.7 104.4 104.7 107.8 109.9 101.9 96.7 92.8 91.5 87.9 87.9 92.1 95.8 95.6 97.3 101.1 104.1 104.9 103.1 99.9 101 108 104.8 101.4 100.6
91 89.4 87.8 87.1 86 84.8 81.8 80 78.1 75.6 73.2 69.4 67.4 66 66.5 65.9 66.3 65.5 66 69.1 70.1 68 66.3 65.8 66 65.3 63 62.7 61.3 60.5 60.6 59.4 58.4 58.7 58.5 57.9 57.7 57.2 56.4 56.1 56.7 58.2 59.7 59 59.8 63.5 67 72.7 76.6 79.7 82.6 89.2 92.3 98.3 100.1 101.7 103.1 99.6 105.3 99.2 95.2 90.8 87.3 86.2 87.5 89.2 93.4 94.2 95.6 98 99.9 99.8 95.9 94.2 94.9 98.6 95.4 94.7 95.3
91.3 91 91.1 96 90.9 90.6 87 84.1 82.6 78.6 74.9 70.7 70 69 67.8 66.5 67.5 66.1 65.7 68.9 67.9 67.4 68 66.9 66.8 65 65.4 64.2 62.5 61.1 61.2 61.5 59.1 56.8 57.6 57.5 56.6 56.1 55.7 56.1 57.2 57.3 58.3 59.9 65 65 71.2 67.8 75.3 78.2 79.3 81.4 83.7 89.4 95 97.6 98.8 99.2 96.1 92.3 90.1 86.6 82.1 84.7 84.6 84.8 89.7 91.5 92.4 93.6 94.6 91.7 91.7 87.4 84.8 89.2 91.3 90 87.7
92 93.8 95.5 98.2 95.1 98.6 90.6 93.4 85.7 81.1 77.3 74 72.3 69.7 68.4 68.7 69 68.4 67.2 68.9 67 66.7 67.6 68 69.3 67.9 65.4 64.9 62 60.7 61.9 61.6 58.8 58.2 56.9 56.2 55.9 55.5 55.3 55.5 56.4 58 61 61.6 61.3 68.9 68.9 69.1 67.8 74.6 75.6 76.1 80.5 80.5 85.5 91.7 90.5 83.9 86.8 86.4 85 80.7 82.7 83.9 83.6 84 85.2 85.7 87.9 89.5 88.2 84.2 82.2 83.4 78.8 83.2 82.7 79.2 76.9
93.5 97.1 98.2 99.1 102.3 107 97.2 97 91 85 82.1 78.7 75.6 74.4 73 71 72.1 71.1 68.7 68.2 71.3 68.8 66.5 68 68.8 67.2 64.9 65.3 65.3 63.2 61.2 61.2 60 59.6 59.8 57.7 56.3 55.1 56.1 55.5 56.2 60.2 61.6 62 64.6 69.3 66.8 67.3 72.3 68.3 73.4 72.5 74 76.3 76.7 75.7 77 81.9 79.7 79.7 80.7 82.2 81.7 80.5 81.7 80.1 80.2 80.7 82.3 83.6 82.8 78.7 75.4 75.6 76.3 76.5 73.2 72.2 73
96 97 97 102.9 106.7 104 102 99.4 93.7 90 85.2 82.5 81.3 77.8 77.3 74 73.8 70.5 70.5 69.4 71.1 68.9 67.9 67.2 66.7 66.1 65.8 65.4 64.3 62.5 60.5 60.4 60.7 60 57.6 55.8 54.6 55.2 54.8 55.5 56.2 59.7 63.2 65 66.5 68.3 66.2 66.5 69 70.4 67.5 68.9 68 66 68.3 69.2 74.3 74 74.1 78.3 84.7 86.3 84.9 83.4 80.6 76.8 76.1 77.4 77.3 78.3 75.5 70.9 69.6 70.9 71.4 71 67.4 65.3 75.1
98.5 102.1 102.6 103.4 102.7 101.8 101.3 98.7 96.8 92.8 88.3 86.7 83.4 80.7 79.6 75.4 74.8 72.2 70.5 70.9 70.7 67.9 68.5 66.5 65.8 65.1 63.5 63.3 61.8 60.8 61.8 61.8 60.3 57 57 57.1 54.7 54.3 54 55.8 56.4 59.4 63.4 64.5 65.8 65.2 64.5 65.2 67.3 67.8 68.6 64.4 65.6 63.2 63.6 64.3 67.1 73 72.6 70.3 75.4 78.6 80.9 82.9 79.5 75.2 72.3 70.6 70.9 72.5 70.4 66.6 65.3 64.6 65.7 67 63.7 63.9 69.7
99.7 102.8 101.1 101.2 99.8 98.3 96.4 94 94.9 92.6 90.9 89.1 85.5 83.1 80.1 77.2 74.9 75.1 75.3 72.3 69.6 67.2 67.5 66.3 66.9 65.9 62.4 63.3 60.9 60.4 63.4 59.7 58.5 57.6 57.5 57.2 56.5 55.7 53.7 53.6 54.5 59.6 60.9 61 63 64.2 64.7 62.8 63 63 63.8 63.4 63.1 61.6 60.2 62 63.2 64.4 67.1 68.3 71.3 70.5 72.5 76.7 76.4 72.6 70.2 67.7 66.5 66.8 65.6 61.8 61.3 62.4 67.7 68.1 68 69.9 69.9
101.5 101 99.3 99.3 96.4 94 93 93.2 94 91.2 90.8 88.5 86.5 84.5 81 82.7 80.3 77.8 74.3 71.3 70 69.1 66.9 67 67 67.5 65.4 62.8 61.4 60.2 58.9 58.2 58.1 58.1 57.8 57.1 56.7 55.6 54 53.7 54.1 59 58.5 62.8 65.8 64.9 63.6 61.4 58.9 58.9 59.6 59.9 59 59.4 59.3 61.5 59.3 61.4 61.7 63.3 66.9 66.9 66 67.7 71.8 73.2 69.5 64.4 62.2 59.7 60.8 64.1 64.7 70.7 75 75.6 71.9 69.6 69.2
101.7 99.2 98.1 96.6 95.1 94.3 94.1 93.1 91.6 91.4 90.4 88.8 86.6 84.9 82.6 82.7 79.1 76.6 73 73.2 71.8 70.1 66.7 68 70.4 68.8 62.9 62 61 60.2 59.5 62.4 66.6 66.2 63.6 59.9 57.4 56.2 54.3 53.9 55.1 58 60.1 63.5 64 61.4 60 59.1 57.4 57.7 57.4 57.3 58.4 58 57.9 58.8 59.2 60.6 61.8 62.3 61.3 61.7 62.5 64.9 65.8 64.9 63.4 62 59.6 59 63.3 65.9 69 72.8 73.5 72.4 71 71.6 72.5
103.6 100.7 98.4 95.8 97.6 93.7 94.3 93.1 92.2 90.2 89.3 87.2 87.1 85.8 84.1 81.1 78.9 77 74.4 76 73.1 71.7 67.9 71.5 69.5 66.3 63.2 62.3 61.2 60.8 63.4 66.2 69.2 70 69.8 68.6 66.1 62.4 58.9 57 53.8 53.3 55.2 59.5 59.4 57.4 57 57.5 55.3 56.9 56.2 55.2 55.4 55.1 54.4 55.7 57.4 59.3 60.1 59.2 57.1 57.1 59.5 60 60.1 61.1 61.9 60.3 56.8 58.3 59.2 61.9 67.4 69 69.7 69.5 68.4 73.4 72.6
102.6 100.1 98.8 97.6 95.8 96.6 95.2 93.9 92.9 90.6 88.7 87.5 85.9 85.1 83.3 81.8 80.3 80.1 76.4 73.9 72.2 70.7 70.1 68 66.4 65.8 63.1 62.4 60.8 64 68.5 71.1 72.2 71.9 69.9 68.7 65.7 64 59.3 56.4 54.4 53.5 53.3 53.6 54.1 55 55.8 54.9 53.9 54.2 53.4 52.8 53.2 53.4 54 53.1 53.8 55.3 55.4 54 56.2 58.3 57.2 56.3 57.1 57.6 56.2 57.8 56.1 58.8 63.8 60.4 63.6 64.7 66.4 67.3 69.5 71.4 74.6
104.1 103.8 102.8 104 100.5 97.2 95.6 93.3 92.2 88.9 90.2 88.5 85.4 83.9 84.4 82.3 79.8 77.5 76.7 73.9 72 69.8 66.1 66.5 64.5 63.7 62.7 61.5 69.2 72.1 73.2 72.7 71.3 69.1 68.6 66.6 64 63.8 62.4 60.3 57.6 55.8 53.8 52.4 53 52.1 52.5 52.9 53.4 53 52.3 51.8 51.9 51.4 51.1 51.3 54.1 57.9 59.2 60.2 59.3 56.6 54.9 54.4 54.8 55.8 54.1 54.1 54.7 55.8 61.3 60.4 62.4 65.3 66.7 67.6 68.8 71.1 70.7
104.6 104.4 103 102.2 100.3 97.8 96.7 93 90.4 90.1 89.4 86.2 86.1 83.2 81.5 85 83.1 80.9 76 75.6 74.4 70.9 65.4 65.5 64.2 63 66.7 71.8 74.9 73.4 72.1 70.8 69.1 66.4 65.4 65.3 65.4 63.8 62.4 59.5 56.4 55.3 55 53.7 53.5 53.2 52.8 51.1 52.5 52.6 52.1 51.6 51.5 51 50.9 56 59.1 60.6 61.5 61.6 61.2 58.1 56.6 61.1 55.1 54.3 54.1 57.2 60.3 61 62 61.7 64 64.6 65.3 65.7 66.6 67 65.7
102.6 103.6 102.6 101.4 99.6 99.4 97.2 95.2 93.1 89.9 88 87 85.1 83.1 82.2 79.3 83 83.1 80.8 77.2 73.5 66.9 66.8 67.2 68.7 75.2 77.6 75.1 73.2 70.6 69.5 67.2 66.3 67 65.8 64.4 63.4 61.5 59.9 58.6 57.2 57.9 56.6 55.4 53.4 53.3 53.4 52.7 51.6 50.5 51.8 51.4 51.1 51 50.9 52.8 55.1 62.8 62.9 62.8 61.7 60.4 64.9 62.6 58.3 56.3 54.8 58.5 60.6 62.8 64 62.8 63.1 64 64.1 61.7 62.1 62.7 60.2
102.7 101.1 100.4 100.3 100.3 98.6 95.9 93.7 91.2 88.2 87.1 88.6 85.7 82.9 80.3 79.9 80.9 78.7 72.6 69.7 69.6 73.1 74.5 75.1 76 75.5 74 73.6 70.8 68.8 67.7 67.1 67.8 68 68.2 69.8 67.9 65.1 65.1 62.9 63 60.9 57.4 56.5 53 52.8 52.9 53 52.8 52.9 52 51 51.1 50.9 50.8 50.6 53.9 60.3 61.1 57.1 61.4 60.2 59.7 58.3 60.1 59.9 55.1 55.5 57.7 65 68.2 65.6 63.3 64.1 61.2 59.2 58.2 58.6 55.7
102.5 101.1 100.2 98.8 98.1 97.7 95.3 92.9 87.7 88.8 86.6 83.4 81.4 79 76.1 74.8 75.6 77.2 74.4 77.1 74.4 76.4 76.9 75.8 75.2 73 72.1 72.1 70.8 68.8 67.8 69.2 70.1 71.1 69.9 70.7 69.9 69.7 67.8 68 65.6 63.4 63.5 56.3 54.6 55.6 56.8 55.2 52.3 52.7 54.1 55.7 52.6 50.5 51.4 50.4 50.7 57.1 58.8 53.7 59.3 61 60.7 60.7 61.6 63.3 60 53.6 54.1 67.5 74.2 70.3 66.4 63.3 60.5 58.1 56.2 53.8 53.6
103.1 101.2 100.3 98.9 97.3 96.3 93 91.3 92.9 91.1 88.5 86.9 80.3 80.2 81.9 80.2 79.8 82.3 80.9 77.6 73.6 73.4 73.5 73.4 73 71.4 71.9 69.6 68.8 68.6 67.3 68.8 70.7 71.4 71.8 70.9 69.9 68.5 67.7 67.7 66.8 65.3 64.6 62.3 57.3 56.5 55.4 54.4 53.7 55.9 60 61.6 58.4 53.2 51.6 51.1 51.8 51 53.1 56.3 60.6 63.9 65.4 68.8 64.9 61.6 64.1 62.1 54.9 59.7 64.1 66.3 64.2 62.9 58.6 54.5 52.6 52.1 52.8
106.3 103.2 102 99.4 98.1 95.8 91.8 93.5 93.2 92 91.7 90.9 89.6 87.5 84.1 83.7 86.4 86.8 82 78.9 73.4 73.8 73.6 77.6 75.7 73.9 71.7 72 70.9 68.2 66.6 68.2 69 67.2 66.9 67.6 68.9 68 68 67 66 64.2 62.4 61.9 58.9 59.1 58.3 58.9 56.9 58.8 59.2 60.9 59.1 53.5 53.1 51.5 51.2 50.8 50.8 55.3 62.4 66 65.4 68 64.9 64.2 60.9 64.2 62.1 54.2 57.3 59.3 60.7 61.2 55.9 53.2 52.6 52.6 52.3
104.6 101.8 99.8 98 97.1 96 95.7 94.8 94.5 93 92.2 90.1 89.7 88.3 87.9 87.3 85.7 82.9 82.1 77.8 75.1 75.7 76.2 74.2 73.6 74.1 72.7 71.8 69.7 66.5 66.4 67.1 67 67.2 66.3 67 66.1 66 64.8 63.5 63.9 62.5 62.3 61.5 59.9 59.7 58.9 59.8 58.7 57.8 58.3 55.7 53.8 57.7 56.5 51.6 50.8 50.8 50.4 50.3 56.5 59 58.9 62.1 62.2 63.4 66.4 60.9 63.5 61 54.5 56.2 56.1 57.6 54.8 53.8 53.5 51.8 49.5
101.7 102.6 101.1 100.2 100 98.1 96.8 95.7 95.2 93.7 92.5 90.5 89 89.2 89.4 89.2 84.8 83.7 80.6 77.1 79.3 78.9 78.9 76.8 76.7 73.2 70.9 70.6 68.6 66.7 66 66.1 68.2 66.6 66 64.7 63.7 64 62.6 62.9 65.1 62.7 60.7 59.6 59.5 58.1 58.2 60.1 57.3 56.4 56 58.5 58.5 58.4 54.2 51.5 50.4 50.2 50.1 50.8 49.8 50.9 54 55.9 57.5 57.3 63.1 60.7 59 58 58.4 53.8 52 51.3 53 52.5 52.3 50.6 50
105.2 103.1 102.8 101.5 101.1 99.5 98.3 97.7 95.6 94.6 92.4 91.2 89.5 88.4 88.4 89.1 87 84.6 85.1 82.9 82.2 79.7 77.8 76.5 73.7 73.6 68.8 66.8 67.4 66.8 66.1 66.7 65.8 67.5 65.7 64.5 64.3 63.4 61.8 63.3 64.4 62.9 59.3 60 58.4 57.8 57.8 58.4 57.7 56.8 59.7 60.4 58 58.2 56.5 53.9 51.8 52.3 50.7 50.1 50.4 49.6 49.7 49.9 51.1 53.6 57.4 59.2 58.3 56.9 56.5 53.3 51.2 51.6 51.3 51.6 51.5 49.4 53.3
105.6 104.3 105.1 104.5 104.4 103.7 101.1 98.9 96.9 95 93 90.8 89.6 87.8 86.6 88.6 87 89.9 87.5 84.8 80 77.9 75.3 75.1 74.1 74 71.3 68.4 68.9 69.6 69.1 68.8 68 66 67.6 65.2 63 62.2 62.8 62.2 61.5 58.7 58.2 59.4 58.4 57.6 57.3 58.1 58.3 58.4 61.6 62.8 62.4 62.1 60 55.7 56.8 56.1 52.5 50 49.5 49.8 48.7 49.8 49.6 49.6 54.4 54.9 55 55.4 53.6 52.2 52.4 50.4 50 49 48.7 50.7 53.7
107.2 106.8 107.4 107 105.6 104.6 102.9 100.8 98.2 96.4 94.8 92.1 90.1 88.5 85.1 85.3 87.4 89.2 87.4 84.7 83.3 78.7 77.2 72.9 74.7 72.3 71.3 72.5 70.7 69.7 70.2 67.9 67.2 66.4 65.3 64.3 65.3 62.3 60.9 60.1 58.7 59.2 58.7 57.8 58.2 58.4 58.1 57.8 59 62.5 65.9 66 65.3 64.4 63.3 60.4 56.5 53.6 52.7 50.1 49.6 49.7 49.7 48.7 49.6 49.8 50.2 52.5 51.1 51.4 51.2 51.2 50.9 49.8 48.4 48.6 48.7 51.2 54.2
109 108.5 108.5 106.7 105.6 103.5 103 100.7 99 95.3 92.7 92 90.1 87.3 84.6 84.5 86.1 86 84.4 83 80.7 77.6 74.2 71.2 71.9 75.5 74.1 72.2 72.5 71.9 70.1 69.6 68.6 68.7 66.5 64.9 63.6 60.8 60.8 59.9 59.8 59.2 58.7 58.3 57.8 57.5 58 58.4 61.8 66.1 67.8 68.4 71 71.5 69.5 64.9 58.2 54.9 54.3 52.8 49.2 49.8 49.5 48.6 48.1 49.5 49.3 48.8 49.1 49.2 48.8 48.9 48.7 48.9 49 48.5 48.4 48.4 51.1
111 110.1 108.8 107.3 105.4 103.7 102.1 100 98 94.6 92.9 90.7 88.2 86.3 85.1 85.1 84.8 83.8 83.3 81.2 78.6 74.8 72 70.6 73.5 75.7 76.3 75.9 74 73.2 71.9 70.6 69.4 67.2 65.4 64.2 62.5 61.3 60.6 60.4 59.7 59.3 58.9 58.6 58.5 58 57.5 60.7 63.5 66.8 68.8 69.2 70.8 69.9 70.1 66.9 63.2 58.9 58.1 55.9 52.5 51.1 49.3 49.8 49.8 48.7 48.1 48.6 48.5 48.4 48.9 48.6 48.4 48.2 48.5 48.8 48.6 48.7 49
113.1 111.3 109.7 108.4 106.5 105 102.1 99.7 96.7 94.4 92.3 90.1 87.8 85.9 87.9 85.6 82.3 80.5 80.1 79.3 77.7 75.7 73.1 71.7 73.7 75 74.1 72 69.6 67.6 67 64.9 64 64.1 63.7 63.9 62.9 61 60.5 60.7 60.2 59.8 59.3 58.5 58.5 58 56.8 60.5 64.4 66.4 66.8 67.7 68.5 68.9 72.2 69 62.3 60 59.8 56.8 54.6 51.7 51.3 49.8 50.4 49.4 48.8 48 48.6 48.9 48.8 48.4 48.1 48.4 49.5 50.5 49.7 48.8 48.2
