Game/Highland_Data/StreamingAssets/GeoData/Data/ns/NS45.asc
ncols 200
nrows 200
xllcorner 240000
yllcorner 650000
cellsize 50
[rows 140 to 174 of 200, columns 0 to 77 of 200]
126.2 125.2 124.7 126.4 127.8 128.3 128.2 128.7 127.2 124.4 122.5 121 119.8 119.5 118.9 118.8 119.4 118.1 119 119.1 117.5 117.5 115.8 112.5 114 113.3 115.7 117 121.4 127.4 125.7 127.2 128 129.4 131 133.5 134.3 135.6 139.2 143.5 146.7 147.7 148.4 148.1 147 145.9 146.6 150.4 153.2 155.4 158.9 162.9 165.6 168.1 172.8 176.9 180.4 182.7 184.4 185.2 185 184.8 184.7 189.8 198.3 205.1 211.2 215 216.9 217.1 217.9 219.2 220.3 222.5 219.4 217.6 216.2 214.8
128 127 126.5 126.4 126.6 127.2 127.2 126.1 124.8 123.1 120.4 119.5 120.1 119.7 119.5 119.3 118.4 119 119.5 119.5 117.4 115.5 110.8 117.1 115 115.3 116.2 117.8 126.5 124.9 126.7 129.3 129.9 131 133.3 133.9 135.6 138.3 142.4 145.8 147.8 149 147.8 147.8 146.8 146 149.2 152.3 155 157.7 160.9 164.1 166.8 169.6 173.2 176.7 178.9 181.3 183.9 186.5 187 187.9 186.7 190.5 198.9 206 210.4 214.1 214.1 214.8 216.7 218.8 219.5 218.3 217.1 216.7 215.5 214.6
135.2 126.6 126.1 125.9 125.9 125.5 123.9 123.7 122.9 121.3 119.3 120.2 120.3 120.2 119 118.9 118.3 119.4 120 119.8 117.1 110.3 115.3 120.7 116.7 117.9 117.7 120.8 123.3 124.7 127.7 130.2 131.2 133.4 134 135.3 138 141.6 144.7 147.3 149.3 149.1 148.1 147.7 146.5 148.1 151.5 154.2 157 160.2 161.8 164.9 166.7 169.2 170.2 172.2 175.5 176.8 184.2 195.7 195.2 197.6 194.6 194.4 201.2 206.8 210.2 212.9 213 213.9 216.3 217.4 216.9 215.7 214.9 214.8 213.8 212
138 136.4 128.6 124.6 123.9 123.2 122.7 121.4 120.7 119.4 119.5 120.4 119.9 118.7 118.1 117.8 118.6 120 119.9 119.5 113 112.1 120.1 119.7 118.5 118.8 121.8 121.8 123.2 126.7 128.5 130.8 133.5 134.4 136.2 138 140.8 144.4 146.9 149 149.3 149.1 148.9 148.2 147.6 150.3 153 156.2 159.2 162.5 163.6 165.1 165.7 165.5 166.5 169 180.1 192.5 197.2 199.1 198.2 195.3 193.7 196.2 201.9 205.9 208.7 210.4 210.6 213.1 215.1 214.6 213.7 213 212.9 211.8 210.2 208.6
127.3 132.9 133 124.5 123.5 122.5 122 119.3 118.7 118.1 119.9 119.6 119 118.2 117.4 117.8 118.4 119.8 119.9 117.9 110.2 120.9 122.8 121.2 120.7 120.2 121.6 124.3 126.6 128.7 131.5 132.3 134.7 135.6 137.7 140.6 143.7 147 148.8 148.7 148.9 149.2 149.1 148.2 149.9 152.5 155.2 157.9 160 162 163.3 162.7 163.1 169 176 181.4 191.6 195.5 198.6 198.5 196.1 193.6 194.2 198.7 204.3 205.3 207.1 206.8 209.4 212 212.5 211 210 209.6 209.3 207.8 206 202.5
125.1 125.3 125.9 129.5 123.3 123 120.5 119 118.1 118 119 118.2 117.8 117.2 117.6 118.4 118.9 119.3 119.1 111.8 118 123.3 124.8 123.7 122 125.8 124.5 127.1 128.6 132.3 133.7 133.2 135.3 137 139.8 143.4 146.9 148.9 149.7 149.2 148.7 148.6 149.1 149.9 151.3 154.5 155.7 157 158.4 159.1 158.8 160.3 164.6 173.2 184.2 187.7 193.1 195.7 197.7 196.9 193.8 193.7 194.6 200.1 204.1 203.9 203.6 206.8 208.6 210.2 209.6 207.8 207.6 206.2 204.7 203.1 199.6 196.2
125.4 124.3 123.8 122.5 119.5 116.3 116.8 117.8 117.4 118.4 118.4 117.9 117.1 116.3 116.3 118.5 119.7 120 113.6 113.7 123.4 124.8 124.9 123.8 124.9 124.1 126.5 129.1 128.8 133.7 134.1 134.7 135.8 138.9 143.4 146.7 149.2 150.4 150.8 149.8 149.1 149.4 150.8 152 153 153.3 154.8 155 155.2 155.9 156.1 158.5 163.9 179.3 192 194 193.8 196.7 196.3 194.5 194.5 195.1 196 199.9 201.7 201.6 202.1 204.3 207.4 207.8 206 204.7 204 202.8 199.6 196.1 193.6 191
126.1 123.9 123.4 122.5 119.9 117.8 116.4 116.4 118 118.2 117.9 116.8 115.4 113.8 116.7 118.3 119.6 117.6 109.6 120.4 123.9 125.9 124.6 125.1 126.8 126.7 128.3 130 129.4 133.3 135.6 136.5 138.5 142.5 146.5 149.2 150.6 150.9 150.8 149.8 150.2 152.1 152.9 154.1 154.3 152.9 153.6 155.3 155.8 157.3 160.7 167.3 177.9 187.3 191.4 196.6 196.7 195.8 194.6 194.9 196.4 196.3 197 198.9 200.7 200.6 201.3 203.8 205.6 205.9 203.3 200.9 200 196.9 193 190.2 188.5 187.4
124.9 123.5 122.1 120.8 118.9 115.9 114.3 116.5 118.1 117.8 117 115.7 113.8 114.3 116.5 117.6 118.3 109.8 117.8 123.2 125.6 125.6 124.8 124.6 125.9 127.4 130.4 130.8 130.4 135.4 137.1 139.7 143.2 145.9 148.6 150.6 151 151.2 151.2 150.6 151.4 153.2 154.3 155 154.6 153.6 155.3 164 165.2 165.5 174.1 181.1 181.5 186.6 192.4 197.8 197.5 194.5 196.4 197.1 199.6 201.5 199.8 200 200.8 201.8 203.4 203.5 204.2 202.5 200.4 198.1 194.3 190.9 188.3 187.3 187.4 188
124.2 123.2 121.8 119.5 116.7 114.7 115.1 117.3 117.4 116.8 115.2 113.8 110.6 111.5 111.2 111.2 110.3 116 122 125 125.4 124.5 125.5 125.2 127.4 129.9 131.4 132.1 135.3 138 141.4 144.4 146.5 149.2 150.2 150.7 150 149.2 150.7 151.3 152.5 153.8 154.7 154.4 154.4 156.3 166.1 173.4 176.5 176 181.3 183.9 183.1 187 194.4 198.7 194.7 194 197.6 200.5 202.1 202.6 198.8 198 201 201.8 203.4 204 202.3 200.9 197.6 194.1 189.2 188.3 187 188.9 190.3 191.6
122.8 121.6 120.8 118.3 115.8 112.8 114.9 116 115.3 115.4 114 109.3 110.5 109.3 109.9 113.9 117 118.1 121.4 120.2 122.4 126.6 126.4 127.3 129.5 130.9 134 135.3 139 141.8 145.3 148.6 149.4 149.7 149.9 148.9 147.6 147.7 149.5 151.8 153.2 154.4 154.8 154.2 156.8 163 174.9 179.1 178.5 177.6 180.6 181.3 183.5 188.4 195.3 195.7 193 193.9 197.7 201.4 201.4 199.1 197.7 198.5 200 202.1 203.6 202.5 200.8 200 200 190.7 187.9 187.2 191.2 194.7 197.6 198.4
120.8 120.3 119.3 116.9 113.6 111.7 114.4 114.3 113.6 112.9 104.8 108.3 112.7 116.1 117.5 119.1 116.5 118.3 119.1 119.7 123.2 126.5 128.3 130.2 130.8 132.7 135.3 139.6 143.7 147.7 149.5 150.9 151.1 150.1 148.1 146.9 147.3 147.1 148.6 152 153.6 155.1 155 156.3 160 172.2 180.8 179.9 179.2 181.2 179.5 178.5 182.6 189.3 194.9 192.8 192.6 195 198.1 200.5 199.4 197.3 197.2 198.1 200 201.5 201.5 200.4 199.9 199.9 201.3 190.9 191.4 194.4 193.6 200.3 202.3 204.3
119.9 118.9 117.8 115.4 111.7 111.2 113.2 113.2 112.2 107.8 105.9 109.7 114.6 116.6 118.8 120.4 119.3 119.6 122.7 120.4 126 123.6 128.3 130 132.4 134.8 139.7 143.9 148.1 151.3 152.3 152.4 151.1 148.1 146.6 147 147.3 147.1 149.5 152.7 155 155.7 155.9 159.4 169 183.2 183.8 183.2 182.8 180.6 177 177.4 183.6 188.9 191.4 189 192.5 196.9 197.9 198.8 197.7 196.7 197.8 198.7 200.2 201.7 200.5 200.3 200.8 201 201.1 192.1 188 192.1 195.5 200.8 204 206.4
119 117.5 115.5 113.7 110.4 109.7 112.1 111.5 110.5 105.3 109.1 113.1 115.7 116.3 118.5 120.3 121.4 122.7 124.3 126.1 127.5 128.5 129.6 130.9 132.9 137.3 142.8 148.2 152.4 153.6 153.4 151.9 148.7 147.5 147 147.1 146.9 147.7 150.3 153.7 156.2 157.4 159.5 165.7 183.7 185.8 185.8 184.8 183.4 181.7 174.7 176.3 182.6 185 184.3 188.5 196.8 199.3 199.2 197.8 196.5 196.7 199.9 200.7 200.5 201 200.7 200.6 201.6 201.8 198.2 187.5 187.8 192.8 198.1 201.8 204.2 206.4
117.8 115.7 114 111.8 109.3 108.6 111 112.3 109.3 103.5 106.6 108.5 114.9 116.1 118 120.2 121.8 123.2 124.9 126.9 127.9 128.2 129.7 130.9 134.9 140.5 146.5 151.7 154.4 154.5 153.1 149.2 148 147.8 147.5 147.3 147.3 148.2 151.4 154.7 157.5 159.7 165.3 176.1 186.9 187.8 186.6 183.7 181.9 175 172.1 175.1 177.1 176 176.7 185.8 197.7 200.2 199.6 197.4 196.9 198.3 200.9 201.5 201.1 200 200.5 200.9 200.6 202.1 193 185.4 189 194 197.7 200.9 204.1 205
116.6 114.8 112.6 109.7 107.8 112 109.4 109.4 105.4 103.9 105 115.3 116.1 116.9 118.2 120.3 122.4 124 125.6 127.6 130 128.2 131 133.5 139.4 144.4 150.4 153.7 154.6 154.2 150.7 147.7 148.1 148.2 148 148 148.9 151.4 154.9 157.8 160.9 164.6 170.5 183.5 186.8 187.7 185.4 182.2 177.7 171 171 172.9 173.3 174.5 176.8 183.8 196.4 199.4 196.6 196.5 198.8 199.5 200.4 200.7 200.5 199.7 199.2 199.2 201.1 197.2 187.7 184.8 189.1 194.3 198 200.5 203.6 204.9
115 112.9 110.8 109.7 106.6 105.8 107.3 106.7 103.6 102.9 106.9 114.1 115.7 116.7 118.5 120.8 122.7 124.6 126.3 128.8 130.4 132.2 133.3 136.1 142.7 148 151.3 153.9 154.3 152.1 148.8 147.9 148.4 148.4 148.7 150.4 159.2 162.3 162.9 164.5 166.3 170.2 176 184.3 186.3 186.1 181.8 176.7 171.9 168.6 171.2 172.2 173.5 175.5 181.6 182.8 194.5 196.2 194.3 195.5 197.7 198.8 199.7 200.9 200 199.4 198.1 198.6 197.7 190.1 185 185.7 189.9 194.7 198.3 200.8 202.8 205.3
112.8 111.3 111.1 107 105.6 104.7 105.1 102.6 102.5 107.7 113 113.8 115.3 116.9 118.8 121.7 123.1 125 126.9 129.4 130.6 132.9 135.4 140.4 144.6 149.6 152.3 153.3 152.8 150.4 148.1 148 148.7 149.9 152 161.1 170.2 170.1 170.7 169 171.1 173.2 179 183.5 184.8 181.2 177.9 172.4 167.9 168.3 170.8 173.7 173.9 181.5 205.3 203.1 194 193.6 193.8 195.8 198.3 198.5 199.7 198.7 197 197.1 197.3 196.6 192.4 187.5 181.8 185.5 190.3 194.1 197.4 200.4 202.4 205.9
111.8 109.6 107.4 105.8 104.3 102.9 102.7 101.8 106.6 112.2 113.6 114.8 115.9 117.9 119.9 121.7 123.7 125 127.8 128.8 128.9 133.1 136.3 141.2 146.4 149.9 151.5 151.2 150.1 147 147.2 148.9 149.7 150.3 155.2 167.5 168.9 168.6 168.3 169.5 171.7 175.8 179.3 182.1 181.2 177.7 173.4 166.9 164.2 168.3 170.9 177.4 178.3 191.7 204.4 203 192.4 191.3 193.5 195.3 196.9 197.9 197.8 196.6 195.4 194.8 194 190.4 188.5 186.3 182.5 187.8 191.6 194.6 197.2 199.6 202.4 206.8
109.3 107.9 106 104.5 103.4 102.8 102.3 102.3 108.7 112.7 113.8 114.5 115.6 117 119.3 121.5 123.1 124.9 128 128.2 129.6 132.4 137.3 142.7 146.2 149.7 150.5 149.4 147 146.8 147.6 149.7 150.9 153 158.2 165.8 168 167.5 168.9 170 172 175.3 177 178.3 176.3 171.5 167 163.5 164.1 167.5 177.7 184.7 187.8 193.4 195.5 187.3 187.4 192.3 193 195.2 197.3 197.9 195.9 194.2 192.9 191.5 190.5 188 185.7 179.5 185.4 189 192.5 194.4 197.2 199.8 202.3 206.4
107.3 106 104.8 103.9 103.3 102.7 102.2 102.9 109.5 112.2 113.6 114.4 115.6 117.1 120.2 123.5 124.2 126.9 126.8 128.4 130.3 132.9 138.4 143.4 147.8 148.6 148.1 147 146.6 147.5 149.1 155.3 154.1 154.5 157 164 166.2 166.8 168.5 170.5 172.7 175.2 175.9 174.7 171.7 169.2 166.7 162.5 164.2 169.6 182.9 188.5 187.4 184.6 183.5 186.7 196.7 193 192 194.9 196.4 196.8 195 192 190.8 189.4 187 185.9 182.2 182 185.7 188.5 191.6 193.2 195.8 198.9 202.1 207.3
106.2 104.3 102.9 102.4 101.8 102.3 101.1 104 109.8 112.7 114.3 115.1 116.2 117.4 120.8 123.7 125.5 126.6 128 129 131.3 134.4 139.4 144.5 146.9 147.7 147.4 146.7 145.9 148.9 157.2 158 157.9 158 161 163.5 165.6 167 168 169.7 171.9 174 172.6 170.3 166 164.4 163.2 161.1 166.8 175.2 183.4 187.5 184 179.6 183.8 191.6 194.4 192.8 195 194.9 195.2 194.8 192.5 189.5 188.8 186.1 184.3 183.6 177.3 184.8 186.6 187.6 188.7 188.9 194.8 199 201.4 204.1
104.4 103.4 100.9 100.4 101.1 101.5 102.9 107.7 110.6 111.5 114.2 116 117.4 119 122.3 122.3 125.6 126.5 127.9 129.6 132.5 136.4 140.8 144.7 147.1 147.5 147.7 146.6 149.1 153 156.8 157.8 157.2 158.7 160.7 162.9 164.7 166.3 167.7 169.7 172.8 172.2 169.7 165 160.4 159.7 159.6 161.4 167.8 179.4 186.2 184.8 180.3 179.2 185.2 192.8 192.1 192.9 194.2 193.7 193 192.4 189.9 187.1 185.2 182.4 180.9 178.7 177.8 182.8 184.3 183.7 182.1 182.4 186.8 191.4 194.3 194.3
102.6 101.1 98.8 101 102.4 104.5 108.1 111 112.3 113.4 115.4 117.5 119 121 123.5 125.4 124.8 126.7 128 129.7 132.1 136.7 141 144.6 146.1 145.3 146.6 148.9 150.9 154.8 156.3 156.3 156.5 158.1 160.4 162.4 164.1 165.2 167.7 170.7 171.9 169.8 164.8 158.5 158.4 158.1 158.7 160.7 169.5 180.5 183.5 180.7 177.3 181.4 189.4 191.4 190 191.4 192.9 191.8 191 188.4 187.6 184.8 181.8 179.2 177.9 175.7 178.1 178.6 178.8 178.1 178.4 184.7 196.3 199.6 204.1 204.5
101.6 100.6 98.2 101 102.9 106.7 109.3 111.9 114 115.3 117.5 119.3 120.7 122 124 125.3 125.9 126.3 128.2 130.3 132.2 136.2 139.8 142.2 142 146 148.3 150.5 152.6 154.1 155.6 155.9 156.2 158.3 160.3 162.3 163.5 164.2 167.5 170.4 169.3 163.6 156.1 156.9 157.2 158 160 168.1 173.2 179.8 180.3 178.4 176.3 182 188.8 188.6 188.8 191.1 195 193.4 189 186.5 184.3 180.8 178.3 177.2 176.7 174.6 175.6 175.4 175.4 185.4 195.4 201.3 204.5 209.2 212.1 213.2
99.6 99.2 98.6 103.8 105.8 107.4 109.1 111.6 113.8 115.8 117.8 119.8 122.2 123.7 125 125.7 125.9 126 128 130.3 131.8 134.1 136.5 141.1 144.2 146.4 149.1 150.8 152.4 153.7 155.2 155.5 156.7 159 160.4 161.7 162.7 163.2 165.5 165.7 158.9 155.6 156.3 156.2 160.4 165.5 168.5 174.4 177.7 177.4 177.5 175.5 178.4 183.9 187.4 186.7 188.4 191.8 194 191.6 186.6 183.2 180.7 177.6 175.4 174.7 174.3 174.3 173.9 174.6 189.2 202.3 208.6 211.2 212.2 212.9 213.9 218.9
98.6 101.9 107 109.5 108.8 108.9 109.1 111.4 114.1 117.7 119.7 121.7 123 126.9 125.1 125 125.8 126.2 127.5 130.1 132.1 134.8 138 141.8 144.3 147.7 149.4 151 152.6 154.2 154.6 155.5 156.5 158.4 159.7 161.3 161.7 162.1 161.8 157.8 155.6 155.7 156.8 168.4 173.5 173.5 175.9 177 178.2 177.3 175.3 174.9 179.3 181.9 185.2 186.4 188.8 190.5 190.7 188.7 184.5 180.7 178.4 176.4 175.9 174.7 174.3 173.5 173.8 182.3 197.1 206.5 209.9 212.3 214.7 216 218.7 223.5
99.1 104.3 108 108.7 109.2 109.9 110.3 112.3 116.1 119.3 121.6 123 124.3 124.5 125.3 124.2 124.5 125.3 128.2 129.2 132.9 137 140.3 141.5 145 147.3 149.6 151.7 153.1 154.4 154 154.4 155.9 157.6 159 159.9 159.9 160.1 158.1 156.2 155.4 164 175.2 177.8 178.3 175.8 175.1 174.7 175.4 174.9 173.9 176.3 181.4 184.1 184.1 186 188.9 190.6 188.6 185.7 181.8 179.7 181.5 179.9 177.7 173.6 174 173.1 176 186.6 199.1 205.6 210.4 212.7 215.4 217.7 221.4 226.6
99.4 103.2 106.1 108 109.5 110.5 111.5 113.8 114.8 119.4 122.9 124.2 123.5 124.4 124.2 123.7 123.6 125.1 127.8 130.2 133.4 138.6 141.6 144.5 145.5 146.8 148.9 151.1 152 152.7 153.8 153.9 155.3 156.6 157.8 157.8 157.9 158.6 158.2 155.7 158.1 173 178.4 179.9 178.5 176.1 174.4 176.3 175.6 172.6 173.8 177.9 182.7 183.1 184.3 185.8 188.5 188.8 186.3 182.9 179.8 179.4 179.8 177 174.6 172.7 175.4 178.6 180.1 191.3 201.6 206.5 210.5 212.8 215.7 218.4 222.4 225.3
98.4 102.2 105.3 107.3 108.6 110.1 112.7 117 120.1 120.6 118.9 124.2 123.8 123.8 122.8 123.2 125.6 126.8 127.9 130 135.6 142.2 144.6 146.6 146.7 147.2 148.7 150.2 150.7 151.6 152.5 153.6 155.3 156.1 156.3 156.1 156.1 157.2 157.8 154.9 165 174.8 177.6 178 176.4 173.7 172.9 174.4 173 171.6 176.7 182.6 182.7 183.2 184.5 185.9 186.2 185.3 183 180.1 177.8 177.1 173.8 170.8 171.4 174.6 175.6 179.6 182.4 194.6 201.8 204.8 209.4 213.2 216.7 219.5 222.1 225
102 104.4 106.4 108.6 111.1 112.7 115.9 119.6 121.9 121.9 123.8 123 121.9 121.9 122.8 126 126.6 127.5 128.2 131.4 139.1 143.3 145.7 146.8 147.3 148.4 148.9 148.9 150 150.9 151.5 153 154.2 155.5 154.7 154.1 153.7 154 155 158.6 168.7 175.1 176.6 175.9 173.7 172.5 172.1 173.1 170.4 173.1 179.4 181.7 181 182.2 183.4 184.7 184.5 182.7 180.7 177.8 175.9 173.9 172.9 180.4 176.8 175.3 176.9 180.1 186.3 197.3 204.8 209.1 213.4 216.1 217.7 220.1 222.9 225.4
103.8 106 108.5 110.5 112.8 115.4 120.8 120.4 123.5 125.2 125.5 124.6 123.7 122.6 123.1 124.8 125.7 126.1 128.2 133.9 140.6 143.6 145.5 146.5 146.7 147.4 148.2 147.8 149.4 150 150.8 152 153.3 153.5 153.3 153.1 151.1 156.4 159.9 163.7 171 173.7 175.3 174 171.7 171.6 171.6 171.5 169.9 173.6 178.3 178.8 180 181.6 182.4 183.4 182.5 180.9 178.6 175.6 173.1 174.1 178.8 182.2 177.5 177.1 178.5 183.7 192.6 198.8 206.9 211 214.4 217 218.4 220.3 222.9 226
104.8 106.8 110.6 112.6 117.5 117.7 120.1 123 125.4 126.5 126.6 125.8 124.6 125.9 124.2 125.2 125.1 126 130.1 135.9 140.9 143.8 145.4 145.8 145.9 146.1 146.2 147.5 148.7 149.1 150 151.4 152.2 151.8 151.1 149.4 156.9 161.1 162.6 166.2 171.7 173.9 173.8 172.3 170.8 171 171 169.4 170.7 174.5 177.1 178 179.2 180.6 181.7 181.6 180.6 178.6 176.4 173.5 172.7 173.5 179.9 183 181.1 179.1 184.7 189.2 198.3 202.9 207.2 211.3 214.4 214.3 215.6 219.2 222.7 226.2
107.3 109.9 110.9 113.9 116.1 118.7 121.2 123.7 125.9 127.7 127.6 128.6 129 128.8 127.5 125.2 125.5 129.4 129.3 136.7 141.5 143.1 143.9 145.1 145.1 145.3 146.1 147.3 148.6 148.1 149.2 151.1 151 149.5 147 151.4 159 161.4 163.2 169 171.6 172.3 171.2 171.7 172.4 171.8 169.9 168.1 172 175.8 176.7 177.6 179.1 180 180.4 180 179.1 177.3 175.2 171.3 170.5 177.2 179.9 180.7 179.5 180.9 186.8 192.3 198.2 202 207.3 209.8 211.5 212.4 216 219.3 222.2 224.9
109 112 114.3 115.1 116.8 119.3 121.9 124.5 126.7 128.3 129.5 130.6 130.6 129.8 127.6 125.3 126.4 129.4 131.2 136.7 141.1 141.8 142.7 143.6 143.9 144.3 145.5 146.3 147.9 148.7 149.4 149.9 149.5 147.5 147.7 154.1 158.4 160.9 165.6 169.2 170.7 170.2 170.5 171.9 172.5 170.6 168.7 168.3 173.2 175.1 176.4 177.2 179 179.9 180.7 179.2 177.9 175.6 173.2 169 173.6 177.9 179.1 179.6 180.6 184.6 189.5 194.6 199 202.7 206.6 209.5 210.3 213 215.6 218.7 221.4 222.9
