Game/Highland_Data/StreamingAssets/GeoData/Data/ns/NS55.asc
ncols 200
nrows 200
xllcorner 250000
yllcorner 650000
cellsize 50
[rows 35 to 69 of 200, columns 0 to 77 of 200]
64.5 62.7 60.1 55.5 55.8 52.8 52.4 55.8 51.8 50.3 56.4 56.6 56.8 58.1 58.9 60.1 59.9 61.4 60.8 62.6 62.9 63.6 64.5 64.8 67 67.4 64.8 63.7 65.6 66.6 67.1 66.8 63.7 63.9 63.1 62.8 62.8 62.6 61.6 60.4 59.5 58.9 57 57 61.7 66.3 70.8 73.8 75.2 73.7 72.9 72.7 74.3 76.9 78.6 79.3 79.4 79.3 77 78.3 80 79.2 78.2 77.3 76.1 75.9 73.9 71.7 70.7 69.6 67.7 64.3 61.9 59.4 57.5 56.3 54.1 52.5
62.4 59.1 56.7 55.3 52.6 53.7 57.7 57.4 55.8 54.5 58.5 60.2 60.6 60.8 61.6 62.7 62.6 63.7 65 66.3 66.6 67.7 69 67.4 69.8 70.5 70.2 67.3 70.7 70.8 71 70.7 68.7 67.5 66.3 68.9 68.9 68.9 67.9 66.6 63.7 63.5 58.5 59.4 65.4 72 77.4 82.3 84.3 84 83.8 82.2 82.6 84.8 86.3 85.5 86 87.5 87.7 86.2 87.7 88.6 87.2 84.5 83.1 82.1 80 75.1 73.9 74.7 71.3 67.8 63.6 59.7 57.5 55.4 54.3 53.5
65.5 62.5 59.9 54.7 54 55.2 60.2 60.1 60.8 58.7 59 61.7 63.7 65.4 64.3 64.8 65.6 67.7 68.9 74.1 75.5 75.9 75.6 74.1 72.7 74.2 69.6 71.2 70.5 75.9 79.9 79.2 76.9 77.4 76.7 77.2 76.9 75.7 75.1 73.3 71 71.2 61 61.3 73.6 78.1 84.4 90.4 90 91 91.4 90.4 90.1 90.3 91.5 91.3 90.1 91.2 93.4 93 94.4 96.9 95.4 92.8 91.1 87.6 81.8 76.5 80.6 77.5 74.7 70.6 64.7 59.1 58.1 58.8 55.4 53.7
73.2 70.5 65 57.9 55.6 57.4 60.2 63.7 66.8 63.1 62.8 66.1 68.9 71.6 70.6 69.2 69 73.7 79.1 82.5 83.9 83.1 81.9 79.7 77.2 75 72.7 78.7 81.3 84.4 85.9 88 88.6 87.9 87.9 87.5 85.7 84.6 83.2 81.7 79.9 77.6 67.5 65.1 79.5 83.5 88.3 91.3 91.4 93.3 93.7 93.2 91.7 92.6 92.5 91.8 92.4 92.9 94.2 95.6 99.6 103.4 101.8 100.2 96.7 86.7 81.1 87.1 84.7 79.4 75.4 71.6 68.3 61.3 63.2 64.2 58.2 58.2
81.2 78.5 70.1 64.3 57.3 60.2 67.9 71.4 72 71.6 74.4 76.2 78 78.6 78.3 76.7 75.9 79.3 86.6 87.6 88.4 87.9 86.6 84.8 80.4 77.9 79.3 85 90.5 93.3 95.1 97.6 99.6 98.9 97.7 95.5 93.3 90.2 88.7 86.5 86.1 85.3 81.1 69 80.7 86.7 90.8 91.1 92.7 92.5 92.5 92.1 93 93 93 93 93 93 94 94.9 98.3 101.8 102.4 100.7 94.1 85.5 90.3 84.8 83.5 81.2 75.2 69.3 65.7 65.4 66.4 64.2 64.1 65.1
87.7 82.6 77.5 73.3 58.9 62.9 71.9 72.8 75.6 77.8 78.5 81.3 83.3 85.1 84.9 85.3 85.4 86.5 90.6 91.6 91.9 91.5 90.1 87.7 83.8 82.8 86.9 91.1 95.9 102.8 106 107.2 106.8 105.1 103.3 98.7 96.3 95.2 93 90.3 89 88.5 87.1 72.4 77.1 87.7 92.6 92.1 93 93 93 93 93 93 93 93 92.9 95.1 93.3 93.4 96.2 98.9 100.1 98.5 88.9 91.7 88.3 85.3 81.9 78.8 72.8 69.3 68.5 69.6 67 68.5 68.7 73.7
97.5 93.6 88.1 80.9 59 74.3 77.8 79.5 80.4 82.7 86 86.9 88.7 92.3 91.8 95 96.1 98 96.2 95.8 96.8 97.8 96.9 97.1 92.8 88.9 92.4 90.9 94.5 103.2 106.4 107.9 106.9 105.7 103.6 100 98.2 97 95.2 93.4 90.6 90.3 89.6 87.2 86.9 92.1 93 93 93 93 93 93 93 93 93 93 93 93 92.8 91 91.8 94 96.2 91.9 94.4 91.8 87 81.5 79.3 76.6 76.4 75.9 75.2 74.2 72.6 72.6 78.5 80.6
99.6 97.3 96 88 60.6 79.4 85.2 87 87.7 90.8 95.6 94 99.1 97.1 97.8 100 101.4 102.7 102.6 102.1 102.8 103.6 101.6 100.9 98.1 93.8 94.1 95.9 95.2 99.4 103 106.5 106.1 106 102.8 101.3 100.9 98.3 97.7 96 93.2 91.2 90.1 91.1 93 93 93 93 93 93 93 93 93 93 93 93 92.9 91.9 90.9 89.3 88.9 91.5 94.9 88.5 91.4 95 88.8 81.7 83.8 83.1 81.7 79.1 77.6 76.6 76.3 77.4 83 84.1
101.5 101.8 96.7 94.1 80.5 83.5 90 93.4 96.9 97 96.8 97.8 99.6 102.7 103.7 105.1 107.2 108.1 106.6 104.8 104.8 105.1 102.9 101.8 101.3 99 95.4 97.2 97.6 99.6 102.4 104.8 105.7 106.3 104.3 103.3 102.2 101 98.8 97.5 94.4 91.9 90.2 90.2 93 93 93 93 93 93 93 93 93 94.2 97.7 98.7 98.7 99.4 99.4 97.4 96.7 97.2 96.6 97.1 96.8 99.5 95.2 91.6 93 90.2 86.7 82.2 79.1 78.5 80.5 77.6 79 82.5
102.6 101.5 100.2 97.2 84.5 84.2 91.4 99.8 98.8 99.9 102.1 101.8 103.4 106.6 108.8 108.9 108 108.4 108.5 108 109.1 108.2 105.2 102.7 102 100.3 98.6 98.8 101.9 104.8 107.6 108.3 107.1 107.5 105 102.8 101.7 100 97.4 96 95.2 92.9 90.1 89.9 93.2 93 93 93 93 93 93 93.1 96.9 102.5 105.5 106.2 106.5 105.5 105.2 105.5 101.8 98.1 105.3 104.8 104 104.2 100.4 99.1 98.3 95.6 91.6 87.5 84.6 85.8 83.8 80.1 80.2 80.4
103.5 101.7 100.8 93.2 89.2 88.4 85.8 99.7 100.2 101.5 101.8 102.5 104.5 106.6 108.5 110.4 110.8 111.7 109.8 111.8 111 110.7 107.4 103.6 102.5 100.8 101.9 101.4 103.7 106.4 107.8 113.7 114.1 113.7 110.7 104.4 101.1 97.4 95 94.3 92.7 92.8 92.4 92.4 92.4 92.4 93 93 93 93 93 95.7 101.1 105.4 107.4 107.1 107.8 106.4 106.9 106.1 100 108.8 107.6 107 106.3 106.5 103.4 101.2 99.9 97.5 95.1 92.8 87.7 85.8 87.8 90.2 88 83.2
104 102.9 102.3 97.3 96.3 95.5 93.7 98.1 101.1 102.3 104.2 105.1 106.6 107.7 110.5 113.7 118.5 119.6 118 115.4 113.2 110.5 107.3 106.9 107.4 101.2 106.9 107.1 107.1 107.2 107.3 107.4 109.6 110.9 110.9 108.2 102.4 98 95.9 96.5 93.8 92.9 92.4 92.4 92.4 92 93 93 93 93 91.8 98.1 104.9 106.7 106.4 107 107.6 108.2 108.1 101 107.9 108.8 107.9 106.5 104.8 102.8 102.6 99.6 98.1 97.6 93.2 89.3 95.9 96.2 95.6 93.9 89.1 89.5
106.6 106.2 104.8 102.1 101.2 99.4 97.3 99.6 101.1 102.8 107.1 110.1 107.4 112.4 113.5 118.3 122.1 122.7 122.7 116.2 112.6 108.3 106.7 103.5 101.2 101.6 103.7 103.6 105.1 111.2 111.7 113.2 114.2 112.5 111 109 105.4 101.3 103.8 102.9 103.1 98.2 93.4 92.4 93 93 93 93 93 93 91.9 95.5 102.6 104.8 106 105.7 104.4 104.7 103.2 102.5 105.2 105.5 105.1 103.4 101.7 99.8 98.1 97 92 92.8 95.8 98.6 99.9 101.1 100 98.7 97.5 91.8
108.9 108 108.1 106.5 104.5 102.6 100.6 101.5 103.9 107 111.7 113.9 109.5 114.3 115.7 119.9 120.8 120.4 118.8 109.8 111.6 109.5 109.5 109.3 103.9 102.8 104.5 107.9 111.1 113.7 112.9 112.4 112 110.4 108.7 108.2 107.8 108 108.1 108.6 107 104.3 97.1 93 93 93 93 93 93 93 93 92.4 96.6 101.8 102.4 102.2 100.5 99.9 101.9 101.9 102 101.5 100.5 99.7 98.6 97.1 91 94.3 92.9 92.1 94.6 99.3 103.6 105.3 106.2 107.8 105 98.6
110.3 110.8 111.6 111.4 108.4 106.4 102.9 100.4 104 108 113.2 117.9 115.1 113.4 115 117.1 117.9 115.2 115.4 112.5 109.4 109.5 109.5 109.5 109.5 109.5 106.5 111 115.3 116.7 115.6 113.5 111.3 108.9 108.2 108.2 108.2 110.6 111.2 109.1 107.7 104.8 99.3 96.7 95.1 90.7 93 95.9 94.7 95.9 96.3 93.4 92.2 96.4 98.6 98.6 98 101.7 97.4 98.4 99.7 97.7 94.5 91.8 93.1 95.6 94.7 92.8 90.4 91.5 92.5 98.8 100.2 103.8 106.4 107.5 106.4 98.1
115.1 115.4 114.7 114.8 111.5 108.4 104 102.4 104.4 108.2 112.2 114.4 113.9 112.5 114.8 114.6 112.1 112.1 110.5 109.6 109.5 109.5 109.5 109.5 109.5 109.5 109.5 112.9 116.4 116.9 115.1 112.2 108.9 108.2 108.2 108.2 109.5 111.4 109.7 107.2 104.8 102.2 100.1 95.7 95.7 97.3 101.4 106 104.6 103 97.8 98.7 94 93.6 96.3 96.1 96.1 102.6 97.3 97.5 98.7 98.5 98 96.8 96.9 95.6 93.8 92 90.4 90.7 91 95.5 98.2 99.3 101.2 104 102.9 101.1
117.9 115.9 115 114.1 111.2 107 103.7 102.3 107.8 111.1 111.9 112.5 112 111.5 112.9 111.7 109.6 109.4 109.5 109.5 109.5 109.5 109.5 109.5 109.5 109.5 109.5 113.9 114.9 114.5 112.1 109.7 108.2 108.2 108.2 109.7 112.2 110.3 106.8 103.2 100.5 98.6 97.9 95.7 95.7 97 101.2 106.9 108.9 109.8 104.6 102 103.4 95.7 96.5 97.8 102.7 97.8 100.8 98.1 97.9 98 97.2 97.8 97.5 97 95.1 93.4 90.1 94.1 92.8 97.8 93.3 95.8 96.8 98 98.6 99.7
118.3 115.8 113.3 110.8 107.4 105 102.2 103.2 107.3 112.3 111.8 111.7 111.7 108.8 109.9 110.4 109.3 109.5 109.5 109.5 109.5 109.5 109.5 109.5 109.5 109.5 109.5 111.8 111.9 111.9 109.2 108.2 108.2 108.2 109.3 110.7 111 107.3 102.7 99 97.7 96.6 95.7 95.7 95.7 95.7 99 105 107.6 108.9 110.4 106.6 103.4 101.1 98.3 98.5 103.8 102 103.9 104.3 103.3 99.4 99.1 98.1 97.7 97.2 94.8 93.9 91.6 100.9 99.7 99.1 96.7 93.3 91 92.4 95 95.3
118.4 117.6 115.9 112.5 108.3 104.8 103.3 110.2 108.2 107.9 110.7 110.7 114.4 110.1 109 109.7 109.1 109.6 109 109.5 109.5 109.5 109.5 109.5 109.5 109.5 109.5 109.5 109.5 109.5 109.5 108.2 108.2 108.2 109.9 110.4 108.4 104.9 99.4 96.3 95.7 95.7 96.2 95.7 95.7 95.7 99 101.1 105.1 108.9 111.5 110.5 109.1 108.4 103.2 102.6 104.1 103 102.6 102.1 101.6 102.7 100.5 99 98.1 97.3 96.6 91.7 90.5 99.7 102.9 99.1 97.7 93.9 92.8 91.3 88.9 86.5
121.6 119.4 116.5 112 109.8 104.4 104.9 111.5 110.2 108.5 109.3 109.7 109.3 109.1 109.1 109.1 109.5 109.5 109.5 109.5 109.5 109.5 109.5 109.5 109.5 109.5 109.5 109.5 109.5 109.5 109.5 109.5 108.5 109.1 110.3 109.2 105.8 100.7 96.3 95.7 95.7 95.7 95.7 95.7 95.7 95.7 99.6 103.5 106.5 108.5 110.7 112 112 112.2 108.7 105.5 103.7 103.9 103 101.8 100.6 100.5 100 98.1 97.7 95.6 94.9 92 91.4 91.1 96.3 97.8 97.5 95 94.7 93.4 91.9 89.5
123.5 120.8 116.3 110.6 105.9 104.9 109.3 112.7 108.5 115.8 112.8 111.8 110.7 109.6 109.2 109.1 109.5 109.5 109.5 109.5 109.5 109.5 109.5 109.5 109.5 109.5 109.5 109.5 109.5 109.5 109.5 109.5 109.5 109.7 109.7 106.9 103 97.3 95.7 95.7 95.7 95.7 95.7 95.7 95.7 95.7 99.8 104.4 109 111.9 111.5 111.1 112.5 110.9 108.5 106.7 105.2 104.9 103.7 101.9 101.9 100.7 100.2 98.8 96.2 94.8 94.5 93.6 93.8 92.3 92.2 94.7 96.3 97.5 95.4 95.2 94.5 94.4
124.4 120.1 118.5 116.1 114.8 116.3 116.5 111.9 111.4 116.7 116.3 115.4 114.8 112.9 111 109.4 109.5 109.5 109.5 109.5 109.5 109.5 109.5 109.5 109.5 109.5 109.5 109.5 109.5 109.5 109.5 109.5 109.5 109.5 108 104.8 100.8 95.7 95.7 95.7 95.7 101.4 102.6 105.9 103.8 96 97.9 102.7 106.4 109 111.6 111.2 110.1 109.1 107.4 107.4 106.6 105.7 105.2 106.4 103.6 103.3 104 105.2 102.1 100.6 99.7 96.2 93.9 94.4 96.3 93.5 96.6 96 95.4 95.3 94.6 92.5
127.6 122.6 117.6 112.3 106.8 112.6 112.4 112.8 110.8 118.3 118 116.7 116.5 116 112.6 110 109.1 109.5 109.5 109.5 109.5 109.5 109.5 109.5 109.5 109.5 109.5 109.5 109.5 109.5 109.5 109.5 109.5 109.5 105.9 103.2 95.8 95.7 97.1 98.6 99.1 100.4 102.7 105.8 105.8 99 97.1 99.3 102.3 104.2 107.5 110.6 105.4 106.1 108 108.5 108.3 106.8 105.5 105.9 106.1 107 106.6 107.6 107.6 104.8 101.9 100.7 99.9 98.3 97 93.3 89 93.2 92.4 92.6 91.5 90
129 123.1 118 112.7 108.4 111.5 112.1 112.7 112.5 120.4 120.4 117 115 114.2 113.4 110.8 109 109.5 109.5 109.5 109.5 109.5 109.5 109.5 109.5 109.5 109.5 109.5 109.5 109.5 109.5 109.5 109.5 109.5 109 102.5 95.7 106.5 106.4 103.2 101.7 101.5 104.8 103.1 104.3 101.7 98.2 98.1 98.7 100.2 100 104 105.6 109.4 105.7 113.4 108.3 106.9 105.8 105.7 105.1 107.8 107.1 107.6 106.1 105.5 104.4 102.5 102.4 101.1 96.8 95.7 91.1 87.3 89.8 87.7 87.4 88
126.3 121.6 117 112.3 110.8 115 112.5 112.4 115.9 121.7 122.1 119 116.3 112.4 109.5 110 109.5 109.5 109.5 109.5 109.5 109.5 109.5 109.5 109.5 109.5 109.5 109.5 109.5 109.5 109.5 109.5 109.5 109.5 109.5 109.4 102.4 107.3 106.6 104.1 102.3 107.6 110.7 110.5 107.1 108.8 104.8 101.9 99.5 98.8 99.6 100.1 108.6 106.9 104.7 107.5 108.6 106.9 105.6 105.3 104.9 106.7 110 109.1 105.2 104.5 104.4 104.4 104 101 99.2 95.6 93.3 86.1 85.5 85 84.4 85
121.1 120.5 118.9 118.6 118 115.3 113.4 112.5 120.8 121 121 119.5 118.2 115 110.8 108.9 109.5 109.5 109.5 109.5 109.5 109.5 109.8 110.8 111 109.4 109.5 109.5 109.5 109.5 109.5 109.5 109.5 109.5 109.5 109.5 109.5 104.1 105.6 106 108.6 110.6 111.4 114.6 117.9 118 111.6 108.8 104.4 99.8 101.5 108.8 112.4 108.3 109.2 110.7 109.7 107.9 105.3 103.9 105 106.1 108.3 107.2 104.5 103.2 103.7 103.2 103.7 102.9 101 97.9 94.3 88.5 84.5 83.4 82.9 83.3
126.7 123.5 121.3 120.4 118.8 115.7 113.7 114.6 123 124.9 123 120.9 117.8 114.1 110.4 109.2 109.5 109.5 109.5 109.5 109.5 110 114.5 114.9 114.3 111.5 109.2 109.5 109.5 109.5 109.5 109.5 109.5 109.5 109.5 109.5 109.5 109.5 103.4 107.3 111.6 115.2 117 120.5 119.7 117.1 116.6 123.5 116.2 109.2 108.9 114.1 108.1 112.8 114.4 111.5 110.5 107.2 105.3 105.2 105 103.3 106.3 106.5 104.2 100.7 101 100.8 101.1 102.3 100.7 97 93.6 89.8 85.2 83.6 82.9 82.7
125.3 124.1 122.9 122.4 119.3 115.8 114.9 116.6 122.6 125.5 124.9 122.2 118 113.9 110.6 108.6 109.5 109.5 109.5 109.5 110.5 113.4 118.1 118.2 116.6 113.5 109.4 109.5 109.5 109.5 109.5 109.5 109.5 109.5 109.5 109.5 109.5 109.5 108.1 108.2 111.9 118.7 119.2 120 118.2 119.6 122.7 129.5 120.8 114 115.2 113.4 115.2 114.3 114.4 113.1 111 109.4 107.5 105.6 106.1 104.5 102.1 105.1 103.5 100.7 98.9 98 97.5 98.5 98.3 96.4 92.8 88.3 84.8 83.7 83 82.8
125.7 125.1 124.3 122.7 118.5 115.3 115.6 115 122.3 125.8 126.6 122.3 117.8 113.8 111 108.9 109.6 109.5 109.5 110.1 114.8 120.3 120.9 120 118.3 114.2 109.7 109.5 109.5 109.5 109.5 109.5 109.5 109.5 109.5 109.5 109.5 109.3 108.1 112.2 114.2 117.5 116.7 116.9 119.1 123.9 124.3 124 123.3 116.8 116.1 113.2 114.7 113.9 114 114.5 112.7 111 108.2 105.2 105.1 105.6 103 102.4 103 100.5 99.1 96.1 95 94.2 94.8 93.7 91.3 87.1 84.8 83.8 83.9 82.8
127 129.2 126.2 123.4 119.1 122.6 121.3 123.1 122.9 126 128.7 123 118.7 120 116.3 111.5 110 109.1 111.5 118.3 124.8 128.6 128.2 124.8 119.6 115.2 110.8 109.5 109.5 109.5 109.5 109.5 109.5 109.5 109.5 109.5 107.8 111.4 112.7 111.5 114 114.4 120.8 118.9 119.7 123.2 125.7 126.2 125.4 117 117.3 114.7 110.2 114.2 114.6 115 112.5 111.6 108 104.1 103.5 104.3 104.1 99.6 100.4 100.6 99.3 96.2 94.1 91.6 91.5 91.4 88.6 86.2 85.1 84.2 83.9 83.7
128.7 126.9 124.4 119.4 127.2 129.5 128.6 128.9 126.1 129.5 129.7 124 120 122 122.6 116.9 114.3 110.8 119.7 129.5 134.5 134.3 132.8 127.4 120.3 116.5 113.6 110.8 109.5 109.5 109.5 109.5 109.5 109.5 110.5 112.2 111.4 112.8 112.6 112.1 115.5 122 130.7 124.8 125.5 126.3 126.7 129.7 118.1 121.6 122.5 122.7 121.3 119.8 118.5 115.5 113.3 112 108.4 105.6 103.2 103.1 101.5 99.5 99.9 99.7 100.1 99.1 97 92.4 90.1 88.6 86.6 85.4 85.2 84.2 83.8 85
124 124.4 121.6 123.2 127.7 133.3 134.4 133.8 131.6 132 130.7 125.6 122.2 124.7 124.3 121.6 115.5 115.5 126.9 134.3 136.4 135.5 133 127.7 125.7 120.6 115.1 111 108.6 110 111 109.3 108.6 109.5 112.5 113.2 116 114.6 113.5 112.8 114.7 124.4 128.6 127.5 128.3 126.7 126.3 125.5 119.2 124.2 125.1 125.1 124.9 122.6 121.2 116.8 113 110.9 109.2 106.7 105.1 103.3 100.3 98.4 99.6 99.9 98.8 98.8 97.3 93.9 90.5 87.9 85.9 84.8 85.1 84.3 86 87.1
126.2 124.2 128.1 131.6 129.7 137.5 138.6 141.8 134.4 136.9 132.3 127.8 127.2 126.4 124.1 122.5 116.7 123.5 130.1 133.9 135 134.7 132.2 130.4 126.3 119.4 114.7 110.7 108.5 112.1 113.7 112.3 111 108.5 112.7 113.4 116.8 116.4 113.5 114.7 118 125.8 126.4 127 126.7 126.3 131.1 119.5 127.5 128 128.1 127.9 125.9 122.8 121.2 117.6 115.4 111.3 110.9 108.9 105.5 103.9 100.8 98.1 98.7 101.2 99.8 98.2 95.6 92.8 90.6 87.2 85.9 85.1 85.3 85.5 89.8 92.7
134.5 128.2 135.4 134.3 133.4 141.8 142.3 138.6 134.6 138.7 134.6 131.1 130 128 125.4 122.7 122.4 130.8 134.6 134 134.1 132.1 132.5 129.6 125.7 120.4 115.9 111.4 109.3 114.4 114.2 113.7 112.2 110.4 110.1 111.7 114.9 114.9 113.6 115.3 120.7 125.1 126.3 126.6 126.3 126 127.7 119.8 126.7 129.2 128.3 127.3 126.2 124.3 121.1 119.1 116.3 112 110.8 108.5 106.8 104.2 101.5 99.4 95.8 98.9 100.5 97.2 96 92.8 91.1 87.3 87.1 86.7 85.5 85.3 89.8 96.5
139.7 131.5 134.8 134.2 136.9 143.8 141.8 138 136.6 140.5 137.7 134.5 131.8 129.7 126.8 124.3 125.4 135.2 136.2 135.2 134 133.4 131.9 130.8 128.4 120.4 116 111.6 112 114.8 114.8 114.1 112.4 110.5 111.4 113.1 112.7 114.1 112.8 120 121.2 124.9 127.1 126.4 126.1 125.8 121.7 125.6 128.4 129.4 130.2 127.3 127.5 123.6 120 119.2 115.8 114.9 112.1 109.7 107 104.8 102.5 99 96.6 96.8 97.7 97.4 94.1 91.6 89.4 87.8 87.6 86.5 86.7 88.1 97.8 106.3
