Game/Highland_Data/StreamingAssets/GeoData/Data/ns/NS62.asc
ncols 200
nrows 200
xllcorner 260000
yllcorner 620000
cellsize 50
[rows 140 to 174 of 200, columns 0 to 77 of 200]
186 184.8 184 183.5 182.9 182.1 181.6 181.3 181.2 179.9 179.9 178.7 178.3 178 178.1 178 177 175.4 177.8 177.1 178.8 181.9 188.6 193.5 196.4 199.8 202.7 206.4 210.2 213.5 215.2 216 217 218.3 219.6 220 220.7 219.3 217 216.3 216.6 219.4 234.1 248.4 260.3 267.5 269 266.3 256.3 252.7 250.3 252.3 252.3 253 252.7 247.2 244.6 243.1 239 243.9 245.5 246.6 246.7 233.5 231.9 231.2 238.8 250 251.9 251.4 252.1 252.2 253.2 254.5 255.7 257.1 258.8 260.3
185.2 184.1 182.9 181.8 181.9 181.7 181.3 181 180.2 179.4 178.8 178.3 177.7 177.7 177.8 177.4 175.6 176.6 178.1 179.7 186.9 190.2 189.4 197.7 200.3 204.3 206.4 210.1 214.3 216.6 217.1 218.2 219 219.9 220.5 220.7 220.1 218.9 216.4 215.5 215.6 223.3 238.1 253 266 269.7 271.5 268.9 260.9 260.3 257.8 254.2 252.5 251.3 253.5 247.8 244.6 243.6 242.9 245.1 246.8 248.3 249.2 249.1 242.3 237.6 232.9 237.9 245.7 249.8 250.7 252.1 253.1 254.1 255.6 256.8 258 259.3
184.8 183.5 181.9 180.7 181 181.6 181.4 180.7 180 179.1 178.6 178.3 177.9 177.1 177.1 176.7 176.3 177.3 181.7 184.8 191.1 193.8 196 199.9 202.6 206.3 210.2 214.5 218.1 219.2 219.6 220.1 220.8 220.5 220.8 220.9 219.9 217.4 214.9 214.5 215.5 227.4 241.5 257.1 268.5 271.9 273.2 264.3 257.1 256.8 258.1 257.5 253.2 254.9 253.5 247.2 244.8 243.8 244.1 246.3 248.5 249.6 250.1 250.4 250.6 249.3 232.9 235.2 235.8 245.5 250.3 251.9 252.9 253.9 254.5 255.4 256.9 258.6
183.6 182.1 181.2 180.2 180.5 185.4 190.6 181.3 179.6 178.6 178 177.6 177.5 176.3 175.2 174.8 175.1 181.8 186.3 189.4 190.2 194.6 198.7 202 205.5 209.4 213.8 219.1 220.8 221.2 221.6 222.1 222.1 221 220.8 220.4 218.6 214.1 213 213.9 215.3 230.3 244.9 259.9 269.2 271.4 266.4 263.3 258.9 254.9 252.1 250.3 252.1 255 253.9 247.5 244.9 243.8 240.2 247.9 249.8 250.8 251.1 251.4 251.6 250.6 249.4 236.9 236.5 238.3 239 250.6 252.8 252.9 251.9 253.1 255.5 258.4
182.4 181.1 180.4 183.9 179.7 185.8 190.5 180.6 179.2 178.3 177.5 177 176.8 174.7 175.9 177.4 180.7 183.3 186.9 190.2 192.5 196.4 200.6 204.1 208.2 212.6 217.7 221.6 222.5 222.9 223.4 223.3 222.4 221.3 219.5 218.3 213.9 211.1 212.4 213.5 217.5 233.3 248.4 262.4 268.1 267.3 266.3 265.5 259.7 255.5 252.5 249.4 249.4 254.8 252.6 248 246.8 244.2 239.7 249.4 250.8 251.8 252.1 252.5 252 251.2 249.9 249.5 239.4 237.3 240.1 239.9 239.6 243.9 247.4 243.5 248.1 249.7
183.1 181.5 180.3 179.2 181.3 179.7 179.7 179.8 178.5 177.3 175.9 175.4 174.3 175.5 177.5 181 182.6 185.2 188.7 199.5 194.7 199 202.4 205.8 209.5 214.6 219.8 222.8 223.8 224.3 224.4 223.3 222.2 219.9 217.7 214.1 210.3 209.8 211.7 213.5 221.5 237 251 265.1 266.2 267.1 267.5 265.2 261.9 260.8 258.7 251 253 254.6 251.8 248.9 244.6 246.6 248.2 249.9 251.2 252.8 253.4 253.2 252.6 252.1 251.6 251.6 251.9 244.8 241.5 244.5 245.4 242.1 243.8 256.5 258 258.6
184.3 182.1 180.6 178.6 179.5 177.8 178.9 178.4 178 177.1 175.5 173.6 174.2 175.9 178.9 182.6 185.4 187.2 190.7 197.5 197.3 200.5 204.2 207.4 211 215.2 220.5 223.7 225.1 225.1 224.5 223.4 221.3 218.5 214.3 210.3 208.7 209.4 211.6 214.6 226.1 241.6 256.3 266.4 267.1 267.6 267.5 263.3 257.6 254.7 252.3 254.4 255.9 255.4 251.9 245.5 241.8 246.3 248 250 251.7 253.6 254.2 253.9 253.4 253.3 253.5 253.5 253.4 252.7 252.3 249.9 251 252.7 255.4 258.5 261 262
184.6 182.6 180.2 177.1 179.4 177.8 175.4 178.4 177.5 176.5 175.4 173.4 175.6 177.1 179.6 183.5 188.9 198.2 192.9 196.4 199.7 203 206.2 209.2 212.2 215.8 219.4 223.2 225.7 225.3 224.6 222.5 220.1 216.3 212.2 208.3 207.9 209.1 210.9 218.1 231.8 246.1 260.8 269.8 268.3 267.1 266.7 259.1 248.1 248.1 248.1 248.1 248.1 248.1 253.3 246.6 243.2 243.9 247.5 249.8 252.7 254.7 255 254.8 254.8 254.8 255.3 255.2 255 254.2 253 251.1 251.7 254.6 257.4 260.1 262.7 264.1
185.5 183.6 179.6 177.1 176.1 175.5 176.8 178.1 177.4 175.7 173.9 174.5 177 180.2 182.7 185.9 188.9 199.4 195.7 198.1 201.9 205.4 208.6 211.6 214.4 216.7 219.4 222.2 224 225.5 224.3 222.1 219 214.7 210.4 207.7 207.5 208.8 212.2 223.7 236.9 251.3 264.2 271 268 266.8 265.1 257.6 248.1 248.1 248.1 248.1 248.1 248.1 253.7 247.8 245.3 241.7 247.8 250.1 253.2 255.4 256.2 256.1 256.2 256.5 257 256.8 256.4 254.4 253.3 251.1 254 255.9 258.8 262 264.4 266
185.6 182.3 181.5 178 175.4 174.7 177.2 177.3 176.8 173.6 176.1 177.3 179.1 182.7 185 189.1 191.7 195.5 197.2 200.7 204.3 207.8 211.1 214.1 216.9 219.1 220.8 222.1 223.3 225 223.6 221.7 218 213.8 209.4 207 207.6 208.8 214.9 223.4 239.1 253.8 265.8 270.1 272.7 270.3 265.9 261.7 257 248.1 248.1 248.1 248.1 248.1 253 248.1 246.3 241.1 248.3 251.5 255 256.3 256.9 257.9 258.6 258.9 258.7 258.4 257 255.2 253.4 253.1 255.8 257.2 259.9 263.7 265.9 268
184.9 183.3 181.2 177.9 174.1 174.8 175 175.3 175.4 175.3 178.6 181 183.6 185.4 191 198.3 197 196.8 199.8 203 206.4 210.1 213.6 216.6 219.3 220.8 220.8 223.3 224.4 224.4 223.2 221.2 217.9 212.9 208.4 206.4 207.2 208.9 214.5 221.6 239.3 254.2 264.8 266.8 267.9 267.3 262.5 260.8 260.7 252.2 248.1 248.1 248.1 248.1 252.1 249.9 252.5 252.7 253.6 253.3 254.4 256.6 258.6 260 260.9 260.8 260.6 259.1 257.4 255.8 254.8 255.2 257.7 259.7 263 265.3 267.5 268.8
187.2 184.3 183.2 176 176 175.7 176.4 176.7 180 178.8 183.2 183.5 185.2 187.3 189.9 196.3 197.6 199.6 203.3 206.4 209.8 213.2 216.1 218.7 221 221.3 223.6 225.3 225.5 224.4 223.1 221 217 211.7 208.2 206.1 207 210 216.1 222.7 238 252 261.9 264.4 263.6 258.7 252.6 253.9 254.5 253.6 248.1 248.1 248.1 251.3 250.6 252.8 252.6 252.8 252.5 253.2 252.9 256.8 260.4 262.3 262.9 262.8 261.4 259.6 257.8 257.2 256.8 256.8 259.1 261.3 264.9 267.5 268.9 270.3
187.1 190.3 186.7 172 178.1 178.9 179.4 181.9 184.4 182 181.8 184.7 186.7 189.5 192.2 196.4 200.5 203.5 206.7 209.8 213.2 216.1 218.4 220.5 221.7 223.1 226 226 225.4 224.6 223.1 220.8 216.7 210.5 207.6 205.5 207.5 210.8 217.5 222.4 235.2 248.2 256.4 260 259 255.9 251.1 246.6 246 247.4 250.2 252 252.1 251.6 258.6 254.2 252.9 252.8 252.6 252.5 252.7 257.9 261.9 263.9 264.7 264 262 260.2 259.1 259.4 258.4 259.1 261 263.3 266.7 270.5 271 272.1
188.3 189.6 184.9 172.3 180.2 180.9 180 188.1 182.8 183.4 184.6 185.5 187.6 190.3 194.9 199.8 203.5 206.9 210.1 213.3 216.1 218.5 220.5 221.6 222.1 225.9 226.2 225.7 225.2 224.5 223 219.7 215.5 209.5 206.7 206.3 209.3 212.5 217.6 223.3 232.4 238.4 245.2 251.2 252 254.2 247.1 241 233.4 234.5 237.1 240.3 247.6 258 261.8 254.3 252.7 253.5 254 255.3 255.4 258.6 262.1 265 265.7 264 262.2 261.1 260.9 261 260.6 262 264 266.2 268.3 270.9 272.3 273.7
184.4 177.9 173.7 179 181.7 181.7 181.6 189.3 183.8 184.5 186.1 187.8 191.1 193.4 198.7 202.9 206 209.3 212.4 215.6 217.2 219.6 221.5 222.1 225.6 226.8 225.6 225 224.4 223.2 221.3 218.1 213 207.1 204.5 208.9 211.4 213.8 218.4 223.6 228.6 233.3 237.3 237.3 246.9 251.3 247.1 237 227.3 222.1 224.5 229.3 244.6 256.7 262.9 255.3 253.7 253.7 254.6 255.9 258.3 258.5 262.4 265 265 263.8 262.6 262.1 263.5 263.8 263.8 264.5 267 268.7 270.4 272.6 274.6 276
178.1 174.4 182.3 183.6 183.5 181.9 181.3 182.6 183.5 186.7 188.3 190 192.7 197.2 202 205.2 208 210.5 213.4 215.4 215.8 218.1 219.9 223.9 226.8 225.6 224.7 224 223.1 221.1 218.4 215.1 209.3 203.7 204.8 207.7 211.9 214.4 218.8 222.9 227.6 232.4 236.5 240.7 249.6 251.1 247.2 235.8 223.3 220.3 220.3 222.7 238.4 251.6 262.7 258.8 252.6 254 258.3 258.3 258.8 259.2 262.1 264.1 264.7 263.8 263.1 264.2 266 267 267.6 267.1 269.9 271.3 272.9 274.7 276.9 278.2
172.5 174.9 181.7 183.2 183.9 183.1 182.2 182.9 184.3 185.2 188.4 191.9 193.3 196.9 203.5 206.6 209.2 211.7 212.8 213 212.3 213.7 218.8 227.7 224.5 222.9 222.6 221.8 219.8 217.3 214.3 211.2 207.1 203.1 203.8 208 212.5 215.7 220.2 223.6 228.8 233.1 237.9 249.5 248.4 251.2 248.1 235.3 220.3 220.3 220.3 220.3 229.7 246.2 260.5 263.4 255.5 255.4 257.6 258.2 259.3 261 261.3 263.3 264.1 264.4 264.7 266.5 268.4 269.9 271.6 272.3 272.5 273.9 275.4 277.3 279.4 280.2
180.2 172.3 184 183.4 183.3 183.3 183.7 183.9 185.2 187.2 190.3 193.7 195.1 201.5 205.3 207.7 209.9 211.8 211.7 211.2 209.7 211.1 218.8 221.8 220.4 219.7 218.5 216.5 213.2 210.7 208.5 206.7 203.2 202.7 204.1 208.5 214 217.5 220.7 224.8 230.3 234.6 241.9 247.9 249.6 251.6 248.7 231.4 220.3 220.3 220.3 220.3 223.7 240.6 257.5 264.2 257.9 256 256.9 259.1 258.8 261.6 260.7 262.5 264 264.7 265.9 268.3 271.1 272.7 274.1 273.7 274.4 275.9 277.9 280.1 280.2 281.7
181.7 180.2 176.8 182.8 182.9 184 183.4 184.5 186.7 190.9 193.4 195 201.1 204.4 206.6 208.2 210.2 211.7 211.3 209.9 207.7 208.4 211.7 213.1 213.3 212.9 210.8 207.7 205.2 204.4 203.9 202.5 202.6 203.4 204.6 208.1 212.4 218.3 222.1 227.1 231.7 235.9 239.8 243.4 248.6 250.8 251.7 238.8 220.3 220.3 220.3 220.3 223 239.2 255.9 263.6 261.3 257.6 257.2 257.8 258.8 258.6 260 262.8 264.6 266.9 268.9 271.4 274.1 275.9 276.9 276.7 277.1 278.3 278.6 280.9 282.8 282.5
183.4 181.9 173.4 180.8 182.1 182.5 183.4 186.2 190.3 194.1 195.2 197.4 202.5 205.9 207.6 209.3 210.8 211.4 211.8 209.7 206.3 205.9 205.4 204.7 204.6 204.1 202.3 200.6 199.5 199.5 200.1 203.6 203.2 205.1 206.8 210.2 213.6 217.7 223.5 228.4 233.2 237.8 242 244.5 245.7 251.5 251.4 245.7 224.7 220.3 220.3 220.3 224.3 237.3 253 262.5 261.6 257 256.9 257.8 259 257.9 260.1 262.6 265.3 268.4 271.5 274.6 277.1 278.3 279.1 278.7 279.6 280.6 281.3 283.4 284.6 285.1
184.4 183 183.2 172.8 179.7 183.3 184.4 188.3 192.4 195.6 195.7 200.5 205.5 207.5 209.2 210.8 211.9 212.5 212 210.3 206.6 204.9 201.6 199.6 198 197.6 197.9 199 199.2 199.8 201 203.6 204.2 205.9 209 212.5 215.3 219.3 224.5 229.6 234.9 239.8 243.5 246.4 246.8 249 250.7 248.6 238.9 220.3 220.3 220.3 220.3 235.1 251.4 259.1 259.2 257.7 258.6 257.6 258.4 257.6 259.9 262.5 266.4 270.4 273.4 276.5 279.2 280 280.7 281.1 282.5 282.6 284.1 285.3 286 287.4
185.6 179.5 171.8 170.6 181.1 184.7 184.8 187 192 194.1 196.4 203.4 207.8 209.2 210.7 212.4 213 213.5 213.4 211.2 206.9 203.4 200 198.2 196.4 198.3 198.5 199.9 201.4 202.6 202.2 203.2 206.7 209.3 211.9 214.7 216.9 221 225.8 231.6 235.7 241.2 244.9 247.6 247.8 248.7 249.1 251.8 241.8 220.3 220.3 220.3 220.3 238.5 250.5 252.7 255.6 258 254.5 255.9 260.7 260.7 260.7 263.2 267.5 271.5 275.4 278 280.9 281.6 282 282.4 281.9 284.5 286 286.7 286.6 287.7
185.4 171.8 174 183 183.7 184.2 186.5 192.3 196.4 201.5 205.3 207.8 209.8 211.1 212.5 213.6 214.4 214.9 214.6 212.8 208.3 203 199.2 197.3 196.1 200.9 202.1 202.9 204.5 204.1 203.8 203.8 208.6 211.6 214.4 216 219.1 223.3 227.7 233.5 237.5 242.4 245.6 247.1 248.5 249.2 252 252.8 247.9 220.3 220.3 220.3 225.9 239.2 244.8 255.9 257.2 256.1 260.3 254.5 262 262.6 262.5 264.1 269.4 274.9 277.3 279.1 280.9 281.9 283.2 284.9 285.4 284.5 287.1 287.7 288.8 289.6
185 172.3 174.4 183.9 183.5 184.8 188.4 194.1 199.8 204.7 208.1 210.5 211.9 213.2 214.5 215.3 216 216.1 215.2 212.3 206.1 201.7 197.9 195.5 197.3 202.2 205.1 205.8 205.3 204.1 204.1 206.2 211.4 215.3 215.9 218 221.7 225.8 230.7 235.5 239.6 243.3 244.9 246.7 248 250.2 253.2 253.8 254 246.2 220.3 223.1 231.1 238.8 253 256.9 257.3 260.4 265.5 254.5 263.3 262.8 264.2 264.9 271.7 276.3 278.1 279.3 281.3 282.7 283.4 286.2 286.7 287.3 287.1 288.8 289.5 290.4
183.7 166.9 173.5 180.7 181.8 185.1 188.6 194.1 200.1 205.1 209.4 212.2 213.7 215.2 216.2 216.8 217 216.2 213.9 209.4 203.8 199.1 195.9 194 198.8 203.6 208.5 208.7 205.2 203.1 205.2 208.8 216 214.7 217.7 221 223.7 228.4 233.5 237.4 240.6 243.1 244.8 246.5 247.7 250.5 252.9 253.1 253.1 254.3 248.2 236 239.8 254.2 257.1 256.8 257.3 259.4 261.1 258.2 265.3 262.9 265.6 266.2 271.1 274.9 277.1 278.8 280.7 283.1 283.5 286.1 287.3 288.2 287 288.9 289.6 290.7
186.9 186.4 183.4 164.6 179.5 185.8 188.9 194.2 199.7 205.2 209.5 212.8 214.8 216.4 217.2 217.4 216.1 211.3 208 203.6 199.5 196.3 194.3 194.2 195.9 201.7 205.4 205.8 204.4 202.3 206.1 209.4 214.3 216.2 219.8 223.4 226.8 229.9 234.5 238.6 241.1 243.3 244.9 245.8 248.1 250.9 251.2 252.3 253.2 253.9 254.7 251.7 255.2 256.9 256.8 257.6 258.8 262.3 264.4 262.6 266.9 268.6 266.9 267.5 269.8 273.3 275.5 278 279.9 281.9 285.3 287.2 288.2 288.5 288.1 289.8 290.7 291.4
188.2 182.4 169.1 174.4 182.2 184.2 187.8 192.1 198.4 204.8 208.9 211.8 214.1 216 216.2 213.8 210.4 207.3 203.4 198.9 193.9 192.8 193.2 193.4 194.4 192 192.1 192.1 192.1 198.9 204.2 212 214.4 217.2 221.1 224.8 226.7 230.2 235.8 238.6 240.3 243.4 244 246.8 246.7 250.4 250.5 252.5 253.3 254.2 254.9 255 256.3 257.1 258.3 258.6 262 265.6 267.4 267.5 263 269.6 267.3 267.5 268.9 271.7 274 276.6 279 281.5 285.1 288.2 289 289.3 289.6 289.4 291.5 292.4
185.3 165.3 170.1 181.3 182.5 183.3 184.6 188.1 195.5 203 206.5 209.5 211.7 212.9 209.8 206.8 204.9 202.1 197.4 194.7 193.4 192.5 192.5 194.6 192.1 192.1 192.1 192.1 192 195.9 205.9 215.3 220.6 222.7 225.4 228.8 230.8 232.3 233.8 234.4 236.5 244.2 244.4 245.8 248.3 250.7 251.9 252.9 253.8 254.7 255.4 255.8 256.7 258.3 259.5 261.1 264.7 268.7 269.4 269.7 269 269.1 268.3 268 268.6 271 273.5 275.8 278.1 280.9 284.5 287.8 289.7 290.1 290.6 291.1 291.8 292.7
162.6 178.8 177.9 181.6 181 180.9 181.8 184.9 192.5 199.5 202.8 205.2 206.7 206.8 204.7 201.1 197.6 194.2 191.2 192.5 192.9 192.3 194.3 192.1 192 192 192 192.1 192.1 201.3 213.6 220.3 226.3 228.6 230.6 233 234.8 236.2 235.5 236.4 239.9 242.1 242 245.1 247.1 249 251 252.7 254.2 255.1 255.9 257.1 257.9 259.4 261.9 263.3 267.1 270.6 271.9 271.3 271.3 265.5 268.6 270.1 271 271.6 273.6 275.8 278 280.3 283.6 286.8 290.3 290.3 291.1 291.8 292.9 293.7
179.8 180.5 180.5 179.9 178.6 176.7 170 182.9 190.2 194.8 197.9 199.2 200.4 198.8 194.8 195.1 193 188.9 189.4 189.7 191.3 193.3 192 192.1 192 192.1 192 192 193.8 209.2 219.5 223.7 229.8 231.5 233.3 235.3 237.1 238.7 238.9 243.9 241.8 240.3 242.3 244.1 246.1 248.2 250.1 252.1 253.8 255.5 258.1 258.5 259.4 261.7 262.5 265.2 269.6 271.9 272.7 272 271.7 270.7 269.3 270.4 271.2 271.6 272.3 274.7 277 280.2 282.7 285.9 289.9 290.6 291.6 291.2 292.4 292.9
179.5 179.5 178.4 172.5 164 163.7 164.5 175.4 184.3 187.9 189.7 193.3 194.1 190.1 188.3 186.7 185.7 185.9 190.4 192.7 192.1 192.1 192.1 192 192.1 192 192 192.1 201.9 215.7 222.7 224.9 229.9 232.6 235.1 237.7 239 240.6 241.8 250.4 242.8 239.3 241 242.6 245.6 247.6 249.2 251.3 254.7 258.7 258.7 260.5 262.6 264.3 262.1 265.9 270 272.3 273.1 271.3 271.7 270.6 270.9 271.8 271.7 270.8 271.3 273.7 277 280.2 282.2 284.8 288.2 290.9 291.9 292.3 293.8 294.4
164 178.3 165.9 162 160.1 160.2 160.1 159.9 157.6 159.1 169.5 174.6 176 179.6 182.7 179.1 180.9 189.2 192.8 194.6 192.1 192.1 192.1 192.1 192.1 192.1 192 196.9 209.8 220.9 223.5 227.3 231.7 235.5 237.3 239.8 240.7 242.2 251.3 251.3 240 237.4 238.5 240.9 243.2 244.4 247.1 251.5 256.6 258.9 259.9 262.5 264.9 264.9 260.4 264 268.8 271 271.5 271.5 271.4 272 271.8 271.7 271.4 269.8 270.2 273.2 276.2 279.1 281.2 283.7 286.9 290.7 291.8 292.5 292.9 294.6
152.7 159.3 158.9 154.6 155.3 159 158.8 161.1 161.6 162.1 160.9 170.7 185.8 178 180.1 187.4 190.5 193.7 195.8 198.8 192.4 192.1 192.1 192.1 192.1 192.1 193.8 202.3 216.6 221.1 227.1 230.8 232.8 236.7 237.9 239.5 243.7 254.3 257.1 246.7 237.3 234.4 237 238.4 238.7 241.3 246.6 251.6 256.6 258.1 260.4 264.8 265.1 260.5 259.5 259.8 264.4 267.3 269 269.5 269.4 270.5 270.4 270 269.4 268.1 269.1 272.2 274.7 276.8 279.3 282.2 285.7 290 291.2 292.6 293.2 293.8
155.3 155.2 157.8 158.9 159.4 161.1 161.9 162.1 162.5 162.1 161.2 170.5 187.3 187.2 188.4 189.9 194.8 197.3 199.9 202.2 204.5 200.7 196.5 192.7 192.1 192.1 196.8 208.5 216.2 219.9 226.3 229.1 231.8 235.8 237.8 240.6 251.5 254.5 252.5 239.5 234.5 236.8 237.6 236.7 236.8 241 245.9 251.1 254.7 256 260.7 262.6 260.7 258.1 257.6 258.5 260.3 263.4 265.5 266.6 266.7 268.8 269.1 268.3 267.3 266.2 267.4 269.9 272.3 274.6 277.4 280.4 283.3 287.2 291.3 290.3 291.5 291.2
157.2 157.9 158 158.7 160.7 169.2 170.9 165.4 163.9 163.7 163.8 166.5 181.1 189.6 191.5 194.4 198.2 201.2 203.1 204.5 205.9 208.7 212.6 211.9 208.5 201.5 199.5 208.6 214.1 221.2 225 233.4 241 238.2 239.8 244.6 251.7 253.9 252.6 234.5 235 241.7 243.5 239.4 236.2 240.2 245.2 250.5 252 254.2 258.9 258.2 256.9 255.9 255.9 256.4 257.5 259.8 261.8 264.2 266.1 267.5 268.1 265.9 265.3 264.3 265.2 267.2 269.4 271.8 275 276.9 276.6 284.4 288.1 288.4 292.7 293.4
