Game/Highland_Data/StreamingAssets/GeoData/Data/ns/NS79.asc
ncols 200
nrows 200
xllcorner 270000
yllcorner 690000
cellsize 50
[rows 80 to 119 of 200, columns 0 to 89 of 200]
12.8 11.5 10.7 4.3 8.9 9.7 10.1 10.4 9.5 9.8 10.2 10.6 11.1 10.4 11.4 11.4 11.3 11.2 11.1 11 11 11 11 11 10.8 10.4 10.9 10.7 11.3 11.4 11 10.5 10.3 11 10.9 10.8 10.7 10.3 7.8 10.4 9.8 9.8 9.6 9 5.2 9.1 10.4 10.8 11.1 10.9 11.3 10.8 10.7 9.3 7.7 8.3 8.3 8.5 8.1 7.7 7.3 6.5 8.8 8.7 10 7.3 10.8 11.2 11.3 11.3 11.1 11 11.6 11.4 11.1 10.8 11.4 11.4 11.3 10.9 10.9 10.9 10.9 10.9 10.9 11.2 11.2 10.5 10.9 11.3
12.7 12.5 12.6 9.7 5.1 8.2 8.6 9.3 8.8 10.1 10.9 10.9 10.7 9.8 10.1 11.4 11.4 11.3 11.2 11.2 11.2 11.1 11.1 11 11.1 10.8 11.2 10.9 11.3 11.2 10.8 10.5 11 10.9 10.8 10.8 10.7 9.5 5 10.3 9.9 9.7 9.9 9.3 8.5 5.4 9.9 10.2 10.6 10.4 10.6 10.5 11.1 10 10.2 8.3 8.4 9.4 9.3 9.1 9.2 9.4 8.2 7.7 4.7 5.7 10.6 11.4 11.6 11.1 11 10.9 10.9 11 10.8 11.1 11.3 11 11.4 11.2 11.1 11.1 11.1 11.1 11.1 11.4 11 10.6 10.9 10.5
12.5 12.7 12.5 12.3 11.9 10.1 7.2 5 6.1 10 10.4 10.7 10.3 10.3 10.4 11.6 11.5 10.7 11.2 11.1 11.1 11.1 11 11 11.1 11.2 11 10.8 11 11.3 11 11.3 11.2 11.2 10.9 11 10.7 8.3 8 10.4 10.1 9.9 10.3 10.1 8.9 5.4 9.6 9.9 9.8 9.6 9.7 10 9.5 8.7 9 8.6 4.8 9.4 9.4 9.5 8.9 9.2 9 8 7.3 4.1 9.5 11.3 11.2 10.9 10.9 10.8 10.9 11.1 11.3 11.4 10.8 10.9 11.1 11.5 11.4 11.3 11.2 11.2 11.3 11.1 10.6 10.5 10.5 10.4
12.2 12.4 12.5 11.9 11.6 11 11.5 10.9 8.3 5.5 9.8 10.1 9.8 10.2 10.9 11.5 11.3 11.6 10.9 10.9 11.3 11 11 11.1 11.1 11.2 11.3 11.2 11 10.9 10.9 10.9 10.7 10.9 11.3 11.1 10.5 5.4 9.6 10.4 10.5 10.1 10.1 10.7 9.3 5 9.3 9.8 9.9 8.8 9.7 9.7 9.5 9.5 9.2 8.6 7.7 9.1 9.6 9.6 9 9.3 8.1 7.5 5.7 8 10.7 11 11.3 10.8 10.8 10.9 11.1 11.3 11.1 10.9 11 11.1 11.3 11.4 11.4 11.5 11.4 11.4 10.9 10.5 10.5 10.5 10.4 10.4
12.5 12.6 12.2 12.2 11.9 11.4 11.9 11.8 11 7.5 9.7 10.2 9.5 8.9 9.9 10.8 11.1 11.4 11 10.5 11.4 11.5 11 11.1 11.1 11 11.1 11.5 11.4 10.9 11.1 11.3 11.1 10.8 11.2 11 8.1 9.1 10.2 10.3 10.7 10.5 10.4 10.8 9.7 5 8.1 8.9 8.9 8.3 4.9 4.8 4.5 5.1 5 4.3 6 9.7 9.5 9.7 8.9 7.4 6.1 4.8 9.7 9.6 10.9 11.4 11.4 11.3 11.3 11.2 11.2 11.1 11.2 10.9 10.8 11.3 11.2 11.2 11.1 11.1 11.4 11.1 10.5 10.5 10.5 10.5 10.4 10.3
12.7 12.4 12.6 12.5 12.3 11.9 11.7 12 11.4 10.1 5 9.4 8.7 8.2 10.4 11.4 11.4 11.2 10.2 10.9 10.8 11 11.1 10.9 11.2 10.5 10.9 11.3 11.4 10.9 10.8 11.1 11.2 11.2 10.8 9.6 5.4 8.9 10.1 10.3 10.5 10.6 11 10.4 10.4 9 6.6 3.7 5.1 8.7 8.8 8.4 8.8 9.1 9.4 9.6 9.7 9.8 9.9 9.5 8.5 4.3 10.3 10.3 10.7 10.4 10.2 11.2 10.9 10.9 11.2 11 11 10.9 11.2 10.9 10.7 10.9 11.3 11.3 11.1 10.8 10.7 10.6 10.6 10.5 10.5 10.5 10.4 10.3
12.1 12.4 12.2 12.4 12.5 12.2 12.5 12.1 11 11.2 10.4 6.3 7.9 7.6 9.3 9.6 10 10.4 10.4 11 11.1 10.6 11.2 11.2 10.9 10 10.6 10.8 11 11.1 10.6 10.6 10.5 10.6 9.5 4.6 9.7 10.4 10.7 10.7 10.8 10.6 10.6 11.2 10.6 10.9 9.5 8.7 9.9 9.9 9.7 9 9.2 9.4 9.6 9.7 9.7 9.7 9.7 9.4 4.3 8.9 10 10.6 11 11.2 11 10.8 10.9 11.1 11.1 10.9 10.7 10.7 11 10.9 10.7 11 11.4 11.4 11.3 10.9 10.7 10.6 10.5 10.5 10.5 10.4 10.8 10.6
12.3 12.7 12.5 12.4 12.4 12.2 11.9 12 11.2 11.4 11.8 11.7 9.9 4 5.9 7.4 6.1 4.8 7.2 10.2 10.2 10.7 11 10.5 10.8 10.4 10.6 10.4 11 10.7 10.9 10.5 10.1 9.8 6.3 8.6 10.5 10.7 10.9 10.9 10.7 10.9 11 11.2 10.8 10.8 10.8 10.3 10.3 10 9 9 9.2 9.4 9.5 9.6 9.6 9.6 9.7 9.7 4.7 8.9 9.9 10.5 10.8 11.2 11.5 10.8 11.1 11.1 10.9 10.7 10.5 10.5 11.2 11.1 10.8 11.2 11.3 11.2 11.4 11 10.6 11.1 10.5 10.5 10.4 10.5 10.9 10.9
12.8 12.5 12.7 12.7 12.2 12.2 12.3 12.7 12.2 12.2 12 11.9 11.8 10.5 11.2 10.8 10.7 9.4 9.3 6.6 5.1 9.1 10.8 9.9 10.7 10.9 10.9 10.9 10.9 10.5 10.3 10.2 9.7 4.8 8.9 10 10.5 10.1 10.4 11.1 10.8 11 11.1 11.1 10.9 10.7 10.8 10.1 8.6 8.2 9.2 9 9.2 9.3 9.4 9.4 9.5 9.5 9.4 9.3 9.2 5.8 9 10.5 10.8 11.1 11.4 11.1 11 10.8 10.6 10.5 10.9 11.1 10.8 10.6 11.2 11.4 11.2 11.1 11 11 10.6 11.1 10.6 10.4 10.6 10.8 10.9 10.8
12.7 12.9 12.5 12.4 12.2 12.5 12.4 12.6 12 12.4 12.3 12.2 12.1 11.9 11.8 11.7 11.2 10.6 9.8 10.3 9.7 5.9 6.8 9.5 10.4 10.5 10.8 10.9 10.6 10.3 10.5 10.7 10.5 8.4 9.5 10.4 10.8 10.5 10.7 11.2 11.1 11 11 10.8 10.6 11.2 10.9 9.4 9 7.1 8.2 9.1 9.1 9.2 9.2 9.3 9.3 9.2 9.2 9.1 9.2 8.5 8 10.6 11.1 11.2 11.2 10.1 10.3 10.7 10.7 10.9 11.1 11 10.7 10.5 10.6 11.3 11.2 11 10.9 10.8 10.6 11.1 11.2 10.9 10.8 10.8 10.8 10.7
12.8 13.1 12.5 12.9 13 12.8 12.7 12.5 12.4 12.3 12.3 12.3 12.3 12.2 12.1 12 11.6 11.5 11.3 10.9 10.4 10.3 8.9 4.9 6.1 9.4 10.8 10.9 10.3 10.4 10.3 10.4 11.1 9.6 5 9.4 10.6 10.8 11.1 11.2 10.7 10.6 11.2 11 10.7 10.7 10.5 9.8 9.5 7.6 7.2 8.1 8.7 8.7 8.8 9.1 9 9 8.9 9.1 9.2 9.3 6.7 9.1 11 11.2 10.9 10.9 10.6 11.2 10.8 10.9 11.1 10.9 10.7 10.7 10.9 11.1 11.1 11 10.9 10.5 10.4 10.4 10.4 10.3 10.4 10.5 10.5 10.5
13.1 13.4 13.4 13.2 12.9 12.7 13.1 12.5 12.4 12.3 12.2 12.3 12.2 12.1 12.1 12 11.3 11.3 11.6 11.6 11.1 10.8 10.5 9.9 8.5 4.4 9.9 10.9 10.5 10.3 10.3 11 10.6 10.3 8.7 6 10.3 11 10.9 11.1 11.2 10.8 10.9 11.2 10.9 10.6 10.6 10.1 10.1 4.5 4.5 4.4 5.9 8.2 8.7 8.9 8.8 8.9 8.7 8.7 8.8 8.7 8.1 4.5 10.2 10.7 11.3 11.1 10.7 10.9 10.7 10.9 11.1 10.9 10.6 10.5 10.8 11 11.1 11 10.6 10.3 10.3 10.3 10.7 10.8 10.1 10.2 10.2 10.2
13 13.2 13.2 13.1 13.3 13 12.7 12.6 13 13.2 12.2 12.3 12.1 12 12 11.9 11.5 11.6 11.7 11.8 11.8 11.4 11.1 10.8 10.3 9.1 4.9 10.6 10.9 10.9 10.6 10.6 10.5 9.8 9.6 7.3 8.9 10.7 11 11.1 11.2 11.1 10.8 10.8 11.4 10.7 10.6 10.6 10.8 4.6 7.3 8.7 8.2 5.2 4.1 8.7 8.9 9.3 9 8.5 8.3 8.1 6.1 4.1 10.1 10.6 11.2 11.4 11.2 10.8 10.6 10.8 11.1 10.8 10.4 10.3 10.5 10.8 11 11 10.4 10.3 10.3 10.3 10.8 10.8 9.8 10.1 10.3 10
13.2 12.5 12.6 12.8 12.9 13.1 12.8 12.8 13.1 12.9 12.5 12.1 12.3 12.7 12.5 11.8 11.7 12 12.1 11.9 11.8 11.7 11.5 11.4 11 9.9 8.8 4.5 10.1 10.9 10.8 10.6 10.1 10.1 10.4 9.3 6.9 9 10.6 10.3 10.8 9.9 10.2 11.5 11.3 10.9 10.7 10.5 10.7 9.9 5.3 8.6 9.3 9.4 8.5 4.8 8.3 9.2 9.2 8.8 6.2 6 9.9 10.2 10.8 10.9 10.8 10.5 11.2 11.1 10.6 10.6 10.7 10.7 10.3 10.3 10.3 10.6 10.8 10.9 10.6 10.4 10.3 10.3 10.7 10.3 9.4 10.5 10.5 10.1
13 12.8 13 13 12.6 12.9 12.8 13 13.3 12.8 12.7 12.3 12.9 12.6 12.6 12.8 12 13.4 12 12.2 11.8 12 11.7 11.5 11.6 11.1 10.4 11 4 10.3 10.2 10.5 10.1 9.8 10.3 9.8 8.9 4.6 9.7 11 11.4 10.9 11.4 10.4 10.9 11 10.6 11 10.6 11.2 9.4 4.7 8.9 9.2 9.5 9.2 5 9 8.9 8.7 4.5 9.7 10.5 10.8 10.4 10.5 10.3 11.2 10.8 10.6 11.1 10.9 10.6 10.4 10.3 10.2 10.1 10.3 10.5 10.7 10.7 10.5 10.4 10.2 10.3 9.4 10.4 11.3 10.7 10.3
13.4 13.4 13.4 13.4 12.8 12.6 12.9 12.6 13.2 13.1 13 12.8 13 12.8 12.8 12.6 12.5 12.2 12.4 12.5 12.2 11.9 11.6 11.7 11.9 11.4 11.3 11.6 11.6 9.3 9.7 10.3 10.1 10.1 10.4 9.2 7.6 4.7 8.2 8.9 10.1 10 10.8 10.2 10.2 10.5 10.8 11.3 10.8 10.6 10.3 4.9 8.2 9.1 9.3 9.4 4.7 8.2 9.1 8.4 7.8 9.8 10 10.5 10.3 10 10.8 10.9 10.5 10.3 10.7 10.9 10.7 10.5 10.4 10.2 10 10.1 10.2 10.4 10.6 10.5 10.6 10.1 10.1 9.8 10 10.6 10.4 10.1
13 13 13.2 12.9 12.7 13.4 12.4 12.9 13 12.9 13 12.5 12.9 13.2 13.1 13 12.9 13 12.9 13.1 12.5 11.8 12.4 11.9 12.2 11.9 11.5 11.4 11.1 4.7 10.1 10 9.8 9.3 8.1 4.7 8.5 8.9 7.3 8.6 9 9.6 10.9 10.8 10.1 10.6 10.9 10.7 10.9 10.7 10.5 8.6 5.4 8.9 9.1 9.2 7.9 7.8 8.2 6.3 8.7 9.3 9.5 9 10.1 10.1 10.3 10.5 10.5 10.4 10.5 10.9 10.8 10.6 10.5 10.3 9.9 10.2 10.2 10.3 10.4 11 10.6 10.1 9.7 9.6 6.9 9.9 10.4 9.9
12.7 12.7 13 12.9 12.4 13 12.5 13 12.7 12.7 12.9 12.5 12.6 13 12.9 13.1 12.9 12.8 13.1 12.7 11.7 11.8 12.2 12.5 12.3 12 11.8 11.6 11.7 9.1 5.1 8.5 8.3 6.5 9.2 9.7 10.3 10.1 10.5 10.1 9.9 9.1 10.3 10.5 10.3 10.4 10.7 10.2 10.7 10.5 10.5 10.2 7.3 6.6 8.4 9.2 9.1 3.8 4 4.1 8.8 9.3 9.5 10 10.3 10.3 10 10.5 10.8 10.6 10.7 10.8 10.9 10.8 10.7 10.2 10.2 10.6 10.5 10.5 10.4 9.8 10 9.7 9.4 4.5 7.4 5.6 9.9 10.1
12.6 12.5 12.8 12.9 12.5 12.4 12.5 12.7 12.5 12.6 12.7 12.5 12.4 10.9 12.1 12 12.6 11.6 9.7 10.3 12.2 11.1 11.9 11.8 11.2 11.3 10.8 11.2 11.5 11.9 10.3 8.8 8.8 6.5 9.6 10.6 10.2 10 10.5 11.1 10.8 9.3 10.7 11 10.7 10.5 10.5 9.9 10.4 10.4 10.7 10.4 9.6 7.8 5.7 8.1 9.4 9.4 9.5 9.4 9.3 9.4 9.6 10.1 9.7 9.7 9.7 10.4 10.3 10.1 10.1 10.4 10.7 10.8 10.5 10 9.9 9.9 10 10.4 10.5 10.3 9.7 9.1 9.1 5.5 8.1 5.6 9.3 9.9
13 13 13.1 13.1 13.2 13.1 12.6 12.5 12.3 12.4 12.5 12.6 11.7 11.6 12.3 12.1 11.3 10.4 11 11.6 11.9 10.9 11.3 10.8 9.8 10 9.5 10.7 10.4 8.6 8.7 10.8 11.3 10.3 9.6 10.5 10 10 10.8 11.1 10.8 10.6 10.2 10.9 11.2 11.5 11.2 10.6 10.8 10.7 10.7 10.5 9.5 9.2 9.2 4.5 9.2 9.3 9.9 9.6 9.8 9.5 9.1 9.5 9.6 10 10.2 10.5 10.5 10.2 10.4 9.8 10.5 10.6 10.6 10.6 10.6 9.9 10.4 11 10.8 10.3 9.9 9.5 8 4.5 8.4 7.2 6.4 8.4
12.9 12.8 13.2 13.1 13.1 13.1 13.2 12.7 12.6 13.1 13.1 13.1 11.6 12.8 12.9 12.9 12.5 12 10.7 11.7 9.7 10.6 8.2 9.4 7.8 7.5 10.6 7.7 7.8 8.7 8.8 9.7 10 6.8 10.2 10 9.9 11.1 11.1 11 10.7 10.6 11 11.2 10.5 11.2 11 10.9 10.3 9.7 10.4 10.4 9.5 8.1 8.2 8.9 6.8 9.1 9.8 9.8 9.7 10.1 10.2 10.1 10.1 10.7 10.5 10.4 10.2 9.6 9.2 9.9 10.2 9.8 10 10.3 10.7 9.7 10.1 10.7 10.9 10 10.1 9.4 8.3 7.4 6.2 8.3 6.7 7.8
13.1 13.3 13.2 13.1 13 13.1 13.1 13 13 13.2 13.2 12.4 12.3 12.4 12.3 12.1 12.3 12.1 10.9 11.8 11.8 12.6 11.9 11.9 11.8 12.1 12.3 12 11.2 11.8 11 7.3 5.8 8.4 9.8 10.3 11 11.2 11.4 11.4 11.2 10.7 10.3 11.1 11.1 11.6 11.8 11.2 10.8 10.7 9.8 9.6 6.3 8.8 7.9 8.1 9.3 9 9.7 10 9.6 10.5 10.2 10.1 10.2 10.3 10 10 10.1 7.9 9.4 10.3 9.8 10 10.1 10.3 10.5 10.2 9.5 9.9 10.2 10.2 10.2 9.4 8.3 8 4.7 9.3 8.6 4.5
13.4 13.3 13.2 13.1 13 13.4 13.4 13.4 13.4 13.2 13.1 12.7 12.5 12.6 12.2 11.8 11.4 11.4 11.3 11.5 12.3 12.1 11 12.3 12.4 12.7 12.5 12.8 12 12.4 9.2 10.3 10.3 9.7 10.5 10.6 11.1 11.4 11.4 11.7 11.6 10.9 11.4 11.7 11.2 11.1 11.3 11.4 10.7 11.2 10 9 4.7 9 9 8.9 9 9 9.3 9.8 9.6 10.1 10.2 10 10.2 10 9.5 9.4 7.7 4.5 4.4 9 10 10.1 10.3 10.5 10.2 9.8 9.7 10 10.1 9.6 9.4 8.7 8.4 8 5 9 9.3 8.5
13.3 13.3 13.2 13.1 12.9 13.4 13.3 13.3 13 12.8 13 13 12.8 12.9 12.3 11.7 11.5 11.9 12.3 12.4 12.5 12 13 13 12.7 13 13 12.7 12.6 12.5 9.1 10.4 10.3 9.9 10.5 10.9 11.3 11.3 11.4 11.7 11.5 11.8 11.7 11.9 11.4 11.6 11.6 11.4 11.9 11 10.9 10.6 4.5 9 7.8 8.1 8.4 8.9 8.9 9.5 9.4 9.7 9.5 9.9 9.4 9.1 8.9 5.6 6.4 8 7.5 4.5 9.9 10.2 10.4 10.1 9.7 9.2 8.8 9.9 9.7 9.2 8.6 7.5 4.6 7.6 8.8 9 9.2 8.2
13.2 13.2 13.2 13 12.9 13 13 12.8 13.2 13.6 13.1 13.7 13.1 12.8 12.1 12 12.2 12.3 12.7 12.6 12.4 12.5 13 13.1 13.2 13.1 13 12 13 12.4 10 9.5 10.4 10.1 10.6 11.1 11.3 11.3 11.4 11.5 11.6 11.7 11.5 11.2 11.2 11.6 11.7 11.5 11.5 11.5 11.1 11.8 10 9 9.7 9.9 7.3 7.5 9.2 8.7 8.6 8.8 8.8 8.5 8.7 8 7 7.4 8.8 8.7 7.9 4.5 9.2 10 10.2 9.9 9.3 9.3 8.6 9.9 8.7 8.4 4.5 7.3 8.1 9 9.3 9.3 8.8 9.2
13.1 13.2 13.7 13.3 13.2 13.6 13.6 13.8 13.8 13.9 13.3 13.4 12.9 12.8 12.8 12.5 12.1 12.3 12.5 12.8 12.7 13 13.3 13.3 13.3 13.4 13.3 13.2 13.2 12.8 11 10 10 10.3 10.8 11.3 11.7 12 12.1 11.6 11.6 11.9 11.9 12 11.8 11.5 11.7 11.4 10.5 10.3 10.4 11 11 10.6 11.6 11 9.1 7.5 4.7 7.5 4.5 4.6 7.6 8.5 8.6 7.7 4.5 8.8 8.5 8.3 7.9 4.6 9.5 9.8 10.1 10.1 9.8 8.7 8.7 9.7 8.5 7.2 8.2 8.5 9.1 9.1 9.2 9.4 9.2 9.1
22.8 21 18 15.7 17.2 22.8 19.5 16.3 14 14.3 14 14.7 14.2 13.8 13.1 12.9 12.7 12.1 11.8 12.2 12.8 12.5 12.8 12.6 12.2 12.3 11.7 11.7 12.5 12.7 11.7 10.7 10.4 10.8 11.3 11.6 11.9 12.3 12.5 12 11.8 11.9 12 12.1 12.2 12.4 11.8 11.1 10.7 11.1 11.1 9.8 9.4 10.1 11 10.7 8.8 11.9 9.8 9.5 7.1 9.9 7.9 4.5 4.5 6.1 9.2 9.4 8.8 8.2 7.5 6.8 9.5 10 10.2 10.1 9.9 8.7 8.7 9.3 8.7 7.2 7.1 7.3 8 9.2 9.2 9.4 9.4 9.1
31.7 35.3 34.7 34.1 35.9 38.1 34.8 23.5 19.6 17.5 14.6 14.4 14.4 14.2 13.6 13.4 13.3 12.5 12 12.2 12.4 11.8 12.4 13.7 13.3 16.4 16.8 16 14.8 12.2 11.7 11.5 11.5 11.5 11.7 11.9 12.1 12.5 12.6 12.3 13 12.3 12.2 12.2 12.5 12.5 11.3 11.2 11.7 11.5 11 11 9.6 10.2 9.3 8.9 10.4 11.2 11.1 9.6 9.3 9.5 10.5 10.1 10.2 9.7 10.1 10 9.6 8.7 7.4 7.9 9.2 9.5 9.8 9.7 9.5 9.3 8.8 9.2 8.7 4.9 8.7 9.1 9.3 8.6 8.3 9.1 9.6 9.4
40.3 43.8 45.5 43.6 42.1 39.9 37.4 31.3 21.5 20.6 16.9 14.8 15.5 14.8 14.5 14.5 13.7 13.5 13 13.5 14.7 16.3 18.2 18.6 18.2 18.8 19.4 19.7 18.8 17.9 15.5 13.6 12.5 12.6 12.4 12.2 12.3 12.6 12.7 12.7 13.3 12.6 12.4 12.4 12.8 12.8 11.7 11.8 12.2 12 11.8 11.2 10.3 11.2 10.2 10.8 11.2 11 10.9 10 8.2 9.6 11.3 11.4 11.1 9.9 10.2 10.1 9.2 8.2 7.4 8.6 8.9 8.7 9 9.2 9.1 8.9 8.7 8.8 8.2 4.6 9.1 9.5 9.6 9.2 8.5 8.9 9.6 9.5
40.8 43.5 42.9 40.5 39.2 37.8 36.9 33.8 26.2 21.5 18.7 16 16.2 15.7 15.7 14.8 15 14.5 15.2 16.8 18.5 20.7 23.6 24.8 25.2 25.5 24.6 23.5 21.5 20.7 20.5 17.1 13.5 13.6 13.2 12.8 12.6 13 13.4 13.4 13.6 12.9 12.7 12.6 13.1 13.1 12.8 12.5 12.6 12.3 12 11.2 11.4 11.7 11 11.8 11.3 11 10.6 8.7 9.8 11 11.1 11.6 11.4 11.2 10.7 10 9.2 9.7 7.1 8.5 9 9 8.8 8.8 8.6 8.3 7.3 4.5 5.1 7.5 9 9.5 9.5 9.5 9.4 8.3 9.5 9.4
44.2 44.6 43.5 41.4 40.2 39.3 37.1 35.3 32.9 25.3 20.8 18.9 16.6 16.3 16 16.3 16.3 17.1 18.8 20.3 25.2 28.8 33 34.5 36.1 36.7 35.7 33.1 28.6 25.6 23.2 20.7 16.1 14.3 13.9 13.5 13.3 13.4 14 14 13.1 12.9 13.1 13.5 13.3 13.1 13 12.5 12.8 12.8 12.8 12.4 12.5 11.8 12.1 12.2 12 11.7 10.3 9.3 11 11.4 11.6 11.6 11 11 12 9.7 10.9 10.4 9.4 5 7.5 7.7 7.3 6.8 5.7 4.5 8.3 8.5 9.4 9.3 8.8 9.7 9.6 9.6 8.9 8.5 9.2 9.5
43.8 41.8 41.4 40 39.6 39 37.7 35.9 34.5 27.7 22.9 19.2 17.3 17.5 17.8 19.3 19.9 22 25.2 30.3 35.3 39.3 44 46.7 48.7 48.8 46.4 45.2 39.3 31.8 25.2 20.7 17.3 15 14.7 14.4 14.3 14.5 15.2 14 13.3 13.7 13.8 13.5 12.8 13.2 13.3 13.3 13.3 13.4 13.4 13.3 13.1 12.5 12.4 12.1 11.4 11.8 10.2 11.5 11.2 11.7 11.6 11.2 11.3 11.7 11 9.9 11.2 11.2 11 9.8 5.5 7.9 8.3 8.9 9.8 9.5 9.7 10 10 9.7 8.6 9.9 9.6 9.1 8.5 9.1 9.6 9.8
36.6 36.6 37 37.2 38.1 39.2 38.7 37.5 35.3 33.9 28.7 21.5 18.9 19.8 20.7 26.7 30.5 32.2 35.5 39.4 43.9 47.6 49.6 51.6 50.7 48.9 45.3 41.8 37.4 33.5 28.1 22.3 17.5 16.9 16.1 15.6 16.2 17 17.1 15.5 14 13.7 13.5 13.5 13.3 13 13.4 13.4 13.4 13.5 13.4 12.9 12.8 13.2 13.2 12.5 12.3 10.8 11 12.2 12 12 11.6 11.4 11 11.5 10.6 10.8 11.3 11.3 10.9 8.4 10.5 10.5 9.1 9.8 10.5 10 9.9 10.3 10.2 9.2 9.6 9.9 9.5 9 8.8 9.6 9.6 9.8
36.6 40.2 40.7 40.1 41 41.4 42.2 39.5 37.6 35.7 31.6 27 19.3 20.7 26.3 29.4 31.7 34.5 36.9 40.7 45.9 49.3 53.3 54.1 52.6 49.9 44.1 38.8 34.8 30.5 26.3 20.7 21 20.7 19.6 20.2 20.1 20.1 19.5 17.3 14.7 14 13.8 13.6 13.7 13.4 12.9 13.6 13.6 13.5 13.4 13 12.9 13.4 13 12.7 12.3 12.4 11.4 12.7 12.7 12.3 11.8 11.8 11.4 10.9 11 11.6 11.5 11.4 11 9.3 11 11 10 10.3 10.9 10.2 10.1 10.4 10.3 9.7 10.1 10.1 9.6 9.2 9.1 9.4 10 9.9
44.4 44.8 48.6 49.3 50.9 49.6 48.3 44.4 38.5 36.8 25.9 20.5 29.9 23.3 29 31.6 33.2 34.1 36.8 39.9 42.7 47 52.7 53.6 51.4 46.9 41 36.7 32 27 25.1 27.1 28.1 27.4 26.3 25.3 23.6 23.1 22.7 25.2 22.8 19.9 18.6 17.1 15.7 16.3 16.9 16.4 15.4 13.8 14.8 13.4 13.5 13.7 12.8 12 12.2 11.9 11.3 12.7 12.8 13 11.9 12.4 11.9 10.9 11.9 11.8 11.6 11.4 9.3 10.5 11.3 11.3 10.4 10.8 10.7 10.8 10.7 10.6 10.2 10.1 10.4 10.5 9.7 9.3 9.2 9.3 9.4 10.3
50.3 51.2 48.2 45.2 42 42 42.1 40.3 33.2 24.7 23.7 28.9 26.5 28.4 30.3 30.4 33.1 34.5 35.7 38.5 40.6 43.6 46.6 46.8 45.2 42 37.7 33 29.7 30.9 32.6 32.3 32.6 30.5 31.2 32 34.2 33.3 26 36.3 33 31.4 31.6 32 31.3 30.5 30.7 30.9 29.3 23.4 18.4 15.8 14.3 14 14.8 13.8 13.3 12.1 12.6 13.6 13.7 12.9 12.8 12.5 12.3 10.8 12.4 12.5 12.5 12.1 11.7 11.7 11.6 11.2 11 11.3 11.3 11.3 11.2 10.8 11.1 10.7 10.8 10.8 9.7 9.6 9.5 9.6 9.7 9.7
47.9 46 43.1 40.7 38.8 34.6 32.4 30.6 25.9 24.9 29.4 32.8 28 32.2 36 35.3 35.6 38 39.4 40.4 43 44.1 45.3 44.4 41.6 39 36 34.2 35.3 36.8 37 36.5 36.7 36.4 36.9 39.5 42.5 46 32.2 48.6 47.9 46.2 46 46 45.6 44 44.1 43.7 43.2 38.1 33.1 25.3 22.3 18.7 16.8 15.4 13.4 12.7 12.5 12.8 12.8 12.9 12.7 12.3 11.6 12.4 12 12.1 12.4 11.5 10.4 11.2 12.1 12 11.9 11.8 11.8 11.8 11.6 11.4 10.6 11.2 10.8 10.7 10 10.1 10 10.1 10 10
43.8 41.7 36.7 35.6 32.3 31.7 30.4 33.8 31.3 25 33.5 33.1 31.6 35.8 38 37.8 39.2 41.1 42.5 47.2 47.7 48.5 49.2 47.6 45.1 41.2 40.9 40.3 41.9 41.9 42.7 42.9 45.9 47.3 46.7 51.4 54.7 54.9 39.8 55.2 58 58.9 59.4 58.4 57.9 57.3 56.7 55.5 51.6 46.9 44.1 36.4 33.7 21.9 18 15.7 14.6 13.1 12.2 12.2 12.5 12.8 12.7 12.1 11.5 12.6 12.1 11.7 11.8 10.7 11.9 11.8 12.4 12.2 12 11.7 11.3 11.6 11.7 11.6 11.5 11.4 11 10.5 10.9 11.5 11.3 10.5 10.3 10.3
42.1 42.5 41.7 39.8 39.2 37.6 36.5 38.1 33.3 30.1 35.3 34 34.5 40.1 40.3 41.9 44.7 47.3 49.7 50.4 52.7 52 50.9 49.4 48.6 48.1 47.2 46.7 51.3 53.6 54.7 56.1 57.5 57.3 57 61.9 62.2 56.8 50 59 61.1 62.7 63.4 64.5 63.5 62.1 60.5 58.1 54.6 51.2 48.2 43.5 31.3 24 25.4 20.1 15.4 13.2 12.6 12.5 12.7 14 13 12.4 12.4 12.9 12.4 12.1 12 12.4 12.9 12.4 12.4 12.3 12 11.7 11.8 11.5 11.8 11.9 11.9 11.7 11.5 11.6 11.9 11.7 11 11 10.8 10.7
53.3 54.7 51.7 51.4 49.9 47.1 42.5 41.5 32.5 39.6 40.4 40.2 36.2 44.1 45.5 48.6 51 53.1 53.7 54.7 55.5 54 52.8 51.3 51.2 51.2 52.4 53.4 58.5 62.9 65.8 67 67.9 65.5 64.5 64.4 62.5 62.2 55.2 61.6 62.8 64.7 65.6 66.8 66.3 64.8 63.9 62.6 60.1 56.9 52.7 42.8 28.6 31.9 32 29.8 26.5 20.4 15.5 14.3 13.3 14 13.8 13.3 13.1 13.3 13.4 13.4 13.2 11.8 12.7 13.1 12.5 12.4 12.4 12 11.9 12.3 12.3 12 11.9 11.8 11.1 11.4 11.5 11.5 11.8 11.7 11.5 10.9
