Game/Highland_Data/StreamingAssets/GeoData/Data/ns/NS82.asc
ncols 200
nrows 200
xllcorner 280000
yllcorner 620000
cellsize 50
[rows 0 to 34 of 200, columns 78 to 155 of 200]
250.6 256.7 263.8 269.8 275.3 280.6 283.5 287.8 293.6 294.9 293.9 299.3 301.6 304.6 307.6 312 315.7 316.2 316.3 314.4 313.3 313.1 311.7 311.1 315.7 319.9 324.5 327.2 331.2 340.7 351.5 357.2 359.3 360.2 360.5 359.3 356.1 354.6 356.8 357.5 356.4 354 350.7 345.2 340.1 330.7 322.9 313.6 295.7 286.6 275.4 269.5 266.6 255.7 273.1 291.7 301 308.1 317.7 324.3 326 324.3 321.9 321.3 321.6 321.6 323.2 321.3 319.5 320.6 321.3 320.9 320.2 320.2 319.7 319.3 318.8 320
256.9 261.8 268.9 275.9 281.5 287 290.6 292.8 297.9 299.6 299.1 302.8 307.4 308.4 311 314.7 319.4 321.8 321.9 320.9 319.4 317.6 315.7 314.4 316.9 317.9 321.4 324.5 328.2 333.6 344.5 352.1 355.4 356.6 357 356.5 352.7 349.1 349.7 350.4 350.1 347.4 344.7 341.4 336.1 329 320 309 297.5 287 277.8 271 267.4 258.9 271.6 290.6 302.8 307.9 316.5 324 326.9 326.8 325.1 323.8 323.8 323.6 324.8 323.5 320.3 321.8 323.7 323.1 322.3 321.4 321.3 321.1 320.7 321.3
261.9 270.6 277.3 281.7 288.8 293 296.3 297.7 303.2 304.1 304.8 306.9 310.3 312.3 315 318.5 320.6 324.8 327.4 325.7 324 321.6 319.3 318.1 317.4 318.1 319.8 322.4 325.6 330.1 336.5 346.4 351 352.4 351.9 352 349.8 346.4 345.5 345.6 344.5 343 341.5 339.1 334.9 328.5 319.1 308.1 299.2 290.2 282.6 273.9 268.5 265.8 266.5 285.2 299.2 306.2 312.1 321.9 326.8 329.2 327.1 326 324.9 324.7 325.3 324.2 321.4 322.9 324.7 325.9 325.2 323.5 322.5 322.3 321.9 322.4
267.9 277.8 284.2 286.5 293.7 299.2 302.3 304.7 305.7 307.7 309.4 311.6 314.2 317.1 320.1 322.7 325.1 329.2 331.7 329.9 327.7 325.6 324.5 322.5 320.8 320.2 319.8 320.9 323.6 327.2 331.1 336.7 343.9 346 345.9 345.5 344.7 342 339.6 340.5 339.6 338.5 337.3 335.2 332.4 327.3 316.8 307.8 300.3 293.7 287.7 277.3 270.1 269.2 259.9 278.9 296.6 302.5 309.7 316.9 323.8 325.8 328.8 327.7 325.4 324.5 323.8 322.9 323.1 324.2 325.5 328.3 326.3 324.2 324 323.4 322.9 323.3
275.2 283.2 290 293.6 300.6 305.9 308.5 310.9 311.2 313.3 314.4 316.8 317.4 321.1 323.2 325.7 329.3 331.6 333 333.3 331.3 331 329.8 327.6 325.1 323.2 323.1 322.4 322.7 324.7 327.3 330.5 333.6 336.7 338.2 339.2 339.1 338.2 335.4 334.1 334.1 333.2 332.4 330.6 328.4 324.6 316.5 307.9 301.9 295.6 289.6 281.3 274 269.9 261.1 271.8 291.2 302.2 305.6 313.3 320.5 323.5 326.8 326.6 326.2 325.6 324.1 323.5 323.3 324.2 325.2 328.9 327.7 325 324.7 324.3 323.6 323.7
280.7 288.4 294.7 300.6 306.7 310.4 313.1 315.5 316.6 317.8 320.1 321.4 320.8 324.2 327.5 328.1 331.1 335.2 336.2 336.5 334.6 334.4 335.1 332.3 330.2 328.2 326.5 325.1 324.1 324.3 325.8 327.8 328.9 330.4 330.1 332 333 332.7 331.5 328.3 328.1 327.4 326.5 325.9 323.9 321.3 315.5 308.7 302.8 296.3 289.6 285 277.7 270.1 269 266.7 281.3 296.6 302.8 308.9 316.3 321.3 323.5 325.8 325.6 325 324.2 323.2 323 323.5 323.7 326 327.8 326.2 325.4 325.4 324.5 324.2
286.5 293.9 300.7 307.2 311.2 315.1 317.9 320.4 321.8 323.5 325.3 326 326.1 328.8 331.3 334.1 333.4 338.2 339.7 339.6 338.7 336.7 338.3 336.2 333.8 331.8 329.9 327.6 326.1 325.7 326.8 326.9 326.8 326.9 326.6 325.9 325.4 324.7 324.2 323.9 323.5 323.1 321.6 320.9 319.5 317.1 311.9 306.5 301.7 297.3 289.6 288.5 279.7 272.4 272.1 261.4 274.8 287.9 298 305.3 311.6 317.6 320.5 322.3 323.5 323.3 323.1 322.5 322.3 322.5 321.7 323.3 325 325.5 325.7 326.3 326.2 325.9
292.4 299.8 306.7 312.3 316.7 318.5 322.3 325.1 326.8 328.6 331.2 331.6 331.1 333.1 335.7 338.3 338.8 340.9 343.1 342.9 342.6 339.2 339 337.9 336 334.2 332.2 329.6 327.4 327.4 327 327 326.9 326.2 324.5 323.8 322.9 321.8 321.1 320.2 319.2 318.9 317.6 317.2 315.9 312.4 307.7 303.4 300.2 296.8 289.8 288.6 280.2 274.5 272.8 267.7 271.5 279.7 290.4 299.7 306.7 313.3 315.3 316.6 321.2 320.1 319.6 320 321.2 321.5 320.9 321 322.9 324.4 325.2 326.2 326.8 326.5
298 305.7 311.7 316.9 319.8 321.8 324.9 328.7 330.8 332.1 334.9 336.5 336 337.5 339.9 342 341 343.6 346.1 346.1 345.7 344 340.6 339.2 338 336.3 335.1 331.1 328.4 327.4 327.1 326.9 326.9 325.5 324.2 322.8 321.2 319.9 318.5 317.7 316.6 314.9 313.5 313.3 312.8 309.8 305.9 301.4 297.1 294.3 290.1 288.4 282.3 275.6 273.7 273.6 271.3 275.8 282.8 290.7 297.6 305.1 309.2 310.9 313.5 314.9 316.4 318.4 319.4 319.7 319.2 319.2 321.5 323.3 324.6 326.2 327.6 327.6
303.9 310.9 317 321.5 326.5 327.4 328.3 331.7 334.2 335.5 337.8 339.6 339.9 340.8 343.2 345.1 345 346 348.6 349.4 348.9 347.7 343.9 341.4 340 337.7 335.8 332.5 329.4 327 326.5 326.2 326 325.2 324 322.7 320.1 318.8 317.5 315.8 314.3 311.5 310.3 310.4 310.4 307.7 303.5 299.2 295.4 292.4 289.2 287.4 282.7 276.3 273.7 274.3 273.2 273.4 278.4 286.1 293.5 300.1 304.2 307.1 308 310.1 312.3 314.5 316.6 317.7 317.1 316.9 319.8 322.6 324.2 326.6 328.4 328.6
308.7 316.1 321.8 326.4 329.6 330.9 332.1 333.4 335.3 337.7 339.8 341.5 343.3 344.6 346.4 348.1 348.2 348.4 349.9 352.3 351.7 350.2 346.9 343 340.7 338.7 336.1 333.2 329.5 326.6 325.3 324.9 325.2 324.8 323.6 321.6 319.4 317.8 316.4 314.3 312.2 308.5 306.3 307.1 307.7 305.4 301.1 297.2 293.5 290.2 288.4 285.4 281.7 277.6 275.2 267.4 275.8 270.4 274.6 281.1 287 296.4 301.1 301.9 303.4 306.2 307.3 308.9 311.9 313.8 313.7 315.2 318.7 321.9 324.8 327.6 329.2 329.6
312.2 318.1 325.6 329.7 332.3 334.3 335.6 336.9 338.3 339.8 341.4 343.2 345.8 347.9 349.7 350.9 351.4 351 350.2 351.8 353.2 352.1 348.7 344.8 342.1 339.6 336.5 333.6 330.1 326.5 324.2 323.8 323 323.7 322.3 320.4 318.7 317.1 315.2 313.1 310.5 307.9 304.4 302.7 303.7 301.9 298.4 294.9 291.8 288.3 286.8 284.4 282.1 278.3 274.3 267.9 276.8 276.2 274.3 273.4 282.7 289 297.3 299.8 300.5 302.4 303 304.5 306.4 308.3 309.1 313.5 317.2 321 324.3 327.8 330.3 330.3
315.1 320.7 328.1 332.2 334.7 336.9 339.6 341.2 341.5 341.9 344.5 346.7 349.6 351.1 352.5 353.8 354.6 353.9 352.3 351.1 350.9 349.8 348.5 346 342.9 340.6 337.1 333.9 330.6 326.9 324.3 322.3 321.7 321.8 320.6 319.4 317.7 315.8 313.9 311.9 309.7 306.9 303.5 299.8 299.3 298.2 295.4 292.5 289.6 287.3 285.3 283.5 281.7 277.8 271.7 268.1 276.1 277.7 277.8 277.7 278.9 286.3 288.4 294.2 295.7 299.5 301.5 302 303 304.1 307.2 309.6 314.9 319.7 323.2 326.8 330.4 331
317.6 323.9 330.4 335 337.7 341.8 344.9 345 345.6 346.1 348.7 351.1 352.8 355 356.4 357.3 357.9 357.4 356.3 354 352.5 350.8 348.4 345.8 343 340.9 337.9 334.3 330.8 326.9 323.6 321.4 320.3 319.7 318.8 318.2 316.7 314.8 312.8 310.8 308.5 305.6 302.9 300 297.2 294.3 293 290.4 287.5 287 285.1 283.9 281.7 271.5 275.5 276.7 279.1 280.4 279.4 279.4 277.8 284.5 288.2 290.6 293.9 296.8 299 301.2 302 302.5 304.2 306.8 312.9 317.3 321.3 325.9 330.6 331.6
320.1 325.1 332.2 335.1 341.7 346.8 349.2 350.5 351.7 351.9 352.9 354.9 357.7 359.3 361.2 361.7 362.4 362.5 360 357.8 356.2 353.9 351.5 347 343.9 340.7 337.6 334.3 329.9 326.7 323.7 322.6 320.6 318.6 317.1 315.8 315.6 313.6 311.9 309.6 307.4 304.7 301.5 299.3 296.9 293.9 290 287.9 287 286.1 285 283.8 279 272.4 280.5 280 280.5 281.1 280.4 281 282.7 281.2 286.3 289.3 292.9 295.3 297.2 298.9 300.4 302.5 304.6 306.4 309.7 314.7 319.8 324.8 330.5 332.3
321.5 326.2 333.7 342.2 349.3 352.8 353.3 355.1 356.3 357.8 358.5 359.2 360.7 362.3 364.2 364.9 366 366.1 362.7 360.7 359 356.1 352.5 349 345.6 341.2 337.5 334.6 330.8 327 324.2 322.8 320.8 319.5 317 314.4 312.4 311.3 310.9 308.8 306.6 303.6 300.6 298.7 296.1 293.1 290.6 287.8 286.8 282.3 283.8 282.1 273.8 274.5 282 282.3 281.6 282 282.7 281.6 282.3 282.3 284.3 287.9 290.9 293.7 295.8 298.2 299.7 302.6 304.2 305 306.7 313 317.6 323 329.4 332.4
323 328.5 340.9 345.5 353.8 357.5 358.8 358.7 359.8 361.4 362.8 363.9 364.8 365.1 366.4 367.5 367.6 367.4 365.4 363.8 361.4 357.4 353.7 350.6 346.9 342.8 338.8 334.9 330.1 327 324.7 322.8 321.3 319.4 317.1 315.4 313.7 311.5 308 304.5 304.2 301.8 299.8 297.4 295.1 292.5 289.9 287.2 286.5 282 278.9 276 275 281.1 284.8 284.4 283.2 283.3 284.3 283.8 282.2 284.7 284.2 283.1 289.5 293.3 295.5 297.6 299.6 302.5 302.9 303 305.5 310.2 315.2 320.1 325.7 330.7
324.1 330.3 342 347.8 354.9 358.6 359.7 359.5 361.4 362.5 364.3 365.2 369 366.7 368.3 369.6 369 368.2 368 366.5 363.4 359.7 355.1 352.4 349.9 345 339.7 335.1 329.5 327.7 325.3 323 321.3 319.1 317.2 315.7 313.7 311.6 309.1 306.5 301.8 297.9 295.7 293.2 290.4 288.3 287.5 286.7 283.1 283.3 283.1 277.3 281.8 284.6 285.8 285.5 284.5 284.8 285.8 285.2 283.6 284.1 286.3 285.2 287 292.3 295.1 296.8 298.9 300.8 302 303.6 305.2 307.3 311.8 317.5 323 328.1
324.7 331.5 337.9 346.1 351.4 355.7 357.5 357.6 359.7 362.1 363.5 365.6 368.2 369.1 371 369.8 370.5 369.8 369.4 369.9 365.7 361.6 357.4 354.2 350.5 345.9 340.9 335.5 330.6 328 325.6 323.2 321.3 319.4 317.6 315.7 313.3 311.2 309.4 307 304.2 301.3 298.3 296.2 294.2 291.8 289.4 287.5 286.1 285.1 284.2 278.9 283 285.7 286.9 286.9 285.7 286.2 286.8 286.9 286.4 285.4 286.8 286.5 287.4 290.6 293.6 296.3 298.3 299.3 302.5 304.3 305.7 306.6 309 314.1 318.8 324
324.3 328.1 334.9 341.4 346.8 349.8 353 354.4 356.5 360.4 362.6 365.3 367.5 370 372.2 373.6 373.7 371.7 371.1 370.6 367.8 363.6 359.2 355.4 351.4 347.6 342 335.9 331.5 328.1 325.7 323.4 321.6 319.7 317.8 315.9 313.9 311.7 310.1 307.9 304.6 300.9 298.5 296.5 294.4 292.3 289.5 287.8 283.5 282.5 279.8 278.4 284.3 286.9 288.2 288.3 287.6 287.7 288.2 288.3 287.4 287.6 287.5 287.3 287.5 292.4 294.5 296.9 298.2 299.5 301.2 304.2 305.5 306.4 307.5 311.5 316.1 320.2
320.9 325.9 332.9 338.3 344.3 346.9 349.2 352.3 355.7 357.7 360.5 365 368.9 371 373.1 374.5 374.9 372.7 371.1 370.1 368.6 365 360.8 355.6 353.4 349.4 344.8 337.3 332.9 329.5 326.4 323.7 321.8 319.1 317 315.4 312.9 309.9 308.3 306 302.8 300.5 297.9 295.7 292.9 289.5 287.5 288.1 285 282.6 282.6 285.8 286.2 287.9 289.6 290.1 289.6 289.7 290.2 289.9 289.4 289.5 289.7 290.2 289 291.1 292.5 294.2 296.9 298.7 300.6 302.9 304.4 305.6 306.9 310.6 314.7 317.8
320.4 327.5 332.9 337.9 342.4 346.1 348.4 350.2 353.5 355.3 359.6 365.6 369.7 372.2 374.4 375.9 375.3 374 370.3 369.3 368.1 365 361 358.2 354.8 350.7 345.4 338.1 333.7 330.2 326.9 324.2 322.3 319.8 317.5 315.6 313.2 311.4 309.2 306 302.6 300.4 297.6 295.2 293.4 291.4 290.1 288.4 286.7 283.7 283.6 288 287.6 289.2 291 292.3 292 292 292.2 292.4 291.7 291.3 292.7 291.6 292.1 291.7 295.5 297.2 297.8 297.5 298.9 300.9 303 304.8 307 310.1 314.2 317.1
319.9 326.1 332.5 337.5 340.6 345.3 347.6 348.9 351.4 353.5 357.4 365 370 373.4 375.8 376.7 376.4 374.3 371.2 368.5 367.4 364.9 361.7 358.5 353.5 349 343.9 337.6 333.7 330.9 328.5 325.4 322.5 319.8 317.4 315.1 313 308.8 305.7 303.9 301.9 300.4 298.7 296.2 294.9 293.6 291.8 288.2 285.4 287.3 284.8 289.3 289 290.7 293.1 293.9 294.3 294.3 294.3 294.4 293.7 294.2 295.9 293.3 294.2 293.9 296.3 298.5 300.2 301 299.7 299.6 301.7 304.8 307.1 309.8 314.6 318.4
317.3 323.1 331.1 336.2 339.3 342.4 344.6 347.2 349.8 353.4 358 363.9 369.5 373.9 377 378.4 377.8 376.2 374.3 370.9 368 364.7 359.8 353.6 349.9 345.4 340.8 338 336.5 333.4 328.9 325.6 322.8 320.1 317.6 315.2 313.1 311 308.2 305.2 302.9 301 299.3 298.1 296.5 295.2 292 289.7 287.2 289.1 286.9 291.1 290.4 292.2 295 295.1 296.9 296.6 297.2 297.1 295.4 297.1 297.5 295.5 294.6 296.8 297.4 299.4 301.3 302.7 303.1 303.3 300.8 305.7 307.4 310.1 315.2 320.3
316.1 319.7 326.6 332.6 333.3 337.9 343.5 346.4 349.1 353.2 358.3 363.9 368.4 373.1 377.6 380.4 380.2 378.6 376.3 373.7 369.8 366 361.1 356.2 352 347.8 343.8 340.1 337.2 333.3 329.3 326 323.2 320.9 318.6 316.3 314 311.6 308.9 306.2 304.1 302.7 301.3 300 297.9 296.5 292.8 291.4 288.6 290.4 288.9 291.3 292.1 294.1 297 299 299.7 299.2 299.5 299.1 299.1 301.4 300.4 297.6 297.2 298.3 299.3 300.6 302.1 303.8 305 305.3 303.5 306 308.2 310.9 316.6 321.7
312.7 316.2 319.5 325.6 331.8 337.7 341.6 344.4 348.7 353.3 358.3 363.4 368 372.2 376.4 381.4 382.1 381.1 379 376.2 372.4 368.3 363.5 359.6 355.6 350.4 345.5 341.7 338.1 334.2 330.2 327.1 324.9 322.5 320 317.4 315.1 312.7 309.8 307.4 305.6 303.9 302.4 300.8 298.1 296.4 294.2 293 290.6 289.3 290.7 292.9 293.8 296.1 298.9 301.2 302.4 301.9 301.9 303.4 304.6 302.8 300.8 299.8 299.9 300.3 300.8 301.7 303.4 305.5 306.4 306.6 305 307 308.4 311.5 317.6 323.2
306.1 310.9 319.2 324.6 330.2 336.3 339.1 343.9 348.1 352.8 357.8 362.2 367 372.5 376.2 379.9 382.6 382.8 381.3 378.7 374.9 370.7 367.1 362.9 358.3 353.2 347.8 343.5 339.7 336 332.3 328.9 326.5 324 321.6 319 316.4 314 311.9 309.7 307.3 305.6 303.8 302.5 299 297.2 295.1 293.6 291.2 290.4 292.5 294.7 295.2 298 301.3 303.4 305 305.1 305.6 307.4 305.4 304 303.3 302.5 302.2 302.6 303.2 303.4 304.6 306.9 308.2 308.4 308.1 306.7 310 312.6 317.5 325
303.7 311.2 316.1 320.3 324.7 331.1 338 342.7 347 351.7 356.8 361.4 366.4 371.7 374.9 378.8 382.8 383.9 383.8 381.6 377.6 373.2 369.5 365.7 361.8 356.1 350.7 346.2 342 338.4 334.8 330.7 328.7 326.1 323.4 320.8 318.1 315.7 313.6 311 308.9 307.1 304.9 302.1 300.5 299.2 296.2 294.4 292.3 292.6 294.7 295.7 297.4 300.5 303.8 305.6 307 307.6 308.2 308.1 307.5 306.9 306.6 305.7 305 305.6 306.4 306.6 305.9 308.2 309.3 310.4 310.2 308.8 311 313.8 319.6 327
303 306.6 312.2 318.1 325.3 328.3 336.6 341.4 345.7 350.5 355.6 360.7 365.5 370 374 378.1 381.9 384.6 385.9 383.9 380.1 375.4 371.7 367.5 363.6 358.2 352.7 349.1 344.8 340.9 336.6 332.7 330.2 328.3 326 323.4 320.6 318.6 316.2 312.9 310.2 308.2 306.4 305 301.9 300 298.5 295.3 293.7 292.6 296.7 297.2 298.9 302.3 306.1 307.9 309.6 310.8 310.8 310.9 309.8 310.4 310 309 308.6 308.9 309.5 309.4 308 308.3 309.8 311.6 312.8 312.4 309.3 314.1 320 327.6
297.9 304.6 310.4 314.4 319.2 325.7 331.3 338.1 343.9 348.4 353.8 359.2 363.9 368.3 372.2 376.1 379.8 383.3 386.7 387.5 382.8 377.9 373.5 369.2 364.9 359.6 355.2 351.6 348 343.1 338.6 334.7 331.8 329.9 327.9 325.6 323.2 321.1 318 313.9 311.2 309.2 307.2 306 304.2 302.8 301.5 297 294.6 295.3 298.2 298.4 299 304.3 309.3 311.2 313.2 314 315.2 314.7 313.3 314.4 314.1 313.1 312.3 312.5 312.8 312.9 314.5 309.9 311.3 312.3 314.2 315.2 313.2 315.3 319.2 328.9
299.2 303.4 308.9 313.6 318.8 323 328.2 334.1 341.3 346.1 351.3 357.2 361.7 366.8 370.7 374.5 378.3 381.6 384.2 387.1 384.2 379 375.3 371.1 365.9 361.7 357.3 353.6 350.7 345.5 340.7 336.6 334 331.8 329.5 327.3 324.5 322 318.2 315.3 312.9 309.9 307.9 306.1 305.4 304.8 303.3 297.9 295.6 296.8 301.1 300.3 302.6 306.2 311.2 313.9 315.8 317.8 318.5 317.9 316.9 318.6 318.3 316.9 316.4 315.9 316.2 315.7 316.4 314.9 312.5 313.9 315.6 316.2 316 313 319.7 326.8
295.4 299.6 305 311.4 316.7 321.5 326.1 331.1 336.8 344 350.4 356 360.3 364.5 368.8 372.9 376.9 380.6 382.1 384 384.4 380.9 376.2 372.3 367.6 363 358.8 354.7 352.7 347.7 342.8 338.7 336.2 334.3 332.1 328.7 325.7 323.3 319.9 317.1 315 311.6 308.5 305.9 304.8 303.6 301.6 298.9 296.3 299 302.8 302.8 305.3 308.3 312.8 315.5 318.1 321 322 321.7 320.9 322.3 322.6 321 320.3 320.1 318.7 318.4 317.5 316.7 316.7 314.9 317.4 319.3 319.4 317.6 319.5 325.3
295.9 300.9 305.5 310 315.1 319.4 323.4 330.2 336.7 343.7 350 354.8 359 362.4 366.4 371 374.9 378.1 380 381.4 381.6 380.9 377.1 373.4 369.1 364.8 360.5 356 351.2 347.5 343.3 340.5 338.4 336.6 334.7 330.3 327.9 325.9 322.7 318.9 316 312.1 308.6 306.1 304 302 301 299.9 296.6 298.8 304.5 306.1 306.2 309.7 314.2 317.6 321.8 325.2 325.9 325.7 325.2 326.5 326.7 325.6 325.9 324.5 321.8 321.8 322.1 321 320 317.1 318.5 320.9 321.7 320.9 322.1 326
294.6 298.9 303.6 308.3 312.1 317.2 321.9 330.2 336.5 342.2 349.3 353.9 357.8 361 364.8 368.8 371.8 374.6 377 379.5 378.5 379 377.1 374.5 370.5 366.1 362 356.9 351.8 346.8 343 340.1 339.2 338.4 336.5 332.8 329.3 327.2 324.6 322 318.3 314.7 311.5 308.4 305.1 302.2 301 300.6 297.5 299 304.8 306.1 307.7 310.1 315.7 321 324.5 328.3 329.2 329.1 328.5 331.3 331.5 330.1 328.6 327.1 326.3 325 326.6 326.6 325.4 323.4 317.8 324.4 323.8 325.4 323.3 325.4
294.2 297.5 301.1 305.1 305.8 313 318.5 324.6 332.9 340.3 345.7 351 356.3 359.5 362.3 365.3 367.7 369.4 371.4 373.8 374.7 377 375.8 373.6 370.7 367 363 357.4 352.3 347 342.9 340.1 338.3 340.7 337.8 333.7 329.4 326.8 324.3 322.8 320.1 316.2 313.9 311.7 308.2 303 300.8 299.5 299.5 297.3 301 302.8 306.3 313.2 317.8 320.4 326.2 330.1 332.5 332.9 331.3 336.7 337 334.4 331.9 330.3 330.1 330.6 330.3 329 330 328.4 325.9 319.4 324.6 323.8 327.6 325.1
