Game/Highland_Data/StreamingAssets/GeoData/Data/ns/NS97.asc
ncols 200
nrows 200
xllcorner 290000
yllcorner 670000
cellsize 50
[rows 105 to 139 of 200, columns 79 to 157 of 200]
141.9 141.7 139.8 137.8 135.5 133.9 131.1 130.3 129.1 128.5 127.3 126.6 125 124.5 125.3 124.7 124.1 126.3 128.1 125.4 120.3 115.1 117.8 119.6 119.2 118.3 115.8 115.4 114.9 114.2 111.5 92.5 70 71.8 71.7 72.1 72.1 71.6 71.4 80.5 94.1 94.3 94 93.2 94.3 97.4 102.4 107 107.7 105.4 101.5 104.4 109.3 114.5 120.4 125.7 128.6 129.1 128.6 129.4 132 134 133.6 135.1 131.6 131.6 131.6 133.8 137.6 141.4 145.3 149.2 153.5 157 157.6 157.9 165.4 168.9 172.4
150.4 149 147.6 145.8 143.9 142 140.7 139.7 138.7 137.8 136 133.8 130.1 132.4 132.5 131.8 131.1 127.4 128.8 126.4 124.5 122.4 119.3 112.1 112.7 113.6 115.7 115.5 115.6 115.6 108.4 82 72.8 72.5 73.1 72.9 72.3 71.6 79.4 92.9 105.1 102.9 100.5 99.4 101.2 103.1 106 106.4 105.6 104.8 104.1 105.7 112.4 116.9 122.6 129.2 131.9 131.6 131.6 131.7 134.7 134.6 133.5 131.6 131.6 131.6 131.7 133.9 136.7 138.5 144.1 148.1 151.9 155.5 156.5 159.1 168.5 173 176.2
155.1 153 151.2 148.5 145.8 144.1 143.3 142 140.6 139.3 137.9 135.2 132.9 131.4 132.5 130.6 128.6 127.4 126 124.7 123.1 121.3 120.1 119.1 116.3 116 103.2 109.8 111.3 108.3 98.6 75.8 73.2 73.8 73.9 73.1 72.3 78.3 90.5 103.8 111.7 110.1 107.8 106.6 107.3 109.1 107.5 107.8 112.7 111.3 111.1 108.4 110.9 116.5 120.3 127.9 137.8 136.1 134.4 133.9 135 135.2 133.5 133.3 131.6 134.1 150.7 166.6 168 168.5 167.8 166 161.9 161.5 162 165.1 169.4 173.1 175.8
157.3 155 152.7 149.9 147.8 146.7 146.1 144.6 142.7 140.5 138.4 136.3 134.2 133.2 132.1 130.8 128.6 127.3 125 123.4 121.5 119.9 118.4 116.7 115.2 115 114.5 109 96.7 93.4 88.5 81.6 73.8 74.4 74.2 75.1 80.2 89.6 95.9 108.9 110.4 111.4 111.5 112.3 112.6 112.2 106.8 109.8 114.9 116.1 115.4 110.6 113 120.6 123.1 134 132.1 132.8 133 133.3 134.2 135.4 134.6 135.8 148.8 163.8 170.3 174.9 177.5 180.1 181.9 183.6 184.5 182.6 179.5 177.1 174.2 175.1 177.1
156.4 154 151.1 148.6 147.1 146.4 145.9 144.2 141.9 139.1 137 134.1 132.2 130.7 129.7 128.7 126.4 125.1 123.7 121.9 119.8 117.8 115.8 113.9 112.6 112 111.6 110.4 109.3 106.9 102.9 85.7 72.4 75.1 74.8 79.7 87.8 93.9 100.4 108.6 109.9 110.9 111.7 112.5 112.9 112.7 111 108 110.4 113.9 112.9 112 114.1 120.5 120.6 127.2 132.1 135.3 136.9 137.5 136.3 138 142.7 161.2 166.6 169.6 174.3 178 181.4 185.2 189.8 197.2 200.1 196.8 194.4 204.5 204.7 195.4 188.3
154.1 151.6 149 145.9 144.3 143.7 143.7 142 139 136.4 133.9 130.3 129.9 128.7 127.7 126.7 125 123.7 121.9 120.1 118.1 116.2 114.2 112.3 111 108.7 107.9 102.5 105 101.7 95.4 86.1 77.2 75.1 76.9 80.7 91.4 97.1 105.1 109.5 109 109.7 110.5 111.5 112.7 112.8 109 108.5 111.5 113.7 114.4 114.7 114.9 119.8 125.1 130 134.9 139.6 142.2 143.4 144.2 140 154 167.2 168.6 171 174.2 177.6 182.8 187.4 195 201.6 200.1 206.2 214.3 218.4 221.3 215.7 204.8
151.8 149.5 146.9 144.7 142.8 141.4 140.7 139 136.4 134.1 132.1 126.6 128.5 127.3 125.6 124.7 123.6 121.7 120.3 118.7 116.9 115.1 113.1 110.5 107.4 108.3 97.9 96.6 92.9 85.8 83.7 83.1 77.5 72.6 80 84.6 94.2 99 105.1 109.1 110 108.9 109.3 110.4 112.1 111 108.9 111.5 113.2 114.7 116 120 127.1 128.8 135.9 141 141.7 143.7 145.9 147.2 148.8 149.6 149.2 157.5 162.9 166.6 170.1 174.2 181.3 187.3 192.9 199.6 210.9 214.5 219.1 226.8 228.9 224.7 218.2
149.4 147.3 145.3 143.1 141.9 139.8 137.4 135.1 132.7 131.2 130.2 125.9 127.9 126.3 124.5 123.1 122.4 121.5 120 118.4 116.7 115.3 114.4 113.1 112.7 103.4 106 112 110.2 106.1 95.5 87.1 80.3 75.3 81 88.2 94.3 98.6 102.9 108.1 109.9 110 109.7 109.9 110.7 110.3 110.6 112.7 113.8 115.6 118.1 122.8 127.1 132.5 139.4 144.1 147.4 148.5 150.9 151.9 153.3 154.8 157.4 160.2 163.1 165 166 165.6 170.3 176.8 185.3 200.1 210.2 215.7 222.5 223.8 222.2 217.1 213.6
152.6 148.3 145 142.8 141.3 139.9 138.2 135.5 133.7 132.6 130.9 130.1 132.2 129.6 127 125.6 124.1 122.8 121.1 119.2 117.4 116.4 116.1 113.7 105.7 110.5 112.9 113 112.2 110.6 106.2 101.2 85.6 76.9 77.2 82 91.4 96.2 100.8 109.1 110.9 111.6 112.4 113 113 111 111.4 113.1 114.5 117.3 120.5 124.2 129.3 139.9 149.7 157.7 160.8 154.9 155.8 157 157.9 159.4 162.7 165.5 168 169.7 170.9 171.2 170.7 167.8 169.7 182 186.4 190.9 192.2 194.1 192.8 191.9 189.9
153.9 148.8 146.7 144.3 142.4 140.1 137.9 136.4 134.7 133.6 132.2 131.3 133.3 131.6 127.3 126 124.5 123.2 121.6 119.9 118.1 116 111.8 114.1 114.9 114.7 113.7 112.8 111.7 110.2 109.5 104.9 84.4 77.4 77.7 79.2 88.5 94.1 98.7 109.3 112.7 113.5 114.9 115.5 115.4 113.4 111.2 122.9 128.1 129 131.5 131.2 135.1 142.9 151.7 160.2 166.2 164.1 161 162.7 163.5 164.5 167.3 170.4 173.5 174.7 175.6 177.5 176.6 182.8 170.8 167.4 163.5 162.1 162 162.3 163.7 166.3 167
150.8 148.2 145.8 143.3 141.4 139.4 137.5 136.7 135 134.1 130.4 131.6 131.2 129.3 127.8 126.4 125.2 123.4 121 119.1 117 116.8 116.3 118.5 119 117.1 115.6 114.1 112.7 112.5 111 108.8 90.3 78.8 77.3 79.5 85.9 92.3 96.7 107 112.7 116.5 117.8 118.8 119 117.7 112.7 114.8 127 131.8 137.6 136.4 136.6 142.4 152.9 162.7 171 170.1 168.5 167.6 168.7 171.1 172.7 175.6 178.3 179.2 181.4 184.6 187.4 192 192.5 175 167.7 163.1 162.4 162.1 162 162.2 162.1
150.3 147.4 144.6 142.3 140.5 139.5 137.9 136.8 135.7 134.3 131.4 132.7 131.8 130.5 128.8 127.1 125.2 123 119.9 119.6 119.7 119.8 119.9 122 122.6 120.1 117.7 115.8 114.5 113.2 113.5 113.3 103.1 87 76.2 78.8 80.2 89 95.5 99.4 106.6 113.1 119.7 122.7 122.7 121.6 118.3 112.6 124.5 130.9 132.4 132.2 138.4 150.1 157.2 166.7 173.5 174.6 175 175.3 176.6 176.5 177.7 181.1 183.3 182.2 182.3 182.9 184.8 183 178.4 171.9 167.1 163.4 162.7 162.2 162.2 162.4 162.4
149.5 147.1 144 141.9 141.2 139.9 138.2 137.5 136.4 131.8 134.2 133.4 132.1 130.7 129.6 127.9 126.6 123.2 122.9 122.6 121.5 121.1 121.3 122.1 122.3 120.7 118.6 117 115.6 114.9 115.8 116.5 116.1 104.2 92.2 80.3 78.9 80.5 82.6 86.1 99.6 107.5 114.1 120.6 124.1 121.5 118 113.3 115 126.6 131 132.8 141.1 150.8 159.2 170.7 176.5 176.8 175.3 174.8 174.5 173.7 176.9 179.2 178.9 177 173.7 174.7 173.9 170.3 168.7 165.5 164.5 163.4 162.8 162.2 162.2 162 162
148.1 144.5 142.2 140.7 140 138.4 136.5 135.8 134.2 133.1 132.6 131.5 130.2 129.8 129.1 128.1 125.8 126 125.2 123.9 123.2 122.7 122.3 122.2 121.7 120.6 119.5 118.4 117.4 116.6 117.8 119.9 121.9 121.8 112.2 98 87.4 81.9 80.9 79.9 89.3 102.7 109.7 119.5 122.3 120.6 116.5 114 116.2 125.1 133.5 136.4 143.9 154.6 162.9 170.4 177 175.5 171.3 170.2 170.2 174.9 181.1 182.3 181.2 186.1 189.4 192.1 194.6 192.6 187 179.7 174.5 171.4 170.7 169.8 168.2 166.7 166.1
146.3 142.8 139.8 138.9 138.4 135.8 133.6 132.7 132 131.8 130.9 130.2 130.7 130.6 129.4 127.8 127.9 127.8 127.3 126.5 125.5 124.7 124.1 123.5 123.2 122.6 121.7 120.7 119.5 119 120.1 121.7 121.6 121.5 120.4 107.5 97.2 88.7 83.9 80.9 83.9 100 106.5 113.5 120.4 118.8 116.2 115.7 120.9 123.6 128.6 136.7 145 152.2 163 173.9 175.2 170.6 166.7 167 177.9 184.4 182.6 182.7 182.9 184.7 188.1 192.6 197.9 201.9 207.2 201.3 188.6 180.4 179.5 180.5 178.4 177.4 176.4
144.9 142.3 139 137.9 137.2 134.2 132.8 131.7 132.6 132.4 132.8 133.8 132.8 131.5 130 129 129.3 129.8 129.6 129.3 128.2 127.1 126.2 125.6 125.1 124.6 123.5 122.5 121.3 120.9 121.6 121.7 121.4 121 119.9 118.2 105.5 97.3 90.1 82.7 81.6 96.5 103.5 110.6 120.2 117.6 117.2 119.8 124.6 129.4 133.2 138.1 144.7 152.8 158.1 164.2 169.8 165.5 164.6 178.2 195.1 193.9 193 189 185.2 185.8 185.2 188.4 192.9 197.3 199.2 193.8 186.7 181.7 180.2 180 179.8 179.8 179.5
143 140.3 138.7 137.1 135.6 132.1 134.3 133.9 133.9 134 134.1 133.3 131.7 130.4 129.8 129.7 129.9 130.6 130.5 129.7 129 128 127 127 126.6 126.4 125.6 124.2 123.5 122.6 122.2 121.6 121.2 120.6 120.4 119.3 115.1 103.3 93.3 83.7 80.5 94.5 103.6 111.9 118.4 116.9 119.1 122.1 126.7 131 135.5 140 147 155.9 162.8 166.2 167.3 167.1 177.1 190.9 195.2 197 197.8 197.2 196.1 192.9 190.1 191.2 195.7 196.6 194.4 189.3 182.8 178.8 177.5 177 176.8 176.5 176.2
139.8 138.1 136.4 134.6 134.2 134.5 135.1 134.2 134.2 134 133.4 132 131.3 130.4 130.2 130.5 130.3 130 129.6 128.7 128 127.5 127.2 126.8 126.9 126.6 125.7 124.4 123.8 123.1 122.1 121.3 120.8 119.8 119.8 119.3 116.6 106.9 95.2 83.8 81.5 91.7 102.5 110.8 115.5 118 121.2 124.8 128.6 132.3 136.8 142.3 148.5 155.6 164.7 170.6 170.6 175 185.9 190.7 191.1 194.2 194.1 193.2 194.5 195 190.6 197.1 204.6 201.4 195.5 187.3 180.3 178.1 176.5 174.9 174.1 172.9 171.9
137.2 135.5 134.8 135.2 134.8 135.7 135.3 134.7 133.9 133.4 132.5 132.1 132.1 132.1 131.5 131.7 131.7 131.4 130.4 129.9 129.2 128.7 128.4 128 127.9 127.3 126.3 122.7 123.3 123.1 122.3 120.9 119.9 117.6 116.8 116.7 115.1 104.2 93.4 83.6 82.3 92.7 103.5 113.3 118.6 122.1 125.3 126.9 129.4 134.1 138.8 143.2 149.9 155.6 162.1 170.9 171.9 175.5 182.4 184.8 186.8 189.2 189.8 189 193.5 197.2 198.7 194.6 186.7 189.6 187.7 181.2 175.3 172.2 170.9 169.6 168.7 167.1 166.4
136.3 136.1 135.5 135.4 135.9 137.5 137.4 136.8 136.9 136.8 136.7 136.3 136.8 136.4 136.3 136.1 135.8 135.2 133.7 132.6 131.9 131 129.8 129.1 128.3 127.1 125.9 124.1 113.5 119.5 117.4 114.6 106.5 99.5 104.8 109.2 105.4 98.2 90 83.1 79.7 93.9 105.6 114.5 122.5 123.9 128.5 129.2 129.7 134.7 139.6 143.4 147.1 152.5 159.7 168.1 170.5 170.3 174.2 178.5 179.9 182.8 187.4 187.1 187 190.6 191.6 188.7 181.6 178.4 173.2 168.4 167.1 166.4 165.6 164 163.9 163.9 163.9
139.5 139.4 139.1 139.2 140 140.7 141.1 140.7 141.2 141.2 141.4 141.3 140.7 141 140.1 138.9 136.9 135.3 133.6 131.4 130.5 129.7 128.6 127.6 126.8 125.6 123.5 119.9 113.9 110.2 106.8 103.5 84.6 85.7 85.4 89.2 90.5 86.5 83.7 80 92 100 109.7 116.2 123.2 125.6 129 130.4 130.4 135.3 140.3 143.4 148.5 154 157.7 159.4 159.8 161.3 164.8 170.3 171.1 171.9 172.4 173.2 172.6 172.5 170.4 169.5 165.5 165.1 163.9 163.9 163.9 163.9 163.9 163.9 163.9 163.9 163.9
140.7 141 142.2 142.9 141.9 143 142.6 142.3 141.7 141.1 140.8 140.7 139.7 138.5 137.4 135.9 134.4 132.3 131.2 129.5 128.6 127.8 126.6 125.9 125.4 124.2 122.1 112.3 105.4 100.8 93.2 87.1 86.3 85.7 85 84.8 84.4 81.1 86.9 96.5 102.2 106.8 113.8 120.5 125.4 127 130.1 131.7 132 135.4 139.7 144 148.5 153.5 154.2 153.9 152.1 150.6 149.9 150.9 153.3 155 155 155 155.3 156.1 155.7 154.7 155.7 162.4 163.9 163.9 163.9 163.9 163.9 163.9 163.9 163.9 163.9
142.5 143.4 144.3 145.4 145.7 146.8 147.1 146.9 146.6 145.7 144.1 142 140.5 138.7 136.9 135 132.9 131.2 129.7 128.7 128.1 126 124.1 122.2 119.9 117.5 113.6 107.2 97.1 99.7 88.4 87.3 89.6 89.7 92.7 82.2 92.9 100.1 102.4 105.8 110 113.7 119 125.2 128 130.1 132.8 134.2 135 135.9 138.8 143.4 148 150 150.1 149.9 149.3 148.4 148.1 147.8 148.3 149 148.7 148.7 150.4 152.4 156.9 157.8 156.8 160.4 163.9 163.9 163.9 163.9 163.9 163.9 163.9 163.9 163.9
146.7 147.4 147.7 148.6 149.4 151.5 152 151 148.9 147.1 145 143.8 141.9 139.7 137.7 135.9 133.8 133.2 131.6 127.7 124.2 120.4 118.1 115.8 111.6 108.3 105.5 101 91.4 88.2 87.2 97.8 99.5 99.9 101.1 100.6 103.5 107.5 111.3 115.4 119.5 122.1 125.6 129.9 132.3 134 136.1 137.1 138 139.6 142.5 146.1 148.4 148.2 147.9 148 147.5 147.5 147.1 146.2 146.2 144.5 145.8 147.3 147.6 147.4 148.7 150 151.5 155 164.8 163.9 163.9 163.9 163.9 163.9 163.9 163.9 163.9
151.1 151.7 152.1 152.5 150.6 149.5 147.3 146 144.4 142.6 141.3 139.4 137.5 135.7 133.2 131.7 130 127.4 122 118.4 116.2 112.1 110.5 109.4 106.4 99.5 98.2 95.6 89.8 86.6 93.9 102.6 105.1 106.7 107.3 109.6 112.5 115.2 118.9 122.2 126.1 129.6 132.4 134.9 137 138.8 140.5 141.1 142.3 143.6 145.6 147 147.3 146.9 145.5 145.8 146.1 146.4 146.1 145.4 142.1 140.6 144.7 147.6 151.2 154.9 157.8 163.2 164.7 166.6 168.7 171.4 169.6 166.5 165.7 166.4 167.1 166.6 163.9
148.2 148.4 147.9 146.4 144.2 142.6 141.8 140.8 140 138.9 137.6 136.3 134.3 132 129.7 127.9 125.2 118.2 114.9 110.7 107.6 104.6 103.5 102.9 99.4 96 92.7 90.9 87.5 92.1 104.2 110.5 112.9 115.1 117.4 120.1 121.5 123.4 126 129.2 131.4 135.3 137.6 140 142.9 144 145.2 145.5 146.2 146.9 146.6 143.8 143.5 141.9 141.7 142.2 142.7 142.9 143.4 142.9 139 140.4 145.1 149.8 153.5 157.4 161.3 167.2 170.8 174.9 177.8 177.8 177.3 175.3 174.1 173.7 173.1 172.2 164.7
144.1 144.2 143.2 141.2 140 138.9 138.5 138 137 136.1 134.7 133.3 131.7 129.9 127.8 125.5 116.3 111.3 107.5 98.3 89.5 90.9 91.2 92.2 91 88.8 88.9 87 90.3 100.5 113.1 117.7 120.2 122.4 125.9 127.5 128.4 130.1 132.1 134.4 137.5 140.4 143.7 143.8 143.6 143.7 144.2 142.3 142.4 141.5 141.1 138.9 138 136.8 137.3 138.5 139.1 139.4 139.5 139.4 137 139.5 145.7 150.9 154.9 157.9 161.9 167.7 174.3 178.2 182 182.1 181.1 179.7 178.3 177 175.1 172.5 169.5
139.8 139.4 138.6 138.1 136.8 135.8 135.6 135.2 133.8 133.1 131.5 129.8 128.2 126.5 123.6 115.2 109.7 103.8 97.6 89.9 92.4 92.2 91.3 90.7 90.8 90.7 90.5 95.8 102.8 109.8 117.2 124.2 128.8 131 132.4 134.7 135.5 136.5 137.6 138.4 139.3 139.3 139.3 139.1 139.1 138.5 137.8 137.7 137.3 136.1 135.1 135.1 134.5 133.5 134.6 135.4 136 136 137 136.1 136.2 139.5 145.2 150.4 154.8 158.6 162.3 167.4 172.4 176.9 181.8 182.4 181.9 181.7 181.3 178.9 176.5 175.7 176.3
137.5 137.7 136.6 135.3 133.8 132.4 132.3 131.6 130.5 129.6 128.3 126.8 125.4 123.2 116.8 109.9 104.3 97.6 92.7 95.1 96.9 98.6 99.2 99.4 99.6 100.3 100.9 105.5 110.8 118.1 122.9 129.8 134.8 136.7 135.7 135.6 135.2 134.3 134.4 134.8 134.4 133.8 132.8 134.3 134.6 133.8 132.7 133.3 132.9 131.3 130.3 130.1 130.5 130.8 131.9 132.8 131.5 131.7 132.1 134.7 137.7 140.8 144.7 147.3 152.9 157.2 160.4 165.9 171.1 176.9 180.4 182 185 188.7 190.3 189.5 185.6 179.1 182.4
133.9 134.5 134.1 133.1 131.9 130.4 129.2 128.3 127.4 126.6 125.4 124 122.8 120.7 113.3 105.3 97.4 93.7 92.2 99.9 103.2 105.7 115.9 112 110.2 109.6 112.2 114.9 119.7 124.2 129 131 131.8 131.5 131.5 130.8 130.5 130.5 129.6 129.1 129.4 128.2 128.2 128.7 129.7 129 129 128.8 128.1 127.1 126 125.4 125.9 127.4 129.1 129.9 129 132.9 135.4 138.4 140 143.2 146.6 149.3 151.6 154.6 159 165.3 170.6 175.7 180.5 183.4 186.3 189 190.8 189.6 186.1 182.9 183.5
126.9 129.1 129.8 129.2 127.6 126.2 124.6 124.8 124.1 123.3 122.1 121.7 120.5 118.8 111.1 100.1 94.9 91.3 99 104.6 109 112.6 116.8 117.9 121.6 120.3 122.3 124.2 127.2 127.1 126.4 126.5 126.9 126.2 126.2 126 125.8 125.4 126 125.3 125.2 124.7 124.6 125.4 125.5 125.3 125.5 124.6 124.4 124.2 123.5 123.1 123.7 125 126.2 128.6 132.3 134 136.8 139.8 141.9 145.2 148.3 151.2 154.2 157.1 162 166.3 171.4 176.8 181.3 184.8 187.3 190 190.5 188.1 184.1 180.8 182.3
114.8 119.1 122.6 122.5 121.1 117.8 116.4 117.5 119.7 120.1 115.4 112.4 113.6 112.5 107.2 98.7 91.7 98.2 104.5 108.9 113.5 118 122.1 117 126.3 129.5 129.4 131 130.5 129.6 128.4 126.9 125.1 124.3 124 123.2 123.1 122.8 122.8 123.4 123.6 123.2 122.6 124 122.2 122.5 121.9 122.1 122.2 122.2 122.1 122.2 122.6 125.4 129.2 130.8 132.4 134.3 137.3 140.3 143.5 146.7 150.1 153.3 156.6 160.6 164.8 169.2 173.8 178.6 182 187.6 190.6 192.4 191.2 187.5 183.4 182.2 182.6
101.6 99.7 111.7 114 112.5 111.3 110.7 111.7 111.9 109.7 102.5 97.9 103.5 107.2 101.4 90.9 98.1 106.6 110.1 113.2 117.8 122.5 127.2 118.4 126.6 135.1 134.1 134 132.5 130.6 128.8 127.5 126.4 125.4 124.6 123.6 123.5 123.1 122.7 122.5 122.2 121.8 121 120.7 121 120.5 120.7 120.7 121 121.6 121.2 121.3 123.9 128 130.7 132.5 133.7 134.7 137.9 141.1 144.4 147.9 151.9 155.2 158.7 163.2 167.8 172.6 177 180.8 184.1 187.7 191.1 193.1 192.2 188.5 184.3 183.2 184
99.9 99.6 98.2 101.9 99.9 98.2 97.4 101 103.4 98.3 97 96.5 94.3 91.5 95.8 95.6 105.5 109.9 113.4 117.3 122.1 127.1 133.5 125.8 124 133.5 132.7 131.5 130.6 129.3 128.2 126.7 125.5 124.3 123.3 122.1 121.6 121.2 121.1 120.4 120 119.6 119.2 119.8 120.5 120.9 119.6 120.4 121 120.9 121.9 124.2 126.3 130 132.5 135.1 136.7 136.8 139.2 142 145.4 149.7 154.9 158.5 161.2 165.4 170 176 180.8 185.6 188.7 190.1 192.4 194.2 194 190.5 185.9 184.8 185.4
100.2 101.4 101.4 102.8 104.6 101.8 98.6 97.6 94.5 97 96.6 93.2 99.1 97.9 99.1 98.5 108.8 113.2 116.4 120.9 125.8 131 133.6 132.2 119.9 131.6 131 129.9 128.7 127.7 127.2 125.7 125.2 124.3 123.6 122.6 122 121.4 120.4 119.5 118.9 118.6 119.3 119.6 120.6 120.7 122.5 123.9 124.9 125.6 125.9 127.9 130.5 133.4 136.5 138.3 140.5 141.5 143.4 144.9 148.9 153.1 156.5 160.4 163.7 167.6 172.3 177.6 183.7 188.1 192 193.7 194.7 197.9 199.3 196.9 190.8 190.1 190.7
