Game/Highland_Data/StreamingAssets/GeoData/Data/ns/NS99.asc
ncols 200
nrows 200
xllcorner 290000
yllcorner 690000
cellsize 50
[rows 0 to 37 of 200, columns 0 to 85 of 200]
446.9 453.8 462 480.3 496.1 507.5 520.7 534 549.5 562.9 576.8 580.5 561.7 545.2 530.4 537.3 560.2 581.9 600.4 611.4 618.5 616.8 609.6 586 558 530.4 513.7 524.6 538.2 551 563.7 564.1 552.6 530.1 502.4 475.9 452 434.8 446.6 463.6 481.3 496.8 493.6 477.6 462.9 449.6 432.3 426.4 449.8 478.5 501.9 520.2 530.7 535.7 537.1 533 528.1 535.4 549.3 563.7 577.1 589.5 600.9 616 627.8 633.8 644 646.8 646.8 644.4 639.4 632.3 624.7 616 610.5 603.2 594.9 584.9 573.4 560.5 546.5 526 505.6 482.1 458.4 440.8
442.2 435 451.3 466.2 479 496.7 509 520.5 536.9 548.9 556 557.1 537.6 521.7 506.4 527.9 555.6 573.9 597.4 612.7 619.6 617.2 609 582.3 555.5 527.4 504.2 502.5 513.8 526.7 541.5 547.9 546.5 534.1 511.3 488.7 464.9 440.3 428.7 441.7 457.8 473.1 473.7 459.3 447 432.2 420.2 441.3 463.3 487.9 509.8 524.7 534.3 537.7 533.8 526 516.8 521.7 536.4 554 570.2 583.9 596.2 610.5 622.3 627.1 637.1 643.1 646.6 644.9 641.6 636.6 629.9 624.2 618.1 610.9 602.9 594.5 585.1 572.8 559.3 545.6 525.9 503.4 475.8 460.8
431 420.5 435.2 457.6 472.8 485.8 501.1 513.1 527.8 536.9 539.4 535 514.5 496.6 493.9 521.3 547.3 570.3 590.8 616.3 623 622 607.1 581.1 554.3 528.7 501.4 481.2 492.3 505.1 519.3 529.4 534.3 529.7 519.4 501 477.1 453.6 429 423.7 438.1 453.3 456.7 444.7 427.1 414.2 436 455.2 474.8 497.9 516.2 528.1 537.7 535.2 528.5 516.5 504.4 502.1 522.5 543.6 562.1 576.9 589.3 601.6 610.2 618.7 628 634.8 642.8 644.1 642.9 639.8 635.3 630.1 624.6 617.5 610.3 603.5 596.4 588.8 570.7 556.1 540.8 521.2 495.1 472.3
416.8 412.8 435.2 451.8 462.3 476.5 490.7 504.3 514.1 520.7 521.3 510.9 489.7 474.3 486.8 513.9 541.1 567.6 592.3 616.2 627.7 627.8 609 584.4 558 531.4 504.5 480.1 471.2 485.3 498.2 509.4 520.5 524 518.5 505.2 489 467.2 440.9 411.4 419.4 435.1 437.8 428.4 411.6 429 449.4 469.6 489.5 507.6 521.8 531.5 533.4 528.9 521.1 505.8 494.3 487.7 512.2 532.4 550.2 567.6 579 591.1 599.4 608.6 619.6 628.4 637.4 642.4 642.7 642.3 639.1 635.9 630 623.6 616.4 611.3 605.1 600.1 583.5 566.6 552.6 539.2 514.4 491.9
398.8 406.8 422.2 439.4 451 463.3 478.5 491.2 500 504 501.1 484.6 467.1 456.5 479.5 508.2 537.4 565.8 594.9 615.9 631.8 630.1 610.1 589.5 563.5 536.8 509.3 484 456.4 463 477.3 490.2 501.8 512.3 512.3 503.7 490.3 473.4 448.7 423.2 400.5 422.2 416.4 403.6 418.4 440.2 464.8 486 503.4 515.4 523.1 527.9 527.4 522.9 511 495.2 482.4 478.4 504.2 523.6 542 557 568.1 579.5 588.7 598.4 610.3 621.4 629.3 638.1 641 642.3 641 637.6 632.3 625.4 618.6 615.1 608 601.5 588.3 573.9 562.5 549.4 526 517.8
383.9 396.5 408.9 420.6 437.2 451.4 465.8 476 482.3 483.9 477 462.2 445.6 452.4 479.9 509.9 539.6 569 599 624 633 626.3 610.7 590.8 566.6 540.6 514.4 489 462.4 445.6 454.2 470.6 483.1 494 498.5 496.5 485.1 466.5 446.1 425.3 395.2 406.3 398.5 418.1 437.3 457.5 478.8 499.6 512.9 519.2 524.1 524.5 520.4 513.5 500.4 483.8 470.2 475.2 497.5 515.2 531.4 545.5 555.9 565.2 575.1 584.9 598.2 610.1 619.7 628.1 632.2 636.7 639.9 638.9 632 624.6 620.4 615.7 606.1 597.5 588.2 577.4 566.8 556.6 546.6 535.4
395.2 381.1 391.7 405.3 423.8 440.1 453.1 462.9 466 463.9 454.1 440 428.2 454.8 482 511.2 541.4 570.9 599.5 623.3 636.1 623.4 608.4 589.5 566.9 542.3 518.7 495.9 473.5 451 434.4 449.1 463.5 475.5 484.4 485.2 476.8 458.1 438.9 420.7 402.1 388.5 414.7 433.3 450.4 471.3 493.1 509.8 519.5 520.3 518.4 517.4 512.1 503.5 485.9 469.4 458 477.9 494.9 508.3 522.4 533.8 541.9 550.5 561.8 573 586.6 599.7 609.2 617.4 622.5 627.7 629.1 629.8 625.6 622 617.9 613.2 602.7 594.9 587.1 577.9 570 561.3 549 538.4
405.5 379.3 378.8 391.3 411.6 430.2 440.3 444.2 447.7 442.1 430.7 415.3 433.9 460.8 486 514.4 543.3 572 596.9 618.8 632.3 618.9 604.3 586.7 568 546.3 523.5 502 480.2 457.3 436.2 427 443.8 457.3 472.7 474.7 464.3 448 428.1 410.5 389.9 397.8 420.4 441.2 461.2 483.7 503.3 518.2 525.1 522.2 517.8 510.9 501.3 490.4 474.2 456.2 458 476.7 490.7 501.6 511.1 522 529.1 534.1 546.5 560.9 575.1 589.7 599.5 607.8 613 616.4 617.8 619.3 617.9 615.9 612.5 606.1 598.2 590.9 583.3 575.6 569.6 560.2 548.3 536.6
417 391.3 365.4 378.6 396.9 414.7 424.9 425.5 425.6 417.5 405.1 412.1 441.2 469.8 495.1 521.7 548.4 572.1 590.1 609.4 618.7 608.7 597.3 582.6 567.7 551.4 529 506.1 485 462.1 442.5 423.6 424.5 444 463 462.9 450.9 434 416.7 395.6 381.7 407.4 429.7 450 472 493.2 511.1 523.9 526 523 515.7 504.3 490.2 476.5 465.3 447.3 456.3 474.5 484.8 493.2 501 508.8 513.9 520.4 532.9 549.6 564.9 579.5 589.8 597.8 603.4 606.4 606.4 607.2 607.3 606.3 603.1 596.8 590.5 583.8 576.8 571.6 565.8 556.7 543.8 531.1
424 399.3 377.4 359.8 377.8 395.9 403.2 408.1 402.3 392 398.4 424 451.5 477.5 501.7 527.2 550.5 571 587.1 595.1 601.5 597.3 587.8 577 565.3 552.2 533.5 515.2 492.1 468.6 446.9 428 409.9 430.8 449.2 446.9 434.2 420 404.9 386 388.9 414.5 438 461.2 480.3 500.3 517.4 524.2 524.3 520.4 512.9 498.6 485.5 468.2 453.1 438 453.3 466.6 473.1 480.9 489.2 494.3 498.3 500 518.3 537.2 555.5 569.7 580.8 587.1 592.4 593 594.3 594.8 594.7 592.6 588.1 583.9 578.8 573 566.9 564.4 558.9 550.1 534.6 522.9
434.8 411.8 388.7 367.3 356.2 372.3 382.6 388 379.8 383.7 407.7 434.1 460.1 482.8 503.5 527.3 546.8 565 577.2 582.6 585.5 582 576.3 569 559.6 548.7 536.2 521.2 499.8 474.8 450.3 427.7 405.9 414.7 430.7 427.5 417.3 404.9 389.7 369.9 396.5 426 450.7 470.2 488.9 503.3 516.2 522.5 520.9 516.5 508.4 494.4 480.6 466.4 451.9 431.7 445.9 458 462.6 466.6 474.6 478.8 479.1 484.3 506.5 526 544.9 559.6 570.3 576.2 580 581.3 581.4 582.9 581.1 577.9 573.9 569.6 564.6 560.1 556.4 552.9 548.3 535.5 523.5 514.8
442.7 421.6 398.9 377.6 355.6 355.8 365.3 371.3 367.4 389.8 412.3 437.7 460.8 481.4 500.5 520.5 537.3 556.3 564.9 569.9 571.5 568.7 563.7 558.7 551.1 543.1 531.5 518.2 499.8 479.4 454.2 426.8 406.6 401.5 412.3 411 401.1 389.5 370.9 380.2 409.5 437 459.1 478.2 491.8 503 509.7 516.5 514.7 512.2 504.6 491.2 478.8 464.7 451.1 431.1 430.8 442.3 449.3 451.6 459.2 462.8 455.5 474.3 497 516.8 534.8 549.4 558.9 565.9 569.3 570.2 569.8 568.7 566.5 561.1 558.4 553.9 547.5 544.8 540 535.1 529 521.8 513.8 503
455.6 431.6 410.7 386.6 366.5 339.6 353.8 352 370.9 391.1 411.6 432.3 455.8 476.6 495.8 514.7 530.3 547.3 555.8 558.5 557.5 555.1 552.5 547.5 540.9 534.4 524.2 511.1 495.5 478.2 456.3 430.6 411.2 392.1 399.3 396.6 386.1 371.4 365.9 394.6 420.9 446.8 465.6 483 492 500.1 503.4 507.4 508.2 508 501.5 489.8 468.4 456 448.1 441.2 419.8 419 432.7 441.6 444.5 443.1 437 466.7 489.7 509.4 524.4 538.5 547.5 554 557.3 557.7 557.1 555 550.3 544.9 539.8 535 528.9 526.9 521.9 516 512.1 506.7 500.5 487.9
467.6 442.7 420.3 397.2 373.2 352.3 339 350.9 368.8 386.1 400.7 420.8 443.4 465 483.9 503 518.1 537.4 546.8 548 546 543.8 540.5 536.9 531 523.5 513.5 499.6 484.7 471 452.4 431.2 408.4 389.8 382.7 380 362.7 362.1 386.5 410.4 435.4 456.3 472.7 482.7 490 495.1 498.3 499.2 499.4 500.6 497 477.8 458.8 463.8 460.6 451.7 440.4 405.6 413.1 424.9 430 419 430.9 458.9 484.4 503.1 518.8 528.8 535.6 541.2 544 542.7 542 537.8 530.1 523.4 518.9 513.9 510.4 508.2 504.8 498.5 496.1 491.9 483.1 471.3
478.5 452.6 429.3 405.3 382.1 357.5 329.5 345.5 359.9 371.6 387.3 409.4 427.7 449.4 468.1 489 504.3 521.4 534.2 537.9 539.8 536.3 526.6 523.1 516.4 508.9 499 486 472.5 458.4 440.9 421.8 402 382.1 357.6 358.7 356.9 379.3 404.1 426.1 447.7 464.9 474.1 480.1 485.3 489.5 491.5 493.4 493.3 490.7 478.8 466.3 478.2 478.7 471.1 457.3 438.5 408.7 393.7 405 402.5 400.8 431.7 459 480.4 496.5 511 519.8 524.8 527.8 530.3 528.6 525.4 520.5 514.3 505.7 496.6 491.4 491.7 488.8 486.8 483.1 475.6 468.8 462.8 457.6
488.4 461.5 437.6 413.8 387.8 362.5 340.2 329.3 346.6 357.2 371.6 390 411.7 432.9 452.6 470.9 488 506.4 522.3 526.4 528.3 518.1 511.1 502.3 498 490.6 480.7 468.7 456.3 441.8 424.4 407 389.9 373.2 355.3 347.2 370 395.5 417.3 437.7 454.5 467.2 474.1 477.7 480 481.3 484.4 487 484.4 474.1 468.9 488.8 494.2 483.8 475.6 461.4 435.5 408.5 379.2 384.4 379.2 403.5 432.4 457.4 475.4 489.9 501.3 509 514.2 516.4 517.5 516 511 506.4 498.3 484.5 468.7 463.9 471.6 469.9 467.7 462.5 455.7 450.5 449.8 442.6
497 470.5 446.7 422.7 397 372.5 351 323.6 331.8 344.5 356.3 373.4 393.3 413.3 432 450.8 468.3 490.2 509.9 516.4 517 506.8 494.2 480.1 475.5 467.9 460.5 449.7 437 421.3 403.4 386.7 374.1 357.6 341.6 357.3 380.4 407.2 427.8 445.2 459.3 466.4 471.9 475 476.3 476.8 477.4 478.4 474.7 476.5 487.1 495.8 494.3 487.2 480.7 468.5 440.8 414.2 388.9 361.7 372.7 401.9 426.8 451.8 469.3 480.2 488.7 496 500.4 502.9 503.8 502.4 497.5 491.8 481.7 465.5 462.5 456.7 452.9 453.4 449.4 445.3 441.2 438.4 435.9 435.9
506.7 480.4 456.3 433.6 410.4 386.4 362.8 338.9 320.6 324.9 340 352.8 371.6 390.2 409.1 426.4 451.3 473 493.2 504.2 498.8 489.8 480.4 467.5 461.6 449.8 441.5 429.8 415.3 396.4 379.6 365.9 349.3 334.7 351 370.6 393.5 416.2 433.6 450.6 461.3 465.2 468.5 470.4 471.1 471.5 471.9 471.4 473.7 480.9 487.2 493.7 494.9 490 482.4 472.5 448.3 421 393.1 364.2 363.1 388.6 414.6 439 459 472 477.8 479.6 485.8 488.6 487.6 484.6 481.4 474.8 464.2 459.9 452.3 447.4 438.5 433.7 428.3 428.9 425.8 422.7 420.7 423.1
517.3 491.9 469.1 447.1 423.6 398.7 374 355 335.5 316.8 323.1 336 350.5 367.9 386 411.6 431.6 452.8 471.2 486.8 485.2 478.8 470.6 453.4 443 429.2 417.7 407.2 393.6 375.2 354.7 340.9 326.7 341.7 364.2 384 402.6 422.8 439.7 449.7 457.3 460.5 461.4 462.4 463.5 465.2 467.1 468.3 473.7 481 486.7 491.1 492.4 489.8 482.3 473 454.1 425.9 394.7 365.6 350.1 371.8 396.9 423.2 446.2 461.3 467.6 468 469.6 472.4 472.2 470.1 464.9 458.1 450.6 446.3 442.3 435.5 424.4 418.7 415.8 413.1 407.7 402.4 406.6 406.7
529.8 507.8 484.8 461.4 436.3 414.2 394.3 370.9 346.5 329.8 303.4 320.2 333.8 348.6 370.6 391 410.3 430.4 451.4 471.3 474.6 470.4 460 445.3 425.6 412 398.8 387.3 372.3 354.3 335.6 326.2 347.8 364.4 380.7 395.5 411.4 427.3 440.7 446.7 451.6 454 454.9 455.4 455.9 458.5 460.5 464.6 472.3 478.8 485.8 489.7 491.2 489.2 480.3 470 449.9 424.3 397.8 367.7 339.8 357.2 384.7 408.8 432.9 449.5 454.4 456.7 459.5 462.6 462.8 458.4 452.9 447 436.4 430.5 429.8 421.3 413.4 405.8 401.7 397.9 390.9 386.8 388.2 392.4
546.6 524.9 500.2 475.9 453.5 433.1 411.8 385.1 357.7 341.3 320.3 297.6 314.1 333.1 350.3 369.2 387.4 409 428.6 447.1 463.3 459.5 447.1 430.1 411 393.7 384 376.3 354.6 333.8 313.4 339.7 363.3 379.9 391.6 403.4 415.6 426.8 434.3 440.6 445.2 447.2 448 447.4 448.5 451 453.7 460.6 469.2 476.2 484.5 488.2 490.4 488.7 481 462.5 440.8 416.3 391.1 365.5 341.9 344.7 375 401.5 423.7 435.8 439.6 445.5 447.8 447.7 447.6 444.6 437.8 429 423.6 419.9 414.2 412 404.6 397 387.3 380.1 374.2 364.6 364 371.1
553.2 542.5 518.6 496.2 474.6 452.9 426 399.9 372.6 351.9 336.7 310 298 318.2 331.5 346.9 365 387.7 410.3 428.3 442.7 443 429.2 414.1 395.1 378.8 366 351.3 330.4 303.6 328.4 354.1 374.8 389.5 398.1 407.5 416.7 423.5 428.3 433 435.8 437 437.3 439.5 442.6 445 448.4 457.5 466.4 473.1 481.2 486.3 489.2 490.5 480.6 454.9 429.9 404.7 380.6 357.3 335.6 332.8 362.8 388.3 411.2 423.1 425.1 431.8 433.3 431.6 431.5 430.4 424.4 421.7 414.3 408.1 407.5 402.7 395.6 386.1 375.6 362.9 353.4 345.6 336.2 342
551.5 554.1 542.2 520.9 498.8 469.8 440.8 415.3 391.2 369.3 350.3 325.1 298.9 291 311.1 329.8 347.7 367.9 390.3 407.7 422.8 422.7 410.1 393.2 371.6 359.9 339.1 329.2 302.1 311.2 337.9 363.9 381.6 396.9 401.9 409 417.3 422 424.5 425 427.2 428.5 430.3 431.1 435.4 438.1 444 452.8 462.1 470.5 474.8 483 485.8 485.1 475.3 448.1 421.5 396.2 373.5 348.5 321.4 324.5 349.8 374.5 395.8 408 414 416.1 418.6 416.7 415.5 414.1 414 407.1 400.8 398.1 398.4 394.3 384.6 376.9 370.3 358.7 339.2 330.4 321.8 316.3
550.7 557.9 554.2 542 513.7 487 458.5 435.6 413.7 387 365.4 341.8 320.3 293.7 292.3 306 329.2 349.1 371.8 390.1 400.3 398.5 392.6 371.7 351.1 339.6 310.4 304 291.4 322.4 351.8 369.7 386.7 398.5 402.9 407.1 414.8 418.6 420.9 420.7 420.6 421.6 423.6 423.8 427.6 433 437.2 447.3 458.4 463.9 469 474.9 482.9 485.5 473.4 446.9 421.5 399.3 376 349.3 320.7 313.5 339.8 365.5 381.8 393.5 396.4 400.9 404.8 403.7 399.8 397.5 397.4 395.5 404 392.7 386 380.4 377.4 376.6 379.3 370.2 349.5 330.5 311.1 297.9
545.2 556.6 552 546.8 526.6 501.5 479.8 455.8 429.2 402.8 377.1 361.5 343.1 314.1 284 283 310.6 330 350.6 372.1 386.6 387 376.9 356.5 333.7 311.6 285 283.7 312.9 336.1 357.7 374 388.1 395.5 401.2 406 410.7 414.5 416.2 417 416.2 417.1 416.5 415.5 419.3 426.9 429.6 440.7 450.6 453.1 462.4 466.6 477.5 481.9 469 446.6 422.5 403.1 380.3 350.4 318.8 299.6 327.2 350.7 367 378.9 381.9 383.4 383.7 385.4 379.6 376.7 376.2 384.4 385 378.2 372.4 370.8 371.9 378.2 377.6 364.9 347.2 327.6 311.7 296.1
534.1 546.1 542 535.8 523.8 512 492 467.5 443.5 416.8 391.6 375.9 358.6 334.5 305.5 277.3 289.2 311.3 330.1 349.8 365.8 368.2 362.7 342.8 316.1 283 264.6 297.9 322 343.3 359.9 373.1 384.5 390.7 398.4 402.7 408.8 410.2 412.4 413.7 412 411.6 409.3 406.7 414.8 420.7 423.9 428 437.3 444.5 450.8 451.3 467.4 467.2 465 447.7 420.5 399 377.3 348.3 316.3 283.5 312.9 336.5 354.9 367.8 364 359.8 357.6 357.9 353.8 352 347.8 364.3 362 359.3 354.3 349.7 358.6 365 353.8 339 321.8 306.3 299.7 286.8
512.9 529.4 526.7 521.6 516.5 509.1 488.2 472 454.5 432.8 409.2 386.4 366.5 344.2 317.3 290.3 271.2 291.7 311.8 326.8 343.9 355.3 352.3 332.1 299.3 265.2 278.1 303.4 325.8 343.7 358.5 371.7 380.5 385.8 394.2 399.8 403.3 407.9 409.5 410 404.8 403.7 403.1 399.3 408.2 413.9 415.7 420 426.2 433 438.7 442.8 457 462.2 458.6 440.1 417.7 394.8 369.4 342.2 310.6 271.8 302.1 327.8 346.4 352.6 349.7 338.8 336 331.4 323.2 322.5 324.6 338.7 336.8 331.6 324.8 323.9 338.4 329.8 317.1 302.9 293 282.1 277.6 262.8
522.5 502.3 515.1 516.4 509 501.6 481.3 472.2 462.3 447 423.7 398.2 375.3 353 333 311.6 279 269.1 290.3 307.2 322.8 338.1 337.4 323.7 291.2 258.3 270.3 300 322.8 341.8 355.9 366.6 375.1 381.5 389.8 397.3 401.3 407.6 408.2 412.9 402.6 398.3 393.9 393.9 401.5 406.3 409.9 413.9 419 429.5 427.9 434.6 446.9 448.8 446.8 433 423.2 393.8 362.6 335.1 303.3 271.5 289.2 317.3 329.8 328.7 327.2 313.7 306.7 298 291.2 288.1 298.3 304.1 303.2 302.5 289.7 308.3 306.6 294.5 283.9 274.3 266.6 256.7 245.8 231.4
516.6 508.3 487.2 493.8 486.4 478.4 473.5 466.8 456.5 440.3 429.9 409.3 390.6 366.5 349 321.1 294.1 272.8 264 288.3 303.3 314.2 321.2 312 288.3 251.6 265.1 294.8 312.5 335.5 350.3 358.8 369.6 377.4 385.6 395.3 400.9 406.6 409.3 411.4 400.1 393.1 380.2 385.9 393.5 398.6 402.3 409.5 413.5 426.2 423.2 423.5 430.7 433.1 433.8 429 416.1 391.2 357.9 330.5 301.6 262.8 278.1 301.4 304.9 304.6 300.2 287.8 277 271.8 265.9 260.2 271.9 270.3 268.9 263.8 256.9 271.5 266.6 258.8 250.9 241.9 234.4 224.8 212.8 205.4
517.2 512 487.7 472.9 470.8 464.2 456.3 451.3 444.2 434.8 428.2 401.1 390.3 375.2 358.3 326 297.3 277.8 243.4 250.5 279.2 295.7 302.4 301.6 290.6 248.9 253.7 281.7 300.8 324.2 343.6 348.8 364 376 385.2 395.6 398.9 404.1 405.2 406.7 399.9 385.8 357.6 374 374.5 383.4 395.3 402 414.1 414.5 411.7 412.7 412 415 412.2 407.9 398.4 374.6 354.1 325.5 296.5 262.5 259.6 281.4 277 275.4 276 267.2 255.4 246.5 240.7 234.1 243.4 240.4 236.9 235.9 235.9 238.4 232.3 224.4 218.7 212.4 202.2 194.4 186.3 180.9
522.8 514.5 490.5 465.7 451.8 444.9 435.5 436.4 434.6 430.9 422.2 407.4 398.4 381.3 364.9 342.9 321.4 290.8 261.1 237.7 247.3 269.1 279.3 288.8 291.1 265.2 235.1 264.8 289.6 311.9 327.2 346.9 361.5 375.8 385.4 392.5 395.5 394.7 396.2 393.4 384.8 365.3 332.2 330.9 341.5 358.6 389.7 399.3 405.6 398.4 391.6 392.7 395.2 382.5 379.6 373.6 359.8 342.5 328.3 315 294.4 260.3 239.7 258.9 256.8 252.7 248.8 237.8 228.9 224.1 212.1 207.3 207.2 209.7 208.8 206.8 205.9 206.5 202.5 196.5 193.5 185.7 177.7 172.1 166.9 166
524 512.3 482.6 465.5 449 427.3 416.7 412.6 412.9 416.2 414.1 405.9 395.8 389.8 375.5 352.8 330.1 307 285.6 260.6 216.5 243 256.9 275.3 281.6 268.1 238.1 237.1 273 304.7 328.3 349.6 360.8 374.9 384.6 392.9 395.1 389.2 389.2 381.7 364.6 341 313.8 295.6 301.6 333.5 368.5 380.5 378.5 367 364.5 360.5 363 358.1 345 336.6 323 307.2 290.4 279.2 273.5 258.3 216.8 227.5 232.6 225.3 216 208.9 202.6 192.7 190.3 188.8 186.4 186 186.4 184.7 180.2 181.5 178.2 174.2 169.8 165.4 160 157.4 154.4 154.3
520.2 502.9 478.4 460.8 446.8 427.8 410 395.7 396.8 400.4 404.6 400 394.5 391 386.7 368.4 347.1 320.2 299.8 274.3 238.6 216 236.4 254 270.6 253.6 230.3 233.6 274.1 301.9 328.6 345.8 359.9 377.1 388.6 397.6 395.3 387.7 387.7 377.5 358.4 330.3 298.4 272.8 282.8 303.2 324.8 338.4 341.4 330.7 337.1 326.3 318.6 308.4 308 305.1 289.2 274.2 259.8 249.2 240.4 232.9 219.7 195.7 200.5 195.1 186.2 180.6 174.8 171.1 172.3 171.9 168.8 170.9 171.3 169.3 164.1 163.6 159 155.9 151.1 147.5 144.7 144.4 143.3 144.9
502.1 494.2 474.1 459.1 435.8 421.3 406.9 385.9 377.8 385 393.4 395 393.8 389.5 390.6 371.9 355.3 328 302.7 281.8 250 223.4 198.4 226.1 248.4 227.6 210.3 245.1 277.9 302.7 327.4 346.6 361.5 377.9 386.3 391.8 391.2 387.4 385.1 380.2 365.2 332.3 299.4 268.1 256.4 271.9 288.6 298.1 298.5 294.8 292.9 285.3 285.6 276 269.6 261.2 254.2 241.6 230.7 222.4 213.2 203.3 196.8 183.8 176.2 172.6 167.6 163.3 158.7 156.7 158.2 157.5 154.7 156.6 154.4 152.3 149.9 145.6 142.7 140.4 137.8 135.9 134.3 134.9 134.4 136.1
477.9 476.8 462 456.3 440.5 421.8 403.3 383.8 367 364.4 379.9 387.2 385.8 380.2 378.2 370 350.9 326.8 304.2 285.6 271.2 245 224 190.8 219.8 192.3 228.3 255.7 280.8 303.8 332 351.1 365.7 374.5 378.7 380.3 381.9 383.4 377.2 379.9 370.8 345.3 305.3 273.6 242.1 242.9 258.1 262.6 260.3 257.9 252.9 245.7 244.8 242.7 239.5 229.6 219 210.3 202.5 197.4 189 181.3 175.3 164.3 156.4 155.9 152.4 148.5 145.3 144 145.2 145.2 143.3 143.6 141.6 138.8 135.9 133.7 131.3 129.8 128.9 127.3 126.3 128.9 128.9 130.8
465 465.6 463 454.6 439.7 420.4 402.7 383.4 362.5 346.6 363.3 374.9 375.3 370.7 364.8 359.8 342.3 319.9 298 282.2 272.1 256.9 240.6 212.1 188.9 204.7 240.7 263.8 288 315 341.6 359.9 365.7 362.7 359 359.5 372.7 370.2 350.7 357.4 345.2 322.7 300.3 269.5 245.3 212.2 225.9 227.4 225 224.5 218.7 213 212.6 210.2 207.9 200.8 193.4 184.2 178.8 172.8 166.1 159.9 154.6 148.3 135 141.1 138.5 136.6 135.5 134.1 134.7 133.3 131.8 130.4 128.4 127.8 125.8 125 123.8 122.3 120 119.8 119.4 121.2 123.4 123.3
460 459.2 456.8 449.6 439.9 419.2 400.2 380.9 357.9 340.3 349.5 363 364.6 354.7 352 347.6 328.3 312 299 278 264.8 252.4 229 193.2 193.1 229.6 248.8 269.4 304.2 334.8 351.9 359.4 352.3 337.5 327.7 327.8 340.4 331.8 316.3 316.8 306 289.7 273 251.6 233.4 214.3 198.7 197.3 193.6 192.2 189.8 186 182.7 181.8 177 170.4 164.1 158.3 151.8 145.6 141.6 136.9 133.9 131.3 123.8 124.8 124.6 124.3 123.5 122 121.2 119.2 117.1 115.6 115 115.2 114.8 114.3 113.7 112.4 111.6 111.8 112 112.9 114.6 113.9
447 447.4 443 437.9 430.1 413.6 397.6 377.5 354.5 330.5 334.6 351.3 349.9 349.3 341.2 335.4 336.1 333.5 305.7 282.4 261.4 241.3 205.7 174.3 201.9 226.6 246.3 280.6 317 334.3 338.7 335.8 323.6 305.8 292.9 287 289.3 288.5 279.9 281.7 275.8 259.4 247.2 230.7 216.5 201.7 184.3 176.3 170.7 168 164.8 163.2 159.2 155.3 151.2 144.4 139.3 133.5 129 122.9 120.9 118.2 117.7 117.8 118.8 113.3 112.5 112.1 110.9 109 107.6 107 105.5 101.4 103.7 103.5 103.8 102.6 102.9 102.5 101.9 101.8 102.9 103.9 103.6 102.9
