Game/Highland_Data/StreamingAssets/GeoData/Data/su/SU15.asc
ncols 200
nrows 200
xllcorner 410000
yllcorner 150000
cellsize 50
[rows 140 to 174 of 200, columns 79 to 157 of 200]
88.4 90.8 95.3 96.5 98 106.4 120.1 129.1 133.3 136.5 138 139.3 139.1 139 139.1 138 137.2 136.2 134.9 133.4 131.1 129.2 126.8 123.4 119.3 112.3 118.6 124.5 125.7 125.9 124.1 122.8 122 120.5 119.2 117.6 117.2 118.7 123 128.1 133.9 138.3 140.9 142.7 143.7 144.8 145.3 145.6 145.7 145.2 144.6 144.2 142.8 141.7 141.6 141.6 141.2 139.9 136.9 136.8 138.1 137.3 136.3 135.3 133.5 130.7 126.6 123.7 126.2 132.1 135.6 138.1 140.2 142.4 143.7 145.1 146.3 147.7 149.1
88.9 89.3 92.1 95.3 101.9 112.4 124.2 129.4 133.6 136.2 137 137.8 137.2 137.1 136.4 136.3 135.4 134 132.3 131 128.6 127 125.7 122.4 117.6 111.3 118.6 122.5 122.4 121.1 119.9 118.1 116.2 114.8 115.4 117.1 121 125.8 131 135 137.9 140.3 141.8 142.8 143.2 143.6 143.9 144.1 143.9 143.4 142.6 142.2 141.3 140 140.1 140.3 139.6 138.6 136 134 136 135.3 134.1 133 131.7 129 124.3 123.1 128 132.4 134.9 137.2 139 140.9 141.2 142.1 142.5 144.2 146.5
87.1 91.2 94.3 99.2 106.9 117.7 125.1 129.7 133.3 134.8 135.8 136.2 135.5 135.3 134.5 133.8 133 131.5 129.6 128.3 126.6 123.8 123 121.6 117.1 109.6 117.3 118.5 117.8 115.2 112.5 112.4 114.6 117.6 121.8 126.1 130.4 133.1 136.2 138.3 139.8 140.7 141.3 141.9 142.1 142.5 142.2 142.4 142.2 141.8 141.1 140.4 139.4 138.3 138.3 138.6 138 137.1 135 130.7 133.2 132.8 131 129.5 128.5 124.6 121.6 124.7 126.3 129.1 131.3 133.8 136 136.9 138.1 140.8 143.8 146.8 149.9
88.8 91.4 96.4 101.8 108.8 119.1 125.3 129.2 132.5 133.5 134.1 134.1 133.3 132.5 131.7 131 130 128.7 127 125.1 123.8 121.3 120.2 119.5 115.8 110.2 111.1 112.8 110.3 111.5 114.7 119.8 124.7 127.8 131.2 133.8 135.1 136.7 137.7 138.8 139.8 140.3 140.7 140.7 141 140.8 140.6 140.9 140.3 140 138.9 137.6 137.2 135.5 136.9 137 136.7 135.3 133.6 131.4 129.7 130.4 128.8 125.8 124.1 121.1 124.6 128.7 130.8 131.3 131.7 133.1 134.3 136.7 139.8 143 147.2 149.4 152.3
88.1 93.1 96.9 103.3 110.9 120.3 125.1 128.6 131 131.8 132 131.6 130.6 129.6 128.5 127.8 126.8 126.1 124.2 121.9 120.9 119 117.1 117.1 113.7 108 107.5 110.2 114.9 120.9 126.1 130 132.1 133.9 135.2 136.3 136.9 137.4 138 138.6 139.3 139.4 139.4 139.4 139.5 139.4 139.3 139.2 138.9 138.2 136.4 134.6 133.9 133.6 135.7 135.8 135 133.9 132.2 129.8 125.4 127.4 125.7 122.2 120.6 123.1 128 131.5 134.7 136.4 137.2 137.9 139 140.7 143.1 147.1 149 151.7 154.1
88.6 93 98.6 104.8 113 120.6 124.8 127.4 128.8 129.5 129.3 128.6 127.5 125.9 124.8 125 123.7 123 122 119.5 118 116.8 114 112.8 108.8 106.5 111.9 120.1 126.7 130.4 132.6 134.3 135.3 135.5 136.6 136.4 137.1 137.3 137.8 137.6 137.7 137.7 137.7 137.7 137.8 137.8 137.4 137.2 136.6 135.9 134.1 132.5 130.9 132.9 134.2 134.2 133.4 131.9 131.1 128.6 124.5 122.9 121.3 119.3 124.1 128.2 131.5 134.7 137.2 139 140.2 141.5 142.6 144.1 146 148.2 150.5 153 155.3
90.1 92.8 99 106.6 114.8 120.6 123.7 125.6 126.4 126.7 126.2 125.5 124.4 122.9 121.8 121.8 121 119.9 119.4 117.7 114.4 114 110.5 107.1 106.5 112 121.6 128.7 131.5 133.6 134.3 135.3 136.1 136.1 136.7 136.5 136.4 136.2 135.8 135.7 135.8 135.6 135.5 135.6 135.8 135.6 135.2 134.5 133.9 133.2 131.7 129.3 129.8 132.4 132.7 132.7 131.3 128.5 128 127 123.6 119.1 119.3 123.8 127.9 131.5 134 136.8 138.8 140 140.9 142.4 144 145.3 146.9 148.8 151.2 152.9 155.1
91.1 93.1 98.1 108.2 116 119.8 122 123.5 123.7 123.9 122.9 122.3 121 119.8 118.1 118.9 118.1 116.2 116 115.4 111.7 108.4 105 106.7 113.3 121.9 127.9 131.4 133.9 134.9 135.4 136 136 136.1 136.1 135.6 135 134.3 134 133.4 132.9 133.4 133.4 133.5 133.2 132.7 132.6 132.1 131.2 130.9 129.1 126.7 129.9 131.8 131.9 131.6 130.2 126.4 124.3 123.4 119.3 117.6 124 128.2 131.4 134.1 136.7 138.6 139.8 140.6 141.5 142.9 144 145.2 146.5 148.4 150.5 152.7 154.6
92.9 96.3 103.3 109.8 113.9 118 119.4 119.9 119.9 119.4 119.3 118.8 118 116.6 114.7 115.9 115.2 113.2 112.5 110.9 107.7 103.9 106.8 114.5 122.8 129.3 131.3 133.4 134.9 135.6 135.7 135.7 135.2 135.1 134.2 133.5 132.5 131.5 131.4 130.2 129.5 131 131.2 130.7 129.9 129.5 129.2 129.7 128.9 127.8 126.7 124.7 129.7 131.2 129.8 129.7 127.7 124.5 120.5 118.1 117 122.8 127.7 131.1 133.8 135.7 136.9 138.3 139.4 139.8 140.8 142.4 143 144.3 145.6 147.5 149.6 151.7 153.4
92.8 98 103.5 110 112.7 115.7 115.4 115.5 115.3 115 114.9 114.9 114.3 112.9 111.7 113.3 112.3 110.2 108.2 105 103.2 107.5 115.7 124.2 129 131.4 133.3 134.5 134.7 135.1 135.1 134.4 133.7 132.8 131.7 130.8 129.5 128.5 128.2 127.3 126.1 127.1 127.2 127.7 127 125.8 126 126.8 125.6 124.6 124.2 124.9 127.5 128.5 127.5 126.5 124.7 121.1 116.9 116.9 123 127.5 130.3 132.3 134.3 135.6 137 137.7 138.4 139 139.6 139.9 140.9 141.6 143.1 144.6 146.8 148.7 150.2
94 97.3 102.8 107.2 109 111.2 110.1 110.1 110.3 110.4 110.8 112.2 110.3 110.2 108 109.4 107.9 105.1 102.2 103.9 108.8 118.2 125.5 129.7 131.3 132.8 134 134.3 134.5 134.2 133.7 132.5 131.2 129.4 128.3 126.6 126.1 124.8 123.7 123.2 122.8 124 123.6 123.4 123.8 122.1 123.2 124.3 123.3 121.6 120.4 124.4 126 125.6 125.2 123.3 120.4 116.1 116.3 122.3 126.9 129.6 131.3 132.9 134.1 135 135.6 136.1 136.2 136.3 135.9 136.1 136.9 137.9 140.1 142.5 144.8 147 149.1
93.4 96.8 98.6 100.6 102.2 102.5 103.3 103.5 104.2 104 104.7 105.3 105.3 104.8 103.6 103.2 101.7 101.6 105.7 112.2 121.4 127 129.9 131.8 133.1 133.7 134 133.9 133.3 132.5 131.8 129.6 127.7 126.2 124 122.6 121.5 120.6 120.1 119.3 119 120.8 120.2 120.5 120.4 119.4 119.8 121.1 120.6 118.8 118.9 121.9 123.2 122.1 120.8 118.2 115.8 115.2 120.9 125.1 127.7 129.1 130.4 131.7 132.7 133.1 133.1 133.8 133.1 132.2 132.9 136.2 138.5 140.3 142.5 146.3 149 151.1 152.9
92.4 93.8 93.9 94.1 94.6 96.4 96.4 97.4 97.7 98.8 98.7 99.2 99 99.4 100.2 100.9 104 109.4 117.3 124 127.5 130.4 132.4 133.2 133.6 133.8 133.8 132.6 132.2 130.4 129 126.3 124 121.2 119 118.4 117.2 117 116.5 115.5 115.6 116.9 116.7 116.9 118.2 116.7 117.8 118.6 118.5 115.9 117.6 120.2 119.5 118.2 116.1 114.3 113.5 116.5 119.8 122.9 125.9 127.6 128.4 129.1 129.7 129.6 129.6 129.8 129.2 132 135.3 139.6 142.6 145.6 148.1 150.3 152.3 154.4 155.9
93 93.2 94 93.8 95.7 96.2 96.9 98.1 98.2 99.5 100.4 101.1 102.6 105 108.3 112.2 117.2 121.7 125.4 128.8 131.4 132 133.3 133.4 133.1 132.8 132.5 131.7 130.1 128.4 125.2 122.6 119.4 116.6 114.8 112.8 112.7 112.9 111.5 110.9 111.2 113.2 112.7 114.4 114.8 113.9 115.6 116.1 115.5 113.7 115.6 115.3 113.7 112.1 112.7 113.8 116.9 118 119.4 118.2 119.6 122 124.3 125 125.6 125.6 128 130.2 132.4 135.4 139.4 143.9 147.5 150.2 151.6 153.6 155.1 155.9 157
103.7 103.7 104.4 105.9 107.8 109.2 110.5 111.3 112.6 114.3 115.7 117.1 119 120.5 122.3 123.9 125.9 127.9 130 131.1 132.8 133 133.4 133.1 132.6 132.1 131.8 130.2 128 124.8 122.1 118.4 114.8 112 109 108 107.2 106.7 106.1 106.2 106.7 107.5 108.1 109.7 110.5 110.7 111 111.3 110.9 110.2 110.3 110.9 112.5 113.5 115.2 118.2 121.5 123.7 125.3 124.7 123.4 123.6 124.5 125.8 128.5 130.2 132.6 135.1 138 140.9 144.4 148.2 150.7 152.7 154.4 155.1 156 156.9 157.8
107.4 110 112.7 115.3 117.9 120.3 121.6 122.4 122.9 124.1 124.7 125.4 125.9 126.8 127.2 128.3 129.5 130.7 131.7 132.2 132.5 133.5 132.9 132.5 131.8 131.1 130.4 128.6 126.3 122.5 118.2 113.7 109.5 106.2 103.4 102.7 103.9 105.2 106.9 108.7 109.5 107.9 105.8 106.2 107.2 108.4 108.7 110.3 110.5 112.7 114.5 116.1 118.3 120.5 122.5 125 127.7 129.8 131.8 132.2 132 131.3 131.8 133.3 135.7 137.8 139.1 141.3 143.6 145.8 148.8 151 153.1 154.4 155.5 156.2 156.4 157.6 157.8
104.8 108.1 112 115.8 119.3 122.2 123.9 125.1 125.5 126.7 127.6 128.5 129 129.5 129.9 130.4 130.9 131.4 132 131.9 132.1 132.3 132.1 131.6 130.8 130 128.6 126.8 123.9 120.3 116.4 110.4 104.8 101.6 106 111.6 114.6 114.2 115.1 116.7 117.1 115.6 112.3 110.7 111.5 113.8 116.2 118.3 121 123.1 125.4 126.7 128.1 130.1 131.5 133.6 135.6 137.3 138.8 139 139 139.3 140.1 141 142.1 144 144.5 146.2 147.7 149.7 151.7 153.2 154.3 155.2 155.9 156.4 157 157.1 157.6
96.7 102.9 107.2 111.5 116.3 120.3 123.3 125.3 126.6 127.7 128.5 129 129.6 130.1 130.6 130.7 130.8 131.2 131.6 131.5 131.5 131.3 131.1 130.7 129.7 128.6 127.5 124.6 121.5 117.2 113.2 106.9 101.2 106.5 113.3 116.2 118.3 119.4 120.1 121.2 121.8 121.3 119 119.7 121.9 125.4 128.3 130.2 131.7 132.8 133.9 135.1 136.2 136.9 138.6 139.2 140.2 141.4 142.3 142.6 143.1 143.8 144.2 145.2 146.1 146.9 147.9 149.1 150.3 151.5 152.6 153.4 154.3 155.3 155.8 156.1 156.8 156.8 156.7
89.5 92.4 99.1 105.5 111.5 116.2 120.6 123.3 125.5 126.9 128 128.8 129.2 129.7 130.1 130.2 130.4 130.5 130.5 130.2 130.1 130 129.9 129.4 128.3 127.2 125.7 122.9 120 116.1 111.2 103.6 101.8 110.4 114.2 116.6 119.1 121.2 122.4 124.2 125.7 126.8 127.6 129.8 132.3 133.9 135.8 136.8 137.5 138.2 138.8 139.5 139.8 140.8 141.3 141.9 142.5 143.1 144.3 145 145.5 146 146.3 147.2 147.6 148.7 148.9 149.9 150.8 151.6 152.4 153.3 153.9 154.6 155.1 155.4 155.4 155.6 156
86.9 87.4 88.6 95.3 105.6 111.4 116.4 120.4 123.1 125.1 126.7 127.9 128.4 128.8 129 129.2 129.2 129.3 129.4 129.4 128.9 128.6 128.2 127.8 127 125.9 123.7 121.6 119 115.8 110.1 102.6 101.7 108.5 112 114.3 117.4 120.6 124.8 127.5 130.4 133.2 134.6 136.2 137.5 138.5 139.4 139.8 139.8 140.1 140.3 140.8 141.2 141.7 142.1 142.8 143.6 144.2 145.3 145.8 146.2 146.5 147.2 147.5 147.7 150.4 148.8 149.7 150.1 151 151.8 152.6 153.3 153.9 154.5 154.9 155.4 155.3 155.4
87.1 86.7 87.3 88 94 106 111.5 116.4 120.4 122.9 124.5 125.9 126.2 126.6 127 127.2 127.4 127.4 127.7 127.9 126.9 126.6 126.6 125.2 124.2 123.3 121.6 119.2 117 113.4 108.7 102.1 100.4 105.9 110.1 113.9 117.5 121.7 125.9 130.4 134.5 136.7 138.7 139.2 139.9 140.1 140.4 140 140.3 140.4 140.4 141 141 141.5 142 142.6 143.2 143.8 144.5 145.1 145.7 145.9 146 146.2 146.4 147.2 147.9 148.4 148.8 149.4 150.3 151.1 151.9 152.6 153.4 154 154.5 155 154.8
86.1 86.2 86.4 86.8 88.1 97 105.4 111.8 115.7 120 122.2 123.9 124 124.2 124.4 124.9 125.5 125.5 125.7 125.2 124.7 123.6 123.1 122.5 121.8 120.2 119.1 116.9 113.9 110.5 106.4 100.9 99.8 106.4 110.7 115.8 119.1 123.9 129.3 134.4 137.4 139 140.4 140.5 140.5 140.9 140.6 140.1 139.8 139.6 139.4 139.7 139.9 140.2 140.7 141.4 142 142.2 142.6 143.3 144.1 144.3 144.4 144.5 144.6 145.1 145.6 146.1 146.8 147.6 148.4 149.2 150 150.8 151.6 152.8 153.5 153.8 153.9
86.2 87 85.9 85.7 86.4 87.2 100 107.6 113.1 117.9 119.9 121.8 121.2 121.7 122.2 122.5 122.9 123.2 122.7 122 121.1 120.5 120.1 119.5 118.8 117.8 116.7 114.5 111.4 107.9 103.8 99.2 102.6 107.4 113 117.1 122 127.5 133.2 136.6 139.1 140.2 140.3 140.4 140.3 140.3 139.4 138.8 137.9 137.5 137.4 138 138.4 138.8 139.2 139.8 140.3 140.4 140.6 141 141.6 141.7 141.7 141.7 141.8 142 142.4 143.3 144.1 145.2 146 147 147.9 148.7 150.7 151.9 152.4 153 152.7
88.4 87.3 85.7 86.3 86.3 86.4 89.7 103.4 109.5 114.8 117.5 118.4 117.4 117.5 118.5 119.4 120.2 120.2 119.8 119.2 118.3 117.2 116.8 116.8 116.5 115.2 113.6 111.5 108.8 105.3 100.8 98.9 104.7 110.3 115.4 120.6 126.7 132.2 135.8 138.1 139.7 140.2 140.4 139.8 139.3 138.2 137.1 135.9 135.2 134.5 134.8 136 137.1 137.3 137.3 137.7 138 138.3 138.5 138.3 138.9 139.1 139 138.6 138.7 138.8 139.3 139.9 141.3 142.3 143.1 144.1 145.9 147.9 149.9 151.1 151.9 152.3 152
90 88.5 86.8 86.3 86.3 85.7 85.9 101.3 108.4 113.1 115 114.9 113.3 114.2 115.4 116.4 117.2 117.5 117.2 116.2 115.4 114.2 113.5 112.6 112.3 111.8 110 107.8 105 101.5 98.1 102.1 107.6 113.4 119.6 125.2 130.6 134.9 136.9 138.7 139.4 139.8 139.3 138.5 137.1 135.8 134.3 133.1 131.9 131.4 132.1 133.8 134.6 134.7 134.8 135.1 135.4 135.7 135.8 135.6 135.8 135.5 135.7 135.2 134.9 134.5 135.4 136.8 138.3 140.1 142.9 144.7 146.8 148.5 150 150.6 150.9 150.9 151.2
91.2 88.3 86.3 86.3 86.2 85.7 86.4 100.3 106.7 110.7 112.8 111.8 109.9 111.1 112.5 113.5 113.7 114.6 114.6 113.6 111.4 110.6 109.5 108.9 108.9 108.2 106 103.6 100.6 97.4 100.6 105.4 111.9 118.7 124.9 130 133.8 135.9 137.3 138.6 139.1 138.6 137.9 136.5 135 133.1 131.7 129.8 128.3 127.7 129.9 131.3 132 131.9 131.9 132 132.4 132.8 132.9 132.5 132.2 131.9 131.1 130.9 130.7 133.1 135.7 137.3 139.7 142.7 145.4 146.8 147.9 149.1 149.8 150.4 150.8 150.4 148.8
93.5 89.6 86.5 85.9 85.8 84.9 85.3 95.9 105.1 108.2 108.9 107.7 107 109.2 109.5 109.6 110.6 111.4 111.6 110.7 108.2 106.9 106.2 105.3 105.7 104.2 102 99 96.6 99.3 104.9 112.3 118.3 124.4 129.8 133 135.1 136.6 137.7 137.4 137.2 137.3 135.3 134.1 132.2 130.4 128.2 126.1 125 126.1 128.5 129.6 129.8 129.3 129.2 129.2 129.4 129.7 129.3 128.9 128.5 127.9 127.4 129.8 133.8 137.2 139.6 141.2 143.1 144.5 146.1 147.5 148.3 149.1 149.8 149.8 149.4 148.9 147.4
94.9 89.4 87.5 85.8 85.8 85.8 85.8 94.1 102.8 105 105.1 103.1 103.4 106.6 106.2 105.1 105.7 107.9 108.4 107.7 105 103.9 103 101.3 101.5 99.4 96.7 96 99.9 106.1 114.1 119.8 124.6 128.7 132.3 134.1 135.6 136.9 136.8 136.2 135.7 134.7 133.3 131.3 129.3 126.9 125 122.9 123.4 125.4 126.9 127.7 127.5 127 126.2 126.6 126.6 126.6 125.7 125.3 124.2 125 128.6 131.9 135.9 139.2 141.7 143 144 144.9 146.2 146.9 147.7 148.6 148.7 148.6 148.3 147.5 145.9
92 87 86.2 85.8 84.7 84.8 85.8 93.3 98.6 100.5 100.8 99.1 100.3 102.8 102.7 101 101.9 104.2 105 103.8 101.6 100.1 99.9 98.1 96.3 95.2 96.6 101.6 107.8 115.4 121.2 125.3 129.3 131.8 133.6 135.4 135.8 136 135.2 134.1 133.2 131.7 130.1 128.8 126.7 123.9 121.9 120.7 122.4 124.8 125.5 125.6 125.5 124.2 122.8 124.1 123.5 123.9 123.1 122.3 123.7 127.3 130.8 134.6 138.2 140.6 141.8 142.9 144.1 144.5 145.6 146.4 147.3 147.4 147.5 147.3 147.2 145.9 144.2
88.3 86.2 85.4 85.2 86.4 85.4 85.6 88.2 90.4 94.3 94.9 94.2 96.8 97.9 98.3 97 97.9 99.6 100.1 98.8 97.2 95.5 94.5 94.1 95.8 99.2 105 112.6 117.1 122 125.9 129 131.1 132.9 133.9 134.7 135 134.3 133.3 131.9 130.4 128.8 127.4 126.4 123.7 121.5 119.2 118.6 121.8 122.7 123.1 123.6 123 121.6 120.2 120.7 120.4 119.6 120.2 122.4 126 129.8 133.9 137.1 140.2 141.9 143 143.2 143.3 144.1 144.8 145.5 146 146.3 145.9 145.1 144.8 144.2 142.1
86.6 85.9 85.6 85.2 85.5 85.7 86.2 87.4 87.6 88.3 88.7 89.2 90.1 91 90.3 92.4 93.8 93.8 93.3 93.1 93 94 95 98.1 102.8 109.6 115.2 120 123.7 126.5 128.7 130.7 132.1 132.5 132.9 133.6 133.5 132.5 131.4 129.3 127.7 126 124.5 122.8 121 118.7 116.3 117.6 120.2 120.9 120.9 121.6 120.3 118.7 116.7 117.8 117 119.2 121.8 124.5 127.9 131.7 136.2 139.1 140.7 142.5 143 143.2 142.4 143.4 143.9 144.4 145 145.1 144.3 143.3 142.4 141.4 139.6
85.7 85.6 85.2 85.2 85.8 89.9 97.2 98 97.9 95.2 94.4 92.9 92.2 92 92.5 92.1 92.3 92.5 93.1 94.7 96.2 99 103.3 108.5 113.6 117.9 121.4 124.9 126.9 128.7 130.2 130.8 131.6 131.8 132.2 132 131.3 130.2 128.4 126.4 124.7 122.5 121 119.7 118.1 115.9 114.2 117.1 118 118.9 118.9 117.4 116.2 116.4 116.9 116.2 119 121 123.8 125.9 130 133.9 138.1 139.9 141.2 142.3 142.8 142.6 140.9 142 142.8 143.3 143.6 143.5 142.2 140.7 140.2 139.4 137.1
85.6 85.6 84.2 85.8 89.1 97.4 102 104.9 105.7 107.2 107.9 108.2 107.7 107.4 106.9 104.4 103.2 102.9 103 104.8 107.2 111 114.7 117.7 120.5 123.4 125.5 126.6 128.2 129.1 130.4 130.6 130.8 130.9 130.4 130 129 127.6 125.8 123.5 121.9 119.8 118.3 116.7 115.1 113.3 112.6 114.8 115.7 115.3 115 113.8 113.8 115.2 116.3 118.4 121.1 123.3 125.8 129.3 132.8 136.4 138.9 140.5 141.7 141.9 141.8 141.4 139.3 139.8 141.6 141.9 141.9 141.6 140.4 138.4 137.8 136.1 134.5
85.4 85.6 85 86.2 94.4 99.9 103.6 106.7 108.8 110.7 112.1 113.1 114.4 114.6 114.8 113.4 113.9 113.8 114.1 115.3 117.4 119.2 120.6 122.5 124.3 125.5 126.5 127.2 128 128.6 129.1 129.3 129.5 129 128.2 127.7 126.1 124.9 123.1 120.9 119 117.2 115.5 113.7 112.6 110.7 109.7 111.7 111.9 111.9 111.2 111.9 114.6 116.2 119.3 121.3 123.5 126.2 129.3 133.1 135.8 137.9 139.8 140.8 141.3 141.6 141.5 140.9 138 138.5 140.2 140.3 140.3 139.9 138.9 136.6 134.6 133.7 134.5
85.3 85.1 85.2 87.5 95.5 100.3 103.6 106.2 108.4 110.6 112.9 114.9 116.1 117.3 118.1 119 119.6 119.8 120.4 121.2 121.7 122.7 123.9 125.1 125.6 126.3 126.8 127.2 127.5 127.6 127.8 128 127.8 127.2 126.5 125.2 123 121.8 120.2 118.2 115.8 114.6 113 111.5 109.3 108.5 107.7 108.8 109.7 110.8 112.9 115.2 117 119.9 122 124.3 126.9 129.9 133.1 135.6 137.9 139.2 140.1 140.5 140.9 141.4 140.7 139.7 137 136.2 138.5 138.6 138.4 137.7 136.7 134.4 131.7 130.6 134.8
