Game/Highland_Data/StreamingAssets/GeoData/Data/su/SU25.asc
ncols 200
nrows 200
xllcorner 420000
yllcorner 150000
cellsize 50
[rows 70 to 104 of 200, columns 78 to 155 of 200]
135.6 136.1 136.3 136.4 134.2 134.3 137 140.2 142.3 143.7 145.7 147.7 148.8 156.3 162.9 171.2 180.3 188.2 193.6 197.1 199.3 201.4 203.1 204 204.8 205.5 206.1 206.6 207.1 207.8 208.3 208.7 209.1 209.4 209.3 210.5 212.4 213.4 215.3 215.9 215.7 216.4 216.6 216.6 216.5 216 214.8 211.7 207.2 199.6 192.3 184.7 180.1 181.9 184.2 189.1 195.9 201.3 203.6 203.3 201.5 197.7 193.2 188.1 182.8 185.6 192.9 200.6 205.1 208.7 211.1 211.8 210.8 208.5 204.6 200.5 203.5 209.1
136.7 136.6 136.5 137.4 135.8 133.2 137.6 141.2 143.1 145 147.6 148.2 150.5 156.4 165.3 174.4 184.2 190.9 195.1 197 199.3 200.7 202 202.9 203.7 204.3 204.9 205.5 206 206.6 206.9 207 207.2 206.8 206.8 209.3 211.2 212.7 214.1 214.4 214.5 214.8 215.4 216 216.5 216.2 215.3 213.6 210.4 205.2 196.8 190 183.7 179.9 180.6 184.2 189.8 194.5 196.4 195.7 194.3 191.7 188.4 183.7 181 188.7 196.1 202.7 206.6 208.6 209.9 209.6 207.8 204.9 199.9 199.8 205.7 209.3
137.6 138.7 137.1 136.3 135 133.5 137.9 141 143.7 144.7 144.6 148.2 150 155.9 166.6 177.3 186.4 191.8 194.9 197 198.6 199.9 200.8 201.3 202 202.6 203.1 203.3 204.6 204.5 205.1 205.2 205 203.1 204.7 207.9 210.5 211.9 212.6 213 213.2 214 214.8 215.3 216 216.4 216 214.6 212.8 208.8 202.5 194.1 187.9 182.3 178.7 180 183 185.9 187.8 187.6 187.2 186 183.4 179.6 183.9 191.1 198.3 204.2 206.6 207.5 207.9 206.8 204.6 200.9 194.6 201 205.4 207.8
140.6 139.8 138.5 136.3 134.8 132.9 137.3 141.5 142.8 143.5 143.7 144.7 149.5 158.2 169.1 179.5 187.3 191.7 194.8 196.4 197.7 198.8 199.5 199.5 200.2 200.4 200.7 201.7 203 203.4 203.3 202.9 201.5 200.9 204.7 207.4 209.4 210.9 212.1 211.9 212.5 212.7 214.4 215 216 216.2 216.5 215.3 214.1 211.6 206.3 197.6 191.1 186.1 181.8 178.3 178 179.1 180.6 181.2 181.3 181 179 178.6 185.3 192.6 199.2 203.4 205.6 206.1 205.9 204.4 201.7 195.6 195.9 201.1 203.5 203.7
141.6 140.6 138.8 136.5 134.6 133.1 137.2 139.8 141.2 142.3 141.2 144.7 152.8 162.1 173.1 181.7 187.8 191.5 194.2 195.5 196.2 197.4 197.6 197.6 197.6 197.2 198.4 201.2 201 201.9 200.8 199.7 197.5 200.6 204 206.2 209 209.8 211 210.8 209.9 211.5 213.1 214.7 215.6 215.9 216.1 216.5 215.3 213 209.3 204.1 197.2 190.4 185.9 182.5 179.7 177.3 177.5 176.3 176.5 176.2 175.5 178.2 185.2 191.1 198.3 202 203.8 204.3 203.8 202.1 198.4 190.1 196.4 199.5 200.3 199.3
141.9 140.9 138.8 136 134 131.9 136.4 137.9 139.6 139.6 141.7 147.6 156.2 166.1 176.9 183.5 188.7 191.1 193.4 194.5 195.1 195.5 195.6 194.3 193.5 195.1 197.9 199.4 199.5 199.8 198.4 195.4 195.5 200 203.8 206.3 208.6 209.6 210.2 209.2 208.5 210.2 212.1 213.7 215.1 215.9 216.2 216.2 215.6 214.4 211.6 208.1 203.2 197.9 191.2 187.7 185.2 183.3 181 179.1 176.7 174.8 173.6 175.1 180.4 187.6 195 199.3 201.6 202 201.2 198.3 193.5 187.6 195 196.4 194.8 192.3
140.6 140 138.3 135.8 133.8 132 134.2 136.3 137.3 140.2 144.5 152.5 162.4 171.9 179.5 185 187.9 190.5 191.6 192.4 192.9 192.5 191.8 190.7 191.8 195.7 196.9 197.5 198.2 197.3 195.5 191.2 197.7 201.2 204.1 206.4 208.1 208.8 209.3 208.7 206.5 208.1 209.9 212.2 214.2 215.1 215.7 216.1 215.8 215.4 213.7 211.5 208.3 204.1 199.8 195.7 191.8 189.4 189 186.8 185.4 181.5 177.4 173.3 174.7 183.1 190.9 196.7 198.4 197.8 196.3 193.3 188.8 185.2 188.4 188 188.9 194.1
139 137.9 136.6 135.5 134 131.9 133.4 135.7 139 142.7 145.6 156.3 167.8 175.9 181.6 185.4 187.8 189.4 190.2 190.8 190.8 189.4 187.6 188.3 192.9 194.7 196 196.2 196.6 195.2 190.4 193.4 197.4 200.7 203.5 205.7 207.2 207.9 208.4 207.6 205.8 205.8 208.3 211.3 213.8 214.4 215 215.4 215.9 215.5 214.6 213.3 211.7 209.1 206.2 203.8 201.4 200.3 199.4 197.3 194.6 190.2 183.5 175.2 173 177.9 186.1 191.3 192.6 191.8 189.5 186.8 183.3 183.9 187.3 191 194.8 198
139 136.8 135.8 135.2 133.8 133 135.2 137.9 140.3 145 152.9 163.6 171.8 178.7 182.8 185.3 187 188.2 188.7 188.7 188.2 185.6 184.5 190 192.8 194.1 194.9 195 194.6 192.6 186.1 192.7 196.4 199.8 202.6 205.1 206.2 207.2 207.2 206.7 205 203.4 206.6 209.7 211.9 213.9 214.4 214.7 215.3 215.4 214.8 214.4 213.1 212.5 211.1 209.8 208.2 208.9 207.6 205.8 202.6 196.1 187.9 179 174 175.5 180.5 184.8 185.1 183.7 181.6 180.7 184.2 189 194.3 197.4 199.9 203.7
138.8 136.4 135 136.3 133.4 133.1 135 138.3 142.7 150.2 160 167.8 175.1 179.8 182.5 184.5 185.9 186.6 186.8 186.2 184.2 179.9 186.4 190.3 192.1 193.2 193.8 193.6 192.7 189.7 184.5 191.6 194.7 197.7 201.7 204 205.5 206.3 206.3 205.9 203.7 201.8 205.6 208.7 210.9 212.3 213.6 214.4 214.7 214.6 214.3 214.4 214.3 214.1 213.6 213.2 212.5 212.5 213.1 209.3 205.4 198.8 188.2 179.5 172.6 173.7 176.2 177.7 177.3 177.8 181.9 185.8 191.2 196.4 200 203 206.2 210.3
138 136.9 134.3 133.4 132.5 132.1 136.2 141.3 147.7 156.7 165.2 172.8 177 180.2 182.1 183.6 184.6 185 184.5 183.4 177.4 182 187.4 190 191.1 191.9 192.2 191.6 190.4 186.8 183.5 189.4 192.1 196 200.1 203 204.6 205.2 205.3 204.9 201.9 200.9 204.6 207.5 209.5 211.2 212.5 212 212.7 213 213.1 213.5 214.2 214.5 214.7 214.6 214.8 214.4 213.7 212.1 207.6 201.3 189.6 179.7 171.9 171.9 174.3 176.4 180.2 184.2 189 194.5 198.1 201.5 205 208.6 211.7 215.3
137.6 135.9 134 133.4 132.6 132.6 138 144.5 154 162.2 169.8 175.2 178.3 180.4 181.5 182.6 182.6 182.7 181.8 178.1 176.6 183.6 187.6 189.6 190.3 190.7 190.8 190.2 187.6 181.8 182 186.3 191.1 195.7 199.9 202.2 203.9 204.2 204.4 203.8 200 199.6 204.2 206.4 208.3 209.7 210.7 211.5 211.3 211 211.3 212.7 213.5 214.1 214.5 214.9 215 214.8 214 211.7 208.2 203.1 192.6 179.6 171.6 171.9 175.7 180.9 186.1 190.7 195 198.8 202.2 205.1 209.1 212.3 216.3 218.8
137.3 136.2 134 132.5 132.8 135.3 141.1 150.4 159.8 166.7 171.7 175.2 177.5 179.1 179.8 180.6 180.8 180.3 177.7 170.7 177.7 183.3 186.3 188.4 189.4 189.8 189.4 188 184.2 176.2 182.2 188.2 192.1 195.8 199.4 201.7 203 203.4 203.5 202.3 198 198.9 202.7 205.2 206.7 208 208.1 208.7 208.6 209.1 210.3 211.7 212.6 213.2 213.7 214.2 214.6 214.3 213.3 211 207.4 201 191.5 180.4 171.6 171 177.4 184.7 190.2 194.5 197 200.4 203.5 206.8 210.6 214 217.6 221
138.8 135.5 133.6 132.3 131.7 138.2 146.1 156 163.7 169.2 172.8 175.4 176.9 178.5 178.7 178.4 177.6 176.3 171.7 170.9 178.7 183.3 185.7 187.4 187.9 188 187.4 185.5 180.5 176.8 185.1 188 192 195.9 198.8 201.2 202.2 202.6 202.2 200.6 196.9 196.1 200.8 203.2 204.8 205.3 205.9 204.7 205 208.1 209 210.5 211.7 212.3 212.8 213.3 213.6 213.7 211.7 209.6 205.6 199.5 191.4 180.5 171.8 170.7 177.5 186.7 191.4 194.8 197.2 199.1 201.5 205 209.5 214.3 218.6 221.8
136.1 134.9 132.6 132.2 134.1 141.4 151.5 159.8 166.1 170.5 173.2 175.4 175.6 176.1 176.2 175.3 174 171.1 163.5 173 179 183.2 185.3 186.4 186.8 186.6 185.6 183.1 175.1 178.1 184.4 188.2 191.8 195.5 198.3 200.5 201.1 201 200.8 199.7 195.7 193.8 198.4 200.8 202.4 203.2 202.6 200.8 203.4 206.6 208.2 209.3 210.7 211.4 212 212.2 211.9 211 210.5 207.5 203.7 198.1 191.3 179.7 172 169.9 177.6 184.8 189.3 192.2 193.9 195 198.3 203.3 209 214.4 218.8 222.3
135.5 134.5 132.2 131.1 135.1 146.1 155 163.6 168 170.5 172.5 173.7 174 174.2 173.5 171.2 168.9 160.8 166.8 175.6 180.1 183 184.5 185.3 185.5 184.7 183.9 180.9 171.6 179.7 183.1 186.4 190.7 194.9 197.5 199.7 200.1 200.1 199.9 198.3 193.7 191.5 196.5 198.9 200.2 200 198.3 198.7 203 204.7 207 208.9 209.4 210 210.2 210.2 210.2 209.6 208.1 205.3 201.5 196.6 191.2 180 172.2 168.8 175.4 181.1 184.9 186.4 188.4 192.7 197.7 203 208.7 214.3 219.1 222.8
136.2 133.8 131.7 131.7 140 149.8 157.9 163.6 168.2 170 171 172.3 171.9 171.5 169.5 167.2 159 161.5 172.8 177.2 180.3 182.4 183.3 183.7 183.6 183.1 182 178.8 167 176.6 179.8 185 190.2 194.4 196.6 198.2 198.5 199.4 199 197.2 193 188.1 194.4 196.2 196.3 195.2 195.1 199 202.2 204 206 207.3 208 208.4 208.1 208 207.7 207.3 204.4 202 198.6 195 190.2 180.6 172.6 168.3 172.9 177.1 179.5 183.6 187.9 192.9 198 203.5 209.8 215.2 220 223.4
135.9 134.2 131.6 132 139.9 151.1 159.2 164 167.5 168.7 169.8 170.4 169.5 167.9 164.5 157.4 156.6 168.3 174.1 177.7 180 181.1 182.1 182.8 181.8 181.2 179.9 176.1 165.1 172.6 178.9 184.2 189.8 193.5 195.7 197.2 197.9 198.3 197.6 196.6 192.3 186.7 190.5 192.9 191.8 191.6 195.2 199.3 202 203.3 204.9 206.2 206.6 206.5 205.6 204.9 204.7 203.2 200.6 198.3 195.2 192.5 188.9 181.3 172.8 167.9 171.1 174.4 178.2 182.8 187.3 192.7 197.7 203.8 210.6 216.2 221.2 223.8
136.5 133.4 131.2 134 143.5 152.3 159.5 163.8 166.3 167.7 167.9 167.6 166.1 162.8 157 152.5 163.3 170.7 175.1 177.7 179.1 179.8 180.3 180.5 179.8 179.1 177.6 173.9 162.4 173.1 178.7 184 188.8 192.5 194.7 196.1 197.3 196.7 196.4 195.2 192.3 186.8 185.3 188 188 192.2 196.2 198.6 200.3 202.2 203.5 204.1 204.5 204.3 202.9 201.1 200.6 197.9 195.6 193.5 191.4 188.8 186.2 180.3 171.1 167.4 170.6 174.9 179.1 184.6 188.9 193.6 198.7 205.9 212.8 217.4 222.2 224.2
136.2 132.5 131.6 135.6 145.2 153.5 159.2 163 164.8 166 165.7 164.3 161.8 157.1 149.5 157.7 167.4 172.2 175.4 176.9 178.1 178.9 178.7 178 177.5 176.3 174.5 169.8 162 172.3 178.3 183.8 188 191.5 193.7 194.8 195.9 195.6 195.3 194 191.5 187.2 181.7 184.1 189.2 193.2 196.2 198.6 199.7 200.9 201.9 202.2 202.4 203.3 200.7 196.8 194.6 192.7 190.9 188.9 186.9 184.6 182 175.3 168.5 167.6 172.7 178.2 182.7 186.5 190.3 196 203.8 210 215.7 219.3 223.2 224.7
136.6 133.1 131.3 135.2 145.2 153.1 158.5 161 162.6 163.1 162.8 160.2 156.6 149.2 152 164.1 169.4 172.8 175 176.2 176.9 177.4 175.9 175.2 174.6 173.1 170.2 161.6 164.7 171.8 178 183.4 187.2 190.8 192.8 193.8 194.4 194.7 194.2 193 190.4 185.8 181.3 185.2 190.1 193 195.5 197.3 197.9 199.3 200.1 200.6 201.1 201.1 198.1 194 189.2 187.7 185.7 183.3 181.7 179 175.3 170.6 166.4 170.5 177 182 186.1 189.7 194.3 200.9 207.9 213.1 217.7 220.6 223.4 224.6
137.4 133.4 130.7 135.8 145.2 152.5 156.8 159.1 159.7 159.6 157.9 155.2 148.7 146.7 157.4 166.1 170.2 172.8 173.9 174.8 175.2 174.2 173 171.2 170.7 169.3 164.2 157.9 169.5 175.8 180.7 185.3 188.6 190.9 192.4 193 193.2 193.1 192.9 191.9 189.6 185.6 180.8 184 188.9 191.9 193.8 194.8 196.2 197.3 198.2 198.9 199.8 198.1 195.2 190.8 185.6 182.1 180.6 178 175.9 171.5 167.7 165.9 169.7 176 181.5 186.4 190.7 194.9 199.1 205 210 215.4 219.1 221 223.2 224
138 134.2 130.6 133.7 143.8 150.9 154.7 156.5 156.4 155.3 151.9 146.9 143.7 153.8 162.7 167.5 170.3 172 173 173.3 172.4 171.5 169.8 167.3 166.2 163.6 155 166.2 172.2 178.1 183.2 186.7 189.1 190.7 191.4 192 192 191.8 191.6 190.8 189.4 186.7 180 180.9 187 190.2 192.2 193 194 195.1 196.1 197.8 197.7 196.9 193.9 188.6 183.2 177.9 175.8 172.4 168.6 165 167.8 171.1 174.6 179.1 185.6 191 195.4 199.3 203.3 208.4 213 217.7 219.8 221.9 223.1 224
139.8 134.2 131 133 141.3 148.4 151.9 153.1 152.5 148.6 144 141 150.6 159.2 164.1 168 170.2 171.5 171.6 171 170.1 168.4 166.2 162.8 160 155.3 158.6 168.6 175.5 181.1 184.7 187.5 188.9 190.1 190.5 190.3 190.4 190.6 190.3 189.9 188.7 186.5 181 177.1 183.8 187.5 189.6 190.3 191.2 193.1 195 196.4 197 196 192.9 186.7 180.4 175.6 170.2 167.9 165.2 168.9 173.2 176.1 179.3 182.3 185.7 191.5 198.1 202.6 207.4 212.3 216.9 219.6 221.1 222 223 223.6
141.2 135.7 131.5 130.8 138.7 145.2 148.1 148.4 145.5 141.5 138.9 148.2 156.1 162.1 165.8 169.1 169.3 169.7 169.6 168.6 166.9 164.5 161.9 158.3 151.7 157 164.6 171.5 177.2 182.1 185 187.2 188.4 188.7 189.1 188.7 188.8 189 189.1 188.8 187.5 185.5 181.8 174.5 180.4 184 186.8 187.3 188.4 191.5 195 196.5 197.1 196.8 192.7 185.8 178.6 172.8 167.3 165.5 168.7 172.8 176.7 179.7 182.7 186.3 190 194.3 199.8 205.4 209.7 212.2 218.2 220.1 221.1 222 223 223.4
144.6 137.6 132.6 130.1 133.9 140.3 143.4 141.7 138.3 138.2 146.3 154.6 159.4 163.5 165.3 167.1 167.6 167.3 166.4 165.3 163.3 161 156.6 149.6 155.2 163 169.5 175.4 179.4 183.3 185.6 186.9 187.8 187.6 187.5 186.7 187.7 188.2 187.8 187.4 186.4 184.3 180.8 174.6 176.7 180.1 182.4 184.3 188.7 191 195.1 196.7 197.1 196.4 192.5 185 176.8 170.5 163.8 167 170.5 173.6 177.1 180.2 185.5 190.5 194.9 199.3 203.5 206.6 212 215.6 218 219.7 220.9 221.8 222.5 223.1
148.4 142.3 135.3 130 131.4 135.2 136.5 135.5 137.6 148.3 152.8 157.5 160.7 163.2 164.3 165.5 165 164.4 163.4 161.7 158.9 154.4 147.4 154.4 161.7 168 174.1 179.2 181.7 183.8 185.1 185.4 185.9 185.8 184.7 184.3 185.5 186.7 186.4 185.5 184.4 182.8 179.9 174.2 172.2 176.4 182 186.3 189.6 192.5 194.8 196.1 196.5 195.2 190.8 184.1 174.9 167.9 163 167.7 171.6 174.9 178.4 182.4 188.1 193 197.7 202.1 205.3 209.1 212.3 215.6 217.6 219.3 220.7 221.5 222.3 222.8
152.4 147.4 140.4 134.7 129.9 133.2 132 134.7 144.3 149.8 154.3 157.7 160.2 162.1 163.2 163.2 162.5 161.1 159.3 156.2 151.6 145.5 153.6 161.1 167.8 173.4 177.3 179.9 181.8 182.8 183.5 184.1 183.8 183.3 181.4 181.5 183.5 184.3 184.3 183.4 182.2 180.7 177.7 171.7 172.4 179.6 184.2 188.4 191.3 193.8 195.6 196.3 196.2 195 191 183.3 173.9 165.6 163.8 171.1 174.2 176.7 181.9 185.8 191.5 194.7 199 203.4 206.7 209.3 212.3 215.4 217.5 219.1 220.3 221.1 221.8 222
155.7 150.5 144.2 138.7 133.5 129.6 132.7 135.5 145 149.5 153.9 157.2 159.4 160.5 160.8 160.2 158.9 157.1 154.4 147.7 145 154.5 161 167.4 172.4 175.5 178 179.6 181.4 181.7 182.5 182.2 181.5 180.7 178.5 178.6 180.3 181.4 181.3 180.4 179 176.7 172.8 168.6 175.5 181.3 186 190.3 193 194.7 196 196.2 196.2 194.7 190.8 182.4 172.8 164.1 164.5 171.9 174.3 177.4 183.8 189.9 194.1 196.7 200.1 204.5 207.6 210 212.3 215.3 217.6 218.6 218.9 220.3 220.9 221.1
157.7 153.2 149.6 145 138.4 132.9 129.8 132.6 141.9 148 152.7 155.8 158 158.1 157.7 156.5 154.5 151.9 145.2 145.3 153.9 160.7 167.2 171 174.1 176.7 177.8 179.4 180.4 180.7 180.7 180.3 178.9 177.8 175.8 175.4 177 177.8 177.3 176.4 175.1 172.3 167.9 172 178.4 183.8 188.2 191.8 194 195.5 196.4 196.4 196.2 194.4 190.6 182.6 172.1 163.4 164.8 172 174.4 178.1 184.5 190.9 194.3 196.2 201.1 205.7 208.5 211.4 213 215.1 217 217.8 219.1 219.6 219.9 220
159.6 157 153.9 149.3 144.3 136.7 130.3 132.6 138.1 146.4 151.5 153.9 154.9 154.6 154 151.9 149.1 141.9 144.6 153.7 161.6 166.1 170.1 172.9 175.2 176.8 177.6 178.8 179.3 179.3 178.7 177.7 176.2 174.7 172 171.7 173.4 173.7 172.6 171.5 169.5 166.7 168.4 175.1 181.4 186 190.1 192.8 194.4 195.6 196 195.9 195.8 194 190.7 183.3 172.9 163.3 164.2 170.7 173.5 177.1 183.1 189.1 193.6 197.4 201.7 206.1 208.6 210.8 213 214.7 216.2 217.5 218.5 218.2 218.8 218.9
160.4 158.6 155.8 151.6 145.9 139.8 132.2 128.9 135.5 145.1 148.9 151 151.4 150.4 149 146.7 138.8 145 153.7 159.2 164.6 169.1 171.9 173.9 175.7 176.3 176.8 177.3 177.7 177.4 176.6 175 173.5 171 168.1 167.8 169.5 168.7 167 164.8 163.6 166.2 173 179.2 184.4 188.4 191.2 193.1 194.2 195 195.4 195.3 195.1 194.2 191 184 173.9 163.1 163 169.9 173 175.7 180.6 186.5 191.4 196.3 200.3 204.6 207.9 210.2 212.1 214 215.5 216.5 217.1 217.2 217.2 217.5
160.1 158.2 155.5 151 146 141.6 133.8 129.6 133.3 143.6 146.3 148 147.3 145 141.1 138.6 145.8 152.5 158.5 163.8 167.7 170.1 172.4 173.8 174.8 175.2 175.5 175.6 176 175.3 174.2 172.7 170.4 167.4 164.2 163 163.9 161.8 160.3 163.1 168 173 178.7 183.5 187 189.7 191.8 192.9 193.9 194.4 194.8 194.7 194.5 193.7 191.1 185.2 174.8 163.3 161.4 168.5 172.5 175.3 178.1 184 188.7 193.7 198.3 203.1 206.9 208.9 210.8 212.9 214.4 215.6 215.3 214.9 213.9 214.2
159.3 157.5 155.2 151.7 148 143.4 135.9 129.6 130.4 141.3 144 143.3 141.3 137.7 139.2 145.5 153.3 158.5 162.9 166.3 168.6 170.7 172.1 173.1 173.8 174.1 174.3 174.4 174.2 173.1 172.1 169 166.3 163.3 159.7 157.5 157.1 160.3 164.5 169.8 173.6 179.4 183.1 186.1 188.1 190 191.6 192.6 193.2 193.6 193.9 193.6 193.2 192.4 189.9 185.1 176.7 164.9 160.7 166.7 170.8 174.2 177.6 181.3 186 190.7 195.9 201.1 204.2 206.3 209.6 211.3 213.2 214.2 213.4 213.2 210.5 210.6
159.2 157.7 155.7 152.9 148.8 144.2 138.6 130.6 129.5 136.6 138.8 136.3 134.8 139.7 146.4 152.5 158.2 161.5 164.5 166.6 168.3 169.7 170.9 172 172.6 172.9 172.9 172.8 172.3 171 168.9 165.6 162.3 159.1 155.2 157.4 162.1 165.9 170.6 174.7 179 182.1 184.8 187.4 188.8 190.3 191.6 192.1 192.4 192.7 193 192.7 191.8 190.9 188.9 185 177.8 167 159.7 165 169.2 172.5 176.3 180 185.7 189.4 193.7 198.1 200.7 203.9 208.5 211.6 212.3 213.2 212.1 211.5 207.6 206.2
