Game/Highland_Data/StreamingAssets/GeoData/Data/su/SU28.asc
ncols 200
nrows 200
xllcorner 420000
yllcorner 180000
cellsize 50
[rows 0 to 35 of 200, columns 81 to 161 of 200]
86.2 86.4 85.5 85.6 85.4 84.8 84.8 85.6 89.8 94.2 94.4 94.3 92.6 92.3 92.9 94.5 94.5 95.4 96.2 95.9 94.9 94.4 94.1 93.5 93.2 91.6 90.7 91.1 90.3 88.3 90.6 87.9 87.2 89.5 90 90.4 90.8 91.2 91.4 90.6 90 89.9 90.1 90 90.5 90.3 90.8 90.9 90.9 91.1 91.1 91 90.7 90.6 90.5 90 89.2 88.8 88.3 87.8 87.3 86.8 86.4 86 85.4 85.6 86.6 85.7 85.1 84.9 84.3 84.1 83.7 83.3 82.7 82 82 81.9 81.4 81.1 81
90.1 90.1 89.6 89.4 88.4 87.3 85.9 85 85.2 89.8 93.9 93.6 91.4 92.6 93.7 94.3 94.6 94.8 94.3 93.9 91.6 91 91.4 93 92.6 90.7 91 90.3 88.1 86.5 87.8 89.2 89.5 90.5 90.7 91 91.2 91.3 91 90.6 89.7 90.1 90.6 90.7 90.9 91.1 91.2 91.1 91.1 91.2 91 90.4 90.2 90.1 90.1 89.9 88.9 88.4 88 87.5 86.7 86.1 85.4 84.4 83.5 83.4 84.7 84.4 84.4 83.8 84.1 83.9 83.6 82.8 82.2 82 81.9 81.7 81.5 81.2 80.9
94.9 94.9 93.3 93.7 93.2 90.3 87.6 85.1 84.8 84.4 87.2 91.4 89.4 92.9 93.6 94.9 95.3 95.1 92.8 91.4 90.3 89.7 89.2 89.4 89.4 89.1 88.1 87.7 86.5 88.3 88.9 89.5 90.1 91.3 91.6 91.8 91.5 91.1 90.7 90.3 90.1 90.5 90.8 91.1 91.3 91.4 91.3 91.3 91.2 91.3 90.8 90.2 89.8 89.7 89.7 89.6 88.8 88.1 87.6 87 86.5 85.8 84.9 84 83.7 85 84.9 84.6 83.9 83.5 83.7 83.4 83.5 82.9 82.3 82 81.9 81.7 81.5 81.2 80.9
96.5 96.2 95.8 94.9 94.5 93.1 91.7 88.8 86.6 85.8 87 87.1 91.3 93.9 94.2 95.6 94.9 93.4 90.4 89.7 89.4 88.4 87.9 88.5 88.5 88.5 88.1 87.1 88.3 89 90 90.6 91 91.7 91.6 92 91.3 90.8 90.4 90.1 90.1 90.5 91 91.4 91.4 91.4 91.3 91.2 91.3 91.2 90.9 90.3 89.8 89.8 89.8 89.5 88.7 88.2 87.8 87.1 86.4 85.8 85 84.3 84.9 85.5 85.1 84.6 84.2 83.5 83.5 83.7 83.8 83.1 82.5 82 81.9 81.7 81.6 81.3 81.6
97 97 96.6 95.7 95.2 94.1 93.2 91.4 89 86.7 86.4 87.7 90.7 93.8 95.3 95.1 95.6 91.4 90.8 88.9 87.9 87.3 88.3 88.1 88.4 88.6 88.5 88.3 88.7 89.9 91 91.4 91.5 92.1 92.2 91.8 91.1 90.5 90.2 90 90.1 90.3 90.6 91.2 91.3 91.3 91.2 91.2 91.1 91 90.9 90.5 90.1 90.2 90.2 89.4 88.8 88.4 88 87.4 86.7 86 85.4 85 85.6 85.5 85 84.6 84.2 83.8 84.2 84.6 84 83.3 82.7 82.4 82 81.8 81.6 82.1 82.3
97.4 96.7 96.3 95.8 95.4 94.5 93.4 91.2 90 89.1 86.7 87.7 91.2 93 95.3 95 92.7 89.9 88.2 88.5 87.9 88.6 88.9 89.3 89.6 90.1 89.4 88.6 89.2 91 91.7 91.7 91.9 92.1 92 90.9 90.8 90.3 90.2 90 90.1 90.3 90.5 90.7 90.9 91.1 91.3 91.1 91 90.8 90.7 90.7 90.4 90.5 90.2 89.4 89 88.4 87.7 87.3 87 86.1 85.4 85.6 85.8 85.4 84.8 84.1 84.3 84.7 85 84.8 84.1 83.5 83.4 83.2 82.9 82.5 82.4 83 83
96.9 96.2 95.6 95.2 94.4 93.6 93.3 91.2 90.5 89.7 86.5 87.1 90.2 90.7 91.5 91.8 90.3 89.3 88.9 88.6 89.3 89.6 90.1 91.2 91.3 91.4 90.7 89.7 89 91.1 91.7 92 92.6 91.8 91.6 90.9 90.3 90.1 90.1 89.9 90.1 90.3 90.6 90.9 91 91.2 91.2 91 90.9 90.8 90.6 90.4 90.3 90.1 89.7 89.1 88.5 87.9 87.2 86.9 86.5 86.1 85.4 86.3 86.1 85.4 84.8 84.3 84.8 85.3 85.7 85.3 84.9 84.4 84.5 84.1 83.7 83.8 83.9 84.3 83.7
96 95.7 95.1 94.3 93.6 93.3 93.1 91.3 91 89.1 88.1 87.6 88 88.1 88.2 87.7 87.9 87.6 88.5 89.5 90.7 91.1 91.4 91.5 91.3 91.1 91.1 90.4 89.7 90.3 91.7 91.3 91.1 90.9 91.1 90.6 90.1 90 90 90.1 90.3 90.5 90.8 91.1 91.2 91.1 91 90.9 90.6 90.3 90 89.7 89.8 89.6 88.9 88.2 87.7 87.3 86.8 86.4 86 85.7 85.5 86 86.7 85.7 85.1 84.6 85.3 85.8 85.9 85.9 85.8 85.5 85.4 84.9 84.9 84.9 84.9 85.1 84.8
95.3 95.3 94.5 93.6 93.3 93.2 92.7 91.4 90.5 89.3 87.5 87.6 86.8 86.3 86.5 87.1 87.7 88.8 90.1 91.3 91.9 92.5 92.3 91.7 91.4 91.2 91.2 91 90.3 90 90 90 90.7 89.4 89.6 89.8 89.6 90.3 90.5 90.8 90.9 91 91.1 91.1 90.9 90.9 90.8 90.7 90.2 89.7 89.3 89.2 89.4 88.9 88.2 87.8 87.2 86.3 85.7 85.6 85.6 85.5 85.7 86.4 86.2 85.7 84.7 85.1 85.7 86.1 86.1 86.1 86 85.9 85.9 85.7 85.7 85.7 85.8 85.1 84.7
95.2 94.8 94.1 93.7 93 92.6 92.1 91.4 91 89.1 88.1 87.4 88.1 88.5 88.1 88.1 89.7 90.1 90.9 92 92.5 92.7 92.8 91.9 91.7 91.7 92 91.6 90.8 89.9 89.5 90.2 90.8 90.3 90.2 89.9 89.6 90.5 90.9 90.7 90.6 91.1 91.1 90.9 90.8 90.7 90.6 90.5 90 89.6 89.3 88.9 88.6 88.2 87.6 87.4 87 86.5 86.2 85.9 85.9 85.8 86.1 86.4 86.3 85.7 85.6 86 86.4 86.2 86.2 86.2 86.2 86.1 85.7 85.8 87.1 86.5 84.8 85.3 84.9
95.4 94.4 93.4 93 92.1 91.7 91.3 90.3 89.5 88.8 88.8 87.4 89.1 90.5 91.2 92.5 91.7 92.7 91.9 92.1 92.6 92.9 92.6 92.5 92.3 92.4 91.6 91.4 90.6 90 89.6 89.9 90.2 89.9 89.9 90 90.2 90.4 90.7 91 91.2 91.1 90.9 90.8 90.7 90.6 90.4 90.2 90 89.8 89.5 89 88.5 88 87.4 87.1 86.8 86.9 86.6 86.3 86.1 86.1 86.1 86.3 86 86.2 86.3 86.7 86.6 86.5 86.4 86.4 86.3 86 85.6 86.4 86.2 85.9 84.5 85.6 85.1
94.7 93.6 92.7 92.1 91.1 90.8 90.5 89.5 89.1 88.4 87.9 87.3 89.7 91.8 93.1 92.9 93.2 92.9 93.1 92.7 92.3 92.9 92.8 92.6 92.7 91.9 91.5 91.3 90.8 90.5 90.1 90 89.9 90.1 90.3 90.4 90.4 90.6 90.9 91.2 91.1 91 90.8 90.7 90.5 90.4 90.2 90.3 90.2 90 89.6 89.2 88.7 88.1 87.3 87.2 87 86.8 86.8 86.8 86.8 86.4 86.2 86.2 86.2 86.5 87.2 87.4 86.6 86.7 86.8 86.7 86.7 86.4 86.4 86 86.1 85.4 84.6 84.4 84.4
94.3 92.9 92.5 91.9 91 90.7 90.5 90 89.2 88.4 88.1 87.4 90.7 93.1 93.6 92.6 92.3 92.1 92.9 92.9 92.3 91.8 92 92.6 91.6 91.4 91.5 91.2 90.9 90.6 90.3 90.2 90.4 90.6 90.7 90.8 90.8 90.8 91.1 91.2 90.9 90.7 90.5 90.3 90.4 90.2 90.2 90.3 90.2 90 89.5 89.1 88.7 88.4 87.6 87.5 87.9 88.2 87.5 87.3 87.3 87.1 86.7 86.5 86.6 86.7 87.7 88.1 87 87.2 88 87.9 87.6 86.8 86.9 87 86.8 86.5 85.6 84 83.6
93.5 93.1 93.7 92.6 91.9 91.7 91.2 89.9 89.1 88.5 88.8 87.4 91.2 93.9 93.8 92.8 92.2 92.4 92 91.8 91.3 91.1 91 89.8 90.7 91.4 91.2 90.9 90.6 90.3 90.5 90.7 90.9 91 91.1 91.1 91.1 91.1 91.2 91 90.7 90.4 90.2 90 90.1 90.1 90.1 90.1 90 89.9 89.4 88.7 88.7 88.9 88.8 89 89.3 89.5 89.1 87.9 88 87.7 87.1 87 87 87.2 88.5 88.5 88.4 88.7 88.1 87.6 87.4 87.3 87.1 86.8 86.4 85.9 84.8 87.5 85.5
94.1 93.9 94.3 94 93.5 92.8 92.2 91.8 90.3 89 87.9 87.7 90.9 92.3 92.7 92.6 91.2 91.8 91.2 90.8 90.8 90.8 90.6 90 91.8 91.1 90.9 90.6 90.5 90.8 91 91.2 91.4 91.4 91.4 91.5 91.3 91.1 91 90.7 90.5 90.2 89.9 89.8 89.8 90 90.2 89.8 89.8 89.7 89.3 89.4 89.6 90.1 90.5 90.7 90.5 90.2 89.9 89.6 88.9 89.1 88.3 88.3 88.2 88.5 89.4 89.2 89.3 89.4 88.5 87.4 86.7 86.7 86.6 86 85.4 84.5 88.2 84.2 83.1
95.5 95.7 95.8 95.7 94.8 94.5 93.8 93.6 92.2 90.3 88 87.6 91.3 91.9 91.2 91.9 90.7 90.6 90.9 90.3 90.4 90.4 90.9 90.5 91.1 90.9 90.9 90.8 90.8 91 91.4 91.7 91.7 91.5 91.4 91.1 91 90.9 90.6 90.4 90.2 90 89.7 89.6 89.7 89.9 90.1 90.3 90.2 89.8 89.9 90.3 90.9 91.7 91.9 91.7 91.4 91.3 91.2 90.8 90.4 90.4 90 89.8 89.4 89 89.5 89.9 90 89.8 88.8 87.2 86.5 86 85.8 85.1 85.4 87.8 83.2 83.2 82.7
97.4 97.8 97.8 96.7 96.4 96.2 95.5 94.5 92.4 90.4 87.8 88.2 91.8 91.7 91.1 90.3 89.7 89.9 90.1 90 89.9 89.5 89.9 89.6 90.5 90.6 90.7 90.8 90.9 91.2 91.4 91.5 91.4 91.2 91.1 90.9 90.7 90.5 90.3 89.9 89.9 89.9 89.6 89.4 89.5 89.7 89.9 90.2 90.3 90.1 90.7 91.2 91.9 92.3 92.7 92.7 92.5 92.4 92.3 92.1 92.1 91.9 91.5 91 90.5 90 90.1 90.4 90.7 90.1 88.8 86.8 86 85.1 84.5 88 84.3 83.2 83.1 82.9 82.8
99.3 99.3 99 97.4 97.4 96.6 96.2 94.7 92 89.9 87.7 87.7 91.7 91.2 90.9 90.4 89.8 89.7 89.7 89 89 88.8 89.2 89.4 89.4 90.2 90.3 90.4 90.6 90.9 91 91.1 91.1 91 90.8 90.5 90.3 90 89.7 89.8 89.9 89.9 89.5 89.1 89.3 89.6 90 90.3 90.4 90.8 91.3 91.8 92.3 92.6 92.7 93.2 93.2 93.2 93.2 93.1 93 92.8 92.4 91.9 91.2 90.4 90.8 91.2 91.2 90.5 88.7 86.4 84.9 84.9 88.7 83.3 83.1 82.9 82.7 82.5 82.5
99.8 98.7 97.9 97.5 97.3 96.6 95.4 94 91.8 89.5 87.7 87.7 88.7 89.3 89.9 89.9 89 89.1 88.3 87.5 88.2 88.4 88.3 88.3 89.3 89.9 90 90.1 90.4 90.5 90.7 90.8 90.9 90.7 90.6 90.3 90.3 89.9 89.6 89.9 89.9 89.7 89.4 89.2 89.5 89.8 90.2 90.5 90.8 91.3 91.8 92.3 92.4 92.8 92.8 93.6 93.8 93.8 93.8 93.7 93.6 93.3 92.5 92 91.4 90.6 91.2 91.3 91.2 90.3 89.1 87.1 88.5 83.6 84.2 83.6 83.2 83 82.8 82.6 82.7
99 98.5 97.6 96.7 95.8 95 93.8 93.1 91.3 89.1 88.1 87.9 86 87.7 88.2 87.8 88.1 88.1 88 87.7 87.8 87.4 88.1 88.2 89.2 89.8 89.7 89.9 90 90.2 90.3 90.5 90.5 90.5 90.5 90.4 90.1 89.8 89.9 89.9 89.8 89.5 89.1 90.1 90.4 90.6 90.8 91.1 91.2 91.4 91.8 92.5 92.8 92.6 93.4 94.1 94.5 94.4 94.2 93.9 93.6 93.3 92.7 91.9 91.6 91.2 91.3 91.4 91.3 90.9 89.3 88.8 85.8 84.4 84.5 84.2 83.4 83 82.8 82.8 83.1
97.5 96.6 96.6 96.5 94.7 95.1 92.6 91.9 91.1 90 88.9 89.3 87.9 88 88.1 87.9 88.1 87.4 87.7 87.9 88 87.7 88.3 88.6 89.1 89.1 89 89.3 89.7 89.8 90 90.1 90.2 90.3 90.5 90.2 89.8 89.5 89.7 89.8 89.7 89.7 89.5 90.1 90.7 91.1 91.3 91.6 91.7 91.9 92 93 93.2 93.2 94.1 94.7 95 94.7 94.4 94.1 93.7 93.4 93 92.1 91.6 91.4 91.6 91.8 91.6 88.4 91 89.1 86 85 84.7 85 84.3 84.5 82.9 83.9 83
97.7 97 96.9 95.5 93.9 92.1 91.1 90.6 89.4 91.1 90.6 90.2 89.2 88.5 85.9 86.6 87.1 87.7 87 87.5 87.9 87.7 87.2 87.2 88.4 88.5 88.5 88.8 89.2 89.4 89.6 89.8 89.7 90.4 90.1 89.7 89.4 89.2 89.5 89.8 89.4 89.6 89.8 90 90.7 91.3 91.7 91.9 92.2 92.4 92.8 92.9 93.1 93.6 94.5 95.3 95.5 95.2 94.9 94.5 94.1 93.5 93.1 92.8 92.3 92.2 91.9 88.6 92.7 91.7 90.5 88.9 86.9 85.6 85.5 86.1 85.8 85 83.9 83.7 84
97.5 96.3 95 92.3 91.5 91 91.3 91.2 91.3 91.2 91.3 89.5 89.3 89.4 88.8 87.6 87.8 87.7 87 87.6 87.7 88.2 87.5 88.4 88 88 88.3 88.7 88.9 89.4 89.6 89.8 89.9 89.9 89.5 89.2 89 89.2 89.3 89.2 89.4 89.6 89.8 90.2 90.9 91.5 92 92.1 93 93.1 92.9 93.1 93.1 93.8 94.6 95.5 95.9 95.7 95.3 94.7 94.2 93.6 93.1 92.5 92.8 89.1 92.2 92.4 91.9 90.9 90 88.3 86.8 86.1 86.8 86.9 86.7 86.1 85.3 84.8 85
95.6 94.5 92.7 92.2 92.5 92.5 92.5 92.6 92.1 91.7 91 90 88.6 88.5 87.1 87.4 86.7 87.2 86.4 87.7 87.4 87.1 87.6 87.4 87.7 87.7 88.1 88.6 88.7 89 89.5 89.7 89.6 89.3 89 88.8 88.9 89.1 89 89.2 89.3 89.5 89.9 90.5 91.2 91.7 92.1 92.4 92.5 92.7 92.9 93.3 93.9 94.7 95.2 95.6 96.1 95.4 95 94.6 94.2 93.6 93 90.8 90.8 92.6 92.3 91.9 91.3 90.4 89.6 88.2 87 87.5 87.9 87.8 87.4 86.8 86.2 85.6 85
94.6 93.6 93.6 93.6 92.9 92.9 92.6 92.5 92.8 91.5 90.7 89.4 88.5 87.5 87.1 87.9 87.7 87.8 87.2 87.2 87.8 87.6 88 87.8 87.6 87.7 87.9 88.4 88.5 88.5 88.9 89.2 89 88.8 88.6 88.6 89 89.2 89.2 89.5 89.7 89.9 90.3 90.9 91.4 91.8 92.2 92.6 92.6 93.2 93.7 94.1 94.5 95.2 95.4 95.5 95.4 94.1 94.1 94 94 92 89.9 93.3 92.8 91.6 91.4 91.3 90.8 90 89.2 88.5 87.8 88.4 88.6 88.1 87.7 87.3 86.9 86.3 85.4
94.8 95 94.3 93.8 93.6 92.9 92.6 92.6 91.9 90.5 90 88.5 87.5 87.4 87.7 88.1 87.7 87.6 87.7 87.7 87.7 88.2 88.3 88.1 87.7 87.9 88 88.1 87.7 87.8 88.2 88.5 88.4 88.4 88.6 88.7 89.3 88.9 89.4 89.7 90.1 90.3 90.6 91.1 91.4 91.7 92.1 92.7 93 93.7 94.3 94.8 95.1 95.4 95.5 94.9 94.6 94.3 93.8 93.4 90.1 93.5 92.6 92.1 91.2 91.8 91 90.7 90.4 89.5 88.8 88.4 88.8 88.5 88.7 88.3 87.9 87.5 87.1 86.4 85.8
95.2 95.1 94.4 94 93.1 92.6 92.7 91.2 90.6 89.3 88.2 88.4 87.4 87.7 87.9 87.4 87.8 87.8 87.6 87.6 88.4 88.4 88.4 87.6 87.6 87.6 87.8 87.6 87.7 87.8 87.9 88 88.3 88.5 89 89.3 88.7 89.1 89.6 89.9 90.3 90.6 90.9 91.3 91.6 91.9 92.2 93 93.5 94.2 94.8 95.2 95.3 95.6 95.1 94.5 94 94.2 90.1 94.6 93.5 93.1 92 91.3 91.4 90.6 90.7 90.1 89.7 88.8 88.1 88.8 88.8 88.7 88.8 88.5 88.1 87.7 87.2 86.6 85.6
95.2 95 94.3 93.5 92.9 92.6 91.1 90.3 89.8 89.6 88.1 88.9 88 88.3 88.4 88.1 87.8 87.8 87.9 87.6 88.5 88.6 88.5 88.2 87.8 87.5 87.6 87.5 87.7 87.9 88.1 88.3 88.5 88.6 88.9 88.8 89 89.3 89.8 90.1 90.5 90.8 91 91.3 91.6 91.9 93 93.8 94.3 94.9 94.8 94.9 95 95.2 94.6 93.9 90.4 93.8 93.6 92.5 92.8 92.1 91.5 91.4 91.1 90.5 90.7 89.8 89.3 88.9 89.1 89.6 89.4 89.3 89.1 88.9 88.3 87.8 87.3 86.6 85.6
95 94.2 93.5 93.4 92.7 91.4 90.7 89.8 89.4 89.8 88.9 88.4 88.7 88.7 88.8 88.3 87.8 87.7 87.9 87.6 88.3 88.8 88.7 88.6 88.2 87.9 87.6 87.6 87.8 87.9 88.1 88.3 88.6 88.9 88.9 88.9 89.3 89.5 89.9 90.3 90.5 90.7 90.8 91.1 91.5 92.3 93.6 94.2 94.8 94.7 94.5 94.8 94.7 94.7 89.7 94.9 93.7 93.9 93.5 92.8 92.5 91.9 91.6 91.4 91.1 90.7 90.8 89.7 89 88.9 89.6 90 90.2 89.9 89.6 89.1 88.5 87.9 87.3 86.6 85.6
94.1 93.3 92.9 92.9 91.7 90.9 90.2 89.5 89.3 88.6 88.4 88.8 89.4 89.5 89.2 88.4 88.3 88.2 87.9 87.7 88.3 89.1 88.9 89 88.4 88 87.9 87.9 87.9 87.9 88.1 88.3 88.7 88.9 89 88.9 89.3 89.7 90 90.2 90.3 90.5 90.7 91.1 92 93 94.1 94.3 94.3 94.6 94.8 94.6 89.7 94.6 94.5 94.1 93.5 92.9 92.9 92.6 92.6 92.1 91.8 91.5 91.2 90.8 90.4 89.5 89 89.8 90 90 90.2 90 89.5 88.9 88.2 87.6 86.9 86.2 85.6
93.4 93.2 92.6 92.1 91.4 90.7 89.6 89.5 88.8 88.7 89.4 89.9 90.1 90 89.2 88.6 88.7 87.9 87.7 87.4 88.8 89.5 89.1 89.4 88.5 88.3 88.2 88.1 88.3 88.3 88.1 88.4 88.6 88.8 89 88.9 89.3 89.6 89.8 90 90.1 90.3 90.7 91.1 92.1 93.1 94.1 94.2 94.4 94.6 89.7 95.2 93.7 93.9 93.1 93 93.3 92.9 93.1 93.3 92.6 92.2 91.7 91.4 91.1 90.6 90.1 89.7 89.7 90.4 90.4 90.4 90.2 89.9 89.4 88.6 87.9 87.3 86.7 87.2 85.7
94 93.2 92.4 91.6 90.9 90.1 89.1 89.4 89.3 89.6 89.8 91 90.7 90.2 89.4 88.7 88.3 87.9 87.9 88 88.8 89.4 89.2 89.5 88.5 88.6 88.5 88 88.6 87.9 88.4 88.3 88.4 88.6 88.9 89 89.3 89.3 89.5 89.7 89.9 90.3 90.8 91.3 92.5 93.3 94.1 92 89.7 95.8 94 93.6 92.9 93.3 93.1 93.4 93 93.5 93.2 92.9 92.8 91.7 91.5 91.2 90.9 90.4 89.9 90 90.2 90.4 90.5 90.4 90 89.8 89.3 88.4 87.7 87 87.6 86.2 86.2
93.3 92.5 91.8 91.1 90.3 89.5 90.3 90 89.5 89.4 90.6 91 90.7 89.8 89.3 88.7 88.3 88 87.6 87.9 88.7 89.1 89.2 89 88.4 88.3 88.5 88.3 88.2 88.4 88.5 88.6 88.5 88.4 88.7 89 89 89.1 89.3 89.5 89.8 90.6 90.9 91.5 93.2 90.4 93.3 94.9 93.7 93.3 93.1 92.8 92.6 92.7 92.6 92.5 93.2 93.3 93 92.4 92.5 91.5 91.3 91 90.8 90.3 90.1 90.2 90.4 90.6 90.5 90.2 89.8 89.6 89.1 87.9 87.4 87.5 86.6 87 86.8
92.3 91.8 91 90.4 89.5 90.1 90.4 89.7 89.3 89.9 90.7 91 90.4 89.5 88.9 88.5 88 87.9 87.9 87.6 88.5 88.9 88.9 88.5 88.1 88.2 88.5 88.5 88.7 88.8 88.9 88.8 88.7 88.5 88.7 89 89.2 88.9 89.1 89.4 89.8 90.9 91.3 90.3 92.7 93.2 93.6 93.6 93.4 92.9 92.7 92.5 92.3 92.2 92.5 92.4 92.9 93 93 92.6 92.4 91.7 91.1 90.8 90.7 90.7 90.7 90.8 90.8 90.4 89.8 89.7 89.5 89.1 88.5 87.5 87 87 86.8 86.8 86.8
91.6 90.9 90.3 90.4 89.7 90 89.8 89.3 89.7 90.2 90.8 90.8 89.7 89.1 88.6 88.5 88.1 88.1 87.9 87.5 88.3 88.7 88.4 88.1 87.8 88.2 88.5 88.2 89 89.1 89.1 89 88.7 88.7 88.8 89.1 89.2 89.3 89.2 89.4 90.5 90.4 91.1 92.1 92.4 92.8 93.1 92.9 92.6 92.5 92.3 92.1 92 91.9 91.7 92.5 92.7 92.8 92.7 92.5 92.3 91.8 91.5 91.1 90.7 90.8 90.8 90.9 90.6 90.1 89.7 89.5 89 88.5 88 87.1 87.4 87.3 87 87.6 87.6
91.2 90.7 90.3 90.2 88.8 89.3 89.5 89.8 90.3 90.8 90.6 90.1 89.4 88.8 88.2 88.3 88.1 88.1 87.8 87.6 88 88.2 88.3 88.3 88.1 88.3 88.5 88.7 89.4 89.3 89.1 89.1 89.1 89 88.9 89.1 89.5 90.9 89.8 89.6 90.1 90.6 91.4 91.6 92.1 92.2 92.6 92.4 92.2 92.1 91.9 91.7 91.6 91.6 91.4 92.2 92.4 92.5 91.5 91.6 92.1 91.8 91.5 91.3 90.7 90.9 90.9 90.8 90.3 89.8 89.6 89.4 88.8 88.2 87.7 87.6 87.7 87.5 87.4 87.8 87.6
