Game/Highland_Data/StreamingAssets/GeoData/Data/su/SU38.asc
ncols 200
nrows 200
xllcorner 430000
yllcorner 180000
cellsize 50
[rows 140 to 174 of 200, columns 78 to 155 of 200]
191.7 189.4 186.9 186.2 192.1 196.1 199.4 201.2 202.2 203.2 206 209.5 212.3 213.4 214.2 212.9 211.4 209.3 206.6 204.3 202 199.6 196.9 193.5 191.1 188.9 187.6 188.5 187.7 187.8 190 191.3 192.5 193.9 194.7 194.4 194 194.6 194.8 193.7 192 190.1 188 185.1 181.8 178.9 174.4 171.4 181.1 186.1 192.5 199.4 205.2 210.5 213.7 215.5 217.5 218.7 218.7 219.1 221.4 223.5 225.6 226.9 227.8 227.9 227 225.8 223.8 221.1 217.8 214.3 209.8 206.7 202.7 198.8 194.8 190.5
189.9 187.9 185.6 185.6 191.7 195.6 196.9 198 197.4 198 202.8 207.5 211.8 213.4 214.5 214.1 212.6 210.7 208.6 205.6 202.2 198.9 195.7 192.3 190 187.7 186.2 185.7 184.3 183.7 185.8 187 189.1 191.1 192.4 192.1 192.1 193.2 193.7 194.2 193.4 192.2 190.1 187.4 183.4 179.1 174.3 170.3 178.3 184.6 190.9 198.7 205.2 210.8 214.9 216.8 216.8 216.4 215.5 217 220 221.7 223.5 225.1 226 226.5 226.3 225 223.3 220.9 217.8 213.5 209 205.3 202.3 198.8 194.7 189.3
189.3 186.2 183.8 185.1 191.4 193.5 194.4 193.6 192.1 195.7 201.5 207.2 211.3 214.2 215.1 214.7 213.2 211.2 209 205.7 201.8 197.5 193.5 191.6 189.5 188.7 187.2 186.8 184.6 182.5 181.3 181.5 184.3 187.5 190 189.2 189 191.9 193.3 193.6 193.5 193 191.5 189.1 186.4 182.5 176.7 170.1 174.3 181.1 187.7 195.7 202.8 209 214.6 217.4 216.1 213.3 213 215.5 217.7 219.2 220.7 222.1 223.4 224.6 224.9 224.4 222.6 219.7 216.4 212.3 206.6 201.6 198.9 196.7 192.6 187.4
189.7 185.9 182.6 183.6 189.7 191.4 191.1 189.1 189 194.3 200.7 206.6 211.3 214.7 216 215.3 213.7 210.9 207.8 203.1 199.2 195.6 192.7 192.1 191.4 190.9 189.8 189.6 188 185.9 182.7 180.7 179.1 183.6 186.3 185.7 187.2 190.3 191.9 192.4 192.7 192.4 191.3 189.4 186.5 183.3 177.2 170.3 171.3 178.5 184.2 192.2 198.8 206.9 214.4 217 215.7 212.8 210.5 213 214.1 215.5 216.9 218.3 219.7 221.8 222.7 222.9 221.3 218.7 215.5 211.5 205.9 200.4 195.7 192.5 190.3 187.4
188.9 186.6 182.6 181.4 187.4 188.2 186.4 184.1 188.4 194.4 200.9 208 211.5 214.5 216.7 215.8 213.5 209.7 205.4 201.1 197.9 194.7 193.8 194.8 194.1 193 192.6 191.8 190.4 188.9 185 181.6 179.9 178.1 182.7 181.6 185.1 187.6 189.2 190.3 191.1 190.8 189.7 188 185.4 181.9 175.8 169.8 171.2 177.3 183.8 190.3 197.6 207.5 214 216.1 215.1 212.1 208.7 209.6 210.3 211.6 212.3 213.7 215.7 217.6 219.8 221.3 220 217.7 214.5 211.2 206.7 201.6 197.1 192.9 187.9 185.6
187.1 185.3 183 177.9 184.1 184.2 181.7 183.4 188.4 194.8 201.5 207.4 211.9 215.4 217.2 216 213.2 209.4 205 202.5 200 197.6 197.5 198.2 197.3 196.1 195.2 193.9 192.5 191 188.8 184.7 181.3 177.8 176.2 178.4 182.3 183.5 185.7 187.2 188.5 188.6 187.8 185.8 182.9 179 172 167.9 174.4 179.9 185.7 193 199.3 208.1 213.3 216.2 215.2 211.5 207.7 205.9 206.2 206.6 207.2 208.4 210.6 213.1 216.3 218.4 218.3 216.5 213.5 209.9 205.6 201.3 196.6 192.8 188.8 184.9
185.8 185.3 183.9 177.1 178.8 179.7 178.1 183 188.1 194.5 201.1 206.9 212.2 215.8 216.8 216.3 214.4 211.3 208.2 206.5 203.7 201.7 201.9 201.3 199.9 198.6 197.1 195.1 193.2 191.3 188.9 186 182.6 180.1 176.7 173.8 177.3 179.6 181.1 183.6 185.5 185.9 184.8 182.2 179.7 175.1 168.2 170.3 177.2 182.5 188.4 195.4 202 209.1 213.8 215.8 214.5 211 206.7 203.1 202.8 203.2 203.4 203.5 204.9 208.9 212.4 215.4 216.1 215.1 212.4 208.5 204.4 199.8 195.9 192.4 188.5 183.9
183.4 184.6 183.5 180.6 173.6 174.1 178.5 182.5 187.5 193.7 200.9 206.6 212.1 216.1 217.2 217.4 217 215.2 213 210.2 207.8 205.5 205.1 203.3 201.7 199.6 197.6 194.9 193 190.9 188.9 187.2 185.3 183.5 181.3 177.4 172.9 174.4 177.2 180.6 182.9 182.8 181.2 178.6 176.5 170.4 166.5 174 179.5 185.1 190.5 197 202.6 209.4 213.5 215.5 214.3 210.8 206.7 202.6 200.6 199.9 199.3 199.1 200.4 204.4 209.1 211.8 213.9 213.7 211.2 207.3 203.3 197.2 193.9 191.4 188.5 183.2
181.2 183.2 182.9 181.2 177.3 171.4 177.3 181.5 185.8 192.4 200 206.5 212.5 216 218.1 218.1 218.5 217.2 215.2 213.1 211.3 209 206.7 204.3 202.2 199.5 196.7 193.9 192.1 190.4 189 186.5 184.8 183.1 181.8 180 176.8 171.2 175.5 179 180.4 179.6 177.8 175.8 172.4 166.4 169.4 176 181.6 186.8 192.4 197.9 203.1 208.6 212.6 214.6 214.1 210.6 207.2 203.7 200.9 199.2 197.4 195.5 196.9 200.6 205.1 208.4 211.3 212 210.2 207.4 203.1 197.5 192.3 188.8 186.3 183.2
179.5 180.8 181.7 180.6 177.6 170.7 174.9 178.4 186 193.4 200.8 207.2 211.8 215.7 218.4 219.2 219.6 218.1 216.5 214.5 212.2 209.3 206.5 203.6 199.9 197.5 194.7 192.6 191.1 189.4 187.7 185.4 183.1 181.3 180 178.7 175.6 172.2 171.6 176.2 177.2 177.1 176 173.4 167.7 166.5 175.5 178.6 183.1 188 192.9 197.9 202.2 207 211.1 212.7 213.3 211.2 207.8 205.2 202.5 200.8 199.1 195.7 193.6 196.1 201.1 205.1 208.3 209.3 209.2 207.2 204.5 199.6 194.2 190 186.2 183.2
178.4 179 179.6 179.2 176.6 169.7 173.6 180.7 188.4 196.4 202.8 209.1 212.6 215.9 217.8 219.1 219.2 218.2 216.4 214.4 212 208.6 205.2 201.6 197.7 195 192.4 190.3 188.8 187.7 186.2 183.6 180.9 178.4 177.1 175 170.7 169 167.9 169.7 171.9 173.9 173.9 170.6 165.1 170.5 177.4 181.3 184.2 188.9 191.9 196.6 201.2 205.6 209.4 211.8 212.4 210.7 208.9 206.3 204.5 202.6 200.7 198.1 193.4 192.3 196.6 201.4 205.1 206.4 206.9 206.3 204.5 200.8 197.1 192.2 187.6 182.1
176.6 177.1 177.3 177 174.5 167.6 175.8 183.9 192.5 199.3 205.3 210 213.4 214.8 216.5 217.7 218.1 217.4 216.1 213.9 210.6 205.8 202.3 198.7 195.2 192.1 189.8 187.7 186.5 185.8 184.6 182.4 179.8 176.8 174.1 171.8 172.6 172.5 170.7 168.5 166.1 166.1 167 165.8 163.7 174.1 178.7 181.3 184.7 188.2 191.3 194.9 198.9 203.7 207.7 210.6 211.7 210.2 208.6 206 204 202.2 200.6 198.6 195.2 190.6 192.7 197.7 202.8 205.1 204.9 204.2 203.1 201.4 197.6 193.5 188 182.6
175.2 175.6 175 174.1 170.1 169 179.8 188.1 195.6 201.6 206.1 209.9 212 213.7 214.4 215.9 216.5 216.6 215.5 213.3 209.4 203.1 198.4 194.5 191.2 188.1 185.9 184.7 183.3 183.1 182.6 180.7 177.8 174.9 174.2 175.9 177.4 177.3 176 173.1 170.5 167.8 165.1 163.4 164.4 174.2 177.4 179.9 182.1 184.9 188.9 193.6 198.9 203.1 207.2 210.1 211.4 210.2 208.8 206 202.7 200.2 199.1 197.5 195.2 191.5 189.2 194.3 199 201.2 200.9 200.3 200.9 201.4 198.5 193.4 187.8 182.2
174.1 173.3 172.5 170.7 165 173.9 184.1 191.9 198.4 202.7 206.3 209.2 210.4 211.5 212.3 214 215.1 216.3 215.9 214 208.6 202.9 197.6 193.1 191 189.1 187 185 181.9 179.8 178.9 177.4 175.8 175.3 176.2 178.3 180.1 180.2 179 176.8 175.7 173.1 169.3 164.2 163.1 171.6 173 176.2 181.2 185.1 188.6 193.5 199.8 204 208 210.2 211.1 210.3 209 206.1 202.5 199 196.3 195.5 194.1 191.9 188 190.6 194.3 196.5 196.6 196.2 195.9 196.5 196.4 191.8 187.2 181.6
172.1 170.4 167.8 163 169.8 179.8 188.6 194.9 199.7 202.9 205.9 206.9 207.7 208.2 210 213.2 215.3 216.6 216.8 215.3 211 206.1 200.1 196.8 195.3 192.5 189.3 185.7 182.4 180 178.7 177.9 177.2 177.5 178.4 180.6 182.1 182 180.9 178.9 176.9 174.4 170.8 164.6 162 170 174.6 179.3 182.6 186.5 189.8 194.6 200.6 204.5 207.9 209.8 210.3 210.1 208.5 206.2 202.8 198.8 195.4 193 191.3 189.3 187.3 187.4 190 191.8 192.5 192.7 192.6 191.3 190.9 190.4 186.4 180.9
166.6 163.3 161.3 167.1 176.3 185.4 192.3 197 199.9 202.2 203.1 204.3 204.2 203.6 207.8 212.2 215.2 217.3 217.7 216.6 213.7 208.9 204.4 202.5 198.7 195.2 190.1 185.7 183.6 181.9 181.2 180.4 179.9 180.1 180.4 181.9 183 182.9 181.1 178.3 175.6 172.9 170.3 164.7 161.3 171 175.2 178.3 181.1 184.5 189.1 194.2 200.5 204.1 206.8 208.6 209.5 209.5 208.6 206.2 203 198.9 195.1 192.9 191 189.2 186.9 185.4 186.6 189.2 190.7 190.8 190.1 189.3 188.5 188.8 186.3 180.5
159.2 162.5 168 175.7 183.5 189.8 194.1 197.5 199.5 200 200.6 200.2 199.2 201.2 206.6 210.8 215 217.8 218.6 217.8 215.1 211.9 208.6 204.6 201.3 195.3 189.6 186.8 185.9 185.8 183.9 183 182.4 183 183.4 184.5 185.1 184.2 181.7 178.8 175.7 173 169.4 164.8 161 167.3 173 174.7 179 183.7 188.6 194.1 199.5 202.7 205.3 207.3 208.3 208.6 208.4 206.6 203.4 199.2 196.9 195.4 193.6 190.9 189.1 184.7 184.6 186.4 188.2 188.4 188.1 188.3 187.7 188.1 186 181.2
164.7 171.3 175.1 182.6 188.4 192.2 195 197.3 197.7 197.4 196.7 194.8 195.8 200.8 206.3 211.4 215.4 218.5 219.6 218.8 216 212.6 209.8 205.5 200.2 195.6 193.8 191.8 190.3 189.1 187.4 186.4 186.2 187 187.5 187 186.7 184.7 182.4 179.6 176.5 173.7 170.2 166.2 161.7 162.6 168.6 173.6 178.5 184.2 188.6 194 197.9 200 202.2 204.1 205.6 207 207.1 206.9 205.8 203.2 200.9 198.8 196.5 193.5 190.6 187.1 183.4 182.3 183.8 184.6 185.1 185.4 185.5 185.5 184.1 179.7
172.8 177.1 182.4 187.4 191 193.1 194.7 195.8 195.6 194.5 192.1 191.3 195.5 200.7 206.7 211.5 215.7 218.9 220 219.4 217 213.7 209.4 205.3 202.6 201.1 198.7 196.5 195.9 193.7 192.1 191.4 191.4 191.2 191.8 190.4 189.5 187.8 185.1 182.4 178.8 175.4 171.9 167.8 162.8 159 168.1 173.9 180 184.5 188.4 192.4 195 196.3 197.7 199.4 201.6 203.8 205.6 207.4 207.3 206.9 205 202.5 199.4 195.6 192 188.9 184.5 182 180.1 179.9 179.6 180.3 181.2 182.1 181.3 178.5
178.6 181.7 186.7 189.7 191.6 192.8 194.1 193.7 192.7 189.9 187 192 195.9 201.2 206.5 212 216 219.1 220.4 220 218.1 215.3 211.5 209.1 207.2 204.7 202.4 201.4 200.4 198.5 197.6 196.8 195.6 195.4 194 192.5 191.3 189.4 186.4 183.7 180.5 177.3 173.8 169.5 164.1 161 165.9 174 179.7 182.9 186.3 189.6 191.1 190.9 192 194.4 196.9 200.8 204.7 207.4 208.7 208.4 206.8 203.9 200.1 195.9 191.8 188.9 186.2 184.4 181.9 179.4 178 176.8 176.8 177.2 177.5 176
182.4 184.8 188.5 190.5 191.6 192.5 192.3 191 188.7 184.6 187.7 191.7 195.9 200.7 205.9 211.6 215.7 219.2 222.8 220.5 218.4 215.7 212.8 209.9 208 206.3 204.9 204 203 202.1 200.7 199.9 198.2 196.8 195.5 193.9 192.1 189.5 186.2 183.6 180.4 177.9 174.2 170.4 165.5 159.5 163.7 172.5 177.8 180.8 183.8 185.1 185.5 184.8 185.8 187.6 192 197.8 203.7 206.9 208.9 208.9 207.1 204.4 200.1 195.9 192.4 190.5 189.4 187.5 185.1 182.7 180.9 178.8 176.5 175 173.7 172.5
185 185.8 189 189.9 190.4 190.7 190.3 188 184.5 181.5 186.9 190.4 194.3 199.1 204.7 210.2 215.3 218.8 220.9 220.2 218.1 215.2 212.2 209.4 208 206.8 205.6 204.6 204.2 203.7 202.4 200.6 199.1 197.5 195.6 193.9 190.9 187.5 184.9 181 177.3 174.2 171.8 166.9 165.5 160.1 160.4 169.9 174.4 177.4 179.4 180.4 179.9 179 179.8 182.5 188.7 195.4 201.3 205.6 207.8 208.7 207.4 205.1 201.2 197.2 194.3 192.9 190.9 189.2 187.4 186 184.4 182.4 180.7 178.7 176.5 173.1
184.8 186.4 188.1 188.9 189.3 189.1 187.9 185.4 181 180.3 184.1 187.6 191.5 195.6 201.8 208.4 214.6 217.9 220.2 219.2 216.7 213.5 210.4 207.9 206.7 205.4 204.9 204.8 204.6 204 202.8 201.1 198.9 196.9 194.8 192.1 188.9 185.7 181.5 180.7 175.8 172.1 168.5 166.7 165.4 161.1 159.6 166.5 170.5 173.1 175.4 175.4 174.9 173.9 175.1 180.1 186.2 192.8 199.5 204.6 207.5 208.5 207 205 201.8 198 195.1 193.2 191.3 190 189.1 188.1 187 185.8 184.5 182.7 179.8 174.8
183.7 185.5 186 187.3 187.1 186.7 185.4 182.6 178.2 177.6 181 183.9 186.9 192.7 200.3 207.5 213.5 217.6 219 217.7 215.5 212.1 208 204.4 203 203.5 203 203.4 203.3 203.3 202.4 200.7 198.3 195.7 193.4 190.6 187.5 181.6 181.7 179.6 175.6 173.3 172.8 171.7 169.6 164.9 158.8 159.6 165.9 168.9 171 171.1 169.8 170.1 173.3 177.8 183.7 190.4 199.2 204.2 207 207.8 206.7 204.4 201.2 197.1 193.8 191.8 190.8 189.8 189.1 188.5 187.6 187.1 185.8 184.1 181 175.8
182 183.7 183.8 184.1 184.3 184 182.9 180.3 176.4 175.3 177.9 179.2 183.1 190.8 200 208.3 212.6 216.2 217.7 216.3 214.1 210.1 205.4 201.3 199.6 199.7 199.2 200 201.7 202 201.3 200 197.6 194.8 191.5 188.3 185.3 181.7 178.9 178.4 176 173.4 172.7 171.9 169.5 168.4 162 156.4 159.5 165.4 167 166.2 166.1 170 174 178.8 185.8 192.9 199.9 204.4 206.6 206.9 205.6 203.4 200 196.1 192.2 189.6 188.8 188.1 187.5 187.5 187.1 186.6 185.8 184.3 181.3 177
179.2 181.4 181.3 182 182.1 181.7 180.4 178.5 175.6 172.5 174.2 177.8 184.4 192.2 200.5 207.6 212.2 215.5 216 215.5 212.8 208.6 204.5 201.2 197.8 195.5 195.3 196 198.4 200.1 200 199 196.7 193.7 189.6 187 184.1 181.4 178.7 177.6 175.8 175.3 174.5 172.6 171.7 170 166.4 160.1 155.9 160.1 163.3 163.1 167.5 171.2 175.3 180.8 188 194.8 200.8 204.3 205.5 205.7 204.5 202.3 198.9 195.1 191.3 187.7 186.4 185.6 185.6 186 185.8 185.3 184.9 184.2 181.5 177.6
175.3 178.4 179.5 179.9 179.8 179.1 177.7 176.4 173.7 170.5 173.4 178 185.1 193.4 201.8 207.5 211.4 214.4 214.4 214.1 212.3 209.2 206.3 203.8 201 196.7 193.4 191.9 194.2 197.2 198.9 198.4 196.5 194.5 191.8 189.5 187.3 183.5 178.8 177.4 175.2 172.7 172.8 172.8 170.9 168.8 166.7 163.1 157.2 155.3 157.8 163.6 167.2 171.4 176.9 182.9 189.8 195.9 200.8 203.5 204.5 203.9 202.8 200.3 197.3 193.7 190.6 186.7 183.9 182.6 182.3 182.5 182.9 182.6 183.2 182.5 180.7 178.1
170.8 175.5 176.7 177.7 177.6 176.6 175.5 174.4 171.4 169.1 173.1 178.5 186.8 194.8 202.1 206.9 209.9 211.7 212 211.2 209.8 207.8 205.5 203.3 200.7 198 194.5 188.5 190.5 194.8 196.6 197.4 196.6 195.5 193.6 191.8 189.7 187 182.8 179.5 176.7 172.7 169.3 167.5 165.9 164.5 162 160 157.6 155.1 156 162 166.4 171.6 176.5 183.1 190.1 195.9 200.2 202.7 203.1 202.4 200.9 198.1 195.1 192.2 189.1 186 182.8 179.9 179.1 178.9 178.9 178.8 180.1 179.6 178.5 176.6
170.5 174.1 175.1 175.2 175.2 174.4 173.6 172 168.9 167.8 172.1 180 187.8 196.2 202.3 206 207.8 209.4 209.6 208 207.2 205.4 203.2 201.3 199 196.6 193.9 189.4 186.9 191.6 194.5 195.3 195.7 195.4 194.4 192.4 190.3 188.1 185.4 182.5 178.9 174.4 171.1 168.4 166.5 165.4 164.5 163.7 160.8 157.2 154.4 160.6 166.3 171.5 177.5 183.3 190.4 195.9 199.8 201.8 201.7 200.3 198.1 195.4 192.9 190.6 187.5 184.4 181.5 179.1 178.4 177.2 175.6 175 175.1 175.1 174.2 172.9
170.6 173.1 173.7 173.8 172.7 171.8 170.9 169.6 167 166.4 172.3 180.9 189.8 197.8 202.1 205.3 206.3 206.9 206.7 205 204.1 202.8 201.1 199 196.6 194.3 191.1 187.9 184 188.3 191.6 193.5 193.9 193.9 193.5 192.1 189.5 188 186.2 183.7 180.6 178 175.3 172.6 171.1 169.7 168.3 166.5 163.2 157.3 154.5 161.1 167.6 173 179.2 184.9 191.1 196.5 199.6 200.9 200.2 198 195.3 192.3 190.1 188.1 185.6 182.6 181 181.5 181.3 180.2 177.9 175.6 173.4 172.4 170.9 169.5
169.9 172.1 172.6 171.4 170.6 169.4 168.1 167.1 164.1 166.8 175.8 184.7 193.3 198.7 203 204.1 204.7 205.1 203.4 202.2 200.7 200.1 199 197 193.6 190.6 188.1 185.6 181.7 184.5 188.6 190.7 191.3 191.9 191.3 190.4 188.4 187.1 185.9 184.6 183.7 182.5 179.9 177.7 175.7 173.7 170.5 166.9 162.9 156.1 153.2 162.2 167.1 173.2 178.7 185 191.3 196.7 199.7 200.4 199.6 196.4 193.2 190 187.9 186.1 184.5 183.8 184.3 185.2 185.5 184.3 182.6 180.5 178.1 176.4 174.9 172
169 170.4 170.6 169.4 168.3 166.8 164.8 164.1 163.1 169.5 179.7 189.2 195.7 200.2 202.2 203.2 203.1 202.3 200.7 198.4 196.9 197.5 196.9 195.7 192.7 190.3 188 186.2 182.3 179.6 184.2 187.3 188.5 189 189 188.2 186.8 185.6 184.2 183.9 184.1 184.1 182.7 180.9 178.4 175.2 171.7 167.1 162.1 155 152.7 164.9 170.7 175.8 181.5 187.1 191.9 197.1 199.8 200.7 199.9 196.6 193.2 190.8 189.5 188.6 187.9 188.2 189.1 189.4 189.3 188.9 187.6 185.7 183.2 181 177.7 173.1
167.2 169.1 167.7 166.9 165.5 164.1 162.4 160.6 164.4 170.9 181.5 191.4 197.4 201.2 202.4 202.6 201.6 199.6 196.9 194.5 193.8 194.7 195.2 194.3 192.9 190.6 190.3 189.4 185.3 179.7 178.4 183 184.9 186 186 185.2 183.8 182.3 181.6 183 184.2 184.5 183.9 182.2 179.3 175.6 171.3 166.1 160.6 153.2 154.5 165.2 170.6 176 181.2 186.7 191.9 197.4 200.4 201.8 201.5 198.6 196.1 194.5 193.5 193.1 193.2 193.3 192.7 192.6 192 191.5 190.1 188.3 185.7 182.6 178.1 172.4
164.7 166.9 164.9 164.2 162.7 161.3 159.4 162 167.1 173.1 186 193.7 200 201.8 202 201.1 198.6 195.5 193.3 191.3 190.5 192.2 192.5 193.5 192.3 191.8 191.6 189.9 187.4 181.7 176.2 177.3 180.4 182.3 182.4 181.5 180 178.3 179.2 181.7 183.8 184.8 184 182.7 179.8 175.4 170.7 164.7 158.7 152.1 154.7 164.3 169.3 173.8 178.7 184.3 190 195.5 199.8 202.4 203.3 201.8 200.1 198.4 197.9 197.4 197.2 196.8 195.3 194.6 193.7 192.2 191.1 189 186.3 182.3 177.4 171.8
162.4 164.1 161.7 161.3 160.2 157.8 159.9 164.3 169.9 183.3 192.8 198.9 201.8 202.5 201.2 199.2 196.1 192.5 189.6 188.1 187.2 189.5 190 190.8 191.7 191.8 191.3 190.2 188 184.1 178.2 173.8 175.2 177.6 178 177.8 176.4 174.8 176.7 180 182.2 183.8 183.7 182.8 180.6 176.5 171.2 165.5 160 152.9 152.2 162.2 166 169.2 174.2 180.2 186.2 192.4 198.2 201.7 203.3 203.1 202 201 200 199.2 198.4 198.1 197 196 194.9 193.2 191.3 188.6 185.2 181.1 176.3 171.2
