Game/Highland_Data/StreamingAssets/GeoData/Data/su/SU45.asc
ncols 200
nrows 200
xllcorner 440000
yllcorner 150000
cellsize 50
[rows 70 to 104 of 200, columns 78 to 155 of 200]
199.8 198 193.6 187.6 185.9 190.6 196.1 202.3 211.9 224.5 232.4 234.7 230.8 222.5 211.9 198.7 184.4 173.4 166.3 164.5 162.1 161.1 158.4 160.3 162.9 164.1 165 164.6 164.3 163.9 163.4 165.2 169.3 173.5 180 188.8 201.7 213.2 217.6 216.5 209.4 199.8 188.9 176.6 161.7 156.7 155.9 154.7 153.9 152.4 148.7 147.9 147.3 145 142.8 140.7 140.9 143.4 145.2 145.9 147.3 147.2 149.1 149.1 150.5 152.2 155.9 159.6 164.4 172.5 185.3 202.6 209 214.7 218.8 222.5 224 224.5
194.4 193 189.3 183.9 185.5 191.8 197.2 205 218.4 228.1 233.9 234.5 229.1 219.8 208.2 194.2 180.7 171.6 168.6 165.9 162.8 161.3 158.5 160.3 161.6 162.7 162.7 162.4 162.1 161.7 161.4 163.5 167.7 171.5 178 183.9 192.5 201.7 210.5 214.8 209.5 199.8 189.3 176.8 161 155.3 152.1 151.6 151.8 151.6 148.9 148.3 147.3 142.6 140.9 140.1 142.6 145.7 147.3 148.3 149.4 150.1 152.9 155.7 159.9 166.4 170.2 174.7 181.6 191.4 202.4 208 212.3 216.8 219.9 221.1 221.5 220.9
187.2 187.9 184.2 180 184.2 191.6 198.7 209.8 221.2 229.8 234.2 233.9 228.2 218.8 206.1 189 179.2 170.9 168.5 166.7 164.9 161.5 158.6 158.8 159.4 160.6 160.7 160.6 160.2 159.9 160.2 162.6 166.2 169.7 174.6 179.1 185.2 192.5 203.6 211.1 208.7 199.3 189.2 177.6 165.8 156.5 152 147.9 147.9 148.3 146.8 146.4 145.7 140.9 139.3 139.1 143.8 146.7 148.6 150 150.7 153.8 157.8 166.9 177.1 184.3 188 194.1 200.2 204.6 208 211 214.5 216.6 218.4 218.4 218.2 217.6
180.9 179.8 177.4 181.9 188.5 195.3 203.1 215.3 224.8 231.5 234.8 233.6 229 219.3 205.3 188.3 178.7 170.6 165.7 163.3 161.7 160.6 158 156.8 157.5 158.5 159.1 159.1 158.6 158.1 160.2 162.7 165.6 169.1 171.8 176.1 180.9 187 195.9 205.2 206.2 197.6 188.9 179.7 170.3 160.2 152.8 150.1 148 147.6 144.7 142.2 141.4 139.1 137.9 139.9 144.3 146.8 148.2 148.8 150.6 154 164.1 180.2 193 200.1 202.7 204.8 207.6 209.1 210.7 212 214.3 215.9 216 215.4 215 213.9
176.6 174.7 181.7 188.9 194.2 201.2 209.6 218.8 226.9 231.7 235 233.2 228.5 220.1 207.7 191.7 180.8 172.7 166 163.3 160.8 159.6 158 156.3 155.9 156.8 157.4 157.5 157 158.2 160.7 163.2 165.8 168.4 170.9 174.3 178.5 183.4 190.9 199.7 200.9 194.4 187.1 179.4 171.6 163.1 155.5 149.4 148.4 148.5 145.9 144 142.1 139.6 137.6 140.5 144.5 146.3 146.5 146.7 149.1 155.6 173 189.9 200.6 205.5 206.2 208.9 209.9 210.9 212.1 212.6 213.1 213.8 213.1 212.4 211.5 209.8
172.5 179.9 186.8 192.8 199.1 206 213.6 220.5 226.8 230.4 233.7 233 228.8 221.5 211.6 198.7 185.6 177.4 173.3 169.5 164.6 160.5 158 154.9 153.9 154.8 155.7 156 156.4 158.5 161 164 165.1 167.5 169.9 172.8 176.1 180 187 194.1 195.7 190.3 184.3 177.8 171.4 163.9 156.9 149.3 146.4 147.5 146.3 145.3 143.2 140.5 137.2 139.9 143.5 144.6 144.7 145.3 148.5 155.7 175.4 193.5 202 205.4 207.8 209.4 210 210.1 210.3 210.8 211.2 210.8 210.1 209 207.3 205.7
173.4 180.5 187.3 194.2 200.9 207.3 213.9 220.4 226.1 229.7 232.5 231.6 228.5 223 213.6 203.8 193.7 186.6 181.3 176.9 171.6 165.8 161.2 156.9 153.5 153.8 154.2 154.6 156.7 158.9 161.6 164.4 164.6 167 169.3 171.4 173.6 177.5 182.3 185.5 188.1 186.4 180.8 174.7 169 162.8 155.6 149.7 145.7 145.4 144.5 144.6 143.1 140.5 137.1 138.6 141.8 143.3 142.7 144.5 148.2 153.9 172.3 190.8 199.4 203.6 206 207.7 208 208.2 208.4 208.1 207.7 206.8 206.4 204.9 203.1 201.4
173.5 179.3 186.6 193.8 199.5 205.2 211.4 217.5 223.6 228.1 230.1 229.4 227.1 221.2 215.8 208.2 200 192.8 187.2 182.8 176.7 171.9 165.6 159.4 154.1 153.4 153.4 153.9 157 159.3 162.7 164.7 165 166.4 168.4 170.6 172.5 173.3 177.5 179.1 180.3 179.6 176.9 171.5 165.6 159.7 153.4 148 145.2 144 142.7 142.6 142.5 140 136.5 136.5 139.6 140.4 142.1 144.2 146.4 151.8 165.2 185.2 196.1 200.9 204.3 205.4 205.5 205.6 205.1 204.6 203.7 202.7 202.5 200.8 199 197.2
170.2 178.6 185.6 190.3 194.8 200.2 208.6 214.7 220.3 225.1 227.2 226.7 225.4 220.4 215.5 208.8 201.1 194.3 186.3 184 180.5 175.3 167.6 159.1 154.3 152.1 151.6 153.5 156.7 160.4 163.9 165.1 165.3 165 167.6 169.3 170.2 171 172.8 175.1 175.7 173.4 170.6 166.3 161.4 156 151 146.6 143.9 142.7 140.5 141 140.7 139.3 136.6 134.8 137.2 140.7 142.9 144 145.6 149.5 157.8 180.1 193.6 199 202.1 203.1 202.9 202.5 201.9 201.2 199.4 198.7 198.7 196.8 195 193.1
167.2 176.8 182.4 185.5 191 197.4 204.5 211.8 216.9 221 224 223.6 222.4 218.3 213.5 207.6 200.3 191.3 183.7 179.5 178.3 173.8 167.1 159 153.8 151.7 151.6 153.6 160.1 161.3 164.8 164.4 163.2 163.6 166.5 167.8 168.3 168.9 169.6 170.7 170.2 167.9 164.4 160.7 156.3 150.9 146.9 144.2 142.4 140.3 139.9 140.2 139.3 138.6 136.5 134.2 137.1 139.3 140.6 141.9 143.4 148.1 156.8 180.5 192 197.4 200 200.7 199.9 198.8 198.3 197.3 195.1 194.7 194.6 193 191.4 189.7
163.7 171.9 176.2 180.3 187.6 194.9 201.7 208.4 211.9 215.8 219.9 219.9 218.3 215.4 210.5 205.1 197.5 187.9 178.5 174.9 173.4 170.5 164.8 157 151.5 150.1 152.5 158 162.2 163.5 164 162.4 161 163 165.6 166.1 166.6 167.2 167.2 166.6 165.5 162.5 159.3 154.9 150.2 147.6 144.2 142.4 141.1 139.7 138.6 136.8 137.8 137.1 135.2 134.3 137.2 138.7 140.2 140.6 143.2 148.4 161.9 183.6 191.5 196 197.8 197.4 195.8 193.7 193.4 192.9 191.2 189.7 190.3 189.6 187.8 186.5
163.3 168.1 173.4 178.5 184.9 191.9 198.3 204.7 208.9 211.9 214.8 216 214.1 211.5 207.1 201.5 193.6 183.8 174.4 169.1 167.5 165.9 160.6 153.6 149.3 152.7 160.1 164.3 165 163.2 161.3 159.7 158.9 162.6 164.7 164.7 164 164 164 164 162.8 160.2 155.6 150.4 146.7 143.4 141.2 140.7 139.8 139.5 138.5 136 135.8 135.5 135 135.9 139 141 141.6 142.5 145.2 151.6 170.9 184.5 191.5 194.5 195.5 194.4 191.8 189.4 189.5 188.7 187.2 186.2 186 185.8 186.1 182.6
161.6 168.1 172.8 177.8 182.8 189.8 195.9 201 205.8 208.8 210.3 211.6 209.7 207.1 203.6 197.8 190.1 179.9 169.1 163.9 161.6 160.2 156.2 149.7 151.8 162.6 168.1 165.3 164 161.7 158.8 156.9 157.7 162.6 164.7 162.7 160.9 160.5 161.1 161.7 160 157.2 153.3 148 144.3 141.6 139.7 139.3 138.7 138.6 137.1 135.5 134.1 133.7 134.2 136.7 139.7 142 143 144.3 147.8 158.2 176.8 185.4 191.3 193.3 193.1 191.2 188.2 185.8 186.5 185.7 184.3 183.3 182.9 183.4 183.8 181.8
161.5 165.5 169.7 175.1 181.3 187.7 193.7 198.6 201.7 203.2 204.6 206 205 202.4 199.9 194.4 187.1 177.1 167 161.2 157.6 155.7 150.2 149 160.6 167.7 170.9 167.9 163.8 159.8 156.7 154.7 159.6 162.2 163 160.6 158.5 157.3 158.5 159.1 157.2 154.5 150.9 146.8 143.6 140.9 138.1 137.3 137.5 137.3 137.1 134.5 133 133 134.5 137.7 139.7 141.2 143.4 146.3 150.6 165.6 179 187 191.1 192.3 191.6 188.3 185.3 182.4 183.7 182.7 181.2 180.5 180.7 181.3 181.1 180.2
161.4 162.3 167.6 173.7 179.8 186 190.9 194.9 198.3 197.8 199.2 199.1 198.5 197.7 195.2 192.4 186 175.3 165 159.2 154.5 150.8 147.7 156.9 163.7 168.7 169.1 167 161.4 156.6 153.6 154.4 162 163.7 161.4 157.9 155.5 155.2 156.5 156.7 154.6 151.6 149 145.6 142.6 140.2 137.5 135.3 136 136.1 134 133.6 132.6 133.2 135.8 138.8 139.8 141.1 143.9 147.3 155.2 172.7 181.9 187.8 190.7 190.7 189.7 186 181.9 178.7 180.4 179.2 178 176.7 178.2 179.1 178.7 178
161.9 159.1 165.8 172.1 178.3 184.1 188.2 191.7 194.8 194.3 193.6 193.3 192.8 192.3 192.8 190 186.4 177.2 164.1 158 152.6 148.2 151.9 159.5 164.5 167.7 168.8 164.9 159.5 153.7 152.4 158.4 164 161.9 159.1 155.5 152.5 153.2 154.5 154.6 152.2 149.8 147.3 144.8 141.5 138.9 136.4 134.5 134.2 134.1 132.1 132.1 132.2 135.3 137.9 140 141.6 143.1 146 152.7 164.7 177.4 184.3 189.2 191 190.1 187.7 183.3 178.7 175.8 176.5 175.9 173.1 172.2 175.7 176.8 176.2 175.3
162.7 158.5 163 169.8 176.4 181.1 185.2 188.3 190.6 190.2 189.2 188.5 188.3 188.2 189.5 190.2 187.4 180.5 167.9 157.2 151.2 146.8 153.3 159.5 163 165.3 165.9 161.7 156.6 151.5 155 163.2 165 163.2 157.5 152.3 149.8 150.8 151.9 152.3 149.7 147.2 144.7 142.8 140.4 138 135.6 134 132.9 133.5 130.7 131.8 133.8 136.9 139.7 141.6 143.2 146.1 152 163.9 174.6 180.9 186.4 190.5 191.3 190.1 187.5 181.8 176.7 172.8 170.6 170.2 168.1 169.3 173.1 173.1 173.2 172.5
163.7 157.7 160.5 167.4 173.4 177.9 181.5 184.3 186.3 186.1 184.8 183.6 183.4 183.4 187.6 189.6 187.4 183.8 171.6 157.8 150.3 146 154.4 157.8 160.2 162.3 162.1 158.4 153.3 152.7 159.1 165.7 167.4 162.7 156.8 151.3 149 149.2 149.9 149.3 146.8 144.7 143.2 141.1 139 137.5 135.3 133.2 131.9 134.2 129.7 130.8 133.2 136.3 139.7 141.9 146.2 151.9 163.2 172.8 179.2 184.8 189.2 191.7 192.2 191.5 189 184.9 179.5 174.9 171.6 167.1 163.3 160.1 163.6 168.4 171.1 170
163.6 157.3 156.9 164.1 170.9 173.2 176.2 179.4 182.1 181.8 180.5 179.7 178.5 181 185.9 188.4 189 186.6 177.6 162.8 150.9 145.3 150.3 154 156.3 158 158.4 155 150 154.4 160.9 164.4 165.2 160.7 156.1 149 148.1 148.1 148.1 146.6 144.6 142.5 140.8 139.3 137.2 135.7 134.3 132.1 130.7 132.2 129.2 130.7 133.5 137.3 141.9 147.8 155.4 163.4 171.1 177.8 183.3 187.5 189.9 192.4 192.8 191.8 189.7 186.7 182.9 179.1 176.8 173.8 170.8 163.9 159.1 155.8 159.4 163.7
161.1 156.4 155.2 162.7 166.2 169.1 171.7 176 177.5 178.3 177.5 176.8 175.7 179 184.1 188.1 190.3 188.7 183 170.6 154.4 145.8 145.6 149.4 151.6 153 153.6 151.1 148.2 155 159.2 162.3 162.9 159.3 154.9 147.4 145.6 145.5 145.5 143.5 141.6 139.9 138.7 137.7 135.6 134 132.6 131.2 130.3 129.5 129.4 133.4 137.8 144.2 153.1 160.8 166.1 171.2 175.7 181.1 185.8 188.9 191.2 192.8 192.6 191.8 189.4 186.5 183.2 180.5 177.4 175.9 173.2 170.5 166.5 159.4 153.2 150.8
158.6 155.8 153.4 158.1 161.9 164.8 167.9 171.4 172.7 173.6 174.3 173.9 173 177.2 182.2 187.8 190.5 190.7 187 180.4 166.5 152.2 145.4 144.7 146.5 148.1 148.2 147 147.3 153 156.3 158.2 159.2 157.6 153.2 146.8 144.9 143 142.5 140.8 139.3 137.8 136.5 135.7 134.1 132.6 131.3 130.6 129.3 128.6 132.5 139.3 147.8 157.2 164.6 169.7 172.9 176.5 179.9 183.5 186.8 189.7 191.5 192.4 191.4 190.3 187.9 185.4 181.3 178.4 177.2 174 171.6 169.9 168.8 165.4 160.9 153.9
161.5 157.9 153.1 153.4 157.2 160.2 164.1 166.8 168 168.8 169.5 170.1 170.2 175.7 182.3 187.4 190.1 191.2 190.1 186.9 180.4 168 157.2 147.7 142.6 143.3 143.6 143.3 143.9 147.9 151 153.1 155.4 154.1 151.5 145.4 142.6 141.1 140.1 139.1 137.6 135.7 134.4 133.5 132.5 131.3 130 129.7 128.6 130.5 137.3 148.4 158.9 166.2 169.9 173.1 175 177.8 181.2 184.1 187.5 189.7 191.6 191.4 191 189.5 186 182.5 178.8 176.2 174.3 172.7 171.1 169.4 168 166.7 163.7 160
164.8 160 154.8 151.4 152.6 156.4 160.4 162.4 163.4 165.8 167.5 169.2 171.3 177.3 182.8 187.1 189.3 190.7 191.2 190.6 188.6 183.4 172 160.1 150.8 144.6 142.3 141.2 141 142 144.8 147.2 150.6 151.7 149.8 144.1 139.1 138.3 138 137 136.1 134.3 132.6 133 132 130.9 129.3 129.8 129.2 136.2 147.5 157.8 165.3 169.9 171.6 173.3 174.9 177.2 179.8 183.5 186.9 189.4 191.6 191.1 190.4 186.9 183.1 179 174.8 172.9 172 171 169.5 168.2 166.9 165.3 162.9 160.4
167 162.9 158.5 153.8 150.8 151.1 155.2 157.3 162 167.3 169.5 171.2 174 180 182.7 184.8 186.9 188.5 189.7 191.3 191.3 189.6 185.8 180.6 172.8 164.4 155.7 148.4 143.5 140.4 138.8 140 143.9 147.3 144.7 141.4 138.1 136.3 135.8 134.6 133.7 132.6 130.7 132 132.2 130.1 128.1 126.8 132.8 141.4 154.4 161.9 167.1 170.6 171.5 173.1 174.9 177.1 179.5 181.8 185.6 188.9 190.8 190.5 189 185.1 180 175.3 171.2 168.9 168.7 168 167 165.7 164.9 163.1 160.9 158.2
167.5 164.1 161.5 157.5 152.7 149.3 149.5 154.4 160.7 167 170.9 173.2 176.7 179.7 180.9 182.3 184 185.7 188 190.3 191.2 191.6 189.7 186.6 182.4 177.6 171.1 165.1 156 146.4 142.1 137.9 137.1 139.7 140.1 137.6 135.8 134.3 133.5 132.6 131.8 131.3 131.8 133.7 133.1 131.1 129.9 126.3 132.2 144.4 156 162.3 165.9 169 170.2 171 171.6 172 173.6 177.6 183.6 188.6 190.3 189.6 186.2 182.4 177.1 171.7 167.7 164.2 164.7 164.4 163.2 162.5 161.1 158.9 157.1 155
166.6 164.7 161.8 158.9 155.1 151.2 147.8 153 159.6 166.1 170.8 174.6 177 177.5 176.5 176.8 178.8 181.9 184.9 188 189.9 190.2 189.8 188.7 185.4 181.7 177.7 172.8 167.3 158.4 148.5 143 139.3 137.2 134.8 134.7 134.2 134.1 134.7 135 136.3 137.1 137.5 137.9 134.4 130 128.1 126.3 132.4 143.1 154.3 158.9 162.7 165.3 165.8 165.4 165.7 165.8 170.1 177.1 183.4 188.3 189.4 188.8 184.7 179.6 174.1 168.9 164.7 161.7 161.3 161.1 159.7 158.6 156.2 153.5 151.7 149.9
164 161.3 159.7 157.3 154 150.6 147.2 151.2 160 166.7 171.2 173.1 174.2 173.1 171.5 171.4 173.4 178 182 185.5 187.6 188.1 188.4 188.3 186.2 183.4 181.3 177.7 174.7 170.1 162 154.5 148.2 145.7 141.1 141.1 144.6 145.8 145.6 146.5 146.8 147.1 146.8 144.4 137.3 130.5 127.6 126.3 130.6 137.7 144.2 151.1 154.7 157.7 159.2 157 160.9 167.6 173.3 179.2 184.7 188.2 189.6 188 183.4 177.7 171.5 166.6 162.3 159 157.1 157.5 156.3 153.8 150.8 147.4 144.6 141.8
162.1 159.4 157.7 155.4 152.9 149.7 146.9 149.5 160 165.9 169.6 171.2 170.5 168.6 165.7 165.6 169.4 174.1 177.7 182.1 184.8 186 186.7 186.6 184.7 183.5 181.6 180.4 179.6 176.8 174.1 168 164.6 161.7 160.2 157.3 161 160.8 159.2 157.9 156.9 156 154.5 150.7 141.3 132.6 126.5 126.6 128.1 130.5 134.6 137.6 140.7 144 152.3 160.3 165.1 170.4 175 179.7 184.7 187.9 189.6 187.9 182.6 176.1 169.3 164.3 160.6 157 154.3 153.4 151.4 150.2 147.6 147.9 149.3 148.9
164.2 162.7 160.9 158.1 154.7 151.2 146.9 146.9 158 164.4 167 167.9 166.3 163.2 160.2 162.5 167.2 169.6 173.3 178.2 180.6 182.9 184 183.9 183 181.3 179.9 180.6 180.7 180.2 179.5 177.7 175.6 173.7 172 170.5 168.8 167.3 165.8 163.5 161.8 159.9 157 151.5 141.3 131.1 126.6 127.1 133.7 140.1 145.4 149.8 153.6 157.3 160.4 163.7 167.2 170.9 174.7 179.3 184 187.6 189.7 188.3 183.1 176 169.4 164 159.9 156.5 153.3 152.4 151.9 152.5 153.7 154.7 155.1 154.7
168.2 166.7 164.3 161.7 157.5 152.6 147.5 145 155.8 161.7 164.7 163.8 161 157.8 156.9 161.1 163.8 165.2 169.3 174.9 178.3 180.7 181.6 181.5 180.2 178.3 177 178.3 180.4 181.5 182.1 181.4 180.2 177.3 175.8 173.5 171.2 169.2 167.2 165.1 163.8 160.7 156.9 150.5 141.1 130.4 125.5 127.3 140.4 147.4 153.1 155.3 157.8 159.2 161.7 163.9 166.1 168.7 172.7 178.1 182.7 187.4 189.4 189.1 185.1 179.5 172.8 166.6 162.4 160.1 158.4 156.9 157.1 157.7 160.6 162.1 160.4 159.2
171.6 169 166.4 162.8 158.8 153.8 147.3 143.9 153.5 159.6 161.6 159.4 157 153.5 154.2 158.6 159.1 161.2 166.6 172.1 175.7 178.2 179.2 178.2 176.9 175.2 173.9 175.7 178.3 180.9 182.6 182.6 181.8 178.3 174.7 171.7 169.2 166.3 165.9 164 163.1 159.2 155.5 149.8 139.7 129.6 125.4 128.1 142.4 151.7 155.4 156.8 158 158.9 159.7 161.3 162 165.4 170.6 176 182 187.1 189.8 190.5 187.9 183.7 178.7 174.1 168.5 165 164 162.8 162.8 163.7 167 167.6 165.3 163.1
174 171 167.3 163.9 160 154.8 148.4 143.7 151.8 156.2 157.3 155.2 151.8 150.5 152.3 154.4 154.8 158.3 163.8 169.5 173.4 176 176.4 176.2 175.4 172 170.2 172.5 176.2 179.9 182.1 182.2 181.4 176.6 172.5 167.8 164.7 162.7 162.5 161.7 160.9 158.6 153.7 148.2 139.5 129.4 124.6 128.7 144 152.3 155.7 156.1 156.3 156.2 156.2 156 158.2 162.5 168.2 174.2 181.2 186.4 189.5 191 190.1 187.3 183.4 179.8 176.1 172.3 171.4 170.1 169.7 171.4 171.2 169.7 166.3 163.5
174.2 170.2 166.9 162.9 159 154.7 149.3 143.6 144.9 153.5 153.7 151.9 148.1 147.3 148.3 150.2 154.4 160 165.4 169.4 171.5 173.3 172.9 172.1 171.1 168.6 166.8 170.5 174.5 178.4 181 182.5 180.7 176.5 169.6 164 159 157.9 158 158.6 158.1 156 152.3 146.5 139 129.2 123.6 129.4 145.1 151.8 153.2 153.3 152.4 151.8 152 152.7 156.5 161.3 166.5 173 179.7 185.8 190.4 192.3 191.7 188.9 187 184.2 181.2 179 177.1 175.5 173.7 173.6 172.2 169.9 166.1 161.7
174.7 169.1 165.4 159.3 155.7 151.7 147.3 143.1 142.4 149.1 150.4 147.7 145.1 143.7 145.7 150.4 155 160.6 164.7 168.3 169.8 169.8 168.3 167.8 167.3 165.1 163.6 166.8 170.6 176.6 180.4 181.8 180.4 175.4 168.4 161.7 155.2 152.7 152.9 154.2 154.6 153.3 150.2 144.6 138.2 128.9 123.1 131.7 144.8 150.4 151.1 150 148.2 147.2 147.5 151.4 154.7 159.6 165.1 172.2 178.9 184.6 190 191.1 191.6 190.6 187.5 185.3 182.7 180.9 179.7 178.1 176.2 175.1 172.8 168.9 164.4 158.7
175.1 169 165 160.6 156.2 151.7 148.4 144.4 140.3 142.3 144.2 142.9 141.1 140.1 145 149.8 154.5 159.2 163.4 165.3 166.9 166.1 164.2 163.5 163.6 162.5 161.6 162.1 169.1 176.1 180.9 181.7 179.7 174.1 168.1 160.3 153.4 148.8 148.2 149.7 150.7 149.5 147.4 142.6 136.5 127.1 122.4 134.9 144.7 147.8 147.1 145 143.2 143 146.3 148.8 152.9 158.6 164.2 170.9 178.2 184.5 189 190.5 191.4 189.2 186.5 183.7 181.9 181 179.6 177.8 176.3 174.7 171.6 167.7 162.3 156.1
