Game/Highland_Data/StreamingAssets/GeoData/Data/su/SU71.asc
ncols 200
nrows 200
xllcorner 470000
yllcorner 110000
cellsize 50
[rows 111 to 147 of 200, columns 0 to 81 of 200]
78.4 79.4 80.1 81.5 86.2 89.1 91.3 92.3 92.8 91.5 88.9 89.6 89.8 89.4 91.4 94.2 101.6 110.3 117.4 123.2 126.1 127.1 126.8 126 123.1 119.5 124 128.1 130 130.3 131.2 130.4 129 127.6 128.7 130.6 132 132.5 131.9 129 123.7 112.8 95.4 79.7 71 66.4 63.5 61.5 62.7 68.4 72.1 73.3 71.4 70.2 70 69.8 71.8 74.6 77.6 82.3 86.4 91.3 98.4 107.1 115.5 123.2 128.7 131.7 131.6 129.2 123.1 115.4 105.9 95.4 83.9 72.7 65.5 60.6 57 55.3 55.8 56
81.3 77.2 77.6 79.9 84.5 88.4 90.9 91.1 90.9 89.1 87.3 88.1 88.8 89.2 91.8 96.9 104.4 112.6 119.5 122.9 124.5 125.4 124.4 122.3 117.9 119.6 124.8 126.9 127.8 129.5 129.7 129 127.2 125 126.2 128 129.6 130.2 130.5 129.1 125.4 117.6 102 85.4 72.9 66.6 63.5 61.1 63.6 69.3 72.5 72.6 70.8 69 68.1 69.7 72 75.5 80.1 85.1 89.8 95.1 100.9 108.7 116.5 122.4 128.1 130.9 130.9 127.8 122.2 113.8 104.5 94.2 83.1 72.6 66.3 61.1 56.9 55 54.4 54.7
87.6 80.2 77.7 76.8 80.8 84.9 88.2 90 88.2 86.3 86.6 86.5 87.1 88.8 93.9 100.4 107.9 113.9 118.9 121.7 123.1 123 121.6 117.4 114.3 119.7 123.4 125.6 126.9 127.8 127.6 126.7 124.8 122.2 123.6 125.2 126.8 127.8 128.3 127.9 125.2 120.5 109.1 92.4 76 67.5 63.1 60.8 63.5 70.1 71.9 71.7 69.7 66.9 67.5 69.7 72.8 76.7 82.3 87.7 92.6 97.8 103.1 109.9 116.1 121.7 126.7 129.3 129.6 127.3 121.8 112.8 103.8 93.8 83.3 73.1 67.5 62.9 57.8 54.8 53.3 54.1
99.8 89.3 81.5 76.8 76.3 80.1 84.6 87.4 85.3 83 84.9 84.7 85.6 89.6 96.5 102.4 108.9 114.4 117.5 120 121.3 120.3 118.4 113.7 116.4 121 123.2 124.9 125 126.1 125.7 124.5 122.9 120.6 121.1 122.6 124.1 125.3 125.9 125.8 125.4 121.4 115.5 100.3 83.3 68.8 62.9 60.4 62.3 68.9 71.4 70.1 66.7 64.9 67.6 71.1 74.3 78.7 84.1 88.1 93 98.5 103.1 108.8 114.7 120.4 125 127.9 128.3 126 120.7 113.9 105.8 96.7 86.8 76.7 69.7 65.1 59.7 55.4 53.9 53.4
108.3 100.8 94.6 83.7 75.7 76.8 79.9 83.5 83.2 81.4 83.7 83.6 88.2 92.5 98.2 103.7 109.2 113.6 117 118.4 119.2 117.4 113.5 111.2 117 120.6 122.2 123 124.1 124.2 123.6 122.2 121 118.8 118.9 120.9 121.9 123 123.8 124.2 124.6 122.5 117.8 108.4 91.3 75.2 64.1 60.4 60.8 65.7 67.6 65.7 63.8 65.3 69.3 73 76.8 80.7 85 88.1 91.3 96.9 101.2 106.4 112.2 117.8 122.2 123.6 125.2 122.5 119.3 113.6 106.5 97.6 88.7 77.3 70.3 63.9 61.8 57 54.5 52.7
112.5 108.8 103.9 96.3 84.4 76.6 77.3 79.5 79.4 78.7 82.4 85.7 90.3 94.5 99 104 108.7 112.5 115.6 116.8 116.6 114.4 109 112.1 116.9 119.8 121.1 121.4 122.3 121.9 121.7 120.9 119 116.5 116.4 118.5 119.5 120.7 121.6 122 122.5 121.7 119.5 113.2 99.4 81.3 66.7 60.1 59.9 63.2 63.3 62.3 64.4 67.4 70.5 74 77.5 80.8 83.7 86.8 90.7 94.4 98.2 103.2 108.9 114.1 119.2 121.3 121.8 119.8 116.3 110.8 104.3 95.9 86.9 77.3 70.3 64.6 62.8 57.5 54.7 52.9
113.7 112.1 107.8 99.8 89.3 77.9 76.6 77.5 76.7 77.7 80.8 85.1 90.6 94.7 98.8 103 107.6 111.4 113.9 114.6 113.1 110.6 107 112 115.7 118.3 119.6 120.1 120.1 120.1 119.6 119.2 118 115.9 112.6 114.8 117.3 118.5 119.5 120 120.5 120.7 118.7 115.7 105.9 88.3 71.7 61.1 58.8 59.8 60.6 62.9 67.2 69.9 71.5 73.6 76.9 79.6 82 84.7 87.6 90.8 95.2 99.9 105.1 110.3 114.6 117.8 118.6 117.2 113.2 107 100.6 92.5 83.2 75 69 65.3 61.5 57 54.1 53.1
113.4 112.2 109 102.1 92.4 81.7 76.3 75.4 75.3 76.2 79.8 83.7 90.1 94.4 98.4 102.3 106.4 110.3 112.2 112.2 109.9 106.8 105.1 110.5 114.9 116.6 117.7 117.9 118.1 117.9 117.7 117.1 116.4 113.7 111.6 111 114.4 116.4 117.3 117.8 118.3 118.8 118.6 115.8 111 94.2 79.2 66 58.4 58.8 59.2 62 66.3 68.7 69.9 72.6 75.5 77.4 79.2 81 84.1 87 91.3 96.1 101.1 106.8 112.3 115.2 116.3 115.6 111.8 105 97.5 88.6 80.3 73.7 68.3 64.2 60.1 56.8 54.3 53
111.1 111.5 110.1 105.9 99.1 88.3 80 74.9 72.9 75.1 78.8 82.6 89.1 94 97.9 101.3 105.1 109 110.1 109.4 106.9 103.3 103.5 109.4 112.8 114.6 115.8 116.1 115.9 115.2 115.6 115.2 114.6 112 109.5 108.5 111.7 114 115.2 115.7 116.2 116.7 117.1 116.5 113 106.3 90.6 73.9 61 57.6 58.5 60.2 63.1 66.1 68.4 71.2 72.6 74 75.6 77.5 80.4 83.5 87.3 91.7 98.8 103.9 109.8 113.4 115 114.6 111.5 106.5 99.8 91.1 82.5 73.8 68.3 64 59.7 56.4 53.9 51.9
109.1 110.7 110.5 108.3 103.5 96.9 87.7 78.6 74.2 74 78.6 79.9 87.9 92.9 96.8 100.1 103.4 105.9 107.3 107 103.5 100.5 103.3 108.5 111.1 112.9 113.1 114.3 113.9 113.3 113 112.2 111.6 110 107.7 106.2 109.6 111.9 113 113.4 113.9 114.5 115 115.4 114 110.1 101.6 84 68.4 59.3 56.6 58 60.7 63.9 66.7 68.8 69.6 70.9 72.1 74.1 77.2 80.8 85.1 91.1 97.5 103.3 108.5 112.4 114.4 114.6 112 107.9 101.3 93.8 84.7 75.5 69.3 65.3 61.3 57.3 53.1 51.7
107.4 109.1 110 109.1 105.5 101.2 93.7 83.4 75.6 71 77.1 81 86.6 91.5 95.9 99.2 102.3 104 104.6 103.5 100.6 99.1 102.7 106.5 109.9 111.6 112.1 112.5 111.8 112 111 110.2 109.6 108.1 105.9 104.6 107.7 109.9 110.9 111.5 111.6 112.2 112.7 113.2 113.4 111.3 107.1 95 78.9 66 58.5 56.3 58.4 61.8 64.6 65.8 66.6 67.8 70.2 73.3 76.4 79.9 84.2 89.9 96.4 102.2 107.6 110.8 112.7 113.7 111.4 108.2 102.2 95 85.9 76.9 70.3 66.2 62.1 57.9 53.6 51.5
106.5 107.9 108.8 108.8 106.8 103.5 97.4 88.1 77.4 70.7 75.6 78.1 85.5 90.1 95 98.3 100.6 101.9 101.3 99.4 96.6 98.2 102.5 106.3 109 110.2 110.6 110.5 110.5 110.2 109.3 108.9 107.8 106.2 103.9 103.1 105.9 107.9 108.7 109.4 109.7 109.9 110.4 110.9 111.6 111.3 108.9 103.6 90.2 74.2 63.9 57.1 56.3 58.9 61.4 62.7 63.9 67.1 70.3 73.3 76.3 79.3 83.3 88.2 94.2 100 105.2 108.4 110.7 111.7 110.5 107.5 102.2 95.2 85.9 78 71.1 66.3 61.9 57.5 53.4 51.6
105.9 106.5 107.6 107.9 107.2 104.2 99.2 89.6 77.6 74.8 69.8 74.9 84.8 89.8 93.4 96.7 98.8 99.5 97.5 95.2 94.6 99.2 103.1 105.6 107.4 108.5 108.4 108.1 108.2 108.3 107.7 107.1 105.8 104 101.9 101.6 104 105.4 106.4 107.2 107.9 107.9 108.4 109.2 109.8 109.7 109.4 106.6 100 84.7 71.3 61.5 55.4 56.2 58.2 61.1 64.1 67.2 70.3 73.3 76 78 80.6 84.9 91.2 96.8 102 105.7 108.4 109.5 109.7 106.5 101.2 95 87.4 79.6 72 67.3 62.3 57.4 53.3 51.5
103.8 104.7 106.1 106.6 105.6 102.7 98.9 90.7 77.7 76 73.3 75.3 83.6 88.6 91.8 95 96.4 96.6 94.6 91.9 95.9 99.8 102.8 103.8 104.4 105 105.7 106.1 106.1 106.1 105.6 104.5 103.4 102.6 99.7 98.7 101.8 102.8 103.7 104.7 105.6 106.1 106.8 107.4 108.1 108.1 108.4 107.3 102.3 95.8 81.8 67.8 59.1 54.8 56.4 59.3 63.3 67.3 69.8 71.6 73.7 75.9 78 81.7 86.8 91.9 97 100.8 104.1 106.4 107.2 104.1 100.6 94.6 87.4 79.7 72.9 67.3 62.3 57.3 53.3 50.9
102.7 104.2 103.8 105 104.6 103 99.1 91.5 77.3 76.4 73 74.7 81.7 87.6 90.9 93.7 94 93.8 91.8 89.4 95.3 99 100.6 102 102.4 103.1 104.3 104.9 104 103.8 103.3 102.7 101.7 100.6 98.3 97.9 98.8 100.1 101.1 102 103.3 104.4 105.5 105.6 106.3 106.7 106.7 106.3 103.2 97.9 90.9 77.4 63 56.1 54.3 56.7 60.1 64.2 67.3 69.5 71.8 73.7 75.7 77.6 81.3 86.3 91.4 95.3 99.4 101.9 103.6 101.9 99.3 94 86.8 79.7 73.1 67.6 62.6 57.5 53 50.4
101.5 101.6 101.6 103.5 103.3 102.2 98.5 92.8 78.9 76.2 71.7 73.4 79.3 85.7 90 92.1 91.8 91.3 89.2 89.3 94.4 97.8 98.5 99.8 100.6 101.2 101.8 102.7 102.4 101.8 101.2 100.5 99.9 99.3 97.2 96.2 97.2 97.4 98.8 100 101.4 102.7 103.3 104.1 104.8 104.7 103.9 103.1 102.5 99.7 94.8 87.9 72 58.7 54.8 54.1 56.4 60.4 63.9 67.3 68.9 70.6 72.2 73.9 76.4 80.9 85.9 90.6 95.2 99 100.5 100.2 98.2 93.6 86.3 78.5 72 67.5 63.2 58.3 52.9 50.8
99.5 100.8 100.9 101.7 101.7 100.7 98.5 93.4 83.2 75.7 69.8 71 78.2 84.2 88.3 89.8 89.3 88.5 86.8 90.1 94.1 96.5 97.2 97.8 98.9 99.3 100.3 100.7 100.3 100.2 99.8 99.3 98.9 97.8 96.4 94.1 93.5 94 95.2 96.7 99.8 100.9 101.8 102.7 103.5 103.1 102.4 102.2 102 101 97.3 91.5 83.2 66.9 57.2 53.7 53.5 56.6 59.9 63 65.5 67.2 68.7 70.4 72.3 75.5 80.4 86.2 91 95.5 97.6 98.3 96.8 91.6 85.2 77.2 70.7 66.3 62 57.9 53.1 49.9
97.1 98.3 98.3 98.8 99.1 98.6 97 93 85.5 75.1 71.1 69.9 75 81.4 86.4 87.8 86.8 85.8 84.8 90.7 93 95.1 95.4 96.2 97.2 98.1 97.8 98.2 97.7 98.1 97.9 97.6 97.1 95.4 95.3 93.5 91.5 91.1 92.8 96.1 98.8 99.8 100.6 101.3 102.1 102 101.8 101.6 101.4 101 98.8 95.3 89.2 77.7 64.6 56.6 52.9 53.2 55.7 58.8 61.9 63.7 65.3 66.9 68.8 71.1 74.8 80.9 87.2 91.2 94.6 94.9 93.7 90.3 83.8 75.7 70.2 64.9 60.8 56.3 51.9 49.2
94.8 95.4 95.8 96.5 97.3 96.8 95.9 93.4 87.3 74.4 72.3 68.6 71.6 78.6 83.9 85.7 84.5 84.1 85.9 90.6 92.6 92.7 93.3 94.7 94.8 95.2 95.6 95.7 95.8 95.9 96 95.8 95.5 94.8 94.3 92.8 90.6 89.7 92.7 96 97.8 98.9 99.5 100 100.5 100.4 100.4 100.3 100.2 100.1 100.2 98.6 95.3 88 77 64.1 55.8 52.6 52.7 55.8 58.5 60.6 62.4 63.5 65.2 68.3 72.8 79.2 85.1 89.5 92.3 92.1 90.2 88.3 81.7 74.5 68.1 63.6 59.7 52.3 50.5 48.6
92.6 92.9 93.3 94.8 94.7 94.5 94.3 92.1 89.3 73.8 75 69.6 70.1 76.5 81.7 83.4 82.6 81.6 85.1 88.9 91.4 90.7 91.4 92 92.5 93.1 93.6 93.7 93.4 93.9 94.1 93.9 93.2 93.5 93.1 92.3 89.5 88.3 91.7 95.6 96.7 97.4 98 98.5 98.8 98.8 98.7 98.6 98.5 98.8 99.4 99 97.4 93.3 86.8 73.6 61.8 55.6 52.5 52.5 55 57 59.1 60.6 63.4 67 71.9 78.1 83.2 86.6 88.9 89.4 88.7 84.6 78 72 66.8 62.3 58.6 52.6 49.6 47.7
90.2 90.7 91.6 91.5 92.1 91.9 91.6 91.4 89.9 73.4 77.6 70.3 68.6 74 79 81.4 79.6 78.9 84.6 87.8 88.6 89.1 89.8 90.1 90.5 91 91.5 91.8 91.5 91.1 91.7 91.8 91.8 91.8 91.7 90 88.2 87.8 91.7 94.3 95 95.7 96.3 96.9 97 97 97 97 96.9 97.5 97.5 98.1 97.5 95.9 91.6 83.8 72.1 60.9 54.4 51.4 51.9 54.3 56.6 59.2 62.9 66.5 71.1 76.5 80.2 83.1 85.1 85.7 85.2 81.2 75.4 70.1 65.6 61.2 57.4 53.7 49.3 47.4
88 89 89.9 89.7 89.7 89.6 89.6 89.5 88.4 72.9 77.9 71.3 66.8 71.6 76.7 78 77.1 79.3 83.2 86.9 87.5 87.6 88.2 88.2 88.4 88.9 89.4 89.8 89.5 89.2 88.9 89.3 90.2 90.9 90.1 87.9 86 87.2 91.3 92.8 93.3 93.9 94.5 95.1 95.6 95.4 95.3 95.3 95.6 96 95.7 96.3 96.4 96.5 94.8 90.3 80.7 69.4 58.8 52.1 50.8 52.3 54.7 58.3 62.3 66.3 69.9 73.4 76.3 78.9 80.8 81.3 80.9 78.3 73.2 68.3 64 60.2 56.6 53.2 48.4 46.3
86.1 87 87.8 88.5 87.7 87.6 87.3 86.4 86.4 72.5 78.9 68.6 66.6 69.6 73.8 74.7 75.6 78.3 81.8 85.9 86.5 86 86.4 86.3 86.4 86.9 87.3 87.8 87.6 87.3 87 88.1 88.7 89.3 88.7 87 84 85.5 89.4 91.2 92.2 92.2 92.8 93.3 93.7 94.9 94 93.9 94.5 94.6 94.1 94.6 94.8 94.6 95.6 93.3 87.1 77 65.1 55.1 50 50.3 53 57.1 61.1 65.1 68.4 70.8 73 74.9 76.3 77.4 76.8 74.3 71.1 66.5 62.4 58.9 55.2 51.8 47.5 45.8
84.2 85 85.6 86.5 85.9 85.3 85.7 85.4 84.8 72.1 77.5 71.9 67.4 67.8 71.1 73.9 75.6 78.5 81.7 84.9 85.3 84.5 84.5 84.4 84.3 84.8 85.3 85.8 85.7 85.3 85.6 86.6 86.6 87.7 87.2 86.2 83 84.3 86.9 88.8 91 90.5 91.1 91.4 91.8 92.2 93.6 93.3 93.6 93.1 92.5 92.7 92.5 93.5 94.4 94.2 91.5 82.8 71.4 60.3 51.2 49.3 51.2 55.4 59.6 62.7 65.2 67.4 69.6 70.7 71.9 73.2 73.4 72.2 68.9 64.6 60.8 57.8 50.4 49.1 45.7 46.2
82.9 83.5 83.6 84 84.1 84.3 84.2 83.8 82.6 71.6 77.9 71.5 67 66.8 69.5 72.4 76.1 79.3 82.3 83.6 83.9 83.2 82.6 82.5 82.3 82.8 83.3 83.7 83.7 83.5 84.1 85.1 85.3 85.8 85.5 84.8 81.8 82.7 84.9 87.7 89.1 89.6 89.4 89.8 90.2 90.9 91.6 91.8 90.8 90.8 91.1 91 90.9 91.7 92.8 93.6 90.6 87.2 79.1 68.6 56.1 50.2 47.5 51.5 55.1 59.3 61.7 63.6 65.4 66.6 67.8 69.6 70.6 69.4 66.9 63.1 59.3 56.2 49.7 48.3 45.4 45.8
81.3 81.5 82.7 81.4 82 81.6 82 80.7 81.6 71.2 75.6 70.8 67 66.4 68.8 72.4 76.9 79.3 81 82.2 83.1 81.9 81.4 80.9 80.4 80.7 81 81.5 81.8 81.7 82.3 83.3 83.9 84.2 84.1 83.5 80.6 80.7 83.2 86.9 87.5 87.7 89.4 88.1 88.4 89.4 89.9 90 90.1 89.6 89.1 89 89.4 90.3 91.4 92.4 90.5 88.4 83.9 75.4 64.7 53 49.4 49.2 50.5 54 56.8 59 60.9 62.5 64.1 65.9 67.2 66.7 64.4 61 57.5 53.5 50.3 47 45.9 45.7
78.7 79.7 80 80.5 80.9 80.8 81.2 80.3 79.5 70.7 73.1 69.9 67 65.4 68.9 73.5 77.2 78.4 80 81.4 81.3 80.5 79.8 79.3 78.8 78.4 78.7 79.3 80 80.1 80.6 81.6 82.2 82.6 82.5 81.9 79.1 79.6 82.7 85.4 86.2 86 87.7 87.2 87 86.6 88 88.3 87.4 87 86.7 87.2 88 88.6 89.4 90.6 91 89.2 87.3 81 72.7 62 54.5 51 46.6 48.5 50.8 53.2 55.6 57.8 60.1 62 63.1 63.3 62.1 59.3 55.7 52.5 48.3 46 45.2 45.6
77 78.4 79.2 79.7 81.5 82.7 82.7 81.4 79.1 70.2 74.8 70.9 66.7 65.1 68.7 73.9 77.3 78.6 78.3 78.4 79.6 79.1 78.4 77.8 77 76.5 77 77.8 78.3 78.5 79 80 80.6 80.9 80.7 80.3 78.1 78.4 82.2 83.8 84.6 84.7 85.2 85.1 84.9 85.3 85.3 85.9 85 85 85.3 85 86.2 87.2 87.6 89.4 90 89.4 89 85.6 79.2 71.2 62.3 54.2 49.5 45.3 46.9 48 49.3 51.7 54.8 56.8 58.8 59.9 59 56.9 53.3 49.7 45.7 44.8 44.3 46.4
76.5 77.2 79.1 81.5 83.3 84 83.7 82.5 79.5 69.7 73.5 70.5 66.4 64.7 68.6 73.6 76.8 77.6 77.1 76.6 76.5 77.1 76.7 76.1 75.5 75.4 76 77 77 76.9 77.5 77.9 79 79 78.7 78.3 77.1 76.7 80.9 82 82.4 82.5 82.9 83.1 83.2 83.4 83.6 82.9 83.3 82.9 83.7 82.4 83.5 85.5 86.9 87.4 88.4 89.5 89 87.2 84.4 78 72.3 65.5 58.5 52 47.1 45.1 45.8 46.8 48.6 50.6 53.4 56.3 55.4 54.3 50.6 47 44 44.6 44.7 48.8
76 78.6 81.5 82.8 83.2 84 83.6 82.2 77.3 69.3 73.4 69.8 66.1 64.1 67.7 74 75.7 76.3 76.1 75.5 75 74.5 74.5 74.3 73.6 74.1 74.9 75.5 75.5 75.4 75.5 75.9 76.4 76.9 76.6 76.5 75.6 75.1 79 80.1 79.8 80.9 80.8 80.5 80.8 81.2 82 82.6 82.3 82.4 82.3 81 81.8 83.3 85.1 86 87.4 87.7 87.8 87.3 86.4 83.7 79.5 74.8 70.4 64.5 57.1 51.3 47.2 44.8 45.6 45.9 48.3 51.8 52.4 51.6 48.8 42.7 43.1 44.9 46.3 55.1
77.6 80.2 82.3 82.6 82.5 83.1 82 81.4 76.5 68.8 73.5 69.9 65.9 64.9 66.8 72.7 74.3 74.3 73.8 73.6 73.1 72.9 72.9 72.5 72.2 73.3 73.8 74.3 74.4 74.3 74.3 74.7 75.1 75.6 74.8 74.6 74.6 75.4 77.3 78.4 78.6 78.5 79 78.6 78.8 79.4 79.2 80 80.7 80.9 80.8 79.7 80.3 81.6 83.1 85 85.4 85.8 86.2 86 85.5 84.3 81.9 80.9 77.9 74 68.5 62.7 55.9 49.4 45.6 44.7 44.9 47.4 49.3 49.2 47 43.4 43.4 44.9 49.5 59
79 80.6 81.8 82.2 82.1 81.5 81.9 80.7 74.9 68.2 74.7 71 66.3 63.7 63.9 70.5 72.5 73 72.6 72.1 71.8 71.6 71.6 70.9 71.6 72.1 72.6 73.2 73.4 73.1 73.3 73.5 73.8 74.3 73.8 72.4 72.9 75.1 75.6 76.5 76.9 76.9 76.9 77.4 77.1 77.5 78.4 78.6 79 79.4 79.3 78.5 78.9 79.9 81 82.3 83 83.7 84.3 84.5 84.1 83.3 81.7 81.1 79.8 78.6 75.8 71.2 65.6 58.8 51.1 46.7 44.9 44.7 45.3 46.1 45.2 43.8 43.1 45.2 53.3 61.5
79 79.9 81 80.4 79.2 78.4 78.1 78.1 74 67.6 75.8 71.6 68 63.8 63.4 66.7 70.7 71.7 71.5 71.2 70.6 70.7 69.6 69.2 69.9 70.6 71.4 72 72.3 72 72.2 72.4 72.7 73 72.8 71.4 72 74.5 74.7 75.2 75.5 75.4 75.6 75.7 76.1 76.5 76.5 77.6 77.2 77.4 77.8 77.2 77.6 79.3 79.7 80.2 81.6 82.2 82.7 83 82.7 81.9 81.2 80.4 80.2 80.2 79.1 75.6 72.7 67 59.3 51.3 45.6 43.4 43.6 43.8 43.3 42.6 43.4 47.2 55 61.8
79 79.7 78.1 77 76.1 77.2 77.4 77 72.6 66.8 76.5 74.9 70.1 64.2 62.2 64.3 65.8 70.3 70.6 70.4 69.4 69.2 68.3 67.8 68.2 68.9 69.7 70.5 70.8 71 71.2 71.4 71.6 71.8 71.9 71.7 71.6 73.1 73.5 73.8 74.1 74.5 74.5 74.9 75.4 75.4 75.3 75.8 75.9 76.3 76.2 76.1 76.4 77.1 78.3 78.4 80.1 80.7 81.1 81.3 81.3 80.6 79.8 79.4 79.5 79.6 79.7 78.2 75.1 72.8 68 60.9 52.2 45.2 43.3 42.6 42.1 42.1 43.1 47.3 56.2 61.3
79.3 76.7 74.7 74.1 74.8 75.6 76.9 76.9 71.5 66.3 76.6 75.1 72.1 66.1 62.4 62.4 60.3 69.2 69.5 69.7 68.6 68.8 67.5 66.5 66.4 67.6 68.6 69 70.3 70.4 70.6 70.7 70.9 71 70.4 69.2 70.3 72.3 72.4 72.4 72.5 73.3 74 74 74.6 74.1 74 74.2 74.1 75.2 75 75.2 75.2 75.6 76.3 76.9 77.8 79.1 79.4 79.6 79.9 79.3 78.7 78.8 78.9 79 79.1 79.1 77.5 75.5 73.2 68.7 62.1 54.3 47 43.6 42.7 42.2 43 48.2 55.5 60.3
75.8 72.8 71.8 73 73.9 74.9 75.7 76 70.3 66.3 76 75.1 74 69.4 63.7 61.7 63 66.8 68.2 68.1 68.7 68.2 67 65.2 65.9 67.2 68 68.4 68.7 69.1 69.6 70.2 70.3 70 68.2 67.8 70 70.8 71.3 71.5 71.9 72.7 72.8 73 73.8 72.9 73.2 73 73.3 72.7 73.6 73.7 73.4 74.2 75 76.1 76.7 77.9 78.1 78.3 78.4 77.9 78 78.1 78.2 78.3 78.4 78.3 78.3 78.6 77.4 74 69.7 62.7 50.5 44.5 42.6 41.5 42.5 47.6 53.7 58.8
72.3 70.4 71.6 72.5 72.8 71.8 73.3 73.6 68.9 65.7 75.5 75.2 74 72.7 65.9 61.7 60.8 64.1 66.9 67 68 67.4 65.7 64.1 64.7 66.5 67.8 67.5 67.8 68.4 68.7 69.1 69.4 67.9 66 67 68.4 69.6 69.9 70 70.4 71.6 72.1 72.1 72.1 72.3 72.3 71.8 71.7 71.7 71.7 71.7 72.2 73.3 74.1 74.8 75.4 76.7 76.9 77 76.9 77.1 77.3 77.4 77.5 77.6 77.7 78.4 79.2 80 80.5 78.2 73.7 67.4 56.8 46.9 42.1 41.1 42.4 46.5 51.7 56.6
