Game/Highland_Data/StreamingAssets/GeoData/Data/su/SU79.asc
ncols 200
nrows 200
xllcorner 470000
yllcorner 190000
cellsize 50
[rows 0 to 34 of 200, columns 78 to 155 of 200]
113.1 113.4 112.7 111.5 110.6 111.3 112 112 111.3 112.4 113.3 114.2 115.1 116.1 117 118.3 119.6 120.5 121.4 122.1 122.6 123.1 123.7 124.9 126.4 127.7 128.7 129.9 128.6 128.7 128.4 126 124.1 124.1 124.1 129.6 130.1 137.1 138.2 129.7 123.7 119.8 119 128.9 166.6 183.1 199.1 216.4 233.2 240.4 242.8 243.8 244.7 245 244.1 241.6 239.5 237.5 234.9 234 232.4 231.7 234.7 237 239.7 240.5 239.9 239.7 238.7 236.1 233.2 232.7 229.3 225.5 221.1 215.9 208.1 197.8
113.6 113.7 113.2 112 111.9 111.4 112.1 112.2 111.7 112.1 113.2 114.5 115.5 116.3 117.6 119.7 120.4 120.9 121.5 123.1 123.8 124.3 124.9 126 127.1 128.4 130.1 129.4 129.3 129.3 127 124.1 124.1 124.2 123.5 131.2 138.3 143.1 130.5 119 119 119 119 153.3 169.5 187.5 204.1 219 232 240.5 243.2 244.6 245.2 244.7 243.4 240 236.9 233.1 228.6 224.2 221.7 220.8 223.8 229.2 233 234 233.5 232.2 230.7 228.3 225.9 223 219.9 216.3 212 206.6 200.1 192.1
113.9 113.9 113.5 112.6 113.3 112.8 112.3 112.4 112.6 113.6 114.5 113.9 115.2 116.4 118.9 120.1 120.7 121.3 121.9 123.3 124.9 125.5 126.1 126.8 127.9 129.3 130.3 128.7 129.5 129.5 129.3 124.1 124.1 122.1 123.2 133.7 142.8 129.4 119 119 119 119 134.4 166 173.7 195.3 211.9 226.2 236.5 242 244.3 245.3 245.2 244.7 243.2 241.5 237.7 234.3 230.1 223.9 216.8 210.4 212.5 218.8 224.8 224.3 222.5 220 217.9 214.6 211.8 209.4 207 204.1 200.5 195.7 189.9 185.7
114.1 114 113.6 114.3 114.8 114.2 113.7 113.3 113.6 114.5 114.9 115.3 115.8 117.7 119.3 120.5 121.1 121.7 122.3 123.4 125 126.6 127.3 128 129.1 130.2 129 129.2 129.3 121.2 125.8 124.1 124.1 124.1 128.3 140.5 130.7 119 119 119 119 130.7 154.7 169 182.6 201.5 219.6 232.3 239.6 243.9 245 245.8 245.4 243.7 242.1 239.9 237 234.3 231.5 228.5 220.4 213 204.7 207.9 212.6 211.7 209.7 207.2 204.4 201.1 199.2 197 194.6 192.8 189.7 184.8 180.8 178.2
114.6 114.4 114.3 114.4 114.6 115.2 115.1 114.8 114.6 114.9 115.3 116.1 116.8 118.2 119.7 120.8 121.4 122.1 122.7 123.6 125.2 126.8 128.1 129.1 129.8 129.5 129.4 128.9 122.1 120.9 122.4 125.4 124.1 128.1 136.8 131 119 119 119 119 129.4 150.1 166.4 172.9 188.3 206.4 225.7 235.8 241.8 244.6 245.2 245.7 244.3 242.6 239.8 235.7 231.8 228.2 224.9 221.4 217.2 211.5 204 198.3 200 199.1 197.3 195 192.3 190.2 188.2 186.4 184.5 182.7 179.5 177.8 176.4 174.4
115.5 115.7 115.2 115.3 115.5 116.3 116 115.5 115.2 115.6 117.4 117.6 118.4 118.8 120.2 121.1 121.7 122.4 123.1 123.7 125.3 126.7 127.6 128.7 129.9 129.8 128.2 120.4 120.4 121.1 125.9 127.8 126.8 135.7 131.2 119 119 119 119 129.8 152.5 159.8 170.7 183.4 196.3 214.2 230.2 238.1 243 245 244.8 245.3 243.5 240.7 235.4 229.7 223.7 220.7 215.6 211.5 208 203.7 198.2 194.4 192.6 190.8 189 187.1 185.1 185.2 181.2 179.9 179 179.3 177.1 175.6 173.7 172.5
116.5 116.9 116.8 116.2 116.6 117.3 117 116.4 115.9 117.1 119.4 120.7 120.1 120.4 120.6 121.4 122.1 122.7 123.4 124 125.2 126.2 127.2 128.3 130.1 129.3 120.4 120.4 120.4 123.1 125.7 128.2 134.3 132.5 119 119 119 119 133.5 151 158.6 167.2 181.5 196.1 210 224.6 235 241.1 244.9 246.7 246.2 245.1 243 240.7 239 235.6 230.6 223.3 215.3 210.7 207.9 205.1 201.9 198.5 196.1 193.3 191.6 190.3 189 187.3 186.1 185.3 183.1 181.1 178.8 177.3 175.5 174
117.4 117.8 118.2 117.4 117.7 118.4 118.1 117.7 117.6 117.4 119.6 119.8 120 120 120.7 121.6 122.3 123 123.6 124.3 125.6 126.7 127.8 130.3 129.6 123.5 120.4 120.4 120.4 120.4 124.2 135.5 133.1 121.7 119 119 127.3 144.8 153.5 162.5 170.4 180.5 194.4 209.4 222.3 231.4 238.7 243.2 246.6 248.1 247.7 246.4 245 243.6 243.7 240.5 236.1 230.4 221.6 219.8 216.4 212.6 209.5 206.4 203.9 202.7 201.5 200 198.5 196.8 194.2 192.4 189 185 182.9 181.2 181 179
118.3 118.6 118.2 118.4 119 119.5 119.5 119.4 119.3 119.4 119.4 119.3 119.3 119.5 120.6 121.7 122.5 123.2 123.8 124.7 126.3 127.5 130.2 130.7 125 120.4 120.4 120.4 120.4 120.9 134.1 138.6 119 125.9 119 133.1 152.4 158.2 165.1 173.7 183.9 194.9 208.4 221.5 230.5 237 242.5 245.6 248.2 248.8 248.3 247.4 246 245.8 245.4 243 240.6 235.6 232.1 229.2 224.6 220.8 217.7 215.8 215.5 214.3 212.5 210.9 209.4 207 204.2 201.5 198.5 195.6 192.5 191.7 190.6 188.8
119 119 119.2 119.9 120.4 120.4 120.3 120.3 120.2 120.8 121 120.9 120.8 120.6 120.6 121.6 122.6 123.4 124 125.3 126.9 128.8 130.9 130.9 125 120.4 120.4 120.4 120.4 133.2 143.2 120.4 119 123.5 142.3 157.6 166.5 172.1 179.8 188.1 198.2 207.9 219.3 231.2 237.7 242.7 246.2 248.5 249.6 249.1 248.2 247.7 246.7 246.3 245.5 244.8 243.1 240.7 237.9 235.9 232.2 229.4 227 225.1 224.9 225 223.7 221.9 220 217.2 214.3 211.5 209.5 210.3 208.4 205.9 205.1 202.9
120.1 120.1 120.7 121.2 121.1 121.2 121.2 121.1 121 122.1 122.5 122.4 122.4 122 121.8 122 122.5 123.6 124.2 125.9 127.7 129.9 131.1 128.8 125.5 120.4 120.4 120.4 129.4 145.6 121.5 119 132.7 153 161 170.1 180.1 187.4 194.6 203 211.8 220.3 230.3 239.4 243.7 246.6 248.8 249.3 249.4 248.8 248 247.4 246.7 245.9 245.2 244.5 244.1 243.1 242.2 240.4 238.1 235.4 233 230.9 230.5 231.5 231.3 229.4 228.7 226.5 224.1 221.4 219.1 219.1 219.1 218.2 217.2 215.8
122.1 121.6 122 121.9 121.9 122 122 122 122.3 123.5 124.1 124 123.9 123.5 123.2 123.1 123.3 123.7 124.4 126.4 128.4 130.3 132 127.9 120.4 120.4 120.4 127.3 144.5 143.2 119 142.2 157.1 164.5 174 184.9 195.2 202.8 209.7 217.5 223.6 231 239.2 244 246.4 248.1 249.1 248.9 248.3 247.7 246.5 246.3 246 245.3 244.9 244.7 244.2 243.2 242.6 242.6 242.3 241.2 239 236.7 236.2 236.4 235.7 235 234.4 233.4 231.6 229.4 228.6 228 227.7 227.1 224.8 223.9
120.4 122.6 122.8 122.7 122.8 122.8 122.9 122.8 123.6 124.8 125.6 125.5 125.3 124.9 124.6 124.5 124.3 124.6 125.2 126.5 128.1 129.9 132.2 126.7 120.4 126.3 138.4 145.7 149.6 154.9 155.2 161.1 168 179 189.4 199.7 208.5 216.2 222.8 229.7 235.1 240.1 245.2 247.1 248.2 248.5 248.1 247.7 247.2 246 244.6 244.1 244.1 245.1 245.2 245 244.2 244.1 243.9 243.4 243.7 242.8 241.9 240.2 239.6 238.7 237.9 237.2 237.8 237.5 236.5 235.1 234.1 233 231.5 231.1 230.7 229.9
119.7 122.3 123.5 123.5 123.6 123.6 123.7 123.8 125 126.1 127.2 127.1 126.7 126.3 126 125.9 125.7 125.7 126.4 127.1 128.8 130.5 130.9 120.4 128.7 140.4 146.1 150.1 155.3 162 168.5 174.9 182.6 192.8 201.8 210.6 219.5 226.4 231.7 236.7 240.8 245.1 247.4 247.8 248 247.6 247.1 246.6 245.5 244.1 242.8 242.1 242 243.9 244.6 244.9 244.5 244 243.4 243.1 242.8 242.7 241.8 241.3 240.8 240 239 238.9 238.3 237.8 237.4 236.7 236 234.7 232.9 232.6 232.7 232.2
119.8 122.2 122.5 122.5 123.1 123.7 124.4 125.2 126.3 127.5 128.6 128.6 128.2 127.8 127.4 127.2 127.2 127.3 127.3 129 130.8 132.6 134.4 134 141.2 144.5 149.3 154.5 162 171.3 180 188.2 197.3 205.2 213.5 220.9 229.2 234 237.6 240.2 244 246.2 247.3 247.4 246.7 246 245.4 244.6 243.5 242 239.8 236.4 238.4 241.6 243.7 244 244 243.4 243.1 242.6 241.5 241.3 241.2 240.7 240.4 240.1 239.6 239.1 238.7 238.3 237.6 236.7 235.8 235 234.1 233.6 233.3 232.9
118.8 119.6 120.4 121.1 121.8 122.8 124 125.3 126.9 128.6 130 130 129.6 129.2 128.8 128.8 128.9 129.2 129.4 131 132.9 135.9 138.2 141.3 143.9 147.3 152.1 159.9 171.4 181.8 192 201.3 209.9 217.3 223.9 231 235.9 239.3 241.6 242.7 244.7 245.3 245.8 245.7 245 244.3 243.5 242.6 241.2 238.9 234.8 230.6 235.5 239.4 241.7 242.6 243.3 243 242.4 241.3 240.3 240.2 240.3 240.2 239.5 238.8 238.3 237.9 237.4 237 236.3 235.6 233.9 232.4 230.9 230.4 231.4 231.2
118.4 119.3 120.2 121.2 122.2 123.1 124.1 125.3 126.5 128.2 130.1 130.9 130.5 130.2 130.5 131.4 131.7 131.8 131.8 133.8 137 142.1 145.2 147.5 149.6 151.2 155 163 175.3 189 201 212 220.6 227.5 232.6 237.3 240.2 241.6 241.9 243.2 243.4 243.9 244.1 243.2 242.5 241.8 240.8 240 237.3 232.8 228.4 225.1 231.6 236.5 239.5 240.4 242.4 242.1 240.5 239 237.8 238.2 238.7 238.4 237.4 236.6 235.1 235.5 235 234.4 234.4 233.6 231.3 228.8 227.4 226 227.4 226.7
119.1 119.9 121.1 122.1 123.1 124 124.9 125.8 126.6 127.8 129.9 131.7 131.8 132.1 132.4 133.6 134.3 134.3 134.5 137 141.7 147.8 151.4 153.2 154.7 156.3 158.6 166 177.9 191.9 206.7 220.2 229.2 234.7 239.1 241.3 242.1 241.9 242 241.6 242.2 242.5 241 240.1 239.6 239 237.6 235.9 232.4 226.6 222.2 220.7 227.2 233.6 237.9 240.8 241.2 239.6 237.3 235.2 233.6 234.7 235.9 236.1 235.4 234.2 231.5 230.7 231 231.8 232 230.1 227.6 223.6 221.6 220.2 219.8 220.8
119.7 120.8 121.9 123 124 124.9 125.8 126.7 127.6 128.8 129.2 130.9 132.2 133.1 134 135.8 136.7 136.6 137.4 139.7 144.1 151.5 154.8 156.8 158.7 160.3 163.4 167.7 178.6 193.3 207.9 222.2 232.7 238.9 242 243.1 242.3 241.6 241.1 239.7 239.1 238.7 237.5 236 235 233.9 232 230.1 226.2 220.5 216 216.3 222.6 229 233.9 238 238.7 236.2 233.2 228.8 225.7 227.4 232.4 234.2 233.2 230.1 226.1 224.3 226 227.2 228.1 226.1 220.1 215.6 210.4 208.3 208.1 209.1
120.5 121.6 122.8 123.9 124.9 125.8 126.7 127.9 129.1 130.3 131.9 131.6 131.6 132.6 134 136.2 137.6 138.7 139.9 142 147.4 154.4 156.9 158.7 158 159.3 162.9 169.1 176.6 191.1 206.1 220.3 232.6 240.1 243.3 245 244 243 242 239.6 235.8 232.5 230.3 228 226.5 225.1 223.7 221.5 218.6 214.4 207.6 210 214.6 221 228.2 230.7 232.8 231.3 228.1 222.5 216.8 220.6 226.6 230.9 229.9 225.4 218.6 215.3 217.7 221.5 223.1 221.3 213.3 204.3 198.8 195.8 195.6 196.3
121.3 122.5 123.6 124.8 125.8 126.9 128.1 129.3 130.6 131.8 133 133.6 133.1 132.9 134 136.2 138.1 139.2 140.4 143.7 149.4 154.8 158.6 157.9 156.5 158.3 161.9 166.8 173.9 187.8 202.9 219.4 232.2 240.5 244.5 246.6 245.9 244.9 243.5 240.6 235.9 231.3 226.6 223.5 220.9 218.7 215.4 212.7 208.5 206.4 201.8 202.6 205.2 214.5 222.1 222.1 224.8 224.6 221.7 215.8 209.3 213.5 219.9 226.1 227.1 222.4 213.7 206.5 209.3 216.3 220.1 217.6 209.2 197.5 189.7 185.7 184.6 189
122.1 123.3 124.4 125.5 126.8 127.9 129.2 130.4 131.6 132.9 134.2 134.9 134.3 134.2 134.1 136.3 137.8 138.3 140.1 143.6 149.4 154.8 157.8 156.4 155.2 157.3 160.9 165.4 172.4 185.1 202.1 218.9 231.8 240.6 245.9 247.6 246.7 245.8 244.7 243.1 240.1 236.1 231.7 227.8 223.5 219 214.6 210.7 207.7 204.6 199.6 197 197.1 205.2 213.3 212.2 214.4 214.1 212.9 207.4 202.5 207.2 214.1 219.9 222.7 218.1 210.8 201.5 202.1 211.3 214.9 212.6 206.1 196.6 187.8 180.1 177.4 182.4
122.9 124 125.1 126.3 127.7 128.9 129.9 131.1 132.4 133.7 135.4 135.8 136.7 137 136.7 136.6 137.8 137.8 139.5 142.5 148.5 153 155.5 154.9 154.2 156 159.5 164.5 171.5 185.4 202 218.4 231.3 241 246.6 247.6 246.8 245.9 245 244 242.7 240.6 237.1 233.4 229.1 224.6 220.7 218.8 216.4 211.5 206.1 201.4 197.1 195.7 197.9 198 202.5 202.5 202.5 198.7 196.7 201.6 208 214 217.2 213.5 206.2 197 194.9 204.4 209.8 208.5 202.4 194.7 186.2 178.4 173.6 179.8
123.6 124.7 125.9 127 128.6 129.9 130.9 132 133.1 134.5 136.3 138 139.8 140 139.4 138.4 138.4 139 139.7 141.3 144.1 147.6 150.4 151.1 151.9 154.6 158 162.7 171.9 186.2 201.5 216.5 229.9 240.8 246.6 246.5 246.9 246 245.1 244.2 242.7 242.2 240.5 238.2 234.3 230.7 229.3 228 225.1 220.6 214.5 208.2 201.9 195.9 190.4 187.5 190.2 192 192.4 189.5 186.7 190.4 199 206.8 210.4 208.6 202.5 192.9 189.1 198.3 204.3 203.7 198.6 190.8 183 175.8 172 177.8
124.7 125.5 126.6 127.9 129.5 130.9 132 133 134.1 135.4 137.4 139.3 141.1 142.4 141.9 140.6 140.5 141 141.5 142.5 144.1 146.3 148.6 149.6 152.1 156.5 160.7 164.8 173.2 186.3 201.9 216.3 228.8 239.3 244.3 246 246.5 246 245.1 244.2 242 241.7 240.9 239.7 236.1 233.9 233.3 232.1 229.8 225.7 218.8 213.8 207.1 200.1 194 188.5 185.5 183.5 184.3 183.5 181.4 182.5 189 197 201.6 201.9 198.7 190.3 183.1 191.4 198.5 198.8 194.7 187 179.1 171.9 169.7 179.9
125.7 126.3 127.4 128.7 130.4 131.9 133 134 135.2 136.5 138.4 140.4 141.4 142.5 143.4 142.6 142.3 143.3 143.8 145 146.6 148.6 151.7 152.9 153.4 156 160.2 166.1 175.6 188.5 203.1 215.9 227.9 237.2 242.9 245.6 246 245.7 245.1 243.6 242 241.2 240.1 239.3 239 236.8 236.9 234.7 232.6 228.9 223.1 218.2 211.8 204.9 198.8 193.1 189.1 184.9 181 178.5 177.4 177.2 179.1 184.7 188.7 190.1 191.7 186.5 179.3 184.8 192.3 194.6 190.3 182.9 175.4 167.9 167.8 176.8
126.8 127.3 128.1 129.6 131.2 132.9 134 135.2 136.3 137.5 139.5 141.4 141.9 142.8 144.3 144.7 144.6 146.3 146.6 147.5 149.3 151.4 153.7 155.8 156.5 158.3 162.4 170.4 182.4 195.8 207.4 216.9 227 235.4 242.3 244.8 245.4 245.1 244.8 243.2 241.6 239.9 238.8 238.5 237.8 237.8 237.6 236.6 234.9 230.8 226.7 222.5 218 212.1 205.7 199.3 195 191.9 187.7 182.4 176.8 174.2 173.3 173.3 175.5 177.6 180.3 178.8 174.4 178.7 185.4 185.9 182.3 176.8 170.5 165.3 165.7 171.1
127.5 128.2 128.9 130.2 131.6 133.1 134.7 136.3 137.4 138.6 140.5 142.4 142.7 143.3 145.9 147.3 147.3 149.3 150.1 150.4 153.1 155.7 157.8 159.7 160.7 163.3 169.7 178.9 191.4 203.3 213.7 221.7 230 237.2 243.2 245.3 245 244.6 244.1 243.1 241.6 240.2 237.8 236.2 235.4 236.7 237.7 237 235.9 233.3 229.2 226.9 223.2 218.1 213 206.8 201.8 198.8 195.3 189.8 183.7 179.1 173.2 170.9 170 169.1 168.5 169.3 168.2 170.9 173.1 174.3 171.8 168.6 164.5 161.6 158.9 160.5
128.3 129.2 130.1 131.1 132 133.1 134.7 136.4 138.1 139.6 141.5 143.4 143.6 144.9 147.6 150 150.8 151.8 152.7 155.8 159.7 162.7 164.6 165.5 168.6 171.9 179.8 190.1 200.8 210.5 219.6 226.9 234 240.1 244 244.8 244.6 244.1 243.7 242.6 241.1 239.3 238.2 235 233.9 235.5 236.8 237.1 236.2 234.1 231.7 230.5 227.6 223.3 218.1 214.2 208.6 205.5 201.3 195.7 188.2 180.9 176.5 177.2 175.1 172 168.7 165.5 164.1 163.3 164.4 164.7 163.7 161.7 159.7 158.4 156 153.9
129.4 130.4 131.3 132.2 133.2 134.1 135.2 136.6 138.3 139.9 142.2 144.2 146 147.5 149.3 151.5 154 155.7 161 164.7 169.1 172.7 173.6 175.1 179.2 184.6 191.7 200.8 209.5 217.3 224.8 231.3 237.3 241.7 244.4 244.2 244 243.6 243 241.9 240.5 237.9 236.7 232.6 231.7 233.3 235.5 236.1 235.2 233.7 233.6 232.2 229.9 227.3 223.2 219.3 215.4 209.5 201.6 195.4 187.9 184.4 184.5 184.3 181.2 177.6 172.9 169.5 166.8 163.2 161.5 160.3 159.4 158.1 157.2 156.2 155.3 154
130.5 131.5 132.5 133.4 134.4 135.3 136.3 137.4 138.4 140.1 142.8 145 149 151.1 152.9 156.4 160.2 163.2 169.8 176.8 183 187.2 187.9 187.7 192.3 197.8 204.5 210.4 217.4 224.6 230.5 234.8 239.7 242.4 243.8 243.6 243.4 243.2 242.3 241.1 239.7 237.8 235 230.9 228.9 232.7 234.4 235.3 234.3 234.4 234.2 233 231 228.3 226.2 222.6 217.4 211 202.5 194.2 191.6 192.1 192.1 190 185.8 180.8 176.2 173.4 170.1 167.1 163.6 162.5 162.1 160.6 159.6 159.1 160.2 158.4
131.8 132.7 133.7 134.7 135.6 136.4 137.4 138.5 139.6 140.9 143.5 147.4 151.3 155.1 159.4 164.9 169.8 176.2 183.1 190.8 197.5 200.6 202.2 201.6 205.5 210.5 215.1 219.7 225.2 230.3 235.6 239.4 241.8 243.3 243.4 243.2 243 242.6 241.5 240.3 238.6 236.2 232.4 228.1 227.7 231.5 233.5 234.6 234.5 234.3 234 233 230.7 228.5 227.3 224 218.3 210.7 202.4 200.1 199.8 199.6 198.3 195 189.3 184.6 180.1 176.1 171.8 168.6 166.3 166.9 166.7 164.9 163.6 164.2 164.9 162.8
132.8 134.1 135.3 136.3 137.2 137.8 138.6 140 141.3 142.7 145.2 149.5 155.5 162.1 167.9 175 182.9 188.5 194.1 202.3 208.2 212.6 213.6 213.8 216.7 221.1 224.2 226.5 230.8 235.2 238.3 240.7 242.5 242.3 242.1 242.9 242.4 241.8 240.7 239.5 237.2 234.6 230.2 224.8 225.6 229.5 232.7 233.7 233.9 233.5 233.3 232.6 230.2 228.5 227.2 224.1 218.3 211.2 209.2 207.7 207.2 206.7 204.4 200.5 195.6 189.9 183.9 178 172.9 170.9 171 172.4 173.3 171.6 170.6 171.5 170.7 167.1
133.6 134.9 136.2 137.5 138.6 139.1 139.9 142 143.2 144.5 147.8 152.4 161 168.9 177.3 187.5 196.1 201.5 205.7 212.9 219.8 223.5 225.3 225.9 227 228.1 230.1 232.4 235.4 237.7 239.9 241.6 241.6 241.4 241.1 241 241.1 241.1 239.9 238.7 235.8 232.7 227.3 222 223.3 227.7 230.7 231.5 232.1 232.6 232.6 232 230.2 228.5 226.8 224.3 220.4 216.8 216.2 215.2 214.2 213.2 210.8 206.9 201.9 196.2 189.3 182.1 178.2 177.7 180.1 180.7 181.1 180.4 179.6 178.8 175.7 171.4
134.4 135.7 137 138.3 140.5 140.3 141.3 143.7 145.4 147.3 150.8 157.1 166.4 176.7 188.4 200.1 210 215.2 220 225.7 230 232.1 234.5 233.9 232.5 233.9 235.5 236.7 237.9 239.1 240.6 241 240.8 240.6 240.6 240.1 240 239.8 238.9 237.7 234 229.4 223.8 218.7 219.8 223.8 226.6 228.8 229.7 231.2 231 230.7 230.4 228.6 226.9 225.9 224.8 222.5 220.5 220.3 219.8 218.5 216.4 213.1 209.7 204.2 199.2 193.8 190 189 189.1 189.8 188.4 188.2 187.3 184.2 180.1 173.8
