Game/Highland_Data/StreamingAssets/GeoData/Data/su/SU82.asc
ncols 200
nrows 200
xllcorner 480000
yllcorner 120000
cellsize 50
[rows 36 to 71 of 200, columns 81 to 161 of 200]
71.9 71.2 70.7 70.1 69.4 68.5 68.3 68.1 67.9 67.6 67.2 66.3 65.5 64.8 65 65.1 65 65 65.7 66.2 67.5 68.3 70 72.8 74.3 73.9 73.7 73.4 73.1 72.8 70.4 70.7 73.9 75.6 75.5 76 77.5 78.2 77.6 76.9 76.6 76.3 77.3 78.4 79.5 80.4 80.7 80.8 80.1 79.9 78.9 78.1 78.3 78.5 78.3 78 77.8 77.4 76.9 76.5 75.8 75.2 74.8 74.3 73.4 72.4 72.2 71.8 71.3 70.7 70.2 69.6 69.1 68.2 65.6 63.1 63.1 65.4 60.5 62.5 62.4
70.2 69.6 69.1 68.6 67.9 67 66.6 66.8 66.6 66.2 65.9 65.2 64.3 63.5 63.4 63.6 63.8 63.9 65 66.3 67.6 68.4 71.1 73.6 73.5 72.8 71.9 71.5 71.1 70.6 68.2 71 73.2 73.9 74.1 74.8 76 76.4 75.8 75.3 74.9 75.9 76.8 77.7 78.5 79.2 79.4 79.5 79.1 79 78.9 78.2 78.4 78.6 79.5 79.3 79 78.7 78.5 78.2 76.9 75.6 75.4 75.2 74.1 72.6 72.8 72.1 71.5 71 70.5 69.9 69.3 67.7 64.7 65.7 68.5 67.1 64.7 61.9 59.1
69 68.3 67.6 67.1 66.3 65.6 65.1 65.3 65.4 65.1 64.8 64.1 63.2 62.3 62.4 62.7 62.9 63.1 64.8 66.4 67.7 69.3 72.2 73.1 72.7 71.6 70.4 69.9 69.8 68.8 66 70.1 71.5 72.8 72.8 73.5 74.6 74.8 74.4 74 74.8 75.3 75.9 76.6 77.3 78 78.1 78.2 78.2 78.1 77.9 78 78.1 79.6 80.8 81 80.5 80 80.1 79.4 78.1 76.8 76.4 75.5 74 72.7 73.2 72.6 71.9 71.2 70.7 70.2 68.2 64.1 68.2 71.4 72.7 72.5 71.2 68.2 62.8
69 67.7 67 66.2 65.3 64.6 63.9 64.1 64.1 64 63.7 63 62.1 61.5 61.8 62 61.9 62.3 63.9 65.5 67.1 69.1 71.5 71.6 70.8 69.9 69.1 68.5 67.7 65.7 66 68.9 70.2 71.3 70.7 71.5 72.7 73.3 73.2 73.4 73.6 73.8 74.3 75 75.9 76.7 76.7 76.8 76.7 76.5 76.7 77.5 79.5 81.1 82.1 82.4 82 81.3 81.3 80.6 79.4 77.6 75.6 74.6 73.7 72.9 73.5 73.1 72.3 71.5 71.2 69.9 64.8 70.4 72.1 73.7 75.8 73.2 71.1 70.1 65.4
68.5 67.2 66.3 65.4 64.4 63.6 62.8 62.8 62.7 62.7 62.5 61.9 61.2 60.7 60.9 61.2 61.5 61.5 63 64.5 66.1 67.9 69.8 69.6 68.8 68.1 67.7 66.8 65.9 62.8 66 67.9 69.2 69.7 69.1 70.4 70.8 71.8 71.9 72 72.1 72.3 72.8 73.4 74.6 75.3 75.2 75.4 75.2 75.4 76.4 77.4 79.5 82 83.6 83.7 83.5 82.9 82.3 81.4 79.7 77.3 75.1 74.3 74.5 74.4 73.7 73.6 72.8 71.7 70.3 66.3 70.6 72.3 73.6 74.4 74.9 74 72.1 69.4 68.9
66.9 66.4 65.7 64.7 63.9 62.7 61.6 61.5 61.4 61.4 61.4 60.9 60.3 59.7 59.7 60.1 60.7 61.4 62.3 63.6 65.4 67.2 68.1 67.3 67 66.5 65.5 64.9 65.1 63.3 65 66.6 67.9 68 69.1 69.8 70.2 70.5 70.6 70.8 70.8 70.8 71.3 71.8 73.2 73.9 73.9 73.8 74.2 74.9 76.1 77.3 80.1 83.3 85 85 85 84.4 83.2 81.5 79.8 77.4 76.1 76.4 76.3 76.3 75.4 74.2 73.1 70.5 68.3 72.1 72.9 73.9 74.3 74.2 73.7 71.8 71 72.1 72.3
65.2 65 65.4 65 64.2 62.5 61.7 60.6 60 60 60 59.8 59.2 58.8 59.5 60.1 60.7 61.4 62.7 64.1 65.2 65.7 65.4 64.4 64.4 64.2 63.9 64.3 65.5 65.5 65 64.5 65.7 67.5 68.4 69.1 69.3 69.4 69.4 69.5 69.6 69.8 70.6 71.5 72.7 73.5 73.3 73.1 73.5 74.7 76 77.4 80.3 84.5 86.5 86.4 86.3 85.7 84.5 82.2 79.9 78.4 78.2 78.7 78.6 77.9 76.1 74.5 71.8 67.8 74.4 74.8 74.6 75.5 75.2 73.4 73.7 74.1 74.8 75.4 74.6
64.2 64.4 65.4 65.4 64.3 62.4 61.3 60.6 59.9 59.1 58.5 58.5 57.9 58.6 59.5 60.1 60.7 62.1 63.6 63.8 63.1 61.8 58.5 59.4 61 62.4 64.4 65.2 66.3 67.4 67.2 66.2 65.3 65.6 67.2 68.2 68.3 68.3 68.3 68.4 69 70.1 71.6 72.7 73.8 74.5 74.8 74.8 74.1 74.9 76.2 77.6 80.7 85.6 88.1 88.4 88.2 87.3 85.8 82.8 80.2 79.9 80.2 80.2 79.6 78.3 76.5 72.5 67.3 75.4 80.1 80.5 78.8 78.7 77.1 75.2 76.5 78.1 77.8 76.6 75.6
63.7 64.4 66.2 66.5 65.2 63.3 61.6 60.6 59.9 59.1 58.4 57.6 57.9 58.9 59.6 60 60.6 61.6 61.9 60.8 59.5 61.2 62 61.4 61.6 63.1 64.8 66 66.8 67.9 68.1 67.7 67 65.7 65.1 66.9 67.2 67.3 68 68.8 70.1 71.8 73.1 74.3 75.2 75.8 76.1 76.4 75.7 75.2 76.2 78.2 82 87.3 89.1 90.3 89.4 88.4 86.4 83.4 80.8 81.3 81.4 81.5 80 78.3 76.2 70.1 72.3 80.5 85.8 85.3 84.1 82.2 79.9 80.3 80.6 80 78.8 77.1 75.7
63.8 64.8 66.5 67 66.3 64.5 62.4 60.8 59.5 58.7 58 57.3 57.4 58.2 58.8 59.4 59.9 60.7 59.4 58.1 59.8 63.6 64.8 64.3 63.8 64.4 64.3 65.3 66.4 67.7 68.3 68 68.5 67.8 66.3 65.9 67.2 68 68.9 69.9 71.5 73.3 74.6 76 76.8 77.1 77.4 77.7 77.5 76.5 77.7 80.8 84.8 89.3 91.3 92 90.2 88.7 86.7 84.3 83.3 82.7 83 82.1 79.5 78 74.9 69.4 75 82.6 88.3 87.8 86.8 85 83.5 82 80.2 78.6 77.3 75.8 74.1
64.4 64.8 65 65.3 65.4 64.3 62.3 60.6 59.2 58.1 57.3 56.6 57.7 58.5 59 59.3 59.5 59.5 57.5 58.3 62.7 65.3 65.5 65.8 64.9 64.3 63.6 63.8 64.8 66 67.1 68 69.4 69.7 68.8 67.8 67.8 68.8 69.7 71.2 72.5 74.3 76.1 77.4 78.2 78.7 78.8 79 78.6 77.3 79.9 84.8 89 92.1 93.8 93.2 91.3 89.4 87.6 86.5 86.2 85.1 84.3 81.9 79.2 76.7 71 70.6 77.8 84.2 90 90.4 88.2 84.8 82.8 80 77.2 74.9 73.7 73.1 71.8
64.8 63 61.3 61.5 62.4 62.4 61.9 60.5 59 57.9 56.7 56.8 58 58.5 58.9 59.3 59.4 58.2 56.4 59.3 62.4 63.5 64 65.1 64.6 63.1 62.4 62.6 63.7 64.6 66 67.4 70.8 71.3 70.4 69.6 69.2 69.1 69.9 71 72.5 74.8 76.4 77.5 78.4 79 79.6 79.3 78.8 77.7 81.8 88.2 93.4 94.9 95.9 94.5 92.7 90.9 89.1 88.3 87.4 85.7 83.2 80.8 77.2 73.6 74 70.7 78.3 83.2 90.2 91.4 88.3 83.5 79.4 76.9 73.6 71.9 71 69.9 68.6
63 60.4 58.4 58.4 60 60.8 60.8 60.2 58.8 57.6 56.3 56.5 57.2 57.9 58.6 59.2 58.7 57 56.6 58.5 60.3 60.9 61.3 62.3 62.3 61.5 61.4 62.4 63.5 64.3 65.5 67.1 70.4 72.4 72.1 71.2 70.4 69.9 69.4 70.4 72.2 74.1 75.7 76.5 77.5 78.6 79.8 79.7 79.1 78.8 84.4 91.4 96.7 98 98.2 96.6 94.4 92.3 90.8 89.6 87.4 84.8 81.5 77.6 74 76.6 78.9 77 78.4 83.2 88 90.9 88.9 83.6 77.9 74.5 73.1 72.7 71.6 70.5 69.1
60.2 57.9 56.8 57.6 59.2 59.9 59.3 58.9 57.5 56.7 55.7 56.5 57.3 57.9 58.4 58.5 57.7 55.3 57.4 59.3 59.3 58.8 59 59.1 59.6 60.3 61.1 62.3 63.4 64 64.8 67.7 71.2 73.5 73 71.9 70.9 69.9 69.1 69.2 71.2 72.8 74.2 74.8 75.6 77.7 79.5 80.4 79.8 79.6 85.7 93.2 98.6 100.2 100 98.3 95.7 92.9 90.4 88.5 85.6 81.4 78.5 79.5 79.1 80.5 80.9 80.4 80.7 83.7 86.8 89.1 88.9 84.1 77.9 74.9 74 73.3 72.3 71 70
57.4 56.4 55.7 57.2 59 58.2 57.6 57.3 56.5 55.7 55.5 56.4 57.1 57.5 58 57.9 57 54.8 57.5 59.5 58.9 57.9 57.1 58.3 59.9 60.8 61.8 62.7 63.9 63.9 65 67.7 71.2 73.6 72.9 72 71 70 68.9 68.1 69.4 70.9 72.7 73.5 74.6 77.1 79.4 80.9 80.7 80.9 86.8 94.6 100.7 101.8 100.6 98 94.8 92.2 90.1 87.5 85.5 83 81.2 81.3 82.4 82.8 82 81.6 82 82.9 85.5 87.5 86.3 82.9 78.4 75.9 74.9 73.9 72.9 71.8 70.9
55.1 55.1 55 56 56.5 55.7 55.2 55.2 55.2 54.8 55.6 56.5 56.9 57.3 57.4 57.3 56.6 54.7 55.7 57.3 57.1 57 57.5 58.7 60.2 61.5 62.4 63 64.3 64.4 65.6 67 69.7 73 73 71.8 70.6 69.6 67.9 67.1 68.2 69.9 71.2 72.6 74.2 76.7 79.6 81.6 82.1 82.7 88.5 96.3 102.1 102.7 100.2 97 93.9 91.9 90.7 88.7 86.6 85.3 84.1 84.8 85.5 84.6 83.2 82.5 82.4 82.7 84.4 86.4 85.1 81.7 79.1 77.2 75.9 74.8 73.7 72.8 71.4
53.9 54.3 54.1 54.6 54.8 54.3 53.9 54.2 54.1 54.5 55.8 56.2 56.5 56.8 56.7 56.6 56.6 54.7 53.6 54.8 55.8 56.7 57.5 59.3 60.9 62.1 63.1 63.5 63.9 62.2 63.4 65.1 67.3 70.8 71.5 70 68.5 67.7 66.9 66.6 67.7 69.5 71.2 72.4 73.8 76.4 79.8 82.5 83.2 83.9 89.8 97.5 103.2 102.6 99.5 96.4 94 92.5 91.9 90.4 88.5 87.1 86.7 87.2 86.9 85.2 84.3 83.7 83.1 83.4 84.6 85.9 85.1 82.9 80.5 78.6 77.1 75.7 74.8 74.2 73
52.6 53 53.3 53.5 53.4 53 52.7 53.5 54.3 55 55.7 55.7 56 56.1 55.9 56.1 55.2 53 53.1 54.2 55.7 57 58.7 60.4 61.8 63.1 63.2 62.4 62.1 60.4 61.2 62.6 64.5 66.7 67.2 66.6 66.1 65.8 66.1 67 68 69.8 71.1 72.2 73.5 76.1 80.2 83.5 84.5 84.9 90.6 97 101.7 101.8 99 96.4 94.8 93.5 93.3 92.3 90.6 88.8 89.1 89 87.7 86.7 85.7 84.9 84.5 85.2 86.8 87.2 86.1 84.3 82.1 80.3 78.5 77.2 76.1 75.6 74.8
51.7 51.9 52.3 52.1 51.9 52.5 53.2 53.9 54.6 55 55.3 55.4 55.4 54.8 54.2 54.7 53.3 53.7 54.9 55.8 57 58.9 60.5 62.2 63.2 62.8 62.5 61 60.7 59.2 59.5 60.6 62.2 63.9 64.7 64.5 64.8 65.5 65.9 67.1 68.3 69.4 70.6 72.1 73.3 75.9 80.1 84 85.4 85.9 89 94.3 98.5 100 98.7 97.1 95.8 94.7 94.7 94.1 92.4 91.7 91.7 90.7 89.4 88 87.2 86.5 87.3 88.1 89 88.5 86.7 84.8 82.7 81.3 80.3 79.1 78 77.6 77
51.4 51.3 51.5 52.4 52.9 53.5 53.8 54.1 54.3 54.7 54.8 54.9 53.8 51.4 51.5 52.5 53.8 55.5 56.4 57.8 59.4 60.9 62.4 63.3 63.1 62.5 61.3 59.8 58.8 58.4 58.2 59.1 60.7 61.9 62.8 63.1 64.1 65 65.7 66.8 67.6 69 71.1 73.2 74.3 75.7 77.7 80.7 83.6 84.8 86.8 90.4 94.7 98.2 98.3 97.3 96 95.9 95.9 96.1 95.5 94.9 93.6 92.1 91.2 89.8 88.5 87.9 89.1 90.2 90.3 89 87.2 85.4 84.5 83.6 82.5 81.3 80.5 80.5 79.7
51.3 51.3 53 53.7 54 54.4 54.5 53.9 53.7 54.1 54.2 54.3 52.6 51.6 54.5 55.9 56.9 57.7 58.5 60.1 62.5 63.5 63.8 63.1 62 60.2 58.7 57.9 57.7 57.7 59.1 59.4 60.3 61.4 62.8 63.5 63.9 64.4 65.6 66.8 68 70.2 72.3 74.1 75.2 76.4 75.7 77.2 79.1 81.4 83.9 87.2 91.9 95.4 97.4 97.2 96.8 97.1 97.2 98.1 97.6 96.6 95 93.9 93 91.6 90 90.3 91 91.2 91.3 89.9 88.6 87.6 86.7 86.5 85.8 84.5 83.6 83.6 82.2
50.8 51 53.2 54.5 55 55.3 55.3 54.8 54.2 53.7 53.6 52.9 51.4 54.9 58.5 61 61.8 60.8 60.7 62.6 65 64.8 63.2 61.2 58.9 54.6 56.4 57.6 58.3 57.7 59.2 60.3 60.9 61.1 61.3 62.1 63 64.3 65.8 67 69.2 71.3 73.5 75 76.2 77.5 78.9 80.4 82.2 82.5 82.7 86.9 90.6 93.5 96.4 97.4 98.2 98.9 99.3 100 99.3 98 96.9 96.3 95 93.9 92.9 92.4 92.6 92.8 92.7 92 91 90 90.6 91 90 88.8 87.4 86.8 84.4
50.2 50.4 51.6 53.3 54.6 55.7 55.7 55.1 54.5 54.1 53 51.4 53.1 57.4 62.1 65.2 64.9 63.5 62.1 62.4 62.9 62.2 60.6 58.4 54.2 58.2 60.7 60.3 59.7 59.6 60.3 62 62.4 61.6 61.2 61.6 63 64.4 65.8 68.2 70.6 72.6 74.7 76.1 77.4 78.8 80.8 83.5 87.3 87.2 84.8 87.5 91.9 94.7 97.4 99.3 100.1 100.9 101.5 101.8 101.5 100.3 99.8 99.4 98.3 97.3 96 94.2 94.6 95.2 94.8 94.3 93.6 93.3 94.8 95.2 94.5 93.1 91.7 89.3 86.6
50.5 49.8 50.4 51.9 53.2 54 54.7 55.4 54.9 54.2 52.8 51.1 54.4 59 64.4 65.6 64.3 62.2 59.5 58.9 57.8 56.6 55.8 53.6 55.7 59.6 61.3 61.9 61.6 61.2 62.5 65.1 65.2 63.3 62 61.4 62.7 64.2 66.7 69.8 72.1 74.3 76.8 77.8 78.7 80 82.1 86.6 90.4 90.1 88 90.2 94.4 97.4 99.5 101.5 102.7 103.5 103.5 103.6 103.2 103 102.8 102.7 101.5 100.5 98.7 97 97 97.2 97.2 97.5 96.7 97.8 98.8 99.3 99.3 98 96.1 93.3 88
51.4 49.8 49.4 50.5 51.4 52.2 53.1 54.3 55.2 54.3 52.7 50.7 53.7 57.4 61.7 61.9 59.7 57 54.6 54.9 53.6 53.4 55 56.7 59.8 62 63.5 63.8 64 64.1 65.1 68.7 67.7 64.3 62.8 61.7 63 65.2 68.3 71.5 74.3 76.8 79.3 80.7 81.3 81.4 84.8 89.5 93.2 93 90.4 92.8 97.1 99.6 101.7 103.6 105.3 105.6 105.8 106.1 106.1 106.3 106.3 106.3 104.6 103.6 101.5 100 99.9 100.6 101.1 101.8 100.5 102.5 104.1 105.5 105.4 102.9 100 95.1 88.4
51.8 50.8 49.8 48.7 49.6 50.4 51.8 53.5 54.6 54.6 53.1 51.2 51 53.6 55.6 55.2 53.6 51.5 52.4 55.3 57.6 58.9 59.8 60.8 62.1 63.7 65.1 65.8 66.1 66.7 67.1 68.2 67.7 65 63.2 63.3 64.9 67.9 71 74.1 77.2 79.8 82.7 84.6 84 84.2 88.8 94 97.2 97.1 94.2 97.4 101.4 104.1 105.1 106.2 107.5 108 108.3 108.9 109.4 110.1 110.5 110 108.1 106.3 104.3 102.9 103.1 104.4 105.5 106.6 106.1 107.4 110.7 112.6 111.5 107.8 103.4 96.8 90.3
52.3 51.1 50.6 49.7 48.5 48.6 50.5 52 52.3 52.5 53.3 52.3 50.1 50.8 51.6 53.2 54 54.1 56.1 59.1 60.4 61.2 62.3 62.7 63.1 64.7 65.5 66.5 67 68 68.7 68.2 66.7 65.1 64.4 65.7 68.2 71.5 74.3 77.4 80.4 83.9 87.4 90.3 89.2 89.6 93.9 99.1 102.2 102.5 101.3 103.3 106.8 109.3 109.7 109.7 109.7 110.1 110.6 112.3 113.5 114 114.5 112.9 110.2 108.6 107 106.4 107 108.5 110 112 112.3 112.3 116.4 119.2 117 112.1 106.3 100.8 93.9
52.1 51.6 51.1 50.6 49.5 48.4 49.3 49.8 49.6 49.8 50.9 51.3 51 53.4 55.2 56.9 58.1 58.5 59.3 61.1 61.5 61.6 62.1 62.5 63.6 64.3 64.9 66.1 67.6 68.9 69.7 69.9 68.8 66.9 66.9 67.9 71.3 75.1 77.7 80.7 83.6 87.2 91.2 93.9 94.1 95.6 98.7 103.1 106 107.3 107.6 109.6 112.5 114.5 114.9 114.6 113.3 112.9 114.5 116.1 117.6 118.4 118 116.1 112.4 112 112 110.9 111.7 114.1 115.4 117.1 117.4 117.8 120.7 127.4 124.8 115.1 112.5 105.4 98.2
52.3 51.8 51.3 50.8 50.1 49 47.5 48 50.3 50.1 49.9 50.7 53.2 55.8 57.3 58.7 59.6 60.1 61.3 61.7 61.7 60.7 60.8 61.5 62.3 63.8 64.6 65.5 67.1 68.9 70.2 71.3 71.1 69.5 70 70.7 73.2 76.5 80.3 83.4 86.3 89 92.3 94.3 96.3 99.5 102.8 107.2 110 112.1 113.9 116.2 118.6 120.6 120.4 119.1 117.7 117.5 119.5 120.8 122.1 123 121.5 118.9 117.2 119.9 119.2 116.1 116.1 119.7 121.1 122 122.9 123.7 125.6 140.9 131.9 119.3 117 109.3 101.3
52.2 51.6 51.1 50.8 50.1 49.1 47.5 48.5 52.3 52.7 52.2 52.9 54.6 55.9 57.6 58.4 59.1 59.8 60.1 60.3 59.9 59.3 59.3 60.3 62.1 63.4 64.9 65.9 66.7 68 69.5 70.8 72.2 73.1 74.2 74.5 75.5 77.8 81 83.9 86.8 89.5 91.5 93.2 96.7 101.8 106 110.5 115 117.7 120.3 122.7 125.4 127.3 126.7 124.1 122.1 122.5 125.5 127.7 128.8 128.8 126.9 122.7 125 126.7 124.6 120.8 121.3 125.1 128.1 131.4 133 134.1 135.4 143.7 142.4 126.8 117.5 111.8 104.9
52 51.5 51.1 50.8 50.1 48.8 47.6 48.5 51.6 52.3 52.4 53.1 53.7 54.4 55.3 56.3 57 57 57.1 57.1 58 58.6 59.4 60.5 61.9 64 65 66.1 67.1 68.3 69.4 70.6 72.6 74 75.6 76.7 77.7 79.1 80.5 83.1 85.6 88.2 90.5 93.1 97.2 102.8 108.4 113.4 118.1 122.1 125.3 129.3 132.4 134.5 134.1 132 128.3 128.8 132.8 134.6 134.6 134.8 132 128.2 130.5 132 130.3 126.5 128.1 133.2 138.3 142.8 147.8 145.3 142.4 137.8 133.1 128.2 123.1 115.3 109.1
51.8 51.4 51.1 50.7 50.2 49.1 48.1 48 50.3 50.7 51 51.5 51.9 52.3 53.3 54 54.3 54.7 56.8 58.3 59.2 60.6 61.1 61.8 63.1 64.2 65.2 66.2 67.4 68.8 70.2 71.5 72.7 74 75.4 76.7 77.9 79.1 80.5 81.8 84.2 86.7 89.3 92.8 97.6 103.1 109.4 115.7 120.8 125.4 130.2 134.6 138.8 141.5 143 139.4 135.2 136.9 140.8 142.8 142.7 141.8 138.6 136.6 138.1 138.8 137.2 134.7 137.5 142.8 148.6 155.3 166.6 162.6 148.2 136.9 128.4 123.1 119.9 117.4 113.2
51.4 51 50.7 50.3 50 49.3 48.7 47.6 48 49.2 50 51.5 52.3 53.3 54 54.5 54.8 55.9 57.9 59.7 61.1 61.7 62.2 62.6 63.4 64.3 65.2 66.4 67.8 69.1 70.4 71.6 72.8 74.1 75 75.9 77.4 77.8 79.3 80.8 82.6 84.9 87.3 92.2 97.2 103.3 110.6 117.3 123.6 129.1 135.6 140.7 146.3 150.5 151.3 146.4 143.3 145.7 150.1 154.1 154.8 153 150 149.4 150.8 151.5 148.6 146.4 148.8 154.4 160.8 168 173.2 169 151.2 136.4 126.9 119.1 114.6 115.3 113.9
51 50.6 50.3 49.9 49.6 49 48.3 47.1 48.2 50.7 52.2 53.2 54.2 55.2 56.1 56.6 56.5 57.3 58.2 60 60.8 61.1 61.1 61.7 62.7 63.7 64.6 65.9 67.6 69.1 70.4 71.6 72.7 73.5 74.4 75.2 76.1 76.6 78 79.3 80.8 82.5 85.4 90.4 97.3 104.2 111.8 119 125.4 131.9 139.4 149.3 156.8 160.2 160.1 154.3 152 156.1 162.2 168.3 171.8 170.8 167.9 166.7 167.9 168.6 165.8 163 162.4 165.8 171.9 178.5 174.5 164.1 150 136.5 126.6 118.6 112 111.3 111.1
50.5 50.2 49.8 49.6 49 48.4 47.5 47.1 49.1 51.4 53.6 55.2 56.4 57.2 57.6 58 57.8 57.7 58.1 58.9 59.5 59.8 59.9 61 62 63 64 65.4 67.2 68.5 69.9 70.1 70.9 72.3 73.1 73.8 74.6 75.5 76.7 77.9 79.3 81 84.4 89.7 97.5 105.4 113.2 120.5 127.1 133.7 141.6 155.6 166 169.3 168.2 161.5 160.5 166.7 176.3 186.3 190.4 188.4 185.9 183.9 185 185.5 183 179.6 177.5 178.9 181.8 173.1 163.4 149.6 137.6 130.7 123.5 117.8 111.3 107 106.3
49.9 49.6 49 48.7 48.2 47 45.4 48.4 50.2 52.3 53.9 55.8 57 57 56.7 57.1 56.9 56.9 56.9 57.7 58.2 58.2 59.2 60.2 61.2 62.2 63.3 64.1 65.5 66.8 67.7 68 69.3 70.8 71.7 72.6 73.5 74.8 76 77.2 78.8 81.5 85 90 97.5 106.4 114.3 121.4 128.1 134.7 143.7 158.6 170.5 175 176.5 170.8 167.5 176.4 191.2 199.9 204.2 203.4 200.6 199.5 200.4 200.7 198.6 195.1 191.6 189.8 182.7 165.3 150 139 133.1 125.8 120.2 114.4 108.8 103.8 101.8
