Game/Highland_Data/StreamingAssets/GeoData/Data/su/SU89.asc
ncols 200
nrows 200
xllcorner 480000
yllcorner 190000
cellsize 50
[rows 140 to 174 of 200, columns 80 to 159 of 200]
103.4 102.6 100.2 96.9 102 116.2 130.7 141.4 147.9 149.1 148 145.6 140.6 134.5 125.5 113.9 105 98.9 97.3 102.8 113 121.1 128.1 130.6 130.7 128.8 124.1 116.8 108.8 100 93.4 87.4 85.1 90.1 94.1 92.2 90.7 87.8 85 82.4 79.8 76.8 75.9 71.4 69.5 69.3 69.2 69.1 69 69.2 69.2 69.3 69.5 71.7 72.5 73 74.9 76.7 76.6 80.7 81.3 80.9 82.2 84.8 88 89.1 89.7 91.1 92.3 91.8 90.9 88.4 82.6 77.1 77.2 82.6 91.1 101.8 114.5 124.1
111.1 107.5 105 101.4 99.2 113.4 128.8 141.9 148 148.4 147.6 144.6 140.3 132.9 123.6 112.4 105.5 100.3 100.6 107.8 120.4 129.6 134.2 135.8 134.7 132 127.5 120 109.2 101 93.4 89.2 87.3 92.4 97.7 99 97 93.2 89 85.9 82.9 81.5 77.5 74.9 72.6 70.1 68.8 68.6 68.7 68.9 68.7 68.8 69 69.3 70.2 71.3 71.4 72.3 72.5 76.4 75.5 76.2 77.9 80.9 83.2 84.7 85 86.5 86.7 85.5 86.3 85.1 79.4 77 76.1 82.8 91.7 103.3 113.8 119.6
118.5 114 109.7 104.3 100.9 111.9 129.3 142.1 147 148.2 148 144.6 139.7 131.6 121.4 112.7 106.6 102 103.3 114.5 128.1 136 140 139.5 138.5 135.1 129.6 123 112.3 102.7 96.4 89.8 89.2 95.1 102.1 108.7 106.4 101.4 95.2 89.8 86.4 84.5 80.7 78.2 75.1 71.6 69.9 68.8 68.3 68.1 68.2 68.4 68.7 68.9 69.3 70.4 68.5 68.2 68.5 70.7 72.4 72.9 75.5 76 77.7 78.8 81 80.8 80.9 81.2 81.9 81.1 78.4 75.5 74.8 84.1 91.8 102.8 110.2 113.4
125.8 118.5 112.6 107.4 103.7 113.2 130.6 142.8 148.2 148.9 148 144.9 139.9 131.6 123.4 115.1 107.4 103.3 107.8 121.1 135.1 141.3 143 142.2 140.5 136.7 131.8 123.9 116 107.2 100.6 93.2 90.6 98 109.5 117.3 116.4 110.6 103.5 95.8 91.1 87.7 84.1 80.9 77.8 74.8 72.4 68.6 69.1 68.3 68.1 67.9 68.3 68.5 68.7 67.9 67.2 67.7 68 67.6 67.9 69.2 71.6 72.2 72.6 74.1 75.2 76.7 80.8 80.2 79.1 77.5 75.3 73.3 74.4 85 92 98.7 101.8 103.8
129.8 122.2 115.5 110.4 106.3 116.4 132.7 143.8 149.2 150.1 148.6 145.5 141.9 134 126.8 118.7 108.2 105.3 111.3 124.3 139.9 143.4 145.4 144.3 141.9 138.1 132.6 124.8 115.5 108.2 101.9 94.7 92.8 100.2 110.7 122.7 125.4 120.2 114.9 107 98.1 92.3 88.7 84.8 81 77.9 74.9 70.9 69.4 68.2 68 67.7 67.6 67.9 68 67.2 66.9 67 67.3 67.1 66.6 66.6 67.2 68.8 69.5 70.4 72.4 72.6 73.7 74.7 78.4 80.9 79.8 71.4 75.3 85.8 90.9 93.7 94.4 95.7
134.2 127.6 118.8 113.2 108.6 120.2 135.7 145.1 149.8 150.1 149.1 146.1 142.2 135.9 127.4 117.7 108.1 107.4 116.6 128.5 141.3 144.9 146.8 146.5 144 139.4 133.5 125.5 114.3 107.5 102.5 95.4 95 102.4 113.8 127.5 132.2 130.2 124.4 118.5 109.3 100.5 94.2 89.1 83 78.9 78.1 75.2 69.8 69.4 68.8 68.3 67.6 67.2 67.2 66.9 66.6 66.4 66.4 66.5 66 63.9 64.9 65.8 66.4 67.5 66.9 69 69.8 70.7 71.2 70.1 70.1 74.6 81.1 82.8 86.2 89.3 90.5 90.6
138.8 130.6 122.4 114.3 112.2 125.6 139.4 146.5 150 150 149.5 146.5 143.1 136.5 125.7 117.2 110.5 111.3 119.4 133.6 143.6 147.2 147.9 146.5 144.9 139.8 134 126.3 115.3 108.2 102.5 96.8 98.4 105 119.9 131.9 136.4 135 131.9 125.9 118.8 112.5 103.8 94.6 90 84.3 81.2 77.9 76 72.1 69.7 69.6 69 67.7 66.3 67 66.8 66.5 66 65.7 64.9 64.2 64 64.1 64.1 64.9 65.3 66.2 66.8 67.6 67.8 67.7 68.2 70.1 73.1 80.8 85.4 81 85.8 89.5
140.4 133.4 124 115.1 116.1 130.2 141.7 148.5 150.6 151.3 149.8 146.8 142.8 136.2 126.3 115.7 112.1 114.9 126 139.6 147.3 148.6 149.3 147.1 145.5 141.3 135 127.8 117.2 110 103.6 98.4 102.2 111.1 126.9 135.4 139.6 138.6 135.6 131.2 125.6 120 112.2 104.3 97.3 92 85.5 82.7 79.9 75.9 71.4 70 69.6 69.5 68.1 66.3 67 66.6 66.1 65.5 65.2 64.5 64.2 64.2 64.3 64.1 63.7 63.5 64.6 65.7 65.5 66.4 67.5 69.7 74.8 77.7 80.7 81.1 81.2 81.6
143.2 135.4 125.9 117.4 119.5 134.1 144.2 149.3 151.1 151.4 149.6 146.9 143.5 136.2 126.8 116.2 114.2 121.1 132.7 144 148.1 149 150 148.7 146 142.7 136.6 128.7 118.4 112 104.7 102.7 106.8 118.6 132.1 138.9 142.7 141.2 138.7 135.1 130.1 125.7 120.3 112.5 106.4 100.1 92.1 86.4 83.5 77.7 74.1 72.4 70.4 71 70.3 69.1 67.8 65.8 66.2 65.4 65.3 64.8 64.3 64.4 64.5 64.2 63.8 63.3 64.3 65.1 65.3 66.3 66.9 67.7 71.3 73.9 76.3 78.9 78.8 78.7
144.8 137.3 127.8 119.7 128.3 140.2 146 150.6 151.8 151.2 149.5 146.5 143.4 136.3 127.2 117.7 118.9 128.2 138 146.5 148.9 150 151.1 149.9 147.1 144.3 138.4 129.3 120.5 113.1 104.8 105.6 113.7 126.3 137.1 143 144.9 143.4 140.9 137.3 133.1 127.7 123.3 117.1 109.5 103.2 95.6 88.6 84.4 76.9 77.1 78.7 77.6 75.5 74.7 73.7 70.9 69.4 69.8 65.8 65.4 65 64.5 64.6 64.6 64.3 63.8 63.3 63.5 64 64.7 65.7 66.2 66.3 67.2 68.5 71.3 72 77.6 77.3
145.1 137.9 130.2 123.4 133 143.8 149 151.9 151.9 151.1 149.8 146.4 143.1 136.9 128.7 120.9 121.2 132.1 141.8 148.7 149.8 150.9 151.9 151.1 148.4 145.4 140.6 131.7 122.5 113.9 105.8 109.8 121.9 134.1 142.6 145.8 146 144.9 142.5 139 135.1 128.7 123.7 116.8 110.5 103.6 95 91.1 84.2 80 82.7 85 82.2 77.1 75.7 74.9 75.2 74.1 70.8 70.1 65.8 65.8 64.8 64.7 64.7 64.3 63.9 63.8 63 63 63.1 64.4 65.1 65.3 64.5 65.8 65.6 68.9 70.6 71.2
146.1 140.1 133.4 125.9 136.4 145.7 149.8 152.3 152.4 151.4 149.3 146.9 143.7 138.6 130.5 122.8 124.3 134.4 143.6 149 150.4 151.1 151.7 151.5 150 147.3 142.6 134 124.3 115.1 108.9 115.6 128.7 139.9 144.9 147.3 146.8 145.7 144 140.6 135.7 128.7 122.1 114.7 108.4 101.2 96.2 90.3 82.9 82 87.5 91.1 88.9 87.4 81.5 80.4 77.4 75.1 75.2 75.1 71.9 69.9 65.8 65.3 64.8 64.5 64.5 64.4 63.4 63 63 62.8 62.7 64 62.8 62 61.6 64.5 66.3 67.7
149.6 144.3 137.9 130.3 138.1 147.1 151.1 152.9 153.3 152.6 150.5 147.5 144.3 138.3 129.9 126.1 125.2 134.5 143.6 148.6 150.4 151.5 152.4 151.5 150.5 148.5 144.6 137.6 127.6 118.7 112.2 120.3 134.3 143.4 147.6 148.6 147.9 146.7 144.8 140.9 134.9 127.8 120.4 111.8 105.1 100.1 94.9 89.4 84.5 89.6 94.7 98.6 94.7 87.4 87.4 85.3 81.4 82.3 77.1 76.3 76.3 73.6 71.7 69.7 65.8 66 65 64.8 63.9 62.9 62.8 62.6 62.3 61.9 62 61.2 61 61.5 62.6 63.8
151.6 147.2 141 134.7 139.8 148.4 151.7 153.4 154.1 153.4 151.3 148 144.5 138 131.7 132.3 129.9 131.8 141.9 147.8 150.1 151.4 152 151.1 150.2 149.3 145.7 140.9 131.7 122.4 115.8 123.2 138 145.3 148.8 149.7 148.8 147.2 145.2 141.4 133.7 126.4 119.5 112.1 106.1 100.5 94.8 89 88.2 95.1 102.3 110.5 108.6 102.3 93.5 89 82.6 82.7 81.6 81.1 77.9 77.1 75.4 73.5 71.6 68.8 66.9 65.8 64.2 63.4 62.6 62.2 61.9 61.6 61.6 62 61.8 61.5 60.6 61.7
152.6 148.5 143.4 138.9 141.5 149.9 152.7 154.1 154.8 153.9 151.5 148.6 146.4 139.4 138.8 140.8 140.5 133.5 136.4 146 149.6 151.1 151.5 150.6 149.7 148.8 147.6 143.5 137.2 126.9 121.6 125.1 138.5 147.3 150.1 151.1 149.8 148.2 145.8 142.4 136.3 130.9 123.5 115.8 109 102.2 96.1 89.9 93.3 100.8 111.1 119.6 119.7 115.2 105.8 94.7 83.2 86 91.7 89.3 85.2 81.2 79 76.9 75.1 74.2 73.2 71.2 69.6 65.8 63 62.5 62.1 61.5 61.4 61.9 61.9 61.1 60.2 61.1
153.1 150.3 145.6 139.2 145.1 151.6 153.8 154.8 155.6 154.2 152.5 150.2 148.8 142.6 144.1 144.3 144.2 142.2 142.3 146.5 148.8 150.7 151.4 150.9 150.2 149.2 148.2 146.1 140.4 131 123.6 129.8 142.6 148.9 151.2 152 151 149.1 146.5 143.2 138.1 131.9 124.7 116.3 109.4 102.4 95.5 93.7 99.1 110.3 119.7 127.2 126.4 120.6 110.5 99.1 95.7 100.4 106.7 102 93.9 87 83 81.7 80.6 79.7 78.8 78.1 74.5 70.8 65.8 62.6 62.2 61.8 61.9 61.8 62 60.8 60.3 60.1
153.7 151.3 148.4 142.3 146.3 151.7 154.7 155.5 156.2 154.8 153.9 152 148.9 146.4 146 145 145.1 145 144.8 145.7 148.5 151.3 151 150.5 150 149.5 149 146.9 142.7 134.6 127.7 135.4 145.6 150.9 152.4 152.5 151.4 149.6 147.1 143.5 138.1 131.5 124.2 117 109.7 102.7 96.5 100 105.9 116.2 126.5 132.2 130.3 123.8 114.7 105 105.1 113.6 115.7 113.7 106.1 97.8 91.9 88.7 87.2 85.5 85 84.7 81.3 77.4 70.6 62.8 62.5 62.2 62.3 62.3 61.8 58.3 58.2 59
154.4 153.1 151.4 146.2 148.7 152.7 154.9 155.7 156.5 156.6 155.5 152.3 151 148.9 148.9 149 147.6 146.8 146.6 146.1 148 151.1 150.6 150.2 150.1 150.1 150 148.6 144.9 138.9 131.3 139.4 147.7 151.6 152.9 152.7 151.7 149.5 146.5 142.1 137.2 130.1 122.7 115.5 108.1 101.2 103.2 107.8 113.9 122.4 131.5 136.6 134.4 127.9 119.7 112.9 115.6 121 123.7 121.5 117.2 110.2 106.3 102.9 98.7 98.8 98.3 95.8 91.3 84.6 77.7 72.4 65.1 65.4 65.2 63.9 62.2 60.7 60.2 58.1
155.9 155.8 153.6 149.1 149.5 153.4 155.1 156.2 157.1 157.3 155.7 155 153.4 152.5 152.6 152.7 150.7 149.4 148.5 147.8 149 151.6 151.4 151.4 151.3 151.3 151.3 149.2 146.5 138.9 136.7 143.4 149.4 152.3 153.4 153 151.8 149.8 146.4 142.2 136.5 129.3 121.2 114.4 108.8 108.4 112.4 118.2 123.2 129.6 136.6 139.5 138 133.1 126.5 121.1 123.3 128.3 130.8 130.1 127.1 122.9 118.8 116.4 115.3 113.9 109.1 109.5 104.8 100.7 90.9 79.1 71.6 68.7 68.1 67.4 66.5 64.6 61.6 60.6
158.3 157.6 155.6 151.1 152.1 154.1 155.3 156.6 157.7 157.7 157.8 157.1 156.3 156.8 155.9 155.5 153.7 152.2 151.6 150.9 151.5 153.9 153.7 153.6 153.8 153.5 152.7 150.4 147.6 140.9 143.8 147.6 151.3 153.1 154 153.6 152 150.2 149.5 145 135.5 130.4 124.4 119.2 116.8 118.3 123.3 128.6 131.9 136.9 141 141.6 140.6 138.9 135 131 131.4 134.9 137.1 136.1 135.3 132.3 130.1 128.4 126.5 124.2 120.2 116.5 108.7 102.5 92.3 81.3 74.8 71.3 72.1 73.3 71.9 69.4 64.8 64.7
159.9 158.5 156.5 153.4 153.1 155.4 157.1 157.6 158.3 158.3 158.5 158.6 158.4 158.2 158 157.1 156.5 156.2 156.2 155.6 154.7 157.8 157.1 156.6 155.4 154.7 154 151.7 147.9 144.4 148.7 151.7 153.5 154.4 154.6 154.4 153.2 150.7 149.6 142.9 138.8 135.2 131.5 127.2 127.4 128.2 132 135.1 138.2 141.6 144.3 144.1 143.3 142.6 140.6 139 138.4 140.2 141.8 141.4 141.1 138.8 137.3 133.7 130.6 126.2 120 111.4 102.8 93.9 85.9 80.4 76.2 75.3 78.1 78.5 78.2 75.8 71.6 69.9
160.7 159.8 158.4 156.2 155.3 157 157.4 158.3 158.9 159 159.1 159.3 159.4 159.5 158.6 157.7 157.4 157.1 156.9 156.8 156.8 158.4 158.2 157.2 156.6 156 155.4 153 149.4 148.5 151 153.1 154.5 155.8 155.1 155.2 154 152.7 150.1 146.1 144 140.5 137.7 135.3 135.9 136.3 137.4 139.9 142.8 145.7 146.5 146.3 145.7 145.1 144.7 144.4 144.2 144.6 144.9 145.3 144.3 143.9 143.5 138.4 134.1 126.4 115.5 104.9 94.5 89.6 85.6 80.9 81.1 82.7 84.3 85.9 85.5 83.1 77.9 74.5
160.8 160 159.7 158.3 157.3 158.1 158.5 159.1 159.2 159.3 159.3 159.4 159.5 159.5 158.8 158.5 158.3 158 157.7 157.5 158.2 158.1 158.3 158.3 157.8 157.2 156.6 154.6 151.5 152 153.2 154.7 155.7 156.5 156.7 156 155 153.7 151 150.2 147.7 145.7 143.9 141.6 141.7 142.3 143.1 145.5 146.6 147.7 148.8 147.9 148 147.7 147.1 146.3 147 147.5 146.7 146.3 146.2 144.9 143.5 141.5 136.8 127.4 115 107.8 100.7 95.4 91 87.4 87.1 89.6 93.7 98.7 102.3 101.4 94.1 85.4
161 160.7 160.4 160 159 159 159.1 159.3 159.2 159.1 159.2 159.3 159.4 159.5 159.4 159.3 159.1 158.8 158.4 158.3 158.4 158.7 158.9 158.9 158.8 158.3 157.4 155.9 153.6 153.4 154.1 155 156.1 156.9 156.7 156.3 155.7 154.8 153.1 151.7 150 148.3 146.8 146.3 146.3 146.3 146.5 146.5 147.5 148.5 149 148.8 148.8 148.9 148.2 147.7 149 148.5 147.9 148 148.1 147.3 145.9 141.8 137.9 128.9 122.6 119.5 114.1 109.7 105.4 103.2 102.3 105.2 109.6 114.7 115.4 112.9 111.9 105
161.4 161.2 160.9 160.4 159.8 159.3 159.2 159.4 159.3 159.1 159 159.1 159.2 159.3 159.1 158.6 158.5 158.4 158.5 158.2 158.8 159.1 159.3 159.3 159.2 159.3 158.8 157.9 155.8 155.1 156.3 156.8 157 156.8 156.6 156.4 156 155.3 153.8 152.1 151 150.5 149.9 149.3 149 148.7 148.4 147.8 148.1 149.1 149.4 149.2 149.2 149.2 149.1 149.5 149.3 148.9 149.4 150 148.9 148.2 146.4 143.2 140.4 136 132.9 128 124.2 121.8 120.4 118.5 117.1 120.2 124.2 124.2 125.5 122.8 120.3 118.7
160.9 160.6 160.3 160 159.8 159.6 158.9 159.5 159.4 159.2 159 158.9 159 159 158.8 158.4 157.9 157.9 158 157.9 158.3 158.1 158.6 159.2 159 160 159.6 158.9 157.7 156.7 157.1 157.1 157 156.3 156 156 155.9 155.3 153.9 152.5 151.1 150.2 150.5 150.5 150.1 149.6 149.4 149.3 149.1 149.5 149.1 148.5 148.1 148.1 148.5 149.3 149.6 149.9 150.2 150.3 149.3 149.5 147.7 143.9 142.6 139.5 138.8 135.3 134.2 131.9 129.2 128.8 126.1 126.3 128.7 129.8 128.5 128.5 126.8 123.3
160.4 160.1 159.7 159.4 159.2 158.9 158.2 158.9 159.3 159.3 159.1 158.9 158.8 158.7 158.6 158.4 157.6 157.5 158 156.5 156.4 157.2 158.2 159.2 159.8 160 159.7 159.1 158 157.3 157.3 157.3 156.7 155.9 155.3 155.2 155.4 154.8 153.5 152.2 151.5 150.3 149.9 150.1 149.8 149.4 149 149 149 149.3 148.5 147.9 147.3 146.9 147.7 148.7 149.2 149.9 150.6 150.7 150.2 149.6 147.9 147.1 145.8 144.6 142 140.4 138.7 137.8 136.6 134.5 132 131.4 131.5 130.6 129.2 127.3 125.2 122.5
159.9 159.5 159.1 158.8 158.5 157.9 157.3 157.3 158 158 157.9 158 158.2 158.3 158.1 158 157.9 157.9 157.8 155.9 156.4 157.2 157.8 158.4 158.7 158.8 158.7 158.3 158 157.7 157.5 157 156.3 155.6 154.9 154.7 154.6 153.9 153.1 152.1 151.1 150.8 150.1 149.2 148.8 148.3 147.5 147.5 147.8 148.4 148.1 147.5 146.9 145.2 145.1 146.6 148.5 149.1 149.8 150.3 150.4 150 149.4 148.4 147.4 146.1 146.4 143 141.8 141 139.2 137.2 133.6 132.2 131.4 128.2 125.8 123.4 120.9 119.2
159.2 158.8 158.4 158.1 157.4 156.3 156.4 156.4 156.6 156.7 156.9 157.1 157.3 157.6 157.6 156.9 157.1 157.2 157.1 156 156 156.4 156.4 157.1 157.7 157.7 157.5 157.4 157.2 156.4 155.8 155.6 155.3 154.6 153.9 153.8 153.1 152 151.6 151.1 150.2 150 149.3 148.2 147.8 147.3 146.4 146.1 146.7 146.9 146.2 145.7 143.4 141.9 144 144.5 146.6 148.3 149 149.5 150.1 149.9 149.7 149.4 148.3 146.7 145.4 143.8 142.6 141.6 140 138 134.2 131.6 127.8 122.7 116.8 113.1 109.4 109.4
157.8 157.3 157.7 156.5 155.4 155.5 155.3 155.6 155.6 155.7 155.9 156.1 156.3 156.7 156.7 156.1 156.4 156.3 156.2 155.6 155.3 155.6 155.5 155.9 156.6 156.6 156.4 156.2 155.8 155.1 154.3 153.9 153.9 153.5 153.3 153 151.2 150.5 149.8 149.5 149.1 148.4 147.9 147.3 146.8 146 144.4 145.3 145.4 144.7 144.1 142.9 139.5 137 140.9 142.8 144.6 146.3 148 148.8 149.3 149.8 149.6 149.4 149.1 147.1 145.7 143.1 142.3 139.4 137.2 133.4 128.7 124.1 119.7 112.1 106.6 102 98.3 96.8
156.9 156.7 156.3 155.6 154.3 154.2 152.8 153.8 154.2 154.4 154.5 154.7 154.8 155.4 154.5 153.8 154.3 154.9 155.2 154.9 154.7 155.2 155.4 155.5 155.7 155.5 155.5 155.5 154.6 153.8 153.1 152.9 153.6 152 151.1 150.6 148.9 147.3 144.4 148.1 147.7 146.7 146.2 145.5 145.2 144.2 142.9 143.2 144.1 143.1 142.3 139.2 135.7 134.2 136.7 140.5 142.1 145.1 147.5 147.9 148.6 149.2 149.6 149.5 148.3 147.5 145.2 143 138.9 138 132 129.3 126.2 123.1 118.2 112.5 107.5 104.5 99.4 92.8
154.7 155.1 154.8 154.5 153.4 151.9 151.3 150.3 152.7 152.9 153 153.2 153.3 153 152.6 152.1 152.2 152.3 152.4 152.6 153.9 154.9 155.2 155 155.2 155.2 155.4 154.2 153.3 152.6 151.9 152 151.6 151.2 148.2 147.8 148.4 147.4 145.8 140.8 140.8 142.2 145.2 142.9 142.3 141.6 141.3 142.4 142.9 142.1 140.2 136.3 133.1 132.4 132.7 137.3 141.2 142.8 145.5 147.2 147.8 148.4 149 149.2 148 146.8 144.5 141.5 139.6 137.9 136.1 134.3 133.3 131.5 128.7 124.7 118.9 114 108.2 98.8
152.5 153.4 153.1 152.8 151.9 149.9 147.9 148.8 151.3 151.1 151.3 151.5 151.5 150.7 150.8 150.9 150.9 151 151.5 151.8 153 154.2 154.8 154.5 154.6 154.7 154.7 152.9 152 151.2 150.6 150.4 150.8 147.8 147.2 147.6 145.3 145.1 144.1 140.1 139.9 139.7 139.2 138.5 137.9 139 137.9 136.7 136.6 136.5 136.4 136.4 136.5 136.5 136.7 136.7 139.1 141.1 142.7 145.7 147.2 147.9 148.6 148.5 147.7 146.9 144.7 142.6 141.6 140.3 140.5 138.6 138.5 137.7 134.6 131 126.1 120.9 114 106.2
151.4 151.7 151.4 151.1 150.7 148.9 147 147.7 149.5 149.6 149 149.5 149.2 148.7 147.7 149.2 149.1 149.9 149.3 151.1 152.1 153 153 153.7 154 153.5 153.3 152 150.1 150.9 150.7 148.9 147.7 146.8 145.7 145.2 145.5 145.3 145.4 140.8 138.9 137.2 140.2 139.6 139 137.3 136.9 140.1 140.1 139.1 135.4 131.3 125.7 120.1 127.4 133.6 135.7 136.8 136.9 138.7 145.6 147.1 148 147.9 147 146.7 145.6 144.7 143.6 142.2 142.3 141.4 140.6 140.7 138.8 136.1 132.3 127.8 122.2 115.7
149.4 149 149.8 149.6 149 147.2 144.9 144.2 144.6 145 146.3 147 146.9 146.4 145.3 145.9 147.6 147.8 147.3 149.5 150.8 151.6 151.7 152.4 152.5 152.7 152.7 152.4 152.5 150 147.7 147.7 147.2 145.8 145.6 145.2 145.6 144 141.1 141.7 141.3 140.9 136.8 133.7 133.1 137.3 138.6 139.5 139.3 138.2 134.7 130.4 124.5 117.8 121 126 127.9 138.1 137.2 139.8 138.2 139.2 146 147.4 147.2 146.7 146.2 144.9 144.2 144.1 143.7 143.2 142.3 142.1 141.2 139.5 137.5 133.7 130.2 126.7
