Assets/StreamingAssets/GeoData/Data/su/SU05.asc
ncols 200
nrows 200
xllcorner 400000
yllcorner 150000
cellsize 50
[rows 140 to 174 of 200, columns 79 to 157 of 200]
169.4 166.4 162.5 156.2 144.5 134.4 131 135.8 146.2 157.2 162.8 164.9 165.4 167.7 170.2 172.1 172.8 173.1 172.9 172.2 170.3 168.4 165.7 163.1 160 155.6 152.1 148.5 152.4 156.7 159.2 164.2 167.3 170.4 173.5 177 179 180.5 181.5 182.7 183.6 184.6 185.1 185.1 184.8 184 182.9 181.8 180.9 179.7 178.3 177.5 176.9 177.1 176.6 175.6 175.3 173.5 172.4 171.8 170.6 168.1 165.2 162.1 161.6 164.3 164.2 167.6 171.2 172.9 174 174.7 175.3 175.4 175.1 174.8 174.9 174.1 173.5
169.4 167.5 163.6 158.5 149.5 138.9 132.3 130.7 138.6 151.3 158.8 161.4 160.5 165.4 169.2 170.8 171.3 171.4 170.6 169.5 166.9 164.8 162.5 160.1 156.2 152.4 146.8 151.8 155.5 159.9 163.5 165.8 170 173.3 176.5 178.7 180.3 181.5 182.7 183.6 183.7 183.9 184.2 184.2 183.3 182.2 181 179.7 178.4 177.3 176.5 176 175.4 176.1 176.4 176.1 175.7 175.2 174.4 173.5 171.5 168.4 165.8 165.1 164.7 166.4 168.5 169.1 172.4 174.2 175.2 175.9 176.6 176 175.8 175.3 174.4 173.6 172.7
168.7 167.2 164.2 160.1 153 144.8 135.7 131.6 134 144.2 154.3 155 159.2 164.9 167.4 168.9 169.2 169.1 168.1 166.1 164.2 161.3 158.7 156.1 152.8 145.5 150 153.8 158.6 162.7 166.5 169.7 172.2 175.8 178.3 180 181.3 182.5 183.3 183.6 183.8 183.6 183 182.2 181.4 180 178.6 177.3 176 175.1 174.5 173.8 173.9 175.3 176.4 176.5 176.7 176.3 176 174.7 173.1 170.2 169.1 168.4 168.4 169 171.1 172.4 173.5 175 176.3 176.7 176.9 176.2 175.6 174.7 173.7 172.8 171.8
168.4 167.5 164.9 159.8 154.3 147.2 138.6 133.5 130.7 139.5 146.2 153.7 159.5 163.6 165.1 165.7 166.1 165.1 164 163.2 161.7 158.5 154.7 151.6 145.9 148.7 154.1 157.6 161 165.6 169.3 172.9 175.7 177.7 179.6 181.2 182 182.7 183.2 183.2 182.9 182 181 180.1 178.9 177.5 176 174.9 173.7 172.7 171.7 172.2 173.7 175.2 176.5 177 177.6 177.5 177.2 176.8 175.2 173.7 172.8 172.3 172.5 172.8 173.9 174.8 175.8 176.7 176.9 177.1 176.7 176.3 175 173.7 172.7 171.4 169.6
168.3 166.8 165.7 161.7 156.4 147.9 140.7 133.3 129.5 135.2 144.1 154.5 160 162.6 162.5 163 162.8 162.3 161.1 160.2 158.8 156.3 152.5 146.7 145 151.1 155.5 160.3 164.6 168.7 172.6 175.9 177.7 179.5 180.8 181.8 182.4 182.7 182.7 182.2 181.2 180.5 178.6 177.4 176.2 175.2 173.8 172.6 171.1 169.6 169 171.9 173.8 175.2 176.7 177.7 178.4 178.8 178.5 178.3 177.9 177.2 176.6 176 175.7 175.8 176.4 176.9 176.9 177.1 177.1 176.5 175.7 174.8 173.7 172.4 170.8 169.2 167.3
167.7 166.8 165.4 162 155.9 149.5 140.4 133 129.1 135.4 144.8 153.4 157.4 159.6 159.3 158.9 158.1 157.4 156.4 155.7 154 152 148.6 142.3 148.7 153.7 158.5 162.7 167.7 171.9 175.4 177.5 179.3 180.2 180.9 181.5 182.3 181.9 181.7 180.6 179.4 178.2 176.4 174.7 173.9 172.8 171.7 170.2 168.8 167.3 169.4 171.6 173.4 174.5 176.4 178 179 179.4 179.7 179.5 179.3 178.8 178.5 178.1 177.8 177.6 177.7 177.5 177.3 177 176.1 175.1 174.1 173.1 171.8 170.2 168.6 166.9 164.5
166.5 165.8 164.8 161.5 156.1 149 141.1 133 129.1 136 145.1 150.8 152.9 154.3 154.1 153.4 152.3 152.2 151.4 150.2 149.3 147.5 142.8 144.3 151 156.6 161.7 166.1 170.8 174.4 176.8 178.4 179.7 180.3 181.1 181.5 180.9 181 180.2 179.2 177.8 175.6 173.9 172.3 171.1 170.7 169.5 168.1 166.6 165.3 168.4 170.1 171.7 174 176.5 178.5 179.3 180.1 180.3 180.4 180.2 180 179.9 179.4 178.8 178.3 178.1 177.4 176.8 175.7 174.7 173.5 172.2 171 169.6 168 166.2 164.1 161.9
164.9 165.1 164.6 161.3 156.3 150.1 142.3 133 129.7 135.5 143.5 147.3 148 147.9 146.8 146.8 146.3 146.5 146.2 145.6 144.6 142.2 140.6 146.7 153.3 159.5 164.9 169.7 173.7 176.2 177.9 178.7 179.3 180.1 180.4 180.2 180.1 179.5 178.7 177.4 176 174.1 172 170 168.1 168.3 167.3 165.5 163.7 165 167 169.2 171.1 173.3 176.1 178.7 180 180.6 180.8 180.7 180.8 180.4 180 179.5 179 178.4 177.3 176.2 175.1 173.6 172.3 171.1 169.7 168.1 166.5 164.8 163.5 161.3 158.6
163.7 164.3 163.3 160.6 155.5 149.5 143 135 130.3 133.9 140.1 142.2 141.8 141.6 140.9 140.5 140.6 140.9 140.4 139.3 138.3 140 145.3 152.2 157.7 163.1 168.4 172.5 175.2 176.8 177.9 178.2 178.7 179.4 179 178.3 178.2 177.5 176.4 175.1 174.1 172.1 170.1 167.9 165.7 165.3 165.3 163.4 163.2 166.3 168.5 170.7 172.5 174.7 177.1 179.1 180.3 180.7 181 181.2 180.9 180.3 179.9 179 178.4 177.1 175.8 174.2 172.4 170.9 169.4 168 166.4 164.7 163.1 161.8 160 158.4 156.5
160.7 162.5 161 157.5 152.5 147.3 141.2 134.9 128.5 131.7 135.5 136.3 136 135.1 134.4 134.1 133.9 134.5 135.3 138.8 142.6 147.1 153.5 158.5 163.1 167.3 170.9 174 175.7 176.9 177.5 177.4 178.1 177.6 177.9 176.9 176.2 175.4 174.1 173.2 171.9 170.6 168.7 166.8 163.9 162.3 162 161.4 164 167.2 169.7 172.2 174 176.1 178.4 179.7 180.3 181 181.2 180.9 180.4 179.8 179.2 178.2 177 174.8 173.2 171.3 169.2 167.9 166.5 165 163.6 161.5 159.9 158.6 156.8 155.4 153.5
157.4 160.5 158 153.4 148.8 143.7 138.2 132.6 128.6 130.2 131.3 130.9 132.6 132.6 135.2 137.3 139.5 142.3 144.6 147 152 158 161.3 164.3 167.7 170.7 173.2 174.8 175.6 176.1 176.2 176.6 176.3 176 175.5 174.7 173.8 173 171.8 170.8 169.6 168.6 167.3 165.5 163.1 160.6 159.6 162.9 165.5 168.1 170.9 173.7 175.7 177.3 179.2 180.6 179.4 180.9 180.4 180.3 179.7 179.1 178.1 176.5 174.9 172.6 170.3 168.3 166 164.9 162.9 161.4 159.8 158.3 156.5 155 153.7 151.5 150.1
154.1 155.7 153 149.4 144.7 139.7 135.7 130.6 127.5 128.3 129.5 131.3 133.2 137.1 140.3 145.7 148.3 151.6 154.4 157.6 161.1 163.5 166.1 168.6 170.8 172.7 173.9 174.6 174.8 175 175 174.9 174.6 174 173.1 172.3 171.3 170.3 169.4 167.8 166.9 165.4 164.8 163.5 161.5 158.1 160.8 164.4 166.9 169.6 172.5 175 176.4 178 179.5 180.1 180.4 180.7 180 179.4 178.8 177.6 175.8 173.9 171.4 169.5 167.7 165.4 163.6 161 159.7 157.5 155.9 155.2 153.5 150.8 149.7 146.6 145.9
149.3 150.7 148.6 145.4 140.6 136.5 132.4 128.6 126.9 130 131.8 133.6 141.8 142.2 147.1 152 156.8 158.9 161.6 163.4 165.3 167.6 169.5 170.8 172.1 173.3 173.8 173.8 173.9 173.6 173.2 172.7 172.2 171.5 170.7 169.6 168.4 167.4 166.6 165 163.9 162.2 161.9 161.1 158.6 157.6 161.6 165.1 168.5 171.6 173.9 176.2 177.4 178.6 179.2 179.7 180.1 180.1 179.3 178.5 177.4 175.1 173.2 171 168.8 166.9 165 163 161 158.5 156.6 154.3 152.2 151.1 149.1 144.5 141.8 138.5 137.5
145.6 146.9 144.7 141.2 137.7 133.2 129.6 127.2 127.7 131.4 133.6 137.4 141.7 146.7 153.1 158.3 161.7 163.8 166 167.2 168.5 169.8 171.1 171.8 172.5 172.7 172.8 172.6 172.1 171.3 170.6 169.7 169.3 168.7 167.9 166.6 165 163.8 163.9 162.1 160.9 160.1 158.1 157 156 159.8 162.9 167 170.2 173.6 175.2 176.5 177.4 178.5 179 179.5 179.5 179.4 178.8 177.3 174.9 172.1 169.9 168.2 166.2 164.2 161.7 160.2 157.6 156.8 153.3 151.1 147.2 145.2 145 147.1 148.1 146.8 139.1
140.3 141.7 140.5 137.7 134.4 130.6 127.3 125.9 129.7 133.2 137.4 143.6 148.8 154 157.9 162.1 164.8 166.8 168.4 169.4 170.2 170.9 171.5 172 171.9 171.6 171 170.2 169.5 168.5 167 166.5 166.1 165.5 164.7 163.5 161.5 160.5 161.2 159.8 157.7 157.1 155.2 155.3 158.6 162.4 166.1 169.2 172 174.5 176 176.7 177.5 178 178.5 179.1 179 178.9 177.7 176.4 173.1 169.6 166.9 164.5 162.3 160.2 158.8 156.6 154.4 152.2 150.4 149.3 150.2 151.8 153.6 154.2 152.8 146.8 141.6
133.9 137.1 136.9 134.8 131.1 127.6 124.7 128.2 132.5 137 145 149.5 155.8 159.8 162.8 165.2 167.2 168.5 169.6 170.4 170.5 170.9 171 170.8 170.6 169.7 168.9 167.3 166.1 165 163.6 163 162.6 162.3 161.5 160.5 158.3 157.5 158.1 157.2 155.4 153.2 154.7 158.5 162.9 165.7 168.6 171.2 173.6 175.1 176 176.7 177.1 177.6 178 178.4 178.6 178.3 177.4 175.9 173.5 171.2 169.7 168.1 165.7 164.2 161.9 159.8 156.9 153.2 152.9 155.4 156.9 157.7 158.1 156.7 153.4 145.3 146.6
128.5 129.4 132.5 130.9 127.9 124.5 125.1 132.1 140.4 147.2 151.1 156.2 159.8 163.2 165.2 167 168.6 169.6 170.2 170.6 170.9 170.2 169.1 169.5 168.1 167 166.1 164.3 162.8 161 160 159.3 158.6 158.9 158.6 157.6 155.7 154.8 155.6 154.1 151.9 153.2 157.4 161.9 165.4 168.6 170.7 172.6 174.2 175 175.6 175.9 176.1 176.8 177.3 177.8 178.1 178.3 177.8 176.5 175.3 174 172.1 169.7 167.1 164.3 161.9 159.3 155.7 153.8 157.4 160.1 160.8 160.7 159.6 157.6 152.9 144.4 151.8
132.2 128.1 127 126.2 125.1 123.9 131 140 147.5 152.3 155.9 160 163.1 165.2 166.6 168.1 169.1 169.6 170 170.3 170.1 169.1 167.7 166.7 165 163.8 163.1 161.2 159.5 157.8 157.1 155.9 155.1 155.6 155.4 154.7 152.9 151.4 150.8 150 153.4 157.4 161.3 164.5 167.4 170.1 171.8 173.3 173.8 174.4 174.5 174.9 175.2 176 176.9 177.2 177.5 177.8 178 177.1 176.4 174.9 172.6 169.5 166.7 163 159.7 156.9 156.1 157.9 160.8 162.3 162.2 161.8 160.4 157.3 152 144.9 154.6
140 134.9 131.1 128.8 125 124.3 133.9 142.6 149.8 155.6 159.6 162.4 164.5 166.3 167.6 168.3 168.7 168.8 168.8 168.8 168.2 167.2 165.8 163.5 162.3 160.9 160.1 158.3 156.2 154.8 154.1 152.8 151.9 152.3 152.3 151.6 149.8 147.6 149.7 153.2 157.2 161.1 164 166.9 169 170.8 172.5 173.1 173.5 173.5 173 173.3 174.5 175.9 176.7 177.2 177.7 178.2 177.8 177.5 176.5 174.9 172.1 168.5 165 161.6 160.2 158.7 159 161.6 163.2 163.4 163 162.3 160.5 158.2 152.8 146.4 156.6
148.9 143.9 139 132.8 124.9 123.4 132.4 142.7 150.5 156.8 161.3 163.9 165.4 166.6 167.6 168.3 168.3 167.8 167.3 167 166.2 164.3 163.6 161.1 158.9 157.4 156.7 156.2 154.1 151.1 150.5 149.7 148.3 149.2 149.1 146.7 146.2 149.8 153.8 157.4 160.8 163.4 166.1 168 169.7 171.1 172.2 172.4 172.5 171.6 171.2 172.7 174.3 175.5 176.4 177.3 178 178.2 177.9 177.6 176.7 174.6 171.3 167.6 164.9 164.9 163.3 161.7 162.2 163.7 164.5 163.9 163.4 162.6 160.9 158.4 153 149 158.4
154.5 150.2 144.5 135.1 125 123.3 130.4 141.4 150.9 157.7 162.2 164.5 165.7 166.8 167.3 167.6 167.2 166.6 165.7 164.3 163.3 162.2 160.9 159 156.4 154.1 153.9 153.5 151.8 149 147.1 146.7 144.6 144.6 143.6 146.8 150.2 153.3 157.2 160.5 162.9 165 166.8 168.7 170 170.8 171.3 171.1 170.9 169.6 171.3 172.3 172.9 175.5 176.5 177.4 178 178.3 178 177.6 176.8 175.2 172.5 170 169.3 168 165.5 165.7 165.8 166.1 165.5 164.6 163.7 162.5 160.8 158.4 153.3 150.7 160.2
156.6 152.6 146.8 135.8 125 122.7 128.6 138.9 151.6 158.4 162.2 164.8 165.8 166.2 166.3 166.2 165.5 164.6 163.4 161.5 160.4 158.9 157.5 155.9 154.6 152 150.4 151 149.5 147 144 143.1 141.6 144.2 147.6 150.9 154.2 157.3 160 162.2 164 165.6 166.8 168.4 169 170 170 169.3 167.9 170 171.9 173.3 174.5 175.4 176.2 177.1 177.6 178 178.1 177.4 176.8 176 174.6 173.6 172.6 170.3 169.4 169.3 168.7 168 166.6 165.1 162.9 161.2 159 156.7 152.4 152.6 160
156.3 152.1 146.5 136.1 124.8 122.2 128.4 137.8 151.7 158.8 162.5 164.3 164.8 164.9 164.8 164 162.9 161.6 160 158.8 157.1 155.7 153.9 153 151.8 149.3 146.8 148.5 146.6 143.9 140.4 142.3 146 148.6 151.1 154.1 157.4 159.5 161.3 162.8 164.3 165.4 166.7 167.3 167.9 168.3 167.4 166.5 168.8 170.7 172.6 173.6 174.6 175 175.8 176.6 176.9 177.2 177.3 177.2 176.9 176.4 176.1 175.6 174.9 173.9 172.9 171.5 170 167.6 165 163 160.7 158 155.2 153.8 152.1 155.6 160
154.4 150.2 144.3 133.4 123.9 122.6 127.8 138.5 152.9 159 162.5 163.6 163.6 163.7 162.6 161.4 159.9 158.4 157.2 155.5 153.7 152.5 150.6 148.8 149.1 147.1 143.7 145.6 142.7 138.5 143 147 149.7 152.3 154.6 157.2 159.1 160.7 161.8 162.7 163.7 164.6 165.3 165.6 165.6 164.8 164.6 167.5 170.2 171.4 172.8 173.8 174.4 174.7 175.4 175.5 175.8 176.1 176.3 176.3 176.3 176.3 176.9 176.9 176.7 176.1 174.7 173.1 170.7 167 163.4 160.5 158.9 157.3 157.3 157.2 154.1 156.8 160.8
152.4 147.8 141.6 131.6 122.9 121.7 128.8 140.4 153.7 159.2 161.8 162.4 162.4 161.5 160 158.3 156.4 155 153.4 152.5 150.7 148.6 147.6 145.6 145.5 144.1 141.3 141 137.4 143 147.4 150.1 152.6 155 156.8 158.5 159.7 160.6 161.3 161.9 162.5 162.7 163.3 163.2 162.2 162.6 165.7 168.7 170.6 171.7 172.9 173.7 174 174.2 174.2 174.3 174.5 174.6 174.6 174.7 174.8 175.9 177 177.5 177.7 177.5 176.3 174.4 171 168.2 164.8 163.5 162.2 160.4 160.4 158.3 155.6 156.4 159.2
148.5 144.2 137.8 129 122.2 122.2 130.5 146.8 154.9 158.8 160.7 161 160.7 159.2 157.2 154.6 152.3 150.6 149.6 148.5 147.7 145.4 144.9 142.6 142.1 141.2 137.5 136.8 142.6 147 150.5 153.2 155 156.4 157.7 158.8 159.5 160 160.3 160.8 160.6 160.7 160 159.1 161.5 164.6 167.3 169.2 170.6 171.7 172.7 173.1 173.2 173.3 173.2 173.3 173 173 172.6 172.8 173.2 174.5 176.2 177.7 178.6 178.8 178.3 176.5 173.4 170.5 168.3 167.3 165.3 163.3 162 158.5 157.6 158.3 158.5
147.4 141 134.1 126.7 121.7 124 134.6 150.4 156.1 158.6 159.5 159.1 158.3 156.3 154 151 147.9 146.4 145.9 145.1 144.4 142.9 141.7 140.4 137.6 134.8 137.1 142.6 146.9 150.3 153 154.7 156.2 157.2 157.6 158.1 158.6 158.8 159 158.8 158.3 157.2 157.8 160.7 163.6 166.4 168 169.2 170.7 171.4 172 172.4 172.3 172.4 172.3 171.7 171.3 170.9 170.1 170.4 171.2 173.4 175.6 177.2 179.2 180.1 180 179.1 176.6 174.3 173 171 169.3 167 163.8 162.1 161.5 162.1 162.1
146.1 140.1 132.4 124 120.7 127.7 142.3 152.1 156 157.6 157.7 156.9 155.8 153.2 150.3 147.8 145.1 142.9 143.3 141.8 142.2 140.9 137.6 135.1 134.2 139.5 142.9 147.4 150.1 152.3 153.8 155 156.3 156.8 156.7 157 157 156.9 156.1 155.3 154.2 156.7 159.6 162.4 165.1 167 168.2 169.3 170.1 170.7 171.2 171.6 171.6 171.4 170.7 169.4 168.9 168.3 167.4 166.9 170.5 172.4 175.2 177.7 179.9 181 181.8 181.2 180.2 178.4 177.4 175.1 173.4 170 167.6 166.1 165.5 166 166.1
144.4 138.3 129.7 121.2 122 131.7 146.9 152.9 155.2 156.2 155.7 154.9 152.6 149.6 146.7 144.1 141.8 139 140.4 138.4 139.3 136.2 132.6 136.1 141.7 145.3 147.7 149.9 151.6 153 154.1 154.9 155.3 155.8 155.7 155.4 154.3 153.2 151.7 153.3 156.6 159.1 161.4 164 165.7 167.1 167.9 168.6 169.3 169.8 170.3 170.5 170.5 169.7 168.6 167.4 165.9 164.6 164.3 166.3 169.1 171.3 174.5 177.3 180.1 182 182.6 182.8 182.6 181.7 180.5 178.7 177.1 174.8 172.8 172 171.5 171.2 171.2
142.1 136.6 128.2 120.2 123.3 133.5 147.4 152 154.1 154.1 153.5 151.8 149.2 146.1 143 140.1 137.4 135.2 136.5 134.2 132 132.1 138.8 143.5 146.1 148.2 149.8 151 151.9 152.8 153.5 153.8 153.9 153.8 153.3 151.5 149.9 150.4 153.4 155.9 158.4 161 162.8 164.6 165.8 166.5 167.1 167.7 168.4 168.8 169 168.9 169 167.6 166.3 164.8 162.2 162 165 167.1 168.9 171.2 174.7 178 180.6 182.3 183.3 183.9 183.5 183 182.6 181.5 180.3 179.3 178.1 177.2 176.7 176.2 175.2
137.6 133.4 126.5 120.4 122.5 131.5 145.8 150.9 152.7 152.7 151 148.7 145.6 142.3 138.8 136 132.6 130.5 129.7 130.6 134.7 140.8 144.4 146.8 148.2 149.4 150 150.9 151.3 152 152.4 152.1 151.7 150.6 148.8 147.2 150.1 153.3 155.7 157.7 159.7 161.8 163.2 164.4 165.2 165.7 166.3 166.9 167.3 167.5 167.6 167.6 167.3 166.2 164.1 161.8 159.9 163.6 165.9 167.7 169.9 172.3 174.8 178.4 181.1 182.9 183.9 184.1 183.9 183.6 183.3 182.9 182.1 181.5 181 180.3 179.9 178.8 178.7
131.2 127.9 124.6 120.7 120.1 128.8 142.9 148.7 151 150.5 148 144.8 141.8 137.7 134.4 129.6 128.3 131 134.9 139.4 142.5 145 146.4 147.6 148.2 149.1 149.2 149.5 149.8 149.9 149.9 149.2 147.4 144.9 146.9 150.1 153.3 155.6 157.4 159 160.6 162.1 163.2 163.9 164.5 164.9 165.2 165.2 165.5 166 166.2 165.9 165.4 164.3 162.5 159.6 160.3 163.8 165.4 167.5 169.6 172.6 175.9 179.2 181.6 183.1 183.9 184.2 183.9 183.6 183.2 182.8 182.5 182.1 181.9 181.7 181.3 180.6 179.8
136.3 132.3 127.3 121.3 118.7 124.9 138.7 147.2 148.6 147 143.9 140.6 136.6 132.7 127.5 128.9 134.3 139.7 141.8 143.9 145.2 146 146.7 147.3 147.6 147.8 147.8 148 147.8 147.2 146.1 144 143 146.7 150.6 153.3 154.8 156.4 157.7 158.9 160.2 161.5 162 162.6 163.3 163.2 163.4 163.3 163.5 164.2 164.3 164.2 163.3 161.9 159.9 156.9 160.5 161.8 163.9 166.3 169.6 172.5 176.6 179.8 181.6 183.1 183.7 183.7 183.5 183.2 182.8 182.1 182.2 181.9 181.8 181.6 181.4 180.6 179.8
140.8 136.2 130.3 122.2 118.6 122.6 135.9 145.3 146 144.1 141.2 136.7 131.5 126.4 130.2 136.9 141 142.8 144 144.6 145.2 145.8 145.8 145.6 145.7 145.9 145.6 144.9 143.9 142 140.5 144 147.8 150.8 153 154.2 155.3 156.2 157.1 158.3 159.3 160.4 160.7 160.6 160.6 160.3 160.4 160.6 161.9 162.8 162.8 162.5 161.7 159.3 157.3 155.9 157.4 161.4 164.5 166.9 170.1 174.1 177.3 180 181.8 182.2 182.7 182.7 182.4 182.1 181.5 181.1 181.4 181.2 181.1 180.9 180.6 179.9 179
141.3 136.8 130.4 122.5 118.8 121.2 135.6 143.3 143.5 141 136.9 131.8 125.5 129.6 137.3 141.1 142.6 143.3 143.8 144.2 144.3 144.3 144.1 143.9 143.5 142.9 141.6 139.7 137.9 140.3 145.1 148.3 150.7 152 153.2 154 154.7 155.3 156.1 157 157.9 158.2 158.6 158.2 157.4 157.2 156.8 157.6 159.8 160.8 161 160.8 159.7 158.4 155.5 153.7 158 160.9 164.7 167.4 171 175.4 178 180.4 181.3 181.5 181.8 181.6 181.1 180.7 179.9 179.5 180.4 180.4 180.3 180 179.6 179 177.9
