Assets/StreamingAssets/GeoData/Data/su/SU16.asc
ncols 200
nrows 200
xllcorner 410000
yllcorner 160000
cellsize 50
[rows 140 to 174 of 200, columns 0 to 77 of 200]
149.4 150.4 152.3 154 155.4 156.3 158.1 159.4 160 159.1 158.3 157.6 156.6 156.2 158 162.1 167 171.5 175.6 179.7 189.2 199.7 200.1 195.4 186.3 184.8 184.2 182.8 180.9 177.8 174.6 171 167.6 164.7 162.2 159.3 156.8 154.9 153 151.6 151.1 150.8 150.4 149.7 148.9 148.6 148.3 147.8 147.8 148.5 149.2 149.8 149.8 149.8 149.8 149.9 149.6 149.2 148.8 148.5 147.9 147.3 147 146.7 146.4 146.3 146.2 146.3 146.5 146.7 146.7 146.6 146.6 146.6 146.8 146.9 147.1 146.9
148.1 150.3 151.8 153.4 154.9 155.9 156.9 157.7 157.4 156.6 155.7 154.9 154.3 156.2 160.3 164.8 169.5 173.9 177.2 180.4 185 187 186.5 181.7 181.1 180.8 180.2 179.7 178.2 176.1 173.6 171.2 168.5 166.1 163.6 160.9 158.3 155.7 153.8 152 150.7 150.4 149.8 148.9 148 147.1 146.5 146.3 146.2 146.9 147.6 148.3 148.6 148.7 148.7 148.8 148.5 148.1 147.7 147.5 147 146.4 145.7 145.1 144.7 144.5 144.6 144.7 144.9 145 145 145 144.9 144.9 145 145.2 145.3 145.2
148.6 150.7 152.1 153.3 154.4 155.4 155.9 156 155.2 154.3 153.4 152.5 153.8 157.1 161.6 165.7 169.2 171.8 174 172.6 174.2 177 177.4 176.6 176.2 176.3 176.4 175.8 175.3 174.2 172.6 171.1 169.8 167.5 164.9 162.4 159.8 156.9 154.6 152.7 151.1 150.1 149.5 149.3 149.1 147.8 146.5 145.8 145.2 145.6 146.4 147.2 147.5 147.6 147.6 147.7 147.4 147 146.7 146.5 146.1 145.4 144.8 144.2 143.6 143 143 143.1 143.3 143.4 143.4 143.4 143.3 143.3 143.2 143.4 143.5 143.5
149.5 151.5 152.9 154.1 154.2 154.7 154.4 154.2 153.4 152.5 151.4 150.9 154.3 157.6 161.2 164.4 166.1 167.2 166.5 169.8 170.7 171.5 171.4 171.1 171.3 172 173 172.9 172.7 172.1 171.3 171.5 170.6 169.2 166.5 163.9 161.4 158.9 156.5 155 153.6 152.6 151.5 151 149.7 148.1 146.6 145.8 144.8 144.4 145.2 146 146.4 146.4 146.5 146.6 146.4 145.9 145.7 145.5 145.1 144.5 143.9 143.3 142.8 142.3 142 141.7 141.7 141.8 141.8 141.7 141.7 141.6 141.6 141.6 141.7 141.7
150.3 152.3 153.7 153.9 154 153.4 152.9 152.3 151.5 150.3 148.7 151 153.8 156.6 159.5 161.9 163 162.6 164.4 165.5 166 166.6 166.8 166.8 167.3 168.3 169.5 169.5 169.3 169.1 170.2 171.7 171.7 170.6 168.5 166.3 164.3 162.1 159.7 158.2 156.8 155.1 153.8 152 150.3 148.6 147 145.7 144.8 143.8 144.1 144.9 145.3 145.3 145.4 145.5 145.3 144.9 144.7 144.4 144.2 143.7 143.1 142.6 142 141.6 141.3 141 140.7 140.5 140.2 140.2 140.1 140.1 140.1 140.2 140 139.8
151.2 153.1 153.5 153.6 152.9 151.9 151.1 150.2 149.1 148.1 147.8 149.6 152.4 155.3 157.3 158.4 158.4 158.9 160.1 160.7 161.2 161.7 162.3 162.8 163.8 164.7 165.8 166.1 165.9 167.1 169.5 171.7 172.8 171.8 170.1 168.4 166.6 164.9 162.9 161.3 159.3 156.9 154.8 152.4 150.4 148.4 146.4 145.3 144.7 143.8 142.9 143.7 144.1 144.2 144.3 144.4 144.2 143.9 143.7 143.5 143.4 142.9 142.4 141.8 141.3 140.9 140.6 140.3 140 139.8 139.5 139.2 138.8 138.8 139 139.1 138.8 138.5
152.3 153.2 153.2 152.8 151.5 150.1 149.1 148.1 147.1 146 147.3 148.3 151.1 152.9 154 154.1 152.9 154.6 155.5 155.9 156.4 156.8 157.6 159 160.2 161.2 162.2 162.8 162.9 165.5 168.6 171.4 173.5 173.6 172.2 170.7 169.1 167.4 165.1 162.5 159.9 157 154.3 151.8 149.5 147.5 145.6 144.5 144 143.6 142.8 142.6 143 143.1 143.2 143.4 143.1 142.9 142.8 142.7 142.6 142.1 141.6 141 140.5 140.2 139.9 139.6 139.4 139.2 139 138.6 138.2 137.7 137.8 137.9 137.6 137.3
152.2 152.6 152 150.8 149.6 148.4 147 146.1 145.1 144.4 145.6 147.3 148.5 149.7 149.8 149.1 149.9 150.6 151.1 151.5 152 152.6 153.7 155.1 156.4 157.5 158.6 159.4 161.5 164.6 167.7 170.3 172.7 173.9 173.8 172.3 170.1 167.7 165.2 162.6 159.6 156.5 153.8 151.3 148.8 146.7 144.7 143.7 143.2 142.8 142.3 141.8 141.9 142 142.2 142.3 142.2 142 141.9 141.8 141.7 141.3 140.8 140.3 139.8 139.5 139.2 139 138.7 138.5 138.3 138 137.7 137.2 136.7 136.7 136.4 136.1
151.1 150.9 150 148.8 147.6 146.4 145.2 144 143.2 143 144.2 145.5 145.7 145.6 145.7 145.3 146 146.7 147.3 147.6 147.9 149.2 150.3 151.4 152.5 153.8 155 156.8 159.6 162.7 165.9 168.9 171.5 172.8 172.7 171.1 169.4 167 164.5 161.8 158.8 155.7 152.8 150.6 148.4 145.9 143.8 142.9 142.5 142.1 141.7 141.4 140.9 141 141.2 141.3 141.3 141.2 141.1 141 140.9 140.5 140 139.5 139 138.8 138.5 138.3 138.1 137.9 137.7 137.4 137.1 136.6 136.1 135.6 135.4 135.3
149.6 148.8 147.9 146.7 145.5 144.4 143.4 142.4 141.4 142 142.7 142.5 142.3 142 141.7 141.8 142.1 142.8 143.4 143.8 144.5 145.7 146.8 148.2 149.7 151.1 152.2 154.4 157.6 160.7 163.9 167 170.2 171.8 171.4 169.8 168 165.5 163.2 160.7 157.8 154.7 151.8 148.9 146.9 144.8 143.8 142.8 142.2 141.9 141.7 141.5 140.8 140.1 140.3 140.4 140.4 140.3 140.2 140.1 140 139.6 139.2 138.8 138.3 138.1 137.9 137.7 137.5 137.2 137 136.8 136.5 136.1 135.5 135 134.7 134.6
147.4 146.6 145.9 144.8 143.9 142.9 141.9 140.9 140 139.7 140.2 139.6 139.3 139.2 138.8 138.4 138.6 138.9 139.4 140 141.3 142.6 144 145.5 147 148.6 149.7 152.8 156.2 159.4 162.5 165.7 168.5 169.5 169.8 168.4 166.5 164.2 161.9 159.4 156.6 153.7 150.7 148.2 146.4 145.3 144.3 143.4 142.8 142.1 141.7 141.5 140.8 140.1 139.4 139.5 139.4 139.4 139.3 139.3 139.2 138.8 138.4 138 137.7 137.5 137.2 137 136.8 136.6 136.4 136.2 135.9 135.5 135 134.4 134 134
146.1 145.4 144.7 143.7 142.4 141.4 140.4 139.4 138.7 137.9 137.5 137 136.5 136.3 136 135.8 135.9 136.5 137 137.9 139 140.3 141.4 142.8 144.4 145.9 147.7 151.2 154.7 158.1 161.2 164.4 166.7 168.1 168.3 166.9 165.1 162.9 160.6 158.2 155.4 152.5 149.9 148.3 147.1 146.2 145.5 144.9 144.2 143.4 142.7 141.7 140.8 140.1 139.3 138.7 138.5 138.4 138.4 138.4 138.5 138.2 137.8 137.4 137.2 137 136.7 136.5 136.2 136 135.7 135.5 135.3 135 134.4 134 133.5 133.4
145 144.5 143.7 143 141.7 140.4 139 138.3 137.6 136.9 136.3 135.7 135.2 134.9 134.7 134.5 134.3 134.8 135.4 136.2 137 138.1 139.2 140.4 141.9 143.4 146.2 149.6 153.1 156.5 159.9 162.7 165 166.7 167.1 166.1 164.3 161.9 159.7 157.6 155.5 153.4 151.4 150 148.7 148 147 146.5 145.7 144.8 144 142.4 140.8 140 139.1 138.5 138.2 137.9 137.6 137.8 137.9 137.7 137.3 136.9 136.7 136.5 136.3 136 135.8 135.5 135.3 135 134.7 134.5 134 133.5 133 132.9
144.3 144 143.1 142.3 141.2 139.9 138.6 137.6 136.8 136.2 135.6 135 134.4 134 133.5 133.2 132.9 133 133.8 134.7 135.4 136.3 137.3 138.3 139.9 142.1 144.9 148.2 151.7 155.1 158.6 161.7 164.2 166 167.1 166.9 166 164.1 162.8 160.6 158.4 156.3 154.4 152.6 151 149.9 148.6 148 147.1 146 144.2 142.3 140.7 139.8 139 138.2 137.9 137.7 137.3 137.3 137.3 137.1 136.8 136.4 136.2 136 135.8 135.6 135.3 135.1 134.8 134.5 134.4 134.1 133.6 133.1 132.6 132.3
143.7 143.5 142.6 141.7 140.6 139.4 138.2 137.2 136.2 135.5 134.8 134.2 133.6 133.2 132.7 132.2 131.8 131.4 132.2 133.1 134.1 135 136.2 138.1 139.9 141.8 143.8 146.8 150.3 154 157.7 161 164.2 166.9 169.1 170.1 169.3 168 166.4 163.8 161.5 159 156.8 154.9 153.2 151.7 150.3 149.4 147.8 146 144.2 142.3 140.7 139.5 138.8 138 137.7 137.4 136.9 136.8 136.7 136.6 136.3 135.9 135.7 135.5 135.3 135.1 134.9 134.6 134.3 134.2 134 133.8 133.2 132.7 132.2 131.7
143.2 142.9 142.2 141.2 140 138.9 137.7 136.8 136.2 135.2 134.1 133.4 132.8 132.4 131.9 131.4 131.1 130.7 131.4 132.4 133.3 134.3 136.3 138.2 140 142.9 145.9 148.2 150.9 154.4 158.1 162.2 167.3 171 173.5 174.5 173.7 171.8 168.6 166.3 163.5 160.8 158.5 156.6 154.9 153.1 151.2 149.4 147.8 146 144.2 142.3 140.6 139.5 138.6 137.8 137.4 137.1 136.6 136.3 136.1 136 135.7 135.4 135.2 135 134.8 134.6 134.4 134.2 134 133.8 133.7 133.4 132.9 132.3 131.8 131.2
142.1 142.3 141.7 140.6 139.5 138.4 137.5 136.9 136.2 135.3 134.2 133.1 132 131.6 131.3 130.9 130.6 130.2 131.1 132.1 132.8 134.5 136.5 138.8 141.8 144.9 147.9 150.6 154.5 158.3 163 167.8 172.8 176.4 178.3 178.1 176.5 173.7 170.6 167.6 164.2 161.3 158.8 156.6 154.7 152.9 150.9 149 147.4 145.7 144.1 142.2 140.6 139.4 138.3 138 137.3 137.4 137.2 136.6 135.7 135.4 135.2 135 134.7 134.5 134.3 134 134 133.8 133.7 133.5 133.4 133 132.5 132 131.4 130.8
140.4 141 141.1 140 138.9 138.2 137.5 136.9 136.2 135.5 134.2 133.1 131.9 131.1 130.8 130.4 130.1 129.8 130.7 131.7 132.5 134.8 137.7 140.7 143.6 146.6 149.6 153.8 158.5 163.5 168.9 174.1 178.1 180.4 181.1 179.8 177.4 174.2 170.6 167.2 163.9 161.3 158.7 156.4 154.6 152.6 150.5 148.6 146.9 145.4 143.9 142.1 142 140.6 139.7 139.4 139.4 139.6 138.7 138 137.2 136.3 135.3 134.4 134.1 133.9 133.7 133.8 133.6 133.5 133.3 133.2 133 132.7 132.1 131.6 130.9 130.3
138.6 139.4 140.3 139.6 139 138.3 137.6 136.8 136.2 135.6 134.3 133 131.8 130.5 130.2 130 129.6 129.5 130.4 131.3 133.3 135.9 139 142.1 145 148 151.6 156.7 161.7 167.4 173.1 178.5 182.5 183.5 182.6 180.2 177.5 173.7 170.1 166.8 163.9 161.2 158.6 156.3 154.3 152.2 150.1 148.1 146.5 145.2 143.7 143.3 143.5 142.8 141.8 142.2 142.6 142.9 141.7 140.4 138.4 137 135.8 134.7 133.7 133.5 133.5 133.5 133.3 133.1 133 132.8 132.7 132.3 131.8 131.2 130.4 129.9
137 137.8 138.7 139.4 138.9 138.4 137.7 136.9 136.3 135.2 133.6 132.7 131.7 130.4 129.5 129.3 129.1 129.1 130.1 131.5 134.4 137.1 140.2 143.3 146.4 149.4 154.3 159.1 164.8 170.7 176.6 182 184.9 184.8 183 180.1 177.1 173.6 169.8 167.3 165 162.1 159.2 156.1 154 151.9 149.8 147.7 146.1 145 144.5 144.7 144.9 145.5 145 145.3 145.7 145.5 144 142.2 139.6 137.5 136.2 135.2 133.9 133.3 133.3 133.1 132.9 132.8 132.6 132.5 132.3 131.9 131.4 130.8 130 129.4
135.2 135.9 137.1 138.4 138.3 137.8 137.6 137.2 136 134.4 133 132 131 130.1 129 128.7 128.5 128.6 130.1 132.3 135.4 138.3 141.4 144.5 147.5 151.5 156.1 161.3 167.5 173.4 179.9 184.5 186.1 185.3 183.3 180.3 176.8 173.9 171.1 168.6 166.1 163.2 160.2 157.1 153.7 151.6 149.5 147.3 145.7 145.3 145.6 146.6 147.5 148.5 148.2 148.4 148.8 147.6 146 143.4 140.8 138.4 136.7 135.6 134.1 133.1 133 132.8 132.6 132.4 132.3 132.1 131.9 131.5 130.9 130.4 130.2 129.8
133.2 134.3 135.6 136.8 137.7 137.4 137.2 136.6 135.3 133.7 132.3 131.3 130.3 129.4 128.4 128.1 128 128.1 129.9 132.8 136.2 139.5 142.3 144.9 147.6 152.4 157.5 163.2 169.9 176.1 182.1 185.5 186.3 185.3 183.4 181.2 178.5 175.4 172.3 169.6 167 164.1 161.1 158.1 155.1 151.4 149.2 147.7 146.8 146.7 147.5 148.8 150 151.1 151.4 151.5 151.6 149.7 147.2 144.6 142 139.6 137.3 135.8 134.2 132.9 132.6 132.4 132.2 132.1 131.9 131.7 131.5 131.1 130.6 130.7 130.9 130.6
131.9 132.9 134.1 135.4 136.5 136.9 136.3 135.2 134.2 133 131.6 130.7 129.7 128.7 129 127.5 127.6 127.9 129.8 133.1 136.5 139.6 142.3 145 148.2 153.1 158.4 164.6 171.5 177.1 182.4 185.3 185.7 184.8 183.3 181.1 179.1 176.5 173.8 170.6 167.9 164.9 161.8 158.7 155.5 152.7 150.2 149.3 148.3 148.6 149.5 150.9 152.1 153.4 154.5 154.8 153.6 150.9 147.9 145.4 143 140.3 137.7 135.9 134.3 132.8 132.3 132.1 131.9 131.7 131.5 131.3 131.2 131 130.9 130.7 130.5 130.3
130.7 131.5 132.7 134 135.1 135.6 135.1 134.2 133.4 132.3 130.9 130 129.1 128 128.6 127.2 127.2 128 130 133.3 136.8 139.7 142.3 145.2 148.8 154.2 159.9 166.1 173 178.1 182.2 184.6 184.2 183.5 182.6 180.9 179.1 176.6 173.9 171.2 168.2 165.2 162 158.9 155.8 153.1 151.8 151 150.2 150.6 151.4 152.9 154.3 155.9 157.1 156.6 155.1 152.1 148.5 146 143.1 140.2 137.7 136 134.3 132.7 132.3 131.8 131.5 131.4 131.2 131.1 131 131.1 130.9 130.7 130.4 130.2
129.5 130.3 131.3 132.6 133.8 134.3 134.3 133.5 132.7 131.6 130.2 129.2 128.3 126.8 126.6 126.8 126.8 128.1 130.2 133.5 136.8 140.2 143.3 146.5 150.9 156.6 162.3 168.3 174.7 178.8 180.8 182.2 182.3 181.8 181.3 180.6 178.8 176.8 174 171 168.1 165.1 162.1 159 156.3 154.2 153.4 152.6 152.3 152.7 153.9 155.4 156.8 158.4 159.5 158.3 155.8 153 149.6 146.1 143.2 140.2 137.8 136.1 134.5 132.7 132.1 131.7 131.3 131.2 131.1 131 130.8 130.9 131.1 131.2 131 130.8
128.5 129.3 129.9 131.2 132.8 133.4 133.5 132.9 132 130.9 129.5 128.5 127.3 126.4 126.1 126.2 126.3 128.2 130.4 133.4 136.3 139.6 144.1 148.5 153.1 158.7 164 169.4 174.5 177.3 178.6 179.5 179.7 179.8 179.7 179.4 178.5 176.7 173.9 170.9 167.9 164.9 161.9 158.8 156.6 156.2 155.2 154.2 154.5 155.7 157.8 159.2 160.2 161.8 161.7 159.8 157.1 153.9 150.5 146.4 143.2 140.2 138 136.3 134.3 132.7 131.9 131.4 131.2 131.1 130.9 130.8 130.7 130.8 130.9 131.1 131.3 131.4
127.6 128.7 128.9 129.9 131.5 132.4 132.6 132.2 131.4 130.1 128.8 127.7 126.5 125.9 125.7 125.8 126.1 128 130.3 133 136.4 140.9 145.6 150.2 155.1 159.8 164.8 169.3 173.1 175.5 175.8 176.3 177.2 177.4 178 178.1 178.2 176.7 174.2 171 167.9 164.8 161.8 159.7 158.7 158.2 158 156.9 157.4 159.4 161.5 163 163.8 164.2 163.5 161.1 158 155.1 151.8 146.6 143.4 140.2 138 135.8 133.7 132.8 131.9 131.2 131 130.9 130.8 130.6 130.5 130.6 131 131.2 131.4 131.5
128.4 128.1 128.4 127.5 129.7 131.2 131.4 131.3 130.6 129.4 128.1 126.9 125.8 125.5 125.3 125.4 125.9 127.7 130.4 134 137.9 142 146.9 151.6 156.4 161.1 164.7 168.1 170.9 172 172.2 173.1 174.6 175.1 176.1 177.8 178.9 178.2 176.2 172.9 169.6 166.5 163.7 163.1 162.7 162.3 162 161.6 162.6 164.9 166.6 166.9 166.8 166.1 164.2 161.8 158.7 155.4 152.8 147.2 143 139.7 137.3 135.1 133.8 132.9 131.9 131 130.8 130.6 130.5 130.3 130.3 130.4 130.7 131 131.4 131.3
126.1 127.1 127.6 128.3 129.2 130.3 127.5 129.2 129.7 129 127.7 127.2 126.1 125.3 125.1 125 125.6 128 131.5 135.3 139.4 143.5 147.6 153 157.7 161.2 164.3 166.1 167.7 168.4 168.5 169.8 171.4 173 176.3 180.2 182.5 182.2 180 176.7 173.4 171.7 169.3 168.3 167.2 167.1 167 166.8 168 170.3 170.9 170.8 169 167.1 164.2 160.9 156.9 153.2 152.6 145.4 142.1 139.1 136.8 134.7 133.8 132.9 131.9 131.5 130.5 130.3 130.1 130.1 130.1 130.1 130.4 130.8 130.9 131
125.4 126.3 126.9 127.5 128.4 129.8 130.3 130.2 130 129.7 127.5 128.5 126.8 125.2 125.3 124.8 126.4 130.2 134 137.7 141 145 149.1 153.5 157.7 160.6 162.5 163.7 164.4 165.2 166 168.7 171.9 175.8 180.5 185.5 188.1 188.8 185.6 181.2 178.6 177 175.1 172.9 171.6 172.2 172.8 173.2 174.5 175.2 175.3 173.5 169.4 166 162.8 159.2 155.2 151.1 148.8 144.4 141.3 138.2 135.3 134.5 133.8 132.8 132.6 132.4 131.3 130 130 129.9 129.9 129.9 130.2 130.5 130.5 130.6
124.9 125.4 126 126.7 127.9 129.3 130 130.1 129 127.6 126.6 125.1 124.6 127.5 126 125.8 128.9 132.7 136 139.2 142.8 146.1 149.5 152.9 156.4 158.8 159.8 160.4 160.9 164.3 168.5 172 176.1 180.8 186.4 193 196.6 196.3 192.3 188.2 184.5 181.3 178.6 176.8 176 176.6 177.5 178.3 179.2 178.3 177 173.7 169.3 164.5 161.1 157.1 153.1 149.8 146.9 143.3 139.7 136.5 135.2 134.5 133.8 133.6 133.4 133.2 132.2 130.1 129.9 129.8 129.8 129.7 129.9 130 130.1 130.2
124.2 124.6 125.2 125.9 127.4 128.9 129.2 128.7 127.5 126.6 125.7 124.3 123.5 123.8 126.3 127.7 131 134.4 137.3 140.7 143.6 146.4 149.3 151.3 153.7 155.2 156.4 159.2 162.8 166.3 169.9 174.6 179 184.8 191.8 200.8 203.6 203 197.7 191.1 186.1 182.3 180.2 179.3 178.6 178.7 179.5 180.2 180.6 179.6 176.7 172.5 167.5 162.9 159 155.1 151.5 148.2 145.5 142.2 138.1 136 135.3 135 134.7 134.3 134.2 134.1 131.6 130.2 130.1 129.9 129.8 129.7 129.6 129.6 129.7 129.8
123.7 124 124.9 126 127.4 128.8 128.3 127.5 126.5 125.6 124.7 123.5 122.8 123.7 125.9 127.5 132 135.3 138.2 140.7 143.3 145.8 147.9 149.1 150.1 152.7 156.5 160.1 162.6 166.5 170.5 174.9 179.2 184.8 192.8 201.3 203.2 201.9 195.3 188.4 184.1 181.9 179.9 179.1 178.3 177.4 178.4 179.7 180.6 180.1 175.9 170.5 165.3 160.9 157 153 150 146.4 144.1 141.1 140.1 139.6 139.3 138.6 137.3 134.6 134.6 134.6 132.1 130.2 129.8 129.6 129.3 129.3 129.4 129.3 129.4 129.4
123.3 123.9 124.8 126.2 127.6 128.4 127.4 126.8 125.8 124.7 123.7 122.7 123 124.2 126.9 129.1 131.8 135.5 137.8 140.1 142.5 144.3 145.8 146.9 149.9 153.3 156.6 159.4 162.3 165.3 169.1 172.6 176.7 180.5 186.3 193.3 196.3 191.2 186.6 182.5 179.3 177 176.3 175.6 174.3 173.4 174.3 176.9 181.1 182.1 176.1 168.7 163.2 159 155 151 147.8 145 143.7 144.1 144 143.8 143.1 140.5 138 136.9 136.2 134.5 132.6 130.8 129.5 129 129 129 129.2 129.1 129 129.1
122.9 123.8 124.9 126.4 127.8 127.9 126.9 126.1 125.1 124 122.9 122.2 122.9 124.9 127.8 129.6 130.7 134.7 137 139 140.7 142.1 143.6 146.4 149.4 152.6 155.7 158 160.8 163 165.9 168.7 171.6 174.9 177.9 181.2 182.8 181.9 180.1 177.5 174.4 172.1 171.6 170.6 169.1 167.6 169.1 175.2 183.1 185.5 177.3 167.8 162 157.6 153.5 150.8 150.1 149.1 148.5 148.4 146.8 145.4 144 141.6 139.2 137 135.4 133.8 132.3 131 129.3 128.8 128.7 128.7 128.9 129 128.8 128.8
