Assets/StreamingAssets/GeoData/Data/su/SU17.asc
ncols 200
nrows 200
xllcorner 410000
yllcorner 170000
cellsize 50
[rows 105 to 139 of 200, columns 0 to 77 of 200]
167.5 166.9 165.9 165 165.6 166.6 167.7 168.9 170.7 172 172.9 173.9 175.2 176.6 178 179.4 180.8 182.1 184.4 186.6 188.3 189.6 189.9 189.8 190 189.5 189 188.4 187.9 187.3 186.7 186.2 186.4 186.2 186.8 188.1 189.4 190.6 191.8 193 194.3 196 197.7 199.4 200.6 202.3 204.1 206.6 209.4 212.6 217.2 223.2 228.7 238.5 249 254.8 260.6 264.1 266.5 267.4 267.5 265.8 263.4 258.5 254.1 249.9 243.4 236 229.4 223.9 216.3 213.2 211.1 210 209 208.2 206.8 205.4
166.3 165.9 164.9 164.7 166.2 167.7 168.9 169.7 170.3 171.3 172.7 173.7 174.9 176.2 177.4 178.7 180.1 182.2 184.5 186.7 188.8 190.2 191.6 192.1 191.7 190.9 190.1 189.4 188.8 188.3 187.7 187.1 187 186.8 187.2 188.3 189.5 190.7 191.9 193.2 194.5 196.2 198 199.6 201.2 202.7 204.3 207.1 209.8 212.6 217 222.7 230.2 241 252 258 263.5 266.4 267.8 268.3 268.2 266.4 264.2 262.2 259.2 255.5 250.6 244.1 237.2 228.6 220.1 217.3 216.5 214.7 213 211.2 208.7 206.3
165.2 164.8 164.8 165.8 167.3 168.9 169.9 170.4 170.8 171.8 172.9 173.6 174.8 176 177.3 178.6 180.3 182.3 184.5 186.9 188.9 190.4 191.9 192.8 192.6 191.5 190.6 189.3 188 187.7 187.4 187 187.5 187.3 187.6 188.7 189.9 191.1 192.2 193.4 194.5 196.1 197.6 199.2 200.8 202.4 204.9 207.8 210.3 212.7 216.1 223.5 232.9 242.4 250.1 257.8 264.6 267.5 268.6 269.2 269.1 268.3 266.6 264.9 262.8 259.5 255.8 250.4 241.9 232.3 229.5 227.6 224 221.1 218.2 214.1 209.8 206.6
164.4 164.8 165.7 167 168.4 170 170.8 171.2 171.6 172.1 172.7 173.5 174.7 175.9 177.2 178.8 180.4 182.4 184.6 187.2 189 190.6 192 192.7 192.8 191.4 189.5 188.4 187.3 186.9 186.4 186.1 187.2 187.9 187.9 189.1 190.3 191.5 192.6 193.5 194.4 195.8 197.2 198.8 200.5 202.5 205.4 208.4 211 214.7 218 222.7 231.9 243.9 252.8 259.7 266 268.3 269.5 269.8 269.7 268.8 267.8 266.1 264.3 262.5 259 253.5 247 243.2 239.9 236.3 232.1 227.9 223.2 217.3 210.8 205.7
164.3 164.7 165.9 167.6 169.4 170.8 171.8 171.9 171.8 171.9 172.5 173.4 174.6 176 177.3 179 180.6 182.6 184.9 187.4 189.1 190.7 192 192.5 192 190.2 188.3 187.1 186.1 185.9 185.5 185.5 186.5 187.5 188.3 189.5 190.7 191.7 192.6 193.5 194.4 195.7 197.1 198.5 200.2 202.8 205.5 208.9 214.9 220.1 225.2 229.3 239 247.4 255.2 262.2 267.3 269 270.4 270.4 270.1 269.2 267.8 265.5 263.7 262.8 260.5 256.8 253 250.2 245.7 241.9 237.1 231 224.5 216.7 210.2 205.2
164.2 164.8 166 167.4 169.1 170.5 171 171.4 171.6 171.7 172.3 173.7 174.9 176.4 177.7 179 180.9 183.2 185.5 187.7 189.4 190.9 192 192 190.9 189 187.2 185.8 184.8 184.4 184.5 184.9 185.9 187 188.8 190 191.5 192.9 194.3 195.8 196 196.4 197.5 198.9 201 203 205.8 210.9 217.1 225.6 233.1 241.5 248.7 255.4 261.1 265.6 269 270.5 270.9 270.8 270.1 269.1 267.1 264.9 263.2 262 261.3 259 256.2 252.5 247.9 242.9 236.5 228.7 221.4 213.7 207.7 203.1
164 164.9 165.9 167.2 168.8 170 170.3 170.6 171 171.7 173.4 175.2 176.6 177.4 178.8 180.4 182.2 184.7 187.6 189.2 190.3 191.1 191.5 191.2 189.5 187.8 185.8 184.7 183.8 183.3 183.5 184.3 186.1 188.1 189.6 191.3 193.2 195.3 197.1 197.7 197.7 197.8 199.1 200.3 202.2 205 209.2 212.8 220.8 226.3 236.7 246.7 254.3 260.8 266.2 269.1 270.5 271.2 271.4 271.2 270.1 268.2 265.7 263.1 261.4 261 260.5 259 256.8 253.4 248.4 241.1 231.3 222.7 216.6 210 208 205.9
164 165 165.9 167 168.4 169.4 169.9 170.1 171.7 172.9 174.6 176.4 178.2 179.4 180.9 182.6 184.9 187 189.6 190.2 190.6 190.3 190.1 189.7 187.9 186 184.3 183.7 183.2 183.5 183.7 184.8 186.8 189.5 191 193.5 196 198.4 200.4 200.4 200.4 200.5 201.5 203.1 205.7 211.4 218.2 225 229.6 237.2 245.1 252.3 259.4 265.8 268.8 270.4 270.9 271.4 271.8 270.9 269 266.5 262.7 258.1 258.1 258.6 259.3 258.9 257.6 254.9 250.9 244.6 235.2 224.6 215.5 214.9 215.5 211.3
163.9 164.8 165.7 166.8 167.6 168.6 169.2 170.3 172.1 173.8 175.7 177.6 179.4 181.2 183.8 186.1 188.2 190.2 191 190.8 189.9 188.6 188.2 187.1 185.7 184.2 183.3 182.8 182 182.7 183.5 185.2 188 190.8 192.8 195.3 198 200.4 202.3 203.3 203 203.9 205.3 207.6 211.4 218.2 227.3 236.8 243.8 246.5 253.5 259.1 264.7 267.9 270.1 270.5 270.8 271.5 271.2 269.6 267.2 264 258.8 252.5 250.1 251 254.1 257.3 257.8 256.5 253.6 248.1 239.6 230.2 223 224.7 222.4 215.8
163.4 164.4 165.6 166.6 167.4 168.5 169.5 170.9 172.7 174.1 175.6 178 180.3 182.3 185.5 188.7 190.9 192 191.7 190.8 188.8 186.9 185.9 185.1 183.7 182.5 182 181.6 181.3 181.9 183.3 185.4 188.2 191.8 194.7 197.6 200.5 202.2 203.8 205.5 206.3 207.2 210.6 215.7 218.4 225.1 235.3 245 251.9 255.2 259.6 264.6 267.2 269.2 270.3 270.5 270.7 270.5 269.3 266.7 263.3 259.1 254.1 248.5 242.3 238 242.3 250.9 255.8 257 255.1 251.6 245.3 237.9 235.2 234.4 228.3 219.7
163.2 164.4 165.6 166.4 167.6 168.9 169.9 171.5 172.9 174.3 175.8 177.7 180.1 183.2 186.5 189.3 191.8 192.4 191.7 189.6 187.7 185.5 183.9 183.3 181.9 181.5 181 180.4 180.9 182 183.4 185.4 188.4 192.4 196.8 200.5 202.3 204 205.4 207.2 208.9 211.5 216.8 223.9 229.2 235.5 242.5 250.4 257.4 261.2 265 267.3 268.5 269.3 269.8 269.5 268.9 267.4 265.2 262 257.7 253.4 249.1 243.9 236.7 228.4 228.6 235.6 249.3 254.8 255.2 253.4 249.3 245.2 242.2 239.9 233.7 227
163.5 164.5 165.5 166.7 167.9 169.2 170.3 171.8 173.2 174.6 176.1 177.7 180.1 182.9 185.8 188.7 191.2 191.8 190.6 188.5 186.2 183.9 182.6 181.5 180.9 180.5 180 180.1 181 182.2 184 186.5 189.9 194.2 198.9 201.4 203.4 205.1 207.3 209.5 212.9 217 223.2 231.8 239 244.6 249.5 255.4 260.4 264.8 267 268 268.1 268 267.7 267 265.6 263.1 259.8 256.2 251.4 245.2 241.1 235.3 228.5 222.4 218.7 223.7 235.2 243.1 246.9 248.2 248.9 247.8 246.4 243.5 240.4 236.9
163.6 164.4 165.5 166.8 168 169.2 170.5 172 173.4 174.8 176.3 178 179.8 182.2 185 187.9 190.3 190.7 189.5 187.2 184.7 182.7 181.2 180.3 179.9 179.5 179.3 180.3 181.2 182.6 184.7 187.3 190.9 195.2 199.1 201.6 203.9 205.9 208.1 211.3 214.6 221.8 229.8 238.2 245.3 250.1 254.7 258.9 262.7 265.6 267.2 267.1 266.2 265.5 264.7 262.9 261.2 258.4 254.4 249.5 244.7 237.9 229.8 224.4 219.7 216.2 213.3 215.3 218.8 224.4 227.8 230.6 236.7 242.1 245.2 245.2 244.4 243.6
163.4 164.1 165.4 166.7 167.9 169.2 170.6 172 173.5 175 176.5 178.4 180.2 181.9 184.3 187.1 188.7 188.9 187.8 186.1 183.7 181.3 179.9 179.1 178.8 178.4 179.5 180.5 181.5 183 184.9 187.5 190.5 194.7 199 201.9 204.1 206.4 208.8 212 217 225.4 234.6 243.1 249.2 254.3 258.1 260.8 263.2 264.5 264.1 263.2 262.3 261.6 260.9 258.8 256.3 252.5 247.8 242.1 234.9 228.7 222 216.9 214.3 211.9 209.9 208.5 208.9 210.4 212.8 215.2 220.1 225.7 230 233.5 240.3 245.9
163.1 164 165.3 166.6 167.9 169.1 170.6 172.1 173.6 175.2 176.9 178.8 180.6 182.3 184 186 186.9 186.6 185.6 184.3 182.1 179.8 178 177.8 177.6 178.4 179.5 180.7 181.7 183.3 185.2 187.8 190.7 194.8 199 201.8 203.8 205.4 207.9 211.5 218.7 228.4 238.3 246.3 251.8 256.6 259.7 261.6 262.8 262 260.1 258.4 256.4 255.9 256.5 255.1 250.7 246.1 240.3 233.5 226.8 221 216.5 213.9 212.8 212 210.9 209.4 207.3 205 204 205.4 207.9 210.8 213.8 218.6 226.1 237.1
162.8 163.8 165.2 166.5 167.8 169.1 170.7 172.3 174 175.6 177.3 179.1 180.9 182.5 184.2 184.7 185.1 184.3 183.4 182.2 180.3 178.1 177.2 177.2 178.3 179.3 180.1 180.9 182.1 183.6 185.5 188.2 191.3 195.6 199.2 200.8 202 204 206.7 211.6 220.5 232 242.3 248.6 252.9 257.1 260 261.6 260.8 258.6 256.1 253 250.7 250.1 251.7 250.6 246.2 238.9 232.4 226.6 221.5 217.9 216.7 216.1 215.4 215.2 213.9 212.4 209.9 207.4 204.8 202.4 201.3 201.8 203.1 207.5 212.8 221.6
162.8 163.7 164.9 166.1 167.3 169.1 170.8 172.6 174.3 176 177.7 179.3 181 182.6 183.4 183.8 183 182.2 181.3 180 178.6 177.3 177.1 177.9 179.1 180.1 180.9 181.8 182.6 183.9 186.2 189 191.8 194.6 197.3 198.7 200 202.7 206.1 212 222.4 235.1 245.1 249.2 252.6 256.7 259.1 259.7 258.1 255 251.9 248.9 245.7 244.7 245.6 243.9 240.3 234 227.3 222.9 220.3 220 219.5 218.8 218.3 218.3 216.9 215.1 212.7 210.2 207.7 205.2 202.7 200.3 198.4 199.1 202.2 207.4
162.7 163 164.1 165.1 166.9 168.8 170.5 172.3 174 175.7 177.4 178.2 179.6 181.1 181.7 181.9 181 180.1 179.2 177.9 177 176.8 177.6 178.7 179.9 180.8 181.7 182.6 183.4 184.3 186.1 188.4 190.4 192.5 194.8 196.7 198.4 201.6 204.5 210.6 219.7 230.7 241.8 247.3 252.3 255.6 257.7 257.1 254.9 251.4 248 244.8 241.6 239.8 238.4 235.8 232.1 226.5 224.4 222.8 221.7 222.3 222.2 221.5 221.6 221.3 220 218.2 215.4 212.9 210.4 207.9 205.5 203.1 200.4 197.6 196.2 196.8
162.5 162.7 164 165.4 166.9 168.6 170.2 172 173.7 175.4 177.1 177.7 178.4 179.1 179.6 179.8 179 178.1 177.1 176.5 176.3 177.2 178.3 179.5 180.7 181.6 182.4 183.3 183.9 184.9 185.9 187.2 188.9 190.5 192.4 194.6 197.1 199.8 202.4 207.2 214.7 224.5 235.7 245.6 253.1 255.9 256.7 255.2 251.7 248.1 244.8 241.8 239 236 233.4 232 230.1 228.3 226.7 224.8 224.6 225.5 225 224.7 224.9 225.1 223.8 221.5 218.9 215.9 213.2 210.7 208.2 205.6 202.8 199.8 197.4 194.9
162.2 162.4 164.3 165.7 167.2 168.8 170.4 172.1 173.8 175.5 176.7 177.3 177.6 177.6 177.6 177.5 176.9 176 175.6 175.4 176.4 177.8 179.2 180.3 181.5 182.3 183 183.6 184.4 185.5 186.5 187.4 188.8 190.4 192.2 194.4 197 199.9 202.5 208.7 218.7 231.4 241.9 249.5 255.1 257.2 257.4 254.3 251.7 248.9 247.3 244.5 241.7 239.1 237.4 236 234.5 232.2 229.2 227.7 229.2 229.9 228.7 228.4 228.5 228.7 227.6 224.9 222.4 219.5 216.5 213.5 210.8 208.1 205.1 201.9 199.5 197.3
162 162.1 164.1 166 167.6 169.4 171 172.6 174.2 175.8 176.3 176.4 176.2 176.1 175.9 175.5 175.1 174.7 174.7 175.7 176.9 178.3 179.7 181.1 182.1 182.7 183.4 184 185 186 186.8 187.9 189 190.6 192.1 194.1 196.8 200.2 203.2 209.1 218.9 231.6 241.9 250.6 256.4 258.9 258.6 256 253.1 251.3 249.5 247.9 245.9 243 242.5 241.6 238.9 234.7 231 232.1 233.7 234.4 232.6 232.2 232.3 232.6 230.9 228.4 225.8 223 219.8 216.6 213.3 210.4 207.2 204.1 201.7 199.5
161.8 162 163.9 166.4 168.5 170.2 171.8 173.2 174.6 175.7 175.5 175.1 174.5 174.3 174.1 173.9 173.4 173.8 175 176 177.4 178.4 179.1 179.9 181 182 183.1 184.2 185.4 186.1 187.2 188.3 189.2 190.7 192.2 193.9 196.6 200 203.8 210 221 233.6 243.2 251.9 258 260.4 260.2 259.3 257.1 255.2 253.6 252.2 250.6 248 247.2 245.2 241.7 237 234.6 236.1 237.9 237.9 236.5 236.6 237.1 237.1 234.6 231.3 228.8 225.1 222.6 219.4 215.7 212.4 209.3 205.9 203.3 200.9
161.3 161.4 164 166.7 169.3 170.7 172.1 173.5 174.9 175.2 174.9 174.6 173.4 172.6 172.4 172.2 172.7 173.8 174.7 175.2 175.8 176.6 177.3 178.3 179.4 180.5 181.5 182.6 184.1 185 185.7 186.4 187.3 188.8 191.6 193.8 196.4 200.4 204.9 212.7 221.2 232.6 244.2 252.9 259.1 262.4 262.7 262.2 261.2 259.6 258.4 256.6 255 253.1 251.7 248.9 244.2 241.1 240.2 240.3 241.7 241.3 239.7 238.9 239.5 238.9 236.8 233.7 230.2 226.3 222.5 219 216.9 213.7 210.6 206.5 203.6 200.3
160.4 161.1 163.4 166.5 168.9 171 172.3 173.7 175 174.7 174.4 174.1 172.9 171.7 170.8 171.2 172.1 173 173.6 174 174.3 174.9 175.6 176.7 177.9 178.9 179.8 180.7 181.7 182.6 183.5 184.2 186 188.1 190.6 193.3 196.9 200.8 205.6 213.5 223 233.9 243.7 252.4 259.5 263.8 265.2 264.8 264 263.2 262.7 261.4 259.2 257.7 256 252.4 249.2 247.8 246.3 244.5 245 244 242.4 240.3 239.6 237.8 235.9 232.8 228.6 224 220.1 216.6 214.5 212 209.2 205 202 199.1
159.8 160.5 163.7 166.1 168.5 170.9 172.6 174 174.4 174.1 173.8 173.4 172.2 170.9 170 170.4 171.3 172 172.4 173.1 174.2 175 176.1 177.3 178.4 179 179.4 179.8 180.4 181 182 183.6 185.5 187.7 190.8 194.4 198.9 203 208.7 217.2 226.6 237.3 245.9 254.2 260.4 265.1 266.6 267.1 266.8 265.9 265.2 264.7 263.4 261.8 259.7 257.2 255.4 253.8 251.5 249.6 247.9 245.2 242.2 239.7 237.1 234.6 231.8 228.5 224 218.3 215.1 211.4 210 207.3 204.8 201.8 199.3 196.8
159.9 160.8 163.2 165.6 168 170.4 172.2 173.2 173.5 173.2 172.9 172.4 171.3 170.1 169.3 169.6 170.6 171.6 172.7 173.7 174.8 175.7 176.9 178.1 179.1 179.9 180.3 180.7 181.4 182.1 182.7 183.6 185.3 188.1 192 196.6 201.1 206.2 213.4 222.8 232.4 241.8 248.9 256 261.8 266.3 267.9 268.5 268.2 267.8 267.2 266.1 264.9 263.8 262.4 260.4 258.6 257.2 254.2 251.4 248.2 244.9 241.1 236.9 232.4 228.2 224.1 218.4 214.7 210.4 207.5 206.9 202.2 202.2 200.2 199 197.6 196
159.3 161.3 163 165.1 167.4 169.8 171 171.6 172 172.1 171.9 171.4 170.3 169.2 168.7 169.8 171.2 172.3 173.3 174.3 175.4 176.6 177.7 178.9 179.9 180.8 181.2 181.8 182.4 183.1 183.7 184.5 185.8 189.2 194 198.8 203.4 208.8 216.6 227.3 239.2 247.3 252.7 258.6 264.1 267.7 269 269.9 269.4 268.7 268 267.3 266.3 265.2 263.8 262.3 259.8 257.2 253.8 250 245.7 241.7 237.1 231 225.9 219.4 213 211 209.3 207.4 205.8 204 202.3 201.2 199.6 198.9 198.1 197.3
159.5 161.8 163.5 165.1 167.3 169 169.6 170 170.4 170.7 170.7 170.4 169.3 168.3 168.3 169.9 171.7 172.7 173.4 174.2 175 176.6 178.1 179.6 180.6 181.5 182.2 182.8 183.4 184.1 184.7 185.5 186.4 190.1 194.6 199.3 203.9 208.7 217.2 227.2 239.1 247.4 254.5 260.6 265.6 268.6 270.1 270.9 270.2 269.5 268.8 268.1 267.4 266.2 264.3 261.9 259 254.9 251.1 246.4 241.2 234.3 226.6 221.7 219.9 216.7 215.9 214.4 213.2 210.4 207.9 206.2 203.8 202.1 200.9 199.9 199.3 201
160.8 162.4 164 165.7 167.3 168.3 168.8 169 169.2 169.2 169.1 168.6 167.8 168.1 169 170.7 171.6 172.3 173 173.7 174.5 176 177.5 179 180.3 181.6 183 183.8 184.4 185 185.7 186.5 187.2 190.4 194.1 197.6 202.2 207 213.8 225.2 238.2 247.1 254.6 261.5 266.3 269.3 270.6 271.3 270.7 270.2 269.6 268.8 267.5 265.6 263.6 260.3 256.1 251.6 246.4 240.7 232.8 227.8 225 223.3 221.7 221.2 221.2 219.5 217 213.8 210.8 208.4 205.5 203.7 202.4 201.7 202.9 205.1
161.3 162.9 164.5 166.1 167 167.5 167.5 167.5 167.5 167.6 167.4 166.9 167.6 168.4 169.5 170.5 171.3 172 172.7 173.4 174 175.4 176.9 178.4 179.7 181 182.5 184 185.4 186 186.7 187.4 187.8 190.1 193.6 196.8 200.5 204.7 213.4 223.5 235 244.2 252.9 261 266.6 269.7 271 271.7 271 270.3 269.6 268.7 267.1 264.9 261.5 257.2 252.3 247.3 240.9 233.5 231.3 231.6 230.7 228.8 228 227.5 226.7 224.8 221.4 218 214.5 210.6 207.4 205.3 204.3 205.2 207.3 208.8
161.8 163.4 164.8 165.8 166.3 166.3 166.1 165.8 165.8 166 166 166.8 167.5 168.2 169.3 170.3 171 171.7 172.4 173 174.2 175.2 176.5 177.9 179.2 180.5 182 183.5 185.1 186.7 187.6 188.4 189.1 191.3 193.4 196.2 199.3 202.7 208.6 217 226.6 239 251.9 260.8 266.8 270.1 271.4 271.8 270.9 270.1 269.3 268.4 266.4 262.7 258.2 253.3 248.5 243.3 237.6 236.3 236.9 238 237.2 236.1 235 233.9 232.7 229.4 225.8 222.2 218.2 212.9 209.6 208.2 209.3 212.3 214 213.7
162.2 163.5 164.6 165 165.2 165.1 164.9 164.6 164.6 165.4 165.7 166.3 167.1 168 169.1 170.1 170.7 171.4 172.4 173.5 174.7 175.7 176.6 177.9 179 180 181.3 182.8 184.3 186 188.2 189.9 190.8 192.5 194.5 196.7 199 201.7 207.3 217.3 230 241.7 252 261.6 267.7 270.9 271.7 271.9 271.1 269.9 269.1 267.9 265.3 260.9 255.4 249.8 245.9 242.3 242 242.8 243.1 244.1 243.7 242.8 241.1 239.6 237.7 234.2 230 226.2 221.4 215.8 213.6 214.1 217 220.4 221.3 217.2
161.5 163 163.6 163.9 164.1 163.9 163.6 164.4 165.2 166.1 166.7 167.4 168 168.3 168.9 169.7 170.7 171.8 172.9 174 175.2 176.2 177.1 178.1 179.1 179.9 181 182.2 183.4 185.7 187.9 189.8 191.5 193.9 195.7 198.2 200.5 203.9 211.8 219.4 226.8 239.9 252.8 262.2 268.5 271 271.8 272 271.2 270.1 268.9 267.1 264 259.7 253.6 248.7 248.1 248.5 249.5 250.1 250.1 250.1 249.4 248.8 247.2 245.4 242.4 239.1 234.8 230.5 226 222.3 221.8 222.6 225.1 226.9 226.2 222.7
161.2 162.2 162.4 162.8 162.9 163.2 164.1 165 165.9 167 167.7 168.4 168.7 169.1 169.5 170.1 171.2 172.3 173.4 174.6 175.8 176.7 177.6 178.6 179.8 181.1 182.2 183.4 184.4 185.5 187.7 189.7 191.3 193.6 196.1 199.4 202.7 209.5 220 230.4 237.8 245.8 255.6 264.1 268.7 271.1 271.4 271.7 271.1 270.2 268.4 266.1 263 258.2 253.6 254.1 255 256 256.7 256.6 255.8 255.1 254.3 253.2 251.7 249.5 246.9 243.9 240.1 236.7 233.6 231 230.5 231 232 232.8 231.3 227.5
161.4 162 162.1 162.2 163.3 164.2 165.2 166.1 167.3 168.4 169.4 169.7 169.7 170.1 170.5 170.9 171.6 172.8 173.9 175.1 176.3 177.3 178.2 179.2 180.2 181.5 183.5 184.7 185.5 186.6 188 189.2 190.3 193.8 196.5 200.6 205 214.4 228 239 246.9 253.6 260.6 266.5 269.8 271.1 271.2 271.4 270.7 269.8 267.7 265.4 262.2 259 259.2 260.2 260.3 260.4 260.6 260.6 259.5 258.6 257.5 256.3 254.3 252.5 250 247.4 244.5 242.3 240.4 239.2 238.4 238 238.1 237.8 235.7 231.9
