Assets/StreamingAssets/GeoData/Data/nj/NJ01.asc
ncols 200
nrows 200
xllcorner 300000
yllcorner 810000
cellsize 50
[rows 0 to 34 of 200, columns 0 to 77 of 200]
219 220.3 221.6 221 221.1 222.6 223.3 224.5 226.1 226.3 227.3 227.6 228.3 229.1 230 230.9 232.5 234 235 236.7 237.1 237.4 236.5 232.8 232.6 233.5 236 236.3 237.3 238.2 237.8 239 241.5 242.2 242.8 242.8 243.4 244 244.4 244.8 245.4 246.4 247.4 248.2 249.6 252.6 251.9 250.5 249.3 249.7 256.7 270.9 274 277.4 277.6 278.6 280.6 281 281.8 283.1 283.3 282.4 282.5 283.1 283.3 283.2 283.7 283.9 284.2 284.9 284.5 284.2 284.5 286 287 287.4 288.5 289.4
219.4 220.5 221.5 220.5 221.8 223.2 224.4 224.6 225.8 226.2 226.5 227.8 229 229.9 230.5 231.4 234.2 235.3 235.8 237.2 237 237 236.6 234.1 232.6 233.3 235.8 236.4 237.5 238 238.1 239.3 240.7 241.8 242.7 242.9 243.4 244 244.6 245.1 246 246.9 247.7 248.4 249.7 251.9 251.9 250.9 250.2 251.2 261.3 270.1 273.6 276.5 278.6 278.9 280.4 280.6 280.5 282.4 283 284.9 284.4 284.5 284.8 284.2 284.8 285.2 285.3 285.5 285.3 285 285.5 286.1 286.9 287.9 288.1 290
219.9 221.2 222.6 223.2 223.2 223.7 224.8 225.1 226.4 226.6 227.5 228.8 229.5 230.6 231.2 231.9 235.3 236.6 236.1 236.8 237.3 236.6 236.1 234.8 233.5 234.6 235 236.3 237.3 238.8 239.3 239.2 240.4 241.6 242.8 242.9 243.3 243.9 244.5 245.3 246.4 247.2 248 248.7 249.1 249.5 250.2 250.6 250.7 251.8 260.1 267.6 273.1 276.6 278.5 279 280.9 280.7 280.9 280.6 283.1 284.5 284.6 285.1 285.4 285.1 285.2 285.4 285.7 286.6 286.2 285.9 286.4 287 287.6 288.6 289.6 290.5
220.6 221.7 223.9 224 224.3 225 226 225.7 226.6 226.9 228.1 228.1 228.9 230.4 231.1 233.1 236.1 236.8 236.9 237.5 237.1 236.3 236.6 236.3 234.6 232.8 234.9 235.7 237 239.3 241 241.7 240.4 241.6 243.5 243.3 243.5 244.4 245.3 246.1 246 247.1 248.3 248.9 249.3 249.8 250.6 251.6 253.5 254.5 258 266 272 276.1 279.3 279.7 280.8 280.7 280.2 280.3 281.2 283.7 284.8 285.1 286.4 285.9 285.5 286.8 286.1 287.2 287.2 286.8 287.2 287.8 288.4 289.3 290.2 291
220.7 223.2 224.7 224.6 225.2 225.5 226.5 226.7 227.2 228 229.1 229.4 229.2 230.3 231.6 234.3 237 237.4 237.5 237.7 237.6 237.3 238 236.4 235.1 236.1 236.4 235.9 236.1 235.2 243.1 241.4 240.7 241.4 243.4 243.2 243.5 244.3 245.1 245.8 245.7 246.8 248.8 249.1 249.6 250.4 250.7 252.6 258.1 260.3 255.8 262.4 271.1 275.1 278 278.3 278.7 279.1 280.2 279.7 281 280.7 283.6 284.8 285.3 285.4 285.6 287 287 287.3 287.3 287.3 287.4 288.1 289.3 290.2 291.2 291.9
221.9 223.4 225.2 225.8 225.8 225.6 227.2 227.9 228.4 229.2 229.5 229.5 229.9 230.4 231.6 235 237.4 238.2 238.2 238.2 237.8 237.7 237.9 237.5 235.5 236 237.1 237.2 237.2 237.6 234.8 240 240.9 242 242.4 242.3 244 244.1 244.6 245.1 245.7 247 248.5 249.1 249.9 250.5 251.5 254.6 263 262.6 257.4 261.6 269 274.3 276.9 277.6 277.5 278.4 279 278.1 279.3 280.2 282.2 283.1 282.7 283.2 284.8 286.8 286.9 287.3 287.9 287.9 288.9 288.8 289.9 291 291.9 292.8
222.7 223.3 225.6 227.2 226.8 226.9 227.7 228 229.2 229.8 229.8 230 230.4 230.8 232 236 238.3 239.2 239.2 239.5 239.4 238.7 238.2 237.4 235.2 236.8 237.7 238.2 238.2 238.1 238.1 238.6 240.3 241.7 241.9 242.4 243.5 244.2 244.7 245.5 246.4 246.9 248.2 249.3 250.1 250.9 251.7 257.8 263.8 263.5 259.9 260.9 266.2 271 276.2 277.1 275.9 277.6 277.9 278.5 279.5 279.5 281.8 283.4 283.3 283.5 286.5 287.7 287.2 287.1 288 289 288.3 289.5 290.4 290.6 291.9 292.9
222.6 223.3 225.7 228.2 228.3 226.6 228.3 229.3 229.9 230.1 230.3 230.7 231.1 231.7 232.5 236.2 238.3 238 238.4 238.4 239 237.8 238.2 237.6 235.9 237.4 238.1 238.7 238.9 239 239.2 236.4 238.8 237.4 240.3 241.5 242.2 243.2 245.1 245.8 246.8 247.2 248.1 249.2 250.3 250.8 251.4 257.7 264.3 264.6 262.8 259.9 262.2 269 273.5 274.4 274.4 276.4 276.6 277.2 278.5 279.8 282.6 283.4 282.1 283 286.2 287 287.1 288 289.4 288.7 289.8 290.1 291.6 292.1 293.3 295
222.8 224.1 225.9 227.9 227.6 227.4 228 228.9 229.2 229.7 230.2 231.4 232.6 232.4 233.1 234.9 237.4 237.3 237.5 237.5 238.1 237.9 238.1 237.3 236.7 237.2 238 238.8 239.3 239.5 239.2 239.4 239.6 239.8 240 238.4 242.1 242.9 244.1 246.4 247.3 247.3 248.1 249.6 250.1 250.4 251.1 254.7 263.2 264.8 264.6 263.8 261.2 267.5 271.9 274.4 274.9 275.4 276.2 276.4 277.5 279.5 283.2 284 282.6 283.9 286.4 286.5 287.7 289.8 289.9 290.2 290.5 291.1 292.9 293.5 294 295.3
224.1 225.2 226 227.5 227.4 227.3 227.6 228 228.7 230.4 231.3 231.5 233 232.9 233.6 235.1 236.1 236.4 237.1 237.7 237.8 237.8 238.2 237.9 237.6 237.3 238.1 239 239.7 239.7 239.8 240.3 240.4 240.8 241 240.7 242.4 242.9 243.6 245.4 246.1 247.5 248.1 249.2 249.7 250.1 250.7 252.4 258.4 265.3 265.3 264.7 262.2 265.5 270.4 272.8 275 274.5 276.5 276.2 277.7 279.9 282.2 284.5 285 286.1 287.1 287.7 288.9 290.7 291.5 290.5 290.9 292.2 293 293.5 294.4 295.3
224.5 226.4 226.3 226.9 227.6 227.8 227.9 228.4 230.3 231.5 232.1 231.4 232.6 233.5 234 234.8 235.7 236.8 237.3 238.5 238.7 238.7 239 237.9 238.2 237.9 238.2 239.2 239.9 240.1 240 240.9 241.3 241.6 241.8 240.2 242.8 243.3 243.7 244.8 246 247 248 248.9 249.4 250.3 250.8 252 253.2 260 265.4 265.4 263.5 265.2 269 271.8 273.5 274.1 274.9 275.6 276.4 279.2 282.1 284.1 285.6 286.7 287.3 288.3 289.6 290.4 290.7 291.1 292.4 293 293.2 293.8 294.9 295.9
224.6 226.9 226.6 227.3 227.7 227.6 228.5 228.9 231.1 232.2 232.5 232.2 233.1 234.1 234.8 235 235.6 236.7 236.7 239.2 239.2 239.2 239 238.4 238.9 238.4 238.4 238.7 239.6 240.3 240.3 240.8 241.4 241.9 241.7 241.6 243 243.8 244.2 244.9 246.1 247.1 247.4 248 249.4 251 250.6 252.3 253.6 254.7 263.1 265.5 263.8 264.8 268.4 270 272.9 273.5 274.2 274.4 275.1 277.6 281.5 283.2 284.7 286.1 286.6 288 289.4 290.5 291.5 290.8 293 293.1 293.3 294.3 295.4 296.5
224.7 225.4 226.2 227 227.7 228.5 229 229.1 231.9 232.4 232.8 232.7 233.5 234 234.7 235.2 235.6 236.2 237.2 238.6 239.6 239.2 239 238.9 239.9 238.9 238.9 238.9 239.5 240.5 241 241.2 241.5 241.8 242.1 242.1 243 244.2 244.6 244.5 246.3 247.3 247.7 247.8 248.3 249.4 250.6 251.8 253.8 254.2 259.5 264.5 262.9 264.5 267.8 269.3 270.5 272.4 273 274.3 274.8 277.3 281.3 282.8 283.7 285 285.8 287.3 289.3 290.2 291.1 290.9 291.9 292.9 293.5 293.7 294.9 296
225.6 225.2 226.4 226.9 228 229.2 230.5 230.8 232.2 233.4 233.5 233.6 234.8 234.3 235.3 235.7 236.1 236.5 238 239 239.8 239.8 239.6 240.2 240.7 239.4 239.3 239.4 239.5 240.3 241.4 242.1 242.2 242.3 242.8 242.7 243.1 244.4 242.6 244.8 245.7 246.4 245.8 246.7 248.4 249.8 249.9 252.1 253.6 253.9 257 253.9 251.5 262.4 263.2 268.4 269.1 271 272.6 272.6 273.8 276.9 280.3 282.8 283.5 284 285.2 286.2 289.4 290.3 290.7 291 291.5 292 292.7 292.6 293.7 294.6
225.6 225.9 226.8 226.9 227.6 228.6 229.8 230.7 231.9 233 233.3 233.7 234.5 235.3 235.8 236.1 236.7 237.2 238.1 239.4 240.1 240.2 240.7 241.7 241.6 241.1 240 239.9 239.9 240.2 241.2 242 242.4 242.6 242.9 242.4 243.6 242.4 244.5 245.1 246.6 246.7 247.2 247.7 249.3 249.1 248.8 251.5 251.9 252.8 252.9 254 254.5 254.8 256.3 262.1 267.4 269.1 273.1 272.4 272.9 275 280.8 281.6 283.3 283.9 284.4 285.6 289.4 290.2 290.4 290.5 291.1 291.9 292.2 292.4 293.9 294.2
226.4 226.4 227.4 228.4 228.2 229.4 229.8 231 232 233.4 233.9 234.1 234.3 235.4 235.4 236.1 236.7 237.2 238.3 239.7 240.1 240.3 240.8 241.6 243.1 241.6 240.6 240.5 240.5 240.5 241.2 241.9 242.4 242.9 243.3 243.3 243.7 244.1 244.1 244.8 246.1 246.6 247.7 249 249.7 250.1 250.3 249.8 251.9 253.4 253.1 254 256.7 258.2 255.8 256.8 258.3 264.8 263.3 273.6 273.1 275.9 278.3 280.5 282.8 283.5 283.5 284.4 287.2 289.8 291 291.4 291.8 292.6 293 293.1 293 293.2
225.2 226.6 227.9 227.9 227.9 229 230.3 231.5 232.1 233.5 234 234.1 234.5 235.2 235.7 236.7 237.2 237.9 239 239.9 240.2 240.4 241 241.9 243.8 241.9 241.3 241.2 241.1 241 241.4 242.1 242.6 243.1 243.8 244.2 244.1 244.2 244.1 244.4 245.6 247.3 248.7 249.4 249.9 250.4 251 250.4 251.4 250.1 253 255.4 264.5 267.7 264.4 260.1 257.5 257.3 258.3 258.5 273.4 275.9 278.4 280.3 282.4 283.4 282.9 284.1 286 288.8 291.3 291.8 292.2 292.8 293.1 293.1 291.7 290.4
226.8 228.2 228.5 228.5 227.8 228.8 231.7 232.8 233 234.3 234.2 234.2 234.7 235.3 235.9 237.2 238.6 239.1 239.8 240 240.2 240.5 241.6 242.7 242.9 242.5 241.3 241.6 241.4 241.7 242 242.3 242.8 243.3 243.9 244.4 244.4 244.6 244.8 245.4 246.9 247.8 248.7 249.5 250.2 250.5 251.5 251.3 251.4 250.7 256 257.3 262.6 267.4 268.3 268.7 267.7 262 258.9 259.7 273.5 276.6 278.6 280.4 282.6 283 282.7 284.1 285.4 287.8 290.6 292.1 292.6 293.1 292.8 291.9 291.2 290.5
227.1 229.3 229.6 228.8 228.7 229.8 231.9 233.4 233.9 235.7 234.9 234.6 234.9 235.3 236.5 237.8 239 239.2 240.2 240.8 241.3 241.5 243.7 244.9 244 243.3 242.7 242 242.1 242.5 242.8 243 243.4 243.8 244.2 244.4 244.9 245.2 245.4 245.7 247.2 247.8 248.1 248.9 249.6 250 250.4 251.3 251 252.8 255.9 257.9 263.9 265.2 267.6 269.9 270.5 269.6 260.6 262.4 273.6 275.1 277.9 281.2 282.2 283.3 282.4 283.4 285.5 287.3 289.9 292.2 293.3 292.8 290.7 289.4 289.9 290.9
227.2 229.1 229.5 228.9 228.9 229.5 231 233.1 233.5 234.8 234.7 235.2 235.5 235.5 237.2 238.3 238.9 238.8 239.9 241 241.3 242.9 244.7 245.2 245.1 244.6 244.1 243.6 242.9 243.1 243.4 243.7 243.9 244.3 245 244.9 245.3 246.1 245.8 246.3 247.5 247.7 247.9 248.2 248.7 249.2 249.6 250.1 250.6 252.7 255.8 257.4 264.2 267.1 267.3 269.7 270.3 261.5 259.8 267.8 273.6 275.3 276.9 280.4 281.8 283.1 283.7 284.1 285.9 286.9 288 291.3 291.2 290 287 286 287.3 288.4
227.6 229.7 230.2 228.7 228.4 229 231.4 233.1 233 233.7 234.5 234.6 234.6 235.2 236.4 238 238.8 238.8 239.6 240.7 242.4 244.7 244.9 245.4 245.3 245.2 244.9 244.9 244.4 243.8 244 244.4 244.9 244.9 245.8 246.1 246.3 246.3 246 246.2 247.3 247.3 247.7 248.2 248.8 249.2 249.6 249.9 250.3 251.4 255.3 257.3 263.2 267.3 267.6 267.6 267.7 263.5 261.3 261.3 272.2 275.5 277 280.5 283.1 284 284 284.9 286.3 287.2 288 290 291 291.7 287.2 285 284.4 283.9
229.8 229.8 231 230.6 229.3 230.4 231.6 232 234.5 235.3 234.3 234.2 235.4 235.7 236.7 237.9 238.9 239.5 240 240.9 242.9 245.6 245 245.2 245.3 245.3 245.2 245.6 245.7 245.5 245.3 245.6 246.5 245.7 246.7 247.2 247.5 246.5 246.6 246.4 246.6 247.2 247.8 248.3 248.8 249.2 249.6 250 250.4 250.8 252.7 257.1 262.2 267.8 267.9 268.2 269.6 265 262.2 261.5 271 274.5 277.2 281.9 282.9 283.5 283.8 284.3 285.6 286.9 287.5 288.7 290.7 290.7 287.8 285.9 284.7 283.4
230.2 230.4 230.6 230.2 230.5 230.5 230.8 231.6 233.8 235.1 234.5 234.6 235.4 236.9 237.4 237.8 238.8 239.4 240 240.9 243 245.5 245.3 245.4 245.5 246.1 246.5 246.1 246.4 246 245.6 250.7 262.1 262.8 256.6 254.2 258.6 250.9 250.7 246.8 246.4 247.6 248 248.5 248.9 249.3 249.7 250.1 250.6 250.9 251.1 254.4 261.2 267.9 268.4 268.6 270.9 270 262.2 262.8 268.6 274.6 277.4 281.9 282.4 283.2 283.6 284.3 284.7 285.8 286.1 287.3 287.2 285.5 285.1 285.4 284.4 283.1
231 231.7 230.3 230.3 231 232 231.3 231.5 232.7 234 234.7 234.7 236.3 237 237.5 238.2 238.6 239.4 240.3 241.2 242.6 245.3 245.3 245.7 246.1 246.8 247.4 246.6 246.7 246.2 249.1 263.4 268.4 273.1 259.8 267.7 269.1 267.6 264 257.2 247.6 247.9 248.6 249.1 249.1 249.3 249.8 250.2 250.6 251.2 251.5 251.9 259.2 267.4 268.6 268.9 270.3 270.2 264.3 264.3 265.2 274.4 277.3 280.4 282.5 282.7 283 282.8 283.6 285.3 287.1 287.6 287.4 286.7 285.3 285.4 283.7 283
230.3 232.1 232.5 232 231.8 233.3 233.7 234.6 233.3 233.6 234.9 236.6 236.9 236.9 237.1 237.9 238.6 239.6 240.6 242.3 244.8 246.1 245.9 246.4 247 247.3 247.2 246.7 247.2 248.6 258.8 267.6 270.5 268.9 267.5 269 270.8 274.9 273.3 264.2 248.3 248.7 248.9 249.4 249.1 249.1 249.8 250.5 250.8 251.4 252 252.2 252.9 264.1 267.1 268.6 270.1 270.1 269.2 263.7 264.2 273.2 276.8 278.4 281.2 283.2 282.4 282.1 282.7 285.1 285.7 287.4 287.7 286.3 284.4 284.6 283.9 282.7
232 232.1 233.1 232.9 233.3 234.2 235.4 235.7 234.4 233.4 235.2 235.4 236.3 236.6 236.8 237.4 238 239 240.4 243.3 245.2 247 247.2 246.6 247.4 246.7 246.9 246.8 248.3 255.3 264.4 274.2 272.2 267.2 269 272.6 277.8 275.8 271.1 258.3 248.1 250.1 249.2 249.4 249.9 250.6 250.8 250.9 251.2 251.7 252.5 252.5 252.6 261.3 268.3 269.5 270.8 270.8 270.1 270.1 264.9 264.8 276.6 277.2 279.4 281.9 282.9 283.4 283.8 284.1 285.1 285.3 284.6 283.4 282.1 283 282.9 282.4
230.8 232.4 233.9 234.3 234.4 235.4 235.9 235.8 234.5 234.4 234.7 235.2 235.7 236.1 236.4 236.7 237.2 238.4 239.5 242.2 244.2 245.7 246.4 246.2 246.6 246.5 246.4 246.7 253.2 260.7 274.6 274 264.6 269.5 274.3 278.3 278.3 271.7 260.9 252.7 248.6 251.6 250.1 250 250.7 251.4 251.4 251.4 251.6 252.1 252.8 253.1 252.9 259.9 267.3 269.9 270.7 270.9 270.9 271.5 272.2 268.4 267.7 275.6 278.7 280.4 281.2 281.7 282.1 282.7 283.9 283.9 284.7 284.8 282.6 281.9 281.9 282.1
232.2 232.7 233.9 234.5 234.4 235.9 236.3 236.1 235.2 234.9 235 235 235.3 235.8 235.9 236.2 236.6 237.6 238.8 239.8 241.3 243.6 245.5 246.9 246.1 246.1 245.3 251.3 260.7 272 275 271.9 267 269.8 280 277 271.9 259.2 254.8 251.9 249.6 251.1 253.8 251.9 251.7 251.9 252 252 252.4 252.8 253.1 253.2 253.5 259.4 263 269.3 270.1 271.2 272 272.6 272.8 272.4 265.7 272.2 276.2 278.8 279.7 280.1 280.2 280.8 282.5 283.1 283.6 284.2 283.2 283.1 281.8 281.7
234.8 233.2 234.4 234.8 235.3 235.2 235.8 236.2 236.1 235.9 235.5 235.5 235.6 235.6 235.5 235.9 236.6 237.3 238.1 239.8 241 242.4 244.7 245.6 245.6 245.5 243 258.5 271.5 274.5 272.2 268.9 271.1 277.2 279 276.3 263.7 255.4 255.5 252.4 250.3 253 253.7 253.9 252.2 252.5 252.5 252.7 252.9 254 253.8 253.6 253.6 259.8 260.5 262.5 269.3 271.9 272.7 272.9 273.1 273.5 265.8 268.2 274.9 277.3 279.1 280.1 279.9 279.7 280.3 282.2 282.1 281.4 279.8 279.7 280.6 281.1
233.4 234 234.8 235.4 235.2 235.5 235.9 236.2 236.7 236.4 236.5 236.8 236.9 236.8 236.4 236 236.6 237.2 238.5 240.1 241.2 242.4 242.9 244.4 245 244.3 247.5 263.1 273.6 270.9 267.6 271.5 277.6 278.8 278.8 275.3 260.1 256.4 255.9 253.6 250.8 252.7 255.3 255.2 253.3 252.8 253.3 253.2 253.3 253.5 253.8 254.1 253.5 255.5 260.6 260.5 266.2 272 273.3 273.6 273.3 273.2 272.9 267.5 272.9 275.9 279.2 281.1 279.7 278.8 279.2 280.4 281.4 281.2 279.1 280.2 281.1 280.9
233.1 234.4 235 235.8 236.3 236.6 237.2 236.9 237.3 237.8 236.5 237.2 238 238.4 237.7 236.8 237.1 237 239.2 240.9 242 242.8 243.4 243.5 243.9 243.3 247.1 263.3 272.8 269.6 271.4 277.8 278.9 279.5 278.3 275.5 260.6 256.7 256.1 253.1 251.9 254.3 255.8 255.9 255.6 254.9 254.3 253.9 254 254 254.3 254.6 255.1 255.5 259.4 261.7 264.1 271 273.4 274.1 274.3 273.8 273.4 266.6 270.1 274.4 280.4 280.6 279.2 279.3 279.8 280 280.3 279.9 279.3 280 280.8 280.7
233.5 234.2 234.6 235.7 237 237.6 237.9 238.2 237.6 237.6 237.7 238.3 239 239.1 239.2 237.8 238.2 239.1 240.5 241.7 242.9 243.6 244.2 244.8 243.3 244 244.7 259.1 266.9 263.6 278.3 279.5 279.4 280.6 280.9 274.7 262.9 258.7 255.5 252.2 253.8 255.4 255.2 256.5 256.3 254.9 254.7 254.5 254.7 254.8 254.8 255.1 255.4 255.8 260.3 261.5 264.9 273.2 273.9 274.1 274.6 274.7 270.1 268.6 268.8 268.9 269.8 277.3 277.5 279 280 281.1 283.9 279.8 280 280.1 280.7 280.6
233.7 234.7 235.2 235.7 237.3 238.2 238.4 238.2 238.1 238.4 238.6 239.1 239.5 239.7 240.1 238.4 239.4 240.1 241.1 242 243.2 244.4 245.1 245.8 246.2 246.6 248.5 256.6 268.2 274.7 283.1 283.8 284.1 284.4 285.1 284.7 281.5 268.3 257.4 252.5 254.1 256.6 256.9 257.1 256.4 255.5 255.1 255.3 255.5 255.7 255.9 256 256.1 255.8 259.9 261.8 264.4 273.9 274.6 274.6 274.6 274.8 274.2 268.8 270.1 269.7 271.1 270.3 277.2 278.7 279.5 281.3 284.6 279.6 279.9 280 280.6 280.5
234.1 235.5 235.8 236 237.5 237.6 238.5 238.7 238.4 238.7 239.2 239.7 240 240.3 240.7 240.1 240.1 240.3 240.9 242 243.3 244.6 245.7 246.7 247.4 247.9 250.4 257.8 269.1 272.7 279.6 284.9 283.9 283.4 284.5 286.1 286.6 281.9 261.5 252.6 252.5 255.9 257.4 257.6 257.3 256.1 255.9 255.7 256 256.1 256.4 256.6 256.8 255.7 259.7 262.3 263.8 273.3 274.7 275.4 275.3 275 275 275.6 274.6 273.3 274.2 269.3 276.7 280.3 279.5 281 280.3 279.9 280.5 279.7 280.1 280.1
234.6 235.5 236.2 237.2 237.7 238.3 238.7 238.9 238.7 239 239.6 239.9 240.5 240.8 241.2 241.8 242.2 242.3 242.2 242.6 243.4 244.7 245.6 246.6 247.9 249 250.9 259.7 264.5 267.1 270 280.1 283.8 283 281.5 285.3 287 283 267.5 255.5 252.7 254.7 257.9 258.1 258.1 257.3 256.3 256.1 256.4 256.4 256.8 257.2 257.3 257 258.5 262.2 263 273.4 273.8 275.2 275.8 275.6 275.6 275.5 275.4 274.7 275.3 271.2 276.9 277.9 279.4 280.9 280.6 281 281.1 281.3 280.3 279.4
