Assets/StreamingAssets/GeoData/Data/nj/NJ02.asc
ncols 200
nrows 200
xllcorner 300000
yllcorner 820000
cellsize 50
[rows 35 to 69 of 200, columns 78 to 155 of 200]
216.2 216.5 215.6 215.3 216.7 214.8 212.8 210.6 210.1 209.7 208.4 206.8 205.4 205.5 205.3 202.3 198.4 197.1 196.6 196.4 196.2 195.9 195.6 195.7 196.2 198.4 200.7 201.5 204.4 199.9 200.8 203.4 204.6 206.5 203.4 198 195.2 196.4 197.9 198.3 196.1 192.9 192.8 191 188.5 186.3 186 183.4 184 184.6 184.6 182.9 182.7 183.4 180.9 184.8 189 190.9 193.8 192.3 191.8 192.9 193.5 192.4 193.4 195 196.2 194.7 196 200.7 201.1 197.1 195.8 196.5 199.1 203 204.1 206.3
216.2 217 216 214.9 211.9 209.6 207.4 206.8 207.2 207 206.9 204.1 202.5 201.8 201.2 199.5 197.1 196.2 196 195.9 195.8 195.7 194.6 195.6 200.4 198.5 199.4 202.2 200.5 200.5 202.7 205.9 206.9 205.8 199.8 196.7 195.7 197 197.7 195.1 194.4 195.1 192.2 191.2 189.5 187.2 186.4 184.4 183.9 185 185.6 183.2 182.4 184.3 181.5 184.7 192.1 193.6 195.5 193.9 192.5 194 193.7 193.4 193.2 194.9 196.5 195.1 201.3 202.9 202.3 200.6 196.4 196.2 199.7 202.5 203.9 205
214.8 216.9 214.7 210.6 206.9 205.5 203.6 202.3 204.2 204.7 202.1 200.8 199.1 198.3 198 197.2 196.8 196.3 196 195.9 195.8 195.3 195.4 196 202.7 199.2 200.4 200.9 199.3 201.6 206 208 208.1 202.7 196.1 195.7 195.7 196.4 197.2 195.7 194.7 193.3 191.7 190.7 189.6 187.8 186.4 184.6 187.5 184.9 186.3 183.7 183.7 184.9 181.1 184.7 192.4 195.3 196.3 196.2 195.4 194.5 194.5 194.4 194.1 194.7 195.5 196.6 205.2 205.2 203.8 200.3 202.5 197.3 199.3 202.2 204.2 205.4
212.2 214.4 211 206 204.7 202.1 200.5 199.1 199.8 198 197.9 197.6 197.3 197 197.2 197.2 196.9 196.4 196.1 195.9 195.8 195.4 196.3 201.4 199.3 199.4 201 199.9 201.7 202.1 206.4 206.5 201.7 198.3 198.2 196.1 196.1 196.8 197.4 197 194.1 192.7 191.5 190.3 189.3 187.7 186.8 186.5 187.4 187.7 185.7 184.8 184 184.9 181.5 186 193.6 196.2 196.4 196.1 195.9 194.8 194.9 195 194.9 194.9 197 200.7 206.5 206.7 205.3 202.6 204 204 199.5 202.8 207 206
211.5 210.5 208.8 203.6 202.5 199 200.4 198 197.1 196.8 197.1 197 196.8 196.8 197.1 197.1 196.8 196.5 196.1 196 196.2 196.9 197.3 200.9 199.6 200 200.4 199.1 203.1 204.1 207 203.2 197 199 197.2 195.7 196 196.9 197.4 196.3 194.1 192.6 191.5 190.1 188.9 187.8 187.2 186.8 187.1 187.3 187.5 185 184.4 184.2 181.5 185.6 196.2 195.8 195.7 195.8 195.8 195.1 195.2 195.4 195.4 195.6 199.2 206.8 207.3 206 205 204.6 204.8 207.2 203.6 204 208.2 207.3
210.1 209.6 210.8 205.3 203 200.4 198.2 197.2 196.7 197 197.6 197.6 196.9 196.9 196.9 197 196.7 196.4 197.3 200 200.4 200.8 202.6 199.4 203.1 201.6 199.2 200.7 204.4 204.6 205.3 197.4 198.9 196.8 195.5 195.4 195.8 195.1 195.7 194.6 194.5 193 191.5 190.1 188.7 188.2 187.6 187.1 187.1 187.3 187.4 186.6 185.2 184.2 181.9 187.7 196.6 196.6 195.9 196 195.8 195.5 195.6 195.8 196 202.2 208.4 210.8 209.6 207.5 205.2 205.2 205.6 206.5 207 204.9 207.2 206.9
209.2 207 205.6 204.6 205.2 202.5 201.1 199.3 197.5 197.1 198.2 197.7 197.1 197 197 196.9 196.9 197 198.6 201.3 204.7 204.2 200.6 199.6 200.8 204.5 204.1 205 211.1 205.4 198.1 198 195.9 195.3 195.3 195.2 194.7 193.7 193.5 194.1 195.1 193.4 191.6 190.1 189.2 188.5 188 187.5 187.1 187.3 187.3 187.1 185.6 182.1 181.8 186.8 195.6 196.3 196.2 196.2 196.9 197.1 197.3 199.5 208.8 212.9 213.3 212.3 211.2 209.3 206.3 206.5 206.5 206.7 209.2 207.2 206.8 207.5
207 205.3 202.7 199.6 199.5 201.8 202.1 200 201 197.9 198.6 197.5 197.2 197.2 197.9 197.2 197 197.1 200.8 202.7 200 203.6 200.5 199.7 200.8 204.8 205.7 206.9 200.9 199.4 197.1 196 195.4 195.2 195 194.8 194.7 194 194.9 193.7 194.7 194.8 191.7 190.2 189.7 189.2 188.3 187.9 187.5 187.3 187.2 186.7 185.9 182.2 181.9 188.6 195.7 196 196.3 197.3 199.4 199.5 210.3 216.2 216.3 215.5 214.2 213 211.9 210 208 208 208 208.1 209 209.7 208.2 208.3
202.5 201.8 200.7 200.1 198.2 197.9 198.6 197.8 198.1 197.8 200.9 198.3 197.4 198.8 197.9 197.7 197.4 197.2 197.5 199.2 199.9 200.5 200.2 200.6 205.8 207 201.4 200.6 199.6 196.5 196.2 195.5 195.2 195.1 194.9 194.7 194.5 194.2 193.7 193.6 193.6 193.5 192 190.2 190.2 189.7 188.9 187.7 186.2 185 184.5 184.3 184.7 182 181.9 189.7 194.6 196.7 197.7 202.5 206.8 213.7 218.9 219.1 218.1 216.4 215 213.6 211.2 208.9 209.1 208.9 208.5 208 209.2 207.5 211.2 211.1
204.4 201.2 199.1 198.7 198.3 198.4 198.1 197.9 197.8 199.2 203.6 203.8 203.3 199.4 198.4 198.1 197.6 197.7 198.1 199.1 199.7 200.3 201.4 210 210.9 203.2 202.1 201 198.2 196.5 195.7 195.4 195.1 195 194.8 194.6 194.2 193.4 193.2 193.2 193.3 193 192.2 190.4 188.4 189 186.6 185.5 185 184.8 184.5 184 184.9 181.9 181.9 193.8 198.4 200.7 204.9 207.5 211.1 215.9 219.2 219.6 219.3 217.6 216.2 214.6 212.8 209.6 209.5 209.1 208.8 208.4 208.1 208.4 210.5 211.4
201.6 200 198.9 198.5 198.5 198.6 198.8 198.7 202.6 208.3 205.6 205.6 207 203.1 198.3 198.5 198.8 198.5 199 199.4 199.9 203.4 210.6 212.3 202.6 202.2 203.1 201 198 196.6 195.9 195.2 195 194.8 194.6 194.3 193.7 193.4 193 192.9 192.9 192.5 191.7 190.6 188.5 187.3 186.5 185.5 185 185.1 184.7 184.2 184.8 182.8 182 198.8 201.8 205.9 208.6 210.9 212.5 217.1 218.4 218.9 219.3 219.3 218.1 216.9 214.3 210.8 210.4 210.1 209.7 209.2 208.6 209.1 210.9 213
200.4 199 198.8 198.7 198.6 198.8 199.1 199.2 205.7 212.2 209.7 208.4 208.6 202.1 199.4 199.8 199.8 199.4 199.9 200.4 201.6 212.7 208.8 204.1 201.9 203.5 202.5 200.8 198.2 196.7 195.9 195.2 194.9 194.6 194.3 193.9 193.6 193.4 193 192.7 192.6 192 191.3 190.7 187.2 187.4 186.5 187.3 188 185.4 185 184.4 184.5 182.1 185.1 198.9 206.1 209.5 214.3 214.4 214.1 218.6 219.1 219.5 219.9 220.6 220.6 219.8 215 212.8 211.8 211.1 210.6 210.1 209.6 209.9 211.5 213.5
200.7 199.3 199 198.7 198.9 199.2 199.4 199.8 208.7 212.4 212.5 209.8 208.5 200.8 200.1 200.8 199.8 200.3 201 201.9 212.1 211.6 205.7 202.5 202 202.1 199.2 199.6 198.5 197 195.9 196.2 194.7 194.4 194.1 193.8 193.6 193.4 192.9 193.4 193.2 193.2 191.6 190.8 187.9 187.8 186.9 188.8 188.9 189 188.9 186.9 185.5 182.9 190.3 203.5 208.9 212 215.1 215.7 216.2 219.3 220.4 220.1 220.6 221.2 221.6 219.7 215.5 214.2 212.9 212 211 210.3 210.9 211 212.5 214.1
203.2 201.2 202.5 201.1 199.7 200 200.3 200.6 210.3 212.8 212.4 212.8 206.2 201.1 201.1 205.8 207.2 205.2 209.7 209.1 206.7 207 204.5 203.1 201.6 199.9 199.8 200.1 199.2 197.6 196.7 197 194.7 194.7 194.4 194.1 193.8 193.6 195.8 196.5 195.3 195.7 193.7 190.9 190.4 190.4 188.8 188.9 189 189.1 189.1 188 186 182 194.5 206.3 209.4 215.8 217.7 217.9 223.1 223.9 222.4 221.7 221.8 222.3 221.2 219.3 216.4 214.8 214 213.1 211.6 211.2 211.6 212.1 213.7 215
202.9 206.9 206.8 207.3 201 200.8 201.1 201.3 208.8 214.2 213.3 212.7 209 205.6 202.4 208.2 204.9 203.5 207 202.1 202.8 200.7 201.5 202.1 201 200.5 200.8 201 200.2 198.9 198.1 197.4 196.9 195.1 195.2 195.7 195.1 195.3 195.3 197.4 197.2 196.6 194.4 191.5 190.6 190.6 189.8 189.2 189.2 189.3 189.3 188.2 186.3 183.4 196.7 209.4 211.9 219.5 219.7 223.7 228.1 228.4 226.9 223.7 223.4 222.5 219.9 218.7 217.4 215.9 215.1 213.1 213.1 212.3 212 213.4 213.7 215.2
206.1 207.2 210.1 212.5 206 201.7 201.6 201.5 205.9 214.8 215.3 208.9 206.5 205.3 205.7 206.3 210.5 210.4 204.1 201.9 201.7 197.6 199 199.9 200.5 201.1 201.6 201.6 200.7 199.7 198.2 197.7 198.4 197.1 198.6 196.6 196.7 196.8 196.7 197.3 196.5 196.4 194.1 191.7 190.9 190.6 190.5 189.6 189.6 189.7 189.5 188.1 186.1 182.1 197.9 210.3 215.5 220.5 222.9 229.5 230.9 231 229.1 225.8 221.8 222.6 221.2 220.1 218.7 217.5 216.2 215.1 214.7 213.4 214.7 215.2 215 217.4
209.7 202.8 210.1 211.7 209.1 203 201.7 202.9 206.1 210.4 208.2 207.8 211.3 205.5 205.2 205.2 204.8 203.2 202.5 202.1 198.7 197.1 197.6 198.2 201 200.5 200.4 201.2 201.1 200 197.9 198.2 198.7 197.6 199 197.5 197.9 198.2 198.3 197.5 196.8 196.1 195.5 193.3 190.9 190.5 190.4 190.4 190 190 189.5 188.1 186.4 182.4 198.9 210.6 218.2 222.2 228.2 232 232.8 231.5 228.3 223.2 222.2 222.7 222 221.1 219.3 218 216.8 215.8 216.2 215.9 215.5 216.6 217 218.8
211.1 205.6 203.3 209.1 206 202.2 202.6 205.4 209.6 209.3 207.1 205.3 201.6 203.6 202.3 203.2 206.8 200.7 199.3 198.1 197.1 196.8 197.3 197.9 200.4 200.5 200.4 201.4 201.2 198.9 197.9 198.8 197.8 198.1 197.9 198.1 198.6 199 198.6 198.1 197.6 196.9 195.8 193.1 191.7 190.7 190.3 190.5 190.4 190 189.4 188.3 186.1 182.7 204.9 212.5 219.7 227.3 231.7 233.6 233 229.3 227.2 225.3 223 222.9 222.2 220.9 219.6 218.6 217.5 216.6 216.8 217 217.2 218.1 219.6 222.2
206 203.7 202.6 204.8 203.4 203.2 208.4 210.8 214.3 207.1 203.6 201.4 202.8 201.8 206.6 201.6 198.6 198.1 197.5 197.2 196.9 196.7 196.7 197.4 200.5 202.4 200.2 201.8 200.3 197.8 197.7 200 198.1 197.5 198.7 198.8 199.4 199.5 198.6 198.1 197.7 197.3 195.7 193.4 192.2 191.2 190.3 190.3 190.4 189.9 189 187.9 184.2 185 209.2 215.7 224.7 230.3 233.4 233.7 231.9 230 229 225.5 224.1 223.2 222 221.2 220.4 219.5 218.5 217.6 217.8 218 218.3 219.3 219.8 223.9
203.8 206.8 204.4 204 205.9 206.9 212.4 213.9 214.8 212.5 200.3 207 207.1 204.1 203.7 198.8 198.1 197.8 197.4 197.2 196.9 196.7 196.4 196.7 197.5 199.6 200 201.2 199.6 198.4 197.8 198.8 199.3 198.9 200.1 200.7 200.4 199.6 198.6 198.2 197.7 197.2 195.8 193.8 192.5 191.5 190.5 190 190 189.8 188.4 187 184.3 196.4 212.6 220 229 232 233.7 234.5 232.7 230.7 228.3 226.9 225 223.5 222.7 222 221.2 220.3 219.4 218.7 218.9 219.1 219.4 219.8 221.5 223.4
200.8 204.2 204.5 208.2 211.3 211.4 213.7 216.1 214.6 208.2 209.2 209.3 201.9 201.7 199.6 198.2 198.6 197.8 197.4 197.2 196.9 197 196.1 196.7 196.8 197.7 198.6 197.3 198.1 197.7 196.4 193.9 192.2 192.1 194.4 200.6 200.1 199 198.7 198.2 197.6 196.9 195.6 194.1 192.7 191.6 190.8 190.3 189.8 188.8 187 184.1 183.9 207.1 216.3 223.8 231.8 234.2 235.8 235.9 233.2 230.6 231.7 227.9 225.6 224.5 223.4 222.6 221.8 220.7 220.4 220.2 220.1 220.4 220.5 220.7 222.8 225.2
199.9 199.7 201.6 207.9 210.3 212.4 215.1 214.5 213.6 213.1 205.2 206.2 203.6 201.3 200.6 200.5 200.6 198.9 198.1 198.6 197.6 197 195.6 196.3 197.2 197.3 197.5 195.1 186.7 186.5 186.2 187.2 186 186 184.7 184.1 184.5 186.9 195.7 197.6 196.8 195.9 194.2 192.7 192.6 191.8 191 190.1 188.8 187.6 184.6 184.3 198.1 215 219.8 227.3 234.3 236.5 237.2 237.4 234.3 233.1 233.5 231.8 229.4 225.4 224.5 223.4 222.5 222.1 222.2 222.1 221.1 221.4 220.6 222.2 223.7 226.3
200.1 200 202.4 205.5 209 212.5 216.1 216 216.2 210.8 205 202 202.2 202.5 203.6 207 205.2 199.9 199.6 199.4 198.4 196.7 195.3 194.4 195.5 193.6 189.1 187.3 186.9 188.4 188.9 189 188.6 188.7 186.9 185.7 184.6 182.6 183.5 185.5 186.3 194.6 192.6 191.4 191.8 190.9 190 188.6 187.2 184.8 184.2 191.6 211.1 218.8 224.7 231.2 236.1 238.6 238.6 238.3 234.2 233.8 234.4 232.9 231.4 230.3 228.1 224.4 223.6 223.8 224.1 224 222.7 222.4 221.7 222.3 223.5 226.3
201.1 202.5 207.6 212.4 212.4 216.4 217 215.4 213.5 208 202.4 201.9 206.2 206.8 206.4 205 202 202.5 202.9 201.3 199.2 197.4 195.6 194.2 190.8 187.6 187.1 189.3 190.4 190.4 190.7 190.3 190.1 189.9 189.6 187.5 187.1 186.7 186.8 186.3 184.8 184.8 184.8 187.1 188.5 187.7 185.8 185.9 184.2 184.3 190.7 207.1 218.9 224.1 229.8 236 239.1 240.9 240.2 239.7 235.4 233.1 232.9 232.3 232.7 231.6 230.5 229.2 224.7 224.4 225 225.5 224.3 223 222.9 223.5 224.2 225.5
211.3 210.8 211.8 216.4 217.4 216.5 212.7 212.2 209.9 209.4 202.5 201.7 205.6 205.8 204 202.5 203.4 205.2 205 203 201.1 198.8 197 192.4 188.4 187.4 189.1 190.4 190.9 191 190.7 190.3 190 188.9 189 188.9 188.6 188.3 188.2 188.2 187.8 187.2 184.9 184.8 184.8 184.7 184.7 187.2 188.1 192.9 205 214.6 221.3 227.9 235.8 239.8 241.8 243.1 242 239.7 235.5 234.4 232.3 230.8 230.4 232.4 231.7 228 225.7 225.5 226.2 226 225.2 224.3 224.3 225 225.7 226.9
217.2 216.2 209 208 210.2 211.6 212.8 213 210.5 204.5 202.1 201.3 202.6 202.2 201.4 201.8 204.5 206.7 205.1 204.7 202.8 199.9 193 190 187.4 189.5 189.8 190.6 191.4 190.4 189.5 189.2 189.7 190.1 189.9 190 190.2 189.8 189.8 189.8 189.5 187.7 188.4 188.6 187.7 186.6 188.3 189.2 194.5 205.8 213.9 218.6 226.1 233.3 241 242.8 244.6 244.7 240.1 238.9 237.2 235.5 233.9 232.3 231.7 231.2 229.7 228.8 227.1 226.1 226.8 226.6 225.8 225.4 225.4 225.3 225.6 226.1
217.9 209.3 206.8 209.7 211.7 212.2 213.4 210.4 206 201.7 201.8 201.5 203 203.9 203.2 201 203.2 208.3 207.9 207.2 205.3 196.5 190.2 187.2 187.5 190.4 191.4 191.4 191.7 189.9 189.3 189.1 191.4 192.8 191.8 190.7 190.6 191 191.3 191.3 190.5 188.3 189.3 190.4 189.1 188.8 191.8 197.3 205.4 213.3 221.8 225.6 234 239.6 245.3 246.6 247.9 246.1 241.8 240 238.1 236.4 235.4 234.1 233.3 233.6 232.8 231.3 229.5 227.7 227 227.2 226.8 226.7 226.3 226 226.4 227
212.2 207.7 208.5 212.6 210.4 210.9 209.7 206 203.6 201.4 200.6 201.5 204.3 204.9 205.2 202.9 202 205.6 210 208.8 195 191.2 188.8 187.9 190.4 191.2 192.3 193.3 192.1 190.8 190.6 191 190.8 191.1 189.8 189.2 188.9 189 188.5 189.1 188.9 190 189.5 190 191.2 195.4 202.2 208.5 214.4 222.6 225 232.8 241.2 246.7 250.3 251.3 248 245.7 243.1 241.3 239.4 237.4 237.3 236.7 236.9 236.6 235.5 233.7 231.9 230.1 228.6 229.3 228.9 228.4 227.9 227.4 228.1 228.7
208.8 207.4 212.9 212.9 210.3 207.8 206.6 205.1 203.4 202.6 202.1 203.6 206 206 206 204.2 201.7 202.1 205.2 191.7 191.3 187.9 187.4 190.1 192.3 192.8 193.2 194.2 194.1 192 192.2 193.4 192.3 191.6 191.4 191.4 190.6 191.1 190.3 190.8 190.3 191.4 195.5 200.7 201.4 206.2 208.7 213.5 221.9 227.3 230.1 242.8 249.2 253.2 254.6 254.6 250 246.7 244.5 242.7 240.9 239.7 238.9 238.8 239.3 239.6 238.5 236.4 234.6 232.7 230.9 230.3 230 229.7 229.3 229.1 229.8 230.6
205.9 209.2 209.6 207.7 205.7 206.2 206.1 204.9 203.4 203.9 204 206 206.4 206.5 205.2 204.1 202.5 196.8 191.7 191.9 187.6 187.5 190.5 192 194.1 194.5 195 196.2 196.3 194 195.7 196.5 196.4 195.5 195 194.6 193.3 192.9 192.7 192.2 193.8 196.2 201.2 203.9 204.8 207.8 213.8 221.2 228.2 231 241.1 251.4 256 258.3 258.2 257.7 254.7 251.6 248.8 246.7 243.3 242.5 241.1 240.9 240.8 240.8 241.2 239 236.9 234.5 232.6 231.4 231 230.8 230.5 230.6 231.5 231.9
198.4 199.9 203.4 205.4 205.2 205.7 205.6 205.5 205.2 205.1 205.6 206.6 205.4 205.6 205.3 204.1 195.5 191.1 191.6 188 187.6 190.9 193.1 194.5 195.8 196.6 197.4 199.6 198.8 198.8 199.9 200.4 200 199.5 199.2 198.4 197.2 195.3 196.9 193.7 198.1 200.3 204.1 205.1 206.8 214.7 218.8 226.4 232.6 242.4 251.8 256.9 258.4 262.5 262 260.9 258 255.3 251.7 248.1 246.2 245.3 244 244 243.5 243.4 243.1 242.5 240.5 237.4 234.5 232.5 232.1 232.1 231.8 231.2 232.6 233.5
196.8 196.6 200.8 204.4 204.9 205.2 205.6 205.9 205.9 205.7 205.7 206.1 202.6 205.2 197.8 192.2 191.8 190.2 188.3 188.4 192.4 195.6 197.1 199.7 199.1 199.6 200.3 200.5 205.6 204.1 203.9 207.1 208.2 206.5 206 204.6 201.3 199.2 198.8 198.7 201.3 202.8 204.5 207.4 210.9 215.7 223.2 231.1 239.8 249.5 258.9 263.6 266.4 266.7 266.2 264.6 261.8 258.9 256.1 251.8 252 251 248.4 247.6 246.7 246 245.7 245.2 243.5 239.9 237 234.9 233.8 233.9 233.1 232.3 233.7 235.3
195.7 196.2 197 202 204.2 204.2 204.8 205.6 206 206 205.8 205.6 201.4 195.1 192.3 190.8 188.7 189.1 189.9 194.9 198 200.8 201.9 203.6 202.4 202.3 206.7 209.1 210.1 206.9 207.8 211.5 211.1 211.2 209.9 209.2 207.7 204.6 202.1 203.4 203.7 205.9 209.6 213.9 214.8 220.1 228.4 236.3 249.4 258.4 264.8 269.2 270.8 271 270.8 268.8 265.9 262.4 259 255.8 255.5 255.4 252.7 251.4 250.5 250.2 248.4 247.5 246.1 243.9 240.7 237.9 236.4 235.6 235.4 235.3 235.1 235.9
196.6 195.9 196.8 197.9 202.5 203.3 204 204.8 205.6 205.6 204.5 197.3 190.9 189.3 189 188.7 189.2 194.2 198.8 201.6 203.1 204.6 203 202.3 204.7 211.4 212.3 212.2 212.9 205.1 214.2 212.9 211.7 211.8 211.5 211.4 210.4 209.2 208.3 208.2 208.3 210.7 213.2 215.4 216.9 223.9 231.6 243.9 258.1 266.2 270.1 272.9 275.2 275.9 273.7 271.6 268.4 264.9 261.5 259.5 260 259.9 260 257.2 255.4 253.9 252.2 249.7 248.7 246.2 243.4 241.3 239.6 237.2 236.2 236.5 237 237.7
195.8 195.5 195.8 197 196.7 201.6 202.3 202.8 203.2 198.6 192.5 189.5 189.4 189.3 189.1 196 202.2 204.4 204.2 204.3 203.8 203.4 205.7 215.6 216.5 216.3 214.7 213.4 212.3 210.1 217.1 213.3 213.2 212.5 212.3 211.8 211.4 211.3 212.3 210.1 212.6 213.4 215.2 217.2 219.4 229.1 238.7 253 265.4 271.2 274.1 276.4 278.6 277.7 275.6 273.6 270.8 267.5 264.2 262.9 263.8 264.4 264.8 260.7 259.2 257.7 256.1 253.6 251 248.9 246.8 244.6 242.4 239.7 238.7 238.1 238.3 238
