Assets/StreamingAssets/GeoData/Data/nj/NJ10.asc
ncols 200
nrows 200
xllcorner 310000
yllcorner 800000
cellsize 50
[rows 35 to 69 of 200, columns 0 to 77 of 200]
715.4 719.4 720 720.7 720.9 720.2 718.9 717.1 716 715.4 716.7 719.9 724 728.2 730.5 732.7 733.5 734.5 733.2 733.3 731.7 730.4 729.5 725.6 722.7 718.6 714.6 711.2 707.7 703.3 701.9 698.7 695.2 693.5 690.7 690.3 688.8 687.3 685.2 684.2 681.6 681.9 681.7 682 681.5 680.5 678.6 676.3 674.2 671.9 667.9 663.6 662.8 660.3 657.5 661.2 665.6 669.9 672.8 673.7 673.6 672.5 670.7 669.8 669.7 670.1 669.7 668.1 654.5 657.4 662.8 663.6 664.2 664.7 664.7 663.3 662.1 661.3
708 711.9 713.2 714.9 716 716.3 715.3 714.8 713.6 714.9 715.6 719.3 723.7 728.4 731.3 733.9 735.3 735.4 734.4 733.5 730 727.4 725.4 722.3 719.1 715.8 711 707.3 703.4 699.2 697.3 694.6 691.1 691 689.3 688 686.3 684.7 683.6 680.1 677.4 674.4 671.7 672.5 674.7 675.1 674.2 672.9 671.4 669.3 665.9 661.6 661.8 660.3 658.3 656.8 660.4 663.8 667.7 669.1 669 667.3 665.9 664.1 664.8 665.4 664.4 659.1 661.2 668.7 669.8 670.3 671.1 672.1 672.2 672.2 672.2 671.4
702.5 706.9 708.3 709.4 710.8 711.5 711.8 711.3 711.9 713.1 715.6 718.2 723.2 728.4 731.4 733.7 735.7 736 733.6 731.8 730.2 727.8 723.7 719.9 717.5 712.3 708.9 703.7 698.9 697.2 693.8 691.6 689.6 688.7 687 685.9 683.4 683 681.3 678.2 680.4 676.8 677.9 674.5 668.4 665.2 664.6 666 667.3 666.8 664.6 661.8 658.8 657.5 656 651.2 654 657.8 661.5 663.5 663.8 662.4 661 660.5 661.5 661.6 659.1 666.2 670.3 672.9 674.8 675.3 676.7 677.2 677.9 678.2 678 678.3
697.6 700.1 702.9 703.7 705 706.6 708.3 709 711.6 713.1 715.1 717.9 722.4 727.3 730.9 732.9 734.9 734.9 733.2 731.9 729.3 727.2 722.9 718.1 715.9 711.7 706.7 700.8 697.5 695.9 691.4 690.2 687.8 687.5 684.9 683.6 683.3 684 682.5 683.1 682.6 681.9 680.5 677.8 674.6 672.7 667.2 662.1 656.4 659.9 661 659.2 658.4 655.2 651.8 649.2 648 652.5 655.3 657 657.6 656.7 655.5 656.2 658.2 657.7 662.1 667.9 672.7 676.1 677.4 678.8 680.2 681.7 682.8 683.4 683.5 683.7
693.9 696.8 699 700.8 701.3 703.1 705.2 708.2 709.7 711.5 714 716.4 721.2 726 729 731.9 734.2 735 733.2 733 731.4 728.5 723.9 719.8 715.2 712.1 707.2 701.9 699.5 694.6 693.1 691.5 690.7 689.6 688.7 687.2 685.3 684 684.8 683.4 682.7 683 681.6 679.6 677.4 675.1 672.7 666.7 663.4 659.2 649.1 649.7 653.2 650.4 646.3 645.6 643.7 647.7 649.9 651.2 650.8 649.8 649.7 650.7 655.2 658.7 663.5 668.5 673.9 677.2 678.5 680.3 682.3 684 685.6 687 687.9 688.5
691.9 694.4 696.3 698.8 699.6 702.1 704 706.8 708.7 711.7 714.1 715.7 721.3 725.9 729.7 732.3 734 734.7 734.7 733.4 731.6 727.8 724.1 720.6 716 711.1 707.2 701.7 698.6 696.4 694.5 694 693.5 692.6 691.1 689.5 687.9 686 685.5 684.8 684.7 683.5 681.4 680.7 678.1 676.1 673 669.3 664.8 661.1 656.6 652 643.1 637.6 640 639.3 634.2 640.3 643.7 645.1 645.3 644.4 643.6 648.1 652.8 657.8 663.3 668.5 673.2 677 678 679.6 681.8 683.2 685 687.8 690.1 691.6
688.9 691.8 695.4 696.9 698.7 700 702.2 704.4 707.8 709.6 712.7 715.2 719.2 723.8 728.4 731.2 733.8 734.8 734.7 733.5 731.4 729.2 724.9 721 716.6 712 705.9 703 699.4 699.1 697.8 696.7 696.8 696.5 695.2 691.3 689.5 688.1 687.1 686.2 685.6 685.2 683 681.4 679 675.7 673.5 669.3 665.4 662.1 658.8 653.7 643.6 636.3 631.9 628.7 627 624.3 630.7 634.8 636.9 637.9 640.7 645 650 656.4 662 667.5 671.5 673.9 675.5 677 678.7 679.5 681.9 685.5 689.6 692.2
689 689.8 692.1 694.7 696.9 699.4 700.6 703.1 706.1 708.3 712.1 714.9 718.4 722.4 726.6 730.2 733.3 734.8 734.6 733.4 731.4 728 724.9 720.4 715.1 710.5 707.7 703.6 703.4 702.7 702 701.5 701.4 700.6 698.7 696.8 693.5 690.3 689.3 687.5 686.6 685.9 683.9 682.1 679.8 676.9 672.7 670.1 666.1 663.8 660.2 654.2 644.7 643.7 644.8 640.5 637.8 635 624.8 620 618.1 623.8 635.5 641.4 647.3 653.8 660 665 667.9 670.1 671.4 672.8 674.3 675.1 677.5 681.4 685.7 689.2
685.3 688.2 690.6 693.2 695.5 697.8 699.8 702.7 705.3 707.9 711.5 713.6 716.8 720.8 725.2 728.8 731.8 733.9 734 733 730.7 727.5 724.1 719.8 715.1 710.9 707.5 706.4 705.3 704.9 704.2 703.7 704.4 704.1 703 701 697 694.8 691 689.2 688.1 686.4 684.5 682.3 679.5 676.8 673.1 670 667.6 664.1 660.7 653.7 647.9 651.9 651.3 649.1 646.8 645 641.9 638.8 628.5 614.7 626 638 644.3 650 655.6 660.4 663 664.8 666.6 667.3 668.7 670.1 671.7 675.7 680 683.6
687.1 689.4 691.2 693.2 696.2 699.1 701 702.9 705.8 707.7 711.6 713.4 715.8 719.2 723.4 727.2 729.8 731.6 732.2 731.3 729.5 726.4 723 719.3 714.8 710.2 708.5 706.4 706.6 706.4 705.9 706.6 706.9 707.3 706.6 704.6 701.4 698 694.5 690 689.2 687.4 684.5 682.9 680.6 676.8 674 670.7 668.3 665.7 661.8 650.8 657.9 657.6 656.2 653.9 651.1 648.1 645.4 641.7 637.5 619.2 614.9 632.7 641 646.3 650.8 654.3 657.1 658.2 659.4 660.7 661.2 662.9 665.2 668.5 671.4 674.7
686.3 689.7 690.8 693.2 697 699.6 702 704.7 706.5 708.9 710.3 713.5 715.8 718 721.3 725.1 727.5 729.1 729.6 729.5 727.7 725.1 721.9 717.8 713.7 710.1 708.2 707.7 707.7 707.7 707.5 708.1 708.7 709.3 709.4 707.4 704.1 700.1 696.8 692.5 690.3 688.2 686.2 683.6 681.8 678.5 674.9 671.3 668 666.6 658 662.2 662.7 662.6 661 657.8 654.8 650.9 647.5 644 639 628.7 607.6 625.2 635.6 641.9 646.4 648.7 649.4 649.8 650.4 651.4 652.5 654 657 660 663 665.1
688.1 691.6 693.1 694.8 697.2 699.5 702.4 704.8 706.6 707.9 709.7 712.6 715.5 717.5 719.5 722.1 724.5 726 727.1 727.2 726.1 723.6 720.1 716.1 712.3 709.8 708.5 706.7 707.6 707.5 707.6 708.6 709.7 710.4 710.2 708.8 705.3 701.2 698.2 694.8 691 688.6 686.2 684.6 681.6 678.2 675.9 671.1 668.1 665.4 664.8 666.7 666.9 667.6 666 662.3 659 654.1 649.8 644.5 639.9 635.4 613.9 612.8 627.3 634.9 639.3 640.9 640.2 639.8 638.7 640.2 641.7 644.1 648.8 652.1 653.9 655.7
691.6 694.1 695.4 697.4 698.8 699.6 702.5 703.4 706.7 708.1 709.2 711.2 714.6 716.8 718.1 719.6 720.8 722.8 724.4 725.2 724.1 721.3 717.5 714.1 710.7 708.9 707.3 705.9 706.4 707 706.5 707.7 709.2 710.3 710 708.4 705.7 701.9 698.8 695.4 692.3 688.1 685.7 683.6 681.4 678.8 675.4 671.2 668.4 664.3 668.1 670.2 671.2 671.4 670.1 666.7 662 657.3 652 645.4 640.1 636.4 619.5 599.5 609.5 621.4 626.2 628.6 630.6 630.2 628.6 627.5 628.7 634.3 639.7 643.3 645 647
692.7 694 696 699.1 700.5 702 702.9 704.7 707.1 708.7 710.3 711.6 713.7 715.4 717.2 718.4 719.2 719.6 720.8 721.5 721.4 718.4 714.6 711.6 710 708.1 706.7 704.3 703.5 704.3 705.4 706.6 707.6 708.3 708.1 706.9 704.5 701.8 698.7 695.4 691.9 688 684.9 682.8 681.2 677.6 674.1 670.5 666.5 667.7 670.4 672.7 673.8 673.9 672 669.4 665.5 660.1 654.7 647.4 642.2 638 631.8 616.9 595 594.6 600.8 612.9 619.7 621.1 616.2 612.3 607.1 621 628.2 632.6 635.7 638
694.9 696.4 698.9 700.8 702.8 703.2 703 704.7 707.4 708.6 709.4 711.2 713.2 714.8 716.2 717.5 717.8 718 718.2 718.1 717.1 714.7 711.9 710.1 709.2 707.6 704.5 703.1 704.4 703.5 703.8 705 705.9 706.4 706.4 705 703.4 701 698.2 693.3 691.2 687.7 684.1 682.3 679.8 675.6 672.8 669.1 667 670.6 671.6 674.3 674.9 674.5 673.5 671.1 667.9 662.5 655 649.1 644.4 641.2 638.8 633.7 620.2 606.9 589.1 586.3 597.5 600.7 598.9 592.4 584 594.6 608.3 621.2 625.6 628.6
697 697.3 698.6 702.3 703.4 705 706.1 707.1 708.3 709.6 710.4 711.8 712.9 714.8 715.5 716.8 716.7 715.7 716.4 715.3 714.6 713.3 711.3 709.5 707.6 707.1 705.1 703.4 702 701.1 702.4 703.5 704.2 704.5 704.7 704 702.5 699.6 695.8 693 690.6 686.8 684.3 679.4 677.7 674.7 673.4 671.8 670.8 672.9 674.1 674.7 675.1 675.1 674.1 671.4 669.8 664.5 657.1 650.5 647.2 644.6 642 639.1 636.4 625.1 612.3 595.2 579.1 578.1 580.4 575 565.8 566.7 587.9 604.7 611.2 616.5
698.2 699.8 702.1 703.4 704.5 705.1 707 707.9 708.8 711.2 712.1 712.9 715 715 715.3 715.3 714.8 714.5 714.9 713.7 712.7 711.8 710.8 708.2 707.8 706.2 704.7 702.7 700.8 699.7 700 701.3 702.1 703.2 703.6 703.1 701.4 698.6 695.6 691.9 689.6 687 682.3 680 678.7 676.9 675.1 673.9 672.8 674.7 675.6 675.8 675.6 676.3 675.4 673.7 669.8 667.7 661.7 654.3 650 648 645.3 642.2 641.5 638.5 628.5 615.6 600.7 583.3 571.9 565.3 560 555.3 567.2 574.9 582.1 593.1
700.1 701.5 703 704.4 705.3 706.7 708.2 710.8 711.4 712.4 713.2 715.7 716.4 715.8 715.1 714.2 712.6 712.9 712.2 711.2 711.2 710.5 709.4 708.1 707.3 706.2 703.9 701.6 701 697.5 696.9 699.1 699.9 702 702.8 701.8 699.7 696.9 694.6 692.6 688.3 686 683.9 682.3 681.1 679.7 676.7 675.5 675.7 676.1 677 677 677.1 676.8 676 674.6 671.1 668.3 664.8 659.9 655.2 652.3 649.5 647.6 646 644.4 641.7 635.1 621.7 611.1 603.2 591.2 586.4 573 553.6 547.9 559.1 579.6
701.6 702.8 703.6 705.1 706.6 708.1 710.1 712.5 714.1 715.4 716.2 718 718.5 717.1 715.4 713 711.2 711 709.6 709.7 709 709.3 709 709.9 709.1 706.1 701.7 700.2 697.1 695.1 693.6 695.4 696.4 699.8 701.4 701.1 699.2 696.4 694.1 691.9 690.9 688.5 687.1 684.9 683 681.7 678.7 678.5 678 677.2 676.7 677.1 677 676.5 676.2 674.8 672.2 670.7 667.8 663.8 659.6 655.2 651.9 650.3 648.8 648.6 647.4 644.1 638.5 629.9 619.4 607.1 598.5 587.7 572.1 555.4 547.4 570.4
701.3 702.6 704.3 705.7 707.3 709.1 710.8 713 715.6 717.6 718.7 719.6 719.4 717.7 714.7 712.2 709.7 708.1 706.7 706 706.6 708.2 709.4 710.9 710.7 707 702 698.5 694.9 690.4 689.6 692.1 694 697.4 699.8 700.3 699.1 696.6 696 693.8 693.3 692.4 690.2 687.9 685.8 683.4 681.8 681 680.1 678.9 678.4 677.5 676.9 677 677.2 677 674.4 672 668.8 665.4 661.7 657.4 655.4 653.2 652 652.3 652 648.9 643.8 636.2 626.3 616.8 600.2 577 562.7 551.5 541.5 567.1
699.8 701.9 703.4 705.3 707.4 708.7 710.5 712.4 715 718.3 719.7 720 719 716.6 713.8 711.1 707.1 705.5 703.1 704 705.1 706.2 708.4 710.9 709.6 706.1 701 695.2 691 684.8 685.1 689.1 693.1 695 698.1 699.1 697.3 696.9 696.7 696.1 696.2 695.3 692.7 689.5 686.8 684.3 683.6 683.4 681.7 679.8 678.2 677.9 678.8 678.9 679.6 679.3 676.1 673 669.6 666.1 662.4 658.8 656.7 655.6 654.1 654.8 654.8 651.2 646 639.3 630.6 617.2 585.6 559.5 542.5 535.7 554.8 574.1
697.7 700.1 701.8 704.3 706.7 708.1 708.7 710.4 712.8 715.4 717.2 717.3 716.7 714.9 711.8 708.3 704.4 702.6 700.6 700.6 702.3 703.5 705.9 708.8 707.3 703.1 696.6 689.8 679.6 678.4 681.9 686.3 691.3 693.9 698 698 697.9 698.3 696.5 697.4 698.2 696.3 693 690.4 688 685.6 686.2 685.1 683.2 681.3 679.5 677.9 680.3 682.8 682.8 681.3 677.7 673.2 669.5 665.8 662.1 659.1 656.7 655.3 655.2 655.6 654.9 651.7 647 640.8 632.6 610.5 574.8 546.3 539.3 558.5 574.9 592.9
695.2 697.3 700 702.5 704.4 704.9 706.2 707.2 709.4 711.4 712.5 712.7 712 710.3 707.6 704.1 701.3 698.2 696.6 697.3 698.2 701.2 703.8 706 704.3 698.5 690.6 676.4 670.6 672.7 679.5 685.5 691.5 694.7 696.7 697.7 697.4 697.9 696.9 699.4 698.8 697.3 694.2 690.5 689.1 687.3 686.7 686.5 684.2 680.5 679.3 678.9 682.6 685.9 685.4 682.6 678.8 673.9 669.4 665.5 661.6 658.1 655.1 653.4 653.1 653.2 652.2 650.2 645.3 639.8 631.5 608.9 574.3 545.6 529 550.7 574.8 592.5
692 693.8 696.5 698.9 700.9 701 701.7 703 704.9 706.3 706.9 706.5 705.5 704.2 700.4 697.7 696.1 692.6 691.4 692.3 695.5 698.1 700.5 701.1 697.9 691.3 675 666.3 660.9 669 677.4 684.9 692.9 697.6 699.7 699 698.1 697.5 697.6 697.4 697.9 696.6 693.5 691.5 690 689.6 688.5 687.9 685.5 680.9 679.7 678.8 682.4 686.4 685.8 682.7 679.1 674.5 668.5 664.2 659.5 655.2 651.5 648.6 647.3 647.7 648 646.1 642 636.8 627.7 604.4 576.2 550.6 527.7 532.3 562.5 586.9
689.4 690.5 691.6 693.9 695.7 696.5 697.6 698.3 699.4 700.8 700.4 700 698.5 697.4 695.7 692.8 689.6 687 686.2 688.4 692.3 695.1 696.8 694.8 689.7 680.2 664 658.2 655.2 663.9 674.2 683.7 692.4 698.6 701.8 700.5 699.2 698.1 698.8 697.9 696.6 695.2 694.1 692.1 691.3 690.9 690.3 688.8 685.7 681.3 680.7 679.2 680.7 683.7 683.9 682 678.5 674.1 667.8 661.3 656.4 650.8 645.8 641.5 639 639.4 641.9 639.7 636.2 630.7 620.6 596.3 571.7 552.2 532.5 516.2 550.8 579.5
686.3 687.4 687.6 689.1 689.7 691.1 691.8 693.7 695.1 695.6 695.4 693.6 692.6 690.4 688.8 686.8 683.4 676.8 680 683.9 688.1 691.6 691.2 686.7 679.3 667.8 652.5 645.1 650.5 659.2 668.6 679.5 689.7 695.6 699.4 700.2 698.9 697.8 698.3 697 696.1 694.7 693.7 692.6 692.7 691.1 691 689.2 685.4 680.5 679.2 677.7 679.3 680.7 681.5 680.4 677 671.5 664.5 657.8 652.2 646.5 639.4 633.1 628.8 629.4 631.5 632.4 630.7 625.6 614.9 595 570.2 551.2 533.3 512.3 537 566.7
682.6 683.6 683.5 683.9 684.3 686.1 687.7 688.6 691 691.4 690.6 688.6 686.3 684.8 681.9 678.7 674.9 671.5 673.1 678.4 682.8 685.5 686.2 676.1 667.2 655.7 643.1 632.2 640.8 651.7 661.3 673.7 685.1 691.8 695.7 697.6 697.1 696.6 697.3 697.4 697.1 695.4 693.8 692.3 693 691.7 691.9 689.8 684.9 680 678.2 677.3 677.4 678.7 678.8 677.6 673.6 667.3 659.6 652.3 647.5 641.3 633.4 626.1 620.1 617.2 620.5 624.5 625.9 620.8 611.2 594.3 573.7 554.3 535.5 509.8 527.1 546.1
680.2 680.1 679.3 680.5 680.3 680.6 683.5 684.4 687.2 687.3 686.4 683.7 681.2 677.5 674.4 671.2 664.1 661.9 665.1 671.8 676.1 676.7 672.8 663.4 654.3 644.8 633.9 620.1 630.5 641 654.3 665.7 677.6 685.6 689.9 692.3 692 691.9 694 696.8 698.3 696.6 694.6 692.7 691.8 691.7 692.2 689.4 684.7 678.7 677.2 676.1 675.9 675.7 675.3 673.2 668.7 662.1 654.1 646.2 641.8 635.1 626.1 615.4 601.7 603 610.2 616.5 620.8 617.5 609.6 595.8 576.4 555.8 537.1 512.8 510.8 527.4
677 675.7 675.7 675.4 676.2 676.6 678.5 680.1 683.7 683.7 681.9 679.8 675.9 670.2 665.2 659.3 657.3 655.3 656.1 661.8 666.4 665.2 657.7 650.1 642.8 633.6 621.5 607.7 620.5 630.7 642.8 655.8 667.4 676 681.1 684.4 684.7 686.2 689.2 693 695.3 695.8 695.8 694.5 692.4 691.6 692.4 688.1 682.5 677.1 675.6 674.2 672.6 672.1 671 667.6 662.4 655.9 647.9 639 634.3 627.9 618.3 605.2 590.5 591.9 600.5 608.6 613.2 615.1 608.3 597.3 580.9 559.7 540 519.9 500.3 508.3
674.2 672 671.1 670.1 670.5 671.6 672.5 676 679.4 679.5 676.7 673.4 668 661.3 656.3 653.7 650.9 645.6 648.7 651.4 654 651.3 643.6 636.9 629.9 622.1 608.1 601.1 609.8 618.1 630.5 645.7 655.5 663.5 669.1 671.4 675.6 678.3 682.6 686.7 690.5 693.9 694.7 694.3 693.4 691.6 689.2 685.8 679.9 675.7 673.8 672.1 670.4 668.5 665.6 661.5 656.6 649 640.7 632.2 626.5 619.8 608.8 592.9 582.8 582.5 590.5 599.9 605.8 610.3 607.1 598.9 587.6 570.3 548.5 528.9 509.6 495.9
671.8 668.8 666.3 664.3 665.9 667.4 667.7 672 674.1 672.4 669.7 664.6 658.2 653.9 649.4 645.9 642.4 637.6 641.5 643.5 642.9 638.2 632 626.4 620.1 612 596.1 592.5 600.2 605.2 619 633.5 642.7 650.6 656.3 659.4 663.2 666.7 674.3 679.9 685.5 689.3 692.2 692.6 693.3 692.3 688.5 682.7 676.5 673.3 671.2 669.7 666.7 664.6 661.3 657.6 651.8 643.1 635.7 628.5 620.9 608.7 597.7 582.8 574.2 570.9 577.9 587.1 596.3 602.9 604.6 601.2 592 581.5 561.2 538.9 519.6 505.2
670.5 665.6 662.4 661.1 660.4 661.2 664.4 666.8 667.1 663.5 658.4 653.6 649.2 645.1 641.3 636.6 632.5 626.9 632.8 632.9 630.3 626 618.8 612.3 606.9 601.9 591.6 575 587.7 592.3 604.4 619.4 628.9 635.5 642.6 646.4 650.4 656.5 666.8 675.3 680.6 684.8 688.2 690.2 692.1 692.6 686.9 679.8 675.4 672 668.6 667 663.9 661.3 658.8 654.2 648.8 642.3 632.8 618.8 607.7 594.3 581.4 570.7 564.9 557.2 563.5 574.4 586.4 594.1 597.5 598.1 592.1 583 569.9 551.5 530 511.6
666.9 661.4 658.6 655.6 655.6 656.2 660.6 660.9 658.2 652.4 646.1 640.8 635.7 632.7 629.1 624.3 617.7 616.9 621.6 620.5 615.4 610 602.1 597.9 587.5 589.8 578.4 562 571.4 578.1 590.1 602.5 611.8 621.6 626.1 630.2 637.2 647.7 658.9 668.4 674.8 679.8 684.1 686.7 689.3 689.5 683.2 676.8 673 669.3 666.6 663.1 661.8 659.4 657.5 652.9 650.2 644.3 637.4 627.8 617.6 607.6 595.2 575.6 561.1 550.7 537.9 559.9 574.1 581.6 584.6 585.9 584.2 578.5 568.7 553.8 536.2 515.1
661 657.3 654.8 650.9 648.2 652.4 655.5 653.8 648.1 641.6 632.5 626.7 622 617.4 614 608.2 604.4 603.2 607.2 604.7 599.4 591.7 580.3 574.6 563.4 566.5 554.1 538.1 549.7 561.7 574.7 586.6 595.9 602.7 604.7 612.3 624.6 639.2 652.5 662.8 666.9 672 677.9 681.6 683.8 682.8 677.4 672.2 670 666.7 664.1 662 660.7 658.9 655.9 654.1 651.9 647.4 638.7 628.9 619.2 608.3 595.8 580.5 562.9 549.3 527.9 545.1 555.7 562.6 565 567 569 567.4 560.2 547.8 528.7 509.6
655.4 652.4 648.6 645.3 643.6 648.4 649 645.8 638.1 628.7 620.3 611.1 605 598.6 596 592.3 587.7 590.1 588.9 587.5 581.1 569.4 559.7 549.3 542.3 539.6 535.9 533.6 534.6 542.8 560.6 571.3 576.5 580.6 584.9 595.4 611.9 630.3 645.5 654.1 658.9 663.3 668.7 673.2 674.9 673.4 670.8 667.3 666.6 664.1 662.5 661.2 660.5 659.5 658.2 655.2 652 646.2 637.1 627.2 616.3 605.5 592.4 576.2 558.1 542.1 528.6 526.4 537.1 541.3 542.6 545.3 547.7 547.5 543.3 530.5 514.5 497.8
