Assets/StreamingAssets/GeoData/Data/nj/NJ20.asc
ncols 200
nrows 200
xllcorner 320000
yllcorner 800000
cellsize 50
[rows 105 to 139 of 200, columns 78 to 155 of 200]
735 729.9 725.9 720.7 718.2 712.5 705.8 698.2 705.4 711 715.4 716.8 715.2 712.2 711.7 707.2 696.8 675.5 657 644.6 631.6 623.8 616.9 606 595.3 583.7 574 566.3 571.1 574.9 579.4 580.4 588.9 593.3 598.7 602.1 608 616 623 621.9 623.5 628.4 632.4 632.8 632.6 636.4 639.8 641.3 644.3 649 653.4 657.8 660 661 659.9 656.7 653.7 650.2 648.9 647.6 649 650.6 655.3 660.8 666.2 671.6 675.3 676.3 675.3 673 666.5 660.3 655.5 651.9 649.8 647.9 645.9 644.6
742.4 738.1 734.2 730.5 725 718.7 713 712.1 716.9 723.1 727.4 728.9 728.6 728.5 725.3 718.8 704.1 684.3 666.9 651.4 633.6 620.6 612.4 600.1 589.1 578.4 569.5 561.6 562.1 564.3 569 572 579.4 584.4 591.1 597 601.5 607.2 613.5 614.6 619.2 621 623 623.6 624.1 625.5 627.7 631.4 635.7 641.4 645.6 649.9 652.7 653.4 651.5 646.7 644.5 641.6 641.2 640.9 642.6 647.1 653.1 663.7 670.2 675.3 680.4 682.6 681.3 678.7 673.8 670.2 664.9 660.6 657.4 655.2 650.7 648.4
742.9 737.5 735 732.7 728.9 724.2 719.2 721.7 726 731 735 738 739.5 737.6 734.3 724.5 711.2 689.1 673.6 654.9 633.8 617.1 606.5 593.8 583.5 572.9 564.3 558.2 555.6 558.4 562.8 569.3 575.6 581 587 591.7 597.3 601.5 605.7 608.2 612.2 614.9 614.3 616.2 617.2 620.2 622.6 625.1 629.5 635.1 638.7 642.4 644.6 643.7 641.2 634.9 632.8 631.5 631.8 632.3 635.6 641.9 652.9 666.9 675.5 681.4 686.4 688.6 688.6 683.7 678.4 673.3 667 662.8 661.2 658.2 655 653.2
738.6 736.2 733.3 731 728.1 725.1 723.6 725.5 730.9 734.9 739.4 743.5 746.4 742.5 738.8 727.3 712.1 692.8 673.1 653.3 631.8 613.9 599.4 588.5 577.6 568.6 561.9 554.3 548.5 554.4 558.5 565.1 571.7 576.7 582.7 587.2 591.7 595.5 598.8 602.5 605.7 607.7 609.1 611 612.3 615.1 616.5 621.6 625.8 628.8 632.2 632.8 634.2 632.8 629 625.8 620.3 615.4 615.9 619.9 625.4 635.5 649.6 667.3 677.1 686.9 691.3 692 690.4 683.5 677.3 670.5 664.2 660.5 658.5 657.8 657 655
732.5 730.8 728.4 726.3 725.3 724.2 723.7 727.4 731.4 735.4 740.2 743.3 743.5 738.4 730.7 723.4 709.2 693.1 672.5 649.4 625.4 605.5 590 580.7 571.9 563.3 555.7 547.4 543.5 548.3 551.5 559.9 566 572.4 578.4 582.9 588.2 591.8 593.5 598 602.7 605.6 605.2 606.4 606.9 608.9 612.6 617.2 622.6 625.9 627.4 627.4 626.1 622.7 617.9 609.3 604.9 602.7 604.2 610.3 620.4 630.2 643.3 660.9 673.3 681.9 688.6 686.2 681.5 676.3 670 663.8 658.3 656.1 654.8 653.8 652.8 650.7
723.5 722.6 721 719.9 719.3 719.2 720 724.1 727.9 731.7 734.3 735 732.7 728 721.5 715.1 702.9 688.7 670.5 646.6 620.6 596.1 582.6 571.9 563.8 557.3 548.6 544.1 539.4 543.1 548.1 552.9 559.5 566.3 572.5 578 583.4 587.3 589.5 594.2 599 600.8 601.6 601.5 601.5 604 607.7 613 617.7 620.5 622.1 622.1 619.9 612.9 606.9 601.3 595.8 595.5 599.2 605.2 613.6 626.2 639.7 652 663.4 674 677 673.8 670.4 666 660.2 653.7 648.8 647.4 648.1 648.1 646.5 645.8
714.3 711.3 710.9 709.8 709.9 710.9 713 717 721.1 725 726.2 723.9 720.7 716.2 711.4 704.1 694.9 682.9 666.8 640.9 619.2 597 577.4 564.4 557.7 550.2 543.8 540.4 534.3 538.9 542.4 547.7 553 561.1 567.7 574 578.3 581.9 584.8 589.9 594 595.8 594.9 595.6 595.3 597 600.2 605.1 610.6 613.8 614.7 612 608.9 604.7 599.9 593.5 591 588.4 595.2 601.4 608.7 618.9 631.6 644.3 652.4 658.4 661.1 659.7 656.4 651.7 642.3 635.6 634.4 636.8 639.2 639.5 640.7 641.5
701.8 699.6 698.2 698.2 698.4 699.5 702.3 707.2 711.2 714.4 714.7 712.8 709.2 705 699 693 685.6 674.2 658.9 636.4 615.4 591.4 572.3 558.6 550.8 543.3 539.7 535.9 531.5 533.5 536 540.8 548.8 556.1 562.3 569.3 574.2 576.7 579.4 583.1 586.5 588.6 588.4 588.9 590.1 591.5 592.7 596.9 601.6 604.9 604.4 604 601.1 597.2 592.6 585.9 584.8 584.9 590.1 595.9 602.8 612.4 623 634.9 642.1 645.5 646.7 644.4 639.9 631.7 623 619.1 618.6 620.5 627 631.3 635.9 638.7
690.2 683.8 681.8 683.2 683.6 684.9 687.6 695.7 698.7 700.8 702.2 700.2 697.3 691.4 685 681 673.8 664.1 648.9 629.5 610.5 585.1 565.2 553.7 545.6 540 534.7 530.8 527.5 530.7 533.6 537.7 543.7 551.5 558.8 565.8 570.2 572.2 573.3 575.8 578.8 580.3 580.8 580.3 582.8 584.6 586.6 589 592.4 593.9 595.8 595.7 592.4 590.1 584.3 580.7 578.1 580.1 583.7 589.1 595.4 603.9 613.3 623.4 629 631.2 630.1 626.5 620.7 614.4 611 608.7 609.4 612.8 618.4 626.3 631.9 637.2
670.9 668.8 668.5 668.4 669 670.3 672.6 676.9 684.8 687 686.9 686.2 683.5 678.6 671.6 666.8 661.2 652.3 639.1 623.7 603.7 578.6 559.3 548.5 541.3 535.7 531.1 526.7 523.9 527 529.5 534 540.1 545.8 553.2 561 566.4 568.2 569.5 571.4 571.8 572.5 573.1 573.2 572.6 572.9 575.6 579.4 582.3 583.4 584.4 582.9 583.2 580.9 577.5 574.8 571.5 572.6 575.5 581.7 587.9 594.8 603.3 610.9 614.1 613.3 612.6 611.4 607.1 602.7 601.1 600.9 603 608.5 615.9 622.6 629.1 636.1
662.3 650.4 648 650.5 653.2 655.2 657.8 660.1 666 669 670.1 666.4 666.7 661.3 655.5 650.9 648.3 640.9 630.4 614.2 595.1 569.4 552.4 542.1 536.4 531.6 527.4 524.1 520.5 523.6 525.4 529.4 534.5 541.5 549.1 557.2 562.4 564.6 565.8 566.3 565.5 565.4 565.5 565 565 565.6 568 569.8 569.9 570.5 571.5 572.6 573.5 572.9 570.7 567.4 563.1 565.3 568.4 574.1 580.6 587.7 593.3 598.7 603.6 604.2 603.8 598 596.3 594.8 593.7 594.2 598 604.1 613.1 621 629.3 636.8
653.3 639.9 636.4 635.3 632.6 631.9 639.1 644.2 645.5 648.9 648.6 646.8 646.4 644.8 641.2 639.3 635.5 629.4 619.7 604.2 585.8 561.9 546.6 536.3 531.7 526.9 523.6 521 515.3 520.7 523 527.8 531.8 539 546.2 553 557.7 560.4 562.3 561.8 560.6 559.6 559.7 560.4 558.9 560.4 560.5 560.7 560.9 562 562.7 563.6 564.1 563 559.5 556.8 554.1 556.7 560.8 565.4 571.1 579 585 590.3 593.4 595.2 593.3 591.4 590 587.9 587.2 587.4 591.9 598.5 608.7 618 631.3 639.5
641.4 630.2 623.4 621.5 618.8 618.2 620.3 624.1 626.4 628.9 628.6 628.9 627.8 624.3 623.4 622.1 620.7 615.7 606.5 592.8 573.2 551.7 539.2 531.6 526.8 522.6 519.2 516.6 513.3 518 520.7 525.7 530.8 535.8 543 549.5 553.9 557.1 558.5 557.8 556.8 556.6 556.4 556.7 554.7 554.7 553.3 551.7 551.4 551.5 552.6 552.5 552.3 548.4 547.6 544.9 544.2 548 554.4 558.3 563.7 569.5 576 581.5 586.3 588.3 586.9 585.5 583.6 581 580.4 581.4 586.7 594 605.6 617.8 631.6 640.9
633.1 620.2 610.9 605.6 604.7 606.3 606.4 606.9 608.8 609.3 608.9 607.5 602.7 602.5 604.7 604.4 603.6 600.5 592.1 579.1 560.2 543 532.6 526.7 522 518 515 511.8 512.4 515.9 519 524.8 530.1 534 538.9 544.3 550 553.5 554.6 554.9 554.2 554.7 554.9 553.8 551.9 548.4 545.8 543.5 540.8 538.2 537.1 537.9 537.4 537.9 536.6 535.8 535.1 538.4 544 548.9 553.4 559.7 564.8 570.8 578 579.7 579.9 578.3 576.1 574.3 573.7 576.3 581.2 590.1 602.2 615.7 629.9 640.7
622.5 611.5 601.4 587.9 592.4 591.5 589.9 591.9 592.2 591.9 590.7 585.1 584.3 586.5 588.1 587.9 585.9 581.6 574.4 562.8 546.4 533.8 525.6 520.5 517.5 513.5 511.4 508.6 509.5 513.8 517.4 522.8 528.8 532.8 536.1 540.5 545.4 549 550.2 550.9 552.6 553.6 554.2 553.1 549.8 546.3 535.9 534.4 530.7 529 527 524.6 524.2 524.6 526.1 526.6 527.5 531.2 535.1 541.1 545.9 552.1 557.3 562.2 566.6 570.4 571.9 571 569.7 567.8 567.7 572 577.4 585.8 597.7 612.6 626.9 639.3
611.6 601.2 592.2 585.5 574.6 575.9 577.2 577.7 576.9 573.9 570.7 569.7 571.3 572.8 573 572.6 571.5 565.6 555.7 545.2 533.9 524.3 518.4 515.1 511 510.1 508.5 504.7 508.1 511.1 515.2 522 528.3 532.5 535.5 538.2 542.3 545.4 546.6 547.8 550.8 552.9 554.2 554.3 551.6 547.9 542.1 531.1 523.3 522 520.7 519.4 519.4 519.4 519 519.2 517.9 523.1 526.8 531.3 536.7 540.7 547.9 553.1 557.9 561.2 562.4 563 559.6 560 562.1 567.8 574.5 583.7 595.2 606.6 621.5 629.7
601.5 592.8 585 575.5 566.1 565.4 565.3 564.1 560.1 559.3 560.4 560.2 560.6 560.2 559.4 558 554.7 547.6 540.5 531.1 523.5 518.6 512.9 510.5 508.6 507.7 505.2 501.5 505.3 508.9 513.4 521.7 527.6 532.4 535.8 538.6 541.3 543.2 545.5 546.1 550.2 553.7 555.3 556.9 557.1 552.1 544.9 536.6 528.5 521.9 512.6 512.1 512.6 512.5 512 511.5 511.8 515.5 518.8 523.5 528.1 530.1 534.9 541.2 546 549.4 552.3 553.6 552.2 553.5 557.9 564.4 571.3 581.3 591.6 602.4 615.7 618
591.3 582.4 573 563.5 557.7 554.5 553.5 551.6 551.7 551 551.5 551 549.7 548.8 547.4 544.4 540.7 534.9 527.2 523 518.9 513.2 509.9 506.3 504.4 501.9 500 499 504.2 507.7 513.5 523 528.7 532.5 536.2 538.9 541.4 543.5 545.3 546.9 550.6 554.6 557.8 561.1 561.3 558 551.2 541.3 532.8 524.2 516.1 506.8 501.7 504.1 504.6 503.9 505.3 507.9 511.5 516.1 519.4 522.8 526.1 531.3 536.1 540.2 542.2 544 544.3 546.6 552.3 559.8 568.1 577.3 588.5 598.8 606.7 605.8
578.6 570.5 561.9 555 550 546.3 544.8 544.6 543.9 544 543.7 542.4 539.6 538.3 535.9 532.7 530.4 525.6 521.5 516.9 512.3 508.4 504.8 501.6 499.8 498.4 495.4 499.9 503.9 508.8 516.2 525.1 529.8 534.5 537.3 538.6 541.8 543.8 545.1 547.3 552.7 557.6 562 565.3 565.8 563.2 558 549.8 537.2 526.3 518.8 511.5 501.1 495.9 496.7 497.2 498.5 500.8 503.5 507.2 510.8 515.6 518.7 521 524.1 527.8 530.6 530.7 533.9 538 546.6 552.9 562.2 572.7 583.8 592.2 597.5 595.3
568.4 560.5 554.1 548.5 545 540.7 538.7 537.2 536.7 536.6 535.3 533.2 533.2 531.7 529 526.2 523.2 519.9 515.4 510.1 506.8 502.5 499.4 497.8 496.1 494.6 494 499.5 503.6 509 518.7 526.9 532.2 536 538.5 540.8 542.5 544 545.3 548.3 554.5 560.7 565.5 568.9 570.6 568 564.2 556.6 546.3 531.9 523.2 515.1 506.7 497.7 490.8 492.4 491.6 493.6 496.1 499.5 502.9 506.2 509 512 514.4 516.5 519.7 521.1 523.8 531.3 538.2 545.6 554 564.9 575.9 585 589.4 585.7
556.9 552.5 547.8 543.8 540.8 536.8 533.5 532.9 532.4 531.4 529.6 528.2 527.4 524.9 521.5 518.2 515.6 513 509.7 505.1 501.4 497.2 493.8 492.3 492.3 490.5 494.8 498.4 503.3 511.6 520.2 529.4 534.1 536.1 538.9 541.3 542.8 543.9 544.7 550 556.2 562.8 569 572 573.1 572.1 568.9 563.3 553.7 540.1 527.3 519 511.2 504.4 497 485.8 485 484.4 486.6 489.8 493.6 496.6 499.1 502.7 505.4 508.4 509.8 510.8 516.2 524 530.4 538.5 546.3 554.9 564.7 574.5 579.9 578
552.6 546.8 541.2 537.3 532.9 531.3 528.7 527.9 527.3 526 523.2 522.2 520.8 518.4 516.4 513.7 510 507.2 502.5 499.6 495.3 492.1 489.5 489.9 489.6 490.3 494.1 498.1 504.9 515 525.3 532.5 535.3 536.6 538.3 539.7 541.4 542.7 546.4 550.9 558 564.7 570.5 574.1 577.1 576.5 572.9 567.1 559 548.5 535.8 524.2 516.2 509.9 503.1 495.5 486.9 478.7 478.6 481.8 483.7 483.5 486.3 490.1 491.6 493.1 497.4 500.6 509.4 516.2 523.2 531.9 537.6 545.8 554.5 564.2 571 572
550 542.8 537 532.9 529.3 527.5 524.9 523 522 521 518.4 517.4 516.2 514 511 507.3 503.5 500.9 498.8 495 491 488.8 487.5 487.5 486.1 488.6 492.4 497.7 506.8 519.7 529.9 533.3 534.8 535.4 536.5 537.1 539.7 542.9 547.7 552.8 559 565.6 571.2 575.5 579.3 579.5 575.4 570.1 561.7 552.9 543.5 532.8 521.4 515.2 508.2 501.1 493.4 486.1 473.4 472.3 475 476.3 478.1 479.6 481.5 484.4 488.3 495.6 503.2 510 517.5 523.8 529.6 536.4 543.4 552.4 560.5 565.3
546.4 538.3 532.9 528.8 525.9 522.3 521.1 518.4 517.7 515.5 513.7 512.1 510.4 507.8 504.6 501.9 499.5 496.3 493.2 489.4 487.4 485.3 484.6 484.7 484.2 488.8 492.3 500.3 511.7 522.8 530.7 532.4 532 532 534.5 535.5 538 542.6 547 553.5 560.4 565.5 571.4 576.3 579.6 580.8 576.3 569.8 561.5 554 546.6 538 528 517.7 510.3 503.6 497.3 490.3 481.7 467.8 469.9 470.9 471.8 473.2 474.9 477.2 481.7 489.6 496.7 504.2 510.4 516.7 522.8 526.4 535 542.3 549.7 554.7
536.2 532.8 527.6 525.7 523.2 521 518.6 516.4 513.3 512 510.2 508 505.4 501.9 500.2 497.7 495.5 492.6 488.6 485.6 484.3 483 482.2 482.1 484.2 487.8 494.1 504.7 513.2 522.5 527.1 528.6 528.5 529 531.1 532.8 536.1 539.8 546.1 553.7 559.9 564.2 569.7 574.7 578.7 579.2 575.8 568.6 560.9 553.2 545.9 537.3 529 520.3 512.2 503.8 497.4 491.3 483.4 475.2 461.2 465.1 465.8 466.9 469.6 471.8 475.7 484.1 489.9 497.2 504.1 509.1 516.7 520.2 526 532.1 535.1 539.4
532.1 528.5 525.4 522.4 520.2 517.8 516 514.1 511.2 508.5 506.9 504.2 501.8 499 496.1 494.5 492.6 489.7 486.4 483.2 481.1 480.8 480.9 480 483.3 487.9 494 504.6 511.7 519.3 523.3 525.2 526 526.8 528.2 529.5 532.6 537.2 543.4 551.2 557.2 561.7 566.7 571.6 575.2 575.3 571.9 566.1 558.3 550.7 542.9 534.5 527.4 519.8 511.3 501.2 496.2 490 482.5 475 465.3 457.1 459.7 462 463.7 466.7 470.5 479 485.3 491.4 497.1 503.7 510.1 514.5 518.9 522.1 523.2 526.3
534.6 532 528 524.3 520.9 517.7 514.7 509.2 510.1 507.7 503.1 501.7 498 496.3 494.6 491.4 489.4 486.3 483.6 481.1 478 478 478.5 478.2 481.4 486.5 493.3 501.5 509.1 514.5 518.5 520.9 523.2 523.7 525.8 526.6 529.2 533.2 539.8 547.2 553.3 558.4 563.6 568.6 571.6 570.4 566.6 560.5 553.8 545.8 538.1 530.9 523.4 516.4 506 497.9 491.7 485.5 478.2 472.6 464.6 458.4 451.2 457.1 459.1 461.3 465.6 472.2 480.4 486.7 492.9 498.1 504.2 508.6 512.3 514.8 517.1 518.7
538.3 534.9 531.2 526.8 522.1 518.2 513.9 510.5 506.1 506.1 503.5 500 497 494.7 492.3 489.2 486.4 484.3 481.8 478.9 476 475.9 476.3 474.6 479.3 484.4 490.7 497.6 505.1 510.8 514 516.4 518.2 519 521.8 522.6 524 528.5 535.8 541.7 547.9 553 559.1 564.8 566.3 563.4 559.2 553.6 546.8 539.9 531.3 524.3 517.6 508.7 498.6 489.5 483.9 479.5 476.3 469.6 462.6 456.5 446.9 451.3 455 456.6 462.2 467.8 476.2 482.1 487.6 492.8 498.6 502.2 506.5 508.9 510.7 512.5
542.4 538.4 534.7 531.1 527.2 522.9 516 511.7 509.1 505.4 500.9 495.7 496.1 494.3 491.4 488.1 484.8 482.3 480.6 478 474.8 473.4 473.2 474.7 477.6 481.9 489.3 494.1 499.8 505.3 509.9 512.5 514.3 516 517.2 518.9 520.3 522.2 529.7 536.6 541.2 547.1 553.3 558 558.1 553.6 549.3 544.2 537.5 527.8 520.9 516 508.4 497 490.2 485 478.5 475.1 468.9 466.8 460.6 454.7 450 442.7 450.5 453.6 457.5 465.1 472.5 478.1 484 488.7 492.5 496.8 499.6 502.3 505 506.5
545.4 542 537.2 532.8 530.5 526.8 516.7 512.1 510 507.4 504.2 500 496.2 492.7 487.9 484.9 484.1 480.9 477.7 474.6 472.6 471.5 472 473.3 475.3 479.7 487.1 491.1 495.5 500.1 504.6 507.4 509.7 510.5 512 514.8 516.7 518.8 524.4 530.5 536.1 540.2 546.1 550.2 549 544.4 539.9 534.9 526.8 520 514.5 508.7 501.4 488.5 480.1 476.3 472.4 468.2 465.1 461.4 457 452.1 446.4 440.7 446.3 451 455.5 460.9 467.8 473.7 480.2 485.5 487.7 491.6 494.8 496.6 498.1 499.5
547.1 543 538.6 534.6 531.5 528 518.5 512.1 509.9 508.5 504.5 500.2 496.3 493.7 490.4 486 482.3 478.7 475.9 471.5 470.4 469.6 467.9 472.1 474.4 477 481.8 486.9 492 496.6 500 503.4 504.7 506.1 507.7 509.6 512.3 513.7 518.1 524.5 528.1 532.8 537.8 539.5 538 534.1 529.7 524.8 519.5 515.4 509.1 501.2 491.1 481.5 474.7 470.2 466 463.2 460.4 456.2 453.9 449.5 443.2 437.6 441.1 447.6 452.3 457.8 463.6 469.1 475.2 480.4 484.7 488 490.6 492.6 493.8 495
546.8 542.4 537.7 532.8 528.5 526 519.5 512.4 510.3 508.4 503.9 500 496.9 493.1 489.7 484.9 479.7 476.4 474.3 471.5 466.6 463.6 468.9 470.9 472.6 475.8 479.7 485.1 490 493.6 497 500.4 501.3 502.2 503.5 506 508.9 509.6 512.4 519.1 523.4 526.9 529.1 530.4 528.5 526.6 523.7 519.7 516 511.4 501.7 496.1 487.8 476.8 469.3 464.6 461.5 458.4 454.8 451.3 449.7 446.6 439.9 431.9 437.5 444 449.1 454.1 459.2 463.5 470 475.5 480 483.9 486.5 489.2 489.9 491.4
544.6 540.4 535.6 531 526.5 522.1 517.7 512.5 510.2 507.7 503.5 500.6 497.5 493.2 488.7 483.5 478.8 475.8 473.8 471 466.2 461.9 467.3 469 471.1 474.4 479 483.9 488.6 492.2 496 498.1 498.9 499.2 499.3 502.4 503.3 505.1 507.1 513.4 518 520.3 522 522.4 522.4 520.7 518.7 516.3 513.6 508.2 501.2 491.7 485.5 473 465.5 461.6 455.4 452.7 449.5 446.4 444.3 442.4 438.4 432.4 433.3 441.1 445.7 449.6 455.8 461.1 465.7 471.5 475.7 480.3 482.3 485.4 485.9 487
541.2 537.2 533.1 529.2 525 520.4 515.8 511.7 509.6 506.4 503.4 500.7 497.7 492.8 487.6 482.7 478.6 475.6 472.6 470.3 461 460.7 465.4 467.1 469.7 473.4 478.2 482.9 487.9 492.5 495.1 496 495.8 496 496.1 496.9 499.5 501 502.6 508.1 511.9 515.1 515.4 516.9 517.1 516.6 516 514.6 512.1 506.4 500.7 491.4 482.8 469.7 460.1 455 450.5 447.7 444.9 441.8 438.9 437.2 434.2 430.2 426.2 437.9 442.9 446.1 452.8 458.6 462.2 466.9 471.2 475 477.8 473.7 477.1 481
537.8 534 530.4 526.8 523 518.5 512.8 510.6 508.1 505 502.6 500.2 496.6 491.2 485.8 481.7 478.1 474.3 471.5 467.9 459.6 459.1 463.7 465.3 468.4 472 477.8 483.5 488.7 492.3 493.4 493.5 492.6 492.8 493.9 494.3 495.2 497.5 498.3 502.3 506.4 509.3 510.6 511.3 512 512.2 513.7 514.5 511.7 506.2 498.7 487.6 477 464 456.7 450 446.6 442.7 440.1 437.2 434.2 431.3 428.2 424.1 428.3 433.8 438.6 443 449.7 454.2 459 462.6 466.6 469.9 466.5 476.8 483.7 489.1
