Assets/StreamingAssets/GeoData/Data/nj/NJ43.asc
ncols 200
nrows 200
xllcorner 340000
yllcorner 830000
cellsize 50
[rows 105 to 139 of 200, columns 0 to 77 of 200]
326.5 315.6 312.8 306.3 297.3 288.7 281.4 275 268.9 260.7 254.7 246.3 230 230.7 231 248.3 256.4 269.2 279.7 291.2 300.4 304.6 306.6 309.6 316 320.5 322.7 321 320 316 310.2 305 300.3 294.4 288.3 281.2 266 271.6 275.2 275.8 270.7 278.7 289.4 298.7 305.4 310.5 312.8 315.7 319.4 323.1 327.9 331.8 335.3 340.1 347 351.3 357.1 363.8 369.8 376.5 383.8 396 406.3 424.1 441.1 456.3 464.9 472.6 484.6 495.1 503.9 509.3 512.6 516.3 517.9 517.8 517.1 518.2
324.9 317.7 306.6 281.9 278.6 276.7 270.9 265.9 259.2 251.9 245.8 234.4 232.1 231.4 231.6 245.4 257.2 269 284.3 295.9 305 308.5 313.4 321.9 329 333.1 332.6 331 327 321.2 315.5 309.8 303.7 297.5 291.2 282.9 271.3 277.4 280.6 281 279.7 283.4 291.8 301.3 307.6 312.6 316 318.9 322.8 327.3 331.4 336 341.6 346.7 349.7 357.2 362.3 370.2 376.3 382.5 390.7 399.2 413 428.3 444.1 455.1 469.4 478.1 491.1 503.4 509.7 512 513.6 516.4 515.9 514.3 513.3 511.2
321.6 313.3 304.5 293.9 277.5 262.6 261.3 253.2 249.8 243.9 244.1 247.1 240.5 227.7 231.9 239.4 253.7 266.6 281.8 294.5 303.4 311.3 319.1 330 336.3 338.8 339.1 335.9 330.2 323 317.4 311.1 304.8 299 292.5 284.6 278.8 283 285.5 286.9 287.4 287.6 293.7 302.5 308.6 313.2 317.2 321.7 327 331.4 335.3 341.5 348 354 359 364 369.6 372.9 380 387.6 396.3 407.1 420.1 433.6 447.7 461.3 472.1 483 494.5 504.5 510.9 513.1 514.2 516.1 515.6 511.5 508.9 504.6
317.2 308.6 300.7 292.4 283.8 276.6 269.9 260.8 261 258.7 255.7 252 245.8 231.5 229.8 234.9 246.1 261.7 275.6 289.4 297.5 307.5 319.8 331 337.8 341.2 341 335.8 330.3 324.9 318.6 312.2 305.9 299.7 293.2 284.1 284.8 288.7 290.5 292.9 293.7 288.7 297.8 303 310.2 315.4 320.4 325.3 329.3 334.7 339.8 349.9 356.5 362.4 366.9 369.5 374.3 380.4 384.1 391.6 402.8 414.4 427.8 441.3 454.1 465.6 476.1 485.6 494.9 503.1 509.3 513.4 515.4 516.2 515.3 510.4 502.9 498
313.3 305.6 298 291.2 283.8 276.8 270.9 268.5 265.6 263.1 259.8 256.2 251.4 240.2 230.7 230.2 239.7 255.3 267.4 281 290.7 303.5 317.3 327.6 336.1 339.3 339.7 336.5 331.8 326.1 319.9 313.4 307 300.6 294.6 285.6 290.3 294.3 296.3 298.2 298.7 299.5 299.2 305.9 311.8 317.2 322.2 327.1 330.7 337.4 345.1 356.3 367.6 373.2 374 376.1 378.5 383.9 389.6 400.2 410.1 421.9 436.1 448.6 458.6 468.7 478.3 487.2 494.2 501.6 510.4 514.3 516.4 517.9 515.5 508.2 500.8 489.9
310.6 303.8 297.2 290.8 285.3 280.7 277.2 273 269.4 266.7 263.9 260.6 256.9 249.3 239.9 231.6 231.7 247.3 260 273.3 284.6 298.7 311.1 323.6 332.5 337.2 338.3 337.1 333.3 326.3 320.6 315 308.6 302.1 296.4 294.9 297.3 299.5 301.4 302.7 304.5 305.8 304.9 305.4 313.3 318.9 323.8 328.2 334.4 347.4 358.7 370.2 378.2 381.1 381 381.2 384 389.1 397.8 409.8 421.2 432.1 444.4 452.5 461.3 471.1 479.2 487.4 494.8 503.8 513.3 516.5 518.7 518.9 514.2 507.1 498.4 485.3
310.1 304.4 298.4 292.9 288.1 283.4 280.5 276 272.8 271.5 269 266.6 262.7 256.1 247.4 237.8 231.9 238.9 253.4 267.3 279.7 292.6 306.2 318.6 328.3 334.4 337 336.9 333.7 326.9 320.6 315.1 309.6 304.4 298.2 300.2 302.7 304.6 306.5 308.1 309.4 310.1 310.7 312.8 316.9 321.5 324.1 329.8 343.6 360.5 373.3 380.9 385 388 387.6 387.8 396.5 406.2 413.5 425 432.4 442.3 450.9 457.4 465.6 473 482 489.7 498.9 508.7 516.6 519.6 521.2 519.3 513.7 505.8 494.9 481
311.4 303.9 297.9 292.5 288.4 285.3 282 278.7 276.5 275.9 273.9 271.3 267.6 263 251.5 242.6 234.6 230.3 247.1 262 274 287.8 301.4 313.7 324.4 332 336.3 335.9 333.3 327.4 322.9 317.5 312.9 308.9 306.2 306.8 307.9 309.7 311.6 313.4 314.6 315.7 316.1 318.2 318.4 324.6 329.5 342.4 358.6 373 381.4 386.2 390.6 393.3 395 399.6 411.4 421.9 429.9 436.9 442.2 448.1 456.4 462.8 469.9 477.4 484.3 492.8 505.6 514.7 519.2 521.4 523.4 519.7 511.4 501.8 491.2 479.8
310.2 305.1 298.3 293.1 289.3 286.1 282.6 280.4 280.2 278.8 277.1 275.2 271.6 267.4 256.7 246.9 239.3 233.1 243.3 259.1 271.1 285 298.6 311.5 322 330.5 335 334.6 333.8 329.8 325.1 320.3 315.7 312.4 311.8 312.2 313.2 314.9 316.6 318.1 319.8 321.3 322.2 323.2 325.1 333.6 336.1 353.6 368.9 377.8 385.7 391.3 394.5 398.5 405.2 418.1 430.4 438.7 444.2 450.2 453.4 455.2 461.4 467.5 474.3 481.8 489.8 501.7 512.1 517.9 522.1 524.8 524.3 518.8 509.5 498.6 489.7 477.9
308.6 304 299.5 294.6 290.7 286.4 283.4 281.9 282.1 279.7 278.8 276.8 273.9 269.6 260.9 252.1 242.4 234 239.7 256.3 267.4 280.5 296.7 309.9 320.8 328.8 333.7 335.5 336.3 332.5 327.8 323 318.9 316.6 315.8 317.6 318.5 320.1 321.3 322.5 325.7 327.8 327.9 330.5 338.2 350.5 354.9 353.3 367.9 378.7 387.1 393.6 398.8 405.2 419.6 435 446.6 450.7 457.1 460.6 461.3 460.8 465.2 472.4 479.2 487.4 496.2 507.8 515.4 518.7 522.6 525.8 524.3 517.8 507 497.8 487 474.2
307.6 303.4 299.1 294.2 289.9 285.6 282.3 280.5 279.5 278.2 277.1 275.6 273.3 269.3 262.9 253.9 241.2 234.3 235.8 255 267.3 281.8 297 311 319.9 327.9 333.4 336 337.7 334.6 330.7 326.8 323.2 322.5 320.7 323.5 323.7 324.2 325.9 328.9 333.9 335.1 337.9 344.9 354.4 361.5 362.1 363 371.4 379.1 387 393.4 405.3 420.6 437.6 451.3 459.4 465.3 467.7 468.6 468.5 467.7 471.3 477.3 483.2 492.4 501.8 511.5 515.5 518.6 523.8 525.3 523.1 514.9 505 494.1 482.3 471.2
306.1 302 298.1 293.2 288.4 283.2 279.2 276.3 274.3 273.5 272.6 271.1 269.8 267.7 261.7 249.5 237.8 233.2 244.4 258.7 269.9 285.5 299 311.2 319.9 328.7 335.3 337.6 338 336 333.9 331 327.7 326.6 325.8 325.2 327.3 329 331.4 334.8 337.7 340.9 347.6 357.9 364.3 368.4 372.2 375.9 375.4 384 394.2 406.9 421.6 437.7 451.5 462.7 469.7 475.8 478.7 475.8 473.3 470.2 476.4 481.8 488.1 495 503.2 508.2 512.3 516.6 520.5 522.8 520.8 511.5 501.7 489.8 477.5 463.6
304.4 300.3 296.3 290.6 285.4 280 274.2 270.1 267.7 266.4 265.7 264.7 263.9 262 253.3 242 235.1 231.6 253 262.3 273.2 287.9 300.8 311.7 321.2 330 336.1 339.6 340.2 337.7 335 332.2 331.1 330 329 329.7 332.7 335 336.7 339.2 343 347.8 357.7 366 371.2 380.6 385 387.1 383.6 392.1 404.5 421.3 435.2 449.5 462.9 472.7 481.2 485 486.3 482.9 478.7 476.2 479.2 485.2 490.6 494.9 498.4 501.2 506 510.7 514.2 516.7 513.8 506.6 496.5 485 472.4 458.7
299.8 297.5 293 287.4 281.8 275.4 269.4 264 260.5 259.1 256.3 255.3 254.3 246.3 238.9 233.3 233 240 250.1 263.4 275.2 289 301.7 312.2 321 329 334.7 339.4 340.9 339.9 336.5 334 334.2 333.3 332.3 334.5 337.6 340.4 342.4 345.4 349.8 356.6 366.9 376.9 384 392.4 397.3 396.6 393.9 402.7 417.6 430.7 446 460.6 472 482.2 488.9 490.4 490.6 486.9 481.8 479.1 480 483.2 486.2 488.1 490.7 493 496.7 500.9 505.9 507.9 505.2 497.5 488.9 479.5 467 453.1
295.5 293 289.1 284 277 270.5 264.9 259.3 253.7 249.8 244.1 242.6 234.6 235.1 235.2 234.5 245.2 257.1 256.2 257.4 270 285.8 299.7 309.8 318.9 326.7 332.8 337.3 339.6 340.1 337.8 336 337.1 336.8 336.8 339.2 342.4 344.8 347.3 351.7 358.4 367.2 376.9 387.3 395.7 401.2 405.6 403.6 409.6 417.4 427.9 442.5 455.5 469.7 480.1 488.6 493.9 493.6 492.5 487.8 482 479.3 478.1 476.6 476 476.8 480.1 483.7 488.3 492.8 496.9 498.7 495.9 488.3 480.9 473.7 462.4 449.9
289.6 287.5 284.4 279.1 273 266.7 260.7 254.1 246.4 237.5 234.4 235.7 235.6 235.4 235.8 248.5 261.7 268.1 267.2 258.5 267.2 280.5 294.8 306 315.1 322.4 329.1 334 338.2 340.1 339.6 340 341.2 342.7 342.8 344 346.5 348.8 353.4 358.6 367.6 377.7 388.7 397.4 403.7 407.5 412 416.5 425.9 434.8 440.1 452 464 476.2 486.5 491.1 495.8 496.5 493 488.9 482.5 479.1 473.4 468.8 467.3 467.3 469.2 474.6 479.7 485.2 489.8 491.7 489.5 483.6 476.6 469.7 460.3 448.5
282 280.6 278.9 273.6 267.7 262.3 256.4 247.2 236.5 234.1 236.4 235.7 235 235.8 249.4 260.7 271.7 275.5 274.9 269.6 264.4 276.6 290.4 300.9 310.6 318.3 326.6 331.8 337.2 340.1 343.7 345.5 346.4 347.6 348.8 349.3 350.6 355.2 359.7 365.8 376 387.2 397.1 404 408.5 413.1 420.3 428.3 438.8 448 454.7 460.7 470.9 479.7 485.7 492.7 496.4 497.1 495.3 490.7 484 476.6 467.9 456.5 455 455.5 458.5 464.4 470.2 477.2 483.7 486.1 484.3 479.7 472.8 465.8 456.6 445.4
269.1 270.2 269.2 266.4 262.3 256.8 248.9 237.7 234.4 236.3 235.9 235.7 237.2 250.6 261 274.3 280.4 282.4 282.2 280.2 271.3 276 285.7 296.8 307 316.8 325.5 332 337.4 343.3 347.3 349.9 351.8 353.3 354.2 355.8 359.4 363.9 370.1 376.4 384.9 393 401 408.3 413.2 418 429.5 440.2 451.3 460 465 469.2 474.3 480.9 488.5 492.9 497 499 499.4 493.9 486.2 477.7 465.6 444.8 436.7 441.8 448.3 455.5 460.3 467.5 475 479.1 477.8 474.6 469.2 462.1 452.5 441.5
270.8 257.7 259.1 258.8 255.4 250.3 238.2 236.2 237.2 236.5 236.1 249.6 255.5 266.4 276.8 283.7 287.9 289.1 289.5 287.2 283 278.9 286.5 297.7 306.9 316.7 325 332.7 340 346 350.3 353.8 355.8 357.7 360.4 364.8 369.8 376.4 382.5 389 395.6 400.2 405.6 411.1 416 427.4 440.5 451.7 461.8 471.2 476.3 479.1 482 485.4 490.3 493.9 498.2 502.5 503.8 498.1 488.6 478.3 466.9 448 427.9 427.8 437 444.5 449.6 458 465.6 471.5 471.9 468.1 463.4 457.3 447.1 436.3
270.8 263.7 256.3 247.7 248.6 244.6 238 237.8 237.8 244.3 250.2 255.4 262.4 277.4 284.7 291.6 294.3 295.8 294.5 292.8 289.1 283.9 290.4 301.7 309.8 318.8 327.7 334.8 342.4 349 353.9 357 359.6 363.5 370.5 375.8 380.7 387.9 395.7 400.7 403.1 407.1 411.5 418.6 427.4 435.7 447.4 460.3 471.5 481.1 486.8 487.7 490.7 491.9 494.5 497.7 501.2 505.2 504.7 499.6 490 480.1 467.5 449.8 430.5 411.4 423.1 432.2 439.5 447.7 456.7 464.6 466 462.8 457.9 450.5 439.6 429.6
269.8 263.8 257.2 250.7 243.5 236.6 238.2 240.6 244.3 247.9 253.6 259 268.2 279.6 289 295.6 299.6 300.4 299.2 297.4 298.4 295.7 294.8 306.2 314.2 321.8 329.1 336.7 344.3 351.6 356.6 361 365.9 374.8 380.1 385.8 391.7 398.4 404.7 408.9 411.5 413.9 417.2 425.3 436.9 443 451.4 469.2 479.6 487.2 493.7 496.7 497 497 498.8 502.3 505.4 507.9 507 501.5 491.9 481 466.5 448.5 427.2 411.6 407.8 418.2 427.4 438 450.3 459.1 463.4 458 451.3 443.4 433.5 425.6
268.7 262.7 255.4 248 236.9 238.5 238.4 245.2 253.8 251.7 254.6 260.4 269.2 281.7 291.1 297.8 303.5 305.1 303.4 304.9 306.5 304.8 304.4 311.2 318.7 325.4 331.9 338.7 346.2 353.8 359.1 365.6 374.9 382.6 388.5 394.2 400 406.4 412.8 416.5 418.4 420.7 426.4 438.4 447.3 453.5 465.2 477.3 486.9 494.4 500.4 502.5 502.8 504.8 506 508.3 509.1 508.3 507.7 501.6 491.6 479.8 463.7 441.8 421.8 407.3 395.8 405 417 429.3 442.6 449.8 455.1 450.7 444.3 437 429.7 420.8
268 260.3 251.1 238.5 239 238.8 238.9 254.1 258.5 254.8 258.9 263.7 272 282.8 291.8 299.4 305.4 307.4 309.3 311.5 313.6 313.8 312.2 313.1 322.3 328.7 335.1 341.8 348.7 355.7 362.2 371 381.7 389.5 399.2 403.8 408.5 415.4 422.3 423 424.7 428.5 438 448.7 458 465.7 476.3 484.3 493 498.2 503.7 506.5 508.3 510 510.2 512.2 511 509.6 505.4 498.5 488.7 477.7 459 437.4 417.5 403.5 392.9 393.6 406 420.4 431 440.4 444 441.6 435.1 429.4 421.5 414.8
266.4 258.1 241.6 238.4 239.3 239.3 252.4 261 262.7 258.5 263.3 269.5 276.7 283.3 291.8 299.5 305.5 309.8 314.1 317.8 320 321.9 320.8 321.7 323 333.2 339.1 345.1 350.8 358 367.8 377.2 388.3 399.1 407.8 415.4 421.8 428 430.3 430.3 431 441.2 452.7 464.2 469.8 477.6 484.7 489.3 496.1 500.3 505.2 509 511.3 513.3 514.5 513.6 510.4 507.8 502.3 494.2 487.1 476.2 458.3 436.7 422 405.4 391.9 385.7 397.5 410.5 422.2 429.6 431.4 428.7 422.9 417.4 412.4 407.4
264.8 254.9 240.2 239 239.5 247.4 261.1 264.7 265.2 263.9 267.6 274.6 281 287.6 293.9 301.1 307.2 312.5 318.3 322.7 326.2 327.9 327.9 329.3 331.9 331.9 341.1 347.3 353.7 362.6 371.7 383.1 396.3 405.3 416.2 427.3 432.4 437.2 437 434.5 443.1 456.4 468.2 477 482.4 488.1 492.8 495.1 497.3 502.4 506.7 511 513.6 515.5 516.3 515.2 510.7 503 497 490.6 483.5 475.7 465 450 428.8 410.6 394.5 382.4 386.4 399.1 407 412 414 414.2 410.8 408.5 404.9 401.1
261.7 253 241.6 238.6 240.2 256.9 264 266.4 266.9 268 270.8 279.2 285.3 291.5 297.7 303.7 309.8 316.2 322.1 326.8 330.4 332.7 334 335.9 337.4 341.1 341.3 350.1 358.3 365.7 375 389.3 401.1 412.3 425.8 436.9 442.1 444.1 442.1 444.7 458.3 470.8 481.1 488.6 492.2 495.1 497.7 498 500.5 503.1 508.2 511.5 515.3 515.7 514.7 513.1 506.4 497.9 491.1 486.4 480.3 473.6 465.8 455.6 440.1 418.3 399.1 384.8 375.9 384.2 391 396.7 399.8 402.5 402.9 402 399.1 396.5
257.8 246.6 243.4 239.7 242.7 259.9 263.3 265.3 267.7 272.6 277.6 282.5 289.7 295.8 302 307.4 313.2 319.8 325.8 329.8 334.1 337.2 339.4 341.1 342.9 345.9 350.6 355.3 362.1 369.3 382.2 393.6 405.7 418.2 433.3 444.2 447.4 449.3 448.2 457.1 471.1 482.6 492.4 499.5 501.3 501.9 501.7 500.5 502.6 504.8 508.1 511.4 513.7 514.4 513.1 508.3 500.3 492.1 486.7 483.6 477.1 471.1 464.7 457 447.2 427.5 408.3 390.2 376.5 371.7 375.2 381.4 386.5 391.6 396.1 397.2 395 392.1
250 250.4 247 240.2 242.8 253 260.2 264 269.1 276 281.6 286 294.3 299.9 305.5 311.1 316.6 323.3 327.9 332.5 336.9 340.2 343.6 345.7 348.9 353 357.3 361.6 363.1 376.2 387.8 398.5 409.2 424.1 438.5 446.9 451 452.3 453.5 468.5 481.6 493.2 502.5 507.3 505.4 505 503.5 502.5 502.6 504.3 507.3 510.6 512.6 511 505.7 498.9 491.7 484.3 479.9 476.3 472 469.5 464.1 457 448.3 437.4 420.1 400.8 386.5 376.7 366.5 364.8 371.5 382.2 389.5 391.5 389.7 386
258.4 255.1 249.6 241.8 239.2 247.6 256.5 263.3 269.9 277.3 284.4 292 297.9 303.2 309 314.9 321.5 326.2 330.7 335.7 340.5 344.2 347.2 351.5 356.2 360.7 365.1 369.8 375.4 383.2 392.3 402.3 415.6 429.6 440.3 448.7 452.2 454.9 466.1 479.3 492.4 502.6 509.3 510.2 507.1 504.8 502.9 501.8 501.3 501 503.3 505.2 504.6 500.5 494.3 487.7 481.2 475.4 471.7 468 467.6 466.2 462.9 455.9 447.7 437.1 427.6 418 408.3 395.4 383.5 369.6 360.1 367.9 379.4 384.3 384 380.7
258.7 254.6 247.2 241.4 239.6 245.7 254.6 262.9 271.8 279.2 286.7 294.6 301.4 306.7 313.5 319.6 324.1 328.8 333.8 338.6 343.6 348.2 352.8 357.7 364.1 367.5 370.6 377.2 385.9 395.9 400.3 407.6 419.3 431 440.9 447.5 456.6 464.9 475.5 489.8 502.3 510.8 512.6 510.8 507.4 503 501.1 499.5 497.4 496.5 496.1 495.5 491.4 485.5 480.2 475.1 469.9 464.1 459.2 459.4 462.1 460.9 457.7 450.7 443.4 436.2 431.3 425.4 418.2 409.2 399.3 385.5 368.8 355.8 365.9 373 374.3 371.1
257.9 249.8 241.9 240.5 241 243.8 255.7 265 273.8 280.9 288.4 297.4 304.4 311.3 317 322.2 326.7 332 337.5 342.8 347.6 352.6 358.6 364.1 368.8 372.4 376 384.1 394.7 402.8 410 416.5 423.2 433 439.4 449.9 463.4 475 486.1 500.1 510.1 513.1 513.4 508.5 504.4 501.2 499.2 496.1 493.7 489.9 486.5 483.8 478.1 471.6 467 462.1 457.2 453.5 449.1 449.3 452.7 453.2 449.2 444.6 440.5 437.1 433.7 428.6 421.8 413.4 404.5 396.7 383.7 365.5 352.7 355.1 359.2 357.6
258 247.6 241.7 240.5 241.9 248 253.4 267.3 275.8 282.6 291.2 300.4 306.8 314.1 319.7 324.8 330 335.2 340.5 346.2 351.7 356.7 362.7 367.6 372.7 377.2 381.6 390 400.4 410.3 416.3 421.7 428.3 435.5 442.2 457.5 470.6 483.1 496.2 508.7 512.6 512.3 509.8 505.2 502.5 499.7 496.5 493.3 488.8 484.7 478.6 471.7 465.7 460.9 455.8 448.9 444.6 442.4 440.2 437.9 441.5 443.2 442.7 440.9 441.6 441.6 438.4 431.5 423.6 415 406.5 398.5 390.7 379.1 366.5 351.4 344.7 342.9
251.6 242.8 241.6 240.7 241.9 252.9 261.5 270.7 277.9 286.1 293.5 302.3 309.4 315.8 321.9 327.9 333.2 338.5 343.7 349.2 354.9 360.6 366.4 371.1 376.4 381 386.8 396.2 407.7 415.8 421.7 426.8 434 441 450.9 465.8 479.6 492.3 504 511.4 513 510.4 505.1 501.9 500.5 497.8 494.2 490.8 484.5 480.3 470.5 462.4 455.1 449.2 441.3 437.4 435.2 433.5 430.7 428.2 431.3 434 435.6 438.2 440.6 441.7 437.6 430.6 422.3 414.1 405.1 398.4 390.5 382.1 374.6 365.8 357.4 349.2
243.1 242.8 241.6 242.1 251.1 258.2 265.6 274.1 281.7 289.2 297.2 304.5 312 317.9 324.8 330.5 335.9 341.7 347 352.3 357.7 363.9 369.6 375 381.9 385.7 393.8 404.2 413.2 420.3 427.4 432.4 443.9 453.6 465.5 478.3 490 500.6 508.9 513.2 511.3 506 502 499.7 498.3 495.9 492.3 488 482.4 476 466.3 456.6 447.3 437.8 431.2 427.4 425.3 423.2 422.7 421.8 424.2 427.6 430.6 434.5 437.9 435.9 432 426.4 418.9 411.4 403.7 396.6 389.5 381.4 374.2 367.2 358.4 352.7
242.9 242.2 242.1 247.5 254.7 262.2 269.8 276.6 284.4 292.1 299.7 307 312.8 319.5 327.5 333.1 337.5 343.1 349 355.1 360.3 367.1 373 379.4 385.2 391.4 401.5 411.1 418.1 424.9 432.2 447.1 458.9 468.4 479 490 500.6 507.8 511.5 512.1 507.2 502.1 499.1 497.5 496.1 493.9 490.4 486.1 481.4 472.8 464.6 456.4 447.1 437.1 430.2 423.6 417.8 415.9 414.1 413.6 418.3 423.1 426.5 428.9 431.2 430.3 427.2 419.9 412.8 405.8 399 393.4 387.4 380.2 372.9 366.4 358.8 353.8
