Assets/StreamingAssets/GeoData/Data/nj/NJ51.asc
ncols 200
nrows 200
xllcorner 350000
yllcorner 810000
cellsize 50
[rows 70 to 104 of 200, columns 0 to 77 of 200]
413.1 431.7 454 472.1 488.4 501.2 511.4 519.8 516 503.5 489.3 469.2 451 433.7 417.1 396.2 372 351.8 332.4 315.2 301.4 289.1 277.7 265.1 251.9 239.1 239.1 239.2 240.7 244.6 249.6 254.1 254.7 252.5 247.5 244.1 242.1 240.5 242.6 243.6 245.8 250.2 256.6 263.7 269.7 274.6 280.6 287.8 289.5 287.1 281.8 282.1 286.2 284.8 277.3 268.8 259.7 248.8 238.6 226.8 215.6 206.5 202.8 204.1 206.8 210.4 210.7 210.6 209.7 208.4 202.7 197.2 192.2 185.4 179.2 173.4 167.7 163.8
424.6 444.2 463 480.8 496.1 508.5 518.7 525.5 520 508.8 495.2 474.6 453.4 433.9 418.6 398.6 374.4 353.5 333.8 316.1 301 288.7 275.6 260.6 253.9 254.2 253.5 251.5 254.3 257.9 266.8 273.1 273.7 269.3 265 261.4 259.1 258.4 257.3 259.2 262.8 269.9 275.1 282.2 288.7 293.3 299.3 306.3 305.5 301.4 295.3 293.5 296.2 294.7 287.2 276.2 268.5 257.6 246.1 233.8 222.4 213.9 209.9 210.9 213.9 218.2 218.3 218 216.1 213 207.1 200.1 193.8 186.2 180.1 174.7 168.8 165.3
436 454.9 472.4 488.3 501.9 515 525.1 529.8 526 514.7 495.9 475.9 455.4 433.8 419.9 400.1 376.5 354.4 334.5 315.5 300.3 285.3 275 272.1 271.1 271.4 267.7 265.8 267.2 272.7 282.5 290.2 293.2 288.2 280.9 278.9 278.1 277.5 275.7 276.7 280.8 287.2 294.4 301 305.7 311.4 316.6 322.1 320.9 316.5 310.4 304.9 304.7 302.5 296.4 285.7 275.9 265.8 253.9 243 233.5 225.2 222.6 221.5 223.1 226.9 227.3 224.3 220.3 214.7 208.5 202.3 194 186.8 180.5 175.4 169.9 166.4
446.4 462.8 480 495.1 507 518.9 529 531.6 527.7 518 497.7 478.4 457.4 434.5 419.8 400.7 377.7 355.3 334.6 315.1 298.2 294.7 290.3 284.9 284.2 284.3 284.3 282.2 286.4 290.7 297.7 305.8 312 308.5 300.4 300 299.4 299 298.1 299.7 303.1 306.6 312.4 319.2 323.4 327.4 331.8 334.8 333.2 328.7 323 315.3 311.8 311 305.1 295.1 282.4 274.8 261.9 251.9 244.2 240.1 239.5 232.2 230.2 233.9 231.5 227.4 221.8 215.8 210.1 204.1 196.7 188.7 182 175.6 171.2 167.6
453.2 468.1 482.2 496.1 508.7 520.2 528.4 531.4 527.7 517.6 499.6 479.2 458.4 435.7 418.3 400.5 378.5 355.4 334.7 316 313.8 312.9 310.6 305.4 298.5 297.6 298 298.4 300 305.2 311.1 318.5 323.2 322.7 321.3 320.9 318.5 317.1 315.4 314.2 317.2 320.9 326.7 332.7 335.4 339.3 342 345.1 343 339.5 332.9 323.8 317.1 314.8 310.1 301.3 288.3 279.6 268.5 259.4 253.2 249.9 247.5 239 232.9 234 231.8 227.4 222.2 216.2 210.1 204.1 195.7 187.9 181.5 177.2 172 165.8
455.9 469.8 481.6 494 506.6 518.2 526 529.5 526.1 515.3 499.4 479.5 460.1 437.7 418 399.4 377.6 356.5 334.7 334.4 333.3 327.8 323.4 322.2 318.2 313.7 312.2 312.8 314.2 319.3 325.2 328.8 333.4 335.2 336.8 333.7 331.2 328.8 326.8 324.9 326.3 329.4 334.4 338.6 342.4 345.8 347.5 350.1 349.1 346.7 340.5 331.5 320.8 315.7 314.5 305.4 291.9 281.7 274.1 265.6 260.7 255.9 251.5 245 236.5 234 231.1 226.8 222.9 216.7 210.8 204.2 195.5 187.8 181.4 176 170.4 165.6
455.3 467.3 478.6 490.3 501.2 513.1 521.5 527 523 514.8 499.6 481.5 462.3 439.7 418.5 399.8 380.5 361.2 352.8 353.3 352.3 348.2 343.7 338.4 334.9 333.2 330.5 329.6 329.8 335.8 339.1 341.2 345.2 347.2 345.5 342 338.9 336.3 333.7 331.5 331.1 333.3 336 339.8 343.4 346.3 348.9 350.4 350.8 348.8 343.2 333.7 323.7 317 312.3 305.1 293.8 282.7 277.9 270.9 264.3 260.9 256.5 249 240.7 235.2 232.1 229.4 223.4 215.4 209.6 203.1 195.3 187.7 180.9 175.5 170.1 165.3
451.3 463.5 473.3 484 494.6 505.1 515.3 519.7 519 513.1 500.6 484 465 444.1 424.6 404.6 385.6 370.5 374 372.3 368.1 365.4 361.1 356.9 353.1 350 346.6 349.1 349.7 350.7 352.2 354 357.3 356.8 353 348.1 343.1 339.5 336.5 333.7 330.9 332.1 334.5 337.3 340.1 342.7 344.5 347.5 349.6 348.6 342.7 333.2 324.9 319.5 314.6 305.4 293 284.5 278.9 273.5 267.7 263.5 259.8 253.6 244.3 237.1 232.4 227.2 219.7 212.7 206.5 200.7 194.3 186.5 179.1 174.6 169.4 164.8
445.7 457.3 467.9 476.1 486.3 495.8 505.6 512.4 514.6 512.1 502.9 488.4 471.2 450.3 432.8 414.6 397 392.7 391.5 389.7 388.3 383.5 378.2 374.4 373.1 370 367.6 367 365.1 366.3 366.8 367.8 368.1 366 361.5 353.1 346.4 341.1 336.7 333.8 330.9 329.7 330.9 332.3 334.5 336.3 339.1 342.5 345.6 346.5 344.6 337.4 327.3 320.4 316.3 307.4 296.1 286.4 279.3 274.8 269.5 265.2 259.4 253.5 244.6 238.1 231.9 223.8 215.3 209 202.9 197.4 192.6 185.2 178.5 173.1 168.9 164.7
440 449.1 460.5 469.1 477.3 485.9 495.5 504.2 509.1 509.7 505.4 492.8 478.7 462 445.9 428.8 418 413.3 412.8 411.9 407.6 403.1 399.1 393.9 388.7 386.5 384.2 381.4 379.6 379.1 379.6 379.3 377.6 374.4 366 357.2 349.2 342 336.1 332.2 329.1 327.1 326.8 327.1 328.6 330 333.3 337.4 341.1 344.5 346.2 342.1 331.7 319.9 314.6 307.6 297.2 286.5 277.3 273.6 268.7 263.2 256.5 251.3 243.5 237.1 230.8 221.7 212.5 205.7 200.5 194.6 189.6 183.8 178.1 173.2 169.8 166.4
433.3 441.4 450.9 460.9 467.4 474.5 486.1 496.2 503.4 507.8 507.7 498.1 486 473.2 461.2 450.1 439.4 433.4 430.8 428.4 424.6 419.8 414.7 408.7 403.2 399.2 395.7 393.8 391.8 390.4 390.2 389.2 386.3 380.1 371.8 363 353.4 343.4 335.4 332 327.7 324.5 323 322.5 323.1 324.2 327.4 331.6 336.1 340.9 344.6 343.4 332.4 321.6 313.8 307.2 298.4 291 279 271.6 265.3 260.2 253.9 247 240.4 234.5 227 218.7 210.8 205.2 198.6 192.9 187.8 183.8 179.5 174.8 170.3 167.8
427.2 434.8 443.4 451.4 458.9 466.8 477.3 487.9 496.8 503.1 505.4 500.8 492.3 482.9 473.2 463.6 455 448.1 442.4 438.6 435.9 430.3 425 420.3 414.4 408.7 404.5 402.4 400.1 399.6 399.1 397.6 393.8 387.7 378.6 369.3 360.7 346.9 336.6 330.2 327 323.3 319.6 318.1 318.3 319.3 322.4 326.5 331 336.5 340.6 341 331.9 322.1 313.7 305.4 297.5 291.2 280.4 270.4 261.3 252.8 245.6 239.9 235.5 229.7 222.9 215.6 208.5 202.4 197.3 192.6 187.6 183.9 179.5 174.8 171.6 169.5
419.2 426.9 435.3 443.3 450.6 459.8 470.9 481.3 490.3 498.1 502.6 502.7 497.9 489.8 480.8 472.4 463.7 456.4 449.6 443.9 439.3 434.1 430.3 425.2 419 413.8 409.9 407.5 405.6 405.4 405.1 404 399.9 392.2 382.7 373 363.2 352.7 339.1 329.8 324.6 321.3 316.7 312.9 311.5 313.4 317.1 321.3 325.8 330.7 334.7 334.1 328.7 320.2 312 305.9 300 293.3 282.8 270.2 261 252.7 246.9 240.2 235.1 229.5 223.4 216.3 209.5 204 198.6 193 188 185.3 181.6 176.4 173.9 171.4
410.8 417.5 427.1 435.6 442.5 452.3 464.7 475.5 486.7 495.6 499.7 503.3 503.6 499.2 489.2 479 469.6 460.8 453.1 444.3 438.1 432.4 426.5 421.6 416.3 412.1 409.3 407.5 406.9 407.3 407.7 406.7 402.5 395.6 387.7 376.8 364.1 354.4 342.2 330.6 322.2 316.3 310.8 307.4 306.5 309.1 313 317.1 320.2 324.1 327.1 329.5 325.7 319.9 312.1 303.6 297 290.1 281.9 271 260.7 251.6 245.2 239.7 235.2 229.9 224.5 217.8 211.9 206.1 200.6 194.5 189.7 186.4 183 178.7 176.1 173.6
400.7 407.3 416 426.1 435.7 446.6 458.4 469.3 480.8 488.8 495.2 499.3 502.3 501.9 495 483.7 472.7 462.2 452.4 441.9 433.7 426.3 420.4 415.5 411.2 407.3 403.3 400.6 402.1 403 403 402.5 400.2 394.7 388.3 381.2 366.9 353.7 342.1 333.8 323.5 315.2 307.2 301.2 300.3 302.8 306.5 311 314.3 317.2 320.1 323 323.4 319.5 313 305 297.2 291.3 283.4 273.3 261.5 251.8 243.1 237.8 233.3 228.5 223.6 218.5 213 207.2 202.2 195.5 192.4 188.1 184.7 181.2 178 177.2
389.2 398.1 407.5 417.9 428.7 439.7 451 461 472.4 480.3 487.9 494.3 497.8 499.1 494.7 486.1 474.1 461.1 448.9 438.4 428.1 420.8 414.8 409.7 405.9 401.4 396.4 394.1 394.8 395 395 394.4 393.1 388.4 382.3 376.9 366.5 352.1 341.5 332.7 323.3 314.2 305.8 297.6 294.1 294.9 299 303.9 307.4 310.3 313.1 316 317.9 316.5 313.1 307.5 301.3 295.5 288.4 277.8 266.5 254.2 245.2 237.6 232.4 227.7 222.6 217.8 212.3 207.8 202 197.6 193.2 189.8 187.1 184.3 181.2 179
377 387.1 398.1 409.4 420.1 431.9 443.5 453.5 463.1 471.1 479.8 487.9 492.6 493.8 491.2 483.4 472.2 458.3 446 432.5 422.8 415 409 403.2 396.7 392 387.4 385 384.7 384.9 384.9 384.7 384 383.9 381.9 375.5 365.7 354.4 343.1 332.3 321.1 312.4 302.6 294.7 290.1 287.2 291.2 296.4 300.4 302.5 304.4 307.3 309.9 311.5 311.9 309.7 304.3 298.9 292.6 284.1 271.7 259 248.7 241.4 233.8 228.9 223.1 218.1 212.3 208.2 204.1 199.5 195 191.2 188.4 185.5 183.4 181.2
367 378.6 389.4 401.1 411.5 422.6 434.3 446 455.5 463.2 474 482.7 488.6 490.7 487.6 479.6 468.1 454.5 439.9 427.7 416.6 406.5 397.1 391.6 386.6 380.7 375.9 374.5 373.6 373.3 373.3 372.7 372.6 373.3 372.4 369.7 362.8 353.7 345.4 332.1 320.2 310.4 300.8 292.8 287.7 281.8 283.4 289.3 293.1 295.3 296 297 300.1 303.5 306.4 306.5 304.6 298.8 292.6 284.5 274.8 263.1 252.2 243.2 237.4 231.1 223.9 218.5 213.4 208.8 204.9 200.9 195.9 192.8 190.9 188.7 185.7 184.8
358.1 370.5 381.1 392 403.9 414 425.6 438.5 449 459.5 469.8 479.1 485.4 487.9 485 476.3 463.9 449.1 432.7 419.9 405.9 394.9 386.2 379.1 374.9 370.2 366 362.3 360.4 360.3 359.6 359.1 359.6 360.1 360.6 359.4 355.2 349.6 340.4 330.4 319 308.5 299.1 291 285.3 280.3 278 280.4 285.2 287.8 288.5 288.9 289.7 294 297.2 299.7 300.9 298.1 291.5 284.8 274 264.5 255 244.7 238.8 232.8 226.8 221.9 216.6 211.1 205.6 201.5 197.8 194.5 193.4 191.3 187.7 187.1
348.7 360.9 371.2 381.6 393.5 404.4 417 432.1 444.2 455.5 466.9 476.4 483 484.9 482.3 473.3 461.2 445 428.8 414.4 401.4 390.8 381.5 372.3 364.4 359.2 354.5 350.8 347.1 347.6 344.9 343.2 343.8 345.5 344.9 343.8 343.6 342.2 337.4 328.9 320.6 311.3 301.1 291 283.7 279 274.8 273.2 275.3 278.2 279.5 280.5 280.9 282.4 286.6 290.5 294.7 293.7 287.9 281.8 276.2 266 255.2 247.7 242.8 236.9 231.4 227.1 221.2 216.1 209.9 203.5 200.2 197.1 195.8 194.5 191.9 190.8
338.3 349.4 358.8 368.7 380.2 393.7 408.5 426.9 440.8 452.7 466 476.3 483.5 484.6 480.5 473.8 463.6 448.5 431 415.3 401.8 389.5 379.4 368.9 359.6 349.8 345.2 340.7 337.4 334.8 332 330.8 330 330.5 330.8 331.8 333.7 332.5 329.1 325.9 319.1 310.2 300.2 291.3 283.2 278.1 274.8 272.1 269.4 267.6 269.3 272.8 274.2 275.1 277.7 281.7 286.9 288.4 284.1 278.9 274.8 266.8 260.5 252.8 249.2 244 238.1 233.4 228.5 224.2 219.1 212.3 206.9 201.6 200.1 198.2 195.8 194.1
334.7 344.7 355.7 368.6 383.4 399.2 414.2 427.5 441 452.4 465.4 476.9 484.3 486.4 482 475.5 468.1 455.8 438.1 420.5 405.9 393.5 381.4 372 363.7 355.2 346.3 339.5 333.8 327.8 324.2 319.9 315.9 318.4 319.7 321.4 321.7 322.9 322.3 319.6 314.6 305.8 297.7 290.6 282.6 278.3 275 273.3 269.3 266.9 265.2 263.9 262 263.8 268.1 273.4 278.9 281.7 281.1 279.3 276.4 271.7 265.9 260.9 255.9 252.4 246.6 242.4 237.5 232.4 227.2 219.8 212.9 209.1 206.3 203 199.6 197.5
350.7 358.5 370.8 383.7 395.1 406.5 418.5 430.2 441.8 452.5 464.9 475.9 484.9 488.4 485.3 478.8 471.4 460.9 446.3 429.8 412.9 398.8 389.1 378.3 368.8 362 355.2 345.5 338.4 331.4 325.6 320.3 316.5 311.9 306.2 309.6 313.3 314.3 313.8 311.5 308.3 302.7 295.8 288.5 282.1 277.9 274.6 271.2 270.3 269.2 266.7 263.6 262.2 259.6 258.3 263.6 272.1 276.9 280.7 283.1 282 278.2 273.2 268.1 264.5 261.6 257.3 253.2 249.2 244 236.4 231.7 223.4 215.6 212.6 208.5 204.4 200.4
364.3 374.5 386.3 396.1 405.1 414.9 424.3 434 443.3 452.4 463.3 474.1 482.8 489.5 487.1 481 472.7 462.5 449.8 433.9 418.1 402.9 389.4 379.5 373.1 365.7 359 351.4 346.4 339.9 330.1 323.3 317.3 310.5 306.2 300.6 304.5 306 305.1 303.4 300.2 296.2 290.1 282.8 278.6 276.2 275.3 280.4 282.8 280.7 276.9 272 267.5 264.8 260.4 256.6 262.8 273.2 280.3 285.1 286.9 284.8 281.2 276.3 272.8 273.8 268.8 263.6 258.7 251.9 244.4 238.9 231.3 224.3 217.8 213.6 209.2 204
376 387.7 397 405 412.7 419.6 427.2 435.3 443.5 451.3 460.9 470.3 478.6 486.2 486.4 482 474.1 462.4 451.3 437 420.7 404.8 389.3 380.6 373.4 366.4 360.4 354.2 350.8 344.3 334.6 327.4 317.1 311.4 305.5 301.6 296.2 297.1 296.5 295 292 286.3 281.7 281 280.9 284 287.9 290.3 292.1 290.7 286.2 279.7 274.8 269.3 263.1 256.5 254.7 268 278 286 291.1 292.1 289.4 287.5 283.7 280.9 276.6 271 265.9 260.5 252.8 245.6 239.4 232.4 224.7 217.9 213.5 208.2
382.3 394.7 403.4 410.8 417.3 423.1 428.6 433.6 439.7 448.7 455.3 462.9 471.9 478.9 481.8 480.6 472.9 460.6 448.7 433.7 418.3 404.2 388.6 380.5 373.7 367.9 360.4 354.7 351.8 346.1 337.9 328.5 317.8 312.3 305.2 301.5 296.2 293.4 291.4 289.8 287.7 287 286.7 288.7 292.8 295.1 297.4 298.5 299.1 297.5 291.3 284.6 278.1 271.2 264.1 258.8 253.4 262.4 274.9 285.1 292.6 297.5 297.6 294.1 290.5 286.8 282.2 277.9 272.1 266.2 260 252.2 245.8 238.5 230.9 224.6 216.9 210.8
386.2 397.1 406.8 413.6 418.5 422.6 426.5 430.4 434.4 439 448.5 457 464.4 473.2 475.6 474.6 467.3 456.8 443.7 431.5 417.3 402.1 390 382.1 373.8 367.4 358.8 354.5 350 343.5 338.1 330 320.2 312.5 306.1 299.4 297.7 297.5 296 294.6 293.4 294.4 295.9 298.7 302.6 304.4 306 306 304.7 300.4 294 285.8 278.5 270.5 262.5 259.2 253.5 258.7 274.6 285.2 294.9 301 303.8 301.2 297.5 292.8 288.5 283.5 276.2 269.3 264.6 258.7 250.7 243.7 236.4 229.8 221.9 214
385.2 395.7 405.2 414.3 418.5 420.9 423.3 426.2 428.7 433.2 438.6 449.5 458.1 466.9 470.3 469.5 462.8 453.1 440.4 427.8 415.4 401.6 390.3 380.8 373.2 365.2 357.7 351.7 346.8 341.4 335.4 328.3 319.9 310.3 303.6 304.7 304.4 303.3 300.9 302.8 303.7 305.2 307.6 308.8 311.2 312.4 312.2 311.6 308.1 302.3 294.7 285.8 276.6 267.4 261.1 258.1 253.5 252.3 274.1 287.3 295.8 303.1 308.1 306.6 302.6 297.3 291.5 285.2 278.9 272.7 267.3 262.6 256.8 248.5 241.5 233 224.7 217.4
382.5 391.5 400.4 406.6 410.1 413 415.8 418.6 420.7 425.6 432.5 441.5 454.1 462.2 466.5 465.4 460 451.2 437.2 423.2 412 399.6 389.5 379.5 372.6 365.2 357.7 350.4 345.2 339.3 332.4 325.1 317.4 307.2 314.8 315.8 313.1 311.8 309.9 312.5 314.2 316.1 317.4 317.5 317.9 317.9 316.5 312.9 308.8 302.7 295.2 285.4 275.2 267.5 259.9 256.2 253.2 248.9 272.2 286.6 295.3 303.1 307.7 306.2 302.3 297.3 291.2 285.1 278.5 272.5 267.4 262.6 257.7 251.8 244.3 236.7 228.3 219.2
375.1 384.4 391.7 397.3 400.2 402.7 405.2 408.2 413.2 419.1 428.5 439.4 450.2 458.7 462.2 461.3 456.9 447.9 436.6 423.2 411.7 401.8 393.3 384.6 376.6 368 361.1 353.3 345.1 338.4 332.3 325.6 316.2 318.2 324.2 324.1 322.9 321.2 321.3 323.1 324.5 324.6 324.8 325 325 321.6 317.5 313.1 308.3 301.2 293 282.9 273.8 265.6 258.7 255.2 251.3 248.1 268.5 283.8 292.7 300.3 304.5 303.1 298.9 293.3 288 281 274.7 270.1 265.4 261.2 257.7 253.3 247.6 239.5 232.2 223
368.4 376.7 383.8 388.5 391.1 393.2 396.5 400.8 406.4 415.9 426.7 438.8 450 457.2 460.2 458.2 453.3 444.5 433.8 422.7 412.2 404.2 396.8 390.4 383.5 374.9 366.6 358 349.7 341.9 332.3 324 314.3 327 330.1 331.5 330.9 328.5 330.2 332.5 332.2 331.8 331.6 330.7 328 323.7 318.3 312.7 305.6 296.8 288.5 279.6 271.4 262.9 257.6 253.9 250.5 245.8 262.5 275.8 285.2 293.6 297.3 297 292.5 285.5 278.7 273.2 269.1 265.4 262.7 259.4 256.2 253.3 249.2 240.8 235 226.6
362.2 369.1 376.6 380.1 381.6 385.6 389 393.8 402.7 414.2 426 438.5 450.7 456.6 458.2 455.6 448.4 439.9 430.6 421.5 414.4 406.9 400.6 394.5 387.3 379.3 370.5 361.2 352.4 344.6 334.9 322.1 326.8 334.9 338.3 339.1 337.7 336.2 337.7 339.2 337.9 337.1 335.7 333 329.1 324.2 318.4 310.7 300.5 291.1 283.6 275.7 267.6 260.5 256.6 252.3 249 242 251.3 264.7 275.2 283.2 286.9 286.8 282.8 276.1 271.2 265.9 262.2 259.6 257.8 256.2 254.5 250.9 247.1 239.9 234.1 228.9
353.3 360.1 366.3 370.5 372.9 378 381 389.3 401.3 413.3 425.6 437.5 448.7 455.2 455.8 452.7 446.2 438 427.8 418.4 412.4 407.7 402.6 396.9 389.6 381.1 371.6 361.7 352.3 345.4 333 324.5 335.7 342.1 344.8 345.2 342.5 341.3 343.4 344.7 342.9 341.6 338.9 333.7 328.4 322.2 314.6 303.1 292.9 285.2 278.4 270.8 263.8 260.2 256.3 250.6 247.1 243.6 239.8 252.7 264.1 273.3 278.5 279.1 273.6 268.6 263.4 259.1 257 254.9 251.7 248.2 247.9 245.4 241.9 237.1 231.7 227.4
343.6 350.1 356.2 361.6 364.8 369.5 376.7 386.2 399.8 412.6 425.4 437.2 446.4 452 453.1 449.9 442.8 433.6 422 412.9 408 405.5 400.9 396 389.3 381.2 371.7 363.1 354.7 345.2 325.6 334.5 344.4 350.9 353.4 352.2 348.1 348 351.1 351.1 348.2 345.1 340.2 332.7 326.7 316.7 305.6 293.9 288 281.8 274.7 268.7 266.5 262.4 257.7 253.3 248.9 244.7 241.4 237.1 252.6 264.5 271.3 270.2 267.6 263.1 258.2 253.5 249 247.6 245.1 240.6 237.6 235.8 233.8 229.9 226.6 222.6
334.9 341.2 347.5 353.7 358.7 365.9 373.6 384.8 398.5 412.7 426.1 437.5 445.7 450.2 450.5 446 438.3 428.2 415.5 406.5 403.1 399.8 395.9 391.6 386.8 378.8 371.5 364 355.2 340.5 333.6 344.2 352.4 357.4 359.9 359.7 357.3 357.9 358.3 356.4 352.8 347.3 339.1 331 320.7 309 298 291.9 285.8 279.4 277.7 276.1 274 270.1 264.2 257.2 252.5 247.5 242.9 236.3 244 255.5 265.1 264.3 261.6 257.5 251.5 247.7 242.8 239 234.5 228.5 224.2 222.5 222.2 219.4 217 215.1
