Assets/StreamingAssets/GeoData/Data/nj/NJ55.asc
ncols 200
nrows 200
xllcorner 350000
yllcorner 850000
cellsize 50
[rows 105 to 139 of 200, columns 78 to 155 of 200]
306.4 302.3 296.9 287.8 282.9 273 262.4 251.3 238.9 230.3 225.4 221.5 215.7 211.6 207 202.5 196.9 192 189.6 189.9 188.1 182.4 174.1 165.9 159.9 154.2 151.6 150.4 149.9 148 147.6 147.2 149.3 152.3 157.4 165.1 173.6 182.7 192.2 200.5 207.2 212.5 217.7 220.9 219.7 214.9 209 199.4 196.2 195.4 198.5 201.7 204.1 204.3 205.1 205.9 206.2 206.1 206.9 208.7 212.7 218.4 223.5 226.1 228.4 229.9 230.1 231.5 233 232.9 233 234.2 234.2 233.9 235.7 241.7 247.4 251
289.9 287.9 283.6 278.2 269 262 253.5 241.9 232.1 226.9 222.2 217.3 212.1 208.8 205.2 201.4 197.2 192.9 192.6 192.4 189 181.5 172.8 166 158.1 155.4 151.8 152.2 151.9 149.6 147.6 147.7 150.1 153.3 159.3 169.2 178.9 189 197.5 206.7 214.7 219.9 225.7 229.8 229.6 225.2 217.9 206.9 201.5 202.2 205.3 208.8 211.7 213.4 215.6 216.8 216 215.1 212.1 212.2 215.5 218.2 222.7 226.1 228.6 229.6 230.8 232.3 234.2 235.7 236.1 237.5 238.8 239.6 239.3 243.1 247.4 250.1
274.1 270.8 268 266.4 257.9 250.4 241.8 233.8 229.5 223.8 219.7 214.3 211.4 207.6 204.3 201 197.5 195.6 193.5 192.4 186.4 177.7 168.3 161.4 156.7 152.1 149.7 149.1 149.2 148.9 148.1 149.1 150.8 156.2 163.6 172.1 182.8 193.4 200.6 210.9 219 227.3 233.4 235 235.9 234.7 227.1 214.8 207 207.3 210.7 214 217.5 220.9 224.7 227 225.9 222.7 218.4 217.2 218.1 219.3 223 226 228.1 229.8 231.5 233.4 235.3 237.2 238.1 239.9 241.5 242.8 242.9 244.3 246.2 248.3
257.4 255.5 255.1 253.3 246.4 238 233.3 228.4 224.9 221.2 215.8 211.3 209.2 206.4 204.8 201.8 199.5 197.1 194.5 191.1 184.5 176.8 167.5 160.1 154.8 152.7 153.5 153 150.9 147.8 147.6 147.5 151.5 158.1 166.1 175.9 186 196.2 203.8 214 222.8 231.9 237.5 239.5 242.8 242.8 238.1 222.3 210.2 209.9 213 216.5 221.1 227 233.2 236 235.6 232.9 227.9 222.4 221.2 221.1 223.2 226.2 228.6 230.3 232.3 234.5 236.4 238 239.4 241.9 243.4 244.3 244.4 244.6 245.9 244.9
247.1 246.3 246.3 243.3 239.5 234.3 229.2 224.4 219.9 216.4 213.5 208.8 206.6 203.8 202.1 201.3 199.8 196.7 194.3 188.4 181.5 173 165.1 157.4 151.7 148.5 148.9 147.9 150.4 148.2 146.9 146.4 152 159.2 169.2 178.6 189.1 200 206.8 215.9 224.9 233.9 241 249.3 255.5 257.3 242 226.7 214.7 212.7 214.6 217.1 221.8 226.8 236 242.6 242.7 241.1 235.7 229.5 225.4 223.6 224.7 226.6 229 230.7 233 235.1 236.6 238.9 240.5 243.1 245 245.3 245.5 245.1 243.8 242.4
240.1 238.6 237.3 233.8 231.9 228.8 226.1 220.8 216.6 213.2 211.5 208 205.1 201.8 201.1 199.8 198.2 195.4 191.2 185.4 177.9 171 162.7 155.3 152.8 149.7 147.1 145.8 145 145.2 145.4 145.8 152.4 159.2 170.6 182.1 193.6 203.4 209.8 218.2 226.7 235.3 245.8 255.6 261.6 258.3 243.7 229.8 217.1 214.3 215.6 216.9 220.4 225.8 234.8 244.3 247.5 245.9 240.4 234.9 231.4 227.2 226.4 227.9 228.9 231.8 233.5 235.3 237.1 239.2 241.9 243.7 245.2 246.1 245.6 244 243.3 241.3
232.4 231.4 228.2 227.3 225.1 224.1 222.4 217 213.5 211.9 208.5 204.8 200.7 197.8 196.2 195.4 193.8 190.7 186 180.2 174.1 168.4 162.1 156.2 151.9 149.6 147.9 146.5 146.1 146.5 143.5 144.6 152.1 160.8 172.5 186.1 197.4 205.1 209.8 216.2 225.4 235.2 245.9 252.7 255.1 246 237.9 228.3 216.9 214.5 214.8 216.7 220.2 225.3 236.4 249.9 253.1 249.3 244.5 240 237.2 231.1 228.7 228.9 230.6 233 234.9 237.1 239.2 241.1 242.7 243.4 244.9 244.7 244.1 242.9 241.5 239.6
225.3 224.2 221.9 221.2 219.1 218.6 217.8 215.2 211.3 209.6 206.1 200.7 197.3 195.5 191.1 189.4 187.3 185.4 179.1 174.8 171.1 165 159.5 156.4 151.9 148.8 147.4 145.9 143.7 144.8 142.3 145.4 151.9 163.8 175.9 188.6 200 205.7 207.7 210.9 220.3 227.9 235.7 239.9 237.6 234.1 227.6 219.8 215.7 212.4 213.7 216.3 220.7 226.7 243.2 256.9 257.8 251.9 247.9 244.6 241.2 234.7 230.2 230.7 231.4 233.2 234.8 237 239.3 240.6 241.5 242.6 243.6 242.7 242.2 240.1 239.2 238
218.7 218.5 216.8 216 215.1 213.5 213.4 211.6 209.1 205.9 201.8 198.8 195 190.6 187.9 183.2 180.7 179.1 176.4 171.8 167.7 162.8 157.5 153.1 150.2 148.1 145.5 143.8 142.2 142.1 142 147.5 154.6 167 178.3 190.1 202.9 206.4 202.4 205.1 211.8 218 223.2 226.1 224.1 218.2 217.3 214.6 211.7 211.3 213 216.5 222.1 231.2 250.3 262.1 264.5 257 251.4 248.6 245 238.2 233.4 232.6 233.3 234.7 236.5 236.4 236.8 238.4 240.3 241.8 242.4 241.3 239.8 237.2 236.1 235.5
214.5 214.7 212.9 211.1 209.8 208 207.4 207.2 205.8 202 200.4 195.9 192.9 190.2 185.3 181.1 176.3 172.7 171.1 166.9 163.3 159.5 155.5 152.6 149.1 146.5 144.4 140.1 141.6 141.4 142.3 148.4 156.7 167.8 179.7 191.6 202.5 199.7 197.6 199.5 202 205.7 211.1 213.2 213.6 212.4 209.8 208.7 208.3 210.1 212.6 218.2 226.6 237.4 257.1 266 269.6 262.4 255.8 253.5 247.9 241.6 236.7 236.6 237.6 238.6 238.3 237.5 236.6 237.1 238.3 240.3 240.5 237.7 235.2 233.4 232.2 230.4
211 210.8 209 207.6 205.3 201.5 201.6 202.1 201.4 199 196.7 193.6 190.1 186.2 183.4 179 175.2 172 165.3 163 157.9 154.1 151.6 150.6 148.2 145.9 140.9 139.5 140.3 141.1 146.1 151.1 157.4 169.6 179.6 188.7 193 193.2 192.7 194.4 197 199.9 203.6 206.4 207.4 206 205.1 205.6 206.6 209.1 214.6 220.3 230.7 242.1 259.1 267.7 271.3 264.8 259 257.5 251.2 244.6 242.1 242.5 243.7 243.6 240.1 238.6 237.3 235.6 235.5 237.7 237.9 235 230.2 228.8 227.2 226.2
206.7 206.6 204.5 201.5 198.8 197.2 196.7 196.8 196.4 196.2 193.9 192.2 190 183.2 179 177.2 172 168.9 166.6 163.4 155.8 152.8 149.4 145.8 143.8 143.3 139.6 138 138.3 138.7 145.3 149.7 157.7 168.5 176.6 185 187.4 188.5 188.6 190.2 192.4 193.5 197 200.2 202.5 202.2 202.3 202.1 205.6 209 215.5 225.9 235.6 245.1 260.6 266.6 269.6 265 261.1 259.1 253.5 247.5 246.6 248.2 250 249.5 243.3 240.6 238.5 235.5 234.2 235 234.6 231.9 226.9 225 224.1 223.5
202.4 199.7 197.1 194.5 193.3 192.1 191.1 191 191.1 191.2 190 189.8 185.7 182 177.7 170.7 169.3 164.2 161.7 161 158 154.4 152.1 147.4 144 139.7 142.2 139.3 136.7 137 143.8 150.2 157.1 164.7 172.7 178.6 181.3 183.7 184.1 185.3 186.3 187.3 190.8 194.7 198.5 199.2 200.4 201.6 204.4 210.4 218.7 230.3 238.8 246.4 259.4 265.2 264.8 261.8 260.3 260.3 255.1 249.8 251 253.5 256.1 253.5 244.1 240.2 236.9 234.8 232.9 231.2 229.9 228.3 225 222.5 221.8 221.3
194.7 191.6 190 188.4 187.9 186.5 184.5 184.6 185.4 186.1 186.7 185.6 182.4 178.5 174.1 168 165.1 162 159.5 155.1 153.7 151.8 150.1 146.7 144.8 139.9 137.4 139.1 141.4 138.6 140.2 147.7 154.2 160.3 167.2 172.9 176.9 177.9 178.7 178.5 179.5 180.4 183.2 190.8 196.1 198.5 199.7 202.8 206.3 213.2 219.6 231.5 239.1 245.8 255.5 260.3 260.8 255.7 253.8 257.3 253.8 253.1 252.8 256.6 258.7 255.4 245.4 239.7 237.7 235.4 231.6 229.2 227 224.6 223.1 220.3 220.8 218.8
187.8 185.7 184.2 182.8 180.9 180.7 180 180.1 179.9 180.5 180 179.2 176.3 173.2 171.1 167.8 163.3 159.1 156 153.9 151.7 148.6 144.5 142.3 141.7 140.9 135.5 135.5 137.7 136.4 139.7 146.5 151.9 156.4 162.4 167.2 170.2 171 171.8 172.7 173.4 175.7 183.3 188.8 193.4 197.2 198.1 202.4 208.3 214.1 221.4 231 236.9 241.3 248.4 254.9 256.1 251.6 247.2 250.9 251.2 251.8 254 258.1 263.7 256 244.3 240.5 238.7 236.3 233.1 227.9 225.2 223.2 221.3 219.2 218 217
180.8 179.6 178.9 177.4 176.1 176.5 175.6 174.8 175.9 176.1 173.5 172.6 171.6 169.6 167.4 164.1 159.3 155.8 152.1 151 149.2 146.6 143.1 140.2 137.5 137.8 136.2 134.1 134 133.8 141.2 145.1 149.3 153.6 158.5 162.8 165.2 165.9 166.8 166 170.5 176.1 181 187.5 192 196.3 198.6 202.5 208.9 215.1 221.4 228.5 233 236.7 241.6 246.1 248.5 244.1 242.3 243.6 247.3 250.9 253.7 255.3 260 255.4 244.6 241.4 238.8 236.3 233.1 229.7 224.7 222.8 219.3 217.9 216.6 215.7
173.9 172.8 172.5 172.1 171.3 171.6 170.5 170.3 171.2 171.7 171 170.2 169.3 168.1 165.2 162.5 157.5 153.8 150.6 148.1 146.1 144.1 141.7 138.3 135.2 134 133.7 132.3 132.4 135.5 140 143.7 147.3 151 155.2 157.7 159.3 160.8 160.5 165.5 170.4 174.6 177.8 185.6 191 194.2 198.4 202.8 208.6 214.7 220.5 225.4 229.9 232.8 235.7 239.2 238.9 239.4 239.2 240.7 245.9 250.3 250.8 251.3 255.9 253.6 245.9 243.3 241.3 238 235.7 231.3 224.5 222.7 220.1 217.5 214.6 214.8
168.3 168.3 168.3 167.9 166.6 166.4 166.2 166.5 167.1 166.4 166.7 167.1 166.1 165.5 164.4 161.7 157.5 153.9 151.1 148.3 144.1 141.5 139.8 136.7 133.5 132.1 131.3 130.7 133.8 137.4 139.7 142.7 146 149.3 152 154.9 155.7 155.8 160.1 164.2 168.4 172.2 175.5 181.3 188.6 191.7 197.2 202.1 208.4 214.4 220.1 223.4 226.5 229.9 232.1 234.6 234.9 236.2 238.4 241.3 246.2 248.8 247.5 247.3 249.4 248.7 245.7 244.6 241.7 238.3 235.1 230.9 225.2 220.9 218 216.3 214 212.5
163.8 164 163.8 162.8 161.7 162.9 161.6 161 162.7 162.7 163.7 163.9 163.5 163.2 162.5 159.7 155.8 154.8 151 147.6 143.9 140.4 137.5 135.4 134.6 132.8 131 130.1 133.7 137.7 140.4 143.4 146 149.1 151.1 153 152.7 155 158.5 162.2 166 170.1 174.9 179.7 188.6 191.9 197.7 203.4 208.1 214.7 219.5 222.1 224.3 227.9 231 231.8 233.1 235.5 239.7 243.9 246.5 246.1 244.2 244.1 245.4 246.6 246.4 245.8 242 237 233 228.2 223.7 221 218.2 215.9 214.4 212.5
158.4 162.8 157.9 158.6 157.6 158.2 157.8 158.1 159.4 159.8 160.7 160.7 160.5 160.5 159.9 157.1 153.5 152.2 149.9 146.5 142.1 138.9 136.1 135.1 135.2 133.5 131.4 129.5 132.2 136.1 139.1 142.7 144.8 147.5 149.5 150.3 152.6 154.1 157.5 160.8 164.2 168.4 173.1 179.6 186.4 192.3 197.5 203.8 208 214.4 217.8 219.9 222.6 226.4 229.6 231.7 232.8 236 239.8 242.5 242.4 241.6 240.2 241 244 247.9 244.9 243 239.2 232.9 229.6 226.2 223.4 220.7 217.7 216.3 215.6 213.3
153.4 153.4 153 153.1 153.8 153.8 154.4 155.6 156.7 157.6 158.8 158.6 157.4 157 156.9 154.9 151.4 149.6 147.6 146.1 141 137.4 133.7 132.3 133.3 134.4 133.7 128.7 130.2 134 138.6 142.7 143.8 146.3 147.7 149.1 150.4 153.2 156.3 159.5 162.7 166.1 171.8 179.1 187.2 192.1 197.4 203 208.9 214.6 216.2 218.2 220.3 224.7 227.5 230.8 232.3 235.5 236.8 237 236.5 236.3 237.3 238.9 241.8 244.1 241.3 237.3 233.8 228.8 226.3 223.3 221.7 219.7 218 216.7 214.9 213.5
148.1 148.2 148 148.9 149.9 150.4 152 153.5 154.6 156.2 157.4 156.4 155.6 154.8 153.7 152.6 150.1 147 145.7 144.1 140.8 135.4 132.2 130.7 131.4 131.7 132 128.3 129.7 136.6 138.9 142.1 143 144.8 147 148.4 149.3 152 155.9 158.9 161.8 165.6 171.6 179.6 187.6 192.5 197.6 203.3 208.9 213.8 214.7 216.7 218.7 222.2 225.3 229.5 232.5 232.9 234 232.6 232.4 234 236.2 238.2 239.5 238.7 236.1 233 229.1 226.1 224 222.5 221 219.8 217.7 217 215.1 213
142.5 142.5 143.2 144.8 147 149.2 150.8 151.8 152.6 153 155.2 155.4 153.7 152.7 151.6 149.7 148.7 145.9 143.5 140.8 138.3 134.4 131.3 130.9 129.3 128.8 129.3 127.9 130.7 136.3 139.1 141.2 142.3 143.1 144.9 147.1 149.5 152.3 155.7 158.2 161.6 165.8 172.9 179.9 186.6 193.2 199.5 203.9 207.9 211.8 214.1 215.3 217.4 219.4 221.8 226.8 230.8 228.8 228.8 229.8 231.6 233.2 235.7 237.1 236.2 234.3 231.9 229.7 226.9 224.4 222.5 221.2 219.8 219.2 218.2 216.5 215.3 213.2
138.1 138.8 140.7 143.1 145.5 147.7 149.1 150.1 151 151.7 153.1 153.4 152.3 151.1 149.5 147.2 145.8 143.7 143.4 138.7 135.6 133 131 129.3 129.3 127.1 126.7 127.7 131.5 136.4 138.4 139.4 140.4 142.1 144.8 146.7 149.5 152.2 155.8 158.1 161.8 167 173.6 180 187.3 194.3 199.1 204.3 207.8 212.3 213.2 214.3 216.6 217 218.3 224.1 225 225.9 226.6 228.2 230.6 233.6 236 235.9 234.1 231.3 229.1 227.6 225.3 223.1 221.4 219.8 219.7 219.3 218.2 217 216.5 213.8
135.1 137.1 139.3 142.4 145.9 147 147.5 148 148.8 149.8 150.7 150.2 149.6 149.1 147.4 144.6 143.8 143.3 141.6 137.1 133.8 131.1 129.6 127.3 126.9 126 126.9 128.4 130.8 134.9 136.2 137.4 141.2 142.8 144.8 147.6 149.8 152.9 155.2 157.7 161.2 166.4 172.6 179.9 187.7 194.2 199.2 204.6 207.4 210.2 212.6 212.6 213.8 213.2 214.1 218.2 221.6 224.1 226.1 228.1 230.4 233.7 235.5 235.5 233.4 230.3 228 225.9 224 222.4 220.1 219.4 219.7 219.3 217.8 217.1 216.2 215.1
133.8 135.8 138.1 142 145.1 145.5 145.9 146.4 147.1 147.8 148 147.9 147.1 146 144.3 142.3 141.4 141.6 140.1 135.9 131.8 128.7 127.2 125.7 124.6 125.7 127.6 128.4 130.5 133.6 135.5 138.1 140.8 142.3 145 148 151.2 153.5 155.9 157.3 160.5 165.6 172.7 180.6 188.2 193.7 199.7 204.9 208 209.2 210.1 210.5 209.8 209.2 210.7 214.1 218.3 222.7 226 228.3 231.7 235.3 236.3 235.9 233 230 228.1 225.5 223.1 220.3 219.5 217.9 217.7 218.2 217.5 215.6 215.6 215.2
132.8 134.5 137.1 140.9 143.4 143.8 144.2 144.6 144.6 144.7 144.1 143.8 143.7 142 141.2 141 140.5 139.4 137.2 134.5 130.8 127.4 125 123.5 126.8 125.5 126.7 127.6 129.6 131.8 134.2 137.1 140.8 143.2 146.1 148.4 151 153.8 155.5 156.9 160.4 166.2 173 180.7 188.6 195 200.2 204.3 207.4 209 208 207.3 205.5 206.1 207.8 212.3 217.2 222.4 226 230.1 233.6 236.7 238.3 236.4 233.8 229.5 226.8 224.3 221.6 218.7 217.5 216.6 217.7 218.3 217.1 213.4 211.4 212.9
131.6 134 136.9 139.7 141.6 142.2 142.4 142.7 142.7 142 142.1 141.1 141.5 140.5 140.4 140.8 140.3 138.5 134.9 132.3 130.4 127.6 123.6 123.8 125.6 127.2 127.3 127.7 129.9 132.4 134.8 137.2 140.2 143.5 146.4 148.9 151.3 153.6 154.3 156.5 160.1 166.1 173.4 182.6 189.6 195 199.6 203.5 206 206.4 206.1 204.4 201.3 202.7 205.2 209.7 214.5 221.2 226.4 230.5 235.4 239.4 240.7 236.5 233 229.2 225.5 222.4 219.3 217.6 216.9 215.8 214.9 216.6 214 210.9 207.8 208
130.7 133.3 136.5 139.6 140.6 140.5 141.5 140.7 140.1 140.2 140.7 140 140.6 140.1 140.3 140 139 137 133.4 130.9 128.6 126.4 121.9 123.1 124.6 126.7 127.9 129.1 129.6 132.4 134.6 137.4 140.6 144.9 147.2 148.5 150.8 152.2 154.3 156.3 160.3 166.3 174.1 182.4 188.1 193.6 199 202.8 204.5 203.9 201.9 199.7 198.4 199.9 203.2 207.3 212.2 218.5 225.3 231.3 236.8 240 240.5 237 231.7 226.2 222.4 218.5 216.2 216 214.8 213.8 213.5 213.6 210.8 207.8 205.3 203.2
129.7 132.1 135.5 138.5 138.9 138.3 139.1 139.5 139.7 140.7 139.7 139.6 139.3 139.8 139.4 138.7 137.5 135 131.8 129.4 126.6 124 122 122.7 123.4 126 128.4 130.1 129.6 132 134.2 138.6 141.5 145 148.1 149.2 150.2 151.7 154.6 157 160.1 167 174.3 179.9 187.4 192.5 197.4 201.6 201.4 199.2 198 196.3 195.9 198 201.5 205.5 210.4 217.2 225.2 231.3 238.7 240.5 239 235.8 230.9 223.7 218.7 215.1 213.2 212.6 212.1 211.2 209.5 208.1 207 203.8 201.1 198.6
128.3 131 135.3 137.8 137.4 137.3 138.1 138.9 139 138.9 140.1 139.7 138.5 138.8 137.9 136.9 135 132.5 130.5 127.7 125 123.4 122.1 122.5 123.4 125.4 127.5 131.3 131.8 133 136.1 139.7 140.2 144.9 148 149.6 150.8 152 154.6 157.1 161.2 166.3 173 179 185.3 191 196.1 198.3 196.5 196.7 194.9 192.9 194.2 196.8 201 204.5 209.8 216.6 224 231.1 239.9 240.5 237.8 233.2 226.9 220.3 215.6 212.8 211.1 209 208 207.5 205.9 204.8 202 200.1 196.4 195.4
127 130.8 134.1 135.9 136.1 136.3 136.9 137.6 138.1 138.7 138.2 139.5 138.8 138.7 136.9 135 132.7 130.4 127.5 125.7 123.6 122.7 121.9 122.3 123.8 125 128.2 130.9 134.2 134.4 137.5 141 144.1 145.9 147.7 150.3 150.7 153.2 155 157.1 160.8 165.3 171.6 177 182.1 187.4 192.7 192.8 191.1 192.1 191 191.5 193.4 196 199.7 204.6 209.8 216.7 222.4 230.9 237.3 238.1 234.2 229.9 223.6 217.4 213.8 211.5 209.3 207 205.3 203.8 202.3 200.3 198.4 196.7 194.7 193
125.4 128.9 131.5 132.6 132.8 134.4 134.8 136.2 137.6 138.4 138.7 139.1 138.6 137.9 135 133 131.1 128.8 126.4 122.7 122 121.1 121.9 121.9 123.9 125.2 127.4 130.6 135.3 137.6 138.9 142.3 145.5 147.5 150.7 151.7 152.3 153.7 155.4 157 160.7 165.3 171.4 175.6 179.9 184 186.8 187.5 187.7 188.3 188.8 191.3 193.7 196.7 200.7 205.9 211.9 216.5 222.2 228.6 233.6 235.2 231.3 226.7 220.9 216.1 213.4 212.2 210.8 207.7 206.1 203.6 201.2 198.8 197.7 196.2 193.9 193
123.6 126.9 129.1 129.7 128.8 131.1 134.1 135.3 136 137.4 138.6 138.5 137.1 135.3 133.1 130 129.1 127.7 125.1 122.1 121.4 121.3 121.2 121.9 124 125.4 128 132 135.9 139.4 141.2 145.1 148.1 149.7 151.9 152.9 153.1 153.3 155.3 157.4 160.6 164.2 170.4 174.3 177.3 180.1 182.3 183.7 184.4 186.4 188.7 191.1 194.8 198.7 202.9 207.5 212.8 216.9 221.2 226.1 231.9 231.2 228.2 224.2 219 216.1 213.6 213 211.1 208 207.6 204.9 203.9 200.8 198.9 196.9 196.3 194.3
122.7 124.3 125.5 125.7 127.6 129.8 132.5 134.2 134.9 136.4 137.7 137.4 135.4 133.2 131 129.1 127 125.1 122.5 121.1 120.7 120.7 121.2 122.2 124.3 127.2 128.2 131.9 135.8 139.5 143.4 146.5 149 151 153.1 154 154.2 154.1 155 157.2 160.2 163.4 168.8 172.5 174.9 176.3 179.5 183.3 184.4 187.6 190.1 193 196.9 200.5 204.9 209 212.4 216.7 220.4 225.4 227.8 227.8 225.8 221.3 218.7 216.9 214.4 213.9 212.3 209.2 208.7 207 206.7 205.3 203 200.6 199.4 197.3
