Assets/StreamingAssets/GeoData/Data/nj/NJ61.asc
ncols 200
nrows 200
xllcorner 360000
yllcorner 810000
cellsize 50
[rows 70 to 104 of 200, columns 0 to 78 of 200]
136.1 135.5 134.8 134.2 133.5 132.7 132.1 132.4 132.5 132.8 132.8 133.2 133.5 133.5 133.2 133.2 133.1 132.9 132.7 132.3 131.7 131.2 131.1 131 131 130.9 130.8 126 125.6 135.2 136.9 138.3 139.6 140.5 141.4 142.4 143.3 142.7 140 144.8 148 149.7 150.8 148.7 158.9 169.9 177.1 184.1 192.8 198.2 203.3 207.7 211.3 214.5 217.3 220.3 223.5 224.7 227.2 230.5 233.3 236.3 240.6 245.7 252 259.2 267.7 275.2 281.3 286.9 291.4 296.4 309.4 320.2 327.9 334.6 339.5 344.3 349.1
136.6 136 135.3 134.7 134.1 133.3 133.5 133.1 133.8 134.5 135.3 135.9 135.8 135.9 135.6 135.1 135 134.6 134.2 133.6 132.9 132.5 132.9 132.4 131.9 131.7 131.4 126.2 125.7 133.5 136.1 137.4 138.5 139.8 140.8 141.8 143.2 141.7 140.8 144.9 147.7 149.4 150 150.1 157.7 167.9 174.5 182 190.1 194.8 199.4 202.8 206 208.2 210.9 214 216.7 218.7 221.5 225.3 228 230 233.9 238.5 244.9 252 259.4 264.9 271.1 275.9 282 291.8 303.4 313.2 323.1 329.7 334.4 340.3 347.4
137.9 137.2 136.6 135.9 135.2 134.7 134.8 134.7 135.3 136.2 137.1 137.7 137.6 137.3 136.9 136.5 136.1 135.7 135.3 134.8 134.2 133.8 133.5 133.3 132.7 132.2 131.6 126.9 126.5 132.5 134.5 136.1 137.4 138.7 140 140.9 141.7 140.3 140.5 145.1 147.2 148.5 149.4 152.4 158.5 166.4 172.9 177.1 183.3 189 192.8 196.8 199.5 201.4 204 206 208 211.2 213.3 216.7 221 222.3 225.3 230.6 234.7 242.3 249.2 256 264.6 269.5 278.5 287.2 299.5 309.1 319.1 326.6 332.3 337.9 345.1
139.1 138.4 137.8 137.2 136.7 136.2 135.9 136.1 136.2 137 137.6 138.4 138.4 138.1 137.8 137.4 136.9 136.5 135.9 135.4 135.2 134.9 134.3 133.6 133 132.6 131 128.5 126.9 132.3 133.9 134.9 136.2 137.7 139.1 140 140.8 140.9 139.9 144 146.2 147.6 148.9 152 157.8 163.9 170.9 173.2 177.8 182.9 186.6 189.9 192.8 194.8 196.6 198.4 200 203.2 205.1 206.7 209.1 213.9 216.5 225.4 233.9 239.8 241.6 254.6 261.5 270.1 278.5 287.4 298.4 309.4 319.8 327.2 332 337 343.2
140.4 139.6 138.9 138.4 138.1 137.3 137.1 136.9 136.9 137.5 137.9 138.7 138.7 138.3 138 137.7 137.4 137.1 136.5 136 135.6 135 134.4 133.8 133.3 132.8 130 128.6 127.1 132.4 133.4 134.9 135.4 136.8 138.1 139.1 139.9 140.2 140.1 143.3 145.2 146.4 147.9 150.6 154.9 160.4 166.1 170.9 173.2 176.7 179.9 184.3 187.6 189.4 191.4 193.1 194.6 196.2 199 201.7 204.8 208.7 220.5 227.3 233 240.6 247.6 255.1 263.6 271.5 280.8 291.9 302.6 312.3 322.2 330.3 334.1 336.5 340.1
141.2 140.7 140.1 139.2 138.2 137.8 137.4 137.2 136.9 137.1 137.6 138.1 138.2 137.8 137.5 137.2 136.9 136.7 136.5 136.1 135.6 135.1 134.4 133.9 133.3 132.7 128.9 128.5 127.8 133 133 134.8 135.3 135.5 136.8 138 138.6 137.2 140.9 142.8 144.1 145.3 146.9 148.9 153.8 158.4 164 168.7 172.2 175 177.8 178.7 182.5 185.5 186.8 188.3 190.6 193.1 197.9 203.8 206.9 213.9 220.3 227.6 233.9 241.4 248.9 255.6 262.4 272.7 282.4 293.8 305.3 314.3 323.7 334.5 337 337.6 338.2
140.8 140.4 140 139.2 138.4 137.9 137.4 137.1 136.7 136.4 137.1 137.3 137.6 137.3 137 136.7 136.4 136.2 135.9 135.7 135.3 134.9 134.3 133.8 133.2 132.6 129.2 128.2 129.9 130.5 130.6 131.7 131.9 132.7 134.1 136.5 136.5 136.9 140.5 141.7 143 144.1 146.1 148.6 154.2 158.9 163.5 167.2 171 173.8 175.9 177.6 179.2 181.8 183.7 185.7 186.5 192 196.8 203.2 210.5 216.8 224.2 231.3 236.7 242.8 249 254.8 262.9 272.9 283.8 296.1 306.8 314.3 324.2 332.7 336.1 336.4 336.5
140.2 139.7 139.3 138.8 138.5 138 137.5 137.2 137.4 137.3 136.7 137 136.9 136.8 136.5 136.2 135.9 135.6 135.3 135 134.8 134.5 134.2 133.7 133.3 132.3 128.3 129.2 132.4 131.5 132.1 132.9 133 133.7 133.9 135 136.1 138 139.8 141.2 142.3 143.7 146 148.6 153.1 157.2 161.7 165.5 168.9 171.5 173.7 175.8 177.5 178.2 182.4 184.5 188.4 192.3 195.2 202.9 211.1 217.5 225.6 232.3 238.1 244.4 250.2 258.9 265.8 274.9 284.4 299.3 309.5 317.3 324.3 332.4 332.4 332.3 332.7
139.7 139.3 138.8 138.5 138.4 138 137.5 137.2 137.3 137.2 137 136.8 136.6 136.2 135.9 135.6 135.3 134.9 134.6 134.3 134.1 133.9 133.6 133.2 132.7 129.6 128.7 131.4 132.9 133.2 133.3 133.7 134.5 135.2 135.7 135.7 136.7 138.7 140.2 141.4 142.3 143.5 145.5 148.1 151.1 154.9 158.6 162.8 165.3 168.5 170.8 172.5 172.4 176.6 180.6 184.3 188.1 191.8 195.6 202.3 211.9 219 227.3 233.1 238.7 244.3 250.5 257.1 266.6 275.8 287.1 301 311.2 318.9 324.9 328.6 329.2 329.1 329.4
139.1 138.8 138.4 138.6 138.1 137.7 137.5 137.2 137 136.6 136.3 136.5 136.2 135.3 135.2 135 134.6 134.3 134 133.6 133.4 133.2 133 132.5 131.1 128.9 128.7 133 133.8 133.9 133.7 134.1 134.9 135.6 136.4 137.1 137.7 139 140.5 141.5 142.6 143.7 145.3 147.1 150 153 156.4 159.8 162.5 165.3 166.9 167.1 172 175.4 178.5 182.4 186.9 190.8 197.5 204.6 214.2 221.1 226.8 232.3 237.8 243.4 249.9 257 265.8 274.5 287.2 300 309.7 320.2 325 326.4 328.9 327.7 325.7
138.8 138.9 138.3 138.7 137.8 137 136.8 136.8 136.4 136 135.6 136 135.8 134.8 134.3 134.3 134 133.7 133.4 133.1 132.8 132.5 132.3 131.8 129.9 129 131.4 133.8 133.9 133.9 134.2 134.6 135.3 136 136.7 137.5 138.3 139.5 140.7 141.8 142.8 143.9 145 146.6 148.6 151.6 154.5 157.2 159.9 161.5 162.4 167.2 171 174.3 177.3 180.9 185.3 192.1 199.6 206 214.1 220.8 226.2 231.3 236.5 242.1 248.1 255.7 263.7 273.9 286.1 298.7 308.8 318.3 324.7 326 328.3 328.2 324.6
138.3 138.3 137.9 137.4 136.7 136.6 136.8 136.1 135.6 135.3 135.2 135.3 134.7 134.6 133.7 133.8 133.5 133 132.8 132.6 132.1 131.6 131.2 129.6 128.9 130.6 132.7 133.8 133.8 133.9 134.6 135 135.7 136.6 137.3 137.9 138.8 140 140.7 141.8 142.9 144.4 146.2 147.7 149.1 149.8 152.6 155.5 157 159 163.2 167 170.5 173 175.6 180 185.7 192.7 200.5 206.2 213.7 219.1 224.4 229.5 234.4 239.6 245.4 253 260.5 270 284 295.6 306.3 314.6 319 321.4 323.8 322 317.2
138.8 138.4 138.5 138.1 138.1 137.7 136.5 136.5 136.5 136 135.5 135.1 134.8 134.8 134.3 133.6 133.2 132.3 132.2 132.2 131.7 130.8 129.9 129.6 129.9 132.3 133.2 133.6 133.7 133.9 134.6 135.4 136.4 137.2 138 138.9 140 140.8 141.7 142.6 144 145.5 147.3 149 150.7 151.8 152.7 153.5 156.1 159.3 162.6 166.4 169.7 172.1 174.3 178.8 186.3 193.8 201.1 206.9 212.4 217 221.7 226.5 231.2 236.1 241.4 248.1 255.5 265.7 279.1 291.7 301.4 308.2 312.4 313.4 317.6 317.6 312.1
140.7 140.3 139.3 138.5 138.6 137.7 137.6 137.2 136.7 136.4 135.8 135.7 135.5 135 134.4 133.7 133.3 132.5 132.3 132.1 131.2 130.4 129.6 130.3 132.3 132.7 132.6 133.3 133.7 134.3 134.9 135.7 136.5 137.4 138.4 139.5 140.4 141.5 142.3 143.1 144.4 146 148.2 150.2 152 153.7 155.3 156.2 155.3 158.1 161.6 165.1 168.7 171.1 174.4 179.3 187.1 193.7 200.7 206.5 211.2 214.4 219.1 223.6 227.4 232.1 237.2 243.4 250.7 260.8 272.3 281.7 292.1 300.2 304.5 304.4 305.2 304.6 303.2
142.1 141.7 141 140.3 139.7 139.2 138.7 137.2 137 136.8 136.5 135.8 135.5 134.4 134.6 134 133.4 132.8 132.5 131.7 130.7 130.1 130.8 132.3 133 133.1 133.2 133.6 134.5 135 135.6 136.2 136.9 137.7 138.5 139.4 140.9 141.8 142.6 143.4 144.6 146.4 148.7 150.9 153.1 154.6 156.3 157.8 158.9 158.2 161.5 164.2 167.5 170.3 174.6 180.1 185.9 192.1 198.7 203.9 207.9 211.7 214.9 219 223.4 227.7 232.9 238.6 245.2 254.7 263.8 272.6 278.4 284.5 288.3 292.1 294 294 295.2
143.5 143 142.1 141.2 140.5 139.8 139.4 138.7 138.6 137 136.3 135.9 135.4 134.7 134.6 134 133.8 133.3 132.7 131.3 130.7 131.7 132.4 133.1 133.2 133.4 133.6 134.2 135.1 136 136.6 137 137.9 138.7 139.5 140.4 141.5 142.6 143.4 144.5 145.7 147.3 149.5 151.9 154.3 156 157.8 159.3 160.5 161.4 161.7 163.6 166.2 169.8 174.2 178.5 182.7 188.3 194.2 200.8 204.8 208.1 210.9 214.3 218.4 222.8 228.5 234.1 240.3 247.9 256.9 263.4 267.6 274.3 278 281.4 284.4 287.5 292.2
144.3 143.6 142.4 141.6 140.9 140.1 139.3 138.6 138.2 137.6 137.8 136.5 135.9 135.2 134.6 134.2 133.9 133.6 132.5 130.9 131.1 132.1 132.9 133.2 133.3 133.8 134.3 134.9 135.8 136.6 137.5 138.2 139.7 140.2 141.1 142 142.9 144 144.9 145.9 147 148.3 150.7 153 155.5 158.7 160.6 162.2 163.4 164.7 165.4 167.1 168.5 169.2 172.6 177.1 180.6 184.3 189.3 195.7 200.4 203.6 207.3 210.3 214 218.6 223.6 229.5 235 242.3 249.3 255.9 261.2 266.7 273 276.5 282.7 288.1 292.7
143.8 143 142.2 141.4 140.6 139.8 139 138.3 137.7 137.5 137 136.6 136.4 135.2 134.6 134.3 133.7 133.2 132.2 131.6 132.1 132.6 133 133.4 133.9 134.5 135.1 135.6 136.8 138 139.4 140.2 141.4 142.7 143.8 144.6 145.3 145.6 146.9 147.4 148.6 149.5 151.6 154.6 157.5 160.6 163.7 165.5 166.7 168 169.2 170.5 172.3 173.7 175.1 174.5 178.5 182.1 185.4 190.6 194.8 199.2 202.6 206.6 209.8 213.8 220 224.3 228.8 236.6 244.2 250.4 256.2 262.2 268.5 273.9 280.5 286.3 291.2
143.3 142.5 141.7 140.9 140.1 139.3 138.5 137.9 137.3 137 136.6 136.2 135.9 135.4 134.6 134.4 133.7 132.8 131.7 131.8 132.3 132.7 133.1 133.4 134.1 134.7 135.3 136.2 137.8 139.4 140.9 142.1 143 144.1 145.2 146.2 147.2 148 148.5 149 150 150.9 152.5 155.4 158.3 161.4 165 167.7 168.9 170.1 172.1 173.9 175.1 176.5 177.9 179.6 181.5 184.1 187 189.9 193 194 199.4 200.4 209.7 215.2 219.1 223.8 227.5 231.6 240.6 246.3 252.8 259.3 266.4 272.6 278.6 284.8 289.7
143 142.1 141.2 140.3 139.5 138.8 138.1 137.5 136.9 136.6 136.2 135.9 135.2 134.7 134 134.5 133.5 132.1 131.8 132.3 132.7 132.9 133.2 133.5 134.1 134.9 135.4 137 138.6 140.3 141.8 143.2 143.6 145 146 147 148.1 149.2 149.3 149.9 150.7 151.6 152.8 155.3 158.7 161.7 165.1 168.8 169.9 171.8 173.5 175.7 177.3 179.1 180.3 182.4 184 186.2 189.8 193.4 196.3 199.8 203.5 207.8 212.9 219.2 224.9 229.1 233.4 240.4 246.3 250.5 254.8 259.1 265 271.7 277.6 285 289.2
142.3 141.4 140.7 139.8 139 138.3 137.6 137.1 136.7 136.3 135.9 135.6 134.9 134.3 133.7 133.1 132.6 132.6 132.8 132.7 135.6 133.1 133.3 133.6 134.1 134.9 136.3 138 139.7 141.2 142.5 143.6 144.6 145.8 146.9 147.9 148.9 149.6 150.2 150.2 150.9 151.8 152.9 154.8 157.3 160.6 164.1 167.6 169.8 172.2 174 176.8 179.6 180.4 182.8 184.4 186.4 189.6 192.8 196.1 200.1 206.3 211.8 217.5 221.9 226 229.9 233.7 238.1 244.6 250.5 254.5 258.1 263.8 269.3 273.9 279.4 287.7 293.2
140.7 140.6 139.9 139.3 138.5 137.9 137.4 136.9 136.4 136.2 135.9 135.7 135.1 134.5 134 133.5 133 132.3 133.2 133.7 133.5 133.4 133.2 133.7 134.5 136.1 137.6 139.1 140.7 142.2 143.6 145 145.8 146.6 147.7 148.6 149.5 150.2 150.6 150.6 151 151.9 153.1 154.9 157.2 160.1 163.3 166.6 169.5 172.9 175.2 177.6 181.1 182.5 184.5 187.3 190.2 193.8 196.5 200.1 206.1 214 220 225 229.1 232.7 236 239.7 243.9 249.1 254.2 259.4 264 268 273.3 277 284.2 292.7 299.7
139.5 138.7 138.4 138.1 137.8 137.3 136.7 136.1 135.9 135.7 135.5 135.3 134.7 134.3 133.9 133.8 133.3 132.6 132.3 133.6 133.4 133.7 133.7 134.4 135 138 138.3 139.9 141.7 143.2 144.7 146 146.8 147.3 147.9 148.9 149.8 150.4 150.9 151 151.1 152.1 153.4 154.9 156.9 159.8 163.9 167.5 170.9 174.2 176.5 179 181.9 184.9 186.4 189.1 192.2 195.5 199.4 204.8 212.8 220 226 230.6 235 238.4 242.7 247.2 251.2 256.5 262.7 266.4 269.9 272.6 280.2 284.5 291.7 298.7 303
138.2 137.3 137.1 136.8 136.6 136.1 135.6 135.2 135 134.8 134.7 134.6 134.1 133.4 133.5 133.5 133.6 133.2 132.3 133.1 133.3 133.5 133.7 134.3 135.4 136.6 138.4 140.1 141.4 142.8 144.2 145.3 146.6 147.2 147.6 148.4 149.2 150.1 150.9 150.7 151.1 151.9 153.1 154.6 156.9 160.1 164.5 168.4 171.8 174.9 177.5 180 183.7 186.2 190.2 193.3 196.7 199.9 204.8 210.9 218.1 225.6 231.8 237.8 242.9 248.5 253.5 258.6 265.2 270 272.6 273.3 276.5 280.9 287.6 291.7 297.6 304 308
137.1 136.3 135.8 135.5 135.3 135 134.5 134.3 134.2 134 133.9 133.9 133.7 133.1 133.1 133 133 132.5 132.5 133.2 133.4 133.3 133.5 133.7 134.5 136 137.8 139 140.5 141.8 141.8 144.5 145.8 146.5 146.9 147.7 148.5 149.4 150 150.3 150.8 151.7 152.8 154.6 156.8 159.6 163.4 169.6 172.7 175.5 179.7 184.3 188.1 191.7 195.1 198.9 202.3 202.9 209.2 214.4 221.5 229.2 237.1 243.3 250.5 258.2 263.3 269.8 274.2 278.5 280 283.9 286.1 289.8 295 300.1 307.2 311.3 313.5
135.8 135.2 134.5 134.3 134.1 133.7 133.5 133.5 133.3 133.2 133.2 133.1 133 132.8 132.7 132.4 132.2 132.6 132.6 132.9 132.8 133 133.4 133.6 133.8 134.5 135.9 137.1 139.2 140.5 142.2 143.9 143 145.4 145.8 146.7 147.6 148.6 149.4 149.7 150.2 151.2 152.5 154.2 156.6 159.5 163.6 169.7 174.2 177.8 182.7 188.6 194.2 197.6 199.6 204.2 205.8 207.9 212.1 218.2 223.9 232 240.1 247.3 255.6 263.7 270.9 277.2 283 287.9 291.6 295.2 295.7 297.7 300.8 307.4 315.2 319 319.4
134.6 134.1 133.6 133.2 133 133 132.7 132.6 132.6 132.6 132.6 132.7 132.6 132.6 132.4 132.3 132.9 132.1 132.7 132.6 132.8 132.4 133.7 133.4 133.7 133.5 134.2 135.3 137 139.2 140.7 142.3 143.4 144.4 145.4 146 146.6 148.2 148.8 148.8 149.6 150.6 152 153.8 156.4 159.7 163.9 169.7 175.4 181.2 187.4 193.6 198 201 203.5 206.3 208.6 210.8 214.7 219.6 226.1 234.2 241.4 249.4 259 267.1 275 282.9 289.2 295.1 299.8 301.6 302.8 306.8 310.2 318.1 323.6 325.4 327.4
134.3 133.6 133.1 132.6 133 133.2 132.8 132.6 132.5 132.7 132.8 132.6 132.4 132.4 132.2 132.4 132.9 132.8 132.3 132.3 132.6 132.8 132.9 133.1 132.5 133.4 133.7 134.5 136 137.5 139.3 140.8 142.2 143 143.2 143.6 146.3 146.9 147.7 147.8 148.9 150.1 151.6 153.4 155.9 159.3 164 170 175.8 182.8 190 195.5 198.9 202.7 205 206.9 209.7 212.4 216.5 221.2 227.2 233.9 241.5 251.1 260.6 268.9 278 287.3 294.5 301.1 305.3 307.5 312.9 320.1 322.6 327.2 329.8 334.7 338.2
133.9 133.4 133.2 132.7 133 133.1 132.8 131.8 132.4 132.9 132.8 132.5 132.4 132.1 132.1 133 132.4 132.1 132.3 132.4 132.1 132.9 133.1 133.2 133.9 133.7 133.8 134.5 135.2 136.1 137.8 139.1 140.4 141.2 142 142.9 143.3 145.6 144.9 146.2 148.1 149.8 151.2 153.1 155.8 159.3 163.7 169 174.8 182.2 190.1 195.1 199.3 202.2 204.8 206.9 209.8 213 218.2 222.9 229.5 235.7 243.1 250.9 262.2 271.5 280.3 289.2 297.3 303.5 309.5 313.9 321.8 328.6 331.6 333.6 338.3 344.1 346.3
133.1 132.9 132.7 132.6 132.6 132.2 132.3 132.6 132.9 133.1 132.6 132.5 132 132.8 132 132.1 132.1 132.1 132.3 132.3 132.5 133 133.2 133.4 133.5 133.3 133.4 134.2 134.4 134.8 136.1 137.4 138.2 138.8 140 141.1 142 143.7 144.3 145.1 146.8 148.2 150 153 156.2 159.4 163.2 168.1 173.8 180.2 187.6 193.3 197.2 200.8 203.8 206.8 210.6 214.5 219.6 224.5 231.8 238.6 245 252.7 264.1 271.9 280.5 289.3 298 305.5 312.4 320.8 329.5 334 337.5 339.9 350.2 353.3 353.1
132.9 132.8 132.8 132.7 133 132.8 132.7 132.7 132.9 132.8 132.8 132.7 132.4 132.4 132.4 132.4 132.9 133.2 132.6 132.6 132.8 133.1 133.3 133.5 133.8 134.1 133.7 134.6 134.6 134.3 134.8 135.8 136.4 137.3 138 138.9 140.5 141.6 143.1 144.4 145.9 147.6 149.4 151.9 155.5 159.7 163.9 168.2 173.6 179.2 185.1 190.6 195.3 199.6 202.1 206.3 211.2 216.9 221.8 227 233.6 240.6 248.4 257.1 265.4 272.8 280.1 289.3 297.8 306.6 317.6 328.1 334.4 336.5 336.8 346.5 354.5 356.4 357.6
132.7 132.9 132.9 132.8 133.6 133.5 133.1 132.9 133.1 133.2 133.2 133.1 133.1 133 133 133.3 133.7 133.7 133.2 133.3 133.2 133.3 133.5 133.7 134 134.4 134 134 134.2 134.4 134.5 135 135.4 136.1 136.8 137.9 139.2 140.4 141.9 143.1 144.8 146.6 148.9 152.6 156.5 160.7 164.7 168.9 173.7 179.1 184.1 190.9 194.4 198.9 201.4 206.4 212.7 218.6 223.9 229.3 236.5 243.2 251.1 259.1 265.8 272.8 280.4 289 297.5 307.8 321.4 327.6 330.7 333 337.2 346.1 352.4 353.2 353.6
133.4 133.1 132.9 132.9 132.7 132.8 132.9 133 133.1 133.3 133.6 133.9 133.9 134 134 134.2 134.2 134.1 133.8 133.9 133.9 133.7 133.9 134.2 134.4 134.7 134.3 134.3 134.5 134.8 134.8 134.7 135 135.4 135.9 136.9 138 139.3 140.1 141.6 143.1 145.4 148.6 152.7 157.1 161.6 165.3 169 173.8 179.8 184.7 190.4 194.8 198.9 202.3 206.6 212.7 218.8 225.5 231.9 238.5 245.9 252.6 259.7 266.2 272.9 282 291.2 298.7 309.2 320.8 322.8 325.2 327.3 334.8 343.3 345.9 346.9 347.5
133.7 133.1 132.9 132.9 132.8 132.8 132.9 133 133.1 133.4 133.6 134.1 134.3 134.3 134.4 134.5 134.8 134.6 134.3 134.5 134.5 134.4 134.3 134.6 134.8 134.4 134.5 134.6 134.9 135.2 135.1 135 135.1 135.5 135.7 136.5 137.3 138.1 139.3 140 141.7 144.3 148.2 152.5 157 161.6 165.3 168.9 174.6 180.5 186 190.5 194.9 199 202.7 207 212.5 218.7 226.2 232.8 239.6 247.1 253.4 259.8 266.2 274 283.4 293.3 299.9 307.4 312.6 315.6 318.2 322.4 328.9 333.1 336.9 339.6 340.9
133.3 133.7 133.1 132.9 133 133 133 133 133.1 133.4 133.8 134.5 134.7 134.6 134.6 134.9 135 134.8 134.7 135 135.1 135 134.9 134.9 134.8 134.7 134.8 135 135.2 135.5 135.3 135.2 135.1 135.6 135.9 136.2 136.9 137.4 138 138.4 140.5 143.1 146.9 151.4 156.4 160.9 165.2 169.2 175.1 181.5 185.9 190.2 194.4 198.8 202.1 206.8 211.8 218.6 226 233.3 240 246.1 252.8 259.8 265.8 273.9 284.8 292.2 296.4 302.9 306.9 308.6 309.8 317.7 323.4 327.8 329.8 331.4 331.1
