Assets/StreamingAssets/GeoData/Data/nj/NJ62.asc
ncols 200
nrows 200
xllcorner 360000
yllcorner 820000
cellsize 50
[rows 70 to 104 of 200, columns 78 to 155 of 200]
157.1 160 160.4 158 153 149 145.8 143.2 140.3 138 137 137.2 138.4 140.2 140.5 139.3 137 135.1 132.2 131.2 130.4 130.4 131.1 132.9 133.4 134 134.7 136.2 137.2 139.6 140.5 143 145.4 147.7 150 153 156.2 158.1 159.8 161 163 165.1 165.4 168.2 170.3 171.4 171.4 170.2 168.3 164.7 164.1 160.6 158 161.9 174.2 181.2 174.8 165.4 149.2 139.5 130 123.6 119.5 119.2 121.1 122.6 122.5 121.3 119.9 118.6 118.4 117.1 115.2 113.6 112.4 111.5 112 113
163.5 166 165.6 163.3 159.1 156 151.6 146.7 142.3 139.8 138 137.8 139.2 141.7 143.3 141.7 139.7 137.2 133.5 131 129.9 129.9 130.1 132.6 131.9 131.9 132.6 132.8 133.9 136.1 137.3 138.6 140 141.7 144.2 146.4 148.8 150.7 152.7 154.5 157 161 161.3 160.3 160.7 162 162.7 161 159.6 159.7 160 155.8 154 158.1 172.7 181.5 177.5 166.6 156.4 145.5 132.4 123.6 117.3 117 118.6 120.7 121.2 120.3 118.8 117.2 116.1 115.5 114.1 111.9 110 109.9 111.6 114.6
168.9 171.8 172 171.7 166 161.1 156 150 144.7 141 138.8 137.9 139.4 142.1 143.9 142.6 140.7 139.4 135.6 132.2 130.3 129.8 129.9 133.8 131 130.3 130.5 129.9 130.2 131.5 133.7 133.7 134.4 136.5 138.5 139.3 140.7 144.6 146.1 146 148.6 148.8 149.1 149.5 151.5 153.2 151.7 153.1 154.4 156.1 156.7 152.3 150.2 153.8 163.9 172.7 175 168 159.3 149.1 135.7 124.3 117.7 116.1 116.1 118.1 119.7 119.3 117.8 116.2 114.7 113.5 112.2 110.5 108.8 108 109.7 114.3
174.5 175.8 176.2 176.8 173.3 167.7 162.3 154.7 148.4 143.4 139.1 138.2 139.5 141.8 143.2 140.5 139.9 139.1 137.1 134.6 133.1 131.5 129.5 129.3 128.8 127.9 127.5 127.5 127.1 128.1 130.8 131.6 130.5 131.2 131.6 133 134.4 135.2 136 136.6 137 138.2 140.2 141.2 143.2 145 145.9 148 149.9 153.6 152.2 147.8 145.6 147.9 155.1 161.4 165.8 162.3 153.6 146.5 135 125.1 118.2 115.1 114.3 115.8 117.1 118.1 116.8 114.4 113.1 111.6 110.1 108.7 107.3 105.4 105.5 109.9
177.5 177.8 178.1 177.9 176.6 171.4 165.2 157.4 151.3 145.2 139.7 136.4 136.7 139.1 138.8 137.4 136.8 136 136 134.9 134.2 132.6 131 129.3 127.2 125.7 124.8 124.3 124.2 125.3 124.6 126.3 126.4 127.4 128 128.9 129 129.7 130.1 130.3 131.1 133.1 134.6 136.8 139.5 141 141.1 143.1 142.9 144.7 143.8 142.2 141 142.3 146.8 148.2 149 147.9 143 139 132.8 125.7 118.6 114.2 112.3 113.1 114.4 114.8 114.5 113.2 110.8 108.7 107.3 106 104.7 103.2 102.2 103.3
179.2 177.7 176.4 178.1 176.2 170.1 162.8 156.5 151.2 145.1 139.7 135.5 133 133.9 134.3 134 133.4 133.5 133.4 133.4 132.7 131.6 130.2 129 126.9 125.1 123.2 122.5 122.4 122.3 122.4 122.5 123 123.7 124 124.4 124 124.2 124.7 125.5 126.5 128.5 130.3 132.5 134.5 135.1 134.9 134.9 135.2 135.9 136.4 136.4 136.2 137.4 139 138.5 137.2 135.4 132.7 129.9 126.7 122.6 116.4 112.1 109.9 110.1 111.6 112.5 113 112.2 110 107.9 105.8 104 103 101.6 100.6 100.8
179.7 175.7 172.7 174.1 171.4 163.9 154.8 150.9 147.6 142.6 137.3 133.5 130.4 129.5 129.7 130 129.7 129.3 129.9 130 129.5 128.6 127.4 126 124.5 123.5 121.4 121.3 121.1 121.2 121.2 121 121.7 121.1 120.9 120.9 122.4 120.2 121.3 121.9 122.9 124.9 126.9 128.9 129.8 129.8 129.4 129.3 129.8 128.9 129.1 130.6 130.7 132 133 132.4 130.6 128.5 125.5 123.1 120.5 116.7 113.6 110.8 108.8 107.9 108 109.3 110.5 110.1 109.1 107.5 105.6 104.2 102.7 102 100.9 99.6
181.7 175.9 171.7 165.7 162 153.6 146.6 144 141.8 138.3 135.3 131.5 129.2 127.4 126.4 126.1 125.9 125.8 125.2 124.9 125 123.5 123.6 123.3 123 122.7 122.5 121.8 121.7 121.9 119.5 120 120 120.4 120.6 120.3 120 119.5 119.4 119.7 120.3 122 123.9 125 125.4 125.4 124.8 124.5 124.6 123.4 123.5 124 125.4 126.9 129.3 127.3 124.9 122.7 120.3 117.8 115.8 113.8 112.3 109.4 107.9 106 106.2 106 106.6 105.7 106.4 106.1 104.5 103 102.1 101.6 100.6 99.1
178.9 174.9 168.9 160.7 153 147.2 140.8 141.2 139.9 138.4 135.1 131.2 128.5 126.6 126.3 125.9 125.4 125 124.8 124.6 124 124.2 123.7 123.6 123.7 123.4 123.7 123.4 122.7 122.1 121.2 120.6 120.3 120 119.8 119.2 119.4 118.6 119.2 118.8 118.5 118.6 118.9 119.8 119.7 121.2 120.7 120.5 120.3 119.7 119.1 118.8 120.1 122 124.1 123.7 122.7 121.2 119.9 117.3 115.7 114.1 112 109.3 107.4 105.6 104.9 103.7 102.6 101.9 101.3 101.8 102.1 101.3 100.3 99.2 98.8 97.7
174.4 170.7 163.9 156.6 148.6 145.1 144.3 142.9 140 138.5 134.8 131 127.9 126 126.9 126.3 125.6 125.1 125 124.7 125.8 125.2 124.2 123.9 123.7 124.2 124.4 123.6 122.9 122 121.2 120.2 120 119.5 119.2 118.9 118.6 118.3 118.3 118.2 117.6 117.4 116.5 116.2 116.6 116.6 117.4 117.3 117.3 118 117.5 115.5 117.8 119.7 120.6 120.9 120.1 119.7 119.3 117.8 115.5 113.3 111.4 108.8 106.8 106.4 104.7 103.8 103.5 103.8 102.4 100.8 100.8 100.2 99.8 99.6 99 97.2
168.3 165.5 160.9 153.5 147.7 145.7 143.6 141.5 139 136.4 133.2 129.8 128.8 128.4 127.4 126.7 125.9 125.2 125.2 125.2 126.9 125.7 124.8 124.3 124 123.5 123 122.5 122 121.3 120.4 120 119.6 119.3 119 118.8 118.8 118.1 117.9 118 117.6 116.3 116.2 116 115.4 114.9 116.2 115.5 114.5 114.5 113.1 114.5 116.8 117.2 116.2 117.4 118.3 116.4 116.9 115.7 113.9 111.5 109.8 107.7 105.5 105.6 105.3 104.6 105.7 105 103.8 102.4 101.7 101.5 102 101.2 99.5 99
166.2 163.1 158.8 152.3 148 144.1 141.1 139.7 137.3 134.4 132.1 131.9 131.6 130.3 128.6 126.7 125.9 125.7 125.5 126.2 127.2 126 125.3 124.8 124.4 124 123.8 123.3 122.5 122.1 121.7 121.4 121 120.1 119.8 120 119.2 118.9 118.7 118.3 118.3 118.9 118.3 117.2 116.6 115.8 115.4 114.2 114.4 114.6 113.5 113 112.4 113.3 115.9 116.5 115.9 114.4 114.9 113.8 112.6 110.9 108.6 106.6 105.3 105.5 105.7 107.2 107 105.9 105.1 105.4 106.1 106.1 105.5 104.4 103.9 101.1
163.7 162.3 156.5 152 147 142.7 140.1 138.2 136.2 135 133.9 133.3 131.9 130.5 128.8 126.8 126.4 126.3 126 127.3 127.2 126.3 125.8 125.4 125.3 125.1 124.8 124.5 124.3 124.5 124.3 123.7 123.4 122.9 122.3 122.1 121.5 121.6 121.4 121.1 121.4 121.6 120.9 119.6 119.1 117.8 117 116.1 115.4 114.4 113.8 113.7 112.6 111.8 111.7 111.9 110.8 110.4 109.9 110.5 109.5 107.9 106.8 105.9 107.4 106.8 107.7 109 109 108.1 108.2 109.3 111.8 112.6 112.3 111.1 109.6 108.3
161.4 159.7 158.5 153 147.5 142.8 140.3 138.8 137 135.4 134.1 133 132.1 131 129.5 127.8 127.2 126.9 126.6 126.7 126.9 126.9 126.7 126.5 126.2 126.2 126 126.5 127.2 127.5 127.1 127.2 127 125.8 125.7 125.5 125.2 125.6 126.2 126.8 126.8 126.3 124.5 122.5 120 119.3 118.4 117 115.9 115.1 115.3 117.3 117.2 117 115.3 112.6 111.3 109.5 110.5 109.1 108.4 107.5 107.6 108.4 108.4 108.8 108 108.1 109.8 109.9 111 114.4 117.4 120.6 122.9 123.9 121.4 119.6
162.4 160.8 159.5 156.2 150.8 146.6 142.4 140.5 138.1 135.6 134.5 134 133.7 132.3 130.7 129.1 127.8 127.5 127.1 127.9 127.7 127.8 127.9 127.9 127.8 127.8 129 129.5 130 130.6 131.4 131.9 132.5 131.6 130.9 130.1 129.7 130.6 131.3 130.7 130.3 128.3 126 124.4 122.4 121.5 119.5 117.8 116.8 116.1 116.6 118.4 119.7 118.2 115.4 114.9 115 114.2 113.4 112.4 111.8 111 110.3 110.5 110.6 110.9 110.4 110.8 112.8 114.3 115.5 119.4 124.5 129.8 132.5 132.1 130.5 128.1
163.8 161.5 160 156.8 153.6 150.5 146.5 143.6 139.9 137.6 136.6 135.9 135.1 133.2 131.6 130.2 128.6 127.9 127.4 128.7 128.7 128.6 129 129.3 129.2 129.9 131.3 132.5 133.5 136.7 138.1 139.3 140.5 137.6 135.7 134.5 134 134.2 134.3 133.4 131.5 129.3 127.6 126.4 125.4 124 121.9 119.8 118.5 118 117.3 118.1 118 117.2 117.8 118.1 117.9 117.2 116.5 114.9 113.7 113.2 112.9 112.4 112.2 112.1 111.2 111.2 114.8 118.6 121.4 125.5 130.7 135.6 137.4 136 132.9 129.2
165.5 162.3 160.3 158.4 157 155.6 151.5 147 142.8 138.8 137.4 136.5 135.1 133.6 132.5 131.2 129.7 128.9 128.1 129.2 129.4 129.8 130.4 131.5 132 133.2 135.5 138 140 141.8 144.7 147.1 147.9 145.6 141.3 139.7 138.4 137.5 136.8 135.1 133.2 131 128.6 127.6 126.3 124.6 122.5 120.9 119.9 118.9 118 118.4 117.8 118.4 119.1 120.3 120.5 120.1 119.2 117.5 115.6 114 114.2 113.1 113.1 113.3 113.2 112.7 117.2 122.5 127.2 130.5 135 139.1 139 137 133.1 129
166.1 162.1 160.7 160.1 159.6 158 155.1 150.5 145.3 140.5 137.5 136.3 135 134.1 133.2 132 130.7 128.5 128.1 130.1 131 132.6 134 134.6 135.8 137.8 139.8 141.8 144.1 146.2 152.1 157.3 156.9 152.8 147.9 146.5 144.2 141.3 139.1 137.4 134.8 132.6 130.2 127.7 125.9 124 122.2 121.3 120.9 120.1 119 119 118.9 120.1 121.5 122.7 123.1 122.5 121.2 121.2 120.2 116.2 115.3 115 114.5 114.4 114.5 114.8 117.7 124 129.5 133.3 138.3 143.5 142.9 139 134.5 129.4
165.1 161.5 160.6 160.7 160.2 159.4 157.5 153.8 149.4 144.2 140.1 137.9 135.9 134.7 133.6 131.6 129.8 129 129.2 132 133.6 135.2 136.8 137.5 139.2 141.1 143.3 145.7 147.9 152.4 158.2 162.3 161.8 158.9 153.6 153.5 150.3 145.2 142.1 138.8 135.9 133.3 130.8 128.1 125.7 123.9 123.2 122.7 122.4 121.5 120.7 120.7 121.7 123.2 124.8 125.6 126.1 125.5 124.6 123.4 122.3 119.2 117.5 117.1 116.6 116.3 116.3 114.9 116.7 124 129.3 133.6 139.3 142.8 143.1 139.8 134.8 130.1
164.1 161 160.7 160.7 160.5 160.8 160.1 157 154.3 147.3 142.3 138.7 136.5 134.6 133 130.9 129.5 128.5 131.9 134.4 136.2 138.2 139.4 140.8 142.7 144.8 147.1 149.7 154 160.4 165.5 167.6 167.7 165.4 160.7 156.7 153.7 148.2 144.8 140.8 137 133.5 130.7 128.5 126.6 125.5 124.8 124.2 123.7 122.4 122.6 123.5 124.6 126.4 128.4 129.5 130.6 130.2 128.9 129.8 126.1 123.8 121.6 119.7 118.7 118.9 119.8 120.2 118.9 123.2 128.9 133.2 137.8 139.1 139.6 137.2 133.8 130.5
163.4 160.7 160.1 160 160.4 163 163.4 160.8 157.3 149.4 142.9 138.3 135.4 130.6 130.7 130.1 129.6 132.8 135 137 139.7 142 143.2 144.9 146.6 149.6 152.4 156.8 160.8 166.3 169.9 172.4 172 170.7 165.8 160.2 154.9 150.9 146.6 142 137.8 134.1 131.2 128.9 127.7 126.8 126.2 125.6 125.1 123.8 125.7 126.6 127.6 129.8 132.7 134.7 136.6 140.9 141.7 139 135.9 131.9 127.3 124 122.3 122 122 122.8 122.1 120.3 127.5 131.3 134.8 135.9 135.7 135 133.3 130.5
163.4 159.4 158.8 159.2 159.7 162.3 164.4 162.4 157.3 149.6 140.6 136.1 132.7 130.8 130.3 130.7 133.7 135.8 138.3 142.7 146.3 146.6 148.4 150.4 153.5 157.4 161.8 164.7 168.9 173.2 175.9 177.4 175.7 173 169.5 161.7 155.5 151.3 147.4 142.9 138.5 134.2 131.7 130 129.1 128.2 127.6 127 126.3 125.2 127.7 128.6 129.8 133.4 137.2 141.7 145.6 151.5 153 151.2 146.6 140.9 134.4 130 126.7 125.1 123.9 124.4 123.9 122.4 125.2 129.4 132.1 133.6 133.6 133.2 132 129.9
162.2 158.5 156.6 156.5 156.9 158.7 160.5 158.7 154.7 147.3 138.6 134.3 131.3 131.2 132.5 134.8 138 140.1 144.2 149.9 153.5 156.4 155.8 155.6 163.2 166.8 170.1 173.9 177.9 180.8 182.7 181.9 179.1 175 169.5 162.4 156.6 151.9 147.1 142.6 138.3 134.4 132.6 131.9 130.7 129.6 129 128.3 127.6 126.9 128.1 129.5 131.3 135.2 141 148 156 161.8 164.4 161 154.2 148.6 142.3 136.3 131.3 128.1 126.1 125.3 124.8 123.8 123.9 127.5 130.3 131.8 132.2 131.6 130 128.5
160.6 157.4 154.7 153.4 152.8 154.1 155 154.2 150 143.7 133.6 132.1 131.9 133.4 135.1 137.5 141.6 145.5 150.8 156.9 163.4 166.4 167 166.3 172.1 176.5 180.6 182.5 185.6 187.6 188.8 186.7 182 175.8 169.4 165.5 158.8 152.2 146.6 142.2 139.1 137.7 135.8 133.7 132.7 131.5 130.4 129.8 128.7 127.5 129.2 130.7 133.1 138.1 143.9 156.5 164.3 169.4 172.1 167.3 159.9 152.5 146 140.1 135.1 130.8 127.9 126.2 125.4 125.1 124.9 126.8 129.4 130.4 131.2 130.9 129.7 128.1
158.3 155.3 152.7 149.3 148.3 148.7 149.6 148.6 144.9 138.8 132.5 132.6 134 136.4 138.4 140.7 144.8 150.1 156.1 160.9 166.7 171.6 175.4 174.6 180.4 184.9 188.4 191.1 193 194.6 194.1 190.3 185.7 180.5 174.6 168.1 158.6 152.7 147.8 143.5 142.3 142 138.7 135.5 133.9 133 132 130.9 129.8 129 130.5 133 136.9 140.8 146.5 159.5 166.2 173 173.7 170.6 162.1 155 148.5 141.8 136.5 132.5 129.5 127.6 125.9 125.6 125.8 127.6 129.7 131.1 130.8 130.3 129.2 128.1
156.1 153 149.9 146.9 145.4 143.4 143.4 142.7 140.8 135.2 133 133.5 136.9 138.8 141.2 144.5 147.9 154 159.7 165.7 170.8 175.6 180.4 182.8 187.7 191.3 194.5 197.4 198.8 198.5 197.6 194.2 187.9 183.5 174.9 164.8 158 154.8 149.4 145.8 146 143.9 139.9 137.1 135.1 134.6 134 132.7 131.6 130 130.7 133.6 137.9 142.2 147.2 159.2 166.6 172.9 173.8 170.2 160.9 154 147.6 141.6 136.5 133 130.8 129 127.5 126.9 127.3 128.9 130.3 131.4 130.7 130.2 129.8 129
153.8 152.8 152.9 153.3 151.1 149 145.2 141.2 136.5 134.2 133.6 135.4 138.1 141.1 143.7 146.8 151.7 158.6 164.2 169.9 174.8 179.4 184 186.9 192.8 196.8 200.9 202.9 202.8 200.1 195.9 191 185.7 176.8 169.2 162.2 159.4 156.6 151.1 149.4 148.2 144.7 141.3 138.5 136.7 136.1 135.4 134.6 134 132.4 132 134.6 138.6 143.2 148.9 158.1 166.5 171.1 170.6 165.9 158.5 151.5 144.9 140 136.4 133.5 131.8 130.2 128.9 128.3 128.3 129.2 130.3 130.8 130.2 129.7 129.8 129.5
158.5 157.1 156.6 156.1 154.1 150.3 146.9 141.4 137 133.5 135 137.8 140.6 144.2 147.5 151.7 157.2 162.8 168.5 174 178.7 182.5 186.8 190.7 195.9 199.3 203.5 202.8 200.5 196.8 190.5 185.9 181.3 174.8 168.4 162.5 160.8 157.7 155.6 152.5 150 146.4 143.1 140.2 138.5 137.5 136.8 136.5 136.1 133.6 134 136.4 140.1 143.6 149.2 155.1 163.4 166.8 166.5 161.8 156.1 149.5 142.8 138.8 136.5 134.2 132.6 131 130.1 129.8 130.1 130.7 130.8 130.7 130.3 129.6 129.6 129.6
162.1 160.6 159.5 157.3 154.9 150 143.8 136.8 134.4 135 138.4 142 145.1 148 152.4 157.2 162.2 167.1 172.8 178.4 183.5 187.8 190.5 193.5 198.8 201.4 203 201.4 197.6 191.9 185.6 181.5 177.3 171.8 167.5 164.3 161.1 160 157.2 154.4 150.8 147.9 144.6 142.8 140.5 139.4 138.2 137.6 136.1 138 136.7 137.5 139.8 142.9 147.9 153.5 159.4 162.5 161.7 157.6 152.8 148.2 142.4 139 136.6 135 133.5 132.2 131.7 131.4 131.3 131.4 131.3 131.3 130.8 129.8 129.3 128.4
166 163.7 161.1 157.7 152 142.5 135.7 134.7 135.6 139.4 143.2 147 151.6 154.3 157.7 161.8 166.3 172 178.1 183.3 188.5 192.5 195.4 198.4 201 202.7 202.9 201.2 197.9 191 185 180.9 175.1 171 167.4 163.3 161.4 160.4 157.4 154.3 152.4 149.5 146.3 144.7 142.9 140.8 139.6 138.3 139.8 137.6 138.7 139.5 139.9 142.1 146.5 151.6 156.1 158.3 157.9 154.4 150.8 147 142.7 139.6 137.9 136.8 135.5 133.5 133.5 133.4 133.3 132.4 132.2 131.9 131.2 131.3 131.2 131
169.4 165.8 161 154 144.1 135.8 135 137.9 141.4 145.4 149.8 153.1 157 159.8 163 167.5 172.3 178.8 183.9 189.5 194.4 198.2 199.7 201 201.8 201.7 200.5 198.2 195.3 190.9 185.3 180.3 175.5 170.7 165.8 163.3 161.9 160.5 157.5 155.9 153.5 150 148.1 145.7 143 141.8 141.5 141.4 142.1 142.1 141.6 138.6 140 142.6 145.7 149.7 153.2 153.8 153.5 151.9 149.2 146.1 143.1 140.8 139.6 138.5 137 136.5 136.4 136 135.8 135.2 133.7 133.3 134.2 133.9 133.4 133
168.3 163.5 157.5 147.3 136.8 134.3 140.2 144.7 148.1 151.8 155.2 158.5 161.8 165.1 169.2 174.4 180.1 185.8 191.3 196.6 201.1 204.1 205.6 205.8 204.2 203 201.1 198.6 195.7 191.8 186.9 181.3 174.8 170.4 166.6 164.2 162.1 160 157.6 155.6 152.6 150.5 150.5 148.6 147.2 146.9 145.5 144.6 143.9 143.5 142.5 142.3 141.8 143.3 145.7 148.6 150.8 151.8 150.8 149.9 148.1 146.2 144.2 142.1 141.1 140.2 137.3 138.9 138.7 138.5 137 138.5 136.9 135.3 136.4 136.9 137.9 137.3
164.5 159.4 152.2 139.1 135.4 142.5 148 151.6 154.4 157.3 159.9 162.3 166.9 170.9 176.2 181.8 187.5 193.9 199.8 204.8 209 211.5 212 210.5 208.4 206.2 202.3 199 195.8 191.9 187 181.2 175.7 171.4 167.7 165.2 162.9 160.8 159 156.2 153.8 152.6 152.6 151.1 150.6 149.6 148.2 146.7 146.1 145.2 144.7 143.8 142.8 143.7 145.6 147.9 149.6 150.5 149.8 149.3 148.1 146.2 144.3 143.2 142.3 141 138.5 140.6 140.6 139.5 140.7 141.7 141.4 138.8 140.8 141.7 142 141.2
159.3 154.2 142.9 136.7 138.6 149 154.5 158.3 160.9 163.1 165.3 168.7 174 178 184.7 188.6 195.6 202.6 207.2 212.7 217 217.9 217.9 216.1 213.2 208.9 204.4 200 195.6 191.7 187.3 181.8 176.5 172.2 168.6 166.1 163.7 162 159.6 157.3 156.2 155.8 155 153.9 152.9 151.9 150.5 148.9 147.7 146.8 145.7 144.8 144.7 145 146.4 147.8 148.8 149.6 149.7 149.5 148.1 147 145.7 144.3 142.7 140.1 140.9 141.8 141.7 142.1 143.1 144.1 143.9 143.2 143.4 144 144.2 144.2
153.6 147 137.1 137.6 146 154.5 159.7 164 166.9 169.6 172.4 176.6 180.2 185.7 189.6 195.9 203.2 209.5 214.7 219.6 223.6 224.7 224.4 223.2 217.7 212.2 207.4 202 196.6 192 187.6 183.1 178.6 174.4 170.4 167.4 165.4 163.2 161 160 159.7 159.3 158 157.1 156.5 155 153.4 151.9 149.4 148.9 147.2 145.8 146.4 146.5 147.7 148.8 149.3 149.9 149.8 149.1 149 148 146.4 143.7 142 142.5 142.2 143.8 144.9 144.8 144.6 145.8 145.4 145 145.5 146.5 146.3 147.4
