Assets/StreamingAssets/GeoData/Data/nj/NJ63.asc
ncols 200
nrows 200
xllcorner 360000
yllcorner 830000
cellsize 50
[rows 105 to 139 of 200, columns 0 to 77 of 200]
217.5 219.1 221.4 223.6 226 227.3 227.7 227 226 224.8 223 220.7 217.9 215 213 214.4 215.4 215.7 216.3 216.5 215.9 215.3 214.7 213.7 212.1 210.3 208.7 207.2 205.7 204 202.1 198.8 192.3 190.3 193.9 198 200.3 200.8 200.4 198.7 196.4 193.4 189.1 187.8 188.7 191 192.8 193.8 193.3 188.3 193.4 199.6 204.8 210 214 217.6 219.2 219.1 217.8 215.6 212.8 209.8 206.7 202.7 198.8 195.1 192.2 188.9 185.6 182.1 177.6 170.9 169.1 168.1 167.3 166.5 165.7 164.9
223.6 226.4 228.2 230.5 232.7 233.7 234 232 230.6 229.1 226.8 224.2 221.6 218.8 217.6 218.7 220.2 220.5 220.6 220.2 219.6 219 218.3 216.7 215 213.2 211.3 209.8 207.9 206 203.4 200.3 198.9 192 189.5 188.6 189.3 190.7 188.7 190.6 188.1 186.6 186 185.1 184.3 184.1 184.4 184.8 187.6 184.9 188.4 195.2 201.4 206.1 210 213.5 214.8 214.8 214.4 212.7 210.6 207 204.2 199.8 195.1 191.4 188.2 185.6 182 176.2 171.5 169 168.3 167.8 167.1 167.2 179.7 177.2
229.5 233.7 236.9 238.9 240.8 242.1 241.3 238.4 234.9 232.5 229.8 226.9 224.7 222.7 222.1 224.2 225.4 225.6 225.4 224.6 224.1 223.3 222.5 220.3 218 216 214.1 212 209.3 206.7 202.8 198.9 195.1 198 196 190.7 188.3 187.5 188.5 188.3 187.2 186 186.1 185.3 184.1 183.6 183 182.5 182.2 181 182.2 188.7 196.6 201.8 205.2 208.1 209.6 210.1 209.5 207.8 205.6 201.8 198.5 194 189.6 186.1 183.1 179.4 173.4 169.9 169.1 168.5 167.7 176.4 184.7 187.5 186.5 184.2
235.3 241 245.1 248.1 250.2 251.5 248.4 244.7 239.6 236.2 233.1 230.5 229.1 227.6 226.4 229.9 230.5 230.5 230 229.2 228.4 228.1 227.2 224.4 221.4 218.6 215.6 211.6 209.3 205.5 201.1 198.1 198.2 200.6 201 199.9 200 200.2 200.4 198.2 196.8 194.8 192.6 191.2 189.3 187.7 186.6 186.4 182.3 181.9 179.9 179.8 184 192.4 197.6 200 201.1 201.2 200.6 198.9 195.9 192.8 189.9 185 180.4 175.7 171.8 170.5 169.8 169.7 169 168.4 184.2 193.6 195.4 195 193.2 190.9
239.2 247.5 252.4 255.5 257.2 256.4 253.8 249.6 244.8 240.6 237.8 235.9 234.7 233.2 233.1 234.8 235.1 234.4 234.3 234.3 233.6 232.6 230.6 227.1 222.6 218.1 213.8 212.1 209.7 206.7 206.1 206.9 206.4 206 206 205.9 205 203.2 202.8 203.2 202.6 201.5 199.9 197 195.5 193.7 192.5 191.6 189.7 187.1 184.5 181.7 179.7 178.1 185.4 187.8 189.5 189.7 188.4 186.6 183.9 180.7 173.6 172.9 172.7 171.8 172.4 171.1 171.5 172.4 177.2 184 198.3 200.5 202.1 202.3 201.6 197.4
240.2 251.5 256.7 259.5 260.9 259.8 257.5 253.5 250.4 246.4 243.7 241.7 240.4 239.2 237.9 238 238.6 239.1 239 239.2 238.4 236.1 233.4 229.1 226.4 224.5 221.3 216.9 213.4 211.9 211.4 211.5 210.7 210.2 210 209.4 208 207.1 206.5 206.4 205.3 203.7 202.4 201.7 201.6 198.7 197.4 196.1 193.7 191 188.6 186.2 184.5 181.1 177.7 176.8 176.8 176.3 175.6 175 174.2 173.7 173.3 172.4 174.5 175.6 178 179.1 181.5 188.3 195 201.5 204.4 206.7 207.9 207.9 207 205.2
246.6 253.2 259.5 262.4 263.3 262.6 261 258.7 255.5 252.7 250.1 248.3 246.2 244.4 243.2 243.3 244.5 245.6 245 244 242.7 240.5 236.4 234.9 234.9 232 227.8 221.6 218.5 217.3 216.3 215.8 215.1 214.4 214 212.8 211.8 210.9 210.1 209.6 208.1 207.4 206.7 206 204.9 203.5 202.2 200.9 197.2 194.8 192.5 190.7 190.1 188.5 186.7 185.3 183.6 183.1 184.7 185 183.1 182.5 181 183.8 183.1 184.1 188.1 191.6 200.6 205.2 208.3 209.7 211.9 213.7 214.6 214.6 213.9 213.1
255.6 252.8 261.8 264.6 265.9 266 265.1 263 261.1 259.6 257.2 255 253.2 251.2 250.1 250.1 251.1 251.5 250.5 249.2 247.3 244.8 243.1 242.7 241.5 238.4 234 228.4 225.8 223.7 222 220.5 219.3 218.4 217.6 216.3 215.7 214.9 214.2 213.3 212.5 211.9 211.5 210.3 208.7 206.8 204.9 202.8 201.1 199.5 197.3 195.4 195.1 195.6 194.2 194.2 193.4 193.1 193.7 193.7 193.3 192.3 190 192.6 191.7 193.5 200.9 208.3 214.9 219.7 223.1 224.1 226.1 226 225.6 225.3 223.8 222.8
261.2 257.4 263.7 267.6 269.8 270.6 269.4 268.3 268 267.4 265.7 264.3 261.9 259.3 257.7 257.1 257.4 257.3 256.2 254.5 252.3 250.7 249.4 248.4 246.7 244.4 240.8 237 234.3 232 229.2 227.7 225.6 223.5 222.3 221.8 221.3 220.7 220.3 219.8 218.8 218 217 215 212.7 210.4 208.3 206.3 204.3 202.7 201.3 200.9 201.4 201.5 201.9 201 200.1 200.6 201.2 201.3 201 201.2 200.4 201.7 202.1 206.3 216.1 224.1 230.9 236.2 239.3 241.4 244 243.1 240.1 238.3 238.6 237
266.8 265.1 267.7 271.6 273.5 274.3 274.5 274.6 275.3 275.2 274.5 273.5 271.4 268.9 266.1 264.6 264.7 263.2 262.1 260.6 258.7 256.9 255.8 254.2 252.6 250.8 248.5 246.1 243.5 240.9 237.2 235 232.8 231.3 230 229.9 229.4 229.3 228.5 226.9 226.2 224.5 222.9 220.5 217.5 214.7 212.6 210.4 208.6 207.1 206.1 205.2 205.1 205.4 205.2 205.7 205.8 206.2 207.1 207.7 208.1 205.7 204.9 211.1 217.1 223.7 231.9 240.8 249 254.3 257.6 259.7 261.9 261.2 258.8 256.3 253.9 247.3
274.1 273.4 272.5 276 278 279 280.1 281.9 283 283.8 283.9 283.3 282 278.8 275.8 273.9 272.8 270.7 269.2 268.3 266.7 265 263.9 262.5 260.8 259.2 257.6 256 254.1 250.9 248.1 245.4 243.1 241.9 240.8 240.4 239.3 238.8 237.6 235.3 233.3 231.4 228.5 225.8 222.4 219.4 217.5 215.5 213.8 212.2 210.8 209.9 209.6 209.5 209.8 210.5 211.2 212.3 212.9 214.2 214.6 214 214.4 223.4 231.5 240.1 248.6 258.8 267.2 272.4 275.7 277.7 278.9 278.5 276.6 271.3 265.6 256.4
279.3 279.3 278.3 281.8 283.7 285.8 287.8 290 291.7 293.7 294.5 293.9 291.8 288.9 286 283.6 281.6 279.1 278 277.4 276.1 274.5 273.8 272.6 270.7 269.5 268.3 267.1 264.5 262.1 259.8 257 254.5 254.1 253.9 252.4 251.3 248.6 246.5 243.3 240.5 237.7 234.6 230.7 227.1 224.9 222.5 220.6 218.9 217.3 215.6 214.7 214.5 214.6 215.1 215.9 217 218 219.4 220.5 220.8 220.4 226.3 236 246.5 259 269.6 278.6 285.2 289.8 294.4 297.7 299.1 298.2 290.8 283.2 273.1 263.1
284.4 285.8 286.1 289 291.1 293.4 297.2 300 302.6 304.1 305.4 304.9 302.5 299.5 297.5 294.7 292.6 290.3 289 288.5 286.7 285.7 285.3 284.9 283.7 282.2 281.3 279.2 277.5 275.4 273.1 270 269.1 268.3 266.5 265.3 262.7 259.5 255.2 251.6 247.8 244.9 241.8 238 233.6 231.3 228.5 226.8 224.9 223 221 220.1 220.1 220.4 221.2 222.4 223.4 224.2 225.5 230.4 232 232.5 240.9 250.7 261.8 278 289.4 298 302.8 309.1 314 315.2 313 307 299.7 289.5 279.6 268
288.5 291.1 293 296.2 299.2 303.6 307.9 312.5 316.2 318 318.4 316.4 314.6 312 310.1 307 304.5 302 300.2 299.1 297.6 297.6 298 298.3 298.3 296.9 294.6 294.4 292.1 289.4 287.7 287.1 286.1 285 283.3 280.3 276.7 273.2 268.5 261.6 257.5 253.2 249.3 245.6 242 238.6 235.7 233 231.1 229.1 227.5 226.6 226.6 227.2 229.1 230.7 233.9 235.8 240.2 244.4 245.3 244.1 254.6 264 278.1 293.3 303 310.8 319.2 322.9 326.2 325.1 320 313.7 304.8 292.6 281.5 270
292.5 295.5 299.9 304 308.2 313.5 317.5 323.1 326.4 328.2 328.1 327.7 327.1 326.3 323.7 320.4 317.7 314.5 312.3 310.9 310.2 310.2 311.5 313.4 313.4 312.6 313 312.2 310 306.8 307.5 307.5 306.1 303.2 299.8 295.6 291.4 287.4 282.5 276.9 270 264.1 258 253.5 248.8 245.7 242.7 239.6 237.3 235.2 233.9 234 234.1 235.4 239.1 242.1 244.8 247.5 251.4 255.3 258.7 259.2 267.3 276.4 292.4 303.3 310.2 317.2 323.2 325.7 328.4 326.5 320.9 314 306.4 293.9 281.3 272.1
298.6 302.2 306.4 310.3 315.8 321.2 327.1 331.7 336.1 338.6 340.6 341.3 342 341.2 339.4 336.9 333.5 329 326.4 323.5 322.5 324.2 327.2 328.1 329.3 329.4 329.7 330.6 329.6 329 327.8 326.4 322.9 319.8 315.9 311.7 306.4 301.6 296.1 289.3 282.1 275.5 268 261.5 256.2 252.5 249.4 246.7 243.8 241.7 240.8 241.9 243.7 246.1 248.5 251.5 253.6 256.9 260.6 266.6 270.7 273.4 280 291.5 301.3 307.8 312.1 317.1 321.8 324.6 326.2 325.4 317.9 312.2 303.6 293.4 282.1 272.7
306.5 310.5 313.8 317.7 322.9 328.4 335.3 343.3 347.6 351.9 355.2 354.9 356 355.5 354.2 353.9 353.5 350.5 339.7 337.4 337.4 339.1 343.2 346.1 346.5 346.9 347.4 346.8 347 347.1 345.1 341.5 337.5 333.8 329.7 325 320.7 315 314.4 299.7 292.8 284.2 276.6 270.1 264.2 259.1 256.1 253.6 251 248.7 248.6 250 252.8 255 257.4 260 262.1 265.1 269.8 275.4 280.4 285.6 293.5 300.5 306.4 309.2 311.9 315.4 318.4 320.7 320.4 318.7 313.7 308.4 301 292.9 281.6 273.6
316.8 319.9 323.5 326.6 330.1 336 341.3 353.1 357.2 362.5 368 369.1 372.5 371.4 369.7 368.1 362.8 351.5 353.4 353.5 353.8 356.2 360 362.5 363.3 362.1 361.3 361.6 362 360.5 358.3 355.6 351.7 347.9 342 341.4 332.2 321.4 320 311 302.9 293.4 285.6 277.6 270.7 265.1 261.9 259.1 256 255.4 256 257.4 260.4 263 264.4 265.7 267 270.2 274.9 280.2 287.1 295.5 303.3 307 307.7 308.2 308.6 311.1 313.6 315.3 315.9 313 308.4 303.4 299.2 290.6 281.1 272.5
323.4 330.2 332.7 339.5 342.5 343.3 349.4 357.8 365.7 372.6 380.5 384.8 386 384.3 385.6 383.6 376.5 374.6 371.3 369.9 370.2 373.4 375.7 377.2 376.8 376.9 376.4 376.6 377.4 375.4 372.7 367.1 364 359 351.1 346.2 341.3 331.1 326 317.4 309.1 300.7 290.7 282.2 275.6 270.1 265.9 262.6 259.7 260.5 261 262.3 264.7 266.4 267.3 268.3 269.2 270.9 276.5 281.8 290.3 300.7 308.5 307.5 304.8 303.6 302.8 303.5 304.9 306.7 305.3 302.8 300.2 296.6 292.4 288.7 280.2 271.8
338.6 341.7 343.5 350.1 349.8 354.8 368.6 376.9 380.4 382.5 386.9 388.3 406.7 404.6 400.4 399.4 394.9 394 385.9 384.6 384.7 387.7 388.5 389.3 392.1 396 398.4 393.4 390.4 385.4 381.7 377.7 372 366 358.9 352.1 345.7 339 330.4 322.2 312.3 302.7 293.8 284.3 277.6 272.1 268.7 265.7 263.1 263.4 264.2 264.7 265.6 266.6 266.8 266.4 265.9 269.3 273.7 280.3 290 298 301.5 299.3 296.7 293.3 291.9 292.9 295.9 298 296.2 293.4 290.9 288.6 285.6 281.6 275.5 268.6
349.7 356.5 351.1 357.2 353.9 362.3 367.7 357.3 373.2 387.1 397 407 411.7 409.2 413.9 417.3 418.9 414.7 406.1 400.6 399 399.4 406.9 409 410.9 400.7 399.2 394.7 393.6 390.2 385.7 381.3 375.3 368.9 361.2 352.7 346 339.2 329.4 323.2 312.7 302.2 292.5 283.9 276.6 271.6 268.9 266.8 265.1 265.3 265.3 264.5 264.7 264.5 263.6 261.9 261.9 263.2 265.8 277.4 286.2 291.6 289.8 287.3 284.5 281.2 282.4 284.6 287.4 288.6 288.1 285.4 283.2 281.1 277.5 272.7 265.8 260
359 354.8 361.2 361.8 355 363.1 372.5 379.1 386.2 394 402.3 409.4 416.3 427.4 430.5 428.6 419.5 421.4 421.2 417 415.7 419.4 410.1 411.5 416.8 413.3 409.9 403.6 396.4 391 388.2 380.1 374.3 367.7 359.7 350.5 343.5 336.1 327 319.1 308.9 298.5 288.8 279.7 273.2 268.2 266.3 264.7 264.3 265.2 264.4 262.2 260.1 258.8 257 254.8 254.5 255 262.9 272.8 276.3 278.3 278.7 276.2 274.5 271.6 271.9 273.9 276.7 279.7 279.5 278.6 276.5 273.1 268.5 263.1 257.6 251
367.6 368.3 370.3 372.7 375.4 378.9 384.1 388.8 394.6 400 407.8 416.4 427.2 430.1 437.1 443 441.6 438.6 436.4 434.3 431.1 428.5 426.6 425.7 423 418.5 412.8 406.3 399.1 391.4 384.7 376.5 371.1 362.1 354.3 345.6 338.1 326 328 317.2 302.2 292 282.5 274 265.5 260.4 258.7 259.2 260.1 261.7 259.5 256.2 253.1 250.2 247.2 245.5 245 248.7 258 263.7 267.5 267.8 267.1 266.3 265.5 262.6 261.9 262.9 266.5 268.1 268.7 268 266.4 265 261.1 255.7 250.3 244
377.8 379.4 381.5 385.7 389.8 396.3 399.4 404.1 409.5 414.8 422.6 431.3 440.2 447.4 452.5 453.7 452.2 450.3 447.2 444.7 441 435.5 431.7 427.6 425.8 418.8 412.6 406.5 399.4 391.1 381.7 370.7 363.9 355.1 348.3 340 329.8 330.9 321.7 305.9 295.1 284.4 274.9 264.6 256.3 251 249.2 250.7 253.2 253.9 252 249 244.1 240 237.2 236.3 235.9 239.2 248.1 254.4 256.5 254.9 254.7 254.3 254.6 253.5 251.8 252.8 254.9 256.6 257.8 258.3 258.1 256 250.5 245.5 242.5 236.1
387.6 390.4 393.8 400.5 406.2 409.5 412.3 417.5 422.4 428.3 434.3 443 449.1 454.6 457.8 458.2 458.4 457 453 449.1 443.7 436.8 431.4 426.9 422.4 416.3 409.8 404 398.4 389 377.6 366.5 358.1 349.2 340.6 336.6 333 318.9 307.2 297.4 286.6 274.3 263.5 254.3 247.1 242.9 241.9 243.2 245.8 246.7 245.1 241.2 235.2 232.1 228.8 226.6 225.1 233.5 238.7 242.2 241.6 242.7 242.9 241.6 242 243.3 241.6 242.2 244.5 247 249.1 249.4 248.1 245.3 242.1 238.3 233.6 228.6
400.8 405 411.6 416 423.2 426.6 428.9 432.3 435.3 439.5 446.4 452.4 456.4 459 460.2 460.6 460.4 459.1 455.7 448.4 442 436.5 429.6 422 416.2 411.1 403.9 399.5 393.5 384.3 375.2 364.3 355 344.1 336.7 322.5 318.1 307.8 297.1 287.8 276.2 265.5 254.7 246.6 240.5 235.7 235.3 236.9 239.9 240.6 239.1 235.7 230.9 225 220.7 218.8 217.2 225.6 230.6 231.7 230.1 230.1 231.5 231.2 230 232.2 232.5 232.3 234.3 238.5 241.7 241.4 239.8 239.3 237 233.4 227.3 220.1
412.9 418.2 424.9 431 437.9 441.8 443 445 447.7 452.2 454 455.9 458 460 460.6 461.2 460.2 458.3 453.8 447.1 439.7 431.8 423 413.9 411.8 400.5 396.4 391.4 388.9 380.9 371.6 360.2 347.4 344.1 329.1 315.2 305.8 296.7 285.8 278.3 267.1 257.1 247.1 240.6 235.2 230.9 230.3 232.2 234.5 236 234.1 231.7 227.9 222.7 214.7 210 210.9 216.3 221.2 221.5 220.1 219.9 219.2 220.7 221.2 222.1 222.3 223.6 226.4 229.3 232.1 232 231.8 232.5 234 227.7 219.8 212.9
423.2 432.9 435.8 442.3 446.3 450.6 453.4 454.4 456.4 456.8 457.1 457 457.5 458.4 459.9 459.1 457 454.1 448.2 441.7 435.4 427 418.5 409 399.6 390.6 385.1 383.7 377.1 371 361.7 350 336.7 323.5 312 301.9 291.3 282.2 273.8 264.5 257.5 249.7 241.2 235.8 230.9 226.8 226.1 228.1 230.8 231.7 230 227.2 223.4 218.7 212.7 206.2 203.3 208 210.6 212.2 211.8 211.3 211.3 211.5 211.7 212.6 213.6 215 218.5 221.7 224.2 224.5 224.1 224.1 225.3 220 211.5 206.2
439.2 439.6 448.2 452.8 458.4 463.2 462.4 462 461.3 459.7 458.8 457.5 456.2 455.8 454.9 452.6 450 445.5 440.2 434.1 427.7 419.2 411.4 401.4 391.3 381.6 374.7 371.1 364.3 357.5 345.9 334.7 322 310.9 299.8 288.6 279.2 269.9 261.6 256 250.2 243.3 236.7 231.7 227.2 223.6 222.4 224.5 226.8 226.5 224 222.3 219.1 214.5 209.8 203.8 200.2 202.1 204.3 204.3 203.8 204 204.6 205.1 205 205.1 206.5 208.1 210.6 214.1 217.7 218 217.5 215.7 212.7 209.7 204.2 199.6
438 450.4 454.1 460.5 463.7 463.3 465.9 465 463.2 460.9 457.5 459.1 455.2 451.8 448.1 444.4 440.6 434.5 429.9 425.2 416.6 409.2 400.2 390.5 380.5 370.9 363.4 356.9 347.5 337.3 328.5 318.9 308.9 298.7 288.5 278.4 269 262 255.7 250 244.5 237.8 232.5 227.8 224 220.5 218.5 220.9 221.5 219.3 217.5 215.7 213.2 209.3 204.9 200.5 197.4 196.9 198.8 199 198.7 198.5 198.6 199.3 199.4 199.7 200.4 201.9 204.7 207.7 211.2 212.9 213 209.4 205.9 201.7 197.4 193.9
449.7 453.4 457.6 462 463.8 465.6 465.8 465 464 461.6 457.6 454.9 451.5 444.7 438.5 433.4 428.6 424.6 418.1 411.5 403.1 396 388.2 378.3 368.7 358.3 346.4 336.2 328.2 320.2 313.4 305.9 298.6 288.5 278.5 269.5 261.8 255.7 250.1 244.5 238.9 233.7 228.5 224.1 220.7 217.3 215.6 216.9 217.4 215.1 213 210.7 208.9 204.5 201.8 197.9 194.6 194.1 193.6 194 194.2 194.3 194.5 194.6 194.3 194.6 194.7 196.3 198.6 201.5 204.3 207 208.6 204.6 200.1 196.2 192.9 189.9
449.6 450.5 454.9 450.9 462.1 462.1 463.5 463 461.6 457.3 450 443.3 436.4 429.4 423.1 419.7 414.3 408.6 403 395 387.9 381.4 373.8 364.3 353.4 340.6 328 318.9 312.1 306 299.6 294 287.9 279.7 272.4 263.6 256.4 250.8 245.2 239.6 234.2 229.5 224.7 220.9 217.4 214.6 213.3 213.1 213.3 210.9 208.6 206 202.5 199.9 198.1 196.1 193.3 191 189.6 189.9 190.1 190.2 190.3 190.3 190.9 189.9 189.2 190.6 192.4 195.3 198.3 200.7 202 199.4 195.8 192.3 189.5 186.6
443.6 444.7 446.4 451.1 449.1 451.2 452.3 452.7 450.4 446 439.4 430.8 420.8 412.7 408.1 403.1 397.8 391.5 385.3 376.4 369.4 363.6 356.6 346.3 335.1 324.1 314.7 307.5 301.4 295.9 289.9 284.4 279.3 273.5 266.1 257.9 251.5 245.8 240.5 235.4 230.3 225.5 221.6 217.9 215 211.3 210.5 209.3 208.8 207.1 204.2 201.1 197.7 195.4 193.6 193.1 191.6 188.9 186 186 186.1 186.1 186.1 186.1 186.8 185.7 183.8 185.1 186.9 189.5 191.9 194.4 197.2 196.1 192.5 189.1 186.4 183.8
431.1 430.6 431 431.7 434 435.5 437.3 437.6 435.6 430 422 413.7 403.9 395.9 389.8 383.7 377.4 371.3 365.5 357.9 351.8 345.5 338.5 329.8 321.6 313.7 306.1 300.3 294.4 287.1 282.3 276.4 271 265.6 259 252.5 246.9 241.4 236.4 231.4 226.7 222.6 219 215.5 212.3 209.9 207.4 206 204.5 202.4 199.6 197.2 194.5 191.3 189.2 188.3 186.9 185.4 184.1 181.7 181.5 181.5 181.2 181.3 180.9 180.4 178.4 179.7 181.1 183.3 185.6 189.1 193 192.3 190.1 186.8 183.9 181.3
418.1 414.5 414.3 413.2 414.9 416.6 417.8 419.5 415.7 412.8 407.2 396.3 387.4 379.8 372.5 366.4 360.3 356.1 350.7 345 338.8 332.5 325.5 319.9 313.8 307.3 300.9 295.1 288 281.1 273.7 268 263.9 259.5 254 247.9 242.7 237.7 232.7 228.3 224 220.2 216.8 214.3 211.4 209.1 206.6 204 201.3 198.7 196.5 194.1 192.7 192.4 191.4 190.9 190.2 188.7 187 185.6 183.4 181.5 180.4 178.1 175.7 174.2 173.3 172.6 173.2 174.9 178.9 181.9 186.1 187.2 186.8 183.7 181.1 179.4
