Assets/StreamingAssets/GeoData/Data/nj/NJ86.asc
ncols 200
nrows 200
xllcorner 380000
yllcorner 860000
cellsize 50
[rows 74 to 110 of 200, columns 82 to 163 of 200]
-1.4 -1.4 -1.4 -1.4 -1.4 -1.4 -1.4 -1.4 -1.4 -1.4 -1.4 -1.4 -1.4 -1.4 -1.4 -1.4 -1.4 -1.4 -1.4 -1.4 -1.4 -1.4 -1.4 -1.4 -1.4 -1.4 -1.4 -1.4 -1.4 -1.4 -1.4 -1.4 -1.4 -1.4 -1.4 -1.4 -1.4 -1.4 -1.4 -1.4 -1.4 -1.4 -1.4 -1.4 -1.4 -1.4 -1.4 -1.4 -1.4 -1.4 -1.4 -1.4 -1.4 -1.4 -1.4 -1.4 -1.4 -1.4 -1.4 -1.4 -1.4 -1.4 -1.4 -1.4 -1.4 -1.4 -1.4 -1.4 -1.4 -1.4 -1.4 -1.4 -1.4 -1.4 -1.4 -1.4 -1.4 -1.4 -1.4 -1.4 -1.4 -1.4
-1.4 -1.4 -1.4 -1.4 -1.4 -1.4 -1.4 -1.4 -1.4 -1.4 -1.4 -1.4 -1.4 -1.4 -1.4 -1.4 -1.4 -1.4 -1.4 -1.4 -1.4 -1.4 -1.4 -1.4 -1.4 -1.4 -1.4 -1.4 -1.4 -1.4 -1.4 -1.4 -1.4 -1.4 -1.4 -1.4 -1.4 -1.4 -1.4 -1.4 -1.4 -1.4 -1.4 -1.4 -1.4 -1.4 -1.4 -1.4 -1.4 -1.4 -1.4 -1.4 -1.4 -1.4 -1.4 -1.4 -1.4 -1.4 -1.4 -1.4 -1.4 -1.4 -1.4 -1.4 -1.4 -1.4 -1.4 -1.4 -1.4 -1.4 -1.4 -1.4 -1.4 -1.4 -1.4 -1.4 -1.4 -1.4 -1.4 -1.4 -1.4 -1.4
-1.4 -1.4 -1.4 -1.4 -1.4 -1.4 -1.4 -1.4 -1.4 -1.4 -1.4 -1.4 -1.4 -1.4 -1.4 -1.4 -1.4 -1.4 -1.4 -1.4 -1.4 -1.4 -1.4 -1.4 -1.4 -1.4 -1.4 -1.4 -1.4 -1.4 -1.4 -1.4 -1.4 -1.4 -1.4 -1.4 -1.4 -1.4 -1.4 -1.4 -1.4 -1.4 -1.4 -1.4 -1.4 -1.4 -1.4 -1.4 -1.4 -1.4 -1.4 -1.4 -1.4 -1.4 -1.4 -1.4 -1.4 -1.4 -1.4 -1.4 -1.4 -1.4 -1.4 -1.4 -1.4 -1.4 -1.4 -1.4 -1.4 -1.4 -1.4 -1.4 -1.4 -1.4 -1.4 -1.4 -1.4 -1.4 -1.4 -1.4 -1.4 -1.4
-1.4 -1.4 -1.4 -1.4 -1.4 -1.4 -1.4 -1.4 -1.4 -1.4 -1.4 -1.4 -1.4 -1.4 -1.4 -1.4 -1.4 -1.4 -1.4 -1.4 -1.4 -1.4 -1.4 -1.4 -1.4 -1.4 -1.4 -1.4 -1.4 -1.4 -1.4 -1.4 -1.4 -1.4 -1.4 -1.4 -1.4 -1.4 -1.4 -1.4 -1.4 -1.4 -1.4 -1.4 -1.4 -1.4 -1.4 -1.4 -1.4 -1.4 -1.4 -1.4 -1.4 -1.4 -1.4 -1.4 -1.4 -1.4 -1.4 -1.4 -1.4 -1.4 -1.4 -1.4 -1.4 -1.4 -1.4 -1.4 -1.4 -1.4 -1.4 -1.4 -1.4 -1.4 -1.4 -1.4 -1.4 -1.4 -1.4 -1.4 -1.4 -1.4
-1.4 -1.4 -1.4 -1.4 -1.4 -1.4 -1.4 -1.4 -1.4 -1.4 -1.4 -1.4 -1.4 -1.4 -1.4 -1.4 -1.4 -1.4 -1.4 -1.4 -1.4 -1.4 -1.4 -1.4 -1.4 -1.4 -1.4 -1.4 -1.4 -1.4 -1.4 -1.4 -1.4 -1.4 -1.4 -1.4 -1.4 -1.4 -1.4 -1.4 -1.4 -1.4 -1.4 -1.4 -1.4 -1.4 -1.4 -1.4 -1.4 -1.4 -1.4 -1.4 -1.4 -1.4 -1.4 -1.4 -1.4 -1.4 -1.4 -1.4 -1.4 -1.4 -1.4 -1.4 -1.4 -1.4 -1.4 -1.4 -1.4 -1.4 -1.4 -1.4 -1.4 -1.4 -1.4 -1.4 -1.4 -1.4 -1.4 -1.4 -1.4 -1.4
-1.4 -1.4 -1.4 -1.4 -1.4 -1.4 -1.4 -1.4 -1.4 -1.4 -1.4 -1.4 -1.4 -1.4 -1.4 -1.4 -1.4 -1.4 -1.4 -1.4 -1.4 -1.4 -1.4 -1.4 -1.4 -1.4 -1.4 -1.4 -1.4 -1.4 -1.4 -1.4 -1.4 -1.4 -1.4 -1.4 -1.4 -1.4 -1.4 -1.4 -1.4 -1.4 -1.4 -1.4 -1.4 -1.4 -1.4 -1.4 -1.4 -1.4 -1.4 -1.4 -1.4 -1.4 -1.4 -1.4 -1.4 -1.4 -1.4 -1.4 -1.4 -1.4 -1.4 -1.4 -1.4 -1.4 -1.4 -1.4 -1.4 -1.4 -1.4 -1.4 -1.4 -1.4 -1.4 -1.4 -1.4 -1.4 -1.4 -1.4 -1.4 -1.4
-1.4 -1.4 -1.4 -1.4 -1.4 -1.4 -1.4 -1.4 -1.4 -1.4 -1.4 -1.4 -1.4 -1.4 -1.4 -1.4 -1.4 -1.4 -1.4 -1.4 -1.4 -1.4 -1.4 -1.4 -1.4 -1.4 -1.4 -1.4 -1.4 -1.4 -1.4 -1.4 -1.4 -1.4 -1.4 -1.4 -1.4 -1.4 -1.4 -1.4 -1.4 -1.4 -1.4 -1.4 -1.4 -1.4 -1.4 -1.4 -1.4 -1.4 -1.4 -1.4 -1.4 -1.4 -1.4 -1.4 -1.4 -1.4 -1.4 -1.4 -1.4 -1.4 -1.4 -1.4 -1.4 -1.4 -1.4 -1.4 -1.4 -1.4 -1.4 -1.4 -1.4 -1.4 -1.4 -1.4 -1.4 -1.4 -1.4 -1.4 -1.4 -1.4
-1.4 -1.4 -1.4 -1.4 -1.4 -1.4 -1.4 -1.4 -1.4 -1.4 -1.4 -1.4 -1.4 -1.4 -1.4 -1.4 -1.4 -1.4 -1.4 -1.4 -1.4 -1.4 -1.4 -1.4 -1.4 -1.4 -1.4 -1.4 -1.4 -1.4 -1.4 -1.4 -1.4 -1.4 -1.4 -1.4 -1.4 -1.4 -1.4 -1.4 -1.4 -1.4 -1.4 -1.4 -1.4 -1.4 -1.4 -1.4 -1.4 -1.4 -1.4 -1.4 -1.4 -1.4 -1.4 -1.4 -1.4 -1.4 -1.4 -1.4 -1.4 -1.4 -1.4 -1.4 -1.4 -1.4 -1.4 -1.4 -1.4 -1.4 -1.4 -1.4 -1.4 -1.4 -1.4 -1.4 -1.4 -1.4 -1.4 -1.4 -1.4 -1.4
-1.4 -1.4 -1.4 -1.4 -1.4 -1.4 -1.4 -1.4 -1.4 -1.4 -1.4 -1.4 -1.4 -1.4 -1.4 -1.4 -1.4 -1.4 -1.4 -1.4 -1.4 -1.4 6.5 3.1 8.1 54.1 2.2 -1.4 -1.4 -1.4 -1.4 -1.4 -1.4 -1.4 -1.4 -1.4 -1.4 -1.4 -1.4 -1.4 -1.4 -1.4 -1.4 -1.4 -1.4 -1.4 -1.4 -1.4 -1.4 -1.4 -1.4 -1.4 -1.4 -1.4 -1.4 -1.4 -1.4 -1.4 -1.4 -1.4 -1.4 -1.4 -1.4 -1.4 -1.4 -1.4 -1.4 -1.4 -1.4 -1.4 -1.4 -1.4 -1.4 -1.4 -1.4 -1.4 -1.4 -1.4 -1.4 -1.4 -1.4 -1.4
1.3 0.7 -0.8 -1.4 -1.4 -1.4 -1.4 -1.4 -1.4 -1.4 -1.4 -1.4 -1.4 -1.4 -1.4 -1.4 -1.4 -1.4 0.4 1 44.6 89 101.3 108.7 115.6 119.4 77.9 1.5 -1.4 -1.4 -1.4 -1.4 -1.4 -1.4 -1.4 -1.4 -1.4 -1.4 -1.4 -1.4 -1.4 -1.4 -1.4 -1.4 -1.4 -1.4 -1.4 -1.4 -1.4 -1.4 -1.4 -1.4 -1.4 -1.4 -1.4 -1.4 -1.4 -1.4 -1.4 -1.4 -1.4 -1.4 -1.4 -1.4 -1.4 -1.4 -1.4 -1.4 -1.4 -1.4 -1.4 -1.4 -1.4 -1.4 -1.4 -1.4 -1.4 -1.4 -1.4 -1.4 -1.4 -1.4
15.2 28 0.8 -1.4 -1.4 -1.4 -1.4 -1.4 -1.4 -1.4 -1.4 -1.4 -1.4 -1.4 -0.8 -1.4 0.1 1 20.4 38.3 71.1 94.3 104.1 110.7 114.9 119.8 117.8 74.2 34.6 23.1 11.7 52.5 -1.4 -1.4 -1.4 -1.4 -1.4 -1.4 -1.4 -1.4 -1.4 -1.4 -1.4 -1.4 -1.4 -1.4 -1.4 -1.4 -1.4 -1.4 -1.4 -1.4 -1.4 -1.4 -1.4 -1.4 -1.4 -1.4 -1.4 -1.4 -1.4 -1.4 -1.4 -1.4 -1.4 -1.4 -1.4 -1.4 -1.4 -1.4 -1.4 -1.4 -1.4 -1.4 -1.4 -1.4 -1.4 -1.4 -1.4 -1.4 -1.4 -1.4
27.1 34.3 26.3 1.2 -1.4 -1.4 -1.4 -1.4 -1.4 -1.4 -1.4 -1.4 -1.4 -1.4 0.9 12.1 14.7 43.4 87.8 92.1 94.9 99.4 105.1 107.1 111.1 116.4 114.1 97.3 102.4 81.3 99.3 96 80.9 -1.4 -1.4 -1.4 -1.4 -1.4 -1.4 -1.4 -1.4 -1.4 -1.4 -1.4 -1.4 -1.4 -1.4 -1.4 -1.4 -1.4 -1.4 -1.4 -1.4 -1.4 -1.4 -1.4 -1.4 -1.4 -1.4 -1.4 -1.4 -1.4 -1.4 -1.4 -1.4 -1.4 -1.4 -1.4 -1.4 -1.4 -1.4 -1.4 -1.4 -1.4 -1.4 -1.4 -1.4 -1.4 -1.4 -1.4 -1.4 -1.4
29.7 37.7 37.5 33.7 -1.4 -1.4 -1.4 -1.4 -1.4 -1.4 -1.4 -1.4 -1.4 0.9 35.1 80.3 93.1 97 95.5 96.6 98.2 102.9 108.9 112.9 115.3 110.3 111.8 113.9 114.2 109 111.6 101.7 87.1 75.9 -1.4 -1.4 -1.4 -1.4 -1.4 -1.4 -1.4 -1.4 -1.3 0.6 7.7 -1.4 -1.4 -1.4 -1.4 -1.4 -1.4 -1.4 -1.4 -1.4 -1.4 -1.4 -1.4 -1.4 -1.4 -1.4 -1.4 -1.4 -1.4 -1.4 -1.4 -1.4 -1.4 -1.4 -1.4 -1.4 -1.4 -1.4 -1.4 -1.4 -1.4 -1.4 -1.4 -1.4 -1.4 -1.4 -1.4 -1.4
32.2 37.2 36.6 27.4 0.8 -1.4 -1.4 -1.4 -1.4 -1.4 -1.4 -1.4 -0.1 16.8 64.6 85.7 98.1 103.1 102.5 101.9 102.8 105.2 110.8 115.5 119.2 121.6 120.9 123.1 124.7 121.6 113.7 105.5 101.3 97.6 80.6 -1.4 -1.4 -1.4 -1.4 -1.4 25.5 11 44.8 57.3 61.8 -1.4 -1.4 -1.4 -1.4 -1.4 -1.4 -1.4 -1.4 -1.4 -1.4 6.7 -1.4 -1.4 -1.4 -1.4 -1.4 -1.4 -1.4 -1.4 -1.4 -1.4 -1.4 -1.4 -1.4 -1.4 -1.4 -1.4 -1.4 -1.4 -1.4 -1.4 -1.4 -1.4 -1.4 -1.4 -1.4 -1.4
32.7 36.4 37.1 38.1 36.3 0.8 -1.4 -1.4 -1.4 -1.4 -1.4 -1.4 0.8 34.1 69.4 86.3 99.3 107.4 107.8 107.5 108.4 110.5 113.6 117.6 120.4 123.3 122.5 124.9 119.2 118.3 117.1 115.4 120.4 119.2 114.7 57.2 -1.4 -1.4 55.8 101.8 109.6 103.2 99.8 89 62.9 35.4 -1.4 -1.4 -1.4 -1.4 -1.4 -1.4 -1.4 -1.4 -1.4 -1.4 -1.4 -1.4 -1.4 -1.4 -1.4 -1.4 -1.4 -1.4 -1.4 -1.2 -1.4 -1.4 -1.4 -1.4 -1.4 -1.4 -1.4 -1.4 -1.4 -1.4 -1.4 -1.4 -1.4 -1.4 -1.4 -1.4
32.8 36.6 38.8 43.2 45.8 5.5 1.4 0.8 0.3 -1.4 -1.4 1.7 6.3 49.3 67.7 82 99 108.5 110.9 111.5 113.2 115.3 115.8 118.1 122 124.8 124 121.9 130 129.3 127.7 127.7 131.1 132.7 112.6 92.3 69.2 79.9 127.4 124.8 116.2 104.1 101.6 83.6 57.7 36.3 34.9 57.7 -1.4 -1.4 -1.4 -1.4 -1.4 -1.4 -1.4 -1.4 -1.4 -1.4 -1.4 -1.4 -1.4 -1.4 -1.4 -1.4 1.1 1.7 26.5 -1.4 -1.4 -1.4 -1.4 -1.4 -1.4 -1.4 -1.4 -1.4 -1.4 -1.4 -1.4 -1.4 -1.4 -1.4
36.6 40.7 43.3 48.2 51 50.2 20.2 7.6 6.7 6 7.2 5 29.6 43.5 60.6 78.8 95 105.2 109.6 112.2 113.3 112.7 114 117 121 124 123.7 127.8 129.6 133.4 135.6 136.5 139 139.7 138.3 135.9 104 122.4 132.4 127.6 111 98.2 87.6 67.1 48.7 34 47.2 63.5 66 83.5 16.6 -1.4 -1.4 -1.4 1.4 -1.4 -1.4 -1.4 -1.4 -1.4 -1.4 -1.4 -1.4 1.1 25.8 72 28.3 1.1 -1.4 -1.4 -1.4 -1.4 -1.4 -1.4 -1.4 -1.4 -1.4 -1.4 -1.4 -1.4 -1.4 -1.4
41 43.7 49.9 55.4 56.7 55.7 52.8 49.3 43.1 38.1 36.4 13.5 27.4 42 58.4 76.2 87.9 96.9 102.6 103.9 103.4 106.3 110 113.3 117.4 122.1 126.6 129 134 140.1 141.7 140.7 141.4 144 142.9 139.9 137.6 133.5 130.6 125.8 107.9 89.4 69.1 64 54.3 36.3 59.8 73.9 84.1 82.4 41.4 7.8 8.4 51.9 27.4 -1.4 -1.4 -1.4 -1.4 -1.4 -1.4 -0.5 0.5 31.5 73.6 104.2 87.5 3.6 8.7 -1.4 -1.4 -1.4 -1.4 -1.4 -1.4 -1.4 -1.4 -1.4 -1.4 -1.4 -1.4 -1.4
47.1 48.3 55.8 61.5 62.3 61.6 60 58 52.8 47.5 43.1 33.1 13.1 39.2 53.6 68.6 77.1 86.1 90 91.9 93.3 97 101.5 107 112.3 120.1 125.7 131.2 137.8 144.4 146.8 145.7 143.6 141.2 138.8 136.2 135.1 130.8 123.9 120.7 104.7 84.5 66.2 71.8 67.2 57.9 60.9 80.3 99.7 105.9 110.7 115.1 118.4 110 23.7 1.1 -0.1 -1.4 -1.4 -1.4 -0.1 1 3.6 38.6 85.2 104.4 100.1 96.9 46.4 28.2 9.6 -1.4 -1.4 -1.4 -1.4 -1.4 -1.4 -1.4 -1.4 -1.4 -1.4 -1.4
51.6 53 60.6 66.7 68.6 67.8 65.9 65.4 60.5 52.5 45.6 38.3 17 37.3 47.1 52.4 62.9 71.9 75 80.3 84.4 88.7 94.9 101.8 110.4 119.9 126.5 134.1 140.4 147.2 150 150.2 148.2 143.4 139.8 136.1 131.3 129.1 123.2 109.8 97.8 87.5 81.8 89.1 78 67.7 54.6 77.1 98.3 111.9 116.3 119.4 121.9 122.6 106 16.2 3.9 1.6 1.7 32.1 5.9 8.1 28.5 77.8 104.8 100.2 96.7 96 73.8 37.3 1.7 -1.4 -1.4 -1.4 -1.4 -1.4 -1.4 -1.4 -1.4 -1.4 -1.4 -1.4
56.9 57.3 64.2 70 73.3 72.6 71.4 69.3 63.9 58.1 52.2 41.6 14.4 42.4 53.4 60.7 68.7 69.8 77.3 84.5 87.1 90 94.2 100.1 107.9 117 126.3 135.9 141.6 147.4 151.4 154 152.9 147.9 144.1 138.4 133.2 128 125.8 119.6 110 87.9 91.8 99 90.7 76.1 68.8 75.7 97.9 111.9 119.2 122.3 125.2 126.4 126.6 119.4 94.5 112.3 43.4 61 29.6 58.7 85.9 104.1 100.2 96.1 93.7 94.5 75.2 34.3 1.4 -1.4 -1.4 -1.4 -1.4 -1.4 -1.4 -1.4 -1.4 -1.4 -1.4 -1.4
62.8 63.5 68.1 72.9 77.6 78.2 77.2 72.9 67.2 64 59.2 47.7 33.3 31.1 56.5 67.5 73.7 81.5 85 88.8 95 96.1 97.8 103.2 111.5 120.3 129.7 135.4 142.1 148.5 152.7 155.1 154.3 150.8 145.2 140.8 135.9 129.5 124.2 117.2 101.2 83.1 101.1 112.2 105 89.6 80.7 68.5 91.3 111.9 121.4 123.5 125.7 127.1 127.6 126.6 124.8 119.9 118 106.9 98.7 101.1 98.9 97 94 92 89.9 92.9 99.7 82.5 8 0.5 -1.4 -1.4 -1.4 -1.4 -1.4 -1.4 -1.4 -1.4 -1.4 -1.4
68.8 71.3 71.7 76.3 81.2 82.4 80.7 75.7 71.6 68 65 54.3 41.6 23.5 43.6 56.9 74.6 84 89.7 92.1 96.5 100.9 103.7 108.8 116.7 125.7 133 138.6 144.9 150.2 152.2 154.8 153.1 149.4 146.1 140.7 134.8 129.2 121.3 113.2 98.5 100.3 111.9 117.1 116.2 100.3 85.8 75.1 88.5 106.6 122.4 124.6 124.7 124.6 124.6 124 121.8 118.7 113.6 109.7 104.2 99.8 94.9 92.6 89.5 87.1 86.4 88.5 95.7 101.8 63.8 3.7 0.5 1.1 -1.4 -1.4 -1.4 -1.4 -1.4 -1.4 -1.4 -1.4
73.5 77.4 78.3 80.9 84.7 85.9 83.6 80.5 77 72.7 68.9 59.8 48.2 36 33 57 63.1 78.4 87.7 92.4 95.9 103 108.2 112.8 120.6 130.9 137.3 143.1 148.2 152.5 154.3 153.7 150.1 148.6 145.1 141.4 138.9 129.1 124.2 112.1 94.6 112.9 118.7 116.9 113.6 110.6 96.2 89.4 81.3 106.3 120.5 124.5 124 122.4 120.1 119.7 117 113.8 109.4 104.9 100.6 96.8 94.5 90.9 87 83.3 82.3 83.1 89.1 95.5 100.8 29.5 13.2 3.4 2.6 0.2 -1.4 -1.4 -1.4 -1.4 -1.4 -1.4
78.4 82.6 84.4 85.6 88.2 89.3 88.9 86.2 82.1 76.3 70.8 65.6 57.5 46.2 29 49.9 63.1 76.8 86.2 90.2 94.1 101.1 109.5 116.7 124.9 134.8 141.4 147 151.4 154.1 155.7 155.4 152.6 146.7 143.7 142.2 137.3 129 123.3 101.9 114.2 126.3 126.6 125.7 124.6 119.1 109.6 96.8 81.4 97.2 113.2 121.9 121.3 119.9 116.4 113.7 110.9 107.5 103.8 99.8 95.8 94.2 93.4 87.2 82.3 77.2 75.6 76.3 81.5 89.3 94.4 92 82 64.6 66.7 1.6 0.7 40.2 -1.4 -1.4 -1.4 -1.4
84.2 87.1 89 90.9 92.5 93.2 93.3 90.6 85.1 80.6 77.2 70.7 63.7 50.6 33.6 43.8 64.8 76.4 81.6 85.7 91.6 102.5 112.3 119.7 129 138.4 143.7 148.8 153 155.8 155.4 154.6 152.4 150.7 147.2 142.6 135.9 124.6 118.6 121.7 126.6 131.4 133.1 127.4 126.4 125.1 116 104.5 94.1 88 102 117.5 119.6 117.1 113.3 108.9 106.2 103.4 99.8 96.5 93.7 90.4 89.2 83.8 78.4 74 69.8 67.6 68.9 75 78.1 77.7 75.5 75.5 71.7 39.1 41.8 4.2 33.3 0.6 -1.4 -1.4
89.1 93.3 94.4 96.2 97.2 97 97.7 94.6 90.2 86.1 82.5 76.1 70.2 52.9 50.3 41.7 64.3 69.9 75.2 82 92.2 105.8 117 123.6 131.9 139 145.1 150.5 155.4 157 155.1 153.8 151.7 150.6 148.4 143.5 134.6 126.8 120.2 134.1 133.2 133.3 132.9 132.7 126 127.9 117.3 109.6 106.6 101.9 95.5 110.5 114.3 111.5 106.2 102.1 101.9 98.5 96.3 93.5 90.2 87.1 81.5 77.8 75.2 71.5 67.7 64.8 65 67.1 57.6 54.5 62 58 56.8 55.7 49.7 48.4 7 1.5 1.6 0.8
93.7 97.8 99.5 100.4 101 101.5 100.7 97.8 94 91.9 88.4 81.4 68.3 50.6 56.8 62.3 54.4 67.3 76.8 83.6 91.9 107.2 118.4 126.6 134.3 141.4 146.5 152 156.8 158.4 156.3 153 148.8 146.4 144.1 138.2 130 135.8 138 139.1 139.4 139.8 138.8 137.5 131.9 123.2 117.9 116.6 112.1 108.8 101.3 106.2 109.1 112.2 112.2 109.7 109.2 105.9 102 98 93.9 87.6 83.8 81.4 76.6 71.1 67 66 69.3 76.7 77.2 74.2 69 66.8 59.2 55.4 54.8 47 28.8 14.8 6.1 5.9
96.6 100.6 102 103 103.4 103.7 104.1 101.8 99.1 96.5 92.6 84.1 70.3 50.3 60.1 69 71.6 64.4 73.3 85.2 90.6 101.9 113.9 124.9 130.2 138 145.3 151.8 156.1 157.6 154.6 150.3 146 143.6 139.4 134.3 137.3 141.4 144.5 143.9 145.7 146.2 145.2 142.8 139 133.7 125.8 123.4 119.5 115.8 107.4 105.8 115.3 120.2 119.4 116.5 111.5 107.9 104.2 100.2 96.3 91.2 88.5 83.8 77.9 71.4 69.3 69.7 73.8 79.2 80.6 78.4 75.5 72.9 70.4 66.4 61.7 55.1 41.9 38.1 37.8 32.7
97.8 102.3 104.9 106.2 107.4 107.9 109.3 109.2 104.2 101.2 95.7 84.2 71.5 50.6 64 70.9 78.6 78.6 70.7 69.7 85.1 92 104 113.9 121.4 130.9 141.7 149.6 154.1 155.2 152.6 146.5 146.6 146.6 140.1 144 143.6 145.9 146.8 148.3 150.5 150.9 148.9 146.5 142.9 137.8 130 128.2 122.9 116.7 108.2 103.4 113.8 120.8 121.5 119.8 115.6 109.5 104.4 101.1 98.7 94.7 89.2 84.3 75.6 74.4 75.2 72.7 79.2 88.6 85.1 81.3 77.3 75.2 72 67.9 63.3 58.6 53.5 47.9 42.3 36.1
99.7 105.3 109.8 111.4 112.4 112.8 113.8 113.8 108.7 103.8 98 83.8 71.7 55.1 68.1 76 83 86.9 82.5 80.6 72.4 84.8 94.1 103.1 117 127.6 138.1 147.1 151.1 150.8 147 144.5 141.5 135.7 146.9 145.8 145.2 146.5 148.2 151.7 154 153.9 151.4 148 144.1 140.2 135.1 129 124.2 116 112.7 111.1 106.9 116.4 118.6 117.8 113.4 108.9 103.9 99.8 97.8 94.8 88.8 78.7 80.5 80.8 80.8 78.4 80.2 88.3 91.7 83.8 80.4 77.7 74 69.7 63.4 59.6 55.5 50.5 44.3 40
100.4 108.9 113.6 115.7 116.6 116.2 116.3 115.8 112.3 107.1 98.9 83.8 69.9 60.5 71.6 79.2 87.9 92.8 91.6 89.8 89.1 79.9 89.7 96.8 109.2 121.4 133 141.1 145.5 144.9 140.1 135.7 136.5 150.3 150.6 149.1 147.4 145.9 149.2 152.9 155.2 154.7 152.1 148.1 144.3 140.3 135.1 129.6 124.8 119.4 116.1 113.1 109.6 105.3 115.9 121 117.4 112.9 107.6 101.7 98.6 92.8 84.3 87.1 86.5 85.3 83.9 81.5 80.6 85.7 84.2 82.4 81.7 79.2 76 72.1 64.7 59.7 55.7 51 48.3 45.7
100.1 110.7 116.2 117.9 118.1 117.7 117.9 117.4 114.5 109.6 100.5 86.3 71.3 70.7 75.7 82.2 90.9 95.9 96.7 96.2 94.5 93.8 85.6 95.3 103.6 114.8 124.5 132.2 137.4 135 134.3 144.2 152.7 155.1 154.1 151.1 150.6 147.5 146.2 152.2 153.9 152.5 148.2 144.3 141.2 137.5 131.8 127.1 123.8 119 117.4 118.5 120 111.6 102.1 104.3 102.1 105 97.8 91.9 89.5 89.3 93.9 92.3 89.2 86.4 84.5 82.4 82.5 83 86.4 82.2 79.9 79.5 76.7 72.8 68.3 62.7 57.6 53.5 50.9 47.3
97.7 110.1 115.6 118.3 119.8 121.1 122.5 120 116.2 112.4 103.4 88.7 72.6 72.3 78.8 84.1 92.7 101.7 102.3 102.3 101.5 101 100.7 89 100.9 109.3 116.2 124.6 129 133.5 141.4 151.5 156.2 159.6 157.8 153.5 148.6 144.6 144.8 145.5 149.6 151.8 150.3 148.1 144.7 141.5 137.8 132.3 126.8 120.7 120.6 123.7 123 122.1 117.6 114.1 111.6 109.9 106.8 97.6 96.7 98.2 101.2 98.4 92 88.2 86.7 84.7 86.2 85.8 85.8 89.4 81.8 77.2 74.3 71.7 68.6 64.5 60.7 56.2 52.4 48
95.3 109.5 118.3 122.2 124.4 125.4 126.4 123.4 119.5 115.9 105.5 91 79.7 71.4 79.2 85.5 94.8 104.6 105.9 106.2 108.9 109 107.7 105.9 94.1 106.9 114.1 126.1 129.3 136 143.2 153.1 158.8 162.2 160.6 156.8 153.2 148.1 146.5 143.7 150.5 152.4 150.7 148.3 145.6 142.8 139.7 134.9 128 123.2 122.6 125.7 126.5 126.2 125.7 123.5 124.6 119.2 114.6 109.9 103 98.6 97.1 94.6 91.3 88.2 87.6 87.9 87.6 86.5 85.6 87.1 83.6 79.6 77.7 74.4 68.6 64.4 61.3 57.6 53.2 48.9
100 111.8 121.5 125.4 128.1 130.8 132 127.2 122.9 118.6 108.2 95.1 84 72.3 76.9 84.6 96 105.6 110.3 113.2 116.7 115.1 113.1 111.7 110.6 107.8 114 129.5 135.1 136.6 142.6 152.8 158.3 162 162.1 157.7 152.9 151.1 149.7 145.9 143.4 150.1 148.5 147.2 144.6 140.8 137.4 133.5 128.5 123.4 124.5 129.6 130.8 130 128.2 126.6 120.8 120.6 116.8 112.5 108.3 103.5 100.4 97.2 94.4 93.4 93.7 91.9 89.9 88.3 86.2 86.1 90.7 82.7 80.1 76.5 69.6 64.3 58.5 56.7 53.9 49.9
95.4 112.7 127.1 129.8 131.7 135 133.1 129.5 126.9 122.1 111.9 100.6 90.8 80.7 75.9 82.5 97.3 106.8 115.8 119.2 125 122.1 118.4 117.7 115.2 113.9 108.7 125.9 140.2 141.6 143.1 150.5 156 158.4 158.7 154.9 154.1 154.3 154.5 151.9 149.4 144.1 135.1 135.2 129.8 128.1 130.1 128 126.9 123.6 124.2 128 130.5 130.6 128.4 126 124.2 120.6 116.2 115.2 111.8 108.1 105.1 101.6 99.9 98.5 96.8 95.3 94.7 91.8 89.1 87.1 91.3 85.4 83.4 77.6 71.7 66.6 60.7 52.6 44.3 40
