Assets/StreamingAssets/GeoData/Data/nu/NU12.asc
ncols 200
nrows 200
xllcorner 410000
yllcorner 620000
cellsize 50
[rows 108 to 143 of 200, columns 0 to 80 of 200]
227.5 222.8 219.4 218.8 218.7 220.7 222.6 223.8 222.8 221.2 220.9 221.3 221.2 219.4 218.2 216.2 214 212.2 211.4 209.9 208.8 207.4 207 206.3 205.8 205.4 205.8 205.3 204.4 204.7 204.5 203.5 202.1 201.1 199.9 200 200.6 201.2 201.7 201.4 201.1 200.6 199.7 202.6 206.4 206.5 204 203.3 202.5 199.7 198.6 195.6 193 192.2 190 187 182.1 179.9 177.8 177.1 175.8 175.1 176.1 177.7 175.1 175.5 177.5 177.3 176.4 174.6 172.2 171 170.5 170.2 171.5 174.9 177.6 177.2 175.7 173.4 171.7
226.9 222.6 220.2 219.8 219.6 220.9 222.7 223.2 223.2 222 220.8 220.5 219.9 218.8 217.8 216.6 214.8 213.7 211.1 209.9 208.9 207.9 207.8 206.5 206.2 205.8 206 206 205.7 204.5 204.7 204.8 203.9 203 202.9 203.2 203.6 202.9 202.7 202.3 201.6 200.4 202.9 205.8 209.6 210.8 209.3 209.2 208.3 205.6 201.2 198.2 195.1 193.1 191.1 187.7 182.3 181.6 179.3 176.5 175.2 174.2 173.9 174.6 174.4 175.1 177.3 178.3 177 175.3 173.5 172.2 171.4 170.9 172.1 174.9 177.3 177.6 176.5 174.4 172.4
225.5 222.8 220.9 220.6 220.4 221.1 222.2 222.2 221.6 221.4 221.1 220.3 218.8 218.3 217.4 216.6 215.1 214.1 212.5 210.3 209.3 208.3 207.4 207.7 207.1 206.8 206.2 205.6 205.5 204.8 205.4 205.5 204.3 204.1 204 205.8 207.3 205.5 203.6 203.2 203 201.9 202.4 204.3 210.9 212.2 211.4 210.6 210.9 206.9 202.6 199.7 196.7 193.8 190.2 186.7 182.3 181.8 182.5 176.9 175 174 173.6 173.6 174.1 176.5 178.3 178.4 177.4 177.5 176.3 174.6 173.6 172.9 173.9 176.3 178 177.8 176.4 175.3 174.4
224.8 223.2 222.3 221.5 221.4 221.2 221.7 222.3 221.8 221.4 221 219.8 218.6 218.1 217.5 216.6 215.1 214 213 210.9 209.6 208.7 209.2 210.5 210.1 209.1 209.3 207.6 206.2 205.4 205.8 206.5 206 204.9 203.8 204.1 205.5 206.6 205.1 202.3 202.7 202.8 201.3 201.5 205.7 208.5 210 210.2 208.1 206.7 203.8 200.3 196.6 193.7 190.3 188.1 183.9 181.7 183.9 178.5 176.4 174.9 173.4 173.3 173.7 175.9 177.8 179 178.2 178.3 177.6 176.8 175.9 175.6 177.1 179.6 179.8 178 176.2 174.6 173.8
225.6 224.4 223.7 222.9 222.7 222.1 222.6 222.6 222.1 221.7 221.2 220 219 218 217.2 216.7 215.7 214 213.2 212.3 211.4 211.3 212.6 213.4 213 211.6 211.3 210.4 208.4 206.7 206.4 207 207.6 206.7 206.2 205.6 202.6 202.5 199.9 199.2 200.1 200.8 199.4 198.8 200.4 203.4 203.7 204.2 203.9 203.7 202.8 199.4 195.3 192.1 190.4 188.1 184.7 184.4 183.7 179.6 176.9 175 173.2 172.9 173.4 175.3 177.7 178.9 179.3 178.4 178 177.4 178.4 178.8 180.6 181.9 180.4 178.2 175.9 174 172.9
226.3 225.2 224.6 224.1 224 223.2 222.8 223 222.6 222.2 221.6 220.6 219.6 218.6 217.6 216.5 216.1 214.8 214.5 214 212.9 213.4 215 214.9 214.3 213.3 212.4 211.5 210.7 208.6 207.8 207.9 208.4 208.5 208.3 208 207.2 207.6 205.7 201.5 198 198.2 198.1 197.1 198.5 199.7 201 200.9 200.6 200.6 199.8 197.1 193.5 191 189 186.3 186.3 185.6 182.8 181.9 177.3 174.9 173.2 172.7 173.1 175.7 177.5 178.5 178.8 178.4 177.4 177.4 179.2 180.9 182.3 182.5 180.7 178.1 175.8 173.5 172.4
227.3 225.9 225.5 225.4 224.9 223.8 223.7 224.1 223.3 222.9 222.1 221.2 220.3 219.5 218.3 217.2 216.5 216 215.6 214.8 213.7 213.9 215 215.2 214.3 213.6 213.5 212.8 212 210 207.8 208 208.5 209.1 209.4 209.4 209.4 209.7 206.9 202.9 199.8 196.8 195.9 195.1 196.4 197.3 198.3 198.2 197.3 197.5 196.9 195 192.6 190.5 188.2 186.7 185.4 184.1 182.6 180.4 178.2 175.3 173.1 172.4 172.4 174.5 177.2 178.1 178.6 177 176.4 176.7 179.6 181.5 182.4 181.2 179.5 177.7 175.1 172.2 171.2
228.4 227.2 227.1 227 226.5 225.4 226.9 227.7 227.2 225.2 222.3 221.7 221.1 220.3 219.1 217.5 216 215.8 215.7 214.8 214 213 214 214.8 214.2 213.7 213.8 213.1 211.8 210.2 208.4 207.3 209 209.6 209.9 209.9 209.8 210.4 207.7 203.5 200 197 194.9 193.8 192.9 192.8 193.2 194.1 194 194.7 194.5 192.9 191.6 189.7 187.8 186.3 184.7 183 181.2 179.2 177.1 174.8 172.7 172 172.2 173.5 176.2 177.4 178.1 176.6 176.3 175.6 177.6 180.8 181.2 180 178 176 173.1 170.3 169.9
228.8 228.8 228.7 228.7 228.4 227.8 229 230.3 229.3 227.2 223.6 221.6 221 220.5 219.2 217.5 215.6 214.5 214.3 214.1 213 211.9 212.3 212.8 213 212.2 213.4 212.7 210.6 210.1 208.7 207.1 208.1 209.4 209.8 209.9 209.7 209.1 207.3 203.9 200.1 197.4 195.4 194.5 193.3 192 190.9 190 190.3 191.2 191.6 191.3 190.3 188.9 187.1 185.7 184.3 183 181.5 179.3 177.2 175.1 173.4 172.4 172.3 173.5 175.8 177.4 177.6 177 176.2 174.4 176 178.4 179.4 178.4 176.5 174.3 171.3 168.9 168.9
230.2 230.3 230.3 230.2 230.1 229.5 228.8 229.6 229 227.2 224.5 221.8 221.2 220.7 219.1 217.2 215.4 213.9 212.8 212.5 211.9 210.8 210.3 210.9 211.2 210.7 211.6 210.9 209.7 209.4 208.7 207.4 207.3 208.8 209.4 209.2 208.5 207.7 206.7 203.9 200.7 198.2 196.5 195.4 194.3 193 191.9 190.2 188.6 187.7 190 190.7 189.1 188 186.3 185.3 184.6 183.6 182.5 180.5 178.3 175.9 174.2 172.9 172.3 172.1 175.2 177.6 177.5 177.4 176.2 173.4 173.6 175.4 176.8 176.9 175.3 172.7 170 168.6 168.6
231.1 230.9 230.8 230.6 230.5 230.2 229.7 228 228 226.6 224.3 222.4 221.7 221.1 220.5 218.5 215.9 213.8 212.8 211.3 210.8 209.8 208.7 208.3 208.9 209 208.4 208.4 207.8 208 208.3 206 206.2 207.3 207.8 207.4 207 206.3 206.5 204 201.2 199.2 197.6 196.5 195.3 193.5 192.3 191.3 189.6 187.2 190.4 191.6 188.8 186.3 185.8 185.1 184.9 184.4 183.6 182 179.6 177 175 173.6 172.7 170.3 172.4 174.5 176.7 177.3 175.6 172.7 171.7 172.4 174.2 175 174 172 169.5 168.5 168.3
231.2 231.1 230.9 230.8 230.6 230.3 229.5 228 226.4 225.2 223.5 222.9 222.2 221.6 221 219.8 217.3 214.5 212.9 211.6 210.6 209.7 209.1 208.7 207.2 206.7 205.7 205.1 204.7 205 206.8 203.8 203.8 205.3 205.5 205.3 204.8 204.6 204 202.8 201.5 199.3 198.2 197.1 195.5 193.6 192.1 191.7 190.4 187.6 186.9 188.6 187 185.6 186 185 184.8 184.8 183.8 182.7 182.4 179.1 175.7 172.9 171.9 170.8 171.2 172.4 176.1 177.3 174.6 172 169.6 169.3 171.2 172.5 172.6 170.8 168.8 168 168.4
231.4 231.2 231.1 231 230.8 230.2 229.1 227.2 225.6 224.6 224.2 223.9 223.2 222.3 221.3 220.3 218 215.6 213.8 212.6 211.5 210.5 209.7 209.7 208.5 207.3 206.4 204.9 204.6 201.4 204.9 204.1 198 202.9 203 202.8 202.5 201.9 201.7 201.1 199.9 199.2 198.4 196.8 195.1 193.3 191.3 190.8 190 188.5 183.1 188.9 184.8 183.8 184.2 184.4 185.2 184.1 180.8 183.3 183.4 180.6 176.7 173.7 171.4 170.7 168.1 171.2 175 176.3 173.8 171 169 167.7 168.2 169.8 170.7 169.6 168.1 167.9 168.6
231.8 231.5 231.3 231.1 231 229.3 228.7 228.3 226.5 225 224.4 224.1 223.2 222.4 221.6 220.9 219.1 217 215.3 213.8 212.7 211.7 210.7 210.2 209.9 208.5 207.3 206.7 207.1 203.8 199.7 202.7 194.5 199.8 200.3 200.3 200 199.3 198.9 198.8 198.3 197.7 196.9 196.1 194.6 193 191.1 189.4 188.6 187.8 181.5 186.8 184 183 180.5 182.2 182.4 183.4 181.7 181.6 182.4 180.5 177.3 173.9 171.7 168.8 167.2 170.4 172.9 173.6 172.6 170.3 168.2 166.8 166.8 167.2 168.7 168.2 167.8 167.8 168.7
231.9 232 231.8 231.6 231.8 232.1 232 230.4 228 225 224.5 224.1 223.2 222.3 221.9 221.4 220.3 218.5 217.2 216.1 215 213.6 212 210.8 210.4 209.6 208.4 208.4 208 206.5 202.7 197.6 193.3 194.2 197.2 197.4 197.4 196.7 196 196.3 195.8 194.8 194.1 194.2 193.5 192.1 190.9 189.1 187.6 187.1 183.6 182.6 179.8 178.6 178.5 179.4 180 181 182.3 179.5 180.2 180.1 178.1 173.5 171.4 168.8 166 169.2 170.7 170.7 172.1 171.1 167.8 166.6 166.6 166.5 166.9 166.9 167.5 167.6 169.9
232.2 232.1 232.2 232.2 235 236.2 234.6 231.7 229.2 226.6 224.8 224.2 223.5 222.7 223.3 222.4 221.5 220.9 219.7 219.4 218.2 217.4 215.1 212.8 211.2 210.6 210.3 211 209.1 207.1 204 200.2 196.2 190.6 194 194.8 194.8 194.2 193.7 193.5 193.4 193 192.1 192.5 192.2 191.1 189.9 188.5 186.6 185.8 185 180.3 175.2 173.9 174.1 177.6 178.7 179.2 180.6 179.4 177.6 178.6 177.1 172.8 170.7 167.4 165.2 166.5 168.9 170.4 172.6 172 168.9 166.3 166.3 166.2 166.1 166.9 167.5 167.4 169.6
233.2 232.7 233.1 234.2 239.8 240.4 237.1 233.6 230.7 228.6 227.2 226.1 224.8 224.7 225.5 225 224.2 223.4 223.2 223.5 222.7 221.1 220 217.9 213 212.1 212.4 212.8 211.2 208.3 204.8 201.5 197.9 193.6 188.5 191.6 192 191.7 191.4 191 190.9 191 191.7 191.5 190.4 190.1 189.1 187.6 185.9 184.1 183.9 183.6 183 175.6 172.5 178.5 179.6 179.3 181.1 179 176.2 174.7 173.2 170.4 168.1 166.6 164.3 165.2 167.4 170.8 172.9 172.2 170.2 166.5 166 165.8 165.9 166.2 167.3 167.2 168.1
235.1 234.4 235.8 239.6 243.3 243.4 240.1 236.4 233.5 231.3 229.8 228.7 227.8 226.9 227.9 228.3 228.2 228 228 228.1 226.5 224.8 224.4 221.3 216.8 212.9 212.5 212.4 211.8 209.4 205.9 202.4 198.2 194.7 191 185.5 187.6 189.2 189.4 188.9 188.6 189.4 190.6 191.1 189 188.6 187.8 186.5 185.1 183.5 182.2 184.9 185.7 183.1 177 170.8 178.7 181.9 179.9 176.7 175 172.1 170.3 168.6 167.2 165.9 163.8 163.8 166.6 168.1 170.1 170.6 169.8 166.8 165.7 165.5 165.6 166.2 166.8 167.5 168.2
236.4 236.5 237.8 242.2 246.6 247 244 240.5 237 234.8 232.7 231.9 231.1 230.6 230.5 231.5 231.9 232.8 233 231.8 229.6 227.1 225.4 222.8 219 215.3 212.5 212 210.7 209.3 206.4 203.3 199 195 192.4 189.6 181.3 183.8 187.8 187.6 187.4 187.5 187.8 188 187.7 187 185.7 185 183.5 181.8 181.2 185 188.3 189 184 174.9 172 178.7 175.6 174.6 173.9 174.9 173.3 170 168.3 165.9 163.5 163.1 165.4 166.8 167.7 169.1 169 167.1 165.6 165.2 165.3 166.1 167.3 168.2 169
236.5 238.1 240.9 244.9 248.7 250 247.9 244.3 240.9 237.8 235.6 234.8 234.7 234.9 235 233.3 235.6 237 235.7 234 231.9 228.2 225.9 223.2 219.4 215.7 212.5 210.9 209.7 208.6 206.4 203.9 200.7 196.4 192.6 188.7 182.7 179.2 184.3 185.5 186 186.2 186.3 187.4 186.4 185.3 183.8 183.4 182.1 180 178.8 180.6 182.7 182.8 180.6 177.2 166.5 172.6 171.6 174.9 174.2 174.2 173.3 173.1 169.5 166.2 163.5 162.1 164 165.5 166.7 168.2 169.1 168.6 166.4 165.7 165.1 165.7 168 169.2 169.6
236.3 239.5 243.3 247.7 251.5 252.8 251.3 247.8 245.5 242.2 239.1 238.1 238.1 238.2 238.3 238.2 238.4 238.8 237.7 236 233.3 229.3 226.1 222.8 219.3 215.6 212.1 209.9 208.9 207.7 206.5 204.7 201.3 197.6 193.9 190.7 188 183.6 178.4 178.5 184.3 185.1 185 185.2 185.1 183.9 182.2 181.2 180.6 179.3 177.4 176.9 178 178.5 176.5 174.6 171 164.1 167.7 169.6 174.5 174.3 173.4 171.1 169.8 167 164.1 162.1 162.2 164.9 166.5 168 169.9 170 165.7 166.1 165 165.4 168 169.1 170
236.9 240.9 244.9 249.2 253.6 256.4 254.6 251.9 249.3 245.7 242.8 241.7 241.6 241.5 241.1 240.4 240.2 239.2 238.1 236.4 233.9 229.9 226 222.2 219.2 215.9 212.5 209.2 207.7 207 206.4 205.2 202.3 199.2 195.8 192.3 189 187 184.6 178.3 177.6 182.9 183.3 183.7 183.7 182.6 181.1 179 178.4 177.5 175.6 174.8 175.1 176.2 174.9 173 170.9 164.7 168.2 169.1 169.4 171.8 171.5 169.8 169.4 168 165.6 163 160.7 164.1 166.3 167.2 169.2 169.9 165.9 164.8 164.3 164.8 167.3 169.4 169.8
237.8 242.5 246.7 251.1 256.6 259.2 257.9 255.7 253.1 250.3 246.2 244.9 244.5 244.1 242.5 241.7 240.8 239.3 237.5 235.2 232.7 229.8 226.5 222.4 219 215.9 212.6 208.8 206.7 206.1 205.6 205 203.2 200.9 197.5 193.9 190.3 187.5 186 184.2 177.1 175.7 179.3 181.8 182.3 181.5 179.8 177.7 176.2 175.4 174 172.9 172.9 173.8 173.2 171 168.8 164.4 164.1 168.2 168.7 169.3 169.7 168.6 167.6 167.7 163.6 161.6 160.2 163.7 165.6 166.5 167.4 166.5 165.6 164.1 163.9 163.9 166.1 168.4 169.1
238.5 243.3 248.5 254 257.8 261.5 262.7 258.5 256.7 253.8 250.8 246.9 246.2 245.2 243.8 242.1 240.5 239.2 237.8 234.1 231.4 228.7 226.4 222.8 218.5 215.2 211.8 208.9 206.2 205.2 204.7 204.7 204 201.7 198.9 195.4 191.8 188.4 186.9 185.2 183.9 181.1 172.6 176.5 180.7 180.3 178.8 176.6 174.3 173.5 172.4 171.2 171.2 171.6 171.3 169.7 167.3 163.7 159.4 163.4 166.4 166.8 167.3 167 166.2 165.2 162.5 159.3 159.5 162.6 164.8 166 167 167 165.8 164.3 163.8 163.8 164.6 167.8 169.1
238 243.9 249.3 254.9 259.2 262 264 263 260.7 258.1 254.4 249.5 246.7 245.7 243.6 241.9 240.2 238.3 236.6 233.8 230.2 227.9 225.7 222.4 218.1 214.2 210.9 208.3 205.8 204.6 204.5 204.5 204.6 202.6 200 196.8 193.4 189.9 187 185.7 184.4 182.9 180 172.2 174.9 179.2 177.8 175.6 173.1 171.7 170.9 169.6 169.6 169.1 169.2 167.7 165.5 163.8 160.5 158.4 163.1 164 165 165.1 164.1 162.2 158.8 157.8 160.7 162.9 164.3 165.8 166.6 167.2 166.3 164.7 163.5 163.5 164.2 165.2 166.8
237.2 243.4 250 255.6 259.9 262.7 264.5 264.5 263.2 260.3 256 250.4 247.2 246 243.9 241.8 240 237.8 235.3 232.5 229.4 226.6 224.4 221.6 217.7 213.5 209.9 207.4 205.2 203.8 204 204.7 204.8 203.5 201.1 198.1 194.8 191.2 187.5 186.1 184.6 183.1 181.3 178.9 167.9 176.2 176.8 175 172.2 170.2 168.7 167.9 167.7 167.3 167 166.3 164.2 162.4 160.2 157 160.7 162.8 163.4 163.4 161.9 158.3 156.4 160.7 160.5 161.6 163 164.8 166.1 166.6 166.2 165 163.4 163 163.5 164 164.8
234.1 239.5 249 256.4 261 263.4 264.6 266.2 265.3 261 256.3 250.4 247.2 246.1 244.1 241.5 239.6 237.1 234.1 231.3 228.3 225.1 223.2 220.3 217 212.8 209.3 206.8 204.9 203.7 203.3 203.9 204.3 203.8 201.6 198.9 195.8 192.2 188.6 186.2 184.7 183.2 181.5 179 171.9 166.2 171.3 172.5 171.7 169.5 167.5 165.2 166.5 166 165.2 164.3 163 161 158.9 155.3 158.4 160.8 161.4 161.1 157.9 155 159.6 160.3 160.5 160.2 160.6 163.8 165.3 166.6 166.7 166 164.5 163.8 163.1 162.8 162.7
228.1 233.3 240 256.7 260.9 261.9 263.1 265.9 264.6 260.9 255.8 249.9 246.7 246.5 244.3 241.6 239.3 236.7 233.5 230.3 226.2 223.8 222.1 219 215.7 212.2 208.8 206.4 204.6 203.4 203 203 203.4 203 201.8 199.2 196.1 193.3 189.8 186.6 184.9 183.4 181.6 179.5 177 175.9 169.6 163.3 164.8 165.6 164.3 160.7 163.3 164.3 163.5 162.7 161.8 160 157.8 154.2 156.4 158.3 158.9 157.3 154.3 157.8 158.6 159 160.8 160.6 160.5 161.6 164.9 166.8 167.5 167.4 165.8 165 164.8 164.1 163.1
222.6 228.1 234 245.7 255.3 257.9 261 264.3 262.2 259.9 255.1 249.6 246.1 245.5 244.4 241.9 239.6 237.2 234.4 231 228.2 223.2 220.3 217.5 214.1 211.2 208.3 206 204.3 203 201.6 201.9 202.3 202 200.5 198.7 195.9 193.2 190.6 187.6 185.5 184 181.8 179.7 177.4 176.2 174.5 171.7 168.2 164 160.1 160 158.3 157.2 159.4 160.8 159.9 159 156.1 154 154.2 155.6 153.7 153.2 156.2 158.5 157.3 158.5 161.2 162.1 162.8 163.7 164.9 166.7 168.6 168.4 167.7 167.3 167.1 166.3 164.7
217.9 224.3 231.4 238.6 244.8 250 258.1 258.3 258.4 256.8 252.6 247.6 244.5 244 243.1 241.8 240.3 238.1 235.4 231.7 227.8 222.7 218.3 216.1 213.4 210.6 207.9 205.6 203.9 202.5 201.1 200.5 201 200.7 199.2 197.6 195.4 192.9 190.4 188.5 186.8 185.1 182.5 180 177.7 175.7 173.7 171.5 169.5 166.6 165.7 164.4 163.8 162.3 158.4 155 155.5 156.9 155.4 153.4 152.1 153.5 152 153.4 157.1 157.4 156.1 156.9 158.7 161.6 163 165.1 166.3 167 168.5 169.2 168.9 169.6 169.3 168.5 167.1
216.4 222.6 228.7 234.7 239.2 244 247.8 249.5 251.8 252.4 248.4 244.2 241.8 241.4 240.8 240.5 240.2 238.8 236.1 231.5 227.1 222.6 217.2 214.8 212.9 210 207.2 205.8 203.5 202.1 200.8 199.2 199.6 199.4 198.1 196.5 194.4 192 190.1 188.3 187.1 185.9 183.9 181.5 179.1 176.1 173.9 171.9 169.8 168.1 166.1 165.1 164.4 163.4 161.7 159.8 155.8 153 152.7 151.4 150.5 151.4 151 153.8 155.8 155.6 154.7 155.1 156.2 157.8 160.6 163.5 165 166.5 168.2 169.4 171.2 172.3 173.2 172.1 170.6
215.7 221.4 226.8 231.9 235.7 239.3 242.6 244.6 246.8 245.8 243.4 240.8 238.8 238.7 238.5 238.4 238.4 237.8 235.7 231 225.9 221.9 216.8 213 212 209.4 206.5 204.4 203 201.6 200.1 198.2 197.7 197.9 196.9 195.4 193.6 191.6 189.6 188.2 187.4 186.7 184.9 183 180.1 177.1 174.9 172.8 170.8 168.5 166.5 165.2 164.2 163.4 162.3 160.6 158.5 156.2 152.5 150.2 149.3 150.2 149.2 152.5 154.2 153.4 153.6 154.5 155.1 156.6 158.3 160.3 162.8 165.6 168.1 170.7 172.9 175 176.8 176.3 174.7
215 220.4 226.1 230.9 233.7 236.4 239.4 241.1 241.5 240.8 239.3 237.7 236.9 236.6 236.6 236.6 236.6 235.6 233.6 229.9 225.1 220.5 216 212 210.6 208.5 205.7 203.1 202.1 200.9 199.1 197.1 196 196.4 195.7 194.2 192.8 191 189 187.6 186.8 186.8 185.7 183.8 180.9 178.3 176.2 174 171.8 169.5 167.5 166 164.6 163.2 161.8 159.9 157.8 155.6 153.4 150.2 148.1 148.7 148.7 150.8 151.8 151.6 153.4 153.2 154 155.4 156.6 158.4 161.3 164.6 167.6 170.6 173.5 176 178 177.4 174.6
214.3 220.5 226.4 231 233.2 234.9 237.3 238.5 239.8 238.1 236.7 235.7 235.1 235 235.1 235.2 234.5 233.3 231.6 228.4 223.3 218.4 214.7 210.9 209.6 207.9 204.8 201.9 200.9 199.7 198.1 196.2 194.2 194.4 194.5 193.1 191.8 190.1 188.6 187.2 186.7 186.5 186.2 184.8 182.6 179.1 176.9 174.7 172.5 171.3 168.9 166.9 165.4 163.8 162.5 161.2 158.7 156.2 153.9 152 149.7 146.7 147.2 149.3 150 151.3 151.9 152.2 153 154.1 155.4 157.4 159.9 163 166.1 169.5 172.8 176 178.9 179 176.6
214.6 222.1 228.1 232.3 233.8 234.4 235.2 236.6 238.4 236.9 235.4 234.3 233.7 233.9 234.1 234.7 233.3 231.9 229.7 226.9 222.1 217.1 213.1 210.2 208.2 207.4 205.1 201.9 199.8 198.1 197.4 195.4 193.3 192.5 193.2 192.1 190.7 189.3 187.9 186.5 186.3 186.1 185.9 185 183 179.9 177.2 175 173.1 171.4 170.7 167.8 166 164.5 163.1 161.4 159.5 157 154.6 152.2 149.5 146.5 146.5 148.7 149 150.1 150.6 151.2 152 152.8 154.4 156.3 158.8 161.6 165.1 168 171.2 175.4 179 180.6 178.7
215.5 222.8 229.7 233.4 234 233.6 234.2 235.4 237.1 236.2 234.9 234.1 232.7 232.6 234 234.9 233.5 230.9 229.6 227.2 221.7 216.7 212.4 209.6 207.6 207.1 205.2 201.9 198.7 196.6 195.9 194.1 192 191.2 192 191.1 190 188.6 187.1 186.2 185.9 185.6 185.2 184.5 182.6 180.1 177.8 175.9 173.7 171.7 171 168.9 166.8 165.1 163.3 161.5 159.6 157.8 155.3 152.5 149.3 145.1 146.1 147.4 148.4 149.1 150.2 151.1 151.1 152.5 153.7 155.3 157.5 160.4 164 167.1 170.3 173.9 178.1 180.9 180
