Assets/StreamingAssets/GeoData/Data/hu/HU16.asc
ncols 200
nrows 200
xllcorner 410000
yllcorner 1160000
cellsize 50
[rows 152 to 189 of 200, columns 84 to 167 of 200]
-0.7 -0.7 -0.7 -0.7 -0.7 -0.7 -0.7 -0.7 -0.7 -0.7 -0.7 -0.7 -0.7 -0.7 -0.7 39.2 44.9 47.4 48.3 52.4 55.2 -0.7 -0.7 -0.7 -0.7 -0.7 -0.7 -0.7 -0.7 14.5 -0.7 -0.7 -0.7 -0.7 -0.7 -0.7 -0.7 -0.7 -0.7 -0.7 -0.7 -0.7 -0.7 -0.7 -0.7 -0.7 -0.7 -0.7 -0.7 -0.7 -0.7 -0.7 -0.7 -0.7 -0.7 -0.7 -0.7 -0.7 -0.7 -0.7 -0.7 -0.7 -0.7 -0.7 -0.7 -0.7 -0.7 -0.7 -0.7 -0.7 -0.7 -0.7 -0.7 -0.7 -0.7 -0.7 -0.7 -0.7 -0.7 -0.7 -0.7 -0.7 -0.7 -0.7
-0.7 -0.7 -0.7 -0.7 -0.7 -0.7 -0.7 -0.7 -0.7 -0.7 -0.7 -0.7 -0.7 -0.7 -0.7 38.1 51.8 53 53.7 57 59.1 -0.7 -0.7 -0.7 -0.7 -0.7 -0.7 -0.7 -0.7 19 16 14.8 15 -0.7 -0.7 -0.7 -0.7 -0.7 -0.7 -0.7 -0.7 -0.7 -0.7 -0.7 -0.7 -0.7 -0.7 -0.7 -0.7 -0.7 -0.7 -0.7 -0.7 -0.7 -0.7 -0.7 -0.7 -0.7 -0.7 -0.7 -0.7 -0.7 -0.7 -0.7 -0.7 -0.7 -0.7 -0.7 -0.7 -0.7 -0.7 -0.7 -0.7 -0.7 -0.7 -0.7 -0.7 -0.7 -0.7 -0.7 -0.7 -0.7 -0.7 -0.7
-0.7 -0.7 -0.7 -0.7 -0.7 -0.7 -0.7 -0.7 -0.7 -0.7 -0.7 -0.7 -0.7 -0.7 -0.7 36.5 53.3 61.3 60.6 62 64.1 63.1 -0.7 -0.7 -0.7 -0.7 -0.7 -0.7 -0.7 18.5 19.2 18.6 21.8 -0.7 -0.7 -0.7 -0.7 -0.7 -0.7 -0.7 -0.7 -0.7 -0.7 -0.7 -0.7 -0.7 -0.7 -0.7 -0.7 6.4 -0.7 -0.7 -0.7 -0.7 -0.7 -0.7 -0.7 -0.7 -0.7 -0.7 -0.7 -0.7 -0.7 -0.7 -0.7 -0.7 -0.7 -0.7 -0.7 -0.7 -0.7 -0.7 -0.7 -0.7 -0.7 -0.7 -0.7 -0.7 -0.7 -0.7 -0.7 -0.7 -0.7 -0.7
-0.7 -0.7 -0.7 -0.7 -0.7 -0.7 -0.7 -0.7 -0.7 -0.7 -0.7 -0.7 -0.7 -0.7 -0.7 34.5 52 61 66.7 67.5 69.9 68 60 -0.7 -0.7 -0.7 -0.7 -0.7 6.3 28 23.7 20.3 24 25.7 22.5 15.8 -0.7 -0.7 -0.7 -0.7 -0.7 -0.7 -0.7 -0.7 -0.7 -0.7 -0.7 12 17 -0.7 -0.7 -0.7 -0.7 -0.7 -0.7 -0.7 -0.7 -0.7 -0.7 -0.7 -0.7 -0.7 -0.7 -0.7 -0.7 -0.7 -0.7 -0.7 -0.7 -0.7 -0.7 -0.7 -0.7 -0.7 -0.7 -0.7 -0.7 -0.7 -0.7 -0.7 -0.7 -0.7 -0.7 -0.7
-0.7 -0.7 -0.7 -0.7 -0.7 -0.7 -0.7 -0.7 -0.7 -0.7 -0.7 -0.7 -0.7 -0.7 19.7 34.1 50.9 66.8 73.9 73 69.4 67.2 62.3 54.1 48.3 44.2 43.2 41.6 40.4 35.6 28.8 24 23.5 26.3 23.9 17.8 -0.7 -0.7 -0.7 -0.7 -0.7 -0.7 -0.7 -0.7 -0.7 -0.7 -0.7 -0.7 16 14.2 1.6 -0.7 -0.7 -0.7 -0.7 -0.7 -0.7 -0.7 -0.7 -0.7 -0.7 -0.7 -0.7 -0.7 -0.7 -0.7 -0.7 -0.7 -0.7 -0.7 -0.7 -0.7 -0.7 -0.7 -0.7 -0.7 -0.7 -0.7 -0.7 -0.7 -0.7 -0.7 -0.7 -0.7
-0.7 -0.7 -0.7 -0.7 -0.7 -0.7 -0.7 -0.7 -0.7 -0.7 -0.7 -0.7 -0.7 -0.7 34.6 37.9 51.2 67.1 74.1 77.5 72.1 71.4 67.3 60.4 54.9 50.9 48.1 46.1 47.2 43.3 36.1 31.8 27.3 25.5 23.4 16.3 -0.7 -0.7 -0.7 -0.7 -0.7 -0.7 -0.7 -0.7 -0.7 -0.7 -0.7 -0.7 16.6 15.2 -0.7 -0.7 -0.7 -0.7 -0.7 -0.7 -0.7 -0.7 -0.7 -0.7 -0.7 -0.7 -0.7 -0.7 -0.7 -0.7 -0.7 -0.7 -0.7 0.4 -0.7 -0.7 -0.7 -0.7 -0.7 -0.7 -0.7 -0.7 -0.7 -0.7 -0.7 -0.7 -0.7 -0.7
-0.7 -0.7 -0.7 -0.7 -0.7 -0.7 -0.7 -0.7 -0.7 -0.7 -0.7 -0.7 -0.7 -0.7 39.9 42.5 49.9 63.9 74.6 81.3 80.7 73.6 69.9 65.2 61.1 56.1 53.7 52 51.7 51.5 43.2 35.3 30.5 27.8 26 24.6 21.4 -0.7 -0.7 -0.7 -0.7 -0.7 -0.7 -0.7 -0.7 -0.7 -0.7 -0.7 -0.7 -0.7 -0.7 -0.7 -0.7 -0.7 -0.7 -0.7 -0.7 -0.7 -0.7 -0.7 -0.7 -0.7 -0.7 -0.7 -0.7 -0.7 -0.7 -0.7 -0.7 8.3 -0.7 -0.7 -0.7 -0.7 5.8 -0.7 -0.7 -0.7 -0.7 -0.7 -0.7 -0.7 9 7.3
-0.7 -0.7 -0.7 -0.7 -0.7 -0.7 -0.7 -0.7 -0.7 -0.7 -0.7 -0.7 -0.7 -0.7 -0.7 45.1 49.3 60.4 69.6 79.3 84.3 75.5 70.2 67.7 66.7 63.2 58.4 55.7 54.8 54.8 49.9 41.7 32 31.4 30.1 28.9 27.3 23.8 -0.7 -0.7 -0.7 -0.7 -0.7 -0.7 -0.7 -0.7 21.1 24.5 -0.7 -0.7 -0.7 -0.7 -0.7 -0.7 -0.7 -0.7 -0.7 17.5 16.3 -0.7 -0.7 -0.7 -0.7 -0.7 -0.7 -0.7 -0.7 -0.7 -0.7 12.1 -0.7 -0.7 -0.7 9.4 6.5 -0.7 -0.7 -0.7 -0.7 -0.7 -0.7 -0.7 -0.7 14.4
-0.7 -0.7 -0.7 -0.7 -0.7 -0.7 -0.7 -0.7 -0.7 -0.7 -0.7 -0.7 -0.7 -0.7 -0.7 47.1 47.4 50.9 60.2 76.5 85.3 79.9 70.9 69.2 68.9 67.1 62.2 59.1 57.7 56.1 54 47.8 36.2 35 35 34.8 31.8 25.9 -0.7 -0.7 -0.7 -0.7 -0.7 15.1 -0.7 -0.7 25.7 30.2 26.1 -0.7 -0.7 -0.7 -0.7 -0.7 -0.7 -0.7 -0.7 14.1 15.5 -0.7 -0.7 -0.7 -0.7 -0.7 -0.7 -0.7 -0.7 -0.7 -0.7 11.3 16.5 -0.7 -0.7 12.5 10.6 9.4 -0.7 -0.7 -0.7 7.5 -0.7 -0.7 -0.7 18
-0.7 -0.7 -0.7 -0.7 -0.7 -0.7 -0.7 -0.7 -0.7 -0.7 -0.7 -0.7 -0.7 -0.7 -0.7 -0.7 -0.7 47.4 51.9 68.2 82.3 81.2 71.6 69.5 68.6 66.3 63.3 61.7 60.4 58.8 56.9 53.9 41.8 39.2 38.4 35.7 30.3 23.8 -0.7 -0.7 -0.7 -0.7 14.9 20.9 18.9 22.1 26 31.2 25.1 19.6 -0.7 -0.7 -0.7 -0.7 -0.7 -0.7 4.8 12 13.3 -0.7 -0.7 -0.7 -0.7 -0.7 -0.7 -0.7 -0.7 -0.7 -0.7 4.6 10 -0.7 -0.7 11.7 11 14 13.5 0.8 13.3 12.4 14.9 -0.7 22.4 19.3
-0.7 -0.7 -0.7 -0.7 -0.7 -0.7 -0.7 -0.7 -0.7 -0.7 -0.7 -0.7 -0.7 -0.7 -0.7 -0.7 -0.7 -0.7 47.3 53.1 63.2 71.3 71.1 67 67.7 65.9 64.3 62.7 61.2 59.8 58 51.5 45 40.5 38.6 34.5 25 2.7 -0.7 -0.7 -0.7 14 16.6 20.6 23.7 26.8 30.5 29.8 22.8 17.2 -0.7 -0.7 -0.7 -0.7 -0.7 -0.7 9 11.1 11.3 -0.7 -0.7 -0.7 -0.7 -0.7 -0.7 -0.7 -0.7 -0.7 -0.1 0.8 8.9 -0.7 -0.7 4.7 10.3 15.1 17 16.9 19.2 18.9 18.2 20.9 26.1 28
-0.7 -0.7 -0.7 -0.7 -0.7 -0.7 -0.7 -0.7 -0.7 -0.7 -0.7 52 -0.7 -0.7 -0.7 -0.7 -0.7 -0.7 11.8 49.4 56.1 62.2 64.7 64.4 65.8 65.3 65.4 64 62.9 61.2 57.7 54 49.1 42.3 38.6 32.3 19.6 10.9 4.1 18.3 20.8 14.6 17.2 22.2 24.2 27.2 31.2 27.1 19.4 13.6 8.7 -0.7 -0.7 -0.7 -0.7 3.3 9.7 12.4 11.3 1.6 -0.7 -0.7 -0.7 -0.7 -0.7 -0.7 -0.7 -0.7 0.3 4.8 7.2 -0.7 -0.7 3.7 8 14.2 18.8 19.3 26.8 24.7 21.1 23.7 26.7 27.6
-0.7 -0.7 -0.7 -0.7 -0.7 -0.7 -0.7 -0.7 -0.7 -0.7 46.2 47.7 48.2 45.4 47 -0.7 -0.7 -0.7 6.4 43.8 51 56.1 59.1 60.4 62.2 63.1 65.9 65.2 63.7 60.9 59 56.2 51.3 44.6 38.7 30.5 20.3 14.9 16.5 20.6 20.6 18.2 15.5 22 22.7 22.7 23.9 21.5 15.6 10.2 -0.7 -0.7 -0.7 -0.7 -0.7 9.2 11.3 10.1 8.4 3.5 -0.7 -0.7 -0.7 -0.7 -0.7 -0.7 -0.7 -0.7 -0.7 5.2 7.8 11.8 5.6 3.1 6.3 13.2 15.5 22.8 29.2 29.7 25.8 24.5 25.6 24.4
-0.7 -0.7 -0.7 -0.7 -0.7 -0.7 -0.7 -0.7 -0.7 -0.7 -0.7 45.9 46 45.9 46.8 47.3 44 27.3 34 36.9 44 49.2 53.5 56.8 58.8 62.2 63.5 64.4 62.2 57.7 56 53.7 50 45.5 41.3 31.6 21.6 19.2 19 18.3 16.4 18.2 15.1 20.7 16.9 16.9 16 13.9 11.7 8.7 -0.7 -0.7 -0.7 -0.7 -0.7 9.9 9.9 10.3 6.4 4.9 -0.7 -0.7 -0.7 -0.7 -0.7 -0.7 -0.7 -0.7 -0.7 6.2 8.7 12.4 5.3 1.8 4 11.8 15.5 23.2 30 34.5 29.3 25.5 25.5 25
-0.7 -0.7 -0.7 -0.7 -0.7 -0.7 -0.7 -0.7 -0.7 -0.7 -0.7 -0.7 47.3 48.5 49.1 49 45.5 41.8 38.4 36.8 40.3 45.1 48.7 51.7 54.6 55.5 55.9 57.9 56.3 53.2 51.6 50.3 48.1 46.2 43 34.9 25.1 20.7 21.3 18.7 18.2 18.2 18.2 18.2 11.1 9.9 5.4 3.7 8.1 7.4 -0.7 -0.7 -0.7 -0.7 6.8 9.8 10.7 10.7 5.9 5.2 -0.7 -0.7 -0.7 -0.7 -0.7 -0.7 -0.7 0.5 3.8 7.7 10.9 14 7.8 1.4 1.2 12.1 14.1 22.2 26.7 29.4 29.3 24.8 24.3 24
-0.7 -0.7 -0.7 -0.7 -0.7 -0.7 -0.7 -0.7 -0.7 -0.7 -0.7 -0.7 3.4 51.2 52 51.8 49.7 42.5 38.8 36.8 41.1 43.1 45.5 46.1 47.8 48.7 47.1 48 47.7 47.6 48.4 48.6 48.1 46.1 41.8 36.3 27.1 19 19 19.9 18.6 17.9 18.2 15.6 7.7 4.7 4.1 2.1 0.8 -0.7 -0.7 -0.7 -0.7 -0.7 4.8 8.2 10.6 10.3 7.8 7.5 -0.7 -0.7 -0.7 -0.7 -0.7 -0.7 -0.7 4.3 6.6 9.7 12.2 15.5 11.6 1.8 0.8 1.3 9.8 17.7 19.1 21.5 22.5 22.2 23 23.2
-0.7 -0.7 -0.7 -0.7 -0.7 -0.7 -0.7 -0.7 -0.7 -0.7 -0.7 -0.7 53.8 52.4 53.9 52.3 48.5 43 39.5 36.9 40 41.5 43.2 42.9 42.2 41.8 42.4 41.9 43 43.8 46.1 48.3 48.5 46.6 44.3 38.7 30.1 21.4 19 19 20.6 19.1 18.2 14 7.8 7.4 6.5 5.7 3.3 -0.7 -0.7 -0.7 -0.7 -0.7 1 6.8 10.6 10.5 9.4 9.9 -0.7 -0.7 -0.7 -0.7 -0.7 -0.7 -0.7 6.5 7.7 9.7 13 11.9 11.3 4.3 -0.7 0.2 3.9 10.8 12.9 16.8 19.8 19.4 20 17.7
-0.7 -0.7 -0.7 -0.7 -0.7 -0.7 -0.7 -0.7 -0.7 59.1 57.6 57.2 53.5 51.3 52.9 51.8 47.5 43.5 40 37.4 37.1 39.3 40.7 39.9 38.8 37.8 37.4 37.6 39.7 41.2 42.7 45.7 47.4 47.5 45.6 40.7 33.2 24.3 20.5 19 21.4 23 15.5 13.4 11.9 11.4 11.4 10 7.1 1.7 -0.7 -0.7 -0.7 -0.7 -0.7 -0.7 10.9 11.3 10.3 12.1 6.2 -0.7 -0.7 -0.7 -0.7 -0.7 -0.7 5.2 8.7 10 12.8 11.2 8.9 -0.7 -0.7 0.2 3.7 10.1 10.9 13.8 16.1 17.1 15.4 15
-0.7 -0.7 -0.7 -0.7 -0.7 -0.7 -0.7 -0.7 57.9 57.5 54.6 55.3 53.1 48.7 51.5 50.3 47.7 43.7 40.1 36.6 35.3 36 35.2 35.8 35.3 34.1 34.2 34.2 36 37.4 38.4 40.9 44.5 44.8 45.6 42.3 37 29.2 22.7 21.4 24.3 26.2 20.8 15.1 12.1 13 14.5 13.2 9.3 3.7 -0.7 -0.7 -0.7 -0.7 -0.7 -0.7 5.2 8.4 10.3 13.5 13.7 10.1 -0.7 -0.7 -0.7 -0.7 -0.7 -0.7 6.2 6.1 6 4.2 -0.7 -0.7 -0.7 2.1 2.9 10.1 12.4 11.4 12 13.4 15.2 14.6
-0.7 -0.7 -0.7 -0.7 -0.7 -0.7 -0.7 5.9 53.7 53.2 51.2 51.4 50.8 44.6 47 46.3 43.3 41.4 38.7 34.7 31.8 30.1 28.5 28.1 30.6 31 31.6 31.1 31.6 33.3 33.7 36 38.6 41.5 43.2 43.7 41.1 34.9 26.2 24.7 26.4 29 25.8 16 11.9 11.5 16.2 16.1 9.2 -0.7 -0.7 1 -0.7 -0.7 -0.7 -0.7 1.7 6 9.7 13.1 15.4 12.5 -0.7 -0.7 -0.7 -0.7 -0.7 -0.7 -0.7 -0.7 -0.7 -0.7 -0.7 -0.7 -0.7 4.3 4.6 8.4 13.2 11.3 11.8 12.2 16.3 16.3
14.2 -0.7 -0.7 -0.7 -0.7 -0.7 -0.7 -0.7 51.3 50.5 46.9 46.4 42.6 40 39.1 40.4 39.9 37.2 33.8 30.3 25.5 23.7 22.8 24.3 25.5 26.8 28.8 27.9 28.3 27.9 28.3 29.6 32.2 35.1 38.5 41.6 40 38.9 32.6 27 28 32.2 30.1 19.9 13.3 13.7 16.2 13.7 8.5 -0.7 -0.7 2 5.5 -0.7 -0.7 1.4 4.1 4.2 8.2 11.6 15.3 15.2 -0.7 -0.7 -0.7 -0.7 -0.7 -0.7 -0.7 -0.7 -0.7 -0.7 -0.7 -0.3 -0.7 -0.7 5.3 9.3 12.7 10.4 12.6 11.5 14.8 18
-0.7 -0.7 -0.7 -0.7 -0.7 -0.7 -0.7 -0.7 7.3 47.2 41.7 40.1 37 35.5 33.8 33.8 33 29.9 27.3 22.6 21.1 19.6 20.9 23 24.3 24.3 25.9 26.1 23.8 23 24.1 24.7 27 31.1 34.6 38.2 40.1 41.8 40.4 30.9 31.2 34.9 32.4 27.9 15.3 9.5 13.6 10.6 4.3 -0.7 -0.7 3.6 9.9 5.9 3.2 3.6 6.3 8.3 6.5 9.7 14.2 15.3 -0.7 -0.7 -0.7 -0.7 -0.7 -0.7 -0.7 -0.7 -0.7 -0.7 -0.7 0.6 0.9 1.7 7.3 12.7 12.6 10.9 10.9 11.5 12.2 18.2
-0.7 -0.7 36.2 35.1 -0.7 -0.7 -0.7 -0.7 1.4 41.4 36.5 31.6 30.9 31 30.1 26.4 24.3 23.6 22.6 19.8 19.1 18.6 20.2 21.3 22.3 23 25.2 24.8 22 21.4 20.6 20.7 23.3 27.8 31.4 37.1 40.9 41.9 42.9 37.6 32.8 35.5 35 29.4 15.5 14.5 8 5.7 2.6 -0.7 -0.7 6 10.2 8.6 4.8 4.7 6.3 13.1 7.4 7.7 12.2 12.1 -0.7 -0.7 -0.7 -0.7 -0.7 -0.7 -0.7 -0.7 -0.7 -0.7 -0.7 4.6 2.6 2.9 8.5 15.8 17.8 15.1 13.7 13.5 12.4 13.3
-0.7 -0.7 -0.7 8.6 -0.7 -0.7 -0.7 -0.7 -0.7 -0.7 2.5 15.2 23.8 27.1 27.8 22.1 19.2 19.6 19.4 18.6 17.7 18.1 18.3 19 20.5 22.2 24.1 23.4 20.8 19.4 18.7 17.6 18.7 23.2 29 34 38.1 38.9 41.4 40.3 33.6 33.8 34.3 27.4 18.3 15.9 6.6 4.7 2.3 2.7 4.3 7.3 11.7 9.9 12.3 5.9 5.7 7.5 4.5 4.1 -0.7 -0.7 -0.7 -0.7 -0.7 -0.7 -0.7 -0.7 -0.7 -0.7 -0.7 -0.7 7 10.7 4.8 3.3 5.6 17.1 18.6 17.7 17.1 16.5 15.7 12.6
-0.7 -0.7 -0.7 -0.7 -0.7 -0.7 -0.7 -0.7 -0.7 -0.7 -0.7 -0.7 23.5 22.4 24 19 15.5 16.2 17.9 17.8 18.1 17.7 18.1 18.7 20.1 22 23 22.1 19.4 19.1 19.1 16.5 14.8 16.5 23.4 29 31.8 32.4 35.2 36.5 31.8 29.9 33.3 27.2 21.1 24.1 9.2 6.2 6.6 7.3 8.3 10.7 12 11.2 9.5 6.7 5.5 5.2 5.4 2.1 -0.7 -0.7 -0.7 -0.7 -0.7 -0.7 -0.7 -0.7 -0.7 5.8 8 7.8 10.7 14.1 8.8 4 4 13.3 19.8 18.2 16.4 15.9 11.2 12.2
-0.7 -0.7 -0.7 -0.7 -0.7 -0.7 -0.7 -0.7 -0.7 -0.7 -0.7 -0.7 21.5 19.1 15.9 13.2 13.9 16.4 19.2 19 17.8 17.9 18.4 18.5 19.7 21.3 20.7 21 18.5 18.3 19 16.7 13.9 11.6 14.4 21.1 23.8 24.7 26.6 27.8 27.2 27.2 30.6 25.7 21.9 22.7 16.1 8.5 8.1 8.4 9 11.9 10.7 9.6 8.7 9.6 7.6 8.3 9.7 7.2 -0.7 -0.7 -0.7 -0.7 -0.7 -0.7 -0.7 -0.7 5.8 7 9.3 10.3 13.8 16.9 14.2 8.5 5.3 8.8 19.4 17.5 13.3 13.1 10.9 10.8
-0.7 -0.7 -0.7 -0.7 -0.7 -0.7 -0.7 -0.7 -0.7 -0.7 -0.7 -0.7 19.6 13.3 11.9 10.9 13.4 17.7 21 21.1 19.3 18.2 18.5 19.5 20.1 20.5 20.5 20.5 18.9 19 18.8 17.7 16.1 12 9.1 10.4 13.6 15.8 18.9 20.5 19.9 21.9 23.5 21 20.2 18.8 16.2 11.6 10.1 10.5 11.5 13 12.2 8.5 8.6 12.6 17.1 11.6 15.5 13.6 -0.7 -0.7 -0.7 -0.7 -0.7 -0.7 -0.7 8.3 8.7 9 10.8 12.2 16.9 19.9 16.9 14.8 8.6 8 14.4 16.5 13.2 9.7 8 10.4
-0.7 -0.7 -0.7 -0.7 -0.7 -0.7 -0.7 -0.7 -0.7 -0.7 -0.7 -0.7 -0.7 -0.7 8.2 10.1 14.2 18.7 22.8 23.7 22.3 19.4 18.5 19.1 20.5 20.5 20.6 19.7 19 19 19 18.9 16.7 12.1 8.8 7.7 8.4 9 11.8 14.6 15.8 17.2 18 18.8 18.7 15.4 13.8 12.7 18.3 11.7 13.3 11.2 9.5 9 9 14.6 24.5 15.9 18.7 19.6 10.6 -0.7 -0.7 -0.7 -0.7 -0.7 -0.7 10.8 12 12.1 13.1 14.8 17.6 19.2 17 17.2 14 8.8 13.4 14.9 12.3 6.8 4.5 9.5
-0.7 -0.7 -0.7 -0.7 -0.7 -0.7 -0.7 -0.7 -0.7 0.8 -0.7 -0.7 -0.7 -0.7 2.4 9.5 14.2 19.4 25.6 26.3 25.8 20.7 18.4 19.1 20.1 19.8 20.3 18.5 19.1 19.9 20.4 20.6 18.9 15.6 12.1 9.5 7.5 8.2 9.8 11 12.4 15.1 14.7 15.3 14.9 13.8 12.4 12.7 20.9 15.7 14.8 8.5 9 9 8.4 12.6 22.3 20.9 21.2 24.1 15.9 -0.7 -0.7 -0.7 -0.7 -0.7 -0.7 -0.7 14 15.5 16.5 17.4 17.7 18.5 17.1 16.9 15.1 9.8 12.8 11.4 7.9 -0.7 -0.7 -0.7
-0.7 -0.7 -0.7 -0.7 -0.7 -0.7 -0.7 -0.7 -0.7 -0.7 -0.7 -0.7 -0.7 -0.7 -0.7 9.1 13.7 21.2 27.4 29.1 27.2 22.8 21.3 20.9 21.8 20.9 21.8 22.4 20.5 21.8 22.4 22.9 21.7 18.5 15.4 10.5 8.9 9.3 10.1 9.9 8.6 12.2 14 14.8 14.8 14.4 16.5 14.2 16 15.9 13.3 9 9 9 9 12.8 23.1 21.9 18.4 24.8 9.1 -0.7 -0.7 -0.7 -0.7 -0.7 -0.7 -0.7 10.9 16.9 19 19.9 19.3 15.9 14.2 15 14.7 11.3 7.7 6.5 -0.7 -0.7 -0.7 -0.7
-0.7 -0.7 -0.7 -0.7 -0.7 -0.7 -0.7 -0.7 -0.7 -0.7 -0.7 -0.7 -0.7 -0.7 -0.7 4.9 15.6 21.1 28.2 31.6 29.3 24.6 23.3 22.2 23.2 23.3 23 24 22.6 23.3 24.4 24.9 24.5 21.9 18.5 13.8 8.6 9.3 9.1 9.3 9.3 10.4 12.8 14 14.9 15.4 14.7 15.7 16 16.6 13.3 9 9 9 10.3 14.7 21.9 25.1 19.8 18.2 8.1 10.3 -0.7 -0.7 -0.7 -0.7 -0.7 2 6.1 16.2 20.2 20.8 20.1 15.9 11.8 10.5 13.3 11.1 -0.7 -0.7 -0.7 -0.7 -0.7 -0.7
-0.7 -0.7 -0.7 -0.7 -0.7 -0.7 -0.7 -0.7 -0.7 -0.7 -0.7 -0.7 -0.7 -0.7 -0.7 11.2 16 21.7 30.2 34 31.1 26 23 22.6 23.3 24.3 23.5 24.2 23.7 25.2 26.9 27.8 26.6 25.3 22.4 17.7 10.5 9.3 9.3 9.3 9.3 9.2 10.8 14.2 16.2 16.6 17.5 19.6 19.4 18.2 15.9 9 9 9 11.9 16.3 22.7 26.4 24.8 16 11.4 12.2 14.6 6.7 3.7 3.2 1.5 1.9 6.2 12.3 20.1 19.2 17.3 14.2 10.9 9.5 11.5 9.6 -0.7 -0.7 -0.7 -0.7 -0.7 -0.7
-0.7 -0.7 -0.7 -0.7 -0.7 -0.7 -0.7 -0.7 -0.7 -0.7 -0.7 -0.7 -0.7 -0.7 1.5 9.5 16.6 22.7 31.9 36.9 34 25.9 22.9 23.1 23.9 23.7 24.7 25.5 25.1 26.5 28.8 31 31.5 30 26.7 22.3 17 9.2 9.3 9.3 9.3 9.3 8.5 11.3 15 15.2 19.4 20.2 20 17.2 14.8 10.7 9 9 13 18.1 24.3 26.4 24.6 19.4 14.5 14.1 15.8 12.1 8.5 5.2 4 3.1 6.9 13 17.2 16.7 15.4 12.8 9.3 7.8 7.9 -0.7 -0.7 -0.7 -0.7 -0.7 -0.7 -0.7
-0.7 -0.7 -0.7 -0.7 -0.7 -0.7 -0.7 -0.7 -0.7 -0.7 -0.7 -0.7 -0.7 -0.7 -0.7 7.8 17.5 24.2 33.7 38.6 34.9 25.9 23.2 24 24.8 23.7 25.3 27.1 27.8 29.5 31.6 34.2 35.1 35.5 31.9 27.9 23 14.1 8.9 9.3 9.3 8.8 9.9 11.4 7.8 13.5 18.9 21.8 23.7 26.1 16.5 11 9 9 14.1 18.8 26.6 29.4 25.1 20.2 16.2 16.2 20.1 16.8 13.6 10.5 7.9 6.6 8.3 13.6 18.3 17.9 14.5 10.8 7.7 7 8.2 -0.7 -0.7 -0.7 -0.7 -0.7 -0.7 -0.7
-0.7 -0.7 -0.7 -0.7 -0.7 -0.7 -0.7 -0.7 -0.7 -0.7 -0.7 -0.7 -0.7 -0.7 -0.7 6.2 7.2 19.4 35.1 37 33 25.7 24.7 24.8 25.2 25.4 26.5 29 28 30.2 33.6 37.1 37.8 39.2 38.3 32.5 27.6 20 12.8 9.3 9.3 9.2 5.2 4.8 4.6 11.1 19.2 21.4 22.2 25.1 23.7 14.2 12.4 9 12.9 19.2 28.3 28.8 24.6 22.8 19.1 20.3 26.2 24.4 18.3 14.8 11.3 9.5 8.5 12.7 19.5 19.3 14.4 9.9 5.8 4.4 2.4 -0.7 -0.7 -0.7 -0.7 -0.7 -0.7 -0.7
-0.7 -0.7 -0.7 -0.7 -0.7 -0.7 -0.7 -0.7 -0.7 -0.7 -0.7 -0.7 -0.7 -0.7 -0.7 -0.7 -0.7 -0.7 -0.7 -0.7 -0.7 3.7 25.8 25.7 26 26.7 27.2 27.2 28.3 31.5 34.5 39.5 40.9 42.2 42.9 38.7 31 23.7 17.9 11.3 7.6 9.3 2.9 1.9 1.8 10.3 15.8 17.3 20.8 23.3 23.6 22.5 14.6 9 11.3 18.6 26 27.6 26.1 24.5 24.9 24.8 29.5 29.2 20.9 17.3 16.1 13.7 9.1 11.4 19.3 20.7 14.3 9.2 6 -0.7 -0.7 -0.7 -0.7 -0.7 -0.7 -0.7 -0.7 -0.7
-0.7 -0.7 -0.7 -0.7 -0.7 -0.7 -0.7 -0.7 -0.7 -0.7 -0.7 -0.7 -0.7 -0.7 -0.7 -0.7 -0.7 -0.7 -0.7 -0.7 -0.7 28.5 26.9 26 26.3 23.9 23.2 25.4 28.3 31.5 35.3 40.4 42.7 44.1 45.1 44.6 39.7 32.2 25.2 16.8 8.2 9.2 1.3 2.7 0.8 3.7 9.3 14 17.3 21.4 25 23.3 17.5 12 12.7 17.1 25.7 28.2 27.4 25 29.3 28.8 29.6 29.9 22.9 20.1 20.5 17.5 11.1 11.7 17.1 19.6 15.1 8.9 4.5 -0.7 -0.7 -0.7 -0.7 -0.7 -0.7 -0.7 -0.7 -0.7
-0.7 -0.7 -0.7 -0.7 -0.7 -0.7 -0.7 -0.7 -0.7 -0.7 -0.7 -0.7 -0.7 -0.7 -0.7 -0.7 -0.7 -0.7 -0.7 -0.7 -0.7 29.3 27.9 25.5 -0.7 21.3 23.3 27.3 29.4 31.8 35.4 39.8 42.8 44.6 45.8 46.8 45.3 38 30.1 21.8 13.6 9.1 1.2 0.8 -0.7 -0.7 -0.7 5.4 11.1 17.1 22 23.3 23.5 13.7 11.9 17.7 23.8 27.8 30.2 26 28.8 31.5 30.1 30.1 24.4 21.9 21.2 20.1 14.2 9.8 12.9 14.4 13.4 8.8 4.4 -0.7 -0.7 -0.7 -0.7 -0.7 -0.7 -0.7 -0.7 -0.7
