Assets/StreamingAssets/GeoData/Data/hu/HU42.asc
ncols 200
nrows 200
xllcorner 440000
yllcorner 1120000
cellsize 50
[rows 76 to 113 of 200, columns 0 to 84 of 200]
127.4 116.9 109.6 106.1 107.3 108.9 112.3 116.4 118.9 125.2 130.6 138.8 145.8 150.5 159.3 169.7 178 188.1 192 193.3 193.5 198.9 204.5 211.8 218.2 212.4 201.8 198.5 196.4 192.4 187.2 182.6 177.6 168.7 176.1 178.7 179.1 176.6 173.3 169.6 173.1 175.6 175.4 174.4 172.2 167.7 163.3 159.1 157 156 153.8 150.1 140.9 126.9 112.5 107 102.4 95.7 81.1 70.6 57.2 48.2 -0.3 -0.3 -0.3 -0.3 -0.3 -0.3 -0.3 -0.3 -0.3 -0.3 -0.3 -0.3 -0.3 -0.3 -0.3 -0.3 -0.3 -0.3 -0.3 -0.3 -0.3 -0.3 -0.3
127.6 120.9 112.3 107.1 103.1 106.1 110.4 113.4 118.3 125.7 129 135.3 141.1 147.6 156.3 166.7 174.1 181.6 183.6 184 186.6 192.6 197.2 204.5 209.9 202.4 193.4 191.5 190 186.2 182.2 177.6 172 164.7 168.3 169.8 171.1 171.2 165.8 165.8 171.5 175.1 175.1 174.8 171.8 167.9 163.4 160.4 158.1 156.6 151.2 145.1 134.4 122.4 106.3 98.1 93.3 89.8 80.8 72.3 64.9 52.6 -0.3 -0.3 -0.3 -0.3 -0.3 -0.3 -0.3 -0.3 -0.3 -0.3 -0.3 -0.3 -0.3 -0.3 -0.3 -0.3 -0.3 -0.3 -0.3 -0.3 -0.3 -0.3 -0.3
129.1 123.4 119.1 112.6 101.8 103.4 107.6 113 116.9 124.8 130.8 136.5 139.4 147.6 153.8 162.1 169.6 174.6 175.4 179.9 182.3 187.8 193.3 197.9 199.4 191.7 187.1 184.6 184.4 180.9 176.6 172.1 167.7 160.1 158.7 160.2 163.9 164 157.6 163.7 169.6 172.5 171.8 172.2 169.9 166.5 161.1 158.1 156 153.7 147.6 137.4 125.5 114.4 100.7 92 84.6 82 76.6 71.7 67.1 62.1 35.7 24 -0.3 -0.3 -0.3 -0.3 -0.3 -0.3 -0.3 -0.3 -0.3 -0.3 -0.3 -0.3 -0.3 -0.3 -0.3 -0.3 -0.3 -0.3 -0.3 -0.3 -0.3
128.7 125.5 121.8 118.8 107.8 99.2 103.1 110.7 116.9 123.3 129 134.8 138.2 143.3 152.6 159.5 165.3 168.4 170 174.7 178.1 185.2 189 194.9 192.8 187.4 183.1 178.4 178.2 175.9 170.5 167.2 160.7 152.6 148.5 150.5 154.7 155.7 151.9 160.5 165.6 168.2 169 169.2 166.2 163.2 161.3 154.2 150.8 149.8 142.7 130.3 117.8 105.4 95.8 87.4 80.1 76.8 73.7 70.4 66.2 63.9 54.6 43.9 -0.3 -0.3 -0.3 -0.3 -0.3 -0.3 -0.3 -0.3 -0.3 -0.3 -0.3 -0.3 -0.3 -0.3 -0.3 -0.3 -0.3 -0.3 -0.3 -0.3 -0.3
127.6 126 125.7 121.1 114 102.8 102.4 107.7 114.3 120 125.4 129.5 133.7 142.3 149.1 155.9 161.1 162.3 167.5 172 176.3 184.7 188 188.7 186.2 182.6 179 173.1 170.9 169.3 165.3 159.7 156 147.1 139.4 144.9 147 146.4 150 156.4 160.6 163.4 165.3 164.2 161 160.1 158 153.6 146.8 144.1 137.7 124.1 112 101.9 91.8 82.5 77.5 74.1 69.9 66.9 65.8 64.2 60.8 51.7 36.4 -0.3 -0.3 -0.3 -0.3 -0.3 -0.3 -0.3 -0.3 -0.3 -0.3 -0.3 -0.3 -0.3 -0.3 -0.3 -0.3 -0.3 -0.3 -0.3 -0.3
126.2 126.1 126.5 124.4 118 110.2 97.7 102.6 109.8 114.2 118.9 123.7 129.7 140.9 148.3 153.3 156.3 159.5 166.3 168.3 170.8 179 181.7 181 179.9 174.9 171.5 166.6 163.9 162.9 159.2 152.7 148.3 141.7 130.5 136.7 139 137.7 145.5 151.2 154.8 158.1 159.3 158 156.1 156.6 154.6 149.7 142.9 137.7 132.8 120.4 108.1 98.1 88.6 80.4 76.5 70.4 66.9 64.7 65.2 64.1 63.4 59.3 46.1 34.6 -0.3 -0.3 -0.3 -0.3 -0.3 -0.3 -0.3 -0.3 -0.3 -0.3 -0.3 -0.3 -0.3 -0.3 -0.3 -0.3 -0.3 -0.3 -0.3
125.9 123.9 126.3 124.9 119.8 114.1 105.1 94.5 102.5 106.9 112.9 119.2 126.9 137.7 146.7 151.7 152.5 159.2 163.7 166.5 169.7 173.1 175.2 173.9 170.4 167 162.4 159 154.9 155 151 146.7 141.1 134.4 128 128.1 130.2 133.1 142.8 145.7 148.8 150.9 152.7 152.1 151.4 152.2 150.4 145.5 138.5 129.5 124.6 113.2 103.5 94.8 85.4 77.5 73 64.7 62.9 59.8 62.7 62.3 63 61.9 51.8 42.1 27.5 6.6 -0.3 -0.3 -0.3 -0.3 -0.3 -0.3 -0.3 -0.3 -0.3 -0.3 -0.3 -0.3 -0.3 -0.3 -0.3 -0.3 -0.3
122.7 123.3 124 125.2 120.7 116 109.4 98.2 94.2 100.7 106.7 115.1 124.8 133.7 144.5 148.6 152.3 158 160.6 161.1 167.2 169.2 167.7 165.4 160.7 157.7 154.4 151.1 148.1 147.3 144.9 140.6 135.2 128.8 121.6 120.3 122.9 128.8 135 137.5 140.9 142.6 144.6 145.7 145.6 145.7 143.7 139.7 132.5 121.6 115.6 107.9 99.9 91.6 82.6 76.2 65.9 63.1 59.7 56.2 58.4 60.4 62.1 60.7 57.3 47.7 33.3 19.9 -0.3 -0.3 -0.3 -0.3 -0.3 -0.3 -0.3 -0.3 -0.3 -0.3 -0.3 -0.3 -0.3 -0.3 -0.3 -0.3 -0.3
120.7 121.6 123.4 125.2 120.7 116.1 110.9 105.5 90.4 95.3 103.1 111.5 120.8 129.2 137 141.4 150.6 154.2 156.5 155.9 163.1 164.2 160.9 156.2 149.8 147 146.5 144 140.4 139.7 138.4 135.8 129.7 124.2 118.2 114.6 118.3 123.1 127.5 130.9 132.9 136 138.6 138.4 139.7 137.1 134.8 131.2 124.1 117.9 108.2 102.7 94.7 85.7 79.5 70.2 62.4 59.2 55.7 53.2 56.2 58.4 60.4 61.7 61.1 48.6 35.6 23.7 8.3 -0.3 -0.3 -0.3 -0.3 -0.3 -0.3 -0.3 -0.3 -0.3 -0.3 -0.3 -0.3 -0.3 -0.3 -0.3 -0.3
118.8 121.4 123.4 124.2 121.5 116 110.9 105.6 95.7 91.7 99.7 110.1 118.1 125.4 132.6 140 145.2 148.9 150.5 152.5 154.6 156.4 152.1 146.4 140.1 138.5 137 135.6 134.5 132.1 132 130 125.5 119.3 112.6 105.4 113.2 118.4 120.3 124.2 125.9 128.7 130.5 132.3 132 130 124.9 119.1 112.8 108.6 105 98.2 89.3 80.1 74.5 67.4 59 55.2 51.9 49.4 51.8 54.6 57.5 61.1 60.1 51.6 40 26.7 10 -0.3 -0.3 -0.3 -0.3 -0.3 -0.3 -0.3 -0.3 -0.3 -0.3 -0.3 -0.3 -0.3 -0.3 -0.3 -0.3
118.5 121.7 123.4 123.6 121.2 117.1 110.6 105.3 96 87.3 95.8 106.4 115.4 123.3 132.2 140.2 142.9 145.7 145.3 146.4 150 149.1 145.4 139 134.3 130.7 128.5 127.6 126.4 125.4 127.7 126 123.2 117.4 112.5 105.2 106.4 112.5 113.3 116.5 117.4 120.3 123.5 125 123.8 121 115.2 108.3 103.3 98.3 96.1 92.3 83.8 76.5 68.6 61.1 55.7 51.7 49.1 46.5 47.9 51.1 55.5 60.2 59.8 52.1 40.8 28.4 18.7 -0.3 -0.3 -0.3 -0.3 -0.3 -0.3 -0.3 -0.3 -0.3 -0.3 -0.3 -0.3 -0.3 -0.3 -0.3 -0.3
115.5 119.4 123.3 122.6 121.1 116.9 111.2 104.6 94.8 80.3 91.7 102.7 111.5 120.7 128.5 135.5 141.3 141.4 143.4 144.1 142.9 141 135.9 130.3 125.2 122.7 121.8 119.5 117.5 118.7 122 121.2 118.2 116.6 115 105.7 97.2 104.7 106.8 108.4 110.3 113 115.1 116.5 115.4 111.3 104.8 99 94.2 91.7 89.7 83.1 81.8 73.3 64.2 57 52.2 48.3 45.7 44.4 44.8 49.5 53.9 57.6 57.6 49.9 37.4 30.4 20.8 -0.3 -0.3 -0.3 -0.3 -0.3 -0.3 -0.3 -0.3 -0.3 -0.3 -0.3 -0.3 -0.3 -0.3 -0.3 -0.3
113 120 123.4 122.8 121.2 116.6 110.4 103.4 93.6 81.1 87.1 98.5 107.7 116.6 126.8 133.2 135.6 137.3 139.4 138.7 135.5 132 128.4 122.9 117.6 113.6 112.3 111.4 109 111.5 114.8 116.1 115.5 115.1 112.9 107.4 99.7 95.3 100.6 102.2 104.5 105.8 107.3 108 106.7 102.9 97.1 90.6 85.6 84.4 80.3 79.8 75.2 68.7 59.4 52.5 48.6 45 42.9 43 43.1 46.6 50.7 53.6 54.4 47.8 35.6 26.5 19.2 -0.3 -0.3 -0.3 -0.3 -0.3 -0.3 -0.3 -0.3 -0.3 -0.3 -0.3 -0.3 -0.3 -0.3 -0.3 -0.3
111.4 118.7 123.7 122.4 119.8 113.3 107.7 101.6 92.3 80.6 85.3 94.3 102.9 111.6 120.5 127.3 132.3 132.6 133 131.5 129 125.7 120.7 116 111.1 103.1 101.3 101.6 102.1 104.3 106.7 109.7 111.1 111.6 110.2 106.5 105 94.5 92.3 95.5 98.2 99 98.9 100.5 98.2 93.7 88.1 79.6 76.4 76.3 74.1 73 69.1 62.4 55 48.6 44.7 41.9 41.5 41.5 41.7 44.7 49 50.4 49.7 42.6 31.9 19.3 -0.3 -0.3 -0.3 -0.3 -0.3 -0.3 -0.3 -0.3 -0.3 -0.3 -0.3 -0.3 -0.3 -0.3 -0.3 -0.3 -0.3
115.2 119.4 123.9 123.1 119.2 112.1 106.6 99.1 89.8 79.4 83.3 91.3 100 107.7 116.6 123.2 127.5 129.5 128.3 125.8 122 119.7 115.2 109.3 102.3 96.9 93.8 93.1 94.3 97.9 100.5 104.6 106.7 107.1 107.1 106.5 105.8 99.1 87.9 89 90.8 90.7 91.3 91.9 89 84.5 78.4 72 69.7 67.9 67 66 63.1 56.6 52.1 46.2 41.7 40 40.2 40 40.7 42.8 47 47.6 45.6 37.4 27.4 16.1 -0.3 -0.3 -0.3 -0.3 -0.3 -0.3 -0.3 -0.3 -0.3 -0.3 -0.3 -0.3 -0.3 -0.3 -0.3 -0.3 -0.3
115.3 119 121.3 121.1 117.7 112.9 106.8 97.7 86.7 73.3 81 89.9 97.9 105.3 112.6 119.4 122.4 123.2 123.3 119.9 116.3 113.6 109.5 104.4 97.8 92.9 88.6 86.4 88.8 90.1 94.2 98 100.9 101.4 102.4 104.2 103.9 99 89.6 80.1 83.4 83.5 83.9 83.8 80 74.4 70 64.6 62.2 61.2 60.5 58.8 56.5 51 47.8 43.2 38.9 37.8 38.2 38.3 40.2 42.9 46.5 46.7 43.9 35.1 23.8 -0.3 -0.3 -0.3 -0.3 -0.3 -0.3 -0.3 -0.3 -0.3 -0.3 -0.3 -0.3 -0.3 -0.3 -0.3 -0.3 -0.3 -0.3
112.7 117.4 117.1 117.4 115.1 110.6 105.6 97.7 85.2 67.4 82.3 91.4 99.4 105.9 112.2 114.7 116.9 117.2 117.2 114.2 111.2 107.6 104 98.3 94.8 91.2 86.4 80.7 81.2 85 86.6 90.6 95.7 95.7 97.1 100.4 100.6 97.6 91.6 84.5 71.9 75.9 76.5 76.1 72.4 66.3 62.1 58.7 57.8 56.4 55.1 53.2 50.5 46.2 42.5 38.9 36.8 35.6 36.1 36.4 38.3 42.7 45.9 46.3 42.4 31.6 20.2 -0.3 -0.3 -0.3 -0.3 -0.3 -0.3 -0.3 -0.3 -0.3 -0.3 -0.3 -0.3 -0.3 -0.3 -0.3 -0.3 -0.3 -0.3
115.1 114.5 113.6 115.1 112.3 108.5 100.3 93.4 82.8 67.5 79.6 90.5 97.5 104 108 110 111.9 110.7 110.9 109.2 107.4 104.8 102.7 95.7 91.7 86.8 84.1 80.5 78.2 78.1 80 83.2 88.6 90.2 90.9 94.6 96 95 92.9 86.1 77.6 64.9 68 67.4 63.8 61.1 56.7 53.1 51.7 50.2 48.7 47.4 44.6 41.6 38.3 36.2 34.6 33.8 34 34.4 37.9 43.3 46 46.3 40.6 31 17.2 -0.3 -0.3 -0.3 -0.3 -0.3 -0.3 -0.3 -0.3 -0.3 -0.3 -0.3 -0.3 -0.3 -0.3 -0.3 -0.3 -0.3 -0.3
113.2 113.7 111.3 110.9 108.1 104.2 96.4 87 77 62.7 77.7 87.4 93.7 100 105.3 107 107.6 106.9 105.7 105 104.4 101.3 95.9 91.6 89.5 84.5 80.5 75.4 71.6 73.7 76.2 77.5 83.9 85 86.7 89 90.9 90.4 90.4 84.8 77 70.1 62.2 61.6 58 56 52.9 49.9 47 44.6 42.6 40.8 40 36.6 34.5 33.8 32.4 32.3 32.2 32.9 37.1 42.4 45 46.8 40.6 29.8 16.6 -0.3 -0.3 -0.3 -0.3 -0.3 -0.3 -0.3 -0.3 -0.3 -0.3 -0.3 -0.3 -0.3 -0.3 -0.3 -0.3 -0.3 -0.3
108.7 109.7 108.6 107 104.8 100.7 93.4 84.3 72.2 67.2 77.4 85.3 90.3 95.8 100.1 102.4 104.1 103.6 103.6 102.8 102.1 97.1 95.3 93.6 88.7 84.2 79.1 73.9 70.5 68 69.8 71.9 76.1 79.1 80.9 83.3 84.8 85.6 86 82.3 76.6 69.8 64.3 58 49.6 50.1 49.5 46 43.3 40.3 38.2 37.4 36.9 34.2 32.1 31 29.9 30.3 30.8 31.7 35.8 41.2 42.9 43.5 40.1 29.8 16.6 -0.3 -0.3 -0.3 -0.3 -0.3 -0.3 -0.3 -0.3 -0.3 -0.3 -0.3 -0.3 -0.3 -0.3 -0.3 -0.3 -0.3 -0.3
107.9 105.5 104.9 102.9 101.7 96.8 90.9 82.5 66.9 64.5 77.7 84.7 88.9 93.2 97.5 99.3 100.5 100.3 99.8 100.2 94.1 98 96.5 96 92.4 86.9 80.4 75.6 71.8 64.6 64.2 66.4 70.7 73.9 76.5 77.3 78.7 78.7 80.2 77.9 70.1 66.7 61 55.3 49.8 45.7 44.2 42.9 40.3 37.3 35.7 34.8 32.9 32.2 29.9 29.3 28.9 29.2 29.6 30.4 34.2 38.8 41.2 42.5 40.9 32.1 17.4 -0.3 -0.3 -0.3 -0.3 -0.3 -0.3 -0.3 -0.3 -0.3 -0.3 -0.3 -0.3 -0.3 -0.3 -0.3 -0.3 -0.3 -0.3
105.2 104.6 102.1 98.5 96.7 93.7 87.6 78.8 62.6 65.2 75 81.2 85.5 90.5 94.4 97.3 97 96.9 93.4 96.5 97.6 99.2 99.8 99.1 95.9 91.7 85.7 79.5 74.5 67.5 59.6 61.9 65.1 67.4 70 71.2 73 73.7 72.7 70.5 66.7 62.1 58.2 53.3 48.5 44.5 42.1 38.1 37.5 35.4 33.7 31.8 30.5 29.2 28.5 28.3 28.3 28.3 28.6 29.3 32.4 37.9 41.6 43.3 41.6 34.7 20.6 -0.3 -0.3 -0.3 -0.3 -0.3 -0.3 -0.3 -0.3 -0.3 -0.3 -0.3 -0.3 -0.3 -0.3 -0.3 -0.3 -0.3 -0.3
104 102.3 98.9 95 93.6 87.6 82.8 76.9 61.7 63.8 73.1 77.8 81.7 86.7 90.7 92.6 93.2 91.4 94.2 95.9 99.1 100.7 101.7 101.5 99.5 95.1 90.2 84 75.6 68.5 60.3 55.1 58.3 60.9 62.6 66.2 67.1 67.8 67.5 65.4 62.8 56 53.7 49.9 46.5 42.8 40.7 38.2 34.7 33.6 32.8 31.2 28.5 28.1 27.4 27.3 27.8 27.6 26.5 27.5 30.1 35.8 40.6 45.1 43.2 36.1 22.2 8.7 -0.3 -0.3 -0.3 -0.3 -0.3 -0.3 -0.3 -0.3 -0.3 -0.3 -0.3 -0.3 -0.3 -0.3 -0.3 -0.3 -0.3
101.6 99.8 95.4 92.3 89.7 86.4 80.3 74 61.9 60.3 70.2 75.7 77.8 81.3 85.5 87 89.5 92.6 93.9 95.5 99.2 102 102.9 103.9 103 98.3 93.3 87.2 78.5 69.2 62 56.6 52.2 53.7 55 58.6 60.6 61.5 61.1 59.7 58 52 49.2 45.7 42.7 41 38.9 36.4 33.4 32.7 32.3 30.1 29 27.8 26.8 26.2 26.6 27.2 28 28.2 29.9 33.1 39.9 45.2 44.1 37.6 26.2 11.1 -0.3 -0.3 -0.3 -0.3 -0.3 -0.3 -0.3 -0.3 -0.3 -0.3 -0.3 -0.3 -0.3 -0.3 -0.3 -0.3 -0.3
99.4 96.1 92.6 89.5 84.6 79.6 74.3 72.2 62.9 56.4 66.1 71.4 75.9 81.1 83.5 88.2 91.3 92.9 94.2 95.7 98.9 102.8 104.5 105.8 105.5 101.1 95.2 88.3 80 70.1 64.3 58.4 53.7 46.6 49.1 51.6 54.6 56.8 55.1 54.7 50 46.8 44.6 43.1 39.4 37.5 36 33 31.5 32 30.6 29.6 28.7 27.4 26 25.5 25.3 26.7 27.6 28.8 31 34.6 41 46.7 45.6 38.6 28 16 -0.3 -0.3 -0.3 -0.3 -0.3 -0.3 -0.3 -0.3 -0.3 -0.3 -0.3 -0.3 -0.3 -0.3 -0.3 -0.3 -0.3
95.7 89.8 87.4 83.3 78.4 75.3 73.3 67.4 58 56 67.7 72.8 75.2 80.1 84 86.5 91 93.6 94.8 97.2 100.5 105.3 108.4 109.3 106.7 102.2 96 89.2 80.6 70.5 62.6 58.1 54.4 49.3 43.8 46.2 48.7 50.9 50.2 48.9 46.1 42.6 40 37.7 36.9 34.5 32.5 31.7 30.7 30.8 29.8 28.7 28.1 27.6 25.5 25.4 25.1 26.5 28 30.5 33.8 37.7 45 48.7 45.7 38.4 27.9 17.5 8.1 2.4 -0.3 -0.3 -0.3 -0.3 -0.3 -0.3 -0.3 -0.3 -0.3 -0.3 -0.3 -0.3 -0.3 -0.3 -0.3
90.7 83.4 81.4 78.1 72.3 69.2 66.3 60.9 50.4 59.1 67.4 71.6 75.5 79.3 82 85 92.7 94.7 96.5 98.3 103 108.4 109.3 109.7 108.3 103 96.8 88.7 78.6 69.5 61 56.1 52.7 48.3 42.2 41.7 43.4 45.7 45.9 45.1 42.2 38.4 35.5 33.7 32.9 32.2 30.8 30 29.6 29.3 28.7 27.7 26.8 25.9 24.6 24 25.6 27.2 30.5 33.8 37.1 40.5 47.3 49.8 44.6 35 24.9 15.3 9.5 3.9 2.2 1.8 2.4 5.2 1 -0.3 -0.3 -0.3 -0.3 -0.3 -0.3 -0.3 -0.3 -0.3 -0.3
82.6 78.9 73.7 71 66.4 61.5 58.5 52.6 51.2 60.3 65.2 69.8 75.2 76.9 77.4 83.9 92.3 95.1 97.1 99.6 105.1 109.7 111.1 110.9 109.5 104.3 97.1 86.9 76 67.2 59.4 53.6 50.2 45.5 40.4 34 38.5 40.4 41.7 40.3 37.8 35.6 32.7 30.7 29.7 29 28.4 27.9 28.2 27 26.9 26 24.9 24.2 23.6 24.4 25.8 28.5 33.2 37 40.4 43.5 49.5 50.3 42.6 31.5 20 11.4 5.5 3 2.1 1.9 3.4 6.1 8.2 -0.3 -0.3 -0.3 -0.3 -0.3 -0.3 -0.3 -0.3 -0.3 -0.3
75.2 71.5 68.3 64.6 59.7 55.5 51.8 44.3 55.5 63.2 67 71.1 73.9 74.6 76.4 83.1 90.8 94.5 97.4 99.6 106.6 109.6 111.4 112 109.7 105 96.6 86.3 75.1 66 57.7 51.1 47 42.1 37.7 32 33.8 36.5 38.4 36.3 35 32.7 30.2 28.3 26.7 26.1 25.7 24.7 26.8 26.6 24.6 23.9 23.3 22.8 22.7 24.5 27.1 29.6 34 38.6 41.8 46.4 51.4 50 41.7 28.1 16.2 8.1 4.2 3.4 2.5 2.3 5.3 8.3 10.7 11.5 -0.3 -0.3 -0.3 -0.3 -0.3 -0.3 -0.3 -0.3 -0.3
68.3 63.9 60.5 57.3 53 50.4 43.7 49.4 57.2 62.4 65.9 68.7 72.1 71.9 77.6 85.3 93.5 95.5 98.4 101.7 108.7 111.3 112.2 111.3 110.4 104.8 95 85 73.4 64.4 55.5 48.7 44.6 40.2 35.7 29.2 33 33.6 33.1 32.6 32.2 30.7 28.3 26.3 25.2 24.2 23.7 23.2 23.6 23.6 22.8 22.4 22.4 22.3 23.4 25.3 28.4 31.6 34.6 39.1 43.3 47.5 51.9 50.4 42 27.8 15.3 5.4 3.9 3.1 2.4 3.3 6 9.6 12.7 13.8 -0.3 -0.3 -0.3 -0.3 -0.3 -0.3 -0.3 -0.3 -0.3
59.4 55.3 53.7 51.9 47.4 43.6 41.6 50.5 54.6 58.4 64.9 66.5 68.7 71.8 79.6 88.4 94.9 96.2 99.8 107.1 110 113.4 113.8 112.5 111 104.5 93.6 83 73 62 52.5 44.3 41.8 37.4 31.7 25.3 30 31.2 30.9 29.4 28.8 28.1 26.7 24.8 23.9 23 22.5 21.9 21.6 21.4 21.4 21.1 21.5 22.7 23.7 26.1 28.9 31.6 34.4 39.2 43.3 48.1 51.7 48.8 41.5 30.1 16.9 5.3 4 3.3 2.5 3.4 6.6 10.2 14 16.3 6.6 -0.3 -0.3 -0.3 -0.3 -0.3 -0.3 -0.3 -0.3
53.2 45.4 44.9 44.3 42.6 40.8 42.9 48.7 51.6 56.4 61.1 65.3 68.5 73.8 80.4 87.8 94.7 98.3 102.3 109.2 111.6 115 115.3 113.8 111 102.6 92.8 81.1 70.9 60.1 49 40.6 36.7 33.2 30.1 22.5 26.9 28.1 28.5 27.4 25.8 25.4 25.1 23.1 22.5 21.8 21.3 21 20.6 20.3 20.5 21.7 23.4 23.3 25.5 27.5 30.4 31.7 34.2 38 41.8 46.3 48.9 47.3 41.5 31.9 20.8 8.4 4.2 3.8 3.8 4.2 7.6 10.9 15.2 20.1 18.7 -0.3 -0.3 -0.3 -0.3 -0.3 -0.3 -0.3 -0.3
64.2 59.6 49.7 45.7 41.2 38.2 42.6 45.4 49.7 55.2 60.2 65 70.5 77.5 85.5 92.2 99.8 103.6 105.2 108.7 111.3 113.6 115.2 114.3 110 102.9 92.2 79 68 56.5 45.6 37.5 33.4 30 27 23.6 24 25.7 27.1 25.1 23.8 22.7 22.7 21 20.4 20.3 20.7 20.4 20 19.8 20.7 21.8 23 24.3 26.6 29.2 30.4 32.1 34.3 36.2 40.1 43.2 44 44.1 39.8 33.2 24.9 13 5 4.3 4.1 4.9 7.6 11 16.5 21.5 23.5 15.5 -0.3 -0.3 -0.3 -0.3 -0.3 -0.3 -0.3
70.5 66.6 59.7 49.5 41.3 37.4 39.6 43.3 49.1 54.2 59.8 66.9 72.7 81.4 89.4 96.3 101.6 106.2 107.8 109.9 112.6 114.8 113.6 112.7 109.7 101.8 91.4 77.7 64.1 51.8 42 35 30.7 26.8 23.7 22 22 23.1 24.2 23.8 21.6 20.3 19.9 18.9 18.8 19.1 19.2 19.8 19.5 20 21.3 22.9 24.7 25.5 26.3 28.3 29.7 31.1 33.7 35.6 37.8 40.2 41.4 41.5 40.7 35.4 26.1 15 7.5 4.8 4.7 5.6 8.1 11.5 16.8 22.7 25.6 15.1 -0.3 -0.3 -0.3 -0.3 -0.3 -0.3 -0.3
80.7 75.8 65.5 57.5 47.4 41.3 35.9 39.9 46 53.7 58.9 65.4 72.1 83.1 91.9 98.2 104 107.5 109.8 111.8 114.1 116 114.8 113 109 102.2 89.8 75.7 61.9 49.7 39 32.5 27.7 24.2 22.5 20.3 19.1 21.1 22.7 22.5 20.6 18.6 17.4 17.2 17.6 17.9 18 18.9 19.5 21.3 22.9 24.6 25.9 26.6 27.1 27.7 29.2 30.6 32.2 34.1 34.9 37.4 39.3 40.8 40.3 32.8 26 16.3 9.7 5.5 5.9 7.6 9.9 12.8 18.3 24.1 27 17.7 -0.3 -0.3 -0.3 -0.3 -0.3 -0.3 -0.3
87.3 83.3 73.8 64.2 52.5 43.5 33.7 37.4 44.4 52.5 57.8 65.3 74.1 84 93.6 101.4 107 108.6 110.5 113.1 114.9 116.2 115.6 113.6 110.1 101.8 89.7 74.2 60 48.5 38 29.7 25.7 22.9 21 18.5 15.6 18.4 18.6 17.9 16.8 15.3 15.4 16.1 15.6 16.7 17.7 19.2 21.1 22.2 23 25 26 26.5 27.3 28.5 30.2 30.1 29.7 29.6 30.6 33.3 35.1 36.3 35.3 32 25 17.2 10.8 7.9 7 9.4 11.6 15.1 19.2 23.4 26.6 21.7 -0.3 -0.3 -0.3 -0.3 -0.3 -0.3 -0.3
93.8 91.1 81.1 70.8 60.2 45.2 35.1 34.2 41 48.9 57.9 66.7 76.4 85.8 94.6 102.4 106.7 108.1 110.8 113 114.8 115.9 115.1 112.8 108.6 100.3 87.5 74.5 61.2 48.5 37.5 29.1 23.8 20.5 17.9 15.3 16 17.2 16.4 14.5 14.2 14.9 16.6 17.4 17.2 18.3 19.7 21.1 21.9 22.9 24.3 25.2 26.6 26.8 27.7 28.2 29.4 28.3 27.4 26.6 26.5 29.3 31.9 30.2 29.2 27 22.2 16.3 12.2 9.8 8.6 10.4 13.4 16.9 19.4 23.4 25.5 23.5 9.3 -0.3 -0.3 -0.3 -0.3 -0.3 -0.3
101.6 97 89.7 77.8 64.4 48.2 38.1 30.8 39.8 48.8 57 67.2 76.5 85.4 93.7 101.6 106.4 108.4 110.1 111.7 114.1 115.1 114.2 112.1 107.7 98.6 87.3 75.8 62.8 50.4 38.5 28.9 22.4 18.7 16.5 14.3 12 15.2 12.7 12.5 15.6 17.5 19.3 19.7 19.4 20.5 21.9 23.1 23.9 24.9 25.9 27.3 29.6 29.9 29.7 29.1 27.9 26.4 25.5 23.7 23.5 25 26.1 24.3 23.3 22.4 20.1 15.4 11.3 9.1 9.3 11.2 14.9 16.3 18.9 22.1 25.1 21.3 15 -0.3 -0.3 -0.3 -0.3 -0.3 -0.3
