Assets/StreamingAssets/GeoData/Data/hu/HU54.asc
ncols 200
nrows 200
xllcorner 450000
yllcorner 1140000
cellsize 50
[rows 148 to 184 of 200, columns 0 to 84 of 200]
55.2 57.1 57.9 57.9 57.2 55.2 54.3 54.3 52.9 52.8 50.2 46.2 41.5 37.9 34 29.1 25 20.7 17.9 18.2 26 29.2 25.2 20.3 12.6 6.8 -0.6 -0.6 -0.6 -0.6 -0.6 -0.6 -0.6 -0.6 -0.6 -0.6 -0.6 -0.6 -0.6 -0.6 -0.6 -0.6 -0.6 -0.6 -0.6 -0.6 -0.6 -0.6 -0.6 -0.6 -0.6 14.7 15.9 15.4 17.4 21.6 27.3 27.7 -0.6 -0.6 -0.6 -0.6 -0.6 -0.6 -0.6 -0.6 -0.6 -0.6 -0.6 -0.6 -0.6 -0.6 -0.6 -0.6 -0.6 -0.6 -0.6 -0.6 -0.6 -0.6 -0.6 -0.6 -0.6 -0.6 -0.6
60 61.9 63.3 62.4 60.7 58.8 58.9 58.3 57.9 57.2 53.9 50.9 49.8 45.5 40.6 35 30.8 26.1 22.7 23.1 30.9 38.9 33.2 23.9 15.2 7.2 -0.6 -0.6 -0.6 -0.6 -0.6 -0.6 -0.6 -0.6 -0.6 -0.6 -0.6 -0.6 -0.6 -0.6 -0.6 -0.6 -0.6 -0.6 -0.6 -0.6 -0.6 -0.6 -0.6 -0.6 -0.6 18.4 17.4 15.5 15.2 21 28 29.3 -0.6 -0.6 -0.6 -0.6 -0.6 -0.6 -0.6 -0.6 -0.6 -0.6 -0.6 -0.6 -0.6 -0.6 -0.6 -0.6 -0.6 -0.6 -0.6 -0.6 -0.6 -0.6 -0.6 -0.6 -0.6 -0.6 -0.6
64.3 66.2 66.7 65.1 64.2 64.8 63.4 61.8 60.9 62 61.2 59.5 56.7 52.4 48.9 43.7 37.5 32.3 27.8 26.8 33.9 39.4 36.8 29.4 20.2 12.4 1.3 -0.6 -0.6 -0.6 -0.6 -0.6 -0.6 -0.6 -0.6 -0.6 -0.6 -0.6 -0.6 -0.6 -0.6 -0.6 -0.6 -0.6 -0.6 -0.6 -0.6 -0.6 -0.6 -0.6 6.7 18.1 16 14.1 14.1 25.8 30.5 28.5 -0.6 -0.6 -0.6 -0.6 -0.6 -0.6 -0.6 -0.6 -0.6 -0.6 -0.6 -0.6 -0.6 -0.6 -0.6 -0.6 -0.6 -0.6 -0.6 -0.6 -0.6 -0.6 -0.6 -0.6 -0.6 -0.6 -0.6
68 68.4 68.2 67.8 70.5 70 67 66.7 67.9 66.9 67.9 67.5 64.5 61.5 56.4 50.5 44.5 39 33 31.2 36.4 41.7 45.5 37.2 26.4 16.1 6.5 -0.6 -0.6 -0.6 -0.6 -0.6 -0.6 -0.6 -0.6 -0.6 -0.6 -0.6 -0.6 -0.6 -0.6 -0.6 -0.6 -0.6 -0.6 -0.6 -0.6 -0.6 -0.6 -0.6 11.8 16.6 13.4 13.1 13.6 23.1 24.8 -0.6 -0.6 -0.6 -0.6 -0.6 -0.6 -0.6 -0.6 -0.6 -0.6 -0.6 -0.6 -0.6 -0.6 -0.6 -0.6 -0.6 -0.6 -0.6 -0.6 -0.6 -0.6 -0.6 -0.6 -0.6 -0.6 -0.6 -0.6
68.4 69.1 69.2 70.8 72.8 71.6 72.8 72.8 72 72.3 74.8 75 72.2 68 63.2 57.5 51.9 45.8 38.4 35.4 38.8 41.7 43.5 42.1 30.6 19.8 10.6 -0.6 -0.6 -0.6 -0.6 -0.6 -0.6 -0.6 -0.6 -0.6 -0.6 -0.6 -0.6 -0.6 -0.6 -0.6 3.6 3.8 -0.6 -0.6 -0.6 -0.6 -0.6 -0.6 8 12.7 13.9 15.2 16.4 16.3 16.4 -0.6 -0.6 -0.6 -0.6 -0.6 -0.6 -0.6 -0.6 -0.6 -0.6 -0.6 -0.6 -0.6 -0.6 -0.6 -0.6 -0.6 -0.6 -0.6 -0.6 -0.6 -0.6 -0.6 -0.6 -0.6 -0.6 -0.6 -0.6
68.6 69.4 69.2 71.5 73.9 73.9 75.7 76.7 75.5 76.8 79.2 79.8 76.5 73.1 68.9 65.5 59.3 51.2 46.2 42.7 42.1 44 43.7 41.3 35.8 23.9 13.6 0.9 -0.6 -0.6 -0.6 -0.6 -0.6 -0.6 -0.6 -0.6 -0.6 -0.6 -0.6 -0.6 -0.6 6.1 8 7 5.4 -0.6 -0.6 -0.6 -0.6 -0.6 13.5 15.2 17.6 22.8 25.3 18.7 9.2 -0.6 -0.6 -0.6 -0.6 -0.6 -0.6 -0.6 -0.6 -0.6 -0.6 -0.6 -0.6 -0.6 -0.6 -0.6 -0.6 -0.6 -0.6 -0.6 -0.6 -0.6 -0.6 -0.6 -0.6 -0.6 -0.6 -0.6 -0.6
67.3 68.9 70.2 72.5 73.3 74.6 77.9 79.5 81.1 81.2 82 82.9 81.4 78.3 75.8 70.1 64.1 58.1 52.4 45.7 42.6 42.2 41.8 37.5 34.8 27.8 18.1 8.9 -0.6 -0.6 -0.6 -0.6 -0.6 -0.6 -0.6 -0.6 -0.6 -0.6 -0.6 -0.6 -0.6 9.3 9.9 8.8 6 -0.6 -0.6 -0.6 -0.6 9.8 14 17.4 20.6 31.8 32.7 25.3 -0.6 -0.6 -0.6 -0.6 -0.6 -0.6 -0.6 -0.6 -0.6 -0.6 -0.6 -0.6 -0.6 -0.6 -0.6 -0.6 -0.6 -0.6 -0.6 -0.6 -0.6 -0.6 -0.6 -0.6 -0.6 -0.6 -0.6 -0.6 -0.6
68.2 69.9 71.7 73.5 73.8 75.9 80.9 84.8 86.4 86.1 83.8 83.7 81.5 80.3 77.3 72.5 66.8 60.9 54.4 49.3 43.7 41.8 39.5 35.1 34.8 26.1 19.5 14.5 6.3 -0.6 -0.6 -0.6 -0.6 -0.6 -0.6 -0.6 -0.6 -0.6 -0.6 -0.6 -0.6 9.9 8.8 7.5 5.7 5 6.9 7.1 5.9 11 18.4 22.3 27.7 37.4 34.7 28 -0.6 -0.6 -0.6 -0.6 -0.6 -0.6 -0.6 -0.6 -0.6 -0.6 -0.6 -0.6 -0.6 -0.6 -0.6 -0.6 -0.6 -0.6 -0.6 -0.6 -0.6 -0.6 -0.6 -0.6 -0.6 -0.6 -0.6 -0.6 -0.6
70.7 71 72.2 73 75 76.3 81.2 85.4 87.7 87.9 85.3 83.7 82.4 83.2 79.9 74.1 69.5 63.4 57.9 51.3 46.5 43.4 39.8 34.7 30.9 25 23.5 21.7 13.1 -0.6 -0.6 -0.6 -0.6 -0.6 -0.6 -0.6 -0.6 -0.6 -0.6 -0.6 2.4 6.3 7.1 6.3 6.3 8.5 9.5 9.1 11 17.4 24.3 27.4 37.7 42.4 38 30.7 -0.6 -0.6 -0.6 -0.6 -0.6 -0.6 -0.6 -0.6 -0.6 -0.6 -0.6 -0.6 -0.6 -0.6 -0.6 -0.6 -0.6 -0.6 -0.6 -0.6 -0.6 -0.6 -0.6 -0.6 -0.6 -0.6 -0.6 -0.6 -0.6
68.7 69.3 70.9 71.2 73 77.4 82 84.9 87.5 88.4 87.9 87.2 84.1 83.4 79.3 73.2 68.4 63.6 58.4 50.2 46.5 43.1 38.8 35.2 33.2 25.5 29.4 27.7 20.7 9.2 -0.6 -0.6 -0.6 -0.6 -0.6 -0.6 -0.6 -0.6 -0.6 -0.6 1.1 3.8 5.9 7.2 8.1 11.2 11 12.2 16.9 23.6 29.9 35.2 43.7 46.9 39.3 32.1 -0.6 -0.6 -0.6 -0.6 -0.6 -0.6 -0.6 -0.6 -0.6 -0.6 -0.6 -0.6 -0.6 -0.6 -0.6 -0.6 -0.6 -0.6 -0.6 -0.6 -0.6 -0.6 -0.6 -0.6 -0.6 -0.6 -0.6 -0.6 -0.6
64.4 65.8 67.7 69.1 71.6 76.4 82.3 84.6 84.7 85.5 85.4 85.1 82.9 82.8 77.9 70.9 66.5 62.2 56.8 48.8 44.2 40.8 37.1 33.2 30.7 28 38.4 36.4 28.3 17.2 -0.6 -0.6 -0.6 -0.6 -0.6 -0.6 -0.6 -0.6 -0.6 -0.6 1 3.3 6.3 8.8 9.2 12.2 13.3 17.4 22.7 29.1 38.3 44.9 52.8 52.4 43.5 33.4 -0.6 -0.6 -0.6 -0.6 -0.6 -0.6 -0.6 -0.6 -0.6 -0.6 -0.6 -0.6 -0.6 -0.6 -0.6 -0.6 -0.6 -0.6 -0.6 -0.6 -0.6 -0.6 -0.6 -0.6 -0.6 -0.6 -0.6 -0.6 -0.6
64.5 64.1 65.3 69 74.6 79 82.5 82.9 83.2 83.6 82.1 81.7 79.7 79.1 74.1 67 63.7 59.4 53.7 45.8 41.5 38.6 34.9 32.1 27.3 27.1 32.4 35.6 32.4 19.5 8.5 -0.6 -0.6 -0.6 -0.6 -0.6 -0.6 -0.6 -0.6 -0.6 3.7 6.2 10 13.1 15.8 21.2 24.1 26.9 31.2 37 46.2 54.4 62.1 58.5 47.8 35.3 -0.6 -0.6 -0.6 -0.6 -0.6 -0.6 -0.6 -0.6 -0.6 -0.6 -0.6 -0.6 -0.6 -0.6 -0.6 -0.6 -0.6 -0.6 -0.6 -0.6 -0.6 -0.6 -0.6 -0.6 -0.6 -0.6 -0.6 -0.6 -0.6
66 65 66.3 69.9 72.7 78 80.6 81.9 82.6 82.4 79.8 79 75.8 72.9 68.7 62.1 59.6 54.8 49.9 43.4 39.4 36.2 32.8 30.7 25.2 24.2 25.7 32.3 31.9 21.6 10.8 -0.6 -0.6 -0.6 -0.6 -0.6 -0.6 -0.6 -0.6 6.5 9.4 12 16.4 20 26.2 33 36.7 44.8 46.1 48.8 54 66 70.9 65.6 53 36.6 -0.6 -0.6 -0.6 -0.6 -0.6 -0.6 -0.6 -0.6 -0.6 -0.6 -0.6 -0.6 -0.6 -0.6 -0.6 -0.6 -0.6 -0.6 -0.6 -0.6 -0.6 -0.6 -0.6 -0.6 -0.6 -0.6 -0.6 -0.6 -0.6
67.8 69.3 69.2 70.1 68.8 72.1 77.1 80.6 80.8 79.4 76 75.1 71.4 66.1 63 56.9 53.2 48.7 43.8 38.5 36.5 34.2 30.7 28.8 23.1 21.2 22.9 26.6 30.7 24.7 13 -0.6 -0.6 -0.6 -0.6 -0.6 2.5 4 9.3 12.2 15.2 20.2 25.1 29.5 36.5 43.3 52.3 56.8 61.9 65.7 68 77.2 77.9 71.4 56.4 34.8 -0.6 -0.6 -0.6 -0.6 -0.6 -0.6 -0.6 -0.6 -0.6 -0.6 -0.6 -0.6 -0.6 -0.6 -0.6 -0.6 -0.6 -0.6 -0.6 -0.6 -0.6 -0.6 -0.6 -0.6 -0.6 -0.6 -0.6 -0.6 -0.6
72.1 72.8 70.1 69.3 68.6 67.1 71.3 67.6 76.6 74.8 71.9 69.6 66.7 59.7 55.9 51.2 46.3 42.1 38.3 34.6 32.8 29.9 26.5 25.5 21.4 18 18.7 20.9 24.7 22.1 15.8 9.8 -0.6 -0.6 5.3 3.4 4.2 8.7 14.8 17.8 21.9 26.7 31.7 38 44.4 53.3 61.1 64.1 73.9 80.5 84.7 90.1 84.8 76.2 56 32.2 -0.6 -0.6 -0.6 -0.6 -0.6 -0.6 -0.6 -0.6 -0.6 -0.6 -0.6 -0.6 -0.6 -0.6 -0.6 -0.6 -0.6 -0.6 -0.6 -0.6 -0.6 -0.6 -0.6 -0.6 -0.6 -0.6 -0.6 -0.6 -0.6
73.6 72.7 70.2 69.4 67.4 65 66.8 67.3 72.4 69.3 65.4 61.4 58.8 53.8 50.1 46 41.2 37 33.4 31.7 29.1 26.2 23.4 22.4 19.2 14.7 14.9 17.2 18.8 19.6 16.9 11.6 6.9 10.1 9 7.4 8.4 15.5 20.7 23 26.5 31.9 37.7 44.8 53.5 59 64.9 74 86.9 95 100.6 98.9 91.3 79 56.7 27.3 -0.6 -0.6 -0.6 -0.6 -0.6 -0.6 -0.6 -0.6 -0.6 -0.6 -0.6 -0.6 -0.6 -0.6 -0.6 -0.6 -0.6 -0.6 -0.6 -0.6 -0.6 -0.6 -0.6 -0.6 -0.6 -0.6 -0.6 -0.6 -0.6
73.2 71.6 69.9 69.8 66.5 64.4 64.4 64.3 65.8 61.8 57.7 54.3 49.9 45 41.3 39.3 34.8 31.4 28.3 28 25.2 22.9 20 18.7 17.5 14.3 14.3 15.5 15.7 15.6 14.3 8.7 11.4 14.1 14.1 12.1 15.4 21.9 25.7 28.6 31.7 35.3 42.9 53.6 59.8 64 71.4 87 98.6 106.5 110.7 105.5 96 79.8 56 22.9 -0.6 -0.6 -0.6 -0.6 -0.6 -0.6 -0.6 -0.6 -0.6 -0.6 -0.6 -0.6 -0.6 -0.6 -0.6 -0.6 -0.6 -0.6 -0.6 -0.6 -0.6 -0.6 -0.6 -0.6 -0.6 -0.6 -0.6 -0.6 -0.6
68.6 68.7 69.4 69.3 66.4 65.2 63.8 61.2 57.8 53.2 49.9 47.4 42.6 39.3 35.8 33.9 30.8 27.1 23.6 23 21.1 19.4 18 16.9 15.3 14.3 14.3 14.3 13.8 14.2 13.3 15 16 17.8 18 18.6 21.1 26.2 31.5 35.4 37.1 40 49.4 57.9 64.7 72 79.5 97.4 107.9 117.1 117.3 107.5 95.9 77.8 53.6 -0.6 -0.6 -0.6 -0.6 -0.6 -0.6 -0.6 -0.6 -0.6 -0.6 -0.6 -0.6 -0.6 -0.6 -0.6 -0.6 -0.6 -0.6 -0.6 -0.6 -0.6 -0.6 -0.6 -0.6 -0.6 -0.6 -0.6 -0.6 -0.6 -0.6
59.8 64 66.7 66.7 66.2 66.6 65.3 63.9 58.2 51.4 46.4 41.9 37.7 34.9 31.6 27.9 26.1 23.9 20.6 19.2 18.1 16.9 16.1 15 14.3 14.3 14.3 14.3 14.3 14.3 15.9 18.5 22 22.5 23 23.7 25.6 29.9 35.9 41 43.7 46.3 54 64.3 71.3 81.2 90.8 109.1 117.3 127.4 119.3 105.1 93.7 71.8 46.1 -0.6 -0.6 -0.6 -0.6 -0.6 -0.6 -0.6 -0.6 -0.6 -0.6 -0.6 -0.6 -0.6 -0.6 -0.6 -0.6 -0.6 -0.6 -0.6 -0.6 -0.6 -0.6 -0.6 -0.6 -0.6 -0.6 -0.6 -0.6 -0.6 -0.6
54.2 57.1 61.1 62.6 66 66.7 67.9 64.1 57.2 51.8 44.9 39 34.6 32.1 29.1 26.2 23.6 21.4 19.2 17.7 16.6 16 15.1 14.4 14.3 14.3 14.3 14.3 14.3 14.3 16.3 20.6 23.2 25.5 29.1 29.6 29.9 35.7 41.6 46.5 50.5 53.3 61 70.8 79.8 89.3 103.4 120.4 127.8 133.8 119.1 103 91.5 71 43.4 -0.6 -0.6 -0.6 -0.6 -0.6 -0.6 -0.6 -0.6 -0.6 -0.6 -0.6 -0.6 -0.6 -0.6 -0.6 -0.6 -0.6 -0.6 -0.6 -0.6 -0.6 -0.6 -0.6 -0.6 -0.6 -0.6 -0.6 -0.6 -0.6 -0.6
52.7 53.3 55 60.1 63.7 64.6 63.9 61.5 55.9 51.1 45.1 38.7 34.2 31.5 29.2 25.5 23 21.1 19.2 17.9 17 17.1 16.8 15.6 14.5 14.3 14.3 14.3 14.3 14.6 16.6 18.8 22.3 26.3 31.1 33.8 34.7 39.2 46.5 51.6 55.7 59.9 67.5 76.3 87.6 97.7 118.6 131.3 138.9 130 114.5 100.4 85.8 63 38.8 15.3 -0.6 -0.6 -0.6 -0.6 -0.6 -0.6 -0.6 -0.6 -0.6 -0.6 -0.6 -0.6 -0.6 -0.6 -0.6 -0.6 -0.6 -0.6 -0.6 -0.6 -0.6 -0.6 -0.6 -0.6 -0.6 -0.6 -0.6 -0.6 -0.6
53.2 54.9 56.9 59.2 61 61.7 60.4 59.5 56 52.3 46.2 41.4 35 30.5 28.4 25.5 22.8 21.2 19.7 18.7 17.8 18.4 19.4 19.1 16.5 13.1 14.3 14.3 14 15.1 17.1 19.1 22.6 28.4 32.6 36.2 40 43.8 49 53.6 58.8 65.5 73.4 81.2 93 106.4 129.6 139.2 139.8 125.4 110 97.6 85.5 62.3 36.3 15.9 -0.6 -0.6 -0.6 -0.6 -0.6 -0.6 -0.6 -0.6 -0.6 -0.6 -0.6 -0.6 -0.6 -0.6 -0.6 -0.6 1.9 -0.6 -0.6 -0.6 -0.6 -0.6 -0.6 -0.6 -0.6 -0.6 -0.6 -0.6 -0.6
56.2 58.8 60.3 62.2 63.8 63.2 60.2 58.1 55 52.1 47.5 42 36.4 31.7 28.2 25.5 23.5 22.5 21.3 20.3 20.1 22.1 23.2 22.7 19.6 16.1 14.3 14.1 15.1 16 17.6 19.6 24.3 30.3 34.7 37.6 41.2 47.2 52.9 57.4 61.2 68.1 77.1 85.8 96.4 114.1 134.9 139.6 132.9 119.1 104.6 95.5 80.8 58.1 33.6 17.6 6.9 -0.6 -0.6 -0.6 -0.6 -0.6 -0.6 -0.6 -0.6 -0.6 -0.6 -0.6 -0.6 0.9 -0.6 8.9 -0.6 -0.6 -0.6 -0.6 -0.6 -0.6 -0.6 -0.6 -0.6 -0.6 -0.6 -0.6 -0.6
58.8 62.2 66.6 65 63.1 62.4 61.2 58.7 54.6 50.9 47.8 43.1 38.5 34.1 30.3 26.7 24.4 23.2 21.9 22.3 23.2 25.4 25.2 24.1 22.3 18.1 15 15.1 15.1 16.6 18.4 20.2 26 32.7 37.4 39.5 41.3 48.8 55.8 60.1 63.8 70.9 81.8 87.3 99.4 118.3 134.4 133.9 123.4 112.7 101.9 91.2 80 59.9 37 20.8 12.6 -0.6 -0.6 -0.6 -0.6 -0.6 -0.6 -0.6 -0.6 -0.6 -0.6 -0.6 -0.6 8.3 10.6 12.2 14.5 15.6 -0.6 -0.6 -0.6 -0.6 -0.6 -0.6 -0.6 -0.6 -0.6 -0.6 -0.6
57 62.3 66.7 64.9 61.1 60.4 61.4 59.1 55.5 52.5 49.4 44.6 42.4 36.8 33 29 25.7 23.7 23.4 24.9 26.6 29.1 27.6 26.5 25.6 21.2 17.8 16.4 17 17.5 18.9 20.9 26 34.1 40 41.5 42.7 49.9 57.7 62.9 67.3 72.4 82.2 88.8 100.1 113.1 130.5 130.7 120.4 105.9 95.9 87.7 77.5 58.4 38.6 21.9 15.8 11.3 -0.6 -0.6 -0.6 -0.6 -0.6 -0.6 -0.6 -0.6 -0.6 -0.6 7.3 10.8 12.3 14.2 19.7 23 -0.6 -0.6 -0.6 -0.6 -0.6 -0.6 -0.6 -0.6 -0.6 -0.6 -0.6
52.9 59.4 63.6 62.8 59.7 59.7 58.5 57.1 55.4 53.7 51.5 47.9 44.5 39.7 35.5 32.1 28.8 25.3 25.6 26.6 28.2 30.6 29 28 26.5 23.2 18.4 18.6 17.5 18.5 19.5 21.7 27 33.5 40.6 44.2 45.6 48.6 59.4 65.7 70.4 75.9 83.3 89.5 97.4 108.2 123.8 132.4 120.9 103.6 90.2 83.5 77.3 59.7 41.8 25.1 23.6 13.8 -0.6 -0.6 -0.6 -0.6 -0.6 -0.6 -0.6 -0.6 0.8 6.3 9.6 12.6 14.2 18.2 23.1 -0.6 -0.6 -0.6 -0.6 -0.6 -0.6 -0.6 -0.6 -0.6 -0.6 -0.6 -0.6
49 54.6 58.9 58.6 57.3 57.5 57.5 56.1 56.6 56.6 55.2 52.2 48 43.8 39 35.4 31.5 28.9 26.2 26.3 27.3 30.3 29.5 28.1 26.9 24.5 20 18.8 18 18.7 20 22.9 28.7 34.7 40.9 45.4 48.1 49.1 57.4 67.5 71.8 76.3 83.3 88.9 94.1 104.3 120.2 129.9 113.3 96.9 85.2 79 75.1 60.1 43.1 26.1 24.5 13.2 -0.6 -0.6 -0.6 -0.6 -0.6 -0.6 -0.6 -0.6 2.1 8.6 11.8 16 17.1 22.6 24.8 -0.6 -0.6 -0.6 -0.6 -0.6 -0.6 -0.6 -0.6 -0.6 -0.6 -0.6 -0.6
45.1 50.6 54.3 56 55.2 56.2 56.5 57.3 57.8 57.7 55.9 54.7 50.9 46.1 41.4 37.9 35.7 33 30 27 26.7 28.7 28.3 27.3 26.1 25.1 21.8 19.4 18.7 19.1 20.2 22.9 29 35.1 40.9 46.7 50 50 50.7 61 70.7 77.6 84.1 89 92.2 102.8 115.4 126.2 112.1 95.6 81.1 75.2 67.6 52.8 35.2 24.4 18.3 10.2 -0.6 -0.6 -0.6 -0.6 0.5 -0.6 -0.6 -0.6 7.1 11.4 14 16.8 20.4 23.3 26.2 -0.6 -0.6 17.8 -0.6 0.1 -0.6 -0.6 -0.6 -0.6 -0.6 -0.6 -0.6
43 48 51.9 54.3 53.5 54.2 55.4 58.2 57 57.6 57.7 56.6 52.8 48.1 43.5 40.1 38.1 34.9 30.3 30 28.9 26.7 26.5 26.1 25.8 25.1 23.2 20.3 19.1 19.7 21 22.8 28.7 33.5 39.8 45.5 49.9 51 50.7 53.8 66.3 78 85.3 88.4 90.6 102 106.8 117.9 111 93.4 79.7 72.3 63.5 48.9 35.2 22.9 15.5 7.9 -0.6 -0.6 -0.6 -0.6 0.9 -0.6 -0.6 3 7.7 12.1 16 18.8 19 22.8 25.7 11.4 34.4 32.7 -0.6 2.5 -0.6 -0.6 -0.6 -0.6 -0.6 -0.6 -0.6
40.4 44.7 48.2 51 52.5 53.4 54.2 56 57.5 56.8 57.5 56.4 53.2 48.9 45.3 42.2 38.9 34.3 32.5 32.1 28.2 25.4 24.8 27.8 28.6 26.9 23.3 20.8 20.3 20.2 21 23.3 26.4 31.3 37.6 44.5 49.5 50.8 50.2 50.8 61.5 75.8 80.7 82.7 85.7 97 98.3 102.7 108.1 95.3 78.3 69 58.8 46.4 32.2 19.5 12.5 6 -0.6 -0.6 -0.6 -0.6 1.1 5 4.7 6.4 8 12.4 16.7 20.8 20.6 21.4 23.3 28.4 32.4 31.2 19.1 10 9.7 2.2 -0.6 -0.6 11 19 23.2
35.4 39.7 46 48.3 49.6 51.9 54.4 56.1 57.6 57 56.2 54.8 52.8 50.6 47 43.9 39.7 34.2 33.3 31.3 28.3 26.5 24 26.8 26.7 26.2 24.2 22.2 21.1 21.3 22.3 23.6 26.1 30 36.6 43.8 48.8 50.9 50.9 51.2 57 69.9 74.2 73.5 77.6 87.3 91 93.3 93.8 90.2 77.6 65.7 54.8 40.8 27.4 16.9 13.1 -0.6 -0.6 -0.6 -0.6 -0.6 4.6 4.5 5 6.1 8.1 12.8 17.5 22.4 23.1 22.9 25.4 31.4 30.4 28.4 17.4 11.3 11 9.5 12.5 15.6 19.7 24.8 24.2
32.8 36.3 39.6 43.5 48.8 52.2 53.7 55.8 57.2 56.4 55.4 53.1 52.1 49.4 46.6 41.4 37.6 35.1 34.4 32.9 29.8 27.5 25.8 25.8 25.8 23.8 25.8 23.9 22.9 23.1 23.9 25.1 27.4 29.7 35.6 43.5 48.4 52.1 52.7 52.2 55.3 65.1 69.6 67.9 67.8 73 82.7 82.9 84.4 79.1 71.6 60.9 48.4 34.2 20.8 12.9 8.8 -0.6 -0.6 -0.6 -0.6 6.9 5.8 4.9 4.3 5.2 8.8 13.2 18.3 23.6 25.9 25.9 31.5 28.2 27 26.6 19 11.4 11.1 12.5 14.4 17.3 22.6 26.5 26
30.6 34.1 37.2 40.9 47.8 51.2 53 52.9 54.3 53.5 53 49.4 49 48.1 46.2 44.3 41.9 39.1 36.7 33.7 31.1 28.9 24.6 25.8 25.8 25.8 25.8 25.8 25.6 25.4 26.9 26.7 29.3 30.4 36.7 43.9 50 53.9 53.9 53.3 53.8 60.6 65.7 63.8 62.2 64.4 72.6 73.3 72.2 70.3 66.2 56.3 38.3 22.7 14.5 7 3.3 -0.6 -0.6 -0.6 -0.6 6 -0.6 -0.6 0.8 3.8 8.1 12.3 17.6 23.1 27.4 29.8 28.6 23.7 24.4 30.4 19.5 12.5 12 13 14.2 18.4 25.2 26.8 26.7
29.1 31.4 34.6 38.7 44.3 47.1 48.4 49 49.6 50.4 50.3 50.2 49.5 48.8 50.3 46.5 45.4 43.6 41 37.5 34.4 29.1 24.6 25.8 25.8 25.8 25.8 26.1 27 28.3 29.6 29.5 31.8 33.1 37.1 44.1 50.2 55 54.8 54.4 54.1 55.9 60.7 59.8 58.9 57.6 61 66.4 62.4 60 58.8 52.7 32.7 17.3 9 -0.6 -0.6 -0.6 -0.6 -0.6 0.7 5.6 -0.6 -0.6 -0.6 -0.6 6.2 11.4 18.1 22.6 25.7 28.8 23.1 20.2 21.4 21.7 17.1 13.8 12.4 13 14.3 18.5 25 27.9 28.4
27.8 30.6 32.9 36.8 40 43.3 48.2 50.8 51.6 51.5 52.5 53.4 51.8 50.2 49.4 48.7 49.8 47.6 45 42.3 35.6 29.9 25.4 25.8 25.8 25.8 25.8 27.1 30.2 31.6 32.3 33.3 34.7 35.8 40.1 44.4 48.7 54.7 55.5 55.8 56.1 56.1 56.1 57 58.1 56.1 52.7 57.6 57.2 52 50 44.7 26.8 11.5 6.5 -0.6 -0.6 -0.6 -0.6 -0.6 5.4 6.4 -0.6 -0.6 -0.6 -0.6 7 13.1 19.4 23.8 26.7 26 19.3 15.6 15 16.8 15.5 12.8 12.3 13.2 14.9 18.6 23.2 26.8 29
27.3 30 33.5 38.1 41 45.6 48.9 52.8 53.7 56.1 56.5 56.7 55.3 55.1 52.1 51.4 53.3 51.6 49.1 44.2 37.3 31.4 26.1 25.8 25.8 25.8 25.8 26.1 31.9 35.2 36.6 37.4 38.4 39.7 42.1 46 50.8 53.9 55.9 57 54.8 56.1 56.1 54.5 56.9 58.1 53.8 49.9 50.5 44.9 38.6 35.2 22.8 8.4 3.6 -0.6 -0.6 -0.6 -0.6 -0.6 2.3 -0.6 -0.6 -0.6 -0.6 -0.6 8.3 13.2 18.7 21.4 26.4 21.5 16 9.4 10.9 13 13.9 12.7 12 13.3 15.1 19.3 23.4 26.1 29.1
29 34 38.2 42.5 46.7 49.2 50.9 54 55.8 59.8 60.2 61.2 59.4 58.9 57.8 54.2 55.1 56.5 53.6 46.5 38.9 33.2 28.9 24 25.8 25.8 25.8 25.8 29.1 36.1 39.5 39.7 41.8 42.9 44.9 47.8 52 55.4 56.8 57.9 58.2 55.1 56.1 55.6 56.4 57.7 54.7 48.7 44 41.7 36.7 28.3 20.9 8.4 1.2 -0.6 -0.6 -0.6 -0.6 -0.6 -0.6 -0.6 -0.6 -0.6 -0.6 1.8 9.3 14.6 19.6 18.5 19.8 17.2 12.2 0.9 3.9 10.8 12.3 12.4 11.6 13.2 15.9 20.4 23.8 26.5 29.3
