Assets/StreamingAssets/GeoData/Data/sk/SK07.asc
ncols 200
nrows 200
xllcorner 400000
yllcorner 370000
cellsize 50
[rows 0 to 34 of 200, columns 0 to 77 of 200]
287.9 273.7 262 256.3 252.6 248.4 243.9 240 235.2 229.7 224.7 216.9 201.9 183.4 176.6 179.8 191.4 196 200 206.9 211.4 216.2 221 224 222.5 218.1 213.5 212.1 213 212.5 208.6 207.1 211.7 217.4 224 229.8 236.3 241.4 238.5 235 231.2 226.5 214.2 203 202 200.4 199.8 200.7 204.3 205.9 207.5 209.7 212 214.1 215.3 213.4 209.6 211.7 210 207.6 204.9 201.6 197.1 195.9 198.3 198.9 198.3 203.9 207.8 211.9 212.2 214.8 217 216.9 214.8 214.8 217.3 220
288 274.4 263.2 258.1 254.7 251.7 247.8 243.5 239.1 232.9 227 216.7 200.1 186.2 178.3 178.9 194.2 201.1 207 212.5 217.1 220.9 224.7 226.1 225.8 222.8 218.9 216.9 216.5 217.1 215.8 210 215.1 220.1 226 232.1 238.2 244.7 249.7 246.6 242.4 239.9 229.6 217.7 209.6 207.4 207.8 209.7 214.8 221.4 221.9 222.6 223.3 225.1 226 224.2 220.7 217 214.3 212.2 210.1 207.2 206 202 196.6 195.2 198.8 198.7 203.1 205.5 214.8 214.8 214.8 214.8 214.8 214.8 218.2 220.2
288.3 275.8 265.5 260.8 258.2 255.8 252.1 248.3 242 234.8 228.2 216.1 199.9 190.5 178.8 176.2 190.7 203.1 211.8 217.8 222.6 225.9 227.5 229.3 228.8 227.6 225.2 222.6 222 222 221.3 221.4 216.4 223.2 228.8 234.5 240.8 247.3 255.1 258 252.6 248.8 242 228.2 219.2 217.4 218 219.2 223.9 229 234.5 236.5 235.9 238.2 239 232.1 225.8 222.3 218.9 216.4 214.6 212.4 210.9 210.1 207.1 204.8 200.5 199.5 200.8 208.9 214.8 214.8 214.8 214.8 214.8 216.2 218 220.3
289.4 276.6 268.3 264.4 263.3 260.3 256.3 252.2 245.3 237.1 227.9 214.3 202.6 196.2 186.1 177.6 184.1 203.4 215 221.8 227 231 232.4 234.8 234.4 235.1 233.5 231.2 227.7 227.9 227 225.4 223.2 225.7 231 237 243.7 250.2 257.4 266.3 264 257.1 252.2 245.7 239 232.4 228.7 227.9 233.1 236.6 240.2 242.5 242.5 244.2 244.8 240.3 232.5 227.4 222.9 221.2 218.5 215.4 214.3 215.6 213.1 203.5 209.8 204.7 207.3 214.8 214.8 214.8 214.8 214.8 215.9 218.5 219.9 221
290.7 278.2 270.5 267.7 266.6 264.4 260.1 255.5 247.9 237.7 226.1 214.3 207.4 199.2 190.7 179.6 179.7 200.8 214.9 225 231.2 235 239.3 240.6 241.7 241.6 241.9 239.6 233.9 232.6 232.8 232.3 231 228.4 233.7 239.6 246.4 253.1 259.5 269.3 272.5 266.8 260 264.6 258.4 249.3 242.9 240.7 239.7 244.4 247.2 248.8 249.2 249.1 248.5 246.2 238 232.2 228.1 225.9 222.4 220.4 219.2 218 217.6 210.9 213.4 213.3 214.8 214.8 214.8 214.8 214.8 214.8 216.9 218.7 219.5 220.5
292.1 280.9 273.7 270.6 269.8 268 263.6 257.5 247.7 236.6 227.1 217.4 210.6 201.7 193.3 180.2 180.7 198.9 215.1 227.7 234.5 238.9 242.3 245.1 245.7 246.9 246.8 245 241.2 237.9 237.4 236.6 235.7 234.6 237.2 242.7 249 256.1 263.2 271.9 279.3 275.8 270.1 276 281.3 266.9 258.3 254 250.3 251 254.9 256.8 256.2 255.2 252.4 248.7 242 236.6 233.7 230.6 226.3 225.4 223.7 222.1 220.3 218.8 218.7 215.3 214.8 214.8 214.8 214.8 214.8 214.8 214.8 216.2 217 218.3
293.8 281.7 275.3 271.6 270.7 269.5 264.6 257.4 246.1 234.5 226.6 218.4 211.7 204 195 179.3 181.5 199.4 217 230.4 236.8 241.8 245.4 247.8 248.8 250.4 251.2 249.7 247.1 243.4 241.9 240.8 239.9 241.2 242.1 246 251.6 258.4 266.7 274.5 283.8 284.8 278.9 282.3 292.8 291 277.1 267.3 261.2 257.9 262.8 263.4 263 260.1 257.5 252.8 248.4 243.3 239.4 236 232.2 229.9 228.2 226.1 223.8 222.7 221.9 219.7 218.5 214.8 214.8 214.8 214.8 214.8 214.8 214.8 214.8 214.8
295.6 282.9 274.6 269.9 268.2 264.9 261.5 255.4 244.7 234.2 227.4 218.7 211.2 203.4 195.6 181.4 184.2 200.6 216.9 231.8 237.6 242.9 247.1 249.5 250.9 251.9 252.9 254 251 248.6 246.6 244.9 244.2 245.5 247.6 250.5 255.3 261.3 270 278.1 287.3 293.4 289.3 285.9 296.6 306 298.4 287 276.8 272.3 271.5 272.2 269.8 267.3 263.9 259.2 255.3 250.2 244.8 241.8 237.9 235.2 232.8 228.7 227.1 226.6 225.2 222.9 221.3 218.5 214.8 214.8 214.8 214.8 214.8 214.8 214.8 214.8
297.3 283.3 273.1 267.3 261.7 256.5 254.3 253.2 244.5 234.9 227.2 216.5 209.7 202.3 191.8 181.5 182.4 198.4 212.5 221 232 242.7 248.2 250.2 252 253.1 254.1 255.5 253.1 250.3 248.3 247.6 246.7 248.4 250.6 254.2 258.6 264.3 273.9 282.5 290.5 299.4 298.3 290.8 300.3 310.4 318.9 309.1 300.7 291.3 284.4 283.8 280.3 274.8 270.2 266.2 262.8 258 252.7 247.8 244.4 240.9 238.1 235.4 232.4 231.1 228.9 222.3 223.9 221.3 218.3 214.8 214.8 214.8 214.8 214.8 214.8 215.3
298.5 284 272.5 265.4 257.9 250.2 246 243.2 238.6 230.8 223 213 204.9 193.5 194 182.6 180.5 187.8 199.6 209.7 218.9 233.5 244.3 249.1 251.2 253.2 254.6 255.8 253.5 249.3 247.3 247.6 247.3 250 253.2 257.5 262.4 268.1 278 287.6 296.1 303.1 304.8 296.7 305.2 314.3 323.6 322.8 320 312.3 296.4 298 293.6 285.8 279.8 275 271 267.2 260 254.8 250.6 247.7 243.7 240.7 238.2 235.6 232.6 229.4 226.7 224 221 217.7 214.8 214.8 214.8 214.8 214.8 214.8
300.2 286.4 273.5 265.6 257.9 249.5 241.6 235.1 229.5 224.4 217.1 206.7 204.9 205.2 202.3 190.5 182.1 182.3 183.4 194.9 207.6 217.7 234.3 245 248.8 251.6 254 254.5 250.8 246.8 245.1 246.1 247 250.5 255.1 258.9 265.6 271.9 282.1 291.7 301.6 308.8 311.7 308.7 308.6 317.7 325.9 327.9 327.6 324.5 319.2 314.4 307.3 299.9 292.5 287 281.3 276.4 272 268.2 260.6 255.8 250.7 246.7 243.6 240.3 236.5 233.3 226.2 226.5 223 220.4 216.9 214.8 214.8 214.8 214.8 214.8
305.7 290.7 277.4 267 259.3 251.9 244.9 238.2 230.4 222.2 213.2 213.2 212.4 209.3 206.2 202.9 194.3 183.5 180.3 183 194.7 209.3 220.6 235.5 244 247.9 250.5 252.1 247.2 243.1 242.3 243.9 246.4 250 256.2 262.2 266.7 276.5 286.8 296.2 306.1 314.1 317.8 317.2 314 319.9 327.5 330.7 332.9 332.4 331.1 327.5 321.7 314.5 308 303.8 292.8 284.6 283.2 280.6 274.3 264.5 257.7 252.9 249.4 245.8 241.9 239.2 233.9 226.9 225.5 222.2 219.4 216.3 214.8 214.8 214.8 214.8
311 296.5 282.2 271 262.7 255 246.5 237.7 230 223.5 220.1 220.5 215.8 213 209.4 207 202.3 191.8 184 183.5 183.7 198.5 210.9 221.7 232.7 242.9 245.9 246.5 243.7 239.8 238.8 241 244.1 251 257.3 263.5 271.5 280.7 291.8 301 310 319.5 323.8 321.5 321.3 326.6 330.2 334.7 336.3 337 336.7 336.2 333.3 327.8 321.5 314.2 306.7 299.2 295.3 291.9 285.3 276.4 265.2 260.7 256.1 252.2 246.9 242.4 238.2 231.5 228.6 224.8 220.6 217.7 215.6 215.1 214.8 214.8
314.6 300.5 286.5 275.4 265.8 257.8 250.1 241.4 233.4 225 226.8 225.1 220.4 216.3 213.6 211.3 208.7 203.4 189.4 185.3 184.9 196.1 204.8 213.5 223.7 232.9 237.4 237.6 237.6 236.1 235.7 238.6 244 250 257.9 264.5 274.8 285.4 295.2 305 314.5 323.6 329 330 328.1 331.3 335 338.6 342.4 342.4 347.1 349.3 344.4 337.4 333.6 324.9 317.7 313.3 308.6 303.3 296.7 284.5 277.8 269.2 263.4 257.1 250.4 245.5 240.2 236.3 227.5 227.3 223.7 220.2 217.9 216.9 214.8 214.8
315.3 301.3 287.9 277.2 268.7 260.6 252.3 242.5 233.7 233 232.2 230.4 225.5 221.6 218.8 216.7 215.1 212.9 198.9 186.2 186.5 193.8 199.7 210.9 218.1 224.4 226.9 229 230.6 233.6 234.7 237.6 242.4 250.2 255.1 263.8 275.7 286.7 298.6 308.5 318.1 326.5 333.8 342 335.3 334.2 340.5 344.9 348.4 352.7 359.2 367.5 366.4 354.8 339.1 334.9 330.7 325.1 316.5 311.5 306.7 300.1 289.9 278.9 270.6 264.6 256.3 250.8 244.9 240.2 234.6 231.6 226.4 223.6 220.9 219.5 215.7 218.3
318.1 303.5 290.1 278.6 269 258.8 251.9 244.3 242 240.9 237.9 236.5 233.3 229.7 227.9 225.7 224.2 220.3 208.9 190.1 187.1 192.1 200 204.6 208.2 212.9 216.1 219.9 227.6 229.8 232.3 237.8 242.4 248.3 254.1 262.2 275.4 288.7 299.5 309.8 319.5 328 337.8 347.6 340.2 336.2 344.7 352 356 359.7 367 373.9 378.2 369.4 351.1 340.7 337.6 334.1 327.1 320.3 317.2 312.9 302.6 289.7 281.6 271.6 262.7 255.1 249.6 244.9 240.2 231.4 229 224.8 223.4 221.9 219.1 221.5
323.2 308 294.7 282.4 271.3 262.9 257.2 252.1 251.8 246.7 243.5 242.8 242 239.4 235.4 232 229.5 226.1 214.7 195.4 186.1 193.9 200.4 204.9 201.9 206 211.2 214.5 220.5 227.1 232.8 238 242.9 247.7 254.1 261.5 276.5 289.4 300 311.9 321.4 329.2 339.5 348.9 343.3 337.6 346 357.8 362 369 374.4 378.8 382.9 383.4 374.9 361 350.8 342 335.3 329.1 324.6 324.2 317.8 305.3 290.2 278.9 268.2 260.7 253.5 246.6 240.3 235.2 230.5 228 225.1 223.4 221.7 223.6
329.3 314.8 301.9 290.7 277.6 270.8 261.1 256.6 257.9 253.5 250.3 249.2 246.4 243.1 239.1 235.2 230.8 226.9 219.7 201.8 185.8 193.2 199.6 207.6 213.5 217.5 217.7 218 219.9 221 231.7 236.8 242.1 247.4 254.1 262 276.7 289.9 301.9 312.4 322.5 329.9 339.7 349.7 344.9 339 347.3 358.8 367.7 373.7 376.6 380 384 388.3 388.5 381.3 369.4 358.2 345.4 335.2 333.3 330.4 327.3 315.8 303.4 288.1 276.6 265.8 257.4 249.4 242 238.1 232.3 229.5 226.4 223.9 223.4 224.9
336.7 323.1 309.8 297.8 287 279.1 266.6 262.4 263.7 262.6 259.9 254.9 250.1 246.3 242.5 236.7 230.6 225.2 220.1 206 186.7 194.3 197.6 203.8 215.1 224 229.6 228.8 228.4 230.1 232 237.3 242.5 247.6 252.9 263.1 278.8 291.8 303.4 314.5 323 330.9 339.6 349.5 343 339.8 347.5 359 369.2 374.7 377.4 380.6 385.4 390.5 392.9 389.6 381.7 367.5 355.3 346.7 340 335 331.6 325.5 316.4 300.4 286.7 273.1 261.6 251.8 246.2 239.6 234.5 232.4 227.9 226 224.6 226.6
342.2 330 317.4 305.7 294.3 285.3 277.5 270.8 275.6 273.1 268.5 262.4 255.5 249.8 244.1 237.9 232.2 224.5 217 206.3 187.9 194.8 197.9 204.5 213.8 224.8 231.8 233.9 234.3 234.3 236.2 239.2 243.4 247.5 252.9 264.6 280.8 293.7 304.6 313.3 323.8 331.6 340.8 348.1 339.9 340.1 349.4 361.5 370.7 375.5 378.9 381.3 387.2 392.1 396.4 392.2 386.7 375.6 362.1 353.6 347.6 342.9 337.1 331.1 325.6 312.1 293.4 279.5 264.7 254.6 247.1 241.9 236.8 236.1 232.1 227.8 227.1 227.6
347.3 334.4 322.1 310.9 299.8 292.2 285.5 278.5 285.6 280.9 276.1 271.9 265.8 258.2 250.5 242.8 236.1 228.2 222.6 209 192.1 190.9 199.2 205.5 214.6 222.8 227.3 229.7 231.9 234 237 240.4 245.2 248.3 254.7 266.9 282.4 294.9 306.1 315.4 323.2 332.1 340.5 346.4 338 340.7 350.7 362.1 370.9 376.9 380.9 382.9 388.8 394.3 398.9 396.1 388 380.7 367.8 358.7 351.4 349.9 346.4 333.8 326 314.4 297.5 283.7 266.1 255.4 248.3 243.5 239 234.7 230.9 232.6 228.8 228.8
353.4 338.5 326 315.6 306.7 299.3 293.3 286.5 290.3 287.2 283.1 277.7 271.5 264.5 256.6 248.6 239.6 233.7 231.8 220.1 197.9 189.5 190.6 196.9 205.6 214 219.4 223 226.3 231 235.1 240 245.7 249.7 256.3 268.7 282.7 295.1 307 315.6 322.6 331.1 339.3 342.3 336.5 342.9 352.1 362.6 371.5 377.5 382.2 384.7 390.4 395.5 400.7 402.7 391.7 383.4 371.8 361.3 348.8 345.8 339.7 330.9 321.1 309.3 294.9 276.3 265.5 259.7 254.7 246.5 240.8 237.5 234.7 231.8 235.8 229.8
356.3 343.5 330.9 320.5 312.2 305.3 298.4 295.3 294.6 291.2 285.9 279.5 273 266.5 260 251 248.1 246.4 241.5 233 206.5 189.4 191.4 192.2 201.8 206.4 212.3 219.3 223 226.7 232.5 239.4 245.7 250.5 257.7 269.5 284.2 295.9 307.1 316 323.8 329.3 337.2 336 335.2 344.8 353.9 363 371.2 377.4 382.8 386.3 391.5 396.4 401.8 405.1 396.8 385.9 371.6 359.5 357 346.7 330.6 320.1 311.1 301.5 289.1 276.6 269.9 265.7 257.9 250.5 244.3 241.5 238.2 235.1 233 234.7
359.6 346.8 335.1 325.2 316.2 308.9 303.2 297.6 293.6 290.2 286.3 278.7 271.4 264.8 259.5 257 255.7 253.4 249.9 239.6 217.8 195 190.4 192.6 196.7 202.6 207.4 211.3 220.2 226.9 233.6 239.7 245.8 251.2 259.7 272.3 285.2 296.8 307.2 315.8 323.2 329.5 333.1 332.3 333.8 344.6 353.5 361.7 370 376.4 381.6 386.9 391 396.2 401.2 405.5 398.4 387.1 373.3 364.5 363.7 354.3 332.6 317.4 304.1 295 284.8 278.9 273.7 268.3 261.6 253.8 248.1 244.1 239.9 237.2 234.5 232.6
363 350.4 338.4 329.3 320.4 312.8 305.6 299.7 294.2 290.6 286.3 280 273.9 269.1 266.4 263.5 260.8 258.2 254.7 245.9 227.1 198.6 190.6 193.2 198.6 203.5 203.8 214.5 221.1 227.1 233.6 238.6 244.9 253.2 262.5 275 286.4 297.9 307.3 315.6 322.4 327.3 325.8 324.4 333.9 343.3 352.1 359.8 367.9 374.3 379.8 384.8 389.1 394.3 399.7 404.7 397.9 386.2 373.8 366.3 362.9 348.7 331.3 316.3 299.4 295.1 288.1 281.9 275 269.2 262.5 256 250.3 244.7 241.5 238.4 235.6 234
365.9 353.9 341.8 332.7 323.7 314.8 307.7 302.2 296.4 293.9 290.5 285.2 279.1 274.6 271.6 267.8 264.1 260.6 256.3 241.1 228.3 201.9 189.8 195.2 202.1 211.2 204.1 213.5 219.3 226.4 232.3 238.1 244.4 254 263.8 275.9 287.6 297.8 306.2 314.1 321.2 319.7 315.3 323 333.2 342.7 350.4 357.7 365.2 371.6 377.5 381.4 384.8 390.8 397.2 399.8 393.2 382 370.2 363.4 360.5 341.8 325.3 318.7 309.8 301.5 292.5 285.4 280.7 274.5 266.5 258.6 252.4 245.3 242.5 239.5 236.1 233.1
368.8 357.3 345.1 335 326.9 318.2 310.5 304.7 300.4 299.1 295 288.5 282.4 279.5 274.8 270.8 266.3 261.1 248.1 232.5 220 201.5 192.8 196 202.9 210.4 214.6 215.1 214.5 224.7 231.2 235.6 244.1 255.1 264.2 276.7 287.9 298 305.6 311.7 312.9 309.1 308.7 320.3 330.7 340 347.1 354.6 362 368.8 373.8 378.3 381.3 386.3 392.8 393.5 387.1 377.3 368.1 365.2 365.5 357.9 337.4 325.1 314.2 305.4 297.5 291.1 287 282.5 273.9 263.3 255.2 247.5 242.7 239.5 235.4 232.2
371.3 359.7 348 337.7 330.3 321.2 313.7 307.3 303.5 302.6 298.5 289.9 283.6 281.8 277.1 272.8 268.1 253.7 234.4 224 210.4 202.7 199.4 194.2 201.3 209.2 216.9 219.8 219.8 218.6 226.4 234.4 243.8 253.7 264.3 277.2 287.7 297 300.3 299.2 299.8 297.8 306.3 318.2 328.4 337.7 344.3 351.5 358.4 364.9 370.1 375.2 378.6 382.2 386.6 387.7 381.3 374.3 368 368.4 371.5 369.1 343.1 328.7 318.2 308.6 301.7 295.5 291.2 285.3 276.7 266.8 255.9 247.5 245.3 239.6 235.9 231.3
374.7 362.9 351.3 340.5 333.3 323.4 313.9 307.6 300.9 297.4 296.8 291.8 285 281.7 277.4 273.4 260 241.4 227.1 216.1 200.2 214 202.9 194.5 200.9 210 219.1 222.5 224.2 218.7 226.5 234.8 242.5 252.8 262.5 275.9 286.6 292.5 287.1 287.9 288.3 294.8 305.4 315.7 325.2 333.7 340.2 347.3 354.2 360.5 366.9 372.6 376.6 381 383.3 381.6 376.5 373.2 369.2 368.9 373.6 367 343.9 331.4 320.5 311.6 305.1 299.8 294.9 286.2 276.2 266.4 256.5 247.2 242.7 240 237.4 233.7
376.6 367.4 356.3 345.5 336.6 327.1 317.4 306.9 297.4 290.1 286.5 282 276 271 266.2 256.7 245.4 234.3 221.5 206.5 213.3 220.7 202.5 195 200.5 210.6 218.2 222.6 227.8 229.5 224.9 229.6 239.7 249.4 260.7 267.4 277.7 275.4 273.1 272.9 282.4 294 303 312.1 321.4 329.7 336.6 343.5 350.5 357.6 364 370.3 375.4 379.9 382.4 381.9 378.5 376.1 372.1 369 367.5 360.1 340.1 328.8 321.2 313.3 307 302.8 296.8 287.2 275.1 266.2 252.1 248.7 246.8 243.3 238.6 234.6
377.1 370.1 360.8 350.2 340.8 331.2 320.7 310.1 299.8 290 279.2 271 264.3 261.1 255.3 247.3 237.2 227 212.3 216.2 225.7 225.7 211.2 196.3 206.4 212.3 217.4 222.6 228 232.8 235.5 238.3 243.5 242.9 258.9 256.8 257.1 260.2 273.2 283.4 287.5 289.3 297.8 307 315.7 326 334.5 340.7 347.4 355 362.2 368.7 374.7 379.7 383.7 385.7 384 379.5 374.6 372.9 364.8 349.9 336.8 326.9 319 311.3 306.3 301.3 294.4 283.9 274.7 266.1 252.7 252.7 249.8 247.4 242.1 234.3
364.3 371.3 363.5 353.5 344.2 334.6 323.6 313.1 302.8 293.1 283.1 273.3 265.5 254.5 245.5 239 229 218.5 223.1 230.4 235.2 231.3 222.2 197.7 206.2 212.9 216.7 222.2 227 231.7 236.7 241.4 246.7 254.4 262.1 266.2 276.7 281.8 286.5 290.8 295 297.2 296.7 306.1 312.6 324 332.2 337 344.2 351.7 359.7 367 373.3 379.3 384.5 388.8 388.5 384.1 378 379.3 366.4 347.5 335.1 325.7 316.8 309.3 303.6 298.7 291.4 282.2 271.5 263 259.5 257.4 255.3 251.7 242.1 233.6
351.2 365.4 363.7 353.8 344.4 335.6 326.2 316.7 306.9 296.9 286.2 276.5 267.7 257.5 247.4 233.9 222.5 231.8 239 242 244.2 238.5 229.8 202 197.9 212.7 215.1 220.5 224.5 228.5 233.9 241.6 247.9 255.9 265.2 275.1 283.2 290.1 294.9 298.5 300.1 304.6 307.1 301.8 310.2 319.2 326.8 333.6 340.5 348.5 356.6 364.8 371.7 378.7 384.9 390.1 391 384.8 379 383.6 360.4 346.9 335.1 324.6 314.6 306.7 301.5 296 288.8 278.2 272.7 265.9 264 262 259.2 251.6 238.8 231.7
340.6 348.1 355.9 352.1 343.2 335 328.4 319.4 310.1 300.5 289.6 279.6 268.7 256.1 242.2 225.4 240.5 247.3 250.7 256.5 255.9 245.3 233.3 211.7 198.1 210 215.4 219 222.9 226.7 232.9 240.4 247.7 256.4 265.5 274.4 283.1 290.7 296.7 302.3 304.9 309.1 314.6 320.5 316.8 314.9 321.6 330 337.7 345.4 353.9 362.7 370.4 377.9 385 391.3 390 381.7 370.8 368.2 355.3 345.3 334.8 323.7 312.6 305.6 299.4 293.5 286 278 272 270.4 268 266.6 262.5 248.3 236.9 231.7
328.5 335.6 338.3 342 340.9 335.5 330 320.4 302.1 283.6 271.7 262.3 258.4 248 233.2 240.9 253.8 259.6 266.8 269.8 261.1 249.4 238.1 222.2 198.8 205 218 216.9 222.4 226.5 233.4 240.1 248.7 257.5 266 274.3 282.7 290.7 297.3 303.3 307.9 312.3 319.3 324.6 327.6 329.4 329.9 330.5 335.3 343 351.3 359.9 368.2 376.9 384.7 391.2 388.6 378.4 367 357.3 350.5 342.7 332.7 318.5 310.2 304.8 300.2 295.9 290 283.7 278.6 275.8 272.6 272 263.1 245 236.3 230.9
