Assets/StreamingAssets/GeoData/Data/sk/SK08.asc
ncols 200
nrows 200
xllcorner 400000
yllcorner 380000
cellsize 50
[rows 70 to 104 of 200, columns 78 to 155 of 200]
228.7 238.7 243.9 247.8 245.7 238.9 237.2 250.1 259.6 267.2 273.5 278.3 281.8 284.5 285.2 286.9 292 299.3 307.2 314.3 318.4 307.1 291 288.7 293.8 292.2 279.9 261 241.8 229.7 233.4 249.9 265.2 275.4 282.9 292.2 302.3 314.5 328.6 339.9 348.4 358.9 368.8 379.5 391 398.8 406.1 411.3 414.7 417.6 419.4 416.5 421.6 433 453.7 464.1 479.8 485.3 506.2 527.5 534.8 541.7 545.7 545.7 546.3 540.1 530.6 526.4 527.7 531.4 534.8 535.2 551.5 564.2 577 585.7 588.3 584.9
225.1 235.9 245.8 252.3 252.4 252.2 246.4 247.8 263 270.7 275.6 280.6 284.9 289.7 293.2 295.1 297.7 303.7 311.5 318.5 323.8 318 303.1 303.5 307.3 308.6 293.9 273 253.2 232.8 233 245.3 263.8 273.3 279.5 289.3 299.7 311.5 326.3 338.1 345.5 356.7 366.2 376.6 387.2 394.5 400.6 405.6 409.1 412.6 414.3 412.1 417.2 425.2 441.6 454.4 469.9 484.9 504.3 512.9 520 526.3 530.8 529.1 520.8 513 511 512.1 512.9 516.8 521 532.1 544.4 557 570.7 580 579.6 579.7
223.5 232.9 243.9 252.2 257.3 259.4 257.5 255.7 259.7 271.5 277 282.2 287.1 291.8 297 300.2 303 306.8 312.3 318.7 324.4 323.6 314 314.2 316.7 317.9 303.9 281.3 261.1 243.4 233.9 244 258.5 267.9 275.4 286.3 296.1 308.8 323.1 335.8 344.8 353.9 363.1 372.5 382.1 388.6 394.4 398 402.2 405.4 407 403.8 411.8 422.4 431.2 442.1 460.8 487.8 501.2 507.3 512.4 514.9 515.2 508.5 502.4 499.3 497.8 499.5 501.6 504.7 512.8 525.7 540.6 554.5 565.4 568.3 569.1 577.3
219.8 229.7 239.1 249.5 258.4 262.8 264.8 265.8 263.9 267.4 274.5 281.8 288.9 294.3 298.7 302.9 306.8 309.9 314.1 319.3 325 328 322.1 320.9 323.2 323.9 305.7 287.4 268.8 248.8 233.4 244 255.4 264.1 272.6 282.9 294.7 306.4 320.2 333 341.5 350.7 359.4 368.4 376.9 382.7 386.7 389.7 393.5 396.8 396.2 401.7 411.8 423.4 429.8 441.2 464.2 478.6 493.6 499.2 502 498.6 496 494.9 489.4 488 489.2 490.5 492.9 495.6 510.6 525.3 540.5 549.3 554.4 555.9 566.5 578.1
216.2 223.8 234.5 244 254.9 261.3 267.6 273.4 277.1 267.4 272.4 280.2 288 295.1 299.7 303.9 308.6 312.4 316.4 319.7 327.1 332.1 331.2 331 332.3 332.4 310.2 292 276.2 253.6 241 245.6 253.9 262.1 272 282.1 294.3 306.2 318.4 330 338.6 349.4 357.3 364.6 370.6 373.3 376.2 378.9 383.2 383.8 392.5 401 408.8 420 430.5 442.5 459.7 471.9 478.8 483.9 486.2 488.3 485.1 480.5 479.2 480.3 481.8 481.9 484.2 496.6 510.7 526.4 535.2 539.7 544 552.9 563.4 580.2
213 218.6 230.7 239.9 249.2 259.5 268.8 275.1 281.9 283.6 271.2 279.2 287.5 294 300.2 305.5 309.9 313.7 317.8 321.6 327.5 333.1 334.1 336.5 341.2 343.8 319.2 294.3 274.6 245.4 242.7 252.9 261 267.9 276.2 287.7 298.8 311 320 329.5 338.3 347.3 354.6 358.3 361.4 361.8 362.9 364.8 369.1 376.7 390.4 397.3 404.6 414.7 425.4 437.2 449 461.4 467.1 474.8 479.3 474.8 469.1 468 467.5 469.9 472.3 479.1 486.3 494.8 507.3 519 526.2 532.8 540.3 550.1 561.3 575.2
221.4 218 226.1 234.3 244.4 254 264.9 274.3 283 286.7 284.8 273.9 286.5 293.1 300.3 305.8 309.8 315.1 320.1 324.6 329.4 334.2 336.7 338.3 343.6 337.4 311.2 286.7 265.7 241.1 247.1 256.9 263.6 270.4 280.2 292.3 302.8 312.2 320.1 329.3 338 344.6 348.9 350.5 348.3 345.5 348.2 359.8 369.4 377.6 387.5 392.6 400.3 408.1 418.6 429.4 439.9 452.3 463.6 469.2 467.4 457.3 451.7 450.3 449.2 463.3 476.1 482.5 488.2 497.5 507.7 512 515.5 527.4 537.7 546.7 556.5 558.1
223.6 223.1 220.7 230.2 239.5 249.4 259 268.8 279.3 289.8 292 283.4 285 292.3 299.5 305.5 310.6 316.1 321.2 325.8 330.2 333.7 337 340.3 347.3 329.5 305.3 283.5 263.6 242 246.8 260.5 267.5 273.2 284.3 296.9 304.7 312.9 319.8 328.2 336.8 339.2 339.3 334.8 335.9 348.1 358.5 366.7 374.4 382.7 389.9 395.9 402.4 407.3 413.3 423.9 438.5 447.7 450.4 448.6 445.8 440.9 436.1 445.2 462.9 472.8 478.4 483.3 488.2 497.3 502.5 506 514.2 524.8 534.8 542.2 548.3 547.3
231 230.8 227.7 226.3 235.1 243.8 255.5 265.7 277.1 288.4 294.7 291.6 282.4 291.4 298.6 304.5 310.3 316.2 322 326.4 330.5 335 339.1 342.7 347.4 328.5 304.3 283.3 264.8 243.1 245.3 259.1 272.2 279.9 291.4 299.1 305.6 312.6 319.3 327 331.8 325.7 319 326.4 342.5 351.6 359.8 367 374.9 383 390.5 398.7 405 407.9 411.1 417.3 424.3 430.9 434.1 434.4 432.7 422.3 436.5 450.9 465.9 474.4 479.3 482.1 486.4 492.5 500.1 508.7 517.6 526.1 534.7 541.3 544.7 533.9
240.6 238.5 234.6 228.1 230.7 239.5 251 262.1 273.8 285.4 293.7 298.9 296.3 286.7 296.7 303.1 309 314.9 321.2 326.8 332 336.6 341.3 345.5 354 332.4 307.7 287.8 270.9 251.9 245.3 257.7 273.8 283.9 292.3 299.5 305.2 310.7 315.8 322 318.6 307.4 324.8 338.2 346.3 353.3 361.1 368 375.4 383.8 392.1 399.4 403.5 405.7 408.3 412.5 415.9 420.3 422.6 424 416.6 426.1 445.1 458 468.6 475 479.3 481.8 483.3 487.8 498.3 510 519.9 528.1 534.5 540.4 538.9 522.8
251.3 248.3 243.8 237.5 231.3 236.4 246.3 259.1 269.9 282.2 291.6 299.9 304.6 302.7 293.5 301 307.4 313.1 319.4 326.3 332.2 338.8 343.9 349.9 358.8 334.4 312.6 295.4 277.5 260.8 247.6 258.1 273.6 285.1 292.9 297.8 301.5 305.5 308.3 310.6 303.2 314.9 328.7 340 347.9 354.3 360.6 367.6 374 381.8 390.5 396.6 400.1 402.6 405 407.6 410.8 412.7 416.3 410.5 414.2 433.8 448.3 461.3 472.1 476.5 480.7 482.4 476 485.7 494.2 507.2 520.4 528.7 534.3 539 523.7 515.7
261.8 257.6 252.3 245.7 239.8 233.8 244.6 254.7 267.1 278.4 288.6 298.7 307.3 309.4 309.1 297.2 306.3 313.5 318.3 324.6 331 338.3 345.9 351.4 358.6 339.8 321.5 305.3 289.2 270 252.6 258.7 270.6 284.3 291 293.1 294.4 294.8 296 293.4 306.1 319 330.8 341.1 348.3 354.1 359.3 365.6 372.8 379.6 387.2 392.3 395.8 398.2 400.1 402.4 404.8 406.2 403.1 406.9 420.9 435.1 448.8 461.8 470.8 475.8 480.5 477.5 473.7 483.6 491.8 504.3 519.6 527.7 533.3 533.8 515.7 509
273.8 266.7 259.5 252.9 247.1 237.8 242.9 252.6 263.6 275.3 288.3 297.5 305.9 312.1 316.8 317.7 302.2 314.4 318.3 322.7 329.7 337.2 346.1 353.4 359.2 346 330.1 314.2 298.7 280.3 261.6 253.1 267.2 279 285.5 286 282.3 284.9 294.7 305.3 315.2 324.9 333.8 341.9 347.8 351.9 357.7 363.2 370.4 375.8 381.5 387.6 389.7 391.7 393.5 394.3 393.6 390 401.4 414.6 423.2 433.5 447.3 460.9 469.5 473.9 476.9 471.1 467.8 476.2 486.6 499.3 516.3 524.6 521.4 515.5 509.2 502.5
286.9 277.8 267.3 260.6 253.1 246.9 239.9 251.2 260.6 273.7 285.1 295.4 304.8 310.9 317.2 323.4 317.3 312.8 318.7 323.3 329.3 336.9 345.3 354 362.6 358.2 338.5 323.7 306.2 289.7 273.2 254.3 259 267.1 270.2 277 290.9 298.3 305.7 312.2 320 326.2 332.6 339.7 344.5 348.5 353.8 359.2 365.7 370.9 377 380.6 381.2 383.2 383.6 378.6 374.9 395.9 407.9 416.7 423.4 430.6 444.5 457.8 467.1 471.4 469.3 461.9 462.3 469.4 477.2 489.8 502.5 510.4 512.6 507.5 502 497.5
301.9 287.9 275.7 267.5 260.4 255.3 245.6 250 259 270.8 281.5 293.1 302.6 309.7 316.8 323.3 322.1 314.7 317.9 323.1 329 335.7 343.8 352.6 361.5 369 346.4 330.8 315.6 301 287 273.4 254.6 266.7 277.7 286.1 293.3 298.9 305.8 311.7 318.6 322.2 327.4 334.6 340.9 345.1 350.3 355.3 362.1 369.3 374.5 375.7 375 373.2 368.3 371.9 387.6 400.1 409.8 417.7 423 428.3 440.5 451.9 461.9 465.3 458.8 454.7 458.9 465.7 472.3 479.6 491.3 502.9 503.9 497.8 492.8 486.4
316.7 299 286.1 275.2 267.8 261.8 256 249.3 258.1 267.6 279.2 289.5 298.5 307.1 314 320.2 322.6 321.4 314.5 323.3 326.4 333 341.9 349.1 359.2 368.1 350.2 335.8 323.4 310.2 307 291.6 270 258.2 269.8 280.2 289.2 295.3 300.4 305.9 309.5 314.4 324.2 333.1 339.4 343.4 350.2 357 365 369.5 372.1 370.7 365 359.9 362.2 378.7 390.5 401.5 410.3 417.7 423 426.4 434.4 445.4 454.4 457.8 453.4 451.1 449.2 462.7 470 476.3 483.8 492 495.4 487.2 484.9 480.3
329.9 310.6 295.6 284.9 276.1 269.2 263.4 254.1 258.3 266.9 275.6 285.8 293.8 303.2 310.3 317.1 322.6 324.9 322.7 318.4 326.8 330.8 338.3 346.3 354 364.6 356.7 339.9 330.7 324 316.2 289.7 283.7 271.1 259.8 271.4 281.2 287.2 288.8 298.8 309.7 318.1 327.2 335.3 339.2 343.2 351 358 364.5 366.1 366 354.7 343.1 361.3 371.1 381.9 390.1 400.8 409.5 416.2 421.9 424.7 429.5 438.7 445.9 448.9 448.8 443.5 447.1 455.7 463.3 470.4 476.5 483.2 481.4 480.1 480.3 478.4
342.6 321.7 308 296.2 285.9 277.4 270.2 261.1 255 265.7 273.5 283 291.2 299 307 313.9 319.5 325.2 326 326.3 325 330.7 335.5 342.1 348.5 359.9 361.1 347.1 339.4 330.3 319.3 318.1 301.1 286.7 273.4 263.1 269.8 283.3 294.7 304.5 310.8 317.1 325.5 333.1 337.9 342.7 349.5 355.1 357.6 358.8 349.9 335.5 358.1 368.9 374.7 382.1 390.1 398.1 406.3 412.8 418.5 422.4 425.5 430.3 436.8 439.9 442.5 435.3 440.7 448 458.3 465.3 469.8 470.9 474.3 476.2 478.1 476.5
362.8 342 324.6 309.3 296.8 287.8 280.2 272.5 262.6 260.9 272.2 280.7 288.9 296 303.7 310.4 316.4 322.8 328.5 330.3 330 328.8 334.6 340.2 345.8 353.1 361.4 360.4 348.8 339 333.7 331.7 318.7 302.7 289.4 274.4 264.8 278.4 289.8 300.8 307.3 313.8 321.5 329.9 335.8 340.2 343.9 347.3 348.6 344.8 331.4 346.1 359.4 368.5 374.3 380 386.4 393.4 401 407.4 414.6 420.5 424.8 429 433 435.8 434.4 425.2 435.5 441.3 445.7 452.9 458.3 463 466.9 472 474.7 471
376.2 366.2 342.5 322.8 310.7 300.3 291.9 282.2 271.6 266.3 268.5 278.2 286.7 294.3 300 306.5 312.7 319.3 325.8 332.6 334.4 333.9 332.9 340.6 345.5 351.7 362.3 377.4 355.6 344.8 346.9 344.4 337.8 322.7 304.3 290.9 275.1 271.2 283.6 294.8 302.5 310.5 318.1 325.3 330.6 333 333.9 335 334.4 324.7 332.3 350.1 359.2 365 371.2 375.5 381.3 387.5 393 402.2 410.7 417.5 423.4 427.5 431 432.6 428.3 421 431.7 437 439.8 443.6 450.8 455.2 458.3 460.8 462.9 454.6
385.5 382.4 361.3 340.1 325 313.1 302.1 290.7 281.4 275 270.3 274.9 284.5 291.5 298.6 303.8 309.7 315.5 323.4 331.3 338.2 339.2 337.3 342.1 347.6 351.8 360.3 375.1 364 355.8 359 358.3 353.8 345.1 325.9 305.9 292 270.8 279.3 289.3 297.7 306.1 311.9 315.9 318.2 316.8 317.4 319.1 316 323.9 337.4 345.6 352.6 358.4 364.5 370.5 374.3 378.9 389.7 398.8 407.1 414.1 420.8 424.9 428 429.2 424.7 409.2 427.2 433.4 436.7 441.3 446.6 448.6 450 449.4 450.8 466
393.5 391 385.6 362.6 341.4 324.9 311.3 298.9 288.7 282.1 280.1 278.9 282 290.3 297.8 302.8 307.7 314.4 321.1 329 339.3 344.4 342.3 344.8 351.4 356.6 360.9 367.5 365.8 366.3 368.2 369.4 367.4 362.4 345.9 326 306.2 292.6 274.6 284.7 291.6 298.8 303.6 302.3 300.2 301.3 297.7 303 304.9 318.8 326.7 334.4 341.7 347.5 355.7 363.6 366.7 374.4 385.4 395.2 403.3 410.4 416.3 421 423.9 423.9 417 410.6 422.9 429 433.5 439.1 442.5 440.5 434.4 448.4 463.6 475
400 396.9 393.7 380.8 359.5 337.5 319 304.3 296.5 291.3 287.5 284.5 287.2 290.8 298.2 303.9 309.4 315 321.5 329.7 339.3 346.8 348.6 349.3 355.8 361.7 363.4 368.4 370.8 372.9 375.7 379.4 380.5 378.2 365.1 342 327 310 298.4 278.1 281 284.1 285.7 288.8 288.2 298.5 305.1 309.2 302.8 303.7 312.5 319.5 328.7 336 346.3 351.4 363.9 373 381 391.2 398.2 404.1 409.2 414.3 415.7 413.7 406 407.8 416.9 422.9 429.1 434 431.8 427.3 444.6 458.3 473.1 484.8
404.3 401.9 399 392.8 376.7 347.8 323.7 316.7 307.2 300.5 295.1 292.1 293 294 299 305.5 311 315.8 322.7 330.4 338.6 348.2 354.6 356.9 357.4 366.2 370.5 373.2 375.1 378.3 382.1 387.2 392.4 395.2 384.2 363.4 345.5 329.9 315.4 300.1 292 286.8 292.6 300.9 311.1 315.9 317.3 322.8 329.7 328.9 325.8 323.1 317.8 322.6 335.4 346.6 358.1 367.1 374.8 381.5 389.2 396.3 401.5 403.9 404 398.1 389.5 396.4 402.3 409.6 415.9 415.9 425.4 440.3 452.9 468.1 482.1 498.9
409.9 404.3 400.8 394.7 384.7 361.1 344.3 330.4 319 309.2 303.8 299.9 298.2 298.6 301.5 307.3 313 317.9 323.8 330.6 339.1 340.5 358.2 363.5 366.2 369.2 375.2 378.2 380.6 383.9 388 394.9 400.9 408.1 403.4 380.3 363.6 349.5 336.4 323.8 314 307.1 297.4 303.2 319.7 332.4 337.2 342.1 348.6 353.6 349.4 344 339.2 333.8 324.1 332 345.5 356.1 363.9 370.2 376 381.8 389.2 391.2 389.9 376.6 387.5 399.5 406.8 413.2 421.8 431.4 439.8 451.3 464.5 484.2 495.3 500.7
413.7 407.3 403.5 397.1 395.4 382.6 365.4 344.3 330.5 320.2 311 306 304.2 304.3 304.4 308.7 313.4 317.6 323.4 330.7 340.4 337.5 359.5 366.2 371.9 372 379.3 381.7 385.1 389.5 397 412.1 426.2 436.4 423 397.2 381.3 366.7 352.6 347.1 338.3 326 307.4 314.9 330.8 342.9 351.1 355.9 361 366.7 369.4 366.9 359.4 352.4 348.3 346.6 339.2 337.5 348 353.6 360.4 368 373 372.4 368.2 388.3 400.5 414.4 422.8 428.5 437 445.3 455.1 468 482.7 491.1 497.2 502.7
416 409.9 405.5 400.9 399.7 400.7 382.2 358 343.4 331 320 314.9 312.9 311.2 310.5 311.2 315 318.7 325.3 330.5 340.4 351.6 360.7 368.7 375.3 378.2 381.3 384.6 388.7 395 405.1 419.2 431 442.4 433.1 408 392.1 379.1 368.5 360.6 350 330.6 309.9 330.6 346.1 353.4 360.4 365.6 370.9 375.3 379.4 378.7 375.9 370 364.7 365.1 362.8 359.2 357.7 359.4 363.8 365.4 371 379.7 392.2 403.7 414.8 423.3 432 438.4 447.9 458.9 473.6 481.7 488 493 498.1 503.4
414.4 410.6 404.8 402.2 400.3 402.9 399.4 378.7 357.1 343.5 333 326 322.7 318.8 319.2 319.4 319.5 321.3 326.9 331.7 340.6 352.4 362.1 371.6 378.1 382.9 385.3 388 392.1 399.5 407.9 417.9 432.7 445.4 435.1 412.1 398.1 386 377.2 368.9 347.4 328.6 321.2 337.6 353.7 363.4 369.6 374.8 379.9 385.7 392.3 394.9 394.5 391.4 390.2 386.1 383 379.9 377 377 382 385.3 390.2 399.7 411.8 421.6 427.7 435 442.3 453.2 463.8 472.8 480.4 484.6 489.5 494.6 499.2 505
413.2 409 403.5 399.9 398.5 401.1 403.7 398.2 378.6 362 351.8 341.9 335.9 333.9 334 332.3 330.7 326.5 328.8 333.8 341.5 352.1 362.1 371.7 380.3 385.1 388.4 391.5 397.9 405.5 414.4 430 443.5 452.6 441.3 416.7 402.6 389.8 377.1 365.9 345.8 330.8 330.8 342.3 359.7 371.4 380.2 385.4 392.6 397.8 404 408.9 410.8 411 414.9 411.9 407 403.2 400.3 400 401 405.8 414.6 424.7 437.5 447.9 453.4 456.9 462.1 468.6 473.5 477.7 482.9 486.9 491.3 496.2 500.3 504.7
413.4 407 401.6 397.5 395 397.6 400.5 399.9 392.1 383.3 368.9 360.1 352 347.4 345.7 342.4 339.3 333.7 331.1 332.7 341.4 352.3 363.3 372 380.7 387.3 391.1 395.3 407 420.5 429.7 442.3 452.3 459.6 454.8 423.6 407.8 392.9 379.4 367.9 353.5 339.5 340.4 347.8 362.5 377.5 388.3 396.3 404.4 408.4 414.5 419.4 422.5 423.7 427.2 430.3 431.2 430.3 427.3 425.5 427.3 431.5 440.5 447.2 454.4 460.8 465.8 470.4 472.4 475.4 479 481.9 485.1 489.1 492.5 496.4 499.6 502
410.6 404.8 399.4 394.6 391.8 394.8 398.1 394.4 386.7 376.7 369.6 369 360.7 355.9 352.4 346.3 338.2 333.3 329.8 330.9 341.6 352 362.9 371.8 381.4 389.5 393.1 399.6 411.4 424.1 435 442.1 451.8 462.6 462.5 433.3 415.4 400.3 383.4 372 362.4 344.1 350.8 355 366.4 387.7 399.1 408.6 416.5 420.7 423.2 425.9 432.8 435.7 438.3 439.3 441.4 443.1 443.5 444.8 446.4 448.1 451.5 457.5 463.4 469.1 473.9 477.3 479.2 480.8 484.4 486.7 488.4 490.3 492.5 494.8 497.1 498.9
408.1 401.1 396 389.8 387.1 391.1 390.7 384.3 378.2 369.8 363.6 363.4 358.4 353.6 345.9 334.9 328.1 322.3 324.7 329.9 338.4 348.1 360.9 371.2 379.9 387.3 393.4 402.4 411.5 422.1 432.5 440.1 452.8 463.5 471.7 443.7 418 400.2 384.8 372.6 361.7 345.3 354.6 368.6 377.6 403.5 413.8 422.1 428.1 430.1 432.1 436.1 442.6 446.3 448.2 447.9 450.6 451.6 452.9 453.5 455.4 458.1 459.2 465.6 471.3 476.4 480.4 482.9 484.1 484.9 488.1 489.4 489.9 489 490.2 491.6 492.5 492.4
405.9 399 391.3 383.9 378.3 381.5 379.1 374.1 369.5 357.8 356.9 354 351.9 344.8 339.4 326.6 316.5 312.9 317.9 325.9 333.4 342.7 356.1 368.8 377.4 385.2 390.7 399 407.5 417.7 428.3 437.6 447.7 456.9 466.8 444.9 419.1 400.3 384.1 369.6 360.4 357.6 366.4 379.4 395.3 411.9 423.9 431.2 435.6 437.2 440.8 445.2 450.1 454.1 456.4 458.7 459.6 461.4 461.7 462.3 463.9 465.7 466.8 472.3 478.1 481.7 485.1 486.6 487.8 488.7 489.1 488.8 487.7 487 487.3 486.5 485.3 486
404.2 395.6 386.6 375.9 362.8 364.7 363.2 363.9 356.9 346.7 344.5 344.9 342.9 333.7 327.9 313.7 305.4 305.7 310.8 318.2 326.3 337.2 351.9 365.7 374.5 382.9 386.7 392.7 403.2 412.1 423.2 433.3 441.3 450.7 458.9 446.4 423 405.5 391.7 381 368.4 367.7 375.8 385.3 399.5 414.4 428.3 436.7 441.3 446.9 449.5 451.9 455.5 460 462.6 463.6 465.3 465.8 466.1 466.8 468.2 470.7 475 479.5 483 485.1 487.2 488.6 489.9 489.3 488.2 486.5 485.1 484.4 482.9 480.6 478.8 478.2
402.5 394.4 384.1 371.9 355.9 344.9 345.5 345.5 338.6 335.4 333.7 336 330 319.5 309.9 302.1 296.5 300.4 305.2 312.5 319.8 332.3 349.1 362.7 371.9 380.1 383.9 390.1 398.4 405.5 415.9 425.5 432.7 442.4 452.7 455.6 439.4 424 409.3 392.4 382.4 379 388.8 397.7 402.9 419 432.2 442.7 449.1 454.8 456.3 456.4 460.8 463.6 465.7 467 467.6 467.7 467.9 470.2 472.3 475 479.2 483.2 484.6 486.4 488.6 490.7 491.9 489.4 486.8 484.7 482.7 481.2 479.1 475.2 471 473.1
