Assets/StreamingAssets/GeoData/Data/sk/SK16.asc
ncols 200
nrows 200
xllcorner 410000
yllcorner 360000
cellsize 50
[rows 0 to 34 of 200, columns 78 to 155 of 200]
370.2 369.1 369.9 370.4 370.4 369.6 366.5 368.2 370.8 370.7 370.3 370.7 371.1 371 370.5 369.8 369.8 369.9 370.8 370.2 370 369.4 367.6 364.6 365.5 366.3 366.1 365.5 364.3 362.5 360.8 358.4 355.7 354.2 352.1 350.3 348.4 346 343.4 340.6 339.1 337.7 335.4 332.7 329.7 325.6 316.6 304 275.6 256.8 235.6 221.6 236.3 255.3 280.4 295.6 303.2 305.1 302.9 299.7 294.6 287.4 298.1 299.4 299.2 298.2 294 281.2 261.5 239.3 217.3 204.2 187.4 173.7 166.9 161.8 154.2 147.3
366 364.7 365.7 366.7 365.7 365.1 362.3 364.2 367.1 367 367.1 367.2 367.9 367.5 366.9 366.3 366 365.9 366 366 366.3 365.9 365.2 363.5 363 364.2 364.3 364.1 363.1 361.8 359.8 358.5 357.1 355.6 353.8 351.5 349.1 346.6 344.4 342.3 340.2 338.3 336.5 334.1 330.5 325.8 313.3 290.8 268.3 248.8 225 238.3 254.1 274.9 296.3 303 303.8 303.7 303.2 300.6 296 299.6 303.2 304.7 304.8 302.7 299 292.4 273.4 250.4 227.5 206 189.5 173.9 166.1 159.8 152 147.8
362.1 359.5 359.3 360 360.8 360.5 357.5 361.3 363.1 363.5 363.8 364.3 364.2 364.1 363.7 362.6 361.9 362.1 362.2 362 362.5 362.6 362.6 361.3 361.8 362.6 363.7 362.9 362 360.9 358.9 358.4 356.7 356 354 351.7 349.5 347.6 344.7 342.3 339.5 337.8 335.4 333.2 328.8 323 307.3 280.8 264.1 238.7 233.2 256.6 277.5 294.4 302 305.5 304.8 303.9 302.4 300.5 300.6 303.3 306.8 308.9 309.8 308.5 304.5 298 284.6 258.7 236 211.9 193 175.3 166.3 158.9 153.3 147.5
358.8 354.8 354.1 355.6 356.2 356.5 355.8 359.1 360.2 360 360.1 360.7 361.1 361 359.4 358.7 358.4 358.9 358.1 358.1 359 359.3 359.1 358.9 360.3 363.1 363.2 363.3 361.8 360.1 358.5 357.3 356.7 355.3 352.9 350.7 348.7 347.1 344.5 342.1 340.3 338.1 335.1 330.9 324.9 314.7 293 272.2 254 230.7 250.8 273.4 296.6 304.6 308.1 308.3 307 304.9 303.1 301.8 303 305.9 309.8 313.6 313.9 311.9 309.2 306.7 293.6 268.5 242.3 218.4 197.8 178.3 168.1 159.7 154 148
355 352.1 349.7 351.4 353.4 353 353.3 356.4 356.8 356.4 356.5 357.1 357.3 356.3 355.8 354.7 354.5 354.5 354.3 354.6 355.3 356.2 356 355.6 359 361.6 362.6 363.6 363.1 361 358.7 357 356.9 355.3 353 350.1 347.9 345.4 343.3 341.4 340.1 337.9 334.2 327.7 318.9 300.1 279 260.5 240.2 242.2 269.2 291.3 305.9 312.2 312.7 312.2 310.2 307.7 305.8 304.1 305.1 308.1 311.6 314.8 316.8 313.8 311.3 307.9 299.5 277.8 252.4 227.4 204.1 186.1 171.3 161.1 154.1 148.8
352.6 349.9 348.7 349.4 351.2 350.1 351 353.3 353.6 352.9 352.5 352.9 353.6 352.5 351.9 350.8 350.4 350.8 350.6 351.2 351.8 352.1 351.1 354.5 357.2 360.5 362.1 362.6 362.8 359.9 357.6 355.5 354.4 353.4 350.8 348.8 346.8 343.8 341.5 339 337.3 335.7 331.7 321.8 310.3 285.8 266.9 248.3 239.2 264.2 285.1 304.6 314.3 315.5 315.8 314.7 312.9 311.5 309.2 307.2 306.9 308.8 311.1 313.1 312.9 311.2 309 305.2 299.6 286.7 262.3 238 215.5 196.3 180.1 168.3 155.9 149.4
351.6 351.3 347.1 346.5 349.2 348.1 347.8 349.5 349.7 348.8 348.2 348.6 348.5 348.3 347.6 346.6 346.2 346.8 346.9 347.1 347.8 347.1 348.5 353.1 356.1 357.9 360.5 361.6 360.9 359.6 355.5 353.2 351 350.3 348.2 345.9 344.3 341.9 338.6 334.7 332.2 329.7 323.2 313.4 296.1 274.8 257.1 239.8 257.7 276.6 296 311.8 317.4 318.5 318.2 317.1 316 314 311.4 309.7 308.1 307.7 308.8 309.4 309.1 307.7 305.8 303.7 299.4 293.3 277.1 254.2 228.5 210.7 195.1 179.6 165.2 151.7
350.4 348.5 346.8 343.5 347.6 345.4 343.7 345.6 345.7 344.8 344.2 343.9 344.2 344.5 343.8 343.2 342.5 343.3 343.3 343.5 344 343.6 347 350.4 353 355.2 357.1 358.8 359.3 357 353.1 350.7 348.5 347.4 345.9 343.3 344 336.7 332.7 327 322.3 315.6 309.7 297.1 280.7 263.5 246.7 250.7 274 290.6 304.8 315.1 320 320.6 320.6 319.5 318.1 316.1 315.1 310 307.9 306.3 305.4 305.4 304.3 304 303.4 302.1 299.7 295.2 289.2 272.7 249.9 230.3 215.4 197.9 182.1 166.7
348 346.2 345.8 342.8 342.4 343.5 340.3 341.8 342.2 341.5 340.4 340.6 340 340.2 340 339.5 338.4 339.4 339.2 339.9 340.4 340 344 347 350.5 353.2 354.1 356.1 355.5 354 351.4 348.1 345.8 344.5 343.1 341 335.4 330.7 325.1 317.2 308.1 302.1 287.4 275.7 262.4 251.4 247.5 270.6 288.7 304 316.9 321.2 322.7 322.9 322.9 322.7 321 318.7 314.4 310.3 306.3 303.9 303.3 301.6 300.1 298.4 298.1 299.3 298.1 294.7 290.3 285.3 273.3 254.4 237.3 219.7 203.1 190
346.3 343.7 342.8 341.4 338.7 340.2 338.5 337.2 337.6 337.7 337.5 336.6 336.3 336.5 336 335.6 335.2 336.2 336.1 336.6 336.2 337.8 341.1 344.2 346.8 349.3 350.8 350.1 350.4 347 347.2 344.9 342.6 342.8 341 338.4 330.5 324.4 314.1 299.9 284.1 273.6 265 257.2 249.9 252.2 270.8 285.8 301.7 318 325.9 325.3 325.4 326.6 326.3 325.9 325 322.3 318.4 312.6 308.7 304.8 302.3 300.7 300.3 298.4 295.1 292.8 294.2 292.7 289.7 286.7 283.8 278.7 263.4 247.3 232 218.7
343.3 341.2 339.7 338.8 335.6 336.3 335.6 333.8 334.4 334.9 333.9 333 332.8 332.9 332.5 332.8 331.1 331.9 332.5 332.9 332.6 336.5 338.1 340.5 343.4 345.8 344.8 343.7 342.8 342.6 341.6 340.1 338.9 337 336.4 332.6 325.8 320.1 320.9 314.8 296.9 271.9 257.3 251.8 262.3 278.5 290.8 302.9 317.1 328.3 329.4 329.1 329.5 329.9 330.2 330.4 329 326.1 322.5 317.3 311.5 308 306 303.4 301.9 299.2 296.6 291.7 288.4 289.2 287.7 286 284.4 283.3 281.6 275 261.9 250
339.7 338.1 336.6 336.4 333.2 332.2 332.5 330.8 330.6 331 331.2 330.1 329.6 329.3 329.3 328.5 328 328.7 328.9 329.2 329.9 332.6 335.2 337.1 338.7 340.3 340.5 340.5 341.5 341.3 339.7 337.2 335.7 333.4 331.3 328.4 327.2 328.2 326.4 316.8 294.8 269.5 255.8 266.1 286.3 300.3 310.3 320.4 329.5 332.2 333.1 333.5 333.6 334.1 334.6 334 331.9 329.1 326 322.4 317.6 313.6 310.3 307.5 304 300 295.4 290.9 285.9 283.5 285.2 285.7 284.4 282.3 280.7 280.6 278.4 273.7
336.2 334.6 334 333.8 332 327.7 327.9 326.8 326.9 327.7 328.1 327 326.1 326.3 326.1 325.1 324.7 325.3 325.6 325.5 326.8 329.7 331.4 333.2 335.1 336.3 337.1 340.1 342.7 343 343 340.3 337.8 335.8 333.9 332.8 331.5 330.5 326.5 317.2 292.7 268.2 259.2 276.7 297 315.6 324.2 329.6 333.6 336.2 337.9 338.1 337.9 337.3 337.3 335.3 333.1 331.9 329.8 325.5 322.1 318.6 314.5 310.5 306.2 300.9 296.5 292.4 288.9 284.7 278.9 281.9 282.6 280.3 277.9 277.4 275.8 270.9
332.9 331.4 330.3 330.6 329.9 325.7 322.7 323.7 324.3 324.7 324.8 324.8 323 323.2 322.9 322.1 321.1 322.1 322.9 321.9 324.3 326.5 328.1 329.4 331.1 332.8 337.5 341.6 345.4 346.8 347.6 347.2 342.5 339.5 337.5 335.3 333.5 330.1 325.9 317.1 295.8 270.5 260.4 277.3 297.7 315.8 326.4 334.6 337.6 339.5 339.8 339.3 339.5 339 337.7 336.3 334.5 333 331.4 328.3 324.7 321 316.8 312.6 308.2 304.2 301 296.4 292.1 287.4 282.5 272.7 271.2 269.7 267.7 267.3 262.6 257.9
329.2 328.3 327.3 328.2 327.7 323.9 320.3 319.9 319.2 321.3 321.9 321.2 320.4 319.8 319.9 319.3 318.4 318.8 319.1 319.3 321.7 323.4 325 326.6 328.9 333.6 337.5 342 346.2 347.7 348.8 347.5 344.8 341.4 338.6 336.4 332.5 329.8 324.6 317.5 302.1 275.8 263.1 272.6 291.9 313.3 325.2 333.2 335 336.9 337 338.1 338.8 338.4 337.5 336.1 334.3 333.6 331.5 329.2 325.9 322.2 318.3 314.1 310.2 307 303.4 299.5 294.6 287.8 283 278.4 276 269.2 257 248.4 239.7 233
325.1 325.1 324.1 325.1 324.8 323 319.2 315.5 315.6 317.8 318.5 318.6 317.9 317.1 316.2 315.8 315.2 315.7 316 316.5 318.8 320.3 321.9 323.2 327.9 332.4 336.8 342.1 344.5 346.3 346.7 345.8 343.7 341.2 337.9 334.8 332.2 328.2 323.9 318 308.7 284.9 265.8 269.1 286.3 307.5 322 328.2 331.3 332.8 334.8 335.9 336.9 336.7 335.9 335.1 333.6 333.5 332.6 329.8 326.1 322.1 318.4 314.6 310.9 307.8 304.5 299.8 293.8 290.2 289.4 284.7 284.6 283.1 279.2 275.2 268.9 264.8
321.5 321.4 321.3 322 321.5 320.4 317.7 314 312.3 314.2 314.9 314.8 314.6 312.8 312.4 312.2 311.6 311.9 312.1 314.5 317.1 318 318.1 321.6 325.6 330.7 334.9 339.2 342.2 343.2 343.5 343.1 341.4 339.5 336 333.3 330.6 327.9 324 319.7 311.5 297.8 275.4 267.4 276.8 299.9 319.1 324.5 327.2 328.9 330.6 332.2 333.5 333.7 333.4 333.2 332.9 333 333.3 330.5 326.3 322.4 318.1 314.4 310.6 308 303.8 300.2 299.2 296.9 293.7 287.3 290.1 289.1 286.6 283.5 281.1 277.4
318.3 318 318 319 318.7 317.5 315.2 312.2 309.3 310.2 311.5 311.2 310.6 308.8 308.1 308.1 307.6 308.2 309 311.9 313.7 314.5 315.3 318.9 322.4 327 331.1 334.7 337.7 339.4 340.1 339.8 339.1 337.8 334.5 331.7 328.8 326 322.4 318.5 313.8 300.9 281.3 270 272.4 296.8 317.4 322.3 324.3 326 327.3 328.7 330 330.6 330.4 330.1 330.2 331.1 332.9 330.3 327 323.2 319.5 316.4 312.9 309.6 306.1 303.5 301.7 298.8 295.7 292.8 295.7 294.8 292.3 290 287.6 284.5
317.3 315 314.5 315.8 315.6 314.6 313.2 310.9 307.5 307.6 307.8 306.9 306.2 305.6 304 304.7 304.3 304.8 306.5 309 310.7 311.5 312.7 315.7 318.3 322.8 326.1 330.1 333.4 334.6 335.5 336 336 334.9 332.8 329.8 326.7 323.6 318.5 312.6 305.7 295.9 280.1 273.5 281 298.9 315.2 320 321.6 323.2 324.6 326 326.7 327.5 327.3 326.9 327.5 328.5 330.3 330 328.1 324.8 322.6 319.5 315.8 312.3 308.9 306.4 303.6 300.9 298.3 297.8 299.9 299.6 298.4 295.6 292.7 289.2
316.6 314 311.7 311.2 312.1 311.7 310.7 308.5 305.9 304.1 304.2 304.2 303 302.2 302.2 301.9 301.3 301.7 304 306 307.7 308.4 310 312.8 315.2 318.6 321.7 324.2 327.1 329.2 330.2 331.1 331.6 331.2 329.2 326.6 323.8 318 311.5 302.5 293.9 284.5 276.4 279.1 289.8 303.8 311.8 317.2 320 321.5 322.1 323.4 324 324.4 324.3 324.4 325 325.7 327.4 329.9 329.3 327.3 325 322.2 319.9 317 314.2 310 306.7 304 302.1 301.1 304.6 304.7 302.7 300.6 297.4 290.3
315.7 313.7 311.7 308.6 307.9 308.4 307.5 306.4 303.9 301.6 301.7 300.5 299.6 300.3 300.4 299.6 298.7 300.3 302.7 304 305.3 306.5 308.3 309.9 311.4 313.8 316.6 318.6 320.4 322.6 325.2 326 326.2 325.6 324 322.1 316.6 311.1 301.6 289.3 282.2 279.7 282.8 289.6 299.6 311.1 315.3 317.5 319.1 320.1 320.3 320.3 321.6 321.6 321.8 322.3 322.8 323.8 325.6 327.9 331.3 328.7 327.8 325.3 323.9 321.6 319.4 316.2 311.8 308.4 305.8 304.8 306 307.3 307.2 305 299.3 291.3
314.3 313.1 311.8 309.2 306 304.4 303.4 302.7 301.3 299.3 299 298.6 298.4 298.1 297.7 297.3 296.8 298.7 301.5 302.5 303.2 304.6 305.8 307.1 307.7 309 310.4 312 313.7 316.3 319.4 320.2 319.3 316.9 315.5 312.6 309.2 302.6 292.6 283.7 282.8 286.6 293 299.8 308.8 313.8 316.5 317.5 317.6 317.8 318.2 318.4 319 319.3 319.8 320.5 321.5 322.1 323.8 326.3 328.7 329.8 329 327.9 327.4 325.4 323.2 320.8 317.4 313.6 310 307.6 307 307 306.9 305.3 299.7 291.3
312.6 311.7 310.8 309.7 307.4 304.9 302 300.4 299.2 297.6 296.4 296.2 296 295.9 295.5 295.2 295.3 298.3 300.3 301.2 302.5 302.6 304 304.6 304.3 304.4 304.8 306.2 307.7 308.4 309.2 309.6 309.1 307.7 305.7 302.8 298.7 294.2 287.2 285.1 289.9 296.1 301.9 308.1 313.6 316.2 316.8 316.8 316.4 316.3 316.1 316 316.3 317 317.1 318 319.2 320.8 321.9 323.6 325.8 327 329.1 329.7 330.1 328 325.7 323.7 320 317 313.2 309.1 307.7 306.8 306.4 303.9 298.8 289.8
310.9 309.8 310 309.8 308.4 306.4 304.3 301.6 300 298 296.4 294.4 293.6 293.6 293.3 293 294.1 297.3 299.9 301.5 301.9 301.6 301.3 301.5 300.6 300.8 302.2 304 305.4 305.5 305.1 303.7 301.5 298.9 296.9 293.9 291.9 288.1 287.6 290.1 296.7 302.4 306.8 312.2 315.8 317.5 317.3 316.7 315.2 314.9 314 314.3 314.4 314.3 315.3 315.9 317.1 318.3 319.4 320.7 322.3 324 325.5 327.8 327.9 328.2 326.9 324.2 321.3 317.3 313 308.9 306.8 307 305.7 302.6 296.2 283.9
309.7 308.4 308.4 308 307.5 306.2 304.7 303.1 301.3 300.6 298.5 296.8 294 291.5 291.1 290.6 292.9 296.9 299.3 300.4 300.9 299.3 298.4 298.3 298.4 302.1 306.2 308 307.3 306.3 304.9 303.4 301.1 298.6 296.6 294.4 292.2 290.9 291.9 294.2 299.7 304.9 310.2 313.6 316.7 317.3 317.8 316.7 315.2 314.6 313.7 313.3 313 313 313.2 313.9 314.5 315 317 317.8 319.6 321.1 323 324.7 326.5 327.3 326.7 324.3 321 316.1 312.5 308.1 305.8 303.1 301.3 298.4 290.2 288.1
308.8 307.5 306.1 306.3 306.1 305.1 303.4 302.4 301.9 301.1 300.2 299 297.1 293.4 290.1 289.4 290.1 295.9 297.4 297.6 297.1 296.7 296.1 297.1 299.8 304 308.3 310.3 311 309.9 308.8 307.6 306.3 307.5 305.9 303.9 301.6 298.5 296.5 299.4 298.8 304.8 309.5 313.5 316.2 317.7 317.7 317 315.7 314.5 312 312.5 311.4 311.1 310.6 311.8 312 313.2 313.8 315 316.8 318.2 320 323.3 326.2 328.7 327.4 325.4 322 318.8 313.8 309.6 307.1 304.7 302.1 293.8 289.4 296.5
308.3 307.5 305.5 303.2 303.6 303.5 302.5 301.5 300.9 300.4 299.6 299.1 297.5 295.1 291.1 288.5 288.1 289.3 292.9 292.8 293.1 294.5 296.3 298.4 301.1 305.2 308.4 310.8 312.9 313 314.6 314.3 314.1 314.3 313.6 312.2 310.1 303.9 301 304.9 305.3 305.3 307.9 311.9 315.2 316.7 316.9 317.3 316.6 316 314.2 312.8 311.6 311.2 309.3 308 310 310.8 310.7 313 314 316.2 319.9 322.2 326.4 327.9 327.8 325.7 323.5 320.5 316.9 312.8 308.8 306 302.5 294.1 298.3 303.7
309.1 306.6 305.5 303.1 300.3 299.8 300.6 300 299.6 299.1 298.7 298.1 297 294.8 292.5 288.9 286.8 286.9 289.4 294.9 297.6 298.4 300.4 300.9 303.2 306.1 307.9 310.7 313.4 315.3 318 318.3 317.4 316.4 315.4 314.2 312.4 306.5 304.2 307.4 309 309.3 311.1 312.6 314.7 316.2 316.8 317.5 317.3 316.9 316 313.8 312.5 311.3 310.9 308.4 307.5 308.7 310.1 310.2 313.2 315.9 319.2 322.9 325.1 326.4 326.9 325.3 323.1 320.4 317.2 313.7 309.6 303.8 298.5 300.8 304.9 313.7
305.7 305.3 305 302.8 300.3 297.7 297.3 298.5 298.1 297.8 297.4 296.9 296.4 295 293.9 292.1 286.3 285.8 294.2 298.6 302.2 303.2 302.6 302.1 303.6 306.1 307.5 310.2 311.9 314.6 316.8 317.8 317.9 317.6 316.4 315.1 313.3 308.9 307.2 310.1 310.8 311 312.2 313.3 314.2 315.7 316.7 317.4 317.6 317.4 316.3 314.9 312.8 312.1 310.2 307.9 306.2 307.5 308.6 309.3 311.9 314.9 318.2 321.9 322.5 323.1 323.5 323.1 321.2 318.1 315 310.1 306.2 302.9 304.3 307.2 313.9 318.1
304.2 304.5 302.9 302.5 300.4 297.7 294.6 295 295.9 295.7 296.8 295.1 295.4 294 292.6 291.4 285.9 285.5 296.5 300.4 302.8 303 302.3 302.5 303.1 304.6 306.2 307.9 311.2 312.5 314.5 316.4 317 317.1 316.4 315.7 314.6 313.1 311.6 311.2 311.9 311.9 312.1 313.2 313.7 314.6 315.5 316.5 317.2 317 316 315.1 312.9 311.5 309.7 308 304.9 306 306.6 308 309.8 312.9 315.8 318.3 319.3 320 320.7 320.7 318.4 315.5 312.1 307.9 307 307.8 310.1 314.1 318.1 321.8
302.6 303 302.1 301.3 299.6 298 294.7 292.7 292.5 292.4 293.5 293.8 292.4 292.9 291.4 287.9 283.9 287.2 296.8 300.4 302.8 302.2 302.4 301.7 301.9 302.9 304.7 305.8 308.1 311 313.3 315.3 317.3 317.1 316.5 316.1 314.9 313.8 313.3 312.6 312.5 311.6 312 312.5 313 313.6 314.7 315.6 316.3 316.2 316.5 314.7 312.8 310.9 308.6 307 304.2 304.7 306.2 308.4 309.2 311 313.7 315.9 317.6 318.4 318.6 317.9 315.9 313.2 311.6 312 312.5 314.3 317.7 321 322.9 324.7
301.6 301.2 300.8 300.6 299.2 297.5 294.9 292.5 290.6 288.7 289.4 290.8 291.1 291.7 290.9 286.7 282.7 288.4 296.2 299.4 301.8 301.1 300.5 299.9 300.5 301 302.6 304.8 306.2 308.8 311.5 313.7 316.1 318.3 317.7 317.2 315.4 313.9 313.4 312.9 312.6 312.4 311.4 312 312.2 313.1 313.5 314.5 315 315.3 315.9 314.3 312.3 310.2 307.4 304.4 303.5 304.4 307.7 310 311.7 313 313.6 314.3 316.2 317.2 317.5 317.5 316.5 316.1 317.1 318.1 319.4 321.9 324.2 325.8 327.2 327.4
300.7 299.7 301.2 301.1 299.9 297.5 294.3 292 289.8 288 286.7 286.7 289.1 289.6 290.3 286.4 281.4 288 294.9 297.8 300.1 299.7 298.6 296.5 298.8 300.2 302.2 303.8 305.4 307.9 309.8 312.9 315.5 317.3 318.1 317.6 316.1 315 315.1 313.6 312.7 312.2 311.7 311.4 311.6 312.3 312.3 313.2 313.4 313.2 313.7 312.9 310.6 308.8 306.3 301.8 302.2 304.4 307.1 310 312.3 314.6 317.8 316 316 316.4 317.2 317.6 318.4 319.8 321.4 323.4 325 326.7 327.3 328.9 329.7 329.4
301.2 302.3 303 302.8 302.2 299.3 296 293.7 292.5 289.7 286.8 285.5 285.1 287.6 288.2 285.2 280.6 286.4 292.6 295.4 296.7 296.4 296.7 300.2 301.6 302 302.4 304.5 307 308 309.8 311.9 313.9 316.9 317.5 317.6 317.5 316.5 315.1 313.8 313.4 312.2 312.4 309.4 309.3 310.2 311.1 311.3 312 311.9 311.8 310.4 308.3 307 304.4 300.2 301.7 303.7 306.3 308.3 311.2 313.7 316.9 317 317 317.6 318.2 318.9 320.7 324.1 324.4 326.4 327.5 328.6 329.3 330.6 331.6 331.3
303.2 304.8 304.3 304.3 304.1 301.6 298.4 295.7 294.1 291.9 289.6 286.9 283.9 283.3 284.6 282.7 280 284.3 288.7 289.5 291.3 296 300.6 302.5 303.7 304.1 303.8 305.2 307.8 309.3 310.5 311.4 313 315 317.1 317.7 319.1 318.8 316.5 314.7 313.2 312 311 308.7 306.6 309.4 309.9 310 310.1 309.2 308.9 308.1 306.3 304.1 300.8 299.5 301.3 303.4 304.4 307.1 309.5 312.2 314.6 316.7 316.8 317.6 318.6 319.8 322.2 323.5 324.4 326.3 327.8 329.4 330.8 331.9 332.6 332.3
