Assets/StreamingAssets/GeoData/Data/sk/SK17.asc
ncols 200
nrows 200
xllcorner 410000
yllcorner 370000
cellsize 50
[rows 70 to 104 of 200, columns 78 to 155 of 200]
379 376.5 373.7 370.8 368.1 365.8 363.5 360.9 357.9 355 351.7 348.4 344.7 338 330.3 311.2 325.5 336.4 339 337.7 335 331.7 328.4 325.7 323.3 320.4 317.5 315.2 312.6 311 309.4 308.8 311.9 314 314.8 314.3 313.9 313.5 313.2 312.8 313 313.5 312.4 311.1 309.8 308.1 306.6 305.1 303.7 302 300.2 298.7 297 295.5 293.1 291.1 289.5 287.2 285.7 284.1 282.2 280.4 276.4 276.1 280.9 280.2 277.1 273.4 280.3 283.1 286 288 287.7 286.7 287.2 288.8 289.6 288.4
377.1 375.9 373.7 372.2 369.8 367.5 365.1 362.4 359.8 356.7 353.6 350.5 346.6 341.2 333.2 313.9 318.2 334 338 338.2 335.5 331.5 327.7 324.7 321.9 318.8 315.9 313.4 311 308.9 308 307.7 308.8 311.9 313.3 313.7 313.2 312.8 312.4 312 312.4 313.1 311.9 310.7 309.4 308 306.5 305.1 303.4 301.5 300.1 298.9 297.3 295.5 293.7 291.9 290 288.1 286.2 284.8 283.5 282.3 280.6 275.5 275.4 278.9 276.5 271.1 277.5 281 283.7 285.6 286.1 285.2 284.7 286 286.7 285.8
374.5 375.3 374.1 373 371.6 369.2 367 364.5 361.9 358.5 355.5 352.6 348.8 343.7 335.1 316.6 311 329.4 334.8 336 335 331.8 327.1 323.3 320.3 317.5 314.5 311.9 309.5 307.3 306.4 306.2 306.9 309.2 311.4 312 312.4 312 311.5 311.4 311.4 311.9 311.8 310.6 309.2 307.8 306.3 304.9 302.9 301 299.2 297.3 296.5 294.6 292.6 291.5 290.1 288.5 286.8 285.8 284.6 283.2 281.6 279.4 273.9 272.7 276.2 271.5 274.7 278 280.2 281.5 282.5 282.7 281.4 282.8 283.4 282.7
368.4 371.6 373.2 373.4 372.1 371.1 369 366.8 364.1 361.2 357.7 354.6 351.3 346.6 340 322.8 309.2 314.9 329.5 332 332.1 330.7 326.9 323 319 316.2 313.9 311.7 308.8 306.8 304.9 304.3 305.1 307.4 309.6 310.4 311 310.7 310.5 310.4 310.4 310.8 310.9 310.5 309 307.6 306.1 304.6 302.5 300.4 298 295.8 294.1 292.8 291.6 290.3 289 288.3 287.6 286.7 285.1 283.6 281.4 279.6 277.4 271.6 270.6 271.1 271.7 275 276.4 277.7 278.8 278.3 278 279.6 280.1 279.7
364 366.6 368.8 371.3 372.2 371.6 370.8 368.7 366.4 363.5 360.5 357.1 353.6 349.7 343.6 333.9 310.7 306.9 318.2 327.5 327.8 327.2 326 322.5 318.9 315.4 313.3 311 309.9 307.9 304.9 303 303.3 305.4 307.6 308.9 309.6 309.5 308.9 308.7 309.3 309.9 310.2 310.5 309.1 307.6 306 304.3 302.3 300 297.8 295.8 293.7 291.7 289.3 287.6 286.9 287.3 286.9 286.5 285.2 282.9 280.6 278.8 277.2 274.7 270.7 267.8 268.1 271.2 272.6 273.7 274.6 274.3 275 276.3 277.3 276.9
360.9 361.7 363.7 366.2 370.4 371.5 371.7 370.6 368.6 365.8 362.5 359.1 355.6 351.8 346.5 340.1 325.3 309.4 305.5 316.6 322.4 324.1 324.4 321.8 318.3 314.7 311.7 310.1 309.3 309.5 307.4 303.8 301.7 303.4 305.6 307.4 308.2 308.2 307.5 307.6 308.3 309.3 309.8 310 309.2 307.7 306 304.3 302.1 300.4 298.6 297.1 295.5 293 290.4 288 285.1 283.8 284.7 285 284.5 282.2 279.8 277.9 276.1 273.8 271.7 268.5 263.9 267.4 269.2 270.4 271.2 272 272.3 273.1 274.1 274
358.9 358.8 359.5 361 363 368.7 371 371.1 369.3 366.9 363.8 360.5 356.8 352.4 348.2 342.5 335.2 326.2 307.2 303.5 313.6 320.4 322.1 321.1 317.8 314.5 311.5 309.2 308.6 309.6 308.8 306 302.1 301.8 303.7 305.3 306.3 306.7 306.3 306.7 307.3 308.4 309.5 309.5 309.1 307.9 305.9 304.4 302.9 301.2 299.3 297.4 295.1 293 290.6 288.1 286.3 283.8 281.2 282.2 282.3 280.7 278.5 276.4 274.5 272.6 270.7 268.2 264.9 262.6 266.3 267.7 268.6 269.5 270.5 270.3 271.2 271.4
356.9 357.7 357.1 356.6 358.2 359.9 367 369.5 368.7 366.5 363.4 360.1 356.6 352.2 347.8 343 336.8 329.2 321.6 305.1 302.8 314.3 320.1 320.3 317.8 314.7 311.5 308.6 307.4 309.6 309.5 305.1 303.4 299 301.8 303.1 304.2 304.4 305.5 306.8 308 308.9 309.5 309.9 310.1 308.8 307.6 306 304 301.9 300.2 298.5 296.6 294.6 292.7 290.6 287.9 284.5 280.3 278.6 278.3 277.1 275.7 274.1 271.9 270 268.4 266.9 265.7 261.8 264 266.1 267.1 267.9 268.7 269.2 269.6 269.1
354.9 356.3 355.6 353.7 352.8 355.1 357.8 363.7 366.5 365 362 358.9 355 351 346.8 342.1 336.9 330.1 322.9 315.8 301.1 305.9 315.1 317.8 316.7 314.1 311.6 307.6 306.7 307.9 308.6 305.5 302.2 299.4 299.8 300.7 302.3 305.3 307.4 309 310.2 310.9 311.5 312.3 313.3 311.9 310.4 308.8 306.5 304.7 302.6 301 299.5 297.8 295.3 292.7 289.3 285.4 282.6 278.9 277.3 276.3 275.3 274 272.5 270.4 268.4 267 264.8 262.5 259.2 263.9 265.4 265.7 266.8 266.9 266.8 265.4
351.8 354.1 353.6 351.6 349.3 349.7 352 355 361.2 362 359.8 357.2 353.3 349.6 345.8 341.7 336.3 329.2 319.9 316.7 308.9 299.8 307.7 313.2 313.2 313 309.9 307.9 306.2 305.1 305.5 304.9 301.3 299.1 298.9 300 303.4 307.2 310.1 312.4 313.8 314.3 314.8 315.6 316.4 315.6 314.3 312.1 309.8 307.6 305.9 304.3 302.3 300.2 297.5 294.4 290.8 286.3 282.4 280.9 281.5 280.5 279 277.2 274.4 272.3 269.9 267.8 265.8 263.5 259.7 259.2 261.6 264.9 264.4 263.9 262.8 261.4
347.9 350.1 349.8 347.9 346.2 346.3 347.6 349.6 353.2 356.9 357.4 355.6 352.5 348.8 345.1 341.1 336.4 330.3 324.7 319 312.6 300.2 298.4 302.6 304.8 308.5 307.9 307.1 304 302.4 302.8 302.9 300.9 298.2 298.4 299.1 302.9 307.3 312.3 316 317.6 317.9 318.2 319 319.9 319.2 317.5 315.2 312.9 311 309.2 307.6 305.3 302.9 299.8 296.2 292.6 288.4 286 285 284.1 282.8 281.1 278.9 276.4 273.3 270.8 268.5 266.5 264.3 261.8 256.1 256.6 262.7 262.1 259.8 258.5 256.5
344 345.3 345 343.3 342.8 342.6 343.8 345.8 348.4 351.8 354.5 354.2 351.7 348.7 344.7 340.4 335.9 331.4 326.1 320.7 314.8 307.5 299.5 297.1 296.4 298.4 305.6 306 303.1 301.4 300 299.7 297.5 297.9 299.5 301.3 302.6 304.4 308.9 317.3 321.5 322.1 322.1 322.5 323 321.7 320.1 318.4 316.2 314.7 313.1 311.3 309.6 307 303.9 300.8 297.2 293.4 290.4 288.1 286.7 284.7 282.6 280.7 278.7 276.3 272.8 269.4 267 264.5 261.9 257.8 252.8 255.4 259 255.8 254.1 252.6
339.9 340.4 340.3 340.2 340.9 340.5 341.3 342.8 345 347.8 352.5 353.9 351.7 348.5 344.8 340.9 336.6 332.3 327.4 322.2 317 311.5 306.6 302.9 298.9 294.9 296 302.5 302.1 300.9 298.4 295.2 299.2 301.3 303.6 304.9 306 307.2 309.1 313.8 320.1 325.7 326 326 325.8 324.9 323.2 321.6 320.2 319.3 317.8 316.1 314.4 312.7 309.8 306.6 303.1 299 294.9 291.7 289.9 287.5 285 283.4 282.1 279.1 275.1 271.3 268.2 265.8 263 262.6 261.2 255.9 249.5 249.9 249.1 249.5
336.6 337.1 337.6 338.6 339.1 338.7 340 340.8 341.8 344.1 350.5 354.1 352.1 348.5 344.8 341.1 337.2 332.9 327.9 322.6 317.8 312.7 309 305.6 302.2 294.9 293.7 298.7 298.2 295.3 294.7 298.1 302.3 304.9 307 308.5 310.2 312.1 313.5 314.5 315.9 319.4 326.1 329.2 328.8 328 326.4 324.8 324.2 323.7 322.6 321 319 316.7 314.4 311.4 307.7 303.8 299.8 296.5 293.2 290.4 287.8 286.4 285 281.9 277.9 273.5 269.7 267.7 266.1 265.5 263.1 259.2 254.7 249.2 245.1 244.4
333.6 334.8 337.9 339.3 338.4 338.1 338.7 338.9 340.1 342.6 348 354 352.7 349.5 345.6 341.8 337.6 333.1 328.2 322.7 316.8 312.3 307.8 303.6 300.6 295.1 292.5 292.7 293 295.1 298.6 301.4 304.1 306.7 309.3 311.9 314.6 317.1 318.6 319.1 319 318.9 323.5 330.2 332.6 331.4 329 327.4 327.1 327.5 326.7 324 321.9 319.7 317 314.1 311 307.2 303.4 299.7 295.7 292.5 290.7 289.5 287.2 283.8 280.2 275.9 272.1 269.5 268.3 266.7 263.6 259.8 256.1 252.1 247.6 245.4
331.5 333.1 338.1 339.7 338.6 337.6 337.3 337.7 338.6 340.8 345.6 351.3 353.9 350.8 347.1 343.2 338.8 333.6 328.5 322.2 315.3 309.8 304.3 300.9 297.6 292.3 291.1 292.1 303 306.3 306.8 307.3 307.9 309.9 311.4 314.7 318.2 321.1 322.2 322.6 322.5 321.7 322.5 326.7 335.9 334.4 332.1 329.9 329.9 330 328 325.7 322.9 321.3 319 316 313 309.1 305 301.2 298 295.5 293.4 292.3 289.1 285.8 282.2 278.4 274.2 270.8 269.2 268.1 264.4 261 256.8 253.5 250.7 247.4
330.1 331.6 335.2 337.5 338.5 337.2 336 336.1 337.3 339.6 342.8 347.8 352.7 351.9 348.4 344.6 340.1 335.1 328.6 320.3 312.9 306.5 301.4 297.1 293.7 290.4 291 305 309.3 310.5 310.6 311.2 312.2 313.5 314.6 317.4 320.2 322.7 323.8 325.2 325.1 324.4 322.9 323.1 328.6 335.1 333.4 331.4 330.7 330.7 328.4 325.9 323.4 321.1 318.9 317 314.2 311.2 307.4 304.2 301.5 299 296.8 294.5 291.8 288.4 284.2 280.1 275.5 271.1 268.2 266.5 264.6 261.2 258 253.3 249.5 246.3
329 330.1 332.9 335.1 336.9 337.1 335.8 334.8 336.1 338.2 340.8 344.9 349.5 352.2 349.5 345.6 341.8 337.7 330.3 321.9 313.6 304.9 298.7 294.2 289.9 289.7 304.2 312.7 314.2 314.4 314.8 315.2 316.5 317.4 318.6 320.3 322.3 324.4 325.3 326.3 326.4 325.1 323.1 320 319.3 323.8 330 332.4 332.4 330.7 328.5 326.2 323.8 321.4 319.2 317.3 315.5 313.2 310 307.5 304.6 301.6 299.1 296.6 294.1 290.9 286.6 282.1 277 272.2 268.2 266.1 263.9 260.6 257.6 253.7 249.5 247.9
327.1 328.4 330.5 332.6 334.4 335 334.7 334 334.9 337.1 339.6 342.1 345.9 350.6 349.2 347 343.1 338.4 331.9 322.7 312.7 304.7 297.5 291.2 287.5 293.4 306.9 314.2 317.1 317.9 318.3 318.9 319.4 320.6 321.4 322.9 324.7 326.3 326.9 327.2 326.4 324.4 322.8 320.2 316.3 315.3 319.8 324.4 331.9 332.1 330 327.8 325.4 323.1 321.3 319.5 317.6 315.5 312.6 310.3 307.2 304.1 301.4 298.6 296 292.5 288.9 285.2 278.8 272.6 268.7 265.5 263.2 260.7 258.8 255.8 253.7 250.6
326.3 326 327.6 329.9 330.9 331.8 332.8 333.3 334.3 335.9 337.8 339.7 342.1 345.5 347.3 344.9 341.8 337.2 330.4 321.1 312.1 303.9 296.7 291 286.2 289.8 300.3 311.8 317.1 320.6 321.4 321.8 321.8 322.3 323.4 324.5 325.9 326.7 327.5 326.8 325.8 324.1 322.5 320.2 316.8 313 311.4 313.6 319.6 328.6 331.5 329.3 327.2 325.2 323.8 322.1 320.1 317.9 315.2 312.2 308.8 305.4 302.3 299.8 296.6 293.1 289.6 285 279.1 272.9 268.5 264.4 262.2 260.1 257.3 254.9 250.7 241.1
326 324.7 324.5 326.1 327.7 330.7 333.7 334.8 334.9 335.7 336.3 338.2 340.2 340.9 342.3 341.6 339 335.2 328.5 320.1 312.6 304.6 297.9 291.8 286.1 286.9 293.8 305.1 315.1 319.7 322.5 323.7 322.9 322.1 323.6 324.9 325.6 326.4 326.2 325.9 324.7 323.3 321.5 319.3 316.7 313.3 310.2 308.8 310.9 317.2 326.2 330.9 329.5 328.6 327.2 325.4 323 319.3 316.3 313.4 310.2 306.6 303.1 299.2 295.4 291.7 287.6 283.1 277.7 272.3 268 263.7 260 256.5 253 247.5 242.2 238.8
326.1 324.4 322.5 324.4 328.6 332.3 335 335.6 335.6 335.8 336.7 337.7 339.5 339.2 339.2 338.7 336.6 333 327.9 321.7 315.2 308.5 301.8 294.7 289.8 283.9 289 297.8 308.6 316.9 321.5 322.3 322.3 321.5 322.7 323.5 324 324.1 324.5 324.2 323.4 322.2 320 317.7 315.6 313.4 310.5 307.7 307.5 310.3 317 326 332.2 332.4 331 328.4 324.7 320.9 316.8 313.7 310.4 307.1 303.5 299.6 295.5 291.4 286.7 282.5 277.5 273 268.2 263.6 258.2 252.7 246 237.9 239.7 252
325.3 322.9 321.2 324.2 329.5 333.7 336.6 336.4 335.8 336.2 336.5 337.4 339.2 339.4 337.7 335.6 333.4 330.6 327.1 321.6 316.2 310.8 304.3 298.4 292.9 286.6 284.2 294 301.2 310.9 316.6 319.4 319.3 320.9 322.1 322.2 321.8 322.1 322.6 322.9 322.1 320.2 318.2 316.2 313.8 311.4 309.5 307.4 305.7 307.8 312.1 319.8 328.2 336.1 333.6 329.9 325.2 320.9 316.6 313.5 310.2 306.7 303 298.8 294.7 290.6 279.3 256.4 247.9 252.2 256.6 254.7 248.4 243.7 238.2 243.2 261.1 265.8
322.8 319.8 318.6 324.5 330 334.8 337.7 337.7 336.7 335.6 334.8 334.2 334.6 335.3 335.3 333 329.5 327 324.3 321 317 312.5 307 300.6 295.6 288.3 281.6 290.6 298.8 305.4 310.3 313 316.9 320.3 321.3 320.7 320.1 319.7 320.3 320.9 320.3 318.5 316.6 314.2 312 309.4 307.4 305.4 304 305.5 309.3 314.9 321.1 335.5 334.9 330.8 325.9 321.4 317.1 312.8 309.1 305.6 301.5 297.4 293.4 278.1 251.6 234.1 236.3 245.4 241.3 236.6 237.8 242 249.7 265.9 270.4 271.2
319.6 316.9 317.1 323.4 329.5 334.6 337.6 338.3 336 334.2 332.5 331.2 330.5 330.3 329.8 328.1 324.1 320.9 320.9 318.7 315.6 311.9 307.5 301.8 297.1 290.3 281.6 291.7 298.8 303.5 306.3 310 315 318.7 319.4 318.7 318.2 317.7 318.1 318.8 318.3 316.8 314.7 311.9 309.2 307.2 305.3 303.3 302.5 303.8 307.4 310.5 314.4 320.9 331.6 331.8 326.6 322.2 317.9 313.5 309.5 305.8 302.1 297.6 286.6 257.3 237.7 232.7 254.3 261.8 257.8 262.7 268.5 273.5 279.7 277.1 274.8 273.7
317 314.9 315.6 321.5 327.5 332.8 335.6 337 334.8 332.2 329.7 328 327.1 326.4 325.2 322.8 319.8 314.6 313.6 315.1 312.3 309.5 306.3 301.5 297 290.5 280.9 290.7 297.5 301.2 303.9 307.9 311.8 315.2 315.9 315.3 314.8 314.9 315.3 315.5 315.5 314.3 312.1 309.5 306.6 303.4 301.9 300.9 300.4 301.7 304.1 306.1 308.3 310.7 316.4 321.4 322.7 321.4 319 315 311.4 308 304 299.4 278.6 250 230.5 236.2 262.2 269.5 290.1 293.3 293.8 289.5 284.8 280.3 278.4 275.9
315.4 313.9 314.7 318.8 324.1 329.5 332.7 334.7 333 330.2 327.3 325.3 323.8 322.4 320.5 318.6 316.9 310.8 308.6 308 307.4 304.3 302 299.2 294.3 290.4 281.3 285.7 295.2 297.7 300.7 304.2 308.1 310.3 310.9 310.4 309.4 311.3 311.5 310.8 310.1 309.4 307.5 304.8 301.9 299.6 297.8 297.7 298.7 299.7 301 302.2 303 303.8 306.2 308.7 308.3 309.8 312.3 313.5 312.7 309 304.3 296.7 270.5 245.8 228.5 237.2 267.3 291.4 302.4 301 297.3 292 286.1 283 281 278.9
315.4 313.6 312.9 315.8 321 325.9 328.9 331.2 330.8 328.3 325.4 323 321.3 319.2 316.2 313.2 311.4 309.5 305.9 304.3 302.4 300.3 297.6 294.4 290.7 286 279.8 280.2 290.8 293.2 296.6 300.1 302.7 303.9 304.2 304.3 303.2 303.7 305.7 305.2 304.8 304 302.5 300 297 294.5 294.2 296.2 297.9 299.2 299.5 300 301 302 303.6 303.8 303.7 304.5 303.9 303.5 303.9 303.1 298.5 288.8 266.1 242.6 227.7 240.8 272.6 305.5 305.4 302.3 297.9 291.9 286.8 284.5 282.8 281.9
315.1 312.9 311.8 313.8 317.6 321.8 325 326.7 327.9 326.2 323.8 321.4 319.5 317.2 314.5 312.1 310.4 309.4 307.8 306.1 305.9 303.7 300.6 296.4 289.8 286.2 280.7 273.6 284.4 287.8 292.8 295.4 296.9 297.2 297 296.8 296.5 298 300 301 300.3 299.7 297.7 293.5 292.3 293.5 296.8 298.5 299.3 299.8 300 300.2 300.6 301.3 302 301.9 301 300.1 298.4 296.4 294.8 293.4 291.1 284.5 260.5 240.3 226.6 241.9 273.5 309.3 305.5 301 296.4 291.3 287.4 285.6 285.1 284.5
314.2 312.4 311.1 311.9 314.9 318.3 320.9 323.3 324.5 323.9 322 320.6 319.2 317.3 315.5 312.4 310.4 309 307.6 306.4 306 304.2 301.1 297.2 290.1 287.9 285.3 276.8 275.1 282.8 288.4 290.7 291.1 291.3 291.4 289.8 289.6 292.5 294.1 294.7 294.8 294.2 290.9 290.5 300 303.4 303.4 302.5 302 301.2 301.3 301.2 301 301.2 301.1 300.8 300.7 299.6 298.2 296.4 294.2 291.7 288.8 281.9 259 238.1 225.6 245 274.8 308.3 303.9 299.3 294.7 290.9 287.9 287.5 287.2 285.9
314 311.8 309.7 310.1 312.9 315.1 318.3 320.9 321.9 321.7 320.4 318.9 317.5 316.2 314.3 312.4 310.4 308.4 306.6 305.1 304.4 302.8 300.1 297.1 294.2 288.8 288.1 282.6 272.8 275.3 283.5 286.6 287.1 286.2 285 281.3 283.8 286.6 286.5 287.2 287.1 285 289.8 300.7 306.8 307.8 307.9 306.3 304.4 303.2 302.5 302.4 301.8 302.2 302.4 302 301.9 300.8 298.4 296.4 294.8 292.3 289.3 285.1 262.3 238.4 225.6 250.4 276 305.7 301.6 297.1 292.9 289.8 288.2 288.1 286.9 285.5
313.7 311.5 309.3 308.5 310.7 313.4 317.7 319.4 319.8 319.1 318.4 317.5 316 314.5 312.9 311.2 309.3 307.7 306.5 305.3 304.7 303.9 302.9 301.5 299 295.2 291.2 286.4 280.7 271.4 272 279.8 281.8 278.7 275.5 273.4 275.7 278 279.3 279.5 280.2 283.9 294.3 304.6 310.7 311.5 311 309.3 307 305.7 304.8 303.1 302 301.8 302.4 303.3 302.6 301.3 298.8 296.2 293.1 289.7 285.5 280.4 263.6 236.3 228.2 255.3 277.6 298.2 299.4 294.6 291.1 289 288.4 288.9 286.7 284.6
312.8 311.1 309 307.5 309.1 311.4 315.2 316.9 316.8 316.1 315.5 315 314.4 312.3 310.8 309.2 308.6 307.4 306.5 306.7 307.2 307 306.1 305.2 303.2 299.8 295.6 291 286.2 281.1 271.6 264.9 273.4 266.5 268.7 271.2 272.2 273.2 275.2 277.5 281.5 287.1 296 307.6 313 311.9 310.8 308.9 307 305 303.3 300.9 300 299.2 300.1 301.9 303.2 302 299.6 296.1 292.6 288.6 283.4 276.6 265.4 237.4 224.8 250.5 265.6 271.7 277.2 289.4 288.8 288.5 289.7 291.4 289.4 286
311.7 310.4 308.7 306.4 308.3 310.2 311.4 313.2 313.9 313.1 312.4 311.9 311.4 310.2 308.6 306.4 306.3 306.5 306.5 307.4 309.3 310 309.5 308.3 305.6 302.1 298.3 293.7 289.2 285.6 281.7 274.7 260.3 276.6 284.1 288.9 289.4 283.9 283.1 282.5 286.5 291.7 300.1 310.7 312.4 310.7 308.3 306.4 303.6 299.9 297.9 295.3 294.3 295.3 296.5 299.4 301.9 301.7 299.8 297.1 293.5 289.3 284.4 277.6 270.9 251.4 226.9 223.7 234.9 249.6 255.3 268 284.3 288.3 291.4 293.7 292 288.1
310.7 309.4 308.1 305.9 306.9 308.2 308.9 309.7 310.9 310.2 309.1 307.7 306.8 306.7 304.7 303 303.6 303.7 305.2 307.7 308.6 311.7 311.8 309.9 306.6 303 299.4 295.8 291.4 288.4 284.4 279.5 260.2 277.8 287 294.2 298.9 297.9 292.3 289.7 290.6 297.4 307 313.1 313.3 310.7 306.7 303.5 299.1 294.9 291.9 290.1 289.3 290.1 292.7 295.5 296.8 296.6 298.9 297.3 292.8 286.2 279.5 267.8 257.6 241.4 238.8 230 221.8 224.7 235.6 249.5 266.6 287.6 292.3 294.8 295 291
