Assets/StreamingAssets/GeoData/Data/sk/SK19.asc
ncols 200
nrows 200
xllcorner 410000
yllcorner 390000
cellsize 50
[rows 140 to 174 of 200, columns 0 to 77 of 200]
455.8 428.1 442.3 468.7 475.4 479.2 481 480.7 477.4 471.8 474.1 475.8 472.8 480.9 486.1 491.3 499.6 507.5 512.5 515.7 518.5 520.5 520.6 520.5 519.9 518 514.1 509.6 506.3 502.6 498.5 493.5 481.3 484.7 489.8 490.8 492.6 493.5 492.9 491.3 488.4 485.1 463.1 421.7 409.1 383.1 361.5 385 408.8 431.2 454.4 476 483.7 485.7 486.7 488.3 491.8 494.8 494.5 492.5 492 492 492.6 494.4 495.6 495.8 495.7 495.7 495 494 493.7 493 492.8 492.1 491 488.5 483.3 478.7
440.2 425.6 449.2 466.1 471.7 475.2 477.9 478.3 475.5 466 459.6 462.2 469.8 478.7 484.6 491.4 499.9 506 509.7 514.1 517.6 519 519.6 519.2 519.3 517.4 513.4 508.6 505.2 502.2 497.4 490 483.1 489.3 493 494.9 497.5 498.4 497.1 495.6 491.7 488 473.3 432.4 409.5 391.2 364.5 371.6 393.8 416.1 437.4 461.7 477.4 480.5 482.2 484.9 487.2 489.6 489.2 489.2 488.9 489.1 491.4 494 495.8 495.7 495.4 495.3 494.9 493.9 493.2 492.7 492.3 491.7 490.6 488.4 483.8 478.1
415.7 415.9 425.8 440.6 452 461 462.8 458.9 456.4 445.3 467.1 467.2 473.3 477.3 484.4 491.7 499.3 505.6 510.3 514.4 516.7 517.9 519.4 517.9 518.2 516.6 512.4 507.6 504.7 501.4 495.7 484.7 491.3 495 497.2 500.1 503 503.1 502 499.8 496.4 491.4 479.7 442.9 412.4 395.8 368.9 355.8 383.8 400.8 420.7 441.3 461.1 473.5 477.8 481.2 482.1 484.6 485.6 485.6 485.1 487 489.2 490.7 492.5 493.9 493.2 493.5 493.4 492.5 491.7 491.9 491.8 491 490 487.8 483.1 477.3
441.2 429.7 413.8 414.7 423.5 433.3 433.6 430.4 450.6 473.1 478 476.8 478.1 480.4 486.8 495.6 501.2 507.6 511.2 514.7 517 519.4 519.5 519.1 518.5 516.7 513 507.7 503.1 498.2 489.1 496.1 496.3 500.8 502.2 505.2 507.1 507.4 506 503.6 500.3 494 483.6 446.5 416.7 401.4 374.2 354.3 374.6 389.2 406.2 422.1 441.3 457.6 470.9 475.1 478.3 480.5 481.9 482.2 481.8 484.4 486.4 487.7 488.7 489.7 490.1 489.9 489.7 489 490.3 490.6 490.8 490.7 489.3 486.6 482.1 475.9
458.7 447.6 438.7 424.7 411.1 409.5 431.8 454.9 475.5 482.2 483.1 482.2 481.2 485.6 491.5 500.1 505.2 509.1 513.1 516.2 518.6 520.4 520.9 519.9 519.3 516.9 513.6 508.9 504.8 500.8 499.8 502.6 503.2 503.8 506.2 508.2 509.3 509.4 509 507.3 502.9 496.6 484.6 448.2 420.4 403.6 376.6 355.1 362.1 376.2 392.5 408 421.6 437.3 450.3 466.2 472.9 476 476.9 476.8 478.1 480.6 482.5 483.8 484 483.7 483.6 485 486.5 487.1 488.8 489.3 489.4 489.6 488.6 485 479.5 473.8
479 464.5 444 441.9 427.8 402.7 421.6 449.8 475 483.7 486.3 486.2 486.8 489.1 494.7 501.8 506.6 510.5 514.2 517.2 519.7 521.2 521.3 520.6 519.6 517.1 514 509.9 505.7 501.5 504.4 505.6 505.6 506.2 507.6 509.3 509.9 510.2 509.9 507.8 503.8 496.7 485.6 453.7 424.3 408.4 379.9 358.5 347.5 373.6 387.7 397.3 405.7 418.5 428.9 442.2 454.1 466.7 470.8 468.8 473.7 476.9 479 479.7 479 478.4 478.7 479.7 483.4 486.3 487.6 488 488.1 488.4 487.2 482.2 476.7 471.4
486.5 482.3 457 441.3 434.9 408.1 415.5 441 466.4 483.8 487.4 489.5 491 492.7 496.9 501.9 506.7 511 514.9 518.4 520.5 521.8 521.6 520.7 519.8 517.5 514.2 510.5 507.1 506 505.8 506.9 507.2 508.1 508.7 509.3 509.6 510 509.6 507.5 504.8 501.8 488.3 456.9 430.5 412.3 385.5 361 341.5 366.2 384.1 389 393.6 400.2 410.6 419.2 428.3 440.9 452.6 453.4 467.9 472.8 475.3 475.8 474.7 470.2 468.6 479.1 483.4 485.5 486 486.8 487.2 487 485.1 479.3 474.1 469.1
491.1 487.1 483.1 457 436 408.7 409.1 436.7 462.3 484 489.1 492.3 495.1 497.2 499.1 502.4 507 511.3 515.3 519.2 521.3 521.9 521.3 520.6 519.4 516.9 513.9 511.7 508.1 508.1 508.5 508.7 508.7 508.7 508.7 508.9 509.3 509.8 509.4 508.1 506.8 504.3 490.8 461.9 434.9 417.8 391.3 365.4 339.4 358.9 377.4 384.5 386 387.5 391.4 399.6 408.6 416 422.8 428 444.2 459.4 468.6 467.3 461.2 442.4 467.2 478.4 482.6 483.3 484.1 485.5 485.6 485.6 482.1 477.5 472 467.4
493.9 492 487.2 462 434.3 407.1 410.1 435.8 461.3 484.6 490.9 494.7 497.4 499.7 502.1 503.9 507.2 511.4 515.5 518.9 520.7 521 520.9 520.2 518.6 516.2 513.5 511.6 508.9 508.4 509.3 509.6 510 510.2 510.4 510.7 510.4 509.6 509.3 508.7 508.5 506.3 498.8 470.8 443 423.4 400.3 375.4 351.4 344.4 360.5 372.3 377.9 377.4 377.5 381.5 388 395.5 397.7 410.7 423.2 435.4 447.5 436.5 429.4 423.1 451.4 471.7 478 483.2 484.9 484.8 485.8 483.9 479.6 476.1 470.2 464.6
496.9 494.8 488.1 462.7 433.9 402.7 409.4 433.3 458.9 484.7 491.7 495.5 498.7 501.1 503.4 505.3 507.3 510.9 514.5 517.5 519.2 519.6 519.9 518.8 517.2 515 513.2 511.3 509.6 509.3 509.2 509.2 509.3 509.8 510.1 510.6 511.2 510.4 509.4 509.6 509.5 508.3 505.6 484.4 452.5 431 411.2 388.6 366.5 347.7 337.8 361 366.7 368.1 368.6 369.5 371.7 375.1 374 391.6 404.4 418.7 422.7 411 402.7 410.2 432.9 464 480.2 485 486.4 486.1 485.1 483.4 478.8 475 467.6 458.3
500.4 498.6 489.5 461.9 433.2 400.7 405.4 427.8 453 478.9 492.3 495.9 498.7 501.1 503.3 505.2 507.3 509.8 512.7 515.7 517.1 517.8 518 517.3 515.5 513.9 512.5 510.8 509.1 508.4 507.9 508.2 508.4 508.9 509.6 510.1 510.6 510.9 510.1 509.7 510.4 509.6 508.1 498.3 468.1 443.1 426.9 407.7 390.8 368.3 346 339.4 353.3 356.7 360.5 358.3 359.7 359.4 363.2 374 385.7 400.2 397.3 382.9 387.8 410.6 435.9 463.7 481.7 486 487.2 487 485.5 483.4 479.8 475.5 469.4 462.1
503.1 501.6 490.3 460.1 431.6 399.9 400.4 421.4 445.1 468.4 490.2 495.1 498.1 500.5 503 504.7 506.4 508.7 511.4 513.6 514.8 515.5 515.6 514.9 513.7 512 510.3 508.8 507 505.6 505.7 506 506.6 507.1 508.2 508.8 509.5 510.4 510.2 510.2 510.7 510 509.7 506.2 486.2 458.4 437.3 427.2 407.1 385.2 366.4 342 330.6 333.1 339 343.1 346.8 345 348.5 358.3 366.7 378.5 371.1 364 389.6 404.2 434.4 460.9 482.2 487.8 489.1 488.6 486.8 484.4 481.5 477.7 472.8 467
506.1 503.5 490.8 458 427.8 401.3 392.1 414.1 435.8 457.7 481.9 492.6 496.7 498.9 501.2 503.5 505.3 507 509.3 510.9 511.8 512.3 512.2 511.9 511.4 509.9 508.2 506.3 504.4 503.1 503.5 503.9 504.7 505.6 506.8 507.4 508.3 509.4 510.4 510.7 511 510.5 510.3 509.7 503.2 476.3 449.1 432.9 416.1 405.2 382.6 363.5 353.6 336.7 330 325.4 323.6 325.5 329.6 336.9 346.8 358.2 343.7 365.5 394.3 406.6 426.7 447.6 470.4 487.6 490.4 489.6 488.3 486.5 483.7 480.1 476.5 471.6
508.3 505.8 493.4 457.6 425.6 404.1 386.1 407 425.4 446.7 467.2 488.9 494.4 496.8 499.1 501.6 503.7 505.1 506.7 507.7 508.3 508.9 508.6 508.3 507.9 506.3 504.5 502 500.7 500.7 501.2 502.3 503 504.1 505.3 506.1 507.4 508.8 510.2 511.2 511.6 511.8 512.1 511.2 508.2 489.4 458.5 439.1 424.7 412.3 397.1 380.3 368.9 357.5 352.6 345.2 334.3 324.3 318.3 317 322.6 331.8 341.8 361.5 375.2 386.5 404.7 428.2 451.1 475.3 490 490.8 489.8 487.8 485.5 482.6 479.1 475.4
510.2 506.9 498 459.7 428.3 405.3 381.2 396.6 416.3 436.6 456.7 478.1 490 494.7 497.3 500.1 502.1 503.5 504.6 505.5 505.4 505.8 505.1 504.7 503.7 502.5 500.9 498.5 497.5 498.3 499.5 500.5 501.4 502.5 504.8 506.2 507.5 508.8 510.2 511.4 512.9 513.2 513.5 512.9 510.5 500.1 465.2 442.6 432.9 417.1 405.2 399.7 392.9 380.4 375.1 368.8 362 349.2 335.6 322.6 312.3 317 328.7 343.3 356.7 369.7 386.9 407.8 434.7 457.5 479.1 490.5 491.1 489.7 487.1 484.4 481.5 478
511.5 509.2 500.6 462.2 429.2 404.6 383.9 390.8 408.4 427 447.4 466.3 485.9 491.3 494.8 497.7 500.8 502.1 502.6 503.5 503.6 503.4 502.4 501.6 500.7 499.5 498 495.3 494 495.6 497.6 498.5 500.2 501.9 504 505.3 506.6 508 509.9 511.8 513.3 514.5 514.4 514 513 508.1 476.9 450.1 436.3 425.3 414.4 410 408.3 403.2 401.6 393.7 386.5 374.5 356.4 340.4 323.7 312.1 313.2 325.6 339.2 354.2 373.6 393.4 418.9 435.2 454.3 478.5 491.3 490.4 488.5 485.9 483.2 480.4
512.7 510.5 503.2 466.1 430.5 406.3 389.2 387.1 402.1 416.9 436.8 456.9 476.5 485.4 492.3 495.8 498.6 501.3 502.4 502.6 502.1 501.2 500 499.2 497.7 496.2 493.7 490.3 486.7 492.8 496.7 498.4 500.4 501.6 503 504.4 506 507.9 509.8 511.8 513.7 515.3 516 515.6 514.6 511.5 494.7 463.8 440.7 433.9 428.3 427.5 424.2 424.1 424 417.3 406.4 392.7 375.3 358.5 339.9 321.8 309.6 312.3 325.2 340.3 359.6 379.1 396.1 415.6 441.1 469 488.2 490.9 489.8 487.3 484.7 482.6
513.4 511.2 503.6 465.9 430.1 406.7 392.5 378.8 392.5 405.8 423.7 446.1 469 485.6 491.6 494.9 497.8 500.1 501 501.3 500.3 499 497.5 496.5 492.1 489.3 484.6 479.4 490.1 494.8 497.2 498.5 498.8 500 501.4 504.1 506 507.9 509.8 511.8 513.7 515.5 516.3 516.2 515.5 514.3 511.2 493.7 458.7 442.8 437.6 439.7 444.6 447.6 447.5 436.2 422.9 405.6 389.6 374.1 356.9 338.9 318.2 307.5 311.6 327.7 346.9 365.6 385 405.3 431.4 453.7 472.6 488.7 491 488.8 486.6 483.8
513.6 511.5 502.2 463.5 430.8 408.8 391.9 373.3 387.6 398.5 413.1 438.1 461.9 484.1 490.7 494.2 496.4 498.4 499.2 499.2 498.2 496.9 495.2 493.3 488.6 478.7 470.9 485.2 491.3 494 496 496.9 495.2 497.2 500.5 503.7 505.9 507.7 509.5 511.3 513.1 515 516.3 516.2 515.8 515.7 515.1 511.4 496 474 464.4 465.2 470.7 472.7 465.3 452 435.5 415.2 397.9 383.9 369.6 350.5 326.7 306.3 305.7 314.1 333.5 353 373.6 392.1 410.3 432.2 451.1 473.4 489.5 490.1 487.7 486
513.5 510.9 494.5 460.3 432.8 412.1 395.5 374.2 381.5 391.6 404.4 427.4 452.7 476.6 488.5 492.3 494.7 496.3 497.1 496.8 496 494.7 492.7 490.7 486.3 468.7 475.7 485.3 488.7 490.2 492.2 492.9 492.3 496.4 500.2 502.7 504.8 506.9 508.6 510.4 512.4 514.3 516.4 516.2 515.9 516.2 516.4 515.3 512.2 503 495.4 491.3 488.2 484.4 475.7 461.6 441.8 420.6 402.6 389.2 375.1 357.3 334.8 311.3 303.7 305.1 320.8 340.7 358.9 376.2 394.3 415.5 437.9 456.3 483.3 489.7 489.9 488
512.9 509.3 491.7 458.3 434.3 413.5 396.3 378.4 375.8 387 397.1 417.8 442.6 466.6 485.2 490 492.2 493.5 493.9 493.7 493.3 492.2 490.5 488.5 484.8 465 468.6 481 478.4 474.5 477.3 484.8 494.4 497.3 499.5 501.5 503.6 505.7 507.5 509.4 511.5 513.4 514.9 516.2 516.2 516.7 516.7 516.1 514.3 510.9 506.6 502 496.2 489.6 482.1 467.5 447.4 426.5 407.4 392.3 374.8 356.5 336.8 314.9 301.3 303 310 327.6 346.4 362.7 378.7 400.2 424.4 449.9 466.2 480.2 490.5 490.7
512.4 508.8 495 460.1 434.6 414.9 398.5 381.4 371 381.5 390.2 407.3 431.6 457.1 479.6 486.8 488.9 490.2 491 490.9 490.3 489.4 488.1 485.5 481.6 466.6 453.1 465 464.3 480.2 489.7 492.8 495.5 497.2 498.7 500.2 502 504 505.2 506.4 508.3 510.9 513.2 514.8 516 516.3 516.3 516 515.3 513.6 510.7 506.6 500.6 493.6 486 473.2 453 432.7 413.1 396.8 377.7 356.7 335.8 315.4 302.2 300.9 304.3 317.8 333.4 348.1 363.3 386.8 418.1 435.8 444.9 459.6 481.3 491.6
510.9 507.5 500.8 470.7 440.6 417.5 403.2 383.9 365.1 375.3 383.9 394.4 420.3 441.2 463.5 480.5 484.6 486.5 487.4 488.1 487.4 486 483.4 480.1 475.7 460.5 436.3 458.3 479 489 492.2 494.5 495.7 496.7 497.9 499.2 500.6 500.5 501.5 502.8 505.3 507.9 510.8 512.9 514.2 514.8 515.4 515.5 515.1 514.6 512.8 509.3 504.9 497.6 488.8 477 458.6 438.5 419.1 400.1 380.8 359.2 337.9 316.3 301.9 300.1 297.6 310.7 321.4 333.8 348.1 369.1 396.8 414.1 427.5 445.5 465.2 488.7
508.9 505 500.7 486.1 457.5 431 408.3 389.3 370.8 367.2 377.8 384.8 405 424.4 443.1 461.1 476.9 481.5 483.6 484 483 479.9 476.5 471.9 460.6 443.6 440.5 466.3 485.7 491.1 493.3 494.8 495.9 496.2 496.4 497.1 497.4 497 497.7 499.3 501.3 504.9 508 510.5 512 513.5 514.1 514.7 514.6 514.1 513.5 511.4 507.6 501.1 492.4 480.9 464.7 444.6 424.6 404.1 384.4 363.1 340.4 319.1 301.6 298.6 297.7 299.2 313 322.8 334.6 352.9 372.8 391.6 412.1 433.1 452.8 478.1
505.6 503 500.1 495.2 477 445.8 414.5 395.8 376.4 361.5 368.6 377.9 386.8 404.9 423.4 442 459.7 471.7 478.3 478.5 476.2 472.8 466.6 455.2 440.8 423.3 450.5 474.6 488.3 492 493.3 494.7 495.1 494.9 493.5 493.9 493.2 493.5 494.3 495.7 498 501.6 505.4 507.7 509.2 511.2 512.8 513.4 513.8 513.6 513.6 512.6 509.5 503.9 495.2 485.5 471.5 454.8 434.8 415.2 393.4 370.3 346.1 321.9 302.6 296.9 296 296.2 307.6 315.3 325.1 337.7 354 374.8 398.3 417.5 439.7 461.9
503 500.2 497.4 494.2 486.9 459.7 425.5 404.4 380.4 367.6 359.3 370.6 380.2 387.4 405.9 424.3 440.8 458.1 470.9 471.5 469.1 461.5 449.2 434 418.9 426.1 456.7 480.8 489.1 491.9 493.3 494 493.8 493.6 491.8 489.9 489.3 489.2 490 492.3 494.8 498.4 502.6 504.9 506.9 509.3 511.1 511.7 512.5 512.8 512.7 512.8 510.6 505.3 497.4 488.4 477.3 462.3 445.8 426 406.6 385.1 357.6 327.6 306.4 295.4 294.7 294.5 299.7 308.3 316.1 327.7 339.3 359.3 376.9 400 410.9 425.3
500.6 497.8 495.6 493 488.4 471.5 436.6 409.2 391.9 371.4 362 357.5 369.7 378.2 388.2 404.4 422.1 439.3 461 463.2 454.9 443.9 426 410.9 408.2 436.5 461.9 483.3 488.5 491.6 492.5 493 492.7 492.3 490.5 485.6 484.2 483.9 485.9 489.8 492.1 495.6 499.4 502.6 504.7 507.1 509.2 509.9 510.7 511.5 511.8 512.2 510.8 506.5 499.8 491.8 483 471.5 456.9 437.5 418.7 394.8 364.1 332.6 311.9 299.4 293.6 292.7 291.9 301.3 308.8 318.8 330.7 344.9 356.4 379.3 408.2 411.6
498.2 495.3 493.9 492.1 487.7 474.7 449.6 424.7 402.8 385.1 369.7 360.9 355.3 365 375.2 388.9 406 420.5 438.6 445.1 431.9 416.1 399.8 395.4 421 446.4 469.4 484.4 488 490.3 491.1 491.6 491.6 490.4 488.6 486.2 480 476.7 483.5 485.7 489.6 492.6 496.4 500.1 502.7 505.1 506.6 508.1 509 509.9 510.2 510.8 509.8 506.4 500.9 493.8 485.7 478.3 467.2 450.7 431 402.1 371.4 343.7 320.6 307 293.2 291.1 291.8 295.5 302.5 317.3 332.1 341.3 346.8 356.6 383.6 413.9
495.3 493.5 492 491 488.1 484.2 472.2 443.7 423.8 404.6 389.9 371 356.7 351.3 361 374.3 384.2 400.5 414.9 415.6 402.5 386.7 386.3 410 433.5 456 475.8 484.8 487.6 489.4 489.5 490 489.8 488.4 486.4 483.8 477.4 472.8 479.4 482.7 486.5 490.4 494.3 497.9 500.8 502.2 504.8 506.6 507.7 508.2 508.4 508.6 506.8 504.5 501 495 489 482.4 474.8 461.9 439.4 411.1 385.1 359.5 330.4 317.5 302.8 290.8 289.8 291.8 304 321.9 328 337.1 348.2 355.5 368.8 386.1
492.3 492.9 491.2 488.5 486.7 484.7 480 469.2 448.3 428.2 406.7 383.5 366.2 350.2 345.5 358.9 367.8 378.2 391.9 387.8 374.1 381.3 405.9 427.4 446.8 464.5 479.2 484.9 486.9 488.2 488.3 488.5 487.5 486.1 483 476.2 462.8 473.3 480 483.5 484.8 488.6 492.9 496.3 499.2 501.5 503.8 505.2 506.1 505.7 505.6 504.3 502.7 501.4 499.1 495.6 491.2 486.4 481.9 473.1 453 427 401.3 373.4 345 326 310.7 293.6 287.3 290.6 310 318.5 324.6 334.9 349.9 361.8 375.9 373.4
488.7 490.7 490.6 489.2 486 483 481.5 478.2 471 451 425.8 399.2 374.9 360 343.8 346.9 353.6 362.9 369.4 361.4 376.7 399.1 421.3 441.7 458.7 475.6 481.7 485 486.6 487.5 487.6 487.1 485.3 482.1 470.6 455.1 475.5 483.6 486.6 488.3 490.1 491.8 494.4 496.8 499.3 501.5 503.1 504.1 503.8 502.3 500.5 499 497.1 496.3 495.7 493.6 491.6 489.1 486 480.7 469.2 447.2 420.3 392.7 363.8 338.4 317 299.6 286.8 287.8 310.7 324.8 332.3 335.7 343.5 360.3 387.8 382.1
484.5 487.4 487.9 486.8 485.2 483.6 481.5 478.5 474.3 465.6 445.2 415.8 389.5 370.4 353.5 338.5 341.2 351.1 360.4 376.3 398.9 419.5 439.1 454.2 470.2 480.8 484.7 486.7 486.8 487.7 487.8 485.5 483.7 477.9 451.9 466.7 479.3 485.4 488 489.9 492 493 495.1 497.1 499.5 500.8 502.2 502.4 500.8 498.8 496.9 495 493 492 491.4 491.2 490 488.1 486.2 482.8 474.9 460.7 434.9 408.4 381.8 351.5 327.5 307.6 293.2 287.9 304.4 321.3 328.4 336.8 341.5 352.7 380.9 390.5
480 483.3 484.6 484.3 483.4 481.4 479.3 476.6 473.1 467.5 458.1 432.3 407.4 384.8 364.2 338.9 338.6 347.6 361.4 380.6 408 432.5 447.4 463.9 477.7 483 486 487.7 488.3 488.7 487.4 485 482.5 476 450.3 455 469.8 483.5 488.4 490.7 492.4 493.6 495.6 497.7 499.1 500.1 500.6 500.7 498.3 496.3 494 491.8 489.9 488.5 487.6 487.1 486 485.4 484 481.2 473.9 463.1 442.2 416.4 391 364.5 337.4 315.7 291.2 284.7 296.5 312.7 323.1 341.2 332.8 349.7 368 383.1
476.7 479.4 480.5 480.9 479.8 478.5 476.7 474.3 470.8 466 460.1 447.1 423.3 399.8 373.7 347.9 336.6 345.6 361.5 379.5 404.9 434.9 453.2 471.7 479.9 483.3 486.2 488.3 489 489 486.8 484.5 481.7 476.8 455.8 436.8 460.1 479.5 487.2 490.1 492.2 494.1 495.8 497.4 498.8 499.3 499.2 498.1 496 494.3 492.1 489.6 486.6 484.9 483.9 482.9 482.1 481.2 479 473.2 460.4 445.7 435.5 417.8 396.6 375.6 348 321.8 303.7 285.1 284.9 301.8 318.6 328.4 330.1 339.7 360.6 373.1
472 474.8 476.7 476.4 475.7 474.6 473 471.2 468.1 463.7 459.2 452.7 435.7 410.2 382.5 356.2 332.9 343.4 360.3 382.3 405.4 432.1 457.1 474.9 480.3 483.3 486.2 488.5 489 488.9 487.3 484 478.8 461.6 444.6 430.1 453.4 475.9 484.9 488.9 491.6 494 495.7 497.2 498.2 498.4 498 496.3 494.4 492.3 490.1 487.1 482 479.8 479 477.7 476.3 473.5 465.2 456.4 441.9 424.3 416.1 408.5 399.1 386.8 358.5 327.9 299.8 292.6 283.7 289.6 304.7 317.2 320.8 326.6 349.8 363.4
