Assets/StreamingAssets/GeoData/Data/sk/SK27.asc
ncols 200
nrows 200
xllcorner 420000
yllcorner 370000
cellsize 50
[rows 35 to 69 of 200, columns 78 to 155 of 200]
223.3 212.8 199 180.3 154.8 139.8 133.5 129.3 129.5 130.5 134.2 135.2 138.3 142.3 145.2 148.7 150.5 153.3 159.3 165.8 174.4 183.8 191.9 200.9 212.7 226.3 242.3 260.6 276.6 286.7 287.8 286.9 286.9 288.7 289.9 287.4 294.3 300.4 305.8 310.5 316.4 319.2 322.6 326.2 328.8 333.3 337.1 343 347.1 353.3 365.5 378.2 380.1 381.7 382.1 382.1 381.9 381.6 381.4 381.1 380.3 379.4 378 375.8 373.2 369.9 366.2 362.6 358.4 354.1 350.5 348 346.8 345 345.8 347.7 349.8 352
225.6 214.8 203.1 181.2 164.5 144.7 136.3 131 129.1 129.2 130.9 132.6 135.7 138.8 141.7 144.9 147.1 152.4 157.1 163.4 171.5 179.8 188.3 199.8 210.8 226.3 243.2 260.2 283.6 296.3 291.7 289.8 290.6 292 293.6 294.2 292 298.4 304.4 308.4 312 316.2 319.8 322.8 326.5 331.6 336.4 340.8 345.2 352.6 371.8 375.2 377.6 379.3 380.5 380.4 380 379.6 379.2 378.9 378.1 377 375.3 373.3 370.7 367.2 363.7 360.2 356 351.7 348.8 346.5 345.3 344.3 345 347.1 348.8 350.5
229.5 217.9 205.9 188.7 167.8 153.9 141 133.9 128.4 128.9 129 130.5 133.4 135.9 138.9 142.2 146.7 151.6 155.8 161.7 168.1 175.2 184.4 196.8 209.3 225 241 255.4 276 299.4 301.7 302.4 297.7 295.4 298 299.3 301.4 301.2 300.8 303.7 308.3 314.3 316.5 320.4 324.9 329 333.8 338.5 343.8 355.8 364.3 371.5 374.8 377.3 379.3 379.4 379.1 378.7 378.3 377.5 376.5 374.9 373.2 371.1 368.3 364.6 361 357.7 353.5 350.1 347.6 345.6 344 342.8 343.2 345.1 347.6 349.1
232.8 223.1 211.5 196 178.4 163.6 152.2 139.5 130 126 128.5 128.7 132.3 135.1 137.9 141.4 145.5 149.3 153.9 158.6 164.1 171.4 180.1 191.6 204.7 219.1 232.3 244.1 257.5 274 286.6 302.8 302 299.1 305.2 308.2 309.5 308.1 306.7 307.5 307.9 312.2 314.1 318.2 322.5 326.6 330.2 334.6 342.6 355 369.2 373.2 376.6 378.5 379.7 379.4 378.9 378.2 377.4 376.6 375.3 373.4 371 368.9 366.6 363 359.5 356.1 352.5 349.4 347.5 345.5 344 343.1 342.3 342.9 344.4 347
236.3 228.9 217.3 202.5 189.1 178.2 165.6 150.4 133.5 129.5 126 128.5 131.4 134.3 137.2 140.2 144 147.6 151.2 154.9 160.9 168.3 176 187.3 198.7 211.1 222.4 234.1 244.5 252.8 267.1 290 299.9 299.8 300.9 303.1 305.8 308.6 310.4 310.3 310.9 312 312.5 315.6 319.8 323.8 327.1 333.8 345 364.2 368 370.6 374.3 377.2 378.2 378.7 378.2 377.3 376.3 375.5 374.8 373.1 371.2 368.8 366.7 363.3 359.8 356.2 352.4 349.6 347.7 346.2 344.4 343.3 341.4 341.3 341.6 343.4
235.8 227.8 217.6 205 192.1 181.8 169.3 157.4 144.3 129.3 129.1 126 130 133.6 136.7 139.6 142.6 145.5 149.2 153.5 159.1 166.1 175.6 185.3 196.3 204.6 215.5 225.5 236.4 247.1 259.4 279.4 292 293 295.4 298.1 301 303.8 305 307.3 308.7 310.4 311.6 314.1 317.6 321.1 325.5 334.2 351.3 359 363.2 366.6 369.7 372.8 375.8 377.5 376.9 376.3 375.3 374.5 373.8 372.4 370.6 368.8 366.7 363.7 360.4 358.1 354.2 350.9 348.9 347 345.7 344.4 343.1 341.6 339.4 339.9
231.3 223 212.8 202.7 191.6 180 168.7 156.5 146.5 134.8 129 128.6 129.6 132.5 136.1 138.8 141.7 145.4 148.8 153.8 159.7 165.4 174.4 184 192.5 200.6 209.1 218.8 228.8 238.4 251.7 274.1 283.6 287.4 290.5 293.5 296.6 300.1 302.7 303.5 304.7 306.5 308.8 311.4 314.7 318.1 322.6 331.8 344.5 351.6 357.4 361 365.2 370.1 374.4 376.2 376.3 375.3 374.2 373.1 372.1 371.2 369.8 368.1 366.3 363.8 361.2 359.1 357 354.3 351.9 349.1 347.3 345.9 345.7 343.9 342.5 338.7
225.1 217.4 206.9 196.4 186 174.8 163 151.5 145.4 138.8 130 128.6 129.5 131.1 134.4 137.7 140.6 143.9 147.8 153.1 158.7 164.9 172.6 180.6 188.5 196.2 203.6 213 222.6 235.4 250.2 269.8 279.1 282.1 286.5 289.9 293.3 297 300 300.7 302.4 304.5 306.8 309.1 311.4 313.9 318.7 326.1 333.8 342.6 349.4 358.4 366.7 371 373.4 374.4 374.3 373.1 371.8 370.7 370 369.2 368 367.1 365.3 363.7 361.9 359.8 357.7 355.6 352.9 350.3 348.1 346.5 345.5 344 342.3 338.7
217.5 209.8 200.6 190.1 179.3 168.3 157.5 150.1 144.2 137 130.7 125.8 129.2 129.4 132.4 135.5 138.5 141.4 145.3 152 157.5 164.3 170.9 178.1 185.2 191.3 198.2 207.7 217.2 226.4 240.5 267.6 275 277.3 281.3 286.1 290.4 294.9 296.6 298.4 300.6 302.8 304.9 307.1 309.3 311.6 316.2 322.8 329.4 335.7 345.6 355.7 364 367 370.7 372.4 372.2 371.7 370.7 369.4 368 366.6 366.2 365.4 364 362.4 360.9 359.8 358.1 356.2 353.6 350.9 348.1 345.4 343.5 342.2 340.9 338.1
212.6 204.6 195 184.9 174.3 164 155.1 148.4 142.1 136.8 129.6 125.7 128.5 128.7 130.5 132.9 136.9 140.4 145.7 150.8 156.7 163.3 170.2 178 184.5 190.9 197 204.7 213.8 222.9 235.9 258.6 270 273.1 278 283.4 288.6 292.2 294.7 297 299.2 301.3 303.2 305.1 307.1 309.5 314.6 321 326.6 333.6 341.2 348.9 355.5 363.8 371 372 371.7 371.3 370.3 369.2 368 366.5 365 363.9 362.7 361 359.4 358.4 357.6 355.7 353.7 351.6 349 345.8 343.2 340.6 338.8 337.2
209.8 199.9 189.7 179.7 169.7 160.5 153.2 146.9 141.5 135.9 130.7 125.7 128.3 128.6 131.2 134 137.5 140.9 146.4 151.4 157.3 164.2 170.9 178.5 186.1 195 203.4 210.9 216.8 224.7 234.5 252.3 265.8 271.4 276.9 283 289.9 291.2 293.3 295.7 297.7 299.6 301.5 303.3 306 310.3 314.2 319.7 326.2 332.9 340.5 346.2 356.4 371.5 371.3 371.1 371 370.5 369.4 368.4 367.4 365.7 363.9 362.2 360.6 359 356.9 355.7 355.2 354 352 350.4 348.6 346.3 343.9 341.6 339.2 336.4
204.8 197.7 187 175.5 165.1 156.8 150.8 145.9 140.9 134.2 128.6 125.7 127.9 128.1 131.1 134.2 138 142.4 146.6 152.6 159.1 166 171.9 179.5 190.8 200.1 208.3 219 228.3 230.4 232.9 248.7 264.1 271.9 278.3 284.3 288 290 292.1 294.2 296 297.9 299.7 303.2 307.4 311.1 314.5 319.4 325.7 333 340.2 346.2 365.8 369.8 369.5 368.8 368.6 368.4 367.8 366.9 365.3 363.8 362.7 361 359.3 357.4 355.8 354.5 353.3 351.9 350.4 348.7 346.8 344.5 342.2 340.1 338.4 335.9
198.8 193.6 184.3 172.7 162 154.1 148.1 143.3 137.9 132.6 128.4 127.7 127.6 126.3 134.3 135.7 139 144.6 149.6 155.2 161.6 168.7 178.6 187.7 199.5 209.9 220.7 235.5 249.7 259.8 257.8 245.7 265.3 270.9 276.9 284.1 286.5 288.4 290.6 292.7 294.6 296.7 299.2 302.7 306.9 310.6 314.4 319.8 326.1 333.3 340 351.6 367.1 367.9 367.3 366.3 365.8 365.3 364.5 364.6 362.9 362.3 361 359.8 358.1 356.6 355.1 353.7 352.4 351.4 350.2 348.6 346.8 344.5 341.9 339.5 337 334
193 189.3 181.9 170.7 159.3 151.5 145.6 140.8 135.3 131.1 127.9 127.3 127.3 127.2 137.4 139.6 139.5 148.1 153.1 158.8 166 174.3 183.7 194.5 207.4 219.4 236.5 253.7 265 273.2 271.6 262.6 260.5 267.1 273.7 281.6 284.1 286.7 289.1 291.6 293.9 296.5 299 301.8 306.4 310.1 314.8 319.9 325.8 332.8 341.2 361.9 365 365.4 364.9 364 362.3 362 362.5 362.3 362.6 361.7 360.7 359.7 358.4 356.3 354.5 352.6 350.9 349.3 347.9 346.4 344.9 343.4 341.6 339.7 336.9 333.8
182.6 183.6 178 167.9 157.3 149.1 143.6 138.6 133.5 129.1 127.1 127.2 127.1 127.1 137.2 142.3 145.3 151.4 156.8 162.7 170.4 179 188.5 201.5 216.6 232.8 252 265 272.3 278.4 279.1 272.9 269.6 276.5 279.3 280 282.6 286.4 288.9 291.3 293 294.4 296.6 301.1 305.4 309.3 314.7 320.7 326.4 333 343.9 361.1 361.9 362.4 362.4 361.8 360.9 360.6 361.5 362.8 363.3 362.9 361.6 360 358.1 356.4 354.6 352.6 350.8 349 347.2 345 343.1 341.2 339.4 337.6 336 333.4
169.4 173.8 172.1 165 154.8 147.5 141.9 136.2 130.4 127.6 125.3 127.1 127.1 125.5 138.2 144 148.6 154.2 159.4 166.9 175.3 184 194.7 210.5 226.6 244.1 260.2 270 278.1 280.7 280.9 279.8 277.2 280.3 283.1 283.8 283.6 285.9 288.7 290.2 290.7 294.2 297.5 299.7 304.1 309 313.7 319.5 326.9 333.9 349.4 359.6 360.4 360.8 360.5 359.5 358.7 360.2 361.7 363.2 363.3 362.3 360.7 359.2 357.4 355.4 353.6 351.7 349.9 348.3 346.8 345.1 343.2 341.2 339.3 336.3 334 332.6
155.2 160.9 165.3 161.7 153.7 146.5 139.7 133.6 128.2 124.3 126.9 127.1 127.1 125.7 136.4 143.1 148.9 154.4 163.1 171.8 182.3 192.1 203.5 219.2 235.9 253.2 264.7 274.5 280.7 282.4 283.5 283.5 282.7 283.4 284.5 285.5 286.3 285.9 286.4 287.7 290.4 295 298.1 301.2 304.3 308.8 314.3 320.6 327.1 336.3 355.9 359 358.8 358.9 358.8 357.8 357.5 359 361.1 361.4 361.2 360.6 359 357.3 355.3 353.3 351.7 350.1 348.4 346.8 345.2 344 342.9 341.3 339.1 336.3 332.7 329.8
153.7 151.2 153.9 154.5 151.4 142.6 137.3 132 127.5 126.8 127 127.2 127.2 130 134.4 143.9 147.5 157.6 167.7 179 189.9 200.5 213.3 228 244.7 258.4 269.8 279.2 282.6 283.8 285.2 284.3 284.9 284.9 286.1 287.3 288.3 289.2 288.1 287.2 289.7 293.6 298 301.6 304.9 309.1 316.7 322.5 328.7 341.3 356.5 356.9 356.8 356.8 357.1 356.3 356.1 357.2 358.7 359 358.9 358.5 357.1 355.2 353.2 351.1 349.4 347.8 346.2 344.7 343.1 342 340.8 339.7 338.4 335.7 331.1 327.8
161.8 153 145.8 144.9 143.4 138.6 135.2 131.3 127.7 127 127.2 124.6 130.9 136.5 143.2 148.7 157.3 165.3 175.1 186.7 197.6 209 223.1 237.8 251.7 263.1 274.5 282 283.8 284.4 285 285 285.7 286.5 287.5 288.8 290.1 291.2 290 287.6 291 293.8 298.5 302.4 306.2 312.8 319.4 324.7 332.1 350.4 354.8 355.1 355 355.1 355.4 354.6 354.8 355.2 356.4 356.6 356.4 356.2 354.8 352.8 350.8 348.7 346.9 345.3 343.6 342 340.5 339.5 338.5 337.4 336.1 334 329.8 327.8
174.8 166.6 157.1 147.2 139.7 137.9 134.1 130.7 127.5 127 124.8 132.1 136.4 139.3 145.7 152.7 162.2 172 181.9 193.1 205.5 218.3 233.3 247.6 258.9 269.7 279.2 284 284.3 284.9 282.6 286.4 287.3 288 289 290.4 291.6 292.4 291.7 288.7 292.8 296.4 299.6 303.3 309.7 316.2 321.8 327.7 339.7 353.1 353.2 353.3 353.4 353.5 353.6 353.1 353.4 353.7 354.2 354.4 354.3 353.8 352.3 350.5 348.4 346.1 344.3 342.4 340.6 339.1 337.9 336.9 335.9 334.9 333.7 332 328.3 326.4
184.1 173.8 163.8 155.1 145.6 142.3 135.2 131 126.7 126.2 130 135.5 139 142.4 148.5 156.7 168.2 177.9 187.9 200.3 213.3 227.8 243.6 258 269.8 277.8 282.4 284.5 284.7 283.6 286.3 287.4 288.5 289.5 290.6 292 293 293.3 293 291 294.1 298.6 302 306.9 313.2 318.4 323.9 332.1 351.1 351.5 351.6 351.7 351.8 352 351.8 351.6 351.9 352.2 352.6 352.5 352.2 351.4 349.8 347.9 345.8 343.5 341.4 339.5 337.7 336.1 335 334 333.1 332.2 330.9 329.2 327.1 326
187.8 174.9 163.7 154.6 144.8 138.1 132.2 126.7 123.4 128.2 132.8 138.1 141.9 147.2 154.2 163.1 172.6 182.7 192.9 206.7 220.9 239.4 256.7 270 278.3 281.8 283.5 283.1 284.9 285.7 287.2 288.4 289.5 290.8 291.9 292.9 293.9 294.6 295.1 291.2 296.9 300.9 305.2 310.6 316.2 320.8 326.9 344.2 350 349.8 350 350.2 350.2 350.7 350.5 350.2 350.3 350.6 350.9 351.1 350.4 349.6 347.8 345.5 343.2 340.9 338.8 336.7 334.8 333.6 332.4 331.3 330.4 329.5 328.4 327.5 326.1 325.7
186.3 171.9 160.1 151.2 140.7 134.3 127.6 126.1 125.9 130.6 135.7 140.6 146.8 153.1 159.3 167 176.4 186.4 198.3 212.8 231.5 252.6 269.9 276.3 280.1 283.8 285 284.8 285.2 286.6 288 289.5 290.9 291.9 292.9 293.9 294.8 295.6 296 292.6 299.4 303.7 309 313.7 318.3 323.1 335.4 347 348.2 348.5 348.9 349 349 349.5 349.3 349.2 349.4 349.8 349.9 349.5 348.8 348 346.1 343.6 340.9 338.4 336.3 334.3 332.7 331.5 330.3 329.4 328.6 327.6 327.3 326.5 325 324.4
180.6 167.8 155.5 145.5 137 129.9 125.6 125.6 128.2 133.9 138.5 142.8 149.1 155.7 162.2 170.3 180.3 190.8 203.7 218.2 240.8 265.2 274.9 278.4 282.1 284.7 284.6 284.6 285.6 287.2 288.7 290.2 291.4 292.3 293.3 294.6 295.8 296.6 296.7 294.5 297.9 304.2 309.9 314.4 319.3 328.8 343.9 345.8 346.7 347.3 348 348.3 348.4 348.4 348.4 348.3 348.7 348.9 349 348.8 347.8 346.7 344.4 341.6 338.9 336.2 334.1 332.5 330.9 329.4 328.3 327.3 326.6 326.4 326.2 328.4 324.8 323.8
173.1 164.4 150.1 139.3 131.6 123.5 125.6 129.1 133.3 136.8 141.3 145.4 151.1 158.1 165.6 174.7 185.3 196.3 208.2 222.6 245.9 270.5 278.2 280.9 283.3 283.8 283.9 284.4 285.7 287.7 289.3 290.6 291.5 292.5 294 295.5 297.4 298.6 298.6 298.7 300 302.4 307.1 313.6 322.6 339.6 344.3 345.2 345.7 346.5 347.6 347.9 347.6 347.4 347.2 347.6 347.9 348 348.1 347.9 347.2 345.5 343.4 340.7 337.9 335.4 333.3 331.4 329.6 327.9 326.7 325.9 325.5 325.3 325.4 326.2 325.1 324
168.9 163.2 144.6 130.9 126.6 124.4 128 132.3 135.8 139.3 143.8 148.5 154 161.8 170.9 180.9 192 203.7 212 224.5 247.8 270.1 279.4 281.4 281.4 281.4 282.6 284 285.4 287.8 289.9 290.8 291.8 292.8 294.8 297.3 299.3 300.6 302 303.9 304.7 307 312.2 318.1 331.3 342.4 344.3 345 345.6 346.3 346.7 346.9 346.8 346.9 347.1 347.2 347.4 347.3 347.2 347 346 344.4 342.5 339.7 337.2 334.6 332.4 330.6 328.6 326.8 325.7 325.1 324.4 324.4 324.7 325.4 326.4 324.3
163.9 153.8 137.1 126.5 125.7 125.7 130 133.9 138 141.8 146.5 152.3 158.2 166.9 176.2 187.1 199 211.7 220.1 232.9 253.8 272.2 278.2 280 281.5 282.9 283.6 285.5 287.2 288.7 290.1 291.1 292.3 294.2 296 298.7 301.2 303 305.6 308.1 310.9 311.9 318.9 328.2 341.7 342.5 343.3 344.4 345.3 346 346.4 346.6 346.7 346.8 346.9 347 346.9 346.7 346.6 345.7 344.6 343.3 341.8 339.1 336.5 333.8 331.5 329.4 327.4 325.8 324.9 324.2 323.6 323.6 323.9 324.6 325.7 328.7
163.1 152.2 132.9 126.1 123.1 127.5 129.9 134.1 138.6 142.4 148.7 156.2 162.7 172.2 182.6 193 204.1 215.7 225.7 242.6 264.5 278 280.9 281.9 282.9 284.4 285.9 287.5 289.2 290.1 290.6 291.6 293.9 295.8 297.7 300.2 303.4 307 311.6 314.9 317.6 319.8 324.7 332.8 343.6 344.6 344.5 344.9 345.6 346.1 346.4 346.6 346.7 346.8 346.7 346.8 346.6 346.4 346.1 345 343.7 342.6 341.2 338.5 336 333.5 331.3 329.2 327.2 325.3 324 323.4 322.8 322.6 324.2 326.5 326.4 327
162.3 152.4 130.3 125.8 125.4 130.5 135 136.5 140.9 145.4 151.1 159.5 166.8 177 187.4 197.9 208.6 219.4 231.8 252.7 274.8 279.5 281.9 283.1 284.1 285.5 287.1 288.8 290.5 291.5 291.9 292.4 294.6 297.4 300 302.4 305.8 311.5 317.1 321.2 325.1 327.9 330.5 334.8 343.1 344.2 344.8 345.4 346 346.2 346.4 346.6 346.6 346.6 346.6 346.6 346.4 346.2 345.5 344.4 343.2 342.2 340.6 338.1 335.7 333.2 331.1 329.1 327.1 325.2 323.3 322.6 322 321.5 324.3 326.7 327.2 326.8
161.3 144.6 127.7 123.1 127.3 134.7 138.3 140.5 142.8 147.4 154.6 162 169.7 179.8 191.2 202.3 213 223.8 239.4 265.3 277 279.7 282.8 284 285.3 286.6 288.2 290.8 292.6 292.8 293.1 293.7 294.7 298 301.1 304.6 308.9 316.1 321.5 326.1 329 331.2 333.8 338.9 345.4 344.9 345.3 345.9 346.3 346.4 346.6 346.6 346.5 346.5 346.5 346.4 346.2 346.1 344.9 344.1 343.4 342.2 340.2 337.6 335.1 333 331 329 327 325 323.2 321.7 320.8 319.9 322.4 324.4 324.8 325.6
158.4 140.4 125.2 126.8 129.2 136.3 139.6 142.8 142.6 146 152.7 162.5 171.6 181.5 193.5 204.9 216.3 229.4 248.1 273.5 278.4 280.7 283.9 285.1 286.3 287.8 289.9 292.5 294.7 294.6 293.6 294.2 297.1 299.9 303.4 306.6 313.5 319.6 325 329.7 332.7 334.5 339.2 347.7 347.9 346 345.8 346.5 346.6 346.6 346.7 346.6 346.4 346.2 346.2 346.3 346.2 346.1 345.3 344.4 343.5 341.9 339.8 337.1 334.8 332.8 330.8 328.8 326.8 324.9 323.1 321.4 320 318.9 318.6 320.4 321.6 321.6
155.8 138 123.1 126.5 129.7 136 140 142.5 144.4 148.1 152.9 163.3 172.1 182.7 194 206.8 219.3 233.9 256.1 278.5 280.4 282.6 285.2 286.3 287.5 289 291.6 294.3 296.8 296.4 295.4 295.1 298 301.8 304.9 308.6 315.1 322 328.2 332.2 335.3 339.7 349 353.5 350.4 348.2 346.4 346.7 346.7 346.7 346.7 346.5 346.3 346.1 346 346.2 346.4 346.2 345.6 344.4 342.6 340.9 339 336.5 334.5 332.5 330.6 328.7 326.7 324.7 323 321.2 319.7 318.2 317.6 317.1 318.2 318.7
152.9 137.4 123.1 126.7 129.9 135.1 139 142.1 144.9 149.8 155.6 164 171.1 181.9 193.7 207 220.6 235.7 259.6 278.9 282.1 284.5 286.5 287.8 288.7 290.6 293.2 296 298.7 298.4 297.2 295.8 297 302.5 306.4 309.8 316.8 324.5 329.8 333.6 337.1 345.4 359.6 358 354.5 351.9 348.8 346.9 346.8 346.7 346.5 346.3 345.9 345.7 345.8 346.5 346.6 345.2 343.7 342.7 341.2 339.5 337.8 336.2 334.2 332.3 330.3 328.4 326.4 324 322.2 320.5 319.2 317.8 316.4 315.8 315.6 316.2
152 137.6 123.5 126.4 129.7 133.8 137.1 140.7 143.8 148 154.1 162.1 170 180.9 192.9 205.9 220.5 235.4 257.6 279.6 282.7 285.5 287.8 289.3 290 291.9 294.5 297.6 300.6 300.2 299.5 298.1 297.1 301.3 306.2 310.7 318.1 324.6 330.5 334.5 340.7 357.3 362.1 360.7 357.7 353.7 350.5 347.5 346.8 346.6 346.3 346 345.5 345.1 345.4 346.4 346.4 344.6 342.8 341.3 339.8 338.2 336.5 335.1 333.7 332 330 328 325.8 323.2 321 319.6 318.3 315.9 314.8 314.6 314.4 314.4
150.5 139 125.5 126.2 129.2 132.6 135.6 139 142.5 145.6 150.1 159.2 168.1 179 191.1 204 218.5 232.6 252.4 279.1 282.2 285 289.1 290.5 291.1 292.8 295.5 298.6 302.2 302.1 301.6 300.4 297.7 300.7 306.5 311 317.6 323.9 330 335.3 342.1 362.1 363.2 362.8 360.1 355.6 351.5 348.7 346.7 346.4 346.1 345.8 345.1 344.8 345.1 346 345.7 344.1 342.3 339.9 337.9 336.4 335 333.6 332.2 330.8 328.9 325.9 322.9 320.7 319.1 317.6 316.2 314.2 312.9 312.4 312.4 312
