Assets/StreamingAssets/GeoData/Data/sk/SK28.asc
ncols 200
nrows 200
xllcorner 420000
yllcorner 380000
cellsize 50
[rows 0 to 34 of 200, columns 0 to 77 of 200]
487.3 483.2 479.7 475.7 471.3 466.3 462.4 458.5 454.3 450.5 448.2 445.5 441.5 434.9 425.7 416.1 407.2 399.9 392.6 384.9 377.7 369 360.1 353.2 372.1 381.3 389.3 393.7 392.5 388.8 383.7 378.3 372.5 366.9 362.3 358.4 354.2 350.3 346.1 341.6 337.1 333.4 329.8 325.9 320.4 313.4 304.2 296.8 288.7 279.3 270.2 261.9 256.6 253.9 250.5 248 248 257.2 272.5 288.4 306 311.5 310.2 313.1 318.1 325.4 333.2 344.7 345.4 344.6 342.6 339.9 337.4 334.8 331.9 328.2 324.3 320.4
486.7 483 479.2 475 470.3 465.9 461.9 457.9 453 448.9 446.3 443.7 439.5 432.9 424 415 406.6 399 391.2 383 373.8 365.1 356.4 369.5 381.5 391.6 398.5 396.7 392.6 388.1 382.8 377.7 372.1 365.8 360.9 357 353 349.1 344.9 340.6 335.2 331.3 327.3 321 315.2 309 303.5 296.6 289.6 281 269.3 260.7 255.8 249.9 252.5 255.1 248 259.8 276.7 294.1 312.4 315.1 314.7 317.4 322.3 329.7 336.7 346.7 347 346.3 344.4 342.1 339.6 337.1 334.2 330.8 327 323.3
485.8 481.9 477.9 474 469.7 465.2 461.2 456.4 451.3 447.4 443.6 441.1 437.3 430.9 422.4 413.9 406.1 398 388.6 379.2 371.9 363.4 361.4 379 390.5 399.7 399.6 396.7 392.5 387.9 382.7 377.4 372.1 366.2 360.5 356.2 351.7 347.6 343.3 338.7 333.9 329.2 324 317.7 312.2 307.6 302.3 296 284.8 273.2 262.4 268.8 266 260 258.4 259.9 250.1 260.4 278.9 296.3 314.6 317.7 318.1 321.1 325.5 333.2 339.1 347.7 349.2 348.3 346.3 344.2 341.7 339.1 336.2 333.1 329.4 325.8
484.2 480.8 476.9 473 469.1 464.7 460.3 455 450.4 446.6 442.9 439.2 435.5 429.5 421.4 412.6 404.5 396.6 386.1 377.6 371.5 363.5 375.8 387.8 399.2 402.2 400 396.1 392.1 387.6 382.3 377.2 372 366.2 360.5 355.2 350.5 345.9 341.7 337.1 332.1 326.4 320.9 315.5 310.6 305.5 300.6 299 295.4 289.5 283.7 280.5 275.1 269.1 265 265.3 254.1 259.2 278 294.5 312.5 318.7 319.4 322.9 327.3 334.9 341.5 347.8 351 350.3 348.2 346.2 343.8 341.1 337.9 334.7 331 328.3
483.3 479.8 476.2 472.4 468.4 464 459.4 454.7 450.3 446.2 442.3 437.3 431.7 427.1 420 411.4 403.1 395.1 384.7 377.9 371.7 362.2 383.7 395.8 405 403.7 400 395.6 391.4 387.2 382.1 377.1 371.8 366.2 360.7 355.4 350 344.6 339.8 335.2 330.2 324.2 319.1 314.3 310 307.6 308.3 307.6 303.8 298.9 293 286.6 281.3 275.5 270.5 269.3 257.3 256.2 275.1 289.4 300.6 309.7 315.7 321.2 327.3 334.4 341.9 347.9 352.4 352.1 350.2 348.1 345.9 342.7 339.3 335.9 333.1 330.8
482.1 478.9 475.6 471.8 467.5 462.9 458.4 454.6 450.7 446.6 442.5 437.1 431.3 425.4 418.3 409.8 401.5 393.2 384.8 378.4 372.7 372.7 391.3 403.8 407.6 404.4 400 395 390.4 386.4 381.6 376.8 371.9 366.7 361.5 356.3 350.2 344.7 339.3 333.8 328.9 324.6 319.7 315.7 315.6 315.7 313.5 310.3 306.2 301.5 296.2 290.6 284.3 280.3 275.3 272.7 262.3 251.9 270.7 283.9 291.5 298 306.8 316.5 325 331.9 340.7 346.9 352.4 353.2 352.3 350.2 347.9 344.8 341.5 338.2 335.6 333.6
480.9 477.8 474.8 471 467 462.3 458 454.2 450.6 446.9 441.9 436.6 431.2 425 417.6 409 400.6 392.2 384.8 379.1 371.4 382 397.8 408.8 407.7 403.9 399.8 394.3 389.3 385.3 380.6 376.3 371.8 367.2 362 357.2 351.3 345.6 340.2 334.6 330.1 325.6 322.4 321.1 320.3 317.9 314.6 311 307.2 302.8 298.3 293 287.3 282.2 278.9 275.8 266.1 257.1 263.4 278.7 286.9 293.7 302 311.6 321.1 329.5 338.7 346.1 353.1 355 353.8 352 350 346.9 343.9 340.8 338.2 336.5
479.5 476.7 473.7 470.3 466.3 461.9 458 454.6 450.9 447 442.4 436.8 431.2 424.7 418.1 410.1 401.9 394 385.2 381.2 378 388.3 401.2 409.3 407.3 403.6 399.6 394.2 389.5 384.3 380 376 371.4 366.9 362.7 358 352.6 347.7 342.3 337.2 332 328.4 326 324.3 322 318.9 315.3 311.7 308 304 299.4 294.8 289.5 285.2 281.7 276.6 266 263.5 268.9 279.4 287.5 293.7 300.5 309.2 318.4 327.9 337.1 347.6 352.9 356.4 355.5 353.9 352.2 349.3 346.3 343.5 341 339.4
478 475.2 472.3 469.4 465.5 461.5 457.7 454.5 451.2 447.5 443.1 437.9 432.4 426.7 420.8 413.2 405.4 397.1 388.6 385.9 382.7 389.6 400.1 407.5 406.5 403.3 399.3 394.3 390 384.9 380.1 375.6 371.4 367.2 363.4 359.6 355.3 350.4 345.2 339.2 334.3 330.7 327.7 325.1 322.3 319.2 315.7 312.1 308.6 305 300.4 295.7 291.2 287.5 282.7 276.6 266 269.8 271.9 281 288.6 294.4 299.9 307.5 316 325.5 335.2 346.2 353.1 357.6 357.7 356.1 354.4 351.7 348.9 346.1 343.8 343
476.5 473.7 470.8 467.8 463.8 460.6 457.3 454.5 451.4 447.8 443.7 439.2 434 428.9 423.2 416.7 409.1 400.8 393.5 390 387.5 390.7 397.6 402.5 404.5 402.2 398.8 394.8 390.5 385.5 380.7 376.2 371.9 368.2 365.1 362.1 358.2 353.1 348.2 342.8 335.9 332.1 328.7 325.8 322.5 319.5 316 312.4 309 305.5 301.7 297 292.7 288.2 283.7 278.3 268.6 271.7 276.8 277.8 288.3 294.8 300.3 307 314.8 324.2 333.6 343.6 352.7 359.2 359.7 358.4 356.7 354.3 351.4 348.6 346.7 344.8
475 472.2 469.3 465.9 462.1 459.2 456.6 454.2 451.6 448 444.2 440.2 435.4 430.6 424.8 418.7 411.9 404.8 398.1 394.2 391.4 391.5 393.6 397.3 401 401.6 399.3 395.4 391 386.4 382.2 377.9 374.1 371.3 367.8 364.6 361 355.9 350.8 345.2 338.6 333.6 330.2 326.6 323.2 319.8 316.4 313 309.6 306 302.3 298.4 293.5 288.2 282.8 276.1 269.5 278.3 288.2 289.6 290.9 290.4 298.7 306 314.2 324.6 333.6 343 352.7 359.8 362.3 361.3 359.7 356.9 353.7 351.5 350.2 348.9
473.6 470.8 468 464.4 460.7 457.7 455.5 453.6 451.1 448.3 444.7 440.5 435.8 430.8 424.9 419.5 413.7 407.9 401.7 396.7 392.7 390.4 389.2 391.6 396.3 399.7 399.4 396.8 393 388.8 385 381.8 379 376.1 372.9 368.5 363.7 358.2 353.1 347.1 340.6 335.2 331.5 327.8 324 320.2 316.5 312.8 309.1 305.3 301.5 296.3 290.5 284.7 278.7 272.3 274.3 284 293.9 296.6 296.2 299 305 306.6 311.1 324.4 336 343.9 352.2 360.5 364.6 364.4 362.7 359.9 356.4 354.7 353 352.6
472.6 469.8 466.8 463.3 458.4 456.1 452.9 451 449.6 446.9 443.5 439.4 435 430.3 425.2 420.1 414.8 409.2 403.3 397.5 392.6 388.8 384.9 378.2 384.2 392.2 397 397.7 395.3 392 388.6 386 383.4 380.6 377.1 371.9 366.4 360.9 355.4 348.8 342.3 337.2 332.9 328.9 324.7 320.5 316.2 312.2 308.4 303.8 299.4 292.6 285.2 278.4 274.5 277.2 283.9 289.4 298 302.4 302.2 300.6 307.8 314.4 322.6 324.3 336.9 346.2 353.4 361.8 366.6 367.1 365.6 362.9 359.3 357.1 356.2 355.4
471.8 468.9 466 463.1 459.5 455.8 451.9 447.7 446 442.1 439.5 436.2 432.4 428.1 422.3 420.4 415.3 410.2 403.4 395 388.6 383.2 379.8 380.7 377.6 379.1 388.3 393.3 395.7 393.7 391.9 389.2 386.8 383.7 380 375.1 369.2 363.6 358.2 351.9 345.2 339.4 335.1 330.3 325.6 320.8 316.5 312.2 307.9 303.4 297.1 290.6 286.8 291.2 285.3 282.4 291.7 300 307.6 310.2 308 307.5 313.5 323.8 331.8 339.1 342.5 348.2 355.5 363.3 367.8 369.7 368.4 365.8 362.3 360.1 359.4 360.3
472.2 468.9 466.1 463.4 460.3 457 454 450.9 447.8 443.7 439.3 435.1 431.7 427.5 423.4 417.7 411 402.8 398.8 396.4 392.8 388.7 385 382.8 379.7 375.8 372.7 384.1 390.7 393.5 393 391.5 388.9 385.8 382.7 378 372.3 366.4 360.9 355.1 348.8 342.6 337.2 332.2 326.4 321.5 316.8 312.3 307.9 303.6 296.4 288.8 293.6 293.6 287 288.3 298.9 307.9 316.8 319.9 316.9 315.9 322.6 335.4 342.5 346.2 349.9 353.2 358 365.2 369.1 371.3 371 369 365.3 363.1 362.4 363.9
472.5 469.3 466.9 463.8 461.5 458.7 456.3 453.6 450.3 447.2 442.8 438.6 435 431.4 426.8 422 416.8 411.5 407.1 403 398.3 392.6 388 384.3 380.7 376.9 372.2 373.3 381.7 387.5 391 392 390.3 387.3 384.3 380 374.7 369.2 363.8 358.5 352.3 346 340.1 334.7 328.8 322.9 317.6 313.3 309 304.7 298.3 295.3 295.4 293.3 289.9 288.4 303.8 314.5 324.1 328.5 328.4 327.7 330.6 342 347.9 351.9 355.3 358.8 363.9 367.7 369.3 371.5 373.1 371.5 368.3 366.4 365.7 368.1
472.8 470.6 468.5 465.9 463.1 461.4 459.2 456.4 453.1 449.8 446.2 442 438.4 434.8 430.6 425.8 420.7 415.6 411.5 408.3 405.2 400.1 394.6 388.9 382.9 377.9 373.3 365.6 372.4 379.2 383.9 389.2 390.5 388.4 385.5 381.8 377.4 372.2 366.9 361.8 355.7 349.8 344 338.1 331.8 325.7 320.3 315.8 311.2 306.3 301 299.6 297.4 294.2 294.8 292.8 307 318.9 327.9 334.3 338.4 339.1 339.6 345.8 351.9 356.3 360.1 364.7 368.2 370.3 370.9 371.8 373.7 373.8 371.6 369.9 369 371.2
473.9 472 469.9 467.5 466 464 461.7 458.8 455.4 451.9 448.8 445.4 441.8 438 434.1 429.5 424.5 419.3 415.4 412.6 412 407.6 400.4 393.4 386.4 379.7 374 368.8 362.5 370.9 376.2 382.3 387.4 388.6 386.5 383 379.6 374.7 369.9 364.9 359.9 353.4 347.7 341.6 335.2 328.9 323.3 318.6 314.5 309 304.7 303.9 300.4 297.1 300 301.9 301.5 312.9 328.7 338.6 344.3 348.5 348.9 350.3 355.1 360.2 365.8 370 371.6 372.3 373 373.7 374.5 375.9 374.9 373.5 372.3 374.2
475 473.4 471.6 469.6 467.6 465.6 463.3 460.5 457.7 454.6 451.8 448.8 445.2 441.3 437.3 432.9 428.4 423.4 418 416.6 414.9 409.8 403.4 396.2 389.1 381.8 374.5 369.7 364.3 363.3 369 374.1 380.4 386.1 387.1 385 381.7 377.4 372.7 367.8 363.1 357.1 351.1 345 338.7 332.6 326.5 322 317.9 313.7 310.1 308.6 304.2 301.7 305.5 308 308.8 323.9 334.8 342.2 348.7 354.2 355.1 355.4 358.6 364 370 373 373.5 374.2 374.9 375.3 376.1 377.5 378.5 377.5 376.3 377.6
476.2 474.7 473.4 471.3 469.1 466.9 464.5 462 459.7 457.4 454.3 451.4 447.3 443.9 440.3 436.3 431.7 426.9 422.4 418.6 414.9 409.4 403.8 398 391.2 383.5 376.2 371.5 367.5 363.3 362.1 366.9 371.7 379.3 384.8 385.2 383.6 379.6 375.3 370.7 366 360.4 354.3 348.2 342.9 336.8 330.6 325.7 322 318.2 315.5 312.5 308.4 309.6 314 317.5 315 326.6 339.5 347.1 354.5 360.3 361 361 362.7 367.9 373.4 375.7 376.2 376.3 376.9 377.3 379.4 381.7 383 382.4 380.7 381
477.4 476 474.5 472.9 471 467.9 465 462.7 461.2 459.1 456.9 453.3 449.3 446.1 442.5 439 434.3 429.7 425.1 420.3 416.1 411.4 406 399.9 393.5 386.4 380.5 375.9 371.6 366.7 361 358.1 363.7 371.1 378.7 382.8 382.7 380.5 376.8 372.5 368.5 363.5 357.4 351.9 346.8 340.9 334.8 329.9 326 322.5 320.3 316.4 316.4 320.2 325.6 330.4 325.8 341.9 346.9 352.1 359.8 366.4 367.1 366.2 366.8 371.7 376.9 377.9 378.1 378.4 379.1 379.8 384.4 389.8 390 388.2 385.6 385
478.5 476.8 475.4 473.4 471.5 467.8 465.5 463.9 462.4 460.6 458 454.9 451 447.8 444.8 440.8 436.4 431.9 427.3 422.4 417 412.1 406.8 400.9 395.1 389.5 383.7 379.2 374.6 369.8 365.9 361.5 354 363.5 370.9 377.8 381.3 381.3 378.8 375 371.2 366.8 361.4 356.4 350.6 345 339.7 334.6 330.5 327.3 325.3 321.3 325.5 331.2 341.6 346.4 346.1 349.4 354.1 357.5 364.7 372.2 372.5 372.1 371.3 373.7 378.1 380.5 380.3 380.4 380.9 384 389.2 398.2 398 393.3 391 390.3
479.4 477.5 475.9 473.4 471 468.2 466 464 462.2 460.9 458.6 455.3 451.9 449.2 446 442.1 437.6 433.2 428.7 423 417.3 411.4 405.3 399.8 395.4 391.5 386.6 381.9 377.2 373.2 368.8 364.7 357.7 355 363.8 371.1 377.7 381 380.7 377.6 373.8 369.6 365 359.5 354.1 348.7 343.9 338.8 334.8 331.9 329.9 327.6 334.2 342.3 355.8 358 356.9 357.5 360.3 363.6 370.4 377.7 379.7 380 377.1 378.2 381.3 383.2 383.3 383.2 383.9 387.4 394.1 403.5 402.6 398.1 394.7 393.9
478.3 476.5 475.4 473.5 470.9 468.8 466.7 464.7 462.8 460.9 459.1 456.4 453.6 450.6 447 442.9 438.6 434.2 429.4 423.9 417.9 411.3 403.8 398.7 395 392 388.3 383.9 379.4 375 370.3 365.8 361.4 351.9 358 364.6 372 377.7 379.7 378.4 375.7 372 367.5 362.5 357.2 352.2 347.6 342.8 339.5 336.6 333.9 334.5 341.3 352 364.5 365.1 363.4 363.3 366.2 369.5 377.1 384 386.9 385.2 381.8 382.1 385.2 386.3 386.2 386.1 386.7 390.2 397 405.9 406 403 399 396.8
475.9 474.3 474.4 473.6 471.4 469.5 467.7 465.8 463.7 461.2 459.2 456.6 453.7 450.5 447 443.3 439 434.7 430 424.5 418.7 412.2 405.5 397.3 394.2 392.2 389 384.6 380.4 376.4 372.1 367.6 363.1 357.7 352.7 359.3 365.4 372.4 376.2 378.2 376.7 373.7 369.2 364.5 359.5 355 350.7 346.7 343 341 339.7 341.5 346 358.1 368.9 369.9 369 368.9 371.5 376.5 385.1 390.7 391 388 384.9 385.1 387.2 388.4 388.2 387.9 388.6 392.1 398.2 406.9 408.2 405.9 402.6 399.7
472.5 471.6 473.1 473.3 472.4 470.5 468.7 466.8 464.3 461.8 459.3 456.4 453.3 449.9 446.5 443.1 438.9 434.7 429.9 424.8 419.3 413.5 406.6 399.7 393.3 390.9 389.4 386.3 382.8 378.4 373.9 369.4 365 360.6 354 354.3 360 366 371.8 375.4 377.1 375 371.4 366.3 361.5 356.8 353.2 349.3 346.2 345.3 344.8 346.9 351.2 361 370.8 373.8 373.9 374.3 376.5 385.2 392.7 395.2 394 391 387.7 387.2 388.8 389.4 389.1 388.9 389.5 393.2 399 406.6 408.4 407.5 404.9 402.3
466.7 468.5 471.9 473.2 473.2 471.5 469.6 467.1 464.5 461.8 458.2 455.3 452.6 449.2 445.6 441.9 437.9 433.7 429.6 424.9 419.7 414.4 408.6 401.7 395.7 391.3 389.7 386.8 383.8 379.6 375.5 371.3 366.8 362.6 357.6 347.3 354.7 360.5 366.4 371.3 375.4 375.7 373.1 368.2 363.3 358.4 354.4 351.8 349.7 348.4 348.9 350.8 354.8 362.9 370.7 375.9 377.6 378.9 381.8 390.6 397.8 398.1 396.4 393 389.8 388.7 389.4 389.7 389.3 388.7 389.1 393.5 399.7 404.9 407 407.3 406.5 404.8
457.8 465.9 470.4 473.1 473.1 472.2 469.6 467.1 464 460.4 456.5 453.6 450.7 447.5 443.7 440.1 436.4 432.4 428.3 424.6 419.8 414.7 409.3 404 397.8 392.3 389.2 386.3 383.3 380.1 376.5 372.6 368.4 364.2 360.3 352.8 348.1 354.9 360.7 366.5 371.1 374.6 373.5 369.6 365.1 360.1 355.7 353.4 351.2 350.5 351 352.2 355.7 362.3 369.7 376.1 379.5 382.1 384.9 392.9 400.3 400.2 397.5 394 390.8 389 388.3 389.1 388 387.4 387.8 393.8 401.9 404.5 405.4 405.5 405.6 405.1
450.1 457.5 467.3 472.6 473.8 472.5 469.8 466.7 462.8 458.8 454.9 451.9 448.2 444.8 441.3 438.2 434.5 431 427 423.5 419.2 414.8 410 404.7 398.8 393.6 388.8 385.6 382.3 379.2 376.1 372.9 369.3 365.2 361.4 356.3 345.9 348.6 355 361.1 366.4 370.6 372.2 370.6 365.9 361.2 356.8 353.7 350.9 350.4 350.8 352.2 354.8 360.3 368 375.3 379.8 383.5 386.9 393.2 400.4 400.5 398.1 393.9 390.5 387.4 386 386.9 386.9 385.5 385.5 391 399.6 402.2 403.1 403.1 402.9 403.1
444.5 452.2 461.1 470.7 472.7 471 468.9 465.7 461.6 457.5 453.3 449.5 445.5 442.1 438.7 435.5 432.4 429 425.4 421.6 417.8 413.6 409.3 404.8 399.6 394.3 389.3 384.8 381.3 378.3 375.2 372 368.9 365.6 361.5 357.2 350.7 340.8 350.4 355.9 361.2 365.8 369 368.5 365.3 360.7 356.6 352.6 349.8 348.2 348.2 349.5 352.2 358.6 366.2 373.7 379.1 383.1 386.6 391.4 397.9 399.1 396.4 393.1 389 385.4 383.6 384.1 384.2 383.7 382 385.5 391 394 396.7 398.3 399.7 400.4
437.6 447.9 455.6 463.1 469.8 468.8 467 463.8 460.2 456.1 451.8 446.7 442.6 439 435.4 432.2 429 426 422.5 418.9 415.3 412 408 403.6 399.1 394.4 389.6 384.6 380.6 377.4 374.5 371.3 368.2 365 361.4 356.9 352.1 341.6 344.9 350.9 355.5 360 363 365 363 358.5 355.3 351.3 347.7 346.2 345.6 347.5 351.7 357.6 364.6 372.3 377.8 381.7 384.3 386.9 393.5 396.3 394 390.7 387 383.4 381.4 381.1 381 380.9 379.8 379.9 381.6 384.3 386.2 388.4 392.4 396.1
428.9 443.7 452.5 458.2 465.8 466.9 465.4 462.4 458.7 454.5 450.1 444.8 439.5 435.3 431.6 428.4 425.6 422.7 419.6 416.1 412.9 409.7 406 402 397.6 393.1 388.4 383.9 380.2 377 373.8 370.7 367.6 364.5 360.9 356.6 351.8 344.2 339.1 344.4 348.8 353.1 357.2 360 359.5 356.1 353.2 349.5 345.6 343.7 342.8 344.8 349.3 355.3 363.3 371.4 376.5 379.7 381.1 382.8 388 392.2 391.2 388.4 385.1 381.6 379.8 378.1 378.1 378.1 377.3 376.8 377.3 377.6 379.2 380.7 383.2 387.6
421.6 437.8 449.7 456.2 464 465.5 463.8 461 458.3 453.9 449.4 444.2 439 434.5 430.2 426.9 423.6 419.6 416.8 413.4 410.1 407.1 403.5 399.6 395.5 391.4 387 382.8 379.2 375.8 372.8 369.9 366.9 363.7 360.1 356.3 351.4 345.4 331.4 337.7 341.6 346.1 351.4 354.4 354.5 351.6 349.4 347.1 342.9 340.6 338.9 341.8 346.8 352.7 362.5 370.7 375.4 377.6 378 379 383.2 387.7 389 386.1 382.8 379.5 377.5 375.8 375.3 375.5 375.4 375 373.9 373.3 374.3 375.2 376.2 377.8
414.3 431.5 446.5 454.5 462.9 464 462.6 460.2 457.5 453.6 449 444.5 439.8 435 430.3 425.9 422.2 418.4 414.7 411.1 407.7 404.8 401 397.1 393 388.7 384.7 381.2 377.3 374.2 371.6 369 365.9 362.6 358.9 355.3 351 345.5 338.2 331.2 334.9 339.4 344.8 348.3 348 345.8 345.3 343.2 339.9 337.4 335.3 337.4 342.5 351.7 361.2 369.5 373.3 374.3 374.1 375 378.4 383.4 385.8 383.5 379.9 377.1 374.9 373.3 372.4 372.8 373.1 372.2 371.1 370.6 370.7 371 370.7 371.2
408.6 425.9 442.1 450.9 460 463.6 462.2 459.8 456.9 453.2 449 444.5 439.6 434.6 429.4 425 421.3 417.8 414.2 410.2 406 402.3 398.4 394.6 390.5 386.1 382 378.3 374.7 372.5 370.1 367.5 364.6 361.4 357.8 353.7 348.9 344.1 337.6 326.8 327.9 332.2 337.5 341.3 341.2 339.8 339 337.6 335.6 333.3 331.6 334.8 342.2 351.1 360.4 367.8 369.9 370.2 369.9 370.6 372.8 377.6 382.1 379.9 377.2 374.9 372.3 370.9 369.6 369.8 370.1 369.8 369.2 369 368.1 367 366.4 365.8
