Assets/StreamingAssets/GeoData/Data/nn/NN00.asc
ncols 200
nrows 200
xllcorner 200000
yllcorner 700000
cellsize 50
[rows 72 to 107 of 200, columns 82 to 163 of 200]
309.9 302 301.5 300.8 294.5 287.9 284.1 262.1 247 228.1 207.1 185.7 166.2 149.6 139.7 126.4 145.3 151.3 156.9 162.3 170.9 178.7 183.2 186.4 187.9 190.1 191.1 188.6 190.2 191.6 192.3 192.2 187.7 195.6 197 199.3 204.4 199 193.4 185.4 179.2 173 171.7 170.2 172.5 176.8 175.6 174.2 181.8 189.2 185.6 179.6 173.1 162.6 156 148.7 143.3 140.5 137.8 132.7 123.6 116.7 109.5 104.3 102 95.4 73.7 57.3 54.6 59.2 58.9 51.6 44.8 32.9 25 19.2 17 16.8 16.7 15.7 12.4 6.2
323.2 312.5 307.4 305.8 300 297.3 273 254.7 242 221.2 199.1 175.4 157.3 145.6 135.7 128.4 139 149.5 155.8 160.4 165.8 174.8 178.1 182.8 184.7 187.6 185.9 187.5 189 188.6 189 186.6 189.2 194.6 191.6 194.1 194.9 192.1 185.9 174.5 168.5 165.5 164.9 165.6 171.5 180.3 174.8 172.8 185.5 187 182.7 175.4 167.3 158.5 150.4 141.5 136.5 136 136.2 127.8 119.2 111 103.4 98.6 94.4 84.2 62.9 48 49.6 55.1 51.9 43.8 33.3 22.3 16.8 15.7 16.1 18.1 19.2 17.7 9 2.9
327.3 323.7 318.4 310.8 311.6 301.8 270.2 258.3 241.8 213.9 189 168.2 159.1 143.3 133.7 128.4 135.6 151.6 152.9 157 161.5 163.6 169.3 175.1 181.3 180.7 177.3 185.3 184.1 183.5 185.2 184.8 192.3 193.1 185 186.1 184.2 185.8 178.5 163.8 159.6 159.1 157.4 163.3 169.4 178.3 174.3 176.8 187.6 186.2 179.3 169.6 158.9 151.3 146.5 141.1 135.6 132.2 128.7 121.5 119.1 112.8 104.5 94.1 83.2 66 51.3 44.8 46.2 48.9 45.3 32.8 20.3 14.1 13.7 14.6 19.3 21.8 22.4 15.8 5.8 1.5
331 330.4 331.5 312.4 306.7 302.7 270.1 249.1 233.6 203.2 182 168.1 157.6 141.3 131.3 120.1 133.1 139.6 146.6 153.8 158.9 162.4 167 172.9 176.4 174.9 183 182.2 179.4 180.5 178.4 183 187.9 184.8 179.5 179.7 177.7 180.8 166.3 156.8 154.6 154 156.2 161.4 166.4 171.3 168.7 179.5 188.6 185.8 177.7 165.4 156.5 148.1 143.2 137.7 130.9 127.6 123.6 120 116.4 110.7 105.7 96.6 80.1 65.9 52.1 46.3 44.7 40.7 34.7 20.9 13.1 12.5 12.6 20.3 23.4 29 25.9 9.3 6 -1.4
341.7 335 333.7 316.1 300.3 282.6 265.5 246.7 218.1 195.2 181.6 170.6 155.3 140.3 133.8 120 130.6 133.7 141.7 151.7 156 161.5 166.4 169.6 174.9 174.1 176.1 175.6 174.7 176.9 174.8 180.9 184.3 173.7 173.5 172.8 174 170 155.5 149.9 148.8 152.8 155.5 157.5 161.5 160.9 162.1 173.6 189.1 183.2 173 161.2 152.6 144.8 139.9 132 127.4 122.7 119.7 118 112.1 105.2 104.3 100.1 87.6 66.2 54.3 42.7 36.4 32.6 24.5 13.6 11.6 11 21 27.7 30 34.4 10.2 9.2 2.8 -1.4
344.9 336.8 323.7 310.7 291.1 277 262.4 235.2 205.3 189.5 181.1 169.1 152.3 140.4 131.7 118.9 124.1 130.3 142.1 142.8 153.4 159.3 165.9 169 173.7 167.5 171.2 172.1 168.6 166 172.5 178.8 177.8 166.4 166 165.9 169.3 163.1 147.7 145.1 147.9 149.2 152.3 156.2 157.4 156.4 159.2 167.5 178.6 175.2 165.1 152.6 145.8 139 135.1 127 122.7 122.1 117.7 115.5 112.7 113 108.6 97.2 79.7 68.6 51.7 38.8 29.1 25.1 17 13.5 11.3 14.2 26.5 32.3 33.7 12.6 8.8 8.3 3.5 -1.4
353.8 343.7 321.1 313.6 294.3 278.7 261 228.6 203.5 190.5 177 163.1 151.3 139.2 134 127.3 114.9 127.2 131 146.1 147.3 157.8 164.5 164.1 165.7 162.8 163.5 164.1 159.9 163.5 173.7 177.1 167.4 158.5 158.2 159.3 162.4 151.3 141.7 141.6 144.8 146.2 150.3 155 155.6 151.3 154.3 162.7 167.7 163.1 147.9 145.8 140 134.5 129 125.2 131.6 132.1 131 126.5 121.5 116.6 107 87.9 77.7 63.9 51.9 38.5 27.6 19.8 15.9 13.1 11 13.9 30 28.5 20 8.2 6.7 5.5 4.9 -1.4
355.8 348.7 323.2 312.7 293.8 278.1 248.3 226 200.1 191.2 179 163.8 151.2 145 137.2 130.3 119 122.5 127.4 137 148 158.3 159.1 157.9 160.1 162 163 155.8 153.9 163.5 173.9 172.8 157.1 152.8 153.9 155.4 155.8 140.1 136.4 138.2 144.3 146.7 150.1 156.7 155 147.1 150.2 153.9 153.5 152.2 145.4 145.8 137.4 132.3 131.2 136.6 146.9 145.4 140.5 132.7 127.7 118.7 101.9 79 69.5 60.1 47.8 38.7 25.2 20.2 16.9 12.6 10.7 14.5 25.6 16.7 8.2 5.1 4.9 4.9 4.7 1.2
358.7 349.3 331.5 310.9 285.3 260.6 241.1 220.1 197.5 190.4 176.7 163.5 153.3 146.9 141.8 129 123 112.8 121.5 133.3 143.7 150.3 152.9 152.5 152.8 154.1 155.8 154 154.9 164.5 164.7 159 148.9 148.2 150.6 149 141.6 133.3 133.2 136.9 144.5 149.6 157.4 156.8 147.9 144.8 146.2 144.3 140.9 140.4 139.6 137.4 136.4 138 144.9 150.4 153.9 153.5 147.1 137.1 129.3 119.8 82.2 72.1 65.3 55.9 47.3 34.1 27.4 21 14.3 10.7 9.8 12.6 13.3 9.5 7.5 4.1 4.2 4.5 3.7 0.3
363.2 353 336.2 309.7 279 250.4 232.4 209.8 197.8 186.4 171.6 161.5 154 150.1 141.9 132.7 125.6 121.3 105.4 125.8 139.4 143.1 143.8 146.8 148.7 152 153.7 144 156.8 162.5 153.6 143.8 141.4 143.6 145.9 141.1 134 129.9 132 141 151.4 149.9 153.5 145 141.9 138.9 139.8 137.7 133.3 134.6 135.8 137.6 138.8 145.9 152.9 157.7 166.2 161 150.6 139.1 114.3 101.5 73.5 66.7 60.8 50.8 40.2 32.7 26.8 18.1 11.7 9.2 9.7 12.2 9.5 6.6 4.4 -1.4 -1.4 1.1 -1.4 -1.4
359.4 349.7 329 303.9 263.8 243.9 222.9 210.4 201.6 186.4 176 165.1 160.7 152.1 144.2 136.1 129.9 121.2 101 119.7 132.9 137.7 136.9 139.6 145 145.3 148.3 133.4 159 150.3 142.4 135.1 138.1 139.8 136.3 132.8 127.3 128.6 131.1 138.6 140.7 140.6 137.6 134.5 134.9 134.8 136.3 129.9 123.9 122.5 125.7 132.9 138.1 146.9 157.4 167.6 173 169.3 159.1 127.5 102 87 68.4 62 59.1 43.9 39.3 33 23.8 14 9.3 9.5 9.9 9.7 7.5 5.1 3.8 -1.4 -1.4 -1.4 -1.4 -1.4
366.7 347 323.1 286.2 257.8 237.5 223.1 215 199.9 188.5 181.8 173 166 156.2 148.6 140.2 129.5 123 114.6 105.9 123.2 125.4 124.6 129.8 130.7 131.4 129.5 138 149.2 137.9 132.3 129.8 131.2 130.8 127.9 122.8 126.5 127.2 129.5 132.5 136.2 138.4 135.9 130.9 128.1 125 128.8 119.5 112.4 115 119.9 125.4 135.6 145.1 158.1 165.1 167.7 164.5 152.8 109.7 100.5 75.3 59.9 55.3 47.8 43.9 44 34.6 18.9 10 8.7 9 8.3 8.5 10.8 2.3 1.7 -1.4 -1.4 -1.4 -1.4 -1.4
358.2 328.5 303 270.6 253.1 235 227.4 212.8 199.2 191 187 185.1 168.7 159.6 152.5 145.5 137.5 131.6 122.2 110.2 99.2 105.1 108.7 110.7 111.1 111.2 120.1 136.7 133.8 127.2 123.6 123.9 124.1 124.8 122.3 123.3 125.7 126.1 125.7 129.1 136.1 137.3 129.4 126.4 122.6 119.2 116.4 110.6 102.9 110.6 116.1 122.5 135.8 147.1 155.4 159.4 161.2 156.9 135.5 105.3 85.9 62.4 51.7 48.2 45.4 48 44.9 24.4 13.9 9.2 7.9 8.7 8.7 15.9 6.7 0.8 0.5 -1.4 -1.4 -1.4 -1.4 -1.4
341.1 299.9 275.9 265.3 247.7 235.2 224.5 208.5 200.2 194.4 189.5 183 170.5 162.6 153.9 146.7 141.9 137.6 129.2 120.1 111.9 102.2 96.3 90.2 88.3 99.2 121.1 126 121.6 121.4 118.9 117.3 119 119.5 116.6 122.4 126.2 129.2 121.1 125.9 133.5 124.8 122.8 122.3 117.5 110.2 106.5 98.7 99.7 107.7 113.2 120.2 132.2 147 154.2 155.4 153.8 142.3 115.6 96.7 72.9 51.5 48.7 49.3 51.1 46.3 36.1 19.5 11 8.3 8.6 9.4 11.2 10.2 1.7 -1.4 -1.4 2.5 -1.4 -1.4 -1.4 -1.4
321.2 281.9 274.2 259.4 244 231.7 216.6 207.8 201.9 196.6 191.7 181.1 171.2 163.5 157.1 153.5 147.9 142.1 137.2 130.2 124.1 115.1 109.9 107.1 96.1 80.3 111.6 115.1 117.7 119.7 112.7 113.6 118.4 116.7 116.4 121.4 131.2 124.7 114.2 121.9 124.7 116.2 123.2 119 110.1 100.2 98.3 96.1 97 104.2 112.3 117.9 127.7 142.6 146.3 146.2 138.1 121.6 104.6 85.1 56.1 50.2 50 52.2 47.6 39.5 23.8 13 9.6 9.5 10.5 13.9 13.4 1.6 -1.4 -1.4 -1.4 0.1 -1.4 -1.4 -1.4 -1.4
288.4 281 270 253.5 236.2 224.6 215.8 207.5 204 197.7 189.4 180.9 173.3 166.1 161.5 158.4 152.6 146.3 143.1 139.4 132.4 125.4 122.2 120 98.2 78.5 98.8 105.9 112.7 112.4 109.1 110.8 113.3 113.5 116.3 124.3 124.9 107.5 109.7 116.7 113.7 114.3 115.4 109.1 102 90.5 90.9 91.1 93.9 100.4 109 114.9 122.2 137 139.2 130 119.1 103.2 93 66.5 50.3 50.4 51 48.4 44.5 27 16.4 11.8 10.6 12.1 17.6 14.8 3.6 -1.4 -1.4 -1.4 -1.4 -1.4 -1.4 -1.4 -1.4 -1.4
282.8 275.1 261.3 242 232.3 222.1 219.5 210.8 204.6 197 190.2 183 171.9 170 165.5 161.2 158.2 153.2 149.5 145.4 139.1 135.7 132.8 123.5 101.2 71.1 91 100 107.3 105.3 101.9 106.6 107.3 112.8 116.4 120.3 109.9 99.8 106.5 107.1 105.4 106.8 107.3 100.6 89.1 86.5 89.3 90.8 91.4 95.6 103.8 109.6 115.9 123.4 126.8 117.2 99.5 92.8 72 51.7 50 48.1 46.4 42.8 31.9 17.8 12.7 11.4 11.9 14.8 17.4 6.6 -1.4 -1.4 -1.4 -1.4 -1.4 -1.4 -1.4 -1.4 -1.4 -1.4
277 268.5 249.6 240.4 230.3 227 219 210.5 203 197.4 191.3 183.8 181.1 175.7 170.6 168.2 163.3 160 154.9 149.6 144.9 147.4 142.7 117.1 103.3 78.1 87.4 93.5 100.9 100.3 100.3 106.6 111.6 110.1 112.6 109.9 97.6 92.3 99 98.2 97 100 94.3 88.1 82.9 84.1 85.5 83.9 88.9 93.6 99.4 104.1 108.4 110.7 105.9 96.4 86 75.3 49.8 51.5 54.6 48.6 38.7 31.6 18.5 14 11.3 11.8 13.3 14.6 7.2 -1.4 -1.4 -1.4 -1.4 -1.4 -1.4 -1.4 -1.4 -1.4 -1.4 -1.4
272 258.9 244.9 235.7 232.5 226.6 216.7 208.9 204.2 197.1 190.4 188.9 184.8 179.9 177.6 174.3 170.8 165.9 159.2 154.3 154 153 138.5 116.8 104.7 90 79.9 87.9 90.8 90.6 99.7 108.1 113.6 102.8 103.9 95.4 89.3 87.8 89.1 88.1 91.4 89.9 86.5 81.8 79.4 79 81.8 86.2 89.9 91 97.1 99.4 100.1 93.5 89.4 78.6 63.7 47.3 44.6 48.1 47.4 38.3 27.4 19.5 14.3 12.5 11.4 10.5 11.2 7.8 -1.4 -1.4 -1.4 -1.4 -1.4 -1.4 -1.4 -1.4 -1.4 -1.4 -1.4 -1.4
260.9 248.8 242.2 238.3 238.3 224.1 213.7 210.2 206.9 198.2 195.5 192.1 188.3 186.1 184.4 179.1 180.6 176.2 166.9 159.9 157.8 147.6 126.8 118.6 106.1 90.4 70 84.5 84.8 88.6 98.9 101.2 96.6 92.1 90.5 87.9 81.4 80.7 81.2 82.1 83.9 82.9 79.9 74.4 76.5 75.3 76 80.9 83.2 87 95.3 91.1 81.7 80.7 72.8 62.8 43.5 37.8 39.9 39.8 34.2 27.1 20.6 15.9 15.4 14.7 9.5 6.7 4.1 0.8 -1.4 -1.4 -1.4 -1.4 -1.4 -1.4 -1.4 -1.4 -1.4 -1.4 -1.4 -1.4
249.9 244.6 242.5 242.1 237.1 220 215.8 210.2 204.2 202.8 201.1 199 194.7 194.1 189.9 192.5 190.2 183.1 171.6 161.4 150.7 134.6 127 120.9 101.8 91.4 63.2 77.2 83 82.5 89.1 90.1 84.8 84.4 82.1 81 74.9 74.9 72.8 77.1 77.6 76 71.2 70.9 72.8 69.8 73.5 78.1 76.3 81.7 81.7 80 72 63.5 54.5 45.3 32.9 32.4 33.6 29.6 21.5 16.8 13.9 17.6 17.3 15.8 9.4 3.5 -1.4 -1.4 -1.4 -1.4 -1.4 -1.4 -1.4 -1.4 -1.4 -1.4 -1.4 -1.4 -1.4 -1.4
249 247.3 244.7 243.5 230.4 217.6 215 211.7 207.1 208.5 209.1 208.7 207.1 203.9 197.3 197.7 191.2 184.3 176.1 154.4 140.3 132.9 127.1 113.3 100.8 88.1 56 74.7 89.3 88.1 90.6 73.3 78.2 76.4 76.8 76.8 65.5 63.7 66.7 68.3 69.9 67.8 67.6 66.7 66.2 66.7 70 69.9 70.4 72.7 70.4 63.4 59.3 49.1 39.6 31.7 27.1 23.4 20.5 16.8 12.5 11.8 15.5 21 17.8 18.5 5.3 2.2 -1.4 -1.4 -1.4 -1.4 -1.4 -1.4 -1.4 -1.4 -1.4 -1.4 -1.4 -1.4 -1.4 -1.4
253.2 252 243.5 231.2 221.8 219.1 217.8 211.9 211.3 215.1 216.9 221.9 213.2 209.6 205.3 200 189.1 189.3 164 147 138.6 131.1 123.8 109 96.5 80.4 54.9 80.2 86.8 91.3 95.9 73.1 56.2 70.8 71.6 64.4 59.8 58.6 60.3 62.6 61.6 61.9 62.6 63.6 63.1 63.8 63.5 63.1 63.6 59 54.2 48.7 44.6 35.1 30.5 24 17 11.7 8.1 7.7 5.3 10.8 22.9 27.5 13.6 7.7 4.5 1.7 -1.4 -1.4 -1.4 -1.4 -1.4 -1.4 -1.4 -1.4 -1.4 -1.4 -1.4 -1.4 -1.4 -1.4
257 244.8 232 223.3 226.8 217.9 215 216.5 219.2 220.7 220.3 217.7 216.4 213.9 205.6 194.2 192.1 172.4 153 148.2 139.3 130.6 118.4 106.3 90.8 70.5 58.3 82.1 86.4 92.2 88.8 64.7 50.8 60.7 60.4 58.5 56.6 52.8 54.1 56.8 55.8 56.8 57.5 59 60.9 60.6 61.8 57.8 52 46.3 41.4 37 31.3 27.2 23.7 14.7 10.1 9.6 9.2 7.7 7 15 22.9 13 7.8 4.5 4 3.4 -1.4 -1.4 -1.4 -1.4 -1.4 -1.4 -1.4 -1.4 -1.4 -1.4 -1.4 -1.4 -1.4 -1.4
247 233.5 231 231.9 224.5 219.1 220.1 221.9 224.2 223.6 222.5 219.2 217.8 211.6 200.2 193.1 177.7 161.3 156.1 150 141.4 130 117.9 100.9 82 50 61.5 78.5 84.4 85.1 73.7 57.5 47.4 50.9 53.3 54.9 52.4 49.1 48.8 51.8 52.3 52.7 52.7 56.2 55.9 55.5 56 54.3 46 40.5 37 32.1 26 24.6 17.7 13 9.8 10.6 10.5 9.1 4 13.6 13.2 11.3 6 3.4 3.3 3.2 -1.4 -1.4 -1.4 -1.4 -1.4 -1.4 -1.4 -1.4 -1.4 -1.4 -1.4 -1.4 -1.4 -1.4
241.6 238.7 238.9 228 223.8 223.2 224.1 225.2 226.3 226.7 222.1 220.5 214.2 211.3 199.7 179.8 169.6 163.8 156.2 151.5 143.4 130.8 115.5 92.4 70.9 48.3 58.2 75.9 79.6 71.9 56.2 52.4 52.4 45.1 45.6 46.1 45.2 47.4 46.8 49 48.7 48.9 50.1 52.5 52 48.2 49 45.2 37.5 34.6 30.5 29.4 27.1 10.4 10.7 10.4 9.9 22.4 16 7.6 -1.4 9.1 10.6 8.9 4.1 3.2 3.1 3.3 -1.4 -1.4 -1.4 -1.4 -1.4 -1.4 -1.4 -1.4 -1.4 -1.4 -1.4 -1.4 -1.4 -1.4
246.5 245.3 238.5 230 226.4 222.7 225.6 228.3 226.9 222.9 219.5 213.8 221.7 212.3 181 176.9 172.7 171.4 167.5 159 145.2 129.6 103.4 77.4 55.5 47.3 62.4 68.8 69.5 58.6 47.5 47.5 47.7 43.8 42.9 41.3 40.6 40.7 42.7 46.1 45.3 45.8 48.1 48.7 46.9 41.8 38.4 37 30.7 22 18 19.7 12.3 12.9 12.3 14.5 21.3 24.3 14.9 6.2 -1.4 5 6.2 5.6 2.9 3.8 3.7 3.9 -1.4 -1.4 -1.4 -1.4 -1.4 -1.4 -1.4 -1.4 -1.4 -1.4 -1.4 -1.4 -1.4 -1.4
252.6 242.9 236.4 232 225.1 226.6 231 223.1 220.9 220.3 215.9 226 217.3 186 181.7 177.4 174 172.9 169.5 159.1 142.6 125.4 91.8 66.2 45.5 52.5 58.6 57.4 55.8 47.9 44.7 45.3 44.7 41.7 42.1 41.1 39.9 41 39.3 41.1 37.8 46.9 45.3 44.5 41.9 36.4 30 29.7 24.2 18.7 15.5 14.5 12.2 11 15.9 28.6 29.5 21.6 11.3 -1.4 -1.4 3.9 4 3.4 2.5 1.7 2.5 3.5 -1.4 -1.4 -1.4 -1.4 -1.4 -1.4 -1.4 -1.4 -1.4 -1.4 -1.4 -1.4 -1.4 -1.4
252.3 249.3 242.5 231.1 227.1 227.3 222.5 223.4 219 214.4 222.9 212.2 189.2 184.6 182.2 176.8 174.4 167.5 160.9 153.7 136.4 106.8 87.3 71.4 44 52.7 59.1 51.2 46.2 43.7 42.8 42.5 45 40.9 43.9 41.1 39.3 39.2 38.7 37.1 34.9 46.2 39.2 35 30.8 26.9 22.1 21.8 21.9 17.4 15.8 14.1 13.3 14.6 30.7 34.8 29.1 17.3 10.9 10.2 -1.4 3.8 4 3.6 2.1 -1.4 -0.2 -0.7 -1.4 -1.4 -1.4 -1.4 -1.4 -1.4 -1.4 -1.4 -1.4 -1.4 -1.4 -1.4 -1.4 -1.4
256.7 251.4 243.6 232.3 234.7 231.6 229.9 223.5 218 216.7 206 190.1 186.4 182.6 177.3 175 166.4 160.3 154.1 142.7 120.2 95.3 75.8 58.5 48.9 46.5 50.7 46.4 44.8 43.6 42.4 41.3 44.3 39.6 40.3 39.3 39.3 38.4 37.3 40.8 33.7 32.2 30.9 27.9 23 22.2 20.9 20.3 19.4 17.6 16 12.6 17 27.8 36.8 33.3 19.7 12.6 10.3 7.8 -1.4 -1.4 -1.4 -1.4 2.2 -1.4 0 -1.4 -1.4 -1.4 -1.4 -1.4 -1.4 -1.4 -1.4 -1.4 -1.4 -1.4 -1.4 -1.4 -1.4 -1.4
258 252.4 245.5 244.3 240.9 232.8 231.4 223.5 217.5 205.3 192.2 186.1 181.2 178.6 171.1 163.9 160.6 154.5 147.4 123.7 100.3 88.8 72 59.3 48.7 50.3 45.3 38.8 38.4 43.6 42.4 41.4 43.8 39.4 36.9 38.5 41.1 38 36.8 39.5 37.6 27.3 27.2 25.9 25.2 19.4 16.3 20.7 19.4 17.8 15.7 20.6 29.6 39.2 28.8 16 11.8 10.8 9.8 6.1 -1.4 -1.4 1.5 -1.4 2.1 1.7 0.9 -0.3 -1.4 -1.4 -1.4 -1.4 -1.4 -1.4 -1.4 -1.4 -1.4 -1.4 -1.4 -1.4 -1.4 -1.4
251.9 248.2 248 240.2 237 233 230.4 223.2 205 193.9 188.2 182.3 174.6 172.3 167.3 160.7 151 126.8 115.2 105.2 96.5 86.2 71.3 62.8 54.8 48.7 46.3 43.6 40 36.6 36.5 38.4 36 35 31 28.9 25.9 27.2 35.8 39.4 36.2 32.5 21.6 18.8 20.9 20.3 19.4 16.2 19.2 17.8 16.1 36.1 44.4 50.4 30.4 18.9 11.9 9.8 8.8 8.9 8 -1.4 -1.4 -1.4 1.8 1 0.3 -0.5 -1.4 -1.4 -1.4 -1.4 -1.4 -1.4 -1.4 -1.4 -1.4 -1.4 -1.4 -1.4 -1.4 -1.4
250.1 249.7 244.9 243.8 242.6 232.4 223.8 210.7 195.1 189.3 183.6 175.1 169.6 160.7 156.8 139.1 123.9 112.4 103.2 96.5 90.1 81.1 74.4 68.7 53.9 46.8 44.9 44.6 42.1 40.1 37.8 36.6 35.4 33.1 31.1 34.3 40.1 30.9 26.9 30.1 20.7 22.8 30.8 29.8 30.4 26.4 22.6 18.7 15.4 15.5 38.5 52.2 56.5 42.7 34.9 24.1 11.1 8.9 8.2 7.7 6.9 6.2 -1.4 -1.4 1.2 0.8 0 -0.9 -1.4 -1.4 -1.4 -1.4 -1.4 -1.4 -1.4 -1.4 -1.4 -1.4 -1.4 -1.4 -1.4 -1.4
247.1 250.1 249.1 244.1 236.4 225.2 206.1 196.5 190 185.9 176.4 168.8 161.3 145.6 131.3 122 115 107.5 98.6 88.6 83.3 78.5 84.6 61.3 63.3 46.9 44.5 42.6 41.4 39.1 38 36.9 37.2 34.6 34.4 38 37 34.5 21.9 21.6 32.4 34.1 35 35.5 33.3 30.7 24.4 24.6 26.3 36.2 53 56.1 49.2 41.8 34.7 19.7 11.3 8.8 8.1 8 6.5 5.1 3 -1.4 -0.2 -0.2 -0.6 -1.4 -1.4 -1.4 -1.4 -1.4 -1.4 -1.4 -1.4 -1.4 -1.4 -1.4 -1.4 -1.4 -1.4 -1.4
243 248.8 240.1 239.3 240.3 217.1 200.3 193.2 188.1 177.2 166.1 148.3 137.1 129.8 121.4 109.8 104.4 100.4 89.8 85.4 81.7 82.9 71.8 65.6 50.2 44.9 43.4 43.7 41.7 41.1 39 38.2 37.8 37.2 37.4 39.6 36.8 36.3 36.4 36 40.1 41.4 37.8 39.8 37.5 35 31.2 32.6 36.2 51.9 65.9 67.3 49.3 37.4 27.8 15.1 10.9 9.3 8.4 7.8 6 4.2 2.5 0.9 -1.4 -1.3 -1.4 -1.4 -1.4 -1.4 -1.4 -1.4 -1.4 -1.4 -1.4 -1.4 -1.4 -1.4 -1.4 -1.4 -1.4 -1.4
239.6 236.2 240.8 241 221.8 199.3 194.5 192 180.7 164.4 148.4 133.9 133.6 125.6 111.9 107.1 96 88.7 81.2 80.3 83.3 77.8 60.2 51.9 47.7 46.7 45 45.2 43.9 41.3 41 38.7 38.2 39.2 37.9 38.9 41.7 40.9 40.1 47 45 42.6 43.7 45.8 42 38.9 38.8 40.4 45.7 62.4 76.9 73 47.9 36.6 27.4 15.2 12.9 11.9 10.9 8.1 6.6 5.1 3.9 0.9 -0.4 -1.4 -1.4 -1.4 -1.4 -1.4 -1.4 -1.4 -1.4 -1.4 -1.4 -1.4 -1.4 -1.4 -1.4 -1.4 -1.4 -1.4
