Assets/StreamingAssets/GeoData/Data/nn/NN06.asc
ncols 200
nrows 200
xllcorner 200000
yllcorner 760000
cellsize 50
[rows 108 to 143 of 200, columns 0 to 79 of 200]
98 98.2 98.1 86.9 77.4 65.7 62.1 67.4 70.7 67.2 62.3 49.5 33.3 25.3 24.6 16.4 8.1 4.4 -1.3 -1.3 -1.3 -1.3 -1.3 -1.3 -1.3 -1.3 -1.3 -1.3 -1.3 -1.3 -1.3 -1.3 -1.3 -1.3 -1.3 -1.3 -1.3 -1.3 -1.3 -1.3 -1.3 -1.3 -1.3 -1.3 -1.3 -1.3 -1.3 -1.3 -1.3 -1.3 -1.3 -1.3 -1.3 -1.3 -1.3 -1.3 3.8 6.5 8.3 30.8 51.3 86.7 112.4 132.1 147.8 163.3 179.5 192.1 176.5 155.3 157.5 160.4 172 175.5 165.9 162.3 161 168.8 172.6 169
99.9 99.3 89.6 78.1 68.6 64.2 62.7 59.5 62.2 60.3 50.1 33.1 25 26.2 25.7 24.8 9.8 5.6 2.3 -1.3 -1.3 -1.3 -1.3 -1.3 -1.3 -1.3 -1.3 -1.3 -1.3 -1.3 -1.3 -1.3 -1.3 -1.3 -1.3 -1.3 -1.3 -1.3 -1.3 -1.3 -1.3 -1.3 -1.3 -1.3 -1.3 -1.3 -1.3 -1.3 -1.3 -1.3 -1.3 -1.3 -1.3 -1.3 2.4 7.7 8.4 8.7 12.9 35.7 63.2 101.6 125.5 140.8 158.8 177.6 189.4 193.4 164.8 142 160.9 172.4 177.8 176.2 171 157.9 160.6 164.6 163.3 169.4
99.2 94.7 84.7 75 68.3 65.5 60.6 48.5 43.6 30.5 26.2 26.7 26.4 26 25.7 24.6 14.4 7.6 4.1 -1.3 -1.3 -1.3 -1.3 -1.3 -1.3 -1.3 -1.3 -1.3 -1.3 -1.3 -1.3 -1.3 -1.3 -1.3 -1.3 -1.3 -1.3 -1.3 -1.3 -1.3 -1.3 -1.3 -1.3 -1.3 -1.3 -1.3 -1.3 -1.3 -1.3 -1.3 -1.3 -1.3 -1.3 10.5 11.2 13 12.8 15.7 27.1 49 89.4 125.7 143.7 155.1 175 194.2 194.6 191.2 142.8 142.3 174.6 178.9 173.5 169.2 161.7 158.4 160.2 157.5 162.2 170.1
93.8 87.5 82.8 78.1 67.5 57.8 46.7 45.3 32.7 26.8 26.6 26.4 26.2 26 25.5 24 17.2 10.6 6.2 2.3 -1.3 -1.3 -1.3 -1.3 -1.3 -1.3 -1.3 -1.3 -1.3 -1.3 -1.3 -1.3 -1.3 -1.3 -1.3 -1.3 -1.3 -1.3 -1.3 -1.3 -1.3 -1.3 -1.3 -1.3 -1.3 -1.3 -1.3 -1.3 -1.3 -1.3 -1.3 -1.3 9.8 18.7 18.6 18.8 18.3 24 46.9 85.1 127.9 146.1 156.9 175.2 190.6 197.7 198.6 174.8 136.3 157.3 179.3 172.9 165.8 158.1 155.8 158.5 153.2 156.2 161.3 165.4
89.2 87.9 90.9 78.5 64.1 51 35.1 32.9 25.2 25 25.9 26.1 25.9 25.7 24.8 19.8 15.1 13.5 8.2 4.7 -1.3 -1.3 -1.3 -1.3 -1.3 -1.3 -1.3 -1.3 -1.3 -1.3 -1.3 -1.3 -1.3 -1.3 -1.3 -1.3 -1.3 -1.3 -1.3 -1.3 -1.3 -1.3 -1.3 -1.3 -1.3 -1.3 -1.3 -1.3 -1.3 -1.3 -1.3 9.8 18.3 21.4 20.6 21.2 20.5 37.7 63.5 105.1 141.2 154.8 170.1 189.6 201.5 204.1 190.2 154.2 129.9 162.4 165.8 162.6 155.9 153.4 152.4 151.5 147.9 147.7 150.6 154.7
90.6 94.7 90.4 76.4 62.9 48.1 28 25.9 24.3 24.4 24.7 25.1 25.7 25.3 22 14.1 14.1 15.6 15.2 7 2.9 -1.3 -1.3 -1.3 -1.3 -1.3 -1.3 -1.3 -1.3 -1.3 -1.3 -1.3 -1.3 -1.3 -1.3 -1.3 -1.3 -1.3 -1.3 -1.3 -1.3 -1.3 -1.3 -1.3 -1.3 -1.3 -1.3 -1.3 -1.3 -1.3 6 20.9 24.8 23.4 23.2 26.9 37.2 51.8 87.6 133.6 149.6 170.2 181.2 198.5 203.6 199.2 170.4 133.4 132.7 159.4 151.9 153.7 150.9 149 147.5 140.9 140 135.7 152.5 178.3
105.4 100.4 87.4 71 54 32 24 23.9 23.5 23.8 24.1 24.5 24.8 24.4 21.1 14.1 14.1 16.3 17 8.9 3.7 -1.3 -1.3 -1.3 -1.3 -1.3 -1.3 -1.3 -1.3 -1.3 -1.3 -1.3 -1.3 -1.3 -1.3 -1.3 -1.3 -1.3 -1.3 -1.3 -1.3 -1.3 -1.3 -1.3 -1.3 -1.3 -1.3 -1.3 -1.3 -1.3 22.5 24.5 25.4 24.5 27.7 44.4 56.5 70.7 107.4 152.6 157.2 170.1 192.9 200.7 202.6 185.2 150.4 121.8 133.7 142.3 144 145.6 145.5 140.8 135.5 123 126.5 149 176.9 200.4
97.3 85.1 70.6 47.3 30.5 23.4 23.4 23.3 23.6 23.7 23.8 23.9 23.4 21.7 19.9 19.1 18.7 21.3 13.2 6.1 2.7 -1.3 -1.3 -1.3 -1.3 -1.3 -1.3 -1.3 -1.3 -1.3 -1.3 -1.3 -1.3 -1.3 -1.3 -1.3 -1.3 -1.3 -1.3 -1.3 -1.3 -1.3 -1.3 -1.3 -1.3 -1.3 -1.3 -1.3 -1.3 8.8 21 24.1 27.1 26.9 32.2 57 63.7 94.8 141.7 153.5 164.8 174.9 194.2 197.2 190.9 168.2 126.8 107.7 135.3 140.5 142.1 142.9 143.9 130.8 117.2 127.1 143.8 171 197.1 215.7
76.2 63.7 49.2 29.9 23.4 23.1 23.2 23.1 23.6 24.7 24.8 23.2 20.5 18.3 19.1 21.1 22.8 13.1 7.3 3.5 4.1 4.1 -1.3 -1.3 -1.3 -1.3 -1.3 -1.3 -1.3 -1.3 -1.3 -1.3 -1.3 -1.3 -1.3 -1.3 -1.3 -1.3 -1.3 -1.3 -1.3 -1.3 -1.3 -1.3 -1.3 -1.3 -1.3 -1.3 7.2 17.5 23.5 25.4 33.9 31.5 45.4 63.9 82 123.3 147.4 155 161.4 182.1 196.8 189.1 173.2 143.9 111.1 112.2 134.7 139.1 140.8 138 122.4 113.1 125.6 140.7 164.9 189.3 208.7 234.9
54.8 40.9 21.2 21.8 22.5 22.9 23 22.9 23.7 24.1 24.5 25.2 20 19.5 21.6 20.3 11.4 6.4 1.4 5.4 7.4 6.7 4.9 -1.3 -1.3 -1.3 -1.3 -1.3 -1.3 -1.3 -1.3 -1.3 -1.3 -1.3 -1.3 -1.3 -1.3 -1.3 -1.3 -1.3 -1.3 -1.3 -1.3 -1.3 -1.3 -1.3 -1.3 -1.3 9.2 19.1 24.3 30.1 35.4 39.6 56.1 67.7 98.4 135.7 145.7 156.2 160.6 186.6 181.6 168.7 147.7 115.9 94 124.5 130.4 133 124.7 115.1 109.2 127.5 144.9 158.6 180 198.3 224.8 242.8
21.9 21.7 22 22 22.1 23.1 23 22.7 22.3 23.7 23.4 22.2 21 20.5 17 8.3 1.7 1.4 1.4 1.9 11.2 11.6 10 7.3 3.4 -1.3 -1.3 -1.3 -1.3 -1.3 -1.3 -1.3 -1.3 -1.3 -1.3 -1.3 -1.3 -1.3 -1.3 -1.3 -1.3 -1.3 -1.3 -1.3 -1.3 -1.3 -1.3 3.4 10.1 17.9 31.8 41 44.5 49.3 64.3 77.5 116.6 135.4 149.3 156.2 166.5 185 168.5 156.6 126.5 96.4 97.6 126.6 121.9 115.2 105.1 111.6 127 141 152.7 166.3 187.2 213.9 229.8 235.4
22.3 21.6 21.6 21.7 21.8 21.2 21.7 22.4 22.9 23.6 20.2 20.3 20.5 14.1 8.3 2.3 1.4 1.4 1.4 1.4 3.3 11.4 12.7 14.5 8.2 4 -1.3 -1.3 -1.3 -1.3 -1.3 -1.3 -1.3 -1.3 -1.3 -1.3 -1.3 -1.3 -1.3 -1.3 -1.3 -1.3 -1.3 -1.3 -1.3 -1.3 -1.3 4.9 10 37.8 50.6 55.3 58.8 57.6 68.1 90 122.6 135.5 143.8 155.4 171.7 173.1 158.3 137.9 104.7 79.7 107.4 117.4 107.5 104.8 108 123.8 133.9 144.5 157.2 177.7 198.2 216.5 221.1 242
22.4 21.4 21.3 21.3 18.2 15.1 18.9 21.2 24.1 24.5 21.2 20.7 13.1 10 8 1.4 1.4 1.4 1.4 1.4 1.4 8.2 15.5 22.8 21.2 9.2 4.9 -1.3 -1.3 -1.3 -1.3 -1.3 -1.3 -1.3 -1.3 -1.3 -1.3 -1.3 -1.3 -1.3 -1.3 -1.3 -1.3 -1.3 -1.3 -1.3 -1.3 8.6 17.6 44.7 55.1 59.3 61 68.2 70.2 99.3 120.8 133 143.3 153.2 156 146.3 138.1 104.1 82 93.5 107.1 99.8 95.5 105.4 118.7 129.4 139.9 149.9 171 191.2 202 207.8 227.9 246.1
22.4 21.2 21.1 20.1 17.2 14.7 20.2 21.3 23.4 23.4 22.7 14.6 11.2 11.7 10.5 3.4 1.4 1.4 1.4 1.4 1.4 10.1 20.8 23.4 23.6 23.3 10.4 6 -1.3 -1.3 -1.3 -1.3 -1.3 -1.3 -1.3 -1.3 -1.3 -1.3 -1.3 -1.3 -1.3 -1.3 -1.3 -1.3 -1.3 -1.3 5.4 11 34.2 47.8 54 58.8 69 70.1 76.7 109 124.8 126.2 135.7 146.1 134.4 128.2 108.6 88 74.4 105 102.1 94.4 106.2 116 122.5 136.2 148 161.7 179.7 186.2 185.4 211.3 234.4 251.7
21.6 21 20.9 20.6 16.9 14.6 20.3 22 22.4 22.1 12.6 5.9 4.8 8.9 11.3 11.4 9.9 16.4 16.8 12.9 14.5 21.3 24.1 24.4 23.8 23.3 22.2 6.5 4.2 -1.3 -1.3 -1.3 -1.3 -1.3 -1.3 -1.3 -1.3 -1.3 -1.3 -1.3 -1.3 -1.3 -1.3 -1.3 -1.3 -1.3 6.4 20.4 34.9 46.3 51.7 68.8 69.6 70.5 88.2 111.8 116.4 119.3 124.9 130.8 116.2 102.1 87.3 69.5 87.4 99.4 88.5 96.7 110.5 114.9 129.4 146.3 157.6 166.1 170.9 174 194 218.8 237 253.2
21.4 20.7 20.6 19.9 12.7 16.3 19.8 21.3 20.8 11.6 2.2 2.2 2.2 2.2 9.7 15.1 22.4 24.2 22.7 23.9 22.9 24.4 24.6 24.6 24.4 23.8 22.9 22 9.7 5 -1.3 -1.3 -1.3 -1.3 -1.3 -1.3 -1.3 -1.3 -1.3 -1.3 -1.3 -1.3 -1.3 -1.3 -1.3 3.6 10.3 25.9 36 45.5 64.9 72.5 67.4 68.6 95 102.3 102.3 106 118.4 108.9 95.1 84.8 71.4 75.9 89.8 85.3 85.9 97.7 107.5 119 137.6 147.1 153.3 158 161.8 181.6 203.3 226.1 247.1 254.1
21.4 20 16.6 12.5 12.3 16.3 16 18.7 14.5 3 2.2 2.2 2.2 2.2 2.9 11.7 21.5 24.9 25.3 25.5 25.2 24.6 23.8 24.3 24.5 24 21.4 21.3 14.4 9.9 4.8 -1.3 -1.3 -1.3 -1.3 -1.3 -1.3 -1.3 -1.3 -1.3 -1.3 -1.3 -1.3 -1.3 -1.3 4.4 22.2 27.9 40.3 57.3 64.6 66.9 63.5 74.8 87.8 89 91.1 101.5 93.4 89.2 77.4 65.9 58.3 83.3 79.3 77.3 88.2 97.1 108.5 124.8 134.6 139.4 142.8 145 164.9 189.9 214.8 236.6 242.1 257.6
20.7 17.1 9.8 7.1 9.2 11.4 9.9 17.9 6.8 2.2 2.2 2.2 2.2 2.2 2.2 3.3 11.3 24.5 24.6 25 24.7 24.5 23.4 22.8 23.1 23.5 21.3 23.4 18.4 13.6 12.3 3.8 -1.3 -1.3 -1.3 -1.3 -1.3 -1.3 -1.3 -1.3 -1.3 -1.3 -1.3 -1.3 -1.3 10.8 21 28.5 43.4 51.9 57.9 62.2 60.8 73.5 77.2 70.9 82.3 84.2 79.2 75.9 59.2 49.4 51.2 65.3 64.9 79.2 89.6 100.3 109.4 121.4 124.4 128.6 135.3 155.3 176.1 202.5 222.1 236.8 253.9 270.3
19.3 11.7 8.2 7 7.2 7.1 9 14.1 2.2 2.2 2.2 2.2 2.2 2.2 2.2 2.2 4.4 14.2 24.1 24.3 24 23.7 21.7 22.5 22.8 23.2 23.7 23.9 20.5 12.9 13 13.5 4.1 -1.3 -1.3 -1.3 -1.3 -1.3 -1.3 -1.3 -1.3 -1.3 -1.3 -1.3 -1.3 9.6 20.5 24.5 34.5 41 54.2 53.3 56.9 65.5 63.4 72 75.6 70.9 76.9 60 51.6 41.2 58.1 63.3 69.6 78.4 90.7 98.3 106.5 110.7 117.8 125.3 142.2 164.5 189.3 207.3 225.2 244.6 261.9 276.5
13.5 10.5 8.6 7.8 8.1 7.4 8 8.3 3.5 2.2 2.2 2.2 2.2 2.2 2.2 2.2 5.1 12.9 23.8 22.6 22.2 18.7 18.3 21.5 22.5 23.2 23.6 23.6 21.8 13 12.6 12.4 13.5 3.7 -1.3 -1.3 -1.3 -1.3 -1.3 -1.3 -1.3 -1.3 -1.3 -1.3 8.4 9.5 16 24.6 26.4 35.4 45.7 51.4 50.1 53.7 59.5 63.5 64.1 67.6 61.6 49.7 35.8 51.7 56.9 63 69.1 81 86 93.9 100.4 103.8 110 127.8 150.2 176.6 196.8 216 233.7 253.3 263.5 279.1
10 9.5 7.6 7.2 6.9 6.9 6.5 7.8 6.9 5.3 2.2 2.2 2.2 2.2 2.2 2.2 5.5 12.8 23.2 22.2 18.8 17.3 18.7 21.1 22.7 23.3 22.2 22.8 20.2 13.9 13.2 12.4 14.3 3.7 -1.3 -1.3 -1.3 -1.3 -1.3 -1.3 -1.3 -1.3 -1.3 4 5.7 9.3 17.1 22.6 23.5 37.9 37.7 38.2 42.5 47.6 53.9 57.9 57.4 55.6 46.9 34.7 30.9 47.3 54.2 59.7 68.5 76 82.3 90.9 94.6 100.4 110.8 136.1 162.9 184.7 203 220.8 243.9 252.6 264.4 285.5
10.1 8.7 8 7.8 8.1 6.7 8.8 13.1 13.5 11.1 8.7 8 5 2.4 2.2 2.2 7.4 11.4 14.1 20.4 17.1 18.5 20.5 22.9 23.3 22.6 22 22.7 18.3 13.4 13.2 12.9 11.1 3.5 1.9 -1.3 -1.3 -1.3 -1.3 -1.3 -1.3 -1.3 -1.3 5.7 7.2 10.3 19.4 21.9 27.1 29.5 31.3 36.4 39 46 55.2 48.6 45.9 38.6 32 28.2 33.1 44.2 48.1 59.3 65.8 71.3 77.3 83.5 89.8 98.5 123.5 152.8 173.8 191.8 212.1 229.9 239.7 252.2 270.7 277.5
16.6 17 16.1 11.9 10.6 11.3 8.8 10 10.4 8.6 7.5 7.9 6.1 7.8 4.5 4.6 10 10.8 11.9 12.5 17.6 22 22.5 23.7 23.2 21.7 21.7 20.9 9.9 7.9 12.7 12.9 7.8 3 -1.3 -1.3 -1.3 -1.3 -1.3 -1.3 -1.3 -1.3 8.9 10.2 10.2 16.5 19.2 21 23.5 30.2 33.3 46.9 53.6 50.6 49.1 40.2 31.7 25.6 25.3 28 32.3 37.7 48.2 57.9 61.5 61.2 70.4 84.7 91.1 111.9 139.2 163 180.3 200.4 216.7 225.4 236.9 248.8 264.7 277
16.4 17.4 17.4 16.7 15.9 12 9.9 8.8 9 8 7.4 4.4 8.4 8.7 8.9 9.3 9 9.1 10.2 10 11.4 12.9 19.6 24.7 21.6 21.3 18 6.8 3.8 2.8 2.8 3.9 3.3 -1.3 -1.3 -1.3 -1.3 -1.3 -1.3 -1.3 -1.3 -1.3 10 14.4 19.2 20.4 20.4 20.4 25 32.6 49.8 64.2 57.5 50.4 37.3 27.4 22.7 23.3 24 24.8 30.1 37.1 46.9 53.7 54.2 62.9 77.3 85.6 102.1 126.6 150 168.6 186.8 201.5 210.1 223.6 235.2 249.9 264.9 276.1
16 17.5 17.1 17 16.7 10.5 9.4 8.1 5.7 6.3 6.2 5.9 7.1 8.9 9.5 9.2 8 8.2 8.4 8.4 10 9.6 9.7 10.9 6.5 -1.3 3.9 2.7 2.2 2 2.1 1.8 -1.3 -1.3 -1.3 -1.3 -1.3 -1.3 -1.3 -1.3 -1.3 12.9 20.3 21.2 21.4 21.4 20.7 21 32.3 45 56.3 52.9 49.5 40.1 23.1 20 21.1 21.3 22.8 25.4 29.6 36.5 39.6 41.8 56.4 69.4 77 89.9 119.6 135.4 153.4 170.9 183.6 198.3 211.1 220.3 232.1 250 262.5 268.1
14.2 14.4 12 9.7 9.8 9.2 8.5 6.7 6.7 6.9 6.9 7 6.5 5.7 6 4.9 4.3 6 7.1 7.9 8.7 7.7 7.6 -1.3 -1.3 1.8 -1.3 1.1 0.9 0.5 -1.3 -1.3 -1.3 -1.3 -1.3 -1.3 -1.3 -1.3 -1.3 -1.3 11.9 20.2 20.4 21.3 20.9 20.9 20.7 27.8 38.4 48.2 50.4 43.6 45.2 25.7 18.6 19.3 20.1 20.6 22 24 28.5 31.3 38 47 59.7 70.2 79 108.4 121.1 136.5 154.5 173.3 193.4 201.8 210.9 215.5 237.5 252.9 253.9 249.4
12.1 8.8 8.4 7.4 7.5 6.1 5.3 4.6 4.5 5.1 5.3 5.9 6.5 6.5 6.5 6.5 6.1 6.1 6 5.3 4.9 5.1 2.2 -1.3 1.9 0.5 -1.3 -1.3 -0.5 -1.3 -1.3 -1.3 -1.3 -1.3 -1.3 -1.3 -1.3 -1.3 -1.3 11.4 20.4 21.8 20.6 21 20.5 20.3 21 33 39.1 44.3 42.4 38.4 22.5 16.8 17.7 18.7 18.8 19.5 21.7 24.5 26.2 37.2 46.8 52 61.6 75 96.3 107.4 122.6 139.8 161.1 181.1 184.8 192.8 206.7 222.5 232.7 240.5 238.5 229.5
9.7 10 9.2 6.4 5.1 5.7 4.6 3.6 3.9 4.1 4.2 4 4.3 5 5.1 5.2 5 5.3 5.2 4.1 2.4 1.9 1.6 1.1 0.6 -0.4 -1.3 -1.3 -1.3 -1.3 -1.3 -1.3 -1.3 -1.3 -1.3 -1.3 -1.3 -1.3 11.6 18.4 19.6 20.1 20.9 20.6 20.2 19.8 25.2 32.1 33.2 32.8 29.9 20.3 15.6 15.1 15.3 16.1 17.2 18.9 21.4 24.8 32.5 38.6 47.2 55.6 70.5 85.8 99.1 109.2 128 148.6 166.8 172.4 179.7 190 201.9 216.4 224.9 225.9 222.7 215.2
9.3 8.7 8.1 6.5 5 5.1 4 3.3 3.4 3.9 2.6 3 4.6 3.7 3.7 3.7 3.8 3.5 2.9 1 0.5 0.2 0.1 -0.3 -0.7 -1.3 -1.3 -1.3 -1.3 -1.3 -1.3 -1.3 -1.3 -1.3 -1.3 -1.3 -1.3 5.8 10.5 18.2 18.5 19.3 20.2 20.5 20.5 20.4 27.1 25 24.5 20.9 17.6 13.7 13.9 14.3 14.2 14.7 16.5 18.6 20 24.2 34.1 41.3 47.5 61.3 74.5 90 104.3 117.3 137.9 146.7 155.6 162.6 170 178.8 194.3 206.1 213.3 216.3 208 199.8
8.6 8.4 7.9 6.1 4.5 3.1 3.6 2.7 3.8 3.3 3 2.3 4.9 4.3 4 3.3 2.9 -1.3 -1.3 -1.3 -1.3 -1.3 -1.3 -1.3 -1.3 -1.3 -1.3 -1.3 -1.3 -1.3 -1.3 -1.3 -1.3 -1.3 -1.3 -1.3 -1.3 6.7 9.9 17.4 18.2 18.6 19.2 19.8 19.9 19.6 19.7 18.4 18.7 15.8 13.7 13 13.5 13.7 13.5 13.8 15 17.1 18.9 26.7 38.2 45.1 54.2 67.4 83.8 97.6 110.8 127.2 135.1 142.6 149.5 157.1 173.7 184.2 193.1 202.4 200.4 195.7 193.5 187
8.5 7.5 6.8 5 4.3 3.7 4 2.1 1.8 2 2.3 2.4 3.2 2.3 1.7 -1.3 -1.3 -1.3 -1.3 -1.3 -1.3 -1.3 -1.3 -1.3 -1.3 -1.3 -1.3 -1.3 -1.3 -1.3 -1.3 -1.3 -1.3 -1.3 -1.3 -1.3 -1.3 10 14.7 13.6 14.6 17.8 18.3 18.6 18.7 18.2 17.5 17.2 17.2 15.3 12.6 12.4 12.6 13.2 12.9 13.2 14.3 16.4 22.1 32.2 39.5 48.3 56.3 74.3 87.8 101.6 113.3 123.4 133.1 137.2 153.2 177.5 192.2 194.4 186.6 183.4 183.1 180 175.2 175.7
7.8 6.7 5.6 5.2 4.3 3.2 1.2 -1.3 -1.3 -1.3 -1.3 -1.3 -1.3 -1.3 -1.3 -1.3 -1.3 -1.3 -1.3 -1.3 -1.3 -1.3 -1.3 -1.3 -1.3 -1.3 -1.3 -1.3 -1.3 -1.3 -1.3 -1.3 -1.3 -1.3 -1.3 -1.3 -1.3 10.3 10.8 11.7 12.8 14.6 17 17.8 17.7 17.5 17.3 17.7 16.4 13.2 11.7 12 11.9 12.4 13.2 13.4 14.3 17.7 25.3 33.2 38.7 47.9 59.3 74.3 89.5 99.9 112.1 121.8 133.9 158.8 171.8 184.2 186.9 174.6 173.6 166.4 160.4 159.1 158.3 160.3
6.7 5.8 5.8 4.1 2.7 -1.3 -1.3 -1.3 -1.3 -1.3 -1.3 -1.3 -1.3 -1.3 -1.3 -1.3 -1.3 -1.3 -1.3 -1.3 -1.3 -1.3 -1.3 -1.3 -1.3 -1.3 -1.3 -1.3 -1.3 -1.3 -1.3 -1.3 -1.3 -1.3 -1.3 -1.3 3.7 7.3 10.4 10.5 10.2 13 15.7 16.5 17.2 17.1 16.6 16.6 16.4 12.8 11.7 10.8 11.4 12.3 13.1 13.3 13.3 10.6 12.1 14 18.3 38.6 55.2 68.7 86.7 104 113.1 123.9 149.4 161.7 169.2 177.5 175.1 158.2 154.1 150.2 141.8 140.9 151.5 159.4
6 5.9 4.9 2.2 -1.3 -1.3 -1.3 -1.3 -1.3 -1.3 -1.3 -1.3 -1.3 -1.3 -1.3 -1.3 -1.3 -1.3 -1.3 -1.3 -1.3 -1.3 -1.3 -1.3 -1.3 -1.3 -1.3 -1.3 -1.3 -1.3 -1.3 -1.3 -1.3 -1.3 -1.3 -1.3 -1.3 4.9 8.7 10.5 8.7 9 13.7 17 17.4 16.5 16.8 17.7 14.9 13.3 14.3 13.4 11.3 12.1 13 13.6 13.4 17.2 19.3 24.5 29.4 23.2 45.7 73.3 87.1 101.7 107.8 119.1 143.9 156.7 166.5 173.6 155.4 141.2 140.7 135.1 130.2 140.5 144 142.7
6.2 2.6 -1.3 -1.3 -1.3 -1.3 -1.3 -1.3 -1.3 -1.3 -1.3 -1.3 -1.3 -1.3 -1.3 -1.3 -1.3 -1.3 -1.3 -1.3 -1.3 -1.3 -1.3 -1.3 -1.3 -1.3 -1.3 -1.3 -1.3 -1.3 -1.3 -1.3 -1.3 -1.3 -1.3 -1.3 -1.3 4.9 6.2 8.9 9.4 8.6 12.9 15.9 17 16.4 17.6 14.4 12.3 14.6 15.5 14.6 12.1 12 12.8 13.6 15 17.1 26.3 46.9 50.3 61.9 39.4 65.9 90.6 94.7 99 115.8 133.8 152.3 159 148.9 134.5 132.4 127.5 120.7 127.9 134.4 134 128.3
1.4 -1.3 -1.3 -1.3 -1.3 -1.3 -1.3 -1.3 -1.3 -1.3 -1.3 -1.3 -1.3 -1.3 -1.3 -1.3 -1.3 -1.3 -1.3 -1.3 -1.3 -1.3 -1.3 -1.3 -1.3 -1.3 -1.3 -1.3 -1.3 -1.3 -1.3 -1.3 -1.3 -1.3 -1.3 -1.3 -1.3 2.6 5.7 7.1 9.7 8.9 10.7 14.3 15.8 12.3 10.3 11.3 14.2 15.2 15.9 14.4 12.4 12.4 12.8 14.7 16.3 26.2 47.2 65.9 73.1 78.7 77.7 58.7 85.7 88.9 95.8 110.8 122.9 128.7 133.9 130.2 129.5 121.6 115.3 120.3 129.3 130.9 125 124.2
