Assets/StreamingAssets/GeoData/Data/nn/NN07.asc
ncols 200
nrows 200
xllcorner 200000
yllcorner 770000
cellsize 50
[rows 70 to 104 of 200, columns 79 to 157 of 200]
62.4 63.7 62.9 63.9 69.6 73.6 70.2 65.2 65.1 65 67.9 67.7 65.6 64.6 64.4 61.4 61.7 63.9 60.2 57.5 61 58.1 58.2 54.7 53.8 52.9 50.7 51.6 52.3 53.5 55.6 59.5 59.9 61.3 59.9 59 61.4 69 66.7 65.1 66.1 66.2 68.4 74.5 80.4 85.1 88 87.8 93.6 96.6 100.3 105.2 98.6 87.6 92.2 84.7 75.8 76.9 80.8 79 72.4 66.6 64.4 60.8 33.6 12.3 8.4 -1.4 -1.4 -1.4 -1.4 -1.4 -1.4 -1.4 -1.4 -1.4 -1.4 1.2 4
64.6 67.2 67.2 72.8 77.9 82.5 71.6 68.3 68.5 67.3 68.8 67.7 67.1 66.1 65.6 68.3 68.2 64.3 60.2 59.4 62.5 65.1 59.9 59.9 59.4 59.2 55.9 57.6 59.3 60.8 60.4 66.4 69.3 69.8 75.8 70.4 67.5 72.4 73.4 69.2 66.3 71.1 74.4 81.5 88.2 93.5 96.4 95 100.1 105 110.4 115.5 106.1 96.5 95 87.9 84.4 84.8 85.9 83.1 79.9 72.5 66.9 63.9 38.5 26.8 16.9 16.6 8.4 -1.4 -1.4 -1.4 -1.4 -1.4 -1.4 -1.4 -1.4 -1.4 -1.4
68.6 79.5 76.5 78.1 77.4 76.3 73.5 74.1 78.3 70.2 69.7 68.9 69.1 69.8 74.2 76.9 73.1 69.4 65.6 65.6 69.9 68.9 67.3 65.2 65.1 64.6 62 63.1 65.4 68.4 70.9 72.3 76.9 78.7 85.6 82.4 77.5 79.6 81.7 76.5 75.5 80 84.8 89.2 97 104.5 108.7 106.9 110.1 115.1 119.4 122.6 117.7 106.3 99.2 98.4 93.5 95.3 92.5 89.7 88.4 82.6 74.5 65.1 47.2 38.8 33 25.8 15.1 7.9 -1.4 -1.4 -1.4 -1.4 -1.4 -1.4 -1.4 -1.4 -1.4
72.7 77.3 78.9 79.2 78.9 80.2 78.2 76.5 75.4 75.2 73.1 71 71.9 73 81.9 85.9 79.8 73.5 79.6 75.4 77.6 77.8 74.3 77.9 75.9 73.1 68.9 68.3 69.5 74.9 78.2 77.8 81 84.6 87.6 87.6 88.4 90.3 87.7 83.7 81.2 90.9 95.7 98.4 104.4 114.7 124.5 119.6 116.4 119.3 123 121 118.4 114.3 112.7 108.2 106 106.4 102.9 97.8 92.3 88 85.5 68.6 55.6 48.1 38.3 30 21.3 13.4 8.2 -1.4 -1.4 -1.4 -1.4 -1.4 -1.4 -1.4 -1.4
73.5 77.7 80.3 81.5 83.6 84.7 83.9 80 74.5 77.4 76.7 72.4 75.2 78.8 89.8 88.9 84.8 81.2 85.8 81.2 80.8 80.3 81.1 84.1 83.5 79.3 76.7 73.7 73.7 82.3 82.9 82.8 86.2 88.3 92 93.6 95.6 98.4 97.3 93.1 92.5 95.9 101 107.6 112.3 121 128.4 125.6 123.8 125.3 128.5 129.4 131.4 134.8 127.3 120.5 117.1 119.7 114.6 105.7 102 94.9 87.5 75.7 61 51.2 43 35.4 27 18.6 11.7 8.8 5.4 -1.4 -1.4 -1.4 -1.4 -1.4 -1.4
76.3 77.7 82 83.9 85 85.2 87.9 83.2 76.6 79.2 78 77.2 83.4 87.9 95.1 91.1 89.4 97.9 93 91.6 88 91.3 95.7 94 89.2 80.8 80 79.9 81.4 87.1 93.8 90.5 88.3 93.9 98 99.4 98.1 101.6 99.8 98.6 101.7 105 108.9 112.9 117.5 122.8 128.2 131 135.7 135.6 139.1 140.5 145.2 150.2 144.6 136.3 126.6 127.4 123.7 117.1 108.3 102.8 91.6 80.7 65.3 54.6 48 41.9 34.7 25.8 19.3 14.2 11.1 7.1 4 -1.4 -1.4 -1.4 -1.4
79.2 80.7 84.7 87.7 87.1 87.7 87.9 84.3 82.7 82.8 85.6 90.4 90.2 93 93.3 93.7 93.9 99.6 99.2 96.7 95.5 97.9 96.5 93.3 90.1 89.2 87.3 89.3 93.1 89.5 97.8 98 98.3 99.2 100.9 102.9 105.4 105.4 105.3 107.5 112.9 116.4 119.8 126.6 127 132.8 139.5 142.6 145.8 147 151.3 149.1 153.4 158.3 155.1 142.9 134 133.9 132.2 124.2 116.4 113.8 94.8 79.3 68.1 62.3 61.5 52.8 43.8 35 29.5 22.3 15.6 11.6 8.5 4.6 -1.4 -1.4 -1.4
83.1 84.2 86.4 87.5 87.9 89.2 88 85.9 85.9 89.4 90.1 96.7 101.6 99.2 103.7 100.4 98.3 102 102.5 105.5 102.2 100.5 98.4 94.2 97.7 100.6 93 94.3 100.8 95.7 99.7 104.4 101.4 109.4 109.5 107.3 114.6 117.3 118.2 119.7 127.7 131.4 133.2 140.1 144.7 139.4 145.2 152.8 157.7 159.1 159.7 160.2 160.1 167 155.2 147.8 138.9 137.2 139.3 126.8 128.5 113.6 96.1 76.9 76 76.8 69.1 58.2 50.7 45.2 39.6 30.9 18.4 19 16.7 9.9 7.2 5.5 -1.4
88.8 89.9 90.8 91.5 91.4 91.2 93.1 92.9 89.1 94.6 95.3 103.4 111.1 110.2 109.7 106.2 110.5 104.1 107.1 105 103.4 100.8 99.6 95.7 98.3 103 95.2 96.3 100.7 103.7 103.1 108.8 106 110.6 114.3 119.8 125.4 129.5 130.5 132.6 136.8 139.9 143 149.5 155 151.9 153.7 159.7 166.1 169 166.9 167.7 164.9 166 156.7 154 141.7 137.4 133.8 130.5 128.8 115.1 95.6 88.4 85.7 84 73.1 64.7 59.2 55 48.7 40.7 32.5 30 24.4 18.1 14.7 11.5 6.1
94.4 95.2 95.6 95.4 95.7 95.3 105.5 102.9 95.3 97.8 102 109 115.2 113.5 114 110.3 114.3 110.9 110.3 110 107 107.6 101.7 99.3 102.1 101.4 100.9 100.7 103.2 106.5 109.7 115.2 113.4 117.1 120.2 129 133.8 142 143.9 147 147.3 149 151.8 154.4 161.2 158.5 164.3 167.3 170 170.1 171.6 175.6 170.3 164.7 158.1 156.2 145.3 138.1 140.8 132.6 124.6 114.4 97.3 97.1 93.8 87.8 82 77.2 70.9 65.2 58.8 47.5 43.9 37.1 31.5 26.3 22.4 20 9.2
100.1 100.4 100.9 100.4 99.6 111.1 108.2 104.2 101 102.3 107.9 112.6 120.4 121.4 118.4 116.7 118.5 116.2 118.4 116.2 113.2 109.3 105.8 104.2 107.7 108.6 107.7 109.1 112.4 118.2 119.7 123.7 122.1 126.5 131.8 140 143.7 150.9 157.1 163.4 159.7 159.9 162.2 164.9 167.5 171.8 175.8 178.9 176.3 175 175.1 181.8 180.8 170.4 164.3 159.5 150 141.7 142.2 130.4 125.8 113.3 107.3 106.2 98.1 98.3 93.4 86.4 80 76.3 69.5 62.7 55.1 44.8 40.6 37.8 38.4 29.9 26.2
107.3 106.6 106.6 106.4 110.3 117.7 111 109.2 108.5 109.3 117.7 122.7 123.6 123.5 122.6 122.6 126.8 124.8 126 124.7 120.2 118.2 116.1 114.3 114.6 117.4 120 122.5 123.5 129.1 136 133.1 134.6 132.4 139.4 145.4 148.1 158.1 166.6 173.1 170.9 172.1 173.7 172.5 170.9 178.9 185.3 189 185 179.8 179.6 187.2 185.4 174.6 169.9 164.3 159.8 146.1 141 131 124.8 116.6 112.1 110 104.1 102.9 100.5 94.7 88.2 84.8 82 77.8 66.8 55.6 54.9 57.4 52.6 42.1 40.5
115.7 114.9 116.9 119.9 119.5 118.3 117.9 115.5 115.7 115.6 121.9 129.8 127.9 128.9 132.6 131.5 130.6 134.1 135.9 130.8 130.4 124.1 122.3 122.5 122.6 124.6 133.8 130.1 131.6 137.3 144.2 143.1 144.2 141.6 144 149.9 159.9 162.9 172.7 180.8 181.1 179.4 182.4 181.8 179 186 194.4 201.7 193.2 184.4 185.1 186.1 181.5 175 173.1 164.9 161.9 147.7 140.2 132 124.9 119.5 114.6 111.3 108.2 107.7 107 99.9 93.5 95.5 95.5 87 77.9 69.3 67.5 68.7 60.4 56 54.9
124.8 123.7 123.8 124.3 123.9 123.7 124 123.1 122.7 121.7 131.6 136 136.9 139.3 137.8 140.3 141.4 142.5 142.9 139.1 135.4 133 131.4 130.7 130.6 135.2 141.5 144 143.4 145.5 152.4 155.1 153.6 152.6 153.8 158.6 163.2 167.9 176.5 184.2 184.9 186.4 186 188.2 187.6 190.5 200.8 209.4 201.4 188.7 185.9 185.9 178.4 176.2 171.8 165.8 154.9 148.3 141.7 139.7 134.6 125.1 122.4 120.4 116.6 115.3 109.9 101.6 101.8 102.6 101.6 100.9 88 79.6 78.4 73.8 66.5 75.4 76.1
131 130.5 131.1 133.1 133.5 134.4 132.7 133.3 131.9 128.3 133.1 139.5 142.5 144.2 145.7 144.5 146.1 154.1 149.8 146.6 143.5 142.9 138.2 134.9 137.5 141 148.6 151.4 151.7 152.3 155.3 158.4 161.6 162.2 163.9 172.9 172.4 173.7 182.9 188.5 190.2 191.4 189.5 191.5 193.3 199.2 207.8 213.3 203.4 192.3 186.5 181.2 176.7 173.6 166.8 163 154.3 149.3 146.3 147.9 148.4 138.6 133 131 124 114.8 112.3 109.5 112.5 110 108.8 104.2 94 87.9 83.2 76.3 81.5 83.3 79.8
136.2 136.8 139.9 141.3 142.5 142.8 144.2 144.2 141.7 138.9 139.6 145.5 150.6 152.6 153.3 152.2 154.7 158.2 156.1 151.2 150.1 153.7 151.1 142.4 145 152.3 157.9 158.2 158.6 165.4 163.6 163.3 165.6 168.7 166.8 179.5 183.5 181.9 187 192.2 192.9 202.3 199.2 201.8 203.9 208.4 211.2 208.4 200.4 194.5 189 177.8 171.5 168.1 164 160.5 157.7 158 150.3 149.7 149.3 140.7 137.4 131.9 123.7 119.7 113.6 116.8 119.8 117.7 112.4 107 99.1 86.9 87.5 87.4 86.5 84.1 83.4
144 144.9 147.6 147.8 152.2 152.9 151.9 152.1 151.6 152.1 151.3 153.2 156.8 158.7 160.4 160.8 161.2 161.9 162.2 165.9 162.3 159.5 158.5 152.3 157.4 162.2 161.5 163.5 167.4 169.7 169.7 171.4 169.4 173.3 180.2 184.8 189.6 190.7 197.3 201.7 198.7 207.5 206.1 209.1 210.2 218 219.9 211.7 200.7 196.6 187.1 179.2 173.6 172.1 165.1 157.7 156.2 157.2 155.2 148.3 143.6 139.7 134.5 130.9 127.4 119.1 118.6 121 125.4 117.9 116.3 104.4 96.7 100.2 99.4 98.7 98 95.1 93.6
154.4 155.4 156.1 157.5 158.6 162.1 163.2 161.3 161.6 160.5 160.2 163.3 167.2 167.9 167.7 167.9 168.4 172.4 173.9 175.4 172.2 170.5 169.8 165.3 165.5 171.4 173.3 176.8 181.1 177.7 177.7 178.3 176.8 184.5 192.7 188.8 192.1 195.7 204.7 205.1 204.9 210.5 209.8 212.5 216.2 227.3 230.2 223.3 216.9 204.7 197.4 184 180.1 176.3 168.5 160.2 160.9 153.3 148.6 145.2 143.1 136.3 132.2 129 128.9 124.9 127.3 127.6 123.8 120.3 115.5 112.5 112.4 113.2 112.5 111.5 113.6 105.9 102.8
160.8 164.4 164.9 167 167.9 167.8 169.7 170.5 169.4 168.8 171.9 171.8 178.6 178.9 177.1 180.1 180.6 184.1 185.1 185.9 186.1 182.5 179.2 178.5 179.4 179.5 180.5 183.1 187.7 186.9 186.2 185.4 185.4 189.5 195.5 194.5 195 198.9 209.7 210.9 215.2 216.8 215.6 218 223.2 235.4 236.4 234.6 223.9 211.4 207.1 197.6 189 183.3 171.1 165.5 161.7 158.2 151.8 147 141.7 135.8 134.2 133.9 132.1 134 137 130.9 127.5 125.5 119.7 121.5 123 123.5 126.2 131.5 130.9 124.9 114.6
174.5 174 176.8 177 177.6 177.9 179.9 187.2 180.1 180.7 181.4 181.3 183.5 187.5 186.5 186.7 188.6 191.5 193.6 196.9 194.5 191.7 192.5 190.2 185.6 195 194.1 193.6 195.3 196.1 197.9 197.8 198.3 199.2 199.7 203.3 197.9 201.1 209.3 215.2 222.4 225.1 220.2 221.7 227.9 242.9 242.2 234.4 227.5 218.9 216.3 204.1 198.3 190.2 180.7 176.6 170 160.7 151.4 150.9 147.9 144.1 142.9 140.2 140 139.9 142 134.4 130.7 123.8 130.4 130.9 132.2 133.5 139.9 139.7 138.7 129.2 128.9
187.6 185.7 187.8 185.8 187.7 190.6 190.2 194.8 192.9 193.4 195.7 193.8 193.1 193.9 197.5 196.2 198.8 202.4 199.8 205.8 204.6 199.8 201.9 201 196.7 201.7 205.2 204.7 207.3 209.5 211 212.5 209.3 215 216.6 214.7 207.6 207.9 208.3 217.9 227.9 232.3 225.6 226 232.5 247 244.9 233.9 227.2 224 220.5 210.4 203.5 192 181.9 179.4 170 156.7 162.4 161 153.6 151 149.5 147.4 150.3 148.9 145.5 137.6 135.4 133.1 138.1 139.9 139.8 144.1 146.6 142.5 139 137.4 139
196.8 198.2 196.8 197.9 199.5 201.3 202.3 204.7 205.7 207.3 207.8 207.7 206.5 210 210.1 209.5 212.7 215.4 215.3 215.6 215 213 208.7 208.1 204.9 204.7 210.4 216.2 219.8 222.1 227 224.3 220.4 219.9 220.9 223.8 216.6 218.6 211.8 219.1 230.2 234.3 228.1 225.3 236.6 248.3 242.9 232.1 226.7 226.2 228.8 215.2 206.1 194.6 188.4 183.7 169.9 168.2 165.2 164.4 156.9 154.7 156.4 158 157 150.1 145.9 141 137.6 145.9 145.2 148.8 153.2 153.8 150.9 147.2 145.9 145.9 148.7
208.1 208.5 209 210.6 211.7 210.8 212.9 214.2 214.7 214.5 216 219 220.3 221.4 221.4 220.4 224.1 229.2 229.2 224.9 224.2 224.7 222.2 220.9 216.9 217.8 220.7 224 229.3 233.5 239 236.7 233.4 228.3 225.5 229.1 228.7 221.8 220.9 222.9 232.7 235.8 230.5 228.7 238.9 244.5 239.2 232.6 226.4 224.4 224.5 216.5 205.3 192.8 184.7 177.6 172 169.5 165.5 165.7 157.7 159 166.7 163.4 156.7 149.5 149.9 144.8 143.6 147.4 154.3 157.3 161 156.7 151.6 151 149.9 152.4 153
218.3 219.9 220.1 222.3 223.1 222.6 225.2 227.5 224.8 226.9 228.6 229.7 230.2 229.4 233 234.8 236 236.2 234.8 235.7 237.3 233.4 232.6 229.3 227.8 228.4 226.8 234.2 236.4 244.7 246 245.5 240.5 232.8 230.9 235.4 233.4 225.4 223.3 224.9 233.6 237.9 232 227 237 240.3 235.3 233.3 224.6 221.4 218.3 209.4 198.5 182.1 177 174.8 172.6 167.1 163.8 161.5 160.4 160.9 160.4 160.2 159.2 154.7 146.3 145.4 150.8 155.9 154.3 156.1 157.6 160.5 163.4 160.6 159.2 160.3 159.8
227.4 231.9 233.2 234.1 235.9 234.3 235.4 236.4 236.5 239.8 242.6 241.6 240.8 241.7 244.7 248.3 248 246.1 245.5 243.8 246.4 247.9 245.1 242 240.7 236.9 232.6 242 247 251.4 256.2 252.9 250.5 242.3 239.3 239.8 236.6 232.9 227.8 228.9 233.7 239.4 235.1 231.7 233.4 239 239.1 232 228.3 217.2 210.8 201.7 191.2 190.8 184.6 181.3 173.1 166.8 164.9 165 168.5 164.6 161.4 159.7 159.2 151.6 157.1 158.2 161.6 164.7 168.6 163.3 166.7 165 166.7 165.8 169.2 169.9 167
240.7 242.6 246.3 244.2 246.7 245.5 248.2 249.1 248.9 251.6 256.9 256.5 255.1 255.2 255.6 258.2 257.9 256.8 256.2 256.2 256.8 255 255.1 252.4 255 250.9 243.1 244.7 254.4 256.5 262.4 262.9 263.4 251.9 248.2 242.8 240.2 236.9 234.2 234.7 237.1 237.1 237.3 232.3 234 244 243.1 237.7 228.7 214.8 204 198 195 195.9 195 191 175 171.2 171 171.2 168.5 166.1 161.8 162.2 157.9 160.8 167.4 168.3 170.3 175.2 174.3 172.9 174.6 172.3 174.5 174.7 175.3 172.2 171.2
249.4 255.5 259.3 256.6 258.5 256.8 259.8 261.9 265.8 266.1 266.6 268.7 269.7 266.3 268.1 272.9 274.1 268.9 269.3 268.8 266.1 263 264.1 260.8 264.1 266 263.9 256.1 260.2 266.4 272.7 273.1 270.1 264.5 254.1 252 244.1 242.5 239.9 240.1 239.3 237.6 236.6 234.4 238 248.4 244.5 236 226.7 210.4 210.4 211.8 208.4 204 197.1 189.2 179.7 176.6 170.7 170 168.8 167.2 162.7 159.7 162.9 166.6 171.9 176.5 177.8 179.9 181.9 184.3 184.3 184.5 183 180 180.1 179.2 180.5
261.1 265.1 270 268.2 271.7 269.7 271.5 273.7 274.1 278.9 278.9 279.2 280.1 280.5 282.1 285.3 284.7 282 279 277.6 276.9 275.5 273.2 273.2 271.8 276.2 277.1 267.2 266.3 274.7 280 278.2 273.7 275.5 263.1 258.4 250.4 250 250.9 243.1 240.4 237.5 236.1 235.6 239.4 247.5 242.8 231.2 220.4 212 217.5 219.6 218.1 212.6 199.6 190.6 186 181.7 181.8 176.1 170.6 167.8 167.6 166.9 170.2 176.4 178.9 183 185.1 187.3 191.4 191.2 190.3 189 188.3 188.8 189.9 185.4 188.2
272.3 274.9 279.4 281.8 281.5 283.3 284.1 284.2 283.9 283.3 288.9 289.9 292 295 293.1 295.9 293.3 289.8 289.7 290.2 291.5 286.8 285.5 281.8 286 288.8 286.6 280.3 277.5 281.1 283.3 284 281.2 279.9 271.3 267.5 255.9 254.7 256.5 248.3 242.9 240.4 241.8 240 243.4 242.6 237.5 228.5 216.7 217.6 221.3 227 224.5 211.5 200.1 197.8 192.3 187.6 185.8 180.9 174.8 171.2 172.1 175.2 178.7 182 186 193.1 193.8 197.3 196.8 199.8 198.1 198.6 198.4 198.7 196.2 198.1 199.7
291.9 289.5 291.3 292.3 295.6 294.9 293.8 296.6 295.2 296 299.9 303.8 306.7 310 309.5 307.8 308.2 303.7 302.8 301.7 299.3 296.7 300.7 293.1 297.3 297.2 299.6 297.2 286.1 288.6 289.4 285.5 284.9 283.2 278.4 272.4 262.5 261.1 259.4 253.3 245.2 244.2 247.2 254.4 256.3 251.8 242.1 226.5 219.1 225.3 227.5 227 220.4 213.5 201.2 195 196.3 193.4 193.3 187.1 180.9 174.2 180.2 186.6 189.3 194 198.8 205.8 207.8 209.2 210 208 209.1 208.9 209.4 210 207.5 210.9 215.7
300 301.3 305.7 305.1 304.7 303.9 308.1 308.8 305 307.9 314.8 321.2 325.4 326.2 322.7 321.1 320.1 316.6 317.4 315.2 311.2 310.6 307.9 301 303.6 306.9 306.5 310.6 302.5 303.6 296.9 296.1 293.6 290 281.4 278.4 270.1 267.6 266.7 257.5 255.8 255.3 260.5 261 261.4 256.1 245.5 233.6 228.8 229.4 225.1 222.3 219.4 209.3 199.3 205.4 204.9 200.5 196.9 188.6 181.4 187.1 192 199.7 202.9 203.1 210.6 216 219.1 220 219.4 221 223.3 224 220.5 226.8 223.5 228.3 235.3
313.6 314.2 314 314.5 313.8 317.3 318.2 317.5 315.8 320.7 327.7 327.8 333.2 331.9 335.4 340.1 337.8 329.4 326.3 326.3 325 323 322.7 312.6 312.1 316.7 318.8 320.7 314.7 314.6 312.7 309.9 307.3 303.1 297.1 285.9 274.5 276.3 271.8 262.6 265.6 260.5 265.9 267.3 267.9 262.9 253.8 243.9 237.7 232.3 224.4 221.6 215.7 207.1 208.3 208.9 209 204.4 201.5 192.3 191.5 197.5 199.2 211.5 217.4 217.8 223.8 228.4 231.7 233.3 235.4 238.2 238.8 242.2 239.4 242.8 243.7 248.8 258.8
317.5 322.4 325.3 326.4 327.8 327.5 328.7 328.8 328.5 333.5 331.2 334.7 339 340.3 343.2 350.9 349.2 344.5 337.5 336.2 337.4 336.5 333.3 328.4 329 330.2 329.8 329.5 323.8 321.9 325.4 318.7 317.1 311.8 303.5 294.5 283.4 279 272.6 266.5 273 268.8 273.5 275.4 276.7 271.6 264.4 253.3 241.1 233.8 230.1 226.7 220.7 215.9 218.1 216.7 217.1 210.8 204.9 200.3 200.1 208 213.8 218.8 224.3 230.3 234.6 239.7 243.2 246 248.6 253.2 261.2 258.7 254.8 252.8 256.2 265.2 275.3
326.2 328.5 331.8 333.4 341 343.2 341 345.8 343.9 346.3 341.1 345.1 345.8 349 351.8 356.2 359.7 357 351.6 354.3 353.4 352.3 350.9 342.2 339.6 342.4 341.5 339.7 338.3 331.1 332.3 329 322 314.2 307.5 300.1 283.9 275.6 270.9 270.2 275.7 275.7 281.4 280.8 280.9 277.8 269.9 260.4 250.8 241.4 235.8 232 221.6 229.9 225.5 227.2 223.4 214.6 214.4 214.1 214.5 216.5 224.9 229.1 234.3 240.4 246.2 252.8 257.6 261.9 265.5 271.2 277.8 281 275.2 271.9 272.5 279.3 283.3
341.1 339.5 343.6 347 348.9 351.2 353.9 352.6 352.3 352.6 352.9 351.8 359 364.1 364.1 371.8 369.3 365.4 369.9 363.2 365.9 363.9 363.6 362 352.8 353.1 349.9 346.2 348.9 341.1 338.9 336.2 327.6 317.5 311.5 299.8 293.5 283.8 276.6 276.8 280.7 281.2 286.6 283 284.7 277.8 267.3 263.7 252.8 247.2 239 232.4 230.7 236.1 237.8 234.9 227.7 227.4 220 229.4 230 230.2 233.1 238.6 244.4 249.6 256.1 264 272.2 278.9 281.8 292.7 295.3 293.7 286.8 289.7 291.7 290.7 292.6
