Assets/StreamingAssets/GeoData/Data/nn/NN09.asc
ncols 200
nrows 200
xllcorner 200000
yllcorner 790000
cellsize 50
[rows 0 to 34 of 200, columns 78 to 155 of 200]
460.7 456.8 458.8 444.1 424.4 416 403.5 396.2 394.7 396.2 403.8 404.7 401.9 395.9 379.2 362 348.8 339.1 330.4 323.6 313.6 304.1 294 284.6 275.3 268.6 264.4 267.1 267.7 261.8 253.6 252.9 241.8 237.9 229.9 224.4 221.5 218.6 218.6 221.8 227.3 225.5 228 222.7 216.1 213.8 210.3 207.5 206.6 207 217 225.1 231.4 237.6 243.5 244.6 250.9 249.5 252.1 250.5 247.8 246.4 248.2 248.7 250.1 258.5 266.5 274.4 283.3 291.8 297.3 299.5 299.8 298.9 292.9 288.8 285.4 281.9
500.8 496.4 494.5 471.4 453.1 441.6 426 417.7 411.4 409.9 411.8 415.4 411.5 398.4 385.3 370.9 358.1 347.6 340.7 334.8 326 319.8 309.5 296.4 284.3 276.9 272.6 270.3 267.7 263.5 257.5 251 248 245.4 240.4 227.9 225.2 224.5 224.5 228.7 237.6 249 244.4 235.8 226.4 220.1 215.7 210.9 207.4 201.7 203.3 209.8 218.4 222.6 232.3 233 239.9 243.5 242.1 242.8 241.7 243.6 243.4 245 251.3 255.2 261.2 269 279.4 288.5 298.5 307.1 304.3 301.7 295.1 293.7 290 287
540.5 532.5 525.4 495.2 472 455.8 446.3 434.2 429.9 421 417 422.1 422 406.5 392.5 383.9 370.8 361.1 356.1 351.9 343.1 334.9 322.3 307.8 296.9 292.1 282.3 276.7 272.2 268 261.2 256.8 250.5 245.9 240.8 237.6 232.3 229.2 233 234.3 243.4 252.1 247.7 241.4 232.2 227.6 221.4 214.6 210.3 204 200.4 204.2 205.2 210.1 219.3 223.7 231.2 233.2 231.6 231.8 232.1 236.9 240.3 249.7 254 259.9 265.1 270.9 279.5 289 299.7 306.5 307.1 303.4 300.8 297.9 296.9 299.3
563.3 555 550.9 524.4 496.7 482.6 468.7 455.8 443.8 437.6 429.2 425.4 418.1 407.6 399.9 389.6 380.5 373.4 368.2 366 359.4 347.1 332.2 320.6 308.4 297.8 290.1 284.2 281.1 276 273.2 268.8 261.5 258.4 254.2 250.2 244.9 240.4 241 240.1 245.4 249.1 243.9 239.1 235.9 228 224.4 217.2 211.1 207.6 201.5 199.4 199.7 204.4 210.8 215.1 222.2 225.6 226.2 229.7 235.7 240.2 244.9 254.1 262.4 265.3 269.5 274.7 278.6 286 293.5 300.2 304.7 301.4 297.4 303.4 301.5 304.1
570.6 568.4 568.6 551.4 525.5 505 490.7 479.4 467.5 454.8 443.3 434 426.7 413 403 393.4 386.7 382 377.5 373.2 368.8 355.2 343.3 331.1 317.8 306.2 297.6 292.3 287.1 284.4 280.7 275.7 272.2 271 271.4 271 261 252.1 247.7 245.4 248.3 248 244.2 243.7 239.9 234.1 227.6 221.6 217.1 212.1 206.5 200.3 199.1 201.6 205.2 211.6 214.2 222.6 226.4 229.5 239.4 246.5 251.9 260.3 271.5 276.4 272.4 274.5 276.9 281.8 285.1 285.8 289.8 291.8 292.9 300.5 305.6 309
572.9 575.8 578.6 576.9 557.5 527.2 514.1 500.4 488.6 472.9 453.3 442.7 433.3 419.1 411 400.3 394.7 391.5 385.3 381.4 374.7 363.5 351.2 342.5 329.3 317.3 305.8 298.9 295.6 295.5 288.7 287 285.8 287.4 295.7 285.3 279.9 270.2 261.1 254 251.1 249 247.3 246.3 242.8 237.9 233.9 233.9 229.8 226.1 212.6 204.9 199.5 200.7 203.7 206 215.2 225.1 226 234.4 235.2 244.7 251.6 261.2 266.8 268.6 269.7 269.4 269.1 273.4 276.6 274.8 277.2 280.2 285.8 293.4 304 308
578 580.5 582.4 577.2 568.7 552.3 536.1 525.3 511 487.6 466.3 456.7 443 429.4 420.5 413.7 407.6 403.1 397.7 392.6 384.4 376.4 366.3 353.1 340 327.2 316.3 307.8 305 303.8 301 299.7 299.3 305.9 304.9 303.5 295.3 284 274.2 268.5 261.6 259.2 254.1 252 250.2 248.1 248.5 244.5 246.6 236.2 219.6 211.9 202.7 198.4 199.3 204.6 213.2 218.9 222.5 228.4 231.9 236.5 235.9 243.5 252.5 256.2 257.7 259.5 260.7 261.9 263.6 263.4 268.2 275.4 277.6 285.9 296 299
577.1 576.8 575.1 571.5 567.2 558.6 544.2 535.4 517.6 497.7 483.7 468.4 455.7 442.9 432.6 425.4 421.2 415 410.7 407.3 400.2 389.4 378 366.7 355.3 344.7 332.5 323.6 319.8 317.7 315.7 315 319.2 323.5 324 319.5 308.2 298.7 289.8 281 275.1 271.8 267.2 267 261.4 262.2 258.2 260.6 263.2 245.7 231.2 225.9 214.9 202.4 197 198.5 205.7 209.8 215.5 221.3 225.6 223.2 224.9 229 236 236.7 239 242.3 245.9 248.1 249.8 252.4 259.9 266.8 268.7 273.9 275.5 272.4
575.7 572.5 567.2 562.3 560.3 552.7 543.5 536.8 521.9 506.6 495.2 481.3 469.4 458.4 448.3 443.3 435.1 429.9 424.5 415.9 409.3 399.4 392.2 381.6 371.6 364.6 359.4 350 335.9 335.1 334.2 331.8 334.7 339.2 334.7 331.8 322.4 316.9 305.4 292.7 289 286.7 288.9 291.2 278.9 276.2 273.3 272.7 262.4 257.3 246.3 238 224.4 209 199.3 196.7 197.9 201.3 212.2 215.4 215.2 213.5 214.1 216.6 221.7 224.9 226 227.3 231.6 236.5 237.8 243 247.9 252.9 256.3 254.4 250.2 249
574.8 568.8 565.3 564 556.5 547.9 542.4 536.2 527.2 520.9 511.8 503.2 493.5 480.5 468.6 460.7 456.5 447.2 444.6 438.2 426.1 420.7 412.7 400 391.1 385 373.6 366.4 358 357 353.8 353.1 355.2 357.4 350 344.2 339.7 333.7 320.5 310.6 305 307.6 313.5 313.7 292.9 292.5 286.6 292.6 277.7 261 246.4 230.6 230 219.7 209 198.3 196.7 196.8 201.6 207.7 208.2 205.6 205.1 204.4 210.4 216.5 216.3 217.3 222.3 224.6 225.3 230.7 236 236.5 237.4 239.7 235.7 227.1
570.8 567 561.5 562.4 557.5 549.2 542.8 543.3 538 532.1 524.9 517.4 509.7 504.4 499.1 489.2 479.9 472.3 470.3 459.1 451.4 443.2 435.2 422.3 415.5 416.2 405.6 392.3 380.2 378.3 380.2 378.5 373.8 370.5 364 363.8 365.4 353 339.4 323.1 323.8 330.8 334.3 323.9 314.1 299.4 296.3 291.5 273.9 256 238.3 224.3 224.6 214 208.7 201.9 198.6 195.6 201.4 206.2 208.4 206.4 202.7 199.1 202.2 204.8 207.6 208.5 212.4 216.3 217.7 220.3 222.4 221.8 219.6 218.9 217.3 212.2
561.7 558.4 559.4 559.4 552.1 547.6 546.7 544.6 541.5 539.6 535 529.7 521.1 516.9 509.6 505 498.4 491 483.1 478.9 466.4 461.2 456.8 452.2 438.4 433.4 428.7 414.1 399.8 399.9 396.2 393.2 391.9 381.9 374.6 368.9 366.2 356.5 349.4 339.4 340.4 344.1 332.9 326.2 315.9 301 294.4 279.8 261.7 247.1 230.5 218.1 211.3 207.3 204.5 197.8 196.3 194.7 204.5 214.9 207.9 208.8 205.1 197.3 195.5 197.1 199.3 200.2 201.6 206.6 206.1 207.8 214.2 217.5 211.4 206.4 206.4 197.8
554.1 553.3 553.2 553.5 552.8 550.2 549.9 545.1 543.2 542 540.2 532 525.6 518.9 513.2 510 504.7 500.6 494.2 488 484.3 475.4 468.5 464.7 454.1 445.1 438.7 426.1 413.3 413.7 409.7 399.4 397 391.3 381.6 373.4 364.8 357.1 352 348.5 347.1 341.2 326.9 313.9 303.8 288.8 280.1 262.6 251.2 237.4 224.4 213.6 206.4 200.1 195.9 192.9 192.6 193 201.7 208.3 209 199.4 199.7 193.6 190.1 194.1 192 190.1 192.6 195.9 192.9 191.1 196.6 200.4 194 191.6 192.2 184.4
544.6 544.8 547.9 550.6 550.9 552.3 549.2 548 547.6 543.7 539.8 533.1 525.4 519.7 514.6 508.7 505.6 502.4 498.9 494.6 490.1 481.4 471.8 466.7 458.2 446.4 443.8 435.4 420 419.1 417.7 406.3 400.5 391.6 379.2 367.9 357.4 355.9 355 347.1 343 328.5 313.8 300 291.2 277.8 267.3 253.6 240.7 228 215.4 206 199.9 194.9 191 188.5 190 188.3 193.9 200.5 206.6 202.4 195.7 195.1 191.6 186.1 185.6 183.9 183.2 185.3 184.2 180.2 177.7 177.7 172.2 172.6 173.3 166.8
532.4 536.3 543.9 549.3 552.4 547.9 547.1 552.1 544.6 537.4 534.8 533.8 525.6 520.2 513.4 508.3 503.4 500.1 495.5 489.5 485.3 479 472.4 465.3 454.1 445.1 435.7 424.7 419.1 416.9 415.4 408.5 399.4 388.1 377.7 369.6 357.7 350.3 343.5 335 328.5 318.1 308.1 295 282.5 273.2 260.8 246.2 233.4 222.2 209.3 201.3 195.5 191.9 188 186 184.1 176.5 185.6 191.3 202.3 197.9 193.8 189.3 192.4 186 179 175.1 175.9 179.4 176.6 171.2 167 161.7 156.7 153.5 153.2 148.3
520.9 529.2 537.7 545 545.6 542.9 546.7 546.8 539.7 535.4 531.8 528.7 523.9 519.2 512.7 505.7 501.2 495.4 488.7 484.5 479.7 474 468 462 450.8 443 432.8 419.8 408.1 407.6 406.8 400.5 394.8 381.5 369.1 360 350.8 341.3 332.4 323.6 320.9 309.7 294.4 284.4 276.4 267.3 251.2 236.3 228.1 216.2 207.9 202.8 196 187.2 181.5 180.5 177.1 170.5 177.8 180.3 185.5 187.7 184.5 186.1 190.4 185.7 178.7 174.4 172.6 170 168.3 162.6 158 152.1 148 145.6 142.5 139.1
508.4 516.2 528.2 538.8 539 539.3 543.2 541 538 536.3 528.3 521.6 519.6 516.8 510.2 502.3 497.7 487.7 481.5 476.6 470.7 465.1 457.3 451.7 442.8 435.6 426.8 415.1 406 399.1 397.2 390.8 385.1 381.8 371.7 368.6 355.1 343.8 329.7 316.1 308.8 297 288.6 278.3 270.2 256.7 244.8 229.5 222.8 217.9 214.3 206.4 197.8 190.6 183.8 177 173.5 164.9 166.7 168.5 172.3 177.8 182.2 185.2 192 193.2 183.2 180.9 173.3 169.9 162.3 156.3 153.9 149.2 142.3 141.4 140.2 135.5
494.6 500.8 512.6 525.3 527.6 528.7 529.3 528 527.1 522.2 515.2 514.9 511.7 507.2 498.7 492.3 488.1 481.5 472.3 461.5 456.2 450.3 443.4 430.9 424.2 418 415.5 411.8 400.6 393.6 386.1 382.5 378.5 373.1 366.9 357.6 346.8 332.4 320.8 309.6 306.2 295 283.8 275.7 262.9 247.7 236.3 230.2 224.2 223.6 217 210.9 199.2 189.7 183.5 175.9 167.4 163 158.7 159.2 163.7 168.1 174 175.4 185.3 193 198.3 195.2 182.9 171.4 160.4 157.8 160.2 156.6 144.8 138.3 136.1 134.9
475.4 479.8 486.6 503.6 506.6 507.6 512.2 510.6 508.3 498.6 496.8 494.7 494.1 486.7 476.3 467.3 469.3 460.4 450.8 443.6 433.6 424 413.2 407.5 399.4 398.5 399.7 391.9 384.6 375.6 371.8 361.2 355.3 347.7 339.6 332.8 324.9 313 305.5 296.9 291.9 280.3 270.4 260 249.5 240 236.6 235.4 228.2 218.1 209.9 204.9 198.4 192.5 183 175.2 168.6 162.3 158.1 155.4 155.6 157.5 161.9 167.8 176.9 186.9 192.2 189.6 181 168 152.4 147.8 146.4 149.8 136.5 137.6 132.2 134
450.1 458.7 460.6 468.9 473.8 475.5 480.5 484 486.7 478.7 475.7 468.9 463.1 459.1 449.9 437.1 431.7 425.3 415.8 407.3 402.6 391.7 384.8 379.2 375.5 371 368.9 364.2 360 353 351.5 343.4 335.8 327.3 320.4 313.1 307.3 298.3 289.9 282 273.6 268.5 258.3 249.7 243.5 236.7 233.4 226.9 220.3 212.3 206.4 195.2 193.6 187.7 182.3 176.2 169.7 163.9 158.8 155.6 151.1 151.7 156.3 159.3 167.9 171.4 174.3 173 167.1 158.7 150.6 142.2 136.9 133.9 133.3 131.3 131.1 133.4
428.5 433.1 439.2 436.3 436.1 445.2 444.5 447.5 450.5 451.7 452.5 449.5 437.8 429.8 428.2 413.9 404.6 400 390.2 383.6 376.5 369 364.4 361.5 357.7 351.4 346.9 343.8 339.6 336.6 331.8 324.5 317.9 310 301.9 294.3 289 282.6 274.3 266.7 259.8 257.6 251 243 237.9 231.2 223.1 217.7 213.3 207.8 200.5 195.2 192.9 192.8 185.8 180.6 173.1 167 159.8 156.8 151.5 146 147.7 149.9 152.2 155.7 155.3 151.1 146.2 143.1 142.9 137.3 133.7 131.2 131.9 131.7 131.1 131.5
405 408.7 413.3 410.8 409.6 410.8 411.5 416.7 418.9 420.1 423 422.8 408.8 399.1 397.7 389.8 384.8 377.7 368.6 366.4 359.1 353 347.3 342.9 339.1 336.4 331 325.9 324.1 317.6 312.1 307.8 301.7 295.4 286.8 279.4 272.9 268.8 263.5 256.6 251.2 247.5 245.7 240.8 233.8 226 219.3 215.1 208.3 203.9 193.6 191.3 191.1 189.8 187.2 181.2 170.9 165.6 160.7 156.3 148.9 144.7 141.9 142.7 142.2 142.6 143 142.8 140.7 137.9 136.9 136.2 132.1 133.1 133 133.1 131.1 131.9
383.9 382.8 383.3 382.6 381.2 381.6 384.9 384.5 387.2 391.5 390.2 388.3 379.9 376.3 369.1 366.5 360.6 355.3 350 347.5 342.7 338.4 333.4 329.7 323.4 321.5 317 314.2 310.9 304.4 299 292.7 289.1 284.7 276 268.1 261 255.6 251.7 248.7 244.9 239.5 239.4 238.9 230.1 222.4 216.1 211.5 206.2 197.4 189.9 186.2 189.5 184.1 178.3 172.6 167.7 162.1 157.3 152.6 144.3 143.2 141.7 139.7 139.7 139.7 137.7 138.5 137.8 136.4 134.7 133.3 134.8 135.4 135.8 135.3 133.6 133.9
358.5 357.5 356.3 356.5 355.7 356.9 358.8 361 359 358.5 357.3 356 352.5 348.5 345.3 342.1 338.4 335.4 334.5 333.4 331.2 326.3 321.7 317 309.9 307.3 307.4 303.6 297.9 293.3 286.4 281.6 276.6 272.5 263.2 258.7 251.4 244.4 238.4 235.7 235.6 232.2 230.7 234.2 227 215.5 208.6 205.1 199.5 190.9 182.4 179.3 182.9 180 174.9 169.4 160.9 155 150.3 146 141.8 140.8 139.6 138.7 137.3 137.2 133.7 134.4 134.6 135 136.3 137.6 138.9 139.6 139.9 139.6 137.5 138.2
339.6 336.5 334.4 337.1 334.4 334.7 337.9 338.2 337.5 338.1 335 333 333.2 330.2 325.7 322.7 319.1 319.2 319.6 317.5 316.5 312.7 309.8 303.7 298.4 296.8 295 291.5 286.4 279.8 275.3 270 263.1 258.2 252 245.6 240.1 233.6 226.9 222.6 222.7 222.7 219 220 225.3 211.7 202.8 196.1 191.3 184.9 174.7 170.7 168.2 166.8 164.4 158.7 151.4 147.7 145 141.7 139.6 139.1 139 139 139.1 140.1 141.6 140.7 141.3 141 143.7 142.2 142.9 143.6 144 143.2 142.6 143.6
322.1 318.7 316.5 315 314.8 315.8 319.5 319.9 319.5 320.6 319.4 317.5 316.8 313.3 311.5 308.7 305.8 305.1 305.7 305.2 305.3 302.2 298.7 293.7 289.6 288.1 285.6 283.1 278.1 272.4 266.4 260.7 254 246.9 240.6 234.8 228.9 222 215.8 211 209.6 204.9 203.6 202.8 199.4 196.4 191 184.1 179.6 175.6 168.9 165.4 161.6 158 155.3 150.2 145.8 144.1 144.7 140.9 139.2 139.4 140.3 140 140.2 139.3 141.2 142.6 147 150 152.7 156.6 150.5 148 147.5 147 147.4 150.1
307.7 305.3 303.8 302 299.9 298 298.4 301.6 304.5 304.5 302 303.1 302.1 299.9 298.7 296.1 294.2 293 293 292.2 290.9 292.2 289 285 281 279.6 278.3 275.4 270.5 264.3 258.3 252.6 245.5 236.9 229.6 223.5 217 210.2 205 201.2 196.3 191.1 187.7 185.9 182.4 180.1 177.5 174.4 171.9 167.4 163.8 159.8 154.8 150.3 149.6 146.9 145.8 144.4 142.3 140.6 139.6 140 140.7 141.2 142.8 141.5 144.5 145.8 149 155.5 159.5 162.8 161 155.1 151.3 149.5 152.8 156.5
292.5 289.5 287 288 286.1 284 284.3 286.4 288.5 287.3 286.4 284.8 286.4 286.6 286.5 283.8 281.7 282.2 281.3 281.6 282.5 281.6 280.8 276.8 273.5 272.1 270 267.5 262.8 257.2 250.4 245.2 237.9 227.3 220.6 212.4 206.2 201.3 194.8 190.9 186.3 180.1 175.8 174.9 174.1 173.1 170 168.7 164.7 160.3 156.6 152.3 148.7 146.5 146.6 146.5 146.3 145 142.6 141.8 142 141.5 141.8 141.9 144.7 146.7 149.6 150.4 154.6 158.8 163.5 166 166.6 162.2 155.9 153.1 156.3 159.1
272.9 275.8 276.4 272.5 269.4 269.9 271.3 269.3 270.9 271.1 271.3 270.2 273.9 274.7 274 272.5 273 269.7 271.7 271.8 273.8 273.4 272.1 269.8 267.7 264.9 262.3 260.5 256.3 249.2 245.1 238 234.2 227.1 219.3 208.5 199.9 194.5 189.1 184.3 179 173.2 169.6 168.4 169.4 168.3 164 162.2 158.6 154.3 150.7 146.6 145.1 145.1 145.1 145.7 145 144.1 142.5 143.3 143.8 142.9 144.7 150.6 155.1 157.6 156 156.8 160.1 161.5 164.3 166.1 164.8 163.1 160.3 158.7 158.2 159.5
259.7 264.6 262.8 259.6 257.1 260.8 256 253.1 256.8 258.2 256.9 258.1 259 260.7 261 259.4 259.9 260.9 261.1 263 263.9 265 264.8 263.2 262 259.6 257.5 255.3 253 249.3 246.8 241.1 233.7 227 220 210.6 201.9 192.7 184.8 178.9 174.2 167.5 161.9 161.6 165.2 164.4 160 153.4 151.3 149.6 147.5 145.1 145.1 145.1 145.1 145.1 145.6 145.8 145.8 145.1 144.7 147.5 155.1 164.9 169.3 170.5 169.9 167 164.2 167.4 169 168 169 168.4 168.4 164.8 161.6 161.2
244.7 248.5 250.4 246.6 245.1 245.3 243.3 242.1 246.3 245.2 245.3 244.6 245.4 246.9 250.4 249.8 251 251.3 250.8 252.1 253.7 256.7 257.2 257.7 256.4 254.8 252.6 250.3 248.7 248.1 246.2 242.4 235 224 217.1 209.7 201.7 193.1 185.8 178 172.5 166.4 160.8 157 155.1 154.5 154.8 147 145.1 145.6 145.1 145.1 145.1 145.1 145.1 146.7 147.3 147.1 146.5 145.8 151 161.1 172.2 180.8 185.1 184.9 179.9 178.1 172.7 171.3 172 174.7 173.3 175.2 173.3 171.1 167.7 167.2
231.7 231.6 232.2 232.4 233.6 228.2 232.2 226.7 229.7 234.5 234.2 235.2 237.1 237.8 239.9 239.5 243 243.2 243.9 243.2 244.8 246.9 249 249.6 250.7 249.1 247.8 246.9 245.6 245 245.9 240.4 232.2 223.2 214.4 207.7 199.2 191.5 185 178 172.1 165.9 160.4 153.7 151.1 148.8 148.5 145.1 145.6 145.1 145.1 145.4 145.2 145.1 145.1 145.1 145.5 147.4 151 154.7 162.3 174.1 184.4 188.7 191.1 194.1 193 190.6 185.1 178.3 180.6 176.9 174.2 175.3 174.2 172.3 169.4 168.4
218.6 217.1 217.9 219.1 215.6 214.9 218.9 216.1 217.8 219.5 225.6 226 228.3 228.1 229.5 230.7 231.5 236 236.6 234.4 236.7 239 240.8 241.5 244.4 243.6 241.4 240.7 241.1 240.6 240.7 237.3 232.9 219.7 209.8 203.3 194.2 186.8 181.4 175.6 170.2 165.3 159.9 159 150.2 147.3 146.4 145.1 145.1 145.2 145.9 145.9 145.1 145.1 145.1 145.1 148 152.4 157.7 166.3 176.6 187.5 196.7 195.9 194.4 199.9 200.7 198.6 193.2 186.5 184 180.1 176.8 176.1 175 172.7 170.3 169.9
208.2 209.8 206.4 205.8 206 206.3 206 205.9 205.1 208.7 212.3 214.2 216.7 217.8 219.8 222 224.3 225.3 226.7 223.8 231 232.7 232.4 233.5 234.1 235.6 233.8 235.1 237.1 234.7 234.8 231.8 226.3 215.2 206.9 200.1 192.7 184.7 179.4 174.6 169.2 162.9 157.3 153.3 151.4 146.6 145.3 146.2 145.1 146 146 145.3 145.3 145.1 146.4 151.8 157.6 164 170.2 175.1 187 192.4 200.2 204.1 205.8 207.2 205.3 200.6 196.8 191.7 184.8 179.6 178.3 176.3 174.6 172.5 174.6 175.6
194.6 198.9 196.6 193.8 194.4 196.6 198.3 196.4 195.9 196 199.8 202.2 205 205.6 212.5 214.1 214.3 214.5 214.2 212.9 222.5 222.2 222 225 225.2 227.9 225.9 225.4 225.7 227.1 226 226.3 221.3 209 201.8 197.7 189.4 181.8 177.8 171.6 166.7 161.8 156.2 149.3 147.8 146.7 145.1 145.1 145.2 145.7 145.7 145.4 145.1 148.5 154.2 161.5 168.8 176.8 184.4 187.7 194.7 202.3 206.1 204.4 205.9 205.5 204.1 200 196.6 191.1 185.4 180.8 178.6 176.9 178.6 181.3 185.8 189.5
