Assets/StreamingAssets/GeoData/Data/nn/NN12.asc
ncols 200
nrows 200
xllcorner 210000
yllcorner 720000
cellsize 50
[rows 108 to 143 of 200, columns 0 to 80 of 200]
42.3 45.3 44.9 41.7 37.6 37.1 32.7 32.7 32.7 32.7 32.7 32.7 32.7 32.7 32.7 32.7 32.7 32.7 32.7 32.7 32.7 32.7 32.7 32.7 32.7 32.7 32.7 32.7 37.1 37.7 38.1 38.9 41.1 43.8 47.8 52.1 53.2 53.2 52.7 54.9 57.9 63.6 68.8 74.6 77.8 77.3 77.4 79.6 86.8 87.9 86.3 85.7 86.9 89.1 90.4 90.6 93.3 95.2 95.7 95.3 90.8 86.8 87.3 88.9 93.1 97.6 94.4 89.5 85.7 79.9 82 70.6 77.5 87.5 94.7 95.6 93.8 91.5 90.4 89.2 89.5
48.3 49.8 47.7 43.6 39.6 36.6 32.7 32.7 32.7 32.7 32.7 32.7 32.7 32.7 32.7 32.7 32.7 32.7 32.7 32.7 32.7 32.7 32.7 32.7 32.7 32.7 32.7 37.2 38.3 39.1 39.7 42.9 47.7 53.5 61.1 60.9 61.1 57.7 57.2 59.9 66.7 64 64 70.5 75.3 77.5 80.6 90.2 94.4 91.7 89.9 91 92.3 94.8 96.5 96 95.5 97.5 98.3 97.1 92.7 93.9 95.4 99.5 104 109.3 106.1 99.6 95.8 91.6 88.7 79 87.4 78.5 87.4 93 90.1 88.5 88.1 91.1 99
46.2 46.3 46.1 41.5 37.4 32.7 32.7 32.7 32.7 32.7 32.7 32.7 32.7 32.7 32.7 32.7 32.7 32.7 32.7 32.7 32.7 32.7 32.7 32.7 32.7 32.7 34.1 37.3 39.1 41 43.3 49.7 51.1 52.4 54.3 55.4 56.9 58.5 59.2 60.4 65.1 66.4 69.2 69.3 74.5 80.6 85.2 86.7 87.5 88.6 92.3 95.7 100.6 101.4 101.7 101.7 104.2 102.7 103.3 100.3 98.9 101.5 107 114.4 118.1 119.3 116.8 107.8 102.7 97.6 93.7 90.2 94.6 95.2 90.9 88.4 87.9 90 93.9 98.1 102.5
37.6 38.1 40.1 37.6 32.7 32.7 32.7 32.7 32.7 32.7 32.7 32.7 32.7 32.7 32.7 32.7 32.7 32.7 32.7 32.7 32.7 32.7 32.7 32.7 32.7 32.7 36.7 39.5 40.2 42.4 44.5 46.5 47.9 48.6 50.3 51.5 53.8 56.9 59.9 63.5 66 69.1 73 78 79.3 78.7 80.6 82.1 85.6 89.1 92.8 97.9 107.2 108.6 109.6 110.7 107.2 112.8 110.3 111.7 112.3 112.5 118.5 121 123 122.2 121.3 115.7 110.5 105.3 103.8 101.4 96.9 98.8 99.1 98.6 94.9 101.4 106.3 103.4 104.6
32.7 32.7 32.7 32.7 32.7 32.7 32.7 32.7 32.7 32.7 32.7 32.7 32.7 32.7 32.7 32.7 32.7 32.7 32.7 32.7 32.7 32.7 32.7 37.5 38.8 39.2 41.2 42.4 43.4 44.3 42.9 43.7 44.4 46.4 48.3 52.1 55.4 58.7 62.1 67.8 71.5 72.5 76.1 78.7 80.2 81 81.4 83.4 87.3 91.3 96.2 105.7 115.9 121 123.5 121.5 119.8 117.5 116.1 116.6 119.6 123.6 124.7 125.5 126 125.4 124.3 120.6 116.4 112.3 109 103.7 106.1 104.7 110.6 105.5 100.4 105.4 106.1 107.6 108.9
32.7 32.7 32.7 32.7 32.7 32.7 32.7 32.7 32.7 32.7 32.7 32.7 32.7 32.7 32.7 32.7 32.7 32.7 32.7 32.7 32.7 32.7 38.4 40.5 41.4 42 43.9 48.7 52.5 47.7 44.7 46.5 49.1 51.2 53.7 56.3 59.4 62.2 65.3 69 73.4 77.1 78.9 81.3 83.4 85.7 87 88 92.3 97.3 101.8 104.9 112.7 124.2 128.8 131.4 133.4 125.6 124.2 123.5 122.2 124.9 127.4 131.7 129.5 130.1 129.2 125.5 121.4 117.7 113.3 107.9 109.7 110.9 108.1 106 107 105.9 107.9 109.4 114.5
32.7 32.7 32.7 32.7 32.7 32.7 32.7 32.7 32.7 32.7 32.7 32.7 32.7 32.7 32.7 32.7 32.7 32.7 32.7 32.7 32.7 36.3 39.4 40.8 41.3 43.5 46 47.4 48.5 46.9 47.4 51.5 55.1 59.4 62.8 65.4 67.9 76.8 71.6 73.1 78.3 81.4 82.7 83.9 85.9 90.3 91.8 97.2 100.3 104 107.2 112.6 111 117.2 121.4 127.5 133.1 130.8 126 123.7 126.8 129.3 135.4 148.8 154 139.7 136.7 133.1 130.3 123.9 118.1 121.6 116.6 114.1 110.2 108.7 109.1 109.4 110.2 116.6 121.5
32.7 32.7 32.7 32.7 32.7 32.7 32.7 32.7 32.7 32.7 32.7 32.7 32.7 32.7 32.7 32.7 32.7 32.7 32.7 32.7 32.7 37 39 40.4 41.4 42.8 45.4 46.9 50 51.7 55.8 60.4 66.4 69.8 72.8 73.8 73.7 78.7 80 79.2 79.2 81.2 83.1 84.3 85.5 88.4 92.8 100.6 104.2 106.5 108 109.3 112.6 113.9 116.8 122.7 126.2 128.9 120.8 126.8 134.6 137.2 140.1 147.6 156.2 152.2 142.5 140.9 138.7 133.5 123.8 123.9 124.4 117.4 114 118.1 115.6 117.7 117.8 120.2 125.1
32.7 32.7 32.7 32.7 32.7 32.7 32.7 32.7 32.7 32.7 32.7 32.7 32.7 32.7 32.7 32.7 32.7 32.7 32.7 32.7 32.7 37 38.7 40.4 41.6 42.8 46.9 51.1 57.5 62.8 67 72.6 74.8 77 80.8 80.3 80.5 81.7 82.6 86.7 84.5 83 83 84.2 88.2 93 95.9 100.4 103.6 105.8 107.3 108.2 111 113.5 115.4 115.8 117.6 118.2 120.5 130 138.2 143.8 146 151.1 152.3 157.9 150.8 147.5 143.1 140.6 138.5 133.7 127.5 127.8 123.5 126.6 126 124.7 125.5 124.2 129.9
32.7 32.7 32.7 32.7 32.7 32.7 32.7 32.7 32.7 32.7 32.7 32.7 32.7 32.7 32.7 32.7 32.7 32.7 32.7 32.7 32.7 34.1 38.4 40.2 42.8 48.1 55.4 61 68.7 73.8 76.6 79.7 82 81.3 84.1 85.6 89.2 87.2 86.4 87.5 89.8 88.1 86.3 90.4 88.8 94.4 96.5 98.5 101.7 104.8 106.5 107.6 107.6 109.9 110.2 111.7 114 118.3 125.5 133.1 141.5 143.2 147.8 156 154.5 161.3 163.9 158.4 155.7 150.4 144.6 146.4 144.6 143.5 138.2 131.4 133.2 133 132.5 131.3 134.1
32.7 32.7 32.7 32.7 32.7 32.7 32.7 32.7 32.7 32.7 32.7 32.7 32.7 32.7 32.7 32.7 32.7 32.7 32.7 32.7 32.7 32.7 39.5 45 53.1 65.5 74 74.4 77.5 79.4 82.7 83.4 85.3 86.1 88.3 89.3 89.8 92.3 91 90.6 91.9 94.8 93.7 96.7 99.1 95.9 94.7 96.7 99.8 102.7 104.9 106.1 106.2 106.8 112.1 116.9 117.2 120.6 134.6 143 140.3 145.4 148.7 159.4 157.2 160.9 162.4 160.4 158.4 152.9 151.8 151.8 158 165.2 158.2 146.4 138.1 136.9 141.9 139.6 143
32.7 32.7 32.7 32.7 32.7 32.7 32.7 32.7 32.7 32.7 32.7 32.7 32.7 32.7 32.7 32.7 32.7 32.7 32.7 32.7 32.7 34.1 43.7 55.5 70.3 78.5 82.6 86.8 91.6 90.1 90.2 91.2 92.7 93.6 91.7 93.4 102.5 102.7 98 96 97.4 100.4 101.5 100 99.2 100.9 98.9 101.4 98.1 100.9 101.8 102.9 105.5 110.8 117.4 120.2 121.9 126 131.5 136.2 142.8 146.4 152.6 158.2 156.4 158.4 159.6 160.8 160.3 156.8 162 164.1 164.3 170.3 168.8 162.9 156.7 149.4 150.1 148.4 151.5
32.7 32.7 32.7 32.7 32.7 32.7 32.7 32.7 32.7 32.7 32.7 32.7 32.7 32.7 32.7 32.7 32.7 32.7 32.7 32.7 33.5 40.6 52.4 65.5 72.6 79.6 84.8 88.2 95.6 97.2 98.9 107.4 100.8 97 96.1 104.7 113.5 114.2 109.3 106.9 106.6 105.9 104.1 103 101.3 99.8 101.6 97.7 96.8 98.1 100.6 104 108.8 113.7 118.5 121.9 123.1 125.6 130.3 137.1 141.4 144.6 148 151.9 155.7 157.9 159.5 161.3 161.5 160.5 163.2 164.3 166.8 170.5 175 177.2 170.7 163.9 159.7 157.6 157.1
32.7 32.7 32.7 32.7 32.7 32.7 32.7 32.7 32.7 32.7 32.7 32.7 32.7 32.7 32.7 32.7 32.7 32.7 32.7 32.7 37 44.7 54 64.8 71.5 76 82.1 87.9 90.8 95 105.2 105.1 102.5 101 101.6 113.3 114.6 120.6 118.9 113.3 112.6 110.9 108 106.2 103.5 100.8 98.9 98.7 98.7 99.9 101.9 106.3 111 116.2 122.4 121.4 125.1 129.7 132.1 137.3 144.2 143.7 148.5 151.5 155.3 157.3 159.5 161.9 162.5 161.7 163.5 167.2 170.2 173 176.7 180.8 179.2 175.4 166.8 165.7 164.7
32.7 32.7 32.7 32.7 32.7 32.7 32.7 32.7 32.7 32.7 32.7 32.7 32.7 32.7 32.7 32.7 32.7 32.7 32.7 32.7 32.7 42.1 52 61.3 67.5 72.4 79.3 88.3 91.4 92.6 96.9 100.8 101.8 106.1 107 119.3 118.3 121 124.1 119.2 117.4 115.7 112.8 109.2 105.4 102.5 99.7 105.1 102 104.6 102.8 109.2 114.2 116.3 119.9 122.7 127.5 132.1 136.9 143.2 145.4 145.8 149.5 152 155.6 159.3 161.1 162.5 164.8 165.4 165.1 169.2 172.5 175 179.3 185.7 187 184.7 176.7 173.8 172.3
32.7 32.7 32.7 32.7 32.7 32.7 32.7 32.7 32.7 32.7 32.7 32.7 32.7 32.7 32.7 32.7 32.7 32.7 32.7 32.7 32.7 32.7 46.2 55.2 65 69.9 80 85.1 87.8 87.4 91.2 96.1 100.2 107.2 108 111.8 120.4 121 124.9 125.2 122.1 119.4 116.4 112.4 108.6 104.8 102 102.9 103.3 110.4 104.7 108.1 116.2 120.2 120 124.3 129.4 134.2 139.2 142.9 145.6 147.8 150.4 151.1 152.5 154.7 156.5 162.8 168.2 169.1 166.9 169 172 176.4 182.9 189 193.1 194.9 187.1 182.7 180.7
32.7 32.7 32.7 32.7 32.7 32.7 32.7 32.7 32.7 32.7 32.7 37.6 38.2 38.4 40 39.1 37.3 32.7 33.5 32.7 32.7 32.7 37.4 50.2 59.9 67.7 73.8 78.9 85.3 86.4 90.1 97.8 98.2 101.5 105.7 112 119.4 121.3 125.3 127.6 124.8 122.3 118 113.4 109.6 107 103.4 106.7 99.9 109 106.9 108.1 115.4 120.3 120.2 125.7 130.8 133.6 137.4 141.1 144.7 149 150.8 151.7 150.5 153.9 158.5 163.8 170.1 176.9 176.7 174.7 175.1 180.5 187.3 192.1 197 201.2 196.2 194.1 190
32.7 32.7 32.7 32.7 32.7 32.7 32.7 32.7 32.7 37 40.5 44.2 44.2 44.6 43.5 40.9 38.4 38.5 32.7 37.7 32.7 32.7 32.7 45.7 54.6 62.8 68.5 75.6 82.8 86.1 91 98.2 93.6 93.8 101 108.3 116.4 121.2 127.8 130.7 126.1 122.7 118.5 114.3 109.1 105.8 106.5 107.2 103.4 107.6 108.2 109.7 112.9 116.9 122.7 126.7 130.9 135.8 138.8 141.2 144.8 147.1 147.7 149.8 152 156.2 160.2 167.1 176 181.2 188.9 187 181.2 182.4 189.4 195.3 199.8 203.9 203.8 202.7 197.3
32.7 32.7 32.7 32.7 32.7 32.7 32.7 32.7 32.7 37.7 42.4 44 45.5 46.3 43.4 40.8 38.3 39.2 38.7 36.8 37.1 32.7 32.7 42.2 51.6 58.6 65.8 72.5 80 84.7 92.2 90.1 87.1 88.1 97.3 109.6 113.1 119.5 127.3 130.4 126.2 122.5 118.8 114.6 111.7 107.1 106.4 104.5 101 104.5 111.2 112.7 114.4 116.4 123.1 128 133.1 137.1 139.3 142.1 142.9 144.3 148.4 153.6 154.2 159.3 162.7 170.8 179.4 189.9 198.1 202.7 197.7 190.1 192 197.8 202.1 205.6 206.6 209.6 203.1
32.7 32.7 32.7 32.7 32.7 32.7 32.7 32.7 32.7 37 40.9 43.8 45.4 46.8 43.5 40.7 38.2 36.1 35.8 37.6 37.4 36.8 40 41.4 48.1 55.3 63.9 68.7 77 82.1 86.5 81.5 81.1 84.3 93.9 105.1 110.5 118.4 127.4 130.9 125.7 121.6 118.6 116 114.4 108.1 106 104.5 103.6 101.7 104.1 116.4 120.7 119.2 122.6 129.2 134.4 134.8 135.8 138.7 141.4 146.3 152 155.9 160 164.9 174.3 182.5 187.5 198.9 202.7 207.2 205.3 202.3 197 200.8 204.5 207.5 209.3 211.3 211
32.7 32.7 32.7 32.7 32.7 32.7 32.7 32.7 32.7 36.9 39.1 43.9 44.9 46.5 43.2 36 37.2 32.7 32.9 37.4 36.9 36.8 39.3 41.7 46.5 52.3 60.6 67.4 73.2 81 77 70.9 73.2 81.4 90.4 102.1 107.8 118.3 119.6 125.2 123.2 120.6 119.2 117.3 112.5 112.6 110.8 108.8 107 104.3 102.5 114.2 121.6 121.6 123.8 126 131.7 135.6 137.6 137 143.5 150.2 156.1 162 167.3 174.6 183.2 189.8 193.2 201 207.5 211.9 210.1 205.4 208.9 209.3 207.6 211.9 214.6 211.5 213.4
32.7 32.7 32.7 32.7 32.7 32.7 32.7 32.7 32.7 32.7 40.2 41.4 39.1 43.5 41.1 32.7 32.7 32.7 32.8 37.1 37.1 37.4 39.5 41.9 46.6 51.9 59.1 62.5 65.4 63.7 64.5 64 69.8 75.8 86.2 98.4 104.7 114.7 116.6 118.6 123.1 121.3 120.3 116.2 116.4 123.2 120.1 114.3 108 104.1 103.7 114 112.4 116.8 123.3 132 139.5 145.5 153.4 150 145.9 153.8 160.1 166 173.8 181.2 189.6 196.8 200.2 206.2 212.3 217.7 209.1 209.4 215 219.1 217.3 213.7 219.4 218.1 216.6
32.7 32.7 32.7 32.7 32.7 32.7 32.7 32.7 32.7 32.7 32.7 35.2 32.7 32.7 32.7 32.7 32.7 32.7 32.7 37 36.9 37.5 39.3 41.1 44.2 52.9 51.3 55.6 58.5 60.2 61.7 62.5 64.8 67.4 78.6 86.1 98 109.6 114.9 113.4 124.4 121.5 121.3 125 139 141.5 127.6 115.8 108.2 105.3 104.6 111 112.6 122.1 130 139 148.8 156.7 159.3 159.9 152.8 157 164.3 170.3 177.7 185.1 192.5 199.3 204.9 211.8 213.3 215.3 211.2 211.5 218.4 223 226.3 228.8 229.9 230.5 223.5
32.7 32.7 32.7 32.7 32.7 32.7 32.7 32.7 32.7 32.7 32.7 32.7 32.7 32.7 32.7 32.7 32.7 32.7 32.7 37 36.4 37.2 39.2 41.6 40.9 44.3 46.9 53.8 60.8 68.2 76.4 75.8 69.9 67.2 74.3 83.1 96.3 103.1 107.3 112.3 119.6 121.6 127.8 140 145.1 136.2 124.8 115.6 109.5 106.7 105.7 108.8 117.3 128.8 141.2 147.7 154.9 161.3 162.2 163.3 159.3 160.3 167.5 174.1 181 188.1 194.2 200 204.7 208.6 212.8 214.1 213.6 217.1 222.9 225.7 228.7 230.9 232.2 236 233.3
32.7 32.7 32.7 32.7 32.7 32.7 32.7 32.7 32.7 32.7 32.7 32.7 32.7 32.7 32.7 32.7 32.7 32.7 32.7 36.5 37.5 39.9 40.1 42.2 45.5 51.1 57.6 62 68.6 77.6 82.7 76.6 71.7 66.8 73.8 83.9 95.7 99.6 101.6 111.5 117.7 122.9 131.5 138.7 144.9 135.9 126.2 115.3 111.9 109.1 108.5 114.8 127.9 143 147.1 151.4 155.4 162 166.9 163.9 164.7 164.9 171.2 177.5 183.9 190.3 195.9 199.7 202.8 207 212.1 214.9 218.3 222.4 225.4 228.5 231.5 234 235.8 242.1 241.9
32.7 32.7 32.7 32.7 32.7 32.7 32.7 32.7 32.7 32.7 32.7 32.7 32.7 36.1 37.9 38.8 39.1 36.3 40.8 43.9 46 44.8 43.2 44.5 50.8 60.8 64.2 70.9 75.5 80.7 86.8 79 71 68.1 72.2 82.7 92.9 95.9 100.9 109.8 116.7 121.8 131.7 137.7 138.5 129.2 123.4 120.7 117.4 118.1 113.7 123.1 130.1 141 147.2 153.2 159.9 166.4 169.4 165.1 168.1 163.7 174.1 180 186.6 192.7 197.2 200.4 204.7 209.4 221.1 228.4 223.3 226.2 228.9 231.3 234.2 237 238.9 245.4 254.1
32.7 32.7 32.7 32.7 32.7 32.7 32.7 32.7 32.7 36.4 38.7 41.9 43.9 45.6 46.2 46.4 46.7 49.1 54 54.4 51.6 49.7 50.7 50.6 57.7 67.7 69.1 72.6 77.6 82.4 83.5 79.7 81.9 70.1 74.4 85.4 88.6 86.6 99.2 108 114.7 121.8 128.4 132.7 130 129.3 128.8 129.1 123.1 115.2 118.9 125.5 134.4 144.3 151.7 157.8 165.1 169.8 168.2 167.5 171 174.7 171 178.7 187.1 192.6 198.1 202.8 207.1 212.7 223.5 228.9 230 232.2 229.2 232.5 236.3 239.5 242.3 251 260
32.7 32.7 32.7 32.7 32.7 32.7 32.7 38.5 41.2 45.5 48.7 52.4 54.3 54 52.7 52.4 57 62.5 66.4 63.5 61 55.4 57.1 55.4 59.7 67.5 70.7 73.9 80.9 86.3 87.6 83.5 83.1 71.2 76 85.5 81.1 86.2 99 107.7 112.2 120.8 126.6 129.3 131.7 135.5 134.9 129.6 120.6 119.5 127.9 131.7 139.4 148.1 156.2 163.2 170.3 176 175.2 176.6 184.5 183.7 184.2 181.4 187.4 193.6 198.5 204.6 209.7 216.2 225.7 231.2 233.4 231.3 231.8 236 243 244.6 246.7 251.9 260.4
32.7 32.7 32.7 32.7 35 38.4 40.1 43.3 46.8 50.6 55.6 60.8 59.6 58.4 58 63.6 71.8 77.2 78 75.3 71.7 62.9 58.9 63.7 64.3 65.6 71.5 79.3 88.6 94.1 96.3 89.2 79.4 75.5 72.4 78.4 78.6 86.2 99.4 107.4 113.4 120.4 127.9 135.4 133.4 133.6 131.9 129.1 120.9 126.7 134.5 137.5 144.3 153.6 162.8 171.4 178.5 183.2 183 192.2 199.5 195.2 192.5 194.8 187.3 191.9 197.7 204.2 212.9 219.7 227.2 233.4 232.2 232 234.9 243.1 252.1 256.1 259.6 262 256.6
32.7 32.7 32.7 37.7 40.5 41.8 44.8 48.2 51.3 55 60 63.6 65.7 63.9 71.2 79.7 87 91.3 90.8 88.1 82.2 75.9 68.6 65.8 67.1 71.5 76 86.9 93.9 98.7 100.7 98.4 90.6 87.1 85 78 81.6 91.8 105.9 110.2 117.5 122.1 130.9 136.3 134.9 134.7 134.3 131.1 127 130.8 139 144.8 150.6 160.3 169.9 183.4 186.2 190.2 196.4 208.1 209.4 204.6 198.8 200.1 194.5 191.1 196.9 205.4 213.6 219.1 223.7 228.3 230.5 234.6 238.7 248 259.1 264.8 270.1 268.7 264.2
37.2 37.4 38.2 40 42 44.7 48.8 53.4 56.2 58.8 63.2 68.6 71.6 72.9 85.2 94 101.1 101.5 101 103.2 99.2 84.7 76 68.8 71.5 72.9 80.7 91.8 98.9 104.9 110.5 112.6 100.4 92.1 86 87.1 90 91.2 105.5 118.9 120.8 124.4 131.8 136.8 142.4 140.1 135.2 133.2 134.4 143.5 150.8 157.4 160.4 168.7 180.6 190.4 195.2 202.2 211.9 214.6 216.2 210.5 204.7 201.5 198.3 195.6 200.9 208.4 216.1 219.1 223.4 228.4 232.9 239.2 244.9 255.8 266 270.5 273.7 273.2 264.6
36.5 36.8 37.5 40.5 43.6 49.1 54.6 60 63.3 66 71 78.3 82.3 86.5 100.3 111.1 109.5 110.5 112.6 112.7 107.6 90.2 79.3 71.1 72.8 76.1 86.8 100.6 107.1 113.7 116.9 119.1 104.9 94.3 91.5 101.1 111.5 102.8 108 117.3 123.9 128.3 133.3 142.9 142.1 136.1 134.9 138.1 145.4 155 163.3 164.6 168.5 175.7 183.4 191.6 200.9 207.1 211.9 211.6 210.9 208.2 206 204.1 198.1 198.7 204.3 210.8 217 222.9 227.4 231.6 236 246.9 257 266.2 271.6 275.7 275.7 269.5 265.4
36.6 37.1 38 41.1 49.4 56.4 63.2 70 73.4 75.7 81.8 90.9 93.5 100.1 111.4 116.5 114.9 112.2 113.4 113.4 107.3 91.7 78.9 77.1 81.3 88.7 94.3 106.6 112.2 117.8 119.8 117.4 105.2 101.6 102.6 114 119.7 112.9 106.1 116.5 123.2 133.6 134.4 134.8 132.1 131.6 136.5 145.3 154.6 160.1 166.9 168 173 178.1 186.4 194.8 201.8 207 209.3 210.9 209.8 209.2 207.5 205.5 200 202.7 210.8 215.7 222 228.1 232.9 236.7 246.7 255.5 261.3 268.2 278 279.6 272.7 263.6 270.2
37.4 38.5 41 49.3 57.4 65.1 72 79 82.7 84.3 90.2 100.2 101.3 110 116.3 126.6 119.9 115.9 115 113.9 109.9 93.8 91 94.2 97.6 97.3 101.2 108.7 114.6 117.1 118.2 113.5 106.3 108.7 111.9 113.4 115.9 115.1 113.4 114 118.4 126.3 127.4 125.4 128.4 133.6 143.4 153.2 158.6 162.3 165.2 169.2 175.6 178.7 185.4 192.5 198.6 205.5 210.8 210.8 211.1 211.6 211.2 209.3 202.8 213 222.3 222.6 226.7 232 238.5 243 250.7 259 264.1 269.3 275.3 271.6 263.4 271.2 277
38.3 40.5 48 57.6 65.3 73.1 80.3 85.3 88.2 94 96.6 104.3 106.4 115.6 123.5 129.8 122.6 122.4 115.7 112.2 106.3 99.2 101.4 107.7 109.7 103.2 102.4 110.2 114.1 118.5 114.6 109.8 116.3 116.6 120.7 115.2 115 117.7 120 120.2 120.1 121.1 124 127.9 132.9 138.9 148.4 155.1 159.3 159.4 161.8 164.3 170.5 178.1 186.6 198.1 200.8 204.6 204.5 210 214.2 213.1 214.4 205.2 208.4 215.9 220.6 222.9 228.7 234.5 239.4 243.2 249.9 258.2 261.2 261.7 263.3 263.2 269 277.2 283.8
42.3 46.9 56.5 65.7 73.1 80.1 85.4 89.8 93.1 99.9 104.8 107.6 112.7 118.1 130 128.9 124.8 123.2 116.3 109.6 106 105.2 109.1 113.1 113.9 110.5 109.8 111.9 114.9 119.6 117.6 123.8 131.9 136.1 136.6 128.6 119.4 118.2 121.5 122.7 126.5 125.2 127.9 133 138.1 144.2 152.7 160.4 166.3 171.6 175.9 177.5 169.5 178.9 181.7 191.4 197.9 202 203.8 209.3 209.6 210.1 212.2 206.8 210.8 215.2 218.9 224.6 230.8 237.1 240.5 243.8 248.1 251.4 254.6 261 264.5 269.9 273.9 278.8 284.4
