Assets/StreamingAssets/GeoData/Data/nn/NN16.asc
ncols 200
nrows 200
xllcorner 210000
yllcorner 760000
cellsize 50
[rows 70 to 104 of 200, columns 78 to 155 of 200]
564.1 594.8 614 638 659.5 680.3 699.4 722.7 743.6 758.3 762.9 728.7 694.7 652.3 622.5 590 568 560.5 547.4 498.7 445.8 418.8 399 383.8 371.3 389.6 390.1 414.5 445 494.7 529.7 578.8 619.7 644.4 674.6 700.1 717.3 735.8 756.2 771.4 777 783 793.4 809 818.7 835.4 864.9 888.5 913 954.9 992.6 978.2 970.9 967.1 957.4 931.3 902.7 880.7 833.8 800 770.7 749.9 729.7 707 686.6 666.3 645.9 624.8 608.5 590.4 576.5 565.5 552 543 530.9 514.4 505.8 505.7
562.5 594.6 616.4 641.3 663.1 687.5 717 738.7 754.1 762.7 771.8 759.3 716.1 685.8 649.7 628.4 605.4 576.7 544.3 505 490.4 461.8 431 411.9 381.6 391.4 413.6 437.9 481.1 509.1 541.4 574.4 596.9 629.7 664.6 689.9 709.6 728.3 743.8 750.2 756.8 756.9 760.6 776 790.8 816.6 834.4 861.5 903.3 952.4 958.9 939 932.6 926.7 927.5 904.2 877.3 865 829.9 797.3 773 745.7 720.7 698.1 673.4 650.9 626.8 612.8 596.7 582.4 571.2 559.6 546.8 535 521.2 511.2 508.1 506.9
560.8 594 620.4 642.7 667 703.1 722 739.9 750.1 757 771.5 777.6 752.5 700.3 698.6 681.3 625.2 581.3 555.8 546.6 509.7 482.4 454.3 425 409.1 392.7 422.5 455.8 478.7 499.2 521.8 547.6 579 613.9 643.9 673.6 698.2 715.1 725.8 730.5 729.5 736.4 745.6 757.1 767.9 786.5 816 853.9 895 964.7 927.3 908 898.3 894.7 900 883.2 853.6 838.1 813.8 791 770.3 740.2 714.1 686.7 661.4 638.3 617.7 601 589.3 572.7 559.6 551 541.8 529.6 516.2 509.2 508.5 508.6
561.8 593.1 624.6 639.3 665.1 708.6 721.6 734.1 744.4 758.5 775.1 779.2 776.5 768.5 725.7 666.5 626.8 595.4 571.7 562.7 530.9 507.2 472.5 454.3 433.7 404.4 416.1 442.4 465.2 480.6 506.1 528 555.9 584.7 616 653.4 684.9 699.2 702.5 703.8 710.9 721.6 733 743 754.6 776.5 807.9 850.2 915.9 955.3 903.9 882.2 875.8 875.1 881.8 862.7 836.5 812.6 793.5 777.3 759.1 732.6 700.3 673.7 648.8 628.1 613.4 597.2 580.2 565.7 551 541.8 534.2 522.8 512.6 509.8 510.7 516.4
583.6 624.5 636.7 639.6 666.4 694 708.1 721.7 740 758.1 775.5 781.5 793.5 763.1 717.8 671.7 641.8 614.1 591.6 575.4 553 536.2 508.8 484.8 467.5 429.1 407.2 427.4 447.5 468.7 489.5 509.7 536.2 570 601.3 641 672.7 674.1 680.6 686.7 696.9 707.3 718.3 733.3 748.5 772.8 810.1 853 898.8 935.9 888.4 862.6 853.3 859.5 854.4 836 816.1 798.4 784.3 765.6 735.3 715.9 690.1 664.5 639.6 624.6 606.5 590.3 574 560.5 547.1 535.4 526.1 518.9 513.7 512.9 520.6 524.9
619.7 628.2 647.5 643.5 647.7 665.9 689.2 708 733 755.8 766.6 776.2 803.5 783.1 745.5 692.8 661.6 638.8 620.1 605.4 589.3 566.3 557 524.4 484.7 449.9 434 411.3 423.2 459.4 475.5 499.9 525.9 557.1 592.3 634.4 647.4 658.1 666.2 669.8 683.9 694.9 708.6 724.1 743.5 766.9 811.9 871.4 899.3 931.2 875.8 845.2 837.4 837.7 836.8 819.1 805.2 789 774.1 751.4 726.1 697.7 674.1 654.6 632.7 614.7 598.5 581.3 566.9 556.3 543.3 531.3 522.4 517.3 514.6 517.7 527.3 534.2
622.4 628.8 645.5 643.6 641.2 646.7 674.7 696.8 720 745.7 767.9 785.3 797.1 807.5 767.7 719.7 711.3 683.1 668.4 648.3 619.3 584.4 551.7 531.7 509.7 493.8 469.7 457 452.3 442.2 466.1 490 515.5 544.5 576.3 605.4 629 640.7 646.5 657.3 669.6 684 699.6 717.9 744.8 778.8 815.9 870.7 933.8 936.5 881.1 844.1 823.4 820.3 819.5 800.7 787.3 772.1 752.2 728.9 708 686.1 665 642.6 625.5 607.1 592.3 575.9 563.5 552 541.5 531.7 524.1 517.2 521.2 529.9 540.4 547.6
637.9 641.8 649.1 644.7 644.6 644.7 663.9 689.7 717.2 737.9 763.6 781.4 801.2 815.9 785.1 763.7 756.3 727.6 733.2 691.4 647.1 597.9 563.5 550.7 546.7 537.6 516.6 506.5 475.7 467.4 478.7 500.7 525.9 544.3 575.4 601.4 611.5 625.3 633.8 641 656.9 680.6 701.2 722.2 751.8 785.9 828.5 875.6 939.8 940.6 884.1 839.6 813.6 803.7 791.3 783.2 769.6 751.5 729.6 711.7 694.5 671.5 655 634.5 615.6 600.1 585.6 572.7 560.1 548.7 537.2 527.9 521.9 523 531.4 542.6 552.1 561.6
667.3 665.1 655.1 651.8 654.6 662.4 671.1 696.6 717.5 735 757.2 775.4 808 839.4 827.8 818.2 803 772.6 744.9 694.8 649.6 621.4 579.2 555.1 551.8 552.2 544.4 535.2 507.7 478.1 483.9 500.4 522.1 548.7 574.6 587.8 601.7 627.2 641.2 652.8 676.2 700.2 715.1 736.2 764.9 811.6 864.2 900.9 947.5 945.7 884.3 839.1 807.5 783.8 771.7 760.8 749.1 731.6 714.1 695.6 679.7 658.6 642.7 627.9 612.2 597.8 583.3 569.5 556.7 546.3 534.7 525.8 525.7 530.9 543.1 552.1 561.9 577.2
709.5 695.8 680.9 678.6 679.4 691.7 706.1 730 750.7 752.5 751.7 774.9 798.8 837.2 885.6 863.1 827.7 780.5 738.3 693.8 659.7 641.3 606.8 575.6 556.2 550.7 545.2 527.3 503 482.8 483.9 498.4 517.4 536 574.1 603 627.9 640.6 654 672.2 701.8 726 740.7 760 798 843.6 892.4 935.8 976.1 945.7 876.7 837.7 798.1 774 757.8 741.7 727.4 715.1 699.1 680.7 659.6 647.6 639.6 621.2 607.9 593.5 579.1 556.1 554.8 544.7 534 532.3 534.1 544.4 556.4 566.4 578.4 594
749 744 740.3 732.9 739.5 744 750 764 761.3 757.3 767.2 784.5 803.9 837.5 897.1 869.1 817 765.7 736.8 702.5 671.7 651 628.5 592 565 551.8 542.9 530 516 493.7 490 499.1 521 545.6 574.8 599.5 633.3 650.4 662.9 686.8 711 733 750.4 779.3 826.5 875.6 917.5 958.2 989.4 938.3 878.7 831.2 797.3 768.7 751.4 731.3 710.4 696 679.3 667.2 665.5 652.8 632.3 615.5 600.4 589.1 579.5 572.8 558.5 545.7 540.8 542.5 547.9 561.3 569.8 580.5 596 616.6
821.3 802.4 781.5 777.2 778.5 777.2 780.5 793.2 789.5 786.7 782.6 797.4 817.6 849 894.2 858.3 793.1 763.6 737.7 709.6 675.7 655.5 631.3 603 577.8 553.5 548.5 538.9 521.2 502 493.5 503.7 525.6 535.7 570.5 588.8 621.8 645.9 661 686 710.1 727.4 773.4 802.6 836.8 873.1 911.4 949.9 981.6 935.4 877.6 837.5 798.2 768.3 747.2 726.5 712.9 704.1 701.1 690.9 673.6 650.7 628.5 617.3 606.8 596.2 583.5 572.9 561.9 549.8 551.5 554 563.8 576.3 584.9 596.1 615.3 637.5
858.7 839.5 821.4 814.7 812.9 815 819.6 826.2 824.4 817.3 813.4 822.4 842.4 870.8 899.2 851.1 799.5 762.2 739 712.8 684.8 657.5 641.3 618.3 591.5 574.4 575.8 558.2 545.1 518 512.2 539.5 551.3 560.4 561 585.2 616.1 642.4 661.3 679.7 701.4 727.8 759.2 790.8 828.9 864.7 904.3 941.8 969.4 917.4 871 839.6 809.2 776.4 749.7 738.7 739.7 755.4 733.6 717.8 695.6 669.4 639.9 624.3 614.3 603.6 591.3 576.9 560.6 561.1 565.2 571.8 580.7 591.7 601 617.8 637.7 659.9
894.6 868.7 853.9 847.7 848.4 846.7 843.9 842.1 844.9 852.5 851.1 855.2 875.9 903.7 884.4 840.7 813.6 793.5 775 730.7 698.8 672.2 641.5 625.5 615.9 607.5 604.1 603.4 569.7 557.4 555.2 562.7 571.8 581.5 589.5 591 593.2 633.9 656.3 666.6 683.6 711.8 746.7 783 823.3 865.3 902.4 942 953 899.5 872.2 841.3 815.5 779.6 764.1 780.3 798.2 791.2 787.5 764.8 736.7 707 665.1 639.1 624.1 608.6 592.6 570.7 576.1 575.3 582.9 589.2 598.2 609.5 623.5 639.3 662 683.9
899.1 884.2 868.4 854.8 842.6 832.3 826 824.3 827.3 837.6 853.2 865.1 878.7 891.3 898.6 864.3 841.7 836.3 818.7 808.9 725.2 685.6 653.7 640.5 634.9 634.3 644.3 631.9 615 592 579.4 580.6 588.4 603.1 624 634.9 624.4 634.8 649 657.3 674.9 710.5 741.7 778.1 819.3 858.9 902.4 940 928.9 895.6 873.3 845.2 808.6 796.6 804.2 824.2 831.6 830.6 818.5 791.8 763.1 728.5 699.5 655.1 633.5 617.4 599.5 588.8 587.7 591.7 599.6 608.2 617.1 632.3 648.4 665.3 687.7 709.1
892.1 873.9 856.5 839.8 824.4 812.4 804.2 802 806.2 817.8 831.8 846.3 861.2 876.9 895.8 897.3 875 871 873.2 857.4 811.1 703.9 678.3 660.2 652.6 662.1 658.5 654.1 652 633 623.1 624.1 631.2 639.6 647.8 652 651.8 645.4 644.7 654.1 678.9 711.2 736 774.1 815.9 862.2 902.6 937.9 930.3 905 872.3 846.9 840.8 847.2 841.8 851.1 855.8 836.7 813 785.9 766.2 739 701.8 668.8 643.1 623.1 607.2 601.1 604.4 614 619.1 625.2 637.7 653.5 672.8 693.3 715.7 732.1
882.9 863.7 844.3 824.8 805.8 790.9 781.4 779.9 784.4 796.4 813.1 827.8 846.8 869.1 893.5 918.3 915.4 911 917.9 886.3 799.5 726.1 701.4 684.7 676.5 681.3 685.4 686.4 686.6 703.3 679.4 665.9 663.5 677.8 671 659.1 662.7 657.9 651.8 660.5 694.4 704.4 735.6 773.2 817.6 860.7 895.7 912.6 929.4 926.6 892.5 877 875.3 872.2 869.5 877 856.7 826.6 797.1 779.8 758.5 740.6 714.7 677.6 649.4 628.1 626.5 621.2 623.4 632.4 640 645.3 658.5 675.6 697.7 719.4 742.3 756.3
871.6 850.8 828.7 808.8 788.4 768.4 759 759.9 766.6 777.5 793.7 810.5 835.8 864.2 894 923.4 949.5 947.3 895.5 871.5 793.7 751.6 728.1 705.6 698.2 704.6 710.6 724.3 743.6 755.6 746.5 713.7 715.8 706.8 694.8 667.3 663.4 665.1 664.6 679 688.8 710.5 739.7 772.7 817.6 855.4 878.7 906.5 920.1 928.4 928.6 931.9 907 894.6 892.6 886.6 856.3 833.5 802.9 784.8 754.3 734.9 712.5 683.5 656.9 647.7 638.1 639.8 645 653.5 658 666.7 679.3 698.7 723.8 742.5 761.4 773.1
852.3 835.2 812.9 789.5 769 750.5 738.5 741.1 750 758.9 783 808.5 836.8 866.7 899 930.2 959.2 939.3 886.5 868.7 810.1 775.1 750.5 720.8 710.1 719.4 738.8 759.8 768.7 782.6 787.5 770.7 741.4 731.1 699.1 680.9 679.1 682.7 684.3 687.9 707.6 723.1 747.8 776.1 814.1 842.4 865.6 894.3 918 945.9 969.8 971.5 947.5 927 911.5 885.4 864.8 837 810.2 785.8 750.9 736.2 715 689.2 674.3 661.3 659.1 660.5 667.9 673.7 680.2 690.4 703 721.8 744.4 760.1 773.5 783
826.3 812.5 793.1 772.7 752.2 734.5 720.9 725.7 731.7 754 781.2 807.8 839.2 870.7 903.9 936.8 963.8 969.8 952.2 868.7 823.7 792.8 766.7 741 720.1 729.3 748.8 764 770.6 799.9 815.1 792.2 768.3 739.2 725.1 709.1 698.3 692.2 698.4 711.1 719.3 738.3 754.3 772.4 803 817.9 844.1 878.7 932.8 963.9 980.3 992.8 995.4 952.7 916.3 888.2 870.5 843.8 815.9 780.5 755 739.4 723.4 704.4 689.1 685 679.4 687.4 692.4 697.6 704.2 714.5 728.6 747.1 763.1 776.6 789.1 799.6
798 784.4 769.6 751.8 734.1 718.9 704.8 709.3 726.7 750.2 778.4 810.1 841.9 875.6 908.9 941.4 973.2 998.9 939.4 903.5 848.6 815.4 804.6 780.6 752.5 745.4 755.6 776.6 799 817.5 804 784.3 770 758.1 747.6 729.9 717.5 718.6 725.1 729 740.1 747.7 760.8 782.7 788.7 801.4 828.8 892.5 949.2 973 982.3 990.7 994.1 951.7 916.4 889.4 871.9 854.1 821.8 787.1 760.8 747.3 733.7 719.3 713.9 706.7 704.9 713.3 718.1 720.9 729 738 753.4 768.7 786.6 796.8 807.8 820.9
763.3 752.8 741.8 728.5 711.7 697.6 685.5 700.1 721.8 747.9 779.2 810.7 844.7 879.7 913.3 947 980.7 990.9 944.3 958.9 922.4 869.4 845.2 809 797.6 795.7 797 814.4 822.8 802.4 784.2 767.6 765.5 768.1 764.9 755.2 748 742.1 741.7 747.5 748.9 753.2 768.4 772 784.2 807.6 840.5 881.5 953.4 971.1 977.2 982.7 985.6 965.8 925.7 893.7 873.9 857.7 833.1 802.3 771.9 757.7 749.5 737.7 737.1 732.8 733.1 740.7 741.8 745.2 751.2 769.3 781.8 793.2 800.9 812.5 825.6 834.5
727.7 719.1 709.3 699 687.7 677.3 671.6 694.2 719.1 745.8 776.3 809.5 844.7 879.5 915.5 950.4 973.9 965.5 953.7 931.1 914.5 892.6 873.9 859.6 836 827.3 823.6 816.7 794.1 776.2 760.9 757.2 758 764.6 768.8 765.2 766.5 768.3 776.3 774.6 768.4 764.5 759.8 778.6 800 818.9 848.2 887 944.6 964.1 969.6 969.5 961 955.2 945.6 916.3 895.7 873.1 848.8 820.6 790.4 774 764.4 762.5 758 758.4 761.4 765.7 764.8 771 784.2 796.2 808.2 819.3 832.6 835.7 836.1 851
694.2 685.8 678.8 670.8 662.4 654.3 664.6 688.2 713.1 740.4 771.4 805.7 842 878.2 913.3 941.4 919.3 923.5 916.4 899.3 877.8 863.5 847.5 828.6 813.2 800.4 795.7 783.5 767.5 752.5 745 746.5 748.9 755.4 753.1 763.3 767.5 773.3 774.2 779.6 784.3 775.5 778 796.7 814.6 837.8 868.4 909.7 943.4 953.8 958.1 933.2 920.2 913.6 912.2 915.6 915.7 896.1 865.7 835.3 813.5 798.8 785.3 780.9 778.4 782.4 788.1 789.6 795.6 803.7 812.4 827.4 845.9 864.9 868.3 869 871 879.1
660 652 648.8 645.8 638.9 634 657.9 682.4 708.7 737.2 769.6 802.9 839.2 875.2 903.2 891 877.7 863.9 861 863.5 846.4 829.9 812.8 795.9 780.1 769.8 760.9 755.3 741.2 734.2 735.6 738.2 742.7 738.7 738.1 742.9 743 744 747.4 754.1 779.3 804.6 810 835.2 852.1 878.5 914.1 931.3 941.8 948.4 926.3 901.5 886.4 881.5 880 884 892.2 897.5 882.7 857.7 843 825.4 809.3 803 801.5 807.4 806.2 817.7 820.8 829.3 844.1 862.2 885.7 895.4 900.5 900.2 896.4 872.5
627.6 621.4 621.6 618.9 610 630.9 651.5 676.6 705.7 736.7 769.2 803.2 838.8 873 865.3 844.7 838.1 810 804.4 820 813.6 793.7 774.9 763.2 752.2 741.4 734.4 729.5 720.1 720.5 722.7 725.1 720.5 717.8 710.6 714.5 711.2 715.6 722.7 746.1 779.8 811.7 830.9 848.3 870.4 893 909.6 925.6 935.9 943.2 904.2 875.3 861.6 860.2 860.2 861.4 867 875.8 880.7 882.2 873.6 852.9 843.6 837.5 826.5 824.7 831.3 839.1 847 859.4 875.2 893.4 910.4 928.5 938.3 936.6 905.2 861.3
598.9 593.5 596.7 592.5 596.7 622 649.3 678.9 709.3 740.2 772.6 805.9 838.8 840.6 816 802 783.4 771.3 763.5 746.1 768.7 757.4 735 729.5 725 715.9 709.4 706.9 708.2 704.3 706.5 705.6 701.5 691.8 678.6 684.1 684.1 687.3 709.9 744.3 783.1 811.9 829.9 846.8 869.9 887.4 903.4 918 928.2 931.3 889.5 860 841.9 843.2 841 844.4 850.4 859.9 861.1 866.9 875 884.8 888.7 868.6 853.4 846.3 848.7 864.3 882.8 895 916.4 928 946.7 964.8 979.4 975.6 934.3 891
571.2 566.5 570.8 570.3 597.3 624.3 652.4 681.4 713 745.1 775.7 803.1 808.7 784.6 776.2 760 745.3 739.1 731.9 716.6 701.8 706.9 705.7 703.3 703.1 695.4 687.8 685.6 682.4 684.3 687.1 683.5 673.5 661.6 651.5 652 656 670.4 696.4 730.5 775.4 807.2 827.6 846.2 865.5 883.5 894.9 907 920.4 930.9 884.7 851.8 830.3 828.9 831.6 835.2 838.1 849.7 852.9 854.8 858.6 867.1 875.8 893.3 892 881.2 883.4 895.8 919.1 944.3 949.8 962.2 980.5 995.3 1011.2 994.9 955.7 902.9
541.6 537 549.1 576.4 602 630.7 661.2 689.9 718.3 746.5 751.3 751.1 748.6 738.3 728 721.8 715.4 713.2 706.3 695.4 676.2 679.3 685.4 687.3 681.2 668.6 658.7 657.5 656.4 660.2 661 655.3 642.4 629.1 623.2 629 640.4 663.1 692.9 727.7 762.4 797.3 821.8 841.5 857.8 868.9 881 898.1 916.3 928.3 885.7 849.8 827.8 821.4 815.3 818.5 821 832.1 839.7 844.8 844.8 851.4 859.3 873.2 891.5 906.5 912.2 923.7 936 954.5 969.2 982.8 995.3 1010.1 1026.1 1026.6 999.5 964.8
513 523.9 552.6 581.1 610 639.9 669.1 697.3 717.7 728.2 702.8 697.4 696 697.4 695 692.4 689.7 687.2 686.9 685.6 677 674.1 674.1 673 660.7 643 638 632.1 629.9 632 632 624.1 613.3 594.1 596.3 600.7 625.4 662.9 693.6 732 767.3 799.6 819.9 835.2 843.8 853.1 873.6 892.5 907.2 923.1 891.1 848.5 819.9 809.9 798.8 799 798.7 806.3 816.1 826 825.7 833.3 845.1 855 863.1 872.7 884.4 895.5 907.7 926.1 944.3 959.6 972 987.3 1003.2 1022.3 1008.6 961.3
500.4 530.6 557.4 581.5 615.7 647.7 675.3 693.5 702.5 688.8 674.1 664.1 661.7 666.5 668.4 671.1 672.6 679.8 681.5 678 665.9 660.8 658.6 656.3 635.3 628.2 619.6 603.4 607.2 612.8 605 593.6 580.7 566.5 568.1 594.7 629.3 663.7 703.7 738.2 771.1 797.8 812.5 822.4 828.6 842.8 862.5 881.6 899.9 912.4 899.5 851.3 817.3 794.4 788.1 778.7 781.9 787.4 787.1 794.4 803 809.6 826.9 832 834.2 843.5 848.7 860.6 872.1 891.8 914.9 925.4 939.7 953.8 977 1000.4 1010.6 966.7
506.7 533.6 557 579 610.8 636.9 637.7 652.5 653.9 650.2 643.3 637.7 636 640.5 645.3 653.8 663.9 670.1 672.4 668.5 657.4 650.4 644.5 633.1 620.5 614.1 594.8 576.2 582.7 584.6 572.8 564.3 553.3 540.1 560.4 600.3 631.1 667.3 708.8 743.6 769.8 787.5 799.7 805.1 819.3 840.5 857.8 874.2 891.6 904.8 909.2 861.1 815.6 786.3 772.4 765.7 765.3 766 761.6 764.9 779.8 794.8 797.5 800.5 804.1 808.7 813.4 823.1 837.8 856.1 877.6 889.9 904.9 929.1 953.5 977 995 984.6
503.4 528.1 551 560.7 562.9 580 592.7 598.5 609.7 627.4 624.4 625.8 624.2 625.7 628.1 637.9 649.8 659.2 663.2 656.7 642.7 631.8 630.8 612.5 606 592.7 571.1 556.5 565.1 562.3 541.5 533.4 519.7 537.4 575.1 605.2 634.7 668.8 706.1 734.4 748.3 765.7 779.9 799.6 818.3 834.5 849.2 866.9 883.2 895.9 906.9 872.9 820.8 786.8 766.1 754.4 744.7 742.3 748.9 760 765.6 769.6 763.9 760.7 763.9 773.2 781.8 786.9 806.8 826.9 842 854 874.3 900.3 924.7 947.8 967.7 988.9
493.9 512.1 533.3 532 547.7 561.6 568.9 566 578.5 608.6 606.9 610.5 615.2 616.3 618.8 621.7 631.2 640.3 645.9 640.2 619.6 618.2 615.9 597.1 587 571.7 549.3 539.4 546.1 536.8 517.2 500.4 516.1 550 578.9 604.5 631.1 658.8 679.8 699.2 711.6 740.9 777 794.9 810.3 824.4 842.9 861.1 875.2 892.6 909.2 894.7 827.5 791.3 765.7 753 738.2 733.7 748 748.9 749.6 741.7 726.3 724.4 728.5 738.3 745.2 749.2 768.8 790.7 803.9 819.3 846 871.3 895.3 915.8 944.2 971.2
475.2 495.7 511.1 516.9 539.1 553.3 550.6 544 562.6 573.7 583.8 591.2 597.9 601.8 602.5 603.4 611.3 622.4 627 613.4 606.2 605.8 595 575.9 567.8 550.1 528.8 513.4 524.2 512 494.9 495.6 528.2 557.7 575.2 596.6 614.8 633.6 634.4 675.6 712.8 747.4 770.1 785.5 800.6 817.9 834.7 852.3 868.2 888 901.8 912 847.6 803.8 771.9 745.2 726.1 720 716 716.1 720.6 705.9 696.7 687.8 697.2 707 712 719.1 732.9 748.5 765.3 796.3 819.3 843.2 864.3 893.2 925.7 952.3
