Assets/StreamingAssets/GeoData/Data/nn/NN20.asc
ncols 200
nrows 200
xllcorner 220000
yllcorner 700000
cellsize 50
[rows 70 to 104 of 200, columns 79 to 157 of 200]
158.1 178.7 189 205.4 229.9 250.8 271.5 293.3 307.6 329.3 341.4 349.6 349.8 345 340.6 327.1 332.1 345.5 360.1 376.2 393.7 411.3 429.2 447.9 463.3 473 489.9 503.1 512.3 525.6 531.9 536.7 560 575.1 589.1 605.7 636 660.4 683.6 701.5 711.8 700.3 689.4 673.6 655 642.3 626.3 623.7 617.4 620.9 621.8 634 654.6 681.9 692.5 702.2 733.1 772.2 787.7 791.7 815.1 835.4 824.8 813.7 814.5 820.6 819.6 805.1 799 789.8 791.4 786.7 784.2 785.1 766.3 717.6 650.6 621.8 597.1
151.4 170.8 182.5 195.7 216.9 235.3 257 274.7 293.1 306.6 328.4 326.7 328.4 325.8 314.8 322.4 342.5 356.5 373.7 387.3 411.5 422.4 443.3 459.6 481.2 494.5 510.3 529 544.1 550.9 558 560.8 566.8 585.9 599.3 612.8 637.7 675.7 699.6 716.8 728.8 721.6 712.1 691.9 671.3 653.3 628.2 617.8 613.2 610.2 613.5 620.1 633 650.1 658.1 675.1 691.2 709.5 733.5 758.6 784.7 809 810.8 802.3 791.4 782 784 769.6 758.3 756.3 776.1 777.3 795.8 803.3 795.9 755.4 710 652 613
144.4 159.2 169.4 184.6 203.3 215.7 241.7 259.2 275.2 292.4 310.2 313.7 311.7 306.4 314.9 333 347.7 363.8 384.6 401.6 418.2 436.3 454 473.2 494.6 521 542.2 558.4 576.1 579.5 581.8 584.8 585.2 593.2 608.1 622.6 645.4 676.1 709.4 732.6 745.3 747.1 740.8 715.4 689.7 660.5 635.7 626.9 617.8 608.6 611 613.8 615.5 632.2 638.9 654.5 674.6 686 703 735.4 761.2 787.2 794.4 792.1 777.7 767 745.9 734 717.7 718.1 746.5 765.3 780.7 803.2 808.8 786.1 726 671.3 636.9
134.6 143.9 161.6 179.7 188.2 206.5 227.1 240.2 260.9 278.1 293.1 294.5 293.5 299.1 321.2 337.2 357.4 376.1 389.7 408.4 429.2 447.2 472.3 494.5 520.6 546.3 571.1 587.5 608.3 617.4 618.5 612.2 609.3 612.2 619.8 634.2 652 682.4 713.2 739.3 760.4 773.3 771 744.5 712.2 669.9 648.5 632 623.2 609.9 604.7 601 600 613.9 625.7 629.3 648.9 661.4 680.7 712.5 739.8 763.7 771.3 774.5 761.1 745.3 720 697.1 688.5 688.5 719.3 755.2 770.4 800.2 807.8 799.7 762.7 718.1 671.6
127.8 135.2 153.8 163.5 177.6 192.2 209.3 228.4 252.4 265.3 275.6 263.8 280.4 300.9 321.2 340.7 358.2 376.3 396.9 421.8 444.7 470.1 494.4 526.9 552 567.7 586.4 607.7 624.4 637.4 650.7 651 645.3 639.3 645.1 650.6 668.3 689.5 713.7 745.4 769.4 789.9 798.5 761.9 725.8 688.8 669.7 642.9 619.9 610.3 601.7 591.2 588.6 598.5 608.5 607.2 620.6 643 663.1 680.9 710.6 737.4 751.3 757.5 749.2 732.2 702.1 677.7 668.6 673.5 711.3 734.9 759 789.7 805 795.9 780.7 751.7 702.7
124.3 128.5 140.9 152.2 173.3 181.2 199 216.4 237.4 249.6 247.2 258.2 278.4 301.9 322.3 339.4 359 379.5 405.5 431.2 456.3 485.7 518.7 543.4 564.2 583.7 600.2 618.1 637 656.1 674 681 684.7 671.8 666.4 671.3 684.7 701.9 720.8 745.4 773.1 796 822.2 782.5 747 717.6 687.9 657.7 634.2 623.3 607.2 589.9 584.4 585.6 586.8 593.5 612.2 621.7 644.2 660.5 676.3 695 728.9 738.4 730.7 713.5 677.8 656.5 652.3 656.6 684 716.1 742.2 778.6 787.5 789.1 777.7 755.9 729.9
121.5 124.9 130.9 146.5 163.9 180.3 196.6 205.3 228.5 231.2 240.1 257.9 277.4 297.8 313 335.7 355.4 385.5 410.9 439.2 466.6 497.8 524.4 546.4 570.8 596.5 610.9 628.4 646.2 670.6 697.3 701.8 712.5 702.2 694.8 704.7 711.3 716.4 731.5 751.6 773.2 796 822.1 799.6 763.3 734 705.8 673.2 646.5 627.6 612 595.9 578.5 570.6 578.6 579 595.8 610.7 623.8 647.5 653 669 680.8 689.7 701.9 670 644.6 632.4 639.5 645.1 668.7 695.2 724.3 762.2 774.5 783.3 771.9 754.1 734.1
120.1 121.7 124 143.3 160.4 174 188.9 187.4 200.5 222 236.6 254.5 275 293.7 315.3 334.5 360 383 415.5 439.6 470.7 504.5 525.8 544.6 579.3 603.2 619.6 639 653.4 680.4 707 718.3 732.7 731.4 721.7 730 740.1 745.8 747.8 760.6 775.6 799 817.9 816.9 801.2 775.7 731.7 690.4 657.7 633.1 620.7 598.9 584 569.7 567.9 570.9 579.8 593.1 599.9 616.2 635.2 646.9 655.3 671 664.6 619.2 614.1 609 623.4 637.2 653.9 678.5 710.1 741.7 760.8 766.9 757.6 740 732.4
119.9 121.5 123.5 138.1 152 166.6 179.5 182.6 197.6 216.9 232.4 251.3 271.5 290.3 309.5 333 357.9 383.8 415.4 438 467.2 495.6 523.7 548.5 570.9 598.6 612 631.8 653.1 689 715.7 730.5 745.8 750.9 749.5 758.9 771 774.1 776.7 781.4 785.3 802.4 822.9 846.5 838.6 799.3 755.3 710.7 671.7 640.3 620.4 586.5 574.7 566.8 554.8 562.2 561.5 569.3 583.7 596.8 614.5 626.6 625 622.4 603.8 593.3 587.3 588.3 604.5 622.3 636.2 655.4 692.4 717.1 735.8 725.4 715.8 702.8 713.7
119.7 122.9 126.3 133 146.5 156.3 166.1 178.4 191.5 208 223.8 242 259.8 280.3 300.9 330.2 354.4 377.3 407.3 432 460.4 489.1 529.1 551.9 565.6 586.4 606.4 632.2 658.7 691.2 718.2 736.6 764.1 771.8 777 785.8 793.6 799.7 799.9 798.4 798.9 806.7 826.2 860 851.7 779.6 769.4 728.1 679 643.8 622.4 603 576.1 567.9 555.1 546.2 548.1 555.2 564.5 578.1 589.9 613.3 596.9 592.4 577 583.2 572.4 569.1 582.4 597.9 611 631.4 651.3 666.3 681.2 683.2 688.8 671.7 676.2
119.5 122.7 127.2 132.5 141.1 148.8 164.2 174.8 192.7 204 220.2 235.9 253.8 273.2 298.5 324.8 347.7 374.5 403.8 425.3 448.3 477.5 516.6 546.5 567.2 593 620.7 640.4 659.1 690.8 719.3 734.1 763.1 788.3 804.8 810.2 817.7 823.7 823.5 819.7 819.3 819.8 824.1 792 774.7 756.7 753.2 737.6 674.5 642 622.5 602.2 583.7 567.6 554.4 545.4 539.8 543.7 549.8 552.4 558.7 566.2 566.7 561.2 557.7 563.3 548.6 551.2 560.9 576.3 592.3 614.1 627.1 637.1 640.8 648.7 652.7 646.3 649.5
118.4 120.9 125 129.4 140.2 148 157.7 172.3 181.3 193.7 208.2 225.3 247.3 271.5 294.8 318.8 340 367.8 399.1 417.3 444.8 473.7 511.9 549.3 576.6 602.5 614.5 643.8 660.9 683.9 706.9 731.5 764.4 793.6 832.6 836.6 841 845.8 847.2 843.5 843 854.3 791 759.2 745.1 735.2 730.4 711.8 672.8 644.1 617.8 595.7 582.2 564.5 559.4 543.8 537.9 532.6 536.8 541.1 540 540 536.8 547.1 546.8 544.3 531.5 535.6 546.5 555.9 565.4 579.6 609.1 614.9 616 623.3 613.6 622.9 626
115.7 118.3 123.9 127 134.8 142.1 149 157.1 167.2 177.3 195.5 218.7 239.7 265 287.3 308.5 331.4 361.3 390.7 408.9 438.7 471.8 508.2 547.7 586.3 602.3 612.2 638.2 655.8 686 707.6 727.3 760.9 794.1 823 838.1 851.8 868.2 871.9 866.4 871 847.8 785.4 737.5 720.1 715.5 706.2 696.2 685.2 644.7 619.9 594.3 586.3 573.4 559 551.6 537.8 527.7 526.5 525.6 527.1 525 530.2 538.7 528.2 514.3 516.2 517.4 529.4 537 546.3 554.5 567.4 578.3 589.6 595.7 596.6 597.1 601.3
114.7 113.6 118.5 120.8 126.6 133.9 139.9 151.1 158.7 169.9 188.8 208.1 232.8 256.8 277.6 301.7 326.9 353.8 380.8 399.9 434.3 469.5 504 551.5 577.3 590.6 608.9 630.9 657.4 680.2 704.5 728.5 757.9 792.6 818.5 836.7 850.6 863.8 859.7 876.7 854.5 812.3 764.9 733.9 707.7 690.4 689.4 676.4 662.6 627.6 606.2 587.6 584.7 564.6 557.1 558.5 547.2 536.7 522.5 509.9 513.2 516.9 518.8 518.5 503.1 496.7 500.1 508.8 515.9 522.4 530.1 536.6 544.2 556.2 563.5 572.2 571.6 571.4 581.8
116.8 112.8 114.4 115.3 117.5 124.5 128.6 137.7 150.1 161.1 173.8 198.8 222.2 249.1 273.8 294.9 319.3 345.6 366.8 392.9 425.2 462.6 505.2 548.2 564.8 592.2 609.4 631.9 657.5 684 700.5 725.8 757.8 788.4 818.4 830 846.2 853.4 843.8 852.4 854.6 815.6 768.5 729.5 707.4 686.5 670.5 658.5 642.2 635.5 608.6 589.8 572.9 566.3 557.5 556.3 556.7 542.5 530.8 514.1 503 499.4 495.7 494.7 492.7 489.2 491.2 496.2 501.9 510.8 517.3 524.2 524.9 532.2 545.7 551.5 557.7 558.5 566.7
124.3 111.2 112 112.4 112.3 115 121.7 130.4 139.5 148.4 167 191.7 212.7 241.8 266 285.4 310.7 332.6 355.4 385.4 413.5 443.8 497.7 537.7 562.6 583.4 609.1 629 655.7 675.7 695.7 715.6 749.6 771.7 800.5 827 836.3 834.4 824.3 834.5 823 825.9 787.9 734.5 703.3 687.1 672.6 657 641.9 637.7 612.6 594.1 577.2 572.1 563.9 560.3 554.9 548 534.4 518.3 505.5 496.6 490.7 489.1 487.5 486.7 486.4 487.6 490.1 497.4 505.3 510 512.7 515.7 523.5 531.9 538.7 543.8 551.9
127.7 115.2 110.5 109.7 109.4 112.2 114.6 123.6 130.4 144.3 162.3 178.9 202 228.8 252.7 277.2 299.3 324.5 347 369.6 402.2 432.9 477.8 527.6 564.1 586.9 612.6 639.8 654.6 666.3 679.7 711 740.1 768.6 796.9 807.1 812.6 809.6 799.5 808.9 802.7 788.8 809.6 735.2 709.3 684.9 674.7 663.2 650.1 640.1 626.5 598.9 584.3 578.7 572 566.8 558.7 550.1 538.5 523.8 510.2 499.4 491.7 482.8 478.8 478.1 477.1 479.3 481 485.6 490.5 495.4 496.5 505.1 506.9 509 521.3 528.1 535.7
131.3 121.1 113.3 110.3 106.4 107.5 110.4 116.2 123.3 134.5 152.2 168.2 189.6 215.8 245.3 265.2 289.9 316.1 338.2 360 391 421.5 459.3 515.7 545.6 581.3 610.5 639 652.9 659.7 670.1 705.5 731.9 755.2 777.4 788.6 792.4 787.2 780 780.6 774.9 771.4 762.1 758.1 728.9 696 681.7 674.9 668.5 663.7 642.8 610.7 597 587.6 574.7 572.9 563.5 550.7 542.6 530.8 518 506.8 496 486.2 482 474.1 468.7 470.9 468.8 477.5 479.3 478.9 482.1 484.8 492.7 496.9 498.3 504.6 514.7
136.1 124.4 113 110.5 112.3 106.5 111.2 114.3 125.8 133.1 145.3 159.9 184.6 214.2 237.8 257.6 282.5 306.7 330.2 353 381 411.9 442.8 491.2 522.4 564 603.6 618.8 635.9 634.5 654.6 692.8 716.4 729.4 753.5 761.1 759 753.2 756.2 768.6 769.1 760.7 737.2 728.5 718.4 707.5 690.1 690.1 693.3 686.4 668.2 632 609 597.7 581.3 576.1 565.6 554.8 543.2 535.8 525.1 513.1 502.2 492.5 483.3 475.2 469.1 459.1 463.3 465.8 464.4 463.8 467.2 469.1 478.3 480.7 482.3 483.2 493.2
144.6 130.1 114.3 109.7 108.5 105.2 106.3 113.2 121.3 125.4 136.6 151.9 175.6 202.1 229 250.5 273.7 297.7 321.5 344.5 369.8 398.9 433.4 469.9 502.6 546.8 588.7 597.7 613 617.2 632.5 671.5 690.2 709.4 717.7 728.9 732.5 732.1 730.9 740 736 724.8 713.5 705.3 691.1 685.8 684.9 693.1 700.2 700.9 687 652.1 620.6 604.1 589.9 580.1 571.8 561.3 550.9 541 532.3 522.7 511.9 500.8 489.8 478.3 469.3 461.2 453.2 453.6 450.1 449.2 448 453.4 461 467.2 468 470.7 472.4
150.2 135 119 110.2 107 105 101.7 111.4 113.4 120.2 128.8 147.1 167.9 194.2 218.1 242.4 264.5 289.1 314.2 337.7 362.7 389.8 421.6 459.4 489.7 523.6 556.3 589.2 596.2 605.8 615.5 643.8 668.3 680.2 690.4 703.8 713.8 713.3 707.5 707.8 702.5 697.4 688.4 680.7 673 671.1 669 671.7 694.3 680.5 681.2 664.2 637.6 626.1 601.2 593 582 566.4 556.5 547.8 539.3 528.7 517.6 505.9 494.6 484.7 473.4 463.6 452.6 443.5 442.8 440.5 437.9 436.2 444.4 453.9 451.2 449.4 455.3
155.3 136.2 121.6 114.4 106.2 103.1 102.8 105.8 106.6 113.9 123.3 138.3 159.5 183.5 209.8 236.7 258.8 279.4 298.4 329.2 356.6 381.8 409.8 451 481.7 514.8 548.9 577.1 596.8 585.2 597.9 611.1 639.1 652 670.4 673.9 675.3 677.2 677.7 680.3 682 676.1 666.2 662.1 652.2 650.4 649.3 647 651.8 663.6 663.6 661.3 659.5 640.9 620.6 597.7 587.3 574.7 561.7 554.9 546.1 534.9 521.7 511 501.1 490.1 480.7 469.2 458.9 447.5 433.8 430.5 432.6 426.2 433 437.4 435.3 432.6 434.1
153.7 141.5 125 116.2 106.3 102 101 102.4 103.8 108.5 121.8 132.1 155.2 176.3 201.5 223.3 249.7 268 286.7 323.5 350.5 376.9 403.8 434.3 476.7 507 535 563.9 584.9 571.1 586.2 602.4 608.6 619.5 639.7 641.7 649.2 649.6 652 657.3 660.4 649.8 648 639.5 626 626.9 627.8 624.9 630.2 640 644.5 649.4 656.4 647.1 632 601.3 590.7 582 575.7 567.8 556.1 544.1 527.1 516.6 507.4 497.1 487 475.2 465.2 453.7 442 432.2 420.3 420.1 416.8 420 419.1 416.7 414.6
159.6 140.3 124.9 114.7 106.8 99.1 100.2 99.8 101.1 105.8 116.5 127.2 144.6 164.4 191.5 215.9 234.5 259.6 280.1 315.8 341.5 368.3 397.4 427 468.7 496 525.4 553.7 557.2 553.3 566.9 590.1 596.5 598.4 599.7 612.1 614 617.8 625.9 633.1 633 630.8 623.5 614.5 599.2 603.7 605.7 607.8 610 619.5 634.1 633.2 628.8 624.1 624.8 599.7 595.3 592.4 589.8 583.3 568 551.1 534 519.5 513.3 503.7 494.6 483.3 473.4 460.2 447 434.8 424 413 403.8 406 404.3 401.7 400.9
167.9 147.7 130.9 114.9 105.1 99 99.5 97.8 98.1 105.4 110.7 123.4 138.5 157.7 177 203.7 224.8 246.6 270.4 302.7 330.4 357.2 385.2 423.8 451.8 486.6 501.7 545 545.6 540.4 558.6 571.1 579.8 584.4 582.5 581.5 586.1 594.2 603.9 615.3 607.9 602.4 600.9 600 583 577.1 577.5 584.5 589.7 596.6 618.3 622.3 608.6 602.3 600.7 595.9 594.9 600.1 601.1 600.7 581.6 556.6 541 526.4 517.8 510 501.8 490.6 479.7 468 454.9 440.2 428.1 416.8 406.8 391.7 392.8 390.9 389.5
183.2 159.6 137.5 122.4 109 100.8 97.3 98.7 98 103.5 105.2 114.8 131.1 149.8 168.7 195.6 214.1 233.1 258.4 282.9 319.1 344.9 375.6 414 442.3 471 488.2 509.3 518.3 530.8 555.3 550.1 566 564.8 563.1 566.6 563.8 569.8 581.7 594.2 587.3 574.4 569.6 566.7 560.6 558.4 561.7 562.7 561 565.8 598.8 611.6 603.3 593.9 588.8 588.7 592.9 604.3 610.1 602.6 596 564.6 549.8 538 524.9 515.5 507.5 496.8 485.4 473 461 447.7 432.9 419.6 409 397.5 382.8 381.8 377.7
200.6 176.7 152.5 135 119.2 109.5 101.9 98.9 96.3 101.2 101.8 108.5 128.1 140.8 160.9 185.7 206 225.1 246.9 264 296.6 325.8 366.6 396.9 424.4 464.3 491.8 501.6 492.4 515.4 533.6 541.2 544.5 553.6 556.2 554.8 540.8 555.7 560.3 560.1 556.6 550 546 540.2 538.9 542.2 549.6 547.6 538.1 542.2 575.1 592.3 591.6 587.6 583.8 583.5 587.6 597.4 610.1 599 596.5 579.9 561.7 550.5 535.9 523.1 513 502.3 490.5 478.7 465.3 451.6 437.5 423.8 411.2 400.1 387.1 373.1 370.9
215.2 196.8 174.2 150.2 132.8 118.8 107.9 100 95.2 99.6 104.5 106.3 116.8 133.7 146.3 169.3 190.8 212.7 233.9 249 271.2 298.7 329.3 359 397.1 440.8 468.3 466.8 453.5 492.1 518.4 527.9 522.4 540.6 541.9 534.8 517.7 525.3 527.9 528.2 527.3 525.7 516.4 515.4 517.7 517.9 521.6 524.7 514.7 520.3 551.4 567.4 571.8 573.7 573.4 573.1 577.8 585.7 593.3 588.6 596.5 585.2 573.2 560.5 546 531.6 519.3 509 497 484 471.3 457.3 443 427.6 415 403.1 391.1 377.7 365.2
230.7 212.3 196.1 167.2 142.4 127.9 113.3 102.7 98.9 93.6 97 99.8 105 124.5 138.4 158.5 182.4 200.3 220.6 235.9 260.7 275.7 298 325.8 362.7 400.6 426.7 410.3 425.5 458.4 489 509.7 510.1 510.3 521.4 503.5 504 507.4 502.1 500.2 498.6 497.4 493.5 494.7 495.6 497.3 505.7 507.3 496.4 495.1 518.6 543.3 553.2 550.5 558.5 559.4 564.6 572 575.3 573.7 576.6 576.6 568.5 560.8 550.2 541.6 532.5 516.6 502.7 490.6 475.7 462.2 446.7 432.5 417.4 404.3 392 379.3 366.9
235.1 221.8 206.4 179.3 160.3 137.7 126 110.2 100.6 95.8 95.2 98.3 100.1 110.5 128.8 146.7 166.7 187.1 206.3 224.7 243 263.8 280.7 297 328.7 366.7 369.5 378.3 394.7 431.5 455 459 474.4 474.7 476.2 477.1 492.4 493.1 489.4 480.1 477.4 475.7 476.6 480.2 482.1 479 479 476.4 476.1 472.7 481.2 513.9 523.6 530.4 538.4 541.2 548.5 555.9 558 558.4 558.1 559.6 554.8 549.4 546.3 540.7 538.5 524.6 510.6 498.5 483.8 468.4 452.2 434.4 419 405.4 391.7 379.1 364.3
238 224.8 207.1 186.8 167.7 150 133 110.8 99.3 95.7 93.9 93.6 94.5 98 118.7 135.4 153.6 178.5 196.9 213.5 228.1 247.2 265.1 279.9 297.2 321.8 333.5 356.5 369.5 383.1 418.4 435.3 440.1 441.5 445.2 454.4 473.8 470.7 457.7 462.8 458.9 460.7 461.4 461 461.8 463.3 464.5 464.4 456.2 455.3 454.1 489.9 502.8 511.2 516.5 520.8 526.4 535.8 538.6 541.2 542.6 541.2 540.1 541.9 540.2 539.6 540.9 534.2 517.6 505.1 490.7 474.3 456.2 438.1 419.9 406.6 391 376.7 362.3
245.3 231.8 220.2 207.7 185.3 161.9 140.6 122 108.4 99.7 95.2 93.6 92 96.8 104.8 127.1 141.6 160.8 176.8 188.5 209.4 228.5 245.9 262.4 279.5 295 316.5 333.9 346.9 359.5 377.4 397.6 411.2 413.4 417.7 436.9 438.5 437.4 439.8 438.8 446 445.8 444.9 443.9 440.3 438.3 440.4 445 438.7 444.9 440 466.3 478.3 473.1 489.4 501.3 500.6 512.1 517.9 524.6 526 527 529.5 526.7 523.3 522.3 535.1 536.3 529 512.2 493.8 478.3 459.3 441.6 422.3 403.6 388.3 373.7 360.3
255.6 242.3 237 225.3 200.4 174.7 153.5 130.4 113.6 105.3 96.9 95.4 90.4 97.3 102 119.6 130.9 144.5 159.6 172.7 190.5 209.1 225.1 244.5 260.6 272 294.1 308.9 329.5 343.7 356.9 366.4 373.6 387.5 395.7 416.1 422.8 429.5 423.4 423.4 421.3 426.2 429.2 421 420 417.2 416.6 420.4 425.1 425.5 424.4 439.8 443.2 432.4 447.9 475.9 468.7 484.5 495.7 505 508.8 512.2 512.3 508.2 506.7 513.6 522.7 531.9 537.8 517.7 497.5 480.6 461.6 444.3 423.2 404.4 386.2 371.1 357.8
264.3 250 243.3 233.4 211.5 186.1 163.2 137.1 123.4 110.8 98.3 96.2 91.1 92.6 95.2 115 124 135.8 146.7 160.2 170.5 186.6 204.4 225.1 233.4 251 268.8 280.4 313.7 327.4 334.2 343.4 350.9 357.4 371.9 391.9 398.5 409.3 409.1 408.8 414.2 408.4 406.8 407.5 403.6 398.7 395.4 397.6 402.1 391.8 396.1 417.8 412.9 408.3 427.5 451.2 452.6 454 467.6 481.2 490.1 492.8 492.1 489.2 491.7 490.6 505.1 516.9 527.7 523.3 497.6 480.7 463.5 445.6 425.4 403.8 383.8 367.7 351.5
269.6 259.1 248.7 236.1 221.8 199.8 173.2 146.1 133.5 114.5 105.5 100.3 93.4 91.6 92.4 109.3 118.3 124.3 138.1 146.4 158.8 167.1 185.9 195.5 214.1 231.4 244.5 258.9 275.8 289.4 307.6 320.4 320.4 330.3 347.8 364.9 382.1 388.3 387.3 388.9 394.9 393 395.6 387.5 386.3 385.3 370.3 376.9 377.5 367.7 372.1 387.8 388.8 385.3 399.2 409.2 423.4 424.5 443.5 458.6 470.2 474.1 472.4 473.9 473.6 474.2 486.7 493.5 510.3 507.6 494.5 480.1 464 445.4 424.8 400.5 380.8 362.1 347.9
