Assets/StreamingAssets/GeoData/Data/nn/NN23.asc
ncols 200
nrows 200
xllcorner 220000
yllcorner 730000
cellsize 50
[rows 0 to 34 of 200, columns 0 to 77 of 200]
425.4 435.9 446.4 465 476.8 492 504.2 518.3 533.2 546.2 563.7 576.4 592.5 598.8 614.2 630.8 644.4 656.6 664.4 669.7 667.7 666.4 666.8 658.2 642 613.6 580.7 561.1 528.5 502.2 475.8 446.1 423.7 410.7 394.8 385.4 375.5 366.5 354.9 348.9 340.4 332 330.3 327.6 322.9 319 320.5 319.8 323.7 328.5 334.9 342.2 352.3 356.3 361.3 357.5 357.8 363.1 367.5 375.9 368 355.7 358.8 360.8 357 357.9 348.9 342.5 331.1 335.2 336.7 337 328 316.9 306 300.1 295.1 282.5
438.5 444.2 453.5 467.9 482 494.2 505.4 520.7 534 547.8 564.2 578.3 594.1 603 618.2 634.7 647.6 655.3 666.1 667 664.4 664.4 661 649.3 626.2 594.1 565.2 541 516.6 498.4 462 436.7 415.2 402.9 390.4 380.1 372.1 364.4 353.6 346.7 341 332.4 329.2 327.1 323.2 320.6 322.4 322.6 324.6 331.4 338.4 348.3 352.3 356.4 358.6 357.2 360 364 368.8 371.4 368.5 356.2 356.8 352.5 351.8 351.1 338.9 331.5 325.2 329 326.2 319.5 311.2 297.4 294.4 288.9 283.5 277.8
453.1 452.6 462.6 474 486.7 497.9 510.2 525.5 538.3 552.2 564.4 581.7 591.1 608.1 621.8 630.8 642.1 654.3 658.3 664.3 659.2 663.3 652.7 642.9 615.4 582.6 555.9 531.7 505.4 495.5 453.3 427.8 409.5 397.3 385.8 375.7 369.1 361.1 352.1 345.2 339.2 335.2 327.9 325.7 324.8 321.3 323.6 326 328 334.7 340.9 348.1 354.8 355.4 357.3 357.4 362.2 366 366.5 366.9 365.2 352.9 355.8 358.5 345.2 335.4 327.4 321.2 322.6 323.8 320 312.9 308.5 295.2 282.3 281.1 274.2 265.9
468.8 467.6 470.2 481.7 493.2 504.2 517.2 525 538 553.9 562.3 582.1 595.2 609.1 619.4 627.9 642.6 647.8 656.3 660 658.4 652.1 643.8 627.6 603 567.5 541.2 516.7 493.2 477 443.4 421.1 403.6 392.6 380.1 373.2 367.7 358.6 350 343.7 340.8 332.8 329.2 326.9 324.9 322.3 326.6 328.9 333.6 337.9 344.3 351.2 350.3 350.7 356.9 357.7 361 362.8 369.6 367.2 356.5 346.9 352.7 357 343 333.5 321.3 314.7 319.7 318.2 313.1 306.8 293.9 282.6 275.6 273.3 263.5 249.8
484.6 484.5 489.7 490.6 495.8 508 518.2 528.1 540.6 553.8 567.4 583.6 595.8 608.7 622.2 634.7 642.1 647.9 652.4 654 650.1 645.1 632.1 612.4 590.5 552.9 521.2 504.2 480 461.2 435.2 414.3 400.2 387.9 375.8 372.9 366.9 356.2 350.3 343.5 337.9 334.6 327.5 325 324.2 323.2 329.7 334.3 336.9 340.3 343.6 349.4 346.7 350.9 356.4 356.8 359.6 362.9 369.9 372.6 360.4 346.6 350.7 348.6 338.5 325.3 312.5 316.1 313.9 309.8 303.5 290.4 280 278 269.2 257.2 264.8 263.8
500.4 498.3 498.6 507.2 510.9 511.2 522.4 532.8 542.5 556.4 569 582.6 593.8 613.1 628.4 637.6 644.5 647.9 642.3 641.4 637 636.6 619.7 604.7 564.4 527.2 504.8 485 464.7 445.4 423.1 407.2 396.5 384.5 374.2 370.1 363.7 355.2 348.6 343.5 338.5 332.6 326.7 325.5 325.4 326.6 332 335.4 337.7 343.2 344.7 346.2 350 352.9 355.8 357.5 356.6 359.9 363 364.1 358.4 343.2 349.5 354.4 337.1 324.2 307.8 307.8 306.7 297.2 289.9 284.9 282.3 275.2 268.2 272 271.6 271.8
518.2 516.7 512.9 515.2 522.4 527 527.5 535.3 548.8 558.2 572 586.4 596.1 610.3 620.2 628.6 633.8 638.2 638.2 637.6 634.4 617.8 607.1 587.1 546 511.6 481.7 464.7 446.2 429.1 418.8 401.8 388.8 382 373.8 368.3 361.7 355.2 350.1 342.9 339.4 334.3 332.2 330.2 326.3 330.2 332.2 336.8 339.6 345.7 347.5 346.6 348.5 354.9 360.7 362.7 358.3 357.8 359.6 365.8 359.2 345.3 342.5 339.6 328.4 316.8 306.5 303.4 300 293.7 289.3 281.9 274.5 276.4 280.9 280.6 281.8 281.8
544.3 536.7 532.1 529.2 532.4 537.9 534.5 541.8 549.9 559.9 571.3 580.9 591.1 608.8 619.7 627 626.4 628.7 633.5 631.1 620.8 607.9 587.9 563.6 525.7 493.4 467.6 449.7 432.7 419.5 409.1 396 387 379.4 371.6 366.9 360 355.4 349.3 344.2 336.4 334.3 330.3 328.3 327.7 333 334.2 337.6 341.4 347.2 349.6 348.4 354.4 361.5 364.5 366.8 363.3 358.4 362 366.8 352.9 341.6 333.4 325.9 315.5 304 302.3 296.6 289 285 282.4 284.1 285.1 287 291 291.4 295 297
564.2 561.1 553.7 548.1 546 547.7 547.5 548.9 556.8 561.8 574.4 583.7 590.4 602.7 607.1 615.4 622.4 631.2 632.2 626.1 613 591.4 571.7 536.6 505 479.3 460.9 441.3 425.7 414.9 400.3 391.6 383.2 375 367.9 362.4 358 351.2 345.3 340.2 339 335.6 329.5 327.7 327.9 330.6 337 340.2 346.6 350.8 348.2 350.8 361.5 365.4 369.2 371.4 369.1 369.1 368.6 356.4 334.8 319.1 322.8 313.1 313.8 303.5 294.7 292 292.1 291.4 289.8 289.8 292.6 299.1 301.5 305.2 308.5 310.6
581.9 586.1 576.9 566 562.7 562 555.7 558.3 563.1 570.4 573.3 580.8 592.2 600.1 607.9 614.2 622.7 630.7 628 615.6 600.3 571.1 546.4 523.9 493.5 465.7 448.9 432.8 421.8 409.6 396.7 386.9 379.9 373.4 365.1 360.7 355.9 348.3 343 337.7 337.8 331.8 330 334.1 331.6 334.8 340.1 343 351.5 350.2 349.8 358.3 363.9 368.3 374.6 371 374.1 374.3 364.2 343.8 327.3 313.8 314.2 309.9 306.1 306 296.2 299.3 301.1 296.6 298.5 297.6 304.2 309.3 311.9 313.7 316.6 315.3
588.6 593.3 583.4 583.6 580.6 573.8 566.3 562.2 567.4 574.7 579.2 580.4 588 596.1 607.2 613.8 622.6 625.1 616.3 604.7 585.4 561.3 534.7 510.9 483 458 440.4 425.2 418.9 407.3 393 383.2 374.6 368.1 364.5 358 353.1 349.9 341.8 338.5 337.9 332.1 334.4 334.4 336.3 342.1 345.7 350.5 351.2 350.8 353.9 364.3 369.4 371.5 376 370.8 369.9 367.5 358.8 333.7 321.3 314.2 312.9 306.5 303.7 297.9 305.2 303.6 305.6 306.2 305.7 305.5 313 315.9 320.1 321.6 321.3 319.5
594.3 587.7 587.4 588.6 582.2 574.7 572.9 570.9 573 577.3 576.5 580.1 586.9 595.3 604.8 610.8 617.2 618.2 613.5 596.5 577 544.5 518.8 497.2 475.8 448.4 434.2 421.4 409.8 398.5 388.8 378.5 371.7 364.4 360.9 356.3 352 349.3 342.9 338 335.7 335.9 335.5 337.6 337.8 350.1 353.2 352.7 354.4 358.1 362.8 368.4 375 376.1 374 370.4 363.1 356 345.6 329 316.4 313.3 308.7 305.4 306.2 310.1 315.5 313.4 311.4 310.5 310.2 312.1 317.3 319.5 323.2 325 323 323.5
590.3 591.5 584.6 582.6 582.7 579.5 577.6 580.7 580.5 583.5 582.2 587.6 594.7 599.8 606.7 610.5 612.8 613.3 601.9 581.6 553.6 524.6 502.5 479.9 463.5 444.5 430.1 416.8 408.1 393.6 384.3 375.8 369.4 363.1 357.3 353.9 352.5 347.8 344.3 339.2 335.2 338.9 340.9 342.9 349.3 356 354.6 353.4 362.7 373.4 367.9 369.1 371.6 369.8 367.9 363.6 361.6 347.2 336.2 323.3 316.9 310.5 306.9 311.3 309.1 314.3 319.5 317.5 316.5 317.5 316.5 317.4 319.3 321.9 323.7 322.2 324.1 323.2
585.4 588.6 584.7 584.8 584.8 586 585.6 586.1 585.3 583.4 583.2 586.8 597.6 602.7 609.3 613.8 613.7 606.5 590.9 561.1 537.2 508.3 487.1 468.5 455.3 437.2 421.4 411.2 402.5 391.3 381.9 374.6 367.7 361.9 356.7 354.1 351.8 345.8 343.5 339.1 342.2 344.7 343.5 345 356.1 361 355.4 355.5 363.1 368 367.9 367.6 367.5 367.4 365.4 362 357.5 347.8 330.4 319.2 315.7 311.1 315.6 315.6 316.1 316.7 318.6 317.7 317.7 317.3 318.7 320 320.4 320.7 322.8 321.2 319.9 316.5
584.1 581 580.4 585.7 589.1 586.8 584.4 584.2 584 583.3 584 585.4 600.6 606.3 611.5 615.3 616 600.1 571.2 543.4 518.6 495 477.2 458.7 445.6 429.7 418.5 407.5 398.5 390.5 378 373.8 364.8 361.5 356.7 354.4 349 344.6 340.6 341.2 343.5 345.1 348.3 352.8 357.7 360.5 355.7 361.6 368.7 370 368.4 368 368.8 367.3 369.8 362.4 354.9 339.4 330.8 323 314.8 318.3 320.6 321.6 321.8 326 325.1 322.3 325.5 317.8 321.2 321.9 323.9 324.2 325.8 320.3 316 313.9
575.7 575.7 579 580.5 584.3 585.7 585.1 580.8 580.5 585.8 588.8 589.4 599.4 605.5 613.9 622.2 615.1 586.3 557.9 527.7 503.6 484.4 467.9 451.2 437.4 424.8 415.5 405.2 396.1 388.9 377.6 371.3 364.8 360.3 354 349.9 347.4 344.4 342.3 344 344.2 348.1 353 354.8 358.7 357.5 359 363.6 373.5 371 369.8 370.3 371.2 377.4 371.5 367.8 352.8 337.1 328.4 325 328.2 326.5 329.8 327.9 332.1 339.6 340.4 333.3 333.6 322.9 322.7 324.4 324.1 326.6 324.1 317.9 313.9 307.9
569.2 574.2 574.3 576.4 577.3 579.3 579.4 576.8 582.8 590.4 589.3 591.8 601.2 608.8 616.6 617.1 610.5 570.4 540.4 512.5 492.8 475.5 461.1 446.1 431 422.3 411.3 403.7 393.9 387.4 377.5 371.5 364 358.3 352.1 348.7 346.6 345.3 345.8 346.5 347.3 353.2 355.8 357.1 357.6 357.9 360.7 364.3 366 370.4 372.6 377 377.2 376.7 369.1 361.9 348.4 336 336.1 335.4 336.2 334.4 336 340.9 342.9 347.4 345.8 340.3 333.4 326.8 320.8 321.5 324.6 325.7 320.7 313.7 308.5 297.8
565.9 572.3 571.6 568.5 570.8 572.5 572.9 576 579.3 588.7 593.1 599.4 603.5 614.3 613.9 610.7 595.9 558.9 530.6 503 483.2 465.9 452.9 441.8 425.9 417.8 407.4 401.3 396.1 387 378.1 366.7 362.8 358.4 355 348.9 346.1 345.6 348.3 350.4 350.6 352.3 353.9 356.4 360.3 358.5 361.8 363.8 366.5 370.9 376.8 374.7 374.3 372 363.7 356 346.9 347.2 344.8 344 347.4 343.3 346.3 353 352.5 353.1 347.6 343 330.1 320.9 314.9 315.4 320 320.3 311.8 308.5 303.3 285
558.7 565.3 563.8 563.8 565.7 566.8 567.8 573.1 581.5 590.4 593.3 597.9 601.3 607.4 611.7 602.5 583.7 556.2 525 494.1 474.6 458.7 446.3 434.8 423 415.9 405 400.6 396.1 391.5 382.8 368.9 364.4 359.7 355.2 349 346 345.9 347.7 350.9 352.1 353.5 355.7 356.5 358.4 359.9 362.6 365.2 367.8 370.6 373.6 376.8 376.2 369.4 361.4 356.2 356.4 355.4 352.8 351.5 353.9 351.3 355.2 358.6 356.8 359.2 355.4 346.5 336.9 323.9 314.8 314.3 312.8 314.1 306.2 300.1 285.3 272
551.3 560.3 559.9 559.6 560.2 562.7 566.3 576.2 586.7 589.8 594.9 598.5 597.4 597.8 600 593.6 572.3 544.4 510.9 486.1 466.6 453.4 442 430.2 419.8 411.9 404.6 400.2 395.1 391.9 387.3 372.9 368.4 363.2 361.3 349.3 347.4 347.9 350.9 355.9 354.3 356.8 356.6 358 359.4 361.2 366.3 372.3 372.6 376.6 379.6 375.2 372.6 367.3 360.9 363.6 363.4 361.9 362 359.6 360 360.6 365.3 367.4 365.3 367.6 360.6 356.8 340.1 325.9 315.7 313 312.3 309.1 298.1 286.8 278.6 263.2
545.7 555.9 555.9 554 557.5 561.4 565.2 578.3 587 589.5 596.4 602.9 603.2 599.7 596.3 582.3 557.9 526.7 505 480.3 461.9 449.2 438.9 427.3 415 406.5 400.7 398.4 393.7 391.5 387.2 376 369 363.2 359.2 352.3 349.6 350.9 352.7 355 357.1 359.2 357.8 358.1 361.3 366.5 367.9 375.7 378.3 379.7 378 377.7 374.6 372.5 370.3 374 371.2 370.6 373.3 366.7 366.2 366.9 368.7 368.3 372.5 374.6 367.4 360.3 342.4 327 322.8 315.8 311.4 304.2 293.6 275 265.5 260.3
545 550.6 551 548.3 549.8 562.2 567.4 574 580.1 592.5 598.1 602.8 604 596.8 588.4 570.4 540.6 517.5 494.3 474.3 457.7 447.6 434.9 424.1 413.8 405.7 398.4 398.3 398.6 396.4 388.9 387.6 371.9 365.9 361.2 355.2 350.5 353 354.8 356.4 358.7 359.2 358.2 359.4 368.6 373.3 376.3 378.6 377.8 378.9 380.3 378.5 377.3 380 381.6 380.1 377.2 379 378.8 373.4 373.2 372.7 372.4 373.3 381.1 372.9 374.1 363 346.1 332.3 328.2 313.2 304.5 294.6 280 269.1 258.7 251.1
534 543.4 545.3 544.2 551.4 560 570.2 576.6 587.8 595.4 601.3 605.5 601.5 594.8 582.6 562.7 531.4 506.4 487.5 470.7 454.9 442.7 432 423.3 410.2 403.7 397.3 395.8 397.8 396.5 392.6 389.7 377.9 369.4 363 353.9 352.2 354 355.5 358.6 358.9 362.4 359.6 362.5 374.1 380.3 380.1 381.9 388.8 385.7 383.8 384.8 386.9 388.1 390.8 387.5 388.4 386.1 384.7 382.5 383 378.7 380.2 376.6 379.3 373.6 370.1 363.2 345.2 330.8 322.4 314.1 296.4 288.5 275 268.9 253 251.6
534 540.4 539.7 545.4 554.7 560.8 568.6 581 592.7 601.2 608.1 606.3 601.6 594.9 579.7 549 523.2 499.5 482 466.5 451.4 440.1 429.4 421.1 408.1 403.6 399 393.9 392.8 398.6 391.7 387.9 381.8 366.5 358.7 354.2 359.1 356.7 356.4 358.6 362.5 366.4 361.9 369.1 378.5 385.1 384.6 391.2 393.3 390 391.1 391.7 392.1 394.3 398.1 393.6 395.2 390.6 389.9 391.2 395.9 397.7 384.9 378.1 376.6 370.7 364.2 351.1 335.7 324.8 317.1 303.1 289.4 279.1 271 258.7 255.8 257.5
532 530.8 536.3 545.9 553.6 561.5 572.6 583.9 590.2 600.6 604 601.5 598.5 589.7 567.5 543.2 516 493.6 478.8 461.8 451.4 437.5 426.9 417.1 406.5 400.6 397.7 396.4 396.3 389.7 390.6 386.3 382.3 367.5 358.9 358.1 358.5 360.5 360.3 361.5 366.1 365.5 366.4 376.5 384.9 395.1 400 409.1 397 397.8 399.8 401 401 402.4 403.6 403.3 400.3 397.4 391.3 397 398.1 399.4 387.1 384.3 379.4 374.8 362.6 343.7 326 316.1 307 292.1 281 274.7 262.5 260.5 264.9 264.1
527.7 534 534.2 542.1 550.8 565 577.6 585.9 588.7 596.7 602.1 601.6 592 580.2 555.3 528.3 508.8 490.8 477.9 458.2 447.3 436.3 424.4 413.5 404.3 399.5 396.9 398.7 396 391 386.7 379.7 380.1 367.4 359.1 361.2 363.2 367.9 367 365 370.8 369 373.7 390.5 400.3 406.4 411.4 410.2 403.1 408.2 408.4 408.6 410.5 414.5 415.8 412.1 407.4 404.1 395.5 400.3 404.3 401.6 390.2 386.1 383.7 375.6 356.7 336.2 323.3 310.4 297.4 283.9 277.9 265.5 263.2 268.1 272.3 269
524.1 526.6 529.4 538.2 550.1 562.1 576.7 589.5 597.4 608.2 606.1 596 586.4 575.4 544.5 524.1 506 489.2 472.1 456.4 442.9 434.5 425.1 414.4 403 397.9 396.9 396.3 393.5 386.1 385 378.4 367.3 361.8 370.1 366.3 370.3 374.9 378.3 375.5 375.6 379 378.9 396.8 404.7 413.9 419.4 416.5 413.7 413.4 419.4 418.9 420 419.2 422.8 420.3 416.5 409.5 401.9 405.9 408.5 399.8 398.4 391 375.3 359.3 346.2 331.4 318.9 307.1 293.3 280.1 273.1 261.6 271.2 274.9 279.3 282.1
524 527.8 530.3 542.1 558 571.2 582.6 587 598.3 600.4 594.6 585.6 580.3 567.6 545.2 520.5 504.9 490.3 474.3 454.3 442.8 432.7 422.5 413.6 403.2 397.4 396.3 395.9 396.1 384.1 377.2 368 367.6 365.5 372.5 371.6 372.8 374.2 381 378.2 384.1 389.5 394.8 408.2 419.1 422.9 427.7 422.5 421.6 424 428.8 432.9 428.1 428.1 428.8 425.1 424.2 416.4 411.7 406.9 414.6 400.7 399 388.6 367.9 349.4 338.7 323.1 315.2 300.8 289 275.7 271.6 278.8 280.9 287 289.6 295.7
522.3 528.5 537 541.7 555.3 566 573.8 579.4 589 585.9 584.4 580.2 574.9 561.1 540.1 517.4 500.7 487.8 470.9 456.2 444.3 431.2 423 408.7 402 396.7 395.8 396.8 394.5 382.7 372.9 377.6 369.7 369.6 372.8 378.3 380.9 379.8 385.7 383.7 385.5 396.1 405.3 422.5 427.4 434.2 436.3 432.8 432.3 435.3 435.5 439 434.3 435.5 435 428.8 427.1 421.7 414.8 408.3 411 396.8 390.7 381.7 362.8 347.3 330.7 317 308.3 300.2 288.1 277.2 285.9 292.3 297.6 294 301.9 307.8
521.1 525 528.3 531.2 548 557.6 562.4 566.5 575.5 578.5 577.5 576.9 568.8 556.3 536.8 515.6 498.2 483.1 466.9 451.9 441.2 428.1 419.5 409.8 402.3 394.8 394.1 390.4 385.6 379.7 387 381.5 372.7 373.5 379.1 388 392.6 390 395.9 396.2 400.8 412.3 432.1 438.9 439 441.5 444.6 438 445.7 442.2 441.6 446.4 442 444.6 439.7 435.9 430.5 422.8 417.3 409.3 402.9 396.4 389.7 369.6 358.6 344.4 327 316.5 301.8 291.8 285.4 289.5 299.1 306.5 311.3 307.3 315.7 322
512.5 518.8 525.2 527.2 545.9 553.2 559 566.9 572.4 574.4 580.2 580.7 568.8 556.8 536.3 513.2 499.3 479.8 463.4 452.8 441.5 427.1 420.4 408.4 402.9 398.4 391.6 393.6 387.6 385.1 383.9 386.5 379.4 379.2 381.1 390.5 398.8 401.5 403.5 404.6 419.8 423.5 434.8 444 448.8 452.7 452.2 451.2 455.3 452.1 453.1 450.6 450.1 452.5 442.7 438.2 426.9 424.4 421.6 413.1 401.8 393.9 390.4 370.4 354.9 334.2 321.1 312.5 296.9 289 294.8 304.2 312.5 318.7 322.1 322.8 325.9 333.4
510.2 515.7 523.4 528.3 546 553.3 558.2 570.2 576.1 581 579.1 583 571.4 557.1 537.2 511.7 493.3 476.2 463.7 452.2 441.1 426 416 406.3 400.9 395.4 393.7 391.6 391.9 387.9 389.1 388.5 384.8 388 390.9 400 401.3 409 411.8 415.4 427.7 433.3 439.8 450 458.5 464 458.8 459.1 461.3 456.7 457.7 457.9 454 451.7 440.5 435.6 426.7 423.1 417.4 402.6 393.1 386.4 376.5 357.5 340.4 324.7 316.8 301.2 294.9 301.4 309.6 316 325.3 329.3 333.4 338.4 339.6 348.2
512.2 521.6 528 531.1 540.4 556.7 560.1 563.5 578.7 577.3 585.1 580.9 570.4 560.3 535.1 512 493.1 475 466.3 453.2 438.3 425.9 413.8 404 401.4 397.6 393.3 397 393.7 390 393.2 391.8 390.4 397.5 397.9 402.6 406.2 412.3 415.6 422.8 436.3 445.4 449.2 458.9 467.3 470.6 463.2 464 465.6 464.1 462.3 462.2 455.5 451.6 436.9 428.2 426.4 409.8 398.4 392.9 380.1 370.7 361.2 341.6 330.2 320.5 306.1 298.6 309.1 314.7 322.7 329.9 335 341.7 344.4 351.9 359.2 364.5
513.8 524.8 531.3 542.2 541.8 551.8 560.3 564.5 576.3 582.7 590.7 584.2 572.9 548.1 527.5 511.4 489.9 473.9 462.6 449.8 437.4 423.1 414.5 403.4 397.4 394.6 394.1 396.2 392.1 391.3 395 393.8 400.3 402.5 400.8 407.8 408.9 410.4 427.5 440 444.2 452.3 456.2 466.8 470.8 474.2 468.8 467.3 469.1 475.8 473.5 467.8 459.4 451.7 435.1 421.8 405.9 396.1 388.1 381.3 373.8 356.4 343.7 330.8 321.6 312.4 307.7 313.5 321.8 330.5 336.6 342.2 347.4 353.3 361 366.4 374.5 383.3
518.7 525.9 540 549.1 550 559.7 560.5 561.9 581.2 584.3 588.2 571.2 556 532.5 522 507.3 488.2 473.8 461.4 446 432.2 419.5 409.1 400 397.4 393.7 395.2 394 393.1 397.4 394.9 397.5 405.7 410.7 412.7 416.1 419.8 425 433.9 442.8 448.7 457.7 463.9 467 471.5 474.3 469.2 471.8 475.2 480.4 475.1 462.7 458.7 440.2 428.6 414.1 404.4 391.4 381.8 362.7 349.1 335.8 329.8 326.2 314.9 319.6 323.3 326.8 335.7 342 349.8 355.7 363.2 370.9 378.6 387.5 396.1 402
