Assets/StreamingAssets/GeoData/Data/nn/NN25.asc
ncols 200
nrows 200
xllcorner 220000
yllcorner 750000
cellsize 50
[rows 70 to 104 of 200, columns 0 to 77 of 200]
304.8 309.6 313.2 314.8 318.6 319.8 317.6 325 327.2 336.2 339.8 340.2 348.7 362.7 362.8 361.3 361 358.2 364.7 364.6 363.5 366.7 368.2 364.2 361.8 364.6 364.5 363.6 364.6 361.5 356.4 351.1 347.2 345 340.8 337.2 332.7 328.8 327.1 323.1 315.6 306.2 308 304.8 312.6 317.5 325.4 343.4 347.8 366.2 387.1 413 435.8 450.4 467.1 493.2 509 525.4 543.5 560.2 579.2 594 605.6 616.9 635 637 628.5 627.5 633 627.7 633.8 638.2 643.5 644.5 652.8 666.3 676.4 685.4
302.3 305.5 305.9 307.3 310.5 311 311.5 315.7 317.5 324 325.9 330.4 339.8 345.4 345.4 349.2 349.3 347.6 353.5 356.6 350.3 355 357.1 354.3 359.8 362.3 356.4 355.8 356.1 353.5 351.6 346.3 346.2 340.2 333.3 330.9 331.1 322.5 319.1 316.2 307.5 298 304.4 299.7 305.6 311.5 325.7 332.1 342.6 352.4 381.8 412 430.9 458.3 479.5 499.7 514.7 528 546.5 561.1 585.7 603.2 611.6 617.2 631 632.2 627 625.4 626.4 621.9 629 632.7 631.7 636.1 643.7 650.7 662 668.6
298.8 300.1 302.8 304.9 303.5 309.5 305.5 306.3 316.5 318.4 321.4 328.1 332 330.3 336.4 340.2 341.8 337.6 337.2 341.9 345.6 343.4 347.2 350.7 352 353 353.7 353.5 347.8 345.2 343.6 338.5 337.6 334.9 329.7 325.1 322.4 318.3 314.2 304.3 297.8 294.8 294.6 293.9 296.9 302.1 311.7 316 325.9 343.9 360.4 389.2 409.6 444.6 459.4 476.8 493.5 514.5 524.7 563.7 590.9 592.2 601.1 613.8 620.3 616.5 618.6 619.4 620.3 617.4 620 623.6 625 627 628.7 642.1 649.8 655.8
297.2 298.9 300.1 298.8 300.1 300.1 304 305 307.3 311.8 315.6 317.8 321.2 331 334 334.6 335.5 330.7 325.7 331.4 337.7 337.5 337.5 340 344.7 348.7 350.3 350.3 344.3 341.8 341.7 333.3 330.5 324.3 322.4 319.2 313.7 313.9 307 294.9 292 290.2 289.8 288.3 291.1 292.7 296.2 303.3 308.8 323.8 336.6 352.1 374.7 396 411.4 426 440.3 473.5 479.1 512.9 541.2 554.8 566.9 574.9 572.6 600.9 609.3 610.3 610.5 611 614.3 613.3 614.9 616.4 613.4 629.2 635.7 642.5
296.4 297.9 298.7 298 297.7 300.7 301.1 302.7 304.9 310.1 309.8 309 314 319.5 325.1 325.2 322.7 322.1 324.6 325.6 328.6 331.3 336.2 336.2 339.8 343.5 342.7 341.2 340.4 341.3 335.4 331.6 326.7 321.4 315.6 311.9 307.1 302 293.5 287.7 284.6 285.6 285 282.5 286 286.1 286.3 289 294.3 304.8 313.3 325.9 345.8 361.7 372.4 392 399.7 418 434.6 447.1 471.4 496.2 512.6 526.1 534.7 549.2 569 576.2 588 594 599.3 600.8 603.5 602.9 602.4 610.8 619.7 623.1
294.3 294.8 296.5 297.5 298.2 299.2 301.2 301.9 304.4 307.1 303.6 305.6 310.7 310 312.6 310.1 315.9 314.6 327.7 319.1 322.2 325.4 330.7 331.8 340.6 337.2 334.9 336.2 339.6 335.9 333.2 323.8 319.2 317.9 315 308.5 301.7 291.8 281.9 280.8 280.7 281.8 281.7 280.6 281.3 280.4 282 283.3 286.9 295.3 299.7 305.5 316.6 330.8 343.5 356.4 366.2 381 393.3 406.1 420.9 441 455.5 482.1 486.6 497.3 507.3 524.9 539.4 551.9 561.2 571.7 577.2 577.8 579.9 580.5 593.8 598.4
296.1 297.3 299.1 299.5 299.1 298.4 298.3 299.8 301.9 300.5 303.3 305.1 306.1 307.2 306.9 306.8 307.9 314.3 314 310.1 314 318.7 323.6 324.9 329.9 328.4 332.8 335.6 331 328.4 321.2 315.9 318.5 316.8 312.7 305.9 297.3 284.1 278.1 277.8 277.7 279.2 279.2 277.3 277.2 276.3 274.2 276.6 281 284.5 288.5 292.8 298.9 309.9 316.1 326.4 337.1 350.3 360.7 373.8 387.3 401 413 425.2 445.6 455.6 474.7 482.9 492.7 504.1 516.6 529.7 536.2 547.2 551.9 541.3 559.4 567.2
300.7 304.4 302.4 302.9 300.4 300.6 301.4 302.3 301 302.6 304.2 306 305.8 305.3 304.5 306.5 304.7 306.7 308.7 306 309.1 313.8 316 320.7 324.9 329.2 331.3 330.5 326.3 324.5 314.7 314.9 317.2 317.5 304.9 300.4 287.6 278.8 275.9 275.5 275.3 277.6 276 275.1 274 273.4 272.7 271.9 274.6 276.4 278.8 283.3 287 293 300.2 305.7 314.7 322.5 335.5 346.5 356.9 367.4 379.3 395.7 410.8 421.3 431.4 445.3 455.5 467.9 478.6 488.6 500.4 509.4 514.1 516.6 494.3 527.5
306.7 303.7 306.6 304.2 302.8 302.7 304.6 301.8 303.5 305.5 304.8 305.2 305.8 305.6 304.2 305.1 304.9 305.6 305.7 307.2 307.4 308.8 311.2 314.9 315.1 323.5 327.4 323 321.4 317.6 313.6 311.2 309 308.7 302.8 290.3 279.6 276.9 276.8 278.9 275.7 274.9 274.3 276.8 275.8 275.3 273.2 272.8 272.6 275.7 273.7 276.3 278.9 280.4 289.1 294.1 296.7 304.2 318.1 322.9 330.1 341.3 352.8 366.3 376.5 388.9 399.7 409.1 420.2 432.5 443.5 456.6 463.2 476.1 477.7 482.9 483.5 491.7
314.5 312 312.9 309.5 308.1 308 306.2 306 308.4 306.3 305.5 305.2 305.7 304.9 304.1 304.8 303.6 301.6 301.6 301.6 306.5 306.7 307.6 309.4 311.2 311.8 313.8 318 314.5 314 312.6 309.3 306.7 301.3 293.6 280.5 277.1 276.7 281.4 277.9 275.8 275.9 275.7 278 279.3 277.2 277.3 277.9 271.4 271.9 271.8 272.1 272.8 275.3 277.6 283 286.9 291.7 300.5 306.9 308.9 317.6 329.2 338.9 350.6 360.8 371 382 390.8 399.4 411.1 420.3 430.7 442.1 446.4 451.9 456.2 445.1
326.9 325.2 322.1 317.4 317 313.8 314.5 311.7 308.7 308.3 306.8 306 305.1 304.7 304.6 306 305.5 306.6 304.2 303.7 304.3 304.6 306.5 305.1 310.8 314 313.2 309.4 311.5 311.5 311 310.4 303.4 292 283.8 278.6 277.7 280.9 280.3 278.7 277.3 276.8 278.5 278.5 279.3 281.5 277.7 276.4 274.1 271.2 271.2 270.8 271.3 271.1 270.9 277.7 279.3 284.7 291 291.7 293.2 299.8 308.6 319.2 330.3 339.3 348.7 354.8 363.6 372.5 384.3 392.1 401.5 410.1 417.4 422.3 427.5 417.4
341 335.5 331.9 329.1 324.9 321.9 316.3 314.8 314 315 308.4 308.2 305.2 305 306 306.6 306.7 306.4 307 306.3 303.9 305 304.1 305.6 310.7 314.7 313.7 307.1 306.4 306.5 308.3 307.7 295.3 286.6 279.5 278.6 280.7 283.3 282 280 280.3 279.2 280 279.7 281.1 278.1 276.9 276.5 272.5 271.5 270.4 272.3 270.8 270.1 269.4 270.8 275.3 278.1 282.5 282.9 284.3 287.1 294.8 302 313.1 321 329 335.2 341.4 353 361.2 371.3 379.2 384.9 392.4 398 402.7 403.5
366.6 354.6 346.3 339.4 336.4 329.2 323.1 325.6 320 314.8 311.8 308.7 307.1 306.3 306.5 307.7 307.9 307.3 312 306.1 303.5 303.5 305 306 311.3 311.4 309.3 307.4 302.4 305.2 296.8 294.8 288.2 278.9 280.1 281 285.9 284.1 283 282.5 283.9 282.2 281.3 283.2 281.8 279.7 277.1 274.2 272.5 271.1 270.2 271.9 272.5 271.4 269.1 269.2 272.3 276 276.4 277.5 277.4 280.4 285.6 291.5 299.7 308.5 314.2 320.7 328.1 336.8 344.8 351.5 360 364.2 369.3 376.1 381.4 382.2
393.9 385.9 368.1 355.7 348.1 340.7 338.7 337.9 331.9 321.9 314.4 311.9 308.5 307.4 307.2 310.2 308.8 307.7 307.6 307.6 304 303.4 304.7 305.4 310.3 307.6 305.6 305.2 301.7 299.8 298.3 286.7 280.2 282.1 282.5 289.3 286.7 286.7 285.5 291.9 288 285.9 284.3 285.6 284.3 282 279 276.4 273.8 271.5 270.6 270.6 270.9 271.3 268.9 269.3 272.1 271.6 272.5 272.4 273.8 274.6 278.2 283.1 289.1 295.6 302.8 309.9 317.7 325.7 331.3 337.3 346.2 348.1 351.6 359.6 363.8 363.5
425.8 411.4 396 388.4 373.5 357.5 348.2 342.3 335.7 327 321.6 316 311.7 309.5 308.6 309.2 308.5 307.2 305.5 304 305 304.2 304.5 305.3 305.6 304.2 297 294.2 295.4 297.5 293 280.5 281.8 285.1 287.8 290 289.8 289.4 291 295 293.9 290.8 288.3 288.3 287.3 284.9 281.1 277.8 274.6 271.5 270.6 270 270.5 270.4 268.3 269.7 269.9 269.8 270.2 270.7 269.5 271.8 276.4 278.7 281.9 285.5 291.9 298.4 306.1 311.6 318.2 322.9 328.1 329 334.4 339.5 345.1 348
467 448.4 431.1 407.4 390.4 376.6 360.8 351.1 344 334.5 328.9 325.1 316.3 313.1 309.4 308.6 308 307.3 304.5 304.8 307.8 308.5 303.5 306.6 306.7 303.3 294.8 291.7 292.1 288.3 281.5 281.7 283.3 287.7 290.8 293.3 293.5 295.7 297.1 298.9 297.6 295.3 292.8 293 290.4 286.2 283.7 279.7 276 271.5 270.3 269.1 270.4 271.4 267.5 267.9 266.5 266.9 271.4 269.2 268.3 268.9 270.7 273.6 276.8 279.9 285.4 288.8 294.9 300.1 305.9 305.9 310.7 316.1 322.1 327.4 332.4 333.7
519 482.1 461.3 430.2 413 396.2 387 367.2 354.5 345.4 336.1 327.6 320.8 316.3 314.5 308.7 309.7 306 305.1 305.6 307.5 309.5 303.8 306.1 302.5 295.1 292.7 288.5 283.1 283.1 283.4 282.6 287 292.6 295 297.2 298.2 299.1 301.4 305.1 302.8 303.5 301 297.1 293.8 288.8 286.6 281.5 276 271.6 269.9 269.8 270.4 271.4 268.5 267.9 268.4 266.3 269.1 268.3 267.5 267.8 267.9 270.9 272.2 275.5 276.2 279.2 284.8 291.2 292.5 294.2 298.1 305.9 311 316.4 319.6 322.4
555.6 546.6 518.5 493.1 450.8 431.5 407.4 385.6 372.5 362.4 344.8 333.4 327 322.6 318.5 313.3 310.7 307.8 305.7 306.2 306.8 308.3 305.9 300.9 301.2 296.5 287.7 284.7 284.3 284.1 284 286.8 297 296.4 303 302.5 303.2 304.3 311.5 313.2 306.9 305.4 304.6 301.7 301.5 293.8 290.2 285.3 279.6 274.8 270.7 269.3 269.3 269.6 268.1 270.6 268.4 267.7 266.8 267.6 267.9 266.6 267 268.5 269.4 270.9 270.3 274.2 278.4 280 279.5 285.2 289.7 297 302.2 308.7 307.1 309
609.1 586.4 551.2 525.7 500.1 456.2 421.8 410.9 400.1 371.7 358.8 347.7 336.6 331.3 325 316.8 308.7 308 309.7 307.1 305.8 308.9 302.4 298.9 296.9 295.4 295 286 285.2 284.9 285.8 297 298.5 299.2 304 309.9 311.6 311.3 316.5 323.7 318.5 311.1 308.9 309.3 305.3 301.3 296.4 291.7 284.3 279.8 274.1 271 269.2 268.6 269.2 270.2 270.5 268.7 265.6 267.1 266.2 268.2 266.7 267.5 267.7 266.8 267.6 271 271.6 274.4 273 283 284.8 290.7 293.2 296.1 299.1 300.6
655.7 636.8 600.3 548.7 510.3 479.8 455.3 431.7 409.4 386.7 374.6 368.8 359.7 347.2 331.2 322.3 311.2 308.6 309.4 304.9 302.2 299.4 298 295.9 296.9 300.1 288.1 286.3 286.1 285.2 299.2 300.6 302.3 305.4 309.3 316.5 317.6 317.6 323.7 329 324.3 319.4 315.7 312.9 311.6 308.7 302.2 295 289.2 283.2 280 277.6 272.8 271 271.5 273.2 271.2 268.2 267 265.4 266.1 266 265.5 265.6 266.6 264.7 264.6 267.7 265.2 266.4 269.9 273.7 280.2 285.4 285.4 289 290.7 291.8
698.6 674.3 620.7 568 530.3 511.6 493.6 468.8 420.8 407.4 398.3 384.1 364 351.5 337.3 326.8 319.5 309.6 308.2 304.7 302 296.1 298.9 299.9 298.2 287.7 288.1 286 290.7 297.8 301.8 304.4 310.2 316.4 321.3 325.3 327.1 332.6 346.9 338.4 334.6 328.4 325.2 322.2 318.9 316.7 308.6 300.5 294 291.3 286.2 282 278.4 276.9 275 272 270.6 268.7 266.8 265.9 264.8 264.8 264 263.9 264.6 264.8 264.6 263.7 263.5 263.9 266.1 271.5 274.7 279.4 281.1 283.3 284.1 284.7
742.6 712 660.5 596.5 570.3 542.3 500.8 459 446.7 414.3 398.8 379.3 362.4 347.2 338.9 328.5 324.7 315.9 310 305.2 301.4 304.7 305.3 308.8 298.9 297.1 294.6 295.7 302.1 307.7 308.5 309.2 319.8 327.4 333 337.3 340.2 342.2 348.8 347.5 349 339.7 333.1 332.8 327.5 322.2 314.7 309.2 302.9 297.6 292.5 288.3 285.9 282.7 280.4 275.3 272.5 269.2 267.2 266.1 265.1 264.5 266 265.2 263.7 262.4 263.9 263.5 263.1 263.1 264.9 269.8 272.1 274.3 277.2 278.1 278.3 277.6
748.1 704.1 650.2 614.8 580.6 540.4 475 451.6 430.6 408.1 389.5 373.6 358.3 346.4 337.2 329.1 329 319.8 310.8 305.9 310.8 309.5 307.8 315.9 313.9 313.5 310.2 313.3 315.8 315.9 314.7 316.7 325.9 326.4 337.7 344 346.6 352.7 355.6 359.9 355.9 352.7 351.7 344.9 337.8 329.1 324.1 318.3 314.4 315.4 301.6 300.8 295.3 290.6 286 280 276.2 272.2 270.6 268.6 266.4 267.7 266.2 265.2 264.9 265.1 263.2 262.2 263.4 263.1 262.8 266.9 270 271.4 272.4 273.2 273.3 272.3
721 670.5 632 593.4 542.4 485 457.2 434.9 413.1 394.4 379.4 366.4 354.6 345.4 338.4 335.2 326.7 316.1 306.4 311.4 314.8 313.7 314 328.8 324.3 326 325.8 325.9 334.2 325.8 328.1 326.8 326.4 336.2 354.4 363.2 364.8 364.2 368.9 372.4 373.3 381.4 362.8 354.2 346.3 341.4 334.2 329.8 324.3 317.7 314.9 311.3 303.7 298.3 292.2 287.3 284.6 280.4 276.9 273.3 269.5 269.6 268.8 266.9 265 264.3 264.2 263.2 262.6 262.9 262.9 262.9 269.8 264.6 267.4 268.2 268.9 268.1
682 641.8 603.8 561.5 497.8 464 438.2 415.3 401.2 384.6 370.9 359.4 349.7 339.7 335.1 329.4 318.9 309.2 311.8 316.7 318.9 317.7 323.9 335.7 345.9 341.7 346.6 351.4 351.7 351.3 347.7 342.8 343.1 362.5 369.2 377.4 378.8 383 384 386.1 402.2 395.3 373.8 366.8 360.8 354.5 348 342.6 335.7 329.9 328.3 321.9 315 307.5 300.3 296.7 292.6 286.9 284.4 279 275.5 272.2 271.1 266.1 264.8 264.5 264.1 263.7 263.4 263.1 262.6 263.5 262.7 259.8 260.1 260.9 262 262.8
647.1 611.7 572.1 519.7 474.1 444.9 421.8 402.3 389 374.2 363.9 351.2 341.2 335.2 328.5 319.2 310.3 314.1 317.7 325.4 325.5 327.2 337.7 345.8 363.1 356.5 364.2 371.4 372.7 375.8 378.3 374.9 397.5 399.5 390.4 395.9 395.8 391.3 397.1 398.4 419.9 417.2 390.8 382.5 377.7 369.1 361.8 354.9 350.5 346.3 341.2 334 326.9 320.5 314.5 304.4 301.1 296.3 296 288.3 282.8 276.8 269.8 269.2 265.2 264.4 264 263.6 263.6 263.5 262.3 261.2 260.8 257.3 257.5 256.5 254.7 252.3
626 581.1 543 495.6 457 428.8 409 389.9 377.4 364.2 353.2 342.2 333.8 328.9 321.2 313.6 316.9 320.9 325.9 330.5 334.7 340 348.4 358.4 376.3 378.2 382.6 386.6 396 399.2 404.4 407.7 422.5 453.7 447.5 429 415.8 414.7 417.4 419.1 429 424.4 414.2 405.6 398.1 392.2 380 373.5 369.2 365.2 359.9 345.9 337.5 330.7 325.2 315.8 308.8 306.6 305.1 297.2 288.5 284.1 278.1 274.9 268.6 267.7 266.1 265.9 265 263.7 263.4 262 261.3 261.6 262.5 260.8 257.2 253.7
591.1 552.2 515.3 488.7 444.4 412.2 394.3 379 363.7 352.2 342.9 333.2 328.1 323.7 316.7 320.4 323.2 329.4 334 340.2 345.5 350.5 362.5 377.4 389.2 397.1 405.3 413 422.9 438.9 437.1 444.2 499.7 496.8 467.5 445.9 434.6 428.3 428.3 454.3 462 448.3 438.9 431.8 428.7 415.3 406.7 399.1 388.8 385.7 373.1 360.2 352.7 344.4 337.6 332 321.1 318.2 311.7 304.8 301.7 292.7 287.5 279.7 274.2 272.2 270.2 268.9 267.3 265.5 264.6 264.3 264.3 264.2 264.1 263.1 259.1 254.2
557 530.6 497 454.3 418.1 399.1 380.5 365.6 351.8 344.8 335.3 330.6 324 319.3 322 324.7 329.8 334.1 345.4 349.8 355 364.8 378.6 398.3 413.3 422.6 432.2 441.7 451.4 470.4 480.9 553.9 542.3 504.1 486 473.3 472 464.7 450.3 474.5 491.5 482.1 467.4 478.4 455.9 444.4 437.9 429.3 415.5 403.7 389.2 381.1 371.1 363.9 352.9 344.4 337.8 328.8 318.5 314.1 307.1 301.5 295.8 288.9 281.9 276.2 275 271.8 269.1 267.2 268.5 267.2 268.9 266.9 266.4 262.7 258.8 256.2
529.7 496.6 467.5 427.2 404.3 384.7 370 357.4 344.3 336.9 330.3 325 320.7 320.3 323.6 329.1 334.2 340.2 349.5 360.7 369.1 381.1 395 415.5 434.9 450.4 461.6 478.1 493.2 507.6 542.3 563 563.4 528 520.3 527.6 496.7 469.9 471.1 499 512.8 511.5 512.6 520.6 500.3 481.6 481.9 459 440.2 430.4 413.5 402.7 391.3 384.7 371.1 360.7 342.6 339.9 330.7 323.2 316.8 311.1 305.9 296.8 290.9 283 277.3 274 272.8 271.7 271 271.1 271.4 270.9 267.5 262.5 259.8 260
500.6 465.9 443.3 410.8 390.4 372.9 360.9 348 338.6 332.5 328 323 321.1 324.3 327.1 332.6 338.9 348.3 359.8 374.5 384.6 400.8 416.6 438.4 466.5 478.7 492 516.1 540.4 567.4 567.6 586.9 579.4 561.1 587.8 542.7 505.9 470.2 501.3 515.5 529.6 539.6 544.7 547.9 555.1 546.7 517.6 484.1 475.6 460.2 445.6 426.5 412.1 403.3 392 377.2 365.7 353.8 343.4 333.3 325.5 316.2 312.6 306.3 296.5 289.4 283 277.8 277.1 276.5 274.8 274 273.2 270.5 267.3 263.7 260.2 255.3
467.4 445.5 416.7 398.4 378.4 363.8 352.3 343.1 336.2 330.4 325.9 324 327.9 327.9 331.9 338.2 346.9 357.8 370.9 386.7 400.7 416 438.5 462.6 487.3 509.8 542.7 571.7 595.8 621 625.8 629.1 609.1 610.4 615.2 543.4 510.3 491 517 534.8 554.5 571.2 579.2 583.6 615.2 600.1 551 520.2 510.6 491.9 476.2 457.3 443.5 426 409.9 390.9 381.2 367.8 355.3 343.1 333.7 326.3 320.6 313.4 306.8 298.7 292.6 288 283.9 280.7 278.8 276.5 271.9 269.5 265.1 262.1 258 254.6
448.5 424 400.9 381 365.5 352.8 343.9 337.7 332.7 327.8 326.3 327 331.1 332 338.9 346.9 356.2 370.8 382.8 397.8 417.6 434.8 458.8 483.9 512.3 552 579.2 604.7 635.7 661.7 660.6 654 645 619.7 601.5 550.3 518.3 520.9 537.4 556.4 579.3 600.6 615.2 654 651 607 567.3 559 548.6 530.1 512.3 494.2 480 449.3 418.7 411.6 394.6 382.3 368.2 352.9 342.4 333.5 327.7 319.5 314.8 307.4 300.8 297.2 295.2 287 281.1 277.6 274.1 269.7 265 261.7 259 255.1
425.2 406 388.4 370.4 360 345.8 338.7 333.5 329.6 328.1 334.1 337 339.2 340.6 353 358.6 367.1 381.7 395.5 411.4 431.7 450.5 479 506.2 540.1 588 612.3 643.9 670.6 682.4 694.9 666.5 644.2 613 594.2 552.7 522.7 540.4 560.8 580.8 603.1 633.4 671.1 700.9 670.4 628.8 612.2 603.1 591.7 577.6 543.7 535.1 507.1 461.4 453.1 428.7 414.4 396 381 363.1 350.9 341.2 334.4 328.4 322.4 315.9 310.2 302.7 301 294.8 288.5 282.5 276.7 269 264.3 260.1 256.1 251.2
416.1 399.7 383.4 364.6 350.7 341.5 336.1 332.3 330 338.6 341.3 344.7 347.2 347.8 362.8 369.6 380.9 392.3 410.9 428.7 450.6 475 499.4 529.6 567.6 608.2 640.8 684 694 717.9 730.9 699.2 642.8 612.3 584.6 561.1 551.5 566.9 582.4 605.3 629 672.9 717.6 756.7 703.1 668.8 660.1 661.3 642.5 632.3 579.3 575 522.1 501.2 492.9 457.5 436 413.3 396.2 375.7 360.4 350.9 343.6 335.1 330.7 320.9 315.3 309 304.1 300.8 295.8 287.6 275.7 268.8 263.3 259.1 255.2 250
