Assets/StreamingAssets/GeoData/Data/nn/NN28.asc
ncols 200
nrows 200
xllcorner 220000
yllcorner 780000
cellsize 50
[rows 35 to 69 of 200, columns 0 to 77 of 200]
39.7 39.3 36.6 37.4 37.9 39.2 39.6 31.8 29.4 29.4 29.4 29.4 29.4 29.4 29.4 29.4 29.4 29.4 29.4 29.4 29.4 29.4 29.4 29.4 29.4 29.4 29.4 29.4 29.4 29.4 29.4 29.4 29.4 29.4 29.4 29.4 29.4 29.4 29.4 29.4 29.4 29.4 29.4 29.4 29.4 29.4 33.5 35 40.8 50.1 53.9 57.8 64.3 72.2 80.8 98.1 112.4 117.4 121.5 135.2 163.5 191.1 226.1 261.8 302.5 335.8 377.1 404.5 422.6 428.2 436.2 443.3 448.4 446.9 444.3 436.1 428.2 416.9
39 38.6 37.4 38 37.7 39.4 38.2 29.4 29.4 29.4 29.4 29.4 29.4 29.4 29.4 29.4 29.4 29.4 29.4 29.4 29.4 29.4 29.4 29.4 29.4 29.4 29.4 29.4 29.4 29.4 29.4 29.4 29.4 29.4 29.4 29.4 29.4 29.4 29.4 29.4 29.4 29.4 29.4 29.4 29.4 29.1 35.7 36.7 40.6 55.8 56.6 63.1 68.4 74.7 85.2 107.2 116.5 118.7 124.6 144.6 177.6 207.2 236 268.3 307.1 346.2 382.8 413.5 427.7 429 439.1 446.3 443.5 441.4 435.5 430.7 419.6 416.2
36.1 38.5 36.8 35 35.9 35.4 29.4 29.4 29.4 29.4 29.4 29.4 29.4 29.4 29.4 29.4 29.4 29.4 29.4 29.4 29.4 29.4 29.4 29.4 29.4 29.4 29.4 29.4 29.4 29.4 29.4 29.4 29.4 29.4 29.4 29.4 29.4 29.4 29.4 29.4 29.4 29.4 29.4 29.4 29.4 32.8 40.6 41.6 43.9 54.9 60 66.5 71.1 78.3 88.7 107.7 114.1 119.1 129.9 156.3 185.7 217.4 247.1 279.3 322.6 356.4 384.6 412.4 424.8 434 441.7 440.6 436.7 431.8 429 423.5 417.5 416.1
29.4 29.4 29.4 29.4 29.4 29.4 29.4 29.4 29.4 29.4 29.4 29.4 29.4 29.4 29.4 29.4 29.4 29.4 29.4 29.4 29.4 29.4 29.4 29.4 29.4 29.4 29.4 29.4 29.4 29.4 29.4 29.4 29.4 29.4 29.4 29.4 29.4 29.4 29.4 29.4 29.4 29.4 29.4 29.5 35.3 42.8 49.6 52.9 51.9 47.9 60.6 68.3 76.2 83 91 102.8 113.1 120.4 126.3 164.4 194.6 223.3 254.8 295.2 332.2 356.9 381.2 401.3 422.7 433.1 435.3 434.1 433.2 428.8 424 418.2 416.1 417.2
29.4 29.4 29.4 29.4 29.4 29.4 29.4 29.4 29.4 29.4 29.4 29.4 29.4 29.4 29.4 29.4 29.4 29.4 29.4 29.4 29.4 29.4 29.4 29.4 29.4 29.4 29.4 29.4 29.4 29.4 29.4 29.4 29.4 29.4 29.4 29.4 29.4 29.4 29.4 29.4 29.4 29.4 28.7 39.5 47.4 52.5 58.4 65.6 60.4 44.4 66.2 75.4 83.8 85.9 91.6 99.7 109.5 119.1 129.4 167.7 201.7 226.1 263.6 303.1 333.3 363.5 384.3 399.8 421.8 429.6 432.1 431.7 435 424.3 418.9 416.4 415 417
29.4 29.4 29.4 29.4 29.4 29.4 29.4 29.4 29.4 29.4 29.4 29.4 29.4 29.4 29.4 29.4 29.4 29.4 29.4 29.4 29.4 29.4 29.4 29.4 29.4 29.4 29.4 29.4 29.4 29.4 29.4 29.4 29.4 29.4 29.4 29.4 29.4 29.4 29.4 29.4 29.4 31.4 42.3 51.5 54.3 58.5 68.3 72.2 65.2 43.3 67.9 82.6 87.5 87.9 93 102 110.3 118 134.4 167.6 204.7 229.6 269 305.9 334.5 362.5 384.1 401 417.6 425.1 428.8 430.2 426.8 420.9 416.1 414.3 414.6 416.4
29.4 29.4 29.4 29.4 29.4 29.4 29.4 29.4 29.4 29.4 29.4 29.4 29.4 29.4 29.4 29.4 29.4 29.4 29.4 29.4 29.4 29.4 29.4 29.4 29.4 29.4 29.4 29.4 29.4 29.4 29.4 29.4 29.4 29.4 29.4 29.4 29.4 29.4 29.4 29.4 32.3 42.8 52.5 59.8 62 68.8 77.6 73.2 67.3 61.3 68.2 84.8 86.8 87.6 95.1 101.4 109.6 118.4 129.7 161.7 204.5 226.8 265.1 299.1 329.5 357.9 377.8 398.5 416.2 422.4 427.8 424.3 423.2 416.2 414.9 414.3 413.9 415.2
29.4 29.4 29.4 29.4 29.4 29.4 29.4 29.4 29.4 29.4 29.4 29.4 29.4 29.4 29.4 29.4 29.4 29.4 29.4 29.4 29.4 29.4 29.4 29.4 29.4 29.4 29.4 29.4 29.4 29.4 29.4 29.4 29.4 29.4 29.4 29.4 29.4 29.4 29.4 33.1 42.2 56.1 62.3 64.2 70.3 77.5 79.6 74.3 67.7 47.8 72.1 82.1 84.8 89.4 98.7 101.9 110.1 117.2 126.8 152.4 193.1 215.1 248.4 285.5 320.1 352.1 375.1 398.7 413.4 423.5 419.7 417.5 412.6 413.7 411.8 407.3 410.2 414.5
29.4 29.4 29.4 29.4 29.4 29.4 29.4 29.4 29.4 29.4 29.4 29.4 29.4 29.4 29.4 29.4 29.4 29.4 29.4 29.4 29.4 29.4 29.4 29.4 29.4 29.4 29.4 29.4 29.4 29.4 29.4 29.4 29.4 29.4 29.4 29.4 29.4 29.4 33.2 43.2 55.4 65 68.3 70.4 76.4 80.9 81.4 76.9 68.4 51.2 72.5 81.6 85.7 95 101.6 104 111.5 123.2 130.2 146.6 170.9 202.7 238.2 271.5 309.8 342.3 371.9 395.9 416.9 419.3 412 409.4 409.7 410.5 404.9 395.7 401.3 400.8
29.4 29.4 29.4 29.4 29.4 29.4 29.4 29.4 29.4 29.4 29.4 29.4 29.4 29.4 29.4 29.4 29.4 29.4 29.4 29.4 29.4 29.4 29.4 29.4 29.4 29.4 29.4 29.4 29.4 29.4 29.4 29.4 29.4 29.4 29.4 29.4 29.4 29.4 41.9 53.3 64.3 69.3 72.6 77.6 80.8 81.9 82.5 80.2 69.1 50.3 72.3 81.6 88.4 96.4 106.5 107.5 119.3 129.2 133.8 146.4 163.5 193.7 226.1 261.7 300.6 338.5 370.9 398.3 415.7 412 406.8 403.9 402.9 403.3 393.5 384.6 380.4 373.7
29.4 29.4 29.4 29.4 29.4 29.4 29.4 29.4 29.4 29.4 29.4 29.4 29.4 29.4 29.4 29.4 29.4 29.4 29.4 29.4 29.4 29.4 29.4 29.4 29.4 29.4 29.4 29.4 29.4 29.4 29.4 29.4 29.4 29.4 29.4 29.4 29.4 40.3 49.8 61.9 69.9 76.4 79.7 82.3 83.5 83.7 81.9 77.7 62.9 63 75.2 84.1 91.6 98.6 106.1 112.1 124.7 132 135.5 146 158.2 194.4 228.5 272 307.7 342.2 370.1 400.2 412.3 408 404.7 400 392.8 390.1 375.5 364 359.4 353.8
29.4 29.4 29.4 29.4 29.4 29.4 29.4 29.4 29.4 29.4 29.4 29.4 29.4 29.4 29.4 29.4 29.4 29.4 29.4 29.4 29.4 29.4 29.4 29.4 29.4 29.4 29.4 29.4 29.4 29.4 29.4 29.4 29.4 29.4 29.4 29.4 38 52.7 66.2 70.6 77.9 86.5 87.7 88.2 86.6 85.6 81.7 76.6 61.5 62.3 76.9 90.1 98.8 103.6 107.1 110.4 123.8 129.7 138 150.3 159.8 197.5 234.2 270.8 307.6 343.8 377.9 402.1 407.9 407.4 404.7 396.9 385 372.5 361.4 347.1 344 328.6
29.4 29.4 29.4 29.4 29.4 29.4 29.4 29.4 29.4 29.4 29.4 29.4 29.4 29.4 29.4 29.4 29.4 29.4 29.4 29.4 29.4 29.4 29.4 29.4 29.4 29.4 29.4 29.4 29.4 29.4 29.4 29.4 29.4 29.4 29.4 41.2 48.9 62 70.8 78.8 87.3 93.2 94.7 92.3 89.9 86.6 82 76.4 67.7 57.5 79.7 97.7 103.2 108.8 110.5 113.6 120 130.7 142.1 156.6 170.9 205.1 241.1 276.7 312.3 351.7 386.4 404.1 409.7 411 406 404.1 380.6 370.8 339 323.7 316.5 303.9
29.4 29.4 29.4 29.4 29.4 29.4 29.4 29.4 29.4 29.4 29.4 29.4 29.4 29.4 29.4 29.4 29.4 29.4 29.4 29.4 29.4 29.4 29.4 29.4 29.4 29.4 29.4 29.4 29.4 29.4 29.4 29.4 29.4 29.4 41.8 48.8 57.3 66.4 74 87.1 95.2 97.2 97.1 95 92.4 88.4 82.4 76.9 68.4 67.5 89.9 102.7 108 113.4 113.9 113.3 120.5 133.5 146.8 161.1 180.5 214.9 247.4 282.6 319.4 359.9 387.5 402.7 415 408.7 403 390.8 369.4 337.9 316.4 301.4 289.1 283.1
29.4 29.4 29.4 29.4 29.4 29.4 29.4 29.4 29.4 29.4 29.4 29.4 29.4 29.4 29.4 29.4 29.4 29.4 29.4 29.4 29.4 29.4 29.4 29.4 29.4 29.4 29.4 29.4 29.4 29.4 29.4 29.4 29.4 39.1 49.9 54.5 60.1 70.2 79.6 90.7 94.9 98.3 98.6 97.5 93.9 90.2 83 78.7 61.7 76 91.1 105.3 114.1 114.6 112.1 111.2 122.2 135.7 149.1 164.5 192 226.5 261.1 291.6 325.6 360.8 384.9 403.1 401.4 395 386.8 368.7 344.3 315.5 294.5 272.3 269.3 260.9
29.4 29.4 29.4 29.4 29.4 29.4 29.4 29.4 29.4 29.4 29.4 29.4 29.4 29.4 29.4 29.4 29.4 29.4 29.4 29.4 29.4 29.4 29.4 29.4 29.4 29.4 29.4 29.4 29.4 29.4 29.4 29.4 38.4 46.1 53.6 60 66.5 76.4 85.5 90.9 94.8 98.5 99.1 99.8 97.6 92.4 81.4 58.8 75.8 79.6 93.4 107.8 113.5 109.9 110.7 113.1 125.2 138.4 151.3 169.2 198.4 237.2 273.9 305 334.2 359.7 379.4 394.8 385.6 380.1 361.3 340.8 315 292.2 272.1 260.2 249.9 233.9
29.4 29.4 29.4 29.4 29.4 29.4 29.4 29.4 29.4 29.4 29.4 29.4 29.4 29.4 29.4 29.4 29.4 29.4 29.4 29.4 29.4 29.4 29.4 29.4 29.4 29.4 29.4 29.4 29.4 29.4 29.4 38.1 47 56.7 62.2 68.4 74.9 86.1 90.4 94 95.7 98.8 102.1 106.9 101.7 89.8 68.2 77.4 86.6 83.4 93.5 107 107.7 105.2 106.8 114.8 126 138.6 152.9 173.8 206.4 242.1 278.7 311.5 335.1 357.6 376.5 375.6 368.5 354.8 331.2 309.2 289.5 271.8 254.8 242.4 228.7 224
29.4 29.4 29.4 29.4 29.4 29.4 29.4 29.4 29.4 29.4 29.4 29.4 29.4 29.4 29.4 29.4 29.4 29.4 29.4 29.4 29.4 29.4 29.4 29.4 29.4 29.4 29.4 29.4 29.4 31.7 37.7 46.4 56.5 66 70.4 76.5 85.3 95.2 92.9 92.7 96.3 100.3 107.2 104.2 95.6 88.3 60.1 85.1 90.1 88.2 92.1 101.9 101.8 104.5 106.4 109.5 126.6 140.1 155.1 177.6 209.4 242.5 278.1 312.9 334.4 356.6 366.3 357.7 349.3 330.5 309 286.3 267.8 252.4 237 226 217.6 204.4
29.4 29.4 29.4 29.4 29.4 29.4 29.4 29.4 29.4 29.4 29.4 29.4 29.4 29.4 29.4 29.4 29.4 29.4 29.4 29.4 29.4 29.4 29.4 29.4 29.4 29.4 29.4 29.4 29.4 38 46.2 54.2 65.1 71.5 77.4 82 88.6 90.8 89.9 93.2 97.4 100.7 102.9 96.2 90.7 87.4 61.3 90.4 94.9 91.1 93.9 100.4 102.6 106.9 108.7 119.4 133.7 143.6 157.5 179.3 210.1 241 277.1 311 336.6 350.9 347.8 332.9 322.6 302 282.6 262.1 248.3 234.8 223.3 210.1 199.2 184.6
29.4 29.4 29.4 29.4 29.4 29.4 29.4 29.4 29.4 29.4 29.4 29.4 29.4 29.4 29.4 29.4 29.4 29.4 29.4 29.4 29.4 29.4 29.4 29.4 29.4 29.4 29.4 29.4 37.6 46.3 54.2 61.6 71.5 78.7 85.1 86 85.4 87.7 89.6 93.7 98.5 99.1 96 94 89 88.4 68.8 91.2 92.1 92 92.5 97.7 103.7 110.3 112.8 122.7 134.7 147.1 160.2 178.5 208.3 240.3 274.8 306.6 330.3 333.1 321.4 307.9 296.3 277.1 259.7 244.9 229.7 217.5 205.9 191.7 179 167.8
29.4 29.4 29.4 29.4 29.4 29.4 29.4 29.4 29.4 29.4 29.4 29.4 29.4 29.4 29.4 29.4 29.4 29.4 29.4 29.4 29.4 29.4 29.4 29.4 29.4 29.4 34.4 41.7 48.2 55.1 62.8 70.8 78.5 85.7 86.9 85.5 86.4 88.2 91.6 94.2 95.7 96.6 94.7 93.1 92.7 92.1 71.4 87.5 88.8 90 92 99.3 107.4 113.8 117.9 125.7 137 150.3 164.3 181 206.9 241.4 275.8 306.2 316.2 308.6 294.3 283.6 270.2 254.8 239.2 227 212.6 200 186.9 172.7 160.8 150.1
29.4 29.4 29.4 29.4 29.4 29.4 29.4 29.4 29.4 29.4 29.4 29.4 29.4 29.4 29.4 29.4 29.4 29.4 29.4 29.4 29.4 29.4 29.4 29.4 29.4 34 41 52 55.1 61.2 70 79.2 86.6 87 87.2 86.6 90.8 92.2 92.9 95.6 96.4 97.6 98.6 96.5 98.5 95 76.7 85.7 88.3 90.4 95.6 101.1 109.5 117 120.9 128.2 140.3 154.6 171.6 189.6 212 244.9 278.8 296.9 292.2 282.1 273.4 268.4 249.9 235.6 221.4 207.1 195.7 184.5 169.8 158.5 146.9 137.8
29.4 29.4 29.4 29.4 29.4 29.4 29.4 29.4 29.4 29.4 29.4 29.4 29.4 29.4 29.4 29.4 29.4 29.4 29.4 29.4 29.4 29.4 29.4 32.4 40.3 45.8 52 58.2 63.2 69.3 77.1 84 87 87.5 87.4 90 93.3 94.3 95 97.1 100 100.9 101.2 101.6 103.6 96.3 77.7 85.8 88.7 92.6 99.2 107.5 114.3 118.6 123.3 136.5 146.5 159.6 179.9 202.1 225.8 253.7 281.9 281 272.5 265.9 259.7 246.7 230.5 216.9 204.6 191.4 177 166.8 156.8 143.2 132.5 119
29.4 29.4 29.4 29.4 29.4 29.4 29.4 29.4 29.4 29.4 29.4 29.4 29.4 29.4 29.4 29.4 29.4 29.4 29.4 29.4 29.4 29.7 39.2 46.9 55.3 56.9 59.5 64.8 71.9 78.7 84.5 88.6 89.9 88.4 90.1 93.4 92.8 94.3 98.7 103.3 106.6 106.9 106.1 111.9 110.1 97.8 84.5 69.2 87.4 95.7 105 112.7 120.3 125.5 137.8 146.4 153.2 169.2 197.3 222.9 243.9 261.9 273.8 271.5 258.2 248.1 237.8 225.2 209.6 198.3 187.4 173.1 159.9 152.6 145.5 130.3 124.2 133.5
29.4 29.4 29.4 29.4 29.4 29.4 29.4 29.4 29.4 29.4 29.4 29.4 29.4 29.4 29.4 29.4 29.4 29.4 29.4 29.4 34.4 39.7 47.8 59.1 68.5 72.4 68.3 77.3 84 85 89.7 92.6 90.8 89.1 91.1 90.9 91.3 97.1 106.2 109.4 111.1 113.5 115.6 120.3 114.2 100.6 88.8 76.6 87.9 102.6 112 120.4 128.2 139.7 150.1 156.3 166 187.7 215.7 246 264 266.9 262.3 253.6 239.4 227.3 216.5 204.6 191.6 179 167.1 157.6 146.5 136.8 127.7 122.6 126.6 145.7
29.4 29.4 29.4 29.4 29.4 29.4 29.4 29.4 29.4 29.4 29.4 29.4 29.4 29.4 29.4 29.4 29.4 29.4 30.6 35.8 40.3 48.4 59.1 71.1 81.7 76.6 76.6 82.3 86.6 87.7 90.2 92.4 90.6 89.8 90.6 92.7 97.1 102.8 108.6 113.6 117.4 124.1 124.7 127 116.3 100.6 94.5 76.8 92.5 108.1 120.5 132 142.1 153.3 162.2 170.1 184.2 209 233.4 251.6 257 251.7 243 232.4 224.6 213.6 196.5 184.2 176.2 165 153.4 142.7 133 123.7 121.3 117 144.2 159.1
29.4 29.4 29.4 29.4 29.4 29.4 29.4 29.4 29.4 29.4 29.4 29.4 29.4 29.4 29.4 29.4 31.2 36 40.5 45.6 53 60.3 71.7 83.4 81.4 79.3 81.1 84.2 87.5 90.9 91.7 92.2 94.9 94.1 93.3 96.6 101.7 105.3 111.7 120.2 126 133.9 140.7 132 117.9 106.5 101.4 86.2 89.1 110.7 127.5 141.4 156.8 171.6 186.6 198.1 207 223.9 233.9 235.1 237.4 229.5 220 213.5 202.9 188.3 176.3 166.1 157.2 148.5 138.5 124.1 112 120.2 130 144.1 154.8 175.9
29.4 29.4 29.4 29.4 29.4 29.4 29.4 29.4 29.4 29.4 29.4 29.4 29.4 29.4 29.4 31.6 39.1 44 48.6 55.6 64.4 73.6 81.1 83.2 80.9 81.9 84.8 87.1 89.6 91 92.4 98.4 96.7 96.3 98 101.1 103.9 106.3 113.3 124.8 133.4 143.4 144.3 134.2 123.7 114.8 107.8 98.2 73 111.1 129.4 148.9 171.1 186 201.3 213 219.9 221.4 220.8 221.5 217.1 208.2 200 192.3 180.2 169.2 158.6 149.7 142 133.3 123 118.7 127.7 136.3 149.3 163.5 158.6 189
29.4 29.4 29.4 29.4 29.4 29.4 29.4 29.4 29.4 29.4 29.4 29.4 29.4 29.4 29.4 38.9 43.8 51.3 60.5 70.1 77.4 81 84.1 83.1 82.8 84.4 85.9 87.2 88.9 89.7 93 96.1 97.5 100.4 102.4 104.1 108.2 115.8 124.4 130.6 137.4 144.8 136.9 126.9 119.4 115.3 107.4 99.2 75.3 111.3 132.9 155.6 178.7 193.7 210.4 217.7 217.2 209.2 205.5 203.2 198.3 192.9 182.7 174.1 163.4 155.8 144.6 135.8 127.2 121 110.3 126.9 139.3 151.1 165.1 182.6 191.7 191.8
29.4 29.4 29.4 29.4 29.4 29.4 29.4 29.4 29.4 29.4 29.4 29.4 29.4 29.9 37.9 45.9 54.8 61.7 71.2 78.8 82.4 85.6 87.3 85.6 86 86.9 87.3 87.9 87.3 88.9 92.3 95.6 99.8 103.1 105.9 107.7 112.4 120.9 131.6 142.1 136.4 134.7 130.9 123.2 118.1 112 104.5 89.2 88.8 115.6 136.3 157.9 181.4 192.6 197.5 202.1 201.1 194 190.8 188.6 184.4 177.5 168.9 159.1 151.5 143.4 131.7 122.5 116.7 112.2 119.1 138.8 153.9 169.8 197.1 213.2 220.3 224.5
29.4 29.4 29.4 29.4 29.4 29.4 29.4 29.4 29.4 29.4 29.4 29.4 33.6 41.1 46.4 55.3 63.3 70.7 78.2 86.2 92 92.1 90.7 89.4 88.5 90.3 92.5 89.6 87.4 91.4 95.9 97 100 103.2 106.4 110.3 116.6 128 137.1 140 132.5 127.9 122.7 118.1 111.3 105.2 99.1 77 100.8 121.1 139.1 159.6 172.1 177.1 180.7 184.3 181.9 177.8 178 173.6 167.5 160.7 153.1 143.3 135.1 126.9 117.7 107.7 115.4 126.3 140.2 155.6 172.8 201.2 220.5 236.4 249.2 251.2
29.4 29.4 29.4 29.4 29.4 29.4 29.4 29.4 29.4 29.4 29.4 29.4 39.8 47.8 55.1 64.1 70.9 78.8 86.4 91.9 93 91.9 92.6 92.3 96.2 98.8 94.6 90.1 88 91.2 95.5 98.6 100.3 103.4 106.5 111.5 120.2 127.3 130.2 123 122.3 118.7 112.7 110.2 106.5 102.4 96.3 79.5 108.7 122.9 139.2 156.6 160.3 161.3 162.8 164.4 165.1 165.3 162.1 153.8 149 143.7 134.5 125.6 120.2 114.3 109.3 119.8 131.4 143 162.4 177.6 197.5 225.2 252.9 261.9 275.2 282.1
29.4 29.4 29.4 29.4 29.4 29.4 29.4 29.4 29.4 29.4 29.4 38.7 49.1 56.7 66.6 75.5 80.6 87 91.4 95.1 95.5 96.1 97.8 98.2 99.6 96.8 92 89.6 89.1 91.9 96.6 98.1 100 103.5 107.5 112.9 116.5 115.4 114.7 113 111.7 108.6 106.2 106.8 106.5 102.4 95.5 78.6 109 120.1 138 141.7 141.4 143.4 145.6 148.5 149.3 149.1 143.3 137.2 132.8 128.5 118.1 112 110.7 105.4 116.8 129.8 147.4 173 191.4 203.3 244.1 285.2 298.6 299.4 300.2 300.9
29.4 29.4 29.4 29.4 29.4 29.4 29.4 29.4 29.4 29.4 38.2 49.5 56 64.5 79.1 87.1 91.8 94.9 97.8 99.2 101.6 103.5 106.3 104 100.8 95.7 92.9 91.8 91.2 93.9 97.9 98.3 100.9 105 106.6 106.8 106 105.6 104.5 104.6 106 105.2 103.3 104.9 104.1 101.7 92.6 77 99.2 113.8 124 127 126.9 127.6 128.5 127.8 130.1 126.8 120.4 118.1 116.5 110 99.9 107.2 107.7 123.5 137.6 154.8 175.7 200.9 213 231.3 275.5 299.6 309.4 314.4 318.9 321
29.4 29.4 29.4 29.4 29.4 29.4 29.4 29.4 29.4 39.5 49.9 57.1 63.3 76.4 88.3 101.3 98.2 100.4 104.2 108.1 108.9 111.9 110.8 106.8 103.4 98.8 97 97.8 94.4 94.9 98 98.9 101.3 103.2 101.6 100.7 99.7 100.2 101.1 101.5 102.6 102.3 100.7 99.9 100.8 101.7 90.5 89 97.1 102.9 108.3 110 112 113.5 108.8 106.8 109.2 105.2 105.7 106.4 103.3 104.1 111.4 125.6 133.9 148.4 161.6 174 195.5 211.8 228.7 254.9 300.8 311.9 320.9 330.7 334.7 333.9
