Assets/StreamingAssets/GeoData/Data/nn/NN29.asc
ncols 200
nrows 200
xllcorner 220000
yllcorner 790000
cellsize 50
[rows 0 to 34 of 200, columns 0 to 78 of 200]
149.3 151.4 154.4 157.1 159.6 160.8 162.4 162.9 167.1 170.2 173.2 176.4 179.5 183 185.5 192.9 195.4 199.9 206.3 206.2 208.1 211.3 211.5 210.8 209.7 209.2 207.4 206.7 205.3 205.1 208.3 210.5 210.9 214.7 222.3 228 226.6 230.4 234.6 235.3 234.1 232.9 230.6 229.8 229.6 226.1 224.4 222.5 221.2 221.3 226.6 227.2 223.7 220 217.1 212.7 209 204.4 201.9 199 203.5 209.2 209 210.2 211.3 211.2 214.2 216.9 222.8 228 227.6 230.4 236.5 239.9 243.8 248.5 251.4 252.7 256.7
153.7 156.2 157.1 158.7 162.8 164.5 166.1 166.3 170.1 173.5 176.8 179.2 182.3 187.8 191.5 195.1 199.8 204.8 206.4 208.3 212.4 214.6 213.1 211.8 211 210 208.4 208.1 209.9 213.3 216.2 219 219.9 221 227.2 234.3 237.5 239.7 243.5 243.5 244.3 242.3 240.1 238 237.7 234 231.3 232.6 230.5 233.3 234.5 233.5 226.9 221 217.4 213 207.3 210.3 205.1 199.4 203.9 206.9 209.1 210.1 211.6 213.1 219.1 221.9 222.4 228.8 231.8 234.8 239.5 247.9 253.3 254.2 258.4 263 267
158.5 161 162.6 164.8 166.8 168.5 170 170 170.7 175.2 181.2 183.4 187.6 192 194.4 197.5 201.9 205.3 207.9 211.6 215.8 217.5 215 212.9 211.6 210.9 209.7 215 218.6 220.7 223.4 227.6 231.2 231.8 234.6 243.5 249.2 248.6 251.6 252.2 252.5 250.4 248.3 245.4 241.7 240.4 239.7 241.8 243.6 243.1 237.7 233.9 228 224.2 219.6 212.6 209.1 211.6 208.3 199.5 205.7 209.2 211.2 213.4 217.1 220.5 225.4 224.9 228.6 236.6 239.1 241.6 246.7 253.5 257.7 263.2 269.1 273 278.8
165.1 168 169 168 170.6 171.7 172.4 173.7 175.1 174.8 183.5 187.8 192.2 193.6 194.2 199.3 204.1 206.1 209.1 211.8 215.6 216.7 215.6 214.3 212.4 213.3 218.5 223.9 226.1 227.3 230.8 235.7 240.5 241.1 247.3 253.8 255.4 255.2 256.1 260.6 260.5 259.5 258.5 255.9 253.4 252.5 252.3 253.4 254.9 252.8 243.5 237 231.2 226.7 221.5 213.7 209.8 212.5 209.2 203.6 211 213.3 213.8 218.5 224.8 230.2 233 229.8 240.4 242.5 244.2 247.9 258.2 259.5 264.6 270.5 278.1 284.3 292.7
170.8 172 173.1 172.1 173.7 175.5 177.5 179.2 180.7 180.1 182.4 190.8 193.4 195.4 197.4 201.4 205.1 206.6 209.6 212.8 216.2 216.2 216.1 215.3 216.5 220 225.2 231.7 232.9 232.5 235.9 240.6 246.6 247.5 254 260.2 259.9 260.9 266 267.7 266.5 269.6 270.4 273.7 274.5 270.7 267.5 266.4 263.8 257.4 252.5 243.2 236.6 227.9 221.2 214.8 211.9 212 201.8 205.9 212.3 215.7 220.9 223.5 229.1 234.7 236.1 236.6 243.7 248.5 250.3 256.3 262 268.3 275.5 280.8 289.5 296.8 305.8
175.3 177.6 177.9 176.2 179.2 180.1 181.1 185.1 184.7 186.6 186.7 191.5 196.1 199 199.7 204.5 206.1 207.8 210.5 213.8 215.8 216.6 215.5 214.3 222.2 227.5 229.1 231.4 233.2 236.9 240.4 246.7 247.7 251.3 258.2 264.9 268.8 271.9 274.8 277.6 281.2 284 287.6 287.3 284.5 279.3 284.2 284.8 275 264.1 256.6 246.4 238.5 231.3 222.3 216.1 213.3 208.6 211.5 210.1 214.1 218.6 224.9 229.9 235.1 240.4 243.8 246.1 251.8 253.1 257.4 266.4 271.7 279.4 286.4 294.2 302.5 311.9 320.8
180.3 181.9 181.7 181 181.6 183.9 186.4 187.8 189.3 190.6 192.9 193.6 198.7 201.7 201 204.6 207.7 209.2 212.3 215.7 218.4 218.1 216.8 224.6 233.9 233.3 234.2 235 236.8 240.9 246.4 252.9 254.8 258.6 266.7 273.7 279.1 283.4 285.4 288.3 292.6 295.3 293 293.3 289 293.6 292.8 288.1 276.4 268.9 258.3 250.2 240.5 231.8 224.9 218.3 213.4 210.9 213.8 213.6 217.5 222.4 227.8 230.6 236.9 245.2 246.8 248.8 257 260.4 267 275 281.2 292.2 298.3 308.2 318.4 327.6 338
183.1 184.1 185 185.1 183.4 187.9 190.3 191 192.7 195.3 197.7 197.8 199.4 202.2 203.9 204.7 206.6 209.6 213.4 217.6 221 221.8 223.5 230.7 235.7 236.9 238.8 239.4 242.5 246.6 253.5 260.6 264.9 268.9 273.7 280.1 285.8 290.1 291.4 296.2 299.4 300.7 301.6 302.3 299.5 300.7 297.6 289.6 281.6 274.3 261.8 249.8 239.9 229.8 221.7 215.9 209.9 214.3 216.9 219.8 222.7 227.8 231.2 234.9 245.8 248.9 257.3 258.4 262.7 269.4 278.5 284.6 294 300.4 312.5 324.2 334.9 344.9 352
186.9 187.9 190 191.5 193.9 195.8 197.9 196.3 206.4 200.4 199.5 198.7 201.5 203.4 205 207.9 210.9 214.6 217.4 220.2 223.4 226.9 230.3 234.3 238.1 240.5 242.6 249.8 251.6 257 262.4 269 273.9 278 286.9 287.9 291.9 296 300.6 304.3 309.4 307.6 306.7 308.4 308.5 309.5 302.7 296.3 287.6 274.2 262.1 248.5 236 227.4 220.9 218.1 212.4 216.1 221.6 224.6 228 233.5 238 246.2 250.9 256.1 264.8 265.1 270.2 275.1 284 293.1 302.9 314.7 328.1 341.2 352.6 360.1 363.3
190.4 195.2 200 201.5 198.6 199 200.1 202 203.4 202 201.8 202.9 204.3 206.1 208.7 213.1 216.3 219.5 222.4 224.3 226.8 229.9 233.6 237.2 240.1 245.5 251.1 258.7 261.2 268.2 273.1 278.5 279.7 282.9 290 297.3 301.4 305.2 309.3 314.3 318.2 315.6 314.2 313.4 317.5 313.1 307.7 301.1 288.9 273.8 259.4 245.3 235.5 226.8 222.1 219.4 218.3 221.4 225.3 229.5 233.9 240.3 245.3 251.6 259.5 262.3 272.5 274.7 280.2 286.9 294.1 305 316.5 330.9 344.3 357.3 366.7 371.6 373
196.7 201 205.8 204.7 204.3 203.8 203.9 204.7 205.3 204.4 204.7 206.5 207.7 210 213.9 217.5 220.4 223.5 226.7 228.5 230.8 233.9 237.1 242.3 247.7 252.2 259.1 265.3 269.2 275.2 279 284.5 288.4 292 298.9 305.5 309.2 314.1 317.5 321.7 324.2 321.6 319.4 317.9 319.6 324.9 315 304.4 289 267.8 252.2 243.1 233.3 226.7 222.3 222.5 223.6 220.7 229 234 243.3 247.3 256.5 264.2 268.2 272.6 277.5 289.6 297.3 302.5 307.8 317.9 330.2 343.1 357.4 369.6 376.2 380.4 385.1
202 206 207.6 208.5 206.6 205.7 207.9 210.3 211.8 211.6 210.9 214.9 212.9 215.3 218.6 221.9 224.8 227.3 229.9 230.5 236 238.3 241.2 248 256 260.4 266.6 272.8 277.4 282.8 288.5 293.4 299.2 301.7 308.8 312.8 317.5 322.1 323.4 326.1 328.7 326 324.5 322.1 326.7 323.3 316.6 301 275.3 260 247.5 237.2 229.5 226.5 223.9 226.9 228.9 222.3 232.9 240.2 247.1 254.3 265 274.1 277.9 280.9 289.7 300.1 307.8 315.4 322.9 333.1 346 358 374.6 385.3 390.1 392.4 392.3
204.6 207.5 209.1 208.5 208.1 210.1 213.7 216 217.5 216 216.5 218.4 218 220.1 223.3 225.9 228.3 230.7 234.2 237.2 240.3 242.6 245.4 253.8 261 266.8 271.5 277.8 285 290.5 302 306.3 309.4 314.4 316 320.2 321.7 325.2 326.6 331.4 333.9 322.6 320.5 319.3 318.7 315.5 300.5 281.1 261.8 250.7 241.3 235.8 229.8 226.4 230.3 231 229.4 231.8 240.2 247.9 251.5 260.1 271.1 276.8 282.9 289.8 300.5 311.1 322 333 341.7 352.3 361.3 372.8 384.9 396.1 400.4 398.5 398.7
206.5 208.9 211 211.9 213.1 213.9 217 219.3 220.1 219.6 219.7 220.5 222.2 224.5 226.5 229 231.4 234.6 238.6 242.3 245.3 248.5 251.7 258.2 263.9 269.6 276.2 281.4 288.1 296.1 306.4 309.6 311.7 318.4 323.4 327.9 328.3 328.1 327.6 327.5 324.2 315.2 311.3 311.5 309.1 301.6 284.4 267.1 255.6 246.2 241.2 235.5 230.6 231.6 233.5 235 230.9 243.6 246.2 253.6 258 266.8 273.7 282.5 293.9 301.7 310.3 319.9 332.6 344.1 355.8 365.5 376.1 384.3 402.4 410.8 410.4 410.9 398.5
209.1 211.8 214.1 215.7 217.2 218.2 219.2 221.1 221.1 220.7 221.6 223.1 224.9 227.3 229.4 231.8 235 237 241.8 246 249.4 252.5 255.5 261.4 267.5 272.9 278.5 284.8 291.3 299.6 304.9 306.9 313.2 319.3 326.7 332.5 335.9 325.8 324.2 322.8 317.6 308.5 306.1 302.3 292.7 282.4 268.3 258.6 247.9 243.8 239.4 237 234.6 234.9 234.2 228.6 242.7 247.1 250.7 255.5 265.2 276.8 285.4 293.3 302.8 312.8 321.9 334.3 346.2 358.2 370.3 387.4 398.8 403.7 414.9 417.3 409.7 398.5 391.9
213.4 215.8 217.7 219.5 220.6 221.2 222.1 223.6 223.6 222.5 224.7 226.2 227.3 229.5 232.2 235.4 238.9 240.5 244.9 250.1 253.6 256.7 260.4 265.6 270.8 276 281.3 287.2 292.1 297 301.6 305.2 310.6 317.2 319.4 317.2 313.2 310 311 314.1 306.2 298.4 294.9 290.6 282 271.9 260.5 249.3 245.5 242.1 239 237.7 236.1 232.6 233.4 238.8 245.5 250.3 256 262.9 270.8 282.5 294.4 304.4 313.8 326.3 335.8 347.9 360.8 377.8 390.8 409.9 420.8 419.7 420.2 409.7 400.2 395.4 386.9
217.6 219.4 221.3 223.2 224 224.4 225.1 225.7 225.8 227.3 228.7 231.2 233.7 236.2 239.6 240.9 244.7 247.1 250.9 254.1 257.8 262 263.9 268.5 273.9 279 282.8 286.2 289.4 293.5 296.9 299.7 302.6 304.7 302 301.3 298.9 297.5 298 297.8 293.5 288.7 285.7 278.6 271.1 264.6 257.7 249.4 245.5 242.1 241.1 237.2 234.1 237 239.7 242.8 249 256 261.6 267.2 275.8 286.3 299.2 310.8 321 332.8 344.1 357.1 373.8 391.8 404.9 416.6 422.6 426.5 418.3 405.2 393.1 383 374.5
222.3 224.5 226.7 226.7 226.6 227.9 228.5 232.9 232.8 232.1 231.9 235.6 240.1 243.9 244.5 247.3 248.8 253 257 260.2 263.5 265.7 266.9 270.3 274.9 277.9 281.1 283.6 286.1 288.4 289.6 288.9 289.8 290.6 289.5 288.6 286.9 285.7 286.5 286.3 281.3 277.3 273.7 268.6 265.9 260.8 254.6 248.6 245.8 242.5 237.5 238.4 237.9 240.3 244.7 246.1 252.7 260.1 265.5 271.5 281.7 292.9 303.7 315.8 328.1 340.1 350 361.1 375.5 392.6 406.2 408.6 416.5 417 411.9 388.9 373.4 371 373.8
227.8 230.1 230.2 229.7 229.2 231.8 233.3 234.6 234.8 235.8 235.2 240.2 244.6 248.5 248.9 249.6 250.9 254.5 257 261.6 265.8 268.1 269.7 271.4 274.2 277.6 279.7 281.6 282.1 283.6 283.9 282.5 282.9 283.4 283 280.7 278.8 277.9 278.2 275.9 272 268.2 263.9 262.2 259.4 255.4 251.9 245 241.7 238.7 237.8 236.8 241.4 245.3 249.8 251.9 256.1 262.5 268.4 275.2 287 298.6 309.3 322 334.1 344.3 354.8 367.6 383.8 392.7 387.7 392.1 380.6 375.1 379.1 369.9 360.4 366.1 369.9
230.7 232 231.3 231.1 231.4 232 233.6 235.8 236.9 238.1 240.2 243.1 247.3 250.3 251.9 252.5 253.8 257 260.4 263.9 268.5 270.2 271.9 273.7 274.9 275.5 277 278.1 278.3 279.2 278.7 278.1 278.7 278.4 277.1 275.3 273.5 271.9 269.8 266.4 262.8 259.3 256.9 254.6 252.2 249.1 245.9 241.6 241.7 239.2 239.7 238.8 244.8 248 251.4 252.9 258.9 265.6 271.1 278.3 290.3 300.8 311.3 322.3 332.8 342.5 351.7 362.3 367.1 364.2 358.6 359.6 352.8 349.2 347.8 347.4 350.6 352.9 358.5
232.5 232.7 233.3 233.3 233.1 233.8 238.2 239.8 241.1 242.9 244.5 246.3 249.2 253.7 255.1 256 258.7 261.5 264.2 265.9 270.8 272.2 273.1 274.7 273.8 274.2 274.3 274.9 274.7 275.1 273.9 273.9 273.5 273.2 271.6 270.1 268.3 266 263.6 259.6 256.3 253.4 252.3 250.2 246.8 243.8 242.9 242.4 241.6 240.8 239.9 239.9 246.4 249.1 252.7 256 261.3 268.2 273.3 280.8 289 299.4 308.1 318.4 327.2 332 334.4 339.2 342.7 337.2 331.7 328.1 326.6 329.5 332.6 333.1 335.1 338.4 341.9
232.4 235.9 237.7 237.3 236.8 237.5 242.1 245.2 246.4 247.2 248.3 249.9 251.8 254 257.5 259.8 262.2 264.7 266.9 268.4 269.6 271.1 272.6 273.7 272.8 272.3 272.1 271.9 271.6 270.8 269.4 268.6 268.4 268.8 266.2 264.7 263.1 260.5 257.5 254.3 253.2 251 249 246.9 245.9 245.5 245.9 243.8 243.7 242.3 241.8 242.7 246 250.3 254.2 258.7 263.9 270.1 273.9 282.6 289.5 295.5 302.3 308.2 311 313.8 315.4 314.7 314.7 313.6 310.3 309.2 311.6 314.5 315.9 318.9 319.1 321.8 326
233.6 235.9 238.6 239.1 240.4 242.6 249.4 250.9 251 250.9 250.8 252.7 255.1 257.8 260.4 264.4 265.6 266.8 268.1 268.5 269.5 270.5 271.5 272.4 272.4 271.4 270.7 269.8 269.4 268.4 268.1 269.1 269.5 269.5 266.7 263.3 261.5 258.6 256.5 257.9 252.4 249 248.4 247.4 245.5 249.4 246.1 245.2 244.2 242.7 243.3 244.7 249 251.8 256.1 261.2 265.8 269.3 274.8 280.3 286.9 291.5 295.5 301.8 303.3 303.9 303.4 301.6 302.1 299.4 302.8 304.3 305.3 304.8 309.1 310 314.1 315.5 320.3
235.1 236.1 239.9 241.7 242.9 247.2 251.1 252.9 255.1 254.8 254.4 257 259.8 261.1 266.1 269 268.4 268.9 269.5 268.9 269.6 270.5 271.3 271.6 271.6 271 269.9 269.7 269.4 269.5 270.1 270.9 271.8 272 270.9 266.9 262.1 260.1 261 254.4 253 251.7 250.1 247.8 246.6 246.8 246.2 245.9 245.7 245.2 246.9 245.3 250.2 253.4 257.1 261.4 265.4 268.1 271.3 275.5 281.7 286.7 290 294.1 296.5 295.3 294.1 293.8 295.1 296 299.7 301.8 306.1 302.6 304.2 307.2 308.1 311.9 315.9
236.4 238.1 240.8 244.1 246.3 248.9 252.3 253.6 256.3 258.3 258.6 260.8 264.8 266.3 268.7 271.3 270.8 271 270.8 269.5 268.3 269.7 270.9 271.6 271.4 271.2 271.3 271.7 271.7 272.2 272.5 273.5 274.4 275.1 274.8 271 265.2 261.7 257.8 256.7 254.8 252.4 249.1 248.2 247.8 247.5 246.7 247 246.7 246.5 248.9 247.9 251 254.8 254.8 257.8 260 264.5 266.9 271.8 276.7 280.9 284.9 287.6 287.8 291.2 291.5 292.5 296 294.7 294.8 296.8 299.9 302.6 307.4 313.8 316.7 321.7 322.8
238 240.9 247.4 252.8 255 251.6 251.7 254.6 259.2 261.6 261.8 264.6 267.3 268.5 270.2 272 272.9 272.9 272.3 271 269.7 269.3 270.5 271.6 271.1 271 271.9 273.8 274.2 274.6 274.3 274.6 276.5 275.6 274.9 270.8 267.2 263 259.5 263.2 256.3 253.8 254.5 251.1 252.2 248.3 249.7 252.1 250.1 246.7 249.4 251.9 253.7 255.9 259.1 262.8 264.7 267.9 269.2 270.7 274.1 278 283.1 285 286.3 289.7 292 292.5 292.4 296.1 298.2 302.2 305.9 309.4 313.3 319.1 324.6 328.4 328.2
241.2 244.2 250.3 250.9 253.8 254.1 254.1 256 261.3 264.1 263.7 266.4 269.3 270.8 272.7 274.1 274.3 274.1 274.1 272.8 271.3 271.8 273.3 275 276.3 276 275.8 277.5 276.7 276.9 275.5 274.1 275 273.4 274.2 273.5 264.1 263.8 261.8 258.1 255.9 255.7 257.2 254.2 252.1 255 254.7 254.2 255.1 250.3 250.7 253.6 256.8 258.6 262.6 264.5 267.2 269.8 271.8 273.4 275.9 276.9 282.5 288 288.4 290.7 292.9 294 296.9 299.5 303.3 307.5 312.5 316.1 319.3 325 329.1 331.1 331.1
244 245.6 247.6 249.5 251.8 255.8 258.8 259.3 261.4 263 265.8 268.9 271.3 272.8 274.5 275.4 275.4 275 275.5 275.9 274.3 275.2 276.2 278 280 280 279.8 279.3 279.2 278.7 277.5 276.4 274.7 272.8 269.7 267.3 269.5 266.6 263.8 261.1 260.5 260.3 259.4 256.8 257.1 258.1 256 256.7 256 253.1 253.3 255.8 259.8 261.8 264.8 265.3 267.9 269.6 271.9 275.3 279.3 282.2 285.8 288.3 290 292.2 294.6 296.9 299.9 303 306.9 312.4 317.4 322.6 325.9 327.7 329.4 332.3 332.9
246.5 248.1 249.5 251.1 253.7 257.5 260.4 262.1 263.7 265.7 268.2 271.2 272.3 273.8 275.5 276.4 276.2 276 276.5 277.9 278.2 278.5 279.1 280.1 282 282 282.4 281.7 282 281.7 281.1 280.1 279.1 274.1 274 274 274.7 270.6 267.4 264.4 263.1 264.1 263.1 262.1 262.2 262.8 260.3 259 255.4 252.8 256.5 258.5 259.8 261.5 265.2 268.4 268.6 271.9 275.3 278.6 281.8 284.9 287 289.4 291.5 295.6 298.7 302.1 306.4 309.3 312.4 317.1 322.3 327.3 330.3 333.4 334.2 337.2 336.3
250.1 252.4 253.4 255.7 257.9 259.9 262.2 264.4 267 269.2 271.6 273 273.7 274.1 275.5 275.7 276.9 278 278.2 279.2 280.5 280.9 282.1 283.5 283.9 284.8 285.7 285.5 284.8 284.4 284.3 283 281.1 280.2 280.2 278.1 276.7 274.6 270 267.2 267 267.1 265.3 264.9 265.4 265.4 262.4 261.2 255.5 256.2 258.2 260.4 263.2 264.8 266.7 270 272 275.2 278.3 282.4 285.5 288.3 290 291 295 299.1 302.8 306.7 308.9 314.7 319 322.9 327.9 334 337.3 338.9 338.6 339.3 338.7
255.2 257.7 256.4 258.1 259.9 262.2 264.9 267.5 270.1 272.5 274.5 276 276.5 276.6 276.7 276.7 277.2 279.3 280.6 281.3 282.7 283.9 285.1 286.4 287.6 290.4 290.6 292.3 290.5 290.1 289.7 288.8 286.1 286.2 284.3 281.9 278.9 276.1 272.3 271.3 269.2 269.3 270.1 268.1 267.6 264.8 263.2 261.7 258 258.3 260.4 262.5 265.4 268.1 269.8 273.1 276.1 277.9 280.6 285.6 289.1 291.3 293.1 296.4 299.3 303.2 308.2 312.2 316.2 320.9 324.9 329.1 335.5 338.5 340 341.3 341.7 343.4 345.4
255.6 258.6 259.5 260.8 262.9 266.3 268.7 270.8 273.1 275.3 276.9 278.7 279 279.1 279.3 278.6 279.2 280.7 283 284.8 286.7 288 288.5 291.2 296.3 299.9 298.6 299.6 298.5 296.6 296.9 297 295.2 291.3 288.1 285.4 283.7 281.5 277.7 276.8 273.8 272.3 271.5 270.5 268.9 266 264 262.3 259.3 261.7 262.6 265.6 268.6 270.8 273.2 276.7 280.3 282.1 284.7 288.8 293.1 295.9 298.8 302.3 305.1 308.9 314.7 320.2 326.1 326.8 330.7 334.3 339 341.3 342.8 346.5 349.4 355.1 362.1
257.9 260.8 262.5 264.9 267.9 270.7 271.8 272.9 274.4 277.4 280.1 281.4 281.7 281.8 280.5 280.6 282.1 283.4 285.4 289.4 292.1 296.2 292.5 298.2 301.3 302.9 307.1 309.4 306.9 303.9 306.3 303.7 301.3 298.4 294.2 291 289.1 285.8 282.6 280.3 277.5 275.1 272.3 270.9 267.4 265.7 263.5 261.6 263.8 265.6 266.4 267.8 272 274.4 277.3 280.7 284 287.1 290.7 295 298.2 301.3 305.5 308.6 310.6 314.8 320.3 327 332.2 333.8 336.7 340.7 343.4 346.6 350.8 356.6 366 373.1 383.4
260 263.9 266.1 269.3 272 273.5 273.8 273.8 276.1 279.8 284.1 284.4 283.9 283.2 282 283.1 285.4 288.2 290 294.5 298.6 298.9 297.9 301.8 308.7 310 311.4 313.9 311.7 313 311.5 309.9 307.5 302.6 299.7 296.4 297.1 291 283.4 279.7 278.4 274.9 272.6 267.3 264.8 261.7 263.9 266.7 269.2 270.8 271.9 273.5 274.8 278 281.7 285.1 287.9 290.2 295.6 300.5 303.4 307.1 311.9 314.8 316.7 322.4 328.6 335.6 338.8 340.1 343.1 348 352.3 357.4 365.2 375 384.9 395.3 404.9
265.5 266.5 269.2 272.2 274.7 276.2 276.8 277.1 278.2 282.1 285.4 286 285.1 285.1 286.3 286 290.4 295.7 299.6 300.7 302.5 305.5 306.4 308.7 312.9 315.7 318.8 319.9 320.7 322.5 319.5 314.5 309.9 306.1 302.2 297.2 291.7 286.8 282.2 278.1 277.2 272.1 268.7 267.9 268.2 269.7 270.9 271.7 274.3 276.3 276.1 277.8 280.3 279.7 284.8 288.9 296.5 294.7 300.4 306.5 310.3 314.3 318.8 321.6 324 328.6 335.2 341.9 345.3 347.7 353.2 360.4 364.9 374 382 393.7 404.8 417.4 432.8
