Assets/StreamingAssets/GeoData/Data/nn/NN30.asc
ncols 200
nrows 200
xllcorner 230000
yllcorner 700000
cellsize 50
[rows 111 to 147 of 200, columns 83 to 165 of 200]
223 246.6 261.6 290.1 307 315.7 317.6 337.1 366.1 374.8 383.3 404.3 428.2 459.9 465.4 493.4 503.9 487.1 475.4 466.6 453.6 440.7 426.9 415.4 405.6 402.6 396.6 389.9 386.4 381.5 387.3 389.2 393.6 399.7 407.1 415.1 423.9 432 440.3 449 459.6 474.2 486.6 498.5 502.1 491 480.6 440.4 421.7 411.8 402.2 393.8 387.4 381.5 375.5 368.8 362.8 356.2 350.4 345.5 337.5 338.7 336.6 334.2 320.7 330.7 329 319.4 319.8 310 304.1 295 292.8 284.8 279.4 270.6 261.3 253 246.6 238 230.5 222.5 210.8
228.8 244.8 267.5 292.6 318.2 327.9 326.7 341.1 357.7 366.1 392.9 417.8 443.1 465 468.4 485.7 502.3 487.7 476 473.5 459.9 447.2 432.4 414.1 404.7 402.7 394.8 388.5 389.4 388.7 394.8 396.2 399.6 404.7 410.8 419.3 429.4 437.7 447 456 470.4 481.5 492.6 507.4 506.4 485.1 460.3 436.3 419.4 406 399.9 389.7 382.8 374.4 368 362.9 359.5 359.3 353.2 347.9 346.4 347.1 344.1 340.4 333 337.7 339 329.9 326 323.5 317.2 311.9 306 297.1 290.4 280.7 272.6 264 255.5 242.2 231.5 221 214.5
236.9 245.7 269.5 296 317.7 330.3 330.4 337.8 352.1 375.9 404.4 428.3 456.2 464.1 470 480.6 491.4 487.8 479 474.2 461.2 449.7 433.3 418.6 406.9 398.1 395.1 393.7 391.7 393.3 398.6 401.9 406.8 413.1 418.3 427.8 435.7 445.1 455.7 467.8 481 491.3 503.7 510.7 506 486.1 475.1 460.5 430.8 406.3 397.7 390.1 380.9 377 373.1 367.3 362.5 352.6 349.1 352.4 350 349.8 347.8 346.6 345.2 346.6 350.6 347.9 342.2 339.4 333.5 326.6 316 312.8 303.4 293.5 287 278.4 266.5 251.5 245.8 235.2 221.6
246.4 248.5 269.8 293.9 321.3 341.8 334.2 341.7 362.9 390.7 416.9 447.4 472.2 464.6 471 475.9 486.7 484.7 480.5 468.8 454.2 448.6 433.2 415.9 405.5 398.1 397.5 399.5 396 397.7 403.3 409 412.5 418.1 425.3 433.4 443 453.4 465.7 478.3 490.7 499.7 507.5 512.9 507.5 503.7 478.8 459.8 433.3 408.6 395.6 387.3 381 375.7 371.6 366.9 365.3 361.7 357 356.5 356.7 356.3 354.5 352.4 350.5 354.3 354.6 353.5 352.3 344.6 346.7 345.4 332.6 325.9 318.4 302 300 287.3 275 263.7 250 239.2 228.5
249.2 254 262.6 293.3 321.8 339.6 338.3 347.8 374.4 408.2 430.8 464.3 472.4 471.5 470.6 474.5 482.3 480.3 475.8 458.9 448.2 429.5 422.6 409.8 406 398.4 401.3 403.2 396 401.4 406.9 411.5 420.5 426 432.7 440.8 450.8 461.7 475.7 488.5 502.1 513.1 517.7 525.2 522.6 513.9 495.8 474.4 435.8 414.5 398.6 390.7 383.3 375.4 375.4 371.7 365.1 364.3 362.3 364.2 363.9 359.1 360.1 363.2 357.1 360.6 361.3 361.8 359.5 358.7 357.7 355.4 345.3 329.5 319.8 313 308.3 300.3 286.8 278.6 264 248.8 231.2
248.2 253.3 266.5 299 317.9 333.7 337.5 357 395.5 423.2 444.9 471.7 476.1 478.7 471.4 475.5 479.2 463.4 454.6 449.2 439.6 424.1 412.8 408.7 405.3 400.1 403.6 406.4 401.1 405.2 411.4 420.6 430.2 433.9 436.7 448.8 459.9 471.1 487 499.8 515.6 530.3 536.2 533.4 523.2 524.1 496.1 462.7 450.4 435 421.3 404.6 390.5 384.1 377.1 372.9 369.7 370.5 367.9 368.6 364.9 363.4 364.9 364.9 364.1 364.9 368.6 370.4 368 367.2 363.7 359.9 347.9 336.4 332.4 323.8 317.5 310.9 297.4 288.2 280.4 263.3 241.2
248.9 249.8 258.7 295.5 312.3 326.3 336.6 371.3 408.2 450.9 456 470.6 484.2 478.7 470.7 474.6 479.5 464.4 446.4 430.7 422.7 420.5 413.7 410.9 408.2 403.3 406.7 406.7 400.6 410.2 413.8 424.7 431.5 435.3 448.1 459.9 471.5 480.8 496.1 513.9 528.8 541.5 547.8 543.4 532 518.2 503.5 480 463.5 454.4 441.8 423 399.1 388.7 380.6 378.8 378 377 377.3 373.2 371.4 372.3 374.8 372.7 367.9 372.4 377.4 375 375.2 375.2 375 370.2 362.8 356.7 344.8 328.5 322.5 321.4 308 292.2 277.7 268.8 246.2
242.9 236.2 250.6 288.8 306.3 319.9 348.2 382.2 437 457.9 464.8 474.4 491 476.2 467.5 468.8 474.8 457.4 440.3 438.2 422 418.4 415.4 412.6 408.6 409 407.5 408 407.3 414.4 420.3 427.1 437.5 444.6 453.8 468.8 483.3 491.9 508.8 527.2 542.3 556.3 559.3 567.5 552.6 538.7 542 516.3 490.8 466.6 453.7 421 405.1 403.2 392.5 385 389.1 387.2 380 380.3 377.6 380.1 380.3 380.5 376.4 376.5 380.5 383.8 382.9 384.2 383.8 380.1 372.7 368 352.7 343 324.3 317.2 308 303.2 284.6 274.5 261.1
233.6 239.8 260.7 277 300.5 328.9 357.3 390.8 446.5 462 471.2 476.9 478.9 466 465.5 462 461.2 445.1 441.2 436.5 427.2 416.9 413.4 410.7 406.9 409.8 411.7 407.8 413.4 419.1 425.6 434.8 441.1 450.4 463.8 478.2 497.7 503.4 522.7 541.9 556.8 567.8 575.9 576.3 578.8 575.3 566 542.4 499.3 474.2 445 422.1 413.7 409.1 398 391.4 395.3 389.1 387.4 388.2 390.3 386.9 385.5 381.5 381 378.6 386.8 388.2 389 390.2 386.8 378.5 374.8 367.5 354.1 346.1 329.2 319.7 307.8 296.2 287.2 275.7 260.2
222.8 237 258.7 282.2 313 342.4 362.2 389.9 453.7 465 465.6 474.9 474.4 464.5 454.2 450 447.2 445.5 436.3 433.4 430.1 420.9 415 410.3 411.1 410 411.8 416.3 419.2 423.9 429.7 439.8 448.7 457.4 469.5 486.6 501.5 513.3 533 553.2 568.8 581.5 596.4 601.1 603.5 588.9 575.4 558.9 531.4 494.4 479.3 438.1 422.3 412.2 412.7 401.5 399.1 400.1 397 400.8 397 391.5 388.2 387.5 386.9 384.4 391.4 393 393.8 394 391.3 387.5 379.6 368.7 358.8 347.6 335.4 323.6 312.1 300.1 288.2 273 248.4
215.2 233.4 266.9 295.7 326 351.1 367.1 389.8 433.3 457.2 455.6 470.9 477.7 473.3 457.3 446.2 445.4 446.9 439.3 430.4 424.4 424.3 416 415.2 416.3 415.7 417.8 421.1 422.7 428.3 435.5 444.3 452.1 465.5 480.6 495.2 509.8 523.1 542.3 566.1 586.6 606.9 622.1 627.9 628.1 613.2 584.5 564.5 534.9 504.3 488.3 464.7 432.8 421.8 414.3 414.7 414.9 415.6 415.3 408.3 401.9 398.1 396.5 395.5 392.1 389.8 395.2 397.3 399.1 399.6 396.7 393.8 390.6 383.3 365.3 354.9 345.7 333.5 320.9 306.1 286.7 269.6 250.5
211.8 238 271.8 300.1 325.8 354.9 361.4 385.3 424.9 440.7 447.8 463.8 478.1 478.5 463.1 449.1 446.5 449.1 444.9 434 423.8 421.2 421.6 417.1 414.7 417.7 420.3 425.1 429.1 434 443.4 452 461.5 474.3 486.2 504.9 520.6 533.4 552 581 607.5 627 634.4 640.4 638.7 615 589.4 560.2 544.8 518.9 494.5 473.4 450.7 434.1 430.4 428 428 426.8 422.7 417.6 416.9 415.4 410.4 402.2 397.4 399.8 401 403.8 404.8 407 403.9 399.2 392.9 386.6 380 363 346.6 336.2 327.4 312.6 299.3 281.4 257
223 243 267.8 295.3 318.9 340.3 355.5 380 424.4 436.1 443.5 462.1 467.2 468.5 462.4 451.5 445.4 443.2 433.8 428.1 423.9 423.4 419 418 416.2 422.7 425.2 428.7 433.6 439.4 451.6 459.3 468.6 482.7 498.5 514.5 530.3 546 568.1 597.7 623.5 640 648.1 649 649.3 629.9 593 561.3 537.6 521.2 498.2 486.6 459.6 443.7 443.6 441.8 442.2 437.7 433 430.8 428.7 420.8 408.6 404.3 405.2 410.1 409.4 408.3 409.8 410.3 409.5 405.2 403.1 401.8 394.2 373.4 353.5 344 336.5 321.7 305.9 285.8 258.4
221.8 242.4 262.2 288.6 310.5 331.8 351.7 376.9 410.7 429.4 439.2 455.7 464.7 474.5 464.8 456.6 445.1 436.5 431.4 428.3 429.5 427.2 421.9 422.1 421.7 425.4 427.9 433.6 437.7 446 454.9 465.4 475.8 488.7 507 526.9 543.7 559.6 586.3 617.5 637.7 652.1 659.7 661.7 642.6 630.1 597.4 566.8 539.3 521.3 508 499.9 469 460.4 459.5 456.3 457.1 450.1 441.5 435.3 426.5 417.4 413.3 410.8 413.1 416.5 416.5 417.9 418 415.9 414.6 411.1 403.8 397 386.4 374.2 363.8 353 342.5 328.4 308.9 298.5 282.9
218.1 242.8 254.8 279.1 297.8 319.9 341.5 372.7 396.9 415.4 432.8 451.4 464.7 471.8 467.3 452.7 442.8 438.1 437.7 432.5 428 427.4 427.6 425 427.1 430 434.5 437.4 441.2 450.4 459.9 472.9 482.9 495.1 516.4 534.1 556.1 575.8 602.8 633.6 649.4 660.5 668.5 665.7 644.7 611.9 587.7 564.6 545.4 525.4 513.3 493.1 475.6 479.4 476.1 471.7 468.2 463.8 461.4 450.7 441.7 429.6 421.2 425.2 425.2 427.9 423.6 424.9 424.9 422.2 421.3 418.1 411.5 403.4 396.1 393 376 364.5 354.9 341.5 330.1 312.4 300.3
218.3 240.5 247.4 268.7 287.2 307.2 332.3 363 385.4 404.9 434.6 458.1 467.6 459.8 464.1 455.7 450.9 440.4 434.8 433.1 431 433.1 431.7 430.2 429.1 431.5 436 439.3 446.4 454.9 467.5 480.6 493 503.5 523.1 544.9 569.8 588.5 614.7 642.1 665.7 671.1 676.6 662.6 644.4 616.7 595.8 581.6 568.2 538.3 518.1 503.2 491.5 494.3 491.3 489.1 486.9 479.9 474 452.5 443.6 436.8 438.1 435.4 434.6 435.6 435.4 438.5 436.6 434.9 428.4 425.5 421.8 418 411.7 398.4 388.3 380.4 376.9 363.7 349.7 333.4 324.8
218.9 238.4 247.3 259.6 280.5 299 323.9 350.3 378.9 402.1 434.6 449.7 460.5 451.8 457.2 458.6 456.7 443.5 436 437 433.4 432.3 434.5 429.9 430 433.8 441.3 444.7 450.2 460.2 471.3 483.5 499.1 515.1 533.2 554.8 579.7 604.7 625.9 657.8 668.9 678 674.3 663.7 642.7 635.4 617.3 593.8 565.6 542.6 530.8 523.9 515.3 513.7 512.4 504.1 499 482.4 476.7 468.8 456.7 453.9 453.7 444.4 444.3 448.9 452.7 453.5 452.6 449.2 438.1 435.4 433.5 427.6 417 397.5 394.8 391.6 382.6 367.2 350.1 334.5 320.4
210.2 234.9 250.9 256.7 280.7 299.9 318.8 353.5 377.5 393.5 414.4 432.1 445.9 458.4 462.9 461.5 462.9 453.6 438.6 439.3 435.7 432.2 430.9 429.2 431.1 435.4 441.5 448.4 454.6 464.6 475.7 489.3 507.5 525.8 542 571 597.9 615.1 633.5 666 675.6 676.3 670.6 661.7 651.8 631.3 608.9 598.9 564.6 561.5 553.3 539.4 537.1 535.9 534.8 523 507.3 502.2 496.3 485.4 475.1 474.7 462.6 456.1 458.3 463.1 477 482.2 483.8 480.6 466.2 436.3 431.7 424.9 419.9 412.9 405.4 398.6 394.7 381.7 365.1 347.8 335.8
208.5 237.3 251.9 257.1 282.7 298.2 315.9 347.2 373.2 403 422.2 442.2 457.2 461.8 464.2 461 458.7 449.4 438.3 436.2 433.2 432 432 433.5 436.6 440 446.3 449.9 458.2 470.5 483.8 494 517.8 533 554.3 584.4 613.6 627.9 646.9 670.1 681.8 677.4 673.4 666.8 645.6 627.7 609.3 602.3 589.5 577.7 567.6 558.8 558.7 554.5 544.7 534.4 533.4 525.1 512.4 503.2 493.6 488.3 487.8 481.5 484.7 486.4 495.4 500.4 497 493 478.7 449.8 437 436.7 432.7 422 416.3 409.4 403.2 388.5 360.1 344.9 333.5
211.8 234.3 249.7 264.1 288.8 299.7 321 353.1 380.1 402.6 428.3 447 466.1 473 469.3 462.1 462.9 449.3 442.1 438.1 435.8 434.7 432.7 436 440.1 442.5 446.3 455.5 464.9 477.1 486.7 504.8 522.4 541.8 566.7 599.9 627.5 638 658.4 673.3 685.7 690.9 683.9 668.2 660.2 644.1 624.2 614.6 604 593.3 591.7 576.4 573.9 565.4 557.8 560.3 543 534.9 527.6 529 531.8 514.4 506.4 511 513.1 508.2 506.4 510 507.2 488.3 476.1 451.1 450.4 447.4 441.7 434.1 429.3 422.7 405.7 386.9 372.5 358.2 343.8
205.1 229.6 249.4 270.1 291.1 300 318.4 356.7 374 394.1 424.2 462.6 480 475.7 469.6 466.6 463.9 454 444.4 441.6 438.8 435.4 433.6 436.7 440.8 445.2 451.8 459.3 470.2 480.1 491.9 509.2 526.3 547.2 577.6 609.5 633.8 641.6 665.2 680 701.5 704 697.4 694.3 683.6 676.6 659.5 636.3 626.9 618.8 604.1 591.6 591.2 585.6 575.7 570.4 572.1 558.3 552.1 560.6 551.3 534.5 527.3 529.6 531.1 530 522 516.1 509 498.5 479.6 466.6 462.1 459 458.3 458.7 446.8 443.5 434.8 421.1 399.4 377.6 364.6
208.1 232.4 254 274.3 292.8 298.2 316.8 343.4 367.1 393.7 439.4 468.6 480 475.3 471.7 472.6 462.5 449.4 442.9 440.5 437.9 434.4 435.7 439.3 443.7 451 458.1 465.6 476.2 489.6 500.4 514.8 537.5 555.4 580.9 615.4 633.4 647 665 690.3 708.4 720.9 722.1 724.5 701.6 692.6 676.7 667.6 651.4 632.6 613.1 609.7 607.7 606 607.9 609.9 586.2 580.1 589.1 583.4 573.5 552.6 546.5 536.7 539.1 526.6 519.1 509.7 507.3 502.9 506.7 501.6 478.9 474 475.6 479 470.2 467.7 458.6 450.3 436.4 416.2 399.1
215.9 239.7 253.5 269.1 284.6 293.1 316.1 341.2 364.9 400.1 451.1 469.6 475.4 477.7 480.5 475.9 470 453.8 448.1 443 439.5 439.1 442.1 445.1 451.6 455.4 461.9 470.4 482 495.9 506.6 525.4 547.9 569.2 590.3 617.6 639.1 654.6 671.2 693 724.5 740.3 747 734.9 728.4 706.2 693.5 675.4 658.8 640 638.6 624.2 620.1 626.9 631.1 633.1 613.6 609.5 601.4 599.8 589.7 564.1 553.3 546.3 540.3 529.6 524.2 525 524.1 525.2 532.4 527.2 508.6 487.4 489.8 479.9 473.2 473.2 476.2 465 450.5 428.3 404.3
211.9 238 255.6 265.8 279.2 292.4 318.8 342.4 366.5 405.6 452.8 467.2 478 489.3 486.7 478.2 471.1 464.2 461.4 456.7 447.6 446 450.1 451.7 456.2 461.3 470.4 476.2 487.7 503.6 512.5 534.7 557.7 575.6 604.8 631 650.4 661.8 679.4 709.9 739.7 755.5 760 752.5 736.6 719.4 692.5 674.2 665.7 659.5 646.5 648.4 645.3 653.9 654 648.8 654.2 647.4 634.6 624.6 607.1 589.3 561.1 551.6 540.7 542.1 541.6 543.4 546 548.8 549.3 539.5 529.1 509.2 494.7 493.3 480.3 481.9 479 465.4 438.6 425.8 410.2
210 238 255 266.3 280.2 294 318.3 340.8 366.2 404.7 448.6 470.5 478 489.7 491.8 483.2 471 467.1 462 457.5 455.1 454.4 454.6 457.4 460.3 464.5 477.1 484.5 495.7 509.4 521.7 544.3 559.8 582.2 613.5 640.9 663.2 668.3 685.3 726.1 745.5 767.8 773.1 766.1 757.3 724.5 706.7 690.8 681.7 676.7 675.5 680.4 685.9 696.4 688.1 685 679.3 657.1 642.6 624.9 610.4 596 592.3 578.9 566.6 562.7 566.6 570.7 585.9 572.7 565.3 554.2 541 528.4 503.6 491.5 489.5 482.3 475.5 463.4 448 435.1 418.2
212.6 235.4 251.4 264.5 280 297.5 319.7 339.2 368.1 409.9 448.6 468.7 475.7 493.2 492.8 487 475.1 472.8 467 466.2 464.3 461.3 457 462.1 464.7 471.2 484.3 490 505.8 521.9 531.1 552.4 567.2 596.6 619.8 647.5 660.6 678.7 705.5 741.4 754.4 771.3 776.2 773.1 763.4 743.5 733.5 724.1 713.5 726.9 725.9 722.9 727.7 726.9 718.5 711.2 694.6 666.8 649.6 639.8 627.8 619 613.8 601.6 588.5 589.5 596.5 617.2 614.3 589.2 577 564 550 535.1 527.4 496.8 485.4 487.3 479 466.3 454 431.7 411.3
212.8 232.6 246.5 262.8 276.3 294.5 322 344.9 378.6 420.5 451.6 475.8 478 493.7 496.5 495.4 482.1 481.2 476.9 470.8 469.7 468.3 464.3 465.4 470.4 478.6 488.7 497.4 513.7 524.4 535 552.7 574.2 603.9 618.7 639.5 665.7 693.2 716.7 754.6 767.3 773.8 779.8 780.2 783.1 782.1 775 764.1 764 763.6 762.5 755.5 761.6 759.7 753.3 746.4 727.4 698.5 678.6 672.5 664.6 663.7 643.1 611.5 608.5 617.3 637 644 626.5 604 582.9 570.7 552.9 545.6 530.2 514.1 484.8 476.9 478.8 465.5 444.8 425.3 407
205.5 231.7 246.7 264.3 276.3 288.8 322.6 348 385.2 423.8 445.2 475.3 480.2 496.2 502.7 498.7 486.8 484.6 483.7 481.3 478.7 475 474.8 478 481.5 488.7 493.5 504.9 519 534.8 543.2 564.5 583.2 601.5 629.5 655.5 673 707.6 729.7 755.3 764.3 762.5 774.3 780.2 810.3 815.8 811.2 810.2 802.7 796.7 793.5 792 802.6 803.2 798.1 785.7 766.2 731.1 701.4 698.1 684.4 680.7 644.6 640.4 643.4 660.5 681.7 666.4 635.1 616.9 592.9 577.1 561.2 549.2 530.2 506.1 492 482.4 453.5 446.1 432 417 404.6
203.4 230.2 251.1 274.1 277.4 284.6 321.1 345.7 386.8 423.8 438.7 468.7 477 501.2 500.2 497.5 491.1 494 493.6 493.4 490.8 487.3 486.5 492 493.9 495.6 500.2 511.4 535.7 544 553.2 570.3 587.3 608.7 638.2 663.3 696.9 730.8 744 740 748.9 760.2 758.9 770.8 818.3 834.9 851.1 848.6 839.2 831.1 832.1 839 854.1 854.7 841.2 822.3 790.2 770.5 746.7 716.2 703.3 678.8 679.4 673.7 678.3 711.9 693.9 670.2 637.3 615.7 592.5 580 570.8 560.8 547.8 527.9 495.9 483.7 458.3 434.8 424.5 413.2 388.5
195.6 228.7 253.9 271 269.9 282.1 318.3 342.8 366.9 417.3 441.6 469.8 486.7 495.9 498 499.9 496.2 502.6 504 502.8 499.9 495.4 498.1 500.9 502.9 504.7 509.8 521.9 539.2 550.8 561.1 579.5 600 622.2 644.5 683.7 716.9 742.7 754.7 750.2 741 744.8 760.1 761 795.9 831.1 864.5 887.1 888.6 875.3 874.6 883.9 910.8 894.1 871.4 845.9 819.7 786.6 754.4 721.3 708.7 706.7 703 692.1 719.3 744.7 719.3 687.1 655.8 626.7 606.2 587.6 581.8 573.9 557.5 543.2 516 500.9 465.1 438.7 429.8 408.3 414.5
191.2 235 258.7 260.4 255.4 271.2 309.6 342.5 368 403.3 439.5 459.6 484.3 491.6 505 505.6 501.4 511 511.1 511.4 508.8 507.2 508.8 509.3 512.7 517.3 518.1 525.5 540.7 551.5 572.9 594.9 616.4 638.9 669.9 706.3 731.1 754.7 767.5 756.6 749.7 740.1 748.3 748.2 773.2 815.4 846.1 901.9 924.8 907.6 918.4 923.8 934.4 909.7 883.2 856.9 824.5 785.5 761.1 738.2 726.7 725.4 716.2 722.1 756.4 757.6 733.6 705.3 670 635.4 612.2 598.7 586.5 578.1 566.1 553.4 516.7 497.7 483.1 457.1 436.4 420.7 451.8
191 229.9 254.3 254.3 251.2 256.7 302.2 319.9 370.4 383.7 429.1 445.9 482.5 498.2 508.6 509.2 504.8 517.7 523.9 514.9 518.9 519.5 522 525.7 525.5 530.4 530.5 531.4 542.7 559.4 584 615.2 647.3 669.2 701.9 737.4 751 772.2 774.5 772.2 748.1 744.8 730.2 738.6 766.8 790.2 824.7 877.1 915 940.4 962.6 965.2 945.8 914 878.9 850.8 816.6 785.1 760.2 743.9 739.8 738.8 731.3 752.1 801.7 775.6 742.6 709.4 682.2 652.3 622.9 603.1 592.1 584.6 572.8 555.8 521 499.2 484.7 466.9 440.7 453 476.3
183.9 210.3 242 239.8 246.6 249.4 281.8 316.1 353.1 373.8 412.1 427.5 467.7 498 510.5 511.4 503.4 517.9 525.2 519.7 530.9 532.7 539.2 543.1 535.8 539.6 540 539.8 550.6 576.4 610.2 636.1 670.8 692.6 727.8 761.5 762.2 773.3 769.5 760.1 750.9 731.3 723.2 731.9 758.3 783 814.3 858.2 892.2 910.9 934.1 968.3 947.2 906 868.5 842.7 816.3 784.4 769.5 765.4 764.2 759 760.9 813.3 818 789.1 758.4 725.8 683 654.5 630.5 613.6 600.5 589.7 580.9 560.8 532.2 506 487.3 468 460.4 492.1 489.1
170.9 198.8 228.8 238.8 240.9 242.5 274.5 303.8 336.3 359.3 378.4 410.6 449.4 481.8 502.6 511.9 502.5 515.8 521.6 524.2 541.2 548.3 553 549.8 547.8 551.1 546.1 545.9 557 594.4 627.1 663.9 686.4 715.6 741.8 753.9 757.7 767.1 765.3 753.5 748 732.2 721.7 724.4 749.7 779 813.7 848 876.4 884 902.5 948.5 942.6 907.3 876 847.7 828.7 819.7 812.8 802.9 785.9 797.8 847.7 853.3 818.2 787.4 760.5 732.9 704.5 673.6 646.8 630.4 620.6 603.3 583.3 570 534.8 507.8 486 478.8 506.8 507.4 506.3
156.1 183 203.2 230.2 233.8 227.8 260.9 286.2 318.8 338.4 368.9 402.6 427.9 457.4 489.6 502.6 481.8 517.7 530.1 525.8 547.1 553.5 555 554.7 555.5 549.7 545.8 550.3 568.4 611.2 657.5 682.8 704.2 725.3 741.8 749.2 753.2 752.6 745.8 737.4 734.8 733.2 726.4 719.5 743 773.2 804.7 833.8 856.1 865.2 882.3 923.5 940.6 958.4 937.8 892.2 869.2 851.8 827.1 828 830.8 873.4 877.5 848 816.8 782.6 757.8 737.4 714 690.8 667.6 650.4 629.2 608.5 584.6 565.9 532.4 504.8 498.9 509.7 531.6 533.1 519.6
141.1 174.4 191.7 213.4 226.2 213.5 230.3 266.4 303.2 318.1 356 386.2 407.2 436.1 457.9 476.9 471.7 498 527.8 526.4 541.6 546 554.5 560.1 556.4 550 547.3 552.5 576.6 630.9 675.5 699.3 721.6 734.9 748.6 743.6 734.2 729.6 729.5 740.7 735.6 731.4 719.4 710.7 731.9 764.1 786.4 810.6 833 844.2 870.9 900.6 919 937.2 948.3 925.8 891.5 864 859.5 865.4 917.4 901.2 870.6 837.2 808.3 780.7 756.2 735.5 718.1 698.8 680.5 660.4 631.9 608.1 584.9 560.5 528.7 522.9 527.2 550.1 565.8 552.7 536.1
128.8 173.6 182.2 197.6 214.6 201.8 219 256 290.9 297.4 339.4 349.1 385.7 413.7 421 437.9 460.2 492.9 516.4 516.7 531.8 562.9 567.7 571.4 554.9 543.6 545.8 554.9 582.9 640.8 687.8 709.9 730.9 743.1 748.1 726.3 710.7 720.7 727.2 728.2 727.4 718.5 711.2 695.3 724.1 749.6 769.4 787.5 808.9 823.7 846.5 875.8 892.3 912.2 923.8 932 935.8 944.2 940.8 926.9 928.9 897 862.4 828.7 803.5 779.6 758.5 733.8 714.4 700.3 684.1 662.7 633.6 599.7 585.6 558.7 546.9 553.7 575.7 584.2 581.9 566 548.3
