Assets/StreamingAssets/GeoData/Data/nn/NN36.asc
ncols 200
nrows 200
xllcorner 230000
yllcorner 760000
cellsize 50
[rows 35 to 69 of 200, columns 0 to 77 of 200]
363.8 358.4 314.2 299 278.4 272.2 263.1 271 273.8 280.3 286.3 289.4 291.2 300.8 310 316.2 327.5 332.5 335.5 343.4 349.3 347.5 352.1 357.8 359.7 358.2 355.8 349.5 343.8 335.5 324.4 314.2 305.9 291.2 284.5 276.8 271 274.2 283.9 294.2 304.9 315.5 328.5 339.5 363.6 371.7 380.6 390.2 393.4 397.7 393.4 391.8 386.1 378.6 373.6 360 354 351 344.9 335.5 328.2 325.8 332.3 343.8 352.5 361.1 374 383.9 392.2 402.3 412.3 412.3 418.3 417 414.3 408.1 408.9 408.8
357.5 344.5 311.9 295.6 277.2 269.4 267.2 272.7 276.2 279.2 286.9 290.9 298.6 306.5 311.5 318 327.2 332.5 343.2 354.4 347.3 347.4 351.7 356.1 353.9 350.9 348.5 338.9 330.1 323.5 314 304.8 294.6 287.6 283.3 280.3 274.6 281.5 292.1 306.1 314.9 327.2 335.6 349.6 370.9 386.1 386 390.4 395.5 397.3 391.8 388.6 384.1 381.1 375.9 367.5 365 362.6 350.5 342.6 334.4 328.1 334.5 340.5 348.1 357.8 365.3 373.2 383.2 392.2 400.6 395.4 403.7 395.7 394.2 391.9 394 393.2
344.5 320 310 280.6 274.6 267.9 270 275.5 279 283.5 294.2 293.2 301.3 311.6 313.3 320.1 332.2 343.9 351.1 354 344.1 348 350.6 350.5 347.2 343.8 335.3 327.1 322.1 316.7 309.2 298.4 291.5 288.7 284.2 275.4 282.2 290.1 300.6 314.3 327.9 336.5 341.5 354.8 371.6 382.8 386.8 393.3 394.9 397.1 392 388.4 384.2 380.7 375.1 374.1 367.3 360.8 355.2 350.7 345.5 337.8 330.7 339.4 345.9 352.1 360.8 366.8 371.6 377.5 380.7 382.4 383.4 382.2 382.4 378.7 378.1 379.3
335.7 311.2 297.4 274.9 269 270.5 270.5 275.7 282.6 295.1 294.3 295.9 300.3 309.3 315.4 326.4 335.4 342.1 347.9 344.4 341.8 348.8 348.4 344.8 343.7 333.7 325.5 321.7 312.2 307.3 302.3 295.8 291.7 288.5 284.8 284.3 294.4 303.1 314.8 328.8 343.8 346.2 352.6 360 367.6 376.3 385 392.9 394.3 395.3 391.8 389.1 385.1 381.4 375.3 372.8 366.8 367.1 367.7 360.3 352.3 345.9 338.7 336 337.1 341.1 349.8 356.5 361.3 368.1 365.5 368.5 374.2 371.6 370 369.7 374 374
324.2 306.7 281.7 274 270.8 268.4 275.3 281.7 285.7 290.5 294.5 296.6 297.7 311.8 318.6 328.4 338.1 346.2 350.6 341.1 340.3 340 344.5 338.5 335.6 323.8 317.6 311.4 306.4 302.9 299.3 296.8 293 290.5 291.5 289.1 299.1 315.1 331.3 344.1 359 355.4 360.3 364.6 367.5 377.4 383.8 390.7 392.1 393.7 390.6 387.7 386.6 382.4 378.2 374.5 370.2 372.6 368.8 362 361.2 357.2 350.5 345 345.7 344.4 342.7 345.4 347.4 350.4 353.2 355.8 358.3 361.6 363.1 365.2 367.6 369.6
312.7 296.6 283.9 273.8 272.4 271.9 269.5 279.1 287.2 292.8 295.6 300.2 301.2 314 323.7 331.7 341.1 351 343.3 340.8 340.4 339.6 340.2 339.5 325.3 317.1 311 311.4 305.5 300.4 299.8 299.1 297.8 293.2 295 297.1 302.9 323 342.7 364.6 369 364.3 368.2 370.8 373.5 377.2 382.2 389.9 392 391.9 388.3 386.5 382.3 382 384 375 377.5 375.1 369.8 366.7 368.7 365.1 362.6 361.2 357.2 355.6 353.8 355.8 358.5 359.3 361.4 362.4 363.7 363 363.8 363.9 366.2 366.6
299.3 290 278.5 273.1 272.4 270.9 278.3 285 289.7 297.1 305.4 303.6 306.3 314.7 327.5 334.5 340.7 345.3 342.4 341.1 340.3 339.7 334.7 329 322.6 318.1 309.8 308.2 303.4 301.5 300.3 301.5 300.7 301.7 301.8 303.7 315.1 333.2 353.7 367.9 374 375.8 377.3 381.5 386.5 381.2 381.9 389.7 392.2 392.2 389.6 384.3 387.6 389.1 385.1 382.5 382.1 376.6 372.4 374.5 374.8 372.9 372.1 370.9 370.5 369.9 369.4 370.2 371.3 371.5 371.9 371.3 369.7 369.2 370.1 369.4 369.9 371.2
275.4 275.8 273.7 271.6 270.7 274.4 280.6 285.8 287.5 296.9 301.6 304.5 309.5 319.3 327.6 335.3 340.4 343.7 342.8 341.1 340.7 338.7 331.9 324.7 319.7 314.5 310 308 307.8 305 305.2 305.1 306 306.6 301.4 308.6 325.4 345.4 361.8 370.4 378.7 383.6 386.1 387.6 389.3 388.8 387.9 391.2 393.8 390.7 390.1 387.3 390.6 390.8 388.5 385.4 380.9 382.2 384.3 383 383.5 382.9 384 383.4 379.9 381.1 380.8 379.5 379.6 377.3 378.3 380 381.3 379.3 378.1 376.5 375.4 375.4
280.8 280.5 280.5 276.4 275 280.2 281.6 282.2 290.2 296.4 300.5 307.6 315.6 322.2 329.1 334.8 341.8 341.8 342 341.9 340.3 337.9 332.7 325.1 320 313.8 312.9 313 310.1 309.7 309.4 309.9 312.8 313.6 310.6 316 333.8 351.6 365.2 375.3 384.3 389.5 392.6 398.3 393.7 393.3 392.3 391 391.6 390.9 390.9 387.3 393.6 393.2 387.9 387.2 384.2 386.8 390.9 391.8 388.9 389.6 393 389.3 389.5 387.9 386.5 386.8 384.7 382.8 388.3 387.2 390.4 389.2 386.1 382.2 378.6 376.7
296.2 291.8 289.3 283.3 278.4 284.3 290.9 286.4 294 296 302.5 310 315.7 324.4 330.1 334.3 338.8 340.9 340.8 341.7 341 337.1 332.3 326.6 320.8 317.6 317 317.5 315.9 316.4 316.8 318.2 316.1 314.9 314.4 324.6 343.2 359.5 370.6 377.1 388.4 396.1 405.9 406.4 401 398.8 394.9 392.9 391.7 391.3 388.4 389.3 393.1 394 390.3 390.5 387.4 389.7 393.7 392.2 392.1 392.4 397.5 397.1 397.3 395.4 393.8 393 392.9 392.7 393.9 392.7 396.2 394.6 391.8 386.8 384.1 379
314.4 304.1 295.6 287.5 284.9 285.9 287.8 293.8 292.5 300.7 305.2 312.5 320.2 325.3 329.6 335 338 339.5 341.3 340.8 340.8 337.6 333.4 326.4 323.1 323.7 323.2 324.1 324 324.2 324.4 323 323 319.5 320.1 333.2 350.8 363.3 373.7 385.2 393 402 414.7 405.4 406.2 403.7 398.5 394.7 391 389.6 389.6 392.9 392.9 396.5 393 396.5 395.4 392.2 398.1 397.8 399.8 404.2 404.3 404.5 402.3 400 399 397.9 398.8 398.1 396.6 398.1 399 396.7 396 389.6 390.9 388.9
330.1 315.4 301.7 296.5 294.9 296 295.9 303.1 305.9 300.8 306.4 317.3 327.4 327.9 332 335.8 337.6 339.9 340.3 341 340 335.5 330.8 329.9 329.5 328.8 330.7 330.4 333.5 333.3 331.1 327.2 329 323.3 327.9 342 356.1 369 381.1 394.3 399.9 408.2 410.4 406.6 413.3 407.5 402 396.2 392 390.7 396.4 393.7 393.4 398.3 395.3 399.7 400.7 400.8 401.8 401.5 406 409.5 408.4 406.9 405 404.3 401.9 400.8 402.3 400.8 400.9 402.6 400.7 400.7 394.6 394.4 398.3 394
335 323.5 309.7 303.7 304 303.4 307.1 312.1 312.9 312.9 308.3 315.7 328.3 328.6 333.3 336.5 339.5 342.5 345.4 344.3 340.5 335.8 334.6 333.3 334.4 335.8 337.3 338.7 341.2 339.2 340.2 335.2 335.5 331.4 335.8 351.9 363.3 382.4 391 392.7 404 409.3 409.7 411.5 416.2 410 404.5 397.4 391.1 391.5 396.9 395.7 396.7 399.1 396 401.7 406.6 410.3 407.9 408.9 410.6 412.1 411.7 409.5 408.4 407.7 406.4 404.3 406.1 405 405.8 405.7 404.2 400.5 403 401.8 399.9 398
344.3 330.5 320 314.1 314 311.7 318.3 321.4 321.4 319.1 317.5 321.8 326.8 332.2 334.8 339.6 344.7 348.7 348.9 346.1 340.5 339.2 339 340.5 340.6 343.1 345.7 350.6 350.1 348.8 343.7 343.1 340.1 346.5 341.5 359.5 374.8 394 400.3 401.8 408.1 414.2 414.3 414 416.6 411.5 406.9 401.3 394.9 392.1 395.9 394.7 398.2 402.8 402.9 406.4 408.8 410.9 410.7 411.4 411 411.5 412 411.6 412.5 411.6 411.3 410 409.8 411.1 411.9 409 408.3 405.4 406.2 403.5 402.1 401.4
351.7 341.4 329.1 323.7 322.3 324.2 331.2 331.7 328.2 326.2 321.5 327.2 331.7 336.4 340.7 344.3 350.6 351.9 350.5 350 343.1 344.2 345.7 344.9 350.9 352.5 357.4 360.4 359.5 355.4 354.4 350.7 346.7 341.4 354.2 367.3 387.3 405.7 409.2 413.6 415.2 421.2 415.3 417.8 421.4 413.8 410.1 402.4 396.3 394.3 394.4 395.9 407.2 408.4 406.7 410.4 413.5 413.8 412 410.8 411.6 413.6 414.3 415.3 418.8 419.1 416.5 415.2 414.6 418.1 414 413.2 408 411.7 407.1 408.5 404 401.9
357.5 347.7 337.8 335.4 339 339.4 344.4 341.9 339.8 331.4 327.8 331.9 336.7 341.1 346.7 351.8 353 354.1 352.9 349.1 351 352 353.8 353 359.3 361.4 366.7 371 366.4 362.9 360.7 356.1 354.3 352.1 358.9 377.1 396.6 409.5 415.9 417.2 423.7 430.9 418.4 418.9 423.4 416.7 412.2 407.3 400.8 395.7 397.6 397.8 408.1 411.2 411.9 416.7 418.6 419.3 418 416.3 416 418.2 419 421.6 423.8 422.2 418.8 420.5 423.5 420 420 415.3 412.8 414.3 410.3 411.9 409.5 408.1
365.4 355.2 352.8 347.5 355.6 361.4 356.7 351 344.3 340.7 335.9 345.2 342.1 348.5 352.3 355.3 360.3 359.1 359.2 359.6 360 361.1 360.6 361.3 367.3 371.6 372.4 376.3 373.4 365.9 365.7 361.6 357.8 356.2 367.3 382.8 401 409.4 416.5 419.3 430.9 431.3 420.1 420.1 417.9 418 412.8 405.4 401 396.8 402.9 400.8 404.2 414.1 417.4 422.8 422.6 423.2 421.9 419.6 421.5 423.5 424.1 428.1 426.2 426.5 425.9 426.9 424.6 424.8 423.8 419.8 418 415.6 413.9 415.1 413.3 413.6
368.6 364 359.3 359.7 371.7 370.2 361.6 359.3 354.5 346.7 347.6 346.8 358.4 356.3 359 363 364.2 365.5 371.7 369.7 367.3 371 366.6 369 374.9 376 379.5 379.1 376.3 374.6 368.4 369.1 363.8 356.3 374.3 392.1 405.1 414.1 418.8 421.8 429.1 422.9 426.3 420.2 420 417.2 412.5 410.7 404.8 399.2 400.7 404.6 410.1 416.2 424 428.7 427.6 426.6 426.4 423.9 426.2 427.5 430.7 431.5 430.4 430.1 430.4 427.6 427.5 428.7 425.1 421.1 421.7 420.6 421.3 422.6 419.8 419.9
378.4 370.9 367.5 370.4 373.2 374.1 368 365.7 361.2 357.3 356 353.8 364.4 365.9 370 371.3 376.1 376 381.3 379.1 377.5 378.2 376.6 376.6 383.2 384.9 383.1 381.4 378.9 379.8 373.6 371.2 365.2 366.3 382.7 401 413.2 417.3 419.3 424.6 425.9 423.3 425.7 422.5 421 415.9 411.2 409.1 404.6 401.2 405.7 407.1 413.8 423.8 426.9 431.1 432.7 432.4 430 426.7 430.4 432.3 438.2 437.9 438.5 436.4 433.6 432.4 431.2 427.3 428.6 424.3 425.8 425 425.1 428.6 425 424.9
390.2 380.2 382.4 385.5 385.1 383.4 376.4 370.6 369.4 366.2 365.5 368.4 369.2 376.8 382.8 384.4 389.8 392.2 391 391.3 390.1 391 387.1 388.1 389 389.6 388.9 384.8 380.3 378.6 378.6 373.2 364.6 376.5 393.4 409.8 416.5 418.6 424.5 429.7 432.6 426.5 426.6 423.2 420.2 412.5 409.2 405.5 406.6 406.5 411.2 412.1 418 425.3 428.6 435 435.8 433.9 434.7 434.2 435 440.6 440.4 440.2 440.1 438.7 437 435.4 432.1 429.9 430.3 429.7 430.3 430.8 429.1 429.9 431.6 431
394.3 392.8 392 392.3 387.3 384.2 380.6 376.9 377.6 376.4 376.8 379.5 382.2 386 394.4 399.1 403.9 404.2 402.4 399.7 398.3 397.6 399.3 398.2 399.4 398.2 394.5 392.4 386.1 381.2 380.7 371.2 372 387.2 404.4 413.1 419.9 422 427.1 435 437.8 431.2 428.1 425.4 421 409.7 408 407 408.1 410.5 414.3 417.3 422.8 427.2 430.4 436 438.3 439 438.6 437.6 441.2 444.6 444.8 441.4 440.3 439.4 436.6 435.7 436.1 438.1 435.5 437.5 436 435.1 435.6 439.7 437.9 434.2
403.7 400.9 403.2 403.8 399.1 394.3 389.7 390.8 388.5 386.9 389.4 391.7 396.2 401.1 408.9 414.2 417.7 416.9 415.7 414.7 410.8 408.8 412 411.5 410.8 408.8 401.9 396.5 386.6 385 378.8 368.2 378.5 394.9 409.1 418.3 424 429.5 433 443.8 433.3 429.7 425.2 421.8 412.6 410.7 408.9 410.3 414.6 413.8 418.1 426.7 430.9 431.2 433.3 438.2 442.1 443.4 444.3 443.5 445.1 446.7 444.8 441 440.2 441.4 441.4 443.4 444.9 443 443.5 445.4 443.4 442.4 442.9 443.3 442.9 441.5
418.3 412.8 420.9 416 410.5 409.6 405.7 406 400.8 400.8 404.1 407.4 411.3 417 423 428.9 432.3 430.3 427.8 428.6 428 428 426.1 425.3 427.9 420.9 411.7 398.5 390.8 384 377.3 375.7 387 403 413.8 422.2 431.4 432.5 441.9 442.8 435.5 431 425.2 419 412.8 410.4 411.5 414.2 417.3 418.8 421.1 423.4 429.6 437.6 439.2 442.5 442.3 445.5 448.8 451.5 453.9 446.6 446.1 444.4 445.5 444.1 448.1 449 449.4 447.6 450.8 449.3 452.8 450.6 450.4 450.6 453.6 451.1
424.4 430.3 434.1 427.7 425.4 429.9 420.7 415.8 416.1 418.3 419.9 424.7 428.4 434.5 431.8 442.8 445.7 445.5 443.4 445.5 442.7 447 441.7 444.2 442.1 430.5 420.9 407.2 393.8 387.4 376.5 377.5 395 407.2 420.4 428.2 435.7 436.9 440.9 446.2 434.1 428.3 424.5 418.6 414.7 412.9 412.6 415.7 421.6 424.7 426 428.9 435.6 440.1 444.7 446.9 448.7 449.1 451.8 452.3 452.7 448.9 450.4 450.1 451.2 451.8 455.1 454.8 453.7 457.7 458.8 453.2 455.6 457.3 457.5 461.6 463.2 460.7
436 440.3 446.9 439.5 438.7 436.6 435.6 434.3 431.3 434.2 437.5 441.3 444.9 449.6 454.8 456.6 461.9 459 460.5 461.5 462.5 464.1 457.8 456.7 453.1 437.2 436.2 415.3 397.1 382.6 373.5 386.1 398.8 410.5 422.9 430.9 437.6 437.1 440.5 443.3 433 427.8 421.8 419.7 415 415.4 417.2 419.8 426.1 430.8 434.3 434.2 440.7 445.6 447.8 452.5 453.2 453.4 457.7 454 452.3 455.7 458.6 459.5 459.5 459.7 461 459.8 462.7 468.9 462.5 460.2 463.4 466.2 472.6 473.6 476.9 478.1
453.1 453.6 452.9 452.1 451.5 450.9 451.3 450.9 447.7 450.8 454.5 458.3 464.8 467.2 467 468.8 477.9 479.2 477.4 482.3 479.9 480.4 472.5 466.2 457.4 444.4 437.2 418.3 399.3 387.7 376.2 387.5 403.3 416.8 427.1 431.7 435.8 436.9 440.1 435.2 431.5 425.5 422.7 420.6 418.6 418.2 420.8 425 430.5 432.9 438.7 439.9 446.2 449.7 450.5 453.6 456.5 456.6 459.2 458.5 459.1 460.5 465.2 465 463.8 466 468.4 467.1 473.8 470 469.3 469.3 472.6 476.1 476.7 479.8 484 486.1
466.3 467.5 463.8 463.7 465.6 465.5 467 466.3 466.5 471.1 472.4 476.1 481.9 485.1 485 486.4 493.6 495.2 501.8 504.4 499.1 494.7 485 477 458.2 447.1 435.5 419.3 402 390.6 379.1 391 404.6 420.1 428.1 434.6 434.4 437.3 439.9 432.3 427.5 423.9 424 421.9 421.6 424.1 429 431 435.9 437.3 442.3 445.8 452.1 455.5 455.8 460.1 458.4 458.3 460.2 463.8 467.9 468.2 471.3 471.1 470 473.2 474.6 475.3 478.6 477.7 480.7 486.7 493.8 493.7 494.1 492.6 496.4 501.5
484.3 477.8 478.8 478.3 479.9 483.2 483.7 482.9 485.6 489.6 490.8 492.2 497.7 498.3 503.2 508.9 509.2 511.6 518.2 522.8 518.9 514.6 504.1 481.4 464.9 453.3 438.1 418.7 401.5 391.9 383.1 394.8 408.9 418.9 427.2 431.9 431.9 436.8 434.2 429.6 428.5 427.3 426.4 423.7 426.2 430.3 431.3 438.4 438.7 445.5 447.8 452.5 456.9 462.3 462.2 461.3 461.5 462.1 466.7 468.7 474.8 478.7 477.6 480.3 479.8 480.3 483.9 485.8 486.6 489.3 497.1 498.5 502 506.3 508.9 505.8 510.3 517.1
495.9 494.6 493.4 492.9 496.3 497.7 500.5 499.7 502.6 505.5 511.1 510.7 512.8 517.8 523.3 524.2 523 529.8 532.3 536.9 539.9 538.8 532.4 487 466.2 452.6 435.8 420.1 402.8 391.7 390.3 398 410.7 418.3 424.4 428.5 429.3 432.2 430.5 429.4 428.8 429.3 428.6 428.6 432.6 438.2 439 442.8 447.3 450.5 455.5 457.5 463 466.2 464.8 467.1 467.3 471 473.1 476.4 483.4 484.3 485.8 489.6 492.1 494.7 496.4 497.6 496 501.3 508.2 512 518.4 518.5 517.5 521.5 525.9 532.5
510.6 511.2 509.4 512.5 513 516.4 516.6 517 521.6 526.1 530.7 532.6 533.7 536.6 542.7 546.9 543.5 546.5 550.3 552.5 552.9 549.5 533.9 504.2 472.2 450.6 439.6 421.1 398.4 389.4 397 409.1 414 421.3 423.5 424.7 427.8 429.5 429.3 430.8 431.7 431 430.8 433.2 437.4 446.5 447.2 451.8 453.5 456.6 459.5 464.4 466 470.6 470 473.5 476.2 480.3 483.8 487.6 490.8 492.9 496.7 500.2 504.8 506.1 509.6 507.3 509.3 513.4 522.4 524.4 531.4 530.8 532.7 539.2 543 546.9
524.8 526.7 530.8 529.2 527.4 532 534.2 535.6 539.8 545.2 548.2 552.9 555 556.3 562.4 565.9 562.3 562.3 569.7 566.4 563.4 553.8 534.2 504.3 482.5 454.7 437.2 415.8 396.6 391.9 401.3 409.5 416.6 420.2 420 423.8 427 429.4 431.2 432.5 434 432.8 435.4 438.9 446.2 451.2 455.8 462.2 462.5 459.7 466.5 469.6 470.7 475.5 479.2 481.6 486.4 490.9 493.5 493.5 497.1 502.8 508.6 515.3 519.6 520.7 517.4 519.2 523.3 528.8 531.4 533.5 537.2 540.1 544.2 551.3 559.4 564.1
538.7 542.1 546.8 542.7 542.4 551.7 550.3 552.9 561.2 563.8 565.2 572.9 578 581.2 575.9 582.1 573.5 574.5 582.3 578.9 575 559.7 542.6 498.4 476.4 453.1 430.3 403.5 393.4 395.2 402.2 413.9 417.4 419 422 422.8 425.9 430.5 432.6 435.7 437.8 436.6 439 443 453.5 460.1 465 470.4 469.4 468.7 469 472.8 474.6 480.6 486.8 490 496.2 498.2 501.6 507.4 511 513.1 517.9 526.3 529.3 529.9 529.3 531.6 535.3 539.4 541.8 547.4 550.5 551.8 556.1 566.2 567.7 566.7
556.1 553.4 552.8 556.9 559.4 561.3 564.9 570.8 572.7 579.2 585.2 587.5 595.2 600.9 587.9 585.7 585.6 581.6 581.6 577.9 574.2 560.7 522.8 493.3 465.2 439.1 416.8 400.4 396.3 400.4 405.1 414.1 417.4 419.3 423 422.4 427 432.5 436.3 439.6 442.1 445.8 449.2 454.3 458.7 468.4 473.1 474.8 476.8 473.6 471.8 476 478.6 486.7 493.3 496.7 500.9 506.7 513.6 519.7 522.1 529 534.2 538 538.4 541.7 544 546.3 553.4 552.6 556.4 561.7 560.1 564.2 569.8 570.4 566.7 562.4
565 563.4 564.9 569.6 572.1 575.8 578.4 583 589.6 595.9 603.1 603.6 609.5 606.2 593.6 592.3 587 585.7 578.2 578.7 571.7 556.7 524.4 477.6 451.8 427.6 410.1 398.1 396.3 403 407.7 412.9 417.1 420.7 423.4 423.6 427.8 433.3 436.6 440.2 447.7 450.8 460.9 471.1 474.6 480.5 481.7 479.5 476.8 474.9 480.3 484.1 484.9 491.9 496.8 502.1 509.8 518.5 528.8 535 540.8 545.9 551 550.3 554.3 554.2 556.7 562.6 567.2 568.7 574.4 571 572.6 578 573.8 572.1 564.8 560.5
564.4 568.8 572.9 578.4 582.1 587.7 590.3 594.4 598.5 606.4 615.8 614.7 615.7 614.7 611.7 601.4 600.8 587.4 577.6 572.8 565.7 544.9 514.2 469.3 440.1 418.6 405.6 399.7 398.6 405.9 412.7 413.6 418.2 420.6 423.6 425.9 428.9 432.7 435.4 443.2 448.5 453.6 462 477.7 483 484 483.7 478.6 476.8 478.6 482.3 492.1 494.9 498.5 504 511.4 522.3 535.6 539.7 547.9 555.9 565.8 568.5 563.3 565.1 566.8 572.4 580.2 584.2 587.5 587.8 586 584.3 581.5 574.1 564.3 558.4 552.4
