Assets/StreamingAssets/GeoData/Data/nn/NN37.asc
ncols 200
nrows 200
xllcorner 230000
yllcorner 770000
cellsize 50
[rows 0 to 34 of 200, columns 78 to 155 of 200]
189.6 175.9 175.9 177.1 178.1 177.9 176.2 176.4 177 177.4 177.5 178 178.7 177.3 177.5 177.8 177.7 177.6 180.6 180.7 180.8 182.6 184.3 185 185.4 181.4 180.4 185.1 187.9 188.6 190.2 192.2 194.2 193.5 187.9 186.3 193 198.2 202.6 202 203.2 204 206.4 211 215.9 223.3 226.9 231 235.4 239.7 245.5 250 255.5 258 259 260 260.4 262.6 264.9 266.8 270.5 273.6 280.6 281.8 279.8 279.2 280 280.7 286.5 285.1 284.6 285.6 284.2 285.9 290.4 297.3 297.2 298.8
193.6 189.3 177.9 176.7 177.8 178.7 183.4 178.7 178.3 178.6 179.1 179.8 180 180.2 180.9 180.8 181.1 180.8 180.4 182 183.7 184.4 185.4 186 186.4 186.5 182.9 180.6 187.7 189.4 190.4 191.1 190.1 186.5 188.5 191.2 191 194.1 201.2 203.6 203.1 205.2 209.8 216.4 221.6 225.2 229.5 235.4 237.5 241.2 245.5 248.4 253.3 255.7 257.2 259 262 265.4 265.2 269.8 273 275.3 283.2 284.6 283.3 283 283.4 285.3 287.4 287.8 286.2 286.4 285.8 286.1 288.1 288 294 296.5
196.1 192 189.9 193 192.6 190.9 191.8 192.5 179.2 178.5 178.9 179 179.6 180.7 181.2 182.4 185.3 185.9 181.1 183.7 183.9 184.5 185.4 186.3 187.9 194.1 188.7 182.5 182 189.5 191 191 185.7 186.6 192.1 195.6 194 193.8 198.3 202.2 204.4 206.8 211.6 216.7 222.9 228.5 231.1 235.9 237.8 241.6 244.7 247.4 253 255.9 257.9 260.8 264.1 267.3 267.7 271.1 273.6 279 284.2 285.7 288.6 286.7 288.3 291.3 291.3 291.3 289.7 291.1 290.6 289.3 291.2 289.7 292.4 291.3
198.6 197.2 195.1 194.5 202.6 200.6 198.6 195.7 194.5 190 183.4 182 188.5 184.6 188 187.6 186.6 185.6 182.9 184 185.2 185 185.7 187.7 193.1 193.8 194.8 191.4 182.7 183 183.2 183.8 187.9 195.4 200.3 201 200.7 197.9 196.8 200 204.5 209 213.6 219.5 223.1 228.8 231.2 235.5 238.1 241.2 245.3 249.2 253.3 256.8 258.4 262.6 266.5 271.9 271.5 272.6 275 280.4 285.5 286.7 289 291.2 294.2 298.5 298.9 298.4 297.6 294.6 295.4 293 299.6 298.5 295.4 294.6
197.1 204.3 196.8 196.8 203.7 207.3 213.4 204.1 198 198.6 197.4 195.1 193.7 190.1 190.6 190 187.4 186.8 185.7 186 186.5 186.4 186.1 187.6 192.3 194.1 194.2 194.1 194.6 195.5 196.4 196.4 198.8 198 202 202.3 202.3 201.3 197.8 199.4 204.1 211.4 216 220.1 224.1 229.2 232.3 235.2 239.3 242.8 246.1 251.6 255.3 257.8 260.4 264.7 268.2 272.6 273.9 274.5 276.8 282.8 286.5 288 291.9 293.9 297.2 300.7 303.6 302.3 303.7 299.4 297.2 298 302.8 299.8 297.7 296.1
203 199.6 199.1 204.1 205.8 212.9 224 216.9 200.3 201 199.9 197.5 193.9 191.9 192.6 191.7 188.8 186.9 185.4 186.9 187.5 187.1 187.5 188.7 189.2 194.1 194.5 195.3 197 200.2 202.5 203.2 203 202.2 204.7 205.1 204.8 204.1 199 201.6 205.4 213.3 217.1 220.4 225.7 229.4 232.1 234.4 240.6 244.3 248.5 251.6 254.7 256.4 260.7 265.2 269.2 272.5 273.6 277.8 280.9 285.6 288.1 291.5 294.6 295.9 299.5 303.9 305.4 305.7 304 301.5 300.8 301 301.8 302.9 302.9 305.1
213.6 209.3 203.8 207.6 206.9 212.5 217.7 211 203 202.6 200.9 198.8 194.7 194.1 194.1 192.5 188.9 186.6 188 189 188.7 187.8 188.8 189.5 191.2 193.5 194.9 196.2 197.9 203.4 205.7 206.1 206 205.6 205.9 206.8 207.1 207.6 205.5 205.1 209.2 212.7 219.7 222.6 226.2 231.3 235.3 237.9 241.1 244.8 248.4 251.5 255.2 260.3 263.2 266.8 269.2 272.4 275.4 281.5 284.1 285.1 289.2 292.6 294.9 296.7 299.9 302.3 304.3 306.8 306.1 303.3 303.1 302.8 303.1 303.3 306.8 304.1
218.1 213.3 218.6 209.9 217.2 214.6 214 207.4 209.5 206.2 203.2 200.4 197.2 196.4 194.8 192.6 189.2 189.5 189.1 189.1 189.6 188.6 189.4 190 190.9 191.2 193.8 196.6 199.5 204.1 205.9 207.1 208 207.6 207.8 209.4 210 210.8 209.7 208 210.7 215.9 219.1 221.9 225.7 232.5 236.9 240.5 244.6 247.1 249.9 254 258.2 262.7 269.9 269.4 271.3 273.3 278.3 281.8 285 287.1 291.1 294.1 297.2 300 301.9 304.9 306.6 307.4 304.9 304.4 303.9 303.7 303.3 303.8 304.7 304.7
229.6 218.7 215.9 226.8 217.5 217.3 215 219.8 216.8 209.7 205.9 203.5 199 197.9 195.6 192.4 190.3 191.4 190.6 191.1 190.3 189.8 191 190.4 191.6 195.1 196.4 197.9 203.7 208.2 207.9 208.5 209.1 209.3 211 211.9 214 213.2 211.3 209.6 211.8 214.8 218.9 221.2 225.2 232.8 238 241.3 245.6 247.6 252.3 258.1 261.7 268.7 274.1 277.5 274.9 280 282.9 284.2 285.5 288.9 292.2 296.2 299.1 301.8 309.2 310.3 310.5 308.8 305.6 304.6 303.7 303.7 303.4 304 304.6 305.6
235 223.3 231.4 221 219.8 222.6 221.6 222.4 218.7 214.9 210.1 206.9 203.4 199.1 194 191.8 193.3 193.2 191.6 191.6 191.5 191 192.3 193.2 195.6 200 202.9 203.3 207.6 211 210.6 212.2 212.5 212.5 213.9 215.8 216 214.5 212.7 209.1 212.7 215.3 218.8 222 227 233.9 240.7 244.4 246.4 249.8 254.2 262.3 269.9 274 274.5 276.5 281.3 285.7 285.9 286.6 288.8 292 294.7 297.2 300.8 306.6 309.7 310.2 311.8 309.7 306.4 304.6 303.8 304.4 304.7 304.9 305.6 306.4
248.8 237.2 224.5 221.2 226.3 225.4 223.9 221.9 222.4 221.1 217.3 214.3 204.5 199.6 193.2 195.4 195.4 194.2 193.1 193.9 194 193.1 196.6 202.8 202.9 208 211.4 211.8 214.2 213.6 215.1 215.3 216.7 215.6 218.7 216.9 216.6 215.3 213.2 209.8 213.9 216.6 219.4 226.3 232.1 236 241.5 246.4 248 250.4 259.6 267 271.9 273.7 277 279.7 285.4 289.4 290.3 291.7 293.1 295 298.2 300.4 303.1 308.8 310.3 310.7 311.7 311.7 306.3 304.4 304.3 304.6 305 304.8 305.8 306.4
262.4 248.3 233.3 222.8 228.7 232 228.2 225.7 231.4 232.6 218.2 220 203 194.8 196 196.4 196.4 196 195.5 195.2 194.6 198.8 198.6 204.3 209.5 213.7 218.1 218.8 218.5 219.3 219.9 219.9 219.6 219.9 218.5 217.7 217 214.2 212.9 212.1 214.4 217.3 221.3 227.5 234 237.4 243.3 248.3 250.2 255.6 261.2 266.2 272.3 276.2 279.2 285.7 292.6 296.7 297.1 299.2 301.7 298.8 300.4 302.5 305.6 307.7 309.5 311 312.7 309.6 304.5 303.5 303.5 304.2 304.3 305.4 306 308.9
269.6 259.5 239.2 228.4 233.8 235.6 232.5 232.6 240.5 231.8 219.1 210.4 202.3 196.4 197.8 198.8 197.8 196.8 196 195 195.3 198.9 200.9 205.3 211.8 211.6 216.8 218.8 219.4 220.4 221.1 221.1 221.1 221 219.3 218 216.5 214.3 211.3 214.5 215.1 218.2 223.4 228.3 234.8 239.4 245.4 250.9 254.8 261.1 265.6 269.8 273.7 278.8 283.5 292.1 299.4 305.4 306 308.8 308.5 310.4 310.8 308.2 308.1 309.2 308.1 309.1 306.2 304.1 303 302.8 302.7 303.2 304.7 305.2 306.2 310.8
274.9 267.1 250.7 231.5 230.3 238.7 240.9 241.7 240.7 228.7 219.8 205.3 199.8 199.3 200.9 200.3 199.7 199.9 199.3 199.5 208.6 207.3 205.9 204.2 209.2 211.8 214.1 218.1 220.4 221.5 222.1 222.1 221.7 221.5 220 218.5 217.4 215.4 212 214.2 217.2 219.3 224.6 228.8 236 243.5 247.4 251.9 256.8 261.9 268.4 274.9 278 282 290.9 297.2 304.4 311.1 311.4 311 310.3 312.4 312 310.5 308.9 305.8 306.5 306.1 301.3 300.7 301.3 301.4 302.2 303.8 304.8 305.4 305.2 311.2
281.3 272.8 261.3 239.6 233.2 237.7 237.7 238.9 227.3 222.2 212.2 202.9 201.6 202.9 203.7 202.3 203.6 216.7 229.9 225.2 220.3 215.7 211.5 210.1 210.3 212.7 215.2 217.4 221.2 222.7 223 222.8 222.3 221 220.3 220.1 218.6 216.6 212.2 215.6 217.6 220.4 225.1 230.3 236.5 242.9 248 254 259.4 266.6 270.1 274.7 277.6 285.4 292.8 300.1 305.2 310.7 311.5 309.5 309.2 308.7 306.6 306 305.9 303.6 302 301.2 298.6 300.2 299.2 300.7 303.1 305.4 304.4 305.9 306.2 311.7
285.6 277.1 265.9 245.1 235.8 234.6 233.3 226.7 225.7 215.4 208.5 202.4 206 206.2 208.7 215.3 208.8 222.2 240.1 239.1 232.1 226.1 219.3 217.7 216.5 217 217.8 219.3 221.8 224 224.1 223.1 222.5 221 221.2 220.2 218.7 215.7 215.6 217.3 218.1 222.1 226.4 232.2 238.1 245.3 250 256.3 261.6 268.3 269.9 275.2 280.2 285.5 293.6 301.2 307.5 310.6 304.4 305.8 303.4 305.5 303.1 301.7 300.9 296.9 297.4 298.2 297.6 298.9 299 299.9 301.7 303.9 305.1 306.8 306.8 309.8
287.9 280.3 268.8 252.3 239.8 235.3 233.9 223.5 217.8 212.5 206.8 206.4 208.7 218 223.2 225.3 224.5 217.7 227.6 242.4 251.8 239.8 235.1 228.8 225.9 226.1 226.1 223 225.6 226 225 224 222.9 221.7 222.2 221 218 215.8 215.5 218.5 218.5 220.7 227.7 231.8 237.5 246.5 253.2 259.2 262.5 267.1 271.3 276.4 282.5 286.9 292.4 297.4 303.1 305.2 302.7 299.9 297.7 298.5 298.3 297 297.4 296.6 297 295.3 295.7 297.2 298.7 299.6 301.2 303.7 305.5 309 307.6 308.6
287.9 279.6 269.6 255.7 244.7 237.8 224.4 218.1 213.7 208.3 207.8 211 228.2 232.3 227.7 225 218.6 229.2 222.7 235.5 255.9 255.1 253 249.1 242.5 235.4 232.4 227.9 229 229.7 227.7 226 223.9 222.7 222.7 220 218.9 217 215.5 219.4 220.2 222.4 228 231.8 238.2 243.6 252.2 258.4 266.3 270.1 273.7 280.7 282.7 289.5 293.5 297.4 300.3 300.9 296.1 295.7 294.5 293 295.3 296.9 297.2 295.6 294.3 294.5 295.8 297 297.5 298.7 301.6 305 306.5 308.5 307.1 308.1
288.6 280.1 270.3 256.8 245.6 233.1 221.7 213.9 216.4 216 224.6 232.3 232.3 235.2 234.4 229.9 228 231.1 226.1 229.6 233.5 248 263.3 263.1 259.2 249.9 241.3 230 233.5 232.3 229.6 228 226.4 224.6 224.1 222.4 218.8 216.2 216 221 224.5 222 226.8 231.6 239.2 244.3 254.9 261.1 267.1 271.6 279.9 280.7 283.8 289.9 293.1 294.3 295.8 295.9 292 291 291.3 291 292.1 296.7 297.2 294.6 293.6 295.1 296.4 297.4 298.1 298.5 303.4 305 305.9 307.9 306.4 307
287.6 280.1 269.8 262.2 247 228.2 220.9 223.6 223 231.9 229.1 236 240.7 236.6 237.8 235.4 230.9 234 227.7 234.9 228.1 240.4 259.7 264.5 264.3 263 249.5 238.8 235.3 233.9 231.9 231.6 230.1 225.4 224.1 224.2 220.5 217.8 217.8 224.6 228.6 225.9 227.1 233.8 239 244.9 251.6 258.4 263.8 270.3 275.1 279.9 283 290.3 290.9 290.8 292.6 289.9 290.4 289.9 289.2 290.7 291.9 293.4 292.8 293.4 293.3 293.5 296.5 297.2 297.5 299.2 304.6 303.9 304.4 306 306.9 306.7
289.6 279.5 270.8 258 242.1 226.1 229.6 240.6 236.2 234.8 246.8 243.6 245.1 243.3 245.8 240.7 232.8 235 234.5 238 237.7 239.6 252 264.7 264.5 264.3 255.3 242.2 238.6 236.9 234.8 236.1 232.8 227.1 225.9 226.1 222 217.6 221.6 228.6 231.4 227.1 226.9 235.1 237.1 243.2 247.8 253.7 262.8 268.9 275.3 276.6 283.1 287.8 287.8 287.5 288.3 288.2 288.7 289.5 289.6 290.4 290.5 291 291.6 292 292.1 293.5 295.6 298.2 297.6 298.2 301 301.7 305.1 305.6 306.2 306.9
288.1 277.1 268.8 252 234 225.9 251.9 252.9 241.1 253.4 257.2 257.7 255.4 249.9 245 240.8 237.3 237.5 236.1 238.3 238 238.6 247.4 258.4 266.1 264.1 255.8 243.9 240.5 238.8 240.6 239.8 234.3 229 228 227.5 221.8 218.6 223.6 230 233.1 227.6 229.5 234.2 233.8 242.7 245.3 253.6 261.5 268.4 272.5 273 279.4 282.7 286.5 287.3 287.6 288 288.8 289.8 289.8 290.5 290.2 292.3 291.2 292.2 293.6 295 298.3 296.4 298.6 298.2 299.5 301.9 304.4 307 306.5 306.4
283.8 266.3 250.1 235.2 232.7 254.7 256.1 256.3 262.1 265.4 268.9 270.4 262.7 256.2 250.2 242.9 241.5 240.8 236.3 236 236.9 241.5 250.1 255.6 265.2 265.3 258.3 247.5 244.2 243 244.3 243.7 237.3 230.7 228.7 228 221.6 218.6 223.7 231.4 235.4 227.9 230.2 233.8 234.4 239.3 246.2 254.5 260.9 265.1 266.7 269.7 276 282.3 284.2 284.2 287 288 288.7 289.7 293.6 296.1 294.2 293.4 292.8 293 293.4 294.6 296.4 297.9 299.7 299 301.4 303.3 305.9 306.7 307.5 306.6
266.8 246.9 234.2 240.7 260.5 267.2 260.4 265.2 273.2 282.6 284 281.8 270 266.8 257.6 243.4 238.4 241.1 236 236 236 246 250.2 260.1 265.8 268 262.5 253.3 251.5 255.4 260.2 254.6 247.4 234.1 230.1 228 221.2 220.2 227.2 235.9 237.7 231.4 231.5 237.8 236.2 240.6 246.9 253.1 258.5 261.2 265.5 268 272.6 278.3 282.6 284 286.1 287.3 288.9 294.5 297.8 296.9 295.2 294.1 292.9 293 294.4 294.3 297.6 300 300.3 300.7 302.6 306.1 310.5 310.6 309 306.4
247.8 234 248.6 266.9 267.1 266.4 268.8 272.3 287.3 291.7 292.7 286.6 276.3 270.6 264.1 247.1 239.5 238.1 236 236 237.4 246.4 253.4 259.2 266.4 271 264.7 263.5 262.2 262.9 261.4 254.6 247.1 232.4 228.9 225.8 222.4 225.8 231.8 239.7 230.6 230.6 234.9 239.1 239.3 240.4 246.8 252.2 254.9 258.6 261.2 266.8 269.6 273.4 276.4 281.3 283.4 284.7 289 293.5 294.8 296.4 296 296.4 295.1 293.6 293.6 293.6 296.9 299.5 299.1 301.3 306.1 307.1 314.1 315.8 307.6 306.5
241.7 247.2 272.2 270.4 268 271.8 277 280.4 291.1 303 299.6 294.7 290 272.8 262.6 248.3 239.9 237.4 236 236 237.2 246.9 255.7 261.4 266.2 272.9 266.6 264.6 264.6 263.9 261.6 261.3 240.8 230.7 224.6 224.3 222.9 227.9 234.8 240.4 229.9 234 237.7 240.3 242.4 245.3 247.4 251.1 254.5 257.3 258.7 260.8 263.9 269.3 272.8 276.3 277.8 279.9 285.1 290.7 293.6 296.3 296.1 296.3 294.9 293.7 293 292.8 294.9 296.8 299.7 302.4 305.7 307 308.2 307.5 306.3 304.9
254.9 271.5 281 275.4 275.8 284.3 290.1 288.7 296.3 306.6 306.2 303.4 296.9 276.8 268.5 256.9 241 239.7 236 236 236 248.4 256.3 263 267.2 272.2 269.2 263.1 264.8 263.6 256.4 248.8 234.1 227.1 223.4 223.6 229.1 231.9 234.6 241.4 241 235 242.6 245.2 247 248.7 251.9 255.9 255.5 257 258.5 259.3 263.6 266.2 268.6 271.4 272.7 277.5 282.3 289.7 293 293.8 293.7 294.8 293.5 290.9 291.9 292.6 296.9 300.8 301.2 301.4 306.5 307.1 307.2 306.1 304.7 305.2
279.1 278 282.6 282.1 289.5 294.3 295.1 299.3 304.2 309.2 314.7 311.4 301 282.7 274.5 264.2 249 245.2 236 236 236.3 242.3 254.1 261.8 267.4 266.7 264.2 252.6 262.7 260 244.6 245.6 233.5 226.9 223.7 227.6 235.7 235.9 233.5 242.8 242.6 243.7 242.9 244.6 248.5 250.6 254.6 258.2 256.7 257.7 258.1 258.7 261.8 264.1 266.7 268.1 270.5 275 280.6 287.7 288.8 286.9 287.8 290 290.1 288.8 292.6 293.2 297.8 302.2 301.9 302.1 303.6 303.8 303.8 304.2 304.6 305.6
289.4 286.3 290 295.9 302.1 306.7 304.6 310.4 316.1 316.1 317.8 317.2 308.1 287.6 279.6 259.8 253.4 236.2 236 236 236.5 240 252.9 262.2 266.2 263.5 257.8 250.7 246.5 251.7 241.9 234 227.9 224.2 228.8 237.2 243.3 236.6 236.7 245.9 247.5 245.2 241.5 242.8 249.4 251.7 257.6 256.3 256.7 257.8 258.2 259.1 260.9 262.7 263.5 265.2 268.5 274.2 277.6 276.7 279.7 282.9 285.7 287.8 288.9 289.1 290.4 291.9 293.8 300.2 302.8 300.3 303.1 305.8 306.5 305.2 305.2 306
296.4 295.3 298.3 309.7 316.6 317.2 315.5 325.8 323.2 322.3 324.4 326.3 315.2 293.7 282 268.7 259.1 238.5 237 236 240.1 241.5 252.3 265.1 264.8 259.1 254.1 248.1 241.6 237 230.7 226.6 227.2 230.2 236.7 250.4 247.2 239.4 243.2 250.2 248.9 247.5 245.8 247.7 252.9 253.1 257.8 258 257.7 257.4 258.1 258.9 260 261.5 261.7 263.6 267.7 269.4 272.6 273.2 276.9 285 285.6 286.1 288.3 288.9 291.6 293.8 294 295.3 296.6 301.7 304.3 307.3 309.8 305.3 305.3 305.4
301.2 302.1 308.3 323.6 326.8 324.4 328.9 330.9 330.6 329 331.3 331.1 319.4 298.7 283.8 269 261.9 242.5 240.3 236.4 240.6 241.7 251 260.8 257.5 252.3 249.3 247.5 237.3 228.8 228.3 230.6 231.7 237.9 253.6 259.8 260.9 255 245.9 253.7 252.2 252.2 253.5 255 257.6 259.1 261 262.1 261.8 258.8 258.2 259.1 261.7 260.3 260.6 262.6 265.2 267 269.5 273.2 275.3 280.7 283.5 284.7 286.7 288 291.2 294.7 297.8 299 299.5 300.6 302.4 308 307 306 305.5 305.6
310.7 310.7 323 333.9 334.2 335.4 345.4 344.7 344.5 338.9 338.6 337.1 322.2 301.4 283.8 270.8 265.3 254.3 237.8 236.7 243.2 245.7 249.6 255 253.7 248.8 245.6 245.4 232.5 230.6 233.8 231.9 235.6 252.9 260.7 263.1 262.9 256.5 250.9 261.3 260.1 259.1 259.3 261.7 263.2 264.6 268 268.2 267 263.4 262 261.2 261.9 261.9 261.2 261.6 263.9 265.2 266 270.8 272.8 276.5 283.5 287.8 286.8 290.2 289.3 292.4 297.1 300.1 302 301.5 302.5 305.3 308.2 305.8 305.5 305.5
322.3 321 331.6 340.1 345.6 355.5 359.6 361.3 359.4 354 350.7 344.3 320.2 300.3 284 279.6 269.3 252.4 236.9 239.2 240.5 245.4 249.7 249.9 251.5 245.9 242.7 239.3 232.6 235.6 233.2 232.3 243 261.7 262.2 263.8 263.2 249.9 252.1 259.8 261.3 262.6 263.5 267.6 271.3 271 275.4 273.4 271.5 268.8 267.7 264.2 263.6 264.3 262.9 261.9 264.3 264.3 266.7 268.4 274.2 275.3 281.5 289.1 292.4 293.4 294.1 294.3 295.4 299.6 301.5 302.7 304.4 307.7 308.8 306.8 306.1 305.8
333.5 331.1 341.5 351.7 366.7 372.4 379.6 374.3 373.9 369.9 361.7 348.8 317.2 301.4 296.4 288.2 273.3 249.5 240.4 239.6 247.7 244.8 244.8 250.6 250.4 248.5 240.6 230.5 237.7 237.5 241.5 234 249.3 263.8 263.4 263.9 262.6 261.9 253.3 260.3 263.2 271.1 271 271.9 275.1 278 277.1 275.8 274.9 276.7 275.1 268.9 268.3 269.7 265.2 263.7 264.4 267.7 270.6 274 279.1 280.5 280.8 289.1 293.4 295.4 296.7 295.8 297.2 300.7 300.9 304.1 306 309.9 307.4 307.3 306.4 308.4
343.5 342 355 365.3 378.1 386.3 394.7 388.3 386.7 384.5 369.4 347.6 319.3 307.4 300.6 295 277.2 252.7 241.4 240.2 249.4 245 245.2 247 249.7 241.7 237.3 236.5 246.3 247.4 248.2 245.1 264.1 264.5 264.3 263.5 263.2 258.1 254.3 263.9 275.3 281.8 278.2 281 281.9 284.2 281.8 281.7 281.8 280.4 279.2 277.3 273.1 270.4 269.6 264.9 266 267.3 274 276.9 279.8 281.8 281.7 284.3 288.5 296.1 299 301.1 300.4 302.1 304.1 307.2 309.2 309.4 307 306.5 306.6 308.4
