Assets/StreamingAssets/GeoData/Data/nn/NN40.asc
ncols 200
nrows 200
xllcorner 240000
yllcorner 700000
cellsize 50
[rows 70 to 104 of 200, columns 79 to 157 of 200]
449.9 447.6 438 437 434.2 426.1 415.7 414.8 423 415.3 417.5 423.1 423 421.5 420.5 422.3 424.3 425.1 427.7 439 446 455.1 465.8 475.2 479.5 491.5 497.7 504.6 509.8 517.3 531.3 541.5 549.2 558.7 560.7 555.5 547.1 538.9 518.2 507 492.2 485.9 469 429.4 408.7 393.4 390.2 377.1 366.4 373.8 385.9 395.9 407.6 423.4 440.4 458.1 475.4 495.5 514 529.1 553.6 567.3 583.2 596.7 613 623.1 638 651 655.9 657.7 656.3 645.1 625.2 611.9 623.8 590.5 574.5 554.5 535.8
452.4 451.5 439.9 437.4 428.8 420.6 416.9 421.9 419.6 418.6 420.2 424 425.3 426.4 424.5 427.1 431.3 429.7 438.3 447.7 457.8 467.9 477 487 496 502 508.9 514.5 521.2 532.4 547.6 558 564.4 566.8 571 567.2 558.8 551.8 530.5 523.3 508.1 493.6 477.4 434.4 417.2 405 397.9 389.8 371.6 380.7 390.2 403.2 417.3 432.4 450.7 470.9 488.3 508.1 519.6 542.3 560.2 580.1 599 611.8 622.5 637.9 652.5 674.1 690.6 688.7 689 676.4 649.1 634.7 639.6 598.4 576.2 563.3 559.8
458.6 459 450.8 447.7 442.5 432.6 425 421.9 421.7 427 427.4 426.2 426.7 428.1 428.4 434.6 437.1 440 446.3 455.7 468.8 479.2 487 497.4 505.9 512.6 517.5 525.3 532.3 543.8 557 573.9 580.6 583.2 583.8 579.1 574.7 559.8 547.2 531.3 512.2 501.9 482.5 450.1 425.4 414.2 405.8 394.9 382.2 388.6 398 410.3 425.8 441 458.9 477.4 503.6 514.7 532.3 554.9 574.3 594.6 620 635.6 646.8 651.8 671.8 685.3 709.5 710.6 712.5 692.2 670.1 644.5 639.6 620.4 605.7 592.8 578.3
460.3 458.5 459.7 455 452.5 442.8 432.8 430.3 427.4 434.6 433 437.7 430.4 433.7 440.6 443.7 443.4 450.5 456.9 466.8 476.3 487.3 496.4 507.6 515.2 520.7 525.9 532 544.3 553.3 565.1 581.5 594.8 597 596.6 589.9 582.6 567.6 553.6 535.9 518.6 511 490.1 454.7 432.6 418.4 411.1 397.1 388.2 397.5 405.3 415.7 432.9 450.8 472 490.6 512.7 521.1 543.3 570.3 589.5 611.6 631.7 647.1 663.9 672.9 671.1 679 704.3 725.3 725.7 699.8 675.2 654.7 662.2 648 635.5 620.3 595.7
467.5 462 458.6 457.8 460.1 445.9 435.3 432.6 431.4 440.6 438.4 439.4 445.2 447.3 447.1 451.1 453.2 462.2 472.2 478.2 485.7 496.2 506.3 517.1 524 533.8 539.4 546.8 555.5 568.6 582.4 590.6 605.4 608.9 605.3 596.8 584.9 569.9 553.8 536.9 526.6 517.6 487.7 462.1 436.4 423.4 416.3 406.3 402 406.6 412.7 425.9 442.2 459.5 479.9 501 511.7 525 554.1 580.7 607.4 626.4 640.7 652.6 671.1 681.5 688.2 673.2 685 713.2 716.6 707.8 695.1 670.6 685 688.9 664.8 641.7 622.8
474 469.4 464.1 462.2 460.2 440.8 433.7 431.9 434.7 446.6 455.2 452 454.8 452.8 458.6 461.2 462.5 473.1 483.3 491.3 501 509.5 518.6 526.5 535.5 543.9 552.7 559.7 568.3 580.7 592.8 603 615 619.3 614.8 605.9 591.8 575.6 566.2 550.3 534.6 507.4 482.5 466.8 453.6 438.7 425 416 413.1 412.8 422.4 435.6 454.7 473.8 488.1 499.8 516.4 547.7 575 592.5 624.2 640.1 644.3 650 656.3 663.1 675.8 666.6 672 685.5 696.3 703.6 706.3 692.5 705.8 702.6 680.6 663.7 627.9
477.7 475.7 463.1 458.3 453 441.6 443.6 435.8 444.7 456.3 454.9 454.4 457.1 463.8 468.8 474.5 479.4 486.3 495.7 503.6 513.9 521.9 531.1 541.6 549.5 557.2 566.4 573.7 579.8 590.8 604.2 616.7 624.2 632.7 630.6 618.6 596.9 589.9 574.3 544.3 535.5 523.2 507.1 492.5 474.3 447.3 432.7 423.7 422.6 420.5 430.5 446 466.6 484.8 500.5 510.9 538.6 568.2 578.6 596.5 619.6 626.3 640 643.5 638.6 637.7 658.6 652.3 664.8 690.6 697.4 698.8 688.6 684.3 713.3 719.6 704.2 678.5 639.8
475.9 466.5 468.6 467.6 449.1 444.5 444.9 444.5 451.6 455.7 455.3 457 463.1 471.8 479.8 489.6 495.5 500.1 507.3 515.5 525 534.1 542.3 553.2 561.9 568.6 578.6 584.7 590.4 600.4 610.3 623.2 627.5 632 632.6 619.1 601.2 586.5 573.1 565.8 547.8 528.6 508.2 498.2 470.8 458.7 443 434.3 429.7 431.8 440.6 459.5 477.8 493.2 509.2 526.4 552.9 574.1 577 586.1 606 622.1 622.1 633.3 626.7 615.7 638.8 644.8 652.2 680.3 682.4 676.7 658.1 671 700.5 726.1 705.5 678 635.8
473.6 471.6 476.9 477.8 455.5 449.3 454.4 449.8 452.1 456.9 458.6 461.8 473.2 481.5 496 505 511.4 517.1 522.6 530.2 536.4 545.4 555.3 563.3 574 581.1 588.2 595.9 603.7 614.2 619.7 625.8 630.2 635.6 628.8 620.3 610 599 585.7 579.9 567.1 542.9 527.3 502.5 475.4 464.3 451.7 443.6 444.1 447.4 457.4 470.3 491.3 507.9 518.6 541 570.5 586.6 579 579.1 596.6 598.7 603.9 605.3 607.3 597.6 610.5 625.6 628.6 656.3 675.6 653.6 640.6 662.6 692 705.9 689.6 664 618.2
475.6 484.3 484.7 469.3 460.6 456.6 455.4 458.3 462.7 463.1 464.8 471.1 480.8 498.9 511.2 520.8 528 531 537.2 543.1 547.9 555.7 566.9 576.1 584.3 593.2 598.1 606.3 616.6 622.1 632.2 633.9 633.4 639.1 645.1 639.8 629.3 624.2 614.8 600.6 585.8 567.9 546.4 518.7 482.8 470.8 470.6 458.4 457.7 467.3 473.2 487.1 505.2 515.2 530.9 556.9 578.9 585.1 579.3 569.3 592.9 589.9 578.7 574.4 571.7 573.4 582.1 597.4 599.2 620.2 643.4 646.4 629.4 655 682.8 692 682.6 656.6 621.7
483 490.7 479 470.1 460.4 458.6 464.1 469.6 474 471.6 470.6 479.1 496.5 512.4 530.4 536.7 540.3 546.5 547.1 551.8 556.1 567.2 577.5 588.2 594.6 601.9 611.3 621.5 632.7 636 638.2 637.3 641.1 654.1 664.2 660.4 663.1 654.4 649.1 625.5 618.3 582.3 555.6 528.5 501.8 488.9 480.5 469.1 473.4 481.4 490.7 505.5 516.2 525.6 548.5 573.9 587.9 591 579.8 562.1 575.4 566.3 552 547.5 547.3 556.2 561.7 568.6 578.5 603.1 622.8 634.7 618.6 643.3 666.3 682.7 674.9 644.8 633.7
491.3 475.5 475.3 464.5 460.7 462 469.1 478.3 482.7 480.2 480.6 492.4 512.6 529.7 539.4 547.8 548.5 554.5 554.6 558.5 563.6 571.8 584.9 597.9 607.6 615.6 624.8 638.3 649.3 654.5 659.6 646.5 652.1 667.5 681.4 686.3 680.5 670.5 661.8 657.2 649.8 602.1 576.2 543.4 521.7 506.4 505.8 481.5 485.8 498.2 507.4 518.6 527.3 538 565.4 581.8 587.1 583.1 571.3 551.6 554.4 549.5 536.3 535.9 532.9 542.9 548.2 562.1 574.7 589.5 603.5 611.2 615.6 643.6 665.2 671.6 665.6 662.1 654
473.5 476 476.7 467.1 463.2 469 474.6 480.8 484.4 487.6 495 514 531.6 542.3 546.9 552.5 555.9 558.4 558.8 563.8 574.6 582.4 598.7 609.7 616.8 629.9 643.2 659.9 673.9 683.2 682.8 665.5 649 665.9 685 687.4 691.3 692 691.3 684.6 676.3 630.8 591.7 572.5 540.5 534.4 535.6 496.8 500.7 512.5 523.2 530.4 539.2 568 596.3 598.2 590.8 584.7 563.5 546 538.1 529.8 525.4 523.9 527.4 533.8 542.1 550 563.4 580.4 603 613.7 620.7 637.2 664.4 681 681.6 678.8 676.6
475.7 480.6 481.8 478.2 470.3 472.5 481.7 485.1 488.5 499.7 516.2 532.9 546.6 558.6 559.4 564.5 569.9 563.8 566.4 569.5 577.9 592.4 607 618 633.6 653.9 674.5 688.1 699 695.2 682 669.9 639.7 656.6 669.5 682.5 677 685.6 676 671.8 655.1 632.9 622.8 583.5 564.4 560.3 532 516.9 519.1 527 539.4 544.4 561.3 582.2 597.5 600.8 592.3 573.8 553.1 540.7 537.5 526.8 525.6 521.9 526.7 531.7 534.6 536.1 546.7 570 589.4 610.6 617.2 629.5 655.6 677.1 685.4 679.4 674.6
476.5 484.8 488.4 494.4 483.5 478.3 485.9 489.9 495.1 510.7 531.6 544.2 553.4 560.1 561.2 571 565.5 562.1 566.9 573.9 585.9 610.8 624.1 639.4 657.5 676.8 693 699.8 698.7 686.2 670.3 655.1 629.9 650.5 646.7 656.4 663.4 652.2 640 643.6 641.6 615 624.8 610.3 580.4 558.7 539.4 541.2 538.8 542.4 550.9 558.2 579.3 593.4 604.3 605.9 592.2 573.8 552 536.6 534 532.2 529.3 523.7 521.1 524.4 523.3 519.7 529.3 548 562.4 584 603.8 623.6 643.7 658.5 671.4 666.8 661.1
479.4 484.2 503.3 510.6 491.4 482.2 488.6 493.8 503.9 526.1 538.9 551.7 554.3 552.2 555.3 557.2 551.5 563.7 569.2 584.3 598.8 618.5 642 653 673.8 690 700.4 695.5 691.6 679.3 660.4 634.6 617 624 620.3 630.1 634.3 627.4 624 619.8 622 607.6 623.1 601.4 587.3 564.2 554 559.1 556.9 561.2 570.3 575 589.8 604.9 606 601.1 594 575.1 548.6 541.7 539.4 534.7 528.9 520.3 511.6 508.7 508.8 499.2 508.9 524.3 540.1 564.8 588.7 611.6 629.2 639.9 645.1 648.2 652.3
485.6 510.9 510.6 501.4 480.7 484.3 491.8 501 515.7 534.2 541.1 549.5 550.3 538.1 536.6 540.9 552.1 570.6 586.9 599.4 611.3 629.5 645.3 664.8 680.2 685.5 691.1 688.2 679.2 671.8 647.3 616.7 602.8 607.4 605.2 606.8 606.7 619.8 624 606.1 610 596.3 602.9 585.4 588.4 565.7 571.5 580.9 583.5 588.5 591.9 594 596 609.4 611.7 594 575.5 561.2 550.3 543.7 545.4 535.8 525.2 516.5 510 499 489.1 476.1 490.6 501.1 521 545 582.5 604 621.6 630.4 635.8 631.5 638.1
490.8 506.4 496.8 481.1 474.5 485 496.5 507.8 528.9 538.9 542 542.8 544.7 539.1 535.7 542.4 554.6 586.1 605.7 609.6 626.7 636.4 654.3 667 671.2 675.2 675.5 674.3 667.5 661.8 638.3 607.5 590.7 601.3 589.3 591.1 594.2 597.9 590.1 580.5 589.5 574.4 584.6 568.2 569.3 579.5 585.8 603.8 612.4 620.4 620.2 618 617.3 602.7 600.3 591.7 590.6 575.9 560 551.9 557.3 545.5 527.9 515.3 508.5 471.3 455.9 460.5 473 485.8 506.6 538.7 569.5 590.3 601.3 613.8 622.2 618.4 619.2
480.9 481.5 475.7 465.9 474.9 487.9 502.3 522.2 538.7 547.2 548.8 545 548.6 534.1 537.3 550.5 575 587.9 602 608.8 625.5 640.2 647.3 657.8 662.7 672.6 671.4 658.8 651.6 643.4 624 593.6 578.8 583.2 578.8 566.8 570.6 565.7 558.9 556.4 566.7 555.9 563.5 559.7 572.3 582.3 602.7 621 634.9 640 632.7 628.1 623.7 606.2 598.3 603.2 596.6 584.7 566.8 565.9 553 545.8 528 509.8 488 458.5 445.5 446.4 459.6 478.3 497.7 530.1 561.1 583.2 591.1 599.5 607.9 597.5 602
456 454.2 454.6 463.7 480.3 499.2 512.5 533.3 540.9 546.9 546.7 541.2 536.5 535 543.9 563.2 574.6 589.2 598.3 603.1 616.1 628 638.4 645.4 659.4 666.4 659.1 646.9 637 626.4 606.2 586.7 567.8 565.8 562.8 550.6 550.1 553.1 543.5 545.8 543.3 547.2 548 562.5 575.1 595.6 621.4 635.7 649.2 649 641.6 636 633.9 625.1 602.4 601.7 597.4 574.2 575 567 548.2 529.5 506.6 483.2 463.2 449 436 438 455.7 473 489.6 515.5 548.2 566.8 574.6 581.7 593.5 578.8 578.4
443.6 448.9 455.6 469.7 493.2 516.3 520.5 529.7 536.9 539.9 537.8 531.1 532.5 537.1 553.3 565.1 572.5 583.7 587.8 597.6 604.8 618.5 627.4 635.3 646.7 653.5 654.4 642.9 633 626.2 590.8 572.1 555.4 538.8 539.2 536.7 523.4 521.7 521.2 526 529 536.5 555.9 568.7 580.4 613.3 644.9 657.6 662.2 655.8 649.1 642.5 632.3 627.3 602.9 587.8 576.6 574.7 576.9 568.9 544.4 527.5 510.8 488.1 465.4 452.4 439.6 428.1 447.6 465.7 480.7 506.9 536 554.3 560.8 567.5 568.6 566.3 559.6
438.8 446.7 457.7 477.2 508.4 537.3 524.1 526.2 534.4 534.7 531.1 527.7 528.1 541.4 544.7 553.3 567.3 572 578.1 589.7 603.7 616.4 623.7 627.5 636.8 643.4 640.7 627.1 622 593.7 570.4 559 538 517.6 512.5 517.5 514 513 513.9 516.5 528.1 544.3 562.4 579.2 599.3 623.1 644.4 663.5 670.1 664 648.5 640.5 632.9 618.9 607 583.2 578.3 580.9 579.1 567.6 554.3 548 523.1 490.9 469.6 452.5 435 421 438.1 457.4 472.4 497.4 527.5 540.7 535.7 538.5 544 542.3 538.5
431.2 444.4 463.3 496.5 523 537.1 529 525.3 527 523.7 520.5 521.1 539.3 542.3 539.8 550.2 558.4 565.2 564.1 575.9 590.1 605.8 614.2 623.4 630.3 632.7 626.9 610.1 597.6 571.2 558.9 541.2 518.8 496 499.2 499.8 498.8 503.4 502.3 514.3 533 550.9 568.3 591.7 609 626 638.7 648.2 653.2 653 640.6 637 638.1 642.1 621.5 596.3 582.5 588.5 587.7 572.1 557.9 547 523.2 493.6 473.3 448.8 429.8 412.9 429 446.4 462.5 481.8 507.6 519.1 519.4 504.6 510 507.8 496.2
431.2 449 474.9 504.4 517.9 527.7 522.4 518.2 515.8 515 515 523.6 537.4 538 535.6 538.5 543.9 554.4 564 578.7 587.6 599.4 610.5 617.1 618.4 614.8 604.3 595.2 573 550.3 533.2 518.6 503.2 484.8 480.7 480.2 484.1 490.3 501.5 517.5 537.4 555.3 570.2 581.2 597 605.9 616.7 633.3 643 646.4 644 648.9 652.8 638.2 616.3 597.8 591.5 585.1 577.9 571.8 554.5 540.6 519.7 490.1 466.7 438.9 422.2 406.3 422.3 437 456 470.4 492.2 497.8 484.3 478.4 478.5 475.5 464.9
435.5 458.9 489.3 504.9 510.4 516.1 518.9 516.1 515.3 514.2 515.8 528.9 536.5 536.7 535.7 532.3 541.6 549.1 561.1 571.9 579.7 589.9 598.5 600.9 602 599.3 585.1 569.5 546.8 530 521.1 503.7 491.2 476.8 458.4 463.6 472.1 486.4 503.4 523.1 542.3 562.2 573.9 584.1 590.3 603.8 617.2 630.1 639.5 646.5 653.7 655.3 656 649.8 621.6 605 601.6 597.9 571.2 566.3 549 537.3 511.9 487 467.7 443.8 426.9 405.1 412.1 424.4 439.2 459.1 470 462.9 455.8 453 452.7 450.6 446.4
443.3 473.3 489.9 505.2 511.4 516.9 522.3 514.2 508.5 508.1 516.8 529 534 538.9 534.9 526.1 537.4 546.2 551.3 558.4 565 576.6 585.5 592.5 596.1 588.3 573.2 560.2 539.9 520 509.7 497 486 466.8 448.2 462.5 474.2 485.4 501.3 526.7 551.8 566.5 579.9 582.9 586.6 598.2 613.2 630.3 644.1 659.7 661.1 653.9 658 643.9 627.9 625.2 615.9 606.1 590.5 550.4 535.5 528.2 516.5 501.9 471.9 443.4 425 401.6 401.7 411.1 419.7 425.5 432.3 432 433.7 432.5 429.5 430.2 430.6
454.8 482.6 492.1 506.7 512.7 521.7 520.2 510.1 503.2 505 515.4 523.4 528.7 530.8 528.3 513.9 527.6 532.2 535.8 543.1 555.7 572.2 586.1 581.6 582.6 580.1 567.3 542 523.4 512.1 501.4 482.6 473 457.8 439.9 454.4 466.1 478.9 502.5 527.9 543.7 556.4 568.2 575.5 580.4 592.1 601.8 613.3 631.2 645 653.7 647.3 646.6 647.1 645 637.9 630.4 622.8 586.1 550.1 531.2 523.5 524.2 493.9 458.6 432.1 413.1 401.2 391.6 398.7 405 410.9 417.1 420.2 407.5 404.5 401.7 407.8 410
469 483.7 490.8 509.6 517.5 520.8 516 499.8 498 506.6 509.5 510 514 513.1 506 496.7 509.4 520.3 527.2 541 551.6 565.7 576 580.3 583.1 576 555.1 532.8 518.4 501 483.7 464.7 454.6 439.7 425.2 450.3 461.9 480.4 506.2 525 535.5 548.5 561.3 570.1 577.1 586.7 596.6 609.8 622.7 639.6 646.5 650.3 663 664.9 659.5 648.3 634.5 617 589.3 557.4 538.8 524.8 514.6 493.5 463.3 436.3 416.7 398.1 383 391.9 393 396.1 398.1 391.6 391.2 387.7 387.1 386.2 381.4
470.7 485.3 491.1 503.5 511.8 516.9 514.4 496.1 497.7 504.2 507.8 507.2 502.3 497.4 494.7 492.2 501.8 508.7 522.8 535.1 546.8 558.8 569.8 577 580.9 576 554 526.9 508.2 492.5 471.5 453.4 435 418.8 432.7 443 456.4 479.3 503.8 524.6 532.2 543.8 555.9 567 577.1 585.5 599 618.3 633.4 647 658.3 663.4 665 670.9 667 648 631 612.4 586.2 565.6 540.7 529.9 514 500.9 467.4 453.7 428.7 398.7 380.5 384 385.4 384.3 381.6 379.8 378.9 372.8 368.1 362.7 355.2
473.5 482.9 488.7 498.7 503 507.4 497 496.4 504.2 504.2 509 506.5 498.6 488.3 488.3 483.5 491.2 502.2 516.5 529.3 544.9 561.1 570.5 575 574.5 563.4 544.5 517.6 499.7 480.4 462.6 445.5 429.2 417.1 422.8 433.3 447.9 463 481.6 506.5 519.9 537.3 555.7 569.1 581.3 593.2 608.7 626.2 644.6 662.4 672 679.6 660.6 663.3 664.9 647.8 628.3 609.5 581.6 561.8 538.3 533.5 505.8 504 474 458.8 407 391.5 383.8 374.6 372.1 376.8 374 365.2 364.6 358.3 353.1 345.3 339.4
473 477.3 482.7 491.1 493.4 490.9 487.1 500.5 505.3 495.7 492.4 490.8 484.6 479.8 477.2 477.1 486 498 510.6 522.3 540.1 556.6 569.9 571.9 569.7 561.6 540.8 511.3 493.4 473 456.9 439.4 423.3 410.1 411.7 424.9 438.7 459 479.8 501.1 518.3 536.7 556.6 573.9 589.4 602.2 618.8 635.1 649.6 660.6 665.2 668.5 654.1 663.1 659.3 651 638.5 606.7 567.4 549 530.6 519.4 492.4 470.7 449.2 424.8 411.2 399.7 387.3 381.1 370.1 362.7 359.2 355.2 352.2 349 346 345 346.3
458.9 466.8 468 473.8 481.3 483.2 489.5 486.9 484.4 486.4 486 484.7 480.4 475.7 469.9 472 479.4 490.1 505.2 517.6 536 552.3 562.9 567.3 562.9 560.2 538.6 503.8 485 469.5 451.5 436.5 418.7 404.3 398.4 417.8 434.3 454.5 475.5 502.1 519.8 538 556.9 580.3 598 613.7 622.6 637.7 644.4 658.2 658.7 645.5 645.9 658.4 655.8 647.4 627.3 592.1 560.6 536.8 528 512.9 478.5 456.6 441.5 426.3 412.9 402.3 392.9 383.4 376 371.8 370.8 369.6 366.3 362.2 358 357 354.4
456.9 465.5 463 464.7 475.1 483.6 489.4 481.1 474.9 478.7 482.3 483.7 479.6 472.9 466.9 465.4 473.5 484.6 498.1 511.8 526.7 545.6 549.9 554.1 552.8 549.4 532.8 499.6 478.7 465.1 448.8 428.2 408.8 395.7 395 410 424.1 447.3 467.5 494.1 516.7 540.5 554.9 573.6 592.7 610.3 622 633.1 637.4 644.3 643.6 644.4 645.8 657.4 657.8 635.3 616 575.8 544.4 529.8 523.1 506.2 478.9 454.3 434.3 424.3 405.8 398.1 390.2 384.2 385.1 381.8 381.6 380.4 377.4 374.5 369.4 368.2 364.1
456.6 458.6 460 462.8 470.5 474.9 477.6 474 473.2 477.3 479.7 480.9 477.8 470.3 462.3 464.7 473.9 484.2 495.9 507.4 522.6 536.3 543.1 546.8 546.2 539.9 521.8 492.3 474.4 460.8 443.5 424.7 404.2 386 387.3 397.2 413 431.8 455.7 477 508.1 537.3 551.8 572.6 590.2 605.2 614.6 627.5 637.2 644.4 646.2 644.8 644.7 652.9 653.9 642.1 615.8 568.1 536.2 525 521.3 503.7 474.6 449.4 427.8 417.1 401.8 398.7 394.5 393.1 391.1 390.4 390.7 391.4 390.1 383.7 384.2 379.5 374.4
468.1 462.1 460.2 462 466.9 472.5 473.7 473 470.6 476.4 473.9 473.9 464.9 459.9 458.6 463.4 475.8 486.2 497.1 505.9 517.8 527.1 533 537.2 537 530.9 507.4 483.4 471.9 459.5 439.4 419.9 401.7 386.9 378.8 384.9 401.6 421.7 438.2 460.5 488.5 519.5 537.8 559.2 579.2 591.5 605.3 619 632.4 641.8 645.5 649.5 644.5 650.6 646 630.4 596 561.1 534.8 520.3 512.5 494.8 469.7 443.1 427.1 420.6 412.6 407.6 405 403.1 398.4 399.2 401.5 403.4 400.5 397.1 393.6 388.3 384.9
