Assets/StreamingAssets/GeoData/Data/nn/NN44.asc
ncols 200
nrows 200
xllcorner 240000
yllcorner 740000
cellsize 50
[rows 140 to 174 of 200, columns 0 to 77 of 200]
457.5 474.9 492.8 515.4 541.3 561.3 576.9 597.2 624.6 646.9 663.3 680.7 695.2 704.4 718.2 737.1 729 737.7 737.3 736.5 736.9 739.4 743.2 746.8 750.6 744.7 743 733.2 732.5 725.3 715.8 705.4 700.9 691.1 677.7 658.6 636.4 615.1 601.3 569.5 544.3 520.5 501.4 485.9 475 466.6 453.4 442.7 430.6 431.4 429.2 454.2 469.1 476 495.2 517.1 545 574.4 588.7 601.8 600.8 605 612.1 614 628.9 634.1 638.1 642.5 642.5 646.3 652.1 659.1 648.2 642.2 635.6 623.1 625.3 630.6
444.7 459 478.8 501.8 523.8 544.5 552.8 582.5 609.7 636.9 647.9 666.2 681.7 692.2 710.6 724.4 716.6 719.7 724.1 722.3 724.4 728.4 732.5 734.9 735.9 724.8 727.1 725.2 718 711.1 697.1 689.9 684.4 673.2 658.4 642.7 622.8 605 586.6 564.8 536.8 518.2 500.6 484.1 472.1 464.5 454.7 441.8 416.7 424.1 440.6 452.2 462 473.6 492.9 517.5 542.7 564.1 576.1 587.5 595.9 600.5 602.8 610.5 621.3 631 636.4 641.4 643.1 647 645.5 644.4 631.8 628.7 625.9 620.3 623.2 619.7
423.9 441.8 461.5 482.4 503 524.7 548.7 566.2 590.5 616.1 632.7 647.6 666 677 690.7 708 707 706 707.3 708 713 715.9 717.2 720 718.3 716.2 715.6 710.9 702.5 694.3 682 676 667.9 656.4 641.6 629.5 610.5 597 576.7 554.9 532.2 514.4 496.4 481.9 469.7 459.3 451.1 435.6 409.8 432.8 438.2 445.3 456.2 472.8 495.1 517.6 548.4 561 575.2 584.6 590.9 595.2 598.4 612.1 620.6 624.6 631 640.4 644.7 647 640.2 639.6 628.8 623.7 619.2 618.1 617.2 615.8
410.9 424 441.6 460.7 482.8 508.9 530.8 549.5 572.5 593.9 613.1 624.5 650.3 654.4 673 685.2 687.6 686.3 692.1 690 698.3 702.3 705.5 707.4 707.6 706.6 702.1 693.8 686.5 679.1 671.1 663 652.4 642.2 628.5 616 601.8 585.2 567 542.2 525.8 507 490.4 476.9 465.4 453.9 443.7 434.6 407.6 430.3 437.5 443.6 455.7 472.5 496.1 518.2 539.6 554.1 567.3 575.3 582.9 588 596 608.1 617.7 621.3 628 635.5 638.6 639.7 640 634 629.9 619.2 617.6 616.5 611.3 610.1
399.9 410.4 425.2 439.4 465.7 489.5 506 527.3 550.2 569.8 591.8 605.5 626.5 632.2 646.4 666.3 671 670.9 679.2 675.6 684.4 695.1 696.9 697.1 695.7 693.3 688.5 679 670 666.2 656.3 650.9 640.5 629.3 615.6 603.5 591.1 573.2 553.6 533.8 517.4 501.5 483.8 471.4 461.8 452.5 438.5 426.2 409.1 426.4 431.8 442.8 454.2 470.9 497 518.5 534 539.7 553.9 565 572 581.3 593.4 607.8 614.5 618.5 619.4 622.6 625.1 632.6 627.3 627 629 622.2 614.5 610.1 608.8 604.4
389 398.6 411.3 426 443.3 461.8 480.8 502.1 522.7 542.1 567.2 584.4 604 614.8 629.2 648.3 658.6 660.7 667.6 667 675.9 681.1 686.7 685 685.8 686.8 683.4 666.8 650.2 654.1 642.9 635.1 626.6 615.6 602.1 592.4 580 563.3 544.7 523.4 508.1 491.3 477.1 462.6 453.9 446.7 435.8 419.8 408.7 420.8 432.7 439 451.1 469.5 494.7 516.3 527.9 535 545.8 552.6 557.7 568.7 586.8 600.3 611.1 615.4 613.8 611.5 611.8 617.5 626.4 630.3 623.2 621.6 610.5 602.7 597.2 586.9
376.9 386.8 397.6 410.4 423.1 439.1 457.4 476.6 494.5 518.5 544.9 563.8 585 595.2 610.6 629.8 639.2 643.9 650.4 656 657.3 666.9 669.1 671.2 676.9 677.9 666.6 657.2 633.6 630.8 624.5 614 608.8 599.7 591.4 580.4 565.6 552 539.5 519.6 502.8 486.6 468.9 455.5 445.8 440.5 429.8 419.7 401 418.1 428.5 438.8 450.5 467.9 490.8 510.6 525 535.3 543.3 546.7 550.7 558.7 572.1 583.5 595.7 597.2 602.4 602.1 605.2 610.5 618.9 616.8 610.8 610.5 604.6 596 585.8 574.8
370.6 379.7 385.7 396.6 407.5 421 436 449.6 466.8 491.5 510.4 536.8 558.3 571.3 590.3 606.8 619.4 622 627.2 637.2 638.3 646.5 649.6 657.9 664.8 659.1 648.3 629.2 618 614.3 606.7 595.4 593.4 591.7 580.4 571.4 556.9 540.1 522.6 509.6 494 476.2 461 448.9 438.8 434.2 426.8 415.5 395.4 415.3 425.2 436.5 447 465.3 489.6 509.6 524.3 532.2 537.9 542.3 543.3 551.3 561.6 568 574.2 578.3 586.1 590.9 594.1 598 601.7 587.8 588.2 590.6 589.6 586.5 569.8 553.5
365 372.2 375 383.2 391.6 403.2 417.7 433.5 450.1 465.5 484.7 510 534.6 543.5 560.3 583.6 596.7 597.3 606.4 614.3 617 627.7 631.8 643.8 642.6 640.2 630.4 604.4 605.3 592.9 586.4 581.4 580.2 573.3 567.5 555.3 542.3 523.4 513.9 496 485.6 467.6 455.1 441.6 432.3 428 421.9 409.7 394.8 414.6 425.9 433.7 441 461.1 482.3 503.8 519.1 522.5 527.1 531.9 534.7 542.9 550.1 554.9 557.4 560 567.5 577.9 576.5 578 573.2 574.8 576.6 575.3 574.9 561.9 556.9 538
356.9 362.9 366.2 374.7 382.3 389.7 400.7 413.5 431 444.4 461.4 483.2 502.5 515.8 534.1 555 571.1 572.3 580.2 590.5 598 606.2 612.7 621.5 619.1 611 601.7 583.6 578.9 571.7 569.1 569 565 557.3 553.4 539.8 529.5 520.3 499.8 490.1 466.7 456.9 443.6 433.9 427.3 420.4 415.3 402 394.3 416.1 423.6 426.9 432.4 451.1 467.9 494.3 502.7 504.4 510.9 518.3 522.5 528.2 537.5 540.5 539.1 538.4 547.3 549.1 552.4 554.6 555.1 556.5 556.3 556.1 555.6 529.8 532.7 515
352.9 357.1 366.5 366.4 370.7 378.1 386.1 398.6 410 424.4 438.2 456.9 470.6 486.8 507.9 528.7 540.8 542.7 553.7 567.6 575.5 581.6 588.3 591.1 586.3 580.1 572.3 567 564.5 555.7 556.2 550.3 545.1 537.3 530 524.4 522.1 504.7 483.6 461.8 452.7 444.2 436.3 428.6 420 414 405.1 396.1 396.4 414.6 418.1 419.8 425.8 439.9 459.8 485.1 488.2 485.8 494.8 497.9 512.4 515.4 520.3 521.8 521.5 526.8 527.8 532.2 523.1 522.2 534.3 532.1 530.3 524.6 530.2 505.9 498.1 496.8
346.3 348.3 356.3 359 364.6 369.2 375.9 384.4 395.3 408 421.2 433.8 446.1 464.1 477.4 496.7 510.5 516.1 531.3 542.7 553.3 558 560.4 562.4 561 561.3 551.7 550.7 544.2 523.9 533.6 521.6 520.9 514.8 502.5 497.2 495.6 478.9 451.9 446.3 438.1 433.1 429 423.3 416.9 407.9 397 380.6 393.5 412 409.4 409.1 412.1 427.5 446 470.4 479.9 481.4 471.3 481.6 489 498.3 505 503.9 508.7 506.7 495.6 510.2 498.1 491.4 488.4 491.5 492.5 492.8 483.9 476.4 471.7 479.9
342.2 344.3 349 352 358.3 360.7 369 375.5 383.8 390.9 402.2 415.1 426.4 439.3 454.6 468.4 480.5 492.8 506.1 516.5 526.2 530.1 540.8 546.1 536.5 527.5 529.3 519 512.2 505.2 502.1 492.5 497.8 489.9 474.7 471.4 453 444.2 441.5 434.7 427 421.3 419.8 416.5 409.7 402.4 395.6 380 383.1 397.5 397.4 399.1 401.5 413.3 429.7 443 454.3 454.1 451.8 463.6 471 478.9 483.6 484.6 486.3 472.7 465.1 462.4 462 461.8 464.3 464.6 466.4 463.7 453.4 448.9 452.3 454.4
332.6 337.3 343.5 347.5 350 353.9 356.6 362.7 369.5 375.9 385.4 397.2 409.5 422.8 434.5 446.1 456.5 467.5 481 492.1 505.6 502.3 516 514.1 501 498.5 508.1 493.2 487.6 478.6 472 464.1 461 452.4 443.6 433.8 428.7 429.3 426.1 422.5 416.3 410.6 407.6 404.1 396.3 394.7 389.2 377.4 364.7 376.2 382.4 386.7 390.8 404 415.5 422.5 422.6 430.3 445.6 445.8 445.4 453.1 465 457.6 458.4 450 447.4 438.4 432.5 436.1 438.8 443.1 440.2 435 426.1 420.9 429.6 429
332.6 332.6 332.6 343.6 343.5 346.6 352.2 355.1 362.1 366.1 372.3 381.4 395.4 405.6 416.2 425.5 434.6 446.3 453.3 464.2 473.2 479.8 485.6 469.1 465.5 473.6 470.3 462.8 459.8 455.7 447.1 438.7 435.6 426.4 415.7 410.4 408.3 410.3 410.9 408.8 400.2 400.2 393.8 392.2 386.8 385.8 382.9 370.6 359.7 357.5 367.1 369.8 378.5 389 399.2 403.1 403.5 412.2 416.5 416.8 421.4 423.7 431 428.4 429.6 437.1 430.3 420.1 411.2 411.1 413.2 413.7 413.6 410.9 402.2 393.2 403 407.5
332.6 332.6 332.6 332.6 338.4 343.9 346.1 352.9 352.4 356.1 360.1 366 379.2 391.2 402.1 411.9 416.1 423.3 427.8 438.3 443.6 450.2 458.3 437.8 435.4 438.9 441.9 444.6 435.7 435.2 426.6 411.5 405 403.9 399 395.1 392.8 395.6 395.5 399.2 392.2 390.6 376.6 379.3 380.7 374.8 375.9 364.6 355.2 343.3 354.5 358.9 362.6 369.4 376.3 381.4 382.3 394.7 391.9 397 400.1 403.8 405.5 406 412.2 416.7 407 396.6 389.9 394.3 384.8 384.4 382.5 382.3 376.8 368.5 370.3 376.4
332.6 332.6 332.6 332.6 332.6 332.6 339.9 346 350.6 347 352.5 360.1 366 375.6 382.9 394.4 399.8 403.8 410.9 415.3 419.1 426 430.9 413.6 414.3 412.2 417.4 417.3 416.6 408.4 397.5 387.5 390 388 385 382 380.2 376.8 379.6 380.9 384.9 382 372.9 374.1 370.7 359.7 358.2 353.4 335.7 332.6 337.8 347.9 351.7 347.3 350 355.6 359.2 366.7 367 374 376 378.5 377.3 381.1 387.6 388.2 370.2 370.3 370.3 374 361.5 352.2 353.2 356.8 353.4 346.5 348.6 351.1
332.6 332.6 332.6 332.6 332.6 332.6 332.6 332.6 332.6 335.8 341.4 352.4 356.7 362.7 368.4 377 379.9 384.4 392.5 396.7 398.7 399.9 395 391.8 392.7 389.1 394.1 392.9 392.9 388.5 381.6 374.9 370.9 376.2 372.5 369.2 363.5 355.6 358.9 362 363 363.4 360.7 362.1 360.7 350.5 332.6 332.6 332.6 332.6 332.6 332.6 332.6 333.9 341.1 338.9 335.3 332.6 343.8 349.1 352.4 352.7 357.8 359.5 359.5 360 347.4 339 345.6 352.8 336.2 332.6 332.6 332.6 332.6 332.6 332.6 332.6
347.4 332.6 332.6 332.6 332.6 332.6 332.6 332.6 332.6 332.6 332.6 332.6 352.7 354.1 357.1 366.4 367.8 368.5 374.7 381.2 381.6 377.2 376.8 370.1 374.7 370.9 375.2 375.9 370.6 366.5 366.4 359.4 357.4 350.7 357.9 357.3 340.5 332.6 347.8 347 350 332.6 332.6 338.3 332.6 332.6 332.6 332.6 332.6 332.6 332.6 332.6 332.6 332.6 332.6 332.6 332.6 332.6 332.6 332.6 332.6 332.6 332.6 332.6 332.6 332.6 332.6 332.6 332.6 332.6 332.6 332.6 332.6 332.6 332.6 332.6 332.6 332.6
347.8 345.9 339.4 334.3 332.6 332.6 332.6 332.6 332.6 332.6 332.6 332.6 332.6 344.9 346.1 352.9 364.3 363.4 360.5 365.8 362.8 358.4 358.4 357.8 358.4 353.5 350.8 358.1 359.2 351.3 349.5 332.6 332.6 332.6 332.6 332.6 332.6 332.6 332.6 332.6 332.6 332.6 332.6 332.6 332.6 332.6 332.6 332.6 332.6 332.6 332.6 332.6 332.6 332.6 332.6 332.6 332.6 332.6 332.6 332.6 332.6 332.6 332.6 332.6 332.6 332.6 332.6 332.6 332.6 332.6 332.6 332.6 332.6 332.6 332.6 332.6 332.6 332.6
351.7 346.8 345.1 342.3 333.7 332.6 332.6 332.6 332.6 332.6 332.6 332.6 332.6 332.6 332.6 335.3 335.7 348 354.5 354.5 357.7 345.4 332.6 332.6 332.6 338.2 332.6 332.6 332.6 332.6 332.6 332.6 332.6 332.6 332.6 332.6 332.6 332.6 332.6 332.6 332.6 332.6 332.6 332.6 332.6 332.6 332.6 332.6 332.6 332.6 332.6 332.6 332.6 332.6 332.6 332.6 332.6 332.6 332.6 332.6 332.6 332.6 332.6 332.6 332.6 332.6 332.6 332.6 332.6 332.6 332.6 332.6 332.6 332.6 332.6 332.6 332.6 332.6
358 353.7 350.1 346.4 343.5 336.1 332.6 332.6 332.6 332.6 332.6 332.6 332.6 332.6 332.6 332.6 332.6 332.6 332.6 332.6 347.4 332.6 332.6 332.6 332.6 332.6 332.6 332.6 332.6 332.6 332.6 332.6 332.6 332.6 332.6 332.6 332.6 332.6 332.6 332.6 332.6 332.6 332.6 332.6 332.6 332.6 332.6 332.6 332.6 332.6 332.6 332.6 332.6 332.6 332.6 332.6 332.6 332.6 332.6 332.6 332.6 332.6 332.6 332.6 332.6 332.6 332.6 332.6 332.6 332.6 332.6 332.6 332.6 332.6 332.6 332.6 332.6 332.6
364.4 361 356.2 356.5 349.6 346.1 341.6 332.6 332.6 332.6 332.6 332.6 332.6 332.6 332.6 332.6 332.6 332.6 332.6 332.6 332.6 332.6 332.6 332.6 332.6 332.6 332.6 332.6 332.6 332.6 332.6 332.6 332.6 332.6 332.6 332.6 332.6 332.6 332.6 332.6 332.6 332.6 332.6 332.6 332.6 332.6 332.6 332.6 332.6 332.6 332.6 332.6 332.6 332.6 332.6 332.6 332.6 332.6 332.6 332.6 332.6 332.6 332.6 332.6 332.6 332.6 332.6 332.6 332.6 332.6 332.6 332.6 332.6 332.6 332.6 332.6 332.6 332.6
374.9 370.4 363.9 364.1 354.9 346.9 342 332.6 332.6 332.6 332.6 332.6 332.6 332.6 332.6 332.6 332.6 332.6 332.6 332.6 332.6 332.6 332.6 332.6 332.6 332.6 332.6 332.6 332.6 332.6 332.6 332.6 332.6 332.6 332.6 332.6 332.6 332.6 332.6 332.6 332.6 332.6 332.6 332.6 332.6 332.6 332.6 332.6 332.6 332.6 332.6 332.6 332.6 332.6 332.6 332.6 332.6 332.6 332.6 332.6 332.6 332.6 332.6 332.6 332.6 332.6 332.6 332.6 332.6 332.6 332.6 332.6 332.6 332.6 332.6 332.6 332.6 332.6
386.8 375.6 370.9 372.5 364 354.1 346 332.6 332.6 332.6 332.6 332.6 332.6 332.6 332.6 332.6 332.6 332.6 332.6 332.6 332.6 332.6 332.6 332.6 332.6 332.6 332.6 332.6 332.6 332.6 332.6 332.6 332.6 332.6 332.6 332.6 332.6 332.6 332.6 332.6 332.6 332.6 332.6 332.6 332.6 332.6 332.6 332.6 332.6 332.6 332.6 332.6 332.6 332.6 332.6 332.6 332.6 332.6 332.6 332.6 332.6 332.6 332.6 332.6 332.6 332.6 332.6 332.6 332.6 332.6 332.6 332.6 332.6 332.6 332.6 332.6 332.6 332.6
399 384.9 375.3 367.8 362.4 352.3 348.9 341.2 332.6 332.6 332.6 332.6 332.6 332.6 332.6 332.6 332.6 332.6 332.6 332.6 332.6 332.6 332.6 332.6 332.6 332.6 332.6 332.6 332.6 332.6 332.6 332.6 332.6 332.6 332.6 332.6 332.6 332.6 332.6 332.6 332.6 332.6 332.6 332.6 332.6 332.6 332.6 332.6 332.6 332.6 332.6 332.6 332.6 332.6 332.6 332.6 332.6 332.6 332.6 332.6 332.6 332.6 332.6 332.6 332.6 332.6 332.6 332.6 332.6 332.6 332.6 332.6 332.6 332.6 332.6 332.6 332.6 332.6
409.6 397.2 384.7 379.1 369.2 356.2 345.1 332.6 332.6 332.6 332.6 332.6 332.6 332.6 332.6 332.6 332.6 332.6 332.6 332.6 332.6 332.6 332.6 332.6 332.6 332.6 332.6 332.6 332.6 332.6 332.6 332.6 332.6 332.6 332.6 332.6 332.6 332.6 332.6 332.6 332.6 332.6 332.6 332.6 332.6 332.6 332.6 332.6 332.6 332.6 332.6 332.6 332.6 332.6 332.6 332.6 332.6 332.6 332.6 332.6 332.6 332.6 332.6 332.6 332.6 332.6 332.6 332.6 332.6 332.6 332.6 332.6 332.6 332.6 332.6 332.6 332.6 332.6
419.1 408.9 396.3 387.6 377.5 366.1 350.8 341.7 332.6 332.6 332.6 332.6 332.6 332.6 332.6 332.6 332.6 332.6 332.6 332.6 332.6 332.6 332.6 332.6 332.6 332.6 332.6 332.6 332.6 332.6 332.6 332.6 332.6 332.6 332.6 332.6 332.6 332.6 332.6 332.6 332.6 332.6 332.6 332.6 332.6 332.6 332.6 332.6 332.6 332.6 332.6 332.6 332.6 332.6 332.6 332.6 332.6 332.6 332.6 332.6 332.6 332.6 332.6 332.6 332.6 332.6 332.6 332.6 332.6 332.6 332.6 332.6 332.6 332.6 332.6 332.6 332.6 332.6
425 416.4 403.8 393 382.1 372.1 353.3 343.4 333.3 332.6 332.6 332.6 332.6 332.6 332.6 332.6 332.6 332.6 332.6 332.6 332.6 332.6 332.6 332.6 332.6 332.6 332.6 332.6 332.6 332.6 332.6 332.6 332.6 332.6 332.6 332.6 332.6 332.6 332.6 332.6 332.6 332.6 332.6 332.6 332.6 332.6 332.6 332.6 332.6 332.6 332.6 332.6 332.6 332.6 332.6 332.6 332.6 332.6 332.6 332.6 332.6 332.6 347.9 347.4 346.9 332.6 332.6 332.6 332.6 332.6 332.6 332.6 332.6 335.1 332.6 347.4 349 349.1
424.1 411.8 400.5 392.5 382.5 365.6 354.3 346.3 332.6 332.6 332.6 332.6 332.6 332.6 332.6 332.6 332.6 332.6 332.6 332.6 332.6 332.6 332.6 332.6 332.6 332.6 332.6 332.6 332.6 332.6 332.6 332.6 332.6 332.6 332.6 332.6 332.6 346.6 347.2 346.3 332.6 332.6 332.6 332.6 332.6 332.6 336.9 348.6 346 346.2 352.2 353.4 346.1 332.6 332.6 332.6 332.6 332.6 332.6 346.1 349.4 353.1 354.6 353.3 352.8 332.6 332.6 345.7 340.4 332.6 332.6 349.7 351 353.7 354.3 359.4 362.7 360.6
420.3 409.5 400.9 387.6 376 359.5 351.5 349.4 333.3 332.6 332.6 332.6 332.6 332.6 332.6 332.6 332.6 332.6 332.6 332.6 332.6 332.6 332.6 332.6 332.6 332.6 332.6 332.6 332.6 332.6 332.6 332.6 332.6 332.6 332.6 347.5 350.3 357.3 356.1 355.8 348.7 349.8 332.6 347.5 345.7 354.8 356.4 357.9 360.1 362.8 363 363.2 356.6 332.6 332.6 332.6 332.6 342.9 353.6 356 356.9 361.4 363.1 361.7 353.3 346.1 350.9 353.4 353.9 352.2 354.6 361.1 367.5 363 366 370.5 376.6 374.8
418.1 405.2 393.2 379 366.9 350.5 346 344 332.6 332.6 332.6 332.6 332.6 332.6 332.6 332.6 332.6 332.6 332.6 332.6 332.6 332.6 332.6 332.6 332.6 332.6 332.6 332.6 332.6 332.6 332.6 332.6 332.6 339.2 349.4 362 362.8 364.8 374.3 367.1 364 358 357.4 356.2 354.1 363.9 369.6 367.6 373.1 373.2 371.4 368.8 363.5 347.4 346.1 349.5 353.7 360.7 365.3 361.7 368.1 368.4 369.5 365.5 355.5 354 360.2 362.9 367 359 366.3 369.9 373.7 380.2 377.4 384.4 386.3 386.7
411.7 398.5 385.6 371.3 355.3 347.4 332.6 332.6 332.6 332.6 332.6 332.6 332.6 332.6 332.6 332.6 332.6 332.6 332.6 332.6 332.6 332.6 332.6 332.6 332.6 332.6 332.6 334 347.8 347.5 352.5 346.1 348.6 354.3 365.3 374.5 372.8 377.4 384.4 381.6 380.4 372.4 369.9 373.1 366.8 374.7 375.1 379.6 384.4 381.7 381.4 378.4 363.6 359.2 357.6 364.2 369.2 374 373.8 371.7 376.2 375.2 372.5 367 357.9 364.8 370.9 377.6 371.8 371.6 380.3 381.4 386 387.1 391.6 398.7 399.4 406.3
407 394.2 379.7 361.4 342.5 332.6 332.6 332.6 332.6 332.6 332.6 332.6 332.6 332.6 332.6 332.6 332.6 332.6 332.6 332.6 332.6 332.6 332.6 332.6 332.6 332.6 348.4 351.4 357.2 353.1 356.9 359.7 361.5 372.5 375.5 383.3 388.2 394.4 396.2 392 388.5 385.5 384.1 385.8 378.5 384.3 390.2 391.6 395 391 390.2 381.7 368 363.9 373.6 378.3 383.9 385.8 385.7 384.5 382.1 378.8 373.6 369.2 369.2 371.3 379.9 383.2 378.8 386.2 395.7 395.5 394.7 401.8 409 405.8 415.4 421.9
396.7 384.9 371.4 356.1 337.9 332.6 332.6 332.6 332.6 332.6 332.6 332.6 332.6 332.6 332.6 332.6 332.6 332.6 332.6 332.6 332.6 332.6 332.6 332.6 332.6 332.8 352.5 358.3 365.3 364.5 370.1 369.2 371.7 381.1 393 395.4 401.8 406.1 402.7 397.3 397.1 396.3 398.3 397.3 391.2 397.9 398.7 406.3 405.4 401.2 397.9 389.6 376.5 380.5 387.1 395.3 397.5 397.5 398.4 395 390.2 383.1 379.3 372 378.9 381.1 389.7 390.8 390.2 401.1 403.4 403.7 406.4 414.4 415.8 418.7 428.3 430.5
