Assets/StreamingAssets/GeoData/Data/nn/NN45.asc
ncols 200
nrows 200
xllcorner 240000
yllcorner 750000
cellsize 50
[rows 70 to 104 of 200, columns 78 to 155 of 200]
258 264.2 262.7 261.5 258.2 258.7 260.8 261.1 264 265.8 266.5 265.3 273.5 272 272.6 281.6 282.3 285.3 275.5 281.3 274.7 272.7 272.4 272.8 266.9 267 267.3 265.5 266.3 264.3 262.1 261.2 259.6 259.6 259.6 259.6 257.3 264.7 280.3 277.6 286.4 285 279.2 265.9 256.6 251.6 250.9 250.7 254 248.2 245.2 239.7 231.8 232.5 238 244.2 247.9 249.4 257.3 260.7 263 261.1 258.9 264.2 268.8 276.2 284.9 288.5 288.5 288.7 283.9 279 274.4 274.5 266.6 266 259.8 256.3
258.8 265 262.9 261.9 259.9 259.2 260.7 264.3 267.2 269 270.3 274.7 277.3 275.5 275.8 283.8 285.7 284.7 283 283.7 281.9 277.9 275.2 276.1 273 272 269 267.9 268.2 268.8 268.3 264 259.8 259.6 259.6 259.6 259.6 260.2 265.9 270 275.4 272.3 268.6 262.1 251.6 251.2 251.5 252 250.8 250.2 244.5 238.5 247 247.4 248.3 250.8 253.2 251.9 264.9 265.6 264.8 264.6 263.3 269 282.3 290 290.2 291.7 296.1 291.6 287.1 279.7 277.4 276.9 275.9 267.3 264.4 261.7
260.1 262.8 264.1 263.3 262.2 260.6 262.4 265.3 268 271.2 275.9 278.5 279.2 282 282.2 286.9 289.6 289.8 286.3 288.6 286 281.7 278.9 283 279 275 276.2 274.6 275.4 278.4 277.6 270.9 267.3 260.4 259.6 260.2 266.9 269.6 266.1 266.2 268.8 267.5 264 258.8 254.7 252.6 252.4 253.2 251.2 247.8 235.8 255.5 254.6 254.4 260 263.4 264.8 262.7 267.2 268.7 268.7 273.9 273.8 281 287 293.2 294.2 297 298.6 290.1 283.4 284.8 282.6 283.8 280.4 275.8 268.9 266.4
263.7 265.7 266.7 264.3 262.9 261.3 266.4 268.3 269.3 273 279.7 282.2 288.1 286 284.9 291.4 292.1 291.7 289.1 289.2 293.3 289.4 288.5 287.7 283.7 278.5 277.5 278.4 279.1 281.7 280.7 277.6 279.1 272.2 261.8 269.1 269.9 271.3 268.7 267.9 267.5 268.2 265.7 259.5 256.9 255.5 254.4 254.2 249.6 243.4 246.4 252.7 255.8 260.5 266.9 269.6 268.3 272 278.5 275.3 277.5 279.5 275.4 284 292 298.4 299.6 298.9 297.1 290.7 286.4 290.9 295.5 288.9 285.7 279.4 273 275.7
264.7 265.4 264.1 263.6 265.8 268.5 273.3 275.5 272.1 279.1 282.5 285.6 288.4 288.4 288.1 289.6 293 293.3 291.6 298.7 298.6 295.1 294.9 293.6 290.8 284.2 282.6 280.8 284.8 289.7 292 287.5 287.2 278 279.6 276.9 283.5 275.9 275.2 274.5 269.3 269.7 271.6 260.5 258.3 256.9 255.8 254.6 250.8 243.8 251.6 256 260.2 271.8 273.5 279.2 275.7 281.8 285.1 282.6 284.1 292.3 283.8 291.2 299.8 302.4 302.9 301.7 302.4 301.2 295.1 294.4 300.4 293.3 287.3 282.2 286.2 290
263.8 263.6 265.5 267.2 270.9 275.7 279.9 279.5 282.6 280.7 284 289.3 292.4 293.1 290.7 289.7 294 295.4 298.5 302.8 301.2 300 298.9 298.4 295.5 288.1 284.1 287 292.5 296.3 300.6 295.8 286.9 283.5 287.6 292.6 295.3 290.2 287.9 281.5 281.2 272 267.5 261.2 258.8 257 255.2 254.1 242.8 251.4 258.2 261 269.4 279.6 284.2 287.4 285.9 284.2 291.8 290.3 290.1 294.6 292.5 297.6 304.1 307.2 306.5 307.7 308.1 305.9 301.5 298.9 300.7 299.9 294.7 295.3 299.4 297.5
264.1 266 271.5 276.6 278.3 280 287.3 286.9 284.4 286.1 288.2 295.8 298.8 300.9 296.7 294 294.5 297.4 302 304.7 304.3 301.6 301.7 301.2 294.6 292.9 291.7 296.2 301 301.7 301.5 296.2 289.8 291 296.9 301.4 306.8 303.7 297 295.4 287.6 277.3 268.9 263.7 258.2 255.7 252.9 249.1 249.1 255.3 263.6 273.8 280.9 284.4 289.6 291.5 292.7 292.5 296.8 296 299.6 297.8 300.7 305.9 310 313 312.4 311.4 311.5 309.9 306.5 305.5 305.9 303.4 300.5 306.8 309.7 310.1
265.6 272 279.6 282.1 282 285.2 296.3 293.9 289.1 289.7 294.2 296.5 300.6 302.3 299.1 297.9 295.8 298.7 303.5 306.3 306.1 303.4 303.5 301.1 295.2 302.2 300 303.7 305.7 306.4 300.9 297.1 294.1 298.7 304.5 309.3 311.1 313 306.6 301 292.9 279.1 266.7 262.5 255.6 253.5 250.3 247 257.1 259.2 269.1 279.7 289.5 292.2 296.1 298.8 299.2 297.7 301.2 305.6 308.8 303.5 307.9 313.2 317.4 319.9 321.2 320.2 319.5 317.3 314.3 312 313 312.5 311.9 319.7 317.4 320.1
272 283.5 282 284 285.5 289.3 296.3 293.8 290.8 295.1 299.4 300.7 298.8 300.2 299.9 301.6 299.1 299.1 303.6 307.8 307.7 306.1 307.6 305.2 300.2 301.4 304.7 307.6 310.3 306.9 303.6 298.6 298.7 304.2 309.6 312.6 316.3 317.5 310.4 300.9 296.7 278.9 267 262.5 258.9 253.2 249.4 247.9 261.4 267.1 277.2 286.7 295.6 301.6 302.9 305.2 307.3 303.6 308.7 312 312.5 308.7 314 319.9 324.7 327.1 328.9 328.2 328 325.1 323.4 324.6 320.6 316 322 328.3 326.8 331.1
277.6 280 282.8 285.3 289.5 293.2 296.8 293.1 293.3 299.6 301.2 299.7 298.4 301.4 306.6 306 301.6 299.4 304 309.6 309.1 310.3 311.7 311.1 303.1 307.2 311 312.3 313.8 311.4 310.7 304.5 302.4 308.5 313.2 316.4 317.8 315.3 310.4 299.6 286.8 275.2 272.9 269.4 263.1 254.8 246.6 253.2 265.1 276.3 286.7 292.6 298.9 304.6 306.6 309.4 313 310.1 314.6 316.4 314.5 311.9 317.9 326 330.6 333.7 335.1 337.1 337.7 333.9 334.1 331 329.2 321.6 332.6 335.7 335.7 342.9
279.2 282.5 284.4 289.9 291.3 295 295.8 293.4 295.4 300.1 301.7 300.5 299.9 302.5 308.1 305.4 304.9 304.4 305.3 311.8 313.4 315.1 315.1 312.4 307.4 312.7 316.4 315.9 316.1 316.9 313 307.4 305 311.4 316.5 319.3 320.7 318.6 306.7 303 289.4 271.6 283.8 278.2 268.5 255.2 254.3 263 271.2 283.9 292.3 296.5 300.1 305.7 310 312.9 315.5 318 319.3 320.3 314.8 317.8 322.1 331 334.7 341.1 343.2 345.1 347.3 345.2 344.3 340.8 337.1 333.4 343.4 346.7 351.8 354.1
279.4 283.4 288.5 292.2 293.4 296.4 299.7 298.3 296.8 301.8 303.5 302.5 302 303.9 308.9 307.8 305.3 309.2 306.7 314.2 316.8 318.1 317.4 312.4 311.7 315.4 318.2 320.7 319.5 320 313 310.2 308.9 315 318.2 318.5 319.6 315.4 311 304 288.4 278 289.6 282.3 271.3 256.8 255.6 270.3 279.7 292.7 298.5 303.4 304.1 307.5 313.3 319.1 320.1 318.1 320 317.3 315.7 321.1 327.2 333.2 339.4 345 349 350.9 352.4 353.6 351.4 348.5 344 346.2 355.2 356.1 360.5 360.8
283.5 283.6 293.9 294.3 294.4 300.3 299.8 299.4 300.4 303.7 306.3 306.4 306.5 308.9 308.9 309.7 311.4 315.5 313.1 317.6 320.2 320.9 319.3 317.7 314.9 317.3 321.4 323.8 324.3 320.2 315.1 313 312.1 315.7 317 318.6 322.7 321.1 306 299.8 275.5 281.3 284.8 279.7 267.8 254.1 266.1 276.7 287.7 298.8 305.5 309.7 310.8 312.4 318.1 321.9 321.6 320.9 320.3 321 318.3 323.2 330.9 339 344.3 351 354.7 355.9 357.1 357.6 356 352.3 346.8 350 355.2 362 368.3 374.6
289.5 288.1 292.9 296.2 298.5 302.9 303.6 303.3 305.7 307.4 308.9 309.8 310.7 310.1 312.6 314.6 319.3 321.6 319.1 323.3 324.3 322.9 320.8 319.3 318.1 319.9 322.5 325 322.7 318.9 316.8 314.8 312.9 315.1 317.3 320.5 325 318.8 301 291.4 270.8 276 275.4 264.7 253.7 256.4 272.4 279.5 291.8 301.3 309.6 314.5 315 316.2 321.3 322.5 322.7 322.4 323.7 325.2 323 328.8 337.8 345.6 350.9 355.9 358.2 359.9 363.7 361.9 359.8 360.4 355.3 362.2 363.4 369.5 374.3 380.8
293.3 295.2 296.7 297.8 303.2 306.2 305.4 307.4 309.4 310.9 312.1 312.7 312.2 313.3 316.4 321.7 324.2 325.1 324.4 329.4 328.3 327 323.5 322.1 320.8 324.1 323.5 322.8 320.1 319.2 316.7 313.9 314.7 315.6 321.5 322.1 322.4 312.1 296.1 277.2 265.5 264.8 264.2 272 277.1 271.9 276 285.3 299.7 307.6 313.1 316.6 319.7 320 321.6 323.8 325.3 326.7 328 328.3 330.7 334.9 343 351.9 357.1 361.6 363.2 365.5 366.8 368.2 368.3 369.6 360.6 367.4 371.1 378.1 383.4 388.7
290.4 293.4 297.6 300.8 304.6 308.7 307.8 312.5 314.1 315.8 315.9 315.2 314.7 317.6 321 324.2 328 327.8 328.2 331.2 331.2 329.6 326.4 325.8 325.8 324.9 321.3 318.8 318.1 317.1 314.8 314.1 314.3 314.3 317.5 316.7 311.2 301.5 287.3 267.6 265.8 274 284.3 293.7 294.9 287.1 281.7 297.5 303.7 311.7 314.9 318.5 320.4 322 322.6 326.2 330.8 333.2 333 334.5 338.5 341.5 349.5 357 361.5 365.6 367.7 369.6 372.8 373.4 374.7 374.4 366.2 372.4 379.5 385 394.3 402.1
291.7 297.6 301.8 304.1 309.8 312.2 313.9 315.3 318 320.6 319.8 319.9 321.1 319.6 326.8 329.5 332.3 331.5 332 333 333.2 332.1 329.5 326.8 326.6 326.5 324.4 315 314.7 313.8 311.5 310.6 310.3 310.2 313.8 313 307.8 296.1 278.5 265.5 274.8 287.1 292.7 304.1 299.6 289.1 294.4 300.3 308.8 310.3 314.6 318.7 322.5 324.3 327.7 329.9 334.9 338.8 338.6 340.4 344.5 345.7 355.6 360.8 365.3 369.3 370.8 372.7 376.7 378.1 379.9 371.9 371.6 378 382.1 392.9 401.6 408.8
295.7 299.7 308.2 309.7 310.7 317.4 321 317.6 319.9 323.7 325.5 327 325.3 325.5 329.6 333.5 337.1 334 332.8 333.9 334.8 334 331.1 328.3 326.8 324.1 318.5 311 311.3 311.9 308.6 304.9 303.3 306.2 310.1 310 307.1 292.3 271.5 265.7 281.7 287.2 292.4 304.4 292.1 292.5 294.3 302.4 307.7 312.8 315.7 322.9 326.8 330.3 334.2 332.3 336.8 341 342.2 344.7 349.3 350.9 358.8 364.5 367 370.9 373.3 375 380.5 381.7 378.9 374.4 377.3 386 390.4 403.8 409.3 416.3
299.1 306.2 310.4 310.9 312.8 316.1 319.1 321.6 325.2 328.4 327.8 332.5 330.5 332.1 333.1 335.5 335.8 334.6 334.2 334.1 335.4 335 331 326.8 326.3 322.2 317.4 310.1 310.2 308.2 305.6 307.4 300.5 304 306.2 301.3 302.1 283.7 269.2 267.5 281.3 288.2 289.2 300.5 293.3 300.7 298 305.6 311.1 317.5 320.8 324.9 329.5 335.5 336.9 338.8 338.5 345.2 347.9 351.5 355.7 356.4 360.2 364.9 365.7 371.1 373.9 378.2 379.6 379.8 381.8 381.7 383.2 392.2 395 405.8 414.5 423
302.9 307.7 311.6 313.2 315.1 317.5 322.8 324.6 326.4 328.9 331 333.9 335.2 334.6 335.5 336.7 335.9 334.8 334.6 335.2 335.3 334.7 331.6 328.1 326.9 323.2 318.8 312.5 309.8 306.5 305.8 299.9 301.6 299.8 297.6 295.6 289.7 276 268.4 271.1 284.9 286.7 289.8 295.2 298.5 306.2 302.9 307.1 312.8 319.3 325.3 327 333.8 341 343.1 346.2 348 348.4 353.2 357 358 358.4 360.1 364.6 365 368 371.2 373.6 379 379.2 381.1 381.4 381.6 388.3 394.6 405.3 412.9 422.5
304.2 310.1 313.9 316 318.7 320.7 323.5 327.3 329 330.7 332.2 334.6 335.9 334.4 335.1 337.2 336.9 335.5 334.8 336.1 336.2 335.2 332.5 330.9 327.1 323.8 320.2 316.1 314.5 310.4 305.2 301.9 300.4 298 295.5 291.7 288 273.3 267.6 276.2 286.5 291.2 284.6 294 303.7 309.7 311.2 315.2 316.2 325.1 331.4 333.3 338.3 341.4 347.4 353 352.8 352.3 351.5 357 365.6 366.9 369.3 370.3 370.2 369.4 368.4 375.3 377.2 376.8 376.4 378.6 380.5 385.5 390 394.6 400.9 407.6
306.6 315.1 316 320 322.7 323.2 324.2 325.9 330.1 331.5 333.4 336.1 335.5 334.7 337.2 336.9 335.9 335.2 335.8 337.1 337.2 336.1 334.8 331.8 327.4 324 320.9 319.8 322.3 313.9 308.6 303.3 300.7 300.5 297.2 290.6 284.2 275.8 268.2 275.6 280.8 283.1 287.9 296.8 304.8 312.1 315.3 323.9 325.5 328.7 334.4 337.8 339.7 342.4 347.2 351.4 352 355.5 354.7 358.4 367.7 372.8 375.1 374.9 372.1 370.1 373.5 383.4 380.3 381.1 384.1 384.1 384.2 388.5 392.6 397.5 400.3 404.6
310.2 315.3 318.9 322.7 323.9 323.9 325 326.9 328.8 332.1 335.3 335.8 335.1 334.5 335.1 337.1 337.4 338.2 338.3 338.3 337.8 336.6 335.7 331.9 328.2 325.1 322.9 323.2 328.8 311.6 306.8 302.7 304.9 303.3 297.9 292.6 284.6 268.7 268.8 277.1 283.3 285.4 290.1 299.1 308.1 315.9 326.3 328.5 330.5 332.4 336.7 337.7 339.5 342 346.3 348.3 353 357 358.2 360.2 364 370.7 371.7 372.6 372.1 371.7 375.7 377.2 376.4 377.8 380.8 384 387.8 390.9 390.1 394.7 398.1 403.1
312.8 314.9 320.6 322 324.6 324.3 325.5 327.3 330.7 334.5 335.9 334.7 334.8 335 335.8 337.7 338.9 339.4 339.5 339.4 338.1 336.8 334.9 332 328.9 325.8 323.1 321.8 316.9 311 305.8 309.5 309.5 305.2 298.9 294 281.5 268 270.3 279.8 282.4 284.9 295 305.5 314.4 324.5 328.3 331.3 331.7 332.7 333.5 334.8 336.6 341.3 345 351.1 358.6 361.6 362 366.3 366.4 368.6 371.2 373.1 375.3 375.9 375.2 374.6 375.7 380.4 383.3 383.9 385.2 387.3 388.9 390.4 395.2 398.2
314.6 316.9 319.3 321.4 323.9 325.1 326.3 329.8 331.9 335.2 335 335.3 335.6 336 337.2 338 339.4 339.8 340.1 339.7 338.6 336.8 332.6 330.2 327.4 324.2 319.9 316.4 312.7 306.8 310.6 311.2 311.2 306.5 299.1 295.3 277.6 267.9 273.9 278.2 280.2 290.1 301.8 311.4 318.5 326 330.7 331.7 330.8 330.1 330 330.4 335.7 340.8 346.1 351.8 358.2 362.3 365 367.1 371.2 374.5 376.3 377.7 379.1 379.1 377.8 377.8 384.9 389 388.2 387 390.3 391.3 394 393.3 398.1 400.3
318.4 318.7 319.7 321.7 323.5 325.4 327.5 330.5 332.4 335 334.7 335.5 336.4 337.1 338.2 339.6 340.2 340.3 340.9 339.2 337.5 335 330.7 328.2 324.2 320.3 314.6 308.5 309.1 309.3 311.5 311.6 309.7 307.6 297.5 286.9 271.4 269.6 276 276.7 283 296.2 306.4 315.4 321.4 322.9 326.1 328.8 327.6 330.7 332.9 334.6 337.6 342.2 349 353.8 357.8 361.8 365.7 370.1 374.9 379.4 381.2 380.8 382.7 382.8 380.6 382.4 386.3 389.1 388.7 394.1 398.1 393.2 401.2 398.6 402.6 401.4
320.9 319.5 320.1 321.4 322.9 325 327.4 330.1 335.6 332.8 333.1 335.4 336.1 336.1 338 340.1 340.5 340.5 338.2 337.6 334.8 330.8 328.1 326.9 323.1 318.6 310.8 309.4 310.5 310.6 311.7 311 307.1 298.3 289.2 274.2 268.7 272.1 275.2 278.2 292.3 305.1 313 319.4 321.2 322.4 327.1 329.7 331.5 334.6 336 336.4 337.4 343.4 352.6 357.3 361.4 367.5 372.4 374.1 379.1 382.3 383.5 385.2 387 385 384.1 385.4 388.9 388.8 389.8 391.5 392.9 393 397.8 400.6 399.3 387
319 319.7 322.3 323.3 323.7 326.5 328.2 329.2 328.8 329.8 331.7 334.1 336 336 337.6 339.4 340.4 339.7 337.8 334.6 329.7 326.6 325.2 325 322 316.4 312.5 309.8 310.4 311.7 312.1 310.2 304.7 299.9 281.4 269.1 274.5 277.7 279.8 280.9 303 310.1 317.6 323.6 325.6 327.5 331.9 334.9 336.3 336.7 336.8 336.1 338.3 347.6 355.8 361.4 367.4 371.3 376.6 378.3 381.8 383.5 384 384.7 388.6 390.3 390.5 396.5 398.9 397.3 394.5 390.7 389.2 390.2 389.3 388.9 388.5 379.7
320 322.2 323.8 324.1 324.4 327 329 327.8 328.3 330.3 332.3 334.2 336 336 339 339.6 340.2 339.4 336.9 332.5 330.7 329.1 327.2 325.2 323.1 319.4 315.5 310.7 312.4 314.2 310.9 309 292.8 281.7 277.3 277.5 275.9 284.7 289.5 287.8 307 314.5 322.5 327.3 326.7 329.6 333.5 337.5 338.8 338.9 337.7 336.6 341 349.9 357.3 364.2 368 371.1 376.5 378.3 384.3 384.9 385.1 390.2 392.7 393.5 399.3 400.7 399.5 397.2 393.7 388.5 387.6 384.5 382.1 382.4 379.5 376.1
321.9 324 323.7 323.8 323.7 327.3 326.9 328 330 331.6 332.8 334.7 336.4 337.8 339.5 340.2 341 340.1 338.2 334.8 332.9 331 328.8 326.9 325.7 323.3 319.1 316.9 316.9 317.6 312.4 302.9 282.5 279.8 275.1 277.9 280.6 288 287.8 294.3 307.5 316.7 325.6 330.2 331.2 331.4 332.1 337.5 339.7 340.4 337.7 340 346.8 355.6 362.2 366.6 371.1 374.6 375.7 378.4 387 388.6 388.8 392.3 394.3 397.2 401.2 400.2 399.1 396.9 393.6 386.7 385.5 390.6 391.3 393.4 392.7 386.9
322.8 323.2 323.7 323.3 324.8 325.9 327 329.1 331 332.5 333.8 335.3 336.9 339.4 339.9 340.4 341 340.2 338.5 336.3 332.2 330.5 328.3 326.7 325.5 324.1 320.3 320.3 320.7 317.1 304.6 283.3 280.9 278.6 274.9 279.2 288.9 290.1 288.5 298.7 310.9 322.6 329.6 333.8 335.7 336.2 336 337 341.1 342.7 341 342.8 353.2 360.9 366.2 369.7 374.1 377.1 380.3 382.5 385.1 390.1 394.3 395.8 395.9 397.1 397.4 401.9 398.3 393.8 390.7 387 394.2 400 399.5 394.8 388.2 390.3
323.5 324 324.3 324.2 324.9 326.1 327.2 329.3 330.8 332.5 334.2 335.9 337.8 339.8 340.4 340.6 340.7 340.1 338.9 331.8 330.7 329.3 325.7 323.3 322.5 320.3 318 319.1 320.1 311.7 291.3 282 280.6 277 277.5 279.8 292.2 290.1 290.7 302.5 314.9 326.5 331.1 335.7 338.8 340 339.8 339.3 342.9 345.5 345.2 348.2 358.4 365.3 370.4 373.2 376.5 379.2 383 385.5 388.1 393.7 397.5 396.5 396.1 396.3 395.7 397 393 389.4 387.7 396.4 395.6 399.3 394.6 390.9 385.5 384.9
323.8 324.3 324.3 324.6 324.9 326.2 327.4 329.4 330.1 331.8 333.5 335.3 337.4 339.3 340.2 340.4 340.3 337.8 331.3 331.4 329.6 325.8 321.2 319.4 317.4 313.2 310.3 313.2 304.2 305.1 284.7 281.5 279.7 275.9 279.2 281.6 289.8 288.8 296.6 307.4 316.3 328 332.7 337 340.2 342.4 342.5 342.4 346.7 350 353 356 364.6 369.7 373.7 377.3 379.1 382.6 387.9 387.3 389.5 397.1 397.2 396.8 396 393.4 391.5 392.1 391.8 390.8 389.2 391.1 393.8 390.8 388.1 381.4 380.1 369.5
322.7 323.4 323.9 324.1 324.9 326.3 327.7 329.5 330.1 331.3 332.9 334.8 337.1 338.2 338.2 338.4 336.5 334.3 331.3 329.3 326.6 322.3 316.4 314.1 310.6 306.3 307.9 309.4 287.4 284.6 284.2 280.3 278.2 276.1 282.6 285.2 289.2 289.3 302.9 309.3 316.9 327.2 336 338.5 341.4 344.3 343.9 346.3 352.1 356.2 358.8 360.4 365.3 372 376.2 377.4 380.1 383.2 387.9 389.3 390.4 397.9 397.4 396.6 393.9 391.1 389.9 390.2 392.6 389.2 388.5 391.1 389.6 384.5 385 373.6 368.6 361.3
322.3 322 322.7 323.5 324.9 325.6 326.2 328.9 330.3 331.3 331.8 333.4 335 335.8 336.2 335.8 333.4 330.7 328 325.3 321.5 317.2 310.7 307.4 303.5 304.4 303.8 295.9 284.8 285.5 282.7 277.4 276.8 278.4 279.2 289.5 290.1 294.4 305.9 314.5 321.4 329.3 337.2 342 345.3 347.9 347.5 349 354.8 358.8 360.6 362.5 369.2 373.5 377.1 379.3 381.9 384.4 387.9 389.1 391.4 396.9 396.2 394.6 391.6 389.2 388.4 387.1 389.5 389.2 383.2 381.1 381 380.7 382.1 371.9 367 355.4
