Assets/StreamingAssets/GeoData/Data/nn/NN46.asc
ncols 200
nrows 200
xllcorner 240000
yllcorner 760000
cellsize 50
[rows 70 to 104 of 200, columns 0 to 78 of 200]
651.4 658.9 667.7 677.8 688.3 699.3 709.1 719.8 727.3 734.4 738.9 745.7 755 763.6 773 783 793.7 803.9 813.2 822.7 832.9 843.6 854.5 864.4 872.3 877 873.9 858.4 835.4 819.7 801.8 794.5 790.8 785.3 791.9 797.7 793.9 804.6 809.4 810 818.5 822.6 830.9 840.1 844.2 839.7 833.9 820.4 810.3 801.6 788.4 775.2 760.2 748.1 736.4 725 716.3 707.8 698.5 692.7 686.6 679.8 675.8 674.4 672 668.3 664.6 659.5 661.1 664.9 666.8 669.7 674.3 683.9 691.1 697.2 705.8 713.4 721.2
653.4 663.1 673.5 684.1 696.7 708.2 719 729.9 735.2 741 748.3 753.7 759.6 767.5 779 787.6 798.4 807.2 816.9 826.6 836.5 845.2 854.5 863.2 871.4 878.2 884.6 883.6 865.4 844 829.3 816.9 813.7 815.7 814.3 819.7 820.5 832.5 834.3 834.4 838.8 848.2 842.7 842.9 839.3 827.3 816.4 807.5 796.6 785.7 774.1 761 749.7 737.7 727.1 716 706 699.5 692.3 686.8 679.4 673.8 672.8 668.5 664.2 662.8 658.2 656 659.4 662.6 662.6 665.2 671 677.7 682.5 689.4 698.8 707.4 715.4
657.9 668.8 679.5 691.2 704.4 715.2 727.5 737 745.7 752.8 759.2 767.8 772.3 776.9 786.3 793.9 802.2 810.3 818.2 826.6 834.7 842.3 849.7 857.9 867.4 875.3 885.1 892 889.5 872.4 853.8 844.1 839.3 842.2 843.6 848.4 843.6 847.2 858.6 868.3 865.1 872.6 858.8 844.5 823.3 813 803.2 795 783.3 769.3 759.9 749.1 737.7 729.4 717.4 707.5 699.6 693.2 687.4 680.7 674.7 671.2 665.8 662.5 660.4 656.9 653.7 654.9 656.1 655.7 656.1 658.5 664.6 670.9 676.5 683.9 689.6 699.3 707.8
662.2 675.3 690.1 701.4 713.1 728.4 740.6 749.3 756.4 766.2 771.1 777 780.3 785.9 791 796.9 803 809.5 815.8 822 828.1 835.7 844.4 852.3 861.1 871.2 880.5 888.4 892.1 894.1 886.1 869.2 868.9 864.6 868.9 864.7 870.9 869.2 879.9 890 887.9 875.2 862.5 837.8 819.5 805.8 793.5 777.5 771.2 760.4 751.6 740.8 730 718.7 709 700.4 691.7 685.9 680.9 675.4 669.1 663.3 660.7 657.7 654 654.4 651 651.8 651.6 649.1 649.6 652.6 658.4 664.1 671.3 678.7 684.8 692.1 700.6
670.1 686.2 699.7 714.4 727.9 741.6 753.7 759.2 767.5 774 777.8 780.6 785.2 788.1 792.7 795.3 799 803.4 808.5 815.8 821.8 827.9 835.2 843.6 852.4 860.6 869.5 879.6 888.4 900.6 907.2 901.5 895.8 894.5 893 886.8 889 893 904 898.2 890.8 874.2 852.7 832.9 813.8 797.1 785.5 769.5 758 750.3 741.6 731.6 724.3 715.1 704.7 694.7 687.3 680.4 675.8 669.2 662.9 658.3 655.6 652.6 651.9 649.3 644.9 644.9 645.1 644 648 648.7 653.2 658.1 663.8 673.1 681.5 689.5 698.1
676.3 693.6 711.1 726.4 741.8 752.5 762.9 767.7 771.7 775.9 780.9 781.3 785.2 787 788.5 790.4 791.8 794.6 799.2 804.8 811.1 817 824.2 831.6 839.4 847.6 857.9 868.1 878.9 888.2 902.4 910.3 913.4 918.2 921.8 925.6 922.8 916.8 915 905.1 883.9 863 844.9 826.3 814.4 795.3 779.7 764.2 749.5 738.2 729.5 722.8 715.7 709.4 699.3 691.5 681.9 675.9 669.4 664.3 658.2 654.2 652.7 648.1 645.7 642.8 641.3 642 642.4 643.2 641.6 645.8 647.3 653.8 660.4 667.4 676.5 685.5 693.2
684.3 700.1 715 730.3 741.5 755.3 763.9 768.1 771.1 773.4 777.3 779.1 779.3 778.7 778.1 778.9 780.6 782.8 787.5 792.9 796.2 803 810.6 818.1 825.2 832.6 840.9 851.2 862 871.7 887.9 902.2 915 924 937 938.9 931.9 925.1 918 901.6 889.7 863.8 841.2 821.5 802.5 789.6 775.5 761.6 743.9 730.3 721.2 713.4 705.3 700 691.4 683.4 676 670.7 663.9 657.2 653.3 650 646 643.4 641.5 639.3 638.6 638.7 638.5 637.1 638.1 640.1 643.4 650.4 655.3 660.6 670.1 679.2 688.4
687.3 702.4 716.6 728.7 740.3 750.2 758.5 762.5 766.5 766.7 768.8 770.1 769.3 769.3 769.8 770.4 770.5 771 773.9 780.8 785 789.5 795.1 802.4 808.5 814.6 823.5 834.7 846.7 857.6 871.8 885.5 900.6 913.6 925.5 939.5 936.7 930.9 922.2 906 892.9 868.4 842.9 820 803 784.1 768.2 756.4 741.4 726.2 715.6 707.7 699.9 692.7 684.6 677.4 671.1 664.4 659.3 651.5 648 642.9 640.7 639 638.9 637.1 632.6 633.4 630.1 630.2 634.9 636.7 639.4 643.3 647.8 655.2 662.5 672.6 682.9
688 701.7 713.1 725.7 735.9 744 750.3 755.7 757.6 758.5 758.6 759.6 759.9 758 757.4 757 758.6 759.6 763 767.9 773.1 775.8 781.5 786.2 791.9 797.1 805.9 815.7 828.1 840.8 854.8 868 882.5 895.7 907.9 920.4 929.5 935.5 924.8 909.2 891.1 874.6 845.8 823.2 805 785.9 774.1 751.6 726.2 721.7 708.6 701.1 697.7 689.3 681.2 675.2 668.6 660.3 653.1 648.2 643.5 637.9 636.7 635.7 635.5 633.7 628.5 628 627.3 628 629.8 629.6 632.2 636.4 640.7 649.3 657 666.2 678.1
687.2 698.6 708.8 720.6 730.6 737.6 742 744.6 746.4 747.5 748.4 747.4 744.5 744.1 741.9 743.9 746 747.6 749.6 753.5 754.7 762.1 767.3 772 775.7 782.5 791.2 799.3 810.9 822.5 837 851 864.6 878.8 889.8 900 915.2 927.8 926.3 911.4 892.8 870.8 850 828.3 809.2 787.5 773.8 753.8 732.1 711.1 700.9 695.2 693.6 684.8 678.8 673.6 664.9 656.3 649.3 643.3 640.5 637 631 632 631.5 630.3 627.9 622.9 623.5 624.4 625.8 627 628.1 632.8 638 644.7 655.4 666.2 678.5
684.1 694.7 704.9 714.4 722.9 727.2 731.9 732.8 734.5 735.6 735.1 732.8 732.5 730.3 729.2 729.5 729.1 730.5 733.2 736.2 741 746.8 752.7 758 763.1 768.6 776.5 786.2 796 805.7 818.7 833 848.3 863.7 876.1 886.9 896.9 908.9 916.4 915.1 903 867.1 850.2 833 814.2 791 771.2 756.3 736.2 710.4 696.6 689 691.3 681.5 675.4 667.7 662.2 653.5 645.9 642.7 637 633.9 630.3 628.2 628.3 627.6 624.1 623.5 619.3 621.3 622.3 623.4 627.3 630.5 635.3 641.9 653.8 665.2 675.3
679.3 689.2 698.7 706.6 713.5 717.1 719.8 721.1 722 720.2 720 720.1 720.2 717.8 715.1 714.8 716.8 719.7 722.5 724.4 726.8 730.7 737.6 743.3 749.8 755.1 761.5 770.9 781.2 793 804.1 817.7 833.8 848.6 861.4 872.1 882.2 893.9 902.2 904.8 893.5 870.6 841.5 822.8 803.5 784.2 773.9 755.7 732.3 709.3 694.8 684.4 683.4 677.6 668 662.9 654.6 650.5 643.7 640.1 635.9 630.7 625.6 625.2 624.2 624.1 621.5 620.4 617.7 619.3 620.2 621.7 624.6 630.1 634.3 641 650.1 658.6 671.3
674.8 683.7 690.9 696.8 702.4 706 708.3 708.3 707.8 706.6 707.2 707.1 707.2 704.6 703.4 703.7 705.6 708 711.1 712.6 715.4 719.5 724.2 729.8 735.3 741.7 748.8 757.7 767.3 779.6 790.3 803.7 818.6 833 844.1 856.6 868.9 881.2 890.7 894.9 893 874.1 841.5 824.3 806.8 784.9 770.6 761.4 728.7 703.9 690.8 679.7 672.6 671.6 663.8 654.1 650.7 645.3 641.6 638.1 634.1 628.8 624.5 623.8 622.6 620.4 620.3 618.5 615.3 618.7 618.3 620.9 622.2 623.9 628.7 636.1 645.2 652.6 664.5
669.2 677.1 681.4 687.1 691.8 695.4 694.8 696.4 696.8 697.1 696.6 695.6 695.4 694.3 694.1 694.8 695.8 697.6 700.4 703.7 705.7 710 713.6 719.3 724.2 730.6 738.1 746.6 754.5 764.9 777.8 791 804 817.2 830 843.5 855.6 867.5 877.2 883.2 882.9 874.1 849.3 821.2 798.8 784.2 765.2 744.8 719 696.5 686.6 677.4 670.6 663.9 655.6 653.2 648.7 645.5 638.2 635.7 631.9 626.2 623.1 620.7 620.3 617.9 619.7 617.1 617 618.6 616.9 616.1 618.9 621.9 626.3 633 642.1 651.2 659.5
662.5 669.7 674.3 678.2 681.4 683.4 684.4 686 686.9 685.4 684.6 683.5 684.6 685.6 685.6 684.8 684.9 687.7 691.2 694.7 695.8 699.2 703.6 709.5 713.8 719.6 727.6 735.7 743.6 753.7 765.3 779.3 790.9 802.8 817.1 830.4 843 854.9 863.5 870 872.2 864.7 841.6 825.3 801.8 787.1 767.9 750.2 727.3 703.2 685.3 671.4 665.3 663.5 653.3 651 647.5 647.8 639.3 633.8 627.7 624 622.7 620.5 620.9 615.5 616.9 614.5 616 615.5 610.8 611.7 614.9 619 623.7 630.5 637.8 646.1 656.5
655 659.7 664.1 667.3 670.1 672.1 673.7 674 674.5 674.6 673.8 674.1 673.7 674 673.8 674.1 675.6 677.8 681.2 683.5 684.5 687.5 691.2 698.2 703.6 709.2 717.5 720.3 733.9 745.5 755.3 766.4 777.7 790.9 803.1 817.7 831.1 842.7 852.2 858.1 861.5 860.6 848.5 821.8 809.8 780.1 765.3 754.9 733.3 709.2 686 669.4 661.5 657.8 652.1 647.5 646.3 644.8 636.4 634.1 627.8 624.8 621.2 619.9 620.6 614.8 615.4 615.3 608.6 610.1 607.7 610.6 612.7 615.4 619.8 626.2 633.7 640.4 648.1
646.4 650.2 654.4 657.1 659.8 659.9 662.4 662.3 663.7 663.2 663.6 663.8 663 662.5 663.9 664.9 666.5 668.8 671.7 673.5 677.1 679.7 684 688.3 693.7 701.6 707.6 715.7 726.3 736 744 757.1 768.1 778 793.1 806.2 819.7 831.6 840.9 846.6 847.7 845.6 834.4 814.5 794 776.3 759.2 746.3 732.3 712.9 691.5 672.9 663.5 656.1 653.9 645.2 643.1 640.2 637.5 631.1 629 625.7 624 620.3 619.7 613 615.4 612 610.8 606 606.1 608.2 610.5 611.4 616.6 620.1 627.2 634.7 641.3
638.9 642.5 646.6 648.2 649 649.1 650 650.2 651.2 652.4 651.8 650.4 650.4 651.8 654.8 655.9 658 661.3 664.7 667.8 669.8 671.2 674.9 680.3 686.8 692.4 699.6 708.9 717.3 722.1 736.8 748.2 760.1 772.1 784.8 797.6 810 821.2 830.4 836.5 836 829.7 819.5 808.1 796 774.1 754.1 740.4 724.3 713.2 689.9 677.7 663.2 658.8 649.4 643.3 641.3 641.3 639.9 631.7 629.9 626 621.9 621.3 618.7 614.5 608.3 609.5 607.6 605.8 606 605.8 604.7 607.3 611 617.4 621.4 630.8 638.8
628.4 632.2 635 636.8 638.8 640.6 638.6 638.9 640 639.3 639.3 640.2 641.6 643 644.6 647.4 650.4 654.5 657.6 659.7 661.4 663.7 666.4 671.3 677.5 684.2 692 699.8 705.9 718.3 727.8 741.1 753 764.8 777.7 791.7 803.5 814.5 824 829 829.3 826.2 813.8 801.5 790.2 779.8 759.4 739.3 723.8 702.1 687 674 663.7 662.8 651.6 645 641.1 639.3 639.4 633.2 629 626.8 621.9 620.4 619 613.6 613.9 607.4 605.1 606.2 603.2 604.9 602.3 604.9 607.1 613 617.9 625.6 633.1
618 620.6 623.9 625.8 625.2 626.1 627.5 626.1 628.2 628.3 629.1 630.5 632 633.7 637 639.6 643.8 647.2 649.6 651.3 652 654.9 657.3 662.6 668.4 675.6 683.5 691.1 700.6 709.3 721.5 732.2 743.3 756.7 771.3 785.6 798.2 810 820.4 826.8 828.9 828.2 819.3 805.2 793.2 782.9 770.1 746.4 731.5 704.5 680 667.5 656.9 661.4 651.5 643.8 640.1 641.4 637.2 634.6 631.6 626.3 621.6 617.3 613.1 611.5 610.4 606.7 602.7 604.3 601.7 602 600.9 602.6 606.9 612.2 615.7 621.5 625.9
607.7 611 612.8 614.8 616.6 614.7 614 614.5 618.7 619.4 619.9 622.1 624.8 627.7 631.1 634.3 637.2 639.3 640.7 642.4 644.9 647.6 650.6 654 661.4 667.6 674.5 683.1 693.6 703.3 713.2 725.5 736.5 749.4 763.2 780.8 795.9 808.1 819.5 828.5 834.5 831.5 823.4 819.1 801.3 782.3 764.8 743.2 715.3 692.5 677.7 661.1 654.4 653.3 645.9 639.4 639.2 630.8 635.1 634.6 631.9 625.7 621.8 616.3 610.9 608.7 607.2 605.2 602.6 602.1 601.7 600.3 600.8 602.7 607 608.4 613.4 619.3 625.3
599.4 601.6 603.2 604.2 603.5 604.5 603.3 606.4 608.5 612.6 614.5 616.1 616.6 619.2 622.7 625.9 628.8 629.3 631.8 633.5 635.2 638.8 642.8 646.8 652.9 659.1 667.4 677.1 685.4 695.3 705.3 721.2 735.9 749.3 765.7 779.7 793.9 809.9 822.9 832.6 842 843.2 834.6 816.8 805.1 780.6 759.3 734.9 712.7 691.5 674.1 661 652.4 646.1 642.1 639.1 636.4 626.8 630.9 630.2 626.3 622.5 618.6 613.9 609.9 606.1 606.3 603.4 601.4 599.6 601.4 598.1 600.3 601.2 604 606.7 613.3 617.1 621.1
590 592.8 594.3 593.1 593.3 593.9 595 596.8 599.7 603.1 607.2 608.1 610.1 613.7 615.7 619 621 621.8 622.5 624 627.4 629.8 633.9 638.6 643.7 650.5 659.4 669 681 691.5 703.3 718.4 733.1 749 765.1 780.5 795.6 813.7 828.7 839.8 847.8 848.5 841.8 821 805.4 784 763.9 738.3 710.4 698.6 675.5 660.4 651.5 642.3 641.4 637.7 635.2 630.4 619.1 622.3 620 617.3 614.1 608.5 608.3 600.8 600.8 602.7 600.4 597.7 601 600 597.7 598 602.4 605 608.8 615.6 618.9
580.1 583.3 584.4 583.9 584.2 583.4 584.8 589.2 592.8 596.6 600.3 604.1 604.8 607.8 609.6 611.2 612 613.5 614.9 617.7 619.6 622.8 627.8 630.6 637.4 642.2 652.8 665.8 676.5 688.6 700.2 715.6 731.1 746.8 762 778.6 795.2 813.5 830.8 843.4 850.7 850.9 846.2 829.4 804.5 789.8 765 738.9 720.4 692 669.5 663.9 647.5 638.3 635.3 631.8 631 625.2 619.8 608.7 611 609.7 606.9 603.4 601.8 598.9 596.8 599 598.7 596.8 597.9 598.6 597 598.5 601.8 603.1 607.7 615.4 617.1
566.3 569.9 571.7 573.5 575.1 575.6 577.2 582.1 585.6 589.9 593.3 597.1 600.3 601.5 603.1 605.3 607 607.9 610.5 612.6 613.8 617.6 620.5 623.7 631.8 639.3 649.3 660.9 672.1 684.8 698.8 714.1 728.8 745 759.9 774.7 795.2 814 831 844.6 852.2 858.3 852.5 831.2 807.5 780.7 766.8 747.5 720.7 693.5 668.4 655.8 647.2 635.3 627.3 626.2 622.3 620.6 616.3 607.3 604.1 600.9 599.8 599 595.6 594.8 594.2 596.9 597.9 595.2 597.3 597.6 596.4 598 602.3 603.8 606.2 610.6 616.7
555 556.8 559.2 561.8 564.3 566.6 569.8 575.8 580.5 584.1 587.2 590 593.5 596.5 599.4 601.3 601.8 603.1 604.9 606.5 608.6 611 612.4 618.8 625.7 634.9 644.4 654.6 666.7 680.3 695.5 710.4 727.1 742.7 758 774.1 793.7 813 828.8 841.2 852.3 855.6 845.8 827.1 799.7 781.9 751.9 733 710.9 680.3 661.7 653.1 639.8 630.2 622.5 616.7 613.7 608.2 604.5 601.3 595.5 596.5 596.1 595.2 594.2 592.1 593.5 594.2 595 593.3 595.6 596.4 596.7 596.2 600.3 603.1 604.9 612.8 617.4
545.4 546.8 548.8 552.8 557.4 557.7 562.2 568.6 573.6 578.6 580.9 583.9 587.3 590.5 593 595.7 595.6 597.5 599.7 600.9 601.5 603.2 607.3 612.2 620 628.8 639.7 649.5 661.9 675 689.8 704.9 723.1 738.4 756.4 773.9 792.9 810.6 827.2 835.6 846.1 850 845.1 827.2 799.9 767.9 741.3 717 695 672 657.2 647.3 634 627.4 616.2 612.5 607.2 602 598.3 595.4 592.4 589.4 590.2 591.8 592.7 592 591.7 592.4 592.9 593.8 594.6 595 596.7 595.2 600.1 604.3 608.9 611.2 615.7
534.8 537.3 539.5 544.3 549.5 549.7 555 561.1 565.3 570.3 571.9 576.5 581.1 584.1 587.2 589.3 589.8 589.9 591.1 593.4 594.6 594.5 601.9 606.5 614 622.7 633.9 644.3 656.6 669.9 686.6 702.1 719.2 735.3 751.6 770.1 792.2 812.6 825.2 835.7 844.5 851.1 844.1 829.6 797.6 765.5 743.1 713.4 692.2 669.2 653.6 638.6 630.7 621.2 611.5 605.9 601.1 597.5 594.5 592.3 586.7 586.6 586.4 587.7 591.3 590 587.9 589.5 587.5 591.8 590.2 593.4 596.9 597.9 600.6 602.3 608 611.9 616
527.7 530 533 535.4 538.6 541.2 545.6 552.5 557.2 562.3 565.2 568.8 572.3 576.9 579.1 582.1 582.7 583.7 583.5 585 586.9 590.1 596.1 601.8 608.1 618.9 630.3 642.6 655.2 668.9 682.8 697.6 712.9 730.1 746 763.8 783.8 805.1 820.3 828.9 840.4 848.4 847.5 829.3 799.6 768 742.7 715.4 692.6 677.2 652.6 640.3 627.6 619.5 612.7 603.3 599 595.2 589.8 586.8 585 584.9 582.5 585.2 586.5 588.8 588 587.7 583.5 589.9 594.6 595.8 598.7 599.4 603.9 606.9 607.9 608.8 614.3
521.9 524.1 524.8 527.7 529.8 531.4 536.1 542.1 547.8 553.3 557 561.8 565.3 568.5 570.5 573.1 574.9 576.4 575.6 577.8 579.7 585.3 590.1 596.7 603.8 614.6 626.3 638.7 651.7 664.9 680.1 694.1 708.6 723.9 740.6 756.4 772.8 791.2 810.5 821.4 831.1 840.6 843.4 829.6 803.2 780 747.3 724.9 695.5 673.4 654 640.6 627.6 616.2 608.4 599.7 595.7 593.7 589.5 583.7 582.3 582.5 580.9 582.4 581.8 583 586.3 583.3 585 590.8 596.1 596.9 598.5 600.2 605.8 608.4 608.5 612.6 619.2
512.8 514.8 518.1 520.9 522.2 525.4 530.1 533.6 539.4 544.9 549.9 555.6 558.2 560.5 561.8 564.1 565.2 568.2 568.2 570.1 575.8 580.5 586.4 592.4 600.7 612 623.7 635.2 648.4 660.6 675.7 688.9 703.4 716.6 730.9 745 759.5 771.7 787.9 802.5 815.9 827.6 837.7 837.2 813.5 787.7 758.7 728.2 699.8 673.8 655.9 640.1 628.7 616 610.1 601 593.8 591.9 587.4 581.2 580.8 581.6 579.2 578.3 578.5 577 579.4 575.2 583.6 590 594.6 597.4 597.3 601.9 607.1 610.3 610.8 616.4 618.8
505.9 507.6 509.1 513.5 515 520.2 523.6 528.6 533.2 536.7 541 545.2 549.3 551.8 553.1 554.9 557.9 559.5 560.8 565.5 572.1 577.8 582.9 589.5 598.1 608.6 619.3 630.8 643.4 655.9 668.1 681.3 693.9 705.3 718.4 731.8 743.8 753.7 765.6 780.2 797.5 811.5 824.3 822.9 809 787.2 759.5 730.8 713.2 674.2 656.6 641.3 627.8 620.1 607.9 601 592.6 590.4 582.1 580.9 580.6 578.9 574.9 576.7 574.1 575.2 574.9 575.8 579.7 586.6 591.3 594.9 597.9 603.4 610.1 613.1 614.3 619.7 625
499.4 502.5 505.6 507.7 512.9 515.4 519.6 524.1 526.5 530.4 534.3 538.4 540.8 545.4 548.3 550.5 552.1 553.3 555.7 564.1 569.4 574.4 580.5 586.5 594.8 605 614.4 625.4 637.3 648 659.8 670.8 683.2 696.1 707.3 719 729.4 741.2 753.9 767.1 782.9 797.6 812.3 821 816.9 785.1 750.9 724.6 699.4 677.9 657.9 641.5 630 616.7 608.5 603.1 591.3 586 578.7 577.1 579.1 574.5 575.6 574.2 572.9 573.4 568.2 575.9 579.2 582.8 589.6 592.9 597.1 603 609.9 613.4 619 623.6 629
493.4 498.6 501 503.4 506.8 510.5 513.4 517 521.3 525.6 528 531 533.8 537.7 539.7 542.3 544.3 548.7 555 559.7 566.3 571.8 576.8 583 590.9 599.8 608.9 619.9 629.8 640.2 651.6 661.7 671.6 682.8 694.1 706.2 716.3 728.5 738.6 754.5 766.3 781.4 798.6 817.2 817 803 753.6 721.3 695.4 676.5 654.6 641.2 627 619.5 610.4 602.3 592.8 581.2 576.6 573.1 574.3 572.4 573 569.9 572.4 569.9 571.7 576 580 582.3 587 591.2 597.4 605.9 611.4 616.9 625.5 630 636.2
489.9 493.8 497.2 498.8 502.1 504.5 509.1 510.5 513.8 520.2 522.8 526 529.7 531.7 532.9 535.4 535.5 545.2 550.3 556.3 562.5 568.1 573.4 579.8 588.1 594.6 602.9 612.7 621.5 630.8 640.2 651.3 661.4 669.7 681.5 691.9 700.3 714 725.8 741.4 757.2 770.7 788 800.2 805.9 790.7 760.4 725.6 698 674 654.5 639.2 627.3 618.4 608.6 600.4 593.6 583 574.9 570.6 570.5 568.2 569.6 568.8 570.4 565.2 569.2 574 578 585.2 588.4 593.5 599.3 605.7 613.5 621.9 628.8 636.3 640.9
