Assets/StreamingAssets/GeoData/Data/nn/NN51.asc
ncols 200
nrows 200
xllcorner 250000
yllcorner 710000
cellsize 50
[rows 0 to 34 of 200, columns 78 to 155 of 200]
152.6 150.7 156.1 164.1 168.5 168.4 171.5 173.2 173.2 170.9 167.8 169.7 168.7 166.6 166.8 166.9 165.7 167.7 163 159 154.8 152.3 149 148.4 147.7 146.2 144 140.6 137.1 133.1 128.3 126.5 125.6 125.3 124 125.3 124.9 124.6 124.5 124.3 125.3 125.3 125 126.1 133 134.9 142.6 150.5 151.3 156 164.9 174.4 184.2 194.1 205.1 217.2 230.4 239.1 238 263 281.1 297.8 312.4 325.3 337.8 347.3 355.6 361.2 374.5 385.7 396.1 405.1 415.7 430.6 442.9 452.8 458.2 463.5
155.3 157.6 165.8 168.4 174 175.8 178 178.6 178.7 178.4 177.4 180.4 179.2 177.8 178.7 178.4 179.1 173.2 170.7 167 166.6 165.7 161.5 161.3 159.5 156.7 153.8 150 146.5 142.5 137 130.9 128.2 125.7 125.2 125.6 125.2 124.8 124.7 124.5 124.6 125.5 125.4 125.1 126.6 131 141.9 148.6 150.2 159.8 170 180 191.2 201 212.9 224.2 236.4 241.1 246 273.7 294.8 311.2 327.1 340.2 351.6 364.4 370.9 378 386.4 399 408.4 416.8 429.8 446.1 455 463 470.2 474
159.4 162.9 171.6 174.2 179.4 182.4 182.9 184.7 185.3 187.1 188.3 189.2 189 187.1 190.5 188.9 190.8 187.5 188.6 183.7 182 179.1 175.2 174.4 171.4 166.6 162.7 158.7 155.9 151.9 145.4 139.7 134.7 131.3 127.2 123.8 124.7 124.7 124.9 124.8 124.8 125.3 125.6 125.3 127 131.8 138.7 142.6 151.5 162.2 173.5 183.4 196.2 208.6 220.4 231.6 243.6 260.1 271.2 285.3 308.1 324.5 339.5 352.9 366.3 376.6 384.4 394 401.1 411.1 419.5 428.5 440.7 454.5 463.4 473.8 479.2 483.4
164.8 169.5 174.5 179.4 186 188.4 189.9 192.4 193.2 193.9 195.9 198.7 199.4 199.8 202.2 202.3 202.2 201.8 199.8 197 195.2 193.1 189.6 186.8 180.6 174.9 171.3 168.2 166.8 162.6 157.7 151.1 145.3 141.3 137.5 131.9 125.9 124.7 125.4 125.6 123.9 124.5 124.9 124.7 127.6 130.3 135.2 142.9 153.6 162.5 176.7 190.5 202.5 214.6 227.3 239.4 253.7 269.5 282.5 299 318.8 336.8 351.7 364.5 379 390.2 398.1 404.4 410.4 421.1 428.6 435.8 446.7 458.6 470.2 478.8 486.7 492.5
169.3 174.7 181.9 184.3 189.7 193.4 195.9 198.5 202.3 202.6 203.5 206.7 208.9 210.6 214 213.8 213.4 212.4 211 209.2 207.7 205.4 202.1 197.8 191.2 185.9 183.2 181.9 178.3 172.6 171.3 165.6 158.9 155 151.3 145.5 136.1 131.5 128.6 125.5 125.5 125.5 125.5 125 126.9 129.7 134.6 142.1 157.4 169.3 181.2 194.8 207.6 219.9 233.6 246.2 263.7 278.6 293 307.9 326.8 346.3 362.4 376.2 391.7 402 409.9 416.4 422.4 430.3 437.2 443.8 455.2 466.1 478.2 490 501.6 510.1
172.8 179.7 185.8 192.4 194.2 198.7 202.9 205.9 206.7 212.4 212.1 215.9 219.6 221.8 223.4 225.3 224.6 224.4 222.6 221.9 219.7 217.1 213 208.1 204.7 200.9 196 190.4 183.9 181.7 183.8 180.5 171.5 168 164.3 156.7 147 139.5 130.6 125.1 125.1 125.1 124.9 125.3 126.4 129.2 133.9 145.3 159.1 172.4 184.8 198.9 211.4 224.9 239 255.3 271.7 287.5 302.7 317.6 335.1 355.6 372.1 387.9 401.9 411.4 421.4 427.7 434.3 437 443.7 452.4 462.8 473.2 490.6 506.7 520.1 526.1
177.7 183.6 187.3 194.6 199.3 204.2 207.9 210.6 212.3 215.5 220.6 225.5 229.4 232.3 233.1 236.1 236.7 236.3 235.1 233.4 231.3 228.1 224.2 220.5 216.7 212 205.3 199.8 194.9 192.6 193.2 192.4 184.9 174.4 173.1 163 152.9 142.5 131.5 125.7 125 125.1 125.1 125.3 126.6 127.9 133.2 146.7 159.2 173.5 186.2 202.9 216.4 232.2 245.5 262.3 279.4 293.9 310.9 328.3 345.9 363.5 380.9 397.7 410.6 423.5 432.8 439.6 443.6 446 451.6 461.5 471.8 488.3 506 522.2 533.7 538.5
179.1 184 189.6 195.9 202.2 207.2 210.7 213.2 217.7 224.1 228.9 234.4 238.9 241.8 244.8 247.4 248.6 248.3 246.9 246 245.5 242 239.2 235.9 231.6 227.2 220.3 215.1 209.2 204 196.9 196.1 193 181.5 176.5 162.1 150.9 140.5 129.3 125.6 125.3 124.1 122.9 125.2 125.5 126.2 131.3 142.7 158.9 173 186.9 203.9 222.4 237.9 254.2 271.7 287.4 300.5 316.2 336.2 353.5 370.9 387.4 403.5 420.9 435.6 444.4 451.6 455.5 457.4 461.8 472.5 487 504.4 521.2 532.8 541 546.4
183 188 194 201.2 206.6 210.3 214.2 218.2 226.1 232.5 237.3 242.6 249 251.6 252.7 259.5 259.6 260.6 261.4 260.9 259.1 256.9 253 249.5 244.4 238.5 232.5 226.3 218.1 209.4 202.7 194.3 192.4 184.8 169.6 153.2 143.4 134.4 125.8 125.6 125.5 125.2 125.3 125.1 125.1 126.2 129.8 142.3 157.1 172.3 188 204.6 224.1 241.2 258.9 278.5 296.6 312.7 326.7 343.4 358.6 374.2 390.1 407.3 427.6 444.1 454 461.3 466.5 467 470.9 484.7 500.5 514.7 527.3 539.5 545.5 550.2
188.4 192.7 198.6 205.8 211.3 215.6 220.3 225.8 235.5 240.5 245.4 252.6 259.2 262.2 265.9 271.6 272.5 275.1 276.3 277.3 276.3 272.7 269.1 263.3 255.9 250.1 242.4 233.9 226.1 214.8 205.2 193.2 184.3 174.1 156.8 145.3 137.1 128.7 126.1 125.5 125.4 125.1 124.8 124.8 125.4 125.9 131.4 139.6 155.6 172.5 188.6 206.7 225.9 244.6 263.4 283.3 303.4 321 336.2 349.5 362.5 376.6 392.4 410.5 430.9 450.5 457.4 465.1 472.9 479 482 494.2 510.2 524.4 533.3 543.5 550.2 551.9
193.4 197.1 205.6 210.2 217 225 230.4 236 245.3 251.1 257.3 263.2 268.5 273.6 277.9 283 285.6 288.2 291 291.9 292.1 290.8 286.7 276.5 267.5 259.2 250 242.8 232 219.5 208.9 189.3 176.2 162.9 148.2 138 131.3 126.9 125.9 125.5 125.3 124.9 124.7 125.2 126 126.8 128.9 137.1 154.3 171.3 189 207.3 227.6 248 267.4 286.1 307.5 326.5 342.9 355.9 369.6 385.1 399.5 413.6 431.3 449.5 458.9 469.7 478.7 484.7 487.8 499.1 514.9 528.1 534.3 543 550.8 554.4
198.5 202.8 211 218.9 225 232.5 241.1 246.7 254.5 260.7 268.6 274.3 278.4 284.5 289.4 295.1 299.6 302.2 307 309.2 312.6 312 308.6 294.7 284.6 269.3 261.6 252.4 243.2 230.9 211.1 192 173.1 158.3 143.8 135 130.2 128.9 127.4 125.4 125.2 125.7 125.4 124.4 125.2 125.7 127.7 136.8 153.4 170.7 188.2 206.7 228.4 249.7 271 291.2 312.3 331.1 347.8 362.1 376.3 392 407 422 437.4 450.4 461.6 472.4 482.2 489.7 494.9 503.8 517 528.2 534.7 541.9 549.2 557.3
203.1 210.3 216.7 224.6 230.8 238.4 249.5 257 263 271.9 279 283.7 290.7 297.4 304.5 310 313.6 322.9 328.4 332.8 329.5 326.5 324.1 307 290.9 283 277.9 269.5 258.7 245.6 224.9 201.1 178.1 163.3 145.9 135.9 131.6 130 127.8 125.8 126.7 126.5 125.8 124.7 124.7 126.4 128.7 135.2 152.4 170.6 188.4 208.5 228.1 251.3 273.1 294.4 314.8 334.4 350.8 365.7 379.9 394.6 408.4 426.3 441.7 455.3 465.4 475 484.9 493.9 500.6 510.7 522.1 529.3 535.7 542.4 551.3 561.3
209.6 217.1 223.8 230.9 238.3 246.5 257.2 265.5 274.6 284.1 291 299.1 306.5 313.6 320.9 328.4 338.9 344.4 348.7 349 344.2 331.4 322 311.9 300.7 295.3 292.6 292 291.5 266.3 245.9 219.3 194.1 165.6 147.6 139.2 132.9 131.3 128 126.2 127.5 127.4 124.9 124.7 125.9 127.3 130.1 135 151.6 169.6 187.8 208.3 228.9 250 272.9 296.1 316.9 334.3 351.3 366.4 381.5 395.9 409.2 426.5 442.8 457.4 467 476 487.8 498.4 506.7 513.1 523.5 533.7 544.8 550.3 555.3 562.2
215.4 223.4 231.1 238.9 250 255.9 265.6 277.6 286.5 296.3 305.9 314.2 322.2 332 341.2 355 364.1 368.2 363.2 358.4 349.6 341 327.2 318 309.1 306.9 306.7 306.6 305.5 293 266 231.8 195.3 168.6 152.1 141.2 134.7 131 128.3 126.6 127.7 127.3 125.7 125 125.6 126.9 129.9 135.7 149.3 167.7 187.4 208.9 228.7 244.9 269.8 295.6 316.7 333.7 352 368.4 383.2 396.9 411 426.5 442.3 458.4 469.5 478.6 488.2 502.7 512.1 519.2 524.7 536 547.7 556.8 557.2 561.2
222 230.1 238.2 247.2 256.3 266 276.6 289.6 300.7 310 318.7 328.4 338.6 350.2 362.2 375.2 380 385.2 381.1 381.2 370 357.4 343.7 330.5 319.8 309.8 311 309.6 295.3 273.5 249 216.3 190.8 172.5 157.2 145.3 137.2 132 129.9 127.5 128 126.7 125.5 124.9 125 126.4 129.8 135.3 150.7 166.9 187.6 208.4 229.6 248 269.4 292.7 313.9 332.9 353.4 371.1 385 401 415.3 430.2 443.8 458.3 473.4 485.5 497 507.4 516.1 524.4 530.3 537.7 554.6 558.1 559.8 562.7
227.7 236.5 245.2 254.7 266 278.6 288.9 301.5 313.8 324.3 334.8 346.1 356.8 367.6 378 389.5 400.3 399.7 397.2 399.6 397 372.2 358.9 343.7 327.9 311.8 305.5 309.9 279.7 258.9 228.6 210.7 192.3 169.8 157.9 145.9 137.6 133.5 129.5 128.6 127.4 126.5 125.2 125 124.7 126.2 129 134.4 147.1 164.5 186.4 205.1 227.5 247.6 266.8 289.5 309.1 328.3 352 371.9 386.4 403.2 417.9 433 447.2 458.7 475.6 489 499.1 511.1 519 526.3 535.5 544.4 552.9 558.3 561.6 564.6
233.3 242.1 251.1 263.5 279.8 294.6 305.7 313.7 326.4 339.8 354.2 364.9 375.1 387.8 401.3 410.8 412 413.5 412 410.8 410.6 387.4 368.6 353.5 335 314.6 297.5 295.5 274 249.3 222.8 210.8 196.8 179.6 161.5 147 138.2 132.6 129.1 130.7 130.2 127.6 125.8 125.4 125 126 128.7 135.6 146 163 184.7 204.4 226.1 244.8 264.9 284.3 305.6 326.6 349.6 371 388.8 405.1 420.5 435.8 448.8 462.1 478.1 492.4 504.8 514.2 523.2 531.4 541.8 550.8 559.6 569.6 571 570
239 247.7 256.7 272.1 290 307.7 325.5 330.4 338.1 351.7 366.6 377.2 391.7 409.3 419.4 425.6 422.7 429.4 422.6 419.9 410.2 391.4 375.1 357.8 337.4 317.1 298.1 285.6 269.2 248.3 230 214.9 201.1 186.6 171 153.9 141.4 131.7 128.9 129.8 128.7 125.8 125.7 123.3 125.2 125.6 128.3 135.2 144 160 183.5 203 223.8 244.3 263.5 282.8 302.8 324.7 349.3 372.4 391.6 407.4 422.8 438.9 452.5 468 482.2 494 504.6 515.7 524.3 534.8 545.1 553.6 562.5 571.6 573.1 573.2
242.2 251.9 263.7 279.5 298.1 323.6 336.9 347.9 354.8 366.7 379.9 389.4 405.2 420.2 427.8 434.4 442.9 444.2 433 421.6 413.7 392.4 376.4 357.8 336 316.7 298.8 288.7 273.1 254.5 233.3 216.6 203.2 188.7 175.3 158.7 144.1 134.4 130.2 127.6 127.7 125 123.3 125.5 125 125.3 126.3 136.8 141.4 158.8 181.7 201.4 218.7 240.8 260.6 281 301.4 324.3 348.9 376.6 394.6 410.5 425.7 442.1 457.6 472.3 485.5 496.6 508 518.3 527 535.8 547.2 555.8 559.6 565.1 569.1 572.1
246.2 255.1 270.5 287.3 308.1 332.8 351.7 364.5 370.2 385.3 396.4 406.3 422.1 433.7 447.8 456.2 468.4 460.6 450.8 424 410 391.4 374.5 354.2 330.7 314.9 296 290 276.6 257 234.9 216.2 203.5 191.3 179.1 165.2 151.8 137.3 130.6 127.5 126.3 125.3 123.5 125.5 125.5 125.6 127.4 133.6 140.8 156.5 177.6 199.4 218.8 239.2 257.7 278.2 300.6 323 346.6 373.1 398.1 413.8 425.6 442.4 457.9 473 486.2 498.9 510.3 517.1 524.5 536.2 546.5 554 557.4 557.9 561.3 566.9
249.3 260.1 276.4 294 317.3 337.2 358.7 372.7 383.6 402.5 414.7 425.6 439.1 450.3 467.4 471.5 479.3 473.2 460 429.3 399.9 385.3 370.1 351.9 332 315 291.1 282.4 271.2 253.5 232.2 211.9 200.6 192.2 184 174 160.6 142.6 132.8 127.3 126.5 125.5 124 124 124.4 125.1 126.5 134 141.2 155.7 173.9 195.1 215.8 236.2 256.4 275.5 296.3 318.2 341.8 367.2 394.5 415 425.3 441.8 457.6 471.8 486 499.1 510.1 518.2 522.9 534.7 543.6 550.2 551.7 551.8 555.5 560.8
254.7 268.9 283.7 302 328.2 346.1 370.3 390.2 398.6 418.5 438.2 444.5 458 473.7 487.2 490.8 488 480.6 460.9 425.2 395.5 380.9 365.1 350.1 332.3 316.3 292.7 275.4 264.1 246.5 224.7 208.8 195.8 190.9 190.4 181.1 167.2 151.1 134.5 127 126.1 125.5 125 125.2 124.4 123.8 126.3 128.5 139.5 155.4 171.8 192.5 213.1 232.4 252.2 271.7 292.3 315.5 336.7 361.5 385.5 412.4 422.2 440.8 454 471 485.9 496.8 508.8 517.3 524.2 534.1 540 542.1 543.7 546.4 550 556.1
261.8 277.3 293.7 312.8 336.8 358.2 378.2 395.6 410.5 432.9 449.9 474.6 487.3 493.9 501.8 503.2 487.9 474.2 444.6 418.4 397.5 382.4 367.7 356 340.6 320.3 294.8 272.7 257.7 238.1 215.1 204.8 203 206.1 207.1 190.5 171 152.8 133.7 126.2 125.5 125.4 125.2 124.8 125.3 125.4 124.1 128 138.9 152.4 167.8 190.1 208.3 228.2 248.8 268.1 289.8 310.6 332.1 354.6 377.5 399.9 415.8 438.2 447 467.2 483.3 495.7 505.7 515.4 524.3 530 535.4 537 536.8 541.6 546.1 550.9
267.8 282.9 300.7 322.3 344.2 369.3 387.6 399 417.8 439.1 465.9 496.5 509.3 505.5 517.7 517.8 497.8 461.2 436 415.5 401.9 388.7 378.1 367.2 356.3 321.9 293.2 271 255.4 232.5 215.2 215.1 215.6 212.6 215 193.3 171.7 151.7 135.1 126.2 124.9 124.9 123.6 125 125.3 125.4 125.4 128.7 138.2 149.4 164.7 187.2 206.8 224.7 245.8 265.8 287.4 309 328.7 348.9 372.4 393.8 410.7 429.9 443.3 461.6 478 491.3 502.4 512.4 520.4 525.7 529 529.5 528.9 532.4 538.9 545.8
275.2 289 307.5 329.1 350.8 374.6 395.9 410.3 430 452.7 474 503 515.2 511.2 515.3 504.1 479.6 448.7 432.4 420.8 410.4 403.3 392.2 370.1 343.4 314.8 287.5 268.2 254.1 237.4 224.8 226.6 226.9 216.9 208.4 186.9 167.3 148.8 135 125.4 125.5 125.3 125.4 125.1 125.3 125.4 125.6 127.4 136.9 149.1 160.8 182 204.1 221.9 243.1 263.4 284.3 305.4 324.5 343.8 364.3 385.1 404.6 427.3 439.4 458.1 471.8 484.1 496.5 506.7 514.4 519 521.3 522.1 522.2 524.1 530.1 538.5
283.5 297.4 313.9 333.5 355.9 378.1 398.8 419.8 447.8 466.6 492.9 508.4 515.8 516.2 516.9 495.5 476.6 457.7 439.3 428 419.8 410.8 391.5 360.7 330.4 298.9 280.7 268.2 255.2 238.6 231.8 232 225.3 211.3 194.3 175.6 158.2 142.9 131.3 125.8 124.9 124.5 123.6 124.9 124.5 125.4 125.4 127.4 135.3 151.9 165.4 181.6 199.3 219.7 240.7 258.8 280.3 301 319 337 359 376.8 397.4 421 432.3 446.6 464.5 475.4 487.6 498.3 506.1 510.2 511.6 510.3 515.2 516.2 522.4 530.9
290.3 305.5 322.8 341.5 361 381 399.1 427.1 453.5 470.5 503.4 518.1 522.1 519.9 511.6 500 487.9 473.9 448.7 436.9 426 393.6 369.2 346.2 320.8 298.5 281.2 269.3 261.5 248.8 239.3 226.8 212.9 195.5 181.6 165.5 150.7 140.4 128.7 126.5 125.7 123.9 125.5 125.3 125 125.2 125.5 126.2 132 144.7 155.5 173.9 196.4 216.2 235.7 254.5 275.9 296.7 315.7 332.7 350.9 369.6 389 410.3 424.1 437.7 450.3 464.6 478.7 488.1 495.1 500 501.5 503.4 505.5 504.1 517.2 524.3
296.2 311.8 330.1 348.4 367.5 388.6 410.9 435.3 453.8 484.6 508.2 520.3 525.4 521.2 515 507.5 499.9 482.4 462.2 446.1 422.3 382 362.4 347.7 319.1 297.7 283.4 269.6 261.6 260.1 246 224.7 201.6 182.3 173.5 160.5 150.7 141.8 131.4 127.1 125.9 125.5 125.2 124.8 124.7 124.9 125.1 126.5 128.4 138.6 152.1 172 193.1 212.1 230.7 250.2 271.4 292.4 311 329.5 346.9 364.1 384.5 398.9 414.6 427 439.3 453 476.5 480.5 482.6 485.9 491 493.8 496.7 498.3 511.1 520.6
302.8 317.9 336.4 355.1 375.8 396.7 421.5 446.3 466.3 492.1 509.1 521 526.3 537.5 535.9 518.9 505.4 478.4 465.7 456.2 419.2 391 365.7 347.3 332.5 306.7 285.4 268.6 257.7 257.5 245.1 218.3 198.1 182 172.5 159.6 149.8 143.2 134.4 127.9 126.5 125.6 123.9 124.4 124.3 124.5 124.7 126 127.6 135.1 149.4 167.8 191.2 208.2 227 245.3 267.1 287.7 306.2 322.7 339.8 359.7 384.7 391 406.2 418.4 430 443.3 462.5 469 473 476.3 480.7 486.5 488.9 493.7 503.7 516.6
310.8 327.3 345.4 365.3 386.9 408.2 432.8 455.1 480.7 508.5 528.2 537 543.5 546.7 546.5 528.6 505.4 480.8 466.8 454.2 423 399.7 379.9 353.9 338.7 313.9 290.4 270.2 254.9 247.6 231.9 212.7 194.7 184.9 174.6 163.2 155.7 147.1 137.6 130 126.4 125.4 125.3 125 125.3 125 124.8 125 126.4 133.2 143.8 165.9 188.9 205.7 224.4 242.4 260.8 280.9 300 316.8 333.8 351.2 371.8 386.4 397 409.6 421.6 433 451.4 457.5 461.2 468.5 471 480.6 482 489.7 500.4 512.8
317.4 335.9 358.8 386.3 399.2 419.4 448.5 466.2 486.9 511 532.9 544 555.5 560 554.1 530.7 503.1 481.3 467.8 446.4 425.5 399.9 381.7 356.3 335.5 313 293.3 271.3 249.8 241 228.2 212 195.6 187.1 176.7 167 161.4 153.6 142.9 134 126.2 125.2 125 124.8 125.2 125 124.9 125 125.9 130.1 145.8 165.8 187 204.2 218.8 236.9 254.3 274.4 294.1 311.2 327.9 344.6 361.5 378.1 387.9 399.6 411.6 422.1 434.6 442.4 447.7 457.4 457.6 463.6 476.7 485.6 498.4 509.4
327.1 346.7 369.8 399.4 416.5 439.3 456.2 481.5 499.6 520.2 534.2 555.1 564 563.1 545.6 528.4 501.6 483.5 466.3 445.2 426 403.3 385.7 365.6 340.6 317.4 295.7 272.1 247.8 240.5 228.9 212.4 197.3 188.2 178.9 171.4 167.4 159.9 150.5 140.8 129.3 125.1 124.8 124 123.8 124.5 123.3 124.3 125.4 127.5 142.5 163.9 185.6 203 217.8 232.4 248.7 268.2 287.8 305.5 321 336.7 353.1 369 379.9 390.3 401.7 409.9 421.3 435.3 434.2 438 441.7 459.3 473 484.3 497.6 506.9
335.8 355.3 374.1 397.7 424.7 448.3 457.9 478.7 500 514.6 530.6 550.4 557.6 555 542.5 520.5 498.9 487.6 477.6 453.5 433.2 410 391.4 372.2 349.1 321.1 296.1 271.9 246.6 238 227.5 214.1 200.5 188.2 179.9 174.4 172 165 155.3 147.2 137.7 127.2 125.2 125.4 125.7 125.1 125.1 123.4 125.1 126.3 136.7 160.4 182 200.2 216.2 228.1 241.3 259.9 280.9 299.7 315 330.1 346.7 361.7 372.8 383.2 391.2 399.2 406.9 417.9 411 422.6 440.1 454.9 468.4 480.5 491.5 505.6
333.6 354.2 376.5 396.2 419.2 441.3 454.7 480.4 497.6 519 537.7 547.7 549.4 547.2 535.8 521 506.4 495.4 484.1 461.8 441.4 418.8 393.7 375.1 350.1 322.7 295.2 272 249.4 238 226.4 215.7 205.2 193.5 183.3 178.4 175.2 169.3 161.1 153.7 144.7 133.2 126.7 125.5 125.1 124.8 124.9 125 124.6 125.1 133.2 156.2 175.6 195.6 212.4 225.2 238.2 255.7 275.3 293.1 308.2 323.3 339.7 354.3 365.7 374.1 381.8 390.1 397.8 408.2 399.8 420.5 436.7 450.9 466 479.9 491.1 501.4
