Assets/StreamingAssets/GeoData/Data/nn/NN56.asc
ncols 200
nrows 200
xllcorner 250000
yllcorner 760000
cellsize 50
[rows 0 to 34 of 200, columns 79 to 157 of 200]
774.9 778.7 786.3 786.8 777.7 771 762.2 743 721.2 708.1 692.4 679.7 668.6 654 642.4 624.2 607.6 595.1 590.5 578.1 578.5 598.5 617.2 631.6 644.2 655.7 655.8 638.1 620.7 608.8 590.2 580.6 564.4 554 542.8 533.2 526.7 527.5 526.3 528.7 526.2 522.8 522.3 524.6 525.5 532.2 541.1 554.3 567.9 585.6 609.9 638.8 669.6 692.7 709 724.8 740.4 751 759.7 768.1 775.1 780.3 784.3 791.2 798.7 795.4 785.4 774.5 767.2 756 746.4 738.2 731.9 727.1 721.3 714.8 706.5 700.7 692.8
786 796.5 796.2 787 776.9 771 760.5 748.6 737.7 721.5 703.8 689.7 675.3 660.1 644.3 625.9 607.7 597.8 589.8 579.3 583.2 602.1 621.3 636.7 649.2 662.1 665.9 649.6 634.5 621 604.8 592.8 579.3 566.5 556.4 540.1 543.3 543.3 540.3 539 537.6 536.7 535.3 535.9 536.2 545.6 554.8 565.6 578.8 595 621.7 650.7 690.2 709.6 723.7 735.3 746.7 755.6 762.5 771.2 778 784 789.9 797.2 806.7 803 796 788.9 774.5 763.8 750.5 739.9 732.4 726.1 718.5 711 700.6 694.4 687.5
802.8 807.6 799.1 788.1 777.3 768.3 760.6 760.2 751.1 737.2 718.3 702.8 681.1 661.9 644.9 627.8 610.8 599.7 586.7 585 586.8 605.5 624.7 639.9 653 666.4 673.9 662.6 647 635.6 620.9 603.4 591.7 580.7 572.7 564 557.5 560 555.8 552.8 551.4 555.7 557.3 552.8 553.9 559.8 567.2 576.8 592.3 610.7 635.8 663.7 704.9 720.8 731.4 740 748.2 756.7 763.2 773.1 779.3 785.2 793.2 803.2 809.8 810.1 805.6 799.5 787.3 770.2 753.4 742 732.6 724.1 715.2 707.3 698.8 687.9 680.5
816.6 809.7 799.7 788.5 775 766.7 762.5 763.7 759.2 746.8 728.8 715.7 687.3 664.6 648.3 632.9 613.2 600.6 592.2 585 592.6 609.6 627.7 643.3 656.6 670.6 679 670.4 660.9 648 636.7 622 604.8 595 581.2 572.4 577.1 578.4 577.2 572.8 564.2 568.3 571.6 574.8 575.8 577.2 584.6 594.4 608.2 628.8 650.8 682.3 711.9 723.8 733.8 741 748.3 755.4 764.2 773.5 779.9 786.1 795.4 806.2 812.6 815.9 815.7 810 797 777.8 758.9 743.8 729.8 719.6 712.4 704.1 697 687 680.3
821.1 809.1 800.4 787.8 772.3 766.6 767 768.4 764.5 748.9 737.2 720.3 690.4 668.7 653 633.4 616.7 599.4 591.5 585.6 598.3 614.5 631.5 645.9 658.9 671.1 679.8 674 667.4 656.7 652.2 637.6 617.4 608.5 593.6 588.3 594.3 593.4 598.3 595.1 587.8 588 590.3 589.8 592.9 598.4 606.2 615.9 626.5 648 671 693.5 710.9 723.1 731.2 739.4 747.7 755.5 766.3 773.6 780.4 788.4 798.4 809.4 816.9 822.2 824 818.2 802.2 786 762.2 743 727.6 716.5 709.5 701.1 693.6 684.5 678.2
817.1 803.3 793.6 782.8 772.3 773.1 768.9 771 760.1 750.1 737.6 717.7 692.4 670.9 657.2 637.8 619.8 600.3 591.8 590 602.4 618.7 634.8 648.1 661.6 671.4 681.1 680.3 672.7 665 660.7 650.4 633.4 621.7 607 604.6 609.6 614.2 616.6 618.7 623.1 617.1 615 614.5 613.6 618.7 631.6 640.1 649.4 665.1 687.5 703.8 712.5 721.1 728.8 737.2 745.8 757 766.1 773.1 780.5 789.2 799.6 811.9 820.5 825.7 826.5 818.5 804.8 784.8 765.7 747.1 726.8 713.7 704.8 696.5 688.1 680.2 674.7
812.7 798.6 788.2 778.9 778.3 777.3 769.6 762.6 754.1 745.6 731.4 713 693.1 675.9 662.1 641.4 623.5 598.3 592.5 591 604.2 619.8 635.8 648.1 662.4 672.5 680.8 683.1 676.2 671.1 666.6 656.9 643.4 632.9 623.5 622.1 627.9 630.7 633.9 641.7 648.6 648.5 636.8 635.5 638.7 644.8 652.8 663.6 674.3 686.4 700.5 707 714.4 719.4 727 736.3 748.4 756.6 765.1 772.5 780.2 787.9 802.4 813.2 821.9 827.5 825.5 817.4 803.4 780.9 766.1 745.9 724.9 711.5 701.7 692.9 685.5 676.3 672.2
802.8 792.1 783.4 780.5 780.4 775.6 768.5 760.4 755.1 743.1 726.8 713.4 691.4 682.1 664.6 644.6 624.3 599.6 593.3 592 606.1 621.2 636.8 650 663 671.8 679.2 681.1 676.4 674.4 670.8 663.1 654 644.4 637.2 636.3 644 646.1 653.9 659 660.1 666.4 665.2 662.9 661 669.4 683.3 687 690.1 702.4 708.7 711.9 714.8 718.5 726.8 736.8 748.1 756.1 764.2 770.7 778.6 787.4 802.2 813.1 820.5 826.3 823.8 815.5 797.4 781 762.6 741.2 722.3 708 697.4 689.1 683.2 675.5 670.2
802 793.6 780.6 775.5 776 769.8 766 760.3 752.4 739 724.7 708.8 695.5 686.9 668.4 647.1 623.2 604.4 595 594 608.9 625.3 640 652.3 663.6 672.2 677.5 679.3 677.8 676.1 672.4 667.1 661.9 651.4 644.9 648.5 656.1 660.5 669.2 672.2 676 681.9 681.6 682.1 678.6 690.1 697.2 701.8 704.2 710.4 713.6 713.5 716 719.9 728.4 737.5 747.5 755.1 762 769.1 777.1 786.2 801.3 812.1 820.2 822.7 819.9 807 797.4 778.1 758.3 739.1 720.6 705 694.9 686.2 679 672.4 667.4
808.1 794.7 779.6 774 770.5 767.1 760.6 755.3 746.3 735.8 723.5 708.2 697.6 685.5 667.6 646.3 621.8 606.6 598.2 595.3 613.4 628.7 641.7 653.4 663.9 671 676 678.8 678.5 676.3 673.9 671.2 666.8 656.3 656.4 658.8 664.7 671.4 678 687.2 692.6 697.9 696.6 694.5 693.3 703.5 706.5 709.5 711.1 714 714.3 715.4 717.4 722.6 728.6 737 744.5 750.7 758.2 767.4 776.5 787.1 799.8 809.3 817.1 818.9 813 802.8 787.2 771.9 757.6 730.1 713 700.7 691.8 684.5 678.1 673 667.2
802.4 790 777 771.7 765.8 763.5 756.5 751.3 744.5 732 720.7 706.5 696.4 682.3 663.7 645 621.2 606.4 600.8 601.8 615.2 632.4 643.3 653.3 663.7 670.1 675.6 678.1 678.9 676.3 676 673.6 670.4 664.1 663.1 665.5 672.9 677.1 685.1 696.1 701.1 701.4 704.8 703.2 700.6 710.3 713.4 715 715.6 717.3 717.2 716.4 719.6 724.1 729.1 735.1 741.1 746.8 756.7 764.1 774 785.1 797.8 807 812.4 811.7 807.9 795 778.6 765.4 742.7 725.2 706.9 694.9 686.7 680.3 675.5 671.2 667.6
797.4 787.3 777.3 770.4 761 758 752 746.7 739.6 727.8 718.2 704.1 686.1 674.6 647.7 631.1 615.7 608.1 601.7 607.9 622.1 635.8 647.4 656.2 663.9 670.6 675.6 678.4 678.7 677.8 677.5 675.2 671.8 668.3 668.6 673.2 678 682.7 692 700.6 704 702.9 705.6 706.2 706.7 712.1 716.4 716.8 716.7 717.1 717 716.8 719.5 723.1 727.2 732.4 737.6 746 755.3 763.1 773.5 783.8 795.1 801.5 804.3 803 796.1 785.7 773.9 752.6 733.3 720.2 704.1 689.9 681.4 676.8 673.1 669.8 664.8
799.5 788.7 778.3 766.3 760.6 760.3 753.3 744.9 737.2 725.8 713.7 701.7 688 674.5 657.7 636.4 619.3 609.2 601.8 612.6 626.9 639.6 649.8 657.2 663.9 669.2 673.5 677.6 677.4 677.4 677.3 676.3 672.7 671.5 672.5 677.5 683 686.6 697.5 703.1 703.8 703.8 706 706.1 708.5 712.1 714.7 714.9 714.4 715.6 716.9 716.9 719.2 722.4 725.9 730.8 737.2 744.8 752.6 759.3 772 782.7 790.7 793.7 791.4 788.7 784.5 775.2 764 744.5 727.2 708.4 696 686.6 679.3 672.2 668.4 666.3 663.9
800.5 788.4 775 766.2 763.6 760.8 751.3 744.3 736.3 722.1 707.9 697.8 684.3 670 652.9 633.2 619.8 610 607 616.6 629.8 641.9 651 658.9 664.8 667.8 672.9 676.2 677.1 677 677.9 676.2 674.8 673.9 676.1 681 685 691.3 701.1 703.4 703.5 704.2 705 706.7 709.2 711.5 712.3 713 713.4 714.4 714.2 716.4 717.3 720.3 723.1 728.7 733.9 741.7 748.4 758.2 768.7 777.9 781.9 781.5 782.4 779.2 771 764.9 751.8 736.5 718.7 702 690.3 682.6 675.4 667.8 663.9 662.7 658.8
795 782.9 772.1 767.8 769.9 758.6 749.6 743.7 730.5 717.7 704.2 694 680.2 666.3 649.4 631.1 618 611.8 610.4 620.4 630.9 644.4 651.5 659.5 665.2 668.8 672.7 675 676.3 676.9 677.6 676.9 676.7 675.8 676.8 681.5 686.2 693.3 698.5 702.3 701.2 704.5 704.2 706.5 709 709.8 710.1 710.5 711.8 712.6 712.8 715.6 716.7 717.9 720.4 725.9 730.6 737.7 746 753.8 764 769.1 771.5 771.7 769 762.7 756.7 753.3 740.9 730.1 709.4 695.2 684.8 677.6 670.3 662.6 659.2 657.7 654.9
793.8 778.6 772.7 771.6 766.5 755.5 748.5 738.1 726.8 709 699.1 689 677.3 663 641 625.7 615.9 611.6 614 624.8 637.1 645.7 654.4 660.2 664.9 669.4 672.2 673.5 675.8 677.1 676.8 677.3 677.3 678.5 680.6 683.3 685.4 690 694.6 697.9 704.8 709.1 704.9 706.1 707.1 706.6 708.6 709.4 709.8 709.9 711.7 713.4 712.9 715.1 717.2 722.3 726.5 735.1 743.2 750 755.1 760.2 761.7 761.6 757.1 749.7 748.7 741.2 730 716.3 698.9 688.9 679.9 673.6 665.3 658.4 656.2 653.5 651.9
784.6 779.1 776.8 770.2 762.7 754.1 743.4 731.5 718.2 703.7 695 684.5 672.6 655.1 638 625.5 614.5 613.3 614.8 626.2 639.1 648.2 654.3 661.1 665.6 669.1 672.7 675.1 676.1 676.8 677.1 677.6 677.4 678.8 681.5 685.1 688.9 695.7 696.8 700.9 709.8 710.9 707.4 704.8 704 704.2 705.4 707.6 707.9 708.6 708.2 709.6 709.6 710.6 714 719.1 724.3 731 736.2 742.2 746.5 746.1 746.1 747.6 742 738 733.3 728.3 715.8 700.8 689.7 681 674.7 666.7 660.6 652.9 652.4 644.3 639
786.6 782.4 775.8 766.2 758.3 746.9 736.7 724.5 709.4 700.3 690.5 680.6 667 650.3 638 628.9 617.1 615.2 618.6 629.3 640.2 647.9 654.2 660.9 665.5 669.3 671.7 674 675 676.7 675.8 676.5 678.8 679.8 682.7 685.4 693.3 698.1 699.1 705.4 716.4 713.1 710.3 705.5 702.4 701.7 703.4 704.1 705.3 705.3 704.5 704.1 705.2 706.5 709.3 715.8 721.2 725.3 729.1 732.6 734.6 735.2 732.9 730.8 728.5 725.9 720.2 713.2 702.6 690.2 681.4 673.5 666.7 661.7 654.7 649.5 647.5 638.7 633.1
787 779.8 770.6 762 750.5 741.5 730.3 717.7 706.4 697.8 687.6 676.8 661.1 649.5 636.9 626.5 621.6 620.1 620.9 632.2 640.7 648.8 655.5 660.8 664.4 667 670.2 672.3 674.9 674.9 675.6 677.4 677.8 679.7 682.3 685.9 693.3 697.6 703.3 711.1 720.7 717.3 712.8 708.4 703 699.2 700.5 701.1 702.6 702.6 700.8 700.6 701 703.6 707.7 712.2 715.2 718.5 720.2 721.5 720.6 720.2 718.9 716.8 711.9 707.3 701.9 696.8 688.9 679.7 672.9 664.7 660.6 655.1 650.6 646 642 634.8 632.1
783.9 774.4 765.1 754.3 745 735.9 724.9 712.1 704.8 694.9 684.1 671.1 658.3 647.5 635.6 627.6 624.8 622.2 623.2 634.6 642.3 649.4 655.9 660.2 663.7 665.3 669.8 671 672.6 674 674.9 676.6 677.8 679.8 683.1 687.5 694.6 698.8 707.2 714.7 718.8 719.9 713.7 706.3 700.1 698.6 699.4 699.5 699.7 700.2 699.9 699.5 699.5 701.9 705.4 707.6 709.7 710.1 711 709.2 708.9 706.6 703.3 699.3 697.6 693 689 684 678 669.8 663.8 656.6 652.3 648.5 644 641.3 638.5 632 634.2
778.6 770.1 759.4 748.3 740.1 729.1 717 708.6 704.1 694.6 680.1 667.5 658.5 645.9 636.2 628.5 626.2 623.6 627.3 636.6 644 650 655.5 659.2 661.9 664 666.9 669.5 670.2 674 675.5 676.7 678.2 681.5 684.6 690.6 696.1 704.2 712.9 717.7 719.9 719 710.3 706.7 699.2 698.2 699.2 699.2 699.7 701.8 700.8 698.4 699.2 700.4 701.3 703.7 703.6 703.4 702.8 701.4 697.8 694.3 690.3 687.8 683.8 680 676 674 667.5 661.4 654.5 650.1 643.9 642.4 639.4 637.2 633.6 629.8 625.8
770 761.7 751.8 742.6 730.9 720.1 710.1 708.1 701.4 689.8 676.3 665.1 657.1 646.4 635.4 628.3 626.3 623.9 628.8 637.4 644.6 649.9 655 657.6 660.9 664.1 665.6 667.7 670.1 673.4 675.1 677.1 678.4 682.4 686.1 692 696.7 703.3 714.1 718.3 719.9 714.5 708.4 702.2 700.8 698.2 699.2 699.2 699.2 699.2 699.2 698.6 698.7 698.1 698.8 700.8 700.3 698.9 697.1 694.6 691.1 687 681.8 677.6 673.4 671.5 667.4 663.4 658.3 653.1 649.3 645.4 641.8 640.4 637.8 634.9 632.1 628.6 629.1
761.5 754.4 743.8 733.1 721.6 711.1 708 704.7 697.2 685 675.2 665.9 654.6 646.4 636.2 627.6 624.4 624.7 630.7 638.5 644.6 649.6 653.2 655.1 659.1 662 664.9 666 669.2 672.3 674 676.1 680.6 683.7 689.2 693.3 698.3 706.8 715.2 718.2 721.7 715.7 708.6 704.4 702.9 698.5 698.8 699.2 699 699.2 699.6 700.8 702.8 702.5 700 697.5 698.5 696.7 689.9 686.9 681.8 679 674.4 671.8 667.5 663.8 660.4 656.4 653 650.2 646.5 643.7 640.7 639.7 637 633.3 629.1 622.4 632.4
755.3 745.9 735.4 725.3 714.7 706.6 703.7 697.9 687.9 680.1 673.2 668 654.3 645.7 638.8 626.1 621.7 624.9 631.9 638.5 643.7 647.4 650.1 653.8 657.8 660.2 662.9 663.8 669 671.4 673.3 676.3 681.6 686 690.5 695.3 700.6 711.8 718.7 724 724.3 721.2 715.6 710.3 705.3 703.9 701.3 700.2 703.7 704.8 704.8 708.8 707.7 705.3 702.2 701 699.2 697.9 695.7 693.8 689.8 684.6 679.3 673 665.1 658.4 652.4 648 649.3 647.4 644.7 641.9 640.8 638.1 636.1 631.2 624 620.9 638.7
747.2 737.6 727.2 717.2 710.2 704.7 698.2 689.7 683.2 678.3 671.5 660.7 650.8 641.8 632.2 623.9 620.4 625.4 631.6 637.1 641.1 644.2 647.3 651.5 655.9 658.1 661.1 662.8 667.6 669.9 672.8 677.2 681.1 688 692.3 699.2 705.3 714.7 721.8 730 729.3 724.4 720.4 716.2 710.2 706.4 704.2 706.4 711.9 712.4 713.2 714.6 711.5 710.8 705.6 704.8 701.9 700.8 698.1 696.8 693.2 688.2 684.3 677 669.8 661.6 657.4 654.3 646.9 637.5 641.2 639.8 638.7 636.7 627 623 618.3 624.9 642.8
739.4 729.2 719.5 713.9 706.6 698.5 693.7 688.4 681.2 676.4 664.3 657.4 645.6 633.9 625.3 619.3 619.8 624.5 629.3 633.9 637.3 641.5 645.6 648.9 653.5 655.5 656 662.4 666 669.2 672.2 676.7 681.7 689.1 694.9 702.1 709.7 719.2 727.3 733 731.6 727.8 723.1 718 711.4 711 709.5 713.4 716.9 717.5 717.5 717.8 718.8 718.9 714 709.3 706.3 704.2 701.8 700.9 695.6 690.8 684.9 677.9 668.7 661.3 658.8 655.5 648.1 641 634 635.7 636.2 634.4 621 615.9 619.2 635.5 644.8
731.1 722.6 714.5 709.7 703.6 696.3 691 683 676.4 669.4 660 652.5 643.6 630.9 620.4 617.7 617.7 622.6 626.2 630.4 634.4 639.5 642.4 646.9 649.7 647.9 656.7 660.6 664.1 667.6 671.2 677.1 681.7 690.8 698.8 705.7 712.6 724.1 735.4 737.5 732.8 729.2 724.8 721.2 717.9 716.8 714.6 717.1 719.6 722.8 726 728.8 731.8 729.2 724.2 719.3 714.4 710.9 707.4 704.5 700.1 694.4 686.9 680.5 672 666 662.8 656.4 649.1 640.2 635.8 626.7 632.4 631.7 617.9 613 626.3 636.5 644.6
723.8 717.5 713.7 707 700.5 694.3 687.6 681.8 674.2 666.3 657.9 648.5 640.1 627.5 619.8 616.5 615.8 618.1 622.3 625.1 630.4 634 639 642.8 642 649.7 654.6 658.8 662.3 665 670.4 676.3 684.6 693.2 702.1 708.1 716.8 730.6 738.8 737.6 734.7 728.7 726.2 722.3 720.3 721 719 718.6 724.7 728.1 731.1 739.5 742.3 736.5 734 727.9 720.8 720.4 717.2 714.9 711.7 705.8 701.1 687.7 678.6 669.7 662.8 654.6 647.7 639.8 634.4 627.2 625.5 630.4 621.4 610.8 621.3 634 646.9
718.9 715.3 709.5 703.2 697.8 691.3 683.2 677.8 670.3 662.2 653.9 642.9 633.1 623.4 618.2 615.3 613.2 615.4 618.1 619.4 625.1 629.3 633.5 637.4 642.5 647.7 652.4 656.4 659.7 663.6 670.1 676.5 686.2 694.7 702.7 709.2 721.2 728.9 730.6 729.1 727.3 723.8 720.2 718.5 722.5 721 719.4 718.6 724.5 728.6 734.5 740.2 741.9 742.2 738.7 733.6 728.7 735.4 732.4 726 735.3 728.5 713.3 699.7 688.1 674.6 661.8 654 645.6 637.5 632 628.4 614 627.7 626.5 607.9 622.1 634.8 645.9
715.4 711.7 706.1 698.8 692.4 685.9 679.2 672.3 664 654.7 650.6 640.1 629 620 617.3 613.3 611.3 613.8 614.6 614.9 619.2 624.1 629.4 633.9 639.9 644.5 649.1 652.9 657.2 662.6 668 674.7 684.8 694.2 700.8 707.8 716.4 719.2 720.3 719.7 718.3 716.4 713.6 713.6 715.6 715 713.8 718.6 722.2 727.2 732.4 736.5 739.5 743.6 741 737.4 733.1 739.1 736.8 740.8 741.1 733.3 719.4 706.9 694.4 676.8 664.3 652.7 642.2 634.6 630.3 626.8 616.5 617.2 620.2 606 625.6 633.5 643.3
710.2 705.5 699.4 693.4 689 681.6 674.3 668.1 658.9 649.6 641.5 635.4 628.3 619.4 614.4 612.2 610.8 610.1 610.7 611.7 616.3 619.9 626.5 630.8 634.7 640.4 644.5 650.7 655.4 661.3 666 674.4 681.4 689.4 695.1 700.7 705.8 708.8 711.3 710 709 708.1 707.2 706.9 706 706.1 710.2 714.5 718.3 719.1 724.9 730.8 737 737.7 735.5 736 735.6 733.2 736.3 739 734.6 727.9 719.9 708.5 692.1 672.3 661.6 650.3 640 633.2 626.5 621.8 612.9 605 603.5 606.9 623.9 631.1 642.9
704.9 697.8 692.9 688.2 683.2 677.3 670.3 664.4 656 648.1 639.5 632 627.4 622.7 614.4 610.2 609 608.8 609.4 610.4 613.7 617 621.9 626.1 630.7 635.6 641.7 647.7 652.6 657.3 663.9 671.5 677.2 683.2 688.5 692.6 696.6 698.9 700 700.8 701.6 700.2 700.4 699 697.4 699.1 703.7 707.6 711.3 714.1 717.8 722.5 727.9 728.7 728.1 729.3 732.2 727.8 728.8 727.9 721 721.5 713.4 702.2 687.7 670.2 657.6 645 635.9 629.5 624.3 618.5 612.2 602.9 601.4 612.7 622.3 629.1 639.3
696.3 690.8 689.5 684.2 678.2 673.7 667 661.5 653.9 646.8 637.1 631.6 626.9 621 616.2 615.8 614.4 607.3 608.8 609.4 610.6 613.4 617.7 621.7 626.3 632.5 637.8 643.1 649.3 654.5 661.9 668.4 673.8 678.4 681.8 685.4 688 688.9 689.5 690.4 691.1 691 690.1 689.4 689 692.1 694.3 698.4 701.2 704.5 707.8 712.6 714.5 716.7 720 720.3 722.6 719.7 721.5 716.5 717.9 718 709.6 694.2 674.7 663.1 649.1 640.2 630.9 626 622.2 616.1 611.2 602.7 598.4 614.1 618.8 625.6 637.1
690.3 684.7 682.3 679.7 675.2 668.9 664.9 659.9 654.6 644.4 637.6 634.1 628 620.6 616.2 616.5 613.2 607.2 606.6 608.1 608.5 610.6 613.5 618 624.1 629.4 633.7 640.1 646.1 651.4 657.3 664.3 667.9 672.4 675.2 678 680.1 680.8 682.2 682.7 681.6 681.3 680.8 680.6 681.6 683.3 684.6 688.4 690.4 692.6 695.4 701.9 701.5 701.9 704.1 704.8 705.4 704.6 702.9 706.8 706.9 708.6 696.1 678.6 664.4 651.9 642.1 632.6 624.9 621.3 617 611.5 607.3 602.1 594.6 611.3 616.2 621.7 631.3
685.1 681.5 677.6 674.2 669.8 667.5 662.2 657.2 649.5 642.9 637.6 631.6 624.3 620.7 615 612.7 610.1 607.1 606.3 607.4 607.9 608.6 611.5 616.8 621.8 626.5 630.4 635.5 641.2 646.7 653.8 659.2 661.9 666.1 667.8 670.5 671.8 671.8 673.9 673.9 673.8 672.9 672.7 672.4 672.7 674.8 675.4 677.5 678.8 681.3 684.7 685.4 684.4 686.1 688.7 692.1 693.4 688.9 682.5 685.8 689.1 686.3 670.5 660.2 652.4 644.7 636.4 628 621.8 616.3 611.6 607.8 605.2 601 593.4 603.1 612.1 618.7 626.7
