Assets/StreamingAssets/GeoData/Data/nn/NN61.asc
ncols 200
nrows 200
xllcorner 260000
yllcorner 710000
cellsize 50
[rows 0 to 34 of 200, columns 78 to 155 of 200]
558.3 571.1 584.2 597.1 609.8 629.3 642 655.8 668.8 677.7 684.5 686.5 689.4 691.8 696.3 687.4 676.8 675.3 666.1 644.6 617.7 593.5 578.3 568 564.3 556.4 552.6 553.3 553.5 554.7 556.8 563.7 572 584.1 594.6 607.2 616.8 617.1 611 585.3 538.3 502.2 471.1 443.3 427 413.8 396.4 379.6 371.1 365.3 364.9 366.4 364.2 367.5 367.2 359.4 351.6 338.3 326 319.5 315.8 312.9 309.3 306.5 305.8 306.1 317.6 328.2 329.6 329.4 331.4 333.1 337.2 340.7 346.3 345.5 351.9 356.4
566.2 578.8 592 605.4 620.3 639.9 654.7 668.3 685.7 697.1 703.3 713.5 708.5 704.6 702.5 695.2 681.6 675.8 665.4 640.3 610.4 591.9 582.4 572.7 568.1 561.7 561.6 560.3 563.2 565.3 567.9 573.9 583.9 599.2 611.3 623.1 632.9 629.7 608.7 576.8 534.3 499.3 471.9 444.5 427.4 410.5 399.5 388.5 379.5 375.8 378.6 378.4 375.8 379.5 378.3 367 360.2 350.3 338.5 328.8 321.2 315.9 308.3 302.8 302.3 302.5 313.6 321 321 322.5 324.8 329.5 334.5 340.3 346.7 343.1 350.6 358.2
573.4 584.3 597.1 612.7 630.7 647.6 662.5 679.6 701.3 711.8 720.8 731.2 717.1 708.3 703.5 691.3 676 666.4 657.2 633.1 604.8 591.5 584.9 577 572.5 564.5 569.3 566.1 570.4 574.2 577.3 581.7 591.7 609.5 622.9 634.2 642.1 629.3 589 560.3 522.9 486.2 466 450.4 434.6 422.9 410.4 397.9 395.3 392.6 394.9 391.8 389.3 390.8 387.4 378.4 372.2 363.6 352.9 345.3 339.2 332.6 322.3 313.7 303.7 300.5 310.8 314.3 315.4 315.6 319.1 324.3 332 338.7 334.5 346.4 357 365
578 589.3 601.2 616.4 635.3 654.9 673.5 689.2 702.7 711.2 729.3 734 716.1 702.1 704.4 688.5 663.5 650.4 637.5 619.7 603.5 594.5 589.2 582.6 575.8 573.1 575.1 568.3 578 583 586.3 590 599.4 614 627.3 635.8 634.3 614.9 575.4 544.3 509.6 483.7 472.4 461.4 447.7 434.6 423.4 418.3 414.6 409.2 409.7 405.7 402.8 402.9 400.6 395.5 387.6 380.9 369.2 360.4 354.6 346.1 332.4 312.2 301.1 299.5 306.8 308.8 310.1 310 315.6 321.6 329.5 331.2 342.6 351.9 361.4 371.6
581.5 592.8 604.5 619.8 639.5 663.2 679.4 694.2 702.6 705.3 715 720.3 702 689.6 685.2 668.5 652.9 637.7 624.1 613.2 604.1 597.7 591.1 583 579.3 578.6 579.4 573.3 585.1 590.6 594.2 598 606.7 618.1 630.3 629.9 619.2 596.5 562.9 539.7 517.3 492.9 486.3 475.5 457.4 446.5 441.8 436.6 430.6 425.4 424 419.6 418.1 418.4 414.2 413.3 403.3 394.2 384.6 377.8 372.5 360.4 342.4 313.3 299.7 298.2 303 307.2 303.1 308.9 315.1 318.5 327.9 338.1 348.9 357.8 367.7 378
585.3 596.3 607.9 623.8 645 663.9 676.6 690.2 700.2 697.9 696.2 692.1 684.9 676.8 667.9 652 640.8 624.4 613.5 608.9 602.5 596.4 589.3 581.5 582.9 581.9 583.1 579.9 589.5 595.7 600 605.2 611.7 621.8 631.7 628.1 615.6 594.1 574.3 557.4 526.7 503.6 492.5 479.7 468.6 462.9 457.4 452.3 446.5 442.2 440 435.5 434.1 432.6 429.9 424.8 418.4 408.9 401.3 396.6 392.1 378.2 353.1 320.5 298.3 299.9 301.4 300.3 305.2 311.9 316.7 321.4 331.6 344.4 353 361.9 373.4 384.6
588.4 599.8 609.9 625.4 643.9 661.7 670.8 683.4 694.9 696.1 692.5 683 671.2 661.6 646.8 636 625.4 617.4 612.6 607.3 601.5 594.9 589.9 586.6 585.5 585.2 587.7 583.7 593.5 600 605.5 610.7 617.3 626.3 635.9 638.3 628.9 610 582.8 555.9 528.8 510.4 499.4 489.9 482.8 477.1 473.2 469.4 462.7 458.2 455.6 452.8 450.9 449 446.2 440 436.4 429.5 420.8 414.1 406.9 390.8 365.6 332.4 299.6 297.8 298 301 309 314.7 315.9 319.4 329.4 342 356.1 368.1 380.7 391
591.6 602.2 611.7 625.8 641.7 655.2 664.9 676.4 688.8 697.3 690.2 680.7 667.5 657.3 646.4 636.6 628.6 624.9 621.1 612.8 605 598.2 592.4 589.5 589.3 589.1 591.6 586.9 596.8 604 609.3 615.8 623.2 632 640.5 647.8 640.5 623.3 581.7 554 540.2 524.6 511.1 502.5 496.1 489.9 486.8 482.2 476.7 474.3 471.7 469.1 466.9 464.5 464.1 462.3 459.2 454.8 445.1 436.8 427.7 408.3 379.4 342.7 307 296 300.5 311.2 313.5 314.8 313.7 316.3 327.3 344.6 361.5 375.7 386.6 400.4
593.4 603.7 614.4 627 639.5 652.1 661.6 670.6 682.8 687.5 687.4 676.8 667.6 659.5 651.1 641.9 634.5 633.7 626.7 614.8 606.5 601 596.5 595.1 594.4 594.2 595.1 591.7 600.2 608.4 613.8 620.4 628 635.6 643.3 650.2 641.4 618.4 586.3 569.4 554.3 536.9 523.6 515.1 508.5 503 499.3 494.8 494 490.4 486.3 485.8 485.5 484.2 484.1 486.2 484.5 476.7 467.3 454.5 444.2 418.7 379.5 340.5 306.8 294.9 304 312.5 314.3 312.4 309.4 314.6 328.7 346.7 363.8 379.1 393.3 407.5
595.9 607.1 617.4 629.1 640.9 652.4 661.8 668.3 679 686.1 686.2 676.9 666.4 658.3 651 646 639.5 636.3 630.5 619.6 610 603.8 601.8 600.4 599.1 598.8 598.6 597.4 604.5 612.4 618.1 624.6 632.1 639.2 644.3 646.5 632.6 610.2 592.5 576.4 564.7 550.7 535.1 526.6 519.6 516.2 514.1 511.4 508.6 505.1 503 504.5 505.7 505.6 508 508.5 503.6 489.2 469 448 432.2 397.8 362.1 331.6 303.3 295.2 304.8 311.4 313.4 307 303.8 316.3 333.3 352.1 368.6 385 399.6 415.8
599.8 610.6 620.7 631.4 642.3 651.8 661.7 666.6 673.4 678.8 678.1 672.1 662.2 657.3 654.8 649.4 642.7 637.5 632.4 623.5 615.4 609 606.2 604.1 602.3 602 601.7 601.8 609.9 616.1 622.8 629.1 634.7 644.7 655.4 655.4 636.7 623.7 604.9 590.4 581.5 566.8 551.7 539.9 532.4 530.6 529.5 524.9 521.2 519 519 521.3 526.8 532.9 534.8 537.6 513.9 474.9 454.9 427.1 407.7 377.7 348.2 321.8 296.7 296.3 302.2 308.7 310.4 301.9 304.3 321.2 339.9 358.6 376.1 392.1 407.5 426.3
603 615.9 624.1 634.5 646.1 653.6 660 665.6 669.6 671.5 671 666.9 661 656.1 655.3 650.7 645.6 641.2 635.8 627.7 619.5 613.7 610.3 610.3 609 607.5 608 607.1 613.6 620.2 627.5 633.9 641.3 655.6 665.2 669 662.5 637 624 609.2 596.7 586.8 567 553.3 547.7 543.5 541.6 540.7 537 534.7 534.6 540.2 553.1 563.5 564.5 557.2 531.2 472.4 435.8 410.7 389.2 362.1 335.2 313.1 297 293.4 297.6 304.7 304.8 299 308.6 328.6 347.4 364.7 383.3 401.2 416.9 436.3
606.6 618.5 627.4 637.2 649.4 657.3 661.2 665.3 668.8 671.3 672.4 670 663.8 658 655.8 653.5 652.2 646.8 641.5 632.9 625.2 619.3 616.8 618.3 617.2 613.6 613.1 611.3 617.3 624.7 631.7 639.3 648.1 659.4 671.1 683.9 680.9 665 647.9 627.6 614.6 602.6 582.7 568.2 565.4 559.3 557.1 557.5 551.9 551.4 551.4 559.1 580.1 587.8 584.6 562.6 535.9 482.7 433.3 399.1 369.7 346.9 324.5 309.4 299.5 291.8 292.8 299.6 299.6 300.2 315.7 336.1 354.6 374.5 392.7 411.2 429 448.2
611.5 622.7 632.5 642 651.3 659.3 664.5 668 673.2 674.8 675 672.9 668.3 660.3 659.4 661 659.3 650.4 644.4 640 634.4 629.2 628.1 629.1 624.8 621.4 620.7 617.4 619.9 628.7 635.4 643 652.5 664.8 680.7 694.1 699.1 691.9 677.1 648.1 634.7 618.2 598.5 586.1 583.7 576.3 570.8 568.2 566.2 565.7 568 578.1 597.9 607 592.4 557.4 531.6 491 439.6 397 366.1 343.3 322.8 312.4 301.5 292.6 291.3 293.3 296.6 300.5 321.2 342.5 364.2 387 404.8 424.5 442.5 465.8
619.6 632.6 640.3 652.2 658.1 662.4 666.5 672.4 678.7 681.1 678.6 677.2 674.7 669.1 666.8 666.2 664.1 656.3 654.7 652.5 646.2 642.6 641.3 639.6 636.4 635.3 630.3 625 624.1 632.3 639 646.5 656.3 670.8 690.2 705 713.4 707.7 696.4 664.8 647 635.5 613.4 601.4 598.1 590.3 582.8 579.2 579.1 580.4 585.3 599.1 612.7 620.6 591.3 549.8 527.5 487.3 444.5 405.4 374.3 348.8 328.3 318.8 303.7 292.4 291.3 289.8 294.4 301.2 322.7 345.2 370.8 394.5 413.6 434.4 454.5 476.9
620.9 637.7 647.8 660.5 671.7 676 676.3 679.6 684.2 688.3 686.5 684.1 682.3 681.2 674.7 671.4 670 666.5 665.8 663.8 659.8 659.9 655.7 651.7 650 646.8 640.9 633.2 629.4 635.5 642.4 648.8 657.9 675.7 693.4 712.1 722.6 720.9 710.9 679.7 657.3 639.9 627.8 618.4 611.6 603.6 596.9 594.2 592.2 595.5 603.8 619.5 625.3 613.7 585.2 542.3 523.7 491.3 448.2 416 384.8 360.4 343.2 322.9 304.1 292.8 290.3 290.7 290.7 298.5 319.4 345.2 371.5 396.2 420.4 445.5 460.8 475.4
623.6 638.7 652.3 669.4 680.3 684.4 690.1 700.4 697.8 701.9 699.5 691 685.3 680.2 674.7 673.7 675.2 682.3 682.5 679.3 680.2 683.5 671.4 663.1 662.1 660.5 657.3 642.6 634.1 638.5 645.4 649.6 658.2 672.7 690.9 710.7 724.1 732.2 727 705.2 684.4 654.3 640.4 632.7 624.7 617 614.5 613.6 609.4 610.8 621.6 633.7 620 601.2 570.1 535.2 514.9 488 450.2 421.5 396.2 376.7 358.3 335.3 312.5 295.2 290.4 290.1 290.3 294.6 317.8 341.7 366.2 393.7 419.4 441.1 450.6 461.3
622.5 635.8 649.8 673 688.3 683 692.4 709.9 710.8 712.5 711.6 702.5 690.8 681.6 676.2 676.2 682.1 692.8 692.3 692.2 691.5 692.4 683.4 675.6 677.3 674.3 664 650 640.5 640.4 646.8 650.7 657.7 670.8 685.6 702.6 720.7 735.7 736.3 727.9 705.5 674 656.3 646.7 639.8 634.2 637.5 640.7 631.9 627 634.3 635.3 607.5 586.2 556.8 529.7 506 486.4 459.6 432.6 410.2 394.3 373.2 351.4 325.2 298.4 290.6 289.5 289.4 292.5 314.5 338.3 362.4 390.2 411.3 427 434.9 440
619.5 632.8 647.7 666 680.8 677.9 680.8 693.7 700.7 711.3 712.5 703.2 691.2 680.7 679.3 681.8 685 692.8 697.5 698.3 699.5 698.8 693.2 690.1 696.3 684.8 668.4 656.5 647.4 645.1 648.2 651.9 658.2 668.7 683.6 699.5 716 730.7 731.1 733.4 724.2 699.4 685.5 672.3 663.6 662.3 663.1 659.8 653.1 634.8 626.6 619.2 594.2 575.8 550.6 524.7 504.7 490 470 444.6 429.3 419.6 390.6 362.7 336.1 304.7 292.7 289.2 289 291.5 309.2 333.9 358.2 380.9 392.9 399 409.7 420.4
620.7 636.1 650.6 672.7 681.8 668.1 669.6 673.9 682.4 707.4 705 697.4 682.6 676.1 682 686.7 690.2 693.5 700.3 702.7 706.3 706.8 698.7 703.8 711.6 696.2 671.6 663.6 655 651.2 652.3 654.9 658.9 666.9 679.6 694.2 712.2 715.6 719.4 722.3 726.1 728.9 719.9 705 693.8 691.1 691.3 676.2 654.9 638.4 628.5 603 582 568.6 543.8 520.6 506.2 490.7 473.1 452.5 445.8 432.1 398 365.1 335.9 311.3 297.2 293.5 288.4 288.1 297.2 322.5 349.5 357.8 360.2 369.2 388.3 407.1
619.2 634.9 656.4 676.8 677.7 656.8 653.4 654.9 678 701.2 697.5 686 675.9 670.9 681.6 689 694.2 701.6 705.3 709.8 714.5 711.8 707.9 711.1 714.5 698.5 679.5 669.2 663.5 658 657.7 658.9 661 666.3 675.5 686.4 699.9 701.5 703.7 717.4 722.3 736.5 736.6 723.5 710.3 700.8 690.2 674.9 651.2 641.7 633.3 606.6 586.2 555.1 534.7 519.3 506.7 487.6 468.5 455.5 446.5 423.4 386.9 359.6 335.2 320.1 308.5 304 290.3 288.5 288.2 312.2 321.8 326.9 336.6 352.9 371.1 391.4
625.7 641.5 651.4 664.8 667.6 646.4 637 639.5 666.5 689.6 687.2 670.7 665.3 662.3 676 686.4 690.5 704.9 715.8 722.4 725.7 719.3 719.6 723 719 705.8 690 676.3 671.4 667.3 665.7 666.8 667.7 668.6 674.1 679.8 690 689.8 694.6 704.7 708.2 722 729.4 721.9 708.8 700.7 687.5 666.5 648.5 643 628.6 601.3 586.2 552.5 532 516.3 500.5 476.5 456.1 443.9 429.5 404.1 374 354.2 335.7 322.9 312.3 307.2 296 290.5 288.1 292.5 302.7 311 325.1 342 360.5 375.7
639.3 650.4 657.6 650.2 640.6 624.1 624.6 628.5 654.3 674 670.2 656 652.8 655 667.6 678.5 690.3 708.8 719.2 724.6 727 728.7 737.9 747.7 743.7 729.3 712.8 693.2 684.5 677.9 675.2 675.9 677.5 676.1 675.2 676.7 679.2 680.6 679.2 684.9 693.5 709.6 721.4 722.3 706.9 699.1 682.8 664.2 646.9 639.3 624.3 596.8 583.8 556.6 536.4 517.3 499.1 470.5 433.2 418.3 410.4 385.7 364 348.8 330.6 317.3 308.6 300.9 295 291.4 288.7 286.2 297.6 303 315.8 331.5 345.5 374.5
628.6 645.6 652 636.1 618.8 605.1 603.3 621.3 634.5 647.8 649.4 644 643.3 650.8 658.8 671.1 690.7 711.9 720 723.5 728.4 740.1 756.1 772.2 762.1 745 726.6 713.4 703.1 693.9 687.6 685.8 687.5 685.4 683.2 679.9 680.3 678.8 677 676 676.7 694.8 708.8 720.8 708 692.8 676 657.8 642.7 634.6 612.2 591.5 579.8 563.7 542.9 525.1 504.6 474.6 456.4 419.3 383.8 380.3 367.1 356.4 343.7 331.2 316.5 305.8 296.8 291.4 288.6 286.6 287.7 296.6 307.2 319 337.8 365.4
613.7 632.5 641.7 638.5 596.8 587.5 591.7 608.5 611.2 623.6 630.9 631.4 637.3 647.9 658.7 671.1 692.1 712.5 720.8 727.5 739.7 754.8 778.5 793.2 784.4 761 746.2 736 720.3 708.7 703.9 699.1 698.1 697 694.4 694 691 679.9 671.5 660.2 655.5 666.5 686.5 706.4 706.4 681.9 672 660.3 645.5 627.7 611.3 590.3 581.4 566.2 548.6 528.3 510.6 503.3 472.1 446.4 411.2 401.1 387.9 372.8 358.2 341.1 326.5 312.5 301 291.6 286.7 286.3 286.1 291.6 299.3 309 328.7 351.4
608.5 621 625.9 616.1 596.8 566.8 584.1 594.6 598.6 599.5 612.5 620 632.5 646.3 659.1 671.7 692 709.3 721.6 735.5 749.9 773.4 796.4 804.4 801.4 787.3 769.9 762.7 741.6 725.6 723.4 717.6 710.9 710.6 705.4 697.3 683.7 668.5 653.4 633.7 630.4 640.4 659.5 686 692.5 672.5 669.1 663.1 645.7 626.3 611.8 593.3 581.9 568.5 555.5 543.8 533.3 516.8 491.6 465.7 431.5 423.3 407.5 395.4 380.7 354.5 339.4 324.6 309.4 297.3 286.7 285.9 285.6 294.1 295.9 302.3 317.2 339.1
602.3 612.6 608.6 599.5 591.8 558.5 577.8 584.2 590.7 590.2 599.7 616 632.6 647.2 661.5 677.4 691.8 709.8 728.3 742.1 755.2 780.5 798.1 806.7 802.3 795.2 773.8 779.5 766 743.3 733.2 731.8 717.9 706.1 695.9 671.5 653.2 636.2 636.6 614.3 607.5 619.4 640.1 663.4 673.8 665.9 672.1 663.5 643.3 626.8 613.3 600.4 588 579 566.6 552.9 541.5 527.9 507.5 485.3 467.6 451.6 426.6 408.7 393.2 371.1 356.1 340.3 323 307.6 291.7 285.8 285.1 288.6 294.8 300.3 313.6 337
585.7 595.9 594.2 585.5 578.6 556.1 559.1 564 582.9 591.2 592.8 616.9 631.8 653.2 670.8 688.8 703.4 719 732.7 747.4 762.3 769.4 782.2 793.4 794 788.3 772 776.3 774.1 756.1 740.8 732 704.6 678.2 659.1 636.9 618.8 605.7 605.3 593.8 595.9 607 625.6 644.6 656 662.6 671.8 665.2 645.8 629.3 617.9 604.7 595.1 586.9 573.5 562 554.2 539.2 527.4 521.3 515 481 450.9 424.3 407.6 389.7 373.6 357.7 339.6 321.3 302.4 288.4 284 287.1 296.2 295.8 308.8 325.8
566.2 576.4 580.4 574 565.1 552 535.9 558.5 573.9 574.2 591.1 610.4 638.3 664.3 682.5 701.2 715.2 725.3 733.5 755.6 767.1 771.1 775.5 771.9 778.8 781 771.6 762.3 769.4 757.6 738.8 721.5 681.6 644.6 629.9 611.3 596.6 585.2 578.2 580.2 587.4 601.8 615.9 632.5 647.7 661 668.4 659.5 644.8 634.7 624.7 612.6 602.5 593.4 581.7 573.7 566.5 553.2 542.9 541.7 528 502.8 473.6 446.6 426.2 410.8 397.6 381.1 357.8 336.9 315 292.4 287.4 284.2 282.7 291.8 302.5 323.4
561.6 553.6 565.1 570.1 560.4 545.1 520.1 544.8 553.1 569.8 587.5 616.3 640.7 664 685.3 703.9 717.8 719.4 736.4 754.8 761.7 766.3 769.2 770.1 770.4 765.8 760.5 760.5 757.5 752.1 730.2 698.9 659.8 621.8 608.4 593.2 582.7 573.8 568.9 570 575.9 588.2 609.4 627.5 640.2 662.8 674.6 661.8 649.8 645.2 635.6 619.9 609.4 601.3 593 584.8 575.7 563.3 555.6 556.5 546.3 521.5 495.1 471.2 453.4 436.9 420 403.8 377 353.6 325.8 298 288.7 284.2 283.7 287.5 299.3 317.6
572.1 550.3 540.2 551.5 545.2 529 514.3 523.8 545.4 567.7 591 613.8 631.7 652.6 679.5 695.4 711.1 714.1 734.3 745.9 750.6 749.1 752.6 753.7 757.7 756.2 754.3 760.6 758.7 752.7 728.7 688.2 645.6 612.9 592.5 579 571.1 568.5 564.7 566.3 571.2 584.9 603.5 619.5 637.1 669.8 690.3 680.3 670.1 659.8 648.3 631.8 623.2 615.2 607 595.6 587.1 574.9 567.9 571.4 563.5 540.5 519.1 497.8 478.3 454.2 428.8 413.8 388.8 369.7 338.2 302.7 287.3 283.5 281.9 285.7 296.7 307.9
578.8 554.8 540.4 521.7 516.4 511.5 512.4 524.8 543.2 562.2 583.2 602.1 615.9 634.7 656.7 673.9 689.3 709.2 728.9 738.6 740.1 737.1 731.1 733.1 738.3 740.3 743.2 752.5 751.8 744.6 720 684.8 639.8 608.4 587.1 573 566 564 563 564.7 568.8 581.5 597.9 608.9 631 665.8 689.8 698.5 688.4 674.9 659.9 647 637.8 626.7 618.9 607.1 597.7 587.3 579.1 584 577 557.4 535.4 509.7 481.7 452.3 425.1 397.6 395.1 375.2 337 306.2 289.7 283.9 284.3 298.3 297.2 303
581.3 557.1 539.1 520.9 510.1 508.3 508.7 521.7 539.8 558.1 578 591.7 604.7 618.1 633.5 654.2 678.2 705.8 728.2 732.1 731.3 725.2 719.5 723.9 721.9 722.4 728.5 738.9 744.3 727.7 698.1 667.5 626.9 600.7 578.9 568.4 563.7 560.9 560.9 562.7 568.8 580.8 591.5 603.2 626 651.5 676.9 693.6 697.9 689.3 674.1 660 650.3 641.3 630.7 620 608.6 599.5 590.4 592.4 575.6 547.5 523.3 494 464.6 438.7 414.5 386.4 373.3 356.5 330.3 307.2 286.7 282.2 289.2 304.5 301.9 306.2
580.9 556.2 532.5 513.5 507 506.3 506.4 516.2 535.6 554.3 570.5 583.5 596.3 609.4 628.2 652.7 682.9 712.2 727.9 725.1 724.5 717.5 713.9 712 710 715 720.7 728 733.9 713.2 678.6 650.3 620.4 593.6 574.9 564.9 560.1 556.5 557.1 561.1 568 579.6 590.6 601.4 617.8 638.6 662.4 681.1 691.2 692.5 686.6 676.3 665.1 653.3 643 632 620.5 611.3 600.6 584.8 556.2 522.3 492.3 466.1 439.7 416.5 394.4 388.7 355.6 344.3 321 305.7 292.4 282.1 289.9 299.8 308.7 313.2
582.3 555.9 530.6 515 505.2 504.2 505.3 515 531.3 548.8 562.9 578.4 591.8 605.1 627.5 658.8 689.7 714.3 722.8 720.4 721.8 714.6 707.8 709.3 707.3 709.7 715 720.4 722.2 701.6 666.3 639.6 612.9 588.7 569.2 559.7 555.1 552.8 555.9 559.7 566.5 577.8 589.5 600.2 614.2 632.5 650.4 668.3 681.7 688.3 686.6 681.6 678.2 668.2 654.8 640.3 628.6 616.8 609.4 585.1 542.7 503.3 470.3 441.1 416.8 393.3 376.2 368.1 331.8 319 310.6 304.3 294.1 281.8 286.1 291.6 306.9 310.5
