Assets/StreamingAssets/GeoData/Data/nn/NN63.asc
ncols 200
nrows 200
xllcorner 260000
yllcorner 730000
cellsize 50
[rows 70 to 104 of 200, columns 0 to 77 of 200]
433.9 426.4 428.6 425 422.3 420.7 418.1 414.9 409 403.4 396.9 389.5 394.1 386.3 379.8 368.1 356.1 350.6 343.9 332.9 320 307.5 294.3 279.5 268.2 259.1 253 242.9 237.1 229.6 222.5 229.4 227.8 225.1 218.1 220.8 218.3 207 216.1 210.4 208.7 215.4 217.7 219.5 221 221.3 223.6 221 220 219.6 218.3 213.9 212.5 210.6 208.8 209.3 212.6 212.6 207 205.6 204.3 198.9 195 198.5 194.9 186.1 183.1 185.3 180.4 179.5 178.8 179.2 180.8 179.3 173.4 170.3 172.5 172.7
422.4 424.5 426.1 425.1 423.6 423 422.3 415.4 407.8 405.4 396.8 391 387.9 386.4 377 362.3 348.5 339.3 331.6 321.1 307.1 296.6 275.9 266 260.4 251.2 243.6 235.5 227.2 222.1 215.8 224.4 222 219.3 210.1 213.6 212.1 205.9 206.3 202.6 204.6 209.9 212.1 214.1 216.7 215.1 214.7 212.9 212 210.8 208 206.2 205.5 202.6 200.1 200.5 202.9 200.7 197 195.4 194.1 190.4 190.4 188.2 184 179 176.3 175.8 176 177.6 175.4 172.5 172.7 169.5 164.9 167 167.5 165.8
415.2 419.7 423.3 423.1 419 415.6 411.3 404.8 400 393.5 384.1 388.5 385.7 378 368.6 353.6 334.5 322.2 312.3 300.6 283.3 273.3 265.3 257.4 252.3 245.1 234.8 226.3 219.6 214 218.2 217.5 214.1 212.1 201.7 204.7 203.7 199.8 189 193.8 199.7 204.5 207.5 208.8 209 210.3 206.9 204.9 202.6 202.1 201.6 198.6 197.1 194.8 194.3 193.1 193.1 192.3 188.8 185 182.7 182.7 184.1 182.4 177.5 172.8 169.5 171.4 172.7 173.6 169.6 164.3 161.4 158.4 157.1 157.7 157.2 155.2
407.9 413.6 414.4 413.5 411.2 407.7 404 396.8 389.2 377.8 380.9 376.5 373.2 369.7 357.6 339.5 314.3 300.4 286.3 277.3 269.6 262.3 257.4 250.3 244.2 232.8 226.4 218 214 205.5 208.7 206.4 199.8 196.6 186 191.4 191.9 189.6 186.7 188.9 193.5 198.2 200.5 201.5 200 199.1 198.8 200 197.8 196.3 193.2 187.5 186.4 185.7 186.1 182.8 183.3 182.7 178.1 175.7 177.3 177.1 175.8 174.3 169.4 165 164.6 167.2 167.4 164.8 158.6 155.1 152.1 149.3 147.2 145.7 146.3 145.2
396.4 404.2 407.8 406.9 407 399.9 398.1 385.7 375.9 369.5 368.5 364 362.6 349.9 327.9 308 293.5 280.7 273.9 267.5 261.5 255.3 248.5 239 232.7 225.4 217.7 212.5 209.7 211.5 198.8 189.6 190.4 184.6 178.6 178.3 182 178.2 178.6 183.6 185.9 189 190.6 191.6 189.9 189.7 189.6 187.9 185.9 184.1 181.3 177.4 177.4 177.6 175.2 173.7 173.9 170.7 170.9 169.9 170.4 170.1 166.4 162.3 159.5 158.6 158.9 157.7 155.3 148.6 148.7 146.6 141.9 140.1 138.9 137.6 136.9 132.4
389.9 397.2 400.4 399.3 393.3 386.7 382.8 373.8 364 360.3 353.8 347.8 330.8 312.4 298.4 285.2 276.7 270.8 265.2 258.3 253.2 244.4 236.2 231.2 226.1 217.1 212.3 210.2 204.7 196.2 189.9 172.8 174.1 177.7 176.7 170.3 174.8 173.1 171.2 175.6 177.9 179.9 179.3 180.3 178.1 176.3 176.8 175.8 174 172.1 171.1 169.4 169.8 167.3 165.6 165.4 163.6 164.4 164.1 162 161.4 158.6 155.6 153.7 151.4 150.2 150.3 147.3 143.9 141.4 140.6 136.7 132.9 131.2 127.8 125.8 122.7 116.1
381.9 384.4 385.6 381 374.6 370.4 367.4 359 353.1 347.1 332.7 318.1 300.7 289.8 278.9 271.8 266.6 258.8 252.6 244.5 235.3 231.2 229.1 221.5 213.1 211.2 206.2 197.9 189.8 182.6 180.4 176.6 168.3 170.2 171.3 167.4 168.7 168.4 168.9 170.3 169.7 170.3 170.2 170.2 168.5 167.4 169.1 166.6 164 162.8 162.7 162.5 160.4 157.4 158 158.2 156.5 156.3 155.1 152.4 150.7 149.5 148.1 149.2 146.4 142.3 143.4 143.7 139.8 136.1 134.5 131.4 127.2 122.3 117.4 112.4 106.6 105.1
370.1 368.6 365 361.1 359.3 352.7 344 336.3 326.9 319.6 302.6 290.3 282.1 275.2 268.8 263.7 252 244.5 239.7 232.5 227.2 224.7 218.5 210.6 204.5 195.4 189.5 181.1 177.7 176.1 173.5 170.1 159.3 166.2 165.6 164.1 161.7 162.3 164 163.6 159.9 161 161.9 162 161.9 161.4 160.2 157.5 157.1 156 155.4 154.5 152.3 148.3 149.4 149 147.6 146.3 145.7 146.3 146.4 145 143.3 143.9 140.8 136.2 137.4 137.4 133.3 129.6 129 127.1 120.9 112.1 105.7 105.1 105.1 105.1
350.8 347.4 342.5 338.4 335.8 329 315.2 305.9 296.1 288.1 282 276.9 270.1 260.4 254.2 248.9 239.5 231.6 228 224.3 219.5 212.9 206.7 198.9 188.9 179.1 176.2 173.2 171.3 169.9 167.2 164.6 156.7 160.4 160.4 159.5 155.1 154.1 155 155.2 152.6 153.5 153.8 153.8 154.6 153.2 152.6 151.7 151.2 150.8 147.4 146 144.8 141.2 138.9 138.5 137.3 136.9 137.9 140.9 143.2 139.7 135.2 133.9 131.3 129.6 129.9 129.7 125.5 119 115.7 111.3 105.1 105.1 105.1 105.1 105.1 105.1
332.6 327.7 324.1 320 313.7 303.8 294 286.6 281.3 275.7 270.4 265.4 255 248.7 243 236.6 225 221.3 223.2 216.1 207.4 201.4 194.2 186.7 177.3 169.4 168.6 168.5 167 164.3 162 159.5 153.5 154.6 155.8 154.9 145.1 146.7 143 144.4 145.2 147.1 145.8 145.8 145.6 144.8 144.5 144.7 142.2 140 138.9 135.8 132.8 131.3 130.1 129.1 128.1 128.5 128.6 131.5 132.7 128.9 123.9 122.3 120.8 120 119 118.1 114.1 109.3 105.1 105.1 105.1 105.1 105.1 105.1 105.1 105.1
310.5 308.7 308.9 305.6 295.7 285.6 279.1 273.3 265.9 260.8 257.6 248.6 241.6 236.8 232.8 225.3 215.6 211.7 209.6 202 196.6 190.9 183.9 175.3 166.9 164.7 164.1 162.9 160.6 158.2 157.5 156.5 153 152.2 152.7 152.9 150 136.9 133.1 134.5 136.2 137.8 137.2 137.4 137.4 136.7 136.3 134.6 132.1 129.4 126.6 124.3 122.8 121.5 120.3 119 118.6 117.7 117.5 118.2 118.4 115.1 113.4 111.8 108.6 109.3 105.5 105.1 105.1 105.1 105.1 105.1 105.1 105.1 105.1 105.1 105.1 105.1
296.2 294.7 294.6 283.1 278.4 271.4 263.8 257.9 254.4 245.4 240.4 234.8 231.9 227 220.5 210.9 205.8 200.6 195.9 192.5 188.7 181 174.3 166 161.7 162.7 161.4 159.6 156.4 153 153.1 150.4 143.2 147.5 145.2 143.9 141.6 136.4 121.6 127.2 130.1 129.5 129.3 129.8 130.1 129 125.7 122.5 120.5 119.2 116.7 114.7 113.9 112.6 109.3 109.1 106.3 105.1 105.3 105.1 105.1 105.1 105.1 105.1 105.1 105.1 105.1 105.1 105.1 105.1 105.1 105.1 105.1 105.1 105.1 105.1 105.1 105.1
284 279.3 273.6 267.4 261.4 254.5 249.3 245 238.9 235 230.2 226.3 222.5 211.9 201.6 197.5 194.5 192 188.3 184.5 178.3 171.5 164.8 160.9 159.9 156.9 157.7 158.5 155.7 150.1 145.3 140.6 134.9 133.7 131.5 129.2 129.1 127.9 121.5 121 123.5 123.4 122.8 121.9 120.2 117.6 114 112.3 110.6 108.8 106.5 105.1 105.1 105.1 105.1 105.1 105.1 105.1 105.1 105.1 105.1 105.1 105.1 105.1 105.1 105.1 105.1 105.1 105.1 105.1 105.1 105.1 105.1 105.1 105.1 105.1 105.1 105.1
268.6 261.4 255.6 250.5 243.1 242.4 239 234.6 232.1 229.6 225.3 219.8 209.4 204.7 201.5 195.9 188.5 184.9 182.3 176.2 169.7 163.7 159.7 157.5 155 153.4 154.5 156.5 154.1 145.7 139.6 134 126.7 122.1 120.5 118 120.1 120.4 118 116 117.3 116.5 115.2 112.2 108.8 105.1 105.1 105.1 105.1 105.1 105.1 105.1 105.1 105.1 105.1 105.1 105.1 105.1 105.1 105.1 105.1 105.1 105.1 105.1 105.1 105.1 105.1 105.1 105.1 105.1 105.1 105.1 105.1 105.1 105.1 105.1 105.1 105.1
248.6 242.6 241.6 239 237.5 234.3 231.2 227.2 226.1 221.5 217.7 214.1 210.8 206.9 204.8 192.2 183.6 179 174.4 169.4 165.6 161.2 159.1 157.3 154 151.2 150.4 149 142.5 135.3 129.6 123 118 116.3 110.7 110.6 111.3 113.3 114.4 113.8 114.4 112.8 107.7 105.1 105.1 105.1 105.1 105.1 105.1 105.1 105.1 105.1 105.1 105.1 105.1 105.1 105.1 105.1 105.1 105.1 105.1 105.1 105.1 105.1 105.1 105.1 105.1 105.1 105.1 105.1 105.1 105.1 105.1 105.1 105.1 105.1 105.1 105.1
242.7 236 235.8 238.2 237.5 233.9 229.1 225.9 224.1 215.4 213 210.4 207.2 204.2 195 183 177.3 172.5 167.9 166.8 164 161.1 159.9 157.8 153.9 150.3 146.1 143.2 136.5 129.5 120.9 114.6 113.1 113 110.8 108.6 109.3 108.5 110.2 109.4 109 107.3 105.1 105.1 105.1 105.1 105.1 105.1 105.1 105.1 105.1 105.1 105.1 105.1 105.1 105.1 105.1 105.1 105.1 105.1 105.1 105.1 105.1 105.1 105.1 105.1 105.1 105.1 105.1 105.1 105.1 105.1 105.1 105.1 105.1 105.1 105.1 105.1
233.3 235.6 233.7 235.7 235.2 231.9 230.3 222 214.9 210.9 206.9 204.5 198.5 192.5 186.8 179.3 171.8 168 164.5 163.6 161.5 161.1 160.8 160.1 156.2 150.9 146.2 142.2 135.7 129.5 122.7 115.5 110.3 108.6 108.3 107.3 107.5 108.1 108.6 107.9 106.3 105.1 105.1 105.1 105.1 105.1 105.1 105.1 105.1 105.1 105.1 105.1 105.1 105.1 105.1 105.1 105.1 105.1 105.1 105.1 105.1 105.1 105.1 105.1 105.1 105.1 105.1 105.1 105.1 105.1 105.1 105.1 105.1 105.1 105.1 105.1 105.1 105.1
227.5 223.1 224.1 223.1 226.1 230.1 218.1 211.1 207.4 202.5 199.5 195.6 192.7 191.2 179.4 173.6 168.1 165.7 163.3 164.4 165 164.9 163.9 162.8 157.8 150.7 145.5 140.8 132.9 126.6 120.5 113.1 107.1 106 105.1 105.1 105.1 105.3 107.1 105.1 105.1 105.1 105.1 105.1 105.1 105.1 105.1 105.1 105.1 105.1 105.1 105.1 105.1 105.1 105.1 105.1 105.1 105.1 105.1 105.1 105.1 105.1 105.1 105.1 105.1 105.1 105.1 105.1 105.1 105.1 105.1 105.1 105.1 105.1 105.1 105.1 105.1 105.1
213.1 213.8 210.9 210.4 210.5 212.8 206.9 202.2 198.9 195.6 192.7 191.5 192.7 178 174 170.3 167.1 166.1 169 173 173.9 172.7 172.1 167.4 156.1 146.9 141.1 133.8 125.4 121.3 112.8 105.1 105.1 105.1 105.1 105.1 105.1 105.1 105.1 105.1 105.1 105.1 105.1 105.1 105.1 105.1 105.1 105.1 105.1 105.1 105.1 105.1 105.1 105.1 105.1 105.1 105.1 105.1 105.1 105.1 105.1 105.1 105.1 105.1 105.1 105.1 105.1 105.1 105.1 105.1 105.1 105.1 105.1 105.1 105.1 105.1 105.1 105.1
207.5 208.7 205.6 203.7 204.2 200.6 196.5 194.6 192.9 189.1 186.6 185.4 176.9 173.5 172.6 170.3 168 170 175.5 182.9 182 179.7 178.4 174.9 160.7 142.6 134.1 123.5 114.6 111.5 105.1 105.1 105.1 105.1 105.1 105.1 105.1 105.1 105.1 105.1 105.1 105.1 105.1 105.1 105.1 105.1 105.1 105.1 105.1 105.1 105.1 105.1 105.1 105.1 105.1 105.1 105.1 105.1 105.1 105.1 105.1 105.1 105.1 105.1 105.1 105.1 105.1 105.1 105.1 105.1 105.1 105.1 105.1 105.1 105.1 105.1 105.1 105.1
199.2 199.5 198.3 196.4 194.4 189.6 188.9 186.6 184.5 181.7 180 175.9 172.2 169.8 170.6 170.5 171.5 174.7 180.3 184.8 184.7 183.1 179.8 173.8 159 135.6 120.5 108.9 105.1 105.1 105.1 105.1 105.1 105.1 105.1 105.1 105.1 105.1 105.1 105.1 105.1 105.1 105.1 105.1 105.1 105.1 105.1 105.1 105.1 105.1 105.1 105.1 105.1 105.1 105.1 105.1 105.1 105.1 105.1 105.1 105.1 105.1 105.1 105.1 105.1 105.1 105.1 105.1 105.1 105.1 105.1 105.1 105.1 105.1 105.1 105.1 105.1 105.1
188 188.5 187.4 186.1 183.5 182.8 182.1 178.7 178.3 175.7 173.3 171.5 169.3 168.4 170.1 169.9 173.2 178.4 180.4 180.7 180.9 178.3 173.8 164.6 147 123.1 105.1 105.1 105.1 105.1 105.1 105.1 105.1 105.1 105.1 105.1 105.1 105.1 105.1 105.1 105.1 105.1 105.1 105.1 105.1 105.1 105.1 105.1 105.1 105.1 105.1 105.1 105.1 105.1 105.1 105.1 105.1 105.1 105.1 105.1 105.1 105.1 105.1 105.1 105.1 105.1 105.1 105.1 105.1 105.1 105.1 105.1 105.1 105.1 105.1 105.1 105.1 105.1
180 178.9 177.2 176.5 175.6 174.1 173.5 173.6 171.8 169 167 167.4 168.1 167.4 168.6 169.8 175.4 176.7 177.8 175.4 171.7 167.6 162.8 149.4 132 105.9 105.1 105.1 105.1 105.1 105.1 105.1 105.1 105.1 105.1 105.1 105.1 105.1 105.1 105.1 105.1 105.1 105.1 105.1 105.1 105.1 105.1 105.1 105.1 105.1 105.1 105.1 105.1 105.1 105.1 105.1 105.1 105.1 105.1 105.1 105.1 105.1 105.1 105.1 105.1 105.1 105.1 105.1 105.1 105.1 105.1 105.1 105.1 105.1 105.1 105.1 105.1 105.1
173.3 172.4 169.9 169.9 169.3 168.9 169.8 168.9 168.7 163.1 163.9 167.5 168.6 165.8 167.4 172.6 173 171.4 167.6 163.2 160.9 155.7 146.5 134.9 120.9 105.1 105.1 105.1 105.1 105.1 105.1 105.1 105.1 105.1 105.1 105.1 105.1 105.1 105.1 105.1 105.1 105.1 105.1 105.1 105.1 105.1 105.1 105.1 105.1 105.1 105.1 105.1 105.1 105.1 105.1 105.1 105.1 105.1 105.1 105.1 105.1 105.1 105.1 105.1 105.1 105.1 105.1 105.1 105.1 105.1 105.1 105.1 105.1 105.1 105.1 105.1 105.1 105.1
165.4 163.5 164.4 164.7 166.2 165.3 166.8 166.7 162.4 159.3 162.1 163.7 164.6 161.9 167 166.6 165 157.8 153.1 149.9 149.4 143.2 134.4 124.3 109.9 105.1 105.1 105.1 105.1 105.1 105.1 105.1 105.1 105.1 105.1 105.1 105.1 105.1 105.1 105.1 105.1 105.1 105.1 105.1 105.1 105.1 105.1 105.1 105.1 105.1 105.1 105.1 105.1 105.1 105.1 105.1 105.1 105.1 105.1 105.1 105.1 105.1 105.1 105.1 105.1 105.1 105.1 105.1 105.1 105.1 105.1 105.1 105.1 105.1 105.1 105.1 105.1 105.1
157.4 158.7 160.2 160.8 161.4 162 164.4 162.4 158.9 155.7 155.1 155.5 155.9 154.1 151.6 153.9 149.1 144.4 142.2 142.1 140.2 135.3 126.2 110.7 105.1 105.1 105.1 105.1 105.1 105.1 105.1 105.1 105.1 105.1 105.1 105.1 105.1 105.1 105.1 105.1 105.1 105.1 105.1 105.1 105.1 105.1 105.1 105.1 105.1 105.1 105.1 105.1 105.1 105.1 105.1 105.1 105.1 105.1 105.1 105.1 105.1 105.1 105.1 105.1 105.1 105.1 105.1 105.1 105.1 105.1 105.1 105.1 105.1 105.1 105.1 105.1 105.1 105.1
154.2 154.6 155.2 156.3 158 158.6 159.8 156.5 153.3 148.1 145.1 149.3 146.2 143.1 140.5 139.1 137.7 136 135.2 133.7 131.5 126 117.1 105.1 105.1 105.1 105.1 105.1 105.1 105.1 105.1 105.1 105.1 105.1 105.1 105.1 105.1 105.1 105.1 105.1 105.1 105.1 105.1 105.1 105.1 105.1 105.1 105.1 105.1 105.1 105.1 105.1 105.1 105.1 105.1 105.1 105.1 105.1 105.1 105.1 105.1 105.1 105.1 105.1 105.1 105.1 105.1 105.1 105.1 105.1 105.1 105.1 105.1 105.1 105.1 105.1 105.1 105.1
149.4 150.8 151.6 152.3 153.4 152.3 152.2 148.3 144 139.8 138.8 136.4 133.8 133.3 131.7 130.3 129.8 128.7 127 125 121.9 115.8 107.6 105.1 105.1 105.1 105.1 105.1 105.1 105.1 105.1 105.1 105.1 105.1 105.1 105.1 105.1 105.1 105.1 105.1 105.1 105.1 105.1 105.1 105.1 105.1 105.1 105.1 105.1 105.1 105.1 105.1 105.1 105.1 105.1 105.1 105.1 105.1 105.1 105.1 105.1 105.1 105.1 105.1 105.1 105.1 105.1 105.1 105.1 105.1 105.1 105.1 105.1 105.1 105.1 105.1 105.1 110.4
146.5 148.7 149.8 148.9 148.6 146.7 141.2 138.2 134 130.5 128.4 126.5 124.9 124.2 124.3 124.2 123.7 121.2 118.3 116.6 113.9 106.7 105.1 105.1 105.1 105.1 105.1 105.1 105.1 105.1 105.1 105.1 105.1 105.1 105.1 105.1 105.1 105.1 105.1 105.1 105.1 105.1 105.1 105.1 105.1 105.1 105.1 105.1 105.1 105.1 105.1 105.1 105.1 105.1 105.1 105.1 105.1 105.1 105.1 105.1 105.1 105.1 105.1 105.1 105.1 105.1 105.1 105.1 105.1 105.1 106.4 109.6 111.7 110.2 110.8 120.9 129.7 136.5
144.8 145.7 146.8 145 139.9 135.2 129.7 128.9 125.3 121.9 120 118 117.5 118.1 117.2 115.7 113.5 111.9 111.4 111 111.2 105.1 105.1 105.1 105.1 105.1 105.1 105.1 105.1 105.1 105.1 105.1 105.1 105.1 105.1 105.1 105.1 105.1 105.1 105.1 105.1 105.1 105.1 105.1 105.1 105.1 105.1 105.1 105.1 105.1 105.1 105.1 105.1 105.1 105.1 105.1 105.1 105.1 105.1 105.1 105.1 105.1 107.4 111.7 122 128.2 119.6 110.4 112.9 112.1 112.1 117.7 122.4 125 133 138 142.9 144
142.1 142.8 140 136.5 129.4 128.2 122 116.6 114.4 112.4 111.1 110.2 109.4 110.7 109.5 108.1 108.1 110.5 109.8 109.5 108.2 105.1 105.1 105.1 105.1 105.1 105.1 105.1 105.1 105.1 105.1 105.1 105.1 105.1 105.1 105.1 105.1 105.1 105.1 105.1 105.1 105.1 105.1 105.1 105.1 105.1 105.1 105.1 105.1 105.1 105.1 105.1 105.1 105.1 105.1 105.1 105.1 105.1 105.1 105.1 105.1 108.6 113.5 123.6 132.9 138.7 135.8 123.6 119.3 116.2 120.5 126.2 131.3 136.3 141.6 144.2 146.6 148.3
142.6 135.1 130.4 127.5 119.7 115.4 113.9 111.2 105.1 105.1 105.1 105.1 105.1 105.1 105.1 105.1 105.3 108.6 105.1 106.6 106 105.1 105.1 105.1 105.1 105.1 105.1 105.1 105.1 105.1 105.1 105.1 105.1 105.1 105.1 105.1 105.1 105.1 105.1 105.1 105.1 105.1 105.1 105.1 105.1 105.1 105.1 105.1 106.7 107.2 106.7 105.1 105.1 105.1 108.3 108.2 105.1 105.1 105.1 105.1 110.4 116.3 122.5 129.5 134.3 136.9 136.3 132 128.5 129.9 133.5 136.6 139.7 143.4 147.2 152.1 155.9 155.4
130 125.9 120.8 118.3 114.9 110.2 105.1 105.1 105.1 105.1 105.1 105.1 105.1 105.1 105.1 105.1 105.1 105.1 105.1 105.1 105.1 105.1 105.1 105.1 105.1 105.1 105.1 105.1 105.1 105.1 105.1 105.1 105.1 105.1 105.1 105.1 105.1 105.1 105.1 105.1 105.1 105.1 105.1 105.1 105.1 105.1 105.1 108.3 112.3 110 107.1 105.1 111.1 118.4 124.8 125.2 116.7 105.1 105.1 112 119.4 124.7 129.3 133.1 135.6 137.9 140.4 140.9 141 142.5 145.2 149.6 154.3 157.3 160.4 163.7 164.2 163.6
121.3 116.7 113.4 108.6 105.1 105.4 105.1 105.1 105.1 105.1 105.1 105.1 105.1 105.1 105.1 105.1 105.1 105.1 105.1 105.1 105.1 105.1 105.1 105.1 105.1 105.1 105.1 105.1 105.1 105.1 105.1 105.1 105.1 105.1 105.1 105.1 105.1 105.1 105.1 105.1 105.1 105.1 105.1 105.1 105.1 105.1 114.2 117 114.5 110.4 110.5 118.4 129.9 142 143.1 139.4 126.9 124.1 124.7 126.6 132.9 135.7 135.6 136.4 140.3 146.7 150.4 150.9 150.4 151.6 156.3 163.4 171.9 177.1 174.1 174.4 174.5 172
115.5 111.3 105.1 105.1 105.1 105.1 105.1 105.1 105.1 105.1 105.1 105.1 105.1 105.1 105.1 105.1 105.1 105.1 105.1 105.1 105.1 105.1 105.1 105.1 105.1 105.1 105.1 105.1 105.1 105.1 105.1 105.1 105.1 105.1 105.1 105.1 105.1 105.1 105.1 105.1 105.1 105.1 105.1 105.1 110.1 118.8 123.4 118.6 115 115.4 122.1 133.6 145.9 153.6 155.6 153.8 140.6 141 144.9 148.3 152 156.7 158.7 157.3 157.1 160.4 162.5 163.4 168 175.6 177.8 182.9 190.4 189 183.3 181.8 180.3 179.6
