Assets/StreamingAssets/GeoData/Data/nn/NN65.asc
ncols 200
nrows 200
xllcorner 260000
yllcorner 750000
cellsize 50
[rows 105 to 139 of 200, columns 0 to 77 of 200]
369.3 384 398.3 409 419.4 428.8 442.6 453.1 465.9 479 485.7 496.6 516.3 529 540.9 532.1 516.8 516.7 515.5 509.2 494.9 484.8 480.1 477.7 474.5 469.2 456.3 442.1 427.1 413.7 404.3 396.5 389 383.7 378.2 372.5 365.6 368.8 376.7 384.9 392.6 400.4 409.8 418.4 425.3 433.9 443.5 452.7 462.7 473 480.2 489.1 499.1 511.6 523.2 532.2 541.3 550.2 555.8 564.4 572.1 581.6 594.6 604.8 615.7 625.2 636.2 647.6 659.2 677 691.5 701 710.5 718.3 725.9 736.9 749.4 758.5
382.3 394.6 406.5 417.8 427.5 439.8 450.3 460.5 475.1 485 490 507.1 522.6 533.1 537.5 525.7 519.3 520.6 516.5 507.5 499.7 496.3 494.9 491.8 488.3 477.1 463.4 449.3 434.3 421.5 412.8 405.8 399.1 390.3 384 376.8 370.7 371.4 375.8 383.9 392.3 400.7 409 417.2 425.5 434 444.3 454.7 465.2 475.5 483.3 493.3 505.9 517.6 530.1 538.6 547.4 557.1 563.3 569.1 578.4 588.6 597.7 608.5 618.7 627.4 640.5 650.5 662.6 676.8 690.1 701.9 711.6 719.8 730.1 743.7 756.6 762.9
391.2 402.2 411.8 425.9 437.1 447.8 457.6 467.8 481.7 489.7 499.2 514.5 532.1 535.4 534.6 526.6 523.7 523.9 517.2 513.7 512.2 511.5 507.3 501.7 496.4 485.8 471.4 458.8 447.9 436.5 427.1 417 406.8 397.3 389.7 381.6 371.4 375.5 379.7 381.8 390.2 397.5 405.2 415.2 424.4 433 442.4 455.4 466.2 476 486.5 498 511.7 524.4 536.5 544.8 554.8 563.9 569.8 576.5 582.2 593 605.7 613.2 622.9 632.1 643.8 653.2 662.9 677.3 691.2 703.9 714.2 726.2 738.8 750.9 763.8 770.3
399.1 409.6 419.1 432.4 443.8 454.3 464.4 474.3 486.4 493.7 505.7 521.8 534.7 534.8 531.7 530.2 525.2 524.4 525 526.2 527.6 524.6 522.6 513.4 505 497.2 484.8 473 461.9 450.1 438.6 426.4 415 404.8 396.7 385.7 373.3 378.4 383.5 387 390.6 399.3 407.2 414.8 424.1 430.8 442.8 455.1 467.2 478.7 490.3 503.5 517.6 530.5 543 555.1 565.2 574.6 579 584.1 590 596.7 609.7 617.6 626.8 635.9 645.8 654.6 664.9 680 695 709.2 720.4 731.1 744.8 758.8 770.5 777.9
405.7 417.4 427.9 437.8 448.3 459 469.2 478.9 487.7 497.7 514.4 525.3 534.1 533.1 533.6 529 526.7 530.6 532.5 533.1 534.5 536.9 534.8 523.8 516.7 511.3 503.9 490.6 473.6 458.7 446.6 434.4 424.2 414.4 402.9 392.2 381.6 377.9 387.7 392.8 391.7 399.8 408.3 416.3 424.1 431.5 442.3 453.2 468.8 482.7 496.3 510.6 524.3 537.6 551.6 567.2 578.1 584.7 587.9 592.4 599.3 608.5 614.4 622.1 631.2 640.8 647.8 657.7 668.7 681.4 697.6 712.1 724.8 738.4 751.1 764.9 777 783.7
412.9 422.9 434.2 442.9 452.3 462.9 473.6 483.7 492.4 503 522.1 527.1 530.9 532.8 536.9 533.2 534 539 540.4 542.9 545.6 546.1 542.7 536.6 528.5 525.5 517.7 499.2 480.7 468.2 455.2 442.3 431.9 420.4 407.7 396.3 388.1 378.7 387.9 394.2 396 399.4 408.7 416.3 424.1 433.5 442.8 455.9 470.5 485.6 500.5 515.6 530.8 544.5 560.4 574.8 587.6 591.9 596.3 601.8 613.1 620.9 624.8 629.9 639.9 646.1 653.2 661.4 672.1 686.5 704.5 718.4 731.7 744.6 758.6 771.8 782 788
417.8 427.5 439 447.6 455.5 465.5 476.6 487.2 495.9 507.5 519.2 525.4 531.2 537 537.3 540.4 542.4 548.3 553.5 557.3 559.5 561.8 555.3 543.1 542.4 537.5 523.6 507.2 490.5 474.9 462.4 449.2 435.7 422.9 412.2 402.1 393 384.8 389.1 395.8 399.6 399.5 406.3 415.1 425.5 436.7 446.9 459.7 474.9 488.1 501.9 519.8 535.5 550.8 565.6 583 593.3 597.9 607.1 617.8 626.8 631.4 637.5 642.6 647.1 652.3 657.5 665.4 676.1 692.8 711.4 726.8 738.7 750.1 762.9 776.2 784.4 791.9
422 432.6 442.9 451.7 459.8 467.8 479.1 489.7 499.1 508.9 519 526.2 531.7 536.1 539.6 543.8 551.6 557.9 563.4 570.1 572.5 571.7 558 556 557 548.9 533.6 516.6 498.3 482.2 467.5 453.1 439.3 427.2 416.2 408.9 399.9 386.8 390.6 398 403.2 405.8 406.4 410.3 424.1 438.2 449.5 462.5 476.7 490.6 503.5 520.7 536.9 552.6 568.9 586.4 596.7 607.9 616.8 630.8 636.8 639.8 651.7 650.4 652.6 656.5 660.6 668.4 682.7 700.9 721.3 734.1 743.9 756 768.5 782.7 788.5 786.6
427.1 437.9 445.3 453.2 462.6 470.9 482.5 492.7 501.6 511 519.8 527.6 533.3 538.7 544.7 550.9 556.5 565.1 571.2 577.6 581.6 576.1 569.3 567.8 569.3 561.8 542.2 521.3 504 488.3 470.7 455.5 443.9 431.8 422.1 414.7 406.6 392.9 391.6 399.6 405.9 408.9 409.2 414.4 424.1 437 448 462.7 476.6 490.2 502.2 520.8 537.8 553.2 570.6 588.9 598.8 612.7 625.1 636.2 641.6 650.4 656.2 658.4 660 660.4 665.7 676.2 691.2 714.1 730.8 741.1 750.6 763.4 777.4 789.3 792 790.4
432.7 441.1 448.2 455.1 465.1 474.4 484.4 494.4 502.8 511.8 520 528.5 535.5 542.8 550.4 556.3 564.4 570.3 576.7 585.6 588.9 581.1 580.2 577.5 577.3 568.6 549.7 527.3 509.8 492 474.6 461.2 448.6 438.6 428.2 420.7 412.5 399.9 390.4 399.1 407.2 411 411.1 417.9 424 433 445.5 460.1 474.7 488.6 500.5 518.4 536.2 551.6 569.2 588.6 598.5 612.9 625.2 637 645.5 651.7 656 661.2 664.1 665.6 675.4 688.7 704.1 726.9 740.2 749.8 760.2 774.1 786.8 796 797.7 794.8
434 442.8 448.7 458.1 467.5 476.4 485.6 494.8 502.5 512.1 520.2 530.8 538.8 545.8 553.3 561.3 569.4 576.2 582 589.4 590.2 588.8 587.4 585.8 582.9 569.3 555.3 531.3 512.8 495.1 478.4 466 455.8 445.8 436.2 428 418 407.7 394.3 399.4 408.3 413.8 416.8 419.8 424.6 432.1 442.7 456 470.7 485.9 497.7 514.9 532.6 548.1 564.5 584.1 595.4 608.6 623.7 634.6 643.4 652.4 658.5 663.6 666.9 675.1 687.4 702.9 719.1 737.5 748.9 757.9 768.2 782.3 792.6 799.6 802.4 795.8
434.8 442.8 451 459.3 468.1 476.9 485.8 495.7 504.3 512.9 522.3 531.7 541.8 549.7 557.7 565.8 573.2 580 585.8 590.2 591.9 591.8 590.4 587.4 584 570.6 555.1 534.1 516.2 499.4 484.2 470.5 461.5 452.1 442.7 430.5 424.4 417.6 406.4 398.2 409 415.4 420.3 421.6 426.2 431.2 441.2 453.3 465.9 481.2 495.2 508.9 526.5 542.4 557.9 576.9 589.7 601.5 616.7 630.1 638.9 649.3 659.4 666.9 675.1 686.4 696.6 713.5 729.9 744.1 757 766.4 776.9 787.8 795.6 796.3 795.6 789.1
435 443 451.4 459.5 468.4 477.3 486.2 495.2 504.6 514.4 524.1 534 543.4 552.4 560.3 568.4 576.2 582.4 587.7 591 593.7 594.2 591.6 587.5 581.2 569.5 556.2 542 522.7 506.2 490.4 476.4 466 456.7 447.4 438.9 433.1 426.3 418.1 407.9 407.2 415.8 422.1 426.2 428.5 433.4 439.8 448.9 461.3 475.6 489.8 501.9 518.5 535.5 551.8 569.1 582.1 595.3 609.7 624.1 636.8 649.1 662.1 670.9 683.7 693.3 704 721.9 738.7 751.2 763.8 775.2 783.6 790 793.5 787.1 783.7 774.6
435.2 442.5 450.8 459.7 468.7 477.6 486.6 495.3 504.3 514.5 525.7 535.8 544.2 553.4 561.2 569.2 577.3 583.1 587.5 590.9 595.5 594.6 593.3 585.9 578.8 568.3 557.3 543.4 528 512.2 496.8 483.2 471 459.6 451.8 446.7 440.4 433.9 426.9 416.6 405.3 413.3 421.4 428.3 432 436.8 438.7 444 449.9 465.3 481.1 493.8 506.1 527.9 544.3 559.8 573.2 587.1 601.9 618.4 634.2 648.1 661.9 673.9 687.6 699.1 708.8 728.3 745.5 755.3 767.3 779.5 786.2 786.2 785.3 776.9 772 761.8
433.9 442.3 449.8 460 468.8 477.7 486.6 495.6 504 515.7 525.9 536.1 545.6 554.2 562.5 570.7 578 585.2 589.5 595.8 598 598.2 598 588.9 582.6 572.8 560.3 547 531.4 515.3 499.6 488.2 476.8 466.2 459.6 453.4 447.1 439.8 433.6 425.1 411.9 409.6 419.1 428.6 435.5 439.6 442.4 447 452.7 458.8 468.8 486.5 502.3 518.8 536.5 551.9 566.5 580.8 595.6 612.5 629.2 646.4 661 674.5 689.7 701.9 711.9 730.9 746.9 756.3 767.6 778.9 783.6 782 777.6 770.3 761.5 753.9
433.6 442 450 460.2 468.1 476.9 486.2 496.1 504.4 516.3 526 536.2 546.5 555.5 564 571.3 578.5 586.3 591.6 596.1 597.8 598.5 596.1 588.2 583.6 575.4 563.4 549.1 533.3 518.2 505.8 493.7 481.8 473.9 466.6 459 452.9 446.3 440.6 432.8 423.1 412 416.6 427.3 436.4 442.2 444.1 448.7 454.4 461 468.8 482.5 496.8 515 532.3 548 561.3 574.8 590.8 608 624.8 645 660 673.4 689.6 703.5 713.9 727.7 745.8 755.7 766.2 772.9 776.3 776.1 770.3 761.1 753.2 747.9
433.5 441.9 449.7 458.9 468.9 478 487.3 494.9 504.9 515 525.3 536 546.3 555.6 564.6 571.6 578.9 586.1 591.8 595.4 596.7 597.7 593.2 587.9 586.1 577 566.7 550.9 537 523.3 509.6 498.5 489.9 482.1 474.6 467.3 458.9 452.9 446.6 439.2 431.7 419.9 415.6 426 436.6 444 445.1 450.2 456.2 462.4 470.2 479.1 494.7 511.8 530.9 547.8 561 574 587.2 605.6 623.8 643.2 659.6 672.8 690.9 705.9 717.5 727.2 746.1 757.6 766.5 771.1 771.3 769.9 761.2 752.7 750.1 742.7
435.2 442.4 449.1 457.5 467.4 476.1 487.4 493.9 504.5 513.7 522.6 532.8 544.4 553.7 562.8 569.9 576.6 584.7 591.2 595.2 597.1 597.3 593 591 587.8 579.1 566.6 554.1 540.5 528.3 515.8 508.3 498.4 490.4 482.7 474 466.3 460.1 453.3 446.9 439.3 427.6 418.2 427.6 438.2 445.7 448.9 450.1 457.9 463.9 472 484.1 498.9 513.9 533.7 549 562 574.3 589.4 607.5 625 645.3 660.3 675.8 692.5 708.3 720.6 730.6 747.4 760.4 764.8 769 769.1 764.6 754 747.7 741.9 734.2
435.9 443.1 450.6 456.9 466.2 476.5 487.6 494.7 503.2 512.6 521.2 531.3 542.8 551.4 560.3 568.4 575.2 582.4 589.1 594.8 596.8 595.3 592.4 589.5 587.9 578.2 568 555.8 545.2 532.8 524.1 516.1 505.9 497.4 488.3 479.1 472.7 466.9 460.1 453.4 446.3 435.6 421.7 427.2 438.9 448.1 453 454.2 458.4 467 474.9 486.6 500 513.8 536.4 554.1 564.1 577.3 595.6 612.1 628.5 650.2 664 678.7 693.7 709.2 724.6 734.3 748.6 759.6 764 767.3 766.8 761.6 750.9 740.8 732 723.3
440.4 448.6 455.3 459.1 466.9 475.7 487.2 494.4 501.3 511.8 520.2 529.5 538.4 547.7 556.9 564.8 572.6 579.3 586.1 592.6 595.3 594.3 592.1 589.1 584.3 577 568.5 558.8 548.1 539.5 531.3 522 510.9 501.2 492.4 484.2 479 472.6 466.6 459 453.1 442.9 429.6 424.8 437.6 448.3 455.1 458.5 459.9 468.8 477.5 486.9 502.5 516.3 537.3 555.4 567.1 582.2 601.1 616.5 634.6 656.2 669.4 684.5 697 712.5 726.5 739.1 749.7 756.3 759.2 761.9 762.5 756.6 746.2 737.4 725.9 713.6
442.3 449.3 456 460.8 468.5 478.1 489 496.5 500 509 517.5 526.4 534.7 542.8 553.1 560.6 568.9 575.7 582.6 589.1 592.2 592.8 591.1 589.2 586 577.9 569.6 561.2 551.6 544.5 537.1 526.7 516.2 507.2 497.8 491.6 485.4 479.4 472.3 464.4 458.8 448.8 433 426.9 438 448.7 455.4 460.2 462 468.5 479.8 490 504.3 517.3 538.3 557 569.7 586.7 606.5 620.8 642.3 663.9 676 689.7 703.6 717.5 731.9 740.2 744.9 752.9 753.3 755.6 753.6 745.8 738.3 733 722.3 708.5
446.8 451.2 457.5 465.2 474.2 483 490.3 495.9 500.4 506.4 513.8 522.2 529.2 537.6 548.3 556 564 572.2 578.5 584.6 588.9 589.7 590.7 590.9 583.8 578.3 571.2 563.3 555.7 549.4 542.3 532.5 522 512.7 505 497.9 490.9 484.3 478 470.6 464.9 455.2 442.5 431.1 438.4 449.8 457.8 462.7 464.1 471 480.6 491.6 504.9 518.9 538.5 556.9 571.3 590.6 610.2 624.2 647.5 670.8 681.4 693.7 709.5 722.9 733 737 740.9 746.9 747.7 749.6 746.5 736.9 732.7 728.6 717.6 703
447.7 454.7 461.9 470.8 479.7 487.9 492.2 496.5 500.9 505.6 512.9 520.5 525.8 533.3 541 550.2 557.4 566.1 573.1 579.5 584.2 587.8 588.2 585.9 582.2 577.2 571.6 565.2 559.8 554.6 546.8 537 528.1 519.2 511.5 504.1 497 490.7 483.9 476.7 470.5 461.8 455.1 442.2 433.2 449.3 459.3 464 466.1 474.6 484.4 492 504.2 520.7 540 556.9 572.4 589.2 610.3 624.7 648.2 670.7 684 700.2 715.8 726.8 733.2 736.4 739.8 740.3 744 747.2 742.5 730.7 725.1 722.9 711.2 697.3
453.7 461.2 468.9 477.8 484.9 491.3 495.3 497.9 502.6 506.5 514 519.7 525.1 530.6 534.1 542.1 550.7 559.8 566.7 573 578.4 582.3 585 584.9 581.5 577.4 571.7 567.1 562.6 557.6 551.2 542.5 535.2 528.1 519.9 511.9 504.8 497.4 490 482.9 477 469.7 473.3 453.8 436.5 452.3 460.7 466.8 467.7 475.5 485.8 495.1 505.9 523 539.5 555.3 570.6 588.5 607.9 623.4 646.3 671 685.1 703.5 716.5 729.3 732.2 733.7 742.7 741.1 738.4 740.5 734 722.6 717.7 713.3 705.5 689.8
458.6 466.5 475.2 483.4 489.4 494.3 497.8 500.5 504.9 509 514.6 518.2 523.6 527.6 532.5 535.1 540.9 552.7 561.5 567.5 572.7 577.4 580.7 581.3 580.2 576.7 574.5 569.6 566.5 561.1 555.4 549.6 542.6 535.7 528.5 520.6 512.3 504.3 496.7 490.2 484.7 479.4 478.4 466.7 444.9 444.4 462.4 467.8 470.2 477.4 486.5 496 503.9 521.9 539.4 553 568.1 586.9 605.1 621.6 642.2 666.4 684.3 699.7 712.4 722.8 728.2 733 740.2 743.6 736.3 731.8 725.7 719.3 716 710.9 701.2 686.1
461.7 471.4 479.6 486.6 492 495.7 497.8 501.8 506.3 510.7 514.7 517.8 521.9 528.2 532.3 534.9 537.1 545 557 564 568.1 574 578.2 579.3 578.7 576.8 576.9 573.7 569.7 564.3 558.4 553 548.2 543.2 535.8 527.1 519.3 511.4 503.2 497.2 490.5 484.1 482.9 472.9 457.1 442.9 459.7 468.5 473.6 478.2 488.4 497.7 504.7 521.3 538.2 550.8 564.9 585.3 601 617.9 636 658.1 677.5 698.5 706.4 713.4 722 726.6 728.3 726.9 731.4 730.3 725 721.6 716.7 708.6 697.6 685.4
463.5 472.6 480.7 487.3 492.3 495.9 499.7 503.4 506.6 511 513.2 517.3 521.2 526.2 530.2 531.8 535.3 540.6 550.8 560.6 566 571.7 576.4 579 576.4 576.9 577.4 576 571.3 566 562.2 559.4 555.2 549 541.6 533.7 526.4 518.2 509.9 502.2 495.5 490.1 488.1 477.9 467.8 451.1 454.3 466 476.2 482.4 487.4 496.7 504.9 521.9 536.7 548.7 562 579.1 597 615.6 628.7 649.4 667.8 688 697.9 704.6 709.2 718.7 722.3 726.5 728 728.2 727 725.2 719.9 713.5 702.6 688.7
461.6 472 480.4 488.1 493.6 496.3 500.2 504.6 508.1 510.9 512.3 517.2 517.4 522 527.3 531 535.9 538.9 547.4 558 563.5 570.8 574.4 577.6 578.4 578.7 578.2 577.5 573 568.7 568.6 566 561.9 554.5 547 539.8 532.2 524.1 515.7 507.6 500.6 495 491.8 483.9 481.6 460.7 450 468.5 479.2 483.8 490.5 496.7 506.5 520.1 535.4 546.1 558.3 572.4 590.6 609.3 622.5 642.8 658.7 671.2 684.2 695.3 703.5 712.8 722.3 728.9 727.2 725.3 725.3 726.8 721.8 714.5 703.3 687.5
460.8 469.1 476.9 486.4 491.1 495.4 499.3 505.3 509.1 510.3 512.6 515.7 515.8 519.3 525.6 530.4 536 537.6 546.8 555.7 562.6 568.7 572.3 577.5 579 579.1 580.7 579.9 577 575 574.7 571.6 566.9 559.4 552.3 545.7 536.5 527.8 520.3 512.2 506 499.9 498.4 490.6 487.4 471.2 452.2 470.2 482 488.4 493.7 499 506.6 519.2 532.9 543.1 554.5 571.9 587.1 602.1 614.5 634.7 650.8 662.1 675.2 689.5 700.2 706.5 716.9 723.8 725.5 725.5 726.2 725.6 720.6 711.6 699.7 682.4
458.2 466 474.8 482.6 487.5 492.2 497.7 503.9 507.5 508.2 512.9 514.1 516.2 519.1 524.6 530.1 534.9 537 547 555.4 563.2 569.1 574.9 581.4 582.5 583.5 584 583.2 582.1 581.2 579.7 576.2 570.6 564.6 558.3 550.8 542.2 533.5 524.5 516.9 510.6 506.4 504.4 496.6 491.5 481 460.7 460.4 485 492.7 495.7 503.3 503.6 516.9 530 539.2 550.7 567.5 583.8 596.3 610 628.2 643.9 655.3 667.5 682 694.7 701.5 709.5 720.1 725 724.6 724.7 724.2 718 707.4 691.2 674.1
457.9 465.6 473.5 479.1 482.3 488.6 494.4 499.4 503.4 506.5 513.4 515.4 517.6 520.5 525.2 529.7 533.2 538.5 549 557.1 566.7 573.6 578.1 583.1 584 585.8 587 587.1 586.3 585.8 584.6 580.8 575 570.3 563.3 556.6 547.8 540.4 530.5 522.5 517.2 510.9 506.9 501.2 497 489 468.4 466.9 485.2 496.8 499 506.9 508.3 512.2 525.8 536.7 546.7 561.5 576.4 589.9 603 622.6 638.8 648.9 662 675.7 687.2 696.7 710.9 722.4 724.3 723.1 724.1 723.2 717.1 703.9 687.2 671
456.7 464.8 471.7 475.4 480 484.5 489.8 496.6 501.1 505.9 512.5 518 520.6 523.5 526.2 529.2 535.6 542.1 553.1 563.3 570.7 576 579.2 586 587.5 589.4 590.4 593.3 592.7 590.9 588.2 584.8 581.5 576.2 569.8 562.8 554.4 545.4 536.2 530 523.2 515.8 510.8 505.6 501.4 496.7 481.3 465.7 468.4 482.8 501.2 507 510.6 512.6 521.8 532.7 542 557.1 570.6 584.9 599.6 619.7 634.3 645.1 656.6 669.6 679 693 710.5 721.3 723.3 724 717.6 719.8 713.2 694.7 679 663.7
453.7 462.7 466.7 472.6 479 484.3 490.9 497.2 502 506.1 512.8 515.5 520 523.8 528.6 532.1 539.5 547.4 558.5 567 572 578.7 583 589.5 592.4 595.3 598 600.9 599 596.8 595.1 589.5 585.8 580.8 575 568.6 560.4 550.8 543.2 535.5 527.9 520.1 515.2 511.2 507.3 501.6 500.4 485.4 469.9 473.4 477.3 503.8 512.3 516.9 521.2 528.4 538.3 551.1 566.4 580.4 596.2 614.5 630 641.5 652.7 665 675.7 692.9 712.6 720.9 724.9 722.2 712.8 707.8 703.9 687.8 670.6 658.5
452.7 460.8 468.1 474.2 479.2 485.3 491.7 497.8 502.3 507.3 515.2 519.9 522.9 525.9 530.1 537.3 545.9 554.7 563 571.6 576.3 580.6 588.2 593.5 597.3 600.2 604.7 605.8 604.8 602.8 600.5 597.4 593.1 587.9 580.9 574.1 567 558.5 550.4 541.8 533.8 527.6 521.5 515.3 511.3 507.8 506.4 490.7 490.8 489.5 478.8 483.2 509 519.5 522.6 529.5 536.2 547.7 561.4 574.2 589.9 609.4 624.6 637.8 647.1 659.7 670.3 689.5 709.9 718.4 725.2 722.5 711.9 703.2 690.7 677.7 662 655.4
456.1 461.9 467.4 475 480 487.2 492.9 496.4 502.5 509.5 515.4 520.7 525 528 537.9 541.9 551.4 556.9 564.9 573.5 578.7 584.7 592.1 598.2 603.8 607.5 609.7 612.5 612.9 611.4 607.9 602.7 597.4 592.6 585.5 579.5 573.1 565.8 557.7 549.9 542.1 535.8 528.7 521.6 516.1 515 512.9 496.2 505.2 508.9 500.4 483.2 492.1 516 521.9 528.5 532.7 542.2 558.3 570 584.5 602.5 619.3 633.3 641.9 654.6 667.4 688.6 705.7 717.4 719.9 712.1 706.7 698.6 685 671.3 654.2 647.4
