Assets/StreamingAssets/GeoData/Data/nn/NN68.asc
ncols 200
nrows 200
xllcorner 260000
yllcorner 780000
cellsize 50
[rows 0 to 34 of 200, columns 0 to 77 of 200]
447 452 461.2 468 470.4 473.2 469 467.1 467 465 465.8 466.6 470.1 475.4 474 470.6 470 474.4 485.4 480.8 480.2 483.9 477 454.5 457.8 464.2 459.3 464.4 463.5 465.8 452.9 456.6 441.6 434.8 430.5 426.7 425.7 431.1 429.1 413.6 404 395.2 394 384.6 371.2 367 365.2 356.1 356.2 350.5 349.2 347.1 344.6 344.1 342 340.8 340.1 342 336 336.8 337.7 337.5 338.2 342.7 343.2 344.2 344.5 345 347.6 344.6 343 341.1 339.3 338.5 337.7 338.1 338.2 337.4
449.9 459.4 467.8 470.8 478.2 478.9 472 468.4 467.6 466.9 465 465.8 469.6 470.9 468.2 468.5 470.1 480.7 483.1 489.8 478.6 471.4 446.7 435.9 436.1 440.6 442.1 448.1 441.9 434.5 430 426.2 422.7 417 417.6 413.6 408.3 408.1 404.5 396.2 387 387.7 382.3 371.7 363.1 357.2 355.4 350.6 349.3 349.1 347.7 347.3 345.1 342.8 340.9 340.6 339.1 337.3 340.8 337.6 338.8 339.5 344.1 345.2 345 346.8 348.9 349.7 348.7 346.2 344.2 342.3 340.7 339.3 339 339.5 341.1 338.5
454.9 464 473.8 477.1 487 484.6 475.9 467.3 467 466.7 466.1 466.1 465.8 466.4 467.6 468.9 469.5 476.7 480.4 485.4 470.6 439.3 420.9 414.8 417.9 419.4 419.9 419.7 422.7 408.1 401 397.6 400.1 398.7 401.2 393.9 393 389.5 386.2 380.5 375.1 372.7 371.1 363 353.2 351.3 349.8 348.9 348 348.3 349.7 348.8 349.3 344 341.8 339.6 338.9 340.3 340 342.4 348.6 349.2 349.4 349.4 348 350.8 352.2 354.2 352.3 348 346.4 343.4 341.5 340.5 340.4 341.4 341.9 341.2
458.7 469.1 478.8 488.9 494.1 485.9 477.6 469.9 468.3 468.8 467.7 467.4 466.9 467.6 473.2 472.6 470.9 470.6 470.5 468.8 455 419.7 406.2 398.6 396.2 393.5 391.9 394.8 394.5 388 378.8 374 373.8 374.7 376.2 374.6 374 372.2 368.8 363.6 363.2 359.5 357.3 354.1 349.7 349.7 348.6 350.6 348.3 346.7 347.2 346.6 344.8 342.7 342.3 343 342.4 342.1 342 343.9 349.2 351.9 353.8 351.7 350.4 354.2 355.6 356.8 355 350.5 347.5 344.1 342.4 341 341.1 343.7 344.3 341.5
459.1 467.5 481.3 497.1 498.8 487.3 476.2 474.8 471.9 474.9 470.7 468.7 469.4 479 481.6 483.7 478.7 466.5 463.3 450.2 428.7 410.4 396.3 386.6 379.4 376.4 373.4 373.9 371.9 368.4 360.4 359.6 356.4 359.1 356.4 356.8 356.7 355 352.1 353.3 349.8 348 348 348 348 348 355.7 360.2 354 349.7 348.6 347.5 345.2 345.9 348 345.7 347.1 348.5 348.5 347.9 350.4 354 356.3 355.5 354.5 356.4 358.4 359.9 356.5 353.4 350 344.5 343.1 342.7 342.7 343.8 346.7 343.7
458.8 468.8 479.5 491.8 488.5 480.9 478.7 479.5 479.9 477.6 474.6 472.3 478.6 476.3 478.2 484.8 489.1 463.4 450.9 433.7 415 399.2 386.2 376.8 368.7 364.7 361.5 355.9 354.2 351.1 348 348 348 348 348 348 351.2 348 348 348 348 348 348 348 348 350.4 359.1 359.5 355.6 351.6 349.8 348.2 348.4 348.9 348.8 349.7 350.6 350.9 351.3 350.7 351.2 354.1 357.8 355.3 359.9 360.1 362.2 362 358 356.2 353.2 348.3 345 344.5 343.9 344.6 345.1 344.2
457.2 461.1 467.7 476 477 479.7 482.4 490.8 488.3 479.8 476.1 477.5 493 486.2 477.8 475.2 470.9 463.3 444.8 425.1 403.4 389.5 376.6 367.5 360.5 355 351.2 348 348 348 348 348 348 348 348 348 348 348 348 348 348 348 348 348.1 350 355.4 361.8 357 354.5 356.2 350 354.8 352.7 352.7 353 354.7 354.1 354.5 354.4 352.6 353.8 356.9 358.3 363.4 361.5 364.9 363.1 362.3 360.2 357.7 354.7 350.4 345.2 342.6 343 345.8 346.2 345.3
449.7 455.8 466.5 470.5 473.3 483 487.6 492.2 489.3 482.5 483 496.9 500.1 503.3 486.1 469.7 466.6 460.9 438.2 416.6 395.7 383.6 369.9 360.6 358.8 348.3 348 348 348 348 348 348 348 348 348 348 348 348 348 348 348 348 348 352.2 358.4 360.2 362.7 359.4 359 352.9 353.3 354.9 356.9 356.4 356.2 356.6 356.6 357.3 357.3 356.5 358.8 359.6 362.9 368.7 363.1 362.9 366.7 365.1 361.4 359.3 355.2 352.8 345.7 343.5 344.5 344.5 345.1 346.1
446 454.5 464.7 468 483.5 484.8 492.4 489.1 490.1 487.5 495.9 501 511 515.3 495.9 469.5 466.7 459.3 439.4 416 401.2 386.5 370.5 359.5 352.5 348 348 348 348 348 348 348 348 348 348 348 348 348 348 348 348 348 352.9 359.1 361.8 360.7 361.9 362.8 358.1 357.3 357 358.9 359.8 359.5 359.3 358.3 358.6 358.6 359.3 362.4 363.1 367 369.9 371.1 366.5 365.2 368.7 364.6 361 357.9 355.6 350.1 344.9 343.6 345.2 344.9 347.1 346.5
444.7 453.5 457.6 466.1 476.4 479.9 487 488.8 495.2 506.3 499.8 501.2 507.7 510.6 499.8 476.2 466.9 459.7 446.4 420.9 402.9 390 377.4 365.8 355.6 348 348 348 348 348 348 348 348 348 348 348 348 348 348 349 349.3 353.4 358.2 362.3 365.8 362.9 363.2 362.8 359 359.7 359.7 361.5 361.9 361.7 361 360.1 360.4 360.8 362.5 371.6 369.8 369.8 374.2 375.9 369.5 365.9 366.7 364.4 360.5 356.8 352.7 349.4 342.9 345.1 345.2 346.7 346.8 346.7
443.3 447.1 453.1 463.7 473.6 475.2 481.5 490.5 495.9 494.5 496.7 497.8 502.5 514.6 521.3 516.4 498.1 464.5 445 428.1 415.6 400.7 384.4 368 355.6 348 348 348 348 348 348 348 348 348 348 348 348 350.9 352.3 352.9 354.6 359.5 359.9 363.1 368.2 366 364.6 364.3 361.7 361.8 362.7 363.8 365.3 363.8 363.4 363.3 365.2 363.8 369.5 380.4 382.2 375.5 375.8 372.9 370.5 366.9 364.2 363 359 352.9 348.6 344.9 343.6 344.8 345.8 347.1 347.1 347.2
444.7 452.8 454.2 459.3 466.5 470.8 479.7 495.8 499.4 497.9 496 498.3 506.6 510.3 517.4 502.5 493.8 477.4 451.3 435.4 417.9 407.8 386.4 368 352.3 348 348 348 348 348 348 348 348 348 348 349.2 350.4 352.8 356 354.1 360.1 363.9 366.5 367.7 368.7 371.9 369 365.1 365.1 363.5 363.6 365.1 366.2 365.9 366 366.2 368 366.5 375 381.8 382.4 388.6 378.9 372.9 369 365.7 363.7 361.1 354.2 349.7 344.6 343.4 344.2 345.2 346.8 346.9 346.6 346.4
444.3 455.6 456.8 461.2 465.8 470.6 477.8 485.8 491.2 496.3 496.9 506.6 508.9 509.9 518 520.6 517.5 498.5 464.1 444.6 421.7 400.6 383.5 362.9 350.2 348 348 348 348 348 348 348 348 348 350.8 353.8 352.5 358.8 358.1 357.8 366 365.8 369.6 372.6 370.6 370.8 372.2 366.8 365.8 365.6 363.8 364.8 365.1 365.5 368.5 368.2 368.7 373.2 384.6 385 382.4 388.8 378.7 372.5 367.4 362.2 357.9 354.3 350.6 346.6 343.4 344.6 345 345 346.7 346.7 346.1 347.4
448.9 452.6 454.6 462.5 466.4 472 479.2 481.2 487.1 493.8 497 503.4 514.2 516.5 522 517.7 509.2 496.6 472.1 445.1 421.7 397.8 374.6 361.8 351.4 348 348 348 348 348 348 348 348 348 351.5 355.1 359 363.6 365.5 362.2 365.9 368.1 370.9 375 372.3 368.8 371.2 367.8 365.9 363.6 364.2 364.5 365.8 370.7 372.4 371.2 374.5 380.4 387.3 389.1 389.5 383.6 376.4 369.9 365 359.5 354.2 350.5 348.6 346.2 344.1 344.3 344.7 345.4 346 345.7 346.9 347.7
446.6 448.7 451.2 460.7 469.4 472.2 473.9 477.6 485.3 497.8 502.2 516.8 532.1 524.1 527.2 533.9 517.8 491.1 461.5 434.1 414.2 389.8 374.7 360.1 352.1 349.5 348 348 348.4 348 348 349.3 351.2 350.4 354.9 359.4 363 367.4 368.6 368.1 368.7 368.4 373.3 375.1 373.5 367.1 366.7 366.8 367.1 363.7 365.5 366.5 366.5 372.9 372.5 372.8 376.7 384.4 389.8 389.9 387 379.7 373.2 367.6 361 356 352.5 349.8 348.4 346 344.5 343.7 344.6 345.1 344.9 346.6 346.2 346.8
438.7 444.9 449.4 460.3 466.3 468.9 471.4 476.9 491.6 503.6 513.8 526.5 528.7 525.8 541.2 550.7 552.7 524.3 455.2 424.2 405.6 385.2 371.1 362.1 356.8 354.3 351.9 349.7 349.2 349.9 349.1 352.8 353.6 352.4 359.9 365.7 364.9 368.3 369.7 372 370.9 369.8 370.3 371 372.3 365.8 365.9 365.8 365.9 365.4 366.8 370.8 369.3 370.8 372.1 375.2 378 385.8 389 386.8 381.3 375.3 368.3 362.8 356.8 355.2 351.9 347.5 346.9 345.9 345.3 344.1 344.6 344.4 344.7 345.2 345.8 346
440.5 449.1 451.6 460 465.5 468.3 474.3 487 506 510.5 520.8 528.4 526.6 541.5 556 554.8 550.3 489.7 448.3 425.6 407.8 387.2 374.6 368.3 362.7 357.9 352.4 350.2 351.2 353.8 352.7 354.7 359.5 360.2 364.3 370.3 367.6 371.9 372 372.9 372.5 372.6 370.5 369 366.4 366 365.7 365 365.2 365.2 366.6 369.3 373.7 373.9 374.5 374.8 379.3 382.9 385.5 378.8 375 368 363.4 358.4 355.6 353.4 352.4 349.7 347.3 345.9 344.4 344.2 345.1 344.8 345.3 344.7 345.4 346.9
442.1 454.5 454.8 459.4 464.9 471 479.4 494.9 506.6 511.8 526.4 528.5 526.4 540.9 556.9 552 531.6 479.2 448.5 430.3 409.5 394.6 376.6 369.1 361.4 354.3 352.1 352.5 353.4 353.9 354.3 360.6 365 363.9 367.8 372.1 372 372.4 375.4 375 374 373.4 372.6 372.6 367.7 366.2 365.5 366.1 366.7 366.2 366.1 368.7 373.2 373.8 374.2 374.7 380.8 379.2 376.2 373.5 369.3 364.3 359.8 357.1 354.7 353.9 353.2 352.1 347.9 346.3 344.4 344.6 344.4 345.7 345.1 345.5 345.7 347
444.4 451.8 455.8 460.4 465.4 476.6 482.6 490.8 497.6 510.2 512.5 520.1 531.8 532.6 545.9 541.8 500.3 466.9 446.1 427.4 406.9 388.1 375.7 364.7 357 353.9 355.1 356.3 357.4 356.6 363 366.5 368.2 368.2 371.4 373.8 376.9 376.3 379.6 381.5 379.9 379.1 377.3 375 370.5 366.4 365.6 366.9 367.3 367.2 365.3 367 370.7 372.7 373 374.6 378.5 376.7 373.5 370.1 367 362.8 359.9 357.7 355.3 353.5 354.1 350.7 348 346.3 344.7 344.8 344.7 345.1 346.6 346.3 346.4 347.2
439.7 448.6 459.1 460.9 468.8 473.4 478.1 483.8 495.7 503.5 508 514.1 518.4 529.6 546.9 540.4 494.5 461.6 445 416.8 396.1 378.1 368.2 361.4 356.7 360 358.2 366.7 362.5 366.8 371.7 373.3 374.2 374.6 378.2 383.9 387.9 388.5 386.9 385 385.4 383.9 382.1 377.7 372.1 367.6 366.4 367.4 367.4 367.6 366.4 366.3 366.2 369.1 371.4 374.6 376.9 373.7 371.9 368.4 365.8 362.3 359.1 356.7 355.7 354.4 351.4 349.7 349.3 347.7 345.5 345.6 345.7 345.7 347 346.6 347.9 348.9
434.9 445.2 453.2 459.5 464.2 467.3 471.5 475.6 486.5 497.6 500.5 504.3 510.7 526.6 535.9 518.4 489.9 449.3 434.6 405.1 379.6 367.6 362 359.6 357.2 361.1 362.9 368.7 373.8 377 381.9 385.6 386.1 388.1 394.9 398.2 404.8 408.2 395 394.9 389.6 388.7 384.1 378.8 373.5 368 366.7 367.3 367.6 366.8 366.4 367.2 367.9 368.6 372.7 375.6 376 372.5 369.7 367.2 364 361.8 361.1 359.4 359 357 354.1 353.4 350.8 347.8 347.3 347.4 346.8 346.8 347.8 348.2 349.5 351.5
429 440.2 447.4 454.9 459.3 462.8 466.7 467.6 480.3 489.3 490.4 501.9 502.8 514.4 477.2 459 445.5 423.1 409.6 383.2 372.5 364.5 361.8 359 360.8 364.5 372.4 378.1 383.9 390.5 395.5 402.6 408.5 413.1 415.4 419.7 422.4 420.9 416.3 401.4 398.2 391.9 387.7 382.8 377.2 373.6 370.4 369.9 369.2 367.4 367.6 368.1 367.2 369.8 374 375.5 375.1 371.6 369.5 368.6 367.9 366.4 365.1 363 360.6 358.5 356.8 354.6 353.2 349.8 350.6 349.7 349.6 349.2 349.8 349.1 350.6 352.8
427.9 436.3 446.2 452.8 453.9 458.3 460.5 462.7 470.7 475.2 481.4 487.2 483 466.5 444.8 430.8 417.7 403.2 388.4 373.2 368.2 363.5 360.1 361.6 365.9 377.5 382.8 392.1 402.1 414.1 420.9 423.9 433.3 458.3 467.2 456.3 445.6 435.9 426.4 422.4 414 404.6 397.3 392.8 384.6 378.3 378 375.3 374.4 372.3 369.8 369.8 369.3 372.2 375.1 374.8 373.4 372.9 373.6 374.5 374.5 372.4 369.8 367.6 365.2 361.1 359 358.2 355.4 352.9 352.4 351.8 351.5 350.2 350.9 351.2 352.8 355
424.5 431.3 439.4 442.6 447 451.2 454.4 456.4 459.8 469.5 472.9 469.3 456 442.4 433.7 416.7 404.3 391.2 377.8 372.6 366.1 362.6 362 364.6 375.4 390.2 403.4 414.5 435.7 445 444.2 450.6 474.2 484.4 483.9 475.9 466.2 457.1 444.4 437.2 431.4 422.2 408.4 402.1 392.5 390 389 385.1 380.9 378.3 373 372.4 371.9 373.1 376.4 376.5 378.4 379.1 382.9 384.4 383.4 381.1 378.2 375.5 372.6 367.5 364 360.8 357.7 355.7 355.1 354.6 353.3 351.4 353 353.9 355.7 358.6
421.1 426.8 430.8 436.6 441 447 449.4 451.4 457.2 461.3 463 453 448 429.1 419.1 401.5 394.2 385.7 375.7 370.6 365.6 364.2 364.7 372.4 386.8 402.4 420.7 432.3 459.9 472.2 475.4 476.6 495 495.7 498.1 501.8 490.4 483.3 469.4 454.4 446.6 430.7 417.9 405.5 404.3 400.9 397 391.2 385.6 380.9 376.4 375.9 375.5 376.7 380.8 381.2 387.9 389.9 393.7 394.1 390.4 387.7 384.3 381.2 378.1 372.9 368.4 365.3 361.8 359.4 359.4 358.6 356 352.9 354.5 357.2 360.2 363.2
417 423.5 428.2 433.3 438 441.8 445.4 447.2 452.3 453.3 454.6 442.9 433.3 420.7 408.4 395.8 390 383.3 374.6 370.1 366.5 365.4 369.1 384.2 397.9 414.6 431.9 449.5 471.8 492.6 502.1 520.7 520.3 524.3 520.8 513.9 505.7 491.5 478.5 467.7 452.7 438.7 425.7 416.9 413 406.3 401.3 394 389.1 384 382.1 381.6 383 385.1 392.9 395.8 397.9 400.6 400.9 398.8 396.8 393.5 389.9 386 383.8 378.5 373.3 369 364.8 364.8 363.5 360.4 358.2 357.4 357.2 360.9 364.2 366.7
412.2 420.3 425.6 431.5 433.1 436.4 440.3 442.2 446 449.1 452.3 441.5 429.4 417.2 405.8 396.9 389.3 380.4 372.9 368.9 367.8 369 379.4 392.8 409.1 428 445.7 464.3 488.1 509.1 516.7 527.8 530.6 529.3 528.7 518 504.5 492.2 480.6 466.9 453.7 445 434.4 424.5 417.9 409.9 403.5 397.2 392.4 389 388.3 388.5 390.2 398.1 403.7 409.5 409.6 409.3 408.8 406.2 402.9 399.4 395.2 391.3 387.7 382.4 376.9 374.9 371.1 367.5 363.8 364.6 362.4 361.2 360.8 364.4 367.3 370.1
408 415.2 420 424.8 428.7 431.3 433.4 436.2 439.8 443.2 449.3 434 420.5 416 407.7 397.9 385 376.3 373.9 369.8 370.8 377.2 390.4 403.9 420.1 437.1 454.7 476.9 496.2 512.3 521.3 530.6 528.3 532.2 521.7 516.4 509.6 496.9 483.9 466 453.3 446.7 437.9 430.9 422.4 413.5 405.4 400.6 397.1 394.7 394.9 395.5 403.8 407.7 414.5 423.3 419 417.1 415.6 412.1 409.7 405 400.8 396.2 391.3 387.4 384.6 379.5 373.8 370.9 370.8 369.8 367 365.1 362.5 368.2 370.6 373.1
404.3 409 413.7 418 421.7 423.8 425.9 427.7 428.3 431.2 427.9 421.4 415.3 413.5 405.2 395 382.9 375.2 372.5 375.2 378.8 388.6 398 411.1 431.7 449.4 464.9 491.1 505.3 516.4 525.3 527.6 527 527.7 509.8 515.3 514.3 501.5 483.8 463.8 452.3 445.8 439.8 432.4 424.2 418 412.7 408.1 403.2 402.3 404.2 404.9 411.8 415.1 422.1 429.6 426.5 425.4 423.3 419 415.3 410.9 405.6 400.6 397.1 393.7 390.2 384.9 379.6 377.7 374.6 372.7 372.4 369 363.6 371.3 374 375.5
402.1 405.9 406.6 410.1 414 416.7 417.3 417.4 417 418.6 415.4 410.5 408.9 404.8 400.3 389.8 382.8 375.2 377.9 380.5 388.3 397.9 408.3 421 442.9 458.9 473.1 499.2 511.3 515.5 526.3 527 521.6 500.4 505.2 511.5 499.2 486.6 473.1 458.8 452.4 446.5 440.4 434.1 430.4 425.9 419.3 415.1 412.1 410.1 413.7 417.1 420.3 423.9 429.6 435.1 433.5 431.4 428.8 423.9 419.8 416.7 409.2 403.5 401 399.1 393.2 388.9 387 382.5 379.4 376.9 376.1 373.9 367.5 372.8 376 377.9
400.4 402.6 403.8 405.6 409.6 410.9 411.1 412 409.7 408.5 406.8 404.3 403.4 400.4 396.3 388.5 381.5 379.2 381.2 385.2 393.6 403 414.4 430.5 447.7 461.5 479.9 499.3 513 514.5 521.1 518.4 505.3 496.5 497.9 492.8 484.6 477.4 464.8 457.1 452.7 449.2 444.1 441 437 431.3 427.4 421.3 421.9 421.3 424 430 432 433.5 436.8 439.8 440.5 438.1 435.1 432.2 428.7 422.3 417.5 413 407.7 405 404.5 397.6 393.2 388.7 383.7 380.6 379.2 375.6 368.8 371.5 373.8 377.3
400.6 404 404.7 405.3 407.9 407.7 405.8 405.9 406.3 405.5 403.7 400.8 398 395.4 391.8 386.3 381 381.9 383.5 389.6 396.9 406.5 420.6 437.1 449.1 462.8 477.6 494.2 501.4 510.4 513.5 510.8 491.9 491.4 491.2 486.7 478.1 469.8 463.7 459.4 458 455.7 453.2 450.2 446.3 441.8 433.1 426.8 427.7 428.1 431.8 440.5 443.4 443.4 446.8 448.6 447.2 445.8 442.7 439.4 435 429.3 425.4 422 420.5 415.8 413 405.2 399.2 392.9 387.8 384.4 380.9 376.2 371 373.8 374.3 375.2
402.2 404.9 405.1 405.4 405.3 403.3 401.1 401.7 401.6 401.3 400.5 397.8 395.3 391.5 386.3 383.5 383.2 384.4 387.4 391.9 400.5 414.5 427.9 438.4 447.4 456.5 469.4 477.1 484.9 490.2 493.6 486 485.2 485.9 485.9 477.9 474.4 469.5 468.8 469.3 468.8 464.5 461.2 456.8 452.8 445.3 438.9 436.8 435.8 437.9 445.3 449.3 451.7 454.1 457.1 457.9 457 454.5 451.8 447.9 442.8 437.9 433.5 429.8 426.9 422.9 418.7 412.2 403.8 394.9 389.4 386.9 382.4 377.3 372.7 375.4 376.2 375.2
403 404.9 405.3 405.1 401.8 401.6 400.6 399.5 399.2 394.1 396.8 392.5 388.5 385.7 388.2 386.2 385.8 388.2 391.2 397.1 404.5 416.2 426.4 437 447.6 454.8 461.3 467.8 473.7 476.1 477.4 480.4 482.1 482.8 480.4 477 477.4 478.3 478.9 480.2 477.9 473.9 468.9 463.9 458.4 451.6 447.5 447.5 448.6 451.3 457 460.4 461.6 464 468 470.2 468.5 464.9 460.7 455.9 450.8 445.6 439.7 433.5 427.8 423.2 418.8 411.9 405.4 396.6 390.7 388.3 383 377.7 373.2 378 377.3 377.3
404.5 404.8 405.5 405 405.8 405.9 404.5 406.7 404.3 399.2 390.2 389.1 387.4 388.4 389 388.9 390.5 395 400.6 406 408.3 419.3 428.9 437.7 446.2 452.6 459.9 464.7 469.1 473 476.3 479.5 481.7 483.4 484.4 485.8 490.2 488.9 489.3 490.1 488.6 483.5 477.4 471.5 465.1 459.5 458.5 459.1 460.1 463.1 468.1 471.1 472.2 474.3 482.5 485.1 479.6 474.5 469.3 464.1 459.1 453.6 445.6 437.2 430.3 424.7 418.3 411 406.2 398.2 391.4 387.6 385.8 379.1 379.1 381.8 380.7 378.3
