Assets/StreamingAssets/GeoData/Data/nn/NN69.asc
ncols 200
nrows 200
xllcorner 260000
yllcorner 790000
cellsize 50
[rows 70 to 104 of 200, columns 78 to 155 of 200]
338.1 334.6 333.8 339.6 352 360.1 366.9 373.4 376.4 390.5 401.4 410.3 424 439.1 456 462.4 474.4 479.3 484.7 479.8 475.6 458.4 444.2 429.6 417.6 406.8 401.5 400.5 396.4 397 395.5 394 394 395.4 395.6 398.6 405.2 412.6 420 429.1 439.9 448.2 454.4 458.2 471.6 477.3 482.4 490.8 501.5 507 510.9 522.5 531.5 542.2 550.3 557.4 566.5 569.1 560.8 557 557.1 556.5 558.3 563.6 552.2 546.7 549.1 552.3 566 587.2 602 586.1 561.3 550.3 536.1 529.4 513.4 502.7
334.9 333.4 334.9 345.2 352.3 357.9 362.5 367.5 375.4 386.4 393.9 407.6 413.6 434.2 447.1 458.2 466.9 475 474.3 470.1 461.1 452.9 438.8 423.2 410.5 401.3 397.1 392.7 390 390.3 389.6 390.4 390.7 392.7 392.1 397.7 403.4 409.9 417.2 424.4 432 441.4 445.3 456.6 462.4 469.1 476.9 485.7 494.4 499 508.7 530.1 540.2 541.1 550.4 553.3 556.3 554.5 547.9 543.3 542.2 546.7 546.1 542.8 540.9 538.1 541.6 545.5 551.5 582.4 584.7 563.4 542.4 528.7 510 502.9 488.7 469.4
333 332 336.9 346.5 353.2 354.9 357.2 362.3 371.9 383 391.6 401.5 409.7 427.3 439.3 449.4 451.5 448.7 455.1 448.2 448.7 447.2 428.7 414.7 405.7 397.5 390.3 385.3 382.8 382.6 383.9 386.4 387.3 387.6 389.2 394.7 400.8 406.5 412.6 418.9 427.4 432.1 442.4 447.9 455.6 463.9 476.8 483.7 489.9 495.2 502.9 515.4 530.5 533.7 545.2 547.6 547.1 543.1 540.1 532.6 528.7 534.8 533.8 532.2 529 527.1 534 539.7 545.9 558.6 546.6 528.8 511.1 491.3 478.2 482.1 465.9 427.5
332.1 333.3 335.8 341.7 347.4 348.1 351.8 358.2 368.8 381.3 390.8 396.4 410.8 425.6 435.9 440.5 444.7 442.4 437.3 437.2 435.3 433.4 415.6 403.6 401.9 390.5 385.4 379.5 376.9 377.5 380.1 382.1 383.5 384.1 386.4 390.7 396 401.2 406.3 415.7 420.5 427 435.4 442.8 451.8 460.5 468.5 477.8 482.1 488.1 498.7 502.4 522 537.3 541.5 544.7 547.2 542.4 536.6 528.5 525.9 530.3 535.4 529.1 524.6 524 528.6 532.7 537.1 530.2 515.8 501.3 486.5 464.2 460.4 464.8 425.2 392.3
331.7 333 336 341.7 342 344.4 348.1 354.2 363.7 377.5 386.7 397.1 410.2 420.5 431.6 437.2 434 436.1 432.1 422.6 418.2 414.7 402.7 396.8 391.1 385.8 379.9 376 373.9 375.5 378.1 379.3 380.3 379.4 383.3 387.2 390.8 396.1 401 407.6 416.7 424.2 431.5 440.9 449.4 457.1 465.6 473.1 478.6 488.3 494.5 496.4 516.2 530.5 539 548.7 545.5 540.5 532.5 526.9 524.9 530.6 530.9 526.1 520.9 521.5 527.5 530.8 525.1 493.4 483.3 483.2 459.6 448.5 442.1 437.5 399.3 371.4
330.1 332.7 336.5 340.9 338.6 341.4 343.1 349.2 358 374.2 385.1 395.1 413 419.7 430.6 434.9 434.7 423 420.4 413.4 410.6 400.8 394.7 388.8 384 379.1 376.6 373.3 372 373.6 375.2 375.7 376 377.5 380 383.7 387.1 392.8 399.9 409.8 418.7 426.1 433.8 446.9 453.1 460.5 464.2 475.2 478.2 490.5 495.2 500.4 507.6 524.2 532.6 542.6 539.4 540.1 531.7 524 524.7 528.2 528.1 521.9 517.7 522.5 533 537.2 506.9 478.2 466.8 450.7 438.4 429.9 425.8 403.7 374.1 350.2
329.6 332 334.6 335.8 338.3 338.2 339.8 344.2 354.2 369.1 380.8 395.9 410.1 419 420.4 429.3 429.1 419.9 411.7 406.4 399.2 392.6 388.9 382.1 377.5 374.6 371.6 370.7 369.6 370.7 371.5 372.2 371.3 375.1 376.8 381.8 387.3 393.9 403.3 412 420.8 429.3 438.6 447.5 455.2 459.9 465.2 472.3 479.1 492 502.6 504.4 511.2 514.1 528.7 530.6 529.9 527 527.6 524.2 520.1 516.3 509.6 514.8 513.2 526 536.3 518.9 503.1 479.8 444 430.8 418 412.6 398 377.7 351.3 333.2
328.5 330.7 332.4 335 336.1 335.8 338.1 343.5 352.4 365.6 376.8 391.5 405.2 415.9 414.3 431.1 422.7 415.2 407 396.9 388.8 383 378.8 374.8 372 369 368.1 368 366.4 367.7 368.3 368.5 370.1 372.8 376.3 381.3 386.8 395.6 404.9 414.8 424.3 435 442.1 453.3 459.1 460.3 465 478 493 499.5 498.5 501.5 506.9 508.6 515.9 510.2 513.6 519 519.9 517.5 516.4 510.4 506.4 506.3 510.1 522.2 529.9 518.6 491.5 483.2 430.3 409.6 400.6 394.4 383.6 360.2 336.6 321.3
328.1 329.1 330.3 332.6 333.1 334.1 336.4 343.1 351.5 362.5 372.5 384.1 399.7 407.1 409.7 410.1 406.9 400.3 393.7 385.5 381.5 374.5 370.6 368.7 366.7 364.9 364.5 364.2 363.1 364.3 365.5 365.8 366 371.8 374.7 380.6 388 397.5 405.9 417.8 428.1 437.2 445.9 454.6 462.3 464.5 471.2 481.7 488.4 492.5 495.2 499.5 510.4 503.8 501.1 495.9 498.5 505.4 507.2 515.9 508.3 503.5 503.7 503.9 508.3 518.7 521.9 506 487.9 468.6 415.7 386 373.5 361.1 352.1 338.9 322.1 309.3
327.8 328.4 328.9 330.3 331.3 332.5 335.9 343 349 357.7 364.1 374.4 387.8 399 396.9 397.2 395.3 385.6 381.9 376.8 371.8 368.1 364.8 362.9 361.6 361.5 361.2 361 360.5 361.1 361.6 360.6 366.4 370.3 374.6 379.8 388.5 397.4 409.6 420.4 432.8 445.6 455.9 461.8 469.9 475.8 479.2 483.6 487.7 487.5 490 500.4 502.5 499.7 481.5 476.6 480.1 490.7 499 495.6 496.1 494.2 498.8 502.5 510.6 510.2 504 492.9 473.4 418.2 381.1 357.4 345.4 334.1 321.6 309.9 298.6 288.5
326.2 327.5 327.2 327.7 329.4 331.4 335.2 341.9 349.1 352.3 358.6 367.4 378.3 385.5 388.1 387.8 381.2 375.3 371.2 367.8 364.1 361.8 359.5 358.5 358.1 357.5 357.6 357.5 357.2 358.4 356 361.4 365.4 369.6 374.4 380.9 389.9 400.6 411.7 429.2 440.2 450.5 461 466.1 476.4 488.3 489.9 487.4 485.2 487.3 488.9 488.7 487.9 494.7 471.8 468.7 468.1 474 483.3 483.6 479.4 483.6 495.5 503.1 509 503.7 488.4 467.8 427.1 371.7 339.2 324.9 315.1 305.6 294.4 284.9 276.8 268.2
325.1 326.8 325.9 325.1 327.7 330.3 335.6 341.6 346.3 349.6 351.3 358.2 365 370.3 371.5 373.8 367.8 363.6 363.4 360.9 357.3 355.7 354.9 354.3 354.2 353.7 354.1 354.3 354.8 352.9 357.3 361.2 364.2 368.6 374.8 384.1 393.4 404.4 417.4 427.3 444.1 452.2 457.9 463.6 471.7 485.7 489.6 485.3 480.9 484.9 481.5 480 476.5 481.1 467.6 463.3 463.8 464.5 468.5 475.2 471.8 472.8 486.3 504 500.9 484.5 441.2 380.8 352.9 327.1 309 296.6 292.3 284.9 275.5 267.7 259.8 250.3
322.5 323 324.1 323.2 326.1 329.6 334.4 339.3 343 344.9 346.4 349 352.8 356.8 358.6 360.9 358.5 356.9 355 353.6 351.8 351.1 350.6 349.9 349.8 350.2 350.7 350.9 351 352.1 356.8 359.5 363.5 368.9 377.6 385.8 395.2 405.6 419.7 424.9 435.4 448.6 454.2 456.8 465.2 470.8 475.1 480.1 475.7 471.6 475 470.1 466.4 464.5 458.2 456.2 461.1 459.1 457.6 463.1 465.8 471.3 477.5 469.6 449.4 412.6 379.6 352.7 322.4 300.3 283.8 277.7 269.8 265 257.1 251.2 248.1 245.3
319.4 320.3 321.3 323.3 325.4 329 333.4 336.6 338.4 338.7 339.4 341.8 344.6 346.6 348.6 348.5 348.9 348.7 347.7 347.6 346.7 346.3 346.3 345.8 346.6 347.2 348.1 347.6 347 352 355.1 358.7 363.5 371 378.9 387.8 396.1 411.7 416.5 421.6 431.9 441.5 451.7 454.7 454.9 461.6 465.7 468 467 462.3 467.1 466.1 462.7 460 453.5 450.2 450.9 455.2 453.3 453.7 456.4 461.2 440.9 430 379 334 320.7 305.4 291.4 277.4 263.5 251.8 247.8 246.8 247.1 246.9 245.9 244.9
319.6 319.8 321.8 323.2 324.5 328.5 331.3 332.9 333.4 333.9 335.4 337.8 340.2 341.8 342.5 342.5 342.5 342.9 342.9 342.5 342.9 342.8 342.7 342.9 343.6 344.7 345.5 344.4 346.3 350.2 353.7 358.2 364.7 371.3 378.9 387.9 396.9 411.6 413.4 419 424.1 433.4 445.1 447.4 449.6 446.6 447.5 451.1 453.5 451.9 451 454.3 455 453.3 448.7 448.4 440.3 439.1 448.8 448.6 430.8 373.8 351 338.9 323.3 309.2 294.2 279.2 267.3 263.9 253.8 245.1 243.9 243.9 244 247.7 245.1 245.1
318.5 319.7 320.9 322.2 323.9 326.7 328.7 329.7 330 330.9 332.6 334.7 336.2 337.3 337.6 338.2 338.5 338.6 338.7 338.7 338.8 339.2 339.8 340.4 341.2 342 341.7 341 345.4 348.6 353.1 357.5 364.3 370.3 378.1 385.8 396.9 407.8 411.8 421.3 421.3 424.1 430.7 436.3 438.7 438.1 433.7 435.4 435.7 440.1 437.5 435.9 442 437.2 431.8 433.8 430.9 432.7 424.6 415.4 364.4 341.5 328.7 317.1 303.2 286.5 273.9 263.3 252.5 248 246.6 243.7 243.9 243.9 245.5 244.6 244 245.1
317.9 319 320.2 321.9 322.5 324.9 326.6 327.1 327.4 328.5 330.4 331.9 332.8 333.2 333.5 334.3 334.4 335 335.1 335.6 335.9 336.5 337.3 338.3 339.1 339.7 338.6 340.3 344.2 347.7 351.8 356.8 362.2 367.9 374.1 381.1 395.9 403.8 410 419.8 421.6 420.6 421.8 425.9 427 427.4 421.3 419 420.5 424.6 424.5 423.8 425.9 420.8 417.5 420 420.4 420.1 412.9 372.1 338.5 318.8 307.2 295.7 286.1 269.5 259.7 252.3 248.1 245.4 243.9 243.9 243.9 243.6 246.1 244.7 244.7 244.5
316.4 318.3 320.3 320.6 321.2 323.7 324.6 325 325.2 326.1 327.5 328.6 328.7 329.3 330.1 331.1 331.5 332 332.3 333.1 334 334.6 335.5 336.3 336.9 336.7 336.2 339.9 342.8 346 350.1 353.4 357.6 363.4 367.2 376.1 388.7 393.4 405.3 413.5 411.8 411.9 411.8 414.5 415.5 414.5 410 408.3 412.9 410 410 409.4 406.4 405.4 402.8 405.6 407.7 411.4 395.9 355.1 315.9 305.1 293.5 282.7 273.1 266.9 256.6 251 248.8 245.7 243.9 243.9 243.9 245.9 256.4 246.4 245.8 245.5
314.3 318.4 318.6 319.3 321.1 321.6 323.1 323.2 323.8 324.5 325.4 325.1 325.9 326 325.9 328.2 328.8 329.6 330.4 331.2 332.2 333.1 333.9 334 333.5 333.7 335.4 339 341.3 344.5 347.6 350.1 354.4 358.9 363 370.2 379.7 384.9 394.2 403.7 401.5 403 406.2 407.1 404 402.6 398.1 400.4 406.1 400.9 393.4 389.8 390.4 387.7 391.5 395.6 387.9 383.2 330 317 304.4 291.6 282.2 276.8 264.9 260 252.7 251.4 249.3 246.6 244.8 243.9 243.9 244.3 258.9 246.9 246 243.4
313.9 317.6 317.8 319.1 320.9 320.7 321.5 321.7 322 322.3 322.5 322.7 323.1 324.4 324.1 325.2 326.9 327.7 328.6 329.5 330.5 331.4 331.5 331.1 330.9 333.1 334.6 337.2 340.1 342.2 344.4 346.4 349.6 352.5 356.6 364.1 371.1 376.6 388.5 397.1 396.8 403.5 406.3 401.9 394.3 393.4 391.4 391.9 391.8 389.5 389.9 384.5 378.9 377.3 372.4 357.7 334.3 318.1 307.7 302 296 287.7 275.3 267.9 268.6 264.4 256.7 249.8 248.2 245.6 248.1 245.7 244 243.1 246.4 244.7 244.2 249.4
315.6 317.6 317.2 318.7 319.5 320 319.9 319.9 320 320.1 320.3 321.1 321.5 323 323.4 321.6 323.2 326.4 327.1 328.1 328.7 328.7 328.4 328 332.1 331.4 333 335.3 338.6 340.1 341.9 343.1 345.1 347.3 353.6 361.1 365.1 374 383.2 389.6 395 404.5 398.9 396.5 393.4 392.8 389.8 385.7 384.9 384.5 386.5 387 377.5 363.4 352.2 341.5 324.5 311.3 303.5 299.6 289.8 286.9 281.9 280.7 276.7 265.9 258.5 254.9 250.3 254.5 262 258 244.6 243.9 245.3 243.4 248.6 263.3
315 316 317.2 318.2 318.1 317.9 317.5 317.6 317.7 317.9 318.7 319.5 320.2 321.1 322.2 321.6 321.4 324.6 326 325.8 326.5 325.9 325.9 326.8 329.3 330.7 332.4 333.7 335.8 338 340.1 340.4 342.5 345.1 350.1 357.9 362.5 368.5 377.8 385.6 391.4 397.2 404.1 404.7 402.2 405.1 407.2 394.9 383.6 381.9 379.4 374.8 368.7 359.7 348.1 331.4 321.9 314.2 310.4 308.6 309.3 303.2 294.8 287.3 275.7 267.5 261.8 258.8 259.4 264.4 268.8 262.4 244.5 243.9 245.4 244.6 254.5 267.8
313.8 315 315.8 315.5 315 314.5 314.3 314.9 315.5 316.3 317.1 318.4 319.8 320.1 318.3 316.5 319 322 322.1 322.9 322.8 323.1 325.1 327.1 328.8 329.8 329.6 330.3 334.8 335.1 336.5 338.3 340 343 347.9 352.1 359.1 369.4 375.7 388.6 393.6 392.4 401 405.7 406.5 400 400.4 395.1 382.5 379.6 375.8 371.2 363.2 352.1 351.6 345.3 339.9 334.5 333.7 326.4 314.8 314.5 303.8 287.1 273.4 267.7 262.9 265.4 271.1 270.4 268.2 257.8 244.3 243.2 245 243.7 254.3 267.3
313.1 312.8 311.6 311.1 310.8 311.2 311.7 312.6 313.5 314.6 316.1 317.4 317.9 318.1 316.2 314.3 317.2 318.3 318.6 318.6 318.9 323.5 325.5 326.9 328.2 328.8 330.7 330 332.3 334 333.1 333.7 337.1 339.8 343.7 349 354.6 361.6 371 383.4 384.5 386.4 391.4 400.1 399.7 399.2 387.6 384.6 377.2 372.7 371.2 364.7 361 359.5 364.3 366.3 369.3 373.9 367.7 330.2 308 320.9 303.4 287.6 274.7 268.4 270.8 272.4 271.9 269.5 259.5 245.5 244.9 244.9 244.9 243.4 252.9 267.3
309.2 308.1 306.1 305.2 305.9 306.6 308.4 310.5 311.4 313.4 315.2 316.4 316.4 316.9 315.7 312.4 314 315.1 314.3 320.3 322 322.7 324.2 325.9 327.5 328.2 329.1 327.9 329.8 331.3 332.2 331.6 332.4 335.3 339.3 344 349.6 357.4 364.9 368 373.6 379.6 381.5 382.9 383.7 380.9 375 370.5 367.1 363.4 365.7 367.7 369.3 372 376.9 377.6 378.4 386.9 384 355.5 316.5 302.7 297 290.4 269.9 265.8 267.5 266.8 262.2 258.5 249.6 245.3 245 245.3 245.2 243.4 249.8 267.1
301.8 302.2 300.9 300.9 302.8 304.2 305.7 308.5 310.9 312.3 314.2 315.1 315.4 313.2 315 309.9 311 311 317.8 318.9 320 320.6 322 324.3 325.4 326.4 327.2 326 327 328.5 327 328.7 327.3 328.9 333.2 337.2 343.1 348.8 352.8 358.3 361.9 366.3 373.4 368.6 366.3 361.3 360.1 361.9 361.7 360.3 360.6 359.3 363.3 367.8 374.1 376.3 380.4 388.9 387.7 350.2 313.3 311.4 297.9 285.4 270 263.5 264.3 260.9 259.8 259.9 247.5 245.5 244.9 245.3 243.4 245.3 251.1 266
297.9 298.1 297.2 297.3 298.1 301.6 304.6 307.9 309 310.4 312.4 312.4 312.8 311.4 312.2 309 307.8 315.7 316.3 316.9 318.3 318.9 320.6 322.1 323 324.1 324.9 324.7 320.3 319.9 318.8 320.9 321.8 323.4 329.1 331.6 334.9 339.1 342.4 348.5 353.3 357 358.7 358.1 352.1 350.9 351.8 354.4 353.2 352.4 352 351.7 356.2 361.1 369.1 371.5 376 383 378.1 342.3 306 300.7 292.7 284.6 272.1 260.3 255.1 253.6 261.5 256.6 246.5 245.7 245.6 245.6 243.4 245.2 249.3 269.4
294.8 294.2 293.3 294.4 296.8 300.9 304.8 307.1 308.5 308.3 310.2 310 310.5 310.6 307.4 305.9 312.4 313.5 314.6 314.8 315.9 317.1 318.4 320.1 320.5 321.1 321.9 321.8 321.9 321.4 320.1 311.4 314.2 319.1 322.7 326.4 330.2 333.6 334.2 335.1 341.4 342.3 344.6 345.6 342.2 343.7 343 343.8 342.4 344 344.1 347 351.1 355.2 361.2 364.6 370.4 375.6 368.5 337.2 303.4 286.8 281.6 274.9 268.5 258.1 252.6 251.5 252.7 251.5 246.1 243.4 245.6 245 244.9 244.7 255.1 264.2
292.4 292.6 291.8 293.8 297.9 302.2 302.4 304.8 305.7 306.5 306.9 307.8 307.2 307.1 301.8 310.1 310.7 311.3 311.9 312.7 312.8 315.3 316.7 317.6 318.3 318.7 319.2 319.2 319.2 318.8 318.5 317.1 304.2 309.4 316.9 320.9 324.3 325.7 326 329.4 331.2 332.5 333.8 332.5 333.5 335.5 335.8 336 336.5 337.2 338.7 339.6 343.2 346.5 349.9 353.4 362.2 364.7 356.8 337.2 301.2 285.6 274.2 269.9 265.2 263.3 254.5 247.3 247.3 247 244.6 243.4 245.3 244.9 245.1 245.7 257.5 268.6
290.9 291.3 293.1 295.2 299.7 300.7 302.9 302.9 304.1 304.1 304.3 304.1 304.6 299.6 299.8 308.1 308.9 309.5 309.9 310.6 311.4 312.9 314.3 314.9 316.3 316.6 316.9 317 317 316.9 316.1 316.7 313.9 297.7 309 316.7 316.9 318.9 320.5 323 324.6 326.7 327.7 328 328.7 328.9 330.3 329.9 330 329 329.6 328.8 334.1 336.8 338.7 342.3 349.5 353.3 346.4 326.5 302.2 284.8 271.7 269 265.6 263.8 254.4 247.2 246.1 245.7 243.4 245.6 245.1 244.9 245 244.6 256 267.8
290.1 291.8 294.1 298.1 300 301 301.3 301.6 302.7 302.4 301.7 302.9 300.6 298.1 304.7 306.2 307.6 307.8 308 308 306.1 310.3 311.3 312.6 312.7 313.1 313.5 314.4 314.8 315.1 315.3 315.1 313.3 296.3 307.3 311.6 309.6 313.2 317 319.5 320.8 322.8 323.7 323.7 322.3 323.1 321.1 320.8 317.7 316 317.7 319.4 321.8 327.2 329.1 331.3 335 338.5 331.6 316 296 282.3 271.4 268.4 265.7 262.7 254.1 246.5 245.8 245.7 244.5 243.4 245.7 245.1 244.7 244.8 252.4 265.7
290.5 294.2 296.9 299.3 298.2 299 300 300.6 301.1 299.3 299.8 298.4 293.3 301.1 302.3 303.8 304.6 304.9 304.8 305 302.5 304.9 307.1 309.4 309.7 309.9 310.2 310.3 310.3 312.7 311.6 308.5 304.3 290.7 301.8 303.8 303.9 307.2 317.1 318.8 319.6 321.1 319.9 314.3 316.8 314.6 317.5 315.5 313.9 313.6 312.2 314.2 314.4 319.9 317.9 318.6 323 324.7 323.2 316.4 290.7 279.3 273 271.5 265.9 264.1 253.2 248.6 247 245.5 244.1 245.4 245.5 245.2 245.9 245.3 251.3 260.3
292.2 294.4 297.3 297.6 297 297.6 298.2 298.7 298.8 296.4 297 296.9 294.8 298.6 299.9 301.3 303 302.3 301 299.7 297.6 298.5 301 304.7 306.1 307 307.2 306.5 306.2 307.4 299.2 300.6 295.5 290.6 293.9 297.2 296.3 300.4 305.8 309.3 302.1 305.9 301.7 301.3 302.2 307.5 304.9 306.3 310.2 307.8 306.7 303.8 305.1 309.4 316.9 314.6 308.4 314.3 309.6 300.9 280.6 274.7 273.3 269.8 265.1 266 258.2 249.5 249.1 245.1 244.1 244.1 245.2 245.4 245.5 245.3 247.4 261.8
292.5 294 295.4 295.8 295.1 295.5 296 295.7 297.2 294.7 292.5 292.2 292 296.4 296.6 297.9 298.8 297.7 296.7 292.8 293.3 294.3 298.1 298.2 301.4 302.2 303.3 302 302.2 300.7 295.6 291.2 287 276.6 280 279.1 285.5 288.7 293.8 289.5 285.9 292.8 292.1 292.7 295 303.2 301.7 297.5 300.1 297.6 294.3 297.7 296.9 301.5 299.2 302.6 300.1 298.4 299.5 286.4 274.3 273.3 273 270.5 266.2 266 257.6 249.9 249.2 246.8 244.1 244.8 244.9 244.9 246.2 245.4 246.1 256.5
291.4 292.8 293.3 292.5 292.3 292.5 292.8 292.9 294.2 294.4 292.7 290.9 288.9 292.4 293.2 294.7 293.1 293.9 290.6 287.6 287.7 288.2 291.9 294.6 294.9 295.1 293.1 295.5 288.5 284.4 276.8 275.1 272.3 262.4 267 264.4 273.1 276 273.9 279.2 287.9 292 290.9 290.7 290.5 290.9 286.7 286.4 286.5 286.4 284.7 285.6 287.2 291.9 291 289.9 290.9 289.8 289.6 274.1 266.2 268.6 270.1 270.7 260.2 259.6 259 252.6 248.7 245.7 245.4 245.2 245 245.2 246.1 244.8 246.7 260.7
