Assets/StreamingAssets/GeoData/Data/nn/NN70.asc
ncols 200
nrows 200
xllcorner 270000
yllcorner 700000
cellsize 50
[rows 35 to 69 of 200, columns 79 to 157 of 200]
296.2 295.6 294.7 293.9 293.1 292.6 292.2 291.6 290.4 289.1 287.8 286.6 285.5 284.5 283.6 282.7 282 281.3 280.5 279.6 278.5 277 275.1 273.5 272.3 271.7 271.2 270.4 269.5 268.2 266.4 265.5 265 263.7 263 261.6 260.7 259.9 259.6 258.8 258.6 257.8 257 255.4 252.6 250.4 246.9 244.6 238.7 237.1 237.5 237.8 236.4 232.8 230.8 233 233.7 234.2 235.3 235.5 235.4 234.6 233.8 233.6 234.1 234.7 235.7 236.8 236.9 236.7 236.7 235.4 232.9 230.4 228.7 227.1 224.4 223.4 222.6
294.3 293.8 293 292.2 291.6 291.1 290.9 290.4 289.4 288.1 286.9 285.9 284.8 284 283.1 282.2 281.4 280.7 279.9 278.9 277.5 275.7 273.5 271 269.2 268.1 267.9 267.4 267.3 266.2 263.4 261.6 261.1 260.3 259.7 257.6 256.5 255.1 254.3 254.6 254.5 254.9 254.2 252.3 248.6 243.4 240.5 240.2 238.8 236.5 233.3 233.4 232.4 229.3 227.4 228.4 230.1 230.4 231.5 232.2 231.4 230.6 228.6 229.2 230.7 232.7 233.6 233.8 233.5 233.2 233.1 231.8 229.6 227.4 225.5 223.7 222.7 221.7 220.3
292.5 292 291.3 290.5 289.8 289.3 289.1 288.4 287.8 287.1 285.9 285 284.3 283.4 282.5 281.7 280.8 280.2 279.6 278.3 277 275.2 273.3 271.1 269.2 268.2 268.2 268.1 266 264.1 263.3 264.8 264.3 263.1 261.8 259.9 259.8 258.5 256.6 254.6 251.8 251 250.3 247.1 244 246.5 247.4 245.9 244 241.8 240.1 237.9 233.8 236.7 235.6 229.5 225.4 226.2 227 228.8 228.6 227.5 224 224.8 226.8 229.2 231 230.5 230.2 229.9 229.7 228.4 226.5 224.5 222.8 221.3 221 220.7 219.3
290.3 289.9 289.2 288.7 288 287.5 286.9 286.2 285.8 285.4 284.9 284.2 283.5 282.6 281.8 281.1 280.5 279.9 279.1 278 276.9 275.1 273 271.5 270.9 271.2 271.4 270.9 270 268.8 267.8 267.2 266.1 265 264.6 263.4 262.3 260.9 259.5 258.2 256.8 254.2 251.1 249.6 250 250 249.2 247.7 245.9 244.6 243 242 240.8 239.6 237.6 234.2 225.7 222.4 216.8 221.1 223.1 224.4 221.4 218 222.1 225.7 227.2 227.2 227.1 226.9 226.6 225.6 223.6 221.8 220.4 219.5 219.3 219 218.4
288.1 287.7 287.1 286.7 286 285.4 284.7 284.1 283.7 283.6 283.3 282.8 282.3 281.6 280.8 280.1 279.3 278.5 277.7 276.9 275.8 274.3 273.1 272.3 272 271.7 271.4 270.8 270.2 269.4 268.5 267.8 266.7 266.1 265.7 265.1 264.3 263.1 261.5 260 258.1 256.4 254.5 252.9 251.4 250.8 250.2 249.1 247.8 246.5 244.8 243.4 242.1 240.9 239.4 237.2 234.8 231.6 229.5 226.2 213.8 211.5 208.3 207.2 207.6 218.6 222.9 223.9 224 223.7 223.6 222.6 220.7 219.1 218 217.6 217.5 217.5 217.2
285.6 285.4 284.9 284.6 284 283.3 282.6 282 281.7 281.6 281.4 281.1 280.5 279.8 279.1 278.4 277.6 277.1 276.2 275.5 274.7 273.6 272.6 272.3 272.1 271.2 270.7 269.8 269.1 268.5 267.8 267.1 266.4 265.5 264.9 264.6 264.3 263.7 262.8 260.6 259 257.4 255.8 253.6 251.9 251 250.4 249.8 248.8 247.7 246 243.9 242.5 241.3 239.7 237.7 234.8 231.6 229.6 227.7 226 223.9 219.9 216 206.1 207.4 214 218.5 220.5 220.7 220.6 219.7 218 216.6 215.8 215.2 215.6 216.5 215.9
282.9 282.9 282.7 282.4 281.8 281.1 280.5 280 279.6 279.4 279.3 279.2 278.8 278.2 277.3 276.6 276 275.5 274.9 274.2 273.6 272.9 272.3 272.6 272 270.8 269.6 268.8 268.1 267.4 266.8 266.1 265.3 264.5 264.1 263.7 263.4 263 262.3 260.6 259.2 257.6 255.8 254.3 252.6 251.1 250.3 249.4 248.7 247.7 246.3 244.7 242.5 240.9 239 236.2 233.4 231.7 230.1 228.4 226.6 225.9 223.8 218.5 209.1 201.2 204 212 218.2 218.2 218.2 217.4 216 214.7 214 213.2 213.8 214.2 213.2
280 280.1 279.9 279.6 279.2 278.4 278.1 277.6 277.3 277.1 277 277.1 276.7 276.3 275.7 274.8 274.1 273.4 272.9 272.4 271.9 271.6 271.5 271.7 271.5 270 268.4 267.7 266.9 266.1 265.3 264.6 263.5 262.4 262 261.7 261.4 261 260.8 259.6 258.1 256.7 254.8 253.7 251.7 249.2 248.6 248.1 247.6 247.3 245.6 243.7 241.5 239 237.4 236.1 234.2 232.4 230.8 229.6 228.1 226.8 224.5 218.1 215.7 207.4 202.9 197 213.2 215 215.7 214.8 213.5 212.4 211.8 211.3 211.3 211.2 209.7
276.2 276.8 276.9 276.6 276.3 275.6 275.1 274.8 274.9 274.8 274.8 275.1 274.6 274.4 274 272.9 272 271.2 270.7 270.2 269.9 269.5 269.2 269.3 269.2 267.8 266.5 265.5 264.7 264.2 263.7 262.8 261.5 260.1 259.7 258.9 258.3 257.9 257.7 257.2 255.7 254 252.2 250.6 248.7 246.6 246.1 245.9 245.3 244.2 242.8 240.9 239.8 239.6 237.6 235.4 232.7 230.8 229.8 229 228.1 226.3 224.1 219.1 218.6 215 210 200.1 202.3 208.3 211.7 211.5 210.4 209.5 209 208.6 208.4 207.8 206.2
272.6 273.1 273.4 273.6 273.2 272.7 272.2 271.8 271.9 272 272.6 273.1 272.8 272.6 272 271 269.9 269 268.5 268.1 267.7 267.3 267 267.1 267 266 264.5 263.2 262.7 262.3 261.8 260.4 259.1 257.7 257.1 256.5 256 255.4 255.1 254.6 253.7 252.2 250.4 248.3 245.6 243.8 242.7 242.9 242.5 241.3 240.3 238.9 238.4 236.8 234.7 232.6 230.3 228.7 227 225.6 224.3 223.3 221.8 221 219 215.7 211.8 205.9 193.4 198.1 205.2 208 207.1 206 205.5 204.8 204.6 204.4 202.9
269.1 269.4 269.8 270.4 270.4 270.1 269.6 269.2 269 269.4 270.2 271.2 271.1 270.8 269.8 268.5 267.4 266.6 266.2 265.8 265.6 265.3 265.1 265.2 265.1 263.7 262 260.1 259.7 259.2 258.4 257.3 256.3 255.5 255 254.5 253.9 253.4 253.2 252.5 251.8 250.1 248.7 246.4 244.2 241.8 239.8 239.8 239.6 238 236.4 235.4 234.5 233.4 231.8 229.2 228.1 226.3 224.9 224.2 224.2 223.7 222.8 220.7 218.6 215.7 211.5 204.5 201.9 191.8 193.3 199.8 201.7 200.2 199.5 198.6 197.2 197.6 198.1
265.3 266 266.8 267.4 267.4 267.1 266.8 266.5 266.5 266.4 267.8 269 268.9 268.7 267.4 265.7 264.6 264 263.5 263.1 262.8 262.6 262.4 262.3 262 260.6 259.2 257.4 256.5 255.8 255 254 253.1 252.8 252.1 251.6 250.7 250.1 250.5 249.6 249.1 248.6 246.5 244 241.7 239.1 236.9 236.7 236.5 235.3 234.2 233.1 231.5 230.3 229.2 227.4 226 224.6 222.9 221.5 220.7 220 219.3 218.6 217.4 214.1 209.6 208.1 203.8 196 192.9 188.7 193.1 193.3 192.1 186.4 183.5 181.1 186.9
260.8 261.7 262.4 263.5 263.2 262.7 262.4 262.2 262.4 262.7 263.8 264.7 264.8 264.7 263.5 262 261.2 260.9 260.6 260.2 259.9 259.6 259.3 259 258.7 257.4 256.2 254.4 253.2 252.4 251.6 250.7 250.1 249.7 248.7 247.9 247 246.8 247.1 246.7 246.2 245.5 243.1 241.1 239.1 236.4 233.9 233.6 233.5 231.9 230.9 230.4 229 227.6 227.8 226.8 224.7 223 221.3 219.8 218.9 217.6 216.1 215.1 213.3 211.1 210.1 206.8 202 198.3 197.2 192.8 190.5 186.1 191 193.3 191 189.3 187.6
256.4 257.2 258.1 259.4 259 258.5 258 257.9 258.1 258.6 259.4 259.4 259.4 259.4 258.5 257.6 257 257.1 257.2 257.1 256.6 256.1 255.7 255.6 255.3 254.3 253.1 251.2 250 249.2 248.4 247.5 247 246.5 245.5 244.4 244.2 243.9 243.8 243.9 243.1 242.3 240 238.7 236.7 234 230.7 230.1 230.3 228.9 227.2 226.3 224.8 222.8 221.2 220.5 220.3 220.4 220 218 217.2 214.8 212.8 212.2 210 208.7 206.3 204.3 205.4 204.7 202.2 199.9 200 198.4 200.8 199.5 196.7 196.1 195.3
251.7 252.5 253.4 254.1 254 253.8 253.5 253.5 254 254.7 254.9 254.5 254.6 254.5 253.9 253.2 252.7 252.9 253.2 252.7 252.7 252.5 252.1 252 251.9 251.2 250 248.1 246.8 246 245 244.4 243.8 243.3 242.8 241.6 240.9 240.2 240.1 240.2 239.4 238.1 237.3 236.5 235 232.3 228.1 226.6 227.9 227.4 226.2 225 223.6 221.3 219.3 218.4 219.1 219.2 217.8 216.9 215.9 215.1 213.8 212.4 210 209.2 208.7 210.4 210 208.7 206.8 204.3 203 201.7 201.9 201.6 197.7 196.1 195.3
246.1 247.4 247.8 249.1 249.7 249.3 249 248.8 249.6 250.1 250.2 249.7 249.8 249.4 248.6 247.8 247.9 248.1 248.5 247.9 247.6 247.7 247.6 247.7 248 248.4 247.2 244.9 243.6 242.5 241.9 241.3 240.7 240.1 239.5 238.8 238.2 237.5 236.6 235.9 234.7 233.3 232.8 232.1 231.3 228.5 225.5 224.4 225.6 225.3 224.9 224.1 223 221.5 218.4 216.9 217.5 218.6 216.6 216.3 215.2 215.2 213.9 213.1 213.5 213.2 212.7 213.5 212.7 210.9 209.3 207.3 205.2 203.7 202.7 202.1 199.2 196.6 194.6
240.7 240.6 243.2 243.8 243.5 244.2 244.2 244.3 244.9 245.5 245.6 245 245.1 244.5 243.7 242.7 241.9 241.8 242.2 242.4 242.1 242.3 242.7 243.4 243.9 244.1 243.5 241.5 240 239.3 238.7 238 237.4 236.7 236.1 235.5 235.1 234.8 233.9 232.8 231.5 229.8 228.4 227.6 226.8 224.3 222 222.4 222.9 222.8 223 222.2 221.1 219.4 217.2 215.6 215.3 216 215.3 215 214.3 214.5 214.7 214.9 214.9 214.8 213.5 213.9 213.5 212.5 210.9 209.3 207.2 204.7 203.3 202.4 199.9 197.2 195.1
235.6 236.2 236.9 238 238.2 238.1 239.4 239.7 240 240.5 240.8 240.6 240 239.5 238.6 237.4 237 236.7 236.6 236.7 236.8 236.9 237 237.3 238.2 238.9 238.9 237.7 235.9 235.4 234.9 234.5 233.9 233.4 232.7 232.2 231.8 231.5 230.8 229.9 228.5 226.5 224.6 223.5 222.4 220.5 218.6 219.5 220.2 220.2 220.2 219.6 218.6 217.7 216.2 214.7 213.8 214.4 214 213.6 213.5 213.7 214.2 213.9 213.4 213.7 212.9 213.4 213 212.3 210.9 209.3 207.6 205.2 203.8 201.8 199.5 197.5 194.8
231.7 232.4 233.4 233.3 232.6 232.5 233 233.7 234.7 235 235 235.1 234.6 234.2 233.4 232.3 232 231.5 231.4 231.7 231.9 232.1 232 232.4 232.6 233 233.6 232.7 231.3 230.7 230.2 229.7 229.3 229 228.7 228.5 228.3 228.1 227.4 226.2 224.9 223.2 221.3 220.1 219.2 216.7 214.9 216.6 217.1 217.5 217.4 216.7 215.5 214.5 214.5 213.6 212.8 212.5 212.2 212.3 213.2 213 213.6 213.3 212.5 212.5 211.8 211.7 211.3 210.3 209.3 207.9 206.1 204.1 202.8 201.1 198.7 196.8 194.4
228.6 228.6 228.5 228.8 229 229.7 229.6 229 228.4 227.6 225.9 228.1 228.4 228.1 227.6 227.2 226.8 226.3 226.2 225.8 225.8 226.3 227.1 227.6 227.9 228 228.3 227.6 226.7 226.1 225.8 225.4 225.1 224.7 224.4 223.9 223.2 223.2 223.2 222.2 220.9 219.8 218.7 217.7 216 213.2 211.7 213.6 214.4 214.5 213.6 213 211.8 211.4 212.2 211.6 211.1 210.7 210.9 211.4 212.1 212.2 211.8 211.3 211 211.1 210.7 209.7 209.3 208 207.2 206.3 204.8 203 201.3 200.2 197.6 195.2 192.3
225.6 226 225.4 224.5 224.9 225 226.3 225.4 224.3 223.1 222.8 221.3 221.4 220.5 218.9 221.1 221.6 221.2 221.1 220.7 220.5 220.4 219.8 220.2 221.7 222.6 223.1 223.1 222.2 221.7 221.3 221.1 220.8 220.7 220.5 219.2 218.1 217.3 217 215.8 214.9 215.6 215.9 214.6 212.8 210.5 209.7 210.7 211.6 211.5 210.5 209.5 208.5 207.5 208.9 208.9 208.4 208.1 208.8 209 209.3 209.9 210.1 209.6 208.4 208.2 207.4 206.5 206.1 205.6 204.9 203.4 201.5 199.8 198.1 196.4 195.2 194.5 193
222.1 221.6 221.2 221.4 221.2 221.1 220.5 220.6 219.1 217.8 217 215.4 215.8 216 215.5 214.6 215.8 216.1 215.9 215.8 215.6 215 214.1 212.8 214.3 216.4 216.5 217.3 216.9 216.9 216.8 216.6 216.7 216.9 216.7 215.6 215.5 214.3 213.5 212.3 210.1 209.9 210.7 210.1 208.7 207.7 206.9 207.4 208.1 208.3 207.4 206.6 205.8 205.2 206.5 206 205.6 205.7 206.9 207.2 206.7 205.9 206.4 206.2 204.7 204.9 204.8 204.1 203.6 202.6 201.5 201.1 199.9 198.1 196 194 192.6 192.3 191.5
218.1 217.6 218 217.9 218.4 218.1 216.3 214.8 213.7 212.5 211.8 210.6 209.9 211.5 211.9 210.5 211.8 212 210.7 210.1 209.2 209.4 209.2 208.9 209 209.9 209.5 209.9 211.1 211.3 211.4 211.5 212.2 213 212.4 211.9 212.2 211.5 210.2 208 206 205.4 204.6 204.6 203.7 203.1 203.3 203.6 203.9 204.1 203.5 202.4 201.6 201.6 202.8 203 203.6 204 203.5 204.7 203.8 203.1 202.5 202.8 201.5 201.8 201.2 200.5 200 199.8 198.6 198.7 197.9 196.4 194.7 192 189.7 188.4 185.8
213.8 213.6 213.8 214.6 215.2 214.6 213.9 212.8 211.3 209.3 207.5 206.4 206 206 205.8 203.3 205.1 206.7 205.5 205.1 204.8 206.9 206.5 205.9 205.3 205.7 205.2 204.7 205.3 205.9 206.1 206.6 207.8 208.6 207.8 207.2 207.4 206.9 206 204.3 202.3 200.7 199.7 199.6 198.9 198.1 199.3 199.3 199.4 199.2 199.4 199 198.5 198.6 199.5 200.3 201.1 201.5 200.8 202.4 202.2 201 199.2 199.2 198.5 197.7 198.1 197.2 196.4 195.7 195.4 194.9 193.6 192.1 191.3 189 187 185.9 184.9
210.7 212.8 211.2 208.2 211.1 211.5 211.2 209.9 208.6 207.6 205.3 203.6 202.9 203 203.2 202.2 200.6 202.3 200.5 200.3 200.3 202.1 202.4 202.1 201.3 201.8 201.6 201 201.7 201.8 202.3 202.7 203.7 204.6 203.7 202.9 202.7 202.6 201.9 199.8 197.7 195.7 195.5 194.8 193.9 193.7 194.5 194.6 194.7 194.8 195.3 196.4 196 195.6 196.1 196.8 197.3 197.8 197.9 198.7 199.2 198.1 196.7 195.3 196.6 195.2 194.8 194.2 194.4 194.5 194.7 195 193.9 192.5 190.9 190.2 189.9 187.8 184.9
208.8 207.7 204.6 202.5 204.9 207.2 206.7 205.6 204 202.4 201.1 199.5 197.3 198.9 199.5 198.3 197.2 197.7 196.6 196.7 197.4 197.9 197.4 197.1 197.2 198 197.8 197 198 198.3 198.7 199.1 200 201.2 200.1 198.8 198 197.4 196.2 194.6 193.4 192.2 190.8 190.6 190.2 189.5 189.5 189.9 190.2 191.1 192 192.7 192.6 192.7 193.6 193.7 193.2 193.4 195.7 195.1 195.4 194.6 192.9 191.4 192.3 191.9 191.1 192 191.9 192.1 192 191.3 190.9 189.8 187.9 187.3 185.3 183.5 182.1
206.7 205.9 203.1 201.1 200.7 203 204.3 203.5 202.4 200.9 197.8 195.9 194.6 196.8 197.4 196 194.1 196.3 193.8 192.2 194.4 195.2 195.2 195 194.8 193.9 193.3 192.9 193.5 194 194.7 195.5 196.7 197.5 196.1 194.2 193.4 191.9 190.6 188.9 187.4 186.4 186 187 187.4 186.4 185.5 185.5 186.5 187.5 189 189.5 189.4 190 190.7 190.8 189.8 190.6 191.3 191.2 191.4 191.4 190.8 187.8 187.5 188.6 187.7 188.8 189.1 189.3 188.9 188.1 187.4 186.3 185.1 183.9 182.3 181.1 179.8
205.7 203.5 200.4 199.3 198.9 199.3 200.1 200.4 199.6 198.3 196 191.4 195.4 196.8 195.3 194.7 192.7 191.4 189.7 187.4 189.6 190.6 191.6 192.2 192.6 192.3 191.4 190.5 189.9 190.2 190.9 191.9 193.1 193.1 191.8 190.2 188.8 187.6 187.9 187.5 186.1 183.2 180.5 182 183 182.8 182.3 182.8 183.3 185.1 186.6 186.6 186.4 187 187.8 187.5 187.3 188.2 189.1 189.4 189.1 188.4 186.4 185.8 184.1 184.2 185.5 185.4 185.9 186.4 186 185.1 183.2 183.4 183.3 181.9 180.9 180 177.9
204.8 202.6 199.7 197.7 197.6 197.8 197.3 196.7 195.7 193.9 191.2 188.5 191.6 192.9 192.2 190.8 188.7 187.9 186.9 184.9 184.1 185.3 187.5 189.2 189.6 188.9 188.3 187.9 187.1 186.9 187.4 187.9 188.5 188.5 187.3 185.8 184.7 184.2 184.4 183.6 181.8 179.3 177.2 176.7 177.3 176.4 179.3 180.6 181.7 183.5 184.1 183.9 183.3 183.8 184 183.9 181.9 186.9 187.4 187.1 186.7 185.1 183.3 182.8 183.2 180.8 182.5 185.4 185.5 184.2 183.3 183.7 183.1 180.6 178.1 176.9 176.5 175.5 175.5
200.9 199.9 197.5 196.1 197.3 197.4 197.3 196.7 195.1 193.9 193.7 188.6 186.2 189.3 190.3 189.6 188.4 186.5 183.2 182.8 184.8 182.1 184.3 185.1 186.1 185.9 185.3 184.5 183.5 183.3 183.8 184.2 184.4 184.7 182.9 181.9 182.5 182.8 182.6 181.2 179.5 177.5 175.6 174 172.8 170.5 173.8 176.2 178.5 180.5 181.4 181 179.9 180.3 180.5 179.6 179 182.8 184.1 184.6 185.3 184.6 182.1 179.3 179 178.1 176.4 180.5 182.6 182.3 181.8 181.1 180.2 179.2 178.4 177.4 176.2 174.4 172.5
199.3 198.2 196.2 195.5 196.7 197.6 197.8 197.6 198.4 198.2 195.9 189.7 184.6 187.3 190.6 190.3 189 186.5 183.4 180 177.2 177.2 181.7 182.7 184.7 184.6 183.9 182.5 181.2 180.3 180.9 181.3 180.5 180.5 178.9 178.7 180 179.7 179.4 178.3 178.2 177.8 176.3 174.4 173.2 167.6 167.1 171.2 174.4 177 178.4 178.2 176.5 176.8 177.3 175 175.3 179.9 181.3 181 180.3 180.5 178 176.9 176.3 174.8 173.3 174 176.2 177.7 177.6 177.1 175.6 175.5 174.3 172.8 170.8 168.9 167.8
197.4 196.7 194.4 193.6 196.3 198 198.8 199.6 200.3 199 195.7 189.5 183.4 185.4 187.6 188 186.8 183.5 180.1 177.7 175.2 173.9 177.6 178.8 180.4 181 181.1 180.2 178.9 178.1 178.8 178.7 177.4 176.4 175.5 174.9 176.7 176.7 177.2 175.8 174.7 174.5 174.2 173.8 173 170.2 164.9 166.8 169.9 172.6 174.3 175 173.2 172.3 173 171.1 172.2 176.9 178.7 178.1 177.6 173.9 173.3 176.2 177 173.9 171.6 170.8 170.5 171.7 173.7 174.8 174.6 173.8 172.2 169.6 167.9 166.5 164.8
195.2 194.8 193.3 193 197.1 199.7 201.4 201.6 201.2 199 195.5 190.8 184 181.8 182.3 182.7 182.5 180.4 178.4 176.2 175.5 174.1 172.6 170.6 173.8 177.2 178.3 178.4 176.8 174.7 175.3 176 175.2 173.6 171.9 170.5 170.7 171.1 171.4 175.1 172.3 172.6 171.7 170.1 169.6 168.3 165.2 163.8 166.4 168.6 170.9 171.1 170.2 169.3 168.2 166.4 168.1 172.6 174.4 175.2 173.8 170.4 170.1 174.8 174.7 172 169.5 168.7 167.3 166.4 167.4 169 169.5 168.9 167.4 166.2 165 161.8 159.9
193.5 192.9 192 194 197.1 199.6 201.3 201.9 201.1 199.3 196.5 193.7 189.6 184.8 181.5 179.7 179.1 177.5 176 175.4 176.4 175.5 173.9 169.8 168.4 173.3 175.4 176 174.8 172.7 172.6 173.4 174.2 172.8 170.6 168.7 167.4 166.9 166.5 167.9 172.1 173.6 172.2 171.4 170.1 167.6 165.2 163.1 164.2 166.5 167.8 167.5 166.7 165.8 164.6 163.5 163.2 165.8 168.4 170.3 169.6 166.9 169.2 173.7 173 169.8 167.3 166.5 165.1 163 160.6 167.4 168.9 168.5 166.7 165.1 164.3 162.4 157.6
190.8 190 189.5 192.1 194.6 197.8 200.1 200.1 200 199.5 198.5 196 193.1 189.5 185.9 183.5 180.8 176.8 174.9 173.9 174 173.8 171.8 167.1 166 171.7 173.1 173.7 172.9 170.8 170.1 171 172.6 172.3 170.1 167.9 166.6 165.8 165.3 164.8 167.4 172.1 171.8 169.7 168 167.2 164.9 162.4 161.9 164.6 165.5 165.3 164.8 164.4 163.5 161.6 159.6 162.9 165.1 165.5 164.8 162.6 161.3 165.2 167.4 165.4 163.5 163.4 162.4 160.2 160.6 162 163.3 161.8 160.7 160.8 161 159.4 156.5
