Assets/StreamingAssets/GeoData/Data/nn/NN72.asc
ncols 200
nrows 200
xllcorner 270000
yllcorner 720000
cellsize 50
[rows 105 to 139 of 200, columns 0 to 77 of 200]
234.4 238.5 239.1 244.9 253.9 260.2 270 280.1 287.7 294.5 300 305.1 309.2 317 329 341.5 352 366.4 382.8 394.9 405.1 413.8 425.1 434.4 430.8 433.9 437.1 426.4 410 406.5 424.2 445.1 445.2 432.2 413.3 416.7 435 447.3 438.3 427 429.7 429.2 423 398.2 384.3 371.8 356.6 328.1 314.2 301.5 293.2 274 263 253.1 234.3 241.7 260.5 278.5 301.2 324.4 337.4 350 366.3 375.9 382.8 380.4 378.7 384.5 377.4 353.3 337.3 315 327.1 350.7 365.7 378.3 376.6 369.3
217 221.8 222.9 230.4 239.1 249 259 269.7 276 283.8 287.9 293 306.5 315 322.8 335.9 347.7 360.3 374.7 392.5 404.1 414.6 424 430.9 433.8 439.3 446.8 441 426.2 398.7 402.9 413.3 414.4 406.6 392.9 398.3 410.2 419.6 416.1 420.7 418.4 419.7 408 392.2 384 369.3 343.2 329 316.2 297.8 288.7 269.9 259.1 251.3 231.1 234.2 252.2 274.7 294.5 312.6 325.8 339.2 351.2 362 366.5 369.5 366.3 361.1 356.2 337.8 313.9 294.3 313.5 327.6 336 343.7 344.8 343
198.9 204.3 207.2 211.3 220.4 234 243.8 254.8 265.4 272 277.2 288.9 298.9 307.8 319.2 331 343.8 355.6 370.2 388.7 401.1 411.4 422.3 430.1 431.3 434.8 451.2 455.7 451 417.9 387.6 388.4 391.8 381.2 374.8 379.3 390.8 396.4 395.5 401.6 399.4 401.3 397.9 388.5 377.4 365.3 342.8 325.2 319.6 298.9 278.2 265.9 256.5 247.4 228.4 226.5 248 271.5 291.4 305.6 317.9 328.7 343 354.5 363.6 364.4 351.6 339.6 330.1 311.3 287.9 275.9 298.6 307.4 312.6 313.2 313.3 320.1
174.7 182.9 184.4 189.8 201.1 215.6 227.2 239.4 251 259.9 269.9 276.6 289.4 303.1 315.7 328 340.6 353.4 366 384.1 399.9 411.2 424.4 429.5 420 422.8 444 450 446.7 426.4 390.6 371 372.6 364.7 359.9 363.5 370.4 369.8 370.7 378.1 393.1 405.5 391 384.1 379.7 374.4 347.9 316.7 312.1 288.5 269.3 260.3 250.7 240 223.3 218.8 239.8 265.1 287.3 297.6 307 312 318.6 326.7 337.9 339.4 334.8 323.4 308.3 288.8 268.1 260 278.8 290.1 293.2 294.9 297.3 303.2
150.9 156.4 159.7 164.4 182 195.6 207.2 221.6 235.8 247.7 260.7 269.4 279.8 291.4 306.9 322.4 335.3 349 363 384.7 404.7 415.8 424 422.8 404.2 406 416 428.4 428.2 425.8 391.9 364.7 353.9 351.7 351.9 355.3 356.3 354.2 355.8 368.5 378.7 385.3 376.6 372.1 369.9 368 328.3 303.7 290.4 275.1 264 254 243.3 232.8 218.2 208.5 225 250.5 269.7 282.4 292.3 294.3 297.4 311.1 317.3 317.3 310.8 304.9 291.7 271.7 250.4 246.6 263.1 273.4 275 275.3 276.9 279.1
130.9 138.4 140.7 146.9 160.4 176.5 190 199 227.5 239.1 250.7 261.2 272.6 284 299.2 316.6 331 343.7 361.8 382.6 399.1 405.5 410.2 404.1 382.9 383.6 388.7 399.2 398.7 395.3 384.3 358.2 343.2 339 339.6 339.4 342.1 340.6 340.1 354.8 360.1 348.6 342.4 338.6 334.4 333.2 305.1 288.9 276.5 265.7 260.7 249 236.5 224.9 211.3 196.7 210.1 237.3 257.3 266.4 274.1 277.3 277.2 288.6 293.6 296.2 286.7 280.3 268.5 246.9 229.9 235.5 248.8 257.2 261.3 257.8 255.9 252.4
115.8 121.4 125.7 128.8 138.9 151.7 161.6 188.2 211.2 232.5 242.8 255.5 266.6 278.6 294.3 310.9 328.1 338.9 360 381.4 396.8 401.1 400.2 374.3 355.9 354.5 363 371.7 376.8 373 364.2 351.5 340.7 327.6 324.2 321.7 321.1 324.1 321.4 322.4 327.8 315.6 309.3 307.1 296.9 285.7 274.5 267.6 260.9 257.8 258.4 251.2 237.1 221.7 203.4 188 199 224.5 242.8 251.1 255.4 259.9 262.3 262 261.4 258.1 258.2 254.8 236.2 223.9 215.9 222.4 230.4 239.5 242.6 242.3 238 231.1
110.9 112.7 113.2 113 120 132.6 145 168.2 195.8 213.2 228.3 241.3 254.9 266.4 281.6 296.4 313 327 346.3 364.8 379.3 386.1 384.1 348.8 332.6 336.8 350.3 359.9 364.6 359.7 356.8 335 333.4 326 318.4 309.1 306.2 303.5 299.4 295.1 285.7 282.2 276.9 269.5 263.4 256 250.9 249.2 247.9 247.7 246.9 250.3 246.3 219 191 171.5 189.3 213.4 227.2 235 239.8 245.2 248.6 246.4 241.8 235.3 228.5 224.1 211.9 206.8 202.4 208.4 213 217.5 223.3 224.9 222.1 215.9
105.7 107.1 107.2 108.8 110.9 116 131.3 153.1 173.3 194.8 210.3 223.5 238.2 246.9 265.3 279.3 291.7 306.3 324.9 342 355.2 360.7 358.2 328.5 311.7 322.3 330.5 334.1 340.4 339.2 324.1 311.9 317.5 315.3 310.4 301.1 291.3 282.1 275.3 269.4 274.6 261.5 250.8 243 237.1 230.2 228.6 230.4 230.9 230.5 229.1 228.1 225.9 205.1 177 159 182.1 203 214.3 219.6 224.9 230.8 235.9 232.9 225.4 214.9 204.3 198.7 190 188 188.2 194.8 198.9 203.1 201.5 201.2 202.1 201.4
102.1 102.9 102.9 103.8 106.2 107.7 118 135.4 152.2 170.6 187 205.3 214.6 224.9 246.5 259.2 271.6 284.1 302.5 317.7 329.4 333.6 328.5 305.2 287.4 297.2 299.9 306.2 309 301.8 297.2 297.6 305.9 299.3 297 294.1 283.1 271.1 258.4 247.2 243.9 240.1 233.6 223.1 212.2 205.3 204.8 205.4 207.5 206.8 201.5 202.3 196.3 181.1 159.2 156.1 177.2 191 197.5 200.6 205.3 209.6 215.5 215.5 208.1 198.4 187.6 183.2 180.8 176.8 175.5 183.2 188.5 192.6 195 196.3 196.1 193.2
99.9 100 99.6 100.2 101.1 102.7 104.3 113.5 133.2 146.6 162 179.7 190.9 205.3 224.5 240.9 260.9 272.9 299.2 313 318.2 309.4 288.3 275.3 270.8 273.3 277.8 283.4 284.4 285.1 284.4 280.8 283.1 286.2 287.4 281.8 271.7 259.3 246.6 234.8 226.3 223.1 220.2 212.2 193.3 184.5 180.7 180.1 182.2 182.5 178.8 178.5 174.5 161.4 143.6 153.3 165.4 172.6 178 180.2 181.8 182.1 182.3 181.5 180.5 179.5 175.6 172.6 172.2 169 166.4 171.6 177.4 181 183.8 185.7 187.5 186.4
99.1 98.7 97.8 97.2 97 98.9 101.3 101.5 112 127.2 140.9 158.7 171.1 185.7 207.4 231.2 247.9 254.7 276.2 284.9 280.5 272.2 256.3 247.1 253.3 252.4 259.2 267.3 273.5 269.9 270 271 270.3 272.9 272 267.1 258.5 246.3 231.2 215.9 205.5 203.7 205.1 194.6 177.3 168.2 164.3 161.3 159.1 156.7 157.5 155.8 151 142.9 137.2 145.5 150.1 154.6 156.1 154.7 153.9 155.9 155 154 156.7 161.1 165 166.9 164.5 161.3 158.9 164.6 170.8 173.2 173.7 172 170.1 170.3
97.2 95.4 95.9 95.5 95.6 93.2 93.1 95.8 99.7 106.6 118.6 135 145.9 163.1 186.6 207.3 220.8 226 237.9 248.3 248.9 239 227.8 220.2 224.4 233.4 239.1 243.7 247.5 249.8 255.3 260.8 258.8 258.7 256.5 251.1 245 234.5 219.2 213 193 181.3 178.1 165.1 159.9 155.8 151.1 143.6 136.8 132.6 132.9 132.6 130.9 130.9 129 134.3 135 134.6 135.9 136.3 134.1 134.5 136.6 142.2 147.6 152.5 156.9 159.5 157.9 153.3 148.4 158.4 166 170 169 162.4 156.6 153.4
98.6 97.9 97.6 97 96.6 96.6 95.5 95.3 94.8 95.9 99.2 111.6 123.2 136.6 160 181 192.9 200 207.7 216.5 213.2 205.7 198.3 193.3 198.3 207.9 212.6 217.9 223.6 229.9 233.9 236.1 240.8 241.7 241.1 238.2 233.1 227.8 223.6 218.3 202.5 184 168.7 156.6 147.4 148.9 147.6 146.9 141.7 136.2 127.9 117.1 117.4 116 117.5 115.4 122 130.1 131.1 130.5 128.3 129 132.4 139.3 144.4 146.7 149.7 152.8 150.8 142.7 135.2 141.6 147.7 152.1 154.1 152.9 145.2 139.1
100.1 99.2 98.6 97.9 97 95.6 95.5 95.6 94.1 94.4 95 96.8 104.7 113.6 135.9 158.2 175.5 184.9 187.4 190.7 184.6 179.4 176.1 170.4 175.8 184.7 189 192.8 202.2 214.1 224.8 222.2 222.3 221.6 222.1 221.3 217.5 217.2 220.9 217.8 205.1 190.1 174.2 155.5 143.3 132.8 136.8 142.7 140 133.1 124.6 115.6 106.8 104.2 107 106.8 106 108.3 114.8 118.6 122 127 129.5 131.3 131.6 133.6 136.3 141.2 140.2 128.7 120.9 123.7 127.3 129.5 131.6 133.7 132.7 127.1
102.6 98.6 98.6 98.5 97.8 96.7 95.7 94.7 94.9 92.5 93.2 93.7 95.2 98.7 115.6 136.5 154.9 164.8 174.2 175.8 174.6 162.5 160.5 156.6 157.1 161.6 168.1 174.6 181.3 196.9 197.7 200.4 198.7 196 191.3 196.3 198.6 202.4 212.9 216.1 207.9 188.8 176.1 152.6 141.4 126.7 122.3 121.2 118.2 116.5 112.9 108.9 105.5 102.2 102.4 101.4 99.8 98.7 100.6 106.6 111 113.7 115.1 117 118.5 119.7 121.9 125.3 125.7 116 109.3 111 112.3 113.9 114.4 114.2 113.7 110.7
105.8 102.2 98.4 97.8 97.8 96.8 96.2 95 94.1 94.4 93.7 92.8 93 93.3 98.5 113 127.8 141.5 158.9 176.5 172.6 149 144.1 144.1 145.3 147.7 157 163.6 157.6 162.5 171.9 178.1 173.1 170.4 173.3 181.6 185.4 185.1 201.8 205.7 201 179.8 158.7 134.5 122.9 114.8 114.6 113.9 111 107.8 111.5 114.7 112 103.6 99.2 97.6 95.4 93.3 89.9 88.9 90.3 93.7 97.3 101.3 106.2 107.5 108.2 109.6 108.7 104.2 101.7 101.7 101.2 101.4 102 102.7 101.1 96.6
107.8 102.7 99.3 97.9 97.3 96.7 96.1 95.6 94.7 93.5 93.6 93.7 93.7 92.5 93.2 97.7 105.4 122.8 139.4 148.7 136.3 124.6 120.3 120.7 124.8 129.2 136.2 140.2 140.3 141 143.4 144.6 144.7 157.2 165.6 165.5 161.8 167.1 177.1 184.1 175.2 165.5 142.8 123.2 116.1 118.6 118.6 115.3 110.6 106.7 104.8 104.5 103.2 101.5 100.2 103.7 104.3 98.2 92.1 86.4 84.8 83.5 84.2 88.9 93.1 94.3 94.6 94.4 92.3 90.2 93.2 94.7 93.2 92.4 92.7 93.9 93.2 88
117.9 107.2 98.6 97.3 96.8 96.5 95.7 95.9 99.2 96.5 95.1 92.5 92.4 92.3 92.6 92 95.8 97.8 111.7 109.4 107.3 108.3 108.6 108.2 105.7 107.5 114.3 125.6 126.2 125.7 124.7 126.7 132.6 138.7 140.9 149.1 142.7 157.9 177.3 177.5 168.7 151.1 142.2 128.7 116.1 126 130.3 127.7 124.5 116.3 107.2 103.7 104 103.3 104.4 109 108.4 103.6 97.3 88.7 84 82.7 81.8 80.7 80.4 80.9 81.3 80.9 80.3 80.9 82.4 86.7 86.8 85.9 85.3 86 84.4 79.9
120.5 106.6 97.5 96.8 96.1 96 95.1 100 108.8 106.5 105.7 100 94.3 92 92.1 91.7 91.2 92.2 92.5 92.7 93 97.2 102.6 102.5 99.8 98.1 98.8 109.3 115.2 116.6 117.8 120.1 123.2 129.5 134.9 131.2 131.2 156.9 173.2 177.5 165.5 139.8 125.8 119.5 121.3 134.7 141.4 146 146.1 137 124.9 117.7 112.8 102.2 96.1 97.2 99 98.2 95 90.1 83.7 81.9 80.9 80.2 79.5 78.8 77.8 77.2 77.3 77.9 78.4 78.7 80.3 81.5 84.5 85.7 82.5 75.5
116.9 98.4 96.5 95.8 95.1 95 94.7 94.8 98.3 105 101.2 95.1 95.4 94.4 91.7 91.3 89.9 91.2 91.7 91.2 90.4 90.6 92 94 95.6 96 95.4 96.8 101.1 107.8 113.4 116.2 119.1 124.4 127 122 122.8 144.2 151.3 158.7 152.8 127.4 112.6 115.2 127.8 140.2 149.7 159.2 164.8 158.2 145.3 136.1 128 114.5 100.4 91.6 85.7 85.6 86.8 85.8 82.4 81.1 80.3 79.5 79.1 78.5 77.8 77.1 76.6 76.2 76.5 76.4 77.8 79.4 83.8 83.9 80.7 74
106.5 99 96.9 94.8 94 94.3 94.3 94.1 94.6 99.1 94.2 92.6 92.6 92.6 91.3 91.1 88.5 90.3 91.3 91.7 91 90.5 90.3 89.7 90.7 92.7 92.9 93.1 94.6 96.2 99.9 107.1 113.1 119.1 118.4 111 107.9 114.1 121.5 132.4 127.9 106.6 101.5 108.9 121.8 136.4 150.8 164.7 173.6 169.8 155.7 143.5 133 117.7 107.8 102.1 94.3 84.7 80.9 81.6 81.1 80.7 79.5 78.7 78.6 78.1 77.6 77 76.4 76 76.5 74.7 75.6 76.1 75.6 74.7 74.3 73.9
107 98.5 96.3 94 93.8 93.7 93.6 93.5 93.8 93.5 93.3 93.1 92.2 91.6 90.9 91.5 91 88.8 90.4 91.3 91.1 90.4 90.2 90 89.4 89.3 90.4 92.3 92.8 94 93.9 95.5 99.7 104.6 104 98.5 100.8 102 103.7 104.6 100.8 95.3 93.7 100.8 113.7 129.9 145.2 159.6 165.4 156.5 138.3 128.2 123.7 115.6 112.5 111.2 106 94.8 84 80.5 80.2 80 79.3 80.3 82.9 78.2 77.2 76.7 76.2 75.8 76 74.6 73.8 74.8 74.5 74 73.8 73.4
108.7 101.4 95.8 93.9 93.5 93.3 93.3 93.9 93.1 92.9 92.8 92.6 91.6 91.1 90.2 90.8 90.9 89.3 89.8 90.6 91 90.4 90.1 89.8 89.2 89 88.9 89.1 90.9 93.2 93.1 92.2 91.8 94.1 92.3 90 92 96 96.9 96.5 94.6 92.8 91.5 96.7 110.2 128.2 142.5 150.9 147.7 133.3 113.7 109 111.4 113.2 116.2 119 114.1 102.7 86.1 79.8 79.7 79.6 80 89.1 92.9 88.8 82.4 76.4 76.2 75.9 75.5 75.6 75.2 75.3 74.5 73.7 73.8 73.4
115.4 105.2 98.6 95 93.2 93 93.1 93.1 92.9 92.4 92.9 91.5 90.6 90.3 89.9 90.1 90.5 90.4 88.8 90 90.8 90.3 89.9 89.5 89.2 89.1 88.8 88.4 89.7 90.9 91.4 91.1 90 89.8 88.9 88.7 88.8 91.4 92.4 92.2 90.8 89.3 88.2 93.2 104.7 119.5 129 130.9 124.9 107.7 93.9 102.6 109.3 113.4 115.2 117.5 115.1 103.5 86.7 79.5 79.3 79.5 81.4 87.1 93.8 94.9 91.5 83.2 76.5 75.9 75.6 75.5 75.3 75.3 74.7 74.3 73.9 73.7
124.6 123.5 99.6 95 93.9 92.3 92.6 92.5 92.2 91.7 91.8 90.8 90.4 89.9 89.9 89.5 89.7 89.6 87.7 89.3 90.2 89.9 89.5 89.2 88.9 88.7 88.6 88.2 88.4 89.4 90.7 90.3 90.1 89.2 88.3 88.1 88.1 88.5 89 88.5 87.3 85.9 85.9 86.9 92 96.2 94.4 91.2 86.4 88.7 95.6 104.2 114.7 118 113.4 105.4 101 92.3 80.8 79.2 79.2 79.1 80.9 79.7 79 85 87.4 82.5 76.7 75.8 76.1 75.9 75.5 75 74.7 74.4 74 73.7
124.6 115.4 103.1 95.4 94 92.6 92.3 92.2 91.6 91 91.3 90.6 90.3 89.9 89.5 89.4 90 90 88.4 88.5 88.6 89.4 89.2 88.8 88.6 88.7 87.4 84.4 87.1 83.4 86.2 88.8 86.6 87.7 87.8 87.8 87.3 86.4 86.2 85.7 85.4 84.5 84 83.7 83.4 83.2 83.4 85.1 87.3 91.3 99.8 109.4 128 126.5 120.1 105.1 92.5 82.9 79.7 79.5 79.2 79 78.5 78.1 77.9 78.1 76.6 76 76 76.2 76.7 76.2 75.6 75 74.7 74.4 74.1 73.6
126.8 118.8 110.4 101.3 94.4 93.2 92.5 91.8 91.3 91.2 91.2 91.2 91 90.7 91.9 101.4 112 113.3 100.5 87.8 88.4 88.3 88.9 88.5 88.3 88.3 86.3 86.8 87.2 87.5 87.7 83.1 85.9 86.1 86 85.8 85.4 85 84.6 84.3 84.3 83.7 83.3 83 82.6 81 81.6 81.8 87.3 101.9 104.3 108.1 126.4 132.4 126.4 106.7 93.7 81.8 79.7 79.2 78.5 78.6 77.9 77 78.4 78.1 76.1 75.7 75.8 76 76.1 75.8 75.7 75.1 74.7 74.4 73.7 73.1
129.7 125.9 123.8 120.7 98.5 93.3 93.2 93.4 91.7 91.6 91.7 91.7 92.3 97.1 110.1 124.1 134 137.4 118.7 96.4 88.6 87.9 88.2 88.2 88.1 87.7 85.3 87.2 87.7 87.7 87.5 86.7 84.5 82.7 84.4 84 84.4 84.2 83.7 83.7 83.2 82.6 81.6 81.2 82.8 82.7 81.6 81.3 79.3 81.4 82.8 84.1 99.1 108.8 105.7 92.3 83.5 80.4 79.5 78.5 83.5 91.1 94.7 94.6 91.2 78.3 76 76.1 76 76 75.6 75.3 75.1 75.1 74.7 74 73.2 72.7
128.9 127.7 124.9 118.3 99.1 94.2 93.1 92.5 92.3 92.1 92.1 92.4 94.7 111.6 130.6 155.9 161.4 158 110.6 92.1 90.8 89.3 86.8 86.4 86.1 86 86.4 87.8 87.9 87.6 87.4 86.8 86.1 85.6 84.9 83.5 82.4 81.7 81.4 81.3 81.1 82.4 82.7 84.2 84.7 83.9 83.2 82.5 81.5 80 80.6 81.1 81.4 82.6 82 81 80.1 79.8 79.4 90 101.2 105.8 106.5 92.5 77.1 76.7 77.5 76.6 76.4 76.3 76 75.1 74.6 74.2 73.8 73.3 72.8 72.9
146.9 142.5 132.6 109.7 101.1 95.6 93 93.1 93.1 92.7 92.7 93 95 110.2 129.6 151.3 169.7 150.2 103.3 97.6 93.6 92.1 90.8 89.6 90.7 90.2 88.5 88.7 88.2 88.2 87.6 86.8 86.9 86.8 86.3 86 85.9 85.9 85.7 85.2 84.6 84.8 84.9 85 84.4 83.8 83.3 83.2 82 81.6 79.2 78.7 79.7 80.3 81.1 81.3 80 78.8 79.1 90 100.7 100.3 90.6 78 77 79.4 82.6 82.1 80.5 79.2 78.2 76 75 74.5 74 73.4 73.2 72.4
169.8 169.1 158.1 138.9 124 108.7 96.8 94.9 94.1 93.4 93.4 93.9 93.1 95.1 103 113.5 109.8 101.5 96.6 94.5 94.1 95 94.1 91.1 89.8 88.5 89 88.8 88.4 88 87.4 87 87.2 87 86.6 86.9 86.3 86.4 86 85.6 85.9 86 86 85.4 84.7 84.6 84.1 83.7 82.7 81.6 80.9 80.7 80.2 79.4 79.2 79.8 80.3 79.7 79.6 79.7 79.9 79.4 78 77.7 80.8 88.6 91.8 91.1 87.7 85 83.4 80 75.3 74.6 73.7 73.4 73.2 72.7
185.7 182.8 177.9 171 161.4 132.8 102.7 96 94.5 93.9 94.4 94.6 94.1 93.7 94.7 94.8 93.1 93.6 94.1 98.1 99 97.6 99.4 94.8 91 90.5 89.1 89.4 89.2 87.9 87.6 87.7 87.4 87.2 87.3 87.3 87.3 87.7 87.3 87.5 87 86.9 86.5 85.8 85 84.1 83.5 82.9 82.4 81.7 81.2 80.9 80.6 80.5 79.6 77.6 78.5 79.1 79.1 78.5 78.1 78.4 79.7 82.7 88.9 96.8 97.5 96.1 92.9 88 84.7 80.1 75.6 74.2 73.9 74.2 74.8 73.9
203.2 208.4 215 206.2 179.6 156.4 119.9 101.8 95.9 95 95.6 95.8 95.7 95.2 95.8 99.9 104 111.6 112.9 106.2 106.1 113.3 109 96.1 91 90.5 89.5 89 88.4 88.1 88.5 88.5 88.2 87.8 87.9 87.5 87.5 88.1 88.1 87.6 87 86.8 86.3 85.6 85.1 84.5 84.2 83.8 82.8 82.4 81.9 81.1 80.3 80.1 79.3 78.9 77.4 78.5 78.5 78.4 78 78.4 82.4 87.6 90.7 92.7 93.2 93.7 91.4 87.8 83.8 79.5 75.3 74.1 73.2 72.7 73.6 73.3
238.5 246.4 250.9 240.5 208.6 176.4 137.7 116 105.8 97.5 96.4 96.9 97.4 98.1 102 109.3 111.5 125.2 133.5 132.6 109.6 96.7 94.9 93.8 93.7 93.1 91.4 90.3 89.6 89.4 89.4 89.2 89.1 88.8 88.6 88.2 88 87.8 88 87.7 86.9 86.7 86.1 85.5 85.2 84.6 84.2 83.5 85.1 88.3 87.2 82.7 82.6 81.4 80.6 80 79.3 77.4 78.2 78.4 78.9 77.4 80.5 84.8 87.1 87.3 89 89.2 86.6 83.7 79.7 75.1 70.7 72.6 72.4 70.8 71.3 71
