Assets/StreamingAssets/GeoData/Data/nn/NN74.asc
ncols 200
nrows 200
xllcorner 270000
yllcorner 740000
cellsize 50
[rows 70 to 104 of 200, columns 0 to 77 of 200]
386.3 378.7 370.1 374.5 375.2 381.2 385 389.6 391.5 401.3 405 402.5 395.5 388.2 385.4 388.2 390.2 393.4 397.3 400.1 412.6 424.6 427.6 434.4 444.4 450.4 456.2 459.4 461.6 460.7 456.3 446.8 428.2 409.6 387.2 366.9 344.2 328.1 310.8 290.7 274 253.6 232.3 214.3 199 184.4 171.8 161.4 153.3 144.7 135.8 129.7 126.9 122.8 116.8 114.7 121.8 122.4 122.7 123.6 124 123.9 123.6 123.5 122.9 122.2 121.7 119.4 120.9 120.4 120.2 120 119.8 119.4 118.8 118 116.5 117.5
413.8 404.6 399.9 404.3 400.4 402.5 403.4 401.9 401.4 410.3 413.3 412.5 407.1 409.8 416.9 425.7 431.1 430.1 425 425.4 431.3 439.3 443.5 452.6 463.7 468.6 469.3 468.9 470.9 470.4 468 459.7 440.7 425.7 409.5 390.9 372.1 337.3 311.1 288.5 267.7 248.5 228.3 207.9 190.6 176.9 166.7 158.1 152.4 145.5 136.6 129.4 126.8 121.4 114.3 117.7 121.7 121.5 121.4 122 122.5 123.3 123 122.6 122.1 121.8 121.2 120.5 119.8 119.3 119.4 119.5 118.8 118.4 118.6 116.5 115.1 116.3
437.1 433.4 426.1 431 428.2 427.7 429 424.2 423.4 423.6 425.1 424.2 426 430.3 442.9 453.5 454 454.1 450.7 452.1 453.3 455.2 464.2 471.2 479.9 481.7 480.1 480.7 473.1 469.7 466.5 457.3 439.2 425.5 408.6 387.1 363.2 337.4 312.5 286.7 264.2 250 225.1 203.9 186.6 173.2 164.5 159.9 153.7 145.4 135 128.9 125.9 120.9 114.4 114.3 114.3 115.2 119.1 120.3 121.4 121.9 121.8 122.3 121.5 121.3 120.2 119.3 118.7 117.4 113.6 113.2 113.2 113.2 113.2 115.2 114.9 114.7
452.4 457.2 458.4 460.7 458 455.2 455.9 456 451 456 457.1 452.6 446.2 462.9 468.3 476.8 479.2 477.4 476.3 477.4 476.4 473.5 479.6 487.2 490 487.6 482.7 476.7 466.1 459.7 453.6 444.6 430 417.1 408.3 392.6 359.2 334.2 315.4 290.8 265.6 242.4 222.3 200.8 182.9 171.1 163.2 158.6 151.2 143.3 135.5 128.8 126.4 123.6 119.9 114.4 120.2 116.6 114.7 114.3 117.5 115.4 114.3 114.3 114.3 113.5 113.2 113.2 113.2 115.9 116.3 116.4 115.7 115.9 115.9 115.4 113 112.3
461.2 476.6 488 488 487.6 486.5 486 479.4 481.2 483.3 478.6 472.6 486.5 491.7 495.2 496.1 497.9 498.8 499 498.5 492.6 489 493.6 495.9 492 488.4 481.3 475.5 465.7 453.7 436.3 424.3 418 402.8 393.9 381.2 365 339.7 313.1 290.7 268.3 247.1 223 199.1 181.7 169 159.8 154.3 148.2 142.6 135.3 128.9 127.1 125.3 125.6 126.6 122.4 118.8 118.1 117.9 119.3 119.7 119.7 119.6 119.1 118.8 119.3 120.2 120.6 121.6 121.9 121.5 120.4 120.5 121.5 121.8 121.9 122.2
469.9 490.4 504.5 511.5 515.3 515.3 510.8 510 502.8 500.2 491.9 509.1 518.5 519.6 517.5 514.3 516.5 519.4 518.8 511.2 504.6 503.5 501.9 496.9 491.3 486 473.8 463.3 454.1 443.6 430.5 415.8 407.3 394.3 377.9 360.2 349 335.6 315.7 290.5 266.8 244.9 219.5 198.8 182.2 166.7 157.2 151.3 144.5 137.9 132.2 129.1 127.1 126.7 126.4 125.1 122.3 123.1 124.4 126.9 127.9 128.5 129.4 129 129.5 130 130.7 131.4 131.5 132.2 131.6 131 131.2 131.4 132.6 133.6 132.5 132.7
472 485.5 499.4 511.3 520.1 527.4 535.8 529.5 518.3 511.7 526.1 532.4 538.8 540.4 535.3 531 532.7 531.2 529.7 519.9 515.9 515.7 505.7 496.1 488.8 482 474.2 457.5 443.4 434.5 422.9 414.2 404.5 390.3 366.2 348.1 329.7 316.8 296.8 279.5 259.1 239.2 217.9 198.4 183.3 166.9 156.3 150.1 144.1 137.1 132.1 129.7 127.7 126.5 125 125.9 127 128.7 131.1 133.9 136 137.8 138.6 139.5 140.1 140.7 141.5 142.6 143 143.1 143.4 143.5 143.5 143.3 144.1 143.9 144.4 145.5
465.7 478.4 498 510.7 512.8 524.6 537.3 544.4 526.4 546.6 556.1 554.3 560.3 555.3 547.8 548.8 546.4 543.4 537.1 528.5 523.3 520.8 511.4 498 484.4 474.5 464.7 452.6 439.7 432.5 423.7 413 399.2 384.5 369.5 345.3 324.9 299 277.9 261.1 243.8 226.1 213.1 198.4 181.8 165.3 158.5 153.4 146.5 138.9 132.8 129.3 127.6 127.6 129.8 132.7 135.2 137.5 140.4 143.6 146.3 147.6 147.8 149.1 151 152.9 154.7 156.1 158 157.4 157.2 155.5 155.7 155.1 154.6 154 155.6 157.2
456.9 469.7 483.8 492.3 506.1 521.3 535.4 545.1 558.3 570.6 576.3 577.5 576.6 576.7 565.9 573.7 570.1 561.9 555.1 548.7 534.2 516.1 504.7 495.7 484.3 473.6 464 452.5 442.7 434.4 424.5 409.6 396.8 384.5 364.9 345.8 323 300.4 274.1 251 231.7 216.3 203.2 189.2 175 165 162.1 155.3 147.3 139.4 132.8 129.1 128.9 132.8 137.7 141.9 144.9 147.1 150.6 155.9 159.4 159.9 161.7 163 164.7 166.4 171.4 172.1 175.4 174.1 172.4 170.6 171.7 171.8 169.5 169.9 170.9 171.6
452 461.2 470 481 507.2 520.3 528.1 546.1 559 571.4 581.9 583.8 584.4 579.3 573.1 577.2 577.7 578.9 576.8 561.4 557.3 521.6 506.5 493.7 482 469.1 459.9 453.4 449.6 440.1 428.4 409.8 394.7 376.7 357.6 338.6 318.1 296.5 274.6 250.7 226.9 207.1 194.9 181.3 172 166.8 160.5 153.4 145.6 137.6 131.6 130.1 133.7 139.9 147.1 151.9 155.4 160.1 165.6 170.7 172.8 175.4 178 180.3 182.4 184.4 190 192.2 195 196.1 196.8 197.4 197.5 192.9 191.7 191.2 191.2 191
448.5 460 472.2 482.1 496.5 508.8 530.4 544.2 549.9 569.7 584 593.3 591.2 588.1 582.4 579.4 578.4 589.9 582.5 561.1 553.3 537.1 502.1 489.2 478.3 469.8 460.7 459.8 452.9 444.9 433.4 414 397.9 377 354.7 331.1 310.3 287.4 259.9 240.3 221.5 202.4 187.8 178.1 171.7 164.3 156.6 148.9 141.5 134.8 131.5 136 141.4 150.2 160.6 164.9 169.5 175.5 181.5 188.4 195.1 197.5 197.1 199.7 201.8 203.7 209 213.3 217.2 220.5 225.9 229.8 226.2 219.2 215.7 211.6 210 208.7
456 467.6 471.9 478.1 486.5 501.7 522.8 534.2 544.1 565.9 581 585.9 586.9 586.3 581.4 578.4 578.4 585.2 582.3 572.6 571 547.2 511.6 495.6 483.4 475.4 472.8 466.1 450.9 436.7 416.9 400.4 390.7 364.7 332.3 316.8 296.3 275.8 252.9 228.1 212.2 196.1 182.7 174.4 165.2 159.3 151.9 144.5 137.1 133.3 136.2 143.6 152.1 161.2 169.9 178.2 184.8 193.3 201.3 210.1 218.9 226.4 223.4 222.7 224.5 227.1 232.8 236.9 244.5 253.7 267.9 280.8 269.3 253.1 245.4 241.1 230.7 226.6
455 462.8 468.5 474.2 483.6 497.9 517.1 528.9 536.9 556 570.5 581.7 589.3 584.9 580.5 578.4 589.5 588.1 587 572.5 568.9 554.4 516.9 507.4 497.8 488 476.9 463.5 443.6 427.6 410.1 391.6 378.1 349.9 324.2 303 280.2 260.5 240.8 222.4 204.1 188.9 179.1 171.3 163.5 155.2 146.8 140.2 135.4 133.3 141.9 153.1 163.9 174.9 186.5 193.8 201.3 210.5 222.5 232.5 243.1 258.7 254.4 252 249.4 248 251.2 257.4 266.4 275 287.3 304.7 300.4 288.5 276.6 277.1 258.3 251.8
454.6 459.3 465.2 470.4 482.4 498.4 511.5 522.6 533.9 552.2 568.9 584.1 592.7 589.7 578.5 582.3 587.5 586.3 583.9 569.2 557.4 547.8 523 507 498 485.9 468.9 453.8 438.8 425.7 409 387.2 364.6 336.3 309.2 289.3 269.5 251 231.5 214.6 198.2 186.2 178 169.9 160.2 150.4 142.6 138.3 135.1 137.9 149.3 162.9 175.2 188.5 198.1 206.4 215.3 227 239.2 250.2 262.8 279.5 284 287.7 276.5 268.6 272.8 278.6 284.3 292.7 299.6 314.4 310 297.6 291.4 291 285.8 280.5
449.9 455.7 462.3 468.9 482.5 496.9 508.6 515.4 532.5 553.7 574 585.8 589.4 581.5 578.4 583.3 580.2 576.2 572.1 555.9 548.5 537.5 521.6 511.4 502.3 485 471.5 457.4 445.6 428.4 406.5 385.9 357.3 334.3 305.5 283.2 261.1 242.7 226.9 211.4 196.1 184.9 176.6 165.8 156.1 147.4 141.6 138.7 136.3 144.1 157.6 170.7 183 196.2 207.3 217.2 226.5 240.8 254.8 269.7 283.2 298 309.9 305 299.1 286.8 291.8 298.4 299.4 305.9 311.7 322.2 320.4 316.5 325.1 325.8 313.5 299.3
450.4 456.7 460.1 469.3 483.2 496.3 507.1 515.2 536.3 556.5 576.7 585.2 583.3 583.5 592.5 588.4 576.2 567.9 557.9 552.8 546.5 537.5 523.2 513.6 501.7 487.3 473.6 454.1 438.1 420.4 402.3 384.3 355.6 330.5 306.5 285 260.6 241.9 223.6 209.6 194.7 183.2 172.4 162.3 153.1 145.4 140.9 138.4 139.5 151.5 164.4 179.5 189.1 200.7 215.1 227 239.6 253.5 268.1 289.8 302.3 311.3 327.6 324.8 313.5 309.6 323.5 319 315.8 321.2 323.1 329.7 333.9 346.3 353 354.6 346.1 329.6
453.8 459.5 467 481.7 491.5 501.9 512.7 520.6 539.7 557.2 576.3 585.7 584.5 588 588.7 579.6 568.7 558.4 549.8 545.8 540.6 532.4 520.2 511.5 501 487.2 471.3 454.2 436.6 417.2 396.7 374.7 346.4 323.1 302 284.5 260.3 238.1 225.3 216.2 198.8 183.8 173.1 161.3 150 144 140.5 138.6 145.8 159.6 171.4 183.8 192.1 208 221.8 234.6 247.4 263.1 280.4 302.2 317 325.6 335 336.3 332.8 329.2 339.9 343.5 334.7 337.2 336.2 339 347.2 359.1 366.1 371 360.1 350
457.4 466.7 474.2 482.3 491.2 500.9 510.7 522.8 539 555.5 570.8 578.6 586.4 589 583.4 571 559 551.2 541.4 536.4 534.2 526.6 514.3 508.1 500 487.2 473.7 460.9 446.6 426 404.4 382 363 339.8 319.3 293.9 269.8 249.1 234 218.8 198.1 183.2 170.9 158.6 147.3 143.3 140.3 140.8 152.9 164.3 176.1 187.3 196.5 212.9 228.1 242.6 255.9 271.9 289.4 308.9 321.5 333.6 340.6 344.3 351.5 350.8 353 355.3 351.2 354.2 360.8 362.7 366.4 376.9 385.3 383.3 377.3 386.8
467.3 474.9 482.6 489.3 499 509.3 515.7 527.2 543.3 557.9 571.6 581.6 586.1 586.5 579.5 569.9 560.2 553.9 550 540.3 530.4 520.5 512.7 508 499.6 487.1 472.5 458.9 441.7 424.3 405.2 385.9 366.2 348 322.5 299.5 274.3 254.6 236.8 215.5 196.3 182.3 168.6 155.4 146.6 143.8 140.5 145.2 157.1 168.3 179.8 190.3 202.3 219.5 235 249.4 264 280.5 298.1 313.4 327 341.6 350.4 350.4 359.3 365.6 359.6 364.6 364.9 364.6 371.3 379.4 387.3 396.1 398 398.2 403 410.8
475.4 481.7 486.9 496.9 505.3 514.4 521.6 534.7 550.4 564.8 578.7 585.8 588.1 589.4 585.7 578.7 568.8 554.5 543.9 534.2 525.1 516.1 507.7 499.2 489.6 479.3 464.6 450.9 433.7 415.8 397.2 379.3 360.8 343.8 318.9 292.7 271.5 254.9 233.8 209.9 187.9 174.3 162.9 152.9 147.3 142.4 141.2 150.6 160.1 172.7 183.3 195.7 206.3 224.5 242.1 255.8 269.9 285.6 302.6 319.3 331.2 348.5 358.4 371.1 369.5 372.1 363.6 368.1 375.8 376 382.1 390.6 403.4 412.3 412.2 420.1 430.8 425.9
486.1 492 497.6 504.8 512.4 520 529.4 544.3 558.9 568.7 581.3 588.4 590.1 588.8 584 577.3 565.1 551.5 542.9 532 526.3 515.5 503.9 491.5 480.8 469.4 456.8 440.2 420.3 405 388.8 371.9 353.2 333.4 308.9 286.7 268.4 249.3 224.9 203.1 184.3 176.2 160.2 149.4 145.4 141.9 141.1 152.6 161.7 174.1 185.5 196.6 210.4 226.8 245 261.6 276.8 291.3 306.6 323.5 335.8 358.2 368.4 378.8 376.6 368.8 372.1 376 380.8 383.6 392 403.2 416.2 423.3 433.4 436.1 445 438.4
498.5 505.6 510.7 515.2 524 530.5 541.6 553.5 564.6 577.7 587.4 590.7 592.5 590.5 584.5 573.5 562.1 551.4 541.3 531.4 521.2 510.2 497.9 484.4 471.2 458.2 444.9 429.6 412.9 394.5 377 361.1 342.4 321.7 301.8 283.4 261 241.4 216.4 196.2 188.1 171.5 155.4 146.7 145 141.8 142.3 153.6 163 174.7 186.2 199.3 211.9 227.7 246.3 266.8 278.6 294.6 308.6 330.6 344.2 357.3 374.9 383 378.4 373.4 376.2 381.8 386.5 391.6 401.4 419.9 425.9 439 445.4 448.4 453.7 447.9
509.1 516.5 522.5 529.6 539.2 552.4 562.1 568.5 575.2 583 590.5 593 593.2 588.8 583.2 576.4 566 553.5 540.3 526.6 515.3 501.8 488.8 475.8 461.7 447.8 432.6 417.6 401.3 384.9 366.7 348.9 330.5 312.9 294.7 274.1 255.6 233.6 210.4 194.5 183.1 167.1 152.4 146.7 144.8 142.3 145.3 155.5 166 175.6 187.7 202.1 213.9 228.6 246.1 263.6 279 291.8 308.9 327.2 342.7 358.4 373.2 382.1 380.7 381.6 384.2 390.7 394.7 398.3 409.6 420.9 436.3 445 451.8 455.5 456.8 454.1
525.9 532.8 539.8 546.7 556.2 570.6 577.7 581.8 584.5 586.2 588.9 589.1 587.8 584.2 581.1 574.1 564 551.1 536.9 523 511.5 497.9 482.6 466.5 451.6 437.1 421.9 407.4 392.4 374.8 357.9 340.1 324 306.2 287.8 267.9 248.6 229.3 204.9 194 177.6 163.4 150 146.6 143.8 143.4 149.5 161.1 169.3 178.5 191.8 204.2 215.7 230.2 247.3 264.7 279.6 292.2 308 327.1 346.8 360.7 367.8 377.9 380.9 385.8 393.7 404.8 407.6 405.9 414.5 429.1 437.4 444.9 454.6 454.5 451.1 450.4
545.9 552.1 558.5 563.9 571.8 582.2 586.3 589.9 591.1 589.4 587.4 584.7 579.6 574.2 571.1 565.8 556.6 544.9 531.1 517.6 504.9 490.3 474.8 458.6 442 426.4 411.1 396.6 382.3 365.4 349.3 332.1 315.5 297.1 279.9 259.8 242 223.9 205.9 187.6 174.6 160.1 149.3 147.2 143.8 148.2 154 165.8 173.2 180 194 205.3 216.7 232.8 248.9 264.5 280.8 293.5 308.6 327.4 349.3 361.4 371.7 373.6 381.8 389.8 400.2 409.4 417.9 412.8 421.8 430.4 440.1 449.1 448 448.2 448.3 448
561.8 568 573.2 577.5 583.9 588.9 593.3 595.5 596.1 594.4 588.7 584.5 578.5 568.8 562.1 553.7 545.3 534.1 522.1 510.3 496.4 481.3 464.8 448.3 431.6 415 400 385.2 370.4 354.8 338.6 322.1 305.2 286.5 268.5 248.7 233 215.3 202.1 182.7 172.8 158.7 149.4 146.5 145.7 150.9 157.7 168.1 172.5 184.3 195.8 206.1 216.6 232.6 250.4 266.6 280.6 292.4 309.5 324 343.5 362.6 372 376 380 391.6 403.2 411.2 415.6 416.6 419.2 427.3 434.8 437.5 441.2 444.2 444 444.1
571.7 577.9 582 587.1 592.3 595.6 597 595.4 591 587.6 583.8 578.8 573.9 565.4 557.1 550.4 536.8 523.2 511.1 499.4 485.3 469.3 452.7 436.1 419.8 403.3 388.3 373.4 358.6 343.1 327.4 310.6 292.5 274.8 258.7 238.3 221.1 210.4 191.6 180.2 169.9 155.6 148.2 145.7 146.9 152.9 159.9 167.7 173.8 185.4 195.6 205.8 216.1 232.8 250 266.2 278.8 289.3 305.4 325 340.7 359.8 374.4 380.4 382.5 391 405.1 409.7 411.7 415.4 414.7 421.8 426.4 431.5 436.2 438.2 436.6 436.9
578.7 581.7 584.5 590.6 597.2 598.6 597.3 593.7 588.2 582.8 579.2 572.3 563.5 554.7 546.8 539.3 529 515.6 501.2 486.1 470.6 455.3 439.7 423.5 407.2 391.1 376.3 361.5 346.6 331.5 315.7 297.6 278.8 261.6 245.3 227.6 215.3 199.3 184.7 175.4 165.5 153 147.7 145.8 147.8 153.6 161.1 166.5 174.9 184.8 195.4 205.7 216.1 232.6 252.3 265.1 279.4 288.1 302.7 322.8 337.9 354.4 372.2 381.3 381.8 388.5 400.9 406.1 407 404.8 409.1 411.6 416.6 423.8 430.2 429.4 426 425.9
583.8 585.4 585.9 588.3 594 594.9 593.3 590 583.3 576.3 569.5 562.9 554.7 544.4 535.2 527.3 519.5 506.8 491.9 476.1 459.5 442.7 426.4 410.7 394.5 378.8 364.1 349.4 334.7 319.9 303 284.8 266.8 249.1 233.3 220.4 205.2 188.4 177.3 168.1 158.6 151.6 147.4 146.6 148.3 153.8 160.7 167.5 175.9 184.2 193.3 204.7 215.1 231.4 248.9 259.9 272.9 285.8 300 316.5 334.4 349.9 365.8 375.2 377 381.6 388.7 396.3 393.3 395.5 397.9 398.5 405.3 412.4 417.7 415.8 414.4 414.3
588.5 587.2 585.8 586.2 589.7 589.3 586.3 581.7 574.6 568.3 559.7 551.4 544.1 535.8 523.8 513.5 504.4 491.9 477.3 462.7 446.7 429.8 413.3 397.4 381.8 366.4 351.8 337.1 322.4 306.8 289.9 273.8 256.1 238 223.9 208.3 191.3 180.3 169.9 161.6 155.7 149.7 147.6 147.2 148.8 153.4 160.1 165.7 173.2 181.8 192.1 202.7 215.7 232.3 246.2 259.3 270.8 282.3 296.3 315.3 329.1 343.5 354 363.2 370.6 373.4 375.8 377.2 379.8 385.2 384.2 384.5 390.8 397.1 399.7 401.3 401.7 401.8
595.1 590.8 587.9 584.1 583.3 581.3 577.5 572.8 566.1 557.4 550 542.7 535.3 525.4 512.9 500.5 487.7 474 460.5 446.9 431.8 415.1 399 383.8 368.3 353.6 339.3 324.8 309 292.9 276.6 259.8 243.6 227.7 211.1 194.1 181.3 171 163.2 158.1 154.3 149.8 148.5 148.4 149.3 152.9 158.3 163.1 170.5 179.3 189.3 199.2 213.3 234.7 248.2 257.2 266.9 279.4 293.2 308.3 320.9 333 343.1 351.2 357.3 360.4 361.6 363.2 365.7 368.2 367.8 368.3 373.6 377.2 380.2 383.2 385.6 384.7
598 592.1 587 581.2 574.8 570.9 567.7 564.1 559.7 551.9 542.9 533.7 524.2 512.8 500.7 488.5 474.2 459.7 445.6 431.4 416.3 399.9 384.5 369.8 354.7 340.5 325.7 310.2 294.2 278.1 262.1 245.9 230.7 214.8 197.9 182.6 171.2 166 158.9 154.6 152.4 150.2 148.5 147.8 148.4 151.4 156.9 161.7 168.5 177.4 184.7 194.8 209.4 230.3 241.8 248.9 258.9 272.7 288.6 301.9 311.5 322.4 332.6 339.2 343.7 345.1 345.3 345.4 346.6 347.9 348.3 348.8 349.8 353.3 357.3 359.9 361.8 360.4
596 594.1 585.8 574.9 566 559.1 556 553.1 547.6 540.7 532.6 522.8 512.8 501.1 488.9 475.4 461.4 446.3 431.2 416.6 401.2 385.1 369.7 355.3 341 327 311.1 294.6 278.3 263.3 247.7 232.3 217.1 200.5 184.1 172.9 166 162.4 157.9 156.1 153.1 150.3 149.4 147.6 147.6 149.7 155.6 159.4 165.7 172.2 179.6 191.4 204.7 218.3 231.3 241.8 252.3 266.3 281.5 291.8 300.8 311.2 320.5 327.2 330 329.3 328.6 327.8 327.3 328.4 328.7 329.8 330.2 332.4 334.3 335.7 336.8 333.8
588.7 585.6 580.9 571 559.5 549.3 543.6 539 536.3 530.4 521.5 510.8 500.9 488.8 476.2 462.4 448 431.5 416.3 400.9 386.1 370.5 355.1 340.8 326 309.2 293.5 278.2 263.1 248.1 232.9 217.9 203.5 188.6 176.5 167.3 163.8 160.4 158.4 156.1 152.3 151.4 149.3 146.8 147.1 148.1 152.1 156.7 162.5 169.2 178.1 188.8 197.8 209 221.1 232.2 244.6 256.7 267.3 276.5 287.4 298.9 306.4 310.1 311.7 311.1 311.2 310.6 310 310.7 311 311 310.4 311.1 311.2 311.9 312.2 309.1
583.2 576.5 567.2 557.9 549.2 544 536.2 527.5 518.3 512 503.7 495.8 486.8 474.8 463.6 449.7 434.3 417.1 400.7 385.1 369.9 353.6 339.1 324.7 308.7 292.6 276.9 262.5 247.7 233.2 218.7 204.8 190.6 177.8 169.5 165 162.5 160.8 158.4 154.6 152.3 150.8 147.3 146.3 146.1 146.7 150.7 154.9 160 166.1 175.7 184.5 190.8 199.7 210.4 223.5 237 244.9 252.6 261 272 284.5 288.9 290.7 291.3 292.1 293.2 294 293.4 294.2 293.5 292.5 289.8 287.1 286.3 286.3 286.2 285
