Assets/StreamingAssets/GeoData/Data/nn/NN76.asc
ncols 200
nrows 200
xllcorner 270000
yllcorner 760000
cellsize 50
[rows 70 to 104 of 200, columns 78 to 155 of 200]
402.8 404.5 406 405.7 404.1 403.8 405.2 409.4 413 418.6 421.7 424.5 427.4 429.5 430.7 432.1 432.9 434.2 435.6 435.2 435 436 437.3 438.6 440.7 442.4 443.2 443.9 444.6 444.7 442.9 439.9 436.8 433.8 429.5 424.8 423.6 422.3 421.3 422 424.8 422.3 418.1 411.7 406.4 397.3 392.2 388.2 383.9 384.2 380.6 377.6 377.2 373.9 372.9 371.3 368.6 365 360.3 358.8 355.7 350.6 347.2 344.5 339.5 338.6 334.3 333.3 330.5 328.3 324.3 322.7 317.7 314.4 314.8 313.8 306.9 307.7
401.2 405.1 406.3 404.1 402.9 402.6 403.9 407.5 411.6 417.4 420.3 422.9 425.5 427 428.5 430.1 431.2 432.7 433.5 433.5 433 434 435.3 436.3 438.5 440.3 442.1 443.3 444.2 445.6 443.1 440 438.1 435.2 433.2 432.3 430 428.4 425.6 426.8 426 421.7 418.2 412.7 405.9 398.8 398.1 393.4 389.8 386.5 386.7 385.8 385.6 383.7 382.2 381.5 382 377.3 372.2 368.5 365.6 361.3 359.7 357.6 353.5 351.5 347 344.1 340.9 336.1 332.2 330.2 326.4 324.9 323.9 323.7 318.9 318.8
399.2 405.2 405.9 403.8 401.5 400.7 403.2 406.3 409.3 416 419.3 421.8 423.9 425.3 426.1 427.2 428.9 429.8 430.8 431.8 431 432.1 433 434 436.1 438.1 440.1 441.3 442.1 443.5 442.7 441 439 437.3 436.5 437.1 436.2 434.8 434.7 433.5 430.4 425.9 421.2 414.1 407.1 403.5 402 400.5 396.5 393.1 392.5 391.7 391.1 389.1 388.3 389.6 389.7 385.6 380.9 377.2 373.9 370.7 368.9 368.6 367.2 363.8 360.7 355 350.8 345.8 341.7 340.9 335.7 335.5 334.2 330.3 326 326.4
396.8 401.3 403.4 402.9 400.5 399.5 400.8 404.1 408.5 414.1 417.6 419.9 422 423.5 424.4 425.3 426 427.2 428.9 428.5 428.5 429.1 430.1 431.4 432.9 435.2 437.4 439 440.6 442.1 441.4 440.6 440 439.2 437.5 437 437.2 436.5 436.4 438.4 436 429.7 425.1 419.9 412.7 406.3 405 405.3 399.1 397.8 399.3 397.8 396.1 394.7 396.5 396.3 393.7 390.9 387.5 382.8 380 377 376.8 377.1 377.2 373.8 370.6 367.5 363.3 356.6 354.4 347.9 348 345.5 339.4 337.9 337.9 334.2
394.3 399 400.6 400.1 399.5 398 399 402 407.5 411.2 415.2 417.8 419.8 421.2 422.5 423.3 423.6 424.3 426 426.2 425.8 425.9 427.5 428.5 430.2 432.5 434.5 436 437.5 439.4 440.8 439.5 438.5 437.8 437.2 437 436.6 436.3 436.1 439.3 436.7 432.5 428.3 423.4 417.1 411 406.4 405.2 404.2 403.9 405 404.1 408.1 411.9 407 403 400.4 395.3 392.1 388.3 383.2 381.5 382.5 384.3 383.9 381.4 378.2 376.2 372.5 370.6 365.8 361 360.2 354.7 351.8 348.3 346.3 340.5
389.8 395.3 397.7 398 397.6 396.8 397.7 401.2 405 408.3 411.8 415 417 418.9 420.4 421.3 421.4 421.5 421.4 421.9 422.9 423.3 424.4 425.8 426.7 428.7 430.8 433 435.3 436.5 439 438.5 437 436.4 435.7 435.2 435.4 435.1 435.2 435.3 434.1 431.8 430.1 426 421.3 416.6 412.1 410.7 409.6 407.1 407.4 409.3 415.8 414.2 411.2 407.9 404.2 401.2 397 392.9 391.2 392 393.3 391.1 388.6 385.5 382.2 379 379.1 379 377.8 374.4 371.6 368.2 363.4 360.8 357.2 350.9
386.8 391.2 393.9 393.9 395.5 394 396.5 399.9 403.3 407 409.7 411.7 413.1 415.1 416.9 418.3 419.1 418.9 418.5 419.1 419.1 420.9 421.9 423.5 424.2 425 426.9 429 430.9 433.3 435.6 435 434.1 433.9 433.6 433.1 433.5 433.6 433.6 437.1 435.5 433.9 431.5 429.2 427.3 424.8 421.2 417.5 414.5 411.4 409.7 413.9 416.1 414.9 413 409.7 405.6 402.8 399.5 396.6 396.8 398.7 397.4 394.4 391.7 388.5 383.6 382.1 382.6 385.5 385.4 384.1 380.8 377.7 374.8 372.2 366.9 362.9
385.7 389.1 389.7 390 391.6 390.6 393.5 397.8 400.7 404.8 408 409.1 410.2 411.6 413.1 414.5 415.4 415.6 415.6 416.1 416.6 417.9 419.5 420.2 420.9 421.7 423.6 425.1 427 430 433.3 432.3 431.2 430.1 429.6 430.3 430.4 432.4 432.6 435.6 434.7 435 433.7 431.8 430.1 427 423.8 421.2 419.8 418.5 416.4 418.1 420.2 417.5 415.1 411 407.6 407.3 409.1 407 404 402.1 398.9 396.9 394.1 391 389.5 390.7 390 393.1 393.1 391.3 389.8 387.2 384.3 380.2 376.9 373
383.7 388.2 388.1 387.5 388.2 387.5 390.1 394.8 398.1 401.6 405.5 406.6 408.8 410.1 411.3 412.5 412.9 412.6 411.8 411.9 412.2 413.5 414.9 416.4 417.8 418.1 419.6 421.1 423.3 426 427.5 428.7 428.7 427.2 427.1 426.8 428.6 431.6 431.3 433.4 434.8 435.6 434.3 432 430.1 427.5 425.1 425.6 426 425.6 425.4 425.4 424.1 420.9 417.8 415.3 414.3 415.2 415.4 413.1 411.6 407.8 403.9 400.6 397.8 394.8 395.6 395.3 398.9 399.7 398.5 399.3 397.1 395 391.1 388.3 384.6 381.3
382.2 384.3 385.1 384.3 385.4 383.9 385.5 391.1 395.8 397.7 401 403.3 406.4 408.3 409.8 411.2 412.7 412.5 411 410.2 409.8 409.7 410.5 411.4 412.3 413.8 414.5 416.6 418.5 421 423.3 423 423.3 423.1 423.5 424.2 427.2 430.6 431.1 431.7 432.9 433.4 432.9 431.7 430.9 430.4 429.9 430.2 432.2 429.5 428.1 427.7 427.4 425.3 423.6 421.2 421.3 419.1 417.2 414.6 412.7 410.4 408.1 404 402.3 401.5 400.8 403 403.1 401.9 401.3 404.2 403.4 401.8 398.8 395.2 391.4 388.1
380.9 382.4 383.5 383.5 382.6 382.6 383.8 386.3 392 394.5 396.8 399 402.2 404.4 406.2 409.5 411.5 410.6 409.9 408.9 408.3 407.4 407.2 407.7 408.3 409.3 410.3 410.9 412.8 414.5 417.7 417.8 418.4 419.5 419.6 420.7 422.5 426.3 428.1 429.1 429.8 430.8 431.2 432.1 432.4 432.9 434.1 436.8 433 430.6 428 426.7 427.4 427 426.7 427.8 426 423.2 420.1 417.1 415.6 413.9 411.9 410.6 412 409.1 407.3 407.6 406 403.9 406.3 406.8 406.2 405.1 402.8 400.4 399.1 395.6
380 381.1 381 381.4 380.2 381 382.5 383.8 386.6 389.9 392.2 394.1 397 399.7 402.3 405.2 405.9 406.8 406.3 405.8 405.2 404.4 404.1 404.1 404.1 404.1 404.4 405.8 408.4 410 414.1 412.9 413.5 414.6 416.3 417.1 418.9 421.3 424.7 425.6 426.5 427.7 429.4 430 430.5 430.6 434.7 431.2 429.9 427.5 426.2 425.8 427.4 428.2 427.9 426.9 425.5 423.1 421.4 419.4 419.6 420.9 423 420.4 416.8 413.6 413.7 411.9 409 408.7 411.8 411.7 410.2 408.3 406.9 406.4 405.4 401.9
379.4 380.3 380.1 379.7 378.5 378.9 380.2 381.5 382.9 385.3 387.8 389.3 391.8 393.4 397.2 399.2 401 402.2 402.5 402.3 401.9 401.5 401.3 401.2 400.8 400.6 400.7 400.7 404.8 408.7 410.2 410.7 410.6 411.1 412.3 413.8 416 417.1 418.8 421.1 422.7 424.1 425.1 425.9 426.7 426.8 425.3 424.9 424.2 424.4 425.3 425.6 428 428.8 428.3 426.7 424.9 422.2 421.3 423.1 426 430.9 429.7 428.5 422.4 419.2 417.2 414.8 416 414.2 414.1 413.1 412.6 412.3 412.3 412.2 410.8 407.7
378.5 378.9 378.6 378 376.9 377 378 379.3 380.7 383.7 385.3 387 388.8 389.1 391.4 393.6 395 395.8 396.1 397 398 398.3 398.3 398 397.3 397.1 396.2 397.1 401.3 412.7 411 409.4 408.6 407.8 408.6 409.5 411.9 415 415.4 416.6 418 419.7 420.3 422.6 424.1 423.5 423 421.2 422.2 423.8 425.6 428.5 429.9 429.7 429 427.4 424.9 423.7 425.4 426.4 427 429.8 429.4 426 423.8 422 417.9 417.3 417.5 418 416.6 415.1 415.3 416.9 417.1 415.2 413 409.3
374.5 376.2 376.4 376.2 375 374.9 375.4 377.2 378 379.8 383.3 385.6 387.3 387.2 389.2 390 389.5 390.6 391.1 391.9 393 393.2 393.7 394.4 394.8 392.9 392.9 394.5 396.4 401.6 408.1 407.4 406.2 405.8 406.4 406.8 408.1 410.4 411.2 413.9 414.7 416.8 418.9 421.6 421.1 419.7 418.8 417.7 420.2 423 425.7 428 429.5 429.8 429.6 429.1 428.1 428.6 429.1 429.5 431.6 431.1 427.1 425.7 424.1 422.4 421.9 421.6 422.7 424.5 421.4 419.1 420.2 422.4 422.4 418.2 414.6 411.5
371.8 372.2 371.8 372.6 372.4 368.6 373.7 375.1 376.4 378.5 382 383.5 385.6 386.1 388.3 389.6 388.8 388.4 387.9 387.5 387.7 388.3 389 389.9 389.2 389.8 389.9 392 393.3 397.6 403.3 402.9 403.1 403.2 403.7 404.1 405.3 406 407.3 409.4 410.8 415.6 418.3 419.2 417.9 416.3 414.6 413.9 416 420 423.1 424.8 428.5 429.7 429.5 428.8 429.5 431.3 433.6 433.3 432.8 429.9 426.9 426.6 425.8 424.5 425.1 427.7 431.5 430.6 426.9 423.3 426.5 426.5 424 420.4 417.4 415.8
368.4 367.8 369.7 368.3 368.9 365.8 372 375.4 376.9 378.2 380.5 381.3 383 383.9 385.8 389.4 388.1 389 388 387.4 386.4 385.4 384.8 384.5 385.8 386.5 386.9 388.7 390.3 393.3 398.1 398.7 398.3 399.2 400.2 401.9 402.4 403.1 404.2 404.2 409.1 414 416.8 415.7 413.6 412.9 411.9 413 415.4 417.6 419.9 421.9 428.1 429.5 430.1 430.6 431.9 433.9 434.3 434.4 432.1 428.7 427.4 427.3 426.6 427.9 430.2 429.3 432.8 431.3 430.1 427.8 426.9 426.6 424.8 423.4 423.3 422.2
363 363.8 364.2 365.6 362.7 364 369.3 373.4 375.5 377.2 379.7 380.4 380 381.8 383.7 384 384.1 386 385.9 384.8 384 383.3 382.6 381.6 381.9 384 383.6 384.2 384.3 389 394.4 394.8 393.6 395.7 397.3 399.2 400.5 401.4 402.5 403.3 407.8 411.5 412.2 411 411.1 410.5 411.1 414.8 416.3 417.5 419 421.5 428.6 429.8 430.4 430.4 431.4 433.2 433.3 432.4 430.6 428.6 429.3 429.3 428.1 429.9 432.2 431.1 432.4 432.1 431.2 431.1 429.7 427.4 426.1 425.6 427.1 425.2
361.2 360.4 361.2 362.5 359.9 361.3 367 371.1 373.1 374.4 376.9 377.5 378.1 377.4 382.3 382.8 382.9 383.4 382.4 381.6 380.8 380 379.2 376.9 378.3 377.2 377.4 378.6 378.9 380.4 383.8 389.3 390.1 391.4 394.5 395.7 397.9 398.9 400.9 403 407.3 407.8 408.1 409 409.5 410.5 412.2 415.2 416.3 418.1 420 423 428.3 429.3 430.5 429.4 431.2 432.3 432.4 430.6 427.9 427.9 429.9 430.9 430.7 433.5 433.4 432.7 432.5 432.5 432.5 433 431 429 427.5 427.1 427.1 425.8
357.9 358.3 357.8 359.3 357.1 360 366.6 368.7 370.2 371 373.3 374.5 374 375.1 379 381.5 380.6 380.6 379.2 378.4 378.1 376.7 375.6 375.1 374.4 372.9 371.9 371.5 372.3 373.7 376.2 381.1 382.5 388.1 390.8 392.5 394.5 397.3 399.2 403.6 403.6 404.9 406.9 408 408.8 410.3 412.7 414.9 416.3 418.1 423.5 425 427.2 428.5 429.5 429.8 430.7 430.9 429.9 428.1 425.3 426.5 428.5 429.6 430.4 431.7 432.8 433.2 433.6 433.4 435.8 433.4 431.1 429.6 428.6 426.8 426.2 425.2
355.7 356.4 355.5 354.5 357.3 360.1 363.9 365.3 365.1 368.6 370.1 370.3 369.7 371.6 375.5 377.8 379.2 377.8 376.3 375.8 375 373.8 372 371.7 370.7 369.5 368.6 367.8 367.9 368.4 370.8 373.1 378.1 383.4 386.6 388.9 390.9 394.4 397 398.9 400.7 403.5 405.4 407.4 408.8 410.4 412.6 414.4 416.2 419.7 424.6 425.4 427.1 428.2 429.3 431 430.4 428.4 426.3 424.3 423.4 423.8 424.5 425.5 427.2 428.5 430.1 431 431.7 432.2 433.3 433.7 432.8 431.1 429.6 427.7 426.2 425.5
351.3 353.9 353.6 351.9 355.8 358.3 361.3 362.6 362.9 364.7 367.1 367.8 365.7 368.1 371.6 372.3 374.4 374.6 373 372.2 371 369.8 368.6 368.4 367.4 366.5 366.4 365.3 365.5 364.3 364.4 368.8 373.3 376 381.7 384.5 386 391.1 392.9 395.4 398.4 400.9 404.2 408.5 409.9 411 413.4 416.4 418.4 421.1 423.2 425 427 428.2 429.5 430.4 427.7 425.3 423.1 422.1 419.1 419.1 417.9 419.2 420.9 423.1 425.5 426.6 427.8 429.3 430.8 430.8 431.1 430.4 429.9 428.7 426.8 424.3
346.4 346.8 346.6 347.7 350.7 353.8 356.8 359.2 359.7 360.4 361.4 363.7 363.6 365.6 368.4 370.2 371.9 371.2 369.4 368.2 367 365.8 364.5 364.3 364.3 362.5 361.2 361.3 362.3 360.6 360.6 363 367.8 371.9 375.8 376.8 381.2 386.2 390.7 394.2 399.5 404.3 405.8 407.7 410.9 411.6 414.1 416.6 419.5 421.7 424.3 427.6 429.8 429.3 430.6 428.9 426.2 423.7 420.4 417.6 414.8 413.4 412.7 414 416.3 417.8 419.4 421 422.2 423.2 425.4 425.8 427.5 428.1 427.8 426.9 426 423.9
337.6 338.8 336.8 341.7 345 348.9 350.6 353.2 355.2 355.2 357.1 358.6 360.7 362.8 365.1 365.2 367.8 368.2 366.5 365.3 364 362.7 361.3 360.4 358.9 358.5 357.1 357.5 357.1 357.3 356.8 358.6 364.7 368.5 372.1 373 379.7 386.4 389.4 393.3 398.7 403.4 406.3 408.7 411.2 411.8 413.1 416.7 421.2 424.5 427.7 430.8 430.5 429.7 428.6 426.4 424.8 421.6 418.2 415 413.1 410.6 408.3 407.3 408.6 411.7 413.6 415.3 417 418.1 418.7 420 421.7 423.4 423.3 422.7 422.6 421.4
326.5 330.1 331.1 336 337.2 340.8 345 347 349.6 350.2 351.6 354.6 357.8 359.2 360.6 361.6 362.8 364.1 363.1 361.9 360.6 359.4 358 356.7 355.7 354.2 353.9 353.2 353.5 353.7 353.5 357.6 363.4 366.3 368.2 372.4 379.7 384.3 385.8 392.6 397.6 401.6 405.6 409 410.6 410.8 411.8 416.4 423.3 427.3 427.6 430 428.6 426.4 424.3 423.6 420.4 418.2 415.3 413 410.1 406.8 402.5 399.5 401.2 406.2 408.2 409.9 412.8 415 413.8 412.8 413.6 414.6 415.2 415.1 414.5 414
319.1 320.4 324.5 328.9 331 334.6 338.1 341.9 342.9 344.5 346.4 349.7 352.3 353.6 355.1 356.2 356.9 359.6 359 357.7 356.5 356 355.1 353.6 352.9 351.9 350.9 350 350.7 350.8 352.4 358.4 361 362.9 367.1 369.4 373.1 376.5 385.9 389.6 393.9 399.9 405.3 408.4 408.7 408.6 409.6 415.5 420.9 423.3 425.6 424.6 422.9 421 420.9 418.4 414.4 414.1 412.2 409.6 407.4 404 398.6 395 396 397.8 398.7 405.1 407.5 411.3 408.1 407.8 408.4 408.9 409.1 407.8 406.4 405.5
308.9 311.1 318.3 321 324.8 328.4 332.1 334.5 336.6 338.8 340.5 342.7 345.4 348.4 350.1 350.8 351 353.7 350.5 353.3 353.1 352.5 352 350.7 349.2 349.1 346 344.7 348.6 348.7 348.5 351.9 357.2 360.8 364.7 367.2 373 380 381.4 385.3 391.6 397.3 401.2 402.8 405.9 404.6 407.1 413.3 416 420 419.7 418.4 414.8 413.2 413.4 411.6 414.4 412.2 408.7 406 403.3 399.2 393.9 389.7 389.9 392.3 394.2 399.9 401.6 400.5 400.7 404.1 403.2 402.4 402.9 402.9 400.8 399.3
300.9 303.6 309.4 312.9 317.4 322 325.4 327.4 329.5 331.4 333.8 335.8 338.3 341.5 344.3 344.2 346.9 346.1 348.8 349.4 349.2 348.6 348.2 347.7 346.8 346.2 344.2 338.7 346.3 346.3 347.2 354.1 356.2 358 359.6 364.7 370.8 375.3 378.6 382.4 389.9 391.3 397.6 400.6 400.7 401.9 406 408 409.5 410.7 410.1 409.1 408.7 413.1 410.6 408.9 408.9 407.5 405.6 401.9 397.7 393.5 387.2 383.4 384.6 388.9 389.4 390.3 392.4 394.6 400.8 401.4 400.7 399.4 396.2 395.3 394.3 394
290.1 295.8 300.7 304.3 307.8 312.7 317.3 320 321.6 323.2 325.9 329 330.2 333.9 336.1 336.6 337.7 341.6 343.6 344.1 344.4 344.6 344.4 344.1 343.6 343.1 339.7 337.3 343.4 343.4 345.5 350.5 357.4 359.1 359.1 361.9 366.9 369.1 374.8 381.2 387 389.1 393.6 394.7 396.6 397 399.3 401.2 401.8 400.8 402.2 404.1 406.4 407.3 405.3 403.2 402.4 399.5 398.1 394.8 390.1 387.2 382.4 377.5 379.3 382.9 384.8 385 387.2 391.2 396.1 395 394.8 393.3 392.1 391.4 388 388.6
282.3 288.6 291.3 296.4 300.3 303.4 308.2 311.3 312.8 314 317 320.7 322.6 325.8 327.6 330.5 332.2 333.5 335.7 337 338.3 339 339.6 340 340 340.1 339 333.1 340.1 340.1 342.9 349.5 355.4 357.9 359.1 361.5 363.1 367.8 371 378.3 383.3 385.3 387.4 391 390.4 392.6 393.5 394.7 394.5 395.4 398.5 400.1 401.7 401.6 399.6 397.8 395.3 391.6 388.9 387.5 383.1 381.9 378.8 375.3 376.5 379.2 380.5 382.4 387.1 387.9 387.2 387 384.8 385.5 384.1 383.9 380.6 381.3
278.5 282.6 286.9 288.9 292 295.4 299 302.7 304 305.9 309.2 312.1 314.5 317.9 319.8 321.9 323.8 325.1 328.9 329.8 331.4 332.6 333.9 334.9 335.4 334.9 330.5 332.1 337.6 337.7 340.9 347.1 352.1 357.4 358.1 358.2 360.6 365.8 370.8 376 381.1 382 383.8 385.4 385.7 387.7 390.4 390.9 391.9 392.2 391.7 395.3 395.4 394.4 393.2 391.1 388.6 384.8 383.1 381.3 378.5 380.2 378.9 375.6 373.9 376.1 378.6 382.8 384.3 383.6 382.2 380.6 378.4 380.3 377.5 375.4 372.1 370.8
271.6 273.1 278.8 283.5 283.5 287.1 294.1 296.2 293.5 297.3 301.5 304.1 307 309.7 311.6 313.1 314.6 318.5 320.7 322.4 324.1 325.6 327.6 328.5 329.4 329.8 320.9 324 333.6 334.1 338.8 341 345 351.3 354.8 355.6 358.7 363.1 367.8 373 375 375.7 377.6 379.6 381.5 383.7 387.5 386.4 384.3 387.1 387.7 391.6 391 390.6 388.4 386.5 383.8 380.4 376.1 375.4 376.8 377.3 374.7 368 369 374 375.8 379.9 381.1 382.1 380.2 377 374.3 372.7 370.1 368.6 364.3 364.8
264.4 266.2 270.1 272.5 276.1 277.6 284.3 285 288.5 291.7 294.1 296.5 298.9 302.5 304 304.8 308.8 311.4 313 315.2 317.4 319 321 322.1 323.3 321.2 310.5 324.1 328.5 328.9 333 335.7 339.5 344.3 347.1 351.9 355.8 361.8 364.4 368.6 369.8 370.4 376.1 377 376.8 378.5 379.6 379.2 379.9 384.3 385.3 385.4 383 383.5 381.2 378.8 379 375.7 372 371.8 368.9 370.4 368.8 360.9 363 366 371.8 373.8 380.2 378.3 374.7 372.2 370.6 368.3 367.2 363.7 360.8 364.9
258.3 259 261.6 263.9 266.2 267.4 273.3 280.3 283.1 284.5 287.1 289.9 289.9 293.9 297.4 299.7 301.8 304.6 305.9 309.2 311.3 313 313.9 314.6 316.4 312.7 311.2 315.6 319.7 325.3 328.1 332.2 335.7 341 343.4 346.9 349.2 354.4 359.4 362.4 363.4 365.7 373.3 373.2 372.2 372.9 374.5 371.8 373.6 378.5 378.6 379.3 375.2 373.1 373 370.5 370.4 368.9 367 365 362.8 364.1 358.8 355.9 356.8 361 366 367.1 369.9 370.2 367.7 366.5 364.8 363.2 362.4 357.9 357.7 361.6
251.2 249.7 256.2 259.9 257.8 260.3 265.9 273 275.6 276.1 278 281.6 283 285.9 290.5 293.1 295.1 297.7 299.8 302.6 303.9 307.1 307.9 302.2 306.9 302.8 305.9 316.4 318.7 320 322.9 326.1 329.8 334 337.9 342.1 345.4 350.9 355 358.2 359.7 361.2 364.1 364.1 365.4 366.6 366.9 368.9 371.3 371.9 372.3 369.9 367.5 367.5 370.1 367.9 365.9 362.7 361.6 359 356.7 353.6 352.2 346.8 348.7 348.6 356.1 360.9 360.2 360.7 360.3 358.9 356.7 355.9 354.1 353.1 348.3 350.8
