Assets/StreamingAssets/GeoData/Data/nn/NN77.asc
ncols 200
nrows 200
xllcorner 270000
yllcorner 770000
cellsize 50
[rows 140 to 174 of 200, columns 78 to 155 of 200]
470.7 472.6 474.2 473.6 470.1 464.4 457.8 449.3 440.7 436.6 422.2 412.7 401.4 388.7 378.5 369.5 362.6 345.7 330.1 336.4 355.3 369.7 381 391.1 398.8 406.3 415.3 420.9 425 428.6 432.3 435.4 438.1 440.4 440.9 439.9 438.2 434 429.7 424.2 417.6 409.8 399.8 395.5 390.5 378.4 371 393.4 399.3 408.9 420.5 430.7 439.1 445.5 451.4 459.7 466.8 471.2 473.2 475.4 476.1 476.7 478.6 478.7 478.7 477.6 474.6 470.1 465.3 462.7 459.5 457.1 454 451.2 450.9 450.5 449.6 448.4
469.2 471.1 472.8 473.3 470.8 464.8 457.5 449.5 440.3 436.7 424.3 414.8 403.1 389.9 379.8 368 361.1 344.9 327.4 333.6 352.6 365.8 378.1 389.1 396.1 403.5 411.4 417.6 421.6 426.1 431 434.3 437.1 440 441.6 441.2 438.7 434.4 430 425 419.2 409.9 400.4 396.5 392 379.9 369.4 390.5 396.4 404.2 415.1 423.8 431.6 437.6 443.2 449.6 455.2 460.6 464.4 465.8 466.7 467.6 468.5 469.1 470.2 469.8 467.6 464.6 461.8 459.3 455.5 453.9 451.1 448.9 448.3 447.6 447.2 446
466 469.2 470.4 471.4 469.4 464 456.5 447.2 439.7 437.2 426.9 416.2 404.9 392 379.5 367.7 362.2 354.3 331.3 328.4 344.3 361.9 374.3 384.2 392 399.7 407.6 414 418.8 424 429.6 433.5 436.8 440.1 442.2 440.9 439.2 435.5 431.3 426.2 420.6 411.7 403.7 397.8 393.9 384.6 370 388 393.4 398.5 408.7 417.1 425 431.9 438.7 444.6 450.4 453.1 455.7 458.2 459.9 460.5 460 459.9 460.5 462 461 459 458 455.9 452.3 450.5 448.7 446.6 445.9 445.3 444.7 444.4
461.5 465.9 467.1 468.2 466.5 460.8 454.2 445.7 438.7 436.3 433.4 417.2 405.4 394.3 380.5 370.4 362.8 351.7 336.7 323.1 340.6 357.2 371 380.4 388.8 395.8 403.7 410.5 415.9 422.5 428 432.2 436.4 440.6 442.6 441.8 439.9 436.9 432.9 428.3 422.8 414.7 406.2 400 395 388.9 371.8 379.6 389.1 392.8 402.4 412.4 422.7 429.7 435.1 440.9 446 449.2 451.7 452 452.9 453.9 453.7 453.2 452.7 454.1 454.5 453.7 452.7 452.8 450.9 446.9 445.2 444.4 443.7 443.1 442.8 442.6
456.7 461.3 463.5 464.5 462.9 457.9 450.5 444.1 438.2 432.7 428.2 416.3 406.3 395.7 382.1 372.3 362.3 345.8 333.7 327.1 332.4 351.3 365.6 375.7 385 392 401 407.1 413.4 421 427.2 431.7 436.1 440.1 442.9 443 441.5 438.7 435.2 430.9 424.7 417.1 410 402.1 396.4 392.1 381.8 368.1 384.4 391.2 397.4 408.3 417.2 424 430.6 436.4 442.1 445.3 446.7 447.3 447.7 447.1 447 447.3 447.1 445.6 447 448.2 448.6 448.9 446.9 443.7 443.9 442.2 439.7 440.9 440.9 440
453.1 455.5 457.8 458.7 458.3 454.2 448.1 442.4 436.8 431.4 424.5 416.1 406.9 395.5 386.3 378.2 362.8 354 338.3 326.5 322.4 349 361.1 370.5 379.7 386.9 397.2 404.1 411 418.8 426 430.9 435.7 439.8 443 444 442.5 440.5 437.2 433.1 427.5 420.4 412.6 403.6 398.5 394.7 387.7 370.1 373.8 387.7 394.5 403.4 412.7 418.9 425.3 431.8 438.2 440.7 442.8 443.3 443.9 443.1 442 441.8 441.3 441.4 444.3 446.4 446.9 446.4 444 441.6 441.6 439.8 437.7 438.5 438.8 438
449.3 451.5 452.3 452.5 452.6 450.6 445.5 439.5 435 428.7 422.7 415.8 406.6 397.8 388.5 376.8 376.9 359.8 339.4 327.7 320.3 342.6 359.4 365 374.2 382.7 391.7 400.3 408.9 416.8 423.4 429.5 434.3 438.6 443.1 444.9 443.6 442.2 438.9 435.1 429.8 423.4 416.2 406.6 401.9 397 391 376.9 365.2 385 392 398.8 408.3 414.5 421 427.6 433.9 436.4 438.6 439.8 440.2 440.3 439.6 438.7 438.6 440 441.8 443.6 446.2 444.9 442.8 441.2 438.5 436.6 435.8 435.7 434.8 434.4
442.1 447.3 448.6 447.9 447.5 445.4 441.7 437.6 432.6 425 417.1 410.7 404.2 396.1 389.6 385.2 372.6 361.2 345.9 328.1 320.2 338.6 355.8 361.5 368.4 377.9 387 396.8 406.4 414.2 421.1 427.7 432.8 437.5 442.2 444.9 444.5 443.4 440.5 436.8 431.9 425.6 418.9 409.8 404.8 399 393.6 382.2 365.4 379.7 389.1 394.4 403.1 410.2 416.7 423.3 429.6 431.9 434 435.7 436.5 436.9 437.4 437.1 438.2 439.7 441.2 443 445.1 443.4 441.8 439.3 435.8 433.2 428.1 430.3 428.8 429.2
446 440.7 444.3 443.5 440.4 439 438 432.5 426.1 415.2 416.8 412.3 407 397.7 389.9 384.2 369.7 361.2 351.7 332.3 322.8 334.8 352.5 357.9 362.8 372.7 382.3 392.3 404 411.6 419.2 425.5 430.8 436.3 441.2 443.2 443.7 443.6 441.7 437.8 433.5 427.7 421.1 412.8 407 401.4 393.3 383.9 368 376.7 386.9 391 398.2 405 412.4 418 424.9 427.4 429.4 431.4 432.8 433.3 433.9 434.4 437.4 439.4 441 442.4 443.6 442.1 440.3 437.8 433.3 428.4 424.3 421.8 421 423.1
446.2 445.3 438 439.8 432.4 432.8 432.9 427.4 427.6 422.7 417.5 411.5 404.7 395.4 392.2 386.7 375 365.9 355.7 340.4 322.2 329 342.3 353.3 359.7 366.9 377.1 388 399.9 408.5 416.4 423.1 428.4 434.4 438.6 440.8 441.3 441.9 441.9 438.7 434.9 429.3 422.4 415.1 409.9 403.9 398.2 385.6 367.7 378.5 384.4 388.2 393.8 400.4 407.4 413.2 418.7 423 426.3 428 428.5 429 428.7 431.7 436.1 438.5 439.8 440.6 440.7 439.1 438.4 435.1 429.8 425.1 421 416.1 414.6 416.4
446.7 446 443.6 438 437.9 434.8 435 434.3 431.3 425.1 419.3 412.7 405.2 402.2 396.4 384.3 376.5 368.8 356.7 346.6 327.8 321.7 333.2 348 356.4 362.7 371.9 382.3 395.7 405.3 413.4 420.2 425.6 431.9 436.3 437.9 438.4 439.6 440.9 438.7 434.8 430.1 423.2 415.7 413.5 406.5 397.7 387.2 370.4 374.4 381.1 385.3 389.2 396.4 402.1 407.7 412.3 417.1 421 423.7 424.2 424.7 424.6 426.4 431.2 433 434.5 435.2 437.5 435 434.9 431.1 425.2 421.1 417.5 412.8 410.8 412
447 447.2 446.1 444.7 442.8 440.9 438.6 436.1 432.1 426.4 420.9 415.2 409.3 403.4 394.6 387.7 380.3 370.7 359.9 350.5 332.6 319.9 327 342.6 353.4 358 366.3 378 390.6 400.6 409.8 416.9 422.3 427.9 432 434.9 436.1 437.4 438.6 437.9 434.7 430.1 424.2 417.3 413.7 403.5 397 387.3 377.7 363.3 377.1 381.3 385.8 392.3 400.1 404.4 407.9 410.8 413.9 418.3 420.1 420.5 420.6 424.5 426.8 428.3 428.9 429.6 433.1 431.6 429 425.4 421.1 417 413.6 410.1 407 409.6
448.6 448.9 448 446.4 445.2 443.6 441.1 438.6 434.3 429.2 423.6 417.9 412.6 406.7 399.8 389.2 381.8 370.6 364 353.1 341.1 323.4 320.2 336.3 350 354.5 360.4 372.6 384.7 395.3 403.4 413.3 418.4 423.1 426.7 430.1 432.5 434.3 436 435.8 433.4 430 425.6 420.5 415 401.8 394.8 387.9 379.5 358.8 370.7 376.4 380.3 390 399 401 404.8 408.8 410.7 414 415.7 416 418.4 419.8 423.7 423.2 423.8 427.8 429.3 427.6 424.7 421 417.4 413.1 409.5 404.7 405 407.5
450.3 450.5 449.8 448.6 447.6 446.2 443.6 440.9 436.5 431.9 426.2 420.5 415.2 408.6 401.5 393.4 382.2 372.3 362.6 351.6 343.1 327.8 319.4 326.2 345 352 358.6 367 378 388.8 397.9 409.3 413.2 417.7 421.4 424.7 427.8 429.8 431.9 432.7 431.8 430.4 426.2 418.6 410.7 402.3 394 387.9 380.7 375.7 351 365.2 375.8 385.9 395.6 398.5 400.8 404.1 406.4 408.9 410.9 411.3 414.2 416.6 419.4 419.1 418.5 420.9 423.8 423.1 419.5 415.8 411.8 407.4 403.7 400.8 401.6 399.3
452.2 452.4 452.5 451.4 450.4 448.8 446.2 443.3 439.3 434.7 429.3 423.1 416.4 409.1 401.8 393.9 383.8 373.3 365.5 355.3 347.1 331.5 318.8 313.3 338.6 349.1 355 362.4 372.9 382.9 394.4 403.8 408.3 412.3 416.1 419.3 422.5 424.8 426.7 428.9 430.3 426.2 420.6 413.4 406.7 399.4 395.6 389.4 383.4 376.9 371.1 346.5 370.3 380.8 389.7 394.2 396.5 399 401.6 404.1 406 406.8 409.9 412.8 416.4 414.6 413.7 413.5 418.2 416.6 414.1 410 405.5 401.7 399.6 389.3 397.2 371.6
454.3 454.5 454.7 454.3 453.1 451.4 448.8 445.8 442 438.1 432.9 425.5 416.1 407.6 401.3 392.8 384.6 373 366.8 354.5 346.7 336.9 320.8 315.8 335 347.1 351.5 358.8 369.9 379.2 389.7 397.9 402.9 406.9 410.8 414 416.7 419.4 422.7 424 422 419.3 414.6 410.9 407.4 403.6 397.8 392.2 385.7 379.2 374.2 345.7 365.4 376.2 383.4 389.7 391.7 393.7 398 400.5 402.1 404 407.1 410.5 413.8 412 409.5 407.9 409 409.4 406.8 403 399 397.2 395.9 378.2 387 363.9
456.3 456.6 456.8 456.9 455.8 453.9 451.1 447.7 444.7 442.4 435.3 423.8 414.7 406.3 399.5 389.5 379.5 371.9 363.1 357 350.3 342.1 325.3 312.9 329.4 343.7 349.2 356.1 366 375.3 384.4 392.7 397.1 401.7 405.4 408.4 410.9 414 417.7 416.9 415.2 415.1 414.1 411.8 414.5 408.9 400.7 393.3 386 379 373.7 346.7 361 369.5 377.7 384.8 387.1 389.1 393.8 396.9 398.9 401.3 403.6 405.3 406.8 407.8 404.6 401.9 401.7 400.4 399.8 396.3 394.2 392 392.8 383.7 365.9 383.2
458.3 458.6 458.9 459 458.1 456.1 452.9 449.4 446.3 444.7 433.6 424.1 414.7 405.7 396.8 386.8 377.3 370.8 364.9 361.5 350.9 342 330 315.2 325.8 341.2 346.8 353.6 362.1 373.2 379.2 388 391.7 396.6 400 403.1 405.5 411.7 410.7 410.3 408.9 409.5 410.8 413.3 412.8 407.5 399.6 391.4 385 377 372 360.5 348.9 365 373.1 379 382.3 384.2 389 393.3 394.7 396.5 398.6 399.8 401.2 401 399.5 397.2 395.9 395 393.7 391.9 390.9 387.7 390.1 369.4 378.2 391.4
459.2 459.6 459.9 460.2 460.1 458 454.3 451.1 446.8 442.3 432.3 422.5 414.8 406.2 396.4 385.9 378.5 371.7 368.1 358.5 349.9 339.1 333.6 318.9 315 337.6 343.5 349.9 358.9 372 375.9 382.7 388.6 392.2 400.5 400.4 400.8 403.5 405.1 404.5 403.6 406.5 407.7 407.5 404.6 402.9 397.6 389.9 383.2 376.6 374.1 362 345.5 357.9 367.9 373.3 377 380.2 383.7 387 390.3 391.9 393.5 394.8 395.1 394.3 393.6 392.1 390.3 389.3 388 387.4 382.9 387.8 368 371.2 387.4 390.7
458.8 459.3 459.7 459.8 460.2 458.6 455.4 452.6 448.7 440.1 431.4 422.7 414.7 406.6 394.8 386.5 378.4 370.7 365.4 356.7 347.7 336.9 332 321.8 309.7 329.7 339.8 346.8 354.3 364.5 372.1 377 383.9 390.8 392.7 396.3 396.4 396.7 398.7 399.1 399.9 401.4 401.7 400.1 398.1 396.5 392.6 386.8 378.6 376.6 374.5 361.4 356 347.1 361.7 366 369.2 372.5 376.7 380.4 383.2 385.6 388.1 389.6 389.8 389 388.2 386.7 384.4 383.4 382.8 380.1 369.7 371.7 356.1 375.8 384.9 392.7
458.3 459.1 459.2 459.4 459.8 458.6 455.9 453 448 440 431.1 420.5 412 403.9 395.8 385.7 377.6 369.6 360.4 352.5 344.2 335.9 331.6 324.2 309.2 320.1 336.9 343.2 349.4 358.6 365.4 370.7 377 382.3 388.1 389.8 392.5 393.4 393.2 394.7 397.1 397.4 399.4 396.2 392.4 390.8 386 380.6 379.5 377.9 375 362.1 359.3 346.9 355.6 360.7 363.2 366.1 368.4 373.5 376.7 379.9 382.7 384.5 383.7 382.4 381.7 380.4 377.2 370.4 367.3 364.4 357.7 356.8 358.9 374.9 391.5 397
456.4 457.4 458.7 459 459.1 458.5 455.5 451.1 445.3 438.7 430.6 421.1 412.5 402.8 393.8 384.9 378.2 369.4 358.2 348.8 341.5 334.9 331.1 324.2 311 315.9 332.9 339.8 345.1 354 359.8 365.8 372.8 378.1 380.3 383.6 386 388.5 389.7 392.7 392.5 394.8 392.4 392.4 390.3 389.4 385.1 386.2 384.2 381.6 374.5 366 359.7 346.7 351 356.9 359.4 361.6 363.6 365.4 369.7 372.9 376.1 377.3 376.8 373.4 370.4 365.3 361.2 359.1 353.2 347.8 350.9 353.2 362.7 380.7 393.6 400.6
453.1 454.1 455.4 456.6 457.6 457.5 455.5 452.4 444.4 437.4 429.7 421.2 410.9 402.6 393.6 386.3 376.2 366.4 359.9 352.4 342.3 335.5 330.9 323.1 312.8 313.6 331.6 336 340.6 348.8 355.2 361.4 368.8 374.1 376.2 377.4 379.5 383.1 385.4 389.3 389.5 390.2 387.5 386.8 387.3 386.1 386.3 384.6 381.2 377.9 373.3 367.1 360.5 336.6 348.1 354 356.6 358.1 359.6 360.8 363.2 365.8 368.5 368.4 363 358.2 357.1 354 347.6 347.6 356.7 362.7 367 370.9 378.1 386.5 395.1 402.7
449.6 450.8 452.1 453.4 454.3 455.1 454.6 450.8 444.1 437.2 429.1 420.4 411 402.7 392.9 386.2 377 367.1 359.8 351 344.2 338.6 332.3 324.8 313.9 317.1 328.9 332.6 335.8 343.4 351 357.8 365.2 369.7 372.5 374.2 374.5 376.4 379.5 385.4 386.4 385.3 383.2 380.9 381.2 380.1 378.9 379.3 376.9 374 369.4 364.5 358 337.2 345 351.1 353 355.5 352.8 354.4 352.2 348.9 349.1 348.9 348.3 346.3 345.9 340.2 354.9 362.9 366.2 372.7 377.6 384.6 384.9 393.1 398.3 404.8
446 447.4 448.8 450.1 450.9 451.2 451.1 448.5 443.2 436.7 428.7 419.8 411.7 401.7 392.6 384.2 376.1 366.2 358.7 351.7 345.2 340.4 333 326.9 316 311.2 323.9 328.8 333.3 338.2 344.7 351.9 359 364.3 367.4 370.2 371.5 372.3 376.2 379.4 380.6 379.6 377.7 375.8 373.8 373.2 374.1 374.5 372.4 369.4 364.5 359 353.3 339.2 337.3 339.3 346.3 344.3 341.9 340.6 334.8 336.3 340.4 333.3 342.8 345.9 352 358.9 370.1 376.1 374.8 382.1 387 389.7 395.2 401.5 404.6 409.8
441.5 443.1 444.8 446.4 446.9 447 446.1 445.2 441.6 435.8 427.7 419.5 407.7 399 392.8 384.8 374.3 366.2 359.6 353.9 347.1 341 334 326.9 322.2 310.9 310.7 324.8 330.3 334.7 339.6 346.6 353.9 358.6 362 364.8 367 368.4 371.5 372.8 373.5 373.3 371.9 370.8 368.9 369.7 371.8 372.6 369.7 364.8 359.6 351.6 347.2 338.8 321.5 333 325.6 330.3 330.3 334.6 344.7 352.2 356.3 356.2 361.3 367.7 370.3 373.4 377.9 383.9 388.9 391.5 395.3 400.4 405.8 408.6 411.6 415.4
435.3 437.7 440.2 441.8 442.3 442.8 442.6 441.8 438.7 433.4 427.1 418.5 408.1 399.4 391.1 385.3 377 369 360.7 353.5 347.8 343.3 334.2 328 324.7 314.9 306.4 316.9 327.1 331.3 336.1 341.6 348.3 353.7 357 359.6 361.7 364.8 367.4 369.2 367.3 367.6 367 366.3 365.3 365.6 368.7 369.1 367 361.8 351.6 343.2 331.9 329 329.4 330 344.5 346.3 352.7 354 357.6 364 368.7 370.1 375 380.3 383 387.3 389.7 396.7 399.5 404.2 407.7 412.7 415.6 417.3 419.4 422.6
428.6 431.8 435.7 437.2 437.7 438.3 438.6 436.7 434.3 430.4 425.4 417.9 408.1 398.9 390.5 384.2 375.7 368.3 361.6 354.9 350 344.2 335.1 330.5 324.7 317.7 309.3 304.7 323.2 328.2 332.9 337.8 343.2 348.4 352.1 356.5 359.2 362 365.6 365.9 363.7 362.9 362.5 361.9 360.7 359.8 361.3 362.2 358.8 349.7 337.9 322.9 314.3 312.9 317.9 342.1 351.6 356.9 363.1 363.7 367.2 371.2 377.1 380.7 383.4 387.6 392.2 397.3 402.6 406.3 409.6 414.7 418.1 421.7 424.1 424.6 426.4 428
423.1 426.5 430.5 432.4 431.9 431.9 433.6 432.5 429.4 426.1 422.1 415.4 407 397.7 388.5 382.2 373.4 365.4 359.9 354.4 350.1 344.9 335.9 332.6 326.3 321.7 311.8 303.8 316.3 324.7 329.9 334.9 339.9 344.2 347.9 352.7 356.9 359 360.9 361.3 359.9 359.2 358.5 357.3 356.3 354.5 353.4 349.9 341.7 329.9 314.6 322 333.9 341.2 349.2 357.7 362.3 367.5 372.7 374.9 380 382.1 387.6 389.8 392 396.5 402.4 408 412.1 415.6 419.7 423.5 425.6 428.1 428.9 428.5 430.1 429.9
416.9 421.7 424.2 425.4 426.3 426.8 428.9 426.8 424 421 418.1 412.3 404.1 396.6 389.8 380 375.4 366.4 359.4 354.1 349.4 344.7 339.1 333.7 327.9 322.5 322.1 309.8 301.9 316.2 326.5 332.1 336.5 340.2 344 349.8 352.5 354.1 355.5 356 355.6 355.3 354 352.5 350.8 347.3 339.8 329.5 316.9 311 329.9 338.6 347.2 354.8 363.1 367.5 374.2 380.3 383 386.9 390.2 393.7 395.4 397.7 401.3 407.1 412.4 416.7 420.1 423.6 427.2 429.7 431.8 433.3 432.5 431.9 432.7 432.9
411.5 415.7 417.6 419 420.1 420.8 421.4 420.7 419.2 416 413 407.5 401.3 395.5 388.5 380.7 374 367.6 359.9 352.9 346.5 341.3 340 332.1 327.2 326.1 320.9 314.2 308.8 300.9 314.5 327.7 333 336.2 339.9 343.1 346.3 348.5 350.3 351.1 350.8 350.4 348.3 345.2 339.6 332.5 318.6 311.3 326.4 334.9 342.6 350.4 360.1 367.4 373.3 378.2 383.8 389.1 390 395.2 398.8 404.4 404.7 407.1 413.1 416.1 420.8 423.7 426.1 429.4 432.5 434.7 436.1 436.6 436.3 435.9 435.6 435.5
406.1 410.8 411.9 413.2 413.8 414.5 414.4 414 412.4 409.1 405.7 401.8 396.7 391.7 386.1 379.1 373.3 365.3 360.3 353.1 345.9 341.4 340.2 331.9 327.4 323.3 321.8 318.2 314.8 308.3 301 325.3 330.4 332.1 335.4 338 340.6 343.2 345.4 346 345.8 344.1 335.7 322.9 312.5 307.2 318.1 329.6 336.9 346.5 352.3 361.7 367.1 375.6 380.2 384.1 391.8 396.3 398.1 405.3 409.4 412.1 413.8 417.4 421 422.2 428.2 430.1 431.8 434.6 435.9 437.3 438.2 438.5 438.6 438.8 438.7 437.6
399.5 404.3 407.4 407.4 407.6 407.6 407.6 405.9 405.3 402.6 399.7 396.3 392 387.9 382.1 376.4 368.9 363.9 358.2 352.7 346.5 344.3 341 334.3 326.8 326.6 323.9 320.9 317 310.4 300.3 323.2 328.6 329.9 331.2 333.3 335.1 337.6 339.6 340.6 337.8 328.4 311.1 309.7 317.5 323.2 328.6 339.5 348.2 357.3 363.5 369.6 377.1 386.3 393.3 394.8 398 404.5 409.8 414.2 420 422.1 423.4 425.6 426.3 431.4 434.8 436.3 437.8 438.5 438.4 438.3 438.9 439.4 439.4 439.2 439.1 438.7
393.1 398 400.2 400.9 401 401 400.9 398.7 398 396.1 393.7 390.6 387.4 383.5 379.2 373.2 365.5 361.4 355.9 351.1 347.1 344.4 339.1 333 330.3 328 327.1 323.2 318 311.4 297.7 319 326.7 327.2 327.4 329.1 331 332.7 333.4 330.6 324 306.6 311.7 320.4 329.3 336.2 341.1 347.6 357.7 364.6 370.8 378.5 388.7 396.1 401.5 403.1 404.8 413.6 420.9 424.3 427.8 430.1 432.4 435.7 436.6 438.3 439.3 441.2 442.6 441.9 440.5 439.8 439.7 440.2 440.1 439.6 438.7 437.9
386.6 391.4 394.3 395.5 395.2 394.4 393.3 392.1 391 390.1 387.7 384.9 382.1 378.4 375.1 370.6 364.7 359.6 352.2 348.2 345.4 341.1 336.3 332.9 333 329 326.5 323.5 321.4 312.6 301 309.7 323.5 324.2 324.5 326.2 326.8 322.8 316.9 312.1 295.5 314.2 324.1 332.6 339.4 345 350.7 356.7 364.8 371.4 379 386.6 396.6 402.2 407.3 408.9 410.7 420.3 428.2 433.9 435.6 437.1 440.1 441.1 442.3 442.9 443.3 445.1 446.6 445.3 443.5 442.2 440.7 439.7 439.6 438.6 437.5 436.7
