Assets/StreamingAssets/GeoData/Data/nn/NN78.asc
ncols 200
nrows 200
xllcorner 270000
yllcorner 780000
cellsize 50
[rows 0 to 34 of 200, columns 78 to 155 of 200]
506.3 513.4 518 521.6 524.8 529.4 530.3 533.7 537.2 539.5 538.8 537.8 534.3 530.1 523 516.8 511.7 504.4 496 495 493.5 490.5 484.6 477.6 470.6 461.4 453.5 439 408.7 427.7 429.5 422.6 437 449.2 452 452 448.7 445.6 444.5 441.2 438 433.6 428.2 417.9 403.8 399.4 398.3 397.7 394.6 391.4 391.1 390.7 405 429.5 440.7 439.9 436.8 435.6 420.9 423.3 433.8 445.4 460.1 470.9 478.8 484.4 487.9 492.5 495.9 503.3 510.3 518.3 523.2 527.2 531.6 536.6 537.1 540
516.7 524.2 528.2 532 535.5 540.2 542.4 543.9 546.2 547.4 545.4 543 538.8 533.6 528.6 523.3 518.2 512.3 500.9 503.2 497.3 492.5 486 478.3 469.3 462.2 450.5 424.9 421.2 429.8 430.4 426.5 439.7 450.1 453.3 453 450.1 449.7 448.7 444 441.5 438.8 434.4 427.5 417.1 404.5 400 399.4 398.8 390.8 391.3 391.3 397.7 419.4 440.5 445.9 445.3 442.1 437 425 416.1 422.7 441.3 454.3 463.1 470.7 473.8 477.5 480.6 486.9 495.7 503.9 509.5 513.4 518.9 523.2 525.3 526.2
528.3 534.2 539.8 543.8 547.7 551.2 551.5 552.9 553.3 552.4 551.4 547.2 543.2 538.4 534 529.6 525.4 517.2 509.4 509.2 501.7 493.2 486.6 478 468.5 459.6 446.4 426.3 430.1 431.4 426.7 428.7 444 451.4 454.5 454.2 452.3 451.8 451.2 447.6 445.5 443 439.4 431 422.2 407.7 401.8 400.4 399.6 391.6 391.9 392.4 394.7 407.1 429.8 446.7 447.7 447.8 446.5 439.9 415.8 419.2 427.1 438.3 446.5 453 457.3 462.8 468.7 475.3 484.4 492.4 496.6 501.2 505.1 509.2 512.1 514.5
540 545.6 551.1 554.1 557.6 560.2 560.7 560.7 557.3 556 553.3 549.4 546 542.6 538.8 535.5 530.5 522.1 515 512.5 505.5 496.7 487 474.2 466.7 449.4 436.9 417.6 435.9 433.5 430.5 435.1 447.8 455.3 456.9 455.5 454.5 453 452 449.8 447.9 445.7 441.8 437.4 434.2 415.9 403.1 401 398.2 392.9 393.9 392.8 394.3 404.7 422.8 448.3 449.8 450.7 450.2 448.6 435.6 419.1 421.6 430.4 437.8 443.4 450.9 453.2 457.6 462.9 470.6 480.2 486.1 490.3 492.2 495.3 498.7 502
551.3 556 560 562.7 565.1 568.2 568.6 565.4 561.2 557.1 554.6 550.9 547.1 544.8 542 538.5 532.5 526.8 519.5 514.2 508.3 495.7 481.2 473.2 455.1 435.4 429.2 417 428.5 433.5 439.6 442.6 448.5 456.7 460.1 458 455.8 454.4 453 451.7 449.6 447.4 442.8 441.7 436.5 423.9 404.8 402.1 394.3 393 394.2 394.5 397.8 403.4 421.8 445.7 451.9 452.6 451.9 452.1 448 441.8 424 421 425.7 435.6 446.3 448.9 451.4 453.3 460 468.1 476 480.2 483.3 486.2 488.2 490.7
559.1 563.3 566.4 569.3 570.8 573.6 574.2 568 562.5 558.9 555.3 551.9 549.5 546.6 543.6 540.2 534.1 528.8 521.2 516 508.9 493.9 478.7 468.7 446.7 431.4 419.8 425.8 437.3 443.3 449 448.2 451.7 458.6 461.7 460.7 457.6 456.6 454.3 453.5 451.7 450 446.5 445.4 441.9 432.6 412.7 402.4 395 393.4 395.3 398.7 403.8 412.8 435.9 450.8 452.2 452.7 453.1 452.2 451.4 449.9 441.5 421.8 423.6 426.8 431.5 444.1 449.5 450.3 453.3 459.4 467 470.2 473 476.5 478.6 480.8
565.6 569.1 571 570.9 571.1 570.6 570.5 564.4 561 557.4 554.9 552.3 550.5 547.6 544.6 540.6 535.8 530 523.5 515 507 491.4 477.6 459.1 444.3 424.2 422.6 437.9 449.4 456.8 455.1 452.7 455.2 461.6 463.1 462.7 460.1 458.5 456.5 455.4 455.3 453.1 450 448.3 446.4 436.9 418.2 403.3 396 394.4 396.5 398.2 409.2 416.9 440.9 451.2 452.7 453.7 453.6 452.9 452.2 451.5 450.8 437.3 428 422.1 427.3 431.4 442.2 444.6 446.4 449.6 454.7 460.4 461.7 465 468.7 471.6
569.7 570.8 571.1 569.2 567.6 565.7 564.3 561.6 558.2 555.5 553.4 551.8 549.9 546.7 543.5 539.7 535.3 528.6 521.8 511.9 503.1 487.7 473.4 450.8 431.5 423.6 426.7 446.8 456.4 460.2 458.1 456.1 458.6 464.9 465.5 464.2 462.4 461.1 460.2 457.3 457.3 455.7 453.6 451.3 448 441.2 421.5 403.9 396.6 396.4 399.6 406.6 417.4 429 438 443.1 451 453 454.2 454.5 454 452.5 451.7 450.1 448 442.1 424.4 428.6 431 436.7 442.8 446.1 446.6 450.6 453.5 456.8 460.1 463.1
570.8 570.2 569.1 566.8 564.4 562.4 560.8 558.5 556.1 554.4 552.5 549.7 547 543.8 540 535.8 531.9 526.9 519.7 509.4 498.8 484.5 468.3 443.2 434.1 425.1 431.2 452.2 460.4 462.7 459.6 459.3 464.1 467.8 468.2 466.8 464.8 463.8 463.2 461 458.9 457.7 455.4 453 450.8 440.4 420.8 407.3 398.5 396.8 407.1 409.4 419.3 434.5 449 450.2 450.2 452.2 453.6 455.5 455.7 454.7 452.9 452 450.1 448.4 426.8 426.7 430.6 434.2 447.1 449 447.7 447.2 448.8 451.2 454.6 456.4
571.4 570.3 568.4 565.6 562.1 560 558.5 556.3 554.7 553.3 550.8 547.3 544 540.8 535.7 531.3 527.6 522.1 513.4 503.2 494.6 479.7 457.2 436.7 433 433.6 442.3 449.1 462 464.4 462.5 463.2 468.2 471.3 471.1 470.3 468.4 466.9 466.6 464.9 461.5 461.1 459.2 455.8 452.9 447.4 426.9 408.3 398.8 396.6 410.1 413 423.1 445.4 451.2 453.9 452.8 453.1 453.6 454.9 456.9 456.4 454.5 453.1 452.3 451.3 439.6 426.7 427.8 429.2 432.3 443.1 447.7 447.8 447.6 448 450.3 452
571.4 570.5 568.7 566.1 562.8 559.6 557.9 554.7 553.1 550.3 548.2 545.4 541.3 536.4 530.5 525.2 520.7 513.5 500.9 491.7 481.1 467 445.2 432.9 428.6 449.1 451.6 439.9 455.9 465.2 465.8 468.4 473.7 474.8 473.9 473.3 472.1 471.2 471.1 468.2 465.1 464.4 463.3 460.5 456.3 451.5 433.2 411.6 398.8 397.6 411.7 415.1 425 448.1 453.1 456 453.9 454 454.2 454.7 457.7 458.4 457.6 454.9 454 452.9 451.4 443 428.3 428.1 428.8 430.3 439.9 448 449.4 449.8 450.7 451
571.9 570.5 568.9 566.9 564.1 561.1 558.3 556.2 553.1 550 546.5 542.2 538.7 533.8 522.5 514.3 502.4 491.2 484.4 474 461.8 449.2 441 445.3 456.8 459.8 461.6 450.1 444.4 461.4 469 473.9 477.1 478.4 477.5 477.1 476.6 476.1 475.3 472 468.4 467.2 466.1 464.7 462.1 455.9 432.6 417 399.4 399.6 412.9 416.5 425 450 454.9 457 454.5 454.4 455 455.7 458.2 459.6 459.5 456.6 455.1 454.1 452.2 450.1 449.4 432.8 430.6 430.1 430.8 432.1 443.1 451.2 449.6 451.2
572.8 571.6 570.1 567.8 565.3 562.6 559.5 557.1 553.9 551.2 548.6 546.2 542.2 536.2 528.4 519.8 512.3 503.7 493.5 483.1 466.2 441.5 435.4 458.2 466.8 466 465.8 463.2 448.3 458.8 467.7 477.5 480.6 482.1 481.2 480.6 479.7 479.5 478.2 474.4 470.3 469.2 468.3 467.6 466.3 457.6 439.7 419.2 398.7 402.6 415.2 417.6 425 448.9 456.4 457 455.8 456.8 457.2 457.9 460.4 462.9 461.8 457.8 456.4 456.4 453.2 451.5 449.8 445.5 442.4 432 431.8 432.8 433.4 435.2 435 435.9
573.5 572.7 571.1 569.3 566.8 563.7 561.2 558 556.5 553.8 550.7 546.5 542.8 538.9 532 524.2 517 506.8 493.6 475.1 450.8 437.7 453.1 468.5 471.4 468.9 468.5 459.1 464.5 468.2 471.8 480.1 485 485.8 485.1 483.6 483 482.4 481.2 476.3 472.8 470.9 470.4 470.1 468.6 458.2 438.1 410 400.6 409.2 414 419 424 436.1 454.4 457.2 457.9 461 460.8 460.1 461.9 464.3 463 459.3 459.6 460.2 457.6 452.5 446.5 440.1 448.8 448.4 440.9 432.7 432.8 435.6 436.1 435.6
575.1 573.8 571.6 570.2 567.4 564.6 562.1 560 558.1 555.7 552.5 546.1 542.2 538.8 532.7 526 515.9 501.5 480.2 457 442.1 441.4 467.6 472.6 474.7 471.4 471.4 457.7 475.2 474.6 476 484 490.7 490.1 488.6 487.3 486.7 485.9 484.1 478.2 475.3 472.5 470.9 470.6 468.7 454.2 430.1 401.7 402.7 410.5 414.7 419.3 424.6 448.9 458.8 458.1 462.4 463 464.1 464.5 465 466.3 463.8 460.4 461 461.8 460 454.4 452.2 451.1 450.2 449.6 447.7 443.7 436.1 436.6 437.4 438.1
576.3 575.1 572.8 571 568.3 565.3 563.3 561.2 558.5 556.8 553.4 547.6 540.9 532 524 514 507.2 490.7 469.2 447.1 444.7 456.6 476.7 478.1 476.9 478.8 475 460.3 477.2 481.9 481.1 490.7 495.4 495.1 492.9 491.3 490.4 489.4 487 480.8 476.6 474.5 471.7 460.1 454.4 451.2 430.2 402 403 412.4 418.3 420.2 428.2 453.1 462.1 459.8 464.4 464.8 465.4 467.1 466.3 467.1 463.9 461.6 462.6 463.1 460.8 455.4 455.5 453.9 451.8 450.5 449.3 445.9 438.6 443.2 440.4 439.7
577 574.8 574.4 572.4 570.4 568.2 565.3 563.2 559.5 556.2 552.9 546.6 535 527.3 517.4 503.5 493 475.1 448.6 448.2 449.6 471.2 482.3 483.2 482.8 481.7 473 472.8 473.1 484 489.8 495.8 500.7 500.7 497.8 496.7 494.9 493.1 489.6 484.1 479.2 477.3 470.5 470.1 457.4 438.6 419.2 404.5 404.1 413.4 419.5 420.3 431.5 456.2 465.2 462.5 466.6 466.7 467 467.6 467.5 467.4 464.7 463.2 464.8 465 460.6 462.5 461.1 458.9 455.8 452.8 451.5 442.8 443 449.6 444.7 444.2
579.2 577.7 575.6 574.3 572 570.3 567.5 564.2 560.5 556.2 552.2 542.2 530.3 524.4 511.9 504.4 482.9 458.3 451 452.9 453.7 479.9 486.4 487.6 487.7 488.3 484.9 473.2 474.9 482.3 494 501.5 507.1 506.6 503.5 501.1 499.1 496.6 492.7 487.5 483.4 479.2 478.4 474.6 464.7 452.2 434.9 411.4 403.6 408.8 418.5 420.6 431.8 455.8 467.6 464.6 468.6 468.2 469.5 468.8 469.2 469.8 466 467.2 467.3 466.5 461.1 465.5 465.5 463.8 460.3 456.2 454.7 445.3 452.6 450.9 447.7 447.5
583.7 581.8 578.9 576.4 574.3 571.5 568.6 565.6 560.9 555.4 549.4 538.1 525.4 512.8 500.4 483.9 461.1 453.4 455.7 466.8 464.6 473.1 491.4 493.2 492.7 492.8 492.7 486.7 477.6 494.5 502.1 506.8 512.2 511.6 508 505.6 502.9 499.7 495.9 491.2 486.9 484.6 484.5 480.7 467.5 459.1 447.5 432.7 409.7 406.4 420 421.8 434 455.1 466 464.8 468.6 470.4 470.7 470.2 470.1 470.5 472.1 473.7 472.3 469.3 464.1 468.9 468.7 466.9 463.5 461.5 455 448.6 456.9 450.8 452.2 452.5
587.4 584.6 580.4 578.5 576.4 574.3 570.9 567.2 561.9 554.8 546.5 535.6 522.8 512.8 490.2 473.3 457.1 463.9 470.4 483.4 490.3 469.5 497.3 498.5 496.6 495 494.5 485.3 484.5 500.8 507.9 513.9 518 515.4 512.4 510 506.9 503.5 498.9 495.2 493 489.9 489.5 486.5 481.5 468.4 454 435.8 430.7 416 409.7 423.6 437.5 450.3 466.4 466.7 469.4 471.2 470.8 470.5 470.5 470.8 479.7 479.7 475 468.1 469.2 471.6 472.1 470.1 465.9 464.4 458.7 454.9 456.5 454.2 458.2 456.5
589.8 587.2 584.2 581.1 578.2 576.4 572.8 566.1 557.3 546.3 543.5 533 516.2 497.1 479 463 465.2 478.8 490.3 498.4 502.7 476.2 503.5 501.4 499 494.6 489.3 484.3 483.1 500.9 513.9 520.7 520.8 519.5 516.7 513.7 510.1 506.9 503.7 500.7 496.9 494.5 491.7 489.8 489.6 479.3 461.7 442.7 435.8 424.6 417.8 407.2 436 452.1 464.4 471.1 469.5 468.2 469.9 470.6 471.2 481.8 484.8 481 473.1 473.8 472.7 473.4 474.5 472.8 469.7 464.8 459.1 461.2 459.2 459.3 464.1 463.6
591.8 588.8 586.5 584.2 581.6 578.9 574.9 568.5 561.2 550.4 533.9 523.1 509 489.4 469 464.1 486.3 499.3 506.5 511.8 509 484.9 505.4 502.7 499.9 491.3 497.5 501.3 503.9 499.7 519.2 524.9 526.3 523.9 520.6 517.1 513 510 507.2 503.6 500.3 498.8 495.4 492.8 495.8 490 476.6 454.8 433.7 425.5 425.2 417.7 429 454.9 464.4 469.2 464.6 467.6 469.6 471.9 478.6 489 488.2 478.2 476.4 478.9 474.5 474.5 474.8 473.8 472.1 470.3 460.5 463.4 469.5 471.2 470.5 471.4
594.7 590.1 587.8 586.2 583.8 580.2 575.8 569.4 558.7 547 532.2 518.9 502.9 482.1 469.4 486.9 507.5 515.3 518 517.6 514.8 503.6 498.6 503 498.6 499.1 499.6 504.3 511.6 518 522.8 527.3 530.6 527 523.6 520.1 516.5 513.9 511.1 509.2 505.1 504 499.7 496.7 502 495.7 482.8 457.7 437.2 428 425.7 424.7 415 443.7 454.6 465 469.1 470.3 473.8 480.9 481 492.4 491.2 477.6 482.3 487.6 483.5 476 475.1 475.7 474.8 474.3 465.9 473.6 475.3 476.2 476.8 478.3
596.1 592.2 588.2 586.3 582.7 579.6 574.9 566.2 553.3 541.8 528.4 514 500.2 470.9 486 504.6 521.5 524.4 522.4 520.8 516.7 505.2 501.7 504.2 502.2 503.6 501.6 508.6 517.5 524.9 531.7 532.2 532.5 531.1 526.4 522.9 519.6 517.4 516.2 515.3 512.9 510.8 506 499.8 502.4 495.2 480.6 453 434.5 429.6 426.3 424.4 410.4 446.1 469.9 475.4 478.1 479.4 482 485.8 484.1 492.6 492.5 478.3 487.4 492.3 491.4 489.5 486.3 483.8 481.4 477.1 465.3 479.9 482.9 483.9 485.6 485.6
597.6 593.7 589.3 585.8 582.2 579.1 572.9 560.2 546.8 535.7 524.2 510.3 496.4 471.1 493 519.3 529.2 528.7 525.2 521.5 518 511 497.9 506.9 506.6 507 508 514.3 522.2 530.7 537.1 539.6 536.2 534.4 529.3 526.2 523.1 521 523 523.9 519.2 516.4 510.5 503.2 504 494.5 478.5 451.8 436 421.7 416.3 411.7 429.9 457 479.2 491.2 492.4 490.6 490.9 490 485.8 494.1 495.7 480.7 483.7 492.7 495.1 494.2 492.9 491.3 489.9 477.9 474.8 487.1 491.8 492.8 494.1 493.3
599.7 594.9 590.6 586.2 582.7 577.6 569.4 555.7 540.8 530.8 519.3 507 491.1 474.7 495.6 524.2 532.8 530.5 526.9 523.3 519.8 515.3 500.9 504.6 508.7 510.5 513.1 520.3 526.9 535.7 541.5 543.7 540 538.1 533.6 529.6 526.4 524.7 530.3 529 522.4 517.2 513.4 504 505.2 490 483.5 459.3 431 416.2 414.7 427.1 438.4 460.8 486.2 500 504.3 501.2 498.3 493.3 489.3 497.2 497.4 484.4 481.5 491.3 497.9 498.4 496.9 497 496 480.2 477.5 496.2 503.3 503.8 503.9 501.3
600.2 596.7 590.5 585.4 579 573.3 563.3 549.4 535.2 525.5 513.6 500.7 483.1 488.4 510.1 527.6 534.1 531.4 527.9 525.6 521.9 517.7 514.9 511.7 506.9 515.7 519 525.4 533 540.4 546.1 547.6 545.2 541.7 537 532.6 529.3 529.7 532.8 531.5 519.7 511 505.8 502.6 502.2 484 479.4 451.1 421.2 415.6 421.8 428.7 441.3 466.2 487.5 500.9 509.5 507.8 501.5 496.9 492.3 496.9 498.5 489.6 484.6 490.9 499.1 503.3 501.6 502.5 501.2 473.7 488.8 498.8 512.1 514.9 517.2 513.2
599.4 594.8 589.2 582.6 575.1 567.6 556.4 543.1 531.7 520.5 508.7 494.4 487.2 499.4 519 527.8 532.1 530.9 529.2 526.4 524.4 522.5 521.2 519.4 510.8 519.2 524.9 530 537.2 544.6 549.2 550.9 549.3 544.7 539 533.6 531.5 531.8 533.1 532.6 518.9 506.3 497.6 496.5 488.8 466.8 461.8 443.2 421.4 417.5 424.8 429.6 447.3 474.5 490.8 502.3 510.7 506.1 503.4 504 493.6 494.1 501.2 494.4 486.3 492.7 502.6 507.4 508.1 508.7 506.5 477.7 491.3 510.6 518.5 523 525.6 524
598 591.6 583.8 577.6 570.5 560.1 548.8 538.2 528.1 515.4 503.9 490 490.6 511.6 521.1 526.5 530.5 531.6 530.5 529.1 527.1 525.7 525 522.7 514.8 522.9 528.4 533.4 541.4 548 552 553.4 551 546.8 540.4 535.7 531.9 531.3 531.3 528.4 518.9 508.5 497.9 490.4 484.5 483.8 456.3 436.9 426.6 418.4 429.7 431.6 452.8 481.4 495.7 505.5 513.2 506.4 504.3 508.3 498.2 498.3 505.6 499.3 489.1 490.6 503.1 510.5 515.1 515.5 512.5 482.1 498.3 515.5 523.6 527.2 530.1 530.6
596.1 588 579.7 571.8 564 554.2 544.4 535 521.7 509.4 499.3 487.4 504.8 514.2 521.2 525.8 530 531.5 531.6 530.5 529.3 529 528.7 527.6 522.1 524.7 531 537.9 544.9 551 554.4 555.5 552.5 548.4 542.8 537.3 533.5 531.7 530.4 528.7 520.9 505.6 494.3 491.5 484.5 469.8 444.3 426.6 422.5 418.6 431.3 436.1 451.8 474.8 493 509.8 518.7 512.2 509.9 506.9 499.8 503 512.2 507.6 495.2 491.7 499.7 513.9 520.2 523.6 518.7 486.8 498.6 516.3 527 530.6 532.8 533.8
592.6 584.5 575.4 564.8 558 549.3 541.4 528.8 515.3 507.4 491.1 494.3 504.3 514.6 521.2 526.4 530.1 532.7 533.5 533.3 532.5 532.9 532.2 530.4 527.1 529.1 533.6 541 548.5 553.9 557.2 558 554.3 550.9 546.5 540.2 534.7 532.7 531.1 529.4 523.4 511.4 498.9 477.6 470.3 455.6 434.8 428.3 421.6 418.5 432.9 438.7 454.2 480.7 495.3 512.2 522.2 518.4 513.8 505.4 504.4 514.9 518.7 517 509.1 497 494.7 507.1 524.1 529.9 525 505.2 491.8 513.5 528.3 534 535 535
589 582.6 574.6 566.3 556.8 547.4 534.7 522.4 515.8 494.9 498 496.4 501.5 510.9 521.5 530 534.9 537.6 538.3 537.5 537 536.2 535.2 533.6 530.4 532.6 537.8 543.3 550.2 555.8 559.2 560.2 556.8 552.4 548.4 543.6 538.6 534.7 532.9 530.8 525.6 511.7 499.8 484.9 467.7 451.2 437.4 429.2 419.7 427.1 435.1 443.2 458.3 480.5 500.6 513.8 524.7 523.2 518.2 506.9 510.8 526.7 534 527.9 520.9 511.4 500.9 497.8 509.5 526.5 529.8 512.7 488.2 514.5 528.2 536 535 536
588.4 582.3 574.5 565.2 554.4 545.7 532.5 520.2 501.8 502.5 504.3 505.8 513 521 529.6 534.4 540.9 542.7 542.4 541 540.4 538.8 537.8 535.6 532.8 535.1 539.3 545 551.1 557.5 560.9 562.9 559.5 554 549.9 546.2 540.9 536.1 533.7 531.5 525.5 510.8 498.4 482.2 461.8 445.7 434.1 428.7 420.4 429 436.7 447.4 465.2 487.9 502.3 516.7 526.2 528.5 521.6 512.7 518.3 532.8 540.4 535.1 528.7 523.4 515.9 502.4 501.5 517.3 528.6 519.4 490.1 504.5 528.2 533.3 536 536.9
587.2 580.4 571.9 563.2 549.9 535.4 522.5 510 506.9 513.3 513.7 516.7 527.9 533.1 539.8 541.9 544.9 546.7 546.2 544.8 543.5 541.8 540.3 537.9 536 537.9 540.7 546.9 552.3 557.9 561.7 565.2 561.9 556.5 552.9 548.8 544 538.2 534.6 531.8 518.3 497.8 484 472.3 453.7 441.5 437.6 431.1 421.4 428.2 437.1 456.6 481 497.3 513 524.9 531.8 533.9 532.5 525.8 527 536.7 539.6 536.3 533.2 532.3 529.6 516.4 502.2 510.4 525 520 500.1 508.4 526.4 533.7 537.2 539.2
582.3 574.3 565.5 553.4 539.9 523.3 510.8 505.1 516.8 523.3 528 533.1 540.2 544.4 547 548 548.7 549.9 549.4 547.8 546.3 544.4 542.1 540 538.8 540.8 544 547.6 552.7 557.4 562.2 566.8 563.6 559.6 555.4 552.1 547.6 540.7 535.9 532.2 520.2 499 480.9 460.2 449 441.5 440 435.6 421.3 428.1 440 466.1 492.9 512.6 525.5 533.1 537.5 538.6 537.5 531.8 534 538.9 537.9 536.7 537.4 537.8 538.4 525.2 506.6 508.9 524.4 521.7 512.5 496.9 523.7 533.5 538.5 542.1
