Assets/StreamingAssets/GeoData/Data/nn/NN81.asc
ncols 200
nrows 200
xllcorner 280000
yllcorner 710000
cellsize 50
[rows 0 to 34 of 200, columns 0 to 78 of 200]
168.6 158.1 157.7 156.6 159.8 164.7 166.4 163 158.9 157.8 157.3 156.4 155.2 154.2 154 157.9 162.5 172.2 178.6 184.6 188.9 199.1 210.8 217.2 199.2 196.8 210.1 212.6 220.4 222.3 217.7 228.2 238.8 246.1 249.2 244.3 232.5 221.1 204 191.5 184.3 177.5 170.7 161.9 151.4 133.7 128.8 122.9 134.5 139.9 139.3 138.6 137.1 135 131.8 129.3 126.7 127.9 130.1 134.7 138.3 142.1 147.3 148.8 151.1 152.7 155.5 158.4 159.5 160.6 160.3 158.4 155.4 155.3 153.9 149.4 147.9 147.6 147.6
157.2 159.4 163.2 164.9 166.1 171.7 181.2 182.2 182.5 180.5 174.2 165.4 164.3 165.9 168.9 179.1 189.3 194.7 199.6 205.7 216 222.2 225.2 222.9 203.7 194.5 207.4 211.6 217.2 226.4 229.4 240.1 248 251.2 251.1 249.2 243.3 232.4 215.7 202.3 191.7 181.2 176.3 169.8 160.1 156 133.3 132.5 141.8 147.8 150.4 150.2 147.5 142.9 140.3 138.8 133 134.4 137.5 140.3 144.7 148.3 153.5 156.9 159.5 161.2 164.5 166.2 167 167.2 165.6 162.8 159.9 158.8 158.4 152.4 149.8 149.4 150
159.1 162.7 166.7 166.3 170.3 180.3 190.2 197.7 198.5 197.4 193.3 187.6 186.6 190 193.9 204.6 209 215.3 226 233 237.9 233.3 231 220.5 207 194.6 207 213.2 220.8 233.7 242.8 248.1 254.1 259.1 263 263.6 254.3 247.2 226 213.5 201.7 193.3 186 178.1 173.5 172.9 163.8 141.1 142.3 155.9 159.9 162.1 158.7 152.9 149.5 149.4 141.1 142.8 147.2 148.9 151 154.1 157.1 161 164.4 168.3 171.7 173.1 172.9 170.3 168.2 165.8 162.9 160.9 159.4 152 149.4 149.9 146.8
161.6 164.3 167.1 171.3 178.3 186.3 193.7 200.2 204.3 205.8 205.7 205.6 207.7 215 218.9 226.4 241.6 251.8 254.6 242.5 245.8 238.8 226.2 213.9 202.9 198 210.2 216.1 227.7 242.4 248.4 253.7 262.1 278.1 278 275.2 272.4 262.9 238.6 221.2 210.8 207.5 197.7 189.2 187.9 186.3 176 164 155.2 158.9 168.2 171.4 168.8 163.4 161.7 154.8 149.8 153.8 156.1 155.2 156.8 159.5 160.8 163.4 167.8 170.3 172.6 172.2 172 171.3 168.5 165.6 162.1 156.8 155.2 150.4 146.5 141.2 138
163.7 166.2 171 176.7 182.8 189.6 196.5 204.6 214.3 218.7 221.5 222.6 226.3 234.1 245 258.3 265.6 267.2 258.7 240.2 236.3 228.9 219.6 208.7 203.9 206.5 215 220.7 229.6 244.2 253.7 263.8 276 282.7 282.7 280.4 280.9 267.2 248.4 231.9 223 216.8 208.7 202.3 198.4 191 183.7 175.5 170 166.5 169.1 175.2 178.3 175.8 172 160.9 159.6 161.1 163.4 164.1 161.5 162.4 162.8 161.6 165.4 169.9 174 177 175 171.3 167.6 164.5 157.2 152.2 147.5 143 140.8 135.3 130.2
168.4 173.3 178.8 183 189.6 196.8 204.9 215.3 225 233.2 237.8 245.4 249.9 262.8 272.3 273.5 270.2 262.8 248.9 234.7 229.8 222.4 214.7 208.6 207.6 212.8 222 227.4 235.1 248.7 261.7 272.6 280.7 286.8 287.5 286.7 285.2 274.8 260.1 243.7 233.9 226.4 219.7 212.1 204.7 198 191.7 186.7 181.1 173.8 168.6 175.2 182.4 183.9 179.8 170.6 168.3 169.2 171 169.5 165.2 163.9 163 161.7 162 166 169.8 172.4 170.2 166.9 163.5 157.6 151.8 147.9 140.3 134.7 131.9 126.7 121.1
175.4 180.4 184 190.6 198.3 208.8 218.5 228.2 237.7 248.1 264.5 277.7 284.5 282.7 280 276.9 268.4 256.3 240.7 233 227.5 221.9 215.3 209.6 213.2 219.2 225.5 231.4 242.3 256.1 267.7 276.5 284.5 290.7 291.9 290.9 288.5 281.1 272 259.2 247.6 237.9 233.6 226.5 218.1 212.8 206.9 204.4 199.1 186.8 175.4 169.2 182.4 186.9 184.3 174.8 173.8 175.1 176.1 171.3 166.2 164.7 162.9 160.6 159.6 160.7 164.7 164.8 162.7 160.1 155.9 150.7 147.5 142.8 135.7 127.9 122.8 116.5 111.6
182.1 186.6 192.6 201 212.1 224.2 233.5 244.3 260.7 276.3 285.6 293.9 294.2 290.1 286.7 279.6 265.8 251.6 238.8 232.4 230.2 224.6 219.5 215.1 216.7 221.7 227.1 232.5 245.6 262.2 273.9 279.7 288 295.3 298.3 298.7 298.6 298.3 292.7 279.1 267.5 257.7 250.4 243.7 235.8 228.2 221.3 215.6 208.5 202.9 180.8 169.9 176.6 183.9 182.5 173 172.3 174.3 174.6 167.4 162.8 160.6 157.6 154.5 152.2 151.9 154.1 156.6 154.4 151.7 148.9 146.6 143.7 139.7 130.9 122.7 116 108.5 103.7
191.4 198.8 207.9 217.2 227.9 239.3 254.8 272.2 283.7 291.2 295.4 298 296.9 290.6 282.4 273.9 264.6 254.6 238.7 233.7 232.7 228.7 223.9 220 221 223.7 229.3 234.6 248 268.4 281.6 283.7 295.1 299.2 308.3 309.6 308 309.9 303.9 295.1 288.8 276.5 267.4 259.7 251.4 243.6 236.6 228.6 221.1 210.5 195.9 178.2 164.5 174.1 174.6 167.4 162.3 165.5 167.4 161.1 157.3 154.5 151.3 148 145.5 139.7 139.5 146.8 144.9 146.5 143.4 140.5 138.7 135.7 127.4 117.7 110.6 102.3 98
204 212.6 223.3 236.2 252.1 267.1 278.8 286.6 292.9 294.6 294.9 292.6 288.9 284.1 279.4 273.8 267.4 258.8 242.5 235.3 233.4 233.2 229.3 225 224.3 226.7 231.3 237.3 250.6 273.1 286.1 292.7 302.4 313.1 317.3 317.8 316.6 317.8 312.7 306.9 300.9 288.9 282.1 276 267.8 260.2 250.7 242 231.9 221.5 211.6 193 174.7 164.8 165.5 161.7 152.8 150.9 157.2 153.4 150.1 147.5 144.5 141.2 137.4 130.4 123.4 128.3 136.6 139.6 137.1 133.9 132.2 129.6 121.3 112.1 105.2 97.9 90.2
213.4 224.2 242.6 262.7 276.5 285 290.3 293.5 293.6 289.1 286.3 284 283.1 281.3 278 273.8 269.1 262.5 253.6 241.1 237.4 236.8 232.5 228.4 227.8 229.6 232.7 241.4 255 277.7 291.2 300.4 309.6 321.2 326.4 325.9 323.7 324.9 323.3 316.9 310.6 305.1 298.5 293 286.6 276.5 266.2 254.7 243.5 233.6 225 213.5 189 168.4 159.6 153.9 145.1 138.4 143.8 144.5 140.3 137.8 135.7 132.4 128.9 121 113.2 109.3 118.9 125.7 124.9 122.4 124.1 129.1 124.5 109.5 100.5 92.6 83.4
221.3 243.7 268.1 281.7 288.4 290.7 291.4 286.3 281 280.5 282.1 282.8 282.3 280.1 276.9 274 271.8 267.1 259.8 249.2 241.7 240.1 235.9 231.8 231.4 233.7 237.7 247 262.3 281.4 296.1 307.8 317.3 327 337.6 341 338.3 338 335.7 329.1 320.2 311.2 303.4 300.6 294.7 286.4 276.4 266 255.1 242.9 231 221.7 199.2 181.3 160.3 151.1 143.6 134.9 131 133.7 131.1 128 126.6 124.4 119.2 111.9 103.2 95.6 99.9 111.2 110.4 107.3 114.5 125.9 123.6 113.7 99.7 86.8 78.9
234.8 259.3 271.8 280.2 282.9 282.1 273.2 274.2 277.2 277.1 278.1 279.3 279.5 279.4 277.7 274.9 274.6 271.2 266.6 260.3 247.7 245.5 239.6 235.7 235 238.2 244.6 252.9 266 286.3 300.9 313.5 326.2 337.6 352.9 363.8 358.2 356.2 351.6 341.6 327 314.9 308.9 304.9 299 290.1 280 270.2 259 246.6 233.3 220 203.3 183.8 169.2 152.1 140.5 131.6 125.4 122.4 121.6 119.7 119.1 117.1 112.2 104.4 95.4 88.3 86.1 89.4 94.9 93.9 100.1 103.2 110.8 108.9 95.6 83.6 75.9
237.7 255.8 267.6 267.8 257.8 260.8 266.2 270.7 274.1 277.2 277.7 279 280.3 281.7 278.7 277.7 278.1 276.9 274.3 271 254.7 248.3 242 238.6 238.1 244.4 250.7 258.5 270.3 287.4 302.1 316.4 331.1 345.5 359.8 373.2 376.7 375.4 368.3 359.1 343.8 326.5 315.3 309.8 300.8 292 282.9 271.9 258.9 245.8 231.9 216 199.3 180.8 169.3 159.1 148.3 135.2 128.2 120.9 116.2 114.8 114.4 111.6 104.8 98.2 91.3 83.4 82.3 79.2 83 81.9 85.4 86.7 86 88.7 85 78.9 72.8
232.1 245.4 247.4 242.2 249 255.5 262.1 269 274 278.2 279.5 280.1 282.1 281.5 280.6 280.6 284.5 284 282 279.1 262 252.6 244.1 239.9 239.5 247.3 255.7 265.1 274.5 286.9 301.5 316.2 334.4 350.3 364.9 381.7 385.3 385.9 385.2 379.5 361.9 339.2 322.6 316.4 309.1 298.8 284.8 271.9 257.7 243 229.7 211.3 192.1 174.8 164.7 158.9 152.7 143.2 131.8 121.5 114.5 113.2 111 106.5 100.3 94.1 86.5 80.6 78.9 73.8 74.2 72.2 74.9 71.8 70.6 72.6 73.8 71.2 71.2
221.8 228.6 229.6 236.1 243.5 251.3 259 269.1 274 278.6 285.4 285.5 281.4 280.4 280.1 284.2 291.4 295 288.6 280.5 264.5 254 246.1 241.1 242.2 251 260.2 270.8 280.3 289.6 300.6 316.9 336.4 353.3 368 383.2 387.8 390.6 389.1 381.6 368.4 347.8 334.5 324.2 315.2 306.4 291.3 272.8 256.6 242.4 224.1 205.4 187.4 169.1 161 157.9 154.9 147.9 137.6 126.3 115.5 109.4 106.2 101.3 95.8 89.7 82.8 78.2 75.7 71.5 69.1 66.5 65.1 65.1 65.1 65.1 65.2 66.2 68.3
213.6 218 224.6 231.7 238 245.6 254.9 266.6 273.1 278.6 285.9 285.6 283.8 280.8 284.5 297.1 296.7 293.7 288.4 278.8 261.7 250.3 247.2 242.5 244.6 253 264.1 274.8 284.6 294.1 304 318.7 337.1 353.6 367.3 379.8 387.6 389.1 387.4 377.3 361.3 348.2 340 330.6 317.6 306.2 286.5 266.1 249.7 234.5 215.3 198.5 182.2 165.5 159.7 157.7 155.2 150.2 141.3 130.1 120 111.7 104.3 96.5 92.3 86.3 80 75.3 72.3 70.1 67.5 65.1 65.1 65.1 65.1 65.1 65.9 68.9 70.4
204.5 211.9 220 226.5 232.6 239.3 249.4 262.3 269.7 275.6 277.8 277.2 279.1 287.5 296.9 299.1 298.1 296.6 286.8 276.5 259.5 250.5 246.4 245.8 247 254.4 266.1 274.7 285.3 296.1 308.2 320.5 337 349 360.6 372.4 377 379.8 376.7 368.4 355.1 349.7 338.7 328.9 314.7 294.8 274 255.8 237.8 223 207.7 191.2 176.4 164.5 159.5 155.8 152.1 149.4 142.5 134.7 123.5 115.3 108.3 99.5 93 84.4 77.1 73 71.2 69.2 67 65.3 65.1 65.1 65.1 65.1 65.1 70.4 70.8
197.3 205.8 213.9 221.3 230.7 237.7 245.9 259 266.9 270.5 271.7 278.4 289.1 296.7 297.6 299.7 303.9 298.2 294.8 284.8 271.1 258.8 254.2 255.1 255.9 255.5 266.8 274.8 284.7 295.2 306.6 319.5 335.4 343.1 349.7 357.5 358.3 355.7 355.3 352.1 346.7 335.4 326.4 314 298.8 275.1 255.7 242 229.2 215.5 201.8 188.3 179.7 171.9 164.2 156.1 148.4 146.6 143.4 141.6 132.8 121.1 112.4 103.2 94.9 86.9 78.3 72.8 71 68.8 67 65.4 65.1 65.1 65.1 65.1 65.1 69.1 69.3
192.4 201.3 209.4 218 227.1 235.6 243.9 255.9 264.6 269.1 276.3 286 296.6 297.5 297 303.4 307.1 306.3 303.2 295.3 282.9 276.3 268.2 263.2 264.6 263.5 268.1 275 281.8 290 298.9 311.2 322.9 333.3 340.2 342.4 347.6 345.8 344.1 337.6 330.4 320.3 311.4 300.8 284.6 258.9 242.4 232.2 222.5 210.6 198.5 189.5 181.5 175.3 168.5 160 149.9 148 146.7 143.3 142.1 130.9 119.5 108.5 99 90.4 82.8 74.3 70.5 68.5 67 65.2 65.1 65.1 65.1 65.1 68 72.3 72.4
190.8 198.5 206.2 214.7 223 230.6 240.9 250.4 258.8 266.6 278.4 291.6 300 301.7 297.4 306 316.8 323.8 324.2 312.1 293.9 281.4 274.7 272.2 272.1 268.5 271.2 276.9 281.5 287.4 293.2 304.1 315.7 325.7 332 332.1 338.6 337.3 333.8 327 318.7 309 299.4 285.3 266 243.7 232.2 223.9 215.1 205.1 195 185.6 178.3 173.1 168.3 161.6 152.3 151.5 148.5 145.8 141.3 137.3 129.3 116.4 103.8 96 86.9 79.3 73.6 70.4 68 67 65.2 65.1 65.1 65.1 66.7 73.8 74
190.7 197 203.5 210 217.8 225.4 235 246.3 257.3 268.3 283.1 291.2 304.7 311.1 309.3 314.4 330.9 330.4 327.1 322.4 306.7 289.1 278.3 280.1 278.3 272.7 273.7 277.9 282.2 290.1 300.6 309.7 319.8 328.4 334 330.9 328.6 327.7 323.2 318.1 310.1 302.4 292.4 277.9 258.7 240.3 226.5 216.7 210.6 204.8 197.5 186.1 179.6 174.2 168.1 162.5 155.3 153.6 149.8 144.1 140.6 136.4 133.8 125.6 110.5 101.7 93.2 86.7 81.2 76.1 72.7 69.7 67.5 65.5 65.1 65.1 66.4 73.7 74.3
190.3 195.7 201.2 207 213.8 223.5 238.7 253.2 264.6 274.8 284 292.5 308.1 316.8 319.1 312.3 330 333.1 327.4 324 316.6 295.3 286.8 286.3 285.3 278.9 278.4 278 281.9 293.6 306.5 316.3 325.4 330.1 329.4 325.1 321.9 318.2 313.5 308.8 302.9 294.8 287.8 276.2 263.4 247.1 232.3 218 209.2 203.6 196.6 189.7 183.4 177.3 170.7 165.5 159.5 155.6 151.2 144.4 138.3 133.9 128.1 121.4 115.1 105.5 97.9 92.3 87.4 82.7 78.4 72.4 70.1 67.9 65.5 65.1 67 73.3 71.8
187 194.6 201.1 207.2 222 235 245.3 256.4 264 274.9 284.5 291.9 308.9 315.4 314.3 312.8 322.8 330.7 327.2 327.5 321.6 303.9 293.9 295.3 292.7 282 279.1 278.8 281.9 296.1 308.9 318.8 325.7 323.1 320.8 317.2 313.7 310 305.1 302.4 297.5 292.8 286.6 276.9 264.3 249.3 233.8 221 210.9 204.4 199.6 192.7 187.3 181.4 174.3 168.1 161.7 156.7 150.5 143.3 136 130 123.1 116.5 109.7 104.7 96.1 91.3 88.3 84.9 80.1 75.7 73.2 70.6 68.1 68 67.7 72.6 72.4
187 192.7 198.5 205.2 222.2 234 245.4 256.4 264.7 272.2 282.2 292.2 303.3 310.4 312.4 314.1 320.3 326.2 325.7 327.1 321.8 313.2 302.1 303.4 300.5 288.8 279.9 278.1 280.2 295.3 307.6 317.4 318 314.9 312 308.9 305.5 302.2 303.1 302.1 299.9 293.7 285.5 279.4 271 262 244.6 227 214 206.5 199.8 192.7 186.2 179.9 174 167.9 162 156.8 149.8 141.2 134 127.2 120.6 114.1 107.9 102.3 95.1 91.4 88.8 87.7 86.3 83 78.7 76.5 73.5 70.6 68.7 74.3 76.5
183.4 189.7 196.7 203.1 215.7 228.4 242.8 251.4 259.5 272.7 286.1 293.1 301.8 307.1 310.3 310.9 321.7 331.6 334.8 329.2 323.8 319.1 311 310.5 310.7 297.4 281.3 280.5 279.5 292.4 303.9 312.5 309.8 306.8 303.7 300.8 302 301.3 299.9 297.2 293.2 286.9 280.1 274.2 266.3 257.5 247.8 234.2 218.3 206.5 198.8 190.9 184.2 178 170.4 163.1 157.3 150.9 144.7 135.8 129 122.7 115.2 109.5 103.8 99.9 95.7 92.5 93 93.3 90.3 87.4 84.4 78.6 74.9 72.6 72 78.9 81.2
180.7 189.5 197.7 202.3 210.9 225.4 235.3 248.2 264 277 287.5 291 294.8 300.1 304.1 308.7 321.5 333.4 334.1 331.5 328.5 327.5 321.2 321.3 323.3 305.9 286.1 281.4 278.7 290.4 299.5 302.4 300.7 298.3 299.4 300.6 299.5 298 295.8 292.3 287.9 282 276.2 270.1 262.9 256.3 245.3 235.3 225.2 216.1 207.4 198 186.9 182.1 177.3 172.3 167.5 164.6 156.5 149.6 141.2 132.9 126.1 118.7 112.2 107.8 101.1 96.8 99 98.3 95.4 91.8 86.7 82 79.5 77.8 80.3 87.4 89.8
181.2 190.7 198 205.2 213 221.3 229.6 248.5 264.4 273.9 281.8 285.7 290.1 296.8 299.5 302.1 314.3 326.2 328.5 332.7 333.7 335.3 330.2 334 334.2 315.7 288.7 276.6 276.1 287.8 294.7 293.9 292.5 298.3 297.8 298.2 296.6 295.6 293.4 290.3 286.5 282.8 278 272.2 270 259.9 248.7 238.6 230.5 225.7 218.5 211.6 206.1 200.4 194.7 188.9 182.3 177.6 171.1 164.3 157.8 152.3 146.8 139.6 133.3 125 118.4 110.2 104.3 102.6 101.6 97.8 92.9 86.7 83 82.9 88.8 93 94.4
182.4 188.9 200.4 208 214.1 220.6 228.3 248.4 260.1 270.2 281.3 287.1 288.1 295.1 299.3 305.9 316.1 321.2 325.7 328.8 336.2 339.7 335.9 339.5 343 333.3 290.3 275.1 270.7 284.9 289.6 292.7 296.9 297.5 297 296.9 299.9 299.5 297.6 291.9 289.8 286.4 283.3 279.6 276.4 273.2 267.3 258.4 248.3 241.1 233.2 223.9 212.4 206.5 201.9 198.6 193.3 183 174 167 159.9 153.3 146.2 140.6 134.2 126.9 121.1 114.7 109.5 106.2 103.5 101.5 97.3 93.9 91.1 87.6 95 98.6 97.1
179.3 187 196.5 205.8 213.8 220.3 228.2 241.3 255.5 265.9 273.7 278 285.1 294.6 302.5 310.7 314 316.9 327.8 323.3 326.6 327.1 339.7 341.3 339 330.1 288 269.9 266.5 281.5 289.3 294.1 296.5 296.8 299.6 298.9 292.5 294.4 296.6 295.7 299.8 297.9 293.5 286.9 284.2 278.3 274.5 266.9 257.4 248.7 241.1 234.7 226.4 220.1 213.8 207.7 196.1 187.4 181.2 174.8 167.6 160.8 155.3 149.8 142.7 134 128.4 122.4 116.7 111.6 108.9 105.8 103.7 100.8 98.1 93.9 97.8 99.9 101.2
179.1 186.8 193.5 202 209.3 217.6 224.7 233.8 247.6 257.3 264.5 268.5 273.7 284.8 294.6 304.4 311.2 310.8 314.7 314.5 315 320 324.3 328.6 329.1 312.2 274.6 256.6 256.5 275.2 274.6 273.8 279.8 278 279.3 278 280.9 285 287.9 290.9 293.7 293.2 292.6 289.4 283.6 277.3 271.2 265.6 259.5 252.7 245.6 238.4 230 223.9 217 212.8 208.4 202.2 193.3 183.3 183.4 179.3 174.4 168.8 160.2 149.9 141.2 134.6 130.1 124.9 119.9 115.3 112.7 109.8 105.1 100.6 103.6 104.5 105.4
179.8 186.5 191.4 198.1 205.5 213.8 221.8 232.5 240.2 247.9 255.6 260.3 264.8 271.9 277.5 284.7 289.5 293.5 299.5 301.1 300.9 308.9 313.3 316.3 316.2 297 260.5 246.6 244.9 257 259.1 259.6 266 267.8 269.1 273.3 277.7 281.1 285.2 287.6 287.8 286.9 285.3 282.5 279.2 275.2 267.4 260.9 253.7 245.9 239.5 234 227.7 221.7 216.4 210.1 204.2 198.8 197 191.7 187.7 186.2 186.4 187.8 179.9 173.6 168.4 161.1 152.4 142.2 133.8 125.4 122.9 117.9 112.4 106 109.1 110.6 111.8
182.6 183.3 188.2 194.7 202 209.9 220 231.6 241.6 244.3 250.4 253.5 257.8 263.5 266 274.1 276.9 278.8 280.1 286.4 290.4 299.3 303 301.4 296.7 275.8 251.8 235.5 235.5 243.6 245.9 250.4 258 262.8 265.9 272 275.1 274.4 276.9 278.6 277.7 276.7 274.6 272.2 269.9 266.7 260.1 252.3 244.9 238.1 231.7 226.3 220.3 215.4 210.2 204.9 199.7 194.4 190.1 186.1 180.5 177.6 178.2 179.4 177 177.1 174.8 173.1 167.4 157.2 148.5 138.8 132.4 124.8 117.7 111.3 111 112.1 113.8
182.7 183.1 187.2 193.5 199.6 206.8 214.9 226.1 232.1 235.6 239.5 242.3 251.1 255 263.4 269.7 273 276.5 277.2 280.5 291.5 293.1 295 289.5 277.4 261.1 239.8 226.2 227 234.8 240.9 248.9 256.2 262.6 266.7 271.5 273.8 275.1 278.5 277.3 276.5 274.7 270.9 267.3 262.7 257.3 250.9 244.3 237.9 231.2 225.6 220 214.3 209.2 204 198.9 193.9 190.8 186.4 182.2 177.8 175.4 174.4 173.5 173.3 171.6 169.4 167.3 163.7 154.5 147.8 141.2 135.4 128.2 121.6 113.7 108.1 106.4 106.1
179.1 183.1 185.6 190.3 195.3 200 208.4 220.7 227.3 231.7 237.9 248.1 256 257.3 263.7 265.1 268.4 269 274.2 273.2 281.3 284.7 277.7 269.9 261.5 250.3 232.1 219.1 218.8 226.8 236 248.2 255.2 264.7 271.1 274.1 275.7 277.9 277.1 275.9 274.1 271.3 267.3 262.4 256.8 250.8 244.8 238.6 232.5 226.6 221.2 214.4 209.9 204.5 200.1 195 190.8 187.3 182.9 180.6 176.9 176 175.1 173.3 171.9 168.7 165.7 161.1 158.1 151.6 145.4 140.2 135.5 131.3 125.2 118.4 112.6 107.2 106.3
