Assets/StreamingAssets/GeoData/Data/nn/NN85.asc
ncols 200
nrows 200
xllcorner 280000
yllcorner 750000
cellsize 50
[rows 140 to 174 of 200, columns 0 to 78 of 200]
482.1 471.1 466.6 462.1 457.7 449.6 445.9 441.1 443 445.3 443 439.2 438.3 436.5 437.1 439.9 446.9 453.3 456.8 463.1 463.1 464.4 465.7 467.3 464.6 460.2 457.9 458.1 451.8 441.5 448.5 458.2 460.8 458.8 455.6 453.8 459.9 457.1 454 451.3 453.5 448.9 445.4 442.8 431.5 422.5 422 425.3 431.8 435.8 440.4 443.5 435.9 452.9 462 464.8 465.9 466.9 476.8 482.5 491.9 496.4 499.1 500.8 506 511.1 513.5 518.1 523.9 527.8 526.2 521.7 523.5 507 503.1 504.6 506.3 508.7 513
476.4 471.8 459.7 452.7 446.1 442.1 441.6 437.8 438.4 441 440.5 436.5 432.4 434.1 436.8 438.5 441.6 447.1 452.6 457.4 459.5 460.4 459.7 460.8 462 459.6 454.9 450.8 442.8 434.2 442.1 448.4 453.9 454.4 453 450.4 449.8 451 454.2 453.7 450.3 443.9 441.1 432.7 421.4 418 418.4 423.9 425.5 428.9 430.4 437.1 431.7 436.1 447.1 461.2 458.7 458.9 468.6 474.2 480.5 489.9 491 489.4 494.1 496.2 498.4 499.6 503.4 501.2 502.5 501.4 494.8 490.6 490.5 490.5 486.7 486.6 484.2
466.5 458.8 448.4 439.9 438.6 438.2 438 433.8 430.4 431.8 432.9 433 427.8 431.8 434.5 436.9 439.3 443.7 451 455.1 455.8 455.9 457.8 457.3 455.2 453.5 449.1 442.4 433.7 423.3 436.3 445.9 449 452.3 450.6 450.7 447.6 446.6 451.3 452.8 446.6 440.4 434.5 427.2 420.3 417.1 415.2 419 421.9 423.3 423.3 427.5 428.4 430.1 438.9 449.7 450.6 453.9 460.3 469.4 467.4 476.9 478.4 477.6 480.7 482.3 483.8 482.2 484.6 484.1 482.6 480.4 481.2 480.9 476.6 475.9 478.4 478.3 477.5
455.1 446.1 442.4 434.7 433.2 431.3 429.2 428 425.6 421.4 421.4 423.2 421.8 427.2 428.9 431.7 435.4 442 447.6 451.1 452 452.8 454.6 452.2 450 444 438 432 423.7 417.5 433.1 438.6 445.2 447.2 445.7 443.6 442.4 439.8 446.7 444.5 441.5 435.6 431.2 423.2 417.5 415.8 414.5 417.5 421.7 420.3 422.7 427.3 429.1 430.6 437.6 443 445.7 444.8 452.2 460.8 462.2 463.3 467.1 469.1 470.8 474.5 474.7 471.5 470.2 468.7 466.8 459.2 461.3 460.6 461.6 462.9 466.5 467.2 467.8
454 440.7 434.5 431.4 429.7 427.8 426.8 426.5 423 418.7 417 418 420.8 423.3 424.2 424.9 428.4 435 441.8 446 447.4 447.5 447.5 446.8 443.9 438.6 429.9 422.8 414.9 415.5 426.4 430.3 433.8 440.3 439.6 440.7 436.6 432.9 434.1 439.9 438.3 433.3 427.3 421.6 415.2 414.9 414.1 415.1 418.6 421.3 427.1 427.9 429.4 434.1 438.3 439.4 439.8 438.3 453.3 458.5 453.1 454.9 457.4 461.2 463.2 465.9 466 463 459.3 457 453.7 448.8 448.9 446.5 449.7 454.8 455.4 456.5 456.5
450.7 440.3 434.6 432.2 432 429.1 427.8 427.6 424.3 418.3 414.1 417.4 420.5 420.6 420.6 418.6 423.1 429.3 435.2 440.4 442.1 443.3 443.3 442.3 440.1 433.3 425.1 418.6 411.9 414.8 419.7 424.9 428.8 433.3 430.3 433.4 431.8 429 426.5 431.2 435.1 431 424.8 420.4 414.8 414.2 413.7 416.3 430 433.4 430.9 427.5 430 436.7 438.4 438.4 436.6 433.6 438.5 448.2 448.1 448.6 450.2 452.9 455.2 456.2 456.6 454.8 450.5 445 441.6 441.1 439.3 440.7 444.7 445.7 441.9 444.8 445.4
452.8 450.8 440.1 437.1 434.1 429.9 428.3 425.2 421.9 417 408.9 416.3 418 419.6 419.1 414.9 414.5 422.1 429.4 435.5 437 437.8 439.1 438.6 437.3 428.9 421.5 414.6 411.1 416.5 417.9 425.6 427.7 428.8 426.9 427.8 427 425.1 423.1 421.9 423.8 427 424.6 417.9 414.7 414.3 413.5 414.6 424.9 430.5 429.6 425.4 425.1 433.8 436.6 434.9 432 429.4 432.3 438.1 441.4 442.9 443.3 444.4 449.9 447.5 448.3 446.7 441.7 436.6 435.5 437.8 437.9 436.9 438 438.6 435.2 435.7 435.8
463.9 455.3 449.3 442.7 437.5 432.2 428.4 423.8 419 415.4 410.1 409.8 416 414.9 414.4 413.4 409.9 414.9 418.5 425.2 430.2 432.5 433 432.8 428.8 421.9 415.2 411.1 407.1 415 420.4 423.5 425.2 424.4 426.5 423 423.8 424.3 420.5 420.8 422.7 425.3 426.9 418.3 414.2 413.7 413.8 414.4 414.8 427.1 425.8 424.4 424.4 433.6 434.8 430.3 427.8 429.8 432.6 436.6 439.3 440.4 440.5 440.6 440.6 439.4 438.5 436.5 435.4 433.8 434 433.2 432.3 431.2 430.3 430.3 431.6 426.8 423.8
478.3 461.8 454.4 445.6 440.4 437.8 433.5 428.7 422.8 418.5 414.6 406.8 403.7 408.5 410.3 409 404.8 406.5 413.4 419.9 426.1 426.4 427.4 426.3 422.3 415.5 411 406.6 403.7 416.2 413.6 418.3 419.9 422.4 421.4 418.3 421.6 420.2 423.5 424.2 422 425.8 423.6 419 414.7 414.3 418.8 415.9 415.9 423.1 425.2 424.1 427.1 429.3 430.9 427.6 428.4 432.9 434.6 437.8 438.6 438.9 438.6 437.5 436.2 434.5 433.4 431.9 431.5 432 432.1 429.3 429.8 427.8 424.3 421.8 421 418 413.2
486.6 473.2 461.6 453.1 447 443 436.5 433 423 414.5 409.7 405.3 402.1 399.6 401.8 403.8 401.7 398 406.5 415.1 416.3 419.9 422.8 420.8 416.6 410.6 405.1 401 409.9 415.1 412.7 414.1 413.7 417.3 417.3 416.7 419.9 426.4 427.8 422.8 419.2 420.7 420.3 418.4 414 413.3 416.2 416 416.6 419.6 426 423.7 423.6 427.7 428.9 428.7 428.3 435.3 438.4 438.6 439.2 439 440 440.5 440 436.1 436.8 435.6 430.5 429.6 428.2 425.4 426.6 427.5 423.9 413.9 411.3 407.6 410
498.1 482.5 468.2 459 450.5 442.1 437 428.1 419.7 413.8 409.1 405.4 404.9 406.2 405.3 395.5 397.1 394.5 394.2 401.3 405.8 409.7 411.7 410.9 408.6 407.1 403.9 399.6 404.3 409.2 409.4 409.1 409.5 414.8 415.7 415.3 416.5 427.7 426.5 421.7 417.5 415.1 413.6 413.8 412.6 412.7 413.3 414 419.6 419.8 421.7 424.3 423.2 429.6 428.5 427.3 430.6 439.6 441.4 442.5 443.6 445.7 446 446.1 445.4 443.8 441.4 435.6 433.5 431 430.2 426.6 423.2 418.1 412.6 406.9 405.4 407.4 410.7
503.4 493.2 479.3 465.1 452.9 445.5 436.9 429.3 420.9 413.6 408.6 406.3 407.2 407.4 405.7 401.2 392.3 390.3 390 391.9 391.8 394.8 399.7 396.7 395.8 399.6 400.8 400.3 397 399.6 403.3 405 401.7 406.7 408.1 414.1 417.2 418.6 419.6 420.7 416.6 413.2 413 417.2 413.7 413.6 413.9 416.6 426.8 424.3 421.3 421 421.9 423.7 425.2 432.5 440.1 439 442.7 447.4 447.1 448.8 450 451 450.9 449.5 446.1 441.6 437.8 435.8 433.5 432.4 429.2 421.3 412.5 408.5 408.3 403.2 402
506.5 497.1 487.3 474.3 463.7 451.2 440.4 429.2 421.2 416.2 412.5 406.8 407.8 405.2 401.6 398.7 394.6 388.6 387.5 386.1 386.9 387.4 387.1 387.3 389 397.8 395.2 394.9 396.9 398.8 397.7 400.7 399.2 406.5 410.6 412.1 412.6 413.4 414.9 415.1 413.6 412.3 417.4 419.2 416.7 415 417.6 419 421.6 425.8 427.5 422.6 423 435 437.7 438.7 444.3 444.8 444.3 447.3 448.7 451.9 454.2 454.5 457.6 456.8 454.4 449.5 445 443.3 441 437.9 431.9 420.8 414.1 412.3 411.5 403.1 401.3
509.9 501.3 493.6 482.6 466.2 458.2 438.8 427.7 421.5 417.2 412.6 409 405.2 401.3 397.5 393.6 389.7 388.3 387.6 386 387.4 387.4 387.4 387.8 390.2 391.4 394.2 395.9 396.2 392.6 394.3 401.8 406.6 410 409.4 410.9 413.3 414.9 415.3 413.5 412.7 417.7 421.7 423 425.2 423.6 420.9 418 418.3 421.1 427 424.1 432.2 440.3 441.2 442.1 443.5 445.7 452.9 451.4 453.2 456 456.1 458.6 463.2 462.8 459 455.5 453.3 454.4 449.5 441 434.3 423.6 421.6 419 408.2 401.9 401.3
512.7 503.2 496 489.3 471.1 455.1 446.3 433.7 426.9 420.9 418.8 410.9 405.3 398.8 393.4 390.8 388.3 386.6 387 387.4 387.4 387.4 387.4 387.4 386.9 389.6 390.4 391.7 389.9 391.8 398.6 403.1 407.5 410.6 412.3 413.4 414.8 417.5 418.5 417.9 420.4 421.1 420.8 420 419.8 415.4 412 415.8 419.1 422.7 427 432 440.8 444.1 443.9 445.1 445.4 452.7 454.8 454.8 456.4 458.7 459.6 462 463.5 466.7 463.4 461.4 464.6 459.8 447 449.2 441.4 434.4 428.6 419.7 402.2 401.6 400.4
508.2 504 496.8 488.5 469.3 459.5 449.3 439.1 430 422 417.5 411.9 405.9 399.3 396 392.2 387.8 387.4 387.4 387.4 387.4 387.4 387.4 387.4 386.5 387.1 387.1 389 394.5 399.7 402.6 405.6 409.1 411.8 413.9 416 415.7 417.7 420.3 421 420.8 419.2 417.6 414.3 411 409.8 412.4 421.6 426.7 431.5 433.2 434 437.8 442.8 445.2 446.9 451.2 456.7 459.7 459.6 461.5 463.1 464.4 465.6 467.3 472.7 469 468.4 464.1 458.7 457.4 456.9 446.6 438.6 434.2 421.2 403.1 401 396.8
503.4 500.6 492.4 486.1 474.7 460.7 452.1 442 432.5 423.7 417.1 411.9 406 403.2 399.8 398.6 392.4 387.4 387.4 387.4 387.4 387.4 387.4 387.4 387.4 388.2 392.9 396.6 398.1 402 404.4 408.1 411.2 414.1 414.3 415.4 417.9 418.1 418.1 417.9 416.8 416 412.7 409.1 408.2 411.9 416.6 423.4 426.6 429.8 434.6 435.4 437.2 441.3 445.9 449.5 452.6 458 462.5 463.7 465.6 468 470.9 471.6 473.6 475.2 474.3 472.6 469.4 470.6 464.1 462.4 444.3 436.4 432.1 412.3 402.5 400.2 395.8
497.7 495.6 492.4 485.9 474.5 463.1 452.7 443.1 431.8 425.3 426.4 419.8 412.3 407.2 405.3 398.7 394.1 388 387.4 387.4 387.4 387.4 387.4 387.4 388.8 390.2 393.3 399.4 403.2 402.4 404.2 407.4 411.9 414.4 414.4 413 414.1 416.1 414.8 413.2 412.1 410.3 409.1 409.3 411.6 417.3 421.8 424.1 427.2 429.6 432.2 434.8 438.4 442.8 446.5 450.1 453.6 459.2 464.8 467.7 469.7 473 474.5 475.3 477.7 478.7 488.1 475.7 474.9 473.3 470.9 463.3 449.1 436.1 423.4 411.4 404.4 401 393.1
495.3 491.7 488.8 485.1 477.6 465.4 453.6 443 439.2 431.1 423.4 418.9 413.8 411.6 404.6 400 392.2 390.4 388.5 387.4 387.4 387.4 387.4 387.4 388.3 389.2 393.5 395.9 400.5 402.8 403.4 404.9 408.8 412.5 413.7 412.5 412.2 413.1 413.4 409.2 407.7 406.6 409.9 412.3 416.1 419 422.2 425.4 428.1 430.7 433 435.9 439.7 443.7 447.2 450.9 455.1 459.5 465.4 469.7 472.5 475.4 476.8 481.9 478.3 480.2 481 480.4 479.6 478.6 474.5 465.7 452.6 426.3 417.2 410.4 405.6 398.9 393
487.4 486.5 484.9 482.5 477.3 468.1 454.5 447.4 438.8 432.2 425.4 419.6 412.9 407.5 404.5 398.8 398.2 399.1 396.8 390.4 386 387.4 387.4 387.4 387.4 387.4 390.5 393.8 397.7 401 402.2 403.4 404.2 408.2 410.2 410.7 410.5 409 406.9 406.6 408.4 410.2 413.3 415.7 418.5 421.3 424.6 427.7 430.7 433 435.7 439.1 442.3 445.1 448.6 452.4 456.5 460.3 466.3 471.2 474.1 476.2 482.2 484.5 482.1 485.1 481.8 482.5 481.6 481.1 477.2 467 444.2 424 417.3 412.2 404.7 398.1 393.9
476.1 479.8 481 479.1 474 471.2 461.5 448.2 436.9 435 428.2 421.6 416 408.7 405.5 404.9 405 401.5 401 398.4 389.7 387.4 387.4 387.4 387.4 387.5 387.9 390.3 394 398.8 401.3 402 401.6 403.6 406.6 407.2 406.8 406.5 406.7 409.2 411.2 414.4 416.3 418.8 421.5 424.1 427 430.3 432.9 435.6 438.9 441.7 445.4 447.7 449.4 452.9 457.1 460.1 463.5 469.5 473.1 477.2 480 480.9 486.5 490.2 480.6 477 477 475.9 473.2 460.2 435.5 424.1 415.6 412.2 405.7 400.4 396.2
458 463 466.5 466.7 456.9 458.1 452.2 445 442.5 436.4 433.7 425.7 418.3 413.3 409.4 405.1 404.5 405.3 402.7 401 394.9 391.4 387 387.4 387 389.3 387.1 384.9 388.2 393.8 396.3 396.6 400.9 404.1 405.9 407.3 407.2 407.9 409.3 411.7 414.3 416.3 419.3 421.9 424.6 427.3 430.1 432.4 434.6 437.6 440.5 443.6 446.8 448.6 450.8 453.9 457.2 461.6 463.8 466.9 469.7 473.3 477.5 482 488.6 490 482.1 472.8 469.2 466.6 461.6 450.2 440.1 426.8 414.2 409.9 404 400.3 397.6
440.9 439.4 444.1 448.9 443.8 436.6 432.6 436.6 438.2 435.9 431.8 428.7 423.2 422.1 419.1 412.6 408 404.7 403.4 401.7 399.8 393.1 391.5 388.7 387.2 382.5 383.2 381.6 383.7 385.6 392 398.2 402.1 403.8 404.8 406.6 408.3 410.1 411.9 414.5 417.1 420.1 422.3 425 427.6 430.2 432.8 435.7 438 440.8 443.2 445.8 448 450.1 452.8 456.3 461.7 464.4 465.1 466.3 468.1 470.8 475.9 480.2 481.8 478.9 475 471 466 462.1 456.4 445 436.5 417.2 411.7 406.4 401.6 399.4 397.2
422.7 427.8 430.3 430.9 430.1 423.8 418.7 423.4 429.9 429.9 429 425.7 425 421.8 419 413.9 412.3 411.9 409.5 405.7 400.7 395.9 392.6 389.7 390.2 387.9 380.2 378.3 378.6 386.7 392.1 396.3 399.4 401.3 403.6 405.7 408.3 410.3 413.1 416.5 420 423 425.9 428 430.5 433 434.7 437.9 440.5 443.2 445.9 448.1 450.2 452.5 455.4 461.7 463.5 465.7 467.7 467.5 468.2 468.6 470.4 470.8 468.7 468.9 466 463 456.6 452.9 447.2 437.5 426.1 411.1 408.7 402.3 399.9 397.1 394.7
411.3 413.7 417.6 419.5 421.8 415.5 413.1 416.4 421.6 420.7 424.8 423.4 421.9 421.6 419.2 417.1 416.4 413.5 411.8 409.9 406.3 399.7 395.3 390.7 389 386.5 383.8 378.7 376.8 386.8 391.2 394.5 397.8 400.1 402.6 405.3 408.4 411.4 415 418.7 423.5 427.3 429.8 431.6 433.4 435.8 438.6 441.8 443.7 446.8 448.9 451.1 453.9 457.5 460.8 463.6 467.5 467 468.6 469 466.3 459.9 459.3 460.3 459.3 456.6 454.9 452.1 446.4 439.1 431.3 424 414.4 410.2 404.4 400.1 398.4 396.2 393.8
405.7 410.1 412.7 414 412.5 411.4 415.7 418.4 417.9 421.9 421.5 420.3 420.4 418.7 418.1 416.8 415.4 414.3 411.9 407.5 403.9 399.2 393.9 390.5 387.8 384.6 385.1 381.5 374.6 386.3 390.4 393.6 397.1 400.4 403.7 406.7 410 413.6 417.6 422.6 427.5 431.5 433.9 435.8 437.7 440.2 442.6 445.6 448.7 451.5 454.5 455.9 459.6 462.9 465.9 469.7 470.7 469.2 469.7 465.4 461.8 457.4 458.4 459.5 458.8 453.5 445.5 441.4 433.7 424.1 418.6 415.1 411.2 406.9 401.6 398.8 396.7 394.4 392.4
399.9 404.7 405.9 408.4 411.5 413.8 415.9 417.1 416.3 418.9 417.6 417.6 415.7 414.7 414.9 415 413.2 411.2 410.8 406.9 401.4 397.3 389.6 384.3 383.4 382.1 381 378.3 374.6 384.4 390.7 394.3 398 401.5 405 408.6 412 416.3 421.5 426.6 431.6 435.6 438.5 440 442 444.1 446.8 450.2 455 457.6 460.6 463.9 468.7 472.6 476.4 478.7 477.6 473.2 471 464.9 457.8 454.8 456.9 454.8 451.1 445.8 440.4 430.9 423.3 417.9 413.9 411.4 410.3 405.8 402.3 399.2 395.8 392.9 390.7
396.3 400.3 404.4 407.3 408.3 407.9 408.9 410.1 412.8 414.2 414.1 414.3 413.8 413.7 412.1 412.4 411.9 410.7 405.3 402 399.2 394.3 385.3 382.2 380.7 378 374.5 372.5 374.4 388.2 391.2 394.2 398.8 403.1 406.7 410.6 415.7 421.2 425.7 432.2 437.1 440.4 443.7 444.4 445.8 448.2 450.4 455 458.8 461.3 464.7 469.8 475.9 481.1 485.1 490.2 489.6 481.5 475.9 467.3 457.2 447.9 449.8 447.4 444.1 437.7 432.1 425.5 416 413.7 411.9 409.5 408.2 404.6 402.1 398.9 394.4 390.8 387.6
395.6 398.9 398.6 399 399.7 400.8 405.3 405.6 410.4 410.7 410.7 410.6 410.8 410.1 408.5 409.3 409.6 404 401.9 398.3 394 387.2 381.5 380.1 377.4 369.7 374 382.4 388.8 391.7 394.4 397.9 401.3 404.5 408.5 413.6 419.2 425.7 431.3 437 442.2 445.4 448.6 449.3 450.8 452 453.9 457.3 461 466.6 470.2 475 483 491.1 492.8 497 498.5 489.6 479.7 472 462.1 450.1 440.4 438.6 433.2 429.2 424.3 419.9 412 410.9 410.9 406.7 405.6 402.7 400.3 395.7 390.8 387.1 387
391.6 393.8 390.6 390.3 395 396.3 395.2 404.8 408.4 408.6 408.2 407.9 405.6 406.1 405.1 405.2 402.2 400.7 396.9 391 383.2 380.6 378.1 366.9 370.5 379.2 385.5 389.3 392.4 395 397.6 400.6 404.1 407.3 411.5 416.7 423 429.6 435.6 441 445 449.3 452.6 454.2 456.9 457.5 460.3 463.6 467.2 472 477.4 480.9 490.2 495.2 495.3 495.9 490.3 480.5 477.2 473.3 464.6 455.5 443.3 437 428.1 422.1 418.5 416.7 413.2 410.5 409.8 405.4 404.5 399.7 396 391.9 387 385.6 385.5
381.7 381.9 379.8 384.6 385.6 387.3 396.4 401.1 402.9 403.1 403.9 403.9 403.5 402.8 402.2 401.4 398.5 392.7 388.7 378.8 377 375.7 365.8 364.9 379.3 384.5 389.1 392.5 394.8 398.2 401.1 403.8 406.7 409.9 414.3 419.4 426.4 433.9 439.6 445.4 450.1 455.3 459.1 460 461.5 463.4 467 469.9 472.2 478.6 483.5 486.7 490.7 497.2 496.3 487 477.2 475.1 475.4 471.2 464.1 456 444.9 435.3 426.1 420.8 416.2 414.2 412.5 411 409.8 405.1 403.7 397.8 391.4 388.6 386.6 385.1 382.4
371.1 371.6 374.1 375.4 379.4 383.8 386.3 394.3 394.8 389.4 394.5 397.9 398.8 400 398.6 396.9 388.9 382.6 376 374 373.1 363.7 363.1 371.7 379.6 384.1 388.7 393.2 396.7 400.3 403.6 406.9 410.6 413.3 417.6 422.9 430.2 437.4 444.2 451.9 457 459.9 464.8 466.8 465.8 466.7 471.1 474.7 478.4 485.7 490.9 489.2 494.6 494.7 486.1 474.3 471.2 473.1 472.7 465.4 461.4 454.6 444.7 435 424.7 417.9 414.4 411.4 408.9 408.9 407.4 405 403.3 397.9 392.8 389.4 386.2 383.6 379.3
363 365.4 366.1 375.4 376.1 374.6 375.8 374.3 374.8 379.9 386.3 389.6 392.9 392.2 391.9 387.5 381.1 371.3 370.1 371.4 370.2 363.9 360.6 375.4 378.6 383 387.7 391.9 396.5 400.7 405 409.5 413.3 416.3 421.2 427.8 434.6 440.9 449.6 456 461.8 465.9 470.1 473 470.6 471.7 478.4 481.2 483.5 486.9 481.8 479.1 477.4 470.5 468.6 465.7 464.9 468.8 464.7 458.3 456.4 446.4 438.2 430.5 421.5 416.1 410.7 408.4 406.3 403.8 403.1 402.9 399.9 395.7 393 389.2 385.8 382.2 379.2
361.3 363.9 371.7 374.2 368.6 364.5 361 360.4 363.2 370.2 378.1 381.2 382.3 384.2 382.8 381.7 378.3 368.9 366.4 367.9 366.2 358.1 359.9 372 377.1 383.2 387.4 391 395.6 400 404.2 408.9 413.9 418.2 423.7 431.4 439.4 445.8 455.4 464 470.2 473.3 476.3 476.2 475.4 477.6 483.7 485.7 486.1 480.5 467.3 461.6 460.5 458.1 458.6 457.6 454.6 456.3 454 451.6 440.3 439.7 432.3 423.4 415 408.4 403.8 403.7 402.7 401.4 401.5 398.9 396.5 394.3 391.7 387.4 382.6 379 378
357.5 360.3 363.4 362.7 358.5 355.8 350.5 349 352.9 359.3 364.8 373.6 373.7 376.6 376.8 378 375.3 370.8 363.9 363.1 359.1 355.8 364.8 371.2 376.8 381.8 385.8 390.2 394.6 399 403.4 408.3 412.7 418.8 425.3 435.4 442.9 453.1 463.4 470.9 477.4 482.7 485.3 481 479.6 479.2 482.3 485.9 481.8 472.4 460.5 454.2 451.8 452.5 449.7 449.1 447.6 447 445.4 437.7 435.6 433.2 427.7 417.5 411.5 404.4 400.3 399.7 399 399.7 399.3 398.1 393 391.3 388.1 383.1 378.3 378.3 377.2
