Assets/StreamingAssets/GeoData/Data/nn/NN92.asc
ncols 200
nrows 200
xllcorner 290000
yllcorner 720000
cellsize 50
[rows 72 to 107 of 200, columns 0 to 79 of 200]
253.6 253.2 254.9 258.2 260.4 262.6 264.6 266.8 269 271.3 273.6 275.9 277.5 279.7 282.2 285.8 290.1 293.8 296.7 300.9 305.3 309.7 314.1 317.9 320.4 323.9 327.9 331.7 335.8 337.6 339.4 334.3 326.5 320.1 314.6 306 297.7 288.2 280.5 272.8 268 263.1 259.3 255.1 250.9 246.5 240.9 232.9 225.9 220.1 210.7 205.1 200.9 199.5 198.3 196.4 195.1 194.4 193.4 193.4 193.6 193.1 193.7 194.4 195.3 196.2 196.9 197.7 198.5 199 199.3 198.9 197.9 198.1 199.4 200.8 202.7 204.3 205.4 206.4
253 255.1 256.4 258.5 260.5 262.5 264.5 266.7 268.6 270.8 273.4 275.8 277.8 280.3 283.1 286.4 290.6 295.5 300.1 304.5 308.7 312.9 317.1 321.3 325.3 330 334.7 339 341.3 343.2 337.5 327.4 321 315.7 309 302.2 293.4 285.5 279.4 270.8 264.3 260.4 254.7 250.5 246.1 240.7 234.5 226.6 220 215.1 208.9 201.9 199.3 198.1 196.9 195.9 195.2 194.5 194.6 194.5 195 195.2 195.4 196.3 197.4 198 199.7 199.7 200.3 200.8 201.1 200.6 200.1 200.1 200.3 201.6 203 203.4 204.9 206.2
254.1 254.5 256.4 258.4 260.5 262.5 264.5 266.6 269.2 271.7 274 276.5 279.2 282 285.2 289.2 294.1 299.2 303.8 308 312.3 316.5 320.7 325.7 331.6 336.8 341.8 343.5 344.3 340.2 330.7 322.6 315.9 309.6 303 296.5 290 284.2 278.6 272.3 265.4 259 253.2 242.9 238.9 232.3 228.1 219.8 215 210.9 208.6 202.2 199.4 198.1 197 196.1 195.6 195.7 195.8 196.7 197.8 198.2 198.5 200.2 201 202.3 204.2 203.9 203.6 204.1 204 202.8 202.7 202.5 203.3 204.2 204.2 205.3 205.6 207.2
254.3 255.7 257.2 259.1 261.2 263.2 265.2 267.5 270.5 273.1 274.7 278.8 281.3 284.5 288.1 293 297.5 301.7 306.3 311 315.4 319.7 325.7 331.7 337.3 342.4 346.3 347.2 341.7 335.2 325.3 317.6 310.5 302.1 296.2 290.8 285.5 282.8 279.6 273.8 266.4 260.3 251.2 243.8 237.8 232.5 224.4 216.3 211.7 207.1 204.6 202.9 199.7 198.8 197.8 200 200.4 198.7 199 199.7 200.6 202.1 204.4 206.4 208.2 209.6 209.1 208.2 207.9 207.5 207.4 206.9 207.1 207.2 207.9 208.6 208.7 208.6 208.6 208.2
255.4 256.8 258.5 260.4 262.3 264.3 266.3 269.1 271.7 274.1 276.7 279.1 283 287.3 291.1 295.3 299.5 303.7 308.3 313.3 317.8 323.9 331.1 336.8 341.9 349.3 348.9 343.9 336.1 325.8 316.8 308.1 299.5 294 288.7 283 280.5 279.3 276.6 271.5 265.2 255.7 251.8 247.5 241.1 232.8 225.3 217.2 213.5 208.9 204.5 202.5 200.3 199.7 199.7 200.9 201.5 202.7 204.2 205.1 205.8 207.1 211.8 214.7 216.1 216.4 214.6 212.7 212.1 211.8 211.9 212.1 212.5 212 212.3 212.8 211.2 212.3 212.3 211.5
256.4 257.9 259.6 261.5 263.4 265.4 267.4 269.8 272.1 274.7 277.6 280.5 283.1 288.4 292.4 296.4 300.8 304.4 309.4 314.8 320.7 327.1 333.3 340 347.4 348 343.2 332.7 323 313.5 304.4 297.3 290.2 285.4 281.1 277.3 276.2 276.4 273.3 268.1 262.1 255.2 251.1 245.2 237.7 229.6 225.3 222.2 216 213 209.8 206 202.3 200.9 201.8 203.5 204 206.3 208 209.6 211.2 210.5 215.5 220.3 221.6 219.5 218.7 218.2 216.5 216.8 217.1 217.4 217.8 217.3 216.7 215.9 215.7 216 216 215.2
257.1 258.1 259.1 260.9 262.8 264.7 267 269.1 271.2 274 277.3 280.4 283.1 286.9 290.6 295.2 299.1 303.9 308.8 315.1 320.8 325.7 331.1 336.4 336.5 331.2 322.1 315.1 307.7 301.4 294.9 288.2 281.5 277.6 275.4 269.1 272 270.4 266.7 262.4 256 249.6 243.4 237.6 233.8 228.7 225.1 221.5 222.6 220.6 216.6 211.8 208.3 206.9 204.5 206.1 207.2 209.9 211.6 213.6 216.3 215.4 217.4 220.7 221.7 221.2 221.9 222.6 221.8 223.4 223.7 223.4 223.1 222.6 221.8 221.9 221.6 221.5 220.4 219.4
257.5 258.1 258.9 260.3 262.1 264.2 266.1 268 270.1 273.2 276.4 279.4 282.9 286 289 294.8 298.4 302.9 307.5 312.8 317.7 323.1 327.6 328.6 323.3 315.8 309.7 303.5 296.8 290.7 285.5 280.2 274.4 268.8 269.5 263.6 263.7 262.2 258.5 255.1 249.2 243 240.5 235.6 229.2 225 225.2 229 229.2 225.9 221.5 216.9 211 209 210.6 209.7 211 213.5 216 218.7 221.4 220.9 218.9 220.9 222.7 223.8 224.7 225.5 227 227.8 228.5 228.1 227.7 227.3 227.7 228.1 227.9 227.6 226.4 224.7
257.6 258.2 259.1 260.5 262.1 263.5 265.3 267.3 269.1 272.2 275.4 278.1 281.3 284.2 287.7 292.4 295.7 299.6 304 309.2 314.4 317.8 316.7 316 310.5 305.6 299.9 293.4 287.4 281.6 276.8 271.6 265.8 263.3 262.8 260.1 255.5 255.1 252.9 250.3 245.9 240.9 235.1 230.7 224.6 225 230.2 230.5 228.5 225.1 221.2 216.7 211.5 214.2 215.1 215.2 215.1 217.7 220.8 223.4 225.8 223.5 221.4 223 223.8 226.7 229.3 231.8 233.6 232.2 232.7 232.3 231.9 231.7 232.1 233.4 234.2 232.4 230.4 228.6
257.8 258.5 259.7 261 262.7 264.4 265.8 267.7 268.6 271.3 272.9 275.5 277.8 282 286.6 290.7 293.8 296.6 301.2 304.6 307.8 308.7 307.6 305.3 299.8 295.1 290.3 284.5 279.3 273.7 268.9 262 259.1 256.7 255.6 252.6 248.5 246.5 244.6 243.1 239.8 234.3 229 224.9 221.7 224.1 224.4 223.3 223 220.5 217.2 215.2 217.6 218.2 219.2 219.5 220.1 222.2 224.3 227.4 227.6 224.3 225.2 225.8 228.1 232.3 236.6 238.5 238.9 237.5 236.7 236.3 235.7 235.6 236 236.4 236.1 234.6 232.6 230.5
258.1 259.1 260.4 261.7 263.2 264.6 266.4 267.9 268.1 268.8 270 272.1 275.9 280.3 283.6 285.8 289.8 293.8 297.9 301 302.5 300.7 298.1 295.3 289.7 284.9 280 275 269.4 265.2 260.3 255.9 252.5 250.4 248.2 244.9 241.2 240.6 236.7 235.5 232.2 226.2 222.4 220.3 219.2 217.9 217.5 216.6 216.7 217 217.8 219 222.2 222.8 223.4 223.4 223.2 224.4 227.7 227.8 226 224.8 228.3 228.2 231.2 235.5 239.5 239.4 239.3 239.6 239 238.9 237.8 237.6 237.6 237.6 236.6 235.5 234.5 232.3
260.3 260.7 261.9 263.5 264.4 264.6 265.9 266.1 267.5 268.5 269.7 273 275.7 278.4 279.7 281.5 286 290.4 294.5 295.8 294.2 291.4 288 285.2 279.5 274.4 269.9 265.3 261.3 257.6 254.5 250.6 247.2 241.3 240.8 236.2 235 232.3 229.1 225.8 221.3 218.3 217.5 216.2 215.6 214.1 214 213.2 214.3 216.5 218.1 222.9 225.6 225.6 224.5 224 223.9 224.8 225 224.2 224.7 227.1 229.8 230.9 233.3 237.6 238.8 239.2 239.7 240.6 240.8 240.4 239.9 239.5 238.6 237.7 237 236.2 235.1 234.2
264.4 264.7 265.9 266.8 267.6 267.8 268 269.6 269.7 269.8 270.7 273.4 273.6 275 276.4 278.8 284.1 286.4 287.3 286.1 284.7 281.8 278.5 275.1 269.3 264.4 260.4 257.3 254.3 251.2 248.2 243.9 239.9 237.6 235.5 233.3 230.5 228.1 224.5 222 219.9 218.1 216.5 215.9 214.9 213.9 213.4 212.4 212.4 214.1 217.2 221.6 223.9 224.3 224.2 224 222.7 221.6 222.9 224.2 227.2 229.6 231.6 233.5 235.4 238.2 238.3 238.6 240.2 241.1 241.4 240.9 240.3 239.6 238.7 237.8 237 236.3 235.8 235.8
267.9 268.7 269.4 269.8 270.7 271.7 271.9 272.2 272.7 272.8 272 271.8 272.3 272.1 272.8 272.7 276.1 278.4 277.4 276 275 271.8 268.3 264.1 260.2 260 258.3 256.2 255.1 251.6 248.4 243.9 242 240.6 237.2 233.8 230.8 228.9 225.2 220.9 219.5 218 217.5 217.9 217.6 216.3 215 213 212 212.4 216.5 218.8 220.8 221 219.7 218.6 219.7 221.2 224.2 226.7 229.6 231.6 233.4 235.4 237.5 239 239.1 239.6 240.6 241.6 241.5 240.9 240 239.4 238.7 237.8 237 236.5 236.6 237
271.3 271.8 272.3 272.8 273.7 274.7 275.6 276.6 276.1 275.1 274.3 273.2 272.6 272.1 271.7 272 268.8 269 268.9 266.1 264.1 259.6 256.8 256.9 260.8 258.2 257.6 255.1 252.7 248.8 245.8 244 242.2 239 236.3 234.1 230.1 226.4 221.4 219.9 219 219.1 219.2 219.4 219.6 218.5 215.7 212.2 210.6 213.6 215.4 216.5 216.9 215.7 216.9 218.7 221.6 225.1 228.2 230.1 231.6 233.4 235.4 237.6 239.4 240 240.5 241 241.6 242 241.5 240.7 239.8 239.1 238.5 237.9 237.1 237.4 237.8 238.2
274.3 274.6 274.9 274.9 276 277.1 277.5 277.6 277.8 279.4 278.5 278.3 276.3 275.2 273.7 272 269.6 266.4 265 262.4 259.9 256 254 253.9 255 254.7 251.9 248.7 245.3 243 240.2 239.2 236.1 232.4 231 227.8 224.2 221.5 219.1 221 221.2 220.4 218.1 217 216.1 212.9 209.6 208.6 209.6 210.9 211.9 213.4 214.9 217.4 220 222.8 226.3 229 231 233.2 234.6 235.7 237.5 238.5 239.1 239.5 239.9 241 242.2 242.2 241.3 240.4 239.5 238.9 238.2 238 238.2 238.5 238.8 239.1
277.2 277.5 278 278.3 278.7 279.1 279.5 279.5 280.2 282.4 281.1 278.6 276.8 274.8 273.3 271.6 268.5 265.7 263.3 259.7 257.1 255.5 254.5 253.3 253.6 254.1 252 248.8 245 242.9 241 237.7 235.1 230.8 224.2 221.7 220.4 218.2 221.7 223.9 221.5 216.5 211.9 210.5 208.6 207 208.4 209.2 210.4 212 213.7 215.5 219.4 221.9 224.4 227.5 229.4 231.4 233.3 235.5 236.3 237.7 238.8 238.7 238.8 239.2 239.5 240.9 242.4 242.4 241.1 240.2 239.3 239 239.1 239.3 239.4 239.9 239.5 238.1
282.8 283.6 282.7 282.3 281.6 282.8 282.9 283.9 282.9 282.1 281.1 279.8 277.4 275.8 273.1 270 266.8 265 262.5 260.9 260.5 261.5 259 256.5 255.6 254.5 251.8 248.9 246.3 243.1 239.3 235 230.9 227.5 224.6 221.1 213.4 217.4 222.2 220.5 216.8 211 207.1 205.2 206.5 206.7 208.6 210.7 212.4 214 216.4 220.7 223 225.5 227.9 229.6 231.8 233.8 235.7 237.5 237.7 238.9 240.2 241.7 243.1 242.1 241.2 241.7 242.8 242.8 241.7 241.1 240.7 240.3 240.1 240.1 240.3 240.5 238.8 237.3
291.8 291.7 290 288.4 288.3 288.9 290.3 289.7 288.3 286.3 285.6 283.4 279.8 275.9 271.3 269.7 268.4 267.3 264.5 264 264.1 264.2 261.1 258.5 255.3 252.1 248.7 244.7 240.7 236.3 231.8 228.3 225.4 222.2 220.5 217.9 213.5 214.4 215.7 213.6 211.2 206.4 204.5 203.5 206.1 208 210.1 212.2 214.3 216 219.7 223.1 225.9 228.2 229.5 230.6 233.3 235.5 237.8 239.4 239.4 240.1 241 242.8 243.9 244.1 243.5 243.2 243.9 243.9 243.3 242.8 242.4 242.1 241.8 241.3 240.5 239.6 238 236.8
301.7 304.4 302.1 300.3 297.3 296.6 298.2 295 292.4 290 286.5 281.3 277.3 277.8 277 276.4 274.5 273.9 271.8 270.1 268.6 265.3 261.4 256.9 251.4 246.1 241 236.7 231.4 228.4 224.5 220 217.5 215.7 214 210.6 208.3 206.5 206.9 204.9 205.9 204.1 202.7 207.2 208.4 209.5 211.6 213.7 215.8 219.7 222.2 225 227.6 230.2 231.1 232 234.3 236.9 238.1 239.2 239.9 240.5 241.9 243 244.1 244.8 244.8 244.9 244.5 244.1 243.7 243.1 242.5 241.8 241.1 240.3 239.5 238.6 237.6 236.7
315.6 315.1 312.2 305.8 304.5 303.1 300.5 296.2 292 287.2 287 285.7 284.4 284.6 285.1 283.6 281.5 276.9 274.7 269.3 264.9 259.8 254.9 248.7 243.3 237.7 230.7 226.6 224 219.2 214.8 212.3 208.6 208.5 206.5 204.6 204.6 204 203.6 202.9 202.9 203.5 203.2 209.2 210.5 211.9 213 216 219.8 222.2 223.3 226.3 228.7 231 232.3 233.6 235.1 235.3 235.4 236.5 236.6 238.2 239 239.2 239.6 240 240.1 240.1 240.9 240.7 240 239.9 240.2 240.9 240.1 239.4 238.8 238.5 237.7 236.8
319.2 315.6 312.2 310.5 307.6 303.1 296.7 292.2 288.1 289.1 290.7 293.2 293.5 292.5 290.5 287.5 280.9 273.8 268.5 263.2 256.1 250.7 243 237.4 231 225.9 221.4 216.4 212.6 209.5 207.1 204.9 203.5 203.7 202.3 201.7 202.1 202.2 202.2 202 202.1 202.3 207.4 209.4 212.3 213.8 216 217.2 220.5 221.6 223.3 226.2 228.9 231.4 232.9 234 234 233.8 233.9 233.9 233.2 233.8 234.8 235 235.2 235.4 235.3 235.4 237.2 237.7 237.6 237.6 238.5 239.6 239.3 238.9 238.9 238.6 237.9 236.8
321.6 316.2 312.9 309.9 304.9 297.4 293.5 292.5 291.6 296.4 297.5 297.5 297.9 295.1 286.7 278.7 272.4 265.1 257.9 250.3 244.6 238 232.5 227.2 222.3 217.6 213.1 209.3 206.3 202.8 201.2 201.2 201.2 201.2 201.2 201.2 201.2 201.2 201.2 201.5 202.7 204.2 208.1 211.6 215.6 217.7 219.5 219.2 219.2 220.6 223.3 226.2 229.6 231.8 233.1 233.2 233.3 233.1 232.8 232.8 232.5 232.3 232.4 232.1 231.9 232.1 232.7 233.4 235.2 235.9 236 235.9 236.6 237.8 238.8 238.5 238.4 238.1 237.5 236.9
318.6 311.7 307.8 304.3 301.9 300.8 300.5 300.5 301.7 299.4 295.3 291.3 289.8 280.8 274.3 266.5 260.3 254.5 247.5 242.5 237 231.4 228 223.2 218.4 213 206.9 203.1 201.2 201.2 201.2 201.2 201.2 201.2 201.2 201.2 201.2 201.6 203.5 205.7 208.9 211.1 213.6 216.9 220.9 223 223.8 223.6 223.5 224.6 226.9 229.2 230.3 232.7 232.7 232.7 232.7 232.9 233 232.9 232.6 232.3 232.2 232.2 231.8 231.6 232 232.4 232.8 233.3 233.9 234.6 234.8 235.9 237 237.5 236.8 236.3 235.3 234.2
309.8 306.4 303.2 299.9 300.3 301.9 301.3 301.6 300.1 297.2 291.2 283.4 276.8 271.4 266.2 261.7 255.6 249.4 244.1 239 234.6 229 223.2 218.7 212.9 206.7 201.2 201.2 201.2 201.2 201.2 201.2 201.3 202.9 204.4 207.1 208.7 210.7 212.2 214.8 216.8 218.5 221 223.6 226.2 227.5 228.2 228.3 228.8 229.7 231.5 231.3 232.2 232.4 232.6 232.8 233.1 233.3 233.2 233 232.8 232.5 232.3 232.2 231.6 231.4 232 232.6 233 233.3 233.6 233.9 234.4 234.3 234.9 234.3 233.5 232.6 231.8 231
304.6 300.2 298.3 296 295.6 296.2 296.1 295 290.8 284.1 276.8 273.9 268.9 264.9 260.1 255.7 251 246.3 242.2 235.1 230.2 226.2 220.2 214.2 208 201.5 199.1 201.2 201.2 201.2 201.2 204.5 207.9 210.2 212.8 215.9 217.7 220.5 222.5 224 224.8 225.9 227.6 229.2 230.5 231.9 232.7 233.1 234.3 233.7 233.3 233.9 234.3 234.9 234.3 234.8 235.3 235.7 234.9 233.3 233 232.7 232.3 231.9 231.4 231.5 232.2 232.8 233.3 233.6 233.9 234.5 235 234.1 232.9 232.2 231.7 231.3 230.7 229.8
296 294.1 292.8 289.2 290.6 288.9 285.4 280.2 277.5 271.5 267.7 264.6 261.1 257.8 253.9 248.6 243.9 240.8 235.9 231.1 225.6 223.7 218 212.9 205.5 198.4 197.3 201.8 203.4 204.5 207.6 211.2 214.2 217.1 219.4 221.4 223.9 225.1 225.9 227.2 228.9 230.1 231.5 233 234.3 235.6 235.8 236.2 236 236.6 237 237.5 237.4 237 236.7 237.2 236.6 235.8 234.9 233.4 232.2 231.9 231.7 231.3 227.6 231.8 232.5 232.9 233.5 233.9 234.5 235.3 235.6 234.7 233.9 233.4 232.6 231.8 231 230
289.5 287.4 285.4 284.1 282.5 280.8 274.3 269.7 266.6 263.4 262.3 259.4 255.5 251.9 247.4 240.9 238.4 235 231.8 227.6 224.7 220.5 216.5 209.7 199.7 194.1 206.2 210.1 211.3 212.7 214.2 215.5 217.1 218.8 220.4 222.5 224.5 226.9 229.2 230.6 231.5 233.1 235.1 236.1 237.4 238.7 239.2 239 239.3 240 240.4 239.5 238.5 237.9 236.8 236.1 235.4 234.6 233.6 231.9 231 230.9 230.8 231.2 228.6 231.4 232.1 232.6 233.2 233.8 234.5 235.3 235.3 234.9 234.1 234.4 233.7 233 231.8 230.8
284.7 281.6 277.2 273 270.3 267.5 265.9 262.7 260.2 257.7 255.6 252.7 249.7 245.6 240.5 237 233 229.7 226.5 223.3 220 216.5 211 199.4 193.1 211 213.5 214.3 214.7 215.2 216 216.9 218.1 219.2 220.1 221.9 224 226.6 228.5 230.8 233.4 234.9 237.6 240.3 241.3 243 243.3 242.9 242.6 242.4 241.1 239.9 238.5 237.6 236.5 235.2 234.1 233.1 231.6 229.9 230 230 230 229 228.1 229.6 230.8 231.1 231.4 231.7 231.9 232.2 232.7 232.3 232.4 232.6 232.6 232.4 232.1 231.5
278.6 275.8 269.4 265.7 262.5 258.8 256.9 255.7 252.9 249.8 245.8 243.2 239.8 236.7 233.9 231.1 225.7 222.6 219.5 216.9 213.4 209.8 201 191.1 206.9 213.1 213.6 214.5 215 215.5 216 216.4 217.1 218.2 219.9 221.3 223.7 225.9 227.1 228.8 232.7 235.8 239.2 243.9 245.2 247.1 246.8 245.7 244.7 241.5 238.3 237.8 236.1 234.6 233.9 232.9 231.5 230 228.7 227.8 227.2 226.8 226.4 224.7 226.8 227.4 227.9 228.3 228.2 228 228.1 228 227.9 228.1 228 228.7 228.7 228.6 228.7 228.5
274.3 270.1 263.3 259.5 256.6 252 249.3 245.8 243.6 240.2 238 234.3 231.1 227.6 223.8 221.5 218.4 215 211.2 208 204.6 198.5 187.2 202.8 211.2 212.5 213.5 214.1 213.8 213.3 213.4 213.9 214.4 214.9 217.2 219.5 221.7 223.5 224.9 226.1 230.9 234.5 237.2 241.9 244 244.5 244.7 244 242.8 239.6 236.8 234 232.9 231.6 230.3 229.7 227.5 225.9 225.2 224.5 224 223.5 223 222.1 222.8 224.4 224.6 224.6 224 223.1 223.1 222.9 223 223.2 223.6 224.5 224.8 224.7 224.2 223.9
269 263.6 255.6 252.4 250.1 246.8 242.8 238.7 236.9 233.1 230.6 227.7 224.6 219.8 216.9 214.3 211.8 204.7 200.9 199 198.9 189.3 198.4 208 209.9 211.3 212.2 211.6 211.1 210.6 210.4 210.5 211 211.5 212.9 214.5 217.3 220.2 222.4 223.7 228 232.6 235.6 238.9 241.4 241.7 241.4 240.5 239.1 235.4 232.5 230.1 227.8 226.3 224.4 224.7 223 222.1 222.2 221.8 221.1 219.9 220.2 221.5 222.4 222.1 221.6 220.7 220.3 220 219.8 219.3 219.7 219.6 219.7 220.5 220.9 220.4 219.8 219.1
258.2 254.4 248 245.8 243.2 240 235.7 232.8 230.1 226.9 222.7 219.3 215.9 212.5 209.8 207 203 197.9 195.5 194.2 192.7 186.6 201.4 205.3 207.9 209.4 209.5 208.9 208.4 207.9 207.7 207.5 207.7 208.2 208.5 209.4 210.6 216.3 220 222.9 225.9 230.5 233 235.5 236.9 237.1 236.6 235.4 233.5 229.7 226.8 224.3 222.3 221.5 220.1 220.7 219.9 219.3 219.2 219.1 217.6 217.5 220.7 221.3 221.4 221 221 221 220 219 218.3 217.3 217.8 218.5 218.1 216.9 216.8 215.9 214.1 212.8
252.8 248.8 244.7 240.6 238.1 234.8 231.6 227.2 223 220.2 216.6 213.4 209 205.2 202.7 200.6 196.2 194.7 194.9 189.5 181.2 194.2 198.7 202.4 203.8 205.2 206.5 206.2 205.7 205.2 205 204.7 204.9 205.1 205 205.4 206 211.1 216.1 220.2 223.6 226.2 228.5 229.8 231 231.5 230.8 229.5 227.3 224.3 221.3 217.8 216.9 216.2 215.5 215.3 216.1 216.3 216.3 216.2 214.9 214.8 216.7 216.4 215.1 216 218.7 220.2 215.8 217 217 216 217.7 217.8 215.8 214.1 212.8 212.8 211.3 210
248.7 245 240.4 237.3 231 229.3 226.2 221.8 218.9 215.1 210.1 206.2 202.6 199.7 196.7 193.9 191.9 191.8 192.1 189.7 185.3 196.7 198.6 200.8 201.9 202.7 203.4 203.2 202.9 202.6 202.2 201.9 201.9 201.4 201.6 201.9 200.9 205.3 211.8 216.3 220.1 221.7 223.4 224.2 225.1 224.9 224.2 223.4 220.6 217.5 213.9 212.2 211.5 210.9 210.3 209.7 210.9 211.6 211.6 211.4 208.2 208.7 210.3 209.9 208.2 207.6 208.1 209.8 210.1 210.2 206.1 213.9 215.7 214.9 214.3 213.3 212.3 207.9 206.2 205.4
240.9 239.8 235.1 230.5 226.4 222.3 221.1 218 215.4 211.8 207 204 199.4 196 192.7 190.5 188.3 188.8 188.8 182 189.4 194 197.2 199.1 199.5 200.2 201 200.7 200.5 200.4 200.6 199.9 199.4 198.2 198.1 198.2 197.9 200.6 205.6 210.2 212.6 214.7 216.7 216.8 217.4 217.4 216.7 216.3 212.9 211.3 209.4 207 206.2 205.5 205 205.1 207.1 207 206.5 205.7 203 200.8 203.9 202.8 202.1 200.9 201.4 201 200.8 201.1 201.2 201 202.2 201.6 200.9 200.4 199.6 199.7 199.5 197.7
