Game/Highland_Data/StreamingAssets/GeoData/Data/sz/SZ68.asc
ncols 200
nrows 200
xllcorner 460000
yllcorner 80000
cellsize 50
[rows 38 to 75 of 200, columns 0 to 84 of 200]
46.5 43.1 38.3 35.1 37.7 39 36.9 34.7 31 24.7 18.5 14.3 11.8 8.8 6.4 4.6 3.8 2.8 3.2 3.2 4.3 4.5 3.9 3 1.3 1.1 1.3 2.6 2.2 2.8 2.1 1 0.1 0.2 0.3 0.4 0.9 0.3 0.4 0.6 0.7 0.8 0.9 1 1 1 1 0.9 0.8 0.8 0.9 0.9 0.9 0.9 0.9 0.9 0.9 0.9 0.8 0.7 0.6 0.5 0.4 0.4 0.3 1.4 1.2 0.9 0.7 0.4 0.5 0.8 1 0.4 -0.6 -0.6 1 1.1 1.4 1.6 1.7 5.4 9.3 14.4 21
46.2 41.7 36.7 31.5 32.7 32.8 31.1 28.6 25.4 22.1 18.2 13.5 10.2 10 5.9 4.7 4.6 3.6 3.3 3.8 4 3.1 3.3 3.8 1 1.5 1.6 3.9 3.6 4.6 3.4 2.4 0.4 0.4 0.4 0.4 1.3 0.3 0.4 0.5 0.6 0.7 0.8 0.9 1 1 0.9 0.9 0.9 0.9 0.9 0.9 0.9 0.9 0.9 0.9 0.9 0.8 0.7 0.6 0.5 0.4 0.3 0.3 1.6 0.9 1 0.8 0.5 0.3 0.1 0 -0.1 -0.1 -0.1 1 0.9 1 1.4 2 5.2 8.7 13.1 17.7 24.3
45.6 40.3 35.1 29.9 27.4 26.9 25.3 23.3 20.7 17.7 13.8 11.8 9.8 7.6 7.2 6.1 5.4 4.4 3.1 3.3 4.3 4.3 3.3 3.9 3.2 2.2 3 3.3 3.4 3.6 2.7 0.6 0.5 0.5 0.6 0.5 1.3 0.3 0.3 0.4 0.5 0.6 0.7 0.9 1 1 0.9 0.9 0.9 0.9 0.9 0.9 0.9 0.9 0.9 0.9 0.9 0.7 0.5 0.5 0.4 0.3 0.2 0.4 1.5 0.6 0.7 0.5 0.3 0.1 -0.1 -0.1 -0.1 -0.1 1.1 1.5 1.1 1.2 4.1 7.1 9.7 13.8 18 21.5 27.7
42.6 37.5 34.1 29.2 26.8 24.1 21.4 19.8 16.3 13.9 12.7 11.1 9.1 7.7 7.7 6.2 5.7 5 3.6 2.4 3 3.2 4.2 3.6 3.4 3.7 2.6 2.2 2.6 2.4 0.7 0.6 0.5 0.5 0.4 0.5 1.3 0.3 0.2 0.3 0.4 0.5 0.6 0.8 1 0.9 0.9 0.9 0.9 0.9 0.9 0.9 0.9 0.9 0.9 0.9 0.9 0.8 0.4 0.3 0.2 0.2 0.1 0.5 1.5 0.8 0.3 0.3 0.1 -0.1 -0.1 -0.1 -0.1 -0.1 1.8 3.8 3.2 5.7 9.1 12 14.2 18.8 22.8 27 29.2
38.5 34.1 31.9 30.8 28.8 26.7 23.9 21.8 19.6 16.7 14 11.2 9.2 8.1 6.8 8.1 5.9 4.9 2.4 2.4 5.1 2.9 2.7 1.6 1.7 3.1 2.1 1.1 2.1 0.7 0.8 0.7 0.6 0.5 0.4 0.3 0.7 0.3 0.2 0.2 0.3 0.3 0.5 0.7 0.9 0.9 0.9 0.9 0.9 0.9 0.9 0.9 0.9 0.9 0.9 0.9 0.9 0.9 0.5 0.2 0.1 0 0.1 0.6 1.4 1 0.5 0.9 0.6 0 -0.1 -0.1 -0.1 0.9 7.4 9.8 8.1 10.6 13.6 16.1 18.5 22.5 27.7 29.5 30
32.6 31.1 30.5 30.1 29.4 27.6 25.4 23.1 20.9 18.1 15.2 12.5 11 9.4 8 6.8 6.9 3.8 2.2 1.7 1.5 1.6 1.4 1.6 1.3 1.1 1.2 0.8 1.5 0.7 0.7 0.8 0.7 0.6 0.5 0.4 0.6 0.3 0.2 0.1 0.1 0.2 0.4 0.6 0.8 0.9 0.9 0.9 0.9 0.9 0.9 0.9 0.9 0.9 0.9 0.9 0.9 0.9 0.6 0.2 0 0 0 0.5 0.8 0.8 1.1 0.4 0.2 -0.1 -0.1 -0.1 0 8.1 14.8 15.7 13 14.7 17 19.5 22.3 26.1 30.1 30.2 30.7
30 30 29.9 29.5 28.5 26.8 24.7 22.6 20.5 19.1 16.6 13.7 13 12.4 12 9.2 8.2 4.9 2.6 2.2 2.6 1.9 1.5 1.6 1.2 1 0.8 0.9 1.1 0.6 0.7 0.8 0.8 0.7 0.6 0.5 1.2 1.2 0.5 0.2 0 0.2 0.3 0.6 0.9 0.9 0.9 0.9 0.9 0.9 0.9 0.9 0.9 0.9 0.9 0.9 0.9 0.9 0.8 0.3 -0.1 0.5 1.1 1.1 0.9 0.6 1.1 1 0 -0.1 1 1 4.8 13.4 19.9 20.7 18.1 18 20.9 24 28 30.4 31 31.4 31.8
28.6 28.6 29 28.9 27.7 25.6 23.6 21.5 20.3 19.3 16.9 16.3 17.6 18.1 15.7 11.4 6.8 3.7 3.4 3.4 3 2.2 1.6 1.6 1.2 1 0.7 0.8 0.9 0.5 0.7 0.7 0.8 0.8 0.7 0.7 1 1 0.8 0.7 0.6 0.8 0.9 0.9 0.9 0.9 0.9 0.9 0.9 0.9 0.8 0.8 0.8 0.8 0.8 0.8 0.8 0.8 0.8 0.6 0.2 0.6 1 1.1 1.2 1.2 0.8 0.6 0.3 0.1 0.9 1.3 6.7 15 21.4 24.9 23.3 23 25 27.7 30.4 31.8 32.4 32.8 32.5
28.4 27.1 27.5 27.9 26.6 24.5 22.5 20.3 20.1 19.5 17.9 18.8 21.5 21.3 16.9 12.6 8.4 6.5 4.8 4 3.2 2.5 1.7 1.6 1.2 0.9 0.5 0.5 0.5 0.6 0.5 0.5 0.7 0.8 0.9 0.9 0.9 0.9 0.9 0.9 0.9 0.9 0.9 0.9 0.9 0.9 0.9 0.9 0.9 0.8 0.8 0.7 0.7 0.7 0.7 0.7 0.7 0.7 0.7 0.7 0.5 0.6 0.9 1 1.1 1.2 1.3 1 0.4 0.6 0.9 1.7 6.9 14.1 19.5 23.1 26.8 29 30.1 31.8 32.6 33 33.6 33.7 33
28.4 26.7 25.4 25.7 25.4 23.7 21.4 19.4 18.6 19 18.2 18.8 21.4 19.2 16.3 12 9 7 5.7 4.1 3.3 2.7 2 1.6 1.2 0.9 0.9 0.9 0.8 0.6 0.4 0.3 1.2 1.1 0.9 0.9 0.9 0.9 0.9 0.9 0.9 0.9 0.9 0.9 0.9 0.9 0.9 0.8 0.8 0.7 0.7 0.7 0.6 0.6 0.6 0.6 0.6 0.6 0.5 0.6 0.6 0.7 0.8 0.9 1 1.2 1.3 1.3 0.9 0.7 0.9 1.1 6.8 12.4 17.9 22.7 28.7 31.6 32.9 33.3 33.7 33.3 33.7 33.7 33
27.1 26.2 24.1 23.5 23.5 22.3 20 18.4 17 16.9 16.7 17.1 17.8 17.3 14.3 10.2 8.5 7.2 6.2 4.7 3.2 2.7 2.3 2 1.6 1.3 1.3 0.9 1.4 1.2 1.1 1.1 0.9 0.5 0.8 0.8 0.8 0.8 0.8 0.9 0.8 0.4 0.4 0.5 0.7 0.7 0.7 0.9 0.7 0.7 0.5 0.6 0.6 0.5 0.5 0.5 0.5 0.5 0.4 0.5 0.5 0.6 0.8 0.9 1 1.2 1.2 1.2 1.3 0.8 1 1.1 6.2 12.6 18.4 24 29.9 33.5 33.8 34.4 34.9 34.4 33.9 33.7 32.2
25.8 24.1 22.6 21.8 21.5 20.7 18.4 17.3 15.6 15 14.5 13.7 13.8 13.9 12.3 9.1 7.7 6.6 5.6 4.5 4.2 3.9 3.7 3 2.3 1.8 1.7 1.4 1.5 1.9 1.7 1.7 0.1 0.5 0.7 0.7 0.8 0.8 0.5 0.8 0.8 0.3 -0.1 0.2 0.4 0.6 0.5 0.8 0.7 0.6 0.4 0.4 0.5 0.5 0.5 0.5 0.4 0.3 0.3 0.3 0.5 0.6 0.7 0.9 1 1.1 1.1 1 1.2 1.3 1.1 1.7 6.1 11.3 16.7 22.9 27.6 33.1 34.7 35.4 35.4 34.6 34.2 32.9 31.3
26.1 23.7 22.2 19.8 18.9 19.3 17.1 16.3 14.5 13.4 12.7 11.6 11.5 10 9.3 8.4 7.4 6.8 6.2 5.7 5.7 5.3 4.7 4 3.2 2.5 2.1 1.8 1.4 2.3 2.1 0.4 0.2 0.4 0.7 0.7 0.7 0.7 0.6 0.4 0.8 0.3 0.1 -0.1 0.2 0.4 0.4 0.6 0.7 0.6 0.4 0.3 0.3 0.4 0.4 0.4 0.3 0.2 0.2 0.3 0.6 0.6 0.2 0.9 1 1 0.9 0.9 1 1.2 1.3 2.7 5.8 9.5 15 20.7 25.5 30.1 34.2 35.8 35.6 34.7 33.9 32.6 30.5
26.7 25.9 24.2 21.7 19.9 19.5 18.3 17.3 16.3 14.8 13.5 12.4 11.5 11 10.1 9.6 8.7 8.2 7.5 6.9 7 6.3 5.6 4.9 4.2 3.2 3.4 3 2.3 1.7 0.9 0.2 0.4 0.6 0.6 0.6 0.7 0.7 0.5 -0.2 0.6 0.6 0.4 0.1 0 0.2 0.2 0.4 0.7 0.5 0.4 0.2 0.2 0.2 0.3 0.7 0.6 0.5 0.2 0.3 0.7 0.7 0.3 0.1 0.9 0.9 0.8 0.7 0.9 1 1.6 3.6 4.9 7.8 12.1 17.4 22.3 25.8 29.1 32.8 35.6 34.8 33.8 32.3 29.9
29 29 26.5 24.2 23.3 22.4 20 19.1 18.4 17.5 16.8 14.5 12.6 13 11.7 11.8 11.2 10.7 10.2 9.3 4.6 8.3 6.9 5.6 4.7 4.5 5.2 4 2.6 1.2 0.1 0 1 1.3 0.4 0.1 0.4 0.6 0.5 -0.5 0 0.7 0.5 0.4 0.2 0 0 0.4 0.8 0.5 0.3 0.2 0.9 1.8 2.7 4.2 5.6 5.7 4.4 2.5 1.6 1.1 0.6 0.2 0.8 0.7 0.7 0.6 0.7 1.5 2.6 2.3 2.2 3.8 8.2 13.7 16.9 21 24.7 28.3 31.9 34 32.7 31.4 29.5
33.1 32.5 29.7 26.8 25 23.7 22 22.1 20.7 18.4 17.2 15.4 14.1 14.6 14.4 13.7 12.9 12.3 12.1 11 9.3 9.2 8.5 6.2 6.2 5.4 4.5 3.2 2.3 1.6 0.3 1.2 1.6 1 1.4 -0.1 -0.3 -0.6 -0.5 -0.4 -0.2 0.2 0.6 0.5 0.3 2 5.8 5.7 4.8 3.4 5 5.3 4.5 6.1 7.3 8.4 7.8 7.5 6.4 5.3 3.8 2.4 1.4 0.8 0.6 0.5 0.5 0.4 1.2 2.3 2.9 2.3 1.6 2.4 4.9 8.6 11.3 15.4 19.7 23.2 26.9 30.4 31.2 30 29.2
37.8 35.8 32.6 29.6 27.3 25.7 25.7 24.9 20.9 16.2 14.9 12.6 10 10.2 10.4 10 8.8 5.6 4.4 4.3 4.4 7.6 7.5 7.1 6.1 5.1 5.1 1.4 1.2 1 0.7 0.6 0.4 0.2 0.2 0.9 -0.3 -0.5 -0.4 -0.4 -0.3 0 0.3 0.5 0.4 7.1 8.7 8.6 7.7 7.1 7.7 8.5 8.1 9.2 10.6 10.3 9.6 8.6 7.4 6.1 5.1 3.9 2.6 1.5 0.5 0.5 0.5 0.6 1 1.4 1.8 1.3 1.4 3.4 5 6.9 7.6 10.8 14.7 18.4 22.2 26 27.3 29.1 29.3
43.6 39.8 35.9 32.7 30 29.6 30.1 27.3 19.9 11.7 10.4 8.2 6.8 6 5.3 3.8 3.4 2.5 2.1 1.7 1.5 1.5 2.4 1.8 1.7 1.6 1 0.5 0.4 0.4 1.2 0.9 0.6 0.6 0.6 0.4 0 -0.4 -0.4 -0.3 -0.2 -0.1 0.2 0.4 2.9 9.7 10.9 11.4 11 10.4 10.9 11.5 11.2 12.3 12.2 11.8 10.8 9.5 8.2 7 5.9 4.9 3.5 2 0.7 1.3 1.3 0.8 1.1 1 1.3 1.6 2.2 5.8 8.1 8.5 9.5 11.2 12.7 15.6 19 22.5 25.9 30 32.8
47 43.8 39.9 36 34.7 34.9 32.4 24.3 16.2 11.4 8.3 7.4 5.9 4.8 4.5 3.8 3.2 2.8 2.4 2 1.7 1.5 2.1 0.8 0.6 1.3 0.8 0.5 0.4 0.3 1.2 0.6 0 0.2 1 0.7 0.3 -0.1 -0.3 -0.3 -0.2 -0.1 0.1 0.2 6.4 10.4 11.9 12.9 13.3 13.7 14.2 14.5 14 14.2 13.9 13 11.7 10.4 9.1 7.9 6.5 4.9 3.3 1.7 0.9 0.9 1 1.1 1.8 1.9 2.3 2.1 3.5 6.9 9.4 9.7 11.4 13.3 15 17.1 20.3 24.5 28.3 31.9 35.2
50.6 45.5 43.1 40.7 39.1 36.9 29.5 20.5 14.8 14.5 12.1 8.7 7.1 5.6 5 5.3 5.6 5.2 4.8 2.9 2.1 1.9 1 0.8 0.4 0.7 0.7 0.5 0.3 0.4 0.6 0.7 0.3 -0.2 0.9 1 0.6 0.3 -0.1 -0.2 -0.1 0 0.1 3.5 6.3 9.2 10.8 12.2 14.3 15.5 15.9 16 16 15.4 14.6 13.5 12.2 10.9 9.5 8.2 6.7 5 3.2 1.5 1.2 1.2 1.4 1.7 3.3 3.8 5.5 4.6 3.5 5.6 7.2 8.8 12.8 15 17.5 19.9 24.2 28.6 32.4 35 37.2
52.7 48.4 45 42.8 40.9 36.2 27.1 18.8 19 17.9 14.3 10.7 9.6 9.2 8.4 7.8 8.2 7.4 5.5 3.7 2.3 0.7 0.7 0.6 0.6 0.8 0.9 1.3 1.6 0.5 0.8 0 0.8 0.4 0.5 0.8 0.7 0.6 0.2 -0.1 0 0 0.4 2.1 4.1 5.8 7.6 10 13.7 15.9 17.1 17.2 16.8 16 15.1 13.9 12.5 11 9.6 8.5 6.8 4.9 3.1 2.1 1.8 1.5 1.6 2.6 4.9 6.1 6 6.2 5.9 5.1 6 9.6 14 16.9 19.4 23.6 28.2 32.6 36.3 38.3 38.3
56.3 50.8 45.1 39.1 36.1 31.8 25.3 23.2 22.8 19.8 17.1 14.1 12.2 10.8 11.5 11.2 10.9 8.1 6.2 4.4 4.5 0.9 0.8 0.7 0.7 0.8 0.9 0.8 0.8 0.7 1.1 1.2 0.8 0.7 0.2 0.3 0.5 0.4 0.3 0.1 0 0.6 1.3 1.8 2.4 2.9 5.1 7.2 10.9 14.7 17.6 17.8 17.1 15.9 14.8 13.5 12.1 10.7 9.8 8.9 7 5 3.4 3 2.7 2.4 2.1 2.3 4.9 6.5 6.9 7.3 6.9 5.2 7.9 11.8 15.6 18.8 21.3 26.6 31.8 36.4 38.5 38.2 39.2
66 57.9 51.4 43.6 35.8 29.8 28.5 29.1 25.3 21.9 21 17.4 15 14.1 14.1 13.9 13.6 11.5 8.1 6 3.3 1.3 0.9 0.8 0.7 0.8 0.9 0.8 0.6 -0.1 1.1 0.6 0.6 0.3 0.2 0.3 0.3 1.3 2.5 2.9 2.2 2.1 2.8 3.3 3.6 3.6 4.7 6.1 8.7 13.2 16.4 17.8 16.9 15.6 14.5 13.2 11.8 11.1 10.4 9.1 7.1 5.5 4.7 4.1 3.7 3.2 2.9 2.8 4.4 6.1 7.2 8.5 7.9 5.2 9.3 13.7 17.2 20.7 23.9 29.7 35.5 38.6 38.3 38.1 38.3
85.1 75.2 63.8 54 46.5 39.4 36 33.1 28.5 26.5 23.7 19.7 17.4 16.8 15.9 15 13.1 12.9 9.1 4.1 2.8 1.5 1.3 0.9 0.8 0.8 0.9 0.1 0.1 0.3 0.3 1.1 1.4 1 0.6 0.3 1.6 5.9 7.9 7 5.8 4.5 4.2 4.4 4.6 4.9 7 7.8 7.3 9.9 14.1 17.5 16.7 15.4 14.1 13.1 12.4 11.7 11.1 9.2 7.6 6.7 5.9 5.3 4.9 4.4 3.9 3.5 4.1 5.9 7.2 9.6 7.8 5.7 9.2 14.5 18.4 22.3 27 32.7 37.9 39.1 37.9 37.9 37.5
93.3 85.9 79.8 68 58.6 52.8 46.8 41.5 35.6 31.5 27.8 23 22.1 18.8 14.7 10.9 7.8 7.3 6 3.5 1.8 2.2 1.7 1 0.7 0.8 0.2 0.1 0.3 0.5 1 0.9 1.5 1.2 1 0.9 4.4 10.9 11.9 11.2 7.6 6.4 5.8 5.8 5.9 6.4 8.8 9.7 8.4 9.6 13.5 17.7 17.5 16.1 14.6 13.7 13.1 12.4 11.3 9.7 8.8 8 7.1 6.5 6.1 5.6 5.2 4.6 4.5 5.7 7.9 10.1 9.8 7.3 10.5 15.3 19.2 22.4 28.1 31.5 35.1 38.4 37.1 38.7 38.4
94.2 88.6 83.7 76.5 69.8 64 54.8 47.5 45.3 39.7 33.9 28 27.7 22.2 18.3 13.2 8.6 5.2 3.9 2 2.1 1.9 1.4 0.9 0.5 0.7 0.7 0.6 0.5 1.2 6.1 8 4.6 1.8 1.5 1.8 3.3 13.4 15.6 14.7 10.6 8.7 7.8 7.5 7.3 8.1 10.7 14.8 13.2 10.7 13.2 17.6 21.1 19.1 16.8 14.8 13.7 13 11.7 10.9 10 9.2 8.3 7.7 7.3 6.8 6.3 5.6 5.5 6.3 8.7 10.9 11.6 9.2 10.8 16.1 19.8 21.4 25.1 28.2 31 34.1 37.4 39 39.2
90.3 87.1 83.7 79.2 74.4 68.7 63.1 57 52 45.1 41.7 31.5 31.5 26 20.6 16 11.5 3 1.5 1.5 1.8 1.5 1 0.7 0.4 0.6 0.5 0.4 0.2 6.3 12 11.2 7.7 3.9 2.4 2.2 6.3 17.1 19.1 17.2 14.4 12.5 10.3 8.8 8 9 13.4 17.1 16 13.6 14.3 18.6 23.9 22.7 20 17.2 15.6 13.9 13 12.1 11.3 10.4 9.6 8.9 8.5 8 7.3 6.7 6.5 6.7 8.9 11.4 11.9 10.3 10.3 13.3 17.4 19.6 21 24.1 29.5 34.8 39 40.3 40.2
83.5 81.6 80.6 77.3 72.5 69.1 64.4 59.1 53 47 41.2 35.7 30.4 25.2 18.1 12.9 2.6 1.2 0.1 0.3 0.7 0.9 1.1 0.5 0.2 0.7 0.3 0.3 3.7 11.5 13.5 12.4 8.2 4.6 2.6 2.3 12.5 19.4 21.4 21.6 18.7 16.2 14 12 10.5 10.2 14.2 18.8 20 17.8 18.3 21 26.7 26.4 23.5 20.4 17.7 15.7 15.5 13.6 12.5 11.6 10.8 10.1 9.7 9 8.4 7.7 7.6 7.8 9.3 11.5 12.4 11.2 11.2 11.8 15 15.2 18.4 24.5 29.9 36 40.1 41.5 41.1
73 75.1 73.3 61.8 63.9 61.6 61 58.1 52.1 46 38.3 32.4 26.3 19.7 14.3 2.5 1.1 1.1 0.7 0.5 0.7 0.6 0.6 0.4 0.3 0.7 0.1 5.9 13.5 15.1 14.6 12.4 7.9 4.1 2.5 2.4 9.3 15 16.9 20.2 22.4 19.9 17.6 16 14.3 12.4 14.9 18.8 22.7 21.4 23.9 27.1 30.2 29.9 25.9 22.3 20.4 18.8 18.1 16.8 14.8 12.9 12 11.4 10.7 10.1 9.4 8.7 8.7 8.9 9.8 10.5 11.3 11.4 11 11 11.7 13.2 18.1 23.8 29 34.7 39.7 41.6 41
59.1 63 64.5 65.9 64.6 58.8 58.4 54.3 49.2 44.3 35.7 28.7 20.5 13.1 2.5 0.9 1 0.9 0.6 0.4 0.3 0.3 0.4 0.8 0.4 5.5 10 14 17.1 16.7 14.1 10.8 5.1 2.6 1.7 3.2 8.9 13.9 17.7 21.9 24.4 23.3 21.5 19.8 18.2 16.6 14.4 15.8 20 23.4 25.9 32.5 32.9 31 27.6 24.5 22.1 21.3 21.5 20 18 16 14.1 12.4 11.7 11 10.9 9.9 10.1 10 10.1 10.8 11.3 11.3 11.2 11.6 12 13.7 16.3 23.6 27.8 32.9 37.4 40.7 40.1
43.1 49.3 53.2 55.2 55.4 54.4 51.9 50 46.1 39.7 33.1 26 15.4 3.1 0.4 0.6 0.8 0.9 0.9 0.6 0.3 0.2 0.3 3 10.2 13.4 16.4 18.4 18.6 16.7 13 7.4 1.5 1.2 4.8 9.9 14.9 19.5 23 26 28.5 27.4 26.1 24.3 22.7 20.5 17.4 18.2 20.6 21.9 24 31.7 34.7 33 30.3 27.5 25 22.7 22.8 21.8 19.8 17.8 15.6 13.7 14 13.1 12.1 11.1 11.4 11.8 12.1 12.8 13 12.8 13.2 13.5 13.6 14.2 15.6 19.9 25.7 30.1 34.6 38.9 39.5
30.2 30.9 36 28.6 32.6 43.9 45.2 44.3 40.1 35.1 28.7 21.5 11.4 1.8 0.9 0.6 0.6 0.8 0.8 0.9 0.7 0.4 7.7 14.2 19.5 22 22.3 22.7 20.4 16.4 9.1 1.6 2 6.5 11.4 16.7 20.9 25 28.6 31.4 32.3 32.1 31.1 29.2 27.2 24.1 21.9 25.3 26 24.9 25.6 31.9 35.4 34.5 31.9 31.2 28.4 24.4 23.5 22.7 22.4 20.9 17.1 14.7 14.7 14.1 13.2 12.3 12.5 13 14.8 16 16.6 15.5 15.2 15.8 15.5 16.2 16.8 17.8 22.8 27.3 31.7 36.7 40.5
28.4 24.7 22.5 23.6 31.2 32 35 35.5 33.2 24.7 22.9 14.9 5.3 0.6 0.9 0.9 0.8 0.6 0.9 3.4 7.8 15.6 21.6 25.6 28.6 29.7 28.6 26 22.1 16.5 6.3 2.4 8.1 15.1 20 24.6 28.1 31.3 34.1 37.2 38.3 40.7 40.1 37.1 33 29.9 28.7 31.2 31.5 27.9 29.5 36.8 38.7 37.8 38 35.6 30.4 27.4 27.4 27.7 26.6 22.3 18.4 16.3 15.3 14.7 14.1 13.2 13.2 14.1 16.1 18 19.2 18.4 17.5 18.2 18.4 18.6 19.2 19 20.6 25.1 30.6 36.1 38.6
31.3 24.6 21.7 18.5 16.7 17.2 22.6 25.5 22.5 17.9 16.3 8.8 1.3 0.6 0.7 0.8 0.9 1.7 7 12.7 19.4 24.8 28.9 32.5 33.7 34.2 32 28 22.6 16.3 6.8 6.5 11.9 23.3 28.5 32.7 36.3 39.6 42.7 45.8 48.4 49.5 49.6 48.4 44.3 38.4 35.8 35.7 35.4 32.8 31.8 38.9 42.3 42.5 43.1 37.3 31.7 32.3 33.2 30.3 26.9 22.9 19.8 18 18.2 18.2 17.2 16.8 17.1 15.8 17.3 19.2 20.3 20.1 20.2 20.4 20.6 21.1 21.1 21.2 22.1 24.7 30.1 34.5 34.8
30.2 25.6 21.6 18.3 15.2 12 9 12 15.4 12.9 9.7 5.4 1.4 0.5 0.7 0.6 1.1 3.5 11.4 19.5 26.1 31.5 35.3 35.5 36.1 35.6 32.4 28.1 22.7 16.6 7.6 8.3 19.6 27.6 33.4 39.5 43.7 48 51.1 54.5 57.3 58.5 59.3 58.5 57.3 56.6 53 44 40.1 37.6 36.4 39.9 44.4 45.3 42.7 37.2 35.4 38.6 36.3 31.2 27.1 23.7 20.7 20 20 21.2 22 21.6 21.2 21.1 22.6 22.3 23.7 23.5 23.1 23.5 24.1 24.8 25.2 25.3 24.7 25.9 28.8 30.6 22.5
29.7 26.9 25.2 22.1 19.7 14.5 8.9 6.9 8.5 13.9 7.7 3.9 1.6 1.7 0.9 0.7 0.6 2.9 10.6 19 26.9 33.1 36.7 37.6 36.9 34.5 31.2 27.2 22.6 16.2 8.8 9.6 20.7 28.5 35.8 42.4 48.4 53.7 58.8 62.5 65.5 67 68 69.2 69.5 69.1 67.2 59.2 48 48.5 43.4 43.4 47.9 46.7 42.6 40.1 41 41.2 36.2 31.1 27.3 24.5 23.1 22.7 22.3 22.6 23.8 25.5 26.5 28.6 29 28.6 28.5 28 27.8 27.9 27.8 29 30 29.6 27.9 27.6 29.2 16.8 1
27.4 25.9 24.5 23.1 21.1 17 11 5 5.1 6.3 6.9 2.5 1 1.9 0.7 0.4 0.5 1 4.5 11.9 22.3 30.7 34 34.6 33.5 31.1 28.4 25.2 21.1 16.5 9.4 11.9 17.5 28 35.6 41.9 47.4 54.1 59.9 65.5 70.6 74.3 76.9 78.5 79.8 79.4 78.4 76.8 73.4 67.4 61.1 53.8 50.9 50.3 47.1 44.9 44.1 41.8 36.3 32 29.3 27.7 26.2 26.5 26.9 26.5 25.1 26.6 28.3 30.4 31.1 31.4 31.2 31.4 30.9 30.4 28.9 29.2 31.2 30 28.5 20.7 5.4 0.4 -1.2
25.4 23.5 22 21.2 20 17.1 8.6 4.9 3.8 3 4.1 2 1.5 1.6 1.1 0.3 0.4 3 6.5 10.5 14.2 23 30.2 30.6 29.2 26.7 24.1 21.2 18.2 13.2 10.1 7.8 11.7 21.8 31.8 39 44.6 50.6 56.4 62.4 68.2 73.9 79.8 84.6 87.8 88.5 88 87 84.6 79.9 75.3 66.7 60 57.9 53.6 51.7 49 44.1 39.1 35.1 32.2 30.2 30.6 31.4 32.7 31.4 29 26.9 27.8 28.6 31 31.4 31.6 30.7 29.9 29.3 28.9 28.7 28.9 27.5 25.1 1.7 0.4 -1.2 -1.2
