Game/Highland_Data/StreamingAssets/GeoData/Data/nx/NX06.asc
ncols 200
nrows 200
xllcorner 200000
yllcorner 560000
cellsize 50
[rows 0 to 37 of 200, columns 84 to 167 of 200]
-1.2 -1.2 -1.2 -1.2 -1.2 -1.2 -1.2 -1.2 -1.2 -1.2 -1.2 -1.2 -1.2 -1.2 -1.2 -1.2 -1.2 -1.2 -1.2 -1.2 -1.2 -1.2 -1.2 -1.2 -1.2 -1.2 -1.2 -1.2 -1.2 -1.2 -1.2 -1.2 -1.2 4.7 5.4 11.6 32.7 53.4 69.3 89.2 104.1 109.6 119.1 140 149.8 156.2 161.2 165.1 165.1 160.8 157 153.3 147.3 140.6 134.9 131.5 130.1 127.4 121.7 105.8 128.7 153.4 167.3 174.5 178.4 182.3 186.6 190.5 192.3 195.3 197.6 200.1 201.5 202.7 203.9 205.4 206 209.1 211.2 211 211.6 210.8 210.2 210.1
-1.2 -1.2 -1.2 -1.2 -1.2 -1.2 -1.2 -1.2 -1.2 -1.2 -1.2 -1.2 -1.2 -1.2 -1.2 -1.2 -1.2 -1.2 -1.2 -1.2 -1.2 -1.2 -1.2 -1.2 -1.2 -1.2 -1.2 -1.2 -1.2 -1.2 -1.2 -1.2 -1.2 4.7 5.6 6.8 27.6 47 64.6 84.9 98 103.2 110.6 131.7 144.5 152.7 156.7 160.1 159.2 155.6 151.7 147.1 140.1 132.6 127.6 125 122.3 119.9 116.3 96.6 124.3 150.1 167 174.1 177.6 182.9 187 190.9 193 195.8 198.4 200.9 202.1 203.3 205.5 207.7 207.8 210.4 211 211.1 210.6 210 209.4 208.8
-1.2 -1.2 -1.2 -1.2 -1.2 -1.2 -1.2 -1.2 -1.2 -1.2 -1.2 -1.2 -1.2 -1.2 -1.2 -1.2 -1.2 -1.2 -1.2 -1.2 -1.2 -1.2 -1.2 -1.2 -1.2 -1.2 -1.2 -1.2 -1.2 -1.2 -1.2 -1.2 -1.2 -1.2 5.2 5.7 19.2 43.5 59.8 77 89.6 94.2 101.3 129.3 141.9 148.9 152 155.5 155.2 151.2 144.7 139 130.8 123.8 117.9 113.1 110.2 105.2 95.4 100.1 128.9 152.7 165.5 171.3 178.4 183.9 187.7 190.6 193.1 195.9 199.2 201.4 203.3 205.4 207.7 209.1 210.1 210.5 210.9 210.5 209.7 209 208.4 207.9
-1.2 -1.2 -1.2 -1.2 -1.2 -1.2 -1.2 -1.2 -1.2 -1.2 -1.2 -1.2 -1.2 -1.2 -1.2 -1.2 -1.2 -1.2 -1.2 -1.2 -1.2 -1.2 -1.2 -1.2 -1.2 -1.2 -1.2 -1.2 -1.2 -1.2 -1.2 -1.2 -1.2 4.4 5.1 5.7 14.1 43.2 55.5 67.5 80.3 85.2 100.5 124.5 135.3 141.6 145.8 148.7 150.1 145 138.7 126.1 119.5 111.9 105.5 98.5 89.8 82.1 102.1 118.1 138.7 154.6 166.6 174.7 180.1 185.3 188.4 191.2 194.2 196.3 198.8 201.9 204.8 206.5 209.3 210 210.4 210.8 210.7 209.7 208.8 208 207.4 206.9
-1.2 -1.2 -1.2 -1.2 -1.2 -1.2 -1.2 -1.2 -1.2 -1.2 -1.2 -1.2 -1.2 -1.2 -1.2 -1.2 -1.2 -1.2 -1.2 -1.2 -1.2 -1.2 -1.2 -1.2 -1.2 -1.2 -1.2 -1.2 -1.2 -1.2 -1.2 -1.2 -1.2 4.6 5.3 5.9 12.9 42.5 52.4 61.4 70.7 77.7 94.2 112.8 127.4 133.4 138.8 142.6 142.4 137.8 128.9 111.7 101.3 95.1 85.2 75 83.7 102.8 121.9 138.6 151.2 161.7 169.9 176.1 182.7 186.9 189.1 192.9 194.8 196.6 200.7 203.2 206.5 208.9 210 210.5 210.8 210.7 210.3 209.5 208.4 207.3 206.4 205.8
-1.2 -1.2 -1.2 -1.2 -1.2 -1.2 -1.2 -1.2 -1.2 -1.2 -1.2 -1.2 -1.2 -1.2 -1.2 -1.2 -1.2 -1.2 -1.2 -1.2 -1.2 -1.2 -1.2 -1.2 -1.2 -1.2 -1.2 -1.2 -1.2 -1.2 -1.2 -1.2 -1.2 4.7 5.2 5.7 11 30.4 48.4 56.8 67.4 73.6 84.9 101.6 117.1 125.3 131.3 135.1 135 129.6 113.6 92.8 81.6 69.8 68.2 88.1 104.1 117.5 132 145.6 156.8 165.9 173.3 178.7 184 187.8 190.6 193.6 195.1 197.6 201.7 204.3 206.1 207.8 209.9 210.9 210.6 210.4 209.6 208.5 207.4 206.2 205 204.1
-1.2 -1.2 -1.2 -1.2 -1.2 -1.2 -1.2 -1.2 -1.2 -1.2 -1.2 -1.2 -1.2 -1.2 -1.2 -1.2 -1.2 -1.2 -1.2 -1.2 -1.2 -1.2 -1.2 -1.2 -1.2 -1.2 -1.2 -1.2 -1.2 -1.2 -1.2 -1.2 -1.2 4.7 5.5 6.3 9.7 25.4 43.7 53.5 61.3 64.8 74.5 89.5 104.8 116.2 124.1 131.7 128.7 119 99.8 80 64.1 69.1 87.3 101.3 110.7 120.6 136.9 151.6 162.3 170.1 176.6 181.8 185.4 188.9 191.3 193.7 195.8 199.4 201.9 204.2 206 207.7 209.6 210.2 210.1 209.7 208.7 207.3 206 204.8 203.6 202.4
-1.2 -1.2 -1.2 -1.2 -1.2 -1.2 -1.2 -1.2 -1.2 -1.2 -1.2 -1.2 -1.2 -1.2 -1.2 -1.2 -1.2 -1.2 -1.2 -1.2 -1.2 -1.2 -1.2 -1.2 -1.2 -1.2 -1.2 -1.2 -1.2 -1.2 -1.2 -1.2 -1.2 -1.2 5.5 6.4 9.2 26 35.7 47.8 54.4 58.8 66.3 78.4 93.6 107.2 119.9 128.2 124.3 111.3 88.8 69.4 60.3 83.4 95.5 102.5 110.6 128.4 145.9 158.4 167.1 172.8 179.3 183.3 186.5 189.5 191.6 193.7 196.9 199.9 202.1 204.1 206.1 207.4 209.4 209.6 209.4 209 207.6 205.8 204.2 203 201.8 200.8
-1.2 -1.2 -1.2 -1.2 -1.2 -1.2 -1.2 -1.2 -1.2 -1.2 -1.2 -1.2 -1.2 -1.2 -1.2 -1.2 -1.2 -1.2 -1.2 -1.2 -1.2 -1.2 -1.2 -1.2 -1.2 -1.2 -1.2 -1.2 -1.2 -1.2 -1.2 -1.2 -1.2 -1.2 5.4 6.7 8.6 17.1 30.4 40.4 48 54.4 61.2 70.4 86.4 100.4 117.8 120.2 113.9 99.1 84.5 59.7 64.7 85.2 93.6 100.2 116 135.4 150.1 161.3 169.7 176.7 181.4 184.8 187.2 189.4 191.6 193.9 196.4 200.2 202.4 204.4 205.6 207.2 208.4 208.8 208.6 207.9 206.4 204.5 202.7 201.1 200 199.1
-1.2 -1.2 -1.2 -1.2 -1.2 -1.2 -1.2 -1.2 -1.2 -1.2 -1.2 -1.2 -1.2 -1.2 -1.2 -1.2 -1.2 -1.2 -1.2 -1.2 -1.2 -1.2 -1.2 -1.2 -1.2 -1.2 -1.2 -1.2 -1.2 -1.2 -1.2 -1.2 -1.2 -1.2 -1.2 7.2 8 12.8 24.2 35.9 41.6 48.5 57.4 69.4 79.5 90.9 108.8 110.3 100.4 90.3 84.7 65.1 53.3 75.5 91.9 102 122.1 140.1 154.2 164.3 172.6 178.5 182.8 185.7 187.7 189.7 192.3 194.9 197.8 200.6 202.8 204.2 205.1 206 207.1 207.9 207.7 206.4 205.1 203.4 201.5 199.3 197.7 197.2
-1.2 -1.2 -1.2 -1.2 -1.2 -1.2 -1.2 -1.2 -1.2 -1.2 -1.2 -1.2 -1.2 -1.2 -1.2 -1.2 -1.2 -1.2 -1.2 -1.2 -1.2 -1.2 -1.2 -1.2 -1.2 -1.2 -1.2 -1.2 -1.2 -1.2 -1.2 -1.2 -1.2 -1.2 -1.2 -1.2 8.5 9.3 20.5 27.7 34.8 44.5 51 64.9 73.4 83 96.8 98.1 88 83.1 78.2 67.7 45.6 69.4 91.2 105.9 123.2 143.3 156.6 166.6 174.3 180.2 184.2 186.6 188.3 190.9 193.4 196.1 199 201.3 203.2 203.9 204.7 205.4 206.1 206.9 206.5 204.8 203.1 201.5 199.6 196.6 194.2 194.5
-1.2 -1.2 -1.2 -1.2 -1.2 -1.2 -1.2 -1.2 -1.2 -1.2 -1.2 -1.2 -1.2 -1.2 -1.2 -1.2 -1.2 -1.2 -1.2 -1.2 -1.2 -1.2 -1.2 -1.2 -1.2 -1.2 -1.2 -1.2 -1.2 -1.2 -1.2 -1.2 -1.2 -1.2 -1.2 -1.2 -1.2 8.8 11.8 22.4 28.7 38.3 45.2 55.9 65.8 73.9 85 80.6 75.7 73.8 70 60.5 47.3 65.8 88.3 107.1 124.2 143.1 158.6 169.1 175 180.8 185.4 187 189.9 192.6 194.9 197.2 199.6 201.9 203.1 203.8 204.3 205 205.2 205.3 204.4 202.7 201 199.4 197.2 194.2 191.2 191.5
-1.2 -1.2 -1.2 -1.2 -1.2 -1.2 -1.2 -1.2 -1.2 -1.2 -1.2 -1.2 -1.2 -1.2 -1.2 -1.2 -1.2 -1.2 -1.2 -1.2 -1.2 -1.2 -1.2 -1.2 -1.2 -1.2 -1.2 -1.2 -1.2 -1.2 -1.2 -1.2 -1.2 -1.2 -1.2 -1.2 -1.2 -1.2 11.5 15 20.8 31.7 39.1 49.3 56.4 65.4 69.5 66.5 64.5 62.5 49.9 37.3 51.4 69.4 88.2 107.6 124.5 146.7 163.4 168.8 175.7 181.7 185.6 188.6 191.6 194.1 196.6 199.2 201.1 202.2 203.1 203.5 203.7 203.4 203.5 203.5 201.9 200.2 198.5 196.6 194 191.3 188.6 188.6
-1.2 -1.2 -1.2 -1.2 -1.2 -1.2 -1.2 -1.2 -1.2 -1.2 -1.2 -1.2 -1.2 -1.2 -1.2 -1.2 -1.2 -1.2 -1.2 -1.2 -1.2 -1.2 -1.2 -1.2 -1.2 -1.2 -1.2 -1.2 -1.2 -1.2 -1.2 -1.2 -1.2 -1.2 -1.2 -1.2 -1.2 -1.2 -1.2 11.5 16.7 24.9 32 42.3 49.2 56.9 57.4 55.7 53.6 53.4 36.4 38 56.8 74.6 93.9 111.9 128.8 149.9 164.1 172.6 180 183.9 187.6 190.3 193.3 195.9 198.6 201 202.7 202.6 203.3 203.1 202.9 202.4 202 201 199.3 197.6 195.9 193.3 190.6 188.1 185.9 185.9
-1.2 -1.2 -1.2 -1.2 -1.2 -1.2 -1.2 -1.2 -1.2 -1.2 -1.2 -1.2 -1.2 -1.2 -1.2 -1.2 -1.2 -1.2 -1.2 -1.2 -1.2 -1.2 -1.2 -1.2 -1.2 -1.2 -1.2 -1.2 -1.2 -1.2 -1.2 -1.2 -1.2 -1.2 -1.2 -1.2 -1.2 -1.2 -1.2 -1.2 12.9 19.3 26 36.2 45.4 50.4 51.8 44.9 41.4 34.4 29.4 46.6 64.7 84.8 102.2 118.1 133.1 151.3 167.2 175.2 181.6 186 189.7 192.5 195.2 197.7 200.3 202.5 203.6 203.3 202.7 202.1 201.3 200.4 199.8 198.4 196.5 194.3 192.4 189.6 187.1 184.8 182.7 182.5
-1.2 -1.2 -1.2 -1.2 -1.2 -1.2 -1.2 -1.2 -1.2 -1.2 -1.2 -1.2 -1.2 -1.2 -1.2 -1.2 -1.2 -1.2 -1.2 -1.2 -1.2 -1.2 -1.2 -1.2 -1.2 -1.2 -1.2 -1.2 -1.2 -1.2 -1.2 -1.2 -1.2 -1.2 -1.2 -1.2 -1.2 -1.2 -1.2 -1.2 8.5 13.2 21 31 40.2 44.6 43.6 35.6 30 25.6 42.1 61 78.6 94.5 109 129.9 149 158.6 170.9 179.8 182.6 188.7 192.1 194.9 197.4 199.7 201.6 203.4 203.2 202.6 201.6 200.7 199.7 197.8 196.7 194.1 192 189.9 188.7 187.1 183.8 180.5 178 178.1
-1.2 -1.2 -1.2 -1.2 -1.2 -1.2 -1.2 -1.2 -1.2 -1.2 -1.2 -1.2 -1.2 -1.2 -1.2 -1.2 -1.2 -1.2 -1.2 -1.2 -1.2 -1.2 -1.2 -1.2 -1.2 -1.2 -1.2 -1.2 -1.2 -1.2 -1.2 -1.2 -1.2 -1.2 -1.2 -1.2 -1.2 -1.2 -1.2 -1.2 8.1 8.9 16.3 27.7 33.7 37.8 30.8 23.3 34.4 43.5 55 73.6 89.2 103 121.8 143.2 160.6 168.5 175.3 181.9 187.4 191.5 194.3 197 199.5 201.8 203.2 203.2 202.8 202 201.1 199 196.2 194.4 192.9 190.9 187.4 185.4 185.2 183.7 179.9 175.1 173.8 173.5
-1.2 -1.2 -1.2 -1.2 -1.2 -1.2 -1.2 -1.2 -1.2 -1.2 -1.2 -1.2 -1.2 -1.2 -1.2 -1.2 -1.2 -1.2 -1.2 -1.2 -1.2 -1.2 -1.2 -1.2 -1.2 -1.2 -1.2 -1.2 -1.2 -1.2 -1.2 -1.2 -1.2 -1.2 -1.2 -1.2 -1.2 -1.2 -1.2 -1.2 6.9 8.4 10.7 23.1 26 23.6 16 31.2 37.8 48.1 62.5 77.4 91.3 110.6 131.2 149.7 164.6 174.3 181.8 187.3 191.2 193.7 196.3 198.2 200.8 202.9 203.9 203.5 201.6 200.7 199.6 196.8 194.3 192.1 190.6 185.8 182.4 181.7 181.2 179.6 175.3 170.3 170.1 169.3
-1.2 -1.2 -1.2 -1.2 -1.2 -1.2 -1.2 -1.2 -1.2 -1.2 -1.2 -1.2 -1.2 -1.2 -1.2 -1.2 -1.2 -1.2 -1.2 -1.2 -1.2 -1.2 -1.2 -1.2 -1.2 -1.2 -1.2 -1.2 -1.2 -1.2 -1.2 -1.2 -1.2 -1.2 -1.2 -1.2 -1.2 -1.2 -1.2 -1.2 6.1 7.8 9.4 10.5 11 11.2 28.6 35 42 50.8 62.1 79.4 96.3 118.1 137.4 150.5 169.5 182.3 190 193 193.2 196.3 198 200.1 202.1 203.3 203.8 203.2 201.5 199.8 197.8 195 192.4 190.1 185.1 183.1 177.9 176.8 177.6 176.2 170.4 165.6 165.4 165.5
-1.2 -1.2 -1.2 -1.2 -1.2 -1.2 -1.2 -1.2 -1.2 -1.2 -1.2 -1.2 -1.2 -1.2 -1.2 -1.2 -1.2 -1.2 -1.2 -1.2 -1.2 -1.2 -1.2 -1.2 -1.2 -1.2 -1.2 -1.2 -1.2 -1.2 -1.2 -1.2 -1.2 -1.2 -1.2 -1.2 -1.2 -1.2 -1.2 -1.2 5.1 6 8 7.3 12.3 25.8 33.1 36.1 42.9 51.8 61.8 81.3 98.9 121.4 142.6 160.5 178.3 190.2 195.1 195.3 194.6 197.4 198.8 199.3 202 203.5 204.1 202.7 200.3 198.1 195.2 191.7 189.5 187.6 185.5 180.3 175.6 172.3 173.7 170 164.6 162.4 162.3 166.8
-1.2 -1.2 -1.2 -1.2 -1.2 -1.2 -1.2 -1.2 -1.2 -1.2 -1.2 -1.2 -1.2 -1.2 -1.2 -1.2 -1.2 -1.2 -1.2 -1.2 -1.2 -1.2 -1.2 -1.2 -1.2 -1.2 -1.2 -1.2 -1.2 -1.2 -1.2 -1.2 -1.2 -1.2 -1.2 -1.2 -1.2 -1.2 -1.2 3.1 4.1 3.8 6.2 8.6 18 29.6 31.3 34.9 42.2 49.8 62.9 81.7 101.7 127 151 168.4 183.3 194.9 198.3 194.5 193.1 197.1 197.1 199.1 201.2 202.8 203.9 203.3 200.9 194.9 192.3 188.7 186.7 184.2 183.2 179.2 173.1 168.6 169.6 163.5 161.1 161.3 166 170
-1.2 -1.2 -1.2 -1.2 -1.2 -1.2 -1.2 -1.2 -1.2 -1.2 -1.2 -1.2 -1.2 -1.2 -1.2 -1.2 -1.2 -1.2 -1.2 -1.2 -1.2 -1.2 -1.2 -1.2 -1.2 -1.2 -1.2 -1.2 -1.2 -1.2 -1.2 -1.2 -1.2 -1.2 -1.2 -1.2 -1.2 -1.2 -1.2 3.6 4.4 5.5 6.3 6.8 11 22.2 28.4 32.2 40.2 48.9 63.5 82.9 104.9 132.1 153.4 172.3 188.6 196.8 196.3 191.8 192 194.3 194.2 198.7 200.5 201.3 202.5 200.7 196.6 192.5 189.2 186.4 183.4 180.6 179.1 175.8 171.1 163.3 163 161.1 158.2 160.1 169.9 173.2
-1.2 -1.2 -1.2 -1.2 -1.2 -1.2 -1.2 -1.2 -1.2 -1.2 -1.2 -1.2 -1.2 -1.2 -1.2 -1.2 -1.2 -1.2 -1.2 -1.2 -1.2 -1.2 -1.2 -1.2 -1.2 -1.2 -1.2 -1.2 -1.2 -1.2 -1.2 -1.2 -1.2 -1.2 -1.2 -1.2 -1.2 -1.2 -1.2 3.6 4.6 5.4 6.3 6.3 6.6 12.7 22.9 33.3 39.4 47.9 64 83.1 109.3 131.4 155.9 174.7 190.6 193.6 191 188.4 188.8 190.1 192.2 197.5 198.6 198 199.1 197 192.7 188.5 185.8 182.8 179.5 177 175.5 172.2 165.8 159.3 158.7 154 155.4 165.8 170 172
-1.2 -1.2 -1.2 -1.2 -1.2 -1.2 -1.2 -1.2 -1.2 -1.2 -1.2 -1.2 -1.2 -1.2 -1.2 -1.2 -1.2 -1.2 -1.2 -1.2 -1.2 -1.2 -1.2 -1.2 -1.2 -1.2 -1.2 -1.2 -1.2 -1.2 -1.2 -1.2 -1.2 -1.2 -1.2 -1.2 -1.2 -1.2 -1.2 3.6 4.2 5.2 6 6.1 6 5.2 19.1 30.3 38.6 46.5 61.1 87.7 94.8 122.9 147.3 167.9 180 185.4 184.7 182 181.4 185.4 188.2 193.6 194.7 194.8 194.2 191.8 188 184.2 182.4 179.7 176.2 173.1 171.2 167.1 160.4 156.1 153.9 154.3 162.6 166.4 169 170.9
-1.2 -1.2 -1.2 -1.2 -1.2 -1.2 -1.2 -1.2 -1.2 -1.2 -1.2 -1.2 -1.2 -1.2 -1.2 -1.2 -1.2 -1.2 -1.2 -1.2 -1.2 -1.2 -1.2 -1.2 -1.2 -1.2 -1.2 -1.2 -1.2 -1.2 -1.2 -1.2 -1.2 -1.2 -1.2 -1.2 -1.2 -1.2 3.1 3.4 4.1 4.7 5.3 5.5 5.5 4.9 16.5 27.4 36.1 44.3 56.5 75.7 95.4 111.4 131.5 149 165.5 175.7 175.8 175 174.2 179 183.6 186 188.8 189.1 189.5 186.7 183.9 180.4 179 175.2 171.5 168.5 166.3 161.6 154.9 150.8 149.3 160 162.9 166.7 168 170.2
-1.2 -1.2 -1.2 -1.2 -1.2 -1.2 -1.2 -1.2 -1.2 -1.2 -1.2 -1.2 -1.2 -1.2 -1.2 -1.2 -1.2 -1.2 -1.2 -1.2 -1.2 -1.2 -1.2 -1.2 -1.2 -1.2 -1.2 -1.2 -1.2 -1.2 -1.2 -1.2 -1.2 -1.2 -1.2 -1.2 -1.2 -1.2 3.1 3.3 3.4 4.1 4.5 4.7 4.8 5.3 14.2 25.8 35.3 42.9 51.7 62.1 77.1 90.8 108.4 130 148.3 161.1 165.9 165.6 171.9 174.2 177.7 181.3 183.5 184.3 184.4 182.5 179.6 177.3 174.5 170.6 166.7 163.5 161.2 156.1 149.4 146 155.1 159.4 162.6 165.7 165.4 168.9
-1.2 -1.2 -1.2 -1.2 -1.2 -1.2 -1.2 -1.2 -1.2 -1.2 -1.2 -1.2 -1.2 -1.2 -1.2 -1.2 -1.2 -1.2 -1.2 -1.2 -1.2 -1.2 -1.2 -1.2 -1.2 -1.2 -1.2 -1.2 -1.2 -1.2 -1.2 -1.2 -1.2 -1.2 -1.2 -1.2 -1.2 -1.2 2.6 2.8 3.3 3.6 3.7 3.9 4.2 4.9 10.7 23.9 33.8 41 49.3 55.6 65.3 79.3 92.3 110.8 127.4 142 151 156 164.6 165.5 171.9 176.5 179.4 180.8 180.1 178 175.6 173.6 171.8 168.2 163.7 158.9 156 150.6 145.3 142.6 151.7 156.9 160.2 161.4 164.4 169.7
-1.2 -1.2 -1.2 -1.2 -1.2 -1.2 -1.2 -1.2 -1.2 -1.2 -1.2 -1.2 -1.2 -1.2 -1.2 -1.2 -1.2 -1.2 -1.2 -1.2 -1.2 -1.2 -1.2 -1.2 -1.2 -1.2 -1.2 -1.2 -1.2 -1.2 -1.2 -1.2 -1.2 -1.2 -1.2 -1.2 -1.2 -1.2 2.2 2.9 3.1 2.9 2.9 3.2 3.7 4.6 7.3 21.6 31.8 39.3 47.2 53.8 60 69.8 81.2 93.7 107.2 120 131.5 142 158 159.7 167.2 172.1 173.5 175.4 175.7 173.3 171.2 169.9 168.2 164.4 159.1 154.1 150.6 145.3 140.2 146.6 153.6 158.4 163 163.3 168.6 171.5
-1.2 -1.2 -1.2 -1.2 -1.2 -1.2 -1.2 -1.2 -1.2 -1.2 -1.2 -1.2 -1.2 -1.2 -1.2 -1.2 -1.2 -1.2 -1.2 -1.2 -1.2 -1.2 -1.2 -1.2 -1.2 -1.2 -1.2 -1.2 -1.2 -1.2 -1.2 -1.2 -1.2 -1.2 -1.2 -1.2 -1.2 -1.2 -1.2 -1.2 -1.2 2.4 2.7 2.7 3.1 4.1 5.9 17.8 30.1 37.5 44.2 52.5 57.5 60 67.7 78.6 89 102.7 117.8 133.2 147.6 155.9 161.4 165.9 169 169.3 169.6 169.3 166.9 165.6 164.2 160.4 153.4 147.3 145.4 141.5 139.2 147.3 154.8 159.2 161.9 166.8 171.9 174.8
-0.8 -1 -1.2 -1.2 -1.2 -1.2 -1.2 -1.2 -1.2 -1.2 -1.2 -1.2 -1.2 -1.2 -1.2 -1.2 -1.2 -1.2 -1.2 -1.2 -1.2 -1.2 -1.2 -1.2 -1.2 -1.2 -1.2 -1.2 -1.2 -1.2 -1.2 -1.2 -1.2 -1.2 -1.2 -1.2 -1.2 -1.2 -1.2 -1.2 -1.2 -1.2 -1.2 -1.2 -1.2 3.2 5 9.2 25.4 32.9 37 43.6 49.3 51 55.7 66.7 76.9 90.5 107.9 125.2 136.4 149.9 154.5 159.2 164.1 166 165.7 163.4 161.9 160.3 158.9 154 145.1 141.8 140.4 135.5 136.3 147.6 155.4 159 164.3 169.9 174.6 177.7
-0.6 -0.8 -1.2 -1.2 -1.2 -1.2 -1.2 -1.2 -1.2 -1.2 -1.2 -1.2 -1.2 -1.2 -1.2 -1.2 -1.2 -1.2 -1.2 -1.2 -1.2 -1.2 -1.2 -1.2 -1.2 -1.2 -1.2 -1.2 -1.2 -1.2 -1.2 -1.2 -1.2 -1.2 -1.2 -1.2 -1.2 -1.2 -1.2 -1.2 -1.2 -1.2 -1.2 -1.2 -1.2 -1.2 -1.2 4.9 16.9 27.3 30.8 36.4 41.2 43.8 49 59.2 67.3 84.4 98.6 112.1 128.1 141.3 147.8 154.7 157.3 161.1 161.9 158.2 155.5 154.5 150.8 146.6 139.4 137.2 133.7 132 138.5 149.8 156.6 160.2 165.6 171.6 175.7 178.9
-0.4 -0.6 -0.8 -1.1 -1.2 -1.2 -1.2 -1.2 -1.2 -1.2 -1.2 -1.2 -1.2 -1.2 -1.2 -1.2 -1.2 -1.2 -1.2 -1.2 -1.2 -1.2 -1.2 -1.2 -1.2 -1.2 -1.2 -1.2 -1.2 -1.2 -1.2 -1.2 -1.2 -1.2 -1.2 -1.2 -1.2 -1.2 -1.2 -1.2 -1.2 -1.2 -1.2 -1.2 -1.2 -1.2 -1.2 -1.2 4.7 20.5 27.3 30.2 34.2 37.9 42.1 49.3 59.4 74.8 87.9 102.1 117.4 132.7 142.8 149.7 154.9 153.6 154.9 153.5 151.6 148.2 144.9 140.3 132.9 130.8 127.9 134.3 142.6 151.9 157.2 162.9 168.6 173.9 177.7 181.2
-0.2 -0.4 -0.7 -0.9 -1.2 -1.2 -1.2 -1.2 -1.2 -1.2 -1.2 -1.2 -1.2 -1.2 -1.2 -1.2 -1.2 -1.2 -1.2 -1.2 -1.2 -1.2 -1.2 -1.2 -1.2 -1.2 -1.2 -1.2 -1.2 -1.2 -1.2 -1.2 -1.2 -1.2 -1.2 -1.2 -1.2 -1.2 -1.2 -1.2 -1.2 -1.2 -1.2 -1.2 -1.2 -1.2 -1.2 -1.2 -1.2 7.8 21.9 25.1 29 33 37.7 42.6 50.9 66.1 73.4 89.9 107.3 122.7 135.8 141.7 148.1 149.9 149.3 147.1 145.6 143 138.7 132.4 127.5 120.1 128.5 135.8 147 153.4 159.4 165.3 169.8 175.8 181.3 184.2
0 -0.2 -0.5 -0.8 -1 -1.2 -1.2 -1.2 -1.2 -1.2 -1.2 -1.2 -1.2 -1.2 -1.2 -1.2 -1.2 -1.2 -1.2 -1.2 -1.2 -1.2 -1.2 -1.2 -1.2 -1.2 -1.2 -1.2 -1.2 -1.2 -1.2 -1.2 -1.2 -1.2 -1.2 -1.2 -1.2 -1.2 -1.2 -1.2 -1.2 -1.2 -1.2 -1.2 -1.2 -1.2 -1.2 -1.2 -1.2 -1.2 8 17.4 25.3 28.2 31.8 38.6 47.9 59.6 65.4 79.6 98.8 113.6 127.9 134.7 141.8 144 125.7 120 138.4 131.9 129.9 124.9 120.3 118.4 130.5 139.3 149.9 156.3 163.3 168.2 173.6 179.1 184.4 187.8
0.2 -0.1 -0.3 -0.6 -0.9 -1.2 -1.2 -1.2 -1.2 -1.2 -1.2 -1.2 -1.2 -1.2 -1.2 -1.2 -1.2 -1.2 -1.2 -1.2 -1.2 -1.2 -1.2 -1.2 -1.2 -1.2 -1.2 -1.2 -1.2 -1.2 -1.2 -1.2 -1.2 -1.2 -1.2 -1.2 -1.2 -1.2 -1.2 -1.2 -1.2 -1.2 -1.2 -1.2 -1.2 -1.2 -1.2 -1.2 -1.2 -1.2 -1.2 7.2 13 25.8 30.2 37.8 45.1 53.6 60.4 72.5 89.1 105 118.9 126.6 135.7 139.2 127.7 130 114.7 127.2 123.5 119 108.7 124.5 134 143.2 153.1 159.1 165.3 171 177 181.1 187.1 190.2
0.4 0.1 -0.2 -0.4 -0.7 -1.2 -1.2 -1.2 -1.2 -1.2 -1.2 -1.2 -1.2 -1.2 -1.2 -1.2 -1.2 -1.2 -1.2 -1.2 -1.2 -1.2 -1.2 -1.2 -1.2 -1.2 -1.2 -1.2 -1.2 -1.2 -1.2 -1.2 -1.2 -1.2 -1.2 -1.2 -1.2 -1.2 -1.2 -1.2 -1.2 -1.2 -1.2 -1.2 -1.2 -1.2 -1.2 -1.2 -1.2 -1.2 -1.2 -1.2 5.2 19.1 30.9 35.4 40.2 47.5 54.9 64.6 79.5 93.9 107.3 116.4 125.5 125.1 120.8 110.9 102.1 105.9 116.2 111.7 103.2 130.1 139.4 147.4 154.1 160.3 166.9 173.2 177.9 183.9 186.7 190.1
0.5 0.3 0 -0.4 -0.7 -1 -1.2 -1.2 -1.2 -1.2 -1.2 -1.2 -1.2 -1.2 -1.2 -1.2 -1.2 -1.2 -1.2 -1.2 -1.2 -1.2 -1.2 -1.2 -1.2 -1.2 -1.2 -1.2 -1.2 -1.2 -1.2 -1.2 -1.2 -1.2 -1.2 -1.2 -1.2 -1.2 -1.2 -1.2 -1.2 -1.2 -1.2 -1.2 -1.2 -1.2 -1.2 -1.2 -1.2 -1.2 -1.2 -1.2 -1.2 8.2 22.5 34.2 37.8 43.4 51.9 57.5 71.4 83.4 89.7 97.3 99.6 99 102.5 101.9 92.4 94.2 116.1 105.3 107.1 132 141.2 148.6 154.7 163.1 169.3 175 179.5 185 188.1 191.6
0.7 0.4 0.1 -0.2 -0.7 -1.2 -1.2 -1.2 -1.2 -1.2 -1.2 -1.2 -1.2 -1.2 -1.2 -1.2 -1.2 -1.2 -1.2 -1.2 -1.2 -1.2 -1.2 -1.2 -1.2 -1.2 -1.2 -1.2 -1.2 -1.2 -1.2 -1.2 -1.2 -1.2 -1.2 -1.2 -1.2 -1.2 -1.2 -1.2 -1.2 -1.2 -1.2 -1.2 -1.2 -1.2 -1.2 -1.2 -1.2 -1.2 -1.2 -1.2 -1.2 4.3 15.1 31.4 34.8 38.6 46.5 53.6 61.7 71.2 76.4 77.8 79.9 81.9 84.9 80.6 80.5 99.6 100.1 88.5 117.1 134.5 142.9 150.5 157.9 166.8 172.1 176.9 179.8 184.4 190.3 193.5
