Game/Highland_Data/StreamingAssets/GeoData/Data/nx/NX17.asc
ncols 200
nrows 200
xllcorner 210000
yllcorner 570000
cellsize 50
[rows 70 to 104 of 200, columns 78 to 155 of 200]
256.5 259.2 262.4 262.5 259.9 255.6 250.4 250.7 253.9 256.6 254.8 255.7 257.8 262.1 268.6 273.2 278.9 283.4 289.3 295.2 300.7 302.5 303.1 303.6 304.3 304 302.1 300.3 296.2 290.8 287.2 282.9 278.9 277.2 270.4 266 260.9 256.5 253.7 252.1 249.1 251.6 255.5 258.4 262.3 266.8 270.8 273.3 275.8 277.6 280.2 282.1 283.3 282.6 280.8 279.1 277.5 275.3 271.5 266.2 261.7 257.9 253.6 252 250.1 247.9 244.3 241.2 238.5 236.2 233.8 230.9 227.4 223.2 221.2 215.5 209.5 205.5
256 260.1 262.8 262.8 258.8 252.5 247.5 248.9 251.5 252.5 252.3 254.2 256.6 261 266.6 270.8 276.5 281.7 286.9 291.6 296.5 298.6 298.8 299.2 300.3 299.5 298 296.4 291.9 287.8 284.5 279.2 273 270.3 264.2 261.7 258.6 254 250.5 248.9 248.1 252.7 255.6 258.7 263.1 268 272.7 275.8 278.3 280.5 282.7 284.7 286.7 285.6 283.7 282.6 281.1 278.3 274 268.5 262.4 257.9 254.1 251.8 249.4 246.7 243.6 240.6 237.8 235.5 232.7 229.7 225.8 222.4 218.8 213.8 207.5 205.2
256.1 259.6 261.9 260.9 256.4 249.7 245.9 247 249.2 249.3 251 253.2 256.1 260.4 266.3 269.7 274.3 279.1 283.9 288 291.5 294.1 294.8 295.6 296.1 295.1 294.3 292.7 290.3 286.9 283 278.1 269.4 263.1 261.5 259 255.7 252.5 250 247.8 247 251.7 255.4 259.2 264.1 268.5 272.9 276.6 278.8 281.9 284.9 287.4 288.4 287.6 285.9 285.4 283.4 280.2 273.7 268.5 263.6 258.9 254.7 251.7 248.7 245.8 242.8 240 237.1 234.1 231.3 228.4 224.3 219.6 215.5 211.3 208.4 205.9
255.4 258.5 259.9 257.6 253.1 247.4 245.9 242.1 246.1 248.9 250.4 254.2 260 262.9 265.5 269 273.1 276.9 280.5 284.9 289.1 290.1 291.2 292.1 291.6 290.5 290.2 288 287.7 284.6 281.2 275.4 268.9 260.5 258.2 256.8 255.8 254.9 254.4 254.2 246.6 253 256.4 259.8 265 268.7 273.5 276.4 279.1 282.3 285.2 288.1 288.9 288.5 288.3 286 283.4 280.1 276.5 270.9 265.2 259.9 254.9 250.9 247.9 244.6 241.3 238.6 235.6 232.5 229.8 227.1 222.9 218.1 213.8 210.2 207.9 205
255 257.1 256.8 254.1 249.6 245.3 244.4 239.1 246.4 247.5 250 256.9 262 263.4 263.7 266.6 270.1 273.8 278.5 283.3 285.8 285.9 287 287.5 287 286.1 285.4 283.2 283.2 280.9 278 271.8 263.2 258.4 255.4 255.1 254.8 255.3 255.8 254.3 245.5 252.3 256.5 260.7 265 269.1 273.3 276.5 278.5 281.6 284.6 286.4 287.9 288.1 286.8 285.3 282.8 281 277.9 272 265.6 260.5 255.3 251.1 246.9 244 239.7 237.2 233.7 231.2 228.2 225.5 221.3 216.7 212.1 209 206.6 203.6
253.2 254 252.4 250 245.9 244.1 242.9 239.4 241 245.3 250.6 256.2 261.1 260.6 259.9 261.4 265.8 271 276.3 281.4 281.7 281.9 282.2 283 282.7 282.2 280.8 277.1 276.8 274.2 272.6 267.6 259.9 255 252.4 252.3 253.6 255.3 255.7 251.4 243 249.5 255.7 261 264.9 270.7 274.1 276 277.3 280 282.4 283.6 282.8 281.8 284.7 283.7 282.6 281.1 277.6 271.9 266.1 261 255.8 251.2 246.1 243.4 239.7 235.7 232.1 229.2 226.6 223.8 219.7 215.4 210.7 207.6 205.1 202.1
250 249.5 247.9 246 243.7 242.9 242.3 238.7 236.4 245 248.5 254.1 258.1 255.4 253.1 256 261.4 266.5 271.9 275.9 277 278 278.2 278.9 278.4 278.4 277.2 273.5 271.7 268.8 266.3 263.2 256.5 253.6 250 250.2 252 255.1 253.8 248.8 241.5 248.7 254.3 260.6 266.6 272.1 273.3 274.4 275.7 277.5 279.6 276.6 276.7 277.1 283.4 281.8 280.6 279.3 275.3 270.5 266.5 261.4 256.2 251.5 247.1 243.3 237.8 234.5 230.7 227.4 224.8 222.2 218.4 214.1 209.2 206 203.7 201.1
245.2 244.8 243.8 242.4 242.5 243 243.7 244.5 235.2 242.9 246.5 251.9 252.9 249.7 245.8 250.5 256.6 261.4 266.8 270.9 272.7 273.8 274.4 275.2 275.1 275 273.6 272.1 269.1 266 263.7 260.3 256.1 253.6 251.3 247.8 250.3 253.5 250.9 246.1 240.5 249.7 255.3 261.1 267.8 271.3 271.5 272.1 273.5 275.2 276.2 277.8 279.9 279.8 279.2 278.5 277.8 277 272.6 268.4 264.5 260.7 256.4 251.9 249.1 244.2 236.2 235.8 230.8 226.2 223.8 221.2 217.6 213 208.1 205 203.2 200.5
241.7 241.4 240.5 240.5 242.3 244.8 244.3 243.4 233 238.9 244.3 248.6 248.6 244.3 242.7 247.6 253.1 257.8 262.2 266.3 268.2 270.4 270.7 271.4 273.1 273 270.6 269.7 267 264.7 261.2 259 256.4 254.1 251.6 242.9 249.6 251.4 247.5 242.8 240.9 250.3 255.7 261.9 267 268.1 268.2 269.3 271.2 273 275.1 276.2 277 277 276.2 275.5 274.9 273.7 270.4 266.6 262.7 259 255.3 252.4 250.5 244.9 236.5 233.4 230.1 225.1 223.3 220.7 216.8 212.3 208 204.9 202.7 200.7
240.3 239.9 239.5 240.2 243.3 246.2 244 240.4 231.8 234.8 238.7 240.4 238.9 236.6 239.1 245.3 250.4 254.9 259 262.5 265 267.2 267.4 269.8 270.9 270.8 268.8 267.5 265.5 263 257.6 255.5 253.3 251.9 251 240 246.6 248.4 246.4 237.1 242.7 249.4 255.1 259.9 263.4 263.9 264.8 265.9 268.2 270 272.2 273 273.1 273.4 273.2 272.2 271 269.8 267.1 263.8 260 256.1 252.6 251.8 250.1 243.9 236.1 231.6 226.9 224 222.1 219.5 216.1 211.3 207.5 204.9 202.7 200.5
240.3 239.3 238.8 240.1 242.7 243.5 239 233.8 229.2 230.4 230.4 232.2 232.8 235.4 239 243.1 247.7 252.4 255.9 258.9 261.1 263.7 266.5 268.2 268.8 268.2 265.9 264.9 262.6 258.8 254.4 251.7 249.5 247.2 244.1 238.2 243.4 247.2 245.1 234.1 243.2 247.8 252.3 255.9 257.4 259.2 260.6 262.6 265 267.4 269.3 269.7 269.9 270.1 270.1 269.1 267.6 265.8 263.2 260.1 256 252.1 249.2 250.8 247.6 241.5 236.5 230.6 225 222.6 221.2 219.1 215.2 210.3 206.8 204.2 201.9 199.6
240.9 238.9 238.1 239.6 241.1 239.3 232.4 229.1 227.4 228.7 228.7 229.6 231.5 235.1 237.6 241 244.1 249.3 254.6 258 261.3 263.2 265.1 266.7 266.7 265.2 263.1 262 260.2 254.9 251.2 247.9 245.2 240.2 234.4 238 242.1 245.4 241.9 232.8 242.9 245.5 248.2 249.5 250.9 254 257.7 261.2 263.2 265.9 266.9 267.2 267.2 267.2 266.6 265.6 263.9 261.8 258.7 255.1 251.5 248 247 247.8 245.6 240.2 235 228 223.6 220.8 217.7 215.9 212.9 209 206 203.8 201.5 199.3
242.1 240.1 237.6 240.9 239.3 233.7 228.8 226.5 226.1 227.5 227.5 228.4 230.9 233.1 234.8 238.6 245.6 251.9 256.1 258.5 260 261.9 263.6 264.5 263.4 262.2 260.3 259.1 256.2 251.9 247.4 244.2 239.8 235.3 230.3 235.9 241.3 240.6 235.4 231.8 238.1 240.2 242.3 242.6 246.2 253.6 258.4 259.9 262.2 264.1 264.8 265.2 264.7 264.1 263 261.9 260.2 257.7 253.9 249.9 247.1 244.6 243.7 244.6 243 237.9 230.9 226.6 223.6 219.4 215.7 213.7 211.7 208 205.6 203.4 201.2 199.3
244.3 240.9 236.2 239.2 234.5 227.2 225.1 225 225.6 226.3 227 227.6 228.7 230.6 235.5 243.4 247.5 251.8 255.7 257.1 258.6 259.8 261.1 261.5 260.3 259.5 256.8 255.7 252.5 249.1 241.6 238.3 234.4 231.4 229 235 237.7 234.5 229.4 230.6 232.7 234.5 235 237.9 246.2 251.8 255.1 258.1 261 263.5 263.9 262.8 261.9 261 259.8 258.6 256.2 253.1 249.1 245.1 243 241.6 241.5 241.2 239.2 233.9 228.5 226 222.1 218.3 215.4 212.9 212 207.5 205.4 203.1 200.8 199.1
243.6 240.5 234.1 231.6 227.9 225 223.3 224.6 224.9 225.5 226.2 227.3 228.3 230.4 237.6 243.6 248.4 251.3 253.1 254.4 255.6 257.3 258.6 259.1 258.4 257.1 253.8 252.4 248.9 243.8 240.1 235.4 231.3 228.4 228.2 232.6 233.1 229.2 226.9 227.7 228.5 229.6 230.8 235.1 242.7 246.1 250.4 254.1 258.3 261.4 261.2 260.2 259.8 258.5 256.7 255 252.8 249.8 245.3 240.8 240.5 239 239 237.4 235.2 230.8 227.6 225.3 221.3 217.4 214.3 211.3 210.2 205.8 205.1 202.5 200.5 198.8
241.8 238.4 233.7 225.4 223 224.3 221.8 223 224.3 225.9 227.3 227.7 228.4 232.5 238.1 244 248.1 251 252.5 253.1 253.7 255 256.1 257.1 256.7 255.1 251.9 249.3 246.3 242.1 239.1 234.8 229.2 226.5 225.5 229.3 228.2 225.3 225.1 226 226.6 226.7 228.1 230.2 237.6 241.5 246.3 249.3 253.4 256.6 257.5 257.7 257.4 255.7 253 251 249.1 246.6 241.1 237.5 236.8 237.1 236.6 235.3 232.8 230.7 226.7 223.5 219.5 216.6 214 211.5 208.9 205.9 202.5 200.9 199.6 199.6
240.6 235.4 229.1 222.1 221.3 220.7 222.9 223.4 225.8 227.4 227.7 228.2 229.4 233 239.2 243.3 246.7 249.5 251.3 252 252.7 253.9 254.9 255.4 254.8 253.2 250.7 248.9 246 242 238.7 232.8 227.3 226.1 225.7 225.4 225.4 223.7 224 224.4 225 224.8 226 227.6 232 235.9 240.8 243.9 250.8 253.2 255.5 256.1 254.9 252.5 249.4 247 245.7 242.5 238.5 236.9 234.7 234.6 234.4 233.1 231.1 228.7 225.1 221.5 218.5 215.7 213.8 214.7 213 208.9 203.7 202.9 203.8 204
238.8 231.6 223.8 217.6 220 221.8 225.9 228.7 228.9 228.7 228.7 228 229.8 233.6 238.5 241.8 245.1 248.1 250.1 250.9 251.8 252.8 253.4 253.5 252.8 251.1 248.2 246.8 244.9 239.7 236.1 232.8 228.2 225.4 224.9 224.6 224.3 223.9 223.6 224 224.1 223.6 224.3 225 227 230 234.9 240.1 245.1 250.3 252.9 254.2 252.2 248.2 245.7 243.5 241.3 238.5 237.3 234.9 233.4 232.5 230.9 230.9 229.4 226.7 222.8 219.8 217 214 213.1 213.7 213.7 210.3 205 207.5 207.6 206.9
235.8 227 222.8 217.2 218.9 225.4 227.3 229.5 229.7 228.9 227 226 228.4 233.8 237.8 241.7 244.3 246.5 248.7 249.9 250.9 251.6 251.9 251.5 250.6 248.9 246 244.9 241.5 237.8 235.3 234.4 228.4 224.7 224.3 223.9 223.3 222.1 222.7 223.2 223.3 223.3 223.7 224.5 226 228.6 232.1 237.8 241.5 246.3 251.7 252 247.9 244 243.8 243.4 239.6 236.7 234.8 232.9 231.5 230.3 230.3 230 225.4 226.4 225.5 222.1 219.1 215.2 212.6 211.6 210.6 208.2 208.9 210.1 209.3 207.7
231 225.1 217.7 217.9 221.2 223 226.6 229.2 231 228.1 224.4 224.8 227.9 233.5 237.9 241.2 243.9 246 247.6 248.8 249.5 250 249.8 249.5 248.4 246.6 243.8 242.6 238.6 235.4 233.2 231.5 228 225.1 223.8 223 223 221.3 221.8 222.5 222.1 222.5 223.1 224.4 226.1 228.9 231.3 234.3 239.2 245.4 249.7 247.8 244 243.5 243.7 242.9 238.4 236 234.4 233 232.4 231.5 232.4 233.2 229.6 228.3 226.7 224.1 221.3 217.7 214.5 211.8 210.6 211.6 211.9 210.8 209.8 207.2
227.3 222.9 217.6 215.8 218.5 224.9 226.9 227.8 230 226.5 222.2 223.8 228.5 233.5 238.1 241.4 243.9 245 246.3 247.3 247.9 247.6 247.6 247.3 246.1 244.2 240.9 239.5 235.8 233.7 231.8 230.1 227.4 225 223.3 221.6 222.5 220.9 221.3 221.2 221.4 222.1 223.1 225.8 227.1 229.1 230.7 233.5 238 243.7 245.8 244 242.8 242.9 243.2 242.2 240.1 237.7 236.5 236 235.5 234.4 234 233.9 233.7 232.2 229 225.9 223.4 220 216.8 213.9 213.1 213.3 212.6 211.5 208.8 208.5
230.3 225.7 220.2 211 215.3 221.4 223.7 225.3 225.7 223 219.9 223.8 228.8 234 239.2 243 244.5 244.8 245.3 245.2 245.7 245.2 245.3 244.5 243.3 241.7 239.1 236.9 233.5 233.5 232.4 229.3 226.8 224.7 222.5 220.7 221 220.4 220.6 220.4 222.6 223.4 224.6 228.2 228.6 229.1 230.5 232.6 238.2 241.2 241 240.1 241.3 242.1 242.5 242.1 242.2 242.4 241.1 239.5 238.6 237.6 236.7 236.8 236.9 233.5 230.5 227.6 224.6 221.2 217.6 215.6 214.8 213.8 212.9 211.6 210.8 211.7
235.4 231.4 220.6 212.6 212.1 218.2 220.8 222 221.5 218.6 218.6 223.6 229.9 236 240.1 242.6 243.9 243.9 243.5 243.1 243.2 243.4 243.6 241.9 240.4 238.9 236.1 235 232 235.1 235.3 232.3 226 223.4 221.7 219.8 219.1 219.6 220.3 221.9 222.9 224.4 227.5 229.1 230.2 230.4 230.1 232.4 235.4 237.3 237.6 239 242.5 242.8 242.9 243.3 243.9 244.2 244.4 243.3 242.4 241.1 240.4 239.4 238.1 235.8 232.9 230.3 226.6 222.1 218.3 216.5 215.9 214.8 213.6 213 212.4 212.4
235.6 230.1 217.3 212.1 210.7 211.2 214.9 217.2 216.8 215.8 218.3 223.6 230.1 235.3 239.1 241.2 242 241.8 241.5 241.2 241.4 242.1 241.9 240 238 236 233.8 231.7 233 233.9 233.6 231.7 225.5 222 220.4 218.4 219.4 220.7 221.4 222.6 223.8 226 228.1 229.6 230.2 230.6 231.5 231.2 233.3 234.6 235.8 238.6 240.7 242 243 243.9 244.7 246.9 247.4 247 246.3 244.8 244.4 243.9 240.5 237.5 235.1 232 228.7 223.9 219.2 217.5 216.7 215.4 214.4 213.6 213.2 211.6
234.8 228.6 217.1 212.6 210.4 210.1 210.1 211.5 213.3 215.7 217.8 224 229.3 233.5 237.1 239.1 239.5 239.6 239.5 240.1 240.6 240.6 240.2 238.4 235.9 231.6 232.4 227.9 230.9 232.5 232.7 230.5 226 220 217.9 216.8 220.3 221.5 222.5 223.3 224.8 226.8 228.3 229.9 230.9 232.7 234 234 234 234.7 237 238.9 241 243.2 244.6 245.4 247.7 250.3 250.3 251.2 251.2 250.5 250.1 248 244.7 240.6 236.2 234.1 231.3 226 220 219 217.9 216.3 215.2 214.2 213.1 210.6
237 230.9 219.7 213.2 211 209 208.7 208.5 211.8 215.6 218 223.3 227.8 232 234.9 236 236.6 237.5 238 238.9 239.3 239.4 238.6 236.1 231.2 227.4 226.7 224.8 228.9 230.3 230.3 227.6 223.5 216.9 214.2 218 219.9 221.8 223.4 224.6 225.7 227.3 228.7 230.4 232.4 234 235 235.9 236.4 236.8 238.5 240.3 242.5 245 246.8 248 249.8 251.9 252.6 255 254.9 255 253.9 252.3 248.6 244.6 241.3 236.8 232.9 228 222.9 221.4 218.5 217.2 215.7 213.7 211.2 210.6
237.2 232.3 221.2 213.1 210.3 209.3 208.4 207.2 211.5 215 217 221.8 226.2 230 232.1 232.9 233.6 235.3 236.5 237.5 237.8 238 236.8 232.7 228.4 223.5 219 223.3 225.9 227.8 227.3 224.8 219.1 212.8 215.8 224.7 222.8 222.9 223.4 224.7 225.8 227.2 229.1 231.1 233.2 234.3 234.9 235.6 237 238.5 240.2 241.8 244.4 246.7 248.9 250.5 251.8 253.2 255.3 257.3 258.5 258.4 258 257.7 253.4 249.9 246.3 241.2 234.5 231.1 229.1 223.9 220.5 218.4 216.6 214.3 211.5 210.8
236.8 233 225.7 215.5 210.3 209.5 207.9 207.5 210.1 213.2 215.9 220.4 225 227.8 229.2 229.7 231.7 234.4 236.5 236.1 235.6 235.3 233 229.1 225.4 221.6 215.5 220 222.7 225.2 225.4 222.8 212.7 214.5 223.3 225.7 225 224.2 224 224.6 225.9 228.4 230 231.5 233.1 234.4 235 235.9 238.2 241.4 243.3 244.9 246.5 247.9 249.6 252 253.6 255.8 258 261.6 262.5 262.9 266.9 265.5 261.5 255.2 250 244.9 238.4 231.7 229.6 225.5 222.6 220.2 217.8 216.4 213.8 212.5
237 236.9 228.9 218.3 212 209.4 206.7 207.1 209.1 211.7 214.7 219.4 222.9 225.6 226.2 229.3 231.9 234.3 234.9 234.5 232.6 231.1 228.3 224.1 220 216.2 213.9 217.7 220.7 222.7 223.3 219.2 210 217.7 223.7 224.8 225.1 225.3 225.2 225.1 226.3 227.9 229.5 231.1 233.1 234.4 235.1 236.5 238.1 241.4 244.8 246.9 247.5 248.9 250.3 252.6 255.6 258.2 260.7 264.1 264.6 267.2 271.3 269.8 264.9 261.1 254.2 246.2 239 233.5 229.6 227 224.6 222.6 220.1 216.8 214.8 213.8
236.4 235.4 231.1 219.5 212.5 210.6 206.7 206.3 207.7 210.4 213.3 216.7 219 222.9 227.2 229.9 232 234 234.1 231.1 228.9 227.1 224.8 221.2 216.6 214.9 210.7 215.4 218.8 220.1 219.3 213.4 209.7 217.2 223.9 222.5 226.1 228.3 226.9 226.8 227.2 228.1 229.6 231.6 233.5 235.1 235.5 236.6 237.8 241.6 245.3 246.9 248.2 249.5 251.2 254.2 257.2 260 262.7 265.2 268 270.6 274.8 271.1 265.3 259.9 253.7 246.4 239.7 235.4 233.7 230.3 228.6 226.6 223.3 218.5 216.5 216.4
236.3 234.4 230.7 221.8 212.2 210.6 206.5 205.4 206.3 208.5 210.1 214.8 219.8 223.7 226.9 229.2 231.3 232 230.2 227.8 226 223.9 221.8 218.3 212.3 209.7 208.2 212 215.8 216.5 213.4 209.2 218 218.4 220.1 222 228.2 228.7 227.6 228.5 229 229.7 231.2 232.9 235 236.5 237 237 238.1 240.7 243.8 246 248.1 250.2 252.6 255.6 259 261.7 264.5 266.8 270.7 273.3 272.4 266.6 261.6 256.2 252.1 246 238.2 236.5 234.8 232.4 230.9 228.6 225 222 219.8 218.7
236.1 233.9 231.4 222.3 212.9 211.4 211.3 207.2 212.4 212.4 212.4 216.6 221.3 224.3 227.5 229.6 230.5 229.1 226.4 224.4 221.8 221.2 220.1 215.2 208.3 206.3 206.9 209.1 209.2 207.2 207 217.9 221.5 220 220.4 223.6 227.3 227.9 228.7 229.2 230 231.5 232.9 234.5 236.5 238 238.6 238.9 239.2 241.1 243.5 246.1 249.3 252 254.8 258.2 261 263 265.6 268.3 270.9 271.2 267.9 263.4 256.5 252.5 248.6 241.7 238.4 237.5 235.8 233.7 231.7 229.7 225.9 224.2 222.9 221.6
235.5 235.1 231.3 223 213.9 207.9 206.3 204.9 204.9 205.3 211.9 216.6 221.9 226.5 228 228 228.3 225.3 222.4 221 220 219.2 215 210.2 206 204.5 205.3 205.1 204 208.8 215.7 222.7 222 220.9 221.4 225.5 227.4 228.5 229.3 230.1 233 235 236.5 237.5 238.2 239.6 240.5 240.9 241.3 243.9 245.8 248.4 251.6 255.5 258.5 260.5 262.9 265 267 268.5 269.8 268.5 266.1 257.4 251.8 246.7 243.5 239.2 238.5 238.1 235.5 232.7 231.2 229.1 227.7 225.7 225.9 225.7
235.2 234.3 233.7 224.8 214.5 209.2 204.4 203.4 204.1 208 211.9 218.9 224.8 227.6 228.3 228.4 227.6 224.6 221 219.1 217.6 215.6 211.2 207.2 204.9 203.7 202.5 202.6 206.7 215.4 220 220.7 221.1 220.7 221.8 226.4 227.7 229 231.6 235.7 238.2 239.1 240 239.7 240.8 241.7 242.7 243.5 243.9 246.2 249.6 252.3 256.7 259.6 261.3 262.9 265 266.5 266.9 267.7 268.2 266.6 260.7 251.9 244.9 241.6 239.2 238.3 237.7 236.6 233.3 232 230.6 230.2 229.2 228.8 228.2 226.4
236.2 233.3 232.3 226.2 216.1 210.3 204.7 202.7 203.5 208.2 213.7 220.7 226.1 227.7 227.9 227.9 226.7 224.9 220 215.7 213.6 211.2 208.5 206.1 203.8 203 202.3 200 209.8 215.3 217.7 218.6 219.7 220.6 221.2 224.6 227.9 233 236.8 239.6 241.8 242.3 242.3 242 242.4 243.6 245.2 246.7 249.1 252.5 255.9 258.6 261.2 263.7 264.8 266.2 266.7 266.2 265.9 265.8 265.3 261.6 254.5 245 241.8 240.1 238.4 236.7 236.5 234.1 232.8 231.7 231 230.7 230.7 229.9 227.3 223.8
