Game/Highland_Data/StreamingAssets/GeoData/Data/nx/NX19.asc
ncols 200
nrows 200
xllcorner 210000
yllcorner 590000
cellsize 50
[rows 88 to 131 of 200, columns 96 to 191 of 200]
-1 -1 -1 -1 -1 -1 -1 -1 -1 -1 -1 -1 -1 -1 -1 -1 -1 -1 -1 -1 -1 -1 -1 -1 -1 -1 -1 -1 -1 -1 -1 -1 -1 -1 -1 -1 -1 -1 -1 -1 -1 -1 -1 -1 -1 -1 -1 -1 -1 -1 -1 -1 -1 -1 -1 -1 -1 1.5 -1 5.9 7.5 9.3 11 22.2 22.3 22.8 24.6 25.4 26.4 27.4 28.3 28.4 29.5 30.5 30.7 32 34 37.3 40.3 45.5 53.4 60.3 67.3 75.4 82.4 91.1 101 110.7 121.7 131.8 141.9 151.7 161.6 174 183.5 190.1
-1 -1 -1 -1 -1 -1 -1 -1 -1 -1 -1 -1 -1 -1 -1 -1 -1 -1 -1 -1 -1 -1 -1 -1 -1 -1 -1 -1 -1 -1 -1 -1 -1 -1 -1 -1 -1 -1 -1 -1 -1 -1 -1 -1 -1 -1 -1 -1 -1 -1 -1 -1 -1 -1 -1 -1 2.4 5.5 5.8 5.2 6.1 8.8 9.5 13.4 15.1 20.8 23.4 25.5 21.7 22.7 26 27.6 29 30 30 32.7 37.4 40 41.9 45.6 50.9 56 63 70.9 76.1 89.5 98.7 108.6 119.1 128.3 137.8 150.1 162.4 173.2 183.1 191.1
-1 -1 -1 -1 -1 -1 -1 -1 -1 -1 -1 -1 -1 -1 -1 -1 -1 -1 -1 -1 -1 -1 -1 -1 -1 -1 -1 -1 -1 -1 -1 -1 -1 -1 -1 -1 -1 -1 -1 -1 -1 -1 -1 -1 -1 -1 -1 -1 -1 -1 -1 -1 -1 -1 -1 1.2 5.7 5.1 6.1 7.2 8.6 10.2 15.7 13.1 15.7 16.8 18 16.2 20.9 17.4 20.5 23.5 24.2 25.3 26.3 27.9 31.8 33.2 42.8 48.2 49.3 52.2 56.9 64.5 71.8 81.4 90.8 99.4 108.3 117.2 128.4 140.8 155.3 168.8 178.8 188.1
-1 -1 -1 -1 -1 -1 -1 -1 -1 -1 -1 -1 -1 -1 -1 -1 -1 -1 -1 -1 -1 -1 -1 -1 -1 -1 -1 -1 -1 -1 -1 -1 -1 -1 -1 -1 -1 -1 -1 -1 -1 -1 -1 -1 -1 -1 -1 -1 -1 -1 -1 -1 -1 -1 0.8 4.8 5.9 6.5 7.1 8 9.6 14.9 20.1 20.3 15.1 14.7 15.8 16.8 17.6 23.7 26.4 29.4 28.3 28.4 37 30.9 27.9 26.5 30.3 40.3 47 49.4 52.2 56.2 66.1 73.5 80.4 87 96.1 107.1 122.1 130.9 147.3 158.4 169.6 177.8
-1 -1 -1 -1 -1 -1 -1 -1 -1 -1 -1 -1 -1 -1 -1 -1 -1 -1 -1 -1 -1 -1 -1 -1 -1 -1 -1 -1 -1 -1 -1 -1 -1 -1 -1 -1 -1 -1 -1 -1 -1 -1 -1 -0.7 -1 -1 -1 -1 -1 -1 -1 -0.2 0.5 1.2 3.6 5.3 6.4 7.1 7.8 9.2 11.6 24.1 23.3 23.1 22.9 22.9 23.1 23.7 24.5 26.6 28.2 31.4 35.7 38.8 43.7 47.6 40.5 38.9 31 38.7 44.5 46.6 49.3 53.6 60.6 71.8 72.3 79 89.3 105.3 116.1 126.5 145.6 157.3 166.1 174.2
-1 -1 -1 -1 -1 -1 -1 -1 -1 -1 -1 -1 -1 -1 -1 -1 -1 -1 -1 -1 -1 -1 -1 -1 -1 -1 -1 -1 -1 -1 -1 -1 -1 -1 -1 -1 -1 -1 -1 -1 -1 -1 -1 1.5 -1 -1 -1 -1 -1 -1 -1 0.6 1.5 3.6 5.1 6 6.9 7.6 9.1 17.3 23.7 23.9 23.8 23.9 24.2 24.8 25.4 26.7 28.5 30 32.4 35.1 39.8 42.3 45.2 47.8 48.5 47 35.2 36 40.1 44.5 46.6 51.8 58.7 77 76.4 83.2 96.3 110.3 121 127.3 136.1 146.2 158.4 171.8
-1 -1 -1 -1 -1 -1 -1 -1 -1 -1 -1 -1 -1 -1 -1 -1 -1 -1 -1 -1 -1 -1 -1 -1 -1 -1 -1 -1 -1 -1 -1 -1 -1 -1 -1 -1 -1 -1 -1 -1 -1 -1 1.5 2.4 1.6 1.2 1.5 1.7 0.6 0.3 0.7 1.6 4.6 5 5.7 6.7 7.5 9.5 22 30.3 29.3 26.5 25.5 27.8 28.9 29.9 30.8 32.8 36.4 40.8 44.9 49.7 53.5 55.8 56 57.1 55.2 49.8 42.2 35.4 42 48 52.4 57 62.3 77.7 77 88.7 102.3 115.7 127.5 139.9 150.3 161.2 171.4 180.1
-1 -1 -1 -1 -1 -1 -1 -1 -1 -1 -1 -1 -1 -1 -1 -1 -1 -1 -1 -1 -1 -1 -1 -1 -1 -1 -1 -1 -1 -1 -1 -1 -1 -1 -1 -1 -1 -1 -1 -1 -1 1.6 2.4 5.1 4.9 5.9 5.8 5.2 4.8 4.5 4.7 4.8 5.5 6 6.6 7.5 11.1 22.8 38.3 40.8 38.4 35.5 35.2 36.9 37.5 38.6 42.3 47 54.3 61.2 68.1 73 73.2 73.3 77.9 82.5 76 59.5 40.4 36.1 50.7 53.4 60.4 64 68 78.4 81.9 93.1 107 119.3 134.2 145.7 155.4 166.9 177.1 188.2
-1 -1 -1 -1 -1 -1 -1 -1 -1 -1 -1 -1 -1 -1 -1 -1 -1 -1 -1 -1 -1 -1 -1 -1 -1 -1 -1 -1 -1 -1 -1 -1 -1 -1 -1 -1 -1 -1 -1 -1 -1 0.2 3.6 5.8 5.6 6.1 5.9 5.7 5.6 5.4 5.2 5.6 6.5 5.9 8.1 12.4 26.5 43 48.5 48.5 46.9 46.2 46.2 47.8 49.4 55.8 62.5 70.6 80.7 89.8 97.9 99.9 110.4 102.1 117.9 98.5 80.7 61.6 36.4 49.8 61.4 62.3 67 71.7 74.3 77.5 86.1 101.5 113.2 127.1 139.3 149.8 163 174.2 184.1 195.1
-1 -1 -1 -1 -1 -1 -1 -1 -1 -1 -1 -1 -1 -1 -1 -1 -1 -1 -1 -1 -1 -1 -1 -1 -1 -1 -1 -1 -1 -1 -1 -1 -1 -1 -1 -1 -1 -1 -1 -1 -1 1.2 6.4 6.2 6.1 6.6 6.8 6.4 5.7 5.7 5.7 6.3 6.6 7.3 11.6 27.4 46.7 55.8 58.8 57.3 56.7 57.7 59.9 64.1 70.1 80 89.8 99.6 113.2 122.8 126.3 137.5 137 128.8 120.8 96.8 73.1 49.9 40.2 55.9 65.6 71 71.1 78.5 80.4 83.8 93.5 103.2 119 131.4 143.4 154.9 169 180.3 193 203.8
-1 -1 -1 -1 -1 -1 -1 -1 -1 -1 -1 -1 -1 -1 -1 -1 -1 -1 -1 -1 -1 -1 -1 -1 -1 -1 -1 -1 -1 -1 -1 -1 -1 -1 -1 -1 -1 -1 -1 -1 0.2 2.6 6.2 6.5 6.7 6.6 6.3 5.9 5.5 5.9 6.2 7.1 7.4 11.7 26.1 47.2 59.7 65.3 68.6 68.1 69.5 75.3 81.9 90.2 97.8 110.7 122.4 134.2 160.3 158.9 174.6 175.1 156.3 126.4 106.1 81.8 61.5 39.3 48.5 53.6 70 75.6 76.9 82.2 84.9 88.5 99.5 107.9 121.9 137.2 149.4 161 177.1 190.9 199.7 212.8
-1 -1 -1 -1 -1 -1 -1 -1 -1 -1 -1 -1 -1 -1 -1 -1 -1 -1 -1 -1 -1 -1 -1 -1 -1 -1 -1 -1 -1 -1 -1 -1 -1 -1 -1 -1 -1 -1 -1 -1 0.6 5.2 5.5 6 5.8 6.1 5.8 5.4 5.4 5.6 6.4 8.9 13.9 29.2 45.4 59 67.9 75.4 79.7 83.5 90.5 100.7 111.4 125.1 135.3 152.5 171.3 170.3 181.8 180.7 182.1 167 144.2 112 86.3 72.2 55.1 44.9 55.1 70.7 66.2 77.5 80.5 84.4 85.3 92.4 100.1 111.8 127.7 142.4 152.3 171.4 186.4 199.7 214 224.7
-1 -1 -1 -1 -1 -1 -1 -1 -1 -1 -1 -1 -1 -1 -1 -1 -1 -1 -1 -1 -1 -1 -1 -1 -1 -1 -1 -1 -1 -1 -1 -1 -1 -1 -1 -1 -1 -1 -1 0 1.4 5.4 5.3 5.6 5.7 5.6 5.3 5.3 5.7 6.1 9.7 14.8 23.7 44.8 58.2 67.7 76.4 87.6 98.8 109.4 121.8 131.8 141.9 170.6 178.2 184.8 182.9 180.8 183.5 174.3 160.3 143.4 121.5 97 79.5 65.1 52.3 49.8 64.9 77.6 78.9 77 82.6 86.1 90.7 96.9 104.7 117 133.8 147.9 160.1 178.8 196 210.5 221.3 230.1
-1 -1 -1 -1 -1 -1 -1 -1 -1 -1 -1 -1 -1 -1 -1 -1 -1 -1 -1 -1 -1 -1 -1 -1 -1 -1 -1 -1 -1 -1 -1 -1 -1 -1 -1 -1 -1 -1 -1 1.1 4.5 4.7 5.1 5.1 5.2 5.5 5.3 5.8 6.5 9.6 14 24.9 28.1 50 70.2 81.3 95.2 108.3 122 136.3 159.1 166.4 174.1 182 186 188.5 189.5 179.5 167.6 157.2 138.2 124.4 105.8 85.4 75 61.3 50.4 47.7 72.7 83.4 84.1 84.1 84.1 88.3 94.2 100.9 109.5 123.1 138.7 156.7 170.9 187 199.6 210.9 221.6 229.5
-1 -1 -1 -1 -1 -1 -1 -1 -1 -1 -1 -1 -1 -1 -1 -1 -1 -1 -1 -1 -1 -1 -1 -1 -1 -1 -1 -1 -1 -1 -1 -1 -1 -1 -1 0.5 1.4 2 4.8 5.3 5.6 5.4 5.2 5.4 5.8 6.1 6.8 7.8 10 16 27.7 39.4 46.5 71.7 82.2 96.8 111 125.5 140.5 154.7 168.5 176.1 183.5 185.8 187.8 195.3 189.4 173.7 157.4 142.4 126.6 108.7 94.5 80.2 71.1 59.2 47.5 62.4 80.1 85.2 84.1 84.1 86.7 94.8 101.6 106.2 117 128 144.2 162.6 178.6 191.5 203.2 214 221.4 226.7
-1 -1 -1 -1 -1 -1 -1 -1 -1 -1 -1 -1 -1 -1 -1 -1 -1 -1 -1 -1 -1 -1 -1 -1 -1 -1 -1 -1 -1 -1 -1 -1 -1 -1 0.6 2.1 5.7 6.3 7.4 7.2 6.4 6.1 5.7 6.3 7.9 8.4 8.9 11.1 23.6 31.8 39.1 46 60.3 79.6 96.8 110.4 124.9 140.5 151.6 159.5 175.1 181 191.2 189.1 182.9 185.5 182.3 167.2 151.5 132.1 111.6 98 88.8 73.5 64.6 61.8 52.5 59.3 76.1 82.1 84.9 89.7 97.9 105 111.3 116.9 125.8 136.7 148.7 168.1 180.1 188.5 199.8 207.3 213.5 218.3
-1 -1 -1 -1 -1 -1 -1 -1 -1 -1 -1 -1 -1 -1 -1 -1 -1 -1 -1 -1 -1 -1 -1 -1 -1 -1 -1 -1 -1 -1 -1 -1 -1 0.5 3.1 6 7.2 7.9 7.6 7.3 7.7 7.4 8.3 9.8 11.3 14.6 18.4 25.4 31 37.3 45.4 54.4 71.4 90.7 94.1 110.7 129.1 140 152.3 163.3 175.2 181.9 184.4 183 179.8 178.8 169 157.2 142.3 118.5 97.6 87.2 86.6 86 79.5 69.5 60.1 53.1 74.9 86.5 91.7 92.7 105.9 112 117.2 122.5 131.7 142.5 157.9 171.3 182.4 193.5 201.6 211 217.1 222.2
-1 -1 -1 -1 -1 -1 -1 -1 -1 -1 -1 -1 -1 -1 -1 -1 -1 -1 -1 -1 -1 -1 -1 -1 -1 -1 -1 -1 -1 -1 -1 -1 0.9 4.8 6 7.1 7.9 7.7 7.4 7.6 8 9.5 15.4 17.1 18.8 20.7 23.6 28 34.8 43.7 53.3 64.6 80.3 93.5 105.3 117.3 129 143.4 156.4 163.9 174.1 181.8 184.7 186.6 188.1 181.3 167.8 151 130.3 103.1 91 93.8 98.5 97.9 91.8 79.8 63.5 57.6 72.3 85.7 93.9 104.6 112.6 116.7 120.5 124.8 132 143.7 158.1 173 185 195.4 203.8 211.5 217.3 222.2
-1 -1 -1 -1 -1 -1 -1 -1 -1 -1 -1 -1 -1 -1 -1 -1 -1 -1 -1 -1 -1 -1 -1 -1 -1 -1 -1 -1 -1 -1 -1 0.7 4.2 5 6.2 7.3 7.4 7.5 7.7 7.9 8.7 10.7 16.7 18.9 20.4 22.1 25.3 34 39.7 50.1 60.4 73 87.5 101.2 112.8 124.1 137.9 150.9 164.4 173.1 186.3 196.1 199.2 198.7 189.4 182.1 169.2 146.2 118.8 99.9 94.6 98.7 102.5 99.2 91.9 80.3 65.3 62.5 75 84 93.6 106.3 115 118 120.7 123 129.5 139.7 153.2 171.8 186.7 197.8 204.1 209.3 215.5 220.2
-1 -1 -1 -1 -1 -1 -1 -1 -1 -1 -1 -1 -1 -1 -1 -1 -1 -1 -1 -1 -1 -1 -1 -1 -1 -1 -1 -1 -1 -1 1.3 4.1 5.1 5.4 6.1 6.9 7.1 7.5 7.9 8.1 9.8 12 16.8 20.2 21.8 25.9 33.5 39.3 46.8 59.1 69 83.3 96.7 106.3 116.5 131.5 144.8 158 170.6 185.7 204.1 208.8 208.7 206.6 192.8 180 158.9 136.4 115.7 103.8 98.1 101.8 99.1 93.1 84.5 76.1 57.6 72.7 80.9 89.9 96.1 105.6 113.1 115.6 117.2 120.1 126.1 138.1 153.5 171.3 183.5 193.9 199.4 205.2 211.1 215.8
-1 -1 -1 -1 -1 -1 -1 -1 -1 -1 -1 -1 -1 -1 -1 -1 -1 -1 -1 -1 -1 -1 -1 -1 -1 -1 -1 -1 -1 1.4 5.8 6 6.2 6.3 6.7 7.2 7.2 7.5 7.9 9.2 11 12.7 16.2 20 23.7 32.2 43.2 47.1 59.3 65.9 77.8 92.4 108.4 116.4 121.9 136.2 151.2 168.5 180 191.9 205 211.1 209.8 204.4 190.5 167.4 143.9 128.1 118.6 110.1 109.1 106.4 97.9 87.5 77.1 61.6 73.7 74.6 84.6 88.8 95.9 103.7 106.6 108.3 110.5 114.8 121.4 135.8 150.5 163.6 177.7 186.5 192 198 204.5 209.4
-1 -1 -1 -1 -1 -1 -1 -1 -1 -1 -1 -1 -1 -1 -1 -1 -1 -1 -1 -1 -1 -1 -1 -1 -1 -1 -1 0.9 2.6 5.9 6.1 6.5 6.9 7.3 7.8 8.5 7.3 7.6 8.1 9.2 11.1 12.6 18.5 20.5 21 31 49.4 53.5 64.4 72.8 82.8 95.7 108.7 120.3 128.7 142.3 159.5 174.6 186.1 192.9 201.1 208.2 204.6 195.2 177.7 151.4 130.8 124.7 117.8 113.5 115.4 110.8 99.6 85.2 70.5 82.5 81.8 75 92 91.2 97.6 100.7 100.8 102.8 108.2 116.5 123.3 134.4 150.4 162.3 170.2 177.1 185.2 191.2 197.1 201.9
-1 -1 -1 -1 -1 -1 -1 -1 -1 -1 -1 -1 -1 -1 -1 -1 -1 -1 -1 -1 -1 -1 -1 -1 -1 -0.5 1.5 4.1 5.8 5.9 6.4 6.8 7.1 7.5 8.1 8.8 8.2 8.2 9 9.5 10.7 13.7 24.9 31.1 39.9 47 47 64.3 72.3 82.2 91.4 100.7 110.1 121 132.9 145.7 163.2 177.9 188.9 194.8 193.6 192.8 199.4 183.2 165.3 142.1 124.2 120.1 114.3 118.6 119 111.6 98.4 86.6 67.5 85.1 87.7 85 86.5 86.5 86.9 89.4 94.5 103.8 111.7 123.6 131.5 142.2 145 159.5 172.1 178.6 179.4 188 194.6 200.3
-1 -1 -1 -1 -1 -1 -1 -1 -1 -1 -1 -1 -1 -1 -1 -1 -1 -1 -1 -1 -1 -1 -1 -1 -1 1.2 4.3 5.3 5.8 6.1 6.6 6.9 7.3 7.8 8.3 8.8 8.8 8.7 9.8 11.5 15.5 29.2 38.4 47.6 56.8 62.7 65.2 68 84.9 89.9 102.5 109.7 119.3 130.8 140.1 145.3 153.7 163.7 180.6 180.9 188.3 177.3 177.9 169.7 150.9 130.8 120.3 117.4 122 124.4 122.5 111.9 97.3 85.6 68.3 92 96.3 91.7 93.7 95 95.2 98.5 102.2 105 116.7 127.4 136.8 146.4 154.9 165.3 171.5 175.2 182.4 188.6 194.2 200
-1 -1 -1 -1 -1 -1 -1 -1 -1 -1 -1 -1 -1 -1 -1 -1 -1 -1 -1 -1 -1 -1 -1 -1 0.3 2 5.6 5.4 6 6.4 6.8 7.9 8 8 8.6 9.4 9.6 11.3 16.9 24.2 36.1 47 58 64.3 69.7 75.6 79 81.3 97.7 101.1 112.1 123.7 137.5 150.4 160.7 155 145.6 145.8 153 155 156.3 159.5 153.6 144.1 134.3 128.1 122.3 126.2 128.4 128.2 122.3 107.5 95 84.3 79.9 100.8 96.4 99 99.9 98.8 99 103.4 108.1 116.1 123.9 130.9 142.4 151.9 162.4 168.2 172.1 177.4 182.4 187.9 194.5 200.1
-1 -1 -1 -1 -1 -1 -1 -1 -1 -1 -1 -1 -1 -1 -1 -1 -1 -1 -1 -1 -1 -1 -1 -0.5 1 5 5.1 5.5 6.2 7 8.2 9.3 10.2 9.8 10 13.3 18.5 29.2 36.8 46.8 55.9 64 68.5 72.6 78.9 84.5 89.5 79.9 106.6 114.7 125.9 139.7 154 164.9 167.6 155.1 145.9 144.4 144.2 144.7 144.9 142.9 140.8 140.6 140.2 135.8 135 135.3 134 130.4 119.1 106.3 95.1 83.6 86.2 100 104.4 106.9 104.4 105.3 109 114.9 116.9 125.2 132 136.1 139.3 154 161.8 166.3 171.6 177.1 182.3 187.8 193.4 199.5
-1 -1 -1 -1 -1 -1 -1 -1 -1 -1 -1 -1 -1 -1 -1 -1 -1 -1 -1 -1 -1 -1 -1 0.2 1.6 4.8 5.1 6.1 7.1 8.6 9.7 11.9 13.6 13.1 17.1 24.8 30.7 43.9 58.1 60.5 65.8 69.9 75.9 81.5 87.3 92.9 102.1 111.1 114.6 128.5 141.1 154.1 164.7 172.2 164.9 151.9 152.8 152.7 152.8 154.8 156.6 156.7 155.9 153.7 151.2 147.5 144.9 141.5 137.5 131.4 119.9 107 95.9 84.6 88.5 99.8 107.7 112.1 112.5 113.5 118 123.2 126.9 135.8 141.2 146.9 152.7 157.4 162.4 168.9 175.7 180.7 185.5 188.3 192.6 196.6
-1 -1 -1 -1 -1 -1 -1 -1 -1 -1 -1 -1 -1 -1 -1 -1 -1 -1 -1 -1 -1 -1 -1 0.2 1.6 5.1 5.9 7.3 8.4 10.2 11.8 14.8 20.1 28.7 38.6 47.2 54.1 62.2 67.5 69.2 73.2 77.6 82.5 88.1 94.5 101.6 110.9 121.8 121.2 138 154.2 168.1 179.8 165.2 154.3 154.3 156 159.3 161.7 164.7 168 169.8 171.7 166.8 158.7 153.5 151.8 146.1 139 129.7 119.3 109.4 95.5 84.8 85.8 103.1 110.9 116 115.9 118 123.9 130.4 135.3 142.8 148.3 153.7 157.9 162 167.1 174.1 180.7 187.1 191.1 193.1 194.8 197
-1 -1 -1 -1 -1 -1 -1 -1 -1 -1 -1 -1 -1 -1 -1 -1 -1 -1 -1 -1 -1 -1 -1 0.6 4.6 6.6 7.3 8.5 14 23.6 25.7 28.8 33.8 44.1 45 57.2 62.5 65.1 69.7 75.5 79.1 84 89.6 94.4 100.8 109.2 117.8 127.1 129.5 141.4 154.9 167.9 172 160 154.7 155.4 158 159.3 161.2 162.7 164.1 168.4 174 173.8 162.9 151.1 149.6 147.8 140.3 131.8 121.9 110.3 97.9 74.2 91.5 104.3 111.3 115.3 117 120 125.3 133.2 141.3 147.3 152.6 157.4 161.9 165.8 171.4 178.3 184.9 190.4 193.7 196.4 198.4 198.6
-1 -1 -1 -1 -1 -1 -1 -1 -1 -1 -1 -1 -1 -1 -1 -1 -1 -1 -1 -1 -1 -1 -1 6 7.8 9.1 13.5 25.2 32 37.8 40.9 48 53.5 57.2 60.2 57.2 67.4 73 75.9 83.2 89.1 91.8 98 104.6 110.9 118.9 126.1 130.8 130.8 140.8 146.7 152.6 155.3 151.6 152.6 155.5 159.6 161 161.9 160.9 158.7 154.8 149.4 150.3 146.4 139.9 138.3 137.5 133.2 131.4 124.7 114.5 98.7 76.7 91.4 108.1 115.3 116.9 119.7 124.2 131.1 137.8 143.9 149.3 153.9 158.6 162.9 167.9 173.8 180.5 187.8 193.1 197.1 198.9 198.7 196.4
-1 -1 -1 -1 -1 -1 -1 -1 -1 -1 -1 -1 -1 -1 -1 -1 -1 -1 -1 -1 -1 2 8.6 9.4 15.2 23.8 30.8 41.4 47.6 51.9 56.4 62.3 66.1 71.1 73.8 75.2 79 82.2 78.2 88.5 95.2 99.9 106.2 114.5 119 125.5 130.5 134.7 137.3 143.5 144.7 143.6 147.7 149.6 153.9 158.4 161.7 166.1 169 167.3 164.2 156.5 149.7 144 140.9 139.3 136.1 131.5 126.6 122.6 120.6 114.4 104 83 86.6 110.7 115.5 118.7 123.3 128.1 132.2 136.9 142.6 148.4 153.2 157.5 161.7 167.6 173.6 181.6 188.5 192.9 196.4 197.9 198.3 189
-1 -1 -1 -1 -1 -1 -1 -1 -1 -1 -1 -1 -1 -1 -1 -1 -1 -1 -1 -1 2.8 10.8 14.3 28 27.3 38.6 45.9 52.3 57.2 63.2 68.6 74 76 84.1 84.4 87.9 88.5 88.1 92.4 95.3 100.2 102.8 111.4 118.7 125.4 130.6 135.7 140.3 144.4 147.6 150.4 149.9 151 154.7 159.9 164.9 170 175.4 178.7 177.3 169.5 161.5 154.4 149.1 146.4 142.9 137.6 131.1 125.6 118.6 115.7 111.1 104.1 83.5 85.5 104.8 114.6 119 123.7 126.4 130.1 134.3 140.2 145.6 150.6 155.7 161 166.5 171.5 178.9 186.6 192.3 193.8 194.7 191.8 180.9
-1 -1 -1 -1 -1 -1 -1 -1 -1 -1 -1 -1 -1 -1 -1 -1 -1 -1 -1 2.6 9.9 22.1 30.2 42.1 43.6 48 54.7 60.3 65.9 73 79.2 84.6 89.4 94.8 97.9 101 101 99.7 101.4 104.4 108.4 114.9 121.4 128.9 131.6 136.8 141.9 146.2 152.5 157.9 157.3 157.1 164.1 168.1 172.6 176.8 183.8 188 189 185.7 175.7 167.2 160.2 152.5 144 137.4 133.2 129 123.9 118.1 107 107.4 97.1 80.9 88.9 102.5 113.3 118.2 120 123.8 129.5 133.4 137.8 143.9 148.8 153.5 158 162.5 167.1 173.4 180.5 183.4 184.1 181.8 175.1 167.8
-1 -1 -1 -1 -1 -1 -1 -1 -1 -1 -1 -1 -1 -1 -1 -1 -1 1.7 5.4 8.9 18.1 38.3 46.6 53.3 55.9 55.2 63.8 69.7 76 82.7 89 94.2 99.5 104.2 109 110.7 111.4 112.7 117.1 121.6 125.8 129.3 132.1 136.2 142 147.5 151.3 157.2 163.1 168.5 169.6 169.8 174.9 179.3 185.6 190.5 196.6 200.7 202.7 199.8 186.2 173.3 164.6 156.4 147.4 135.1 125.2 120.3 116.9 111.9 103.6 98.9 93.1 87.1 93.9 105.3 109.5 117.7 120.4 124.6 125.8 130.2 134.9 141.6 145.6 149.3 153.1 157 160 165.1 169.1 169.1 168.2 166.5 166.2 163.9
-1 -1 -1 -1 -1 -1 -1 -1 -1 -1 -1 -1 -1 -1 -1 -1 1.2 6 14.3 25.4 39 46.5 54.5 61.5 64.6 66.8 71.8 79.4 86.9 93.2 99 103.3 108.9 114.1 117.4 119.9 124.6 130.2 135.3 136.6 138.1 140.2 143.2 148.9 152.7 159.4 164.4 170.8 175.4 182.7 174.5 181.8 186.6 190.8 197.3 204.4 208.7 211.6 212.8 207.8 196.7 184 171.8 159.6 149.5 138.2 123 114.6 111.2 105.1 95.2 95 102.3 98.2 85.7 92.7 102.8 114 119.8 123.6 123 127.8 132.7 137.7 140.5 143.3 146.9 149.5 151.6 154.3 156.5 156.7 156.4 157.1 154.7 160.8
-1 -1 -1 -1 -1 -1 -1 -1 -1 -1 -1 -1 -1 -1 -1 1.1 5.2 13.3 29.9 34.6 47.6 54.7 60.7 66.9 71.9 76.4 82.3 88.8 95.9 100.9 106.5 112.3 118.3 124.5 130.2 137.3 145 150 150.8 147.3 146.5 150.7 153.4 160.3 168 172 178.3 185.9 192.2 189.9 192.3 196.2 201.4 206.1 211.7 217.8 220.7 221.6 219.7 213.8 203.5 191.8 177.4 162.5 149.1 136.8 126.4 116.2 109.2 104.6 104.8 102.4 107.1 105.9 99 94 89.6 99.6 107.5 117 118.9 122.2 127.8 131.3 134.1 137.2 139.1 140.6 142 143.1 144.6 146.1 147.9 147.5 151.1 159.3
-1 -1 -1 -1 -1 -1 -1 -1 -1 -1 -1 -1 -1 1 4.9 6.7 12.3 35.4 43 48.9 49.9 61.5 67 72.9 79.6 85.2 91.5 97.3 104.7 111.5 118.6 124.9 131.5 138.8 146.2 152.7 158.7 162.4 161.3 158.4 158.2 161.4 165.9 173 180 185.9 192 200.8 204.8 196.8 204.4 207.4 214.3 218.7 224.7 227.8 229.9 227.6 223.9 218.8 209.6 196.3 179.9 161 144.5 135.9 130 120.7 111.1 108.1 110.1 104.9 114.3 112.9 105.9 103.8 103.6 95.4 95.4 103.3 109.1 110.8 117.4 123.8 125.8 128.4 129.6 129.1 130.7 132.6 131.5 133.7 138 142.7 149.1 157.5
-1 -1 -1 -1 -1 -1 -1 -1 -1 -1 -1 -1 1.3 6.3 10.1 13.5 29.5 42.6 50.4 57.7 57.6 68.2 77.2 83.2 87.3 94.5 101.1 109 115.5 124.3 131.2 137.9 144 150.8 157.1 161.4 164.3 167.1 168.5 168.4 170 174.9 182 187.1 193.5 201.6 208.8 212.5 211.6 207.9 214.1 219 224.2 228.5 232.7 235.5 237.4 234.3 227.4 219.2 210.1 197.6 180.6 160.3 147.8 143.2 136.1 128.4 115.6 113.7 113.7 107 118 118.6 113.3 107.7 106.9 104.2 100.2 94.6 107.5 102.5 107.9 111.8 114.5 116.2 119.6 126.7 130.2 135.5 133 135.4 140.7 144.2 150.8 157.5
-1 -1 -1 -1 -1 -1 -1 -1 -1 -1 -1 1.4 6.5 9.4 16.4 28.8 44.7 52.6 58.4 65.1 71.8 62.9 82.7 91.4 95.6 102.3 112.5 120.1 126.9 133 138.3 143.9 149.4 154.8 159.6 164.1 167.4 170 172.6 176.2 181 192 198.4 202.5 209.5 216.2 221.5 223.1 221 218 221.4 224.7 229.8 234.9 238.8 239 240.7 236.2 228.4 219.1 209.7 198.2 179 161.4 157.3 149.7 141.4 135.9 126.4 122.5 121.4 106.9 121.9 123.2 118.4 117.4 115.4 118.6 115 110.6 109.4 103.8 112.5 113.3 114.7 115.4 118.4 129.8 133.9 135.8 137.4 139.2 142.6 145.1 149.8 156.2
-1 -1 -1 -1 -1 -1 -1 -1 -1 -1 1.3 6.7 9.7 15.7 34.7 36.9 44.5 59.6 66.1 73.6 79.6 84.5 78.5 96 104.5 112.3 121.2 126.3 131.7 136.9 141.5 146.6 152.6 156.3 160.8 165.1 168.4 172.6 177 183.7 193.7 202.8 210.6 215.7 222.4 226.8 232 228.7 225.6 225.5 226.9 229.1 231.8 236.3 241 240.9 241.1 236.9 230 223.1 213.3 201.5 184.7 168.4 163 157.6 150.4 144.4 138.9 132.3 128 125 118.7 125.9 123.7 126 127.3 126.6 122.8 121 117.1 101.8 106.8 113.3 118.5 123.6 127.6 127.3 132.3 134.3 136.2 139.6 143.4 146.1 151.9 155.8
-1 -1 -1 -1 -1 -1 -1 -1 -1 1.6 7.2 9.5 19.1 36.7 48.9 56.1 47.2 49 71.1 81.3 87.9 94.2 92.8 96.7 108.5 114.5 121.8 127.3 132.3 137.8 141.5 146.8 152.4 156.1 160 164.7 169.5 175.2 181.9 190.9 201.4 211.2 220.4 229.8 235.6 231.9 235.4 228.7 227.3 228.6 230.2 232.4 234.6 237.2 240 241.3 240.9 237.8 232.8 227.4 219.1 206.5 191.5 174.7 168.5 162.9 157 152.1 148 140.5 134.8 130.3 125.6 119.5 128.7 129 129.8 129.6 127.3 125 122.6 112.3 111.9 108.8 116.3 120.6 125 123.9 133 135.2 135.9 137.7 142.5 146.5 151.4 155.5
-1 -1 -1 -1 -1 -1 -1 -1 1.1 8.1 17.3 25.7 43.1 51.4 58.5 66.1 70.1 71.4 74.9 81.2 94.3 98.2 102.1 97.2 108.2 114.1 117.9 123.5 128.6 136.6 141.3 145.9 150.2 154.8 159.7 164.6 170.6 177.7 186.5 198.2 207.9 218.4 231.4 242.6 244.8 238.2 232.9 227.6 227.8 229.1 230.7 233.5 236.7 239.4 241.8 243.4 243.1 241.9 238.6 233.5 225.2 209.7 196.4 180.2 171.7 165.8 160 155.2 152.6 150.1 143.5 135.8 130.7 116.3 128.1 129.9 130.2 129.5 127.8 125.3 122.7 119.5 117.3 111.7 114.6 122 126.3 127.2 131.8 134.2 135.3 135.8 139.9 145.3 149.1 158.1
-1 -1 -1 -1 -1 -1 -1 -1 6.8 24.2 27.5 33.8 40.4 53.1 61.4 68 75.8 81.2 87.2 88.1 93.2 99.2 103.3 107 107.4 115.1 123.3 129.3 134.3 140.2 143.9 148 150.8 155.4 159.8 165 171.7 180.2 191.7 203.4 214.1 226 238.1 248.5 249.2 239.8 235.3 232 229.2 229.4 229.5 231.6 235.2 238.8 242.4 243.7 245.6 245.3 246.7 241 228.5 204.3 195.4 184.1 175.3 167.5 159.9 154 151.9 150.5 148.5 143.2 134.4 121.3 129.9 131.2 131.9 131.2 132.3 127.6 122.2 117.8 115.5 110.7 108.6 120.9 128.1 129.9 131.4 131.4 133.7 135.4 139 142.8 147.6 157.6
-1 -1 -1 -1 -1 -1 -1 7.3 26.6 34.1 40.4 45.1 50 55.4 58.8 63.9 76.8 85.5 89.1 92.7 96 101.4 103.5 112.1 117.7 120.4 127.3 134.1 139.5 143.3 146 148.6 152.4 156.9 162 168.3 177.3 188.3 200.6 213 223.8 236.1 249.1 253.7 247.1 239.2 236.6 235.1 233.8 230.3 228.8 229.8 231.4 234.6 237.6 239.7 240.2 240.1 240.7 233.6 217.5 193.1 187.5 181.1 174.1 165 155.9 149.6 146.3 143.1 140.5 137.4 128.9 128.9 132.2 133.6 134.5 134.7 134.6 131.5 125.4 119 114.3 114.3 111.5 117.4 123 127.6 129.2 129.1 131.4 135.8 140 141 145.8 153.8
