Game/Highland_Data/StreamingAssets/GeoData/Data/nx/NX56.asc
ncols 200
nrows 200
xllcorner 250000
yllcorner 560000
cellsize 50
[rows 35 to 69 of 200, columns 0 to 78 of 200]
347.2 355 362.7 371.3 378.7 384.5 389.2 393.8 398.2 403.2 410.5 418.2 427.8 438.9 451 462.8 473.5 484.1 495.1 506.1 516.9 529.6 544.1 556.2 565.4 570.5 570.6 565.9 556.6 547 538.4 529.8 522.2 510.9 494.3 479.3 463.7 450.5 441.3 433.3 429 423.6 424.8 424.6 425 424.1 424.1 424.2 422.6 420.8 422.5 421.2 420.8 423.7 415.1 405.4 397.9 397.8 400.2 388.9 383.3 371.2 360.6 348.4 334.5 323.4 311.7 304.1 292.7 280.6 272.2 268.4 267.4 263.7 260.9 259.5 254.8 247 238.8
343 349.4 356.9 362.9 370.7 376.9 382.8 388.6 394.4 400.6 407.1 414.9 423.8 433.7 443.4 455.1 465.6 475.9 487.4 502.3 516.6 531.3 543.4 559.1 568.1 571.7 569.8 560.9 551.2 541.7 533.2 524.2 517.2 508.1 495 479.1 463.2 448 433.5 422.6 415.1 412.4 410.7 410.9 411.2 410.7 408.1 407.4 407 404.8 400.4 399.7 397.8 397.2 395 387.5 381.9 379.6 373.1 368.4 365.8 362.3 349 335.9 325.5 314.5 305.9 297.7 290.3 281.3 272.6 270.4 269.3 266.2 264.8 266.2 260.1 252.3 242.3
341.1 347.5 350.7 358.3 365 371.4 377.5 383.8 391.4 398 404.8 412.8 421.5 430.5 441 449.5 457.5 468.4 483.6 500.4 515.7 531.7 549.1 563.5 574 575.3 571.6 562.6 551.6 539.3 530.6 521.6 512.6 503.4 493 481.3 468.4 450 433.1 418.1 404.7 402.4 400.7 399.6 399.4 398.2 394.7 393.4 391.8 389.8 387.3 381.8 378.3 374.3 374.9 370.1 366.2 363.3 355.2 353.4 350 345.9 338.6 329.9 318 309.7 302.5 295 288.5 281.8 275.5 273.4 271.5 269.9 268.3 268.9 264 256.9 247
347.4 347.2 350.3 359.6 367.1 373.9 380.8 387.2 392 398.7 405.9 414.3 422.3 429.8 439.2 447.9 456.9 468.5 485.7 506.5 526.8 545.3 561.2 573.6 580.7 581.4 577.3 568 551.9 539.4 529.4 521 512.4 502.3 491.1 481.4 470.1 455.3 439.2 423.1 407.7 395.7 390.1 389.8 388.3 386.9 383.8 380.4 377 374.8 372.7 369.6 366 361.6 358.4 354 351.9 346.5 342.3 338.9 337.2 332.8 328.9 322.1 313.1 306.2 300.3 294.2 289.6 284.9 280.7 278.9 277.1 276.1 271.8 269.7 266.5 263 252.7
358.7 357.4 357.8 361.3 368.8 377.3 384 390 394.8 400.5 407.8 415.9 424.7 433.2 442.1 452.3 461.9 472.6 488.6 510.9 533.3 555.2 573 584.6 590 589.3 583.6 574.7 560 543.9 531.3 522.2 515.4 508.8 496.8 487.7 477.9 463.6 445.5 428.8 413.3 399.7 388.5 378.9 379.3 377.2 373.2 369.1 365.4 362.4 359.2 358.5 354.3 348.8 345.4 339.7 340.8 337 333.4 328.1 328 324.4 321.9 315.6 308.1 302.8 298.1 293.5 290.5 286.8 283.9 284.1 282.5 278.3 274.4 271.9 269.2 266.5 258.8
377.5 370.9 368 368.7 373.2 379.8 389 395.6 402.2 406.2 414.3 424.8 432.2 438.7 447.4 458.4 471.4 482 499.2 524.4 555.6 573.6 587.9 596 598.7 596.4 590.1 579.4 567.5 551.2 538.3 528.1 519.4 511.1 501.8 492.7 480.6 468.6 452.6 434.3 418 403.6 391.4 380.8 370.8 366.5 363.7 359.4 356 351.8 350.3 346.8 345.1 340.4 336.9 334.2 332.2 328.5 325.4 321.2 319.5 318.4 315.1 310.3 302.9 300.1 295.7 294.2 291.4 289 289.1 289 285.5 282.2 277.5 275.2 271.2 266.8 260.9
410.2 392.3 386.7 383.2 382.2 387 393.3 402.6 409.9 416.5 424.9 434.5 443 448.1 460.7 480.4 496.3 504.8 516.5 543.4 568.5 585.5 597.5 603.5 604.9 602.3 595.6 584.8 573.9 560.8 548.3 537.1 526.3 515.9 504.9 494.3 482.3 470.9 456.5 440.9 422.5 406.5 393.3 379.8 369 359.5 355 350.8 346.2 342.3 340.1 337.7 335.5 331.7 328.2 326.6 323.9 321 317.4 314.3 312.5 312.6 309.8 306.3 300.6 297.8 295.1 294.4 292.1 290.9 291.8 292.2 288.7 285.8 281.9 278.1 274.5 268.5 262.5
429.1 418.2 408.1 400 395 397.9 403.5 412.7 420.4 427.9 436.3 445.9 458.5 467.7 476.8 497.9 524.3 536.9 542.5 558.9 581.6 594.9 603.9 608.6 609 606.1 600.4 592.1 582.8 571 559.4 547.8 534.7 522.9 510.2 498.4 487.6 477.2 462.2 446.1 428.6 411 393.3 378.2 366.6 357.6 347 341.7 337.7 334.1 332 330.7 327.6 326.3 322.1 318.8 316.6 312.1 310.7 307.4 305.6 306.1 305.3 301.8 296.5 296.2 295.2 294.6 293.8 293.1 292.2 291.4 290.2 288.7 284.6 280.8 278.4 272.5 263.9
449.5 441.4 428.7 419.1 411.7 408.9 415.2 423.5 434.1 443.3 450.5 463 475.1 490.4 506.6 519.6 534.9 553.2 566.1 578.8 590.7 601.3 607.4 610.9 610.6 607.8 603.3 597 590.1 580.9 571.7 560.7 547.9 533.8 520 507.8 495.7 484.7 471.5 452.7 432.8 413.6 395.7 379.9 366.3 355.8 345.2 338.3 332.9 328.8 326 324.8 321.2 317.8 316.9 311.4 308.1 305 304.3 301.4 301 301.9 299.9 296.4 292.2 293.8 293.8 293.9 292.9 292.2 291.7 291.1 290.5 290.3 288 281.7 278.6 272.7 265.4
461.6 460.6 452.1 442 434.2 426.5 429.2 439 452.3 462 468.6 477.7 489.4 501.3 520 533.3 544.9 559.1 573.6 584.1 594.8 603.3 607.2 609.6 609 606.9 603 598.8 593.4 587.3 579.6 569.8 558 544 531.1 518 505.7 493.9 479.9 460.1 439.4 420.1 399.9 381.8 366.5 353.3 343.7 335.2 330.8 327.2 319.7 319.9 318.2 314.4 312.1 308.9 302.9 301 300.1 297.3 296.6 296.5 295.7 292.2 291.3 292.1 292.2 292.2 292.1 291.6 291.2 290.7 290.3 289.8 287.2 282.2 278.7 274 267.4
473.2 463.7 460.6 461.4 463.2 465.3 456.3 453.6 462.7 473.1 481.6 495.7 501.5 510.8 521.7 535.5 552.7 562.5 574.7 585.2 594.5 600.3 604 605.4 605.1 603 599.6 597.1 593.8 589.3 582.7 574.4 563.8 550.3 537.9 525.7 515.7 501 486.3 465.8 445.2 424.1 403.9 386 367.6 354 343.3 334.1 330.1 326.6 323.1 316.9 313.1 312.5 309.4 307.6 303.4 295.7 296.1 294.4 292.5 292.3 292.4 290.7 289.6 290.9 291.2 291.5 291.7 291.2 290.7 290.2 289 288.1 285.9 284.1 278.8 274.8 267.3
483.1 475.3 467.3 472.9 478.3 486.1 489.3 482.7 477.7 484.7 494.9 504 514.4 523.5 529.8 539.5 551.2 564.3 574.5 583.4 589.4 594.2 596.9 598.3 597.7 596.5 594.9 593.6 591.7 589 583.6 576.1 565.8 552.7 541.5 530.7 520 507.6 493 474.1 450.3 429.1 406.5 388.2 370.5 356.7 345.4 338.3 329.6 325.5 321.9 319.1 314.8 307.4 305.7 304.4 301.8 296.2 293.4 291.3 288.1 288.6 288.8 287.2 287.1 289.1 290.4 290.8 291.1 290.7 290.3 289.8 288.6 288 286.1 284.2 278.5 272.8 266.1
492.5 482 476 481.4 491.2 502 509.5 511.2 509.3 506.1 506.7 514.6 521 531.1 537.5 548.3 555.4 564.6 571.2 577 581.1 584.3 586.7 587.7 587.3 586.6 586.3 586.1 586.2 584.5 579.6 571.8 563.3 553 543 534.3 522.5 511.7 499.7 481.6 457.9 434.9 410.1 388.9 373 359.7 350.5 342 333.9 326.8 322 318.7 314.4 310.1 305.7 299.7 299.5 296 291.4 289.2 285.7 284.7 285.2 284.7 285.6 288.1 289.3 289.4 289.1 288.7 288.4 288.2 287.4 287 286 282.9 273.3 266.6 261.5
505.6 494.6 492.9 489.9 504.9 519.4 531.6 535.6 536.7 533.4 528.7 531 533.4 541.4 548 556.4 558.8 562.2 564 565.5 565.3 567.6 569.2 572.4 572.8 572.7 572.9 573.7 576.6 575.8 572.6 563.1 554.7 545.7 536.9 530 520.9 512.8 497.8 483.3 463.6 439.8 412.9 392.6 377.5 362.7 353.5 345.4 336.7 330.6 325.7 321.4 316.8 311.9 307.7 302.2 293.2 290.5 287.8 285.9 283.9 282.5 281.6 281.9 281.9 285.4 286.3 286.4 286 285.5 285 284.5 283.4 282 283 285.7 270.7 259.3 250.9
524.7 511.5 508 507 513.7 539.5 550.7 554.5 558.9 558.5 553 553.5 553 555.3 558 564.8 562.8 554.5 545.4 539.2 535.7 537.2 538.6 543.1 547.3 551.3 554.2 557 558.1 558.6 557.5 551 540.8 534.3 527.5 521.3 513.4 503.1 489.4 477.1 463.7 441.9 415.4 394.3 380.6 368.2 357.7 347.9 341.4 335.3 329.9 325.2 319.6 315.6 312.3 307.8 300.9 296.5 292.3 282.9 282.1 279.2 278.5 278.5 277.6 280.2 281.7 281.3 282.5 281.9 281.3 280.3 278.2 275.9 275.1 279 263.7 249.1 236.6
539.7 535.4 535.7 531.5 531.3 550.2 571.5 575.2 578.4 579.9 575.1 574 573.7 574.3 575.3 575.4 563.9 540.9 522.5 512.8 507.5 504.8 505.2 509.8 516.8 525.3 532.2 536.7 539 538.6 540.5 535.4 527.8 520.8 514.3 506.3 501.4 488.2 474.1 461.9 453.2 438.1 414.7 396.1 382.2 371.4 362.6 354.4 348.1 341.2 335.6 330.3 322.4 320.5 316.9 312.2 306.3 300.1 295 288.6 277.6 277.7 275.5 275.4 273.7 276 278.4 276.6 278 277.6 276.4 275.3 271.8 268.4 262.6 252.4 241.5 234.7 230.6
560.3 564 569 568.9 570.9 573.8 586.5 598 601.8 599.4 595 594.8 595 594.3 592.9 586.4 561.8 528.4 508.7 496.2 488 483.9 483.3 486 492.7 499.8 510 517.1 520 518.8 519 519.8 512 507.1 498.4 490.1 483.6 468.7 456.4 446.3 440.3 427 414.1 398.2 385.6 375.2 367.5 361.3 355.4 349.3 343 336.2 329 325 320.9 315.9 311.8 304.6 297.7 290.6 279.2 274.5 272.6 272.6 270.7 271.7 274.3 271.6 273.8 274.2 273.3 271 267.1 262.8 253.2 241.6 231.8 229.2 227.2
581.8 590.8 600.8 603.1 607.7 608.6 615.6 619.1 620 617.5 615.8 613.9 611.1 607.3 602 590.8 556.8 520.4 497.9 486.5 476.1 469.4 468.3 469 474 481.7 492.2 498 503.8 505.3 503.7 499.7 494.1 489.4 479.6 471.3 461.6 452.4 440.4 431.8 424.6 415.1 407.9 397.9 387.7 379.6 372.6 368.1 362.9 356.8 350.2 343.3 336.6 330.5 326.5 321.1 315.6 309 300.3 292 282.6 272.4 270.3 269.9 267.9 267.1 269.9 267.6 267.8 269.5 269.4 266.2 261.6 259.3 246.3 235.5 223.7 220 219.7
611.4 621.5 626.3 634 641.9 644.1 644.9 643.4 641.4 637.3 634.3 629.1 623.1 616.7 607.6 589.3 548.7 512 492 478.1 467.4 459.1 455.9 455.6 460.2 467 475.7 481.9 487.6 494.3 495.2 488.3 482.8 474.4 463 453.3 442.2 432.2 423.3 415.9 409.5 406.3 402.6 394.5 389.4 384.8 378.4 373.5 369.2 362.7 356 350 343.1 335.1 330.9 325.5 318.7 312.4 304.8 295.5 287.7 277.8 267.8 265 263.3 263.4 263.7 263.1 261.1 262.5 264.7 262.4 256 250.5 241.6 229.5 219 212.2 211.6
643.5 654.6 659.9 665.5 671.5 673.3 670.8 666.6 661.6 655 648.5 640.1 631.9 623.9 610.5 583.5 541.1 507.6 487.8 473.5 461.6 452.7 447 444.4 446.5 451.4 459.9 466.5 475.7 483.1 476 469.2 465.9 455.7 442.7 434.9 429 417.5 406.3 400.5 398.7 397.1 396.3 392.9 390.5 388.5 384.1 378.8 373.4 368 361.6 355 348.7 340.8 335.6 328.9 322.3 316 308.1 300.1 291.4 282.2 271 262.1 257.1 259.4 261 258.4 255.6 256.5 257.9 259 250.6 244 235.4 224 212.5 207.1 203.7
681.2 686 689.8 693 694.7 691.6 686.8 680.7 673.5 667.1 658.9 649.6 639.5 627.9 608.7 583.2 543.4 506.4 484.5 469.3 456.3 444.6 437.5 433.3 432 433.4 438.2 445.4 454.7 462.7 447.7 446.6 440.2 428.3 422.6 416.1 411.1 401.5 393.3 391.1 391.9 391.4 391.4 391.5 392.6 392.1 388.4 383.1 377.8 372.1 367.2 360.5 354.4 346.9 339.2 332.5 325.5 318.9 311.6 303.3 294.6 284.5 275.7 263.8 254 256.1 256.9 253.2 250.7 251 251.1 248.4 242.8 235.8 227.4 218.5 209.3 201.9 195.6
699.7 702.3 703.4 704 703.7 700.4 696.1 689.2 682.5 675.2 666.3 656.3 644.4 631.1 606.4 579 542.9 507.9 483.2 465 451.8 434.7 423.2 418.5 417.1 414.1 414.6 421.1 427.7 427.4 418.7 416.2 411.8 404.4 402.1 399.8 394.4 387.8 382.2 382.3 384.6 387.1 387.3 390.3 392.5 393.4 390 386.6 380.6 376.2 370.4 364.6 359.2 352.5 343.6 336 328.8 321 313.6 304.4 294.2 286 277.4 267.9 258.2 248.6 248 246.7 244.1 244.5 244.5 239.7 234.7 227.7 221.2 214.1 208.4 198.6 190
702.9 705.9 708.1 708.3 707.8 705.7 701 694.5 687.6 679.2 670.9 660 646.6 629.2 604.6 578.1 545.2 510.9 482.8 460.3 444.6 426.5 413.5 401.9 398.1 395.9 394.8 395.7 402 403.5 395 394.4 390.5 387.7 386.4 385.4 379.8 376.1 373.1 374.2 377.6 380 383 387.2 389.5 390.6 388.5 386.5 383.1 378.8 372.2 366.3 361.5 355.7 348.2 338.9 331.3 323.3 314.7 303.8 293.9 285.3 276.5 268.3 259.1 249.5 242.2 241.5 240.1 239.2 237.4 232.9 226.5 221.4 217.7 212.7 207.1 199.7 193.4
703.5 707.6 709.4 710.1 709.4 707.8 704 698.6 691.2 682.5 672.4 660.5 646.1 626.2 604.3 574.7 549.5 517.2 483.3 453.3 432.7 416 403.7 388.3 380.7 378.5 376.3 375.1 375.6 375.2 375.1 376.1 375.2 372.6 373 372.8 367.9 365.7 366.2 368.6 371.9 375.6 378.6 381.3 386 386.1 386.5 385.8 384.4 380.3 374.5 367.4 363.6 357.6 350.8 342.5 332.6 323.8 313.6 301.6 292.5 282.9 276 267.3 259.3 249.1 240.5 236.3 236 234.8 232.2 226 221.9 219 214.7 209.5 205.4 199.4 195.4
701.4 705.5 708.3 708.9 708.9 707.4 704.2 699 692.2 684.1 675.1 662.2 646.1 624.4 601 570.8 555.7 526.8 487 444.1 414.4 400.8 389.2 372 366.9 365.4 364 361.3 360.1 358.4 361.5 362.2 360.1 360.7 362.8 363 360.2 359.7 360.9 363.5 366.3 370.5 372.8 374.1 377.7 382.5 383.8 383.3 382.3 379.4 374.5 369.4 367.1 360.8 352.6 343.2 331.5 322.4 312.3 300.9 290.1 280.1 273.4 265.3 256.9 247.9 240.9 233.7 232.2 230.2 228 223.5 219.5 215.7 211.5 205.2 201.9 198.5 194.8
698.1 701.9 704.7 705.9 705.9 705.2 702.2 697.5 691.5 684.1 675 661.3 643.3 620 593.3 566.4 557.3 533.3 482.1 433 403.1 386.7 370.8 360.5 358 354.5 353.7 352.5 351 350.6 350.2 351.6 351.7 352.6 354.8 356.3 355.3 355.6 357.4 358.7 361.3 363.3 366.1 369.8 373.9 377.3 378.7 377.7 377.3 375 372.2 369.8 365.2 359.9 354 343 332.2 320.7 309.2 296.4 286.8 277.3 270.6 263.4 253.6 247.2 238.2 232.1 228.4 226.3 224.6 220.9 217 213.4 208.9 203.2 197.1 194.3 191.4
693.6 698.1 701.5 702.7 702.5 701.6 699.5 695.8 690.1 683.6 675 661.5 640.3 614.8 589.7 563.5 552 533.5 475.9 418.9 394 372.1 360.3 355.3 353.6 349.8 347.9 346.6 346.8 347 346.8 347.4 348 348.2 349 350.1 351 351.8 353.8 354.7 354.2 356.8 360.1 362.4 364.9 367.9 370.3 370 367.1 365.5 364.8 363.5 360.8 357.2 350.6 340.4 330.5 318.1 306.3 289.8 281 272.8 265.9 258.9 250.3 242.7 234.1 229.4 226.6 223.2 220.4 217.3 214.6 210.4 205.8 201.1 196.4 192.6 187.9
690.3 694.7 697.7 699.6 699.4 698.7 697.4 694.1 688.8 682.3 673.5 661 643.4 617.5 593.6 567 551.1 527.8 470 411.1 384.8 364.1 355.6 351.8 350.4 347 346.6 346.4 346 345 345.8 346.4 346.9 346.7 345.5 346.3 347 347.8 349.2 348.6 348.9 349.8 351.6 353.2 355.9 358.4 359.5 359.5 356.7 353.5 351.6 353.3 349.9 346.7 338.9 331.8 324.5 309.5 298.9 285.3 274.7 266.1 259.9 251.9 245.2 238.9 230.6 226 223.6 220.3 216.8 214.9 211.9 207.8 204.1 199.7 195.6 194 188.6
686.6 690.8 693.9 695.7 696.2 696.1 695.8 693 688.1 681.7 672.5 659.7 644.9 618.3 592.6 562.7 549.9 525.7 458.3 405 383.6 362 352.4 349.7 349.1 346.9 346.3 346.5 346.1 345.9 345.8 345.5 345.8 345.9 344.5 343.1 343.8 345 344 344.1 344.2 343.8 343.3 345.8 346.5 349.5 348.5 348.5 346.1 343.8 339.3 337.4 333.8 333.1 328.6 323.2 313.6 302.1 292.2 276.6 267 260.7 253.7 246.6 239.4 233.2 226.5 221.6 220.4 217 214.3 212 208.9 205.6 202.2 198.2 194.6 193.5 189.8
682.8 686.9 689.8 691.6 693.5 693.9 694 692.3 688.4 682.8 673.7 660.9 636.8 604.7 586.3 566.4 549.7 523.1 453 401.1 382 363.6 354.6 352 351 348.4 346.9 346.5 346.3 346.1 345.9 345.5 344.3 346 346.5 342.9 342.8 341.3 339.5 338.4 337.5 337.8 337.8 339 339.7 338.5 335.5 337 336.2 332.5 331.3 327.9 321.9 321 317.1 312.1 302.6 295.8 280.5 271.5 262.8 255.6 250.6 242.7 234.3 227.3 222.3 218.3 215.8 214.2 210.7 207.7 205.1 203.6 200.3 196.9 194.1 192 190
678.4 682.6 685.2 687.9 690 691.7 692.2 691.8 689.8 684.9 678.1 661.3 624.7 591.9 575.7 567.1 550.1 523.9 453.9 408.1 382.4 367.2 358.4 355.8 353.6 350.5 348.2 346.7 346.4 346.4 347.6 347 346.3 345.3 344.3 342.5 340.4 338.3 335.6 334.3 333 333.3 333.8 333.8 333.2 331.2 328.3 328.4 324.4 321.5 318.7 313.3 309.7 303.3 302.4 298.7 292.1 285.1 274 265 257.1 250.2 245.6 240 233.1 224.7 218.3 214.2 213.1 211.1 208.7 205.6 203.5 201.2 198.8 196.4 192 188.6 187.3
673.6 678.1 681.6 684.9 687.5 689.4 691.8 692.6 691.4 687.7 681.2 658.2 620 592.1 580.1 568.2 552.7 526.7 461.1 411.6 385.2 370.8 363.8 360.7 359.9 359.5 356.7 354.4 351.9 355.1 353.7 353.3 352.2 350.1 348.2 345.9 343.2 339.7 336.7 334.4 332.8 329.8 330.7 328.6 327.9 326.2 323.1 320.7 317.6 314.7 312 304.3 298.2 293 291.3 288 281.5 276.1 266.8 258.7 251.7 246.1 241.8 236.2 232.9 224.1 215.7 212.3 210.6 209.2 206.2 203.7 202.4 201.5 199.4 196.7 193.9 189.4 184.1
668.3 672.7 677.2 681.5 684.9 687.5 690.6 692.9 692.4 689.3 682.6 653.7 615.9 586.1 570.1 558.1 541.5 510.4 459 413.8 391 378.6 370 365.5 363.8 365.9 362.6 361.7 362.7 365.3 363.7 360.8 358.5 356.5 352.8 349.3 345.8 342.6 340.2 338 335 332 328.7 325 324.3 322 319 316.8 312.3 308.7 303 295.8 289.4 285.8 282.6 276.2 272.9 271.3 262.6 253.4 245.8 241.3 238.4 234.9 228.2 221.2 214.1 211.1 208.8 207.3 203.9 202.5 201.8 201.1 199.4 196.9 194.6 190.2 186.3
661.8 667.4 672.2 677.3 681.1 685.9 690.3 693.1 692.8 689.7 682 648.4 612.8 582.2 561.2 545.4 521.4 486.6 447.4 418.3 398.8 384.3 376 370.4 368.1 370.1 369.3 368.1 370.7 371 368 365.4 363.6 359.9 355 351.1 347.6 344.9 341.7 338.7 335.3 333.1 330.7 326.4 320.5 319.1 314.8 312.9 306.8 301.5 296.1 289.9 281.9 277 272.3 266.8 264.4 259.8 256.6 248.7 242 239.2 236.2 230.5 225.3 219.2 212.7 209.8 207.4 205.5 202.4 201.2 200.9 200.2 199 197.5 195.4 191.1 187.2
656.1 662.4 667.9 673.5 679.2 684.1 689.1 692.5 692.6 689.9 677.4 638.5 604.7 571.4 544.9 525.9 503.3 468.6 438.4 418.6 401.3 389.4 380.2 374.5 372.4 375.4 374.6 375.7 376.2 375.3 373.1 369.9 366 362.4 357.9 353.2 349.4 345.2 342.1 339.6 336 334.1 331.5 327.9 324 321.8 314.2 305.8 303.8 298.7 292.4 285.5 277.4 271.7 267.5 260.8 257.8 254 249.8 243.4 238.3 236.4 231.8 226.2 222 216.5 211.2 207.7 206.7 204.9 202.7 201 200.1 199.4 198.6 197.7 196.6 192.7 188.7
