Game/Highland_Data/StreamingAssets/GeoData/Data/nx/NX57.asc
ncols 200
nrows 200
xllcorner 250000
yllcorner 570000
cellsize 50
[rows 35 to 69 of 200, columns 0 to 77 of 200]
332.6 304.4 265.1 244.8 227.7 213.9 206.6 197.7 194.2 189.9 188.4 189.2 188.2 188.3 188 187.8 185 185.8 187.4 188.4 188.9 189.4 189.5 190.4 190.1 190 189.5 190.2 190.3 190.5 187.8 186.1 185.4 182.5 183.8 183.6 183 183.6 183.6 182.3 181.3 181.8 182.5 182.5 181.9 181.9 181.3 180.4 179.1 180.9 181.7 181.2 180.5 176.3 175.7 175.3 175.3 174.9 175.4 180.3 179.5 174.5 174.5 174.5 178.9 182 184 182.7 183 184.4 185.6 186.5 190 184.7 182.9 183.4 187.6 186.8
324.3 285.1 259.2 240.9 225.1 213.1 205.3 197.8 195.6 189.6 188.2 188.1 188.2 188.7 187.1 186.7 185.3 185.6 187.9 188.6 189.5 189.6 190.4 190.7 191.1 191.1 190.1 190.2 189.3 189.6 188.8 189.2 189.4 190.4 188.9 189.4 189.5 188.1 185.8 183 181 181.5 182.9 183.3 182.7 182.8 181.6 181.1 180.5 179 179.9 179.7 177.4 176.2 177.1 181.4 181 178 174.5 174.5 174.5 174.5 174.5 174.5 174.5 174.5 174.5 174.5 179.1 180.8 181.3 181.3 182.9 180 178.8 181.7 183.8 185.1
312 279 258.5 237.8 223.2 212.9 206.6 198.1 192.5 188.6 187.7 187.5 186.8 186.8 186.9 186.2 186 186.5 188.1 188.9 189.6 190.3 190.3 190.8 191.5 191.2 190.3 190.8 189.9 190.4 191.5 191.8 191.5 190.9 190.3 191.1 191.6 188.2 185.4 184.4 183.1 182.2 183.5 183.3 182.7 182.1 181.6 181.1 180.9 180.7 179.1 177.6 179.4 180.7 181.8 183 181.9 177.4 174.5 174.5 174.5 174.5 174.5 174.5 174.5 174.5 174.5 174.5 174.5 174.5 174.5 177.2 181.2 174.6 177.6 180.3 182.7 183.5
304.1 279.8 258.8 239.1 225.6 215.6 208 197.9 192.4 189.4 187.8 186.9 187.7 188.1 187 186.5 186.4 186.9 188.1 188.7 189.4 189.9 190.8 190.9 191.2 191.3 190.8 190.8 190.9 190.4 192.5 193.2 190.5 191.3 192.1 192.1 190.1 188 185.7 184.4 182.4 183.2 183.6 183.4 182.5 181.8 182.3 182 181.6 181.1 181 180.5 182.7 183.3 183 183.9 183.3 179 174.5 174.5 174.5 174.5 174.5 174.5 174.5 174.5 174.5 174.5 174.5 174.5 174.5 174.5 174.5 174.5 174.5 175.1 179.6 182.1
311 282.5 257.5 241.3 226.8 217 208.7 197.3 189.9 188.6 188.4 187.5 188.4 188 187.6 186.5 187.6 187.7 187.3 188.6 189.4 190 190.9 191.5 193 192.3 192.6 192.2 192.7 190.9 189.9 190.4 189.1 188.5 190.7 190.8 188.6 186.7 185.4 183.1 183.6 183.8 183 182.7 182.5 182.8 183.5 182.6 182.5 181.1 180.5 181.6 183.5 183.8 183.7 183.5 183.9 180.4 175.6 174.5 174.5 174.5 174.5 174.5 174.5 174.5 174.5 174.5 174.5 174.5 174.5 174.5 174.5 174.5 174.5 177 178.5 181.5
315.4 283 260.3 239.8 227 219 208.8 195.4 188.6 188.3 188.4 188 188.7 187.4 186.8 186 187.9 187.5 187.5 187.9 189.6 191 192.5 192.7 195.4 195.5 193.7 191.7 191.8 192.2 189.7 189.6 189.1 188.8 188 187.5 187.7 187.5 186.1 184.4 185.7 183.8 183 182.6 185 187 184.8 183.9 183.2 183 182.9 183 184.3 184.4 184.4 183.6 183.5 180.7 176.7 174.5 174.5 174.5 174.5 174.5 174.5 174.5 174.5 174.5 174.5 174.5 174.5 174.5 174.5 174.5 174.5 174.5 176.6 178.9
310.9 284.7 261.7 244.4 232.4 217.9 204.6 192.5 188.6 187.6 187.9 187.9 186.5 186.7 186.6 187.6 188 187.9 187.4 189.8 191.8 195.6 195.4 195.9 195.3 195.2 193.2 192.4 196.3 197.3 191.9 190.6 190.1 189.9 190.4 189.3 188.1 189.8 187.9 185.2 185.9 185.2 185.1 185.2 188.5 191.1 189.9 187.4 183.2 183.3 182.2 186.3 185.8 185.8 184.8 183.5 182.7 179.9 176.9 174.5 174.5 175.1 174.5 174.5 174.5 174.5 174.5 174.5 174.5 174.5 174.5 174.5 174.5 174.5 174.5 174.5 174.5 176.3
307.6 281.9 261 242.2 229.2 214.2 201 191.8 187.2 187.6 187.1 186.9 186.3 187.4 187.4 187.3 187.8 189.5 191.7 192.4 195.4 198.1 198 196.9 196.7 195.9 194.5 196.1 199.6 198.2 195.7 194.1 193.3 192.6 193.4 191.1 190 188.4 187.5 187.3 190.6 190.3 188.2 189.1 192.3 195.6 195 191.3 184.9 183.7 185.7 189.9 192.4 187.4 186.4 184.8 182.7 180.1 177.2 174.5 174.5 174.5 177.2 174.5 174.5 174.5 174.5 174.5 174.5 174.5 174.5 174.5 174.5 174.5 174.5 174.5 174.5 174.5
304.4 277.9 259.1 236.6 223.1 209.9 197.6 189.1 187.4 187.3 186.9 186.7 187 187.3 187.8 188.2 188.8 190.6 193.7 196 197.8 199.5 201.4 199.3 199.3 199.6 199.2 200.4 202.7 203 199.6 198 195.6 194.8 195.8 193.7 191 191.1 192.6 195.2 195.6 193 190.7 190.7 195.4 196.4 197.1 195.6 191.2 189.6 190.2 191.1 197.2 194.4 188.7 185.2 182.8 181.9 178.8 176.3 177.8 174.5 175.8 174.5 174.5 174.5 174.5 174.5 174.5 174.5 174.5 174.5 174.5 174.5 174.5 174.5 174.5 174.5
299.9 275.2 253.1 234.4 219.5 207.3 196.7 189 187.8 187.4 187.2 187 187.4 187.2 188.1 189.5 192 195.4 197.9 201.6 202.3 202.4 203 203.2 204.6 208.6 206.6 204.9 206.2 207.4 203.1 201.4 199.7 198.2 198.6 198.5 199.5 198.8 199.5 199.8 200.9 199.6 194.7 196.7 197.7 198.6 196.5 196.6 194 193.1 193.3 194 196.2 197.8 192.3 186.6 184.5 183.2 179.4 178.7 179.2 174.5 174.5 174.5 174.5 174.5 174.5 174.5 174.5 174.5 174.5 174.5 174.5 174.5 174.5 174.5 174.5 174.5
292.3 269 249.1 232.6 218.9 205.2 194.4 188.6 187.8 187.5 187.5 187.8 187.6 187.6 188.6 191.1 195.1 199 202.5 203.9 203.7 205.1 204.8 206.5 211.8 211.9 211.9 211.4 209.4 211 207.1 206.3 204.6 204.9 205.8 205.2 205.4 204.2 204.9 205.2 206 205.1 200.8 201.8 201.7 199.6 199.1 199.8 200.1 199 198.5 199.7 196.6 197.5 193.9 189.1 189.6 185.1 181.3 179.5 178.1 176.8 174.5 174.5 174.5 174.5 174.5 174.5 174.5 174.5 174.5 174.5 174.5 174.5 174.5 174.5 174.5 174.5
287.4 263.7 246.1 229.8 216.4 197.9 189.1 187.7 187.8 187.8 186.5 187.3 187.9 188.9 190.1 194.3 198.1 203 204.5 207.1 205.6 208.1 210.3 215.2 220.1 220.6 219.7 220.1 216.6 216.7 216.5 216.7 214.1 212.9 212.5 212.1 211.1 209.2 210.3 209.5 210.9 210 210.7 211.4 210.9 210.3 209.5 209.8 207.6 206.4 201.8 202.7 200.7 200.1 201.6 198.3 195.8 188.9 185.6 184.8 181 177.4 174.5 174.5 174.5 174.5 174.5 174.5 174.5 174.5 174.5 174.5 174.5 174.5 174.5 174.5 174.5 174.5
280.2 262 244 228.4 211.1 194.5 189 187.6 187.7 187.4 187.5 187.8 189 191.6 194.5 196.9 201.1 204.5 206.7 209.6 211.6 213.6 217.1 222.8 228.3 228.3 227.7 228 227 226.8 226.6 226.6 225.2 222.6 219.7 219.5 218.2 218.5 216.4 219.6 218.9 219.7 220.3 220.8 221.4 220.2 217.4 217.2 216 215.7 211.6 209.5 206.3 201.9 201.7 200.6 198.3 193.1 189.7 186.2 183.2 180.1 174.5 174.5 174.5 174.5 174.5 174.5 174.5 174.5 174.5 174.5 174.5 174.5 174.5 174.5 174.5 174.5
270.4 255.8 239.6 223.5 205.3 193.3 188.9 187.6 188 187.6 188.1 189 191.8 194.8 196.6 199.3 206.6 207.4 208.7 215.5 218.6 222.5 227.8 230.5 234.1 234.8 235.8 235.4 236 234.8 235.7 235.8 235.7 233.9 230.7 227.1 227.1 228.1 229.1 230.5 228.7 230.4 230.3 230.8 229 227.3 227.7 224 223.7 222.2 218.4 216.6 211.2 206.2 204.6 203.2 200 197.7 191.1 188.6 183.8 181.9 174.5 174.5 174.5 174.5 174.5 174.5 174.5 174.5 174.5 174.5 174.5 174.5 174.5 174.5 174.5 174.5
268.2 249.6 233.3 219.6 206.7 195.9 191.2 188.3 187.6 187.7 188.8 191.2 193.8 197.4 198.8 202.9 208.8 210.8 217.5 223.1 228.4 230.3 236.9 239.6 241.5 240.9 243.2 245.6 246.7 244.5 243.3 244.9 245.8 245.1 241.8 239.6 238.6 242.1 241.1 241.4 240.9 239.8 239.1 239.5 239.4 239.1 238.8 234.8 232.6 230.5 225.2 222.1 218.5 213.6 208.3 207.6 202.1 198 194.5 189.9 185.1 182.5 180.3 174.5 174.5 174.5 174.5 174.5 174.5 174.5 174.5 174.5 174.5 174.5 174.5 174.5 174.5 174.5
260.3 247.1 233.7 222.8 206.9 195.6 189.3 188.6 188.2 188 189.7 192.8 196.6 198.6 202.4 206.4 211.3 218.2 226.2 231.2 237.6 241.9 245 249.1 248.5 252.3 257.1 260.8 261.5 259 257.8 256.8 256.4 255.8 253.2 252.2 251.1 251.7 251.5 251.6 250 249.9 249.9 249.9 251.7 248.6 246.1 241.2 242.9 237.3 232.9 231.1 224.6 219.4 214.4 209.8 207.4 205.1 197.6 190.6 186.9 185.8 182.1 179.8 174.5 174.5 174.5 174.5 174.5 174.5 174.5 174.5 174.5 174.5 174.5 174.5 174.5 174.5
258.1 245.1 234.2 230.2 205 192.5 189.2 188.9 188.5 189.9 191.8 194.2 198.1 201.5 207.8 213.7 217.1 224.9 233.1 240.2 246.5 250 252.8 254.8 262.1 265.2 268.5 271 274.4 270.1 269.2 268.9 268 265.7 264.3 267 265.8 264.3 262.9 262.9 261.3 261.6 261.3 260.4 259.8 256.1 251.9 249.6 247.4 242.9 237.5 233.7 228.2 222 219.7 214.7 212.8 205.6 199.2 193.2 193.5 189.2 184.9 181.1 176.4 174.5 174.5 174.5 174.5 174.5 174.5 174.5 174.5 174.5 174.5 174.5 174.5 174.5
252.5 239.4 226.4 211.8 197.6 191.5 189 188.7 188.3 190.7 193.6 197.5 202.2 207 214.4 218.6 223.4 233.1 241.7 250.7 255 258.7 265.4 270 277.2 279.7 284.5 286.4 286.6 284.7 282.5 281.8 280.5 277.9 279.5 277.1 276.8 275 273.4 272.2 270.4 269.9 271.8 270.7 268 265.3 259.9 257.1 253.5 248.4 243.5 237.6 234 230 224.3 221.5 218.3 210.3 205.6 202.9 199.7 193.5 189.1 184.2 180.4 174.5 174.5 174.5 174.5 174.5 174.5 174.5 174.5 174.5 174.5 174.5 174.5 174.5
245.6 231.5 219.4 209.8 199.8 191.6 188.9 188.4 189.3 191 194.2 199.8 204.9 213 219.2 225 228.6 240.8 247.5 254.4 264.1 269.7 276.7 282.1 286.6 290.5 294.6 298.6 302.8 295.7 296.1 294.5 294 294.6 293.3 289.4 288.5 286.4 283.7 282.5 281.5 280.6 281.7 280.5 277.5 273.6 268.2 264 256.9 253.9 245.6 242.4 239.2 234.3 230.4 228.2 220 213.4 210 206.8 200.8 195.3 189.4 186.5 185 178.3 174.5 174.5 174.5 174.5 174.5 174.5 174.5 174.5 174.5 174.5 174.5 174.5
241.7 232.6 220.7 210.7 199.9 192.1 189.3 188.6 189.8 192.5 196.6 202.1 210.4 217.3 219.1 232.6 240.1 247.1 254.4 262 270.4 281.9 288.7 294 297.9 302.2 306.8 309.9 310.2 307.2 307.9 308.3 309.5 307.9 305.7 302.5 300.2 299 295.6 293.5 294 293.6 290.6 287.3 284.4 281.1 272.9 265.7 262.6 255.8 247.5 245.8 242.4 240 235.7 228.1 222.2 220 216.4 208.8 201.8 198.6 193.4 188.3 184.5 181.3 174.6 174.5 174.5 174.5 174.5 174.5 174.5 174.5 174.5 174.5 174.5 174.5
241.9 228.3 222.3 214.1 200.3 193 190.2 189.4 189.3 193.8 199.6 208.7 215.1 222.1 229.4 237.5 246 252.6 263.3 270.9 281.6 290.1 298.6 304.4 311.4 315.4 318 322 323.1 320.2 322.1 323.8 323.6 322.6 321 316.4 312.5 309.4 307.1 304 304.7 301 298 294.8 290 287.5 274.6 266.6 260.8 255.1 250 246.3 244.1 240.5 234.9 230.2 227.5 223.1 218.2 210.6 205.4 200.8 196.6 191.4 185.8 182.2 178.9 174.5 174.5 174.5 174.5 174.5 174.5 174.5 174.5 174.5 174.5 174.5
236.2 228.7 223.9 213.2 207.2 195.6 189.7 189.8 190.9 194.9 202.3 213.5 219.4 228.2 235.1 244.9 252.3 262.2 269.2 278.3 290 299.7 307.9 316.4 322.2 327.1 329.4 331.7 332.2 332.6 335.5 337.2 340.1 339.8 337.3 333 324.4 321.4 316.8 314.3 312.3 310.1 303.7 302.1 297.5 286.5 275.6 267.5 261.2 256.3 251.9 247.3 243.5 238.3 233.9 231.3 232.7 226.3 218.4 213.7 208.9 202.7 197.9 192.5 189.2 184.5 180.4 174.5 174.5 174.5 174.5 174.5 174.5 174.5 174.5 174.5 174.5 174.5
236.2 230.1 221.5 214.1 205.2 195.9 192.2 190 193.1 196.5 205.5 214.8 224.3 231.5 235.6 249.5 258.1 267.2 276.2 288.4 296.3 307.9 314.4 323.4 331.4 337.8 342.8 341.5 344.3 347 347.3 348.3 354.1 357.3 352.7 345.3 339.2 331.6 327.4 325.6 321.5 317.4 311.8 305 299.8 285.2 277.1 270 264.4 258.9 255.1 248.1 242 238.7 233.7 233 231.4 224.6 217.9 213.5 209.2 204.6 199.4 196.1 190 186.2 180.1 174.5 174.5 174.5 174.5 174.5 174.5 174.5 174.5 174.5 174.5 174.5
240 231.5 220.3 214 203.1 196.2 193.2 189.9 194.7 195.9 205 215.1 224.1 232 240.3 252.9 263.3 273.4 284.1 296.5 305.8 315.3 324.3 331.1 340.3 343.9 349.1 351 355.9 359.1 361.4 364.6 365.7 366.1 365.2 362.4 355.4 345.9 338 334.9 327.6 320.9 316.9 304 296 284.6 278.5 271.3 265.6 261.1 253.1 247 240.9 236.5 233.8 231.7 229.2 223.9 218.8 215.4 210.9 205 199.6 195.4 191.8 186.2 180.6 178.6 174.5 174.5 174.5 174.5 174.5 174.5 174.5 174.5 174.5 174.5
238.2 227.2 220.2 212.5 204.6 199.5 194.1 192.5 193.2 196.1 203.7 213.4 223 234 246.6 259.1 270.4 280.5 293.2 306 317 326.5 334.2 342.1 347.5 351.4 354.5 360.2 366.1 371.4 376.2 374.6 374.2 376.9 376.7 374.4 367.8 362.6 347.7 340.6 332.1 323.6 313.7 307 296 287.5 278.8 270.9 266 256.5 248.3 244.5 238 236.8 233.7 231.6 227.9 223.3 220.3 215.6 211.5 206.9 200.7 196.3 191.5 186.1 183.5 177.9 174.5 174.5 174.5 174.5 174.5 174.5 174.5 174.5 174.5 174.5
237.3 231 219.6 213.1 206.3 199.5 195.1 194.6 193 196.1 203.1 212.1 222 235.1 249.6 264.7 278.5 292.4 305 316.2 325.4 335.7 343.1 346.3 350.6 360.1 365.6 369.7 377.6 385.4 385.7 386.9 389 386 384.1 380.1 373.6 363.1 353.2 346.5 342.9 324.7 313.7 304.4 293.9 285 280.2 272.6 260.9 254.9 246.2 240.5 238.2 238.8 233.8 228.7 225.4 223.5 220.7 216.7 210.5 206.7 201.7 195.9 190.3 185.8 182.6 178.3 174.5 174.5 174.5 174.5 174.5 174.5 174.5 174.5 174.5 174.5
235 229.2 222.2 213.8 206.5 201.4 197.3 195.6 194.3 195.6 201.6 209.7 221.4 239.6 257.3 271.2 286.2 301.7 313.2 325.5 337.7 343.9 351.4 356 362.3 368.9 372.5 380.4 386.9 392.9 397.2 401.8 400 399.4 389.1 382 373.4 364.8 358.4 351.4 337.9 323.9 311.2 303.2 290.7 285.6 281.2 268 261 250.7 242.6 239.3 239.3 239.4 232.5 228.1 225.6 222.7 219.7 216.4 211.5 207.2 201.3 196 190.4 185.6 183 180.3 174.5 174.5 174.5 174.5 174.5 174.5 174.5 174.5 174.5 174.5
234.7 228.8 220.4 212.9 207.1 200.9 200.4 195.5 196.5 198.2 203 210.4 223 244.1 262.8 278.9 293.1 311.4 320.6 331.4 342 351.4 360 367.5 371.3 376.3 381.6 390.4 393.3 398.5 405.1 405.8 407.9 403.9 403.6 385.9 377.4 371.4 359.3 345.8 333.2 318.7 307.4 296 289.1 281.1 272.6 262.5 258.2 248 240.6 239.8 238.7 235.8 230.5 227 226.5 224.6 219.3 215.8 211.8 206.4 202.1 195.6 190.4 187.5 184.3 181.4 178.7 174.5 174.5 174.5 174.5 174.5 174.5 174.5 174.5 174.5
234.5 226.2 216.6 213.7 208.6 204.3 201.1 198.8 198.5 200.1 206.8 215.8 230 251.9 268.8 282.5 302.4 316.4 328.3 337.2 349.8 354.9 364.1 371.5 382.7 389 394.7 399.2 401.8 402.7 405.8 408.5 409.4 411.9 401.8 387.5 380.4 375.5 364.2 339.9 327.8 314.2 302 291.9 284.4 275 267.8 257.6 249.3 243.3 240.3 239.3 237.1 233.5 230.5 227.4 228.5 227.9 220.1 215.9 210.3 208.3 204.2 194.4 191.3 188.7 184.8 179.9 174.8 175.7 174.5 174.5 174.5 174.5 174.5 174.5 174.5 174.5
234.7 226.7 220.3 215.7 214.1 211.2 207.1 203 201.2 202.1 211.9 218.9 239.4 259.7 277.8 294.4 310.9 323 331.5 342.3 351.3 362.6 371.1 382.1 391.4 398.4 401.1 407.1 410.1 410.5 413.4 411.3 412.4 407.2 403.5 392.7 379 369.7 354.6 338.4 322.8 311.2 298 286.5 277 267 259.3 252.2 247.2 242.3 240.7 237 235.4 232.9 230.3 229.7 229.8 228.8 223.1 217.4 211.3 205.2 199.6 196.6 191.7 190.3 186.4 183.4 180.9 179 177.5 174.5 174.5 174.5 174.5 174.5 174.5 174.5
235.7 228.4 224.8 220.9 218.8 215.4 210.8 206.6 202.2 202.5 211.8 226.1 243.6 261.3 282.3 302.1 315 326.1 338.8 349.2 361.1 372.7 383.9 393.1 395.4 402.8 410.3 419.3 425.9 419.6 420.3 419.4 412.7 407.6 397.9 386 372.6 357.6 348.1 333.8 322.7 314.9 294.3 279.2 268.2 262.9 257.1 250.2 245.3 245.9 245.2 239.7 239 234.7 231.3 230.5 229.9 228.5 225 216.1 211.2 207.1 207 199.4 196.3 190.6 189.6 186.7 185.6 182.1 180.7 179.7 176.4 174.5 174.5 174.5 174.5 174.5
237.4 234.2 231.1 226.3 223.8 219.2 213.4 206.6 203.7 204.2 212.3 229.4 252.7 274.7 293.9 306.5 316.8 335 344 355.7 370.3 379.4 388.5 395.9 406.1 416.7 420.9 425 430 430.4 426.7 422.9 420.3 407.6 396.8 383.6 368.4 355.2 344.5 327.6 315 301.2 285.7 272.3 264.8 263.5 259.7 254.6 251.6 250.2 248.1 243.3 240.9 237.3 232.7 229.8 229 228.7 225.4 217.5 212.8 215.2 211.7 207 202.7 199.5 197.5 193.3 190.2 186.5 185.1 181.7 181.7 180.2 180.5 177.4 174.5 174.5
245.2 241 237.7 232.5 228.4 220.2 211.3 207 204.8 208.1 216.9 234.6 258 281.3 296.7 310.4 319.5 332.9 350.7 367.9 376.9 386.7 397.7 407.3 413.6 420.5 427.8 430.5 434.4 434 431.6 430.5 419 407.9 397.4 382.4 365.7 357.2 341.6 323.5 302.8 289.2 278.3 268.1 263.9 263 261.1 256.4 254.5 253.1 251.5 246.4 239.9 240 234.4 229.1 226.8 227.2 220.8 220.7 221.8 220 216.3 214.1 208 205.8 205 199.4 195.7 191.1 188.2 185.6 187.7 183.7 183.5 182.4 180.6 177.3
252.2 248.7 241.7 231.4 226.9 220 211.5 207.6 206.3 208.6 221.3 240.8 261.6 285.6 299.3 310.9 325.3 340.7 359.2 372.5 385.3 398.8 408.1 416.9 422.5 431.4 436 439.3 437.8 440.3 443.7 431.5 425.7 407.5 390.2 371.6 360.2 351.4 327.6 311.5 300.3 289 278 268.6 263 262.4 260 257.7 254.4 252 249.8 245.6 242.9 242.6 236.9 231.6 228.4 227.8 229.1 227.6 226.6 226.8 224.5 221.2 216 214.8 213 207.5 200.1 198.1 194 192 191.5 188.7 186.7 186.7 182.6 177.6
253.6 248.6 243.7 232 224.6 219.6 211.4 208.2 207 209.6 228.4 250.2 270 287.1 299.6 314 332.9 353.4 362 374.8 390.8 403.8 418.3 424.7 430.3 437.2 441.2 442.3 449 451.4 444.8 438.7 423.7 405.7 389.4 368 354.2 335.8 318.7 308.4 300 291.8 277.8 273.2 264.4 260.8 258.7 255.4 252.7 251.6 248.9 247.7 244.8 245.9 243 238.1 235.4 237 235.9 232.9 233.1 233 229.4 226.7 224.8 221.4 217.3 211.8 205.8 205.4 203.6 203.4 202.3 195.6 192.7 191.5 181.7 174.5
