Game/Highland_Data/StreamingAssets/GeoData/Data/nx/NX59.asc
ncols 200
nrows 200
xllcorner 250000
yllcorner 590000
cellsize 50
[rows 0 to 34 of 200, columns 0 to 78 of 200]
222.6 223.4 228.7 234.4 235.2 238.8 239.2 242.9 244.8 248.4 252.2 255.4 253.2 254.7 255.9 258.1 260.8 263.2 265 265.2 265.4 264.3 262 259.9 262.4 264.2 265.8 266.8 267.6 269 263 264.6 267.8 274.4 278.1 281.4 285.1 288 291.6 296.8 299.8 304.2 308.4 313.2 314.6 316.3 317.6 318.9 319.2 318.6 319 319.5 321.4 320.8 319.7 318.9 321.6 325.8 330.8 334 338.2 342.4 345.8 348.7 352.1 354.6 357.5 358.5 358.9 356.5 353.9 351.6 349 346 339.2 332.9 331.3 328.2 322.9
217.2 220.2 221.8 227.4 231.1 234.2 235.7 238.9 241.8 245.1 247.1 250.6 253.3 254.2 254.3 254.5 255.9 257.9 259.7 260.2 261.1 259.2 258.5 260.7 263 264.9 264.7 265.3 265.4 265.9 260.5 264.4 268 272.7 275.8 279.2 282.1 286.5 290.5 294.2 300.4 303.6 308.2 313.3 313.6 314.8 317 319.2 318.7 317.3 317.4 317.6 317.9 318.7 316.9 318.3 320.6 326.2 330.7 333.8 336.8 341.3 344.7 349.1 351.5 353.1 354.8 355.4 354.4 352.3 350.2 348.2 346.3 343.8 338 332.6 331 328.1 320.8
216.5 218.5 219.4 221.2 227 230 232 234.9 238.2 241.1 244.6 246.7 247.5 250.4 251.7 251.8 252.7 253.6 255 255.2 254.4 254.9 257.6 260.1 264.1 264.5 262 262.7 263.6 264.3 258.1 265.2 269.2 270.6 273.5 275.3 280.4 284.8 289.6 293.9 297.9 301.3 304.9 307.8 311.7 313.1 315.3 318.7 316.1 316.2 315.1 315 315.1 316 315.5 317.1 319 322.3 329.5 332.2 336.6 340.5 344 347 350 352.4 353.1 355.3 352.5 349.9 348.3 345.5 342.9 340.8 336.8 332.8 330.7 328.6 322.2
215.4 215.9 217 219.3 222.5 225.9 228.6 232.6 237.1 238.4 239.9 243.8 244.6 247.4 248.8 249.8 250.4 252.3 251.7 252.1 252.8 254.6 255.3 257.9 260.6 262 260.1 259.7 261.1 259.9 256.5 261.6 262.7 266.2 270.2 273.1 277.2 280.9 288.4 291.8 295.2 298.3 303.5 305.6 309 310.1 311.7 313.8 312.9 313.8 312 312.2 312.9 315.1 312.9 315.3 317.6 318.1 323.6 328.9 334 338.6 343.3 347.1 350.7 353 354 353.6 351.7 349.9 347.8 344.1 341.2 337.4 333.8 331.4 328.9 327.2 322.7
215.1 215.7 216.3 217.4 221.7 223.7 225.2 226.4 232.1 236 238.4 238.1 241.8 245.6 247.9 247.8 247.6 247.7 249.3 248.9 250.1 250.8 252.6 253 255.6 256.5 254.7 256.2 258.6 257.5 252.2 255.6 261.1 263.6 268.6 270.2 273.4 277.1 282.2 285.4 290.6 296.3 299.8 302.3 303.7 305.3 307.1 308.2 309.6 309.3 309.2 310.4 310.8 312.6 314.2 312.7 313.7 315.8 321.1 326.2 332 337.3 342.2 345.7 351.7 354.9 355.8 354.1 352.6 351 347.5 343.7 340.2 335.9 331.6 329 326.9 324.9 321.7
215.2 214.5 215 215.4 220.9 221.7 222.7 223 225.4 232.6 236.6 233.4 234.2 238.1 241.7 242.8 243.9 245.4 247.5 245.4 245.9 248 250.3 249.4 250 249 249.6 250.7 255.6 252.9 251.7 253.7 257.5 259.5 262.9 267.1 269.4 270.8 277 280.8 285.4 291.9 294.4 296.8 298.5 301.1 302.5 303.7 304.8 305 306.8 307.8 309.4 308.8 310.2 308.4 309.5 314.1 319.3 323.4 329.6 335.1 340.6 345.3 349.8 355.1 357 356.4 354 351 347.8 344.3 339.6 335.2 330.6 327.8 324.6 321.5 319.5
207.5 212.3 207.5 207.5 215.1 222.1 221.8 220.8 223.6 226 227.4 229.4 232.2 234.2 237.1 237.4 239.2 241.8 242.4 241.7 242.7 245 245.8 246.6 244.6 245.5 245.1 245.1 251.2 248.5 254.4 251.7 253.3 256.4 258.8 262.2 266.8 268.4 272.2 276.5 278.7 284.1 287.7 290.3 293.2 295.4 297.1 299.1 300.3 302.5 303.8 305.1 304.3 305 305.8 304.6 308.2 312.1 317.1 323.1 327.5 333 338.7 344.6 348.9 353.2 355.2 357.5 354.8 352.1 348.5 344.2 340.1 334.8 330.9 327 322.7 319.5 316.6
207.5 207.5 207.5 207.5 213.8 217.9 217.2 219.1 221.8 223.2 226.3 228.7 232.4 231.7 232.6 235.1 236.7 238.5 239.4 238.5 239.9 240.2 240.7 240.9 240 241.7 240.4 240.2 244.5 245.6 250.4 251.5 254.6 255.5 257.5 260.8 262.5 264.4 267.3 266.9 272.2 279.3 283.6 286.9 286.7 287.1 288.5 289.8 292.6 297.9 300 299.3 301.1 302.5 302.7 304.8 307.4 312.3 316.3 321.7 327.3 331.6 337 344 349.3 353.1 356.2 355 357.6 355.1 351.1 346.3 339.9 334.6 330.7 325.7 320.8 317.1 314.8
207.5 207.5 207.5 207.5 207.5 207.5 207.5 214.3 216.2 222.6 224.3 225.6 226.9 229 229.8 232.4 234.1 236.8 235.6 235.9 236.8 236.2 236.8 236 236.7 237.2 237.3 237.8 239.6 244.5 249.8 252.2 254.3 253.5 254.8 258.6 259.7 264.2 264 266.7 272.2 275.4 278.7 281.8 283.4 284.6 285.5 287.5 288.7 291.7 295.8 295.4 296.8 298.5 302 304.2 307.7 309.9 315 320.5 325.2 330.3 335.4 342.7 347.8 351.1 352.3 353.6 355 355.9 349 345.7 340.2 335.3 331.5 327.6 321.8 315.7 311.5
207.5 207.5 207.5 207.5 207.5 207.5 207.5 207.5 216.2 219.2 222.9 223.9 224.2 226.7 228.5 230 230.9 233.1 233 233.4 234.6 234.1 234 233.3 232.7 233.5 233 233.2 242.4 246 248.4 250.3 251.1 250.9 251.4 256.7 257.5 259.1 261.9 265.4 268.9 270.8 273 278 280.4 280.4 282.2 284.7 285.6 287.4 290.9 292.2 295.2 297.7 298.8 301.7 306.8 308.6 312.6 319.3 325.2 329.8 334 339.7 345.2 348.4 351.3 352.9 353.6 351.6 348 343.9 340.8 337.3 333.6 327.8 320.9 314.2 308.6
207.5 207.5 207.5 207.5 207.5 207.5 207.5 207.5 214.2 217.3 219.4 220.8 219.4 224 225.6 227.4 228.2 229.6 229.6 229.6 230.1 230.7 231.3 230.9 231 230.2 231 229.5 239.6 244.1 246 246.8 248.3 248 249.5 253.3 255.5 258.6 261.4 263.8 264.9 266.3 269.6 272 275 275.6 279.4 281.7 284.5 285.2 288.4 291.2 291.6 293 295.3 299.7 304.5 307 311.4 316.1 323.3 328.5 332 337.2 342.1 346.4 349.5 351.9 352.4 351.4 349.2 345.1 342 336.7 331.4 325.7 318.7 313.1 306.9
207.5 207.5 207.5 207.5 207.5 207.5 207.5 207.5 207.5 215.7 215.4 215.3 216.3 218.2 219.5 221.6 224 224.2 226.4 227.3 226.8 228.8 228.9 228.5 228.4 228.5 227.8 229.6 238.1 242 243.4 242.4 242.3 243.9 245.2 250.3 255 256.8 259.4 261.2 262 262 265.3 267.6 268.3 270.4 273.8 276.3 281.3 283.3 285.9 287.7 288.9 290.5 292.5 297.2 303.2 303.8 309.1 315 321.2 325.6 330 331.9 336.8 343.5 349 352.1 355.2 357.1 351.7 346.5 340.8 334.3 329 322.9 317.2 310.9 304.4
207.5 207.5 207.5 207.5 207.5 207.5 207.5 207.5 207.5 207.5 207.5 209.2 215 214 209.7 216.5 217.8 220.8 223.8 224.1 224.7 225.1 225.3 226.3 226.8 226.5 225.5 227.2 234.1 239.6 242 241.4 239 240.5 242.7 246.9 251.4 254.1 255.9 256.5 259 260.7 265.7 266.4 265 266.5 270.1 272.2 272.8 280.7 283.8 286.5 288.8 291.1 292.1 294.1 297.4 301.9 305.6 308.7 314.9 321.8 325.9 329 335.5 342.8 351.6 354.5 355.5 356.4 350.3 344.1 338.6 331.4 325.4 320 313.8 308.4 301.6
207.5 207.5 207.5 207.5 207.5 207.5 207.5 207.5 207.5 207.5 207.5 207.5 207.5 207.5 207.5 207.5 207.5 215 218.8 220.7 222.3 223.5 223.5 224.3 224.2 224 222.5 225.8 230.4 236.2 240.5 240.1 236.4 238.8 240 243.9 247.2 252.1 254.2 255.1 256.3 259.8 264 266.1 263.4 262.7 264.9 269.8 274.1 278.9 283.1 284.9 286.5 289.9 290.7 291.2 296.9 300.8 305.5 310.4 312 319.2 325.5 329.9 335.2 342.3 346.6 348.3 349 347.6 344.9 340.4 333.6 326.6 322.1 316 310.5 306 299.1
207.5 207.5 207.5 207.5 207.5 207.5 207.5 207.5 207.5 207.5 207.5 207.5 207.5 207.5 207.5 207.5 207.5 207.5 213.9 217 218.4 220.9 221.4 223 222.6 221.7 221.4 224.4 226.4 232.3 237.9 238.1 234.7 235.6 237.7 241.6 244.6 248.1 249.9 251.7 254.7 257.6 261.8 263.9 260.4 263.3 265.5 267.2 272.8 276 277.4 280.5 283.5 283.8 287.1 290.6 295.5 299.5 304.6 311.7 310.1 316 322.7 329.2 325.5 327.5 331.5 336.8 340.7 342 338.7 334.9 327.8 321.8 318 312.8 307.4 301.6 296.6
207.5 207.5 207.5 207.5 207.5 207.5 207.5 207.5 207.5 207.5 212.5 207.5 207.5 207.5 207.5 207.5 207.5 207.5 207.5 215.9 216.2 218.5 220 221.3 220.5 219 219.2 221.2 224.2 228.7 235.1 236.7 232.5 234.1 236.4 238.4 241.2 243.9 246.7 250 251.2 254.4 258.2 259 255.4 260.8 262.1 267.3 271.2 274.2 275.6 279.2 283.7 282.4 283.5 288.8 293.5 297.5 302.5 306.8 309.9 304.9 315.4 322.3 325.9 327.3 328.1 328.4 330.3 331.1 331.1 327.3 321.8 319 314 310.1 304.4 298.3 293.8
207.5 207.5 207.5 207.5 207.5 207.5 207.5 207.5 207.5 214.7 214.8 217.3 216.8 217.1 216.7 213.6 215.1 216.1 213.7 212.9 213.4 215.3 216.4 217.6 217.2 217.9 218.2 219.4 223.3 227.7 233.2 234.8 230.8 231.4 234.3 236.5 239.4 240 241.8 243 244.1 247.8 252.3 252.7 255.2 257.7 267.3 271.5 271.6 275.3 278 278.9 281.2 284.4 284.3 285.3 290.9 294.5 297.4 302.4 301.4 301.3 312.3 316.2 317.6 320.2 315.6 317.2 320.5 323.2 322.3 321.1 318.1 312.6 309.8 305.9 301.2 294.3 290.2
207.5 207.5 207.5 207.5 207.5 207.5 207.5 207.5 214.5 220.5 220.5 221.7 220.8 220.8 221.7 220.5 220.3 218.9 215.5 212.9 213.1 213.9 214.8 215.8 216.1 216.4 216.6 219.1 223.2 228.6 233.2 235.1 231.4 232.1 236.5 234.1 235.4 235.8 240 243.1 246.5 248.1 250 254.9 255.2 262 269.3 272.3 273 275.3 278.4 280.8 281 282 283.8 283.3 288.7 291.3 293.1 294.7 295.5 295.7 297.9 305.7 308.1 310.2 307 307 310.7 314.7 315.9 315.6 313 308.6 303.7 300.1 296.9 289.5 287.4
207.5 207.5 207.5 207.5 207.5 207.5 207.5 207.5 219.3 223.1 223.7 223.7 223.6 222.5 223.5 223.1 222 219.9 217.6 212.8 213.3 214.4 214.8 215.8 215.8 215.1 215.6 216.3 220.6 226.1 231.1 234.9 234 224.8 227 228.3 233 236.4 242.2 244.5 246.1 247.6 251.5 255.6 255.3 260 268.9 272.2 273.7 274.1 277.4 279.6 281.1 281 280.7 283.3 285.7 287.9 288.8 290.3 293.2 294 295.8 297.5 301.5 304.5 306.5 309.6 311.5 311.3 312.7 311.5 308.2 301.3 297.6 295.1 287.4 286.3 285
207.5 207.5 207.5 207.5 207.5 207.5 207.5 217.8 221.5 223.2 223.3 224.8 225.4 225.1 224.1 223.1 222.5 220.5 216.2 215 213.5 215.3 215.7 215.6 215.4 214.9 217.7 217.3 219.6 225.4 228.7 232.2 233.2 225.2 222 228.9 234 239.5 242.5 244.4 247.6 250.1 250.6 253.2 254.7 261.5 267.8 270.8 273.1 273.7 275.9 277.7 277.8 281.2 283.2 285.8 287.2 289.5 292.7 295.9 297 299.5 301.8 299.4 308.6 310.9 309.1 312.1 313.8 316.5 315.3 312.9 304.6 297.5 291.7 287.8 284.6 283.3 282
207.5 207.5 207.5 207.5 207.5 207.5 207.5 213.6 221.2 222.1 222.9 225.8 225.1 225.6 224.6 223.7 222.8 220.2 213.4 213.1 214.7 214.9 215.3 215.4 214.5 213.4 213.9 214.6 216.7 218.7 225.1 228.6 232.6 227.1 219.7 229 234.1 236.8 241.8 246.5 248.4 249.9 251.5 252.9 254.9 260.4 267.1 269.1 269.5 268.9 273.5 277 279.2 281.6 285.1 287.1 287.3 290.3 292.3 294.9 298.4 301 303.1 307.2 305.5 307.6 311.2 313.8 315.9 318.3 317.6 313.3 308.3 304 292.7 290.3 285.9 284.4 282.2
207.5 207.5 207.5 207.5 207.5 207.5 207.5 207.5 216.6 217.1 219.1 222.3 223 223.8 224.3 222.6 220 221.5 214.1 214.9 214.8 214.3 216 214.4 214 212.9 213.2 213.4 214.7 216.2 221.9 224.5 227.6 226.8 219.3 227 232.9 238.9 243.8 247 247.6 248.8 251.6 253.6 251.3 251.3 259.6 262.7 267.8 270.8 274.4 277.6 281.1 282.9 286.3 288 288.6 290.4 293.7 295 297.2 300.9 304.9 309.7 313.5 315.2 317.5 320.9 319.8 317.7 316.1 312.3 307 299.3 294.7 291.5 288.5 284.2 283.1
207.5 207.5 207.5 207.5 207.5 207.5 207.5 207.5 207.9 214 215 217.2 218.2 216.8 217.4 217.7 217.2 215.6 215.3 215.9 216.9 215.2 213.9 214 212.9 212.8 212.6 214.6 213.8 213 216.2 217.6 220.8 219.8 225.7 228.1 233.3 236.9 241 244.4 245.3 247.8 251.5 253.2 246.4 260 264.6 267.6 269.5 271.4 275.8 278.3 280.8 282.5 284.9 287.4 288.6 290.3 292.6 294.2 295.2 300.7 306 308.6 313.1 318.5 323 325.4 327.3 327 326 317.4 312.3 305.4 301.6 294.1 288.1 286.7 284.4
207.5 207.5 207.5 207.5 207.5 207.5 207.5 213.3 216 213.9 214.6 215.4 217.4 218.8 218 219 218.4 217 217.2 217.9 216.7 215.6 215 213.7 212.2 211.8 212.6 211.1 210.8 210.8 212.3 213.1 214 222.6 221.2 226.2 231.4 234.5 235.7 240.3 242.2 244.1 248.3 241.2 257.5 260.1 264.7 268.7 270.7 271.7 274.8 277.8 279.9 282 284.7 285.7 288 289.9 291.2 293.4 294.8 298 306.4 312.1 316 322.7 327 329 331.4 333.2 331.7 322.2 318.5 317.3 311.4 305.3 298.5 291.7 287.5
207.5 207.5 207.5 207.5 207.5 207.5 207.5 215.1 220.2 219.7 219.4 220.9 221.6 225.3 223.9 224 223.9 222 219.8 218.6 217.9 216.5 214.9 215.3 212.5 212.1 211.3 210.6 210.4 209.9 211 212.2 213.2 216.5 219.4 223.9 226.8 230.3 232.2 235.1 236.2 238 236.4 249.3 255.3 255.1 261.8 265 267.4 271.9 273.8 276.2 280 282.9 285.1 286.4 288 290.3 293 293.7 296 300.8 305.8 314.7 318 323.1 328.9 333 335.3 336.6 336.5 333.8 334.8 328.7 319.5 316.9 310.4 300.9 290.7
207.5 207.5 207.5 207.5 207.5 207.5 214.1 215.6 221.4 222.9 223.1 224 224.5 224.9 225.9 226.4 227 226.8 224.2 222.8 220.8 218 215.7 214.1 212.5 214.1 212.1 211.4 211.9 210 210.5 211.7 212.7 214.1 216.5 222.3 223.6 226.2 229.3 233.3 230.3 235.2 246.5 249.5 255.9 260.5 266.2 270.2 273.2 273.9 273.8 276.6 280.3 282.4 284.7 286.3 287.6 289.8 293.5 295.6 297.3 301.9 308.6 311.6 316 323.5 329.4 336.3 341 342.1 341.2 341.5 339.3 335.3 330.2 327.8 320.9 310.5 302
207.5 207.5 207.5 207.5 207.5 207.5 216.3 216 220.1 225.7 223.8 225 226.2 227.4 228.6 229.7 231.5 235.2 233.2 228 224.1 218.9 216.2 213.4 212.9 212.7 212 212 208.7 209.7 209.9 209.9 221.1 219.9 217 218 219.6 221.6 229.2 235.6 238.9 244.5 249.7 252.9 256.2 260.7 266 270.3 273.1 275.4 275.6 277.5 279.7 281.7 283.5 285.8 287.5 288.7 291.3 295.6 299.5 302.7 307.4 311.7 318.3 323.9 331.3 338.2 344 346.9 347.2 347.2 347.5 341.7 339.3 336.4 331.1 322.2 313.5
207.5 207.5 207.5 207.5 207.5 207.5 207.5 215.9 218.3 221 222.2 225.3 229.6 232.5 232.9 238.7 235.8 235.5 235 229.8 225.7 223.1 218.2 214.6 212.5 212.5 211.5 208.4 208.3 208.9 208.6 208.6 219.5 220.7 220.2 220.6 220.7 224.8 231.7 235.8 239.1 244.3 250.6 254 255.5 260.3 264.7 268.8 272.1 275.3 277.6 278.9 278.4 280.6 282.7 284.6 287 288.8 290.4 297.2 302.1 305.9 308.5 312.5 320.7 328.1 333.8 341 348.2 351.7 351.9 352.2 354 349.4 345.3 342.2 337.9 331.8 322.2
207.5 207.5 211.1 207.5 207.5 214.8 215 218.6 220.6 224.3 224.9 227.2 232.1 235.4 236.1 238 239.1 240 232.7 229.2 228.3 226.1 223.7 220.1 215.7 211.3 209.8 207.4 207.9 207.7 207.5 207.5 211.2 211.5 218.1 219.7 221.4 223.3 227.8 233 237 241.8 247.1 249.9 253.7 259.1 264.4 268.4 271.7 274.9 278 279.8 280.7 279.5 282.2 284.2 285.7 288.1 290.8 295.8 300.9 305.6 309.7 314.7 323.7 329.9 337 342.9 349.4 354 359.4 358.4 357.4 353.3 350.7 347.8 344.4 337.5 330.1
207.5 207.5 207.5 212.2 213.9 216.1 217.5 219.7 223.5 225.1 231.8 233.1 236 237 237.7 238.5 238.7 237.8 234.9 233.6 230 227.2 225.6 223 219.1 214.6 212.4 209.7 207.1 208.4 207 207.1 207.8 218.2 218 216.8 221 222.8 225.8 229.8 233.5 240.4 244.5 248.5 253.5 257.5 263 267.5 270.7 274.7 278.2 279.6 281.4 280.7 282.7 283.5 287 290.4 292.8 296 301.4 308 312.9 317.4 322.8 328.3 337.5 344.6 351.5 357.2 361.8 363.7 363 360.4 356 353.1 350.5 344.1 337.7
207.5 207.5 207.5 216.6 218.1 219.6 222.1 222.7 223.8 227 232.5 236.1 238.8 240.4 244.7 242.3 239.8 238.8 237.4 237.3 230.5 227.9 227.1 225.1 221.9 217.1 213.5 210.3 207.8 206.3 207.4 210.7 214.6 214.2 212.8 210.8 215.6 220.2 224.2 227.8 231.2 239.9 243.3 247.6 252.8 256.9 262 266.5 269.7 273.8 277.5 280.2 281.2 281.9 283.4 285.2 288.1 291.3 294.4 297.8 300.8 305.5 312 316.6 323.9 329.6 338.5 347.2 354 360 365.2 369.9 369.1 365 359.4 356 353.1 348.1 341.8
207.5 207.5 207.5 216.1 220 222.7 223.6 223.4 225.2 227.8 234.4 240.5 241.1 242.9 246.2 245.4 243 241.7 239.7 236.9 233.4 232.8 229.2 228.1 226.2 218.9 214.6 212.1 210.1 206.7 206.7 215.7 215 209.6 207.7 209.6 213.8 217.6 222 225.9 231.2 236.9 242 246.5 251.8 256.9 260.7 265.1 268 271.2 275.8 278.9 280.8 282.6 283.7 285.4 287.6 291.2 294.9 298.5 301.7 306.1 311.8 317.4 323.2 333.1 341.4 348.2 356 363.8 369 371.7 372.3 371.7 367.7 361.2 354.7 349.3 342.5
207.5 207.5 215.4 218.7 222.6 224.4 226.7 228.3 227.6 230.8 232.4 243 248.4 247.5 249.5 249.5 250.7 250.8 246.2 241.4 240.8 236.8 234.3 230.1 226.8 221.2 214.1 212.2 208.8 207.2 205.6 210.5 210.7 207.3 208.1 209.2 210.6 216.7 220.1 223.4 230.2 235.3 240.9 244.9 250 255.5 259.4 262.4 265.4 269.6 274.1 277.6 279.6 283 284.8 286.7 289.5 291.2 295.2 298.9 303.3 307.7 314.7 320.6 327.3 337.1 342.2 349.8 356.2 365 371.7 375.5 377.1 376.3 374.9 369.1 361.5 352.8 346.3
207.5 207.5 207.5 219 224.8 228.8 229.9 231 230.6 232.3 240.3 247.2 249.1 255.4 254.8 255.4 254.5 253 249.6 246.5 244.2 244.3 239.7 233.3 229.8 223.1 215.2 213.7 208.7 208.6 207.5 206.5 206.5 207.3 208.3 209.1 209.7 216.6 219 221.8 228.3 234.4 237.1 242.2 247.9 253.4 257.6 260 263.4 268.5 272.6 276.4 279.7 282.4 285.4 288 290.4 291.7 294.3 299.1 302.6 309.4 316.4 322.8 329.6 336.9 343.7 350.7 359.3 367 375.5 380.9 383.6 384.9 383.9 379.4 371.1 358.6 351
207.5 207.5 207.5 217.7 222.2 227.9 230.3 234.4 234.7 236.1 240.7 250.9 260 266.4 261.7 261.6 258.1 256.5 254.2 252.5 249.3 247.7 247.9 238 232.5 227.3 218.5 211.9 207.6 207.2 206.7 205.5 206.3 207.2 208.1 208.6 209.2 209.7 214.7 220.9 225.3 231.4 235.1 241.5 245.7 251.1 255.2 258.1 261.9 266.9 270.6 275 278 281.1 285.8 288 290.6 292.3 293.9 296.7 299.1 310.7 317.5 323.6 331 336.7 344.6 352.5 359.8 369.3 378.6 387.5 393.2 393 391.3 386.4 376 362.5 351
