Game/Highland_Data/StreamingAssets/GeoData/Data/nx/NX65.asc
ncols 200
nrows 200
xllcorner 260000
yllcorner 550000
cellsize 50
[rows 36 to 71 of 200, columns 0 to 82 of 200]
46.6 54.8 62.7 66 68.5 72.9 66.8 67.1 72.9 74.8 71.3 72.1 68.3 68.5 64.1 73 86 94.4 94.3 94.4 101.1 102.7 107.8 114.3 119.8 122 121.9 130.5 132.7 131.3 133.1 122.5 125.6 130.7 139 146.4 150.9 157.6 165.4 169.9 177.4 187 193.5 198.6 205.8 216.3 225.4 229.8 235.3 235 240.7 252.4 262.4 274 278.8 284.5 297.7 304.6 306.2 311 299.8 292.7 292.3 291.1 286.6 284.5 272.7 260.9 257.8 246.1 250.3 245.6 241 235.5 232.9 228 221.9 209.6 204.6 201.2 193.4 190.7 188.1
43.4 49.9 52.7 59.5 60.9 64 61.9 58.4 60.4 63.9 64 65.5 64.2 63.6 59.2 64.5 84.3 91.6 89.9 94.8 97.5 100.3 103.7 115.3 116.8 118.3 120.2 127.2 131.2 130.5 130.4 122.4 126.3 134.9 142.2 149.7 157.3 166.3 175.8 180 185.5 194.6 201.4 209.5 220.1 229.4 237.4 239.8 245.8 244.4 251.4 263.4 267.2 272.5 274.9 276.9 289.6 297.6 292.7 289.3 285.4 282.7 281.9 277.4 278 274.6 265.8 249.6 247.2 242.1 248.3 241.1 234 226.9 222.1 220 213.8 201.1 198.5 194.8 190.1 187.4 186.6
38.5 43.2 44.2 48.9 51.9 53.8 54 53.2 53 54.8 56.4 58 57.8 58.4 65.1 65.4 75.7 81.9 83.8 87.8 91.7 98.4 101.1 106.2 114.2 116.4 120.1 126.4 131.1 129.3 119.8 124.2 130.3 138.3 147.3 156.8 166.8 175.6 186.5 191.2 194.3 201.4 213.4 225.5 234.3 247.2 251.4 253.6 255.3 258.8 259.8 264.1 269.1 266.3 265.8 269.9 279.1 282 276 269.8 268.9 269.4 268.7 266 266.4 267 256.3 241.3 238.5 238.9 241.2 235.4 224.7 221 215.2 215.1 207.3 203.8 200.1 196.7 191.7 188.3 188
31 38 41.3 41.9 43.3 46 47.7 52 52 48.8 52.5 57.3 59.8 56.7 66.9 68.8 71.1 75.4 78.5 82.3 90.2 95.3 99.2 101.6 108.4 110.3 113.9 121.2 120.4 119.1 119.3 129.4 135.7 149 159.6 170.3 179 188.5 200.7 207.3 203.5 210.2 226.3 235.9 246.5 260.9 265 265.4 266.4 261 258.1 261.8 269 258.4 258 260.9 264.7 266.7 262.6 254.9 258.4 260.7 256.9 256.7 256.3 250.9 239.1 229.3 232.4 229.8 232.1 226.9 218.7 216.5 214.7 214.5 208.6 203.8 200.6 197.6 197 191.8 190.3
23.4 33.9 36.3 36 37.3 42.4 44.3 45.5 46.6 52.8 57 60 64.8 68 75.1 77.7 81.5 83.7 81.5 81.2 82.9 86.5 95.3 102 97.9 106.7 106 112.2 116.9 123.7 127.8 135.2 147.6 160.6 170.2 183.5 194.3 206.2 219.1 226.2 220.5 223.1 232.4 243 251.6 263.7 266.3 267.8 264.5 258.1 253.2 254.3 260.4 246.9 248.4 246.3 249.2 252.4 248.3 244.5 247.4 248.4 245.5 242.9 236.1 231.3 223.2 217 222.5 222.7 224.3 220.9 215 215.3 215.3 209.8 210.2 207.3 202.3 199.8 200.4 201.7 197.4
16.7 24.4 26.5 29.1 32.2 40.7 37.6 43.2 54.1 58.5 58.4 63.4 70.6 77.3 78.3 79.8 85.4 91.9 92 91.9 94.6 98.8 104.1 110.5 113.7 120.2 125.2 123.4 126.3 128.8 132.6 142.5 155.5 172.2 188.3 200.5 214 220 229.6 233.2 230 226.1 234.1 244.1 251.6 263.1 267.2 268.4 264 263 248.1 251.1 248.8 236.9 237.2 232.8 235.2 238.9 236.1 233.5 232.4 232.6 230.5 227.7 224.9 221.3 212.3 209.6 214 216.2 216.4 219.5 219 219.9 215.6 214.7 216.5 214.8 211.1 207.5 206.2 206 205.2
14.1 16.2 20.3 24.6 24.6 33.3 38.9 46.4 54.9 58.3 63 68.9 73.8 81.4 83.6 83.8 84.2 98 98.8 98.7 102.3 106.4 111.5 118.2 122.4 127.2 131.1 131.5 130.7 133.1 138.5 150.6 168.6 183.3 200.5 216.8 227.8 234.5 240.1 243.8 234.3 226.3 235.1 242.2 248.1 262.5 263 265.9 264.6 254.3 244.8 244 237.3 225 223.7 220.7 225.1 226.5 222.7 219.8 217.7 217.5 217.7 216.3 216.6 215.6 209.4 206.4 210.7 211.7 216.3 218.3 221 218.2 218.3 225.3 230.9 227.1 219.9 219.9 217.1 212.1 208.9
15.4 16.5 16.4 23.6 31.1 35.3 40.7 48 52.8 59 68.7 72 76.3 87.8 93.9 93.9 97.2 98.1 105.9 107.4 110 114.8 118.6 121.9 127.2 135.1 137.4 138.6 134.5 137 147.1 156.3 177.9 193.4 211.3 230.4 241 243.7 245.8 245.4 241.6 223.9 234.8 240.2 252.8 256.5 258.9 264.6 256.4 245.2 238.9 234.2 223.5 216.3 214.7 211 215 216.4 213.2 211.3 212.2 209.3 209.5 210.8 213.8 211.5 210.9 205.2 204.8 211.8 217.5 222.7 225.5 227 230.8 233 245.9 243.8 239.5 233.1 225.8 220 214.4
15.9 18.1 22 29.7 34.9 43.7 48.6 54.9 59.2 63.9 70.1 76.5 85.9 94 103.5 105.2 106.4 108 111.1 118.1 121.2 123.4 128.8 128.1 136.6 141.7 146 149 144.2 145.6 159.4 166.2 175.7 188.3 212.2 232.2 244.2 246.3 245.8 241.6 236.7 215.6 229.2 235.4 247 249.9 250.9 259.4 247.2 236.4 226.2 225.1 222 216.3 209.8 205.5 208.7 209.3 207.1 206.5 206.4 205.5 206.5 208.9 209.4 209.8 212.1 211.3 203.4 209 217.8 225.4 230.9 235.1 249.1 242.8 258.6 256.8 254.2 241.3 232 224.3 217.6
18.5 24 24.5 30.5 36.8 44.4 54 60.6 67.5 74.3 73.2 78.2 91.6 103.6 110 113.5 119.5 123.8 126 124.7 130.2 135.5 140.3 142.5 148.2 150.3 154.7 155.5 153.2 155.7 160.5 167.1 170 181.5 198.2 217.8 234.8 237.7 234.3 231.4 226.5 209.5 223.1 227.4 236.3 240.4 240.2 248.9 237 227.1 223.7 218.7 220.4 214.7 206 203.3 204.8 205.1 206.2 203.8 203.6 204.2 206 207.9 209.7 209 215 214.3 210.5 204.5 216.2 230 237.7 238.2 250.8 247.6 261.4 261.8 252.9 240.4 230.1 222.4 214.2
23.3 25.5 27.7 30.9 42.9 49.5 58.9 65.6 70.3 73.9 78.8 84.7 95.9 109.2 116.2 122.3 128.6 136.3 142.1 143.2 145.4 147.1 153.5 159.1 163.8 161.5 163.8 165.4 165 162.1 163.9 160.2 163.1 177.5 186.6 204 220.9 226.3 224.6 221.5 219 204.7 216.7 218.9 226.5 228.5 228.4 235 222.5 221.2 226.2 217.2 215.4 213.3 203.6 202 201.6 203.1 204.2 200.6 200.8 203.4 204.3 207 207.4 215.5 221.3 220.8 216.3 198.8 210.5 226.3 240.9 240.7 238.7 245.2 254.2 255.8 246 232.3 224 216.2 207.7
23.6 25 29.1 34.3 48.3 58.6 63.2 69.2 72.2 78.4 85.3 89.6 102.2 112.3 121.3 128.7 137.3 144 156.7 159.2 165.2 168.9 171.1 174.1 177.7 177.1 173.8 175.9 174.1 168.3 162.9 156.7 162.6 169.1 180.3 193.1 205.6 217.2 219.6 219.2 208.8 201.7 204.9 208.6 214.7 215.3 216.8 223.6 218.1 220.1 222.2 212.4 208 207.2 203.6 201.8 200.7 201.2 201.2 200.3 200.4 201.9 205 208.9 212.7 222 225.9 223.9 216.9 198.1 205.6 224.6 231.4 237.4 233.2 239.9 246.2 244.5 237.6 228.3 218.5 209.3 201.8
22.8 24.6 27.5 39.2 48.7 63.4 67.5 73.7 77.2 84 92.2 90 104.8 112.7 123.7 132.8 140.1 152.9 162.1 168.9 176 179.2 183.3 189.9 196.1 195.7 186.6 184.1 179.6 173.4 166 158.5 160.8 160.6 174 182.6 195.1 209.1 214.4 218.5 204 199.5 197.2 200.3 203.4 205.5 207.4 215.2 211.5 214.3 213.4 212.7 207.4 206.7 203.9 200.2 199.3 200.3 200 198.7 199.8 199.3 202.7 210.1 218.3 226.1 224.5 223.3 215.9 200.6 204.3 215.7 229.9 229.9 222.1 232.8 235 233.1 226.9 218.6 209.5 202.4 198.9
24.3 23.2 25.6 41.2 50 66.3 69.9 74.3 79.4 86.5 85.4 98.2 112.5 119.7 135.1 144.4 157 167.5 174.5 180.1 177.9 182.8 186.8 195.5 206.5 205.9 187.6 181.3 179.9 174.1 165.4 156.1 151.5 151.9 168.4 171.9 185.6 199.6 207.8 203.5 198.8 196 194.9 194.4 194.8 197.7 199.8 206.9 206.9 207.6 210 208.5 207.5 206.2 201.5 199.1 197.7 199.1 196.9 196.8 198.2 198.8 204.4 209.6 218.7 226.4 220.8 219.5 214.6 195.1 203.5 211.1 223.2 228.9 220.7 227.5 227.8 224.4 217.8 210.9 202 196.2 191.1
31.8 27.4 26.1 45.6 50.6 66.7 72.8 72.5 78.1 84.1 83.5 108.5 118.8 131.4 141 151.5 164.7 173.5 176.4 181.9 183.7 179.7 184.2 189.2 197.1 198.3 181.2 176.7 173 166.8 160.3 149.9 137.9 144 155.6 166.5 177.5 190.9 197.2 197.8 199.5 197.1 197.2 192.8 191 193.5 197 199.2 201.6 201.1 203.4 201 202.4 201.2 201.5 201.1 197.6 196.6 196.3 197 197.5 199.2 204 210.3 215.6 222.2 215.3 213.9 206.4 192.2 197.5 204.9 219.9 221.5 220.5 223.2 221.1 216.2 210.9 202.6 193.8 190.1 184.5
39.6 31.2 25.8 38.5 53.6 63.7 69 72.6 78.9 77.7 90.7 109.7 124.8 138.4 148.9 154.1 165 169.7 174.2 177.2 179.6 176.7 181.8 186.7 183.8 183.5 172.8 170.5 167.4 156.4 156.5 144.4 126.4 136 148 162.9 170.3 183.5 189.7 193.1 198.7 201.5 200.3 197.6 191 191.2 194.7 192.2 196.4 196 197.1 195.1 198.6 198 199.4 197.8 195.3 196.3 196.5 196.6 196.4 199.8 202.9 211.7 215.9 219.4 221.7 208.7 193.6 196.5 190.7 200.4 214 209.8 215.5 219.9 217.1 210 202.6 195.3 186.5 185 177.9
42.8 37.4 27.9 39.7 53.2 60.7 67.4 73.5 76.4 73.6 89.8 106.6 125.9 141.7 154.3 156.7 164.8 161.5 164.8 169.4 171.9 167.8 175.5 180.6 171 168 158.5 159.4 157.2 148.1 139.5 131.8 121.5 127.2 143.9 159.2 167.1 179.6 183.6 187.8 191.7 197.7 202 201.7 194.5 188.6 188.9 185.5 192.4 193.1 193 192.3 193.9 194.8 196.5 195.7 195.5 195.6 194.8 194.7 195.6 200.4 203.2 208.7 214.9 219.9 220.8 210.9 195 196.5 189.9 199.4 206.1 203.6 209.9 214.3 209.6 200.9 192.8 185.9 182.6 178.3 175.3
45.1 38.1 28.4 42 46.9 52.3 66.6 72.4 73.4 73 87.1 104 124.4 140 156 160.5 166.1 166.9 159.2 159.3 163.3 162.1 166.1 167.2 159.5 155.6 152.1 148.9 146.4 138.4 128.8 124.7 120.8 124.7 142.1 155.1 162.2 173.3 177.7 182.7 186.3 190 198.1 203.8 192.6 183.6 182.5 180.5 186.2 189.1 187.8 192.2 192.9 194.9 196.5 196.7 196 195.5 196.4 194.4 194.9 196.7 200.8 207.7 213.3 219.9 215.5 209.8 193.2 194.9 192.1 193.5 200.8 203.3 206.4 207 203.1 194 186.3 183.5 179.4 176.2 175.5
47.3 40.8 27.7 36.2 44.3 55.8 64.8 65 62 72.5 84.5 102.4 120.1 136.1 151.9 159.9 162.6 162.5 154.1 152.5 153.4 153.7 157.9 154.8 150.2 146 146.1 143.5 134.9 127.3 127.3 118 118 124.5 140.7 151 159.4 166.9 171.3 178 182 185.6 196.1 199.3 192.7 184 179.4 177.6 181.1 185.1 184.6 191.3 194.2 196.1 198 197.1 197 198.2 195.5 194.7 195.2 199.6 202.1 207.9 210.5 215 213.7 204.4 194.6 194.8 186.3 187.3 197.9 198.6 200.6 198.2 194.2 184.6 184.1 181.1 177.6 174.6 172.2
45.6 42.1 30.5 30.9 39.9 52.7 57.7 53.5 62.9 70.9 84.1 101.9 117.9 132.9 147.5 157.9 159.3 158.3 152.2 147.1 147.5 146.7 146.8 145.2 143.3 138.4 141 139.1 125.6 121.4 118.8 115.2 116.7 125.4 138.4 148.1 156.2 162.9 166.6 172 177.5 182.3 196.5 202.1 195.7 185.5 179.8 176.1 177.2 182.1 184.1 190.6 194.2 197.2 200 198.1 198.4 199.6 196.2 195 194.5 196.5 199.2 203.2 204.9 208.9 205.5 189.7 194.6 191 180.9 190.5 194.5 192.2 194.4 191.8 187.3 183.1 181.8 179 175.9 171.9 168.5
42.8 43.4 26.5 31.7 36 41.1 44.6 55.4 62.2 70.5 80.8 99.5 116.9 133.4 147 154.9 156.1 153.9 147.3 135.6 137.4 138.7 143.3 140.6 137.7 134.6 135.9 131.7 125.6 123.6 116.9 111.4 118.3 125.4 137.4 144.5 150.9 158.1 161.3 166.9 173.2 180.3 192.4 206.6 206.6 186.9 181.8 175.7 175 176.8 182.7 188.8 194.3 198.5 201.4 199.2 199.6 201 197.5 195.3 193.8 196.5 197.7 198.7 198.8 201.9 195.8 192.6 189.2 184.5 177.2 187.8 189.5 189.6 191.6 190.8 185.8 182 178.7 175.3 173 172.1 169.9
42.3 38.7 28.4 26.4 34.7 38.2 46.5 50.5 59.8 69.7 78.8 96.4 117.1 134.2 144.6 151.5 152.1 149.1 142.7 130.8 129.8 130.5 132.6 134.1 131.4 127.8 127.1 130.7 124.9 123.3 115.8 110.2 114.9 125.8 134.3 141.7 147.9 152.3 154.3 161.3 168.1 177.6 188.5 204.9 205.5 188.2 182.8 176.5 172.4 175.1 181.1 187.7 193.7 199.5 202 200.5 199.3 199.8 197.3 194.7 191.4 193.2 192.8 194.2 193.6 194.1 189.9 186.6 181 178.6 175.4 183.3 187.5 186.4 187.2 184.8 182.9 178.1 174.7 172.4 172.4 171 166.8
43.2 38.9 26 25.3 28 35.9 42.2 47.1 55.8 66.3 76 96.3 114 126.8 137.8 145 147.1 143 140.2 132.8 126.3 124.9 128.7 128 126.8 124 122.8 127.3 122.9 118.9 116.5 107.9 116.9 123.9 130.9 137.4 142.5 145 149.4 156.2 162.7 172.7 182.2 198.7 201.5 188.4 181.8 174.1 171.2 173.7 178 187.5 194.1 199.2 201.5 199.8 198.2 197 194.2 191.1 187.7 187.5 188.1 189 189.5 191.8 181.3 179.9 178.3 175.5 172.7 177.9 182.9 181.5 182.3 181.1 177.5 174.8 172.5 169.5 171 169.2 167.3
45 35.2 25.9 23 25 30.6 35.6 41.7 52.8 60.7 73.6 86.1 102.2 117.4 128.4 137.5 139.9 134.8 133.9 130.4 124.6 122.1 124.4 121.8 122.4 120.5 119.8 124.3 119.1 119.7 112.3 108.1 117.6 121.9 127.5 133.7 137.9 140.4 144.6 150.5 158 167.1 174.9 191.3 194 186.6 181.2 173.7 169.7 172.6 175.3 183.7 191.3 198 199.9 198.8 196.1 195.3 194.6 190.2 188.7 185.9 183.2 184 185.7 183.5 175.1 179.4 175.7 173.1 171.5 175.5 181.5 179 179.3 178.1 174.1 172.2 171.4 169.3 169.4 167.5 165.9
43.3 38.4 22.6 22.7 23.3 28.1 30.2 38.3 49.5 60.5 69.1 83.4 99.4 113.3 124.4 134.1 137.5 134.7 131.6 126.2 121.5 116.4 118.5 116.3 120.8 118.9 115 120.2 117.5 113.7 108.6 110.2 117 120 126.3 132.5 136.8 136 140.3 148.1 156.1 162.4 168.4 180.8 187.5 185 182.2 173.3 166.5 171.3 175.4 180.9 189.2 195.2 197.7 197 194.8 194.4 192.9 192.1 190.3 187 185.8 179.2 180.7 176.5 175.9 176.5 174.8 173 170.3 174.4 175.8 177.2 176.6 176.4 171.5 170.9 174 174.1 168.9 166 164.8
33.5 31.9 22.4 23.2 22.3 23.2 27.9 37.5 45.6 56.2 67.3 86.1 102.4 116.5 126.6 134.5 136.4 135.8 130.5 122.6 119 114.7 112.8 113.6 118.8 116.1 110.6 116.2 115.1 109 105.4 112.8 115.7 119.2 125.8 131.9 136 134.9 139.6 147.3 153.7 159.8 167.6 178.4 184.3 182.5 180.7 174.3 165.4 166.8 173.7 178.4 187.4 192.8 195.7 194.2 192.9 192.3 191.6 191.5 189.2 186.1 183.9 181.4 174.6 173.4 175.1 174.2 172.4 170.1 170.3 173.7 172.5 173.7 173.9 172.5 169.4 173.1 177.5 176.5 172 167.2 164.4
28 21.8 24.2 25.1 22.3 22.6 24.7 31.4 41.1 51.6 66.4 82.2 100.5 116.1 127.5 134.7 140.4 135.6 129.2 118.9 115.8 110.7 108.2 111.1 116.3 112.7 105.8 112.4 111.1 105.8 105.1 112 114.7 118.4 125 131.1 133.7 134.2 139.3 146.4 152.3 158.7 167.5 177 180.4 178 175.7 172 164.3 164.6 169.5 177 184.5 190.4 194.6 192.2 191 190.9 191.1 190.4 187 184.4 181.9 178.7 175.1 177.4 172.9 172.2 170.7 168.5 170 171.9 170.3 170.2 170.4 169.9 170.2 174.3 179.4 176.9 172.8 168.9 165
18.8 18.8 26.5 28.5 24.2 21.7 22.6 26.4 34.8 49.2 62.8 75.8 93.4 109.4 123.6 131.4 137.8 132.1 126.8 116.9 110.9 106.6 106.1 109.8 114.9 108.4 101.6 110.1 110.7 106 106 110.9 114.4 119.1 124.8 130.3 131.3 134 138.5 142.6 148.7 158.1 164 173.2 176.5 173.1 169.7 165.2 163.3 164.5 170.6 176.2 182.2 189.1 193.7 191 190.4 190.4 191.3 189 185.3 183.1 179.5 177.2 178 170 171.7 171.1 169.1 168 167.6 170.2 168.5 168.9 169.3 168.2 170.6 175.3 180 176.1 172.2 167.8 166.2
17 21.6 25.7 35.4 27 22.5 21.8 28.4 31.2 42.7 57.6 82.6 95.4 99.7 113.3 122.1 130.2 126.2 120.7 112.9 107.5 103.8 105 109.5 112.6 103.8 97.4 103.8 110.9 105.8 108.1 112.7 115.9 119.2 123.2 128.8 130.2 132.6 136.5 141.1 146.9 155.3 161.6 169.9 171.8 169.8 168.1 163.8 162.6 164.7 170 175 181.2 189 192.4 190.7 190.2 190.1 190.3 191.4 184.5 181.8 179 174.9 174 170 169.3 168.2 166.8 167 167.4 167.2 169.1 167.7 168.5 166.7 169.8 174.7 177.5 174.1 170.6 165.1 164.7
16.8 20.3 23.9 34.9 28.7 21 20.2 26.5 28.4 38.8 55.2 76.2 91.4 92.1 101.3 113.5 121.1 118.4 113.7 110.8 105.1 102.2 104.7 109.8 109.9 101 94.7 100 99.2 104.6 111.6 115.7 117.1 120.1 123 126.4 127.8 131.8 137 141.4 146.7 156.7 163.4 168.8 169.8 170.6 168 162.7 162.4 164.5 169.1 173.6 180.4 189.5 191.2 190.5 191.1 192.2 190.2 189.8 185.2 184.2 183.7 176.8 168.3 168.7 169.3 166.8 166.6 167.9 168.8 165.5 167.1 166.6 167.1 163.7 167.6 173.5 174.3 171.3 168.2 165 162.7
16.5 17.9 21.6 29.7 26.4 19.9 19.9 26.2 28.5 41.8 54.7 68.7 83 88.6 93.8 101 111.7 113.7 110.5 105.8 101.8 102 104.6 111.5 108.3 100.1 89.1 90.5 104.5 107.7 111.5 114.2 117.5 121.4 125.4 124.9 125.3 128.8 135.4 142 150.2 156.1 163 167.8 169.3 169.4 165.7 162.2 161.7 162.8 168.1 173.6 181.8 189.5 191.4 190.7 192.6 193.1 191.8 190 186.9 185.3 184.8 176.4 167.8 166.8 166.8 166.5 167 167 169.3 165.5 164.6 165.5 164.2 162.3 164.4 169 170.5 168.7 166.1 163.1 160
16.5 17.3 20.2 26.8 28.5 19.5 19.2 26 27.8 38.4 49 62.3 74.2 82.7 87.6 93.4 104.7 109.9 108.8 104.1 100.4 103.3 108.2 111.7 105.2 99.1 88.2 101 106.5 107.2 108.5 113.3 118.9 121.2 125 124.6 122.4 127.9 134.2 140.5 145.9 152.3 161 166 167.2 167.3 164.5 161.2 162.2 163.5 166.7 173.9 182.3 189.8 192.1 192.6 193.7 193.7 195.4 192.4 187.6 185.9 182.8 178.5 172.3 164.7 166.2 165.9 166.2 166.2 167.6 164.9 163.8 163 161.7 160.6 161.9 164.3 165.3 165 162.5 159 156
16.2 17.4 18.1 23.5 26.6 19.4 20.1 24.3 27.5 35.8 43.2 54.4 68.3 76 82.9 87.9 97.3 106.2 105.1 100.4 101.4 107 108.7 106.7 100.2 89.6 93 101.4 104.6 107.4 109.7 116.2 121.1 120.1 122.7 122.7 120 123.2 130.9 138.2 143.6 151.8 159.5 163.6 164.8 165.4 163.1 160.9 163.5 165.5 167.1 174.3 183.9 190.9 193.2 193.3 195 194.1 194.4 192.1 188.4 186 180.9 175.7 170.4 163.6 164.6 164.2 165.2 165.2 166.1 163.6 160.8 161.2 158.4 159.4 160.1 160 159.9 160.1 158.2 156.1 153.1
16.4 17.5 17.7 19.3 18.9 19.3 20.7 24.4 29.1 32 39.5 52.3 62.7 70.6 80.4 84.4 87.3 94.9 99.4 97.4 99.4 105.7 105.1 98.4 93.6 82.9 93.9 100 104.5 108.1 112.8 118.2 122.3 117.6 119.2 120.6 118.3 122.9 129.1 135.5 141.9 151.3 157.8 161.3 162.8 163.5 160.1 161.3 163.8 166.1 169.4 176.7 185 191.2 192.3 194.2 196.8 194.7 194.2 191.3 188.1 184.8 179.2 173.8 165.9 163.4 162.2 162.7 164 164.4 164.7 162.6 159.9 159.2 157.6 157.2 157.5 155.6 154.8 154.8 155.9 153.2 150.8
16.1 17.6 17.4 17.7 18.1 18.8 22.2 26.6 29.1 32 35.4 45.8 58 67.7 77.4 81.2 81.7 87.1 89.5 90.7 96 101.7 98.2 92.5 84.6 83.6 92.5 99.5 104.5 109.2 114.2 120.9 125.1 118.7 116.5 118.5 116.5 123.1 131.2 136 145.3 151.9 157.1 159.9 161.1 160.8 157.4 162.4 164.6 167.4 172.2 178.9 184.5 189.3 191.5 195 197.1 195.8 194.1 190.4 188.1 182.6 176.5 170.1 165.1 162.2 160.8 161 162.6 162.7 162.8 160.4 157.4 157.1 155.8 155.1 153.4 151.2 151.1 151.7 152.4 149.5 149.1
16.4 17.1 16.7 17.5 17.7 19.3 23.3 26.3 31.4 32.4 36.2 42.3 53.8 65 75.6 78.1 77.7 84.1 86.4 84.9 90.5 94.4 91.5 86.8 79.6 82.8 92.1 98.9 105.2 110.3 115.6 122.3 124 117.7 114.5 115.4 119.3 126.5 134.2 139.4 149.1 153.9 157.1 158.9 158.6 155.6 160.2 163.5 164.8 168.7 174.2 179.9 183.2 188.6 192.5 195.3 196.6 194.8 193 189.5 187.2 181.2 175.4 166.9 162 159.4 158.5 159.5 160.8 159.5 160.2 158.8 157.2 154.4 153.2 152.4 150.4 148.2 148.4 149.5 149.1 148.9 148.8
