Game/Highland_Data/StreamingAssets/GeoData/Data/nx/NX68.asc
ncols 200
nrows 200
xllcorner 260000
yllcorner 580000
cellsize 50
[rows 105 to 139 of 200, columns 79 to 157 of 200]
187.1 189.3 195.3 201.3 207 213.9 220.8 229.2 234.7 241.3 249.3 248.1 244.4 240.5 234 235.9 238.8 242.4 246.9 251.1 248.8 247.1 245.3 243.6 245 244.8 242.8 244.5 241.5 240.2 244.9 246.1 244.5 241.6 235.4 227.5 227.8 227.2 223.7 223.6 222.8 223.5 222.6 219.5 221.4 223.8 228.2 236.4 247.9 256.5 261.8 265.4 267.7 268.9 270.2 270.7 270.6 269.3 267.6 265.6 266.1 264.1 259 252.2 243.6 239.4 238.6 238 237.9 238.4 244.6 245.4 241.3 229 230.5 234.5 237.5 242.5 243.3
185.8 188.5 194 199.8 203.7 211.8 219.8 227.7 232.4 240.2 246.1 244.9 238.3 234.3 233 237.3 242.9 245.5 250.6 248.7 247.1 245.3 242.4 241.1 241.3 240.1 239.4 240.8 239.4 237.3 239.7 243.4 244.3 241.5 236.7 229.8 223.2 223.7 223.2 221.6 219.9 220.6 218.9 219.7 222.2 225.4 230.7 238 248.2 255.7 260.8 264.3 266.7 269.8 272.4 274.3 274.3 272.3 268.2 264.4 262.4 263 259.7 254 245.5 240.7 240.6 239.2 239.2 243.8 248 247.2 242.3 233.1 227.4 228 230.2 236.4 240.4
185 187.6 193.8 199.4 203.3 210.8 218.8 225.2 230.5 238.7 242.1 238.8 230.7 230 235.2 242.5 246.8 248.8 250.6 250.1 246.3 243.2 241.3 239.3 238 237.2 236.6 237 235.8 235.9 234.3 236.6 238.9 237.5 233.1 226.9 223.9 222.5 221 219.7 219.1 218.5 218.2 222.2 223 229.1 234.3 239.6 247.7 254.4 258.2 261.9 264.1 269 273.7 276.2 276.2 274 269.3 263.6 261 259.1 255.6 252.3 246.8 249.5 245.3 241.3 240.6 247.3 249.7 246.7 240 231.1 226.3 227.2 228.8 237.4 242.9
185.9 191 194.1 199.7 205 208.9 217.2 223.1 228 235 237.9 233.4 228.9 229.8 235.3 247.6 251.5 250.8 252.4 250.7 246.7 242.2 240.6 237.6 236.2 234.2 233.7 234.8 233.6 233.5 233.4 232.1 234.3 233.1 228.9 226.2 224.9 223 219.2 218.1 217.3 217.4 220.7 222.1 223.8 229.1 235.1 240.6 246.3 252.8 257.5 259.2 262.9 267.7 273.6 277.3 277.4 274.4 268.2 264.8 264.7 261.5 262 260.1 259 252.6 248 244.2 240.6 243.2 245.6 243.3 236.4 229.3 225.9 228.3 232.4 241.2 248.4
194.6 191.9 194.2 202.6 210.5 211.9 216.2 219.5 224.7 230.7 235.2 230.8 228.7 231.2 240.4 249.7 254.6 253.3 253.4 251.2 246.7 241.7 239.1 236.9 234.1 232.7 232.2 233.7 231.8 232.9 233.9 230.6 232 233.1 232.1 228.6 223 220.8 217.5 216.3 216.6 217.9 220.5 221.6 224.7 230.2 235.8 241 246.8 251.7 255.5 258.6 262.3 268.9 274.9 278.2 279 275.8 270.3 270.1 267.7 269.4 271 269.6 265 261 255.7 249.4 242.4 236.7 236.4 235.6 231.2 226.1 225.8 226.8 234.2 243.1 251.4
198.8 194.8 192.7 202.4 207.5 211.7 213.5 216.7 218 224.5 231 230.8 228.6 236 244.6 248.3 254.3 254.9 255.2 252.2 246.5 240.8 241.2 237.2 234.7 233.3 232.6 230.8 230.6 230.7 231.5 230.2 228.3 231.2 231.3 231.1 227.9 223 216.6 216 216.8 218 219.4 221.8 227.8 233.5 237.7 241.7 249.7 255 259 261.3 263.4 270.7 276.7 282.2 283.5 280.7 278.8 277.8 277.4 278 277.9 276.5 272 267.6 261.4 255.3 247.4 239.9 232.8 228.7 227 225.9 225.1 231.7 239.3 248.9 257
202.1 202.4 198.6 199.4 206.9 211.3 213.7 215.3 217.2 218.4 226.3 230.9 228.8 238.5 245.3 250.7 256 256.5 256.6 253.5 248.3 243.4 242.9 238.9 236.3 233.8 232 230.6 228.5 228.8 228.6 229.4 227.1 226.2 228.4 227.8 225.1 219.6 217.1 215.7 216.8 217 218.7 223.2 229.5 233.9 239.4 244 251.1 256.3 262.8 265.8 265.1 270.4 276.3 283.6 289.9 289 285.1 282.1 280 282.1 282 279.8 275.3 271 267 261.9 254.5 244.3 234.3 229.6 226.1 225.5 226 234.1 242.8 250.8 259
199.3 203.5 200.8 198.8 204.8 210.5 213.9 214.4 217.8 219.7 221.5 227.9 228.8 239.1 244.7 251.2 258.6 261.9 258.4 253.9 251.3 248.5 246.2 245.4 241.2 238.7 234.9 229.9 229.5 227.2 227.8 227.5 225.6 224.4 223.7 223.7 220.7 218.6 218.5 214.5 216.3 215.8 220.1 226 232.7 236.3 240.6 243.8 251.2 257 262.7 268.9 266.6 270.7 274.9 279.9 287.3 291.2 289.1 284 285.4 286.4 284 282 278.6 274.2 269.5 265.4 259.7 249.2 240.6 232.8 226 225.2 226.4 234.9 244.8 251.9 261.8
192.4 198.4 198.6 196.5 202.9 209 212.4 214.4 216.8 221.1 222.4 228.7 234.9 240.1 247.3 253.5 260.1 264.2 257.2 257.4 256.2 252.1 250.5 251.3 246.3 244 237.6 232.5 231.1 227.5 225.6 224.6 223.3 223.2 222.9 221.8 220.3 218.7 215.8 215 213.3 219.4 226.2 231.7 235.6 240.1 242.1 244.1 250.2 256.3 261.4 267.4 266 267.9 271.9 278.4 284.5 289.8 289.6 288.7 289.3 289.1 287.5 285.2 281.8 277.2 272.1 266.7 261.2 256 248.8 235.9 228 225.7 229 238.2 245.5 253.7 257.7
184 191.7 192.6 191.3 198 204.9 209.8 214.1 218.1 221.7 224.3 229.8 236 240.7 245.6 254.1 259 261.5 259.4 262.1 258.5 255.3 253.1 252.3 249.3 245.1 239.3 235.6 232.4 228.5 225.9 224.9 224.9 222.9 221.2 220.6 218.2 217.1 215.3 213 217.1 225.7 232.4 235.7 239.6 242.5 245 246.6 248 253.2 259.2 263.4 264.7 265.9 271.1 277.4 282.6 289.8 291.6 291.4 293 293.1 291.1 287.6 283.6 278.8 274.5 269.3 268.1 262.5 253.1 241.5 232.1 225.5 232.6 238.3 244.5 251 255.6
180.7 184 187.8 188 189.9 198.7 206.9 213.3 218.9 223.5 226.1 231.1 236.3 242.3 246.2 253.3 256.7 259.8 259.7 262.1 258.9 255.2 254.8 250.2 249.7 248.6 242.7 238 233.3 229.5 227.4 226.3 224.1 222.4 221.1 220.5 220 216.7 212.5 214.9 220.3 227.6 233.5 239.1 241.4 244.9 246.9 248.5 251.6 253.2 256.2 258.7 264.1 270.4 275.5 282.3 288.8 296.4 298.4 296.4 298 295.5 292.6 289.2 284.5 279.7 274.2 274.8 273.5 269.1 259.7 249.7 235.4 228.7 236.1 239.9 241.9 246.9 253.4
180.6 187.1 189.4 188.6 190.4 193 205.8 209.7 217.8 221.4 225.8 230 235.7 242.1 248.5 252.9 256.1 257.6 259.7 259.4 258 256.1 253.1 253.1 250.6 248.4 244.1 238.9 234.3 230.4 229.4 227.9 225.7 223.5 221.3 220.2 217.9 214.9 212.9 219.4 222.6 227.2 235.1 240 242.7 245.5 247.7 248.9 253.2 256.8 256.2 260.2 269 274.7 282.6 287.8 296.1 299.4 302.4 299.8 299 297.1 294 289.2 285.9 280.3 277.6 279.3 278.4 273.6 265.3 253.1 240.9 227.7 223.6 232.2 238.5 241.9 248.2
188.9 196.3 199.8 200.9 197.6 195.8 197.2 204.5 213.4 219.3 226.8 230.2 234.8 240.8 247 251.7 253.9 256 257.8 258.4 256.2 256 255.5 253.1 250.8 246.7 241.5 237.9 234.3 232.8 230.1 227.8 226.6 224.4 220.3 217.5 215.9 210.8 219.1 224.5 227.3 229.5 231.8 238.3 243.1 245.9 248.3 249.1 251.3 256.6 258.3 260.6 270.4 278.9 285.4 292.3 296.1 301.7 303.2 301.6 297.9 295.6 293.1 290 287.1 281.5 280.1 280.2 279.5 274.3 266.1 255.1 247.5 240.3 232.1 223.4 230.3 236.2 243.5
192.7 197.8 208 210.1 206.9 201.2 202.4 205.5 207.6 216.1 223.8 229.8 235.4 238.8 242.6 247.8 251.4 252.9 255 255.3 254.5 255.2 254.1 250.9 247.7 244.3 242.2 239.5 236.1 233.1 231 228 224.9 223.5 218.9 218.2 214.9 209.6 219.1 226.8 231.7 234.5 234.3 236.1 241.1 245.6 248.3 249.1 250.4 255 258.7 261.8 267.7 277.3 284.1 291.4 296.2 300.6 301.4 300.6 298.2 295.8 294.9 293.5 290.4 283.9 280 280.2 278.1 272.3 263.6 255.2 250.3 244.7 236 222 229.5 235.1 238.6
192.1 198.8 206.9 213.3 211.7 207.9 208.4 207.9 214.3 215 224.7 229.6 233.9 237.9 239.6 243.1 246.6 249.2 250.8 251.8 251.4 251 250.9 248.9 245.9 244.4 241.7 238.8 235.3 232 228.8 227.3 223.2 221.4 217.9 216.9 212.5 210 217.2 225 231.9 236.5 236.6 236.3 242.3 245.3 247.4 247.8 251 253.2 258 262 264.1 268.7 281.3 287.8 293.4 295.7 297.5 297.3 296.1 294.7 294.3 294.6 292.6 287 276.9 279.6 277.3 271.6 262.5 258.7 256.8 250.8 238.9 227 220 226.4 231.1
192.9 196.9 203.2 210.3 208.1 206.8 209.6 210.9 211.9 215.2 219.6 227.2 232.7 236 238.4 241.1 242.4 245.1 247.9 248.3 247.9 247 246.1 245.3 243.9 241.1 239.4 235.8 233 230 227.7 225 221.2 216.9 218.1 217.1 212.7 209 214.6 220.4 227.8 233.5 232.6 234.2 239.6 242.9 245.8 245.1 252.4 255.7 259.8 263.1 265.9 267.1 272.5 280.6 289.3 292.3 292.7 294.4 294.7 294.8 293.7 292.2 291.2 287.9 280.2 271 266.9 264.6 258.7 254.4 251 248.6 242 232.3 220.5 218 219.8
191 192.8 195.7 202.6 204.7 207.9 209.3 211.2 212 215.7 221.6 228.1 231.6 232.7 237.1 240.5 242 241.2 242.5 243 243 242.5 241.6 240.7 238.6 236.5 233.3 230.9 230.5 227.2 224.4 221.4 219.9 214.9 215.5 213.8 213.1 208.5 211.8 216.5 223.1 226.9 226.4 229.5 233.9 238.5 240 249.4 255 261.2 266.1 270.2 270.8 270.7 274.4 279.1 284.2 286.2 290.1 293.4 295.6 295.7 293.6 292 289.6 285.7 277.9 268.5 262.7 257.5 254.5 249.1 244.6 240.9 236.8 230.3 225.9 222.6 219.8
191.9 194.1 195 197.6 203 210.7 212.9 214.9 213.4 220.1 225.4 231.4 240.8 242 241 241.5 241.4 239.6 238.6 237.5 237.4 236.3 235.5 235 232.1 233 229.2 227.6 226.4 224.4 221.5 219.6 215.4 211.3 211.4 212.8 208.7 209.3 210.6 212.3 216.8 222.3 219.7 223.7 228.9 234 242.7 250.1 255.7 264.7 271.5 276.4 276.9 274.8 271.6 273.4 281.3 284.7 288.9 293.3 298.3 300.3 297.1 295.5 295.2 289.6 280.9 275.4 271.4 264 258.4 255 253.4 246.2 236.3 228.3 225.5 225.8 223.8
190.1 199 199.9 207.1 207.3 209.6 212.9 213.7 214.5 220.9 227.8 235.1 243.5 244.8 244.2 242.1 238.3 235 236.3 233.1 232.3 232.1 231.9 231.2 228.9 228.2 225.8 224.6 222.6 218.8 217.8 214.4 211.5 209.2 210.2 209 208.9 205.6 206 208.9 210.2 212.6 218.3 224.7 228.9 237.9 245.4 249.9 255.6 264.4 271.5 278.3 275.5 270.6 269 275 283.4 289 292.1 294.3 302 306.2 303.3 303.8 301.9 298.1 291.1 293.6 287.1 276.9 266.6 255.5 254.5 253.1 246.6 237.8 227 227.3 228.3
194.4 198.9 204.9 207.3 209.6 209 211.6 215.3 215 221 226.8 232.3 241.2 242.8 241.4 238.6 233.8 230.5 233 231.3 234 234.6 235.1 234.1 232.6 228.5 225 223.9 223 221.2 216 212.2 209.4 207.4 208 208.5 210.8 212.3 205.8 203.6 213.5 219 220.4 226.1 232.3 233.9 244.6 251.2 257.2 263.6 270.6 275.5 269.8 263.5 266.7 272.5 281.8 288.5 294 296.7 301.7 307.5 310 307.7 307 302.3 308.6 308 302.9 289.1 277.7 263.4 251.9 249.4 245.5 237.8 228.5 223.7 221.6
197.1 203.3 205 207.7 208.5 210.2 214 216.7 215.2 218.8 223.1 229.5 237.5 238.8 236.8 232 228.2 227.9 229.2 232.8 238.6 240 241.2 239.8 236.7 233.3 228.5 224.3 223.3 222.6 219.9 215.2 210.4 204.4 210 211.5 212.6 212 205.8 204.5 214.9 223.8 224.4 230.3 233.8 238.5 244.1 248 254.9 262.6 271.7 271.6 263.5 263.5 265.4 274.9 279.6 287.7 294.9 297.9 302.6 308.2 314.5 313.2 311.9 307.7 312.7 314.7 308.4 298.8 286.4 273.7 260.9 249.7 244.9 237.1 228.7 221.4 217.1
198 205.3 205.9 207.4 208.9 211.9 215.7 215.7 215.9 215.9 217.7 221.9 231.3 232.8 231.3 227.3 226.5 227.5 232.7 235.5 240.9 246 247.8 246.9 242.8 237.3 231.4 226.2 222.8 222 221.7 218.6 209.7 207.8 212.4 213.4 211.7 206.5 200.1 205.2 215.6 224.7 231.9 239.6 244.4 241.5 251.1 255.1 259.9 266 266.7 264.1 263.5 263.5 272.4 278.8 285.1 293.2 297.8 299.9 303.9 313.3 317.6 317.3 314 308.7 309.2 313.4 308.8 301 289.9 277.4 268.7 255.4 251.1 245.8 237.5 227.9 218.9
199.7 201.8 207 209.2 212.3 212.8 215.9 216 214.6 215.2 216.4 216.6 223.1 228.5 227.1 225.4 225.9 228 230.4 238.1 243.3 245.7 249.5 248.6 245 239.1 233.6 228.9 222.2 218.6 218.8 218.1 210.3 200.5 210.3 212.9 205.4 198.6 202.7 206.9 216.7 226.9 235.9 245.3 250.2 248.3 253.5 259.1 263.5 271 273 263.5 263.5 264.3 276.4 280.4 287.8 294.1 297.8 303.4 303.3 314.5 317.6 317.8 313.8 307 306 306.7 308.6 301.4 290.5 281.1 271 260.7 249.3 242.2 235.6 226.9 220.3
197.3 204.4 208.3 210 213.3 212.8 213.2 213.7 214.5 216.7 214.7 215.8 217 222.3 226.4 224.7 225.2 227.3 232.3 238.9 245.1 245.4 251.3 249.3 245.8 240.1 234 229.8 223.5 216.7 213.6 213.9 210.3 199.3 200.7 206.4 199.2 196.7 201.1 206.6 218.9 229.9 242.7 251.1 255.2 254.5 256.9 264 268 275.4 273.8 264 264.4 274 277.2 281.7 287 292.6 301.4 305.2 301.5 309.7 322.6 320.8 313.9 306.9 304.8 305.3 302.3 298.3 289.9 279.8 271 262.8 253.9 241.4 232.3 221.9 217.4
198.6 204.2 207.2 209.6 210.2 211.1 214.4 214.8 214.8 215 213.9 219.3 217.6 218.9 225 225.2 225.9 228.5 232.2 239.2 245.8 248.9 247.1 249.9 245.9 240.3 235 231.7 224.1 217.2 210.3 208 204.3 197.1 197 196.6 194.8 196 201.2 209.2 224.6 234.3 248.1 253.3 258.7 261 260.7 268.7 273.4 278 274.7 266.4 269.2 274.7 279.1 281.7 292.7 298 304.1 302.8 298.4 302 311.4 315 312.3 305 302.1 299.5 295 289.9 284.7 276.1 271.3 263.4 254.2 243.9 235.5 230.1 220.3
199.5 201 203.4 207.2 209.9 212.3 212.6 212.1 212.2 212.8 214 218.8 220 219.7 224.1 227.6 227.3 229.1 233.3 239.6 245.8 248.2 245.5 248.1 245.1 239.9 233.8 230.3 223.6 216.4 208.8 202.4 199.6 198.1 196.5 194.1 193.9 196.5 203.8 214.8 225 236.9 247.4 254.6 260.7 264.3 266 271.3 275.6 278.1 276.2 271.9 274.6 276.8 281.2 286.1 295.5 297.6 299.4 297.7 296.4 297.6 299.2 304.5 306.9 303.5 297.4 293.2 287.3 282.6 276.9 270.6 269.1 262.2 254.5 245.7 235.3 230.5 225.8
196.7 198.4 201.4 205.6 207.8 209.4 211.1 211 213.4 211.3 214.3 220.3 224.1 224.5 224.5 229.2 230.6 232.3 235.3 236.4 243.2 245.5 245.1 245.1 242.5 239.4 232.8 228.8 222.1 214.2 206.7 199.3 195.6 194.9 194.2 192.2 191.6 199.3 206.2 215.6 227.9 239.7 249.7 256.3 260.5 264.9 268.3 268.7 273 279.2 277.7 277 276.8 280.8 282.8 284.8 289.3 292.9 291.8 292.6 293.3 292.5 293 297.1 298.6 296.8 292.6 288.2 282.8 278.5 270.8 264.7 262.7 258.9 254.9 245.6 234.9 227.9 223.4
190.7 195.4 199.2 202.8 205.6 208.2 208.3 206.6 210.9 213.4 215.6 220.2 227.2 230.3 228.9 232 234.3 236.9 239.2 236.2 238.3 243.9 241.1 240.7 239.7 233.8 232 227.9 220.6 212.8 205.2 197.8 194.7 192.6 191.6 191.5 190.9 195.1 205.8 216.5 227.4 240.7 250.6 255.9 260.1 263.8 267.6 271.9 277.8 283.5 282.8 285.3 283.5 283 280.7 279.2 282.7 283.7 285.9 284.3 285.8 285.7 287.6 289.8 289.1 288.4 286.6 281 275.8 273.9 268.6 261.3 253 250.9 247 240.9 234.5 227.9 222
186 191.1 197.2 199 202.7 204.3 205.3 209.4 211.9 213.4 215.8 220.2 227.1 233.7 237.2 237.3 238.4 239.3 239.5 237 240.6 240.7 238.9 237.9 236.4 233.5 230 223.7 219 212.7 204.9 196.4 193.6 190.9 191.5 190.7 191 193.5 204.6 214.4 224 234.5 246.9 253.7 258.7 262.6 266.4 273.8 280.9 287.4 290.1 291 286.9 281 277.6 275.5 274.2 273.6 275.1 275.1 275 278.8 283.1 284.3 282.2 279.5 278.3 273.7 268.2 262.9 262.6 258.5 250.7 243.4 241.1 236.8 232.1 225.5 219.4
181.9 187.4 190.7 196.9 199.1 199.1 205.7 208.2 209.7 214.1 215.7 221.5 227.3 234.1 240.5 240.9 241.3 241.6 241 240.3 239.7 240.5 238 235.7 232.1 230.4 225.5 221.5 216.7 211.8 205.4 197.3 191.9 190.2 190.3 190.2 187.5 194 202.3 208.8 217.3 229.8 240.5 249.4 253.8 260.2 264.9 271.2 278.1 286 291.4 291.4 286.6 280.7 275.5 274.8 279.2 277.2 271.8 268.4 270.1 272.9 274.8 274.3 273.8 272.1 269.1 266 261.3 256.4 252.3 253.2 249 241 234.5 234.2 231.5 228.7 221.5
186.3 187.7 189.7 193.4 196 199.8 203.3 206.4 209.9 213.7 216.6 222.7 227.8 234.8 242.1 244.6 243.2 241.9 241.3 241 239.9 240.3 236.9 231.9 230 227.4 222.5 217.5 214.9 217.6 211.3 198.9 190.3 189.2 188.7 188.8 186.7 192.3 198.4 204.4 215.3 224.5 235.2 242.7 248.6 253.5 261.2 268.4 276.3 284.6 288 289.9 286 280.3 273 272.5 276.9 279.3 276.9 271.5 266.5 265.8 264.8 264.6 263.7 262.8 260.2 257.5 253.3 250 247.1 249.8 247.5 241.4 231.5 222 224.7 221.1 214.7
189 190.7 191 191.7 193.2 198.6 202.2 205.6 210.5 214.3 219.6 224.7 229.9 237.6 247.4 249.5 246 242.1 241.3 239.7 238.5 237.8 234 229.1 226.7 223.5 217.3 214.7 214.6 218.1 214.9 203 191.1 189.1 189.6 186.5 187.1 188.2 192.3 201.9 211.9 221.9 229 238.7 243.6 249 256.3 261.9 271.1 276.2 281.1 282 282.2 279.5 272.1 269.4 273.5 272.2 269.2 266.6 264.4 263.7 263.1 263.9 266.1 262.6 255.6 248 244.9 243.6 243.2 249.6 250.1 244.3 233.9 219.9 216.7 217.5 212
187.7 190.2 190.4 190 194 196.1 199.1 204.1 211.1 217.2 222.2 228 233.7 243.9 250.4 251.9 249.9 244.8 242.9 237.8 235.6 233.8 230.3 226.6 224.4 218.9 213.9 210.5 210.7 217.2 214.9 206.2 196.1 188.7 187.6 185.7 185.3 186 191.5 200.5 207.5 216.6 223.9 234 238.6 243.6 252.9 258.8 264.2 269.1 272.2 275.3 275.1 274.7 271.1 265.1 269.5 266.9 263.5 259.9 254.3 254.4 255.4 255.8 254.7 255 259.5 254.7 242.6 239.3 241.3 245.6 247 242 233.4 224.2 214.6 216.3 213.6
183.5 186.1 187.3 185 193.2 195.6 198.1 205.7 211.8 219.9 224.9 231.4 239 246.1 249.5 252 251.3 248.6 242.4 237.5 233.5 230.2 227.8 224.5 220.8 216.7 211.5 207 209 216.8 209.2 205.4 197.3 187.4 185.2 184.9 184.1 184.8 191.6 198.2 206.1 211.7 219.1 227.8 234.5 240.2 247 253.1 259.4 262.9 264.9 268 268.7 268.9 267.4 264.8 264.3 262.2 257.5 252.9 247.9 246.6 247.3 245.6 245.1 246 251.6 248.8 247.7 239.3 242.2 242.3 241.8 237.1 230 223.7 216.9 211.4 213.4
176.2 180.6 181.6 180.4 187.7 194 196.2 206.1 211.8 218.4 225.3 230.5 240.8 246.5 248.9 249.1 250.3 248.7 244.7 237.6 231.2 228 223.8 220.1 217.4 214.1 208.8 204.6 203 209.1 208 201.5 189.6 186.9 184.8 184.7 182.7 184.9 190.7 197.1 203.2 209.1 215.2 222.7 232.2 236.5 240.2 247.1 253 258.7 259.7 261 261.4 262.9 262.6 260.9 258.5 255.2 249.5 244.3 239.1 237.7 236.8 235.6 236.8 237.8 240.6 237.5 240.4 238.4 227.6 234.5 233.1 227.5 225.7 222.9 218.4 214.4 207.1
