Game/Highland_Data/StreamingAssets/GeoData/Data/nx/NX79.asc
ncols 200
nrows 200
xllcorner 270000
yllcorner 590000
cellsize 50
[rows 70 to 104 of 200, columns 0 to 77 of 200]
302.2 296.7 292.8 288.6 284.4 277.2 270.8 259.3 251.6 245.2 236.9 231.8 226.1 225.6 227.3 232.8 237.7 249.1 257.9 267.9 272.1 278.2 283.5 289.8 296.1 292.3 303.4 314.5 327.1 341.7 357.6 367.3 374.9 381.6 384.4 378.6 373.6 391.7 399.1 409.9 418.4 427.7 434.8 444.6 456 469.8 485.4 500.7 510.1 513.3 513 510.9 510 511.7 508 506 503.1 502.9 506.7 506.2 505.6 508.3 507.6 506.1 496.2 487.2 473.2 462.3 451 439.1 428.7 421.5 410.6 408.7 400.9 384 375.9 371.1
309.8 303.7 301.3 299.6 292.1 286.6 281.2 271 258.5 251.2 242.3 234.8 227.2 222.7 224.6 224.7 227 233.6 243.4 253.2 261.1 267.9 274.5 281.6 278.2 293.4 304.4 317.1 330.7 347.7 362.2 373 382.4 390.7 395.9 398.6 400.5 403.7 404.5 410.8 415 424.2 432 441.2 453.6 467.9 480.7 497 507.4 511.9 513.6 515 520.1 521 518.8 517.8 512.6 512.2 512.8 510.1 505.3 504.9 503 502.1 495.3 481 470.8 454.8 446.9 435.8 423.3 418.8 414.7 408.2 405.5 394 387.4 386
318.2 315.6 313.7 309.2 305.1 299.3 291.2 282.3 271.2 259.9 251.3 239.7 229.4 224.6 223.9 223.5 223.2 227.2 237.9 246.8 250.3 260 266.8 269.1 277.9 291.4 305.2 319.9 335.4 351.3 366.2 378.6 390.2 400.6 407.6 410.1 414.6 416.1 416.3 420.9 425.2 431.8 438 447.5 459.2 471.5 484.5 497.4 509.3 512.5 517.3 526 529.5 529.3 528.8 524.2 522.5 516.4 517.3 511.3 501.8 497.9 496.9 496.6 490.6 478.8 460.6 447.6 437.7 427 415.5 411.3 410.6 408.7 406.1 400.7 400.7 399.5
324.5 325.5 323.5 323.6 320.9 317.4 308 292.9 281.3 270.2 260 250.5 236.3 228.3 223.3 222.9 222.2 222.2 230.8 236.2 246.2 252.1 258.7 259.8 275.8 288.9 304.9 323.7 342.5 352.3 367.7 381.6 395.1 408 416.1 420 425.3 430.6 432.6 435.7 439.4 444.2 451.8 465.1 475.5 486 495.5 504.4 512.8 522.5 527.3 535.7 537.7 537.9 534.6 531.8 528.3 523.1 515.1 505.1 494.6 487.9 487.8 488.2 482.7 471.5 456.2 438.8 425.3 418.3 411.4 406.7 404.3 407.5 407.3 408.7 416.4 418.3
332.1 334 335.7 335 335.4 329.9 320.5 310.4 294.6 281.9 271.8 258.1 247.8 236.2 225 221.7 222.4 221.2 225.2 229.5 238.5 243.7 242.1 256.7 270.2 281.7 301.8 321.6 339.5 353.3 367.6 382 398 411.6 421.3 426.3 433.4 440.8 447.7 454.3 460.1 465.8 472.8 480.2 489.1 497.8 504.9 512.2 520.8 532.2 538 541.3 543.5 544.5 543 540.6 533.1 524.6 510.8 496 483.4 476.9 477.5 477.9 472.7 463.7 449.4 432.2 419.5 413.8 405.8 401.5 400 402 407 411 419.4 423.7
340.8 344.3 345 344.9 344.4 344.1 336.5 323.5 306.9 292.9 281.1 269.5 255.9 244.7 232.1 223.5 221.8 220.9 220.1 223.4 229.7 235.9 240.3 254 263.6 279.6 297.2 317.2 335.7 350.3 365.5 382.1 398.5 411.6 421.2 427.1 436.8 447.8 457.9 468 475.3 480.3 486 491.2 498.5 509 513.9 521.5 525.7 538.8 541.5 545.3 545.9 544.5 541.9 539.9 530.3 516.2 501.2 486 471.7 465.2 466.7 470 466.6 456.2 441 426.5 415.6 406.8 402.1 398.6 395 396.2 402.5 411.4 419.2 425.5
349.8 353.6 354.6 354.3 353.5 353.5 352.1 333.8 316.7 306.5 293.7 278 265.2 251.2 240.6 228.8 221.5 219.8 219.6 221 224.2 229.2 239.6 250 257.4 273.2 292.7 313.4 331.6 346.7 362 379.6 397.5 411.2 420.2 427.9 438.4 450.9 468.5 478.6 484.4 489.6 494.4 502.4 512.4 518.3 519.1 526.1 534.2 538.1 541.7 541.2 541 538.8 534.9 529.4 518.9 503.1 488.2 476 463.4 459 457.4 458.7 452.7 443.8 432.4 423.4 415.9 403.4 396.9 391.1 388.1 389.7 398.8 409.3 418 426.8
356.2 360 361.7 363.8 366.2 363.3 362.7 345.6 329.7 317.3 305 290.3 275.1 261.7 250.5 236.4 226.4 219.3 218.9 221.3 222.7 223.7 235.3 241.8 250.5 265.6 284.1 303.3 326.9 341 357.6 375.8 395.8 410.4 420.9 429.6 440.1 457 472.7 483.6 489.9 495 500.8 509.7 518.5 521.1 523.5 528.9 533.1 534.1 533.4 533.5 532.2 531.4 526.2 515.6 503.5 489.3 475.7 463.1 453.2 445.8 442.9 439.9 436.7 431.5 427.7 418.9 412.1 400.9 389.8 383.6 381.6 383 392.7 405 412.2 419.2
367.3 370.3 369.6 369.9 373.1 376.8 371.4 362.7 344.5 327.7 313.1 298.9 284.6 270.6 257.7 244.2 231.3 221.9 218.3 218.6 220 220.7 227 235.1 241.9 258.7 275.2 297.9 323 341 358.9 376.4 392.6 408.2 419.3 430.4 442.2 459.2 472.5 482.8 489.5 496.9 506.2 514.3 518.9 523.9 526 526.8 528.6 529.9 528.6 525.6 520.7 516.4 507.8 498.4 487.8 476.1 462.6 451.2 442.3 435.5 429.5 429.3 428.8 422.9 418.4 412 402.7 392.6 383.4 377.7 375.1 378 385.5 395.4 405.5 413.1
374.3 377.1 379.7 380 381.1 385 379.3 368.5 350.8 336 318.7 306.7 295 281.9 268.5 254.3 236.5 225.1 218.2 216.9 217.5 218.3 218.9 227.5 234.6 254.6 271.9 296.5 319.3 339.7 356.8 373.1 388.8 403.3 415.4 427.7 441.4 455.2 467.3 476.1 486.8 498.7 506.4 513 517.4 522.3 520 516.2 523.2 521 521.1 512.4 504.4 494.4 489.6 481.1 471.7 460.7 451.6 442.7 434.6 428.4 424 419.5 416.2 412.3 405.8 400.1 391.7 382 373.4 369.4 368.8 370.9 376.8 385.6 396 402.1
386.3 386.4 391 390.7 391 388.7 382.1 370.3 357.4 338.4 325.8 312.5 299.8 288.9 276.8 262.8 244 228.5 220.1 216.9 216.1 215.6 215.3 220.9 228.2 253.3 269.2 295.7 320.5 339.6 356.4 370.9 387 400.4 412.6 425.6 439.1 455.3 468.5 478.4 484.3 492.1 502.9 511.7 516.5 514.9 507.9 509.7 513.2 507.9 503.1 494.2 483.4 478.2 474.8 467.9 458.7 451.8 443.9 438.4 433.3 423.8 415.8 409.2 405.7 400.5 396.4 390.2 382.8 373.4 363.1 360.1 359.4 362.5 366.6 375.5 381.4 383.3
396.9 395.1 396.9 397.6 395 392 386.5 375.8 359.9 344.5 332.2 319.1 305.7 294.4 280.1 267.7 251.1 231.8 219.8 216.6 214.6 212.8 215 218 225.5 252.7 270.4 295.5 319.9 339 354.9 368.9 385.5 396.9 410.7 425.4 441.5 457.5 470.6 480.4 488.3 494 503.1 512.4 515.1 511.2 501.7 497.6 496.8 493.4 485 473.9 469.1 464.4 459.2 453.4 448.1 446.3 438.6 432.8 426.7 418.1 409.6 402.6 397.1 391.9 386.9 380.4 372.8 365.5 356.2 354.8 351.3 353.7 356 360.3 363 363.2
409.6 405.1 402.6 398.9 398.4 398.4 393.6 379.8 366.4 351.6 339.2 324.8 308.5 297.1 281.8 271.8 257.9 237.8 221.9 217.1 214.9 214.7 212.7 214.7 223.4 246.2 268.8 293.1 318.8 336 349.7 363.6 378.5 393.9 410 426.7 444.4 458.4 469.7 479.9 488.7 496.4 501.8 512.6 511.8 502.4 494.3 484.2 480.5 473.5 467.1 459.1 457.7 453.7 450.5 445.4 442.9 439.8 432.4 426 419.8 410.7 404.1 396.1 388.6 382.5 377.2 371 364.8 356.6 352.3 347.9 346 346.8 345.6 347 347 345.9
424.1 418.7 414.6 407.5 406.1 403.1 396.6 384.7 371.4 355.8 344.6 330.3 315 297.3 285.7 275 259.7 243.8 226.2 218.8 215.4 213.6 212 216.9 223.2 242.9 262.9 285.7 312.3 329.8 344.7 359.4 376.7 392.4 408.8 426.4 442.4 455.5 467.3 481.6 492.2 504.6 511.4 500.7 502.4 493 482.9 476 467.9 465.3 456.8 451.7 445.6 444.6 446.4 439.9 432.8 428.1 424.3 417.3 412.5 403.3 397.7 389.8 381.7 376.6 371 362.7 356.6 350.7 347.3 340.7 339.2 338.7 338.3 337.6 334.1 333.9
438.5 432.8 425.5 416 413.4 409.2 404.2 390.6 372.5 362.9 348.9 330.5 313.6 299.9 291.5 276.3 262.4 244.4 227.8 219.6 215.3 212.7 211.9 218.5 225.3 239 257.3 277.9 300.1 323.5 338 353.1 371.4 389.1 405 422.2 435.9 449.6 465.7 485.4 499.4 512.3 512.4 500.2 492.7 485.7 474.5 466 460.9 454.7 446.5 442.3 439.2 435.7 434.4 429 424.3 422.3 415.1 408 403.9 396.5 389.4 384.8 377.2 371.1 365.2 358 350 346.2 340.1 335.2 332.8 331.2 328.7 326.9 324.5 325.2
449 443 434.6 427.4 423.3 418.4 411 400.5 383.9 365 348.1 333.8 315.3 304.4 292 278 261.6 246.8 228.5 216.7 216.3 212.2 211.6 214.9 222 234.7 255.8 271.9 289.4 315.8 333 348.4 363.5 380.2 395.7 416.6 436.2 452.8 468.7 487.3 502.3 514.2 513 499.6 488.4 481.1 470.9 463.6 458.1 452.1 443.3 436 430.2 425.7 423 420.2 417.6 413.1 406.5 399.6 393.2 388.4 383.5 377.8 372.6 365.1 359.5 352.7 347 343.4 336.1 331.5 328.5 324.6 322.5 320 317.8 315.9
459.5 455.3 448.3 440.4 433.5 428.7 420.7 409 391.1 378 356.5 335 318 306.9 293.6 278.5 263.2 247.4 228.9 218.4 216.4 211.7 211.4 213.3 219.4 232.8 255.6 277.8 286.7 306.8 323.1 336.1 350 372.9 392.7 417.7 440 456.4 472.6 491.7 506.3 512.2 508.2 497.6 482.9 475.1 470.7 465.2 456.9 450.1 440.7 432.2 421.6 417.5 414.9 414.3 408.1 403 397.4 392 386.2 382.5 376.5 371.9 366.2 359.7 353.9 349.1 343.6 340.1 335.8 330 326.4 322.7 317 314.2 312.3 310.5
468.9 464.7 459.4 454.2 448.2 436.2 427.5 413.7 399.8 380.8 362.5 341.7 323.4 312.5 298.2 281.1 264.5 247 230.6 218.6 216.7 212.9 210.6 212.9 218 236 262.4 277 285.4 294.3 314.8 332.9 350.3 369.2 390.3 415.1 441 458.9 474.7 488.3 495.5 499.8 498.9 487.8 475.1 469.1 466 459.2 451.1 443 432.7 424.6 419.8 414.5 407.4 404.5 400.6 396 391.1 388.1 383.4 377.2 372.1 367.6 362.5 356.7 352.1 347.9 340.3 339.6 336 331.5 326.6 320.5 316.2 310.6 306.9 305.7
473.9 471.2 467.7 463 457.8 444.3 429.5 415.9 401.1 382.9 366.6 350.2 332 317.4 300.5 285.2 268.5 249.8 232.6 220.6 217 213.5 210.5 212.1 215.7 226.5 249.6 267.9 277.2 290 306.2 327.3 344.4 365.6 388.4 411.2 436.6 455.4 470.8 481.3 483.2 481.9 475.2 471.7 465.6 459.6 460.7 454.4 445.1 435.4 429.3 424.4 417.6 410.7 404.2 399.1 393.2 391.1 386.5 383 378 373.8 368.3 361.1 354.2 359.1 355.2 351.4 349.5 345.4 339.7 333.8 328.2 323 318.2 314.2 310 305.6
477.9 474.9 471.2 464.5 459.8 445.4 428 414.6 399.6 389.7 370.3 357.6 338.6 320.8 303.5 290.5 275.1 259.8 237.9 223.7 216.3 213.2 208 211.6 215.1 222.9 237.6 255.5 269.3 278.3 297.4 320 340.4 360.6 383.8 405.1 431.2 448.3 461.3 469.7 472.7 471.4 468.2 463.7 455.4 455.9 453.1 446.1 440.7 436.3 430.3 424 416.2 408.1 403.8 399.8 390.9 387 380.9 375.8 369 370.7 369.5 368 365.1 362.1 357.8 356.4 352.8 348.3 345.5 337.9 331.1 325.3 319.5 314.4 310.6 305.4
475.9 471.4 462.4 453.3 446.4 434.6 422.4 409.2 399.7 389.1 377.6 362.7 344.2 329.4 315.4 300 286.3 264.7 250.3 232.6 220 212.9 210 209.9 213.1 218.7 230.5 241.9 256.6 265.7 287.6 311.3 335 355.8 378.4 397.2 417.3 436.5 450.2 459.3 462.4 460.2 460.7 459.3 456.4 453.4 452.8 450.7 445.4 436.2 426.5 418.8 413.2 408.5 404.7 400.2 391 385.9 380.8 380.2 379.9 377.7 374.5 371.9 367.8 366.2 367.2 363.6 363.2 361.9 353.8 344.8 336.9 328.1 319.9 317.4 313 306.3
466.7 457 447.9 439.4 431.3 422.8 413.3 402.9 393.8 385.1 374.6 366.9 349.3 335.2 324.6 311.2 299.6 282.1 263.1 246.2 225.9 217.9 210.7 206.3 211.2 216.6 220 232.4 244.6 255.8 275.7 300.9 324.3 348.2 367.6 386.5 403.2 422.9 438.4 446.9 451.2 453.8 459.2 463.2 461.6 457.6 454.9 448.8 440 431.3 424.8 419.9 412.1 407.3 403.3 396.3 390.7 388.5 388.1 386 382.6 382.4 381.6 382.3 379.8 380.7 378 375.7 372.9 368.8 359.5 349.6 339.8 331.4 325.1 321.5 314.1 307.9
449.8 439.5 433.7 428.8 417.7 408.9 401.1 393.9 382.9 380.2 374.3 365.3 356 348.3 336.8 324.8 313.3 299.2 281.7 256.6 240.7 226 214.8 208.6 209.2 217.1 216.3 226 237.4 246.5 264 287.3 310.6 336.6 357 374.2 391.6 409.1 424.3 434.2 444.7 451.6 457.7 464.5 464.7 465.5 456.9 450.2 439.2 432.1 426.6 420.1 413.4 406 400.9 395.3 396.9 395.4 393.6 394.5 395.7 396.8 398.8 398.1 395 391.9 388 383.4 378.6 371.9 363.9 353.1 342.3 334 328.1 323.3 317.1 310.6
436.6 429.6 424.2 414.5 405.4 397.3 389.9 377.6 376.6 372.7 365.2 363 361.5 357.1 346.2 334.2 320.4 311.7 291.1 271.9 254.6 237.8 223.1 211 207.3 208 214.3 214.8 228.9 239.7 256.4 277.2 298.5 323.3 344.7 362.7 381.6 400 413.9 425.1 437.4 448.4 452.6 454 455.1 455.2 453.3 446.2 437.8 433.8 429.5 424.1 415.9 407.5 405.4 405.1 404.3 404.8 405.4 407.3 408.7 410.6 411.1 408.2 406.8 401.8 396.2 388.6 382 374.9 366 355.7 344.5 336 330.8 325.7 318.6 311.8
426 418.7 411.6 405.7 395.7 388.6 383.4 373.6 363.5 361.8 361.5 358.4 357.7 352.5 349.3 344.5 336 319 303.9 286.1 268.5 246.2 234.5 219.6 208.4 201.4 207.7 211.6 218.8 233.7 247.1 267.2 288.1 310.6 332.1 355.5 373.1 390.7 406.1 419.2 431.7 437.6 442.9 449.1 455.5 459 456.4 448.7 440.9 435.6 431.4 427.9 424.5 419.7 416.6 415.1 416.5 417.8 419.2 421.1 421.6 421.1 419.9 418.5 416.2 410.1 403.3 394.6 386.3 380.2 368.8 358.9 347.5 337.8 332.4 325.3 319.7 311.8
414.1 406 400.9 393.7 388 381.2 373.5 365.5 360.8 353.8 352.8 347.5 349.9 349.4 346 344.3 334.4 325 316.4 301.6 279.8 259.7 242 224.5 213.3 204.8 201.7 207.6 212.8 225.4 239.6 256.6 281.7 306.1 327.2 343.6 360.5 378.2 396.1 410.6 425 438.9 448.6 456.3 460.4 458.3 455 451.8 443.7 439.8 437.6 432.3 431.1 431.2 428.9 430.4 432.3 431.6 428.5 427.7 426.6 426.4 425.9 423.7 420.1 414.6 407.3 398.4 390.5 384.6 374.9 363.2 349.1 340.5 332.6 323.6 317.8 310.3
401.9 393.5 389.6 385.3 378.5 372 365.8 362.3 353.6 350.6 344.4 340.4 339.8 340.8 338.1 334.8 331 327.9 320.8 308.4 289 268.8 246.6 233.8 218.2 208.6 201.5 202.7 209.6 219.7 233.4 253.4 274.8 299.9 317.9 331.6 346.6 363.6 382.9 402.6 420 438.8 452.3 459.6 456.8 454.1 453.7 456.2 447.7 441.9 441 443.1 441.7 440.7 440.4 442.1 439.5 435.4 433.3 431 430.7 431 429.9 426.4 422.4 419 410.2 400.2 395.5 388.9 381.2 367.1 354 343.8 331.6 323.3 316.7 309.5
393.7 386.8 382.5 375.5 370.9 365.9 359.1 351.2 345.2 340.5 338.3 333.8 331.9 327.5 325.7 324.3 321.8 320.9 316.1 305.8 292.7 269.9 246.8 232.5 221 209.8 203.9 200.9 207.2 217 231.6 249.9 266.1 287.8 303.3 318.7 335.7 355.2 377 396.8 418.1 435.5 449.9 453.7 455.3 451.4 450.4 453.5 444.5 443.6 444.3 447.5 448.2 446.3 446.3 445.9 442.2 438.1 434.4 431.4 428.4 427.7 425.9 422.8 419.2 416.2 410.3 404.1 399.8 393.8 384.1 372.5 359.8 347.9 336.5 326.4 317.7 310.1
386.4 381.4 377.7 372.9 367.7 361.1 351.7 344.7 338.8 335.4 328.5 324.6 319.6 318.5 316.1 310.5 309.8 308.7 303.6 296.5 287 266.6 254.7 235.1 220.4 209.7 200.8 203.7 209 213.2 226.3 242.1 255.3 273.6 295 313.5 335.6 353 372 391.6 406.3 421.2 438.3 447.7 449.7 447.1 444.6 446.4 448.5 450.3 451.4 448.8 449 444.3 442.4 442 435.9 431.6 427.5 424.8 423.4 420.6 419 415.1 412.8 409.2 407 404.9 402.7 397 388.1 375.4 365 352.1 339.5 329.9 320.8 309.8
383.2 376.5 374.3 367.7 360.6 353.2 346.6 340.8 335.3 328.3 322.2 319.1 313.7 311.1 304.5 299.3 291.7 288.2 288 288.8 277.9 261.7 248.1 233.7 220.4 207.8 198.6 203.5 210.7 212.7 223.2 234.2 248.1 268.3 292 309.9 329.7 349 364.5 383.7 393.6 411 425.8 437.9 442.6 438.1 430 439.1 449 452.4 450.4 447.1 440.7 437.3 437 433.2 427.2 421.5 416.6 415.4 412.4 407.9 405.1 402.9 402.3 401.2 403.1 403.9 404.8 398.8 388.9 377.8 369.1 357.8 342.8 331.4 323.3 313.3
379.1 373 367.9 361.7 356.4 352 345.4 334.6 327 317.4 316.8 307.4 299 298.8 294.6 289.7 271.2 261.6 266.1 270.7 266 256.5 241 226.8 217.6 207 198.8 201.4 205.1 208.4 217 227.1 241.8 260.1 282.9 301.8 319.3 338.3 357.7 372.3 380.8 399 413.9 419.3 423.4 420.8 419.3 432.5 438.9 439.4 437 435.4 436.6 434 436.5 428.4 420.1 411.6 405.1 399.5 399.3 394.9 391.2 389.1 390.7 394.9 397.2 399.6 396 394.4 387.4 380.6 371.9 361.4 348.1 335.9 324.9 316.6
372.4 368.5 362.2 356.9 352.9 348.6 339 336.8 332.6 326.5 325.4 315.4 312.9 307 293.7 287.6 283.6 274.2 264.5 245.8 244.1 247.2 239 227 213.5 205.5 198.9 200 203 204.3 210.1 217.3 230.6 248.3 268.3 289.5 306.2 328.2 345.9 357.1 368.2 386.2 396 404 411 410.5 407.2 422.2 424.6 428.3 428.5 430.2 432.2 432 427.9 423.9 416.2 404.5 396 390.5 384.5 380.2 376.6 375 379.2 384.8 387.9 388.1 385.6 384.4 380.5 375.5 365.9 361.3 349.6 339.4 327.6 317.7
370.6 366.7 365.6 363.8 358.5 352.3 348.7 341.4 341.7 337 331.8 326.8 319.6 312.2 305.1 297.6 288.1 277.5 267.1 258.5 241.7 234.2 233.8 223 210.7 205.6 200.4 199.2 200.2 201.7 204.3 209.6 217.5 233.6 253.5 273.2 293.5 313.7 331.4 345.8 360.2 377.6 383.6 389.3 393.6 394.7 393.4 406.8 412 423 426.6 425.7 426.1 432 424.9 419.4 412.7 402.4 391.7 383.4 376.3 369.1 365.4 365.9 367.6 369.8 371.2 371.1 372.3 373.6 372 367.5 360.5 349.8 344.5 336.6 327.6 317.6
373.7 373.7 368.2 366.3 362.3 356.3 354.8 353.5 347.3 337.9 338.2 333.3 328.2 319.4 311.3 304.2 293.8 284.3 271.6 259.7 251.5 238.4 227.2 212.5 215.5 206.5 200.5 203.2 198.7 198.7 201 202.8 208.5 217.5 235 255.5 278.1 303.8 323.9 338.7 352.9 364.7 374.9 380.7 386.6 386.6 385.3 394.4 409.1 418.1 419.7 418.8 419 423.3 422.1 421.6 412.5 403.4 393.1 380.1 370.6 360.5 356.6 356.2 354.4 354.7 354.3 354.6 359.7 361.3 359.6 355.5 349.6 341.4 332.6 326.7 320.6 313.5
383 381.6 375.5 370.4 366.4 365.3 364.6 361.3 345.9 349.1 349.4 342.8 337.2 330.5 322.8 314 304.1 290.2 276.9 262.4 251.8 246.5 233.9 226.8 221.9 209.2 202 197 197.2 196.7 197.2 201.2 202.4 207.4 220.8 238.8 263.6 291.2 317.6 338.7 350.8 359 364.7 369.1 373 376.4 376.5 387.4 402.2 409.2 409.5 411.6 408.2 410.6 417.3 415.7 408.5 400.7 390.6 379.7 369.3 357.8 345.9 343.5 340.5 338.7 337.2 341.1 341.4 344 345.4 341.3 336.1 328.8 325.1 321.4 315 311
