Game/Highland_Data/StreamingAssets/GeoData/Data/nx/NX85.asc
ncols 200
nrows 200
xllcorner 280000
yllcorner 550000
cellsize 50
[rows 117 to 155 of 200, columns 0 to 87 of 200]
40.8 36.4 27.1 15.6 11.5 11.5 12.2 9.3 8.8 8.6 8.2 5.1 5.4 5.7 6.3 11.1 13 13.8 10.7 7.7 7.4 8.7 14.3 17.1 22.2 26.4 25.9 30.3 29 25.8 28.7 33.8 26.1 11 5.8 5.2 5.5 5.2 5.2 5.5 5.4 5.5 5.6 6.3 8.1 12.6 22.2 33.3 39.2 50.5 62.7 70.2 79.6 87.5 90.6 91.8 89.6 89.3 60.2 33.9 6.9 3.9 3.3 2.7 2.2 1.6 1 0.3 -0.4 -1.1 -1.8 -2.4 -3 -3 -1.3 -0.2 0.7 1.5 2.3 3.3 4.1 4.2 4.3 4.3 15.6 17.7 19.8 22.3
38.4 36.3 26.8 16.3 12.3 11.2 11.2 9 8.9 8.8 8.3 7.9 7.4 6.3 6.1 7.9 10.1 10.3 7.5 6.2 6.1 6.1 10.7 13.1 15.3 19.2 21.4 26 28.5 27.3 25.3 26.2 26.5 15 6.2 5.5 -3 4.4 4.7 5.4 5.4 5.4 5.5 6.6 8.8 13.4 24.2 35.7 42.2 47.5 58.1 66.8 74.5 83.5 88.2 91.8 89 79.2 63.1 40.6 14.5 4.2 3.6 2.9 2.2 1.6 0.9 0.2 -0.5 -1.2 -1.9 -2.6 -3 -2.4 -1.4 -0.4 0.6 1.7 2.6 3.2 3.9 3.7 3.3 3.8 4.3 12.8 14.7 18.4
35.7 32.7 25.6 17.1 14 11.7 10.9 9.1 8.9 8.8 8.5 8 7.2 6.4 3.7 -3 7.3 7.2 6.5 5.4 5.2 5.2 7.6 11.3 13.6 16.1 16.6 18.6 22.7 26.3 24.9 24.2 24.4 20.8 10.3 5.4 -3 4.9 4.9 5.1 5.3 5.3 5.4 6.8 9 16.6 25.4 36.6 43.2 53.3 65.8 69.3 71.2 78.4 83.1 86.9 83.9 72.7 55.3 35.6 12.1 4.1 3.3 2.7 2 1.3 0.7 0 -0.7 -1.4 -2.1 -3 -3 -2.1 -1 0 1 1.7 2.4 3 3.7 4.1 2.6 2.3 2.8 3.4 7.1 11.2
33.2 27.1 21.3 16.5 14.9 14.2 12.5 9.1 8.8 8.6 8.3 7.8 7.5 7.1 7 -3 -3 6.2 5.5 5.1 4.8 4.6 5.4 9.9 16 17.4 14.7 13 15.5 19.7 22.6 22.9 21.2 21.6 17.1 6.9 -3 4.4 4.7 4.8 5 5.2 5.6 6.5 8.6 19.2 29.7 36.9 47.7 55.5 70.3 80.6 83.8 83.1 80 81.1 74.8 65.2 50 25.9 4.3 3.9 3.1 2.4 1.7 1 0.4 -0.3 -1 -1.7 -2.4 -3 -3 -1.6 -0.6 0.1 0.8 1.5 2.1 2.8 3.5 4.2 3.1 1.6 1.4 1.9 2.9 4.1
32 24 16.5 14.4 15.3 16.3 14.9 9.1 8.6 8.4 8.1 7.7 7.6 6.8 -3 -3 -3 -3 -3 5 4.7 4.5 4.2 5.1 11.9 19.4 12.8 11.3 9.7 11.5 16.2 19.7 18.7 17.5 18.9 9.6 -3 4.3 4.5 4.6 4.7 4.9 5.5 6.5 7.9 17.1 26.4 36 46.5 56.2 67.2 78.6 90.4 87 78 67.5 58.9 49.8 40.7 20.5 4.3 3.6 2.9 2.1 1.4 0.7 0 -0.6 -1.3 -2 -3 -3 -2.2 -1.5 -0.8 -0.1 0.6 1.3 1.9 2.6 3.3 4 3.5 2 0.5 0.4 1.1 2.3
28.7 23.5 16.7 14 13.5 13.9 10.4 9 8.6 8.1 7.9 7.6 7 -3 -3 -3 5.9 -3 -3 -3 -3 4.6 4.7 4.3 8.1 17.1 18.2 11.5 6.8 6.6 10.3 21.4 16.9 13.6 11.4 8.4 -3 4.2 4.1 4.4 4.3 4.8 5.1 6 7.4 12.8 22.7 31.1 44.6 55.8 63.3 69.9 81.1 84.5 72.1 60.4 53.6 41.9 31.6 10.6 4 3.1 2.6 1.9 1.2 0.4 -0.3 -1 -1.6 -2.3 -3 -3 -2.4 -1.7 -1 -0.3 0.4 1 1.7 2.4 3.1 3.8 4 2.5 1 -0.5 -0.5 0.5
22 21 17.8 14.8 10.9 10 8.7 9 8.5 7.7 6.9 6.1 5.6 -3 5.4 -3 -3 -3 -3 4.8 -3 4.5 4.7 4.5 4.3 7.7 15 8.9 5.5 4.7 4.8 15.8 18.6 10.8 7.9 4.9 -3 4.3 4.3 3.9 4 4.3 4.6 5.2 6.6 10.4 16.9 25.4 37.5 50.6 55 69.1 71.5 73.8 67.6 55.6 50 42 27.9 8.9 3.5 2.5 1.8 1.3 0.7 0.1 -0.6 -1.3 -2 -3 -3 -3 -2.3 -1.9 -1.2 -0.5 0.2 0.8 1.5 2.2 2.9 3.6 4.3 3 1.4 -0.1 -1.6 -1.3
20.9 19.9 17.2 15.9 12.1 9.6 8.3 7.8 7.3 7 6.9 7.1 5.5 -3 -3 -3 -3 -3 5.3 5.2 5 -3 -3 4.3 4.3 4.4 5.6 5 4.5 3.8 4 4.3 13.8 9.7 5.5 -3 -3 3.8 3.3 2.8 2.9 3.2 4.2 4.3 5.7 9.3 12.6 20.4 28.8 40.2 48 58.9 62.2 59 60.5 52.6 42.5 41.2 26.1 7 3.3 2.1 1.1 0.5 0 -0.5 -1.1 -1.7 -2.4 -3 -3 -2.5 -2.1 -1.7 -1.3 -0.7 -0.1 0.6 1.3 2 2.7 3.4 4.1 3.4 1.9 0.4 -1.1 -2.7
20.1 18.6 17.3 15.7 12.3 11.8 10.5 8.8 8.1 8 7.6 7.2 6.1 5.4 5.5 -3 -3 5.4 5.3 5.3 5.2 4.9 -3 -3 4.3 4.6 4.8 4.6 1.3 0.7 1.5 2.7 3.8 6.4 2.7 -3 1.6 2.4 2.2 1.7 1.8 2.3 3.3 4.3 5.2 6.7 9.1 16.7 27.9 38.7 40.9 46.1 50.5 49.7 49.5 47.5 39.3 35.4 22.4 4.6 2.9 1.7 0.6 -0.4 -0.9 -1.3 -1.8 -2.4 -3 -3 -2.6 -2.3 -1.9 -1.5 -1.1 -0.7 -0.3 0.4 1.1 1.8 2.5 3.2 3.9 3.9 2.4 0.8 -0.7 -2.1
21.6 19.2 16.8 15.7 14.3 13.6 13.4 9.7 8.5 8.3 7.7 6.9 7.2 6.2 5.2 -3 5.6 5.4 5.4 5.3 5.2 4.8 4.4 4.1 -3 4.3 4.4 4.3 -3 -1.1 -0.2 0.7 1.7 2.4 -0.3 -3 -1 0.5 1.1 0.6 0.7 1.4 2.4 3.4 4.9 6.3 7.1 12.1 26.3 35.3 34.7 32.8 35.8 40 38.7 36.6 31.4 26.8 16.6 4.3 2.5 1.2 -0.1 -0.9 -1.8 -2.2 -3 -3 -3 -3 -2.4 -2 -1.6 -1.3 -0.9 -0.5 -0.1 0.3 0.9 1.6 2.3 3 3.7 4.3 2.8 1.3 -0.2 -1.3
25 24.7 16.6 15.4 14.7 15.1 15.4 12 9.1 7.9 6.8 6.2 5.9 4.2 5.1 5.8 5.9 5.7 5.6 5.5 5.2 4.7 4.5 4.3 4.3 -3 -3 -3 -3 -3 -2.3 -1.4 -0.4 0.1 -3 -3 -3 -1.4 0 -0.5 -0.3 0.5 1.5 3 4.7 6.2 6.6 8.9 16.3 25.1 30.9 27.4 26.3 26.4 25.2 25.2 24.5 20.4 11.6 3.9 2 0.4 -1 -2 -3 -3 -3 -3 -3 -2.9 -2.4 -1.9 -1.4 -1 -0.7 -0.3 0.1 0.5 0.9 1.4 2.1 2.8 3.5 4.2 3.3 1.8 0.3 -0.5
24 20 17.3 14.9 13 12.4 12.5 10.6 9.1 8.6 7 5.8 5.3 5.5 5.7 6 6.1 6 5.8 5.6 5.3 4.9 4.7 4.6 4.7 4.1 -3 -3 -3 -3 -3 -3 -2.6 -3 -3 -3 -3 -3 -1.9 -1.6 -1.4 -0.3 1.1 2.9 4.7 6.2 6.2 8.3 14.5 20.1 27.2 26.6 21.6 18.6 16.4 16.5 15.9 13.6 7.9 3.3 1.3 -0.6 -3 -3 -3 -3 -3 -3 -3 -2.9 -2.4 -1.9 -1.4 -0.9 -0.4 0 0.3 0.7 1.1 1.5 1.9 2.6 3.3 4 3.8 2.2 1 0.3
31.5 22.6 22 15.2 11.7 10.8 9.9 8.8 8.1 7.2 6.4 6.4 7.1 6.8 7.3 7.5 7 6.1 6 5.8 5.6 6.1 5.6 5.7 5.4 4.3 0.5 -3 -3 -3 -3 -3 -3 -3 -3 -3 -3 -3 -3 -3 -3 -0.7 1 2.7 6.2 6.1 6.2 9.9 17.4 25.1 32 33 28.2 21.8 15.8 12.6 11.1 10 5 2.6 0.5 -1.5 -3 -3 -3 -3 -3 -3 -3 -2.9 -2.4 -1.9 -1.4 -1 -0.5 0 0.5 0.9 1.3 1.7 2.1 2.5 3.1 3.8 4.2 2.7 1.8 0.8
37.7 29.8 22.7 16.4 11.6 10.3 10.2 9.2 8 7.5 7 7.2 8.5 8.2 8.9 9.4 9 6.9 6 6.2 6.9 9.8 11.4 11.5 8.4 4.2 1.6 -0.8 -3 -3 -3 -3 -3 -3 -3 -3 -3 -3 -3 -3 -3 -3 0.3 2.2 4.8 5.2 6.3 11.8 23.6 36.2 43.2 44.5 41.2 32 19.8 12.1 9.9 8.6 3.7 1.7 -0.4 -3 -3 -3 -3 -3 -3 -3 -3 -2.9 -2.5 -2 -1.5 -1 -0.5 0 0.5 1 1.5 1.9 2.3 2.7 3.1 3.5 4.2 3.2 2.5 1.3
44.7 36 28.5 17.6 11.8 10.1 9.4 8.9 8.4 8.1 7.8 8 8.7 8.6 9.1 10.3 11.4 9.5 7 7.3 9 12.3 16.5 15.2 11.9 4.8 2.4 -0.5 -3 -3 -3 -3 -3 -3 -3 -3 -3 -3 -3 -3 -3 -3 -0.9 1.1 3.8 5.2 6.5 13.1 28.3 41.9 51 51.7 47.7 37.9 26.4 15.3 10.5 6.7 4.1 1.8 -0.4 -3 -3 -3 -3 -3 -3 -3 -3 -3 -2.5 -2 -1.5 -1 -0.5 0 0.5 1 1.4 1.9 2.4 2.9 3.3 3.7 4.1 4.2 3.4 2.8
51.5 41.9 32.9 19.5 12.8 9.6 9 9 8.8 8.5 7.4 8.3 8.3 8.6 9.2 10.7 12.2 10.2 8.3 8.8 9.9 13.2 16.4 16 15.2 9 3.3 0.6 -1.8 -3 -3 -3 -2.6 -2.5 -2.7 -3 -3 -3 -3 -3 -3 -3 -3 0 3 5.2 6.8 13.4 29.6 46 54.1 55.7 52.6 43.1 32.8 23.3 12.9 6 4.3 2.5 0.2 -3 -3 -3 -3 -3 -3 -3 -3 -3 -2.5 -2 -1.5 -1 -0.5 0 0.4 0.9 1.4 1.9 2.4 2.9 3.4 3.9 4.3 11 8.8 4.8
50.4 44.4 34.4 21.8 14.8 9.8 8.4 8.6 8.1 7.9 7.7 7.8 8.2 8.5 9.1 12.2 14.4 12.4 9.7 10.6 12 15.2 17.8 20 19.7 15.4 8.5 2.7 0.3 -0.7 -1.3 -2.1 -1.9 -1.7 -2 -2.4 -2.8 -3 -3 -3 -3 -3 -3 -0.2 3.9 6.5 9.8 14.8 29.1 45.8 53.6 58.5 56.1 47.9 38.5 31.3 20.8 11.1 7.3 3.9 2.3 -0.2 -3 -3 -3 -3 -3 -3 -3 -3 -2.5 -2 -1.5 -1.1 -0.6 -0.1 0.4 0.9 1.4 1.9 2.4 2.9 3.4 3.8 4.3 12.6 13.6 11.7
50.8 44 33.5 27.3 16.9 11.1 8.6 8.7 8.3 7.8 7.8 8.2 8.5 8.8 9 10.9 15 13.1 10.7 12 12.9 15.3 18.2 20.5 21.7 19.9 12.8 4.5 1.8 1 -0.2 -1.2 -1.1 -1 -1.2 -1.6 -2.1 -2.5 -2.9 -3 -3 -3 -3 0.1 4.3 7.5 14.8 22.2 29.7 44.5 54.7 60.7 58.8 51.5 42.4 35.2 25.7 17 14.4 9.7 5.9 3.4 1.9 -3 -3 -3 -3 -3 -3 -3 -2.5 -2.1 -1.6 -1.1 -0.6 -0.1 0.4 0.9 1.4 1.9 2.3 2.7 3.1 3.6 4.2 6.3 14.9 13.9
55.1 45.1 36 28.3 19.3 12.6 9.2 9 8.6 8.3 8.2 8.6 8.8 8.9 9.1 9.2 10.4 11.8 11.5 12.2 14.6 17.3 18 18.7 18.8 17.8 15.1 7.8 3.4 1.8 0.8 -0.1 -0.4 -0.2 -0.5 -0.9 -1.3 -1.8 -2.2 -2.6 -3 -3 -3 0.8 4.8 8.5 20.8 30.6 33.5 42.7 56.9 65.8 62.3 56.5 48.7 40.3 31.8 23.6 19.5 16.7 14.4 11.7 7.9 3.6 -3 -3 -3 -3 -3 -3 -2.6 -2.1 -1.6 -1.1 -0.6 -0.1 0.4 0.8 1.2 1.5 1.9 2.4 3 3.5 4 4.4 13.5 15.3
54.6 45.5 39 28.5 19.1 14.1 8.9 8.9 9.1 8.9 8.6 8.8 8.9 9 9.1 9.2 9.3 9.1 10.1 12.5 16.2 18 17.3 16.7 17 16.5 13.9 10.2 4 2.8 1.9 1 0.4 0.5 0.3 -0.1 -0.6 -1 -1.4 -1.9 -2.6 -3 -3 1.2 4.2 10.5 22.7 30 38.2 42.4 60.7 70 69.8 62.2 55 47.5 39.7 30.7 26.7 24.4 22.5 22 19.8 16.2 10.4 -3 -3 -3 -3 -3 -2.6 -2.1 -1.6 -1.1 -0.7 -0.3 0 0.4 0.8 1.2 1.7 2.3 2.8 3.3 3.8 4.3 8.6 16.5
49.4 44.6 34.9 27.9 19.3 12.7 9 9.4 9.7 9.8 9.2 8.8 8.9 9 9.2 9.1 9.1 9 8.7 10.7 14.3 17.5 17.4 15.2 15.7 14.8 12.7 9.2 4.3 3.9 3 2.1 1.1 1.3 1 0.6 0.2 -0.3 -0.7 -1.3 -2 -3 -3 0.3 2.9 6.2 19.7 25.7 39.7 46.9 60.3 72.8 73.2 69.8 61.9 53.8 46.5 38 30.7 28.6 26.9 28.3 31.2 28.5 24.4 14.6 -3 -3 -3 -3 -2.6 -2.2 -1.8 -1.5 -1.1 -0.7 -0.4 0 0.5 1.1 1.6 2.1 2.5 3 3.5 4.1 9.3 20.6
41.1 41.4 32.5 26.3 21.2 11 9.6 9.9 10 9.8 8.7 9.2 9 9.1 9 8.9 8.9 8.8 8.9 8.9 11.8 17 16.7 14.2 12.3 12.2 10.1 8.9 4.3 4.3 4.1 3.1 2.2 2 1.8 1.4 0.9 0.5 -0.1 -0.7 -1.4 -2.2 -3 -3 -3 1.5 9.3 21.3 36.1 50.1 59.9 73.7 76 74.1 68.3 59.5 51.1 42.6 35.6 33 30.6 31.8 36.8 34.9 32.3 25.8 12.7 -3 -3 -3 -3 -2.6 -2.2 -1.9 -1.5 -1.1 -0.7 -0.1 0.4 0.8 1.3 1.7 2.2 2.6 3.2 3.7 4.3 22.3
40.1 34.3 27.7 21.9 14.1 9.2 9.8 9.8 9.1 8.5 8.6 8.5 8.9 9 8.9 8.8 8.7 8.8 8.9 8.8 9.5 14.8 17.2 14 11.1 10.1 9.2 8.4 6 4.3 4.3 4.2 3.3 2.8 2.5 2.1 1.7 1.2 0.5 -0.2 -0.9 -1.6 -2.1 -3 -3 -3 -3 12.1 34 48.7 59.1 75.8 80.4 77.5 73.2 63.6 55 46.8 40.9 40.1 37.2 36.9 39.3 38.8 37.5 33.6 25.9 12 -3 -3 -3 -3 -2.6 -2.3 -1.9 -1.3 -0.9 -0.4 0 0.4 0.9 1.4 1.7 2.3 2.8 3.4 4 7
36.9 34.7 27.4 19.8 12.1 9.9 10 9.2 8.4 7.9 8 8.2 8.2 9 8.9 8.6 8.7 8.9 9 8.9 8.9 12.9 16.5 14 10.6 9.2 8.6 8.2 7 4.8 4.3 4.3 4.3 3.5 3.3 2.8 2.4 1.8 1 0.3 -0.3 -1 -1.6 -2.3 -2.9 -3 -3 7.4 31.1 45.4 56 68.8 79.1 75.9 71.2 65.1 55.9 48.5 43.8 43.2 41.7 42.7 45.9 43.7 43.8 41 36.1 26.7 5.4 1.1 -3 -3 -3 -2.6 -2.1 -1.7 -1.3 -0.8 -0.4 0 0.5 0.9 1.4 1.9 2.5 3 3.5 4.1
32.6 31.6 27.6 15.8 11.2 10.4 9.8 8.8 8 7.5 7.8 7.5 7.7 8.2 8.6 8.8 8.7 8.9 9 9 9.2 9.5 11.9 14.1 12.6 9.2 8.5 8.2 8.2 5.6 5.7 4.3 4.3 4.3 4 3.6 3 2.3 1.5 0.9 0.2 -0.5 -1.1 -1.8 -2.5 -3 -3 3.3 25.8 40.2 51 60.1 71 70.2 66.8 64.2 57.9 50.8 44.8 42.3 43.5 48.2 53 48.4 47.9 47.6 44 36.7 22.5 8.5 -3 -3 -3 -3 -2.5 -2.1 -1.7 -1.2 -0.8 -0.4 0 0.5 1 1.6 2 2.4 3 3.3
28.6 27 22 13.1 10.3 10.2 9.8 8.5 8.3 8.1 7.5 7.4 7.7 7.8 8.2 8.9 8.5 8.8 9.1 9.2 9.3 9.6 9.5 11.4 13.8 10.5 13.9 7.6 6.5 5.8 5.6 4.8 5.1 6.2 10.2 4.2 3.5 2.8 2.1 1.4 0.6 0 -0.7 -1.4 -2 -2.7 -3 -3 18.6 33.3 43.7 50 53.8 58.6 57.3 59 60.6 54.4 42.3 40.8 41 45.4 51.1 53.9 51.3 51.9 49.8 42.6 31.1 12.6 1.8 -3 -3 -3 -3 -2.5 -2.1 -1.7 -1.3 -0.9 -0.4 0.1 0.6 1 1.3 2 2.4 1.3
25.5 23.8 18.6 11.8 10.4 9.8 8.3 8.2 8.1 7.9 7.5 7.5 7.2 7.6 7.7 8 8.2 8.4 8.9 9.1 9.3 9.9 10 9.5 9.7 10.4 13.7 14 5.5 5.6 5.6 5.2 5.8 7.1 14.8 7.9 4 3.3 2.5 1.8 1.1 0.4 -0.2 -0.9 -1.6 -2.2 -3 -3 11.2 25.7 36 38.9 43.2 47.2 48.1 51.1 52.2 54.1 44.9 37.9 40.4 44.2 53 61.3 64 56.7 55.7 49.1 39.4 21.3 3.6 0.2 -3 -3 -3 -3 -2.5 -2.1 -1.8 -1.3 -0.8 -0.4 0 0.3 0.9 1.3 1.7 -0.7
25.7 18.2 14.4 10.7 10.4 8.6 8.2 8 7.8 7.4 7.2 7.3 7.2 7.4 7.3 7.4 7.9 8.1 8.5 9.1 9.1 10.5 10.6 9.3 9 9.1 10.5 12.1 5.7 4.8 4.6 4.3 5.2 6.8 11.9 19.1 6.4 3.6 2.9 2.2 1.5 0.9 0.2 -0.4 -1.1 -1.9 -3 -3 4.1 15.5 27 35.4 43.8 43.8 39.9 45.4 49.8 46.5 42.2 37 40.5 44.6 51.7 61.1 68.6 68.1 62.8 55.3 46.4 29.2 8 2 -0.6 -3 -3 -3 -3 -3 -2.2 -1.8 -1.4 -1 -0.7 -0.2 0.2 0.6 0 -2.7
23.4 18.5 13.7 10.5 9.7 8.7 8.1 7.8 7.8 7.7 7.7 7.6 7.4 6.6 6.8 7 7.5 8 8.1 8.7 9.4 13.3 11.6 10.1 9.5 10.2 9.3 8 5.6 4.3 4.3 4.3 4.3 6 9.9 19.5 13.3 4 3.4 2.7 2 1.4 0.7 0 -0.9 -1.6 -2.4 -3 -3 3.8 18.3 26.6 33 46.8 42.4 36.4 39.3 35.1 32.8 35.4 39.4 43.6 51.9 61.7 67.8 70.4 66.3 58 49.3 36.9 11 2.5 0.5 -1 -3 -3 -3 -3 -3 -2.4 -2 -1.7 -1.3 -0.8 -0.4 0 -2 -3
20.3 16.3 11.8 10.4 8.5 8.3 7.7 7.7 7.6 7.5 7.5 7.4 7.2 6.8 6.3 6.5 7 7.6 7.6 8.2 9.1 10.3 13.7 13.9 14 10.9 9.2 7.6 5.1 4.3 4.3 4.3 4.3 5.1 9.7 15.8 16.4 4.3 3.9 3.2 2.5 1.8 1 0.2 -0.5 -1.3 -2 -3 -3 -3 10 19.5 27 40 40.7 32 29.8 29 27.8 30.7 35.9 40.5 48.6 58.1 65.3 69.1 65.2 57.2 49.5 39.7 15.4 3.5 1.9 0.1 -1 -3 -3 -3 -3 -3 -3 -2.3 -1.9 -1.5 -1.1 -1.3 -3 -3
16.6 12.1 9.9 8.8 8 7.9 7.6 7.5 7.4 7.4 7.4 7.3 7.1 6.5 6 5.9 6.4 7.1 7.7 8.2 9 10.3 15 19.1 22.4 16.8 11.2 8.9 5.7 4.3 4.3 4.3 4.3 4.3 4.7 7.9 8.6 5.5 4.3 3.7 2.8 2.1 1.3 0.5 -0.2 -0.8 -1.5 -2.1 -3 -3 2.5 9.3 17.9 24.7 31 25.7 23.3 23.5 23.9 26.7 31.3 36.8 44 52.6 58.7 62.1 61.9 54.6 45.7 35.3 17.1 4.1 2.2 1.4 1 0.5 -0.5 -3 -3 -3 -3 -3 -3 -2.2 -1.8 -3 -3 -3
14.5 9.6 9 7.7 7.6 7.5 7.4 7.4 7.3 7.4 7.4 7.2 6.9 6.6 6.2 5.7 6.3 6.8 7.4 8.1 9 10.6 13.5 23.3 31.6 25.9 16.9 11.2 7.8 5.1 4.3 4.3 4.3 4.3 4.3 4.3 5.7 4.9 4.3 3.9 3.1 2.3 1.6 1 0.3 -0.4 -1 -1.6 -2.3 -3 -3 -3 7.3 17.1 23.5 26.1 21.3 22.1 23.1 24.1 25.7 32.2 39.2 46.1 50 51.5 51.2 46.5 38.8 28.6 13.6 4.5 3.9 3.5 3 2.5 2.2 1.2 -0.4 -3 -3 -3 -3 -3 -2.6 -3 -3 -3
12.6 9.5 7.8 7.5 7.4 7.4 7.3 7.3 7.4 7.5 7.2 7 6.7 6.3 6 5.8 6 6.6 7.2 8.1 9 11 14.6 23.9 32.6 30.5 21.8 14.6 10.1 6.7 4.3 4.3 4.3 4.3 4.3 4.3 4.3 4.5 4.4 4.2 3.4 2.7 2.1 1.4 0.7 0 -0.6 -1.3 -2 -2.6 -3 -3 -3 10.5 16.7 20.4 19.6 19 19 22.1 24.7 24.8 31.8 37.2 37.9 35.6 35.4 33.7 30.2 23.2 13.7 4.3 4.3 4.3 4.3 4.3 5.5 4.9 2.5 0.1 -1.6 -3 -3 -3 -3 -3 -3 -3
9.6 8.3 7.6 7.4 7.3 7.3 7.2 7.3 7.4 7.3 7 6.6 6.3 6 5.8 5.6 5.4 5.4 6.3 7.5 8.6 10.3 15.5 23.5 28.5 30 26.7 19.5 13.1 8.6 5.9 4.5 4.3 4.3 4.3 4.3 4.3 4.3 4.3 4.3 3.6 2.9 2.2 1.5 0.8 0.2 -0.5 -1.2 -1.8 -2.3 -2.8 -3 -3 4.7 9.3 13.2 15.2 14.3 16.4 20.2 22.9 23.2 23.4 25.2 26.4 27.6 31.6 30.4 27.3 23.2 12.7 6.6 4.3 4.3 4.3 4.3 4.3 6.2 4.3 2.3 0.5 -1.2 -3 -3 -3 -3 -3 -3
9.5 8.7 7.8 7.3 7.3 7.2 6.9 6.5 6.5 6.4 6.3 6.3 6 5.9 5.7 5.4 5.3 5.3 5.3 5.8 7.1 8.6 14.3 24.3 26.9 28.1 28.8 25 19.2 12.7 7.9 5.7 4.3 4.3 4.3 4.3 4.3 4.3 4.3 4.3 3.7 3 2.3 1.6 1 0.3 -0.4 -1 -1.4 -1.9 -2.4 -2.9 -3 -3 3.5 4.5 10.4 10.3 11.9 16.5 20.6 21.2 22.3 25.3 28.1 31.3 34.8 30.5 25 20.8 15.5 9 4.3 4.3 4.3 4.3 4.3 9.7 7.7 3.9 1.9 0.1 -1.1 -3 -3 -3 -3 -3
10.6 9.2 7.5 7 7.3 7.1 6.1 5.9 5.9 6 5.9 5.9 5.8 5.7 5.5 5.3 5.2 5.1 5.1 5.4 5.7 7.2 9.4 20.1 28.4 28.9 28.8 29.8 26.6 22.2 16.3 10.2 5.4 4.3 4.3 4.3 4.3 4.3 4.3 4.3 3.8 3.1 2.4 1.8 1.1 0.4 -0.2 -0.6 -1.1 -1.6 -2.1 -2.6 -3 -3 0.3 2.5 4.3 7.2 9.2 11.3 13.5 17.7 23.1 28.2 31.7 39.7 43.5 39.9 28.6 25.6 22.9 13.2 5.8 4.3 4.3 4.3 4.3 11.4 10.7 3.1 3 1.6 0.2 -0.9 -1.9 -3 -3 -3
12.2 9.8 7.5 7 6.5 6.2 6.1 5.9 5.6 5.8 5.6 5.7 5.6 5.5 5.4 5.2 5.2 5.3 5.2 5.1 5.1 5.9 7.1 13 24 27.3 28.1 31.1 33.7 32.1 26.1 18.7 12.7 7.1 5.1 5.2 4.3 4.3 4.3 4.3 3.9 3.2 2.6 1.9 1.2 0.6 0.2 -0.3 -0.8 -1.3 -1.8 -2.3 -2.8 -3 -0.5 1.8 4.1 6.3 9.5 11.1 14.3 16.4 20.3 26.1 32.4 34.2 45.7 49.8 30.5 23.4 21.5 13.6 6.4 6 5.7 4.3 4.3 11.1 21.2 18.3 3.9 2.4 0.9 0 -0.8 -1.6 -2.2 -3
13.9 10.3 7.5 7 6.5 6.2 6 5.8 5.6 5.5 5.6 5.6 5.5 5.4 5.4 5.3 5.5 5.6 5.4 4.9 4.9 5.4 5.1 6.3 13.3 19.9 25 29.8 36.1 39.2 34.6 28.2 25.4 18.9 13.3 9.7 8.7 4.6 4.3 4.3 4 3.4 2.7 2 1.4 1 0.6 0.1 -0.4 -0.9 -1.4 -1.9 -2.6 -3 -0.8 1.6 3.8 11.5 10 11.9 16.1 17.3 21 25.8 26.8 29.9 28.8 32.4 31.6 24.7 18.2 12.2 6.4 5.7 5.7 5.7 4.7 7.4 12.4 12.4 4.2 2.8 1.8 0.7 0 -0.7 -1.4 -2.1
15.4 11 7.6 7 6.3 6.2 6.1 5.8 5.5 5.5 5.5 5.4 5.3 5.4 5.4 5.4 5.5 5.6 5.4 5 5.1 4.3 4.3 4.3 6.7 12.2 19 21.9 28.3 35.3 38 33.8 34.3 32.8 27.8 17.9 15.6 9.8 5.8 4.3 4.2 3.5 2.8 2.2 1.8 1.4 0.9 0.4 -0.1 -0.6 -1.2 -1.8 -2.5 -3 -3 1.9 7.4 12.2 12.4 13.3 16.2 17.6 19 26.4 27 28.3 28.8 25.4 28.3 24.1 17 12 6.2 5.3 5.1 4.9 4.6 10.1 13 11.5 6.9 3.4 2.3 1.4 0.8 -0.1 -1 -1.3
