Game/Highland_Data/StreamingAssets/GeoData/Data/nx/NX86.asc
ncols 200
nrows 200
xllcorner 280000
yllcorner 560000
cellsize 50
[rows 74 to 110 of 200, columns 84 to 167 of 200]
66.5 71.9 74.4 73.7 75.7 78.4 78.1 76.9 78.7 80.7 85.4 91.5 97.2 101 104.3 110 115.1 118.6 123.3 129.6 132.9 128.3 126.2 124.9 133.2 129.5 120.5 108.8 95.5 79 73.7 66.8 63.2 62.1 62.5 65.1 66.3 68.9 67.8 67.9 64.8 63.6 58.3 55.7 53.9 52.8 52.7 52.8 53.2 52.9 53 52.7 52.9 53.3 60.1 70.9 71.9 69.8 66 67.8 71.7 73.8 79.3 82.4 84.5 86.1 84.8 85.3 86.5 85.9 86.5 83.1 80.4 78.3 82.3 87.6 92.4 96.1 99.6 101.3 101.8 102 103.3 104.8
69.3 75.3 80.5 79.7 79.7 81.5 78 73.7 77 78 79.2 88.1 94.8 97.8 101.8 108.4 112.7 116.8 121.6 127.6 132 129.2 123.5 121.1 126.9 126.5 120.1 108.8 93.6 78.6 71.8 67.9 64 62.6 65.1 69.7 65.4 70.3 72.6 69.1 64.3 59.9 58 55.7 53.5 52.4 52.7 52.5 53.3 52.7 52.6 51.5 53.9 54.2 56.1 64.5 64.5 63 64.3 71 78.9 83.1 84.2 86 87 87.8 86.7 87.3 87 86.7 85.3 82.6 81.5 79.1 84 88.3 92.9 97.7 100.8 102.8 103.8 104.5 104 105.7
68.5 73.8 78.5 84.2 82 81.5 80.6 76.2 73.4 75.6 75.7 83.2 90.8 94.2 99 104.7 110.1 114.9 119 125.4 129.5 130.1 120.5 118.6 121.4 120.5 114.4 104.8 92.4 76.7 71.5 67.9 63.6 61.4 66.5 70.9 68.1 68.5 70.4 64.6 59.8 59.3 59.1 58.1 55.2 54.1 54.2 52.5 55.2 55.4 52.6 53 54 54.6 55.5 58.5 61.2 65.1 67.8 74.5 82 86.8 89.4 90.6 90.7 89.8 88.3 88.1 87.5 87.3 85.1 84.7 85.9 80.2 85.9 89.5 94 98.4 102.2 104.2 106.1 107.3 106.8 106.9
67.7 72.1 76.2 80.8 82.3 76.7 76.7 76.6 72.3 73.3 73.6 79.3 86.9 91.5 96.5 101.9 107.7 112.4 117.3 121.9 125 128.1 118.9 114 115.3 114.2 110 101.7 88.4 75.2 71.6 66 61.7 59.8 64.6 69.1 66.6 65.1 68.7 60 59.1 61.7 61.5 57.7 53.6 53.3 53.3 53.3 52.6 52.8 53.8 55.1 55.6 57.3 61.7 64.2 67.1 70.2 74.1 76 83.3 87.8 90.9 92.5 92.7 90.9 90 88.8 88.7 87.8 86 85.8 84.8 80.7 87.2 91.3 96.1 99.3 102.7 105.2 107.7 109.2 109.7 108.3
65.5 69.8 73.8 78.8 81.8 74.2 71.3 71.8 70.2 69.4 69.9 75.3 81.5 87.6 93.4 100.1 105.8 109.6 114.7 119.2 122.7 123 116.5 113.2 108.6 106.5 103.1 95.1 84.2 73.4 68.8 63.2 56.2 55 57.7 66 64.7 62.5 62.8 61.4 58.3 57.7 57.8 56.7 54.5 52.6 55.2 52.6 51.9 52.2 50.7 52.6 56.5 61.6 66 67.9 71.6 76.4 78.8 80.5 84.8 89.5 92.5 93.9 93.9 92.1 92.1 91.2 89.7 88.4 87.2 86.6 84 80.3 88 93.7 99.2 100.3 102.9 105.6 108.5 110.4 111.3 110.1
62.9 66.3 70.3 76.6 79 72.9 66.7 66 66 67.6 67.1 72.6 76.7 83.7 90.8 98.2 101.6 104.8 112 121.1 128.5 121 114.6 113.3 108.4 105.1 101.1 93.2 84.8 76 70.2 67.1 57 53.4 53.6 58.2 58.8 58 60.4 62.6 59.2 57.4 53.9 53.1 52.5 53.8 54.9 52.3 51.9 51.9 52.2 54.5 60 63.6 67.3 69.7 76.4 80 82.2 84.3 86.7 90.7 94 95.7 95.2 94.8 92.6 92.5 90.5 88.6 87.7 86.8 83.2 81.2 89.5 94.6 100.2 101.6 103.4 106.9 109.1 111.1 112.7 112.5
58.8 62.3 66.2 72.3 75 71.2 66 62.9 62.9 63.1 66.8 73 76 83.1 89.3 95.5 98.7 100.8 110.6 121.4 125.8 118.1 111.4 112.2 108.4 102.7 97.3 89.8 82.4 75.1 70.4 66.9 59.1 53.6 51.7 54.3 53.5 54.5 56 57.6 58.7 56.7 52.9 51.4 51.9 52.2 53.8 52.6 51.4 50.1 52.4 56.4 61.9 66.8 67.7 72.9 79.2 82.7 84.5 86.1 88.4 92.3 94.9 96.8 96.4 96.3 92.7 92.1 91.8 88.8 88.1 86 82.4 85.9 92 94.5 100 101.8 103.5 106.6 110 112.4 113.9 114.7
53.3 56.5 59.6 65.1 69.3 68 64 60.7 60.3 62.2 66.5 70.4 74.7 81.8 88 93.4 98.3 98 102 109.5 112.5 113.3 107.9 105 104 98.5 92 85 79.5 74.7 70.7 66.1 60.4 56 50.1 49.6 50.4 48.9 49.8 51.3 55.3 52.2 54.9 54.6 52.1 51.8 51.5 50.5 51.3 51.7 52.5 57.1 62.1 67.3 69.6 74.7 79.5 83.9 88 89.8 91.6 93.8 96.9 97.8 97.5 96.7 93.1 91.6 91.3 89.7 88.4 85.9 82.5 87.2 90.7 93.4 98.5 101.2 104.1 106.9 110.3 113.2 114.9 116.3
53 53.1 53.9 58.6 62.3 61.9 60.5 59.3 60.2 63.5 64.6 68.5 74 80.1 86 89.9 95.7 95.7 97.1 99.3 102.2 103.9 103.7 98 96.2 95 91.5 83.2 76.6 71.7 68.1 63.1 57.2 51.9 48.8 47.8 47.7 47.8 48 48.9 49.5 51.6 55 59.5 57.2 53.7 51.4 51 50 52.6 55.6 58.3 60.8 66.6 72.5 76.7 80.9 84.1 89.8 92 94.3 96.1 98.1 98.8 98.4 96.8 95.4 92.3 91.9 89.9 88.4 85.9 83.7 85.6 89.4 92.7 98.4 101 103.7 107.5 110.1 113.7 115.6 117.1
52.2 52.5 53.1 54.8 56.3 56.8 57.4 57.8 58.8 61.7 62.3 68.3 73.7 78.8 83.1 88.4 92.5 94.1 93.8 92.2 94.8 95.1 96.5 94.3 88.5 88 86 81 73.2 68.8 65.6 58.5 53 51.1 48.6 46.5 47.5 48.5 49.8 51.3 54.5 52.5 53.4 57.6 60.2 60.6 52.6 51 52 55.3 58.5 60.8 63.3 69.9 74.4 78.2 80.8 85.1 90.8 93.8 95.8 98.1 99.7 100.1 98.4 96.8 96 92.3 91.7 89.2 88 85.2 84.1 82.9 89.3 93.4 97.9 100.4 103.8 103.2 103.7 111.9 114.3 117.3
51.3 51.9 54.9 56.9 55.9 56.2 56.5 56.8 57.6 59.3 60.1 67.2 73.5 77.8 81.4 87.1 90.5 91.8 89.6 86.9 88.4 88.2 88.1 89 87.1 83.3 80.5 76.8 71 66.3 63.2 58.6 54.8 52.6 48.5 47.8 46.9 47.9 53.2 58.5 60.6 54.6 52.6 55.4 61.3 60.5 57.7 51.6 51.5 56.1 59.5 61.6 66.1 71 76.3 80.9 82.5 86.1 91.1 95.6 97.7 99.6 100.9 101.7 100.2 97.2 96.3 92.7 89.6 87.9 87.4 86.5 84.3 85.8 88.7 93.8 98.1 100.2 101.6 104.1 107.8 110.4 113.8 117.5
51.8 52.4 55.1 57.4 56.5 55.4 55.7 56 56.3 57.5 59.3 66.8 72.2 76.2 80.5 84.1 86.5 88.8 87.8 82.5 83 82.9 82 81.8 84.6 82.1 77.2 73.2 69.6 64.5 60.2 57.7 54.7 50.4 47.9 47 47.2 48.4 58.5 65.6 66.8 63.9 55.6 58.6 61.4 60.7 60.1 58.6 51.5 52.2 59.5 62.8 68.8 73.8 78.2 82.6 84 87.8 91.1 96.1 98 99.8 101.9 102.9 101.7 98.5 95.7 92.3 89.3 88.3 87.8 84.5 84.7 84.7 90.2 94.5 98.5 99.8 100.3 103.8 106.8 109.9 113.6 117.5
52.4 51.4 53.4 54.6 54.7 54.7 54.8 55.2 55.6 56.5 58.4 64.7 69.4 74.1 79.4 81.4 81.9 83.9 81.8 79.9 78.2 78.2 77.3 76.2 78.6 78.9 75 69.8 64.9 59.3 56.7 55.4 53.6 49.6 47 47.2 47.2 53.2 61.6 68.7 71.1 68 63.9 60.2 61.2 59.8 60.3 60 54.9 51.4 55.4 63.9 68.4 74.6 78.5 82.2 87.1 88.8 91 95.6 98.3 99.6 101.2 103.1 101.9 99.2 95.7 92.8 90.6 89.5 91.5 86.6 85.6 86 89.3 93 96.8 99.6 100.7 102.1 105.3 109.7 113 117.5
52.3 50.8 51.7 52.3 52.9 54 54.4 54.1 54.1 55 56.6 61.7 67.2 72.4 77 77.8 78.6 77.5 77.8 77.4 75 70.9 71.7 72.4 73.4 75.5 73 67.6 61.2 58.3 57.3 53.7 52.5 49 47.2 46.7 47.2 53.3 63.8 69.8 73.7 69.9 67.1 62.7 59.9 58.9 57.9 59.3 59.2 50.7 59.8 67.9 72.5 74.7 79.7 85 88.8 90.1 91.4 95 98.5 99.3 100.4 102.7 102 99.6 96.2 93.7 92.2 90.9 91.4 89.9 85.9 87 89.9 93.8 97.2 100.3 101.5 103 105.3 109.2 113.5 119.6
53.9 52.4 51.2 51.1 52.6 53.9 54.1 54.1 53.5 53.4 54.8 57.7 63.4 67.7 69.8 72.3 71.9 69.3 71.5 72.3 71 67.3 66.4 67.6 68.8 70.8 71 68.5 63.6 60.9 59.5 52.2 50.6 49.7 47.4 46.8 47.2 51.7 61.6 67.2 73.4 70.9 66.8 63.7 58.2 57.8 56.4 57.5 53.5 50.9 62.9 70.5 74.9 78.1 81 85.8 89 90.4 90.8 93.6 97.7 98.9 99 101.5 101.9 100 96.3 94.2 93.5 92.5 92 90.6 87.5 87.2 90.4 94.5 97.8 100.6 102.1 105.1 106.8 110.5 114.6 118.4
53.2 53.3 53 51.3 51.1 51.8 51.7 52.3 53 52.6 53.3 54.8 59.3 63.4 65.6 67.8 61.8 61.4 63.4 66 67 64.6 62 62.5 63.3 66.1 68.4 66.7 64.7 65.8 58.5 57.9 51.7 47.8 47.2 46.9 47.3 51.5 58 64.4 71.2 69.6 64.9 60.9 58.2 54.7 55.4 53.1 51 54.3 67.1 71.8 77.7 81.1 84.1 85.1 86.9 89.2 91.1 93.1 96.1 98.4 98.4 100.1 101.6 100.7 97 95.1 94.9 93.1 92 91.8 90.3 87.4 90.2 93.7 97.2 100.6 103.3 105.9 109.1 112.9 115 114.9
51 52.2 52.7 51.6 50.5 50.1 49.5 50.5 51.4 52 52.6 52.8 56.3 57.8 59.9 59.4 55.2 57.2 58.9 61.2 62 61.6 59.6 58.4 58.4 61.3 64 64.9 62.9 62 60.1 55 49.1 47.3 47.2 47.2 47.4 49.2 56.1 61.6 67.5 66.3 61.8 56.7 53.3 50.8 51.8 50.8 49.6 62.9 69 73.3 79.4 83.3 86.7 89.1 90.3 90.6 91.7 93.2 95.3 97.5 98 99 100.5 100.7 98.2 95.2 96 95.1 92.9 91.9 90.3 88.7 88.8 92.7 95.9 99 102.3 105.1 107 109.6 111.2 112.7
50.9 51.6 51.8 51.5 51.7 51.7 50.5 48.2 49.4 50.2 51 51.3 52.1 55.3 54 52.4 51.4 54.6 56.4 56.1 57.1 57 58.8 60 57.5 57.7 59.6 61.3 60.1 58.6 57.3 52.5 49.6 47.7 47.2 47.2 47.5 47.6 52.2 58.5 63 62.1 56.1 50.5 49.6 50.1 50.3 50.8 57.9 65.9 70.1 75.6 80.9 85 88.3 90.9 92.6 91.4 92.2 92.8 94 95.8 97.3 98.1 99.6 100.4 98.1 95.2 95.9 96.1 93.9 92 90.2 87.5 88.6 90.6 94.1 97.4 101.4 103.5 104.3 107.7 110.1 111.8
53 52.8 52.8 53 53.5 53.4 53.3 52.4 50.4 48.4 48.3 48 48.7 49.2 51.1 50.3 51.1 52.9 55.1 55.3 55.4 56.2 59.7 60.4 59.2 55 56.4 57.5 56.9 54.2 51.9 50.5 49.7 47.9 47.4 47.3 47.4 47.4 48.3 54.5 59.1 57.2 49.9 49.7 49.6 49.8 50.2 59.4 64.5 67.8 72.4 77.5 82.9 86.9 89.6 92.3 94.3 92.8 92.6 92.6 93.8 94.7 95.9 97.4 98.9 100.9 98.4 95.7 95.8 95.6 94.8 93.1 91.1 89 88.4 90 93.7 96.4 101 103 104.3 106.6 108.8 110.8
53.8 53.2 54.2 54.8 55.4 55.7 55.6 56.6 54.9 50.4 47.6 47.2 47.6 47.5 48.1 49.1 50.1 51.8 54.4 55.7 56 57.6 63.1 64 59.1 55.2 52.6 53.6 53.3 50.7 48.4 47.7 47.8 47.7 47.6 47.9 47.6 47.6 47.8 51.2 55 53 49.3 49.4 49.9 51.4 54.3 59.1 65 70.1 74.4 79 85.5 88.6 91 93.6 95.3 94.6 92.7 92.6 93.4 94.2 95.3 96.8 99.1 100.7 99.3 97 96.1 95.7 95.3 94.3 92.2 90.1 88.9 90.2 94 95 100.2 102.9 103.3 104.9 107.1 110.1
54 54.6 56.1 57 57.7 58.5 58.4 57.2 55.2 52.3 50.5 48.3 46.2 46 46.8 48 49 51.3 55.6 58.4 59.3 65.1 65.6 66.4 60.5 55.9 51.6 49.5 49.2 48 47.6 49.2 49.3 48 47.8 48.1 48.3 48.3 48.4 50 50 49.4 49.8 49.3 49.7 52.1 55.3 61.9 66.4 71.2 75 82.6 87.7 91 92.2 94 95.5 95.6 93.2 93.1 94.2 95.1 95.5 96.3 97.9 99.3 99.2 98.1 96.9 96.3 95.9 94.7 92.8 90.9 89.5 90.2 92.6 95.9 99.7 101.3 102.4 103.4 105.6 108.7
55.3 56.7 57.8 59.3 61.1 61.3 59.5 59 56.4 52.6 51 49.7 47.7 46.3 45.6 46.9 48.3 51.8 58.1 65.4 66.1 67.1 67.2 63.3 62.5 57.1 52.7 48.7 47.6 47.7 47.7 45.8 45.9 46.8 47.9 48.4 48.5 48.3 48.6 51.1 48.5 49.1 49.2 49.4 50.2 52.9 57 62.9 67.5 71.3 76.9 84.5 88.5 92.4 93.2 94.6 96.3 96.7 94.5 93.6 94.2 95.2 95.2 95.9 96.6 99.6 99.7 98.6 97.4 96.8 96.4 95.3 93.2 91 90 90.7 93.7 97.3 97.7 100 102.8 103.4 104.2 108.7
56.8 59.3 60.9 61.1 62.7 63.3 62.4 57.8 56.6 54.3 51.4 50.1 47.9 45.5 45.2 47 48.5 53.9 61.9 67.8 69.4 66.5 65.4 61.4 59.8 57.9 50.8 47.6 47.5 47.5 47.1 47.6 47.9 47.9 48.1 48.1 48.2 46.7 48.9 50.2 48.9 49.1 49.1 49.7 51.6 57.1 57.7 63 67.5 72.1 78.7 83.1 88.6 92.8 95.6 95.9 96.8 97.2 96.1 93.9 94.5 95.8 96.7 96.9 98.3 100.2 100.1 98.9 97.8 97.3 96.9 95.8 93.5 91 90.8 91.1 92.7 94.1 95.9 98.3 100.8 102.5 103.9 109.2
58.7 63.7 66.1 65.4 64.6 64.6 63.7 60.8 57.8 57.3 53.9 49.6 47.1 45 44.8 46.3 48.4 52.6 61.5 65.2 68 65.9 62.3 59.9 56.3 55.8 49.8 46.7 47 45.3 47.5 47.8 47.9 47.9 47.9 48.7 50.9 50.9 46.7 47.3 49 49 49.5 50.3 53.3 56.1 57.6 63.9 68.7 73.5 79 84.5 88.1 91.4 96.1 97 97.2 97.6 97.2 95.1 95.5 96.2 98.3 98.7 98.8 100.1 100.1 98.8 97.9 97.9 97.6 96.2 94 91.8 90.8 91.5 93.1 93.9 95.8 98.3 100.4 102.7 104.1 108.4
58.6 64.7 71.3 70.6 71.3 66.5 64.7 63.8 60.1 58.7 55.8 50.5 46.1 44.5 44.3 45.2 47.7 52 58.7 61.7 63.1 63.2 60.3 57 53.4 50.3 47.7 46 46.2 47.2 47.7 47.9 47.9 47.8 47.7 47.6 50.2 52.2 52.4 48.9 48.7 49.3 49.8 51.7 55.3 57 59.5 64.7 69 73.1 79.1 84.8 86.9 89.5 94.5 97.1 97.3 98.5 98 96.6 95.7 95.9 98.2 99.4 101.4 102.8 101.8 99.8 98.4 99.1 98.5 96.6 94.3 93.7 91.7 92.2 93.2 94.4 97.2 99.7 101.5 102.9 104.1 108.2
62.6 65.1 73 76.1 72.8 69.5 66.2 64.1 62.4 60.1 55.3 49.6 44.8 44.5 44.1 44.8 48.7 54 55.2 57.3 58 58.6 57.3 53.2 48.9 46.5 45.8 45.9 45.9 44.7 47 47.6 47.6 47.6 47.5 47.4 47.8 48.6 50.3 50.8 49.7 49.2 50.1 56 55.9 57.4 62.1 66.4 70.3 74.9 79.8 83.5 86.2 87.7 92 95.2 96.7 98.4 99.3 98.4 97.6 96.7 98.1 100.3 103.8 104.6 103.1 101.2 99.2 100.1 98.9 96.7 95.6 94.9 93.3 92.4 93.1 93.7 97.3 100.2 101.5 103.2 104.4 108.2
73.1 67.6 74 77.6 75.7 72.7 68.6 64.3 62.3 60 55.2 47.5 45.2 43.6 44 46.5 50.9 51.5 53.8 54.2 54 54.2 53.2 49.2 46.6 45.8 45.6 45.6 46 47 46.9 47.3 47.3 47.3 47.4 47.4 47.4 48.3 49.5 50.6 50.5 50.7 51.2 55.3 56.7 58.1 62.9 68.1 72.1 76 79.6 82.6 86.1 87.2 90.3 93.1 95.1 97.4 99.1 98.5 97.9 99.4 102.2 101.9 104.6 106 105.1 103.4 100.5 100.6 100.1 98.4 97.4 96.7 95.6 94.1 92.9 93.6 95.2 98.9 101.4 103.2 104.9 108.4
82.4 79 76.9 80 80.4 75.1 70.1 65.9 62.9 57.4 51.6 45.8 44.5 43.2 44.2 48.7 52.2 51.2 50.3 51.3 51.3 50.3 49.7 48.7 46.2 45.6 45.3 45.6 46.2 46.8 46.7 46.8 47.7 47.4 47.1 47.3 47.5 47.7 50.2 51.5 51.6 52.7 52.7 55.3 58 60.5 65 68.8 72.4 76.2 78.7 80.6 84.6 88.3 90.5 92.1 93.5 94.1 97.6 99.1 100.8 103.5 104.6 105.6 106.3 107 107.6 105.6 102.5 101.1 101.2 100 99.1 98.4 97.4 96 94.4 93.2 94.3 96.8 100.6 102.7 104.3 107.8
86.1 87.2 88.1 86.9 84.9 84.5 78 71.6 64.4 60.1 51.1 44.6 43.2 43.7 47.2 51.6 51.3 49.7 48.4 48.6 49.2 50.5 48.8 47.8 46.8 45.6 45.2 45.5 45.9 46.5 46.6 46.7 50.5 47.3 46.8 47.1 47.3 47.5 48.2 51.7 53.5 54.5 55.1 56.9 59.6 63.4 67.1 70.2 73 76 77.9 80.8 84.4 87.8 90 92.2 94 94.6 99.4 103.1 104.8 106.1 107.1 107.9 108.6 109.2 109.6 108.6 105.3 102.1 101.8 101 100.6 98.9 97.6 97.1 96.1 94.8 93.5 95.7 99.1 102.2 103.7 107.1
91.8 92.7 94.8 96.6 92.6 89.3 86.3 79.3 70.8 60.9 51.9 42.8 42.9 44.4 50.2 52.1 49.8 48.6 48.6 47.1 46.9 48.4 47.8 46.9 46.2 45.6 45.2 45.6 46.3 46.4 46.8 46.8 46.7 46.6 46.8 46.9 47.1 47.4 47.9 51.3 54.9 56.1 57.2 61.3 63.2 64.2 67 70.2 72.7 74.7 77 79.9 83.8 86 90.1 93.7 97.2 98.9 101.8 105.5 107.7 108.6 109.4 110.2 110.9 111.3 111.7 111.2 108.3 104.4 102.8 102.8 101.4 99.5 98.1 97.5 97 96.5 95.8 95.3 98.2 101.8 103.7 106.2
98.1 99 100.2 101.8 103.1 98.6 91.7 81.9 70.4 57.7 44.7 42.8 43 44.6 47.6 48.8 49 49.5 48.9 48.6 48.5 48 47.6 46.9 46.1 45.6 45.3 45.6 46.2 46.4 46.3 46.4 45.2 46.3 46.5 46.7 47 48.1 48.2 49.2 54.9 57.3 62.1 64.4 62.8 65 67.1 70.3 73.7 75.3 77 78.9 83.2 86.9 91.6 96.4 100 102.5 104.3 106.9 109.5 111.1 111.8 112.5 113.2 113.5 113.7 113.8 111.3 106.9 105.1 103.9 102 100.1 98.8 98.3 97.9 97.3 96.6 96 98.4 102.3 105.4 106.9
104.2 104.4 105.2 107.2 109.5 109.7 100.2 83.5 64.9 47.8 43 42.3 42.7 43.6 45.3 45.7 49 50.4 50.1 48.9 48.2 47.5 47.2 46.8 46 45.7 45.4 45.5 44.1 46.4 46.2 46.3 46.4 46.4 46.4 46.8 47 47.3 50.5 54.4 54.4 58.2 60.8 65.4 63 66 66.9 69.5 73.4 74.7 76.3 79 83 87.2 92.3 96.7 100.7 104.3 106.3 108.9 111.6 113.3 114.5 115.3 116 115.6 116.2 116 114.1 111.2 108.3 106.4 104 101.3 100.2 99.7 99.1 98.3 97.5 97.4 97 103.4 105.4 106.1
109.9 111.1 111.1 112.1 114.6 117.3 106.7 83 58.9 48.5 43.5 42.1 42.3 43.8 43.3 43.6 45.5 46.2 49.8 48.9 48.1 47.4 47 46.5 46.1 45.8 45.6 45.7 46.2 46.2 46.2 46.3 46.4 46.5 46.6 46.7 47 47.2 50.1 55.2 57.5 59.9 61.9 60.6 62.4 65.2 67.4 69.6 72.3 74.3 75.9 79.4 83.5 88.3 92.9 97.3 100.9 104.8 108.4 111.4 114 115.2 116.5 118.2 118.9 118.3 118.4 118.6 117.3 114.5 111.4 108.8 105.8 103 102 101 100.1 99.3 99.2 99.5 99.4 100.7 103 104.6
115.2 116.9 116.7 116.5 118.9 119.3 103.6 80.1 58.9 50.6 45.7 43.2 41 41.1 41.7 43.3 43.7 45.1 48.1 48.2 48.2 47.6 47.3 47.1 46.3 46 45.7 43.7 46 45.9 46 46.2 46.3 46.5 46.7 46.4 46.7 47.4 51.8 55.4 56.9 59 58.7 59.7 62.3 65.3 67.2 69.3 71.5 74.1 76 79.6 84 89.3 94.1 98.7 101.1 105.5 110.3 113.1 114.9 116.6 120.3 121.1 122.5 122 122.3 122.5 120.8 117.9 114.5 110.8 107.6 104.7 102.6 101.8 101 100.8 101.3 101.5 101.6 102 102.4 102.4
117.6 122.4 124.9 123.1 121.3 116.2 95.5 76.2 62.2 51.1 44.6 42.8 42.5 42.2 42.7 43.2 44 45.1 45.8 45.8 46.8 47.3 47.3 46.7 46.3 46 45.6 45.7 45.6 45.7 45.7 46.1 46.4 46.7 46.9 46.8 46.8 47.8 52.5 53.8 54.6 55.9 56.9 58.8 61.6 64.9 66.6 68.8 71.6 73.3 75.2 79.3 84.6 89.7 94.8 98.6 102.5 107.2 111.5 113.9 116.2 119.8 121.8 125.2 126.2 125.7 126.4 126.3 124.8 121.5 118 113.2 109.9 106.9 103.9 102.5 101.7 101.7 102.4 102.7 103.3 103.6 103.8 103.6
120.2 125 129.3 130.2 121.7 106.9 90.7 73.4 61.8 49.6 43.4 42.4 41.8 41.8 43.4 48.8 44.2 43.9 47.1 47.6 46.9 46.2 47.1 46.5 46.1 45.8 43.2 45.8 45.4 45.7 45.5 46 46.3 46.6 46.9 47 47.1 50.5 50.8 52.7 53 55.4 57.8 59.4 64.6 65 65.9 69.1 72.6 74.2 75.2 80.2 85.5 90.9 95.6 99.5 105.1 109.5 111.4 114.5 118 122.3 127 129.3 130 129.6 130 130.3 128.7 125.4 122 116 112.5 109.4 106.2 103.6 102.5 102.6 103.3 103.8 103.9 104.1 104.3 104.1
123.5 127.7 128.3 126.1 114.8 100.7 85.7 70.6 59.3 48.4 42.5 42.2 41.8 41.9 42.4 50.4 49.7 44.9 42.7 46.7 47.8 48.4 47.1 46.4 45.9 45.6 45.6 45.7 45.8 46 45.8 45.9 46.3 46.6 47 47 47.6 50.4 50.4 51.3 55.5 58 59.5 64.3 69 68.7 67.5 70.3 75.2 76.8 77.2 81.4 87.3 93.5 97.3 107.1 105.2 109.9 111.7 115.4 119.5 123.7 127.7 129.8 131.8 131.7 132.8 133.7 132.5 129 125.3 119.5 115.7 112.4 108.3 105.1 103.9 103.7 104.6 104.8 104.8 104.9 105.1 105.4
