Game/Highland_Data/StreamingAssets/GeoData/Data/nx/NX91.asc
ncols 200
nrows 200
xllcorner 290000
yllcorner 510000
cellsize 50
[rows 76 to 113 of 200, columns 84 to 167 of 200]
-2.5 -2.5 -2.5 -2.5 -2.5 -2.5 -2.5 -2.5 -2.5 -2.5 -2.5 -2.5 -2.5 -2.5 -2.5 -2.5 -2.5 -2.5 -2.5 -2.5 -2.5 -2.5 -2.5 -2.5 -2.5 -2.5 -2.5 -2.5 -2.5 -2.5 -2.5 -2.5 -2.5 -2.5 -2.5 -2.5 -2.5 39.9 47.3 54 61.8 67.3 73.2 78.9 82.8 84.9 88 90.5 93 95.3 95.1 93.8 93.8 95.1 96.9 99.8 100.9 101.3 101.2 97.3 94 92.6 89.2 84.1 77.4 64.5 53.1 44.5 37.4 28.6 21.3 16.7 13.5 13.1 11.5 9.5 11.3 11 12.2 13.7 17.8 22.8 27.4 32.1
-2.5 -2.5 -2.5 -2.5 -2.5 -2.5 -2.5 -2.5 -2.5 -2.5 -2.5 -2.5 -2.5 -2.5 -2.5 -2.5 -2.5 -2.5 -2.5 -2.5 -2.5 -2.5 -2.5 -2.5 -2.5 -2.5 -2.5 -2.5 -2.5 -2.5 -2.5 -2.5 -2.5 -2.5 -2.5 -2.5 35.4 45.4 56.5 61.6 68.3 75.8 81.1 84.1 85.3 86.3 86.5 90.8 93.1 94.2 94.4 93.9 94.5 96.4 98.2 100 100.8 101.5 102.1 98.7 96.2 94.8 92.6 87.4 78.8 68.6 58.5 48.5 42.2 30.6 22.5 16 12.8 13.1 11 10.7 14.7 10.8 11.9 14 17.6 22.7 29.8 33
-2.5 -2.5 -2.5 -2.5 -2.5 -2.5 -2.5 -2.5 -2.5 -2.5 -2.5 -2.5 -2.5 -2.5 -2.5 -2.5 -2.5 -2.5 -2.5 -2.5 -2.5 -2.5 -2.5 -2.5 -2.5 -2.5 -2.5 -2.5 -2.5 -2.5 -2.5 -2.5 -2.5 -2.5 -2.5 23.5 42.6 55.5 62.1 67.2 69.9 76.1 83.9 85.2 86.4 86 87.5 90.3 92.6 94.1 94 93.8 95.5 96.5 97 99.7 101 101.7 102.2 100.1 96.8 95.9 94.7 89.9 81.4 70.5 62 53.5 47.4 36.4 23.6 16.8 12 11.1 10.9 10.6 13.6 10.8 12.2 15 18.3 23.1 30.4 33.4
-2.5 -2.5 -2.5 -2.5 -2.5 -2.5 -2.5 -2.5 -2.5 -2.5 -2.5 -2.5 -2.5 -2.5 -2.5 -2.5 -2.5 -2.5 -2.5 -2.5 -2.5 -2.5 -2.5 -2.5 -2.5 -2.5 -2.5 -2.5 -2.5 -2.5 -2.5 -2.5 -2.5 -2.5 7.2 34.9 52 67.7 68.8 71.9 81.1 84.8 85.5 85.7 86.4 85.8 88.1 89.3 92.2 93.5 93.6 93.5 96.8 97.2 97.2 98.2 99.6 102 101.9 99.8 97 97 95.7 91.7 83 72.3 65.7 59.2 51.9 42.3 27.4 18.3 11.8 10.4 10.3 10.1 10.6 12.7 13.3 15 18.2 21.6 29.1 32.9
-2.5 -2.5 -2.5 -2.5 -2.5 -2.5 -2.5 -2.5 -2.5 -2.5 -2.5 -2.5 -2.5 -2.5 -2.5 -2.5 -2.5 -2.5 -2.5 -2.5 -2.5 -2.5 -2.5 -2.5 -2.5 -2.5 -2.5 -2.5 -2.5 -2.5 -2.5 -2.5 -2.5 2.4 21.3 44.7 69.9 76.3 77.2 83.3 91.6 89.6 87.7 86.1 85.6 85 87.3 89.1 91 91.9 92.9 94.5 98.8 98.1 97.3 96.8 98.2 99.7 100.9 99.3 96.1 95.8 95.1 92.2 83.8 73.8 68.8 61.1 55.9 46 30.9 21 13.5 10.9 10.6 10.4 9.8 11.5 13.5 15.4 18.4 22.1 28.1 31.6
-2.5 -2.5 -2.5 -2.5 -2.5 -2.5 -2.5 -2.5 -2.5 -2.5 -2.5 -2.5 -2.5 -2.5 -2.5 -2.5 -2.5 -2.5 -2.5 -2.5 -2.5 -2.5 -2.5 -2.5 -2.5 -2.5 -2.5 -2.5 -2.5 -2.5 -2.5 -2.5 2.3 22.8 42 60.5 77 78.5 86.7 98.5 102.3 101.6 92.1 87.6 86 85.2 87.1 88.9 90.7 91.5 92.1 93.6 98.5 98.6 97.4 96.5 97 98.6 100.3 99.2 96.1 94.5 94.5 92.8 83.7 75.5 70.9 65.3 57.7 46.8 33.6 22.6 15.6 11.8 10.9 10.5 11.1 15.4 12.5 14.1 18.2 23.4 29.1 32.8
-2.5 -2.5 -2.5 -2.5 -2.5 -2.5 -2.5 -2.5 -2.5 -2.5 -2.5 -2.5 -2.5 -2.5 -2.5 -2.5 -2.5 -2.5 -2.5 -2.5 -2.5 -2.5 -2.5 -2.5 -2.5 -2.5 -2.5 -2.5 -2.5 -2.5 -2.5 1.6 14.5 31.6 55.6 62.7 73.7 93.8 113.6 119.2 121 117.4 93.2 94.4 86 85.2 84.6 88.6 89.4 89.3 91.6 93.1 96.7 98.6 97.4 95.8 95.3 97.1 99.1 97.6 94.1 91.8 93 91.1 83.7 74.9 71.5 67.9 60.6 49.2 35.9 24.5 16.9 12.4 10.6 10.8 11.4 15 13.6 14.1 17.8 24.1 31.4 33.9
-2.5 -2.5 -2.5 -2.5 -2.5 -2.5 -2.5 -2.5 -2.5 -2.5 -2.5 -2.5 -2.5 -2.5 -2.5 -2.5 -2.5 -2.5 -2.5 -2.5 -2.5 -2.5 -2.5 -2.5 -2.5 -2.5 -2.5 -2.5 -2.5 -2.5 -2.5 3 18.7 45.1 58.5 74.9 96.8 123.6 123.3 121.8 122.1 122.2 100.9 94.9 88.9 85.5 87 88.3 85.1 86.3 88.5 91.9 94.5 95.8 94.7 93.6 94.9 95.9 97.4 95.4 92.7 90.1 91.5 91.1 85.8 76.8 71.8 68.1 63.8 54.8 40.5 26.2 19.3 13.3 11.2 11.2 11.7 12.9 14 15.2 18 24.3 32.4 35.4
-2.5 -2.5 -2.5 -2.5 -2.5 -2.5 -2.5 -2.5 -2.5 -2.5 -2.5 -2.5 -2.5 -2.5 -2.5 -2.5 -2.5 -2.5 -2.5 -2.5 -2.5 -2.5 -2.5 -2.5 -2.5 -2.5 -2.5 -2.5 -2.5 -2.5 1.2 16.6 26.7 47.7 67.7 92.8 123.2 130.1 129.8 123.7 122.7 122.1 115.2 94.9 90.6 85.5 87.4 83.8 84.1 85.2 87 90.6 93.8 95.2 93.8 92.6 94.5 95.2 97.6 95.5 92.6 89.8 90 89.7 86.2 78 70.9 67.8 64.7 58.8 45.1 29 21 15.1 12.1 11.7 11.7 12.5 14.7 16 19.7 25.9 31.5 34.5
-2.5 -2.5 -2.5 -2.5 -2.5 -2.5 -2.5 -2.5 -2.5 -2.5 -2.5 -2.5 -2.5 -2.5 -2.5 -2.5 -2.5 -2.5 -2.5 -2.5 -2.5 -2.5 -2.5 -2.5 -2.5 -2.5 -2.5 -2.5 -2.5 0.5 5 18.1 26.6 48.7 65.8 95.3 129.3 130.3 131.1 126.4 122.5 121.1 117.9 101.7 93.9 86 86.6 83.2 83.6 84 84.3 89.4 92.9 94 92.7 92.4 93.6 94.6 94.9 93.8 91.4 89 88.2 87.2 84.7 76.6 69.3 67.2 65.1 60.4 47.8 29.8 22.3 18.1 15.3 12.6 12.5 12.8 16.4 16.3 19.5 25.6 30.5 32.3
-2.5 -2.5 -2.5 -2.5 -2.5 -2.5 -2.5 -2.5 -2.5 -2.5 -2.5 -2.5 -2.5 -2.5 -2.5 -2.5 -2.5 -2.5 -2.5 -2.5 -2.5 -2.5 -2.5 -2.5 -2.5 -2.5 -2.5 -2.5 -2.5 1.3 14.4 13.2 33.4 51.8 75.4 106.4 128.5 129.1 129.5 126.9 123.5 120.8 118.1 114 100.9 86.7 85.6 83.1 83.5 83.9 84.3 87.1 91.1 95 93.3 91.6 92.9 93.9 92.9 92.8 90.2 87.2 86.9 84.1 80.9 72.2 66.5 66.2 65 60.6 50.5 32.4 24.1 19.4 17.3 15.2 13.5 13.6 16.2 17.5 21.3 25.7 30 31.1
-2.5 -2.5 -2.5 -2.5 -2.5 -2.5 -2.5 -2.5 -2.5 -2.5 -2.5 -2.5 -2.5 -2.5 -2.5 -2.5 -2.5 -2.5 -2.5 -2.5 -2.5 -2.5 -2.5 -2.5 -2.5 -2.5 -2.5 -2.5 -2.5 3.2 21.1 25.3 46.6 63.6 91.1 119.5 128.4 128.4 129.1 125.9 122.5 119.8 117.1 113.5 103.7 86.8 83.6 83.3 83.4 83.8 83.9 85.1 90 94.3 93.4 91.3 92.5 92.9 92.8 91.5 88.5 86.6 83.7 81.7 78 69.1 65.7 65.8 65.2 60.6 51.9 34.7 26 21.9 17.5 15.5 14.3 15 16.3 18.5 21.5 24.5 28.4 29.3
-2.5 -2.5 -2.5 -2.5 -2.5 -2.5 -2.5 -2.5 -2.5 -2.5 -2.5 -2.5 -2.5 -2.5 -2.5 -2.5 -2.5 -2.5 -2.5 -2.5 -2.5 -2.5 -2.5 -2.5 -2.5 -2.5 -2.5 2.5 5.7 23.2 35.5 46.3 62.5 83 119.8 117.6 127.7 127.9 128.7 125.1 121.5 118.6 116 112.2 106.3 90.1 84.8 83.6 83.7 83.8 84.2 84.5 90.1 92.2 94.3 92.4 92.6 93.5 90.3 89.4 87.4 85 82.8 78 73.7 66.1 64 64.7 65 60.2 51.6 36 28.1 22.8 17.5 15.7 15.6 15.2 16.3 18 20.6 23.2 25.5 27.9
-2.5 -2.5 -2.5 -2.5 -2.5 -2.5 -2.5 -2.5 -2.5 -2.5 -2.5 -2.5 -2.5 -2.5 -2.5 -2.5 -2.5 -2.5 -2.5 -2.5 -2.5 -2.5 -2.5 -2.5 -2.5 4.1 9.5 25.8 31.6 42.3 55.4 67.5 83.7 108.3 128.8 128.8 128.7 126.9 126.7 124.1 120.3 116.7 114.3 110.7 105.1 92.8 84.3 83.5 83.8 84.3 83.5 84.6 87.2 89.8 92.4 93.8 92.8 92.8 90.5 88.2 86.2 84.4 81.7 77.2 74.1 66.6 63.5 64 61.9 59.2 52.2 37.1 28.5 23.9 19.9 16.5 17.1 17.3 17.8 17.5 19.3 21.5 25.1 25.9
-2.5 -2.5 -2.5 -2.5 -2.5 -2.5 -2.5 -2.5 -2.5 -2.5 -2.5 -2.5 -2.5 -2.5 -2.5 -2.5 -2.5 -2.5 -2.5 -2.5 -2.5 -2.5 -2.5 10.3 16.1 25.2 45.6 52.1 63.2 69.3 80.3 96.8 111.8 125.6 129.9 130.1 128.1 125.2 122.7 121.5 118.7 115.1 112.9 107.2 102.1 95.6 85 81.3 83.3 83.5 83.8 83.1 86.4 90.4 91.2 91.7 94.4 93.3 90.1 85.8 84.2 82 79.7 76.1 74.6 66.7 61.2 61.9 59.3 57.4 51.1 37.5 30.9 25.1 20.3 16.9 17.6 18.4 19.6 17.8 19.5 22.2 24.2 24.4
-2.5 -2.5 -2.5 -2.5 -2.5 -2.5 -2.5 -2.5 -2.5 -2.5 -2.5 -2.5 -2.5 -2.5 -2.5 -2.5 -2.5 -2.5 -2.5 1.8 7.5 27.5 40.8 90.3 100.1 97.2 102.8 104.4 106.7 110.5 109.4 118.3 123.5 126.8 129.4 129.7 127.5 124.2 121.4 120.9 120.3 114.4 110.4 105.6 98.4 94.2 85.3 82.9 82.4 82.5 82.9 85 90.3 93.6 92.9 90.5 90.4 89.5 87.7 85.5 83.2 81.9 76.9 74.1 71.7 63.6 57.2 59.7 58.2 55.3 48.3 37.9 30.9 26 20.2 17.6 18.1 19.4 21 21.4 19.2 21.7 24.9 26
-2.5 -2.5 -2.5 -2.5 -2.5 -2.5 -2.5 -2.5 -2.5 -2.5 -2.5 -2.5 -2.5 -2.5 -2.5 -2.5 -2.5 7.4 18.5 30.4 94.7 94 105.3 108.9 97.7 101 114.2 105.3 113.8 111.8 112.1 117.6 121.9 126.5 128.3 128 126.8 119.7 119.7 119.8 119.6 113.4 108.8 104.1 97.7 89.1 84.2 81.6 80.5 82.1 85.8 90.4 95.5 98.1 97.4 90.9 88.8 87.8 87.3 84.5 82.2 79.1 75.7 72.6 69.3 65.7 59.8 56 53.6 53.4 46.2 36.9 31.3 27.2 21.4 18.8 19.3 20.5 22.2 22.7 20.2 23.9 28.1 28.3
-2.5 -2.5 -2.5 -2.5 -2.5 -2.5 -2.5 -2.5 -2.5 -2.5 -2.5 -2.5 -2.5 -2.5 -2.5 -2.5 8.8 60.7 95.7 97.3 99 102.3 104.6 107.5 108.3 110.7 113.2 113.6 113.9 113.1 111.9 115.4 119.5 123.6 125.8 125.9 125.1 120.3 117.4 117.5 117.6 112.3 106.6 101.9 94.6 90.4 84 83.7 81.2 82.6 91.3 95.9 99.3 99.9 98 88.6 88.6 87.7 84.8 82.9 81.2 77.9 74.5 72.7 69.4 63.9 60.4 57.9 47 50.4 45.4 36.3 30.6 26.4 22.8 20.3 20.8 21.3 23 24.5 19.6 24.3 28.5 28.9
-2.5 -2.5 -2.5 -2.5 -2.5 -2.5 -2.5 -2.5 -2.5 -2.5 -2.5 -2.5 -2.5 -2.5 -2.5 9.3 82.6 93.8 95.2 97.1 99.1 102.4 103.9 105.2 106.3 108.9 111.7 114.2 114.4 113.5 112.2 114.6 117.5 119.1 121.9 123.5 123.1 119 114.9 115 114.9 111 105.4 99.8 94.6 90.7 85.7 82.2 79 81.8 90.8 97.7 99.8 99.5 95.9 87.3 88.9 85.2 83.9 81.7 79.9 77.5 74 68.8 68.2 64.3 59.5 55.9 48.8 48.5 44.3 35.8 29.3 25.7 22.6 21.5 21.3 22.5 24.4 25.4 18.3 26.2 24.6 29.6
-2.5 -2.5 -2.5 -2.5 -2.5 -2.5 -2.5 -2.5 -2.5 -2.5 -2.5 -2.5 -2.5 -2.5 3 72.2 91.7 94 95.2 96.8 99.1 101.8 103 103.3 105.7 109.2 112.6 115.2 114.3 113.3 112.1 114.6 118 119 120.3 120.6 121 117.5 113.8 110.7 111.7 108.5 102.8 97.6 92.9 89.7 85.5 82.4 80.2 79.3 88.7 96.8 97.7 97 94.2 87.1 85.2 83.8 82.7 81 78.7 76.2 74.4 73.6 71.4 67 61.8 57.4 52.5 47.3 40.5 34.3 29.3 24.8 22.8 20.4 20.5 23.5 25.4 25.8 25.1 27.2 28.3 29.1
-2.5 -2.5 -2.5 -2.5 -2.5 -2.5 -2.5 -2.5 -2.5 -2.5 -2.5 -2.5 -2.5 1.2 23.8 83.5 93 94.1 95.6 97.6 99.6 102.2 103.6 103.9 106 109.6 113.3 115.4 113.4 112.6 111.7 113.5 116.4 117.4 117.7 118 118.2 115.6 112.8 109.4 107.8 105.8 100.4 95.5 92 89.2 85.2 82.6 80.4 78.5 83.8 88.8 92.2 93.7 92.5 87.7 84.5 82.6 81.4 80.5 77.7 76.5 75.2 75.2 73.5 67.2 62.5 57.2 53.6 51.6 44.8 37.1 29.8 24.3 20.7 19.7 20.6 24.3 25.7 27 26.9 26.1 27.3 28.1
-2.5 -2.5 -2.5 -2.5 -2.5 -2.5 -2.5 -2.5 -2.5 0.7 2 3.3 8.3 19.4 81.3 90.7 93.2 94.8 97 99.2 102 104.8 104.9 105.1 107.5 110.4 114.1 115.7 113.2 111.6 112.4 113.8 114.3 114.2 114.4 114.6 114.8 112.9 110.4 107.6 104 101.5 97.5 93.7 91.4 88.8 84.7 82.1 80.4 79.3 79.7 81.3 83.6 84 84.5 84 83.5 82.4 80.8 79.2 80.5 76.8 75.8 75.8 72.1 69.7 66 62.3 56.5 52.4 45.8 38.1 30.3 23.1 19.7 19.7 21.6 24.4 25.8 27.4 27.6 23.3 25.7 26.4
-2.5 -2.5 -2.5 -2.5 -2.5 -2.5 -2.5 -2.5 22.5 25.2 36 65 73.3 77.7 91.5 93.7 94.4 97 99.5 102.1 104.8 106.4 106.9 107 109.6 112.9 115.8 116.3 113.3 110.7 110.7 111.2 111.3 111.2 111.2 111.2 111.3 109.9 107.3 104.5 101.6 97.8 94.1 92.1 89.8 87.6 85.1 81.8 78.4 80.1 81.2 83 85.1 84.4 83.4 83.1 82.7 81.8 80.2 78.8 79.3 79 76.5 76.4 73.7 70.1 67.3 64.5 60.1 52.9 46.7 38.3 30.7 25.4 19.7 19.7 19.7 25 26.5 28.8 28.2 17.7 24 24.3
-2.5 -2.5 -2.5 -2.5 2.1 5.9 12.3 29.4 54.3 73 82.6 86 89.1 91.8 94.7 96.8 97.3 100.2 102.1 104.5 106 107.5 108.3 109.8 112.4 115.4 117.4 117.4 113 110.3 108 108.4 108.3 108.3 108.2 108.2 107.6 106 103.3 101 98.3 94.4 91.4 89.4 87.7 86 83.7 80.5 79.8 82.3 83.1 84.9 86.6 85.5 83.7 82.2 81.6 80.7 79.6 78.5 78 77.3 76.8 76.5 74 70.2 67.8 65.3 60.6 55 47.5 38 30.9 24 20.4 19.7 19.7 22.5 27.7 29.7 27.1 22.8 22.1 22.1
-0.6 2.7 11.7 19.8 33.6 56 77.1 77 77.5 80.1 82.9 85.9 88.2 91.6 95.3 97.5 100.3 103.2 104.9 106.3 107.6 109 110.5 112.6 116.6 119.4 119.9 118.4 114.1 110.3 107.9 105.8 105.7 104.9 104.6 103.8 103.2 102 100.1 98 94.8 91.4 87.6 86.7 85.4 84.2 80.4 77.8 81.7 84.7 85.9 86.8 87.6 86.7 84.2 81.6 80.5 79.6 78.7 77.2 76.4 75.7 75.1 74.7 72.2 70.3 68 65.6 61.5 57.6 48.2 34.4 27.8 28.9 24.8 19.7 19.7 21.7 27.6 29.8 26.8 23 20.1 19.8
35.5 51.7 53.3 53.5 65.5 81.3 80.9 80.3 80.2 81.5 83.6 85.8 88.7 92.7 96 98.6 102.6 106.5 107.8 108.1 109.6 111 113.3 116.5 119.7 121.8 123 120.9 115.3 110.5 107.3 104 102.7 101.9 101.2 99.7 99.1 98.5 96.9 93.9 90.4 88.4 83.7 84.1 83.4 80.9 76.5 78.9 83 85.3 87.1 88.3 88.7 88.1 84.5 81.5 79.6 78.8 77.4 76.2 75 74 73.5 72.5 70.3 68.8 67 65.1 61.8 51.2 46.4 42.2 35.4 31.2 27.5 22.8 19.7 19.7 25 28.7 26.1 21.9 19.6 18.8
71 81.1 77.9 82.5 85.1 84.6 82.8 82.2 81.2 81.6 83.4 86 89.7 93.7 97.1 100.7 105.2 108.5 110 110.8 111.9 113.5 116.3 119.4 122.1 124 125 122.7 117.2 111.6 107.6 103.1 99.4 99.5 98 97 95.6 94.2 91.2 90.5 87.3 85.3 81.4 81.2 81.3 76.2 78.2 81.2 83.4 86.1 88.6 89.1 89 87.9 85.5 82.2 79.6 77.5 75.9 75.3 73.3 72.9 72.4 70.9 68.7 66.9 64.3 62.3 56.4 58.1 56.6 48.6 38.8 32.6 28.8 23.7 19.7 19.7 22.9 27.4 25.4 22.5 17.2 16.4
88.2 88.8 93.3 91.8 88.9 87.2 84.8 82.5 81.3 81.9 83.9 87.1 90.6 94.6 97.6 101.5 106.7 109.7 112.3 113.9 114.8 116.5 119.6 122.1 124.1 125.5 125.3 122.5 119.2 114.1 108.4 104.1 97.9 95 94.7 94.3 93 91.7 90.1 87.5 83.4 82.6 79.6 78 77.9 75.4 79.5 81.7 84.8 88.2 89.9 90.6 89.3 89.2 86.3 83.2 80.3 77.4 75.5 73.5 70.4 70.7 68.4 65.6 61.7 57 58.8 60.8 64 65.2 59.3 53.5 44.6 33.5 29.7 26.2 20.4 19.7 22.1 26.1 24 19.9 17.8 16.8
94.2 95.5 94.5 93 90.7 89.2 86.5 83.8 81.8 83 85 88.3 91.2 94.4 97.6 102.8 107.9 111.8 114.5 116.6 117.7 120.6 122.9 124.7 126.2 126.5 127.6 124.9 121.5 116.9 110.1 105.4 101.3 96.5 93 89.6 88.7 88.7 87.1 84.5 80.8 79.1 77.8 74.1 73.3 77.1 80 83 85.2 88.7 90.6 91.3 90.3 88.6 86.2 83.5 80.9 77.7 75.9 74.2 73.1 70.7 68.9 66.9 66.6 64 66.3 64.4 65.5 65.3 60.4 55.2 49.7 36.6 31.7 28.1 23.9 19.3 19.8 24.6 23.7 19.2 16.9 16
96.8 96.8 95.2 93.9 92 89.9 87.9 84.3 82.2 83.8 86 88.9 91.4 94.7 98.9 104.7 108.9 113.2 116.2 118.4 120.3 122.4 124.4 125.9 126.9 127.2 127 124.5 123.2 118.9 111.3 106.4 103.3 99.3 95.1 91.3 86.8 84.3 84 81 78 76.7 76.2 74.2 72.7 77 80.1 83.1 87.1 90 91.4 91.6 90.1 88.5 86.4 84 81.5 78.9 76.6 76.5 75 73.4 73 71.3 69.6 68.2 67.8 68 66.1 61.2 58.8 54.9 48 38.2 33.1 29.5 25.8 19.7 17.1 20.6 22.7 18.7 16.7 14.4
97.1 97 95.7 94.3 91.4 89.3 86.7 83.9 82.4 82.7 85.6 89 91.9 95.1 100 105.8 109.9 114.7 118 120.1 121.5 123.4 125.4 126.5 126.9 126.1 125.4 124.4 123.7 119.6 113 107.1 103.4 99.8 95.9 92.4 88.4 82.9 79.2 78.4 75.6 76.3 76.1 74.4 71.2 76.5 80.1 83.8 88.1 90.8 92.5 92 90.1 88.1 85.9 84.3 81.8 79.2 77.9 78.2 77.7 76.1 76.7 75.4 75 73.9 74.4 71.6 71.4 62.6 59.8 55 50.6 41.9 33.3 29.6 25.5 20.6 18.3 18.1 20.1 18.6 16.9 14.7
97.2 96.7 95.8 94.7 92.8 88.9 85.8 82.7 81.3 81.8 85 89.1 92.4 94 101.6 107 111.3 115.5 119.8 121.7 122.7 124.2 126.1 126.4 126.3 125.2 124.2 123.7 123.2 119.8 113.7 107.8 104.3 100 95.6 91.7 87.6 83.8 77.4 74.2 77 76.7 75.6 72.3 72.6 75.5 80.2 84.6 88.7 91.4 93.6 92.9 90.3 87.4 85.2 83.3 81.4 79 78.4 79.3 79.2 79 79.5 79.9 81.4 81.1 81.5 78.5 77.3 73.3 65.8 57.1 50 43.2 35.6 29.1 23.6 21.2 19 17.1 16.7 18.2 17.7 15.9
97.2 95.3 94.5 94.2 92.6 88.7 84.1 81.2 79.9 82.2 84.8 89.3 93.5 99.9 102.8 108.4 112.8 117.1 120.7 122.4 123.1 124.3 125.7 125.6 125 123.2 122.4 122.3 122.1 118.9 113.4 108 104.3 99.6 94.1 89.9 86.5 82.5 74.6 73.7 76 75.4 74.9 70.6 74.9 75.8 79.3 84.9 88.8 92.2 94.6 93.5 90.9 87.8 84 82 80.1 78.6 78.8 79.6 80 81.2 82.2 83.6 84.7 84.7 84.4 83.3 82 78.6 69.5 58.6 51.5 44.7 33.1 33.3 28.9 25.4 20.1 16.4 16.4 16.9 16.5 15.6
97.5 95 94 93.4 91.7 88.1 83.2 80.1 79.7 82.2 85.8 91.8 98.5 103.1 107 111.3 115.5 119.7 122.3 123.3 123.8 124.3 124.5 124 123.2 121.9 120.9 121.2 120.4 117.3 111.7 107.2 104.6 100.1 93.8 89.2 85.5 82 75.3 72.1 73.7 73.7 72.8 70.6 75.5 78.5 79.9 83.7 88.5 91.9 94.1 94 90.9 87.3 83.6 80.8 78.8 77.8 78.5 79.7 80.4 81.9 83.5 85.4 86.1 86.2 85.7 84.7 83.1 80.8 71.8 59.8 52 46.7 42.5 37.5 32.5 27.1 22.3 17.8 15.9 15.5 16.7 14.6
97.9 95.6 94.3 92.8 90 86.6 82.9 79.6 78.7 82.1 88.5 96.7 103.3 107 111.9 115.7 118.5 121.9 124.3 123.3 123.3 123.5 122.9 122.2 121.4 120.7 119.4 119.7 119.4 115.6 111.1 106.7 103.3 99.9 94.3 88.3 83.8 78.5 73.1 69.1 71.1 71.2 68.4 74.1 76.2 79.5 82.5 83.9 87.7 91.6 93.7 93.2 90.3 86.7 83 80.2 78.1 76.4 77.8 79.2 79.8 82.2 84.7 86.4 87 86.9 86.5 85 83.4 80.8 72.1 61.8 53.5 49.4 45.5 44.1 37.6 31.5 26.2 22.8 18.4 16 17 15.8
96.7 95.3 93 91.1 88.8 85.4 81 78.2 78.8 83.5 91 100.8 107.7 112.4 116.9 121.5 122.9 124.1 125.5 123.5 122.4 122.1 121.4 120.3 119.7 119.3 117.8 118.7 118.3 114 109.6 105.2 102.2 99.2 94.6 87.3 82.3 77.7 72.2 65.6 68.3 66.1 68.3 73.1 76.2 79.5 82.3 84.4 87.3 90.2 92.8 92.1 89.5 85.2 81.7 78.8 76.5 75.3 76.8 78.4 79.9 82.1 84.7 87.1 87.1 87.1 86.5 84.8 82.6 80.5 77.7 72.1 62.5 53.1 51.8 49.8 43.6 36.2 30.8 26.8 24.4 20.5 15.3 15.1
96.1 94.6 91.8 89.3 87.3 83.9 79.7 76.1 79.1 83.8 93.6 103.3 111 115.8 120.3 124.6 126.1 126.6 126.3 123.9 121.4 120.4 119.3 119 118.2 117 116.2 116.4 116.7 112.3 107.9 104 101.3 98 92.6 86.2 80.1 76.6 71.2 65.5 64.9 63.6 67.2 72.3 76 79.2 82.1 84.5 86.5 89.3 91.7 90.9 88.7 84.3 80.8 78.3 76 74.6 75.9 77.3 79.4 82 84.6 86.6 87.2 87.1 86.6 84.4 82.6 81.5 79.5 76.8 67.7 58.8 55.9 54.9 48.5 40.2 34.4 30.1 28.4 25.3 19.5 15.1
95.5 93.6 90.7 87.9 85.7 82.6 78.4 75.3 78.4 84.8 94.6 103.8 111.2 117.2 122.2 125.8 126.7 127 126.6 123.3 120.3 118.8 117.3 116.2 115.2 114.3 113.8 115.1 114.7 110.8 106.2 102.6 100.3 96.6 91.9 84.5 76.9 74 71.1 65.6 61 63.4 66.4 70.3 74.9 78.4 81.7 83.6 85.7 89.1 90.7 90 87.7 83.6 80.1 77.9 75.8 73.2 75.4 77 79 81.7 84.2 86 86.9 87.1 86.3 84.6 84.4 83 81.6 80.7 76.1 63.6 60.9 56 49.9 43.3 37.4 32.6 28.3 25.1 20.3 15
