Assets/StreamingAssets/GeoData/Data/nb/NB02.asc
ncols 200
nrows 200
xllcorner 100000
yllcorner 920000
cellsize 50
[rows 105 to 139 of 200, columns 78 to 155 of 200]
387.7 384 378.9 369.9 360.4 352 341.4 325.6 309.1 302.4 305.9 298.5 293.6 299.6 297.1 297 308.2 319.7 331.2 340 348.3 351.4 352.6 352.1 346.3 341.3 337.1 334 329.9 326.9 323.6 319.3 313.9 303.1 288.6 270 254.9 239.9 231.9 214.4 191.9 178.7 164.1 151.8 140.1 131.5 122.2 119.4 119.4 119.4 119.4 119.4 123.8 125.7 124.7 125.3 122.8 119.5 119.4 119.4 119.4 125.8 133.2 133.4 131.9 130.6 130 128.1 125.6 126.2 125.4 126 128.4 131.7 136.7 143.2 149.4 151.3
382 375.4 366.7 352.5 344.2 333.4 315 292.7 284.1 271.6 271.3 265 264.7 272 272.4 273.4 282.2 295.1 307.3 320.8 330.6 338.4 342.5 341.3 339.7 335.6 332.3 330.6 327.6 325.9 324.2 322 316.3 308.9 299.8 283.9 260.2 246 234.3 219 192.9 179 167 151.5 136 131.4 125.5 119.4 119.4 119.4 119.4 119.4 119.4 119.4 119.4 119.5 124.6 128.4 127.7 119.4 123.2 131.6 135.4 135.6 135.4 133.5 133 132.3 130.2 127.6 129.6 130.3 132.4 135.5 140.5 151.6 153.4 158.2
374.2 367.8 354.7 335.4 320.5 305.3 280.9 264 255.9 248.2 249.3 240.9 240.2 241.7 245.5 249.9 260.7 274.1 285.2 299.4 312.5 322.4 328.5 331.9 331.8 330.4 328.5 328.8 327.6 329.3 327.2 325.3 320.9 315.5 306.4 293.6 275.2 251.4 237.3 219.8 199.7 183.3 168.7 149.5 137.4 128.6 119.4 119.4 119.4 119.4 119.4 119.4 120.7 119.4 119.4 127.2 126.1 129.9 129.6 123.3 129 138 140.9 139 138.1 137.2 137.2 136.3 132.9 133.2 135.8 132 133.7 136.8 144.1 152.4 157.4 162.1
366.3 357.6 342.5 319.4 297.8 278.9 266.3 249.8 236.8 226.5 218 215.6 214.8 222.9 224.5 234.3 240.6 252.6 264.8 277.5 293.1 305.3 315.1 320.5 323.1 324.9 326.1 326.4 332.4 331.4 332.8 334.5 335.2 321.4 314.8 304.1 293.6 264.2 242.5 227.6 209.7 192.1 173.7 155.2 141.2 129.3 120.8 119.4 119.4 119.4 119.4 119.4 119.4 119.4 122.4 129.2 132 134 130.8 127 133.8 142.9 145 143.1 140.9 139.1 138.5 138.6 136.6 137 137.3 134.4 133.8 140.3 146 150.9 160.1 166.3
356.6 346.6 324 303.1 279.9 266.6 254.6 240.3 223.3 211 207.8 204 201.8 200.7 202.6 212.1 220.3 232.4 244.9 257.6 272.8 286.9 299.3 308.4 313.1 316 319.2 323.3 325.8 328.5 331.7 336.4 346 331.7 328.8 321.5 316.3 303.1 273.6 245 225.3 220.3 209.8 179.3 152.8 135.9 125.5 119.4 119.4 119.4 119.4 119.4 124.3 126.5 128.8 132 136.3 139.6 134 132.1 139.2 142.8 146.8 148 145.8 142.8 140 140.7 139.2 138.4 139 136 137.4 140.9 147 151.7 158.3 171
359.1 344.5 318.9 290.7 274.1 258.2 235.9 222.7 205.6 189.9 187.8 184.3 186.3 188.5 190.9 198.1 202.5 208.8 222.6 237.7 253.8 269.5 282.1 293.9 299.9 306.4 309.7 313.9 318.4 323.3 329.8 336.1 341.7 345.3 343.6 342.1 343.4 325.6 299.9 282.1 263.9 251.4 241.1 210.6 170.1 144.2 132.3 126.7 119.4 119.4 119.4 119.4 125.3 129.8 134.2 139.5 144.4 143.2 134.3 137.2 141.5 147.4 150.9 150.7 150.1 147.3 143.6 142.8 142.9 144.8 141.6 138 138.5 142.3 150.1 153.8 162.2 170.8
357.9 343.3 321.3 291.7 265.9 247.3 227.7 211.7 202.1 189.5 177.4 175.2 176.1 178.4 180.8 179.7 183.2 189.8 200.5 216.3 234.1 252 267.1 278.7 288.5 296 301.6 306.8 312.3 318 325.2 334.9 341.6 340.3 343.6 343.6 347 339.2 324.8 304 285.5 273.8 252.9 217 190.2 159.5 142.8 132.6 122.6 119.4 119.4 124.2 129.2 134.1 140 144.7 149.4 144.4 138.9 143.6 147 149.4 155.1 155.1 153.4 150.6 146.3 145.3 146.5 147 144.7 141.3 142.3 146.9 157.6 159.4 164.3 170.6
360.8 339.7 318.1 288.6 265 244.7 225.6 208.3 196.1 180.4 172.9 168.4 167.2 169.2 173.7 168 169.1 177.1 183.1 200.9 217.9 234.5 250.6 263.9 274.5 285 291.2 298 304.5 311.1 317.5 328.7 335.3 338.5 343.7 352.1 350.9 343.8 339.7 337.4 318.1 294 269.5 241.5 208.2 175.2 157.1 145 133.2 128.3 127.1 128.7 133.1 138 143 146.8 150.3 146.6 145.7 149.6 151.9 155 161.7 159.8 159.1 155.8 150.9 150.9 149.2 149.6 148 143.5 145.2 150.1 157.8 165.1 169.6 174.3
370.1 348.7 321.7 293.8 272.8 250.2 233.3 213.9 195.6 180.7 169.3 161.1 159.3 158.2 162.8 156.1 158.7 164.7 173.9 188.1 200 218.8 235.8 251.8 263.2 272.9 280.3 288.4 295.7 301.8 308.3 316.5 323.9 330 341.8 347.1 347.1 342.4 342 335.8 331.1 310.9 270.4 238.9 213.3 188.7 173.9 155.9 141.9 135.4 131.4 132.8 134.4 140.3 143.2 149.5 153.7 149.8 152.6 153.8 159 160.9 164.3 164.8 163.6 160.7 156.7 156 154.6 152.1 149.1 145.3 150.3 156.3 162.4 170.6 175.7 183.2
379.6 364.7 332.8 307.4 283.5 262.8 244.7 228 206.5 186.3 173.6 162.3 153.5 152 150.3 150.5 150.7 159.7 167.9 174.7 188.1 205 222.5 238.2 252.3 262.6 268.3 276 285 292.7 299.9 306 313.8 323.9 330.3 335.8 335.5 335.6 334.2 330.9 321.8 304.8 278.3 245.2 216.9 196 178.2 161.6 146.9 137.3 133.6 131.9 134.4 141 145.6 149.7 152.9 147.3 158.5 159.3 164.6 165.9 167.2 167.4 166.3 163.2 162 161.4 158 156.4 153 152.4 155.1 163.1 168.8 177.2 185.7 189.4
385.4 385.7 365.8 329.6 304.7 284.2 271.4 261.3 231.6 205.1 180.7 165.5 156.2 146 146.8 143 148 152.8 160 164.1 181 193 212.8 227 238.6 249.3 259.8 267.7 274.9 282.7 288.9 296.4 306.2 313.9 318.6 323.4 326.8 329.4 328.7 326.9 316.1 297.1 273.5 242.6 213.1 194.1 176.2 160.8 148.4 138.3 133.9 132.9 134.8 140.7 147.8 153.2 154.3 152.6 160.3 168.3 172.6 172.8 176.4 174.3 170.5 169.4 167.1 165.3 162.2 159.8 158 157.2 162.7 168.6 175.3 181.1 190 198
384.4 386.5 382 364.9 336.5 319.8 311 296.7 279.2 259.6 202.8 178.9 160 149.2 139.1 137.8 139.4 142.5 150.5 158.7 167.5 183.1 196 215.7 228.2 238.6 248.8 258.6 266.3 273.6 280.4 288.4 295.5 300.8 306.6 312 317.3 321 320.7 314.6 305.3 285.6 262.3 241.9 214.7 192.8 178.7 166.2 152.9 139.6 134.6 133.9 137.2 143.9 151.6 157.8 157.1 163.1 168.9 178.2 183.4 182.7 182.3 179.4 174.5 173.4 171.2 170.1 167.1 165.3 162.1 161.7 165.8 175.9 182 184.1 190.1 198.6
383 387.6 390.2 388.3 368.9 358.6 350.2 342.2 315.3 296.2 288.8 195.1 170.6 151.2 140.2 133.2 133.4 136.7 141.5 151.9 161.5 175.4 188.9 201.3 214.9 225.4 238.4 248.5 257.3 264.7 269.9 276.3 284.2 289.5 296.7 302.2 306.9 312.9 312.6 304.7 288.6 274.8 254.8 233.1 209.3 192.7 179.2 166.8 155.2 143.7 137.6 135.6 139.4 145.8 155.2 160.2 160.6 169.2 180.3 188.6 194.3 192 189.5 185.1 180.4 177.1 176.5 174 170.1 167 164.6 165.7 169.5 176.7 181.4 186.1 191.3 200.2
382.1 389.1 395.3 398.4 399.4 391.5 378 355.1 338 316.1 307.1 260.5 181.7 159.8 143.3 131.7 131.3 131.4 135 141.7 151.7 162.9 178.4 191.4 206.8 216.3 227.6 235.9 245.8 253 259.4 266 271.5 278.6 285 292.5 296.2 300.5 300.3 295.2 281.2 264.1 246 226 208.4 192.4 180.8 168.9 156.1 146.3 142.5 140.9 143.2 148.9 155.8 162.9 162.9 175 190 206 206.2 201.2 196.2 191.4 188 185 186 180.8 176.6 172.4 168.8 167.8 171.2 175.9 180.5 189.6 192.7 196.5
381.3 389.8 398.3 406.2 413.3 416.2 404.8 384.1 369.3 349.3 335.8 326.4 192.5 170.4 147.2 132.2 130.1 128.1 130 134.1 141.3 151.5 163.6 177.5 192.3 201.4 211.6 220.5 231.5 241.3 247.8 250.8 257 263.6 272.1 280.8 286.7 288.9 291.6 288.5 273.2 257.6 239.4 222.7 205.1 192.3 182.5 169.2 157 146.6 145.8 144.3 145 148.8 154.8 163.7 173.3 192.1 211.6 225.6 218.6 208.9 202 197.9 193.1 191.8 190.9 186.8 182.4 174 169.7 169.6 171.4 174.6 178.6 184.2 189.2 195.9
381.3 391 401.6 413.4 423.4 432.6 433.7 414 395.2 384.8 366.9 347.9 209.6 175.9 153.7 136.5 127.8 127.8 127.8 127.8 133.5 142.2 153.7 168.8 180 186.7 197.4 207.6 214.1 221.9 229.2 233.1 240.2 248.2 256.6 266.6 275.6 279 277.8 275.9 267.2 249 233.7 218.3 201.9 189 179.6 168.5 154.1 148.3 145.4 144.3 146 150.2 155.8 167 181.9 200.7 223.2 229.4 230.6 215.8 207.3 202.7 199.4 198.3 193.7 189.2 182.2 177 170.4 170.5 171.8 173.4 178.9 181.9 186.8 196.5
380.4 392.5 406.2 420.1 433.7 444.3 450.7 448.6 431 413.4 395.1 377.4 316.4 190.2 159.8 142.7 127.8 127.8 127.8 127.8 130.5 135.1 140.6 151.9 166 178.7 186.6 194.2 198 205.6 211 218.6 224.8 232.6 242.6 252.7 262.6 265.6 269.5 266.6 257 242.7 228.8 214 199.3 187.5 178.5 165.1 152.6 148 144.5 143.8 145.1 149.2 158.1 168.9 185.8 203.7 218.9 230.9 238.6 226.8 216.4 205.8 201.5 199.1 196 189.6 181.5 174.5 171.2 172.5 173.4 175.9 179.1 182.1 188.3 195.9
380.4 393.4 408.5 422.2 436 449.9 457.6 458.6 449.4 435.8 412.8 390.7 360.5 212.5 172.4 150.4 132.8 127.8 127.8 127.8 127.8 130.5 135.3 141.6 153.5 165 173.9 178.2 184.3 192.3 198.5 204.4 212 219.7 226.9 240.8 249.4 256.3 258.5 255.1 246.9 236 222.9 209.7 205.1 191.6 176.9 162.8 151.7 146.7 143.8 142.6 145.4 150.5 158.1 170.5 186.5 203.1 214.7 229.7 233.5 227.2 219.2 210.8 205.1 201.2 196 188.5 181.1 175.1 171.8 172 173.3 175.5 179.1 183.2 188.7 197
380.6 396.5 409.9 425.3 440.4 453.1 463.4 463.1 453.1 438.6 417.1 390.3 365.9 327.2 198 164.3 142.9 129 127.8 127.8 127.8 127.8 128.6 133.2 142.7 149.9 160.3 169.9 173.7 180 187.9 193.1 200 208 216.6 225.7 234.9 242.9 247.3 244.5 238 229.8 220.9 213.2 204.2 191 176.2 163.3 152.5 146.5 142.7 141.7 144.5 151.3 159.2 171.4 187.2 200.9 211.8 225.3 228.5 224 220.4 213.5 206.1 202.1 195.1 187.8 180.6 176.7 173.2 173.6 174.5 176.8 180.4 183.6 188.5 197.2
384 398.6 413.1 428.3 441.1 454.3 463.6 464.7 456.9 441.9 412.6 380.3 353.8 329.7 239.4 188.1 156.3 138.4 127.8 127.8 127.8 127.8 127.8 127.8 130.2 144.1 149 157.4 167.6 170.9 176.4 183.8 190.5 197 205.3 215 225.6 231 234.6 234 232.2 225.6 219.1 211 201.4 190.2 172.8 160.6 150.6 145.2 142.5 143.2 145.2 149.3 156.4 168.8 185 197.6 208.4 218.3 223.3 223.4 218.9 212.4 206.8 202.9 194.4 185 178.9 176.1 174.6 175.1 176.1 180 182.2 184.1 187.5 195.9
387 400.1 413.2 427.6 441.1 451.7 461.9 464.9 458.3 445.6 416.9 380.2 340.8 313.2 290.2 214 177.9 149.1 137.4 127.8 127.8 127.8 127.8 127.8 127.8 132.7 140.4 150.5 158.8 163.7 169.5 175.3 181.4 186.8 195 206.1 213.5 220.3 224.2 224.9 222.6 219.6 216.2 208.4 201.7 188.3 171.7 157.6 149 144.1 140.6 139.9 142.6 146 153.8 167.1 180.1 194.3 206.2 215.9 219 220.3 216.9 211 206 201 193.7 185 178.8 175.1 173.1 173.8 176.5 178.7 183.1 186.4 189.5 196.2
388.6 402.3 414.9 427.9 440.9 449.2 457.4 462.4 459.5 449.9 423.9 380.7 346.1 297.2 268.9 221.8 189.6 160.8 144.1 129.2 127.8 127.8 127.8 127.8 127.8 127.8 134.8 143.9 149.1 157.5 163.3 168.7 173.7 179.6 187.1 196.2 203.4 209.6 213.1 213.9 214.1 213.3 210.3 207.8 199.2 187.9 168.8 155.3 145.7 141.6 138 138.5 140.7 145.1 151.2 164.5 175.5 188.9 203 211.5 216.2 215.8 212.5 209.7 205.1 199.3 191.3 185.6 180 176.1 173.5 174.1 175.7 178.8 183.8 188.8 193 198
385.1 400.6 413.1 425.7 439.2 448.3 455.3 459.9 458.1 449.1 430.4 401.5 362.5 317 275 227.2 198.4 175.2 158.4 137.8 127.8 127.8 127.8 127.8 127.8 127.8 128.5 138.8 146 151.7 157.3 162.7 168.6 172 178.6 186.9 193 201.1 206.6 209 205.5 206 206.4 203.4 195.9 184.9 167.4 151 143.1 138.7 136.3 136.5 139.2 143.7 148.9 160.8 171.7 184.9 199.6 205.7 210.8 211.1 211.1 209.1 204.4 197.7 190.2 185.7 181.1 178.1 174.6 170.6 175.2 179.1 182.5 187.7 193.1 203.4
382.2 397.9 412.4 426.5 438.2 448.3 455.9 459.5 456.1 445 426.8 397.5 368.5 321.4 288 252.3 215 195.3 174 157.6 145.9 133 127.8 127.8 127.8 127.8 127.8 134.3 140.5 147.6 152.1 157.4 160.4 166.7 173.2 178.7 186 191.5 195.8 198.3 199.3 202.9 202.8 202.1 192.5 181.6 162.6 148.6 141.7 137.1 134.9 136.6 138.6 142.6 146.1 157.3 168.5 178.9 193 198.6 204.7 207.5 208.2 206.8 203.1 194.1 187.4 182.1 179.5 177.2 170.9 170.6 175.6 179 182.2 187.3 199.8 209.1
377.2 395.8 410.3 424.5 437 445.4 451.1 457.5 454.2 443.1 423.5 401.4 361.2 325.3 294.4 271 245.9 226.4 199.6 178.5 162 148.7 133.5 127.8 127.8 127.8 127.8 132.2 138.1 142.4 146.6 151.7 156.1 160.4 165.6 170.6 175.8 181.9 186.8 191.4 193.4 197.8 199.7 196.6 189.7 178.3 162.5 147.3 140.8 136.7 134.4 134.5 137 140.1 143.8 151.9 163.5 175.1 185 193.6 198.9 204.2 204.5 203.5 199.1 191.9 184.4 179.5 175.9 174.7 170.6 170.6 174.7 178.1 181.6 190.1 196.3 212.2
371.2 391.2 406.3 421 432.2 443.3 450.8 452.4 448.6 436.7 419.8 392.8 363.6 332.4 300.2 276.7 256.5 236.5 215.9 201.4 180.2 166 145 131.2 127.8 127.8 127.8 127.8 136.4 141.8 144 149.7 150.1 154.7 157.6 162.9 170.7 175.4 180.8 186.4 190.8 193 197.4 195.9 189.9 177.2 161.3 148.2 140.1 135.6 133.9 134.7 135.3 138.3 143.2 149 157.4 167.2 176.4 185.7 195.3 197.9 200.3 200.3 195.4 189 182 176.4 173.8 173.1 170.6 170.6 174.2 177.8 182.1 187 196.5 207.4
363.6 386.3 403.5 416.5 429.1 440.1 444.9 443.3 437.5 425.3 405.9 379.7 350.8 325.6 295.2 275.2 260.6 249.6 240.2 216.8 198.1 182.6 159.3 140.8 127.8 127.8 127.8 127.8 134.3 140.5 144.4 145.4 146.6 149.7 153.2 159.7 166.8 172.2 176.9 182.5 188.6 192.2 192.9 195.1 188.7 180.3 164.2 150.3 139.6 135.4 133.8 134.1 134.5 136.3 140.8 147.5 153 162.3 171 178.6 188.5 193.5 195.7 194 190 183.3 177.6 173.9 172.5 173.4 173.1 173 174.8 177.3 180.8 186.1 198.9 207.8
362 385 400.1 413.4 425.8 433 435.5 430.7 422.8 410.1 390 365.1 336.1 312.1 288.9 271.6 261.9 252.8 244.4 219.8 204 196.3 171.2 150.5 131.3 127.8 127.8 127.8 134.3 140.5 141.5 141.9 144.4 146.5 150.6 156.5 163.5 170.4 173.2 178.9 186.5 191 193.5 193.3 190.3 181.7 163.3 148.7 139.2 134.8 133.4 133.7 133.9 135.4 138.5 143.8 151.1 157.3 166.4 176 182.3 188.9 190.5 190.2 185.6 181 175 171.7 171.4 172 173.6 173.4 174.8 176.1 179.3 185.4 202.4 216.3
360.2 381.1 396.9 408.9 418.7 423.8 423.2 417.2 405.3 392.6 371.8 347.2 322.8 301.9 280.5 267.2 256.7 252.3 234 220.8 208.5 203.2 183.5 159.2 139.2 127.8 127.8 127.8 133.3 138.7 140.1 141.5 143.4 145.5 149.9 154 159.5 167 171.1 176.8 183.3 189.1 193.1 194.3 188.7 180.5 164.9 152.6 140.4 135.2 133.4 133.1 133.7 135.1 136.7 141.5 147.6 154.3 161.2 169.6 176.4 179.2 182.9 183 180.4 176.8 170.6 169.4 169.9 172.1 173.1 174.3 174.7 176 178.7 186.6 202.2 219.1
359 376.3 391.2 401.8 408.6 411.3 409.7 402.6 389.3 372.4 351.7 331 310.5 289.4 274.2 260.4 249.4 237.2 219.8 219.8 211.3 211.7 200.4 166.1 144.5 127.8 127.8 127.8 132.9 135.7 138.5 139.5 141.4 142.7 146.5 152.1 157.6 163.6 170 174.4 180.1 186 190.8 194.4 187.4 176.2 166.7 151.7 144 135.2 133.9 132.7 133.5 134.2 135.2 139.6 144.6 151.1 156.6 164.4 169.2 172.1 173.2 174.6 173.2 170.7 168.1 168.3 169 171.9 172.9 173.1 173.8 175.1 178.2 191.2 204.1 215.1
353.1 370.9 384.6 392.9 395.2 397.5 395.3 386.4 374.8 354.2 336.8 316.5 296.4 278.5 263.6 250.3 235.4 220.2 211.6 210 208.8 211.4 207.2 176.8 148.3 135.4 127.8 127.8 130.2 132.7 135.2 135.1 138.2 140 144.9 151.4 158 163.5 169.2 172.9 178.8 183.1 191.4 192.6 188.4 180.9 168.3 156.3 146.3 137.5 133.9 132.5 132.2 133.2 134.6 138.1 142.6 147.9 152.8 159.4 164 166.3 167.7 168.8 167 164.9 164.2 165.2 167.9 170.2 172.2 172.3 173.1 174.6 179.5 189.3 203.3 215.3
345.2 361.1 375.6 382.2 384 381 378.2 370.7 356.5 339.8 320 303.1 286.4 269.2 255.4 240 224.1 212.8 204.7 204.7 203.3 199.1 194.5 170.8 146.2 135.2 127.8 127.8 128.2 131.5 132.8 132.7 134 138.7 146.3 151.8 157.4 162 166.3 172.5 177.4 182.5 190.6 194.9 189 181.4 171.2 156.6 147.1 138.5 133.8 131.9 131.6 132.6 133.9 135.6 141 145.5 150 154.7 158.6 161.8 162.3 163.2 163 160.1 159.5 162.1 166.2 169.3 170.1 172.5 173 175.2 180 189 200.7 214.5
332.2 352.1 364.1 368.7 368.8 366.1 363.6 354.3 341.2 322.9 304.8 292.4 276.2 261.2 249.9 232.1 217.1 205.6 197.9 190.5 185.1 182.4 177.9 156.3 143.1 137 132.9 127.8 130.4 131.6 130.7 131.1 132.8 139.2 146.7 151.1 155.5 160.1 165.2 169.6 176.4 182.6 187.9 192.2 188.5 181.1 174.3 159.6 148.4 139 133.5 131.8 129.8 131.4 132.8 134.5 137.3 142.5 146.6 151 154.2 156.4 157.2 157.1 156.1 156.5 157.7 161.4 164.1 165.9 168.1 170 172.2 174.6 180.9 188.9 203.3 218.1
317 338.9 353.8 358.1 359.6 357.6 352.1 340.3 326.2 308.8 293.1 280.4 267.5 254.1 240.3 224.1 212 198.9 188.1 179.2 170.9 161.7 153.6 147.1 142.8 136.6 133.5 131.8 128.4 128.8 130 130.8 132.4 139.9 145.7 150.5 154.1 158.5 162.7 167.4 177.7 185.1 189.3 191.4 187.6 182.2 177 163.7 150.4 140.4 133.8 131.9 129.3 129.2 132.1 133.9 135.6 139.4 143.9 146.6 149.3 150.7 151 152.4 152.2 154.2 155.5 159.7 163 163.5 166 168.1 170.8 175.1 180.3 189.2 203.7 216.8
309.6 329.3 343.4 349.7 349 346.8 339.8 330.1 313 298.5 282.5 271.1 259 246.6 233.3 219.7 206 194.3 183.1 171.2 162.4 155.6 151.3 146.9 141.8 138.6 134.7 133.5 130.7 127.9 129.9 130.5 131.5 137.6 143.3 148.8 152.4 156.6 159.8 167.4 175 181.3 188.3 190.5 188.5 183.2 178.2 166 152 141.1 134.5 132.2 130.2 129.2 131.8 133.4 135 137.6 140.7 143.4 143.8 145.2 146.6 148.3 148.2 150.6 153.3 156.2 160.4 163.2 164.7 167.5 171.2 177.8 183.8 189.8 202.1 214.6
