Assets/StreamingAssets/GeoData/Data/nb/NB03.asc
ncols 200
nrows 200
xllcorner 100000
yllcorner 930000
cellsize 50
[rows 38 to 75 of 200, columns 86 to 171 of 200]
36.8 35.9 38.1 42.2 44.7 46.4 43.8 41.7 39.6 38.9 39.7 40.4 37 34.4 23.6 1.5 -1.7 -1.7 29 39.2 50.1 58 65.1 74.3 84.9 94.6 105.2 113.1 121.1 129.6 132.7 135 134.4 134.3 135.7 134.9 133.5 131 119.4 74.9 34.8 -1.7 -1.7 111.1 94.2 77.9 -1.7 -1.7 39.3 -1.7 -1.7 -1.7 -1.7 -1.7 -1.7 -1.7 -1.7 -1.7 -1.7 -1.7 -1.7 -1.7 -1.7 -1.7 -1.7 -1.7 -1.7 -1.7 -1.7 -1.7 -1.7 -1.7 -1.7 -1.7 -1.7 -1.7 -1.7 -1.7 -1.7 -1.7 -1.7 -1.7 -1.7 -1.7 -1.7 -1.7
40.5 41.6 44.2 46.9 49 49.7 47.4 44.6 41.2 38.9 38.1 38.4 35.2 31.5 17.8 4.1 7.9 28.2 35.1 46.1 55.7 63.1 70 79.5 87.9 98.8 107.8 114.3 122.2 128.8 133.5 135.8 137.7 138.8 139 141.6 138.6 138.7 123.6 77.8 42.3 19.5 71.7 126 124.9 110 104.2 92.3 38.7 -1.7 -1.7 -1.7 -1.7 -1.7 -1.7 -1.7 -1.7 -1.7 -1.7 -1.7 -1.7 -1.7 -1.7 -1.7 -1.7 -1.7 -1.7 -1.7 -1.7 -1.7 -1.7 -1.7 -1.7 -1.7 -1.7 -1.7 -1.7 -1.7 -1.7 -1.7 -1.7 -1.7 -1.7 -1.7 -1.7 -1.7
45.4 47.2 49.3 51.4 52.2 51.7 49.7 46.4 44.1 40.6 37.2 33.8 32.2 29.2 11.5 3.9 16 30.4 40.5 52.1 60 67.1 73.5 83 90.4 101.4 109.1 115.9 123.7 129.6 134.7 138.6 141.3 143 143.3 143.9 144.8 155.3 158.5 151.2 139.9 113 132.3 129.9 125.8 114.8 108.8 106.7 96.6 88.4 69.1 45.9 4.7 -1.7 -1.7 -1.7 -1.7 -1.7 -1.7 -1.7 -1.7 -1.7 -1.7 -1.7 -1.7 -1.7 -1.7 -1.7 -1.7 -1.7 -1.7 -1.7 -1.7 -1.7 -1.7 -1.7 -1.7 -1.7 -1.7 -1.7 -1.7 -1.7 -1.7 -1.7 -1.7 -1.7
50.1 53.4 56 56 56.1 55 52.1 49.8 46.8 43.3 37.6 31.8 27.2 26.2 7.7 3.8 20 30 43.6 53.7 62.2 69.1 75.2 84 94.4 102.5 108.9 115.8 124.1 130.8 135.8 139.5 142.8 145.4 146.9 148 156 160.6 158.6 156.8 156.1 152.3 139.1 132 124.7 121.1 108.4 108 108.5 87.2 68.1 45.1 -1.7 -1.7 -1.7 -1.7 -1.7 -1.7 -1.7 -1.7 -1.7 -1.7 -1.7 -1.7 -1.7 -1.7 -1.7 -1.7 -1.7 -1.7 -1.7 -1.7 -1.7 -1.7 -1.7 -1.7 -1.7 -1.7 -1.7 -1.7 -1.7 -1.7 -1.7 -1.7 -1.7 -1.7
55 60.9 61.3 62.2 60.9 58.3 54.4 51.4 49 47.9 40.2 33 26.2 22.9 9.6 4.4 13.7 29.9 41.3 53.1 62.6 70.1 77.8 87.2 96.4 105.5 111.8 117.8 124.1 130.4 135.8 140.1 143.1 147.9 150.2 150.7 155.7 157.3 158.5 160.4 158.7 152.4 145.4 135.2 130.1 118.9 110.6 112.1 107.1 88.4 52.7 -1.7 -1.7 -1.7 -1.7 -1.7 -1.7 -1.7 -1.7 -1.7 -1.7 -1.7 -1.7 -1.7 -1.7 -1.7 -1.7 -1.7 -1.7 -1.7 -1.7 -1.7 -1.7 -1.7 -1.7 -1.7 -1.7 -1.7 -1.7 -1.7 -1.7 -1.7 -1.7 -1.7 -1.7 -1.7
58.2 63.1 65.7 66.3 64.2 62.4 57.3 55.4 51.8 50.5 44.7 36.1 29.1 25.3 8.9 4.4 10.9 28.9 42.3 55 65.3 73.9 82.2 90.8 99.1 106.6 112.5 118.5 125 130.4 135.4 140.2 144.3 148.7 152.5 153 155.9 156.7 158.7 158.6 156.9 153.3 147.8 137.8 127.2 120.8 113.7 112.7 103.3 85.7 38.2 -1.7 -1.7 -1.7 -1.7 -1.7 -1.7 -1.7 -1.7 -1.7 -1.7 -1.7 -1.7 -1.7 -1.7 -1.7 -1.7 -1.7 -1.7 -1.7 -1.7 -1.7 -1.7 -1.7 -1.7 -1.7 -1.7 -1.7 -1.7 -1.7 -1.7 -1.7 -1.7 -1.7 -1.7 -1.7
63.1 66.1 68.9 69.1 67.2 65.3 60.4 56.9 54.1 51.9 48.5 40.7 32.9 28.3 15.1 4.4 6 26.2 42.2 62.7 70.7 77.7 84.6 92.8 101.1 106.7 113.6 119.9 124.6 129.7 134.7 140.3 146.7 150 151.8 152.8 154.5 155 155.9 155.7 155.4 153.1 145.6 134.6 127.8 120.4 114.5 108.4 95.7 77.1 47.6 -1.7 -1.7 -1.7 -1.7 -1.7 -1.7 -1.7 -1.7 -1.7 -1.7 -1.7 -1.7 -1.7 -1.7 -1.7 -1.7 -1.7 -1.7 -1.7 -1.7 -1.7 -1.7 -1.7 -1.7 -1.7 -1.7 -1.7 -1.7 -1.7 -1.7 -1.7 -1.7 -1.7 38.6 -1.7
66.6 71.3 72.8 71.8 69.6 67.4 62.8 59.8 56.9 54.7 52 45.9 36 31.9 25.8 6.5 4.2 21.2 49.3 67.5 75.1 81.7 88.8 95.7 101.1 107.5 114.2 120.2 124.4 128.1 133.1 139.9 144.4 147.1 149.3 150 151.4 150.1 151.3 152.8 152.4 148.3 141.5 134.9 130.1 121.4 112.2 104.4 96.9 92.7 81.9 -1.7 -1.7 -1.7 -1.7 -1.7 -1.7 -1.7 -1.7 -1.7 -1.7 -1.7 -1.7 -1.7 -1.7 -1.7 -1.7 -1.7 -1.7 -1.7 -1.7 -1.7 -1.7 -1.7 -1.7 -1.7 -1.7 -1.7 -1.7 -1.7 -1.7 -1.7 -1.7 45.3 52.6 51.2
68.8 71.8 73.7 73 71.2 68.2 64.2 61.9 60.3 57 54.5 48.8 40 36.4 31.2 17.8 5.1 22.2 47.9 64.6 78.1 84.9 90.3 97.5 102.8 108.8 115.1 118.9 122.8 126.7 131.3 136.6 141.8 144.3 145.9 146.9 146.1 147.4 148 151.1 150.5 146.6 140.5 133.1 127.2 118.9 111.3 103.7 97.9 92.1 86.1 33.6 -1.7 -1.7 -1.7 -1.7 -1.7 -1.7 -1.7 -1.7 -1.7 -1.7 -1.7 -1.7 -1.7 -1.7 -1.7 -1.7 -1.7 -1.7 -1.7 -1.7 -1.7 -1.7 -1.7 -1.7 -1.7 -1.7 -1.7 -1.7 -1.7 -1.7 -1.7 49.7 52.2 58.5
70.5 72.5 73 72.7 71.4 68.1 64.9 63.6 62.1 59 55.6 50.1 44 40.6 38 29.8 11.9 15.6 44.4 66.5 77.2 84.5 92.4 98.6 103.7 109.2 115.1 118.4 121.2 125.2 129.8 133.9 137.3 142 144 142.6 142.9 145.4 145 148.3 146.7 144.1 139.5 135.5 127 120.2 114.4 104.6 99.5 88.3 87.4 23.9 -1.7 44.3 -1.7 -1.7 -1.7 -1.7 -1.7 -1.7 -1.7 -1.7 -1.7 -1.7 -1.7 -1.7 -1.7 -1.7 -1.7 -1.7 -1.7 -1.7 -1.7 -1.7 -1.7 -1.7 -1.7 -1.7 -1.7 -1.7 -1.7 -1.7 -1.7 32.8 50.7 50
72.1 72.9 72.5 71.7 69.9 68.4 66.1 64.4 63.3 60 56.3 51.5 46.3 44 44.7 37.5 20.2 14 42.9 62.4 75.4 84.9 93.6 98.8 104 109.5 114 116.9 120.5 124.4 127.4 131 133.7 138.5 139.3 139.3 140.1 141.4 142.7 144.3 144.7 142.2 138.9 132.1 127.5 122.6 117.6 106.2 104.2 96.4 89.4 86.4 73.7 52.7 -1.7 -1.7 -1.7 -1.7 -1.7 -1.7 -1.7 -1.7 -1.7 -1.7 -1.7 -1.7 -1.7 -1.7 -1.7 -1.7 -1.7 -1.7 -1.7 -1.7 -1.7 -1.7 -1.7 -1.7 -1.7 -1.7 -1.7 -1.7 -1.7 1.5 36 37.9
70.7 71.8 71.6 71.5 68.9 67.8 66.1 64.7 63.6 60.9 57.4 53 49.1 48 50.6 45.4 23.5 16.1 41.7 55.4 73.5 84.8 92.7 98.6 104.8 108.9 110.8 114 117.8 121.4 124.2 127.9 130 133.9 136 136.6 136.4 138.2 139.7 141.1 141.1 138.4 135.1 128.5 125.8 121.1 116.6 110.7 106.5 97.4 93.2 86.6 78.7 51.1 -1.7 -1.7 -1.7 -1.7 -1.7 -1.7 -1.7 -1.7 -1.7 -1.7 -1.7 -1.7 -1.7 -1.7 -1.7 -1.7 -1.7 -1.7 -1.7 -1.7 -1.7 -1.7 -1.7 -1.7 -1.7 -1.7 -1.7 -1.7 -1.7 -1.7 -1.7 22.2
68.1 70.1 70.6 69.6 68 67.9 66.3 64.6 63.3 60.8 57.8 54.4 52.4 52.7 54.2 52.8 43.3 15.4 19.7 54.9 69.6 82.8 92 97.7 103.7 107.3 109.2 112.8 115.1 116.4 119 124.4 125.6 128.9 131.2 132.3 132.7 133.7 135.4 138.3 138.7 136.1 133.2 125.8 122.5 118.9 115.5 110.1 106.6 103.4 94.6 87.4 78.8 55.4 -1.7 -1.7 -1.7 -1.7 -1.7 -1.7 -1.7 -1.7 -1.7 -1.7 -1.7 -1.7 -1.7 -1.7 -1.7 -1.7 -1.7 -1.7 -1.7 -1.7 -1.7 -1.7 -1.7 -1.7 -1.7 -1.7 -1.7 -1.7 -1.7 -1.7 -1.7 -1.7
67.6 69.3 68.8 67.6 67.3 65.6 65.7 64.4 61.6 60.2 57.7 54.4 53.5 54.8 55.8 55.6 48.1 33.8 26.7 53.8 66.1 79.2 90.3 95.9 101.6 104.5 107.3 109.6 112.2 113.1 115.2 118.5 121.7 124.4 124.7 127.1 128.1 130.4 131.8 133.8 134.5 134.3 130.1 124.9 122.5 118.6 115.5 110.1 107.4 107 98.3 95 81.8 56.7 44.8 16 -1.7 -1.7 -1.7 -1.7 -1.7 -1.7 -1.7 -1.7 -1.7 -1.7 -1.7 -1.7 -1.7 -1.7 -1.7 -1.7 -1.7 -1.7 -1.7 -1.7 -1.7 -1.7 -1.7 -1.7 -1.7 -1.7 -1.7 -1.7 -1.7 -1.7
66.9 67.1 66.8 65.9 66.7 64.7 65.2 63.3 60.4 58.4 57 53.7 53.3 54.9 57.1 55 47 21.6 38.4 50.8 62.6 77.1 87.1 94.6 99.1 101.3 104.1 107.1 108.9 109.3 111.6 113.1 116.7 118.8 121.2 122.7 124.1 125.8 127.6 128.9 129.3 128.4 126.7 124.8 121.6 117.1 112.6 108.9 107.6 104.9 100.6 97.6 86.3 75 53.9 10.1 -1.7 -1.7 -1.7 -1.7 -1.7 -1.7 -1.7 -1.7 -1.7 -1.7 -1.7 -1.7 -1.7 -1.7 -1.7 -1.7 -1.7 -1.7 -1.7 -1.7 -1.7 -1.7 -1.7 -1.7 -1.7 -1.7 -1.7 -1.7 -1.7 -1.7
64.1 65.3 65.3 65.3 63.9 63 62.9 63 58.7 56.7 55 52.2 52.6 52.8 55.9 52.2 37.4 26.1 40.6 50.6 60.8 73.7 83.5 92.9 97.7 100.1 102.7 104.9 106.1 105.8 106.9 108.1 110.5 113.7 116.5 117.7 119.6 121.8 123.3 124.3 124.4 123.1 123.2 121.4 117.3 114 110.8 110.8 109.2 103.9 99.9 93 76.9 70.3 59.7 57 50.7 -1.7 -1.7 -1.7 -1.7 -1.7 -1.7 -1.7 -1.7 -1.7 -1.7 -1.7 -1.7 -1.7 -1.7 -1.7 -1.7 -1.7 -1.7 -1.7 -1.7 -1.7 -1.7 -1.7 -1.7 -1.7 -1.7 -1.7 -1.7 -1.7
60.5 62.9 63.3 63 62.4 61.3 60.8 60 58.3 54.6 52.6 49 50.6 51.2 51.5 47.4 30.6 32.2 43.4 49.4 60.1 69.7 80.2 89.7 95 97.6 99.7 101.4 103 102.3 102.9 103.9 104.1 108.3 109.8 111.5 114.8 117 118.2 118.7 118.8 119.5 118.4 116.3 114.1 111.9 112.5 110.9 108.4 104.3 99.5 89 78.4 76.4 76.5 64.2 48.5 -1.7 18.1 -1.7 -1.7 -1.7 -1.7 -1.7 -1.7 -1.7 -1.7 -1.7 -1.7 -1.7 -1.7 -1.7 -1.7 -1.7 -1.7 -1.7 -1.7 -1.7 -1.7 -1.7 -1.7 -1.7 -1.7 -1.7 -1.7 -1.7
57.5 60.5 60.8 60.3 60.1 58.4 57.8 56.7 54.1 52.5 49.4 46.5 47.3 48.8 46.7 43.2 30.2 34.5 39.7 46.5 61.4 65.4 74.6 84.1 90.6 94.8 97.4 99 99.7 99.2 98.4 99.9 98.9 101 102.4 104.7 108.2 111.9 113.4 113.7 113.9 115.3 114.7 113 112.2 110.5 110.6 109.4 107.3 106.7 95 87.7 90.8 90.6 81.5 78.6 58.6 47.8 43.2 44.5 -1.7 -1.7 -1.7 -1.7 -1.7 -1.7 -1.7 -1.7 -1.7 -1.7 -1.7 -1.7 -1.7 -1.7 -1.7 -1.7 -1.7 -1.7 -1.7 -1.7 -1.7 -1.7 -1.7 -1.7 -1.7 -1.7
54.5 57.9 59.6 59.1 57.9 55.9 54.2 54.3 51.4 49.5 45.6 43.2 44.6 44.5 44 38.2 28.5 33.6 39.7 47.1 56.5 63.4 71.4 79.4 87.8 91.4 94.8 95.9 96.4 95.9 95 95.6 94.3 93.6 96.8 98.7 101.8 104.7 106.4 107.5 109.1 109.9 107.7 107.7 106.6 105.5 104.6 103 101 97.5 93.9 103.1 95.3 90.8 86.7 75.1 67.1 52.7 58.8 15.9 -1.7 -1.7 -1.7 -1.7 -1.7 -1.7 -1.7 -1.7 -1.7 -1.7 -1.7 -1.7 -1.7 -1.7 -1.7 -1.7 -1.7 -1.7 -1.7 -1.7 -1.7 -1.7 -1.7 -1.7 -1.7 -1.7
51.8 55.6 57.8 56.6 55.4 53 51.7 50 46.9 44.9 42.1 40.5 41.4 40.8 38.1 30.9 27.8 33.7 41.6 47 54 61.3 66.9 72.5 82.8 88.2 90.5 92.6 93.7 93.1 91.7 91.2 91 91.1 92.1 94.1 95.8 97.1 99.5 100.5 102.7 102.7 101.1 101.9 102.3 103.8 101 101.1 99.1 98.8 101.2 103.5 98 92.2 85.5 82.4 72.2 55 62.4 60.8 -1.7 -1.7 -1.7 -1.7 -1.7 -1.7 -1.7 -1.7 -1.7 -1.7 -1.7 -1.7 -1.7 -1.7 -1.7 -1.7 -1.7 -1.7 -1.7 -1.7 -1.7 -1.7 -1.7 -1.7 -1.7 -1.7
48.9 53.4 56.4 54.7 52.5 49.8 48.2 46.8 44.5 41.5 39.1 38.7 37 37.6 29.2 29 33.4 38.6 44.3 47.4 52.7 57.5 61 65.7 75.7 84.3 87.8 89.6 90.2 90.1 87.6 87.1 88.5 89.7 91.3 93.2 94.2 95.9 93.3 94.8 97.4 98.3 98.6 98.8 100.6 99.7 99.7 100.9 102.5 101.7 101.6 98.8 95.2 94.7 90.4 84.4 66.9 58.2 68.8 61.7 47.5 28.1 -1.7 -1.7 -1.7 -1.7 -1.7 -1.7 -1.7 -1.7 -1.7 -1.7 -1.7 -1.7 -1.7 -1.7 -1.7 -1.7 -1.7 -1.7 -1.7 -1.7 -1.7 -1.7 18.7 30
45.8 49.5 57.1 54.1 50.4 47.6 45.4 43.4 41.2 38.3 37.3 36.6 34.3 31.1 30.5 33.3 39.8 42.6 47.1 48.5 50.7 55.5 58.1 63.4 70.1 77.8 85.2 86.9 87.1 85.3 85.1 84.5 87.3 89.1 91.3 92.1 92.7 92.3 90.1 93.1 96.2 97.2 98 96.2 98.7 96.2 102.3 105.6 103.7 101 98.6 94.4 91.8 91.5 88.3 89.4 69.9 64.7 67.5 64.4 55.4 55.3 52.5 46.4 -1.7 -1.7 -1.7 -1.7 -1.7 -1.7 -1.7 -1.7 -1.7 -1.7 -1.7 -1.7 -1.7 -1.7 -1.7 -1.7 -1.7 -1.7 -1.7 -1.7 7 25.2
42.4 45 50.8 49.5 46.3 44.8 41.8 40.9 39.3 36.6 35.4 34.3 33 31.9 34 37.8 42.5 47.3 48.3 48 50.1 53.7 56.1 61 67.7 74.9 81 82.2 81.6 81.3 82.3 81.3 85.1 89.2 90.3 90.7 89.1 89.3 90 94.4 98.9 100.6 97 96.2 96.2 97.3 101.6 102.5 100.3 96.8 93.9 89.6 88.7 85.6 86.5 80.2 73 63.4 64.4 68.8 70.3 73.7 65.5 50.6 -1.7 -1.7 -1.7 -1.7 -1.7 -1.7 -1.7 -1.7 -1.7 -1.7 -1.7 -1.7 -1.7 -1.7 -1.7 -1.7 -1.7 -1.7 -1.7 -1.7 -1.7 24.5
38.5 38.2 41.2 42.4 41.9 40.5 40.1 38.9 37.7 35.4 33.3 30.8 30.8 30.8 34.8 39.7 41.9 43.2 43.5 44.9 46.8 52.2 55.3 63.7 70.3 74.9 77.7 78.3 78.7 78.5 80.2 78.5 82.9 88.1 88.9 89.7 89.4 89.6 93.5 98.5 96.3 96.2 96.2 96.2 99.5 98.3 97.4 97.1 94.6 91.7 86.9 85 86.6 83.9 79.8 72 66.5 67.4 68.7 75.5 78.5 86.7 77.8 60.3 38.2 -1.7 -1.7 -1.7 -1.7 -1.7 -1.7 -1.7 -1.7 -1.7 -1.7 -1.7 -1.7 -1.7 -1.7 -1.7 -1.7 -1.7 -1.7 -1.7 -1.7 31.2
36.3 36.5 36.9 37 36.6 36.7 37.2 36 34.9 34.1 32.2 29.8 31.2 31.5 33.9 35.7 37.6 37.9 39.9 43.6 46.3 51.7 61 66.5 69.4 72.6 75.4 76 76.7 77.1 76.8 75.4 80.1 85.8 86.8 85.8 91.9 94 100.3 100.2 98.9 98 103.9 100.1 98 95.3 93.3 91.6 90.1 86.8 82.1 81.5 83 78.6 73 74.2 77.5 76.6 76.4 92.6 94.8 91.3 82.1 70.6 56.5 29.4 -1.7 -1.7 -1.7 -1.7 -1.7 -1.7 -1.7 -1.7 -1.7 -1.7 -1.7 -1.7 -1.7 -1.7 -1.7 -1.7 -1.7 -1.7 -1.7 28.9
36.5 36.5 37.4 37 34.8 33.1 33.7 31.8 31.2 31.2 29.8 29.8 31.3 29.9 29.8 31.2 33.7 38.5 45 50 48.8 56.1 65.8 69.6 69.1 70.6 73 72 75.5 74.5 74.6 74.4 74.9 79 79.3 87.9 101 101.1 104.7 107.9 105.9 103.6 103.7 105.4 101.6 98.2 95.5 94.2 90.6 84.8 81 78.9 77.7 84.4 92.9 99 95.9 84.9 86.1 98.2 102 108.8 97.1 81.8 74.8 55.2 -1.7 -1.7 -1.7 -1.7 -1.7 -1.7 -1.7 -1.7 -1.7 -1.7 -1.7 -1.7 -1.7 -1.7 -1.7 -1.7 -1.7 -1.7 -1.7 19.5
37.2 38.3 39.1 39 37.4 29.8 29.8 29.8 29.8 29.8 29.8 29.8 29.9 29.8 29.8 29.8 31.9 40 45.4 49.2 51.4 59.2 67 68.6 68.4 69.2 70.4 68.7 71.9 71.2 69.6 70.8 68.8 75.6 80.4 94.4 99.6 103.1 110.7 113.4 109.6 108.7 108.2 107.1 106.2 109.2 105.6 105 99.2 90.8 84 84.1 87.6 95.1 100.6 109.1 103.7 94.5 91.9 106.4 108.6 109.3 115.2 105.9 87 71.1 41.6 25.6 -1.7 -1.7 -1.7 -1.7 -1.7 -1.7 -1.7 -1.7 -1.7 -1.7 -1.7 -1.7 -1.7 -1.7 -1.7 -1.7 -1.7 7.7
39.7 41.4 43 41.7 40.8 38.9 35.4 34.7 33.9 29.8 29.8 29.8 29.8 29.8 29.8 29.8 29.8 41.6 43.1 46.7 53.8 57.4 61.7 67.6 67.1 66.8 66.3 66.9 70.6 66.5 63.9 65.3 66.2 78.4 80.5 91.4 102.5 111.6 114.8 115.2 114.6 112.1 107.5 106.2 106.7 106.1 106.3 103.6 94.7 89.9 93.9 101.3 101.4 100.5 110.8 117.6 115.1 105.2 97.2 106.7 115.1 121.9 121.5 109.9 107.6 87.3 73.1 51 26.6 -1.7 -1.7 -1.7 -1.7 -1.7 -1.7 -1.7 -1.7 -1.7 -1.7 -1.7 -1.7 -1.7 -1.7 -1.7 -1.7 -1.7
43.4 44.2 45 44.4 43 40.6 37.5 34.9 31.3 29.8 29.8 29.8 29.8 29.8 29.8 29.8 31.2 36.2 38.8 44.9 54 57.7 59.7 63.3 61.6 62.8 63.6 64 65.2 63.6 62.5 61.8 64.9 72.8 87.8 103.9 113.4 116.1 116.7 117.9 115.3 108.9 110.6 108.7 107.5 105.7 102.3 99 94 95.5 105.3 111.2 113.5 109.2 116.8 116.8 116 117.3 100.9 113.8 115.6 122.8 119.7 118.9 105.6 95.9 85.2 82.4 65.8 -1.7 -1.7 -1.7 -1.7 -1.7 -1.7 -1.7 -1.7 -1.7 -1.7 -1.7 -1.7 -1.7 -1.7 -1.7 -0.7 1
46.9 48.1 48.3 47.4 45.1 42.5 38.6 34.8 29.8 29.8 29.8 29.8 29.8 29.8 29.8 29.8 31.6 34.8 38.2 45.3 60.7 54.8 57 57.7 60.5 62.4 62.9 60.8 61.7 62.6 63.2 62.3 62.6 80.7 98.3 108.3 118.5 120.8 122.2 118.7 115.8 110.2 108.7 107 103.9 102.1 102.4 97.4 96.8 103.9 113.6 115.6 116.5 112.6 117.8 123.3 117.1 117.4 102.6 113.1 116.1 124 114.5 120.5 105.9 95.5 102.4 89 78.4 56.3 -1.7 -1.7 -1.7 -1.7 -1.7 -1.7 -1.7 -1.7 -1.7 -1.7 -1.7 -1.7 -0.9 -0.4 0.2 1.2
52.3 51.5 51.6 51.5 49.8 44.4 40.9 35.6 29.8 29.8 29.8 29.8 29.8 29.8 29.8 29.8 29.8 34.3 39 48 52.9 49 51.7 55.4 61.6 58.9 62.1 60.5 60.5 61.2 60.2 59.8 64.6 88 105.5 113.1 125.6 123 122.3 118.2 114.4 109.6 107.7 107 106.6 102.6 100 100.2 105.8 111.6 116 119 118.5 114 115.8 121 118.5 113.1 102.7 109.2 109.5 124.4 112.3 104.9 99.5 107 104.5 94.9 82.4 65.5 61.2 -1.7 -1.7 -1.7 -1.7 -1.7 -1.7 -1.7 -1.7 -1.7 -0.9 -0.4 0.1 0.6 1.2 1.9
55 55.5 54.6 54.3 53 47.9 42.5 37.4 31.5 29.8 29.8 29.8 29.8 29.8 29.8 29.8 29.8 34.6 36.2 44.9 45.4 46.8 51.9 56.4 53.8 60.7 63.9 61.4 60.4 60.7 59.6 61.2 69.8 89.5 99.7 115.3 123.1 125.9 125.6 117.9 112.8 110.2 111.1 111.5 113.2 113.4 106.7 120.2 127.4 126.7 127.4 124.8 123.7 117.3 116.1 119.1 121.6 113.3 99.7 101.6 106.5 115.9 102.2 104.3 107.5 99.8 96.5 90.1 77 79 65.1 -1.7 -1.7 -1.7 -1.7 -1.7 -1.7 -1.7 0.1 -0.2 0.1 0.6 1.1 1.6 2.5 9.9
56.2 56.8 56.5 57.8 55.9 50.4 45.3 39.1 32 29.8 29.8 29.8 29.8 29.8 29.8 29.8 29.8 29.8 33 36.1 43.6 46.9 51.1 51.1 57.2 66.2 63.5 60.5 61.2 60.5 60.8 61.5 68.7 85.8 99.6 112.4 119 123.7 119.8 120.1 122.7 118.4 121.6 122.7 120.5 114.4 129.9 131.9 131.9 132.8 130.1 133.4 129.1 122.4 122.4 119 123.7 112 96.5 96.2 94.3 102.5 107.6 106.5 100.3 92.2 87.8 81.2 82.6 82.7 71.4 47.9 1.7 1.6 5.4 15 17.9 9.8 1.4 1 1.1 1.6 2.2 4.7 12 16
57.6 58.9 58.5 58 57.6 51.9 47.8 41.8 33.5 29.8 29.8 29.8 29.8 29.8 29.8 29.8 29.8 29.8 31.9 36.8 46.4 50.6 57.4 62.5 64.3 64 59.8 60.8 63 61.4 61.8 62.8 70.1 83.8 96.5 110.6 122.1 120.7 127.5 129.1 128.1 126.8 124.6 129.2 119.8 131.6 135.8 137.4 137 134.7 133.6 133.9 127.9 124.4 128.9 119.2 115.2 108.8 92.6 90.5 90.5 104.5 108.4 98.4 98.7 93.2 91 81.3 84.1 81.1 82.2 71.4 33.5 2.3 12.7 20 22.8 16.2 11.9 1.9 1.9 2.4 3.9 10.4 13.5 19.7
59.6 60.2 60.1 60.2 57.8 52.6 48.6 41.8 34.9 29.8 29.8 29.8 29.8 29.8 29.8 29.8 31.1 30 34 42.7 50 60.3 67.7 71.1 64.7 65 61.2 63.9 64 64.1 62.7 65.4 73.9 85 98.3 110.3 116 126.1 131.3 135.2 135.6 135 127.7 125.7 129 136.5 141.2 140.6 144.9 143.5 139.4 133.7 129.7 124.1 125.4 118.5 110.9 101.4 90.5 90.5 90.6 97.3 102.7 93.4 93.3 95.3 87 84.2 82.8 93.9 91.4 79.6 51.6 11.1 13.9 19.7 20.1 17.1 13.4 2.8 2.5 3 7.3 12 14.9 29.8
60.4 62.5 62.7 61.3 59.8 56.4 48.9 42 34.5 29.8 29.8 29.8 30.3 29.8 31 36.4 40.6 40.7 43.4 47.5 53.6 64.1 67.9 68.3 64.7 61.3 64.8 65.7 66.7 63.2 62.9 69.1 75.7 85.4 101.6 112.3 126.4 130.7 134.4 137.3 138.2 136.9 129.3 133.6 131.5 143.5 147.4 148.2 149.9 146.3 141.3 143.1 137.3 126.1 125.9 112 102.2 92.1 90.5 90.5 90.5 92.2 94.8 93.2 92.3 88.4 91.5 85 95.5 99 92.3 89.8 70 18 11.5 22.7 20.4 19 11.9 8.3 3.4 3.5 10.2 14.9 20 44.6
61.7 65.4 65.6 64 62.3 59.7 51.6 41.6 33.5 29.8 29.8 29.8 35.2 37.4 38.5 42.4 48.5 48.9 49.7 51.2 57.8 61 63.5 63.2 62.6 62.4 66.4 64.5 64.5 64.7 64.6 71.8 77.7 97.6 120.8 130 136.3 136.1 139.5 138.4 138.2 131.9 133.9 141.5 142.2 147.6 149.6 151.1 150.3 151.4 145.7 144.5 138 129.7 120.3 103.9 90.5 90.5 90.5 90.5 90.5 96.7 92.3 90.3 90.4 90.5 98.3 95.3 98.2 91.3 90.3 80.2 67.8 26.6 10.1 20.4 26 18.3 12.4 10.2 8.2 5 12.6 19.7 31.6 53.2
62.6 67 69.2 66.7 64.9 60.9 53.7 42.4 35.3 31.7 31.3 33.4 39.8 48.2 49 50.6 52.8 56.4 55.5 57.7 62.6 65.8 67.3 64.6 64.8 69.8 68.1 66.9 65.3 64.8 67.4 77 84 119.3 131.6 136 138.6 139.9 140.6 138.4 136.6 136.2 146.4 146.6 146.5 149.5 149.9 147.8 150 151.5 150 147 139.2 119.9 107.6 98.3 90.8 90.5 90.5 90.5 95.5 93.8 89.5 89.3 92 103.4 98.6 90.9 93.7 87.8 89.5 81.9 64 27.6 10 16.9 22.2 15.6 14.8 12.9 6.3 10.4 15.1 24.4 49.4 65.7
