Assets/StreamingAssets/GeoData/Data/nb/NB11.asc
ncols 200
nrows 200
xllcorner 110000
yllcorner 910000
cellsize 50
[rows 72 to 107 of 200, columns 80 to 159 of 200]
183 181.9 182.6 181.9 179.5 184.1 195 214.3 228.7 237.2 246.9 253.5 250.1 241.3 213.7 176 150.7 142.8 135 129.3 124.1 116.1 109.7 106.8 95.3 81 70.6 64.1 54.8 48.9 42.6 40.6 36.5 27.8 27.8 27.8 27.8 27.8 27.8 27.8 27.8 27.8 27.8 38.7 40.9 43.1 38 27.8 27.8 27.8 27.8 41.3 50.8 66 78 84.5 83.4 72.4 63.2 57.4 58.2 55 52 48.8 51.6 53.6 57.1 62.6 65.7 72.2 76.3 89.3 101.3 117.1 128.9 144.9 158.8 171.9 187.5 199.5
183.2 184.8 187.4 188.5 189 192.7 204.3 221.1 233.6 245.9 256.6 260.7 256.3 244 219.5 182.9 145.5 132.4 118.3 114.8 115.9 106.5 98.6 95.2 86.3 74 63 55.6 49.1 44.6 41.6 38.4 27.8 27.8 27.8 27.8 27.8 27.8 27.8 27.8 27.8 27.8 27.8 39.8 46 49.6 43 38.1 34.8 37.4 37.9 43.2 55 73.5 84.9 84.6 82.4 78.6 73 67.4 68.6 68.4 57.2 51.9 57 59.6 62.3 69 72.4 77.7 77.3 89.9 105.5 118.6 134.3 148.4 156.4 173.2 184.8 202.4
187.3 188.9 191.6 197.7 199.5 205.8 216.3 230 239.6 250.7 260.3 263.9 257.8 244.2 222.1 192.1 148.2 122.4 109.6 109.5 99.1 93.1 87.1 81.7 75.8 66.6 60.4 53 44.8 42.3 40.7 27.8 27.8 27.8 27.8 27.8 27.8 27.8 27.8 27.8 27.8 27.8 27.8 39.7 45 47.1 49.8 47.8 40.2 43.5 42.8 48.6 60.7 75.5 93.5 89.7 88.1 83.6 78.3 68.9 68.1 66.1 61.8 58.8 62.9 62.6 66.1 74.8 79.1 87.9 91.6 89.5 108.5 120.1 139.4 152.5 160.9 173.1 189.2 206
193.8 196.9 201.1 205.5 207.1 212.6 225 234.3 246.2 256.6 267.6 269 260.1 244.3 216.4 189.8 147.5 116.2 103.8 99.6 90.4 84 76.4 71.8 70.3 62.4 53.3 45.8 42.1 40.7 34.5 27.8 27.8 27.8 27.8 27.8 27.8 27.8 27.8 27.8 27.8 27.8 27.8 33.2 43.3 49.1 52.2 47.5 47 47.6 48.4 53.9 65.2 82.4 94.7 97.7 90.7 86.9 86.9 77.5 70.5 63.9 62.9 61.9 65.8 68.3 74.3 79.9 85.9 93.1 98.5 88.9 111 123.1 137.7 147.9 160.1 176.4 192.2 206.7
195.9 200.4 205.8 209.2 210.5 213.7 227.6 238.1 249.5 265.4 271.5 272.9 263.5 241.6 214.2 185.7 150.2 117.5 105 92.7 81.3 74.8 72.9 70.2 64 51.5 45.1 42.6 39.6 36.5 27.8 27.8 27.8 27.8 27.8 27.8 27.8 27.8 27.8 27.8 27.8 27.8 27.8 37.3 43.2 51.4 54.8 50.3 51.2 50 53.8 62.4 70.8 80.1 94 108.4 100 96 97.5 85.2 72.8 68.6 67.3 68.2 68.8 71.3 80.9 87.7 90.6 97.7 103.2 102.1 111.3 126.8 137.7 148.2 164.7 179.3 194.8 211.7
203.2 207.8 213.2 216.3 219.7 225.4 232.6 249.3 261.2 274.4 278.4 277.4 264.8 236.9 211.5 184.1 145.9 118.8 96.4 84.3 73.6 68.4 65.5 57.7 49.7 44.3 43.1 39.5 34 27.8 27.8 27.8 27.8 27.8 27.8 27.8 27.8 27.8 27.8 27.8 27.8 27.8 27.8 40.5 42.5 48.9 53.7 54.5 53.6 55.5 57.6 69.2 76.9 81.3 93.8 104.6 109.1 102.5 104 94.2 79.5 76.5 71.8 71.4 74.7 79.2 84.9 91.7 92.9 100 108.2 109.7 112.6 129.3 139.5 149.3 166.1 182.8 197.5 214.1
215.7 220.8 224.7 224.8 229.8 232.1 241.5 262.8 273.6 283.3 286.2 280 264.2 234.9 204.7 184.9 149.9 121.5 97.4 83.6 73.7 65 57.4 49.2 43.5 42.2 40.8 39.2 36.4 27.8 27.8 27.8 27.8 27.8 27.8 27.8 27.8 27.8 27.8 27.8 27.8 27.8 27.8 33.3 41.6 45.8 50.4 53.1 58.5 58.9 65.2 74.3 78.5 86.7 94.6 104.5 109 107.5 111.6 107 90.8 87.5 80.1 74.3 75.1 84.9 86.5 90.7 99.1 102.8 109.1 116.8 113.8 130.1 140.4 152.1 167.2 186 200.1 216.3
233.8 236.4 242.2 245.5 247.4 247.7 251.6 270.1 281.3 287.8 287.5 279.6 260.2 225.8 202.9 178.9 150.4 116.2 97.9 82.7 73.8 60.8 54.3 46.9 41.7 39.7 39 34.6 27.8 27.8 27.8 27.8 27.8 27.8 27.8 27.8 27.8 27.8 27.8 27.8 27.8 27.8 27.8 27.8 39.6 44.2 50.2 54.6 68.3 64.5 72.5 82.2 88.6 97.4 100.6 111.6 111.5 111.1 118.3 111.2 101.6 96.1 90.1 80.6 82.2 84.8 87.7 94.9 106.4 106 114.5 125.1 125.3 133.3 148.1 157.4 171.6 188.3 203.1 216.7
255.5 259.8 263.8 270.9 269.4 270.3 270.2 276.9 284.2 288.6 289.9 282.4 264.3 225 199.8 174.9 151.8 117.6 99.4 81.6 69.3 59.6 51.8 45.9 41 39.8 38.7 36.4 27.8 27.8 27.8 27.8 27.8 27.8 27.8 27.8 27.8 27.8 27.8 27.8 27.8 27.8 27.8 27.8 34.7 43.2 47.6 53.9 60.2 62.3 70.7 85 95.1 106.7 109.5 113.6 117.6 114.4 118.3 115.8 111.1 104.2 99.8 87.7 83.5 87.7 95.1 101.1 104.4 106.1 114.9 126.1 133.2 137.1 152.4 160.6 174.5 192.4 207.7 221.3
268.5 285.5 296.1 295.2 295.3 289.4 287.5 287 289.1 291.7 290.5 283.6 268.6 229 202.7 178.1 148.9 120.7 101.6 80 65.9 53.5 46.4 43.2 40.8 40.6 39.8 36.3 27.8 27.8 27.8 27.8 27.8 27.8 27.8 27.8 27.8 27.8 27.8 27.8 27.8 27.8 27.8 27.8 35 42.7 45 51.5 56.7 66.4 70 80.6 97 114.1 118 116.8 119 116.8 118.8 118.6 123.7 112.2 108.7 95.8 87 93.9 97.8 101.9 105 110.3 119.4 127.3 137.4 142.1 155.1 167.5 182 194.1 208.7 220.1
288.2 308.4 314 310.3 309.5 305 300.8 297.4 297 296.8 295.3 290.4 277.8 235.1 212.6 180.5 155.2 125.5 99.5 79.1 64.3 52.4 47.9 41.9 39.8 39.2 37.3 27.8 27.8 27.8 27.8 27.8 27.8 27.8 27.8 27.8 27.8 27.8 27.8 27.8 27.8 27.8 27.8 27.8 37.3 40.7 43.9 51.9 56.9 73.6 87.5 109.4 106.7 116.1 119.3 118.2 117.7 120.5 122.1 120.5 127.8 120.4 104.3 101.3 91.2 92.9 96.6 100 104.3 113 118.2 126 138.4 143.6 157.3 171.1 184.1 196.2 210.6 222.5
307.9 319.8 330.8 332.2 323.6 319.3 315.2 309.7 306.1 304.3 307.2 303.8 288.3 250.6 223.5 194.4 167.1 131.9 103.9 78.5 61.4 51.6 45.3 41.7 39.2 38.9 29.8 27.8 27.8 27.8 27.8 27.8 27.8 27.8 27.8 27.8 27.8 27.8 27.8 27.8 27.8 27.8 27.8 27.8 27.8 39.5 46.8 55.1 61.7 80.4 100 113.7 116.6 114.5 115.9 115.6 114.5 114.6 120.7 127.5 123.5 114.1 109.4 100.7 93.6 96.7 96.7 98.9 105.9 111.9 118 125.7 134.6 144 156.6 171.4 183.7 196.8 209.6 222.4
316.4 333.6 345.5 346.1 343 337.1 328 322.7 319.3 319.2 318.5 313.9 298.4 265.9 231.8 203.2 172.2 140.3 112.6 82.1 59 49.8 41.4 38.1 38 37.2 32.3 27.8 27.8 27.8 27.8 27.8 27.8 27.8 27.8 27.8 27.8 27.8 27.8 27.8 27.8 27.8 27.8 27.8 37 38 43.7 52.8 64.9 84.6 102.6 113.4 121.9 127 123.3 121.5 120.4 118.7 129.7 139.6 130.1 120.6 116.4 105 96.5 94.2 96.1 99.7 106.1 115.5 124.8 131.3 136.4 145.6 157.1 171.8 185 200.7 211.5 225.3
327.7 354.4 368.8 368.1 361 355.5 346.8 336.3 334.3 333.9 330.8 324.9 311.5 273.2 242 212.4 182.3 150.7 118.9 90.1 66.2 54.6 42.1 38.6 36.3 38.6 27.8 27.8 27.8 27.8 27.8 27.8 27.8 27.8 27.8 27.8 27.8 27.8 27.8 27.8 27.8 27.8 27.8 27.8 35 40.6 46.2 63.6 82.4 100.8 105 112.8 119.4 126 129.9 129 122.6 125 134.3 137.4 135.9 129.1 122.6 107.8 99.9 99.1 95.5 108.3 110 117.1 125.1 130 137 150.1 157.8 169.3 185.3 199.2 212.1 225.3
333.4 363.5 381 381.9 378.2 367.4 359.7 352.8 347.1 347.2 345.4 335.6 313.9 281.4 248.6 217.1 186.9 156.4 125.8 98.5 71 57.5 45.1 39 27.8 27.8 27.8 27.8 27.8 27.8 27.8 27.8 27.8 27.8 27.8 27.8 27.8 27.8 27.8 27.8 27.8 27.8 27.8 27.8 36.6 40.9 55.1 78.1 117.9 114.1 111.5 111.2 118.3 123.4 126.9 124.8 121.5 123.2 128.9 134.5 131.1 121.3 117.3 111.1 101 96.7 95.4 104.2 107.5 114.3 123 129.6 137.5 153.2 162.2 170.2 186.4 199.3 213.5 225.6
337.6 366.4 384.4 389.4 389.4 380.6 371.4 364.9 356.7 355.7 353.8 342.1 310.3 282.3 250.8 221.8 193.9 163.8 127.3 100.5 74.2 58.6 46.6 40.2 35.7 27.8 27.8 27.8 27.8 27.8 27.8 27.8 27.8 27.8 27.8 27.8 27.8 27.8 27.8 27.8 27.8 27.8 27.8 27.8 36.6 48.9 67.5 115.2 124.4 123.4 120.6 117.8 120.1 122.7 123.1 123.1 121.9 123.8 126.9 134.7 133.9 123.1 114.8 108 102.4 100.4 100.2 100 107.5 119.8 125.1 130 140 156.7 168.7 176.9 186.8 199.8 211.9 224.4
343.1 364.8 383.5 392.4 391.1 385.7 379.2 371.4 365.5 364.7 361 347.7 309.9 280.1 253.4 225.2 197.2 177.3 128.1 99 73.5 60.6 48.7 42.3 36.2 27.8 27.8 27.8 27.8 27.8 27.8 27.8 27.8 27.8 27.8 27.8 27.8 27.8 27.8 27.8 27.8 27.8 27.8 37.7 43.4 58 92.3 122.9 127.2 127.6 122.6 117.7 119.9 118.8 122 124.8 126.1 126.1 125 129.3 132.2 124.7 110.9 105.1 101.8 103.5 97.2 98.9 107.8 114.7 121.8 133.9 142 155.5 168.4 179.4 185.9 199.3 211.2 223.7
339.4 362.2 377.1 387.4 389.8 386.7 382.6 375.6 370.8 370.9 371.1 346.7 313 281 257.7 233.3 202.5 172.9 134 102.9 74.8 60.6 49.1 39.7 37.3 27.8 27.8 27.8 27.8 27.8 27.8 27.8 27.8 27.8 27.8 27.8 27.8 27.8 27.8 27.8 27.8 27.8 27.8 39.6 49.9 72.7 113.7 127.7 129.4 131.9 122.7 118.8 118.8 118.8 118.8 121.1 126.2 126 125.8 126.5 125.4 123.2 115.3 107.7 103.5 100.1 98.8 98.6 105.3 112.7 120.7 131.1 141 155.5 166.6 176 186.2 196.9 209.1 223
341 359.9 372 382.3 387.2 386.1 382.7 375.8 370.5 371 373.6 349.5 313.3 282.8 259.9 235.5 209.9 171.8 135.5 102.8 82.1 67.5 52.4 43.6 37.7 27.8 27.8 27.8 27.8 27.8 27.8 27.8 27.8 27.8 27.8 27.8 27.8 27.8 27.8 27.8 27.8 27.8 27.8 35.9 52.6 76.4 114.5 130.7 136.1 133.9 123.6 126.6 122.1 118.8 121.3 123.1 124.1 127.8 130 125.5 121.5 122 119 109.4 105.6 102.2 100.8 104.1 108.5 112.9 121.6 131.4 142.5 151.3 162.9 174 183 193 207 220.2
337.4 354 367.5 374.5 379.7 381.2 380.2 377.1 370.9 368 370.9 361.6 322.4 279 260 234 211.1 182.5 137.6 107.4 84.7 71.4 55.1 44.4 37.4 27.8 27.8 27.8 27.8 27.8 27.8 27.8 27.8 27.8 27.8 27.8 27.8 27.8 27.8 27.8 27.8 27.8 27.8 40.9 63.4 97.3 123.9 133.5 140.9 137.5 128.7 127.9 121.9 118.8 118.8 122.5 126 132.7 135.9 129.4 131.4 127 125.7 112.4 110.7 107.4 110.4 105.6 110.9 116.3 124.4 133.5 144.7 156.1 168.9 177.2 186.1 195.9 208.3 220.1
331.4 347.8 360.1 367.6 373.1 376.3 376.9 375.6 371.8 366.1 368 364.3 326.7 281.9 254.2 231.7 207.4 177.9 131.1 104.8 86.4 74.4 60.6 47.3 38.8 27.8 27.8 27.8 27.8 27.8 27.8 27.8 27.8 27.8 27.8 27.8 27.8 27.8 27.8 27.8 27.8 27.8 27.8 44.1 69.3 101.1 120.9 135.5 139.5 136.1 129.2 127.7 127.1 127.9 124.1 124.6 131.5 133.4 136.5 135.9 143.7 140.7 126.6 122.2 114.3 114.1 109.1 110.6 109.4 116.3 126.9 136.1 145.3 157 167.7 177.1 187.5 195.9 209.7 221.2
325.4 338.7 351 359.5 366.1 370.9 371.8 375 373.3 365.6 363.3 358.5 337.5 286.9 257.4 222.1 199.7 178.5 157.8 103.7 88.1 72.7 60.9 51.2 40.7 27.8 27.8 27.8 27.8 27.8 27.8 27.8 27.8 27.8 27.8 27.8 27.8 27.8 27.8 27.8 27.8 27.8 27.8 51.9 80.2 100.6 122.4 133.9 133.9 132.6 128.4 125.4 127.3 127.6 123.5 123.3 129.8 134.7 136.7 141.7 139.5 130.5 121.3 120.1 118.6 115 111.4 110.9 113 120.7 127.8 139 147.5 157.2 166.6 176.7 188.8 197.7 209.9 220.3
316.7 331.7 342.7 352.2 359.4 366 367.1 372.2 370.5 364.6 364.6 359.1 342.8 282.9 250.8 218.3 195 172.9 149.3 105.9 89.1 74.1 58.9 49.6 38.6 27.8 27.8 27.8 27.8 27.8 27.8 27.8 27.8 27.8 27.8 27.8 27.8 27.8 27.8 27.8 27.8 27.8 35.2 58.3 83 100.8 117 129.6 133.9 138.2 136.3 128.7 131.9 131.5 126.8 123.3 128.6 132.3 135 135.3 132.5 125.7 121.5 119.1 116.8 113.8 114.7 116.2 116.3 123 129.9 138.7 147.2 157.5 167 174.9 188.1 197.5 207.8 218.4
309.8 323.1 335.4 343.9 352.3 358 363.8 366.8 366.2 361.6 359.1 356.7 339.6 286 251.1 225.5 201.9 168 143.7 114.5 96 77.9 63 51.7 39.3 27.8 27.8 27.8 27.8 27.8 27.8 27.8 27.8 27.8 27.8 27.8 27.8 27.8 27.8 27.8 27.8 27.8 41.1 59.2 77.8 97.7 114.7 126.1 133.5 138 140.8 135.6 138.1 144.6 134.1 128.7 132.7 135.4 133.9 132.5 129.4 124.6 119.2 118.9 123.9 118.8 115.7 116.6 119.6 124.3 132.1 142 149.1 155.9 165.8 176.5 188.3 196.8 204.2 214.7
305.2 315.7 325.4 333.9 345.2 354.2 359.2 363.7 362.3 357.8 353.4 352.9 338.1 291.9 255.8 227.1 204.6 172.1 139.7 121.6 103.9 86 67.4 56.2 43.8 34.4 27.8 27.8 27.8 27.8 27.8 27.8 27.8 27.8 27.8 27.8 27.8 27.8 27.8 27.8 27.8 27.8 46.2 59.6 79.4 94.8 110.6 121.3 127.8 137.1 134.7 134.4 137.6 136 133.8 129.4 131.5 135.4 138.3 137.8 132.4 130 126 122 120.7 116.5 116.9 118.5 121.4 125.6 133.9 143.9 148.5 155.6 166.4 175.7 186.5 196 203.4 212.2
297.2 308.3 317.8 328 338.1 346.9 354.3 355 356.2 356.1 349.1 345.4 333.2 307.9 264.3 234.4 210.3 184.7 151.9 129 105.5 89.8 74.3 65.1 47.4 44.8 36.4 27.8 27.8 27.8 27.8 27.8 27.8 27.8 27.8 27.8 27.8 27.8 27.8 27.8 27.8 27.8 44.6 57.6 77.1 92.1 107.7 119.4 127 130.1 131.8 132.1 135.4 135.6 133.4 130 133.4 134.6 138.4 137.7 136 135.7 124.7 124 124.6 119.1 121.6 121.9 124.5 130.6 134.4 145.8 150.5 156 164.7 174.9 185.7 194.8 202.7 209.1
292.4 303.2 310.5 321.7 331.7 339.4 345.1 355.1 359.2 356.5 346 340.5 327.1 309.1 268 238.7 213.6 190.4 167.6 138.2 112.8 90.7 76 60.8 50.2 45.7 38.7 27.8 27.8 27.8 27.8 27.8 27.8 27.8 27.8 27.8 27.8 27.8 27.8 27.8 27.8 27.8 45.2 57 73.9 94.2 107.6 114.8 121.1 130.3 129.2 136.2 135 134 130.8 129.6 129.6 129.6 134.4 132.5 129 128.1 131.1 128.9 126.2 124.5 124.4 126.6 125.6 131.3 138.3 143.6 149.8 157.5 164 172.5 181.3 192.6 201.1 206.9
291.6 299.4 307.5 316.9 327.2 333 343.7 357 359.3 355.5 345.2 333.9 320.9 302.5 267.4 243.1 214.5 198.6 168 145.6 122.1 93 71.4 61.2 51.8 44.9 40.3 35.5 27.8 27.8 27.8 27.8 27.8 27.8 27.8 27.8 27.8 27.8 27.8 27.8 27.8 27.8 48.7 58.4 70.2 89.8 102.2 111.6 122 124.2 127.1 130.9 132.2 132.5 130.8 135.4 135.1 129.6 131.7 129.1 128.1 131.2 131.1 133.2 128.4 128.8 127 126.8 128.5 133.3 139.3 141.2 151.2 156.9 163.7 173.1 182 192.7 199.4 204.6
293.1 300 306.4 315.7 324.5 334.6 342.8 355.3 357.9 353.7 343.3 326.8 314.4 294.4 266.1 245.1 225.8 196.2 168.9 148.1 127.4 97.2 78 66.1 56.7 48.9 39.9 36.4 27.8 27.8 27.8 27.8 27.8 27.8 27.8 27.8 27.8 27.8 27.8 27.8 27.8 27.8 48.1 57.2 71.7 83.9 99.3 110.1 115.7 123.7 128 128.9 128.8 128.7 132.8 136.5 141.9 138.3 130.4 129.7 128.6 129.3 132 135.8 133.1 133.5 130.9 133 133.2 137.7 141.1 143.7 149.6 155.2 161.3 168.6 179.5 189 196.4 204.8
292.1 298.8 309.7 318.1 331.4 337 349.6 352.1 353.5 349.4 339.6 319.6 304.8 286.2 258.8 241.9 224.7 197.7 169.8 150.5 128.3 105.7 85.2 77.1 62.7 52.6 46 37.9 31.4 27.8 27.8 27.8 27.8 27.8 27.8 27.8 27.8 27.8 27.8 27.8 27.8 27.8 42 54.8 71.2 80.5 94.7 106 115.8 118.9 123.2 127 127.2 125.4 128.9 137.4 140.6 135 125.2 124.2 125.5 125.6 126.8 130.8 132.5 136.1 131.5 133.3 139.4 141.1 144.9 145.7 148.7 152.5 159.1 165.9 177.9 186 194.9 201.3
298.1 305.2 312.7 323.6 334.7 341.2 352.1 355.6 350.4 341.9 331.8 310.6 294.4 276.7 256.7 237 224.1 200.1 168.3 148.1 128.1 110.9 94.6 82.7 66.3 55.8 47.3 39.6 27.8 27.8 27.8 27.8 27.8 27.8 27.8 27.8 27.8 27.8 27.8 27.8 27.8 29 44 53.6 68.6 82.7 92.6 103 114.6 119.6 120.3 122.9 125.5 122 126.4 137.1 139.5 132.2 124.2 124.2 123.7 125.3 126.5 129.7 132.2 130.7 134.9 135 139.9 141.6 144.5 146.6 149.9 152.5 157.8 162.9 172.9 182.2 192.2 200.8
298.6 311.4 323.8 330.9 343.1 346.7 355.8 353.4 347.1 333.4 322.6 303.9 285.2 265.2 249 235.3 221.3 204.4 179.2 144.5 127.3 109.1 92.4 83 69.4 58.2 48.2 39.3 27.8 27.8 27.8 27.8 27.8 27.8 27.8 27.8 27.8 27.8 27.8 27.8 27.8 27.8 45.9 54.6 62.1 76.9 86.7 98.6 109.4 118.6 119.8 120.1 120.5 123 123.8 130.2 131.6 125 125.4 122.7 124.4 125.8 128.5 126.2 128.8 131.4 134.9 135.3 138 140.9 144.9 146.3 149.7 152.2 157.1 163 171 180.3 190.4 200.5
300.4 314.4 333.2 341.9 347.7 354.6 358.3 357.6 350.4 327.4 312.5 294.7 276.5 256.6 242.7 232 219.4 205 190.2 146.4 130 108.9 92.3 81.7 68.3 59.8 50.5 40.3 37.1 27.8 27.8 27.8 27.8 27.8 27.8 27.8 27.8 27.8 27.8 27.8 27.8 33.6 45.3 52.5 61.8 71.2 87 97.3 104.4 110.7 115.4 116.9 116.6 123.8 124.5 122.5 124 121.2 121.2 121.2 126.9 133.2 130.4 132.3 131.6 130.8 132.2 133.6 135.7 139.9 142.7 144.2 146.8 149.7 154.4 162.1 169.6 177.7 187 197.7
302.3 318.9 339.5 349.1 355.9 361.4 368.1 358.8 351.6 327.2 304.2 286.3 268 250.9 233.4 223.9 206 199.7 179.9 155.3 132.7 108 92.3 81.5 71.2 57 47.5 41.8 27.8 27.8 27.8 27.8 27.8 27.8 27.8 27.8 27.8 27.8 27.8 27.8 27.8 27.8 40.7 56.2 63.3 76.3 84.8 91.3 98.1 103.3 109.6 106.3 110.1 119.7 119.6 124.5 121.2 121.2 128.1 137.1 143 145.1 139 137.9 131.4 131 133 133.5 135.4 138.3 140.9 143.6 148.1 151.9 156.2 160.7 166.9 174.2 186.2 194.2
308.9 322.2 345.2 355.8 362.4 367.2 376.3 366 352.1 322.5 298.5 279.3 261.4 243.8 227.7 216.6 208 192 171.9 152 128.6 109 98.8 81.2 69.9 59.5 46.3 39 27.8 27.8 27.8 27.8 27.8 27.8 27.8 27.8 27.8 27.8 27.8 27.8 27.8 33.3 48.5 57.9 66.8 73 81.7 85.2 89.9 94.8 98.3 96.1 102.3 104.9 120.8 126.4 132.7 143.1 151.7 165.2 174.8 162.8 153.9 149 142.1 135.9 134.4 134.3 135.7 138.5 140.3 143.6 145.6 149.6 157 162.6 166.8 174.2 182.6 191
315.7 327.3 349.5 359.3 370.8 369.7 372.5 366.1 347.5 315.5 292 272 254.1 236.8 224 209.5 199.1 191.2 172.1 149.2 123.3 105.9 94.6 78.1 69.7 57.4 47.6 37.6 27.8 27.8 27.8 27.8 27.8 27.8 27.8 27.8 27.8 27.8 27.8 27.8 27.8 27.8 43.8 58.7 64.7 71.1 75.2 83.1 87.5 92.7 86.6 85.9 95.9 111.7 127.4 138.5 162.5 187.7 195.5 220.7 218.8 192.3 176.6 165.8 153.4 150.2 142.1 139.5 138.7 140.8 141.7 145.2 146.4 150.8 157.2 162.7 163.7 174.2 179.8 189.6
