Assets/StreamingAssets/GeoData/Data/nb/NB91.asc
ncols 200
nrows 200
xllcorner 190000
yllcorner 910000
cellsize 50
[rows 90 to 134 of 200, columns 96 to 191 of 200]
-2 -2 -2 -2 -2 -2 -2 -2 -2 -2 -2 -2 -2 -2 -2 -2 -2 -2 -2 -2 -2 -2 -2 -2 -2 -2 -2 -2 -2 -2 -2 -2 -2 -2 -2 -2 -2 -2 -2 -2 8.7 13.8 15.3 15.8 24.5 33.5 41.8 48.9 51.3 54.1 56.3 56.3 55.7 54.6 52.5 49.8 47.3 43.7 40.6 37.4 34.1 32.1 29.3 28 27 26.2 25.9 26.2 25.8 25.6 26.6 27.5 28.4 29.2 29.8 32.2 33.4 34.5 36 37.4 38.3 39.7 40.4 37.7 37.7 37.7 37.7 39.6 41.6 43.7 45.4 47 50.3 54.6 64.4 70.5
-2 -2 -2 -2 -2 -2 -2 -2 -2 -2 -2 -2 -2 -2 -2 -2 -2 -2 -2 -2 -2 -2 -2 -2 -2 -2 -2 -2 -2 -2 -2 -2 -2 -2 -2 10.6 15.1 -2 -2 -2 1.6 11.7 11.1 13.1 25.7 32.1 41.7 47.1 50 52.8 54 54 53.9 52.5 51.2 49.1 47.2 44.1 42.2 39.7 37.2 34 31.6 29.3 28.2 27.3 27.1 27.4 27.8 27.9 27.9 28.5 29.1 29.7 30.5 31.5 33.5 34.7 36 37.2 38.5 39.7 39.1 37.7 37.7 37.7 37.7 37.7 37.7 41.1 43.1 44.8 47.2 49.8 54 63
-2 -2 -2 -2 -2 -2 -2 -2 -2 -2 -2 -2 -2 -2 -2 -2 -2 -2 -2 -2 -2 -2 -2 -2 -2 -2 -2 -2 -2 -2 -2 -2 -2 -2 -2 1.4 -2 -2 -2 -2 -2 1.7 11 18.9 30.5 37.3 44 48.9 50.9 53.1 52.8 53.1 52.7 51 49.6 48.1 46.5 45.2 43.5 41 38.5 36.1 33.5 31.3 29.8 28.5 28.3 28.6 29 29.2 29.5 30.3 30.9 31.6 32.4 33 33.6 34.4 35.2 37.3 38.5 39.7 40.1 40.4 37.7 37.7 37.7 37.7 37.7 39.3 41 44.2 45.6 47.3 50.2 54.9
-2 -2 -2 -2 -2 -2 -2 -2 -2 -2 -2 -2 -2 -2 -2 -2 -2 -2 -2 -2 -2 -2 -2 -2 -2 -2 -2 -2 -2 -2 -2 -2 -2 -2 -2 -2 -2 -2 -2 -2 -2 1.4 20 33 38 44.9 51.9 52.3 53.3 53.8 53.8 53.1 52.4 51.3 49.9 48.5 47.1 46.4 45 42.4 39.7 37.4 35.2 33.5 32.1 30.9 29.9 29.8 30.5 30.4 31.5 32.2 32.4 32.7 33.1 33.7 34.4 35.2 36.2 37.3 38.5 39.7 40 40.3 40.6 37.7 37.7 37.7 37.7 38.6 40.7 42.7 43.9 45.6 47.4 49.9
-2 -2 -2 -2 -2 -2 -2 -2 -2 -2 -2 -2 -2 -2 -2 -2 -2 -2 -2 -2 -2 -2 -2 -2 -2 -2 -2 -2 -2 -2 -2 -2 -2 -2 -2 -2 -2 -2 -2 -2 -2 9.9 24.2 35.4 40.8 48.5 52.1 51.6 53.4 55.1 55.3 54.7 54 52.2 50.7 49.5 48.3 47 45.6 44.1 42.7 39.9 38.4 36.7 35.4 33.9 33 31.9 31.8 32.4 33.5 33 33.1 33.4 33.9 34.4 35.1 35.9 36.6 37.4 38.5 39.6 39.9 40.4 40.7 40.3 40.1 39.7 39.3 39.7 41.5 42 42.5 43.8 45.3 47.1
-2 -2 -2 -2 -2 -2 -2 -2 -2 -2 -2 -2 -2 -2 -2 -2 -2 -2 -2 -2 -2 -2 -2 -2 -2 -2 -2 -2 -2 -2 -2 -2 -2 -2 -2 -2 -2 -2 -2 -2 1.9 15.9 26.2 33.6 37.8 40.8 44 48.7 52.2 54.7 56.4 56.5 55.7 54.3 53.1 52.1 50.9 50.1 48.8 48.1 45.9 44.4 42.3 40.2 38.3 36.6 35.9 35.8 34.6 34.2 33.7 33.8 34.1 34.6 35 35.3 35.8 36.6 37.4 38 38.5 39.5 40.1 40.7 40.4 41 41.2 41.5 41.7 41.2 40.7 41.1 41.7 42.3 43.5 45
-2 -2 -2 -2 -2 -2 -2 -2 -2 -2 -2 -2 -2 -2 -2 -2 -2 -2 -2 -2 -2 -2 -2 -2 -2 -2 -2 -2 -2 -2 -2 -2 -2 -2 -2 -2 -2 -2 -2 13.9 15.5 20.4 23.1 27.1 30.8 35.7 44.2 52.6 51.9 55 56.5 57.1 57.2 56.7 55.6 54.5 53.6 52.5 52.9 52.3 51.5 49.3 47.7 45.8 43.4 41.1 39 37.8 37.7 36 35.3 35.5 35.3 35.7 36.1 36.5 36.6 37.2 38 38.6 39.1 39.8 40.7 40.9 41.1 41.3 41.5 41.8 42.1 40.4 40.4 41.2 42.2 42.4 42.9 43.6
-2 -2 -2 -2 -2 -2 -2 -2 -2 -2 -2 -2 -2 -2 -2 -2 -2 -2 -2 -2 -2 -2 -2 -2 -2 -2 -2 -2 -2 -2 -2 -2 -2 -2 -2 1.2 0.3 0.5 5.2 9.2 13.8 24.2 28.3 29 35.6 50.2 57.7 61.7 56.4 54.8 55.4 57.2 57.2 56.9 56 54.9 54.4 54 54.3 54.7 55.6 54.8 53.4 51.1 48.8 46.6 43.7 41.9 39.1 38.1 37.4 36.7 36.7 36.9 37.2 37.4 36.7 37.1 38.2 38.8 39.3 40.3 40.9 41.2 41.3 41.5 41.8 42.1 42.3 40.4 40.4 40.4 41.6 42 41.9 42.8
-2 -2 -2 -2 -2 -2 -2 -2 -2 -2 -2 -2 -2 -2 -2 -2 -2 -2 -2 -2 -2 -2 -2 -2 -2 -2 -2 -2 -2 -2 -2 -2 19.1 23.5 17.1 11.4 5.9 6.6 8.5 11.6 21 29.3 35.3 50 56.3 59.5 64 68.2 62.5 55.6 55.9 57.8 61.2 58 55.3 55 54.5 54.8 56 56.9 57.9 58 57.5 56.1 54.1 51.5 48.1 46 42.9 41.4 39.9 39 38 37.7 37.9 38.1 38 37 37.8 39 39.7 40.4 41 41.3 41.6 41.8 42.1 42.4 40.9 40.4 40.4 40.4 40.4 40.9 41.3 42.1
-2 -2 -2 -2 -2 -2 -2 -2 -2 -2 -2 -2 -2 -2 -2 -2 -2 -2 -2 -2 -2 -2 -2 -2 -2 -2 -2 -2 -2 16.1 19.3 20.3 20.8 27.2 16.7 -2 -2 -2 14.8 19.2 27.3 28.8 43.6 56.8 60.7 59.8 65 66.5 68 63.4 58 56 57.3 57.6 55 54.7 55.4 57.2 57.8 58.7 60.3 60.7 60.3 59.3 57.9 55.7 53 50.2 47.4 43.9 42 40.4 39.4 38.5 38.7 38.7 38.6 38.2 38 39.2 39.9 40.6 41.1 41.4 41.8 42 42.1 42.3 40.9 40.4 40.4 40.4 40.4 40.4 40.4 41.3
-2 -2 -2 -2 -2 -2 -2 -2 -2 -2 -2 -2 -2 -2 -2 -2 -2 -2 -2 -2 -2 -2 -2 -2 -2 -2 -2 -2 2.4 16.5 17 19.5 21.8 13.6 -2 -2 -2 7.5 21.1 26.9 27.4 32.3 39.4 52.5 55.9 59.3 63.7 59.5 57.1 55.2 57.8 60.7 59.2 60.7 56.8 57.6 62.1 62.1 60.9 60.2 61.8 62.3 62.4 61.9 60.6 58.7 56.3 53.9 50.4 46.7 45 42.7 40.9 39.9 39.5 39.4 39.5 39.3 38.3 40 40.1 40.8 41.2 41.6 42.1 41.7 41.6 41.7 40.9 40.4 40.4 40.4 40.4 40.4 40.4 40.5
-2 -2 -2 -2 -2 -2 -2 -2 -2 -2 -2 -2 -2 -2 -2 -2 -2 -2 -2 -2 -2 -2 -2 -2 -2 -2 -2 -2 -2 8.9 14.2 14.5 18.2 11.9 -2 -2 -2 11.3 31 34.4 37.8 42.9 46.9 53.2 57.7 63.4 59.7 60.4 55.5 57.5 65.7 64.2 63.1 64.3 64.7 63.5 67.8 70.5 73.7 71.2 69.5 65.9 62.9 62.2 61.2 60.4 59 56.3 52.9 49.7 47.4 44.7 42.7 41.5 40.5 40.5 40.4 40 40.1 40.6 40.8 41 41.5 42.1 42.6 42.6 42.4 42.4 41.6 41.1 40.5 40.4 40.4 40.4 40.4 40.4
-2 -2 -2 -2 -2 -2 -2 -2 -2 -2 -2 -2 -2 -2 -2 -2 -2 -2 -2 -2 -2 -2 -2 -2 -2 -2 -2 -2 -2 4.2 10.7 10.1 11.3 13.1 -2 -2 -2 13.2 27.7 32.1 38.7 45.3 46.1 54.2 52.5 54.7 55.8 57.6 51.9 55.6 62.3 64 69.9 71.4 70.3 75.7 76.6 79.8 81.5 80.3 78 73.3 67.9 62.5 61.6 61 60.5 58.2 56.2 53.3 50 47.3 44.8 43.3 42.4 41.6 41.1 40.7 40.9 41 41.2 41.7 42.3 43.1 43.2 43 43.2 43 43 43.3 42.9 42.6 40.4 40.4 40.4 40.4
-2 -2 -2 -2 -2 -2 -2 -2 -2 -2 -2 -2 -2 -2 -2 -2 -2 -2 -2 -2 -2 -2 -2 -2 -2 -2 -2 -2 -2 2.6 5.5 7.3 -2 -2 -2 -2 -2 23.1 36.5 35.7 36.4 37.8 44.7 55.5 55.6 52.6 51.8 49.9 47.8 57.8 69 72.7 74.7 73.1 75.7 81 86.4 87.6 87.8 86.6 85.3 79.4 72.9 65.2 61.8 61.4 61.1 60.3 58.6 56.9 53.4 50.7 47 45.7 45 43.6 42.5 42.1 41.9 41.8 41.8 42.4 43.5 43.8 43.8 43.4 43.7 43.9 44 44.3 44.6 44.7 42.1 41 40.4 40.4
-2 -2 -2 -2 -2 -2 -2 -2 -2 -2 -2 -2 -2 -2 -2 -2 -2 -2 -2 -2 -2 -2 -2 -2 -2 -2 -2 -2 -2 1.4 3.6 -2 -2 -2 -2 -2 13.7 34.6 37.4 37.6 38 39.3 44.6 47.9 46.6 48.9 48.1 47.8 47.8 60.5 68.2 69.9 73.4 75.1 80.8 88.1 91.3 91.7 89.5 89.1 87.9 83.1 72.8 66.7 62 61.2 60.5 59.8 58.9 58 55.9 53.6 49.6 47.6 46.7 45.4 43.8 43.6 43.5 43.2 44 44.2 44.3 44.4 44.4 43.9 43.5 44.4 45.2 45.6 45.6 45.1 44 43.3 43 41
-2 -2 -2 -2 -2 -2 -2 -2 -2 -2 -2 -2 -2 -2 -2 -2 -2 -2 -2 -2 -2 -2 -2 -2 -2 -2 -2 1.7 6.4 7.1 6.7 -2 -2 -2 -2 -2 21.1 34.1 37.2 36.2 35.1 35.8 37.8 41 45.8 46.7 48.5 47.8 47.8 58.1 64.2 67.6 70.9 75.1 82.8 88.6 91.2 88.7 87.8 90.6 84.5 78.2 71.1 66 63.4 61.8 61.2 59.9 58.7 57.9 56.1 54.1 52 50 48.3 46.9 45.6 45.1 45 44.8 44.6 45.7 46 45.3 44.9 44.6 44.3 44.6 45.9 46.4 45.8 45 44.7 44.7 44.7 43.3
-2 -2 -2 -2 -2 -2 -2 -2 -2 -2 -2 -2 -2 -2 -2 -2 -2 -2 -2 -2 -2 -2 -2 -2 -2 -2 -2 0.8 6.5 9.4 4.8 3.7 1.7 -2 -2 -2 16.5 26.1 34.7 34 35.1 35.4 37.7 38.7 46.6 51.9 47.8 47.8 48.7 58.3 66.2 66.7 66.6 69.7 80.8 85.3 84.7 85.9 90 89.9 85.3 80.2 73.3 65 64 68.1 66.1 61.9 60.9 59.7 58 56 54.1 52.5 51 49.7 47.9 47 47.2 46.5 46.7 47.1 47.4 47.3 46.1 45.4 45.3 45.7 46.4 46.7 45.8 44.9 44.7 44.9 44.3 44
-2 -2 -2 -2 -2 -2 -2 -2 -2 -2 -2 -2 -2 -2 -2 -2 -2 -2 -2 -2 -2 -2 -2 -2 -2 -2 -2 -2 2.4 6.6 5 4.6 0.9 -2 -2 -2 18.4 28 33.9 34.2 36.5 35.9 36.5 38.5 49.8 52.9 47.8 47.8 48.6 58.9 65.7 67.2 67 69.3 76.8 78.3 82.1 85.9 83.9 82.8 79.2 76.3 68.3 66.3 66.1 70 66.9 64.4 63.5 62.6 60.9 58.7 56.4 55.5 53.7 51.9 50.2 49.3 48.9 48.4 48.3 48.5 48.9 49 48.2 46.6 46.2 46.5 46.8 47 46.1 45.4 45 44.8 43.9 43.2
-2 -2 -2 -2 -2 -2 -2 -2 -2 -2 -2 -2 -2 -2 -2 -2 -2 -2 -2 -2 -2 -2 -2 -2 -2 -2 -2 -2 1.2 4.5 7.7 7.9 -2 -2 -2 9.3 18.1 25.2 32.2 31.7 35.1 36 35.6 40.4 48.9 50.2 47.8 47.8 52.7 64.6 65.5 70.8 72.4 67.5 76.2 76.5 75.8 77.3 72.4 73 73.2 73.4 67.8 72.8 73.4 73 67.8 66.1 64.3 63.3 62.3 60.9 59 58.1 57.1 54.8 53 51.3 50.9 49.8 49.9 50.2 50.4 50.7 49.8 48.5 47.6 47.1 47.3 47.3 46.5 45.9 45.5 44.9 43.9 42.9
-2 -2 -2 -2 -2 -2 -2 -2 -2 -2 -2 -2 -2 -2 -2 -2 -2 -2 -2 -2 -2 -2 -2 -2 -2 -2 -2 -2 1.3 5.4 8.5 -2 -2 -2 -2 9.9 17.2 25.4 29.2 27.9 33.2 40.8 47.7 50.1 51.6 51.2 51.5 51.5 59.4 61.6 65.1 66.4 64.3 61.9 57.6 57.6 59 59 63.6 75.8 80.3 70.2 67.4 75.4 75.1 76.2 73.6 65.5 62.9 62.2 61.6 60.9 60.2 59.4 58.6 57.3 55.1 53.3 52.3 51.3 51.6 51.8 51.9 52 52.1 51.6 49.6 48.8 47.9 47.6 47.1 46.5 45.9 45 43.9 43.1
-2 -2 -2 -2 -2 -2 -2 -2 -2 -2 -2 -2 -2 -2 -2 -2 -2 -2 -2 -2 -2 -2 -2 -2 -2 -2 -2 -2 -2 5 7.7 6.4 -2 5.5 6.9 12.7 17 15.1 18.8 25.5 34.1 40.2 45.3 50.9 50.5 52.5 54.2 55 54.2 60 61.4 56.4 54.3 56.1 56.8 60.5 60.8 64.2 71.3 74.5 79.2 76.9 76.6 70 72.6 71.1 65.8 63.8 63.4 62.8 61.9 61.3 60.9 60.2 58.8 56.9 55.7 54.3 53.1 53 53 53.1 53.2 53.3 53.4 53.4 52.6 51.6 49.8 49.1 48.4 47.9 47.5 44.9 44.2 43.5
-2 -2 -2 -2 -2 -2 -2 -2 -2 -2 -2 -2 -2 -2 -2 -2 -2 -2 -2 -2 -2 -2 -2 -2 -2 -2 -2 -2 -0.5 2.1 6.6 6 -2 -2 6.7 12 13.4 14.6 19.3 25.7 36 41.3 47.3 47.9 54.2 55.8 51.9 52.2 51.6 51.6 51.6 56 62.2 68.5 71.9 68.5 71.5 80.4 81.5 77.3 84.5 82.5 75.1 68.8 71.7 68.7 64.8 64.4 64.4 64.4 64.3 63.5 62.4 61 59.5 58.6 57.6 55.6 54.6 54.8 54.6 54.4 54.5 54.4 54.3 54.1 53.3 52.8 51 50.6 50.6 49.8 48.5 45.3 45.4 43.6
-2 -2 -2 -2 -2 -2 -2 -2 -2 -2 -2 -2 -2 -2 -2 -2 -2 -2 -2 -2 -2 -2 -2 -2 -2 -2 -2 -2 -2 2.4 5.5 6.9 -2 -2 2.7 5.4 10.4 17.1 19.8 22.4 25.9 36.8 42.2 44.3 48.7 54.4 51.9 51.6 51.6 52.5 55.9 58.8 63.7 66.8 64.2 63.7 74.7 75.9 73.3 75.1 78.6 76.5 72.3 66.7 66.8 65.5 64.9 64.6 66 66 64.4 64.5 63.3 61.9 60.8 60.6 59.4 57.7 56.8 56.5 56.2 55.7 55.2 55.1 55 54.8 54.4 53.7 52.2 52.1 52.1 51.9 51 49.5 46.8 44.3
-2 -2 -2 -2 -2 -2 -2 -2 -2 -2 -2 -2 -2 -2 -2 -2 -2 -2 -2 -2 -2 -2 -2 -2 -2 -2 -2 -2 -2 1.6 4.5 3.7 -2 -2 -2 2 5.5 12.5 14.7 18.1 26.1 33.9 40.5 46 51.6 58 62.8 59.1 57.4 60.4 60.5 55.3 55.5 59.6 55.9 61.5 72.3 72.3 71.5 76.4 73.7 77.5 70.3 63.4 64.9 68.6 71.6 70.2 66.9 64.5 63.7 64.3 64.4 62.8 61.7 61.1 60.7 59.2 58.3 57.8 57.2 56.6 56.1 55.8 55.6 55.4 55.2 54.5 53.7 53.4 53.1 52.9 52.8 52 51 47.7
-2 -2 -2 -2 -2 -2 -2 -2 -2 -2 -2 -2 -2 -2 -2 -2 -2 -2 -2 -2 -2 -2 -2 -2 -2 -2 -2 -2 -2 1.7 2.7 1.8 -2 -2 -2 -2 3.8 10.2 17.6 27.1 29.4 37.1 45.7 52.1 55.8 58.6 58.1 59.6 57.4 56.9 52.3 54.6 56 52.1 52.3 60.3 60.8 61.1 62.5 67.5 64.6 63.5 63.4 63.4 74.7 81.5 80.7 74.3 70.4 64.6 64.1 64.2 65.3 63.7 62.5 61.6 61.1 60 59.3 58.8 58.2 57.6 57.1 56.5 56.3 56.1 55.9 56.1 55.7 54.3 54 53.8 53.4 52.6 51.5 50.5
-2 -2 -2 -2 -2 -2 -2 -2 -2 -2 -2 -2 -2 -2 -2 -2 -2 -2 -2 -2 -2 -2 -2 -2 -2 -2 -2 -2 -2 -2 1.8 -2 -2 -2 -2 -2 4.4 11.1 20 27.7 30.3 37.9 43.7 46.5 50.4 55.1 57.1 56.9 54.1 50.5 54 52.8 53.3 51.9 54.7 57.2 62 69.9 70.4 74.9 73.7 68.2 63.4 68 79.3 85.6 84.1 81.2 73.8 66.3 66.5 67.7 65.9 67.9 66.8 62.5 61.7 61.3 61.1 60 59.2 58.6 58 57.5 57 57.1 57.5 57.9 57.6 56.7 56.2 54.5 53.6 52.9 52.1 51.5
-2 -2 -2 -2 -2 -2 -2 -2 -2 -2 -2 -2 -2 -2 -2 -2 -2 -2 -2 -2 -2 -2 -2 -2 -2 -2 -2 -2 -2 -2 -2 -2 -2 -2 -2 -2 3.1 13.8 19.1 26.6 29.2 33.9 41 45.7 46.1 47 48.1 47.7 47.8 46.8 48.2 48.6 48.9 52.1 53.4 56.9 65.8 75 77.4 78 76.2 71.7 66.7 73.6 81.9 82.7 83.3 82 80.9 84.4 87.5 77.9 74 75.9 74.4 66.2 63.5 62.6 62.5 61.8 60.8 59.7 59.1 58.9 59.3 58.8 59.3 59.6 59.6 59 58.2 57.6 55.4 53.9 53.4 52.4
-2 -2 -2 -2 -2 -2 -2 -2 -2 -2 -2 -2 -2 -2 -2 -2 -2 -2 -2 -2 -2 -2 -2 -2 -2 -2 -2 -2 -2 -2 -2 -2 -2 -2 -2 -2 -2 11.6 18.2 24.4 26.4 29 36.2 39.2 38.7 39.1 39.2 39.6 40 40.5 42.5 45.7 52.7 62.6 65.6 65 72.7 73.8 74.8 75.8 74.8 72.5 68.1 71.3 77.3 76.1 74.5 75.9 80.7 86.9 89.4 82.7 84.4 86.1 81.3 70.5 64.9 63.9 63.8 63.7 62.6 62.7 62.9 62 61.9 61.6 61.7 62.2 61.5 61.1 60.1 59.5 58.5 55.9 54.6 53.3
-2 -2 -2 -2 -2 -2 -2 -2 -2 -2 -2 -2 -2 -2 -2 -2 -2 -2 -2 -2 -2 -2 -2 -2 -2 -2 -2 -2 -2 -2 -2 -2 -2 -2 -2 -2 -2 2.4 5.9 18.8 22.2 26.7 31.3 35 37.4 43 39.1 39.7 39.6 41 44.6 50.5 53.1 61.4 63.1 64.6 69.1 70.1 72.7 76.4 76.3 69.4 68.1 71 70.5 71.3 74.7 75.8 76.9 81.6 85.4 86.8 89 87.5 88.8 83.8 72.3 65.2 64.9 64.8 65 65.4 65.3 65.3 65 64.5 65.1 65 66.4 64.3 61.8 60.9 59.6 57.2 55.6 54.3
-2 -2 -2 -2 -2 -2 -2 -2 -2 -2 -2 -2 -2 -2 -2 -2 -2 -2 -2 -2 -2 -2 -2 -2 -2 -2 -2 -2 -2 -2 -2 -2 -2 -2 -2 -2 -2 2.5 18.9 23.1 30.2 33.7 37 39.3 40.7 39 37.5 39 41.7 41.4 42.8 49.3 53.4 56.1 58.7 63.1 67.3 69.8 76.6 75.4 69.3 68.1 68.1 68.1 68.4 69.5 73.1 74.4 76.4 79 83.4 89.1 97 96.5 93.3 84.3 76 68.1 65.8 65.5 65.5 66.2 66.1 66.1 66.3 66.3 67.1 67.5 66.7 66.3 64.5 62.2 60.5 58.8 57 55
-2 -2 -2 -2 -2 -2 -2 -2 -2 -2 -2 -2 -2 -2 -2 -2 -2 -2 -2 -2 -2 -2 -2 -2 -2 -2 -2 -2 -2 -2 -2 -2 -2 -2 -2 -2 -2 -2 18.2 24.9 30.4 33.7 36.5 38.1 39.4 37.2 37.7 37.9 39.1 40.7 41.6 44.2 47.9 51.5 56.2 60.3 67.5 75 75.6 72.2 69.4 68.1 71.7 72.8 70.6 71.1 73 73.3 75.1 84.5 92.9 98.4 102.5 100.9 94.2 87 72.4 68.9 67.7 66.7 66.7 66.8 66.8 66.9 67.4 67.7 68.5 69.1 68.7 67.5 66.7 64.6 62.8 61.1 59.4 57.4
-2 -2 -2 -2 -2 -2 -2 -2 -2 -2 -2 -2 -2 -2 -2 -2 -2 -2 -2 -2 -2 -2 -2 -2 -2 -2 -2 -2 -2 -2 -2 -2 -2 -2 -2 -2 -2 -2 13.4 23.1 26.3 28.7 31.4 34.2 35.7 36 37.4 39.3 39.1 40.1 40.7 43.4 47.4 54.1 63.6 67.7 77.4 83.9 84.7 81.9 74.9 70.5 75.6 78.6 73.4 72.5 72.5 68.1 70.1 83.6 97.1 98.7 102 96.3 90.4 86.3 72.3 69.6 67.6 69.3 69.6 70.8 71.7 68 68.4 69 69.1 69.7 68.5 68.1 67.3 66.6 65.1 63.5 61.8 59.3
-2 -2 -2 -2 -2 -2 -2 -2 -2 -2 -2 -2 -2 -2 -2 -2 -2 -2 -2 -2 -2 -2 -2 -2 -2 -2 -2 -2 -2 -2 -2 -2 -2 -2 -2 -2 -2 -2 -2 22.5 26.2 28 27.1 31.1 32.2 33.4 37.5 40.2 40.7 40.6 46.7 51.4 55 58.4 66.8 72.9 77.9 85 88.6 85.7 76.1 73.2 76.4 79.1 76.3 75 65.9 65.3 67.5 77.8 88.2 93.3 93 88.8 88.2 77.1 72.1 67.9 68.6 70.1 70.9 74.1 76.7 73.5 69.6 68.8 69.2 69.3 68.7 68.9 67.9 66.7 66.3 65.3 63.3 60.6
-2 -2 -2 -2 -2 -2 -2 -2 -2 -2 -2 -2 -2 -2 -2 -2 -2 -2 -2 -2 -2 -2 -2 -2 -2 -2 -2 -2 -2 -2 -2 -2 -2 -2 -2 -2 -2 -2 -2 -2 2.8 5.8 19.2 26.1 33.3 37.8 39.1 41.7 45.8 45.1 49.1 51.1 54.4 62 70.1 74.5 79.4 80.4 82.9 81.1 78.4 74.4 74.8 73.5 74.7 70.6 66.5 62.9 70.8 80 84.9 82.9 80.9 80.1 79.1 82.5 85.4 71.7 67.9 67.9 67.9 68.9 75.4 73 70.4 68.3 69 70.2 70.5 69.9 69.6 67.7 67.2 64.8 64.1 62
-2 -2 -2 -2 -2 -2 -2 -2 -2 -2 -2 -2 -2 -2 -2 -2 -2 -2 -2 -2 -2 -2 -2 -2 -2 -2 -2 -2 -2 -2 -2 -2 -2 -2 -2 -2 -2 -2 -2 -2 2.1 11.6 21.1 29.8 37.9 47.7 50.4 49.9 50 50.2 51.4 54.9 61.2 68.6 74 77.5 82.1 83.1 80.9 79.2 77.1 74.2 71.8 69.2 67.1 64.6 61.1 59.6 65 75.4 75 77.6 82 90.5 88.8 87.9 83.6 71.5 70.4 68.7 67.9 67.9 67.9 67.9 67.9 67.9 71.1 73.6 72.7 70.8 70.1 70.8 66.8 64.8 64.1 63.1
-2 -2 -2 -2 -2 -2 -2 -2 -2 -2 -2 -2 -2 -2 -2 -2 -2 -2 -2 -2 -2 -2 -2 -2 -2 -2 -2 -2 -2 -2 -2 -2 -2 -2 -2 -2 -2 -2 -2 -2 3.7 17.8 21.6 33 42.3 48.3 49.2 54.5 53.2 53.7 58.8 60.5 64.9 73.9 78.4 82.9 83.8 85.8 80.5 78.1 76 73.5 70.5 67.5 64.8 62.3 59 57.7 59.5 66 73.8 79.3 86.8 90.9 91 87.4 76.4 72.3 71.2 73.9 78.6 74 67.9 67.9 67.9 67.9 72 73.6 72.4 71.2 70 68.6 66.6 64.8 63.7 62.6
-2 -2 -2 -2 -2 -2 -2 -2 -2 -2 -2 -2 -2 -2 -2 -2 -2 -2 -2 -2 -2 -2 -2 -2 -2 -2 -2 -2 -2 -2 -2 -2 -2 -2 -2 -2 -2 -2 -2 -2 20.3 7.8 25.1 34.3 45.3 50.1 56.8 59.7 59.4 59.3 63.2 65 73.8 78.4 81 85.9 83.8 81.1 77.7 75.5 73.7 69.8 66 63.6 61.9 59.5 57 56.8 63.9 73.9 82.1 85 85.9 89.5 86.2 81.9 78 76.8 76.9 82.2 82.1 75.3 71.7 73.5 67.9 67.9 72.8 73.8 73 72.2 71 69.1 67.3 65.2 64 62.9
-2 -2 -2 -2 -2 -2 -2 -2 -2 -2 -2 -2 -2 -2 -2 -2 -2 -2 -2 -2 -2 -2 -2 -2 -2 -2 -2 -2 -2 -2 -2 -2 -2 -2 -2 -2 -2 -2 -2 -2 15.6 14.7 24.7 34.9 47.7 51.6 57.3 62.4 63.9 73 73.9 77.9 79.2 80.4 84.3 86.6 83.3 80.8 77 72 67.4 63.6 60.5 58.6 56.9 56.6 56.6 57.4 67.9 77.4 84 85.3 86.6 88 83.3 80.8 80.3 85.3 90.2 88.7 81.8 77.9 81.3 76.5 73.7 71.2 72.1 73.8 73.5 73.9 72.9 70 68.1 65.6 64.2 63.1
-2 -2 -2 -2 -2 -2 -2 -2 -2 -2 -2 -2 -2 -2 -2 -2 -2 -2 -2 -2 -2 -2 -2 -2 -2 -2 -2 -2 -2 -2 -2 -2 -2 -2 -2 -2 -2 -2 -2 -2 -2 21.5 29.4 34.4 45.2 52 59.8 64.5 72.9 79.4 82 80 81.5 83.6 88 88.5 83.8 82.6 74.8 66.7 62.7 59.6 58.4 57.6 56.6 56.6 58 68.9 80.6 88.9 85.6 85.9 86.5 86.3 84.2 82.6 85.2 93.5 95.7 91.6 90.5 93.2 87.1 80.9 75.9 75.2 73.2 74.5 73.1 72.7 72 70.1 67.4 65.4 64.3 63.2
-2 -2 -2 -2 -2 -2 -2 -2 -2 -2 -2 -2 -2 -2 -2 -2 -2 -2 -2 -2 -2 -2 -2 -2 -2 -2 -2 -2 -2 -2 -2 -2 -2 -2 -2 -2 -2 -2 -2 -2 -2 6.3 29 32.4 43.7 51.4 59.9 66.8 73.8 79.7 82.3 83.4 82.8 84.7 89.6 85.7 85 80.3 72.2 67.2 63.3 61.2 59.5 57.7 56.7 57.4 65.8 77.3 87.9 93.9 92.9 88.9 86 86.5 84.7 82.9 83.5 88.5 89.1 94.2 104.5 102.7 96.8 86.7 81.7 82 82.2 75 72.8 72.5 70.1 69 67.2 65.4 64.3 63.8
-2 -2 -2 -2 -2 -2 -2 -2 -2 -2 -2 -2 -2 -2 -2 -2 -2 -2 -2 -2 -2 -2 -2 -2 -2 -2 -2 -2 -2 -2 -2 -2 -2 -2 -2 -2 -2 -2 -2 -2 -2 -2 29.5 33.1 32.4 38.2 54.2 64.1 69.9 76.1 78.5 79.6 82 84.3 84.2 82.5 82.5 81.3 76.5 73 69.8 66.5 63.2 61.1 58.5 56.6 64.3 74.1 85.6 91.8 98.8 90.3 84.3 83.8 83.1 81.8 83.2 85.4 89.3 98.2 102.6 103.8 101.5 95 90.2 85.9 82.2 78.2 73.9 73.3 71.8 68.6 67 65.4 65.3 64.3
-2 -2 -2 -2 -2 -2 -2 -2 -2 -2 -2 -2 -2 -2 -2 -2 -2 -2 -2 -2 -2 -2 -2 -2 -2 -2 -2 -2 -2 -2 -2 -2 -2 -2 -2 -2 -2 -2 -2 -2 -2 -2 21.4 28.5 29.7 33.9 43.6 57.1 65.2 69.2 69 73.4 79.6 78.8 80 81.3 82.6 83.6 77.5 72.3 68.3 64.8 62.5 60.6 58.1 56.8 61.2 70.3 80.2 89.2 95.7 85.1 80.8 80.7 81.7 83 89.2 88.3 95.4 101.6 102.9 105.4 104.6 98 93 85.1 81.2 76.8 74.6 74.5 73 67.1 66.5 66.2 65.9 64.9
-2 -2 -2 -2 -2 -2 -2 -2 -2 -2 -2 -2 -2 -2 -2 -2 -2 -2 -2 -2 -2 -2 -2 -2 -2 -2 -2 -2 -2 -2 -2 -2 -2 -2 -2 -2 -2 -2 -2 -2 -2 -2 6.7 20.6 25.3 31.1 39.2 45.8 55.1 59.1 62.6 66.8 74.8 80.7 78 77.7 77.7 74.4 70.8 67.1 64.1 61.3 59.3 57.9 57.3 57.9 62.5 72.1 80.4 88.2 84.4 78.7 78.5 80.4 80.9 83.5 91.8 95.7 101.3 104 105.5 107.1 106 101.4 99 95.3 83.7 78.6 76.4 74.4 69.6 67.3 66.9 66.9 66.8 66.4
-2 -2 -2 -2 -2 -2 -2 -2 -2 -2 -2 -2 -2 -2 -2 -2 -2 -2 -2 -2 -2 -2 -2 -2 -2 -2 -2 -2 -2 -2 -2 -2 -2 -2 -2 -2 -2 -2 -2 -2 -2 -2 -2 5.2 16.3 23.3 32 37.1 44.1 46.1 55.1 63.1 72.4 76.2 73.2 73 72.4 70.1 67.6 64.2 61.3 59.5 58.2 56.9 55.5 57.4 63.3 70.1 76.8 87 78 75.1 78.2 88.3 82.3 82.7 94.4 95.8 100.4 103.5 106.2 106 104.7 102.5 99.1 92.6 83 77.5 76.9 77.4 71.7 68.4 67.8 68 69.3 70
-2 -2 -2 -2 -2 -2 -2 -2 -2 -2 -2 -2 -2 -2 -2 -2 -2 -2 -2 -2 -2 -2 -2 -2 -2 -2 -2 -2 -2 -2 -2 -2 -2 -2 -2 -2 -2 -2 -2 -2 -2 -2 -2 -2 2.4 10.1 10.8 29.1 32.9 38.8 49 57.6 65.2 68.6 67 66.4 66.3 64.6 63.6 59.2 58.7 57.9 57.7 56.3 54 56.7 60.4 62.9 67 71.5 71.2 72.3 78 83.4 79.4 82.4 92.9 97.6 101.2 105.6 106.4 104.9 103.6 100.4 94.3 87.1 81.2 76.2 74.6 73 71 68.7 68.2 68.2 70.5 74.1
