Game/Highland_Data/StreamingAssets/GeoData/Data/sk/SK01.asc
ncols 200
nrows 200
xllcorner 400000
yllcorner 310000
cellsize 50
[rows 35 to 69 of 200, columns 80 to 159 of 200]
80 79.2 78.6 78 77.4 76.8 76 75.2 74.4 73.6 72.8 72.4 71.9 71.4 70.9 70.1 69.9 69.6 69.4 69.2 69.3 69.9 66.7 68.6 66.5 65.8 66 65.7 65.7 65.7 64.8 68 72.8 70.9 70.7 70.2 69.8 69.4 71.5 73.6 77.9 80.9 82.9 82.9 88.2 90.1 90.2 89 87.8 85.7 83.6 81.8 80.2 78.6 76.9 75.8 74.6 73.5 72.6 72.1 71.3 71.2 71.4 71.6 72 72.1 72.1 72.1 72 71.8 71.4 71.4 71.5 71 70.5 70.1 69.8 69.7 69.4 68.9
80.2 80 79.4 78.8 77.6 76.8 76 75.2 74.4 73.6 73 72.5 72 71.6 71.2 70.1 69.9 69.7 69.4 69.2 69.3 73 67 67.1 66.4 66.5 66.5 66.1 66.1 66 65.3 65.2 67.3 69.3 72.6 70.5 69.9 69.3 70 72 73.9 76.5 78.7 80.8 85.5 89 90.2 89.4 88.2 86.5 84.4 82.8 81.1 79.2 77.7 76.9 76 74.8 73.6 73.1 72.3 70.8 70.5 71 71.4 71.7 71.6 71.5 71.3 71.2 70.8 70.9 71.2 70.7 70.1 69.6 69.2 69.1 69 68.6
82.2 80.1 80.2 78.8 77.7 77 76.1 75.3 74.5 73.7 73.1 72.6 72.2 72 71.2 70.2 70 69.7 69.5 69.3 69.1 73.2 67.4 67.7 67.5 68 67 66.5 66.3 66.3 66 65.9 65.4 65.4 64.8 68.6 70.5 72.3 69.8 70.5 72.2 73.5 75.2 80.5 85.2 85.5 89.6 89.5 87.9 87 85.2 83.2 81.4 79.5 78.4 77.6 76.8 75.9 75 74.1 73.2 71.8 70.3 69.6 70.1 70.9 70.6 70.2 69.7 69.2 68.3 70.2 70.9 70.3 69.8 69.2 68.6 68.5 68.4 68.4
85.9 83.5 80.7 78.6 77.8 77.1 76.2 75.3 74.5 73.7 73.3 72.9 72.7 72.5 71.5 70.4 70 69.8 69.6 69.4 69.2 69.9 75.1 72.9 69.3 69.2 68.7 68.8 68.7 71.3 67.4 65.8 65.8 65.1 65.7 65.5 64.9 65.2 68.2 71.9 71.4 71.4 73.1 78.5 82.1 83.8 85.4 85.5 87.2 87.3 85.7 83.5 81.7 79.8 79 78.4 77.5 76.6 75.8 75 74 72.9 71.3 69.8 69.4 70.1 69.4 69.4 68.5 67.5 67.3 69.5 70.1 70.3 69.7 69.1 68.6 68 68 68.2
83.8 78 77.9 78.3 77.6 77.4 76.4 75.5 74.6 73.9 73.6 73.4 73.2 73 72.2 71.1 70 69.9 69.7 69.5 76.3 69.4 68.4 69.8 69.5 69.2 68.8 68.3 68.1 68.2 68.5 70.5 66.1 66.2 66 65.9 65.7 65.6 65.6 64.2 67.5 68 71.7 75.5 78.1 81.1 82.1 84 85.8 86.5 86.1 84.1 81.9 80.3 79.7 79 78.2 77.6 76.9 75.8 74.8 73.7 72.2 70.7 69.5 69.1 68.6 68.7 67.6 66.6 68 68.7 69.3 70 69.6 69 68.5 68.2 67.9 67.9
80 79.1 79.6 78.6 78.3 77.8 76.7 75.8 75 74.3 74.1 73.9 73.7 72.9 72.1 71.4 70.6 70.1 69.5 69 69.2 69 68.7 69.9 69.5 69.1 68.7 68.3 68.1 68.2 68.4 68.1 70.6 66.1 66.4 66.3 65.9 65.7 65.7 65.4 65.7 65.8 67.1 71.4 71.5 77.3 79.9 81.7 83.5 84.6 84.7 84 82.2 80.9 80.2 79.4 78.8 78.2 77.4 76.4 75.3 74.3 72.9 71.5 70.2 69.3 68.7 68.3 67.4 67 69 69.1 69.1 69.2 69.5 69.1 68.8 68.5 68.2 68.1
80.4 79.5 78.5 77.9 78.4 77.8 77 76.4 75.6 74.9 74.5 74.3 73.8 72.9 72 71.3 71.1 70.2 70.5 69.4 68.9 69.3 69.1 69.8 69.4 69 68.6 68.2 68.4 68.6 68.7 68.5 68.2 69 68.2 66.4 66 65.8 65.6 65.8 65.7 65.2 64.4 65.1 73.1 74.2 71.5 76.8 81.3 82.9 83.1 82.4 81.2 80.7 80.4 79.6 79.1 78.6 77.7 76.8 75.8 74.9 73.6 72.2 70.9 69.9 69.2 67.8 66.9 68.2 68.1 69.3 69.5 69.5 69.6 69.4 69.1 68.8 68.5 68.3
80.5 79.8 79.2 81.7 78.1 77.8 77.7 77 76.3 75.6 75 74.6 73.7 72.8 71.9 71.3 71.2 70.8 73.2 70.9 69.6 69.5 69.8 69.4 69.3 68.8 68.3 68.3 68.7 68.9 69.1 69.1 69.1 67.4 68.8 70.1 66.1 65.9 66.2 65.9 65.8 65.6 65 64.5 67.4 71 73.6 76.1 71.3 79.4 80.9 80.3 79.8 80.1 80.3 79.8 79.3 79.1 78 77 76 75.1 73.9 71.7 71.6 70.4 69.1 67.1 65.6 65.5 66.7 68.3 69.1 69.5 69.7 69.5 69.3 69 68.8 68.5
80.8 80.6 80.2 79.3 78.7 78.7 78.6 77.7 76.8 76.1 75.5 74.5 73.6 72.7 71.8 71.4 71.3 74.4 79.5 74.3 71.3 70.1 70 70.4 69 68.5 68.4 68.6 69 68.3 68.4 68 66.2 66 64.6 69 69.8 66.5 66.5 66.1 65.9 65.7 65.7 65.6 64.4 63.9 70.6 72.8 76.2 75.8 71.2 78.3 77.9 78.3 79 79.8 80.5 79.5 78.2 77.1 76.1 75 73.9 72.7 71.2 69.9 68.7 66.3 64.8 64.5 65.4 67.7 69 69.7 69.9 69.8 69.6 69.4 69 68.6
81.9 81.5 81.1 81.9 80 79.7 79.7 79 77.7 77 76.3 75 73.7 72.7 71.8 75.2 77.4 70.5 73.5 72.7 72.3 71 70 70.4 72.1 68.6 72 68.6 68.3 68.2 68.7 67.1 66 65.2 64.2 68.3 68.8 69 69.4 66.3 66.1 65.9 65.9 65.8 65.7 65.7 68.7 73.3 75.8 76.1 76.3 70.9 75.3 76.5 78.8 80.6 80.3 79.5 78.3 76.5 75.6 74.5 73.5 72.6 71.5 70.2 68.5 66.3 64.9 64.8 65.9 67.7 68.7 69.6 70.4 70.2 69.9 69.5 69.1 68.7
82.9 82.3 83 83.3 82.3 81.3 81.1 80 79 78 77.2 76.1 74.6 73.1 81.4 71.4 70.9 70.4 73.8 72.1 72.1 71.3 70.6 70.4 73 69 68.5 68.6 68.4 68.3 68.2 68.1 68 64.2 68 68.2 68.6 68.9 69.2 69.4 66.2 66 65.9 65.8 65.7 65.7 64.7 69.9 72.3 73.3 73.7 73.5 72.9 70.8 77.8 79.8 80.1 79.4 76.8 75.5 74.6 73.8 72.8 72.4 71.6 70.3 68.4 66.5 65.1 65.4 65.9 66.5 67.3 67.7 69.2 70 70 69.6 69.1 68.8
84.3 84.9 85.8 85.2 83.8 82.8 81.9 81 80 79 77.5 76.2 75.7 80.1 72.5 71.9 71.1 70.9 73.7 72.6 72 71.8 72.1 72.6 71.4 74.5 68.6 68.5 68.5 68.4 68.3 68.1 68.1 68 68.1 68.4 68.6 68.9 69.1 69.2 69.3 67.6 65.8 65.8 65.7 65.6 65.6 64.1 66.3 68.8 69.5 69.6 69.7 72.2 70.7 77.2 78.2 74.1 74.7 74.5 73.7 73 72.7 72.5 71.7 70.4 68.6 66.8 64.6 64.4 64.8 65.2 65.2 65.1 66.5 68 69 69 68.5 68.1
85.7 88.7 88.7 86.5 84.6 83.4 82.6 81.7 80.7 79.3 77.5 76.1 75.5 74.3 73.1 72.3 70.9 70.4 74.8 73.9 73 72.8 72.9 72.8 72.9 72 68.9 68.5 68.5 68.4 68.3 68.3 68.3 68.3 68.3 68.6 68.8 68.6 68.4 69 69 69.1 68.7 65.9 65.6 65.4 64.5 65.4 64.1 64.5 65.7 66.6 67.4 68.9 71.3 72.9 75.1 74.9 74.3 73.6 73.2 72.8 72.6 72.5 71.8 70.4 68.1 65.1 63.9 63.5 64.1 64.2 64.2 64.1 64.8 65.7 67.5 66.5 66.3 65.8
87.7 89.5 89.7 87.4 85.4 84.2 83.3 82.3 80.9 79.5 84.3 76.1 76.3 75.4 73.8 72.5 71.1 70.5 72 75.9 74.5 73.4 73.2 73 73 70.7 74.6 68.5 68.5 68.5 68.5 68.5 68.5 68.5 68.5 68.7 68.8 68.5 67.6 67.5 68.9 68.7 68.5 68.6 65.6 65 65.8 65.5 65.4 65.4 64.2 64.4 65.2 66 67.7 69 72.6 72.7 73.4 73.4 73 72.7 72.5 72.4 71.6 70.4 65.7 63.2 63.2 63.2 63.2 63.2 63.2 63.2 63.6 63.7 64.6 63.9 63.9 64.1
88.9 89.7 89.6 88.3 86.5 85.5 84.5 83.3 81.9 85.2 78.7 76.9 77.1 76.5 75.4 73.5 73.2 71 70.9 69.7 70.3 77 74.2 73.6 73.3 73.1 70.8 69.6 68.7 68.7 68.7 68.8 68.8 68.8 68.8 68.9 68.6 67.3 67.4 67.3 68.1 67.9 67.8 64.2 68.4 68.1 66 65.7 65.5 65.5 65.6 65.5 64.4 64.2 66 64.9 67.6 70.3 72 73.1 72.8 72.6 72.4 71.8 70.8 68.7 64.9 63.2 63.2 63.2 63.2 63.2 63.2 63.2 63.2 63.2 63.2 63.2 63.6 63.4
90.5 91.4 91.7 90.1 88.3 87 85.9 84.5 83.2 82.6 82.2 78.8 78.1 77.3 76.8 76.2 74.2 72.7 70.3 69.4 68.8 68.5 77.9 73.2 73.2 73.1 73 70.7 74 69.1 69 69 69 69 69 68.9 68.4 68.1 67.6 67.5 67.5 67.8 67.6 67.2 65.3 67.4 69 68 65.5 65.6 65.6 65.4 65.1 65 63.9 64.1 64.4 64.4 66.1 68.7 70 70.6 70.4 69.5 68.8 66.9 64.4 63.5 63.2 63.2 63.2 63.2 63.2 63.2 63.2 63.2 63.2 63.2 63.2 63.2
92.6 93.4 93.8 92.1 90.2 89 88.9 86.5 84.1 84.3 83.8 83.2 80.4 78.8 78 77.5 76.2 76.3 72.3 70.8 69.2 68.6 80 73.2 73.1 72.9 73 72.3 69.5 74 69.2 69 69.2 69.3 69.4 69 68.9 68.9 68 68 67.7 67.8 67.5 67 65.3 67.1 67.2 68 67.6 66.2 65.5 65.3 65.1 65 64.8 64.3 64.4 64.8 64.5 65.5 65.4 66 66.2 66.2 65.5 65.1 64.8 63.9 63.7 63.6 63.5 63.5 63.5 63.5 63.5 63.2 63.2 63.2 63.2 63.2
95.2 96 96 94.3 89.1 90.5 89.1 87.7 87.8 86.9 86.1 84.7 82.4 79.7 78.9 79.3 78.5 76.7 74.1 72.3 69.3 69.2 76.2 73.3 73.6 73.7 72.5 72.2 72.3 71.6 71.4 70.7 69.6 69.7 69.5 69 69 68.9 68.8 68.4 68.2 67.9 67.5 67.1 66.8 67.1 67.1 67.2 66.7 68.5 66.8 65.5 65.1 64.8 64.7 65.1 65 63.9 64.5 64.8 69.2 64.9 65.3 65.2 64.8 64.5 64.3 64.1 64 63.9 63.7 63.7 63.7 63.6 63.6 63.6 63.5 63.3 63.5 63.6
97.4 98.4 90.5 96.6 93.7 91.6 90.7 90.2 90.1 89.4 87.6 86.1 84.1 81.9 80.5 80.9 80.3 76.4 75 73.1 70.1 69.6 69.5 75.3 74.3 72.8 72.4 72.2 72.3 72.3 72 70.9 74.9 70 69.6 69.1 69 68.9 68.8 68.7 68.8 68.5 67.7 67.4 67 66.9 66.8 67.2 66.8 67.3 68.4 68.6 65 64.4 64.6 64.6 64.6 64.6 64.4 64.7 64.1 69.4 64.8 64.6 64.5 64.5 64.4 64.2 64.1 64 63.9 63.9 63.9 63.8 63.8 63.8 63.8 63.6 63.8 63.9
94.1 100.5 98.2 98.6 96.9 96 94.8 94.2 92.9 90.7 88.7 87.2 86 84.2 82.5 81.9 79.5 76.4 74.7 73.4 71.7 70 69.4 70.2 77.4 72.6 72.2 72.2 72.2 72.3 72.4 72.2 70.5 73.9 69.8 69.1 69.1 69 68.9 68.8 69 69.3 68 67.5 67.1 66.9 66.7 67.2 69.6 69.3 69.7 69.4 69.1 64.8 64.6 64.2 64.4 64.7 63.8 64.7 64.4 64.1 68.2 64.4 64.5 64.5 64.4 64.3 64.2 64 63.9 63.8 64 64.1 64.1 64.1 64 64 64.1 64.2
101.2 101.6 100.7 100 98.7 103.1 102.6 97.9 95.5 93.3 90.7 88.2 87.4 87.2 85.2 82 79.4 78.3 77.4 75.4 73.8 72 70.8 70 70.3 78.8 74.5 72 72 72.2 72.5 72.9 73.1 68.8 71.6 69.3 69.1 68.9 68.9 68.9 78.2 80 68.4 67.5 67 67 67 72.8 72.7 71.9 69.8 70.7 69.1 68.7 68.9 64.5 64.7 65 64 64.5 63.9 64 66.9 64.4 64.4 64.5 64.5 64.3 64.1 64 63.9 63.8 63.9 64.1 64.3 64.3 64.3 64.3 64.4 64.4
103.5 103.7 103.8 102.9 102.7 107.1 106.4 100.8 98.1 96.3 93.6 91.5 90.4 88 85.6 83.4 82.2 80.6 79.5 78 76 74.2 72.2 71.3 70.6 70 77.1 73.1 72 72.4 72.8 73.1 71.7 70.7 68.8 69.6 69.4 69.1 68.8 73.8 79.6 69.7 68.3 67.1 67 67 71.5 73.1 74.7 72.3 71.2 69.6 69 69.4 68.5 70 65.6 65.1 63.7 63.6 63.4 64.6 64.5 69.4 64.4 64.5 64.6 64.4 64.2 64 63.9 63.7 63.8 64 64.2 64.4 64.5 64.6 64.7 64.7
105.9 106.3 106.3 107 107.5 109.8 108.9 104.1 101.1 98.7 96.5 95.1 92.9 90.4 88.4 86.4 85.1 82.8 81 79.6 77.3 75.1 73.7 73.7 72 70.5 70.7 72 76.1 73.3 72.9 73 72.9 71 70.8 70.7 69.5 68.8 68.7 70.4 75.9 69 68.5 67.1 67 70.6 71.3 72.1 73.3 68.9 69.3 69.1 68.9 69.5 69.4 69.2 68.4 66.5 65.5 65.3 64.5 63.9 63.3 64 69.4 64.5 64.7 64.5 64.3 64.1 64 63.7 63.5 63.7 63.8 64 64.4 64.6 64.9 65
108.3 112.4 112.4 113.8 116.8 117.9 113.5 107.5 104.4 101 98 98.4 95.5 93.1 91.3 89.5 89.2 84.1 82.2 80.4 77.6 76 76.6 79.2 77.8 73.4 71.9 71.3 70.5 73 71.8 73 73 71.3 71.1 71 70.5 69.9 68.8 68 69.6 70.3 69.1 67.9 69.3 70.5 71.1 72 69.4 69 69 68.8 68.5 68.3 68.2 68.6 68.4 68.4 66.5 65.6 64.9 65.2 65.2 64.6 65.6 64.7 64.8 64.6 64.4 64.1 63.8 63.6 63.4 63.3 63.4 63.9 64.1 64.3 64.6 64.8
112.5 115 116 117.9 120.4 120.7 115.6 112.3 107.7 105.8 103.2 100.6 98.1 95.8 93.3 92.3 90.9 87.1 81.8 80.5 78 78.5 82.7 80.6 79.3 74.3 72.5 72.5 72.9 70.5 70.9 71 71.2 71.1 71 71.3 71 70.8 70.3 70.7 67.7 68.8 69.5 69.2 68.9 70.2 70.6 71.6 69.8 69.1 68.8 68.6 68.4 68.3 68.1 66.3 68.1 68.3 68.4 68.6 66.2 66 65.6 64.8 64.4 63.7 64.5 64.4 64.1 63.9 63.7 63.5 63.3 63.4 63.4 63.9 63.9 64 64.2 64.5
115.2 119 120 121.9 124.2 123.3 120.4 118 112.8 109.6 105.8 102.7 100.2 98.4 96.7 93.6 89.9 86.8 82.9 81.4 81.2 84 84.6 83.2 82.3 76 73.6 72.8 72 70 70.3 70.3 70.3 70.6 71.7 71.4 71.1 70.9 70.7 70.5 67.8 67 68.8 69.4 69.8 69.3 70.5 72.9 71.1 68.9 68.8 68.6 68.4 68.3 68.1 67.9 68 68.6 67.7 67.4 66.2 66.1 65.4 65 64.8 64.6 69.3 63.1 64 63.8 63.6 63.4 63.5 63.6 63.4 63.6 63.6 63.7 63.9 64.2
117.9 121.9 124.1 125.9 127.1 127.3 126 123.3 117.8 111.3 108.7 104.5 101.8 100.3 97.6 93.3 89.9 86.4 84.7 85.5 85.5 83.4 84.3 82.5 77.8 75.4 74.5 73.8 74 70.3 69.6 69.9 69.9 70.2 71.1 71 70.7 70.5 70.6 70.5 69.9 67.1 68 69 69.4 68.1 69.3 70.6 72.1 71.1 68.8 68.5 68.5 68.3 66.9 68 68 68.5 68.2 67.9 66.2 65.9 65.6 65.2 65 64.7 64.8 69.4 63.4 62.9 63.4 63.6 63.7 63.7 63.5 63.3 63.4 63.5 63.7 63.9
121.3 124.8 127.8 130 131 130.9 130.5 128.3 120.1 112.2 110 105.4 101 98 94.9 91.3 87.7 88.5 88.4 89.6 87.5 84 81.5 78.9 77.3 76.6 76.4 77.3 75.6 72 69.8 69.9 69.7 69.9 70.2 70.3 70 70.2 70.6 70.7 69.6 67.7 67.2 68.5 67.1 68.3 68.4 69.3 70 71.8 69.6 68.3 68.6 68.2 66 67.8 67.8 68.1 68.8 66.2 67 66.2 65.8 65.3 65.1 64.9 64.7 64.4 69.4 63.8 63.2 62.6 63.2 62.9 63 63.5 63.3 63.2 63.4 63.6
125.6 128.5 131.6 134 135.3 135.6 134.1 127 120 117 111.3 107.3 103.4 99.2 94.7 92.6 90.6 90.9 90.9 88.4 85.7 83 81.1 79.4 78.4 78.3 80.2 83.7 79.8 73.9 71.5 69.7 69.6 69.7 69.6 69.5 69.8 70.2 70.6 70.6 70.4 71.4 68.6 68.8 68.8 68.6 68.7 68.9 68.7 70.6 72.8 70.1 68.5 68.3 68 68.3 67.8 70.2 65.4 65.4 67.9 66.3 65.9 65.5 65.3 65.1 64.8 64.6 64.4 69.8 64.2 63.4 63.6 62.2 62.8 63.4 63.5 63.4 63.3 63.3
129.5 132.5 135.1 137.3 139 140.2 137.7 127.9 127.8 122.8 113.9 109.5 106.1 102.9 99.6 95.2 93.4 92.7 90.5 87.6 84.5 82 81.3 81.3 80 82 85.4 82.4 79.6 78.7 78 71.9 69.5 69.9 69.8 69.5 69.5 69.5 69.6 69.5 70.8 72 69.1 68.8 69 68.9 68.8 68.7 68.6 68.6 69.8 72.7 71.5 68.7 67.9 68.3 68.7 66.1 65.4 65.4 65.4 73 65.9 65.6 65.4 65.2 65 64.8 64.6 64.5 69.9 64.6 64.2 63.5 62.9 63.5 63.6 63.5 63.4 63.3
133.5 136 138.4 140.6 142.5 143.1 138.5 131.7 135.7 128.2 116.8 112.6 108.6 105.1 101.5 97.5 95.3 92.5 89.8 87.3 85.2 83.3 82.2 82 83.8 85.7 84.6 81.7 81.5 82.4 82.2 79.2 71.2 70.5 69.8 69.5 69.5 69.9 69.5 69.5 69.6 73.4 69.8 69 68.3 68.8 68.6 68.5 68.7 68.5 68.6 69.7 75.2 68.8 67.9 68.5 66.7 65.4 65.4 65.4 65.4 72.9 65.4 65.3 65.3 65.1 65 64.9 64.6 64.7 64.8 70.2 64.7 64 62.4 62.6 63.7 63.6 63.6 63.5
136.8 139.3 141.8 144 145.8 146.8 141.7 139.3 141.6 130.4 121.5 115.3 110.8 106.3 101.8 98 95.6 93.1 90.3 88.3 86.2 83.8 83.5 84.9 85.1 86.4 84.6 83.6 83.9 83.7 83.8 81.8 78 73.3 70.2 70.7 70.6 70.1 69.4 69.7 70.3 73.7 69.9 69.3 69 67.2 68.1 68.9 68.6 68.4 68.5 68.6 69 71.9 68.5 67.4 65.4 65.4 65.4 65.4 65.4 70.9 65.1 65.1 65.1 65 64.8 64.7 64.6 64.3 64.4 64.8 70.6 64.6 63.2 61.8 63.1 63.7 63.6 63.5
140.2 142.6 145.1 147.4 148.9 149.3 148.7 146.6 141.9 133.2 123.8 117 112.1 107 102.6 98.7 95.3 93.1 90.6 88.1 86 84.8 85.1 86.9 87.6 86.3 85.9 85.7 86 85.9 83.9 81.8 77.5 76.3 71.5 71.6 71.5 71.4 71.1 70.8 70.7 69.2 69.4 69.1 68.7 67.4 67.1 68.3 68.2 68.4 68.5 68.6 68.7 70.8 69.3 65.4 65.4 65.4 65.4 65.4 65.4 69.7 64.9 64.9 64.9 64.8 64.7 64.6 64.4 64.1 63.8 63.9 64.4 66.4 71.2 62.8 62.2 62.9 63.4 63.4
142.5 144.9 146.4 148.9 149.6 148.3 140.4 139.5 138.1 136.1 127.7 116.6 111.7 107 102 98.2 95.3 93.1 90.5 89 87.3 85.5 85.9 87.8 89.6 88.4 87.5 87.4 86.9 85.6 83 80.3 79.6 80.7 76.4 72.5 72.4 72.3 72.2 71.6 72.6 70.5 69.5 68.9 68.3 68.8 68.8 67.4 67.5 68.4 68.5 68.6 66.6 69.1 66.3 65.4 65.4 65.4 65.4 65.4 65.4 67.8 65.7 64.8 64.7 64.6 64.6 64.5 64.3 64.1 63.6 63.5 63.9 63.9 63.6 71.4 64 61.8 63 63.1
142.7 143.3 143.5 142.5 141.1 135.4 130.3 131.2 129.3 127.6 128.8 116.3 111.7 106.2 98 97 95 92.9 91.9 90.8 89.2 86.7 86.5 89.3 90.3 90.2 89 87.9 87.1 84.5 84.1 83.1 83.7 83.4 81.9 75.9 73.1 73.3 72.9 71.4 72.3 72.1 71.4 70.3 69.6 69.6 69.1 68.5 66.8 68.4 68.5 68.5 66 66.7 66 65.8 66.3 67.4 66 65.4 65.3 67.4 69.4 69.1 68.3 66 64.6 64.4 64.1 64 64.8 68 68.3 69.1 69.8 70.1 68.2 71.7 63 62.1
