Game/Highland_Data/StreamingAssets/GeoData/Data/sk/SK06.asc
ncols 200
nrows 200
xllcorner 400000
yllcorner 360000
cellsize 50
[rows 35 to 69 of 200, columns 0 to 77 of 200]
406.2 410 416.1 425.7 444 456.2 459.5 459.2 455.9 449.3 427.3 414.2 396.9 382.1 368.9 358.3 348.6 331.1 346.1 363.2 391.4 409.7 411.4 409.1 406.2 404 405.5 409.4 413.1 418.2 422.7 427.4 429.8 432.4 429.4 427.2 423.6 420.6 418.8 417.4 416.6 416.5 416.9 415.7 413.6 418.1 421.1 425.3 430 440.3 449.2 457.3 463.1 472.9 477.1 475.1 474.5 471.9 471 468.8 464.8 460.8 456.7 450.7 442 436.8 422.6 423.6 418.1 414.4 409.6 403.3 399.2 397.1 397.5 396.3 393.7 397.6
400.8 403.3 408.1 414.4 421.6 436 451.7 454.2 444.9 421.2 402.2 388.5 375.9 365.9 355.9 348.1 337.5 332.3 351.1 368.5 398.9 413.1 414.6 412.8 409.5 407.4 407.5 410.4 412.8 416.7 419.9 423.9 425.1 424.4 422.9 421.7 419.8 418.3 416.5 414 413.5 413.1 412.5 414.6 418.7 422.8 426.9 433.5 435.6 436.7 440.7 446.4 452.3 459.8 465.5 468 469.1 469.6 469.5 469.1 466.2 462.9 460.2 454 446 437.7 438.6 433.2 425.7 421.2 414.3 405.4 399.5 401 401.1 400 398.2 400.7
394.9 396 397.8 401.1 406.8 415.6 421.4 423 414.3 398.9 384.2 370.1 362.3 354.6 346.2 335.2 328.2 343.8 355.4 375.5 402.7 415.9 417.4 414.3 412.4 410.9 410.7 410.7 412.6 415.1 418.5 420.4 421.3 420.9 420 419 416.9 415.2 412.7 410.1 406 407 414.8 419.9 423.9 430 435.5 442.1 447.5 448.7 445.7 445.5 447.6 452.4 459 462.6 464.7 465.7 468.9 469 467.4 467.5 463.7 455.4 447.1 445.5 445.3 438.2 431 423.2 411.4 407.1 406.4 406 404.8 403.4 402 402.5
388.7 388 390.3 391.1 392.5 394.6 396 395.6 391.7 381.6 371.3 361.4 350.3 344.8 335 321.7 326.5 348.9 361.3 387.5 411.2 418.9 420.2 418.5 415.9 413.3 412.5 412.2 412.5 413.1 415.7 417.4 418.6 418.3 417.5 416 412.7 407.8 405.6 404.2 409.6 415.4 420.5 425.7 431.7 436 443.8 450.3 456.5 459.8 458 452.6 452.3 452.9 457.4 462.4 464.7 467.2 469.4 470.5 470.8 469.7 464.5 456.6 452.2 452.7 450.1 441.3 433.1 425.5 419.7 410.3 411.9 410.7 409.6 406.7 405 405.4
383 380.2 379.6 380.7 381.2 383.1 381.8 381.8 377 370.8 362.8 350.4 345 336.6 319.6 333.6 341.1 350.9 366.8 396.4 418.1 421.7 422.6 420 419.2 416.7 414.5 413.8 413.1 412.9 411.6 412.1 413 413.3 412 411 406.4 402.2 400.2 408.7 414.2 419.3 425.7 431.2 436.8 443.7 452.1 458.9 464.5 467.2 463.5 459.6 458.2 460.1 461.7 463.7 466.1 468.8 470.9 472.1 473.2 471.5 464.8 460.5 457.9 457.4 453.8 444.9 436.4 434.8 420.5 416.2 417.4 415.5 414.2 410.5 408.5 409.7
376.5 375.4 373.7 374 373.5 374.4 372.8 371.7 368.3 362.6 354 344 334 329.6 319.6 335.6 343.2 356.3 377.3 411.1 423.8 424.9 425.2 423.6 421.8 419.3 417.1 415.6 414 411.8 410 409.4 408.5 407.9 405.2 404.4 398.3 397.9 409.1 413.2 419.2 424.1 430.4 436.9 443 450.9 460.1 466.9 472 474.5 468.4 465.1 463.3 464.8 466.7 467.7 469.4 471.6 473.9 473.8 475.1 472.2 468.9 462.7 463.1 461.1 456.8 446.8 446 441.6 422.1 422.5 423.9 422 418.2 415.6 412.3 411.4
363.6 368 366.9 365.6 366.5 367.3 366.9 365.8 361.1 354.2 348.7 333.9 324.9 320.7 326.3 336.9 347 363.7 382.5 414.5 426.5 427.5 427.4 426.2 424.1 422.1 419.5 417.8 415.1 412.9 410.4 407.5 405.6 403.2 402.8 399.2 394.1 407.8 412.4 418.4 424.4 430.1 436.2 443.2 449.9 459.3 466.8 472.8 478.1 476.4 474.6 469.8 470.4 470.7 472.5 474.2 476.7 479.8 481 477.8 475.8 474.3 470.6 467.9 466.7 463.6 454.4 454.7 455.2 451.3 433.6 431.3 430.3 426.7 422.8 420.4 417.1 417.3
370.8 360.2 357.2 358.4 357.2 360.7 361.2 360.2 353.8 348.8 337.8 320.2 316.1 319.8 332.6 339.8 352.8 368.1 388.5 420.1 427.4 429.8 429.3 428.1 426.5 424.6 422.6 420.3 417.9 416.2 413.7 411.2 407 405.4 404.8 401.9 397.2 411.7 417.6 423.4 429.5 435.5 442.5 450.1 458.2 466.1 472.4 478.3 481.6 481.4 478.2 473.4 475.4 476.1 478.8 481.1 485.2 486.7 483 479.1 474.9 472.1 470.2 468 467.3 464.4 459.1 460.8 460.9 458.1 439.4 439.3 435.2 430.8 428.1 425 421.2 422.2
376 370.5 360.7 343.3 348 351.2 353.4 355.7 350.6 342 328.2 313.6 320.2 326.6 334.7 343.3 356.9 375 395.9 422.6 428.7 430.7 431.3 430.2 428.6 426.5 425 421.8 420.7 418.7 416.9 414.8 411.2 410.1 408.7 400 406.1 416.5 423 429.4 434.6 441.4 449.4 457.1 466 472.4 478.9 482.6 487.5 484.7 481.1 478.3 479.4 482.3 485.5 488.1 491.8 492 485.1 480.7 474.5 470.8 466.1 465.4 465.1 462.4 462.3 462.5 460.5 457.4 439.9 440.9 438.8 437.3 434.3 430 424.8 427.1
381.2 375.9 366.2 354 336.1 340.3 342.7 343.8 342.3 335.2 321.8 314.2 322.4 328.1 337 346.5 361 381.6 407.1 423.5 429.3 431.9 432.1 431.7 430.2 428.3 426.6 424.5 422.2 420.3 418.5 416.5 415.2 413.4 410.3 392.8 410.5 420.6 427.6 434.6 440.1 446.4 455.7 463.8 472.4 478.9 483.5 488.5 490.2 487.2 483 483.2 484.9 490.1 491.2 493.7 497.6 497.6 488.3 480.3 473.6 467.3 463.9 460.1 460.1 459.4 459.4 460.7 458.3 447.1 444 446.2 443.8 443.1 439.2 435.4 431.4 432.2
385.4 380.3 371.9 357.4 345.1 334.8 330.8 333.9 333.3 325.6 316.5 316.4 323.5 330.1 339.1 349.4 364.8 387.2 417.4 425.8 431.2 432.3 433.1 432.9 431.2 429.1 427.2 425.7 423.8 421.6 419.3 417.5 414.6 411.2 399.2 392 417.6 425.3 432.4 438.5 445.9 452.3 460.6 470 477.2 484.4 489.5 493 489.4 489.3 486.7 489 493.1 496.5 497.4 501.5 505.1 499.2 485.5 476 468 464.1 461.8 457.2 455.8 456.3 458.6 461.3 458.4 450.1 452.5 450.9 449.6 447.8 444.8 440 436.5 437.9
388.7 384 376.9 367.5 354 342.9 336.3 323.2 325.6 319.1 312 311 324 331.9 340.9 350.9 368.3 389.2 416.7 426.8 432.6 433.7 434 433.3 431.7 429.8 427.8 425.4 423.9 421.5 419.5 417.2 412.7 396.8 387.4 411.3 422.4 429.6 436.8 443.1 450.5 457.5 465.9 473.9 481.6 488.8 491.6 486.6 485.8 487.3 490.6 494.1 497.9 501.3 504.1 508.1 508.8 491.9 478.9 470.5 465.6 462.2 457.5 451 452.3 454.2 456.1 458.2 456.7 452.9 453.3 454.2 453.3 451.6 448.1 444.5 440.9 442
392.9 386.9 381.1 374.7 361.9 346.6 336.2 328.5 314.8 315.4 306.5 307.6 323.3 332.3 342 354.5 367.1 382 408.4 425.1 430.5 431.8 433.1 433.1 431.8 429.7 426.6 425.2 423 420.8 417.1 414.5 404.5 379.5 402 417.5 425.3 433.3 440.6 448 454.6 461.3 469.6 477.3 485.1 486.6 481.3 480.9 481.1 487 492.9 497.8 501.8 506.4 510.4 510.6 494.4 482.9 476.3 470.1 463.6 458.5 453.6 450.3 447.9 451.6 452.9 456.5 455.3 454.2 456.2 456.8 456.7 454.8 452.2 448.5 445 446
395.7 391.3 386 379.7 371.6 352.4 336.9 330.6 320.3 309.5 304.4 306.5 323.6 333.2 343.3 355.2 366.5 378.4 398.3 419.2 427.5 430.3 432.3 432.1 430.7 428.3 425.9 423.5 422.4 419.8 417.1 411.7 392.1 372.9 401.8 416.8 426.4 434.7 442.6 450.6 458.3 464.7 472.8 479.6 478.4 474.9 475.1 473 480.7 488.3 494.4 500.7 504.6 510.6 512.2 495.4 487.3 482.1 479 470.9 461.9 456.1 452.5 447.8 443.2 447 447.6 454.7 458.1 458.5 459.8 460 458.7 456.3 454.9 452 448.7 449.6
397.6 394.4 389.8 384.4 376.4 354.1 338.9 326.1 317.7 308.3 303.6 300.9 322.8 334.8 343.3 354.2 362.6 373.9 388.8 411.4 424.5 429.1 430.8 430.1 428.8 426.5 424.6 421.7 421.3 418.7 414 403.6 384.2 369 391.8 416.2 426 435 444 453 460 466.8 474 469.4 467.1 468.2 465.8 473.7 481.7 489.9 497.6 502.8 507.4 508.1 496.3 487.1 483.9 483.1 483.7 469.9 460.3 453.5 451.3 447.4 441.2 442.7 447.5 453.8 456.6 458.7 460 461.4 459.2 456.1 455.5 453.2 452.1 451.3
400.5 397.1 393.5 387.9 376.8 350.9 336.5 325.7 316.7 303.3 302 313.8 324.2 335.2 343.7 351.8 358.7 369 380.4 400.9 418.6 425.2 426.6 426.1 426.1 424.7 423.1 421.3 420.1 418 414.3 399.7 377.5 365.6 389.1 412.5 425.1 434.2 442.6 451.9 459.6 465.5 458.5 457.9 460.5 462.4 465.1 474.3 483.6 491.1 500.2 504.1 509.4 498.6 486.2 481.9 481.1 480.8 477.5 467 456.4 452.7 449.4 443.1 440.2 440.4 444.4 449.1 452.3 454.8 454.8 459.3 458.1 455.1 454.5 453 450.3 448.6
402.6 399.4 395.6 389.6 365.8 347.8 334.4 325.4 317.5 297 306 320.4 329.4 337.9 344.6 350.4 356.5 364.2 374.2 385.3 398.9 413.2 419.9 420.1 421.5 421.6 420.5 419.1 417.8 415.6 409.8 389.3 373.9 362.8 387.6 409.8 423.2 432.2 440.2 450.2 455.5 449.7 448.7 451.9 453.1 455 466.2 476.4 484.9 494.1 501.4 505.9 507.4 489.6 479.8 477.3 473.1 468.8 466 457.9 453.8 449.2 446.1 446.1 443.4 437.8 440.4 444.3 447 451.3 458.1 460.6 458.6 452.4 450 449 446.3 442.8
403.7 400.9 397.3 389.8 361.2 344.6 332.2 325.2 316.6 296.5 306.5 323.3 333.9 339.7 344.7 348.6 356.4 361 368.7 375.7 382.5 389.1 396.6 402.5 408.6 410.1 410.5 408.3 406.6 402.3 388.5 378.3 367.9 358.8 388.4 405.7 416.3 428.3 438.5 440.4 439.1 439.7 442.8 445.1 444.2 458.3 469.4 478 488 495.5 500.9 504.1 493.6 481.2 475.6 470.7 467.1 463.7 460.2 457.2 454.6 453.1 451.2 450 445.3 436.3 439.9 448.2 454.6 459 461.7 462 459.1 453.9 445.2 442.9 441.2 435.3
404.9 401.9 398 385.1 358.6 343 330.9 324.6 314.1 295.8 315 327.4 331.8 340.2 346.4 349.4 353 360 364.8 369.1 372.4 375.8 376.5 378.7 381.4 386.2 387.6 387.5 386.7 378.9 374.2 367.8 357.2 370.2 394 413.9 418.5 425 427.4 427.6 428.4 431.9 433.2 435.9 449.6 460 469.1 479.4 489 494.4 494.2 489.3 478.3 474.6 471.2 466.3 463.1 460.6 459.3 457.3 455.8 454.4 451 447.5 439.6 435.7 448.7 456.5 461.2 464.4 464.8 463.2 459.6 453.7 446.2 439.6 432.9 426.7
404.3 402 398 381.5 353.3 342.4 330.5 324.9 313.5 293.9 315.4 328.3 332.4 337.2 345.7 353.2 356.1 360 362.3 363.3 364.1 365.4 367.3 367.7 366.9 367.2 367.2 369.3 368.5 365.3 362.8 359 348.3 371.9 393.9 417.1 423.9 420.7 415.5 416.1 419.5 420 436 445.7 455.1 463.8 471.9 481.2 487 489.2 480.2 473.8 469.8 468.4 467 460.9 458.7 458.4 457.7 457.7 455.9 452.2 449.9 447.2 434.5 441.9 454.3 461.8 465.6 468 465.6 461.6 457.8 452.7 446.3 440.7 434.4 427.1
400.6 397.3 392.9 370.5 350.1 339.7 329.7 323.8 311 292.6 317 328.8 332 336.4 341.5 351.8 356.7 357.2 358.2 359.2 358.9 360.2 360 359.4 357.5 357.8 356.1 356.2 356.3 354.8 354.7 349.8 352.5 375 394.2 406.4 409.3 405.2 405.1 405.8 406.7 426.1 437.4 448.8 458.5 465.5 473.4 479.5 481.4 473.8 467.4 465.1 464.5 463.4 457.4 455 454.8 455.9 455 454.4 451.9 450 448.2 440.4 427.8 443.5 455.5 463.2 468 467.9 462.5 454.2 448.6 445.5 441.2 435.2 429.1 423.7
385.7 381.3 375.9 358.5 342.9 337.7 327.6 322.1 308.5 291.1 317.1 327.8 330.8 334.7 341.8 347.4 354.1 353.8 354.3 352.5 353.4 354.3 354.8 353.8 352.1 351.1 349 348.1 347.3 347.6 346 338.8 359.6 374.8 387.8 393.2 396 399 397.1 394 406.7 421 432.9 443.9 454.2 464.7 472.8 478.1 470.9 464.6 461.4 460.4 457.9 455.7 452.6 451.9 451 453.1 451.6 449.3 450.5 447.3 434.1 424.9 437.6 444.9 454.8 462.8 465.8 461.8 452.6 441.1 432.2 427.5 423.4 417.6 410.1 407.8
371.5 361.2 356.1 345.8 341.9 333.5 324.7 320.1 305.5 290.9 316.4 325.5 328.9 333.6 340.2 345.3 348.7 349.6 349.4 347.5 345.6 346.5 348.6 346.2 344 340.7 340.5 341 341 341.3 341.6 343.4 360.5 370.5 379 384.5 390.9 385.7 384.3 399.3 412.2 422.7 433 441.3 452 461.3 469.5 469.9 463.6 458.2 456.7 454.9 452.8 450.2 449.1 449.4 447.7 451.9 448.9 447 446.5 432.6 424 436.8 445.7 451.8 457.1 457 453.2 442.7 429.4 417.4 409.3 403 398.7 393.8 385.9 383.5
365.4 356.1 351 347.4 341.1 331.4 321.8 317.8 301.9 288.7 314.2 322.4 325.6 332.4 342.8 345.1 346.9 346.2 345 342.3 341.3 340.9 342.2 335.4 331.9 325.6 323.6 329.4 327 333.2 337.6 343.7 358.9 366.6 374.8 379.2 378.9 383.1 395.2 407.5 418 428.5 436.9 447.4 459 465.8 470.5 462 454.7 452.2 450.5 447.5 446.2 445.5 444.9 444.8 448.7 450 445.6 441.9 437 419.5 434.7 444 450.3 452.7 450.4 437.6 427.9 416.5 412.1 405.9 397.6 391.4 384.5 378.7 374.7 371.8
359 349.4 343.5 341.8 335.9 327.2 318 314.7 304.6 296.4 311.6 319.6 322.5 330.2 342.4 345.8 343 341.5 339.6 337.1 335.6 336.2 335.7 318.5 322.6 332.3 338.6 342.2 349.4 356.3 353.3 345.6 355 363.1 362.3 367.7 378.8 389.5 401.2 411 422.5 434.2 444.2 456 461.9 466 460.5 452.5 447.2 445.9 444.3 441.8 441 441.4 441.3 444.3 446.2 444.6 441.9 440 422.5 427.5 440 447.4 449.2 445.6 432.1 422.6 410.9 404.2 399.6 391.8 385 381.2 377.5 378.8 377.2 382.5
350.9 345.2 338.8 335.8 328.6 317.6 311.3 306.3 291.2 295.9 312.5 317.5 321.2 327.9 340.3 343.9 341.2 335.6 331.4 330.5 327 327.9 313.1 324.1 330 339.4 347.1 354.7 360.9 364.7 368.4 369.8 356.3 352.3 364.2 370.4 380.1 390.4 403.1 412 426.5 439.2 451.1 457.9 463 463 450.7 443.8 441.1 440.9 439 436.1 438.2 437.5 438.4 440.1 439.4 438 443.5 442.5 416.1 427.7 440.2 445 442 431.6 423.1 414.7 400.9 391.7 386.3 380.8 382.5 382.6 387.2 388.2 387.2 388.2
345.5 340.7 335.6 326.1 320.4 312.9 303.2 290.2 286 306 312.2 316 321.4 327.7 336.6 340.8 342.1 336 325.9 320.7 317.6 313.9 318.1 326.9 335.1 348.8 357 363.5 370.3 375.9 380.8 382.3 378.6 379.1 379.3 381.5 385.3 395.4 405.8 415.9 429.7 442.2 450.7 457.8 462 452.3 441.6 437.4 436.2 435.4 435.2 431.3 434.7 433.7 434.8 434 433.6 441.4 443.4 439 416.5 413.2 422.2 434.6 429.7 419.3 413 404.7 388.9 385.1 388.3 389.1 390.1 391 391.3 392.6 393 393.8
338.7 335.8 331.8 324 314.9 308.7 291 289.2 303.5 307.7 312.1 317.8 324.6 325.7 329.7 333.5 335.2 326.7 319.3 309.5 308.8 312.6 326.5 336.4 347.4 356.8 368.2 376.2 384.8 392.8 398.6 400.1 395.5 393.3 392.8 391.1 388.8 400.7 409.1 419.1 431.3 441.6 451.1 458.4 458.9 443.5 436 433.5 432.1 430.9 430.5 431.1 431.4 430.8 430 427.6 435.7 439 439.2 437.4 426.4 421.1 405.5 417 414.8 409.5 401.7 391.3 388 394 395.2 394.9 393.8 394.2 396.7 397.9 397.7 396.2
338.9 333.1 316.7 319.1 310.4 304.3 281.9 291.6 303.9 309.5 315.9 321.3 322.5 320 321.2 324 322.8 314 305 311.7 318.2 325.9 336.4 343.8 352.4 363.7 377.6 393.6 396.9 399 401.5 404.3 403.4 401.6 403.2 401.4 401.2 405.7 413.9 423.7 432.7 443.1 454.7 456.5 448.2 437.1 432 429.7 427.9 426.9 427.5 428.5 428.6 427.5 423.3 428 433.5 434.6 435.8 436.6 437.8 437.3 417.9 402.6 396.6 392.3 391.1 388.3 397.3 398.4 400.3 399.3 400.3 401.1 403 401.7 401.5 399.3
337.6 330.6 315.8 295.1 297.5 292 279.6 295.1 305.8 313.7 318.8 318.4 317.4 315 312.6 310.9 305.6 301.2 302.4 320.4 327.5 334.8 341.9 348.2 357.6 368 388 394.3 397.4 399.2 401.7 405 406.4 405.8 409.3 407.8 406.7 410.1 419.1 428.1 435.2 446 455.1 453.1 440.4 430.9 426.3 424.6 423.7 423.6 424.1 425.6 424.5 422.4 419.1 426.8 429.3 431.1 431.5 437.4 441.4 442 434.4 418.9 410.6 403.1 399 396.6 401.1 402.2 406.6 407.4 408.2 408.7 408.1 404.9 404.5 401.1
334.9 326.6 309.2 293.6 281.2 278.4 285.8 303.2 310.5 316.4 315.8 314.2 312.3 310 301.5 297.7 298.9 306.7 315.4 323.1 332.2 340.2 344.5 349.4 358.6 374.2 388.2 394.3 398.1 399.2 401.3 404.5 407.1 407.9 411.3 411.5 410.8 414.5 422.3 431 439.8 449.7 455 446.3 431.4 424.5 421.4 420.6 420 420.8 420 420.7 418.2 417.6 420.6 424 425.2 427 432.1 439.2 443.1 444.8 437.7 427 416.7 408.1 400.3 401.1 403.8 408.5 411.9 412.6 413.3 412 407.6 405.1 405.7 403.4
332 319.2 296 275.5 277 290.5 303.3 306.7 314 314.4 312.3 309.6 306.7 298.9 294 298.1 305.3 310.6 316.7 329.5 337.2 340.8 344 349.3 358.6 378.3 388.5 394.5 397.3 398.8 400.2 403 405.7 407 410.2 410.3 411.4 415.7 423.8 433 444.1 453.3 451.1 432.3 423.6 419 415.8 415.9 416.2 417.3 415.9 415.2 413.8 415.8 418.2 420.2 422.5 427.4 432.6 440.9 446.9 446.5 440.1 430.3 420.3 408.2 403.2 404.6 407.4 410.6 414.9 415.4 411.8 407.4 403.9 402.1 401.3 402.5
327.2 305 281.7 273.1 288.9 300.7 305.1 307.8 311.7 311.1 308.6 304.2 298.6 291.3 299.3 302.3 305.9 312 322.5 338 338.9 340.9 343.7 348.3 358.3 378.5 389 393.3 395.6 397.7 398.8 400.7 403.5 405.2 406.9 407.6 409.5 415.8 425.3 435.8 447.1 453.3 436.8 426.1 417.6 414.1 411 409.3 411.1 411.1 410.1 412.1 411 412.9 414.9 417.2 423.5 428.7 437.7 445.4 449.4 447.1 437.7 430.3 419.3 408.6 411.5 410.5 412.5 416 417.4 413.9 409.8 405.1 401.8 399.9 396.8 396.1
308.6 292.4 281 274.7 298.8 303.7 305.7 306.9 307.2 307.3 303.7 296.5 291.4 295.3 299.9 303.3 307 317.4 333.1 341.3 340.3 341.5 343.6 347.3 356 375.4 386 391 393.2 395.2 396 397.1 400.1 403 404 405.2 407.1 415.5 424.2 434.2 447.4 444.5 425.7 420.6 411.8 409.5 407 402.8 404.9 405 407.6 409.8 408.9 407.9 413.6 419.5 424 433.5 443 448.9 450.3 446.6 437.8 428.5 417.9 412.9 416.5 415.4 416.9 419.9 418 411.4 408.2 406 404.1 400.2 397.4 394.6
303.7 291.9 277.8 287.5 298.9 303.4 304.5 304.3 302.6 300.7 295.9 287.9 288.9 296.9 301 304.9 311.5 326.5 340.5 340.4 339.7 340.1 342.5 345.7 352.1 369.8 380.9 386 389.2 390.9 391.5 394.1 397.6 399.5 400.8 402.3 407 413.8 421.6 434.6 443 429.3 419.8 412.4 406.9 404.1 402.3 399.1 397.8 398.8 403.6 404.2 402.8 411.4 416.2 421.9 429.9 440 447.4 450.9 450.8 446.1 436.2 426.5 419.5 420.3 420.5 420 421.6 421.6 416.3 411.7 409.2 407.4 404.8 401.6 397.6 395.3
