Game/Highland_Data/StreamingAssets/GeoData/Data/sk/SK14.asc
ncols 200
nrows 200
xllcorner 410000
yllcorner 340000
cellsize 50
[rows 140 to 174 of 200, columns 0 to 77 of 200]
140.1 140.9 139.2 137 135.5 137.8 138.6 136.4 136.2 138.1 140.5 142.7 145.7 147 149 153.2 156.6 161 161.9 162.1 160.8 158.3 155.4 153.5 151.1 147.7 144.9 142.6 136.8 135.7 133.5 129.6 125 118.8 110.1 106.3 100.4 99.2 98.4 99.2 99 99.1 99 98.9 98 97.2 97.4 96.1 96.2 96.7 96.4 96.6 96.8 96.4 96.9 97 96.3 96.5 96.9 97 97.4 97.2 97.8 97.7 98.1 96.8 94.8 96.9 97.3 97.7 98.1 99 99.2 99.1 98.6 99 99.2 99.6
137.6 137.7 136.4 134.2 131.3 134.4 135.3 135 131.3 135.6 137.4 139.8 141.3 142.9 145.7 151 155.9 159 160 160.7 160.3 158.1 156.4 153.3 149.9 146.2 142.2 139.4 137.5 134.1 129.5 126.8 123.5 115.2 109.3 106.8 101.1 98.5 98.1 99 98.2 98 97.1 97.2 97.7 96.8 96.7 96.6 96.6 96.9 96.3 96.2 96.3 96.3 96.8 96.5 96.5 96.4 97 96.9 97.4 97 97.4 97.5 97.4 97.1 97.4 94.6 97.3 97.4 97.9 98.2 98.6 98.7 99.3 99.9 99.3 98.9
135 136 134.6 132.3 127.7 131.7 132.9 132.1 128.8 128.8 132.3 135.8 138 140.5 145.4 150.1 154.2 156.1 157.2 157.8 157.6 156.3 155.1 152.3 147.4 142.6 139 135.2 131.9 129 125 122 118.6 115.3 106.9 104.5 102.2 99.8 97.2 97.2 96.7 97.5 97.2 96.7 96.5 96.6 96.7 96.4 96.2 96.5 96.6 96.4 96 96.5 96.8 97.1 97.2 96.9 96.9 97 97 97.5 97.4 97.5 97 97.1 97.8 97.4 94.6 97.7 97.5 98.2 98.3 98.9 98.7 99.4 100.6 100.5
130.9 133.3 133.6 131.5 125.2 127.7 129 128.5 122.9 126.9 130.6 131.9 135.1 138.7 144.1 148.3 150.7 152.4 153.4 154.2 153.5 152.7 151.5 148.8 144.7 138.5 134.3 130.5 125.3 122.2 118.7 115.2 112 107.2 104.2 102 100.5 99.2 96.8 97.4 96.8 96.6 95.5 95.3 95.3 95.7 96 96 95.5 96.1 96.2 96.5 96.5 96.5 96.3 96.2 96.3 96.7 97.2 96.6 97.1 97.2 97.2 97.4 97 96.9 97.6 97.3 96.6 97.4 101.4 104.2 105.9 106.1 105.4 105 101.9 102.7
127.3 129.1 130.3 129.7 126.1 124.3 125.1 122.7 121.9 128.5 132.7 134.7 137.3 139.4 142.8 145.9 147.2 147.8 148.1 148.5 148.4 148.5 147.1 144.3 139.7 135.3 129 125.2 121.2 117 112.9 109.6 107.8 102.7 102.7 101.1 100.4 99.5 96.4 97.1 96.9 96.2 95.8 95.1 95.5 95.6 95.3 95.8 95.2 95.8 95.4 96 96 95.8 95.7 95.8 96.3 96.6 96.6 96.6 96.5 96.7 96.6 97 96.7 97.2 97 94.6 97 102.4 105.2 107 108.4 109.5 110.4 110 106.1 102.4
124.4 125.3 126.2 126 124.2 119.5 119.9 121.6 127.8 130.3 133.5 135.4 138.6 141 142.9 145 145.8 144.6 142.6 141.4 141.6 141.2 139.9 137.9 134.9 130.7 124.4 120.2 116.3 112 109.2 107.1 102.4 103.3 99.9 99.9 99.5 97.6 96.6 96.8 96.4 96.2 95.8 95.1 95.1 94.7 95.4 95.5 95.1 95.8 95.9 95.5 95.5 95.6 95.7 95.8 96.5 96.8 96.1 96.3 96.3 96.4 96.4 96.8 96.9 98.3 95.9 96.8 99.7 104.4 108.2 111.7 111.6 111.1 112.8 113.3 111.4 105.3
120.9 122.4 122.9 122.4 122 115.6 119.2 125.4 128.7 131.7 134.2 136.7 139.6 141.9 143.1 143.8 142.3 141.2 138.4 135.2 133.8 134 133 131.9 131.1 127.7 121.9 116 113.3 108.8 106.4 105.5 104.2 101.7 100.5 98.5 97 97.5 95.8 94.6 95.9 95.8 95.3 94.5 94.7 94.4 95.3 95.4 95.3 95.3 95.3 95.5 95.5 95.6 95.7 95.8 96.2 96.5 96.4 96.3 96.2 96.4 96.7 97.1 96.2 94.4 102.5 106.4 106.3 107.1 110.9 115 116.1 115 115.5 116.5 114.6 110.9
116.6 118.8 120 120.2 119.4 112.5 120 124.4 127.2 130 133.6 138 139.8 141.8 142.8 142.5 139.8 137.2 132.5 131.5 129.6 129.4 127.2 126.5 126.1 124.9 121 115.1 109.5 106.9 105.1 103.5 102.1 100 98.9 96.6 96.7 96.5 95.1 94.3 95.4 95 94.6 94.9 94.6 95 95.2 95.5 95.3 95.1 95.7 95.6 95.5 95.6 95.7 95.8 96.1 96.4 96.2 96.2 96.5 98.3 96.7 94.4 97.6 105.3 106.8 109.3 109.9 107.9 112.5 117.4 119 119.6 119 118.9 117.5 115
112.1 114.3 116.1 115.8 115 112.4 117.1 121.1 125.1 127.9 132 137.9 141.8 143.5 144.5 143.5 138.2 133 126.9 124.9 123.3 123.1 122.1 121.2 121.2 120.2 116.7 111.8 107.6 105.5 104.6 102.6 101 98.6 96.8 95.9 95.5 95.4 95.1 94.3 95.5 95.1 95.2 94.6 94.6 95.2 95.4 95.6 95.6 95.6 95.6 95.6 95.5 95.7 96.1 97.1 98.2 100 97.2 96.9 96.6 96.8 94.4 105 108 108.3 108.7 111.1 114.3 112.2 112.7 118.7 121.9 122.1 123.4 123.5 122.3 119.7
105.6 108.1 111.8 108.7 112 115.7 120.9 123.2 124.3 126.3 130.2 136 140.7 142.7 144.4 143.6 138.2 130.8 124.5 120.1 117.7 117 116.3 116.1 116.1 115.4 112 108.3 105.3 104.2 103 101.9 100.2 97.9 97.1 95.3 95.6 95.4 95.3 94.6 95.1 94.8 93.8 95.2 95.1 95 95.2 95.6 95.7 95.8 95.5 96.4 96.9 96.4 95.2 95.5 94 94 98.8 102.2 104.8 108.3 110.1 109.7 111.8 112.2 113.4 113.6 118 117.9 114.7 118.7 123.8 127 128.1 128.5 127.2 124.3
106.3 107.8 113 113.8 120.3 122.2 124.5 127.3 130.9 133.2 135.5 137.4 140.6 142.4 143.7 144 140.7 135.2 126.9 120.1 115.6 112.6 111.4 111.2 111.2 110.5 107.2 104.7 103.7 102.7 101.6 100.3 98.2 95.7 95.2 95.3 95 94.4 94.6 95.4 92.8 94.2 94.3 94.7 94.8 94.9 94.8 93.8 95 94 94 94 99.4 102 102.2 103.8 109.6 113.3 113.3 112.8 110.3 112.4 113.6 113.1 116.9 117.3 118.4 117 122.5 122.8 119.4 120.6 124.3 130 133.5 134.1 132.2 129.5
118.1 120.1 119.5 118.6 122.2 125.3 130 134.1 136.8 139.7 140 141.4 143.1 144.8 146.5 146.3 144.3 140.5 135.8 127.1 118.8 113.1 109.9 108 107.3 106 105.4 103.8 103.5 102.5 101.8 100.7 97.5 94.6 94.5 94.6 94.6 92.5 92.6 93.4 92.9 93.7 93.6 94.4 94.7 94.2 94.3 91.8 96.5 102 110.8 111.8 114.8 116.1 114.6 115.9 118.4 119.4 117.6 117.1 117.3 118.1 120.3 120.5 121.3 122.3 123.3 121.5 125.1 127.8 124.9 126.6 126.1 129.5 135.4 138.1 136.5 135.1
123.6 125.2 125 124 123.6 129.8 135.1 139.3 141.1 142.6 144 145.3 146.9 147.6 149.1 148.9 147.4 143.7 139.9 134.1 126 118.3 111.7 107.3 105 103.6 103.4 103.9 103.3 102.4 101.4 100 95.5 94.1 94.1 94.1 94.3 92.4 90.5 93.2 93.9 90.5 91.5 91.7 92.5 94.2 94.9 99.6 110.9 112.7 114.5 116.8 118.9 120.5 122.7 123.4 123.9 124.1 124.2 125 124.9 125.8 127.3 127.5 126.8 127.7 128.4 126.9 128.2 131.7 130.4 131.6 134.3 133.6 136.2 140.6 141.2 140.4
126.8 128.5 126.9 127.8 130 133.8 138.1 140.5 144 146.5 148.9 150.2 151 151.5 150.7 148.9 148.4 145.2 141.1 137.2 131.8 124.9 118.1 110.5 104.6 103 103 102.4 102.1 101.2 100.4 97.3 93.8 93.8 93.7 93.5 93.1 93.5 92.3 91.7 91.7 94.4 94.6 94.5 95.1 94.7 100.5 106.1 109 111.1 114.3 117.2 119.7 122.8 123.6 124.2 127 127.6 129.1 129.4 130.5 131.8 132.7 133 131.8 132.6 133.1 132.5 132 135.7 133.8 135.7 139.9 140.1 141.7 145.3 146.3 145.1
128.4 129.7 132.8 133.8 135.9 137.5 139.5 142.9 146.7 151.4 153.5 155 155.2 151 151 147.5 145.9 143.6 139.6 135.5 131.6 127.6 121.9 114.9 106.4 103.6 101.2 101 100.9 100.1 97.8 94 93.8 93.7 93.4 93 93.6 91.7 91.7 92.2 94.4 94.5 94.2 94.4 94.3 97.1 98.1 104.3 106.5 108.8 110.8 114.2 117.1 119 118.8 120.3 126.2 129.6 130.9 132.5 133.8 135.4 136 137.7 137.5 138.2 138.3 138.2 136.8 139 138.9 138.9 143.8 147.1 150.3 152.1 151.6 149.5
127.8 130.5 134.4 136.3 137.5 140 142.2 145.6 150.7 154.1 155.7 156.1 155.3 153.4 149.3 145.3 142 138.5 135.1 131.6 129 126 120.4 112.6 106.5 102.9 100.6 99.3 98.9 97.8 94.8 93.6 93.7 93.7 91.1 93.7 91.7 91.7 92.1 92.9 93.6 94.1 94.3 95.1 95.6 96 98.7 101.6 103.8 106.5 109.3 112.5 115.8 117.9 120.7 123.3 124.3 127.3 130.3 132.1 135 136.2 137.8 140.2 141.4 143.8 144.6 143.8 143.3 144.1 144.4 142.6 147.7 152.3 157.9 157.7 155 153.8
125.2 128.1 132.7 134 136.7 139.9 143.5 147.3 150.2 153.7 155.5 155.1 153.1 151.1 147.4 141.8 136.7 132.6 130.1 127.4 125.6 122.9 117.5 110.7 106.3 102.1 100.8 98.9 98.1 94.9 94.1 93.4 93.2 93.1 93.1 93 93.3 93.4 93.1 93.5 94.2 94.3 94.1 94.9 95.1 95.2 97.3 99.3 101.4 104 106.9 110.2 113.2 115.1 118 119.7 122.5 124.8 127.9 130.7 133.8 135.4 137.5 140.7 144.4 147 148.8 149.8 150.7 148.2 149.6 151.3 151.6 157.2 161.8 163.6 162 157.5
121.2 125.4 130.1 133 136.4 139.8 143.5 147.3 149.7 152.7 152.8 152.7 151.5 149 145.1 138.8 132.6 127.7 125.3 123.1 121.6 119.2 114.5 109.8 104.3 101.9 100.5 99 97.1 94.7 93.9 92.6 92.6 90.8 93.1 93.4 93.6 93.7 93.8 93.8 94.3 94.2 95.4 95 95 95.1 96.7 97.8 99.8 102.6 105.3 108 110.6 113.3 115 116.6 119.3 122.4 125 127.3 131 133.4 135.8 139.6 143.8 147.7 150.7 152.2 153.2 152.1 157.2 158.1 157.7 161.2 163.7 164.6 162.5 159
118 123.5 127.9 132 135.4 138.2 141.2 145.3 146.8 148.7 150.5 149.9 149.7 147.3 144.2 139.2 133.2 127.5 122.2 119 117.2 115.6 113.3 107.4 103.3 101.1 100 97.8 96.3 94.8 93.8 92.1 92.2 90.5 92.8 93.4 93.6 93.6 93.6 93.3 94 94.2 94.7 94.4 94.8 95.3 96.5 97 98.8 101.3 103.1 105.3 108 110.7 111.7 113.5 116.4 119.3 121.8 124 127.3 131.3 134.1 138.3 143 146.8 149.7 151.8 152.3 153.8 157.4 159.7 161.7 164.3 166.6 167.6 165.7 161.6
119.2 124.6 127.5 129.6 132.6 134.7 137.5 140.3 143.8 145.3 147.1 147.8 147.9 145.7 143.2 138.7 134 129.3 124.6 119.4 115 112.2 109.4 105.4 103.6 102 100 99.3 97.8 95.6 93.8 93 90.5 92.9 92.8 92.7 92.5 92.5 92.8 93.4 93.9 94 94.5 94.6 94.9 95.3 97.1 97.5 98.2 99.6 101.4 103.4 105 107 108.6 111.2 113.8 116.1 117.7 120.4 124.4 129.7 133.3 137.2 141.9 145.3 148.4 150.1 150.8 153.4 155.7 160.5 164.6 168.7 171 170.6 170.2 166.9
119.5 123.1 123.8 126 128.5 130.4 132.1 134.3 139.1 142.1 143.9 145.5 145.9 144.4 142.1 138.7 134.5 129.6 124.8 119.4 115 112.2 108.9 107.5 105.3 102.4 101.3 100.4 99.6 96.7 93.2 92.5 92.6 92.6 92.6 93.3 92.6 93.2 93.2 92.7 94.6 94.1 94.1 94.9 94.7 95.5 96.7 97.4 98.3 100.1 101.8 104.4 105.3 107 109.3 112 113.7 115.3 117.7 121.5 125.6 129.5 133.6 138.4 140.1 142.9 146.2 148.1 150.6 152.5 155.4 159.9 163 170.8 173.2 174.3 173.1 171.4
117.8 119.8 120.2 121.4 123.9 125.2 126 129.8 134.7 137.9 140.3 142.3 143.4 143.4 141.2 138.4 133.4 128.5 124.3 120.4 117.5 114.4 113.5 111.7 108.7 104.7 102.4 101.1 99.6 97.5 92.8 92.9 92.2 92.2 92.3 92.5 92.8 92.9 93.3 92.4 93.8 93.9 94 94.5 94.8 95.2 96.1 96.9 98.1 100.6 104.2 107.3 108.7 110 111.8 114.8 117 118.3 117.3 121.4 124.5 128.5 132.1 135.8 138.2 140.2 143.4 146.4 149.4 151.8 155 159.5 164.7 167.8 173.1 174.7 173.8 173.1
115.5 116.5 116.3 117.2 119.3 120.3 122.1 125.7 129.7 133 135.6 138.3 141.4 142.6 142.6 140.1 136.1 131.5 127.4 124 121.3 118.7 117.6 114.9 110.4 105.5 102.8 100.8 99 96.1 92.5 92.5 90 92 92.6 92.6 92.2 92.6 93.1 94 93.7 93.7 93.9 94.1 94.6 94.8 95.5 96.6 98.3 101.3 105.5 109.8 112.6 114.3 115.2 116.9 119.2 120.2 120 121.9 123.2 127.6 131.7 134 136 139.3 143.1 145.5 149.1 151.5 154.5 158.8 163.6 169.8 172.9 174.3 174.6 174.1
111.3 112.5 112.8 113.8 114.3 115.5 119 121.9 124.5 127.7 131.3 136.4 140.4 142.5 143.2 141.6 139.3 136 132.5 129 126.6 123 121 118.1 112.3 107.3 103.1 101.3 98.5 94.6 92.2 92.2 92.4 92.3 92.6 92.7 92.2 92.8 91.7 93.3 93.7 93.7 93.8 94.1 94.3 94.5 95.3 96.7 98.4 101.7 105.9 110 113.5 116.5 117.9 119 120.3 121 122 124 125.7 127.2 129.5 132.3 135.1 138.4 142.1 144.1 146.7 148.7 151.8 156.9 162.8 168.9 172.5 173.3 172.9 173.7
107.5 109 109.3 110.3 110.3 112.3 115.4 117.8 120.7 125.5 130.4 135.6 138.9 141.5 142.3 141.9 141.1 138.3 137.4 134 132.4 126.6 125.1 119.3 113.7 109.1 106.5 103.6 98.5 93.6 92.2 92.4 92.5 92.3 92.6 92.6 92.8 92.9 93.6 92.9 93.7 93.7 93.8 93.9 94.1 94.3 95.4 96.6 98.1 101.6 105.9 110.4 114.6 117.4 118.2 118.8 120 121.1 123.1 125 126.8 128.2 129.6 131.5 133.1 136 139.1 141.2 143.7 146 150.6 157.3 163.3 168.6 172.1 172.8 172.6 173.4
103.4 106.9 107.6 107.7 107.8 110.4 113.5 116.8 121.4 126.1 130.6 134.6 137.7 139.3 139.5 139.4 141.1 139.9 138 136.4 133.9 128.1 126 119.7 113.7 109.9 108.2 103.4 97.4 91.7 90.2 92.3 92.5 92.4 92 92 92.1 92.8 93 93.5 93.4 93.8 93.7 93.7 94 94.2 95.3 96.8 98.2 101.3 105.2 110.1 114.4 117 117.3 117.8 119.4 121.2 123.5 124.8 125.5 126.8 127.1 128.8 130.9 133.4 136.3 138.8 141.3 145.2 151.9 158.8 164.4 168.8 171.5 171.9 171.9 172
101.1 103.3 104.2 105.7 107.4 110.3 112.7 117.2 121.9 125.6 129.2 132.2 134.6 135.8 135.2 139.7 143.1 144.2 141.5 137.6 133.4 129.3 125.5 120.1 114.6 109.5 108.2 103.9 97.2 92.9 90.3 92.6 92.5 92.1 91.8 91.9 92.7 92.9 92.8 92.7 93.1 93.2 93.2 93.5 93.9 94.2 95.1 96.5 98.2 100.7 104.2 108.4 112.8 114.3 115.3 117.4 120.1 121.5 122.4 123.6 124.3 124.8 125.2 126.4 128.6 131.3 134 136.7 140.2 147.3 154.3 160.2 166.2 169 170.2 170.4 170.4 170.2
99.5 100.7 101.7 102.7 105.7 108.3 111.6 116 119.7 122.8 125.8 128.9 131.1 131.8 135.5 139.2 145.3 150.1 147.8 142.2 134.8 130.1 125 119.6 114.5 109.9 106.9 104 96.8 92.5 92.2 92.4 92.2 91.8 92 92.2 92.3 92.5 93.2 93.2 92.9 92.9 93.1 93.4 93.8 94.1 95 97.2 98.3 100.1 102.6 106.1 110.1 111.9 114.5 117.5 120.9 121.9 121.5 121.5 121.9 122.5 123 124.5 126.6 129.2 133.2 136.1 139.5 146.5 154.4 161.3 166.3 168.3 168.3 168.2 168.1 168
97.8 98.7 100.3 101.9 104.4 106.2 108.7 112 115.7 118.8 122.7 124.2 128 130.4 133 138.7 145.5 149.3 148.2 143.6 136.6 128.6 122 118.3 114.1 110.1 107.5 103.4 101.1 92.6 92.1 91.8 91.9 91.6 91.9 91.9 91.6 92.1 92.7 92.6 92.8 92.9 93 93.3 93.6 93.9 94.6 96.4 98.1 99.5 102.1 104.9 107.7 110.8 113.8 116.7 119.4 120.3 119.2 119.1 119.6 120.1 121.3 123.1 125.6 128.5 131.6 135.7 140.4 147 153.9 160.9 164.5 166.1 165.5 165.5 165.8 166.5
96.9 98.7 100.2 100.9 102.2 104.1 105.4 110.4 113.1 118.5 120.3 122.7 126.4 128.2 132.1 138.5 144.7 147.4 146.9 142.1 135.5 126.6 119.8 115.6 111.5 107.8 106.6 103.7 102 94.7 91.3 91.8 91.1 91.6 91.7 91.7 91.7 92.6 92.7 92.3 92.2 92.4 93 93.1 93.4 93.7 94.4 95.7 97 98.9 101.5 104 106.2 109.7 113.1 115 116.5 117.2 116.4 116.6 117.2 119 121.3 124.2 127.3 129.7 131.7 136.1 140.7 146.9 153.4 159.2 161.9 162.5 162.7 162.7 163.4 164.7
96 98.3 98.7 99.9 98 103.5 107.7 112.7 116.8 119.9 122.7 124.7 126.1 129 133.9 139.4 143.2 146.6 146 141.8 136.5 127 121.6 118 113.4 109.5 104 102.1 101.7 94.5 90.1 91.7 91.4 91 91.3 91.5 91.6 92.5 92.5 92.2 92.4 92.8 93.2 93.5 93.9 94.2 94.7 95.6 96.7 97.9 100.3 103.1 104.7 108.4 110.9 112.2 113.3 114 113.6 114.3 115.5 119.1 122.4 125.9 127.9 129.9 131.5 137.9 144.1 148.9 153.7 156.5 157.6 157.1 157.5 158.5 159.5 162.1
94.7 96.5 94.7 98 100.1 102 106.3 113.4 118.1 121 121.4 123.5 127.2 132 136.2 139.5 143.7 147.2 146.5 143.3 138.4 132.8 124.8 119.2 113.7 109.6 105.6 101.3 96.9 93.3 90.9 91.7 91 91.5 91.3 91.9 92.2 92.1 92.2 92.2 92.8 92.6 92.7 92.8 93.1 93.6 93.9 95.1 96.9 97.2 99.6 101.2 104.3 106.5 108.1 109 110.1 110.6 112.2 113.5 115.9 118.7 123 124.7 126.6 128.2 133.1 139 145.9 150.1 152.5 152.8 152.5 152.3 155.7 157.4 158.2 158.1
94.7 94.7 97 98.4 98.9 99.9 103.6 110.8 116.8 118.7 119 122 126.9 133 137.4 140.4 143.6 146.4 146.1 145.3 142 139.7 131.6 123.7 116.1 110 105.6 102.5 101.8 99.3 91.1 91.2 91.1 91.8 91.7 91.9 91.5 91.9 92.1 92.1 92 92.3 92.4 92.5 92.8 93.1 93.3 94.9 96.6 98.2 98.9 100.8 102.6 104.4 105.3 106.1 107.4 109.3 112.1 114 115.6 118.2 121.4 123 125.5 128.7 132.2 138.3 145 148.8 148.8 148 147.3 151.4 154.3 153.9 153 151.6
95 93.6 95 97.7 97.9 98.1 100.3 107.4 114 115.4 115.6 119 124 129 133.5 136.8 142.1 144.4 144.5 143.9 142.1 140.7 135.5 128.4 120.5 113.3 109.1 106 102.6 99 91.1 91.1 91.1 91.6 91.9 91.8 91.5 91.8 91.8 91.9 91.9 92 92.2 92.4 92.6 93.5 94.1 94.5 95.5 96.8 99 100.6 101.8 102.8 104.5 105 106.9 109.2 110.9 113.7 115.7 117.5 119.5 122.5 124.8 128.3 132.4 137 143.6 145.4 143.3 142 145.7 149.6 149.9 147.6 145.1 145
93.8 93 94.3 96.3 96.7 96.6 98.4 103.5 109.8 112 112.5 113.8 117.5 124 127.9 132.6 138.5 141.3 141.5 140.5 140.8 138.5 135.2 130.8 123.6 117.6 114.2 109.5 104.5 100.6 91.8 91.6 91.3 91.3 91.8 91.7 91.6 91.6 91.6 91.6 91.6 91.8 92.1 92.3 92.4 93 94.1 94.5 95.2 96.9 98.8 100.4 101.5 102.7 103.9 105.1 106.3 108.6 111.3 114.9 117.6 118.5 121.2 123 123 127.5 131.7 135.8 140.1 139.8 137.7 137.9 142.9 145.3 144.9 141.5 138.3 144.2
