Game/Highland_Data/StreamingAssets/GeoData/Data/sk/SK18.asc
ncols 200
nrows 200
xllcorner 410000
yllcorner 380000
cellsize 50
[rows 0 to 34 of 200, columns 0 to 77 of 200]
484.9 489 492.1 492.9 489.5 479.1 461.6 440.3 430.6 431.5 430.1 426.4 419.4 411.6 403.6 394.2 384.8 372.1 364.3 357.5 347.8 338.4 328.5 318.6 308.5 301.9 312.9 318 316 298 293.5 292.9 291.7 301.5 310 297.4 309.3 318 321.1 333.4 343.7 351.5 356.4 360.2 363.3 364.4 366.7 369.3 371.8 376.3 380.7 385.2 389.9 394.6 395.9 391.3 389.9 390.9 385.9 387.8 389.2 385 384 382.8 377.4 382.3 377.6 371.7 367.4 363.2 362.9 363.1 364 357.6 348.5 335.2 318.4 299.5
488 490.6 492.8 492.3 483.1 458.4 438.8 425.5 419.3 422.3 421.7 418.8 410 402.6 394.2 383.4 368.2 351.1 340.5 330.7 325.1 316.5 309.1 315.4 322.7 328 339 344.9 334.9 311.4 294.8 291.8 291.1 290.2 296.5 297.2 308.2 308.3 316.4 325.7 335.8 343.5 348.5 353.3 356.7 357.7 361.5 363.4 364.7 368.4 372.8 376.2 379.9 384.9 376.6 380.4 380.1 379.4 379.1 379.2 376.6 376.9 376.6 375.9 369.5 364.6 362.8 357 352.6 350.6 349.5 349.6 351.5 353.1 347.6 337.1 320.6 301.2
490.5 492.4 493.5 485.7 458.4 438.4 426.4 416.4 412.1 413.2 413.7 410.3 401.9 392.7 382.9 367.7 349 329.4 322.2 328.2 331 333.3 324.2 342.4 347.2 350.7 361 363.8 349.4 324.3 307.4 291.2 290.6 289.4 289.3 291 295.5 301.5 309.3 317.5 326.5 334.3 340.4 346.1 348.6 349.2 353.5 355 357.6 358.8 363.7 365.1 362 363.6 374 377 376.4 377.7 371.4 370.3 370.9 365.2 366.6 365.7 360.3 343.9 347.2 344.4 339.6 338.3 336.1 337.1 339.8 342.7 339.3 332.8 317.8 302.6
489.8 491.5 487.7 466.6 441.7 426.3 415.9 408.3 402.8 401.8 404.1 399.8 390.6 380.5 368 349.2 327.2 341.9 354.6 357.2 354.6 356 340.1 361.4 373 375.1 379.7 379.1 359.7 338.7 321.5 311 297.4 289.9 288.4 288.3 287.3 292.3 294.5 298.2 306.6 316.8 326.2 334.2 340 339.9 341.8 340.5 342 345.8 347.3 352 356.3 360.4 362.3 360.7 362.7 364.8 364.5 362 361 357 355.2 352 346.6 338.2 332.1 330 327.2 325.7 325.7 328.3 329.7 331.4 329.8 324.8 318.2 309.1
486.6 484.4 472.8 448.1 429.7 414 406.2 397.4 386.9 378.5 385.8 385.6 377.8 366.3 349.2 335.7 349.5 368.1 380.1 382.7 380.4 377.6 364.1 373.8 384.5 386.9 389.4 390.4 374.5 353.9 339.3 326.8 319.6 310.9 298.4 288.2 286.7 286.5 286.1 292.1 294.6 304.9 310.2 312.1 316.6 323 328.7 328.2 335.1 339.6 341.7 342.2 344.9 347.6 347.6 347.5 349.7 349.9 353.6 350.9 347.5 345.3 345.5 340.1 333.1 326 319.2 320.7 319.8 318.2 319 321.5 319.9 320.2 319.9 316.4 311.2 303.2
480.9 474.4 458.1 435.2 417.9 403.3 392.9 384.9 372.5 373.8 356.1 361.9 362.4 346.9 346.5 359.3 345.3 373.9 386.2 388.2 388.7 387.8 385 380.8 392 394.1 395.4 397.9 394.1 375.3 358.8 349.6 340.3 331.2 323 304.6 296.1 288.7 284.5 284.3 291.1 301.5 307.2 310.3 313.8 309.8 311.7 313.7 324.7 331.1 332.1 334.3 336.9 339.8 336.8 337.8 341.5 342 343.3 344.2 339.9 337.7 335.8 331.7 325.8 317.7 313.8 314.8 314.5 307.6 311.1 312.5 311.3 310.7 308.7 305.6 301.3 294.7
472.2 462.7 445.4 425.5 402.3 389 387.2 387.3 388.5 390.8 386.3 367.8 353.9 362.9 371.5 378.7 363.3 378.2 388.8 392.8 393.8 393.7 391.8 389.8 396.6 398.8 400.1 402.5 403 401 390.3 379.2 369 359.7 345.8 311.6 326.1 317 307.7 296.8 287.7 289 302 306.8 310 303.8 302 300 313.1 326.1 324 325.2 328.3 322.9 327.8 328.5 329.5 334 334.8 334.5 332.1 331.7 329.9 322.5 315.9 309.7 307.7 298.2 306 301.8 303.3 303.2 302.3 298 296.3 292.3 286.1 281.1
463.2 450.1 431.3 414.6 399.6 403.1 400.1 398.8 397.7 395.7 393.2 382 376.1 385.7 388.2 387.9 377.7 381.6 392.9 397.4 397.6 397.3 394.8 396.3 399.6 402.3 405.6 407.9 409.4 410.3 408.5 406.5 402.4 391.2 358.3 346 356.9 342.2 329.6 318 308.4 292.9 289.4 286.4 293.8 300.8 305.8 298.6 302.9 315.2 321.7 322.8 317.2 317.6 319.5 318.4 320.9 322.5 322.4 322.4 321.7 323.7 321.2 311.3 305.4 301.5 300 293.9 297.6 295.4 282.8 293.7 288.2 284.5 281 276.9 271.3 267.7
458.3 444.3 424.9 408.1 414.1 413.5 413.5 412.4 409.8 402.6 396.7 389 388.3 393.7 394.5 392.6 381.1 388.4 398.6 403 403.1 402.3 399.3 400.9 404.6 409 412.2 414.5 415.8 415.9 414.5 412 407.5 398 375.7 368.6 384.6 368.1 353.1 339 325.1 316.2 307.3 296.4 287.6 280.8 284 285.1 289.2 298.6 308.7 311 316 315.3 312.4 313.1 312.8 312.9 311.7 313 308.9 307.3 303.7 298.2 292.5 292.5 291 278.8 290.7 286.2 272.2 280.7 276.5 273.1 268.9 265.1 261.6 259.4
458 447.3 415.3 427.3 426.9 425.5 425.4 423.6 417.9 409.3 400.6 389.4 395.4 398.4 398.9 395.6 383.3 394.7 401.9 407.8 411.1 413.1 412.2 409.8 413.6 416.4 418.4 420.1 420.2 419.7 417.4 414.5 409 401.2 377.6 389.5 399.6 396.3 377.3 360.1 343.3 334.4 323.6 310.2 298.8 289.3 284.2 277.2 286.2 286.5 286.1 291.3 301.1 305.1 302.9 303.1 304.1 302.4 299.9 298 293.9 289.5 287.1 282.4 279.2 277.5 275.2 274.9 273.3 275 272.3 268.1 264.8 262.3 259.8 255.1 251.5 248.5
455.8 435.4 434.6 442.9 440.5 437.5 434.3 430.8 423.8 413.4 403.8 397.6 402.3 403.9 403.4 397.1 389.1 398.5 405.7 413.3 422.7 425.3 422.9 422.1 426 427.6 428.8 429.2 427.3 424.8 422.8 417.9 408 399.1 391.1 401.7 406.5 406.3 401.9 382.1 372.2 356.6 339.3 323.5 306.9 302 294.2 286.9 281.4 286 285.1 286.7 284.4 287 289.3 292.6 294.3 293 291.1 284 279.7 273 267.1 256.7 254.5 254.3 251.8 254.4 255.6 255.4 257 255.1 252.6 250.6 248.4 246 240.8 242.3
449.4 451.2 455.7 458.9 460.2 453.6 446.2 435.1 426.9 417.2 408.7 409.8 410.2 409.7 407.5 402 397.3 404 408.2 423.1 428.7 431.2 429.5 430.6 433.9 436 436.7 436.8 435.5 432.9 429.1 422.8 414 399 407.4 411.1 412.4 411.7 408 402.9 400.1 387.4 368.2 339.2 329.6 321.9 310.9 295.8 286.9 275.5 274.4 283.3 282.6 281.7 281.3 282.2 283.2 280.3 278.2 270.6 263.2 260.2 259.3 255.9 254.3 253 252 250.3 249.1 248.7 248.2 246.8 246.7 246.3 244.8 244.4 244.4 243.5
469.5 469.4 469.4 469.9 468.5 461.3 453.4 440.3 426.5 425.3 423.3 421.2 419.5 418.2 414.2 398.5 405.3 409.5 418.5 425 431.4 434.5 435.6 437 439.1 441.6 442.3 441.4 440.2 438.1 432.7 427.4 419.8 413.4 419 421 420.1 418.1 415 412.7 410.2 403.5 383.1 349.6 363.9 351.3 334.6 306.3 311.2 304.5 297.2 289.7 273.7 271.4 278.7 281.4 279.7 266.4 266.9 259.2 260 258.6 255 254.1 255.7 261.6 261.2 258 257.8 256.4 250.1 246.7 246.5 245.7 247 250.6 255.9 262.2
475.1 472.9 470.2 467.1 463.3 458.5 451.6 438.5 436.7 434.5 434 432.7 431.3 427.2 420.8 408.1 417.2 418.5 425.1 428.7 434.4 439.3 441.4 443.1 445 446.8 447 446 445 442.1 438.5 432.8 426.7 428.3 428.3 430.8 429.8 426.6 422.1 418.6 414.5 406.9 391 379.1 390.7 377.9 340.3 336.6 340 330.3 320.5 312.6 304.9 300.2 292.2 268.5 268 267.2 276.6 272.4 262.1 267.3 270.9 272.7 274.2 273.9 273.1 273.4 272.6 269.7 267.6 265.8 264.7 264.1 263.2 274.9 281.8 288.6
480.1 475.2 470.1 465.4 460.5 453.9 446.5 451.4 450.1 450.2 450.5 447.3 442.6 436.2 419.8 422 425.7 427.3 431.1 435.3 439.9 446.2 448.3 449.8 452.2 454.8 454.1 453.2 452 449.6 446.6 439.6 435.4 438 440.7 439.6 436.5 433.8 431.1 427.5 421.1 411.1 401.9 400.2 396.3 377.8 339.3 363.5 372.6 358.2 345.1 336.1 329.1 322.2 316.2 311.3 303.5 292.5 281.6 266.9 272.5 278.4 284 287.6 289.6 291.7 290 291.7 289.5 287.8 287 286.5 286.3 279.8 275.9 296.8 296.2 292
488.3 480.4 472.5 465.5 458.3 459.2 458.2 462.8 463.4 463.3 461 459 455.1 445.2 423.7 433.4 437.1 438.3 441.9 445.9 448 455.5 459.5 461.1 465 465.9 467.4 466.3 462.6 459.2 454.4 449.3 446 449.6 453.2 452.3 446.5 440.1 436.5 431.2 426 419.3 411.4 406.3 399.5 373.5 377.2 384.8 391.8 387.5 378 365.9 359.1 350.4 343.5 335.8 318 293.2 275.7 272.4 284.2 293.6 303.8 309.2 310.1 311.8 310.4 311.9 311.2 310.6 309.1 309.9 308.3 286.3 298.1 302.5 299.7 294
501.7 491.2 479.2 475.6 474.7 472 468 467.4 470 470.5 467.4 464.9 461.1 441.4 440.1 449.1 452.1 455.5 457.6 459.9 461.4 468.1 473 473.2 475.6 476.4 476.2 474.4 472.4 469.5 465.5 462 458.1 461.9 464 463 458.1 450 442.5 436.9 430.3 424 421.1 414.6 400.9 390.1 399.9 399.2 403.3 400.7 396.3 391.9 384.9 378 368 342.7 314.1 290.3 274.6 285.5 300.9 315.2 330.3 335.2 335.3 334.4 332.4 333.5 334.1 333.4 332.2 329.8 306 319.3 317.5 314.2 310.1 303.2
524.8 511.4 495.3 480.4 480.8 479.6 476.8 472.9 478.1 479.6 477.9 474.5 472 449.1 459.6 466 469.5 470.5 471.7 473.1 474 476.4 479.2 479.6 481.7 484 484.7 484.5 482.7 480.5 476.6 473.1 470.3 470.8 471.7 470.7 467.1 461.4 453.2 443.5 435.7 430.7 426.8 420.5 411.9 410.8 413.4 413.8 415.6 413.9 408.9 403.6 395.7 383.7 356.3 329.4 305.8 284.2 281.6 298.5 315.6 340.3 364.7 365.6 362 360.4 358.8 359.4 360.2 359.4 354.8 324.2 334 339.3 336.3 334.9 329.5 312
557.5 537.5 514.3 492.2 484.9 483.7 484.8 487.2 488.7 491.4 492.7 486.6 476.4 473.8 475.5 476.4 479.2 478.8 479.5 480.2 481.6 483.3 484.9 487.7 491 493.6 495.2 495.7 498.3 494.1 489.6 485.6 480.5 479.6 478.1 476.8 473.7 468.5 461.4 451.6 444.7 438.2 432.5 424.7 422.2 422.3 422.1 421.1 420.8 418.3 413.1 408.7 397.8 373.4 345.2 320.2 298.3 282.5 294.1 308 330.6 363.4 389.4 392.7 392.3 389.5 388.7 388.8 384.7 378.4 353.6 346 358.3 358.6 355.1 352.3 342.1 321.5
580.7 545.5 520 498.1 495.5 500.1 506.4 511.9 505.5 497.2 493.5 487.1 481.2 487.3 491.3 488.9 489.2 488.4 487.4 488.5 490.1 492 494.3 496.5 499.5 504.1 507 517.2 521.9 514.4 505.9 498.2 492.6 488.8 485.6 482.7 479.6 474.8 468.7 461.6 453.7 446 440.2 434.7 432.1 430.1 428.6 426.2 426.7 422.9 417.4 409 382.3 354.5 333.5 312 290.8 294.5 302.7 319 344.5 371.2 391.8 398.8 402.4 401.4 401.2 398.3 390.4 374.9 359.6 369.9 373.1 371 366.4 360.4 343.3 345.5
582.1 548.9 527.6 508 511.6 526.9 537.8 538.9 527.2 504 494.2 489.2 488.7 495.6 497.7 495.9 499.9 498.6 497.6 497.9 500.5 502 504.5 507.9 512.9 517.3 529.7 540 541.6 535.2 526.8 518.2 509.6 501.9 494.8 491.1 486.8 481.8 476.9 470.6 463.2 455.8 449.3 443.9 440.2 437.8 434.9 432.8 431.6 428.4 419.3 401.8 366.6 338.9 326.4 307.3 302.3 304.2 312.6 332.3 358.2 385.4 395.1 403.7 408.9 408.8 406.2 400.4 391.3 371 378.4 383 384.9 381.2 375.1 359.5 362.3 358.8
588.4 556.7 538.6 527.3 533.8 549.5 556.3 555.6 539.2 509.4 498.8 493 493.7 498.7 505.3 503.3 506.1 507.4 507 509.1 511.4 513 518.7 525.1 531.4 543.9 555.4 563.8 568.5 563.7 554.8 544.8 534.1 522.6 513 504.2 498.3 491.6 486 479.8 473 465.8 459.6 453.2 449.2 443.7 441.3 439.8 436.1 429.8 418.1 385.1 357.4 331.8 322.2 305 324.2 322.9 318.8 344.5 370.9 387.6 404.4 412.3 415.7 414 409.7 401.8 391.6 384.7 390.7 395.6 394.2 389.3 380.2 376.3 375.2 371.5
604.6 573.5 559.6 556.3 560 570.1 573.7 572.1 549.2 519 508.5 501 501.7 504.2 512 512.8 515.4 521.4 525.1 526.9 530 533.5 540.4 548.2 558.2 568.1 575.7 581.1 584.8 583.5 579.8 574 563.1 546.5 536.1 525.9 515.8 505.7 498.6 491.4 483.7 476.5 469.9 461.6 455.3 451.5 450.7 447 438.9 429.7 414.1 377.7 350 328.5 323.6 325.1 349.3 347.4 336 338.7 358.3 377.7 398.3 418.9 421.7 420.3 415.1 406.4 391.4 397.3 400 402.2 400.7 391.7 392.6 389.6 388.5 384.5
614.1 603.9 591.2 585.7 588.7 594 599.5 591.4 562.5 545 530.7 517.5 514.8 520.5 527.7 530.4 536.3 544.9 549.8 553.9 556 559.9 569.8 576.5 585 586.9 593.1 598.2 595.5 594.1 592.8 592.1 584.2 564.9 551.3 540.9 530.2 519 511.2 501.4 492.9 483.7 475.2 465.9 459.5 456.7 456.5 448.6 438.4 428.5 412.7 376.4 348 333.3 316.4 345.4 368 370.5 365.7 359 360.2 365.2 389.7 418.9 426.7 425.8 420.7 412.6 406.4 409.2 410.4 411.5 407.1 403.1 403.1 401.9 401.2 398.4
620.3 615 609.2 608.6 613 611.3 606.3 600.6 596.3 573.7 558.4 553 553.1 555.2 560.8 564.3 568 576.2 580.2 586.1 590.5 592.4 595.7 597.4 597.7 597.8 600.2 600.9 600.8 597.8 595.5 592.1 586.3 572.8 557.8 547.5 538.4 527.5 516 505.2 496.8 486.8 475.8 466.1 454.8 451.3 447.3 440.4 431.5 422.1 407.3 380.7 349.5 325.9 331.4 347.9 368.9 384.1 391.2 386.1 382.9 379.4 390 422.5 431.3 430.4 427.1 420.8 417.7 420.8 421.3 420.5 417.8 416.1 415 414.4 412.4 410.1
621.5 618.2 615.8 613.4 613.1 610.9 611.1 607.1 605.7 603.3 594.8 596.6 596.1 596.4 601.7 599 595.7 595 595.6 603.5 606 602.2 602.7 603.9 602.7 603 602.6 600.9 601 598.9 597.1 590.5 583 574.3 561.9 548.5 538.4 528.5 515.7 503.8 494.2 482.8 470.9 458.5 446 439.6 431.1 422.6 410.3 398.6 386.6 368.6 348 327.6 354 360 362.1 389.4 406.6 414.4 413.3 408.9 398.1 425.7 437.7 436.3 431.9 428.3 427.3 431 431 429.7 426.6 427.4 427.1 427.8 427.1 424.8
623.1 620.4 618.4 617.5 617.1 614.2 613.8 612.2 612.4 608.9 607.2 607.3 609.5 608.2 608.6 608.8 607.1 606 605.2 604.1 605.9 604.8 604.4 603.9 603.2 602.7 602 602.4 599.2 597.1 593.7 589.1 580.7 572.8 556.5 545.1 535.1 523.9 511.6 499.9 488.5 477.5 465.4 452.2 440.6 427.8 412.3 397.2 385.8 372.4 362.8 355.1 337.3 340.1 361.3 379.2 373.5 398.4 414.3 423 427.6 429.5 427.5 424.4 442.2 442.4 438.8 435.8 434.8 437.9 439.3 437.8 436 437.4 437.9 439.6 440.1 438.9
625 622 620.2 618.8 618.8 617.5 615.5 616 616.7 614.7 613.4 612.7 614.1 613.7 614.3 613.7 613.1 610.7 611.4 608 605.7 605.8 606 604.1 602.7 602.9 601.3 600.1 596.4 593.2 589.2 583.2 577.9 562.3 550.5 540.4 530.4 518.7 507.1 496.3 483.8 472.1 459.8 446.2 432.7 411.4 388.2 375.6 362.7 352.4 340.5 340.7 348.8 356.9 373.3 389.6 387.1 407.5 420.1 428.7 434.7 437.4 440.1 436.9 445.7 448.4 448.9 447.1 445 448.9 450.7 452.3 450.3 450.9 452.5 454.1 454.1 452.9
625.6 623 621.4 620.3 619.1 617.7 618.7 618.3 619.9 619.5 616.3 616.1 617.9 617.1 616.6 616.9 614.6 613.6 611.4 609.4 606.3 605.5 605.6 603.3 601.9 600.4 599 596.6 594 590 584.8 579.4 570.2 557.3 544.6 536.9 526.9 515.6 504.1 492.6 479.9 466.1 452.7 438.2 416.6 392.2 375.8 356.9 355.1 361.8 367.3 368.7 372 375.7 388.7 401.3 408.1 409.7 426.2 434.5 438 442.5 446 447.2 448.4 453.3 456.3 456.8 456.2 460.2 461.5 462.1 463.7 465.1 471 474.4 472.8 471.1
625.4 623.6 622.1 621.3 620.8 619.4 619.5 619.2 620.9 620.8 618.4 617.4 618.8 620 618.8 617.6 615.4 613.1 611.9 608.3 606.1 603.7 602.3 601.8 601.4 599.2 596.7 594.7 591.6 586.3 581.6 574.6 565.2 554.1 544.2 534.7 524.3 514 502.8 489 477.5 462.5 448.3 430.8 401.8 383.4 366.4 377 380.2 382.8 386.4 392 394.5 386.3 408.7 414 419.3 417.8 429.5 436.3 442.7 447.8 452.2 454.2 454.4 457.6 462.6 465.5 466 468.8 470.5 473.3 479.5 486.9 495.7 505.7 506.7 503
625.2 624.7 622.3 621.7 621.6 620.3 620.3 620 621.4 621.7 619.8 618.7 618.8 619.8 618.2 618.1 613.5 612.7 610.2 607.1 604.6 604.2 603.1 601.5 598.4 595.7 592.9 591 586.4 582.9 578.1 572 563.2 553.7 543.9 534.9 523.8 511.7 496.9 480.3 469.3 456.4 443.2 425.1 401.7 375.7 387.2 399.7 405 405.5 407.5 413 415.7 413.3 422.3 427.9 430.6 430.1 435 440.6 449.1 457.1 462.4 463.7 462 461.6 468.5 472.2 475.2 477.7 487.5 496.8 500.5 502.8 508.6 515.2 520.9 522.9
623.5 621.3 621.7 622.3 621.4 620.5 619.7 620 620.5 621.2 620.5 620.6 619.1 619.2 618.1 615.1 612.4 611.2 607.2 606.8 605.1 603.7 603.3 602.5 599.6 596.3 591.6 587.1 580 579.6 574.4 569.4 561.3 550.9 538.5 520.7 512.4 501.8 485.4 466.3 448.8 439.8 429.2 411.6 384.1 393.5 408.5 418.9 425.7 428.4 430.6 434.3 435.5 434 437.1 439.9 439.5 441.9 444.5 451.6 462.9 471.3 472.5 473.7 472.3 472.7 476.8 480.9 485.1 493.7 507.5 511.8 512.4 514.2 518 524.4 531.8 532.2
620.3 620.3 620.6 621.4 621 619.9 618.3 618.8 619.5 620.3 620.9 620.6 619.9 619.4 617.6 616.8 614.8 613.1 611.1 607.6 605.8 604.4 603.9 602.6 601 596.6 593.4 588.7 583.2 578.4 573.1 566.5 544.3 521.5 513.2 507.7 496.9 484 463.2 445.1 434.8 420.5 402.2 390.6 402.4 417.8 429.4 438.3 445.8 451.4 455.3 456.8 453 450.6 451.6 452.4 452.5 452.7 456.6 462.6 473.8 485.1 491.9 495.5 489.3 485.6 488.6 493.8 504.4 511.7 522.1 529.3 525.6 526.5 531.9 540.6 544.1 543.8
617.9 618.4 622.8 618.8 617.7 617.3 614.3 616.8 617.8 618.1 618.3 617.5 617.3 618.3 616.7 615.9 615.7 612.7 611.5 608.7 606 605.1 604.2 602.7 599.1 597.1 593.9 588.8 584.1 577.3 572.5 568.5 558.9 527.7 501.5 477.7 463.9 450.7 440.7 434 436.6 432 422 420.7 429 442 450.3 458.8 470.4 477.1 476 473.6 468.5 465.7 465 465.7 466.5 467.4 471.6 477.6 491 507.6 510.3 512.1 512.4 508.2 511.9 520.5 524.9 527.8 532.6 537.2 536.9 540.6 545.2 548.7 551.3 548.1
614.8 616.3 617.2 616.4 614.2 613.8 611.5 614.1 613.8 615.5 616.8 615.9 616.2 614.4 615.5 615.1 614.2 611.4 608.3 607.2 605.3 603.1 602.9 602.4 597.7 595.4 592.6 587 582.2 577 571.7 566.9 558.7 547.4 527.8 510.9 494 486.8 477.6 467.8 456.4 445.8 427.4 442.6 452.3 460.2 468.3 482.8 500.6 501.4 499.1 500.8 489.4 489.1 485.9 486.4 488.4 489.3 492.8 502 519 531.7 537.6 538 534.2 533.3 534.3 538 543 544.1 542 544.8 548.2 550.2 551.1 552.2 552.7 549
