Game/Highland_Data/StreamingAssets/GeoData/Data/sk/SK25.asc
ncols 200
nrows 200
xllcorner 420000
yllcorner 350000
cellsize 50
[rows 70 to 104 of 200, columns 0 to 77 of 200]
272.1 265.4 283.6 292.4 310.4 315.9 319.9 321.2 320.2 321.2 321.1 319.2 317.3 321 325.7 328.9 332 335.2 338.9 342.2 344.1 343.5 343.5 345.2 347 348.3 350.2 350.5 350.9 351.1 351.3 351.5 351.8 351.8 350.7 349.3 346.5 345.9 344.7 342.8 340.6 338.4 336.7 336.4 337.2 338 339 341 342.5 344.5 344.7 345.5 346.2 346.1 345.3 343.7 343.8 343.3 340.7 341.7 336.3 329.5 325.7 323.7 322.1 318.5 314.8 309.7 301.5 290.3 296.1 299.4 301.3 304.1 316.2 320 318.9 323.3
273.8 264.5 282.9 304 310.7 312.5 314.8 316 315.3 316 317 314.1 313.8 319.5 323 327 330.6 334.9 338.8 341.2 342.9 343.4 342.7 340.2 341.3 342.7 344.2 347.7 351.4 351.9 352 351.8 351.2 349.7 349 346.5 344.5 343.6 342.3 340.8 339.2 336.4 335.1 335.3 336.8 338 338 338.8 340.2 341.2 343.1 342.9 342.7 342.6 342 342.2 342.2 342.3 342.2 343.8 337.5 332.3 328.3 326 323.3 320 316.1 310.7 302.6 292.1 295 303.6 310 314.4 314.5 316.1 317.4 322.2
275.9 262 277.2 288.8 300.4 303.5 306.1 307.1 308.7 309.3 308.5 306.9 309.4 314.6 319.4 326.6 329.2 333.8 336.6 338 339.7 340.9 338.6 335.4 333.9 335.1 337.9 343.4 348.6 350.3 349.7 348.8 347.3 345.1 343.1 340.9 337.8 338.7 338.4 337.3 335.7 333.8 332.3 334.9 336.1 336.8 335.1 337.6 338.7 339.1 340.4 341.8 341.8 340.8 340 340.1 340.2 340.2 340.9 339.8 336.7 333.2 329.3 326.2 323 319.8 316.1 310.6 302.2 295.1 290.9 299.9 306 309.5 311.9 313.7 315.8 320.1
280.2 258.3 266.7 276.7 287.2 290.3 295.9 299.5 301.4 302.5 301.7 299.7 304.5 311.1 318.3 324.7 329.3 332 333.3 334.2 335.9 336.9 335.6 332.8 331.3 330.8 332.6 336.8 343.2 345.2 344.5 344.1 342.7 340.2 336.7 333.6 332.2 333.2 333.8 334.8 333.6 331.7 331 333.4 335.2 336.1 335.9 337.9 338.7 338.3 339.6 340.9 340.8 339.4 338.3 337.8 337.9 337.9 338.1 336.8 335.1 331.6 328.8 325.6 322.8 318.6 314.3 309.3 301.9 296.4 292.8 295.7 302.2 305.4 309.4 311.2 313.4 316.2
290 265.4 254 262.7 268.6 276.9 283 288 293.5 294.5 293.7 293.8 302.7 311.2 320 326.5 330.7 330.9 328.8 330.5 331.6 333.3 333.5 331.1 329.1 328.2 328.7 332.5 337.7 339.4 339.1 338.6 336.9 334.4 331.9 329 326.9 328.4 332 334.3 332.5 330.4 329.5 332 334.2 336 336.6 338.5 339.4 339.3 340 340.2 339.3 338.2 337 336 335.6 335.9 334.7 333.4 332.1 331.3 328.4 326.6 324 319.2 314.1 308 301.9 296.2 294.1 296.2 300.4 303 306.3 308.9 312.1 315.7
298.9 286.2 264.9 250.5 252.6 260.3 271.4 277.2 283 286.1 282.7 291.1 300.4 309.5 319.7 326.1 330.2 327 325 325.5 327.8 328.8 330.1 329.5 328.1 326.3 325.3 327.4 332.8 333.6 333 330.8 330.3 329.1 328.3 327.3 322.1 325.2 330.7 335.8 332.7 329.9 327.7 329.8 333.7 335.8 337.7 339.6 340.1 340.3 340.3 339.3 338 336.9 335.8 334.8 333.8 332.7 331.4 330.1 330.8 330.7 330.2 328.8 325.8 320.6 314.7 310.5 310.7 298 295.8 298.2 301.4 303.9 306.2 309.5 312.5 315.5
293.9 292.2 285.8 269 251.9 247.6 254.3 266.5 271.5 273.4 274.3 286.1 295.9 304.7 313 319.2 321.7 322.5 320.9 321.1 322.4 325.3 327.8 328.9 328.1 328.7 327.4 324.1 327 325.3 324.7 322 320.3 322 323.5 321.9 315.7 319.7 327.6 334.8 334.5 329.9 325.4 330.4 334.6 338.1 339.7 340.2 340.6 340.6 339.7 337.7 336 335.3 334.6 333.6 332.4 330 328.2 328.9 329.4 330.5 331 329 326.4 313.3 312.1 311.2 313.1 301.3 297.8 297.4 300.9 304.3 306.5 309.6 313.8 318.3
288 285.7 272.2 275.1 273.7 253.9 241.8 250.5 261.4 259 266.5 278.8 288.9 298 306.8 311.7 314.5 317.4 317.1 316.2 319.5 322.6 325.3 327.8 328.6 329.1 327.5 320.1 319.4 320.2 317.1 314.1 311.8 312.6 315.6 313.1 309.3 314.6 321.5 329.6 333.6 329.4 323.8 328.9 335.1 338.9 338.5 340.7 341 340.3 338.5 335.9 334 333 332.7 332.4 330.8 328.5 325.7 325.9 327.3 328.4 328.9 327.9 326.4 313.2 313.3 311.1 308.9 303.2 298.7 297.7 300.5 303.3 306.8 309.9 313.7 321.6
264.6 251.8 226.7 223.8 249.2 273.4 256.8 239.2 247.9 248.7 257.6 269.2 282.1 291.8 299.6 304.9 309.6 312.6 313.5 311.6 315.4 319.3 322 324.1 326 325.9 324.5 319.5 310.8 311.3 310.8 306.3 303.9 304.7 307.6 306.5 303.4 304.3 312.4 321.3 328.8 326.7 319.9 328.1 329.3 329.7 330.9 341.5 341 339.2 337.4 335 332.2 330.6 329.5 330 328.8 326.4 323.1 322.7 324.8 326.4 327.3 325.2 321.4 313.9 313.4 310.8 306.3 303.8 300.2 300.8 300.9 302.3 306.1 311.5 316.2 322.9
234 215.5 205.7 205.7 205.7 245.9 267.4 252.5 235.7 238.6 249.8 261.6 274.6 286.1 293.8 299.8 304.6 307.8 309.6 307.2 310.9 314.5 317.3 319.6 321 319.7 316.2 312.3 302 300.2 300.2 299 296.8 297.9 300.4 300.4 297.9 299.3 304.9 314.4 318.9 319.5 323.4 327.6 327.1 317.5 323.2 330.7 342 340.5 338.8 334.9 332.5 330.3 327.7 326.6 326.2 324.7 321.4 320.4 324.9 324.7 320.4 325.2 320.7 314.2 314.5 310.6 306.1 303.4 303.5 304.4 304.7 304.5 304.3 311.7 318.6 324.4
229.2 209.9 205.7 205.7 205.7 205.7 246.8 258.9 249.4 230.1 239.9 256 267.1 279.5 288.9 295 299.5 302.7 303.5 302.7 306.2 309.8 312.7 315.4 316 314.4 312 305.9 295.3 291 291.8 291.9 290.4 292.3 294.4 294 292.9 294.9 299.4 303.7 307.1 307.2 310.4 321.8 324.7 319.1 329.4 330.3 342.5 342.6 339 334.6 332.5 330.8 327.8 324.1 322.9 321.3 319.5 320.3 316.3 319.3 319.8 319.8 321.8 319.2 317.3 313.5 305.6 304.8 306.9 309.1 310.6 309.4 304.8 309.4 318.6 324.4
224.8 219.7 220.5 205.7 205.7 213.8 227.9 235.6 256.3 241.8 231.4 249.5 261.9 274.1 283.3 290 293.5 296.5 296.9 298.5 301.9 305.3 308.5 311.5 312.5 311.8 309.3 303.6 294.8 285.1 286.5 285.1 285.2 287.6 288.9 289.1 289.4 292.9 295.1 297.2 299.6 298.5 304.3 316.2 327.4 324.8 329.8 335.5 339.7 341.4 338.8 334.5 331.7 328.5 325.9 323.1 319.8 318.4 317 315.9 315.3 316.2 319.5 319.4 322 319.5 316.5 309.6 307.1 310.8 312.1 315.6 314.5 311.1 306.6 308.7 315.7 322.4
260.8 255.5 247.7 226.4 243.8 236.8 233.3 236.5 241.6 241 225.9 248.1 256.1 265 272.6 281.8 287.9 290.2 289.1 294.8 298.5 302.3 306.4 309.8 311.6 312 308.8 301.7 288.2 280.2 279.3 280.2 281.1 285.2 286.3 285.5 287.7 291.3 293.3 292.1 292.5 292.7 299.5 307.9 319.4 324.7 326.8 330.9 334.8 337.6 336.4 333 328.7 325.7 323.2 319.7 318.7 317.5 316 314.9 315.8 316.2 317.5 318.4 315.9 314.4 311.9 307.4 312.7 317.6 319.7 317.4 316 312.9 309.7 309.3 312.3 318.3
257.1 253.9 245.7 234.8 235.7 241.8 242.8 236.6 227.9 223 224.2 241.1 250.5 256.3 262.9 270.3 277.2 279.7 285.7 291.1 296.1 300.4 304.5 309 311.3 312.7 309.9 301.3 283 277.6 275.3 275.5 279.3 283.8 283.5 283.3 286.3 289.5 290.2 289.3 286.9 291.5 298.3 305 313.3 319.3 322.9 325.4 329.2 332.5 332.6 330 326 323.2 320.9 319.8 318.8 317.4 315.4 314.3 316.1 315.4 315.3 315.6 314.5 311.1 309.6 313.9 318.6 324.3 323.8 320 318 316.7 314.4 311.4 309.1 314.5
247 247.8 251.6 236.5 231.9 250.5 252.7 252.8 248.7 243.3 221 225.9 234.8 248.3 254 258.3 264.1 270.9 279.7 286.3 292.4 299 303.8 307.6 310.5 311.6 310.3 300.1 282.2 276.4 272.5 271.9 273.5 277 276.6 278.1 282.9 283.6 282.3 282 288.5 296.7 301.7 307.8 312.2 316.3 319.1 319.9 322.4 327.8 327.9 325.9 324.8 322.6 320.4 319.8 319.2 317.8 316.3 314.6 313.6 313.6 311.6 311.1 310.3 311.4 312.9 316.7 323 331 329.8 325.8 321.7 320.5 317.9 315.2 311.9 312
256.4 254.4 250.6 242.9 229.6 231.7 236 242.8 250.4 250.4 230.3 220 238.1 237.6 244.2 250.7 257.9 263.4 270.7 278.6 287.5 297.4 303.3 306.2 307.3 307.5 306.2 301.1 287.2 276.1 272.7 269.2 268.6 269.3 271 275.2 278.1 276.7 277.4 285.3 293.4 301.2 305.4 311.5 315.3 315.6 314.7 316.3 317.5 320.7 323.8 324.4 324.4 322.8 321 320.1 319.3 317.8 315.2 314.8 313.7 315.1 314.3 313.8 313.9 315.7 320.9 320.5 325.2 332.9 333.5 331.1 326.4 323.5 319.6 315.9 313.1 311.5
243.2 244.3 239 227.6 220 219.1 222 226.9 242.1 250.7 232.7 220.1 250.5 260.7 254.8 252.2 256.2 261.8 267.6 273.1 280.3 291.5 300.4 303.6 299.5 295.4 292.6 289.2 284.3 278.7 273.3 270 266.7 266.1 268.5 270.4 272.7 273.3 276 283.6 291.9 300.2 306.4 309.1 311.7 311.4 310.6 313.1 317.2 320.8 326 327.4 324.2 324.5 321.1 320 319.6 318.2 316.2 316.3 318.5 321.3 318.8 318.1 319.5 321.7 327.1 328 329.1 334.3 335.6 334 329.2 325.5 321.8 317.6 315 313.4
228.8 228.6 222.9 216.9 214.5 207 207.6 209.3 243.3 249.8 230.8 222.9 252.5 272.8 271.6 265.6 265 266.6 269.5 273.4 278.1 284.5 294.3 298.2 291.2 287.7 286.5 284 280.3 276.4 273.3 270.9 267.3 264.1 266 267.5 268.9 270.4 273.8 279.3 287.1 293.1 297.7 301.9 305.4 305.7 308.3 315.3 320.7 324.9 334.6 336.2 329 321.4 320.5 319.1 318.4 317.8 317.4 318.3 322.1 328 329.1 329.2 334.7 336.1 334.9 330.8 332.3 336 340.8 338.1 333.4 328.7 324.2 321.2 316.8 315.2
225.9 214.6 207.5 207.1 206.2 207.3 206.6 207.4 225.8 247.8 227 222 248.6 270.9 276 280.7 282.8 277.5 279 278.1 280.4 283.4 287.6 290.1 287.4 284.2 284.2 281.9 278.8 275.6 272.5 269 265.4 262.5 265.2 265.5 267.4 269.3 272.1 275.1 279.6 283.9 287.6 295 297.8 301.2 307.5 319 327.7 333.3 339.8 338 324.7 326.6 320.7 319.5 318.7 318.5 319.6 322.3 325.9 328.7 337.7 337.7 338.3 341.1 342.8 340.4 338.2 340.7 342.1 341.5 337.7 332.9 331 329.2 323.3 317.5
220.5 220.1 206.9 206.9 206.4 205.2 205.9 206.4 232.1 248.7 227.5 221.1 243.5 268 274.9 280.8 288.5 291.8 293.6 294 289.2 286.3 286.4 286.9 282.4 280.1 285.5 283.9 279.6 275.4 271.5 267.7 262.3 261.4 264.3 266.4 268.6 269.8 271.4 274 277.1 280 283.7 287.7 293.2 300 308.1 320.6 333.2 339.3 342 339.5 335.3 325.8 322.2 320 319.5 320 323.3 326.3 332.2 338.6 337.4 337.6 338.6 347.7 348.6 346.1 344.8 343.4 343.7 343.9 340 337.2 336.2 336.9 331.3 322.4
177.1 211.4 220.8 208.6 206.9 205.9 204.6 205.7 238.6 237.2 229.1 219.6 243 264.4 273.5 279.5 286.2 291.3 293.2 296.7 296.6 292.6 288 282.1 277.2 274.4 278.6 285 285.4 275.8 269.2 262.3 258.9 265.1 268.1 271 271.9 272.9 273.6 275 277.2 280.2 282.8 287.4 292.6 299.3 305.8 315.9 330.6 338.3 341.6 340.3 335.4 328.8 324.5 322.2 321.1 321.6 330.4 329.5 335.1 342.7 344.4 343.9 350.2 351.7 351.5 350.2 347.9 346.8 346.4 346.8 343.7 342 342.9 342.1 335.8 326.7
188.9 190.7 217.1 209 206.8 205.9 204.9 208 222.1 211.2 210.9 227.2 249.5 267.2 272.7 278.5 283.2 286.8 289.9 294.2 298.3 296.4 293.3 278.6 275.7 266.9 272.5 277.9 281.8 278.4 265.3 256.7 264.9 272.2 275.2 275.6 275.9 276 276.3 277.8 280.2 282.5 285.2 288.5 294.5 300.1 304.7 309.9 317.8 330.6 342.1 341.7 335.7 330 326.2 325.2 323.2 326.2 326.5 330.7 336.6 344.2 344.5 344.2 348.5 350.7 352.3 352 351.2 349.1 349 349 348.3 347 347.5 344.3 335.3 328.8
202.7 203.8 212.2 211.8 207.1 206 205.6 208.9 214.2 227.9 236.3 247.2 260.9 267.7 272.4 275.6 279.4 282.4 285.4 290.9 295.4 295.8 290.3 270.3 261.8 258.1 263 269.8 273.5 271.1 255.7 257.3 273.1 289.7 282.2 281.1 280.2 279.9 279.7 280.5 283.1 286.2 289.3 292.6 297.8 302.9 303.4 307.1 311.1 323.5 340.7 343 336.7 331 330.8 327 324.6 324.7 326.5 331.2 337 341.1 341.3 341.7 343.9 345.2 348.6 349.9 353.3 354.6 353.1 354.1 350 347.9 347.2 342.6 336.2 327.4
212 213.4 212.5 223.3 207.4 206.7 206.7 220.4 240.6 252.9 258.5 261.8 264.4 267.6 271 274.2 276.4 278.3 280.9 285.3 292.2 293.3 282.3 264.4 254.7 251.5 253.2 260.2 261.9 259.3 251.5 258.6 274.7 292.6 294 287.1 288.8 291.6 289.2 286.5 286.3 291.5 293.6 293.4 296.1 298.5 300.6 304.1 308.9 318.7 334 344.7 340.7 340.6 333.2 328.5 326.6 327.5 328.3 332 336.4 339 340 339.7 341.3 341.7 343.1 347.8 351.5 356.9 355.5 358.2 356.4 344.7 340.3 339.7 332.5 328.8
237.9 248.5 240.2 234.9 211.9 206.6 217.3 224.7 248.9 255.7 260.2 263.4 265.5 267.3 269.6 272.8 273.9 275.4 277.7 280.5 285.9 285.3 275.1 254.9 247 245.1 245.7 255.3 256.6 252.6 250.9 261.2 272 281 287.2 289.9 291.6 293.8 294.3 292 293.8 299.2 297.5 292.2 294.5 295.5 296.7 300.2 304.2 316.3 327.9 334.9 339.9 342.7 335.9 329.6 331.7 332.6 331.5 333.2 336 339.7 340.4 338.7 338.5 338.5 340.2 345.6 350 354.7 355.6 357.3 357 343.9 337.2 334.9 329.4 328.4
237.2 225.4 227.9 232.2 221.5 201.7 216.4 223.2 252.1 256.9 260.7 263.8 265.5 266.3 267.9 269.6 271.2 273.6 275.9 278.3 280.6 276.9 264.1 248.5 242.2 239.7 239.8 246.3 249.1 248.5 254.5 262.9 271.2 278.1 282.9 287 289.6 291.9 292.1 292.2 292.1 292.2 290.3 289.3 290.1 290 292.7 296.1 300.9 307.5 314.9 318.4 323.1 334.6 336.9 336.5 335.2 334 331.1 331.5 332.9 338.4 340.2 338.6 336.5 335.6 337.7 345.2 352.1 353.2 353.1 353.6 352.8 341.8 333.3 331.2 329.9 328.4
221.1 212.2 211.4 212.8 204 201.6 223 229 253.7 257.6 261.4 264.4 265.1 264.5 265.7 267.4 269.8 272.1 274.4 276.8 278.9 277.4 259.3 244.5 238.9 235 237.3 241.6 246.2 256.1 262.7 265.7 269.8 275.9 279.8 284.4 289.1 291 291.6 291.3 290 288.6 286.1 284.4 283.8 285.6 289.1 292.9 296.7 300.9 305.4 309.8 313.2 317.8 323.2 326.7 330.2 332.6 330.5 330.5 332.1 335.9 337.5 337.7 335.1 333.2 334.5 339.4 346.8 348.5 348.2 349.6 347.3 332.1 332.2 332.4 330.1 328.9
211.8 207.3 206 208.3 197.3 221.6 225.4 249.5 254.5 258.4 262.2 263.9 264.8 263.7 263.9 266 268.4 270.7 273.2 275.8 280.8 283.6 261.8 241.6 234.9 233.9 240 250.5 262.2 266.7 270.7 272.2 272.4 275 278.2 282 287 290.6 291.2 290.3 288.2 285.2 282 280.6 283.7 286 287.6 290.4 293.7 298.2 301.6 306.2 310.2 312.9 318 321.7 324.7 327.9 328.3 328.5 330.6 333 334.8 335.5 333.8 330.5 331.8 335.2 343 341.1 341.1 343 337.3 332.1 333.8 334.3 330.4 328.1
209 203.4 201.8 200.2 198.6 230.3 241.4 248.4 254 258.6 262.1 262.5 263.5 263.1 262.6 264.8 267.3 270 272.8 276 282.2 278.5 255.8 239.9 231.2 234.3 243.1 252.8 265.7 275.4 275.8 276.6 275.3 277.3 280 283 285.5 289.6 289.7 288.1 285.6 282.1 277.7 278.6 287.7 291.7 293.6 295.2 296.7 298.3 301.8 304.8 308.7 312.4 315.8 319.2 322.2 324.5 324.6 324 326.4 328.2 329.6 330.3 330.2 326.2 328.5 331.3 334.3 334.2 333.3 333.7 333.5 333.1 334.4 333.3 331.9 328.2
211.1 203.2 197.2 196 196 222.2 240.6 247.1 253.3 258.3 262.3 261.4 261.1 260.7 261.8 264.2 268.1 271.3 274.1 276.5 281 276.1 253.8 233.7 228.9 233.7 239.2 249.2 264.6 274.5 281.1 279.3 279.1 280 284.3 286.6 287 288.1 287.7 286.3 282.7 276.8 274.3 279.1 285 290.8 295 298.9 302.3 305.5 306.9 309.8 316.2 317 318.5 321.1 324.8 325.9 323 320.7 320.6 321.6 323.3 323.7 322.9 322.9 326 327.7 327.7 327.6 327.5 329.2 331 331.9 331.4 331.3 329.9 326.4
212.3 204 197.1 194 194.2 215.2 238.2 247.2 253.6 258 258.7 257.6 257.1 256.8 261.4 264.4 268.3 272.2 275.3 277.7 274.1 264 245.8 227.5 228.9 234.1 239 246.2 263 272.6 277.5 276.4 278.7 284.2 289.7 290.2 290 289.5 288.1 285 279.4 271.9 275.7 281.2 285.9 291.6 295.5 300.4 305.8 311.2 318.2 321.8 327.9 328.7 324.4 324.7 331 329.3 323.7 318.4 314.8 314.3 314.4 314.3 314.8 316.4 320.5 322.4 323.8 323.1 323.2 325.1 326.6 328 329.2 329.6 329.8 330.3
211.5 203.8 196.9 193.5 193.5 207.5 233.7 248.4 254.5 254.5 253.6 251.9 250.6 255.3 260.9 264.5 267.9 271.2 272.9 274.4 267.3 253.7 236.8 223.8 228.5 234 239.9 250.3 263.1 270.4 270.8 270.5 272.8 282.1 289.2 285.2 290.8 295.8 289.3 285.1 279.3 267.6 273.2 281.5 287.3 292.5 295.8 299.9 305.5 310.6 317.3 322.8 328.6 331.4 328.8 328.3 330.9 330.4 325.2 320.1 313.9 307.3 305 305.6 308.2 314.1 317.2 319.5 318.8 319.3 319.5 322 323.8 325.2 326.9 328.9 330.5 332.1
210.2 202.6 195.1 193.2 192.8 202 232.4 247.5 257.5 250 246.7 245.2 248.4 255.7 259.9 263.4 266.7 269.5 270.2 268.4 264.2 245 235.5 222.7 227.2 238 245.7 256.1 263 266.3 265.2 263.9 263.9 265.5 273.2 272.5 273.2 296.6 288.5 280.4 268.7 262 267.9 275.2 281.2 290 294.7 297.8 301.8 307.8 314.4 319.5 325.6 330.1 331.8 331.6 332.6 331 327 321.8 316.8 309.7 299.2 300.1 309.9 314.1 316.3 316.8 317.3 316.9 317.1 319.3 321.7 323.6 325.7 329.3 330 330.9
208.6 199.4 193.7 191.4 190.9 197.2 226.1 242 247.4 240.8 235.8 233.4 244.6 252.8 258.3 262.1 265.6 267.6 268.2 266.6 260.7 242.9 232.9 223.3 227.3 241.1 249.1 256.6 261.6 262.7 259 256.6 255.2 251.3 253.3 257.5 259 266.5 269.5 270.5 261.6 258.3 259 262.7 264.8 275.2 283.2 288.2 298.9 308.5 314.2 318 321.1 325.6 326.8 328.8 331 329.5 325 320.6 313.8 303.5 292.6 295.7 307.2 313.8 317.7 317 314.5 312.5 314.9 318.8 322.1 324.4 326.5 326.9 326.8 324.4
205.4 197.1 191.7 189.7 189.7 192.5 214.1 229.1 228.2 224.7 218.7 224.7 237 247.4 254.3 259.9 264.4 268.1 270.3 269.8 260 248 232.6 221.8 227.1 241.2 247.2 255.4 259.8 260.2 253.8 249.5 247.7 244.7 244.7 247.4 254.7 255.7 257.3 263.4 257.6 253.4 254.8 257.3 261.2 266 273.2 279.2 290.1 305 312 315.6 318.7 322.6 323.6 323.2 323.6 322.6 320.2 316.6 308.1 295.2 285.9 293.3 303.6 310.9 314.5 313 308.6 308 313.1 319 321.5 324.3 327 323.7 320.8 317.2
