Game/Highland_Data/StreamingAssets/GeoData/Data/sk/SK35.asc
ncols 200
nrows 200
xllcorner 430000
yllcorner 350000
cellsize 50
[rows 105 to 139 of 200, columns 79 to 157 of 200]
214.9 217.5 220.1 222.9 225 226.3 226.5 225.6 224.3 221.4 222.2 223.5 224.8 225 226.2 229.4 227.1 226.3 223.3 218.9 214.8 210.1 204.3 199.6 195.7 192.7 189.7 186.4 180.2 183 183.9 184.6 186.9 187.3 187.3 187.3 185.5 183.5 184.7 187.7 194.1 188.9 186.7 186.9 181.4 171.5 166.6 163.1 160.9 159 155.7 153.9 152.1 149.7 145.4 141.6 137.7 134 129.6 126.6 124.1 122.6 118.2 114.9 112.7 112.6 108.2 118.1 128.2 129.3 124.9 115.6 107.1 103 97.4 89.4 88.1 87.3 83.8
213.2 215.8 218.4 221 223.9 226.3 227.9 227.7 227.8 227.1 225.9 224.6 223.5 223.3 224.9 229.4 231.2 228.4 225.5 222.7 218 212.4 206.2 200.6 195.8 191.8 188.4 184.8 181.4 177.7 179.1 181.5 182.9 184.3 184.7 185 184.4 180.8 180.4 183.3 182.9 189.2 185.8 184.6 185.8 177.2 167.1 164.6 159.7 157.6 156.1 153.7 151.6 149.3 147.3 145.3 140.7 136 131.7 128.1 126 123.4 120.2 117 113.9 112.7 115.9 124.3 131.3 130.1 126.1 114.7 107.2 104.1 96.5 89 85.1 84.6 82.7
210.8 213.5 216.2 219.1 221.9 225 227.3 228.9 229.5 228.7 228.5 226.8 223.1 221.5 221.6 223.9 228.6 227.6 225 222.2 217.1 212.6 208 201.9 196 190.9 187.2 184.1 180.8 177.9 172.4 178.1 179.9 181.1 181.2 181.4 181.6 180.9 176.3 178.3 179.9 183.6 184.7 181.5 186 177.8 174.2 163.5 160.1 157.9 154.8 153.6 152.3 151.1 150.3 148.6 143.2 137.7 133.8 130 126.2 124.2 121.1 117.7 115.9 115.1 118 129.3 134.5 132.3 123.9 113.4 103.3 100.7 93.8 86.8 83.5 83 81.4
209.4 211.7 214.1 217 220 223.1 225.9 228.2 230.3 230.4 230.1 228.5 224.2 220.9 219.9 220 224.2 222.6 222 219.9 212.7 210.8 208.3 201.5 194.9 190.4 187.2 183.1 179.2 176.3 172.6 173.7 176.7 178.3 178.6 177.9 178 177.9 176 171.3 174.8 176.7 181.8 180.9 181.1 183.4 178 169.1 161.1 158.2 155.6 154 152.7 151.7 151.4 150.4 145.9 139.9 135.8 132.2 127 124.4 122.4 120.4 119.3 118.1 122.2 131.1 134.7 131.6 122.2 110.7 101.5 95.4 90.9 85.9 82.3 81.1 79.1
207.9 210 212.5 215.2 218.3 221.3 224.3 227 229.6 231.8 231.8 230.2 225.9 221.4 217.4 216.6 216.7 215.7 219.4 219.1 213.4 213 208.4 202.8 195.6 189.9 186.4 182.1 179.4 176.6 172.1 170.4 173.2 174.7 175.2 174.9 174.7 174.7 172.9 168.4 170.6 171.7 174.8 178.9 175.6 176.2 179.1 168.5 163 160 155.8 153.2 152.2 151.5 151.1 150.7 148.6 142.1 138.3 134.7 129.4 124.9 124.1 123.9 122 120.9 125.5 132.8 136.5 130.9 121.2 110.5 101.7 95.2 86.3 84.2 81.7 79.5 78.5
206.4 208.5 211.1 213.7 216.7 219.8 222.9 225.7 228.7 231.8 232.8 230.9 227.6 223.5 217.8 213.7 212.5 211.8 212.1 210.5 210.9 211.1 206.6 203.3 195.6 190 186.8 183.1 178.8 176 171.9 166.7 168.8 171.1 171.7 171.2 171.8 171.6 170.4 166 164.9 166.2 168.7 178.1 173.9 170.9 172.1 172.7 165.3 161 156.1 151.6 151.1 150.9 150.2 149.8 148.9 144.1 140 136.7 132 127 125.7 125.8 125.7 126.8 129.8 133 134.6 129.2 119.9 109.7 102.3 95 86.7 83.1 80.3 78.7 78.2
205.5 207.7 209.9 212.6 215.4 218.3 221.7 224.6 227.6 230.8 232.2 231.2 228.3 223.7 219.3 215.4 211.7 209.1 208.2 208.3 206.8 207.2 204.8 201.2 196.3 189.4 185.6 182.6 177.7 173 170.9 167.2 165 167.7 167.7 165.5 167.5 168.3 167.4 163.9 162.3 162.7 164.9 168.3 175.1 168.1 166.9 167.6 168.2 162.6 157 151.6 147.4 148.2 148.5 147.5 148.8 145.2 140.3 136.8 132.4 129 127.8 128 129.2 130.1 130.4 131.9 132.1 127.4 118.6 108.9 102.6 95.2 87.6 82.3 79.8 78.6 78.1
204.1 207.2 209.3 211.9 214.6 217.5 220.6 223.6 226.6 229.6 231.4 231.9 227.9 223.6 217.4 215.7 213.5 207.3 204.2 203.8 202.6 203.7 203.7 178.3 172.7 179.3 186.1 181.1 178.2 174.7 171.2 166.8 159.2 162.6 163.3 158.5 163.3 164.3 164.1 163 158.1 158.7 159.8 166.4 170.3 168.1 162.5 161.3 162.8 163.1 159.1 150.8 146.1 144 145.2 145.6 146.6 144 137.5 134.1 130.6 129.1 128.9 128.6 129.1 129.4 129.5 130.1 129.6 124.8 116.2 107.7 100.2 94.6 86.4 81.7 79.5 78.1 77.9
202.8 206.5 209.1 211.6 214 216.6 219.7 222.6 225.8 228.8 234.3 233 226.4 222 216.6 212.1 212 207.5 202.2 199.1 198.6 197.4 196.5 173.5 172.2 169.1 168.3 181.9 178.6 175.1 172 170.2 164.3 161.4 155.7 153.4 158.4 160 160.6 160.1 158 155.3 155.1 157 165.2 168.1 160.7 155.8 156.4 158.3 158.2 152 144.5 140.2 140.1 142 142.2 141.4 134.9 130.8 128.6 127.8 127.2 126.3 125.4 125.8 125.6 126.6 127.3 122.9 113.6 104.4 96.9 90.9 84.9 81.1 79.1 78.1 77.7
196.2 205.4 209 211.4 213.7 216.2 218.8 222.1 225.2 227.8 233.6 234.6 225 221.6 215.6 209.2 207.1 205.3 199.4 198.3 194.8 193.3 194.8 172.7 171.4 168.5 174.3 165 171.6 174.7 172 169.8 167.7 166 163.5 154.4 152.9 154.9 156.3 157.1 155.7 153.5 151.9 153.1 154.8 156.6 163.2 154.1 151.1 151.1 153.8 150.8 143.5 137.8 135 137.5 137 137.7 131.2 128.4 125.6 124.3 123.9 122.2 120.5 121.1 121.1 122.7 124.4 120.5 111.8 101.8 94 88.7 83.8 80.9 79.1 78.2 77.6
192.5 204.2 209.3 211.4 213.8 216.2 218.9 221.6 224.3 226.8 228.8 227.4 223.2 219.8 215 209.5 205.3 202.2 198.4 195.2 192.9 191.9 189.4 188 181.2 166.8 162.6 163.2 164.8 168.8 170.8 168.8 168 166.2 164.1 161.6 149.3 148.5 152.2 153.7 153.1 152 150.7 150.1 150.7 152.1 157.7 153.8 146.3 145.7 146.6 147.6 143.1 135.6 129.9 132 132 132.8 129.3 125.7 122.9 119.5 119.7 118.1 113.2 108.3 114.5 118.7 122.1 118 110.4 102.6 98.3 92.5 85 80.7 78.7 77.9 77.5
183.6 199.2 206.9 209.3 211.9 215.3 218.6 221.2 223.4 225.5 227.5 224.3 220.5 217.6 212.2 208.4 204.4 200.5 201.5 198.6 193.7 190.3 187.1 184.1 181.6 178.8 167 161.3 162.3 170.2 168.6 167 166.7 166.5 165.3 160.5 150.8 144.4 148.1 150.6 151.2 150.6 149.4 148.2 147.8 147.5 149 151.8 144.9 141.2 141.7 142.2 139.3 131.9 126.6 128 127.7 127.9 125.7 122.9 119.4 116 111.8 110.7 107.1 104.6 106.8 113.2 118.1 116.2 109.2 105.1 101.9 93.8 85.4 80.6 78.6 77.6 77.4
174.8 190.9 201.7 206.4 209.8 213.1 217.3 220 222.3 223.5 222.1 218.2 217.2 214.8 209.8 207 204.6 203.7 205.7 205.7 198.1 191 186.4 182.7 178.7 174.6 172.5 171.2 166.8 166.2 165 164.2 163.3 163.5 162.4 158.8 151.7 138.5 143.3 146.6 148.8 149 148 146.9 146 145.2 145.1 144.3 142.2 138.4 135.9 135.1 133.3 127.6 122.7 123.3 123.3 122.2 122.5 119.1 115.2 112.3 106.3 104 100.8 99.2 101.2 106.1 109.1 109.7 107.1 102 99.4 92.5 85.4 80.5 78.6 77.7 77.4
169.9 180 189.7 203.4 208 211.3 214.2 217.4 219.4 217.3 213 212.5 213.6 211.5 208.7 207 205.4 205.2 208.3 209.2 204.5 192.4 186.2 181.4 177.3 173 169.4 165.8 163.3 161.9 160.9 159.9 159 158.4 157.5 155 152.8 147.6 136.3 141.2 145.5 147.3 147 146.1 144.9 144 142.7 140.8 140 136.6 132.6 130.2 126.7 121.9 118.5 118.1 117.9 117.1 116.8 114.1 109.7 106.6 102.1 101 97.7 95.8 96.6 97.1 97.9 99.4 101.6 97.2 94.3 90.2 84.8 80.5 78.6 77.8 77.6
162.7 170.9 179.2 187.7 196.5 202.9 208.3 211.1 208.9 205.7 206.1 207.6 208.3 208.3 206.5 205.6 205.7 207.4 210.6 211.8 205.2 192.2 186 180.5 176.1 171.6 167 163.2 159.6 157 161.7 162.1 155.2 154.8 153.8 152.6 151 148.1 137.9 137.8 141.8 144.4 146 146.1 145.2 143.7 142.3 140.5 140 138.7 132.6 130.7 127.3 120.3 115.5 112.1 111.1 110.6 109.7 107.7 105.6 102.5 99.8 98.3 97 93.9 91.7 90.9 88.9 88.7 90.9 92.2 89.8 87.8 84.6 80.7 78.6 77.6 77.4
156.1 162.6 168.5 176.2 182.1 187.1 191.5 194.4 196 197.6 198.8 202.4 204.4 202.3 200.7 201.1 203.8 208.4 212.9 216.4 204.1 192.6 187.1 180.9 175.3 167.9 164.4 158.7 156.7 153.5 152 162.4 156.9 151.2 150.5 149.5 148 145.4 135.6 136.8 140 143 145.4 146.8 145.8 145.1 143.5 141.1 139.9 138.3 136.2 135.7 132.3 123.3 119.1 115.5 111.2 106.6 104.5 103.5 103.7 99.7 97.5 96.1 94 92.6 91.8 91.1 91.8 91.9 86.8 86 85.3 83.1 82.6 80.3 78.3 77.6 77.3
148.7 154.4 161 166.9 171.6 177.2 181.6 184.7 186 187.5 189.7 192.6 194.6 196.9 197.9 200.9 205.9 210.9 215.8 219.6 202.5 192.3 186.3 180.7 175.1 164.9 157.9 153.1 151 150 147.7 146.9 157.5 147.9 147.3 146.5 143.3 141.2 130.9 135.1 138.8 143.1 145.6 147.6 147.8 147.6 146.5 145.6 144.1 140.6 140.7 140.4 136.6 127.2 122.6 119.8 117 111.6 111.2 106.8 103.5 100.3 98.1 96.5 95.1 94.4 95.9 102.2 108.7 98.7 98.7 89 84.9 83.8 82 80.9 78.4 76.9 77.2
138.1 148.5 155.3 161.8 166 169.8 173.3 175.9 177.4 179.4 182.6 184.9 187.8 191.3 197.1 202.1 207.9 213.9 219.5 222.2 204.2 194.6 187.8 180.6 175.8 169.6 161.2 160.6 159.3 153.5 144.3 140.6 140.7 143.8 144.5 143.7 136.7 136.1 131.8 134.3 138.9 143.8 147.1 149.4 151 151.7 152.9 152.1 147.6 143.9 144.3 147.7 139.5 131.4 126.1 123.2 121.9 118.5 121.1 115.1 108.5 106 102.9 98.9 99.1 98 103.8 114.9 122.1 117.1 109.5 100.7 89.5 84.1 82.8 80.7 78.5 77.2 77.3
121.3 137.6 148.4 157.2 162.8 165.1 166.3 168.6 171.6 174.9 178.7 182.8 186.7 191 198.5 204.3 210.6 216.3 221.6 226.5 206.9 194.8 188.5 182.6 176.1 168.1 167.3 165.8 161.5 155.5 149.7 142.5 137.9 138.5 139.5 139.2 136.4 127.4 129.1 135.2 140.9 145.6 149.2 152.1 154.1 155.6 159.2 157.1 149.8 149.2 152.1 151.4 143.6 135.1 130 129 126.5 125.5 129.3 121.9 114.6 110.4 106.7 103.2 102.5 102.7 108.7 122.4 125.2 120.9 113.2 104.7 95.5 88.4 83.6 81.4 78.8 77.1 76.8
112.9 128.2 138.5 152.6 158.4 161.8 165.5 168.6 171.4 175.2 178.9 183.1 188.1 193.8 199.1 206 213.8 220.1 224.8 225.3 206.2 196 189.1 183.7 178.3 172.5 170.5 168.4 163.4 157 150.6 144.9 140.3 134.5 133.1 135.2 134.2 122.8 133.4 140.6 142.9 147.2 150.6 154.2 156.6 159.4 160.6 158.1 154.5 155.9 159.4 152.6 146.5 140.1 134 135.6 132.5 130.4 133.3 127.3 119.5 115.2 110.4 104.5 102.4 103.3 107.8 116.6 125.6 123 115.7 107.4 98.9 90.5 85.8 81.4 78.9 77.3 76.9
107.2 118.4 131.4 143.1 158.2 162.9 165.5 168.3 172 175.5 179.6 184.2 189.4 194.8 201.4 208 216.2 222.9 228.5 222.4 204.8 195.1 188.6 183.5 180.4 173.7 172 168.8 162.8 156.5 150.3 145 140.5 137 131.5 128.5 130 126.4 138.9 140.3 144 150 153.1 156.8 158.9 162.3 164.2 159.8 157.9 162.1 163.6 156.3 149.4 144.2 138.8 142.2 137.8 135.6 137.6 131.8 122.8 117.8 110.9 104.9 99.8 99.3 102.4 108.9 117.8 122.5 116.8 109.9 101.6 92 86.3 81.5 78.7 77.1 77.2
96 113.4 123.2 129.5 155.8 158.4 162.7 167.4 172.5 176.5 180.9 186.2 190.5 195.7 202.5 210.3 218.1 225.3 231.5 221.8 200.4 195.7 188.5 184.7 180.6 175.6 171.9 167.6 162 155.7 150.4 144.7 140.3 137 132.6 126.2 125.5 125.6 134.6 137.5 141.5 147.5 155.7 160.1 163.3 167.2 171.4 162.3 160.9 167.5 165.3 158.7 152.9 148.4 143.6 147.1 143.3 139.4 139.7 133.2 123.2 116 109.3 103.3 98.8 94.9 97.5 101.1 107.5 111.8 113.3 110 103 92.5 85.3 79.7 76.9 77 82.9
92.3 105.2 116.8 127.4 140.8 156.6 164.3 169.7 174.2 178.2 182.1 187.6 191.9 197.7 204.3 212 220.4 227.7 233.9 216.9 199.9 194.4 190.1 185.7 179.2 174.6 170.7 165.8 160.2 154.2 149.2 144.7 141.2 137.4 133.4 127.4 124.6 123.8 128.7 133.7 137.2 141.8 148.6 158.6 165.9 171.8 168.4 165.2 167.4 172.2 167.4 161.3 156.1 151.9 147.7 150.6 145.1 140.1 139.1 133 121.6 113.3 107.5 101.2 97.1 93 93.8 96.2 98 102.1 105 105.5 101.3 92.5 84.3 77.5 76.5 76.9 77.2
88.5 100.9 109.7 119.3 131.6 151 164.2 171.4 175.5 179.2 183.4 187.5 192.7 198.6 205.3 213.2 221.4 229.3 234.3 207.8 200.3 193.8 188.6 183.8 178.7 175 166.7 161.6 156.7 153.3 148.3 146.9 144.4 141.1 137.1 128.9 118.9 119.1 121.8 126.5 132.5 136.8 142.5 150.7 159.5 165.1 165.2 166.2 172.9 174.3 168.1 162.7 158.2 154.4 151.6 149.6 145.3 139 136.3 130.8 120.7 112.6 105.9 100.3 96.2 92 89.5 88.9 91.2 91.9 95.4 97.7 96 89.4 81.6 77 76.5 76.8 77.1
85.7 95.3 106.1 115.2 125 137.6 160.4 170.7 175.5 179.3 183.1 187.6 192.8 198.3 205.5 212.8 221.2 230 223.4 206.1 200.3 193.3 188.4 182.7 178.8 174.7 164.5 158.5 155.9 155.3 151.4 148.6 146.7 143.9 141.6 129 119.4 113.1 119.2 123.4 128 135.3 141 146.9 152.8 159.1 163.5 169.7 175.2 172.9 166.5 161.7 158.4 154.8 152.2 149.5 144.4 137.4 132.4 128.6 119.8 112.4 105.1 99.2 95.9 91.8 89.2 86.7 85.1 86.1 86.7 87.3 86.5 83 77 76.3 80.1 76.4 76.6
82.8 92.9 102.2 112 121 133.3 147 168.1 174.3 178.6 182.6 187.3 192.9 198.6 204.4 211.8 220.6 229.5 217.1 205.6 198.9 193.9 188.8 182.1 178.4 175 170.5 164.3 159 156.3 151.3 147.5 146.2 144.8 137.5 126.5 124.5 115.9 116.5 121.3 126.4 135.1 141.5 148.9 155.8 160.8 164.7 170.5 171 168 163.3 160.2 156.9 154.5 151.9 149.1 142.7 136.1 129.2 127.4 119.8 112.8 104.7 98.2 94.6 91.4 89.1 86.5 84.2 82.7 83.3 82.2 80.8 75.9 75.7 82.2 76.4 76.4 76.4
82.7 91.2 98.8 108.8 119.8 128.7 141.1 158.6 172.6 177.4 181.2 185.5 190.8 196.6 202.4 210.1 219.6 229.6 214.9 205.1 199.4 192.3 187.2 181.5 177.1 171.8 168.5 163.3 157.5 150.9 149.9 147.7 143.5 141.6 133.5 127.3 123.1 113.3 113.3 118.2 123.1 130.3 139.6 145.7 156.4 161.3 161.5 161.1 160.5 160.2 159.7 157.4 155.6 152.6 150.8 147.5 142.1 134.9 127.4 122.6 117.2 109.7 103.3 98.1 93.8 90.6 88.4 86.2 84.2 82.1 79.5 78.1 75.7 75.6 82.1 74.3 76.3 76.9 78.7
82.6 90.9 97.6 106 117.1 125.9 135.1 146.4 170.4 176 179.9 184 189 194.6 201.5 209.1 218.7 228.9 211.7 204.5 197.6 191.8 188.2 181.9 178.1 173.6 165.1 160.9 159.4 155.9 152 148.2 145 142.5 129.1 124.4 118.5 112.9 108.7 115.5 120.4 123.8 129.7 136.5 145.6 146.5 147.4 149.7 151.9 153.3 154.6 155 153.9 152.2 149.8 146.6 140.5 133.2 127.3 122.9 117.6 109.3 101.3 96.6 93.2 90 87.8 85.7 83.6 81.5 79.4 76.1 75.5 81.8 76.2 78.1 78.6 78.3 81.4
83.1 90.2 97.7 105.2 113.1 122.8 133.7 142.6 166.3 177.1 180.7 184.2 188.5 194.8 201 209.3 219 226 209.3 202.9 196.5 190 186.6 181 176.3 173.5 168.6 165.4 160.3 155.9 151.4 149 146.5 142.3 129.3 124.3 118.7 114 106.4 109.1 117.9 120 125 129.9 133.6 137.4 140.9 143.9 146 147.5 150.2 152.5 151.7 150.2 148.5 145.2 139.7 134.4 127.9 129.5 121.6 109.9 100.8 96 92.4 89.3 87 84.8 82.5 80.6 78.7 76.6 81.5 75.8 76.1 85.6 82.4 81.4 84.3
83.9 90.4 96.7 104.8 112.3 120.4 130 138.7 154 177.4 181.1 184.9 189.5 195 201.1 209 217.9 223.1 208 201 195.4 189.3 184.9 179.2 174.7 171.6 168.1 163.6 158.2 156.6 153.9 151 148.1 140.8 130 124.2 118.9 112.6 105.9 107.3 115.8 118.1 121.2 125.1 129.5 134.2 137.4 138.5 141.9 146.6 150.6 151.2 149 147 144.5 141.7 138.7 134.5 134.5 129.8 120.2 108.9 100.3 95.6 91.1 88 85.5 83.3 81.5 79.2 77.3 80.8 75.8 75.8 85 93.8 84.2 85.7 87.7
84.5 90.2 97.3 104.3 112.6 119.7 127.6 136.9 148.3 169.4 182.2 186.2 190.1 195 199.9 207 215.1 212 204.8 197.9 192.5 187.5 182.7 178.5 174.8 170.7 167.2 163.3 160 157.5 154.9 152.5 149.8 140.6 131.3 124.5 117.6 112 104.2 104.1 112.6 116.2 118.4 122.9 127.8 131.6 135 135.9 140.2 144.1 144.8 144 141.7 141.2 139.1 138.2 137.1 136.4 133.6 125.9 116.7 108.4 100.9 95 90.1 86.6 84.2 82.2 80.4 78.3 78.4 75.5 75.8 80.2 96.1 96.2 85 88.3 91.3
85.6 90.7 95 103.7 111.4 118.3 125.4 135.5 144.8 156.3 180.8 185.7 190.1 194.5 199.6 206.4 214.8 209 203.1 196.6 191.5 186.8 182 178.1 174.2 171 167.7 163 160.1 157.6 155.4 153.1 150.4 139.9 133.2 124.6 115.5 109.7 104 101.8 108.2 109.8 112.3 118 122.7 127.2 129.2 133 134.9 138 138.1 135.1 133.7 134.9 135.6 134.8 135.6 134.3 129.5 122.8 115.2 106.9 98.5 92.2 87.9 84.8 83 81.1 79.5 76.4 75.5 75.4 75.9 88.8 105.2 96.7 86.9 91 94.7
84.7 90.1 95.1 102.3 110.1 116.4 124.1 132.7 142 152.9 178 184.2 189.6 194.9 200.5 207.1 215 210.8 202.1 196.1 191 187.2 183.3 177 172.4 170.1 168.6 164.6 159.5 156.4 153.7 151.7 148.9 138.6 132.9 123.5 116 109.6 102.5 97.6 102.3 103.5 105.6 112 118.1 122.4 121.7 124.1 127.7 129.3 130.6 128.2 128.3 132.5 132.2 131.2 129.3 128.1 124.6 118.4 111.4 103.7 96.6 90.5 86.9 83.6 82 81.4 77.8 75.6 75.4 73.8 80.7 97.2 105.8 96.4 89.7 91.9 96.3
84.1 89.8 94.9 100.2 108.9 114.7 121.1 130.6 141.1 152.3 170.3 183.7 189.6 195.4 201.9 210.6 217.6 211.1 202.8 197.8 191.5 187.2 183.4 178.1 173.6 169.9 167.9 165.1 160 155 151.2 149.4 148.1 138.7 133.5 123.5 114.6 109.3 106.1 98.6 95.2 95.9 100.6 112.4 116.9 117.8 116.3 116.5 120.9 121.3 122.2 122.8 123.2 128.7 128.4 126.2 123.4 121.7 117.5 112.9 107.6 101.5 95.2 89.7 86 83.8 80.9 78.6 76.5 75.5 75.5 73.8 85.8 104.3 102.5 94.7 89.9 90.9 95.6
84.5 89.8 94.8 101.8 108.3 115.1 121.5 129.7 139.2 149.1 165.7 179.7 189.8 195.4 203.2 211.5 218.4 209.1 203.7 198.2 192.4 187.3 183.5 179.7 174.9 170.6 166 160.5 156.8 152.9 149.1 146.9 142.3 137.8 132.9 123.7 113.9 112.7 108.9 101.2 94 92 95.6 109.7 110.4 112.1 111.2 111 112.3 115.1 116.4 117 118.8 122.9 123.6 120.8 117.6 116.2 114 110.5 106.2 99.2 93.3 89.1 81.1 82.3 79.7 77.6 75.8 75.8 75.5 78 92.6 104.8 99 91.9 88.4 88.4 92.6
