Game/Highland_Data/StreamingAssets/GeoData/Data/sk/SK36.asc
ncols 200
nrows 200
xllcorner 430000
yllcorner 360000
cellsize 50
[rows 70 to 104 of 200, columns 0 to 77 of 200]
323 323.3 324 325.1 326.3 327.5 328.7 330.6 330.4 327.5 325.2 321.4 319.3 318 317.4 318 318 317.5 316.9 316.5 316.1 315.8 315.3 314.5 313.7 312.7 310.8 310.7 315.2 321.8 325.6 329.8 330.6 330.7 329.3 327.7 325 321.7 317.7 312.9 308.9 305.6 303.6 303.6 304.5 304.3 303 302.3 300.3 299.8 299.5 299.8 300 300.2 300.7 300.9 299.7 302.1 304.2 307.7 311 311.8 311.7 310.2 308.9 308.8 310.1 311.6 312.7 311.8 309.4 310.6 312.7 314.5 314.3 313.9 310.1 307.5
323 323.7 324.5 325.6 326.7 327.6 328.3 329.1 329 327 322.8 319.8 318.3 317.5 317 317.2 317 316.5 315.9 315.2 314.9 314.6 314.2 313.6 312.8 311.2 309.2 310.9 315.8 321.1 328.1 331 331.7 331.3 330.2 327.6 323.8 319.8 314.1 308.9 304.8 300.2 299.1 299.9 301.7 303.7 302.5 301.3 299.1 297.8 297.5 297.8 298.1 298.5 298.9 298.3 298.2 300.4 302 304.5 308.6 312.1 313 311.5 309.9 309 310.4 313.4 313.8 312.3 312.1 312.5 314.4 315.1 313.5 309.5 306.3 303.6
323.1 323.9 324.6 325.6 326.3 327.1 327.8 328.5 328.2 324.9 321.5 318.8 317.5 316.5 315.9 315.9 315.9 315.5 314.7 314 313.6 313.1 312.8 312.4 311.5 308.4 308.6 313.3 318.2 323.9 329.4 331.6 331.9 331.4 330.3 325.6 319.4 314.1 309.2 304.5 299.4 295.5 295.9 297.6 300.1 302.9 302.4 300.6 297.9 296.2 295.6 295.9 296.2 296.6 296.9 296.9 296.8 298.7 300.3 302.5 305.9 310.2 312.7 313.8 311.9 310 309.9 312 314 312.7 313.4 315.2 315.9 315.1 311.7 307 303.3 300.9
322.8 323.7 324.7 325.4 326.1 326.6 327.1 327.5 327.1 323.3 320.2 317.8 316.9 316.1 315 314.7 314.5 314.1 313.4 312.6 312.1 311.7 311.3 310.8 308.7 305.4 311 318.5 312.4 327.7 330 331.7 331.9 330.8 325.1 319.6 314 308.6 302.3 298.6 294.6 292.4 294.1 296.4 299.1 302.1 302.2 300.3 296.9 295.1 293.9 294 294.3 294.6 295.1 294.7 294.8 296.3 298.8 300.9 304.2 308.2 312.2 314.3 313.7 311.8 310.5 310.5 312.5 312.5 314.8 316.8 317.1 314.7 309.2 304.9 301.5 299
322.5 323.6 324.7 324.9 325.3 325.8 326.2 326.6 325.9 322.4 319 317 316.2 315.3 314.1 313.4 313.1 312.8 311.7 310.8 310.3 309.8 309.2 308.2 305.6 304.3 310.6 318.2 320.6 325 329 330 329.5 324.4 319.7 311.2 306.1 300.7 295 293.1 292 290.4 292.7 295.2 298.7 301.7 301.7 300.2 296.1 293.8 292.4 292.2 292.6 293 293.1 294 294.9 295.4 297.7 300.5 303.3 306.7 313.1 314.5 315 313.6 312.4 311.3 311.3 313.4 315.7 317.4 316.8 312.6 307 303.6 300.6 297.5
322.3 323.1 323.5 323.9 324.5 325 325.4 325.5 324.9 321.5 317.8 316.1 315.2 314.3 313.1 312.2 311.7 311.4 310.3 309.3 308.3 307.7 307.2 305.6 301.6 304.6 309.5 313.7 317.6 316 323.2 315.6 310.2 305.9 304 298.8 294.9 293.3 290.8 289.7 289.3 289.1 291.7 294.7 298.7 301.3 301.1 299 295.7 292.8 291.3 290.4 290.9 291.2 291.5 294.1 295.8 296.6 296.6 299.8 302.6 304.9 310.1 314.5 315.1 315.4 314.4 313.4 312.5 313.8 315.8 316.3 314.9 309.9 305.6 302.9 300.1 297
322 321.7 322.5 323.2 323.7 324.2 324.4 324.3 323.7 320.5 316.8 315.7 314.4 313.3 312 310.9 310.3 309.8 308.8 307.8 306.4 305.6 305.1 301.8 298.8 305.3 309.4 311.9 313.7 310.6 304.4 300.3 296.1 293.2 292 290.3 289.3 288.5 287.8 287.5 287.1 287.9 290.6 294.4 298.4 300.8 300.2 298.4 295.1 291.9 290.3 288.7 289.2 289.6 290.5 292.3 294.3 296.1 295.7 298.2 300.6 303.5 306.9 311 314 315.7 316.7 316.1 315.4 314.8 315.7 314.8 311.1 307.1 303.9 301.6 299.1 296.6
321 321.6 322.2 322.9 323.4 323.9 323.9 323.3 322.6 319.6 317 315.6 314 312.4 311 309.9 309.2 308.3 307.3 306.1 304.7 303.3 302.5 297.6 298.4 304 304.1 301.5 296.7 294.9 294.6 290.6 288.3 285.3 285.3 285.4 285.5 285.3 285.5 285.8 285.2 286.9 289.6 293.3 297.9 299.8 299.4 297.8 294.7 291 288.9 287.4 287.4 288.2 289.1 290.5 293.5 295 295.5 296.3 298.1 301.2 303.9 306.4 311.6 315.6 317.5 317.8 317.2 316.5 315.6 311.8 307.6 304.4 301.8 299.8 297.8 295.5
320.9 321.4 322.1 322.7 323.2 323.5 323.3 322.5 321.3 319.1 316.9 315.1 313.4 311.7 310.1 308.8 307.7 306.7 305.6 304.3 303.1 301.4 300 294.1 296.3 299.3 294.6 290.7 287.5 286.4 283.4 282.8 281.2 280.7 280.9 282.4 284 283.3 283.5 283.9 283.4 286 288.8 292.5 296.7 298.1 297.9 296.4 293.9 290.3 287.5 285.5 286.5 287.1 287.7 289.4 292.1 294.1 295.3 295.1 295.5 299.2 301.8 304 307.9 314.9 317.3 318.2 318.8 318.1 315.5 309.3 304.9 301.8 299.9 298.5 296.5 294.5
320.7 321 321.3 321.8 322.3 322.3 322 321.5 320.5 318.5 316.5 314.7 312.9 311 309.4 307.9 306.4 305.3 303.7 302.5 301.4 299.4 297.5 293.3 292.9 292.6 287.7 284.1 281 279.4 278.7 278.2 277.5 277.3 278.6 281 282.1 282 282.2 282.5 281.9 285.1 288.1 292 295.2 296.5 296 294.6 292.5 289.3 286.5 284.1 284.9 285.4 285.9 287.8 290.5 292.9 294.9 295.3 294.3 295.6 298.9 302.1 305.9 312.3 319.3 320.5 320.7 318.9 313 306.5 303 300.5 298.2 296.8 295.7 294
319.8 320.7 320.7 320.5 321 321.2 321.2 321 319.8 317.8 316.3 314.2 312.1 310.4 308.7 307.3 306.2 304.3 302.3 300.8 298.6 297.3 294.3 293.3 279.3 278.6 281.3 278.4 276.3 275.8 275.4 275 274.6 275.1 277.8 279.9 280.5 280.2 280.4 280.6 281.1 284.6 287.8 291.7 294.4 294.8 293.9 292.4 290.4 287.6 285.1 283.2 283 283.5 284 286 288.1 291.1 294.5 295.3 293.9 293.1 296 299.8 303.9 308.2 317.8 321.3 322.2 317.1 309.3 304 301.6 299 296.7 294.7 294 293.3
318.9 319.7 320.1 319.2 319.6 319.9 320.3 320.9 320.2 318.6 315.8 313 310.8 309.4 308 307 305.7 303.8 302.6 301 298.3 293.8 290 288.9 281.9 278.7 276.3 271.8 270.1 270.9 271 271.8 272.2 273.5 276.7 278.8 279.2 277.7 277.9 278.2 281 284.4 287.8 290.9 293.1 292.8 291.7 289.9 288.3 285.5 283.3 280.8 281.3 281.3 282 283.7 286 289.5 293.3 294.6 294.1 292.1 292.5 296.5 300.4 304.5 307.9 316.8 316.5 309.3 305 302.4 300.2 297.3 296.1 294.4 293.4 292.4
317.8 318.6 319 318.1 317.9 318.4 319.2 319.7 319.7 319.3 317.6 313.5 310.4 308.6 307.4 306.6 305.3 303.9 302.5 300.5 298.6 295.9 293.3 289.3 284.9 281 277.3 274.5 272.3 270.2 268.6 268.1 270.7 271.1 274.5 276.8 275.6 274.7 273.4 278.4 281.4 284.2 287.3 290.3 291.7 290.8 289.2 287.2 285.5 283.7 281.3 279.2 279.3 279.5 280 281.6 283.8 287.4 291.1 293.7 293 292.4 291.1 292.1 296.2 300.1 303.2 305.9 307 305 303.1 300.7 296.9 296.5 295.7 294.9 294.3 293.7
316 316.4 317.1 316.2 316.4 316.9 318.1 318.8 319.4 319.5 318.6 315.4 310.8 308.3 306.8 306 305.1 304 302.5 300.7 298.9 296.3 293.7 289.5 285.2 282 279.8 276.8 274.4 272.6 270.3 267.8 266 267.5 269.9 272.3 271.1 270.2 276.9 279.6 281.4 283.4 286.1 289 289.3 288.3 286.6 284.5 282.9 281.3 279.4 276.9 276.6 277.4 277.8 279.7 281.8 286.5 289.3 290.6 290.7 290.5 290.2 289.7 290 294.2 298 300.8 302.1 301.5 300 297.6 294.6 295.8 295.6 295.6 295.3 294.9
314.7 314.7 315.1 314.7 315.1 315.5 316.9 317.9 318.5 319.1 319 317.9 313.1 309 306.1 305.2 304.5 303.7 302.2 300.8 299.2 296.6 294 290.9 287.8 284.6 281.7 279.1 276.5 273.5 271 268.4 264.3 262.2 265 267 267.4 268.1 275.3 277.5 279 281.2 284.2 287.4 287.6 285.8 283.9 281.9 280.3 278.8 277.3 275.8 274.1 275.3 275.7 278.5 281.6 284.1 285.2 286.2 287.3 288.4 288.8 288.5 286.3 287.5 291 294.4 296.7 296.4 292.3 292.7 293.2 295.1 296.1 296.2 296.1 296.2
313.4 312.8 313.6 313.6 314.1 314.4 315.3 317.2 318.2 319.2 319.4 319 315.5 310.2 306.7 304.6 304.1 303.1 301.8 300.4 299 297.4 295.3 292.7 290.1 287.3 284.3 281.3 279.1 275.7 272.1 271.7 269.3 263 261.2 262.5 262.3 269.7 272.4 275 278.3 279.7 282.7 286.2 286.4 284.1 282 280 278 276.4 274.9 272.5 271.8 272.9 273.8 277.8 281.1 282.4 283.8 284 285.1 286.2 286.3 285.8 283.7 283.5 286.7 288.8 291.7 289.6 289.2 290.2 292.1 294.9 296.8 297.6 297.7 297.8
313.1 311.2 312 312.4 312.8 313.1 314.7 316.7 318.7 319.7 319.5 319.2 317.7 311.8 307 304.4 303.3 302.4 301.2 299.9 298.6 297.4 295.6 293.7 291.2 288.8 286.6 284 281.6 278.1 277 275.3 273.5 268.6 258.7 260.1 263.3 269 272.4 276 279.7 281.6 283.7 284.9 284.1 283.2 281 278.3 276 274.1 272.7 270.5 268.8 270 271.7 275.1 279.1 280.6 281.5 282.1 282.5 283 282.9 282.8 282 283.3 285.8 287.5 287.4 286.5 287.4 289.8 293.2 294.6 296.5 297.6 298.4 298.9
312.4 311.6 310.7 310.9 311.4 312.4 314.4 316.5 318.5 320.1 320.1 319.5 318.5 312.8 307.6 304.7 302.9 301.9 300.7 299.4 298.1 296.9 295.4 293.8 291.9 289.7 287.4 285.2 282.3 279.7 279.3 278.5 277.4 274 264.5 261.1 261.8 269.7 273.7 277.3 281.2 284.9 287.5 289.4 285.4 282.4 280.2 278 275.4 272.2 270.8 269 267.3 267.9 268.8 270.8 274.7 277.5 279.8 280.8 281.8 281.5 280.4 280.5 280.8 282.2 283.4 283.5 284.1 286.4 289.1 291.6 293 294.4 295.8 296.8 297.7 298.4
311.4 308.8 309.3 309.7 310.3 311.7 313.8 316.1 318.1 319.5 320.1 319.4 319 315.3 308.3 304.9 303 301.4 300.2 298.9 297.6 296.3 295 293.6 291.8 289.7 287.3 285 282.5 280.4 278.2 277.1 275.7 273.4 261.2 260.2 266 272.1 276 281.2 288.2 292.7 295.4 294 286.9 281.6 279 277.8 274.5 271.3 268.9 265.5 265.1 265.3 265.7 267.7 270.1 274.4 277.9 279.4 280.8 280.4 279.3 279.6 280.7 281.1 282.7 283.5 284.4 285.4 289.5 291.4 292.8 294 295.3 296.3 297.6 298.3
310.2 309 308.4 308.8 309.6 311.2 313.1 315.6 317.6 318.9 319.4 319.9 319.8 316.4 310 305.5 302.9 301.3 300 298.6 297.3 296.2 295 293.8 292.2 289.9 287.4 284.9 282.1 279.4 276.4 274.4 272.8 269.5 256.2 269.4 272.5 276 279.3 284.9 290.9 299.1 299.4 296.7 287.1 280.8 277.8 276.1 274 270.8 267.8 263.1 261.6 262.3 263.1 264.7 266.6 269.9 275 278.2 279.7 280.7 277.8 279.4 280.4 281.7 283.4 285.1 286.5 288 289.6 291.2 292.5 294.7 296.7 298.2 299.2 299.7
309.8 308.4 306.8 307.8 308.6 310.1 312.2 314.6 316.8 318.4 319.2 319.6 319.2 318.2 311.5 306 302.6 300.9 299.5 298.1 296.9 296 294.8 293.6 292.2 290 287.4 284.4 281.6 278.8 275.7 272.1 269.3 264.7 257.8 270.7 274 277.2 280 284.2 289.6 297.6 299.4 294 284.4 279.5 276.8 274 272.3 270.2 267 264.4 258.5 260.5 260.3 261.5 263.4 266.7 271.7 276.7 277.2 275.8 280 280.3 281.1 282.4 284 285.5 286.9 288.1 289.5 291.1 293 295.7 297.9 299.6 300.7 300.8
309 308.5 307.6 306.1 307.5 308.9 311.1 313.6 315.7 317.4 318.9 319.4 319.6 318.4 313.8 305.9 302.6 300.1 298.9 297.5 296.3 295.4 294.6 293.4 292.3 289.9 287.1 284.1 281.2 278 274.4 270.6 266.3 259.4 262.7 270.1 274 276.7 279.4 283.9 287.7 292.3 296.3 290.4 283.2 278.2 275.6 272.5 270.1 268.6 265.9 263.3 260.5 256.4 257.2 258.4 260.3 262.3 266.4 272.3 276.1 278.3 279.9 280.9 281.7 282.9 284.4 285.8 287.1 288.9 290.1 291.4 294.3 296.5 298.6 300.5 301.4 301.4
308.8 308.7 308.2 305.2 304.9 307.7 310.1 312.4 314.6 316.3 318.4 319.1 319.5 318.7 315.5 306.6 302.6 298.9 297.4 296 295.1 294.6 293.9 293.2 291.3 289.5 287 284 280.8 277.4 273.1 268.1 260.2 248.7 262.6 268 272.6 276.4 278.8 281.5 284.9 287.9 290 286.4 281.6 276.9 274.3 270.6 267.5 266 264.3 261.9 259.3 255.7 253.7 255.1 256.7 258.4 260.9 267.7 274.7 276.8 278.2 279.3 280.5 282.7 284.6 286.4 287.9 289.5 290.3 291.7 294.4 296.8 298.9 300.9 301.8 301.9
309.8 309.1 308.7 305.8 303.6 305.5 308.5 310.7 312.7 314.7 317.7 317.5 319.3 318.4 317 308.8 302.6 298.2 294.2 292.6 293.5 293.7 293.1 292.2 290.8 289 286.8 284.3 280.3 276.8 272 267.4 254.6 248 260.9 266.1 270.8 274.9 277.5 279.5 281.4 283.3 284.8 282.7 278.3 275.1 273.3 269.3 265.5 262.3 261.9 260.3 257.6 254.6 249.4 251.5 252.9 254.1 258.1 260.6 269.9 273.8 276.3 278.4 279.7 281.3 283.2 285.3 287.3 288.2 289.5 292 294.5 297.2 299.3 301.1 302.1 302.2
310.5 310.1 309.5 307.3 304.4 303.4 306.3 308.9 311.2 313.1 314.9 315.9 318.5 319.1 318.2 311.7 303.7 298.4 294 293.6 293.3 292.5 292 291.3 290 288.2 286 283.8 281.2 277.5 273.5 268.4 260.3 242.6 254.4 260.8 264.6 270 272.8 275.4 277.4 279.6 280.3 279.2 276.5 273.7 271.5 268.9 262.7 258.9 257.9 257.7 256.1 252.4 248.8 245.2 248.7 250.6 253.9 258.1 263.4 270.4 275.4 277.8 279.2 280.7 282.2 284 285.7 287.7 289.9 292.7 295.2 297.7 299.6 301.3 302.2 302.4
310.9 310 308.9 307.2 305.1 302.3 304.3 307.1 309.5 312.1 313.1 315 317.5 318.6 319.3 316.1 307 300.9 297.2 294.5 292.5 290.8 290.8 290.4 288.6 286.9 285 282.8 280.5 277.3 273.7 268.6 261.2 249.9 246.3 255.6 258.6 262.2 267.5 271.9 276.7 279.5 279.6 279 275.6 272.5 268.9 266.2 264 261.2 256.5 250.9 252.1 249.5 245.4 237.6 243.3 247.9 251 254.6 258.9 264.7 273.6 277.6 278.4 280 281.7 284 286 288.1 290.7 293.5 296 298.3 300.1 301.4 302.3 302.4
310.9 309.3 307.8 306.2 303.9 302 302.5 305.8 308 310.2 312.7 314.2 316.5 317.7 319.6 319.7 312.3 303.8 298.9 295.7 292.3 290.5 289.9 288.7 287.3 285.7 283.4 280.8 278.5 275.9 272.6 268.9 264.1 256.3 238.9 249.4 254.6 257.2 261.5 268.3 275.4 278.6 279 278.4 276.2 274.5 271.5 268 265.2 262.1 259 255.6 251.3 245.6 242.8 236.1 241.4 244.8 248.1 250.8 255 260.3 267.3 273.5 276.7 279.1 281.6 284.1 286.8 289.3 291.6 294.3 296.3 298.3 299.5 300.9 301.9 301.8
311.7 309.7 307.2 305.4 302.8 301.2 301.5 303.8 305.8 308.2 311 313.5 315.7 317.6 319.7 318.9 317.4 308.4 300.8 296.4 292.7 290.6 289.1 287.2 285.8 284.1 282 278.7 276.4 273.6 270.6 267.4 263.5 257.7 248.6 239.1 249.4 251.4 253.8 258.3 266.8 272.6 274.9 277.8 278.1 277.3 271.6 268.2 266 262.8 259.4 256.3 253.2 249.1 241.5 237.4 236.6 241.4 244.5 247.2 251.2 256 260.4 265.6 272.6 278.1 281.8 284.5 287.2 289.7 291.9 293.9 295.9 297.6 298.7 299.6 300.3 300.6
310.8 308.7 307.2 304.9 303 300.8 299.8 301.7 303.9 306.2 309 311.8 314.5 317.5 318.4 319.8 319.1 314.4 302.1 297.5 294 290.4 288.6 286.7 284.6 282.6 281.1 277.6 274.8 271.4 267.9 264.5 260.2 256.4 249.1 236.7 240 246.9 249 252.7 257.4 261.8 265.9 277.2 273.5 272.3 270.3 267.5 265.4 263.2 259.8 256.3 252.7 249.1 242.8 236.8 232.6 237.1 240.6 243.1 246.1 250.4 256.6 260.9 265.2 274.9 281.5 284.4 286.6 289 291.2 293.3 295.2 296 296.2 296.9 298.1 298.3
308.5 306.1 305.4 305 302.5 299.7 298.4 299.9 302 304.4 307.1 309.5 312.1 316.2 317.4 319 319.4 319 307.1 298.7 295 290.7 288.4 286.3 284 282 280.5 277.7 273.3 268.7 265.3 261.4 257.2 250.9 247.4 241.5 232.7 239.2 244.8 247.7 251.9 257 259.3 263.7 265.9 269.2 267.6 265.4 263.7 262.5 259.2 255.1 251.7 248.4 245.2 236.2 225.4 233 236.7 239.3 242.6 248.4 252.1 257.4 261.5 268.2 278.2 281.7 285.2 287.5 288.7 290.8 293.1 293.7 293.6 293.4 294.3 294.7
306.9 305.8 304.1 302.9 301.5 299.4 297.9 298.1 300.5 302.8 305.1 308.1 310.9 313.9 315.4 317.7 318.7 319.5 315 301.3 295.7 289.1 286.7 285.5 284 282 280.4 278.1 275.2 269.5 263.8 258.1 253 249.2 244.4 240.8 232.9 232.8 241 243.6 247.8 252.9 255.8 258 263.2 265.4 264.7 264.2 262.2 260 257.6 254.5 251.2 247.5 243.9 239.5 228.2 228.1 233.2 235.5 238.4 241.6 245.9 251.4 256 261 265.9 271.7 275.1 279.4 281.5 284.6 289 289.6 288.9 289.6 290.7 291
305.1 304.3 303.1 301.7 300.7 298.8 297 297 299.1 301.1 303.1 306.1 309 311.7 314.5 316.2 317.3 317.9 317.5 306 297.6 289.4 286.2 285.1 283.7 281.7 279.9 278 275.2 269.9 263.8 258.2 253.8 248.4 244.2 241 237.1 232.5 232.8 240.4 244.4 247 251.6 256.6 260.8 262.8 263.2 263.4 262.3 258.9 254.4 252.4 250 246.4 243.4 239.4 233.4 224.1 228.9 231.6 234.7 237.1 241.7 245.8 250 255.1 260.1 264.8 269.3 273.1 277 279.7 282.7 285 285.6 285.9 286.8 286
303.9 302.6 302 300.7 299.9 298.3 296.7 296.5 297.1 299 301.1 303.8 306.5 309.2 311.9 313.9 315.5 316.7 317.1 311.8 299 293.1 286.4 284.6 283.5 281.2 279.2 277.1 275.6 272.9 266.9 260.4 254 248.6 244.4 240.3 236.6 233.3 229 235.4 240.5 244.2 248.6 253.3 258.2 260.6 261.2 260.9 259.8 257.5 253.9 249.3 247.4 245.2 242.5 239.4 234.6 223.4 223.5 227.9 230.9 233.1 236.9 240.1 244.8 250 255.2 259.7 264.5 270.4 274.9 278.3 280.8 281.3 278.8 278.4 277.7 277.2
302.8 302.1 301.2 300.1 298.7 297.4 296.8 295.9 296.3 296.8 299.1 301.3 304 307 310.1 312.1 313.9 315.6 316.3 313.7 303.2 294.7 288.7 285.6 283.8 281.3 279.2 278.5 277.2 275.3 270.9 265.3 258.9 250.1 244.8 239 235.9 231.1 229.4 235.3 237.9 241.8 245.8 250.9 255.3 257.6 259.4 257.9 257.4 255.2 252 248.4 245.2 243 240.8 238.7 235 229.2 219 223.2 226.5 229.2 232.1 235.8 239.8 244.5 249.9 255.3 261.4 269.4 273.8 275.5 274 271.5 266.8 268.2 269.7 270.7
301.9 301.5 299.9 298.6 297.3 296.4 295.3 294.5 295.9 296.9 297.7 299.6 302 304.9 307.8 310.3 312.2 314.2 315.8 315.4 308.1 298.6 292 285 283.4 281.3 279.4 278.2 277.9 276.2 274.3 270.1 262.7 252.4 245 241.7 233 227.7 226.7 232 235.2 239.1 242.9 247.5 252.8 255.4 255.9 255.8 254.9 253.2 250.4 247 243.5 240.9 239 237.1 234.8 231.7 215.6 218.2 222.6 225.2 227.8 231.1 234.5 239.1 246 253.1 260.2 265.3 266.2 265.9 263.8 261.7 261.8 263.7 265.4 267.7
