Game/Highland_Data/StreamingAssets/GeoData/Data/sk/SK73.asc
ncols 200
nrows 200
xllcorner 470000
yllcorner 330000
cellsize 50
[rows 76 to 113 of 200, columns 86 to 171 of 200]
27.3 27 26.7 26.5 27 29.1 33.4 36 36.1 35.6 35.3 35.1 34.4 34.1 33.6 32.8 32.3 32.1 31.8 31.3 30.7 30.3 29.9 29.6 29.3 29.5 29.5 29.1 28.7 28.3 27.9 27.8 27.6 27.4 26.9 27.3 26.5 27.3 27.6 27.8 27.9 27.9 28.1 28.1 28 28 28.2 28.4 28.6 28.9 30.1 31.4 32.3 33.8 35.3 35.6 36.2 36.6 37 37.4 37.8 37.1 36.4 35.7 35.2 34.6 34.1 34.3 34 34.1 34.2 34.3 34.3 34.1 34 33.9 33.9 34.1 34.3 34.4 34.5 34.6 34.7 34.8 35.1 35.2
27.3 27.2 26.9 26.8 28.3 31.7 34.6 35.5 35.2 34.6 34.2 34.1 33.7 33.3 32.8 32 31.7 31.1 30.8 30.5 30 29.7 29.3 29.2 29.3 29.1 28.8 28.5 28.3 27.9 27.2 27.1 27.1 26.5 26.9 26.2 26.9 27.9 28 28 28.1 28.1 28.4 28.4 28.4 28.3 28.5 28.9 29.1 29.3 31.9 32.8 33.6 35.1 36.2 36 36.5 36.9 37.3 37.7 37.6 36.7 36 35.3 34.7 34.1 34.4 34.2 34.3 34.4 34.5 34.6 34.6 34.4 34.4 34.6 34.7 34.8 35 35.4 35.3 35.2 35.4 35.5 36 36
27.3 27.4 28.1 30.2 31.3 33.9 34.8 34.9 34.2 33.5 33 33 32.9 32.4 31.9 31 30.1 29.7 28 28.7 28.9 29.1 28.7 28.8 28.9 28.6 28.4 28.1 27.9 27.7 26.4 25.9 25.7 26.3 27.1 26.7 27.7 28 28.1 28.2 28.2 28.4 28.7 28.7 28.7 28.6 28.6 29.2 29.7 30.8 32.4 33.8 34.9 35.8 36.1 36.3 36.7 37.1 37.4 37.8 37.1 36.3 35.7 35.2 34.4 34.2 34.5 34.5 34.7 34.8 34.8 34.9 34.9 34.8 35 35.2 35.4 35.5 35.7 36.2 36.1 35.9 36.1 36.2 37.3 37.5
27.2 26.8 28.3 31.3 33.6 34.7 34.4 34.1 33.3 32.5 31.9 31.8 31.2 31.5 30.8 29.9 29.1 28.1 27.2 26.3 27.2 27.4 27.5 28 28.2 28.2 27.9 27.9 27.7 27.4 26.7 26.8 26.7 26.6 27.1 27.5 27.9 28.1 28.3 28.3 28.4 28.7 29 29.1 29 28.8 28.7 29.4 31 32.1 33.6 34.8 35.5 35.7 35.9 36.2 36.7 37.2 37.6 37.4 36.7 35.9 35.4 35 34.8 34.5 34.7 34.9 35.1 35.2 35.2 35.2 35.3 35.4 35.6 35.8 36 36.2 36.4 37 36.6 36.7 36.7 37 37.5 38.2
26.6 27 29.6 33 33.9 34.3 33.7 33.1 32.5 31.6 30.4 29.5 29.3 29.5 29.2 28.4 27.4 26.9 27.7 28.2 27.7 27.2 27.1 27 27.5 27.6 27.6 27.7 27.4 27.6 27.3 27.3 27.4 27.4 27.4 27.7 28 28.2 28.4 28.5 28.7 29 29.3 29.4 29.3 29.1 29 30.4 32 33.3 34.3 35.3 35.6 35.7 35.8 36 36.6 37.2 37.7 37 36.3 35.6 35.5 35.2 35 34.9 35 35.2 35.4 35.6 35.6 35.6 35.9 36 36.2 36.4 36.6 37 37.5 37.3 38.1 37.2 39.1 39 39.4 40.1
26.8 29.2 32.4 33.7 33.6 33 32.1 31.7 30.7 28.9 26.9 27.2 27.1 26.9 27.1 26.5 27.9 28.5 28.2 27.9 27.9 27.8 27.3 27.2 27.1 27.3 27.5 27.4 26.6 27.7 27.6 27.6 27.6 27.7 27.7 27.8 28.1 28.3 28.5 28.7 29 29.3 29.6 29.7 29.5 29.3 29.8 31.4 32.9 34.1 35 35.5 35.6 35.7 35.9 36 36.6 37.3 37.2 36.9 36.2 35.7 35.7 35.6 35.5 35.5 35.5 35.7 35.8 36 36.2 36.5 36.8 37 37.1 37.2 37.6 38.2 38.6 38.5 38.4 41.5 42.5 42.6 44 45
27 31 33.2 32.5 31.5 30.5 30 29.1 27.4 25.7 27 27.4 27.5 27.5 27.3 27.3 27.9 28.1 28.6 29 28.3 28.4 27.8 27.3 27.3 26.6 27 27.2 27.1 27 27.9 27.9 27.9 27.9 27.9 28.3 28.2 28.1 28.3 29.1 29.2 29.6 29.9 29.7 29.7 30.3 30.8 31.9 33.3 34.5 35.2 35.2 35.4 35.6 35.9 36.1 36.7 37.1 36.7 36.3 35.9 35.7 35.8 36 36 36 36 36.2 36.4 36.7 37 37.3 37.5 38.1 38.3 38.5 38.7 39.6 39.7 42 43.8 44.2 46.3 47.6 48.7 50.7
26 29.4 30.2 29.1 27.9 27.4 27 25.6 27.1 27.6 28 28.9 28.4 28 27.9 27.7 27.6 27.7 28.5 29.2 29.7 28.7 28.1 27.6 27.5 27.6 27.8 28 27.4 27.6 27.5 27.9 28 28 28.1 28.5 28.4 28.3 28.5 29.4 29.6 29.8 29.9 30 30 30.6 31.2 32.3 33.7 34.6 35 35.1 35.2 35.3 35.7 36.4 36.9 36.6 36.3 35.9 35.8 36 36.1 36.3 36.7 36.7 36.6 37 37.4 37.6 37.7 38 38.3 38.9 39.3 39.9 40 40.5 44.6 46.5 49 50.8 52.1 53.2 53.8 53.8
26.7 25.7 26.1 26.3 24.7 27 27.4 27.7 28.4 28.8 28.8 29.3 28.9 28.8 28.8 28.9 28.5 28.1 28.6 29.1 29.6 29.4 28.4 28 28.2 28.5 28.2 27.7 27.8 27.8 27.8 27.5 28 28.2 28.4 28.5 28.4 28.5 28.5 29.4 29.5 29.8 30.2 30.3 30.3 30.9 31.5 32.8 34.1 34.4 34.9 35 35.1 35.2 36.1 36.8 36.5 36.3 36 35.7 36 36.3 36.4 36.6 37 37.4 37.3 37.8 38.3 38.4 38.5 38.6 39.1 39.7 40.3 41 43.9 47.4 49.5 52.7 54.8 55.6 56 56.1 55.7 55.3
26.3 26.6 26.7 27.4 28.4 29 28.8 29.1 29.3 29.1 29 29.3 29.7 29.7 29.3 29.2 28.6 28.5 28.7 29.2 29.7 29.7 29.3 28.4 28.2 28.3 28.2 27.9 27.9 28 28 28 28 28.2 28.4 28.5 28.5 28.6 28.6 29.3 29.5 29.9 30.4 30.6 30.7 31.3 31.9 33.2 34 34.3 34.6 34.8 34.9 35.5 36.5 36.6 36.3 36 35.7 35.9 36.2 36.5 36.7 37 37.3 37.7 38 38.4 38.8 39 39.3 39.7 40.3 41.1 40.7 44.1 48.3 52.7 55 56.8 57.1 56.8 56.3 55.6 55.2 54.7
26.4 27 28.4 29.3 29.6 29.3 29 29.3 29.4 29.3 29.5 29.8 29.4 29.5 29.3 29.1 28.9 28.9 29.2 29.4 29.8 29.9 29.5 28.7 28.4 28.3 28.1 28 28.1 28.1 28.2 28.1 28 29.2 28.5 28.6 28.6 28.7 28.7 29.1 29.5 29.9 30.5 30.9 31 31.6 32.2 33.6 33.9 34.2 34.4 34.7 34.9 35.9 36.5 36.3 36 35.7 35.9 36.2 36.5 36.8 36.9 37.3 37.7 38 38.4 39 39.5 40 40.4 40.8 41.3 42.4 44.9 50 53.8 57.1 58.3 57.4 57.2 56.7 56 55.2 54.6 54.2
26.6 27.5 29.1 29.4 29.2 29 28.8 29 29.3 29.6 29.6 29.7 29.8 29.9 29.8 29.4 29.4 29.4 29.4 30.1 30.1 30.2 29.4 29 28.6 28.2 28.1 28.2 28.2 28.3 28.2 28.1 27.9 28.4 28.7 28.7 28.8 28.8 28.8 29.2 29.6 30 30.6 31.2 31.3 32 32.7 33.5 33.8 34.1 34.3 34.5 35.3 36.2 36.2 35.9 35.7 35.8 36.1 36.4 36.7 37 37.2 37.6 38 38.6 39.1 39.6 40.2 40.9 41.4 41.5 43 45 49.7 55 57.8 59.7 58.6 57.6 56.8 56.2 55.5 54.8 54.1 53.6
26.7 27.7 28.3 28.8 28.8 28.7 28.5 28.8 29.1 29.3 29.8 30 30.1 30.2 30.4 29.9 29.8 29.8 29.8 30.3 30.7 30 29.7 29.3 28.9 28.5 28.2 28.3 28.4 28.3 28.3 28.2 28.3 28.8 29 29 29 29 29 29.3 29.6 30 30.6 31.2 31.6 32.3 33 33.3 33.6 33.9 34.2 34.6 35.6 36 35.9 35.6 35.5 35.9 36.4 36.7 37 37.3 37.6 38.1 38.7 39.2 39.8 40.3 40.7 41.4 40.5 43.6 45.2 48.8 53.4 57.1 58.2 58 58.1 57.1 56.4 55.7 55 54.4 53.6 53
26.7 27.2 27.9 28.2 28.3 28.2 28.3 28.6 28.8 29.1 29.6 30.1 30.4 30.5 30.7 30.7 30.1 30.1 30.1 30.4 30.4 30.4 30 29.6 29.2 29 29 29.1 29 29.1 29.1 29.1 28.5 29.2 29.2 29.2 29.2 29.2 29.2 29.5 29.8 30.2 30.8 31.4 31.8 32.3 32.7 33 33.4 33.7 34.3 35 35.7 35.6 35.5 35.3 35.7 36.2 36.7 37.1 37.5 37.9 38.3 38.8 39.4 39.9 40.5 41 41.5 40.5 44.3 45.5 48 51.5 55.7 57.9 58 57.8 57.1 56.6 55.8 55.1 54.4 53.6 52.4 51.8
27 26.7 26.9 27.4 27.6 28.1 28.7 28.8 28.9 29.1 29.3 29.7 30.2 30.7 30.9 30.9 31 30.2 30.2 30.3 30.5 30.7 30.3 30 29.8 29.9 30.1 30 30.1 30.2 29.9 29.5 29.1 29 29.4 29.4 29.4 29.4 29.4 29.7 30.2 30.7 31.2 31.5 31.5 31.6 32 32.4 33.3 34.5 34.9 35.4 35.5 35.3 35.2 35.6 36.1 36.5 36.9 37.4 38 38.5 39.2 39.5 40 40.6 41.1 41.6 41.5 44.3 45.5 48 51.4 53.6 56.2 58.5 58.9 58.5 57.4 56 54.8 54.4 53.6 52.6 51.7 51.3
27 26.7 26.8 27.1 27.7 28.3 29 29.2 29.4 29.5 29.6 29.6 29.9 30.4 31 30.7 30.4 30.6 30.5 30.5 30.4 30.4 30.1 30.3 30.6 30.8 31 30.7 30.8 30.6 30.2 29.7 29.4 28.9 29.5 29.7 29.7 29.7 30.2 30.4 30.6 31 31.1 31.2 31.3 31.3 31.5 32.2 33.3 35.2 35.6 35.3 35.1 34.9 35.3 35.8 36.3 36.8 37.2 37.7 38.3 39.2 40.3 40.7 40.9 41.2 41.8 42.4 44.8 45.5 48 51.6 54.1 56.3 57.9 59.6 60.6 59.4 57.4 55.5 54.4 53.7 53.3 52.5 51.5 50.4
27.1 26.8 26.9 27.4 28 28.7 29.4 29.6 29.8 29.9 30 30.1 30.1 30.4 30.7 30.8 30.6 30.4 30.8 30.8 30.3 30.3 30.5 30.7 31 31.4 31.8 31.3 31.2 30.9 30.4 29.8 28.9 29.5 29.7 29.9 30.2 30.7 31.1 31.5 31.6 31.6 31.5 31.6 31.7 31.8 31.6 32 33.3 34.7 35 34.8 34.7 34.9 35.5 36 36.5 37 37.5 38 39.1 40.3 41.2 41.8 42.1 42.2 43.6 44.2 46.1 47.7 51.3 54.7 56.5 57.9 59.4 60.3 59.9 58.3 56.5 54.7 54 53 52.3 51.8 50.5 49.6
27.1 27.1 27 27.4 28.3 29.2 29.8 30 30.2 30.3 30.4 30.5 30.5 30.5 30.6 30.9 31 30.9 31 30.8 30.5 30.7 30.9 31 31.3 31.7 31.9 31.2 30.9 30.5 29.8 29.4 29.6 30.2 30.4 30.7 31.2 31.6 32.1 32.4 32.7 32.7 32.5 32.4 32.4 32.4 32.8 32.6 33 34 34.3 34.4 34.5 35.1 35.7 36.2 36.7 37.2 37.7 38.7 39.9 40.8 41.5 42.1 45.2 44.5 45.4 45.7 47.4 50.9 54 55.7 57.6 58.8 59.9 59.6 58.4 56.9 55.3 54 53 52.2 51.7 50.8 49.9 49.5
27.3 27.2 27.2 27.7 28.6 29.4 30.2 30.4 30.6 30.7 30.8 31 31 31 31 30.9 31 31.1 31.2 30.9 30.9 31.1 31.2 31.4 31.6 32 31.5 31.1 30.7 30.3 29.6 29.5 30.1 30.8 31.2 31.6 32.2 32.6 32.8 32.9 33 33.5 33.3 33.3 33.2 33.2 34 34.4 34.2 34.5 34.4 34.4 34.7 35.3 35.9 36.5 37 37.5 38.3 39.4 40.4 41.5 42.5 43 44.6 46.6 46.6 48.3 50.6 53.3 56.2 56.8 56.8 58.9 59.7 58.8 57.4 56.3 55.1 54.1 53.5 52.3 51.8 51.4 51.2 50
27.9 27.3 27.4 28.1 29 29.8 30.3 30.6 30.8 31 31.1 31.3 31.3 31.1 31.2 31.4 31.2 31.2 31.3 31.1 31.3 31.5 31.6 31.8 32 31.9 31.5 31 30.6 29.9 29.7 29.9 30.7 31.3 32 32.4 32.6 32.8 33 33.2 33.4 33.9 34.1 34 33.9 33.9 34.3 34.4 34.7 34.8 34.9 34.9 35.1 35.6 36.1 36.7 37.2 38 38.9 40.1 41.1 42.1 42.4 44.1 47.1 48.3 49.5 52 54 56.2 57.5 57.9 58.9 59.2 59.3 58.3 57.5 56.3 55.3 54.6 54 52.9 52.6 52.2 51.6 50.8
29.6 29.2 27.6 28.3 29.4 30.1 30.4 30.7 31 31.1 31.3 31.5 31.1 31.3 32 31.8 31.7 31.5 31.4 31.5 31.7 31.8 32 32.1 32.2 31.7 31.3 30.9 30.5 29.4 30 30.8 31.4 32.1 32.3 32.5 32.8 33 33.2 33.6 34.1 34.5 34.8 34.5 34.4 34.3 34.4 34.3 34.4 34.7 35 35.3 35.6 36 36.5 37 37.8 38.6 39.6 40.8 41.9 42.6 45.7 48.3 49.7 51.2 53 55.4 57.8 57.9 58.6 59.6 60.7 60.5 59.3 58.4 57.5 56.7 56 55 54.5 54 53.4 52.9 52.2 51.5
31.2 29.6 27.4 28.1 29.3 30.2 30.5 30.8 31.1 31.3 31.5 31.3 31.7 32.1 32.4 32.3 32.2 32 31.9 31.7 31.7 31.8 31.9 32.1 32.1 31.6 31.1 30.6 30.2 29.9 30.9 31.8 32.6 32.3 32.5 32.7 33 33.4 33.8 34.3 34.7 34.6 34.4 34.4 34.3 34.3 34.6 34.8 34.8 35.2 35.6 35.9 36.1 36.4 36.9 37.8 38.7 39.4 40.4 41.6 42.9 45.7 49.4 53.1 54.8 54.9 56.1 57.8 59.2 59.8 60.3 60.9 61 60.7 59.5 58.6 57.8 57.3 56.3 55.5 55 54.5 54.2 53.4 52.3 51.4
32.5 31.2 28 28.1 28.7 29.6 30.6 30.9 31.2 31.5 31.6 31.9 32 32.1 32.2 32.6 32.6 32.6 32.4 32.2 32 31.9 31.9 32.3 32 31.4 30.9 30.4 29.9 31 32.2 32.4 32.5 32.6 32.7 33.1 33.7 34.1 34.5 34.6 34.4 34.3 34.1 34.3 34.3 34.4 34.6 34.9 35.2 35.5 36 36.4 36.7 37 37.5 38.7 39.7 40.2 41.3 43.2 45 48.7 55.9 59.2 59.2 58.9 58.6 59.7 61.3 62.5 62.2 61.4 60.9 60.3 59.7 59 58.4 57.7 56.9 55.9 55.3 54.4 53.5 53.2 52.1 51.3
34.7 32.8 29.8 29.6 28.4 29.2 30.4 31.2 31.5 31.5 31.8 31.9 32 32.1 32.2 32.6 32.9 32.8 32.6 32.5 32.2 32.1 32.3 32.4 31.9 31.3 31.1 30.7 28.8 32.1 32.3 32.4 32.6 32.7 33.5 34 34.3 34.4 34.3 34.2 34.1 34 33.9 34.1 34.3 34.4 34.7 35 35.3 35.6 36 36.5 37.3 37.8 38.3 39.1 39.5 41.1 42.6 45.2 46.2 50.3 60.1 61.6 61.5 60.4 60.8 61.8 63.2 63.7 62.8 61.9 61.2 60.6 60 59.1 58.5 57.8 56.8 55.9 55 54.1 53.2 52.2 51.7 51.2
36.3 34.2 31.5 28.5 28.4 29.1 30.2 31.1 31.3 31.3 31.7 32 32.2 32.3 32.4 32.3 32.4 32.4 32.2 32.3 32.4 32.4 32.4 32.3 31.9 31.4 31.1 30.6 30.9 31.7 32.7 32.9 33 33.3 33.9 34.4 34.2 34 33.8 33.7 33.7 33.7 33.9 34.1 34.2 34.5 34.8 35.1 35.4 35.7 36.1 36.6 37.4 38.2 39 39.7 40.5 42.1 45.8 45.3 47.2 51.6 60.7 61.7 61.3 61.5 62.8 63.7 63.8 63.7 63.1 61.9 61.7 60.8 59.6 58.1 58.5 57.7 56.6 55.5 54.8 53.9 52.9 52.1 51.4 50.9
35.7 34.4 31.7 29.1 28.1 28.9 30 30.8 31.1 31.2 31.6 31.9 32.2 32.5 32.5 32.6 32.3 32.3 32.8 32.6 32.5 32.4 32.4 32.2 31.8 31.4 31.2 31.1 31.2 32 32.5 33 33.5 33.8 33.6 33.8 34 33.8 33.4 33.5 33.6 33.9 34.1 34.3 34.4 34.6 34.9 35.2 35.5 36 36.3 36.7 37.5 38.2 39 40.2 41.6 42.6 44.5 46.3 49.8 54.5 60.4 61.6 61.8 63.1 64.3 64.4 64.2 63.6 62.2 61.2 60.7 60 59.2 58.3 58.3 57.7 56.1 55.1 54.4 53.6 52.7 51.9 51.7 51.1
33.9 32.1 28.1 28.6 28.9 30.6 29.8 30.5 30.8 31.1 31.4 31.8 32.1 32.4 32.8 33.1 33.2 33.4 33 32.8 32.7 32.5 32.4 32.1 31.8 31.4 31.3 31.1 31.8 32.4 32.9 33.4 33.6 33.5 33.3 33.2 33.6 33.6 33.3 33.5 33.8 34.1 34.4 34.5 34.7 34.8 35.1 35.5 35.9 36.3 36.7 37 37.8 38.5 39.1 41.2 41.4 43.7 44.1 48.2 51 55.2 59.5 61.6 63.1 64 64.5 64.8 63.4 63 62.2 61.3 59.7 59.2 59.2 58 57.8 56.7 55.4 54.8 54 53.3 52.6 52.4 52.1 51.3
31.1 29.3 28.9 29 29.1 29 29.5 30.2 30.6 30.9 31.2 31.4 31.7 32.3 32.9 33.3 33.7 33.6 33.1 33 32.8 32.7 32.6 32.2 31.9 31.6 31.2 30.3 32.6 32.7 33.2 33.3 33.2 33.1 32.9 33.1 33.5 33.8 33.5 33.7 34 34.3 34.6 34.7 34.9 35.5 35.7 35.9 36.3 36.7 37.1 37.6 38.6 39.6 40.5 40.4 42.3 44.3 46.3 50.2 54.1 57.5 59.9 62.3 64.2 64.6 64 63.3 62.9 62.5 62.1 61.7 59.2 58.7 58.4 57.6 56.8 56 55.6 54.6 54.2 53.7 52.8 52.6 52.1 51.5
29.5 29.2 29.3 29.4 29.5 29.4 29.2 29.8 30.2 30.5 30.7 31 31.7 32.3 32.8 33.3 33.8 33.5 33.3 33.2 33.1 33 32.9 32.6 32.2 31.9 31.7 30.9 32.5 33 33 32.9 32.8 32.7 32.9 33.2 33.5 33.7 33.6 34.1 34.2 34.5 34.8 35.3 35.9 36.1 36.3 36.7 36.9 37.1 37.5 38.2 39.7 40.9 40.2 41.9 43.8 46.2 49.1 53 57 60 61.4 63.3 64 63.9 63.4 62.8 62.4 62.1 61.5 60.4 60.3 59.6 58.9 58.5 58.1 57.1 56 54.9 54.8 54 52.8 52.5 51.7 50.7
29.6 29.6 29.7 29.8 29.7 29.6 29.4 32.4 29.8 30.1 30.4 31.1 31.7 32.2 32.8 33.3 33.8 33.7 33.7 33.6 33.5 33.4 33.2 32.9 32.5 32.2 31.9 31.8 30.3 32.6 32.5 32.5 32.6 32.8 32.9 33.2 33.5 33.7 33.8 34.2 34.6 35.1 35.5 36 36.7 36.6 36.9 37.4 37.7 37.9 38.9 39.5 39.7 40.5 41.8 43.8 45.9 48.7 52 55.6 59.1 62.2 63.3 63.3 63.6 63.2 62.7 62.6 62.5 61.8 61.1 61 60.9 60.6 59.3 58.8 58.3 57.5 56 55.4 55 54.2 52.8 51.6 50.6 49.9
29.7 29.9 30.1 30 29.9 29.7 29.6 29.5 30 29.7 30.5 31 31.6 32.2 32.7 33.3 33.9 33.9 33.9 33.9 33.8 33.7 33.4 33.1 32.8 32.5 32.3 32.1 32 32.2 32.8 32.7 32.9 33.2 33.3 33.4 33.5 34 34.5 35.1 35.6 36 36.2 36.4 36.8 37.1 37.6 38 38.5 38.8 39.7 40.3 40.7 42.2 43.8 46.1 49 52.3 55 57.7 60.3 62.5 62.9 62.7 62.8 62.4 62.4 62.6 62.6 62 61.4 61.4 60.7 60.2 59.2 58.6 58 57.1 55.9 55.2 54.6 53.5 52.2 51.3 50.7 50.4
29.8 30.2 30.4 30.2 30 30 29.9 29.8 29.4 29.8 30.4 31 31.6 32.1 32.7 33.3 33.9 34.1 34.1 34.2 34.2 34 33.7 33.4 33.1 32.8 32.7 32.5 32.3 31.9 32.9 33 33.1 33.3 33.9 34 34.3 34.7 35.2 35.7 36.2 36.6 36.7 36.9 37.2 37.9 38.4 39.1 39.9 39.7 40.3 41 42.2 44 46.6 50.4 52.3 54.8 57.4 60.1 62 62.2 62.3 62.2 62.1 62.2 62.4 62.5 62.7 62.4 61.9 61.2 60.4 59.7 58.9 58.1 57.4 56.5 55.3 54.7 53.7 52.5 52.5 52.1 51.7 50.7
30.1 30.4 30.8 30.5 30.5 30.5 30.4 30.2 30.1 33.5 30.9 31 31.5 32.1 32.7 33.3 34 34.3 34.3 34.4 34.4 34.2 34 33.7 33.4 33.1 32.9 32.6 32.3 32 32.9 33 33.1 33.7 34.4 34.7 35 35.1 35.5 36 36.6 36.9 37 37.1 37.4 37.8 38.4 39.1 39.6 40.3 41.3 42.3 44.7 47.1 49.8 51.9 54.6 57.3 59.7 61.3 61.7 61.6 61.6 61.5 62 62.2 62.3 62.5 62.7 62.4 61.5 60.6 59.8 59.1 58.2 57.4 56.6 55.8 54.8 54.3 52.2 52.6 52.9 53 52.3 51.1
30.3 30.7 31 31 31.2 31.3 31.3 31.2 31.1 31 32.6 31.8 32 32.3 32.9 33.6 34.3 34.5 34.5 34.6 34.6 34.4 34.1 33.8 33.5 33.4 33.2 32.8 32.5 32.1 33 33 33.4 34.1 34.7 35.2 35.4 35.5 35.9 36.5 37 37.1 37.2 37.4 37.6 38 38.3 39.2 40 41.5 42.8 45.5 47.9 50.1 52.3 54.3 56.9 59.2 60.9 60.9 61 61 61.2 61.3 62.2 62.5 62.3 62.4 62.6 62.3 61.3 60.3 59.3 58.4 57.6 56.9 56 55.2 54.4 53.8 53.8 53.3 53.6 53.6 53 52.2
30.6 30.9 31.3 31.6 31.6 31.8 32 32.2 32.1 32 31.9 32.5 32.8 32.8 33.3 34 34.6 34.7 34.7 34.8 34.8 34.6 34.2 33.9 33.5 33.4 33.6 33.4 33 32.6 32.7 33.1 33.8 34.4 35 35.5 35.8 36 36.3 37 37.2 37.4 37.5 37.6 37.8 38.2 39 39.9 41.3 42.7 46 48.4 50.7 52.9 54.2 56.6 58.9 60.3 60.4 60.5 60.5 60.7 61.1 61.3 62 62.2 62.3 62.4 62.7 62.3 61.4 60.4 59.7 59 58.1 57.4 56.7 55.9 55 54.7 54.5 54.6 54.4 54.3 53.5 52.5
30.8 31.2 31.5 31.9 32.1 32.2 32.4 32.7 33.1 33 33.1 35 33.7 33.5 33.6 34.3 34.9 34.9 34.9 35 35 34.8 34.4 34.1 33.7 33.4 33.6 33.7 33.6 33.1 32.8 33.5 34.2 34.7 35.4 35.8 36.1 36.4 36.9 37 37.1 37.4 37.6 37.9 38.4 38.9 40 40.9 42.8 46.5 49.2 51.5 52.7 53.9 56.1 58.2 59.7 60 60 60 60.1 61.8 60.9 61.3 61.6 61.8 62.3 62.3 62.9 62.5 62 61.3 61.1 60.4 59.4 58.4 57.5 56.7 56.1 55.6 55.5 55.4 55.3 54.9 54.2 52.8
31.5 31.7 31.8 32 32.5 32.8 32.8 33.2 33.6 33.8 34 33.9 34.7 33.9 33.9 34.6 35.1 35.1 35.1 35.2 35.2 35 34.6 34.3 33.9 33.8 33.4 33.6 33.8 33.5 33.2 33.9 34.6 35.2 35.7 36.1 36.3 36.6 37 37.2 37.5 37.8 38.1 38.3 38.8 41.2 40.9 43.8 47.1 49.8 51.3 52.3 53.9 56.1 57.8 58.9 59.4 59.5 59.5 59.5 60.6 61.1 61.1 61.3 61.8 62.3 62.7 62.6 62.7 63.1 63.1 62.4 62.2 61.5 60.7 59.7 58.6 57.6 57.1 56.6 56.5 56.3 56.3 56.1 54.4 52.7
31.6 31.7 31.9 32.2 32.7 33.3 33.8 34.2 34.1 34 34 33.9 33.8 34 34.1 35 35.3 35.3 35.3 35.4 35.4 35.2 34.8 34.5 34.2 34.4 34 33.6 33.4 33.4 33.5 34.4 34.9 34.9 35.3 36 36.3 36.6 37.2 37.6 37.9 38.2 38.5 38.8 39.5 40.4 41.7 46.8 49.5 50.7 51.7 53.7 55.5 57.4 58.3 58.7 58.7 58.7 58.8 59.5 60.2 60.5 60.8 61.5 62.2 62.7 63.1 63 63.4 63.4 63.5 63.6 63 62.3 61.8 60.9 59.2 58.4 58.1 57.6 57.5 57.4 57.5 56.7 54.8 53.1
