Game/Highland_Data/StreamingAssets/GeoData/Data/sk/SK82.asc
ncols 200
nrows 200
xllcorner 480000
yllcorner 320000
cellsize 50
[rows 0 to 34 of 200, columns 78 to 155 of 200]
155.3 152.7 146.8 137.9 130.9 127.6 123.5 119.3 115.1 109.1 113.4 118.3 125.2 132 138.6 143.1 145.3 146.8 146.2 147.1 149.6 151.4 151.9 151.5 150.9 149.9 149 148.2 147.3 146.5 145.8 145 144.2 143.4 142.8 142.2 141.7 141.2 140.9 140.7 140.3 140 139.9 139.7 139.6 139.4 139.6 139.7 139.3 139 138.5 137.7 137.4 138 139.1 140.4 140.9 140.6 140.4 139.9 139.6 139.5 139.9 140.4 140.5 140.3 139.9 139.3 139.1 138.6 138.4 138 137.7 136.4 134.8 132.4 128.9 130.7
155.8 153.4 147.9 141.1 137.8 131.9 124.8 119.6 114.3 111.1 117 122.3 127.4 132.8 141.6 145.7 147.9 149.2 149.6 149.2 150.9 151.5 152.3 151.9 151.1 150.4 149.4 148.5 147.6 146.6 145.9 144.7 143.8 143.1 142.5 142 141.6 140.9 140.8 140.5 140.1 139.7 139.5 139.3 139.2 139 138.7 138.6 138.5 138 137.7 137.6 137.9 138.6 139.7 140.9 141.2 141 140.8 140.5 140 140.4 140.7 141.1 141 141 141 140 139.2 139.1 138.7 138.8 138.7 138.5 137.4 135.1 130.3 128.9
155.7 153.8 151 147.9 141.5 133.8 127.1 121.6 115 114.7 121.4 126.7 132.9 136 139.7 145.6 149.5 150.6 151.1 152.9 151.1 151.4 152.1 151.9 151.3 150.5 149.5 148.5 147.6 146.8 146.2 145.1 143.9 142.8 142.4 142 141.5 141.1 140.9 140.8 140.7 139.5 139.7 139.5 139.3 138.8 138.3 138 138 138.1 137.9 137.9 139 139.8 140.1 141.1 141.3 141.4 141.3 141.1 140.9 141.2 141.6 141.6 141.5 141.5 141.7 140.4 139.6 139.3 138.6 138.6 138.2 137.2 136.2 134.6 131.7 127.1
155.8 154.3 152.9 149.4 142.7 135.5 129.2 122.4 114.2 119.9 126.9 131.4 136.9 143.3 146 147.7 150.1 151.3 152.3 151.5 151.6 151.8 151.8 151.4 150.8 150.2 149.5 148.6 147.7 147.1 146.5 145.2 143.9 142.9 142.3 141.9 141.4 141.3 141 140.8 140.6 139.8 139.6 139.8 139.3 138.6 138.4 138.3 138.2 138.1 138.1 138.8 139.8 140.6 140.5 140.9 141.1 141.3 141.4 141.3 141.3 141.5 142 141.9 141.8 141.4 141.4 141 140.5 139.8 138.8 137.8 136.3 135 133.7 132.3 130.4 126.9
156.4 154.9 153 149.3 140.2 130.8 125.3 119.8 116 126.4 133.1 139 141.3 146.5 149.2 150.9 151.2 151.8 152.6 151.9 151.5 151.2 151.5 150.8 150.1 149.5 148.8 148.1 147.3 146.4 145.8 145 143.5 142.9 142.4 141.8 141.5 141.2 141 140.7 140.4 140.2 140 139.8 139.2 138.7 139.2 138.6 138.5 138.6 138.9 139.7 140.6 141.1 140.9 140.5 140.9 141.1 141.4 141.3 141.3 141.4 141.4 141.1 141.4 141.5 141 140.2 139.3 138.8 138.2 136.7 135.1 134.3 133.6 133 132.4 129.9
155.9 154.5 152 147.1 139 130.6 124 117.7 121.5 127.8 134.8 143.9 146.5 149.1 150.6 151.8 152.2 153.6 152.5 152.3 152.1 151.5 151.4 150.7 150 149.3 148.5 147.5 146.8 145.9 144.9 144.1 143.7 143.2 142.6 142.3 142.3 142 141.7 141.3 140.9 140.7 140.3 140 139.7 139.4 139.3 139.2 139.3 139.4 139.9 140.9 141.6 141.2 140.9 140.8 140.8 141 141.2 141.2 141.1 141.2 141.3 140.7 141.4 140.4 139.7 139.2 138.5 137.2 136.5 136 136.2 136.3 135.7 135.2 134.2 132.3
154.9 152.4 148.4 139.7 135.3 128.4 120.4 120.9 126.9 134.2 137.7 141.8 148.5 150.5 151.4 152.6 153.4 152.8 153 152.8 152.6 152.2 151.4 150.6 149.8 149.2 148.7 147.4 146.3 145.4 144.8 144.3 144 143.5 143.3 143.1 143.1 142.6 142.1 141.7 141.4 141.3 140.9 140.6 140.4 140.2 140.1 140.1 140.1 140.3 141.2 142.2 141.7 141.3 141 141.3 141.2 141.2 141.5 141.6 141.7 141.8 142.1 141.4 141.2 140.9 140 139.5 139 138.6 138.2 138.1 138.1 137.9 137.3 137 136.1 134.4
152.7 150.5 141.9 135.2 131.4 123.9 122.9 127.8 130.9 138 146.6 148.9 150.1 151.6 152.4 153.1 152.9 153.2 153.5 153.1 152.4 151.8 151.5 150.7 149.6 148.6 148.1 147.3 146.3 145.6 145.2 144.8 144.9 144.6 144.2 144 143.6 143 142.5 142.1 141.9 141.8 141.5 141.2 141 141 141 141 141 141.2 142.2 142.4 142.5 142.1 141.7 141.7 141.7 141.7 142.4 142.9 143 143.1 143 142.5 142.1 141.6 141.1 140.3 140 139.6 139.2 139.5 139.6 139.4 139 138.3 137.5 136.7
148.7 144.5 138 133.4 128.4 128.5 129 136.6 137.2 144.7 148.3 150.6 151.8 152.3 152.8 155.2 152.8 153.1 153.3 152.8 152.2 152 151.2 149.6 148.3 147.5 147 146.7 146.5 146.5 146.6 146.4 146.4 145.8 145.3 144.8 144.1 143.5 142.9 142.6 142.5 142.3 142.1 141.9 141.8 142 142.1 142 142 142.1 142.3 142.5 142.8 142.7 142.6 142.1 142.2 142.3 142.9 143.4 143.6 143.9 143.8 143.4 143.1 142.7 142.2 141.2 140.9 140.5 140.5 140.4 139.9 139.9 140 138.9 138.2 137.5
150.9 144 138.3 139.6 134.9 134.9 134.2 143.4 145 148.4 150.4 151.8 153.1 153.3 154.1 153.5 152.6 152.8 152.9 152.3 151.5 151.1 150.2 148.7 147.6 147.5 147.6 147.5 147.5 147.5 147.7 147.9 147.3 146.6 146.1 145.6 144.9 144.2 143.3 143 142.7 142.4 142.2 142.4 142.7 143.1 142.6 142.5 142.4 142.4 142.5 142.7 142.9 142.9 142.9 142.4 141.5 141.6 142.3 143.3 143.5 143.7 143.6 143.3 143.3 143 142.5 142 141.7 141.3 140.9 140.4 139.8 139.6 139.7 139.3 138.7 138
150.9 146.8 147.9 145.3 138.2 139.9 138.5 146.6 150.5 149.7 151.9 153.3 154.2 155 154.7 154.2 153.5 152.6 152.2 151.3 150.4 149.6 148.7 148.2 147.8 148 148.7 148.5 148.4 148.5 148.6 148.3 147.8 147.4 146.8 146.1 145.2 144.3 143.5 143.1 142.7 142.4 142.3 142.4 142.8 143.2 143.2 142.7 142.7 142.7 142.9 143 143 142.8 142.8 142.7 141.2 142 142.9 143 143.3 143.5 143.5 143.2 142.9 142.7 142.3 141.8 141.5 140.9 140.2 139.6 139.3 139.1 138.8 138.5 138 137.8
152 151.9 151.2 149.7 144 144.2 141.1 148.7 150.9 152.1 153.9 154.6 155.1 157.3 154.9 154.3 153.1 152.4 151.5 150.5 149.5 148.5 147.9 148.1 148.4 149.1 149.8 150 149.6 149.2 149.1 148.7 148.1 147.7 147.3 146.3 145.2 144.3 144.3 143.8 143.4 143 143.1 143.3 143.5 143.4 143.4 143.2 143 143 143.2 143.1 142.8 142.5 142.5 142.4 142.2 142.2 142.3 142.4 142.6 142.8 142.8 142.5 142.2 142 141.9 141.5 140.8 140.2 139.5 138.7 138.7 138.4 137.9 137.6 137.3 137.2
152.7 152.6 152.5 151.3 147.8 146.3 143 147.4 150.3 153.5 154.6 155.3 156.8 155.7 155.1 154.4 152.8 151.8 151.1 150.1 149.5 148.9 148.6 149 149.4 150.2 150.8 150.6 150.3 149.9 149.7 149.1 148.5 147.9 147.5 146.4 145.2 145.2 145.1 144.7 144.3 143.8 144 144.4 144.6 144.5 144.2 143.8 143.4 143.3 143.3 142.9 142.6 142.3 142.2 142 141.8 141.7 141.7 141.8 141.9 142.1 142 141.8 141.6 141.4 141.2 140.7 140 139.4 138.8 137.9 137.7 137.4 137.2 136.7 136.8 135.9
153.7 153.2 153.2 152.1 151 150.1 148.8 148.1 152.1 154.6 155.5 157.7 157.2 155.8 155.3 154.2 152.8 151.8 150.9 150.2 149.6 149 149.5 149.8 150.1 150.8 151 150.9 150.8 150.5 150.1 149.5 149 148.4 147.5 146.2 146.1 146.1 146 145.6 145.2 144.8 144.3 144.3 145 145.2 144.8 144.3 143.8 143.2 142.9 142.5 142.2 141.6 141.3 140.9 140.7 140.7 140.8 141 141.1 141.3 141.3 141.1 140.9 140.7 140.4 139.8 139.3 138.8 138.2 137.2 136.5 136.1 136 133.7 133.5 132.2
154.3 154.6 152.9 151.7 150.7 151.5 153 153.2 154.6 156 157.4 156.6 156.2 155.3 155.4 154 152.8 151.7 151.1 150.5 150.3 150.1 150 150.4 150.7 151.3 151.3 151.2 151.1 151 150.7 150.1 149.2 148.3 147.4 147 147 147 146.8 146.6 146.2 145.8 145.2 144.4 144.4 144.8 144.5 144 143.4 142.9 142.2 141.5 140.7 139.9 139.7 139.5 139.2 139.5 139.5 139.8 140.4 140.6 140.4 140.2 140 139.8 139.4 138.9 138.5 137.9 137.2 136.1 135 133.1 132.9 130.8 128.2 127.3
154.7 155.5 155.6 155.7 156.7 157.1 157 156.3 156.5 157.2 157.1 156.9 156.7 156.2 155.3 154.1 153.2 152.1 151.6 151 150.2 149.7 150.1 150.9 151.4 151.7 151.6 151.5 151.4 151.3 150.9 150 149.1 148.2 147.7 147.8 147.8 147.6 147.4 147.2 147 146.4 145.7 144.8 144 144.2 144.2 143.7 143.1 142 140.4 140.3 139.7 139.6 139.4 138.8 137.8 136.9 138.8 139.6 139.8 139.7 139.6 139.3 139.1 138.8 138.5 138.1 137.6 136.9 135.9 134.9 132.4 129.8 128.6 127.4 124.2 122.5
153.7 154.7 155.8 156.6 156.8 156.7 156.5 156.5 156.3 156.7 156.9 156.6 156.2 155.8 154.7 154.3 153.8 152.8 152.2 151.3 150.5 150.3 150.4 151.1 151.8 152 151.9 151.8 151.7 151.3 150.8 149.9 149 148.5 148.4 148.5 148.4 148.2 148 147.8 147.6 146.9 146 145.1 144.2 143.3 142.6 141.9 141.6 141.4 141.6 141.8 141.6 141.2 140.6 140.1 138.8 137.1 137.6 139.3 139.2 139.2 138.9 138.2 137.6 137.1 136.9 136.6 136.3 135.8 134.6 133.5 131 127 123.9 121.7 119.3 119.2
153.5 154.5 156.1 156.4 156.5 156.8 157.1 156.6 156.3 156.7 157 156.6 156.1 155.5 154.9 154.4 153.9 153.4 152.4 151.4 150.6 150.8 151.2 151.7 152.2 152.3 152.3 152.2 151.7 151.2 150.7 149.9 149.3 149.3 149.1 149 149 148.9 148.7 148.3 147.7 146.6 145.7 144.8 143.8 143 142.6 142.4 142.5 143 143.1 142.7 142.3 141.8 141.2 140.3 139.4 137.4 136.5 138.8 138.9 138.9 138.6 138.1 137.2 136.3 135.3 135.1 134.7 134.2 133.2 132.1 129.5 124.6 121 123.2 125 125.1
153.6 154.8 155.6 156 156.4 156.7 156.9 156.6 156.3 156.6 156.9 156.6 156.1 155.5 155 154.5 154.1 153.4 152.5 151.6 150.9 150.7 151.1 152.1 152.4 152.6 152.6 152.1 151.6 151.1 150.6 150.2 149.9 149.7 149.6 149.5 149.5 149.4 148.9 148.5 147.3 146.4 145.4 144.4 143.8 143.7 143.6 143.8 144.1 144.2 143.7 143.3 142.9 142.3 141.2 140.3 139.4 138 135.8 138.3 138.9 138.6 138.1 136.8 136.6 135.7 134.6 134.1 132.9 132.5 131.7 129.9 125.6 121.6 126.4 129.2 129.2 129.2
152.4 153.7 155.3 155.9 156.3 156.6 156.5 156.2 156.2 156.5 156.7 156.7 156.4 155.8 155 154.6 154.2 153.4 152.7 152.1 151.5 151 151.5 152.3 152.7 152.8 152.6 152.2 151.7 151.2 150.8 151.1 150.7 150.2 150.1 150.1 149.8 149.5 149.1 148.4 147.1 146.1 145 144.8 144.7 144.5 144.8 145.1 144.8 144.5 143.7 143 142.6 141.9 141.2 140.2 139.2 137.9 135.3 138.3 139.2 138.5 137.4 135.7 135.3 135 134.2 133.1 131.5 130 128.4 125.6 122.4 127.8 131.5 132.1 131.7 130.9
151.2 153 154.6 155.1 155.5 156.1 155.9 155.6 155.9 156.2 156.5 156.4 156.2 155.7 155.2 154.8 154.5 154 153.4 152.8 152.2 151.8 151.7 152.3 152.9 153 152.6 152.3 151.8 151.3 151.4 151.5 151.2 150.7 150.2 150 149.7 149.3 148.7 148.2 146.5 145.7 145.4 145.7 145.9 145.7 145.9 145.9 145.4 144.6 143.8 142.9 142 141.3 140.3 139.2 138.3 137.2 134.2 136.8 138.6 137.9 136.4 134.6 134 133.8 133.3 132.2 130.9 127.9 124.3 123 128.5 131.6 132.2 132.3 132.4 131.5
151.3 152.6 153.6 154.2 155.1 155.7 155.7 155.1 155.7 155.9 156.1 156 155.9 156 155.5 155.3 154.9 154.5 154 153.5 152.9 152.5 152.5 152.7 153.2 153 152.6 152.3 152 151.8 151.7 151.5 151.2 150.7 150.3 149.9 149.5 148.7 147.6 146.7 146.3 146 146 146.2 146.4 146.4 146.6 146.1 145.4 144.4 143.7 142.7 141.4 140.1 139 137.8 136.9 136 134 134.2 135.4 135.7 134.5 133.1 132.2 132.1 131.7 131.2 129.7 126.1 123 128 131 131.5 131.7 132 131.6 130.9
150.8 152 153.1 154.2 154.7 155.2 155.7 155.3 155.8 156.2 156.2 156.1 156.1 156 155.7 155.7 155.3 155 154.3 153.5 152.6 152.1 152.6 153.1 153.2 153 152.6 152.3 152.1 151.9 151.7 151.5 151.1 150.7 150.3 149.9 149 148.2 147.4 147.1 146.9 146.8 146.8 147 147.2 146.8 146.7 145.8 145 144.3 143.2 142.3 141.6 140.8 139.5 138.6 136.8 135.5 134.2 133.1 132.2 131 129.6 129.3 129.5 127 127.5 127.5 127.2 124.1 125.4 129.8 131.5 132 132 131.4 130.7 130.1
150.8 151.9 153.3 154.3 155 155.3 155.6 155.9 155.6 156.5 156.4 156.3 156.2 156.1 156 155.9 155.6 154.7 154.2 153.6 152.8 152.4 153.1 153.2 152.9 152.7 152.5 152.4 152.2 151.8 151.7 151.5 151.1 150.7 150 149.3 148.6 148.1 148.1 147.9 147.8 147.7 147.6 147.8 147.6 147.2 146.5 145.5 144.5 144.1 144.1 143.4 142.5 141.6 140.3 139 138.2 137.6 137.3 136.8 135.9 134.6 133.6 132.9 131.9 131.1 129.1 126.6 124.7 125.6 128.9 130.9 132.2 132.7 132.3 131.4 130.3 129.4
151.7 152.7 153.5 154.4 155.3 155.6 155.9 156.2 156.1 156.4 156.6 156.4 156.3 156.2 156.1 155.8 155.2 154.4 153.4 153.3 153 152.6 153 153.1 153 152.8 152.7 152.5 152.3 151.9 151.4 151.4 150.9 150.2 149.4 149.1 149.1 149.1 149.1 148.9 148.7 148.5 148.5 148.4 147.9 147.4 146.9 145.7 145.2 145 144.5 143.4 142.6 141.6 140.1 138.6 139 139.2 138.8 137.9 136.9 135.9 134.8 134 133.1 132.2 130.8 128.4 125.2 126.6 130 131.9 132.6 132.9 132.6 131.5 130.3 129.2
151.4 152.4 153.4 154.5 155.4 155.9 156.1 156.2 156.3 156.7 156.6 156.5 156.4 156.3 156.3 156.2 155.4 154.2 153.9 153.5 153 152.9 153.1 153.3 153.1 153 152.8 152.6 152.4 152.1 151.6 151.1 150.5 149.9 149.7 149.7 149.8 149.8 149.8 149.7 149.5 149.3 148.9 148.6 148 147.4 147 146.6 145.7 145.3 144.5 143.4 142.6 141.2 140.2 139.9 139.1 139.3 139.4 138.6 137.5 136.4 135.3 134.3 133.3 132.2 130.5 128.1 124.6 128.4 130.6 132.1 132.7 133.3 132.5 131.3 130.1 128.9
150.5 150.8 151.8 153.8 155.1 155.5 155.9 156.4 156.6 156.6 156.4 156.3 156.3 156.2 156 155.8 154.9 154.2 153.9 153.5 153 152.6 153.1 153.2 153.2 153.1 152.9 152.7 152.5 152.3 151.8 151.3 150.4 150.4 150.3 150.3 150.3 150.3 150.3 150.3 150.1 149.8 149.3 148.6 147.9 147.5 147.1 146.6 146.2 145.4 144.5 143.4 142.3 141.6 141.3 140.8 140.1 139.2 139 138.1 136.7 135.7 134.8 133.6 132.7 131.5 129.6 126.9 125.7 129.1 130.9 132.1 132.8 133 132.6 131.3 130 128.8
151.4 152.4 153.3 153.9 154.3 154.9 154 156 156.5 156.4 156.2 156.1 156 155.7 155.5 155.3 153.8 153.8 153.8 153.5 153 153.2 152.9 153 153.3 153.2 153.1 152.9 152.7 152.4 152 151.5 151.3 151.1 150.9 150.7 150.8 150.8 150.7 150.8 150.5 149.8 149.2 148.5 148 147.6 147.2 146.8 146.2 145.3 144.3 143.7 143.2 142.7 142.1 141.3 140.4 139.3 138.6 137.5 135.7 134.7 133.9 132.6 131.4 130.1 128.2 125.9 127.2 129.8 131 132.4 132.8 132.5 132.3 131.5 130.1 128.1
150.8 152.3 153.2 153.7 154.2 154.8 155.3 155.7 155.9 155.6 155.9 155.8 155.6 155.1 154.7 155 153.4 153.2 153.2 153.3 153.2 152.9 153.4 153.4 153.3 153.4 153.2 153 152.8 152.5 152 151.8 151.8 151.6 151.3 151 150.8 150.9 151 150.7 150.2 149.7 149.2 148.9 148.4 147.8 147.4 147 146.2 145.4 144.7 144.3 143.8 142.9 142.1 141.3 140.5 139.2 138 136.8 134.7 133.6 132.9 130.3 129.7 128.5 127.4 127.1 129 129.6 131.2 132.8 132.7 132.3 131.8 130.7 129.5 128.6
150.2 152.1 153 153.7 154.2 154.6 155 155.4 155.6 155.4 155.6 155.4 155.3 154.9 154.3 153.8 153.3 152.9 153 153.1 153.2 153.4 153.8 153.7 153.6 153.5 153.3 152.9 152.7 152.4 152.1 152.1 152.1 152 151.8 151.2 151.1 151 151 150.5 150.3 150.1 149.8 149.5 149.2 148.5 147.7 147.1 146.4 145.8 145.2 144.6 143.7 142.7 141.7 140.9 140 138.8 137.1 135.4 133.6 132.9 132.9 132.1 131.3 130 127.3 128.8 130.8 131.4 131.9 132.9 132.5 132.1 131.2 131.1 130.3 129.7
149.6 152 152.8 153.6 154.1 154.4 154.8 155.1 155.2 155.3 155.2 155.1 154.9 154.7 154.3 153.6 153.1 153 153.1 153.2 153.3 153.1 153.3 153.4 153.8 153.8 153.6 153.2 152.8 152.4 152.4 152.4 152.4 152.4 152.2 151.5 151.4 151.3 151.1 151 150.8 150.6 150.3 149.9 149.2 148.6 148.1 147.4 146.8 146.2 145.4 144.5 143.6 142.6 141.5 140.6 139.5 137.7 136.2 134.8 134.7 134.9 134.2 133.2 131.8 129.6 127.2 130.3 132.3 132.8 133.1 133.1 132.6 132.3 132.1 131.9 131.1 131.2
150 151.9 152.6 153.4 154 154.2 154.6 154.7 154.8 155 154.7 154.4 154.1 154 154.2 153.6 153 153.1 153.2 153.3 153.3 153.2 153.6 154.1 154.1 153.9 153.5 153.1 152.7 152.7 152.7 152.7 152.7 152.8 152.5 151.8 151.7 151.5 151.3 151.1 151 151.1 150.5 150 149.2 148.4 147.9 147.1 146.3 145.7 145 144.3 143.4 142.4 141.2 139.9 138.4 137 136.8 137.3 136.3 135.7 134.5 133.2 131.6 128.7 128.7 131.2 133.3 133.9 134 133.9 133.5 133.1 132.8 132.6 131.8 133.3
150.7 151.5 152.4 153.8 154 154.2 154.3 154.4 154.5 154.5 154.4 154.1 153.8 153.4 153.6 153.1 153.2 153.2 153.3 153.4 153.4 153.5 154.3 154.2 154 153.7 153.4 153 153 153 152.9 153 153 153 152.7 152.1 152 151.8 151.6 151.4 151.2 150.9 150.6 150 149.2 148.4 147.6 146.8 146 145.2 144.5 143.8 142.4 141 139.7 138.3 138.1 138.7 138.6 137.8 137 135.8 134.3 132.9 130.9 128.6 130.7 132.6 134.2 134.9 134.5 134.6 134.6 134.1 133.7 133.4 132.7 134.7
150.7 151.4 153.7 153.8 153.9 153.8 154.1 154.1 154.3 154.1 153.9 153.7 153.5 153.1 153.1 153 153.3 153.8 153.7 153.7 153.8 153.9 154.6 154.2 153.9 153.6 153.3 153.3 153.4 153.3 153.1 153.2 153.2 153.2 153.1 152.6 152.3 151.8 151.5 151.3 151 150.7 150.3 149.5 148.5 147.6 146.7 145.7 144.8 144.1 143.5 142.4 141 140.4 140.3 140.5 140.3 139.5 138.7 138 136.8 135.5 134.3 133.1 131.6 128.6 132.7 134.1 135.3 135.2 135.1 135.4 135.5 135.2 134.7 134.1 133.9 135.4
151.1 151.9 153.5 153.4 153.3 153.6 153.9 153.9 153.8 153.7 153.5 153.3 153.1 152.9 152.8 153.2 153.5 154 154.3 154.1 154 154 154.5 154.4 154 153.7 153.6 153.7 153.7 153.6 153.4 153.4 153.4 153.3 153.1 152.7 152.4 151.7 151.3 151 150.8 150.5 149.8 149 148.1 146.9 145.8 144.9 144 143 142.4 142.5 142.6 142.7 142.4 141.4 140.9 139.8 138.9 137.9 136.9 135.9 135.2 133.8 130.1 130.5 134.1 135.3 135.8 135.6 135.9 136.3 136.4 136.4 135.9 135.1 133.1 136
