Assets/StreamingAssets/GeoData/Data/nr/NR46.asc
ncols 200
nrows 200
xllcorner 140000
yllcorner 660000
cellsize 50
[rows 0 to 35 of 200, columns 82 to 163 of 200]
-0.5 -0.5 -0.5 13.2 30.1 33.9 36.5 39.7 43 45.9 48.8 52.1 54.4 56.7 60.3 63.4 66.3 68.9 70.1 71 71.8 72.9 73.8 74.1 76 75 74.3 74.7 77.9 80.7 85.5 86.9 88.2 89.8 90.2 92 91.7 92.2 93.5 98.1 98.6 106.2 109.3 115.4 121.1 127 131.3 136.2 138.8 142.4 150 155.1 159.4 162 165.2 166.6 168.4 165 167.9 172.7 174.8 176.6 179.1 184.2 184.1 185.7 187.5 188.7 193.6 199.1 207.8 212 216.3 224.3 236.1 245.5 248.9 253.2 257.5 259.7 260.4 263.8
-0.5 -0.5 -0.5 22.3 30.1 34.5 37.3 40.5 43.8 47 50.2 52.6 55.3 58.2 61.6 65.8 68.2 69.8 71.1 71.7 72.3 73.5 75.1 76.1 77.8 77.7 76.1 77.6 78 80.1 86 86.7 87.8 89.5 90.1 90.4 93.7 96.7 101.5 104.6 106.4 103.6 109.9 114.7 120.6 123.5 128.5 135.1 137.4 139.1 147.6 158 159.3 162.4 166.1 168.9 171.4 174.3 175.8 178.6 178 181.1 181.9 183.7 180.6 182.8 185.6 188.6 188.1 191 198.2 202.6 207.8 212.4 220.1 227.7 235.2 241.4 246.3 247.7 250.4 253.5
-0.5 -0.5 8.9 24.6 29.8 34.5 38.3 40.7 44.2 47 50.8 54.3 56.4 59.1 61.6 64.6 68.9 70.5 71.6 72.2 72.7 74.1 75.6 77.2 80.9 79.6 78.1 77.9 81 81.5 84.8 87.6 87.5 88.6 91.3 92.8 96.7 99.6 105.3 109.3 110 107.2 114.2 115.7 119.7 122 126.9 130.8 133.3 137.4 146.9 156.3 159.9 164.2 167.7 170.9 173.4 176.9 178.2 180.7 181.7 183.8 186.1 185.8 183 183.5 184.1 185.9 187.5 190.3 192.6 195.5 202.2 208.3 211.8 217.8 223.6 229 235.8 239.1 240.1 242.9
-0.5 -0.5 19.8 24 29.3 33.3 36.9 40.5 43.4 49 53.3 55.2 57.7 60 62.2 63.9 66.9 68.9 72 72.6 73.1 74.6 76.2 77.7 79.3 81.5 79.3 78.4 80.6 83 87.7 89.7 89.4 88.7 89.4 93.5 99.6 102.9 110.8 113.5 115.8 115.2 114.5 114.5 119.7 122.5 127.4 128.8 133.5 136.2 144.7 156.1 160 164.2 168.5 172.5 175.5 177.1 178.4 182.1 182.7 187.3 189.2 190.1 187.2 189.8 186.7 186.9 187.5 188 190.3 193.2 199.3 204.4 207 213 215.9 222.3 228.1 232.1 232.1 234.1
-0.5 10.4 20.2 24.4 29.4 32.8 36.2 39.7 44.2 50.2 53.7 55.8 58.3 60.7 62.2 63.9 65.7 67.5 70.8 73.1 73.5 75.2 76.9 78.4 80.1 82 81.5 78.9 80.1 81.1 89.5 93.5 91.3 89.6 88.3 95 101.3 105.3 112 116.3 120.1 120.4 120.1 118.4 116.5 123 127.5 129.6 132 137 143.1 156.4 160.7 164.2 167.5 173.3 177.2 180.9 183.2 185.7 186.8 188.8 192.6 192.9 194.6 193.8 193 193.9 192.1 193.8 193.2 191.8 194.4 196.2 200.1 208.9 208.8 214.3 220 224.2 226.5 228.1
-0.5 11.5 19.2 22.7 28.7 32 35.6 39.2 42.1 49.8 54 56.4 58.5 60.7 62.3 63.5 65.3 67.2 69.7 71.9 74.2 76.3 78.2 79.2 80.8 82.2 82.2 80 80.3 81.1 89.2 92.2 93.1 92.5 92.7 97 102.6 111.6 114.1 119.9 122.9 125.4 125.1 122.1 122.2 122.7 127 129 132.6 138.8 145.3 152.7 159.3 161 168.5 174.8 179.6 183.8 186.1 188.7 190.5 193.4 197.7 198.2 198.1 199.9 199.9 198.4 197.4 199.6 197.4 197.6 199.7 200.2 201.2 199.3 201.1 204.4 208.1 212 217.9 217.6
-0.5 4.4 21.6 25.7 28.1 31.4 35.5 37.6 41.6 48.9 53.1 55.1 58.3 60.7 62.4 63.6 65.2 67.3 69.4 71.8 74.5 77.8 79.3 79.7 81.2 82.4 82.8 82.9 83.1 83.5 89.1 91.1 93.3 94.4 93.1 100.3 107 112.3 116.8 122.8 126 127.6 128.6 128.2 126.3 126.7 129.9 132.5 133.8 142.3 145.4 151.3 159 163.8 169.6 175.6 181.1 184.4 188.9 191.3 194.9 197.5 201.4 203.5 204.9 205.4 205 205.3 204.3 204.5 204.7 204.6 207.5 206.6 207.5 208.2 209.4 205.4 204.2 205.6 208.3 212.2
-0.5 12.2 23.6 26.3 30.1 32.8 35.5 37.3 40.6 46.1 50.8 54.6 58.4 60.7 62.6 63.8 65.1 67.7 70.2 71.7 71.6 75 78.6 80.6 81.7 82.8 83.6 84.1 85.6 86.6 87.2 91.2 93.9 94.1 93.2 102.2 109.6 114.3 118.3 123.6 127.8 132.5 133 131.9 130 131.1 132.5 135.2 137 143.8 148.7 153.1 159.9 164 172.3 177.9 180.9 187.5 189.1 193.6 198.5 201.8 206.9 209.6 211.5 213.1 213.7 212.5 209.9 208.4 208.7 210.4 211.2 211.9 213.4 213.9 210.4 206.4 204.1 204.9 209.9 213.6
-0.5 19.5 23.1 26.4 29.8 33.9 35.2 37.2 40.3 45.1 50.8 54.2 58.5 60.8 62.4 63.9 65.1 68 70.6 71.2 71.3 72.5 76 78.1 78.5 81.5 82.8 86.6 88.3 89.2 89.9 91.2 92.6 93.4 101.1 104.4 109.4 114.8 119.7 125 130.5 133.5 134.5 134.8 133.2 132.6 137.4 139.6 141.3 144.5 149.7 153.2 160.8 167 171.6 176.6 182.4 187.8 192.8 196.5 202.4 206.7 210.4 213.7 216.7 218.1 219.7 219.9 217.6 214.2 212.9 213.6 214.4 213.4 212.8 210.6 208.1 204.8 205.6 207.8 211.5 212.2
-0.5 22.6 24.3 26.6 30.5 34.4 37.4 38.8 42.9 46.7 48.9 52.9 56.5 60.2 62.3 62.6 64 67.2 69.8 70.9 70 70 71.1 76.3 79.6 81.4 85.6 90 91.5 92 91.7 92 93.3 94.5 99 106 110.3 114.7 116.9 121.9 128.9 132.4 136.4 136.2 135.6 136.4 139.6 141.6 145.2 150.4 153.6 155.8 158.9 165.7 172.8 180.5 185.2 192.3 198 202.1 208.9 213 216.2 219.1 221.2 223.8 225.4 224.4 222.2 220 218.5 216.2 217.6 216 214.4 211.9 209.2 207.1 205.8 208.2 208.5 208.6
-0.5 21.3 24.9 27.4 30 35.2 38.6 40.3 43.9 46.6 48.5 52.8 57.5 60 61.8 62.9 62.8 65.5 68.2 70.1 71 73.4 74.1 78.1 81.9 86.2 89.5 91.9 92.7 93.3 93.4 94.1 96.4 97.5 99.4 103.1 108.9 113.6 115.5 119.2 126.2 131.3 132.9 136.2 138.6 140.4 141.2 144.7 149 152.5 156.4 158.6 161.5 168.8 175.9 180.6 187.1 196.7 205.6 207.7 214.2 218.5 221.6 223.7 225.9 228.4 231.6 232 228 225.6 224.9 223.1 222.5 220.4 217.6 215.2 212 208.5 208.8 207.7 210.3 210.9
6 19.2 23.9 27.6 30 33.9 38 41 44.8 46.9 49.9 53 57.9 59.5 61 61.6 62.4 64.4 67.6 67.9 70.3 71.7 73.1 76.2 77.7 87.1 91 92.2 93.5 94.3 94.9 97.3 99 97.5 100.5 103.2 105.8 109.9 112.7 116.2 120 127.1 131.9 135.2 139.7 141.3 143.8 147.8 149.9 155.5 159.1 162.4 168.7 169 173.1 183 191.5 201.8 210.1 214.1 216.7 221.3 227.1 230.6 232.6 233.9 236.2 236.8 232.9 230.4 229.9 227.9 226.9 227.6 223.9 223.5 221 218.1 214.9 216.3 215.6 215.1
17.3 21.4 24 28.5 32.2 34.7 38.1 40.3 42.7 46.2 51.6 53.6 56.7 57.1 60.2 61.2 62 63.4 65.7 67.1 68.4 71.1 71.9 74.3 81.3 89.3 89.6 91.4 94.1 95.5 97.1 99.1 100 99.9 103 104.2 108.5 112.9 112.3 117.2 117.6 126.2 129.8 135.6 139.4 141.2 145.6 151 155.4 155.4 160.1 167.1 172.1 174.8 179.3 184.2 197.1 206.2 212.9 216.8 222.5 227.1 230.5 234.2 238.2 239.1 240 239.2 238.9 235.8 233.2 231.3 232.1 232.9 231.1 231 227.4 226.7 227.6 224.2 221 217.5
18.1 21.6 25.4 29.9 33.7 38 41.6 44.7 46.7 49.8 50.8 52.8 57.5 60.4 62.1 62.6 63.2 63.8 65.4 68.4 70.7 71.9 73.5 77.6 80.1 85.1 88.2 90.6 94.1 97.7 98.8 99.5 101.4 102.9 104.7 107.4 109.4 114.9 115.2 115.7 117.3 123.1 127.8 135.9 138.7 141.5 144.8 153.1 158.9 160.8 161.7 170.5 173.8 176.7 182.1 185.9 197.4 204.8 213.1 218.9 226.5 231.3 235 237.4 241.8 243.4 243.2 242.6 242.7 242.3 240.4 240.2 239.5 238 239.3 240.9 239 237 237.8 236.3 229.6 228.6
18.4 21.4 25 29.8 35 39.4 42.9 46 49.1 51.6 54.2 57.3 60 62.1 63.9 63.9 64.1 65.1 65.4 68.3 72 74.1 76.1 77.3 81.8 86.6 90.9 94.3 96.9 98.7 99.9 99.8 105.4 106.1 105.8 107.2 108.3 113.7 115.7 115.9 118.1 124.3 129.3 133.6 139 142.1 145.7 154.4 161.6 164.4 168.2 168.7 175.2 179.6 184.1 191.2 199 204 212.1 220.7 230.8 235.2 239.8 242.3 243.4 246.4 247.8 247.4 247.3 248.2 249.2 249.4 248 249.3 251.1 250.6 253.4 251.8 253.1 249.5 249.9 251.7
18.2 19.6 25.3 30 35.7 40.4 43.6 46.7 49.5 52.3 55 58.2 60.6 63.5 64.7 65.5 65.4 65.4 65.1 67.8 71 74.7 76.8 79.1 85 88.6 92.8 95.9 98.7 99.2 101.5 102.9 107.4 107.5 106.2 107.8 107.1 111.2 115.3 116.4 118.6 122.3 129 133.5 137.6 141.6 149.1 155.2 162.4 166.3 172 175.4 176.4 182.2 187.8 196.6 203.6 207 210 223.6 233 237.8 242.9 245.1 246.1 249.1 251.6 252.4 252.2 254.4 257.9 256.2 256.7 260.9 260.5 262 263.2 263.1 264.9 270.5 270.4 268.7
17.3 20.7 25.7 31.7 36.5 40 43.4 47 50.4 54.2 56.6 60.1 62.6 64.8 65.6 66.4 66.3 65.6 66.3 69.8 73.8 75 76.7 79 80.6 88.8 94.4 97.3 99.1 100.8 103 107.2 110.1 111.4 109.9 109.9 110.3 110.7 114.4 116.9 118.4 120.8 128 132 136.2 140.4 146.6 156.6 163.6 169.4 173.1 177.1 179.9 182.9 188.3 196.2 205.1 206.9 208.8 216.8 228.1 236.4 242.7 246.9 248.9 250.8 254.3 258 260.2 264 264.4 264.3 268.4 270.7 273.1 275.8 278.3 280.6 284.7 283.6 283.3 283.4
15.6 20.9 26.7 31.4 35.5 39.2 43.9 47.3 52.1 55.7 58.5 61.3 63.8 65.9 66.5 66.8 66.8 66.2 67.5 70 74.9 77.8 79.1 80 87 92.1 95.7 98.1 99.8 104 105 108.2 111.3 112.6 112.9 112.8 112.9 112.7 115.9 118.3 120 120.6 125.7 132.3 134.9 140.7 150.4 155.8 163.9 171.2 174 182.1 184.1 185.3 187.9 195.3 205.6 208.1 210.1 214.3 223 233.2 242.1 249.7 252.6 254 256.8 262.2 266.6 268.6 272.9 275.9 282.4 282 284.4 286.2 286.4 285.8 288.4 287.3 287 283.8
15.3 21.9 27.2 30.1 35.1 38.8 44.1 48.3 52.1 56 59 61.7 63.9 66.7 66.9 67.2 67.3 67.8 68.9 69.4 72.5 75.6 78.1 80.5 86.2 91.6 95.8 98.5 100.5 104.3 107.9 110.2 111.8 114.1 114.9 114.3 114.4 114.3 116.5 118.6 120.5 123.4 127.7 132 133.4 140.4 148.4 155.6 164.7 170.7 177.5 184.6 189.5 190.8 191.4 195.8 207.4 209.6 211.2 213.3 218.8 232.1 241.2 247.8 256.4 258.3 259.5 265.3 270.4 272 276.5 283.4 289.4 292.6 293 293.1 296.4 296.4 297.1 292.9 291.7 288.5
14.9 21.4 26.5 29.8 34.8 39.3 45.5 49.6 52.8 56 59.3 62.3 64.9 67.5 68.3 68.2 67.8 68.2 68.7 69.2 70.9 73.7 76.2 78.8 83.1 89.4 97.2 98.5 100.8 103.8 108 109.5 111.7 114.4 115.8 115.1 114.3 114.8 115.9 118.1 120.2 121.8 127.6 131.2 133.3 137.1 147.1 154.7 161.8 173.1 180.3 187.5 192.9 195.1 196.6 197.4 205.3 210.9 212.8 214.4 215.8 226.9 237.3 247 256.3 261.8 262.5 265.4 269.8 274.1 278.5 285 291.5 295.8 301 304.5 309.3 311.8 315 316.1 309.1 302.9
16.1 20.5 26.4 29.6 34.4 40.4 44.9 48.7 53.2 56.1 58.7 62.5 64.3 66.3 68.6 69 68.6 68.4 68.8 69.1 69 71.1 74.5 81.1 86.7 91.9 95.3 97.2 99 101.1 106.5 109.9 111.6 113.6 115.5 115.4 113.3 111.9 115 118.5 121.7 126 130.4 133.1 134.3 141.8 146.5 154.9 162.4 173.9 181 185.2 190.1 195.7 199.4 202.6 207 211.2 214.2 215.5 216.2 220 232.9 245.1 254.1 261 267.2 266.6 269.3 274.9 281.9 287.2 293 299.3 306.6 315.9 321.9 325.7 325.3 328.1 327.6 325.4
15.3 19.5 25.4 29.6 32.2 37 44.4 48.5 53.3 56 58.3 61.9 64.2 65.7 68 68.8 68.9 68.8 68.6 67.2 67.3 73 76.2 80 85.8 90.7 95.4 96 98.6 102.1 105.7 110.4 111.5 113.6 115.2 115 112.8 112.7 116.3 119.6 124.9 129 132.5 134 134.3 141.6 146.8 153.1 160.9 173.2 181.6 184.6 187.5 197 200.9 205.1 207.4 212.9 213.5 216.8 217 216.9 228.7 241.2 250.2 258.2 269.4 269.4 270.4 275.6 284 291.2 296.6 302.5 308.1 312.9 318.6 323.2 325.3 329.5 333.9 339.4
15.3 19.8 25.8 29.3 34.8 40.5 44 48 53.3 55.4 57.9 61 64.1 66.3 67.4 68.6 68.7 68.9 67.1 66.4 67.7 72.4 77.9 81 86.6 90.9 94.4 96.5 98.9 101.2 105.9 110.5 113.1 114.3 115.8 114.5 110.1 109 113.2 122.2 127.4 130.8 131.5 133.5 137.4 142.9 145.6 150 161.1 176.2 181.3 181.9 190.3 197.7 201.9 206.2 208.6 211.5 216 216 217.2 218.3 224.7 234.5 246.4 254.6 263.1 271.1 272.7 278.5 284.9 291.1 295.7 299.5 306.7 312.6 318.5 324 328.6 334.8 339.8 344.9
13.1 19.9 25.3 31 35.4 39.7 43.8 47.9 50.7 54.1 57.3 60.5 63.4 65.5 66.3 68.3 68.8 68.6 65.7 66.7 68.4 74.4 81.1 82.8 88.2 91.1 93.3 95 98.2 100.6 104 109 111.7 115.4 115.9 113.3 109.8 109 111.5 123.4 129.7 131.3 132.7 136.1 137.3 140.8 145.7 151.1 160.6 169.2 174.7 175.5 183.2 193.1 199.7 204.6 210.2 215 216.9 218.1 219.2 220.9 225.8 234.2 242.3 252.2 258.3 264.4 274.4 276.9 281.8 286 292.4 297.3 305.8 315.3 325 332.8 341.6 345.1 352.8 359
8 19.1 24.9 31 35.3 38.6 43.1 47.3 50 52.6 55.7 59.3 61.8 64.3 66.2 67.5 68.4 67.9 66.6 65 68.2 74.1 77.4 84 90.6 92.3 93 94.5 99 100.1 102.2 108.4 110.4 111.2 112.9 110.6 108.5 109.4 110.7 123.9 129.7 133.6 136.2 138.3 140.6 142.1 145.5 151.1 160.3 167.1 170.3 173.8 181.1 193.4 198.6 203.7 211.6 213.5 215.8 219.4 220.2 222.1 226.3 230.5 237.8 252.3 258.5 268.1 276.4 277.6 280.2 285.1 293.1 297.9 305.5 317.7 337.5 346.4 351.5 357.6 360.3 372.3
-0.5 17.4 24.9 30.7 35.2 38.4 41.1 45.5 48.6 51.2 53 57 60.3 62.7 65.6 67 67.6 66.8 65.5 62.8 67.9 72.2 78.3 85.1 88.8 92.1 90.1 91.4 94.7 98.9 102.9 105 107.1 108 109.9 109 108.1 109.2 111.1 120.7 129.1 133.1 137.6 139.9 141.1 142.2 146.3 154.4 161.5 165 169.1 172.1 181.8 191.7 196.4 202.3 207.2 210.8 214.6 218.7 220.9 223.9 226.6 231.3 238.3 249.1 256.5 263.6 269.7 278 283.3 288.9 293.5 298.8 303.1 315.2 331.6 350.1 363.4 366.1 371.6 376.8
-0.5 18.9 24.5 29.8 34.1 37.9 40.8 43.7 47.8 49.2 50.5 54.3 58.4 61.2 64.1 66.5 66.4 65.6 64.2 62.5 64.9 70.1 76.6 80.8 83.7 72.4 74.9 92.3 93.5 94.3 97.1 100.8 104.2 104.9 106.8 108.3 108.3 109.2 110.9 119.9 128.9 133.7 137.4 139.6 142 144.5 150 154.3 159.2 162.4 165.2 169.2 178.8 186.3 191.5 196.6 205.7 209.3 214.4 218.4 221.5 223.9 229.3 233.5 238.8 246.6 254.1 260.3 264.2 274.2 283.5 290.6 297.8 306.9 310 312.9 324.2 339.6 356.2 365.2 376.2 388.3
-0.5 18.3 22.5 28.9 34.2 36.8 39.8 41.6 44 46.7 49.5 51.1 55.5 59.3 62.1 64.8 64.8 64.2 58.2 59.1 62 66.2 66.7 66.7 76.9 85.5 91.3 80.8 81.6 89.8 95.2 101.6 102.8 104.4 106.6 108.7 110.3 109.8 113 119.6 127.9 133.5 137.2 139 140.9 144.2 148.4 153.3 157.4 160.3 164.6 166.9 172.4 179.3 184.9 193.5 201.6 205.3 210.7 214.9 219.8 226.2 231.5 235.6 239.9 245.9 252.6 258.9 265.9 275.4 285.1 293.1 302.5 312.8 319.7 318.8 327.2 336.1 352.6 370.3 382.7 396.1
-0.5 -0.5 20.1 28.7 32.8 36 38.9 40.2 42.2 46 48.8 49.8 51.8 56.5 58.7 61.8 61.7 54.8 58.3 62.1 62.9 64.3 69.3 77.8 81 84 87.3 89.4 92.9 93.6 89.2 95.2 101.6 105 106.9 108.9 110.8 112.4 112.6 114.7 123.6 131.5 137.8 139.8 140.1 143 146.8 149.9 151.6 154.4 160.7 167 170.8 174.6 185.2 193.3 198.7 204.9 209.1 214.7 218.5 226.7 232.2 237 240.5 243.6 248.6 257 265.8 277.3 287.5 298.5 306.7 315.1 325.4 330.1 333.7 345.4 356.3 372.5 386.8 403.1
-0.5 -0.5 11.2 28.5 32 35.1 37.8 39.7 41.8 46.5 47.3 48.5 48.2 55 56.8 59.2 57.7 53 57.4 60.2 64.7 68.3 72.9 79.5 83.5 87.4 91.3 91.5 94.5 97 95.1 94 98.2 104.9 107.3 109.2 112.2 114.6 113.1 116.4 122.6 132.7 136.5 138.6 141.4 141.3 145.2 148 151.8 155.3 159.5 164.1 171.9 173.3 182.4 190.9 198 201.4 204.3 211.6 218.1 224.2 231 237.6 239.9 240.5 246.7 256.3 266.8 278.6 291 300.6 307.8 315.7 328.2 339.5 340.9 351.8 365.8 377.8 394.1 408.9
-0.5 -0.5 5.3 28 32 33.9 36 38.2 41.9 46.5 47 47 47.7 51.4 53.2 51.6 48.4 54.9 58.4 62.4 67.1 69.3 74.3 78.7 82.4 88.2 91.9 94 95.3 97.5 97.2 94.7 97.5 103.3 105.9 108.2 110.9 113.7 115.4 116.2 119 129 133.8 135.9 137.8 143.5 148.1 151 156.8 158.9 161.8 165.7 172.2 173.8 179.6 189.5 196.5 199.7 202.1 209.4 214.3 221.9 230.6 235.3 236 240.7 248.7 256.3 267.8 280.9 291.1 296.1 303.3 313.9 327.2 338.8 343.7 351.1 363.9 372.2 390 400
-0.5 -0.5 -0.5 23.6 30.5 33.8 35.9 39.5 42.5 45.7 45.8 45.8 45.1 47 42 51 53.7 56.4 59.3 64.1 67.7 69.4 71.8 76.3 82.6 88.5 91.4 93 95.3 97.9 99.5 96.6 98.8 102.9 105.9 107.3 111.1 114.8 117.8 119.2 121.8 125.7 129.4 132.7 140 144.6 149.3 153.4 156.2 158.6 163.2 167.7 170.7 175 177.7 188.8 194.5 197 199.5 205.4 211.4 217.7 226.4 228.9 234.7 244.3 250.7 256.5 268.6 276.3 284.7 291.3 298.3 310.7 322.6 333.3 340.1 347.3 352.4 362.2 373.5 383.8
-0.5 -0.5 -0.5 8.6 29.5 33.5 35.8 38.7 42.8 46.9 45.1 43.6 45.2 39.7 46.9 49.3 53.8 56.5 59.6 65.9 69 69.6 71.2 75.3 82 87.3 90.6 94.1 97.2 98.8 100.2 97.2 102.4 105.5 103.4 108.4 112.6 114.6 114.7 118.7 123 124.3 127.6 131.3 138.8 143.7 148.1 152.7 154.4 156.9 162.5 167.3 170.8 172.1 175.5 188.2 192.6 195.8 198 200.5 207.6 213.3 219.3 225 236.7 248.4 254.8 259.1 265 272 280.7 285.4 296.7 304.4 314.8 328.3 332.8 347.9 352.3 351.3 350.2 358.1
-0.5 -0.5 -0.5 4.4 28.4 32.2 34.5 40 43 45.9 44.4 43.4 41.8 33.6 33.9 45.9 52.8 56.6 59.7 65.3 68.4 68.2 70.3 76.8 81.3 85.9 90.1 94.6 98 99.8 101.5 101.6 99.8 101.6 106.7 108.5 113.3 114.2 114.8 118.2 123.8 123.5 126.4 131.6 136.1 141.1 149.8 151.3 153.3 157.7 161.3 166 170.5 171.3 176.1 183.8 190.9 195.2 197.2 199.4 204.9 212.4 218.1 221.6 232.7 250.5 260.9 265.5 270.1 274.5 278.5 281.5 290.5 301.5 311.9 320 323.6 333.7 338 336.3 335.6 339.2
-0.5 -0.5 -0.5 2.7 26.1 34.1 36.8 41.6 44.6 45.6 43.3 38.6 34.9 34.2 44.1 48.2 46.9 55.3 58.5 62.5 66.7 66.3 69.3 73.6 79.1 83.8 88.1 94.1 98 100.8 102.8 102.8 103.5 102 105.2 106.9 109.8 111.1 111.6 114.1 117.5 119.4 124.7 132.7 135.9 141.4 149.3 145.6 148.4 156.4 156.9 160.1 167.4 169 172.6 179.2 189.5 194.4 197.1 200.6 205.7 210.3 215.3 220.1 233 249.8 262.1 269.6 274.7 278.8 282.5 285.7 288.6 295.7 307.9 310.3 314.7 319.8 328.2 331.1 335.7 337.6
-0.5 -0.5 -0.5 4.3 33.3 35 38.2 42 45.4 46.7 41.1 33.8 31.3 36.5 45.3 51.5 55.6 51.1 55.8 60.9 62.7 66.4 67.4 70.6 76.3 82.1 87.4 93.5 97.4 101.2 103.4 104.8 105.7 104.9 104.8 107.2 110.7 112.6 114.3 115.7 117.4 122.9 130.2 128.2 128.9 135.1 140.1 148 154.3 156.6 158.6 156.6 162.6 168.5 171.4 177.8 188.9 192.2 195.4 200.2 204.5 208.7 214.7 221.7 230.8 247 266.8 275.1 277 280.1 284.2 287 288.4 293 299.2 305.6 310.3 314.5 322.1 327.2 332.4 336.2
