Assets/StreamingAssets/GeoData/Data/nr/NR57.asc
ncols 200
nrows 200
xllcorner 150000
yllcorner 670000
cellsize 50
[rows 72 to 107 of 200, columns 81 to 161 of 200]
314.4 326.5 332 330.8 339.8 336.6 338.3 336.9 335 336.5 343.6 351.9 351 344.2 339.5 336 327.3 322.3 316.4 311.2 305 305.4 295.2 284.1 289.4 296.2 303.4 306.8 307.9 306.9 303.3 290.2 296.5 286.8 281.4 268.3 253.8 243.7 240.5 236.1 225.6 214.9 201.3 194.5 187.1 187.1 188.1 194.9 190.4 186.2 186.9 187.7 184.5 177.7 171.6 164.2 164 159.6 152.3 144.3 133.3 118.1 114.6 113.5 118.5 125.2 134.9 137.9 136.4 134.2 134.3 134.7 132.7 124.2 116.9 110.4 100 87.8 74 65.5 55.2
297.7 307.2 312.7 309.3 319.4 320 324.4 327.5 322.5 326.7 328.7 332.1 337.4 336.3 335.8 333.1 323.3 317.4 311 308 304.9 303.1 287.9 285.7 295.9 304.1 306 312.1 307.6 304 294.5 284.8 284.4 287 275.1 258 248.6 240.2 236 230.8 221.5 207.8 201.4 196.6 187.1 187.1 193.2 196.8 192.1 187.4 189.2 188.7 186 179.3 169.3 163.1 160.4 157.5 152.4 145.7 131.1 117.6 115.3 112.4 118.2 124.1 132.5 132.9 133.3 133 131.4 129.5 126.3 118.3 109.4 105.2 90.9 79.8 70.5 60.2 57
284.6 287.9 292.4 291.4 300.4 302.2 306.6 311.3 310.2 313.4 314.1 316.7 324.6 325 325 325 322.2 317.6 312.5 306.1 306.5 299 283.1 286.2 297 309.5 310.1 310.5 298.4 294.1 289.1 277.4 277.2 280.5 262 255.5 249.3 236.5 232 225.6 215.1 209.1 202.3 189.9 187.1 187.1 195 195 191.1 189.8 190.1 189.3 187.2 177.5 166.6 160.6 156.8 155.8 151.4 145.9 130.2 117.9 112.9 110.7 114.8 123.1 128.6 128.8 129.7 129 125.1 123.6 120.5 111.4 104.5 93.8 84.5 72.7 63.1 63.7 57.9
271.1 272.9 276.2 276.5 284 285.6 290.6 295.1 296.9 297.5 300.3 300.8 304.1 310.7 316.7 319.2 317.1 313.9 309.5 306.9 303.9 299.5 281 287.1 299.3 309.8 313.3 304.6 293.5 286.1 279.7 268.5 270.4 264.7 256.7 251.3 242.4 235.3 229.8 219.8 213.5 206.3 194.9 188 187.1 189.3 194.6 192.9 191.1 191.8 192.1 191.5 185.4 175.3 165 156.3 153.6 152.9 150.7 139.4 124 116.9 112.3 109.3 114.6 121.8 124.8 124.8 125.3 124.8 119.2 116.7 113.5 104 95.3 87.9 75.6 67.7 70.7 65.7 57.5
263.3 266.9 267.4 264.5 270.9 271.4 277.7 281.2 283 285.1 286.3 287.7 281.7 297.5 304.3 305.8 308.1 306.6 304.6 302.4 300.6 291.7 277.7 289.8 301.2 311.4 309.6 296.6 286.5 277.3 270.1 259.7 261.5 255.5 251 245.9 239.2 233.7 227 219.8 210.4 201.2 192.4 192 190.9 191.1 193 194.2 193.4 193.6 194 192.1 185 175.6 161.8 151.6 151.1 150.4 143.9 134.5 121.1 112.6 109.8 109.1 114.7 119.8 121.7 122.3 120.8 118.6 115 112.4 107.9 98.8 90.9 81.3 76.5 74.7 71 63.9 53.7
257 260.1 258.5 257.3 262.6 261.8 266.5 268.3 270.7 273.7 273.4 274.7 269.3 279.8 287.5 291.9 295.2 297.1 298 295.4 293.8 282.1 275.7 287.2 298.6 305.9 298.5 286.8 276.8 268.7 256.6 251.2 252.9 248.6 246 242.3 237.8 233 223.5 215.5 208.2 202 193.6 193.3 192 190.9 192.8 194.5 195 194.8 195.1 190.9 183.6 170 157.5 147.8 146.4 143.6 139.2 130.5 117.1 110.1 107.7 105.5 113.3 116.2 117.4 119.5 118.1 114.1 111.6 107.9 100.8 94 84.4 85 82.9 77.2 67.8 58.2 53.7
256.5 255.1 252.1 259 255.6 255.8 258.9 257.9 258 263.5 262.4 264.2 260.9 264.6 273.1 278.2 279.8 284.9 287.2 287.2 285.9 271.8 274.7 285.6 294.6 297.4 288.2 277.3 266.9 255.4 247.1 242.3 249 244 242.2 240 239.4 228.8 218.4 210.2 207.8 200.4 192.4 191.6 190 191.9 194.1 195.3 196.5 197.8 195.8 190.5 178.1 165.1 153.6 144.2 141.4 138.1 132.5 124.8 113.8 108.5 105.3 104.5 110.5 114 115 116.9 115.9 108.9 107 101.1 95.8 90.7 89.2 85.8 79.7 70.8 63.3 56.8 51.6
253.3 249.9 250.1 251.8 250.3 253.3 253.8 251.4 253 253 255 254.3 251.5 248.8 256.6 261 267.4 269.8 275.6 275.2 272.9 261.6 270.7 282 290.6 293.3 279.9 269.1 256.6 245.9 241.8 241.5 242.4 240.1 238.4 237.7 232.1 221.3 212 209 206.3 197.9 190.1 187.9 187.4 190.1 194 195.3 197.1 198.7 198.8 185.2 170.9 160.3 147.2 140.5 136.9 132.7 126.6 120.5 110.4 105.6 103.2 103.3 109.6 111.4 112.4 114.9 110.3 107 102.2 97.3 96.1 94.6 93.5 85.2 74.4 67.4 59.8 54.3 49.5
247.8 245.2 248 247.2 248.7 248.7 247 246 248.8 247.6 250.2 246.2 243.2 239 244 247.8 252.9 258.1 263.9 265.2 262.9 260 269 278.3 288.1 289 273.5 263.9 248.6 243.4 245.7 240 235.4 232.9 232.4 231.1 221.6 214.3 208.4 207.6 201.4 192.4 188.9 186.9 185.5 188.1 193.6 194.8 196.6 198.3 196.7 183.5 166 156.6 143.2 137.2 132.7 126.8 121.4 114.6 106.9 102.6 100.8 102.6 106.6 109.4 110.5 108.4 107.1 104.2 98 96.6 96.3 96.9 89.7 76.8 70.5 64 58.1 53 48
243.4 242.3 244.4 245.3 246.4 245.7 243.9 241.5 240.9 245.4 244.3 243.1 238.2 235 234.2 237.4 242.5 247.8 251.7 257.1 252 254.4 265.6 274.1 282.2 281.5 272 259 247.1 247.4 245.6 238.6 231.8 226.3 223.6 219.3 214.2 205.6 204.8 202.5 199.2 186 186.2 186.8 182.6 186.8 191.9 193.6 194.3 194.3 190.8 177.4 165.1 151.8 138.7 133.1 127.4 121.9 117.5 108.3 103.3 100.7 98.6 101.6 103.8 106.2 108.1 104.2 104.3 98.1 95.6 94.9 94.8 89.6 83.6 77.2 67.7 61.8 55.9 50.4 45.9
240.3 243.1 243.3 244.3 246 242.2 240.7 244.4 241.7 242.4 239 235.7 236.7 229.8 226.6 231 233.8 239.5 243.9 246.2 242.3 248.5 261 267.9 275.6 275 264.3 256 253.1 248.7 245.7 238 231.5 223.6 216 211.4 207.1 198.9 198 198.4 195.1 184.1 184.3 182.4 179.7 183.8 189.8 191.1 191.2 189.3 186.8 175.7 158.4 144.4 134.2 127.8 123.4 118.3 112.2 104.5 100.7 97.6 96.6 100.8 102.5 103.2 102.4 101.7 98.5 94.5 94.5 94.2 89.6 86.4 84.2 76.5 66.5 59.9 54.3 47.3 42.7
240.7 241 241.8 241.6 239.1 241.6 241.5 241.7 242.9 238.4 238.1 232.7 228.2 225.4 219.2 222.8 224.5 230.7 237.4 237.9 234.9 244.7 255.9 263.2 267.9 264.9 260.6 258.5 252.8 250.2 246.5 240.2 229.7 219.2 211.1 205.5 194.2 192.4 193.7 192.3 185 179.5 183 178.4 178.6 183.2 185.6 187 186.5 182.9 177.4 164.7 151 139.1 130.5 123.6 119.9 116.2 108.5 103 98.6 96.2 95.6 102.2 99.1 100 98.1 97.2 93 92.5 92.7 90.4 87.8 86.8 79.5 72.7 62.6 56.6 51.2 46.8 40.7
235.3 235.7 241.4 240.5 238.5 240 242.7 241.5 240.4 235.6 231.8 228.9 223.3 222.2 216.8 215.9 218.7 222.2 229.7 229.6 229.9 242.1 251.6 259.5 260.6 261.2 265.1 257.4 251.8 249.2 246.6 241.8 227.2 215.3 205.6 201.5 189.6 190.8 189.2 185.4 179.3 174.4 176.8 175.2 178.1 181.3 182.3 182.6 182.6 178 170.8 155.4 143.4 133.9 125.4 117.8 115.1 110.2 105.6 100.9 96.6 92.7 97 98 96.6 96 94.2 91 90.2 90 88.1 85.9 84.8 81 76 66.4 59.6 54.3 49.5 43.7 41.1
235.3 235.4 241.8 238.3 234.9 240.4 237.5 238.3 234.7 230.3 227.2 221.7 216.8 216.4 212.1 209.8 214.5 218.7 222.7 221.9 229.8 241.7 250.1 255.4 257.7 261 261.9 254.6 251 247.2 244.9 236.6 223.6 210.4 201.6 194.3 185.8 187.4 186.8 180.4 174.9 172.5 173.7 175.1 177.4 178.7 179 178.3 176.8 168.5 163.3 148 135.7 127.9 120.6 113.4 111.3 106.7 102.6 98.1 96.7 92.4 94.4 94.5 92.8 92.2 90.2 88.3 89.7 89.4 87.4 84.6 81.1 78.4 71.1 62.9 57.5 52.1 44.7 39.9 36.3
235.3 236.9 237.5 235.2 235.1 237 237.7 233.7 230.7 229 223.2 216.2 216 213.4 209.2 208.9 210.2 215.5 217.6 219.1 229.4 240.4 246.8 254.1 254.2 259.3 258.9 253.9 249.1 245 239.3 231.3 220.4 205.7 197.6 187.8 181.6 182.8 180.8 174.6 170 170.8 172.4 174.4 175.5 176.2 175.8 172.8 169.2 161.9 151.6 139.3 129.4 123.1 114.6 110.7 108.3 103.6 98.4 96.7 95.2 92.6 89.3 90 89.4 87.8 86.2 86.5 90.2 89.8 86.9 83 78.4 72.3 65 59.9 54.3 46.6 41.1 44.6 30.9
236.9 237 234.6 233.3 232.8 235.1 235.1 227.2 225.3 223.4 217.8 212 208.9 206.9 207.4 208.4 209.4 209.1 212.4 218.7 228.2 239.1 244.3 249.7 250.1 257.2 256.9 252.9 247.7 241.8 234.8 227.1 214.3 202.5 190.7 184.3 178.4 178.5 173.7 169.9 167.2 169.8 172.2 174.2 175.9 175.2 172.4 167.8 159.8 152.4 144.5 132.8 123.6 116.9 109.8 107.9 105.1 98.9 96.4 94.3 92.9 91.9 86.9 85.6 86 84.6 84 85.6 90.5 90 87.2 82.3 74.1 67.4 63.3 56.4 48.7 42.9 42.6 37.8 28.5
239.5 235.6 233.5 230.1 227.5 231.9 226.3 222.8 221.4 216.7 213.5 209.8 205.2 204.6 204.6 205.4 206.2 206.9 209.1 218.2 227.2 235 242.7 248 251.3 255.7 255.4 250.4 244.2 239.7 234.4 223.8 212.7 199.2 189.2 181.5 174.3 176 168.5 166.9 164.5 168.3 170.8 172.1 174.7 172.8 166.6 159.5 152.1 145.7 136.7 124.1 117.1 111.6 106.3 104.6 99.5 97.4 95.5 92.4 90.9 89 85.5 83.2 82.6 82.4 84.8 87.8 89.9 88.7 86.6 84.4 70.1 65.6 59.5 52.2 45 43.2 39.8 30 25.9
237.9 236.5 234.6 230.8 226.5 225.6 222.3 217.9 215.4 211.4 210.3 204.9 201 202.1 202.4 200.6 203.5 203.2 206.3 216.7 224.5 233.9 240.8 249.2 251.5 254.3 253.4 246.4 241.4 237 230.8 220.8 208.7 200.3 188.5 177.6 170.7 170.4 165.8 163.6 162.3 166 167.3 171.1 171.7 165.7 160.9 154.6 144.9 137.2 126.4 117.9 111.4 106.2 102.3 100.5 97.2 95.1 93.1 91.1 90 87.7 82.3 78.7 79.7 81.1 86.3 89.3 90.6 88.6 85.1 74.5 66.7 61.6 55.7 50.6 49.2 43.9 35 29.8 22.1
239.2 236.7 232.2 230.8 227.2 217.2 217 213.5 209.6 208.1 205.7 201.2 197.9 199 200.6 201.3 197.3 197.4 205.4 215.9 222.8 230.1 237.3 250.1 250.1 251.5 250 242.8 236.5 232.5 226.9 214.5 210.4 202.3 186.2 174.8 166.8 164.6 162 161.5 161.3 163 165.2 169.5 166.2 161.8 153.4 145.9 137.4 131.2 121.1 112 105.4 101.5 98.9 96.7 95.2 93.9 91.8 89.4 88.2 81.4 76.2 75.3 79.1 84 87.4 89.4 88.3 86.4 78.9 68.5 61.2 58.4 54.2 52.4 46.5 40.9 33.7 27.8 20.2
242.4 236.9 232.2 228.8 222.7 217.1 209.4 210.7 205.6 205.1 202.8 200.9 196 198.5 195.9 195.7 193.4 194.1 205.6 214.6 220.5 226.3 235.5 246.7 247.8 248.9 246.1 238.2 232.8 228.9 219 214.2 206 196.1 182.7 171.6 163 161.3 160.3 159.6 159.2 160.6 163 166.7 162.7 155.7 147.5 138.7 133.3 125.2 115 107 101.5 98 96.4 94.8 93.2 93.1 89.8 86.8 83.1 75.2 73.6 80.7 87.5 88.1 87.7 86.1 85.6 80.1 72 61.9 58.1 55.7 53.5 53.6 46.3 41.1 31.7 23.4 16.5
240.5 236.7 233.8 229 221.2 216.7 209.2 204.2 203.4 202 198.2 197.4 195.9 196.2 195 194.3 193.5 197.2 205.8 213.3 216.9 222 234.7 242.8 246.8 246.4 240.9 232.4 227.3 220.2 214.8 210.3 202.8 190.4 178.6 167.2 160.2 159.4 158.3 157 156.1 156.9 161.6 164.1 158.3 149.6 141.6 135 128.2 117.5 108.9 102.4 97.8 95.1 93.5 91.9 91.1 91.9 85.9 81.7 77.4 73 80.1 88.6 90.1 90.4 87.9 81.9 78.3 74 64.2 57.9 55.2 53.6 52.8 51.2 46.4 41.6 29.1 17.1 12.3
239.5 236.2 230.9 226 220.9 211.5 204 200.1 199.8 197.4 194.7 193.6 193.5 192.6 192.7 194.5 192.4 198.4 205 210 212.4 218.5 234.3 238.2 245 243.8 238.2 230.9 226.5 216.9 209.9 203.4 197.2 186.1 174.5 161.9 158.5 156 156 154.3 151.2 154.5 159.4 163.6 153.4 145.8 136.6 130.2 121.9 112.3 104 98.1 94.5 92.2 90.5 88.9 89.6 88.9 80.8 76.9 72.8 77.1 88.2 92.1 91.9 90.7 84.5 78.9 74.1 67.2 58.7 55.8 53.2 52.6 50.1 46.8 43.2 34.9 23.9 9.1 5.6
237.6 234.3 228.9 225 216.4 207 202.1 199.4 195.7 194.5 192.8 191.8 192.7 190 191.8 193.1 193.2 199.4 202.6 206.3 207.5 215.7 228.7 232.7 243 239.3 232.3 227.7 221.1 213 208.6 199.1 189.2 177.4 165.9 160 157.3 153.3 153.2 150.4 148 151.6 155.3 155.7 149.8 142.4 134.7 128 118.3 105.5 99 94.6 92.8 91.2 87.8 85.3 86.2 81.4 75.3 72.6 75.2 87.5 91.9 92.7 91.4 88.6 84 79.4 68.5 60 54 52.2 51.3 49.8 46 42.1 37.6 29.6 14.9 8.1 1.8
237.1 233.3 227.1 221.3 213.4 207 200 195.1 194.7 194.7 194.1 191.4 190.8 188.4 189.7 190.1 193 198.4 201.5 204.7 202.7 211 223.7 228.2 236.6 232.4 228.5 222.2 217.3 211.1 206.1 197.1 183.4 171.2 163 158.3 155.3 151.2 147.8 144.9 144 147.8 150.8 148.5 144.8 141 131.8 120.1 110.7 99.5 94.8 91.5 91.2 90.2 87 83.1 81.6 75.7 72.8 72.9 82 90.5 92.2 93 89.9 86.5 81.4 71.4 63.7 59.9 57.1 51.4 48.4 46 43.4 37.1 28.2 18 14.2 2.3 -0.1
236.7 228 224 217.2 210.2 204.1 200.6 193.9 193.4 193.1 191 190.7 187.9 187.2 188.1 187.3 191.2 196 197.6 200.7 199.6 207.4 220.3 222.6 229.9 226.9 224.4 217.9 215.1 207.6 201.5 191.5 178.8 168.4 162.2 158.6 153.6 149.5 144.5 139.5 140.2 143.2 144.6 143.8 141.3 135.2 124.9 115.8 103.6 94.9 90.5 89.7 89.4 88 83.3 80.3 75.8 72.8 71.9 79.9 90.2 92.5 91.6 90.1 88.4 83.3 75.5 69.5 63.6 61.2 56.8 49.1 44.2 43.6 39.5 30.9 20.6 10.6 4.8 -0.1 -0.1
233.8 227.5 219.2 214.5 207 202.1 197.2 191.8 191.6 189.6 188 188.2 186.3 184.8 185 187.3 192.3 194.3 195.4 197 196.8 205.7 215.9 220.2 222.7 221.7 217.5 214.7 210.1 203 193.7 184.8 174.2 168.4 161 157.9 151.7 146 141.1 133.9 136.3 138.6 138.9 136.8 132.4 127.6 119.2 107 96.1 91.1 88.1 87.4 87.3 86 79.5 76.3 73 71.5 74.8 89.1 91.8 91.4 90.4 87.2 84.5 77 72.5 66.8 66.2 59.4 54.5 47.8 42.6 36 33.1 23.8 16.9 6.6 2.2 -0.1 -0.1
231.9 222.5 214.3 210.3 205.4 199.8 193.9 190.6 188.7 188.5 186.7 185.6 184 183.8 184.1 188.9 192.9 193.8 193.9 194.6 198.7 201.3 210.5 214.1 217.5 215.7 214.2 210.3 204.9 195.6 188 178.8 172.3 166.2 160.3 156.9 149 143 137.2 130.1 132.6 133.2 132 130.4 128.6 120.8 109.6 97.6 91.3 87.5 86 84.9 84.4 81.9 74.7 72.5 71.3 73.1 85.8 91.2 92 91.6 90.1 86.9 80.3 72.8 69.6 70.7 68.4 55.6 51.6 47.5 40.4 33.7 24.8 19 10.4 5.6 -0.1 -0.1 -0.1
228 218.7 212.2 207 201.8 195.5 193.6 190.5 188.5 187.6 186.1 183 181.7 180.8 185.2 188.5 191 191.7 192.2 195.4 198.9 199.1 204.1 209.2 211.4 210.8 210.1 206.8 198.2 190.4 180.9 177.3 171 164.1 159.3 154.7 146.8 140.9 133.2 128.2 126 126.7 125.7 124.5 119.8 112.2 103.4 92.5 87.9 86.2 84 82.8 82.6 79.3 73 71.2 72.5 81.7 88.9 90.8 91.1 91 89 86 75 72.6 74 69.2 59.2 53.7 50.8 46.5 38.2 32.1 23.5 16.2 8.7 5.2 -0.1 -0.1 -0.1
223.8 215.9 209.7 203.6 197.4 191.3 191 189.5 187.6 186 186.2 184.6 179.3 180.3 184.1 188.1 188.9 191.6 193.3 195.3 195.1 196 198.6 201.7 203.9 206.4 206.4 199.4 194 185.2 180.2 175.8 169.7 162.2 157.1 152.6 145.8 138.1 130.8 125 121 118.5 118 117.1 113.7 106.1 95.8 87.4 86.3 84.3 82.7 81.1 82.9 82 71.4 71.9 78.6 86.6 89.6 88.1 90.5 90.6 87.1 80.2 75.3 79.3 75.8 63.4 55.2 51.8 47.5 43.6 40.7 34.2 27.3 15.9 9 -0.1 -0.1 -0.1 -0.1
220.7 212.4 203.9 198.7 191.5 190.2 188.2 188.3 186.1 184.4 184.7 181.7 177.4 180.5 182.3 186.7 188.7 190.9 191.7 193 191.9 191 192.6 196 198.6 200.4 200.8 195.2 187.6 182.8 180.3 174.8 166.5 160.7 155 150.6 145.5 135.3 128 121.4 113.5 110.9 111.8 110.4 104.9 98.1 89.7 84 84.5 83.5 81.1 79.4 80.6 74.7 72.1 76.5 84.5 86.9 87.7 86.9 89 88.8 83.3 84.2 88.8 78.3 66.3 57.1 54.4 51.5 48.5 45.9 43.4 40.7 25.3 9.4 -0.1 -0.1 -0.1 -0.1 -0.1
214.6 208.5 200.1 192.7 189.7 187 187.9 184.7 184.4 182.9 181.7 179.8 176.2 180.3 182.7 186.5 187.6 189.2 190.4 191.2 188.8 184.8 187.4 191.5 194.1 195.6 193.3 189.2 184.7 182.4 179.1 173.5 166.1 158.6 152.3 149.2 141.4 131 122.6 114.7 108.4 105.6 106 103.5 98.8 92.1 85.2 82.3 82.3 80.4 79.7 77.3 76.3 70.4 74 79.3 84.8 86.4 87 86.4 88.2 86.5 87.1 88.8 82.3 71.7 58.4 56.1 51.3 48.9 47.6 46.3 42.7 31.8 21.2 6.6 -0.1 -0.1 -0.1 -0.1 -0.1
207.7 200 193.3 187.4 184.7 183 183.5 181.9 180.9 182 178.4 175.9 176.4 181.5 183.1 185 186.1 186.7 188.1 188.2 185 181.4 183.7 187.1 189.2 190.1 187.9 183.1 181.9 178.4 175.2 171.9 164.6 154.9 149.8 145.1 135.5 125.2 116.3 108.8 102.9 99 100.3 97.9 94 86 80.9 80.4 79 77.3 76.6 74.6 72 70.9 74.2 83 82.8 85.8 82.8 85.8 84.5 84.1 91.9 84.5 72.9 61.9 57 54.6 49.1 46.4 44.2 43.2 37.4 28.3 17 -0.1 -0.1 -0.1 -0.1 -0.1 -0.1
203 197.1 188.8 182.7 178.7 178.4 180.1 181.3 183.3 182.9 177.8 174.6 178.2 181.4 183.8 184.4 185.2 185.7 184.7 182.6 180.9 179.2 179.4 184.9 186 186.1 184.3 180.4 178 174.5 170.5 167.4 157.6 149.1 144.8 139.3 131.3 119.5 112.4 102.6 99.1 95.6 94.7 92.4 88.6 81.8 80.1 78.8 77.2 74.8 74.2 71.8 68.5 71.6 80.6 78.8 78.5 80.8 83.5 84.2 83.2 90.2 84.4 74.1 63.4 58.3 55.6 52.2 48.2 45.2 41.4 37.2 32.1 26.1 8.5 -0.1 -0.1 -0.1 -0.1 -0.1 -0.1
194.8 190.1 182.1 178.4 179.6 180.9 179.7 181.3 180.5 179.4 173.7 178.8 182.9 180.4 181.8 183.7 184.5 184.5 183.2 180 178.7 177.7 176.7 180.5 183.5 183.4 182.4 177.9 174.1 171 165.8 159.5 151.9 144 140.4 134.8 124.1 115.3 104.9 97.5 94.4 91.9 90.5 88 84.2 80.9 78.6 76.9 74.5 72.1 71.2 69.6 67.9 76.6 79.7 74.8 76.2 80 80.7 81.4 87.8 85.6 74.4 63.5 59.4 59.5 53.4 49.3 48.8 45.5 40.9 36.8 32.2 24.7 7.5 -0.1 -0.1 -0.1 -0.1 -0.1 -0.1
190.4 186.7 180.6 176.7 178.7 178.1 176 180.7 179.4 175.3 176.8 181.1 182.3 180.3 180.8 181.8 183 182.3 178.9 177.4 176.9 176.1 174.8 176.7 180 180.6 179.5 175.2 171.6 167 162 153.8 146.7 140.3 136 131.2 118.2 107.7 100 93.3 90.7 88.6 87.1 85.1 81.7 78.8 76.7 74.7 71.6 70.3 69.3 68.2 72.1 77.1 73 73 75.7 79.7 78.1 80.6 79.7 74.4 62.5 57.8 57.4 56.8 53.5 49.3 46.9 46 43.4 36.6 33 27.1 15.9 -0.1 -0.1 -0.1 -0.1 -0.1 -0.1
185.2 181.6 177 174.7 176.4 174.4 176.9 179.6 176.4 170.9 177.7 182 181.4 179.7 179 180 181.5 178.5 176.6 175.7 175.3 174.9 174.6 175.4 176.7 178.2 177.6 172.8 168.7 160.4 155.4 149.4 142.8 136.6 131.5 125.2 113.1 102.6 94.6 90 87.3 86 83.2 80.8 78.4 75.3 73.5 71 69.2 68.9 67.6 68.5 75.9 74.2 69.5 71.5 75.3 74.9 78.5 81.7 72.7 62.1 56.2 54.7 53.2 52.1 48.5 46.4 45.7 45.7 40.6 39 36.6 36.8 22.8 3 -0.1 -0.1 -0.1 -0.1 -0.1
