Assets/StreamingAssets/GeoData/Data/nr/NR58.asc
ncols 200
nrows 200
xllcorner 150000
yllcorner 680000
cellsize 50
[rows 0 to 35 of 200, columns 81 to 161 of 200]
-0.3 -0.3 -0.3 -0.3 -0.3 -0.3 0.1 0.4 0.8 3.2 7.4 28.4 32.8 47.8 55.2 57.1 64.6 69.2 75.9 81.4 85.2 90 95.1 99.1 103.7 107.6 110.3 113.9 115.8 117.5 120.5 123.9 128 130.9 133.6 137.2 141.1 143.6 146.1 150.8 161.1 164.6 162 159.8 158.1 156.8 156.6 156.3 159.1 163.1 168.9 174.4 174.9 170.7 169.5 167.5 163.8 161.8 167.5 163.8 158.4 152 149.8 144.4 144.9 149.5 153.3 157.2 160.6 161.6 160.3 158 158.2 158.8 164 166.4 180.1 200 223.2 245.2 269.2
-0.3 -0.3 -0.3 -0.3 0.3 -0.3 0.3 0.7 3.5 7.5 28.8 32.9 46.2 53 58.4 62.7 68.7 73.5 78.4 83.5 87.5 92.7 99.6 104.3 107 108.3 108.9 112.3 114.3 115.7 119.9 123.6 127.5 130.4 133.1 135.5 139.3 143.7 147.1 151.2 157.8 161 162.3 161.6 159.3 159.2 158.2 159.8 163.7 168.7 173.5 177 179.8 180.3 175.4 175 172.8 170.5 169.2 165.6 163.2 160.3 157.4 156.9 160.2 164.2 170.6 178.4 176.6 172.6 169.4 167.6 168.1 165.8 169.2 179.6 202.2 235.4 246.2 280.3 310.9
-0.3 -0.3 -0.3 4.1 0.8 0.5 0.7 2.2 5.8 29.5 33 43.8 51.7 55.8 60.9 66.4 72.5 77.5 82.6 87.5 91.7 95.2 101.3 104.9 107.5 109.7 112.1 114.2 115.7 117 120.7 123.4 126.2 129.5 130.7 132.5 135.2 142.2 147 150.2 154.6 157.3 159.4 159.9 161 160.3 161.9 166.7 171.6 176.6 181.3 183.5 186.1 186.2 182 178.1 176.6 173.3 169.8 167.3 166.7 166.4 165.7 163.2 172.3 178.6 189.2 188.9 186.1 180.4 176.8 173.8 173.1 178.3 185.6 200.2 236.1 250.1 285.2 320 346.4
-0.3 0.6 3.2 6.5 6.6 5.3 5 7.3 9.5 32.7 44.9 50 54.6 58.8 63.7 68.3 74.5 81.3 85.5 89.4 92.7 97.3 101.2 104.5 107.2 110.3 114.5 118.2 120.8 121.9 124.3 126.3 128.2 129.4 130.4 133.2 136.5 142 147.9 152.4 155.6 158 160 160.8 162 165.5 170.9 177.9 182 185.4 187.3 189.6 191.3 189.2 186.1 182.8 180 176.3 173.3 171.6 169 170 170.9 172.2 179.2 187.7 192.8 193.1 189.5 182.8 181.2 177.1 182 190.4 198.9 228.5 250.7 289.8 330.6 362.5 375.4
3.8 7.2 7.9 13.8 13.3 7.7 9.4 12.1 23.6 41.5 49.3 52.6 56.4 60.8 64.9 69 74.2 78.9 84.3 87.8 92.8 96.5 100.4 102.6 105.8 112.3 116.5 121.1 124 125.2 126.4 128.2 128 130.6 135.3 141.2 144.3 146.6 148.9 151.7 155.8 158.9 159.6 160.4 162.8 171.6 179.2 186.6 193.2 194.5 195.4 196.5 195.2 192.6 189.9 188 184.4 181.5 179.1 176.8 175.1 176.4 175.9 174.5 184.1 190.8 195.8 196.4 189.9 186.7 186.1 188.1 193.5 202.4 216.8 243.5 270.4 330.5 380.3 393.8 406.9
7.8 9.4 12.3 18.8 21.9 10.8 25.6 21.1 37.8 42.8 47.6 52.2 56.2 60.8 64.5 68.3 73.7 79.8 84.6 88.2 93 98.6 101.2 103.5 108.1 112.9 117.7 121.6 123.9 126 126.8 128 132.7 139.2 146.1 153.4 155.2 154.8 155.2 153.2 153.1 157.1 158.4 159.7 165 175.6 184.8 192.1 198.6 201.3 205.2 203.3 199.4 196.5 199 198.7 195.3 191.1 187.5 185.7 184.5 186.7 186.9 182.7 184.7 191.8 197 194.7 192.6 194.9 197.9 201 210.1 225 241.7 264.9 318.2 374.6 404.4 421.2 420
16.1 17 19.9 22.7 24.3 26.7 29.9 34.5 36 40.7 44.7 50.7 55.3 59.6 64.3 69.7 75.8 81.4 85.7 88.9 94.4 99.2 102.1 105.5 110.1 116.2 120.4 122.1 124.5 126.1 127.8 131.8 138.9 147.1 151.3 161.4 163.5 161.3 159.9 157.6 157.4 159 160.6 164.2 170.2 180.9 189.6 194.1 199.7 203.5 205 202.6 201.4 206.5 211.5 214.4 211.7 205.8 201.6 198.8 196.2 194.8 195.7 191.5 191.3 194.4 196.2 199.9 203.3 207.7 209 215.4 228.8 257.7 270.3 305.2 380 404.7 422.2 429 427.1
21.2 20.4 22.8 25 26.7 28.5 32.6 38.9 41 40.7 44.3 51 56.4 60.5 64.8 69.3 76.1 81.9 87.4 92.4 96.8 101.5 105.2 109.9 113.8 118.7 121.1 122.8 124.5 125.8 130.4 136.5 144.2 149.6 153.2 157 161.4 164.1 162.7 162.9 161.3 161.5 165.3 171 176.4 185.3 192.4 195.3 198.9 200.6 200 203.6 211.4 225 231.3 225.7 221.2 220.1 218.9 218.7 212.5 207.9 203.4 199.6 198.6 202.3 205.4 210.5 213.5 216.9 218.4 233.3 253.6 274.8 311.4 377.9 403.8 418.2 433.6 438.1 430.3
23 23.2 25.6 26.9 28.9 30.8 35.5 37.3 38.6 41.1 45 51.1 57.8 64.1 68.2 72.4 76.8 84.1 89.3 95.9 99.9 106.2 110.8 114 116.4 118.5 121.3 123.9 123.7 127.8 137.2 142.2 149 156.5 160.8 162.6 163.5 167 167.1 168 165.2 165 168.7 175.3 180.9 186.2 189.6 192.2 195 198.2 204.8 217.5 223.9 235.6 235.6 231.4 236 234.7 240.9 245.5 241.2 225.7 217 212 213 219.4 220.9 221.8 224.2 228.6 236.7 250 277.9 303.5 359.5 390.8 408.8 429.5 441.5 439.2 427.8
25.8 25.4 27.5 28 31 33.8 36 37 38.7 42.1 47.3 53.2 59.7 66.5 72.2 75.2 81.5 87.4 93.7 98.2 103.4 108.2 112.7 116.3 118.8 120.3 121.6 126.4 132.7 139.6 146.9 153.5 158.2 164.1 170.4 171.8 171.2 171.9 174 173.9 171.6 170.2 173.2 177.1 181.4 186.8 188.7 190.9 192.1 199.4 210.2 217.5 229.2 234.3 243.8 251.9 251.1 257.4 260.5 258.4 252 237.7 228.3 227.6 233.5 235.9 240.1 242.7 239.2 249.5 260.1 285.2 300 326.1 362.1 391.6 417.2 432.2 437.6 430.7 430.1
26.9 28.2 26.9 30 32.2 35.6 39.1 38.9 41.6 45.4 49.6 55.7 62.3 67.9 72.5 76.4 82.7 89.5 94.4 99.2 104.3 108.9 112.7 116.1 118.7 120.7 124.8 131.7 140 148.3 154.1 161.1 165.5 172.8 171.5 175 179 179.1 178.1 178.4 177.5 176.2 177.8 178.5 181.4 184.9 188.1 188.9 191.6 203.1 216.3 228.1 243.1 256.3 266.9 269.5 282.3 283.2 282.5 269.5 258.1 244.2 244.4 243 246.3 250.6 256.3 260 260.5 275.9 293.5 307.6 308.1 328.9 356.8 391.3 411.7 428.5 431 428.1 440.7
27.7 30.1 30.7 30 34.2 38 38.5 39.5 42.9 45.9 51.6 56.6 62.2 67.1 71.9 77.7 84.7 89.8 94.9 100.4 104.4 108.8 111.1 115 117.8 123.9 131.5 139.9 146.2 153.3 160.3 170 174.3 175.7 176.5 179.3 183.3 183.8 181.1 180.6 181.9 179.8 180.4 182.4 185.3 188.3 189.1 190.3 197 208.3 220.6 232.9 251.8 265.3 276.6 290.7 296.9 296.1 282.1 272.2 266.8 254.1 249.7 252.4 255.8 258.1 267.7 274.9 288.3 309.3 325 351 343.2 331.6 354.9 391.4 405.7 419 417.7 419.7 439.5
30.9 31.9 31.5 31.2 35.2 37.4 37.3 37.8 39.4 42.8 47.4 53.6 60.6 66.6 73.9 80.4 86.5 91.7 97 101.6 106.8 110.1 111.8 116.5 123.8 132 141.5 150.8 155.8 161.4 171.3 184 188.9 184.3 191.6 189.2 189.4 191.4 187.3 187.1 185.2 183.7 185.1 186.6 188.1 191 194.9 197.1 207.3 218.8 229.3 239.4 254.3 270.6 283.4 298 298.2 293.5 279.8 277.9 269.4 258.7 256.2 257.3 264.1 271.6 286.9 306.8 323 341.9 360.4 364.2 360.9 357.7 361.2 380.8 400.4 413.6 410.7 426.6 438.4
32.4 32.3 32.5 34.4 34.3 37.8 40.4 41 41.4 51 57.5 62.7 67.4 73.1 76.8 80.3 87.7 93 98.3 103.8 108.9 112.1 116.6 122 131.4 139.9 150.9 159.3 163.4 173.2 184.6 197.1 201.6 195.9 198.7 201 198.9 198 197.6 199.1 194.8 190.6 190 191.3 193 197.2 202 207.2 213.9 224.2 236.5 249.6 261.6 267.9 290.6 300.5 290.9 286.7 279.9 283.8 272 260.8 259.6 262 273.6 291.3 318.8 321.8 337 361.9 369.3 373.5 373.9 385.2 388.5 394.2 402.5 407.1 409.2 430.5 430.3
33.7 33.8 34.3 37 37.1 38.4 40.5 45.2 54.1 61.8 66.4 72.7 79.2 84.4 87.7 91 91.4 94.2 98.7 104.1 108.9 115.8 121.6 128.8 138.1 148.4 157.3 165.6 170.9 184.8 200.6 209.5 209.5 206.1 209.6 211.1 206.9 205.2 208 208.8 204.8 200.4 196.5 197.1 200 206.4 211.6 218.7 225.1 234.4 240.9 252.4 258.5 269.8 285.3 290.6 287.8 281.8 282.9 281 269.7 264.4 265.4 269.8 284.8 305.7 324.2 328.8 346.5 365.2 376.2 383.6 394.8 396.3 399.4 408.2 406.7 404.6 416.9 425.6 434.5
33.3 35.3 36.9 39.1 41.3 45.5 47.9 47.8 57.7 69.9 76.8 82.7 88.2 94.1 96.1 97.3 97.8 98.2 100.5 104.3 110.3 117.1 125.6 134.2 142 154.1 161.9 170.9 183.6 196.9 207.7 213.5 217.8 216.4 215.4 217.7 219.3 214.5 215.3 216.5 214.3 209.6 204.1 204.4 207.2 215.4 224.6 231.2 241.3 245.3 249.1 254.2 261.1 275.8 284.3 284.7 281.9 284 282.7 274.1 269.1 271.2 272.5 276.8 290.3 305.6 321.6 340.4 358.5 374.7 385.9 400.7 406.3 405.2 401.2 411.9 421.9 425.5 423.6 420.8 430.7
34.5 38.8 42.6 46.5 46 52.9 57.4 63.5 63.8 76.5 83.9 88.5 93.8 97.7 99.6 100 100 100.7 99.1 102.1 111.2 120.8 130.4 139.9 147.2 157 167.5 180.6 195.9 209.8 216.4 222 226.4 224.1 222.5 230 226.3 225.9 227.3 227.5 225.1 216.5 210 210.9 215.6 224.9 233.2 246.3 252.7 254.7 255.2 261 266.6 277.9 282.2 285.3 288.4 298.3 283.7 275.1 273.2 275.3 277 281 293 307 325.6 351.8 363.5 374.6 394.1 405.8 411.2 413.6 406.5 419 434.3 441.2 440.9 427.1 430.7
36.9 44.2 48.4 53.4 49.7 58.5 63.3 72.9 78.1 82.3 87.7 91.6 95.5 97.2 98 98.9 100.8 101 100.3 105.5 116.3 127 136 144.7 153.8 162.3 175 188.3 200.5 213.1 220.6 232.1 231.2 228.1 228.7 232.5 227.3 231.7 236.9 239.7 233.8 227.4 217.2 216.5 219.6 228.4 239.1 251.4 257.3 258.4 262.2 266.4 275.5 280.2 283.6 288.8 297.4 294.6 284.8 281.5 278.2 278.1 281.9 285.4 293.5 311.5 344 352.4 364 376.6 395.8 403 413.1 413.4 405.7 421.1 443.6 447.9 442.5 445.5 451.6
37 41.1 44.2 46.2 51.1 65.9 71.7 78.2 82.8 86.9 88.3 91.4 94.7 96.6 98.1 98.8 100.4 101.9 100.5 109.5 118.9 130.3 140.3 150.2 159.1 168.6 179.7 192.4 205.2 213.9 221.5 232.9 238.4 229.3 228.4 227.3 228.3 227.6 235.5 238.5 235.4 232 224 221.2 222.5 233.4 247.2 251.4 254.5 258.7 264.3 273.7 279.2 279.4 282.1 287.5 295.8 293.6 286.4 285.3 283.5 283.7 284.5 289.4 296.2 313.5 346.1 352.5 366.9 383 394.9 403.5 411.2 408 403.2 423.1 444.6 449.4 455.7 467.9 459.8
43.3 47 50.5 61.6 66.9 65.9 75.1 80.8 85.9 90.1 93.7 93.9 95.3 97.7 99.4 101.9 104.5 105 105.4 110.1 121.2 131.5 141.1 151 160.1 168.3 181.4 190.7 202.9 211 218.4 226.8 232 227.7 223.8 223.3 224.5 223.6 231.3 235.8 236.6 236.4 229.9 227.3 227.3 241.3 250.6 253.1 253.6 258.2 267 274.5 276.9 274.8 280.2 286.9 291.6 286 285 289.2 282.5 282.5 286.9 289.4 298.2 315 338.4 354.3 367.3 385.7 389.9 397.9 400.4 396.3 401.9 425.2 439.9 454.4 474.2 475.3 477.3
48.6 56 63.1 67.3 71.8 54.7 79.8 82.9 88.2 92.6 95.2 96.6 95.5 99.6 101.3 103.9 106.8 108.1 109.7 115.3 122.6 130.9 140.6 150.4 158.5 166.5 176.3 189.2 198.6 205.6 213.4 224.3 225.3 223 219.3 219.5 220.7 224.6 235.1 236 235.8 239.2 233.3 232.6 234.9 245.4 252 255.4 256.3 260.8 268.4 275.6 274.2 273.2 278.9 285.2 285.2 282.7 286.9 286 278.9 279.7 282.9 288.4 297.9 319.5 331.5 348.8 362.1 378.6 381.5 386 386.6 384.2 395.5 418.2 431.5 448.1 473 478.5 481.2
57.1 61.9 67.6 70.4 74.6 67 81.4 84.6 88.6 93 94.7 94.4 97.7 98.3 102.2 105.3 108.4 110.2 115.7 121.3 127 133 138.5 147.8 156.3 163 173.6 185 190.5 197.9 206.2 217.8 217.5 220.3 216.2 215.8 217 223.7 231.5 232.1 233.9 234.8 232.4 232.9 236.3 244.8 249.5 255.2 258.2 264.4 268.6 271.5 272.4 275.3 277.6 281 279.9 281.2 289.9 278.1 274.1 275 279.5 289.5 300.3 320.2 327.3 338 353.7 366.3 368.1 374.9 372.5 373.8 389.4 411.8 418.5 435.5 458.5 466.1 473.6
61.3 67.9 71.5 75 77.9 80.3 83.7 86.8 87.3 88.8 91.5 96.5 97.6 101.3 103.3 105.9 109.7 113.5 119.3 123.5 129.6 133.7 137.7 144.9 153.6 159.5 169.2 180.5 184 189.6 199.4 206.7 211.9 213.7 209.7 208.4 213.3 220.6 226.5 228.4 229.8 230.5 230.3 231.3 235.8 246.2 249.3 254 259.2 263.7 268.5 264.9 269.8 270.5 272.4 272.5 272.6 278.9 281.2 275.6 274.1 274.1 274.1 289.3 297.8 317 324.6 328.2 342.2 352.1 355.7 362.8 357 362.6 382.2 400.3 407.7 430.6 441.5 446.9 456.5
66.6 71.8 75.5 78.6 79.8 82.1 85.3 89.4 91.7 94.6 97.7 100.4 101.1 101 105 105.8 111.6 117.4 122.2 126.5 131.1 134 136.5 142.7 151.1 158.2 165 172.6 177.5 183.9 192.9 200.7 206 207 202.7 205 215.7 221.1 221.8 224.4 224.2 224.9 227 229.5 234.6 241.5 248.4 251 261.2 266.9 266.3 260.8 266.8 270.2 270 265.6 268.2 272.5 273.8 274.5 276.4 275.3 276.1 283.6 300.7 310.6 317.9 323.9 331.5 335.1 339.6 346.4 344.8 351.4 372 388 402.2 413.1 426.5 431.2 442.5
71.3 75.2 79.2 81.2 83.2 85.5 88.1 91 94.7 97.7 99.3 102.2 103.9 104.8 103.1 108.8 113.8 120.2 124.9 128 131.8 134.8 137.7 144.1 149.8 158.4 164.9 168.4 170.4 178.1 187.6 193.7 198.2 201.5 199.2 204.8 213.2 217.7 218.3 218.6 217.9 218.3 225.7 229.4 233.6 240.7 244.5 250.7 263.2 267.5 262.1 258.5 260.9 265.1 263.5 260.6 264.7 264.1 264.1 267.1 271.7 273.4 278.9 283.9 302.7 313.9 314.9 326.2 334.6 338.9 330.9 329 331.9 345.7 368 381.8 394.1 406.5 411.3 416 429.9
74.8 78.2 82.6 85.5 87.2 89.1 92.8 96.4 99 101.2 102.1 102.6 105.5 106.8 108.4 108.2 116.8 122.1 124 128.5 131.5 136 140.8 144.7 147.2 155.1 160.7 163.3 164.8 168.8 177.6 185.1 192.5 197.1 196.8 202.5 208.9 212.7 215.5 213.9 213.7 218.9 228.5 234.8 233.7 235.9 240.2 252.5 260.8 260.6 256.6 259.3 257.6 258.2 255.5 255.3 260.5 261.5 262.2 264.6 266.7 270.1 275.3 285.9 300.3 310.1 315.3 329 336.1 339.8 333.7 322.9 322.7 338.4 359.6 372.1 384.3 397.1 397.2 398.1 405.6
77.5 81.6 85 87.6 90.1 92.9 96 99 101.6 103.6 104.3 104.5 105.5 107.7 109.9 114.1 119.2 121.1 127.1 128.3 133.9 139.6 145 146.9 146.4 151.9 157.9 160 160.6 163 169.4 177.4 184.1 191.2 194.1 196.4 201.6 206 209.9 209.2 211.5 217 224.6 226.1 231 231.7 238.2 249.3 255.2 255.5 250.6 253.6 251.7 248.8 249.1 255.9 259.5 260.2 259.8 261 262.2 267.5 274.6 286.8 304.6 309.6 317.2 329.3 336.3 337.4 330.8 327.3 323.6 334.2 346.3 358.8 371 383.5 378.2 379.2 386.3
79.1 83 86.5 88.6 90.3 92.6 95.6 99.8 102.1 103.6 103.5 104.3 104.8 108.7 111.9 117 120.3 125.4 128.5 130.3 135.7 140.8 143.3 145.6 147.5 149.5 155.4 160.5 161.1 164.3 165.6 172.4 179.9 185.5 190.8 191.4 198.2 204.1 202.5 203.6 211 219.7 214.7 221.4 227.9 226.3 238 240.4 249.4 243.7 243.6 241.6 243 242.1 241.7 249.9 254 255.3 256.5 253.4 254.5 262.5 273.1 285.3 299.5 307.6 320.5 326.1 332.9 332 327.8 326.7 323 328.4 338.1 348.2 353 368.6 359.3 362.8 369.3
78.2 83.5 86.4 88.2 88.5 90.9 94.4 98.5 100.8 102.1 102 100.9 104.3 108.8 113.3 117.3 123.3 127.8 129.7 133.7 136.8 139 140.3 142.4 146.3 148.1 150.1 153.9 158.4 161.5 163.8 169.3 175 181 184.8 185.6 195.5 197.8 190.3 193.9 204.6 208 206.4 214.8 221.3 220.8 230.9 232.4 235.2 232.9 231.5 233.8 234 233.1 230.8 241 248.9 255.6 251.9 247.1 246.5 258.8 272.4 283.9 296.6 311.2 319 322.6 327 326.4 327.6 326.5 321.5 322.4 328.2 335.3 339.2 341.1 341.8 347.2 348.2
79.9 83.2 85.8 87.8 88 89.5 92.8 95.4 97.6 97.2 94.6 97.7 105.1 109.8 114.5 118.5 123.3 126.5 130.3 135 138.6 141.9 143.3 146.1 146.9 148.8 154.6 153 157.7 159.7 161 165.1 171 177.9 179.4 183 195.2 189.3 183.3 191.4 200.3 202.8 203.4 209.3 216.8 219.1 225.1 227.5 224.9 219.9 220.3 224.7 223.5 225.3 225.8 234.4 242.1 248.2 244.6 243.2 243.4 253.8 268.3 281.2 294.3 309.6 315.5 319.3 321.4 323.3 323.4 324.6 317.9 323 321.3 321.7 329.7 336.4 336.9 340.8 338.7
79 82 84.7 85.9 87.9 89.2 90.6 91 91.1 87.2 89 99.5 103.5 110 114.7 119 122.2 124.6 131 136.9 138.1 141.7 146.9 145.6 146.7 148.3 153.6 156.9 161.2 163.8 159.7 162 165.4 171.5 173.2 172.8 181.1 180.9 177.2 182.4 188.7 191.2 198.5 205.8 208.6 208.7 210.3 215.3 211.5 210.8 211.5 216.7 219.3 219.2 221.4 226.7 239.3 244.3 241.6 244 245.1 250.1 265.3 281 296.5 305.6 312.9 315.2 316.9 318.3 320.2 320.6 316 324 324.2 320.1 330 331.5 334.3 334.7 334.7
76.7 79 81.2 84.7 86.2 85.7 85.4 87.1 86.6 91 94.1 100.3 104.2 109.7 114.2 117.1 119.1 122.9 131 135.5 143.7 147.1 148.7 147.9 150.2 154.9 152.9 156.1 160.2 161.7 161.8 163.4 164.7 166.7 166.4 168.7 169.6 170.5 171.2 174.7 179.9 182.3 191.6 202.3 201.6 202.1 200.8 201.7 203.3 203.6 206.7 211.2 214.2 216.4 220.4 229.1 242 238 240.5 242.6 245.8 247.5 265.2 280.1 290.9 304.3 306 309.1 312.4 313.5 313.6 315.1 310.3 316.6 318.8 318.4 322.2 329.5 328.5 330.9 329.7
72.7 75.2 78.7 81.4 83.4 82.6 83.6 83.3 88.9 92.6 96.6 103.2 107.7 113.3 116.3 117.7 121.3 127.9 136.4 143.9 150.9 154.1 150.5 152.1 157.4 163.2 157.3 156.4 158.7 162.3 162.6 166.4 170.8 173.1 171.7 170.8 169.5 170.9 171.1 172.6 175.2 180.1 187.6 195.3 196.6 196.5 196.7 197.2 199.4 204 208 212.2 214.7 216.7 219.6 232.4 235.3 240.2 243.5 248.8 246.9 250 267.2 279.3 289.6 297.6 298.9 301.4 305.4 308.5 311 308.8 306 306 311.8 318.7 319.4 325.2 327.5 326.7 324.3
69.4 73.1 74.2 77.3 79.9 81.5 82.2 82.2 88.8 92.5 98.3 104.5 112 114.9 116.9 123.4 130.8 138.2 144.5 152.3 163.2 159.9 159.3 165.1 167.8 167.6 167.9 165.5 164.7 165.8 164.8 169.4 173.2 175.4 178.2 178.1 172.8 170.8 171.4 172.1 174.8 176.1 181.2 192.1 193.8 194.5 195.4 197.4 200.3 207.1 210.3 210.3 214.6 216 219.7 231.2 237.1 241 249.3 255 253.7 252.9 264 281.2 286.3 291.6 292.7 298.8 304.4 305.7 309 306 306 306 307.9 313.5 316.6 318.1 319.7 322.4 322.3
68.8 69.3 70.1 71.6 74.7 76.2 78 81.8 89.8 95.5 100.8 106.6 114.5 117.2 121.3 130.2 138.7 146.6 155.7 166.8 166.4 169.1 175.4 179.8 178.8 179.3 175.6 175.4 171 168.4 168.9 172.6 176.2 179.3 181.8 181.8 178.5 177.1 175.5 178.4 180.2 188.3 192.7 198.7 199.8 196.4 196 199 202.9 206.8 211.3 214 219.1 224.3 230.1 234.9 244.8 249.8 266 260.8 260.8 257 265.2 282.5 286.9 288.8 296.5 301.5 305.9 306.3 306 306 306 307.4 317.7 315.1 316.6 316.2 315.9 320.4 322.9
62.6 65.1 67.4 72.6 75.7 77.6 79.6 83.4 89 93.9 99.5 107 115.7 121.6 127.1 136.3 143.2 151.3 160.5 169.7 173.8 180.7 187.8 191.8 188.6 183.4 178.8 174.6 170.9 169.5 175.8 180.6 179.7 179.7 185.4 188.6 187.8 187.8 189.7 189.1 193.6 201.6 208.9 212.2 205.9 201.1 200.2 201.5 207.6 209.7 211.7 217.6 221.6 232.3 244.2 252.5 252.5 262.2 267.2 268.1 264.9 262.2 274.7 280.2 286.2 291.6 304.2 307.6 308 311.4 306 306 306 314.7 318.8 319.2 316.2 317.2 315.4 315.4 318.5
