Assets/StreamingAssets/GeoData/Data/nr/NR68.asc
ncols 200
nrows 200
xllcorner 160000
yllcorner 680000
cellsize 50
[rows 111 to 147 of 200, columns 0 to 83 of 200]
5.9 7.8 8.6 8.6 8.2 9.8 16.5 21.7 21.7 31.4 35.2 41.1 43.3 43.8 44.9 50.6 58.5 66.6 72.3 74.4 78.6 78.8 88.3 100.1 106.8 114.6 130 132.8 132.2 133.1 135.5 142.5 153.8 158.4 163.9 166 174.2 179.1 177.1 175.8 174.6 171.3 163.9 163.3 150.8 151.5 147.6 135.1 118.7 98.5 57 28.7 -0.3 -0.3 -0.3 -0.3 -0.3 -0.3 -0.3 -0.3 -0.3 -0.3 -0.3 -0.3 -0.3 -0.3 -0.3 -0.3 -0.3 -0.3 -0.3 -0.3 -0.3 -0.3 -0.3 -0.3 -0.3 -0.3 -0.3 -0.3 -0.3 -0.3 -0.3 -0.3
6.5 6.9 7.2 7.2 11.3 11.9 18.5 20.8 31.2 32.5 38.8 42.3 43.1 45 46.3 53.5 60.6 68 71.7 73.8 77.4 80.6 90.7 100.9 110.9 124.9 135.3 135.4 136.2 130.3 131 145.8 152.1 153.3 157.1 164.4 171.2 176.9 176.8 176.3 175 171 167.2 155.7 158.3 153.8 144.5 129.4 111.6 80.3 51.6 8.1 -0.3 -0.3 -0.3 -0.3 -0.3 -0.3 -0.3 -0.3 -0.3 -0.3 -0.3 -0.3 -0.3 -0.3 -0.3 -0.3 -0.3 -0.3 -0.3 -0.3 -0.3 -0.3 -0.3 -0.3 -0.3 -0.3 -0.3 -0.3 -0.3 -0.3 -0.3 -0.3
5.6 6.1 6.7 13.2 10.1 15.4 20.3 28.1 31.6 33.8 39.5 42.1 42.9 45.7 49 54.4 60.3 69.4 72.4 75.4 76.9 84.1 91.5 103.1 118 130.2 136.2 137 135.7 128.6 132.6 147.2 151.2 150.9 159.4 163.4 173.7 177.8 177.6 177.6 175.8 172.9 162.4 162 160.8 153.9 138.5 120.6 95.2 77.3 29.4 -0.3 -0.3 -0.3 -0.3 -0.3 -0.3 -0.3 -0.3 -0.3 -0.3 -0.3 -0.3 -0.3 -0.3 -0.3 -0.3 -0.3 -0.3 -0.3 -0.3 -0.3 -0.3 -0.3 -0.3 -0.3 -0.3 -0.3 -0.3 -0.3 -0.3 -0.3 -0.3 -0.3
6.9 7.5 15.4 17.8 16.9 17.7 33.9 32.3 32.1 35 39 42.1 44.8 45.7 48.3 53.6 57.3 67.7 70.4 72.7 78.2 85.2 92.3 105.4 119.8 128.2 134.8 135 128.4 138.1 136.9 147.3 151.9 154.5 164.5 167.1 178 180.6 183.1 182.5 179 167.4 170.2 166 160.1 150.6 130.6 108.8 87.6 66.2 26.5 -0.3 -0.3 -0.3 -0.3 -0.3 -0.3 -0.3 -0.3 -0.3 -0.3 -0.3 -0.3 -0.3 -0.3 -0.3 -0.3 -0.3 -0.3 -0.3 -0.3 -0.3 -0.3 -0.3 -0.3 -0.3 -0.3 -0.3 -0.3 -0.3 -0.3 -0.3 -0.3 -0.3
7.5 13.4 19.4 24.7 19.7 24.1 35 34.6 32.1 37.5 38.5 41.5 44.4 45.1 46.4 50.4 55.2 65.9 66.9 73.2 79.1 86.9 94 107.4 122.7 126.7 131.2 127 131.6 143.5 140 150.2 154.8 166.2 171.6 175.2 178.3 185.4 188.1 186.2 174 171.5 170.1 167.6 162.4 142 119.7 99.8 79.3 57 35.1 -0.3 -0.3 -0.3 -0.3 -0.3 -0.3 -0.3 -0.3 -0.3 -0.3 -0.3 -0.3 -0.3 -0.3 -0.3 -0.3 -0.3 -0.3 -0.3 -0.3 -0.3 -0.3 -0.3 -0.3 -0.3 -0.3 -0.3 -0.3 -0.3 -0.3 -0.3 -0.3 -0.3
8 11.8 21.2 22.4 25.9 34.9 36.3 36.4 34.9 36.3 41.7 44.7 42.7 42.8 44.2 49.2 56.1 62.9 69.3 74.3 77 84.5 94.9 108.3 120.7 124.4 123.2 123.5 134.8 143.9 144.7 150.4 161.7 170 174.1 175.4 180.6 187.6 188.1 178.5 174.7 173.3 170.2 169.1 159.8 137 110.5 89.8 71.3 53.9 22.9 -0.3 -0.3 -0.3 -0.3 -0.3 -0.3 -0.3 -0.3 -0.3 -0.3 -0.3 -0.3 -0.3 -0.3 -0.3 -0.3 -0.3 -0.3 -0.3 -0.3 -0.3 -0.3 -0.3 -0.3 -0.3 -0.3 -0.3 -0.3 -0.3 -0.3 -0.3 -0.3 -0.3
9.5 16.9 30.6 22.5 29.2 38.5 36.8 36.9 36.9 37.3 44.5 41.8 39.5 39.5 40.7 45.7 52.6 59 67 73.5 78.3 86.3 93.2 108.1 118.9 118.4 117.8 126.1 140.3 145.8 147.1 151.2 162 171.4 172.9 175 182.5 187.7 185.9 178.6 181 170 168.7 168.6 155.2 128.8 99.8 82.5 71.9 49.9 16.1 -0.3 -0.3 -0.3 -0.3 -0.3 -0.3 -0.3 -0.3 -0.3 -0.3 -0.3 -0.3 -0.3 -0.3 -0.3 -0.3 -0.3 -0.3 -0.3 -0.3 -0.3 -0.3 -0.3 -0.3 -0.3 -0.3 -0.3 -0.3 -0.3 -0.3 -0.3 -0.3 -0.3
17.1 20.2 27.3 22.9 27.9 36.3 37 37.4 37.3 43.3 44.4 40.4 38.2 36 37.8 42.7 50.6 59.7 67.1 72.4 78.9 87.5 94.8 105.4 114.2 115.8 119.9 126.2 141.1 147.3 148.6 147.5 161.3 168.7 174.2 176.9 184.4 186.6 179.5 179.6 178.5 167.3 168.8 160.8 142.4 112.4 92.1 83.7 68.7 51.3 16.2 -0.3 -0.3 -0.3 -0.3 -0.3 -0.3 -0.3 -0.3 -0.3 -0.3 -0.3 -0.3 -0.3 -0.3 -0.3 -0.3 -0.3 -0.3 -0.3 -0.3 -0.3 -0.3 -0.3 -0.3 -0.3 -0.3 -0.3 -0.3 -0.3 -0.3 -0.3 -0.3 -0.3
22.1 26.7 26.2 25.3 31.1 36.7 36.3 37.6 40.2 44.5 39.8 38.8 37.2 35.6 36.5 41.5 49 58.7 65.4 71.2 76.1 87.1 95.5 104.4 108.5 115.9 121.4 129.7 141.2 150.3 149.8 149.7 159.7 176.9 178.1 177.6 184.2 178 177.6 179.7 175.2 166.2 161.6 147.4 124.3 99.9 86.7 78 68.1 45.7 13 -0.3 -0.3 -0.3 -0.3 -0.3 -0.3 -0.3 -0.3 -0.3 -0.3 -0.3 -0.3 -0.3 -0.3 -0.3 -0.3 -0.3 -0.3 -0.3 -0.3 -0.3 -0.3 -0.3 -0.3 -0.3 -0.3 -0.3 -0.3 -0.3 -0.3 -0.3 -0.3 -0.3
24.5 25.5 25.4 26.4 34.9 37.3 37.2 36.9 44.1 39.8 35.7 36.5 36.2 33.5 37.6 40.6 48.6 55 63 69 74.2 88 94.8 101.8 106.1 114.1 122.8 131.3 142.2 147 149 150.8 157.8 179.1 176.4 175.1 174.8 176.1 176.1 174.6 166.5 157.7 147.9 134.3 114 98 83.8 71.8 60.7 43.1 8.7 -0.3 -0.3 -0.3 -0.3 -0.3 -0.3 -0.3 -0.3 -0.3 -0.3 -0.3 -0.3 -0.3 -0.3 -0.3 -0.3 -0.3 -0.3 -0.3 -0.3 -0.3 -0.3 -0.3 -0.3 -0.3 -0.3 -0.3 -0.3 -0.3 -0.3 -0.3 -0.3 -0.3
23.4 24.4 24.1 36.4 36.7 36.4 36.4 36.5 40.7 35.7 35.7 38.3 35.8 32.4 38.1 41.1 49.6 53.6 59.2 67.3 76.2 87.5 94.4 98.3 107.3 110.2 117.9 126.6 136.7 143.7 146.9 148.1 154.9 173.2 169.2 170.2 173.1 174.8 169.9 164.7 160.6 148.3 139.4 119.2 108.7 86.3 76.7 65.5 52.8 32.2 -0.3 -0.3 -0.3 -0.3 -0.3 -0.3 -0.3 -0.3 -0.3 -0.3 -0.3 -0.3 -0.3 -0.3 -0.3 -0.3 -0.3 -0.3 -0.3 -0.3 -0.3 -0.3 -0.3 -0.3 -0.3 -0.3 -0.3 -0.3 -0.3 -0.3 -0.3 -0.3 -0.3 -0.3
22.8 25.7 32.9 36.9 35.6 35.3 35.2 37.2 41 35.7 35.7 41.4 38.7 32.4 34.6 43.8 50.4 55.1 58.3 69.1 80.9 87.5 92.1 101.3 106.9 113.9 116.8 123.2 131.1 138.6 142.6 142.4 148.1 163.8 164.1 166.1 179 172.9 168.8 163.2 151.1 133.9 124.4 114.9 93.5 85.1 72.9 60.5 48 22.5 -0.3 -0.3 -0.3 -0.3 -0.3 -0.3 -0.3 -0.3 -0.3 -0.3 -0.3 -0.3 -0.3 -0.3 -0.3 -0.3 -0.3 -0.3 -0.3 -0.3 -0.3 -0.3 -0.3 -0.3 -0.3 -0.3 -0.3 -0.3 -0.3 -0.3 -0.3 -0.3 -0.3 -0.3
27.7 27 34.2 34.7 34.7 34 35.1 39.6 36.4 35.7 39.6 36.7 32.4 32.4 36.5 47.6 54.3 56.6 60.1 72 81.4 87.9 95.2 104.8 108.3 113.3 116.5 123.3 128.5 137.1 135.9 139 141.8 151.6 159.2 168.8 178.4 169.4 168.5 155.9 139.8 122.9 115.5 102 89.4 86.5 69.8 55.6 40.6 9.4 -0.3 -0.3 -0.3 -0.3 -0.3 -0.3 -0.3 -0.3 -0.3 -0.3 -0.3 -0.3 -0.3 -0.3 -0.3 -0.3 -0.3 -0.3 -0.3 -0.3 -0.3 -0.3 -0.3 -0.3 -0.3 -0.3 -0.3 -0.3 -0.3 -0.3 -0.3 -0.3 -0.3 -0.3
25.4 26.2 33.6 33.5 33.8 32.6 36.7 38.6 37.8 35.7 35.9 32.5 32.4 32.4 41.1 51.4 57.7 59.2 61.9 73.2 82.2 87.9 100.3 108.3 118.5 123.2 125 121.3 123.7 130.3 129.5 129.6 135.5 141.1 155.7 168.3 169.3 167.8 162.5 148.2 127.5 117.6 102.5 90 88.3 78.8 65.7 49.3 25.3 -0.3 -0.3 -0.3 -0.3 -0.3 -0.3 -0.3 -0.3 -0.3 -0.3 -0.3 -0.3 -0.3 -0.3 -0.3 -0.3 -0.3 -0.3 -0.3 -0.3 -0.3 -0.3 -0.3 -0.3 -0.3 -0.3 -0.3 -0.3 -0.3 -0.3 -0.3 -0.3 -0.3 -0.3 -0.3
25.3 27.5 32 32 31 32.9 38.7 40.4 38.7 37.4 34.5 32.4 32.4 32.4 40.5 51.5 58 59.4 62.9 70.5 75.2 90.6 100.8 110 120.7 127.3 128.4 126.8 125.6 127.8 128.1 128.7 131.7 133.7 141.1 160.2 163.5 164.1 156.9 139.5 122 104.8 90.2 87.6 86.5 82.5 61.9 42.6 17 -0.3 -0.3 -0.3 -0.3 -0.3 -0.3 -0.3 -0.3 -0.3 -0.3 -0.3 -0.3 -0.3 -0.3 -0.3 -0.3 -0.3 -0.3 -0.3 -0.3 -0.3 -0.3 -0.3 -0.3 -0.3 -0.3 -0.3 -0.3 -0.3 -0.3 -0.3 -0.3 -0.3 -0.3 -0.3
26.2 28.8 29.6 29.1 31.3 37.8 41.1 41.1 39.9 38.9 37.7 32.4 32.4 34.8 40.7 51.2 56.1 59.5 64.8 69.1 73 90.6 102.2 111.2 118.8 124.2 127.1 126.7 128.2 129 130.4 130.7 131.2 133.2 142.3 143 152.4 156.9 150.1 131.8 106.7 91 86.4 84.9 80.4 69.7 54.3 37 10.6 -0.3 -0.3 -0.3 -0.3 -0.3 -0.3 -0.3 -0.3 -0.3 -0.3 -0.3 -0.3 -0.3 -0.3 -0.3 -0.3 -0.3 -0.3 -0.3 -0.3 -0.3 -0.3 -0.3 -0.3 -0.3 -0.3 -0.3 -0.3 -0.3 -0.3 -0.3 -0.3 -0.3 -0.3 -0.3
23.8 26.2 31.4 33.8 34.7 40.1 42.4 40.5 40.2 41.9 37 32.4 37.2 39.1 49.5 51.4 56.5 60.8 62.3 63.6 67.7 92.3 107.2 113.8 116.2 122.4 125.6 127.1 129.6 133.1 131.6 131.4 134.7 129.8 133.9 144.7 149 140.9 137 122.4 90.7 85.1 83.5 80.4 73.9 63.9 48.1 32.7 -0.3 -0.3 -0.3 -0.3 -0.3 -0.3 -0.3 -0.3 -0.3 -0.3 -0.3 -0.3 -0.3 -0.3 -0.3 -0.3 -0.3 -0.3 -0.3 -0.3 -0.3 -0.3 -0.3 -0.3 -0.3 -0.3 -0.3 -0.3 -0.3 -0.3 -0.3 -0.3 -0.3 -0.3 -0.3 -0.3
21.5 30.8 35.8 35.3 39.2 41.1 41.6 41.1 40.7 41.8 32.4 32.4 42.8 41.6 48.8 51.7 55.4 61.8 61.5 62.5 65 90.8 106.2 114.6 118.8 121.4 124.9 125.8 127.6 131.8 129.6 132.2 132.5 124.7 125.9 140.8 138.6 134.5 119.6 102.7 85.3 83.1 80.5 74.7 67.2 55.9 43.2 15.7 -0.3 -0.3 -0.3 -0.3 -0.3 -0.3 -0.3 -0.3 -0.3 -0.3 -0.3 -0.3 -0.3 -0.3 -0.3 -0.3 -0.3 -0.3 -0.3 -0.3 -0.3 -0.3 -0.3 -0.3 -0.3 -0.3 -0.3 -0.3 -0.3 -0.3 -0.3 -0.3 -0.3 -0.3 -0.3 -0.3
26.1 32.6 35.1 34.6 39.6 43.9 41.5 40.8 41.2 36.3 32.4 39.8 42.7 44 49.1 52 56 59.5 62.9 66 67.2 81.1 105.7 115.3 119 121.8 122.7 124.4 127.1 126.5 131.4 133.4 134.1 123 123 134.1 129.3 119.4 102 85.7 85.6 83.5 79.8 76.8 59.5 46.3 34.5 3.3 -0.3 -0.3 -0.3 -0.3 -0.3 -0.3 -0.3 -0.3 -0.3 -0.3 -0.3 -0.3 -0.3 -0.3 -0.3 -0.3 -0.3 -0.3 -0.3 -0.3 -0.3 -0.3 -0.3 -0.3 -0.3 -0.3 -0.3 -0.3 -0.3 -0.3 -0.3 -0.3 -0.3 -0.3 -0.3 -0.3
26.9 31.3 33 37.7 43.1 43.2 40.7 40.9 41.1 35.5 33 40.9 47.3 48.7 52.5 51.2 54.7 65.4 70.7 71.6 72 78.4 104.1 113.6 117.2 122.8 118.7 123.9 126.8 132.4 133.4 137.7 131 124.2 122.5 123 119.2 104.5 85.9 84.7 85.1 84.1 77.3 66.4 50.8 39.7 19.3 -0.3 -0.3 -0.3 -0.3 -0.3 -0.3 -0.3 -0.3 -0.3 -0.3 -0.3 -0.3 -0.3 -0.3 -0.3 -0.3 -0.3 -0.3 -0.3 -0.3 -0.3 -0.3 -0.3 -0.3 -0.3 -0.3 -0.3 -0.3 -0.3 -0.3 -0.3 -0.3 -0.3 -0.3 -0.3 -0.3 -0.3
26.8 29.5 31.4 37.3 39.6 40.1 40 40.4 41.3 33.8 37.1 43.5 44.5 47.9 49.9 53.7 60.3 71.3 73.2 73.9 79.1 80.5 99.2 108.8 114.5 116.4 118.7 124.3 132.3 132.4 133.6 136.8 132.6 124.2 115.1 111.2 101.8 90.2 80.9 83.6 84.9 80.9 69.3 55.7 42.9 34.1 7.8 -0.3 -0.3 -0.3 -0.3 -0.3 -0.3 -0.3 -0.3 -0.3 -0.3 -0.3 -0.3 -0.3 -0.3 -0.3 -0.3 -0.3 -0.3 -0.3 -0.3 -0.3 -0.3 -0.3 -0.3 -0.3 -0.3 -0.3 -0.3 -0.3 -0.3 -0.3 -0.3 -0.3 -0.3 -0.3 -0.3 -0.3
24.5 25.2 28.7 33 35.7 37.8 38.8 39.6 38.3 32.7 40 42.1 43.7 48 51.3 62.6 67.1 70.1 74.3 75.1 86 84.6 89.8 105.6 108.4 114.5 117.4 123.9 128.2 129 137.1 136.5 126.5 117.9 104.7 96 86.8 80.9 79.2 81.5 81.8 71.1 61 50.3 37.5 5.2 2.7 -0.3 -0.3 -0.3 -0.3 -0.3 -0.3 -0.3 -0.3 -0.3 -0.3 -0.3 -0.3 -0.3 -0.3 -0.3 -0.3 -0.3 -0.3 -0.3 -0.3 -0.3 -0.3 -0.3 -0.3 -0.3 -0.3 -0.3 -0.3 -0.3 -0.3 -0.3 -0.3 -0.3 -0.3 -0.3 -0.3 -0.3
18.6 22.9 27.4 30.7 32.7 35.4 38.2 39.4 33.6 32.9 40.5 44.9 45.4 49.7 59 67 69.8 71.5 76.2 78.1 88.5 87.1 90.9 101.4 106.4 110.1 115.5 123.5 122.2 127.9 134.1 130.6 122.9 110.6 91.4 84.9 77 74.3 77.3 76.6 76.8 61.8 51.9 48.1 25.9 -0.3 -0.3 -0.3 -0.3 -0.3 -0.3 -0.3 -0.3 -0.3 -0.3 -0.3 -0.3 -0.3 -0.3 -0.3 -0.3 -0.3 -0.3 -0.3 -0.3 -0.3 -0.3 -0.3 -0.3 -0.3 -0.3 -0.3 -0.3 -0.3 -0.3 -0.3 -0.3 -0.3 -0.3 -0.3 -0.3 -0.3 -0.3 -0.3
18.4 21.5 25.8 27.4 32.2 32.1 35.8 33.1 29.4 35.2 41.9 41.2 45.2 55.4 64.5 68.9 73.7 76.3 77.3 81.9 87.2 88.4 89.9 98 102.6 107.1 114.9 116.5 120.8 123.6 129.1 124.5 114.6 93.7 80 68.2 67.4 65.6 67.8 66.2 64.8 57.1 48.5 37.8 9.8 -0.3 -0.3 -0.3 -0.3 -0.3 -0.3 -0.3 -0.3 -0.3 -0.3 -0.3 -0.3 -0.3 -0.3 -0.3 -0.3 -0.3 -0.3 -0.3 -0.3 -0.3 -0.3 -0.3 -0.3 -0.3 -0.3 -0.3 -0.3 -0.3 -0.3 -0.3 -0.3 -0.3 -0.3 -0.3 -0.3 -0.3 -0.3 -0.3
18.3 20.1 22.1 23.7 26.3 30 29.2 24.5 29.4 34.8 39.7 46.1 48.1 60 65.2 70.3 74 77.6 78.4 84.2 86.7 88.1 88.7 96.8 98.8 103.8 111.8 112.1 116.9 121.2 121.2 113.7 98.2 85.1 67.6 61.6 61.1 59.8 59.9 60.3 58.8 49.2 37.6 22.6 -0.3 -0.3 -0.3 -0.3 -0.3 -0.3 -0.3 -0.3 -0.3 -0.3 -0.3 -0.3 -0.3 -0.3 -0.3 -0.3 -0.3 -0.3 -0.3 -0.3 -0.3 -0.3 -0.3 -0.3 -0.3 -0.3 -0.3 -0.3 -0.3 -0.3 -0.3 -0.3 -0.3 -0.3 -0.3 -0.3 -0.3 -0.3 -0.3 -0.3
15.7 15.4 20 18.9 21.2 24.5 21 20 25.9 34 40.9 45.4 51.8 61.6 65.9 70.2 73.7 76.8 79.3 81.7 84 86.5 86.2 92.8 96.6 100.8 105.5 111.4 111.3 115.3 113.1 101.3 84.3 71.3 60.2 60.2 58.6 54.6 52.8 51.5 48.4 41.4 29.7 10.2 -0.3 -0.3 -0.3 -0.3 -0.3 -0.3 -0.3 -0.3 -0.3 -0.3 -0.3 -0.3 -0.3 -0.3 -0.3 -0.3 -0.3 -0.3 -0.3 -0.3 -0.3 -0.3 -0.3 -0.3 -0.3 -0.3 -0.3 -0.3 -0.3 -0.3 -0.3 -0.3 -0.3 -0.3 -0.3 -0.3 -0.3 -0.3 -0.3 -0.3
11 13.4 16.8 17 21.5 18.7 17.7 19.1 24.9 36.2 43.5 47.9 55.8 63.2 68.1 73.1 76.5 77.9 77 80.8 81.9 84.8 83 89.2 94 96.9 101.6 107 107.7 108.1 102.8 82.4 79.5 63.6 62 61.9 62.2 58.7 59.4 47.2 38.1 25.8 10.1 6.7 -0.3 -0.3 -0.3 -0.3 -0.3 -0.3 -0.3 -0.3 -0.3 -0.3 -0.3 -0.3 -0.3 -0.3 -0.3 -0.3 -0.3 -0.3 -0.3 -0.3 -0.3 -0.3 -0.3 -0.3 -0.3 -0.3 -0.3 -0.3 -0.3 -0.3 -0.3 -0.3 -0.3 -0.3 -0.3 -0.3 -0.3 -0.3 -0.3 -0.3
5.9 13.1 13.1 16.3 17.9 15.6 16.4 20.5 32.5 38.7 43.7 50.1 57.3 61.4 68 72 76.4 76.1 73.6 78.4 82.4 81.3 80.1 87.7 91.7 93.3 99.1 104 102.1 101.3 84.3 74.6 69 63.9 64.2 64.4 66.5 59.9 53.9 45.4 39.2 19.8 2.2 -0.3 -0.3 -0.3 -0.3 -0.3 -0.3 -0.3 -0.3 -0.3 -0.3 -0.3 -0.3 -0.3 -0.3 -0.3 -0.3 -0.3 -0.3 -0.3 -0.3 -0.3 -0.3 -0.3 -0.3 -0.3 -0.3 -0.3 -0.3 -0.3 -0.3 -0.3 -0.3 -0.3 -0.3 -0.3 -0.3 -0.3 -0.3 -0.3 -0.3 -0.3
5.7 9.2 10.9 14.4 14.9 13.9 20.1 26.9 32.4 36.6 44.7 49.6 56.5 59.7 62.9 69.4 72.2 73.2 71.2 77.1 79.8 75.5 80.5 81.7 83.8 91.2 95.1 95.8 96.5 82.5 73.2 68.2 66.1 67.1 72.4 79.8 70.4 58.5 48.2 43.2 38.1 28.5 -0.3 -0.3 -0.3 -0.3 -0.3 -0.3 -0.3 -0.3 -0.3 -0.3 -0.3 -0.3 -0.3 -0.3 -0.3 -0.3 -0.3 -0.3 -0.3 -0.3 -0.3 -0.3 -0.3 -0.3 -0.3 -0.3 -0.3 -0.3 -0.3 -0.3 -0.3 -0.3 -0.3 -0.3 -0.3 -0.3 -0.3 -0.3 -0.3 -0.3 -0.3 -0.3
4.1 5.3 12.1 11.3 10.7 16.6 22.9 27.3 29 35.2 45.3 46.3 52.7 57.5 59.7 65.5 69.4 73.1 70.3 73.7 75.4 72.5 80.1 74 81.3 91.3 92.2 85.7 82.1 78.3 70.4 68.2 68.1 73.3 79.9 75.6 70.6 54.1 43.4 40.8 34.7 19.2 5.8 -0.3 -0.3 -0.3 -0.3 -0.3 -0.3 -0.3 -0.3 -0.3 -0.3 -0.3 -0.3 -0.3 -0.3 -0.3 -0.3 -0.3 -0.3 -0.3 -0.3 -0.3 -0.3 -0.3 -0.3 -0.3 -0.3 -0.3 -0.3 -0.3 -0.3 -0.3 -0.3 -0.3 -0.3 -0.3 -0.3 -0.3 -0.3 -0.3 -0.3 -0.3
0.9 7.7 10.4 9.4 10.6 17.8 22.6 26.2 28.9 35.4 41.3 44.7 50.7 53.7 58.1 61.1 64.5 68.4 67.1 67.6 67.5 71.4 72.6 70.2 74.6 83.5 86.7 78 79.1 74.9 69.5 69.1 70.7 74.1 78.6 77.4 61.8 46.9 40.6 36.9 28.5 11 -0.3 -0.3 -0.3 -0.3 -0.3 -0.3 -0.3 -0.3 -0.3 -0.3 -0.3 -0.3 -0.3 -0.3 -0.3 -0.3 -0.3 -0.3 -0.3 -0.3 -0.3 -0.3 -0.3 -0.3 -0.3 -0.3 -0.3 -0.3 -0.3 -0.3 -0.3 -0.3 -0.3 -0.3 -0.3 -0.3 -0.3 -0.3 -0.3 -0.3 -0.3 -0.3
1.7 10.2 8.7 8.5 10.4 14.7 19.2 22.9 28.3 32.7 36.8 42.2 46 49.5 53.8 53 59 61.5 62.4 58.4 64.2 64.5 67.1 67.8 73.1 77.7 76.7 74.8 77 73.5 67.9 68.9 71.1 74.9 82.1 72.3 52.8 46 41.2 34 18.1 14.6 -0.3 -0.3 -0.3 -0.3 -0.3 -0.3 -0.3 -0.3 -0.3 -0.3 -0.3 -0.3 -0.3 -0.3 -0.3 -0.3 -0.3 -0.3 -0.3 -0.3 -0.3 -0.3 -0.3 -0.3 -0.3 -0.3 -0.3 -0.3 -0.3 -0.3 -0.3 -0.3 -0.3 -0.3 -0.3 -0.3 -0.3 -0.3 -0.3 -0.3 -0.3 -0.3
4.4 7.5 9.3 9.7 13.1 15.2 16.4 21.8 26.6 30.4 32.4 36.3 43.1 46.4 42.4 47.5 52.4 54.9 55.3 55.1 56 57.9 64.4 66.5 70.7 73.3 69.1 72.5 69.9 66.3 66.5 68.8 73.7 79.5 79.1 61.2 56.2 44.6 39.4 25 7.6 4 -0.3 -0.3 -0.3 -0.3 -0.3 -0.3 -0.3 -0.3 -0.3 -0.3 -0.3 -0.3 -0.3 -0.3 -0.3 -0.3 -0.3 -0.3 -0.3 -0.3 -0.3 -0.3 -0.3 -0.3 -0.3 -0.3 -0.3 -0.3 -0.3 -0.3 -0.3 -0.3 -0.3 -0.3 -0.3 -0.3 -0.3 -0.3 -0.3 -0.3 -0.3 -0.3
7.2 8.8 9.6 9.5 13.6 14.8 15.9 20.5 24 26.4 28.4 33.4 36.5 38.2 37.6 40.6 45.7 48 51.2 49.9 48.2 59 59.6 64.3 63.9 65.5 65.2 64.9 63.2 64.4 66 73.4 75.4 78.6 71.1 59.1 54.9 42.9 29.1 8 3.6 -0.3 -0.3 -0.3 -0.3 -0.3 -0.3 -0.3 -0.3 -0.3 -0.3 -0.3 -0.3 -0.3 -0.3 -0.3 -0.3 -0.3 -0.3 -0.3 -0.3 -0.3 -0.3 -0.3 -0.3 -0.3 -0.3 -0.3 -0.3 -0.3 -0.3 -0.3 -0.3 -0.3 -0.3 -0.3 -0.3 -0.3 -0.3 -0.3 -0.3 -0.3 -0.3 -0.3
5.2 7.9 9.2 11 13.1 14.2 16.1 18.6 20.9 22.8 24.2 28.8 30.6 33 34.8 35.3 39.1 41.7 47.5 42 47.6 54.3 58.2 56.9 57.3 57.9 57.9 58.7 60.9 64.7 69.2 71.2 73.1 69.9 60.6 59.5 54.2 36.3 14.3 4.4 -0.3 -0.3 -0.3 -0.3 -0.3 -0.3 -0.3 -0.3 -0.3 -0.3 -0.3 -0.3 -0.3 -0.3 -0.3 -0.3 -0.3 -0.3 -0.3 -0.3 -0.3 -0.3 -0.3 -0.3 -0.3 -0.3 -0.3 -0.3 -0.3 -0.3 -0.3 -0.3 -0.3 -0.3 -0.3 -0.3 -0.3 -0.3 -0.3 -0.3 -0.3 -0.3 -0.3 -0.3
7.1 7.2 9.3 11.9 13 14.4 16.5 18.6 19.6 19.5 20.5 24.6 28.1 29.9 29.5 30.7 33.4 39.8 40.5 38.7 46.8 51.4 52.2 52.5 55.2 51.1 51.8 57.2 64.3 69.1 66.9 66.7 64.5 61.4 58.3 56.8 45.2 21 14.4 -0.3 -0.3 -0.3 -0.3 -0.3 -0.3 -0.3 -0.3 -0.3 -0.3 -0.3 -0.3 -0.3 -0.3 -0.3 -0.3 -0.3 -0.3 -0.3 -0.3 -0.3 -0.3 -0.3 -0.3 -0.3 -0.3 -0.3 -0.3 -0.3 -0.3 -0.3 -0.3 -0.3 -0.3 -0.3 -0.3 -0.3 -0.3 -0.3 -0.3 -0.3 -0.3 -0.3 -0.3 -0.3
7.6 8.4 10.7 12.1 13.8 15.2 16.9 18.8 17.5 16.1 16.9 21 23.7 25.9 25.2 27.3 32 35.5 35.2 36.3 44 46 45.9 49.8 50.9 44.9 46.6 54.4 63.9 65.4 64.7 63.2 62.2 54.2 54.2 47.5 32.1 12.4 5.7 -0.3 -0.3 -0.3 -0.3 -0.3 -0.3 -0.3 -0.3 -0.3 -0.3 -0.3 -0.3 -0.3 -0.3 -0.3 -0.3 -0.3 -0.3 -0.3 -0.3 -0.3 -0.3 -0.3 -0.3 -0.3 -0.3 -0.3 -0.3 -0.3 -0.3 -0.3 -0.3 -0.3 -0.3 -0.3 -0.3 -0.3 -0.3 -0.3 -0.3 -0.3 -0.3 -0.3 -0.3 -0.3
