Assets/StreamingAssets/GeoData/Data/nr/NR72.asc
ncols 200
nrows 200
xllcorner 170000
yllcorner 620000
cellsize 50
[rows 36 to 71 of 200, columns 0 to 81 of 200]
165.4 166.9 166.6 165.5 162.2 159.1 156.8 154.9 153 151.5 148.4 144.4 138 134.6 132.2 128.7 125.2 124.9 113.5 115.4 116.4 116.3 109.4 109.9 110.4 108.9 109.9 110.8 110.9 112.6 114 115.9 116.9 118.5 122.1 125.8 126.7 129.3 133.2 135.5 138.4 142.2 146.1 147.3 150.8 153.6 157.8 153.7 166.2 173 179.4 186.6 192.7 197 203.6 209.3 215.3 215.3 226.3 234.4 242.8 251.5 258.3 262.7 267.2 271.5 272.5 280.5 287.8 295.3 302.2 307.2 307.9 311.1 312.7 307.9 306.8 303.5 308.1 310.4 312.4 309.6
157.8 160.6 160.4 159.8 157.4 156.8 157.1 155.4 153.8 151.7 151.6 147 140.7 136.9 133.7 132 135.6 134.1 129.2 119.7 110.1 109.9 107.3 103.1 103.6 107.9 110.5 111.4 112.4 112.6 113.7 114.1 115.6 116.6 117.4 112.5 121.6 127.3 127.7 129.4 132.1 136.3 139 138.2 142.3 146.1 154.2 161.5 167.2 171.7 178.5 183.2 184.7 191.5 196.4 201 209.7 217 224.2 232.4 240.2 247.4 253 257.7 261.9 264.8 270 276.6 283 288.5 296.6 301.8 302.6 301.8 299.7 298.6 301.3 298.3 301.8 303.8 305 303.2
151.5 153.2 154.4 155.1 156.5 156.7 156.9 157.4 156 153.6 151.2 146.4 144.7 142.6 138.7 137.3 137.2 134.5 129 122.3 119.1 116.9 114.8 108.8 100.9 100.9 104.7 110.5 113.7 112.4 114 113.4 108.1 106.3 107.3 119.3 126.4 130.5 134.2 133.7 132.8 135.5 141.2 143.4 146.2 152.1 155.8 161.2 167 172.6 177.3 183.2 189 194.4 199.2 203.6 208.8 214.8 220.9 228.6 235.9 242.8 249.3 253.6 257.2 261.3 266.9 274.1 279.3 281 286.5 293.9 295.5 295.4 293.6 293.2 294.7 293 295.3 296.7 297.7 294.5
148.2 148.7 151.7 154.5 157.1 159.4 163.6 163.2 160.1 156.3 151.9 149.7 148.5 146.9 144.2 141.3 143.9 141.8 136.2 128.1 123.3 120.4 117 112.7 105.8 97.4 91.8 97.6 102.9 104.4 112.6 100.8 103.5 112 120 123.4 127.1 131.2 134 135.4 135.7 138.3 143.3 146.1 149 151.6 154.2 161.7 167 171.2 175.4 180.9 186.3 191.7 196.6 201.5 207.1 212.7 218.8 224.8 231.7 238 244.1 248.6 253.1 259.8 267.4 273.1 267.7 268.9 277.6 286.1 285.2 289.8 288.9 287.8 286.3 289.3 290.8 290.5 289.9 284.7
147.9 149.8 152.2 156.2 160.7 166.4 164.3 161.7 158.2 155.5 154.2 152.3 152.2 150.6 147.7 149.1 152.7 150 141.6 135 128.5 120.6 115.8 112.2 108.2 100 88.7 90.9 94.2 96.6 109.1 101.9 110.2 116.6 121.3 123.7 126.9 130.2 133.1 135.8 139 143.4 146 148.9 149.9 155.6 159.8 160.8 165.8 170.7 175.6 178.7 183.8 189.1 194.2 199.6 205.1 210.7 216.6 222.3 227.4 233.9 239.3 244.3 250.9 257.1 264.3 267.1 254.7 259.8 268.7 275.4 280.8 285.9 283.2 278.2 276.1 284 287.1 287.8 279.9 275.2
148.9 151.1 154.2 160.1 163.6 163.1 160.8 158.2 157.6 156.9 155.8 154.9 155.5 153.7 152.2 152.5 154.1 151.8 146.2 139.1 132.5 125.1 116.4 111.7 107.3 100.3 93 87.9 90.1 93.6 97.7 104.6 114.5 116.9 119.5 122 125 128.3 132.4 137.1 141.6 144.9 144.9 145.9 151.5 159.9 164.3 167.2 170 171.7 176.6 177.1 182 187.1 192.2 197.3 202.4 207.3 212.4 217.4 223.8 228.2 233.9 241.2 247.2 253.2 259.7 255.6 246.4 254.7 266.9 271.5 276.9 279.3 274.9 266 268.8 274.8 277.8 273.6 267.4 265.3
148.3 153.4 159.9 164.4 163.1 160.3 159.2 158.5 157.9 157.5 157.4 158.8 159.5 158.6 157.1 156.7 154.5 152.8 150.4 145.9 139.3 130.7 122.7 115.1 109.9 104.8 97.6 88.9 87.5 91.7 99.5 108.3 112.2 114.6 117.3 120 123.5 126.5 131 137.8 142.6 140.7 142.6 148.9 155.6 163.8 166.5 168.9 171.7 173.6 175.8 176.1 180.2 185.3 189.4 193.1 198.7 203 207.1 211.9 216.4 223.2 229.7 235.7 242.2 248.6 255.6 244.2 244.3 257.1 264.8 268.1 270.5 271.5 263.5 253.6 258 263 266 264.5 260.9 259.9
148.3 154.9 157.9 157.7 158.7 158.3 158.6 158.9 159.3 159.8 160.4 161.7 164.9 166.3 165.2 164.3 163.5 161.5 159.3 156.3 145.9 136.2 126.9 119.1 112.8 108.1 102.3 89.8 86.5 90.1 100.2 104.6 108.7 111.3 114.2 117.1 121 124.5 129 135.1 139.4 136.4 145.4 153.8 158.1 162.2 165.6 168.9 172 173.4 174.8 175.2 178.3 183.3 186.2 189.8 194.5 198.1 201.3 208.6 213.8 218.9 225.4 231.5 234.7 240.5 241.7 239.4 244.1 253.3 261.2 262.7 264 259.7 253.1 244.8 248.7 253.7 256.2 256.5 256.8 254
146.6 149.5 151.2 153.1 154.9 157.9 158.6 159.5 160.6 161.3 162.6 165.6 170.1 173 171.7 172.1 174.8 172.1 166.1 160 150.2 141.1 131.3 123.8 119.2 114.1 108.2 95.3 85.9 92.4 96.3 100.5 105.1 108.5 112.3 114.8 117.3 120.2 124.9 131.3 132.8 133.2 144.3 151.6 155.8 159.9 163.9 167.5 169.2 170.6 172 173.9 176 180 183.1 185.3 189.6 195.1 200 205.1 210 215.2 220 224.4 228.7 231.8 235.1 235.3 240.8 248.8 255.6 255.1 251.5 247 246.1 240.9 240.3 244.9 247.4 248.1 247.8 244.4
148 148.3 149.4 152.1 155.8 157.5 158.9 160.3 161.8 163.3 165.4 168 173.5 177.5 178.7 178.9 179.6 178 174.4 171.2 161.9 152 139.6 130.4 124.6 119.4 112.8 94.7 85.5 89.1 92.2 96.7 103.2 107.3 110.6 112.9 115.5 117.9 120.9 125.6 128.3 133.7 141 148.4 152.7 156.9 161 164 166 167.9 169.3 171.8 174.4 176.8 178.7 182.8 186.8 191.8 197.6 202 206.5 210.9 215.1 219.4 223.1 225.6 228.8 229.5 235.8 240.6 244.9 244 241 237.8 236.2 235 231.3 236.1 238.8 238.9 237.3 233.1
148.8 147.6 150.3 153.2 157.1 159.2 161 162.3 163.8 165.3 166.3 168.9 175.3 180.1 185.6 186 185 181.8 177.6 173.1 166.7 156.1 147.1 138.9 129.9 125 119.8 102.7 85.7 87.5 90.3 95.5 102.5 106.1 108.1 110.2 112.6 114.9 116.9 121.8 128.6 134.9 140.1 144 149.7 153.5 156.9 160.2 162.5 165.1 166.6 169.7 171.8 174.1 176 180.1 184 187.9 193.3 197.4 201.8 206.2 210.5 214.6 217.2 219.5 222.1 224.1 228.4 232.6 233.6 232.2 229.7 227.9 226.6 225.4 221.6 226.2 227.8 228.4 227.1 221.8
150 147 149.4 151.5 155.5 159.3 159.9 161.8 163.3 163.7 165.7 169.3 175.1 182.3 188.7 192.4 190.5 185.2 180 174.8 168.9 158.3 149.3 140.2 133.9 128.9 122.5 106.1 85.2 86.3 88.7 96.1 100.9 103.5 104.4 106.2 108.6 111 113.8 120.9 128.7 135.2 141.3 143.6 146.1 149.4 152.5 155.9 159 161.4 163.9 166.4 169.2 172 168.4 176.9 181 185 189.1 193.2 197.2 201.6 205.9 211 212.3 213.5 213.1 215.1 219.5 224.8 224.3 221.6 219.2 217.8 216.4 214.8 213.4 218 218.4 217.6 213.7 210.6
150.3 148 147.2 148 150.1 153.8 156.9 159.3 161.8 163.2 164.9 169.6 175 182.5 191.1 195 191.1 184.6 178.8 175.4 168.3 158.4 151.2 142.3 133 125.7 118.6 106.7 84.7 85.8 88.6 98.1 101.1 102.9 103.7 102.2 104 109.2 112.8 120 127.9 135 141.4 144.4 145.6 147.2 147.6 150.2 152.1 153.8 154.5 164.7 168.5 167.7 170.5 172.9 176.6 180.7 185.2 189.2 193.2 197.1 202.1 207 208 206.2 205 205.1 206.2 209.4 210.6 208.5 207.4 208.5 206.8 205.1 203.3 209.6 210.6 208.2 203.8 194.2
154.4 149.5 147.5 147.2 148.1 149.2 152.4 157.2 160.9 162.6 165.2 170.2 178.4 189.1 194.1 189.1 185.7 182.9 177.7 172.1 165.4 158.1 149.5 139.3 129.5 119.9 109.7 96.5 85.5 87 89.5 101.9 103.2 104.2 102.9 100 100.8 106.4 111.3 118.8 125.8 132.6 138 141.7 142.4 140.8 138.9 137.8 139 148.1 156.9 164 166.1 160.2 163.5 169 172.3 176.7 181.2 185.3 189.4 192.6 197.7 201.7 202 200.3 195 193.8 195.2 196.3 195.7 197 198.3 198.9 196.4 196 198.3 202.8 203.5 197.4 185.8 195.4
159.2 154.4 150.1 148.5 148.1 150.3 152.6 156.2 159.3 160.4 164.3 171.6 179.6 185.3 186.9 186.6 188.7 187.9 182.3 176.4 165.7 157.3 147.6 136.3 124.4 114.4 105.7 93.8 82.2 84.7 97.9 106.5 108 107.9 105.3 100.3 97 100.7 108.7 115.8 122.6 128.5 132.3 134.2 134.3 132.1 128.9 128.7 141.4 150.6 156.9 161.7 164.2 162.4 160.7 163.5 165.6 169.8 176.7 181.5 185.4 189.1 193 195.1 196.5 194.6 185.7 181 183 183.7 185 187.6 187.2 184.3 181.2 191 197 199.1 189.7 179.6 196.2 204.1
163.9 159.4 155.4 152.2 151.4 151.8 153.4 154.6 156.5 159 162.6 169.7 176.9 184.6 190.5 193.3 193.9 190.4 186 181.2 171.8 160.1 152.5 142.2 131.3 117.9 108.5 90.7 90.3 87.2 107.3 112.4 113 112.4 109.1 103.1 93.3 93.8 102.8 111.8 117.8 121.5 123.1 126 123.6 119.6 128.8 135.3 140.7 145.4 151.5 156.5 157.9 157.1 153.7 156.3 159.3 163.1 168.4 174.9 179.1 182.7 186.5 186.5 185.8 182.8 172.5 171.9 172.8 174.2 176.5 178.8 175.1 179.7 190.6 193.4 196.1 193 178.3 190.4 199.7 206.2
167.8 164.6 160.8 157.9 156.9 156.7 154.6 156.2 156.7 157.5 158 167.1 176.7 185.5 191.4 193.4 191.2 188.5 186.4 181.6 175.3 164 154.5 145.5 134.4 119.9 105.2 92.5 80.3 99.8 113.5 113.1 109.6 106.7 104.1 100.5 90.6 86.7 94.7 104.3 111.1 114.3 115.8 116.9 116.3 113.4 118.7 124.6 131.2 137.9 143.7 146.1 147.2 148 141.5 148.2 152.5 156.7 161.5 167.3 170.7 173.2 164.8 174.6 174.3 168 159.6 158.8 160.7 163.3 167.1 169 171.9 184 188.5 190 188.6 180 180.6 193.9 200.4 204.8
170.9 167.7 166.2 163.9 162.4 160.8 158.4 157.8 157.1 155.1 156.6 164.6 175.3 183 189.3 190.3 189.9 189.2 187.2 181 175.2 165.1 151.6 146.6 132.2 115.3 101.3 84.9 84.1 99.6 110.1 106.4 102.2 98.9 93.8 88.8 81 82.8 87.8 94.9 99.6 104.8 109.2 109.5 109.7 109.2 115.4 120.4 124.8 131.5 136.1 137.3 139.4 140.1 134.9 142.2 145.7 149 152.9 158.5 161.4 166.1 157.3 163.6 162.3 152.1 149.3 149.6 151.4 154.2 156.5 164.7 176 181.4 184.1 183.1 173.4 170.9 188.2 193.4 196.2 200.6
172.4 169.5 168.3 166.3 164.5 162.4 160.8 157.7 155 152.8 155 162.6 171.7 180.1 183.6 183.3 184.9 187 186.4 182.1 171.6 160.8 148 140 133.1 115.4 100.5 78.2 88.3 99.9 101.3 99.8 95.8 91.8 86.7 76.2 75.2 84.2 87.8 88.4 95.7 91.7 96.6 98.3 103 104.7 110 114.6 118.8 123.6 126.4 128.7 132.3 131.5 133.9 137.6 139.9 141.9 145.2 151.3 152.5 155.3 156.8 150.2 146.8 139.1 139.8 148.1 159.7 162.7 166.5 170.6 174.6 177.5 178.4 172.7 165.1 181.6 185.8 188.6 192.5 196.4
172.8 169.9 167.2 164.6 162.3 160.4 158.7 157 153.8 151.1 151.2 156.9 165 170.1 172.8 176.2 180.2 179.1 177.8 176.6 169 155.6 143.2 135.1 125.6 112.6 97.6 75 82.8 92.5 91.5 90.4 88.3 84.7 78.1 70.7 87 94.7 98.9 100.5 102.5 103.1 105.5 107.2 110.6 112.1 113.5 115 113.4 116.6 119.6 122.4 125.8 126.5 131.5 133.2 136.3 137.4 139.7 141.6 142.5 144 143.8 141.1 130 141.4 150.7 157.2 159.6 161 164.9 167.9 171 172.3 171.8 160.9 168.9 177.6 180.4 183.4 186.6 190.9
170.2 166.2 163.6 160.4 157.8 155.2 154.1 155.7 154.2 149.2 144.7 148.2 155.5 158.2 163 168.3 170 169.7 169.1 168.6 160.2 148.6 147.7 134.1 124.6 114.7 108.3 78.2 84.2 80.4 78.6 80.3 80.1 79.1 69.4 76.7 88.4 94.8 99.6 102.8 104.9 106.8 107.9 107.8 107.7 109.2 108.4 111.2 115.7 119 121.6 125.7 127.8 130.1 131.3 132.5 134.2 135.4 135.6 135.6 134.9 134.9 134.3 127.8 132.6 143.9 149.6 152 154.5 157 159.9 162.5 164.4 166.2 166.8 160.1 166.9 171.7 174.4 176 180 183.6
168.9 162.8 158.3 154.6 151.6 147.7 151.1 157.1 155 144.3 137.5 142.9 149.7 153.3 156.1 161.6 161.6 157.8 159.6 158.5 153.6 144.7 141.1 130.4 124.2 116.9 106.8 92.6 76.2 74.3 76.7 78.7 73 63.2 65.6 67.3 77.5 98.3 104.4 108.3 111.1 112 111.2 109.5 106.7 104.2 100.4 103 107.7 111 113.6 116.9 119.2 121.4 123.6 124.8 127.3 129.2 131.2 130.2 129.6 122.5 120.1 127.1 135 141.2 144.5 146.8 149.6 151.2 153.9 155.7 158.7 159 157.4 157.5 164 166.9 169.4 170.2 172.3 174.4
169 160.7 153.2 148.8 145.3 142.2 147.2 153.1 150.6 136.2 132.3 140.6 146.1 149.5 147.6 152 152.3 148 152 147.5 142.4 141.9 136.5 130.1 122.9 113.9 104.9 96.3 88.8 82.9 83.2 81 77.8 72.6 67.5 64.2 62 80.4 98.9 106.1 109 108.7 108.6 107.4 104.8 99.5 93.4 93.8 98.9 102.8 105.2 107.9 110.1 113.3 115.2 117.1 118.9 120.3 122.9 123.5 121 114.6 120.2 128 133.5 136 138.4 140.7 142.7 144.6 146.5 148.5 151 150.7 139.1 152.6 156.8 159.2 161.8 161.8 163.4 165.9
167.3 159.5 151 145.2 142.1 138.6 142.1 148.3 143.4 130.1 127.5 135.8 141.6 142.2 139.5 140.3 139.4 139.4 141.3 139.5 137.9 137.1 135.5 127.1 120.2 111.5 103.6 98.3 92.9 89.1 86 83.2 81 78.2 69.2 66.3 63.2 70.8 91.7 96.2 99 99.7 101.1 99.7 97.7 92.8 88.9 91.8 95.5 96.7 98.8 101.2 103.6 106.4 108.7 110.5 110.4 111.4 114.5 114.6 111.8 109.5 121.1 126.9 129.8 131.1 132.9 133.5 134.3 135.8 137.6 140.5 143.3 143.4 134 147 150.3 151.3 153.3 154.4 155.3 155.9
167.7 160.1 152.2 145.4 140.1 136.1 140.9 138.8 134.1 123.2 122.4 126.5 132.7 133.6 132.4 135 134.9 134.9 135.3 133.2 134.5 133.5 133.7 123.7 116.5 109.5 102.5 99.9 99.9 96 92.9 94 90.7 82.1 72.1 66.9 62.8 69.4 80.8 85.9 89.9 92.6 93.5 92.1 90.3 86.8 88.3 91.4 92 94.1 96.5 99.8 102.3 103.5 104.3 104.8 105.6 106.5 108.7 107.3 107.6 115.3 122.2 126.5 128.3 129.6 127.8 127.8 127.5 128 129.4 133.7 135.7 129.4 139.2 140.8 143.9 145.7 146.4 146.1 146.7 147.6
167.1 161.2 153.4 145.5 139.5 133.8 134.6 131.2 125.8 121.5 120.8 120.6 125.6 126.7 129.2 132 131 129.4 127.5 129.8 135.5 134.4 128.9 120.3 111.1 105.1 97.9 99 98.7 97.8 96.6 100.5 93 85.7 79.9 73.3 63.1 63.3 66.4 74.6 80.6 85.1 86.3 85 82.6 88.1 90.3 92.4 93.9 96.2 99.1 101.8 102.8 103.4 103.8 103.4 103.6 104.5 104.8 102.3 101.6 112.4 117.8 123.1 126.8 124.3 120.9 121 119.3 120.3 123 127.7 124.3 132.2 135.3 137.1 138.6 140 140.5 141 142.2 142.9
164.8 161 155.6 148.8 141 133.7 128.6 127.4 124.1 121.1 120.3 119.1 119.7 121.3 125.3 126.1 125.1 124.8 124.5 126.7 130.7 133.8 125.6 113 102.7 98.2 89 94.1 95.9 95.3 99 102.9 98.8 90.5 83.9 77.9 62.6 62.8 63 63.4 72.9 78.8 80 77.7 85.5 89.2 92.4 95.6 96.6 96.3 98.2 100.2 104.5 106 106.4 106.3 106.4 105.8 102.3 97.3 98 105.3 111.8 115.2 117.1 113.3 113.4 112 108.1 109.4 113.8 124.2 128.2 130.7 132.2 132.4 133.6 134.1 134.8 136.1 137.3 138
165.3 162.9 158.7 152.8 144.4 136.9 129.4 123.3 121.2 120.4 120.6 119.5 115.6 117.5 120.1 122.3 122.2 120.5 122.5 123.9 124.4 125.3 115.2 104.7 94.9 86.3 81.1 86 88.7 94.6 98.8 106 104.2 93.8 86.7 80.9 64.2 62.3 62 61.3 62.8 71.7 70.4 77.2 82.1 87.5 92.4 95.3 95.2 93.3 94.4 98.6 102.9 107.4 111.4 112.9 113.2 111.6 107.1 101 89.2 99.3 104.6 106.3 105.4 105.1 103.6 101.9 96.4 112.4 127.3 129.9 131.5 131.5 131.4 130.7 130.2 130.1 130.7 131.4 131.4 132.2
167 164.8 159.4 154.8 149.6 141.4 131.2 124.3 119.5 118.3 118.5 116.7 111.7 112.9 117.1 119.4 120.8 119.1 119.5 119.7 117.6 115.9 104.8 98.5 89.9 79.2 78.9 79.3 82.7 92.8 100.5 108.6 107.3 97.1 89.2 83.4 73.8 60.4 62.1 61.7 59.8 60.6 64.1 69.6 74.7 82 87.3 89 88.9 88 89.7 94.1 97.5 101.1 106.5 109.6 110.8 110.4 109.8 103.7 91.3 95.6 95.6 94 95.2 96.6 94.9 96.9 95.1 118.2 120.9 123.5 126 126.8 126.5 127 126.7 125.9 125.3 124.9 125.4 126.4
168.6 165.9 161.5 156.3 150.1 143.1 132.2 125.9 119.8 116.1 114.9 111.9 109.5 111.5 113.6 116.7 118.2 117.3 117 117.4 115 106.6 94.5 91.4 83.7 79.2 78.4 77.6 80.6 91.7 99.8 107.5 108.2 99.4 89.7 80.4 71 64.1 68.5 70.5 67.8 61.1 58.9 62.5 66 72 77.4 79.9 80.3 79.5 82.1 87.7 92.6 96.4 100.4 103.2 103.9 102.9 102.1 101.8 94.2 77 76.1 81.3 83.5 89.6 87.2 87.5 105.3 108.7 111.9 114.4 117.2 117.9 118.5 118.8 119 118.7 118.4 118.4 119.3 120.2
169.4 163.7 159.7 155.6 149.2 141.3 131.8 126.5 119.9 115 111.6 108.9 108.7 110.7 112.8 114.6 112.7 113.3 113 116.1 113.5 105.8 101.8 91.4 83.1 79.8 78.5 77.1 80.4 88.7 98.1 103.7 102.5 93.2 82.2 65.9 70.7 76.3 79.3 77.6 76.4 75.2 69.2 62.5 62.8 67 67.8 68.9 70.2 71.6 75.7 79.9 84.7 90.6 94.5 96.5 97.7 95.5 95.1 93.9 91.7 78.7 85.9 85.7 87 82.9 92.6 95.3 97.5 99.5 102.2 105.3 108.1 109.4 110.6 111.4 111.2 110.8 111.3 112.3 113.2 114.1
165.4 160.1 154.3 149.8 145.1 139.2 130.2 124.1 117.4 113.1 109.7 108.8 108.3 109.9 112 113.3 108.6 109 112.5 115 110.4 106.3 101.7 92.7 81 79.1 77.9 76.3 79.5 86.3 94.2 96.5 93.9 85.9 71.9 74.3 80.2 87.3 89.1 86.5 85.4 83.3 79.4 71.5 55.5 64.5 63.7 61.7 65.3 69 70.3 74.6 80.2 86.9 89.7 89.1 90.6 86.1 86 83.8 79.9 70.5 84.2 93.6 95.4 94 92.3 91.3 91.7 94.2 94.8 97.6 99.7 101.4 102.5 103.6 102.6 103.1 104.1 105.1 106.1 107
160.1 153.6 147.6 142.7 139.3 134.2 125.7 119.5 115 110.2 108.7 108 108.7 110.2 110.7 108.8 107 108.3 110.6 113.2 107.6 102.3 98.3 89.7 80.5 78.9 75.9 75.7 78.4 82.7 88.1 86.5 80.3 72.5 69.7 78.7 84.5 91.1 96.2 97 94.1 90.7 84.6 76.7 66.4 37.7 59.4 57.2 60.1 62.2 67.9 75.1 81 85.1 84.4 80.3 78.5 76 75.3 74.3 68 78.9 86.2 89.5 91.9 90.5 90 87.2 86.9 88.1 88.8 90.7 93.1 94.6 96 96.3 96.7 97.5 97.8 98.1 98.8 99.6
150.2 145.8 141 136.4 131.6 124.3 119.3 115.2 112.2 110.2 108.1 107.3 108.7 106.8 105.4 105.3 105.6 107.5 109.1 107.7 102.9 97.4 95.2 90.2 82.7 79.1 75.9 75.1 76.8 80.7 79.6 74.1 76.3 79.1 78.9 80 84.5 91.5 97.2 101 100 91.9 87.2 81.5 72.8 58.7 51.6 54.9 55.9 59.4 69.6 73.8 80.3 83.9 80.9 75.4 69.1 66.3 64.8 63.9 59.3 72.5 78.8 82.1 84.3 84 84.2 83.1 82.1 82.8 83.2 84.2 86.1 88 89.6 90.5 91.6 91.9 92.2 92.3 92.9 93.2
147.3 144.2 139.1 131.9 123.9 115.4 111.9 110.9 110.6 110.2 108.3 107 104.4 104 101.8 103.2 106.9 106.6 105.8 102.7 99.8 95.2 90 87.8 81.9 77 75.8 74.7 74.4 74.3 77.2 81.5 84.4 83.4 81.3 82 85.2 90.1 95.8 100.4 93.2 86.4 81.7 76.5 69.7 57.8 46.7 41.5 49.2 58.6 66.1 73.3 78.7 80.7 76.5 64.6 61.3 58.3 58.8 55.4 59 64.3 69.6 73.4 76.2 76.3 76.4 75 75.1 75.2 75.9 78.7 79.4 80.8 82.1 83 85.2 85.1 86.1 85.8 85.9 84.8
151 143.5 134.5 129.5 122 114 109.7 108.2 108.2 107.4 108.5 105.8 104 100.7 99.9 100.9 99.4 98.7 97.3 97 96.4 93 86.7 81.3 77.8 75.6 75 76.1 81 84.7 85.7 85.9 89.4 89.1 86.5 84.1 84 87.6 92.9 98.2 91.2 83 76.6 72 65.4 57.1 49.4 47.1 36.4 58.4 68.9 75 79.1 78.4 73.3 61.6 56.7 54 53.2 51.5 49.9 54.2 59.5 65 66.4 67.8 67.1 66.4 63.1 67.3 68.8 70.6 70.1 72.9 74.1 75.3 76.5 77.4 77 76.9 76.6 76.5
