Assets/StreamingAssets/GeoData/Data/nr/NR74.asc
ncols 200
nrows 200
xllcorner 170000
yllcorner 640000
cellsize 50
[rows 0 to 34 of 200, columns 79 to 157 of 200]
204.7 210.7 213.4 200 192.2 198.8 185.1 182.9 179.5 177.4 178.1 181.7 186.1 191.3 197 197.2 195.8 199.3 202.6 210.3 219.2 226.2 232.9 237.8 242.6 244.1 238.9 238.9 238.6 233.8 227.7 227.5 227 227.2 227.6 219.4 203.3 193.3 190.9 188.5 185.9 187.4 188.5 189.7 189.2 188.5 189.3 189.2 187.5 184.4 178.8 172.2 169.4 164.9 162.6 162.1 161.5 160.1 158.5 153.6 148.8 146.1 142.6 140.8 139.4 137.6 138.8 144 146.2 148.8 152.1 157.9 163.9 165.7 167.7 171.4 176.4 181 182.6
210.1 212.7 211.8 189.6 193.6 188.7 183.8 182.2 177.8 179.2 176.9 180.8 187.6 196.7 199.9 196.8 197.4 200.7 204.4 209.1 216.9 224.4 230.6 235.2 237.8 236.3 235.3 235.9 233.8 230 225.6 222.6 223.4 224.7 220.1 208.4 196.2 191.8 190.3 188.4 188.6 189.3 190.5 191.7 192.5 193.4 196.3 195.5 193.4 188.4 182.2 177 174.3 168.5 164.6 164.3 162.8 161.1 159.2 155.8 151.7 147.9 144 142.7 139.7 138.7 140.4 143.3 145.6 148.1 151.4 154.6 159.8 161.7 166.1 169.7 174.7 178.8 181.2
213.2 215.6 195.5 186.6 192 182.8 183 180.7 177.4 177.8 176.8 181.3 188.8 196.3 196.3 195.2 199.1 201.7 205.2 208.6 212.7 220.1 225.9 227.7 226.9 224.6 223.9 223.1 222.8 222.3 220.1 217.4 215.3 214.5 207.5 197.4 193.4 191.9 190 190.2 190.7 191.3 192.4 193.6 195.4 198.4 199.8 198.7 197.1 191.7 185.5 182.2 177.4 171.9 167.1 166.8 165.5 164.3 160.1 157.9 154.3 150.8 146.8 143.4 141.3 139.6 141.8 143.1 145.2 147.3 150.4 153.7 156.6 161.6 165.6 169.1 172.2 175.9 178.9
213.4 199.9 182.8 184.4 182.3 182.4 181.8 179.6 177 177.2 176.8 180.6 190 190.7 193.1 197 200.5 202.7 204.9 207.5 211.1 218.6 221.6 222.5 219.3 218.1 218.1 217 216.4 215.8 213.2 210.7 207.8 202.6 197.8 194.7 194.2 192.9 192 192.9 193.4 193.8 194.3 196.1 199 202.5 202.4 199.3 197.5 195.3 189.5 186.3 181.6 177 172.1 171.1 170 167.5 163.6 159.7 156.7 154.6 150.6 146.3 143.8 141.6 141.3 142.8 145 147.1 150.7 153.8 157.2 161.6 165.1 167.7 170.3 172.8 176.3
206.9 186.6 179.2 179.1 181.1 180.3 180 178.7 177 178.4 182 187.2 186.7 190 194.9 199.2 201.2 203.4 205.6 207.9 210.1 216.1 217.8 218.1 216.9 216.3 215 213.8 212.7 209.7 207.3 204.5 200.1 197.6 195.2 195.6 195 193.9 194.2 195.4 196.2 197.5 201.9 205.4 209.9 211.7 212.1 208.8 204.1 200.4 196.6 191.5 186.7 181.8 177.2 175.5 173.7 170.3 165.8 162.4 159.8 156.8 153.1 149.7 146.1 144.3 143.9 143 144.7 146.9 150.7 155.2 159.3 160.9 163.4 166.1 168.7 170.9 176.8
189.8 178.5 173.8 178.2 178.7 178.1 177.4 177.5 177.2 179.7 181.3 181.7 187.6 191.5 195.4 199.6 201.8 204.6 207.1 208.9 210.9 212.6 216.1 215.7 215.5 214 212.4 210.6 208.3 205.2 201.1 198.2 195.1 195.2 196 196.7 195.9 195.3 195.9 196.9 200 204.8 208.4 211.3 214.4 216.5 217.5 215.8 211.5 207.5 203.5 199.6 193.4 184.8 181.2 179.5 178.2 173.6 169 165.4 162.2 158.3 155.2 152.1 149.1 147 146.5 145.4 144.7 147.1 149 153 156.9 158.9 161.5 164.1 167 171.8 176.3
177.4 171.1 173.5 175.5 175.8 175.8 176.6 176.6 177.5 179.3 182.8 186.5 190.6 194.3 198 201.5 204.9 207.6 209.4 211.2 212.3 212.5 212.5 212.6 211.8 207.3 204.3 201.7 201.4 194 193.8 195 195.1 195.6 196.1 197.4 197.6 197.9 197.4 200.6 204.1 210.1 212.5 215.5 219 220.9 222.1 221.7 218.5 214.3 210.9 207.2 203.9 199.3 193.6 185.5 183.8 180 176.4 172.3 168.2 162.3 158.6 155.6 152.9 148.7 147.5 146.1 145.9 147.7 148.8 149.7 152.6 157 159.5 162.4 166.7 171.8 175.9
169 169.1 172.6 173.6 174.8 175.7 177 178.4 179.7 181.3 185.3 189.3 193.3 197 200.7 204.3 207.4 210.2 212.2 215.2 217 215.7 209.8 205.6 203.8 201.5 198.8 194.4 189.9 189.3 190.8 192.6 194.6 195.2 196 197.9 200.3 200.9 201 204.3 208.3 213 215.9 220.3 224.2 226.5 226.9 226.3 225 221.6 218.2 214.9 212.8 209.9 204.8 199.5 191.1 185.7 181.5 176.8 172.6 167.8 162.2 158 153.8 149.8 148.3 147.1 147.4 148.3 149.3 150.9 152.4 154.3 157.8 162.2 166.7 171.8 175.7
168.5 170.9 173.5 175 176.2 177.1 179.7 181.4 181.8 183.8 187.5 191.2 196 199.7 203.4 207 209.5 212.2 217.9 218.2 217 213 206.9 202.7 199.9 197.5 194.1 190.1 187.4 186.5 188.4 191 192.8 194.7 196.2 198.3 201.1 203.9 204.7 207.8 211.9 216.9 220.3 225.4 229.2 231.9 230.6 229.5 228.7 226.5 222.9 219.9 219.3 214.9 209.2 202.8 197.9 190.3 185.6 178.9 173.4 167.9 162.2 158.8 154.7 150.8 149.2 148.8 149 150.7 151.3 151.6 152.9 154.8 157.3 161.2 167 171.3 174.7
169.3 171.9 175.3 176.9 177.5 178.7 181.4 183.8 184.1 185.2 189.6 193.6 198.5 202.3 205.5 208.3 210.2 213.4 216.5 216.4 213.7 209.4 204.9 200.4 197.1 192 188.6 186.9 184.8 184.2 187.1 189.7 192.2 194.3 196.8 198.6 201.3 204.1 206.9 210.1 216.5 221.7 225.9 227.7 231.6 233.4 233.3 232.6 231.8 230.4 227.4 225 222.5 217.5 211.5 205.2 200.5 194.7 187 179.7 173.4 167.4 161.7 159.1 156.4 152.6 150.4 150.3 150.4 152.3 152.7 153.1 153.8 155.7 158.6 161.5 166.2 170.2 172.7
169.9 173.1 176.8 177.8 178.8 179.8 182.5 184.7 185.7 187.5 192.6 197.4 200.2 202.7 205.7 208.7 212 217.6 217.5 216.3 212.2 206.5 203.6 198.7 192.2 186.7 183 185.5 183.3 184.2 186.5 189.1 191.6 194.1 196.8 199.1 201.5 204.5 207.5 212.2 217.4 223.1 226.2 229.7 234.1 234.8 234.1 234.6 234.1 232.8 231.6 229.4 224.3 217.4 212.1 207.3 202.9 197.5 189.4 180.6 174.8 167.4 162.3 158.9 155.9 153.1 151.7 152.3 152.4 153.1 153.4 153.4 155.2 156.9 159.8 162.7 166.7 168.3 170.6
172.8 175.1 177.7 178.6 178.9 181.6 183.9 185.5 187 191.2 195.7 198.2 200.5 203 205.9 209.5 215.3 220.8 219.6 218 212.3 205.6 197.5 193.8 186.2 180.2 178.9 180.1 181.8 184 186.5 189 191.6 194.2 196.6 199.2 201.7 205 208.2 213 218 222 225.8 231.2 235.9 236.9 234.3 235 234.2 233 231.7 230.4 225.5 217.5 212.3 208.2 203.7 199.6 192.8 183.1 174.2 168.6 163.6 159.4 156.1 153.9 152 152.6 153.2 153.3 153.5 153.7 154.5 158.1 161 163.9 166.1 166.3 167.8
174.8 176.9 177.6 178.3 178.7 183 185.4 187.3 189.3 192.4 195.4 198 200.2 202.3 204.6 208.4 211.6 213.5 212 209.4 202.8 196.3 188.3 183.1 177.5 174.4 177.5 178.3 179.6 182.5 186.1 189 191.6 194.3 195.6 198.2 200.9 204 208.2 212.8 217.3 221.5 226.5 231.1 236.6 233.6 229.8 231.4 231.2 231.6 231.4 229.2 224.6 216.4 212.7 209.1 204.6 200.4 194 185.1 175 170.5 164.7 160.4 156.8 154.8 152.7 153 153.2 153.1 153.1 153.4 153.8 158.7 162.2 164.6 165 163.5 169.1
174.1 174.9 176.5 177.9 179.8 184.9 187.1 188.2 189.4 192 195.1 197.2 198.5 197.8 199.6 201 200.7 201.8 199.5 196 191.2 186.2 180.5 177.2 173.7 173.2 173.5 175.3 177.1 180.9 185 187.6 189.7 191.3 192.8 194.2 196.7 200.8 205 208.9 212.4 216 219.2 220.1 223.5 222.8 224.7 225.6 227.3 229 228.3 225.1 220.8 215.6 212.1 206.5 204.1 200.5 192.3 184 176.9 169.4 165.7 160.9 156.8 155.3 153.5 153.1 153 153 152.9 153 153.2 157.4 160.9 162.4 162.2 168.1 171.5
173.9 175.2 177 178.8 180.8 184.4 185.4 186.4 187.4 189.1 191.7 192.6 192.3 191.6 192.8 192.8 191.2 189.4 187.4 185.4 182.5 181.6 178.1 177.6 176.9 173.5 170.9 172.8 176.5 180.4 181.4 182.7 184.3 186 188.2 189.2 191.4 196.7 199.1 201.4 204.2 207.2 210.5 212.1 215.2 218.8 221.5 222.1 223.2 225 224.1 220.1 216.8 213.5 209.3 204.6 202.9 199 191.1 183.3 176.8 171.5 166.4 161.8 156.6 153.5 151.7 152.4 152.7 152.8 152.7 152.7 153 152.8 154.8 161.4 165.1 167.7 172.9
174 175.7 177.5 179.2 180.5 181.4 182.1 183.1 184.1 184.9 185.4 186 186.2 185.6 185.4 184.3 183.8 183.5 182.9 181.7 181 181.4 182.7 185.2 179.8 174.7 169.4 172.2 174.3 175.8 176.7 177.9 179.2 180.6 183.2 184.6 184.5 187.9 191.5 194.6 198.5 201.4 204.8 208.4 211.9 217.1 219.4 218.9 218.6 220.3 219.8 214.9 212.9 211.6 206 203.1 201.3 199.2 191.8 183.2 173.4 172.5 165.4 160.8 156 152.4 149.9 149.8 151.2 151.6 151.9 152.1 151.8 152.1 160.5 164.5 166.1 169 173.5
174.5 176.2 177.5 178.8 180 180.9 181.5 182 182.3 181.2 180.3 179.8 179.8 180 180.1 179.9 179.7 179.5 180.6 183 184.6 184.8 186.8 184.1 176.6 170.6 168 168.4 171.5 172.7 173.8 174.9 176 176.8 179.3 181.2 181.6 184.8 187.2 189.5 194 197.8 200.4 204.1 210.2 215.4 217.9 216.6 215.7 214.8 211.2 209.3 208.1 206.5 203.2 201.5 199.7 190.3 182.2 179.8 172.5 168 163.3 159 154 150.2 148.1 147.5 149.5 150 150.4 149.3 148.3 155.2 162.2 165.5 169.5 172.4 175.4
174.5 175.7 177 178.3 179.5 180.3 180.8 181.1 181 180.4 178.9 178.4 177.6 176.1 176.1 175.9 176.9 177.9 179 182.6 185.1 186.4 183.7 179.9 173.3 167.8 167.4 167.4 168.7 169.7 170.9 172.1 173.1 174 175.1 176.5 178.3 181.6 183.9 186.2 189.9 192.8 195.6 199 208.2 212.8 213.9 213 213 211.6 209.9 206.1 203.4 201.7 199.5 198.7 191.3 183.5 178 176.2 172 167.1 161.4 156.1 151 147.2 146.3 146 148 147.3 147.4 146.8 151.8 161.2 163.8 168.3 173.2 178.4 183.1
175.9 176.3 176.7 177.9 179.1 179.6 179.8 179.7 179.6 179 178.1 177 176.2 174.7 173.9 174.5 175.1 175.7 177.3 179.8 180.9 180.5 175.8 171.7 167.6 167.9 167.4 167.1 167.4 167.8 168.4 169.3 170.2 171.1 172.2 173.2 175.9 178.5 180.4 182.6 184.8 187.1 189.6 191.5 199.7 206.5 206.9 208.1 209.9 209 208.3 204.2 200.9 197 195.1 191.9 184.1 178.4 174.1 170.3 166.4 162.7 157.4 152.7 148.1 144.8 144.2 144.6 145.1 144.8 148.3 152 157.1 162.4 163.3 170.8 175.4 179.9 182.1
177.3 177.8 178.2 178.5 179.1 178.8 178.4 178.3 178.2 177.6 176.7 175.7 174.6 174 173.6 173.3 173.6 173.7 173.2 174.1 175.7 170.8 167.7 167.1 166.9 166.9 166.8 166.7 167.2 166.9 167.2 168.9 169.9 169.7 169.4 170.2 173.3 174.9 175.9 176.6 179.9 180.5 180.7 185 190.9 196.9 201 204.5 206.2 205.2 204.2 201.5 198.2 194.2 188.6 181.8 174.8 171.7 165.6 164 159.9 157.5 152.2 148.6 145.4 142.6 142.3 142.7 143 147.3 147.7 151.1 156.3 159.3 161.8 171.3 179 178.8 182
178.8 179.2 179.5 179.7 179.1 178.2 177.4 176.9 176.8 176.2 175.3 174.6 173.9 173.7 174 172.5 170.8 169.6 167 170.3 166.8 167.2 166.9 166.5 166.5 166.9 167.1 166.7 167.4 167.2 167.3 167.6 167.9 167.3 167.4 167.8 169.1 169.7 171.1 172.9 176.2 177.7 175.1 179.2 182.8 185.9 191.3 196.2 200.5 197.2 197.4 196.7 192.4 188.1 183.1 177.6 171.1 163.2 157.6 159.2 155.9 152.9 150.4 147.3 143.5 140.7 140.8 141.5 143.4 145.5 149.2 151.2 154.9 156.4 164 168.3 171.2 176.3 179.9
180.2 180.6 180.7 181 178.7 177.8 176.9 176 175.4 174.7 175.1 175.4 174.7 175 175 174 172.4 169.6 166.8 166.4 166.1 166.1 166.1 166.4 166.8 167.1 167.4 167.5 167.1 167.1 166.9 166.8 166.3 166.3 166.3 166.4 167.3 167.4 168.3 168.5 169.5 169.5 171 172.5 177 177.5 177.4 182.8 183.5 187.9 193.3 189.9 185.2 181.9 181.1 176 167.9 160.2 153.8 152.9 152.2 149.4 146.9 143.8 140.4 139.3 139.3 141.1 141.9 142.5 149.4 151.8 152.1 158 161.5 164.7 168 173.8 178.2
181.6 181.7 183 181.3 178.4 177.5 176.6 175.5 175.2 175.1 175.9 175.9 175.9 177.1 177.6 176.9 175.5 170.9 166.4 166.4 167.1 166.2 166.8 167.5 167.5 167.8 167.8 167.7 167.5 167.4 167 166.9 166.9 166.5 166.8 167 166.7 166.2 164.4 164.2 163.7 163.7 165.5 166.2 167.1 168.3 169.9 170 174.8 180.2 181.9 180.7 179.3 175.9 173.9 168.5 161.3 155 151.5 150.9 148 146.4 143.4 140.1 139.5 138.8 140.6 141.6 141.1 142.5 148.8 150.6 157.5 160.9 165.1 171.4 176.5 181 184.7
182.7 183.7 183.8 181.6 177.9 176.4 176.3 176.6 176 175.4 176.1 177.6 178.9 180 180.1 179.5 176.8 173.4 169.6 167.1 166.7 166.9 167.2 167.3 168 168.1 168.1 168 168 167.5 166.7 167.2 167.8 167.3 167.5 167.6 166.6 166 165.1 163.1 161.4 161 160.8 161.1 164.8 166.6 166 166.4 171.5 172.4 173.1 171.5 167.2 164.5 165.4 163.8 158.8 150.3 149.2 149.2 147.1 144 141.2 139.6 139.1 138.4 139.3 140.1 140.9 141.9 147.7 153.6 157.2 163.5 168.4 172.2 175.9 181 184.7
183.6 184 184 181.3 179.1 178.7 178.3 178.3 178.2 178.2 179.8 181 182.4 182.9 182.7 182 179 175.8 170.5 168.5 168.8 168.3 168 168 168.3 168.4 168.3 168.3 168.3 168.1 167.8 168.3 168.6 168.5 169.8 169.1 169 168.5 167.2 165.4 163.8 162.2 161.1 160.1 158.5 162.6 160.7 162.6 165 165.5 163.9 162 160.7 157.9 157.3 156.8 151.7 147 146.7 146.7 143.8 141.3 138.5 138.3 138.8 138 139.6 139.7 140.5 142.3 148 152.3 157 162.1 167 169.3 174.6 179.8 183.3
184.3 184.1 183.6 182.5 181 182.1 183.4 181 182 184.3 185.1 185.9 186.3 186.6 186.4 185.3 182 178.7 174.6 173.3 171.1 170.6 170 169.5 169.2 169.5 169.4 169.2 169.1 169.3 169.5 170.3 171.2 171.6 172.5 171.8 171.3 171 169.4 167.8 166.2 164.6 163.1 161.9 159.9 157.6 158.1 160.2 160.4 159.7 158.3 156.6 154.9 153.6 149 146.3 143.3 144.4 144.7 143.9 141.5 139.2 136.5 137 137.4 137.8 138.4 139.1 140.7 142 146 149.4 154.4 159.3 162.4 165.2 169.9 175.8 179.1
184.7 184.3 182.7 181.3 184 185.4 185.5 185.9 188.5 189.6 190.4 191.2 191.7 191.5 190.3 188.5 185.1 182.1 180.1 177.5 174.3 174 173.2 172.3 172.8 173.6 174.8 176.7 174.6 172.4 172.4 173 174 176.4 174.9 174.5 173.9 173.4 171.8 170.3 168.7 167.1 165.6 163.4 161.2 158.9 156.7 156.9 158.3 154.7 154.1 152.3 149.3 147.6 143.3 141.2 140.9 142 142.3 141.2 139.8 138.3 135.8 136.2 136.6 137.9 137.6 139.6 140.7 140.2 143.8 146.3 149.9 154.6 156.5 160.3 166.2 170.4 173.1
184.9 183.3 183.3 185.6 187 188.4 187.9 191.7 193.3 194.6 195.8 196.6 196.9 195.9 194 192 189.1 185.9 182.9 180.4 176.3 177.9 177 176.5 176.3 176.5 177.3 178.7 177.3 175.9 176.2 176.9 177.3 178.6 178.4 177.7 177.7 176.2 174.4 172.8 171.2 169.7 168.1 165.3 162.5 160.3 160.2 157.3 154.7 153.5 150 148 144.9 142.7 141.1 138.9 139.4 139.5 139.8 138.4 137.2 137 136.1 135.7 136.1 137.6 138.1 138.4 138.7 139.2 141.4 143.8 146.1 148.3 151 156.3 162.5 165.4 168.5
185.7 187 188 189.3 190.8 192.2 193.6 195.2 197.5 198.9 200.2 201.5 200.5 198.9 196.9 194.8 191 187.7 185 182.4 180.6 181.6 180.9 180.6 180.5 180.3 180.3 180.2 180.7 181.3 181.9 181.7 181 181.2 182.5 181.5 181 179.2 177 175.4 173.8 172.3 170.6 168.1 165.6 163.3 163 160.6 157.5 155.1 152.8 146.2 144.2 142.2 139.6 137.6 137 137.4 137 136.3 136.2 136 135.7 135.6 136.9 137.2 137.2 138 138.2 138.5 139.2 141.6 143.8 145.2 147.2 149.5 155.8 159.8 164.8
188.8 191 192.3 193.6 194.9 195.8 197.5 199.1 201.5 203 204.2 204.8 203.1 201.5 199.7 197.6 193.8 189.9 185.7 181.1 184.6 184.3 184.9 184.8 184.8 184.7 185.1 185.2 186.5 187 187.6 187.1 186.5 186.3 186.9 185 183.6 181.9 180.5 178.7 177.2 175.7 174.2 171.7 169.2 166.7 165.2 163 160.2 157.5 154.5 150.6 147 143.7 140 138.2 137.1 136.8 136.5 136.5 136.5 136.3 136.1 136.2 136.6 136.1 136.3 137.5 137.7 138.2 138.7 139.4 140.7 142 143.6 145.9 148.4 151.7 156.8
191.8 194.3 196.5 197.7 198.5 199.4 201.4 203.3 205.3 206.9 207.7 207.9 206.2 204.1 202.3 200.5 197 193.1 184.7 185.6 188.9 189.2 187.9 189.3 189.3 189.6 190 190.2 192 192.8 193.2 192.6 192.1 191.7 191 189.6 187.5 186.1 184.5 182.8 181 179.1 177.6 175.3 172.9 170.6 168.3 164.7 160.8 157.3 155.6 152.6 147.5 143.7 140.7 138.6 138 137.7 137.3 137.2 137 136.7 136.5 136.8 136.5 136.2 135.4 137 137.4 137.8 138.9 138.5 138.4 138.5 140 142.3 144.7 146.9 149.5
195.8 197.2 199.3 201.1 202.1 203.3 205.2 207.6 209.5 211 211.2 211.1 209.5 207.5 205 200.7 195.2 189.9 188.7 191.6 193.2 192.7 193.3 193.2 194 194.5 194.9 195.7 197.5 198.6 199.4 200 200.1 199.1 195.6 193.7 191.7 190.1 188.5 186.9 185.1 183.3 181 178.7 176.3 173.8 171.4 167.2 162 156.8 152.5 147.8 145.6 142 140.3 139.4 138.9 138.5 138.2 137.8 137.4 137 136.9 136.5 136 135.6 136.3 135.4 136.7 137.3 137.8 138.3 138.2 138.1 138.4 139.8 141.9 143.5 146.9
198.1 199.7 201.7 202.7 205.3 207.2 209.8 213 213.9 214.7 215.3 214.6 213 211 208.6 204.6 198.1 193.1 190.1 193.8 195.9 195.8 196.2 196.6 197.6 198.6 199.2 201 202.9 204.6 205.2 206.9 207.5 205.9 201.8 198.6 197 195.1 193.2 191.3 188.7 185.9 183.3 181.2 179.3 176.9 174.5 171.1 164 159.4 156.1 151.4 145.7 142.1 141.2 141 140.9 140 141.2 142 139.4 138.1 136.7 136.3 136.1 136 135.3 135.9 136.3 136.9 137.3 137.8 137.9 137.8 138.4 138.8 140.5 142.8 144.8
201.7 203.5 205.4 206.1 208.9 210.6 216 217.4 217.7 218.3 218.9 218.2 217.6 215.9 214.2 210 204.6 196.9 193.6 196.6 197.9 199.1 199.5 199.9 201.1 202.4 205 207.7 210 210.1 211.1 212.7 211.3 210.3 207.9 205 202.5 200.8 199.1 197.7 194.5 191.4 188.4 186.1 183.1 180.2 177.6 173.9 168.9 166.1 163.1 154.7 147 145.7 145.5 145.6 146.3 145.7 145.1 145.8 144.4 142.2 138.8 136.7 136.6 136.3 135.9 135 135.8 136.5 136.8 137.4 137.7 137.9 138.3 138.8 139.5 140.9 142.8
206.1 209.1 211.1 210.4 213 215.7 219.9 220.9 221.7 222 222.4 222 222.2 222.7 221.6 217.9 212.5 204.9 197.8 197.7 200.2 201.2 202.2 203.4 204.6 207.1 209.4 213.1 215.4 216.4 217.2 216.6 215.6 214.7 213 210.8 208 206 204.9 203.6 200.1 196.5 193.5 190 186.9 184.1 180.5 176.4 171.2 166.1 157.8 155.7 159.5 151.6 149.4 152.3 152.7 151.9 150.9 149.6 148 146 142.6 139.6 138 137 136.4 135.5 134.9 136.1 136.3 136.9 137.5 137.8 138.4 138.9 139.6 140.7 142
