Assets/StreamingAssets/GeoData/Data/nr/NR79.asc
ncols 200
nrows 200
xllcorner 170000
yllcorner 690000
cellsize 50
[rows 148 to 184 of 200, columns 85 to 169 of 200]
-0.4 -0.4 -0.4 -0.4 -0.4 -0.4 -0.4 -0.4 -0.4 -0.4 -0.4 -0.4 -0.4 -0.4 -0.4 -0.4 -0.4 -0.4 -0.4 -0.4 -0.4 -0.4 -0.4 -0.4 -0.4 -0.4 -0.4 -0.4 -0.4 8.3 12.8 28.9 26.8 22.1 41.7 61.5 49.5 57.2 68.5 68.8 72.9 106 122.2 176 178.5 170.4 159.4 147.5 140.8 165.7 182.8 172.6 171.9 190.4 189.9 189.5 183.8 181 192.2 217.5 213.7 204 200.6 196.1 189.1 177.3 168.9 168.3 183.6 182.6 180.2 177.2 187.2 191.3 197.1 186.2 173.3 167.9 169.6 194.5 209 198.4 194.7 173.6 160.6
-0.4 -0.4 -0.4 -0.4 -0.4 -0.4 -0.4 -0.4 -0.4 -0.4 -0.4 -0.4 -0.4 -0.4 -0.4 -0.4 -0.4 -0.4 -0.4 -0.4 -0.4 -0.4 -0.4 -0.4 -0.4 -0.4 -0.4 -0.4 -0.4 21.9 26.8 31.8 19.8 21.1 56.7 47.6 49.5 59 67.1 75.1 79.5 114.6 140.9 182.9 167.1 159.3 149.2 138.4 139.2 171.8 178 165.7 171.3 186.5 185.5 184 179.7 179.7 206.4 223.7 210.1 205.4 202 194.1 186 171.5 167.7 182.9 183.4 181.9 179.8 186.4 185.6 195.8 197.1 183.3 168.4 166 176.7 208.8 195.8 185.2 180.1 166.7 144.9
-0.4 -0.4 -0.4 -0.4 -0.4 -0.4 -0.4 -0.4 -0.4 -0.4 -0.4 -0.4 -0.4 -0.4 -0.4 -0.4 -0.4 -0.4 -0.4 -0.4 -0.4 -0.4 -0.4 -0.4 -0.4 -0.4 -0.4 -0.4 12.8 26.5 22 20.4 19.8 41.6 52.3 47.7 60.1 59.9 67 77.4 96.4 118.3 165.9 174.8 164.5 150.6 142.6 133.2 145.5 173.9 173.4 164.1 174.1 187.6 177.6 177.9 178.2 190.6 218.2 223.1 215.1 206.4 203.8 195.6 178.7 169.3 166.6 185.1 182.2 180.5 175.1 180.6 186.6 196 190.5 177.2 162.4 163.6 191 202.9 185.7 172.6 163.7 148.6 133.7
-0.4 -0.4 -0.4 -0.4 -0.4 -0.4 -0.4 -0.4 -0.4 -0.4 -0.4 -0.4 -0.4 -0.4 -0.4 -0.4 -0.4 -0.4 -0.4 -0.4 -0.4 -0.4 -0.4 -0.4 -0.4 -0.4 -0.4 -0.4 27.5 21.6 18.2 18.4 24.8 55.5 48.4 59.9 60.3 62.1 65.4 96.9 119.6 134.9 179.5 165.2 157.3 148.2 138.2 129.4 153.7 178 164.3 161.5 174.8 181.5 178.8 176.5 191.7 209.9 225.3 225.3 212.9 206.5 203.4 192.3 172.6 166 186.2 183.7 179.1 176.6 178.9 174.5 187 187.4 182.9 163.8 159.2 172.4 208.8 193.2 177.7 164.9 150.8 140.7 124.3
-0.4 -0.4 -0.4 -0.4 -0.4 -0.4 -0.4 -0.4 -0.4 -0.4 -0.4 -0.4 -0.4 -0.4 -0.4 -0.4 -0.4 -0.4 -0.4 -0.4 -0.4 -0.4 -0.4 -0.4 -0.4 -0.4 -0.4 12.7 17.2 18.2 16.3 17.9 50.8 46.1 59.3 57.2 61.8 70.7 84.2 115.6 130.1 155.6 174.1 162.5 149.2 145.2 128.7 129.6 160.9 174.6 156.7 163.1 180.1 176.2 175.8 177.1 210.3 215.4 229.5 227.4 212.3 207.3 203.2 184 168 165.4 187.4 179.8 177.1 171 177.5 166.9 179.8 182.3 176.4 156.2 158.1 190 203.1 185.3 172.8 157.5 143.7 126.3 118.2
-0.4 -0.4 -0.4 -0.4 -0.4 -0.4 -0.4 -0.4 -0.4 -0.4 -0.4 -0.4 -0.4 -0.4 -0.4 -0.4 -0.4 -0.4 -0.4 -0.4 -0.4 -0.4 -0.4 -0.4 -0.4 -0.4 -0.4 17.7 16.1 15.3 17.6 41.1 45.3 50.9 54.4 60.3 76.8 92.3 108.6 127.9 132.6 175.9 168.5 157.1 144.6 138.1 125.7 138.1 170.4 160.5 149.7 170.8 175.4 175.7 174.5 192.1 209.5 222.1 226.7 220.7 211.3 206 193.9 178.3 164.4 182.7 184.4 174.4 170.4 170.8 164.5 165.7 178.4 175.5 166.6 155.2 165.9 202.7 196.5 180.5 167.7 156.9 135.8 123.3 113.7
-0.4 -0.4 -0.4 -0.4 -0.4 -0.4 -0.4 -0.4 -0.4 -0.4 -0.4 -0.4 -0.4 -0.4 -0.4 -0.4 -0.4 -0.4 -0.4 -0.4 -0.4 -0.4 -0.4 -0.4 -0.4 -0.4 4.4 7 9.4 16 34 44.4 45 54.5 60.8 82.1 115.1 121.9 117.2 134.8 149.2 172.5 163.8 154.4 145.3 127.9 124.1 143.1 168.9 146.7 148.8 168.7 171.9 175.2 181.9 207.2 212.5 221.3 224.9 214.5 209.2 200.4 186.3 171 164.2 191.1 172.9 165.7 167.5 166.1 157.7 164.9 176.6 169.1 153.3 155.1 184.8 197.1 186.3 171.4 162.6 151 129.1 115.7 111.9
-0.4 -0.4 -0.4 -0.4 -0.4 -0.4 -0.4 -0.4 -0.4 -0.4 -0.4 -0.4 -0.4 -0.4 -0.4 -0.4 -0.4 -0.4 -0.4 -0.4 -0.4 -0.4 -0.4 -0.4 -0.4 -0.4 -0.4 7.5 18.1 34.1 53.3 44.2 49.6 53.8 80.5 102.9 123.2 121 123.3 135.5 163.5 161.1 158.7 150.1 135.6 123.7 127.7 153.7 159.9 143.7 150.6 169.7 171.6 173.8 197.5 204.1 215.6 218.6 216.4 213.5 208.3 193.5 178 164.7 169.1 180.9 165.5 166.9 170.7 157.6 150.4 170 172.9 159.1 152.4 161.5 194.8 185.5 176.6 166 165.3 136.8 128.7 113.1 108.9
-0.4 -0.4 -0.4 -0.4 -0.4 -0.4 -0.4 -0.4 -0.4 -0.4 -0.4 -0.4 -0.4 -0.4 -0.4 -0.4 -0.4 -0.4 -0.4 -0.4 -0.4 -0.4 -0.4 -0.4 -0.4 -0.4 -0.4 8.5 40.1 55 43.5 46.7 49.2 72.8 96.2 106.3 130 118.8 131 139.5 153.4 150.8 149 143.2 126.1 121.7 140.8 163.8 150.6 141.8 164.6 169.9 169 188 195.7 203 212.1 221.7 217.4 215.2 208.6 186.9 171 162.9 176.7 166.7 162.1 168.1 167.9 151.2 148.2 170.9 165.6 149.6 152.6 181.1 190.8 180.2 166.6 164.1 148.9 137.2 121.4 109.7 106.5
-0.4 -0.4 -0.4 -0.4 -0.4 -0.4 -0.4 -0.4 -0.4 -0.4 -0.4 -0.4 -0.4 -0.4 -0.4 -0.4 -0.4 -0.4 -0.4 -0.4 -0.4 -0.4 -0.4 -0.4 -0.4 -0.4 5.8 41.3 50.4 43.5 43.8 45.3 61.6 85.9 92.4 115.6 130.6 117.7 126.2 146.2 147.5 143.5 143.3 138.2 120.5 122 151.4 162.3 140.6 144.5 168.9 167.8 168.1 194.5 191.3 207.5 217.2 220.1 222.3 218.8 199.9 180.8 168.6 165.1 173.4 162.7 159.9 167.3 155.7 147.7 148.9 166.7 158.4 148.2 155.6 190.9 183.7 171.4 159.9 158.4 138.8 127.5 107 103.8 105.1
-0.4 -0.4 -0.4 -0.4 -0.4 -0.4 -0.4 -0.4 -0.4 -0.4 -0.4 -0.4 -0.4 -0.4 -0.4 -0.4 -0.4 -0.4 -0.4 -0.4 -0.4 -0.4 -0.4 -0.4 -0.4 8.3 51.2 56.9 54 42.9 43.7 49.2 79 84.8 87.1 119.6 118.9 120.5 130.7 147.1 143.9 139.4 145.2 129.9 121.2 132.4 159.2 151.4 139.3 158.3 171.6 164.7 180.3 186.6 194.1 214 222.1 224.2 222.2 208.7 194.7 171.8 161.5 170.6 165.6 159.3 159.6 158.8 153.4 147 153.8 162.9 146.6 148.9 168.2 189 177.1 158 156 142.1 133.2 117.8 101.4 97.4 102.5
-0.4 -0.4 -0.4 -0.4 -0.4 -0.4 -0.4 -0.4 -0.4 -0.4 -0.4 -0.4 -0.4 -0.4 -0.4 -0.4 -0.4 -0.4 -0.4 -0.4 -0.4 -0.4 -0.4 -0.4 -0.4 25.6 50.5 57.9 42.5 43.7 43.5 70.7 81.2 75.8 90.9 121.4 110.4 118.7 139.7 140.4 138.7 144.8 142.2 124.9 117.5 142.4 159.7 138 138.6 164.5 166.3 169.2 180.3 180.7 207.5 223.8 227.2 235.8 224.7 210.9 189.5 166.4 159.5 166 160.9 158.5 159.7 156.6 151.3 148.2 151.4 155.2 146.4 149.6 189 187.1 167 152.8 139.4 125.4 122.9 104.7 93.1 96.2 104.9
-0.4 -0.4 -0.4 -0.4 -0.4 -0.4 -0.4 -0.4 -0.4 -0.4 -0.4 -0.4 -0.4 -0.4 -0.4 -0.4 -0.4 -0.4 -0.4 -0.4 -0.4 -0.4 -0.4 -0.4 -0.4 29.8 42.1 42.6 41.6 41.6 58.4 82 68.9 74.8 106.7 114.6 110.8 123.1 137.4 132.4 133.9 155.5 132.9 118.9 117.1 147.3 147.4 137.1 150.3 167.7 161.2 173.4 175.1 186.8 225.5 239.3 240.1 239 220 206.5 182.4 161.8 158.2 162.6 157.7 165.3 159.6 158.1 149.9 147.3 154.5 147.5 145.8 168.9 184.4 176.9 161.5 143.3 125.2 113.5 106 95.2 90.7 97.8 125.6
-0.4 -0.4 -0.4 -0.4 -0.4 -0.4 -0.4 -0.4 -0.4 -0.4 -0.4 -0.4 -0.4 -0.4 -0.4 -0.4 -0.4 -0.4 -0.4 -0.4 -0.4 -0.4 -0.4 -0.4 27.4 29.4 32.7 39 38.8 54 78.6 67.6 66.9 82.1 116.4 104.7 112.2 133.9 130.6 127.2 139.4 145.6 131.4 117 127.8 151.3 136.4 136.3 162.1 161.5 161.9 173.3 181.9 207.2 240 243.2 239.5 232.3 215.9 199.3 177.2 159.4 164.5 158 164.3 162.5 161.6 160.5 154.4 147.8 144.1 143.8 148.5 183 182.9 167.9 153.1 129.6 112.2 102 92.8 85.1 93.8 106.8 127.1
-0.4 -0.4 -0.4 -0.4 -0.4 -0.4 -0.4 -0.4 -0.4 -0.4 -0.4 -0.4 -0.4 -0.4 -0.4 -0.4 -0.4 -0.4 -0.4 -0.4 -0.4 -0.4 -0.4 31.1 29.7 25 32.3 37.2 57.9 76.4 69.1 64.3 69.7 93.2 110.7 99.1 113.9 134.2 124.9 131.6 144.7 132.1 115.7 117.5 136.4 144 135.5 152 165.4 159.9 168.3 189.1 193.5 221.9 236.6 240 238.1 223 207.4 189.5 169.8 158 161.3 156.3 169.7 158.8 161.5 160.3 153 138.7 142.3 147.6 161.4 182 174.4 156.1 138.7 115.3 103.2 90.1 80.9 83.9 93.1 116.8 114.7
-0.4 -0.4 -0.4 -0.4 -0.4 -0.4 -0.4 -0.4 -0.4 -0.4 -0.4 -0.4 -0.4 -0.4 -0.4 -0.4 -0.4 -0.4 -0.4 -0.4 -0.4 -0.4 7.2 24.2 19.3 25.4 31.6 48.9 59.8 71.4 63.3 63.9 77 103.7 97 99.9 121.8 124.7 125.2 144.6 136 120.7 112.1 133.1 147.7 135.2 134.8 156.8 159.3 163 187.1 192.1 213.1 229.6 228.8 240.5 224.6 213 199.8 177.9 159.2 158.3 158 156.7 157.5 158.9 159.2 158.5 142.8 132.8 143.5 153.5 177.6 177 162.6 141.1 125 109.6 97.5 82.6 73.2 82.2 95.6 120 107.5
-0.4 -0.4 -0.4 -0.4 -0.4 -0.4 -0.4 -0.4 -0.4 -0.4 -0.4 -0.4 -0.4 -0.4 -0.4 -0.4 -0.4 -0.4 -0.4 -0.4 -0.4 -0.4 6.9 16.3 17.8 24.4 47.3 72.6 66.6 59.5 60.8 63.3 85.5 100.3 90.6 104.9 119.2 119.3 131.2 151.1 119.4 108.1 121.8 140.1 138.2 134.2 151 157.9 159.3 174.2 196.8 206.2 219.5 225.8 221.1 225.5 216.3 201.5 187.1 169 157.7 158.4 155.2 162.2 155.6 157.2 154.7 153.1 133.5 130.6 147.7 162.1 175.5 171.4 154.5 130.2 113 104.4 98.1 78.7 70.3 77.5 94.2 109.4 93.6
-0.4 -0.4 -0.4 -0.4 -0.4 -0.4 -0.4 -0.4 -0.4 -0.4 -0.4 -0.4 -0.4 -0.4 -0.4 -0.4 -0.4 -0.4 -0.4 -0.4 -0.4 -0.4 12.7 15.7 25.1 42.2 65.2 65.1 60 60.3 60.8 63.9 80.9 83.3 90.3 109 115.2 122.4 141.2 126.2 111.1 106.4 130.8 144.7 133.1 142.2 154.9 158.9 172.1 194 200 206.9 231.6 221.7 211.3 212.4 203 191.5 178 161.4 158.7 155.9 160.8 162.3 155 152.9 147.3 140.6 128.5 131.7 146.4 166 175.2 165.1 144.5 121.8 105.4 97 91.4 74.6 64.9 72.7 94.8 90.6 83.8
-0.4 -0.4 -0.4 -0.4 -0.4 -0.4 -0.4 -0.4 -0.4 -0.4 -0.4 -0.4 -0.4 -0.4 -0.4 -0.4 -0.4 -0.4 -0.4 -0.4 -0.4 8.5 13.4 20.9 46.1 74 62.1 57.3 59 61 62.8 81.6 92.6 88.4 92.2 95.9 112.3 123.4 130.5 115.9 105.6 116.6 133.6 136.3 133 152.1 157.8 164.3 186.1 200.5 214 223.2 229 221 213.4 203.4 191.8 181.8 169.6 162.4 162.3 154.1 162.7 155.7 153.7 147.3 139.2 130.3 122.9 132.2 151.2 174.3 166.3 144.2 126.1 105.5 98.4 91.8 86.1 61.3 60.6 66.7 84.2 71 88.8
-0.4 -0.4 -0.4 -0.4 -0.4 -0.4 -0.4 -0.4 -0.4 -0.4 -0.4 -0.4 -0.4 -0.4 -0.4 -0.4 -0.4 -0.4 -0.4 -0.4 -0.4 8.8 15 50.4 72.6 62 55.7 57.3 62.1 70.6 81 99 93.5 90.6 92.8 102.6 109.4 118.9 118.8 105.4 105.5 125.3 141.2 132.8 139.6 151.6 162.5 182.5 217.3 214.8 228.8 239.6 225.3 217.3 210.5 196.9 184.5 175.4 161.7 164.2 161.8 156.6 161.8 152.8 150.2 140.5 129.3 122.8 119.6 133.3 155.9 171 145.8 125.2 107.8 90.1 86.1 82.3 77.3 59.7 59.5 59.8 62.1 77.2 110.7
-0.4 -0.4 -0.4 -0.4 -0.4 -0.4 -0.4 -0.4 -0.4 -0.4 -0.4 -0.4 -0.4 -0.4 -0.4 -0.4 -0.4 -0.4 -0.4 -0.4 3.9 7.4 39.1 67.2 58.1 53.7 60.9 57 80.2 82.2 102.7 106.3 107.7 101.4 94.7 105.7 114.6 117.3 106.7 104.5 115.5 126 132.8 136.3 153.6 168.9 177 221 225.2 224 246.2 247.6 233.7 216.3 210.2 186.3 179.3 168.4 158.5 161.9 152.5 159.9 151.4 147.8 140 127.8 119.6 114 119.4 136.5 158.8 155.9 129.6 105.1 87.4 82.4 74.2 63 61.1 58.6 58.7 59 66.4 85.3 114.4
-0.4 -0.4 -0.4 -0.4 -0.4 -0.4 -0.4 -0.4 -0.4 -0.4 -0.4 -0.4 -0.4 -0.4 -0.4 -0.4 -0.4 -0.4 -0.4 7.1 6 23.4 55.8 58.5 49.6 55.6 65.2 80.7 83.3 99.9 115.5 112.9 122 117.9 112.3 111.3 124.2 116.3 103.8 109.3 123.3 135.4 136.6 157 166.4 174.9 206.4 230 226.9 235.9 256.7 252 236.9 216.4 210.2 188.3 169.6 159.6 153.6 152.8 149.8 155.6 141 141.3 131.4 116.9 115 104.5 120.9 138.8 158.6 138.1 112.1 91.8 78 66.1 62.6 61.5 59.8 57.1 57.4 61 71.6 104.2 101.1
-0.4 -0.4 -0.4 -0.4 -0.4 -0.4 -0.4 -0.4 -0.4 -0.4 -0.4 -0.4 -0.4 8.1 -0.4 -0.4 -0.4 -0.4 -0.4 10.2 13.9 52.2 54 47.6 47.9 57.2 75 87.6 96.5 109.6 114.1 127 127.4 121.3 113.1 122.6 125 108 101.3 121.4 148.4 142.6 154.7 169.8 174.7 195.7 208.2 226.8 229.5 259.1 251.9 245.4 229.6 216.1 200.7 180.9 162 150.9 147.5 150.8 152.1 142.7 135.5 133.3 125.1 112.6 105 102.6 122.2 137.8 140 117.3 98.4 85.7 70.2 62.8 60.9 60.4 56.8 58.8 62.8 62.1 76.6 98.7 96.1
-0.4 -0.4 -0.4 -0.4 -0.4 -0.4 -0.4 -0.4 -0.4 -0.4 -0.4 -0.4 2.9 5.6 -0.4 -0.4 -0.4 -0.4 -0.4 26.3 38.1 55 53 45.7 53.5 73.5 86.2 95.2 106.4 114.5 124.7 134.3 125.3 116.9 120.7 126.1 119.4 100.7 111.6 141.7 137.3 156.8 172.8 176.2 201.7 219.3 222 221.3 234.4 253.9 245.9 236.2 221 214.7 194.6 173.7 154.5 139.5 148.5 146.6 147.4 137.1 129.5 124.9 109.2 107.6 98.1 100.5 116.7 122.2 118.8 104.1 88.1 75.7 64.4 57 54.9 56.3 60.7 70.3 64 64.2 93.8 92.9 96.6
-0.4 -0.4 -0.4 -0.4 -0.4 -0.4 -0.4 -0.4 -0.4 -0.4 -0.4 -0.4 10.6 -0.4 -0.4 -0.4 -0.4 -0.4 15.6 43.3 48.7 43.3 44.1 57.6 75.6 85.2 90.9 108.2 113.5 123.3 134.5 129.6 123.3 117.6 133.1 122.9 102 96.8 121.5 142.6 139.6 171.3 175.6 191.6 224.7 227.8 227.1 227 249.3 250.1 237.4 223.8 208.6 198.4 184.4 165 148.2 136.8 149.3 149.4 136.7 126.7 122 114.1 104.4 101.5 89.2 94.8 110.3 106 100 89.3 82.1 66.9 57.3 54.6 58 66.4 79.7 75 63.9 70.9 94.1 81.8 87
-0.4 -0.4 -0.4 -0.4 -0.4 -0.4 -0.4 -0.4 -0.4 -0.4 -0.4 6.3 13.7 -0.4 -0.4 -0.4 -0.4 13.9 31.9 41.4 40.2 43 56 71.3 86.7 89.9 101.3 114.3 115.9 133.4 133.4 122.7 116.6 124.6 128.2 107.8 96.1 103.9 132.6 135.2 149.6 169.9 179.4 221.6 231.1 225.4 225 229 256.4 247.1 228.5 212.6 198.6 190.5 174 155.4 139.9 134.7 144.1 142.2 129.9 120.8 110.4 101.4 96.7 94.2 78.2 85 88.7 88.4 85.7 87.8 74.1 68.1 56.9 53.9 59.9 97 79.5 70.7 63.5 83.5 89.5 82.7 83.7
-0.4 -0.4 -0.4 -0.4 -0.4 -0.4 -0.4 -0.4 -0.4 5.9 5.2 8.4 2.2 -0.4 -0.4 -0.4 7.7 26.1 47.3 40.2 40.2 48.7 62.2 79.4 87.4 98.4 108.1 114.8 124.4 131.6 125.6 115 116 125.2 123.3 97.2 94.5 108.6 134.1 132.1 152.7 166.4 204.8 234 226.4 225.9 225.1 240.1 253.2 244.2 222.9 204.6 190.4 180.3 160.4 147.1 137.9 132.2 145.8 130.2 128.5 112 100 95.4 88.1 82.5 68.2 73.6 71.3 73.3 74.6 74.8 69.2 63.5 51.7 55.4 76.2 88 72.3 63 65.1 88.5 80.6 78.3 75
-0.4 -0.4 -0.4 -0.4 -0.4 -0.4 -0.4 -0.4 -0.4 5 6.1 16.2 1.1 0.3 -0.4 1 20.6 43 45.8 41.1 40.2 52.7 63.7 79.2 93.3 109.1 109.4 116.4 124.9 122 117.1 118 114.7 122.4 107.9 93.9 95.1 109.4 126.7 139.4 154.7 182.5 220 226.4 226.1 225.9 227.5 263.9 250.4 236.6 215.6 197.7 185.2 172 149.2 136.1 129.9 128.9 134 118.6 115.1 96.3 90.8 86.8 79.6 66.6 62.2 52.7 55.5 65.8 65.3 72.5 61.1 48.8 50.1 62.8 88.9 74.3 61.6 55.3 63.3 80.5 68.1 72.3 66
-0.4 -0.4 -0.4 -0.4 -0.4 -0.4 -0.4 -0.4 7.2 7.3 17.2 13.5 1.3 1.2 1.1 9.8 36 53.8 42 40.2 40.2 58.6 79.9 85.7 106.5 109.7 110.3 121 123 115.7 112.9 118.1 113.8 111.6 94.6 99.7 98 118 130.8 145.5 167.3 206.1 227.3 226.6 225.9 226.6 241.3 255.5 242.1 224.1 208.2 190 175.9 157.2 140.4 131.4 120.8 126.1 124.2 116.4 99.6 88 82.7 75.6 70.3 58.8 54.9 39.8 49 54.1 62.9 58.6 43.5 44.5 52.3 77.3 84 62.9 51.7 52.1 69.1 71.4 64.7 64.9 59.2
-0.4 -0.4 -0.4 -0.4 -0.4 -0.4 -0.4 7.1 9 16 17.9 7.1 3.4 1.3 1.5 22.1 55.1 49 41.5 40.2 40.2 75.9 91.1 104.3 109.4 111.7 116.8 123.6 119 114.3 115.1 107.1 109.8 96.8 90.8 98.8 99 120.1 145.7 152.3 192.6 212.4 224.5 225.2 226 233.8 254.8 246 234 210 197.5 183.3 165.4 145.3 130.7 126.5 110.2 118.7 114.7 106.8 80 74.5 73.7 68.4 64 51.9 45.3 35.4 46.5 51.7 40.5 35.7 34.9 41.7 61.3 82 67.8 54.1 50.6 51.6 70.8 61.7 59.8 58.1 57.5
-0.4 -0.4 -0.4 -0.4 -0.4 -0.4 6.4 15.8 16.6 19.7 14.6 9.5 3.8 2.3 9.1 29.9 50.3 44.3 42.2 41.8 51 87.9 103.2 111.9 109.6 112.5 122.2 117.9 113.1 113.6 105.1 103 97.2 85.2 90.5 89.3 106 126.8 143.2 170.3 200.3 221.7 223.5 225.2 227.5 257 254.3 232.3 212 197.6 186.9 175.2 149.3 133.1 121 112.8 103.1 106.9 100.9 92.3 72.3 67.1 65.5 63.8 49.5 42.7 36.1 37 38.8 33.9 25.9 23.3 28.7 43.3 66 75 53.7 50 49.7 54.1 65.4 59.4 58.3 58.4 60.9
-0.4 -0.4 -0.4 -0.4 -0.4 -0.4 -0.4 20.4 21.7 17.3 13.4 12.2 4.5 6.3 19.3 34.5 46.5 44.1 47.5 45.5 70.6 97.1 115.3 112.8 111.4 120.4 120.9 117.7 113.8 107.6 96.8 90.3 85.4 82.7 86.8 86.8 113.9 136.8 149 183.6 209.2 222.3 224.1 225.5 243.4 251.4 241.8 214.4 200.2 189.7 175.3 158.7 132.8 119.9 114.3 99 92.8 89.5 83.9 77.7 64.7 62.5 60.3 55.5 43.2 36.6 33.4 34.1 30.7 22 17.4 21.9 32.2 50.7 67.2 62.8 47.3 47.8 48.2 60.8 60.5 63.3 58.7 63.8 53.9
-0.4 -0.4 -0.4 -0.4 -0.4 -0.4 -0.4 21.5 21.8 16.8 16.4 8.5 6.6 12.6 26.3 51.7 47 46.1 58.2 52.8 85.7 103.2 120.2 111.2 111.3 122.4 115.9 107.4 108.3 101.4 87 83.6 75.4 85.6 80.4 93.6 118.9 134.9 163.7 204.2 226.2 223.8 224.3 225.7 252.4 245.8 226.6 204.2 185.4 175.7 163.5 139.6 120.3 109 100.8 86.6 89.8 71.1 70.5 69.3 57.5 57.2 56.5 40.2 33.1 32.6 32.6 21.9 21 14.4 18.3 24.2 31.2 53.3 63.2 47 45.2 46 47.3 56.1 64.6 61.5 67.4 60.8 55.4
-0.4 -0.4 -0.4 -0.4 -0.4 -0.4 3.8 20.3 17.9 11.6 11.2 6.1 9.6 21 38.7 48.5 48.5 67 69.5 61 100.1 103.2 111.3 110.2 111.1 115.7 110.6 105.3 105 94 81.5 74.6 73.7 75.1 77.8 99.9 126.7 147.3 185.9 215.2 223.5 222 224.9 226 247.2 230.8 206.6 190.4 173.6 167.8 148.4 124.2 111 100 83.4 87.5 74 59.6 59.2 55.6 55.4 51.9 51.7 27 26.2 21.3 22.1 10.8 8.6 14.5 20.1 25 38.6 55.9 52.3 45 45.5 45.4 51.4 66.6 67.4 61.3 62 55.7 53.6
-0.4 -0.4 -0.4 -0.4 -0.4 5.7 8.4 18.6 8.5 8.3 5.9 9.9 17.1 28.7 59.8 55.5 50 68.8 75.7 78.1 106 104.4 107.5 107.9 108.9 115.3 104.7 104.6 97.8 93.6 75 71.2 71.7 73.6 88 115.9 132.8 170 198.7 222.2 223.5 220.2 224.3 225.4 229.9 207.2 191.6 176.9 166.2 152.8 136.7 116.3 105.2 86.8 80.1 81.7 60.6 53.1 48.2 50.6 51.7 46.6 37.8 18.6 19.7 12.6 11 6.3 9.7 17 19 30.8 56.6 60.2 45.1 45.5 45.7 46.6 67 78.7 63.6 63.2 59.9 53 55.6
-0.4 -0.4 -0.4 -0.4 5.1 14.5 11.6 7.7 6.5 6.5 6.5 16.5 21.9 42 69.1 55.5 62.2 71.2 74.6 103.5 109.8 110.4 106.4 105.7 110.5 109.2 103.2 101.3 95.3 82.7 70.7 70.9 71.6 73.5 103.4 123 151 185.9 209 216.2 219.2 221 218.3 217.7 206.2 187.3 177.1 159.5 154.3 143.5 124.5 108.9 90.6 76.4 77.8 68.3 53.3 49.2 41.6 43.8 43.4 38.6 24.2 9.9 8.7 6.2 6.4 5.8 12.2 15.8 19.4 47 60.9 53.4 45.7 47.1 46.8 64.1 85.2 80.5 64.6 58.1 53.8 60.1 56.9
-0.4 -0.4 1.3 4.1 9.1 20 14.2 7.8 7 6.8 10.4 20.1 29.3 63.8 63.5 55.7 65.7 77.9 86.7 111.9 111.3 111.2 105.7 105.1 105.9 103.1 101.5 91.8 88.7 71.4 70.3 70.3 71.3 86.7 116.8 127.8 162.4 195.7 204 212.7 215.7 214.4 210.3 200.2 190.2 177.9 158.9 153.1 139.3 129.4 116.1 96.9 76.1 72.4 67.9 57.5 48.6 45.7 37.1 35.1 33.9 31.6 7.9 6.1 5 4.5 4.7 7.8 13.5 14.1 31.3 60.2 60.1 45 46.4 47.6 53.5 83 97.3 86 68.5 53.8 55.4 56.8 52.3
