Assets/StreamingAssets/GeoData/Data/nr/NR84.asc
ncols 200
nrows 200
xllcorner 180000
yllcorner 640000
cellsize 50
[rows 37 to 73 of 200, columns 0 to 82 of 200]
226.8 226.3 227.6 229.4 227.9 225.9 217.7 212.8 208.8 202.6 196.3 193 188.1 183.6 181.2 172.6 165.7 158.5 154.2 147.4 143.4 137.7 139.1 140.4 137.9 131.6 126 120.5 114.8 110.4 106.8 102.4 90.2 93 91 87.6 79.2 77.7 67.2 67.3 67.8 63.8 60 51.8 41.7 37.2 38.7 35.3 31.1 25.5 21.4 17.3 11.9 7.2 -1.1 -1.1 -1.1 -1.1 -1.1 -1.1 -1.1 -1.1 -1.1 -1.1 -1.1 -1.1 -1.1 -1.1 -1.1 -1.1 -1.1 -1.1 -1.1 -1.1 -1.1 -1.1 -1.1 -1.1 -1.1 -1.1 -1.1 -1.1 -1.1
227.2 226.7 227 226.9 226 222.9 217.5 213.8 209.9 206 200.9 196.2 191.7 186.5 179.8 172.9 165.9 159.2 155.9 153.6 148.8 142.1 132 134 134 128.6 122.7 117.1 111 106 102.2 95.9 97.2 96.4 95.3 92.2 87.7 85.9 73.1 68.7 68.7 66 61.1 50 45.1 38.2 31.6 30 26.9 23.6 19.4 15.4 5.9 -1.1 -1.1 -1.1 -1.1 -1.1 -1.1 -1.1 -1.1 -1.1 -1.1 -1.1 -1.1 -1.1 -1.1 -1.1 -1.1 -1.1 -1.1 -1.1 -1.1 -1.1 -1.1 -1.1 -1.1 -1.1 -1.1 -1.1 -1.1 -1.1 -1.1
227.5 226.7 225.8 224.9 222.8 220.6 217.1 214.9 211.1 208.5 203.2 196.7 191.3 185 179.1 172.5 165.8 158.6 155.6 155.2 150.4 143.9 135 126.1 125.5 122.3 115.9 108.8 108 105.2 100 105 101.1 98.8 98.1 97.3 94.1 88.6 76.4 71.3 70.5 67.4 64.8 58.1 48.2 37.5 25.1 25.3 23.1 20 16.5 10.5 4.3 -1.1 -1.1 -1.1 -1.1 -1.1 -1.1 -1.1 -1.1 -1.1 -1.1 -1.1 -1.1 -1.1 -1.1 -1.1 -1.1 -1.1 -1.1 -1.1 -1.1 -1.1 -1.1 -1.1 -1.1 -1.1 -1.1 -1.1 -1.1 -1.1 -1.1
229 226.1 224.4 221.5 217.6 216.9 216.3 214.5 212.3 208.4 203.4 196.6 189.7 183.1 175.7 169.2 163.4 156.2 152.2 150.5 148.7 142.7 133.2 129.9 126.9 125 121.2 116.9 114.5 112.4 113.3 110.3 105 101.1 100 98.6 95.7 90.8 78.9 73.4 72.8 73.4 69.1 60.8 47.7 39 28.2 17.3 19.3 16.4 11.9 6 1.1 -1.1 -1.1 -1.1 -1.1 -1.1 -1.1 -1.1 -1.1 -1.1 -1.1 -1.1 -1.1 -1.1 -1.1 -1.1 -1.1 -1.1 -1.1 -1.1 -1.1 -1.1 -1.1 -1.1 -1.1 -1.1 -1.1 -1.1 -1.1 -1.1 -1.1
225.6 222.4 218.6 216 213.9 213.6 213.4 213.2 211.6 207.8 201.7 194.2 186.8 178.6 171.3 165.4 159.6 153.6 150.6 148 145.3 139.9 137.4 135.9 133.4 130.2 127.3 122.3 119.3 117.9 116.7 111.5 107.2 103.1 101.1 98.9 96.2 91 82.7 77.2 76.5 76.1 71.6 57.1 47.7 38.5 25 13.2 13.4 12 7.6 4.2 0.9 -1.1 -1.1 -1.1 -1.1 -1.1 -1.1 -1.1 -1.1 -1.1 -1.1 -1.1 -1.1 -1.1 -1.1 -1.1 -1.1 -1.1 -1.1 -1.1 -1.1 -1.1 -1.1 -1.1 -1.1 -1.1 -1.1 -1.1 -1.1 -1.1 -1.1
221 215.3 212.7 210.2 210.4 210.7 210.6 211.2 210.1 206.4 198.4 187.8 180 169 166.3 163.1 157.2 151.5 147.3 143.9 142.6 140 140.2 138.5 135.9 133.5 132.3 125.5 122.6 121 119 114.5 107.9 109.3 102.1 99.9 97.6 90.8 85 79.7 79.6 77.7 69.1 60.2 45.9 33 19.7 13.5 9.6 7.5 5.4 2.5 -1.1 -1.1 -1.1 -1.1 -1.1 -1.1 -1.1 -1.1 -1.1 -1.1 -1.1 -1.1 -1.1 -1.1 -1.1 -1.1 -1.1 -1.1 -1.1 -1.1 -1.1 -1.1 -1.1 -1.1 -1.1 -1.1 -1.1 -1.1 -1.1 -1.1 -1.1
219.2 210.2 207.2 204.6 204.3 204 204.3 204.4 202.7 196.8 184 176.3 165 159.8 159.8 158.9 155.4 149.9 145 146.3 147.1 143.8 142.1 140.6 141.4 139.5 134.7 128.1 125.1 123.1 121.1 116.9 113.9 115.1 108.5 101.8 98.4 93.7 89.2 83.5 81.1 78.3 73.2 59.2 47.4 36.5 17.8 13.4 10.1 5.1 2.3 0.8 -1.1 -1.1 -1.1 -1.1 -1.1 -1.1 -1.1 -1.1 -1.1 -1.1 -1.1 -1.1 -1.1 -1.1 -1.1 -1.1 -1.1 -1.1 -1.1 -1.1 -1.1 -1.1 -1.1 -1.1 -1.1 -1.1 -1.1 -1.1 -1.1 -1.1 -1.1
214.5 208.5 202.8 199.9 197.3 196.6 196.6 192.8 188.1 178.6 168.4 161.4 159.5 157.7 155.3 154 150 146.8 146.5 147.4 149 146.8 147.9 147.3 143.6 141.6 136.8 130.7 125.2 123 120.6 120.4 119.7 119.4 114 102.4 99.2 95.8 92.5 87.7 81.7 79.3 71.7 63.6 49.8 29.6 22 16.1 8.2 4 0.9 -1.1 -1.1 -1.1 -1.1 -1.1 -1.1 -1.1 -1.1 -1.1 -1.1 -1.1 -1.1 -1.1 -1.1 -1.1 -1.1 -1.1 -1.1 -1.1 -1.1 -1.1 -1.1 -1.1 -1.1 -1.1 -1.1 -1.1 -1.1 -1.1 -1.1 -1.1 -1.1
210.6 207.5 199 196.2 193 190.6 189.2 184.8 179.5 169 164.4 164.5 165.6 162.8 162.1 160 154.6 152.3 150.3 150.8 150.2 155.2 154.9 150.9 147.1 143 137.7 135.9 128.4 123.8 123.4 122.5 121.6 120.7 114.3 103.6 100.8 97.9 93.7 89.6 81.5 77.7 74 67.6 51.9 31.7 26.7 19.2 6.1 1.9 -1.1 -1.1 -1.1 -1.1 -1.1 -1.1 -1.1 -1.1 -1.1 -1.1 -1.1 -1.1 -1.1 -1.1 -1.1 -1.1 -1.1 -1.1 -1.1 -1.1 -1.1 -1.1 -1.1 -1.1 -1.1 -1.1 -1.1 -1.1 -1.1 -1.1 -1.1 -1.1 -1.1
204.4 199.6 195 193.5 191.8 190.3 188.8 183.6 176.8 170.4 170 170.3 170.8 168.6 168.2 164.6 161 158.1 154 152.4 157.2 159.7 159.5 155.1 148.7 144.3 143.6 137.2 127 125.4 124.2 122.4 121.7 119.5 114.8 107.9 103.4 99.1 94.9 92.9 81.5 76.9 75 66.6 50.9 37.7 27.2 20 6.2 1.6 -1.1 -1.1 -1.1 -1.1 -1.1 -1.1 -1.1 -1.1 -1.1 -1.1 -1.1 -1.1 -1.1 -1.1 -1.1 -1.1 -1.1 -1.1 -1.1 -1.1 -1.1 -1.1 -1.1 -1.1 -1.1 -1.1 -1.1 -1.1 -1.1 -1.1 -1.1 -1.1 -1.1
196.6 197.1 194.6 192.8 191.5 190 188.5 182.5 180.7 174.9 175.3 173.8 173.4 170.6 170.2 168.2 164.9 162.1 159.1 156.3 158.4 160.3 160.6 157.5 150.9 145.8 142.4 134.4 127.1 125.9 124.8 122.1 121.6 121.2 119.7 117.4 103.3 100.2 96.1 96 87 78.9 77.2 71.7 60.1 45.3 26.8 18.3 6.3 0.9 -1.1 -1.1 -1.1 -1.1 -1.1 -1.1 -1.1 -1.1 -1.1 -1.1 -1.1 -1.1 -1.1 -1.1 -1.1 -1.1 -1.1 -1.1 -1.1 -1.1 -1.1 -1.1 -1.1 -1.1 -1.1 -1.1 -1.1 -1.1 -1.1 -1.1 -1.1 -1.1 -1.1
193 193.3 194.1 192.4 191.1 189.7 188.6 187.2 185.7 187.4 187.4 181.3 174.5 173.4 172.7 170 165.8 165.8 164.4 161 159.7 162.6 162.7 157.6 150 147.4 143.3 132.9 130.2 128 126.6 120.2 120.1 122 124.1 116.3 103 99.1 97.1 97.8 95.1 85.1 81 77 60.8 48.9 27.3 17.3 5.4 -1.1 -1.1 -1.1 -1.1 -1.1 -1.1 -1.1 -1.1 -1.1 -1.1 -1.1 -1.1 -1.1 -1.1 -1.1 -1.1 -1.1 -1.1 -1.1 -1.1 -1.1 -1.1 -1.1 -1.1 -1.1 -1.1 -1.1 -1.1 -1.1 -1.1 -1.1 -1.1 -1.1 -1.1
190.9 191.5 192.2 192.6 192 192.7 191.3 190.2 195.6 197.3 194.5 188.1 179 173.8 172.4 168.7 169.5 169.4 167.5 164.7 162.6 168.1 165.4 155.2 150.6 147.5 142.5 139.3 138.5 139.5 132.9 123.5 118 122 120.6 112 101.3 97.1 95.3 96.1 94.5 86.1 83.7 74.3 61.7 50 27.6 13.5 3.6 -1.1 -1.1 -1.1 -1.1 -1.1 -1.1 -1.1 -1.1 -1.1 -1.1 -1.1 -1.1 -1.1 -1.1 -1.1 -1.1 -1.1 -1.1 -1.1 -1.1 -1.1 -1.1 -1.1 -1.1 -1.1 -1.1 -1.1 -1.1 -1.1 -1.1 -1.1 -1.1 -1.1 -1.1
188.3 189.2 190.3 191 194.6 192.9 191.7 192.2 199.6 198.8 194.8 190.3 181.8 173 172.4 174.3 174 173.5 171.3 167.8 166.5 166.6 163.6 157.9 152.9 148.5 145.5 143.7 144.8 141.2 130.8 120.9 116.3 116.4 114 104.8 98.3 95.2 93.7 93.2 90.6 85.8 80.5 70.7 59.9 48.8 25.9 7 2.3 -1.1 -1.1 -1.1 -1.1 -1.1 -1.1 -1.1 -1.1 -1.1 -1.1 -1.1 -1.1 -1.1 -1.1 -1.1 -1.1 -1.1 -1.1 -1.1 -1.1 -1.1 -1.1 -1.1 -1.1 -1.1 -1.1 -1.1 -1.1 -1.1 -1.1 -1.1 -1.1 -1.1 -1.1
184.7 186.4 187.3 189.8 190.8 192.5 190.2 188.3 192.6 196.4 194.1 185.2 175.8 174.3 175.3 177.9 178.4 177.2 174.4 171 165.8 162.9 160.2 157.4 156.2 153.5 149.5 152.1 142.7 136.9 127.1 118.8 113.6 112 106.5 101.2 96.2 93 91 89.5 86.6 82.3 75.2 66.5 56.3 44.6 23.7 7.4 2.9 -1.1 -1.1 -1.1 -1.1 -1.1 -1.1 -1.1 -1.1 -1.1 -1.1 -1.1 -1.1 -1.1 -1.1 -1.1 -1.1 -1.1 -1.1 -1.1 -1.1 -1.1 -1.1 -1.1 -1.1 -1.1 -1.1 -1.1 -1.1 -1.1 -1.1 -1.1 -1.1 -1.1 -1.1
183.3 185.2 185 186.7 186.7 189.6 189 187.6 186.7 187.3 187.1 180.9 172.6 173.6 176 178.2 179.1 177.9 176.1 169.8 164.7 161.4 160.1 162.1 159.4 158.4 158.3 159.8 145.7 133.4 123.4 116 111 108.8 104.1 100.6 95.3 91.3 86.8 84.7 84.2 76.2 68.6 61.3 51.1 38 21.6 11.9 4 -1.1 -1.1 -1.1 -1.1 -1.1 -1.1 -1.1 -1.1 -1.1 -1.1 -1.1 -1.1 -1.1 -1.1 -1.1 -1.1 -1.1 -1.1 -1.1 -1.1 -1.1 -1.1 -1.1 -1.1 -1.1 -1.1 -1.1 -1.1 -1.1 -1.1 -1.1 -1.1 -1.1 -1.1
183.3 184 183.3 183.6 185.2 188.2 189.7 187.4 183.9 182.7 179.4 171.9 170.9 171.3 174.2 177.2 177.9 177.7 173.1 171.1 167.1 161.1 160.8 161.6 161.3 164.8 166.3 160.9 149.8 131.5 123 114.2 108.8 106.2 103.6 103.8 94.8 87.9 82.6 79.3 77 70.4 63.2 55.6 45.6 31.4 21.5 11.4 4 -1.1 -1.1 -1.1 -1.1 -1.1 -1.1 -1.1 -1.1 -1.1 -1.1 -1.1 -1.1 -1.1 -1.1 -1.1 -1.1 -1.1 -1.1 -1.1 -1.1 -1.1 -1.1 -1.1 -1.1 -1.1 -1.1 -1.1 -1.1 -1.1 -1.1 -1.1 -1.1 -1.1 -1.1
190.7 187.6 185.1 181.6 184 187.4 189.4 188.3 182.7 177.5 171.4 170 169.2 168.3 171.1 174.3 175 174.1 173.7 174 170 161.2 160.8 161.4 163.2 166 163.9 159 148.1 131.6 121.2 113.4 106.6 104.3 104.4 103.2 93.4 84.2 79.1 74.7 70.7 63.8 56.8 49.4 39.7 26.5 16.8 7.2 4.1 -1.1 -1.1 -1.1 -1.1 -1.1 -1.1 -1.1 -1.1 -1.1 -1.1 -1.1 -1.1 -1.1 -1.1 -1.1 -1.1 -1.1 -1.1 -1.1 -1.1 -1.1 -1.1 -1.1 -1.1 -1.1 -1.1 -1.1 -1.1 -1.1 -1.1 -1.1 -1.1 -1.1 -1.1
192.8 189.7 187.2 181.2 181.8 186.8 188 187 184.3 174.2 169.6 167.9 166.8 165.8 166.6 169.7 169.5 169.5 170.8 169.7 164.3 161.5 161.8 162.9 166.2 164.7 160.7 152.7 142.2 129.8 120.6 113.3 107.9 103 104.3 99.2 89.9 81.2 76.5 70.4 64.6 57.9 50.9 42.2 29 18.5 12.8 3.8 1.7 -1.1 -1.1 -1.1 -1.1 -1.1 -1.1 -1.1 -1.1 -1.1 -1.1 -1.1 -1.1 -1.1 -1.1 -1.1 -1.1 -1.1 -1.1 -1.1 -1.1 -1.1 -1.1 -1.1 -1.1 -1.1 -1.1 -1.1 -1.1 -1.1 -1.1 -1.1 -1.1 -1.1 -1.1
192.4 191.9 189.5 185.2 180.2 182.8 185.2 184.8 180.8 172.3 167.1 165.7 165.4 164.7 164.7 165.2 166.2 167.1 166.8 164.6 162 161.4 161.3 166.9 167.6 162.5 156.4 147.9 137.8 130.3 122.4 113.6 105.3 101.1 101.3 93.7 86.2 79.8 71.4 65.4 58.9 52.2 45.6 35.3 27.6 21.6 9.4 2 0.1 -1.1 -1.1 -1.1 -1.1 -1.1 -1.1 -1.1 -1.1 -1.1 -1.1 -1.1 -1.1 -1.1 -1.1 -1.1 -1.1 -1.1 -1.1 -1.1 -1.1 -1.1 -1.1 -1.1 -1.1 -1.1 -1.1 -1.1 -1.1 -1.1 -1.1 -1.1 -1.1 -1.1 -1.1
190.8 191.3 190.2 184.8 179.8 177.4 178.4 179.4 175.1 167.1 162.1 163.6 163.7 163.7 163.3 164.2 165.5 165.5 165 164.5 161.7 160 159.2 164 165.9 160.7 152.5 144.4 137 129.7 119.2 110.9 105.4 99.7 96.6 88.6 81 74.2 67.5 60 53.2 46.7 39.8 32.6 27.6 18.3 5.2 2 -1.1 -1.1 -1.1 -1.1 -1.1 -1.1 -1.1 -1.1 -1.1 -1.1 -1.1 -1.1 -1.1 -1.1 -1.1 -1.1 -1.1 -1.1 -1.1 -1.1 -1.1 -1.1 -1.1 -1.1 -1.1 -1.1 -1.1 -1.1 -1.1 -1.1 -1.1 -1.1 -1.1 -1.1 -1.1
189.7 191.1 189.8 185.4 179.9 176.2 172 170.4 166 159.9 159.9 161.7 162 161.9 161.7 163.7 166.7 166.5 165.9 163.3 161.8 160.9 154.6 158.2 162.7 156.7 149.9 147.3 139.5 129.5 120.1 112.1 106 99.5 93.5 85.2 80.2 72.2 65.8 54.7 48.6 42.1 35.6 27.1 20.9 15.7 3.9 2.4 -1.1 -1.1 -1.1 -1.1 -1.1 -1.1 -1.1 -1.1 -1.1 -1.1 -1.1 -1.1 -1.1 -1.1 -1.1 -1.1 -1.1 -1.1 -1.1 -1.1 -1.1 -1.1 -1.1 -1.1 -1.1 -1.1 -1.1 -1.1 -1.1 -1.1 -1.1 -1.1 -1.1 -1.1 -1.1
188.6 189.7 190.8 186.4 179.8 173 168.9 162.5 159.1 158.3 157.9 158.7 159.8 158.8 160.6 164.6 167.4 167.2 167 166.8 164.7 159.7 150.2 152.4 156.4 152.8 149 147.7 139.2 130.3 125.4 115 106.7 99.6 93.3 89.9 80.7 69.9 60.1 51.6 44.3 37.7 31.9 27.3 19.2 7.5 4.2 -1.1 -1.1 -1.1 -1.1 -1.1 -1.1 -1.1 -1.1 -1.1 -1.1 -1.1 -1.1 -1.1 -1.1 -1.1 -1.1 -1.1 -1.1 -1.1 -1.1 -1.1 -1.1 -1.1 -1.1 -1.1 -1.1 -1.1 -1.1 -1.1 -1.1 -1.1 -1.1 -1.1 -1.1 -1.1 -1.1
186.7 188.5 190.2 188.9 183.1 174.8 167 161.3 158.3 156 156.1 156 156 157 158.6 162.4 165.9 168 167.7 167.5 165.6 158.4 147.3 148.3 149.3 149.7 149.2 145.7 138.5 136.9 131.7 122.8 109.2 100.1 99.7 94.5 84.1 69.2 58.8 50.8 42.5 37.7 29.3 21.3 16.9 11.1 4.4 -1.1 -1.1 -1.1 -1.1 -1.1 -1.1 -1.1 -1.1 -1.1 -1.1 -1.1 -1.1 -1.1 -1.1 -1.1 -1.1 -1.1 -1.1 -1.1 -1.1 -1.1 -1.1 -1.1 -1.1 -1.1 -1.1 -1.1 -1.1 -1.1 -1.1 -1.1 -1.1 -1.1 -1.1 -1.1 -1.1
184.4 186.2 187.3 186.8 183.6 176.2 168 162.8 159.1 157.2 155.4 154.3 154.3 155.4 157.5 160.2 162.3 165.6 168.2 168.3 164.4 156.6 148 143.8 144.3 147.1 150.4 144.1 143.5 140.6 133.9 126.1 112.5 102.5 104.3 96.4 87.1 70 57.8 49.1 42.8 37.9 26.7 19.4 17.4 10.3 3.5 -1.1 -1.1 -1.1 -1.1 -1.1 -1.1 -1.1 -1.1 -1.1 -1.1 -1.1 -1.1 -1.1 -1.1 -1.1 -1.1 -1.1 -1.1 -1.1 -1.1 -1.1 -1.1 -1.1 -1.1 -1.1 -1.1 -1.1 -1.1 -1.1 -1.1 -1.1 -1.1 -1.1 -1.1 -1.1 -1.1
181.5 183.2 183.2 182.8 180.4 176.1 167.6 163.9 162.6 160.7 157.2 154.9 152.9 154.1 155.5 157.7 159.7 161.9 165.9 167.1 162.6 155.7 144.1 142.3 142.8 145.7 145.5 146.3 146.9 141.8 134.7 124.9 112.6 106 106.7 97.8 86.9 71.5 57.7 49.4 44.9 37.6 26 15.1 11.7 7.4 -1.1 -1.1 -1.1 -1.1 -1.1 -1.1 -1.1 -1.1 -1.1 -1.1 -1.1 -1.1 -1.1 -1.1 -1.1 -1.1 -1.1 -1.1 -1.1 -1.1 -1.1 -1.1 -1.1 -1.1 -1.1 -1.1 -1.1 -1.1 -1.1 -1.1 -1.1 -1.1 -1.1 -1.1 -1.1 -1.1 -1.1
176.7 177.6 177.6 177.2 176.1 172.4 167.5 166.1 165 167.7 163.1 158.3 152.9 153.4 154.9 156.3 158.4 162.5 167.2 165.5 160.5 150.9 142.3 140.9 142.2 143 143.1 147 146.4 140.2 132.2 122.5 109.3 105.9 104.8 97.7 85.5 69.4 57.7 51.9 44.3 37.1 29.4 18.2 2.9 -1.1 -1.1 -1.1 -1.1 -1.1 -1.1 -1.1 -1.1 -1.1 -1.1 -1.1 -1.1 -1.1 -1.1 -1.1 -1.1 -1.1 -1.1 -1.1 -1.1 -1.1 -1.1 -1.1 -1.1 -1.1 -1.1 -1.1 -1.1 -1.1 -1.1 -1.1 -1.1 -1.1 -1.1 -1.1 -1.1 -1.1 -1.1
169.9 170.6 172.5 174.7 171.5 165.4 165.1 164.6 166.5 167.8 163 157.7 153.6 152 154.3 156.9 158 161.7 162.8 162.4 156.5 146 139.8 137.4 138.4 140 143.3 145.2 143.9 137.2 128.2 118.7 108.5 105.6 99.8 96.7 79.2 65.5 60.5 54.4 44 37.7 25.7 7.7 1.6 -1.1 -1.1 -1.1 -1.1 -1.1 -1.1 -1.1 -1.1 -1.1 -1.1 -1.1 -1.1 -1.1 -1.1 -1.1 -1.1 -1.1 -1.1 -1.1 -1.1 -1.1 -1.1 -1.1 -1.1 -1.1 -1.1 -1.1 -1.1 -1.1 -1.1 -1.1 -1.1 -1.1 -1.1 -1.1 -1.1 -1.1 -1.1
165.8 165.5 167 168.7 165.6 164.4 164.3 164.2 165 164.1 162.2 158.6 152.9 151.4 153.5 156.4 157.6 158.4 157.8 160.9 155.3 140.4 134.5 134 134.8 136.8 140.6 142.9 141.9 131.7 124.7 113.4 106.5 99.9 93.9 86 73.1 67.2 60.8 52.7 44.1 36.6 17.5 3.7 1.5 -1.1 -1.1 -1.1 -1.1 -1.1 -1.1 -1.1 -1.1 -1.1 -1.1 -1.1 -1.1 -1.1 -1.1 -1.1 -1.1 -1.1 -1.1 -1.1 -1.1 -1.1 -1.1 -1.1 -1.1 -1.1 -1.1 -1.1 -1.1 -1.1 -1.1 -1.1 -1.1 -1.1 -1.1 -1.1 -1.1 -1.1 -1.1
161.7 161.9 162.5 161.9 163.7 164.6 165 164.9 163.3 161.4 159.7 157.9 153.6 151.1 153.2 157.3 158.4 155 153.2 154.8 150.5 137.5 128.9 129.2 131.1 133.5 135.2 136.8 133.1 126.9 117.5 110.1 101.8 93.7 85.6 77.4 72.3 64.2 56.7 49.3 40.6 22 4.9 2 -1.1 -1.1 -1.1 -1.1 -1.1 -1.1 -1.1 -1.1 -1.1 -1.1 -1.1 -1.1 -1.1 -1.1 -1.1 -1.1 -1.1 -1.1 -1.1 -1.1 -1.1 -1.1 -1.1 -1.1 -1.1 -1.1 -1.1 -1.1 -1.1 -1.1 -1.1 -1.1 -1.1 -1.1 -1.1 -1.1 -1.1 -1.1 -1.1
160.7 161.4 159.9 158.8 162.1 163.1 164.2 165.2 163 160.9 159.1 157.3 155 150.6 153.9 158.5 157.7 152.6 150.4 146.1 143.4 133.6 126.1 125.4 126.7 128.4 127.7 128.1 126.2 119.4 112.1 104.5 96.6 88.5 80.6 74.5 69.6 62.1 55.3 45.5 28 11.1 3.2 -1.1 -1.1 -1.1 -1.1 -1.1 -1.1 -1.1 -1.1 -1.1 -1.1 -1.1 -1.1 -1.1 -1.1 -1.1 -1.1 -1.1 -1.1 -1.1 -1.1 -1.1 -1.1 -1.1 -1.1 -1.1 -1.1 -1.1 -1.1 -1.1 -1.1 -1.1 -1.1 -1.1 -1.1 -1.1 -1.1 -1.1 -1.1 -1.1 -1.1
158.6 159.2 157.7 155.6 159 161.2 163.1 163.7 162.6 160.4 158.6 157.8 154.4 150.8 151.9 157.2 156.6 151.9 148.2 142.5 135.4 129.4 123.7 121.9 123 121.6 120.5 119.5 116.8 111.9 105.8 98.5 91.1 83.9 76.7 70.7 65.9 57.2 50.3 39.8 20.7 6.8 3 -1.1 -1.1 -1.1 -1.1 -1.1 -1.1 -1.1 -1.1 -1.1 -1.1 -1.1 -1.1 -1.1 -1.1 -1.1 -1.1 -1.1 -1.1 -1.1 -1.1 -1.1 -1.1 -1.1 -1.1 -1.1 -1.1 -1.1 -1.1 -1.1 -1.1 -1.1 -1.1 -1.1 -1.1 -1.1 -1.1 -1.1 -1.1 -1.1 -1.1
157.2 155.8 154.8 156 158.5 161.7 163.8 163.7 162.4 159.9 159.3 159.5 154.1 150.3 151.2 156.3 158 157.4 147.7 137.7 132.7 128.6 125.6 119.8 119.4 117.7 114.4 112.7 108.3 104 98.6 92.2 85.3 77.6 71 65.6 61.7 51.9 42 30.9 20.7 17.1 5.1 1.3 -1.1 -1.1 -1.1 -1.1 -1.1 -1.1 -1.1 -1.1 -1.1 -1.1 -1.1 -1.1 -1.1 -1.1 -1.1 -1.1 -1.1 -1.1 -1.1 -1.1 -1.1 -1.1 -1.1 -1.1 -1.1 -1.1 -1.1 -1.1 -1.1 -1.1 -1.1 -1.1 -1.1 -1.1 -1.1 -1.1 -1.1 -1.1 -1.1
156 153.5 153.5 156.3 159.4 162.6 164.6 166.3 163.8 161.5 160.9 160.4 154.2 150.3 151.4 155.4 160.3 158.5 148.4 135.6 132.7 131 126.9 120.3 114.5 111.7 108.1 104.9 100.9 96.8 91.6 84.4 75 70 64.9 60.8 57 48.1 39.8 29.9 25.7 17.3 6.9 -1.1 -1.1 -1.1 -1.1 -1.1 -1.1 -1.1 -1.1 -1.1 -1.1 -1.1 -1.1 -1.1 -1.1 -1.1 -1.1 -1.1 -1.1 -1.1 -1.1 -1.1 -1.1 -1.1 -1.1 -1.1 -1.1 -1.1 -1.1 -1.1 -1.1 -1.1 -1.1 -1.1 -1.1 -1.1 -1.1 -1.1 -1.1 -1.1 -1.1
155.1 152.5 153.2 154.6 158.9 163 165.4 166.9 166.6 165 163.5 160.3 155.5 151.3 149.1 151.8 152.9 151.3 144.9 136.1 132.7 131.9 127.6 121.1 115.5 108.1 99.9 97.6 94.4 89.6 84.9 70.8 69.5 60.4 61.4 57.1 52.1 44.5 38.3 33.8 25.9 17.8 9.8 -1.1 -1.1 -1.1 -1.1 -1.1 -1.1 -1.1 -1.1 -1.1 -1.1 -1.1 -1.1 -1.1 -1.1 -1.1 -1.1 -1.1 -1.1 -1.1 -1.1 -1.1 -1.1 -1.1 -1.1 -1.1 -1.1 -1.1 -1.1 -1.1 -1.1 -1.1 -1.1 -1.1 -1.1 -1.1 -1.1 -1.1 -1.1 -1.1 -1.1
152.7 152.4 153 156 158.8 163 166.2 167.5 167.3 166.7 164.8 160.6 157.7 154.5 151.5 145.9 146.7 145.4 141.2 135.3 132.1 131.3 126.9 121.6 114.9 107.7 98.3 90.9 87.7 83.1 74.2 80.4 71.1 62.1 57.1 48.3 45.9 39.7 38.7 33.7 25.1 17 8.8 -1.1 -1.1 -1.1 -1.1 -1.1 -1.1 -1.1 -1.1 -1.1 -1.1 -1.1 -1.1 -1.1 -1.1 -1.1 -1.1 -1.1 -1.1 -1.1 -1.1 -1.1 -1.1 -1.1 -1.1 -1.1 -1.1 -1.1 -1.1 -1.1 -1.1 -1.1 -1.1 -1.1 -1.1 -1.1 -1.1 -1.1 -1.1 -1.1 -1.1
152.3 153.4 155 158.8 159.5 162.9 166.4 168.3 169.3 168.3 166.2 162.4 160.1 157.4 154.2 150.3 142.2 139.8 138.8 134.5 124.3 119.5 117.9 113.6 109.6 101.2 94.7 88.9 82.1 81.6 84.6 81.9 74.2 64.6 54.9 49.6 40.7 36.9 37.4 30.9 23.3 14.5 5.6 -1.1 -1.1 -1.1 -1.1 -1.1 -1.1 -1.1 -1.1 -1.1 -1.1 -1.1 -1.1 -1.1 -1.1 -1.1 -1.1 -1.1 -1.1 -1.1 -1.1 -1.1 -1.1 -1.1 -1.1 -1.1 -1.1 -1.1 -1.1 -1.1 -1.1 -1.1 -1.1 -1.1 -1.1 -1.1 -1.1 -1.1 -1.1 -1.1 -1.1
