Assets/StreamingAssets/GeoData/Data/nr/NR88.asc
ncols 200
nrows 200
xllcorner 180000
yllcorner 680000
cellsize 50
[rows 74 to 110 of 200, columns 83 to 165 of 200]
159.4 152.4 145.8 139.5 134.3 127.3 122.1 116.5 108.7 99.6 91.6 81 72.4 65 57.6 49.9 40.9 33.1 27.5 23 19.5 12 7.8 -1.3 -1.3 -1.3 -1.3 -1.3 -1.3 -1.3 -1.3 -1.3 -1.3 -1.3 -1.3 -1.3 -1.3 -1.3 -1.3 -1.3 -1.3 -0.8 -0.3 0.3 0.9 1.5 2.7 5.6 7.1 9.4 11.9 15 17.9 21.4 24.2 26.7 29.7 34.4 37.6 40.5 42.2 44.3 42.7 49.2 52.1 59.2 59.5 60.3 61.7 64.3 69.2 72.9 75.4 75.6 75.8 75.7 75.1 75.3 78.4 81.7 84.9 80 70.9
159.3 154 146.8 141 135.3 127.8 122.6 118.5 110.3 99.8 90.8 81 73.1 65.2 57 46.6 39 32 27.9 23.1 17.5 10 4.9 -1.3 -1.3 -1.3 -1.3 -1.3 -1.3 -1.3 -1.3 -1.3 -1.3 -1.3 -1.3 -1.3 -1.3 -1.3 -1.3 -1.3 -1.3 -0.8 -0.2 0.4 0.9 1.5 3.4 4.5 6.4 9.5 10.8 14.1 17 19.8 21.6 24.1 27.9 31.4 35.6 38.6 39.7 39.9 39.2 44.8 54.4 59.3 56.1 55.7 60.6 63.4 69 70.7 71.9 72.1 72.5 72 71.3 71.1 73 72.9 71.3 65.7 63.6
164.1 160.4 160.9 156.9 143 129.7 123.6 116 109.1 98.9 92.3 82.3 73.6 62.9 53.7 45.7 38.9 32.2 27.5 22 15.6 10.8 4.4 -1.3 -1.3 -1.3 -1.3 -1.3 -1.3 -1.3 -1.3 -1.3 -1.3 -1.3 -1.3 -1.3 -1.3 -1.3 -1.3 -1.3 -1.3 -0.8 -0.2 0.3 0.9 1.5 3.6 5.3 8.4 10.1 10.6 13.2 16 17.1 19.7 22.6 26.1 31 36.2 44.4 46 38.5 36.6 41.5 49.8 50.5 50 54 59.4 61.8 66.3 68.3 68.8 68.9 70.3 69.2 69.2 69.4 68.9 65.6 63 58.4 59.8
171.6 176.2 173.8 164.2 150.5 136.2 125.5 117.6 111 101.1 93.1 83.5 73.1 62.6 54.1 45.7 38.8 29.6 26.3 20 10 6.1 1 -1.3 -1.3 -1.3 -1.3 -1.3 -1.3 -1.3 -1.3 -1.3 -1.3 -1.3 -1.3 -1.3 -1.3 -1.3 -1.3 -1.3 -1.3 -0.8 -0.3 0.3 0.8 1.4 3.6 5.3 8.1 8.5 10.9 12.5 15.1 16 21 22.7 28.8 37.8 41.8 52.3 50.4 34.9 34.5 39.9 44.3 45.3 49.2 53.6 58.7 60.2 60.4 60.9 62.7 66.4 68.3 69.8 70.9 73.5 70.3 60.4 55.2 51.5 52.9
180.3 180.2 180.1 174.7 153.3 141.7 127.2 120.3 112 101.4 90.3 80.8 71.7 63.1 53.7 46 38.5 29.1 23.4 15.8 10 5.2 0.6 -1.3 -1.3 -1.3 -1.3 -1.3 -1.3 -1.3 -1.3 -1.3 -1.3 -1.3 -1.3 -1.3 -1.3 -1.3 -1.3 -1.3 -1.3 -0.9 -0.4 0.2 0.7 1.3 2 6 6.3 8 11.3 13 15.3 18.4 23.2 28 33.4 36.7 42.2 52 42.1 32.4 33.5 38.4 40.8 43.1 48.8 54.8 63.1 65.8 61.8 60.4 60.6 63.7 66 68.4 70.9 70 63.6 52.1 47.1 47.8 52.5
187.1 190.4 191 178.3 155.8 142.4 131.6 124 107.3 98.3 91.6 81.1 73.1 62.1 54.1 42.8 33.9 27 21.5 11.3 7 3.8 -1.3 -1.3 -1.3 -1.3 -1.3 -1.3 -1.3 -1.3 -1.3 -1.3 -1.3 -1.3 -1.3 -1.3 -1.3 -1.3 -1.3 -1.3 -1.3 -1 -0.4 0.1 0.7 1.3 2 5.1 5.7 7.5 11.8 13.5 17 22.6 26.6 35.5 32.1 35.3 38 37.6 31.8 31.5 34 36.4 41.4 44.5 52.2 62.6 70.7 70.8 67.5 60.6 60.6 62.2 63.2 67.4 69 62.6 54.9 48.2 42.7 46.1 50.2
194.2 199.6 196.1 178.9 156.6 144.5 133.3 119.4 106.3 97.3 90.4 82.2 71.8 61.7 51.6 43 32.9 26.3 19.4 10 5.5 1.6 -1.3 -1.3 -1.3 -1.3 -1.3 -1.3 -1.3 -1.3 -1.3 -1.3 -1.3 -1.3 -1.3 -1.3 -1.3 -1.3 -1.3 -1.3 -1.3 -1.3 -0.7 -0.1 0.6 1.2 1.7 4.3 7 12.6 14.3 15.5 20.2 24.8 29.2 31 31.3 33.4 33.4 31.2 30.4 30.5 35.3 42 46.9 52.1 57 64.1 69.8 69.3 66.8 61.8 60.7 61.7 61.2 63.1 62.8 54.2 50.4 42.7 40.3 45.9 52
203.1 197.9 187.3 170 159.5 146.2 130 116 107.1 99.6 90.7 81.9 72.6 61.8 46.5 39.3 33.1 24.9 17.1 10.2 5.8 1 -1.3 -1.3 -1.3 -1.3 -1.3 -1.3 -1.3 -1.3 -1.3 -1.3 -1.3 -1.3 -1.3 -1.3 -1.3 -1.3 -1.3 -1.3 -1.3 -1.3 -0.8 -0.1 0.5 1.2 2.3 6.2 12.5 13.3 16.1 17.3 20.9 25.6 30.4 30.1 30.7 33.1 31.8 30.8 29.7 32.1 39.4 43.8 51.6 57 59.5 61.3 62.6 63.8 62.2 60.7 59.9 55.5 53.4 53.6 51.1 43.5 42 38.3 39.7 48.8 53.4
199.9 191.8 181.9 171.4 158.7 143.2 125.9 115.8 108.3 99.3 89.8 80.7 70.2 58.5 49.1 37.8 31.6 22.3 14.6 10.8 4.7 -1.3 -1.3 -1.3 -1.3 -1.3 -1.3 -1.3 -1.3 -1.3 -1.3 -1.3 -1.3 -1.3 -1.3 -1.3 -1.3 -1.3 -1.3 -1.3 -1.3 -1.3 -0.8 0 0.7 1.4 4.6 10 13 14 16.5 18.4 22 25.8 30.2 29.1 30.5 32 30.6 30.7 30.9 36.4 41.3 49.6 56.6 60.3 60.7 59.9 58.6 60.4 60.6 55.5 52.3 52.7 51.3 51.7 46.8 39.8 38.4 37.3 41.9 49.6 54.9
197.7 190.9 181.3 170.3 157.1 138.4 127 118 109.9 98.1 90.7 77.3 66.6 58.2 48.9 39.4 30.8 23.6 11.6 7.9 4.1 -1.3 -1.3 -1.3 -1.3 -1.3 -1.3 -1.3 -1.3 -1.3 -1.3 -1.3 -1.3 -1.3 -1.3 -1.3 -1.3 -1.3 -1.3 -1.3 -1.3 -1.3 -0.8 0.1 0.9 1.7 6 8.7 9.8 12.8 15.4 18.5 22.3 26 27.4 27.7 30.4 28.8 30.8 30.4 33.8 39.2 44.3 50.6 56.3 58.8 58.5 53.7 57.3 59 55.1 50.9 51.2 51 51 51 47.3 40.9 39.1 35.6 42.7 50.6 56.6
199.4 190.7 179.2 167.8 153.6 137.9 129 120.9 113.9 98.6 87.2 75.6 67.5 57.8 47.6 39.1 29.5 20.5 11.7 9.7 3.4 -1.3 -1.3 -1.3 -1.3 -1.3 -1.3 -1.3 -1.3 -1.3 -1.3 -1.3 -1.3 -1.3 -1.3 -1.3 -1.3 -1.3 -1.3 -1.3 -1.3 -1.3 -0.8 0.1 1 3.4 5.7 7.1 8.6 12.2 15.6 18.6 20.8 22.4 23.2 25.8 25.5 27.5 28.2 32.2 35.5 41.7 44.9 49.2 51.7 52.4 51 60.1 60.4 57.4 50.4 49.9 51.1 51 51 50.8 47.1 41.5 36.9 34.8 43.7 50.3 56.1
199.7 187.5 174.5 162.8 146.5 138.2 129.9 121.1 108 96.3 84.1 74.2 66.9 60.6 53.4 42.7 31.6 22.6 11.7 9.5 3.6 -1.3 -1.3 -1.3 -1.3 -1.3 -1.3 -1.3 -1.3 -1.3 -1.3 -1.3 -1.3 -1.3 -1.3 -1.3 -1.3 -1.3 -1.3 -1.3 -1.3 -1.3 -0.8 0.1 1 2.7 5.5 6.7 7.9 11 14.6 18 19.3 20 23.9 24.9 25.6 27 27.5 32.8 37.9 41.8 45.1 47.1 48.5 49.2 50.1 62.4 61.1 52 46.7 49.6 51 51 50.9 48.8 43.7 40.6 33.8 38.5 45.3 50.3 55.5
197.6 182.8 169.7 158.2 147.5 138.2 129.7 121.4 107.9 94 84 76.2 68.7 62.7 52.2 41.4 31.7 24.1 15.6 8.3 6.6 3.5 -1.3 -1.3 -1.3 -1.3 -1.3 -1.3 -1.3 -1.3 -1.3 -1.3 -1.3 -1.3 -1.3 -1.3 -1.3 -1.3 -1.3 -1.3 -1.3 -1.3 -0.8 0.1 1 1.7 4.6 6.4 8.3 11.2 15.2 16.6 19.4 20.1 21.7 23.1 27 25.9 27 31.5 38.4 41.9 44.6 45.7 46.4 48.5 51.6 61.2 54.2 43.6 48.5 50.9 50.9 50.9 49.3 43.7 39.3 36.1 35.2 39.2 43.8 49.8 52.1
192.3 180.9 167.8 157.6 148.6 140.4 131.6 123.2 108.6 95.2 86 78.2 70.6 60.8 50.8 42 34.4 27.1 14.6 8.3 6.3 2.5 -1.3 -1.3 -1.3 -1.3 -1.3 -1.3 -1.3 -1.3 -1.3 -1.3 -1.3 -1.3 -1.3 -1.3 -1.3 -1.3 -1.3 -1.3 -1.3 -1.3 -0.8 0.1 1 2.5 5.5 6.8 11 12.3 15.6 17.2 19.1 19 19.6 22 24.3 23.6 27.5 31.5 37.4 41.8 43.5 44 44.2 46.3 49.1 49.3 41.5 44.5 50 50.9 50.8 50.8 46.2 40.1 35.3 33 33.9 36.8 40.9 43.2 45.7
186.3 173.1 165.7 157.9 155.7 143.8 131.8 123.1 109.7 96.1 88.2 79.9 72.3 63 54.1 45.7 36.7 29.9 21.9 9 8.2 4.1 -1.3 -1.3 -1.3 -1.3 -1.3 -1.3 -1.3 -1.3 -1.3 -1.3 -1.3 -1.3 -1.3 -1.3 -1.3 -1.3 -1.3 -1.3 -1.3 -1.3 -0.7 0.1 0.9 2.1 6 8 9.4 12.3 15.2 19.5 20.3 17.5 18.1 20.1 21.2 22.7 26 30.6 36.3 40.9 42 41 41.4 42.4 40.7 38.8 40.5 44.6 49.2 50.4 50.7 50 42.1 37.7 31.3 31.4 31.9 34.1 38.3 40.2 40.6
181.7 171 167.7 163.8 154.6 143.1 133.6 123.9 108 97.1 90 83.6 73.3 63.2 54.3 46.9 37.5 30.5 21.9 9.9 8.4 4 -1.3 -1.3 -1.3 -1.3 -1.3 -1.3 -1.3 -1.3 -1.3 -1.3 -1.3 -1.3 -1.3 -1.3 -1.3 -1.3 -1.3 -1.3 -1.3 -1.3 -1.3 -0.6 0.2 1.6 5.2 7 8.4 16.4 19.8 19.9 16.7 13.2 16.8 18.5 19.2 20.7 25.5 29.3 34.5 39.6 40.9 40.7 39.4 39.4 38.3 38.8 42.5 46.9 49.8 49.6 47.2 44.4 37.1 31.6 30.4 30.7 31.3 33.1 36.5 39.4 36
178.2 172.8 172 162.5 152.7 143.2 132.8 120.9 107.7 100.8 95.3 86.9 70.7 62.4 54.1 45.5 34.3 26.6 20 14.1 7.2 6 4.9 -1.3 -1.3 -1.3 -1.3 -1.3 -1.3 -1.3 -1.3 -1.3 -1.3 -1.3 -1.3 -1.3 -1.3 -1.3 -1.3 -1.3 -1.3 -1.3 -1.3 -1.3 -0.2 1.4 3.7 6.5 10.2 17.4 17.3 18.2 12.6 13.8 15 16.6 17.5 19.8 24.3 26.9 30.7 38 40 40.2 37.4 36.5 37 40.3 47.3 49.9 48.5 45.9 42.4 38.8 32.6 35.1 31.8 31.2 31.6 32.2 34.7 33.5 30.9
177 175.4 171.6 162.1 152.1 140.9 130.1 118.2 110.9 105 97.9 85.9 71.3 62.1 53.5 45.5 31.2 26.6 21.6 19 14.4 6.6 5.5 -1.3 -1.3 -1.3 -1.3 -1.3 -1.3 -1.3 -1.3 -1.3 -1.3 -1.3 -1.3 -1.3 -1.3 -1.3 -1.3 -1.3 -1.3 -1.3 -1.3 -1.3 -1.3 1.1 3.6 6.4 11.7 15.3 16.2 10.8 11.1 12.5 14.9 15.7 16.6 19.4 24.2 27.3 32.1 35.7 37.2 36.7 36.9 38.5 38.7 41.5 48.8 49.4 45.3 41.5 37.8 32.7 30.3 39.6 34.3 35.4 44.6 42.7 34.8 30.9 29
178.8 175.2 167.5 158 148.1 136.1 127.4 119.9 112.3 105.1 94.6 83.1 69.6 62.4 53.6 46 34.5 27 22.5 17.4 11.7 6 4.8 -1.3 -1.3 -1.3 -1.3 -1.3 -1.3 -1.3 -1.3 -1.3 -1.3 -1.3 -1.3 -1.3 -1.3 -1.3 -1.3 -1.3 -1.3 -1.3 -1.3 -1.3 -1.3 0.8 4.5 7 8.8 10.1 8.4 15.7 10.9 11.1 13.2 15.3 16.6 19.2 24.3 28.2 31.2 32.6 33.8 35.2 38.1 38.7 39.2 40.8 45.6 43.7 40 37.3 31.3 26.9 32.8 34.9 38.4 41.9 42.6 37.9 34.7 29.4 28.2
176.9 173.1 166.8 156.9 143.9 132.3 126.7 119.5 111.1 103.5 92.8 77.6 70.5 62.7 54 49.4 38 25.9 20.5 14.1 8.7 4.5 5.3 -1.3 -1.3 -1.3 -1.3 -1.3 -1.3 -1.3 -1.3 -1.3 -1.3 -1.3 -1.3 -1.3 -1.3 -1.3 -1.3 -1.3 -1.3 -1.3 -1.3 -1.3 -1.3 0.6 3.3 6.3 7.3 8.8 9.6 22.1 20.3 11.2 11.9 14.9 16.4 20.2 25 28 30.5 31.8 33.1 34.5 34.9 36.4 38.8 41.1 40.6 37.8 34.5 31.3 25.7 28.2 32 36.1 38.2 39.5 37.2 33.5 29.8 26.1 27.6
176 170.5 162.7 152.6 140 133.6 126.1 118.7 111.1 102.3 92.4 80.8 71.3 63.2 54.1 46.6 35.1 24.2 19.8 12.8 8.3 3.7 2.2 -1.3 -1.3 -1.3 -1.3 -1.3 -1.3 -1.3 -1.3 -1.3 -1.3 -1.3 -1.3 -1.3 -1.3 -1.3 -1.3 -1.3 -1.3 -1.3 -1.3 -1.3 -1.3 -0.1 1.3 5.6 8.6 7 12.3 22.3 24.8 21.9 21 14.6 16.4 20.4 23.5 26.2 28.6 30.9 31.9 32.4 31.9 32.1 35.5 38 34.9 31.8 28.9 24.8 25.9 28.1 30.9 34.4 36 36.6 31.1 26 26 26.5 28.6
173.2 165.7 157.6 147.7 140.6 134 126.3 119.3 112.1 101.8 92.4 80.9 72.3 61 50.6 37.8 29 21.8 13.7 9.4 6.1 4.1 -1.3 -1.3 -1.3 -1.3 -1.3 -1.3 -1.3 -1.3 -1.3 -1.3 -1.3 -1.3 -1.3 -1.3 -1.3 -1.3 -1.3 -1.3 -1.3 -1.3 -1.3 -1.3 -1.3 -1.3 1.2 4.3 1.7 3.9 5.4 15.7 24 24.4 22.6 15.7 15.2 18.2 21.3 23.9 26.2 28.5 29.8 29.7 28.9 27.2 27.6 28.5 28.7 27.5 25.5 22.5 24.5 26.2 28.6 31.2 31.9 29.3 25.5 24.6 23.8 27.7 30.2
169.3 161.2 154.2 147.4 140.2 132.8 124.6 118.7 111 101.9 90.7 81.8 67.6 56.4 45.1 35 27 18 9.4 6.5 2.1 -1.3 -1.3 -1.3 -1.3 -1.3 -1.3 -1.3 -1.3 -1.3 -1.3 -1.3 -1.3 -1.3 -1.3 -1.3 -1.3 -1.3 -1.3 -1.3 -1.3 -1.3 -1.3 -1.3 -1.3 -1.3 9.5 1.7 1.7 3.3 1.7 11 20.1 24.2 25 15.5 16.2 16.3 16.3 18.8 22.7 23.7 24.6 24 22.6 23.5 24.1 23.6 24 23.5 22.6 22.7 24.1 26.3 26.6 26.2 25.2 23.2 23.6 23 27.6 30.5 30.9
165.4 157.6 152 145 136.6 129.8 124.4 119 111.7 102 92.1 79.3 65.3 55.5 46.6 34.8 24.2 15.8 7 1.5 -1.3 -1.3 -1.3 -1.3 -1.3 -1.3 -1.3 -1.3 -1.3 -1.3 -1.3 -1.3 -1.3 -1.3 -1.3 -1.3 -1.3 -1.3 -1.3 -1.3 -1.3 -1.3 -1.3 -1.3 -1.3 -1.3 1 1.1 3.4 1.7 1.7 7.3 17.8 23.9 25.9 25.5 25 17.4 16.3 15.8 19.6 20 20.3 20.5 19.9 21.6 22.1 21 21.8 20.2 19.8 21.4 23.8 26.9 28.3 25.5 21.1 23.1 22.9 25.7 30.8 30.8 31.1
160.8 154.3 149.7 142.7 136.3 130.6 125.4 120 111.1 101.4 88.9 72.7 62 52.9 44.6 34.4 26.7 15 4.5 -1.3 -1.3 -1.3 -1.3 -1.3 -1.3 -1.3 -1.3 -1.3 -1.3 -1.3 -1.3 -1.3 -1.3 -1.3 -1.3 -1.3 -1.3 -1.3 -1.3 -1.3 -1.3 -1.3 -1.3 -1.3 -1.3 -1.3 -1.3 -1.3 -1.3 0.8 1.7 4.2 12.8 20.8 23.6 23.2 22.6 22.6 14.6 17 18.8 18.3 18.4 18.9 20 20.8 19.9 17.9 19.6 19.2 20.5 23.5 27.7 29.6 28.1 22.7 19.9 22.2 23.5 28.6 31.3 30.7 31.2
154.7 150.8 149.3 144 137 131.4 126 118.1 109.2 98.9 80.4 66.8 59 50 41.3 32.8 23.8 7.6 0.4 -1.3 -1.3 -1.3 -1.3 -1.3 -1.3 -1.3 -1.3 -1.3 -1.3 -1.3 -1.3 -1.3 -1.3 -1.3 -1.3 -1.3 -1.3 -1.3 -1.3 -1.3 -1.3 -1.3 -1.3 -1.3 -1.3 -1.3 -1.3 -1.3 -1.3 -0.1 2.1 2.4 7.6 16.9 20 19.6 18.3 11.2 12.8 15.5 17.6 17 18.2 19.6 19.9 18.5 17.5 15.6 18.6 19.9 23.7 27.4 29.2 29.5 27.4 22.3 19.6 21.1 24.8 30.3 32.5 32.9 33.5
154.9 153.6 147.7 136.7 139 130 123.3 114.9 105.9 89.4 76 66.7 58.4 50 41.5 28.8 15.9 5.9 -1.3 -1.3 -1.3 -1.3 -1.3 -1.3 -1.3 -1.3 -1.3 -1.3 -1.3 -1.3 -1.3 -1.3 -1.3 -1.3 -1.3 -1.3 -1.3 -1.3 -1.3 -1.3 -1.3 -1.3 -1.3 -1.3 -1.3 -1.3 -1.3 -1.3 -1.3 -0.3 1 2.7 5.1 9.4 14.7 16.6 14.2 8.5 11 13.4 15.5 16.7 19.5 20 17.7 15.2 16.2 14.8 17.2 21.5 25.4 29.8 28.8 26.7 24.1 20.1 19.4 21.7 27 31 33.1 34.8 34
159.4 151.8 145.5 139.9 134.2 127.4 112.4 105.2 91.6 81.2 73.6 63.8 57 47.9 35.4 18.9 7.5 1.3 -1.3 -1.3 -1.3 -1.3 -1.3 -1.3 -1.3 -1.3 -1.3 -1.3 -1.3 -1.3 -1.3 -1.3 -1.3 -1.3 -1.3 -1.3 -1.3 -1.3 -1.3 -1.3 -1.3 -1.3 -1.3 -1.3 -1.3 -1.3 -1.3 -1.3 -1.3 -1.3 0.2 1.6 2.2 5 9.3 11.8 6 7.7 9 10.1 12.1 13.3 19.2 16.2 13.9 13.4 13.1 13.3 17.4 22.2 29.1 30.4 23.2 19.8 17.5 15.6 17.5 23.1 29.6 32.1 34 35.7 36.8
157.1 150.5 143 136.3 131.3 122.9 108.9 91.2 86.4 78.5 70.4 62.2 51.7 42.1 28.6 10.6 4.6 -1.3 -1.3 -1.3 -1.3 -1.3 -1.3 -1.3 -1.3 -1.3 -1.3 -1.3 -1.3 -1.3 -1.3 -1.3 -1.3 -1.3 -1.3 -1.3 -1.3 -1.3 -1.3 -1.3 -1.3 -1.3 -1.3 -1.3 -1.3 -1.3 -1.3 -1.3 -1.3 -1.3 -0.6 0.2 0.7 0.8 1.6 3.3 5.9 6.2 7 8.1 9.3 10.4 9.5 10.9 11.2 11.8 11.7 13.7 17.8 22.8 27.6 22.8 18.1 15.2 12.8 14.4 18.3 24.8 29.3 32.2 34 37.1 39.9
156.3 148.6 140.7 132.5 126.4 116.5 105.1 92.8 84.7 77.2 67.6 59.6 49.6 38.6 25.4 9.9 2.9 -1.3 -1.3 -1.3 -1.3 -1.3 -1.3 -1.3 -1.3 -1.3 -1.3 -1.3 -1.3 -1.3 -1.3 -1.3 -1.3 -1.3 -1.3 -1.3 -1.3 -1.3 -1.3 -1.3 -1.3 -1.3 -1.3 -1.3 -1.3 -1.3 -1.3 -1.3 -1.3 -1.3 -1.3 -1.3 -1.3 -0.7 -1.3 1.2 2.2 2.1 5.2 6.4 6.4 7.6 7.6 7.6 8.9 9.9 9.5 12 17.6 21.2 20.8 18.2 17 12.2 12.7 15.5 18 23.7 28.1 31.4 35.1 36.6 40.4
152.8 145.1 137.8 129.2 121 110.9 99.6 89.8 74.7 71.8 65.3 55.5 44.8 35.6 23.3 9.1 4.5 -1.3 -1.3 -1.3 -1.3 -1.3 -1.3 -1.3 -1.3 -1.3 -1.3 -1.3 -1.3 -1.3 -1.3 -1.3 -1.3 -1.3 -1.3 -1.3 -1.3 -1.3 -1.3 -1.3 -1.3 -1.3 -1.3 -1.3 -1.3 -1.3 -1.3 -1.3 -1.3 -1.3 -1.3 -1.3 -1.3 -1.3 -1.3 -1.3 -1.3 1.7 4.3 9.4 4.1 4.3 6.2 5 6.7 7.8 8 9.9 14.6 16.2 14.7 15.3 17.1 11 12.6 14.2 19 22.2 27 31.1 33.4 35.6 39.4
152.9 143.6 135.3 126.3 115.7 106.7 94.9 89.3 78.4 67 52.8 44.6 39.5 32.1 22.5 9.2 4 -1.3 -1.3 -1.3 -1.3 -1.3 -1.3 -1.3 -1.3 -1.3 -1.3 -1.3 -1.3 -1.3 -1.3 -1.3 -1.3 -1.3 -1.3 -1.3 -1.3 -1.3 -1.3 -1.3 -1.3 -1.3 -1.3 -1.3 -1.3 -1.3 -1.3 -1.3 -1.3 -1.3 -1.3 -1.3 -1.3 -1.3 -1.3 -1.3 -1.3 0.6 3.6 3.7 0.2 0.9 1.4 1.7 3.8 7.1 7.3 7.4 9.7 10.5 11.6 11.1 10 11 11.1 14.8 19.3 22.1 25.3 28.3 30.4 32.6 35.6
155.4 143.1 133.9 125.7 114.7 107.8 100.1 91 80.6 73.1 59.1 48.6 38.3 27.5 13 7.2 2.5 -1.3 -1.3 -1.3 -1.3 -1.3 -1.3 -1.3 -1.3 -1.3 -1.3 -1.3 -1.3 -1.3 -1.3 -1.3 -1.3 -1.3 -1.3 -1.3 -1.3 -1.3 -1.3 -1.3 -1.3 -1.3 -1.3 -1.3 -1.3 -1.3 -1.3 -1.3 -1.3 -1.3 -1.3 -1.3 -1.3 -1.3 -1.3 -1.3 -1.3 -1.3 -1.3 -1.3 -1.3 -1.3 -1.3 0.4 1.8 4.7 4.6 6.8 10 9.6 8.3 7.8 9.7 10.9 12.1 14.1 18.2 19 20.5 23.2 25.7 28 28.5
156.2 145.5 133.2 124.9 115.1 107.5 98.6 90 89 73.4 60.5 47.2 34.4 23.6 11.6 6.6 1.5 -1.3 -1.3 -1.3 -1.3 -1.3 -1.3 -1.3 -1.3 -1.3 -1.3 -1.3 -1.3 -1.3 -1.3 -1.3 -1.3 -1.3 -1.3 -1.3 -1.3 -1.3 -1.3 -1.3 -1.3 -1.3 -1.3 -1.3 -1.3 -1.3 -1.3 -1.3 -1.3 -1.3 -1.3 -1.3 -1.3 -1.3 -1.3 -1.3 -1.3 -1.3 -1.3 -1.3 -1.3 -1.3 -1.3 -1.3 1.5 3.6 5.9 6.4 9.3 12.6 6.6 6.3 6.7 8.3 11.1 14 16.4 16.8 18.7 19.2 21 23.3 23.6
161.5 146.7 133.5 122.5 115.1 107.9 100.5 92.6 82.9 72.7 66.3 48.3 32.5 24.3 10.1 5.2 2.2 -1.3 -1.3 -1.3 -1.3 -1.3 -1.3 -1.3 -1.3 -1.3 -1.3 -1.3 -1.3 -1.3 -1.3 -1.3 -1.3 -1.3 -1.3 -1.3 -1.3 -1.3 -1.3 -1.3 -1.3 -1.3 -1.3 -1.3 -1.3 -1.3 -1.3 -1.3 -1.3 -1.3 -1.3 -1.3 -1.3 -1.3 -1.3 -1.3 -1.3 -1.3 -1.3 -1.3 -1.3 -1.3 -1.3 -1.3 1.4 5.5 4.3 7.2 10.9 9.8 4.4 4.5 5.5 7.1 9.6 12.2 15.2 16.6 17.4 19.7 20 20.6 20.4
170.5 146.4 128.6 121.4 116.3 108.8 100.4 90.3 80.8 74.4 62.8 50.6 40.2 28.1 12.8 7.1 4.2 -1.3 -1.3 -1.3 -1.3 -1.3 -1.3 -1.3 -1.3 -1.3 -1.3 -1.3 -1.3 -1.3 -1.3 -1.3 -1.3 -1.3 -1.3 -1.3 -1.3 -1.3 -1.3 -1.3 -1.3 -1.3 -1.3 -1.3 -1.3 -1.3 -1.3 -1.3 -1.3 -1.3 -1.3 -1.3 -1.3 -1.3 -1.3 -1.3 -1.3 -1.3 -1.3 -1.3 -1.3 -1.3 -1.3 -1.3 -1.3 -1.3 2.5 5.3 5.3 4.2 3.2 3.9 5.1 6.5 8 11.5 15.9 19.8 19.1 19.9 20 18.4 13.5
163.6 142.5 124.9 123.7 118 110.3 98.1 88.7 80.3 75 65.3 51.8 41.3 31.2 20 8.8 5.2 1.3 -1.3 -1.3 -1.3 -1.3 -1.3 -1.3 -1.3 -1.3 -1.3 -1.3 -1.3 -1.3 -1.3 -1.3 -1.3 -1.3 -1.3 -1.3 -1.3 -1.3 -1.3 -1.3 -1.3 -1.3 -1.3 -1.3 -1.3 -1.3 -1.3 -1.3 -1.3 -1.3 -1.3 -1.3 -1.3 -1.3 -1.3 -1.3 -1.3 -1.3 -1.3 -1.3 -1.3 -1.3 -1.3 -1.3 -1.3 -1.3 -1.3 0.3 1.2 1.7 1.7 3.3 5.5 7.1 9.2 14.2 21.1 22.8 20.2 19 17.7 12.9 6.9
