Assets/StreamingAssets/GeoData/Data/nr/NR93.asc
ncols 200
nrows 200
xllcorner 190000
yllcorner 630000
cellsize 50
[rows 36 to 71 of 200, columns 0 to 79 of 200]
43.6 43.1 44 45.2 47.5 48.7 49.2 51.1 54 55.8 57.5 61.6 65.3 69.3 77.7 85.9 99.4 106.6 114.7 116.6 116 117.1 115.7 120.1 119.6 112.3 106.4 96.4 91.2 79.6 68 57.4 51.5 46.6 42.1 42.1 42.1 42.6 42.8 43.1 44.2 48.1 53.2 60.4 67.3 75.1 82 89.3 100 112.5 123.8 136 147.3 158 167.9 173.7 185.5 197 209.5 225.5 233.4 242.4 252.5 264.2 279.6 288.8 297.2 302.2 304.8 309.2 317.1 322.4 330.9 344.4 346.8 344.7 341.1 335 333.9 337
35.6 36.8 37.1 39 39.5 41.1 41.4 43.7 46.2 47.7 48.5 53.3 57.1 60.7 63.9 71.6 84.6 91.6 99.2 99.4 98.3 98.2 96.5 99.3 98.1 89.1 84.8 81 71.6 60.3 54.5 46.1 44.8 42.1 42.1 42.1 42.1 42.7 44.4 46.2 52.2 54.9 62.3 69 79.5 88.7 98.7 106.9 117.1 126.5 137.3 148.6 158.4 169.7 179.1 186.8 194.2 206.9 220.2 232.6 239.1 246.1 256.3 269.8 281.8 292.5 298.1 302.5 306 309.6 315.4 325.2 331.7 340.8 344.4 342.9 336.8 330.6 331.3 334.4
37.5 39.7 40.2 38.3 36.2 38.3 38.8 38.4 38.1 39.3 42.5 45.5 47.6 49.3 55.2 59.8 67.9 71.7 75.4 79.8 87.4 86 78.9 80.4 74.3 73 66 62.4 53.5 46.9 43.7 42.1 42.1 42.1 42.1 42.8 43.8 46.3 48.3 51.9 58.4 66.3 77.2 86.2 95.4 105.7 113.5 126.4 133.4 140.9 151.7 159.8 171.4 179.4 189.1 196.4 204.4 215.4 226.6 235.4 241.4 250.8 262.5 272.4 284 293.6 296.3 299.5 303.9 311 317.1 326.8 332.8 337.5 339.5 336.5 330.1 325.7 327.9 328.7
43.7 45.1 46.4 45.4 45.3 45.8 44.5 44.1 42.6 42.6 42.1 39.4 40.9 43.4 46.1 48.3 53.6 55.8 57.9 61.5 69.2 70.2 63.1 60.1 58.9 56.2 50.3 46.1 44.6 42.1 42.1 42.1 42.1 42.1 44.8 47.3 49.8 51.8 58.7 67 75.3 85.6 94.2 105.5 112.9 122.6 133.3 141.8 150 159.2 163.7 174.4 179.2 187.8 195.2 203.5 213.2 223.2 226.7 235.1 245.1 254.9 265.7 274 282.8 289.4 292.5 295.7 301.8 309.9 318.7 324.5 328.9 331.9 332.4 332.8 325.7 325.7 325.7 325.7
55.2 56.5 57.3 55.9 55.3 56.9 57.6 56.5 54.9 53.9 49.3 45.6 42.3 39.3 40.3 44.5 46.4 49.5 50.9 50.2 52 51.5 51.6 50.2 50.4 47.6 42.6 42.1 42.1 42.1 42.1 42.1 42.1 45.2 48.5 51.6 57.8 64 72.8 82.8 94 102.6 113 122.9 133.2 142.1 151.2 159.1 165.9 173.5 179.3 184.6 192.4 197.5 203 210.3 220.1 228.6 235.1 241.7 246.1 258.3 266.6 273.7 279.6 284 286.7 292 299.7 308.6 314.3 318.1 323.3 325.4 326.6 325.7 325.7 325.7 325.7 326
69.7 69.6 69.8 70.6 71.6 72.3 73.6 72.6 71.2 68 63.7 58.5 53.2 48.5 42.8 40.2 41.5 42.8 45.9 47.4 46.3 45.3 44.8 44 44.8 42.1 42.1 42.1 42.2 42.1 43.7 45.4 47.5 51.4 57.2 62.7 70.3 79 90.6 99.7 111.8 120.7 131.9 143.2 153.7 160.7 165.4 175.1 181.6 187 192.2 195.2 202.8 207 211.4 220.2 228.5 236.4 245.1 250.8 254.2 258.2 265.9 271.9 276 279.8 283.1 289.7 298.3 303.6 307.3 314 326.1 329.1 329.6 326.7 325.7 325.7 325.7 326.9
86.8 87.7 89.1 89.6 89.8 89.9 88.6 88.3 89.6 87.6 80.8 75.4 68.2 58.4 54.1 49.8 48.1 44.1 43.2 42.1 43.5 42.5 42.6 42.5 42.8 44.6 44.6 45.9 46.8 48 49.5 52.8 56.7 61.8 70.2 79.1 88.3 97.7 109.2 119.4 131.9 141.5 153.1 162.7 170.7 177.6 187.3 193.3 195.4 200.8 205.7 207.3 210 214.7 222.5 228.7 235.2 245.3 253.7 255.9 258.2 263.5 268.5 273 277.8 285.7 292.3 297.6 302.6 306.7 314.4 321.1 326.4 330.6 330.3 326.7 325.7 325.7 325.7 329.1
106.6 108.3 109.7 108.1 107.2 107 108.7 107.8 109.1 106 100 92.9 85.4 75.6 67.3 62.3 58 51.2 48.9 48.1 44.7 44.9 45 44.7 48 49.2 49.7 51.5 55.6 57.3 60.8 64.9 71.6 78.4 88 98.5 107.9 119.4 130.4 141.2 152.1 161.7 172.2 180.2 186.7 193.2 199.8 205.2 206.6 210.7 215.1 215.4 218.4 224.3 229.5 235 243.8 251.5 258.6 260.4 261.6 266.5 270.9 275.4 284.2 295.6 298.1 303.9 309.7 316.6 326.8 331 334.3 333.5 329.8 326.6 327 325.7 325.7 326.4
127.2 129 128.2 127.4 126.8 127.6 127.8 127 123.9 122 115.9 107.8 99.5 90 81.6 76.9 67.5 61.9 58 54.8 56 53.2 53.4 51.2 54.6 56.3 58.8 61.7 65.2 67.9 74.9 82.2 90.3 98.4 109.4 121.9 131.7 145.4 156.4 163.2 170.7 179.3 187.4 195.5 200.4 205.8 210.7 214.3 215.7 218.9 222.1 224.2 226.9 232 235.5 241 248.3 255.1 260.1 261.9 264.8 267.3 273.3 284.4 296.8 304.3 303.2 306.2 313 322 329 339.5 336.1 333 331.3 330.8 330.2 327.1 327.8 329.8
148.4 147 145.1 145.2 146.2 144 144.6 143.3 140.9 134.5 129.3 121.7 112.9 104.9 95.6 88.4 80.4 75.2 72.1 68.1 67.4 66.9 65.5 66 66.5 69.7 71 74 78.9 85.6 92.9 101.3 113.4 122 133.4 147.4 156.9 169.3 177.8 181.5 185.7 192 198.9 205.4 214.6 218.5 220.1 222.2 224.4 226.8 229.8 231.5 234.6 237.7 241.9 248 251.9 257.5 261.1 263.9 267.1 272.3 281.3 291.4 304.8 307.9 307.3 307.8 314.2 321.9 330.2 333.6 333.3 332.9 333.2 334.3 333.6 332.6 331.1 331.7
176.9 173.1 168.9 162.2 157 157.1 157.1 157 155.7 152.9 146.4 138.1 127.4 117.7 108.4 101.4 95 88.9 85.6 83.4 81.5 80.5 80.3 80 82.5 84.4 85.7 89.9 96.2 106 114 122.5 133.2 147.6 159.2 170.3 181.2 188 190.4 195.6 200.3 204.9 210.1 216.1 222.1 225.9 227.4 229.2 231.6 233.5 238.1 237.7 240.3 243.7 247.6 252 257.1 259.3 262.4 265.7 270.9 277.8 286.9 295.6 304.5 307.9 307.9 308.7 315.2 322.6 329.1 331.8 332.4 333.9 337.9 337.5 337.5 338.6 337.7 336.4
179.5 182.2 187.8 181 177.9 172.6 169 167.1 166.3 163.1 160.4 152 140.1 133 125.5 116.5 110.1 105.9 102.2 99.5 97.2 96.8 96.7 97.3 99.9 100.9 104.5 108.8 115.9 123.2 133.1 145.7 157.7 171 183.2 190.1 197.5 200.8 203.1 206.7 209.8 213.4 217.8 222.6 227.4 229.6 231.4 234.3 237.3 240.6 243 244.5 246.1 247.4 251.6 255.3 257.2 260.5 264.2 267.7 274.9 281.8 289.7 298.1 304.3 308.9 308.4 309.1 316 322.7 328.5 331 333.2 335.7 338.1 340 342.2 343.5 342.4 339.4
169.3 174.1 175.3 176.4 176.7 178.6 181.8 184.3 175.1 169.8 165.3 156.6 149.7 143.2 133.9 129.6 125.4 122.1 120.4 119.2 117.3 116.7 116.7 116.2 116.1 119 121.5 126.6 134 141.4 154 165.4 177.4 189.7 200.5 210 214.3 214.9 216.1 216.4 217.8 220.2 224.1 228.2 231.6 234.6 236.7 239.8 242.4 245.3 246.8 248.5 251 252.7 254.3 257.7 259.7 262.9 264.5 270.3 278.7 284.6 291 297.6 302.6 303.3 309 313 318.2 323.7 328.5 331.8 334.8 337.2 339.6 341.9 344.2 345.5 344.2 340.4
163.1 163.2 166.4 169.9 173.6 178.4 185.1 187.8 187.4 181.1 171.3 161.9 154.6 148.3 143.1 140.2 139.7 138.2 139.5 138.4 138.6 138.6 137.4 138 140.4 139.9 142.7 149.8 157.9 165.3 175 188.6 198.1 207.9 221.2 226.4 228.8 228.1 226.2 225.8 226.1 227.1 228.9 232.2 235.7 239.8 243 245.7 248.3 249.5 250.8 253.4 255.5 257.2 257.1 258.3 261.5 265.4 269 274.6 280.5 286.1 291.1 296 299.4 304.9 312.1 317.2 322.1 327.6 330 333.6 336.5 339.3 341.6 344.1 346.6 347.4 345.5 341.3
175.6 172.8 170.7 170.2 173.5 175.7 177.5 181.5 181.3 177.1 171.1 162.5 156.1 154.7 153.5 155.9 157.3 158.3 158.3 160.1 160.8 159.9 162.5 162.9 162.9 164.6 167.3 175.3 183.6 190.4 192.4 202.5 214.4 229.4 235 235.8 239.4 238.7 235 233.5 234.6 233.8 234.9 237.1 242 246 248.8 250.7 251.9 253.9 255.8 257.1 257.9 259.9 261.4 262.2 264.5 267.6 272.2 277 282.5 287.7 293 298.2 303.5 310.1 315.8 321 325.9 330.5 331.6 335.3 338.3 341 343.6 348 351.3 349.3 346 341.7
188.2 180.9 175.6 173.5 173.6 175.4 176.4 176.1 175.9 171.9 168.5 163.5 162.7 163.7 165 170.4 171.8 172.7 177.8 180.1 184.7 186.4 188.1 188.7 189.4 193.1 196.1 202.6 210.4 214.8 219.8 217.6 230.4 239.9 243.7 245.6 248.8 247.6 243 246 243.1 242 241.7 244.7 250.1 253.6 255.8 255.7 257.1 258.6 258.7 259.8 260.4 261.8 263.2 264.1 267.3 270.4 274.5 279.3 285.2 290.9 295.3 301.6 308.2 314.8 320.6 326.3 330.3 332.6 333.7 336.2 340 342.7 344.8 348.1 348.8 347.3 341.6 337.3
190.1 185 183 180.6 177.3 176.6 176.8 176.5 175.1 172.4 168.9 167.2 169.4 171.6 175 181.9 185.3 196.1 205.1 200.2 200.2 201.3 204.3 206.3 211.4 211 210.5 215.4 219.3 225.1 228.6 230.5 237.6 242.4 247.1 251 252.9 252.1 250 251.2 249.8 249.3 250 256.1 257.7 258.6 259.6 260.1 260.1 260.1 259.4 260.6 261.8 262.7 263.7 266.9 270.1 273.3 277.1 282 288.8 294.6 299.7 305.7 312.3 318.3 325.2 332 333.1 333.6 334.8 336.6 338.9 341 342.3 344 344.8 342.3 337.4 330.9
184.4 184.2 184.7 183.9 184.6 189.3 188.1 185.9 182.3 177.4 172.5 172.2 173.5 174.7 180.8 191.7 204.4 216.3 224 223.5 221.2 220.5 217.4 220.9 222.4 222.2 221.4 222.7 225.5 230.1 234 237.2 241.5 245.3 248.3 251.3 253 253 253 253 252.6 253.9 256.4 260.9 262.5 261.9 261.4 261.3 261.5 260.8 259.7 261 262 263.3 265.9 269.7 273.5 277.4 281.6 284 288.8 297.2 305.9 310.4 315.8 321.5 327.9 332.5 333.2 333.2 333.2 334.7 336.9 338.6 339.9 341.8 343.8 338.7 330.8 323.4
186.2 183.6 184.1 186.3 187.5 191 189.5 185.6 182.3 176.8 174.7 174.3 175.8 179.7 187.2 197 213.2 225.8 234.9 234.8 232.5 234.9 238.2 235.2 232.7 229.6 228.1 228.2 230.3 234 239.6 243.5 246.9 249.8 251.2 253.5 253.9 254 254.3 254.5 255.4 257.1 260.8 264.8 262.9 261.8 261.3 260.9 261 260.2 260.1 261.5 262.3 264.6 267.7 271.4 275.5 279.8 284.1 287.7 293.6 301.3 308.9 313.1 318.9 324.7 329.8 330.6 331 331 330.8 332.4 338 337.7 336.3 341.6 340.9 330.1 323.1 315.8
197 194.4 194.3 199.4 202 195.3 190.2 190.2 189.1 178.9 176.7 173.9 174.3 177.9 188.5 203.4 217.7 230.4 241.7 245.7 243.4 243.4 244.7 245.9 242.1 243.6 242.9 238.5 239.6 241.9 246.5 249 251.4 253.1 254.7 255.2 254.9 255.2 255.5 255.9 257.7 260.3 263 263.2 261.1 261.2 261 260.7 260.1 258.4 258.7 261.2 262.8 265.4 268.9 273.8 278.1 282.5 287.3 292.5 298.4 304.7 310.8 315.9 320.8 324.2 327.4 328.4 328.6 328.2 327.6 329 331.6 330.3 329.4 331.8 327.2 322.2 317.3 311.7
206.3 215.6 219.7 223.5 217.4 205.4 196.7 193.4 186.2 176 169.9 168.8 173.5 178.9 188 200.4 213.2 224.2 236.5 246 243.7 243.2 246.1 245.3 247.4 251.2 252.5 249.9 247.9 249.7 253.6 256.4 255.4 256.7 256.5 257.3 257 256.9 257.4 257.9 260 260.8 261 259.6 259.7 259.9 259.8 259.6 258 257.4 258.2 260.8 262.9 266.4 270.9 276.2 280.5 284.7 291.2 297.6 303.2 307.3 312.7 317.2 321 323.5 325.1 326.2 324.7 324.4 322.9 322.1 322.6 322.3 321.8 321.9 321.1 316.9 312.6 307.6
206.7 214.1 218.1 223.3 215.7 208.3 201.1 197.1 186.6 174.6 165.2 168.9 181.2 191.3 198.6 206.3 213.5 218.1 227.8 232.9 239 241.7 243.1 244.7 247.4 252.5 260 257.5 261.4 261.2 262.5 262.7 261.3 259.7 259.9 260.1 259.4 259.5 260 260 259.8 259.9 258.7 258.5 258.5 258.6 258.6 257.1 257.3 257.8 258.6 260.9 263.6 267.6 272.7 278.3 283.2 290.2 296.6 302.9 306.9 311.2 315.5 318.9 321.2 322.4 323.6 323.1 320.7 318.6 316.7 314.2 315.1 315.5 315.9 314.9 313.8 310.2 305.5 301.4
196.3 201 207.8 210.1 208.1 204.4 201.1 194.2 188.3 172.2 160.9 174.6 189.4 201.9 212 220.5 228.8 232.1 236.6 239.5 242.1 242.3 243.3 245.1 249.6 253.9 258.6 263 265.3 273 276.3 269.4 265.2 264.7 263.5 262.4 262.1 261.9 260.2 258.4 258.4 257.5 257.5 257.5 257.3 257.3 256.3 255.2 256.3 258.2 259 261.4 264.5 270 275.4 280.9 287.4 293.9 300.2 306 309.8 313.9 316.9 319.5 320.7 321.7 321.6 319.2 317 314.2 310.2 309.4 309.2 309.1 309.3 307.4 305 302.7 300.3 296.2
183.6 188.4 193.1 191.4 193.9 192.3 190.5 184.3 176.5 161 165.9 187.8 200.4 213.6 226.6 239.3 249.2 247 246.1 246.8 250.7 256.3 255.5 254.3 258.4 259.6 268.7 273.8 276.2 279.3 278.2 275.5 271.2 269.4 266.1 264 263.9 263.9 265.1 258.6 257.1 255.7 255.7 255.9 256 255 252.7 253.9 255.6 257.5 259.3 261.7 266.2 272.6 278.4 284.9 291.4 297.8 304.2 309.2 312.4 315.1 317.2 318.7 320 320 319.4 317.1 313.1 308.9 304.8 304.2 303.7 303.6 303.3 301.4 298.4 295.8 293.8 291.5
164.5 169.8 176.1 176.3 174.6 176.3 175.5 169.4 161.1 155.6 172.1 186.9 202.7 213.6 228 245 252.3 256.6 251.4 242.4 243.3 247.3 254.2 253.2 255.5 258.2 265 269.3 272.6 274.5 275.9 276.3 278.3 277.5 274 267.2 265.6 264.8 261.3 256.7 254.6 254 253.9 254.2 252.9 251.3 252.5 254.1 255.6 257.4 259.3 262.8 267.8 275.3 281.9 288.6 295.4 301.8 306.5 310.3 313.5 316.1 316.4 317.1 317.2 316.8 317 316.1 309.8 305.4 302 299.4 298.7 298 297.4 296.2 293.3 290.3 288.2 286.9
144.4 154 159.6 163 160.3 159 159 155.5 151.3 160.9 173.2 185.9 198.6 210.3 223.7 235.2 243.5 244.9 243.2 238.8 234.9 239.3 239.4 241.7 244.8 249.5 254.8 258.1 261.7 264.6 266.2 269 273.5 278.3 275.9 267.9 263.9 260.1 255.8 253.2 252.5 252.3 252.1 251.4 249.6 250.8 252.8 254.2 255.5 257.3 259.7 264.1 270.5 277.2 283.4 289.8 296.1 302.7 306.6 310.4 313.6 313.4 313.2 312.3 312.5 312.6 311.8 309.5 305.2 301.9 298.5 295.4 294.1 292.5 291.4 290.2 288.2 285.4 282.8 281.6
131.1 138.2 144.6 144.1 141.8 143.5 144.7 143.8 149.9 159.5 170.9 183.3 193.7 205 216.5 224.6 229 228.9 225.3 225.4 223.1 226.6 228.5 230.9 233.8 240.3 245.9 249 252.8 257.2 260.4 263.5 268.6 271.1 270.9 265.1 260.4 255.8 252.1 250.8 250.5 250.5 249.2 248 249.4 251.3 252.2 254 255.7 257.2 260.9 265.5 272.4 279.2 285.3 291.6 297.9 303.5 306.6 310 310.7 308.8 305.8 306.2 305.8 303.7 302.7 303.1 301.6 298.5 295.2 292.2 290.7 289.1 287.4 286.8 285 281.1 279.7 279.8
123.4 126.5 131.5 129.4 130.2 132.9 135.2 140.7 147.8 156.3 167.8 176.8 185.1 194.3 203.2 207.9 209.6 211 208.3 206.9 209.4 209.5 211.5 215.1 221 227.4 234.4 239.7 245.1 246.8 249.8 257.1 260.5 260.4 260.2 258.4 255.7 252.5 249.8 248.1 247.7 247.8 246.4 246.2 249.3 250.2 251.1 252.4 254.5 257.3 261.8 266.4 273.4 280.5 287.4 293.4 298.5 301.1 302.3 303.2 302.4 299.9 297.5 296.9 295.6 293.9 295.6 297.9 297.6 295.1 291.7 289.1 287.7 286 284.2 282.9 280.5 277.4 277.6 277.8
113.8 119.2 119.3 119.6 122.5 124.2 129.3 134.8 145.3 153.6 162.1 168.2 175.2 183 188.2 192 194.5 193.9 193.5 192.8 193 195.1 197.7 203.3 208 213.9 219.9 226 231.7 234.3 240.7 244.2 248.8 250.3 251.1 250.9 249.8 246.6 245.4 244.9 244.4 243.7 243.3 247.3 248.2 249.1 249.9 251 253.3 257.1 261.7 266.7 273.1 280.8 286.5 289.6 293.2 295.4 295.5 293.7 292.9 290.7 288.4 286.3 285.8 287.7 290.5 292.3 291.5 290.4 287.7 285.9 284.4 282.4 280.6 279.1 276.9 275.1 275.9 275.4
108.3 111.5 111.7 115 116.3 119 124.9 131.7 140.3 146.7 153 159 162.6 167.1 172.5 177.1 178.4 178.5 177.4 178.6 181 182.1 186.2 191.2 196 202.9 208 213.3 217.4 225.2 231.5 235.3 240.3 241.8 242.4 244 243.1 241.2 242.4 242.3 241.2 240 243.3 246 246.9 247.6 247.6 250.1 252.1 256.9 261.7 267.1 273.1 279.7 281.8 284.7 287.6 288.5 287.9 286.1 284.3 281.4 278.7 278.5 280.4 282.8 284.6 285.5 285.3 284.3 282.9 281.7 280.3 278.8 277.3 275.7 273.9 273.4 272.4 272.9
102.6 102.9 105.9 111.7 113.7 118.3 123.7 130.8 137.6 141.9 145 149.5 152.3 156.3 159.7 163.3 163.2 164 166.1 168.4 172 174.4 178 181.4 186 192.3 197.9 202.7 208.3 217.4 222.6 228.2 231.4 234.1 236.7 239.1 237.7 237.2 237.2 239.1 237.6 240.5 242.8 243.9 244.9 245.2 244.9 247.8 250.4 255.1 260.5 266.1 272.2 275.4 276.3 277.4 279.9 280.6 280.1 278.4 276.7 274.1 271.8 271.8 274.3 277 278.1 278.8 279.1 279.1 279.3 278.1 276.8 275.4 273.9 272.3 270.7 270.9 270.6 270
100.7 105.5 109.7 113.4 115.2 119 122.9 129 133.1 136.9 138.1 142.2 145.6 148.1 152.3 153.4 155 157.3 160 162.9 167.5 172.1 175.4 175.9 180.5 187.3 190.6 195.6 203.1 209.1 215.2 222 226.5 230 232.3 234.2 233.6 234.1 234 233.9 236 239.3 240.5 241.7 242 241.4 242.2 245 248.6 252.9 258.8 264.5 268.2 269.6 270.3 271 272 273.2 272.5 270.6 268.8 266.6 266.4 266.7 268.4 270.9 272.2 273 274.9 275.7 275.9 275.4 274.2 273 270.6 269 268 267.9 267.3 267.2
112.3 113.2 117.9 116.7 114.8 115 123 125.5 128 130 133.1 137.2 141 143.2 145.5 146.9 150.4 154.4 156.7 160.1 164.8 169.7 170.8 172.9 177.8 181.7 187.8 193.7 199.5 205.8 211.1 216.4 221.7 225.9 228.6 229.8 230.6 231.1 231 232.8 236.1 237.8 238.3 238.9 238.6 238.4 239.3 242.2 246.1 250.5 255.7 260 262.5 263.6 264.1 264.8 265.8 267 265.4 264.3 263.5 262.3 262.2 262.4 263 264.6 265.9 268 271 273.3 273.2 272.9 272.4 271.2 269.2 266.7 264.4 264.9 263.9 263.9
118.3 120.4 121.2 119.6 120.1 117.9 119.8 122.5 123.1 126.6 130.4 134 138.9 140.1 141.9 142.4 147 152.4 155.7 157.2 161.8 167.2 171.5 174.8 178.9 182.5 187.4 192.8 198.7 203.9 208.3 214 217.9 221.7 224.1 225.9 227.3 228 230.1 233.5 234.9 236.2 236.8 236.1 235.7 235.4 236.6 239.3 243.5 247.8 252 255 256.6 257.1 257.9 258.8 259.7 260.7 260 259.2 258.5 258.5 258.6 258.7 259.2 258.3 262.6 266.8 269.3 270.6 270.7 270.6 270.5 269.4 267.8 265.2 261.5 259.4 259.1 257.7
125.7 124.8 123.6 122.3 124.5 123.7 123.9 128.5 131.9 130.2 128.5 131.9 137.1 137.2 140.2 148.5 150.6 149.6 154.1 163.5 169.5 174.5 178.6 184.2 184.6 188.5 191.1 192.4 196.9 202.2 206.2 210.6 213.4 215.9 220.6 222.3 224.7 227.9 230.8 233.6 234.1 234.7 234.3 233.7 233.1 232.5 233.9 236.7 240.4 244.1 247.3 249.7 250.8 251.6 252.5 253.8 255.3 256 255.6 255.3 255 255.1 255.1 255.1 255.2 258 261.5 265.4 266.9 268 268.3 268.4 268.5 267.7 265.5 261.6 259.4 256.6 250.4 250
128.4 128.8 126.7 125.9 127.1 127 127.6 129.2 131.7 131.9 131.7 131.7 133.3 141.5 145.2 151.6 155.4 157.9 161.8 169.1 174.9 179.9 181.9 185.4 190.3 196 197.7 200.5 200.5 203.3 206.3 208.2 212.1 218.2 221.4 223.9 226.8 229.6 232.6 232.4 232.5 232.4 230.8 229.4 228.8 228.2 230.1 233.9 237.6 241.4 243.6 245.2 246.2 247.5 248.8 250.1 251.6 252.1 252.2 251.9 251.6 251.8 252 252.1 255.1 258.6 261.3 264.2 264.9 265.8 266.1 266.3 266.5 264.5 260.5 257.7 253.8 249.8 238.8 239
