Assets/StreamingAssets/GeoData/Data/nr/NR94.asc
ncols 200
nrows 200
xllcorner 190000
yllcorner 640000
cellsize 50
[rows 140 to 174 of 200, columns 0 to 78 of 200]
587.9 598.4 609.2 619.8 627.7 631.3 628.6 617.4 607.9 600 593.4 589.4 593.1 598.7 601.1 594.1 579.6 557.8 530.3 503.3 478.3 459.1 439.9 429.3 420.1 411.8 402.3 393.4 386.1 380.6 372 360.1 344.4 334 327.7 319.9 319.8 319.8 319.8 319.8 319.8 319.8 319.8 322.3 322.1 321.7 324.7 329.5 332.6 337 342 345.9 344.8 338.4 329.7 322.2 315.1 307.2 300.9 292.9 284.4 278.9 268.6 258.1 246.2 236.6 223.6 207.9 194.1 178.8 163.9 152.1 146.3 129.5 128.7 132.2 131.1 138.3 134.1
610.1 621.6 636.1 649 658.9 665.4 658.2 643.7 632.4 623.8 616.8 613.8 615.6 612.4 600.4 582.2 561.4 539.4 516.4 488.7 468 449.2 434.6 425.5 417.4 409.2 402.6 393.7 388.4 382 372.7 360 346.5 334.9 326.8 322.9 319.8 319.8 319.8 319.8 319.8 319.8 319.8 319.8 322.7 322.3 326.7 328.6 333.8 337.2 342.4 344.9 344.3 337.3 328.6 319.3 313.4 304.8 298.5 291.8 283 272.9 265 254.3 241.9 231.6 218.8 203.4 189 174.5 159.6 147.6 136 126.1 126.1 120.1 125.3 124.2 124.3
636.3 646.8 662.5 676.5 688.5 691.8 679.5 663.2 650.6 642 633.7 628.3 624.2 610.6 589.9 566.9 545.4 523.9 503.8 478.5 460 441.7 427.5 421.5 414.3 407.3 399.3 391.8 388.9 381.8 373.3 361.1 349.3 340.2 331.3 326 322.1 320.2 319.8 319.8 319.8 319.8 319.8 319.8 321.6 321.5 325.2 326 333.6 338.4 341.3 344.6 344.4 337.8 328.3 320.8 311.9 303.9 296.7 289.8 280.9 271.2 261.4 252.9 240.5 227 215.5 199 185.1 171.8 158 145.6 132 118.8 110 116.9 117.6 120 115.9
669.3 675.8 688.7 701.7 710.6 707.9 693.1 676.4 662.6 650.9 639.3 629.4 617.9 599 576.9 554.1 533.2 512.1 491.1 466 448.6 431.7 418.7 414.5 409.2 402.4 394.9 389.4 383.4 380.2 372.4 360.8 351.3 343.8 335.8 329.9 324.7 321.1 319.8 319.8 319.8 319.8 319.8 319.8 319.8 319.8 321.2 325.3 330.2 337.4 341.3 345 346.3 340.9 330.8 321.4 313.5 305.7 296.8 287.2 278.2 270.3 260.8 249.1 239.1 226.2 212.2 198.5 182.4 168.1 154.9 142.3 127.1 120.4 109.2 103.2 109 113 107.6
701.6 705 713 720.3 717.9 708.1 692.9 676.5 662.1 648.3 634 619.1 603.4 586.2 564.7 543.3 521.1 500.8 482.2 457.8 437.5 422.7 411.5 405.5 399.6 394.2 388.1 385.7 380.7 378.4 372.2 362.1 353 345.6 339.4 332.2 327.6 322.9 319.8 319.8 319.8 319.8 319.8 319.8 319.9 323.1 322.9 327.1 333.1 338.6 342.3 345.3 348.5 345.9 334.3 323.6 314.6 305.6 297.5 288.1 278.7 266.9 259.4 248.4 237.2 224.2 209.5 195.9 179 165.1 150.8 136.8 125.2 116.5 111 104.5 101.6 106.8 103.9
708.6 713.1 714.2 708.8 701 690 677.3 660.5 645.4 630.7 614.3 601 588.3 571.9 550.9 530.7 509.7 489.2 468.9 445.4 428.2 415.4 405.8 396.3 389.5 384.4 382.8 382.4 379 377.8 372.4 363.5 353.9 345.1 341 336.1 331.3 328.5 321.1 319.8 319.8 319.8 319.8 319.8 319.8 323.2 324.1 330.5 332.5 340 342.2 347.4 350.4 352.2 340.7 326.9 316.4 307.4 297.6 286.2 275.6 267.4 256.2 246.9 236.5 224.2 208.7 195.7 178.4 162.8 150.1 134.7 121 111 110 100.8 97.8 102.2 98.9
703.6 700.7 697.9 687 675 662.9 651.1 636.5 622.4 609.1 595 583.1 569.8 553.2 534.2 516.1 498.1 477.6 452.8 434 422.1 407.9 399.2 389.4 382.3 379.5 378.1 378.2 376.8 374.5 372.3 364.8 357.2 352.3 346.6 340.5 335.4 330.7 324.1 319.8 319.8 319.8 319.8 319.8 319.8 320.8 326.4 329.6 333.3 339 343.7 349.4 354.2 356.4 347.2 329.4 318.3 308.5 298.4 287.2 278.4 269.5 258.2 248.3 235.6 224.5 208.4 191.4 176.6 160.8 146.5 132.1 117.6 107.6 101.8 99.7 92.7 97.7 95.5
689.5 680.7 673.1 661.4 647.3 635.3 619.9 605.2 593 583.7 573.5 562.4 549.8 533.6 517.1 498.3 482.5 463.7 442.6 428.8 417.7 404.7 396.2 386.6 380.5 376.8 376 376 376 376.2 373.1 367.4 359.3 353.9 348.2 341.7 336.3 331.7 326.2 320.3 319.8 319.8 319.8 319.8 319.8 321.2 325.3 329.7 335.7 337.4 343.2 352.1 359.1 354.8 347.7 331.9 318.9 309.5 300 289.6 278.7 269.5 259.5 249.4 236.6 225.1 209.9 192.4 173.9 156.9 142.6 128.9 115.7 104.2 98.5 94.1 90.1 93.3 91.8
670.4 657 646.1 632.5 619.9 605.6 588.7 573.4 558.9 549.2 542.2 537.9 527 511.5 493.5 478.2 464.2 448.9 432.9 423.5 411.8 401.8 393.9 385.8 378.9 376 376 376 376 376.5 372.9 367 360.9 354.4 348 341.7 336.3 332.2 327.2 321.5 319.8 319.8 319.8 319.8 321.4 324.7 326.8 330.7 333.6 337.5 342.7 353 361.1 352.7 347.4 334 320.1 309.7 301.1 291.7 282.1 272.7 261.9 250.4 239.3 226.6 209.9 193.1 173.5 153.7 137.4 123.1 111.5 106.4 94.9 85.5 87.1 89.5 88.9
644.2 627.7 615.9 602.7 589.9 572.5 557.1 539.6 525.3 513.7 506.2 504.3 496.5 486.4 468.4 457.9 445.7 435.2 424.2 417 407.9 399 392.6 386.7 379.1 376 376 375.9 377.7 377.5 374.5 368.6 361.9 355.2 349.9 343 337.2 331.7 327.1 322.3 319.8 319.8 319.8 319.8 323.3 326.7 328.3 328.7 331.9 336.2 341.8 352.5 362.4 353.6 345.5 333.8 322 311.6 302.7 295.1 285.9 274.6 263.8 254 242.6 227.1 208 189.8 170.2 151.8 135.2 120.1 107.5 96.8 89.4 82 83.7 86 86.6
614.8 599.6 583.1 569.7 556.3 542.8 524.4 506.9 491.9 483.1 474.7 469.6 465.6 455.2 444.3 435.1 428.6 422.2 417.5 410.5 403.7 397 391.1 385.1 378.7 376 376 376.4 379.9 378.4 375 368.9 362.4 355.9 350.6 344.4 338.3 332.6 327 321.6 319.8 319.8 319.8 321.9 324.4 328 329.5 329.2 330.7 332 340.1 350.6 359.1 356.4 345.3 332.3 321.2 312.9 305 299.1 288.9 279.7 269.1 257.3 243.6 228.4 209.9 189.2 168.2 150.5 131.2 117.1 104.6 96 86.7 78.7 80.1 83.4 82.4
584.4 568.4 549.6 537.8 526.3 514 503.7 490.9 474.9 463.8 455.4 450.1 439.6 429.5 418.7 413.1 412.2 413.1 405.6 400.9 397 393.4 388 382.3 378 376.5 376 376 380.9 380.2 374.8 368.2 362.4 356.9 351.6 344.5 337.9 332.5 327.1 321.2 319.8 319.8 319.8 323.1 325.9 329.5 330.1 329.1 330 330.5 333 343.8 354.7 353.9 345 333.8 322.1 314.5 308.8 299.8 290.8 281.9 271.5 259.4 245.3 229.8 209.7 187.5 166.4 147.8 128.7 112 101 93.2 83 76.7 76.1 80.1 78.2
560.1 543.3 526.9 519.8 510 500.6 490.3 477.3 461.7 451.6 442.5 434.1 424.2 414.7 407.5 401.8 400.1 399 396.9 394.5 393.1 390.5 385.6 379.1 377.4 376.3 376 376.7 381.1 378.3 373.5 367.9 361.2 355.9 351.8 346.3 338.7 332 326.9 322.3 319.8 319.8 319.8 322.5 326.9 329.3 329.9 328.2 327.6 327.6 327.9 334.1 350.3 354.7 342.3 332.5 324.1 317.8 312.1 302.8 295.3 285.9 276.9 261.3 246.6 230.4 207.7 186.6 166.6 145 126.3 108.7 98.1 89.7 80.4 73.3 72.2 76.4 73.8
543.7 527.6 514.4 507.2 502.3 493.5 480.7 468.2 454.2 444.6 435 425.6 415.8 407.7 400.5 395.5 392.6 392.2 389.7 388.1 388.4 385.7 381.2 375.7 376.6 377.2 376.2 380.4 379 377.3 373.3 367.2 360.8 356 352 346.3 339.2 332.7 327.2 322.7 319.8 319.8 319.8 323.5 327.5 329.2 329.1 327.9 325.9 325.1 324.2 326.2 334.4 341.7 336.7 327.8 321.4 318.8 312.1 306.1 298.7 289.4 280.5 264.1 249.1 229 206.3 183 162.9 144.3 123.3 106.9 95 85.1 76.2 70.5 69.2 73.2 70.4
532 517.2 509.4 501.8 497.1 488.9 474.9 459.6 447.2 437.9 428.4 417.9 408 398.7 392.9 389.6 386.4 383.7 383.1 380.3 379.9 379 375 370.5 372.9 376.2 378.6 383.8 379.8 377.1 372.6 367 361.3 356.2 351.2 345 338.4 333.7 328.4 323.2 320.4 319.8 321.6 323.9 325.8 327.7 327.6 325.4 324.6 323.4 322.3 321.5 324.6 325.1 318.8 312.6 313 310.9 306.1 302.3 299.1 289.3 280.3 265.6 248.1 229.2 203.2 179.5 159.3 143.1 123.3 105.9 94.5 79.4 71.4 67.6 67.2 68 67.9
525.3 509.3 501.4 496.8 490.7 481.2 469.1 455 440.1 430 420.4 410.7 401.5 391.4 386.2 382.8 379 374.3 374.7 373.4 371.4 369.5 366.3 365.2 371.4 376 381.6 386.1 379.9 377.8 373.8 367.8 361.8 356.7 351.3 343.4 338.8 334.1 328.9 324.1 321.4 319.9 320.7 322.2 324.1 327.7 326.4 324.3 323.3 321.8 320.3 318.5 317.8 317.6 308.9 302.9 300.6 300.6 297.8 295.8 288.7 282.9 273.6 261.8 245.3 227.9 201.6 176.9 155.3 137.9 121.3 105.7 93.1 82.2 70.8 65.6 65.8 64.2 65
521.5 505.7 497 488.3 483.2 472.3 458.6 446.6 430.9 420.2 410.3 401.9 394.5 385.3 379.8 374.7 370.3 365.6 365 364.5 363.5 358.2 352.7 360.9 368.5 377.7 382.1 384.4 381.3 378.9 374.4 368.8 362.7 356.2 350.2 343.2 337.9 332.6 328.4 323.5 321.4 318.9 320.7 322.3 322.6 326 325.9 324.1 322.6 320.6 318.3 316.2 312.5 307.9 303.2 295.9 293.9 292.7 290.3 285.5 280.7 272.7 264.7 252.1 236.4 221.9 196.3 172.3 149.1 134.7 118.5 100.9 87.9 75.5 67.7 64.2 64.2 63.8 60.8
517.3 499.4 488 479.5 472.2 462.6 449.5 436.4 424 411.3 400.1 392 386 379.3 373.4 368.4 361 355.1 352.5 352.9 350.7 343.9 341.9 353.8 366.1 379.5 386 384.5 381.3 378.9 373.6 368.7 362.4 356 349.1 342.2 335.9 331.1 327.6 324.3 320.1 318.1 320 320.8 323.4 325 324 322.9 322 319.3 315.7 312.6 308.5 303.4 298.8 294 289.3 286.9 285.3 280.8 272.3 265.3 256.8 241.8 228.3 214.8 193.1 171.1 146.4 129 113.6 98.2 85.9 75 65.9 61.8 61.9 61.6 58.9
514.5 495.1 478.1 469.7 460 451.2 437.8 426.7 412.4 401.2 391.2 384 377.2 373.5 366.7 359.4 352.2 343.9 339.9 337.7 335.5 329 331.2 345.5 362.3 378.1 386.2 383.2 382.4 379.5 372.8 367.5 360.9 354.2 348 340.4 334.5 330 326.8 323.6 319.8 317.3 318.3 319.1 321.5 321.7 322.6 322.8 320.5 318.6 315.3 310.3 305.8 301.3 296.7 291.1 286.8 281.8 280.5 275 266.2 257.9 251.4 238.3 223.9 209.6 188.6 167.2 144.4 124.8 108.4 95.4 84.6 72 64.1 60.4 60.5 60 58.2
507.5 489.6 469.5 459.1 449.4 438.5 427.6 417 403 393.5 386.8 377.3 371 366.5 359.2 349.8 342.8 334.9 328.5 324.1 320.1 314.5 320.5 336.8 355.5 379 381.7 384.4 382.4 377.7 372.4 367 360.7 354.3 346.7 339.8 333.6 328.5 326.5 323.8 321 317.3 315.5 315.2 318.1 320.4 320.2 319.8 319.5 317.7 314.1 307.4 302.4 298.5 294.1 289.6 285.3 279.1 276.2 271.2 261.6 254.7 247 233.6 218.8 204.2 184.2 162.1 142 121 105.1 93.1 81.2 71.9 62.2 59.9 58.7 58.5 56.4
501.1 481 462.1 446.4 435.2 425.9 416.9 406.8 394.6 387.5 381 373 365.7 359.2 352.2 344.9 335.6 327.3 319.9 314.9 308.6 300 308.6 322.2 344.4 369.2 372.2 384.3 385.4 380.4 372 366.7 360.5 353.2 345.5 338.2 332.2 328 325.5 321.9 321.7 316.8 311.5 311.2 313.6 317.4 316.9 316.1 316 315.5 312 306.3 299.7 296.1 291.8 287.8 282.5 277.4 273 264.1 258.1 250.8 241.8 229.5 214.4 199.7 179.1 156.9 138.4 117.8 103 89.2 77.9 67.4 61 58.3 56.7 56.6 55.5
495.2 469.8 449.8 439 424.2 411.9 402.9 395.5 385.8 379.5 374.1 366.9 357.7 352.1 345.4 339.5 330.1 321.6 314.5 307.3 299.5 291.8 296 307 323.7 347.4 362.1 380.3 387.2 381.7 371.4 366.1 359.4 352.1 343.2 335.4 330.8 326.6 324 322 317.7 316.7 309.5 306.1 309.1 313.3 313.3 313 312.7 312.5 309.2 304.5 298.1 293.8 288.5 285.2 280.3 275.4 267.8 263.8 254.3 246.7 237.5 224.5 209.5 191.1 172 154.3 135.3 117.3 99.9 86.7 76.1 68.1 59.7 56.8 55.8 55.1 55.2
487.9 458.1 438.1 427.6 416.6 400.8 391.6 384.1 376.6 371.6 365.6 359.2 352 345.9 339.7 332.9 325 318.1 310.4 300.4 292.6 285.8 286.1 295.4 305.5 324.8 343.8 363.7 386.9 381.3 372.2 365.3 358.2 350.1 340.9 332.9 329.4 325.3 323.6 321.3 316.8 309.9 309.9 299.3 305.8 308 312.1 311.2 310 308.6 304.7 301 295.3 291.6 286.6 282.6 276.6 271.1 265.9 259.2 251.8 244.7 233.3 220 203.8 185.6 167.2 150 133 115 99.9 86.2 76.3 67 58.1 55.8 55.5 54.5 54.7
473.5 443.4 427.6 417.2 403.8 393.8 385.3 375.4 369.6 364.4 358.2 351.4 345.7 340.2 334.5 324.8 318.5 312.6 304.9 294.3 285.8 277.8 276.7 285.8 294 304.7 321.2 344.7 372.7 382.3 372.7 364.2 356.4 348.3 337.6 329.9 325.9 324.3 322.8 319.6 314.9 306.4 301.9 294.4 301.1 303.3 307.1 308 306.7 304.8 302 298.7 292.8 287.7 283.6 279.6 274.7 267.5 262.4 256 249.5 241.1 229.3 215.7 198.5 179.8 162.1 145.9 130.4 112.9 96.7 83.7 73.4 64.1 56.1 55 54.2 54.2 53.7
445 431.2 415 404.3 395 386.2 378.4 370.5 361.2 355.8 349.5 344.3 340.5 335.4 328.8 321 311.8 306.5 298.5 288.5 278.1 270.6 268.5 274.6 280.5 292.5 304.9 326.5 354.9 377.2 371.4 361.7 353.3 344.4 334.9 327.7 325.2 323.4 321.2 317.3 312.3 305.5 295 293.9 297.1 299.9 303.6 304 302 300.4 297.5 293.9 288.8 284.4 280.8 276.7 270.6 265.2 258.5 253.4 248 236 225.2 210.4 195 176.2 158.3 142.3 124.3 106.7 94.6 81.5 70.8 61.6 56.6 54.4 52.7 52.9 53
426.3 416.7 404.2 393.5 384.5 377.5 370.5 363.2 354.8 349.3 344.5 340.1 335.4 327 321.7 314 306.8 298.2 290.2 280.4 272.2 263.3 261 265.6 274.1 284.8 297.6 312.8 338.6 371.4 366.9 357.5 347.9 339.2 331.6 328.7 325.6 323 319.4 314.9 310.1 302.8 296.3 288 292.5 294.4 297.8 300.2 297.8 295.5 292.2 288.5 284.7 279.7 277.4 272.9 268.5 262.5 258.2 250.8 242.5 233.6 221.2 206 188.9 170.9 155.2 135.1 117.7 105.4 91.7 79.7 68.9 59.8 55 53.8 53.1 52.9 52.4
413.4 405.2 393.9 383 376.2 369.2 362 356 349.3 344.6 337.7 333.4 328.6 322 316.2 308.8 300 291.2 282.8 273.5 265.3 259.3 252.5 258.1 267 277.7 287.7 301.1 325.8 357.8 358.4 348.7 341.7 333.6 329.2 328.1 327.4 323.8 319.1 314.6 308 299.7 292 280.2 287.9 290.5 292.7 295 293.7 290.9 286 282.8 279.7 278.3 272.7 269.8 264.3 258.1 254.1 247.8 237.5 228.6 217.2 201.6 184.3 169.2 151.9 131.6 115.5 102.1 90.3 79 65.9 57.6 55.2 53.7 52.9 52.4 51.9
400 391.8 382 374.1 366.9 359.6 354.5 349.2 343.5 339.4 333.4 326.5 321.2 315.7 308.1 300.2 292 284.6 274.4 263.7 258.9 253.1 247.8 252.1 260.8 267.7 273 290.6 316.9 345.9 346.8 339.6 334.4 330.4 329.1 328.6 327.7 325.5 319.4 314.4 308.2 299.8 288.9 274.3 283.8 287.3 289.3 290.9 289.6 287.9 283.6 279.6 277.2 275.4 270.4 265.5 259.9 253.5 247.5 243.2 233.2 223.1 212.5 197.9 181.2 166.7 148.8 131.2 113.4 99.9 86.5 76 64.8 56 54.5 53 51.2 50.9 52.1
383.6 376.9 370 364.1 358.6 351.4 348 342.9 336.7 332.6 327.9 319.2 311.9 307.8 299.5 292.1 284.9 276.4 267.5 257.7 251.4 246.8 242.5 246.9 251.9 258 269.1 285.2 307.5 334.9 332.6 331.1 328.3 330.8 331.4 331.2 330.1 326.4 322.3 315.1 308.5 299.1 289.1 271.5 282.2 281.7 286.4 288.5 287.4 284.5 281.9 277.7 273.4 271.5 266.6 259.9 253.6 247.7 242.3 236.6 228.5 219.4 205.8 191.6 177.5 163.6 145.1 128.6 112.3 97.7 82.8 71.2 60.9 54.1 52.5 51.9 51.2 50.3 51.5
368.7 364.6 359.6 355.2 350.5 344.4 340.7 335.6 329.8 324.5 318.3 311.9 305.9 298.7 290.8 285 278 268.3 259.6 251.9 245.4 241.3 240.4 242.5 248.1 256.1 267.4 281.6 297.2 318 324.8 323.8 329.5 335.3 336.6 335 333.1 328.5 322.5 317.2 308.6 297.8 286.5 270.8 274.8 276.7 281.1 284 283.3 283.5 280.1 275.5 271.3 267.6 263.3 257 248.2 241.9 235.6 230.8 222.7 213.4 200.7 189.2 171.7 158.5 141.3 125.2 109.7 93.8 80 68.5 57.7 52.2 51.5 51.1 50.7 50.2 51.2
355.9 354.6 348.8 347.7 343.3 338.5 333.4 328.5 322.8 315.8 310.9 304.2 297 290.2 283.4 275.6 268.3 258.8 252.7 245.4 240.5 237.9 237.5 239.2 244.9 253.7 264.1 275.4 286.7 306.8 319.5 326.6 336.1 341.8 342.7 339.1 334.7 330.2 326.4 320 311 300.5 284.4 270.5 266.3 270.7 277 279.1 279.3 278.3 276.1 270.6 266.5 262.3 258.2 251.5 243.7 236.5 230 223.4 216.3 206.7 191.5 182.1 167.1 154.4 137.6 121.1 107.4 92.3 79.1 67.5 57.3 51.9 51.2 51.2 50.4 50.4 50.2
345.7 343.1 340.1 339.5 337.7 333 326.9 322.2 316.1 308.8 303 295.8 290.3 283.4 275.2 266.7 259 252.3 245.8 241.3 237.2 234.6 235.3 237.4 242 250.4 261.7 275.6 287.4 303.2 319.7 334.2 342.5 348.3 347.5 343 337.5 332.4 328.5 323.1 315.2 303.4 288.6 272.9 254.4 264.4 271.5 273.1 274.3 272.1 271.7 265.5 260.7 256 252.7 245.7 238.9 231.1 224.2 214.6 206.5 198.5 186.7 173.8 162.5 150.3 133.9 119.2 105.6 91.7 78.4 69 59.5 51 50.7 50.7 50.8 49.7 50.4
337.3 334.7 333.3 332.2 331.8 326.6 320.7 315.1 308.2 301.1 294.9 288.3 281.5 273.9 266.6 256.7 249.6 245.3 240.1 237 233.5 232.3 232.4 235.7 240.3 249.3 259.6 274.4 287.9 308 329.7 342.8 349.9 352.8 351.5 345.6 339.9 334.9 332.3 327.2 319.4 305.8 290.8 268.9 250.9 260.3 267.2 266.5 268.1 265.8 263.6 260.7 255.4 250.8 246.1 240.3 232.9 226 219.2 210.5 197.4 187.8 178.4 167.5 156 145 130.6 114.6 101.7 90 77.5 70.5 60.7 50.8 50.4 50.5 50.6 50.4 49.7
328.6 326.1 326.5 326 324.1 319.4 314 307.3 299 292.5 285.1 278.5 272 266.5 258.5 247.2 241.1 238.2 235.3 232.9 230.2 229.2 231.5 234.2 239.7 248.4 261.8 275.7 291.5 315.5 335.6 350.6 355.3 355.9 353 347.6 341.6 338.2 335.9 331.6 322.3 308.4 292.5 274 252.1 249.6 259.4 261.9 260.7 259.7 256.8 254 249.5 243.6 237.5 233.1 227 220.4 213.3 205.1 191 176.4 167.1 159.2 149.3 138.5 126.3 111.4 97.4 87.6 78.3 73 62.3 52 50.2 50.3 50.3 50.2 51.9
322.5 320 320.4 319.6 315.5 311.1 305.2 298.9 291.4 283.7 276.8 270.6 265 257.8 249.2 239.4 235.3 233.6 232.8 228.6 226.9 227.3 230.4 234.4 240.4 250.6 264.6 280.2 298.3 321.1 343 356.4 358.7 358.2 355.4 350.6 345.6 341.7 338.8 333.4 324.2 310.3 294.9 275.4 254.5 237.4 247.1 255.2 253.7 252.3 249.2 245.8 241.5 233.6 229.4 223.6 219.8 214 207.1 199.3 187.6 172.3 159.1 151.8 142.3 132.4 119.8 106.2 95.2 86.1 78.4 71.3 63.9 52.6 50.8 50 50 48.4 52.7
