Assets/StreamingAssets/GeoData/Data/nr/NR99.asc
ncols 200
nrows 200
xllcorner 190000
yllcorner 690000
cellsize 50
[rows 0 to 35 of 200, columns 0 to 80 of 200]
268.4 264.7 264.2 263.8 264.4 264.5 265 265.6 265.8 264.5 260.3 262.7 266.7 269.3 270.3 270.1 273.8 277 280.8 286.4 292.6 299.6 306.5 313.1 319.8 329.6 341.8 350.7 350.1 359.9 364 362.5 363 360.6 357.6 356.1 352.9 352.7 351 345.9 344.5 341.7 341.1 341.8 343.5 335.7 315.2 306.5 301.5 297.5 298.9 303.4 304.8 301.1 290.7 280.7 278.7 285.6 285.5 278.8 290.8 291.1 289 280.2 281.4 285.4 287.4 272.5 269.6 269 268.3 268.3 279 274.6 277 276.7 270.6 263.8 259.6 255.3 251.6
260.9 262.2 260.8 257 256.7 257.5 259.7 260.7 260.2 260.2 259.1 264.8 267.5 269.6 270.8 273.4 276.1 280.3 286.1 291.9 298.1 303.5 310.8 317.9 325 340.2 347.2 358.9 359.3 363.2 363.6 362.8 360.5 359.2 362.9 355.5 354.5 354.6 354.7 346.7 346.4 349.9 353.8 349.6 343.3 332.6 315.8 305.3 301.5 299 294.1 297.8 301.2 297.4 286.1 278.9 272.5 272.7 274.2 263.6 274.4 278.3 280.1 282.2 271.9 270.4 268.2 267 268 278.1 281 287.9 295.1 299 291.3 282.2 276.5 263.2 258.9 256 256.2
256.7 259.4 253.8 250.2 250.4 252.7 254.4 255.5 255.2 258.6 261.3 264.7 269.7 270 272.3 276.1 279.5 284.7 290.4 295.4 300.7 306.9 314.1 322.6 333.4 344.3 357.1 354.1 364.1 367.9 366.3 359.9 357 357.2 359.9 363.4 360.7 360.9 356.7 348.5 349 356.2 352.5 351.7 343.4 326.6 319.9 306.9 301 296.2 287.4 296.3 299.7 297.4 288 273.6 271.4 270.5 279.5 266.4 261.3 268.5 270.6 270.4 263.6 268.2 268 267.6 281.6 294.1 298.5 296.9 296.8 295.3 291.2 280.3 265.3 254.8 252.3 250.7 247.4
250.9 247.5 241.8 249.3 250.3 251 251.3 253.1 255.1 258.4 261 264.9 267.4 270.9 274.3 281.7 284 288.4 292.9 297.1 302.5 309.2 317.2 328 340.8 347.8 354.2 357.4 364.5 364.4 356.8 352.5 351.4 356.3 359.9 363.2 370.2 370.6 363.4 348.2 349.2 356 351.8 344 334 315.9 307.6 303.5 302.9 300 288.9 285.6 292.3 285.5 276.4 274.2 272.4 277.1 280.9 264.4 257.7 260.1 258.2 258.3 260 260.1 268.7 276.8 291.9 297.5 298.7 297.7 296 295.4 290.7 278.3 253.7 246.4 245 242.4 231.1
244 240.6 249.4 256.4 255.8 255.6 253.4 256.1 259.4 259.1 262.1 268.9 271.9 272.1 278.3 283.9 288.4 291.5 294.8 300.1 304.6 312.7 320.7 328.8 337.5 346.8 348.5 356.2 361.5 358.4 352.1 348.4 350 355.9 360.3 368.2 373.6 372.3 355.3 349.1 346.4 345.9 336.8 327.8 314.4 301.5 295.1 293.2 290.2 286.9 282.7 273.2 274.5 276.5 271.7 271.6 277.6 280.6 273.3 259.5 256.5 254.9 259.2 260.5 259.8 264.2 276.1 286 293.2 295.7 296.1 296.6 296.6 293.2 287.6 267.2 250 244.8 235.6 227.5 223.2
235 247.8 260.1 260.7 263 259.5 256.9 259.8 262.4 260.9 267.9 274.1 274.5 275.7 280.2 286.7 291.1 293.1 298.2 303.3 308.7 312.7 320.6 328.7 338.7 342.2 348 354.5 357.5 350.9 346.6 342 352.5 358 361.6 369.3 369.8 364.3 347.7 345.6 339.7 346.9 337.2 326.5 302.9 284.9 281.9 285.9 283.9 277.7 270.4 269.3 273.6 279.1 270.8 274.7 278.7 276.8 263.7 254.4 254.4 262.3 268.3 270.7 265.4 267.6 279.2 287.7 290.8 291.4 292.2 291.9 291 287.7 272.2 259.9 245 236.3 227.3 222 220.7
248.6 261.2 265.2 266 265.3 261.1 259.1 261.6 262.6 266.6 273.4 277.2 278.8 280.7 283.7 289.1 291.4 293.8 298.6 303.1 308.3 312.1 316.2 329 333.8 338.9 347.6 350.7 344.8 343.9 339.6 343.6 353.3 356.7 363 368.5 365.7 349.8 338.3 330.6 331.7 335.4 332.3 312.4 292.3 280.1 275.9 275.4 276.7 275.3 269.2 265.5 267 269.2 271.9 273.9 275 269.3 253.7 252.1 259.3 272.7 275 273.1 268.7 273.1 280.5 286.2 287.4 287.8 286.9 286.4 283.3 275.1 264.8 253.4 235.9 229.3 222.4 218.8 216.7
266.3 266.2 266 268.4 265 262.5 261.1 264 268.3 273.5 278.9 281.4 282 284.5 286.7 288.6 290.5 292.9 296.9 300.5 304.7 308.7 317.8 325.7 330.1 335.9 343.7 344.3 341.7 338.6 337.8 346.4 351.1 356.7 357.7 356.5 347.9 333.4 327 334.6 334.3 322.8 315.8 293.2 283.2 285 276.2 273.6 270.6 272.4 272.4 266.4 261.9 268 273.2 271.2 259.7 251.7 250.5 262.6 272.7 277.8 279.4 273.3 271.1 273.3 277.2 281 282.1 281.2 280.5 275.3 267.9 258 247.2 235.1 229 223.4 219.5 217.9 216.1
263 265.5 273.4 269.3 265.2 262.5 264.5 271.7 272.8 277.1 279.2 279.1 286.6 284.8 286 287.4 288.8 292.2 296.4 297.3 301.5 304.3 310.9 319.6 326.3 330.3 331.6 331.7 333.1 331.4 332 333.9 339.3 342.9 343 339.4 329.3 326.6 326.5 337.8 332.4 316.9 298.4 278.7 275.8 278.2 282.6 275.3 269.9 262.4 261.8 261.1 262.6 269.8 269.5 264.9 251.8 250.2 260.6 272.5 275.8 274.8 272.8 271 269.8 271.4 273.5 275.5 276 272.3 272.1 264.8 251 242.8 232.2 226.6 222.5 221.6 220.4 217 208.3
263.3 267 268.3 267.4 265.7 267.9 271.1 274.3 280.4 282.8 284.3 282.3 283.3 283.5 285.2 284.9 286.6 288 288.7 291.9 297.5 297.1 302.1 309.8 315 319.9 317.2 320.4 320.2 318.4 322.4 327.5 332.4 337.8 334.7 325.8 326.1 325.6 331.1 331.1 325.4 308.1 287.4 274.4 273.9 278.9 280.2 276.6 270.2 257.2 257.6 257.3 263 266 265.3 252.8 247.8 256.7 268.6 271.6 272.5 270.1 269.1 266.8 267.1 267.9 269.2 267.5 265.8 262.6 253.7 245.5 237.6 229.8 224.8 221.4 219.7 219.2 218.6 211.1 203
268.5 270.9 271.4 270.9 269.5 271.7 279.6 285.3 290.7 290.3 287.3 287 283.6 282.8 284.8 286.1 285.8 285 285.7 287.6 288 291.1 294.2 299.9 304.5 306.6 309 309.1 314.2 314.2 317.9 325.4 329.7 330 325 322.4 323.6 327.6 325.3 325.7 318.3 301.4 279.9 272.1 273.4 278.6 273.7 268.6 262.9 256.2 256 257.3 264.6 265.7 251 245.2 251.8 268.2 268.7 269.2 268.1 266.1 264.6 262.2 260.5 261.2 261.8 259.8 252 246 238.8 233.5 228.9 223.6 220.2 218.3 217.3 213.5 207.8 202.3 196.5
275.1 278.7 276 276.4 274.8 279.3 289.1 292.9 294.3 292.6 290.3 289.2 285.5 284.7 286.4 290 293.9 293.3 288.6 289.9 290.9 298.6 295.4 299.4 302 303.6 304.8 306.9 309.7 312.9 319.3 324.8 334.4 334.7 324.9 324.3 330.9 334 321.4 317 305.9 289.4 273.4 271.5 272.5 269 266 259.3 255.8 255.3 255.4 263.1 264 254.9 245.9 250.9 257.5 261.3 266.2 266.8 266.9 263.2 259.2 256.9 255.3 254.4 252 247.4 237.5 234 229.9 227.5 222.1 219.5 219 214.8 212 205.6 198.3 194.9 189.3
280.6 279.9 283.9 285.1 288.5 293.6 300.1 302.7 305.6 306.9 298.7 301.5 307.9 293.8 293.9 297 298.6 298.3 293.9 296.4 301.7 305.6 301.1 301.6 302.5 307.6 317.6 317.9 313.4 314 318.6 329.6 326.4 322.3 324.2 326.2 330 338.4 318.6 313.3 295.1 278.9 270.2 280.6 271 266 261.5 254.3 253.4 255.2 264.2 266.8 257.8 241.4 243.4 250.3 258.2 260.4 261.6 260.8 260.7 258.9 252.1 249.7 249.7 248.4 244.2 234 227.5 226.7 221.3 221.3 216 215.4 212.5 208.2 204.2 198 191 189.3 184.8
285.1 294.2 305 311 312.9 315 313.8 311.6 314.3 311.6 310.3 313.8 320 308.4 303.9 308.1 306.5 309.6 316.3 310.2 304.1 304.2 301.8 303.7 316.6 317.9 321.9 323.4 316.3 315.5 321 323.1 320.4 318.2 325.5 326.5 331.5 324.7 316.4 309.4 281.5 268.9 274.1 276.1 274.3 269.6 257.4 252.7 262.4 263 264.8 254.8 241 240.7 244.9 249.2 251.3 254 254.8 254.1 252 247.4 244.5 243.9 242.8 238.8 231.8 225.7 222.2 221.2 216.3 215.9 212.7 208.6 203.6 199.4 196 190.5 188.1 185.2 182.2
294 310.3 313.6 324.6 320.9 325.1 325 319.6 323.2 326.7 324.2 320.6 318.3 312.8 308.9 312.2 317.9 324.2 330.4 313.2 308.7 306 305 322.8 314.3 315.9 322.2 317.2 312.7 314.9 320.6 317.3 312.2 317.8 321.8 318.7 324.7 318.8 311.2 294.2 269.9 266.5 272.3 274.7 276.5 273.6 256 256.9 254.5 254.6 251 243.1 236.3 241.6 243.5 246.4 247.9 249.7 247.8 243.6 241 242.3 237 233.4 230 225.2 222.4 220.1 217.4 215.3 209.6 208.9 203.7 199.3 196.6 192.6 188.7 184.9 182.8 180.8 178.9
308.3 318 323.8 324.1 324.7 327.1 325.8 327.5 329.8 343.2 339.1 330 321.3 315 313.4 317.8 326.4 333 329.9 321.8 317.6 317.6 308.6 310.5 312.7 316.4 314.6 306.5 307.8 310.8 311.5 309.4 303 307.8 307.4 310.3 321.8 304.4 296.3 276.4 265.6 266 273.4 273.5 266.2 256.4 247.6 250.3 246.3 245.8 241.3 235.3 238.8 241.5 241.8 242.4 243.9 244.7 239.3 233.1 235.3 237 227.8 222.7 221.6 221 217.6 214.4 210 207.3 204.2 198.9 196.1 192.1 189.8 187.7 185.5 180.8 177.7 177.7 177.1
321.9 320.8 323.1 324.4 325.7 327.2 327.1 339.9 340.3 347.9 349 335.8 336.8 332.3 328.5 328.6 331.6 337.3 331.7 328.9 333.2 328.7 312.3 312.1 313.8 315.8 304.4 303.8 304.9 308.2 300.6 298.2 303.1 297.1 290.4 291.9 292.3 292.2 283.1 267.3 264.3 279 271.8 263.7 257.9 253.2 249.7 242.7 240 236.5 233.5 237.3 238.8 240.1 236.2 238.2 239.1 236.8 231.4 226.7 228.6 227.9 223.2 218.4 215.7 213.4 211.8 207 203.9 200.3 195.9 192.2 189.9 188 186 184.7 181.9 179.1 177.4 176.5 175.9
314.3 318.5 321.4 326.6 332.1 332 337.9 339.3 345 349 343.1 332.2 340.2 335.6 339.6 336.6 339.5 338.9 336 336 337.3 328.9 314.8 312.9 315.9 309.1 299.9 303 304.8 308 295 297.3 296.6 282.4 275.5 274.8 275.9 277.7 277.4 263.9 265 267.9 263.8 257.9 255.2 253.9 251.7 246.8 233.4 236.1 238.1 239.8 236.8 234.4 232.6 231.8 233.1 228.3 223.3 221.7 221.5 223.3 221.1 214.4 212.2 207.9 205.5 201.3 197.2 191.7 191.4 188.1 186.2 184.7 183.3 182 179.6 177.2 175.4 174.9 174.5
314.9 319.4 327.7 332.6 334.8 337.7 342.3 345.2 349.6 351 338.3 332.2 337.9 339 345.5 344.3 339.7 337.7 338.1 342.6 337.3 327.7 315.2 312.1 315.7 298.5 296.2 297.5 302.3 294 292.4 293.3 281.5 275.6 273.3 272 272.1 274.9 271.2 262.9 265.3 265.9 266.5 258.1 253.7 251.8 249.3 245 235.3 235 235.1 234.9 232.4 230.7 228.1 225.9 225.3 219.5 218 218.9 216.6 216.4 215.5 211.6 206.8 204.6 201.7 198 194.4 190 186.2 185.1 183.6 182.2 180.5 177.8 176.3 174.8 173.2 172.7 172.6
305.2 319.2 328.6 335.7 334.3 337.4 343.8 344.2 349.1 348.8 332.2 334.4 340.2 340.3 341.7 340.4 339.3 341.1 344.2 345.4 341.3 330.4 315.2 308.2 298 295.8 295.8 295.8 297.2 293.7 294.6 292.6 288 283.5 273 271.1 271.3 271.4 264.8 263.7 265.7 264.5 258.3 254.6 251.9 245.9 239.7 238.5 234.1 228.5 230 229.7 228.7 227.5 225.5 223.2 218.3 216.3 214.4 216.2 212.6 211.1 208.7 205.3 203.6 201 198 194.2 190 186.6 183.7 182.6 181.5 180.1 177.2 175.7 174.2 172.1 170.6 171.6 168.2
303.2 317.4 323 327.8 329 332.5 337.2 339.1 342.5 339.8 332.2 332.2 338 342.9 341.4 340.9 341.1 343 345.9 349.7 343.1 336.6 317.4 303.6 295.8 295.8 295.8 296.8 297.5 299.2 304.1 291.8 284.9 284 274.7 271.8 268.4 268.1 262.9 261.1 258.2 256.3 253.6 248.2 244 239.1 237.3 234.7 233 231.7 226.3 225.6 224.8 224 222.4 220.7 217 216.3 215.7 210.7 207.6 203.9 202.3 201.8 198.9 196.7 193.6 190.4 186.8 184 181.4 180.9 179.4 176.5 175.1 173.5 170.9 166.4 154.6 161.4 169.5
305.2 315.3 313.5 322.3 332.1 342 338.6 338.9 343 333 332.2 332.2 336 338.8 338.7 342 345.4 345.2 349.7 347.9 341.6 334.5 319.8 301.2 295.8 295.8 297.6 299.8 304.4 306.9 299.5 285 280.8 277.1 273.1 271 261.4 260.9 256.7 251.9 249.9 248.3 244 240.5 238.1 234.8 233.8 230 227.5 225.5 223 222.2 220.6 217.5 213.7 215.8 215.4 213.8 211.8 208 202.5 200.2 199.5 198.6 194.9 192.4 188.7 185.5 182.3 181.4 178.7 173.6 174.4 174.4 171.8 169.3 166.2 161.6 155.2 168.2 171
320 320.8 317.4 317.6 336.8 336.3 337.9 339.8 337.7 332.2 332.2 332.7 333.7 337 338.7 343.5 343.1 348.2 351.1 348.7 342.5 333.1 320.3 304.3 295.8 295.8 303.5 302.1 303.5 299.2 286 281.3 274.8 271.3 269.4 266.5 257.9 252.6 250.5 247.3 245.3 241.5 239.3 235.7 235.3 232.4 229.3 226.9 224.1 221.1 220.2 216 215.2 215.8 214.7 209.7 211.8 210.6 208.3 205.5 202.8 198.3 194.8 194.5 191.7 188.7 185.1 182.2 179.7 178.1 175.9 169.4 169.5 169.2 165.5 163.8 163.4 155.4 159.6 169.6 173.4
329.6 324.4 319.8 324.6 339.4 337.8 336.6 344.1 334.5 332.2 332.2 337.3 337 337.9 340.9 346.6 341 345.9 347.6 347.8 344.3 330.9 316.5 305.5 296.2 298.4 299.9 300.3 295.5 287.5 282 278.7 269.1 266.9 264.3 261.1 255.1 250 248.2 247.3 246.3 242.1 237.7 234.1 228.2 228.4 225.8 223.9 220.9 218.7 217.5 217.3 219.6 219.6 217.6 212 204.4 206.8 204.5 202 199.5 195.3 186.3 190.8 187.8 184.8 181.5 178.5 177.7 175.1 172 168.4 165.4 164.5 160.5 158.6 153.6 153.4 166.5 174.8 175.3
334.6 329.1 323 335.3 336.1 336.1 337.5 337.7 332.2 332.2 336.3 338.5 339 337.9 340 342.3 336.4 339.2 338.5 337.2 333.9 326.5 315.8 305.9 295.6 298.4 299.3 299.9 296.6 283.7 280.7 273.7 267.2 265.8 263.8 259.7 253.1 248.4 246.2 245.7 239.6 236.1 233.8 229.8 227.1 223.9 222.1 221.3 219.6 218.6 218.4 220 222.2 220.5 218.4 213.5 200.1 202.1 200.7 198.5 195.3 190.3 183.7 184.4 182.7 180.7 177.8 175 173.8 170.9 166.7 162.5 161.3 158.8 150.4 154.9 161.8 164.8 170.2 179 180.5
336 331 330.6 329 330.5 332.1 344.4 332.2 332.2 335.3 338.2 337.3 337.3 337.4 339.2 331 330.9 332.3 330.1 322.8 319.1 315.7 313.1 299.6 298.7 299.2 296.9 296.3 291.8 281.3 276.5 268.6 266.6 264.9 261.3 256.9 251.5 246.2 244.4 241.9 236.3 232.9 230.1 228.2 226.8 224 222.4 221.1 220 219.8 221.7 222.8 224.1 221.8 218 211.4 199.3 196.7 197.3 193.4 190.2 186.5 180.9 178.5 177.7 177.3 175.1 170.4 168.6 165.8 161.5 157.4 154.1 148.7 157.6 162.7 165.5 171.3 174.3 179 181.7
340.7 339.7 339.6 333.4 328.4 334.9 332.2 332.2 332.2 336.9 337.4 335.9 334.3 334.5 333.4 325.3 323.3 324.3 316 309 305.9 303.4 296.8 292.1 298.4 298.4 296.3 286.3 275.9 271.7 268.2 266.9 264.1 261.5 257.5 252.9 248.7 244.8 242.3 235.8 230.9 229.9 228.3 227 225.8 224.2 222.9 221.5 220.3 222.4 221.7 220.8 221.1 218 212.9 206.3 194.2 196.8 185.7 188.1 185.5 180.6 172.6 174.1 173.4 173.4 169.6 165.1 163.6 162.3 158.8 156 148.1 155.7 160.3 163.5 169.5 172.7 175.2 177.8 183.9
342.8 339.8 339.8 334.5 331.7 341.1 332.2 337.7 341.5 342.5 340.1 337.2 331.8 332.5 326.9 321.5 317.3 309.1 304.1 301.9 301.2 297.9 294.1 291.2 293.1 293.8 294.9 287.4 269 264.2 265.1 264.6 258.9 255.3 251.4 247.8 246.2 243.9 241.2 234.1 230 226.4 227.8 227.2 226.2 225.2 223.6 222 221.4 222.5 221.7 220.6 218.3 214.5 206.8 194.9 190.8 193 189.7 182.4 177.9 174 168.6 168.8 168.3 166.2 163.1 160.3 162.3 160.8 158.3 146.5 151.2 158.4 161.8 165.9 168.7 171.9 174.6 179 184.9
344.1 338.9 335.6 334.2 341.7 333.8 335 343.2 347.5 344.4 342.6 341.2 334.8 335.1 323.8 320.3 313.8 308.3 304 299.7 299.3 295.5 293.6 292.7 291.2 290.7 290.5 281.4 269 261.7 260.2 257.6 254.6 251.4 247.4 244.8 243.3 241.4 236.4 234 229.3 225.5 227.5 226.6 225.5 223.8 222.4 221.1 221.5 222.3 221 218.3 214.8 208.6 201.5 193.4 191.6 188.6 183.3 178.2 172.7 168.8 162.4 160.4 161.3 159.8 158.6 159 159.5 157.7 154.3 145.8 153.6 160.2 164.4 168.5 173.6 174.7 176.4 179.9 183.1
346.9 336.6 333.7 337.3 336.8 332 336.2 346.3 347.5 347.4 348.9 339.7 337.5 333 324.8 325 312.8 306.8 301.8 298.1 295.4 293.9 293.7 291.9 287.1 286 279.7 268.8 267.6 262 259.6 257.6 256 250.1 243.5 242.6 242.2 238.9 234.4 232.4 227.2 225.9 224.6 224.7 223.2 221.5 220.2 220.4 222.7 221.7 218.7 216 211.2 201.2 192.2 186.9 185.3 183.1 175.4 172.2 168.6 168.3 160.9 157.4 159.4 159.5 155.8 155.8 154.5 153 148.8 145.9 156.1 159.7 165.1 169.3 172.7 175.8 179.2 181.4 183.9
337.6 330.9 331.4 338.5 332.4 332.3 340.4 342.7 340.8 344.7 347.2 340.2 337.5 326.9 323.4 316.1 308.6 304.3 299.1 296 294.2 293.3 293.9 295.1 282.3 274.9 271.7 268.7 267.8 262.9 260.3 258.3 256 246.7 242.2 241.1 240.9 238.7 233.8 229.5 227.9 227.8 226.2 223.5 221.1 218.7 218.3 221.1 223.6 223.2 218 210.5 200.6 190.5 191.3 189 179.9 173.2 169.4 167.9 165.8 164.1 162.2 155.8 158.3 157.4 153.7 154.6 151.9 146.4 145.2 147.9 156.3 161.3 166 170 174.6 177.6 178.3 180.4 184.1
335.6 327.5 330.6 324.6 333 338 339.1 333.6 336.9 338.3 340.3 341.3 332.5 323 315 307.2 302.8 297.4 295.4 294.5 293.4 297.4 300.9 293.9 285.6 272.5 268.4 266.1 266.5 262.3 260.6 257.4 251.2 244.5 241.5 239.9 239.2 235.7 231.2 232.2 230.5 228.1 224.4 221.7 218.9 216 216.9 220 223.3 224.2 210.8 196.4 188.3 186.7 185.6 178.9 175.6 170.7 167.4 160.5 160.4 161.5 160.8 158.8 154.1 150.7 152.5 152.5 144.7 143.4 146.6 155.1 161.8 165.9 169.5 172 173.6 174.5 177.1 177.8 178.2
324.2 326 326.3 322.1 335.6 337.4 324.4 325.9 329.7 330 330.3 328.5 324.9 317.5 307.6 303 300.4 299.3 296.7 295.3 296.8 305.5 306.4 291.9 280 269.7 266.2 263.9 265 262.6 261.8 263.6 257.2 244 239.6 238.5 234.2 234.4 235.8 229.2 227.3 225.3 222.5 220 217 212 213.4 216.5 217.9 207.5 193.6 185.5 182.4 180.6 178.7 174.8 171.8 169.6 167 165.7 157.8 160.7 156.9 156.3 152.2 149.3 146 150.2 142.4 147.7 154.7 160.5 165.8 168.4 168.2 167.9 169.6 171.6 171.9 172.4 173
322.4 330.9 312.8 325.9 337.6 321.6 318.7 321.8 321.4 318.3 312.6 311.3 311 309.8 304.7 302.7 307.8 300.7 298.5 297.8 304.7 322.3 306.4 289.2 274.1 265.6 263.7 263.4 263.1 263.7 264.2 264.5 256.5 242.7 238.2 236.6 234.5 231.5 228.9 226.4 224.1 221.9 220.3 218.5 215.2 212.6 202.7 208.8 200.2 189.9 183.3 178.6 176.6 175.4 174.5 171.8 169.1 167.4 165.4 163.2 154.5 159.4 153.8 150.3 147.1 143.9 144.3 142.8 146 154.2 158.9 160.5 162.3 164 163.9 162.5 163.6 164.5 166.1 168.1 167.9
323.4 308.7 313.4 327.1 318.3 318.4 320 323.8 315.2 307.3 301.4 300.3 301.6 300.6 299.6 303.7 301.9 300.6 299.9 306.4 315.8 316.2 297.6 280.9 269.3 262.7 259.9 263 263.7 264.3 264.9 262.8 247.5 237 235.4 232.1 230.1 228.6 225.8 222.9 220.6 218.5 217 214.1 211.6 206.2 197.1 192.7 186.5 182.8 178 173.8 173 172.9 171.9 170.2 166.8 165.7 162.5 159.8 152.2 155.9 152.5 146.5 143.1 141.9 141 141.6 148.5 153.7 157.6 157.7 160 160.6 159.6 158.6 158.4 160.4 161.2 162.7 164.6
305.5 305.2 321.5 320.3 313.5 317.6 324.2 322.3 308.7 300.7 299 294.4 294.8 295.6 299.5 300.2 302.3 303.7 306.9 313.3 312.1 299.6 285.9 276 266.6 260.4 260.1 262.6 264.5 265.8 262.4 255.3 238.6 234.4 230.4 228.4 225.9 225 222 220 217.9 215.8 213.2 210.7 203.9 196.2 190.5 186 180.9 176.2 172.2 169.8 170.2 169.8 170 168.4 166.2 162.8 161 160.1 158.6 148.8 151 143.6 141.3 139.8 141.3 145.7 148.7 151.7 155.7 155 155.3 154.8 158.9 165.6 161.8 159.8 159.8 163 163.5
