Game/Highland_Data/StreamingAssets/GeoData/Data/hp/HP60.asc
ncols 200
nrows 200
xllcorner 460000
yllcorner 1200000
cellsize 50
[rows 152 to 189 of 200, columns 0 to 84 of 200]
40.8 42.3 43.8 48.3 52.9 56.1 59.3 59 58.9 55.9 52.2 49.6 46.7 45 42.7 40.6 40.6 40.6 41.5 44.8 46.6 47.6 46.5 45.1 44.7 44.7 43.5 39.5 36.3 34.2 28.4 20.3 12.3 9.3 5.7 3.3 1.3 0.2 -0.9 -0.9 -0.9 -0.9 -0.9 -0.9 -0.9 -0.9 -0.9 -0.9 -0.9 -0.9 -0.9 -0.9 -0.9 -0.9 -0.9 -0.9 -0.9 -0.9 -0.9 -0.9 -0.9 -0.9 -0.9 -0.9 -0.9 -0.9 -0.9 -0.9 -0.9 -0.9 -0.9 -0.9 -0.9 -0.9 -0.9 -0.9 -0.9 -0.9 -0.9 -0.9 -0.9 -0.9 -0.9 -0.9 -0.9
40.2 41.7 44.6 48.4 52.4 55.2 58.9 61 62.3 60.3 56.6 54.3 51.4 48.7 46.7 44.6 41.3 39.6 43.5 48.3 51.1 48.4 50.4 50.8 49.1 47.3 43.5 40.6 37 33.5 28.2 20.8 15.1 9.3 6.3 3.2 1.6 0.7 -0.9 -0.9 -0.9 -0.9 -0.9 -0.9 -0.9 -0.9 -0.9 -0.9 -0.9 -0.9 -0.9 -0.9 -0.9 -0.9 -0.9 -0.9 -0.9 -0.9 -0.9 -0.9 -0.9 -0.9 -0.9 -0.9 -0.9 -0.9 -0.9 -0.9 -0.9 -0.9 -0.9 -0.9 -0.9 -0.9 -0.9 -0.9 -0.9 -0.9 -0.9 -0.9 -0.9 -0.9 -0.9 -0.9 -0.9
39 41.3 44.8 49 52.5 55.3 58.1 61.8 63.9 62.7 62 59.6 58.5 55.2 53.7 49.8 46.1 43.2 45.7 51.3 53 50.2 51.9 54.2 51.4 49.1 48.1 41 37.7 34.7 27.3 22.5 17.5 11.3 6.6 4.6 2.8 1.1 0.2 -0.9 -0.9 -0.9 -0.9 -0.9 -0.9 -0.9 -0.9 -0.9 -0.9 -0.9 -0.9 -0.9 -0.9 -0.9 -0.9 -0.9 -0.9 -0.9 -0.9 -0.9 -0.9 -0.9 -0.9 -0.9 -0.9 -0.9 -0.9 -0.9 -0.9 -0.9 -0.9 -0.9 -0.9 -0.9 -0.9 -0.9 -0.9 -0.9 -0.9 -0.9 -0.9 -0.9 -0.9 -0.9 -0.9
38 42 44.2 48.5 52.1 54.9 58 61.1 63.8 65.5 65.2 63 62.5 59 53.9 52.1 48.7 46.6 47.1 52.7 53 51.4 53.5 54.1 52.4 49.7 45.8 40.5 37.7 32.9 28 22.1 18.1 12 8.2 6.6 4.7 3.5 0.9 -0.1 -0.9 -0.9 -0.9 -0.9 -0.9 -0.9 -0.9 -0.9 -0.9 -0.9 0 0.7 -0.9 -0.9 -0.9 -0.9 -0.9 -0.9 -0.9 -0.9 -0.9 -0.9 -0.9 -0.9 -0.9 -0.9 -0.9 -0.9 -0.9 -0.9 -0.9 -0.9 -0.9 -0.9 -0.9 -0.9 -0.9 -0.9 -0.9 -0.9 -0.9 -0.9 -0.9 -0.9 -0.9
37.1 40.1 43.3 46.9 50.7 55 58.2 62.1 65.4 67.4 67.4 66.7 65.5 60.7 55.8 53.4 51 48.2 48.4 50.9 54.2 52.4 54 54.3 53 50.4 46.8 41.3 36.6 33.9 28.7 22.7 17.4 14.6 10.6 9.2 6.8 4.9 3.7 0.7 -0.9 -0.9 -0.9 -0.9 -0.9 -0.9 -0.9 -0.9 -0.9 1.7 2.3 7.7 -0.9 -0.9 -0.9 -0.9 -0.9 -0.9 -0.9 -0.9 -0.9 -0.9 -0.9 -0.9 -0.9 -0.9 -0.9 -0.9 -0.9 -0.9 -0.9 -0.9 -0.9 -0.9 -0.9 -0.9 -0.9 -0.9 -0.9 -0.9 -0.9 -0.9 -0.9 -0.9 -0.9
35.5 38.4 42.8 47.1 50.5 53.1 56.1 60.1 64.7 67.7 68.6 67.5 66.1 61.8 58 54.5 51.1 49.1 49 48.8 51.2 51.6 51.9 54.2 51 49.1 46.6 38.9 34.2 31.1 26.6 22.7 20.1 16.8 13.3 11.1 7.9 6.1 5.3 4.9 0.5 -0.9 -0.9 -0.9 -0.9 -0.9 -0.9 1.3 9.9 13.3 14.4 13.1 9 3 -0.9 -0.9 -0.9 -0.9 -0.9 -0.9 -0.9 -0.9 -0.9 -0.9 -0.9 -0.9 -0.9 -0.9 -0.9 -0.9 -0.9 -0.9 -0.8 -0.9 -0.9 -0.9 -0.9 -0.9 -0.9 -0.9 -0.9 -0.9 -0.9 -0.9 -0.9
33.5 37.1 41.9 45 48 50.8 54 58.7 63.4 66.1 67.5 66.5 65 61.9 59 55.4 51.7 48.9 47.5 48.4 50.8 50.4 50.4 49.5 47.2 45.6 41.4 37.6 34.4 29.6 25.9 23.7 21.5 19.3 15.7 11 8.2 7.4 7.3 6.1 4 0.7 -0.9 -0.9 -0.9 1.5 7.9 11.7 15.1 16.9 19 16.8 14.2 10.8 -0.9 -0.9 -0.9 -0.9 -0.9 -0.9 -0.9 -0.9 -0.9 -0.9 -0.9 -0.9 -0.9 -0.9 -0.9 -0.9 -0.9 0.7 7.8 -0.9 -0.9 -0.9 -0.9 -0.9 -0.9 -0.9 -0.9 -0.9 -0.9 -0.9 -0.9
31.5 34.6 40.2 43.8 46.5 49.5 54.3 59 62 64.6 65.5 65.5 63.2 60.2 57.2 53.9 51 48.9 46.6 46.6 48.7 48.5 47.2 45 43.2 40.3 38.1 36.8 33.4 29.8 26.7 23.6 22.7 18.4 14.1 12.9 11.1 10.1 9.6 8.8 8.2 7.6 6.3 4.8 6.1 9.2 12.5 16.2 19.4 22.5 23.1 21.7 19.5 15.3 8.2 -0.9 -0.9 -0.9 -0.9 -0.9 -0.9 -0.9 -0.9 -0.9 -0.9 -0.9 -0.9 -0.9 -0.9 -0.9 -0.9 2.3 6.3 11.7 11.4 -0.9 -0.9 -0.9 -0.9 -0.9 -0.9 -0.9 -0.9 -0.9 -0.9
31.7 34.3 38.4 42.8 45.8 49.4 54.1 59.1 62 62.8 63.2 63.8 61.3 57.2 54.6 52 50.3 47.8 46.2 45.3 45.4 45.2 44.2 41.6 39 37.3 37.4 34.9 32.6 30.1 28.8 23.7 20.6 19 18.4 16.7 15.5 14.9 14.9 13.7 12.6 11.4 10.1 6.4 9.6 13.2 16.6 20.3 24.4 26.6 27.2 26.5 24.6 20 14.1 -0.9 -0.9 -0.9 -0.9 -0.9 -0.9 -0.9 -0.9 -0.9 -0.9 -0.9 -0.9 -0.9 -0.9 -0.9 -0.9 1.9 6.8 12.4 11.4 -0.9 -0.9 -0.9 -0.9 -0.9 -0.9 -0.9 -0.9 -0.9 -0.9
31.7 34 37.3 41.9 46 49.1 52.5 55.7 58.7 60.3 61.8 61.4 58.4 56 53 50.6 48.5 45.5 45.5 44.6 44.2 44.3 44.1 40.7 38.4 37.2 35.8 32.9 31.5 29 26.8 24 23.7 23.1 23.3 23.4 22.6 21.3 20.4 19.3 17.6 15.7 13.1 8.9 13 16.9 20.3 24.1 27.5 29.7 31.1 32.5 30.5 26.1 20.9 14 7.4 -0.9 -0.9 -0.9 -0.9 -0.9 -0.9 -0.9 -0.9 -0.9 -0.9 -0.9 -0.9 -0.9 -0.9 3.9 9.5 13.5 8.5 -0.9 -0.9 -0.9 -0.9 -0.9 -0.9 -0.9 -0.9 -0.9 -0.9
31.6 35.7 38.4 41.2 45.1 48 49.9 51.7 54.6 57.7 59.7 57.3 53.7 51.1 49.7 46.3 43.1 42.5 44.2 45 45 45.3 45 43.4 40.6 39 36.3 33.5 31.9 30.9 28.3 29 30.3 30.6 30.6 30.4 29.2 27.2 25 23.2 21.3 18.9 15.9 10.9 16.2 20.2 24.1 28 31.1 33.1 35.8 36.3 35.1 31.3 25.1 18.9 12.4 -0.9 -0.9 -0.9 -0.9 -0.9 -0.9 -0.9 -0.9 -0.9 -0.9 -0.9 -0.9 -0.9 4.6 6.9 9.8 10 7.6 -0.9 -0.9 -0.9 -0.9 -0.9 -0.9 -0.9 -0.9 -0.9 -0.9
29.9 33.9 36.7 39.7 42.9 45.4 46.2 48.6 51.7 55.1 56.1 53.3 49.6 46.4 43.6 40.6 39.4 40.5 42.9 45 45.6 45.9 45.9 43.9 42.7 40.8 39 36.4 33.7 32.4 32.9 33.5 34.4 35 35 33.8 32.2 30.4 27.9 26.2 24.2 20.6 16.6 14.1 20.4 25.2 28.1 31.8 34 35.8 38.1 39.4 38.9 34.5 28.9 24.4 17.4 10.4 -0.9 -0.9 -0.9 -0.9 -0.9 -0.9 -0.9 -0.9 -0.9 -0.9 -0.9 3.2 5.8 9.4 10.1 9.2 7.5 -0.9 -0.9 -0.9 -0.9 -0.9 -0.9 -0.9 -0.9 -0.9 -0.9
30 31.8 34.5 35.3 38.5 41.3 43.6 46.5 50.2 53.1 51.6 49.4 47 43 39.9 38.5 39.6 42 44.3 45.3 46.1 46.4 45.3 43.9 42.9 42.1 40.9 38.4 35.7 34.5 35.3 35.9 36.9 38 36.5 36 34.4 32.8 30.8 28.1 25.3 22.2 18.4 17.3 23.4 29.2 32.4 35.6 37.6 38.8 40.5 42.6 42.4 37.9 33 29.4 22.9 15 10.3 -0.9 -0.9 -0.9 -0.9 -0.9 -0.9 -0.9 -0.9 -0.9 3.5 4.5 6.8 9.6 8.9 7.5 2 -0.9 -0.9 -0.9 -0.9 -0.9 -0.9 -0.9 -0.9 -0.9 -0.9
25.5 28 31.8 32.8 34.7 37.1 41.1 44.7 46.8 47.5 46.6 46.4 43.2 39.5 37.4 37.5 40.6 43 44.6 45.5 45.8 45.9 44.6 44.4 44 43.2 41.4 39.9 37.3 36.6 36.8 37.8 38.5 38.5 37.9 37.7 36.3 34.3 31.6 29.1 26.4 23.4 19.8 19.7 25.4 31.9 35.6 38.7 41 42.3 43.1 44.4 43.4 40.4 37.5 33.3 26.3 19.9 14.5 -0.9 -0.9 -0.9 -0.9 -0.9 -0.9 -0.9 -0.9 -0.9 6.6 6.6 7.1 8 8.3 7.5 4.2 -0.9 -0.9 -0.9 -0.9 -0.9 -0.9 -0.9 -0.9 -0.9 -0.9
23 24.2 26.1 28.3 30.9 33.5 38.3 40.7 43.4 43.7 42.7 40.7 37.7 36.5 36.2 38.6 40.9 43.6 44.1 44.2 44.5 44.9 45.3 44.8 44.6 44.3 42.5 40.4 38.1 38.2 38.3 39.5 41 41.6 40.8 39.3 37.8 35.9 32.7 29.8 27.1 24.6 21.6 22.3 26.4 33.5 38 40.9 43.3 45.5 46 46.1 45.2 43.3 40.6 37.7 32.4 26.6 19.7 14.6 7.8 -0.9 -0.9 -0.9 -0.9 -0.9 -0.9 -0.9 6.2 7.6 8.3 9.3 10.7 9.4 6.9 -0.9 -0.9 -0.9 -0.9 -0.9 -0.9 -0.9 -0.9 -0.9 -0.9
20.3 21.4 22.5 24.6 28 31.1 35 37.9 37.6 38.3 36.7 34.6 34 34.4 35.7 38.1 40.4 42.1 42.4 42.1 43.7 45.1 46.2 45.9 44.7 45.3 42.8 39.8 37.7 38.1 38.5 40.3 42 43.4 42.5 41.3 39 36.4 33.3 30 27.2 25.4 23.4 22.9 27.3 33.7 38.2 41.7 45.4 46.6 46.6 47 46.1 45.2 43.7 41.4 36.9 31.9 25.4 18.3 12.1 6.5 -0.9 -0.9 -0.9 -0.9 -0.9 -0.9 5.5 8.7 9 11.8 10 4.5 5 -0.9 -0.9 -0.9 -0.9 -0.9 -0.9 -0.9 -0.9 -0.9 -0.9
18.1 19.2 21.3 23.8 26.2 29.1 31.4 32.2 30.7 30.4 30.2 30.3 32.1 33.3 34.3 36.1 38.1 40.4 40.3 41.4 43.3 45.4 47.2 44.7 44 44.3 41.1 39.4 37.7 38 38.5 41.1 43.7 44.6 44.1 42.7 39.9 37 33.8 30.4 27.7 26 24.2 21.8 27 32.7 37.5 41.4 45.1 47 47.9 48.2 47.8 47.3 46.5 45.1 40.5 35.6 29.3 22.6 16.5 10.3 -0.9 -0.9 -0.9 -0.9 -0.9 -0.9 -0.9 9.4 10.2 9.7 7.3 4.9 1.4 -0.9 -0.9 -0.9 -0.9 -0.9 -0.9 -0.9 -0.9 -0.9 -0.9
14.5 16.7 20.1 22.8 24.4 26.3 26.9 26.6 24.5 24.1 25.8 26.2 28.2 30.9 33.4 34.8 36.9 37.7 38.5 40.7 42.9 43.5 45 43.5 41.1 40.3 38.8 37.6 37.3 37.6 39.1 41.7 43.7 45 44.7 42.8 39.7 36.5 33.3 30.7 28.1 26.2 23.1 24 25.8 30.9 36.5 40.9 44.9 47.2 48.4 49 49.1 48.6 47.8 45.8 42.1 36.5 33 27.6 20.2 13.2 8.1 -0.9 -0.9 -0.9 -0.9 -0.9 -0.9 4.9 10.2 11.8 10.6 6.8 5.9 -0.9 -0.9 0.7 -0.9 -0.9 -0.9 -0.9 -0.9 -0.9 -0.9
9.6 11.8 15.5 18.1 20.3 21.6 19.9 18.6 18.6 18.4 19.9 21.5 25.2 28.6 31.3 33.4 35.5 37 38.4 40.1 41.8 42.5 41 39.8 38.7 36.9 36.2 36.2 36.6 36.8 39 41.4 43.1 44.3 43.9 41.9 38.7 35.1 32.6 30.1 27.6 25.1 22.3 23.4 25.1 29 35.1 40.1 43.9 46.8 49 49.8 49.4 49 48.2 46.3 44.1 41.3 36.6 28.8 22.5 16.6 11.7 6.7 -0.9 -0.9 -0.9 -0.9 -0.9 -0.9 10.6 12.9 11.5 10.2 5.6 3 1.1 3.9 -0.9 -0.9 -0.9 -0.9 -0.9 -0.9 -0.9
4.7 7 9.8 12.1 14.6 15.9 15.7 14.6 14.3 14.8 15.9 18.9 22.6 26.3 30.2 32.7 34.7 36.1 37.4 39.5 40.6 39.9 39 37.7 36.2 35.4 34.6 34.3 34.5 35.1 37.3 39.5 41.3 42.9 42.7 40.3 36.6 33.4 31.7 29.1 25.1 23.2 23.2 23.7 24.3 27.4 33.2 38.3 43 46 48.8 49.9 49.6 49.2 48.3 46.6 45.7 42.8 36.5 31.1 25.3 19.6 14.7 10 5 -0.9 -0.9 -0.9 -0.9 1.8 7.7 12 13.9 12.4 8 3.6 1.1 -0.9 -0.9 -0.9 -0.9 -0.9 -0.9 -0.9 -0.9
2.3 3.2 5 7.4 9.5 10.6 11.1 12 12 13.2 14.3 17.1 21.4 24.8 28.8 32 33.9 35.3 37.1 39 39.3 39.3 38.5 37 35.9 34.9 33.8 33.3 33.2 33.3 34.2 36.6 39.2 41.1 41.1 37.7 34.4 30.8 28.7 27.3 24.7 24.1 23.4 23.9 24.5 25.9 29.7 35.9 40.9 45.3 48.1 49.7 49.4 47.3 45.1 44.4 45.1 42.8 37.4 33.2 27.6 21.8 17.3 12.1 6.9 -0.9 -0.9 -0.9 3.4 2.6 5.8 11.5 12.9 11.9 7.4 4 1.1 -0.9 -0.9 -0.9 -0.9 -0.9 -0.9 -0.9 -0.9
1.4 2.1 3.3 5.3 6.8 8.7 9.9 10.5 10.9 12.3 13.8 16 20 23.3 26.6 30.4 32.9 35.2 37 38.4 38.7 38.6 38.2 37.7 37.3 36.4 35.2 33.5 33.4 32.8 32.2 33.4 36.2 38 37.4 35.1 31.7 28.3 27.8 27 25.4 24.9 23.7 24.2 24.7 25.9 27.4 34.3 40.1 44 46.6 47.4 46.9 43.9 41.4 41.1 43.1 41.9 38.5 33.9 29.4 24.5 19.6 14.2 9.1 7.2 5.1 3.7 3.8 5.1 7.5 10.8 13.4 12.8 9 6.7 -0.9 -0.9 -0.9 -0.9 -0.9 -0.9 -0.9 -0.9 -0.9
1.4 2.6 3.9 5.7 7.3 8.7 9.2 10.6 11.3 12.9 14.3 16.2 19.1 22.8 26.5 29.8 33.4 36 38.4 39.1 39 39.3 39.2 38.9 38.5 37.9 35.7 33.7 33 32 31 31.1 32.3 33.4 33 31 28.8 29.6 30.7 30 28.8 27.4 25.7 25.3 25.6 26.4 29.8 35.5 40.2 42.4 44.7 45.9 43.7 40.2 38.7 38.5 40.8 40.3 38.6 35.7 31.5 26.4 22.3 17.4 12.4 9.9 7.6 6.1 4.9 8.5 10.6 12.1 17.2 15.8 10.8 6.8 -0.9 -0.9 -0.9 -0.9 -0.9 -0.9 -0.9 -0.9 -0.9
3.3 5.2 6.5 8.2 8.7 9.2 10.5 11.2 11.8 13.4 15 16.8 20.4 24 27.6 30.8 34.4 36.6 38.8 39.7 40.3 40.9 40.2 39.8 39.5 38.8 36.6 33.8 32.3 31.2 30.1 29.6 29.8 29.8 29.2 28.4 29.7 32.7 34.5 33.9 32.6 30.7 28.5 27.9 27.8 28 31 35.1 38.9 42 44.3 43.3 40.8 38.3 37.1 37 37.2 37.3 38.1 36.2 32.1 28.7 25.7 21 16.5 12.8 11 9.3 8.2 9 10.2 16.1 20.4 19.7 15.6 9.7 -0.9 -0.9 -0.9 -0.9 -0.9 -0.9 -0.9 -0.9 -0.9
6.6 7.4 8.8 9 9.5 10.4 10.9 11.7 12.4 13.9 16 18.7 21.8 25.2 29.1 32 35.3 38.1 40.1 41.3 42.1 41.9 41.3 40.8 40.4 38.8 36.2 33.4 31.7 30.5 29.2 28.7 28.4 28.6 28.7 28.9 32.4 36 37.3 37 35.1 33.1 31.7 31 30.4 30.7 31.4 33.2 37.1 41.3 43.6 42.7 40.1 37.6 35.7 35.2 34.7 34 36.9 35.8 33.1 30.4 27.9 24.9 19.9 15.7 13 11.8 13.1 12.7 13.4 19.8 22.5 22.4 20.3 13.3 -0.9 -0.9 -0.9 -0.9 -0.9 -0.9 -0.9 -0.9 -0.9
9.3 9.8 10 9.7 10.2 10.6 10.9 11.9 12.9 15 17.8 20.7 23.8 27.2 30.6 34 37.2 40.3 42.3 43.8 43.6 43 42.4 41.8 40.5 37.8 35.3 32.9 31 29.7 28.4 27.8 27.9 28.4 29.4 29.6 33.2 37 38.9 38.8 36.9 34.4 35.1 34.5 33.8 33.2 32.7 33.6 37.7 41.4 43 42.5 39.9 37.4 34.9 32.4 30.8 30.5 32.9 33.5 32.9 31.9 30.7 27.2 21.9 17.5 14.3 13 14.3 16 18.7 22.2 25 28.9 23.2 15.6 -0.9 -0.9 -0.9 -0.9 -0.9 -0.9 -0.9 -0.9 -0.9
10.3 10.3 10.5 11 10.8 11.5 13.2 13.8 14.5 17.2 19.9 23 26.6 30.3 33 36.2 39.6 42.3 44.3 46 46.5 45.4 44.2 42.4 40 36.8 34.9 32.5 30.4 29 27.7 27.4 27.5 28.2 29.1 30.1 33.6 38.1 39.6 38.8 37 36.4 37.3 38 37.5 36 34.4 35.4 38.8 41.5 42.6 41 39.1 36 31.7 28.2 26.6 26.9 28.1 31.2 33.4 33.8 32 27.5 22.7 18.5 15.1 13.9 15.1 16.9 21.6 24.4 28.9 30.2 28 19.9 8.2 -0.9 -0.9 -0.9 -0.9 -0.9 -0.9 -0.9 -0.9
11.3 11.4 10.9 10.9 12.3 13.2 15.5 16.2 17.6 21 24.1 27.2 30.2 33.3 35.9 39.1 42.1 44.1 44.7 46.7 48.7 48.2 46.8 43.7 40.2 36.7 34.7 31.9 29.8 28.6 27.5 27.2 27.2 27.9 28.5 29.8 34.1 37.8 38.6 38.1 37.4 38.1 39.2 40.1 39.1 37.4 35.7 36.9 39.6 42.3 44.1 41 37.9 32.9 29.9 27 25.9 25.9 26.1 28.3 31.6 32.5 29.3 26.9 23 19.3 15.9 14.6 16 18.3 22.5 27.2 32 31.1 28.8 22.6 14 -0.9 -0.9 -0.9 -0.9 -0.9 -0.9 -0.9 -0.9
9.6 11.1 11.7 12.6 13.5 14.8 17.6 19.5 21.2 24.4 27.5 30.7 33.8 36.9 39.8 42 44 45.5 46.9 47.9 49.5 49.2 46.8 42.9 39.6 36.6 33.7 31 29.5 28.3 27.4 27.4 27.3 26.9 27.2 29.9 33.6 35.9 36.6 36.1 35.8 36.4 38.3 40.4 39.1 37.3 36 37.6 39.9 43.3 45.2 42.9 38.6 34.2 30.2 26.8 26 25.4 25.4 26.8 28.8 29.6 27.6 24.8 23.2 19.6 16.4 15.4 17.2 19.6 24.4 30.8 32.7 31.6 29.8 23.8 19.1 -0.9 -0.9 -0.9 -0.9 -0.9 -0.9 -0.9 -0.9
8.7 10.7 12 13.5 15.8 18.1 20.5 21.9 24.5 26.8 30.2 33.7 37 40.3 43 43.8 44.9 46.4 47.9 48.5 48.9 47.7 45.8 42.1 38.5 35.8 32.8 30.6 29.2 28 27.8 28.1 27.4 26.1 25.6 27.7 30.3 32.2 33.3 33.5 33.9 34.7 36.4 39.6 37.9 36 35.7 36.8 40.4 43.9 45.8 44.8 40.7 35.6 31.5 27.3 25.9 25.4 25.3 25.1 25.6 26.4 26 22.6 21.5 19.4 16.6 17 18.6 20.3 25.7 30.6 31.8 30.6 28.6 23.9 21 -0.9 -0.9 -0.9 -0.9 -0.9 -0.9 -0.9 -0.9
7.5 10.7 12.2 15.1 18.3 21 23 25 26.9 29.3 31.9 35.8 39.4 42.6 43.5 44.2 45.3 46.9 48.1 47.7 47.2 46.2 43.8 40.4 37.2 35.1 32.1 30.8 29 28.3 28.5 28.7 27.2 25.5 23.9 23.9 24.6 27.1 29.4 29.7 30.1 31.2 33.6 36 34.9 34.7 34.6 34.7 37.5 41.6 45.6 43.7 40.5 36.5 32 27.3 25.9 25.8 25.7 25.2 24.2 23.9 22.5 20.9 19.7 18.4 17.3 17.2 18.3 19.2 23.3 27 29.9 29.2 25.5 24.1 20.6 -0.9 -0.9 -0.9 -0.9 -0.9 -0.9 -0.9 -0.9
7.3 11 13.3 16.7 20 22.9 25.5 27.9 29.5 31.5 34.2 37.3 41.4 43.8 42.5 43.9 45.1 46.8 47.5 46.9 45.8 44.5 41.3 39.1 36.5 34.4 32 30.6 29.6 29.5 29.6 28.8 27 25.1 23.1 22.7 22.9 23.8 24.7 24.6 24.8 26.5 28.7 31.9 33.4 33.5 33.4 33.2 34.9 40.5 44.2 42.1 39.1 35.5 31.3 27 26.5 25.7 25.5 24.9 25.1 25.5 24 20.4 17.9 16.5 16.5 16.2 16 17.1 18.3 24 28.5 29.8 25.8 21.2 18.1 14.5 -0.9 -0.9 -0.9 -0.9 -0.9 -0.9 -0.9
6.9 10.2 13.2 18 21.5 24.2 27.2 29.7 31.2 33.3 36.1 38.9 42.8 42.2 41.7 43.3 45.2 46.3 46.7 45.5 44.3 41.8 39.4 37.2 35 32.7 31.5 31.2 30.8 30.5 30.1 29 26.5 24.5 22.3 21.7 21.4 21.2 21.1 21.7 22.3 23.7 26.3 29.5 31.4 31.6 33 33.5 34.7 40.5 43.2 39.6 36.3 32.7 30.3 28.6 27.8 27.3 26.1 25.9 26.3 24.7 21.4 17.8 16.1 14.6 14.6 14.6 14.6 14.6 15.7 20.7 26.2 28 23.6 20.2 16 12.8 -0.9 -0.9 -0.9 -0.9 -0.9 -0.9 -0.9
6.8 9.3 13.1 17.2 21.1 25.3 28.7 31.5 32.4 34.8 37.8 40.8 42.7 41 41.2 42.3 43.7 45.2 44.6 43.5 40.3 38.7 37.5 35.6 32.5 31.6 32 32.4 33.3 32.3 30.5 28.8 25.7 23.2 21.6 20.8 20.7 20 19.8 20.1 21.1 22.6 25.5 28.7 32.6 34.3 34.5 34.9 36.6 40.7 40.9 37.9 35.2 33.6 32.2 32.3 31.7 30.5 30.6 29 24.6 21.4 18.5 16 14.2 12.4 12.3 12.2 12.2 13 15.3 15.3 18.8 21.5 23.1 21.8 16.3 8.1 -0.9 -0.9 -0.9 -0.9 -0.9 -0.9 -0.9
6.9 8.8 12.3 15.8 20.4 24.5 28.5 30.1 32.8 36.3 38.6 40 39.7 39.8 40.4 40.5 41.7 42.1 41.6 41.1 38.8 37 35.4 33.8 32.1 30.4 32 34.3 34.2 33.2 30.9 28.3 26.3 23.5 21.7 21 20.4 20.1 19.5 19.8 20.6 22.4 26.4 30.5 35 36.9 37.2 36.9 37.9 39.1 38.6 38.1 37.5 37.1 36.6 37 34.7 32.8 30.6 26.7 23.5 20.3 16.9 14.7 12.8 10.8 9.4 9.4 9.8 12.2 13.1 13.6 13.1 16.4 19.4 17.3 11.4 -0.9 -0.9 -0.9 -0.9 -0.9 -0.9 -0.9 -0.9
6.4 9.3 11 14 18.3 22.1 27.3 28.6 32.5 35.4 36.6 36.4 36 37 38.4 38.9 39.4 40 38.7 37.5 36.1 34.2 31.9 29.7 29.2 29.8 32.3 34 35.1 34.1 32.7 29.8 27.7 24.6 21.8 20.4 19.9 19.5 18.8 19.1 21.1 22.8 25.6 30.2 35.3 37.8 37.8 37.6 36.9 36.9 37.8 39.8 42.3 42 42.7 41.3 38.1 34.2 30.3 25.4 22.6 19.3 16 13.3 11.2 9.2 7.2 3.8 8 9.9 10.2 10 10.4 9.7 14.2 12.5 -0.9 -0.9 -0.9 -0.9 -0.9 -0.9 -0.9 -0.9 -0.9
6.4 7.7 10.3 13.4 16.1 20.1 24.6 27.2 32.6 34.5 32.9 32 32.5 33.6 34.5 35.3 35.1 35.6 35.2 33.8 32.3 30.5 28.3 26 26 28.1 30.6 33.3 35.4 35 33.7 32 28.5 25.2 21.9 19.6 19.2 18.8 18.3 18.9 21.1 23.2 24.9 28.8 34.5 37.6 37.9 37.1 36.3 36.1 37.1 41.4 45.5 47.4 46.7 45.4 42.2 35.5 29.5 24.7 21.6 19.5 16.1 12.3 9.6 7.6 -0.9 -0.9 7.3 9.4 8.8 8.8 8.5 -0.9 -0.9 -0.9 -0.9 -0.9 -0.9 -0.9 -0.9 -0.9 -0.9 -0.9 -0.9
5.7 6 8.8 10.7 13.2 17.4 22 26.9 31.6 31.2 28.8 27.9 29 30.2 31.1 31 30.9 30.8 30.1 30 28.6 26.4 24.8 23.7 24.1 26.5 30.5 34 36.8 36.2 33.9 32.6 29 24.4 21.2 19.5 19 18.4 18 18.9 20.8 21.7 23.1 27.2 33.3 36.6 37 36.5 36.1 36.1 38.1 42.8 47.3 48.3 47.2 45.5 42 35.7 30.3 26.5 22.9 18.9 15.6 12.2 8.8 -0.9 -0.9 -0.9 5.5 7.1 5.7 -0.9 -0.9 -0.9 -0.9 -0.9 -0.9 -0.9 -0.9 -0.9 -0.9 -0.9 -0.9 -0.9 -0.9
