Game/Highland_Data/StreamingAssets/GeoData/Data/sx/SX26.asc
ncols 200
nrows 200
xllcorner 220000
yllcorner 60000
cellsize 50
[rows 35 to 69 of 200, columns 80 to 159 of 200]
209.2 211.2 213.3 215.5 216.9 217.8 217.6 216.9 215.7 214.4 213.5 213.3 212.1 210.7 208.8 207.6 205.9 203.9 201.4 199 196.2 193.3 190.7 188.1 185.3 182.5 178.2 172.5 166.1 161.6 158.4 156.1 154.6 152.8 152.5 154.5 155.5 157.6 160 160.5 162.5 166 170.1 172.5 174.2 175.5 176.3 176.9 177.1 177.4 178 176.9 174.1 168.5 160 153.1 151.7 151.6 152.7 155.8 158.6 160.4 161.4 163.3 165.3 166.3 167.8 169.2 171.7 174.9 177.8 179.9 182.4 184 185.7 187.1 187.9 188.2 187.5 186
207.2 209 210.8 212.4 214.2 215 215.3 215 214.9 215.1 215.5 215.8 215.1 214 211.8 210 208.4 206.7 204.6 202.2 199.4 196.5 193.9 191.4 188.9 185.7 181.2 175.5 169.6 164.7 160.4 157.3 155 152.1 150.5 149 148.6 149.7 153 155.4 159.3 162.5 165.7 167.6 169 170.1 171.3 172.5 174 175.3 175.7 175.3 173.9 169.5 162.4 153.9 149.2 150.8 156.2 161.7 164.5 165.5 167.2 169.4 170.5 171 171.2 171.4 172.4 174.3 177.1 178.9 180.7 182.3 183.7 184.5 185.1 184.9 184 182.6
205.3 207 208.9 210.3 211.4 212.2 212.5 212.3 212.6 214.3 216.2 217.5 218.2 217.3 215.9 214.4 213.1 210.8 208 205.4 202.7 200.1 197.1 194.6 191.4 187.6 183 178.4 172.7 167.1 162.6 159.1 154.2 153.5 149.8 147.1 145.8 145.6 148 151.4 155.3 159.1 160.8 162.5 163.8 164.6 165.8 167.6 169.8 171.5 172.2 172 171.9 170.5 164.7 151.4 145.7 153.2 161.7 166.9 169.5 170.1 171.4 172.7 173.5 173.4 174.1 173.9 173.8 174.8 176.5 178 179 180.5 181.3 182 182.4 182.3 180.9 179.3
203.7 205.6 207.2 208.3 209.1 209.4 209.2 209.1 210.1 213.2 216.6 218.7 220.6 221.9 220.8 219.6 217.9 215.2 212.1 209.4 206.8 203.6 200.4 197.3 193.8 190.1 185.3 180.5 175.5 170 165.5 161.7 156.7 153.3 149.8 146.9 144.3 143.8 144.2 146.4 150.8 154.4 156.1 157.6 158.6 159.4 160.5 162.7 165.1 166.6 167.3 167.8 168 166.4 157.7 142.9 143.8 157.4 167.2 170.9 172.6 173 173.3 174.2 175.1 175.7 176.8 176.7 175.6 175.5 176.3 177.2 177.5 178.1 178.9 179.6 180 179.9 178.5 176.7
202.5 203.9 205.3 206.2 206.3 206.4 206.2 206.5 208 211.3 214.6 217.8 221 223.2 224.4 224 222.6 219.5 216.5 213.2 210.2 206.9 203.5 199.8 196.1 192.6 188.2 183.2 178.4 173.6 168.7 164.2 160.2 155.9 151.3 147.6 143.6 142.5 141.9 141.5 143.7 147.2 149.4 150.5 152.1 152.8 154.5 157.4 160 161.4 161.9 162.4 161.5 156 145.3 136.7 145 161.7 169.4 171.6 173.1 173.5 173.9 175.2 176.3 178.1 179.5 179.1 177.5 176.3 176.1 175.8 175.8 175.7 176.3 177 177.4 177.1 176.2 174.2
201.3 202.3 203.4 203.4 203.3 203.5 203.3 204.1 206.1 209.3 212.4 215.3 219.3 222 224.6 226.3 226.3 224.3 221.2 217.2 213.5 210.3 206.5 202.7 198.8 194.9 191.1 186.4 182.2 177.6 172.7 168 163.4 158.8 154.1 149.8 145.6 141.6 139.5 138.2 138.2 139.3 140.9 142.9 144.6 146.2 149.1 152.1 154.8 156.2 156.2 153.5 153.3 146.3 135.1 133.4 146.7 163.4 167.9 170 171.7 172.6 173.6 174.9 176.8 179.2 180.8 179.2 177.1 175 174.6 174.3 174.2 173.1 173.6 174.2 174.7 174.2 173.5 171.6
200.2 201.1 200.8 200.5 200.3 200.4 200.5 201.7 203.7 206.6 209.8 213.4 217.5 220.8 223.5 226.6 227.5 227.6 225.2 221 216.8 213.3 209.2 205.5 201.9 197.9 193.9 190.1 186 181.6 176.6 171.6 166.6 161.6 156.9 153.1 148 143.2 139.7 136.4 135.5 135.1 135.4 136.5 138.8 141.7 144.4 147.1 149.8 151.1 149.2 143.8 143.7 134.2 129.6 134.2 149.7 162.2 165.9 167.7 169.1 170.6 172.1 173.6 176 178.1 179.2 178 175.8 173.7 172.9 172.9 172.5 171.3 170.7 171.3 171.8 171.2 170.6 168.5
200.1 199 198 197.7 197.5 197.6 198.1 199.6 201.8 204.7 207.7 211.7 215.8 218.6 221.2 223.6 225.5 227.1 226.4 222.5 218.7 214.9 211.5 208.3 204.7 200.8 196.6 193 189.3 184.7 179.6 174.5 169.3 164.3 160 155.7 150.3 145.5 141.1 136.8 133.7 132.4 132 132.5 134 137 140 142.7 145.4 146.5 142.6 136.3 133 125.2 129.1 136.7 151.6 160.8 163.9 164.6 165.7 167.2 169.2 171 173 174.5 175.2 174.2 172.4 171.5 172 172.4 172.1 169.9 167.5 167.6 167.8 167.8 167.2 166.6
198.7 197.1 196 195 194.7 195.1 195.6 197.5 200.1 202.9 206.1 210.1 213.3 215.9 218.7 220.6 221.8 223.1 223.6 221.8 218.7 215.2 212 209.3 206.1 202.4 198.4 194.4 190.7 186.2 181.1 176.4 171.9 167 163 158.7 153.7 149.4 145.4 140.9 135.6 131.2 129.9 129.8 130 132.3 134.8 138.2 140.8 142.1 136.9 129.5 122.1 120.9 127.4 138.9 152 157.1 159.8 160.5 161.7 163.8 165.9 167.4 168.9 169.9 170.2 169.8 169.8 170.5 171.7 171.8 170.7 168.4 165.5 163.9 163.8 164.3 164.4 165
196.8 195.2 193.9 192.8 192.1 192.3 193.5 195.5 198.3 201.1 204.4 208.1 210.7 213.2 215.9 217.5 218.2 218.8 219.4 218.5 216.5 213.3 210.5 208 205.1 201.6 198.3 194.9 191.6 187.3 182.5 177.9 173.5 169.3 166 163.9 160.5 156.7 152.7 148.8 144.6 138.4 131.7 128.3 127 126.8 128.1 131.4 135.4 136.6 132.3 125.3 120.6 120.9 127.9 139.9 148.5 152.1 153.8 154.9 156.6 159.6 161.6 163.1 163.9 164.8 165.4 167 169 170.8 171 170.3 168.5 166.2 163 160.5 159.9 160.7 161.7 162.4
194.7 193.1 191 189.7 189.7 190 191.6 193.6 196.6 199.4 202.8 205.4 208 210.6 213.1 214.2 214.6 214.6 214.3 214.2 213.2 211.5 209.1 206.5 203.8 201 198.4 196.1 192.7 188.3 183.6 179.5 175.6 172.1 171.2 170.2 168.3 165.7 162.1 158.7 154.4 149.1 142.7 134.1 127.3 124.2 124 125.4 129.3 131.2 127.2 122.2 118.5 120.7 128.9 137.9 143.7 146 147.5 149.4 151.9 155.2 157 157.7 158.5 160.3 163.8 166.7 169.7 170.1 169.3 167.9 166.1 163.7 161 158 157 157.3 159 160.9
192 190.7 188.6 186.9 186.6 187.9 189.6 191.8 194.8 197.8 200.1 202.6 205.2 207.7 209.8 210.8 210.8 210.7 210.2 209.8 209.7 209.8 207.6 205 202.5 200.6 199 197 193.8 188.2 184.4 181.3 177.9 175.8 175.6 175.2 174 172.3 169.7 166.6 162.2 157.6 151.6 142.9 133.6 125.5 122.5 121.6 123.6 125.5 122.1 118.2 116.8 119.1 126.1 134.6 138.6 141 142.8 144.6 147.5 150.6 151.9 152.4 154.5 158.5 162.5 166.4 168.4 168.2 167.2 165.2 163.4 161.2 159 156.1 155 156 158.4 159.8
189.1 187.7 185.8 184.3 184.5 186.1 187.9 190.6 193.5 196.4 198.1 200 202.3 204.3 206.5 207.5 207.5 206.9 206.2 205.6 205.8 206.4 204.2 202.6 200.6 198.5 196.5 194.7 192.3 187.3 183.3 181.7 180.2 178.7 178.1 177.4 176.2 174.9 173.3 170.7 166.9 162.4 156.9 149.9 141.3 132.6 126.5 120.9 118.4 118.9 117.7 115.6 115.4 117.8 123.8 130 133.8 136.1 138.2 140.4 142.6 145.5 147.1 149.3 152.6 155.8 160.3 164.5 165.9 165.7 164.9 162.9 160.9 158.7 156.2 154.4 152.8 155.1 157 157.5
185.2 184.1 182.9 181.5 181.8 184.3 186.9 189.4 192.3 194.6 196.3 197.9 199.4 201.2 203.3 204.2 203.8 203.1 202.3 201 200.4 199.8 198.7 197.7 195.8 193.6 191.7 190.6 188.9 185.2 182.6 180.9 179.8 179 178.1 177 175.9 174.7 173.5 171.6 168.1 164 159.2 153.6 147.2 139.7 133.7 126.5 117.4 115.9 114.8 114.4 113.7 117.8 122.5 125.9 130 132.8 135.3 137.5 140.1 143.5 146.4 149.1 152 155.7 160.1 162.7 163.5 163.1 162.3 160.4 157.9 155.3 153.5 151.7 150.4 153 153.3 154.1
181.1 180.1 179.4 178.3 179.7 183.1 186.3 188.7 191.1 192.5 194 195.6 197.1 198.5 200.1 200.5 199.8 198.8 197.4 196.1 195.3 194.4 193.6 192.4 190.6 188.7 187.1 186.1 185.1 182.8 181 179.7 178.6 177.8 176.8 175.8 174.7 172.9 171.7 169.4 166.8 162.5 157.4 152.4 146.6 140.5 134.7 122.6 120.6 114.9 114 113.1 114.1 120.5 126.8 128.8 129 130.7 133.3 136.1 140 143.7 146.2 148.9 152.4 156.2 159 161.4 161.6 161.4 160 157.8 155.4 152.8 150.4 148.2 147 148.4 148.9 151.2
175.3 174.3 174.2 175.2 178.7 182.7 185.7 188 189.4 190.1 191.6 193.3 194.9 196.3 196.6 196.3 195.5 194.1 192.8 191.2 189.9 189.1 188.6 187.6 186.1 184.4 182.4 181.7 181.2 180.9 179.5 178 177.4 176.5 175.6 174.6 172.9 170.6 168.4 165.9 162.5 158.2 153.2 148 142.8 137.2 131.9 126.8 118.5 113.8 113 112.2 113.7 120.4 125.7 128.8 130.5 132.1 134.3 136.7 139.7 142.7 145.8 148.8 152.2 155.7 158.7 159.9 160.1 160.2 159 157.2 154.6 151.4 148 145.7 143.9 143.9 146.9 150
169.8 168.5 170 173.6 178.8 182.2 184.1 186.3 187.3 187.7 189.2 190.8 192.4 192.5 192.7 192.3 191.2 189.6 187.6 185.7 184.7 184.4 183.9 183.2 181.8 180.2 179.5 179.7 178.4 179.7 176.5 174.9 174.8 174.7 174.4 173.4 171.1 168.7 164.4 160.4 156.2 151.5 146.8 141.8 136.9 132.2 127.6 123.1 116 112.7 112 111.4 113 118.9 123.7 128 131.8 134.3 136.8 138.7 140.5 143 146.1 148.9 152 155 157.5 158.8 159.2 159.5 159.4 158.3 156 152.9 149.2 145.8 142.2 143.9 150.2 153
164.5 164.4 168.3 173.5 177.5 180.4 182.1 183.5 183.6 183.9 185.5 187.6 189.3 189.4 189.1 188.3 186.5 184.6 182.1 180.5 179.9 179.6 179.1 178.3 177.5 176.1 175.9 175.7 174.7 174.1 172.3 171.3 171.7 172.4 173 172.8 170.1 166.3 161 155.4 148.7 143.6 139.5 135.2 130.6 126.8 122.8 118.8 113.9 111.5 110.9 110.7 112.6 118.8 125.3 129.3 132.8 135.9 138.1 140.2 141.8 143.4 146.2 148.9 151 153.5 155 156 157 158.4 159.4 159.1 157.4 155 152.2 147.7 141.9 142.1 150.5 154.9
159.8 162.5 168 171.9 174.6 177 178.9 179.8 179.7 180 182.4 184.6 185.9 185.6 185.1 184.6 182.8 180.1 177.6 175.8 175 174.6 174 173.3 172.8 171.7 170.9 170.4 169.9 169.3 168.1 167.8 168.7 169.8 170.3 170.2 167.8 163.5 157.8 151.4 145 138.9 133.9 129.7 125.9 122.1 119 116.8 113.1 109.7 110.2 109.6 113.2 121.4 127 130.5 133 135.6 137.5 139.7 141.4 143.3 145.8 148.4 149.9 151.5 151.9 152.9 154 156.4 157.8 157.7 157 155 151.4 145.1 138.9 143.1 151.9 155.6
156.3 161.8 166.3 168.5 170.6 172.8 174.5 175.2 175 176.2 178.6 180.9 181.6 181.2 180.4 180.2 178.7 176.1 173.4 171.7 170.1 169.6 169 168.4 167.9 167.3 166.8 166.4 165.9 165.4 164.1 164 164.5 165.7 166 164.9 163.1 159.3 154 148.4 142.5 136.4 131.2 127.4 123.9 120.6 117.7 114.9 112.4 109.7 109.4 109.3 113.7 120.9 125.1 127.7 130.2 133.6 137.3 139.7 141.8 143.8 145.5 147.4 148.8 149.5 149.9 149.4 150.5 152.4 153.6 153.9 152.9 150.8 144.6 138.1 138.9 146.6 152 154.4
153.6 158.9 162.3 164.2 165.8 167.5 168.6 168.9 169 171.3 174.3 175.7 176.1 175.5 175 174.8 174.2 171.9 169.4 167.7 166.1 164.6 164.1 163.4 162.6 162.9 162.8 162.3 162 161.8 161.4 162.2 161.5 161.1 160.6 159.2 157 154 150.1 144.9 140.3 134.9 130.3 126.4 123.8 120.7 117.8 114.9 111.5 110.2 108.4 108.3 110.8 116.8 119.8 123.2 130.1 135.6 139.6 142.1 144.2 145.4 146.2 146.1 146.9 147.4 146.7 146.2 146.6 147.5 147.4 147.1 145.4 142.4 135.8 134.6 141.7 148.6 150.7 151.9
150.6 153.9 156.9 158 159.3 160.8 161.3 161.6 163.5 166.5 169.4 170.4 170.2 169.4 168.8 168.6 168.1 166.5 164.3 162.5 161.1 159.9 158.7 157.9 158.1 158.8 159.4 159.4 159.1 159.4 158.8 159.3 157.9 157.1 157.3 156.1 153.5 151 147.4 143.4 138.9 133.7 129.7 126.3 123.6 120.9 118.4 115.9 112.3 109.1 107.3 107.3 108.2 111.8 117.8 125.1 131.7 137 141.3 144.5 145.6 145.9 145.2 144.7 144.7 144.1 143 141.8 142.2 142.4 140.9 138.1 135.3 132.4 132.2 136.8 143.8 147.1 148 148.9
147.8 148.5 151.1 152.1 153.4 154.1 154.8 156.5 159.7 162.7 164.2 164.7 164.2 163 162 160.9 160.2 159.3 157.8 156.7 155.9 154.8 153.9 154 154.3 155.1 155.9 156.3 156.8 157.1 156.4 155.4 154.2 153.8 153.7 152.9 150.7 147.9 144.6 140.9 136.9 133.1 129.3 126.4 124.1 121.7 119.6 117.3 113.6 109 106.6 106.7 107.2 110.8 117.4 124.1 130.5 136 140.9 144.1 145 144 142.9 141.7 140.4 139.5 136.9 134.8 136.4 135.9 133.1 129.5 130.2 130.9 132.7 136.1 141.6 144.3 145 145.9
145.2 143.8 145.3 146.6 147.9 149 151 153.4 156.5 158.8 159.6 158.9 158.2 156.9 155 153.3 152.8 152.8 152 151.4 150.6 149.5 149 149.6 150.8 151.9 153 154.1 154.5 154.8 154 152.5 151.2 150.4 150.1 149.7 147.9 145.3 142 138.9 135.5 132.2 129.4 126.8 124.4 122.3 120.3 117.4 113.6 109 106.4 105.7 106.1 107.1 113.5 121.1 127.6 133.6 138.4 141.4 142.2 141.3 140 138.1 135.7 133 128.9 126.8 128.1 127.5 127.4 130.9 134.4 134.9 134.1 136 138.5 141.4 142 142.8
141.2 138.7 139.7 141 142.7 145.4 148.1 151.5 153.2 154.4 154 153.2 152.3 151.4 150.1 148.5 147.9 147.4 146.4 146 145.4 144.8 145.2 145.6 147.5 149.3 150.4 151.5 152.6 152.6 151.5 149.8 147.7 146.7 146.2 145.9 145.3 143 139.6 136 134.2 131.6 128.8 126.3 124.3 122.5 120.3 116.9 112.5 108.5 105.7 104.9 105 104.7 106.8 114.7 123.6 130.2 135.1 138.2 138.6 138.7 136 133.7 130.7 124.9 121.8 124.8 128 131.4 136.5 140.9 142.2 141.8 140.2 140.5 140.2 140.3 139.5 139.4
136 133.9 135.1 136.8 139.1 142.5 146.4 149.6 150.8 150.8 149.7 148.5 146.7 145.7 144.6 143 142.3 141.8 140.9 140.1 140.1 140.5 141 141.8 143.7 146 147.8 149 150.3 150.9 149.3 146.8 144.5 143.1 142.3 141.9 140.5 138.5 136.2 134.4 132.6 130.5 128.5 126.6 124.8 123.7 121.4 116.6 110.8 107.3 104.9 104.4 104.1 103.9 104 112.1 120.7 128.1 132.9 136 136.9 135.6 132.4 128.7 122.8 119.5 124.7 134.2 140 143.8 146.8 147.7 147.5 146.6 145.3 144 141.9 139.6 138.1 137.2
130.4 130.3 131.7 133.8 137.1 141.4 145.6 148.2 148 146.9 145.8 143.9 141.9 140.5 139 137.3 135.7 135 134.6 134.8 135.2 135.9 137 138 139.6 141.9 144.8 146.9 148.5 150.1 149.2 146.1 142.8 140.1 138.5 137.4 135.2 133.7 132.2 130.8 129.9 128.5 127.7 125.9 124.2 122.5 118.9 113.7 108.5 105 103.9 103.6 103.5 103.3 104.3 113.5 123.6 129.8 133.7 135.9 135.3 131.8 127.3 120.3 117.3 122.8 132.6 139.7 144.3 147.5 149.6 150.6 150.4 149.6 148.3 146.7 144.5 141.9 139.5 137.5
126.8 127.8 129.9 133.2 137.3 141.7 145.2 146.7 145.7 143.5 141.1 139 136.9 135.1 133.8 132.1 130.8 129.9 130.1 130.8 131.6 132.4 133.3 134.3 135.7 139 142.6 145.7 147.7 149.7 149.6 147.3 144 140.1 136.5 133.7 131.5 130 128.3 127.2 126.1 124.5 124.4 125.2 123.4 119.8 115.4 110.3 106 103.1 102.8 102.7 102.8 102.8 105.3 116.1 126.4 132.4 135 135.2 132.5 128.1 120.2 114.8 119.3 127.2 133.9 138.6 142.4 145.7 148.3 149.7 150.2 150 149.2 148.6 146.8 144.8 142.6 140.3
123.3 125.7 129.4 133.7 137.9 141.6 144.2 144.8 143.7 140.8 137.1 134.3 131.6 130.3 129.3 128.4 127.2 126.6 126.9 127.7 128.4 129.2 130 130.7 132.3 137.2 141.9 144.7 147 148.4 148.6 147 144.8 141.4 137.6 133.5 129.8 127.5 125.3 123.7 122.5 121.3 120.7 122.1 121.8 118.1 113.2 108.4 104.7 102.4 101.9 101.8 102.1 103.1 109.9 119.9 127 131.3 132.8 132.5 130 124.5 116 113.4 117.8 123.4 128.4 133.9 138.7 142.4 144.7 146.4 147.5 148 148.5 148.5 147.9 146.8 145.5 143.6
121.4 125 129.1 133.2 136.8 140.3 142.5 142.9 141.8 138.3 135 131 128.2 126.2 125 124.5 123.8 123.6 124.6 124.9 125.3 126.1 126.8 127.3 128.9 133.3 137.9 141.2 143.7 145.5 146 145 143.2 140.1 136.3 133 129.8 127.3 124.7 122.5 120.5 118.8 117.2 116.6 116.6 114.6 110.8 107.4 104.2 101.5 101.1 100.8 102.4 106.8 113.7 120.7 124.6 126.9 127.6 126.7 125 120.1 113.1 114.7 119.4 121.4 123.7 128.4 133.8 137.4 140.2 142.6 144.3 145.7 146.8 148 148 148.2 148.2 147.5
120.3 124 128.1 132 135.5 138.5 140.5 141.3 140.1 137.1 134.3 130.3 126.3 122.8 120.9 120.4 120.1 121.5 122.4 122.8 123.1 123.5 123.8 124.1 125.8 129.3 133.6 137.1 140.1 141.6 142.4 142 139.9 137.2 134.1 131.6 129.2 126.8 124.2 122.4 122 122.3 120.3 118.6 113.6 110.5 107.2 105.4 103.2 100.6 100.1 99.6 101.1 107.3 115 119.1 121.1 122.3 121.7 120 116.5 112.8 111.8 117.3 122.6 125.6 127.2 128 130 133.1 135.9 138.7 141.9 144.7 146.5 148.5 149.4 150.1 151 151
119.3 123 126.9 130.7 134.2 136.9 138.7 139.4 137.6 136.4 133.8 130.1 126.4 122.5 118.8 117.7 117.8 119.2 120.5 120.9 121.3 121.8 122.1 122.2 123.5 126.2 129.8 134.1 137 138.3 138.7 138.6 137.1 135.4 133 130.6 128.2 126 124.3 124.9 127.6 128.6 128.4 126.9 120.7 112 107.4 103.7 101.3 99.8 99.1 98.7 99.7 103.6 113.3 116.7 118.1 117 113 108.9 107.5 109.7 115 120.8 124.1 127.4 130.1 131.6 131.9 134.1 136.2 139.1 142.2 144.4 146.3 148.4 150.5 151.8 153.1 153.5
119.9 123.4 127.1 130.4 133.4 136.2 137.5 136.6 134.8 133.8 132.8 130.4 126.8 122.4 118 116 116.1 117.2 118.7 119.3 119.6 120.1 120.3 120.4 121.5 123.7 126.9 130.9 134.5 136.7 137.5 137.4 136.5 134.6 132.2 130.7 129.2 126.9 126.6 128.4 131.3 132.9 133.1 131.2 126.1 118.6 111.6 105.7 102 99.5 98.6 98.3 98.8 101.5 111.5 114.2 114 109.3 104.6 106.6 112.1 118 123.6 126.5 128.8 130.9 133.1 134.6 135.8 137.3 139.3 141.3 143.3 144.7 146.1 147.8 149.3 150.6 152.1 153.1
122.1 126.7 130.8 134 136.4 137.3 137.3 135.5 131.9 130.8 130 128.6 125.2 121.2 117.1 114 114.3 115.5 116.7 118 118.1 118.4 118.6 118.7 120.2 122.2 125.4 129.3 132.3 135.7 136.8 136.9 136.6 135.3 133.6 132.1 130.7 129.1 128.5 130.9 133.2 134.9 134.7 132.2 127.8 122.3 115.6 108.8 103.4 99.6 97.8 97.7 98.1 100.8 109 109.8 107.6 102.8 107.4 114.4 120.6 125.7 129.4 132 134 135.4 137 139 140.2 141.5 143.6 144.5 145.2 145.1 145.2 145.9 146.7 148.1 149.2 150.4
124.9 130.3 134.9 137.1 138.1 138.2 137 134.1 129.7 126.5 125.6 124 121 117.4 113.9 111.9 112.7 113.9 115 116.3 116.8 117 117.2 118.4 120.8 123.5 126.3 129.6 133.5 135.9 137.3 138.1 137.7 137.1 135.5 133.9 132.3 131.4 131.3 132.8 135 136.4 135.7 133.1 129.8 125 119.2 112 105.1 99.6 96.8 97.1 97.3 99.3 103.6 101.9 101 103 111.7 118.7 125.4 130.6 134.3 137 139 140.4 141.3 143.1 144.3 145.1 145.9 145.9 145.4 144.8 144.5 144 144.1 144.6 145.5 146.6
