Game/Highland_Data/StreamingAssets/GeoData/Data/sx/SX35.asc
ncols 200
nrows 200
xllcorner 230000
yllcorner 50000
cellsize 50
[rows 37 to 73 of 200, columns 84 to 167 of 200]
72.2 71.1 68.8 66.3 63.3 59.9 54.3 45.2 47.8 48.5 48.5 49.1 50.3 50.5 50.1 49.6 49.9 50.1 50.2 49.9 48.9 47 44.9 43.1 41.4 39.7 38.4 37.2 36 33.6 30.5 26.7 21 14.7 8.3 1.2 1.1 0.9 1.2 -1.7 -0.3 1.6 1.7 2.1 3.4 4.4 5.7 6.7 8 9.8 10.2 9.9 7.5 5.8 11.7 15.9 19.4 22.9 26.4 30.2 33.5 36 38.1 39.3 40 39.8 38.3 35.6 31.2 26.3 25.1 24.4 19.7 7.9 12.5 1.5 -1.7 -1.7 9.1 18.9 28 32.2 35.8 38.4
69.6 68.5 66.6 64.1 61.3 58.2 54.7 49.8 43.2 40.1 41.6 45 46.8 46.6 45.9 45.6 46 45.5 45.6 45.1 44.4 42.8 40.5 38.9 37.1 35.2 33.6 32.6 31.5 30.4 28.5 25.4 20.7 14.5 9.3 4.2 1.7 0.9 2.3 -1.7 -0.7 0.3 -1.7 -1.7 -1.7 -1.7 -0.1 -1.7 1.9 2.4 4.3 3.8 2.1 3.1 7.7 12.3 16.4 19.5 22.6 26.1 30.4 34.9 36.4 37.1 37.3 37.2 35.4 32.1 26.3 19.3 14.3 13.3 12 5.3 2.3 0.5 -1.7 8 20 29 31.8 33.8 36.3 38.6
66.5 65.2 63.1 60.3 57.9 55.1 52.6 49.8 47 43 35 39.5 41.7 41.9 41.7 41.1 40.8 40.8 39.4 39.4 37.6 37 34.7 32.9 31.8 29.7 27.1 24.9 23.9 22.9 22.4 20.2 17.2 12.6 7.9 3.5 1 0.9 1.9 -1.7 -1.7 -1.7 -1.7 -0.7 -0.9 -1 -1.4 -1.7 -1.7 2.1 1.6 2.8 5.8 6.3 5.1 8.4 12.3 15.2 18.7 21.9 25.9 29.1 33 35.4 35.5 35.2 33.9 31.4 27.7 23.1 18 11.4 5.3 2.5 1.9 -1.7 -1.7 12.1 23.7 29.6 30.7 32 33.9 36.2
63.2 61.9 60.1 57.1 54.6 51.6 49.3 46.7 43.8 40.9 36.8 31 36.8 37.2 36.8 35.7 34.7 34.3 33.9 32.9 30.5 30.3 28.9 27 24.9 23.2 20.9 15.7 13.7 15.4 15.7 14.8 13.7 10.6 6.7 2.8 1.1 1.3 2.4 -1.7 -1.2 -1.7 0.3 0.2 -0.1 -0.2 -0.8 -1.7 -1.7 2.9 5.6 7.2 8.2 8.2 8 7.8 9.2 12 15.6 20.3 22.7 25.7 30.3 33.4 34.3 34.3 32.6 30.1 26.4 22.6 18.6 14.1 9.2 3 2 -1.7 4 12.9 20.6 24.9 26.7 27.8 29.4 31.9
60.7 58.5 56.6 53.8 51 47.8 44.9 41.4 38.7 36.6 34.8 31.4 30.8 30.9 30.8 29.1 27.1 27.3 27.4 26.1 24.6 23.1 21.5 19.2 17.3 13.2 11 7.8 6.7 7.5 11.1 9.2 7.3 6.1 4.2 1.8 2 2.9 5.8 6.1 3.3 2.6 1.6 1 0.7 0.4 -0.3 -1.7 -1.7 4.2 7.1 7.8 8 8.1 6.9 6.9 10.1 16.3 21.5 23.1 25.2 28.9 32.3 34.1 34.8 34.4 31.8 27 21.5 17.6 14 10.2 4.5 2.1 -1.7 -1.7 3.4 9.4 14 17.9 20.9 23.2 24.6 27
61.1 57.1 55 52.9 50.4 47.7 44.8 44.2 41.8 39.2 36.8 33.9 30.6 28.1 26.1 23.5 22 19.9 19.4 17.6 15.8 14.1 13.6 13 12.4 11.6 16.3 16.1 15.6 11.9 7.2 4.3 3.6 2.4 2.4 2.8 2.9 7.5 12.3 15.1 4.6 14 10.6 2.7 1.4 0.9 0.1 -0.9 -1.7 2.9 6.4 6.3 6.4 5.6 4.1 5.4 9.6 15.4 20.5 24.8 29.3 32.8 35.5 38.3 39.4 37.5 33.9 28.4 21.9 16 9.7 3.8 2.1 -1.7 -1.7 0.7 1.7 1.8 3.8 8.8 13 16.9 18.1 18.7
63.9 61.8 59.4 58.2 56.5 57.2 56.2 51.8 47.9 45.2 43 39.9 37.1 36.6 33 31.1 29.9 28.6 26.6 24.9 23.3 21.2 19.7 20.2 19.7 21.2 24.4 23.1 20 17.4 13.7 10.5 7.3 5.4 4.6 4 7.1 13 16.2 19.1 20.3 18.7 15.1 10.8 6.3 1.8 0.6 -0.6 -1.7 1.9 4.1 4.2 3.1 2.8 3.2 4.9 9.3 14.1 19.4 24.1 29 33.1 36.7 39.7 40.6 40.6 38 34.3 25.1 22.4 21.5 20 1.9 -1.7 -1.7 7.4 6.4 6.9 4.3 1.6 3.3 5.9 9.6 12.9
75.6 73.7 71.7 71 71.6 70.5 70.3 67.9 64.5 61.6 58.2 56 53.1 50.9 50.1 49.5 47.5 46.3 44.5 42.3 40.2 38 36 35.2 35.6 36 33.5 32.1 31.6 29.5 27.1 23.1 17.3 13.2 9 7.9 11.6 17.5 20.2 23.1 22.3 19.1 16.3 13.3 8.2 3.6 1.1 -0.1 -1.7 -1.7 2.2 1.6 2.5 4.9 6.9 8.1 9.7 13.4 19.4 24.1 28.8 33.8 39.9 43.2 40.1 23.6 32.3 39.2 31.5 23.6 11.3 2.4 0.1 -1.7 1.8 11.6 18.2 21.7 20.4 19.2 13.8 9.8 6.5 7.3
89.3 87 84.6 84.1 83.7 81.5 79.5 77.8 76 75.1 73.8 72.7 70.8 69.8 69.6 67.7 65.8 65.3 61.6 60 57.5 54.6 52.9 53.3 54.5 53.7 54.4 54.9 52.5 47.1 41.3 42 31.1 21.9 17.8 14.2 18.7 22.2 24.2 24.6 22.2 18.7 15.9 13.9 7.9 3.9 1.4 0.2 -1.7 -1.7 1.7 2.1 3.4 5.7 9.5 12.3 13.5 15.8 20 24.1 28.1 34 40.3 26.3 45.5 48.2 45.4 36.5 27.8 15 3.6 0.6 -1.7 -1.7 14.9 26 33.8 38.1 37.9 34.7 28.5 22.9 21 17
92.9 91.5 88.7 86.4 84.7 82.8 81.1 79.6 77.6 76.9 75.6 74.3 73.2 74.1 74.3 75.2 75.5 75.7 75.2 74.5 73.8 73.2 72.8 75 74.9 74.5 73.5 70.7 59 65 61 55.5 44.3 39.3 27.8 23.4 23.3 23.7 24 22.4 20.4 17.5 14.2 10.2 4.8 3.1 1.5 -0.2 -1.7 -1.7 2.9 3.9 5.7 8.6 12.1 15.4 16.7 17.9 18.8 21.3 26.1 31.4 26.9 40.7 42.5 42.9 37.1 27.1 16.1 3.7 0.8 -0.5 -1.7 -1.7 27 39.1 42.7 44.6 46.7 46.7 44.2 40.2 35.5 30.8
89.7 89 88.1 86.8 85 82.1 79.7 77.6 75.2 73.5 71.9 71.1 70.6 71.3 72.2 73 73.8 75 75.8 76.7 76.9 77.5 78.7 80.2 80.8 81.7 83.1 81.3 78.9 75.9 72 66 58.3 49.4 40.8 30.4 26.7 25.5 22.7 19.5 16.9 13.6 10.3 5.2 2.4 1.6 0.3 -1.7 -1.7 3.9 6.1 7.3 9.5 12.4 15.4 17.5 18.3 19.1 18.4 18.4 21.3 26.2 31.4 34.1 33.5 31 21 8.4 1.8 0.5 -0.5 -1.7 -1.7 22.1 32.9 38 40.1 42.2 44.2 45.4 47.1 49.4 47.5 43.8
84.2 84 84.3 83.8 82.4 79.8 76.6 72.8 69.4 65.6 62.4 61.3 62.3 63.2 64.3 66.6 68.8 70.2 71.1 71.9 73.3 75.5 77.5 78.7 79.3 80.4 83.1 79.7 80 79.3 75.5 69.3 62.2 52.6 44.8 35.7 30.4 26.9 22.8 18 13.4 9.6 5.6 2.9 2 -1.7 -1.7 0.4 1.6 3.4 5.7 9 11.8 14.6 17 19 19.5 19 16.7 15 20.2 18.8 21.5 22.9 21.8 17.1 5.6 1.2 0 -1.7 -1.7 -1.7 18.5 26.3 31.5 34.7 37.5 39.9 41.7 43.6 45.6 47.3 48.7 48.5
78.1 79.2 79.9 80.1 79.1 76.7 73.1 68.8 64.1 58.9 54.1 51.5 52.4 53.5 53.7 57.3 61.4 64.3 66 67.1 68.5 70.2 71.6 71.4 72.1 73.1 73.2 72.2 71.6 70.2 67.1 63.3 57.9 52.6 45.2 37.3 33.6 28.9 24.4 20.7 17.8 15 9.9 4.1 1.9 -1.7 0.1 1.9 1.6 2.3 4.3 7.6 10.7 13.5 16.9 19.2 20.7 19.5 16.2 17.7 11.9 10.8 9.6 11 9.6 1.4 -1.7 -1.7 -1.7 -1.7 -1.7 28.1 33.7 33.4 32.1 33.5 35.4 37.6 39.5 41.5 43.2 44.6 47.1 50.3
72.6 74.8 75.5 75.9 75.4 73.5 70 66.2 60.4 55 45.1 40.2 41.6 45 43.5 47.1 54.4 59.1 61.2 62.3 63.7 65.1 65.3 64.9 65.6 66.4 65.7 64.7 63 61.4 58.7 55.1 51.1 46.2 40 37.1 37 31.5 31.5 29.5 27.6 25.1 18.1 4.4 -1.7 -1.7 1.5 1.8 1.9 2.1 3.4 6.6 9.3 12.5 15.9 19.4 21.3 21 18.4 9.7 6.3 -1.7 -1.7 -1.7 -1.7 -1.7 -1.7 -1.7 10.9 19.8 26.9 32.1 34.9 35.4 33.2 32.8 33.4 34.8 36.6 38.4 40.4 43.3 46.2 49.4
67 69 70.4 71.1 71.5 70 68.3 64.4 59.4 54.3 48.6 45.2 31.7 35.8 31.5 38.3 48.8 53 55.6 57.3 58.7 59.8 60 60.4 60.4 60.8 60.3 59.4 57.6 55.5 53.2 49.9 46.2 41 34.6 35.5 32 35.8 34.5 36.7 35.9 35.8 29.6 8.2 -1.7 0.2 1.7 2 2.3 2.6 3.7 5.7 8.5 11.4 14.3 18.6 24.1 24.2 21.6 15 -1.7 -1.7 -1.7 -0.8 -0.5 0 1.2 12.6 20.4 25.9 29.6 32 32.1 30.6 29.9 29.9 30.4 31.4 33.1 34.7 37.2 40 42.9 46.2
60.6 62.4 64.2 65.2 66.8 67 65.8 63.5 60.3 56.8 53.3 48.3 36.3 23.4 34.3 42.2 45.8 47.8 48.9 49.5 50.8 52.6 53.1 53 51.9 53 53.5 52.4 50.9 48.9 47.5 45 41.9 38.7 33 29.7 23.8 30.3 32.8 35.8 36.4 34 32.2 9.5 -1.7 0.4 2.3 2.7 4.2 5.2 6.1 8.2 10.3 12 14.9 27.5 23 28.2 28.4 21.9 -1.7 -1.7 -0.3 0.1 0.6 1.6 3.2 13.1 19.5 24.7 28.3 28 25.4 24.9 25.7 26.4 27.2 28 28.4 30.1 33.7 36.5 39.6 42.9
54.7 56.3 57.7 59.6 61.4 62.3 63.5 62.6 60.9 57.8 54.4 50 43.4 27 28.1 38 40.3 42.2 43 41.3 42.1 43.5 43.9 43.3 42 42 42.2 42.1 40.1 41 41.3 38.3 34.9 33.1 30.3 25.7 18.7 17.8 25.7 28.8 29.4 33.1 33.9 -1.7 -1.7 1.2 2.1 4.1 8 11 12.4 16.2 23.3 28.6 20.3 22.4 25.8 27.6 25.6 14 -1.7 -0.9 0.3 1.1 1.6 1.8 3.1 10.5 16.1 20.2 21.6 22.2 21.4 21.1 21.2 22.2 22.5 22.6 23 25 28.3 31.8 35.9 39.6
49.2 50.4 49.8 53.3 55.8 56.6 58.2 59.9 59.6 56 52.9 49.9 44.7 37.2 17.3 33.1 34.4 36.6 36.9 35.1 32.9 33.9 34.4 32.8 29.8 28.8 29.7 32.8 35.7 36.1 35.3 32.7 30 27.4 24.5 21.7 18.7 14.3 22.2 27.4 25.9 19.4 9.8 -1.7 -1.7 1.4 2.7 4.5 30.9 30.1 26.7 26.6 31.3 32.7 33.6 34.3 30.5 30.4 25.1 11.3 -1.7 -0.5 0.7 1.6 1.6 2.1 4.7 10 12.6 16 17.6 18 17.9 17.4 17.5 17.6 17.5 17.7 19.1 21.3 24.4 28.3 32.5 37.4
43.6 44.1 41.3 45.1 48.5 49.9 51.9 51.9 50.4 49 47.6 45.4 41.7 37.7 26.5 15 28.9 31 31.4 28.7 25.3 25.9 26.1 25.3 23 14.3 20.4 27.7 31.7 32.5 31.5 28.4 24.4 21 18 15.4 9.6 14.4 21.5 25.6 25.5 21.8 12.5 -1.7 -1.7 0.5 2.2 2.6 3.9 9.8 18.4 26.3 32.9 37.1 39.4 38.9 35.6 30.1 25.2 10 -1.7 -0.5 1.6 1.9 1.7 1.8 5.2 8.6 11.5 13.2 15 15.3 14.3 13.8 13.8 13.7 13.3 14.8 17.5 20.4 23.2 27.6 32 36.2
37.6 37.7 31.3 36.4 40.3 42.4 43.1 43.3 43.4 42.2 41.8 40.5 38 34.5 30.4 12.6 22.2 25.7 25.7 23.6 20 18.7 19 20.9 20.3 8.8 19.7 24.7 26.4 26.8 24.7 21.3 17.2 14.4 10.9 8.6 2.8 12.8 18.7 22.2 22.8 22.1 15.5 -1.7 -1.7 0.1 1.5 2 2.8 7.6 16 23.3 27.8 30 29.4 27.4 24.6 17.4 4.9 1.4 -1.7 -1.7 1.6 2.2 2.2 2.2 4.5 7.9 10.6 11.6 12.5 12.7 11.3 10.4 10.4 10 11.1 13.9 18.3 21.7 23.8 26.9 31 34.7
32.4 32.2 26 29.6 32.6 33.9 34.5 35.1 35.6 35.5 35.1 34.8 32.4 29.8 25.3 11.7 9.6 19.7 18.8 17.4 13.7 12 14.7 15.8 17.1 8.6 12.4 17.7 19.2 19.7 17.6 13.9 10.1 8.6 6.4 2.6 4.3 10.3 14.7 18.1 18.9 18.6 15.9 -1.7 -1.7 -0.6 0.7 1.7 2.1 11.2 18.2 23.6 24.5 25.3 23.7 20.1 3.7 2.2 2 1.1 -1.7 -1.7 1.6 1.6 2 2 3.7 7.6 10.6 11.4 11.5 9.9 8.4 6.7 6.8 7.1 9.9 13.6 18.4 21.9 24.3 26.9 30 32.9
25.8 21.2 16.3 19.4 23.3 24.5 25.9 27 27.7 27.7 27.7 27.7 25.7 20.7 14.5 7.8 11.7 10.7 8.4 8.3 -1.7 -1.7 7.3 8.6 9.1 5.3 3.8 4.9 6.3 6.1 5.9 4.9 4.4 3.7 -1.7 -0.7 -1.7 4.1 8.7 11.5 13.4 14.6 12.6 9.2 -1.7 -1.7 0 0.9 1.5 5.8 10.3 15 18.9 20.9 19 15.6 2.5 1.8 1.6 0.8 -0.7 -1.7 1.6 1.6 1.6 1.8 4.4 7.6 11.2 12.2 11.2 8.5 5.8 2.1 4.3 8 12.4 16.2 19.5 22.2 24.4 26.6 28.7 31.5
8.3 7 5.4 6.7 11.6 14.2 16.1 17.1 18.8 19.7 19.4 17.7 14.9 8.4 5.5 1.6 -1.7 -1.7 -1.7 -1.7 -1.7 -1.7 -1.7 2.5 2.5 -1.7 -0.8 1.7 1.8 0.2 -1.7 1.7 2.2 -1.7 -1.7 1.6 1.6 -1.7 -1.7 5.8 8.2 9.7 9 7.3 -1.7 -1.7 -0.4 0.1 0.8 1.2 1.5 4.8 8.4 10.9 13.4 11.4 2.8 2.1 1.6 0.5 -0.7 -1.7 1.6 1.6 1.6 1.6 3.6 5.8 7.8 9.3 9.2 7 2.7 2.7 5.9 9 13.4 16.5 19.6 22.5 24.2 26 27.7 30.1
14.3 8 12.6 11.7 7.2 4.6 5.3 4.9 6.8 7.1 7.7 7.4 4.8 2.3 -1.7 -1.4 -1.7 1.6 1.6 1.6 2.3 2.3 -1.7 -0.4 1.3 -1.7 1.9 1.8 1.8 1.7 -1.7 -1.1 -1.7 2.2 2.3 1.8 1.6 2 -1.7 -1.7 2.5 3.9 4.9 3.7 1.6 -1.7 -1 -0.3 0.1 0.4 0.6 0.8 1.1 2.3 3.1 4.5 2.7 2.4 1.2 0.3 -0.8 -1.7 2.3 2 2 1.8 1.7 3.4 4.1 4.5 3.7 1.6 1.6 4.5 7.4 10.3 13.4 15.4 17.9 19.7 22.2 24.5 26.8 28.2
10.4 8.4 25.7 28 25.7 21.4 16.6 12.6 5.8 6 5.4 4.4 2.3 -1.7 -1.7 8.1 10.7 9.5 9.3 8.3 9.7 10.2 9.5 7.7 5.4 3.4 2.3 3.2 2.7 3.1 3.6 3.9 4.3 2.9 2.8 2.2 1.6 1.9 1.2 -1.7 1.9 3.1 3.6 2.4 0.7 -1.7 -1.7 -1 -0.7 -0.5 -0.4 -0.5 -1.7 -1.7 -1.7 1.4 2.5 1.9 0.8 -0.1 -1 -1.7 2 1.9 1.6 2.3 2.4 2.6 2.5 2.1 2 1.6 2.2 4.5 7.1 9.7 11.9 13.8 15.3 16.5 19.6 23.2 26.4 28.1
8.6 19.9 32.6 34.5 35.6 34.5 32.2 28.9 25.2 19.9 18.6 14.9 6.7 10.4 16.9 21 20.9 20 18 14.5 15 16.7 16.6 13.8 10.6 7 11.5 17.1 19.8 18.4 18.9 17.1 12.5 7.8 3.9 2.7 2 1.6 1.9 -1.7 2.1 1.9 3.3 2.8 -1.7 -1.7 -1.7 -1.7 -1.6 -1.7 -1.7 -1.7 -1.7 -1.4 -1.7 -1.7 0.4 1.3 0.4 -0.5 -1.7 -1.7 1.3 2.2 2 2.2 1.6 1.9 2 1.6 1.7 2.1 1.7 3.7 5.9 7.3 8.9 10.4 11.8 14.2 18.3 22 25.6 27.9
10.7 30.7 37.5 40.6 42 41.5 39.6 36.7 32.1 27.2 24.2 19.2 10.4 15.3 22 23.9 25 25.1 27.1 24.6 22.3 25.3 27.4 24.2 19 10.8 23.4 33.7 36.5 35.8 29.8 26 20.7 14.3 10.9 5.1 1.7 4.2 3.8 -1.7 -1.7 1.9 3.1 2.1 -1.7 0.4 1.8 1.6 -1.7 -1.7 -0.6 -0.6 -0.5 -0.5 -0.7 -1.7 -1.7 -0.2 -0.2 -1.7 -1.7 -0.6 0.7 1.7 1.9 1.6 1.6 1.6 2.2 1.8 2.4 2.2 1.9 2.8 4.1 5.3 5.7 7.1 9.9 12.3 16.2 19.1 21.6 23.4
23.5 37.6 42.9 46.2 47.9 47.4 45.6 41.6 37 32.8 27.4 20.6 13.1 13.9 25.8 30.5 33.4 37.7 39.5 33.6 31.6 35.6 38.5 34.8 25.9 16 25.3 36.6 39.3 37.4 33.1 32.2 24.5 19.8 14.4 9.7 4.3 8 6.1 4.9 -1.7 -0.6 0.6 -0.2 -1.7 2.3 2 2.7 5.6 3.6 0.9 0.6 0.4 0.4 0 -1 -1.7 -1.7 -1.7 -1.7 -1.7 -0.2 0.7 1.6 1.6 1.7 2 2.2 2.1 2 1.7 1.6 2.1 2.6 3 3.5 3.6 5.6 8.4 10.6 13.9 16.4 18.2 18
28.9 43.1 48.1 52.2 54 53.5 50.9 46.2 41.7 37.1 31.6 27.6 30.1 17.6 26.4 37 43.1 44.3 42.6 36.7 38 44.2 45.9 43.1 34.8 25.8 27.8 41 42.9 43.1 38.8 33.7 27.4 22.1 17.3 13.6 12.8 12.8 8.5 6.4 1.6 2.7 2.5 1.7 1.9 1.6 2.5 3.6 6.6 7.9 6.5 3.4 1.4 1.2 0.5 -1.7 -1.7 -1.7 -1.7 -1.7 -0.9 -0.1 0.7 1.5 1.8 3.2 3.3 2.7 1.8 1.6 1.6 2.3 2.3 2.2 2.2 2.2 2.1 4.3 7.3 10.1 12.2 14.1 15.3 14.7
25 43 55 59.3 62.7 61.5 58.3 54.2 49.1 44 36.6 38.4 38.7 26.2 24.1 36.8 43.9 47.8 47.6 43.4 44.3 48.9 51.4 51.5 48.1 42.9 42.1 48.6 51.4 52.6 48.5 40.9 34.8 30.8 24.3 21 19.3 16.9 12.7 8.8 7.9 7.7 6.5 5.3 2.7 3 3.9 4.7 8 10.7 10.2 8 4.8 2.3 -1.7 -1.7 -1.7 -1.7 -1.7 -1.1 -0.6 0 0.6 1.2 2.4 4.6 4.7 3.8 3 2.4 1.8 1.7 1.6 1.6 1.7 1.7 2.5 4.2 6.6 9.2 10.9 12.2 12.6 11.7
22.2 43.7 60.6 63 65.5 65.6 64.3 58.5 52.2 46.4 40.8 42.2 37.7 28.1 21.9 37.6 47.7 51.6 52.2 52.3 54 57.7 61.1 63.1 61.5 59 55.6 56 58.1 59.1 54.4 48.6 44.2 40.3 34.9 29.7 25.1 22 17.8 14.8 13.8 13.1 11.8 11.2 10.5 10.9 11.3 10.6 11.2 12.9 12.6 10 6.4 -1.7 -1.7 -1.7 -1.7 -1.7 -1.5 -0.9 -0.4 0.2 0.7 1.2 1.6 3.2 3.2 3.2 3.5 3 1.6 1.6 1.6 2.1 1.9 2.9 3.8 5.4 7.3 9.5 10.8 10.6 9.9 9.2
22.8 44.1 59.3 61.8 63.8 65.1 63.2 57.6 52.7 48.4 46.7 44.3 39.4 28.9 26.3 41.7 51 55.6 57.7 59.4 65.2 69.7 72.3 73.5 73.4 73 69.8 66.3 65 63.5 60.2 55.9 52.2 48 43.7 40.5 35.9 32.1 27.8 24.2 24.7 24.6 24.9 24.3 24.1 23.9 21.4 17.6 16.2 14.9 13 9 3.7 -1.7 2 1.9 -1.7 -1.7 -1.3 -0.8 -0.4 0.1 0.5 0.7 1.1 1.8 2.3 2.8 3.1 3.7 3.4 1.6 1.6 1.6 2.8 4.3 5.7 7.4 9.2 10.7 11.5 10.8 8.8 7
25 45.9 56.8 60 63 63.8 62.1 58.6 55.9 54.8 53.3 50.2 45 29.4 30.9 43.3 54.1 59.6 63.3 69.2 75.8 80.9 82.3 83 83.1 82.3 79.6 76.8 74.9 72.2 68.6 63.2 58.9 55.8 50.2 47.3 43.3 39.9 37.5 37.5 39.6 39.6 37.9 37.6 35.9 33.4 33.1 27.8 23.9 21.2 16.5 11.1 5.4 -1.7 2.2 2.1 -1.7 -1.7 -1.7 -1 -0.6 -0.3 -0.2 0 0.6 1.4 2.5 2.3 2.8 5.1 4 1.9 1.9 1.6 3.2 5.3 7.8 9.6 11.8 13.4 13.8 12.3 11.1 8.9
31.9 44.7 53.4 59.6 63.2 65.2 66.4 65.8 65.9 65.6 63.1 58.8 50.9 29.4 35 47.5 59.6 67.3 74.5 80.8 86.3 90.6 93.1 93.1 92.6 90.7 87.5 84.4 81.7 78.2 74.6 70.8 68.2 64.8 61.7 55.9 51 48.2 46.4 45.8 46.6 46.9 46.2 43.7 40.5 36.9 33.8 32.3 29.4 25.8 22.7 17.4 8.5 -1.7 2.1 2.2 1.6 -1.7 -1.7 -1.3 -1.2 -1 -0.8 -0.6 0.1 0.7 1.3 1.8 2.3 2.9 2.9 1.7 1.9 2 4.5 7.3 10 12.3 14.7 16.4 17.2 16.2 14 10.5
34.3 45.3 53.7 60.7 65.6 69.4 72.3 74.8 76.3 76.4 72.8 64.7 47.4 31.6 39.5 52.8 67.8 80.2 86 91.2 96.1 100 101.7 100.5 98.6 96.9 92.7 88.2 85.1 81 78 76.4 74.6 73.6 71.3 65.6 59.1 56.2 54 52.1 51.6 51 48.8 44.9 40.8 36 33.6 30.1 27.7 24.7 22.4 18.4 5.3 -1.7 2.9 8.5 11.2 8.5 -1.7 -1.7 -1.7 -1.6 -1.4 -1.2 -0.8 -0.2 0.4 1.3 1.6 1.6 1.6 1.8 3.1 5.5 8.2 10.4 12.9 15.4 17.9 19.1 20.4 18.4 15.3 12
32.7 42.7 53 62.3 69.5 74.9 78.6 81 83.1 83.6 79.9 67.9 47.9 43.6 48.1 58.4 70.9 80.4 90.1 95.2 100.2 103.1 104.7 104.5 102.4 98.4 93.9 90.2 86.9 83.3 80.2 77.2 74.3 72.3 71.1 68.5 63.1 58.9 54.7 53.6 52.2 50.6 47.8 43.8 39 34.4 30.4 27 24.4 22 19.5 11.2 2.2 -1.7 12.1 17.7 19.2 19.2 -1.7 -1.7 -1.7 -1.7 -1.7 -1.7 -1.7 -1.7 -0.5 0.4 1.3 2.1 1.6 3.1 7.4 11.1 13.9 16.6 18.9 20.8 22.2 22 22.8 20.8 16.6 13.1
36.8 38.4 46.8 60.1 72.5 79.8 83.6 86.9 89.7 89.6 86.8 73.2 52.2 56.5 72.2 71.1 69.4 77.2 89.5 96.9 102.6 105.8 106.9 106.3 103.1 98 93.2 88.6 84.1 79 73.2 66.3 59.8 56.7 55.8 56.9 56.3 54.8 52.4 49.8 49.5 48.2 46 41.7 35.6 30.1 24.2 20.8 16.7 14.5 10.2 4.7 -1.7 -1.7 18.4 24.7 26.5 27.9 23.3 9.7 -1.7 -1.7 -1.7 -1.7 -1.7 -1.7 -1.7 -0.7 0.3 1.5 2 6 12.2 16.8 19.9 22.3 24.8 26.1 26.1 25.3 25.6 23.4 19.8 14.7
