Game/Highland_Data/StreamingAssets/GeoData/Data/sx/SX37.asc
ncols 200
nrows 200
xllcorner 230000
yllcorner 70000
cellsize 50
[rows 140 to 174 of 200, columns 79 to 157 of 200]
163 166.3 170.4 173.1 175.1 175.9 175 174 171.8 172.8 175.5 178.8 181.8 184.7 188.5 194.3 197.9 201.9 204.1 204.4 202.7 198.2 192.1 182.9 176 166.7 158.2 147.1 139.2 134.3 134.8 136.1 139.2 142.5 143.6 146 149.5 155.2 154.6 153.2 153 153.1 151.5 148.8 144.4 137.8 128.2 116.1 102.5 102.3 104.8 109.1 114.1 118.1 120.6 123.6 126.8 129.4 131.6 133.6 135.7 137.5 139.2 140.9 140.3 139.1 137.3 134.3 131.8 129 126.5 123.4 122.2 121.9 122.9 121.9 123.4 124.2 122.6
165.4 168.8 171.8 174.2 176.3 176.9 175.2 172.4 169.6 170.4 173.3 176.8 180.4 184.1 188.1 192.9 196.9 200.3 202.1 202.8 201.9 198.4 190.8 181.7 173.2 165 158.4 148 140.1 138.9 139.7 142.9 147.5 151.3 154.3 156.2 159.6 162.3 163 159.8 158.1 156.4 154.1 151.3 147.1 140.8 132.1 114.9 104.2 105.9 109.5 113 116.4 119.9 123.4 126.2 128.7 132.3 134.5 137 139.5 142 143.6 144.8 144.5 143.1 141.7 140.3 137.7 135.8 134 132.5 130.9 131.6 132.5 132 132 132.3 130.3
165.9 169.6 171.9 173.7 174.8 175.3 173.3 170.1 167.5 169 171.1 174.6 178.2 181.9 186.6 191.1 194 197.7 199.3 200.4 199.6 196.7 188.6 180.5 172.2 163.9 157.4 149.7 143.3 144.6 148.4 152.3 155.2 158.7 162.6 164.8 168 169 168.1 165.8 162 159.4 156.4 153.1 148.2 142.4 132.2 116.9 106.9 109.8 113.3 116.6 118.9 123 126.5 129.6 132.2 134.7 137.3 140.5 143 145.3 147.6 148.9 149.1 148 146.8 145.5 144.7 142.9 141.7 140.7 140.7 142 142.3 141.4 140.3 139.8 136.4
166.5 170.1 172.2 173.1 172.9 172.2 171 167.3 165.7 166.9 168.9 172.4 176.1 179.6 184.1 188.1 191.7 193.9 196.1 196.7 196.6 194.3 187.8 180.6 173.1 164.2 156.3 151.7 148.1 153.3 157.5 160 162.5 165.1 168.7 171.4 173.8 174 171.9 169.2 165.3 161.2 157.7 153.5 148.1 142.3 134.1 117.4 110.4 113.1 117.5 120.7 123.5 126.3 129.4 132.3 134.9 136.8 140 143.5 146.1 148.4 150.8 152.8 153.6 152.7 151.6 151.4 150.6 150.2 149.3 148.6 148.6 149.7 149.9 149.4 148.1 145.9 142.2
167 169.8 171.2 171.4 169.8 168.8 168.1 165.2 163.3 165.1 167.6 170.3 173.8 177.3 181.5 185.2 188 189.9 192.2 192.8 193.5 192.2 187.4 181.9 176.1 167.5 161.2 155.7 153.3 157.9 162.9 165.9 168.6 171 174.2 176.9 178 176.8 174.2 170.7 166.4 162.5 158.1 153.5 147.9 142.1 135.8 119.7 113.6 117.8 121.9 124.3 127 129.9 131.9 134.8 137.5 139.9 143.1 146.4 149.5 152.3 154.8 156.9 158.2 157.8 157.6 157.5 156.6 156.5 157.1 157.1 156.6 156.1 155.2 153.7 152.2 150.4 145.8
167.7 170.2 170 169.4 167.3 166.1 165.4 162.9 160.9 162.6 164.9 167.5 170.9 174.9 179.3 180.7 184.9 187 188.2 188.7 189.8 189.8 188.1 184.4 178.9 173.2 167.6 161.2 157.4 160 165.8 169.6 173 175.6 178 179.3 180.3 179.3 176.1 172 167.6 162.9 158.4 153.5 148.5 142.7 135.8 119.6 114.8 123.7 127.8 128.7 130.5 133.8 136.4 138.8 140.8 143.3 146.3 149.4 152.4 155.4 158.4 161 162.4 163.4 163.7 163.5 163.2 163.6 164.3 164 163.6 161.9 159.4 157.6 156 152.4 147
169 170.7 170 167.4 164.9 163.4 162.2 160.2 158.5 160.1 162.5 164.9 167.9 172.7 175.1 179 181.6 183.5 184.7 186 186.5 187.9 187.4 185.8 181.5 176.5 171 165.1 162.1 163.3 168.1 172.5 176.1 178.5 180.7 181.8 182.4 180.6 177.3 172.9 167.6 162.9 158.3 153.6 148.9 142.3 132.2 119.3 119.4 130 133.7 134.3 135.6 138.2 140.4 142.5 144.5 146.6 149.6 152.6 155.7 158.7 161.7 164.5 166.2 168.2 169 169.8 170.9 171.6 171.5 170.1 168.6 166.8 163.1 161.2 157.9 153.5 147.8
172.2 172.6 169.9 165.4 162.7 160.4 158.4 156.5 156.6 158 160.1 162.7 165.3 169.2 171.7 175 178.2 180.1 181 182.7 184.7 185.1 186.6 185.6 183.3 178.2 173.3 169.5 168 168 170.9 175.1 178.7 181 183.3 183.7 184.2 182.6 178.9 173.5 168.2 163.4 158.5 154.1 149.8 143.6 129.8 119 123.9 135.1 138.3 139.1 140.5 142.6 144.6 146.3 148.1 150.1 153.1 156 159.1 162.1 165.1 167.9 169.7 171.9 173.8 175.3 176.4 176.3 175.2 173.8 172.3 170.1 166.9 164.5 159.7 154.4 148.6
172.3 173.4 169.4 162.7 160.2 158.2 156.2 154.2 154.1 155.8 157.8 160.4 162.9 165.7 168.5 170.8 174.6 176.7 177.7 179.3 181.5 183.8 184.7 185.1 184 180.6 176.9 174.8 174 173 174.7 178.2 181.3 183.7 185 185.4 185.7 184.8 180.8 175.5 169.5 164.3 159.9 155 150.6 143.7 130.8 119.5 129 139.5 142.4 143.4 144.6 146.5 148.3 150 151.7 153.7 156.9 160 162.4 165.4 168.4 171.4 173.5 175.6 178.6 180 181.1 180.7 179.9 178.3 176.1 173.6 170.7 166.9 162.2 157.2 151.6
171.8 172.5 169.7 161.8 158 155.9 153.9 152 152 153.3 155.4 157.7 160.3 162.3 164 165.4 169.7 172.6 174.4 175.3 177.6 180.9 184.2 185.4 184.6 183.8 182.2 180.7 179.5 178.2 178.3 181.2 184 185.8 186.7 187.2 187.5 186.7 183.4 178.5 172.8 167.5 161.8 155.5 150 142.9 130.4 122.2 133.7 142.4 145.7 147.1 148.4 150 151.8 153.5 155.2 157.7 160.5 163.7 166.2 169 171.9 174.9 177.5 181.3 184.2 185.2 185.3 184.9 184.4 182.4 180.3 177.8 174.5 170.7 165.8 160.9 155.1
170.2 171.5 169.5 161.8 155.6 153.7 151.7 150.1 150.4 151.5 153.3 155.3 157.7 159.8 161.2 161.2 165.4 168.3 170.5 173.6 176.7 179.8 183.1 185.7 187.5 187.3 187.1 186.6 185.3 183.4 183 185.1 186.9 188.8 189.6 189.8 189.6 189.5 185.8 181.4 175.8 169.2 163.6 155.8 150.1 141.5 130.4 124.6 136.3 144.5 148.3 150.5 151.8 153.5 155.3 157 159 161.7 164.3 167.3 170 172.7 176.2 179.3 182.8 186 187.9 188.9 189.1 189.1 188.2 186.4 184.5 181.6 178.5 175.3 170.5 165.6 160
168.2 169.2 168 160.1 152.4 151 149.4 148.4 149 149.9 151.7 153.6 155.4 157.3 158.7 162 162.6 166.1 169.3 172.8 176.8 180.5 183.7 186.8 188.2 190.2 190.5 190.1 188.8 187.4 187.7 189 190.5 191.8 192.6 193.1 192.9 191.2 187.7 184.1 178.8 172.5 165 156.2 150.9 145.2 132.8 127.2 136 145.1 150.1 153.1 154.8 156.9 158.7 160.4 163.2 165.7 168.2 172.2 173.9 177.6 181.2 184.1 187.1 189.6 191.5 192.6 192.9 193.2 192.4 190.7 188.9 186 183.2 180.3 175.4 170.6 165.4
165.5 166 163.5 155.3 149.5 148 146.7 146.9 147.5 148.3 150.1 152 153.8 155.6 161.4 160.7 162.3 165.1 169.1 173.7 178 182.4 185.6 188.6 190.4 192.3 193.5 193.1 192.3 191.5 191.7 192.6 193.6 194.8 195.4 195.7 194.9 192.4 189.8 186.2 181.2 174.8 166.9 159.1 154 148.6 133.6 128.5 133.2 140.7 148.9 153.5 157.6 160.3 162 164.6 167.3 170.3 173 175.9 179 182.9 186.7 189.9 192.4 194.8 196.6 197.8 198.2 197.6 197 196 194.3 192.6 188.9 184.9 180.5 175.6 170.6
161.2 162 159.2 151.3 147.6 145.3 144.3 144.8 145.9 146.7 148.5 150.4 152.3 154.2 156.1 160.7 162 166 170.4 176 180.4 184.7 188.1 191.2 193 194.5 195.8 196.6 196 195.3 195.4 196.3 197.2 197.6 197.8 197.5 196.1 193.5 190.7 187.2 182.8 176.2 168.7 162 156.6 146.2 131.8 135.2 144.4 147.8 151.8 155.7 160.2 163 166 168.7 171.5 174.6 177.8 181.2 184.5 187.7 191.6 194.8 197.4 199.9 201.6 202.2 202.8 201.9 201.6 201.2 199.7 197.9 195.9 191 186.4 181.1 176.1
156.1 156.2 153 147.2 145.3 143.2 142.7 143.4 144.7 146.2 148.5 150.5 152.4 154.3 156.3 159.4 163 166.4 172.4 178.3 182.6 186.9 190.5 193.6 195.3 196.8 198 199.1 199.2 198.5 199 199.6 199.8 199.5 200.3 199.2 196.9 194.1 191.3 187.8 182.8 176.6 169.8 163.5 155.4 140.1 134.5 143.6 151.1 154.2 156.1 159 162.5 166 169.6 172.9 175.7 179.1 182.7 186 189.4 192.5 195.7 199.1 202 204.3 206 206.9 207.4 207.3 207.2 206.6 205.1 203.3 201.2 198.8 194.2 188.6 182.6
151.1 151.5 148.3 144.2 142.2 141.2 141.1 142.3 144.1 146 148.5 150.5 152.5 154.5 156.5 160 163.7 167.5 174.1 179.9 184.7 188.9 192.9 195.8 197.6 198.8 199.9 200.9 202.1 201.7 201.9 202.1 202 201.7 201.7 200.1 197.5 193.9 191.3 186.9 181.8 176 169.7 161 148.9 137.2 143.8 153.6 156.6 159.1 160.5 162.9 166.3 169.6 173.4 177.6 181.4 184.7 188.2 191.2 194.3 197.5 201.3 204.4 206.5 208.6 210.8 212 213.1 213.5 213.1 212.7 211.3 209.6 208 204.9 201.6 196.8 190.7
146.4 145.8 143 139.6 138.4 137.6 140.3 142.3 144.3 145.9 148.5 150.5 152.5 154.5 157 160.7 164.4 168.9 174.8 181 186.7 191.1 195.1 197.8 199.4 200.6 201.6 202.7 203.8 204.7 204.3 204.5 204.2 204.1 203.3 200.8 197.9 194.3 190.5 185.7 179.8 174.2 168.9 155.3 144.4 145.8 155.8 160.4 161.4 163.2 164.9 167.6 170.8 174 178.2 182.7 186.6 190.4 193.6 197.1 200.9 203.4 206.7 209.6 212 214.4 216.6 217.8 218.9 219.7 219.6 219.2 218.4 216.8 214.2 211.3 207.5 203 198.2
141.5 140.9 137.1 135.5 134.6 138.3 141.6 143.6 145.2 146.7 148.4 150.6 152.9 155.2 157.9 161.5 165.7 170.4 176.2 182.2 188.2 193.5 196.7 199.4 201.1 202.3 203.4 204.5 205.5 206.2 207.1 207.2 207.3 207 205.7 202.1 198.3 194.7 190.2 184.2 178 171.4 161.5 149.3 148.3 157.4 165.1 166.9 167 168.4 170.5 173.5 175.8 179.6 184.2 188.5 192.3 195.9 199.9 204.2 206.5 210.1 212.8 215.9 218.8 220.9 222.8 223.8 224.9 225.4 225.4 224.6 223.5 222.3 221.3 219.4 215 210.3 205.4
133.8 133.9 131.5 134.4 137 140.1 142.8 144.8 146.5 148.2 149.6 151.4 153.7 156 158.7 162.7 167.6 171.9 177.5 183.4 189.2 194.3 197.5 200 202.1 203.5 204.7 205.5 206.4 207.6 208.8 209.8 209.7 208.8 207.4 203.3 199.3 195.3 189.8 183 175.8 168.8 157.8 155.3 159.2 164.5 168.5 169.6 171.6 174.1 176.6 179.2 181.9 186 190.8 195.3 198.5 202.1 206.5 210.4 213.8 217.2 219.2 222.3 225.2 227.1 229 229.9 230.6 231 231.6 231.2 230.7 230 229 226.5 223.2 218.2 212.4
130.5 133.5 135 137.8 140.9 143.2 144.2 146.7 148.4 149.9 151.3 152.7 154.6 157.5 160.5 166 169.9 174.7 178.5 184.4 190.1 194.7 197.8 200.5 202.9 203.7 204.8 206 207 208.2 209.4 211.7 210.7 209.8 208.5 205.1 201.6 195.4 189.3 182.1 174.9 168 164.1 161.8 165.2 168.2 171.2 173.1 175.5 178 181.4 184.7 188.8 193 198.1 202.2 206 210 214.9 218.6 222.3 225.2 228.1 230.7 233.4 235.5 237.5 237.6 238.3 239.8 241.3 241.7 240.7 238.9 236.6 233.1 229.5 224 218.1
134.4 137.2 140.7 143.2 145.4 146.2 147 148.7 151.9 152.6 154 155.5 158.9 163.3 167.3 171.1 174 177.4 180.9 185.5 190.7 195 197.5 200 201.9 203.3 204.7 206.1 207.6 208.9 210.3 211.8 212.7 211.2 209.7 206.9 202.4 195.5 189 184 177.7 170.3 163 161.9 167.2 171.6 174.6 177 179.5 182.3 185.9 189.6 194.5 199.8 205.1 209.2 213.5 218.3 223.3 228.2 232.6 236.9 238.5 241.1 244 245.1 246.7 246.7 249.3 251.7 251.9 250.7 249 246.8 243.3 239.8 234.6 229 222.5
141.7 144.8 147.6 151 153.8 154.8 155.7 157.1 158.3 157.5 159.5 161.7 164.5 167.7 170.9 173.6 176.5 180.1 183.6 186.9 191.8 194.6 196.6 198.7 200.6 202.3 204 205.7 207.5 209.3 210.7 211.9 213 212.2 210.7 207.9 203.3 197.6 190.8 186.7 179.7 173.4 166.1 162.3 165.9 172.4 176.5 179.7 182.9 186.2 190.3 195.9 201 207.5 212.8 217.4 221.8 226.7 231.6 236.3 242.5 247.6 251.1 254.2 255.8 256.5 257 259.1 260.7 263.1 260.7 258.7 255.9 252.9 248.4 243.9 237.8 230.2 228
150.1 153.4 156 159.3 161.5 162.6 161.8 162.4 163 161.8 162.4 163.4 166.6 169.9 172.6 175.4 179.4 183.4 186.1 188.2 191 193 194.9 196.9 199 201.4 203.2 205 206.8 208.8 210.8 211.9 212.8 213.3 211.7 209.8 206.1 200.8 192.9 188.3 183.1 176.9 170.6 165.4 165.3 171.9 177.7 181.1 184.5 188.7 194.1 200.6 206.5 213.5 219.8 225.4 230.1 235 239.5 244.2 251 257 263.3 266.8 268.7 270.2 271.5 272.7 273.6 274.5 272.1 266.1 261.3 256.7 251.9 245.4 237.8 234.8 233.5
155.1 157.6 160.4 162.5 164.1 164.9 164.5 163.7 163.6 162.7 162.7 164.2 166.8 170.1 173.4 176.5 180 183 186 187.6 189 190.3 192.8 195.2 197.5 200 202.4 204.2 206.1 208.6 210.7 211.8 212.2 212.5 212.9 210.5 207.2 202.6 196.2 191.7 186.6 180.8 174.5 169.8 167.5 172.3 178.1 182.4 187 192 197.9 204.3 211.9 219.3 226.2 232.9 238.1 243.2 247.5 252.1 259.9 265.6 272.7 277.3 280.7 282.4 285.1 287.3 286 285.2 282.4 286.9 268.3 262.1 257 247.9 243.4 242.2 239.3
157.4 159.3 161.2 162.9 163.9 164.7 165.1 164.6 163.6 163 162.7 163.3 165.7 168.4 171.1 175 178.6 182 183.8 185.2 186.4 187.5 190.1 192.5 195.6 198.2 200.9 203.4 206 208.4 210.7 211.4 211.8 211.9 212.2 210.5 206.5 202.4 198.5 193.9 189.6 184.9 179.4 175.1 173.3 174.5 179.9 184.7 189.8 195.5 203.1 209.3 217.5 225.6 232.7 239.8 245.2 250.5 255.8 261 268.1 274.3 280.2 285.3 289.5 293.1 295.6 297.6 295 294.9 294.7 291.1 277.6 268.7 261.2 253.3 252.8 248.9 245.6
157.1 159.3 161.3 162.6 163.1 164 164.5 163.7 162.6 162.6 162.4 162.4 163.3 165.7 169.2 172.6 176.2 178.7 181 182.3 183.1 184.6 187.2 189.9 193.3 195.9 199.2 202.8 205.7 209.2 210.1 210.9 211.4 211.2 209.9 208.2 205.3 201.6 199.2 195.8 191.7 188 184.3 180.9 178.9 177.3 181.6 187.1 192.4 196.8 204.7 213.3 222.3 230.1 237.4 244.4 250.3 256 261.6 267.7 274 280.8 285.9 291.1 295.7 299.8 302.8 305.5 306.4 296.9 300.2 293 285.5 276.9 268.6 267.6 264.2 260.9 257.7
154.6 156.9 159.6 160.9 161.3 161.5 161.7 161.6 161.4 160.7 160 160.4 161 163.3 165.9 169.4 172.4 174.8 177 178.2 179.7 182 185 188 191.3 194.8 198.3 202 205.2 207.4 208.5 209.3 209.9 209.5 208 205.4 204.3 201.6 199.6 196.6 193.5 190.3 187.2 184.8 182.5 181.8 184 189.4 195.2 200.4 205.7 217.9 226.2 233.6 240.7 247.1 253.4 259.4 265.5 272.3 278.6 284.8 290.6 295.5 300.4 304.8 308.8 313.3 314 297.2 309.5 299.2 292.2 285 281.7 279.1 276.4 273.1 270.3
151.9 154 156.1 158 158.5 158.7 158.6 158.7 158.6 158.4 157.8 157.7 158.5 160.3 162.5 165.2 168.4 170.7 172.5 173.8 176.7 179.8 183 186.1 190 193.8 197.5 200.7 203.2 205.1 206.2 206.9 207.4 206.7 204.7 202 200.3 200.6 199.1 197.1 194.5 193 190.3 188.4 186.4 185.9 186.7 190.6 197.5 203.7 209.5 218.7 227.9 236 243 249.2 255.4 261.9 268.9 275.2 282 288.4 294.2 299.3 304 308.5 312.9 316.5 296.2 312.4 312.1 306.4 299.8 295.3 292.8 291.4 289.1 286.7 283.2
149.1 150.9 152.8 154.4 155.7 155.1 155.3 155.6 155.6 155.9 155.4 155 155.2 157 159.1 161.4 164 165.3 167.4 171.7 175.1 178.2 181.3 184.4 188.4 191.9 195.4 198.1 200.7 202.2 203 203.4 203.9 203.2 200.7 199 198.2 198.7 198.6 197.7 195.8 194.9 193.5 192 190.3 189.6 190.6 194.3 201.3 207.3 211.7 218.4 228.7 236.8 244.3 250.7 257.3 263 269.6 276.6 283.9 290.7 296.1 301.3 306.1 310.6 314.9 318.4 320 319.8 317.1 312.3 308.9 305.8 305 303.9 301.2 298.3 294.4
147.5 148.1 149.3 150.8 151.9 152.3 152.4 152.5 152.6 153.2 152.8 152.1 152 152.1 155.2 157.6 159.1 161.2 165.5 169.5 173.6 176.6 179.6 182.5 185.9 189.4 192.7 195.4 197.5 198.8 199.4 199.6 200 198.9 196.9 196.6 196.5 196.3 196.9 197.8 197.2 196.2 194.8 194.2 193.3 193.3 194.1 197.3 201.9 207.3 214.4 221.4 229.2 236.4 243.7 250.1 256.2 262.7 269.5 275.9 283.6 290.5 296.5 301.7 306.7 311.9 316.2 320 322.1 322.5 321.3 318 315.5 314.6 313.6 312.3 309.9 306.4 301.8
145.2 145.7 146.1 146.9 147.6 148.4 149.1 149.3 149.5 149.9 149.3 148.2 148.3 148.6 149.9 151.8 155 159.4 163.8 167.8 171.7 174.8 177.8 180.3 183.4 186.9 189.4 191.7 193.8 195 195.5 195.7 195.6 195.1 194.3 194.2 194.5 193.6 194.7 196.4 196.8 197.3 196.6 196 196.3 196.7 198.3 201 203.8 208.4 215.2 222 228.6 235.5 241.8 248.4 254.8 261.6 268.2 274.4 281.9 289.2 295.6 301.8 307.3 312.8 317 320.7 324.9 325.3 325.1 322.9 322 321.8 320.4 317.6 315.9 312.6 306.5
144 142.9 143.2 143 143.7 144.5 145.4 145.7 146 146.5 146 144.5 145 144.8 146.2 149.8 153.6 157.7 162 166.1 169.7 173 175.7 178 181 183.8 185.9 188.1 189.8 190.9 191.4 191.7 191.1 189.1 190.5 191 191.7 191 193 194.7 196.3 197.8 198 198.4 199.7 201.5 202.4 204.4 207.6 211.8 217 222 227.8 233.9 240.5 246.9 253.4 260 266.5 272.7 279.8 286.6 293.5 300.4 307 312.5 317.5 321.7 325.2 327.2 328.1 328 327.4 325.5 325 322.3 319.7 315.2 310
143.1 141.4 139.5 139.4 140 140.7 141.4 141.8 141.9 141.6 141 140.6 140.2 141.1 144.7 148.6 152.4 156.2 160.4 164.1 167.6 171 173.4 175.8 178.4 180.3 182.4 184.1 185.7 186.8 187.3 187.6 187.7 186.6 186.7 186.8 187 188.4 190.5 192.9 194.6 196.9 198.7 200.7 203.2 204.1 206 208.4 212 216.2 219.5 223.6 228.3 233.9 240 246.1 251.9 258.3 264.8 271.4 278.4 285.3 292.7 299.6 306.9 312.6 318.1 322.5 325.7 328.2 330.4 330.1 329.1 329 327.2 325 321.5 316.8 310.1
142.9 140.6 138.2 136.7 137 137.2 137.4 137.7 138.1 137.8 136.8 135.4 137 140.1 143.5 147.4 151.2 154.9 158.3 161.6 164.8 168 170.4 173 175 176.8 178.5 180.1 181.8 182.7 183.2 183.7 184.9 183.5 184.4 184 183.6 186 187 188.8 191.8 197.2 199.2 202 204.5 207.6 208.6 212 215.5 218.6 222.1 225.9 230.1 235.4 240.6 246.4 252.3 258.3 264.8 270.9 278 285.4 292.2 299.7 306.4 312.2 317.5 321.9 326.1 329.1 331.3 330.3 330.6 329.8 327.8 325.2 320.4 315.3 309.1
142 139.5 137.2 134.6 133.3 133.4 133.6 133.8 134.2 134.4 133.1 132.8 135.2 138.8 142.3 145.5 148.7 152.1 155.5 159 162.2 165 167.6 170.1 171.7 173.3 174.8 176.3 177.8 178.6 179.1 179.4 179.8 180.1 181.4 180.9 181 182.5 183.9 186.2 188.6 192.3 199.5 201.2 203.8 207.3 209.7 213.4 217.2 220.8 224.7 228.5 232.2 237 241.9 246.8 252.6 258.3 264.6 271.4 277.7 285.2 291.4 299 305.3 310.8 315.7 320.7 324.7 327.6 330.3 330.9 329.4 327.6 324.4 321.3 316.6 312 306.3
