Game/Highland_Data/StreamingAssets/GeoData/Data/sx/SX46.asc
ncols 200
nrows 200
xllcorner 240000
yllcorner 60000
cellsize 50
[rows 152 to 189 of 200, columns 0 to 85 of 200]
76.2 74.2 72.1 69.4 66.3 62.9 58.8 54.3 48.6 36.8 44.8 45 41.6 39.4 35.6 30.2 22 13.7 7 6.7 7.1 8 8.1 4.4 13.3 17.8 19.7 21.1 20.7 18.8 17.1 15.6 15.4 16 16.1 16.3 16 12.2 19 22.8 27.4 31.2 35 38.7 42.2 43.7 44.3 43.2 40.7 38.1 37.1 36.9 37.7 39 40.3 42.2 43.7 44.6 43.6 42.1 39.6 34.6 28.8 20.4 7.6 12.6 11.3 6.4 5.4 5.6 1.7 1.2 0.6 0 -0.7 -1.6 -1.6 -1.6 -1.6 -1.6 -1.6 -1.6 -1.6 -1.6 -0.8 -0.4
81.6 79.5 76.9 73.7 70.6 68.2 64.2 59.9 54.1 51.8 52.5 50.4 47 44.1 39.2 33.1 26.5 18.4 9.7 8.5 10 5.9 2.6 4.2 8 12.2 13.6 15.3 15.1 12.9 11.3 10.9 10.1 10.5 9.8 9.2 10.1 16.5 20.5 23.4 26.7 31.2 35.9 39.6 43.5 44.4 44.5 42.2 39.3 36.6 34.8 34.2 35.8 37.5 39 40.9 42.6 43.2 42.4 40.7 36.7 31.6 24.9 12.7 15.3 16.4 13.4 9.2 12.9 12 10.2 1.9 1.2 0.5 -0.3 -1.6 -1.6 -1.6 -1.6 -1.6 -1.6 -1.6 -1.6 -1.6 -1.2 -0.6
82.2 79.5 77.2 74.7 72.4 69.5 67.1 63.3 60.7 59.6 58.3 56.6 52.2 46.6 39.9 32.1 20 11.1 13.1 18.3 21.3 21.6 16.8 5.4 1.8 -1.6 3.2 7.5 7.7 6.3 5.7 4.5 4.7 5.7 10.3 13.7 16.8 20.2 24.3 27.3 29.8 34 37.5 41 44.4 44.7 45.4 43.1 39.6 36 32.5 31.2 32.8 34.8 37 39.4 41 41.7 40.3 38.2 33.7 25.9 18 19.7 21.1 20.2 18.9 18.9 19.1 18.6 16 11.9 4.1 1.1 0.2 -0.6 -1.6 -1.6 -1.6 -1.6 -1.6 -1.6 -1.6 -1.6 -1.6 -0.6
82.6 79.6 74.9 72.3 70.7 69.2 66.7 64 61.7 60.1 59.4 58.6 54.1 46.5 37.6 22.5 11.5 18 24.4 29.8 32.8 34.5 32.6 28.6 22 -1.6 -1.6 -1.6 -1.6 -1.6 1.8 3.9 9.7 13.3 17.5 20.6 23.3 25.6 27.6 30.3 33.3 36.5 40.1 43.6 46.5 47.6 47 44.4 41.1 37.3 33.8 27.1 29.3 31.3 34.3 37.4 39.4 40.1 39.3 35.3 28.3 28.3 28.5 28.3 28 27.6 26.3 26.8 26.9 25.2 22.4 17.6 11.6 1.7 0.9 0 -1.6 -1.6 -1.6 -1.6 -1.6 -1.6 -1.6 -1.6 -1.6 -0.9
83 79.2 74 68.2 67.3 65.5 63.1 59.7 57.5 56.4 56.2 56.3 51.6 45.1 31.7 14.3 19.9 29.5 35.6 39.5 40.9 42.6 42.8 42.7 38.6 32.6 27.6 22.2 13.5 -1.6 1.5 11.6 14.4 16.5 19.8 22.9 25.2 27.7 30.1 31.8 34.6 38 41.6 45.3 48.4 49.6 48.5 45.9 42.3 38.6 33.7 29 25.1 28.2 31.8 35.7 38.6 39.7 39.2 37.8 37.5 38.1 37.8 36.6 35.3 35.4 34.9 34.7 33.9 31.4 28.4 24 18.9 13.5 1.7 1 -0.1 -1.6 -1.6 -1.6 -1.6 -1.6 -1.6 -1.6 -1.6 -0.9
79.8 76.2 71.8 65.5 61.6 61.5 57.9 53.4 48.8 48 48 48.2 46.6 41.3 24.9 15.9 28.6 39.2 42.7 44.9 47.9 49.8 49.9 48.6 46.8 42.1 36.5 29.3 19.6 -1.6 -1.6 11.4 15.1 17.6 20.1 22.1 24.3 27.1 29.5 31.7 34.3 38.1 42.4 46.2 48.6 49.9 49.4 47.1 45 41.4 37.1 32.4 27 23.9 28.8 34.7 38.1 39.9 40.9 42.6 43.8 44.2 43.7 42.4 42.5 43.4 45.1 46.1 47 47.5 46.2 42.7 36.6 28.1 18.1 10.6 1.3 -1.6 -1.6 -1.6 -1.6 -1.6 -1.6 -1.6 -1.6 -1.6
76.9 73.4 69.1 63.8 56.3 54.6 50.9 44.9 34.6 32.4 33.1 35.4 35.2 28.7 19.8 21.2 36 42.1 45.4 49.7 54.1 56.9 56.6 53.5 49.2 42.4 34.2 25.6 15.3 1 -1.6 7.7 12.3 14.4 17 19.5 22.8 25 25.5 27.6 32.3 37.5 42.4 46.6 49.8 50.4 51.4 50.5 48.3 45.2 42.8 38.9 34.1 24.5 22.4 28.4 35 37.9 40.2 42.6 45.6 47 47 47.1 48 50.5 53.1 55 55.9 56.3 56.2 54.2 50.9 46 39.1 27.4 13.7 0.7 -1.6 -1.6 -1.6 -1.6 -1.6 -1.6 -1.6 -1.6
74.1 70.2 66 61 53.8 46.6 42.5 34.7 29.1 31 28.2 24.9 22.4 20.6 20.5 21.8 34.7 40.6 44.5 50.1 53.8 57.8 58 55.6 50.8 42.8 33.5 19.6 6.2 1.5 -1.6 0.5 1.7 8.1 10.8 12.9 15.1 17.2 19.6 23.4 29 35.6 41 45.8 49.9 52 53.2 53.4 51.3 49.5 47.4 45.3 41.8 33.9 22.4 21.1 30.6 34.9 37.6 41 44.2 46.1 47.3 48.7 50.6 53.9 56.8 59 60.1 60 58.2 55.9 52 46.8 41.2 32.3 20.3 1.6 -1.6 -1.6 -1.6 -1.6 -1.6 -1.6 -1.6 -1.6
70.5 66.8 62.8 58.2 53 46.9 40.9 34.2 39.3 44.2 43.8 38.2 31.4 30.2 31.6 26.9 29.4 35.8 43.8 44 52.3 55 56.6 54.9 48.6 40 26 8.4 6.2 19.7 -1.6 -1.6 -1.6 0.5 -1.6 -1.6 -1.6 5.2 10.2 16.6 24.3 32 38.4 43.4 48.8 51.5 52.5 52.5 52.2 51.6 50.6 48.7 45.5 40.1 31.3 13.8 24.4 31.5 35.5 39 41.9 44.5 46.4 48 49.5 52.7 56.5 59.4 60.6 60.3 58 54.6 51 47.6 43.3 36.9 28.1 15.5 0 -1.6 -1.6 -1.6 -1.6 -1.6 -1.6 -1.6
66.6 62.1 58.8 55.8 50.1 44.1 35.5 37.8 48.9 51.7 47.3 38.9 36.3 38.5 35.1 31.2 36.2 39.4 43.4 49.9 51 53.6 52 49.8 43.6 34.1 15 18.6 15.6 27.6 23.8 16.9 -1.6 -1.6 -1.6 -0.2 -1.6 -1.6 -1.6 7.1 18.2 27.5 35.3 41 46.3 48.4 49 49.8 50.4 51.2 51.3 49.4 46.6 42.2 34.4 16.9 18 27 32.1 35.9 38.7 41.2 43.7 46.2 48.3 50.6 54.1 56.2 57.8 57.5 55.7 52.8 49.5 46.4 44.9 43.2 36.7 20.6 0.5 -1.6 -1.6 -1.6 -1.6 -1.6 -1.6 -1.6
62.2 56.2 49.8 48.9 44.1 42.6 38.8 45.6 51.7 52.4 49.1 45.1 46.5 44.6 38.3 38 43.7 45.9 49.1 49.9 51.4 49.8 46 43.2 37.5 24.4 26.3 27 23.3 29.9 30.1 24.6 17.3 6.6 4.9 7.6 8.7 1.9 -1.6 -1.6 12 23.7 32 38.1 42.3 44.2 45.4 45.6 48.1 49.6 49.4 47.8 44.9 40.9 35.8 22.6 12.4 22 27.7 31.5 34.7 36.8 39 41.3 44.6 47.2 49.6 51.5 52.3 52.5 51.2 49.1 46.9 44.2 41.3 36.4 30.5 19.8 -1.6 -1.6 -1.6 -1.6 -1.6 -1.6 -1.6 -1.6
64.2 61.3 57.4 53.7 52.2 48.6 46 50.3 55.6 57.2 54.5 53 53.4 49.7 43.1 50 53 54.3 53.4 53.4 53.3 51.4 47.5 38.3 30.7 31.9 33.1 30.9 31.5 36.5 36.3 23.1 26.2 23.4 22.1 20.2 13.7 1.8 0.4 -1.6 10.2 20.9 27.1 32.1 35.3 36.9 37.8 40.5 45.2 47.3 47.1 44.4 40.9 37.5 32.6 26.5 7.8 16.3 23 27.1 29.4 31.4 33.7 36 39.3 41.7 44 46.2 46.8 46.4 45.6 43.7 41 37.1 33 28.5 21.7 1.7 -1.6 -1.6 -1.6 -1.6 -1.6 -1.6 -1.6 -1.6
64.5 63 62.8 61 57.8 54.5 56.8 59.7 61.1 61 59.9 58.6 57.3 53.6 51.8 55.8 56.2 57.3 55.9 56.2 56.5 55.7 50.9 46.4 46.1 46.1 44.3 43.5 48.5 49.8 48.6 45.3 41 36 31.8 26.5 17.5 5.1 0 -1.6 6.7 16.2 22.6 25.6 25.6 26.4 30.3 36.8 43.3 45.9 44.9 42.1 35.5 30.2 24.9 19.7 9.9 12.5 19 21.9 24.5 25.8 28.4 30.7 33.8 36.9 39.3 41.6 42 41.7 41.1 39.7 36 29.6 23 18.3 3.6 -1.6 -1.6 -1.6 -1.6 -1.6 -1.6 -1.6 -1.6 -1.6
63.9 64.4 64.4 63.7 63.2 64.2 65.5 66.3 66 65.6 63.2 60.6 58.5 56.5 54.6 54.7 54.7 56 57.3 58.6 58.3 56.8 55.5 58.6 60.8 61.1 61.2 60.6 59.3 57.3 55.1 53.4 49.2 45 41.4 35.1 25.6 9.3 0.3 -1.6 1.9 13.2 15.2 16.4 18 29 37.1 41.8 44.1 44.6 43.4 41.2 37.1 31 23.8 16.4 5.2 10 14 16.4 18.2 20 22.7 25.8 29.3 32 34.5 36.9 36.9 36.6 36.8 35.5 33.2 27.4 17.1 1.6 0.3 -1.6 -1.6 -1.6 -1.6 -1.6 -1.6 -1.6 -1.6 -1.6
63 63.7 64.5 65 64.5 65.8 67.1 67.8 67.3 66.8 64.2 61.2 59.4 58.7 57 54.7 50.2 50.3 53.5 55.7 57 56.5 56.7 59.2 61.4 61.5 60.8 59.5 57.7 55.6 53.5 52 49.8 47.4 42.5 37.4 31.6 13.7 0.9 -1.6 -1.6 5 6.7 14.4 29.6 40.1 41.5 42.3 42.2 40.8 40.5 38.9 36.4 33.8 30.5 25.2 5.9 5.1 8.7 10.9 12.2 14.4 18 21.5 24.6 27.1 28.9 30.5 31.1 31.9 32.4 31.2 28.9 23.4 10.8 0.7 -0.7 -1.6 -1.6 -1.6 -1.6 -1.6 -1.6 -1.6 -1.6 -1.6
61.1 61.9 62.6 62.8 63.4 64.2 66.1 66.6 65.4 64.1 61.6 58.3 55.4 56.5 57.5 55.8 51.8 42.3 49.7 51.8 54.5 53.5 53.4 54.7 56 56 55.6 54.5 53.2 51.5 49.7 48.3 47 44.8 40.9 36 29.4 16.5 1.8 -1.6 0.2 3.9 18.3 29.6 33.7 35.9 37.3 37.8 38.5 37.3 36.7 34.7 34 31.8 27.7 23 13.8 3.1 2.3 6.5 7.7 11 14.4 17.5 20.3 22.3 23.9 25.1 26.3 27.3 28 26.8 23.1 16.8 1.5 0.1 -1.6 -1.6 -1.6 -1.6 -1.6 -1.6 -1.6 -1.6 -1.6 -1.6
58.6 59 59.1 59.3 59.5 60.8 62.9 63.7 62.9 61 57.8 53.3 49 49.2 49.2 49.5 48.1 38 45.2 46.8 46.7 46.1 47.7 49.2 50.4 50.5 50.2 49.8 48.6 47.2 46 44.7 43.4 41.8 38.8 35.2 28.8 20.8 0.9 -1.6 1 12 19.6 24.1 28.2 31.5 33.5 35 32.5 34.1 32.8 30.6 30.3 29.8 25.4 19 13 8.7 1.4 1.8 3.8 8.2 11 13.7 15.4 17.2 18.8 20.2 21.7 22.7 23.4 21.2 16.8 7.5 1 -0.6 -1.6 -1.6 -1.6 -1.6 -1.6 -1.6 -1.6 -1.6 -1.6 -1.6
55.1 55.4 55.4 55.3 55.9 58.1 59.4 60 59.2 57.6 56.2 50.7 43.4 40.3 40.1 40 37.8 32.7 37.8 38.6 38.8 40.2 42.6 44.1 44.8 44.9 44.9 44.8 44.2 43.1 42 40.8 39.3 37.6 36.9 32.9 28.2 22.1 3 -1.6 1 6.3 12.6 18.6 24.2 29.4 30.4 32.2 32.1 30.4 29 26.7 25.4 23.6 20.7 15.7 8.5 1.8 1.4 1.4 1.8 4.6 7.4 9.5 11.4 13.1 14.1 15.7 17.4 18.3 18.4 16.6 10.1 1.1 -0.2 -1.6 -1.6 -1.6 -1.6 -1.6 -1.6 -1.6 -1.6 -1.6 -1.6 -1.6
50.9 51.4 50.6 50.4 51.3 53.9 55.6 55.2 55.8 55.1 52.9 51.7 46.8 40.4 34.2 31.2 29.8 27.9 30 31.3 32.5 34.8 37.4 38.9 39.1 39.1 39 39.2 39.2 38.9 37.8 36.5 35 33.4 31.8 29.3 26.2 20.7 6.3 -1.6 1 3.5 11.1 18.5 22.9 27.8 28.7 29 28.7 27.2 26.6 23.2 18.8 14.9 12.1 7.2 1.7 0.5 0.6 0.8 0.9 1.8 3.3 5.9 7.8 9.7 11.3 13 14.9 15.9 16.8 17.1 9.5 0.5 -1.6 -1.6 -1.6 -1.6 -1.6 -1.6 -1.6 -1.6 -1.6 -1.6 -1.6 -1.6
46.2 46.8 45.9 44.7 46.3 50.3 51 50.8 52.7 51 49.9 50.6 49.6 46.9 41.7 33.7 26.8 22.2 24 25.9 28.3 30.7 32.7 34.1 34.2 33.9 33.4 33.9 33.8 33.6 32.9 31.5 29.9 28.9 28.3 26.5 23.1 17.3 3.7 -1.6 1.5 4.2 12.4 17.3 22 24.3 25.4 25.2 24.9 25.3 23.6 19.3 15 10.3 4.2 1.3 1.1 0.9 0.9 0.7 0.6 1.2 1.8 2.3 4.2 6.3 8.7 10.7 12.6 14.2 15.2 16.5 13.2 0.2 -1.6 -1.6 -1.6 -1.6 -1.6 -1.6 -1.6 -1.6 -1.6 -1.6 -1.6 -1.6
42.1 41.8 40.4 39.3 40.1 44.5 46 46.1 47.7 46.2 45.8 45.7 46.9 45.1 43.7 40.6 35.7 25.5 18.7 23.6 26.2 27.4 28.5 28.6 28.6 27.9 27.6 28.2 28.3 28.2 28 26.2 24.5 23.8 23.2 22.2 19.3 14.9 4 -1.6 1.7 7.1 11.8 16.4 19.6 21.5 21.9 21.7 21.6 25.5 19.4 16.5 13.5 10.1 4.4 0.7 0.6 0.6 0.3 -0.1 0.5 1 1.9 2.8 3.6 5.7 7.5 9.3 11.4 12.1 11.6 10.9 11.3 -1.6 -1.6 -1.6 -1.6 -1.6 -1.6 -1.6 -1.6 -1.6 -1.6 -1.6 -1.6 -1.6
39.4 37.5 35.7 34.6 36.2 37.6 40.6 41.7 40.7 41.7 41.4 39.8 40.8 41 39.3 37.1 34.1 29.3 16.6 20.4 22.3 22.2 22.6 23 22.6 21.7 20.5 21.3 22 22.2 21.3 20.4 18.7 17.8 17.1 16.5 14.1 10.2 -1.6 -1.6 1.1 4.7 9.5 14.1 16.7 18.4 19 18.4 17.6 17 14.5 13 11.6 8.9 6 1.6 0.2 -0.6 -0.6 0 0.7 1 1.8 3.9 7.3 9.4 11.9 13.5 13.6 12.4 10.5 7.3 -1.6 -1.6 -1.6 -1.6 -1.6 -1.6 -1.6 -1.6 -1.6 -1.6 -1.6 -1.6 -1.6 -1.6
43.5 41.1 37.3 34.7 31.5 33.6 35.1 34.6 35.7 35.4 33.8 32.5 33.2 33.5 33.3 31.6 28.8 25.3 19.1 13.5 16.9 16.8 16.6 15.9 15.1 14.6 13.5 14.4 14.1 14.3 14.2 13.2 11.7 10.5 9.8 9.5 7.2 4.5 -1.6 -1.6 1.7 1.8 6.9 11.7 14.5 16.1 16.7 15.5 14.6 12.7 11.2 9.8 8.4 7 1.8 1.3 -0.2 -0.6 -0.6 0.4 0.9 1.1 1.3 2.7 8.3 9.8 13.4 15.2 16.9 16.8 13.3 2.2 -1.6 -1.6 -1.6 -1.6 -1.6 -1.6 -1.6 -1.6 -1.6 -1.6 -1.6 -1.6 -1.6 -1.6
50.8 45.3 41.6 32.6 32.5 29 29 29.9 29.9 29.4 28.2 27.1 27.3 26.9 26.1 24.4 21.4 16.9 12.7 8.1 9.8 9.3 10.4 9.6 7.5 6.3 6.5 6.8 6.5 6.6 6.6 6.2 5.8 1.4 -1.6 -1.6 3.2 -1.6 -1.6 -0.1 1.6 1.6 5.9 9.8 12.7 14.5 15.2 14.2 11.5 9.1 7.6 6.1 1.8 1.6 2.3 2.2 3.9 1.3 -1.6 1.4 2.8 1.2 1.2 1.5 5.8 3.8 10.2 11.6 12.9 14 14.7 -1.6 -1.6 -1.6 -1.6 -1.6 -1.6 -1.6 -1.6 -1.6 -1.6 -1.6 -1.6 -1.6 -1.6 -1.6
57 50.1 41.8 42.3 40.7 34.8 28.9 26.3 24.9 24 22.7 21.6 21 20.5 19.2 18 14 8.9 12 11.4 8 5.8 2.5 2.7 2.3 1.8 1.8 1.2 1.4 -1.6 1.2 -1.6 -1.6 -1.6 1.7 -1.6 -1.6 0.6 -1.6 -0.3 1.7 1.6 6.1 9 11.3 13 14.2 13.8 10.5 6.5 1.8 1.7 1.8 1.6 1.6 1.8 0.6 -0.6 -1.6 0 0.5 0.8 1 1.5 1.7 1.7 1.6 1.8 5.9 1.6 -1.6 -1.6 -1.6 -1.6 -1.6 -1.6 -1.6 -1.6 -1.6 -1.6 -1.6 -1.6 -1.6 -1.6 -1.6 -1.6
58.2 50.8 49.7 52.4 48.9 42.2 35.7 31.1 27.5 24.3 20.5 20.6 18.3 17 15.5 14.5 14.3 19.6 21.2 19.8 17.6 15.1 12.2 7.5 2.3 3.7 2.5 1.4 1.6 1.9 -1.6 -1.6 1.1 1 1 0.9 -1.6 1.8 -1.6 -1.6 1.3 1.6 3.7 5.7 8.1 9.9 10.3 9.2 5.6 1.6 1.8 1.6 1.8 1.6 1.7 1 0.3 -0.5 -1.6 -1.6 -1.6 -0.7 0.4 0.8 1.1 1 0.9 0.9 1.2 0.1 -1.6 -1.6 -1.6 -1.6 -1.6 -1.6 -1.6 -1.6 -1.6 -1.6 -1.6 -1.6 -1.6 -1.6 -1.6 -1.6
68.4 64.3 62.8 61.7 57.5 52.6 47.6 43.2 39.6 36.1 33 29.1 26.7 25.1 25.3 22.1 22.6 28.7 27.7 25.8 24.4 20.7 14.2 7.6 8.5 10.2 8.1 7 6.6 5.2 3.2 -1.6 3.4 3.6 4 4 2.8 -1.6 1.7 -1.6 0.3 1.7 1.6 2.8 4 5.2 5.6 2.2 1.6 1.7 1.8 1.8 1.8 1.7 1.1 0.2 -0.5 -1.3 -1.6 -1.6 -1.6 -0.7 -0.1 0.2 0.5 0.4 0.2 -0.2 0 -1.6 -1.6 -1.6 -1.6 -1.6 -1.6 -1.6 -1.6 -1.6 -1.6 -1.6 -1.6 -1.6 -1.6 -1.6 -1.6 -1.6
78.2 75.5 73.3 71 68 64.8 61.6 59.1 55.6 52.9 48 42.5 36 33.7 31.4 26.6 25 30.2 29.9 27.6 24.7 18.8 11.7 14.3 14.4 14.3 13.8 13.4 12.9 12.7 11.1 11 10.7 11.1 11 10.2 7.9 -1.6 -0.1 -1.6 -1.6 -1.6 1.6 1.6 1.6 1.6 1.7 1.8 1.6 1.6 1.7 1.4 0.8 0.5 0 -1.6 -1.6 -1.6 -1.6 -1.6 -1.6 -1.2 -0.7 -0.3 0 -0.1 -0.4 -0.8 -1.6 -1.6 -1.6 -1.6 -1.6 -1.6 -1.6 -1.6 -1.6 -1.6 -1.6 -1.6 -1.6 -1.6 -1.6 -1.6 -1.6 -1.6
81.7 81.5 80.3 79.1 77 75 73 70.2 66.6 63.4 60.4 54 47.2 40.5 35.3 29 29.4 33.3 33.7 29.9 23.9 17.6 20.6 22.7 22.6 23.5 26 27.4 27.8 26.2 23.6 24.5 26 25 23.5 22.6 20.5 18.5 16.2 13.1 3.1 -1.6 -1.6 1.7 1.6 1.8 1.7 1.8 1.7 1.8 1.7 0.5 -0.2 -0.8 -1.6 -1.6 -1 -1.1 -1.6 -1.6 -1.6 -1.6 -1.2 -0.8 -0.6 -0.7 -1 -1.6 -1.6 -1.6 -1.6 -1.6 -1.6 -1.6 -1.6 -1.6 -1.6 -1.6 -1.6 -1.6 -1.6 -1.6 -1.6 -1.6 -1.6 -1.6
82 82.2 81.6 81 80.8 80.2 79.1 76.8 74.6 71.5 67.7 62.1 55 48.2 41.6 34.3 34.1 36.8 36.6 31.5 25.4 25.8 28.3 31.9 33.7 36.2 36.7 36.1 34.9 34.1 32.7 32.9 31.9 31 28.6 28.9 30.1 29.9 27.7 26 22.2 10.7 -1.6 -1.6 1.8 1.7 1 1 1.7 1.8 1.2 -0.1 -1.6 -1.6 -1.6 0.1 0.7 0.5 -0.2 -1.6 -1.6 -1.6 -1.6 -1.4 -1.1 -1.3 -1.6 -1.6 -1.6 -1.6 -1.6 -1.6 -1.6 -1.6 -1.6 -1.6 -1.6 -1.6 -1.6 -1.6 -1.6 -1.6 -1.6 -1.6 -1.6 -1.6
80 79.8 79.7 78.7 79.4 80.3 81.3 80.3 78.7 76.4 73.3 67.5 61 54.8 46.6 37.7 39.8 40.4 38.2 31.8 31 32.6 37.1 40.8 42.8 42.7 40.6 37.7 35.8 32.5 30.6 29.1 28.2 27.7 26.9 26.3 26.1 25.1 24.6 22.3 18.7 12.4 1.3 -1.6 1.3 1.8 1 1.6 1.6 1.5 0.2 -1.6 -1.6 0.4 1.2 1.8 1.9 1.8 1.1 0.3 -1.6 -1.6 -1.6 -1.6 -1.6 -1.6 -1.6 -1.6 -1.6 -1.6 -1.6 -1.6 -1.6 -1.6 -1.6 -1.6 -1.6 -1.6 -1.6 -1.6 -1.6 -1.6 -1.6 -1.6 -1.6 -1.6
76.8 76.1 76.1 77.8 78 78 78.3 80.3 80.5 78.6 77.2 74.3 69.1 62.4 55.1 43.6 44 44.4 41.4 41.2 43 43.8 46.5 48 50.6 49.7 44.9 39.3 31.3 28 24.8 22.4 19.3 18.9 18.9 19.9 19.3 18 16.4 14.8 12.9 9.2 0.7 -1.6 -1.6 1.2 1.6 1.6 1.2 -1.6 -1.6 -1.6 0.7 1.9 3.5 6.7 1.8 2.1 0.6 5.5 1.6 0.3 -0.4 -1.6 -1.6 -1.6 -1.6 -1.6 -1.6 -1.6 -1.6 -1.6 -1.6 -1.6 -1.6 -1.6 -1.6 -1.6 -1.6 -1.6 -1.6 -1.6 -1.6 -1.6 -1.6 -1.6
77.1 72.3 71.9 73.6 77.9 77.8 77.2 78.3 79 80.3 79.1 78.1 75.7 72.3 66.3 50.1 55.3 53.7 52.1 55.6 58.6 60.3 61 60 59.6 57.8 53.7 45.9 38.2 28.5 14.7 12.3 9.4 5.5 5.7 8 8.4 5.9 4.6 7.5 6.1 1.9 1.4 0 -1.6 -1.6 -1 -0.9 -1.1 -1.6 1.1 6.1 4.1 6.5 9 11.7 12.6 14.3 16.7 16.4 13.9 4.3 1.1 0.4 -0.3 -1 -1.6 -1.6 -1.6 -1.6 -1.6 -1.6 -1.6 -1.6 -1.6 -1.6 -1.6 -1.6 -1.6 -1.6 -1.6 -1.6 -1.6 -1.6 -1.6 -0.9
76.4 73.7 70.8 69.4 71.6 73.2 74.9 76.3 77.7 79.3 79.8 81.1 78.9 77.5 73.4 61.6 69 68.9 66.9 70.7 73 74.7 73.2 70.4 67.8 64.6 59 52 43.7 30.6 16.2 17.7 21.5 18.4 11.4 1.8 1.7 1.8 1.8 1.7 1.7 1.7 1.7 1.7 1.7 2.2 2 2.5 1.1 1.8 8.7 9.8 10.3 11.7 13.3 15 17.1 18.3 18 16.4 13.4 11.4 3.3 1.1 0.4 -0.3 -1 -1.6 -1.6 -1.6 -1.6 -1.6 -1.6 -1.6 -1.6 -1.6 -1.6 -1.6 -1.6 -1.6 -1.6 -1.6 -1.6 -1.6 -0.9 -0.3
76 74 71.4 67.8 66 69 72.2 74.2 75.9 78.5 80 81 81.3 81.1 77.8 70.9 75.6 75.6 76.4 77.4 78.1 79 77.3 72.4 68.2 63.6 59.1 53.8 44.3 27.9 18.3 32.2 37.6 32 24.2 16.7 10.6 15 11.5 5.9 1.8 1.8 1.8 1.7 1.8 1.8 6.9 8.9 8.2 8.2 11.4 14 15.4 16.4 16.6 17.5 18.4 17.9 16.1 14.1 10.8 7.6 1.5 1 0.5 -0.1 -0.7 -1.3 -1.6 -1.6 -1.6 -1.6 -1.6 -1.6 -1.6 -1.6 -1.6 -1.6 -1.6 -1.6 -1.6 -1.6 -1.6 -1 -0.4 0.1
74.8 74.1 72.1 68.8 63.9 65.9 69.7 71.6 74.1 76.4 78.5 79.7 81.1 81.6 82.6 79.2 79.8 80 80.4 80.1 80 78.6 75.5 70.4 65.4 60.1 54.6 49.9 47 35.6 29.2 41.1 41.8 37.5 30.5 20.7 28.8 27.7 23.6 18.2 12.4 2.9 2.7 3.3 1.8 2.1 8.7 11.5 11.8 13.8 14.8 14.9 16.5 17.8 18.5 18.7 18 15.4 12.8 10 6.1 1.6 1.2 0.8 0.3 -0.2 -0.8 -1.6 -1.6 -1.6 -1.6 -1.6 -1.6 -1.6 -1.6 -1.6 -1.6 -1.6 -1.6 -1.6 -1.6 -1.6 -1.1 -0.6 0 0.5
73 72.2 71.1 68 64.9 63.2 67.5 70 72.7 75.3 77.5 78.6 80.9 81.2 81.9 80.9 81.4 81.1 82.5 81.9 81.1 79.6 75.9 71.5 61.9 58.2 60.9 50.8 48.9 45.1 41 47.1 46.5 43.1 36.3 34 36.7 33.8 28.8 24 18.8 18.7 17.9 15.6 1.8 1.8 7.7 11.4 14.5 16.8 17.5 17.8 18.3 19.6 19.7 17.1 14.7 11.8 10.1 6.5 1.8 1.5 1 0.5 0.1 -0.4 -0.9 -1.6 -1.6 -1.6 -1.6 -1.6 -1.6 -1.6 -1.6 -1.6 -1.6 -1.6 -1.6 -1.6 -1.6 -1.6 -0.8 -0.3 0.3 0.9
70.6 69.9 68.7 66.9 63.7 62 65.6 68 70.6 73.3 77.1 77.4 79.2 80.9 81.3 81.1 81.1 81.1 81.9 81.4 81.7 80.2 78.7 77.2 68 65.3 67.1 64.3 57.6 55.8 56.6 58.1 54.4 49 43.4 43.1 40.9 37 32.2 27.1 23.6 23.4 18.3 7.8 1.7 1.8 3.4 4.7 16.1 19.4 20.8 20.8 21.7 21.8 20.9 18.6 9.5 9.6 8.7 4.9 1.8 1.4 0.9 0.4 -0.1 -0.6 -1.1 -1.6 -1.6 -1.6 -1.6 -1.6 -1.6 -1.6 -1.6 -1.6 -1.6 -1.6 -1.6 -1.6 -1.6 -1.1 -0.6 -0.1 0.4 1
