Game/Highland_Data/StreamingAssets/GeoData/Data/sx/SX54.asc
ncols 200
nrows 200
xllcorner 250000
yllcorner 40000
cellsize 50
[rows 0 to 37 of 200, columns 84 to 167 of 200]
23.8 15.4 1.8 0.5 -0.8 -1.6 8.6 6.5 -1.6 -1.6 -1.6 -0.9 0 0.9 1.9 14.6 28.3 39.2 46.2 54.4 62.5 68.8 72.8 75.4 77.3 78.2 73.7 68.4 62.8 51.5 42.6 25.9 18.4 34.8 47.7 52.9 57.7 59.9 62.9 64.1 65.3 64.7 62.8 63 64.6 67.1 70.3 75.2 79.7 83.3 86.6 89.9 92.6 95.1 97.1 98.2 99.4 99.3 97.7 96.1 97 96.8 98.2 99.4 99.2 99.4 100.3 101.2 101.7 102.2 103.2 104 103.7 104 103.4 105.5 106.4 106.8 108.1 108.8 108.1 106.5 104.9 101.9
29.8 22.8 15.4 1.2 -0.4 -1.6 7.3 -1.6 -1.6 -1.6 -1.6 -0.2 0.8 1.7 8.7 23.5 35.6 45.8 52.4 60.3 67.5 75.7 77.8 79.3 81.7 80.9 76.1 69.9 60.4 51.2 42.8 34.1 26.6 24.8 36.7 47.8 53.1 55.1 58.6 61.2 62.3 61.3 59.1 58.4 61 64 67.2 72.3 77 81.7 85.1 88.8 92.5 95.2 97.6 98.6 99.3 99.4 98.5 97 96.7 96.9 96.7 96.9 97.5 98.1 98.9 99.8 100.7 101.7 102.5 102.3 102 101 100.9 103.1 105.2 106.2 107.5 108.2 107.9 106.3 104.5 101.2
21.9 16 13.1 1.6 -1.6 -1.6 1.5 -1.6 -1.6 -1.6 -0.1 0.6 1.6 9.8 16.5 22 30.2 41.2 52 60.7 69.8 75 78.4 81.3 84.3 82.4 78.3 72.2 66.4 59.4 52.3 46.4 40.9 39.8 31.7 32.5 41 45.7 51.2 55.4 56.5 55.6 53.4 53.7 56.7 60.6 65 69.9 75.1 79.9 84.3 88.5 92.4 95.6 96.9 97.1 97.3 97.3 96.2 94.8 94 93.9 93.8 94.6 95.4 96.7 97.5 98.6 100.1 101.2 101.4 100.6 100.1 98.4 96.6 100.4 102.4 104.7 105.8 107.2 107 105.9 103.3 100
8.6 1.8 1.8 1 -1.6 -1.6 -1.6 -1.6 -1.6 -1.6 1.4 1.8 11.4 22.8 32.8 33 29.5 34.1 47.8 57.4 66.5 72.8 77.4 80.9 83.1 82.5 80.1 76.3 72.5 68.1 61.6 57.8 55 57.2 56.7 51.6 46 40.8 39.8 43.1 46.8 48.2 48.8 52.4 56.5 59.7 64.2 68.9 74.4 79.2 83.5 87.8 91.5 94 95.1 95.2 94.4 93.5 93.3 92.7 91.4 91.4 91.8 94.1 94.8 96 97.3 98.7 99.8 100.6 100.2 99.4 97.8 94.7 92.3 96.5 99.3 101.6 104 105.4 106.1 105.6 103.1 99.9
23.9 14.3 1.8 0.7 -0.6 -1.6 -1.6 -1.6 -1.6 -0.4 1.4 7.9 20.7 32 43.4 47.1 44.7 41.7 43.7 54.6 64.1 70.2 75.4 78.9 82 83.7 83.1 81.8 80.5 76.8 71.8 67.4 64.3 65.7 66.7 65.1 62.5 57.7 52.9 48.3 44.8 44.9 47.7 51 54 57.3 61.1 67 73.2 77.5 81.5 85.3 89.1 92.8 93.4 94.2 93 91.7 91.1 89.9 89.2 93.3 95.7 96.7 97 97.2 97.5 98.3 99 99.6 98.8 96.6 94.4 91.2 88.5 91.2 94.2 97.8 100.7 103.3 104.8 105.4 103.1 99.6
38.2 28.8 1.7 0.6 -0.5 -1.6 -1.6 -1.6 -1.6 0.3 1.8 14.4 30.4 43.8 54.7 60.7 58 55.3 51.4 53.2 61.5 69.8 75.2 79.7 82.4 84.3 85.2 86.5 86.8 84.7 81.6 75.9 72.2 71.5 71.5 68.5 65.5 61.7 56.3 49.9 48.2 49.5 51.6 55.7 59 62.2 66.1 69.8 73.4 76.7 80 84.8 88.8 92.1 93.1 93.3 91.7 89.5 86.9 88.3 93.9 96.2 97.9 98.6 98.1 98.1 98.2 98.1 97.4 96.7 95.7 92.9 90.8 86.6 83.9 87.9 89.6 94.4 98.2 102.6 104.5 105.1 103.5 99.4
51 41.4 19.7 0.9 -1.6 -1.6 -1.6 -1.6 -0.6 0.8 10.3 23.6 35.9 54 65.1 73.2 72.1 69.9 66.2 62.3 59.9 67.1 74.3 79.5 82.8 84.5 86.9 90.1 91.5 89.9 86.6 81.7 77.9 75 71.8 67.7 63.6 59.2 55.3 53.3 54 55.6 59.3 65.2 69.7 73.8 78.6 83.6 87 88.8 90.3 92.1 93.2 93.6 94.1 93.1 91.4 87.9 84.7 91.1 94.9 96.4 97.7 98.2 97.8 98 97.1 95.7 94.5 93.1 90.8 87.6 83.7 78.9 79.4 83 87.8 94 99.5 102.7 105 104.8 103.5 98
47.6 45.4 30.6 1.6 -1.6 -1.6 -1.6 -1.6 0.2 1.7 19.2 32.4 49.2 65.5 78.2 85.6 86.9 84.9 80.9 76.6 73.5 71.5 71.9 76.1 79.8 83.3 88.1 92.4 93.9 92.5 89.6 85.7 82 77.8 73.8 69.8 62.9 60.7 61.9 62.5 64.8 67.8 73.3 78.5 81.4 83 87.8 91 92.9 94.5 94.9 95.5 95.7 95.1 94.2 93.4 90.4 86.3 81.9 89.2 92.7 94.5 95.4 96 96.3 96.8 95.4 93.9 92.2 89.2 87 82.7 77.2 74.7 78.9 84.7 89.8 95.8 99.8 102 103.3 103.5 101.5 92.1
34.5 35.5 31.4 11.5 -1.6 -1.6 -1.6 -1.6 1.4 16 29.5 45.9 61.2 76.8 90.6 96.9 98.7 96.5 91.7 85.9 82.7 80.4 78.7 78.6 81 84.7 90.4 93.1 95.5 94.7 92.3 89 85.6 81.6 78.4 73.3 64.9 70 74.6 77.9 80.5 82.5 84.4 86.7 88.9 89.6 90.3 92.9 94.6 95.3 95.4 96.1 96 95.4 94.4 92.2 88.7 85.3 76.8 86.8 89.9 91.3 93 94.1 95.2 95.6 94.9 94.6 93.7 93.2 92.5 85.1 77.9 72.9 80.6 86.4 91.2 95.3 98.1 99.3 100.3 99.6 96.8 84.2
26.7 24.8 22.2 3.9 -1.6 -1.6 -1.6 1 15.7 28.9 40.6 62.3 75.1 87.5 95.7 101.7 103.1 100.3 94.7 89.4 86.3 84 82.6 82.9 84.6 89.7 92.1 95.2 96.2 96.1 94 91.6 88.5 85.4 80.6 72 71.3 79.4 82.3 84.4 86.4 87.9 89.7 91.7 92.3 92.9 93.6 93.9 94.4 94.9 95.5 95.5 95.6 95.3 93.8 90.9 86.1 82.4 74.5 83.1 86.4 89.4 92.2 93.7 94.5 95.2 95.8 95.9 95.8 95.4 94.2 90.3 81.5 70.8 78.7 85.6 89.8 93.2 94.8 95.7 96.1 93.8 87 82.7
21.4 16.3 9 -1.6 -1.6 -1.6 -1.6 19.9 32 42.1 59.7 76.6 82.9 90.7 97.5 101.7 103.9 100.8 95.3 91.1 88.1 87 86.6 88 89.8 91.9 94.3 95.7 97 97.1 95.2 93.3 90.6 86.4 79.3 71.3 79.2 83.3 86.5 88.8 90.9 91.7 93 94.4 95.1 94.8 94.2 93.5 92.9 93.5 94.6 95.4 95.2 95.2 93 90 86.5 77.6 76.1 84.4 88.4 91.5 93.7 94.9 95.8 97.7 98.1 98.6 99.1 99.1 98.1 93.5 82.8 69.6 76.3 84 87.4 89.5 90.7 90.3 89.1 81.7 81.1 93
12.5 1.6 -1.6 -1.6 -1.6 -1.6 16.1 35.3 47.6 58 68.6 78.1 85.1 89.9 95.3 98.4 98.4 96 91.7 87.6 86 87.7 90.1 90.7 91.5 92.3 92.6 94.2 95.2 94.6 93.5 91.9 90.7 87.1 82.8 77.8 84.1 87.1 90.3 92.3 93.4 93.6 94.3 95.4 95.6 94.4 92.7 91.7 91.2 91.6 93.7 94.5 94.9 94.2 91.3 87.9 83.6 71.1 78.6 86.2 90.8 94.1 95.8 97 98.1 99.9 99.6 99.6 101.2 101.5 98.7 93.8 81.9 68.5 73 81.5 84 85.5 85.1 82.7 77.6 79.9 88.5 98.6
1.5 0.1 -1.6 -1.6 -1.6 -1.6 28.3 47.7 54.5 60.5 68.4 75.5 80.1 86.1 89.4 90.6 90 87.2 82.8 80.6 80.4 82.9 85.5 86.9 87.8 88.2 87.4 85.5 86.3 86.6 88.5 91 91.1 89.9 87.3 83 85.3 88.6 90.7 92.1 93.1 93.2 92.9 93.2 93.1 91.8 90.4 89.5 89.5 90.8 93.5 93.9 93.9 92.6 87.9 81.9 78.5 65.8 80 87.5 92 94.5 96.7 98.9 100.4 100.4 100.1 100.3 100.1 99.3 96.4 92 79 65.1 72.1 78.1 79.5 80.1 75.4 69.8 78.8 87.6 95.2 101.8
0.5 -1.6 -1.6 -1.6 -1.6 12.8 32.5 48.3 55.1 59.2 65.1 70.8 73.4 75.1 78.3 77.4 76 74.2 72.6 72 72.5 75.7 78.2 79.6 78.8 73.1 73.1 74.5 76 82.2 88.2 92.2 93.2 91.9 89.7 86.6 86.8 88.6 90 91.1 91.5 90.4 89.8 90.2 89.6 88.4 86.8 87.8 88.4 90.4 93.1 93.8 93.5 91.9 85.8 76.1 62.9 67.8 81 87.7 91.5 94.4 96.9 98.7 100.1 99.9 99.6 98 96.6 95.8 92.9 86.9 72 61.6 70.7 72.9 70.4 66.3 69.5 80.3 91.9 100.8 105.3 107.5
-0.5 -1.6 -1.6 -1.6 -1.6 15.6 32.8 42 48.3 49.7 53.7 59.8 62.6 62.5 62.7 63 63.7 63.6 63.7 62.8 63.2 66.4 69 65.6 59.5 58.6 71 73.6 76.5 86.1 90.4 93.7 94.9 93.2 91.3 89.5 88.6 89.7 90.2 90.2 89.3 87.8 86.7 86.1 85.1 85.2 85.8 88.4 89.5 91.7 93.1 93.9 93.1 91.2 84.7 72.6 52.2 70.3 81.1 87.2 90.9 93.6 95.2 97.5 98.4 98.8 97.6 95.6 93.6 90.3 85.3 74.7 64.3 59.3 62.2 63.9 68.8 73.6 84.7 97.7 105.2 108.8 110.4 110.6
-1.6 -1.6 -1.6 -1.6 0.9 17.4 29 33.8 36 33.3 36.1 40.1 44.1 48.1 47.9 49.9 51.6 53.1 54.9 55 55.6 57.8 58.2 51 49.2 57.6 69.3 80 87.2 90.9 92.7 94.9 95.1 94.3 93 92 91.3 90.4 89.4 88.4 86.6 84.3 81.3 78.8 80.7 85.7 89.3 91 91.7 92.8 93.5 94.2 93.2 90.6 84.3 68 49.7 67.3 78.6 84.9 88.2 90.7 92 93.6 94.4 95.1 94.1 92.8 88.7 81 70 61.3 57.4 60.4 66 73.3 80.6 88.1 98.8 106.4 109.7 110.4 110.4 109.7
-1.6 -1.6 -1.6 -1.6 0.6 8.1 13.3 12.5 14.6 16.5 19 21 23.5 28.5 31.4 35 38.1 41.8 44.8 45.9 47.1 48.3 44.5 43.4 54.9 68.1 80.2 87.5 91.3 92.7 94.2 94.8 94.7 94 93.4 92.7 91.9 90.1 87.7 85.2 83 79 74.6 78.1 84 88.8 91.3 92.4 93.2 93.4 93.5 93.3 91.4 87.9 83 71.6 52.4 60.9 72.6 80.7 84.3 86.6 87.8 89 90.1 90.3 90.5 88.7 78.6 65 54.2 56.8 61.5 68.6 76.5 84.9 93 100.5 104.5 107.3 108.6 108.9 108.1 106.6
-1.6 -1.6 -1.6 -1.6 0.2 1.8 1.8 1.8 1.8 4.2 10 11.4 11.5 12 14.6 20.6 21.8 29.6 32.4 35.5 38.1 36.6 39.6 50.8 64.8 78 86.2 90.5 91.1 91.7 92.6 93.4 94.1 93.8 93.2 92.3 90.6 88 84.8 81.8 78.3 71.5 73 82.1 86.9 90.5 92.2 93.3 92.8 92.5 92.2 90.8 88.3 85 79.1 69.3 56 54.2 70.1 76.9 80.8 82.1 82.2 83 83.4 82.5 82.6 78.4 66.1 53.3 59.3 71.7 75.9 78.8 85.9 94.3 100.2 102.8 104.1 105.1 106.3 105.9 105 103.5
-1.6 -1.6 -1.6 -1.6 0.6 1.8 1.8 6.8 13.8 22.1 27.1 24.8 25.4 34 33.3 30.4 28.8 26.3 26.2 31.3 30 37.4 50.6 63.7 76 83 88.5 89.9 90.1 89.6 90 90.8 91.9 92.3 92.6 91.4 89.5 86.9 83.2 79.3 73.5 64.8 69.4 81.4 87.1 90.8 92.1 92.3 91 89.6 88.3 86.8 84.8 79.9 71.1 60.4 49.6 48.3 67.1 72 75.7 76.7 73 70.7 69.5 67.4 65.7 63.5 52.8 58.1 73 82.6 86.4 87.8 92.3 97.4 100.4 101.8 102.2 102.8 103.2 102.6 101.7 100.3
-1.6 -1.6 -1.6 -1.6 1.3 10.3 22 31.2 36.8 42.1 46.8 44.3 46 53.6 52.6 49.6 46 43.3 43.1 43.4 43.3 44.6 58.4 73.5 82.7 87.7 88.5 89.5 88 86.9 87 88.2 89.4 90.4 91 89.8 89.6 87.8 85.4 82.5 78.1 66.7 61 77.5 84.2 87.5 88.9 88.6 87 84.9 82.2 80.1 77.1 71.9 62.6 51.5 40.7 46.3 59.4 65.9 68.6 69 58.5 54 52.3 49.4 46.6 47.9 59.7 74.4 82 88.5 92 94 95.2 96.4 97.6 98.6 99 99.5 99.2 97.5 96.7 94.7
-1.6 -1.6 -1.6 1 8.5 15.5 28.2 39.3 46.9 54.7 57.4 61 65.2 69 69.7 69.5 66 62.7 60.6 59.4 59.1 58.4 64.2 78.8 85.3 88.2 88.6 87.2 86 84 83.5 84.5 86.7 88.6 89.7 90 89.9 88.7 86.5 83.8 80 68.8 56.3 67.9 79.6 82.8 83.7 82.3 80.5 77.5 73.6 70.4 67.2 62.4 54 43.8 34.4 43.1 50.3 56.9 57 55.6 44.7 39.4 41.5 50.4 57.7 67.3 75.9 82.4 88.9 91.8 93.1 92.3 92.4 92.1 93.4 94.8 95.4 95.6 94.2 91.9 88.7 85.9
-1.6 -1.6 -1.6 14.1 23.4 28.6 36.8 45.8 55.2 62.5 67.9 71.3 75.1 78.9 81.2 81.8 81.1 79.9 77.6 75.5 74 72.8 75.3 82.8 86.7 88.4 87.9 86.7 85.3 82 78.5 81.3 84.1 86 88.9 89.2 89 87.5 85.6 83.3 80.9 73.9 55.3 57.6 73.5 77.1 77.5 75.2 72.1 66.8 62.1 58 56.4 51.2 42.8 34.3 33 36.7 39.5 41.6 41.5 38.2 39.2 48.4 54.6 61.8 71 78.2 83.8 87.8 90.5 91 89.5 88.4 87.2 87.4 89.1 90.5 91.7 91.1 88.8 84.3 80 77.1
-1.6 -1.6 -1.6 23.9 33 41.8 48.4 55 61.9 70.2 75.7 79 82.3 86.3 88 88.6 88.4 87.4 84.9 82.6 81.4 80.3 81.5 85.3 87.4 87.7 87.2 86.3 84.8 82 74 76.6 81.3 83.4 86.1 87.1 86.7 85.4 83.9 82.3 80.2 75 58.7 48.6 65.1 70.7 70.4 67.7 63 56.5 50 44.4 39.9 35.4 30.3 26.4 27.8 28.9 29.1 31.6 34.6 42.8 48.5 55.4 65.4 72.7 80.2 85.8 88.6 89.6 89.8 88.1 86 81.1 80 81.4 84.3 85.9 86.4 84.9 81.7 77.2 71 66.7
-1.6 -1.6 14.1 28.5 41.5 52.2 60.4 69.3 74.5 76.1 80.1 84 87 89.9 91.6 92.5 92.8 91 88.7 86.7 85.4 84.5 83.9 85.5 87.6 87.1 85.2 83.6 81.1 78.5 69.3 72 76.9 80 82.3 83.5 83.2 82 80.4 78.3 76.3 70.5 55 45.7 55.1 65.4 63.3 60.2 54.1 46.8 36.6 29.6 25.6 25 28.7 31.4 33.7 35.8 39.8 43.8 49.1 54.8 59.3 66.9 76 84.3 87.6 89.3 89.6 89.3 87.7 84.2 79.9 72.2 72.3 77.1 78.5 79.1 78.8 77.3 73.6 69.1 62.5 55.6
-1.6 8.4 22.7 36.7 50.7 62.7 71.5 78.6 80.6 82.7 84.6 87.1 89.9 92.4 93.4 93.2 93.6 91.9 90.2 88.3 86.2 84.4 83 83.2 84 82.9 80.4 78 75 68.9 61.3 67.5 72.2 75.4 78.1 78.6 79 77.7 75.6 73.3 70.4 63.7 45.6 38.7 52.3 59.1 56.2 50.8 43.2 31.9 23.8 23.6 28.3 33.4 38.4 45.6 49.8 52.7 55.8 58.6 63.9 68.4 73.6 78 85.3 89.5 89.5 89.6 89.2 87.4 84.3 80.3 72.5 62.8 67 71.2 72.1 72.4 70.7 67.8 64.1 59.8 54.8 47.4
-1.6 17.2 32.4 46.5 62.6 73.1 79.8 83.2 85.6 86.9 88 88.8 90 90.8 91.3 91.6 91 89.6 88.4 86.6 84.8 81.2 80 78.3 77.6 75.8 72.6 68.1 58.3 54 55.7 64.3 68.2 71.1 73 73.7 72.9 70.8 68.7 66.5 63.3 52.5 37.9 35.5 50.3 51.7 46.9 38.2 27.1 19.7 26.1 32.2 37.5 42.1 48.1 54.9 61.2 64.9 68.3 71.5 75.9 78.4 81.8 84.7 85.8 86.9 87.3 86.9 85.3 82.8 79.6 75.8 67.1 56.4 60.7 63.4 64.4 63.7 61.3 58.7 55.2 51 45.7 37.9
15.8 29.7 45 60.5 74.2 79.4 83.2 86 87.3 88.3 88.8 88.3 88.1 88.6 88.2 87.9 86.4 86 85.6 83.8 80.7 76.9 71.9 69.4 67.1 64.4 61.1 52.1 44 48.9 58 62.3 65.1 66.8 67.2 67.1 65.6 63.5 61.4 58.8 55.6 50.1 32.4 34.2 44.3 43.9 36.6 24.6 18.8 26.6 34.8 40.6 45.9 49.9 53.6 60.2 67.2 72.1 75.9 78.9 80.1 81.7 81.6 82.3 82.3 82.6 82.5 81.9 79.9 77.5 74.2 69.8 62.6 50.8 54.3 55 54.7 54.8 52.2 49.5 46.1 41.2 35.1 30.8
29.4 43.7 60.8 74.4 79.7 82.5 85.4 87.1 87.5 87.8 87.7 86.8 86.3 85.8 85.1 83.7 82.2 80.9 80.4 80.1 77.2 74.5 65.4 53 49.1 47.3 45.7 38.3 38.5 52.5 56.5 59.2 60.6 60.8 59.9 59.4 58.3 56.1 54 51.1 48.1 43.3 27.8 32.6 38 36.2 25.2 17.6 23.1 32.3 38.9 42 44.7 47.6 51.8 61 68.2 72.8 76 78.4 78.4 78.5 78.1 78.1 77.8 77.1 76.3 74.9 72.9 70.3 67.4 62.9 56.3 43.8 47.6 48.1 47.4 45.8 42.4 38.9 35.6 31.4 32.3 39.1
45.3 65.6 76.9 81.4 83.6 85.7 87.1 87.5 87.9 87.1 85.7 84 82.3 81.3 79.5 77.8 76.1 75.4 75.6 76 74.9 73.7 68 58.1 45.6 37.4 32.1 29.8 42.8 49.9 52.7 53.7 54.7 54.4 53.2 51.4 50 47.2 44.8 43.5 40.5 34.5 22.3 30.1 32.2 29.1 17.3 18.4 27.7 35.2 36.5 36.8 38.2 42.5 49.8 58.4 64.9 69.5 73.1 75 74.4 73.6 72.7 72.1 71.3 69.5 68.1 66.1 63.9 60.8 58.4 54.5 49.1 38.6 40.7 40.2 38.3 36.3 33.4 31 29.2 35.5 41.8 47.5
64.6 78 82.3 84.7 86.3 86.9 87.4 87.5 85.7 84.7 81.9 79.8 77.7 75.5 73.6 71.9 71 71.4 72.2 72.9 72.7 71.8 68.5 61.8 53.5 44.5 33 24.6 34.8 44.3 46.6 48 48.7 48.1 46.2 44.5 40.5 37.7 34.8 34.7 33.5 26.7 19.3 26 26.3 23 14.9 20.5 27.8 29.5 29.1 29.6 31.6 36.7 45.8 54.4 59.9 64.8 68.4 69.3 68.6 67.3 65.3 63 61.8 60.4 58.6 55.6 52.7 50.7 48.4 45.8 40.9 33.3 32.1 31.3 29.7 28.4 28.4 31.5 40 45.6 51.5 57.2
77.2 81.4 84.2 86.3 87.2 87.7 87 85.2 83.6 81.2 78.4 75.4 71.8 68.8 66.7 66.1 65.8 67 68.7 69 71.4 70.3 68 64.8 59.9 52.9 43.5 29.5 20.7 31.9 39.2 41.4 42.7 42 39.8 35.5 31.8 29.8 27.3 29.8 29 22.5 15.9 22.1 24.2 18.6 15.1 18.9 20.9 18.8 17.9 20.7 24.1 29.8 39.5 48.4 54 59.3 61.9 61.8 60.6 58.4 55 52.3 49.8 48 46.9 44.2 41 38.6 37.7 35.4 31.8 28.7 26.9 26.8 30.1 35 39.7 44.8 50.4 56.1 62.4 69.1
79.4 83.8 86.6 87.9 86.8 85.8 84.4 82.9 80.7 77.5 73.3 69.7 65.5 61.3 59.4 59.2 60.2 62.7 64.8 66 68.3 69 67.4 64.3 61.2 56.3 50 40.6 24.5 17.2 27.2 33.6 37.7 37.7 35.2 28.8 21.8 19.6 16.9 20 18.8 15.4 13.6 19 20.7 15.4 13.2 13.7 14.6 14.7 14.4 14.3 15.5 20.6 28.3 38.9 47.5 52.2 53.9 52.7 50.1 46.4 41.4 36.8 35.1 33.7 31.9 29 27.6 26.1 25.1 25.3 25.9 25.5 29.4 36.1 41.4 48.4 52 57 60.9 66.2 72.8 78.1
81.7 85.9 88.1 87.7 85.3 83.5 81.8 79.5 76.8 73.2 69 65.5 59.8 55.2 53.4 53.8 56.2 59.3 60.9 62.4 64.3 65.9 65 63 60.2 56.5 50.6 42.9 32.7 22 13.2 24 33.4 32.5 29 22.8 12.3 8.8 6.1 7.7 8.9 9.9 10.1 11.5 13 11.6 11.2 10.7 10.9 13.7 17.7 20.2 16.1 14.4 18.9 29.2 39.9 44.5 44 40.3 34.7 30.2 26.4 24.2 23.2 22.1 21.1 20.3 20.9 21.8 23.2 24 24.4 31.7 40.3 48.5 54.1 58.7 61.1 65.1 69.8 73.8 76.6 79.9
82.9 84.4 84.8 83.3 81.5 79.7 77.9 75.9 73.3 70.3 66.2 61.1 56.3 50 47.8 49.7 52.9 56 58.2 59.2 60.6 60.5 59.6 59.4 59 54.3 46.7 32.9 24.5 19.4 11 14.7 20.6 19.8 16.4 10.1 5.7 10.1 15.3 20.8 23.9 24.2 19.2 13.4 9 9.4 18.2 25.6 29.8 34.5 39.8 40.1 35.5 22 15 19.4 29.9 33 30.1 24.2 20.1 19.2 19 18.6 19.4 20.7 22.7 24.1 26.2 29 30.2 28.9 30.1 39.7 45 49.8 54.5 58.9 62.1 65.3 69.7 73.1 75.9 79.5
79.8 79.4 79 78.3 76.9 75.1 73.1 70.5 68.5 65.8 62.1 58.2 53 44.9 40.9 44.7 49.6 52.9 53.8 55.5 56.4 55.6 55.1 55.2 56.1 47.7 28.7 13.6 8.3 7.2 6.8 7 6.5 7.1 6.4 6.6 12.8 18 23.7 30.1 35.1 36.3 35.4 31.7 28.5 30.1 35.3 42.4 48.4 54 58.2 58 51.5 38 18.8 15.3 17 18.2 17.5 16.8 18.4 21.5 24.1 27.7 30.6 29.2 26.3 28.2 32.6 37 37.7 34.4 31.9 34.7 39.9 44.4 51.1 56.5 57.5 61.3 66.7 71.2 77.7 83
74.1 74.9 73.1 71.9 70.8 69.3 67.4 64.9 62.7 60.6 58.1 54.2 49.5 40.1 36.9 41.4 46.1 47.7 49.5 51.4 51.7 51.1 49.3 47.3 39.8 28.5 12.1 4.7 3.8 4.3 3.7 4.2 6 7.8 9.5 12.4 19.3 23.6 30.3 36.3 40.3 41.9 42.5 46.2 49.8 50.7 55.6 57.4 60.1 61.4 64.2 65.7 62.9 51.4 35.9 24.6 21.6 21.5 23.4 25.1 29.5 35.2 41 43.9 45 41.1 27.9 29.2 36.9 43.5 47.6 46.1 41.4 41.2 43.1 41.7 44.2 48.7 55.6 65.2 72.7 77.1 82.1 87.8
67.6 68.4 66.9 65.1 64.8 62.4 61.3 59.7 57.5 55.3 52.2 47.2 41.3 34.9 33.3 38.9 42.7 44.6 45.6 43.7 47.1 45.8 42.2 29.7 11.3 -1.6 0.2 8.3 12.6 12.3 13.5 15.7 19.2 21.1 17.4 12.3 17.2 24.3 31.2 37.5 41.2 43.3 46.1 49.6 51.1 50.7 53.4 55.8 57.3 58.5 60.8 61.6 61.5 57.8 52 43.3 41.8 40.6 39.7 41.2 43.8 49.7 56.8 58.2 56 50.1 34.2 31.1 40.3 48.1 52 53.5 52.8 57.5 61.4 60 52.1 47.7 57.1 71.3 78.4 83.6 89.3 95
59.3 58.9 58.3 58.4 57.8 56.7 55.2 53.7 51.8 48.2 44.5 41.3 36.6 26.8 30.8 36.6 39.4 40 40.5 40.4 39.8 37.1 31.6 13.6 -1.6 -1.6 11.2 19.9 25.9 25.7 27 31.3 35.1 37.2 33 23.6 16.2 15.9 21.5 30.7 36.3 38.8 41.3 44.5 45.9 45.4 45.7 48.2 50.8 52.2 55 57.1 58 57.7 56.2 53.7 52.1 52.4 52.1 55.1 59.6 65.2 67 65 61.5 55.1 40.3 32.6 41 48 52.8 57 60.5 67.5 73.2 73.3 66.1 53.8 55.6 72.4 84 89.1 95.1 99.2
