Game/Highland_Data/StreamingAssets/GeoData/Data/sx/SX64.asc
ncols 200
nrows 200
xllcorner 260000
yllcorner 40000
cellsize 50
[rows 114 to 151 of 200, columns 85 to 169 of 200]
-1.6 -1.6 -1.6 -1.6 -1.6 -1.6 -1.6 -1.6 -1.6 -1.6 -1.6 -1.6 -0.4 0.8 1.7 8.5 17.2 22.2 23.2 24.1 23.2 18.9 11.3 19.3 28.3 33.6 37.9 39.3 18.7 1.3 0.3 -1.6 -1.6 -1.6 -1.2 -0.9 -0.6 -0.6 -1.6 -1.6 -1.6 -0.2 0.8 5.9 18.7 32.7 42.2 49.2 52.6 53.9 52.9 48.8 41.1 26 -1.6 -1.6 -0.8 0.1 1 8.6 15.1 23.7 33.4 42.7 50.9 59 66.8 75.5 83 88.1 92.2 96.1 98.3 99.9 100.5 101 100.8 100.2 99.6 98.3 97.5 96.5 95 92.9 89.5
-1.6 -1.6 -1.6 -1.6 -1.6 -1.6 -1.6 -1.6 -1.6 -1.6 -1.6 -1.6 -0.5 0.4 1.3 1.7 8.7 15.2 15.8 16 13.4 6.7 16.2 22.6 27.9 31.1 33.7 25.9 1.3 0 -1.6 -1.6 -1.6 -1.2 -0.8 -0.3 0 0.2 -0.2 -1.6 -1.6 -1.6 0.3 1.5 7.7 24.1 33.5 40.2 44 44.2 42.7 39.1 32.2 18.6 -1.6 -1.6 -0.6 0.3 1.2 12.4 19.2 29.4 42.2 55.3 64.6 72.2 79 84.7 89.7 94.3 97.9 100.4 101.7 100.7 99.8 99 97.4 96.1 94.6 93.8 93.1 92.5 91.5 89.1 85.6
-1.6 -1.6 -1.6 -1.6 -1.6 -1.6 -1.6 -1.6 -1.6 -1.6 -1.6 -0.8 0.1 1.1 1.7 1.7 7.3 11 9.6 1.7 1.7 1.5 1.9 10.6 22.5 16.1 2.7 1.7 -0.1 -1.6 -1.6 -1.6 -1.6 -0.8 -0.4 0.1 0.5 0.9 0.7 0 -1.6 -1.6 0 1.5 4 6.1 19.5 29 32.4 33.6 32.2 28.8 21.6 11.4 -1.6 -1.6 -0.5 0.4 1.3 12.9 23.7 36.8 51.5 64.6 77 82.7 86.8 90.8 94.1 96.4 99.8 99.7 99.4 98.3 96.7 94 91.4 90.2 89.2 88.1 87.5 86.6 85.3 82.5 79.3
-1.6 -1.6 -1.6 -1.6 -1.6 -1.6 -1.6 -1.6 -1.6 -1.6 -1.6 -0.2 0.8 1.7 1.7 1.7 1.5 1.7 1.5 1.3 1 0.9 1.1 1.2 1.3 0.9 0.5 -1.6 -1.6 -1.6 -1.6 -1.6 -1.1 -0.6 -0.1 0.4 0.9 1.3 2.7 2.2 2.7 -1.6 -1.6 1.7 4.4 4.3 6.1 13.2 18.6 21.1 20.6 17.5 11.6 -1.6 -1.6 -1.6 -1.6 -0.7 0.6 15.1 28.5 43.8 58.5 73.9 83 87.5 90.4 92.2 94.4 95.6 95.9 95.5 94.7 93.5 90.7 87.3 84.5 82.8 81.8 80.7 79.1 78.5 76.7 74.2 70.5
-1.6 -1.6 -1.6 -1.6 -1.6 -1.6 -1.6 -1.6 3.2 1.7 0.9 0.9 1.4 1.7 1.7 1.7 0.8 0.9 0.7 0.6 0.4 0.3 0.4 0.4 0.4 -0.1 -1.6 -1.6 -1.6 -1.6 -1.6 -1.4 -1 -0.5 -0.1 0.3 0.8 1.3 2 13 15.4 -1.6 -1.6 2 3.1 5.9 7.2 5.8 6.2 9.7 9.8 3.3 0.5 -1.6 -1.6 -1.6 -1.6 -1.6 0.6 18.7 33.7 49.6 64.7 76.9 84.3 87.7 88.7 89.3 90 90.5 89.8 89 87 85.7 82.6 79.1 76.4 74.1 73.4 72.2 71.1 69.9 67.7 65.1 61.4
-1.6 -1.6 -1.6 -1.6 -1.6 -1.6 -1.6 -1.6 8.4 14.9 12 3.7 1.7 1.7 1.7 0.8 0.2 0.2 -0.1 -0.2 -0.3 -0.3 -0.3 -0.4 -0.5 -0.9 -1.6 -1.6 -1.6 -1.6 -1.6 -1.5 -1 -0.6 -0.1 0.3 0.8 1.2 1.7 10.8 13.4 14.2 -1.6 -1.6 1.4 1.3 2.7 2.4 1.6 1.5 1.2 0.7 -1.6 -1.6 -1.6 -1.6 -1.6 -1.6 12.6 23.6 41 54.1 66.1 76.3 81.8 83.6 83.6 83.7 83.8 82.6 82.2 81 79.1 77 73.3 70.3 67.7 65.6 64.1 62.8 61.8 60.6 58.3 54.9 48.5
-1.6 -1.6 -1.6 -1.6 -1.6 -1.6 0.5 26.2 24.6 21.5 20.2 14.3 4.2 1.7 1 -0.1 -0.5 -0.5 -0.8 -0.9 -0.9 -1 -1 -1.2 -1.4 -1.6 -1.6 -1.6 -1.6 -1.6 -1.6 -1.5 -1 -0.6 -0.1 0.3 0.8 1.2 1.6 10.6 11.6 12 -1.6 -1.6 -1.6 -1.6 -0.2 0.6 0.6 0.5 -0.1 -1.6 -1.6 -1.6 -1.6 -1.6 -1.6 -1.6 18.2 31 44.1 57 65.7 71.6 76 76.9 77.8 77.8 77.3 75.5 74.7 73 70.4 67.3 64.5 61.6 59.1 56.4 54.9 53.9 53 51.7 47.8 42 36
-1.6 -1.6 -1.6 -1.6 -1.6 1.7 26.2 34.5 34.3 33.5 28.9 20.2 13.3 1.5 0 -1 -1.2 -1.2 -1.6 -1.6 -1.6 -1.6 -1.6 -1.6 -1.6 -1.6 -1.6 -1.6 -1.6 -1.6 -1.6 -1.5 -1.1 -0.6 -0.2 0.3 0.7 1.1 1.5 9.4 10.7 11.2 -1.6 -1.6 -1.6 -1.6 -1.6 -0.5 -0.3 -0.3 -0.8 -1.6 -1.6 -1.6 -1.6 -1.6 -1.6 14.8 25.3 38.6 49.1 58.3 63.9 67.7 70.2 71.5 71.6 71.4 69.6 68.1 65.9 62.6 59.7 56.6 53.7 51.2 48.3 46.3 45.6 44.1 42.8 39.1 34.1 30.3 26.3
-1.6 -1.6 -1.6 -1.6 -1.6 -1.6 18 46.4 46.6 33 27.5 28.7 1.7 1.5 -1.6 -1.6 -1.6 -1.6 -1.6 -1.6 -1.6 -1.6 -1.6 -1.6 -1.6 -1.6 -1.6 -1.6 -1.6 -1.6 -1.6 -1.6 -1.1 -0.7 -0.3 0.1 0.5 0.9 1.3 3.2 14.1 15.5 12.1 -1.6 -1.6 -1.6 -1.6 -1.6 -1.6 -1.1 -1.6 -1.6 -1.6 -1.6 -1.6 -1.6 -1.6 26.3 35.2 42.5 50.5 56.3 60.2 62.8 64.9 65.7 65.6 64.4 61.3 58.9 55 50 45.1 42.3 34.6 33.5 35.4 33.5 33.3 32.6 30.4 24.6 21.4 22 23.2
-1.6 -1.6 -1.6 -1.6 -1.6 -1.6 -1.6 41.5 41.8 10.8 -1.6 -1.6 -1.6 -1.6 -1.6 -1.6 -1.6 -1.6 -1.6 -1.6 -1.6 -1.6 -1.6 -1.6 -1.6 -1.6 -1.6 -1.6 -1.6 -1.6 -1.6 -1.6 -1.2 -0.9 -0.5 -0.2 0.3 0.5 1.1 2.6 7.6 10.1 15.2 18 18.3 20.7 -1.6 -1.6 -1.6 -1.6 -1.6 -1.6 -1.6 -1.6 -1.6 -1.6 28.3 34.3 39.8 43.7 48.6 51.6 54.9 57.6 59 59.5 59.1 56.4 54 48.5 40 31.7 26.4 21.9 18 18.4 17.8 18.1 18.3 18.5 19.6 22.4 27.8 34.2 43.2
-1.6 -1.6 -1.6 -1.6 -1.6 -1.6 -1.6 3.2 6.8 -1.6 -1.6 -1.6 -1.6 -1.6 -1.6 -1.6 -1.6 -1.6 -1.6 -1.6 -1.6 -1.6 -1.6 -1.6 -1.6 -1.6 -1.6 -1.6 -1.6 -1.6 -1.6 -1.6 -1.6 -1.2 -0.8 -0.5 -0.2 0.4 1 1.7 10.9 10.6 10.7 15.9 15.8 18.6 19.2 19.2 -1.6 -1.6 -1.6 -1.6 16.2 18.6 24.3 28.8 32.3 36.7 40.2 42.5 44.7 46.6 49.1 51.1 52 52.1 51.4 48.2 43.5 35.7 26.1 17.2 14.4 12.9 16.2 22.3 25.5 26.2 28.6 31.8 35.9 40.4 46.8 53.3 61.7
-1.6 -1.6 -1.6 -1.6 -1.6 -1.6 14 9.8 3.3 -1.6 -1.6 -1.6 -1.6 -1.6 -1.6 -1.6 -1.6 -1.6 -1.6 -1.6 -1.6 -1.6 -1.6 -1.6 -1.6 -1.6 -1.6 -1.6 -1.6 -1.6 -1.6 -1.6 -1.6 -1.6 -1.3 -1 -0.4 0.2 0.9 1.6 6.1 10.7 11 9.7 9.6 12 12.5 13 13.7 16 18 20.3 21.1 22.8 26.7 27.9 31.1 34 35.7 37.7 39.4 41.2 43 43.8 44.2 44.1 43 39.7 32 18.7 13.5 11.4 19.4 29 37.8 45.2 48.6 49.9 53.1 54.2 57.8 61 65.5 70.9 76.1
-1.6 -1.6 -1.6 -1.6 -1.6 -1.6 -1.6 -1.6 -1.6 -1.6 -1.6 -1.6 -1.6 -1.6 -1.6 -1.6 -1.6 -1.6 -1.6 -1.6 -1.6 -1.6 -1.6 -1.6 -1.6 -1.6 -1.6 -1.6 -1.6 -1.6 -1.6 -1.6 -1.6 -1.6 -1.6 -1.1 -0.4 0.3 1 1.8 7.5 6.8 5.4 5.3 6 7.8 7.8 8.6 10.2 12.4 16.1 19.7 22.3 23.1 24.2 25.3 26.1 27.5 29.7 32.3 34.1 35.3 36.4 36.9 37.4 35.2 31.5 29.4 16.9 12.1 11.8 23.6 36.4 48.1 58.5 66.2 70.5 73.1 73.7 75 77.5 79.8 81.2 82.2 84
-1.6 -1.6 -1.6 -1.6 -1.6 -1.6 -1.6 -1.6 -1.6 -1.6 -1.6 -1.6 -1.6 -1.6 -1.6 -1.6 -1.6 -1.6 -1.6 -1.6 -1.6 -1.6 -1.6 -1.6 -1.6 -1.6 -1.6 -1.6 -1.6 -1.6 -1.6 -1.6 -1.6 -1.6 -0.6 0.2 0.6 1 1.5 2.5 7.5 5.3 3.5 3.9 4.1 4.6 4.9 4.8 6.7 10.7 14.9 18.1 20.8 20.5 20.5 20.3 21.7 22.8 23.9 26.1 28.1 29.4 30.4 30.3 30.2 28.9 24.9 16.4 10.5 10.3 21 34.5 47.9 59.7 69.9 77.8 82.3 86.3 88.8 88.4 87.7 88.1 88 87.7 87.5
-1.6 -1.6 -1.6 -1.6 -1.6 -1.6 -1.6 -1.6 -1.6 -1.6 -1.6 -1.6 -1.6 -1.6 -1.6 -1.6 -1.6 -1.6 -1.6 -1.6 -1.6 -1.6 -1.6 -1.6 -1.6 -1.6 -1.6 -1.6 -1.6 -1.6 -1.6 -1.6 -1.6 -0.4 0.5 1.2 2.3 1.7 2 7.6 6.8 3.7 3.1 3.1 3.1 3.1 3.2 3.6 3.5 5.7 9.6 13.8 16.3 16.3 15.3 15.7 15.9 17.4 18.2 19.7 21.7 23.4 24.4 25.8 25.7 22.4 16.6 10.1 9.8 12.3 20.8 35.9 52.4 62.2 71.9 79.5 85.4 89.4 90.9 90.6 90.3 89.4 88.5 88.3 87.2
-1.6 -1.6 -1.6 -1.6 -1.6 -1.6 -1.6 -1.6 -1.6 -1.6 -1.6 -1.6 -1.6 -1.6 -1.6 -1.6 -1.6 -1.6 -1.6 -1.6 -1.6 -1.6 -1.6 -1.6 -1.6 -1.6 -1.6 -1.6 -1.6 -1.6 -1.6 -1.6 -1.6 -0.4 1 2.4 17.1 17.4 16.5 14.1 10.7 6.4 4 3.2 3.1 3.1 3.1 3.2 3.4 3.2 3.5 4.2 5.4 4.9 5.6 6 6.8 8.3 7.8 8.1 10.8 13.1 16.5 18.7 18.5 13.3 9.2 8.6 13.3 20.7 21.4 28.4 43 60.4 71.3 79.5 85.7 88.5 89.6 89.2 88.4 87.6 86.2 85.9 84.9
-1.6 -1.6 -1.6 -1.6 -1.6 -1.6 -1.6 -1.6 -1.6 -1.6 -1.6 -1.6 -1.6 -1.6 -1.6 -1.6 -1.6 -1.6 -1.6 -1.6 -1.6 -1.6 -1.6 -1.6 -1.6 -1.6 -1.6 -1.6 -1.6 -1.6 -1.6 -1.6 -1.6 -1.6 -0.2 1.1 8.4 22.9 23.9 23.9 24.3 22.5 17.2 13 12.4 12.7 11.9 7.9 4.6 3.4 3.2 3.1 3.1 3.6 4.3 3.8 4.7 4.8 4.3 4.4 4.8 5.1 5.2 6.9 6.9 7.4 8.1 16.1 26.5 35.6 34.1 32.2 39.4 56.1 71.4 79.8 85.4 87.6 88.1 87.5 86.8 84.5 82.6 81.7 80.6
-1.6 -1.6 -1.6 -1.6 -1.6 -1.6 -1.6 -1.6 -1.6 -1.6 -1.6 -1.6 -1.6 -1.6 -1.6 -1.6 -1.6 -1.6 -1.6 -1.6 -1.6 -1.6 -1.6 -1.6 -1.6 -1.6 -1.6 -1.6 -1.6 -1.6 -1.6 -1.6 -1.6 -1.6 -1 0.6 2.3 27.1 29.9 32.4 33.5 33.4 32.3 31.5 30 29.8 29.9 25.1 19.2 15.3 11.2 8.6 7.6 8.8 11 11.3 11.2 12 13.4 13.6 11.7 8.7 6.7 6.5 6.8 9.9 18.2 32.1 42.7 49 51.6 47.1 46.9 56.5 73.1 80.7 84.6 86 86.5 85.7 84.4 82.2 79.7 76.9 75.5
-1.6 -1.6 -1.6 -1.6 -1.6 -1.6 -1.6 -1.6 -1.6 -1.6 -1.6 -1.6 -1.6 -1.6 -1.6 -1.6 -1.6 -1.6 -1.6 -1.6 -1.6 -1.6 -1.6 -1.6 -1.6 -1.6 -1.6 -1.6 -1.6 -1.6 -1.6 -1.6 -1.6 -1.6 -1.6 -1.6 1.2 32.4 38.1 41.4 43.4 43.6 43.5 43.7 44.6 45.1 44 41.5 38.4 34.4 30.8 27.7 24.4 25.6 29.2 29.1 30 31.5 32.5 35 32.6 28.8 25.5 23.1 24.9 29 35.9 46.6 57.5 63 66.9 68.8 67.7 70.4 76.6 81.6 83.4 83.8 83.8 83.1 81.7 79.4 76.6 73.5 69.7
-1.6 -1.6 -1.6 -1.6 -1.6 -1.6 -1.6 -1.6 -1.6 -1.6 -1.6 -1.6 -1.6 -1.6 -1.6 -1.6 -1.6 -1.6 -1.6 -1.6 -1.6 -1.6 -1.6 -1.6 -1.6 -1.6 -1.6 -1.6 -1.6 -1.6 -1.6 -1.6 -1.6 -1.6 -1.6 -1.6 0.9 27.7 47.5 50.6 53 53.6 53 53.3 54.5 55.6 56.1 55.4 54.7 53.3 51.3 46 44.1 44.9 47.9 48.4 49.5 51 53.1 53.8 52.3 52 48.4 48.5 48.1 51.7 55 59.8 64.4 69.7 74.2 74.5 75.1 76.1 78.5 80.5 81.4 80.6 80.4 79.6 77.8 75.1 71.8 68 64.3
-1.6 -1.6 -1.6 -1.6 -1.6 -1.6 -1.6 -1.6 -1.6 -1.6 -1.6 -1.6 -1.6 -1.6 -1.6 -1.6 -1.6 -1.6 -1.6 -1.6 -1.6 -1.6 -1.6 -1.6 -1.6 -1.6 -1.6 -1.6 -1.6 -1.6 -1.6 -1.6 -1.6 -1.6 -1.6 1.4 14.4 30.9 53.9 58.8 61.9 63.2 61.7 63.1 65.2 66.7 66.7 65.9 64.5 64.9 65.7 65.1 64.7 64 62.9 62.9 63 63.4 64.5 64.4 63.6 63.7 65.2 66.2 66.7 67.3 65.5 66 67.5 71 74.5 74.7 75.5 75.7 77.2 79.9 79.1 76.7 75.7 74.7 72.3 69.3 65.4 61.4 58.1
-1.6 -1.6 -1.6 -1.6 -1.6 -1.6 -1.6 -1.6 -1.6 -1.6 -1.6 -1.6 -1.6 -1.6 -1.6 -1.6 -1.6 -1.6 -1.6 -1.6 -1.6 -1.6 -1.6 -1.6 -1.6 -1.6 -1.6 -1.6 -1.6 -1.6 -1.6 -1.6 -1.6 -1.6 -1.6 3.9 4.1 11.1 27.7 60.1 64 65.4 66.8 70.1 73.2 74.8 74.7 73.3 71.3 72.1 73.6 73.2 72 71.5 70.1 68.1 69.4 68.7 69.8 69 69.8 71.3 74.3 75.5 74.1 74.5 70.8 66.6 67.2 69 70.5 71.6 73.1 73.8 73.6 74.1 72.8 70.8 69.4 67.9 65.8 62.4 58.7 54.6 51.1
-1.6 -1.6 -1.6 -1.6 -1.6 -1.6 -1.6 -1.6 -1.6 -1.6 -1.6 -1.6 -1.6 -1.6 -1.6 -1.6 -1.6 -1.6 -1.6 -1.6 -1.6 -1.6 -1.6 -1.6 -1.6 -1.6 -1.6 -1.6 -1.6 -1.6 -1.6 -1.6 -1.6 -1.6 -1.6 -1.6 0.6 1.5 1.7 25.7 60.4 63.1 66.9 71.7 76.4 78.8 77.2 75.2 73.7 74.8 75 72.9 71.2 69.8 69.8 68.9 67.4 68.2 70.4 71.4 73 78.2 78.4 76.4 71.6 70.1 67.3 63.3 64 65.8 66.4 67.1 67.5 67.5 67.2 66.9 66.3 64 62.6 60.8 58.8 55.5 52.1 48.2 43.8
-1.6 -1.6 -1.6 -1.6 -1.6 -1.6 -1.6 -1.6 -1.6 -1.6 -1.6 -1.6 -1.6 -1.6 -1.6 -1.6 -1.6 -1.6 -1.6 -1.6 -1.6 -1.6 -1.6 -1.6 -1.6 -1.6 -1.6 -1.6 -1.6 -1.6 -1.6 -1.6 -1.6 -1.6 -1.6 -1.6 -1.6 0.5 1.7 44.5 56.4 59.4 64.1 68.2 71.9 72.9 73 72 71.5 71 70 69.2 67.7 67.1 67 66.9 65.6 66.1 67.8 69.3 70.4 72.8 73.4 69.9 65.9 63.7 61.8 59.4 57.1 60.9 62.5 62.3 61.9 61 61 60.3 59.6 57.5 55.5 54.2 52.1 46.7 45.6 41.2 38.1
-1.6 -1.6 -1.6 -1.6 -1.6 -1.6 -1.6 -1.6 -1.6 -1.6 -1.6 -1.6 -1.6 -1.6 -1.6 -1.6 -1.6 -1.6 -1.6 -1.6 -1.6 -1.6 -1.6 -1.6 -1.6 -1.6 -1.6 -1.6 -1.6 -1.6 -1.6 -1.6 -1.6 -1.6 -1.6 -1.6 -1.6 -1.6 0.9 24.6 51.2 55.9 59.9 63.3 65.6 67.5 68.3 68.1 67.4 66.5 65.3 64.7 64.5 64.1 64.2 64.1 63.7 63.7 64.2 64.8 65.2 65.6 64.9 62.7 59.6 56.7 55.4 51.3 53.2 56 57.9 57.7 57.1 56.2 54.9 54.1 53.1 50.5 49.3 47.3 44.8 41.4 38.9 35.2 31.6
-1.6 -1.6 -1.6 -1.6 -1.6 -1.6 -1.6 -1.6 -1.6 -1.6 -1.6 -1.6 -1.6 -1.6 -1.6 -1.6 -1.6 -1.6 -1.6 -1.6 -1.6 -1.6 -1.6 -1.6 -1.6 -1.6 -1.6 -1.6 -1.6 -1.6 -1.6 -1.6 -1.6 -1.6 -1.6 -1.6 -1.6 -1.6 0.4 1.1 0.3 49.4 53.6 56.6 59.4 61.4 63.1 63.2 62.5 61.7 60.4 60.3 60.5 61.2 61.5 61.3 61.3 61.4 61.5 61.6 61.5 60.9 59.6 56.3 53.4 47.4 47.4 47.6 49.1 51.4 52.6 53.4 52.9 51.6 49.3 48.1 46.3 44.9 41.8 40.7 38.2 34.9 31.5 26.9 23.5
-1.6 -1.6 -1.6 -1.6 -1.6 -1.6 -1.6 -1.6 -1.6 -1.6 -1.6 -1.6 -1.6 -1.6 -1.6 -1.6 -1.6 -1.6 -1.6 -1.6 -1.6 -1.6 -1.6 -1.6 -1.6 -1.6 -1.6 -1.6 -1.6 -1.6 -1.6 -1.6 -1.6 -1.6 -1.6 -1.6 -1.6 -1.6 -1.6 -1.6 0.4 1.6 42.7 50.9 53.8 56.3 57.8 57.9 57.6 56.9 56.1 56.2 56.8 57.6 58 57.8 58.5 59 58.8 58.5 57.6 55.8 54.3 51.2 48.3 42.8 41 41.5 45.3 47.4 47.9 47.8 48.3 46.6 43.8 42.6 40.6 38.9 36 33.6 31.2 27.8 22 15.7 13.2
-1.6 -1.6 -1.6 -1.6 -1.6 -1.6 -1.6 -1.6 -1.6 -1.6 -1.6 -1.6 -1.6 -1.6 -1.6 -1.6 -1.6 -1.6 -1.6 -1.6 -1.6 -1.6 -1.6 -1.6 -1.6 -1.6 -1.6 -1.6 -1.6 -1.6 -1.6 -1.6 -1.6 -1.6 -1.6 -1.6 -1.6 -1.6 -1.6 -1.6 -1.6 1 25.2 44 48.2 50.1 51.4 51.4 51.2 51 50.7 51 53.1 54.1 54.6 54.5 55.7 56.4 56.6 56 54.6 50.5 49.6 47.4 41.6 39.4 35 35 41.6 42.8 43.5 43.4 42.9 42 40.3 36.7 34.1 31.6 29.1 27 24.7 20.6 14.1 12.1 17.9
-1.6 -1.6 -1.6 -1.6 -1.6 -1.6 -1.6 -1.6 -1.6 -1.6 -1.6 -1.6 -1.6 -1.6 -1.6 -1.6 -1.6 -1.6 -1.6 -1.6 -1.6 -1.6 -1.6 -1.6 -1.6 -1.6 -1.6 -1.6 -1.6 -1.6 -1.6 -1.6 -1.6 -1.6 -1.6 -1.6 -1.6 -1.6 -1.6 -1.6 -1.6 0 1.4 2.3 22.7 43.3 44.6 45.2 45.5 45.9 46.1 46.2 49.2 51.2 51.4 52 52.6 53 53.5 52.6 51 48.7 43.3 42.3 39.4 34.6 28.7 33.5 38 39 39 39 38.3 36.8 33.6 30.8 28.2 25.9 23.4 21.5 18.4 12 11.8 18.1 28.1
-1.6 -1.6 -1.6 -1.6 -1.6 -1.6 -1.6 -1.6 -1.6 -1.6 -1.6 -1.6 -1.6 -1.6 -1.6 -1.6 -1.6 -1.6 -1.6 -1.6 -1.6 -1.6 -1.6 -1.6 -1.6 -1.6 -1.6 -1.6 -1.6 -1.6 -1.6 -1.6 -1.6 -1.6 -1.6 -1.6 -1.6 -1.6 -1.6 -1.6 -1.6 -1.6 -1.6 -1.6 1.7 33.9 39.5 39.6 41.2 42.3 42.8 43.7 45.3 46.6 48.2 48.1 48.8 48.6 48.4 48.8 48 45.3 42.3 38.4 34.5 33.5 23 30.5 33.4 35 34.9 34.3 32.9 31.6 28.7 25.2 23 20.6 18.3 15.9 11.7 8.8 14.2 25.3 34.8
-1.6 -1.6 -1.6 -1.6 -1.6 -1.6 -1.6 -1.6 -1.6 -1.6 -1.6 -1.6 -1.6 -1.6 -1.6 -1.6 -1.6 -1.6 -1.6 -1.6 -1.6 -1.6 -1.6 -1.6 -1.6 -1.6 -1.6 -1.6 -1.6 -1.6 -1.6 -1.6 -1.6 -1.6 -1.6 -1.6 -1.6 -1.6 -1.6 -1.6 -1.6 -1.6 -1.6 -1.6 -1.6 5 32.7 34.9 36.4 37.4 36.8 39.8 41.9 43.2 43.4 43.1 43.7 43.4 43.5 43.5 43.1 40.8 39.3 35.6 29.4 24.8 18.7 27.2 28.6 29.9 30.6 28.8 27.7 24.7 23.9 21 17.8 15.4 13.1 10.2 7 9.6 19.1 29.6 35.9
-1.6 -1.6 -1.6 -1.6 -1.6 -1.6 -1.6 -1.6 -1.6 -1.6 -1.6 -1.6 -1.6 -1.6 -1.6 -1.6 -1.6 -1.6 -1.6 -1.6 -1.6 -1.6 -1.6 -1.6 -1.6 -1.6 -1.6 -1.6 -1.6 -1.6 -1.6 -1.6 -1.6 -1.6 -1.6 -1.6 -1.6 -1.6 -1.6 -1.6 -1.6 -1.6 -1.6 -1.6 0.6 3 27.2 30.3 31.6 31.8 33.4 35.3 37.7 38.9 39 37.7 38.3 38.3 38.5 38.6 38.4 37.4 35.3 31.9 27 20.8 16.2 22.1 23.8 25.4 24.5 22.7 21.1 19.7 17.7 15.2 12.6 10.1 7.7 5.2 6.7 11.6 23.3 30.5 35.1
-1.6 -1.6 -1.6 -1.6 -1.6 -1.6 -1.6 -1.6 -1.6 -1.6 -1.6 -1.6 -1.6 -1.6 -1.6 -1.6 -1.6 -1.6 -1.6 -1.6 -1.6 -1.6 -1.6 -1.6 -1.6 -1.6 -1.6 -1.6 -1.6 -1.6 -1.6 -1.6 -1.6 -1.6 -1.6 -1.6 -1.6 -1.6 -1.6 -1.6 -1.6 -1.6 -1.6 -1.6 -1.4 0.5 1.7 25.3 26.2 25.3 28.1 30 29 31.8 30.5 31.3 33.1 33.3 33.6 33.1 33 32.1 30.1 27.2 22.6 15.7 10.1 17.1 17.8 18.6 17.5 16.4 14.3 14 11.3 9 7.5 6.5 4.9 5.8 7.3 15.7 23.5 29.5 32.9
-1.6 -1.6 -1.6 -1.6 -1.6 -1.6 -1.6 -1.6 -1.6 -1.6 -1.6 -1.6 -1.6 -1.6 -1.6 -1.6 -1.6 -1.6 -1.6 -1.6 -1.6 -1.6 -1.6 -1.6 -1.6 -1.6 -1.6 -1.6 -1.6 -1.6 -1.6 -1.6 -1.6 -1.6 -1.6 -1.6 -1.6 -1.6 -1.6 -1.6 -1.6 -1.6 -1.6 -1.6 -1.6 -1.6 -1.6 1.7 1.7 1.7 9.7 22.3 23.7 24.3 24.6 25.5 26 27.9 28.6 28.4 28.5 27.2 25.3 21.5 17.7 11.3 8 11.2 12.4 11.5 11.5 10.5 7.6 6.9 6.1 5.5 4.7 4.5 5 7.6 11.9 14.9 21.4 29 30.2
-1.6 -1.6 -1.6 -1.6 -1.6 -1.6 -1.6 -1.6 -1.6 -1.6 -1.6 -1.6 -1.6 -1.6 -1.6 -1.6 -1.6 -1.6 -1.6 -1.6 -1.6 -1.6 -1.6 -1.6 -1.6 -1.6 -1.6 -1.6 -1.6 -1.6 -1.6 -1.6 -1.6 -1.6 -1.6 -1.6 -1.6 -1.6 -1.6 -1.6 -1.6 -1.6 -1.6 -1.6 -1.6 -1.6 -1.6 -0.3 0.6 0.5 0.9 1.7 18 17.8 18.7 19.5 21 23.3 24.4 24.8 23.7 22.6 21.6 17 13.9 8.5 5.7 7.1 7.5 6.7 6.4 5.3 5.2 3.9 4.3 3.3 3.4 5.6 8.5 12.5 15.5 22.5 26.5 29.3 30.8
-1.6 -1.6 -1.6 -1.6 -1.6 -1.6 -1.6 -1.6 -1.6 -1.6 -1.6 -1.6 -1.6 -1.6 -1.6 -1.6 -1.6 -1.6 -1.6 -1.6 -1.6 -1.6 -1.6 -1.6 -1.6 -1.6 -1.6 -1.6 -1.6 -1.6 -1.6 -1.6 -1.6 -1.6 -1.6 -1.6 -1.6 -1.6 -1.6 -1.6 -1.6 -1.6 -1.6 -1.6 -1.6 -1.6 -1.6 -1.6 -1.6 -1.6 -0.2 0.7 2 7.7 14 15 17.2 20 22.3 22.6 21.2 18.9 16.3 14.4 10.6 6.2 4 3.4 3 2.6 2.6 2.7 2.9 3.1 3.4 5.4 8.1 10.5 13.6 17.7 22.2 25.3 28.2 28.9 29.3
-1.6 -1.6 -1.6 -1.6 -1.6 -1.6 -1.6 -1.6 -1.6 -1.6 -1.6 -1.6 -1.6 -1.6 -1.6 -1.6 -1.6 -1.6 -1.6 -1.6 -1.6 -1.6 -1.6 -1.6 -1.6 -1.6 -1.6 -1.6 -1.6 -1.6 -1.6 -1.6 -1.6 -1.6 -1.6 -1.6 -1.6 -1.6 -1.6 -1.6 -1.6 -1.6 -1.6 -1.6 -1.6 -1.6 -1.6 -1.6 -1.6 -1.6 -1.6 -0.2 0.9 2.5 6.8 14.1 16.1 20.3 21.5 21.5 20.5 17.1 13.5 9.5 6.3 3.5 2.6 2.9 2.9 2.7 2.6 2.7 2.7 3.1 6.8 10.1 13.6 16.7 19.7 22.7 26.2 28.1 28.4 28 26.5
-1.6 -1.6 -1.6 -1.6 -1.6 -1.6 -1.6 -1.6 -1.6 -1.6 -1.6 -1.6 -1.6 -1.6 -1.6 -1.6 -1.6 -1.6 -1.6 -1.6 -1.6 -1.6 -1.6 -1.6 -1.6 -1.6 -1.6 -1.6 -1.6 -1.6 -1.6 -1.6 -1.6 -1.6 -1.6 -1.6 -1.6 -1.6 -1.6 -1.6 -1.6 -1.6 -1.6 -1.6 -1.6 -1.6 -1.6 -1.6 -1.6 -1.6 -1.6 -1.2 -0.5 0.7 3.1 12.3 16.5 21.1 22.6 21 19.9 17.1 12.8 8.1 4.3 2.6 2.7 2.6 2.6 2.8 2.8 2.7 6.6 9.1 12.4 15.7 19.3 22.5 25.3 27.5 28.4 29.1 29 27.4 24.4
