Game/Highland_Data/StreamingAssets/GeoData/Data/sx/SX75.asc
ncols 200
nrows 200
xllcorner 270000
yllcorner 50000
cellsize 50
[rows 144 to 179 of 200, columns 0 to 80 of 200]
109 110.2 112.9 117.3 123.2 128.5 132.5 136.2 139.1 140.1 140.8 141.1 140.5 139.9 139.1 138.1 136.2 140.3 143.3 144.2 144.3 144.4 144.2 141.5 137.5 133.9 131.2 129.8 128.4 127.2 127.4 132.5 136.8 139.6 139.7 139 137 135.4 135.8 137.5 136.4 132.3 127.3 127.7 127.7 126.3 124.4 122.3 120.5 117.6 112.5 108 102.5 96.2 90 82.7 73 50.7 36 38.5 43 48.3 53.5 59.9 66.4 72.7 81.8 92.3 100.1 105 111 117.4 122.9 127 130.4 129.8 128.5 128.8 129.1 129.6 130.8
105.7 110 114.3 117.8 124.4 130.6 134.9 138.8 141.8 142.8 144.4 144.3 144.3 143.6 143 142.2 141.3 143 146.3 149.3 150.4 151.3 150.7 147.1 142.7 138.6 136.1 135.6 133.1 132.5 134.5 138.8 143.2 146.7 148.3 147.7 146.1 143.7 143.1 141.6 139.5 136.6 135 132.9 132.5 130.4 129.2 126.8 124.6 121.5 116.7 111.9 105.3 99.6 92.8 85.3 71.6 44.4 35.1 38.6 43.7 50.4 55.2 61 67.7 74.6 82.2 91.9 99.5 103.8 109.5 116.7 123.6 128 132.3 133.2 133.3 133 133.1 133.5 134.8
113.1 119.6 121.6 120.8 126 132.5 137.4 140.8 143.6 145.5 147 147.5 147.9 148 145.9 147.2 147.4 148.7 149.8 153.3 155.5 156.4 155.7 153.7 149.9 146.1 142.1 142.3 140.5 138.3 143 148.1 151 153.2 154 153 151.3 149.4 147.1 145.4 143.9 142.1 139.4 138 136.6 135.2 134.1 131.7 129.7 127 121.9 115.6 109.2 102.9 96.3 89.7 71.1 43.2 36 38.5 45.4 52.2 57.3 62.1 70.2 78.4 84.3 91.8 100.7 105.6 112.7 121 126.9 131.3 134.5 136.3 136.1 136.3 136.8 136.7 137.5
120.7 126.1 128.7 127.6 127.1 134 138.6 142.3 145.3 147.7 149.9 151.2 152.1 152.5 152.2 152.5 154.1 155.6 156.7 157.7 159.7 160.1 159.8 158.3 155.3 152.4 148.2 145.2 145.4 145.3 149.8 154.1 156.2 157.3 157.4 156.4 154.8 152.7 151.5 150.3 149 146.2 143.6 142.6 140.8 138 137.8 136.6 133.9 130.5 125.7 117.9 113.2 105.9 100.9 91.1 70.4 46.3 35.5 38.2 46.1 53.6 60.5 65.8 74.5 81.5 88.2 96.7 104.3 111 119.4 125.9 130.4 135 138 139.2 139 139.7 139.8 139.7 140.5
126.9 130.3 132.4 133.6 133.4 134.9 139 143.2 147 149.9 153 154.8 156.4 156.5 155.8 156.8 159.8 161.7 162.2 162.5 163.2 162.9 162.6 161.6 158.1 154.7 152.3 148.5 148.8 150.3 152.2 155.9 158.6 159.7 160.1 159.3 158.3 156.6 155.6 154.7 152.8 150.2 147.7 146.2 144.5 142.4 141.6 140.7 138 134.1 129 121.2 115.3 108.2 99.9 88.8 71.2 50 37.1 37.2 45.2 55.6 62.5 72.8 81.8 87.5 95 104.2 111.7 119.5 125.5 131.6 135.9 139.9 142.4 143.9 143.8 143 142.9 143.4 145.6
129.6 133.6 135.5 137.8 139.2 140.1 141.5 144.5 148.3 151.6 155.4 158.9 160.8 161.1 161.4 162.6 165.5 166.5 166.8 167 166.1 165.7 165.3 163.9 161.4 159.1 157.3 153.6 152.6 153.8 155.5 157.9 159.9 161.9 162.8 162.8 161.3 160.4 159.4 158.1 156.4 153.9 151.7 150.4 148.8 146.9 145.5 144.9 141.6 137.3 132 124.8 117.7 110.3 100.8 86.7 71 54 38.3 34.1 45.2 58.3 68.1 79.7 89.5 95.5 105.1 114.9 122 128.4 133 137.3 141.9 145.7 147 147.9 146.9 145.9 145.4 146.9 147.8
130.9 135.5 138.8 140.6 142.4 143.6 144.7 146.4 149.3 154 159.2 162.4 164.5 165.8 167.2 168.8 169.7 170.4 169.6 169.6 169.3 168.8 167.6 166.2 163.8 162.7 160.8 157.4 157.2 157.2 158.8 160.3 162.2 163.9 165.1 165.4 164.6 163.9 162.7 161.2 159.8 157.8 155.7 154.2 152.7 150.6 149.2 147.4 143.6 139.3 134.6 127.4 120 111.7 99.9 83.9 66.7 52.1 37.8 34 46.7 63.6 74.5 86.2 95.6 105.5 115.1 122 127.9 133.1 137.4 141.3 147 147.2 147.7 148.1 147 146.2 146.3 145.8 146.2
128 133.3 139 141.9 144.4 146.1 147.7 149.3 151.5 155.8 161.2 164.9 166.5 167.8 169.5 171.5 173.1 173.4 173.1 172.8 172.2 171.1 169.8 168 167.1 166.1 164.3 162.4 161.6 161.2 161.9 163 164.7 166.2 167.2 167.6 167.4 167 166.8 165.3 163.9 162.4 160.7 158.3 157.7 156.1 152.3 149.3 144.6 140.5 136.8 131.3 121.2 108.6 94.8 76.3 61.6 49.9 36.6 34.4 51.4 68.8 81.2 92.8 102.5 112.7 121.4 126.5 131.6 135.6 139.6 142.3 145.4 145.1 145 145.7 144.6 142.2 141.5 141 141.2
131.2 135.6 139.4 144.3 147 148.2 150 151.8 154 157.1 162 166.4 168.7 170.3 172 173.9 175.1 175.5 175.2 174.4 173.9 173.1 172 170.9 170.4 169.3 167.9 167.1 165.9 165.3 165.3 166.1 167 168 169.3 169.9 170.2 170.2 171.2 170.6 169.6 168.6 167.1 165.2 162.7 159.9 156 152.3 148 143 138.5 130.9 121.8 106.2 86.9 69.3 56.9 45.9 36.6 39.6 57.4 74.5 90.5 99 108.3 120.6 125 129.9 134.6 137.1 139.5 141.2 141.8 141.5 140.7 140.3 138 136.6 135.8 136.5 137.3
134.5 139.3 142.8 147.7 148.5 150.2 151.4 153.2 155.7 158.5 162.9 166.7 170 172.1 174.3 176 176.5 176.4 176.2 175.6 175.3 174.7 173.7 173.5 173.6 173.2 171.9 170.7 170.5 169.4 169.2 169.4 170.8 172.2 173.6 174.3 175 174.8 175.6 176.2 175.2 174.3 172.8 170.5 168.5 165.9 162.2 157.6 152.1 146.7 142.5 134.2 120.6 102.4 81.5 64.4 54.7 42.7 34.7 46 63 78.8 95.1 104.1 113.5 120.6 125.8 131.2 134.4 136.2 136.7 138 138.6 137.5 136.1 134.9 133.5 133.5 133.3 133.3 132.7
138.2 142.8 145.5 147.7 149.5 151.2 153 154.9 157.2 160.7 165.2 168.5 171.4 173.3 175.1 176 176 176.4 176.4 176 175.5 175.6 175.1 175.2 176.4 177.5 177.4 177.5 177.6 177.1 177.3 178.4 178.7 179.3 179.8 180.3 181.4 182.3 183.1 182 181 179.6 178.1 175.9 174.2 171.5 168 163.6 158.5 154.8 148.8 139.3 121.7 100.7 79.8 62.1 52.1 39.2 31.8 49 65.1 82.8 97.9 108.1 115.1 120.3 123.1 127.1 129.1 130.6 131.9 132.9 133.5 133.4 131.9 130.6 129.9 129.2 129 128.2 127.8
142.6 145.3 148.8 149.5 151.3 153 154.6 156.7 159.3 163.9 167.7 170.3 171.4 172.9 174 174.3 174.2 174.3 174.5 175 175.6 175.9 176.4 178 179.2 180.3 181.4 181.8 182 183 184 185.3 186.1 186.1 187.1 187.9 188.5 189.4 189.6 187.7 185.9 184 182.9 181.3 178.8 175.9 172.3 167.7 162.9 158.1 150.5 141.9 126.1 102.4 79.2 61.1 48.8 35.3 34.4 48 64.7 82.4 96.5 105.7 112 115.2 118.6 122 123.7 125.1 126.2 127.4 128.6 128.9 128 126.7 126.1 124.6 123.8 123.3 123.4
147.3 149.6 150.8 151.6 153.3 155.1 157.2 160.5 163.7 165.7 168.4 169.7 170.7 171.1 171.7 171.8 171.7 171.7 172.7 173.8 175.5 176.8 178.3 180.2 181.3 182.2 183 184.7 185.8 186.7 188.2 189.9 191.5 192.1 193.9 194.3 194.9 194.5 193.9 192.2 190.3 188.4 187.1 185.1 181.6 178 174.4 169.4 164.3 157.7 149.9 139.2 126.1 109 81.8 63.6 49.2 31.9 34.9 47.4 59.6 76 85.9 98.2 104.8 108.5 111.6 115.4 116.9 118.9 120.6 122 123.3 124.2 124.1 122.9 121.1 120.2 117.9 118.7 118.6
150.7 151.9 152.8 156.1 159.3 160.1 161.7 162.7 164.2 165 166.7 167.4 167.5 167.9 168.6 167.8 168.6 168.9 170.9 172.6 174.4 176.3 178.1 179.8 181.6 183.2 184.4 186.1 188 189.1 190.5 192.3 194 195.6 197.1 197.1 197 196.5 195.1 193 192.2 190.2 188.5 186.3 183.1 178.7 173.5 168.3 162.6 155.4 147.7 135.7 125.2 112.6 92.8 69.9 52.5 37.6 33.8 41.1 53.2 65.9 73.9 83.7 95.9 99.6 103.5 107.7 110.8 113.5 116.2 117.8 118.3 118.9 119.3 118 116.2 113.9 113.9 114.4 114.4
154.7 157 161.2 162.6 163.4 163.7 164.1 163.8 163.4 163.5 164.4 164.8 164.8 164.9 165.2 165 164.6 166 168.4 170.6 172.9 174.8 176.5 178.3 180 181.9 184.1 186.3 188.5 189.9 191.7 193.6 194.9 196.8 198.3 200.3 198 196.5 195.2 193.2 191.4 189.3 187.9 185.1 181.6 177.2 170.9 164.8 157.3 149.6 141.9 132.2 122.6 110.8 94.7 76.7 56.4 40.9 34.2 33.4 43.5 56.6 63.6 71.5 83.2 87.9 94.7 100.8 106.4 109.3 111.8 112.6 112.5 111.3 111.4 112.4 110.6 109.1 109.7 111.1 108.9
163.3 162.6 163.9 164.5 164.8 164.4 163.7 163 162.5 161.9 161.7 162.2 162.2 161.9 161.3 161.3 161.2 163.5 166.1 168.1 170.3 172.3 174 175.8 177.5 179.7 182.5 184.7 187.1 188 190.1 191.9 193.9 195.8 196.6 197.7 196.2 195 192.1 190.8 188.7 186.8 185.3 181.9 179.8 173 164.2 154.4 149.3 143 136.5 127.7 119 107 92.5 76.8 60.1 46.1 36.9 33.5 34.7 45.5 54.2 61.5 70.1 80 89.5 96.9 102.3 105 107 107.1 106.2 104.5 104.1 106.1 106.5 105.9 104.2 104.4 101.9
166.8 166.1 165.2 164.6 164.5 163.9 162.6 162 161.1 159.6 158.7 158.8 158.2 157.6 157 157.4 157.8 159.5 161.8 164.6 166.6 168.9 170.3 172.9 174.9 177.5 180.5 181.6 182.9 185.2 186.9 189.1 190.3 192.1 193.2 193 192.7 192.1 190.1 188 185.3 181.9 180.3 173.7 170.7 163.2 155.4 150 144.6 137.9 130.9 122 113.5 100.8 87.4 73.1 62.5 49 39.3 34.8 32.6 36.5 44.8 52.7 62.4 79.2 87.1 92.3 97.7 100.2 101.9 100.8 100.3 100.7 102.4 103.5 103.9 103.1 99.5 97.8 97
168.1 167.1 166.2 165.3 164.2 163.4 162.2 160.8 158.8 157.7 154.6 154.3 153.8 153.2 152.5 152.8 153.6 155.2 157.5 160 162.4 163.9 166 168.2 171.2 174 175.9 177 178.7 180.6 182.3 183.9 185.3 187.5 189.3 188.2 187.9 187.3 186.5 181.3 178.8 173.7 169.4 164.1 160.3 154.8 149 145.1 138.5 131.9 124.4 118.1 106.8 95 82.7 68.5 59.2 48.8 42.3 36.1 33.5 32.4 37.8 45.8 64.5 75.2 81.3 86 91.3 94.3 95.6 95.4 95.4 97.2 98 100.5 101.3 98.9 92.8 91.8 96.1
169.7 168.3 167.2 166 164.6 163.5 161.4 159.3 156.6 153.6 151.5 150.2 149.4 148.6 148.1 148.4 149.5 151 153.5 156 158.1 159.5 161.6 163.8 165.9 168.7 170.9 171.3 173.6 175.2 176.6 178.2 180 182.4 184.1 182 181.3 179.1 174.6 171.8 169.7 165.5 161.6 156.6 152.2 147.3 143.7 138.9 134.1 127.2 119 111.5 101.9 91.1 76.9 65.4 57.1 49.8 43.8 37.9 33.9 31.9 33.9 39.4 56.7 69.5 75.1 80.4 85 88.1 89.8 90 90.4 91.3 92.6 95.5 95.8 89.2 86.1 90.5 95.5
171.2 169 167.9 166.5 165 162.9 159.8 155.5 151.2 147.3 145.3 145.2 145.1 144.5 144 144.3 145.3 146.6 149.2 151.6 153.4 155.1 157.2 159.4 161.1 162.4 163.6 165.7 167.5 169 170.2 172.4 175.2 176.3 176.9 176.7 175 171.1 167.2 163.6 160.2 157.6 153.4 149.7 145.5 141.6 137.2 133 127.8 122.3 114.2 107.2 98.2 87.6 74.5 62.5 54.7 49.6 44.5 39.7 35.1 31.8 31 35.8 47.1 64.3 70 75.8 81.2 84.2 85.1 84.7 84.2 84.9 85.3 89 89.1 81.4 87.6 92 96.8
169.9 168.9 166.6 164.5 162.1 158.5 154.4 150.3 146.8 143.7 141.4 140.9 140.7 140.4 140.5 140.8 141.1 142.3 144.8 146.6 148.3 150 152 154 155.6 157 157.9 158.9 160.6 162.7 164.8 167.8 171 171.9 172.6 171.2 169.5 165.7 161.6 158.6 154.7 150.8 148.4 144 140 136.5 132.1 128.2 123.6 117.2 109.7 102.4 94.7 84.2 70.9 60.2 53.4 48.2 44.2 40.7 36.9 31.5 31.2 33.2 39.7 58.6 67.5 73 76.6 78.5 77.6 77.2 76.3 76.2 76.5 80.2 82.6 80.4 88.8 93.4 98.5
168.4 166.3 163.8 161.4 158.8 155.1 150.8 146.5 143 140.1 138 137 136.9 136.9 136.8 137.1 137.4 138.2 140.5 141.8 142.9 144.5 146.5 148.5 149.7 150.6 151.6 153.3 155 157.6 160.1 163 166.3 167.9 167.5 166.2 164.2 160.4 156.7 152.7 149.6 146.5 143.3 139.2 135.6 131.7 128 124.4 119.1 112.3 105.9 99 91.9 81.7 70.2 60 52.8 48.1 44.3 41.1 37.6 31.9 31.3 32.1 33.9 55.1 63.1 66.1 69.6 72.6 71.2 69 70.4 69.9 69.7 69.9 73.5 81.8 89.2 96 104.6
166.5 163.7 161 158.4 154.7 151.5 147.2 142.5 138.4 136 134.1 133.5 133.4 133.3 133.1 133.3 133.8 134.2 135.9 137 138.2 139.7 141.4 141.8 142.9 144.3 146.4 148.3 150.3 153.1 156.1 159.1 161.7 163.8 162.6 161.7 158.8 156.2 153.4 149.6 145.7 141.5 137.7 134.2 131.1 127.7 124 119.5 116.1 110 103.8 96.5 88.6 80.4 70.3 60.1 53.6 48.1 43.8 40.5 36.7 31.5 30.7 30.9 31.8 54.5 59.1 61.1 63.4 65.5 62.6 63.4 65.4 63.1 65.4 69.6 76.1 85.4 95.7 106.8 117.3
163.8 161 158.3 155 151.3 147.7 143.6 138.7 134.5 132 130.5 130 129.8 129.7 129.5 129.6 130.1 130.6 131.4 132.6 133.7 135 136.6 137.7 138.1 139.5 142.2 144.2 146.6 149.3 153.1 155 157.2 159.6 158.5 157.7 155.6 153.2 149.4 146.3 140.3 138 134.5 131 128.4 124.7 120.4 116.5 112.7 108.4 101.9 94.6 86.5 76.5 67.5 58.9 53.4 48.2 44.1 39.8 36.4 32 29.7 30.4 34.7 52.7 54.4 55 55.2 56.5 54.9 56.9 58.5 59.3 66.8 74.5 83.9 95.9 108.3 119.7 124.5
160.4 157.9 155.3 151.8 147.1 144.2 139 134.5 130.7 128.3 125.7 125.8 126 126 125.9 126 126.5 127 128 129.2 130.5 131.7 133.1 133.4 134.7 136.3 138.5 140.9 143.5 146.1 149.1 151.2 152.3 154.3 154.5 154 151.6 149.1 146.4 143 138.8 135.2 131.8 128.4 125.1 121.3 118.4 114 110.8 106.6 99.9 93.1 84.8 74.5 65.4 61.2 54 48.1 44.3 40.5 36.4 30.4 28.6 30.5 41.7 48 47.9 47.1 46.8 47.2 50 52.9 57.4 64.3 74.5 86.8 97.9 109.2 116.9 121.8 123.5
156.9 154.4 151.5 148.8 144.5 140.3 135.4 130 127.2 124.6 122 122.3 122.3 122.2 122.2 122.4 122.8 123.5 124.6 125.9 127.5 128.6 129.9 132.4 132.5 134.3 135.9 138 140.5 143.1 145.8 148.4 148.6 150.3 151.3 151.1 149.7 146.9 143.1 140.7 137.3 133.1 129.2 126.3 123.2 119.7 116.7 112.7 109.5 104.9 99.3 93.7 86.1 77.7 69.8 63 55.3 48.6 43.7 39.9 35.4 29.7 28.8 30.2 37.3 36.9 39.1 40.6 41.7 46.4 52.4 56.6 65.4 79.4 92.7 101.8 109.7 115.4 118.1 119 118.4
153.4 150.8 147.6 143.5 138.4 134.2 131.2 126.4 123.6 121.8 119.9 118.6 118.6 118.5 118.5 118.9 119.6 120.1 121.3 122.8 124.4 124.4 126.4 129.2 131.1 132.5 134.5 136.5 138.4 140.6 143.5 144.7 146.7 147.4 149.1 149.2 147.6 144.1 140.4 138.2 135.5 131 127.2 124.5 121.4 117.1 113.6 110.3 107.2 104 100.2 96.1 91.3 86.4 80.3 71.5 62.6 51.9 44.7 40.1 33.8 29.3 30.4 31.6 32.9 33.9 36 41.4 49 53.7 60.6 68.8 84 93.8 101.6 106 111.3 114.2 114.6 114 111.1
149.6 146.2 142.1 137.5 133.8 130.3 126.9 123.4 120.9 118.3 115.9 114.8 114.9 114.8 115 115.7 116.4 116.7 117.3 119.5 121.4 126.9 126.9 126.6 126.9 130.6 132.6 134.5 136.5 138.4 140.4 142.3 144 145.5 146.7 147.3 145.3 142.9 139.9 137.3 134.1 128.2 124.2 121.9 117 112.5 109.1 107.2 104.2 99.6 94.4 90.4 87.9 85 81.8 77.5 71.1 60.6 50.6 40.6 31.6 29.2 29.7 30.4 32.7 35.5 43.8 53.2 61 74.3 82.8 89.3 95.2 99.9 101.4 103.8 106.1 107.4 107.3 106.2 109.8
145.1 141.3 137.2 133.7 130.1 126.5 123.8 119.8 116.5 113.8 112.7 111.6 111 111.1 111.7 112.4 113.3 113.5 113.6 114.9 119.1 126.9 126.9 126.5 126.9 129.7 130.7 132.9 135.2 137.2 139.2 140.8 143.2 144.4 145.6 145.2 144.3 142.5 139.6 135.5 131.6 126 119.6 116.2 113.1 109 106.2 103.4 99.9 97.4 92.9 87 82.7 79.6 77.8 77.7 74.7 69.3 57.5 44.9 29.6 29.7 29.3 29.4 35.4 43 56.9 70.2 82.1 88.8 92.7 95.3 96.7 95.6 93.5 92.2 94.3 97.7 102.5 109.3 110.4
139.8 136.3 133.7 130.1 126.4 123.3 120.7 116.5 112.3 110 109 108.1 107.3 107.3 108.1 108.9 110.2 111.2 111.8 114.3 116.3 118.2 123.7 126.9 126.6 126 128.4 130.5 134 135.1 137.1 139.4 142 143.7 145.1 145 144.3 141.6 138.9 134.6 130 124.8 118.5 113.7 109.7 106.5 103.7 101.2 97.5 95.2 90.7 86.3 81.9 77.9 73.8 73.4 72.7 71.5 65.5 51.9 37.5 28.9 29 28.8 32 45.1 65 78.8 83.1 87.2 89.6 91.8 90.3 85.8 84.6 89.9 96.7 103 108.6 108.1 106.5
135.1 131.3 129.2 126.5 122.7 120 117.4 113 108.4 106.4 105.4 104.5 103.8 103.6 104.4 105.6 107.2 108.7 109.9 116.3 116.3 116.6 117.3 120.3 121.4 124.6 126.3 128.3 131.4 134.2 135.8 138.4 141.2 143.5 144.8 145 143.9 141.9 139 134.6 130.3 123.7 116.2 111.9 107.6 104.2 101.8 99.6 96.2 93 88.8 83.4 79.7 75.9 69.9 65.6 65.7 64.5 61.5 56.2 46.9 32.3 28.4 28.5 29.5 42.3 62.7 77.4 78.2 77.7 78.6 81.2 77.7 79.1 91.1 99.8 104.3 105.2 105.4 103.2 100.1
132.4 127.4 126.9 122.1 119.1 116.5 112.9 108.1 103.4 102.8 102.1 101.1 100.2 100.4 101.3 103.1 104.6 105.9 107.8 110.7 116.3 117 116.3 117.6 119.1 120.9 123.3 127.9 131.3 133.2 135.2 138.3 141.3 143.6 144.1 144.5 142.7 140.2 137.3 133.5 127.5 121 114.2 110.6 106.9 103.4 99.2 96.4 93.1 90.9 87.5 82.2 77.3 72.2 66.9 61.6 58 57.8 51.9 47.9 42.8 35.5 28.7 26.7 28.8 37.6 57 68.8 66.4 59.8 59.5 65.2 74 88.3 99 101.3 100.7 100.1 99.2 96.1 92.3
129.9 125.6 121.7 117.6 112.7 110.4 107.6 102.3 101.3 100.3 99.4 98.5 97.2 97.1 97.9 100.2 101.4 103.2 105.2 106.7 109.1 113.6 113.6 114.7 118.8 121.6 124 128.1 130.8 133.5 136.3 139.7 141.6 143.3 143.9 143.4 141.2 136.2 133.4 128.7 122.9 117.1 112.5 108.7 105.4 102 99.1 94.3 90.1 88.7 84.5 79.8 75.2 70.7 65 59.3 53.6 47.1 41.2 39.4 37.3 38.5 36 28.2 26.8 33.4 48.2 53.8 48.2 55 65.2 74.9 86 95.4 96.6 96 94.2 93.6 91.3 87.9 83.9
127.5 124 120 115.2 110.1 106.3 102 100 99.4 98.5 97.5 96.2 94.4 93.2 94.4 96.7 99.3 101.2 102.5 104 107.3 111 112.9 117.9 120.7 124.5 127.1 129.5 132.5 135.5 137.8 139.8 141.7 143 143.1 142 138.6 133.4 128.9 124.7 120 116.2 111.4 108.4 105.5 102.5 100 97.1 94.3 92.6 89.2 84.8 79.8 75.3 70.7 67.4 64.3 63.9 59.5 55.5 55.6 53.5 46.7 35.5 27.9 29.3 35.4 41 53.4 66.9 80.2 88.4 90.4 90.8 89.6 88.1 86.4 83.8 80.6 77.8 73.3
126.2 124.3 120.4 115.4 109.9 104.1 100.9 98.9 96 94.6 94 92.5 91.4 90.1 91.2 94 96.8 97.8 99.5 103.8 107.8 112.4 116.6 118.7 122.2 125.8 128.9 131.7 134.4 137.2 139.1 140.4 142.5 142.9 143.1 141 137.3 130.8 130.5 123.3 119.3 116.3 114.1 111.8 109.2 106.4 103.2 101.3 97.6 96 94.6 92.3 90 88.2 83.7 82 83.9 84.8 81.7 75.9 69.6 59.3 47.5 37.9 28.1 25.2 37 55.2 69.3 78.5 83.9 83.9 83.6 81.4 79.3 77.5 74.8 71.5 70.7 68 64.5
126.2 124.6 122 117.9 112 106.5 102.8 99 95 90.8 88.5 88.7 87.5 86.5 88.6 91.1 91.8 94.3 99.4 104.4 108.6 112.8 116.4 119.8 122.8 125.5 129 134.3 136.8 138.7 140.2 141.2 142.6 143.3 143 141.8 140.1 137.2 131.8 128 125.6 123.6 122.7 119 115.7 113.7 111.9 109.9 108.3 106.6 105.7 105.1 105.2 104.2 103.8 103 101.3 99.1 95.7 88.6 78.2 60.5 46.6 38 28 25 44.3 65.2 74 76.7 76.4 76.3 72.9 69 66.6 63.9 61.3 59.9 59.9 60.4 63.6
