Game/Highland_Data/StreamingAssets/GeoData/Data/sx/SX78.asc
ncols 200
nrows 200
xllcorner 270000
yllcorner 80000
cellsize 50
[rows 0 to 34 of 200, columns 0 to 77 of 200]
218.4 202.2 189.6 178.2 175 169 157.2 154.5 156 157.8 157.7 160.7 162.9 167.2 171.3 174.3 174.5 171 172.3 174.9 175.2 175.4 176.2 171.3 170 175.9 178.4 180 183.9 189.4 199.5 211.9 222.7 227.1 226.7 223.9 209.6 191.5 181.4 181.6 194.4 213.2 230.2 234.5 224.6 212 195.6 180.3 171.2 164.2 159.6 173 200.7 220.5 231.6 237.7 240.4 244.3 248.6 247.9 247.1 245.8 240.2 237.1 241.1 242.9 242.7 242.6 242.2 241.9 242.9 246.1 247.6 247.6 248.1 249.6 249.5 242.7
216.4 200.3 189.3 182.1 190.4 184.1 168.3 153.5 153.4 154.4 155.1 157.5 162.2 167 170.4 172.3 170.8 168.3 167.4 171.9 170.5 169.8 172.3 167.2 167.1 172 174.5 174.4 176.5 179.7 189.6 199.8 207.6 212.5 216.9 216.1 212.2 196.6 178.3 175 187.2 204.4 222.6 227.4 207.8 187.4 167.9 148.7 136.7 128.9 134.6 152.4 175.2 193.5 204.9 214.8 226.1 218.8 230.9 235.2 237.3 233.6 224.5 223.2 232.9 233.3 228.3 221.6 218.7 215 217.6 222.1 232.1 240.4 242.6 243.2 240.8 228.4
213.3 196.9 187.8 186 194.8 190.7 173.6 155.9 152.6 152.9 153.4 159 166 169.1 169.4 167.7 166.4 164 165.1 168.3 167.9 166.2 165.4 164.3 163.1 168.4 170.3 170.8 171 173.6 179.8 190.6 195.5 199 202.7 205 210.2 204.5 178.4 169.7 177 192.6 211.3 215.1 190.5 165.3 143.3 127.5 123.1 128.4 124.1 126.5 146.9 162.9 171.9 175.2 181.1 189.5 191.2 213.4 219.4 216.5 206.1 212.3 224.2 217.1 206.1 194.5 186.2 178.9 182.3 184 197.5 220.2 231.7 234 228.1 210.8
209 194.8 189.6 189.3 197.9 195.3 176.6 160.9 152 151.7 152.4 161.5 169.4 168 167.1 164.7 162 159.9 163 164.6 165.2 163.7 160.9 159.4 160.3 165.9 166.9 166.5 163.9 159.7 169.3 180.6 182.7 186.3 189.7 195.3 204.8 205.3 180.6 166.7 166.6 183.3 197.2 201.7 177.3 149.2 127 127 134.6 155.2 148.6 129.7 121.9 130.4 134.6 135.6 134.7 146.9 150.5 175.1 189.8 190.9 181.9 202.8 201.8 191.2 179.9 164.8 153.7 142.8 143.5 151.3 171.7 187.2 204.5 219.9 210.9 194
205.9 191 187.9 191.5 200.4 199.7 178 162.7 153.8 150.6 150.9 158.8 171.1 169.3 165.1 162.1 158.3 158.7 161 161.3 161.8 162.1 159.7 156.9 156.4 160.6 161.8 161.7 159.7 155.1 162 166.9 169.8 172.3 176.2 188.4 191.1 199.3 179.5 163 160 173.3 190.2 192.4 167.5 141.4 125.1 132.5 157.6 175.2 170.8 156.3 141.5 127 121.9 121.9 121.6 120 120.3 134.7 151.7 156.1 165.9 166.4 163.2 157.9 148.5 136.1 123.1 114.4 113.3 115.2 137.2 156.7 176.1 194.2 191.9 176.7
204.3 191.4 186.6 190.2 201 196.6 180 163.4 152.1 150.1 149.9 153.7 171 167.1 163 159.7 154.6 158.2 158.5 158.6 157.5 161.1 160.9 159.5 153.4 158.2 157.2 156.1 153.2 152.5 154.7 157.2 159.8 161.4 166 172.6 177.9 189.8 174.3 158.8 154.7 162.6 179.1 183.3 158.1 135.2 131.6 156.6 179 196 189.3 178.7 164.9 151.7 141.2 137.8 134.3 131.4 124.4 117.9 120.8 125 126.5 123.1 121.2 119.1 115 114.2 125.2 133.5 130 117.5 112.8 127.3 146.8 163.8 169.3 160.8
205.8 190.5 185.2 187.2 199.3 195.8 175.8 158.8 153 150.5 149.1 150.5 162.6 161.1 161.9 158.4 153 154.9 155.4 154.2 158.8 164.9 164.4 153.3 149.8 151.7 152.2 151.1 149.5 148.1 149.5 152.2 154.2 155.4 157.1 161.4 171.2 182.6 169.7 154.2 151.6 151.1 165.2 181.3 147.6 129.4 145.8 172 196.3 211.1 204.9 194.6 181.8 170.2 160.3 154.1 151.8 149.8 143.5 132.7 120.7 122.2 122.2 123.9 127.4 132.2 140.2 147.5 159.8 165.5 154.7 138.6 121.9 112 117.4 133 142.1 139
208.4 194.3 183.9 182.8 187.5 183.5 167.5 154.8 152.3 150.8 149.3 148.9 148.4 157.4 163 159.7 153.5 150.1 152.5 150.5 155.6 160 159 150.5 146.8 145.9 146.4 145.6 145.2 144.2 145 147.1 150.1 150.5 150.1 153.4 162.7 171.2 163.5 156.9 149.4 145.3 147.8 153 131.8 138 160.3 182.4 207.3 221.7 217.8 206.9 197.5 186.8 178.2 173.6 169.8 166.3 161.5 154.8 147.8 141.9 145.6 146.4 156.8 164.4 174.3 181.6 194.8 194.4 180.1 163.6 146.8 129.2 119.4 114.1 113 115
219.8 207.2 189.6 178.1 178 166.3 156 153.7 152.5 151.9 150.9 154.9 147.5 154.8 165.1 153.4 146.5 145.1 148.2 147.5 154.8 150.4 149.4 146 143.2 143.6 143.4 143.2 142 141.9 142.3 144.5 146.6 147.7 145.9 146.2 153.7 157.7 158.1 158.5 149.3 142.8 140.2 133.9 140.1 154.6 174.2 193.9 214 223 226.6 218.2 208.7 197 192.1 189.7 185.8 183 178.4 175.7 168.3 160.8 168.9 167 184.8 195.2 206.5 215.5 224 217.2 204.4 187.8 169.7 151.8 138.8 127.6 116.1 112.4
222.9 212.7 195.3 178.9 171.7 162.2 156.2 154.2 154.8 154.4 152.2 152.6 147.2 146.5 148.8 145.3 143.7 143.4 143.4 148.8 148.7 143.9 143.9 144.2 143.5 141.9 142.2 142 140.2 139.7 140.3 141.5 146.4 147.8 144.2 141 144.7 150.4 150.7 155.2 157.9 144.2 135.3 133.8 151 162.4 179.9 203.5 211.4 218.4 227 226.3 220.9 211.5 204.1 202.8 203.5 202.6 202.9 196.9 192.1 184.6 191.9 193.3 197.5 218.2 233 242.4 243.6 235.5 224.4 208.7 190.2 174.5 162.2 150 139.2 134.3
224.6 216.4 203.7 183.9 171.7 161 157.1 156.9 160.8 157.3 155.6 152.8 150.2 146.1 145.6 149.4 156.6 143.4 142.2 143.3 141.6 141.5 142.7 142.5 142 140.7 140.6 140.3 139.4 138.8 138.5 139 138.6 137.6 138.1 137.7 138.5 139.9 141.2 147.5 147.8 136.6 133.4 135.2 147.2 158.4 178.9 197.9 206.2 211.7 221.3 228.3 231 230.2 221.3 217.3 217.3 220 219.1 217.1 212 204.9 210.5 215.6 216.4 229.5 244.9 255.1 258 251.6 242.7 229.1 212.3 198.5 186.8 175.3 167.6 161.6
225.5 219.5 210.7 197 182.1 171.3 159.4 164.7 174 168.6 163 159.4 155.5 152.6 153.5 162.1 164 152.1 142 141.6 140.8 141 141.1 140.9 140.8 140 139.5 139 138.4 137.9 137.6 136.8 136.8 136.4 136.3 136.2 135.4 135.3 135.3 136.1 136.5 133.7 134.9 135.4 144.4 154.2 171.9 186.7 195.6 206.4 211.4 223.1 233.3 242.7 241.9 239.2 236.7 237.3 237 237.6 232.2 226.8 230.9 237.2 238.8 243.8 250.4 260.5 263.5 263.6 260.3 252.5 239.4 226.9 215.4 204 199.7 192.1
223.7 219.6 214.4 205.2 182.5 165.6 167.8 166.6 176 178.2 174.1 170.5 166.6 162.9 164.1 173.6 168.3 154.9 148.1 146.1 152 149.4 143.8 139.5 139.5 139.3 138.7 138.1 137.3 137 137.4 137 135.9 136 134.1 135.4 136.9 135.7 135.5 135.2 134 134.2 134.6 136.2 140.6 149.5 168 182.8 192.6 198.4 204.2 216.5 228.6 243.6 261.9 264.3 266.9 261.6 259.4 257.3 248.9 245.2 247.4 251.4 254.5 256.3 259.3 264.7 268.6 271.2 273.3 272.1 265.8 258 246.1 236.1 234.9 226.9
220.4 217.5 216.1 209 188.7 178.2 178.8 175.9 181.6 188 193.4 189.6 184 181.4 181.8 180.8 173.4 162.9 160 160.6 161.9 159.4 140.5 138.2 138.2 134.5 134.3 137.4 136.7 136.5 136.4 134.2 136.8 136.3 146.2 146.2 143.4 141.6 140.4 138.1 137.3 136.4 136.5 135.5 137.9 144.5 159 178.2 188.3 193.2 200.6 212 225.4 243.8 263.4 275.7 281 276.8 271.8 267 256.9 258 260.6 264.1 267.4 268.3 270.1 272.1 277.4 284.5 290.9 290.9 288.9 285.5 278.1 271.3 270.1 264.4
214.1 212.1 212.3 205.6 192.8 185.3 189.2 188.9 193.3 201.7 201.4 196.9 192.2 189.9 188.4 184.1 174.9 168.5 164.8 163.4 163 158.7 139.2 136.6 138.5 138.6 138.2 137.6 135.4 137.2 136.8 136.4 139.7 144.6 155.4 162.1 162.9 153.4 148.5 144.1 142.7 142.2 138.4 136.1 137.5 140.1 147.8 168 180.1 189.1 198.5 210.9 230.8 244.1 258.5 271.3 279.1 279.8 275.4 270.2 267.9 269.6 272 274.6 277.4 278.5 282.3 285.2 290.8 299.2 301.7 303.2 302.7 302.8 300.9 297.8 295.1 293.2
204.6 203.1 201.9 197.1 192.5 197.3 200.1 203.1 208.3 207.6 201.8 196.4 192.3 187.3 184.3 179.6 172.7 167.1 164.4 161.3 162.2 153.2 139.1 139 140.9 139.3 140.5 139.2 138.1 137.5 137.3 140.3 143.1 147.2 153 159.7 168.5 172.6 166.2 158.6 154.8 149.9 142.4 136.7 136.4 138.8 145.4 159.8 173.8 187 204.4 221.4 231.2 242.7 251.2 265 273.3 277.2 275.8 273.6 273.4 274.6 277.7 280.5 283.2 285.9 291.2 296.2 301.5 306.4 308.7 310.9 312 311.3 310.9 308.2 306.2 304.7
205 200.8 197.7 199.7 201.9 207.3 211.4 220.2 214.7 204.5 194.9 189 186 180.5 176.7 172.2 168.2 163 157.6 155.8 162 156.4 136.8 140 147.9 149.9 150.8 145.2 140.4 139.9 140.1 141.9 144.5 147.9 151.7 156.2 163.9 176 177.7 172.2 165.7 155.1 143.7 138.6 137.1 138.7 144.2 153.8 167.3 187.9 210.4 225.6 230.5 237.3 246.5 258.1 268.4 273.8 275.1 274.6 275.2 277 279.8 282.3 285.4 289.2 296.1 300.5 306.2 309.3 311.9 315 317.2 317.9 316 315.3 313.8 312.3
204.4 202.7 202.3 205.6 211.3 217.4 228.1 223 211.9 200.3 187.9 180.9 177.1 172.7 168.7 165.9 165.2 161.2 154.9 150.7 159.6 147.4 136.7 145 158.2 164.6 159.1 151.9 145.7 142.1 142 142.3 144.8 148 151.5 154.9 159.1 171.1 177.7 175.4 168.4 154.3 144.1 140.5 138 138.9 143.5 151.8 164.9 186.6 210.9 224.7 225.7 228.8 239 253.9 266.6 271.2 273.7 274.4 274.9 276.2 279.3 281.8 285.9 290.7 295.7 302.7 308.3 311.7 314.6 317.8 319.8 321.3 321.1 321.1 320.4 320.3
205.2 205.8 209.2 214.8 226.5 233 229.4 219.9 206.5 196.4 186.3 178.7 168.8 164.9 161.2 160.1 161.9 158.8 147.3 147.3 154.9 139.9 141.3 152.4 166.8 169.8 165.1 158.1 148.1 144.8 145.7 145.8 146.1 147.4 150.6 153.5 156.8 163.5 173.1 174 167.9 156.1 145.4 141.7 139.2 138 142.1 148.3 160.8 180.8 202.8 216.2 216.6 217.8 230.2 248 263.4 269 271.6 272.5 273.1 274.5 277.6 281.2 285.3 289.9 295.4 302 308.1 312.8 316.5 320 322.7 324.6 325.6 326.3 326.1 325.7
206.3 205.4 210.5 222.6 230.7 231.3 225.7 215.4 205.4 195.4 186.9 178.8 170.5 162.8 155.5 154.9 157.6 150.4 141.8 140.8 140 139.3 149.1 156.2 165.1 170.8 167.6 155.3 147.9 154.2 159.4 151.1 148.9 149.4 150 153.2 156.8 162.7 170 170.8 167.5 158.7 148.7 143.2 140.1 138.2 140.1 144.8 151.7 167.9 191.8 202 204.4 208 219.2 236.2 253.7 263.2 267.7 268.7 269.9 272.4 276.3 280.3 284.3 288.6 293 298.2 304.4 310.3 315.6 319.5 323.8 326.9 329.2 330.4 329.9 329.9
203.9 198.3 207.5 218.2 222.4 223 218.3 212.2 204.9 194.8 186.4 178.2 171.4 165.6 153 151.2 156 147.5 141.5 140.1 147.8 153.8 163.3 168.3 173 173 167.9 160.8 152 163.3 169.9 163.2 153.6 156 154.2 154.1 158.2 165 169.9 170.6 166.8 161.3 151.9 145.6 143.4 141.2 139.3 142.4 148.3 154 169 185.4 190.8 200 209.9 226.9 244 255.3 261.8 263.2 264.9 269.5 274.1 278.9 283.2 287.2 291.3 296 301.4 305.9 311.3 317.2 321 325.3 329.9 334.2 333.7 333.8
197.4 191 201.3 205.8 208.9 210.1 209.1 206 199.9 190.5 180.9 174.5 169.6 161.9 153.8 148.4 154.8 151.6 141.5 141.1 152 162.1 171.5 180.6 179.1 175.1 168.8 159.9 157.6 168 174.6 169.6 167.1 168.3 163.3 161.4 158.9 165.9 169.4 169.5 166.4 161.9 155 149.6 145.1 141.3 139.3 140.3 144.6 149.1 155.6 165.7 180.6 196.1 205.8 218.3 234.6 246.8 252.7 255.9 259.2 265.3 271 276.2 281.4 285.9 289.6 293.7 298.4 302.7 308 313.8 317.4 323 327.6 332 335.3 336.2
195.7 186.4 187 192.8 196.6 198.2 200.5 196.6 190.5 182.3 174.8 174.5 170.6 161.6 154.6 145.5 150.5 144.5 140.9 143.7 155.6 164.3 180.7 187.4 183.4 178.5 172.5 169.6 165.1 173 176.3 174.9 175.9 175.4 173.4 169.7 166.9 165.4 166.3 165.6 162.5 160.3 156 150.7 144.8 143.1 140.2 140.3 142 147.3 153.2 160.7 172.1 191.3 200.9 209.1 224.1 237 241.2 245.1 252.2 259.6 266.7 272.4 278.1 284 288.2 292.2 296.2 300.6 305.3 310.8 314 320.6 325.8 329.7 332.1 332
189.6 182.8 178.2 180.7 181 191.5 192.2 186.9 181 173.4 169.6 165.9 164 157.7 149 143.3 143.4 140.9 142.2 146.6 157.9 174.1 185.7 188.6 184.4 180.5 177.2 172.9 172.8 176.3 178.2 179.1 180 179.2 176.6 171.6 167.2 160.9 160.1 159.1 155.8 154.6 148.8 146.3 145.8 146.1 147.6 139.9 141.5 144.8 149.4 156 166.6 180.6 193.8 202.5 215 226.3 229.9 236.2 244 252.4 260.5 267.2 272.1 278.9 285.1 289.9 293.9 298.3 302.7 307.9 310.8 316.4 319.3 325.4 327.1 327.6
189.3 184 177.5 174 174.4 178.9 182.6 180 172.1 166.4 163.3 156.6 152.6 147.6 143.2 142.5 142.3 141.8 148.9 153 165.2 183.9 189.6 186.8 181.8 179 176.2 173 174.1 177.1 178.6 180.6 182.1 180.1 177.2 172.7 165.7 160.9 157.7 155.6 153.7 152 151.1 149.9 148.9 147.8 147 141.5 140.7 142.4 147.7 155.8 163.4 172 185.4 199.5 212 218.2 222.6 228.4 237.1 246.6 255.7 262.7 266.7 272.4 279.2 285.5 290.1 295.5 299.9 304.7 307.8 310.5 313.8 316.7 320.7 322
188.5 185.6 181.4 178.6 171.4 168.2 172.5 171.8 164.4 156.2 153.8 149.4 146.3 144.6 143.5 142.3 141.9 142.5 146.4 153.7 171.2 185.1 189.1 183.6 178.2 173.9 173 171.5 171.8 174.6 177.5 179.3 180.2 178.6 176.1 171.3 165.5 160.9 158.2 157.4 156.6 155 153.5 151.4 148.8 146.3 143.9 142.1 141.2 142.9 148 154.7 160.1 167.8 179 196.1 207.7 212.8 215.9 221.7 230.6 240.1 249 255.7 260.4 265.9 272.1 278.8 284.8 290.1 295.5 301.1 305.1 306.5 308.6 312.2 314.4 314.8
186.6 181.2 176.1 173.2 165.9 161.4 160.2 158.2 153.6 149.7 148.2 147.1 145.8 144.4 142.9 141.6 140.3 142.5 143.9 151.9 167.5 178 180.8 175.8 171.3 168 169.5 168.1 168.7 172.1 174.9 175.7 175.8 176 174.5 170.6 165.3 162.5 160.8 158.8 158.9 157 155.1 152.7 150.2 147.2 143.3 141.8 141.4 143.8 148.8 153.1 158.5 166.2 174.2 187.9 200.3 206.7 211 216.1 224 232.6 240.7 248.6 253.6 258.1 266 271.6 278.7 284.6 290.4 296 299.6 302.1 302.6 304.3 307.3 308.6
185.9 184.2 181.4 175.7 166.8 158.4 155.7 153.4 151.3 150.1 149.5 147.4 145.6 143.6 143.2 142.7 140.3 142.5 143.2 148.9 162.5 171.1 169.9 166.8 164.7 163 165.2 163.8 163.9 167.9 171.5 172.2 171.4 173.7 175 173.6 170.5 168.4 164.9 161.4 159.4 156.7 153.7 151.3 149.3 146.6 143.4 142.1 142.2 143.8 147.3 151.5 157.3 164.3 171.2 178.7 191.7 200.1 207.1 212.6 217.4 225.4 233.5 241.2 250.2 253.7 256.6 263.5 269.9 277.5 283.6 289.3 294.2 296.4 297.4 299.9 303 305.7
184.1 185 183.1 179.8 173.5 165.5 159.3 155.5 154.9 155.1 153.7 150.3 145.6 143.8 143.3 143.2 142.8 143 143.3 144.5 153 157.8 158.6 159.1 159.3 160 160.8 159.8 159.5 164.7 168.2 168.4 168.4 172.9 176.4 176.8 175.3 172.6 168.1 163.6 159.5 156.8 154.3 152 150.4 148.7 143.8 142.6 142.7 144 146.2 149.6 156.4 162.8 168.8 174.7 182.9 194.4 203.6 209.1 214.3 219.4 226.5 235.8 247.3 248.4 249.6 254.4 261.8 269.3 276.1 282 286.8 290.9 292.4 295.3 298.4 301.6
180.7 184 181.5 176.2 172.8 167.5 162.8 159.7 157.6 155.4 153.6 150.8 144.5 143.5 141 140.4 142.7 143.3 143.4 143.7 144.2 147.3 150.3 151.1 159.6 158.9 155.8 155.7 154.1 160.9 166.1 165.1 167.8 174.2 178.3 178.1 176.6 174.1 169 164.5 160.6 157 155.3 153.6 152.3 150.2 144 143.1 142.9 143.5 145.9 149.2 155.3 160.2 164.6 169.4 178 190.4 200.6 206.3 210.6 212.7 218 229 240.8 243.5 245.1 247.5 254.9 262.5 269.4 276.8 282 285.5 287.8 291 294.5 301.3
175.9 178.9 174.6 172 171 166.9 163.2 159.9 157.6 154.9 152.1 149.7 143.7 142.5 143.1 143.1 143.4 142.9 143.2 143.9 144.9 145.2 146.2 148.5 151.7 152.3 149.4 149.5 151.5 155.4 158.7 161.2 167.4 174.4 178.1 177 176.3 174 169.6 165.3 161.2 156.6 154.3 151.8 150.5 145.8 152.1 143.5 143.6 143.7 145.5 149.3 153 157.2 160.7 165.1 170.9 183.9 196.2 201.2 204.8 207.1 208.8 216.7 228 236.6 239.6 241.2 248.6 256.7 263.4 270.5 275.8 278.6 283 287.2 293.5 301.5
170.1 169.1 164.9 163.9 163.6 160.8 157.4 157.2 156.2 153.8 150.4 147.7 143.8 143.2 143.8 143.2 143.3 143.5 143 144.6 145.3 145.7 145.9 146.4 146.9 147.4 147.4 147.9 148.5 152.4 159.3 162.4 164.2 171 172.5 174.6 176.6 174.4 170.9 166.9 162.6 158.6 154.4 151.4 149.6 151.9 156.1 146 143.6 143.8 145.1 147.6 150.9 154.1 157.2 160.8 165.4 174.5 185.6 193.2 198.7 200.4 201.4 207.7 218.2 227 231.2 234.6 242.7 250.8 258.3 264.1 269.6 273.7 279.5 285 293.4 302.6
161.8 161.6 156.4 153.7 153.4 150.2 148.6 152.4 152.4 147.7 144.7 143.7 143.8 143.8 143.6 143.5 143.4 144 145.5 146.2 146.1 146.3 146.4 146.6 147.1 147.4 147.6 148.6 149 149.3 151.7 157.8 163.6 166.3 168.1 173.8 177 174.8 171.9 167.9 164 159.1 154.8 153.5 151.5 153.8 157.5 156.4 144.5 144.3 145 146.6 148.9 151.6 153.3 156 161.7 167 177 184.9 191.2 194.6 197.3 200.8 211.1 219.9 225.3 229.3 236.3 243.9 251.9 257.9 264.5 269.9 277.5 285.4 294.3 303.4
155.1 153.3 149.7 146.3 144.5 143.5 143.6 145.2 144.6 144.5 143.9 144.2 144 141.2 143.3 144.2 144.5 145.8 146.6 147.1 147.1 147.1 147.1 147.7 150.6 150.8 150.6 153.7 150.3 149.6 149.2 153.9 159.4 160.3 166.2 173.4 177.7 175.2 172.1 168.8 164.9 159.4 157 155 154.1 153.4 154.4 155 146.7 145 145 146.1 147.2 149.1 150.7 154.7 159.8 163.4 171.6 178.8 183.7 187.6 194.1 198.8 205.5 216.7 219.9 223.2 228.4 237.2 246.3 252.2 257.8 265.6 276.7 286.5 295.7 304.2
150.1 146.4 145.8 145.6 145.2 144.8 144.3 144.6 144.3 144.8 144.7 144.4 144.4 141.2 143.5 145.2 146 148.6 150.7 150.6 148.4 148.2 148.1 148.5 156 158.4 156.8 160.6 156.3 150.4 150.1 150.4 153.5 159.2 165.8 172.6 177.7 175.9 172.9 169.8 166.3 163.2 161 158.6 155.8 153.3 151.4 149.4 148.8 145.6 145.6 145.8 146.7 147.7 150.2 152.4 157.4 161 164.8 174.7 176.4 183.1 192.4 196.3 199.4 206.9 213.2 217.9 223.5 230.4 240.7 248 254.1 263.6 276.6 287.8 296.9 303.8
