Game/Highland_Data/StreamingAssets/GeoData/Data/sx/SX79.asc
ncols 200
nrows 200
xllcorner 270000
yllcorner 90000
cellsize 50
[rows 35 to 69 of 200, columns 0 to 77 of 200]
153.3 152.6 150.9 149 147.9 148.3 147.7 147.7 148.5 148.9 148.1 147.2 155 160.7 165.9 171.2 174.5 175 174.8 173.7 172.3 171.3 170.2 170.8 171.5 173.9 176.6 177.7 179.6 181.1 181.9 182.1 181.5 180.8 181.3 184.5 187.4 187.7 186.3 185 184 183.2 183.2 177.1 181.7 183.5 184.1 183.9 183.9 184.4 184.3 183.1 180.8 176.2 171.2 166.8 160.4 166 167.7 168.4 167.3 163.9 157.1 148.8 151.2 151.9 158.4 160.8 160.1 159 164 169.6 173.4 175.4 175.1 174.1 174.2 174.8
155.1 154.8 153.3 151.5 149.5 150.1 149.9 150.1 150.1 150.6 151.3 149.7 150 158.2 165.9 170.8 173.4 174.3 173 170.5 168.4 167.1 165.2 165.3 166.1 168.2 169.9 173.8 177.1 178.7 180.1 181.7 183 184.8 185.6 186.3 188 187.5 187 186.5 186.7 186.9 186.7 186.3 187 187 186.9 187 187.4 187.2 187.1 185.9 183.3 179.1 173.9 167.8 169.9 171.2 171.4 170.9 168.2 162.7 153.9 156.4 157.8 158.5 163.6 168 169.4 166.3 168.3 173.6 176.9 178 178.1 177.3 176.7 175.6
157.8 157.1 155.2 153.6 152.2 152.1 151.5 152.1 152.3 152.7 153.3 153.1 150.4 155.1 163.2 169.5 172.5 172.8 171.1 168.9 166.9 164 162.6 159.8 160.1 163.6 165.2 170.3 173.3 175.4 177.2 179.4 182 183.9 184.5 185.2 185.9 185.9 185.7 186.1 187 187.9 188.2 188.2 189.5 189 188.6 188.4 184.9 187.5 187.3 186.6 184.7 181.2 177.5 174 174.4 174.6 173.7 171.4 167.2 158.7 157.9 161.6 163.7 165.4 170.2 173.4 174.5 173.5 174.3 177.9 178.8 177.8 176.3 174.9 174.4 173
162 159.5 157.4 155.8 154.4 154.2 155 156.2 156.3 154.7 155.2 156.6 156.7 153.5 159.1 167 171.1 172.1 171.9 170.9 169.7 168 166.2 163.5 158.7 157.5 160 165.1 168.5 169.3 171.5 176.3 178.9 180.2 180.4 180.1 181.3 182 179.6 181.7 185.9 187.3 187.2 187.4 189.1 189.7 189.4 186.9 184.7 186.7 185.7 185 183.9 181.7 179.3 177.8 176.6 175.9 173.9 168.5 163.1 163 164.1 166.9 170 172.7 175.3 177.3 178.5 178.7 177.7 177.8 175.1 174.2 172.3 170.3 168.8 167.4
164.8 162 160.5 158.5 156.5 157.7 160.7 161.9 161 159.3 156.8 160.5 162.4 160.3 158.2 164.7 169 172.6 172.9 172.4 171.8 171 169.1 166.3 162.2 154.8 155.7 161.3 162.9 162.6 166.4 172.4 175.6 176.4 173.9 172.3 173.8 176.3 173.4 175.9 182.7 184.2 182 181.7 184.1 189.6 187.1 182.3 178.6 180.8 179.7 179.5 179.2 178.7 178.1 177.3 177.9 177.5 174.9 170 170.7 171.3 171.2 172.7 173.8 175.6 177.1 178.3 177.4 176.4 175.8 174.1 171 169.4 167.2 163.2 163.1 160.1
168.4 166.1 164.4 161.9 159.3 161.1 164.8 166.9 166.1 163.5 160.3 163 166.8 166.2 162.9 166.9 170.7 173.2 174.2 173.8 173.1 172.4 170.8 167.4 163.7 158.6 150.9 152.2 155.3 157.2 163 169 173 172.3 167.2 165 167.5 169.7 165.9 173.4 177.8 177.8 176.2 175.3 176.9 178.3 177.3 174 171.2 173.6 172.9 173.5 173.6 173.5 173.9 175.6 177.2 177.5 177 176.3 175.7 176.3 176.7 176.2 175.7 175.3 175.8 174.5 173 171.5 171.1 169.8 166.7 162 159.6 153.6 154.1 151.9
173.2 171.7 168.8 165.3 164.6 165.2 168.5 171.5 171.5 169.6 166.4 166.6 171.6 172.6 169.7 169.4 174.1 175.8 174.9 173.2 171 170.4 169.6 167.6 164.7 160.5 155.5 149.9 146.2 152.7 156.7 162 166.6 167.2 160.3 157.3 160.4 161.8 162.2 170.4 174.3 173.9 171.2 169.6 171 171.4 170.1 165.2 167.6 169.4 167.5 168.7 168.3 167.4 167.1 172.2 175.3 176.9 178 178.3 178.5 178.6 178 177 174.4 170.9 169.5 168.4 167.1 164 165 164.9 162.3 157.2 150.2 146.3 146.2 144
178.8 177.1 174.6 172.1 171.4 172.3 176 177.8 179.6 177.5 174.9 172.6 177.3 179.4 179.4 177.9 177.7 177.2 173.6 168.2 164.4 164 162.9 162.9 162.1 159.9 155 149.2 148.5 145.2 150.2 155 159.6 160.4 156.2 152.1 154.1 156.6 163.9 170.6 174.1 172.3 167.7 164.9 168.1 167.2 164.1 160.5 164.9 166.1 163 165 163.5 157.8 166.7 169.7 172.2 174.7 177.3 178.4 178.5 179 177 173.6 169.5 164.7 162.3 158.8 159.3 154.9 156.2 158 157.5 153.4 146.7 140.9 136.7 137.7
184.3 183.6 182.9 180.7 181.4 183.1 185.9 187.9 189.1 187.3 185 181.3 184.2 185.8 185.1 184.4 182.1 179 173.8 165.8 159 156.3 155.6 155.3 154.3 152.7 154.4 155.7 153.8 149.2 143.6 148.3 154.3 155.6 152.2 147.6 153.8 160.1 167.6 174.1 176.8 173.1 167.6 161 161.2 161 158 155.1 159.7 160.7 157.3 160.9 158.8 155 162.9 164.3 165.2 168.5 170.8 172.7 177.1 178.9 175.6 169.9 164.7 160.6 155.8 152.6 150.8 148.5 146.8 151.5 152.4 152.4 148.9 144 138.5 133.1
192 188.8 188.7 191.5 192.7 194.8 196.7 197.4 198 196.3 193.7 190.3 190.8 191 190.2 188 185.9 181.5 176.9 170.9 165.5 160.1 156.7 157.3 159.4 161.7 162.3 161.6 158.1 153.7 148.6 143 146.9 149.7 145 149.4 157 161.2 170.4 176.3 177.7 174 168.6 161.5 155.4 152.6 152.4 149.7 153.1 153.8 152.1 154.2 154.1 148.9 153.7 154.1 156.8 160.7 165.2 172.8 179 179.5 174.8 167.9 160.8 155.4 152.2 148 144.9 144 140.6 143.9 145.6 147.5 147.1 145.2 141.9 138.5
199.4 199.5 199.9 200.5 200.8 201.7 202.9 203.6 203.6 202.6 200.8 199.5 197.2 196.2 194.7 192.2 190.2 187.8 184.4 179.1 175 169.2 167.6 168.3 168.3 168.2 166.7 164.1 159.3 153 148.4 143.3 140.1 140.5 150.1 161.1 168.1 171.1 175.5 179.1 178.5 173.6 167.4 160.8 153.6 151.2 148.8 145.6 144.1 146.4 146 147 146.3 143.5 149.8 156.9 162.7 165.8 171.5 176.3 179.3 178.2 173.9 167.3 160.5 154.8 152.4 148.9 142 139.2 135.3 134.9 136.8 137.8 139.1 139 139.1 139.1
205.2 206 206 205.6 205.2 205.1 204.3 204.8 205.6 205.6 204.7 203.7 201.6 199.9 197.8 195.5 193.9 191.6 188.5 183.4 179.1 175.7 175.3 174.4 173.4 171.6 168.4 162.4 159.7 157 153.7 151.5 147.4 139.5 143.2 156.1 167.5 175.4 180.5 182.1 179.4 174.3 166.7 163.2 160.8 159 155.9 150.4 144.6 141.7 141.1 141.4 139.8 150.7 157.5 163.1 167.4 172.1 175.9 178.5 178.1 176 173.1 168.8 164.9 160.8 157.7 152.7 148.6 144.7 139.9 133.2 130.8 128.9 130.2 130.4 132.7 134.1
205 208.2 207.5 206.2 204.2 202.8 201.8 201.9 202.5 204.6 205 204.8 203.2 201 198.8 197.6 195.5 195 193.3 189.2 185 181.4 179.3 178.1 176.2 173.4 169.2 166.3 165.4 162.4 158.6 155.1 150.3 143.3 135 147.3 160.3 171.9 179.3 183.4 180.5 175.5 170.4 168.8 167.9 166.3 162.8 156.8 150.2 145.1 137.7 134.6 143.6 151.3 157.2 164.4 170.8 175.5 176 175.8 173.5 170.9 170.9 169.7 166.6 163.1 159.8 156.1 152 146.4 140.8 136.6 135.3 132.6 129.2 126.4 123.8 125.8
202.9 207 207.3 205 200.3 197.5 196 195.7 197.4 199.6 201.2 201.7 200.7 199.3 197.1 196.6 196.7 195.8 194.6 192 188.8 185 181.7 179.4 177.5 175.3 172.5 170.1 168.2 165.1 161.4 156.9 153.6 146.6 135.8 140.4 153.9 164.7 174.4 181.2 181.9 178.6 176.5 174.9 173.5 170.3 165.7 159.6 153.3 147.4 142 134.9 136.9 146.6 155.5 161.8 169.8 175.3 172.2 167.9 164.8 162.5 163.9 164.8 163.4 162.7 160.9 157.9 152.6 147.8 145 142.5 140 138 135.5 133.7 129 124.7
202.4 206.1 205.3 202.8 197.5 192.2 188.8 187.5 188.5 191.7 194.8 196 195.8 194.8 192.7 191.5 193.2 193.4 193 190.7 187.5 184.3 180.9 178.1 176.3 175 173.4 171.5 169.4 166.2 162.3 157.7 155.4 151.4 139.9 133 147.8 158.1 168.2 177.5 182.1 180.1 177.6 174.2 171.2 168.8 165.4 159.7 154.5 149.1 143.2 135.4 132.1 140.9 146.5 155 163.9 171.4 170.4 164.3 157.3 153.9 159 159.7 156.8 158.8 161 159 154.1 152.6 151.1 148.3 145.4 143.3 140.2 136.6 132.7 131.8
203.1 205.7 203.6 200.1 195.6 188.4 183.1 179.5 178.5 181.8 186.1 188.3 189.3 188.9 187.1 184.4 186.5 188.7 188.8 186.6 183.7 180.5 177 173.3 172.1 171.1 171.8 171.7 169.8 167.4 164.2 160.4 157 153 142.9 129.4 138 151.5 163.3 174.3 180.7 180 173.6 168 164.2 162.8 160.4 156.5 152.6 147.7 140.4 133 130.2 139.4 146.8 153.4 163.2 171.5 170 162.6 154.8 146.8 153.2 154.7 149.7 153.3 157.9 160.4 157.5 155.2 150.4 148.6 145 143.6 139.8 137.4 137.4 137
204.4 206.2 205.2 202 197.1 190.3 183 180.3 177.7 169.8 174.6 177.8 179.3 179.9 178.9 172.9 177.5 180 181.9 181.5 178.8 175.3 171.5 167.2 165.1 165.4 167.3 169.1 168.8 167.6 165.7 163.2 159.4 154.1 144.8 133.5 129.7 146 158.4 169.5 177.8 179.9 174.8 167.4 160.6 155.5 152.5 150.3 146.7 143.9 138.3 131.8 128.1 138.3 150.5 158.8 165.8 169.4 168 163.1 154.2 143.2 143.3 145.6 141.1 146.8 153.2 156.6 151 147.4 142.4 138.7 134.7 132.8 131.2 132.5 134.9 137.7
206.1 207 207.1 205.5 202.3 196.3 188.6 185 182.4 177.9 170.7 164 166.8 167.5 166.5 163.6 166 167.8 170.2 173.7 173.8 170.3 167 162.5 159.5 158.3 160.6 164.5 164.6 162.8 161.9 160.3 157.2 154.1 145.3 135.4 124.1 140.5 153.1 163.9 172.3 176.9 175.9 171.9 164.6 157.8 153 147 141.4 137.6 135.1 130.3 126.4 136.6 151.8 161.3 164.5 163.8 160 157.8 153.3 142 131.8 134.9 129.7 139.9 147.2 145.1 136.1 132.4 128.1 123.4 120.7 118.2 115.8 116.8 121.3 127.4
208.1 208.2 208.3 206.8 204 199.5 193.8 188.7 184.6 179.9 175.8 170.7 162.2 154.5 152.2 152.6 152.2 154.2 156.6 160.8 166.8 168.1 165.4 160.4 156.5 151.7 154.8 157.7 157 155.8 153.9 150 146.8 144.8 139.1 134.6 127.9 132.8 144.3 153.5 162.5 168.5 171.4 171 169 163.1 157.2 151.1 145.6 141 136.3 130.9 124.5 133.5 151.6 156.2 156.3 153.4 147.7 145.3 143.7 140.2 131.7 125.8 121.1 130.9 130.6 126.3 120.9 118.3 115.1 110 107.3 106.5 106.2 105.3 105.6 112.3
208.5 208.9 208.2 206.2 204 200.3 195.8 191.4 185.5 180.1 176 171 163.5 159 162 162.3 160.8 158.2 153.3 148.3 152.4 166.8 165.7 164.1 160 151.9 145.6 150.3 148.6 144.4 140.5 136 132.4 128.7 127.2 124.3 122.6 123.3 134.1 143 150.2 156.8 160.6 163.1 163.9 162.8 159.4 154.6 147.8 143.2 137 130 122.6 129.7 145.6 145.9 144.4 140.8 136.4 133.8 132.7 131.2 127.7 124 116.9 117.9 116.3 112.5 109.6 108.8 108.1 107.1 106.6 105.7 104.9 104.6 105.3 105.3
207.1 208 206.8 203.7 200.2 197.3 193.4 189.1 183.3 175.1 168.3 162.5 158 167.4 169.6 169.1 168 166.6 163.4 159.1 149.5 157.2 162.8 160.9 158.4 156.2 144.4 139.7 139.4 136.1 134.7 132.5 133.5 132.5 130.2 129.3 128.4 125 122.2 130.7 135.1 141.1 144.4 148.9 153.7 155.6 154.1 150.4 145 140.5 135.1 128.6 121 125.4 134.7 133.3 131.4 128.7 125.9 122.4 120.4 117.8 114.9 113.7 112.7 111.2 109.9 108.9 108 107.9 107.6 107.1 107.2 106.8 106.7 106 105 104.3
207.1 207.5 205.9 202.7 196.4 191.1 185.3 180.9 175.5 170.6 171.3 170.6 164.8 173 175 174.1 172.8 170.9 167.3 162.3 153.5 146.3 147.8 149.3 149.8 147.7 142 136.7 136.4 138 143.1 145.3 145.8 144.4 141.7 139.1 136.7 130.5 125.4 124 121.8 125.1 128.5 132 137.6 142.4 145.3 142.5 137.9 134.1 131.1 127.2 120.1 119.9 126.6 124 118.5 115.1 113.7 113.4 112.8 112 110.9 110.2 110.4 110.1 109.2 108.6 108.3 108.3 108.4 108.7 109.4 109.5 109.2 108.2 107.2 106.8
206.8 207.6 206.5 203.5 198.2 193.4 187.3 180.2 174.9 179.5 180.5 176.7 174.8 180.7 180.8 179 175.8 172.7 167 156.8 152.5 150.6 148.4 146.5 145.4 144 142.7 143.6 148.3 153.4 154.4 154.6 154.7 152.7 149.9 146.8 142 137.8 135.3 131.4 128.1 124.9 123.7 122.4 121.9 127.6 130.9 131.7 128.8 125.3 123.1 118.3 116.5 116.5 115.7 114.7 113 113.6 113.2 113 112.3 111.7 111.4 110.8 110.8 110 110.9 110.7 110.5 110.8 110.3 108.4 112.6 113.4 112.7 111.3 109.9 109.3
207.4 208.1 207.2 203.1 197.9 188.8 181.4 179.8 183.2 185.3 185.3 180.6 181.5 184.4 183.4 179.4 174.1 167.8 159.1 162.1 166 162.1 159.4 157.7 156.6 154.5 153.7 154.6 163.9 162.9 161.3 160.8 159.8 157.4 154.1 149.6 147.3 145 143.3 140 136.2 133.3 129.8 127 123.1 121.4 121.5 120 119 118.3 117.2 116.4 115.9 115.4 114.6 114.4 114.9 115.3 115 115.4 116.4 116.7 116.3 116 115.6 115.4 114.2 114.3 114.7 114.9 110.9 109.2 113.4 118.4 119.4 116.9 113.3 110.8
210.6 209.7 208.5 203.4 194.7 188.6 187.2 186.2 189.2 191 189.8 182.3 186.4 187.5 184.4 175.7 173 169.6 165.2 169.2 174.3 174.7 173.6 174.2 173.1 171.5 171.3 170.9 168.4 166 164.2 162.5 160.5 157.2 152 148.6 147.7 147.4 148.1 144.4 139.5 135.2 131.3 126.9 122.3 120.9 120.1 119.6 119.3 119 119.9 121.4 121 120.7 121.3 119.5 119.8 119 117.9 120.7 121.1 121.5 121.6 121 120.8 121.1 121.8 120.8 119.1 113.6 111.5 113.1 114.5 121.9 124.7 122.7 116.9 114.5
212.7 212.8 210.8 206.4 196.8 196.9 194.7 192.3 196 196.2 194.5 188.2 193.5 193.1 188.3 182.2 180.3 178.8 171.9 175.1 183.2 184 184.5 184 183.9 182.9 181.1 177.4 173 167.1 162.1 159.4 157.6 155.3 150.2 145.6 143.3 143.3 144.2 140.8 135.7 130.9 125.8 122.4 121.1 120.4 121.4 126.3 129.8 132 130.1 128.7 129.3 128.6 128 128.8 125.8 120.4 122.3 127.5 128.2 127.8 128.6 129.6 130.2 130 128.5 125.8 117.5 112.4 112.2 119.8 124.3 124.5 129.1 130.1 127 120.9
216.9 214.8 212.6 208.6 203.2 204.3 201.7 199.5 201.2 201.3 200.1 194.9 199.9 199.3 197.2 194.7 191.5 186.4 181.4 182.5 189.6 190.8 191.4 191.3 190.5 188.7 185.7 180.8 175.2 167.7 161 157 154.8 150.7 145.7 142.9 139.8 138.5 137.2 134 130 126.1 122.6 121.9 122.3 129.8 136.4 140.1 142.6 143.6 141.1 137.7 140.6 139.7 136.6 133.2 128.1 121.6 130 134.4 134.5 136 138.6 138.7 138.2 137.2 133.9 123.3 113.8 113.5 121.6 128.7 128.7 128.8 135.4 137.2 133.7 126.3
219.4 217 215 210.9 210.2 209 207.3 207.6 207.3 205.8 204.5 200.8 204.8 205.2 204.2 202.5 199.7 194.9 191.5 190.3 194.9 196.8 197.3 197.2 195.8 193.6 189.3 183.7 177.2 170.3 163.8 159.2 156.6 154.8 150.3 148.7 144.1 139.3 133 128.8 125.6 123.8 122.5 124.9 133.2 141.5 148.1 151.8 153 152.5 151.3 149.9 149.8 147.3 144.4 136.7 126.3 130 137.1 142.6 143.9 144.6 145 145.1 144 141.2 133 118.8 114.7 122.3 130.6 136.1 133.4 134.1 141.8 142.4 138.5 130.3
222.2 219.7 218.5 215.7 214.6 214.6 213.6 213.9 213.3 211.1 208.1 207.3 209 209.4 209.1 207.6 205.4 201.9 200 198.6 200.6 202 202.4 202.3 200.4 197.4 193.6 188.6 184.6 178.3 172.1 167.6 163.3 160.1 155.6 151.3 146.7 139.3 130.2 125.1 125.1 123.7 127.5 133.2 137.9 148.2 157.1 161.5 162.1 161.9 160.5 158.9 156.6 153.6 148.4 137.5 128.2 133.8 142.3 148.2 151.2 151.2 150.9 150.5 147.2 141.4 130.4 118.5 119.4 132.3 141.9 143.3 137.7 138.4 146.4 147.1 142.3 132.8
223.8 223.1 222.9 222.3 221.8 221.5 221.3 220.4 219.3 218.3 215.6 213.6 213.6 213.6 213.4 212.3 210.7 207.7 205.5 204.4 204 204.2 204.4 203.5 202.3 199.8 196.3 192.7 188.4 184.3 180 175.4 171 165.4 159.8 154.5 145.1 134 127 125.4 129.1 138.3 143.2 145 149.3 152.6 159.7 166.6 168 167.5 166.1 164.2 161.1 155.7 147.1 135.7 134.9 138.4 145.5 153.7 156.4 157 155.8 153.6 148.6 141.9 126.4 118.3 127.8 140.9 147.7 146.1 140.2 146.5 151.2 151.5 148 138.8
224.3 224.5 225.3 225.5 225.5 225.5 225.1 224.4 223.5 221.8 219.9 218.2 217.4 217 216.9 215.9 214.3 212.8 210.1 207.9 206.1 204.1 203.9 202.8 202.3 200.4 198.3 195.5 192.5 188.8 185.5 181.7 176.5 169.4 162.4 151.3 139.3 128.1 126.8 130.2 141.1 152.6 156.8 158.7 162.9 165.8 168.4 171 171.9 170.3 168 164.4 159.8 153 140.9 136.8 141.4 146.5 151.3 158 161.4 162.1 158.9 154.7 147.3 138.4 122.7 121.8 133.9 145.5 150.5 145.9 150.1 154.9 158.4 159.3 154.6 146
224.6 225.2 225.2 226 226.3 226.7 226.7 226.3 225.5 224.1 222.9 221.3 219.8 219.2 218.8 217.4 215.5 214.1 211.8 208.2 205.8 202.6 199.6 198.3 198.1 197.3 196.3 195.2 193.4 191.1 187.9 183 176.2 168.5 158.3 143.3 131.9 128.4 128.1 141.1 153.9 162.7 166.8 168.7 171 173 174.9 174.3 170.7 166.6 162.6 157.5 151.4 142.2 142.1 145.7 151.5 157.7 161.1 164.2 166.7 164.5 158.8 151.3 143.2 130.2 119.6 126 139.1 151.1 156.6 150.1 155.5 162.4 162.7 164.6 161 154.7
223.3 224.8 225.9 226.8 226.7 227 227.5 227.1 226.4 225.4 224.2 222.7 221.4 219.7 219 217.8 216.3 214.2 211.1 206 200.6 195.6 192.1 190.8 190.6 189.5 189.3 189.4 188.6 187.7 185.7 181.1 173.8 164.6 150.9 136.8 130.7 125 134.5 146.7 158.7 168.2 173.8 175 176.7 177.2 175.2 170.8 164.9 156.9 150.9 146.9 146 149.3 152.2 157.5 161.4 165 168 169.7 166.8 160.9 152.6 146.3 136.1 126.3 120.3 131 144 155.9 161.9 158.9 157.9 164.6 169.9 170.2 167.6 162.8
220.4 223.4 225.1 226.3 227.1 227.4 227.7 227.1 226.4 225.6 224.4 222.1 220.6 219 217.4 216.7 215.7 213.8 210.4 205.1 200.9 191.6 182.2 177.7 176.9 174.6 175.4 178.3 179.4 179.4 179 176.3 169.7 160.1 144.3 135.7 130.4 131.8 140.6 144.8 157.8 168.8 175 177.3 177.2 174.4 170.6 165.8 157.8 155.8 155.2 155.2 152.3 159.4 163.8 165.9 169.1 171.6 172.9 170.6 164.3 156.7 148.1 135 129.3 125 121.9 135.5 148.9 160.8 168.3 165.9 160.6 167.5 173.8 175.5 173.9 170.3
219.4 222 224 225.3 226.3 226.8 226.7 226.2 225.3 223.9 222.3 219.9 217.2 215.4 214.7 214.6 214.1 212.9 211.5 208.2 205 200.7 192.5 185.6 180.1 172.7 161.7 164.1 167.4 168.7 170.1 169.9 165.7 155.9 141.9 131.8 125.7 139.4 154.5 155.7 157.1 166.6 173.9 176.3 174 169.6 164.9 160.5 163.5 164.6 164.1 161.6 162.6 164.5 171.1 174.2 176.5 175.5 172.9 167 160.2 150.8 142.5 142.6 139.4 126.7 124.4 139.4 154 167.2 173.8 171.9 166.6 170.9 176.8 179.3 179.1 177.5
