Game/Highland_Data/StreamingAssets/GeoData/Data/sx/SX84.asc
ncols 200
nrows 200
xllcorner 280000
yllcorner 40000
cellsize 50
[rows 0 to 37 of 200, columns 86 to 171 of 200]
125.6 125 123.5 120.9 114 108.4 99.2 91.7 86.5 84 85.3 83.4 87.7 86.5 75.7 60.5 55.6 58.8 69.6 87 103.6 112.5 113 109.8 112 117.4 119.8 121.4 124.3 123.8 120.1 112.3 97.8 81.3 78.7 88.9 101.8 107.7 107.4 101.4 86.4 81.2 94.3 106.6 115.7 122.9 131.1 138.4 144.8 148.9 152 153.4 152.7 148.9 145.7 142.6 138.1 134.2 129.9 122.2 117.7 115.9 111.9 108.9 108.1 105.3 101.5 92 82 71.2 59.5 46.8 50.8 57.9 68.5 71.8 80.8 93.2 105 114.3 117.2 112.5 99.2 73.9 53.4 32.6
119.4 118 116.9 114.1 106.2 99.7 98.7 99.1 100.6 99.5 100 100.9 100.5 100.8 93 78 67.3 53.4 55.6 74 94 106.7 107.4 100.4 106.8 110.6 112.8 117.3 122.1 122.3 119.5 114.3 103.8 88.3 73 80.4 93.9 99.2 100.1 93 80.1 87.9 101 105.4 110.8 117.5 124 134.6 142.3 145.7 148.9 152.1 152.5 149.8 147.6 144.3 136.8 126.8 122.8 115 106.4 103.5 102.4 100.1 98.5 98.2 92.5 80.6 68.7 59.1 53.9 58.4 65.5 70.9 79.2 82.9 86.2 94.2 105.9 116.7 119.2 114.4 103.4 86.3 68.3 50.8
120.9 118.1 115.9 112.7 110.3 109.5 110.3 112.4 113.7 114.3 115.2 116.2 114.2 112.9 106.4 97.9 85.2 68.4 50.3 63.8 83.8 98.3 98.2 90 96.7 100.3 106.9 115.6 121.6 120.9 116.8 110.5 101.7 88.2 71.7 73.1 84 86 85.3 81.6 78.1 87.4 94.4 99.6 105.4 112.9 124.7 136.3 141.5 145.3 150.4 151.4 152.3 150.6 148.3 144.8 139.5 130.5 120.2 112.8 110.1 97.1 89.7 86.7 86.3 86 77.2 67.3 61.2 62.5 69.5 77.1 84.3 91.5 97.5 98.7 98.2 101.2 110.8 120.9 122.6 116.6 107.4 98.4 85.3 67.6
125.7 123.6 121.5 120.4 120.4 121.1 123.2 126.6 129.2 130.8 131.9 130.9 130.7 125.9 119.5 110.6 93 74.4 53.5 53.9 72.7 80.6 80.3 79.5 85.6 96.9 107.6 117.9 120.4 117.2 112 103.2 90.6 75.5 68 67.6 70.8 71.4 71.9 76.1 81.3 88 93.1 100.5 108.5 121.7 133.1 140.2 144.7 148 151.9 152.6 152 149.7 146.4 142.2 137.2 131.2 124.4 115.9 110.3 103.6 93.7 84.8 75.8 73.2 70.4 73.1 75.9 78.7 86 94.6 103.4 111.1 116.5 117.9 117.5 119.6 121.8 121.8 126.2 123.4 116.5 109.4 95.9 75.7
131.1 131.1 130.3 129.9 131.9 133.8 137.4 141.5 143.5 144.9 144.1 141.2 138.1 134 126.3 116.1 101.5 82.1 59.6 47.7 62.7 63.2 69.6 81.6 94 104.4 114.2 118.9 118 112.4 105.7 94.3 77.7 70 63.9 65.9 70.1 74.1 79.2 83.9 90.7 94.4 99.2 107.2 117.1 128.4 137.5 142.7 146.1 149.3 152 151.7 150.3 146.4 141.2 137.5 133.4 128 120.1 111.1 103.8 96.9 91.2 82.4 78.6 81.2 83.3 85.4 89.4 93.2 99.9 109.4 119.4 128 131.8 130.4 126.9 127.3 125.7 124.4 123.5 122.5 118.4 109 92.9 67.2
140.2 141.3 141.4 144 146.3 147.8 149.2 149.4 148.9 147.6 145.2 140.4 137.7 132.8 126 117.4 106.4 87.8 67.1 49.8 48.8 62.3 76.2 89 101.3 112.3 117.7 117.7 113.5 107.4 97.1 83 68 64.9 64.4 72.8 83.2 90.4 95.8 102.7 107.9 110.9 114.2 118.5 125.2 132.6 138.7 142.7 146.6 148.8 149.9 149.7 147.5 142.1 136.2 131.2 127.3 120.8 110.8 101.8 96.4 91.8 90.1 87 89.2 93 95.9 98.6 103 107.9 113.6 120.1 128.2 135.2 136.9 134.3 131.5 128.7 124.3 120.5 117.5 115.7 113.3 106.8 89.3 66.9
148.1 149.7 151.4 153.2 153.3 152.2 150.8 148.8 146.6 145 142.7 139.1 135 129.9 123 115 106.5 93.8 72.5 54.5 43.7 54.7 72.4 90 105.8 113.3 115.4 114.1 109.9 101.7 86.9 70.1 62.8 62.5 73.1 82.2 91.5 100.2 106.9 114 118.7 122.2 124.8 126.9 129.2 132.9 137.9 141.3 145 147.5 147.6 146.9 144.1 139.7 134.4 128.5 120.5 112.9 105.3 100.5 101.2 100.4 98.7 95.6 96.8 102 106.1 109.7 115.6 122.5 125.9 130.3 134.7 139 138.9 136.8 132.9 127.1 120.3 114 108.5 103.7 104.4 101.2 88.3 67.9
150.2 151 152.2 152.8 152 150 147.7 144.7 142.7 139.7 136.8 134.5 130.8 125.3 117.4 108.5 101.4 93.8 79.4 61 46 48.8 70.9 90.3 105.6 111.1 111.5 109 104.6 94.6 79.9 62.5 60.7 68.5 77 85.6 94.8 106.1 115.8 120.7 124.3 127.2 130 131.3 132.6 134 136.6 140 143.2 144.4 144.3 143.3 140.7 136.7 131.8 126.9 118.9 114.5 109.2 106.7 107.4 107.4 106.4 104.6 104.8 110.3 114.4 120.1 126.3 129.9 132 135.1 138.1 140 139.3 136.4 131.9 125.3 118.2 108.6 97.8 83.8 88 90.7 84.6 70.4
146.6 147.3 148.4 149 147.8 146.4 143.4 140.4 136.4 132.2 129.3 128.3 126.3 120.5 112.7 103.7 93 89.8 79.5 60.6 44 52.4 74.4 94 104.3 106.7 104.8 101.6 96.9 89.4 78.2 58.8 61.6 73.3 81.4 89.5 100.4 110.4 118.7 123.9 128.1 130.4 131.2 132.3 131.8 133.1 134.9 137.9 140.4 140.9 140.9 139.5 137.5 134.6 130.6 125.3 123 118.4 113.9 114.5 115 114.8 113.3 112.4 113 116.6 122.3 127.9 130.7 133.6 136.2 137.5 139.2 138.8 137.9 134.5 130 123.6 116.8 109.3 96.8 74.8 69.1 74.6 76.3 65.9
141.9 142.5 144 144.7 143.4 141.8 138 133.5 128.3 121 119.1 123.5 122 116.3 110.6 101.7 88.1 75.1 72.1 54.5 40.5 58.9 78.4 93.9 100.6 100.9 98.2 93.9 87.6 80.2 67.4 55.4 64.9 77.2 85 94.4 103.7 113.3 121.1 126.3 129.9 131.2 131.3 132.5 130.9 131.3 132.3 134.2 136.5 136.8 136.5 135.7 134.4 133.4 131.2 128.9 125.9 123.1 121.2 120.6 121.7 121.9 120.6 120.8 120.7 124.4 127.9 130.4 132.5 134.3 136.7 138.5 138.3 137.9 135.6 131.7 126.5 120.5 113.8 106.8 94.6 71.7 54.3 52.4 57.9 56.9
135.3 138 139.6 140.1 139.5 137.1 131.6 125.6 118.5 109.5 113 119.1 119.2 115.4 109.2 100.4 86.3 74.4 56.6 43.2 44.6 63.1 78.8 91.7 95.3 94.5 89.2 77.4 69.8 63.6 54.2 55 65 79 89.3 99.2 108 115.8 123.2 128.1 130.4 131.2 130.3 128.7 128.1 128.1 128.7 129.5 131.8 132.7 133.3 133 132.5 132 131.1 130.4 128.7 128.1 127.1 128.2 129.4 129.4 128.1 126.8 126.6 126.7 128.5 130.6 132.4 134.1 136.2 137.8 137.2 135.2 132 127.7 122.9 117 110.2 102.3 92.3 69.8 42 38.2 38.2 32.9
127.9 133.1 135.1 134.8 134.5 132.5 127.9 118.8 108.3 102 109.1 115.1 117.1 114.3 107.8 95.9 79.8 63.3 47.1 40.8 50 65.7 80.4 89.2 90.5 87 71.9 60.5 51.4 51.5 55.8 61.7 64.1 73.8 88.3 101.9 110.9 118.5 124.7 128.9 130.7 130.5 128.9 127.1 125.5 125.2 125.5 125.7 127.1 129.3 130 131 131.1 130.6 130.8 132.9 132.8 133.5 134.2 134.9 134.6 133.1 130.9 129.3 127.6 127.3 127.9 129.7 131.6 133.6 135.4 135.5 133.8 131.4 128 123.2 118.3 112.8 105.6 96.4 86.4 62.7 16.3 23.7 21.5 15.1
121.4 127.5 129.6 130.3 130.7 128.2 124.2 116.8 104.2 95.2 103.7 111.7 114.7 111.8 106 89.5 69.1 50.6 38.7 42.6 59.5 74.5 86.7 87.9 85 75.7 57.3 47.5 54.1 60.2 67.1 73.9 76.5 72.4 79.9 97.3 110.3 116.8 123.1 127.7 130 130.5 128.9 126.2 122.9 122 122.2 121.7 122.9 125.6 126.6 127.1 127.1 128.8 131.7 135 135.6 135.5 134.8 134.6 133.8 132.3 130.7 129 127.3 126.6 125.6 127.6 129.1 130.4 131.9 131.3 129.1 126.4 122.9 118.5 112.6 106.3 98.5 89.9 78.4 62.2 26.1 -1.4 -1.4 -1.4
115.2 121.6 125.1 125.8 126 124.1 120.6 115.1 105.5 90.1 94.9 107.1 110.3 108.5 101.5 85.2 61.7 42.1 37.2 52.3 69.6 84.1 84.5 80.7 74.4 64.8 45.9 52.6 64 72.9 79.9 85.7 89.8 89.1 83 88.9 99.1 110.7 121.2 126.3 129.6 130.1 128.8 125.6 122.4 119.1 117.2 117.6 118.3 121.2 122.8 123.9 124.3 127.7 130.6 133.2 133.7 132.6 132.3 132.6 131.3 129.8 128.5 127.7 126.7 124.2 122.4 124.2 126.1 127.3 127.2 126.3 124.1 121 117.4 113.2 107.6 101.9 94 85.5 73.2 56.6 35.7 -1.4 -1.4 -1.4
110.3 115.3 120.1 121.4 120.5 119.6 116.7 112.4 105.3 87.9 87 100.3 104.9 102.7 97 81.9 55.3 36.2 42.1 61.4 74.7 76.2 69.3 62.8 57.6 50.2 45.8 57.6 70.4 82 89.6 95.6 100.5 103.9 102 99.1 98.9 107.4 120.4 125 129 129.7 128.6 126.4 122.4 117.8 112.2 112.9 113.8 116.6 118.7 120.1 122.5 125.5 128.5 130.5 130 128.9 128.5 127.9 126.8 125.9 126 125.4 123.9 123.2 123.3 121.3 122.3 122.9 122.1 120.7 118.3 115.5 111.9 107.4 102.4 96.8 90.2 81.5 72.3 59.3 13.2 -1.4 -1.4 -1.4
108.4 106.8 114 114.3 114.1 113.2 111.4 107.6 101.5 84.1 80.2 92.6 98.1 94.6 87.6 77.2 52.9 34 50.5 60 62 58.3 48.5 42.9 42.6 43 49 62.9 75.5 87.7 96.8 103.1 110.9 116.9 118.3 116.9 114.6 114 121 125.7 128.9 129 128 126.2 121 119.1 111.6 105.5 107.9 110.2 117.2 119.8 121.4 123.4 126.1 127 126.3 124.9 123.8 121.6 121.8 120.6 120.8 122.3 120.9 116.4 114 115.8 117.2 118.1 116.5 114 111.4 107.8 104.2 100.2 95.3 90.7 85.4 78.3 72.2 55.1 30.3 -1.4 -1.4 -1.4
110.1 98.9 105 107.2 106.5 105.2 103.6 100.5 95.6 80 73.6 86.3 88.9 85.7 74.7 64.9 48.5 31.8 40.5 41.2 45.9 40.8 38.8 42.8 48 54 61.1 68.1 82.2 94.2 103.3 111.7 119.1 124.4 127.4 127.6 126.4 125.3 126.7 127.3 128.1 127.8 126.6 124.3 121.4 118.5 113.2 102.9 99.1 110 115.9 117.2 119.6 121.8 122.9 123.6 121.4 118.3 114.5 113.4 112.8 114.6 116.8 118.3 117.9 116 111.8 111.9 114.6 112.7 110.4 107.6 103.2 99.3 96.6 93.8 90.5 86.5 82.3 74 64.5 40.1 -1.4 -1.4 -1.4 -1.4
108.2 94.2 90.7 98.3 96.6 95.4 94.7 90.8 84.1 73.5 65.5 77 79.1 73.4 63.8 53.6 38.6 31.2 32.6 34.2 36.9 42.7 48.5 54.9 60.3 66.1 75 77.6 87.8 100.8 109.7 118.6 124.7 128.7 130.6 131.4 130 128.5 127.6 127.6 127.3 124.6 124.6 122.5 120.7 118.8 116.5 110.8 96 98.2 108.5 112 114.8 117.8 119.9 119.5 116.4 111.1 105.7 104.1 105.7 110.6 114.4 116.4 116.6 114.8 110.8 110.6 108.7 107.5 104.5 101 95.2 93.9 91.1 88.4 85.6 81 74.6 68.7 52.3 11.7 -1.4 -1.4 -1.4 -1.4
100.5 84.6 87 89.9 87.1 83.9 79.1 75.5 71.2 62.7 56.6 65.6 68.1 62.2 53.4 43.5 31.6 31.5 39.5 47 52.7 56.4 60 65.5 72.2 78.8 86.7 94.4 98.8 105.2 116.2 123.3 127.5 130 131.4 131.8 130.6 128.5 126.7 125.4 124.3 122.6 123.3 121.4 119.8 118.2 116.3 113.2 105.5 89.1 94.3 104.3 109.4 113.9 116.9 116.5 114.2 107.8 100.9 98.7 105.1 110.3 113.3 114.2 114.2 111.9 107.8 106.3 105.3 102.8 98.7 95 90.2 87.2 86 82.8 76.5 69.9 55.9 43.5 24.1 -1.4 -1.4 -1.4 -1.4 -1.4
94.9 82.7 75.8 80.6 77.6 72.2 69.6 64.8 59.7 52.5 49 59.7 57.9 49.6 41.1 30.2 30.2 37.2 48.7 56.8 63.8 71.9 77 82.8 88.9 92.5 97.7 104.6 108.4 113.8 119.2 125.2 128 129.5 130.2 130.2 129.8 128.3 125.2 123.7 122.1 122 119.6 118.7 117.4 116.1 114.4 111.8 106.4 91.8 82.9 97.4 103.3 109.9 114.5 114.4 112.5 106.9 92.7 93.5 104.3 108.5 110.6 111.3 111.4 109.4 104.8 102.7 101.7 98.5 94.4 89.9 84.3 80 78.5 73.6 65.4 39.2 25.2 -1.4 -1.4 -1.4 -1.4 -1.4 -1.4 -1.4
90.6 78.3 70.7 72.3 68.3 62.3 60.7 55.4 50.1 42.6 43 57.9 49.1 37.9 29.8 28.1 38.6 51.9 62 68.9 77 84.3 90 94.5 98.8 101.5 105.4 110.2 114.7 119.6 123.4 125.8 127 127.8 128.6 127.7 126.8 126 123.9 122.2 120.5 118.8 115.9 115.3 114.6 113.9 111.6 108.9 104.6 93.5 75.8 84.7 100.6 107.4 110.4 110.1 108.8 104.4 94 89.1 99.8 104.9 107.7 107.8 107.4 105.5 101 98.3 97.2 94.2 89.7 82.4 77 69.7 68.7 66.5 37 12.2 -1.4 -1.4 -1.4 -1.4 -1.4 -1.4 -1.4 -1.4
84 74.8 67 63.5 62 56.7 54.1 54.1 54 47.9 36.4 36.4 38.9 28.6 28 41.3 56.8 67.3 73.8 81.1 87.3 91.3 96.1 100.7 104 107.8 111.6 114.9 118.9 122.6 125.2 126.6 126.6 125.8 125.7 124.3 123.4 122.7 121.8 119.1 117.1 115.2 112.3 111.8 112.4 111.3 108.8 105.9 98.8 91.2 75.1 76.4 93.7 102.9 103.9 103.6 101.5 97.4 85 87.4 95.5 100.3 103.4 103.2 102.8 100.6 97.3 93.8 92 88.2 82.7 78 78.3 77 72.7 59.9 66.5 14 -1.4 -1.4 -1.4 -1.4 -1.4 -1.4 -1.4 -1.4
77.5 72.7 68.6 66.4 64.4 64.2 66.9 69.1 65.9 58.5 48.5 38.3 29.8 22.5 39.2 52.3 61.1 70.8 78.8 86.2 90.9 95.5 100.2 104.8 109.1 112.9 116.1 119.3 122 124.4 126.5 126.3 125.2 124 122.4 120.9 119.7 118.2 117.6 116.1 113.9 111.5 109.7 108.3 110.1 108.5 106.8 104.8 101 89 70.9 68.5 89.2 96 96.8 96.2 93.9 89.9 76.7 81.3 90.4 94.8 97.7 98 98.6 97.2 95.1 92.1 87.6 84.4 83.9 82.3 78.4 74 71.1 57.8 55.3 36.5 -1.4 -1.4 -1.4 -1.4 -1.4 -1.4 -1.4 -1.4
64.8 65.4 68.9 71.1 71.7 75 75.4 73.6 70.3 64.7 57.8 50.6 41.5 22.9 37.1 51.8 62.5 72.1 80.1 89 94.7 99.8 105.1 110.1 114.1 117.3 119.1 121 123.4 124.8 125.4 124 121.9 120.2 118.4 115.8 114.5 112.6 112.3 112.1 111 108.4 106.4 105.9 108 107.8 106.6 105 102.4 94.2 69.5 61 79.7 84.2 87 87.5 86 82.5 69.7 76 84.2 89.2 90.4 92.5 93.3 94.2 94.6 91.8 88.6 87.1 85.2 81.6 77.7 73.3 68.2 55.8 41 12 -1.4 -1.4 -1.4 -1.4 -1.4 -1.4 -1.4 -1.4
44.8 48.4 57.9 69.3 73.8 78.9 78.1 75.3 71.7 68.2 64.6 58.8 51.7 28.5 25.8 46.7 63.6 73.3 81.6 91.8 98.3 103.7 108.7 112.8 115.9 118.4 119.4 120.8 121.7 122.9 122.5 120.7 118.6 115.7 112 109.6 108.3 108.7 109.4 109.9 109 106.6 104.3 104.7 107.2 107 105.5 103.9 100.1 94.1 69.9 52.8 60.9 63.3 70.5 77.3 76.6 73.1 65 71.9 78.4 83.5 85.1 87.4 92.3 95.4 95.6 91.8 89 86.7 83.1 79.7 76.4 72.3 67.9 59.5 43.1 3 -1.4 -1.4 -1.4 -1.4 -1.4 -1.4 -1.4 -1.4
43.3 40.7 42.9 60.8 71.8 74.7 74.5 71.2 68.3 64.6 62.4 60.3 55.6 36.1 20.6 42.5 63.1 75.6 84.8 92.2 98.1 104.2 109.2 112.9 115.6 116.8 117.9 117.9 118.8 118.7 118.9 117.2 115.1 111.2 108.4 106.1 104.6 104.1 105.6 108.1 108.7 106.3 104.8 100.9 104.2 104.4 102.7 100.2 96 91.5 76.8 58.9 45.7 44 50.8 65.3 62.4 57.9 59.1 67.9 72.6 76.9 82.4 88.6 92.8 94.5 94.3 90.9 88.4 85.3 81.1 77.5 73.4 70.2 66 59.2 49.2 1.6 -1.4 -1.4 -1.4 -1.4 -1.4 -1.4 -1.4 -1.4
45.4 44.5 39.8 49.4 65.9 69.4 68.6 64.2 55.9 45.7 44 49.6 54.2 38.1 18.9 37.2 63.9 76.2 83.4 88.8 95.6 102 106.1 109.2 112 113.3 113.4 114.8 114.6 114.3 114 113.5 111.2 109.1 106 102.4 100.7 100.9 105 108.1 108.8 107.4 106.8 102 97.4 100.8 98.3 96 92.6 87.5 81.9 73.9 56.5 36.9 38.6 47.6 47.1 53.5 60.8 66.9 69.7 74.3 82.6 90.4 88.4 86.1 86.1 84.2 83.2 82.6 79.1 73.1 68.5 65.7 61.7 55.7 48.8 45.5 40.6 29.8 -1.4 -1.4 -1.4 -1.4 -1.4 -1.4
52.2 51.6 44 38.5 47.5 57.5 57.6 46.1 32.8 26.5 26.5 23.6 30.5 27.6 17.4 33.2 53.9 68 76.3 81.4 88.8 96.2 101.6 104.5 106.9 109 109.2 109.8 110.2 110 110.7 110.9 109.9 107.9 105.4 101.1 97.7 99.2 105.2 107.1 107.5 106.2 105 102.7 94.8 93.5 93.1 91.7 89.2 84.7 79.5 72.7 64.9 41.7 28.6 38.2 53.5 56.3 56.1 56.1 57 55.4 77.9 82.8 78.5 66.4 69.1 70.8 69.2 70.5 66.6 64 63.5 57.8 51.8 46.7 40 35.3 30.5 -1.4 -1.4 -1.4 -1.4 -1.4 -1.4 -1.4
60.1 60.5 57.4 48.6 38 39.8 37.2 30.5 35.7 40.9 40.6 35.7 29.3 24.1 21.5 19.3 39.3 55.7 68.2 73.8 81.9 91.3 96.4 98.8 101.4 102.7 102.9 104.6 105.3 107.1 108.8 109.8 110.4 107.9 106.3 102.8 98.3 94.8 102.4 103.3 101.3 100.9 99.9 99.1 95.6 85.9 85.9 86.3 85.1 81.6 75.6 67 56.2 47.9 23.3 44.1 43.4 4.4 38.1 32.7 10.7 13.9 53 70.6 61.5 31 40.9 39.8 39.9 42.3 31.9 60.3 60 49.5 35.2 21.5 17.6 20.9 -1.4 -1.4 -1.4 -1.4 -1.4 -1.4 -1.4 -1.4
68 68.8 69.7 65.4 54.5 42 40.2 44.6 55.1 61.7 58.6 53.6 48.4 45.9 40.5 16 25.8 42.1 56.3 69.3 81.1 89.5 90 92.6 94.1 94.3 96 98.6 102.5 106 107.7 108.6 108.8 108.5 106.9 102.8 97.6 92.8 97.5 96.6 94.5 95 95.2 94.9 92.2 84 77.1 81.8 81.5 77.8 72.8 63.6 42.9 17.1 4.8 6.8 -1.4 -1.4 -1.4 -1.4 -1.4 5.9 56.1 50.7 40.9 -1.4 -1.4 -1.4 -1.4 -1.4 23.8 52.2 46 34.5 -1.4 -1.4 -1.4 -1.4 -1.4 -1.4 -1.4 -1.4 -1.4 -1.4 -1.4 -1.4
78.6 79.1 80.8 81.1 75.2 65.2 62.5 66.5 72.7 74.8 72.2 68.6 66.6 64.4 51 26.5 13.5 28.4 48.2 66 81.3 84.9 81.8 82.1 84.6 91.3 95.1 99.4 102.5 105.1 106.9 108.8 108.8 108.8 106.5 102.9 98.7 92.7 90.7 91.1 89.1 90.7 89.4 89.1 85.4 79.6 71 78.7 80.6 74.3 68.4 60.7 41.1 -1.4 -1.4 -1.4 -1.4 -1.4 -1.4 -1.4 -1.4 3.2 41.1 31.5 -1.4 -1.4 -1.4 -1.4 -1.4 -1.4 -1.4 22 20.5 -1.4 -1.4 -1.4 -1.4 -1.4 -1.4 -1.4 -1.4 -1.4 -1.4 -1.4 -1.4 -1.4
87.3 88.5 91.6 95.1 93.5 89.4 85.2 84.1 84 83.1 80.7 78.7 77.6 74.4 61.6 35.7 13.5 18.7 42 60.7 76.9 71.4 71.1 79.1 88.1 92 94.5 97.6 100.5 104.3 107.7 109.3 108.7 107.4 105.7 102.6 96.6 92.3 88.3 86.7 85.4 84.7 81.2 81.6 79.3 67.6 67 77.7 76.3 68.1 42 35.3 -1.4 -1.4 -1.4 -1.4 -1.4 -1.4 -1.4 -1.4 -1.4 -1.4 -1.4 -1.4 -1.4 -1.4 -1.4 -1.4 -1.4 -1.4 -1.4 0.4 -1.4 -1.4 -1.4 -1.4 -1.4 -1.4 -1.4 -1.4 -1.4 -1.4 -1.4 -1.4 -1.4 -1.4
98.2 100 101.6 102.8 100.1 98.2 95 92.7 91.5 90.2 88.8 88.2 87.7 82.5 68.3 42.6 16.9 11.5 39.2 50.7 54 58.7 71.4 82.4 87.3 89.2 92.1 94 99.6 104.4 108.6 109.5 109.1 107.6 104.8 101.9 97.8 93 88.5 86.3 81.3 74.4 69.8 64 59.5 52.6 66.2 73.1 66.1 52.7 5.3 -1.4 -1.4 -1.4 -1.4 -1.4 -1.4 -1.4 -1.4 -1.4 -1.4 -1.4 -1.4 -1.4 -1.4 -1.4 -1.4 -1.4 -1.4 -1.4 -1.4 -1.4 -1.4 -1.4 -1.4 -1.4 -1.4 -1.4 -1.4 -1.4 -1.4 -1.4 -1.4 -1.4 -1.4 -1.4
105.7 106.1 107.7 108.6 107.2 105.5 102.9 101.3 99.2 97.8 96.3 95.9 93.4 80.4 59.6 38.8 15.4 8.8 27.2 42.3 52.4 60.1 75.4 78.8 83 85.2 89 93.5 98.9 103.2 106.8 108.7 108.4 108.1 105.5 102.6 99.5 97.7 94 90.2 83.7 79.2 68.6 64.9 57.1 43.3 60.6 63.5 50.9 -1.4 -1.4 -1.4 -1.4 -1.4 -1.4 -1.4 -1.4 -1.4 -1.4 -1.4 -1.4 -1.4 -1.4 -1.4 -1.4 -1.4 -1.4 -1.4 -1.4 -1.4 -1.4 -1.4 -1.4 -1.4 -1.4 -1.4 -1.4 -1.4 -1.4 -1.4 -1.4 -1.4 -1.4 -1.4 -1.4 -1.4
112.4 112.3 113.4 114.1 113.3 111.5 109.2 106.8 104.4 102.4 100.6 98.5 92.9 73.5 49.4 27.7 8.4 17.7 51.4 64.6 68.7 65.8 68.7 75.3 82.7 88.7 92.3 96.5 100.4 103.5 105.6 106.7 107.3 107.2 106.1 103.9 101.2 98.6 94.5 91.7 87.3 83.8 79.5 74.5 63.5 41 45.2 42.1 -1.4 -1.4 -1.4 -1.4 -1.4 -1.4 -1.4 -1.4 -1.4 -1.4 -1.4 -1.4 -1.4 -1.4 -1.4 -1.4 -1.4 -1.4 -1.4 -1.4 -1.4 -1.4 -1.4 -1.4 -1.4 -1.4 -1.4 -1.4 -1.4 -1.4 -1.4 -1.4 -1.4 -1.4 -1.4 -1.4 -1.4 -1.4
118.3 118.7 119.1 118.7 117 114.6 112.2 110 107.3 104.3 100.4 96.1 86.7 64 39.9 15.1 6.5 29.8 50 63.8 70.1 72.3 75.6 82.4 89.6 93.8 97 100.9 102.2 103.2 104.2 105 105.1 104.6 103.5 101.6 99.8 97.8 96.1 93.6 90.7 85.8 80.5 70.3 61.7 36.2 28.1 -1.4 -1.4 -1.4 -1.4 -1.4 -1.4 -1.4 -1.4 -1.4 -1.4 -1.4 -1.4 -1.4 -1.4 -1.4 -1.4 -1.4 -1.4 -1.4 -1.4 -1.4 -1.4 -1.4 -1.4 -1.4 -1.4 -1.4 -1.4 -1.4 -1.4 -1.4 -1.4 -1.4 -1.4 -1.4 -1.4 -1.4 -1.4 -1.4
124.2 124.6 123 121.2 119 116.3 113.8 110.7 107.5 102.7 97.2 89.9 79.6 54.3 31.6 9.8 7 31.8 47.7 60.3 69.7 77.8 80.2 87.2 91.2 93.5 99 99.3 98.9 99.8 101.5 102.2 102.1 101.8 100.6 98.6 96.8 95.6 95.4 94.1 92.5 89 83 71.7 51.1 29.8 -1.4 -1.4 -1.4 -1.4 -1.4 -1.4 -1.4 -1.4 -1.4 -1.4 -1.4 -1.4 -1.4 -1.4 -1.4 -1.4 -1.4 -1.4 -1.4 -1.4 -1.4 -1.4 -1.4 -1.4 -1.4 -1.4 -1.4 -1.4 -1.4 -1.4 -1.4 -1.4 -1.4 -1.4 -1.4 -1.4 -1.4 -1.4 -1.4 -1.4
130.6 128.6 125.7 123.1 120.9 118.1 114.1 110.4 104.9 99.1 91.8 83.7 73.8 46 24.1 6.1 18 31.1 42.7 55.4 68.9 76.1 77.2 79.1 81.8 85.8 90.9 91.5 92.5 94.3 96.5 97.3 98 98 96.7 95.3 92.9 91.3 91.2 89.8 88.3 84.5 76.3 59.9 33.4 -1.4 -1.4 -1.4 -1.4 -1.4 -1.4 -1.4 -1.4 -1.4 -1.4 -1.4 -1.4 -1.4 -1.4 -1.4 -1.4 -1.4 -1.4 -1.4 -1.4 -1.4 -1.4 -1.4 -1.4 -1.4 -1.4 -1.4 -1.4 -1.4 -1.4 -1.4 -1.4 -1.4 -1.4 -1.4 -1.4 -1.4 -1.4 -1.4 -1.4 -1.4
