Game/Highland_Data/StreamingAssets/GeoData/Data/sx/SX86.asc
ncols 200
nrows 200
xllcorner 280000
yllcorner 60000
cellsize 50
[rows 152 to 189 of 200, columns 0 to 83 of 200]
35.8 32.8 25.4 12.6 8.6 4.6 3.1 5 10.9 26.9 33 34.8 36.3 36.3 34.3 34.1 34 34 31.8 30.8 26.6 20.1 8.2 -1.4 12.8 25.8 36.9 39.3 38.4 37.6 36.4 38.6 42.7 47.2 49.1 46.5 42.8 39.4 34.7 31.6 28.8 25.3 23.3 21.3 26.6 37.6 36.4 32.8 31 31 26.3 20.8 19.3 19.1 19.5 20.3 21.2 21.8 26.6 28.6 26.8 24.6 24.5 26.4 31.8 42.1 49.9 61 70.2 70.4 69.4 68.8 67.3 57.5 45 38.1 39.7 47 50 46.9 45.2 59.1 71.3 73.4
38.4 31 18.4 9.2 4.8 3.3 6.5 10.3 21.6 35.9 36.6 36.8 36.5 35.4 33.5 31.5 30.4 29.4 27.6 25.2 23.4 21 12.1 -1.4 11.5 25.3 32.3 35.2 34.8 32.9 34.6 41.4 47.9 52.5 55.8 55.5 52.4 49.7 46.3 41.9 38.4 34.2 30.6 25.8 35.2 43 41.8 43.2 43.3 41.5 32.2 28.9 26.3 25.9 29.7 30.7 34 41.1 46 43.4 42.2 35.9 26.7 25.2 25.9 28.5 37.5 49.1 55.7 68.3 62.9 59.3 52.9 43 37.2 43.4 57.8 72.9 73.8 62.5 71.2 78.7 87.1 89.1
36.4 26 11.2 5.7 4.1 3.1 9.3 17.7 29.9 38.9 39.3 38.2 35 32.8 30.3 27.9 25.9 24.3 21.3 20.3 19.6 17.1 11.2 -1.4 5.7 18.2 23.3 26.9 28.5 30 38.7 49 55.2 59.7 60.6 60.5 58.8 56.2 54.7 53.2 51.6 48.8 45.2 32.2 33.2 43.1 45.9 50.8 50.2 48.1 40.9 39.7 37.1 40.9 44.3 50.3 53.4 56.8 59 59.6 55.5 49.7 41 32.1 24.9 26.6 27.2 31.7 41.2 43.9 42.4 36.7 34.8 33.9 39.6 54.5 63.7 66.7 72 77.1 82.7 100.2 103 102.9
34.6 19.4 8 3.1 3.1 7.2 13.2 26.6 32.9 40.2 41.6 37.9 33.2 29.4 26.3 23.4 20 17.7 15.9 15.7 15.6 13.6 7 -1.4 -1.4 13.7 17.2 20.4 25.1 34 48 57.8 62.3 64.2 65.5 65.9 67.9 66.7 63.6 59.7 56 53.2 48.9 38.2 35.2 43.8 49.2 54.4 54.8 54.5 50.9 50.6 47.6 54.1 62.3 68.3 71.5 75.4 75.1 73.1 71.1 64.4 56.1 48.4 40.9 37.4 32.1 27.9 27.8 29.6 29.4 33.2 44.3 44.5 45.3 51.6 60.2 66.1 75.3 88.6 105.7 110.4 111.6 111.3
30 13.4 3.5 3.1 6.3 10.4 19.1 30.6 35.1 37.6 38.3 35.7 30.6 24.8 18 15.4 13.7 12.5 11.6 12.2 12.2 6.4 6.4 -1.4 -1.4 12.4 18.5 23.9 30.2 40 55.2 63.7 71 72.8 73.6 74.5 72.7 69.2 64.6 61.2 58.5 53.3 45.2 38.9 36.6 44.7 50.8 55.7 58.4 60 61.3 60 60.3 68.1 81.3 86.9 91.8 94.6 94.4 92.1 87.9 80.9 74.7 66.8 58.6 49.3 38.6 36.9 38.5 40 45.5 57.9 66.3 63.8 59.7 52.5 60 70.6 85.7 102.7 114.1 117.2 117.8 116.6
23.9 6.3 3.1 5 8.1 13.1 24.8 33.5 36 36.5 35 31.1 24 15.9 11.1 9.6 9.2 8.9 8.1 9.3 6 8.9 3.2 -1.4 4.1 23.6 28.7 32.8 37 43.2 53.8 64.4 75 76 75.7 74.8 73 69.6 65.3 61.8 57.1 56.8 54.5 43.7 37.8 44.8 50.3 55.2 63.3 64.8 67.3 68.8 70.8 84.1 95.1 100.5 103.5 104.9 105.2 104.1 101.5 97.3 92.8 86.2 75.4 57.9 37.1 48.3 59.2 66.1 71.7 75.3 78.4 78.3 74.8 59.2 63.8 79.8 97.5 113.3 120.5 123.2 122.6 120.7
14.7 3.7 3.3 6.6 10.1 15.1 29.4 32.9 33.3 32.9 29.2 22.1 14 -1.4 -1.4 2.3 -1.4 1.7 2.4 5.2 4.2 2.4 2.4 -1.4 19.4 34.9 37.5 43.9 49 50 55.2 71.8 77.5 77.7 77.4 76.8 76 72.5 67.9 65.2 64.1 63.1 59.1 43.7 40.6 45 51.7 55.3 67.7 69.8 72.5 75.4 81.9 96 103.1 107.2 109.7 111.1 110.6 109.4 106.9 104 100.2 94.9 82.8 57.9 39 58.7 76.7 88.4 92.3 92.6 90.1 92.5 89.6 68.3 70.8 88.2 106 118.3 125.5 127.3 126.4 124.4
7.4 3.1 4.8 7.3 10.9 16.7 26.9 29.7 29.2 25.9 20.7 11 -1.4 -1.4 2.2 2.2 -1.4 -1.4 -1.4 2.7 -1.4 -1.4 -1.4 19.4 31.9 41.6 55.9 65.7 59.6 58.1 64.1 73.3 77.9 78.5 79.4 80.5 81 78.4 76.5 73.9 71.9 65.6 52.8 45.9 46.1 45.6 51.7 56.6 68.4 74.8 79.3 83.7 94.3 102.4 108.1 111.3 112.8 113 113.1 112.6 110.3 108 105.4 100.8 87.1 61.2 46.1 65.1 83.1 99.8 103.7 102 99.6 103 98.1 76.8 78.4 95.6 111.6 122.7 128.9 130.8 130.2 127
4 3.1 4 9.7 12.2 17.4 22.9 23.7 22.8 19.6 -1.4 -1.4 -1.4 2.2 3.1 5.6 13.9 16.6 -1.4 -1.4 -1.4 24.6 35.6 39.9 49.6 58.2 69.8 77.2 80.4 78.2 75.5 77.5 79.6 80.9 82.5 85.5 86.1 86.9 84.8 81 75.6 61.9 55.3 59.7 60.2 52.7 52.4 57.4 64.6 81.7 89 94.2 100.7 106.1 109.7 112 113.3 112.7 111.6 110.6 110.5 109.1 106.1 101.3 89.7 66.7 48.1 64.6 81.6 101.5 105.3 104.9 104.1 107.8 104.7 87 88 104.6 116.2 124.7 130.5 133.4 131.6 128.1
3.1 5.3 6 11 13.7 17.3 22.4 18.3 16.5 -1.4 -1.4 2.2 2.2 3.8 12.3 18.3 21.5 24.4 27.5 32.6 40 50.4 58.3 67.8 68.6 69 78.3 82.7 83.3 82.9 83.1 82.6 82.6 83.8 85.8 88.7 91.5 93.6 92.6 87.5 77.3 65.7 70.9 77.1 76.9 71.2 63.9 60.6 64.7 72 86.6 92.5 99.7 104.7 107.1 108.1 108.8 108.4 107.4 106.5 106.2 105 102.4 97.4 89.3 68.6 63 54.2 70.7 90.2 104 106.8 107.4 109.8 109.5 94.7 96.1 110.2 123 129.7 132.6 133.2 130.3 124.5
3.1 5.3 6.3 9.7 13.9 19.1 20.6 12.8 12.3 -1.4 0.7 0.7 4.5 8.3 16.7 22.3 25.9 29.7 35.6 44 51.8 60.4 64.5 73 76.8 79.2 80.4 83.5 84.8 86.3 86.9 87 88.5 90 90.4 91.5 93.5 95.8 96 89.9 79.8 80.2 85.8 88.2 87.6 85.8 80.7 75.9 73.3 74.3 78.4 86.9 94.4 99.7 102.4 102.5 102.5 102.1 101.8 101.3 101.1 100.1 97.7 95.1 90 86.8 79.9 65.7 63.5 84.9 105.8 108.9 110 111.8 110.5 95.9 106.2 120.6 129.9 135.2 137.4 137.2 134.4 128.8
4.2 3.5 6.1 9.8 15 20.3 18.7 13.8 9 -1.4 -1.4 2.8 1.9 10.1 19 24.4 28.8 33.2 40.3 48.1 55.6 61.3 66.8 72.7 79.5 82.9 83.1 85.9 88.6 90.8 92.3 92.1 92.1 93.2 93.8 93.3 94.3 95.5 95.2 91.8 88.1 90.9 93.2 94.3 93.8 92 88.1 86.6 86.9 87.6 87.8 88.7 92.5 96.7 100 97.9 97.1 96.2 95.9 95.6 95.2 94.6 93.8 93.4 92.7 91.2 91.7 82.6 69.7 77 96.3 106.4 112.2 113.3 108.4 105.2 118.7 129.1 135.9 140.1 141.7 141 139 133.6
4.2 3.3 6.7 10.1 14.4 18 16.4 12.5 8.7 6.9 -1.4 3.6 1.2 10.8 21.1 29.5 30.3 32.4 41.7 49.2 55.7 61.2 65.8 72.1 80.1 85.6 87.7 90.7 92.6 94.9 95.6 95.5 95.5 95.7 95.7 95.3 95.1 95.3 95.3 95.6 95.4 95.5 97.7 98 96.8 94.2 90.8 89.6 88.7 87.9 88.8 88.8 90.7 92.7 93.5 93.1 92 90.9 90.7 90.2 89 89.3 89.5 90.4 91.4 92.2 94.5 96.3 88.1 77.9 87.8 106.7 114.4 114.5 111.2 115.4 127.4 136 140.6 143.1 144.6 144.9 143 140.5
3.1 4.2 6.5 10.5 12.7 15.5 14 11.1 8 5.5 -1.4 1.3 1.1 12.3 26.7 32 32 33 47.2 52.8 58.7 64 66.3 75.4 84.5 89.5 92.5 94.5 95.3 95.4 95.2 94.5 94.2 94.1 93.5 92.7 93.4 94.9 96.4 97.6 96.8 96.3 96 95.5 94.4 92.5 89.6 87.6 86.9 84.8 85.2 84.6 85 86.7 87.9 88.3 87.8 86.3 87.1 84.7 84 84.6 86.5 88.9 88.9 89.9 93.3 97 99.5 96.7 91 106 115.8 116.7 116.5 120.5 129.3 139.1 143.4 146.1 147.8 148.2 146.9 144.4
3.1 4.5 4.9 8.4 10.3 11.2 10.1 9.1 7.9 5.7 -1.4 -1.4 1.3 12.2 28.4 33.8 38.8 39.9 48.9 56.1 63.3 67.7 71.9 79.3 87.7 92 93 94.6 93.2 92.8 91.6 90.7 89.6 87 87.7 87.9 89.4 90.6 91.1 92.5 92.1 91.4 91.2 91.5 90.2 88.3 86.2 83.7 82.3 80.8 80.1 79.2 78.8 79.7 81.4 82.1 82.3 81.2 80.9 80.4 79.5 80 82.8 85.1 86.2 86.6 89.9 95.2 103 105 103.5 106.5 112.8 116.2 120.5 123.6 129.6 137.8 144.1 148.8 152 150.6 148.1 145.4
3 3.1 3.5 8 8 8.8 9.5 8.5 7.7 6.1 -1.4 -1.4 5.5 23.9 29.4 36.5 39.1 40.1 49.4 55.3 62.7 68.7 74.6 79.8 84.4 86.7 88 88.6 87.6 86.2 85.2 83.3 80.8 80.2 78.6 79.3 81.2 81.8 81.5 79.5 80.6 85.4 86.9 86.8 86.4 85 82.4 79.9 77.1 74.7 74.4 74.5 74.2 73.4 74.6 75.6 76.3 76.2 77.3 76 75.2 75.6 78.4 80.5 81.9 83.7 88.6 96.8 105.5 108.7 109.9 111.3 114.3 119.2 122.5 125.4 126.6 134.5 140.9 150 152.6 150 146.7 144.4
3 2.3 2.6 6.8 8 7.8 8.6 8.6 7.5 5.9 -1.4 1.3 11.7 22.3 29 36.7 39.3 47.5 50.7 53.3 59.4 66.9 72.4 75.8 78 79.4 80.3 80.1 78.5 76.9 75.1 72.5 71.1 70 69.1 69.5 70.8 70.3 65.2 63.4 77.6 82 82.9 82.1 81 79.5 77.1 74.5 72.1 69.8 68.3 69 69.7 69.7 71.2 72 71.5 71.7 73 70.9 70.3 72 74.3 76.4 78.6 83.1 89.7 98.2 106.7 111.3 114.5 116.5 120 123 125.2 126.9 129.3 132.1 136 141.9 144.8 144.1 142.6 140.9
3.4 3.6 1.8 6.6 7.3 8.8 6.5 8.2 7.2 4.9 -1.4 1.1 11 19.7 27.7 33.7 35.5 43.1 45.7 50.6 57.7 63.7 67.5 71.3 73.1 73 71.2 67.5 66.9 65.3 63.9 62.9 62.2 61.3 60.4 60.4 61.2 59.4 51 64.7 73.9 76.3 77.1 77.2 75.1 72.8 71.7 70.5 68.3 65.9 64.3 64.2 64.7 65.8 67.5 70 68 68.2 67.8 66.7 67.5 68.8 72.1 76 80.4 86 92.8 101.2 107.9 113 116.4 119 122.7 125.2 127.2 129.5 131.3 132.6 134.4 137.9 139.6 140.2 139 136.9
3.5 3.9 1.6 3.5 7.1 7.7 7.3 7.6 5.2 2.8 -1.4 0.9 9.8 17.3 24.6 27.6 31 37.8 47.2 54.9 58.3 58.3 62.4 67.8 70.3 70 64.9 57.4 54.5 55.6 55.3 53.9 53 51.7 50.9 50.8 52.3 49.9 49.7 61.7 68.4 71.2 72.8 72.3 70.2 68.3 66.6 66.3 66 64.3 60.2 60.4 61.3 62.3 64 65 64.4 64 63.7 64.7 66 68.9 73.1 79.1 84.5 89.6 96.4 103.4 110.7 114.8 116.7 119.6 122.1 125.4 127.8 130.2 131.7 132.5 133.5 135.2 136.6 136.8 135 133.1
3.2 3.8 3.1 2.2 6.6 7.4 7.4 5.7 2.6 2.6 -1.4 1.7 8.2 14.2 19.1 21.3 26.2 33.1 37.8 41.6 47.6 51.9 64.7 70.5 70.5 68.3 64.3 55.2 45.1 47.3 47.4 46.3 46 43.9 41.9 41.8 41.6 40.7 52 60.3 64.3 67.7 68.7 68.5 67.1 65 63.6 63.6 63.4 62.2 59.4 57.2 58.2 58.5 61.2 62.3 61.4 60.7 61.8 63.7 67.3 71.5 76.7 83.1 88.7 94.5 99.3 103.9 108.3 110.4 112.9 117.6 121.5 125.5 128.6 130.1 130.9 131.1 131.9 133.4 133.4 132.1 130.7 127.7
4.6 3.8 2.8 1.5 5.6 6.7 7 5.8 5.2 2.3 -1.4 -1.4 5 9.8 13.1 20.6 21.8 28.5 32.7 35.5 39.7 47.4 58.9 63.3 60 57 54.7 50.9 38.4 39.9 40 38.9 38.6 36.5 32.4 32.7 41.9 48.8 53.4 56.2 61 64.4 65.4 65 64.6 62.8 60.9 61.3 61.5 61.7 59 55.6 54.3 55.4 58.9 60.5 58.2 59.1 61.3 65 69 73.6 80.1 85 90.6 97.2 100.1 104.8 102.3 107.1 117.3 122 123 125.1 127 128.3 128.2 126 125.7 127.4 127.7 126.1 124.3 120.3
4.1 -1.4 -1.4 -1.4 -1.4 5.7 6.2 6.1 5.7 1.6 -1.4 -1.4 3.3 5.8 10 13.9 17.4 22.2 25.1 28.6 34 40.5 47.3 52 51.6 47.7 45.8 42.5 33.5 32.2 33.7 31.7 31.6 29 31.5 43.6 46 47.7 48.7 53.4 59 62.5 63.2 62.6 62.3 60.9 59.6 59.6 59.9 60.7 59.3 56.5 53 52.2 55.1 54.6 55.5 62 64.6 67.2 70.3 73.4 78.6 86.9 91.4 95.2 97 93.5 98.8 113.3 120.9 123.5 124.1 125.3 126.8 127.4 126.4 122.6 119 120.3 120.3 119 117.4 111.7
-1.4 -1.4 -1.4 -1.4 -1.4 -1.4 4.8 5 3.7 -1.4 -1.4 1.3 5.5 6.6 9 9.8 13.9 17.6 20.1 23.3 28.4 33.5 38 41.1 40.7 37.7 35.8 32.8 28.5 25.5 27.3 25.3 23.8 25.3 33.9 38.6 41.3 42.8 46.4 53 58.8 60.7 60.5 59.5 59.8 58.8 58.4 58.5 59.7 60.7 59.5 57.2 54 49.5 50.6 52 57.1 63.7 66 66.6 70.1 75.9 81.8 86.6 89.4 91.4 87.2 89.6 106.6 115.4 121.6 123 123 123.9 125.7 126.5 126.1 122.6 114.8 107.3 111.1 113 113.6 108.9
-1.4 -1.4 -1.4 -1.4 -1.4 -1.4 -1.4 5.6 2.8 -1.4 -1.4 6.1 6.1 6.7 6.5 7.9 11.3 13.3 15.7 18 20.4 23.6 27.7 29.4 29.5 28 26.2 25 23 20.7 21 19.5 20.6 24.5 28.6 31.6 34.6 39 46.8 53.2 56.4 57.4 57 56.2 57.7 57.3 57.4 57.8 58.9 60.3 58.7 56.4 53.3 49.2 49.7 51.5 55.9 61.5 64.3 65.4 68.6 73.3 79.7 83.6 85.8 85.4 78.3 90.5 103.6 112.8 118.8 121.3 121.7 122.3 123.5 124 124.6 122.4 117.9 107.1 96.7 102.4 108.6 108.8
7.9 5.3 1.9 1.3 4.1 -1.4 -1.4 -1.4 2.8 2.9 -1.4 -1.4 5.2 5.1 5.4 6 8.5 10.4 11.1 12.2 13.7 15.9 18.5 20.8 20.9 21.2 20.7 20.1 19 16.8 14.6 19.4 24.5 29.8 35.5 39.5 42 44.8 49 51.9 53.4 53.9 52.2 55 56.9 56.4 56.1 56.9 58.7 60.2 58.9 55.8 52 48.6 48.2 50.5 54.7 59.5 60.7 63.9 67 69.9 75.3 78.6 79.6 73.9 73.2 84.2 100.9 112.9 119.4 120.3 119.2 120.9 121.1 121.4 122.3 122 117.7 112.2 103 89.2 98.4 104
8.4 8 4.3 4.4 4.3 4.3 -1.4 -1.4 -1.4 2 2.5 -1.4 4.2 5.1 4.9 5 4.6 5.4 5.9 5.1 6.7 9.2 12.1 12.9 14.2 14.1 14.7 15.4 14.8 13.1 20.1 26.6 32.5 37.6 40.7 43.7 46.2 47.2 48.1 49.2 49.9 48 53 55.9 56.2 55.4 55.5 57.3 60.3 61.7 60.5 57.2 51.7 47.8 45.5 48.7 52.7 58.6 58.5 61.8 64.3 66.1 68.9 69.2 65.5 65 72 86.9 102.6 112 117.5 118.1 113.9 114.3 115.5 117.2 119.1 119.3 116.2 111.9 105.2 92.1 83.1 91.7
9 8.9 8 3.6 4.2 4.3 4 -1.4 -1.4 -1.4 1.7 -1.4 -1.4 4 3.2 3.6 3.2 2.7 3.2 3.4 4.1 4.4 5.8 7.5 7.5 8.5 9.7 10.4 12.3 18.4 24.3 31.3 36.5 38.9 41.1 42.7 44 44.8 45.5 46.1 45.6 49.3 53.1 55.5 55.2 54.3 54.8 57.7 63.4 63.1 61.5 58.7 52.4 47 44.5 45.2 50.6 53.5 55.7 56.7 60.3 61.3 60.2 59.7 64.6 72.1 76.8 91.2 103.5 110.1 115.8 117 112 101.5 103.7 112 116.5 117.7 116.2 111.8 107 99.7 84.3 82.2
9.8 9.6 9.1 6.3 3.1 5.6 3.5 3.6 -1.4 -1.4 -1.4 1.6 1.7 -1.4 -1.4 -1.4 3.6 5.7 8.4 9 8.2 8.3 8.7 8.8 8.4 10.4 12.9 13.9 12.1 17.7 24.9 29.2 32.6 35 37.2 39.3 40.9 41.8 42.5 42.8 45 49.5 52.9 54.5 54.4 53.1 54.8 62.1 65.7 63.2 61.6 59.7 56.3 49.4 44.2 42.9 45.3 51.9 52.5 52.7 54.9 54.7 55.1 61.9 71.9 81.2 90.5 95.2 102.2 109.6 114 114.4 110.2 101.5 89.8 100.3 110.8 114.6 114.9 111.4 107.6 102.5 93.3 78.7
11.6 10.1 7.7 6.5 5.6 8.2 3.9 3.7 3.8 3.9 -1.4 -1.4 -1.4 -1.4 -1.4 -1.4 6.2 10.8 13.9 13.6 13.6 13.8 14.4 14.2 14.4 17 19.2 20.3 19.1 16.4 18.9 25.3 27.3 30.5 33.6 36.5 37.9 38.6 39.5 41.5 46.4 50.4 53.4 54.4 53.8 52.2 53.8 63.5 63.7 61.7 60.1 56.3 53 49.8 45.5 42.1 41.4 46 47.4 49.2 50.3 52.1 56.6 64.4 73.5 83.9 95.9 102.8 109.9 113.8 114.9 112.1 106.4 99.8 84 87.3 101.1 107.6 109.4 108 104.5 99.7 93.5 82.5
13.6 11 6.7 5.1 9.4 9.1 6.1 5.6 3.8 3.7 3.4 3.8 3.3 3.3 3.8 -1.4 8.5 15.6 18.3 18.9 18 16.5 17.1 18.7 19.2 20.7 22.5 24.2 23.8 22.7 23.1 23 23.8 26.6 31.2 34 35.1 35.2 36.7 41.4 46.6 51.4 54.1 55.2 53.7 50.1 52.2 65.1 60.6 58.5 56.8 53.6 50.1 47.3 46.1 41.7 40.6 43 45.4 48.4 51.3 54.9 59.7 67.2 76.2 87.4 99.1 107.9 115.7 119.1 116.2 111 101.6 89.7 79 73.4 83.3 96.9 101.7 102 99.3 94.5 88.2 76.6
12.3 8 5.3 10.1 9.9 9.5 8.9 6.2 4.4 3.3 3.1 3.1 3.1 3.3 4 -1.4 11.7 22 22.9 23.1 21.8 23.7 18.8 23.8 23.8 24.7 26.6 28.3 28.4 28.9 29.6 31 28.6 25.7 29.6 32.2 32.6 35.3 38.4 42.4 47.1 52.1 55.5 57.2 53.8 49 49.8 51.7 57.4 54.2 52.9 51.2 48.4 45 43 40.6 40 43 46.3 49.9 52.5 57.8 63.4 71.1 81.1 91.2 100.9 110.2 119.3 120.5 117.8 114 111.3 101.1 90.1 77.5 67.9 83.5 95.6 96.3 93.1 87.8 80.9 69.1
9.1 5.6 9.8 9.5 9.6 9.6 9.4 7.7 5.8 3.4 3.5 3.3 3 3.8 -1.4 -1.4 6.2 27.5 28.3 28.8 28.6 28.9 29.3 29.1 29.2 29.7 31.6 33.3 33.4 33.9 34.4 34.9 32.8 31.9 34.3 35.7 36 37.3 39.2 43.6 47.9 52.4 55 56.8 53.1 48.1 47.4 48.5 53 50.7 49.4 47.8 45.5 42.4 40.2 38.6 40.7 44.3 47.9 51.6 54.8 59.6 67.1 74.3 84 94 101.5 106.7 110.7 111.1 108.4 105.9 104.4 101.1 94.8 82.8 64.3 80.5 89.2 86.8 83.6 78.4 71.4 64.5
5.8 8.9 8.2 8.7 8.2 8.5 8.8 7.6 5.6 4.8 3.8 3.4 3.7 3.9 -1.4 -1.4 3.9 31.5 33.2 34.1 34.1 34.9 36 37.3 39.2 39.1 40.9 39 38.3 39.3 38.9 38.1 36 36.2 40.2 40.9 41.1 39.6 39.6 43.4 47.7 51.8 53.3 53.4 51.6 47.6 45.1 45.9 46.1 46.5 46 44.7 42.9 39.8 37.5 37.7 43.2 46.4 51 54.8 59.1 64.2 69.4 77.2 84.6 95.1 99.4 100.1 100.5 100.3 97.1 94.9 95.3 92.1 87.8 77 61.1 77.4 76.1 72.5 69.2 66.5 63.7 67
5.4 3.8 4.5 6.3 5.6 6.8 7 5.8 4.9 3.8 3.5 3.9 4 4.2 -1.4 -1.4 3.6 34 37.3 40.1 41 43.1 45.2 48 49.4 50.3 51.3 52.1 50.6 47.4 44.6 41.9 39.6 38.9 41.4 45 46.7 45.2 43.3 45.5 49.1 51.4 52 51.4 50.1 47.3 45.3 43.8 43 42.2 42.4 42.2 40.4 37.9 36.6 40.9 45.7 50.5 54.4 57.9 63.1 68.7 72 77.4 82.2 87.3 92.5 94.4 91.7 89.1 86 84.5 82.7 80.3 76.4 69.4 58.1 65 62 60 59.4 60.8 65.1 73.9
7.3 4.8 5 4.1 4.8 4.3 4.3 3.6 3.7 3.6 3.5 3.8 4.5 4.6 -1.4 -1.4 3.1 35.7 44.3 45.7 50.2 53.2 56.1 55.5 54.4 54.7 55.9 56.5 56.9 54.6 50 46.4 44.2 43.2 43.7 46.4 49.1 49.7 49.3 49.9 52.3 53.1 52 50.9 49.1 47.5 47.7 48.9 47.1 41.3 39.2 40 38.9 36.2 36.8 40.5 45.5 51.2 55.6 60.6 66.1 72.3 74.1 74.8 76.9 78.5 79.6 81.3 80.1 76.6 72.9 69.4 68 63.4 56.3 55.2 54.4 55.1 55.8 63.1 66.8 70.1 74.2 83.2
19.2 18.3 15 12.6 8.9 7.2 5.6 5.5 5 2.9 3.3 3.2 4 4.5 -1.4 -1.4 2.4 33.1 38.4 41.8 47.6 49.9 48 48.8 50.4 53.1 56.1 60.2 64.1 62.7 55.7 52.4 49.2 47.6 48.6 48.8 51.5 53.5 53.2 53.2 54.3 55.2 54.4 52.1 51.3 48.1 48.5 52.1 51.6 45.8 40.3 36.6 35.2 34.8 37.3 40.9 45.8 51 56.3 62 67.9 71.8 74.3 70.6 70.3 70 68.9 67.1 63.4 58.9 56.1 55.9 52.7 48.3 51.7 53.7 55.2 57.9 62.1 67.3 72.1 79.9 85.1 91.2
27.1 23.3 21.6 18.4 12.7 10.2 8.6 7 5.2 3.8 3.4 3.6 4.3 -1.4 -1.4 -1.4 2.3 20.9 32.3 35.3 39.1 40.1 39.9 42.2 44.1 47 53 58.2 63.6 65.9 63.9 61.7 58.5 56.4 55.1 54.8 57.7 58.6 58.4 58 56.9 56.7 54.7 53.1 49.8 47.1 46.9 54.3 54.4 51.4 46.8 36.9 33.7 37.2 39.9 41.8 46.7 51.5 56.5 61.7 66.9 73.2 71.2 66.4 60.8 59.7 56.8 52 46.8 45 44.9 47.9 51.9 55 57.2 58.9 61.6 64.3 71.1 71.5 77.2 88.2 93 95.6
34.7 29.5 27.6 23.1 20.7 15 10.1 8.8 6.5 4.7 3.4 3.7 3.8 -1.4 -1.4 5.2 8.9 15.4 26.5 31.4 34.6 34.8 34.3 37.3 39.4 44.5 48.5 53.8 61.2 66.5 69.8 71.3 69.4 69.5 68.3 66.5 67.5 67.1 64.6 61.5 59.7 57.6 53.7 50.5 46.9 45.2 44.5 55.9 56.5 54.1 48.1 36 32.6 44.9 43.6 44.6 47.4 52.1 55.4 60.6 65.9 70.6 67.1 62.4 54.4 47.5 44.2 42.2 45.4 51.1 54.6 58.8 61.9 63.8 65 68.5 74.7 81.4 80.9 79.5 86.3 94.4 97.8 95.3
