Game/Highland_Data/StreamingAssets/GeoData/Data/sx/SX95.asc
ncols 200
nrows 200
xllcorner 290000
yllcorner 50000
cellsize 50
[rows 74 to 110 of 200, columns 0 to 83 of 200]
54.3 52.7 50.9 49.5 48.7 47.9 47.8 47.1 47.3 48.6 51.7 55 57.3 58.5 58.7 59.2 57.5 55.4 52.9 51 51.9 53.5 54.5 55.5 57.3 58.4 60.2 59.5 58.8 58.2 57 56.1 55.4 53.3 52.1 51.7 50.3 47.7 47.7 44.9 48 51.6 53 53.2 50.6 49 47.2 44.6 38.5 26.6 6.7 0.7 -1.3 -1.3 14.2 26.3 31.3 19.7 19.9 22.5 27.8 36.8 49.3 52.4 54.6 56 57 58.5 59.4 59.3 58.9 57.9 55.6 50.6 44.4 41.8 42.8 49.2 53.4 52.9 51.2 50.8 52.9 50.3
54.1 53.2 51.4 49.4 48.6 48.5 48.4 48 48.6 50.7 51.8 55 57.8 58.9 59.1 58.5 56.7 54.6 53.3 52 52.2 53.5 55 56.7 57.5 58.6 60.4 59.7 58.7 58.4 58.1 56.9 55.3 53.8 52.3 51.7 50.1 49.7 50.4 47.3 43.3 49.4 51.4 51.6 49.7 45.3 43 37 24.6 15.8 3.8 3 1.4 7.8 27.4 41.6 45.3 34.6 25 26.6 28.5 33 39 46.4 50.9 55.1 56.6 58 59.7 59.4 58.8 58.9 57 51.3 45 43 41.9 45.1 50.2 49.1 48.5 49.6 53.2 48
53.5 52.7 51.6 49.6 49.1 49.1 48.9 49.1 50.2 51.9 52.9 55.2 56.5 58.3 59.1 58.9 56.7 55.3 54 53.2 53.7 54.5 55.8 57.2 58.3 59.2 60.5 60.3 58.6 58.4 58.1 56.2 55.5 55.3 53.1 51.2 51.8 51.8 49.8 47.2 37 46.8 48.4 46.9 44.9 41.3 32.4 21.5 15.4 6.4 4.2 4.3 5.6 24.6 41.8 47.6 50.9 50.9 35.8 30.3 31.9 34.8 40.6 47.2 52.4 54.8 56.1 57.6 58.7 59 58.4 57.5 57.3 54.1 51.5 46.6 42.6 43.6 44.9 46.1 47.8 51.9 55.6 55
53.1 52.3 51.4 49.6 49.7 50.8 50.9 51.1 51.9 52.8 54.1 55.3 57.7 59.3 59.2 59.1 58.1 56.8 55.4 54.4 55.2 56 56.8 58.1 59.5 60.1 60.9 59.8 58.9 58.6 58.2 58.2 57 56 54.8 51.7 51.5 51.1 49.6 46.9 34.1 43.3 43.8 36.8 27.4 26.2 18.8 9.8 5.5 5.5 9.5 17.5 18 35.5 50.4 52.8 53.3 54.3 52.5 41.5 35.7 37.6 42.2 47.9 51.7 54.3 55.9 57.2 57.3 57.1 56.8 56.7 55.6 54.9 54.8 52.5 45.7 43.2 43.3 46.2 52.2 56.2 57 56.2
51.8 52 51.1 50.3 52 52.9 53.8 53.8 54.2 55.9 57.2 58.1 59.9 60.2 60.2 59.8 59.2 57.9 56.6 55.8 56.1 56.7 58.4 60.6 61.7 61.3 61.2 60.4 59.5 58.8 58.5 58 57.2 56.3 54.7 51.8 50.9 50.9 49.4 45.9 34 28.7 31.5 23.4 12 7.5 7 6.3 6.2 11.8 24.6 31.2 28.5 37.9 50.3 53.8 55.8 56.3 54.9 51.5 44.7 43.4 46.6 49.1 51.8 54 55.4 55.5 55.4 55.7 54.7 54.3 55.1 55.2 55.2 53.6 48.8 44.1 43.2 44.9 50.3 53.6 57.2 55.8
52.6 51.7 50.9 51.7 53 54.3 55.5 56.2 56.7 58.6 60.1 61 61.9 60.9 62.5 60.4 60.3 59 58.1 57.3 57.5 58.7 60.3 61.8 62.9 62.5 62.1 61 60.1 59.3 58.7 57.4 56 54.8 53.1 48.2 49 49.2 47.8 43.5 34.2 20.8 18.8 11.8 9.1 7.6 6.9 7.1 13.9 29.3 34.6 38.7 39.2 41.4 47.8 53.4 55.8 57 56.5 55.1 54 50.1 50 51.3 53.6 54.5 55.1 55.7 55.2 53.6 52.1 52 53.7 55.4 54.6 52.3 49 45.5 43.3 44.1 47.6 53 55 36.6
53.5 52.5 51.6 53.1 56.1 57.2 58.5 58.7 59.5 60.6 61.5 62.4 63.2 63 62.9 60.7 61.2 60.5 59.7 58.9 59.1 60.4 61.6 63.1 64.2 63.7 63.1 61.9 60.9 58.8 56.1 54.1 52.7 51.2 48.5 40.9 43.1 43 42.1 31.3 24.2 13 8.3 8.1 24.1 24.3 7.8 14.8 27.4 40 40.1 42.6 44.4 44.9 49.6 53.1 55.4 57.5 57.7 57.4 56.3 54.6 52.9 53.4 54.7 55.3 54.9 54.6 53 52.5 50.9 50.3 51.3 52.7 51.5 48.7 47.1 45.4 43.5 43 44.7 44.3 -1.3 -1.3
54.2 53.3 52.4 55 57.7 59 59.4 59.7 60.7 61.7 62.7 63.6 64.2 64 64.2 63.8 62.6 61.1 60.7 60.5 60.9 61.6 62.8 64.4 65.2 64.8 63.9 61.8 59.7 57.9 54.7 51 49.2 45.4 40.5 34.5 34.9 32.9 29.4 20.9 11.8 10.5 13.6 21.7 33.9 26.2 9.4 11.8 26.7 29 48.2 50.1 48.2 48.9 51 54.1 55.9 56.9 58.5 58.2 57 55.7 54.4 54.6 55.4 55 54.5 53.7 51.5 50.3 49.2 48.6 48.8 47.4 47.3 47 46.2 45.3 44.2 44 -1.3 -1.3 -1.3 -1.3
54.7 53.9 53.1 56.1 58.8 60.3 60.5 61.1 61.8 62.9 63.9 64.7 65.2 65.1 65.4 65.2 64 62.8 62.5 62.2 62.5 63 64 65.6 66 65.9 64.1 60.5 58.6 57.3 53.3 49.6 45.8 39.8 35.9 29.3 25.1 20.1 14.8 11.8 14.9 14.9 21.4 37.8 39.3 30.1 14.7 8.3 25.6 29.5 51.6 51.6 50.1 50.5 51.3 53.8 55.7 57.2 58 57.8 57.6 56.9 55.2 54.1 54.1 53.6 53.4 52.4 50.9 50.1 48.8 47.6 46.7 45.7 45.1 44.6 44.6 44.4 44.8 44.5 -1.3 -1.3 -1.3 -1.3
55.2 54.4 53.6 56.5 59.4 61.6 61.8 62.5 63.2 64 65 65.7 66.2 66.2 66.5 66.4 65.1 64.7 64.3 64.1 64.7 66 66 66.1 67 65.5 62.3 58.6 55.4 53.9 50.9 46.4 41.3 36.1 29.5 25 19.8 14.4 13.3 24.6 23.5 23.4 22.2 43.7 48.5 45 34.8 11.9 18.5 32.1 51.6 51.9 51.2 51.4 51.9 54.2 55.3 56.8 57 58.5 56.8 56.3 55.8 54.3 53.5 52.7 51.9 51.2 50.4 49.6 48.8 47.8 45.7 44.6 42.9 44.1 44.4 44.4 43.5 24.8 -1.3 -1.3 -1.3 -1.3
55.7 54.9 54.2 56.3 58.9 60.8 62.5 63.9 64.6 65.3 66.1 66.7 67.2 67.4 67.7 67.5 67 66.6 66.2 66.3 67.6 69 68.8 68.5 66 60.4 56.3 50.6 46 42.2 38.8 32.6 31 27.4 25.1 19.3 16.4 17.8 26.3 33.5 40.3 41.8 42.8 47.3 51.6 50.2 39.9 17 12.7 36.7 47.9 50.3 51.5 52 52.5 54 55.1 56.1 57.1 56.2 56.1 55.6 55.2 54.7 53.8 52.9 52 51.1 50.3 49.4 48.6 46.9 45.1 43.7 41.5 42.9 45.4 46.4 41.8 -1.3 -1.3 -1.3 -1.3 -1.3
56.4 55.6 55.6 56.6 58.7 61.3 63 64.6 66 66.7 66.6 67 68 68.5 69 72.6 68 68.1 68.1 68.9 70.6 72 71.5 70.2 65.9 60.7 54 48.2 42.7 37.5 33.4 28.7 25.3 23.5 20.5 17.3 17.5 22.2 28.8 34.8 37.4 39.5 43.7 47.5 51.4 48.1 40.2 25 13.3 30.3 48.1 50.4 51.5 51.4 52.5 54.1 55.3 54.9 54.6 55 55.1 54.7 54.2 53.7 53.2 52.6 52 51.1 50.1 49.3 48.4 46.5 42.3 16.3 -1.3 -1.3 -1.3 40.5 -1.3 -1.3 -1.3 -1.3 -1.3 -1.3
57.3 58.1 58.8 58.7 59.6 61.7 63.6 65.2 65.9 67 66.6 66.6 66.3 66.4 68.4 69.4 67 68.7 69.6 70.8 71.5 73 73.2 71.6 68.2 63.7 57.2 51.7 47.5 40.3 34 28 24 19.6 18.8 20.7 23 25.6 28.6 33 36.4 40.2 43.5 45.5 47.3 48.1 41.4 26.1 15.3 28.8 49.2 51.2 50.5 50.1 51.3 53.7 54.5 53.3 53.2 53.5 53.8 54.2 53.2 52.7 52.2 51.7 51 50.3 51 51.4 51.6 45.1 40.1 -1.3 -1.3 -1.3 -1.3 -1.3 -1.3 -1.3 -1.3 -1.3 -1.3 -1.3
59.4 60.3 60.7 61.2 62.4 62.7 63.9 63 61.7 62 58.2 56 53.6 54.8 56.9 58.6 62 64.1 67.8 69.3 69.6 71.7 73 73.3 70.3 66.2 60.9 55.3 48 41 33.3 25.3 21.4 22.3 25.5 29.3 33.1 32.7 32.3 36.2 40.1 43.2 42.5 41.9 40 38.2 37.2 26.9 16.5 27.5 30.9 50.6 49.3 48.6 51.4 52.6 52.5 51.8 51.7 52.1 52.6 52.9 52.6 52.2 50.5 49.8 49.2 48.2 50.7 50.2 39.8 29.4 -1.3 -1.3 -1.3 -1.3 -1.3 -1.3 -1.3 -1.3 -1.3 -1.3 -1.3 -1.3
62.3 63.1 65 65.2 64.7 64.7 64.5 61.3 57.3 53.6 50.4 48.9 47.9 49.3 50.3 52.6 55.7 58.7 64.3 65.9 65.4 66.9 69.6 72.3 70.3 66.1 61.2 53.8 46.7 39.5 31.1 23.2 22.6 26.9 31 34.4 38.6 39.3 39.6 41.5 44.5 44.5 42.9 40.5 36.3 33.9 29 25.1 16.9 24.1 42.5 47.1 46.3 45.6 47 51.5 50 49.9 50.6 51.3 52 52.7 52.4 51.6 49.9 47.6 46.1 44.5 42.8 36.8 26.7 -1.3 -1.3 -1.3 -1.3 -1.3 -1.3 -1.3 -1.3 -1.3 -1.3 -1.3 -1.3 -1.3
65.5 67.7 69.8 68.5 65.9 64.8 61.7 55.5 51.1 47.8 46.6 45.5 43.9 43.2 44.6 47.2 46.7 46.8 50.6 58.3 61.5 59.8 63 64.8 64.4 60.4 56.2 51 44 34.3 26.1 22.6 24.1 28.3 32.6 37 41.8 43.2 43.1 43.4 44.9 43.4 39.7 36.9 33.9 27.5 23.2 19 18.4 25.5 29.5 34 37.1 41.8 44.8 46.2 47.7 48.8 50.9 52 52.5 52.7 51.2 50.2 47.9 45.4 42.3 38.1 -1.3 27.6 -1.3 -1.3 -1.3 -1.3 -1.3 -1.3 -1.3 -1.3 -1.3 -1.3 -1.3 -1.3 -1.3 -1.3
70.9 72.1 69.3 67.6 64 59.1 53.8 50.2 47.9 46.6 47.1 47.8 47.6 44 40.9 39.6 39.1 38.7 41.8 41.5 42.8 46.1 49.4 51.3 51.9 49.9 46.2 42.2 34.2 27.7 25.3 26.3 27.2 29.5 33.6 38.3 42.2 43.2 42.1 41.6 42.4 38.8 34.7 32.1 28.3 26.1 20.4 18.7 21.9 23.7 26.1 31.6 35.2 38.4 41.6 43.6 46 48.1 50 51.3 52.4 52.2 50.3 48.1 45.1 39.2 -1.3 -1.3 -1.3 -1.3 -1.3 -1.3 -1.3 -1.3 -1.3 -1.3 -1.3 -1.3 -1.3 -1.3 -1.3 -1.3 -1.3 -1.3
76.2 75.8 71.7 64.7 57.2 52.6 51 51.4 54 55.7 56 56.1 54.3 51.2 47.7 45.1 43.5 41.5 40.1 37.7 36.5 35.7 35.6 35.6 36 33.5 32.8 29.7 27.9 28.3 30.1 33.1 31.7 31.8 35 38.9 40.5 40.6 39.3 37.6 36.3 33.7 29.7 28.6 25 21.9 18.7 20.3 25.6 27 27.1 29 31.4 35.4 38.2 40.6 43.1 46.2 48.7 50.2 51.4 51 47.7 44.8 36.9 -1.3 -1.3 -1.3 -1.3 -1.3 -1.3 -1.3 -1.3 -1.3 -1.3 -1.3 -1.3 -1.3 -1.3 -1.3 -1.3 -1.3 -1.3 -1.3
81.7 79.7 76 61.6 55.1 54.7 55.7 58.3 61.4 64.6 65.2 64.9 63.7 62.2 60.6 58.2 52.8 51.7 50 48 44.1 39.6 37.4 34.4 33.7 31.4 30.7 29.8 29.8 31.2 36.5 39.4 40.2 37.7 38.2 40 39.3 37.9 36.1 32.6 32 29.3 26.3 23.3 21.5 22.9 21.8 20.6 26 30.3 31.7 31.3 33.3 33.8 35.5 38.5 41 43.6 46.9 50.1 50.5 49.8 46.4 27.6 1.3 -1.3 -1.3 -1.3 -1.3 -1.3 -1.3 -1.3 -1.3 -1.3 -1.3 -1.3 -1.3 -1.3 -1.3 -1.3 -1.3 -1.3 -1.3 -1.3
89.2 85.6 77.9 60.7 56.8 57.9 64.7 69.1 70.6 71.5 71.3 72.1 74.8 75.8 75 70.5 63.6 61.1 59 56 52.3 48.7 45.5 43.4 40.5 37.4 35.8 36.8 37.3 36.6 39.5 43.8 46.6 47.3 46.3 44.1 39.3 36.6 32.9 29.9 28.3 25 23.3 22.9 23.2 25.3 26.3 24.2 28.4 32.1 36.8 36.3 37.5 39 40 43.2 45.5 47.2 50.2 53.2 54.9 50.1 44.9 23.2 -1.3 -1.3 -1.3 -1.3 -1.3 -1.3 -1.3 -1.3 -1.3 -1.3 -1.3 -1.3 -1.3 -1.3 -1.3 -1.3 -1.3 -1.3 -1.3 -1.3
95.7 89.7 77.9 60.1 57.8 67.2 75.5 82.2 84.4 83.9 85.1 88.1 88.8 89.9 90.8 84.2 76.6 73.3 69 63.7 59.4 54.9 51.4 47.7 45.6 42.9 42.2 43.8 44.6 43.2 44.1 48.3 51.6 50.8 49.1 46.3 43.1 36.4 31.7 28.3 26.1 24.7 26.1 26.8 27.6 27.8 29.4 26.3 28.2 32.4 36.1 38.9 43.2 45 46 49.2 52.7 54.3 56.2 57.5 59.7 56.9 43.5 16.9 -1.3 -1.3 -1.3 -1.3 -1.3 -1.3 -1.3 -1.3 -1.3 -1.3 -1.3 -1.3 -1.3 -1.3 -1.3 -1.3 -1.3 -1.3 -1.3 -1.3
96.9 91.5 79.7 59.9 61.3 73.7 83.9 92.1 96.6 98.6 99.4 102 102.4 102.4 100.9 94.2 90.4 87.8 84.2 78.3 73.1 66.7 59.6 54.1 50.1 47.6 47.3 48.8 49.8 49.8 51.8 54.4 53.3 50.7 47.8 43.7 39.9 34.7 29.6 27.1 26.9 29.2 30.3 31.8 31.8 33.4 32.1 29.6 28.1 29.2 33.8 38.5 44 46.4 50.9 53.6 57.9 60.8 61.5 63 62.7 58.7 30.3 3.8 -1.3 -1.3 -1.3 -1.3 -1.3 -1.3 -1.3 -1.3 -1.3 -1.3 -1.3 -1.3 -1.3 -1.3 -1.3 -1.3 -1.3 -1.3 -1.3 -1.3
97.6 93.1 81 60.3 66.2 76.8 88.5 97.3 100.3 103.6 106.5 108.5 110 109 106.5 104.1 100.5 98.4 95.6 92.4 88.5 83.2 73.5 66.2 60.1 58.2 55.1 53.9 55.7 55.8 56.8 53.8 51.5 47.8 44.5 40.5 36.7 32.3 28.3 28.8 30.1 32.5 35.1 37.1 36.8 35.8 33.6 31.7 32.7 33.8 35.2 36.7 41.1 48.8 54.8 57.6 62.2 64.4 66.3 66.9 65.2 58.4 33 4.5 -1.3 -1.3 -1.3 -1.3 -1.3 -1.3 -1.3 -1.3 -1.3 -1.3 -1.3 -1.3 -1.3 -1.3 -1.3 -1.3 -1.3 -1.3 -1.3 -1.3
98.3 94.9 83.1 61.9 67.2 78.8 89.1 97.4 100.5 103 106.6 110 112.6 113 111.7 110.2 108.5 105.8 102.5 99.4 96.5 91.4 85.7 79.7 73.6 74.4 72.5 64.9 64.5 58.3 56.8 53.5 48.3 44.2 39.8 36.7 34.7 30.6 31.1 31.7 34.2 36.8 38.1 39.1 38.8 38.2 35.9 35.3 36.4 38.8 40.7 40.5 41.6 48.6 57.7 64.2 65.3 64.7 63 63.5 62.5 51.8 28 5.9 -1.3 -1.3 -1.3 -1.3 -1.3 -1.3 -1.3 -1.3 -1.3 -1.3 -1.3 -1.3 -1.3 -1.3 -1.3 -1.3 -1.3 -1.3 -1.3 -1.3
97.5 93.5 85.3 65.4 68.4 77.3 85.4 92.3 97.3 101.6 106.2 110.6 114.2 116.2 116.5 115.8 113.7 110.7 107.3 104 100.1 95.2 89 83 78.5 78 78.1 72.6 67.5 59.2 56.6 52.7 49 44.3 38.6 35.1 32.6 32.5 34.3 35.5 43.7 46.1 46.2 45.6 45.1 44.1 39.2 38.6 40.6 41.6 43.5 44.5 45.2 48.6 56.9 64.9 65.6 62.9 58.8 56 50.6 39.8 26 11.1 -1.3 -1.3 -1.3 -1.3 -1.3 -1.3 -1.3 -1.3 -1.3 -1.3 -1.3 -1.3 -1.3 -1.3 -1.3 -1.3 -1.3 -1.3 -1.3 -1.3
92.4 88.6 84.9 70.3 67.3 73.6 80.5 86.4 92.8 100.6 107.2 112.1 115.8 117.4 117.8 117.3 115.5 113.5 110.6 106.2 101.9 97 93.4 88.9 85.8 83.1 80.4 75.6 67.4 57.5 54.8 50.8 46 41.7 36.7 34.9 34.5 35.7 38.2 44.1 52 52.8 52.3 52.2 52.2 51 45.4 42.9 45.8 46.1 47.9 48.7 50.2 51.2 56.6 62.2 62.5 59.9 55.5 51.7 46.2 39.3 25.9 13.8 1 -1.3 -1.3 -1.3 -1.3 -1.3 -1.3 -1.3 -1.3 -1.3 -1.3 -1.3 -1.3 -1.3 -1.3 -1.3 -1.3 -1.3 -1.3 -1.3
88.9 81.6 75.7 68 68.1 69.9 76.2 84.5 91 99.7 106.6 113.2 116.4 118 118.4 117.9 116.3 114.7 111.3 108.6 106.2 102.6 99.3 93.7 89.8 85.3 81.4 75.6 64.8 54.9 49.9 45.4 40.6 38.1 35.9 35.8 36.9 38.8 45.3 51.6 53.7 55 54.1 54.3 53.8 51.6 47.6 46.2 49.4 49.3 58.9 59.6 55 54.6 58.5 62 63.1 60.4 55.3 50.9 45.4 39.7 32.2 28.3 1.6 -1.3 -1.3 -1.3 -1.3 -1.3 -1.3 -1.3 -1.3 -1.3 -1.3 -1.3 -1.3 -1.3 -1.3 -1.3 -1.3 -1.3 -1.3 -1.3
80 72.5 69.3 70.1 69.9 69.7 77.7 88.1 96.2 101.9 107 113.3 117.4 119.8 120.2 119.4 116.7 115.3 114.7 111.8 110.3 106.3 101.6 97.5 92.5 87.2 80.2 69.4 56 50.3 45.6 42.2 40.8 39.5 39 39.8 40.4 44.1 47 53.3 55 57.2 59.3 58.3 58.9 57.6 53 51.7 59.2 62.1 62.1 61.9 58.2 57.6 60.9 65.9 67.1 63.2 58.6 53 47.1 42.8 35.3 28.3 4.1 0.5 -1.3 -1.3 -1.3 -1.3 -1.3 -1.3 -1.3 -1.3 -1.3 -1.3 -1.3 -1.3 -1.3 -1.3 -1.3 -1.3 -1.3 -1.3
73.2 75.2 78 80.9 76.5 71.6 79.5 90.5 99 105.8 112.2 118.7 120.9 121.7 121.7 120.9 117.9 117 116.3 116.5 113.5 107.8 103.3 98.2 93.7 85.7 77.3 62.2 53.6 48.2 45.3 43.3 43.2 43.4 42.7 44 45.8 49.1 52.6 56.3 58.5 61 63.1 63.2 62 58.6 54 56.5 59.7 62.7 63.2 62.7 60.4 60.4 62.8 66 63.4 71.2 71.1 66.3 52 43.2 38.8 37.5 40.6 28 15.2 3.7 -1.3 -1.3 -1.3 -1.3 -1.3 -1.3 -1.3 -1.3 -1.3 -1.3 -1.3 -1.3 -1.3 -1.3 -1.3 -1.3
84.4 91.3 92.4 92.1 80 73.7 78.8 91.2 102.1 114.7 122.9 127.2 128 126.9 125.1 122.7 119.7 118.8 116.8 117.8 113.8 105.5 97.6 95.7 91.4 83.2 70 56.4 50.6 48.2 47.2 46.9 45.5 46.5 48.3 50.6 53 55.1 57.1 60.3 62.4 64.4 66.2 66 63.1 60.3 56.4 58.3 62.2 65.3 67 66.9 65.2 65.4 66.4 66 69.7 70.6 71.1 69.9 66.6 59.2 46 47.1 48.1 43.6 37.9 31.2 30.5 28.4 24.5 9.6 -1.3 -1.3 -1.3 -1.3 -1.3 -1.3 -1.3 -1.3 -1.3 -1.3 -1.3 -1.3
102.5 103.5 100.4 94.4 80.5 79.1 80.7 90.4 103.2 115.7 125.4 128.3 129.4 130 127.9 124.4 120.1 116.5 112.1 110 105 98.8 94.3 90.5 85 76 59.5 54.3 51.2 50.9 51.6 50.6 50.6 51.6 53.9 55.7 57.9 59.7 63.1 67 68.3 69.8 70.6 70.2 69.4 64.9 61.5 62.6 65.5 69.1 70.1 70.6 70 67.7 67.9 69.7 71 72 71.3 68.1 64.3 59.4 56 50.6 52.3 55.3 51.3 40.7 37.1 34.7 31.5 26 -1.3 -1.3 -1.3 -1.3 -1.3 -1.3 -1.3 -1.3 -1.3 -1.3 -1.3 -1.3
107.2 106.3 102.5 92 83 85.7 88.8 87.6 98.9 117.1 124.7 127.7 128.2 128.6 126.3 123.7 119 113.6 107.5 102.6 98.3 91.7 85.2 75.2 68.8 62.6 58.1 56.6 55.2 55.7 54.8 55.8 54.2 54.7 57.5 60 62.9 68.3 74 81.1 83.5 83 81.4 79.4 77.8 71.3 67.2 69.6 72.3 74.8 76 75 74.2 72.4 72.6 72.7 73.1 73 71.7 68.5 65.4 62.5 61.6 60.5 56.3 60 58.4 57.2 51.8 46.2 39.6 23.3 -1.3 -1.3 -1.3 -1.3 -1.3 -1.3 -1.3 -1.3 -1.3 -1.3 -1.3 -1.3
113.1 108.9 103.8 90.1 90.1 92.1 94 97.4 93.8 105.7 118.7 125.4 126.3 126.7 123.1 118.3 111.2 109 104.6 97.5 89.7 81.4 72.1 65.2 62.4 61.8 60.9 61.1 60.7 59.4 60 61.1 58.2 59.4 62.7 65.9 70.3 79.4 87.8 94.5 96.7 94.6 93.2 90.8 85.1 76.9 76.2 82.4 87.1 89.7 90.2 88.4 85.5 82.5 80.1 78.2 75.7 75 73.3 70.5 68.6 67.8 67.3 65.5 61.8 60.1 60.8 58.8 58.3 54.5 48.2 31.1 -1.3 -1.3 -1.3 -1.3 -1.3 -1.3 -1.3 -1.3 -1.3 -1.3 -1.3 -1.3
118.3 111 102.9 92.2 101.5 105.3 104.9 105.4 107.3 106.8 107.2 122.9 123.6 123.8 120.4 115.8 107.9 104.4 98.9 90.9 80.9 72.4 67.1 67.9 67.6 66.4 67.1 65.3 66.2 66.5 67.2 65.8 63 63.7 68.8 73.1 82.4 96 104.3 106.4 106.7 106.3 103.9 103.9 93.9 85.5 89.4 94.5 99.2 101.9 101.5 100.7 96.2 91 85.5 83.6 80.8 76.7 74.1 71.9 69.9 67.9 66 63.6 61.5 62.3 63.4 66.1 60.3 54.6 53.4 50.7 41 20.7 -1.3 -1.3 -1.3 -1.3 -1.3 -1.3 -1.3 -1.3 -1.3 -1.3
121.2 113.3 102.3 100.4 117.4 121.3 122.9 122.1 120.2 115.6 115.7 120.1 120.8 119.9 117.5 113.6 107.8 98.5 91.9 83.5 74 70.1 71.4 75.6 74.8 74.2 71.5 73.7 74.3 74.8 72.8 72.2 70.6 70.8 73.9 82.5 94.3 110 113.9 116.2 116.3 115.4 112.5 107.3 101.3 93.5 96.7 100.6 105 107.9 108.6 107.2 103.5 99.5 93.5 88.9 84.6 78.3 73.6 71 68 65.1 61.6 58 57.6 59.1 59.2 63.3 66.3 57.5 47 37.9 27.6 -1.3 -1.3 -1.3 -1.3 -1.3 -1.3 -1.3 -1.3 -1.3 -1.3 -1.3
122.3 109.6 100.6 111.2 123.5 127.9 131.4 131.8 128.4 122.2 117.5 119.2 118.5 116 112.2 108.9 104.5 93.5 86.5 80.9 75.3 72 79.8 85.1 82.3 79.8 82.2 85.6 87.3 88 86.9 83.6 80.2 79.1 81 89.8 106.9 118.9 123.3 124.2 124 122.4 119.5 112.6 106.4 99.9 101.8 104.3 107.6 110.9 112.1 111.9 109.8 106.5 101.4 94.8 87.3 79.4 73.5 67.3 63.1 59.9 55.2 50.2 42.9 43.2 37.3 39.5 39 34.6 -1.3 -1.3 -1.3 -1.3 -1.3 -1.3 -1.3 -1.3 -1.3 -1.3 -1.3 -1.3 -1.3 -1.3
122.5 107.6 108.1 117.2 128.1 135.5 136.9 136.5 134.1 128 122.9 122.4 121.3 117.8 112.7 104.9 96.8 88.6 82.1 76.1 74.8 79.5 87 90.2 92.1 93.3 95.3 100 105.7 107.9 107.2 101.3 92.4 88.9 89.3 96.1 113.8 122.1 127 128.3 126.9 124.5 120.9 114.7 107.8 105.8 107.4 108.9 110.9 114.3 113.9 113 111.4 107.5 102.2 98.6 88.2 79.7 68 55.4 50.9 48.6 36.6 32.3 17.9 10.7 -1.3 -1.3 -1.3 -1.3 -1.3 -1.3 -1.3 -1.3 -1.3 -1.3 -1.3 -1.3 -1.3 -1.3 -1.3 -1.3 -1.3 -1.3
