Game/Highland_Data/StreamingAssets/GeoData/Data/sx/SX98.asc
ncols 200
nrows 200
xllcorner 290000
yllcorner 80000
cellsize 50
[rows 78 to 116 of 200, columns 87 to 173 of 200]
23 19.8 21 20.3 16.7 14.3 14.5 13.2 12 10.6 9 7.6 7.2 6.1 4.9 4 3.6 4.1 3.2 2 2.5 2.1 2 2.2 1.9 1.9 1.8 1.7 1.9 1.2 1.5 0.9 2 0.6 0.1 0.9 1 0.7 0.4 1.1 3.5 2.5 1 0.3 -0.5 -0.5 -0.5 -0.5 -0.5 -0.5 -0.5 -0.5 -0.5 -0.5 -0.5 -0.5 -0.5 -0.5 -0.5 -0.5 -0.5 -0.5 -0.5 -0.5 -0.5 -0.5 -0.5 -0.5 -0.5 -0.5 0 0.4 0.8 1.1 1.5 2.9 5.5 7.5 10.3 13 16.1 16.7 15.9 19.3 23.5 25.5 29.3
21.6 23.4 32.8 27.6 18.9 18.8 18.6 16.8 15 12.9 11.3 9.8 7.9 6.4 5.5 4.5 3.5 3.3 2.7 2.1 2.8 2.1 1.8 1.6 1.6 1.8 1.7 1.1 1.5 1.7 1.4 0.6 1.2 1 0.3 0.2 0.2 0.1 0.3 0.3 -0.5 2.9 0.9 -0.5 -0.5 -0.5 -0.5 -0.5 -0.5 -0.5 -0.5 -0.5 -0.5 -0.5 -0.5 -0.5 -0.5 -0.5 -0.5 -0.5 -0.5 -0.5 -0.5 -0.5 -0.5 -0.5 -0.5 -0.5 -0.5 -0.2 0.1 0.5 0.9 1.2 1.4 1.6 4.9 7.3 10.6 15.6 19 20 19.7 21.6 24.9 27.7 29.4
26.1 33.3 35.1 27.9 20.2 24.7 25.4 21.4 18.5 16 13.7 11.9 10 7.9 6.2 5.7 5 4 3.2 2 2.5 1.6 1.9 1.9 1.8 1.6 1.6 0.8 1.2 1.5 1.3 0.6 0.3 1.2 1.1 1 1.2 0.8 0.6 1.7 -0.5 -0.5 0.9 -0.5 -0.5 -0.5 -0.5 -0.5 -0.5 -0.5 -0.5 -0.5 -0.5 -0.5 -0.5 -0.5 -0.5 -0.5 -0.5 -0.5 -0.5 -0.5 -0.5 -0.5 -0.5 -0.5 -0.5 -0.5 -0.5 -0.1 0.3 0.5 0.8 1 1.3 1.5 4 7.2 11.2 16 18.9 20.8 21.6 23.5 25.9 27.9 29.6
35.8 36.9 33.8 28 21.4 30.8 32.7 27.9 23.9 20.8 18 15.3 12.9 10 8 7.1 6 4.6 4.2 2.6 1.9 1.7 1.4 1.7 1.8 1.6 1.5 1.7 1.6 1.1 1.4 1.3 0.8 0.4 1.7 1.2 1.4 1.2 1.3 1.7 -0.5 -0.5 1 -0.5 -0.5 -0.5 -0.5 -0.5 -0.5 -0.5 -0.5 -0.5 -0.5 -0.5 -0.5 -0.5 -0.5 -0.5 -0.5 -0.5 -0.5 -0.5 -0.5 -0.5 -0.5 -0.5 -0.5 -0.5 -0.3 -0.1 0.2 0.4 0.7 0.9 1.2 1.4 1.6 6 9 16.1 18.7 21.3 22.3 23.8 25.1 26.7 26.9
40.5 39.1 35.1 29 22.9 32 38.7 35.3 30 27.1 23.4 19.8 16.1 12.5 10.9 9.4 7.7 5.3 3.7 3 2.3 1.9 1.4 1.5 1.6 1.4 1.6 1.7 1.6 0.9 1.4 1.3 1.3 1.3 1.3 1.9 1.6 1.7 1.6 1.5 1.1 -0.5 -0.5 -0.5 -0.5 -0.5 -0.5 -0.5 -0.5 -0.5 -0.5 -0.5 -0.5 -0.5 -0.5 -0.5 -0.5 -0.5 -0.5 -0.5 -0.5 -0.5 -0.5 -0.5 -0.5 -0.5 -0.5 -0.5 -0.5 -0.1 0.1 0.4 0.6 0.8 1.1 1.3 1.5 5.3 10.3 13.8 18 21.2 22.5 23.4 24.3 24.3 25.3
40.8 38.3 34.1 28.3 25.2 35.4 43 41.3 38.1 33.6 29.5 25.8 21.3 17.7 14.6 11.9 9.3 5.8 4.4 3.5 2.6 1.8 1.7 1.2 1.4 1.5 1.6 1.7 1.5 0.8 0.7 1.4 1.2 1.2 1.2 1.2 2 1.3 1.6 1 0.8 1.2 -0.5 -0.5 -0.5 -0.5 -0.5 -0.5 -0.5 -0.5 -0.5 -0.5 -0.5 -0.5 -0.5 -0.5 -0.5 -0.5 -0.5 -0.5 -0.5 -0.5 -0.5 -0.5 -0.5 -0.5 -0.5 -0.5 -0.5 -0.2 0.1 0.3 0.5 0.8 1 1.2 1.5 4 7.7 12.2 17.8 19.7 21.1 22.5 23.1 22.7 23.2
38.9 34.9 30.1 27.8 33.1 38.9 42.5 41.8 39.8 35.6 32.2 28.6 25 21.4 17.9 14.8 10.5 6.4 7.5 6.5 5 3.4 2.8 1.5 1.5 1.2 1.2 1.9 1.4 0.8 1.1 1.5 1.3 1.1 1 0.8 1.2 2.1 1.5 0.9 0.7 2.2 -0.5 -0.5 -0.5 -0.5 -0.5 -0.5 -0.5 -0.5 -0.5 -0.5 -0.5 -0.5 -0.5 -0.5 -0.5 -0.5 -0.5 -0.5 -0.5 -0.5 -0.5 -0.5 -0.5 -0.5 -0.5 -0.5 -0.5 -0.2 0 0.2 0.5 0.7 0.9 1.2 1.4 1.6 6.6 10 17.8 19.8 20.5 21.5 21.1 20.2 19.6
34.9 33.4 34.8 36 42 40.3 36.9 33.4 31.5 28.8 26.3 23.7 22.3 21.2 19.8 15.6 9.2 10.5 13.1 10.8 8.4 6.1 4.4 1.9 1.5 1.2 1.1 1.2 1.3 1.5 1.6 1.6 1.3 1 1.1 1.2 1.1 0.9 1.5 0.8 0.7 0.9 -0.5 -0.5 -0.5 -0.5 -0.5 -0.5 -0.5 -0.5 -0.5 -0.5 -0.5 -0.5 -0.5 -0.5 -0.5 -0.5 -0.5 -0.5 -0.5 -0.5 -0.5 -0.5 -0.5 -0.5 -0.5 -0.5 -0.5 -0.3 -0.1 0.2 0.4 0.7 0.9 1.1 1.4 1.6 5.4 9.2 17.1 19.8 20.6 19.3 18.3 17 16.6
39.9 41.1 45.3 45.9 44.7 41.3 35.7 29.6 25.4 22.5 21.2 17.9 16.4 16.3 15.3 11.7 11.7 19.6 19.4 15.7 11.7 9 6.6 3.9 2.1 1.3 0.9 1.3 1.6 1.6 1.5 1.3 1 1.2 1.3 1 1 0.8 0.8 1.2 0.6 0.8 -0.5 -0.5 -0.5 -0.5 -0.5 -0.5 -0.5 -0.5 -0.5 -0.5 -0.5 -0.5 -0.5 -0.5 -0.5 -0.5 -0.5 -0.5 -0.5 -0.5 -0.5 -0.5 -0.5 -0.5 -0.5 -0.5 -0.5 -0.3 -0.1 0.2 0.4 0.6 0.9 1.1 1.3 1.5 1.6 7.9 17.2 19.2 17.9 15.4 14.9 14.5 13.7
53.9 52.7 53 50.5 45.8 40.2 33.5 27.6 24.6 22.8 22.5 21.2 17.6 15.3 13.2 14.8 19.8 25.5 24.6 21.4 17 13.7 10.1 6 3.1 2.4 1.8 2.1 1.5 1.3 1.1 1.5 1.5 1.3 1.1 1.2 1 1 0.7 0.7 1 0.7 0.6 -0.5 -0.5 -0.5 -0.5 -0.5 -0.5 -0.5 -0.5 -0.5 -0.5 -0.5 -0.5 -0.5 -0.5 -0.5 -0.5 -0.5 -0.5 -0.5 -0.5 -0.5 -0.5 -0.5 -0.5 -0.5 -0.5 -0.3 -0.1 0.1 0.3 0.5 0.7 0.9 1.1 1.3 1.6 6 13.9 17.5 16.1 12.8 11.6 12 14.7
61.9 58.2 53.1 48.7 42.8 36.5 30.5 26.9 25.9 26 24.7 23.1 19.3 17.7 16.6 20.1 24.8 28.2 27.7 25.2 21.5 16.2 9.4 4.8 5.3 7.7 5.7 3.8 1.5 1.3 1.2 1.2 1.3 1.2 1.4 1 0.9 1.2 0.1 0.6 0.8 0.8 0.7 -0.5 -0.5 -0.5 -0.5 -0.5 -0.5 -0.5 -0.5 -0.5 -0.5 -0.5 -0.5 -0.5 -0.5 -0.5 -0.5 -0.5 -0.5 -0.5 -0.5 -0.5 -0.5 -0.5 -0.5 -0.5 -0.5 -0.4 -0.2 0 0.2 0.4 0.6 0.8 1 1.2 1.5 1.5 9.8 12.8 10.1 8.7 11.4 15.1 17.4
62.3 56.5 50.5 45.3 39.2 33.2 32.7 31.5 29.8 28.4 26.7 23.6 21.6 21 20.5 20.6 24.7 28.6 28.2 25.5 21.6 14.1 6.1 6.5 12 12.9 10.4 6.8 2.8 1.5 1.5 1.2 1.1 0.8 0.8 0.8 1.1 1.3 0.7 0.4 0.6 0.4 0.7 2.7 -0.5 -0.5 -0.5 -0.5 -0.5 -0.5 -0.5 -0.5 -0.5 -0.5 -0.5 -0.5 -0.5 -0.5 -0.5 -0.5 -0.5 -0.5 -0.5 -0.5 -0.5 -0.5 -0.5 -0.5 -0.5 -0.5 -0.4 -0.2 0 0.2 0.4 0.6 0.9 1.1 1.4 1.9 4.4 4.9 7 11.5 15.1 16.8 19.2
60.1 53 46.9 41.3 37.4 39.6 38.3 36.6 34.3 32.1 29.4 27.5 28.4 27 25.1 22.2 23.4 24.7 24.3 22.8 18.4 11.1 7.9 17.4 19.8 17.8 15.2 11.2 6.6 2 3.6 3.5 1.4 1 0.9 1.1 1.4 1.1 1.4 0.9 1 0.6 0.6 0.7 0.9 -0.5 -0.5 -0.5 -0.5 -0.5 -0.5 -0.5 -0.5 -0.5 -0.5 -0.5 -0.5 -0.5 -0.5 -0.5 -0.5 -0.5 -0.5 -0.5 -0.5 -0.5 -0.5 -0.5 -0.5 -0.5 -0.5 -0.3 -0.1 0.1 0.3 0.5 0.8 1 1.3 1.5 3 5.3 13.2 16.8 17.8 19.2 21.6
55.9 49.2 43.8 47 40.5 47 45.2 43.5 39.8 37.3 33.9 30.3 28.1 28 25.7 22.5 20.7 20.6 19.8 18.3 15.9 10.2 9.3 23.6 25.4 22.5 18.8 14.2 6.9 5 7.2 8.5 5.4 1.2 1.1 0.9 0.8 1.3 1.3 1.1 0.7 0.5 0.6 0.7 0.8 0.9 -0.5 -0.5 -0.5 -0.5 -0.5 -0.5 -0.5 -0.5 -0.5 -0.5 -0.5 -0.5 -0.5 -0.5 -0.5 -0.5 -0.5 -0.5 -0.5 -0.5 -0.5 -0.5 -0.5 -0.5 -0.5 -0.5 -0.3 -0.1 0.1 0.4 0.7 0.9 1.1 1.4 1.6 6.5 15.2 20 20.9 21.6 23
53 52 54 54.9 46.2 53.3 55.2 52.1 47.2 41.3 36.8 32.7 29.3 26.6 24.4 21 19.3 17.8 16.6 15.1 13.1 9.4 11.1 23.5 26.4 24.4 20 15.6 8.1 9.4 14.9 14.4 9.2 2.6 1.4 1.1 1.2 1.2 1.1 1 0.7 0.6 0.3 0.7 0.7 0.7 0.6 -0.5 -0.5 -0.5 -0.5 -0.5 -0.5 -0.5 -0.5 -0.5 -0.5 -0.5 -0.5 -0.5 -0.5 -0.5 -0.5 -0.5 -0.5 -0.5 -0.5 -0.5 -0.5 -0.5 -0.5 -0.5 -0.4 -0.2 0 0.3 0.5 0.8 1 1.2 1.5 2.8 11.8 17.3 20.9 21.5 23.1
62.4 61.4 64.3 65.2 58.2 61.9 63.4 58.9 51.2 43.1 36.5 32.4 28.7 25.9 22.9 20.4 18.6 16.9 15.7 14.3 12.3 9.9 9.7 17.3 20.6 19.9 17 14.1 9.6 15.6 22.9 22.1 14.1 8.3 3 1.4 1.2 1.1 1 0.9 0.8 0.8 0.2 0.8 0.7 0.8 0.6 0.9 1.3 -0.5 -0.5 -0.5 -0.5 -0.5 -0.5 -0.5 -0.5 -0.5 -0.5 -0.5 -0.5 -0.5 -0.5 -0.5 -0.5 -0.5 -0.5 -0.5 -0.5 -0.5 -0.5 -0.5 -0.5 -0.3 -0.1 0.1 0.4 0.6 0.8 1.1 1.3 1.6 5.9 12.7 17 20.6 22.5
73.7 74.5 76.6 77.2 72.4 72.2 68.3 62.9 54.3 43.7 36.6 32.6 29.1 26.6 24.1 21.5 20 17.9 16.9 16.4 14 10.9 9.2 13 15.3 15.6 14.4 13.3 15.1 20.5 29.5 31.9 22.8 15.4 10.1 3.9 1.1 0.9 0.9 0.8 0.9 0.8 0.3 0.8 0.8 0.7 0.7 0.7 0.9 1.2 1.4 1 -0.5 -0.5 -0.5 -0.5 -0.5 -0.5 -0.5 -0.5 -0.5 -0.5 -0.5 -0.5 -0.5 -0.5 -0.5 -0.5 -0.5 -0.5 -0.5 -0.5 -0.5 -0.5 -0.3 -0.1 0.2 0.4 0.7 0.9 1.2 1.4 2.1 9.1 12.8 16.9 20.6
76.4 76.6 77.8 77.9 78 76.4 73 66.4 55.3 44.6 38.4 33.6 30.9 28.1 25.6 23.5 22.4 21 19.2 17.7 15.2 12.3 11 11.9 13.4 14.7 15.3 14.8 15.6 22.3 31.7 39.5 34.6 27.5 18.4 7 2.1 0.7 0.8 0.8 1 0.6 0.2 0.8 0.8 0.7 0.7 0.7 0.7 0.9 1.1 1 1.6 0.9 0.5 0.2 -0.1 -0.5 -0.5 -0.5 -0.5 -0.5 -0.5 -0.5 -0.5 -0.5 -0.5 -0.5 -0.5 -0.5 -0.5 -0.5 -0.5 -0.5 -0.5 -0.2 0 0.2 0.5 0.8 1 1.3 1.5 5.7 9.7 12.8 17.4
70.5 70.1 71.4 73.5 75.3 75.4 74.9 70.8 62.9 52.4 45 38.3 33 29.9 27.5 25.8 24.2 22.7 20.8 18.7 16.3 13.7 13 13.2 14.3 15.2 16.7 18.1 18.6 23.2 33.3 40.2 39.2 37.3 27.9 22.2 12.7 0.7 0.7 0.8 1 0.7 0.3 0.8 0.8 0.8 0.9 0.8 0.7 0.6 0.9 0.8 0.8 2.6 1.4 0.9 0.5 0.2 0 -0.2 -0.5 -0.5 -0.5 -0.5 -0.5 -0.5 -0.5 -0.5 -0.5 -0.5 -0.5 -0.5 -0.5 -0.5 -0.5 -0.4 -0.2 0.1 0.4 0.6 0.9 1.1 1.4 1.6 6.2 10.7 14.3
61.6 61.4 62.9 65 65.7 69 70.7 71.3 67.7 61.3 52.5 44.6 38.5 33.7 30.4 28 26.8 24.9 22.2 20.3 18.4 16.4 15 14.3 15.2 16.5 18.1 19.5 21.2 24 29.2 34 37.8 37.3 36.2 33.2 26.6 10.6 0.8 1 1 0.8 0.8 0.9 1 1.1 1 0.9 0.8 0.8 0.8 0.9 1 1 1 1.4 1 0.6 0.4 0.2 0.1 -0.1 -0.3 -0.5 -0.5 -0.5 -0.5 -0.5 -0.5 -0.5 -0.5 -0.5 -0.5 -0.5 -0.5 -0.5 -0.3 0 0.2 0.5 0.7 1 1.3 1.5 2.2 7.3 9.6
56.7 54.4 51.7 53.5 55.1 61.7 65.7 66.7 67.6 67.1 62.3 55.3 46.8 40.8 36.1 32.9 30.7 27.6 24.3 22.5 20.5 18.4 17 15.8 16.3 17.9 19.2 20.3 21.5 23.2 26.2 28.6 30.7 32.3 33.6 31.1 29.5 23.5 8.5 1.2 1 0.7 0.6 1.1 1.3 1.2 1.1 0.9 1 1 0.9 1 1.1 1 1 1.1 1.3 0.9 0.7 0.5 0.2 0.1 -0.1 -0.2 -0.4 -0.5 -0.5 -0.5 -0.5 -0.5 -0.5 -0.5 -0.5 -0.5 -0.5 -0.5 -0.5 -0.2 0.1 0.4 0.6 0.9 1.1 1.4 3.3 3.1 6.3
55.1 55.2 48.2 43.9 45.9 53.9 57.3 57.6 59.1 65.2 65.7 58.8 48.3 47 45.1 40.5 36 31.6 27.5 25.2 23.2 21 19.6 18.1 17.9 18.6 20.2 21.4 22.6 24 24.3 24 24.8 25.1 24.7 24.8 25 21.5 15.4 7.9 3.7 1 0.6 0.9 1.4 1.2 1.1 1.1 1.1 1 1.1 1.1 1.2 1.2 1.3 1.2 1.4 1.2 0.9 0.6 0.4 0.3 0.1 0 -0.2 -0.3 -0.5 -0.5 -0.5 -0.5 -0.5 -0.5 -0.5 -0.5 -0.5 -0.5 -0.5 -0.3 0 0.3 0.5 0.8 1.1 1.3 1.6 2.1 2.8
45.9 52.7 50.9 44.2 38.6 46.6 47.5 46.1 47.3 57.6 60.2 57.2 43.5 34.6 38.2 43.6 42.2 37.7 33 29.1 27.6 24.7 22.5 20.4 20.8 21.7 21.2 22.4 23.5 24.2 23.1 21.6 20.8 19.7 19 18 16.7 15.1 12.5 9 6.8 5.8 1 1 1.2 1.3 1.2 1.1 1 1 1 1.2 1.4 1.4 1.3 1.3 1.6 1.3 1 0.8 0.6 0.5 0.3 0.1 0 -0.2 -0.3 -0.5 -0.5 -0.5 -0.5 -0.5 -0.5 -0.5 -0.5 -0.5 -0.5 -0.3 -0.1 0.2 0.5 0.7 0.8 1 1.2 1.6 2.3
34.8 40.9 43.7 43 35.6 37.1 38.4 35.1 44.2 50.3 53.2 52.5 44.3 36.7 27.5 34.8 41.4 39.3 35.6 31.5 29.7 27.8 26.6 24 24.2 24.4 24 23.6 23.8 24 23.2 21.2 18.8 16.1 14 12.9 11.3 9.6 7.5 6.3 5 1.9 1.5 4.2 5.2 2 1.2 1.1 1 0.9 1 1.1 1.2 1.9 1.3 1.2 1.6 1.3 1.1 1 0.7 0.5 0.4 0.2 0 -0.1 -0.2 -0.4 -0.5 -0.5 -0.5 -0.5 -0.5 -0.5 -0.5 -0.5 -0.5 -0.5 -0.4 -0.2 0 0.2 0.3 0.5 0.8 4.1 2.3
25.1 29.6 33.5 36.6 36.3 30 29.4 30.4 33.8 39 43 41.1 38.4 34 27.1 25.7 32.6 34.4 31.7 30.5 30.9 29.9 29.3 28.7 29.6 29.7 27.8 25.9 23.9 22.3 21.1 19.4 16.8 14.6 11.5 8.5 7.1 6.3 5.7 4.3 3 1.9 4.7 8.7 8.5 6.8 2.4 1.3 1.2 1 1.1 1.2 1.2 1.2 2.4 1.3 2.6 1.4 1.2 1 0.8 0.6 0.4 0.3 0.2 0 -0.1 -0.3 -0.5 -0.5 -0.5 -0.5 -0.5 -0.5 -0.5 -0.5 -0.5 -0.5 -0.5 -0.5 -0.5 -0.3 -0.2 0 0.5 1.6 3.5
15.5 19.1 23.8 27.4 30.1 30 25.5 23.7 25 28.5 31.6 30.9 27.9 25.8 24.2 21.2 23.7 23.6 23.6 26.5 30.4 32.8 32.7 34.7 37.8 37.1 34.2 30 26.5 23.1 19.1 15.8 13.8 11.9 9.5 7.9 8.1 8.8 7.8 5.5 4.2 7 11.4 13 11.8 9.2 5.1 2.4 2.6 1.6 1.2 1.2 1.2 1 1 0.6 2.4 1.5 1.2 1.1 0.9 0.7 0.5 0.4 0.2 0.1 -0.1 -0.2 -0.4 -0.5 -0.5 -0.5 -0.5 -0.5 -0.5 -0.5 -0.5 -0.5 -0.5 -0.5 -0.5 -0.5 -0.5 -0.5 0.2 1.4 4.4
12.3 12.8 13.8 17.5 21.6 23.6 22.7 19 18.7 21.9 24.2 25.3 22.9 21.5 19.4 17.5 17 17.2 16.8 23.8 30.3 35.9 37.4 42.6 46.7 44.8 40.6 34.8 31.5 27.2 23.4 18.8 15.5 12.5 10.9 11.1 11.4 10 8.3 6.6 7.9 16 16.9 19.3 15.9 10.9 7.9 6 5 3.3 2.3 1.2 1.2 1.4 1.2 0.9 0.9 1.5 1.3 1.1 0.9 0.8 0.6 0.5 0.3 0.2 0 -0.1 -0.3 -0.5 -0.5 -0.5 -0.5 -0.5 -0.5 -0.5 -0.5 -0.5 -0.5 -0.5 -0.5 -0.5 -0.5 -0.5 -0.5 1.2 4.1
12.2 11.9 11.4 11.5 12 15.3 16.7 16.1 16.1 17.5 19 19.9 18.6 17.3 15.3 14 14.4 14.1 14.7 19.6 26.5 33.9 39.8 43.4 47.9 49.5 47 44.7 44.4 39.5 35.6 30 23.8 17.8 15.2 14.9 13.7 12.1 10.6 9.8 12.8 23.5 25 27.5 22 16.4 14.5 10 6.4 5 4.3 4.1 1.6 1.3 1.3 0.7 2.5 1.5 1.4 1.2 1 0.9 0.7 0.6 0.4 0.2 0 -0.2 -0.5 -0.5 -0.5 -0.5 -0.5 -0.5 -0.5 -0.5 -0.5 -0.5 -0.5 -0.5 -0.5 -0.5 -0.5 -0.5 -0.5 1 3.8
11.8 10.9 11.1 10.8 10.9 11 12.2 13 13.4 14.8 15.5 15.8 14.4 13.6 11.1 9.5 10.1 11 12.3 14.4 20.7 27.2 33.2 38.8 42.5 47.7 49 51.3 53.7 50 47.6 40 33.5 23.7 18.9 20 17.7 17 13.7 15.3 18.6 23.7 26.6 27.5 24.8 19.7 16.6 11.6 6.6 3.9 2.4 1.3 1.4 2 1.2 1.2 1.4 1.6 1.4 1.3 1.1 1 0.8 0.6 0.3 0.1 -0.2 -0.5 -0.5 -0.5 -0.5 -0.5 -0.5 -0.5 -0.5 -0.5 -0.5 -0.5 -0.5 -0.5 -0.5 -0.5 -0.5 -0.5 -0.5 0.7 0.7
13.4 12 10.9 10.6 10.7 10.3 10.3 10 10 10.5 11.2 12.4 11.4 9.4 8 7.6 7.6 7.6 8 9.7 13.4 19.7 25.7 30.1 36.1 41.2 44.1 49.3 55 53.5 50 44 35.5 26.3 27.5 28.3 26.4 21.8 17 21 24.3 25.2 27.4 25.6 22.7 19.1 14.4 9 4.1 3.7 4.3 5.5 5.1 4.6 3.4 1.4 1.5 3.2 1.5 1.4 1.1 0.9 0.6 0.3 0.1 -0.2 -0.5 -0.5 -0.5 -0.5 -0.5 -0.5 -0.5 -0.5 -0.5 -0.5 -0.5 -0.5 -0.5 -0.5 -0.5 -0.5 -0.5 -0.5 -0.5 0.5 3.4
14.7 13.5 12.7 12.6 11.3 9.5 10 9.3 8.8 8.8 8.3 9.6 8.3 7.4 6.5 6.7 7.4 7.6 8.5 7.6 7.4 10.9 15.6 21.7 27.9 32.1 37.2 44.3 50.9 54.3 50.2 42.1 36.7 37.2 41.8 38.4 30.8 30.3 29.3 26.3 25.1 23.2 23.5 21.7 18.9 15.2 9.7 5.7 7.8 8.6 8 7.3 6.5 5.5 4.1 1.2 1.4 1.5 1.4 1.1 0.9 0.6 0.3 0.1 -0.2 -0.5 -0.5 -0.5 -0.5 -0.5 -0.5 -0.5 -0.5 -0.5 -0.5 -0.5 -0.5 -0.5 -0.5 -0.5 -0.5 -0.5 -0.5 -0.5 -0.5 -0.5 1.4
18.4 16.6 14.8 14 12.9 11.8 11.3 10.4 9.6 8.3 7.9 8.5 8.1 8.9 8 7.5 7.8 6.4 7 6.4 6.7 5.9 7.7 13.7 19.3 23.2 29.1 38 46 52.9 53.5 49.8 47.2 49.2 50.9 41 40.9 40.2 35.2 30 25.4 20.3 18.6 16.6 13.1 10.5 9.4 7.9 9.7 10 9.4 8.1 6.8 5.5 4.4 2.4 1.8 1.5 3.5 1.1 0.6 0.3 0.1 -0.2 -0.5 -0.5 -0.5 -0.5 -0.5 -0.5 -0.5 -0.5 -0.5 -0.5 -0.5 -0.5 -0.5 -0.5 -0.5 -0.5 -0.5 -0.5 -0.5 -0.5 -0.5 -0.5 0.9
24.7 21.9 18.6 16.4 15.3 14.1 13.2 11.9 11 10.7 10.3 10.3 10.1 9.4 9.6 10.2 8.8 7.4 7.1 8.3 6.9 5.8 5 7.5 12.1 17.6 24.9 33.3 41.2 49.9 56.5 56.3 54.5 54.2 52.8 49.6 49 44.6 38.8 32.5 25.4 21.8 20.4 19.7 15.5 13.2 10.7 9.4 9.7 10.7 10 8.5 6.8 5.7 4.9 4 3.1 1.8 1.4 1.5 0.7 0.1 -0.2 -0.5 -0.5 -0.5 -0.5 -0.5 -0.5 -0.5 -0.5 -0.5 -0.5 -0.5 -0.5 -0.5 -0.5 -0.5 -0.5 -0.5 -0.5 -0.5 -0.5 -0.5 -0.5 -0.5 0.6
27 25.7 21.6 22.1 21.3 20.3 19 17.7 17.7 16.1 14 13.2 11.2 10.1 12.5 13.2 10 10.4 9.1 8.4 7.5 6.5 5.6 4.5 6.2 11.6 21.2 29.1 35.7 43 51.9 57.1 56.1 56.9 62.1 59 54.5 48.2 41.7 34.4 26.7 29.6 26.6 23.4 19 14.5 11.9 11.7 11.7 11.5 10.4 9 7.7 6.5 5.6 4.8 4 3.4 2.6 3.4 1.1 0.4 -0.5 -0.5 -0.5 -0.5 -0.5 -0.5 -0.5 -0.5 -0.5 -0.5 -0.5 -0.5 -0.5 -0.5 -0.5 -0.5 -0.5 -0.5 -0.5 -0.5 -0.5 -0.5 -0.5 -0.5 0.3
27 25.3 21.9 25.1 24.8 25.4 26.1 24.4 25.4 22.8 19 15 11.3 11.6 20.5 18.6 15 12.9 10.6 9.5 8.6 7.3 5.5 4.4 5.3 6.9 14 22.4 29.6 36.7 45.5 51.7 54 57 65.4 63.9 56.2 48.1 40.4 32.1 34.5 38.1 33.2 28.1 22.5 16.4 14.2 14.4 13.7 12.7 11.4 9.9 8.4 7.4 6.4 5.5 4.7 4.6 3.9 3.5 1.5 0.7 -0.5 -0.5 -0.5 -0.5 -0.5 -0.5 -0.5 -0.5 -0.5 -0.5 -0.5 -0.5 -0.5 -0.5 -0.5 -0.5 -0.5 -0.5 -0.5 -0.5 -0.5 -0.5 -0.5 -0.5 0.2
27.3 25.1 23.5 24.1 25.7 28.8 28.5 27.9 25.8 23 19 15.2 11.7 12.3 21.3 21.2 18.9 16.7 12.7 10.4 9.9 8.4 6.8 4.4 5.3 5.2 6.8 16.2 22.5 28.7 37.2 41.3 45.2 51.2 63.2 64.6 56.1 44.9 40.3 42.5 43.2 38.5 32.8 28.8 24.7 18.1 16.3 15.8 14.9 13.9 12.4 10.6 9.2 8.1 6.9 6.4 5.1 4.6 4.3 4.2 3.6 1 0.1 -0.5 -0.5 -0.5 -0.5 -0.5 -0.5 -0.5 -0.5 -0.5 -0.5 -0.5 -0.5 -0.5 -0.5 -0.5 -0.5 -0.5 -0.5 -0.5 -0.5 -0.5 -0.5 -0.5 0.1
29.6 27.6 26.1 25.9 26.7 29.1 29.8 28.5 25.4 22 17.5 14.2 12.2 14 21.5 21.7 20 19.5 16.5 14.4 11.7 10.1 8.5 5.9 4.7 4.5 4.8 7.1 15.1 19.9 24.8 29.6 34.6 44.5 55.4 63.7 60.9 55.7 53.4 50.2 43.5 36 30.5 26.9 23.9 20.8 18.5 16.9 15.9 14 13.4 11.6 9.5 8.3 7 6.4 5.4 4.5 4.3 4.8 4.5 1.4 0.5 -0.5 -0.5 -0.5 -0.5 -0.5 -0.5 -0.5 -0.5 -0.5 -0.5 -0.5 -0.5 -0.5 -0.5 -0.5 -0.5 -0.5 -0.5 -0.5 -0.5 -0.5 -0.5 -0.5 0.4
31.5 30.7 29.4 28 28 29.5 30.4 27.2 23.9 20.7 16.8 14.1 12.3 15.1 20.9 21.2 20.9 19.4 18 16.5 13.5 11 8.6 6.7 5.4 4 4.2 4.7 7.9 11.8 17.1 23.9 32.5 39.7 48.5 55 63.4 64.2 57.5 49.3 42.7 37.9 34.1 31.3 28.3 24.8 21.4 18.2 15.5 14.1 12.5 11.7 9.9 8.6 7.6 6.5 5.9 5.2 5.9 5.2 5 4.1 1 0.2 -0.5 -0.5 -0.5 -0.5 -0.5 -0.5 -0.5 -0.5 -0.5 -0.5 -0.5 -0.5 -0.5 -0.5 -0.5 -0.5 -0.5 -0.5 -0.5 -0.5 -0.5 -0.5 0.5
34.5 32.5 31.2 29.7 28.8 29.2 29.3 26 22.6 19.2 16 13.6 12.3 14.8 17.8 20 20.3 20 19 17.6 15 11.7 9.6 8 6 3.5 4.1 4.1 5.9 8.6 14.1 21.3 27.9 32.9 37.5 42.5 54.9 65.2 60 52 44.8 43 40.8 39.9 33.8 27.5 24.1 20.1 16.4 14.1 12.9 12 9.9 8.6 7.4 6.4 6 5.8 5.8 4.9 4.9 3.9 1.3 0.3 -0.5 -0.5 -0.5 -0.5 -0.5 -0.5 -0.5 -0.5 -0.5 -0.5 -0.5 -0.5 -0.5 -0.5 -0.5 -0.5 -0.5 -0.5 -0.5 -0.5 -0.5 -0.5 0.1
