Assets/StreamingAssets/GeoData/Data/ng/NG08.asc
ncols 200
nrows 200
xllcorner 100000
yllcorner 880000
cellsize 50
[rows 37 to 73 of 200, columns 0 to 83 of 200]
44.1 43.5 40 31.1 22.3 19.8 33.9 37.3 24.1 24.2 25.2 24.4 18.9 17.9 19.1 25.2 29.3 36.5 44.7 46.5 45.9 43.1 42.4 37.9 29.8 21 12.1 10.4 11.2 11.2 10 7.7 6.9 6.9 6.9 11.7 13 11.9 11.5 16.4 9 4 4 4 4 4 4.2 13.4 32.2 42.4 45.3 50.6 58.4 83.3 102.6 113.8 117.4 128.8 134 141.5 142.4 142.5 139.4 135.7 137.1 136.7 136.2 137.1 136.9 134.7 134 133.1 133.3 133.1 130.8 131.7 137.8 143.1 145.8 146.3 144.7 143.9 147.9 150
43.3 45.3 42.2 39.2 30.6 19.3 14.8 29.3 28.2 23.9 24.7 22.2 18.7 18.1 19.3 20.6 25.2 26.5 26.3 26.9 27.6 24.9 24.7 24.4 23.7 19.1 9.8 9.1 8.4 11.6 9.6 8.2 7.9 8.8 20.2 18.8 15 12.2 13.1 18.5 10.8 6.4 4 4 4 4 4 9.8 24.6 34.1 40.7 47.7 66.3 89.6 111.3 127.2 140.3 143.8 157.5 159.2 159.4 156.2 154.2 153.1 155.4 155.6 154.1 154.2 153.6 151.5 149.3 146.1 143.6 141 138.6 140.8 144.3 148.2 151.1 149.1 149.3 151.5 156.7 163.8
43.8 46.1 48.2 44 39.4 30.7 16.4 13.5 24.2 20.5 17 20.5 24.7 17.5 16.8 18.5 20.2 18.8 16.3 11.8 10.4 8.7 7.8 4.6 4.5 9.5 6 4.5 6.3 10 9 7.9 14.3 18.7 22 25.5 23.3 11.7 11 12 10.2 7.8 5.6 4 4 4 4 7.5 14.9 24.9 34 47.9 65.1 82.5 106 128.8 142.9 152.9 166.2 169.6 166.4 168.2 169.5 171.2 171.4 172.2 173.7 172 168.6 165.4 160.9 156.9 151.2 150.4 146.2 146.4 147.1 152 156.1 157.9 156.9 163.1 169.5 178.3
44.7 44.2 49.1 49.3 43.9 34.4 27 13.6 12.3 17.1 13.1 17.4 24.9 22.8 16.8 16.1 15.7 11.5 5.5 4.5 4.5 4.5 4.5 4.5 4.5 4.5 4.5 4.5 6.2 6.8 7.7 8.2 13.8 20.3 20 18.9 20.7 16.4 10 10 9.3 7.9 7 4 4 4 4 4 11 19 26.3 36.2 58.2 76.7 92.7 112.8 131.7 147.6 161.7 170 178.9 183.5 185.1 186.9 189.4 193.3 194.8 194.5 188.7 178.5 173.2 166.7 160.8 157.4 154.5 154.3 152.7 154.7 161.7 165.6 167.1 174 183.5 192.6
45.5 47.7 47.2 51.6 44.2 37.3 32 23.6 11.7 11.1 14 16.8 16.1 17.9 20.5 19.7 13.5 9.8 4.5 4.5 4.5 4.5 4.5 4.5 4.5 4.5 4.5 4.5 9.9 13.5 8.8 8.6 13 14.8 13.5 13 14.3 15.6 8.9 8.3 8.6 6.7 6.7 5.6 4.4 4.1 5.2 6 7.6 13.8 22.5 27.1 38.7 49.3 59.5 77.9 102 123 140.8 173 187.8 196.9 197.5 202 207.3 211.4 212.7 213.1 210.1 202.9 191.3 178.4 171.1 164.5 162.1 161.3 161.4 162.7 166.5 173.6 178.9 184.7 192.4 201
37.4 48.8 49 44.5 48.1 41.6 34.8 30 19.9 10.9 10.7 13.2 15 15 15.4 17.5 15.7 10.8 6.8 4.5 4.5 4.5 4.5 4.5 4.5 4.5 4.5 4.5 9 12.2 9.9 9.9 12.4 12.8 9 8.8 8.4 10.3 9.9 7.4 7.6 6.7 5.5 4.8 4.5 5.1 5.6 6.6 7.4 10.2 15.9 18.9 24.9 30.7 36.8 49.6 69.9 88.2 119.1 149.2 175.6 194.7 205.7 215.5 224.3 229.7 230.5 230.6 227.2 219.9 209.8 195.9 183.3 175.6 171.4 168.5 169.7 174.1 178 184.1 188.5 193.9 204.6 212.8
35.1 42.4 48.2 45.6 44.2 45 40 28.9 25.8 17.2 10.2 10 16.4 19.1 13.3 12.4 13.1 14.8 14.3 9.3 4.5 4.5 4.5 4.5 4.5 4.5 4.5 8.1 7.7 8.6 9.3 9.8 9.8 9.5 4.5 4.5 4.5 4.5 6.4 6.9 6.4 5.7 5.1 4.5 4.7 5.4 6.2 6.7 7.7 9.4 12.1 13.8 17.2 20.9 28.1 39.6 55.5 74.8 97.8 124 152.9 178.2 207.8 222 236.5 243.9 248 246.5 241.6 233.5 222.7 214.1 201.6 193.6 182.8 179.5 184.6 188.1 191.5 192.6 198.9 203.7 214 222.1
27.9 38.7 41.5 42.7 42.4 40.8 41.8 36.3 30.1 25.7 15.7 10.1 13.5 21.5 14.8 12.3 8.4 7 8.3 15.1 15.7 13.8 4.5 4.5 4.5 4.5 4.5 4.5 7.6 8 8.6 7.3 6.8 5.4 4.5 4.5 4.5 4.5 5.6 5.6 7.1 6 4.4 5.4 5.1 5.8 6.7 7 7.9 9.7 12.3 15.3 18.4 24.3 29.6 40.3 53.6 74.9 93.4 110.4 133.5 161.6 187.3 215.9 235.5 249.8 261.2 259.4 253.8 246.1 237.9 227.1 218.3 208.6 198.4 194.2 199.2 200.4 202.3 205.6 209.6 213.2 222.1 236.3
22.5 38 38.7 41.3 41.6 40.4 40.5 35.3 33.4 27.5 25.1 13.7 9.8 14.6 16.5 16.5 11.6 5.7 5.7 9.2 13.6 16.5 10.3 4.5 4.5 4.5 4.5 4.5 4.5 7.2 7.5 7 5.9 4.5 4.5 4.5 6.1 5.8 5.6 5.6 6.6 5.9 4 5.8 6.1 6.7 6.9 7.2 8.2 9.7 11.9 14.9 19.1 24.1 34.9 48.5 63.9 80.5 94.4 111.8 130.9 152.8 174.5 197.2 218.9 239.4 255.8 264.6 259.2 254.8 249 240.6 231.9 223.6 217.7 211.8 209.4 211.1 214.8 217.6 220.5 224.4 230.4 243.2
12.9 37.4 39 39.6 45.2 42 40.6 35.4 32.4 32.3 27.2 21.1 12.2 9.6 15.2 19.4 16.4 14.1 6.1 6.1 6.3 6.8 10.4 8.6 4.5 4.5 4.5 4.5 4.5 4.5 8.1 9 7.4 4.5 4.5 4.5 4.5 5.9 7.1 5.6 7.6 6.1 4 5.3 6 6.6 6.9 7.3 7.8 9.7 14.5 23.2 31.3 40 50.7 59.9 70.6 85.9 99.9 115.3 134.5 150.3 166.2 183.7 201 220.6 237.3 251.6 256.6 258.5 255.3 249.5 243.8 236.4 232.1 228.6 223.7 225.4 228.4 230.8 233.4 236.8 239.1 250.5
-2.3 30.4 42.5 40.8 45.2 43.7 42.8 40 35.8 31.3 30.1 27.7 21.6 13.2 9.4 15.2 20.9 10.9 8.5 7.6 7.7 6.9 4.5 4.5 4.5 4.5 4.5 4.5 4.5 4.5 4.5 6.4 5.6 4.5 4.5 4.5 4.5 7.8 6.7 5.6 9.5 6.4 5 6.5 7.4 7.6 7.5 7.6 8.5 13.8 24.4 34.5 42.3 55 68.9 75 83.3 95.2 109.8 124.6 138.2 144.8 166.6 180.6 194.7 209 221.7 235.2 253.7 262.4 262.3 258.5 254.3 248.4 244.2 243.3 242.5 242.8 245.1 246.2 247.5 250.5 251.5 258.5
-2.3 17.6 36.4 44.4 41.7 43.6 45.2 43.8 38.2 37.9 32.5 31.6 28.3 21 14.3 10.6 15.8 15.4 11.9 10.5 11.8 13.9 12.8 9.1 4.5 4.5 4.5 4.5 4.5 4.5 4.5 4.5 4.5 4.5 6.2 9.6 7.5 7.5 6.4 5.6 6.9 5.3 5 8.4 11.6 11 9.7 8.7 11.9 15.9 30.8 40.6 46.2 61.1 76.4 87.5 95.2 105.4 118.4 134.1 146.9 159.7 173.2 177.6 193.4 205.3 215.7 224.6 241.7 260 267.8 265.7 261.6 258.4 255.2 253.6 253.7 255.3 257.8 261.7 265.5 267 269.8 270.5
-2.3 -2.3 21.3 37 42.3 40.6 44.9 46.2 40.2 44.2 44.1 41.9 33.8 27.7 21.3 11.9 7.1 11.2 16.5 14.7 15 20.5 16.9 7.4 5.9 4.5 4.5 4.5 4.5 4.5 4.5 4.5 4.5 4.5 7.5 9.3 7.8 7.4 8.4 5.9 6 5.5 4.9 10.6 17.3 15.2 15.9 18.7 24.1 19.6 31.4 39.5 50.4 61.1 76.3 88.6 103.2 114.8 128.3 143.9 156.3 168.6 180.6 188.6 194.7 204.2 212.9 221.7 232.5 247.6 263.8 269.5 269.4 268.5 266.2 265.9 267.8 269.1 273.9 278.8 282.5 286.4 287 286.6
-2.3 -2.3 4.8 20.3 33 38.6 41.7 46.1 42.2 43.5 50.5 52.3 45.6 35.9 27 19.9 7.9 5.8 11.6 19.3 17.1 22.5 19.4 15.8 9.6 4.6 5.6 4.5 4.5 4.5 4.5 4.5 4.5 4.5 4.5 5.7 6.7 6.3 7.2 6 5.6 5.3 4.5 12.4 23.2 20.7 28.3 24.6 26.4 23.5 29 41 51.3 64.6 75.6 93.5 107.3 122.7 138.6 156.8 165.5 178.6 189.9 197.5 201.9 207.3 214.9 220.8 228 236.1 252.7 267.4 272.8 275.5 274.2 271.1 273.1 278.5 286.3 296.1 302.8 304.6 305.2 304.8
-2.3 -2.3 -2.3 5.5 16.2 29.8 44 42.1 43.9 44.4 52.8 56.4 51.8 43.9 35.7 25.9 17.5 10.4 5.5 14.8 19.3 17.7 18.8 13.7 12.2 13.5 6.6 7.5 4.5 4.5 4.5 4.5 4.5 4.5 4.5 4.5 4.5 6 7.5 5.9 5.5 5.1 4.5 16 21.4 25 29.5 30.9 26.8 26 29.8 38.8 51.9 67.7 81.7 100.1 117.1 138.4 154.4 168.6 180.6 188.8 201.2 206.9 209.5 214.6 219.2 222.2 224.7 229.2 235.5 250.4 264.8 271.2 276.2 277.6 277.9 284.4 299 309.3 316.5 322.1 323.6 322
-2.3 -2.3 -2.3 -2.3 10.1 17.5 38.7 45.3 40.3 47.5 56.7 59.2 57.2 49.3 40.6 33.7 24.1 14 14.4 5.7 13.6 16.8 15.4 12.8 12.5 14.1 10 7.4 4.5 4.5 4.5 4.6 10.4 4.5 4.5 4.5 4.5 5.8 5.6 4.8 5 4.9 5 16.9 22.2 30.6 31.7 31.2 29.3 29.5 37 42.4 52.3 69.1 85.6 105.1 122.4 145 162.2 178.4 191 198.5 210.3 217.7 221.6 221.3 222.2 221.7 222.7 224.4 225.9 231.8 242.1 263.8 269 274.5 279.7 287.1 301.2 316.2 327.4 334 335.4 336.5
-2.3 -2.3 -2.3 -2.3 5.4 10.5 27 40.7 38.8 47.4 59.2 60.8 58.2 55.7 49.1 42 33.3 19.9 11.8 10.1 1.7 13.4 13.3 14.9 14.6 14.3 14.8 16 13.1 4.5 4.5 4.5 6.1 4.5 4.5 4.5 4.5 4.5 4.5 4.5 5 4.5 4.7 12.5 24.7 37.5 36.9 34.4 35.1 37.3 41.2 48 53.9 68.4 88.2 105.1 126.9 148.4 166.3 181.7 191.8 204.3 215.2 226.3 229.3 226.7 223.2 221.2 219.3 217.8 220.2 222.2 228.8 240.9 252.1 262.1 273.4 284.3 296.5 315.3 333.2 340.5 341.8 342.8
-2.3 -2.3 -2.3 -2.3 -2.3 -2.3 10.7 21.8 29.5 39.1 53.9 58.7 54.5 55.3 50.8 46.3 37 28.3 18.1 8.9 1.7 -2.3 -2.3 12 13.7 14.3 14.4 16.3 13.5 11 6.6 6.2 9.4 4.8 4.5 4.5 4.5 4.5 4.5 4.5 6.5 4.5 5.8 9.9 23 38 47 42.3 44.7 41.1 43.7 54.1 61 73.3 85.7 103 129.1 148.5 166.3 178.6 189.5 197.5 205.5 222.1 228.2 224.5 220.2 216.5 214.9 212 214.2 216.1 222.1 230 242 253.5 266.1 276.7 290 306.4 325.1 334.8 343.1 349.8
-2.3 -2.3 -2.3 -2.3 -2.3 -2.3 -2.3 7.5 16.5 36.2 38.2 51.1 49.6 49.6 50.6 46.7 41.8 32.2 24.4 13.8 -2.3 -2.3 -2.3 -2.3 9.3 10.9 12.5 13.9 14 12 6.3 6.3 8.5 11.2 7 4.5 4.5 4.5 4.5 4.5 4.5 4.5 5.1 8.6 19.2 36.4 43.8 58 49.7 45.8 43.2 57.4 64 74.8 84.4 106.3 126.6 147.3 163.5 175.6 184.5 185.7 195.9 206.8 210.1 214.7 212.4 209.3 207.1 206.7 207.1 212.1 217.1 223.4 233.9 248 260.8 271.8 286.8 302.7 318.6 331.2 342.1 349
-2.3 -2.3 -2.3 -2.3 -2.3 -2.3 -2.3 -2.3 -2.3 20 32.4 33.6 40.2 48.1 46.9 46.6 43.3 35.6 25.4 19.9 -2.3 -2.3 -2.3 -2.3 -2.3 11.2 9.4 12.9 13.2 10.9 9.6 6.3 7 10.8 6.3 4.5 4.5 4.5 4.5 4.5 4.5 4.5 4.5 7.2 19.6 31.3 45.7 57.7 53.3 44.8 44.4 55.3 65.5 76.2 84 103.2 126.8 145 158.3 168.8 174.8 180.9 189.3 197.1 196.2 198.1 199.7 198.9 199.9 202.2 203.9 208.1 213.4 219.9 229.9 241.5 256 268.6 282.4 301.9 316.6 327.1 337.1 344.4
-2.3 -2.3 -2.3 -2.3 -2.3 -2.3 -2.3 -2.3 -2.3 9.5 19.7 24.6 32.1 40.5 44.8 46.9 45.5 40.8 30.3 20.5 14.3 -2.3 -2.3 -2.3 -2.3 -2.3 7 9.8 10.9 10.8 7.8 8.3 8.1 7.6 6.1 4.5 4.5 4.5 4.5 4.5 4.5 4.5 4.5 6.9 15 28.7 42.7 50.9 54.4 45.1 45 54.8 65.5 77.6 86.4 100.3 121.3 139 152.5 159.9 167.9 175.5 182.4 188.5 190.8 189.1 189.4 190.5 194.5 196.4 201.3 204.4 211.6 217.1 228.5 238.5 251.6 268.2 282.2 296.8 309.9 322.6 329.5 333.9
-2.3 -2.3 -2.3 -2.3 -2.3 -2.3 -2.3 -2.3 -2.3 -2.3 12 18.7 25.6 34.8 42.2 43.4 45.6 41.9 34.6 25.9 15.1 -2.3 -2.3 -2.3 -2.3 -2.3 -2.3 -2.3 6.8 7.2 6.4 6.8 7.8 4.5 4.5 4.5 4.5 4.5 4.5 4.5 4.5 4.5 4.5 4.5 8.9 22.4 34.3 43.2 45.8 45.9 45.7 56.9 65.4 79 90.4 97.6 112.3 131.1 142.4 143.8 159.4 169 173.9 178.2 180.2 178.2 180.2 187.4 190.1 192.1 197.8 205.7 212.3 220.6 231.3 244.1 257.2 266.1 280.3 289.8 300.1 316.1 324.2 325.6
-2.3 -2.3 -2.3 -2.3 -2.3 -2.3 -2.3 -2.3 -2.3 -2.3 -2.3 8.2 18.9 23.9 38 41.1 41.9 40.9 36.7 29.1 14.3 -2.3 -2.3 -2.3 -2.3 -2.3 -2.3 -2.3 4.9 3.4 2.4 2.9 4.5 4.5 4.5 4.5 4.5 4.5 4.5 4.5 4.5 4.5 4.5 4.5 5.5 13.4 25.1 28.2 38.9 41.9 48.3 50 65 75.8 89.8 97.9 103.9 119.1 130 137.3 146.8 158.1 165.4 169.1 170.7 173.7 177.4 182.6 185.3 191.9 196.6 204.9 215.6 227.2 236.3 249.4 262.8 275 285.2 290.1 296 306.7 315.8 317.4
-2.3 -2.3 -2.3 -2.3 -2.3 -2.3 -2.3 -2.3 -2.3 -2.3 -2.3 -2.3 6.8 18.6 26.4 36 38.4 41 39.7 30.8 19.7 -2.3 -2.3 -2.3 -2.3 -2.3 -2.3 -2.3 -2.3 -2.3 3.5 7.4 4.5 4.5 4.5 4.5 4.5 4.5 4.5 4.5 4.5 4.5 6.2 4.5 5.6 7.4 12.2 20.8 29.6 41.2 44.9 46.9 60 76.9 83.9 94.4 99.3 109.5 118.8 130.8 133.7 141.9 152.9 161.6 169.4 172.2 175.8 176.6 183.2 193.7 199.9 207.9 218.8 233 249.6 260.7 271.4 282.1 290.4 295 299.1 301.1 304.3 303.6
-2.3 -2.3 -2.3 -2.3 -2.3 -2.3 -2.3 -2.3 -2.3 -2.3 -2.3 -2.3 -2.3 -2.3 18.8 27.4 36.3 38.9 38.8 34.3 25 -2.3 -2.3 -2.3 -2.3 -2.3 -2.3 -2.3 -2.3 -2.3 -2.3 5.4 7.4 4.5 4.5 4.5 4.8 4.7 4.5 4.5 4.5 4.5 6.8 9.5 11.9 7.5 9.8 14.8 22.7 30.6 40.7 47.4 55.5 75.1 87.1 88.4 96.7 103.3 109.3 121.6 129.4 139.5 147.3 156.6 165 169.8 172.2 174.3 182.5 190.2 199.7 211.8 228.6 242.5 257.3 271.2 284.3 295.1 300.7 303.4 304.7 304.5 302.1 300.3
-2.3 -2.3 -2.3 -2.1 -2.3 -2.3 -2.3 -2.3 -2.3 -2.3 -2.3 -2.3 -2.3 -2.3 11.3 21.4 28.4 37.1 36.3 32.2 25.6 7.7 -2.3 -2.3 -2.3 -2.3 -2.3 -2.3 -2.3 -2.3 -2.3 -2.3 6.9 4.5 4.8 5.8 5.6 5.2 4.7 4.5 4.5 9.9 7.1 12.8 13.8 15.8 13.1 18.5 28.4 36.4 46.6 53.4 49.2 69.5 78.8 87.2 92.1 95.6 102.2 115.8 127.8 136.7 144.2 153.1 161.4 165.8 165.5 173.4 181.8 189.6 201.6 217.1 235.4 250.5 267.4 282.4 295.3 306.2 312.3 312.3 312.2 307.7 303.5 298.7
-2.3 -2.3 -2.3 -2.3 0.1 -2.3 -2.3 -2.3 -2.3 -2.3 -2.3 -2.3 -2.3 -2.3 -2.3 9.7 20.3 29.6 31.6 29.8 24.7 11.4 1.3 -2.3 -2.3 -2.3 -2.3 -2.3 -2.3 -2.3 -2.3 -2.3 -2.3 8.2 5.8 5.3 5.1 4.3 7.2 4.5 4.8 5.4 5.7 13.9 19 21.1 27.3 34.4 42 52.8 58.5 62.1 63.4 59 72.9 85.4 90.7 99.9 110.8 115.6 129.2 138.4 144.7 150.7 158.9 163.7 169.7 176.4 184.8 196.7 206.6 223.3 239.4 258.9 279.2 292.5 305.8 315.6 321.3 322.5 318.1 315.1 309.7 300.4
-2.3 -2.3 -2.3 -2.3 -2.3 -2.3 -2.3 -2.3 -2.3 -2.3 -2.3 -2.3 -2.3 -2.3 -2.3 -2.3 8.8 22.7 25.6 24.3 21.4 17 5.3 -2.3 -2.3 -2.3 -2.3 7 -2.3 -2.3 -2.3 -2.3 -2.3 -2.3 -2.3 6.6 6.2 4.5 5.1 4.4 2.2 2.2 4.1 11.7 18.8 23.2 32.2 38.8 42.9 50.4 64.9 75.7 76.6 72.1 71.2 84.1 90.2 102.5 112.3 122.6 131.2 139.1 147.3 152.8 160.9 166 174.2 180.4 190.9 204.4 212.1 227.7 249.4 267.8 287 303.8 314.9 323.2 328.7 329.3 327.2 319.7 315.2 307.2
-2.3 -2.3 -2.3 -2.3 -2.3 -2.3 -2.3 -2.3 -2.3 -2.3 -2.3 -2.3 -2.3 -2.3 -2.3 -2.3 -2.3 11.1 20.1 22.2 20.5 19.3 12.8 -2.3 -2.3 -2.3 8.2 10.7 8.8 8.7 -2.3 -2.3 -2.3 -2.3 -2.3 -2.3 -2.3 4.7 3.9 2.2 2.2 2.2 2.6 7.1 13.3 19 25.7 32.3 44.7 55.7 67.9 75.9 82.4 91.6 74.6 76.9 94.1 106.3 115.8 124.7 133.8 140.9 150.6 158.2 162 170.4 175 183.7 201.7 208.9 221.1 235.6 256.4 274 290.6 307.9 320.1 330.2 335 336.4 334.7 329.3 325.2 320.6
-2.3 -2.3 -2.3 -2.3 -2.3 -2.3 -2.3 -2.3 -2.3 -2.3 -2.3 -2.3 -2.3 -2.3 -2.3 -2.3 -2.3 -2.3 8.2 12.8 17.4 15.6 14.4 -2.3 -2.3 -2.3 5.8 9.5 11 12.3 4.6 -2.3 -2.3 -2.3 -2.3 -2.3 -2.3 -2.3 3.7 2.2 2.2 2.2 2.2 4.3 7.1 14.2 25.6 30.5 37 49.7 59.8 70.4 77.9 85.2 86 76 88.9 109.6 120.5 128.3 134 144.4 151.5 159.6 165.5 175.7 182.6 192.4 205.1 221.5 232.9 244.9 260.9 278.2 293.6 308.6 321.8 333.3 341.4 343.3 343.3 342.1 339.3 332.4
-2.3 -2.3 -2.3 -2.3 -2.3 -2.3 -2.3 -2.3 -2.3 -2.3 -2.3 -2.3 -2.3 -2.3 -2.3 -2.3 -2.3 -2.3 -2.3 6.5 14.7 15.5 14.7 -2.3 -2.3 -2.3 6.1 8.4 7.1 7.2 3.9 -2.3 -2.3 -2.3 -2.3 -2.3 -2.3 -2.3 -2.3 1.4 3.8 3.5 2.2 2.2 4.8 10.7 21.7 29.7 36.4 45.3 56.4 67.6 77.9 75.9 77.4 76.8 84 95 116.6 126.7 138.6 147.3 151.2 161.4 173.2 183.4 186.8 204 214.9 230.2 239.5 250.7 260.9 277 296 310.2 324 337.3 345.8 349.1 349.7 348.8 348.8 346.4
-2.3 -2.3 -2.3 -2.3 -2.3 -2.3 -2.3 -2.3 -2.3 -2.3 -2.3 -2.3 -2.3 -2.3 -2.3 -2.3 -2.3 -2.3 -2.3 4.1 5.3 11.5 11.8 11.8 -2.3 -2.3 4.9 5.4 7.4 7.4 5.6 3.1 -2.3 -2.3 -2.2 -2.3 -2.3 -2.3 -2.3 -2.3 9.6 10.5 7.7 6 5.2 6 11.5 24.9 30.1 45.1 50.7 57.1 66.1 67.3 71.2 74.6 78 93.4 111.1 126.3 142.8 151.9 158.6 173.1 181.9 186.6 197.6 213.6 223.8 237.1 248.1 258.1 269.1 280.9 296.6 310.7 324.5 337.8 346.7 352 355.7 356.4 356.1 356.9
-2.3 -2.3 -2.3 -2.3 -2.3 -2.3 -2.3 -2.3 -2.3 -2.3 -2.3 -2.3 -2.3 -2.3 -2.3 -2.3 -2.3 -2.3 -2.3 1.7 4.3 1.3 6.9 6.1 -2.3 -2.3 4.6 5.2 5.6 5.5 4.7 3.2 1.3 -2.3 0.7 1.7 -2.3 -2.3 -2.3 -2.3 2.7 8.3 10.3 8.9 6.2 5.5 7.3 11.3 20.5 28.3 37.5 43 53.5 55.6 64.8 70.6 75.9 91.4 102.4 118.7 135.9 155.5 168.8 177.3 186.7 191.3 204.8 218.9 231.2 244.7 255.7 262.3 277 286.8 297.6 311.2 324.5 334.4 345.7 353.8 358.7 362 365.9 364.8
-2.3 -2.3 -2.3 -2.3 -2.3 -2.3 -2.3 -2.3 -2.3 -2.3 -2.3 -2.3 -2.3 -2.3 -2.3 -2.3 -2.3 -2.3 -2.3 -2.3 -2.3 -2.3 -2.3 -2.3 -2.3 0.4 1.7 4.8 4.3 4 5.3 5.7 9.8 5.3 5 5.3 5.3 5.3 5.7 5.6 5.8 6.6 8.6 9.8 7.1 4.6 5.9 9 14.2 17.7 27.2 33.8 40.5 43.7 53.2 68.3 74.9 87.8 105.7 116.6 132.3 152.4 167.8 176.8 182.9 192.7 210.4 225.5 237.5 249.9 260.1 271.5 285.1 294.3 303.8 314.3 324.9 334.2 344.3 353.9 360.9 368.2 373.8 377.5
-2.3 -2.3 -2.3 -2.3 -2.3 -2.3 -2.3 -2.3 -2.3 -2.3 -2.3 -2.3 -2.3 -2.3 -2.3 -2.3 -2.3 -2.3 -2.3 -2.3 -2.3 -2.3 -2.3 -2.3 -2.3 2 4 4.5 5 4.8 5.6 7 14.1 15 13.1 11.7 10.5 11.7 10.7 10.2 13.5 8.8 7.7 11.1 13.2 5.9 4.5 4.7 8.4 14.6 21.4 26.1 32.2 38.2 44.3 56.1 68.3 79.2 98.1 118 129.8 140.9 159.8 170.5 184.2 198.9 211.9 226.3 241.1 252.1 265.7 275.8 287 298.7 308.8 320 328.7 338 348.1 356.5 367 378 383.5 390.6
-2.3 -2.3 -2.3 -2.3 -2.3 -2.3 -2.3 -2.3 -2.3 -2.3 -2.3 -2.3 -2.3 -2.3 -2.3 -2.3 -2.3 -2.3 -2.3 -2.3 -2.3 -2.3 -2.3 -2.3 -2.3 -2.3 4.6 4.9 3.9 4.6 5.9 8 14.2 19.3 18.4 18.8 19.2 18.1 15 12.8 14.2 16.9 14.5 15 13.4 7 4.5 4.5 5.2 11.3 15.5 19 25.2 36.6 41.2 53.2 67.4 74.6 97 108 131.3 139.6 149.8 165.2 182.5 195.5 213.9 228.9 242.8 259.2 269.2 277.4 291.5 305.5 316.2 325.4 334.1 345 353.2 367.9 378.6 387.8 394.6 399.7
-2.3 -2.3 -2.3 -2.3 -2.3 -2.3 -2.3 -2.3 -2.3 -2.3 -2.3 -2.3 -2.3 -2.3 -2.3 -2.3 -2.3 -2.3 -2.3 -2.3 -2.3 -2.3 -2.3 -2.3 -2.3 -2.3 -2.3 4.6 1.4 3.5 6.9 12.4 16.4 19.8 25 26.7 25.8 23.7 21.2 16.1 14.6 15.7 19.6 19.7 17.9 12.5 4.8 4.8 5.3 7.5 14.3 16.7 22.8 33.1 43 50.5 69 80.9 93.8 112.1 122.4 142.9 153 165.5 185.7 197.1 207.8 224.4 247.8 260.8 271.8 285.1 296.5 309.8 321.9 333.7 344.1 354.2 365.7 378.2 387.8 398.3 405.2 414.6
