Assets/StreamingAssets/GeoData/Data/ng/NG09.asc
ncols 200
nrows 200
xllcorner 100000
yllcorner 890000
cellsize 50
[rows 108 to 143 of 200, columns 0 to 81 of 200]
-2.2 -2.2 -2.2 -2.2 -2.2 -2.2 -2.2 -2.2 -2.2 -2.2 -2.2 -2.2 -2.2 -2.2 -2.2 -2.2 -2.2 -2.2 -2.2 -2.2 -2.2 -2.2 -2.2 -2.2 -2.2 -2.2 -2.2 -2.2 -2.2 -2.2 -2.2 -2.2 -2.2 -2.2 -2.2 -2.2 -2.2 -2.2 -2.2 -2.2 -2.2 -2.2 -2.2 -2.2 -2.2 -2.2 -2.2 -2.2 -2.2 -0.6 1.5 4.9 10.8 11.5 18.3 22.5 22.3 20.8 22.5 22.3 25.3 22.9 23.4 20.9 23 19.1 14.9 17.5 25.8 24.7 21.8 24.3 26.4 29.8 34.4 40.5 36.9 36.1 39.5 42.8 47.2 51.4
-2.2 -2.2 -2.2 -2.2 -2.2 -2.2 -2.2 -2.2 -2.2 -2.2 -2.2 -2.2 -2.2 -2.2 -2.2 -2.2 -2.2 -2.2 -2.2 -2.2 -2.2 -2.2 -2.2 -2.2 -2.2 -2.2 -2.2 -2.2 -2.2 -2.2 -2.2 -2.2 -2.2 -2.2 -2.2 -2.2 -2.2 -2.2 -2.2 -2.2 -2.2 -2.2 -2.2 -2.2 -2.2 -2.2 -2.2 -2.2 -2.2 0.1 1.7 10.6 9.3 14.8 14.7 21.4 23.4 19.4 20.3 26.2 25.7 24.8 26.3 24.9 25.2 21.7 17.5 14 21.4 27.7 32.8 26.1 27.9 30.1 40.1 42.6 48.1 48.2 45.3 49 52.2 55
-2.2 -2.2 -2.2 -2.2 -2.2 -2.2 -2.2 -2.2 -2.2 -2.2 -2.2 -2.2 -2.2 -2.2 -2.2 -2.2 -2.2 -2.2 -2.2 -2.2 -2.2 -2.2 -2.2 -2.2 -2.2 -2.2 -2.2 -2.2 -2.2 -2.2 -2.2 -2.2 -2.2 -2.2 -2.2 -2.2 -2.2 -2.2 -2.2 -2.2 -2.2 -2.2 -2.2 -2.2 -2.2 -2.2 -2.2 -2.2 -0.6 0.9 3.7 15.8 13.3 15.4 13.5 16.3 20.4 17.9 19.6 22.5 25.5 25.9 27.8 29 24.9 19.8 21.1 19.7 18.2 23.4 32.4 35.5 32 31.9 40 44.8 50.4 56 58.3 53.1 56 56.1
-2.2 -2.2 -2.2 -2.2 -2.2 -2.2 -2.2 -2.2 -2.2 -2.2 -2.2 -2.2 -2.2 -2.2 -2.2 -2.2 -2.2 -2.2 -2.2 -2.2 -2.2 -2.2 -2.2 -2.2 -2.2 -2.2 -2.2 -2.2 -2.2 -2.2 -2.2 -2.2 -2.2 -2.2 -2.2 -2.2 -2.2 -2.2 -2.2 -2.2 -2.2 -2.2 -2.2 -2.2 -2.2 -2.2 -2.2 -2.2 0.3 1.7 4.3 13.8 14.5 13.4 12.5 16.7 19.1 16 17.4 20.6 23 29.6 29.9 29.4 23.7 21.1 19.8 19.8 24.3 19.7 29.6 37.4 37.7 35.8 40.7 46.3 53.7 59.5 65.5 64.8 58.7 56.8
-2.2 -2.2 -2.2 -2.2 -2.2 -2.2 -2.2 -2.2 -2.2 -2.2 -2.2 -2.2 -2.2 -2.2 -2.2 -2.2 -2.2 -2.2 -2.2 -2.2 -2.2 -2.2 -2.2 -2.2 -2.2 -2.2 -2.2 -2.2 -2.2 -2.2 -2.2 -2.2 -2.2 -2.2 -2.2 -2.2 -2.2 -2.2 -2.2 -2.2 -2.2 -2.2 -2.2 -2.2 -2.2 -2.2 -2.2 -0.2 1.3 4.8 5.3 12 12.5 12.4 12.9 16.2 14.8 14.5 16.9 22.4 23.9 30.6 30 30.8 28 23.6 20.4 19.8 19.8 20.4 22.3 31.1 39.1 40.9 45.2 48.8 52.4 60.2 65.3 69.9 66.6 65.8
-2.2 -2.2 -2.2 -2.2 -2.2 -2.2 -2.2 -2.2 -2.2 -2.2 -2.2 -2.2 -2.2 -2.2 -2.2 -2.2 -2.2 -2.2 -2.2 -2.2 -2.2 -2.2 -2.2 -2.2 -2.2 -2.2 -2.2 -2.2 -2.2 -2.2 -2.2 -2.2 -2.2 -2.2 -2.2 -2.2 -2.2 -2.2 -2.2 -2.2 -2.2 -2.2 -2.2 -2.2 -2.2 -2.2 -2.2 0.8 6 9.6 11 9.5 11.1 11.6 12.3 12.1 12.7 14 16.1 20.1 27.9 29.4 30.4 32.6 29.7 27.2 23.8 19.8 19.8 19.8 26.5 26.3 34.2 41.2 49.5 51.8 55.9 58.5 61.9 69.9 75 70.9
-2.2 -2.2 -2.2 -2.2 -2.2 -2.2 -2.2 -2.2 -2.2 -2.2 -2.2 -2.2 -2.2 -2.2 -2.2 -2.2 -2.2 -2.2 -2.2 -2.2 -2.2 -2.2 -2.2 -2.2 -2.2 -2.2 -2.2 -2.2 -2.2 -2.2 -2.2 -2.2 -2.2 -2.2 -2.2 -2.2 -2.2 -2.2 -2.2 -2.2 -2.2 -2.2 -2.2 -2.2 -2.2 -2.2 0.2 5.1 18.8 16.7 7.6 6 6.5 13.5 10.3 10.3 11.9 13.1 15.8 20.2 23.1 26 30.9 32.8 31.4 28.2 24.5 24.4 19.8 19.8 19.8 30 27.6 38.2 47.5 56 57.8 61.1 65.6 69.3 73.9 76.1
-2.2 -2.2 -2.2 -2.2 -2.2 -2.2 -2.2 -2.2 -2.2 -2.2 -2.2 -2.2 -2.2 -2.2 -2.2 -2.2 -2.2 -2.2 -2.2 -2.2 -2.2 -2.2 -2.2 -2.2 -2.2 -2.2 -2.2 -2.2 -2.2 -2.2 -2.2 -2.2 -2.2 -2.2 -2.2 -2.2 -2.2 -2.2 -2.2 -2.2 -2.2 -2.2 -2.2 -2.2 -2.2 -0.2 1.8 11 22 13.2 7.3 6.6 13.7 15.4 14 12.7 11.4 13 16.5 20.1 25.2 23.1 25.1 34.4 29.7 28.8 28.3 26.5 19.8 19.8 19.8 25.2 35 32.1 47 54.3 61.7 61.9 67.3 71.1 75.5 74.3
-2.2 -2.2 -2.2 -2.2 -2.2 -2.2 -2.2 -2.2 -2.2 -2.2 -2.2 -2.2 -2.2 -2.2 -2.2 -2.2 -2.2 -2.2 -2.2 -2.2 -2.2 -2.2 -2.2 -2.2 -2.2 -2.2 -2.2 -2.2 -2.2 -2.2 -2.2 -2.2 -2.2 -2.2 -2.2 -2.2 -2.2 -2.2 -2.2 -2.2 -2.2 -2.2 -2.2 -2.2 -0.1 1.4 6.6 18.9 14.2 9.3 6.2 6.6 11.7 16.5 14.3 13.5 13.9 17.6 22.4 23.9 23.6 27 25.8 30.2 31.8 28 28.4 28.9 27.3 25.8 24.7 22.6 31.7 39 37.5 53.2 59.9 64.4 67.6 70.6 77.5 80.9
-2.2 -2.2 -2.2 -2.2 -2.2 -2.2 -2.2 -2.2 -2.2 -2.2 -2.2 -2.2 -2.2 -2.2 -2.2 -2.2 -2.2 -2.2 -2.2 -2.2 -2.2 -2.2 -2.2 -2.2 -2.2 -2.2 -2.2 -2.2 -2.2 -2.2 -2.2 -2.2 -2.2 -2.2 -2.2 -2.2 -2.2 -2.2 -2.2 -2.2 -2.2 -2.2 -2.2 -0.4 1.2 5.2 16.3 12.8 8.7 6.5 8.9 15 10.4 14 14.4 15.7 20.4 23.7 29.1 30.1 34.3 25.9 27.7 27.9 30.8 35.9 35.9 34.4 32.4 30.9 26.4 26.7 28.9 36 39.1 45.1 56.6 64.7 71.5 70.9 79.1 83.1
-2.2 -2.2 -2.2 -2.2 -2.2 -2.2 -2.2 -2.2 -2.2 -2.2 -2.2 -2.2 -2.2 -2.2 -2.2 -2.2 -2.2 -2.2 -2.2 -2.2 -2.2 -2.2 -2.2 -2.2 -2.2 -2.2 -2.2 -2.2 -2.2 -2.2 -2.2 -2.2 -2.2 -2.2 -2.2 -2.2 -2.2 -2.2 -2.2 -2.2 -2.2 -2.2 -0.2 0.8 5.4 9.6 11.9 7.6 5.5 6.8 9.7 13.6 16.7 14.2 21 22.3 25.6 27.6 30.3 33.8 34.6 34.5 29.7 29.8 31.9 42.7 46.4 39 36.5 33.6 31.1 28.7 29.9 33.2 40.5 40 47 59.5 68.6 76.2 77.5 81.8
-2.2 -2.2 -2.2 -2.2 -2.2 -2.2 -2.2 -2.2 -2.2 -2.2 -2.2 -2.2 -2.2 -2.2 -2.2 -2.2 -2.2 -2.2 -2.2 -2.2 -2.2 -2.2 -2.2 -2.2 -2.2 -2.2 -2.2 -2.2 -2.2 -2.2 -2.2 -2.2 -2.2 -2.2 -2.2 -2.2 -2.2 -2.2 -2.2 -2.2 0.2 1.2 4.9 4.6 9.8 7.6 11.5 12.8 14.5 10.6 12.1 15.2 19.6 23 23.7 28.5 31.3 35.4 33.4 33.2 38.6 39.3 34.5 32.3 35 41.1 55.8 45.3 39.4 36.2 32.8 31.7 31 32.8 37.6 46.1 45.1 48.3 67.3 76.3 75.2 80.9
-2.2 -2.2 -2.2 -2.2 -2.2 -2.2 -2.2 -2.2 -2.2 -2.2 -2.2 -2.2 -2.2 -2.2 -2.2 -2.2 -2.2 -2.2 -2.2 -2.2 -2.2 -2.2 -2.2 -2.2 -2.2 -2.2 -2.2 -2.2 -2.2 -2.2 -2.2 -2.2 -2.2 -2.2 -2.2 -2.2 -2.2 -2.2 -2.2 2.1 6.8 7.5 8.8 8.8 9.2 8.9 15.5 17.4 16.7 18.6 18.7 20.4 21.4 27.5 33.8 29.8 33.1 38.7 36.8 35.2 37.4 43 42.8 40.5 37.3 38.1 46.1 54.4 46.4 42.4 36.7 31.5 30.5 32.1 36.1 40.1 48.7 48 59.1 75.4 77.6 80.9
-2.2 -2.2 -2.2 -2.2 -2.2 -2.2 -2.2 -2.2 -2.2 -2.2 -2.2 -2.2 -2.2 -2.2 -2.2 -2.2 -2.2 -2.2 1.6 -2.2 -2.2 -2.2 -2.2 -2.2 -2.2 -2.2 -2.2 -2.2 -2.2 2 6.6 10.3 9.6 5.2 -0.3 -2.2 -2.2 -2.2 -2.2 -2.2 11.2 11.2 11.3 13 13.4 12.7 16.4 21 24.3 27.7 31.4 34.7 31.4 30.9 36.5 39 35.3 38.9 38.1 38.4 37.9 42.8 43.3 44.1 40.5 40.3 42.8 42.5 43.2 43.7 39.7 34.5 30.6 32.9 33.3 36.3 43.6 54.5 56.6 67 76.6 80.4
-2.2 -2.2 -2.2 -2.2 -2.2 -2.2 -2.2 -2.2 -2.2 -2.2 -2.2 -2.2 -2.2 -2.2 -2.2 -2.2 -2.2 -2.2 0.4 2 5.5 -2.2 -2.2 -2.2 0.6 -2.2 -2.2 10.1 7.1 9.7 11.9 14.8 15.7 12.7 3.3 -2.2 -2.2 1.7 4.9 1.7 12 14.1 14 16.4 18.3 19.1 22.2 24.8 30.2 35.4 40 40.8 42.6 36.4 37.8 41.5 37.7 38.2 38.5 41.5 41.8 44.6 50.3 45.8 45.8 45.2 41.1 40.4 38.7 40 40 35.6 31.4 32 34.7 35.4 38.7 52.2 56.5 64.6 75.7 80.8
-2.2 -2.2 -2.2 -2.2 -2.2 -2.2 -2.2 -2.2 -2.2 -2.2 -2.2 -2.2 -2.2 -2.2 -2.2 -2.2 -2.2 -2.2 -2.2 5.6 9.7 8.4 2 10 11.4 13.4 13.1 14.8 15.3 15.7 18.1 20.2 21.1 20.8 18.6 13 9.6 9.5 10.9 12 11.6 16.6 18.9 19.4 21.5 24.1 24.5 29.6 32.9 38.4 43.3 46.8 45.1 43 38.7 41.1 41.2 39.5 39.4 43.1 44 47.7 53.3 51.9 49.6 48.1 43 41.3 40.1 36.1 35.7 34.8 31.9 35.9 35.7 35.8 41.5 50.3 64.7 64.7 74.5 85.4
-2.2 -2.2 -2.2 -2.2 -2.2 -2.2 -2.2 -2.2 -2.2 -2.2 -2.2 -2.2 -2.2 -2.2 -2.2 -2.2 -2.2 -2.2 0.7 10.5 12.8 16.3 15.7 17.2 18.8 21.9 23.4 22.7 20.5 21.2 23.1 26.6 28 25.5 25.6 22.6 20.8 20.2 15 15.3 15.4 17.8 21.3 24.3 26.9 28.1 31.4 33 36.3 39.8 45.3 51 50.7 46.9 42.8 43.1 45.8 46.3 43 43.4 48.5 49 51.5 55 52 50.6 50 44.2 41.9 35.5 34.2 32.1 32.2 36.6 36.9 41.4 48.8 55.9 65.1 74.4 75 87.9
-2.2 -2.2 -2.2 -2.2 -2.2 -2.2 -2.2 -2.2 -2.2 -2.2 -2.2 -2.2 -2.2 -2.2 -2.2 -2.2 -2.2 -2.2 1 9.6 17.3 18.4 19.2 23.9 23.8 26.6 29.1 29.8 26.7 25.9 28 31.3 32.2 33.1 33.4 30.3 29.3 26.9 24.3 19.5 19.7 21.4 22.5 27.1 31 31.6 34.1 36.8 38.9 41 44.1 50.5 51.7 52 51.6 45.3 50.6 53.9 51.5 47.6 52.1 52 52.9 53.3 57.1 52.8 52.3 47.5 47.2 39.2 36.5 32.4 32.4 32.8 37.3 47.1 53.1 63.6 70.8 81.4 80.4 88.5
-2.2 -2.2 -2.2 -2.2 -2.2 -2.2 -2.2 -2.2 -2.2 -2.2 -2.2 -2.2 -2.2 -2.2 -2.2 -2.2 -2.2 -2.2 0.3 5.6 22.5 22.6 23.8 28.9 30.5 32.1 33.9 35.4 34.4 32.2 33.7 36.5 36.4 37.8 39.7 36.9 36.9 33.9 30.8 26.7 24 24.8 27.3 27.5 32.2 33.7 34.4 37.1 39.9 41.6 45.1 49.4 53.8 57.7 58.9 52.3 49.8 53 55.1 52.8 52.6 53.3 53.1 56.1 55 54.2 54.6 52.3 49.3 43.3 40 37.2 32.6 33.4 39.1 53.5 60.5 67.1 77.7 84.6 90.1 87.9
-2.2 -2.2 -2.2 -2.2 -2.2 -2.2 -2.2 -2.2 -2.2 -2.2 -2.2 -2.2 -2.2 -2.2 -2.2 -2.2 -2.2 -0.5 1.2 3.7 16.9 23.5 27.5 32 34.9 38.6 39 41 39.4 38.3 38.8 41.2 42 43.1 44.7 43.1 42.8 39.7 37.6 34.5 32.3 30.1 31.6 33.4 32.5 35.1 36.6 41 45.9 50.3 51.6 54.5 60.2 65.1 64 62.6 58.3 53.1 54.2 55.8 52.8 56.8 54.3 56.4 57.6 59 57.8 55 50.7 46.5 43 36.8 32.8 38.8 49.1 59.3 68.4 74.6 85.7 89.8 95.4 95.8
-2.2 -2.2 -2.2 -2.2 -2.2 -2.2 -2.2 -2.2 -2.2 -2.2 -2.2 -2.2 -2.2 -2.2 -2.2 -2.2 -0.9 0.6 2 4.1 14.6 22.3 27.6 31.7 36.3 42.2 43.5 45.7 45.3 44.6 46.2 47.5 48.5 48.8 49.1 47.9 48.4 47 41.9 40.4 41.1 37.1 38.8 39.9 36.3 38.7 43 46.4 51.5 54.4 60 62.1 65.4 70.5 72.5 73 68.7 61.2 58.1 58.3 56.1 56 59.6 59.8 64.8 62.6 62.4 58.3 51.2 50.7 42.7 39.8 41.5 44.6 55.6 67.3 76.3 87 94.5 98.8 100.5 108.6
-2.2 -2.2 -2.2 -2.2 -2.2 -2.2 -2.2 -2.2 -2.2 -2.2 -2.2 -2.2 -2.2 -2.2 -2.2 -1.1 0.4 1.8 3.6 15.2 13.2 21.7 28.2 31.7 36.3 41.4 45.7 48.5 51.2 52.3 52.5 53.9 55.5 53.8 54.3 53.8 52.1 51.8 47.1 47.1 49.4 46.4 46.9 43.5 43.1 43 50.3 54.3 57.3 59.2 64.4 68.2 72.7 74.7 79.1 80.2 76.5 70.7 68.5 63.5 61.4 59.9 60.8 66.3 69.1 66.9 63.1 60.6 55.1 50.8 46.2 45.3 46.4 51.9 60.6 73.3 84.4 95.5 104.1 107.8 104.4 112
-2.2 -2.2 -2.2 -2.2 -2.2 -2.2 -2.2 -2.2 -2.2 -2.2 -2.2 -2.2 -2.2 -2.2 -2.2 0.4 1.8 4.2 4.1 12.6 10.6 19.1 23.9 29.7 34.9 41.1 46.7 51.8 56.7 57.7 57.9 59.6 60.2 58.2 59.8 59.5 58.1 58 57.7 55.9 56.6 55 52.4 50.9 51.2 51.8 54.3 62.5 64.8 66.6 69.9 74.7 78.6 80.9 82.3 85.8 84.6 81.3 76.7 73.8 69.2 63.6 62.2 63.8 72.2 69.8 65.1 60.8 56.3 53.4 50 52.5 57 59.2 64.4 75.7 85.2 100.6 109.4 111.3 114.6 113
-2.2 -2.2 -2.2 -2.2 -2.2 -2.2 -2.2 -2.2 -2.2 -2.2 -2.2 -2.2 -2.2 -1 0.3 1.6 3.3 3.7 15 12.4 6.8 16 21.1 26.5 33.3 39.9 47 54.7 60.1 61.9 62.2 64.9 64.9 61.8 63.4 64.2 62.9 65.2 62.1 63.4 64.2 62.5 61.7 59.9 59.4 60.3 62.9 68.8 73.7 76.6 77.6 82.1 84.9 88.1 89.1 90.6 89.2 87.9 87.6 82.5 73.5 69.3 60.2 60.2 68.2 70.5 67.6 61.4 58.7 52.5 52.5 54.9 60.3 65.8 72.8 78.1 87.7 98.1 110.2 115.2 118.8 120.5
-2.2 -2.2 -2.2 -2.2 -2.2 -2.2 -2.2 -2.2 -2.2 -2.2 -2.2 -2.2 -0.9 0.4 1.7 3.3 4.2 4.9 12.4 10.3 6.2 11.6 19.2 25.4 31.6 39.3 46.3 54.1 59.7 63.2 65 67 68 65.3 66.3 67.9 69.6 69.9 71.5 71.3 73.6 72.1 71.5 67.5 68.1 68.2 74.2 77.2 82.1 83.4 86.7 90.4 91.2 94.5 95.9 96.2 97.1 98.6 94.3 89.4 82.5 70.6 60.7 60.2 61.9 68.7 68.2 61.7 57.2 55 52.8 53.4 57.6 68.5 76.9 82.3 87.8 97.5 106.3 118.1 122.6 127.2
-2.2 -2.2 -2.2 -2.2 -2.2 -2.2 -2.2 -2.2 -2.2 -2.2 -2.2 -0.5 0.6 1.9 2.7 4.7 3.9 11.8 9.4 9.3 7.5 8.1 14.8 21.6 30 37.9 46 51.7 58.3 65.9 67 69.4 70.2 69.9 69 71.2 73.6 76.9 78.2 80 80.4 81.6 80.3 75.2 76.7 78.2 81.6 85.8 86.9 91.3 94 98.3 95.7 99 102.8 101.5 102.5 101.9 103.1 96.1 88.5 73.6 67.3 60.2 60.2 65.5 67.5 62.6 57.4 53.5 53.1 53.8 56.1 67 79.5 85.7 90.3 96.4 102.8 117.2 122.9 128.8
-2.2 -2.2 -2.2 -2.2 -2.2 -2.2 -2.2 -2.2 -2.2 -2.2 0 1.1 2.5 3.5 5.2 7.8 4.6 9.8 7.4 7.3 6 6.9 13.2 20.1 27 33.9 44 50.3 56.2 62.4 66.3 69.7 72.3 73.2 74.6 77.2 79.2 82.4 84.8 87.5 89.1 89.7 89.3 86.5 84.5 88.1 90.6 96 98.1 97 102.6 102.3 101.7 104.5 107.4 107.3 104.8 106 104.7 102.2 94.3 80.6 72.1 63.2 60.2 61.3 64.8 62.4 58.4 53.8 53.4 53.7 56 61.3 75.8 86.8 92.3 94.9 99.1 115.2 123.9 130.8
-2.2 -2.2 -2.2 -2.2 -2.2 -2.2 -2.2 -2.2 -0.5 0.4 1.5 3 4.8 6.9 10.5 10.4 6.2 7.9 6.3 5.5 5.5 7.5 12.5 18.1 24.4 31 41.1 48.4 54.6 60.1 64.3 69.5 73.3 74.4 79.5 82.8 85.1 89.7 92.1 96 95.9 97.1 98.3 101 93.9 103 104.4 106.5 109 106.9 103.7 108.4 109.9 111.1 113.2 112.1 108.8 109.3 109.2 105.6 99.4 90.6 77.9 70.9 60.2 60.2 64.2 63.7 57 54.6 54.8 55 55.2 61.6 67.1 82 93 96 101.9 111.6 127.1 134.2
-2.2 -2.2 -2.2 -2.2 -2.2 -2.2 -0.8 0.1 1 2 4.1 5.6 9.7 10.3 10.8 9.4 6.1 6 3.6 4.4 5 9 11.5 17.5 21.7 28.7 36.8 45.6 53.9 59.2 62.8 68 73.8 77.2 83.6 88.6 93.4 96.6 99.1 103.5 104.8 103 106.7 109.9 108.2 116.1 118.6 115.3 116.5 115.1 113.3 110.3 117.8 118 119.9 118.5 114.4 113.4 110.7 109.3 105.6 95.6 82.3 75.3 64.2 60.2 62.8 61.5 59.4 54.8 54.7 55.2 55.9 56.5 62.7 77.9 89.1 95.4 99.1 108.9 123.2 130.1
-2.2 -2.2 -2.2 -2.2 -0.9 -0.2 0.6 1.5 1.8 4.7 5.8 11.3 11.4 9.9 10.9 10.3 7.7 7.5 7.1 4.5 8.4 9.3 11.3 17.9 27.5 35.6 43.2 50.1 56.2 56.4 61.1 66.6 73.9 79.5 86.9 92.3 96.6 101.4 106.7 107.4 110.1 112.5 113.8 115.8 119.6 123.4 128.9 130.3 129.8 124.7 118.8 117 120.9 125.8 124.1 122.2 121.1 116.6 113.7 112 107.2 101 90.8 75.6 72.4 64.3 62.8 62.9 60.8 55 54.9 55.1 55.5 56.6 61.5 69 85.7 91.7 99.2 105.1 118.9 123.8
-2.2 -2.2 -1.1 -0.3 0.4 1.1 2.4 4.2 4.6 5.2 7.8 11.1 11.3 6.5 6.3 10.1 9.3 8.6 9.3 8.1 11.2 17 17.8 22.6 30.8 38.2 46.7 53.9 60.9 62.8 67.4 72.2 72.9 78.5 88.4 94.2 101.2 106.2 113.3 115.8 115.9 116.8 122.1 122.9 128.8 130.1 137.6 140.3 139.3 139.2 132.6 124.5 125.4 126.4 129.5 126.1 126.2 122.1 118.1 114.3 109.5 103.6 96 85.6 74.5 67.7 64 62.7 60.3 57.8 55.3 55.1 55.9 58 62.6 66.6 79.2 91.9 100.8 102.2 107.5 114.1
-2.2 -0.6 0.1 0.9 1.8 3.4 4.2 3.9 5.3 9.3 8.9 7.6 5.8 5.4 7.7 9.9 9.6 9.7 13.4 14.8 15.8 18.9 23.9 29.5 36.1 43.8 49.1 55.7 63.3 67.8 72.4 75.3 76.4 78.9 86.6 93.1 103.1 109.3 117.6 121.9 125.4 124.1 124.4 130.4 136.5 139.5 140.7 146 148.9 146.7 143.7 134.9 128.2 132.5 132.2 134.6 130.9 131 125.6 118.2 113.1 104.9 98.2 91.3 80.2 72.7 65.8 64.9 63.6 59.8 56.6 55.3 55.4 58.5 59.2 65 72.4 89.7 99.4 101.3 107.5 112.2
-0.2 0.5 1.3 2.8 4.5 4.4 4 4.7 7 7.2 7.8 6.2 7.5 8.8 11.8 10 9.9 12.9 14.8 18.1 27.1 25.6 28.5 34.9 40.4 46.5 51.9 59.8 65.3 69.9 76.1 80.6 80.7 84.5 86 92.3 99.6 109.7 118.8 127.7 127.6 130.9 132.3 138.9 143.1 147.8 146.8 150.8 157.7 157.6 153.4 146.4 143 144.1 136.9 138.2 138.2 138.4 134 125.1 116 108.9 100.6 93.7 85.5 76.4 68.1 65.3 66.3 62 61.8 59 56.3 58.6 60.5 60.6 67.1 79.1 91.5 97.5 104.2 111.3
1.3 2.3 4.9 4.6 4.2 4.4 4.3 4.3 5.6 5.2 5.7 9.7 11.1 8.1 11.9 14.9 14.8 17 18.6 23.9 30.3 33.9 33.2 35.8 45.4 51.2 57.1 62.1 66.8 70.4 76.2 83.4 83 85.1 86 91.4 96.5 105.9 114.4 120.5 126.8 134.7 139.6 147.3 148.7 154.3 155.4 154 160.3 164.9 161.9 156.6 155 158.9 150 145.6 144.6 143.1 140.3 131.6 124.5 113.3 103.1 95 88.8 79.2 75 66.7 68.4 65.5 65 62 58 58.9 61.3 61.7 65 73.1 83 97.4 103.5 106.2
3.9 4.5 4.4 4.9 5.2 5.2 9 5.2 6.4 6.9 4.3 7.1 6.9 9.2 13.5 18.5 20.4 21.9 26.7 28.1 32.7 39.6 39.9 40.8 44.7 52.2 59.4 65.5 69.5 72.9 75.9 83 85.1 85.6 88.4 94.5 96.5 101.7 111.4 121 126.8 133.6 141.3 150.7 157.2 162.1 164.8 163.5 165.3 169.8 171.1 168.1 164.7 166.3 161.4 154.9 151.1 150.8 143.4 139.5 131.4 119.8 108.6 97.9 91.9 84.4 75.3 70 66.7 68.4 66.5 66.9 62.2 60.2 60.7 64.1 64.8 71.2 81.5 86.8 100.5 106.7
5 7.8 4.6 4.5 5.3 8 7.9 8.3 7.2 8.3 4.9 5.9 8.3 12.9 18 20.4 24.5 26.5 34.1 32.8 36.1 44.7 46.1 46.8 54 59.5 64 67.4 72.2 75.5 78.7 83.2 86 87.6 91.5 95.7 99.4 101.6 110.1 119.1 125.9 134.1 142.9 152.2 162.7 167.6 173.9 174.8 172 177.3 178.5 175 170.8 173.2 167.6 161 157.3 155.1 149 147.6 136.9 126.8 115.8 102.6 94.7 88.4 83.8 73.5 69.1 70 69.5 69.4 67.6 61.1 61.3 62.8 68.5 67 73.4 82.6 94.6 104.4
