Assets/StreamingAssets/GeoData/Data/ng/NG33.asc
ncols 200
nrows 200
xllcorner 130000
yllcorner 830000
cellsize 50
[rows 111 to 147 of 200, columns 84 to 167 of 200]
53.8 57.6 53.3 55.8 59.9 57.7 57.1 53 48.9 41.1 36.9 45.8 54.4 74.6 100.3 97.2 97 92 80.2 77.8 77.8 81 76 69.4 63.6 60.8 59.8 59.2 58.5 58.8 62 65.8 70.7 75.2 74.8 73.4 68.9 64.4 63.6 54.6 34.8 23.7 -1.8 -1.8 -1.8 -1.8 -1.8 -1.8 -1.8 -1.8 -1.8 -1.8 -1.8 -1.8 -1.8 -1.8 -1.8 -1.8 -1.8 -1.8 -1.8 -1.8 -1.8 -1.8 -1.8 -1.8 20.1 35.1 42.9 47.9 52.3 56 58.4 61.9 56.8 42.1 28.4 23.5 17.7 23.7 31.1 44.4 56 52.6
55.8 56.2 60.6 66.6 68.4 62.7 61 58.7 52.9 46.2 38.5 37.9 47.2 67.7 99.4 104.3 95.1 80.1 66.5 67.6 70.8 77.7 77.6 71.5 65.3 62.3 60 58.4 59.1 60.7 62.8 65.1 72 75.4 74.5 72.5 70.6 68.3 63.9 63.4 51 35.5 -1.8 -1.8 -1.8 -1.8 -1.8 -1.8 -1.8 -1.8 -1.8 -1.8 -1.8 -1.8 -1.8 -1.8 -1.8 -1.8 -1.8 -1.8 -1.8 -1.8 -1.8 -1.8 -1.8 -1.8 -1.8 11.4 21.7 28.8 33 36.6 38.3 38.1 29.9 20.1 13 14.8 24.1 36.8 44.3 52.5 62.8 69.4
54.2 57.3 63.8 69.7 76.6 71.3 67.1 59.7 54.1 48.6 39.7 38.5 39.4 52.3 74.1 89.7 85.6 65.3 57.9 57.9 65 74.2 76.9 74.2 69.1 65.4 59.8 58.4 59 61.2 65 67.1 73.7 76.4 74.2 72.5 71.6 69.3 67.1 65.2 62.9 55 40.3 22.7 -1.8 -1.8 -1.8 -1.8 -1.8 -1.8 -1.8 -1.8 -1.8 -1.8 -1.8 -1.8 -1.8 -1.8 -1.8 -1.8 -1.8 -1.8 -1.8 -1.8 -1.8 -1.8 -1.8 1.5 2.5 7.2 13.5 14.6 15.7 14.2 10.1 4.6 18.6 27.8 38 50.4 60.9 65.4 79.1 86.5
53.6 55.7 62.7 71 75.3 75.5 70.9 64 55.3 48.5 42.4 39.3 40 41.8 47.8 54.5 64.9 57.3 54.7 55 57.8 72.2 73.7 73.5 71.6 66.9 61.2 58.5 58.5 60.3 64.7 67.5 71.3 76.3 76.5 75 73.2 72.7 69.9 67.4 66 61.1 49.6 36.1 -1.8 -1.8 -1.8 -1.8 -1.8 -1.8 -1.8 -1.8 -1.8 -1.8 -1.8 -1.8 -1.8 -1.8 -1.8 -1.8 -1.8 -1.8 -1.8 -1.8 -1.8 -1.8 -1.8 0.4 1.4 2.5 4 4.3 4.9 2.5 14.6 21 31.5 41.6 53 69.1 86.4 91.3 93.7 99.9
53.8 58.5 64.2 69.7 75.1 77.1 73.9 68.8 60.6 53.5 47.2 41.5 40.9 41.3 45.6 49 49.8 51.6 52.9 53.4 62.2 68.7 73.9 74.7 73.2 69 61.3 58.6 58.8 59.6 65 69.5 72.8 75.7 77.1 75.6 75.7 75.1 73.1 69.3 66.5 64.9 55.8 45.5 36.9 20.7 -1.8 -1.8 -1.8 -1.8 -1.8 -1.8 -1.8 -1.8 -1.8 -1.8 -1.8 -1.8 -1.8 -1.8 -1.8 -1.8 -1.8 -1.8 -1.8 -1.8 -1.8 -0.6 0.8 2.5 2.5 8.3 14.5 17.7 26.3 39 54.8 63.7 75.4 89.9 97 103.4 103.1 104.9
61.2 66.2 73.1 77.2 79.5 79.3 73.6 68.2 67.4 61.9 61.1 48.5 42.4 43.1 44.9 47.4 49.4 52.8 58.1 64.8 80.5 76.7 74.5 81.3 80.3 77 65.3 60 59.3 59.6 64.6 69.2 75.1 78.9 78.4 77.3 78 78.1 75.9 73.4 68.6 64.9 61.2 52.6 43.5 36.1 21.5 -1.8 -1.8 -1.8 -1.8 -1.8 -1.8 -1.8 -1.8 -1.8 -1.8 -1.8 -1.8 -1.8 -1.8 -1.8 -1.8 -1.8 -1.8 -1.8 -1.8 -1.8 0.4 2.7 12 20.8 33.9 45.5 57.7 65.4 73.9 83.4 91.2 100 105.7 112.9 112.2 114
74.9 78.8 80.8 84.7 85.1 83.1 76.3 73 71 71.3 66.5 59.8 51.1 44.9 50.8 53 61 69.4 85.5 75.3 85.2 84.2 81.4 86.4 87.6 81.5 67.8 63.4 60.2 60.2 62.6 69.9 77.2 80.9 84.6 85.8 80.9 81.3 79.1 75.1 72.4 66.8 64.6 61.7 52.6 43.7 31.1 16.7 -1.8 -1.8 -1.8 -1.8 -1.8 -1.8 -1.8 -1.8 -1.8 -1.8 -1.8 -1.8 -1.8 -1.8 -1.8 -1.8 -1.8 -1.8 -1.8 -1.8 -1.8 4 17.3 32.2 48.3 59.4 67.4 75.8 85.8 107.5 110.3 112.4 115.1 122.3 121 121.3
75.3 91.8 97.8 97.4 90.3 83.2 79.7 77 76.8 78 77.1 66.6 61.8 51.6 49.9 57.4 69 96.3 101.8 86.4 93.5 91.4 89.5 89.4 99.6 82.9 70.8 67.2 62.7 63 61.7 67.8 77.6 82.3 86.5 91.1 87.7 86.5 84.1 79.4 76.6 71 66.4 64.2 60.7 51.5 41.2 33.9 16.2 -1.8 -1.8 -1.8 -1.8 -1.8 -1.8 -1.8 -1.8 -1.8 -1.8 -1.8 -1.8 -1.8 -1.8 -1.8 -1.8 -1.8 -1.8 -1.8 -1.8 11.8 29.4 42.3 56.7 67 76.5 88.2 107.1 119.4 129.7 125.1 125.4 128.5 130.8 129.1
73 99 105.5 107.1 94.7 88.2 82.9 79.5 81.1 81.7 83.2 75.4 69.2 60.6 53.7 58.9 65.5 88.7 102.1 104.9 108.3 109.1 105.1 93.5 95 87.1 73.7 68.1 63.8 64.4 62.5 63.1 75.1 83 87.6 89.8 92.4 90.5 85.9 83.1 79 77.6 71.3 67.2 63.3 56.3 51.4 42.2 37.1 15.6 -1.8 -1.8 -1.8 -1.8 -1.8 -1.8 -1.8 -1.8 -1.8 -1.8 -1.8 -1.8 -1.8 -1.8 -1.8 -1.8 -1.8 -1.8 -1.8 15.1 32.1 48.1 61.4 77.3 91.7 106.9 113.5 128.6 140.1 135.7 135.3 136.7 137.5 131.7
88 95 107.5 105 96.3 90.1 84.2 83.6 87.2 90.6 91.1 87.8 74.3 69 60.9 55.2 63.7 76.1 98.8 118.7 119.4 122.1 117 100.9 93.5 86.6 77.5 71.6 67 67.7 68 67.2 69.5 78.9 87.1 91.4 94.6 93.5 87.9 85.5 80.9 80.2 79.3 72.5 69.2 66.1 55.5 46.7 43.7 34.7 19.3 -1.8 -1.8 -1.8 -1.8 -1.8 -1.8 -1.8 -1.8 -1.8 -1.8 -1.8 -1.8 -1.8 -1.8 -1.8 -1.8 -1.8 -1.8 16.9 30.7 49.8 61.9 79 100.3 111.4 122.5 130.1 149 147 141.5 144.4 144.1 138.5
95.5 90.6 102.5 103.3 95.5 92.3 86.6 88.5 93 96.1 102.3 103.2 86.5 74.8 69.7 61.3 57.4 68.1 87.2 114.5 123.6 123.5 119.5 103.2 90.9 85.4 78.1 71.6 70.6 68.9 71.7 72.4 71.7 74.5 82 86.7 92.2 91.7 90.4 85.8 83.1 81.8 84.2 83 74.9 70.7 64.4 54.2 44.9 42.5 33.8 16.6 -1.8 -1.8 -1.8 -1.8 -1.8 -1.8 -1.8 -1.8 -1.8 -1.8 -1.8 -1.8 -1.8 -1.8 -1.8 -1.8 -1.8 13.3 28.1 51.9 63 77.8 97.3 111.1 123.8 138.3 142.9 148.6 150.5 149.7 151.5 147.4
96.8 102.4 96.2 100.5 98.7 95.7 89.9 93 96.2 105.5 111.4 111.2 100 83.8 77.6 70.2 62.5 62.9 71.2 90.1 113.4 115.4 106.8 95.9 85.4 81 78.9 73.3 73 71.6 73.2 76.7 75 74.9 77.5 82 85.9 87.3 89.1 87.1 85.2 83.4 84.4 85.4 82.6 77.8 66.8 58.9 53.8 46.8 40.6 27.6 9.1 -1.8 -1.8 -1.8 -1.8 -1.8 -1.8 -1.8 -1.8 -1.8 -1.8 -1.8 -1.8 -1.8 -1.8 -1.8 -1.8 -1.8 25 45.9 58.2 72.6 96.7 112.8 124.3 137.2 143.5 150.2 155.4 158.2 159.1 155.9
97 102.2 95.5 97.9 102.6 101.1 96.2 96 103.6 108 116.1 118.1 110.8 95.6 82.4 76.6 68.9 59.8 63.9 71.1 86.7 95.4 96.4 92.6 84 79.5 78.5 77.2 76.4 75.6 77.7 81.2 83.4 77.9 78.2 79.8 83.1 86 87.5 87.4 85.7 85.5 85.1 84.6 84.2 80.7 72.6 61.9 56 50.4 44.5 39.3 22.8 -1.8 -1.8 -1.8 -1.8 -1.8 -1.8 -1.8 -1.8 -1.8 -1.8 -1.8 -1.8 -1.8 -1.8 -1.8 -1.8 -1.8 17.1 35.2 53.8 63.6 85.4 115.5 134.9 142 149.2 152.7 162.9 169.8 167.3 164.2
95.2 98.1 95.5 95.5 102.4 104.2 100.3 98.6 106.7 111.7 122.5 121.5 117.8 109.1 95.7 83.3 74.4 66.3 61.5 66.8 72.9 83.9 90.6 88.8 85.1 79.7 79.1 78.7 77.6 77.5 76.4 81.5 83.4 79.6 78.8 79.9 81.7 84.6 87.8 86.9 87.2 86.2 86.5 85.4 84.3 83.3 76.6 65.5 59.7 54.5 47.3 43.8 35.4 17.4 -1.8 -1.8 -1.8 -1.8 -1.8 -1.8 -1.8 -1.8 -1.8 -1.8 -1.8 -1.8 -1.8 -1.8 -1.8 -1.8 -1.8 25.6 46.1 58.7 73.6 106.9 133.9 144.9 151.7 159.5 162.7 173.7 173.4 168.3
98.8 100.9 96.2 95.8 97.6 103.5 103 107.1 107.5 114.1 122 126.2 126.8 119.7 108.4 97.9 83.8 74.2 66.4 64.7 68.4 75.4 84.9 82.9 82.3 80.4 80.6 80.4 80.5 80 78.7 80.4 83.3 81.3 78.2 80.1 80.6 82.5 87.7 89.6 89.8 89 89 86.6 86.9 86.4 81.5 75.6 63.2 58.9 51.9 48.2 41.8 27.6 -1.8 -1.8 -1.8 -1.8 -1.8 -1.8 -1.8 -1.8 -1.8 -1.8 -1.8 -1.8 -1.8 -1.8 -1.8 -1.8 -1.8 10.3 35.9 55.2 68.1 95.5 126.3 143.4 156.6 167.4 170.7 170.4 178.2 179.8
102.9 98.8 97.3 97 98.1 100.8 117.1 124.5 121.7 118.7 123.3 126.9 134.9 129.5 117.6 112.3 94.4 84.9 72 68.9 67.1 70.5 77 79.3 79.3 80.7 81.5 82.8 82.5 81.8 80.9 81.3 84.2 83.8 79.2 81.1 83 83.4 86.6 91.6 98.1 96.3 92 89.1 88.3 88 86 79.7 74.1 65.6 58.6 53.7 46.9 37.5 18.7 -1.8 -1.8 -1.8 -1.8 -1.8 -1.8 -1.8 -1.8 -1.8 -1.8 -1.8 -1.8 -1.8 -1.8 -1.8 -1.8 -1.8 24.7 44.4 62.2 88.5 118.6 146.5 156.1 173.2 176.6 178.8 176.8 179.5
103.3 106 101.2 112.5 108.8 104.4 127.7 132.2 133.2 131.2 127.6 130.9 137.7 138.4 126.2 120.9 107.1 92.5 84.2 76.1 71.7 69.1 72.3 75.7 78.1 80.6 82.5 86 87.1 85.5 83.3 82 86.5 86 82.9 79.7 83.6 85.3 87.4 91.3 97.5 98.4 94.1 92.9 92.3 89.9 89.3 82 78.3 74.4 61.7 58.3 50.6 37.8 31.1 -1.8 -1.8 -1.8 -1.8 -1.8 -1.8 -1.8 -1.8 -1.8 -1.8 -1.8 -1.8 -1.8 -1.8 -1.8 -1.8 -1.8 12.5 34 55.4 83.3 109 143.6 155 170.1 174.7 177.4 178.3 184.1
103.1 105.7 113.2 122 117.6 114.1 137 140.7 138.4 136.7 134.9 133.9 140.4 142.3 136.9 128.7 122 103.4 90.6 86.8 79.3 73.3 71.3 76.4 79.4 82.6 91.3 98 102.6 95.5 89.4 84.6 85.8 86.4 85.5 83.1 84.2 86.6 88.4 92.5 95.8 97.2 97.6 96 96.1 92.8 91.1 86.9 82.5 79.3 70 61.3 53.9 41.8 34.6 22.4 -1.8 -1.8 -1.8 -1.8 -1.8 -1.8 -1.8 -1.8 -1.8 -1.8 -1.8 -1.8 -1.8 -1.8 -1.8 -1.8 -1.8 23.5 48 72.6 99.8 135.7 150.6 164.5 169.8 178.8 179.8 184.4
105.1 112 118.8 127.4 124.3 129.9 136.6 142.2 143.6 141.8 137.9 137.1 138.3 147.2 145.1 135.2 128.4 112 99.2 92.4 88.9 81.3 74 75.7 80.2 86.7 97.7 103 109.2 109.8 96.7 86.9 85.1 88.6 88.6 86.9 83.9 85.8 89.7 93.3 96.8 97.6 97.7 98 99.3 96.1 94 90.9 88.8 82.1 77 62.4 56.3 46.8 37.1 30.3 -1.8 -1.8 -1.8 -1.8 -1.8 -1.8 -1.8 -1.8 -1.8 -1.8 -1.8 -1.8 -1.8 -1.8 -1.8 -1.8 -1.8 7.3 36.1 61.6 92 125.5 149.9 162.7 168.1 171.5 178 184.6
113.5 118.4 122.6 132.4 127.8 129.6 137.6 138.2 140.5 153.6 149.2 141.8 142.9 149.4 151.1 141.2 136.4 125.4 107.3 99 92.7 86.2 78.4 74.4 81.8 89.3 101.8 104.5 106.8 110 99.1 93.5 89.8 90.6 94.1 90.7 89.6 86.5 89.9 94.2 95.7 100 99.4 100.2 105.7 99.9 96.6 95.1 91.7 90.5 79.5 70.2 56.9 48.9 38.8 30.4 22.2 -1.8 -1.8 -1.8 -1.8 -1.8 -1.8 -1.8 -1.8 -1.8 -1.8 -1.8 -1.8 -1.8 -1.8 -1.8 -1.8 -1.8 21.8 47 77.7 112.3 141 156.6 163.7 166 172.4 176.9
114.4 118.4 128.5 135.8 135.4 130.9 135 136.2 138.6 157.3 157.8 155.5 147.9 149.4 157.7 147.5 153.6 140.7 120.3 103.8 101.4 93.8 83.6 81.5 80.8 88.4 97 103.7 106.5 106.4 99.6 95.4 94.6 92.2 94 92.9 92.8 90.2 90.2 93.7 96.8 99.6 103.1 104.1 106.9 101.2 101.1 97.2 94 88 82.5 69.9 60.9 53.9 40.1 32.8 27.3 -1.8 -1.8 -1.8 -1.8 -1.8 -1.8 -1.8 -1.8 -1.8 -1.8 -1.8 -1.8 -1.8 -1.8 -1.8 -1.8 -1.8 8.3 33.6 62.4 95.1 126.7 151.6 157.5 162.7 170.3 174.5
123 121.2 138.3 146.6 145.1 139.2 133.4 135.2 137.6 155.5 158.8 160.1 160.2 156.2 158.8 154.8 158.2 159.4 133.3 113.8 105 97.1 91.7 86.8 83.4 87.7 92.2 99.7 105.6 106.5 100.8 100.1 98.6 96.4 95.7 97.8 95.4 94.4 93.9 94.5 97.8 100.2 103.4 110.1 108.8 105.5 102.6 101 95.9 89.1 85.1 72.8 63.9 56.4 48.3 36.8 30.3 20.9 -1.8 -1.8 -1.8 -1.8 -1.8 -1.8 -1.8 -1.8 -1.8 -1.8 -1.8 -1.8 -1.8 -1.8 -1.8 -1.8 -1.8 20.4 46.4 81.9 105 134.2 153.9 164.2 172.2 174.7
129.4 127.9 142.7 166.8 162.3 155.5 141.1 135.5 137.5 150.1 169 163.2 162.9 161.7 160.4 157.2 153.7 157 142.7 123.2 108.7 104.6 94.5 90.2 89.1 84.4 92.6 99.4 105.2 107.5 103.3 102.3 101.4 101.4 100 99.1 100.3 98.5 98.9 97.1 97.8 100.3 104.6 108.7 111.1 110.6 107.3 103.1 98.4 92.5 88.1 75.4 65.5 59.3 52.5 44.8 37.4 24.6 -1.8 -1.8 -1.8 -1.8 -1.8 -1.8 -1.8 -1.8 -1.8 -1.8 -1.8 -1.8 -1.8 -1.8 -1.8 -1.8 -1.8 -1.8 32.3 60 79 110.4 138.5 161.1 169.4 172.1
128.4 130.8 147.4 161.9 159.8 167.5 165.8 141.8 139 148.4 168.3 171.7 172.2 164 163.8 160 152.8 146.9 140.8 131.5 115.7 110.9 104.1 100.6 93 91.6 89.6 97.9 102.8 107.9 107.6 108.8 107.4 113.1 110.2 102.8 102.9 102.3 103.1 101.6 101 101 104.6 108.7 111.4 115.5 112.6 106 102.1 94.6 90.5 83 70.6 61.9 54.6 44.7 40.9 31.5 11.6 -1.8 -1.8 -1.8 -1.8 -1.8 -1.8 -1.8 -1.8 -1.8 -1.8 -1.8 -1.8 -1.8 -1.8 -1.8 -1.8 -1.8 11.6 45.3 65.5 90.2 116.1 145.5 161.4 165.4
130 134.5 148.1 164.2 160.5 173 168.3 149.7 144.8 153 168.2 170.7 168.9 169.7 167.7 161.3 153.2 148.3 143.3 136.9 124.1 117.7 112.5 105 99.2 97.3 94.1 93.5 102.8 108.4 112.3 114.2 111.7 116.8 115.1 113 105.4 106.7 107.4 107.7 103.9 103.7 103.8 106.8 109.9 113.3 111.7 108.2 102.5 100.4 92.5 88.1 74.9 64.7 59.3 54.6 43.2 35.2 21.8 -0.9 -1.8 -1.8 -1.8 -1.8 -1.8 -1.8 -1.8 -1.8 -1.8 -1.8 -1.8 -1.8 -1.8 -1.8 -1.8 -1.8 -1.8 23.4 51.2 72.1 100.7 123.7 145.2 157.8
134.1 137.8 151.9 168 160.6 174.9 166.3 156.1 155.1 161.8 168.6 171.2 174.2 176.3 176.5 175.9 158.5 152.1 144.7 139 132.6 120.6 111.3 108 103.6 99.2 97.9 98.8 98.9 109.2 116.5 120.5 120.5 126.5 127.5 118.7 115.6 110.7 114 111.1 109.7 106.2 105 105.7 110.8 112.5 111.4 106.9 104.1 100.6 96.8 88.7 77.8 68.8 63.3 58.1 44.1 34.8 25.3 2.5 -1.8 -1.8 -1.8 -1.8 -1.8 -1.8 -1.8 -1.8 -1.8 -1.8 -1.8 -1.8 -1.8 -1.8 -1.8 -1.8 -1.8 4.9 32.2 59.4 78.5 100.7 124 144.5
136.4 138.8 147 168.5 173.2 175.2 168.2 159.5 159.8 160.3 170.6 173.3 175.4 177 178.3 176.6 165.5 159 150.6 143.9 133.3 126.8 116.7 110.7 106 104.8 97.3 100.6 101.5 107.5 115.9 123 124.1 130.3 133.7 126.7 119.2 119.3 119.8 116.2 114.2 112.1 108.1 107.5 110.3 111.8 109.2 106.1 103.2 99.7 96.9 88.4 76.7 70.1 66.4 62.7 43.1 44.2 35.3 23.3 -1.8 -1.8 -1.8 -1.8 -1.8 -1.8 -1.8 -1.8 -1.8 -1.8 -1.8 -1.8 -1.8 -1.8 -1.8 -1.8 -1.8 -1.8 13.6 42.4 65 86.1 107.7 124.7
139.1 140.5 146.9 164.8 173.6 176.5 178.4 161.7 163.6 171.8 173.4 177.2 177.4 179.1 180.2 183 172.8 160.6 151.8 148.9 141.7 132.1 120.7 112.7 109 109.6 106.6 100.6 103.4 108.2 115.3 123.6 129.3 132.5 139.6 137.4 130.3 127.5 122.1 123.2 117.7 115.2 113.8 112 110.4 109.3 106.1 104.9 102.2 100.6 94.7 88.9 76.9 71.6 67.1 59.8 53.5 45.9 40.1 30.6 -1.8 -1.8 -1.8 -1.8 -1.8 -1.8 -1.8 -1.8 -1.8 -1.8 -1.8 -1.8 -1.8 -1.8 -1.8 -1.8 -1.8 -1.8 -1.8 26 53.3 74.4 93 111.2
141.8 145.4 150 166.5 174.8 176.9 178.5 168.9 171.7 179.3 201.2 204.4 194.4 187 183.7 184.4 177.2 165.1 156.9 151.6 146.5 135.1 125.4 117.4 111.9 113.4 111 104.4 104.3 109.3 113 122 133.7 138.7 139 139.1 140.1 139.4 132.2 126.9 127.4 121.4 116.2 116.6 112.4 107.1 104.4 101.6 100.8 100.5 94.8 89.4 78.3 69.4 69.1 64.7 62.1 52.9 47.6 34.5 27.6 -1.8 -1.8 -1.8 -1.8 -1.8 -1.8 -1.8 -1.8 -1.8 -1.8 -1.8 -1.8 -1.8 -1.8 -1.8 -1.8 -1.8 -1.8 11.7 35.6 66.4 79.8 99.1
149.2 149.1 152.5 172 176.1 178.2 180.7 173.4 182 203.1 207.8 208.1 205.7 196.6 192.2 188.8 179.4 172.6 162.4 154.5 148.2 137 131.7 122.5 117.1 115.7 112.5 108.4 103.8 110.1 113.9 121.4 129.7 134.7 137.9 142.3 145.5 143.7 146.2 134.1 128 126 124.9 124.2 119.3 112.8 105.6 101.3 99.6 97.6 94.4 88.4 78.2 75.9 74 72.4 67.6 58.6 50.4 40.9 32.7 18.6 -1.8 -1.8 -1.8 -1.8 -1.8 -1.8 -1.8 -1.8 -1.8 -1.8 -1.8 -1.8 -1.8 -1.8 -1.8 -1.8 -1.8 -1.8 22.8 44.9 71.3 82.3
153.1 153.7 162.8 176.2 179.5 179.5 177.6 177.8 194.6 206.1 207.7 208.6 209.9 204.2 200.6 188.3 181.5 178.3 167.2 158.2 151.3 143.8 137.8 126.4 123.4 119.5 117.4 113.8 113.1 109.6 115 121.8 128.3 132.4 135.8 141.1 149.8 148.8 147.4 145.5 138.8 129.4 127.8 123.9 123.5 121.3 107.8 102.3 99 95.9 93.2 89.1 77.7 76.5 76 72.2 72.1 60.7 54.1 46 37.3 28.4 -1.8 -1.8 -1.8 -1.8 -1.8 -1.8 -1.8 -1.8 -1.8 -1.8 -1.8 -1.8 -1.8 -1.8 -1.8 -1.8 -1.8 -1.8 12.7 31.5 54.1 74.9
165.3 169.7 175 178.6 181.4 181.3 180.1 181.2 199 210.4 209.2 209.4 211.1 206.4 193.7 188.7 184.5 179.9 175.5 169.5 157.6 150.8 142.7 131.7 127.3 124.6 122.5 120.6 118.3 110.6 115.2 124 127.7 129.1 135.6 140.9 152.7 157.5 151.7 149.6 139.8 129.7 127.2 124.4 123 118.9 109.5 102.5 99.1 95.5 95.2 89.7 87.1 83.5 78.2 74.5 75.1 70.3 58.7 49.4 41.1 33.1 17 -1.8 -1.8 -1.8 -1.8 -1.8 -1.8 -1.8 -1.8 -1.8 -1.8 -1.8 -1.8 -1.8 -1.8 -1.8 -1.8 -1.8 8 22.6 39.6 57.2
184.1 193.2 191.1 196.5 198.8 186.8 184.9 185.8 203.8 211.4 213.1 219.1 213.3 213.9 205.8 192.4 188.5 184.5 181.7 174.2 167.9 156.3 148.5 140.6 130.1 127 124.8 123.4 121 115.7 117.5 123.2 126.4 130 137.2 145.9 156.8 158.3 153.2 148.7 137.7 135.7 127.4 125.4 122.8 117.4 110.2 103.7 99.6 95.7 95.1 92.2 92.1 87.3 79.7 77.3 76 78.7 67.7 52.8 43.9 36.6 26.2 -1.8 -1.8 -1.8 -1.8 -1.8 -1.8 -1.8 -1.8 -1.8 -1.8 -1.8 -1.8 -1.8 -1.8 -1.8 -1.8 -1.8 10.5 21.2 37.6 53.8
188.8 198 200.6 201.7 201.7 202.6 197.3 198.9 210.6 213.8 216.8 222.3 219.2 216.1 212.2 197.6 194.9 192 184.7 177.1 167.9 159.9 154.2 147.9 133.5 132.8 126 124.2 122.8 120.8 115.8 124.2 126.6 130.1 137.3 150.7 159.9 159.4 160.3 146.9 139.4 137.4 128.9 124.5 121.2 116.4 110.7 107.7 102.2 97.3 96.9 95.2 94.2 91.6 85.6 80.7 80.5 84.2 75.8 60.4 49.3 42.5 32.3 12 -1.8 -1.8 -1.8 -1.8 -1.8 -1.8 -1.8 -1.8 -1.8 -1.8 -1.8 -1.8 -1.8 -1.8 -1.8 -1.8 -1.8 18.9 35.7 55
184.8 198.2 202.1 204.1 214 224.6 213.2 209.6 212 214.1 221.1 222.4 220.9 218.6 217.6 207.6 202.8 209.2 209.1 181 176.9 163.9 161 152.6 143.2 135.4 130.4 125.8 126 124.4 122.9 127.3 126.9 130.6 139.3 150.9 161 162.9 163 149 140.8 134.7 130.2 123 119.8 118.1 111.7 110.3 103 97.7 99.7 98.4 96.4 94.1 91.4 87.4 87.9 84.9 82.2 67 54.4 45.7 35.5 23.2 -1.8 -1.8 -1.8 -1.8 -1.8 -1.8 -1.8 -1.8 -1.8 -1.8 -1.8 -1.8 -1.8 -1.8 -1.8 -1.8 -1.8 -1.8 27.8 50.4
192.5 194.8 204.7 213.7 221 220.8 221.8 225.8 217.6 214.4 219.7 219.6 219.5 219.7 219.3 219 213.2 211.4 213.5 199.1 180.1 173.2 165.6 157.9 144.5 138 131.4 127.6 127.8 126.1 124.3 126.9 127.1 133.3 141.1 154.9 161.9 164.2 164.2 150.5 139.1 135 129.1 124.5 120.4 119.2 114 110.2 107.8 103.3 101.3 100.8 100.1 98.3 96.6 93.3 92.1 87.2 89.2 70.4 59.3 51.4 43.2 32.3 -1.8 -1.8 -1.8 -1.8 -1.8 -1.8 -1.8 -1.8 -1.8 -1.8 -1.8 -1.8 -1.8 -1.8 -1.8 -1.8 -1.8 -1.8 17.2 38.8
204.8 202.8 206.3 225.3 222.8 229.3 232.6 229.7 225.3 219.1 216.1 217.4 220 222.9 224.3 225.7 224.5 213.3 211.9 209.8 183.5 177.5 170.4 160.3 149.2 141.2 131.2 128.9 129.2 128.3 126.2 125.4 128.2 133.1 144 158.8 162 160.6 160.4 150.4 141.1 137.3 132.9 125.3 122 119.3 116.2 114.1 108.3 105.1 102.8 104 105.1 101.8 99.7 96.7 95.6 93.2 85.4 74.7 66 56.7 47.5 38.7 21.5 -1.8 -1.8 -1.8 -1.8 -1.8 -1.8 -1.8 -1.8 -1.8 -1.8 -1.8 -1.8 -1.8 -1.8 -1.8 -1.8 -1.8 4.4 24.6
