Assets/StreamingAssets/GeoData/Data/ng/NG35.asc
ncols 200
nrows 200
xllcorner 130000
yllcorner 850000
cellsize 50
[rows 160 to 199 of 200, columns 90 to 179 of 200]
34.5 41.9 48.3 52.1 53 56 61.3 69.3 69.8 68.9 68.4 69.1 72.8 74 79.9 86.8 90.9 95.4 107.5 111.9 116.2 132.3 141.9 154.9 161.5 156 152.3 151.8 141.8 140.3 141 140.1 139.1 141.6 145.5 150.7 156.1 155.4 149.4 139.1 128.2 119.5 107.8 97.7 92.7 94.3 100.3 107 109.1 113.3 107.2 105.4 103.6 97.6 109.5 114.8 122 125.7 121.2 112.9 106.8 105.9 105 105 110.8 112.4 102.2 86.3 78.9 73.2 71.9 69.5 65.8 58.3 58.1 56.9 52.9 54.1 54.4 55.2 54.2 52.6 53.2 49.7 49.7 54.2 56 52.8 51.5 48.5
34.3 38.9 44.6 49.9 50.7 53.9 58.1 64.3 67.2 67.7 68.3 69.2 71.1 76.6 78.3 85.6 90.3 93 98.3 110.5 116.3 142.7 144.9 154.1 160 162.7 147.3 147.2 140.8 140 140.6 139.1 140.4 148.3 151.5 155.2 158.4 157.5 151.5 144.4 132.9 123.5 110.2 98.7 94.9 94.2 97.8 101.7 108.4 109.4 107.4 107.2 107.2 105.5 107.4 114.9 120 121.7 118.8 111.5 107.5 105.4 105.2 105.4 111.7 117.2 111.2 96.8 80.4 73.1 72.6 73.2 67.9 63 59 58 59.7 58.4 56.1 56.8 57 55.2 55.2 56.2 51.1 55.2 58.8 58.8 52.8 51.3
32.9 36.7 42.3 47.7 48.2 51.2 56.4 61.8 64.4 68.6 70.1 67.9 72.1 76.8 84.2 88.6 92.3 96 97.8 109.1 115.3 150.2 149.7 157.7 161.4 167.1 148 141.5 140 141.7 141 141.4 147.9 156.4 160.2 158.5 156.3 153.6 152.1 145.3 133.4 117.3 111.2 106.5 99.4 96.9 97.7 100.5 106.4 108.2 108.1 108.1 110.2 111.3 105.8 111.2 115.7 119.6 121.3 113.4 108.1 106.7 105.6 105.6 106.6 115.6 112.7 99.2 81.4 76.2 75.1 73 70 67.7 62.5 64.5 63.5 62.6 60.8 61.1 61 62 58.7 57.3 54.1 53.5 59.7 60.9 52.8 52.6
30.7 35.1 40.5 44.2 46.7 50.9 55.5 59 60.5 63.3 65.4 66.6 70.2 74.6 86.3 90.1 93.6 98.6 98.5 107 117 154.7 158.3 158 166.5 164.8 148.7 141 143.1 146.9 146.9 149.3 156.5 169.1 169.3 164.4 156.5 151.9 149.1 141 125.7 120.3 115.5 108 104.4 99.5 97.3 103.4 106.8 108.5 109.4 109.3 113.4 117.7 118.5 112.1 115.6 122.1 123.8 120.2 109.6 107.6 106.2 105.9 106.8 108.4 110.7 100 85.8 78.6 76.6 74.3 73.6 71.7 69 66.8 68.5 66.3 62.6 63.6 63.3 65.3 64.7 60.6 56.1 54.3 60 62.2 54 47.1
29.1 33.6 39.5 43.5 45.9 49.3 54.1 57.4 60.1 63.6 64.1 66.1 70.6 80.4 86.1 90 93.9 101.7 101.1 102.4 117.9 134.1 149 156 165.8 164.2 144.2 141.3 144.1 151.9 150.9 154.3 160.5 170.9 170.2 165 155.8 150.5 145.1 137.8 129.3 122.5 116.8 112.2 108.8 107.5 99.6 101.4 106.8 111.3 113 113.8 119 123.4 123.8 119 111.1 123.9 125.6 123.1 111.1 108.7 106.5 106.5 107.5 108.1 106.6 100.9 88 80.2 77.7 73.4 76.6 74.9 73.4 70.7 71.3 71.1 64.9 66.2 68.3 70.1 66.9 64.8 60.2 55.1 56.6 56.5 55.6 46.6
29.4 31.7 34.5 38.6 41.5 48.9 53.6 58.1 61.9 63.7 64.8 66.6 72.4 83.6 87.4 90.9 99.4 103.2 105.5 105.4 113.1 125.4 133.5 141.7 155.2 150.9 144 142.3 145.7 152.9 155 157 163.1 167.6 168.6 166.9 157.6 146 144.3 140.1 132.1 123.6 119.1 116.8 115.9 115.3 111.7 101.6 109.4 117.8 119.1 121.2 123.5 127.6 132.7 126.8 116.6 113.2 119.1 120.5 113.5 111.9 107.6 107.1 108.9 110.7 109.1 104.6 89.6 79.6 78.5 75 76.1 77.7 77 74.9 73 75.5 70.6 69.5 71.2 73.9 68.6 66 61.7 56.3 55 55.4 50 45.6
29.1 30.9 33.4 39.7 45.4 50.8 54.4 58.4 62.4 65 67.9 70.8 78.4 86.9 89 95.2 100.5 104.2 106.1 107.7 115.4 118.7 126 133 138.6 142.2 142.8 141.9 146.9 150.1 150.5 165.1 176.8 174.8 175.7 170.1 162.1 149.9 146.1 140.6 134.9 127.9 125.3 122.3 121.9 126.4 122.1 111.9 110.3 120.1 123.7 125.6 126.2 130.9 136.7 136.8 128.4 118.1 113.4 115.6 114.3 113.5 110.2 108.4 108.4 112.4 114.3 105.3 92.4 79.4 78.5 76.9 79.1 79.2 79.6 79.9 75.4 76.8 73.6 70.3 71.8 80.1 78.4 75 66.5 59.8 55.6 55.8 52.8 46.3
23.8 29.5 35.5 39.4 45.6 51.3 54.7 60.3 63.2 65.7 69.8 74.5 78.3 86.4 91.7 97.4 100.7 104.1 108.6 113.1 118.1 121.1 123.8 127.7 128.7 129.8 137.5 141.5 145.6 154.8 160.6 184.1 188.8 175.8 174.5 172.4 161.9 150.6 149.1 141.5 136.7 129.6 132.1 130.8 132.6 134.3 134.7 125.4 108.8 120.6 126.5 129.2 131.3 134.4 138.4 141.7 139.5 128.4 119.6 113.7 114.1 115.4 113.1 110.6 110.1 112 117.4 107.1 93.4 80.9 78.2 77.5 80.3 82.4 81.3 82.7 79.3 76.2 74.6 71.9 72 79.3 85 77.6 73.6 65.4 56.4 55 53.2 49.5
24.1 29.1 34.5 39.1 43.9 51.1 55.8 60.9 64.2 66.8 72.7 76.8 79.1 86.9 94.5 100 102.1 106.3 109.4 113.6 117.2 124.4 128.2 128.5 132.6 137.6 149.5 143.6 146.4 166.1 173 188.3 180.6 176 173.2 168.9 157.4 150 148.8 144.3 134.7 133.6 136.2 144.4 142.7 143.1 145 139 121.6 119 126.1 130.6 132.9 135.8 140.2 144.2 144.9 137.5 128.7 123.8 113.5 116.8 114.4 114 110.7 112.5 115.4 105.7 92.9 78.7 77.1 78.6 81.5 84.3 83.1 85.9 83.7 81.1 83.5 75.2 75.6 76.5 84.4 80.8 76.1 67.4 58.7 56.4 54.6 49.5
19.5 27.7 34.6 39.7 45 52.7 58.4 62.1 66.5 69.4 74.8 79.8 83.6 90.3 97.9 108 108.1 110.2 120.3 119.1 132.3 133.9 140.8 141.8 148.9 150.1 149.9 146.1 147.3 167.7 178.9 187.3 180.2 179.5 173.6 165.9 155.3 149.4 144.2 143.9 136.5 137.1 142.8 154.7 155.2 152.5 150.8 148.5 133.1 119.2 124.9 130.4 133.4 134.7 145.5 150.2 144.4 138.6 136.6 129.9 113.7 113.3 114.7 115 112.2 112.6 116.1 105.5 91.1 79 78.9 79.5 81.8 84.5 84.8 89.9 89.6 84.1 83.6 79.1 80 80.3 84.6 82.2 77.6 70.1 62 58.5 54.4 51.5
19.2 28.2 36.3 39.8 46.6 54.2 59.4 64.9 68.6 69.6 79.8 86.1 89.2 98 107.6 108.9 116.1 115.8 125.5 129.7 135.3 140.3 141.1 145.3 149.8 156.1 155.5 158.2 159.5 153.9 160.8 173.7 181 181.7 176.4 162.9 154.4 149.9 142.5 141 136.9 139.6 149.5 161.8 166.8 158.1 151.9 145 133.8 125.6 125.3 131.1 133.9 136.4 147.7 153.6 147.5 141 140.7 140.6 122.1 114.3 113.2 115.2 116.7 111.7 111.6 107.6 89.3 78.7 79.3 79.7 81.6 83.2 85.5 90.8 94.2 89.6 83.5 82.3 83.4 83.9 85.3 84.5 84.6 74 66.2 62.1 55.9 52.5
18.2 25.7 35 38.8 44.1 53.4 60.2 68.6 72.4 74.1 84.8 97.5 95.3 104.2 107.5 116 117 119 122.3 136.1 131.7 145.3 145.4 150.8 153.1 156.9 161.2 164.4 159.8 158.9 168.5 167.7 172.1 178.1 173.2 163.2 153.9 149.7 140.8 138.9 141.7 144.7 155.2 168.6 167.5 159.3 150.2 143.2 137.9 129 124.2 128.8 132.7 135 141.1 148.3 147.4 143.6 141.8 142 129.1 115.3 114 114.6 113.6 111.6 110.9 108.6 89.6 79.5 77.4 80.2 81.4 83.2 86.4 93.2 96.7 96.9 88 86.7 88.3 86.4 86.6 88.3 92 86.3 70.6 63.2 55.6 50.9
16.2 23.3 32.9 38.8 44.7 53.9 62.1 69.1 76.4 77.3 86.4 95.8 103.9 108.3 112.7 115.8 117.8 126.6 130.7 136.6 140.9 145.4 149.7 153.1 157.1 160.9 164.9 165.1 158.1 168.5 170.4 171.1 169.9 171.3 166.1 160 154.6 148.1 139.4 143.2 146.8 148.1 156.5 165.1 167.1 158.3 149.7 144 139.2 131.7 123.7 126.3 131.8 135 137.5 142.2 149 145 140.9 141.3 132.7 121.1 115.7 114.3 114.4 111.7 110 109.5 93.1 81.8 78.3 80.2 81.6 83.2 87 93.3 99.1 99.7 93.1 89.4 91.3 88.6 87.4 89.8 95.7 90 76.3 66.5 58 48.2
15.3 21.6 31.3 37.9 44.6 55.1 62.7 67.9 75.8 80.6 86.8 93.7 103.2 109.6 113.7 116 118.1 128.1 132.9 139.5 145.5 148.2 152.3 154.5 163.7 164.4 167.7 163.1 159.1 171.2 175.1 173.5 173 172 165.3 162.9 156.2 146.3 139.7 145.1 147 148.3 152.3 161.8 166.5 162.3 152.9 144.9 141.1 133.7 123.9 124.8 130.4 135.1 137.3 140.5 143.3 141.3 138.1 137.5 131.8 121.2 118.5 116.9 116.2 111.8 108.1 105.7 94.4 85.4 79.2 80 81.7 84.5 88.4 94.3 100.4 103.3 98.9 91.9 89.7 89 88.9 89.2 88 87.1 79.5 70.3 61.3 49.7
14.3 20.3 28.8 36.2 42.8 50.9 57.7 65.5 74.2 81.7 86 92.4 102.7 111.2 116.2 119.8 123.6 129.6 135.5 139.3 148.3 149.7 151.6 158.6 165.4 168.2 166.9 166 160.7 170.9 175.1 180.3 182.6 174.9 165.6 163.5 154.5 142.5 139.3 150.6 149.2 150 154.6 161.7 165.1 164.5 154.7 145.6 143.2 136.5 124.8 124.8 129.4 134.2 136.4 136.9 137.4 137.3 136.4 136.3 131.3 124.4 124.4 122.9 117.7 104.9 103 102.9 97.2 85.2 78.9 80.8 81.3 83.2 88.6 92.4 101.9 105.6 102.7 95 89.8 89.1 88.8 88.2 87 85.4 79.9 72.5 65.2 53
13 19.1 27.9 36.1 43.7 48.5 54.7 61.2 71.5 81 86.5 92.9 100.7 109 119.4 122 125.4 131.9 140.4 143.9 146 148.4 150.1 157.8 162.6 170 168.3 168.1 166.3 166.3 172.6 182.7 187.1 171.1 165.6 162.9 151.5 140.8 141.1 155.9 156.6 151.4 158 163.4 170.1 165.4 157.6 147.3 144.6 138.8 128.2 125.9 126.9 132.8 135.2 135.2 135.4 136.7 136.5 137 133.5 125.8 125.6 122.9 112.9 104.3 95.5 97.8 94.5 86.4 79.1 79.8 81.1 82.8 86.2 93.9 99.6 105.5 103.7 96.5 89.1 88.5 88 86.7 86.6 86 80.7 73.5 70.5 58.6
12.1 18.1 27.5 35.1 44.5 50.9 52.9 58.6 64.9 78.4 87.1 92.7 102.8 107.6 118.7 120 126 137 142.1 146.9 150.3 150.6 151.6 153 155.7 164 168 173.4 171.4 167.7 175 183.1 182.8 168.4 162 158.9 148.3 140 142.5 158.8 161 158.5 167.5 170.6 175.3 166 155.6 148.6 143.9 139.3 131.2 126.3 126.8 130.2 134.7 135.3 135.8 136.6 137.7 135.2 131.3 125.5 125 119.8 114.8 106.8 97.1 92.7 92.1 89.3 80.4 79.4 80.5 82.5 85.2 93.4 97.6 105.2 104.1 97 88.7 86.7 86.6 85.9 85.6 85.8 80.5 75.2 72.5 62.1
10.9 16.6 24.1 33 41.8 52.5 54.4 57.8 63.6 73.1 84.9 91.9 100.7 108.9 112 118.7 125.9 137.9 143.1 150.3 151.9 156.4 158.1 158.2 161.2 163.7 169.9 171.7 169.9 167.9 173.3 174.7 166.6 163.8 159.3 154.4 142.4 140 146.4 159.4 161.3 161.5 174.3 178.3 176 169 160.3 152.5 146.7 141.7 132.7 127.1 128.1 129.2 133.9 135 134.4 135.9 137.6 135 129 125.6 125.1 124.7 116.7 109.5 101 93.1 89 84.9 81.2 80.4 81.3 83.3 85.3 92.2 96.3 101.4 105.6 97.6 88.6 84.5 84.7 84.1 83.6 82.3 78.7 74.1 72.2 62.6
10.3 13.9 20.1 30.3 39 49.5 54.5 56.4 62.3 69.9 79.5 90.3 97.5 110.5 114.8 119 128.1 135.2 141.6 147.4 150.6 151.4 159 162 161 164.8 170.6 173.8 164.8 162.6 162.6 161.1 160.4 159 153.5 145.7 141 141 146.4 156.9 159.2 160.8 174 178.2 174.4 171.1 163.5 156.8 151.1 145.4 137.7 128.5 129.3 129.6 134 133.3 133.4 135.9 137.2 135.6 129.4 124.3 123.5 124.1 117.8 108.3 101.2 94.7 90.3 86.3 81.3 81.9 82.2 83.3 84.4 89.5 93.7 97.8 105.9 95.3 87.6 82.3 82.8 81 81.5 80.6 80.7 73.1 71 61.8
10.6 13 17.8 26 35.3 45.6 53.5 52.9 59.3 67.8 76.4 87.2 95.5 104.5 113.8 119.2 125.2 134.9 139.6 144 145.8 146.5 149.6 152.6 156.9 167.9 168 169.1 160.9 158.1 156 155.2 154.6 152.9 147.4 141 141.5 143.4 149.1 153.2 158.7 165.9 171.2 173.2 171.1 168.3 165.7 160.6 153.1 146.1 139.4 130.1 130.2 129.6 130 131.1 132.3 134.4 136.8 133 127.7 123.8 121.2 120.5 124.8 112.4 105 97.9 91.9 88.2 82.4 81.5 82.4 83.1 84.2 86.5 92.5 96.5 95.9 92.7 86.2 80.1 79.4 79.2 79.3 79 79 72.1 68 59.9
10.5 13.5 18 23.4 31.7 42.2 52.7 51.2 56.7 66.8 72.9 82.3 91.6 99.2 109.4 117.7 123 130.7 133.1 135.8 141 148.6 143.1 147.6 156.9 157 157.2 156.5 155.9 155.6 151.3 151.8 150.2 147.2 142.8 142.2 141.9 149.2 153.7 156.9 163.3 175.8 176 174.2 169.8 168.1 165.3 161.8 152.9 147.3 140 133.5 131.6 129.7 129.1 130.2 131.4 132.5 133.4 132.8 130.1 122.8 119.3 118.5 119.8 115.6 107 99.8 91.5 90.1 85.4 80.6 82.9 82.5 83.3 83.8 90.3 89.5 92.7 89.2 79.9 74.9 74.9 77.5 78 76.6 77.1 71 67.9 57.7
7.9 11.8 15.7 21.3 28.1 37.4 46.7 47.4 52.5 62.8 70.9 78.9 86.3 95.7 105.5 115.2 124.3 125.8 126.4 130.3 132.8 139.4 138 142.1 145.2 149.1 150.2 151.7 152.4 149.4 145.4 147.9 145.3 142.2 142.2 142.2 146.8 155.6 160.5 163.3 168.2 180 179.8 177.5 173 168.3 165.8 163.3 156.8 146.5 138.8 134 132.8 130.9 128.5 129.3 130.6 131.4 131.4 131.9 125.6 123 119.8 117.6 116.6 115.3 108.4 104.1 94.8 92 88.7 81.8 83.1 83.2 82.3 81.4 82.4 84.2 86 84 77 73.9 72.8 72.6 73.2 74.4 72.8 69.4 66.8 58.1
9.2 11.7 12.5 16.2 24.1 31.8 38.3 42.9 48.2 58.6 70.4 77.6 81.8 89.7 104.8 109.3 115.8 120.4 121.7 124.1 126.5 128.4 132.6 137.8 141.2 142.1 140.3 141.5 142 142.3 142.3 142.8 142.1 142.3 143.6 145.9 151.5 162.6 168.9 169.8 170.2 178.8 177.5 178.6 178.4 173.3 169.3 164.9 161.2 152 140.8 132.6 132.9 131.2 129.4 128.3 128.4 128.8 129.5 130 126.7 124 120.7 119.3 117.1 114.9 109.8 104.2 97.4 93.7 90.7 84.6 83.4 83.1 82.4 81 79.8 79.4 79 78.6 73.8 72.6 70.4 70.3 69.5 68.7 68.7 64.5 61.8 56.6
11.3 14.1 14.9 17 23.3 33.1 36.4 42.4 47.4 55.1 65.4 73.6 79.7 85.5 93.3 106 112.4 116.4 119.5 122.2 124 126.1 127.5 128.7 133 133 134.4 134.4 136.6 138.4 140.2 141.4 142 144.1 146.4 148.7 154.2 168.1 174 172.2 172.7 174.8 177.2 178.4 179.1 174.4 170.1 165.7 163.2 154.6 143.7 133.9 132.8 132.8 131.8 129.2 128 127.8 128.8 127.2 125.7 124.9 123 122.3 117.8 115.3 111.9 104.9 100.6 95.4 93.5 86.6 82.4 83.3 83 81.9 79.4 79 75.9 73.5 72.4 71.4 69.9 68.4 66.6 65.2 62.4 60.4 58.5 54
12 14.2 15.7 18 22.4 32.5 36.3 42.5 46.9 52.7 63.2 71.3 76.2 82.6 90.2 95.2 101.5 110.7 118.8 117.8 121.7 120.5 120 121.9 123.9 127.5 129.8 131.9 133.8 136.2 138.9 140.8 142.7 144.6 146.9 150.6 156.4 166.7 171.8 171.9 175.3 177.8 182 181.8 181.5 176.6 172.2 166.9 162.6 158.1 147.2 135.5 132.9 132.9 133.4 130.2 128.4 126.5 125.9 126 126.1 124.2 123.5 123.1 119.9 114.9 113 107.6 102.2 96.2 92.9 86.8 82.3 83.8 83.7 82.5 80.7 80.7 79.1 75.4 73.9 74 71.6 70 68 65.4 61.7 58.6 54.2 49.8
14.4 16.9 18.2 19.6 23 28.8 36.7 42.4 47.5 52.6 59.8 66.4 71.8 78.2 85 91.4 96.2 103.3 109.7 111.3 112 113.9 114 116.7 120.5 126 128.2 126.6 131.8 135.1 138.3 140.9 142.4 144.9 147.6 151.6 157 163 167.4 172.8 177.2 181.1 186.1 188.5 184.7 179.6 173.6 168.2 164.3 160.9 150.6 138.7 132.9 132.9 135.3 130.7 129.2 127 126 124.9 124 124 123.8 122 118.5 114.7 114.4 108.4 101.6 97.2 92.7 89.9 84 83.6 84.3 84.2 82.2 82.1 81.7 79.5 76 74.4 71.7 70.6 70.1 66.4 62.1 59.2 55.1 48.9
16.7 19.1 21 22.9 25.3 29 35.4 41.7 46.7 52.3 57.5 61.4 69 74.8 81.9 87.9 92.2 96.7 102.8 106.3 108.8 110.5 111.4 113.8 116.4 118.3 120.7 124.6 130.7 134.1 136.8 141.3 143.2 145.9 148.3 152.4 157.7 160.7 164.2 171 177.9 185.4 196.2 192.9 188.5 179 172.4 167.2 163.2 158.7 152.4 140.4 132.7 132.5 135.8 131.4 129.8 127.4 127 124.4 123.4 123.1 124.1 121.3 117.5 112.2 111.6 107.8 103.4 99.2 94.4 92.5 87.1 84.2 84.8 85.2 85 83.3 83.4 83 78.3 76.3 73.8 70.6 70.7 68.8 65.5 61.8 56.6 52.2
18.3 19.4 22.2 25.8 27.4 30.3 31.7 40.7 46.3 52.8 54.5 60.9 64.9 71.2 77.6 82.5 88.7 94.8 98.6 104.5 106.5 107.5 109.6 111.4 114.9 114.6 114.8 118.7 123.5 127.3 132.5 137.1 141.6 146.3 148.5 152 156.1 158.9 161.6 168.3 175.7 184.3 192.8 192.9 186.8 177 170.4 164.4 161.1 154.9 148.6 139.4 132.8 132.3 130.1 131.5 129.6 128.8 126.8 125.2 123.5 121.9 123.7 121.7 117.9 112.9 108.9 106.8 103.2 100.2 94.1 87.6 86.3 89.2 85.8 86.6 87.3 86.8 87.5 85.1 82.3 77.7 74.3 72.9 71.4 69.4 67.5 61.8 57.9 50.6
21.9 22.2 22.3 26.6 28.5 30.9 34.3 35.9 46.4 51.2 55.3 58.7 64.2 68.8 77.5 82.6 85.9 92.7 97.6 101.6 104.4 105.7 108.3 108.7 110 109.8 113.9 116.4 122.2 124.2 131.1 135.3 140.1 143.5 145.6 149.4 151.8 156.4 160.6 166.6 173.5 180.7 186 188.7 181.8 173.4 167.3 162.1 157.4 150.5 144.1 138.5 135.3 132.6 129.9 131.2 130.8 129.2 126.8 126.7 123 120.8 122 120.1 117 114.1 110.1 107.5 104.3 98.4 97.5 94.2 93.1 89.5 89 88.2 91.8 88.7 88.3 87.5 85.6 82.6 77.9 73.8 72 70.2 67.6 62.1 57.7 53.3
24.3 25.6 25.3 27 29.7 32.8 36.1 38.7 45.5 53.8 59.4 62.7 65 67.6 74.9 79.2 83.3 91.1 93.3 97.5 100.2 103.5 102.6 104.5 105.5 109.7 113 114.9 119.2 123.8 128 132 136.5 140.5 144.9 147.9 150.6 154.7 159.1 165 169.8 173.7 177.8 176.5 172.5 168.8 164.3 161.2 154.8 146.7 140.6 136.9 134.4 132.3 130.2 130.9 132 129.2 125.8 125.7 123.6 120.2 118.9 117.4 115.7 113.2 111.4 108.8 103.1 104.5 100.2 96.2 95.6 90.4 94.5 90.4 92.6 92 89.6 88.1 87.4 87.2 82 76.1 72 69.5 65.2 61.1 57.2 55.2
28.3 28.3 27.4 28.7 31.4 34.8 38.1 41.5 47.4 55.8 60 64.1 68 71.5 74.4 76.5 78.1 87.4 90.3 94.1 97.1 98.6 100.3 103.4 106.3 109.2 111.6 114.3 117.7 122.1 125.4 129.6 134.3 137.9 141.4 143.4 147 151.6 157.8 161.5 165 168.5 170 169.1 168 165 162.9 160.1 151.6 144.1 139.1 136.3 133.8 131.5 129.7 129.3 129.5 127.1 127.1 122.5 123.5 120.4 117.8 114.9 113.3 110.9 108.7 107 107 108.3 105.6 98.7 96.2 92.7 95.5 93.2 92.4 92.7 91.2 90.4 90.2 88.7 85.1 77.7 71.4 69.3 66.9 62.4 57.3 53.9
30.7 29.9 29.5 29.8 33.2 36.5 40.6 43.4 47.4 53.9 62.8 66.9 70.5 73 74.8 79.1 83.8 81.1 88.2 89.4 92.3 96.4 98.5 102.8 104.4 107.1 111.3 114.2 117.2 120 124.5 128 133.3 137.7 140.6 142 145.3 149.5 155.7 160.7 163.5 166.6 168.4 168.7 167.9 162.7 160.9 160.7 150.2 143.4 138.3 135.8 133.3 131.2 129.3 130.4 128.7 128.5 127.9 125.2 120.4 117.9 118.3 117.1 116.3 115.1 112.1 111.5 110.8 111.6 110.7 106.2 99.8 93.4 97.8 97.3 93.8 94.9 92.9 95.2 92.7 91.7 88.1 83.9 73 71.4 68.8 62.1 58.4 57
33.9 32.5 32.3 31.2 34.8 38.5 42.4 45.9 49.7 58 64.4 69.7 73.1 75.7 78.4 80.6 84.1 87.3 89.8 86.4 89.6 92.3 96.2 101.1 103.8 107.3 109.3 112.5 116.7 119.2 122.5 126 130.7 135.7 140.5 141.6 144.8 148.2 154 160.2 163.7 166.9 169.3 169.3 169.4 163.3 158.1 152.8 147.2 141.3 137.9 135.2 133.4 130.8 130.9 131.8 130.6 129.6 127.8 126.6 124.9 122.6 119.9 118.3 117.8 115.3 113.2 113.6 112.7 112.6 113.5 110.7 102.8 95.1 94.5 99.2 95.5 95.2 94.9 95.7 95.2 93.1 91.2 85.6 74.9 69.8 69.5 63.5 58.4 56.4
33.6 35.7 36.5 36.2 36.4 39.5 43.8 47.3 51.8 57.3 63.6 71.4 76.1 79.5 81.9 83.2 84.3 87.5 89.9 92.1 90.9 97.4 99.1 101.5 104.6 106.3 108.6 111.8 115.7 118.1 120.4 124.1 128.7 134.3 138.9 140.5 144.5 148.2 153.9 159.9 163 166.6 168.8 170 168.8 164.1 158.7 153.3 148.1 142.9 138.8 136.4 134.5 130.7 131.3 132.5 131.3 131.1 128.6 128.4 126.6 124.9 122.1 121.3 120 117.2 115.5 116.2 114 113.9 115.1 115 106.4 98.5 95.4 100.1 101.2 94.6 95 95.3 103 94.1 92.8 86.8 77.1 68.9 66 63.3 57.6 55.1
34.6 38.9 38.8 39.6 39.4 41.7 46.3 50.9 54.3 60 65.6 70.3 78 81.9 84.7 86.1 86.5 89 90.9 93 94 97 100.2 102.3 103.9 105.3 108.3 110.5 114 117 119.3 122.9 126.5 131.2 135.9 139 143.7 148.2 154.6 159.5 163.5 166.6 168.8 167 168.6 166 160.8 155.2 150 144.5 139.5 137.9 134.8 131.6 133.2 134.4 133.9 132.1 130.5 130.8 130.1 127.7 124.7 123.6 122.3 119.2 116.1 117 118.1 117.3 118.4 117.5 110.8 104.4 95.9 102.9 104.3 98.8 93.9 94.8 99 94.4 92.6 86.8 79 67.2 64.5 62.6 57.6 54.9
36.4 37.3 42 41.9 42.1 43.9 48.3 52.9 56.9 61.9 69.2 74 80.1 82.9 85.3 88.7 89.6 91.8 93.7 94.5 96 99.6 101.7 104.4 105.4 106.8 108.4 110.5 112.4 116 118 121.6 126.1 130.9 135.5 141.1 144.5 148.4 155.2 161 164.9 169.1 172.1 170.4 169.1 167.6 162.9 157.1 152.2 147.2 142.1 139.6 135.9 133 134.9 136 135.7 132.9 132 132.5 132.5 132 129.6 125.5 124.6 121.3 118.5 117.5 119.8 119.2 121.4 122.6 113.9 105.1 101.7 103.9 106 103.1 95.4 93.4 93.5 99.4 92.9 89.5 79.2 67.7 64.7 63.2 59 56.4
35.9 38.7 43.3 44.3 44.1 48.4 51.4 54.8 59.2 64.6 72 77.8 81.6 85.1 87.5 90 93.8 94.2 94.7 96.2 97 101.1 104.1 105.7 106.5 107.6 109.7 111 112.7 116.9 120.2 124 128.5 133.5 138 142.4 147.6 152 158.1 161.7 167.6 172.9 179.6 178 170.2 169.4 166.2 160.8 155.5 149.1 144.7 141.5 136.1 135.3 138.4 143.4 145.9 135.2 133.2 136.8 135.7 135.3 133.8 127.9 126.8 124.2 120.9 120.2 120 120.5 120.6 121.9 114.9 106.5 104 103.4 107 103.1 96.5 92 91.6 96.7 93.8 91.2 78.2 68.9 64 62.5 59.4 56.3
36.5 38.6 40.3 44.8 46.5 53.5 54.6 57.6 61.7 67.2 73.9 81.9 86.8 88.1 89.7 92 96.6 97.5 97.7 98.4 100.5 102.9 105.3 107.9 108.7 110.2 111.5 113.8 115.3 118.9 121.2 124.4 129 134.4 140.5 147.2 152.2 156.4 160.4 163.4 168 171.1 177.9 177 173.4 172 169.9 164.8 160.1 151.4 146 143.3 140.7 137.6 141.4 147.4 148.4 139.6 136.1 138.5 141.1 143.1 138.9 132.9 129.2 127.9 127.3 122.9 121.4 121.5 120.5 118.6 114.2 107.1 103.9 103 107.6 103.4 98.4 91 88.8 91.2 92.8 88.5 76.5 69.2 64.3 61.6 58.8 56.3
35.4 39.2 40.9 44.9 51.4 54.3 56.6 58.8 63.6 70.8 75.9 83.3 91.1 90.1 91.3 94.3 98.3 102.2 99.2 101.9 102.9 105.4 107.7 109.8 111.5 112.1 114.1 116.2 118.1 121.3 124.8 130.8 135.1 141.9 146.7 154.4 159.4 160.7 164.7 167.8 169.9 171.8 173.8 177 176.9 174.4 170 164.4 160 154.3 148.7 145.8 143.7 140.5 145.2 150.2 150.3 149.1 140.7 136.9 145.2 144.7 141.2 137.5 133.3 132 130 126.4 123.7 123.3 121.3 120.1 116.3 109.8 103.7 103.5 105.3 102.8 97.6 92.4 85.1 87.7 88.6 82.1 76.5 66.8 64 59.9 57 54.4
34.2 40.3 41.8 47.2 52.1 55.7 57.4 60.2 69.2 72 75.8 82.6 92.3 95.8 93.6 96.2 99.8 102 102.3 103.8 105.2 106.2 109.1 110.1 112.9 113.2 115.8 119.4 121.1 123 129.2 134.7 136.7 144.1 152.3 157.8 161.2 165 168.6 171.1 173 173.8 176.3 178.2 176.9 173.6 169.9 165.4 161.2 156.2 151.3 149 150.2 147.8 149.6 153.6 152.3 148.2 143.8 142.5 150.5 146.7 142.6 139.4 137.7 134.1 133 130.7 127.8 124.4 123 121.6 116.6 110.5 105.7 103.8 101.9 100.8 96.1 93 89 84.1 87.9 80.3 74.5 67.9 64.3 61.9 58.3 51.5
