Assets/StreamingAssets/GeoData/Data/ng/NG36.asc
ncols 200
nrows 200
xllcorner 130000
yllcorner 860000
cellsize 50
[rows 0 to 44 of 200, columns 96 to 191 of 200]
-2 -2 -2 -2 -2 -2 -2 -2 -2 -2 -2 -2 -2 -2 -2 -2 -2 -2 -2 -2 -2 -2 6.1 18.2 20.7 20.4 23.9 30.3 31.5 34.7 40.3 41.5 39.4 37.3 37.7 36.7 41.5 44.2 46.9 48.9 47.7 49.4 52.7 54.9 43.4 35.1 26.9 26.5 25.1 23.6 25.1 24.9 22.6 21.4 20.5 18.2 20.4 20.1 11.7 20.2 21 19.1 18.4 18.5 18.7 20.6 23.9 26 27 29.2 32.5 36.6 38.5 41.1 42 42.5 44.7 50.3 55.3 59.1 61 62.1 62.1 62.1 60.6 61.2 68.3 74 79.4 86.7 89.8 90 95.4 96.2 98.2 104.1
-2 -2 -2 -2 -2 -2 -2 -2 -2 -2 -2 -2 -2 -2 -2 -2 -2 -2 -2 -2 -2 -2 -2 12.8 17.5 21.1 19 24.5 28.8 31.5 37.2 36.6 35.1 33.8 32.2 34.3 41.2 43.6 45.5 47.7 46.4 45.4 46.4 48.2 44.6 35 25.9 26.1 28.9 23.8 21.6 20.6 18.9 18.7 18.6 16.7 18.8 19.9 17.2 20.1 20.5 19.9 18.4 18.4 18.5 21.3 26.6 31.4 31.3 32.2 31.5 33.2 36.4 39.8 38.2 40 44.8 49.6 54.1 58.3 61.3 62.8 63.3 63.2 62.2 61.9 66.6 70.7 75.6 80.9 88 92.1 95.8 97.1 98.3 107.2
-2 -2 -2 -2 -2 -2 -2 -2 -2 -2 -2 -2 -2 -2 -2 -2 -2 -2 -2 -2 -2 -2 -2 8.1 15.3 19.5 19.2 20.2 24.3 26.7 29.4 32.3 34.3 32.1 31 32.1 38.5 41.8 44.3 46 45.3 44.6 43.2 41.2 40 31.3 24.7 27 30 25.2 20.8 18 17.2 16.5 16.1 15.4 16.6 18.1 18.3 19.3 17.4 17.9 18.5 18.3 18.2 21.7 27 31.9 33.5 34 33.7 31.3 33.3 36.6 36 38.8 42.6 45.7 52.6 58.8 60.7 62.7 64.3 64.5 63.2 62.8 66.7 69.6 73.8 77.5 83 90.9 96.2 97.7 99.2 106.8
-2 -2 -2 -2 -2 -2 -2 -2 -2 -2 -2 -2 -2 -2 -2 -2 -2 -2 -2 -2 -2 -2 -2 8.4 13.4 16.2 19.5 19.1 20.9 24.2 26.5 29.4 31.7 30 28.7 30.1 35.2 37.8 40 42 42.3 42.9 42.5 38.3 34.7 29.1 25.2 24.2 25.3 23.6 19.8 17.4 17.4 16.7 15.1 14.8 14.6 14.8 16.2 16.7 16.9 17.3 17.5 17.8 18.2 20.8 24.6 27.7 30.3 30.8 31.4 30 30.9 32.6 35.3 39.1 44.3 48.6 56.1 59.1 61.4 62.5 64.6 66.3 64.7 63 66.8 69 72.5 76.1 80.4 87.5 91.9 93.5 99 106.1
-2 -2 -2 -2 -2 -2 -2 -2 -2 -2 -2 -2 -2 -2 -2 -2 -2 -2 -2 -2 -2 -2 -2 -2 10.2 13.6 20.7 21.7 20 21.4 23.9 26.8 29.5 27.8 27.9 28.6 30.9 34.6 39.3 41.5 40.9 42.1 41.9 37.1 32.1 27.6 24.9 23.9 22.9 20.7 17.7 17.1 17.1 16.2 15.1 14.9 15.1 13.2 15.4 16.3 16.6 17.4 18.1 18.5 19.5 22.3 24.9 29.3 30 27.6 27.6 28.9 30.6 32.3 34.9 37.4 43.8 48.5 54 59 63.4 64.8 64.2 66.7 65.1 64.4 66 68.1 71.4 74.6 78.9 84.6 88.5 91.8 93.1 99.7
-2 -2 -2 -2 -2 -2 -2 -2 -2 -2 -2 -2 -2 -2 -2 -2 -2 -2 -2 -2 -2 -2 -2 -2 8.4 10.5 22.8 22.1 21 20.7 22.9 25 26.3 24.6 26.5 26.2 28.3 31.8 35.6 37.1 39.1 40.9 41.5 36.8 31.2 26.3 22.5 22 21 20.3 19 17.1 16.7 15.6 15.2 14.9 14.7 14.4 15.2 16.1 16.6 18.4 20.7 22.5 24.9 24.3 28.9 31.8 32.3 31.9 30.3 29.3 30.5 32.7 33.8 35.6 41.6 47.9 52 57.2 63.5 67.3 67.2 67.2 66.5 67.7 69.2 70.2 69.5 73.2 76 81.1 86.3 89.6 91.1 95.4
-2 -2 -2 -2 -2 -2 -2 -2 -2 -2 -2 -2 -2 -2 -2 -2 -2 -2 -2 -2 -2 -2 -2 -2 6.4 9.4 20.2 23.4 21.3 20.7 23 22.6 23.7 22.6 26.5 25 25.7 29 32.2 35.4 38.9 40.1 41.1 37.8 31.2 24.8 20.4 17.4 18.9 22.4 21.3 17.9 16.6 15.4 14.8 14.4 14 13.7 15 15.9 16.7 19.4 22.6 25.6 29.3 31.9 33.2 34.7 36.3 34.7 31.1 29.7 30.3 32.2 33.8 35.1 41.2 46.6 50.8 54.8 61.2 67.7 68 69.2 70.3 70.3 71.4 72 70.7 72.4 75 78.6 82.4 87.8 91.4 94.1
-2 -2 -2 -2 -2 -2 -2 -2 -2 -2 -2 -2 -2 -2 -2 -2 -2 -2 -2 -2 -2 -2 -2 -2 3.9 8.1 15.2 22 23.5 21.4 22.4 23.1 21.2 21.1 23.5 23.6 24.1 27.5 31.8 34.2 36.1 37.9 39.4 38.1 31.1 24.3 20.1 17.1 16 19.5 20 19.7 18.5 15.8 14.9 14.8 14 15.9 16.1 16.8 18.5 20.2 22.3 24.9 29.6 33.1 33.9 35.5 37.1 34.8 32.1 30.4 30.2 31.5 33.3 35.4 40.5 46.5 50.4 54.5 60.4 64.2 67.4 70.6 70.3 73.2 73.2 73.6 72.8 73 74.7 76 77.5 81.7 89.6 95.7
-2 -2 -2 -2 -2 -2 -2 -2 -2 -2 -2 -2 -2 -2 -2 -2 -2 -2 -2 -2 -2 -2 -2 -2 2.7 7.3 12.2 18.7 22.6 23 23.2 23.2 19.6 18.8 19.8 21.4 23.3 25.5 30.9 33.4 35.3 38.2 39.5 39.2 32.3 25.9 21.3 17.8 15.6 16.2 18.1 20.1 20.6 20.6 16.5 15.4 16.1 19 20.2 19.4 18.3 20 21 22.7 27.3 30.3 32.7 34.5 38 36.3 32.4 31.3 31.5 31.4 32.5 35.4 39.5 45.8 49.4 52.8 57.8 64.7 68.6 73.3 71.3 74.3 76.4 75.2 75.3 74.1 73.2 74.3 75.7 78.4 85.2 93.9
-2 -2 -2 -2 -2 -2 -2 -2 -2 -2 -2 -2 -2 -2 -2 -2 -2 -2 -2 -2 -2 -2 -2 -2 -2 6.2 11.4 17.4 22.9 23.3 23.9 19.5 16.6 16.8 18.2 21.6 22.8 24.7 28.5 32.4 35.9 37.5 38.8 40.6 33.7 27.4 23.4 19.6 15.6 15.2 14.7 15.4 16.4 15.8 14.1 16.7 16.8 16.9 19.4 17.5 19 20.6 21.8 22.3 23.8 25.8 29.5 33.8 37.3 35.6 31.5 30.9 32.7 32.7 33.5 36.2 41 46.2 49.4 52.8 58.3 67 70.8 73.2 71.6 73.6 77.4 76.4 75.6 73.7 73.8 73.9 75.1 76.8 81.7 92.1
-2 -2 -2 -2 -2 -2 -2 -2 -2 -2 -2 -2 -2 -2 -2 -2 -2 -2 -2 -2 -2 -2 -2 -2 -2 6.3 11.3 16.1 22.1 22.3 22.8 19.1 14.8 15.3 17.7 20.5 23.4 24.9 28 30.4 35.6 36.8 38.3 39.9 34.9 28.7 24 20.7 17.1 14.6 14.6 14.4 14.1 14 13.9 13.1 14.5 14.9 15.7 17.9 19.7 21.2 21.3 20.9 21.6 22.9 26.6 31.5 35.5 33.6 29.9 30.6 33.1 33.6 35.2 37.4 42.2 45.5 48.6 53 60.7 69.4 75 74.5 74.1 73.3 76.3 75.7 74 73.7 73.9 74.2 74.6 76.4 80.5 92.2
-2 -2 -2 -2 -2 -2 -2 -2 -2 -2 -2 -2 -2 -2 -2 -2 -2 -2 -2 -2 -2 -2 -2 -2 -2 4.4 10.1 14.6 21 22.2 21.4 13.7 14 14.8 17 20 23.2 24.1 25.5 27.1 32.7 37 38.5 38.3 34.3 29.4 26.1 23.8 18.2 15.2 14.8 14.6 14.4 14.1 13.9 13.9 14.9 15.5 16.1 17.2 19 19.3 19.5 19.2 18.5 20.2 24.1 30.1 32.3 30.1 27.9 31.1 32.4 33.7 36.3 37.3 41.2 44.8 48.1 52.9 62.6 70.2 75 76.4 74.5 72.5 74.1 73.7 73.4 73.7 74.3 74.2 74.8 77.2 82.4 92.2
-2 -2 -2 -2 -2 -2 -2 -2 -2 -2 -2 -2 -2 -2 -2 -2 -2 -2 -2 -2 -2 -2 -2 -2 -2 -2 8 13.1 20.7 22.5 16.2 13.6 14 14.5 16.8 19.9 23 23.9 25.5 27.5 31.4 35.8 38.1 38 35.5 31.7 29 25.4 20.6 15 14.7 14.5 14.3 14.1 14 13.7 14.5 14.9 15.1 15.1 15.9 15.6 16.8 16.2 16.7 18.1 22.4 27.5 28.9 26.6 27.1 30.9 32.7 33.9 36.8 38.8 42.1 45 48 54.8 64.8 72.4 77.8 77.6 74 73 73 73.2 73.4 73.8 74.7 74.9 75.2 78.5 84.6 92.5
-2 -2 -2 -2 -2 -2 -2 -2 -2 -2 -2 -2 -2 -2 -2 -2 -2 -2 -2 -2 -2 -2 -2 -2 -2 -2 3.2 11.6 20.6 22.7 13.6 13.3 13.6 15.3 17.3 20.3 22.8 23.8 25 27.2 30.2 34.3 37.4 38.7 38 35.4 37 27.5 22.2 15.3 14.7 14.5 14.3 14 13.9 13.3 12.8 12.7 13.4 14 14 14.9 15 14.9 16.6 16.9 21 24.9 26 25 27.5 29.7 33.7 36.7 39.3 41 42.5 44.7 48.7 56.5 66.2 73.8 79.5 77.2 73.8 73.6 73.3 73.3 74 74.8 75.3 75.4 76.5 81.4 86.8 93.4
-2 -2 -2 -2 -2 -2 -2 -2 -2 -2 -2 -2 -2 -2 -2 -2 -2 -2 -2 -2 -2 -2 -2 -2 -2 -2 -2 7.7 16.3 21.4 13.2 13.5 14.7 16.7 18.4 20.2 22.4 24.4 24.5 26.1 28.5 32.2 36.6 37.5 39.7 38.8 37.1 27.6 21.4 16.3 14.7 14.4 14.2 14 13.5 13.2 13.3 13.4 12.6 12.8 13.2 14.1 14.1 14.7 15.2 16.6 19.1 22.6 24.6 23.9 26.9 29.3 33 36.5 38.9 41.2 43.8 45.5 49.1 58.6 68.9 75.6 80 76.7 74.4 74.4 74.3 74.2 75.3 76.5 77.3 78.7 77.6 81.1 86.2 92.7
-2 -2 -2 -2 -2 -2 -2 -2 -2 -2 -2 -2 -2 -2 -2 -2 -2 -2 -2 -2 -2 -2 -2 -2 -2 -2 -2 -2 9.6 11.8 10.7 12.9 15.4 17.1 18.2 20 23.3 23.1 24.7 25.2 27.9 29.4 32.7 36.4 39.7 42.8 37.3 32.1 21.2 16.5 14.6 14.3 14 13.7 13.6 13.7 13.8 13.9 14.8 13.6 13.3 12.7 12.7 14.3 14.2 15 17.1 20.6 23 23.5 25.8 28.5 32.2 35.8 38.7 42.6 45.1 46.7 50.5 59.5 70.8 78.4 81.6 84.5 75.8 76.1 76.2 76.6 77.1 79.6 82.5 81 78.8 79.5 84.1 91.8
-2 -2 -2 -2 -2 -2 -2 -2 -2 -2 -2 -2 -2 -2 -2 -2 -2 -2 -2 -2 -2 -2 -2 -2 -2 -2 -2 -2 4.5 7.6 9.9 12 14.7 16.6 18.8 20.8 23.2 24.8 23.5 25.5 27.5 28.1 30.4 35.5 38.5 43.5 39 32.7 23 16.6 14.7 14.2 13.9 14 14 14 13.9 13.7 13.7 13.9 13.3 13.6 13.8 13.7 13.9 14.7 16.2 19.7 23.1 22.3 24.4 27.7 32 36.1 38.9 42.6 45.7 46.9 51 59.8 72.8 78.7 80.2 84.3 79.3 80.7 80 79 79.8 83.1 83.4 82 79.8 79.6 84.4 93.3
-2 -2 -2 -2 -2 -2 -2 -2 -2 -2 -2 -2 -2 -2 -2 -2 -2 -2 -2 -2 -2 -2 -2 -2 -2 -2 -2 -2 -2 7.1 9 9.8 12.3 15.8 18.9 21 22.5 25.1 25.3 25.1 26.2 27.8 29.3 33.7 37.2 41.5 39.1 33.7 23.6 16.6 14.6 14.1 14.1 13.9 13.8 13.7 13.7 14.3 14.3 13.4 13.6 13.8 13.6 13.5 14.2 14.2 15.1 18.4 21 20.1 23.5 27.4 32.1 36.2 39.1 42.7 46.1 48.5 51.9 59.5 70.8 78.8 81.6 84.5 87.2 82.3 81.9 80.5 82.1 83.2 81.7 81.6 80.4 80.2 84.5 90.9
-2 -2 -2 -2 -2 -2 -2 -2 -2 -2 -2 -2 -2 -2 -2 -2 -2 -2 -2 -2 -2 -2 -2 -2 -2 -2 -2 -2 -2 5.7 6.9 8.4 10.5 12.9 17.6 19.4 21.4 24.6 25.5 25 26.1 27.8 29 32.1 35.1 37.7 40.2 33.6 25.1 17.3 14.5 13.9 14.1 14.1 14 13.9 13.6 14.4 15.1 13.6 13.6 13.5 13.5 13.5 13.5 14 14.4 16.6 17.6 17.5 20.6 26 31 35.4 39.9 42.4 45.9 49.5 52.6 59.8 69.9 79.6 83.3 87.8 88.1 85.4 82.9 81.9 82.9 81.1 80.8 80.8 80.9 81.3 84.6 88.7
-2 -2 -2 -2 -2 -2 -2 -2 -2 -2 -2 -2 -2 -2 -2 -2 -2 -2 -2 -2 -2 -2 -2 -2 -2 -2 -2 -2 -2 2.8 2.6 6.9 8.6 10.5 14.3 18.5 20.1 22.4 24.1 25.4 26.1 27.5 28.8 31.4 35.4 37.7 40.5 39 25.8 18.8 14.5 14.2 14.1 13.9 13.9 13.7 13.9 14.2 14.6 14 13.7 13.6 13.9 13.8 13.5 14.5 13.6 13.8 14.7 15.7 18 23.9 30.2 35.1 40.2 42.2 45.5 48.7 53.8 61.2 71.1 78.9 85.7 89.5 90.8 88.8 85.9 83.4 82.4 81.4 81.4 81.5 81.5 81.8 83.8 88.5
-2 -2 -2 -2 -2 -2 -2 -2 -2 -2 -2 -2 -2 -2 -2 -2 -2 -2 -2 -2 -2 -2 -2 -2 -2 -2 -2 -2 -2 -2 2.1 3.5 5.5 8.6 11.4 16 18.2 21.4 22.9 24.1 25 26.6 28.4 30.4 35.1 38.5 39.1 39.6 26.2 18.7 14.8 14.6 14.3 14.1 13.8 13.8 14.1 14.5 15.1 14 14 14.3 14.1 13.8 13.5 13.4 14.2 13.4 14.4 14.9 16.8 22.7 29.7 34.2 39.2 42.1 45.6 49.4 54.8 60.9 72.4 79.8 89.6 91.9 93.2 92.5 85.2 83.6 82.8 81.8 81.9 82.1 83 84.1 83.4 86.2
-2 -2 -2 -2 -2 -2 -2 -2 -2 -2 -2 -2 -2 -2 -2 -2 -2 -2 -2 -2 -2 -2 -2 -2 -2 -2 -2 -2 -2 -2 -2 0.9 2.9 5.6 8.7 11.6 15.4 19.9 22.4 24.4 25.3 25.7 27.5 29.6 33.9 38.7 38.7 37.9 27.8 20.1 15 14.7 14.7 14.4 14 14 14.2 14.6 14.6 14 14.6 13.9 13.5 13.3 13.4 13.4 13.4 13.4 13.7 14.4 16.8 20.2 28.3 33.1 38 44.2 46.4 50.6 55.9 62.6 72 81.6 90 92.7 96 95 87.1 84.9 83.9 83.3 84.5 86.1 86.5 86.5 86 87
-2 -2 -2 -2 -2 -2 -2 -2 -2 -2 -2 -2 -2 -2 -2 -2 -2 -2 -2 -2 -2 -2 -2 -2 -2 -2 -2 -2 -2 -2 -2 -2 0.6 3.7 7.4 10.9 14.2 17.3 21.9 24 25 25.2 26.7 29.2 32.4 37.2 40.7 38.9 31.6 24.7 16 15.3 15.1 14.7 14.4 14.1 14.6 15.5 16 14.1 14 12.9 13.3 13.4 13.4 13.5 13.4 13.9 13.6 14.2 15.4 19.4 25.5 32.1 38.2 44.2 47.2 51.2 57.6 64.2 73.1 82.9 88.8 95.3 97.2 96.1 88.4 87 86.7 86.6 86.2 87.2 88.2 88.4 89.9 89.3
-2 -2 -2 -2 -2 -2 -2 -2 -2 -2 -2 -2 -2 -2 -2 -2 -2 -2 -2 -2 -2 -2 -2 -2 -2 -2 -2 -2 -2 -2 -2 -2 -2 2.5 5.2 8.9 11.8 14.7 16.6 20.4 24 25.4 26.2 28.8 32 35.6 39.4 40.6 37.7 28.7 16.2 15.6 15.3 14.9 14.6 14.2 14.8 16.9 15.4 14 13.5 12.7 12.9 13.4 13.5 13.5 13.8 13.7 13.6 15 15.2 19.1 23.7 31.3 38.2 44.5 49 51.6 58.4 66 75.2 83 89.6 95.1 99.3 96.5 89.9 87.9 89.4 90.5 87.9 88.6 88.7 89.4 92.3 93.1
-2 -2 -2 -2 -2 -2 -2 -2 -2 -2 -2 -2 -2 -2 -2 -2 -2 -2 -2 -2 -2 -2 -2 -2 -2 -2 -2 -2 -2 -2 -2 -2 -2 -2 2.6 4.8 8.2 11.1 13.6 17.6 21.8 24.6 26.1 27.7 30.9 32.6 36.7 39.9 39 34.1 21.8 16.2 15 14.7 14.5 14.2 15.2 15.5 15.3 14.1 13.4 13 12.9 13.2 13.5 13.7 13.7 13.8 13.9 13.9 15.2 17.1 22.4 31.8 38.3 46 50.7 53 58.3 69.5 79.1 86.3 91.5 98.2 102 99.5 92.2 90.1 91.9 91.7 90.3 90.3 91.2 91.8 95.4 97.1
-2 -2 -2 -2 -2 -2 -2 -2 -2 -2 -2 -2 -2 -2 -2 -2 -2 -2 -2 -2 -2 -2 -2 -2 -2 -2 -2 -2 -2 -2 -2 -2 -2 -2 -2 4.7 6.5 9.2 11.4 14.7 18.9 23.1 25.5 26.8 29 31.6 35.4 39 38.6 37.9 32.2 19.7 16.2 15.3 14.8 14.3 14.7 14.6 15.1 14.1 13.7 13.3 12.9 13.1 13.7 13.8 13.9 14 13.9 13.9 14.9 16.9 23.8 30.9 37.9 47.4 51.5 54.9 60.9 72.1 80.6 88.5 95.7 100.2 105.7 102.9 95.2 91 93 94.7 93.4 94.5 96 96 98.5 99.3
-2 -2 -2 -2 -2 -2 -2 -2 -2 -2 -2 -2 -2 -2 -2 -2 -2 -2 -2 -2 -2 -2 -2 -2 -2 -2 -2 -2 -2 -2 -2 -2 -2 -2 -2 -2 2.4 6.7 9.4 12.1 16.7 21.7 24.8 26.1 29.2 31.9 35.1 38.1 40.5 37.7 33 30.4 20.3 15.4 14.8 14.5 14.5 14.8 14.3 14.1 13.8 13.5 13.2 13.9 14 14.4 14.4 13.5 14.2 13.5 15.3 17.3 22.2 30.3 38.1 48.6 52.8 58.9 65.1 73.7 83 90.9 97.7 103.1 103.4 99.6 94.7 91.5 93.3 95.9 96.6 97.2 98.6 99.2 101.1 101.6
-2 -2 -2 -2 -2 -2 -2 -2 -2 -2 -2 -2 -2 -2 -2 -2 -2 -2 -2 -2 -2 -2 -2 -2 -2 -2 -2 -2 -2 -2 -2 -2 -2 -2 -2 -2 -2 2.5 7.4 10.5 14.2 19 21.7 24.9 30.4 31.4 34.7 37.7 40.6 39.3 37.5 39.7 33.8 16.6 14.9 14.5 14.7 14.5 14.2 14 13.7 13.4 13.2 13.1 14 14.3 14.7 15 15 14.2 15.1 18.2 22.9 31.8 41.3 49.2 54.3 60.2 68.3 75.8 84.9 91.6 98.1 102.2 98 94 91.6 91.1 93 95.1 97.6 98.4 98.6 101.3 102.7 104.7
-2 -2 -2 -2 -2 -2 -2 -2 -2 -2 -2 -2 -2 -2 -2 -2 -2 -2 -2 -2 -2 -2 -2 -2 -2 -2 -2 -2 -2 -2 -2 -2 -2 -2 -2 -2 -2 -2 6.4 8.7 11.7 16.8 20.4 24.7 28.3 30.9 33.9 37.2 40.1 39.6 37.5 40.1 42.3 31.6 18.3 15.1 14.6 14.4 14.2 13.9 13.7 13.5 13.4 13.3 13.7 14.4 14.7 14.6 14.4 13.8 16.5 18.8 24.2 31.1 39 48.3 55.8 63.2 70 76.7 84 89.7 93.5 92.6 91.4 88.4 87.6 88.9 90.1 92.5 95.4 96.7 97.7 101.2 104.9 108.5
-2 -2 -2 -2 -2 -2 -2 -2 -2 -2 -2 -2 -2 -2 -2 -2 -2 -2 -2 -2 -2 -2 -2 -2 -2 -2 -2 -2 -2 -2 -2 -2 -2 -2 -2 -2 -2 -2 3.4 7.3 9.9 14.9 19.9 24.1 28.1 30 32.4 35.8 39.4 38.5 40.3 39.6 45.1 41.7 29.7 16 15.2 14.4 14.1 13.9 13.7 13.6 13.5 13.4 13.3 14.2 14.4 14.1 14.4 13.9 15.9 19.1 23.5 31.8 39.1 47.8 56.9 63.1 69.7 77.1 84.2 90.4 88.1 86.1 84.3 83.1 83.4 84.1 86.3 87.3 89.6 92.8 96.5 101.3 106.6 112.8
-2 -2 -2 -2 -2 -2 -2 -2 -2 -2 -2 -2 -2 -2 -2 -2 -2 -2 -2 -2 -2 -2 -2 -2 -2 -2 -2 -2 -2 -2 -2 -2 -2 -2 -2 -2 -2 -2 -2 4.7 7.4 10.9 17.6 22.6 26.8 29.7 31.8 34.6 37.5 37.7 40.5 41.3 45.1 49.5 39 27.2 15.8 14.9 14.3 14 13.9 13.8 13.6 13.5 13.4 13.9 14.5 14.6 14.6 14.2 16.5 18.8 23.6 29.7 39.6 47.2 56 62.4 68.1 76.1 83.3 84.9 84 80.8 78.8 79 79.5 80.1 81.5 82.7 85.9 92.2 99.9 102.8 108.7 116.5
-2 -2 -2 -2 -2 -2 -2 -2 -2 -2 -2 -2 -2 -2 -2 -2 -2 -2 -2 -2 -2 -2 -2 -2 -2 -2 -2 -2 -2 -2 -2 -2 -2 -2 -2 -2 -2 -2 -2 3.1 6.4 10 15 21 25.3 29.2 31.9 34.3 36.5 37.5 40.4 43.8 42.7 50.1 46.6 35.6 25.9 15.9 14.5 14.1 14.1 14 13.9 13.7 13.6 13.7 13.5 13.7 14 14.8 16.8 19.2 22.4 27.4 34.5 45 53.8 61.5 66.4 72.2 77.1 78.8 78.1 75.5 73.9 74.2 75.9 75.4 77.9 82.4 87.2 92.7 102.5 108.7 117 121.9
-2 -2 -2 -2 -2 -2 -2 -2 -2 -2 -2 -2 -2 -2 -2 -2 -2 -2 -2 -2 -2 -2 -2 -2 -2 -2 -2 -2 -2 -2 -2 -2 -2 -2 -2 -2 -2 -2 -2 -2 5.8 9.8 14 18.6 23.9 27.6 31.1 33.6 35.6 37.2 40.9 43.8 44.6 46.7 46.2 43.2 34.7 27 17.5 14.3 14.3 14.3 14.1 14 14.2 14.2 13.7 13.7 14.1 14.4 16.6 19.7 26.2 32.6 38.1 45.9 53 58.9 64.7 68.2 70.5 71.2 71.3 69.6 69 69.5 71.4 72.7 78 84.6 90.7 96.9 106.1 116.7 127.2 132.4
-2 -2 -2 -2 -2 -2 -2 -2 -2 -2 -2 -2 -2 -2 -2 -2 -2 -2 -2 -2 -2 -2 -2 -2 -2 -2 -2 -2 -2 -2 -2 -2 -2 -2 -2 -2 -2 -2 -2 -2 5.2 9.2 12.7 16.3 21.2 26.3 30.1 33.1 34.8 36.9 40.1 43.7 46 45.8 46.4 46.8 41.9 33.5 25.2 16.3 15 14.5 14.4 14.1 14.2 14.3 14.3 13.9 13.9 14.7 18 20.7 24.5 32.6 40.3 43.6 49.9 55.3 61.3 63.6 65.6 65.5 65.2 64.4 64.5 65.7 66.2 72.1 78.6 86.2 91.4 100.1 110.2 122.6 135 142.7
-2 -2 -2 -2 -2 -2 -2 -2 -2 -2 -2 -2 -2 -2 -2 -2 -2 -2 -2 -2 -2 -2 -2 -2 -2 -2 -2 -2 -2 -2 -2 -2 -2 -2 -2 -2 -2 -2 -2 -2 -2 6.7 10.1 13.8 19.3 24.5 28.1 31.3 34.5 36.3 38.8 41.4 44.2 45.8 45.6 48.3 47.4 38.5 30.7 21.9 16.9 14.9 14.1 14.2 14.2 14.3 14.4 14.2 14 15.1 17.7 19.8 23.7 33.4 40.4 47.1 47.8 54 58.7 60.5 62.3 62.8 61.4 60.9 61.9 63.3 65.4 71.9 78.4 84 90.8 101.1 111.4 127.6 145.4 153.2
-2 -2 -2 -2 -2 -2 -2 -2 -2 -2 -2 -2 -2 -2 -2 -2 -2 -2 -2 -2 -2 -2 -2 -2 -2 -2 -2 -2 -2 -2 -2 -2 -2 -2 -2 -2 -2 -2 -2 -2 -2 2.9 8.4 12.3 19 24.1 26.9 29.5 32.6 35.4 37.5 40.3 42.4 43.6 45.9 47.8 49.8 44.6 34 29.6 18.7 14.4 14.1 14.2 14.3 14.4 14.4 14.4 14 14 16.6 19.2 22.8 31.6 39.1 46 50.7 52.6 58.1 57.1 59.3 60.4 60.6 60.7 60.9 62 64.7 71 76.5 83.8 89.7 98 111.8 128.3 148.9 159.2
-2 -2 -2 -2 -2 -2 -2 -2 -2 -2 -2 -2 -2 -2 -2 -2 -2 -2 -2 -2 -2 -2 -2 -2 -2 -2 -2 -2 -2 -2 -2 -2 -2 -2 -2 -2 -2 -2 -2 -2 -2 -2 8.5 11.6 18.5 23.6 27.2 29.2 31.5 34.8 40.8 39.2 40.7 43.7 46.8 48.3 50.9 50.2 38.7 33.9 25.4 15.8 14.5 14.2 14.3 14.4 14.4 14.4 13.8 14.1 15.5 18.4 22.4 29.2 36.3 43.2 48.9 52.3 57.4 60.4 60.9 60.1 60.4 59.7 60.1 61.6 63.7 68.3 75 83.5 88.8 97 109.3 121.9 142.7 159.2
-2 -2 -2 -2 -2 -2 -2 -2 -2 -2 -2 -2 -2 -2 -2 -2 -2 -2 -2 -2 -2 -2 -2 -2 -2 -2 -2 -2 -2 -2 -2 -2 -2 -2 -2 -2 -2 -2 -2 -2 -2 -2 6.9 10.1 16.2 22.8 26.4 27.7 30.4 33.9 42.6 40 40.6 44.1 47.5 49.3 50.9 53.4 45.5 38.2 31.3 21 14.7 14.3 14.5 14.7 14.6 14.3 13.9 14.4 15.1 17.2 22 27.4 34.3 40 47 50.5 57.6 60.8 63 61.9 60 59.5 59.4 61 62.6 65.5 74.1 79.7 86.1 98.4 104.7 115.7 134.4 154.3
-2 -2 -2 -2 -2 -2 -2 -2 -2 -2 -2 -2 -2 -2 -2 -2 -2 -2 -2 -2 -2 -2 -2 -2 -2 -2 -2 -2 -2 -2 -2 -2 -2 -2 -2 -2 -2 -2 -2 -2 -2 -2 4.1 7.4 12.9 18.3 23.5 26.7 29.6 32.5 36.7 38.6 41.3 43.2 46.2 48.8 49.6 51.2 48.8 45.2 37.9 26.4 17.3 14.8 15.1 14.8 14.4 14.1 13.9 14.8 15.3 16.3 20.6 24.8 30.5 37.5 44 49.2 56.7 62.5 64.9 65.5 61.5 60.2 59.5 61 62.1 64.6 71.9 78.6 87.5 94.9 101.3 110.5 129.7 150.3
-2 -2 -2 -2 -2 -2 -2 -2 -2 -2 -2 -2 -2 -2 -2 -2 -2 -2 -2 -2 -2 -2 -2 -2 -2 -2 -2 -2 -2 -2 -2 -2 -2 -2 -2 -2 -2 -2 -2 -2 -2 -2 -2 4.7 12 16.6 21.4 27.1 28.9 31.6 34 37.3 40.4 42.9 44.4 47 48.2 49.2 49.7 49.4 44.1 29.7 21.1 14.9 14.9 14.5 14.4 14.2 14.1 14.8 15.2 16.3 17.7 21.7 29 36.2 41.9 48.4 55.9 63 65.8 69.5 66.8 61.6 60.5 61.1 61.9 65.1 69 77.6 83.9 92.7 97.9 104.4 125.6 147.2
-2 -2 -2 -2 -2 -2 -2 -2 -2 -2 -2 -2 -2 -2 -2 -2 -2 -2 -2 -2 -2 -2 -2 -2 -2 -2 -2 -2 -2 -2 -2 -2 -2 -2 -2 -2 -2 -2 -2 -2 -2 -2 -2 1.8 9.5 14.8 20.1 24.3 26.6 30.9 32.4 34.9 37.3 40.8 43.6 45.7 47.2 48.2 49.3 51.6 48.7 33.7 22.7 16.3 14.8 14.6 14.5 14.3 14.4 15.2 16 16.4 17.9 21.7 26.1 34.8 38.6 47.4 54.5 64.7 67.5 70.1 68.3 63.1 61 60.4 62 63.6 67.8 77.4 83.1 88.7 94.3 102 123.2 143.8
-2 -2 -2 -2 -2 -2 -2 -2 -2 -2 -2 -2 -2 -2 -2 -2 -2 -2 -2 -2 -2 -2 -2 -2 -2 -2 -2 -2 -2 -2 -2 -2 -2 -2 -2 -2 -2 -2 -2 -2 -2 -2 -2 -2 5.7 11.5 17.1 21.6 25.1 30 29.7 32.4 35.6 38.7 42.6 44.2 46.3 48.6 48.6 51.8 52.5 41.2 24.8 19.7 15.4 15.1 14.9 14.9 14.8 15.4 16.5 16.5 18.5 21.7 25.6 32.6 36.9 45.9 53.7 63.2 70.6 71.4 70.5 65.7 61.4 60.6 62 63.8 67.8 76 81.4 86.6 92.3 104.3 117.4 138
-2 -2 -2 -2 -2 -2 -2 -2 -2 -2 -2 -2 -2 -2 -2 -2 -2 -2 -2 -2 -2 -2 -2 -2 -2 -2 -2 -2 -2 -2 -2 -2 -2 -2 -2 -2 -2 -2 -2 -2 -2 -2 -2 -2 2.6 10.1 14.8 20.4 23.7 27.7 28.9 30.2 33.8 37.4 40.9 41.7 44.6 47.3 48.9 52 51.2 43.5 27.3 21.5 17.4 16.1 16.1 16.1 15.5 15.6 15.7 17.2 19.1 22.2 25.4 29.7 34.9 44.8 53.3 62.3 70.2 72.9 74.6 69.4 65 61 61.6 63.2 67.8 74.2 81.4 86.3 91.4 102.7 112.7 129.9
-2 -2 -2 -2 -2 -2 -2 -2 -2 -2 -2 -2 -2 -2 -2 -2 -2 -2 -2 -2 -2 -2 -2 -2 -2 -2 -2 -2 -2 -2 -2 -2 -2 -2 -2 -2 -2 -2 -2 -2 -2 -2 -2 -2 1 4.9 12 19.4 22.5 25.5 27.4 29.2 32.7 34.7 37.9 41 43.7 45.8 48.2 50.6 52.4 41.6 30 23.6 19.8 17 16.7 17.4 16.9 16.3 16.4 16.4 18 21.3 25.7 30.2 37.2 45.8 52 61.9 70.6 75.9 78.7 74.3 69 62.7 60.8 62.4 65.4 71.7 79.1 86.4 90.4 99.2 110.8 122.8
-2 -2 -2 -2 -2 -2 -2 -2 -2 -2 -2 -2 -2 -2 -2 -2 -2 -2 -2 -2 -2 -2 -2 -2 -2 -2 -2 -2 -2 -2 -2 -2 -2 -2 -2 -2 -2 -2 -2 -2 -2 -2 -2 -2 -2 2.9 11.1 17.2 22.3 23.8 26.5 29.8 31.9 33.5 36.4 40.7 44.6 46.7 47.2 50 48.3 41.4 34 25.6 20.8 17.9 16.7 17 19.5 19.7 18.3 17.3 18.2 20.7 25.7 32.1 38.8 45.4 53.5 64.4 73.6 79.6 83.2 79.7 72.4 62.9 60.9 61.8 64.2 70 76.4 85.2 89.2 96 106.6 115.8
