Assets/StreamingAssets/GeoData/Data/ng/NG41.asc
ncols 200
nrows 200
xllcorner 140000
yllcorner 810000
cellsize 50
[rows 38 to 75 of 200, columns 0 to 84 of 200]
-1.8 -1.8 -1.8 -1.8 -1.8 -1.8 -1.8 -1.8 -1.8 -1.8 -1.8 -1.8 12.6 57.1 65.4 87.6 90.9 93.2 98.4 101.7 104.1 105.2 107.2 105.5 103.6 100.2 99.8 99.4 100 98.7 95.4 93.8 92.2 88.4 91 92.7 93.4 94.2 93.4 97.8 103.6 107.1 108.1 119.3 122.3 128.7 138.3 143.7 157.5 166.9 173.4 173.9 182.1 186.3 188.4 190.7 195.5 195 185.6 180.1 177.7 173.3 172.4 170 162.9 160.1 156.6 150.9 147 145.1 140.2 137.6 131 129.1 131.8 132.3 131.8 131.1 131.2 133.7 133.3 134.3 133.3 133.5 134.2
-1.8 -1.8 -1.8 -1.8 -1.8 -1.8 -1.8 -1.8 -1.8 -1.8 -1.8 25.4 52.1 66.2 88.5 90.8 92.4 98.7 101.5 104.5 105.4 106.5 108.2 106.2 104.6 105.4 103.8 101.3 103.3 104.1 105.2 104 95.5 94.2 93.2 94.2 96.9 96.9 96.7 100.7 108.3 115.2 118.8 124.1 129.7 138.7 145.2 159.7 166.6 179.5 183.8 186.9 188.1 192.6 196.2 197 197.3 202.7 200.7 185 183.7 178.6 177.4 172 165.9 156.8 158.5 155.3 150.3 144.6 141.4 137.9 134.2 130.2 130.2 130.2 129.1 129.2 129.5 130.2 131.9 132.2 131.9 131.4 132.8
-1.8 -1.8 -1.8 -1.8 -1.8 -1.8 -1.8 -1.8 -1.8 1.3 25.3 49.6 62.4 75.3 83.4 91.9 95.7 98.8 103.4 105.8 106.7 108.9 109.6 109.7 108 107.7 110 106.9 108.7 110.9 110.3 112.6 102.2 102.1 98.2 100.2 99.5 100.4 104.6 109.6 110.9 116.3 126 129.7 137.3 145.7 160.9 170.4 179.4 190 193.4 199 198.3 198.2 200.4 200.5 201.4 205.2 207.8 203.9 187.7 186.7 182.5 175.4 167.6 158.3 159.1 157.1 153.7 147.6 141.5 138.1 138 132 128.9 129.1 129.1 129.1 129.1 130.8 131.4 131.2 130 131.1 131.7
-1.8 -1.8 -1.8 -1.8 -1.8 -1.8 -1.8 -1.8 1.3 27.4 46.6 65.1 74.4 82.6 86.1 91.1 100.4 103.5 103.3 107.6 109.7 111.5 113.4 114.2 113.3 110.3 109.6 110.9 114.8 119.1 119.6 116.1 115.7 110.3 107.9 109.1 106.1 108.3 110.3 120 121.9 125.4 129.4 134.7 143.5 150.2 169.8 178.9 189.8 201.6 203.8 205.7 207.6 203.8 207 209.6 206.7 209.2 211.5 209.8 196 188.1 188.1 181.8 171.2 160.7 160.5 159.4 152.9 148.9 144.3 140.5 135.4 131.5 129.6 129.1 129.1 129.1 129.1 129.6 130.2 130 130.4 130.2 131.2
-1.8 -1.8 -1.8 -1.8 -1.8 0.3 1.2 3 4.7 38.9 61.3 77.6 87.1 87.4 88.8 91.3 103.7 105.1 106.9 108.4 111 114.2 115.8 116.2 112.8 117.6 119.5 120.8 121.4 122.9 124.2 120.9 120.5 117.8 116.6 115.8 114.1 116.2 115.9 124.1 127.3 130.1 135.5 139.2 151.8 164.1 173.5 188 197.1 205.4 208.7 209.8 214.4 216.9 212.7 213 210.5 211.3 214.8 210.5 205 192 188 182.8 175 166.7 163.9 161 154.8 151.2 148 142.1 136.9 132.3 129.6 129.1 128.7 129.6 129 129.6 129.9 130.1 129.4 130.6 130.7
-1.8 -1.8 -1.8 -1.8 -1.8 4.6 4 16.2 35.3 51.9 85.2 85.2 92.9 93.8 95.5 96 101.2 108.7 110.6 111.4 116 115.4 114.6 114.1 120.2 122.5 124.7 126.5 125 127.5 128.1 127.5 125.5 126.2 127.9 127.4 126.8 125.3 127 133.6 138.3 139.2 141 151.5 162.8 171.4 186.3 195.3 205.2 207.5 212.1 213.8 217.3 220.5 220.1 215.1 215.2 214.6 215.4 212.1 207.4 198.3 186.3 181.3 176.5 172.8 167.3 161.8 154.2 149.9 146 141.7 138.4 130.6 129.5 128.9 129.3 130.8 129.4 129.1 129.6 130.8 130.6 132 131.6
-1.8 -1.8 -1.8 -1.8 -1.8 6.1 8.3 30.9 51.3 76.7 91.7 94.8 96.5 94.9 98.5 102.5 104 108.6 112.7 115.5 115 117.2 122.4 121.1 123.6 126.3 129.4 130.4 129.3 132.1 131.1 132.8 131.4 132.5 133.8 136.5 138.8 141.1 139.7 141.4 143.8 146.2 149.4 162 175.1 183.7 196.6 201.4 210.3 213.5 217.5 216.2 220.7 223 220.4 216.4 213.4 215.6 217 211.4 205.8 202.9 187.6 182.6 176.9 172.5 169.5 162.4 153 147.6 142.2 137.6 134.2 128.5 128.1 127.9 129.2 130.7 130.6 129.6 131.3 134.8 131.8 133.7 133.5
-1.8 -1.8 -1.8 -1.8 2 10.5 24 48.5 66.9 93.4 96.7 93.8 96.3 101.3 99.9 107.6 116.8 117 111.6 118.3 113.7 115.4 124 127.6 128.2 132.1 136.4 138.2 135 134.1 135.9 136.2 138.2 142 143.9 143.5 145.5 149.2 148.1 147.8 149.4 151.7 160.5 177.2 185.9 194 201.9 210.5 211.7 217 219.7 220.7 222.4 223 216.1 220.2 210.4 210.7 203.4 205 205.4 200.2 187.7 176.9 177.9 170.9 165.5 158.5 150 138.7 138.4 132.2 126.7 120.9 123.5 123.6 129 131.2 131.6 132.8 133 134.2 133.3 133.8 137
-1.8 -1.8 -1.8 -1.8 2.3 18.8 47 62.9 81.9 96.4 92.6 92.6 98.9 97 101.8 104.8 114.7 124.2 114.3 115.7 115.2 117.4 122 132 131.7 134.7 140.3 141.1 139 134.6 137.1 141.3 142.8 146.3 156 159.8 159.1 158.8 156.2 157.4 158.9 160.9 171.1 187.8 199.2 206 208.7 209.6 215.8 214.5 211.9 214.9 225.7 216.6 212.6 213.1 215.9 209.2 204.1 203.3 198.1 194.5 190.3 182.8 172.5 166.3 159.5 152.4 146.1 134.5 130.4 123.7 116.2 112.8 117.7 125.2 130.5 133.4 134.4 136.7 137 138.9 136.6 135.6 138.7
-1.8 -1.8 -1.8 -1.8 14.9 37.5 63.3 80.2 102.8 102.5 96 93.7 92.6 92.6 102.6 109.5 112.5 115.9 118.7 120.1 121.8 121.4 122.6 128.4 133.7 137.7 140.9 142.4 141 138.5 142.6 146.1 161.5 173.4 170.1 171.6 170.2 167.6 163.6 164.4 163.1 169.2 180.4 193.1 200.9 210.4 213 213 209.9 206.9 205.3 206.8 214 212.9 211 211 210.8 209.1 200.1 193 195.6 199 192.8 186.1 174.1 162.9 152 143.7 133.7 129 124.4 115.4 108.8 107.5 113.8 122 128.4 132.7 134.8 136.3 138 140.5 137.4 137.1 137.4
-1.8 -1.8 -1.8 2.5 34 62.9 83.3 108.2 109.9 105.1 104.8 106.1 96.7 92.6 97.8 113.5 117 119.6 122.2 125.4 135.9 128.7 127.7 127.3 137.1 144.5 143.6 144.2 144.4 144 145.3 153.6 170.5 179.4 181.4 178.9 179.9 177.6 170.9 172.2 170.7 178.2 184.1 195.2 200.8 205.7 209.3 212.5 208.3 206.3 205.1 207.6 211.1 211.5 209.3 206.1 199.8 198.3 195.4 188.1 185.2 189 185.8 178.6 170.5 157.9 145.1 138.6 135.3 125.1 116.1 110.2 102.9 99.8 107.8 116.4 123.8 125.5 127.8 133 133.9 135.7 136.6 138.8 136.9
-1.8 -1.8 -1.8 45.3 69 79.2 96 114.6 108 107.3 107.9 110.3 103.3 97 98.9 110.6 120.2 122.7 126.1 130 140.1 140.7 142.4 136.8 135 140.5 144.9 146.2 148.9 155.3 152 159.6 178.3 182.1 182.3 181.7 180.5 189.8 182.7 180 178.9 183.2 187.6 192.6 199.3 202.4 205.2 204.6 208.1 205.8 201.5 205.9 209.9 210.5 205.5 195.6 192.8 186.5 180.2 179 179 182.5 183.8 172.2 166.4 159.1 137.4 133.1 127.2 114.1 107 99.7 95.6 86.2 101.2 112.8 117.9 122.5 124 126.9 128.8 130.4 133.1 136 135.9
-1.8 -1.8 43.6 68.3 74 87.8 112.4 111 112.3 112.3 110.4 111.3 105.4 99.8 99.3 106.9 119.5 122.3 127.3 131.2 138.5 143.7 147 146.2 148.2 144.2 144.8 149.1 156.3 160.3 158 161.4 167.6 174 182.5 185.2 183.9 185.5 186.1 184.6 180.9 182.9 187 188 187.3 189.8 189.4 190.2 195.6 196.2 191.5 198.8 205.5 202.9 198.4 194.1 186.2 178.7 177.7 172.9 172.1 177 170 164.9 161.9 157.7 134.6 124.8 115.1 108.3 99.2 93.8 88.5 78 97 105.2 112.9 116.8 116.3 115.4 116.8 119.9 129.7 133.3 134.1
35.6 47.2 55.8 71 76.2 87.3 99.3 111.9 113.9 116.8 109.3 113.3 112.2 105.2 103 102.3 106.5 119.9 124 133 136.5 142.3 151.2 151.9 153.1 154.3 152.3 154.5 160.3 165.3 166.7 167.5 171.9 182.3 181.2 181.8 183 188.1 186.5 184 181.1 182.1 184.5 186.5 180.8 181 181 184.6 185.5 183 184.8 191.7 196 193.9 189.1 185.6 181.7 176.7 172.2 166.4 163.6 160.8 165.1 162.2 154.2 146.3 137.6 127.5 110.9 99.8 91.1 88.7 77.5 71.7 89.6 100.7 105.7 108 111 113.2 116.6 119.3 123.1 127.7 134.9
69.1 66.9 64.2 67.8 69.7 78.5 84.8 93.3 100.3 102.1 101.8 101.9 120.1 119.4 105.1 103.8 106.4 111.2 118.1 129.3 135.2 143.5 153.1 154.8 155.6 156.2 161.5 164.9 167.2 167.6 173.5 172 176.7 179.2 182.4 182.2 181.2 186.3 188.7 186.8 184.2 183.8 186.4 184.3 176.9 175 180.2 180.7 181.9 181.6 183.1 182.9 182.9 186.6 185.3 183 176.1 171.2 167.9 164.8 158.1 145.6 143.9 146.2 145.5 140.7 131.7 123.9 111.9 89.6 83.3 73.6 62.8 74 79.7 91.5 99.9 106.5 104.8 110.9 116.3 118.1 118.8 128.1 132.1
76.5 73.5 74 70.2 70.9 67.2 68.7 75.5 83.3 87.9 96.7 100.8 106 110.1 107.1 106.8 112.3 113.7 116.8 125.4 136.4 146.6 149.7 157.8 160.3 162.5 165.6 169.4 173.4 175.2 175 169.2 172.8 178.5 181.1 182.1 183.6 186.1 187.1 187.6 187.7 185.4 183.8 178.6 175.6 170.5 167.3 168.8 171 180.8 180.5 180.3 179.6 180.2 182.3 176.9 168.6 163.2 161.4 146.7 145.2 137 137.8 138.5 136.1 131.9 129.6 116.6 111.9 91.8 80.7 61.6 50.9 67.4 76.6 83.4 92.7 97 98 104.8 113.7 110.4 116.4 124.8 124.6
73.8 77.7 83.3 75.3 69.9 64 64.8 70.3 78.5 84.5 90.9 102.4 106.7 110.7 110.3 115.6 117.5 115.8 121.2 126.4 129.7 142.4 149.2 152.5 157 165.8 162.5 161.4 170.1 179.8 171.9 168.4 169.3 179.3 180.8 180.3 182.1 187.1 186 188.5 186.3 186 182.6 179.8 178.5 171.9 165.2 166.5 168.8 177.3 179.6 174.6 175.2 176.4 174 168.5 162.5 150.7 146.6 140.8 135.8 134.9 130.9 126.5 129.3 127.7 121.8 115.7 112.1 101.1 77.2 48 46.9 59.9 67.1 78.8 82.9 87.9 93.1 95 104.2 107.4 108.8 112.9 111.1
80.9 84.8 84.4 76.1 64.7 63.2 63.1 66.9 81.1 85.8 91.4 104.3 105.9 108.4 112.1 117 124.8 126.7 125.7 127.3 128.8 133.2 137.4 140.7 155.8 153.8 159.1 161.8 165 168 168.7 170.3 172.5 175.2 177.1 177 179.3 182 183.8 183.8 183.4 181.8 182.2 182.5 175.2 170.3 161.2 162.9 169 171.7 173 171 169.7 172.5 165.7 151.8 147.9 142.8 136.4 131 126.1 124.8 122 123.1 120.7 117.2 118.1 116.3 110 99.7 87.4 54.8 34.1 49.5 60.4 67.6 77.4 82.8 85.9 88.6 94.2 98.6 102 102.9 103.6
80 88.1 89.3 74.9 68.9 63.1 62.5 63.1 73.2 82.4 89.9 102.7 109.2 114.8 119.1 118.5 120 126.4 128.1 130.8 133.3 137 138.1 139.3 146.6 150.5 162.6 165.4 167.5 169.2 172.4 175.2 179.5 182 176.5 175.1 171.2 173 176.9 180 179.3 179.1 176.9 175.8 167.5 165.5 160.6 157.7 167.2 168.2 170.3 163.4 158.8 156 151.5 142.4 132.8 131.6 125.8 122.1 118 117.8 116.7 112.2 109.5 110.7 110.6 110.2 107.6 106.4 100.1 71.2 42.1 30.8 48.4 57.4 66.1 69.6 77.2 81.7 87.1 89.3 88.7 93 93.6
70.6 76.6 84.6 72.9 69.6 63.2 62.8 62.5 71.4 80.8 87.9 99 116.2 119.3 122.1 122.2 122.6 124.2 129.6 134.3 136.2 138.3 137.2 136.8 138.8 149.3 165.9 169.3 170.8 171.8 176.6 178.7 182.7 188.5 174 163.3 160.7 164.4 167.3 174.2 178.1 175.8 167.5 163.7 159.6 157.5 154.9 153.1 155.5 156.5 157.2 155.2 150 144 137.3 129.9 128.1 123 115.9 114.2 115.3 110.4 110 112.9 104.8 106.1 107.2 108.7 103 102.6 99.1 89.1 61.2 39 34.5 43.7 52.9 57.3 64.3 81.5 85.1 84.6 76.9 73.5 68.9
64.5 70.9 72.5 72.7 73 73.4 63.7 62.7 63.1 72 87.8 94.9 111.3 120.4 124.1 127.1 126.9 129.1 125.9 127 127.2 133.1 138.5 135.1 141.3 149.1 155.8 162.7 167.3 174.8 176.7 177.8 178.1 178.1 174.2 162 159 162.4 164.9 165 167.9 163.2 159.6 153.1 151.5 153.3 150.7 150.2 153.4 150.8 148.2 143.6 139.1 131.2 130.9 122.3 118.1 114.7 115.2 108.6 106.7 106.6 102.2 100.5 97 93.5 96.5 102.9 102.7 92.8 91.4 86 68.7 47.8 17.5 30.6 33.2 39.8 48.7 60.8 67 67.4 58.9 55.8 47.5
71.3 72.9 73.1 74.6 75.1 76 67.6 63.5 62.9 64.5 71.5 87.5 97.9 112.3 121.3 130.1 130.2 129 126.7 124.5 124.5 127 131.6 135.9 138 152.6 160.3 164 167.7 170.8 179.6 175.3 176.2 176 172.8 163.3 156.7 156.6 155.4 153 157.8 154.2 152.2 150.3 146.9 143.2 143 143.2 141.3 139.2 136 131.5 133 131.3 119.9 116.7 115.2 111.9 107.1 105.7 99.5 95.7 90.5 87.7 83.4 79.1 86.8 92 92.4 83.1 74.2 67.3 58 45.4 29.6 3.8 19.7 23.6 25.8 27.8 33.7 35.8 27 -1.8 -1.8
73.2 76.6 75.9 74.3 76 76.6 70 64.1 62.7 62.9 69 76.2 92.2 102.8 109.9 125 130.6 125.9 122.9 122.5 120.9 123.1 126.9 136.6 138.6 145.3 159.1 176.2 179.5 173.6 173.4 175.6 173.3 175.7 164.4 160.9 157.7 150.6 142.8 145.4 147.1 147.9 146.4 143.6 139.3 134.1 136.7 138.9 137.3 129.5 128.5 126.6 125.2 124 115.7 105.7 109.9 108.4 107.5 93.7 85.2 77.5 74.7 73.2 66.9 64.5 67.9 75 70.5 64.6 61.4 47.8 33.9 32 28.5 17.1 3.2 4.3 2.5 8.4 2.9 -1.8 -1.8 -1.8 -1.8
69.9 71.1 72.2 73.1 77.4 81 75.3 69.1 68.1 63.2 66.2 69.6 79.7 92.6 97.1 110 114.7 115.9 118.7 120 120.8 121.4 125.1 129.9 132.7 136.5 155.2 166.1 169.5 171.3 171 164.4 164.5 162.4 159.1 157.2 149.6 148.7 142 139.1 143.7 138.2 134.4 130.7 133.8 120.8 126 136.8 129.6 122.3 114.2 115.1 113.8 115.6 106.8 91.1 95.5 99.5 97.9 73.8 63.1 51.8 54.3 58.7 56.6 46.7 51.8 56.5 60.3 49.9 37.4 30.8 28.3 29.2 2.5 -1.8 -1.8 -1.8 -1.8 5.6 -1.8 -1.8 -1.8 -1.8 -1.8
77.1 71.2 71.9 72.4 74.4 77.9 73.6 70.7 66.3 62.6 62.2 65.8 69.9 79.8 87.8 103.5 110.5 107.5 108.9 112.3 118.4 116.3 117.9 120.5 128.9 135.1 138.4 152.9 158.5 158.9 158.8 158.7 153.6 151.5 144.7 143 144.5 145 142.7 136 137.5 133.1 128.1 120.7 116.7 112.3 117.4 122.2 113.8 113.2 102.5 105.6 97.6 91.3 53.9 27.5 12.1 7.6 4 2.2 2.2 4.3 8.3 37.2 27.2 25 28.2 31.7 32.2 31.6 28.5 19.3 -1.8 -1.8 -1.8 -1.8 -1.8 -1.8 -1.8 -1.8 -1.8 -1.8 -1.8 -1.8 -1.8
75.2 74 71.4 71.8 74.6 72.3 73.4 73.7 66.1 63.3 62 62.7 68 74.5 79.7 87.9 95 101 106.3 108.6 112.5 114 115.5 118.3 120.3 124 128.6 139.7 149.4 152.8 154.7 153.8 143.6 138.7 139.2 134.3 138.7 137.3 136 131.3 126.9 127.6 118.7 107 105.8 105.5 109.3 109.7 104.3 70.5 60.3 14.2 15.6 10.2 -1.8 -1.8 -1.8 -1.8 -1.8 -1.8 -1.8 -1.8 -1.8 -1.8 -1.8 -1.8 -1.8 30 21.7 -1.8 -1.8 -1.8 -1.8 -1.8 -1.8 -1.8 -1.8 -1.8 -1.8 -1.8 -1.8 -1.8 -1.8 -1.8 -1.8
72.6 74.4 71.1 71.4 71.7 70.9 73.5 74.8 74.4 71 62.2 61.9 63.9 70.9 78.3 81.5 92.1 94.8 103.4 106.1 114.1 111.5 115.5 117.5 122.7 123.8 125.1 131.3 145 148.5 149.9 148.1 144.3 134.3 128.7 124.9 125.3 121.1 128.2 130.2 127.5 116.4 105.3 97.4 95.5 75.2 81.9 70 23.5 -1.8 -1.8 -1.8 -1.8 -1.8 -1.8 -1.8 -1.8 -1.8 -1.8 -1.8 -1.8 -1.8 -1.8 -1.8 -1.8 -1.8 -1.8 -0.9 -1.8 -1.8 -1.8 -1.8 -1.8 -1.8 -1.8 -1.8 -1.8 -1.8 -1.8 -1.8 -1.8 -1.8 -1.8 -1.8 -1.8
68.1 70.5 70.4 68.7 71.4 68.2 67.3 68.8 73.9 81 75.9 68.3 61.9 67.8 72.6 76.7 85.9 91.7 95.4 99 98.8 99.9 115.3 120.6 116.8 115.4 113.4 116.2 129.5 134.8 138.8 140 136.9 119.4 113.3 116.2 116.3 111.4 111.6 108.7 109 76.7 89.4 84.9 49.7 12.3 -1.8 -1.8 -1.8 -1.8 -1.8 -1.8 -1.8 -1.8 -1.8 -1.8 -1.8 -1.8 -1.8 -1.8 -1.8 -1.8 -1.8 -1.8 -1.8 -1.8 -1.8 -1.8 -1.8 -1.8 -1.8 -1.8 -1.8 -1.8 -1.8 -1.8 -1.8 -1.8 -1.8 -1.8 -1.8 -1.8 -1.8 -1.8 -1.8
64.8 64.3 59.4 61 64.7 67.3 67 68.3 70.3 74 77.2 73.4 61.6 61 62.4 70.5 82.2 87 91.4 92.8 97.9 99.8 104.9 108.8 110.6 110.8 110.7 111 117.4 126.5 123.8 120.8 119.1 115.1 107.9 108.8 104.2 98.3 96.5 36.1 24.7 38.2 43.3 42.9 -1.8 -1.8 -1.8 -1.8 -1.8 -1.8 -1.8 -1.8 -1.8 -1.8 -1.8 -1.8 -1.8 -1.8 -1.8 -1.8 -1.8 -1.8 -1.8 -1.8 -1.8 -1.8 -1.8 -1.8 -1.8 -1.8 -1.8 -1.8 -1.8 -1.8 -1.8 -1.8 -1.8 -1.8 -1.8 -1.8 -1.8 -1.8 -1.8 -1.8 -1.8
56.6 50.6 51.2 59.4 65.2 70.5 70.9 67.3 71.9 74.3 75.3 78.6 67.3 59.5 59.8 64.6 75.7 81.2 88 92.6 96.7 99.5 103.3 108.7 110.8 111.9 111.6 109.9 110.3 118.2 119.9 112 113.5 103.7 99.8 84 33.4 17.9 14 -1.8 -1.8 -1.8 -1.8 -1.8 -1.8 -1.8 -1.8 -1.8 -1.8 -1.8 -1.8 -1.8 -1.8 -1.8 -1.8 -1.8 -1.8 -1.8 -1.8 -1.8 -1.8 -1.8 -1.8 -1.8 -1.8 -1.8 -1.8 -1.8 -1.8 -1.8 -1.8 -1.8 -1.8 -1.8 -1.8 -1.8 -1.8 -1.8 -1.8 -1.8 -1.8 -1.8 -1.8 -1.8 -1.8
48.8 46.6 44.2 50.6 59.4 63 71 71.9 72.3 76 79.1 80.4 72 59.4 58.5 59.9 67.9 77.4 89 92.2 97.7 99.9 101.2 110.9 114.8 113.5 112.6 109.6 109.9 107.4 110.3 106.3 101.2 93.3 82.7 12.7 -1.8 -1.8 -1.8 -1.8 -1.8 -1.8 -1.8 -1.8 -1.8 -1.8 -1.8 -1.8 -1.8 -1.8 -1.8 -1.8 -1.8 -1.8 -1.8 -1.8 -1.8 -1.8 -1.8 -1.8 -1.8 -1.8 -1.8 -1.8 -1.8 -1.8 -1.8 -1.8 -1.8 -1.8 -1.8 -1.8 -1.8 -1.8 -1.8 -1.8 -1.8 -1.8 -1.8 -1.8 -1.8 -1.8 -1.8 -1.8 -1.8
39.7 40 40.4 42.3 53 58.4 64.4 67.4 76 76.9 79.6 78.5 72.7 67.8 59.8 58.1 61.2 73.9 84.7 87.2 89.7 99.3 101.5 106.5 109.4 107 109.5 109.3 64.3 57.7 41.7 49.2 62.3 32.6 3.1 -1.8 -1.8 -1.8 -1.8 -1.8 -1.8 -1.8 -1.8 -1.8 -1.8 -1.8 -1.8 -1.8 -1.8 -1.8 -1.8 -1.8 -1.8 -1.8 -1.8 -1.8 -1.8 -1.8 -1.8 -1.8 -1.8 -1.8 -1.8 -1.8 -1.8 -1.8 -1.8 -1.8 -1.8 -1.8 -1.8 -1.8 -1.8 -1.8 -1.8 -1.8 -1.8 -1.8 -1.8 -1.8 -1.8 -1.8 -1.8 -1.8 -1.8
31.7 32 36.6 37.2 44.2 48.2 58 61.1 67.2 73 72.5 73.1 72 71.9 67.1 59.2 64.9 69.1 79.4 83 84.8 88 90.1 90.4 93.2 91.6 91.7 85.2 26.4 13 1.2 -1.8 -1.8 -1.8 -1.8 -1.8 -1.8 -1.8 -1.8 -1.8 -1.8 -1.8 -1.8 -1.8 -1.8 -1.8 -1.8 -1.8 -1.8 -1.8 -1.8 -1.8 -1.8 -1.8 -1.8 -1.8 -1.8 -1.8 -1.8 -1.8 -1.8 -1.8 -1.8 -1.8 -1.8 -1.8 -1.8 -1.8 -1.8 -1.8 -1.8 -1.8 -1.8 -1.8 -1.8 -1.8 -1.8 -1.8 -1.8 -1.8 -1.8 -1.8 -1.8 -1.8 -1.8
27.9 27.6 32.4 36.2 42.3 44.4 51.7 56.5 60.9 69.6 70.2 71.7 73.7 68.4 72.2 74.1 42.8 68.3 72.6 75.5 78.9 83.9 87.1 66.7 43 41.7 30.1 1.9 -1.8 -1.8 -1.8 -1.8 -1.8 -1.8 -1.8 -1.8 -1.8 -1.8 -1.8 -1.8 -1.8 -1.8 -1.8 -1.8 -1.8 -1.8 -1.8 -1.8 -1.8 -1.8 -1.8 -1.8 -1.8 -1.8 -1.8 -1.8 -1.8 -1.8 -1.8 -1.8 -1.8 -1.8 -1.8 -1.8 -1.8 -1.8 -1.8 -1.8 -1.8 -1.8 -1.8 -1.8 -1.8 -1.8 -1.8 -1.8 -1.8 -1.8 -1.8 -1.8 -1.8 -1.8 -1.8 -1.8 -1.8
27.6 28.5 34.8 46.8 41.1 41.9 53 56.9 56 62.4 75.5 72.7 72.6 73.5 71.6 69.4 61.3 33.3 57.8 40 25.5 9.6 5.5 1.5 -1.8 -1.8 -1.8 -1.8 -1.8 -1.8 -1.8 -1.8 -1.8 -1.8 -1.8 -1.8 -1.8 -1.8 -1.8 -1.8 -1.8 -1.8 -1.8 -1.8 -1.8 -1.8 -1.8 -1.8 -1.8 -1.8 -1.8 -1.8 -1.8 -1.8 -1.8 -1.8 -1.8 -1.8 -1.8 -1.8 -1.8 -1.8 -1.8 -1.8 -1.8 -1.8 -1.8 -1.8 -1.8 -1.8 -1.8 -1.8 -1.8 -1.8 -1.8 -1.8 -1.8 -1.8 -1.8 -1.8 -1.8 -1.8 -1.8 -1.8 -1.8
36.9 33.1 37.5 39.1 39.2 42.7 51.3 51.2 52.2 68.8 79.1 81.9 81.4 74.9 49.9 14.7 2 1.6 2 -1.8 -1.8 -1.8 -1.8 -1.8 -1.8 -1.8 -1.8 -1.8 -1.8 -1.8 -1.8 -1.8 -1.8 -1.8 -1.8 -1.8 -1.8 -1.8 -1.8 -1.8 -1.8 -1.8 -1.8 -1.8 -1.8 -1.8 -1.8 -1.8 -1.8 -1.8 -1.8 -1.8 -1.8 -1.8 -1.8 -1.8 -1.8 -1.8 -1.8 -1.8 -1.8 -1.8 -1.8 -1.8 -1.8 -1.8 -1.8 -1.8 -1.8 -1.8 -1.8 -1.8 -1.8 -1.8 -1.8 -1.8 -1.8 -1.8 -1.8 -1.8 -1.8 -1.8 -1.8 -1.8 -1.8
37.9 39.6 44.4 42.8 36.9 35.9 45.8 51.3 54.4 61.8 68.6 70.5 14.1 3.1 -1.8 -1.8 -1.8 -1.8 -1.8 -1.8 -1.8 -1.8 -1.8 -1.8 -1.8 -1.8 -1.8 -1.8 -1.8 -1.8 -1.8 -1.8 -1.8 -1.8 -1.8 -1.8 -1.8 -1.8 -1.8 -1.8 -1.8 -1.8 -1.8 -1.8 -1.8 -1.8 -1.8 -1.8 -1.8 -1.8 -1.8 -1.8 -1.8 -1.8 -1.8 -1.8 -1.8 -1.8 -1.8 -1.8 -1.8 -1.8 -1.8 -1.8 -1.8 -1.8 -1.8 -1.8 -1.8 -1.8 -1.8 -1.8 -1.8 -1.8 -1.8 -1.8 -1.8 -1.8 -1.8 -1.8 -1.8 -1.8 -1.8 -1.8 -1.8
41.6 40.9 41.8 45.3 37.3 33.8 18.8 11.4 2.2 1.4 -1.8 -1.8 -1.8 -1.8 -1.8 -1.8 -1.8 -1.8 -1.8 -1.8 -1.8 -1.8 -1.8 -1.8 -1.8 -1.8 -1.8 -1.8 -1.8 -1.8 -1.8 -1.8 -1.8 -1.8 -1.8 -1.8 -1.8 -1.8 -1.8 -1.8 -1.8 -1.8 -1.8 -1.8 -1.8 -1.8 -1.8 -1.8 -1.8 -1.8 -1.8 -1.8 -1.8 -1.8 -1.8 -1.8 -1.8 -1.8 -1.8 -1.8 -1.8 -1.8 -1.8 -1.8 -1.8 -1.8 -1.8 -1.8 -1.8 -1.8 -1.8 -1.8 -1.8 -1.8 -1.8 -1.8 -1.8 -1.8 -1.8 -1.8 -1.8 -1.8 -1.8 -1.8 -1.8
