Assets/StreamingAssets/GeoData/Data/ng/NG42.asc
ncols 200
nrows 200
xllcorner 140000
yllcorner 820000
cellsize 50
[rows 35 to 69 of 200, columns 0 to 79 of 200]
214.7 211.7 204 187.2 183.6 179 172 166.1 159.9 154.4 150.5 147.7 147.9 146.9 147.9 150.7 153 154 156.1 160.7 166.6 173 175 175.3 174.9 173.3 171.4 166.5 161.3 161.9 163.5 161.7 163.3 164.8 165.5 165.5 158.5 153.6 154 161.1 163.4 164.1 166.3 168.6 170.8 160.3 174.5 179.8 184.7 188.5 192.9 195.6 197.9 200.8 203.7 207 210.8 211.8 216.4 222.4 228 230.8 234 234.7 234.3 239.2 243.3 242.7 243.6 245.6 251.5 252 251 255.4 268 270 268.5 276 278.8 277.9
213.9 209.8 199.6 188.4 181.9 177.1 172 167.5 162.2 156.7 152.7 149.7 150.5 150.6 150.9 151.7 156.1 156.4 158.4 162.1 167.2 174.9 182.6 180.3 179.3 176.2 175 169.9 162.1 164.7 165.5 165.9 165.5 166.9 167.5 167.3 162.3 157.2 155.4 162 164.2 166.4 168.4 170.3 170.4 168.7 165.9 177.4 184.3 189 193.4 195.9 197.4 200 200.7 206.1 209.5 211.2 212.5 218.4 223.2 225.2 228.6 231.4 232.5 234 238.4 239.8 238.4 242.9 245.6 246 250 252 258 259 260 266.8 265.8 274
215.4 208.7 197.5 188.9 181 175.1 170.7 168.4 164.3 157.8 154.9 152.7 154.2 155.1 154.8 152.6 156.1 158.7 160.5 164.3 169.3 174.5 177.5 180.9 181.7 181 178.9 170.1 165.3 166.3 168.1 169.8 169.7 169.3 168.8 167.9 163.1 159.3 158.7 162.5 165.7 168.1 170.4 171.1 173.3 174.4 173.6 166.6 181.9 188.8 191.8 194.8 196 197.4 196.5 203.4 206.1 210.7 210.7 213.8 215.9 217.2 223.2 225.9 228.6 227.3 231.3 234.4 229.6 235.2 239 240.7 243.6 246.2 247 251.7 255.6 257.9 263.3 267
215.2 206.5 195.5 188.1 180 173.4 169.4 167.7 163.4 159 156.7 155.1 155.6 156.6 155.6 153 156.8 159.8 161.2 165.1 169.8 173 177.3 181.6 184.5 185.1 183 176.3 168.1 165.7 168.6 170.1 170.8 169.5 168.8 168.7 162.6 155.6 160.5 163.1 167.2 169.9 171.4 173.4 176.5 179 181.1 177 173.2 185.9 190.1 192.3 195.2 193.4 194.5 198.5 202.3 206.4 208.6 210.9 212.6 213 215.3 220.7 225 225.2 224.7 227.3 227.2 229.6 232.9 237.6 238.6 241.2 243.7 246.3 249.6 252 254.9 265
213.2 201.6 193.1 187.2 178 171.6 167.7 166.2 164.4 159.5 156.7 155.9 156 156.4 155.6 155.1 157.6 159.2 161.1 164.6 168.8 172.7 177.4 182.2 185.9 186.8 183.7 176.3 169.9 168.8 167.8 170.2 171 170 168.8 165.6 158.7 160.2 162.5 164.3 168.3 170.8 172.2 175.1 178.2 180.9 181.7 181.4 180.9 176.7 187.8 190.5 190 184 192.2 195.8 198.5 196.5 204.9 205.7 208.2 207.1 206.5 213.2 217.8 219.4 217.8 220.3 219.3 220.9 224.7 229.8 235.8 238.4 240.9 245.6 248.9 251.3 254.7 263.2
212.7 199.4 190.9 182.8 175.4 169.9 166.1 164.1 161.8 158.2 156.8 155.9 156.6 156.6 156 154.4 155.4 157 161.1 165.4 170.1 171.9 178.1 183.6 186.9 187.8 188.3 179.3 175.1 171.8 168.7 169.9 171.3 171 168.6 164 164.5 164 164.4 166 169 169.8 173.3 176.8 179.6 181.8 182.7 181.2 180.9 171.1 183.1 186.7 185.1 190.5 190.1 191.3 196.2 200.8 199.9 203.4 205.4 208.3 210.6 211.7 213.4 219.1 220.3 219.4 220.8 225.3 230.3 232.9 238 241.4 243.7 246.8 250.4 249.7 254.6 263
209.9 195.6 188.4 181.6 172.9 167 163.4 159.7 156.7 156.1 155.1 155.8 156.9 158.4 158.5 157.4 158.3 157.8 160 165.4 171.7 174.7 178.8 184.4 188.9 189.7 191.4 186.8 181.7 176.4 171.9 170.6 171.8 172.7 170 165 165.8 165.7 166.2 168.2 170.4 172.5 175.8 178.2 180.3 182.5 183.4 183.6 183 181.8 183.3 178.4 191.5 191.9 192.5 194.2 198 199.7 203.3 206.1 207.5 209.8 212.8 215.7 218.9 223 225.4 224 225.3 226.2 231.9 236.7 239.3 244.1 247.6 249.9 253.2 255.1 258.6 263.7
204.8 194 186 176.9 170.4 164.8 159.7 155.3 153.1 153.6 155.7 156.4 156.7 160.5 161 161 160.6 160.5 163.7 166.8 172.1 176.9 181.7 187.2 192.7 194.5 194.2 192.7 188.2 180 177.8 175.7 174.4 174.5 175.5 167.6 168.5 168.6 167.9 169.3 172 175.2 178.3 180.7 182.5 184.5 186 186.8 185.9 186.2 186.9 189.1 193 195 196.5 199.3 202.1 205.5 208.3 210.4 212.1 213.2 217.7 219.5 222.8 227.7 230.8 230.6 231.8 234.5 237.6 239.7 243.4 244.1 250.1 254.2 259.8 260.7 265.3 268.3
198.6 185.6 176.7 169.9 165.4 160.9 156.7 154.4 153 153.6 155.9 157.9 160 161.4 162.1 163.3 164.2 163.7 165.9 170.8 174.9 178.9 185.4 192 196 197.3 198.2 196.2 191.9 188.6 183.2 180.1 178.7 177.7 176.7 171 171.3 171.5 170.8 170.7 174.8 177.7 180.6 183.2 185.2 187.6 188.4 189.2 190.5 191.4 192.1 193.8 196.8 199.3 201 204.3 207.4 210.2 212.7 214.8 216.8 218.5 219.9 222.5 226.5 228.7 233 234.2 232.8 238.7 240.4 241.8 250 251.8 251.7 256.5 265.1 267.8 268.9 274.7
182.5 175.3 170.8 167.2 163 158.1 153.4 151.4 150.4 152.8 156.1 159.7 161.3 163.3 164.8 166.5 166.8 167.1 169.5 176.1 178.2 182.2 189.8 196.3 199.6 202.1 201.7 200.9 196.2 193.5 187.7 183.5 181.8 180.3 175.8 174.8 176 174.2 174.2 174.8 177.4 180.3 183 185.6 188.1 190.6 190.9 192.2 193.5 194.7 195.8 197.6 199.9 202.6 205.5 209.3 212 214.4 216.7 218.7 220.8 222.7 223.2 224.7 228.5 231.9 233.2 237.5 237.8 245.5 245 251 253.8 259.7 259.9 260.7 267.9 272.3 273.1 282.4
167.8 165.1 162.2 158.9 154.8 150.1 147.8 148.8 151.4 154.3 157.5 159.4 162.4 165.1 167.8 170.1 170.6 172.1 174.5 180.1 184.1 189.6 196.3 201 206.4 207.6 208.5 203.3 198.4 194.6 190.1 187.9 184.7 181.6 177.2 177.3 179.3 177.5 176.7 175.9 178.7 180.6 183.5 187.3 190.4 191.3 191.1 194 196.4 197.5 198 200 202.5 204.9 207.6 210.6 214.7 218 220.5 222.3 224.2 226 227.8 229.6 232.4 238.2 240.1 244.1 245 249.4 251.7 255.7 257.2 264.5 267.8 267.9 274.2 276.5 282.9 286.5
147.9 150.9 152.9 149.3 146.1 148.4 150.6 150.1 152.5 156.5 159.7 161.9 164.5 167.2 170 172.6 176.3 177.5 179 183 188.7 195.2 200.5 207.3 211.8 213.1 212.1 205.5 201 196.3 192.7 191.1 185.9 183.8 179.9 177.8 180 178.9 179.2 178.6 179.2 180.6 182.4 186.3 189.7 191.2 191.5 195 198 200.2 200.3 202.6 205 207.3 209.3 211.9 216.1 219.9 222.9 226.2 229.9 230.4 231.9 234.8 239.9 243.3 245.4 247.5 249.5 254.6 260.3 259.3 263.7 266.1 273.8 275.8 278.5 279.9 287 290.7
142.2 144.2 144 145.3 148.5 151.2 150.9 151.5 154.7 158.7 161.3 163.8 166.5 169.2 172.9 177.9 182.1 181.7 184.2 188.2 194 200.1 205.6 212 213.5 217 216 211 205.1 201 194.9 190.4 187.5 184.6 180.7 180.1 179.8 180.6 181.2 181.5 181.3 182.8 182.7 186.2 188.3 190.1 190.6 193.7 197.1 199.8 200.8 203.9 206 208.3 208.9 213.3 218.8 221.5 224.3 227.2 230.8 233.5 234.8 236.1 242.8 246.3 251.3 252.4 254.6 258.8 263.3 266.9 267.2 268.8 277.6 279.9 281.5 286.1 288.1 294
139.8 141 146.4 148.1 150.1 151.3 153.9 155.1 157.2 160.9 163 165.4 168.2 171.2 176.5 181.3 183.2 185.9 189.5 192.8 198.5 203.4 208.8 214.4 217.4 218.7 217.6 216.3 210.2 204.4 199.7 192 189.6 186.1 183.3 181.5 179.5 181.9 182.9 182.6 183.2 183.2 183.1 184.2 184.8 187.2 185.9 191.7 196.1 199.6 200.6 203.9 207.4 210 210.2 214.6 218.5 222.2 225.1 228 233.3 237 237.3 238.9 246.7 248.3 253.3 255.3 261.5 262.7 267.6 270.5 271.6 274.8 280.6 284.3 286.6 289.9 294.3 302.3
140.9 142.7 146.5 148.2 150 151.8 156.7 158.8 159.8 161 163.7 166.8 169.4 173.5 178.4 180.6 183.6 187.3 190.2 195.9 200.6 205.3 210.8 215.9 219.2 219.3 219.4 218.1 213.4 209.2 201.6 195.9 191.7 188.6 185.9 182.7 181 181 182.7 182.2 182.7 183.1 183.2 182.8 183.5 184.4 184.6 188.8 194.2 199.1 200.5 201.7 205.3 208.6 210.6 214.8 218.8 222 225.4 229.1 231.1 237.4 240.4 243.4 246 252 256 258.8 262.3 266.6 270.7 274.9 279.3 281.9 283.3 287.9 290.6 296.1 299.6 305.1
144.2 146.4 149.2 150.4 151.7 155.6 159.1 161.3 160.8 159.6 162.2 167.7 170.1 172.3 177 179.4 183.8 187.3 191.4 197.7 201.6 206.8 211 216 219.4 220.7 221.9 221.5 218.3 212.5 205.2 197.8 193.9 191.1 188 186.1 182 182 181.5 182.5 181.7 182.3 182.2 182.1 183.2 184 185.8 188.1 191.1 195.4 198 199.7 203 206.3 210.3 214.3 218 220.8 223.3 226.8 229.4 234.1 239.3 242.7 247.2 252.5 256.2 261.3 266.7 269.2 276.4 282.2 283.6 287.1 287.8 291.1 295 302 303.9 309.5
148.3 150.7 154.1 156.2 158.4 159.3 161.1 162.5 162.5 161.3 161.7 168.8 170.4 169.9 175.3 179.8 183.9 189 194.6 199.9 202.5 205.9 210.3 216.7 221.1 222.1 224.4 223.1 220 214.9 206.2 198.8 194.5 192.1 190.7 189.8 187.1 183.4 182.2 183.6 183.6 182.6 182.5 181.9 183.7 184.2 185.8 187.5 189.4 191.2 195.5 198.6 201.2 204.6 209.1 212.9 216 218.5 221.1 224.4 227.8 232.3 238.7 242.3 248.9 251.3 257.4 263.9 269.5 272 275.6 284.5 286 290.3 292.6 294.8 297.8 305 306.5 311
158.7 160.7 164 164.6 168.1 169 169.2 168.2 169.1 168.2 169.4 170.3 170.4 171.4 178.1 180.2 184.9 191.3 197 201.6 204.2 206.6 210.5 217.9 221.6 224.3 226.7 225.8 222 214.1 205.4 199 196.2 193.3 191.2 190.8 190.3 187.2 184.5 184 184.2 184.4 184.2 183.7 182.3 183.3 185.2 185.5 188.7 189.9 193.1 196.4 199.6 203.1 207.7 211.2 214 216.6 219.2 222.4 225.6 229.6 236.2 242.8 247.5 251.3 257.7 266 270.4 275.2 279.9 286 289 292.6 295.7 297.6 299.9 303.6 310.5 315.7
171.9 173.1 173.7 174.7 176.9 178.2 176.9 175.9 174.8 172.7 170.2 172.7 174.2 175.2 180.6 183.4 187.8 191.7 197.2 201.6 204.9 208.8 214 220.6 224.1 226.8 229.5 228.9 223.1 214.4 205.2 199.7 195.9 193.3 190.9 191.1 189.4 188.6 187 184.4 184.6 184.8 184.5 183.9 182.8 182.8 183.5 184.1 188 189.4 190.5 194 196.9 199.9 204.1 209.1 210.8 214.1 217.3 220.5 223.7 227.6 233.7 240.9 245.4 250.5 256.4 265.2 273.3 277.2 283.2 290.5 293.3 296 298.5 301.9 302.1 306 313.3 318.3
183.2 183.8 185.2 185.9 187.3 187.3 185.5 184.1 182 178.5 173 177 179.7 180.3 179.4 186.2 190.5 191.1 197 203.4 209.2 214.5 219.8 223.8 227.8 229.7 229.4 227.7 223.3 216.6 207.5 200.1 196.2 193.2 190.6 191 188.9 189.3 188.6 186.4 185 185.1 184.9 183.3 184 183.3 184.2 185.4 186.2 188.8 190 191.5 194.5 197.2 200.1 203.9 206.6 209.5 212.7 217.8 221.5 225.3 231 238.3 246.2 249.7 256.7 263.3 274 280.3 286.7 294 296.6 299.3 301.9 303 304.4 308 312.5 320.3
195.4 195.8 198.6 200 199.3 195.9 193.3 192 190.1 186.2 179.3 182.3 184.3 185.2 182.8 188.4 193.4 195.6 198.3 204.8 211.7 216.5 222.5 226.4 229.9 231.3 231.2 227.3 220.6 214.2 207.2 200.5 195.8 193.2 190.5 189.6 189 188.8 188.5 187.5 185.6 185.3 184.6 183.7 184.1 184.4 185.2 185.6 187.4 188.5 188.9 190.7 192.8 195.3 197.5 199.5 202 204.6 209.2 214.8 218.5 223.5 227.8 233.2 240.1 249.1 254.8 263.8 271 279.4 284.2 291.4 296.8 298.2 300.1 302.2 305.3 306.5 312.9 318.7
205.6 206.8 208.3 210.2 209.7 205.2 202.3 200.5 197.1 192.3 187.8 185.9 190 190.6 185.5 193.1 197.6 201.2 203.7 204.8 212.4 218.3 225.3 230.1 230.5 231.5 231.5 226.3 218.1 211.3 205.7 200.1 194.8 192.6 190.5 190 189.2 188.1 188.1 185.3 186 185.7 185.5 184.9 184.3 184.9 185.3 185.8 187.7 188.8 189.5 190.7 190.8 193.2 195.1 197 199.3 201.9 206.7 211.7 215.8 220.1 224.4 229.9 236.5 243.3 248.5 257.7 265.2 272.6 278.5 285.3 289 292.8 297.4 300.9 301.4 303.5 308.8 312
211.3 217.4 216.6 216.6 216.1 212.9 210.1 206.3 201.6 196.2 188 193.7 196 195.6 189.3 198 202.9 207 211.6 211.8 213.7 219.7 225 229.5 230 230.8 230.5 225 215.9 210.5 205.3 200.3 195.7 192.3 190.4 189.6 188.8 187.1 185.6 186 186.3 186.3 186.1 185.8 185 184.9 185.2 185.9 187.5 188.4 189.4 190.1 189.8 191.3 193.5 195.6 197.8 199.7 204.5 208.2 212.1 216.6 221.7 227 232.5 238.9 244.9 253.3 258.8 264.6 270.3 275 280.8 282.3 288.7 292 295 300.6 302.2 304.8
221.9 226.1 225.9 224.3 222 217.8 214.5 211 206.8 195.6 196.1 200.8 201 200.9 199.3 203 207.3 211.7 218.1 219.9 219.2 219.9 223.5 227.9 228.5 228.8 226.3 222.8 215.9 210.1 205.3 200.9 197.6 194.1 190.7 189.7 188.1 186.4 186.3 186.1 186.4 186.4 186.1 185.8 185.2 185.2 185 185.6 187 188 188.8 188.3 189.7 190.5 192.6 194.6 196.3 199.1 201.7 206.3 211 213.9 218.2 222.9 228.2 234.3 240.3 246.2 252.7 258.7 263.3 268.6 271.5 278.4 281.3 284.5 286.4 293.7 296.7 298.8
228.6 232.5 233.2 229.1 225.8 222.5 218.9 215.3 211.4 200.6 203.2 205.5 207.2 208.4 208.4 208.9 215.4 218.9 221.7 221.3 220.3 221 224.3 228.3 229.2 228.9 226.4 222.2 215.3 208.7 205 201.2 197.4 193.4 190.2 188.3 187.2 186.5 186.5 186.3 186.4 186.5 186.1 185.3 184.7 184.5 185 185.2 186.1 185.4 186.2 187.4 189 190 191.1 192.8 194.6 197.3 200 204.2 209.4 211.4 214.9 219.5 225 230.4 235.8 241.3 245.8 252.5 257.7 262.5 266.1 270.1 275 278.8 281.7 286.6 290.3 291.7
233.4 239.4 239 234.1 229.1 225.8 222.5 218.8 214 207.2 209.1 211 211.4 212.7 213.3 206.5 219.6 222.3 223.6 223.4 223.4 223.9 226 229.6 230.7 229.9 226.6 221.9 215.3 209.3 205.4 201.6 197.7 193.9 190.6 187.9 186.8 186.3 185.6 184.7 184.4 183.6 185.6 184.8 184.2 183.6 184 184.3 182.6 183.6 185.1 186.4 187.4 188.1 189.7 191.2 192.9 195.5 198.1 201.7 205.7 208.5 212.3 216 222.2 226.9 231.1 237 240.9 245.9 252 255.9 255.5 264.6 268.5 272.9 275.3 277.6 283.1 282.8
242.5 246.7 245.1 238.1 233.1 228.8 225.1 221.3 216 208.5 214.7 216 217.3 217 216.3 206.3 219.8 223.3 225.4 225.8 227.2 228.6 228.3 230.6 233 231.5 229.9 224.7 217.7 211 205.8 202 198.3 194 190.3 187.7 186.4 185.9 184.9 184.5 183.6 182.8 183.8 184.3 183.7 183.1 182.4 181.4 181.7 182 183.5 184.7 185.6 186.7 188.4 189.9 191.4 193.6 196.3 199 202.5 206.1 209.7 210.3 219.4 223.1 226.8 232.6 237 239.4 245.9 250 251.9 256.1 262 265.9 269.2 271.3 273.7 275.1
249.3 251.3 249.7 242.2 237.1 232.4 227.6 223.6 219.9 213.3 220.5 221.1 220.1 220.1 220.4 216.2 220.1 224.1 227.8 229.3 230.6 230.4 230.5 234.6 236.2 234.4 232.7 228.2 221.8 213.8 207.8 202.4 197.7 193.9 191.1 188.1 185.9 185.3 184.5 183.7 183 182.2 182.7 183.6 183.4 182.7 180.6 179.5 181.2 181.3 181.9 183 184 185 186.5 188.8 191.2 191.9 195.3 198.8 200.6 204.1 207.4 209.6 214.8 218.4 222.7 228.1 233.7 235.2 240.1 243.8 245.6 249.4 251.9 258.5 262.4 264.8 267.7 271.6
253.6 253.9 252.8 246.8 241.1 235.1 230.7 226.8 223 217.4 220.6 222.8 224 223.7 224.4 224.2 225.1 227.8 230.5 233 234.2 234.9 235 238.9 240.3 239.8 238.1 233.6 224.6 217.7 211.3 202.9 198 195.3 192.4 189.4 186.3 184.7 183.9 183.2 182.4 181 180.1 182.1 182.1 181.8 179.3 179.3 181 181.1 181.2 181.1 182.2 183.4 184 186.5 188.7 191.2 194.7 198.2 200.7 202.7 205.4 208.3 210.2 214.1 219.1 224.9 228.7 231.9 235.8 240.7 242.8 245.6 245.5 249.6 255.2 257.6 259.1 261.4
256.9 258.4 255.5 251.5 243.1 237.7 233.7 229 224 222.2 223.3 225.7 228.5 228.5 229 228.5 228.8 231 234.3 236.3 238.7 239.9 239.7 246.3 245.1 244.3 243 237.7 228.6 221.9 214.1 205.8 199.6 196.7 193.8 190.7 187.6 184.1 183.4 182.4 180.8 179.8 178.7 179.5 181.6 180.2 179.1 179.6 181.1 181.2 181 181.2 181 181 181.5 184.8 187.6 190.6 194 196.5 198.4 200.6 202.8 205.5 208.3 210.8 216 221.3 225.2 228.4 231.3 235 237.1 238.8 241.7 245.3 248.6 251.1 251.9 254.2
259.1 260 259.2 251.1 243.6 238.9 235.2 231.1 227.7 225.9 229.3 229.9 231.5 233.5 234.4 233.8 228.6 236 238.5 240.9 246 247.9 248.2 251.3 250.2 249.3 246.9 241 232.2 224.2 218.7 210.5 205.7 201.9 196.1 192.7 188.9 185.1 183.1 182.3 181.4 179.4 178.1 179.2 180.6 177.3 177.6 177.8 178.7 179.2 180.9 181 180.4 178.8 181.7 184.4 187 190.9 192.8 194.2 196.5 198.9 201.1 203.2 206.3 210.3 213.3 217.3 221.7 224.8 227.9 231.2 230.6 234.5 236.8 238.1 241.4 242.5 245.6 247.2
259.3 259.4 256.3 249.2 244.3 240.9 235.5 230.9 231.6 229.2 233 234 237.1 239 239.9 239.6 231.8 243.3 242.3 247.5 251.8 252.6 252.5 252.7 252.7 253.3 251.5 244.5 238.4 229.5 221.1 216.1 212.8 206.1 198.9 194.5 191.4 187.8 184.4 182.9 181 178.9 177.5 176.1 175.9 175.4 175.6 175.7 176.2 176.5 177.5 178.1 177.6 178.6 180.5 182.2 185.3 188.1 190.5 191.9 194.7 197.2 199.3 201.4 203.8 207.5 210.5 213.7 217.9 221.2 223.7 226.3 226.3 229 229.7 231.1 233.4 235.4 237.5 239.6
257.7 255.9 251.2 248.6 244.4 239.8 237.7 236 236.5 234.1 238 239.5 240.7 240.6 241.5 247.1 238.6 247.4 250.4 251.1 254.1 255.7 257 256.8 256.8 257.4 255.3 250.1 245 237.7 225.6 221.7 218 211.2 203.6 197.3 194 190.5 187 183.8 181.6 178.8 177.3 175.6 173.6 173.3 173.5 172 171.5 172.3 172.7 173.3 175.6 178.5 180.9 181.2 182.1 185 187.9 190.4 193 195.4 197.6 199.5 201.3 204.5 207.9 210.6 213.9 216.7 219.1 221.2 222.9 224 226.7 228.6 229.9 231.5 232.9 232
255.1 254 251.8 249.3 245.7 241.1 240.3 240.6 240.7 240.5 242.2 243.8 243.1 243 245.9 249.6 250.9 250.7 254.1 254.3 256 259.1 261.7 260 261.3 262.7 260.8 256.6 253.6 246.6 234.3 228.3 223.4 217.3 208.8 202 196.8 193.3 189.8 186.3 182.4 179.4 177.2 174.9 172 171.5 170.8 170.8 169.3 170.8 169.4 170.3 172.7 175.7 178.2 179.3 179.9 183.7 186.9 189.7 191.6 193.6 195.6 197.4 199.2 201.8 205.1 207.6 209 212.2 214.3 216.2 217.8 219.5 222.2 225.7 226.5 228.3 227.9 234.1
255.9 255.4 253.1 250.7 247.1 243.7 242.5 243.8 240.9 242.5 247.7 249.1 247.8 248.6 250.2 250.5 256.6 253.6 257.9 258.8 261.3 267.6 269.4 270.3 270.7 267.9 266.1 261.2 258 252.7 246.5 238 228.4 222.7 214.3 207 201.5 196.7 192.9 188 185 180.4 178.3 175.6 171.8 168.9 169.7 168.9 167 165.6 166.4 169 170.1 173 175.6 178.2 179.9 183.1 185.3 186.9 188.8 190.8 192.8 194.9 197 199.2 201.4 203.2 205.3 208.4 210 211.6 210.4 214.4 217.4 219.8 223.3 222.8 229.4 233.4
