Assets/StreamingAssets/GeoData/Data/ng/NG47.asc
ncols 200
nrows 200
xllcorner 140000
yllcorner 870000
cellsize 50
[rows 114 to 151 of 200, columns 0 to 85 of 200]
-1.9 -1.9 -1.9 -1.9 -1.9 -1.9 -1.9 -1.9 -1.9 -1.9 -1.9 -1.9 -1.9 -1.9 -1.9 -1.9 -1.9 5.2 10.6 19.1 29.3 22.7 12.8 13 13.5 15.7 21.1 24.5 27.3 31.7 33.2 32.9 33.1 33.1 38 39 42.9 43.9 44.8 41.7 40.9 38.8 36.8 35.1 41.7 43.2 42.2 39 35 29.9 23.7 18.9 13.9 11.4 10.6 10.4 10.8 11.1 12 13.4 14.9 14.3 15 13.8 12.5 12 11.3 10.9 10.4 9.7 10 10.6 10.4 12.7 12.9 13.3 13.4 13.2 13.7 16.1 19.7 23.5 25.8 27.5 27.1 32
-1.9 -1.9 -1.9 -1.9 -1.9 -1.9 -1.9 -1.9 -1.9 -1.9 -1.9 -1.9 -1.9 -1.9 -1.9 -1.9 -1.9 -1.9 8 16.7 29.6 34.4 25.3 21.1 19.3 19.5 21.5 25.4 27.3 29.8 34.6 33.4 33.1 33.1 33 37.1 37.7 40.9 44.3 43.3 40.3 37.9 33.3 31.1 33.3 41.6 41.5 38.5 35.4 33.5 30.2 17.4 13.3 11.9 10.9 11.8 13.9 15.3 17.9 20 25.1 26.5 27.6 32 32.7 28 22.4 18.8 17.5 12.2 13.6 12.8 13.9 15 15.5 18.3 17.9 19.1 19.7 22.5 25 26 27.5 27.2 30 34.2
-1.9 -1.9 -1.9 -1.9 -1.9 -1.9 -1.9 -1.9 -1.9 -1.9 -1.9 -1.9 -1.9 -1.9 -1.9 -1.9 -1.9 -1.9 -1.9 10.2 27.6 28.6 28.3 27.6 27.1 24.6 25 26.7 29 30.2 34.9 36.7 35.3 35.6 38.3 38.7 38.7 38.9 39.2 41.1 41.2 38.4 32.4 28.8 29.9 36.2 42.1 38.2 34.3 27 21.8 15.1 14.3 13.3 12.2 12.5 15.1 19.1 23.4 27.3 30 35.5 39 42.1 39.9 34.4 28.9 24.8 24.2 11.7 19 20.5 19.7 20.2 22.8 27 26.5 23.4 24 25.1 27.2 27.8 28.4 29.6 33.4 35.2
-1.9 -1.9 -1.9 -1.9 -1.9 -1.9 -1.9 -1.9 -1.9 -1.9 -1.9 -1.9 -1.9 -1.9 -1.9 -1.9 -1.9 -1.9 -1.9 1.9 27.8 25.7 27.1 30.4 36 32.4 32.3 30.4 32.3 40.1 45.9 48.1 54.5 59 57.4 60.9 55.3 48.7 41.1 38.6 40.1 38 34.2 28.6 27.3 28.6 37 33.8 29.2 23.2 16.6 15.2 14.9 14.4 13.5 12.5 15.8 20.9 24.5 28.1 31.8 36.3 40.5 43.7 42.8 36.9 32.7 30.6 33.8 14.2 32.1 33.4 35.5 33.9 32.9 32.7 29.4 27.8 28.3 29.4 29.1 30 30.6 36 36.6 36.9
-1.9 -1.9 -1.9 -1.9 -1.9 -1.9 -1.9 -1.9 -1.9 -1.9 -1.9 -1.9 -1.9 -1.9 -1.9 -1.9 -1.9 -1.9 -1.9 -1.9 18.4 24.1 24.5 29.1 35.9 39.3 39.4 38.1 42.1 65 67.1 61 69.5 70.9 72.8 76.3 75.4 71.1 55.6 39.9 35.8 37.3 33.9 28.8 25.3 24.4 26.2 30 25.8 20.6 16.6 15.9 15.4 16.8 15.1 13.8 14.1 19.7 23.8 27.5 31 34.4 38.3 40.8 40.4 37.2 33.9 31.3 30.4 16.6 38.6 40.1 39.1 39.2 38.2 36.9 35.8 33.5 33.4 31.6 32.9 34.7 38.5 40.6 38.8 38.9
-1.9 -1.9 -1.9 -1.9 -1.9 -1.9 -1.9 -1.9 -1.9 -1.9 -1.9 -1.9 -1.9 -1.9 -1.9 -1.9 -1.9 -1.9 -1.9 -1.9 -1.9 19.6 21.1 24.3 34.8 43.7 42.3 42.7 55.6 79.1 82.2 83.3 87.8 83.1 87.7 91.6 90.6 81.6 62.8 42.3 32 30.7 29.6 24.7 23.8 22.9 21.3 24.4 23.8 18.2 16.6 16.1 16.2 16.9 15.9 12.5 14.6 16.8 21.3 24.7 28.4 31.9 35 37.9 38.5 36.7 34 28 17.1 19.6 39.2 51.1 53.2 53.5 42.5 46.1 41.4 40.7 39.6 39.4 38.9 42.3 41.7 40.2 40.4 42.7
-1.9 -1.9 -1.9 -1.9 -1.9 -1.9 -1.9 -1.9 -1.9 -1.9 -1.9 -1.9 -1.9 -1.9 -1.9 -1.9 -1.9 -1.9 -1.9 -1.9 -0.2 2.2 19.7 19.6 31.8 44.5 48.9 46.5 61.4 84 94.1 101.3 104.5 102.9 102.6 105.9 104.5 90.3 65.7 42.3 31.1 27.7 24.7 23.8 23 22.6 21.2 20.1 19.8 18 17.1 16.6 17.4 16.9 15.1 13.8 15.4 16.6 18.9 21.9 25.2 28.8 32.2 34.6 35.6 34.2 31 21.9 18.7 22.9 33.6 49.7 54.1 53.5 53.4 55.3 49.7 48.6 47.4 47.4 42.2 42.1 46.6 46.6 45.9 48.8
-1.9 -1.9 -1.9 -1.9 -1.9 -1.9 -1.9 -1.9 -1.9 -1.9 -1.9 -1.9 -1.9 -1.9 -1.9 -1.9 -1.9 -1.9 -1.9 -1.9 -0.8 1.4 13.9 17.1 23.3 34.5 47.3 50.2 58.1 72.9 97.7 109.7 111.4 112.2 115.2 117 112.6 90.8 67.9 43.6 31.4 26.5 24 23.4 22.4 22.8 23.3 21.6 19.1 17.1 17.6 17.1 17 15.5 15.6 16.8 17.4 17 18.6 20.3 23.3 27 29.7 31.9 32.7 27.2 22.8 20 21.6 27.9 33.7 43.3 52.7 54.2 54.5 57 54.6 56.6 55.5 55.3 52.3 51.7 55.3 54.1 51.4 52.1
-1.9 -1.9 -1.9 -1.9 -1.9 -1.9 -1.9 -1.9 -1.9 -1.9 -1.9 -1.9 -1.9 -1.9 -1.9 -1.9 -1.9 -1.9 -1.9 -1.9 -0.2 2 13.3 16.9 21.9 29.8 40.3 49.7 58.7 71.8 105.9 116.2 117.7 118.6 112.7 112.1 103.6 86.4 65.6 44.1 30.8 25.6 23.5 22.3 21.6 21.4 21 20.3 19 18 17.5 17 17.2 17.8 17.4 18.5 18.3 19 19.7 19.9 22.9 26.3 28.5 30.5 30.9 25.1 23.1 21.6 24.9 32.8 37.2 47.7 54.3 56.4 56.7 57.7 55.7 58.2 56.3 56.3 55.8 55.1 54.9 54.3 53.1 54.2
-1.9 -1.9 -1.9 -1.9 -1.9 -1.9 -1.9 -1.9 -1.9 -1.9 -1.9 -1.9 -1.9 -1.9 -1.9 -1.9 -1.9 -1.9 -1.9 -0.8 1 8.4 13.6 18.6 24.6 28.9 38.3 49 55.6 69.4 92.6 109.2 111.6 114 109.2 102.4 94 78.8 58.9 42.8 31 26.1 23.7 22.3 21.2 20.7 19.6 19.5 17.9 17.6 18 17.8 18 18.8 18.7 19.2 19.7 20.1 20.6 21.6 22.4 25.5 27.5 28.8 27.9 23.7 22.9 22.8 27.3 36.4 45.1 51.3 56.3 59.2 60.7 61.6 60.9 58.6 57 56.9 55.5 55.7 54.8 55.8 60.1 60.1
-1.9 -1.9 -1.9 -1.9 -1.9 -1.9 -1.9 -1.9 -1.9 -1.9 -1.9 -1.9 -1.9 -1.9 -1.9 -1.9 -1.9 -1.9 -1.9 -0.1 2 12.4 12.8 16.1 20.7 29.3 36.7 45.4 52 60.2 70.9 80.4 88 93.1 92 84.9 80.4 71.8 60.5 46.8 33.2 26.9 24.2 22.6 21.8 20.4 20.2 19.8 19.5 19.3 19.2 18.5 19 19.7 19.9 20.2 20 20.7 21.5 22 24.1 26.4 28.4 29.4 30.8 27 23.8 24.9 28.9 36.8 43.4 53.6 61.8 64.7 70.6 70.9 73.6 67.4 62.7 59.3 57.8 57.3 58.2 60.1 63 62.5
-1.9 -1.9 -1.9 -1.9 -1.9 -1.9 -1.9 -1.9 -1.9 -1.9 -1.9 -1.9 -1.9 -1.9 -1.9 -1.9 -1.9 -1.9 -1.9 1.3 7.8 10.2 12.8 14.2 16.2 24 31 40.4 54.9 59.1 62.1 65.9 67.3 67.5 71.6 76 75.5 70.4 61.2 48.8 37 29.2 23.7 22.6 22.1 21.4 21 20.3 19.9 19.6 19.5 19.1 19.8 20.7 21.1 21.4 20.7 21.6 22.4 22.8 26 28.5 30.6 30.7 32 30.5 24.4 26.7 27.5 35.8 45.1 57.4 68.7 75.6 77.9 78 74.1 72 69.5 64.3 61.3 61.2 62.5 62.7 65.2 66.8
-1.9 -1.9 -1.9 -1.9 -1.9 -1.9 -1.9 -1.9 -1.9 -1.9 -1.9 -1.9 -1.9 -1.9 -1.9 -1.9 -1.9 -1.9 -0.1 3.4 11.2 12.5 12.8 13.7 14.9 18.3 22.8 29 44 50.6 54 55.6 55 52.1 53.2 62.1 71.4 71.3 60.5 48.8 37.6 29.4 24.9 22.2 22.6 22.1 21.4 20.8 20.4 20 19.8 19.4 20.6 21.4 21.5 21.4 21.7 22 23.2 23.9 26.9 29.8 32.5 32.7 33.8 32.2 25.2 26.9 28.7 33.1 44.8 64.3 77.9 81.7 84.4 84.1 78.5 75.9 71.5 69.8 68.4 64.9 66.3 67.6 68.1 67.9
-1.9 -1.9 -1.9 -1.9 -1.9 -1.9 -1.9 -1.9 -1.9 -1.9 -1.9 -1.9 -1.9 -1.9 -1.9 -1.9 -1.9 -1.9 1.2 9.3 12.6 13.6 13.8 14.1 14.9 18.7 19.5 23 30.2 40.3 44.7 42.6 42.8 39.8 40 45.7 52.5 61.7 57 47.8 38 29.8 25.9 24.2 23.1 22.6 21.9 21.3 20.9 20.5 20.1 20.5 21.7 22.2 22.3 22.7 22.6 23.2 24 24.9 27.1 30.8 34.1 36.3 38.2 32.5 28.3 27.5 31.6 37 47.9 71 79.5 84.2 88.1 87.4 84.4 79.7 75.9 71.2 69 68.4 67.8 68.5 67.6 67.2
-1.9 -1.9 -1.9 -1.9 -1.9 -1.9 -1.9 -1.9 -1.9 -1.9 -1.9 -1.9 -1.9 -1.9 -1.9 -1.9 -1.9 -1.9 2.5 12.2 13.6 17.3 18 17.3 17.7 19.2 22.9 24.3 23.8 28 33.5 31.6 32 31.3 31.9 37.8 42.6 47.9 50.4 43.3 31 28.7 27.2 25.3 24.3 23.5 22.7 21.8 21.4 21.3 20.8 21.7 22.4 22.6 23.5 23.2 24 24.6 25.2 26.2 29.1 33.1 38.6 41.2 39.5 31.2 30.1 27.5 35.3 41.4 55 73.3 77.4 83.8 91.3 93.3 91.9 86.5 78.1 73.2 71.7 69.7 68.2 67.7 66.6 65.8
-1.9 -1.9 -1.9 -1.9 -1.9 -1.9 -1.9 -1.9 -1.9 -1.9 -1.9 -1.9 -1.9 -1.9 -1.9 -1.9 -1.9 1.4 12.9 15.5 17.3 22.4 26.8 27 28.9 28.5 27.5 30 30.1 27.4 28.4 27.8 29.3 29.8 30.7 32.4 38.5 44.3 46.2 34.5 29.9 27.4 28 27 25.3 24.4 23.7 22.9 22.8 22.5 22.7 22.7 23 22.9 23.4 24.4 25.1 25.7 26.4 30.3 32 39.6 44.5 44.8 40.4 39.3 31.4 28.7 36.5 46.9 53.1 80.3 81.7 85.4 93.9 96.6 97.5 91.5 81.8 73 71.6 69.9 69.3 67.5 66.1 63.2
-1.9 -1.9 -1.9 -1.9 -1.9 -1.9 -1.9 -1.9 -1.9 -1.9 -1.9 -1.9 -1.9 -1.9 -1.9 -1.9 0.7 8.5 22.7 31 33.5 32.2 36.8 43.4 51.2 48.7 43.9 44.7 42.9 37.1 32.8 30.3 30.8 31 30.7 30.7 31.6 32.4 34.1 31.7 30.3 29 28.5 28.1 26.8 25.4 24.7 24.7 24.8 23.8 24.7 25.6 25.3 24.8 24.4 24.9 25.4 26.3 29.4 34.6 39.8 45.6 50.9 49.1 48.5 50.8 32.3 31.7 42.3 48.3 55 79 82.8 87.9 95.6 98.6 98.8 95 85.6 75.9 71.9 70 68.4 64.8 63.9 63.3
-1.9 -1.9 -1.9 -1.9 -1.9 -1.9 -1.9 -1.9 -1.9 -1.9 -1.9 -1.9 -1.9 -1.9 -1.9 1.2 6 19.1 27.3 31.8 39.7 42.9 55 59 57.4 50.7 56.7 64.8 56.5 46.5 43.9 37.3 34.3 35.5 34.7 32.9 32 35.1 33.3 30.9 30.8 29.9 28.8 30 32.4 33.4 29.4 27.1 26.5 27.3 28.3 29 29.4 29.2 28.5 28.7 27.8 28.8 34 37.8 45.6 53.6 57.7 57.5 52.4 54.9 33.8 37 47.8 52.1 56.6 78.1 85.6 91.3 96.5 100.3 100.7 97.4 88.6 77.6 71.2 68.5 65.3 64.5 64 63.4
-1.9 -1.9 -1.9 -1.9 -1.9 -1.9 -1.9 -1.9 -1.9 -1.9 -1.9 -1.9 -1.9 -1.9 8.8 10.5 21.4 29.3 35.9 44.7 52.8 72.4 73.5 74 69.9 69.1 78.6 77.8 66 57.2 49.4 46.6 46.2 42.6 40.7 36.6 39.3 40.5 35.6 34.1 36.5 34.4 36.9 38.8 38.9 38.5 35.9 35 32.5 31 30.5 31.5 33.9 34.5 35.4 34.1 33 34.6 38.4 41.9 51.6 61.5 64.5 59.1 54.5 53.6 40.1 38.9 50.8 56.1 68.8 79.8 85.5 96.2 100.3 102.1 102 99.1 91.7 79.9 69.1 66.1 65.1 64.7 64.3 63.8
-1.9 -1.9 -1.9 -1.9 -1.9 -1.9 -1.9 -1.9 -1.9 -1.9 -1.9 -1.9 0.8 10.5 22.3 31.1 39.5 47.3 53.2 60.4 79.3 104 128.1 131.6 133.2 125.8 111.7 97.1 79.8 68.4 54.8 55.2 54.1 53.8 50 46.5 43.2 40.2 40.2 43.5 44.1 43.7 46.2 45.8 47.1 44.8 47.3 47.1 43 38.4 35.8 35.4 38.4 41.7 41.6 40 39.7 40.2 42.3 46.6 55.9 62.1 62.6 59.2 56.4 50.7 42.6 35.5 52 62.5 69.2 77 85.5 95.2 102.5 105.8 103.6 99.7 93.8 80.9 69.2 66.3 65.3 64.9 64.5 64.1
-1.9 -1.9 -1.9 -1.9 -1.9 -1.9 -1.9 -1.9 -1.9 -1.9 -1.9 -1.9 12.4 19.6 25.8 46.3 54.1 69.6 74.1 79 92.5 122.9 125.3 130.6 132.4 130.4 128.3 121.1 96.8 75.1 59.6 61.5 64.3 59.2 63.7 59.5 54.1 54.1 53.9 55.5 51.7 49 55 55.6 52 49.4 58.8 66.9 58.6 48.7 43.5 45.5 49.2 48.8 49.4 49.4 49.3 49.2 49.3 53.7 60.2 70.6 68.7 61 58.4 53.6 54.6 36.4 51.6 60.4 71.5 77.3 86.3 87.6 100.1 107.7 107.3 103.5 97.4 87.6 70.1 67.5 65.7 65.1 64.7 64.3
-1.9 -1.9 -1.9 -1.9 -1.9 -1.9 -1.9 -1.9 -1.9 -1.9 -1.9 8.2 16.6 29.5 45.5 46.7 62.2 91 104.5 103 99.4 110.6 124 127.4 128.6 130 130.8 125.2 119.5 94.4 71.8 69.4 71.4 72.5 75.8 69.3 67.7 70.1 70.6 61.6 59.9 66.2 64.4 67.7 60.6 54.1 68 70.1 67.6 63.2 55.5 55.3 60.6 61.9 63.2 58.9 56.7 56.5 61.8 68.2 70.4 75.6 76.7 66.3 61 59.6 56.6 37.7 51.6 62.1 72.4 77.7 85 88.9 96.9 107.7 110.4 106.5 100 91.3 76.6 68.3 66.5 65.6 65 64.6
-1.9 -1.9 -1.9 -1.9 -1.9 -1.9 -1.9 -1.9 -1.9 -1.9 -1.9 12.7 31.4 45.4 52.3 89.5 102.9 104.2 107 109.7 105.4 104.4 117.8 124.5 126.6 127 130.3 125.7 120.9 111.7 88.5 76 79.4 87.7 84.5 87.7 84.6 80.4 78 75.1 77.7 88.3 79.8 73.7 81.6 76.1 73.1 78.7 80.1 73.5 74.3 76.3 82.2 84.8 76.8 81.1 78.4 87.8 80.7 78.9 78.1 83.9 82.7 73.4 66.8 62.5 57.6 40.8 55.2 66.3 73.2 78.3 83.3 86.9 95.8 106.5 110.9 108.1 102.5 93.5 82.1 70.8 67.3 66.4 65.5 64.9
-1.9 -1.9 -1.9 -1.9 -1.9 -1.9 -1.9 -1.9 -1.9 -1.9 1.8 22.5 41.7 61 102.1 104.3 106.1 108.9 109.8 111.2 108.7 105.8 107.4 119.8 123.3 124.8 126.9 124.5 119 118.2 105.8 85.8 82 86.9 92.1 91.7 89.1 88.1 92 91.7 94.5 87.3 84.8 87.7 86.1 84.7 83 82.3 79.2 78.2 78.4 81.1 87.6 89.4 93 95.2 95.3 91.3 85.6 83.1 83.1 79.7 77.2 72.4 69.1 65.2 59.6 40.1 60.7 69.8 76.6 79.7 83.6 86 96.3 106.6 112.4 109 103.7 94.7 84 73.2 68.3 67.3 66.4 65.6
-1.9 -1.9 -1.9 -1.9 -1.9 -1.9 -1.9 -1.9 -1.9 -1.9 2.3 22.5 56.2 94.4 100.3 105.4 106.4 107.1 108.5 109.6 109.7 107.8 107.5 107.1 115.7 121.4 122.2 122.9 120.1 117.6 116.1 96.9 90.2 101.9 124.2 123.4 123 118.4 109.8 104.8 95.9 84.9 83.7 83.4 82.7 82.8 81.5 81.1 80.5 79.8 78.9 79.1 84.2 88.1 92.5 95.6 94.5 90.7 88.5 83.3 81.3 82 82.7 77.3 72.3 68 63.1 41.1 60.6 75 80.5 81.8 84.3 86.9 96.6 106.2 109.5 108.1 104.7 94 81.2 73 69.4 67.6 67 66.4
-1.9 -1.9 -1.9 -1.9 -1.9 -1.9 -1.9 -1.9 -1.9 -1.9 2.6 26.2 61.6 91.9 98.7 104.3 105.2 105 105.9 106.3 107.5 106.4 106.1 105.7 104.9 112.3 116.8 121.4 119.9 119.1 119.6 114.1 102.2 120.3 124.1 124.7 118.4 112 108.2 104.4 98.2 86.7 83.5 83.2 85.6 84.3 82.6 81.8 80.9 79.9 79.3 78.9 80.4 85.2 88.6 90 91.4 91.4 89.6 83.9 83.4 84.7 83.6 78 72.3 66.9 57.6 44.8 60.6 74.5 79.7 81.2 82.4 86.5 93.9 103.2 107.5 108.3 105.2 95 83 73.8 69.8 67.7 66.2 65.2
-1.9 -1.9 -1.9 -1.9 -1.9 -1.9 -1.9 -1.9 -1.9 -1.9 3.7 22.8 52.1 91.4 96.5 99.8 101.9 105 104.9 105.9 106.4 105.4 104.2 104.7 102.6 103.5 112.5 117.2 118.2 117.7 119 116.9 108.7 106.3 111.6 117.9 110.6 102.9 101 95.9 89.1 84.8 84 83.7 84.9 84.5 84.1 82.5 81.8 81 80.3 80.7 80.5 82.7 84.1 85.4 88.2 85.2 81.5 82.5 85.2 85.8 84.3 76.4 66.9 54.8 45.9 49.1 61.6 70.3 75.2 77.6 78.4 84.3 93.4 102.5 108.2 109.5 105.1 96.4 85.3 74.1 70.4 68.4 67 66.4
-1.9 -1.9 -1.9 -1.9 -1.9 -1.9 -1.9 -1.9 -1.9 1.3 10.1 17.6 33.2 68.1 91.8 97.9 100.8 102.6 103.7 104.9 104.9 104.4 102.2 101.6 101.7 101.8 104.5 112 114.3 114.4 116.8 117.8 113.4 106.6 104.9 111.8 106.1 98.7 98.9 88.3 85 84.1 83.6 83.5 84.7 85.6 83.7 84.5 83 82.2 82.2 81.5 81.4 82.7 81.9 84 87.3 82.5 79.2 78.1 78.5 79.3 79.1 72.9 62.3 52.7 52.3 58.5 63.2 68 71 72.7 75.4 81.5 90.8 101.3 108.8 111.5 106.5 98.7 87.7 75.8 71.5 68.7 66.5 67.3
-1.9 -1.9 -1.9 -1.9 -1.9 -1.9 -1.9 -1.9 2 10.2 20.9 29.8 30.8 43.2 76.4 98.3 99.2 100 100.3 101.4 102.2 101.1 100.2 98.6 100.2 100.5 98.1 102.4 108.7 112.6 115.9 119.9 117.5 111.3 104.5 102.2 98.2 93.7 91.5 86.6 84.7 84 83.5 83.1 82.9 82.2 81.5 81.7 82.8 83.5 82.7 81.4 81.8 82 81.2 83.1 86 83 78.9 75.1 75.7 75.9 74 68 62 51.4 49.6 62.8 62.6 63.3 67 69.1 72.9 79.8 89.8 100 106.9 110.4 109.3 101.6 86.7 75.5 70.9 68 69.1 70.9
-1.9 -1.9 -1.9 -1.9 -1.9 -1.9 1.8 7.1 15.3 23.5 27.3 34.9 33.5 37.1 54 91 98.3 99.7 97.6 95.8 98.5 98.9 100.1 97.1 95.3 98.5 97.4 97 101.6 109.6 116.7 121.6 121.1 118.7 113.1 99.8 94.1 91.7 89 86.7 85 84 83.5 83 82.7 82 81.3 80.5 80.9 81.5 82 81.4 81.2 80.8 81.3 83.2 84 80.8 76.8 68.8 69.2 66.3 62.1 62.8 62.4 52.2 51.6 62.4 66 69 67.6 71.7 74.6 80.1 85.4 95.4 102 106.3 107.3 101 87.1 74.7 70.2 70.6 71.3 72.3
-1.9 -1.9 -1.9 -1.9 -1.9 2 12.4 15.1 26.3 34.1 30.3 42.8 41 38.1 47.6 73.8 96.8 97.5 93 90.1 91.1 91.7 91.6 91.6 90.7 94.6 98.3 94.2 96.7 104.5 114.5 116.7 116.1 116.1 113.5 101.2 94.6 90.6 88.9 87.8 85.3 84.1 83.6 83.1 82.4 81.5 81.4 80.8 80 79.5 80.2 81.9 80.9 80.7 83.8 84.4 83.8 80 70.7 65.2 59.7 56.9 54.8 54.1 54.3 51.1 54 63.7 66.2 71.6 71.1 74.3 79.3 84.4 87.1 88.6 92.8 96.8 96.1 91.7 83.4 73.9 73.4 75.2 74.1 75
-1.9 -1.9 0.3 1.6 2.5 10.2 20.4 29.6 34.6 36.8 40.1 44.9 48.4 51.6 51.2 64.6 86.9 86.2 86.5 87.1 87.7 87.4 87.8 88.1 88.1 88.2 93.5 93.7 94.4 97.7 107 110.7 110.8 112.4 113.3 103 93.1 90.6 88.7 87.5 86.1 84.1 83.3 82.8 81.8 81 80.6 80.5 79.7 79.1 79.2 79.5 79.9 81.7 83.5 81.4 77 78.9 66.9 58.9 57.2 60.8 59.8 55 52.6 53.9 56.6 65.7 71.2 73.2 72.5 75.9 80.8 84.6 84.2 85 86.3 85.7 84.5 81.5 76 75.6 78.1 79.1 77.3 77.2
0.7 2.3 12.4 22.1 21.3 23.6 23.6 39 39.9 41.8 55.4 66.8 66.3 60.9 69.2 63 76.9 84.4 85.5 85.7 85.8 86.5 86.9 86.3 86 85.8 87.7 91.1 93.1 96.2 99.1 105.6 106.8 109.2 111.1 106.5 91.6 89.5 88.3 87.5 86.7 84.6 83.3 82.4 81.7 81.1 81 80.4 80.4 79.8 78.7 79 80 81.5 76.2 64.2 63.2 60.9 64.3 65 64.4 66.2 64.9 60.4 60.4 61.7 62.4 65.5 75.4 76 76.3 76 79.8 82.1 83.3 84.1 84.2 82.1 80.4 77.7 76.6 79.2 81 80.3 77.9 79.8
9.8 16.2 29.1 26.9 24.2 30.7 45.8 40.3 41.6 62 84.2 95.2 94.2 81.9 83.5 80.2 73.8 79.5 84.7 84.9 84.6 85.8 85.6 85.1 84.9 85 85.2 87.8 93.1 96.1 98.7 100.8 104 107.4 109.7 103.3 93.3 88.8 87.5 87.2 85.8 85.2 84 83.2 82.5 81.6 81.5 81.4 80.6 79.7 78.2 78.8 78.4 71.5 65.4 79.8 80.1 79.6 79 75 69.6 74.5 75.1 70.4 70.2 73.2 71.6 64.3 74.7 78.6 79.3 80 80.6 82.8 83.9 83.9 83.3 82.6 81 81.2 81.4 82.9 83.2 81.8 81.5 81.7
14.1 19.5 20.4 22.4 29.2 44.8 45.5 36.9 56.3 86.8 97 100.9 99.3 102.5 97.8 83.5 74.6 77.2 81.6 82.6 83.9 84.7 84.1 83.5 84 84.3 84.5 86.8 90.9 95.3 97.1 97.7 98.6 103.4 106.7 101.6 93.9 89.3 87.8 86.6 85.3 85.4 84.9 84.1 83 82.6 82.2 81.6 80.6 78.6 75.1 70.2 67.2 72.4 80.8 82.6 81.8 80.6 78.5 72 76.8 77.9 78.9 78.5 79.9 81 75 70.4 74.9 80.8 83.4 83.5 83.9 85.5 86 85.5 85.4 83.4 84.3 83.3 84.7 84.8 84.3 84.6 84.6 84.4
21.2 21.2 19.7 24 35.6 43.6 49.6 61.4 84.5 95 99.4 103.4 110.2 114 111.7 92.6 78.4 78.1 79.3 82 82.7 82.9 82.6 82.3 83 83.6 85.8 88.9 90.7 91.4 93.9 95.6 97 101 103.4 96.7 90.2 87.6 86.1 85.3 84.7 85.4 84.8 84.1 83.4 83 82.5 81.8 80.8 78.5 70.1 72.3 79 81.2 82.9 84 82.9 81.5 79.3 76.3 79.9 80.8 81.4 81.9 82.2 83.1 80.3 72.5 80.7 83.5 84.2 85.5 86.4 87.4 86.9 87.2 86.6 85.8 85.7 85.4 85 85.7 85.3 86.3 86.7 86.3
28.3 24.8 26.3 35.3 39.9 51.8 68.1 82.2 92.2 96.4 105 108.9 111.9 113.7 111.1 101.3 84.6 80.9 79.5 80.7 81.8 81.7 81.8 82 83.3 84.2 87.1 91 92.8 91.8 91.9 94.5 98 99.5 100.8 94.6 87.5 86.2 85.4 84.5 84.1 84.5 84.6 84.3 83.7 83.3 82.8 81.9 81.2 78.1 72 79.5 81.3 82.5 83.8 84.2 84.1 83 82.5 80.8 82 83.2 83.8 84.3 84.3 84.4 84 80.5 83.6 84.9 86.7 87.6 88.7 89.6 89.2 88.5 87.4 87.4 87.6 87.7 88.1 88.8 88.5 88.5 88.1 87.8
28.7 30.3 35 40.5 45.1 48.5 56.1 77.4 93.2 108.8 110.5 110.8 112.6 114.3 115.7 113.7 94.1 83.7 81.4 80.6 80.4 82 83 83.6 84.3 85.3 88.8 90.3 90.8 90.9 91.2 94.6 98.1 99.7 98.8 88.4 86.6 85.1 84.2 83.5 83.5 83.6 83.7 83.8 83.8 83.4 83 82.3 81.1 76.8 74 80.7 82.9 83.6 83.8 85.2 85.1 84.3 83.3 83 83.5 84.4 85.2 85.2 85.4 86.3 85.6 81.1 85.6 87.1 88.2 89.6 90.8 91.4 91.7 90.4 90.3 90.3 91 90.8 90.9 91 90.3 90.3 90.5 90.1
