Assets/StreamingAssets/GeoData/Data/ng/NG50.asc
ncols 200
nrows 200
xllcorner 150000
yllcorner 800000
cellsize 50
[rows 148 to 184 of 200, columns 84 to 167 of 200]
-1.8 -1.8 -1.8 -1.8 -1.8 -1.8 -1.8 -1.8 -1.8 -1.8 -1.8 -1.8 -1.8 -1.8 -1.8 -1.8 -1.8 -1.8 -1.8 -1.8 -1.8 5.4 10 17.8 15.9 27.9 36.4 35.3 38.5 43 46.1 43.1 44 49.3 54 56 64 68.9 76.5 80.4 76.5 78.3 93.5 106.5 108.8 107.2 113.7 128 131.1 132.6 152.6 153.8 149.5 146.1 145.4 138.7 132.7 131.6 136.9 154.2 153 152.1 151.7 156.4 160.9 161.4 165.6 177.8 181.7 180.9 179.1 179.3 168.4 163.9 158.4 156.2 156.8 156.8 159.4 172 173.3 184.4 202.1 198.3
-1.8 -1.8 -1.8 -1.8 -1.8 -1.8 -1.8 -1.8 -1.8 -1.8 -1.8 -1.8 -1.8 -1.8 -1.8 -1.8 -1.8 -1.8 -1.8 -1.8 2.5 4.8 11.2 19.9 23.9 25.5 32.1 36.2 36.6 41 44.3 45.8 45.7 46.6 48.3 57.2 63.6 63.5 72.8 73.8 70.7 72.6 93.9 103.5 105.1 107.1 108.9 116.7 119.7 125.9 145.9 154 158 153.3 155 140.1 138.5 134.5 132.5 147.2 151.1 150.3 146.3 148.2 158.4 170.6 177.5 189.6 201.2 197.3 179.9 175.4 169.8 163.4 159.5 156.4 158.9 161.2 164.4 176.9 181.8 183.9 192.7 198.8
-1.8 -1.8 -1.8 -1.8 -1.8 -1.8 -1.8 -1.8 -1.8 -1.8 -1.8 -1.8 -1.8 -1.8 -1.8 -1.8 -1.8 -1.8 -1.8 -1.8 2.5 6.4 13.9 22.8 25.4 24.9 25 27.9 32 37.4 43.8 47.7 47.6 47.7 47.5 47.9 51.8 53.8 53.3 60.2 63.6 70.2 83.7 101 102.2 104.8 106.4 119.1 121.7 113.9 120.7 135.2 149 152.2 149.7 140.6 147.4 149.5 144.9 139.8 147.4 146.7 144.1 146.6 155 171.4 179.5 194.9 205.3 199.7 187.9 178.4 171.1 167.5 158.6 158 161.3 168.5 171.1 182.2 189.3 195.8 191.6 200.2
-1.8 -1.8 -1.8 -1.8 -1.8 -1.8 -1.8 -1.8 -1.8 -1.8 -1.8 -1.8 -1.8 -1.8 -1.8 -1.8 -1.8 -1.8 -1.8 -1.8 5.3 3.3 18.9 24 31 21 21.7 32.4 38.3 42.2 47.1 47.8 48.1 47.1 48.1 48.8 45.9 51.6 64.2 63.5 66.3 64.6 70.8 78.2 91 95.5 100.3 104.1 113.2 110.3 114.1 114.9 125 133.1 133.1 137.1 150.8 148.1 142.1 138.3 140.8 144.4 142.8 144 154.8 163.8 174 186.6 197.5 193.9 188.8 179.1 172.2 166.1 159.4 158.9 168.9 179.2 182.1 183.8 191.1 200.2 199.9 204
-1.8 -1.8 -1.8 -1.8 -1.8 -1.8 -1.8 -1.8 -1.8 -1.8 -1.8 -1.8 -1.8 -1.8 -1.8 -1.8 -1.8 -1.8 -1.8 -1.8 -1.8 1.7 2.4 9.5 22.3 17.1 21.2 28.4 37.2 40 47.6 47.4 47 48.3 52.2 48.7 52.7 57.6 64 76.1 81.2 85 81.6 92.9 102.8 105.9 110.3 108 109.7 109.8 110.6 112.1 113.2 115.6 120.7 128.8 143.6 144.2 140.7 141.7 140.7 141.9 140.9 143.3 152.8 163 166.5 172.5 186.3 181.9 183.6 179.2 174.8 171.5 162.6 168.7 182.6 195.1 189.7 190.9 194.4 200.2 198.9 198.4
-1.8 -1.8 -1.8 -1.8 -1.8 -1.8 -1.8 -1.8 -1.8 -1.8 -1.8 -1.8 -1.8 -1.8 -1.8 -1.8 -1.8 -1.8 -1.8 -1.8 -1.8 -1.8 0.7 1.9 4.5 10.8 14.2 23 32 35.2 39.9 44.1 48.9 49.5 50.6 44.2 56.3 68.5 73.6 79.4 87.6 90.7 88.4 88.3 106.7 113.3 120.4 115.5 117 116.8 116.4 125.5 134.8 130 131.7 150.6 157.4 154.8 145.6 142.1 141.7 141.7 143.4 140.3 143.8 157.3 170.3 167.6 165.9 165.7 169 175 175.3 173.3 173.2 179.5 192.5 190.3 188.6 188.3 190.8 195.8 202.7 195.9
-1.8 -1.8 -1.8 -1.8 -1.8 -1.8 -1.8 -1.8 -1.8 -1.8 -1.8 -1.8 -1.8 -1.8 -1.8 -1.8 -1.8 -1.8 -1.8 -1.8 -1.8 -1.8 -1.8 -0.2 1.7 5.5 11.8 18.7 26 28.2 35.6 41.4 47.2 45.4 41.7 47 58.2 72.4 80.8 90.7 92.3 91.7 92.4 90.8 98.6 111.8 115.9 121.1 121.4 126.5 126.6 134.7 143.9 147.6 143.8 157.2 157.9 158.2 154.2 148.3 145.5 143.9 140.4 140.3 143.9 164.1 177 178.5 162 165.6 182.1 181.6 178.5 184.5 186.5 190 191.6 188.9 187.3 187.1 186.6 186.9 190.3 196
-1.8 -1.8 -1.8 -1.8 -1.8 -1.8 -1.8 -1.8 -1.8 -1.8 -1.8 -1.8 -1.8 -1.8 -1.8 -1.8 -1.8 -1.8 -1.8 -1.8 -1.8 -1.8 -1.8 -1.8 -1.8 2.6 8.9 16.2 21.2 27.6 36.3 40.8 44.3 41.9 39.6 54.8 59.7 75.1 83.4 94.1 95 96.6 94.1 93.5 93.8 110.2 110.4 119.5 124.4 127.9 134.6 138.3 142.3 147.5 148.4 159.1 163.1 164.7 160.3 161.8 145.7 144 142.8 140.3 141.9 162.3 177.7 167.9 159.5 168.3 183.6 182.6 182 190.9 196.5 200.4 201.2 196.3 186.9 185.7 185.2 185.8 188.5 193.1
-1.8 -1.8 -1.8 -1.8 -1.8 -1.8 -1.8 -1.8 -1.8 -1.8 -1.8 -1.8 -1.8 -1.8 -1.8 -1.8 -1.8 -1.8 -1.8 -1.8 -1.8 -1.8 -1.8 -1.8 -1.8 3.2 11.3 15.3 23.4 29 35.1 38.5 42.6 37.6 44.1 49 61 73 84.6 85.6 93 94.7 95.2 95.9 99.5 102.1 109 116.7 124.4 123.5 133.9 136.6 136.9 144 146.5 149.7 166 169.5 172.7 170.7 163.3 145.7 144.2 140.5 143.2 145.5 163 156.2 152.8 168.6 183.6 185.1 189 202.8 208.7 209.3 195.6 194.1 186.3 185 186.3 192.2 193.6 196.4
-1.8 -1.8 -1.8 -1.8 -1.8 -1.8 -1.8 -1.8 -1.8 -1.8 -1.8 -1.8 -1.8 -1.8 -1.8 -1.8 -1.8 -1.8 -1.8 -1.8 -1.8 -1.8 -1.8 -1.8 0.5 4.4 9.4 14.4 20.2 29.9 34 37.6 39 40.2 50.6 60.2 70.5 70.2 75.4 79.1 81.6 87.1 97.8 99.4 108 98.6 114.8 113.4 114.4 119.7 119.4 126.4 133.4 138.4 150.4 154.4 166.6 175.2 177.5 170.1 168.8 160.1 145.9 145.9 146.4 148.5 148.2 146.2 147.5 162.8 181.4 179.2 194.1 214.4 217.4 211.3 198.4 191 185.6 187.6 183.8 192 195.3 195.7
-1.8 -1.8 -1.8 -1.8 -1.8 -1.8 -1.8 -1.8 -1.8 -1.8 -1.8 -1.8 -1.8 -1.8 -1.8 -1.8 -1.8 -1.8 -1.8 -1.8 -1.8 -1.8 -1.8 -1.8 0.8 7.3 7.8 14.8 19.7 31.1 34 37 33.8 40.8 48.7 60.8 65.2 72.1 76.9 80.2 80.5 82.7 90.9 100.7 112.6 106.2 101.6 112.5 107.8 110.6 109.9 120.1 134.8 137.3 152.4 155.6 164 173.6 176.6 167.9 167.5 155 146.2 151.2 156 154.3 144.8 138.2 137.7 145.6 163.1 174.6 194.5 214.4 213.4 211.3 206.5 195.7 190.6 188.7 192.8 182.5 185.5 193
-1.8 -1.8 -1.8 -1.8 -1.8 -1.8 -1.8 -1.8 -1.8 -1.8 -1.8 -1.8 -1.8 -1.8 -1.8 -1.8 -1.8 -1.8 -1.8 -1.8 -1.8 -1.8 -1.8 -1.8 0.1 1.8 5.8 17.6 22.5 27.6 38 38 31.9 45.5 47.8 52.8 58.4 61.8 72.2 81.2 82.5 88.2 93.6 98.3 101.1 102.3 96.7 104.4 101.5 103.9 105.7 117.3 132.1 141.2 156 164.4 159.4 171.4 173.4 166.3 160.5 152.8 144.6 155.6 169.8 164.2 145.4 134.4 129 130.7 150.1 171.7 188.9 209.9 206.7 215.2 212.4 201.9 198.4 189.1 190.1 183.9 182 188.3
-1.8 -1.8 -1.8 -1.8 -1.8 -1.8 -1.8 -1.8 -1.8 -1.8 -1.8 -1.8 -1.8 -1.8 -1.8 -1.8 -1.8 -1.8 -1.8 -1.8 -1.8 -1.8 -1.8 -1.8 -1.8 1 3.4 16.1 23.1 24.7 27.7 28.8 30.1 46.7 50.2 58 63.5 67.5 74.4 78.3 81.8 84.7 91.4 95.5 101 99 93.6 91 100.4 100.1 105.8 117.2 131.3 148.3 157.8 170.8 162 170.7 168.1 164 154.9 147.4 142 148.1 170.8 162.3 150.8 134.8 126 128.3 133.6 148.8 173.5 202.7 203.7 204 204.6 204.2 203.6 194.5 187.2 182 180.5 185.7
-1.8 -1.8 -1.8 -1.8 -1.8 -1.8 -1.8 -1.8 -1.8 -1.8 -1.8 -1.8 -1.8 -1.8 -1.8 -1.8 -1.8 -1.8 -1.8 -1.8 -1.8 -1.8 -1.8 -1.8 -1.8 -1.8 2.4 16.5 21.3 23.6 23.6 24.6 30.7 51.5 55.7 60.8 69.6 73.8 81.1 82 84.6 91.8 93.3 93.9 99.1 101.6 98.3 88.8 100 102.1 106.5 120.3 132 149.3 158.8 176.9 169.9 167.8 164.6 155.4 147.6 146.1 140 139.6 150.8 157.3 148.9 133.9 123.8 127.2 131.1 138.6 150 172 187.1 197.7 195.4 198.6 205.9 193.9 183.3 179.1 177.4 183.4
-1.8 -1.8 -1.8 -1.8 -1.8 -1.8 -1.8 -1.8 -1.8 -1.8 -1.8 -1.8 -1.8 -1.8 -1.8 -1.8 -1.8 -1.8 -1.8 -1.8 -1.8 -1.8 -1.8 -1.8 -1.8 -1.8 0.7 4 17 22 22 23.2 38.6 55.8 61.3 64.8 72.3 76.8 78.3 81.3 84.7 86.4 90.7 93.8 98.2 99.4 96.7 87.7 101.3 111.6 113.8 118 120.3 143.7 154.8 165.4 163.3 153 148.1 146.4 142.7 137.8 135.9 135.7 139.3 143.8 135.9 128.7 118.1 119.3 126.7 134.2 144 158.5 173.5 182.1 186.6 188.8 195.2 192.5 179.9 174.4 174.6 182.9
-1.8 -1.8 -1.8 -1.8 -1.8 -1.8 -1.8 -1.8 -1.8 -1.8 -1.8 -1.8 -1.8 -1.8 -1.8 -1.8 -1.8 -1.8 -1.8 -1.8 -1.8 -1.8 -1.8 -1.8 -1.8 -1.8 -1.8 0.5 2.5 15.9 22.3 29.2 40.3 53.7 60 62.7 71.3 75.2 77.4 77.2 77.2 80.9 91 94.5 93.4 97.9 98 88.3 88.2 113.9 116.4 120.3 121 131.6 145.9 150.7 149 141.5 140.6 134.9 134.9 132.5 134 133.4 135 134.9 126.8 116.8 114.1 114.7 119.1 130.8 143.3 149.9 163.3 176.8 185.4 184.3 187.4 189.8 180.2 171.7 175 187.4
-1.8 -1.8 -1.8 -1.8 -1.8 -1.8 -1.8 -1.8 -1.8 -1.8 -1.8 -1.8 -1.8 -1.8 -1.8 -1.8 -1.8 -1.8 -1.8 -1.8 -1.8 -1.8 -1.8 -1.8 -1.8 -1.8 -1.8 -1.8 2.1 4.5 16.3 27.4 48.7 58.6 66.8 67.5 72.3 77.6 75.7 75.1 77.3 81.8 88.3 87.2 91.4 94.9 92 85.9 87.3 101.6 110.3 112.1 117.2 132.9 140 141.6 140.7 137.3 133 132.1 131.1 129.7 132.9 128.9 135.2 136.7 129.9 117.6 112.9 112.7 112.5 125.4 142.3 143.5 161.7 178.5 182.3 182 178.4 189 179.5 172.6 169 180.6
-1.8 -1.8 -1.8 -1.8 -1.8 -1.8 -1.8 -1.8 -1.8 -1.8 -1.8 -1.8 -1.8 -1.8 -1.8 -1.8 -1.8 -1.8 -1.8 -1.8 -1.8 -1.8 -1.8 -1.8 -1.8 -1.8 -1.8 -1.8 2.2 12.2 19.2 30.7 45 54.1 59.9 65 65.1 69 70.5 69.9 74.3 81.5 76.5 75.6 84.3 86.2 85.5 84.3 85.9 93.7 107.1 116.3 127.7 135.8 140.5 140.9 141.3 143 133.4 133.8 133.4 129.7 127 126.2 125.3 126.8 120.7 115.6 108.7 108 108 119.4 132.4 137.3 144.9 168 173.2 174.3 170.9 176.4 176.7 165.6 167.9 177.7
-1.8 -1.8 -1.8 -1.8 -1.8 -1.8 -1.8 -1.8 -1.8 -1.8 -1.8 -1.8 -1.8 -1.8 -1.8 -1.8 -1.8 -1.8 -1.8 -1.8 -1.8 -1.8 -1.8 -1.8 -1.8 -1.8 -1.8 -1.8 2.5 6 16.6 28 41.5 45.4 51.2 49.2 52.8 59.9 67.2 69.9 77.2 76.3 66.4 66.9 69.1 83.6 90.9 86.1 87.5 93.7 109.8 115.6 127.5 142.9 144.5 140.8 140.5 140.8 134.3 132 129.7 129.4 127.8 125.3 123.4 123.6 116.9 116.2 108 108 108 113.9 127.7 132.4 153.7 174 176.1 173.7 174.7 174.7 173.6 164.7 170.6 180.3
-1.8 -1.8 -1.8 -1.8 -1.8 -1.8 -1.8 -1.8 -1.8 -1.8 -1.8 -1.8 -1.8 -1.8 -1.8 -1.8 -1.8 -1.8 -1.8 -1.8 -1.8 -1.8 -1.8 -1.8 -1.8 -1.8 -1.8 -1.8 3.6 5.6 19.3 21.6 39.8 44.8 53.1 43.1 39.5 45.4 52.4 62.2 65.4 60.5 56.4 54.8 68.6 78 83.4 80.8 95.4 96.8 97.3 117.5 130.8 141.6 138.8 137.5 139 134.6 131.1 125.4 127.8 130.8 130.9 126 122.1 125.1 116.4 111.1 110.3 108 108 119.9 125.2 129.2 143.4 164.2 169.5 170.6 178.9 182.1 170 162.7 169.1 180.1
-1.8 -1.8 -1.8 -1.8 -1.8 -1.8 -1.8 -1.8 -1.8 -1.8 -1.8 -1.8 -1.8 -1.8 -1.8 -1.8 -1.8 -1.8 -1.8 -1.8 -1.8 -1.8 -1.8 -1.8 -1.8 -1.8 -1.8 -1.8 2.1 2.5 5.7 16.2 29.5 33.5 33.6 24.7 27.1 30.1 32.5 39 43.5 44.9 47.3 54.9 64.7 72.7 74.8 80.4 82.3 85.4 90.8 107.7 121.4 134.6 137.3 136.3 138.6 134.1 127.7 122.9 120.4 126.6 125.5 127.7 121.5 118.3 112.8 109.5 109.6 108 108 112.5 121.9 130.4 154.9 169.7 168.7 172.4 174.7 173.7 162.8 160.5 167.9 174.3
-1.8 -1.8 -1.8 -1.8 -1.8 -1.8 -1.8 -1.8 -1.8 -1.8 -1.8 -1.8 -1.8 -1.8 -1.8 -1.8 -1.8 -1.8 -1.8 -1.8 -1.8 -1.8 -1.8 -1.8 -1.8 -1.8 -1.8 -1.8 -1.8 2.8 6.2 12.2 20.2 19.3 24 27.9 31.7 32.4 41.8 43.4 39.9 42.9 42.3 47.7 53 59.8 60.2 61.4 65.8 72.6 72.3 86.2 103.2 129 136.1 131.6 134.3 133.6 123.9 119.5 109.9 117.6 122.3 121.5 118.7 113.4 110.5 112.1 117.7 113.7 108 109.9 122.8 142.4 167.9 178.4 179.9 173.9 171.1 169 162.5 156.1 163.6 161.2
-1.8 -1.8 -1.8 -1.8 -1.8 -1.8 -1.8 -1.8 -1.8 -1.8 -1.8 -1.8 -1.8 -1.8 -1.8 -1.8 -1.8 -1.8 -1.8 -1.8 -1.8 -1.8 -1.8 -1.8 -1.8 -1.8 -1.8 -1.8 -1.8 7 12.5 20 27.4 25.3 26 29.4 31.9 40 50.5 53.9 56 53.3 48.6 52.5 56.1 61.2 59.8 59.5 62.6 64.6 66.5 75.8 86.7 105 121.5 124 124.4 124.2 117.7 110.1 98.7 111.6 114.9 118.1 118.5 115.5 114.4 114.7 121.4 110.2 108 108.2 131.4 158.2 179.1 189.3 188.9 180.6 171.8 168.2 164.3 151.9 154.4 154.9
-1.8 -1.8 -1.8 -1.8 -1.8 -1.8 -1.8 -1.8 -1.8 -1.8 -1.8 -1.8 -1.8 -1.8 -1.8 -1.8 -1.8 -1.8 -1.8 -1.8 -1.8 -1.8 -1.8 -1.8 -1.8 -1.8 -1.8 1.3 7.5 12.2 16.6 16 18.3 18.8 20.2 22.8 27.2 35.3 39 48 57 58.5 61.5 70.1 68.9 63.7 62.9 67.4 66.4 67.9 67.3 68.1 75.1 88 98 103.1 110.1 109.3 106.7 97.9 91.2 94.9 105.6 110 119.5 119.2 118 108.8 110 108.6 108 118 141.3 168.2 175 183.8 185.7 180.9 166.6 162.3 159.7 148 151.6 155.9
-1.8 -1.8 -1.8 -1.8 -1.8 -1.8 -1.8 -1.8 -1.8 -1.8 -1.8 -1.8 -1.8 -1.8 -1.8 -1.8 -1.8 -1.8 -1.8 -1.8 -1.8 -1.8 -1.8 -1.8 -1.8 -1.8 -1.8 1.8 5 25.9 32.4 24.1 17.6 18.6 21.8 29.1 28.1 28.5 29.5 36 50.5 61.8 72.2 78.5 73.9 66.8 69.6 73.2 73.5 72.9 71.6 78.8 75.1 74.7 78.2 80.2 84.3 87.1 88.7 83.7 83.9 84.5 91.4 97.1 101.6 101 104.9 104.7 108.7 109.6 115.1 128 144.2 160.7 169.7 174.1 178.3 174 162 155.6 143.7 139.3 152.7 156.4
-1.8 -1.8 -1.8 -1.8 -1.8 -1.8 -1.8 -1.8 -1.8 -1.8 -1.8 -1.8 -1.8 -1.8 -1.8 -1.8 -1.8 -1.8 -1.8 -1.8 -1.8 -1.8 -1.8 -1.8 -1.8 -1.8 2.6 2.9 22.8 28 30.9 23 19.3 21.7 29.6 28.4 29.9 29.8 32.3 35.1 44.2 57.9 65.8 73.2 75.1 75.3 83.2 88.5 84.5 79.3 77.4 81 81.1 79.9 79.2 80.5 82.9 83.7 84.5 83.3 77.8 76.4 79 82.2 86 94.7 108.2 117.2 125 124.1 143 145.5 161.3 165.3 172.5 176.9 172 170.7 161.3 150.3 135.7 134.6 145.2 146.8
-1.8 -1.8 -1.8 -1.8 -1.8 -1.8 -1.8 -1.8 -1.8 -1.8 -1.8 -1.8 -1.8 -1.8 -1.8 -1.8 -1.8 -1.8 -1.8 -1.8 -1.8 -1.8 -1.8 -1.8 -1.8 1.9 12.3 10.3 22.6 9.3 6.7 16.7 14.4 22.6 23.9 31.5 29.9 35.2 32.9 43.2 56.1 64.3 69.8 79.1 89.9 101.2 103.3 98.7 92 96.2 94.5 82 85.9 93 90.1 84.9 86.9 85.8 85.5 85.4 83.4 77.5 73 80 89 99.7 110.9 124.1 139.2 152.1 162.5 160.7 165.1 171.1 174.6 172.7 165.1 160.8 158.3 135.6 126.9 126.2 137.8 140.8
-1.8 -1.8 -1.8 -1.8 -1.8 -1.8 -1.8 -1.8 -1.8 -1.8 -1.8 -1.8 -1.8 -1.8 -1.8 -1.8 -1.8 -1.8 -1.8 -1.8 -1.8 -1.8 -1.8 -1.8 -1.8 1.1 8.7 5.3 20.2 10.9 1.8 10.5 3 4 12.9 31.9 33.5 35.5 39 45.9 60 71.4 81.6 83.7 91.1 106.9 114.6 103.5 103 114.5 111.9 89 88.1 96 108.9 101.2 96.4 91.6 91.3 85.3 79.4 74.9 71.1 72.6 81.1 93 98 108.4 132.9 151.6 158.4 166 172.3 170.1 166.3 158.9 157.7 149.8 145 124.2 113.1 119.8 130.7 131.5
-1.8 -1.8 -1.8 -1.8 -1.8 -1.8 -1.8 -1.8 -1.8 -1.8 -1.8 -1.8 -1.8 -1.8 -1.8 -1.8 -1.8 -1.8 -1.8 -1.8 -1.8 -1.8 -1.8 -1.8 -1.8 0.1 4.1 2.5 2.5 -1.8 -1.8 -1.8 -1.8 0.5 2.5 26 38.6 37 52.3 56.9 71.5 78.4 82.7 84.4 89.4 98.7 104.5 105.3 110.5 113 111.4 98.9 92.4 98.9 100.9 104.6 108.8 101.6 93 86.2 75.9 73.4 70.2 70.9 70.9 78.1 89.5 95.3 118.1 140.3 148.5 156.2 166.7 162 160.7 149.6 149.3 142.5 129.4 116.9 108.8 113 124.5 128.9
-1.8 -1.8 -1.8 -1.8 -1.8 -1.8 -1.8 -1.8 -1.8 -1.8 -1.8 -1.8 -1.8 -1.8 -1.8 -1.8 -1.8 -1.8 -1.8 -1.8 -1.8 -1.8 -1.8 -1.8 -1.8 -1.8 -1.8 -1.8 -1.8 -1.8 -1.8 -1.8 -1.8 -1.8 2.1 19.3 34.4 50.7 61.9 73.7 79 78.4 81.5 86.3 87.1 97.3 103.8 105.5 113.4 107 101.3 98.3 104.1 93.5 103.6 105.4 105.2 106.3 98.3 85.5 76.8 72.9 70.1 69.7 70.5 75.3 85.2 89.8 106.6 131.5 144.6 153.4 150.8 148.3 146.8 141.8 132.9 125.4 116.3 108.6 99.7 107.2 118.5 127.4
-1.8 -1.8 -1.8 -1.8 -1.8 -1.8 -1.8 -1.8 -1.8 -1.8 -1.8 -1.8 -1.8 -1.8 -1.8 -1.8 -1.8 -1.8 -1.8 -1.8 -1.8 -1.8 -1.8 -1.8 -1.8 -1.8 -1.8 -1.8 -1.8 -1.8 -1.8 -1.8 -1.8 -1.8 1.9 12.6 40 54 59.5 67.5 74.9 72.9 75.8 81.5 88 95.6 102.8 103.1 101.7 102.5 91 91.3 93.5 90.5 91.8 109.4 107.9 105.5 99.2 88 81.3 74.7 70.7 68.8 70.4 75.5 83.9 94.2 99.1 125.1 143.5 143.5 140.8 141.3 137.6 139.9 133 122.2 110.8 102.8 97.2 100.4 102.1 104.5
-1.8 -1.8 -1.8 -1.8 -1.8 -1.8 -1.8 -1.8 -1.8 -1.8 -1.8 -1.8 -1.8 -1.8 -1.8 -1.8 -1.8 -1.8 -1.8 -1.8 -1.8 -1.8 -1.8 -1.8 -1.8 -1.8 -1.8 -1.8 -1.8 -1.8 -1.8 -1.8 -1.8 -1.8 12.9 26.5 43.1 62.2 62.7 61 61.5 64.3 76.5 86.3 88.5 97.7 105.1 116.6 110.3 100 89.5 91.1 96.3 87.6 87.1 99.1 102.2 95.8 88.6 80.2 74.7 76.2 81.6 68.8 68.8 72.9 81.5 86.6 95.3 117.1 135.8 137.8 132.9 129.2 128.3 126.3 123.6 119 109.6 100.4 95.9 91.7 92.9 94.7
-1.8 -1.8 -1.8 -1.8 -1.8 -1.8 -1.8 -1.8 -1.8 -1.8 -1.8 -1.8 -1.8 -1.8 -1.8 -1.8 -1.8 -1.8 -1.8 -1.8 -1.8 -1.8 -1.8 -1.8 -1.8 -1.8 -1.8 -1.8 -1.8 -1.8 -1.8 -1.8 -1.8 -1.8 2.6 28.7 41.6 59.9 65.1 56.6 52.2 60.4 75.9 88.8 82.1 91.4 112.1 113.7 111.5 96.3 85.9 82.3 81.3 77 81 76.8 86.3 83.9 79.7 73.5 74.1 76.3 77.5 68.8 68.9 68.8 76 82.3 94.1 115.5 123.5 133.2 127.4 119.9 125.2 128.6 131.5 122.6 113.8 101.8 98.3 94.8 86.5 86.1
-1.8 -1.8 -1.8 -1.8 -1.8 -1.8 -1.8 -1.8 -1.8 -1.8 -1.8 -1.8 -1.8 -1.8 -1.8 -1.8 -1.8 -1.8 -1.8 -1.8 -1.8 -1.8 -1.8 -1.8 -1.8 -1.8 -1.8 -1.8 -1.8 -1.8 -1.8 -1.8 -1.8 -1.8 1.9 21.6 36 43.6 47.7 48.2 44.7 53.3 64.7 74.8 79.7 81.4 98.7 105.7 100.3 86.3 80.5 79.6 77.1 76 76.7 78.8 70.2 71.1 69.7 71.5 74.3 78.5 81.6 73.4 68.8 68.8 68.8 74.5 89.7 103.3 113.6 126.2 120.8 115.2 120.5 123.4 122 120.7 112.9 103 97.4 95.7 85.4 80.2
-1.8 -1.8 -1.8 -1.8 -1.8 -1.8 -1.8 -1.8 -1.8 -1.8 -1.8 -1.8 -1.8 -1.8 -1.8 -1.8 -1.8 -1.8 -1.8 -1.8 -1.8 -1.8 -1.8 -1.8 -1.8 -1.8 -1.8 -1.8 -1.8 -1.8 -1.8 -1.8 -1.8 -1.8 -1.8 20.3 23.1 28.8 39.5 37.5 42.8 44.4 53.3 58.4 63.4 73.3 83.8 85.5 84.8 80.4 79.5 79.1 78.1 77.6 77.2 80.7 70.1 74.7 63.8 69.1 75.5 77.1 81.1 73.8 68.9 68.8 68.8 68.8 84.1 105.9 106.3 114.7 114.4 113.4 112.6 116.9 111.6 112.2 110.4 96.4 92.5 91.2 82.1 78.8
-1.8 -1.8 -1.8 -1.8 -1.8 -1.8 -1.8 -1.8 -1.8 -1.8 -1.8 -1.8 -1.8 -1.8 -1.8 -1.8 -1.8 -1.8 -1.8 -1.8 -1.8 -1.8 -1.8 -1.8 -1.8 -1.8 -1.8 -1.8 -1.8 -1.8 -1.8 -1.8 -1.8 -1.8 -1.8 4.6 13.3 27 34.1 29 43.9 57.9 61 68.5 68.4 74.7 79.9 84.7 80.6 80.1 79.5 79.6 81 84.6 68.4 64.4 62.5 61.4 61.1 64.9 71.5 72 70.6 71.1 71.7 68.8 68.8 68.9 76.1 88.8 95.5 103.4 107 104.8 103.3 102.6 100.7 99.2 101.3 89.5 85.8 83.4 79.1 78.6
-1.8 -1.8 -1.8 -1.8 -1.8 -1.8 -1.8 -1.8 -1.8 -1.8 -1.8 -1.8 -1.8 -1.8 -1.8 -1.8 -1.8 -1.8 -1.8 -1.8 -1.8 -1.8 -1.8 -1.8 -1.8 -1.8 -1.8 -1.8 -1.8 -1.8 -1.8 -1.8 -1.8 -1.8 -1.8 1.5 2.8 23 25.4 24.4 35.3 58.3 72.1 70.2 77.6 91.5 90.4 86 81 80.4 80.5 85.2 86.3 88.5 66.4 61.2 60.4 60.7 58.6 64.8 68.2 70.2 68.8 69.1 69.2 69.3 70.3 75.9 86.1 101.1 100.5 105.6 104.3 106.1 103.5 102.9 99.4 94 86.8 83.1 82.1 80.3 80.5 77.7
