Assets/StreamingAssets/GeoData/Data/ng/NG54.asc
ncols 200
nrows 200
xllcorner 150000
yllcorner 840000
cellsize 50
[rows 148 to 184 of 200, columns 83 to 165 of 200]
-1.9 -1.9 -1.9 -1.9 -1.9 -1.9 -1.9 -1.9 -1.9 -1.9 -1.9 -1.9 -1.9 -1.9 -1.9 -1.9 -1.9 23 27.7 47.6 58.8 65.4 71.4 78.5 89.1 101.1 115.1 126.7 140.4 142.3 143.6 163.2 180.1 182.3 196.5 203.2 206.7 208.4 212.1 214.9 224.3 234 236.1 234.5 233.4 234.1 235.4 239.3 247.5 261.4 270.8 275.9 280.4 282.2 282.8 283.8 286.2 296.1 310.1 331.3 339.6 342.7 353.8 361.9 362.2 360 358.1 365 373.6 367.1 359.5 356.8 341 319.3 300 293.9 289.6 288.7 273.2 275.3 281.5 277.8 255.5
-1.9 -1.9 -1.9 -1.9 -1.9 -1.9 -1.9 -1.9 -1.9 -1.9 -1.9 -1.9 -1.9 -1.9 -1.9 -1.9 -1.9 17.2 33.9 41.5 52.6 63.1 68.6 73 83.6 99.3 112.2 125.9 143.5 145.4 146.3 170.4 173.8 185.8 190.2 202.1 207.2 207.7 208.9 210.5 219.6 230 236 235 233.8 233.7 234.7 237.6 247 259.7 269.9 276.3 280 280.3 280.8 282 285.8 296.8 308 327.9 342.2 345.4 356.7 363.8 366.9 365.8 361 364.3 368 363.9 356.7 353.4 339.8 319.2 299.2 291.9 288.6 286.6 273.7 273.6 280.5 282.9 265.8
-1.9 -1.9 -1.9 -1.9 -1.9 -1.9 -1.9 -1.9 -1.9 -1.9 -1.9 -1.9 -1.9 -1.9 -1.9 -1.9 -1.9 -1.9 22 34.5 48 58.9 61.2 67.5 76.3 95.8 107.3 120.2 138.6 148.4 150.7 169.8 172.8 184 188.1 200.4 202.5 205 205.2 206.4 214.1 224.4 232.6 235.7 234.5 233.9 235.1 236.9 245.5 258.3 268.3 275.5 280.7 281.4 280.3 281.1 284.8 297.5 306.1 329.1 343.6 347.2 358.1 366.8 369.8 369.4 368 362.8 364.2 359.1 353.9 351 338.4 316.9 299 290.1 286.2 284.1 272.6 272 278.7 283.6 257.6
-1.9 -1.9 -1.9 -1.9 -1.9 -1.9 -1.9 -1.9 -1.9 -1.9 -1.9 -1.9 -1.9 -1.9 -1.9 -1.9 -1.9 -1.9 15.7 28.6 40.8 55.6 56 58 66.5 89.5 105.1 114.6 128.9 144.1 146.1 164.1 171 180.8 188.9 195.4 203.1 203.8 203.4 203.1 208.3 218.4 226.9 232.5 235 235 236.3 236.9 244.3 257.5 266.7 273.4 280.2 280.6 278.5 279.9 284.6 292.5 304.5 327.9 347.1 345.9 361.7 371 369.1 370.9 375.4 363.6 358.3 355 350.2 348.2 339.1 317.2 299.4 288.4 283.4 282.6 273.8 270 278.4 283.8 253.9
-1.9 -1.9 -1.9 -1.9 -1.9 -1.9 -1.9 -1.9 -1.9 -1.9 -1.9 -1.9 -1.9 -1.9 -1.9 -1.9 -1.9 -1.9 2.2 24.4 31.4 48 47.2 54.4 61.5 83.9 99.8 108.5 126.5 140.8 148.6 163 170.9 179.3 187.1 194.3 195.9 198.3 199.4 199.3 202.9 213.2 222.9 228.3 232.9 234.9 236.7 240.2 245.2 256.4 264.2 269.9 276.1 278.7 276.9 279.3 283.4 293.7 303.9 320.9 342.1 346.3 362.4 369 368.3 372.3 377 366.9 354.9 349.5 345.6 346.8 335.5 316 299.6 290.4 284.3 280.5 272.7 269.2 277 282.6 263.5
-1.9 -1.9 -1.9 -1.9 -1.9 -1.9 -1.9 -1.9 -1.9 -1.9 -1.9 -1.9 -1.9 -1.9 -1.9 -1.9 -1.9 0 2.3 14 28 41.2 39.1 44.3 52.5 77.3 95.2 105.1 121.2 138.3 153.1 163.8 173.2 179.3 187.7 194.7 193.2 194.4 195.5 196 198.9 208.5 218.7 224.3 228.8 234.1 236.1 240.4 245.5 252.7 262.6 268.1 271 274.6 275.7 279.4 283.2 296 309.2 318.1 331.3 343.5 359.1 366.8 364.9 367.7 367.9 366.3 355 343.7 341.4 338.7 329.5 313.5 298.2 291.2 283.4 278.9 274.2 268.9 275.5 282.4 269.8
-1.9 -1.9 -1.9 -1.9 -1.9 -1.9 -1.9 -1.9 -1.9 -1.9 -1.9 -1.9 -1.9 -1.9 -1.9 10.3 1 1.9 2.7 5.1 23.1 28.5 28.6 43.8 43.8 60.2 84.4 100.6 116 132.7 150.1 161.1 172.2 185.3 183 189.1 186.8 186.6 189.6 192.3 195.3 205.6 216.6 222.1 227.1 233.8 238.4 239.9 244.7 250.9 258.8 264.9 265.9 268.6 274.5 279.2 283.9 296.5 315.2 319 322.5 339.8 358.5 365 364.2 362.1 363 364.7 357.8 340.4 336.1 327.6 318.8 309.1 298.9 291.7 282.7 276.9 271.4 267.1 276.6 272.5 272.6
-1.9 -1.9 -1.9 -1.9 -1.9 -1.9 -1.9 -1.9 -1.9 -1.9 -1.9 -1.9 -1.9 -1.9 -1.9 -1.9 9.1 7.2 8.9 3.9 14.7 20.8 27.2 36.1 38.6 49 72.9 95.2 114.6 133.7 148.1 154.6 169 185.6 178 179.8 177.1 178.5 179.9 182.8 189.8 202.3 211.3 219.6 225.2 231.7 237.1 237.6 241.6 247.6 253.3 259.5 262.4 266.4 271.8 276.8 283 295.6 315.1 327 322.6 336.3 356.5 359.5 368.2 363.6 361.1 362.8 347.6 337.9 331.3 319.9 312 307.5 298.5 292.4 283.9 279.4 276.4 266.9 276.2 270.9 278.9
-1.9 -1.9 -1.9 -1.9 -1.9 -1.9 -1.9 -1.9 -1.9 -1.9 -1.9 -1.9 -1.9 -1.9 -1.9 12.9 19.5 26.8 22 14.7 10.6 22.1 26.5 35.8 38.8 45.6 67.3 83.7 105.1 127.7 140.6 147.7 160 171.3 169.1 159.3 160.8 167.1 168.8 178.7 188.3 194.9 204.8 214.7 221.7 228.4 235.7 237.4 237 243 249 254.1 258.8 262.6 268.1 274 282.3 292.3 312.7 328.7 324.4 333 348.7 353.1 365.7 365.9 363.4 361.6 345.3 336.4 325.9 317.2 306.5 305 299.8 293.9 284.8 281.9 277.8 266.6 270.3 270.1 280.6
-1.9 -1.9 -1.9 -1.9 -1.9 -1.9 -1.9 -1.9 -1.9 -1.9 -1.9 -1.9 -1.9 -1.9 -1.9 17 24.7 27.5 29.8 24.4 21.5 15.1 26.1 35.7 39.1 39.4 60.6 80.3 94.4 119.9 129.1 143.1 150.6 155.6 152 147.9 147.3 152.8 164.1 176 186.4 190.1 198.5 209.3 216 224.3 232 235.9 234.1 238.6 244.3 249.2 253.3 256.7 263.1 270.9 279.4 289.2 309.1 325.6 326.3 334.4 342.2 352.7 359.3 358.8 358.7 357.6 349.3 330.1 319.8 311.7 305.5 301 299.8 294.2 284.9 282 279.5 266.5 265.6 267.6 276.8
-1.9 -1.9 -1.9 -1.9 -1.9 -1.9 -1.9 -1.9 -1.9 -1.9 -1.9 -1.9 -1.9 -1.9 10.6 18.8 27.7 34.6 36 31.4 28.4 22.7 21.8 30.1 29.9 30.9 46.1 67.6 86.1 108.1 121.2 136.7 144.5 148.9 146.2 140.7 136.6 144.2 160.6 175.8 180.5 188.1 193.1 202.1 211.8 219.2 227.7 233.6 232.2 235.5 240.7 244.8 248.2 252.4 259.9 268.2 277.1 286 302.4 321.4 327.5 335.3 341 351.1 358.7 354.2 350.4 351.5 342.1 325 318.1 310.1 297.3 293.9 295.8 292.2 285.2 281.2 274.9 264.5 262.9 267 276.6
-1.9 -1.9 -1.9 -1.9 -1.9 -1.9 -1.9 -1.9 -1.9 -1.9 -1.9 -1.9 -1.9 -1.9 2.6 22 32.9 36.9 41 39.3 31.1 29.5 26.9 35.1 43.2 43.4 41.5 59.3 76.4 100.3 112.9 124.8 130.5 135.2 133 131.8 128.6 134.5 158.3 175.7 176.9 186.4 186.6 192.3 206 212 222.7 229.4 231.3 232.3 237.7 242 244.9 248.5 255.9 265.3 273.3 285.3 294.6 310.9 324.2 332 339.2 341.2 355 349.2 340.8 341.3 333 323.6 313.4 304.5 293.2 290.3 291.1 291 283.7 279.1 269.5 271.5 261.8 265.5 273.5
-1.9 -1.9 -1.9 -1.9 -1.9 -1.9 -1.9 -1.9 -1.9 -1.9 -1.9 -1.9 -1.9 -1.9 16.8 32.5 43.8 48 49.2 49.5 33.6 28.5 27.9 47.6 61.7 64 52.3 52.5 68.9 91.1 104 115.4 111.8 111.4 112.2 115.9 120 129 150.9 170.1 174.2 179.3 182.1 180.8 195.7 206.4 217.1 226.1 230 227.9 234.4 238.8 241.1 243.4 252.9 263.4 273.5 284.5 292.2 300.1 313.1 326.8 334.1 333.9 347.1 342.7 334 334.3 325.1 316.5 311 303.5 289.7 287.5 285.7 284.4 281.4 275.7 271.7 276 261.7 263.1 268
-1.9 -1.9 -1.9 -1.9 -1.9 -1.9 -1.9 -1.9 -1.9 -1.9 -1.9 -1.9 -1.9 -1.9 21.7 38.7 51.7 54.9 52.8 51 53 36.6 38.6 52.7 68.7 80.7 64.4 51.1 60.5 82.3 92.8 102.1 98.6 96.3 100.3 100.8 121.6 128 143.3 162.7 169.1 172.6 177.3 176.7 188.5 201 210 215.1 219 218.6 233 237.8 241.5 243 249.5 261.2 271.2 281.4 293.3 298.9 300.4 315 321.8 325.8 339.4 337 334 332.2 318.4 310.3 307.5 302.7 286.8 284.6 280.8 279.7 275.9 274.9 278.5 277.4 264.8 259.5 266
-1.9 -1.9 -1.9 -1.9 -1.9 -1.9 -1.9 -1.9 -1.9 -1.9 -1.9 -1.9 -1.9 -1.9 21.5 36 52.5 53.1 58.1 60.1 60 48.1 48.2 54.1 66.9 83.7 77 49.4 57.5 72.3 82.5 86.1 87 85 89.8 104.1 121.9 128.8 135.6 154.9 164.3 164.7 170.3 173.1 178.6 185.7 189.6 196.4 208.7 225.9 230.7 238.1 243 245.9 250 258.2 271.3 282.5 295.4 300 300 303.3 308.8 312.7 327.8 326.6 330.3 324.3 309.7 305.3 302.9 299.3 286.8 282.1 284.1 281.1 282 279.1 279.1 279.9 268 266.9 262.2
-1.9 -1.9 -1.9 -1.9 -1.9 -1.9 -1.9 -1.9 -1.9 -1.9 -1.9 -1.9 -1.9 -1.9 19.6 40.4 53.8 56.3 62.8 70.7 65.1 56.3 51.8 53.9 62.8 82.1 81.5 59.2 52.9 65 79.8 72.6 79.3 82.2 94.9 111.2 118.1 129.1 132.2 148.1 157.9 158.3 160.3 164.1 173.7 185.8 199 213.9 223.3 228.9 231.3 237.6 243.1 246.4 249.2 256.4 267.8 277.7 295.1 301 301.7 301.5 305.1 312.1 317.3 324 326.4 317.8 305.3 301.6 299.2 299.4 286.7 282.9 285.4 284.9 286 283.5 280.5 280.9 270.6 271.2 260.4
-1.9 -1.9 -1.9 -1.9 -1.9 -1.9 -1.9 -1.9 -1.9 -1.9 -1.9 -1.9 -1.9 -1.9 -1.9 28.7 54 56.2 57.2 68.5 71 54.1 60.8 53.6 62.5 79.2 89.1 70.4 49.8 58.5 67.4 83.7 83 84.8 111 122.5 130.6 128.5 129.7 140.1 152.2 150.1 155.6 168.3 180.3 189.8 201.2 213.3 222 228.6 232.1 239.6 245.9 246.1 249.3 255.2 266 281.3 290.7 300 300.4 298.1 301.6 312.6 319 320.4 322 307 300.3 297.4 298.2 301.3 288.3 283.2 286.1 288.7 288.2 286.1 281.6 281.9 271.6 269.9 258
-1.9 -1.9 -1.9 -1.9 -1.9 -1.9 -1.9 -1.9 -1.9 -1.9 -1.9 -1.9 -1.9 -1.9 -1.9 25.6 51.2 55 55.1 66.6 73.5 60.3 63.7 54.5 61.6 75.4 92.1 70.4 52.8 63.3 75.3 93.9 103.1 79.5 107.9 119.8 132 132.4 134.9 137.3 148.2 146.5 154.7 167.6 180.1 190.2 200.1 211.3 219.6 226.3 231.3 238 247.5 248.4 250.2 254.3 264.6 272.9 287.6 297.8 300.8 295.5 300.7 307.5 311.8 314 309 299.2 295.3 298.9 301.1 304.1 291.9 284 286.7 293 291.7 288.7 283.2 285.5 273.7 272.5 254.9
-1.9 -1.9 -1.9 -1.9 -1.9 -1.9 -1.9 -1.9 -1.9 -1.9 -1.9 -1.9 -1.9 -1.9 -1.9 23 44.3 54.4 54.3 63.8 72.1 62.8 67.4 58 55.2 71.5 77.7 59.3 53.4 66.3 83 94.5 106.9 98.3 94.4 113 137.8 138.8 135.5 137.2 136.8 142.4 152.9 165.4 178.6 188.4 197.6 208.5 216.3 223.8 229.2 238.8 249.6 255.2 251.8 253.3 263.7 272.1 283.7 294.4 298.3 293 296.9 298.4 304.2 304.2 298.4 294.4 296 302.1 303.4 303.6 291.7 285.5 287.5 294.8 302.1 288.8 284 287.4 274.4 273.2 258.5
-1.9 -1.9 -1.9 -1.9 -1.9 -1.9 -1.9 -1.9 -1.9 -1.9 -1.9 -1.9 -1.9 -1.9 -1.9 16 39.5 47.5 50.9 64.9 74.1 62.2 67.1 58.9 54.6 70.3 63.5 55.6 60.6 73.3 83 90 100.6 105.7 98.5 107.1 139.3 142.4 129.2 130.6 131.1 139.4 150 163.7 172.5 186.7 197.2 205.7 213.2 220.1 226.1 238.8 246.7 259.3 257.3 255.5 260 263.2 267.8 275.6 286.5 296.6 288 290 294.2 294.7 294.4 292.9 295.4 303.6 309.3 299 288 286 288.2 295.3 305.4 289.6 285.5 288 275.3 273.7 261.3
-1.9 -1.9 -1.9 -1.9 -1.9 -1.9 -1.9 -1.9 -1.9 -1.9 -1.9 -1.9 -1.9 -1.9 -1.9 11.2 32.1 40.1 45.7 61.8 64.8 64.7 65.1 55.1 54.6 59 58.5 57.4 63.7 69.7 75.2 84.9 96.7 106.3 107.6 98.7 122.7 139.6 127.4 133.3 146.2 136.1 141.3 152.8 166.2 181.7 194.9 203.6 210.7 217.1 223.5 234.8 244.6 259.2 264.8 262.2 262.8 273.1 285.2 292.8 297.5 298.5 295.4 287.6 288.7 289.8 290.5 294.4 299.5 305.6 311.2 296.3 288.4 287 289.1 296.3 307.3 291.7 288.8 288.2 276.6 274.5 266.5
-1.9 -1.9 -1.9 -1.9 -1.9 -1.9 -1.9 -1.9 -1.9 -1.9 -1.9 -1.9 -1.9 -1.9 -1.9 -1.9 28.7 39.2 44.7 55 61.9 66.1 63.7 54.6 54.6 54.6 61.4 62.3 63.8 67 67.4 80.6 92.1 105.9 112.6 124.9 104.8 136.2 125.6 144.7 154.1 147.9 143.8 158.6 174 185.9 197.8 200.1 208.6 215.6 220.6 226.4 245.6 258.3 269.9 269.9 268.2 273.4 285.4 295.2 298.3 298 296.6 290.5 289.3 292.9 292.9 297.4 304.1 308.4 311.5 296.2 290.5 288 291.5 298.8 310.1 297 288.6 289.1 277 274.6 271.7
-1.9 -1.9 -1.9 -1.9 -1.9 -1.9 -1.9 -1.9 -1.9 -1.9 -1.9 -1.9 -1.9 -1.9 -1.9 -1.9 25.6 39.9 42.6 58.2 61.1 60 57 54.6 54.6 59.2 67.7 71 65.8 64.2 64.4 72.3 86 97.9 112.5 124.7 132.4 131.4 126.4 149.4 158.3 155.2 141.5 153.6 171.3 185.3 197.4 208.4 205.1 213.5 218.5 222.8 238.8 253 273.1 276.2 277 279 286.5 298.3 298.9 298.7 298.3 290.9 291.9 293.9 295.2 300.3 306.5 311.7 314.9 296.8 296.3 287.5 294.3 301.4 312 304.8 290.4 289.2 277 274.8 273.9
-1.9 -1.9 -1.9 -1.9 -1.9 -1.9 -1.9 -1.9 -1.9 -1.9 -1.9 -1.9 -1.9 -1.9 -1.9 -1.9 22.5 38.8 46.9 59.3 61.3 62 54.6 54.6 54.6 66.4 76 74.9 70 64.9 63.4 65.9 83.2 96.2 114.6 126.6 147.2 127 130.9 151.8 161.6 163.3 152.9 147.7 167.5 184.5 197.2 208.1 214.7 212.7 216.9 223.1 231.1 245.3 262.4 280 284.8 286.6 290.8 299.3 303.1 302.8 298.2 293.9 292.6 296.3 298 300.8 308.4 314.7 315.2 300.4 298.8 290.3 291.4 304.5 313.9 314.9 292.5 289.4 276.1 274.8 275.1
-1.9 -1.9 -1.9 -1.9 -1.9 -1.9 -1.9 -1.9 -1.9 -1.9 -1.9 -1.9 -1.9 -1.9 -1.9 -1.9 3.3 32.7 49.4 59.7 64.7 64.2 59.5 54.6 57.7 67.4 79.3 77.1 73.7 64.6 63.8 66.2 77.3 101.9 119.2 132.3 143.7 142.6 131.8 152.8 164.5 171 162 147.5 169.4 186.6 199.8 209.5 218.9 211.9 215.5 220.9 232.4 244.1 255.4 280.5 289.6 293.6 297.2 302.3 306.2 304 299.9 294.7 293.2 298.4 300.4 303.4 310.1 315.6 317.3 304.4 301.5 296.4 292.4 306.3 316.9 322 294.4 290.8 276.1 275.2 262.8
-1.9 -1.9 -1.9 -1.9 -1.9 -1.9 -1.9 -1.9 -1.9 -1.9 -1.9 -1.9 -1.9 -1.9 -1.9 -1.9 -1.9 28.6 49.5 54.7 70.8 71 64.7 63.5 59.3 66.6 81.1 80.1 73.5 68.9 64.5 67.4 82.4 107.4 121.2 132.5 140.9 140.3 136.9 157.3 167 173.5 172.8 151 169.7 188.5 199.7 211.2 222.6 223 215.1 219.7 226.8 240.3 254.4 277 291.2 298 303.2 306.6 310.2 308.9 304.4 299.1 293.2 299.8 303 309 311.3 316.3 321.2 304.1 304 297.2 294.6 306.5 319.2 325.1 297.9 291.2 279.9 275 251.2
-1.9 -1.9 -1.9 -1.9 -1.9 -1.9 -1.9 -1.9 -1.9 -1.9 -1.9 -1.9 -1.9 -1.9 -1.9 -1.9 -1.9 8.2 33.5 50.5 63.3 63.3 71.4 73.4 64.1 66.5 84.4 92.9 81.2 69.9 64.3 68.7 85.7 107.7 119.3 130.8 140.7 138.9 135.9 160.3 168.8 176.1 178.8 155.9 168.6 192.2 199.5 211.7 224.2 228.5 219.8 219.6 224.1 230.1 248.9 272.2 292 299.1 303.4 307.4 312 315.2 310.2 303.6 294.6 300.4 305 311.1 315.6 318 322.1 309.3 309.5 298.1 296.7 306.4 320.4 329.6 302.2 292.3 285.3 273.6 255
-1.9 -1.9 -1.9 -1.9 -1.9 -1.9 -1.9 -1.9 -1.9 -1.9 -1.9 -1.9 -1.9 -1.9 -1.9 -1.9 -1.9 -1.9 26.7 32.8 50.6 61.6 77.8 74.7 63.2 63.7 86.9 103.1 96.6 77.8 64.5 67.1 84.5 105.2 117.9 128.4 137.9 140.9 135.4 161.3 170 177 182.1 155.5 170.1 194.4 197.9 207.9 222.3 230.4 231.4 222.4 228.5 238 244.2 260 269.7 290.1 300.4 304.4 311.6 316.5 312.7 304.9 297.6 299.4 307 313.7 322.2 320.4 323.9 315.9 311.6 301.3 297.7 308.7 319.4 332.8 306.3 294.3 288.2 272.4 269.1
-1.9 -1.9 -1.9 -1.9 -1.9 -1.9 -1.9 -1.9 -1.9 -1.9 -1.9 -1.9 -1.9 -1.9 -1.9 -1.9 -1.9 -1.9 16.9 27.9 36.7 67 80.6 76.8 64.2 63.9 88.3 110.8 100.2 86.1 65.7 65.7 84.2 102.8 117.1 126 133.6 142 135.3 159.6 168.8 175.5 180.7 158.1 173.1 191.1 196.9 203.4 217.5 230.8 237.3 228.7 232.8 240.3 249.4 255 267.5 286.8 295.2 301.7 310.2 317.5 313.7 308.4 298.5 300.3 308.5 315.4 323.7 328.6 325.1 319.3 311.2 302.8 300 310.7 319.2 329.2 311.6 295.4 291.5 271.1 270.5
-1.9 -1.9 -1.9 -1.9 -1.9 -1.9 -1.9 -1.9 -1.9 -1.9 -1.9 -1.9 -1.9 -1.9 -1.9 -1.9 -1.9 -1.9 -1.9 19.1 28.4 59.5 81.6 91.8 76.8 65.9 87.8 108.2 104.4 88.3 68.1 68.3 81.9 107.8 113.4 122.1 129 137.7 136.3 158.2 169.8 176.3 182 160.8 176.2 189.1 193.2 199.4 214.4 230.8 241 239.5 236.5 246.3 253.5 263.8 267.5 282 292.5 301.4 311 317.4 316.1 311.2 301.8 303.1 310.9 318.8 329.2 334.8 326.2 319.4 308 296.4 302.4 312.9 322.2 328.2 314.5 297.5 295.1 270.3 271.6
-1.9 -1.9 -1.9 -1.9 -1.9 -1.9 -1.9 -1.9 -1.9 -1.9 -1.9 -1.9 -1.9 -1.9 -1.9 -1.9 -1.9 -1.9 -1.9 3.4 31.6 61.7 97.2 104.5 88 71.8 83.7 99.9 103.5 85.1 74.9 67.6 75.4 103.1 107.3 117.5 122.9 131.9 137 159.7 166.5 178.7 184.2 171.8 166.8 184.5 189.9 196.5 212.5 229.9 243.4 248.8 237.3 247.4 258.6 270.1 278.1 285.6 295 303.2 311.5 315.9 316 313.2 305.3 306.4 314 322.1 333.2 336.9 335 322.3 313.9 297.3 305.5 314.4 325 334.5 314.4 299.2 293.7 272.1 271.9
-1.9 -1.9 -1.9 -1.9 -1.9 -1.9 -1.9 -1.9 -1.9 -1.9 -1.9 -1.9 -1.9 -1.9 -1.9 -1.9 -1.9 -1.9 -1.9 -1.9 31.2 69 105.1 106.3 96.4 78.2 75.4 90.7 95.3 86.1 80.2 70.9 70 97 102.1 111.1 116.1 124.9 136.6 157.9 164.8 180.2 179.3 179 169.8 179 185 196.2 213.2 228.5 243.1 253.2 247 251.4 260.4 269.3 280 286.8 295.8 304.2 313 317.7 317.4 314.6 310.4 310.3 315.4 326.5 333.9 340.3 344.5 329.4 318.8 300.2 307.4 316.1 327 338.3 318 301.2 296.2 273.7 272.9
-1.9 -1.9 -1.9 -1.9 -1.9 -1.9 -1.9 -1.9 -1.9 -1.9 -1.9 -1.9 -1.9 -1.9 -1.9 -1.9 -1.9 -1.9 -1.9 -1.9 32.7 83.1 101.7 109 100 79.4 72.2 82.1 86.4 88.2 83.7 65.7 67.3 91.3 98.5 104.1 113.1 122.6 134.9 156.8 163.5 171.2 178 179.5 175.1 175.9 185.5 197 212.2 227.1 241.8 254.8 256.8 253.8 262.2 271.5 277.8 286.4 295.9 304 312.4 318.5 318 316.7 314.3 313.5 317.1 328.4 336.3 343.8 346.7 337.1 323.7 307.2 310.4 318.4 328.3 340 323.9 303.8 294.2 276.9 272.8
-1.9 -1.9 -1.9 -1.9 -1.9 -1.9 -1.9 -1.9 -1.9 -1.9 -1.9 -1.9 -1.9 -1.9 -1.9 -1.9 -1.9 -1.9 -1.9 -1.9 40.5 86.1 98.8 106 100.1 84.6 71.8 74.8 78.1 86.1 84 65.4 65.5 79.7 90.2 97.4 111.5 118.6 133 151.1 162 172.3 181.5 179.7 176.3 176 187.2 199.2 211.3 225.3 238.2 255.4 264.9 255.2 263.9 272.8 277.7 286.2 295.5 303.8 310.8 319.2 317.8 317.1 316.6 315.2 318.3 329 338.7 344.9 348.5 345.8 331.1 315.2 313.4 322.3 331.2 343.1 330.9 304.8 294.1 280.9 273
-1.9 -1.9 -1.9 -1.9 -1.9 -1.9 -1.9 -1.9 -1.9 -1.9 -1.9 -1.9 -1.9 -1.9 -1.9 -1.9 -1.9 -1.9 -1.9 -1.9 64.3 83.5 92 101.5 100.6 86.9 72.8 72.8 73.3 83.4 84.5 65.4 67.2 74.7 85 91.1 101.9 113.3 133.7 147 164.6 173.9 178.9 178.2 173.8 180.4 188.8 199.4 211.7 223.5 234.6 254.2 269.5 263 265 274.2 279.3 286 295.8 302.5 308.3 315.6 317.1 316.7 316.4 320.4 320.4 329.6 337.7 345.3 352.4 346.5 335.6 320.1 318.9 325.9 334.4 345.4 338 308.7 295.6 282 272.5
-1.9 -1.9 -1.9 -1.9 -1.9 -1.9 -1.9 -1.9 -1.9 -1.9 -1.9 -1.9 -1.9 -1.9 -1.9 -1.9 -1.9 -1.9 -1.9 51 60.3 76.2 85.8 110.2 112.2 91.6 73.8 73.5 73.4 76.8 83.2 70.4 66 69.4 77.4 85.6 91.2 111.1 133.5 150.7 165.5 174.1 179.6 178.5 174.9 186.1 191.6 200.8 209.3 219.2 232.6 253.3 271.9 270.2 266.5 275.3 280.2 286.6 293.5 299.2 305.4 311.7 314.3 314.7 316.5 319.5 322.8 329.8 337.3 346.4 353.8 351 336.7 324.1 324.8 331.9 337.3 346.9 335 319 301.4 283.1 275.7
-1.9 -1.9 -1.9 -1.9 -1.9 -1.9 -1.9 -1.9 -1.9 -1.9 -1.9 -1.9 -1.9 -1.9 -1.9 -1.9 -1.9 -1.9 -1.9 44.7 56.9 75.7 87.1 106.5 114.8 98.2 74.7 73.5 73 73.9 78.7 72 65.4 65.6 72.5 81.6 92.8 112.1 130.9 150.3 165.1 173.9 181.5 178.3 176.4 185.7 191.9 203.2 209.6 217.5 232.5 253.5 273.6 281.5 269.6 275.7 281.7 289.1 297.2 298 301.7 308.3 310.1 312.4 314.1 317.6 323.3 330 338.3 346.9 352.4 349.5 337.8 329.5 328.9 335.5 338.8 346.8 336.9 331.6 307.1 282 275.6
