Assets/StreamingAssets/GeoData/Data/ng/NG55.asc
ncols 200
nrows 200
xllcorner 150000
yllcorner 850000
cellsize 50
[rows 74 to 110 of 200, columns 0 to 82 of 200]
300.3 285.1 272 266.3 262.7 254.8 246.5 237.3 231.4 217.4 208 198.9 190 186.6 184.6 182.2 179 175.5 172.2 173.2 171.2 170.1 152.3 136.8 128.2 125.6 115.7 114.8 112 99 93.2 86.6 82.2 65 62.8 60.4 49.9 46.1 46.2 40.1 42.3 43.7 29.8 20.9 2.1 -1.9 -1.9 -1.9 -1.9 -1.9 -1.9 -1.9 -1.9 -1.9 -1.9 -1.9 -1.9 -1.9 -1.9 -1.9 -1.9 -1.9 -1.9 -1.9 -1.9 -1.9 -1.9 -1.9 -1.9 -1.9 -1.9 -1.9 -1.9 -1.9 -1.9 -1.9 -1.9 -1.9 -1.9 -1.9 -1.9 -1.9 -1.9
311 290.6 274.5 267.2 262.1 254.3 245.1 236.5 233.2 216.9 210.6 202.7 194 188 184.2 182.4 179.4 176.1 172.7 169.7 168 165.6 148.5 135.4 128.5 123.7 116 107.7 96.7 88.8 83.9 78.6 72.3 78.7 86.5 78.4 69.7 55.7 45.7 41.3 46 49.1 32.6 22.2 -1.9 -1.9 -1.9 -1.9 -1.9 -1.9 -1.9 -1.9 -1.9 -1.9 -1.9 -1.9 -1.9 -1.9 -1.9 -1.9 -1.9 -1.9 -1.9 -1.9 -1.9 -1.9 -1.9 -1.9 -1.9 -1.9 -1.9 -1.9 -1.9 -1.9 -1.9 -1.9 -1.9 -1.9 -1.9 -1.9 -1.9 -1.9 -1.9
318 296.7 277.1 267.2 260.4 253 245.3 236.1 229 220.1 210.7 205.6 197.5 190.6 185.7 182.7 180 177.2 172.8 168.7 163.1 158.3 147 135.5 125 121.8 111.2 102.8 105.7 102.3 92.8 90.5 86.6 91.9 90.1 84 74.7 59.5 48.4 43.5 50.2 55.1 35.4 22.7 -1.9 -1.9 -1.9 -1.9 -1.9 -1.9 -1.9 -1.9 -1.9 -1.9 -1.9 -1.9 -1.9 -1.9 -1.9 -1.9 -1.9 -1.9 -1.9 -1.9 -1.9 -1.9 -1.9 -1.9 -1.9 -1.9 -1.9 -1.9 -1.9 -1.9 -1.9 -1.9 -1.9 -1.9 -1.9 -1.9 -1.9 -1.9 -1.9
326.7 303.6 280 265.7 256.2 251.1 243.5 235.7 229.8 224.9 210.8 206 201.5 194.6 188.1 185.2 182.2 178.6 174.4 170.5 164.5 161 160.5 147 129.4 123.2 116.8 115.8 112.8 108.2 103 93.5 100.8 101.2 96.3 88.6 76.8 64.2 52.5 45.5 52.9 61.4 38.4 13.9 -1.9 -1.9 -1.9 -1.9 -1.9 -1.9 -1.9 -1.9 -1.9 -1.9 -1.9 -1.9 -1.9 -1.9 -1.9 -1.9 -1.9 -1.9 -1.9 -1.9 -1.9 -1.9 -1.9 -1.9 -1.9 -1.9 -1.9 -1.9 -1.9 -1.9 -1.9 -1.9 -1.9 -1.9 -1.9 -1.9 -1.9 -1.9 -1.9
338.2 311.2 284.6 265.6 252.9 248.5 244.3 238 230.1 226.7 211.9 206.9 202.3 197.9 193 187.5 182.2 175.3 172.1 169.1 160.9 154 141.7 136.9 141.9 136.7 128.9 123.8 117.8 114 108.7 105.8 111.9 107.5 101.9 93.6 82.4 68.9 54.4 48.2 57.7 68.2 43.8 20.6 -1.9 -1.9 -1.9 -1.9 -1.9 -1.9 -1.9 -1.9 -1.9 -1.9 -1.9 -1.9 -1.9 -1.9 -1.9 -1.9 -1.9 -1.9 -1.9 -1.9 -1.9 -1.9 -1.9 -1.9 -1.9 -1.9 -1.9 -1.9 -1.9 -1.9 -1.9 -1.9 -1.9 -1.9 -1.9 -1.9 -1.9 -1.9 -1.9
352.3 317.5 288 262.7 254.4 250.3 244.8 237.4 231.5 223.8 214.6 210 206.7 204.6 197.5 185 180.4 179.9 175.8 171.9 168.1 162.7 159.6 158.5 151.7 142.2 133.3 131.9 125.6 117.6 113.6 115.1 116.9 111.6 105.7 97.7 86.7 73 57.4 53.1 62.2 72.8 48.8 16.6 -1.9 -1.9 -1.9 -1.9 -1.9 -1.9 -1.9 -1.9 -1.9 -1.9 -1.9 -1.9 -1.9 -1.9 -1.9 -1.9 -1.9 -1.9 -1.9 -1.9 -1.9 -1.9 -1.9 -1.9 -1.9 -1.9 -1.9 -1.9 -1.9 -1.9 -1.9 -1.9 -1.9 -1.9 -1.9 -1.9 -1.9 -1.9 -1.9
352.4 318.4 286.5 264.8 257.1 250.1 245.4 237.6 230.3 221.7 216 213.7 210.6 207.2 197.4 195.4 189.6 181.1 177.3 172.5 168.7 164.6 165.1 163.1 157.5 149 141.4 137.4 130.2 119.7 118.2 117.8 121.9 115.3 107.7 99.7 91.2 78 62.2 55.6 66.4 76 49.7 28.2 -1.9 -1.9 -1.9 -1.9 -1.9 -1.9 -1.9 -1.9 -1.9 -1.9 -1.9 -1.9 -1.9 -1.9 -1.9 -1.9 -1.9 -1.9 -1.9 -1.9 -1.9 -1.9 -1.9 -1.9 -1.9 -1.9 -1.9 -1.9 -1.9 -1.9 -1.9 -1.9 -1.9 -1.9 -1.9 -1.9 -1.9 -1.9 -1.9
341.1 311 285 268.1 257.9 248.1 244 237 228.3 224.4 220.3 215.9 211.8 207.2 205.9 200.8 194 186.6 180.2 174.7 170.6 169.5 166.7 167.5 161.5 153.1 147.3 142.3 135.5 130.2 129.2 131.1 127.3 118.9 110.4 102.9 95.8 81.9 70.4 60.3 70 74.1 52 28.6 -1.9 -1.9 -1.9 -1.9 -1.9 -1.9 -1.9 -1.9 -1.9 -1.9 -1.9 -1.9 -1.9 -1.9 -1.9 -1.9 -1.9 -1.9 -1.9 -1.9 -1.9 -1.9 -1.9 -1.9 -1.9 -1.9 -1.9 -1.9 -1.9 -1.9 -1.9 -1.9 -1.9 -1.9 -1.9 -1.9 -1.9 -1.9 -1.9
324.3 301.2 279 271.1 256.7 245.4 241.5 238.5 231.5 226.4 222.4 218.2 215.8 208.1 210.5 206.3 200.6 191.5 184.2 178.5 174.8 172.6 170.4 169.7 163.2 157.6 151.6 147.4 140.8 135.5 134.9 137.1 133.4 124.6 114.9 108.1 100.6 87.7 74.2 64.6 71.3 73.9 57.4 20.5 -1.9 -1.9 -1.9 -1.9 -1.9 -1.9 -1.9 -1.9 -1.9 -1.9 -1.9 -1.9 -1.9 -1.9 -1.9 -1.9 -1.9 -1.9 -1.9 -1.9 -1.9 -1.9 -1.9 -1.9 -1.9 -1.9 -1.9 -1.9 -1.9 -1.9 -1.9 -1.9 -1.9 -1.9 -1.9 -1.9 -1.9 -1.9 -1.9
314.8 293.4 277.5 270 253.1 247.6 244.8 240.7 233.7 228.8 223.4 220 216.9 215.2 212.3 206.9 204.7 198.6 189.9 180 177.1 175.8 173.4 170 164.3 159.7 156 153.1 145.9 140.2 142.4 142.8 139.4 131.3 122.9 115 105.5 94 78.7 70.6 74 77.4 63.6 -1.9 -1.9 -1.9 -1.9 -1.9 -1.9 -1.9 -1.9 -1.9 -1.9 -1.9 -1.9 -1.9 -1.9 -1.9 -1.9 -1.9 -1.9 -1.9 -1.9 -1.9 -1.9 -1.9 -1.9 -1.9 -1.9 -1.9 -1.9 -1.9 -1.9 -1.9 -1.9 -1.9 -1.9 -1.9 -1.9 -1.9 -1.9 -1.9 -1.9
313.7 296.8 279.5 265.3 254.7 249.5 246.6 242.2 236.7 230.8 225.5 219 218.6 218.7 214 211.9 207.8 202.8 194.4 185.8 180.4 178.2 174.9 170.7 164.8 163.4 160.1 155.4 151 145.1 148 148.1 145.2 138.8 130.3 120.6 110.2 98 83.4 74.9 77.8 81 23.4 -1.9 -1.9 -1.9 -1.9 -1.9 -1.9 -1.9 -1.9 -1.9 -1.9 -1.9 -1.9 -1.9 -1.9 -1.9 -1.9 -1.9 -1.9 -1.9 -1.9 -1.9 -1.9 -1.9 -1.9 -1.9 -1.9 -1.9 -1.9 -1.9 -1.9 -1.9 -1.9 -1.9 -1.9 -1.9 -1.9 -1.9 -1.9 -1.9 -1.9
310.8 291.7 281 266.4 255.7 249.2 245.7 243.7 238.6 230.9 225.6 224.4 222.1 219.8 218.9 215.2 210.2 205 198.1 191.1 184 180.8 177.6 173.5 168.4 167 163.6 157.9 153.4 151 153.8 152.6 150.9 144.7 135.1 124.7 114.3 103.9 87.1 77.3 83.7 85.9 44.4 -1.9 -1.9 -1.9 -1.9 -1.9 -1.9 -1.9 -1.9 -1.9 -1.9 -1.9 -1.9 -1.9 -1.9 -1.9 -1.9 -1.9 -1.9 -1.9 -1.9 -1.9 -1.9 -1.9 -1.9 -1.9 -1.9 -1.9 -1.9 -1.9 -1.9 -1.9 -1.9 -1.9 -1.9 -1.9 -1.9 -1.9 -1.9 -1.9 -1.9
297.7 280.8 278.5 264.9 251.6 244.9 244.4 239.6 233.9 235.5 229.9 226.4 223.9 219.2 220.9 218.7 213.4 207.7 201.2 195.1 188.2 182.8 179 177 171.1 167 162.9 159.1 154.6 157.3 157.3 157.4 155.4 148.7 138.5 125.3 118.3 107.7 90.5 82.7 89.1 87.9 46.3 -1.9 -1.9 -1.9 -1.9 -1.9 -1.9 -1.9 -1.9 -1.9 -1.9 -1.9 -1.9 -1.9 -1.9 -1.9 -1.9 -1.9 -1.9 -1.9 -1.9 -1.9 -1.9 -1.9 -1.9 -1.9 -1.9 -1.9 -1.9 -1.9 -1.9 -1.9 -1.9 -1.9 -1.9 -1.9 -1.9 -1.9 -1.9 -1.9 -1.9
287.4 277.3 266.5 256.2 248.7 243.9 244.7 241.4 241.4 237.7 233.1 228 224.6 223.4 223 221.1 216.6 211 204.7 197.6 190 184.1 180.2 178.2 174 169.6 163.8 160 159.3 161.2 160.8 161.1 159.2 152.8 141.1 130.2 122.2 107.8 93.9 87.8 96.9 92.2 26.3 -1.9 -1.9 -1.9 -1.9 -1.9 -1.9 -1.9 -1.9 -1.9 -1.9 -1.9 -1.9 -1.9 -1.9 -1.9 -1.9 -1.9 -1.9 -1.9 -1.9 -1.9 -1.9 -1.9 -1.9 -1.9 -1.9 -1.9 -1.9 -1.9 -1.9 -1.9 -1.9 -1.9 -1.9 -1.9 -1.9 -1.9 -1.9 -1.9 -1.9
283.4 267.9 255.8 254.1 246.5 245.1 246.6 246.9 244.6 241.7 234.7 229.9 227.7 229.9 227.5 224.6 220 213.7 208 201.7 194 185.2 181.1 179.8 176.3 171.2 164.2 165.3 164.3 165.2 164.2 164.6 161.4 157.7 146.3 133.7 124.7 112.9 98.9 93.2 102.3 90.7 -1.9 -1.9 -1.9 -1.9 -1.9 -1.9 -1.9 -1.9 -1.9 -1.9 -1.9 -1.9 -1.9 -1.9 -1.9 -1.9 -1.9 -1.9 -1.9 -1.9 -1.9 -1.9 -1.9 -1.9 -1.9 -1.9 -1.9 -1.9 -1.9 -1.9 -1.9 -1.9 -1.9 -1.9 -1.9 -1.9 -1.9 -1.9 -1.9 -1.9 -1.9
277.2 261.6 255.3 251.2 247.4 246.7 248.1 250 250.9 245.9 237.6 235.1 231.3 233.8 233.2 229.4 223.1 217.3 211.3 205.2 198.3 189.2 182.4 178.6 175.1 173.1 168.8 168.9 167.4 168.8 168.7 167.5 164.8 159.4 147.3 135.3 127.7 119.2 103.7 97.8 107.7 81.1 -1.9 -1.9 -1.9 -1.9 -1.9 -1.9 -1.9 -1.9 -1.9 -1.9 -1.9 -1.9 -1.9 -1.9 -1.9 -1.9 -1.9 -1.9 -1.9 -1.9 -1.9 -1.9 -1.9 -1.9 -1.9 -1.9 -1.9 -1.9 -1.9 -1.9 -1.9 -1.9 -1.9 -1.9 -1.9 -1.9 -1.9 -1.9 -1.9 -1.9 -1.9
271.4 258.5 251.7 249.6 248.2 248.2 251.3 255.6 254.1 248.3 243.7 241 235.7 235.9 237.6 233.7 227.3 220.6 214.2 208 200.7 191.6 185.6 183.7 179.4 176.1 174.6 173.6 171.4 171.6 171.2 169.3 165.5 158.3 147 137.3 128.5 120.6 108 104.4 102.9 45.7 -1.9 -1.9 -1.9 -1.9 -1.9 -1.9 -1.9 -1.9 -1.9 -1.9 -1.9 -1.9 -1.9 -1.9 -1.9 -1.9 -1.9 -1.9 -1.9 -1.9 -1.9 -1.9 -1.9 -1.9 -1.9 -1.9 -1.9 -1.9 -1.9 -1.9 -1.9 -1.9 -1.9 -1.9 -1.9 -1.9 -1.9 -1.9 -1.9 -1.9 -1.9
269.2 256.9 251.5 249.7 249.1 251.5 256 258.6 255.6 250 245.5 243.1 239.5 238.6 241.7 238.9 231.1 224.3 219.9 210.6 206.2 198.8 193.3 189.9 185.4 183.6 180.2 178.1 176.3 174 172.7 170.2 165.9 156.8 147.5 137.9 128.1 122.2 114.6 109 71.9 19.3 -1.9 -1.9 -1.9 -1.9 -1.9 -1.9 -1.9 -1.9 -1.9 -1.9 -1.9 -1.9 -1.9 -1.9 -1.9 -1.9 -1.9 -1.9 -1.9 -1.9 -1.9 -1.9 -1.9 -1.9 -1.9 -1.9 -1.9 -1.9 -1.9 -1.9 -1.9 -1.9 -1.9 -1.9 -1.9 -1.9 -1.9 -1.9 -1.9 -1.9 -1.9
265.3 255.5 253.5 251.6 252.7 260.7 267.2 265.3 257.3 256.5 251.1 245.8 242.1 240.7 244.7 242.5 233.6 226.8 223.9 216.4 217.8 210.3 204.4 199.3 198 190.6 185 182.1 179.5 174 171.8 169.5 165.4 156.3 147.6 137.6 128.1 120.8 116.8 108.6 61.6 -1.9 -1.9 -1.9 -1.9 -1.9 -1.9 -1.9 -1.9 -1.9 -1.9 -1.9 -1.9 -1.9 -1.9 -1.9 -1.9 -1.9 -1.9 -1.9 -1.9 -1.9 -1.9 -1.9 -1.9 -1.9 -1.9 -1.9 -1.9 -1.9 -1.9 -1.9 -1.9 -1.9 -1.9 -1.9 -1.9 -1.9 -1.9 -1.9 -1.9 -1.9 -1.9
259.8 257.2 256.4 257.6 260.2 268 270.4 268.4 260.3 255 256.4 249.3 244 242.6 247.5 243.7 232.1 225.4 223.2 226 228.2 221.1 216.1 207.1 199.7 193.2 188 184.6 180.5 174.4 168.7 167.5 165.3 155.4 146.4 136 126.8 122.2 117.3 106.6 41.8 3.6 -1.9 -1.9 -1.9 -1.9 -1.9 -1.9 -1.9 -1.9 -1.9 -1.9 -1.9 -1.9 -1.9 -1.9 -1.9 -1.9 -1.9 -1.9 -1.9 -1.9 -1.9 -1.9 -1.9 -1.9 -1.9 -1.9 -1.9 -1.9 -1.9 -1.9 -1.9 -1.9 -1.9 -1.9 -1.9 -1.9 -1.9 -1.9 -1.9 -1.9 -1.9
260 259.6 259.1 263.4 262 272.2 272.9 274.6 266.6 258.8 256.1 250.5 247.8 248.9 250.4 246.4 234.2 228 228.4 232.5 235.9 229.4 225.8 218.9 207.2 197 191 185.8 181.1 173.3 166.6 164.5 160.9 150.5 140.4 131.5 124.8 125.7 122.3 110.7 41.9 2.2 -1.9 -1.9 -1.9 -1.9 -1.9 -1.9 -1.9 -1.9 -1.9 -1.9 -1.9 -1.9 -1.9 -1.9 -1.9 -1.9 -1.9 -1.9 -1.9 -1.9 -1.9 -1.9 -1.9 -1.9 -1.9 -1.9 -1.9 -1.9 -1.9 -1.9 -1.9 -1.9 -1.9 -1.9 -1.9 -1.9 -1.9 -1.9 -1.9 -1.9 -1.9
262.3 260.3 262.3 266.8 266.9 272.1 275.7 275.9 274.8 271.5 263.8 256 252.8 255 256.5 251.4 243.7 236.5 244 256.1 252.9 245.1 235.1 229.4 220.1 205.3 193.5 187.7 181.8 174 166.6 161.8 163.2 155.8 146.8 135.8 131.1 130.3 130.7 99.7 46.8 2.1 -1.9 -1.9 -1.9 -1.9 -1.9 -1.9 -1.9 -1.9 -1.9 -1.9 -1.9 -1.9 -1.9 -1.9 -1.9 -1.9 -1.9 -1.9 -1.9 -1.9 -1.9 -1.9 -1.9 -1.9 -1.9 -1.9 -1.9 -1.9 -1.9 -1.9 -1.9 -1.9 -1.9 -1.9 -1.9 -1.9 -1.9 -1.9 -1.9 -1.9 -1.9
265.7 267.5 270.8 277 280.6 283.7 278.7 284.6 284.6 280 273 268.6 264.8 261.9 263.9 259.8 257.5 259 262.2 272.6 262.4 249.2 247.1 233.4 232 211 197.1 189.1 181.4 174 166.9 166.1 164.9 157.7 148.2 136.9 136.8 134.6 147.2 97.8 41.8 2.1 -1.9 -1.9 -1.9 -1.9 -1.9 -1.9 -1.9 -1.9 -1.9 -1.9 -1.9 -1.9 -1.9 -1.9 -1.9 -1.9 -1.9 -1.9 -1.9 -1.9 -1.9 -1.9 -1.9 -1.9 -1.9 -1.9 -1.9 -1.9 -1.9 -1.9 -1.9 -1.9 -1.9 -1.9 -1.9 -1.9 -1.9 -1.9 -1.9 -1.9 -1.9
272.4 276.4 280.9 291.4 289.4 288.7 287.2 286.3 296.9 298.9 283.3 273.8 271.8 266.2 268.3 268.1 267.6 263.6 268.7 276 286.7 259.6 247.7 244.1 235.1 219.4 202.1 189.9 182.2 176.2 168.8 168 167.4 161.1 150.7 144.1 145.4 140.1 150.3 94.7 42.9 2 -1.9 -1.9 -1.9 -1.9 -1.9 -1.9 -1.9 -1.9 -1.9 -1.9 -1.9 -1.9 -1.9 -1.9 -1.9 -1.9 -1.9 -1.9 -1.9 -1.9 -1.9 -1.9 -1.9 -1.9 -1.9 -1.9 -1.9 -1.9 -1.9 -1.9 -1.9 -1.9 -1.9 -1.9 -1.9 -1.9 -1.9 -1.9 -1.9 -1.9 -1.9
287.6 295.6 299.3 305 304.4 298.6 290.6 292.6 312.2 315.6 297.3 284.4 278.2 271.2 271.9 271.7 272.2 269.5 274.3 281.6 288.9 290.3 268.1 252.9 239.4 226.2 206.4 192.1 185.7 177.4 171.3 170.7 170.3 166.2 160.5 153.1 150.9 150.9 140.9 98.8 39.8 2 -1.9 -1.9 -1.9 -1.9 -1.9 -1.9 -1.9 -1.9 -1.9 -1.9 -1.9 -1.9 -1.9 -1.9 -1.9 -1.9 -1.9 -1.9 -1.9 -1.9 -1.9 -1.9 -1.9 -1.9 -1.9 -1.9 -1.9 -1.9 -1.9 -1.9 -1.9 -1.9 -1.9 -1.9 -1.9 -1.9 -1.9 -1.9 -1.9 -1.9 -1.9
306.8 319.4 321.8 318.9 320.8 313.2 313.3 304.4 308.7 310.6 298.2 293.6 285.3 281.3 280.1 282.5 284.4 283.7 282.3 286.1 291.9 293.8 293.1 265.8 246.6 231.3 214 199.5 187.4 177.3 174.9 173.3 172.6 171.8 175.6 164 155.9 156.9 119 86.1 32.9 2.1 -1.9 -1.9 -1.9 -1.9 -1.9 -1.9 -1.9 -1.9 -1.9 -1.9 -1.9 -1.9 -1.9 -1.9 -1.9 -1.9 -1.9 -1.9 -1.9 -1.9 -1.9 -1.9 -1.9 -1.9 -1.9 -1.9 -1.9 -1.9 -1.9 -1.9 -1.9 -1.9 -1.9 -1.9 -1.9 -1.9 -1.9 -1.9 -1.9 -1.9 -1.9
321.2 323.5 324.8 329.8 325.5 329.7 333.3 320.7 315.7 310.6 302.6 310.8 299.6 292 292.6 293.3 294.6 293.4 286.5 287.8 292.7 294.1 294.4 256.6 241.3 227.5 225.5 206.5 188.1 182.9 178.4 174.7 173.1 174.4 180.7 182.4 175.8 153.6 101.2 62.1 30 2 -1.9 -1.9 -1.9 -1.9 -1.9 -1.9 -1.9 -1.9 -1.9 -1.9 -1.9 -1.9 -1.9 -1.9 -1.9 -1.9 -1.9 -1.9 -1.9 -1.9 -1.9 -1.9 -1.9 -1.9 -1.9 -1.9 -1.9 -1.9 -1.9 -1.9 -1.9 -1.9 -1.9 -1.9 -1.9 -1.9 -1.9 -1.9 -1.9 -1.9 -1.9
322.8 322.4 322.4 328.2 332.7 345.3 340.8 333.1 327.6 318.4 321.1 330.5 319.5 306.4 308.6 305.4 300.4 297.1 291.8 291.3 293.9 294.9 296.8 270.5 239.6 220.4 220.9 201.1 193 182.9 178.4 174.3 173.2 178.9 185 184.3 177.7 157.1 111.1 65.8 31.6 4.1 -1.9 -1.9 -1.9 -1.9 -1.9 -1.9 -1.9 -1.9 -1.9 -1.9 -1.9 -1.9 -1.9 -1.9 -1.9 -1.9 -1.9 -1.9 -1.9 -1.9 -1.9 -1.9 -1.9 -1.9 -1.9 -1.9 -1.9 -1.9 -1.9 -1.9 -1.9 -1.9 -1.9 -1.9 -1.9 -1.9 -1.9 -1.9 -1.9 -1.9 -1.9
331.6 332.8 337.8 346.4 352.6 346.4 345.7 349 340.3 327.4 329.7 326.1 321.8 323.6 322.3 314.5 307.4 303.8 297.4 292.9 292.8 294.6 296.6 280.8 240.5 218.1 216.5 200.4 191.9 185.2 179.6 175.4 176.5 182.6 184.7 184.4 182.3 169.9 129.8 84.5 38.3 3.4 -1.9 -1.9 -1.9 -1.9 -1.9 -1.9 -1.9 -1.9 -1.9 -1.9 -1.9 -1.9 -1.9 -1.9 -1.9 -1.9 -1.9 -1.9 -1.9 -1.9 -1.9 -1.9 -1.9 -1.9 -1.9 -1.9 -1.9 -1.9 -1.9 -1.9 -1.9 -1.9 -1.9 -1.9 -1.9 -1.9 -1.9 -1.9 -1.9 -1.9 -1.9
347.5 349.2 355.2 369.1 367.4 360.6 361.9 370.9 349.5 342.4 340.6 336.6 335.6 327.2 335.2 324.9 319 313.4 300.3 295.4 290.7 291.9 296.1 274.4 255 222.5 210.6 198.5 190.4 182.5 178.4 173.8 183.8 186.3 184.4 184.3 184.1 176.8 148.4 101.1 37.6 1.4 -1.9 -1.9 -1.9 -1.9 -1.9 -1.9 -1.9 -1.9 -1.9 -1.9 -1.9 -1.9 -1.9 -1.9 -1.9 -1.9 -1.9 -1.9 -1.9 -1.9 -1.9 -1.9 -1.9 -1.9 -1.9 -1.9 -1.9 -1.9 -1.9 -1.9 -1.9 -1.9 -1.9 -1.9 -1.9 -1.9 -1.9 -1.9 -1.9 -1.9 -1.9
368.7 380.2 386.5 382 381.6 377.4 372.6 382.8 357.6 350.8 342.1 343.9 338.2 341.4 336.3 330.6 327 317.2 305.9 295.7 293.1 286.9 292.8 277.2 257.9 233.1 211.4 195.9 189.6 180.6 177.5 176.5 187 187.5 184 183.7 182.3 174.2 159 109.7 27.8 -1.9 -1.9 -1.9 -1.9 -1.9 -1.9 -1.9 -1.9 -1.9 -1.9 -1.9 -1.9 -1.9 -1.9 -1.9 -1.9 -1.9 -1.9 -1.9 -1.9 -1.9 -1.9 -1.9 -1.9 -1.9 -1.9 -1.9 -1.9 -1.9 -1.9 -1.9 -1.9 -1.9 -1.9 -1.9 -1.9 -1.9 -1.9 -1.9 -1.9 -1.9 -1.9
390.7 410.6 405.4 401 397.1 405.5 386.7 381.1 366.7 372.5 365.8 351 347.1 347.5 342.6 334.5 327.6 314.2 304.2 291 286.5 278.4 279.8 265.5 248.1 229.1 209.4 197.9 189.4 181.8 179 181.3 189.8 188 184.8 181.9 181.1 170.8 161 100.1 32.2 -1.9 -1.9 -1.9 -1.9 -1.9 -1.9 -1.9 -1.9 -1.9 -1.9 -1.9 -1.9 -1.9 -1.9 -1.9 -1.9 -1.9 -1.9 -1.9 -1.9 -1.9 -1.9 -1.9 -1.9 -1.9 -1.9 -1.9 -1.9 -1.9 -1.9 -1.9 -1.9 -1.9 -1.9 -1.9 -1.9 -1.9 -1.9 -1.9 -1.9 -1.9 -1.9
413.8 422.4 429.9 432 421.9 410.3 401.4 387 387.9 390.8 376.9 355.2 355.2 357.4 348.1 334.3 324.7 306.3 296.4 289.4 277.6 268.2 263.5 257.4 242.6 223.5 209.2 199.5 190.5 185.3 181.7 186.4 190 188.2 184.1 180 179.4 172.5 128.5 86.2 28.6 -1.9 -1.9 -1.9 -1.9 -1.9 -1.9 -1.9 -1.9 -1.9 -1.9 -1.9 -1.9 -1.9 -1.9 -1.9 -1.9 -1.9 -1.9 -1.9 -1.9 -1.9 -1.9 -1.9 -1.9 -1.9 -1.9 -1.9 -1.9 -1.9 -1.9 -1.9 -1.9 -1.9 -1.9 -1.9 -1.9 -1.9 -1.9 -1.9 -1.9 -1.9 -1.9
439.3 446.4 465.2 459 443 423.3 405.3 399.7 409 406 387.4 361.8 363.9 367 342.6 335.3 324.1 302.4 294.7 283.7 271.1 262 258.4 250 236.4 219.5 208.1 200.4 192.6 189 187.5 190.4 191 190 181.6 177.4 174.6 157.1 117.1 60.1 15.7 -1.9 -1.9 -1.9 -1.9 -1.9 -1.9 -1.9 -1.9 -1.9 -1.9 -1.9 -1.9 -1.9 -1.9 -1.9 -1.9 -1.9 -1.9 -1.9 -1.9 -1.9 -1.9 -1.9 -1.9 -1.9 -1.9 -1.9 -1.9 -1.9 -1.9 -1.9 -1.9 -1.9 -1.9 -1.9 -1.9 -1.9 -1.9 -1.9 -1.9 -1.9 -1.9
466.2 474.4 488.2 485.8 460.6 431.5 425 418.9 420.7 399.7 388.2 367.5 361.8 357 348.9 339.7 321.3 307.1 300.6 282.5 266.7 263.2 256.4 248.9 236.9 222.4 208.5 201.2 195.4 190.7 188.6 194 193.6 188.9 179.4 173.5 168.1 158.5 115.6 55.7 8.2 -1.9 -1.9 -1.9 -1.9 -1.9 -1.9 -1.9 -1.9 -1.9 -1.9 -1.9 -1.9 -1.9 -1.9 -1.9 -1.9 -1.9 -1.9 -1.9 -1.9 -1.9 -1.9 -1.9 -1.9 -1.9 -1.9 -1.9 -1.9 -1.9 -1.9 -1.9 -1.9 -1.9 -1.9 -1.9 -1.9 -1.9 -1.9 -1.9 -1.9 -1.9 -1.9
481 492.4 486.9 482.1 463.4 446.4 435.4 416.9 388.9 369.1 367.4 366.1 357.2 348.6 342.4 335.7 322.4 310.1 298.3 280.2 267.5 263.7 255.4 247.3 233.6 219.3 208.5 198.8 195 192 189.7 192.8 198.5 187.9 177.7 170.3 166.2 161.6 96.2 49.9 6.1 -1.9 -1.9 -1.9 -1.9 -1.9 -1.9 -1.9 -1.9 -1.9 -1.9 -1.9 -1.9 -1.9 -1.9 -1.9 -1.9 -1.9 -1.9 -1.9 -1.9 -1.9 -1.9 -1.9 -1.9 -1.9 -1.9 -1.9 -1.9 -1.9 -1.9 -1.9 -1.9 -1.9 -1.9 -1.9 -1.9 -1.9 -1.9 -1.9 -1.9 -1.9 -1.9
492 499.7 475.7 459.2 451 454.7 415.9 382.9 362.9 351.2 348.5 347.2 338.8 334.3 325.1 328.1 323.4 309 298.2 283.4 276.8 265.3 254.3 243.4 226.4 212.6 204.4 196 192.9 190.4 189.7 192.1 192.3 184.9 175.2 168.2 168.9 168.1 108.7 40.7 2.4 -1.9 -1.9 -1.9 -1.9 -1.9 -1.9 -1.9 -1.9 -1.9 -1.9 -1.9 -1.9 -1.9 -1.9 -1.9 -1.9 -1.9 -1.9 -1.9 -1.9 -1.9 -1.9 -1.9 -1.9 -1.9 -1.9 -1.9 -1.9 -1.9 -1.9 -1.9 -1.9 -1.9 -1.9 -1.9 -1.9 -1.9 -1.9 -1.9 -1.9 -1.9 -1.9
