Assets/StreamingAssets/GeoData/Data/ng/NG56.asc
ncols 200
nrows 200
xllcorner 150000
yllcorner 860000
cellsize 50
[rows 148 to 184 of 200, columns 0 to 84 of 200]
109.7 110.7 109.3 108.7 105.6 104.4 104.9 104.4 106 108.9 123 129.6 111.7 110.9 110.5 110.9 113.6 116.3 118.8 121.7 121.1 121 120.6 118.9 113.9 112.8 111.8 105.6 84.3 75.9 78.3 79.1 79.7 82.7 79.6 71 69.3 63.6 36.3 22.6 18.3 15.2 49.5 52.2 49.3 51.1 52.2 51.8 53.5 55.7 53 28.3 26.1 -1.9 -1.9 -1.9 -1.9 -1.9 -1.9 -1.9 -1.9 -1.9 -1.9 -1.9 -1.9 -1.9 -1.9 -1.9 -1.9 -1.9 -1.9 -1.9 -1.9 -1.9 -1.9 -1.9 -1.9 -1.9 -1.9 -1.9 -1.9 -1.9 -1.9 -1.9 -1.9
105.9 105.7 106.4 105.6 103.7 106 107.7 106.1 105.3 106.9 111.6 119 109.2 108.3 109.2 109.7 110.9 112.9 118.3 123.3 122.9 121.9 120.7 121.4 118.1 116.7 115 110.4 87.4 76.1 76.8 77.4 78.8 76.4 68.2 64.6 59.2 53.5 35.5 21.3 18.3 23.3 43.2 55.7 54.3 53.6 54.6 55.6 54.3 57.9 62.4 33.7 2 -1.9 -1.9 -1.9 -1.9 -1.9 -1.9 -1.9 -1.9 -1.9 -1.9 -1.9 -1.9 -1.9 -1.9 -1.9 -1.9 -1.9 -1.9 -1.9 -1.9 -1.9 -1.9 -1.9 -1.9 -1.9 -1.9 -1.9 -1.9 -1.9 -1.9 -1.9 -1.9
102.5 102.8 104.1 102.6 105.7 108.7 110.2 109.5 108 106.4 106.5 108 106.8 107.8 108.4 109 110.8 113.6 118.4 124.2 126.4 124.7 121.4 121.5 119.3 119.3 115.4 108.8 87 76.3 73.8 76.4 73.1 68 61.4 55.4 45.7 39.3 31.1 21.5 20.7 26.8 36.9 54.5 58.9 57 56.2 56.9 55.8 59 64.1 46.4 1.7 -1.9 -1.9 -1.9 -1.9 -1.9 -1.9 -1.9 -1.9 -1.9 -1.9 -1.9 -1.9 -1.9 -1.9 -1.9 -1.9 -1.9 -1.9 -1.9 -1.9 -1.9 -1.9 -1.9 -1.9 -1.9 -1.9 -1.9 -1.9 -1.9 -1.9 -1.9 -1.9
99.4 102.4 100.6 101.3 105.6 109.7 110.8 111 110.3 108.6 107.6 107.5 108.7 108.4 108.9 109.8 112.3 115.8 121.4 125 128.7 130.1 121.9 121.7 120.3 121.4 118.7 102.5 84.5 75.5 74.4 74.6 71.8 65.5 59.6 43.4 37.1 27.2 26.5 21.7 23.5 24.9 28.7 44.3 60.3 61 57.5 58.4 56.8 58.6 66.1 59.2 2.3 -1.9 -1.9 -1.9 -1.9 -1.9 -1.9 -1.9 -1.9 -1.9 -1.9 -1.9 -1.9 -1.9 -1.9 -1.9 -1.9 -1.9 -1.9 -1.9 -1.9 -1.9 -1.9 -1.9 -1.9 -1.9 -1.9 -1.9 -1.9 -1.9 -1.9 -1.9 -1.9
97.1 98.1 99.1 102 106.8 109.6 110.6 111 111 109.4 109.2 109.6 109.5 109.3 109.4 111.1 114.4 117.7 123.9 127.6 131 131.3 121.8 122.2 121.9 120.6 112 100.1 84.8 77.2 77.1 75.1 73 66.1 59.3 47.4 48 37.3 30 28 28.3 28.8 28.5 32 57.3 62 60.4 59.9 59.3 60.3 65.7 65 9 -1.9 -1.9 -1.9 -1.9 -1.9 -1.9 -1.9 -1.9 -1.9 -1.9 -1.9 -1.9 -1.9 -1.9 -1.9 -1.9 -1.9 -1.9 -1.9 -1.9 -1.9 -1.9 -1.9 -1.9 -1.9 -1.9 -1.9 -1.9 -1.9 -1.9 -1.9 -1.9
95.1 96.2 100.1 100.8 105.4 111 112.2 112.6 112.8 111.9 112.8 112.6 110.5 110.3 110.3 113.7 115.1 118.5 125.6 130.4 132.5 127.3 120.3 121.4 122.6 119.3 107.3 93.8 82.5 77.7 76.2 75.1 70.1 64.2 57.4 59.6 53.8 43.7 35.9 33.1 34.2 34.7 34.3 33 41.7 64.4 62.9 61.4 61.5 62.8 64.1 64.1 13.9 0.9 -1.9 -1.9 -1.9 -1.9 -1.9 -1.9 -1.9 -1.9 -1.9 -1.9 -1.9 -1.9 -1.9 -1.9 -1.9 -1.9 -1.9 -1.9 -1.9 -1.9 -1.9 -1.9 -1.9 -1.9 -1.9 -1.9 -1.9 -1.9 -1.9 -1.9 -1.9
92.5 95.6 98.9 100.6 102.4 110 112.8 114.5 115 114.1 117.8 117.8 113.8 111 111.2 113.7 116.7 120.2 125.7 130.5 130.1 122.6 120.3 120.3 120.9 113 105.3 88 80.1 77.7 75.7 74.5 69.6 63.1 60.8 63.9 59 52.9 42.4 38.9 38.4 37.3 38.3 36.7 36.5 61.9 66.4 64.5 64.2 65.9 64.4 44.6 2.4 -1.9 -1.9 -1.9 -1.9 -1.9 -1.9 -1.9 -1.9 -1.9 -1.9 -1.9 -1.9 -1.9 -1.9 -1.9 -1.9 -1.9 -1.9 -1.9 -1.9 -1.9 -1.9 -1.9 -1.9 -1.9 -1.9 -1.9 -1.9 -1.9 -1.9 -1.9 -1.9
92.7 93.6 94.8 97 97.9 101.1 110 115.4 118.5 114.6 120.3 120.2 115.7 113.3 111.7 113.7 119 123.8 128.1 130.7 127.5 121.4 119.4 120.4 110.9 109.8 92.2 83.9 78.3 76.9 76.7 72.2 68.3 59.9 63.3 64.7 65.4 58.9 52.2 45.4 41 39 40.2 37.6 38.1 51 69.7 67.3 68.1 66.5 66 5.9 -1.9 -1.9 -1.9 -1.9 -1.9 -1.9 -1.9 -1.9 -1.9 -1.9 -1.9 -1.9 -1.9 -1.9 -1.9 -1.9 -1.9 -1.9 -1.9 -1.9 -1.9 -1.9 -1.9 -1.9 -1.9 -1.9 -1.9 -1.9 -1.9 -1.9 -1.9 -1.9 -1.9
91.9 93.2 93.9 95.3 96.1 97.8 101.3 105.4 111.9 114.8 120.6 119.6 116.4 113.7 113.3 115.2 120.1 126.3 129.3 127.1 122.1 117.5 119.5 109.8 108 92.8 87.3 82.6 78 73.9 73 68.1 65.4 61.6 65.6 68.1 71.7 60.4 56.3 47.2 42.3 40.9 41.7 43.4 43.5 44.4 74.5 70.8 70 67.3 30.5 -1.9 -1.9 -1.9 -1.9 -1.9 -1.9 -1.9 -1.9 -1.9 -1.9 -1.9 -1.9 -1.9 -1.9 -1.9 -1.9 -1.9 -1.9 -1.9 -1.9 -1.9 -1.9 -1.9 -1.9 -1.9 -1.9 -1.9 -1.9 -1.9 -1.9 -1.9 -1.9 -1.9 -1.9
91.4 92.9 94.9 96 96.9 98.1 99.8 102.1 105.6 112 116.8 115.6 114 113.5 114.9 115.9 121.1 126.7 127.3 120.1 117.3 114.1 108.8 102.9 94.7 88.2 84.5 80.4 77.8 74 65.6 68.8 63.9 65 68.3 71.1 74.1 69.5 63.6 51.2 44.8 44.6 47.3 49.2 49.3 49.4 66.9 72.8 71.8 69.2 1.2 -1.9 -1.9 -1.9 -1.9 -1.9 -1.9 -1.9 -1.9 -1.9 -1.9 -1.9 -1.9 -1.9 -1.9 -1.9 -1.9 -1.9 -1.9 -1.9 -1.9 -1.9 -1.9 -1.9 -1.9 -1.9 -1.9 -1.9 -1.9 -1.9 -1.9 -1.9 -1.9 -1.9 -1.9
91.4 92.9 95 96.4 97.4 98.2 99.5 101.4 103.8 107.1 110.3 111.1 112.7 114.1 115.5 116.2 118.9 127.2 130.1 118.1 117.2 111.1 104 93.7 90 87.6 86.5 80.8 76.2 68.4 70 71.3 66.8 66.1 70.8 72.9 76.7 79 70.7 57.5 49 49.6 52.8 53.8 56 53.9 57.6 74.2 77.6 11.3 -1.9 -1.9 -1.9 -1.9 -1.9 -1.9 -1.9 -1.9 -1.9 -1.9 -1.9 -1.9 -1.9 -1.9 -1.9 -1.9 -1.9 -1.9 -1.9 -1.9 -1.9 -1.9 -1.9 -1.9 -1.9 -1.9 -1.9 -1.9 -1.9 -1.9 -1.9 -1.9 -1.9 -1.9 -1.9
91.7 93.2 95.1 96.8 97.8 98.4 99.4 101.6 103.4 105.7 108.5 110.4 112.5 114.7 116.4 117.4 119.7 120.4 121.4 116.4 111.1 104 95.1 91.5 89.2 87.8 87.5 85.9 79 70.3 72.9 73.8 71.6 66.6 72.1 75.4 78.3 81.6 75.2 62.4 53.5 54.1 57.7 59.6 60.5 61.5 58 75.8 10.6 -1.9 -1.9 -1.9 -1.9 -1.9 -1.9 -1.9 -1.9 -1.9 -1.9 -1.9 -1.9 -1.9 -1.9 -1.9 -1.9 -1.9 -1.9 -1.9 -1.9 -1.9 -1.9 -1.9 -1.9 -1.9 -1.9 -1.9 -1.9 -1.9 -1.9 -1.9 -1.9 -1.9 -1.9 -1.9 -1.9
91.4 93 93.9 95.6 95.3 98.5 100.3 101.8 105.2 108.7 111.7 113.6 115 119.4 119 120.9 121.9 122.6 117.2 112.2 104 96.2 93.2 91.6 88.9 89.5 92.3 90.4 81.9 74.1 71.2 76.4 76.8 70.1 72.2 76.1 79.9 82.4 82.9 66.9 57.8 59 60.6 62.7 64.3 66.5 65.3 51.9 -1.9 -1.9 -1.9 -1.9 -1.9 -1.9 -1.9 -1.9 -1.9 -1.9 -1.9 -1.9 -1.9 -1.9 -1.9 -1.9 -1.9 -1.9 -1.9 -1.9 -1.9 -1.9 -1.9 -1.9 -1.9 -1.9 -1.9 -1.9 -1.9 -1.9 -1.9 -1.9 -1.9 -1.9 -1.9 -1.9 -1.9
92 92.5 93.4 93.4 97.2 99.7 101.8 104 106.4 110.7 113.7 116.3 118.5 122.2 123.4 122.3 124.6 125 114.7 104 97.9 94.5 93.1 91.2 90.3 91.1 92.7 93 84.8 74.8 73.1 76.9 81 74.1 69 77.3 80 82.3 85.6 70.2 61.8 63 65.6 66.8 68.3 70.9 72.4 2.6 -1.9 -1.9 -1.9 -1.9 -1.9 -1.9 -1.9 -1.9 -1.9 -1.9 -1.9 -1.9 -1.9 -1.9 -1.9 -1.9 -1.9 -1.9 -1.9 -1.9 -1.9 -1.9 -1.9 -1.9 -1.9 -1.9 -1.9 -1.9 -1.9 -1.9 -1.9 -1.9 -1.9 -1.9 -1.9 -1.9 -1.9
92.1 93.5 95 96.8 98.4 100.3 101.7 105.9 109.2 112.5 115.5 118.3 122.3 125.2 126.9 123.7 125.7 123.4 112.1 101.2 95.7 94.5 93.4 92.4 91.4 92.8 92.9 90 83.8 76.1 73.9 77.8 81.7 78.4 70 73 79.1 80.9 83.6 79.6 64.9 66.5 67.8 70.3 71.9 72.8 40.5 -1.9 -1.9 -1.9 -1.9 -1.9 -1.9 -1.9 -1.9 -1.9 -1.9 -1.9 -1.9 -1.9 -1.9 -1.9 -1.9 -1.9 -1.9 -1.9 -1.9 -1.9 -1.9 -1.9 -1.9 -1.9 -1.9 -1.9 -1.9 -1.9 -1.9 -1.9 -1.9 -1.9 -1.9 -1.9 -1.9 -1.9 -1.9
93.4 95.1 96.7 98.7 100.5 102.3 103 106.6 109.9 113.9 117.9 120.7 124.4 126.3 127.6 123.5 125.4 120.1 113 100.7 97.6 94.8 93.8 92.7 93.2 94.4 87.4 83.3 77.8 73.5 75.5 77.7 79.5 77.6 71.3 74 78.5 80.1 83.9 86.5 68.6 69.7 70.1 72.8 74.3 74.4 21.1 -1.9 -1.9 -1.9 -1.9 -1.9 -1.9 -1.9 -1.9 -1.9 -1.9 -1.9 -1.9 -1.9 -1.9 -1.9 -1.9 -1.9 -1.9 -1.9 -1.9 -1.9 -1.9 -1.9 -1.9 -1.9 -1.9 -1.9 -1.9 -1.9 -1.9 -1.9 -1.9 -1.9 -1.9 -1.9 -1.9 -1.9 -1.9
95.1 96.9 99.2 100.9 101.6 103.1 104.1 106.7 111.4 116.7 119.5 122.9 125.9 125.6 127 122.4 122.4 119.6 109.7 101 98.6 96.3 93.9 93.9 95.7 95.2 82.1 79.8 76.1 74.8 77.1 80.1 79.3 75.6 72.4 76 77.3 79.7 83.4 85.6 75.8 68.2 71.8 73.7 75.6 76.9 2 -1.9 -1.9 -1.9 -1.9 -1.9 -1.9 -1.9 -1.9 -1.9 -1.9 -1.9 -1.9 -1.9 -1.9 -1.9 -1.9 -1.9 -1.9 -1.9 -1.9 -1.9 -1.9 -1.9 -1.9 -1.9 -1.9 -1.9 -1.9 -1.9 -1.9 -1.9 -1.9 -1.9 -1.9 -1.9 -1.9 -1.9 -1.9
98.6 99.3 101.2 102.7 103.9 103.7 105.5 107.4 110.2 118 120 123.4 123.8 122.2 121.9 120.5 121.2 117.7 107.2 99 96.6 94.2 92.2 93.8 96 91.5 79.8 77.1 75.7 77.1 79.6 83.1 83.3 77.4 74.1 77.2 79.4 80.3 82.7 86.1 83.3 69.7 71.9 73.6 77.1 79.1 1.8 -1.9 -1.9 -1.9 -1.9 -1.9 -1.9 -1.9 -1.9 -1.9 -1.9 -1.9 -1.9 -1.9 -1.9 -1.9 -1.9 -1.9 -1.9 -1.9 -1.9 -1.9 -1.9 -1.9 -1.9 -1.9 -1.9 -1.9 -1.9 -1.9 -1.9 -1.9 -1.9 -1.9 -1.9 -1.9 -1.9 -1.9 -1.9
100.6 101.8 103.8 104.7 105.9 106.4 106.3 108.6 110.3 114.3 120.3 119.4 119.6 120.9 119.2 119.1 118.1 116.3 105.8 97.1 94.6 93.6 91.8 88.3 89.2 84.3 78 77.6 79.1 80.1 82.4 86.9 89.6 81.3 76.8 75.1 81.2 82.1 83.3 85.1 85.8 71.4 74.3 75.9 79.6 68.5 1.6 -1.9 -1.9 -1.9 -1.9 -1.9 -1.9 -1.9 -1.9 -1.9 -1.9 -1.9 -1.9 -1.9 -1.9 -1.9 -1.9 -1.9 -1.9 -1.9 -1.9 -1.9 -1.9 -1.9 -1.9 -1.9 -1.9 -1.9 -1.9 -1.9 -1.9 -1.9 -1.9 -1.9 -1.9 -1.9 -1.9 -1.9 -1.9
100.1 102.9 104.4 105.9 106.6 107 107.8 109.3 110.7 115.7 114.5 116.3 117.4 119.8 120 116.7 115.3 113.9 103.8 95.8 93.4 92.7 91.7 87.1 80.8 77.9 76.2 79.5 81.1 82.6 85.3 90.1 92.8 83.7 80.2 75.9 82.2 84.7 84.6 85.4 86.8 79.2 70.7 76.8 79.3 42.4 0.8 -1.9 -1.9 -1.9 -1.9 -1.9 -1.9 -1.9 -1.9 -1.9 -1.9 -1.9 -1.9 -1.9 -1.9 -1.9 -1.9 -1.9 -1.9 -1.9 -1.9 -1.9 -1.9 -1.9 -1.9 -1.9 -1.9 -1.9 -1.9 -1.9 -1.9 -1.9 -1.9 -1.9 -1.9 -1.9 -1.9 -1.9 -1.9
103.4 102.2 103.4 104.8 106.4 107.5 107.6 109.4 110.5 111.1 112.2 115.4 118.4 119.6 114.2 114.3 115 109.7 100.2 95 91.9 90.3 90.4 88.7 79.6 77.2 78.1 80.7 82.3 83.9 86.7 92 94.2 86.2 81.8 78.1 80.6 84.6 87.2 87.4 87.6 89.2 70.8 74 79.8 8.2 -1.9 -1.9 -1.9 -1.9 -1.9 -1.9 -1.9 -1.9 -1.9 -1.9 -1.9 -1.9 -1.9 -1.9 -1.9 -1.9 -1.9 -1.9 -1.9 -1.9 -1.9 -1.9 -1.9 -1.9 -1.9 -1.9 -1.9 -1.9 -1.9 -1.9 -1.9 -1.9 -1.9 -1.9 -1.9 -1.9 -1.9 -1.9 -1.9
104.6 103.3 103 104.1 104.8 106.4 107.3 108.5 110 110.6 111.5 114 118.3 113.3 110.9 111.8 112.9 106.9 98.2 94 89.2 86.4 87.1 83.1 77.6 78.1 80.3 82.4 84.6 90.3 90.7 92.7 93.2 87.9 83.4 81.1 78.3 84.5 87.6 89.9 89.3 89.6 70.7 62.2 29 1.6 -1.9 -1.9 -1.9 -1.9 -1.9 -1.9 -1.9 -1.9 -1.9 -1.9 -1.9 -1.9 -1.9 -1.9 -1.9 -1.9 -1.9 -1.9 -1.9 -1.9 -1.9 -1.9 -1.9 -1.9 -1.9 -1.9 -1.9 -1.9 -1.9 -1.9 -1.9 -1.9 -1.9 -1.9 -1.9 -1.9 -1.9 -1.9 -1.9
105.5 104.3 103.2 103.8 103.2 103.2 105 106.7 108.6 109.3 109.3 110.5 110.8 109.6 109 111 107 101.7 96.9 91.6 87 84.5 83 80.5 77.6 79.4 81.4 83.4 87.2 92.3 97.8 95.9 91.8 86.9 84.6 84.4 80.3 84.7 87.6 90 92.5 88.4 66.5 40.2 8.9 -1.9 -1.9 -1.9 -1.9 -1.9 -1.9 -1.9 -1.9 -1.9 -1.9 -1.9 -1.9 -1.9 -1.9 -1.9 -1.9 -1.9 -1.9 -1.9 -1.9 -1.9 -1.9 -1.9 -1.9 -1.9 -1.9 -1.9 -1.9 -1.9 -1.9 -1.9 -1.9 -1.9 -1.9 -1.9 -1.9 -1.9 -1.9 -1.9 -1.9
106.4 105.2 104 103.7 102.9 102.2 103.2 105.1 107.1 108.1 108.3 107.8 107.1 106.5 106.7 107.5 102.9 98.7 94.4 87.3 84.5 82.2 80.4 78.6 79.5 81.1 82.6 85.2 91.1 96.2 98.1 97.2 91 88.5 86.6 86.9 83.6 85.4 88.2 90.7 94.1 95.2 67.9 22.5 1.1 -1.9 -1.9 -1.9 -1.9 -1.9 -1.9 -1.9 -1.9 -1.9 -1.9 -1.9 -1.9 -1.9 -1.9 -1.9 -1.9 -1.9 -1.9 -1.9 -1.9 -1.9 -1.9 -1.9 -1.9 -1.9 -1.9 -1.9 -1.9 -1.9 -1.9 -1.9 -1.9 -1.9 -1.9 -1.9 -1.9 -1.9 -1.9 -1.9 -1.9
105.8 105.1 104.3 103.9 103 102.7 102.4 102.2 104 105.6 105.5 103.9 103 102.9 103.3 100.4 98.2 95.7 92.3 85.2 83.1 81.1 80.4 80 81.7 83.3 84.4 87.9 94 98.1 98 94.6 91.5 89.4 90.1 90.8 88.9 84.3 89.4 92.4 95.1 98.2 61.7 5.9 -1.9 -1.9 -1.9 -1.9 -1.9 -1.9 -1.9 -1.9 -1.9 -1.9 -1.9 -1.9 -1.9 -1.9 -1.9 -1.9 -1.9 -1.9 -1.9 -1.9 -1.9 -1.9 -1.9 -1.9 -1.9 -1.9 -1.9 -1.9 -1.9 -1.9 -1.9 -1.9 -1.9 -1.9 -1.9 -1.9 -1.9 -1.9 -1.9 -1.9 -1.9
105.9 105.4 105.4 104.9 103.5 102.8 103.1 102.2 101.2 101.6 102.1 101.8 99.4 98.4 98.8 97.4 95.5 92.7 88.2 84.3 81.7 79.1 81.7 83 84.6 85.5 86.8 92.4 97.3 98.5 95.4 92.7 91 91.1 90.2 92 93.4 85.4 89.8 92.2 95.9 96.9 53.6 5 -1.9 -1.9 -1.9 -1.9 -1.9 -1.9 -1.9 -1.9 -1.9 -1.9 -1.9 -1.9 -1.9 -1.9 -1.9 -1.9 -1.9 -1.9 -1.9 -1.9 -1.9 -1.9 -1.9 -1.9 -1.9 -1.9 -1.9 -1.9 -1.9 -1.9 -1.9 -1.9 -1.9 -1.9 -1.9 -1.9 -1.9 -1.9 -1.9 -1.9 -1.9
106.1 106.1 105.6 104.7 104.4 103.8 103.7 102.9 101.5 99.6 99.5 100.1 98.1 95.1 94.6 94.5 93.4 90.8 86 83.3 81.3 81.2 83.1 84.7 86.3 89.9 91.9 95.5 99.3 98.3 93.8 92.3 91.4 91.8 91.7 94.3 92.6 90 88.8 92.3 95.7 101.2 59.5 6.9 -1.9 -1.9 -1.9 -1.9 -1.9 -1.9 -1.9 -1.9 -1.9 -1.9 -1.9 -1.9 -1.9 -1.9 -1.9 -1.9 -1.9 -1.9 -1.9 -1.9 -1.9 -1.9 -1.9 -1.9 -1.9 -1.9 -1.9 -1.9 -1.9 -1.9 -1.9 -1.9 -1.9 -1.9 -1.9 -1.9 -1.9 -1.9 -1.9 -1.9 -1.9
104.2 105 105.2 104.9 105 104.1 104.7 104.5 102.9 100.8 97.9 97.7 97 96.5 95.1 91.5 89.2 87 84.6 82.8 80.9 81.5 83.6 85.6 86 87.9 91.4 96.4 97.7 95.6 91.5 90.9 91.3 92.7 93.9 98.1 92.3 90.9 90 92.3 95 98.8 62.8 14.4 0.6 -1.9 -1.9 -1.9 -1.9 -1.9 -1.9 -1.9 -1.9 -1.9 -1.9 -1.9 -1.9 -1.9 -1.9 -1.9 -1.9 -1.9 -1.9 -1.9 -1.9 -1.9 -1.9 -1.9 -1.9 -1.9 -1.9 -1.9 -1.9 -1.9 -1.9 -1.9 -1.9 -1.9 -1.9 -1.9 -1.9 -1.9 -1.9 -1.9 -1.9
102.6 103 103.7 103.8 103.6 104.5 105 105.4 104.3 102.3 99.5 97.9 97.7 98.9 97.8 94.4 92.1 90.8 87.3 85 83.2 80.6 83.6 86.1 85 86.5 86.9 88.8 91.3 90.3 89.7 90.2 91.6 93.4 96.4 99.8 92.8 92.2 92.2 94.1 95.8 98.6 101 20.6 1.6 -1.9 -1.9 -1.9 -1.9 -1.9 -1.9 -1.9 -1.9 -1.9 -1.9 -1.9 -1.9 -1.9 -1.9 -1.9 -1.9 -1.9 -1.9 -1.9 -1.9 -1.9 -1.9 -1.9 -1.9 -1.9 -1.9 -1.9 -1.9 -1.9 -1.9 -1.9 -1.9 -1.9 -1.9 -1.9 -1.9 -1.9 -1.9 -1.9 -1.9
100.1 100.6 101.4 102 103.2 104.5 105.4 105.8 106.7 103.9 101.9 100 99.5 99.8 99.9 98.2 94.4 91.9 89.4 87.2 84.7 84.3 83 84 84.1 85.5 85.3 86 86.6 87.5 89 89.4 90.3 93.1 100.2 97.5 93.8 92.4 92 95.5 97.6 98.1 101.6 30.8 2.7 -1.9 -1.9 -1.9 -1.9 -1.9 -1.9 -1.9 -1.9 -1.9 -1.9 -1.9 -1.9 -1.9 -1.9 -1.9 -1.9 -1.9 -1.9 -1.9 -1.9 -1.9 -1.9 -1.9 -1.9 -1.9 -1.9 -1.9 -1.9 -1.9 -1.9 -1.9 -1.9 -1.9 -1.9 -1.9 -1.9 -1.9 -1.9 -1.9 -1.9
98.7 98.9 100.9 101.9 103.1 104.6 106.3 106.5 106.8 105.7 103.2 101.3 101 101.9 103.1 101.9 97 93.2 90.8 89.1 89 89.3 88.9 87.2 86 85.2 83.9 84.6 85.3 87.5 89.3 89.9 91.2 92.3 96.5 96.2 99.9 92.5 91.8 92.8 97.8 98.3 101.3 45.1 16.7 -1.9 -1.9 -1.9 -1.9 -1.9 -1.9 -1.9 -1.9 -1.9 -1.9 -1.9 -1.9 -1.9 -1.9 -1.9 -1.9 -1.9 -1.9 -1.9 -1.9 -1.9 -1.9 -1.9 -1.9 -1.9 -1.9 -1.9 -1.9 -1.9 -1.9 -1.9 -1.9 -1.9 -1.9 -1.9 -1.9 -1.9 -1.9 -1.9 -1.9
94.8 98.7 101.3 102.9 104.9 105.6 107 107.3 106.7 105.9 104.5 104.6 104.7 105 105.7 104.9 100.2 96.2 92.5 90.9 91.6 93.8 94.7 91.3 88.4 86.8 85.8 84.8 85.8 88 90.8 91.6 91.6 91.5 93 96.9 102.3 90.7 90.1 92.3 95.2 99.1 101.6 105.6 17.6 -1.9 -1.9 -1.9 -1.9 -1.9 -1.9 -1.9 -1.9 -1.9 -1.9 -1.9 -1.9 -1.9 -1.9 -1.9 -1.9 -1.9 -1.9 -1.9 -1.9 -1.9 -1.9 -1.9 -1.9 -1.9 -1.9 -1.9 -1.9 -1.9 -1.9 -1.9 -1.9 -1.9 -1.9 -1.9 -1.9 -1.9 -1.9 -1.9 -1.9
92.7 95.7 98.9 102.9 105.1 106.9 108.8 109.4 108.3 107.3 107.5 107.8 107.6 106.9 106.2 103 99.7 97.2 94.4 93.5 93.2 95.9 97.7 92.9 88.9 86.6 85.7 85.4 86.4 88 91 93.3 92.8 92.7 93 94.7 98 89.3 90.2 92.6 95.8 97.6 100.7 75.6 15.1 -1.9 -1.9 -1.9 -1.9 -1.9 -1.9 -1.9 -1.9 -1.9 -1.9 -1.9 -1.9 -1.9 -1.9 -1.9 -1.9 -1.9 -1.9 -1.9 -1.9 -1.9 -1.9 -1.9 -1.9 -1.9 -1.9 -1.9 -1.9 -1.9 -1.9 -1.9 -1.9 -1.9 -1.9 -1.9 -1.9 -1.9 -1.9 -1.9 -1.9
89.9 92.2 95.6 98.7 101.9 106.8 109.8 110.8 111 111.2 111.3 110.8 104.7 101 99.2 97.2 95.3 95.7 96.1 95.1 94.7 96.5 96.7 90.7 87.5 86.6 86 85.4 86.5 87.7 89.8 92.9 93.6 93.2 93 93.5 97.3 88.9 89.7 92.2 95.8 96.9 100.1 45.4 14.6 -1.9 -1.9 -1.9 -1.9 -1.9 -1.9 -1.9 -1.9 -1.9 -1.9 -1.9 -1.9 -1.9 -1.9 -1.9 -1.9 -1.9 -1.9 -1.9 -1.9 -1.9 -1.9 -1.9 -1.9 -1.9 -1.9 -1.9 -1.9 -1.9 -1.9 -1.9 -1.9 -1.9 -1.9 -1.9 -1.9 -1.9 -1.9 -1.9 -1.9
91.1 89.2 91 93.4 96.2 101 103.5 108.1 111 112.1 111.9 110.4 104.5 97.6 93.1 91.4 91.1 92.4 93.8 94.3 93.6 93.5 91.2 88.6 87.5 86.7 86 86.1 86.6 87.6 89.2 91.2 92.5 92.5 92.9 93.4 96.1 95.5 89.9 91.6 93.7 98.1 65.6 26.2 3.6 -1.9 -1.9 -1.9 -1.9 -1.9 -1.9 -1.9 -1.9 -1.9 -1.9 -1.9 -1.9 -1.9 -1.9 -1.9 -1.9 -1.9 -1.9 -1.9 -1.9 -1.9 -1.9 -1.9 -1.9 -1.9 -1.9 -1.9 -1.9 -1.9 -1.9 -1.9 -1.9 -1.9 -1.9 -1.9 -1.9 -1.9 -1.9 -1.9 -1.9
91.9 90.8 88.5 88.4 92.3 94.4 96.7 98.8 101.3 103.9 104.2 101 97.2 93.4 89 87.7 88.3 89.1 91.7 92.9 92.5 91.2 90.3 88.8 87.6 86.7 86.5 86.8 87.3 88.3 89.4 91.3 93.2 92.7 92.3 92.7 96.5 98.7 89.6 92.5 90.7 95.4 44.6 11.9 -1.9 -1.9 -1.9 -1.9 -1.9 -1.9 -1.9 -1.9 -1.9 -1.9 -1.9 -1.9 -1.9 -1.9 -1.9 -1.9 -1.9 -1.9 -1.9 -1.9 -1.9 -1.9 -1.9 -1.9 -1.9 -1.9 -1.9 -1.9 -1.9 -1.9 -1.9 -1.9 -1.9 -1.9 -1.9 -1.9 -1.9 -1.9 -1.9 -1.9 -1.9
91.2 90.1 89.2 88.1 90.1 92.8 93.6 94.8 96.3 97 95.2 93.4 90.7 87.9 85.1 83.7 83.6 85.9 88.8 91.8 91 90.9 90 88.6 87.7 86.9 87.2 87.4 89 90 90.3 91.8 93.1 92.9 92.1 92.4 95.9 99.2 83.2 92.4 88.6 58.6 23.4 -1.9 -1.9 -1.9 -1.9 -1.9 -1.9 -1.9 -1.9 -1.9 -1.9 -1.9 -1.9 -1.9 -1.9 -1.9 -1.9 -1.9 -1.9 -1.9 -1.9 -1.9 -1.9 -1.9 -1.9 -1.9 -1.9 -1.9 -1.9 -1.9 -1.9 -1.9 -1.9 -1.9 -1.9 -1.9 -1.9 -1.9 -1.9 -1.9 -1.9 -1.9 -1.9
