Assets/StreamingAssets/GeoData/Data/ng/NG60.asc
ncols 200
nrows 200
xllcorner 160000
yllcorner 800000
cellsize 50
[rows 0 to 36 of 200, columns 0 to 81 of 200]
151.8 156.9 167.9 180.1 184.9 183.9 187.2 188.9 179.9 177.6 171.4 165.5 170.6 196.3 199.6 198 209.4 213.9 212.2 211.6 215.5 221.3 226.1 224.5 216.7 211.9 211.4 214.8 218.3 214.6 214.4 219.5 226.7 231.1 236.3 242.6 251 260.6 261.7 260.7 258.1 256.9 255.3 253.2 246.4 236.8 237.9 229.9 227.2 230.9 233.4 240.3 249.9 253.1 250.2 250.6 259.5 266.2 266.3 268.7 268.4 262.1 248.9 238.9 226.9 222 216.6 211.3 201.7 196.3 186.4 185.4 185 184.6 182.2 180 181 181.4 179.1 176.7 173 170.9
152.8 156.9 162 178.8 178.8 179.9 187.8 191.1 187.1 181.3 173.6 168.9 169.9 182.1 189.2 197.6 209 209.1 209.2 209 209.8 212.2 214.6 215 218.1 211.7 213.7 215.3 218.3 218 220.8 229.6 237.5 244.1 247.9 250 250.6 255.8 260 262.4 265.2 263.8 260 257.7 252.4 239.8 241.4 240.6 231.3 229.5 234.4 242.8 255.9 268.8 264 256.3 258.2 265.1 270.1 271.3 273.2 267 253.9 247.5 233.9 224.9 219.9 212.4 202.9 198.5 192.8 187.8 188 185.9 184.2 183.1 182.9 181.5 179.2 175 172.2 170.9
155.8 153.8 157.6 173.1 178.1 179 184.9 191.5 193.1 183.5 172.3 170.2 171 184.7 189.9 205.5 208 210.7 207.4 204.6 203.3 205.4 211.9 217.6 224.4 217.6 211.4 218.7 223.5 226.7 230.1 237.3 243.6 247.9 251.6 253.8 254.7 255.3 260.1 262.5 269.1 271.9 267.4 261.5 255.2 249.8 246.4 244.5 239 231.2 234.1 237.6 246.9 271 266.3 261.2 260.7 264 273.5 273.8 270.7 264.7 256 250.6 236.5 227.3 217.7 212.9 201.6 196.6 194.3 193 189.7 187.6 185.3 187.5 182.4 180.8 176.7 174.4 171.7 169.8
157 154.9 159.9 171.5 178.1 181.1 182 190.5 193.1 184.3 172.4 170.3 170.7 178.3 190 195.6 200.3 198.9 200.6 201.2 197.3 198.1 210.2 211.2 216.3 211.4 213.5 223.3 233.6 232.6 234.4 244.3 250.8 251.7 253.2 260.1 258.5 260.3 262.7 264.5 266.2 275.6 273.4 264.7 260.1 253.3 248.4 248.6 243.3 236.9 236.8 239.5 243.5 250.6 257.7 264.3 261.7 264.6 272.8 273.1 273.9 263.1 254.9 249.8 242.3 230.1 220 211.8 204.6 202.4 196.4 193.7 190.1 185.7 181.9 180.3 177.7 177.2 175.6 174.3 170.9 169.3
162.9 161.1 172.8 173.9 179.3 184.4 183 191.9 191.6 186.5 172.3 169.7 169.2 171 178.9 186.5 190.5 192.9 188.8 185.5 184.2 191.4 204.1 208.5 212.6 213.9 222.8 228.4 242.8 242.1 239.3 244.5 254 259.1 256.9 264 266.7 269 268 263.5 264.5 269.8 276.7 263.8 262 257.5 248.2 244.6 244.3 247.2 244.1 245.5 246 247 254.9 264.3 263.4 267.7 268.8 273.8 269.7 261.3 254.8 250.8 238.5 232.5 223.3 212.7 204.8 197 194.6 196.1 187.2 183.1 173.3 172.4 171.8 172.9 174.7 172.8 172.4 169.7
166 170.8 180.3 183.4 177.4 179.8 185.8 185.1 192.3 180.7 170.7 167 166.5 169.7 174.9 179.8 183.5 185.8 182.5 177.9 175.6 184.9 198.9 205.3 213.4 223.9 231.1 236.3 249.9 253.8 249.8 251 253.8 263 265.1 262.7 267 270.9 278.8 265.3 265.1 263.5 264.8 267.9 267.6 261.2 252.7 245 242.3 252.4 245.9 243.2 248 248.5 253.2 258.9 266.3 268.8 268.3 266.2 262.5 258.7 258 246.3 238 228.7 217.5 213 200 193.2 191.2 189 188.5 178.1 173.2 171.8 171.3 171.1 174.1 172.2 173.1 172.4
177.7 176 188.5 182.8 175.1 188 191.7 181.7 184 177 170.8 164.6 164.2 166.7 173 175.5 174.8 173.4 166.8 170.1 174 182.9 197 205.1 215.7 227.9 240.8 246.2 250.9 265.1 258.3 255.7 257.5 263 274.2 271.4 274.4 273.6 273.6 271.2 262.7 262 262.4 269 264.8 255.8 250.6 245 245.9 241.4 241.4 243 250.4 249.7 253.7 257.9 265.8 274.1 273.8 265.9 260 255.9 250.8 240.9 235.3 229.3 221.8 213.4 195.9 191.7 190.6 185.1 182.5 179.9 180.2 175.7 171.9 171.6 172.5 171.1 174.5 172.3
178.9 178.3 181.9 183.3 171.5 179.9 189.1 184.4 179 175.3 169.8 166 160.5 165.4 170.3 172.4 169.3 168.4 163.7 162.1 169.5 177.5 190.7 202.1 216.4 229.2 243.8 256.7 255.2 261.3 262.8 264.2 262.2 268.4 279.2 278.9 279.9 278.4 270.3 272.4 265.8 260.6 260.6 267.4 264.4 254.4 253.5 241.4 241.4 241.4 241.4 243.4 248.2 252.7 257.7 265.3 264.6 266.6 272.9 268.3 264.7 252.4 240.3 233.6 231.1 227.1 220.9 207.8 195.6 191.5 188.7 188.1 188.8 188.1 191.6 180.6 173.1 171.2 173.7 174.5 175.7 173.9
171.4 174.7 171.1 171.8 167.4 182.8 189.2 190.1 184.9 176.5 173.4 169.6 159.7 160.7 165.7 168.5 164.2 158.4 161 161.6 161.1 167.3 178.4 195.4 210 221.5 238 256 257.4 258.5 263.5 271.1 268.2 272.7 278.2 283.6 278.1 276.1 270.6 271 270.1 259.8 258.2 265.2 262.5 251.2 244.6 241.4 241.4 241.4 244.6 248.7 252.7 256.3 262.1 271.4 274.8 268.5 270.8 268.7 262.8 247.5 238.7 230.2 227.3 226.3 217.8 206.9 200.1 196.3 194.5 195 193.5 192.3 186.6 182.5 177.9 173 175.1 175.6 175.4 176
162.9 164.2 165.9 165.2 165.3 187.4 192.6 193 185.6 178.7 175.9 169.9 159.2 150.5 155.1 162.9 157.4 154.7 153.7 154.5 155.9 164.2 173 186.2 205 220 238.6 253.7 259 256.4 264.6 272.1 275.1 274.9 277.4 283.1 284.4 274.5 269.9 268.1 274.1 264.6 253.7 251.4 256.3 249.2 245.6 241.4 241.4 241.4 248.4 262 259.5 270.2 268.3 272.1 274.4 273.8 267.2 264.5 260 246 236.1 228.7 226.1 224.8 217.6 211.7 206.3 200.3 196.1 197.7 198.1 196 190.3 186.6 181.8 174.3 174.5 176.8 177.6 180
161.5 164.7 168.4 165.3 167.6 180.8 189.5 190.4 181.8 177.6 171.8 163.2 152.7 145.4 144.3 147 151.4 151.9 151.7 152 153.7 161 173.6 185.5 200.8 218.4 233.6 247.1 255.7 254.3 264.2 274.7 272.7 279 272.1 282 287.5 276.5 272.3 267 268.6 265.2 254.4 253.3 249.4 247.6 247 241.4 241.4 248.2 261.2 269.4 267.4 269.7 274.5 274.7 275.7 271.8 267.9 261.7 255.3 245.7 245.5 229.2 225.1 222.8 219.4 209.1 204.5 199.8 198 199.2 198.3 196.1 196.5 188.7 183.2 175.4 175 178.7 180.7 183.3
158.9 166.7 166.1 173.5 173 178.1 177.2 184.5 175.3 164.8 155.4 150.3 148.9 140.8 143.7 150.8 147.2 148.9 151.3 152.4 156 156.4 169.6 188.4 208.7 222.8 232.2 246 250.7 251.9 261 271.2 274 272.1 275.9 280 282.6 279.6 272.9 268 265.6 262.9 257.2 257.2 251.8 256.6 251.3 247.1 244.5 258 268.8 271.9 269.2 267.2 273.8 273.7 273.6 271.2 267.2 261 254.6 250.2 247.3 234.5 225.5 222.6 220.6 208.5 203.9 204 199.8 198 195.4 197.4 195.4 188.4 183.3 180.7 178.3 181.3 187.5 187.2
151.6 165.6 160.8 160.9 163 166 169.7 174.1 169.9 161.2 149.7 144.1 141.6 140 146.1 154.4 154.4 148.4 150 151.6 157.3 160.3 161.8 175.8 201.2 216.7 225.9 235 248.2 258.2 257.7 265.1 273.4 272.1 276.8 282.8 278.2 277.5 272.6 269.7 267.9 267.2 263.6 258.7 253 251.1 251.7 248.1 250.8 259.5 270.1 267.2 265.4 267.5 268.4 270.2 269.2 270.5 271.5 261.6 253.2 248.1 243.4 235.1 223.6 219.9 217.5 214.1 206.2 200.2 195.2 193.9 194.1 196.5 192.5 186.7 182.2 188.2 184.6 184.7 195.7 192.7
141.6 144.5 144.2 147.2 153 156.4 165.6 170.3 171.7 162.8 152 140.9 139.4 139.7 149.6 157.1 158.9 154.3 151 151.9 160.7 166.9 166.1 178.3 190.5 208.9 220.9 231.3 242.9 251 261.6 261.8 274.2 273.4 283.1 290.5 280.7 275.9 273.8 275.7 276.5 272.4 265.4 253.6 250.8 247.5 244.2 244.8 248.4 253.8 260.3 260.9 259.4 263.8 267.3 267.8 269.4 268 267.7 263.6 259.3 251.3 246.6 234.6 226.8 216.3 212.4 209 202.1 199 193.8 193.1 192.9 193.7 185.5 184.5 187.6 193.1 192.8 192.7 200.8 196.9
129.6 132.2 133.2 134.6 139.9 151.7 165 171.3 161 156.1 143.5 138.7 137.3 139.7 151.9 168.5 164 157.8 152.9 158.8 169.9 172.1 171.9 184.2 199.6 214.5 223.1 231.3 238.7 253.6 264.1 262.6 270.1 272.7 276.7 286.8 284.4 276.9 274.4 280.9 281.8 278.1 267.7 255.8 253.7 251 244.6 244.6 247.6 250.2 252.9 253.4 256.1 261.7 266.5 272.1 269 267.4 265.5 264.7 262.4 254.6 242.8 233.8 225.8 212.8 207.6 206.6 202.1 196.2 194.8 193.8 193.3 192.5 191.1 191 194.5 197.8 198 197.1 202.5 201.4
126.8 136.1 140.5 136.6 137.4 143 149.3 157.5 150.1 144.4 139.4 137.7 138.5 140.8 150.3 171.4 171.1 159.2 157.4 163.5 176.4 180.7 181.8 190.5 207.8 225.1 235.6 234.1 236.8 247.6 264.3 270.9 269.3 274.8 274.4 277.7 282.5 279.4 273.6 273.4 280 278.6 270.3 257.1 252.6 254 249.1 245.4 247.4 248 249 252.3 256.3 261.5 266 271.2 268.2 268.9 264.7 265.3 266.8 257.1 243 230.6 218.1 208.8 204.8 203.2 200.5 196.3 196 194.9 193.8 196.8 197.6 194 195.4 199.3 203 202 200.4 204.5
129.3 140.5 143.5 143.2 142.7 148.1 147.3 148 149.4 141 137.9 136.9 142.8 151.5 162.8 165.2 182.6 171.1 167 170 177.6 187.5 191.2 191.2 202.4 223.6 233.2 233.2 235.3 243.1 270.1 273.7 276 279.8 276.7 276.2 278.5 277.8 271.4 270.4 274.4 278.5 270.7 258.2 252.5 252.4 245.3 245 247.1 248.3 250.2 254 254.7 257.1 262.6 266.7 267.5 267.6 264.5 268.1 268 253.5 241 226.7 214.6 209.8 203.2 200.9 199.9 200.5 195.8 194.4 193.4 194.8 196.6 197.1 199.7 204.8 205.8 204 201 202.8
127.3 135.4 139.9 142.9 141.3 153.1 148.6 146.2 150.6 138.9 135.9 137.3 148.8 162.7 179 174 180.7 185.1 178.7 175.6 183.1 193.8 197.2 196.3 195.7 205.2 222 233.6 237.8 247.4 269.6 279.5 283.3 284 283.6 280.2 279.2 275.5 269 267.2 270.9 273 268.6 261.5 256.2 248.1 249.4 244 242.7 250.6 256.6 256.9 255 255.4 260.7 258.1 257.4 258.2 262.8 264.7 265 249.2 229.2 224.1 213.3 210.4 206.2 206.8 208.6 202.5 196.6 196.4 194.9 195.8 201.9 202 204.8 210.5 208.9 205.2 201 201
116.3 129.5 134 136.3 145.5 144.9 149.9 141.5 147.8 137.6 135.4 137.4 149.9 172.5 188 183.5 181 186.7 188.7 186.1 185.3 194.9 198.7 207 204.6 202.3 207.4 224.6 243.4 252.9 275 284.1 288.6 288.7 288.3 286.4 284.2 273.8 265 263.6 268.8 272.2 270.6 265.8 261 249.6 244.5 240.7 240.6 245.4 259.3 255.4 254.5 259.3 258.2 256.2 254.2 253.1 252.5 248.9 247.3 236.7 228 216.3 214.6 219.8 215.8 216.3 212.2 203 200 198 197.3 197.8 202.9 206.6 209.7 209 206.7 201.9 201 206.2
102 118.1 130.6 141.3 149.5 150.1 146.7 138.9 140.7 134.8 137.4 139.4 158.7 184.3 189.3 191.5 184.9 185.5 189.3 193.8 188.1 191 197.8 211 215.2 207.7 204.3 208.2 230.3 251.8 268.3 284.7 287.5 288 289.4 286.9 272.3 269.1 262 260.1 268.2 274.8 274.2 271.3 266.5 255.5 238.5 234.8 235.5 241.7 250 254.5 253.7 256.6 257.5 257.7 251.4 246.6 244.3 241.5 235.8 228 219.6 215.6 217 218.8 220.5 214.2 209 202.7 200.4 197.2 198 199.1 202.4 205.5 209.1 208.9 208 201 201.6 211.9
88.8 110.3 129.4 143.3 151.7 152.8 142.1 138.5 134.3 137 140.1 150.4 167.1 192.5 193.1 191.9 189.1 193.9 190.1 192.3 191.7 189.7 191.5 209.6 223 215.9 202.9 204.5 211.8 228.8 259.2 277.5 281.9 282.6 279.9 278.3 270.6 262.2 257.4 254.3 259.6 269.6 267.5 264.3 260.7 249.6 237 229.9 234.5 240.4 253 254.9 251.7 252.2 253 253.6 250.2 246.1 242.8 233.2 229.9 221.5 216.7 212.5 212.7 217.8 219.2 211.5 209 201.1 201.3 196.9 196.9 199.7 204.9 206.3 205.6 207.3 206.3 204 215 216.2
86.5 103.9 129.9 145.7 151.7 149.4 146.2 144.1 133.6 142.3 154.5 159.5 175.2 200.1 194.3 198.1 191.9 192.1 190.2 193.3 195.9 193.5 189.6 206.8 216.9 217.1 204.8 199 203.7 209.7 231.9 263.8 272.8 270.9 266.6 260.3 255.2 254.1 251.1 245 250.2 264.9 266.9 260.8 251.4 246.8 236.3 229.2 232.2 236.8 252 251 249.7 249.9 252.4 257.7 251.9 244.3 239.3 229.7 222.5 220.4 214.9 212.5 213.7 222.1 219.3 207.8 199.8 196.3 197 197 197.3 197.8 201.6 204.8 203.4 200.5 199.9 202.3 216.8 218.3
86.4 104 123.4 141.6 151.6 152.3 150.6 147.4 138.8 148.3 150.1 176.5 182.9 188.5 192.8 200.4 197.2 188.5 187.6 194.2 201.8 190.3 187.2 197.3 208.9 212.6 199.7 193 194 200.2 214.3 227.7 242.5 254.9 257.1 245.4 241.1 244.4 247 237.8 238.2 251.2 254.7 253.6 245.3 237.3 235.5 230.5 221.3 227.1 236.6 241.2 245 247.7 250.4 251.8 246.9 237.2 237.6 225.3 219.8 216.8 212.5 213.1 216.8 220.2 217 202.4 195.3 193.3 196.8 196.2 194 196.1 197.7 200.9 197.1 197.5 197.3 201 214.7 216.5
81.4 101.6 122.1 146 153.8 156.1 154.1 149.9 142.5 135.3 147 174.6 182.1 181.4 187.2 203.1 202.6 186.5 184.7 196.5 197.4 187.5 182.1 188.5 200.3 199.9 199.2 189.4 188 191 201 206.5 215.3 219.6 236.4 232.6 228.3 231.9 234.3 224.6 222.8 230.3 232.2 227.9 224 222 225.1 229.9 212.1 218.4 230.6 240.8 239.3 239.9 242.5 242.2 232.5 230.3 230.2 218.4 214.1 211.6 211.5 213.3 216.1 221.9 212.1 195.2 189.1 190.8 196.7 195.3 193.6 193.4 193.9 195.3 193.6 194.3 195.3 199.5 214.9 209
85.3 100.2 124.4 145.8 153.5 160.2 162.8 153 145.7 131.9 139.6 163.4 174 173 184.7 201 196.9 183 183.1 195.9 189.5 180.4 175.3 175 195 189.8 191.4 187.7 186.7 187.9 194.9 201.9 201 203.8 205.3 209.4 208.2 211.2 213.4 211.3 204.7 214.6 215.2 213.3 216.8 217.8 212.9 212.8 202.6 204.7 225.6 235.4 233.2 235.1 235 230.5 224.1 222.4 222.1 214.8 209.1 208.5 207.7 211.1 216.5 215.8 206.6 188.3 184.3 193.1 194.2 191.6 190 191.4 190.9 191.1 193.5 194.5 195.7 196.3 197.3 200.2
93.2 109.1 128.5 143.7 154.6 163.3 166.5 151.3 142.1 132.6 132.1 151.5 165.7 168.4 178.4 187.6 190 181.8 178.5 185.9 174.9 169.1 165 166.9 182.5 184 181.4 186.6 184.3 187.5 187.1 195.3 198.6 198.3 195 201.5 202.8 209.5 202 197.3 191 194.4 197.1 202.8 204.7 209.5 205 203.4 197.5 201.3 211.6 225.6 227.6 231.8 236.3 233.3 224 212 209.1 206.9 202.7 203.9 199.3 202.6 208.6 209.7 200 182.9 179.6 185.7 185.2 186.5 188.7 189.2 189.5 191.4 194.3 195.8 198.2 196.6 197.3 198.3
102 128 133.7 147.5 152.9 159 156.7 144.7 135 129.8 131.4 142.5 161.7 168.2 175.2 178.8 182 179.5 174 176.6 175.4 163.9 158.2 165.7 177.4 173 172.1 178 182.5 174.7 175.6 180.2 189.6 190.1 189.8 195.3 195.6 196.2 191.6 183.7 180.7 182.4 187.8 189.2 196.4 198.6 195.7 192 190.4 199 202.2 213.3 223.6 225 238.1 237.8 219.3 209.2 200.3 196.8 196.5 197.4 189.5 196.4 200.1 199.2 193.1 174.7 174.2 177.6 179.5 184.6 188 187.1 190.5 192.5 194.6 197.9 198.9 198.1 204 200.2
104 131.3 136.2 145 154.2 158 155.2 145.3 139.1 129.8 130.8 142.3 164 178 178.1 178.1 177.2 176.9 166.4 166.6 162.5 159 153.5 158.2 168.1 165.4 162.1 163.2 167.1 168 163.1 163.5 167.1 170.2 176.7 181.8 180.2 183.9 180.3 175.6 175.9 172.2 177.4 181 184.9 190.2 188.6 185.2 185.2 192 194.8 198 208.1 218 214.1 221.1 216.5 206.7 197.4 191.3 190.3 185.8 186.1 190.5 188.4 187.1 173.6 174.3 174.3 174.3 176.9 184.5 186 190.5 193.5 195.1 197.2 202.8 210.9 216.9 215.8 212.4
105.5 129.5 135 137.9 148.3 152.6 147.1 145.4 137 124.7 119.8 132.4 146.3 172.9 176.4 171.1 170.7 167.7 167.2 156 155 149.4 146.2 151.1 153.4 155.4 154 157.4 151.4 154 150.4 147.3 150.5 152 160.3 160.5 158.1 158.9 160.3 157.5 159.5 163.7 167.8 175.9 178 175.7 177.7 176.2 181 183.5 184.3 184.8 190.7 201.2 200.1 197.9 205.3 196.2 190.3 184.5 183.3 181.1 179.8 179.9 176.9 173.6 174.3 174.3 174.3 174.3 174.9 183.2 190.4 194.1 197.3 198.6 202.6 210.6 213.3 217.9 219.7 216.6
107.4 120.3 123.6 132.2 144.1 148.2 143 134.9 126.6 120.5 117.2 123.4 137 160.9 168 168.6 163.4 161.7 159.5 149.2 146.7 142.2 140.4 143.5 145.6 151.5 146.9 147.9 144.9 144.6 139 136.7 136.6 138.9 141.6 142.8 144.2 145.7 146.8 149.5 145.5 152.3 159.9 165.6 166.6 168.4 171.8 176.2 178.2 178.4 177.8 177.5 177.2 184.5 185.5 182.9 181.6 180 179.5 177 176.6 174.3 173.9 174.3 174.3 174.3 174.3 174.3 174.3 174.3 176.4 186.1 191.7 198.1 201.4 203.9 210.1 214.9 213.2 218.2 218.8 217.3
111.7 112.3 119.1 124.2 137.7 144.1 141 133.3 123.5 117.8 112.7 118.3 129.5 146.1 161.8 159.7 156.8 154.1 153 145.8 143 137.3 134.5 139.8 139.2 135.9 138.4 137.4 136.6 131.2 130.4 131.9 134.3 136.8 138.1 139.3 140.8 142.2 144 143.3 142.4 143.5 145.3 147.7 161.2 169.7 173.1 174.4 178.1 176.1 174.3 173.6 173.7 176.8 183.4 179.2 174.8 174.3 174.3 174.3 174.3 174.3 174.3 174.3 174.3 174.3 174.3 174.3 174.3 174.9 180.2 185 193.2 199 202.6 207.5 213.7 214.5 213.9 219.5 216.7 214.3
113.7 110.1 112.9 115.7 128.4 139.1 135.7 128.2 122.2 115.5 112 112.9 126.2 135.9 156.8 159.5 156.6 149.3 143.4 141.1 136.7 131.6 127.4 129.2 128.8 130.7 131.8 134.8 127.2 126.7 127.4 126.5 127.2 129 132 134.5 137.7 138.6 140.3 142.4 139.9 143.2 144.6 148.6 151.4 162.1 170.7 172.8 174.3 174.1 172.5 172.4 172.1 172.9 176.6 175.6 174.3 174.3 174.3 174.3 174.3 174.3 174.3 174.3 174.3 174.3 174.3 174.3 174.3 179.8 182.2 186.9 195.7 200.5 207.1 212.6 217.3 217.4 218.5 220.9 217.7 211.3
115.4 111.7 110.3 113.5 115.1 129.9 131.9 124.7 123.1 114.7 111.7 110.1 118.7 127 151.4 157 162.4 153.5 144.9 135.6 133.5 130.8 125.3 126.9 126.4 125.1 125.9 126.9 125.1 125.1 125.1 125.1 125.1 125.4 125.6 131 135.7 136.5 139.5 138.8 138.5 142.2 144.3 142.7 150.2 159.6 165.2 167.7 171.2 174.7 171.7 171.9 172.8 173.3 175.1 177.7 178.3 175.5 174.3 174.3 174.3 174.3 174.3 174.3 174.3 174.3 174.3 174.3 174.3 176.5 185.1 186.6 194.7 202 207.3 214.4 218.8 217.1 221 222.3 218.4 214.9
111.2 107.9 109.1 108.7 113.3 120.5 121.3 121.7 118.6 112.6 109.1 107.8 110.6 118.6 132.1 145.6 157.6 157.2 148.1 136.3 131 126.9 125.1 125.1 126.6 125.1 125.1 125.1 125.1 125.1 125.1 125.1 125.1 124.7 126.6 129.1 129.2 130.3 132.5 136.4 136.9 140.5 140.4 142.2 151.9 157.7 170.2 172.7 173.9 172.9 175.6 174.8 176.1 177.6 180.1 185.9 184.9 178.7 176.1 175.5 174.3 174.3 174.3 174.3 174.3 174.3 174.3 174.3 174.3 174.3 179.4 184.6 193.6 200.1 208.1 212.6 218 217.1 221.9 222.1 219 216.3
109.3 107.3 107.1 107.1 109 115.7 119.5 119.8 118.5 114.1 108 105.7 108.5 111.5 120.5 136 147.5 151.4 149.7 136.7 129.6 126.4 125.1 125.1 125.1 125.1 125.1 125.1 125.1 125.1 125.1 125.1 125.1 125.1 127.8 130.8 133.4 135.6 136.4 133.5 137.7 141.3 141.5 143.1 146.7 156.8 162.9 167.6 172.6 176.9 178.4 178.5 182.1 187 189.2 193.3 192.9 189.5 185.6 183.6 183.5 176.9 178.3 176.4 174.3 174.3 174.3 174.3 174.3 174.3 174.3 178.6 192.4 198.4 204.6 210.5 214.9 218.1 222.4 222 219.2 214.8
110.6 108.3 106.1 105.4 105.3 110.4 119.1 123.2 117.8 111.6 107.9 104.7 105.6 108.9 111.4 126.5 139.1 145.4 143.9 135.9 128.3 125.1 125.1 125.1 125.1 125.1 125.1 125.1 125.1 125.1 125.1 125.1 125.1 125.1 127.9 132.9 135.9 139.4 140.9 139.2 140.3 145.5 146.7 146.1 147.1 156.3 165.5 169.9 176.1 180.3 185.8 187.1 189.9 203.9 203.1 198 195.4 194.8 200.7 190.6 189 183.1 184 181.9 175.1 174.3 174.3 174.3 174.3 174.3 174.3 174.3 183.7 189.5 203 209 213.8 217.5 221.7 221.3 217.7 213.3
112 108.8 106.4 105.4 104.7 107.2 117.8 117.4 110 105.1 104.3 103.7 104.2 105.2 106.7 109.9 127.8 143.2 140 139 127.9 125.1 125.1 125.1 125.1 125.1 125.1 125.1 125.1 125.1 125.1 125.1 125.1 125.1 130.5 134.8 138.1 141.8 143.6 144.7 145.2 151.5 156.3 155.2 150.6 168.5 176.3 181.6 191.1 194.7 201 207.6 202.2 205.1 216.7 209.3 201.5 205.2 210.4 202.6 195.1 191.4 188.8 191.4 178.3 173.4 174.3 174.3 174.3 174.3 174.3 174.3 176.3 192.9 205.2 208.9 217.5 219 222.1 223.2 218.9 215.3
