Assets/StreamingAssets/GeoData/Data/ng/NG61.asc
ncols 200
nrows 200
xllcorner 160000
yllcorner 810000
cellsize 50
[rows 37 to 73 of 200, columns 83 to 165 of 200]
212.1 207.8 203.9 199.1 191.8 189.6 181.8 173.2 165.8 161.7 152.7 155.8 157.3 153.8 152.2 147.9 149.6 143.2 138.8 131.8 135.8 130.6 134.1 140.4 135.7 134.1 130.8 118.6 120.4 116.1 109.9 110.5 110.2 115.9 119.3 125.2 128 133.7 136.8 132.3 124.8 120.2 113.9 108.4 98.8 100.3 103.2 103.7 104.9 106.6 110.2 112 111.1 112.7 110.9 101.7 99.2 98.6 93.9 90.1 89 86.3 84.4 82 79.9 78.2 68.7 62.4 54.5 50.9 46 35.6 35.1 32.7 33.3 31.8 30.2 29 28.1 26.2 25.2 24.6 24.5
205.5 199 192.1 191.8 184.5 182.5 174.2 170.5 161.9 157.1 146.2 151 150.8 149.8 145.6 142.9 142.3 139.5 133.6 128.5 131.4 126.7 131.1 134.7 127.9 126.8 119.2 107.4 109.9 108.5 109.4 107.5 110.2 113.1 118.7 122.6 126.5 131.2 132.4 127.7 124.7 112.3 104.5 103.8 95.3 98.1 98.9 99.1 100.1 102.4 105 107.9 110.7 113.6 113.8 104 100.3 99 92.4 90.9 89 86.5 85.1 83.1 79.7 69.7 62.1 57.8 51.4 48.4 39.4 35.1 34.1 32.2 32.3 30.8 29.6 28.4 26.9 26.1 25.7 26.4 21.8
195.3 191 187.7 182.4 179.4 176.4 172.3 162.6 155.7 148.6 143 144.6 145.8 140.5 142.5 137 135.1 133.7 124 128.2 120.3 124.8 130.2 128.6 114.4 116.9 114.9 101.4 101.8 104.3 107.5 107.5 107.1 109.9 113.7 119.7 121.4 122.3 119.7 122.1 118.9 108.4 99.5 94.6 95.9 99.7 98.6 96.9 97 98.6 101.1 107.3 111.1 117.4 115.9 102.3 98.4 95.1 92.5 90.6 88.6 86.5 85.3 83.9 77.6 69.4 59.2 52.9 45 38.9 35 34.2 32.7 31.1 29.7 29.5 29.1 26.5 24.6 26.1 25.7 21.7 17.6
185.8 183.3 181.5 177.9 171.2 167.7 162.8 157.8 149.6 144.5 141.4 141.9 142 137.2 139.9 135.7 130.5 121.1 121 116.2 119.9 124.3 127.6 120.2 109.8 112.6 110 99.1 99.6 104 106.8 109.2 102.7 108.2 111.4 113.2 112.5 112.6 114.3 112.9 110.5 107.5 93.2 90.7 93.5 97.2 97 94.8 95 97.2 102.7 108.8 112.7 116.4 111.2 97.5 94.9 94.4 93.6 89.3 88.3 85.3 81 80.7 71.1 64.8 53.5 42.1 34.9 33.6 33.9 33.1 32.3 31.1 28.6 27.1 27.2 25 21.8 24.3 24.1 18.7 16
181.6 175.6 173.3 170.9 165.5 159.5 154 145 146.4 139.3 134.3 135.7 136.2 133.5 130.1 124.9 125.7 115.1 113.6 112.3 116.3 122 118.3 111.7 109 109.1 106.6 98 97.9 102 104.5 107.4 100 105.1 105.8 109.5 108.8 107.7 108.4 107.7 109 102.3 86.1 88.7 88.4 90.7 92.3 90.8 94.4 96.7 104.5 109.2 107.1 105.4 102.4 95.5 93 93.7 90.9 87.6 86.9 79.3 76 71.2 65.9 54.2 43.2 34.8 32.4 33.1 34.4 33.3 32.2 31 29.4 27 26.2 27.4 26.9 21.8 14.2 17.3 14.5
176.4 169.3 163.1 162.9 152.6 148.8 138.9 137.6 135.8 134.2 129 134.6 127.4 129 122.5 120.8 120.1 112.5 111.5 108.2 112.4 118.6 111.2 105.1 106.6 105.7 104.9 99.5 97.1 100.2 99.1 100.2 98.8 100.6 103.1 105.5 109.3 105.7 101.8 104.5 103.1 90 81.8 86.1 83.9 82.2 83.8 89.2 93.4 97.3 98.9 97.8 95.7 94.6 90.8 90.8 87.4 89.2 87.7 85.3 80.2 72.7 67.7 64 55.8 45.3 38.2 32.8 33.5 34 34.7 33.9 32.9 31.8 30.2 28.1 28.3 30.7 31.7 25.8 17.6 14.6 12.3
167.6 163.5 156.5 149.9 144.6 139.9 131.2 132.8 127.7 129.3 128.3 126.9 125.1 117.7 112.6 118.6 117.6 113.1 114.5 106.1 110.7 108.2 102.6 100.7 104.7 104.2 105 104.2 94.4 95.7 92.4 92.1 95.9 95.9 97.7 99.9 99.8 98.4 100.1 103.5 90.4 82.5 78.9 81.4 80 84.6 85.8 92.1 94 94.2 96.2 92.5 88 88.5 87.1 87.6 82.9 78.1 77.8 78.1 74.1 67.5 62.5 55.7 49.1 39.1 36.2 32.6 33.1 34.2 34.8 34 33.2 32.7 31.4 30 30.3 29.3 30.8 22.9 16.9 13.3 10.3
159.3 155.5 148.5 140.5 140.1 128.3 126.8 124.3 122.3 125.6 126.1 120.5 117.2 114.8 109.4 115.4 112.4 108.3 105.1 102.5 102.5 101 100.1 100.7 102 101.3 102.7 100.9 93.6 93.4 88 92 92.5 92.4 92.7 93.3 94.1 95.4 102.6 95 79.9 71.2 74.8 72.9 81.9 90.8 89.3 91.9 89.7 89.1 88.8 86.4 84.4 81.6 81.3 80 76.8 74.5 72.7 68.9 70.3 63.3 57.3 49 41.5 39.4 38.2 33.1 33.7 34.8 35 34.8 34.8 34.8 36 32.3 32.1 24.4 21 18.2 17.5 12.7 11.4
147.7 146.4 140 129.6 129.5 119.8 120.9 117 123.1 122.9 123.9 116.3 108.8 108.3 108.3 113.2 104.3 100.6 99.1 102.9 102.1 101.4 100.8 100.9 99.7 100 100.8 96.8 84.7 83 85.3 86.8 88.7 90.8 90.8 86.8 88.5 90.8 87.1 77.7 67.9 69.6 68.6 81.5 86 89.1 90 87.7 87.2 86.7 85.5 82.9 81.5 78.9 76.8 74.7 74.8 71.1 67.9 66.1 64.7 62.1 55.1 44.5 40.5 37.1 33.7 32.6 33.7 34.7 36 36.3 36.6 37.7 33.7 29.7 23.3 22 18.1 13.6 13.8 10.1 5.1
144.3 139.3 128 122.3 123.1 115.9 110.7 112.1 118.2 118.1 121.2 107.5 101.3 101.7 102.2 108.5 105.3 98.3 97.8 99.8 102.4 103.5 102.4 104.1 101.7 100.4 100.4 91.7 81.3 79.9 82.8 82.3 83.2 85.2 82.9 82.8 78.8 75.8 69.3 65.6 65.3 67.1 75.4 83.9 87.3 88.9 88.8 88.2 86.2 85.2 82.6 81.3 81.6 80 79 74.3 72.4 70.1 67.5 65.4 63.5 62.5 54.7 47.5 40 37.1 34.8 33.9 32.3 34.1 36.1 36.9 37.1 37.2 32.6 23.6 21.6 19.9 13.4 11.4 6.6 4.8 4.6
140.7 133.7 119.7 118 116.1 107.1 107.7 108.1 114.7 112.9 114.1 99.4 92.4 100.7 100.9 98.7 99.6 97.7 97 97.7 99.7 101.5 102.3 101 99.2 97.7 100.2 90.3 82.3 77.2 78.1 79 77 73.8 75.2 72.6 68.5 64.1 62.2 63.5 65.7 74.1 84.1 93.3 94.6 90.9 90.2 89.8 89.8 89.1 85.1 85.1 84.7 83.6 80.7 75.3 71.7 67.7 61.1 61.9 58.5 54.7 51.2 43.3 38.6 36.7 33.7 33.4 29.5 32.6 35.3 37.5 37.5 37.9 30 21.1 20 14.7 10.1 7 4.6 3.9 4.8
136.4 127.3 112.6 108.9 108.9 102 104 103.9 108.5 106.3 104 91.8 90.8 97.8 101.4 97.1 101.6 97.6 96.4 96.6 98.9 100.5 100.9 98.5 96 95.2 97.2 92.7 81.1 70.6 73.1 71.6 67.9 66.5 64.2 64.7 62 57.3 59.6 62.8 72.3 81.9 93.3 100.7 99.3 99.8 94 91.6 91.3 90.1 88.5 86.6 85.9 84.3 78.6 75.8 73.1 69.6 65.3 58.6 54.6 49.8 43.4 38.8 36.5 33.7 32.1 31.1 30.5 29.8 35 37.7 34.9 30.3 24.3 18.8 17.7 6.7 5.4 4.7 -1.9 -1.9 4.1
130.6 120.6 113.3 100.9 100.1 97 100.9 100.4 100.2 94 85.4 83.7 88.4 93.1 97.2 94.6 97.6 100.2 96.6 95.6 97.1 96.6 97.9 95.4 95.2 92.8 92.4 84.5 77.1 62.6 63.8 63.5 62.6 58.1 59.1 55.2 53.4 55.2 59.7 68.4 74 82.9 89.5 92.4 99.7 99.2 106.5 94.3 92.3 90.4 88.8 88.9 87.6 85 79.8 74.4 71.2 67.5 64.1 61.5 57.5 49.8 37.4 36.2 34.8 32.2 31.1 28.7 28.2 29.2 28.9 28.2 27.9 20.8 16.7 14.7 11.8 3.5 3.3 4.3 -1.9 -1.9 3.2
121.3 113.2 104.8 93.5 94.8 91.6 96.6 97.9 91.1 83.5 82.1 82.1 84.2 89.9 90.6 91.9 93.2 98.1 97.3 95.8 97.7 94.4 94.5 92.1 90.6 88.4 83.4 79.4 72.6 62.3 55.4 52.3 52.9 50.8 51.2 50.3 53.6 60.1 62.3 68.1 71.2 74.3 85.1 86.4 92.6 98.2 103.1 98 92.8 90.9 90.9 91.5 88.8 85 78 71.6 68.1 66.2 64.3 63.1 57.3 51.5 41 33.1 32.1 30.6 29.6 27.7 26.1 24.5 21.6 20.5 14 9.7 4.5 3.3 2.6 2.6 1.9 -1.9 -1.9 -1.9 9.6
119.8 114.5 95.7 89.7 90.2 88.2 92.3 94 87.2 73.9 74 79.9 80.1 85.8 83.9 88.4 90.8 93 92.4 97.7 95 91.5 89.7 89.6 89.1 84.7 76.5 72.7 67.5 65.4 59.5 52.8 49.6 46.3 44.7 47.9 53.9 55.6 58 62.1 67.5 71.5 75.3 82.6 90.3 96.9 99 99.2 93.7 90.4 90.1 88.7 84.8 79 70.7 66.4 65.7 64.7 64.4 62.2 55.9 48.9 37.1 30.2 30.7 29.5 29.7 27.2 25.3 20.2 15.5 13.3 9.4 3.1 2.6 2.4 1.4 0.5 -1.9 -1.9 0.6 8.1 14.1
114 111.8 94.1 91.3 84.5 84.4 88.9 85.2 74.5 64.9 68.2 75 80.2 80.8 80.9 85 86.6 86.9 92.3 95.4 92 91.6 89.5 88.4 82.3 78.1 72 68.7 67.3 66.6 63.4 60.4 48.1 44.4 41.5 45.6 48.2 50.6 55.8 63 64.1 68.7 77.1 81 89.1 94.5 100.1 97.5 93 89.6 87.1 87.2 78.4 71.3 66.6 65.6 61.3 60.5 59.1 57 52.2 43.7 33.1 28.5 27.3 28.5 31 28.2 21.7 17 12.1 6.4 9.2 4.8 2.5 1.5 0.6 -0.6 -1.9 0.6 2.4 9.8 17.5
106 107.5 89.9 86.1 77.5 80.9 84.7 77.3 63.3 59.9 64.8 72.5 75 76.3 77.8 77.9 82.4 86.5 86.6 86.6 86.9 86.3 84.9 83.7 78.8 71.2 65.5 64.5 64.8 65 60 50.8 45.4 41.7 40.1 44.6 46.2 48.6 54.5 55.6 58.4 63.9 71 79.4 88.3 93.6 96 92.7 92 88.4 81.3 74.5 68.8 67.9 63.6 60.3 54.9 49.6 45.9 43.4 39 31.8 28.9 26.1 25.1 26.5 31.1 26.6 17.4 13.6 12 6.1 2.5 2.3 1.6 0.6 -0.3 -1.9 -1.9 2.3 7.5 10 18.5
97.4 97.4 81.7 79.9 77.6 74.4 78.1 68.5 58.1 55.6 61.1 66.8 71.2 70.3 69.7 66.6 76.8 77.2 77.8 77.7 78.6 78.9 78.1 77.3 71.5 64.8 62.6 62.6 62.7 53.6 49 43.2 42.2 38.7 39.4 40.8 44 47.2 47.8 51.7 55.2 61.2 67.3 75.7 81.4 85.3 87.5 89.2 87.6 81.9 72.4 66.8 63 58.9 54.9 51.2 44.7 44.2 36.1 31.7 28.2 25.8 24.1 23.6 24.4 23.9 25.8 19.8 13.3 11.6 9.8 2.6 1.8 1.2 0.6 -0.2 -1.9 -1.9 -1.9 8.2 15.4 17.1 16.9
88.8 86.6 79.3 73.2 70.7 68.8 71.8 66 52.2 51.9 55.5 61.5 63.6 65.9 66 65.2 70.1 71.1 72.2 73.2 74.2 76.9 73.3 67.1 64 61.3 59.3 62.3 55.5 45.7 39.5 39.3 38.2 38.1 39.2 40.1 42.5 46.1 50 52.6 55.3 58.7 62.4 69.2 77 81.7 82.3 77.4 75.3 70.4 67.4 64 58 53.2 46.5 39.1 34.9 32.8 28.7 26 23.7 21.3 21.2 19.5 23 19.9 10.9 11.2 10.3 9.5 5.7 1.9 0.9 0.1 -0.5 -1.1 -1.9 -1.9 7.1 11.9 19 22.5 18.7
77.1 78.5 72 68.8 64.1 65.7 69.6 52.1 42.9 50.1 54.9 58.1 58.9 60 59.3 61.1 66.3 68.8 70.4 72.7 77.3 74.6 62.5 60 57.3 56.1 52.3 46 45.7 41.3 38.6 37.5 36.8 37.1 40.2 40.6 42.4 48.5 52 54.6 56 58.7 61.5 64.1 70 73.6 75.2 67.9 62.6 62.9 64.4 62.7 56.2 47.3 42.7 35.4 26.8 24.4 26.1 21.2 19.7 16.9 19.6 17.1 19.5 13.3 10 2.6 2.6 2.7 1.8 1 0.2 -0.8 -1.9 -1.9 -1.9 2.1 9.9 18.2 25 26.7 25
64.3 66.2 63.2 63.8 61.2 59.9 62.3 44.6 38.7 46.1 53 54.9 55.2 52.6 57.7 62 60.2 66.6 65.1 68.3 68.5 66.6 57.4 57.2 55.2 49.8 46.1 40.9 39.7 40.6 37.2 35.6 36.1 40.5 41.5 39.1 43 46.2 50.1 53.2 56.7 60.1 63 61.2 62.3 64.7 61.7 59.8 59.9 61.3 60.2 57.9 52.6 42.7 35.9 26.2 20.6 18 17.3 17.9 18.3 15.1 14.1 12.2 10.8 9.6 4.5 1.5 0.7 1.2 0.6 -0.1 -0.7 -1.9 -1.9 0 1.4 6.1 13 20.7 27.7 28.8 29
68.5 66 57.7 57.5 59.7 56.6 53.3 39.1 31.2 42.2 49.6 51.5 48 49.1 52.4 54.2 54 56.3 59.2 61.3 57 56.4 54.9 53.1 51.8 47.2 45.2 44.6 41.5 39.8 38 36.5 36.4 40.8 37.7 38.6 41.3 45.4 49.3 54.9 59.2 60.4 63 59.3 59.1 58.9 58.9 57.5 58.3 60.5 56.2 47.8 45.8 36.8 25.6 18.1 15.8 16 15.3 16.7 18.7 18.4 9.7 10.7 3.7 3.5 2.6 -1.9 -1 -0.2 -0.7 -1.9 -1.9 -1.9 -0.3 1 2.5 8.8 17 27.1 31.7 30.7 31.3
66.6 67.2 63.2 54.4 50.5 50 39.1 29.6 31.3 40.8 46.2 46.1 44.1 47.2 47.7 48.4 49.9 50.1 54.3 58.9 51.4 51.9 54.3 50.4 48.4 45.5 48.8 50.1 47.2 42.8 41.8 36.1 35.2 35.9 36.9 38.5 41.1 44.6 50.5 55.1 56.8 57.3 57.6 58.7 58.8 60.6 57.8 54.3 55.8 56.5 49.6 40.9 42.2 32.7 17.5 14.1 13.9 14.2 15.2 16.7 19.2 22.7 9.4 2 1.4 1.9 -1.9 -1.9 -1.9 -1.9 -1.9 -1.9 -0.8 -0.4 0.6 1.7 3.9 11 19.6 25.3 30.1 32.7 32.5
68.2 57.2 54 53.6 49.8 45.6 28.5 25.1 31.6 39.1 41.7 41 40 41.2 42.1 43.2 43.1 41.7 48.6 50.2 47.3 47.8 51.7 45.6 43.8 45.5 47.7 49.3 47.4 42.4 38.1 37.7 34.4 34.9 37 38.7 41.6 47.1 52.9 53.5 55.7 54.8 55.5 58 62.4 63.9 58.7 49.7 45.6 42.8 37.6 34.9 33.9 21.4 14 12.7 13.7 13.6 15.9 16.2 20.9 18.8 4.8 0.3 -1.9 -1.9 -1.9 -1.9 -1.9 -1.9 -1.1 -0.6 -0.1 0.8 1.7 2.5 2.6 13.2 20.3 25.4 30 33 34.4
76.4 66.4 50 50.6 43.4 28 23.5 23.8 30.3 35.4 35 34.7 34.4 35.1 37.4 39.9 37.5 39.3 43.6 45.1 45.3 39.6 39.2 39.5 42.9 43.7 43.8 46.4 41.6 40.2 39.2 36.5 33.1 35.3 36.3 39.1 44.8 49.9 49.9 52.8 54 51.9 53.7 58.9 59 58.3 53.2 44.9 37.7 35.5 31.3 22.8 16.9 14.9 11 11.3 12.7 15.9 18.6 14 11.7 8.6 2.9 -1.9 -1.9 -1.9 -1.9 -1.9 -1.9 -1 -0.4 0.1 0.7 1.3 2.4 6.4 11.7 20.4 24.2 29.2 28.8 34.8 35.3
76.3 66.9 49.5 46.1 35.8 23.6 20.1 21 29.4 31.6 29.3 29.8 32.1 32.1 36.2 37.4 32.4 33.6 35.2 37.7 34.7 29.3 32.9 36.2 37.5 37.8 36.8 36.2 37.9 36.7 34.4 33.3 36.7 39.6 37.8 38.8 42.2 44.7 46.2 48.9 49.4 51.3 54.4 56.1 53.4 47.9 45.2 42.8 31.3 25.5 18.9 15.4 11.7 11.7 9.1 11.7 14.9 20.1 21.1 8.3 2.5 4.3 -1.9 -1.9 -1.9 -1.9 -1.9 -1.9 -1.7 -0.7 0.3 0.8 1.4 2 8.4 11.2 16.3 23.9 29.8 31.4 33.1 33 35
75.9 70.5 57.5 43.4 28.5 21.7 19.6 22.1 25.7 25.2 25.4 26.7 27.3 32.9 31 31.8 27.2 28.8 25.9 28.7 27.4 25.1 26.8 29.2 31.7 34.3 34.1 36.9 38.1 34.6 35 39.4 43.4 40.5 38.2 38.8 42.2 44.2 46.5 49.5 53 53 53 52.2 46.7 45.4 42.3 35.7 29.7 17.6 13.7 10.4 6.6 5.1 8.9 13.1 19 22.3 14 10.2 1.9 -1.9 -1.9 -1.9 -1.9 -1.9 -1.9 -1.9 -1.4 -0.4 0.6 1.5 2.1 2.6 9.5 16 21 26.3 31.4 33.7 34.9 35.1 36.9
80.3 72 60.4 51.1 35.6 22.9 19.2 20.4 21.3 21.3 21.8 20.2 25.6 25.1 25.5 24.4 19.8 22.9 23 24.3 21.1 22.3 23.9 25.7 29.7 32.4 31.7 32.9 33.1 36.4 38.7 45.5 49.4 49.6 40.6 42.3 43.7 46.1 52.1 55 58.9 57 52.5 44.1 40.1 37.1 35.5 33.1 18.8 11.7 2 1.4 2 3.6 8.9 20 20.9 16.3 13.3 6.1 0.4 -1.9 -1.9 -1.9 -1.9 -1.9 -1.9 -1.9 -1.9 -0.6 0.7 2 3 8.5 17.1 22.4 25.4 33.1 34.6 35.1 35.8 37.1 41.2
85.7 74.2 62.7 60.5 52.9 27.7 12.2 21.3 20.8 18.4 18 16.4 18.1 18.3 18.9 18.8 21.7 24.1 20.5 18.2 16.5 19.5 20.6 25.2 29.2 29.7 29.5 33.6 36.8 43.7 41.5 46.8 51.2 46.8 43.7 44.4 46.7 52.3 58.3 59.2 61.5 55 45.9 39.6 31.7 28.7 21.4 12.8 -1.9 -1.9 -1.9 -1.9 0 2.1 13.2 20.6 12.1 12.5 8.3 2.5 0 -1.9 -1.9 -1.9 -1.9 -1.9 -1.9 -1.9 -1.9 1 1.8 4.3 13.1 17.9 24.5 27.8 31.9 31.8 36.2 36 42.9 43.6 44.2
86.7 73.3 60.9 53.9 40.7 26.1 9.9 10.6 14 14.3 13.9 10.3 8.9 10.8 15.1 18.7 19.4 19.6 17.5 18.8 14.8 16.5 19.6 24.4 25.6 24.7 32.1 39 43.2 43.9 43.3 47.6 46.6 44.3 44.7 45.7 47.8 52.4 59.5 55.2 52.9 47.5 45 33.9 24.1 15.4 3.1 -1.9 -1.9 -1.9 -1.9 -1.9 -1.9 3 15.5 10.4 9.2 2.6 2.6 2.6 -1.9 -1.9 -1.9 -1.9 -1.9 -1.9 -1.9 1.9 9.6 10.1 7.8 13.7 21.9 26.1 29.6 31.9 35 32.5 35 40.3 44.9 46 44.1
74 68.5 56.8 50.5 37.5 26.1 12.3 3.7 -1.9 12.4 10.5 8 5.8 8.7 11.9 14.3 13.9 16 18.7 21.7 13 13.2 13.1 19.6 22.3 30.3 32.3 35.1 41.1 37.1 41 40.9 41.1 48.3 47.1 48.1 49.8 54 55.4 48.5 45.6 38 34.1 26.3 18.2 -1.9 -1.9 -1.9 -1.9 -1.9 -1.9 -1.9 -1.9 -1.9 2.6 8.9 1.9 1.1 2.6 -1.9 -1.9 -1.9 -1.9 -1.9 -1.9 3.1 9.9 8.3 11 15.4 19.1 25 28.1 30.8 32.5 34.3 37.9 36.1 39.8 42.7 46.4 45.5 43.6
71.9 62.8 55.5 41.9 25.7 17.4 5.9 3.3 -1.9 -1.9 13.2 6.9 2.6 2.6 8 9.5 10.9 15.2 17.8 11 5.9 5.7 9.4 17 24.8 26.6 28.7 30.6 29.9 32.1 34.4 41.8 48.2 55.8 55.2 48.1 47.3 46.6 46.6 42.1 33.4 31.5 23.9 9.8 1.6 -1.9 -1.9 -1.9 -1.9 -1.9 -1.9 -1.9 -1.9 -1.9 -1.9 -1.9 -1.9 -1.9 -1.9 -1.9 -1.9 -1.9 -1.9 3.1 8.6 19.8 21.5 15.8 17.5 22.6 29.4 36.5 39.5 37.6 40.9 40.5 42.3 44 44.6 49.1 53.4 54.8 44.4
72.2 58.5 50.2 39 27.4 13.5 7.1 3.8 3.5 -1.9 -1.9 1.8 1.9 1.7 1.6 4.4 7.3 13.4 13.8 4.3 4.3 9.4 10.9 13.6 21.3 25.4 27.5 24.7 26.3 34.5 42.9 48 52.4 59.1 60.4 49.9 40.1 37.9 37.1 36.5 25 17.2 4.6 2.6 1.2 -1.9 -1.9 -1.9 -1.9 -1.9 -1.9 -1.9 -1.9 -1.9 -1.9 -1.9 -1.9 -1.9 -1.9 -1.9 -1.9 9 10.7 17.5 24.2 36.1 28.8 26.2 25.5 33.9 49.9 46.8 45 45.4 46 45.1 45.9 49 49.5 48.4 53.1 54.6 45.8
70.6 64.2 54.8 41.3 24.5 16.3 13.1 4.6 1.8 0.1 -1.9 -1.9 -0.4 0.2 0 0.6 2.2 9.5 7.7 -1.9 4.7 6.8 11.7 16.7 23.4 22 20.9 24.5 30.5 40.6 47.3 50 52.1 57.1 56.2 44.7 34.2 33.8 34.1 19.7 13.4 6.3 -1.9 -1.9 -1.9 -1.9 -1.9 -1.9 -1.9 -1.9 -1.9 -1.9 -1.9 -1.9 -1.9 -1.9 -1.9 -1.9 -1.9 -1.9 10.9 15.9 22.5 30.9 39.8 44.3 42.5 38.7 36.5 47.4 57.8 59.9 53.6 48.5 49.8 50.3 48.8 48.5 50.6 51.8 48.4 44.2 45.9
72.3 66.7 59.8 44 33.7 17.3 11 2.6 2.1 0.6 -0.5 -1.9 -1.9 -1.9 -1.9 -1.9 -1.9 1.8 3.7 -1.9 5.9 6.7 10.9 15.2 13.4 13.7 21.3 29.3 39 45.5 50.9 50.2 53 48.4 44.3 40.3 29 22.2 23.4 16 10.9 3.4 -1.9 -1.9 -1.9 -1.9 -1.9 -1.9 -1.9 -1.9 -1.9 -1.9 -1.9 -1.9 -1.9 -1.9 -1.9 -1.9 -1.9 3.6 11.9 21.1 33.6 45.9 50 47.8 52.5 52.6 51.9 59 62.6 67.4 65.5 54.5 53.9 55.2 55.1 47.1 50 55.2 48.6 41.9 38.1
66.8 60.6 57.1 41.8 30.3 15.8 9.8 4.8 2.5 1.3 0.1 -1.9 -1.9 -1.9 -1.9 -1.9 -1.9 -1.9 0.3 -1.4 1.6 4.5 8.4 9.4 12.1 18.4 26.3 34.8 39.3 46 49.1 44.4 41.1 44.4 42.7 35.1 24.9 17.6 20.5 4.7 2.3 -1.9 -1.9 -1.9 -1.9 -1.9 -1.9 -1.9 -1.9 -1.9 -1.9 -1.9 -1.9 -1.9 -1.9 -1.9 -1.9 -1.9 -1.9 5.6 18.1 29.1 41.8 55.2 52.6 58.3 59.8 64.8 77 74.6 73.1 77.3 77.1 64.4 60 56.4 53.6 48.5 45.4 49.9 46.7 40.8 34
58.7 48.1 45 39.5 27.3 14.6 5 2.5 2.6 2.4 1.3 0 -1.9 -1.9 -1.9 -1.9 -1.9 -1.9 -1.9 -1.9 -1.9 2.4 2.8 10 17 19.4 23.9 26.9 28 32.4 40.7 40.7 38 37.8 31.7 24.5 19.9 4.4 2 -1.9 -1.9 -1.9 -1.9 -1.9 -1.9 -1.9 -1.9 -1.9 -1.9 -1.9 -1.9 -1.9 -1.9 -1.9 -1.9 -1.9 -1.9 -1.9 -1.9 10.2 21.1 32.7 39.9 49.8 58.4 66.9 70.9 79 94.1 82.1 85 81.5 81.2 74.9 63.5 61.8 57 53.2 46.2 43.4 40.6 36.7 30.4
