Assets/StreamingAssets/GeoData/Data/ng/NG70.asc
ncols 200
nrows 200
xllcorner 170000
yllcorner 800000
cellsize 50
[rows 35 to 69 of 200, columns 80 to 159 of 200]
-1.8 -1.8 -1.8 -1.8 -1.8 -1.8 -1.8 -1.8 0.5 2.3 7.5 27.9 43.8 50.4 60.2 63.2 73.9 87.1 98.4 110.8 113.5 115.4 118.8 118.9 127.1 142.4 157.1 152.6 156.5 167.8 186.6 205.3 209 225.1 237.6 251 260.9 263.9 266.1 267.9 269.8 293.4 307.1 305.4 315 320 308.9 300.2 303.2 298.3 297 300.9 291 289.4 284.7 287.3 283.5 275.9 263.1 251.4 251.2 253.8 274.6 290.5 311 308.6 294.7 270.3 258.4 242.6 242.2 239.9 257.1 287.4 319 319.9 311.8 308.7 308 304.2
-1.8 -1.8 -1.8 -1.8 -1.8 -1.8 -1.8 -1.8 0.8 2.8 7.6 26 44.4 55.4 63.4 67.3 65.3 79.4 99.2 106.5 109.8 110.1 113.6 114.1 123.1 135.6 145.4 155.9 166.9 182.4 207.2 221.2 222.8 241.4 247.7 263.9 268.3 269.8 265.4 267.2 268.8 288.2 293.3 299.7 307.5 297.8 297.6 309.2 317.1 302.7 301.4 305 293.4 290.2 287.2 285.9 284.4 273.6 262.3 258.9 259.9 260.2 271.9 283.4 296.6 301.7 291.6 287.1 276.2 258.1 255.2 256.4 261.7 286 304.3 313.1 314.4 326.5 331.7 326.9
-1.8 -1.8 -1.8 -1.8 -1.8 -1.8 -1.8 -1.8 2.5 5 7.8 23 42.3 52.6 61.6 64.8 56.8 73.6 74.1 91.8 103.2 111.6 122.4 133 133.4 132.5 148.4 159.7 178.1 187.9 203.8 216.8 227.4 236.5 244.3 257.1 268.6 268.3 261.5 264.5 263.5 267.7 273.8 281.8 296.7 313.2 306.4 299.8 304.2 295.3 305.9 300.6 292.7 291 284.6 282 281.8 277.2 272.5 266.5 264.3 267 270.4 278.5 296.6 303.7 307.6 306.1 291.4 277.8 270.3 271.3 273.8 288.8 313.6 334.4 331.2 332.3 336.3 335.8
-1.8 -1.8 -1.8 -1.8 -1.8 -1.8 -1.8 -1.8 2.3 4.9 16.1 21.5 32.6 39.8 47.2 58.6 60.5 68.9 83 98.3 108.3 115.7 124.8 134.7 139.3 140.4 150.3 172 185.1 189.9 200 210.2 222.3 230.3 239.5 246.1 257.7 258.4 253.9 253.3 254.3 260 274.8 288.2 310.6 321.6 306 289.2 289.3 289.3 289.3 289.3 289.3 295.1 300.4 288.2 287.5 289.4 280.2 275.8 274.6 278.5 280.4 284.7 295.9 312.8 330.9 335.2 317.3 304.5 296.7 295.1 294.7 296.3 334.7 350.5 349.6 345.9 346.8 342
-1.8 -1.8 -1.8 -1.8 -1.8 -1.8 -1.8 -1.8 2.4 4.9 9.4 15 27.6 41.7 50.9 54 61.6 72.6 86.8 100.4 110 118.5 128.2 137 143.9 147.3 153.1 172.2 184.8 186.6 195.5 209.2 214.5 219.7 228.6 231.9 236.8 251.2 251 252.5 254.6 261.7 280.6 299.7 312.5 316.1 301.2 289.3 289.3 289.3 289.3 293.9 307.3 315.7 313 312.1 311.4 301 300.9 298.8 299.3 299.8 297.5 301.7 310.4 329.2 348.6 352.7 347.3 341.4 338.1 337.3 329.5 323.3 336 365.7 380.3 375.6 355.3 346.9
-1.8 -1.8 -1.8 -1.8 -1.8 -1.8 -1.8 -1.8 2.4 5.3 9 21.1 32.9 44.4 57.3 62.5 65.3 76.6 89.1 99.6 113.8 122.6 133.6 145 150.2 151.1 156.3 166.7 176.9 186.5 188.7 198.2 206.3 214.3 225.8 234.6 248.2 256.2 252.3 254.5 257.2 281.6 304 315 310.5 299.2 289.3 289.3 289.3 290.8 307.4 316.5 330.4 346.4 348.3 349.6 340.7 333.9 324.8 328.1 325.5 315.9 320.1 333.4 335 350.8 365.4 379.7 389.2 390.3 387.3 384.8 363.6 345.3 348.1 368 391.1 387.3 365.5 351.5
-1.8 -1.8 -1.8 -1.8 -1.8 -1.8 -1.8 -1.8 3.9 8.8 14.2 24.2 34.8 46.6 58.5 62.4 69.4 80.8 94.2 101.2 111.6 126 136.7 151.5 156.3 157 163.1 173.8 186 191.4 194.6 201.3 209.1 216.5 224.4 232.9 242.5 250.3 251.8 254.4 273 283.6 298.2 294.1 297.1 294 289.3 289.3 289.3 302 326.7 350 347.2 358.4 359.1 369 370.8 366 363.4 366.9 360.4 336.4 353.3 357 370.8 396 399.2 405.1 415.1 417.5 409.5 410.6 374.1 376.4 381.8 384.5 391.8 389.6 374.8 361.1
-1.8 -1.8 -1.8 -1.8 -1.8 -1.8 -1.8 -1.8 4 16.2 19 25.4 35.3 46.3 57.7 65.9 72.8 84.9 93.7 100.4 108.6 124 131.6 145.7 154 158.8 167.1 177.3 186.3 193.5 196.9 204.3 214.4 222 229.7 236.1 238.5 244.3 248.6 257.1 267.3 288.7 300 299.1 303.5 294.4 291.4 289.3 290.4 311.7 333.2 345.5 355.4 369.2 379.4 394.1 395.1 394.3 389.6 387.7 380.6 371 370.4 392.2 413.9 424.9 429.3 429.4 434.8 432 424.6 406.9 409.4 402.9 402.6 398.5 397.1 389.7 385.4 372.1
-1.8 -1.8 -1.8 -1.8 -1.8 -1.8 -1.8 -1.8 4.9 15.7 22.9 28 35.2 50.1 60.7 70.4 75.2 86.3 95 102 108.8 118.6 129.4 146 158.7 163 170.5 178.4 187.6 197.8 200.8 205.5 214.7 226.8 237.7 242.7 250 257.4 264.7 276.7 288.4 307.4 319.1 314.1 302.2 296.4 300.7 302 303.3 322.2 348.8 363.8 385.4 393.3 400.5 414.7 420.6 415.8 405 399 393.3 401.8 403.6 419.7 431.7 445.9 445.2 443.8 441.5 432.6 421.6 424.6 421.8 414.1 407.6 403.1 399.1 394.1 387.6 377.7
-1.8 -1.8 -1.8 -1.8 -1.8 -1.8 -1.8 1.9 5.6 17.8 29.1 31.4 36.5 47 59.1 71.2 75 82 93.3 100.8 109.9 115.6 129.4 148.3 160.5 160.1 167.9 176.9 186.4 194.5 204.4 214.7 227.7 247.1 266.5 275.1 283.5 274.5 276.8 288.4 300.3 322.2 340.2 332.1 316.3 317.8 329.3 329 333.3 338 356.1 371.5 394.7 421.3 441.6 448.7 452.4 445.4 433.2 413.1 411.9 424.1 433.2 438.9 442 449.7 449.4 443.6 435.7 433.9 438.8 437.7 434.1 427.8 418.1 412.1 406.2 398.6 392.3 385
-1.8 -1.8 -1.8 -1.8 -1.8 -1.8 -1.8 3.5 6.8 19.2 27.2 32.3 36.5 44.3 55.6 67.1 73.6 82.4 93.4 98.7 106.7 113.9 126.1 140 148.5 153.8 161.8 171.2 183.5 202.1 221.8 235.1 244.7 262.3 283 288.2 290.1 288.9 284.5 289 312.8 330.8 343 337.6 334.6 330.4 346.7 357.9 360.5 369.8 378.1 391.9 414.5 443.8 454.7 462.4 464.6 464 445.9 433.1 432.8 440.5 449.5 449.4 446.9 450 452.1 447.2 439.9 440.5 446.5 448.1 447.7 444.9 432.5 421.2 414.3 405.2 396 386
-1.8 -1.8 -1.8 -1.8 -1.8 -1.8 2.2 4.2 6.3 15.7 24.3 31.4 35.7 42.8 53.3 63.5 71.6 80.4 86 92.6 101.9 110.6 122.6 132.1 139.2 148.9 157.8 170.9 186.4 205.4 224.7 238.4 251.8 274.5 290.1 298.2 299.4 309.5 295.1 296.6 317.4 337.5 346.7 349.8 349.7 342.2 345.9 359.1 383.2 390.6 384.1 397.2 421.9 446.6 456.3 464.9 464.7 459.7 445 445.9 447.2 450.7 450.6 448.5 452.2 457.1 459.5 455.4 447.9 447.6 454 461.5 459.2 457.7 446.1 434.7 427 410.5 397.2 388.4
-1.8 -1.8 -1.8 -1.8 -0.3 1.6 4 5.5 5.8 11.5 23.2 29.4 34.1 38.7 46.1 55.1 63.4 70.6 78.6 87.4 96 104 117.9 133.5 143.5 153.8 164.2 176.1 191.5 210.9 229.8 241.9 261.5 290.1 300.5 302.8 314.4 313.2 301 305 326.5 351.6 354.4 369.2 365.5 355 351.1 362.9 381 392.9 386.3 396.5 414.3 430.3 440.3 451.2 460.5 464.6 460 456.8 459 461.7 465.4 469.6 467.2 474.2 475 468.6 462.5 457.6 463.3 469.1 475.6 484.6 471.4 451.6 437.1 416.9 399.6 390.5
-1.8 -1.8 -1.8 -0.2 1.6 3.2 4.8 5.7 6.4 10.1 17.8 22 30.6 33 44.7 55.5 62.7 72.7 82.4 94.5 104.4 113.3 126.1 138.9 152.5 166.8 173.6 183.9 196.5 214.3 230.3 246.1 267.8 298.9 310.5 307.8 318 313.6 302.6 312.5 331.1 349.6 361.6 366.9 369.4 361.5 358.3 368.9 379.7 379.9 389.2 410.6 423.9 438.7 455.3 466.8 472.6 478.1 480.4 474.9 476.1 482.6 492.3 496.2 487.5 492.6 490.9 480.6 476.8 474.1 472.3 477.5 488.1 497.4 486.4 463.9 448.1 425.2 405.5 389.9
-1.2 -0.2 0.4 1.5 3.2 4.8 5.6 5.6 6.5 9.6 20.4 30.6 34.4 41.4 51.2 62.3 69.6 74.6 84.1 98.2 109.5 117.4 129.5 142.1 156.3 165.7 178.3 187.5 196.1 214.4 230.3 243.8 267.3 300.7 310.3 309.3 322 311.4 304.7 315.9 338.2 350 352 350.7 350.4 353.5 367.8 377.2 392.3 407.5 417.1 439.8 454 464.7 478.2 484.6 490 495.9 498.3 498.8 505.4 517.6 514.8 515 511.9 509.6 514.2 500.4 492.6 490.5 482.5 485.6 492.7 501 491.8 471.9 452.5 429.1 408 391.9
-0.6 0.4 1.4 2.3 4.1 4.7 4.7 5.4 6.4 9 19.2 32.1 38.6 46.6 53 61.7 69.6 76 87.1 98.2 110.7 115.8 128.7 143.5 157.3 164.6 180 187.1 199.5 210.3 225.6 240.1 262.7 283.5 290.9 302.2 309.5 306.6 304.6 318.2 328.5 338.6 353.1 363.1 374.3 385.2 392.8 399 412.8 421.8 444.8 476.6 483.4 490.9 494.6 497.3 503.2 512.6 508.4 524.7 536.2 546.6 540.8 534 530.6 523 528.2 517.7 512.6 510.7 503 495.6 499.8 504.2 491.7 473.2 453.4 431.3 411 393.2
-1.1 -0.3 0.5 1.6 3.5 4.3 2.5 4.5 5.5 7.5 10.8 32.5 35.8 47.5 54.8 63.8 69.6 74.8 87.4 98.1 104.6 113.5 128.3 142.4 154.7 164.8 175.7 186.1 197.4 207.3 215.9 228.6 238.1 255.1 265.1 288 298.1 308.5 322 331.9 345.6 367.6 377.1 388.9 390.3 400 406.5 417.7 426.3 442.9 461.4 489.2 512.1 514.9 511.3 507.3 525.7 528.1 523.8 535 551.4 556.2 553.2 551.6 540.3 531.9 529 528.4 526.2 524.7 521.7 513.8 507.7 502.1 490.4 474.9 457.7 435.7 415.7 400.9
-1.8 -1.3 -0.9 0.2 0.9 4.2 4.1 3.8 4.3 5.6 7.9 16.6 32.1 37.8 43.5 52.5 61.3 67.2 77.6 88.1 95 105.8 120 133.6 145.5 159.8 167.4 176.4 180.2 194.1 206.7 225.1 244.9 257.7 275.9 296.7 308.6 321.7 333.5 342.9 367.3 383.4 397.9 417.9 421.5 421.3 416.6 426.4 443.2 474.2 490.4 502.3 518.2 524.7 525.4 528.2 535.6 535.1 531.5 545.1 559.4 562.9 561.9 559.8 543.9 535.2 532.4 537.7 537.1 535.4 534.5 523.2 514.7 504.9 491.7 479.7 460.4 437.4 419.6 406.1
-1.8 -1.8 -1.8 -1.8 -1.8 0.5 -0.3 2.8 3.4 3 2.9 3.4 8.3 19.6 26.9 36.7 47.8 55.9 64.2 73.7 83.1 94.6 107.5 120.5 131.5 133.7 158.3 171.1 182.8 194.8 210.9 222.5 240.3 256.3 270.4 291.4 309.8 320.3 330.9 347.3 375.8 391.5 410.8 433 437.5 437.9 434 445.4 467.4 497.2 511.1 515.6 526.6 532.9 540.3 545.5 547.4 541.5 541.6 556.3 569.7 568.9 566.3 566.1 549.3 538.8 536.4 538.1 537.5 535.4 533.1 525.7 521.2 508.3 498.4 486.6 466.9 441.6 421 405.4
-1.8 -0.7 0.3 0.8 -1.8 -1.8 -1.8 -1.8 -1.8 3.6 3.9 4.6 5.1 5.8 2.9 10.2 30.6 40.7 48.6 59.2 71.6 84.6 92.4 102.5 118.5 142.1 153.8 167.6 178.7 191.8 211.6 220.6 234 252.2 263.7 283.7 304.6 319.1 348.5 354.8 373.1 391.7 411.9 433.7 440.9 441.1 445 462.8 482.8 501.5 521.2 526.7 532.6 545.9 554.3 558.7 556.3 545.6 546.2 562.5 572.8 572 568.4 564.1 548.8 537 533.5 537.7 540 537.6 531.1 526.8 523.8 512.7 501 489.9 471.8 446.6 424.7 413.4
-1.1 0 1.1 2.1 4.2 5 5.1 6.9 9.5 11.7 13.9 12.1 9.6 8.4 8.3 8.5 6.6 31.1 37.1 48 63.5 76.4 88.2 100.9 117.4 136.4 148.4 159.1 169.5 184.7 203.1 216.8 233.9 248.9 262.8 283.1 302.2 318.7 347.2 358 371.2 390.4 411.7 438.9 449.1 451.8 456.2 468.5 488.3 515.1 531.7 534.5 541.3 553.3 557.4 557 553.8 549.1 545.6 564.8 571.4 572.8 570 562.2 548.2 537.6 533.6 533 539.7 538.6 527.9 525.3 519.8 513.7 502.2 489.3 473.6 451.1 434.1 420.9
-0.7 0.2 1.2 2.2 4.3 5.5 8.1 12.6 14.7 16.5 16.6 16.6 16.6 15.1 11.9 9.3 6.6 17.6 27.9 35.3 52.3 70.2 84.3 98.1 108.8 125.3 140.2 151.4 163.5 178.9 196.9 211.7 231.5 247 262.2 278.9 301.1 321.3 347.7 358.9 370.5 390.6 411.6 430.6 450.1 452.6 459.4 467.7 479.1 500.7 516.1 528.5 539.6 552.9 560.8 560.2 560.5 550 541.7 568.5 579 581.4 570.9 557 545.1 536.9 536.9 530.6 535.6 537.1 527.3 520.3 517.1 510.2 501.7 489.3 473.6 455.2 438.6 427.2
-0.3 0.6 1.5 2.4 5.3 9.4 18.3 20 18.9 18.9 19.2 19.5 20.5 19.5 17 12.1 7.1 11.6 20 37.6 46.9 61.1 74.7 87.7 99.7 114.4 129.8 146.4 160.3 180.1 190 207.5 225.3 242.2 261.1 279 304.6 331.1 345.8 356.9 370.1 388.6 405.9 429.9 445.6 445.7 449.7 455.7 471.1 494.2 523.7 538.8 540.6 555.9 559.7 557.6 556 541.8 531.6 556.8 571.5 572.2 564.9 553 539.8 535.1 540.1 529.3 528.5 532.9 524.1 512.7 508.3 504.8 498.7 486.8 472.7 456 441 424.8
0.3 1.2 2.1 5.2 9.2 16.3 18.2 20.7 22.2 22.6 23.9 25.8 25.9 25.1 21.7 17.6 12.5 11.1 18.8 35.1 39.8 52.4 64.8 78.1 92.2 107.4 120.9 134.6 150.7 172.6 186.7 200.1 218.9 236.5 256 275.4 301.4 332.9 344.8 353.3 366.5 383.2 400.8 418.8 427.2 433 442.4 449 464.6 487.8 512.6 522.2 520.5 533 540.1 542.7 539.3 528.3 520.3 533.7 554.9 559.9 554.3 545 529.4 526.4 524.7 521.7 519.9 525.8 517 504.9 497.6 496.5 492.4 481.2 468.1 452.3 441.4 425.7
1.4 2 4.3 9.9 18.7 22.7 22.7 23.5 25.6 26.6 29.6 31.1 32.6 29.5 25.7 21.7 18.8 7.9 14.9 31.7 39 44.1 55.6 68.6 84.5 98.2 111.1 125.2 140.8 161.2 180.9 194.5 209.6 228.1 247.8 267.6 290.6 317.4 338.3 346.8 359 377.4 393.9 403.4 412 423.3 432.5 440.8 454 474.3 492.9 495.1 499.4 513.2 521.2 528.2 518.4 510.1 505 515.8 524.3 524.4 519.1 512.3 506.2 507.2 510.2 511.5 510.7 508.7 503.5 497.5 490.7 490.5 484 477.9 463.9 451.8 441 432
3.7 6.3 9.5 25.5 25.2 24.4 25.4 26.9 28.7 30.6 32.9 34.4 36.1 35.7 31.6 27.8 22.7 20 12.7 18.2 29.1 41.2 46 58.3 73.1 88.6 102.6 117.3 132.6 152.3 171.7 185.3 199.4 216.9 236.2 256.8 277.1 301.8 324 336.6 348.1 362.6 375.3 386.9 398.4 408.4 419.2 428.2 437.8 453.9 469.6 471.6 479.5 488.4 494.4 495.8 491 490.4 486 488.6 489.4 486.7 489.5 491.1 488.3 494.4 504 510.1 506.1 499.5 495.1 490.9 484.5 485 478.6 472.1 459.4 451.1 448.8 440.7
12.7 17.2 22.7 25.4 25.7 26.7 27.7 30.5 33.6 36 37.5 38.3 40.2 40.2 36 33.6 29.6 23.6 17.1 16.6 33.8 41.5 42 49.3 63.1 78.3 92.8 106.7 120.5 136.5 156.5 170.5 183.8 202 214.6 234.6 260.3 280.7 303.5 320.2 332.5 345.8 359.2 372 381.6 390.9 403.2 410.5 420.1 432.7 445.7 453.2 459.2 465.7 471.7 474.4 475.9 477.4 473.2 472.4 478.3 474.3 477.1 476.4 483.3 496.7 505.6 506.2 499.8 492.5 487.5 484.2 479.4 480 473.7 465.9 459.7 452.7 456.3 446.1
23.1 25.9 26.5 28.1 28.2 30.6 34 37.9 41.3 42.5 41.8 43.8 45.1 45.5 42 38.5 35.7 29.2 24 12.7 30.3 41.9 40.5 43.8 52.1 67.1 81.6 96.2 109.1 123.1 140.6 157 170.4 186.6 206.1 224.8 243.3 261.6 282.3 298.3 312.8 329.5 342.6 355.8 361.2 362.9 372.4 382.6 392.8 406.3 421.2 434.6 443.6 449 454.9 456.6 460.2 460.3 458.8 460.1 460.7 460.4 464 463.5 470.6 486 500.5 493.5 489.1 482.9 478.5 476.3 473.4 472.3 469.5 463.4 458.9 457.4 458 451.4
26.9 29.2 30.1 31 32.1 35.5 42.6 48.5 51.1 49.8 49 50.1 49.9 50.9 50.2 46.1 40.7 34.7 26.2 13.2 31.4 41.9 36.5 41.9 44.7 55.3 68.4 83.4 97.8 111.2 129.6 148.8 159.6 171.8 195.9 215.2 230.7 248.8 266.3 284.6 299.3 313.7 329.3 342.4 349 352.9 357.8 372.5 382.7 395.3 407.3 418.9 428.6 431.8 436.9 439 444.3 447.1 446.1 442.2 446.1 449.3 450.7 450.5 454.4 465.3 471.5 476.3 476.5 473 469.4 469 467.2 466.9 465.7 464.2 459.3 459.9 458 456.5
29.7 32.7 34 33.8 37.2 42.4 48.9 55.6 61.3 58.5 56.1 54.2 54.7 56.5 57.8 53.8 48.3 40.7 31.5 19.7 19 17.8 32.8 34.4 39.3 45.8 57.2 71.8 85.4 100.9 120.4 136.5 144.6 157.2 177.9 196.9 215.9 234.4 252.3 270.1 286.4 300.4 316.3 334.6 339.8 343.7 354.2 367.8 377.4 385.8 394.3 402.9 412.1 417.1 419.7 425.9 431.2 434.3 435.8 432.1 434.2 439.3 441.1 440.4 442.9 448.6 454.3 458.8 461.4 461.6 462.3 464.7 464.9 465.1 464.2 461.6 461.9 463.3 462.2 461.9
32.6 35.9 36.7 36.9 42.5 48.3 54.1 60.4 64.9 65 63.4 62.4 61.6 62.9 63.3 61.4 54.8 47.7 24 19 16.5 21.7 20.5 22.8 37.3 42.6 47.4 60.3 74.6 87.7 104.4 120 131.3 144.1 160.6 182.1 201.8 220 237.6 256 272.7 288.9 303.7 318.4 328.6 336.9 346.1 356.8 366.6 375.1 382 388.7 396.5 402.3 409.5 414.6 419.7 426.1 428.4 428.4 430.8 436.2 437 437.5 438.6 441.5 444.8 447.3 453.3 457.3 460.1 463.6 464.9 466.1 467.4 464 463.1 467.2 468.4 468.5
33.5 37.8 38.4 41.9 48.4 54.8 60.7 65.5 69.3 75.4 72.7 71.9 73.3 73.4 72.7 68.1 62.7 58.5 49.5 42.1 38.9 34.3 24.1 22.1 33.6 40.1 42.7 49.2 63.4 75 89.1 102.9 120.1 134.9 148.6 168 187.8 206.8 222.3 241.1 258.9 273.8 288.7 303.2 315.6 324.5 333.8 345 353.9 361.3 365.8 372.7 385.3 395.2 404.8 409.6 414.6 422.4 427.2 428.7 432.5 438 439.2 440.8 440.7 442.7 446.4 451.9 458.2 463.7 467.8 467.1 467.9 468.5 469.8 467.1 466.3 468 469.7 470.4
37.7 39.5 39.3 46.1 54.8 62.6 69.9 73.8 77.6 84.1 84.5 81 80.1 80.3 80.6 77.6 72.8 69.9 60.5 49.9 44.1 38.8 32.4 18.9 26 35.2 39.5 42.4 53 66 79.8 94.4 111.5 126.3 138.1 156.2 175.1 193 208.2 225.4 243.9 257.7 271.6 287.2 301.7 311.5 323.3 335.3 341.6 355.2 365.2 375.3 385.3 393.6 403 408.7 417.1 423.3 426.3 431.5 436.9 443.7 445.5 448.9 449.4 451.4 453.4 463.9 470.7 477.4 478.6 478.3 476.1 475.1 475.2 473 470.8 470.4 469.7 471
39.3 42.3 43.5 49.2 59.2 67.2 74.1 79.8 83.9 90.3 94.2 90.1 87.4 87.4 85.4 83.6 82.1 79.1 70.6 58.1 49.3 41.4 38.7 23.8 23 32.1 36.7 40.2 44.8 56.3 70.7 85.4 100.3 116.3 128.3 144.5 164.7 183.2 198.4 215.3 228.6 242.6 259.1 272.3 285.8 296 309.1 322.8 338.4 351.7 361.3 369.8 379.6 389.8 399.6 406.9 416.6 421.6 427.4 434.1 444.1 446.6 452.8 456.3 457.3 458.5 467.1 487.9 514.2 518.5 500.9 493 486.5 485.3 478.9 478.9 478.8 475.2 472.7 474.1
43.1 45.6 48.3 52.8 59.8 68.8 78.1 84.3 91.4 98.9 99.6 97.3 94.3 94.4 91.6 88.4 86.3 85.5 76.4 64.9 54.7 45.2 37.2 29.9 20 28.1 32.4 37.9 41.4 47.7 61.6 76.1 89.7 106.2 117.7 131.9 152.8 170.9 185.1 201.5 215 225.7 241.9 257.5 270.4 280.3 286.6 311.4 329.8 344.4 355.1 366.6 379.8 389.7 398 405 413.2 423.8 430.5 436.2 446.3 449.8 457.7 462.3 464.4 469.5 484.8 521.4 538.4 539 520.2 506.7 499.2 496.8 487.9 486.5 489.5 484 480.1 479
