Assets/StreamingAssets/GeoData/Data/ng/NG71.asc
ncols 200
nrows 200
xllcorner 170000
yllcorner 810000
cellsize 50
[rows 0 to 36 of 200, columns 0 to 83 of 200]
134.5 139.9 149.4 152.7 146.5 144.3 143.2 142.1 144.6 146.7 147.6 148.5 152.9 155.2 157 157.5 163.8 166 169.9 173.2 177 183.8 191.1 193.8 193.5 198.2 204.2 214.9 221.7 228.1 226.4 226.3 228 231.4 235.5 235.2 238.3 240.2 244.3 246.7 248.7 256.1 263.3 270.7 279 279 275.7 281.3 281.8 284.7 284.2 279.2 282.3 282.2 283.2 289.6 296.5 302.2 308 312.8 321.3 328.6 326 327.1 326.7 323.1 320 314.9 307.4 298.9 298.5 295.4 289.6 289 290.7 294 298.1 303.7 313.5 323.1 330 339 352.3 364.8
134.6 143.7 149.4 152.5 147.9 143.5 142 144.3 146.4 148 150.5 150.8 151.1 156 157.6 161.6 162.5 169 173.6 177.4 183 191 195.1 198.7 200.2 199.8 212.8 220.2 226.8 231.4 229.8 229.2 233.2 237.2 240.4 239 240.7 244.9 246.1 250.7 256.2 263.4 270.5 280 289.7 284 286.3 289.2 294.5 299.6 297.6 292.7 294.1 301.2 292.8 289.8 294.2 302.8 312.1 319 328.4 331.8 330 333.8 333.7 330.5 327.4 320.1 314.5 304.3 307.1 298.8 293.8 291.7 293.9 296.9 299.2 305.5 309.1 317.6 327.1 334.9 346.3 358.8
135.3 141.6 145.6 148.9 145.3 142.1 139.7 144.9 149.8 149.4 150.5 152.1 152.3 156.9 160.4 160.2 165.1 171.7 176.5 182.4 188.3 193.8 198.3 203.1 205.6 203.5 216.5 225.6 230.9 233.2 232.6 234.1 236.7 241.2 243.3 240.9 241.5 245.1 256.3 260.6 265.4 271 277.9 288.3 289.5 291.9 299.9 303.8 306.9 307.8 303.9 305 303.6 307 307 298.4 300.5 311.6 318.2 329.4 331.9 335.1 339.6 339.7 340.7 340 331.8 325.4 320 312.9 311 305 302.1 299 297.2 300.3 299.5 305.2 310.3 315.8 325.4 332.3 340.6 351.3
134.8 138.5 142.3 144.6 143 140.7 143.9 149.2 155.7 150.6 150.7 152.8 154.4 156.7 158.5 162 167.9 174.1 179.4 185.3 189.5 194.9 200.9 206.2 208.8 208.4 218.2 227.3 232.4 235.1 237 238.5 240.8 240.7 240.5 240.9 244.4 252.9 261.3 268.1 273.6 279.3 286.5 289.3 291.7 301.9 310.4 315.2 319.1 309.6 310.3 315 311.9 315.1 313.3 309.1 311 315.1 320.9 335.5 336.3 341.1 343.3 343.7 347.6 345.5 336.4 331.1 326 322.5 315.2 310.3 308.6 308.5 304.2 302 301.9 305.7 309.3 314.9 322.9 330.7 337.5 346.5
132.1 137 141.9 140.1 138.5 141.5 145.8 151.8 155.6 151 150.7 151.4 150.7 154.2 158.8 163.7 170.6 176.6 182.3 188 192.6 197.7 204 209.3 212.4 215.4 223.1 229.9 231 234.6 237.7 240.4 242.6 244.1 240.8 242.7 249.5 261.1 269.9 276 282.3 287.4 293.9 294.5 302.6 315.9 315.4 330.7 332.4 321.6 318.7 320.9 325.1 328.1 320.5 318.2 321.1 321.8 335.6 342.6 345.3 350.7 349.9 351 356.9 352.2 343.1 339.8 336.2 329.8 323 320.5 314.8 312 310 306.7 306.9 311.5 310.6 317.5 325.8 325.4 332.3 341.2
128.6 133.4 136.5 137.6 140.1 141.5 144.9 148.3 149.3 149.3 149.3 149.4 149.9 153.3 158.6 165 173.4 178.4 184.9 191.1 196.1 200.2 206.6 211.1 216.6 222 224.9 228.2 229.8 232.6 236.5 239.2 245.6 250.3 243.2 245 257.5 268 277.8 283.7 294.1 293.2 294.5 304.9 319.7 324.5 335.2 339.2 344.9 333.2 329.3 332 337.5 336.1 328.5 332.2 333.9 336.8 340.5 350.2 354.5 360.9 363.5 362.8 362.1 359.4 351.1 348.9 343.7 336.7 332.5 327.6 323.1 317 314 313.8 309.7 309.9 312.2 318.8 322.8 326.4 335.3 340.7
126.9 129.2 130.7 136.5 139 140.6 143 145.2 146.3 148.2 146.1 148.7 151.5 155.8 160.1 162.6 171.2 179.2 186.1 192.2 199.2 202 207.6 211.3 216.3 219 222.1 225.3 228 231.1 236.8 244.4 249.9 248.1 244.7 250.9 259.6 270.7 282 290.9 296.1 294.5 301.9 315.9 333.1 334.6 344.9 350.6 350.9 345.1 340.6 344.5 346.7 339.1 338.3 340.7 342.8 348.4 347.7 357.9 363.8 372.2 371.9 374.1 369.7 368.2 360.6 355.4 351.9 345.2 338.5 332.5 330.1 326.4 321.6 317.4 315 314.5 313.9 319.2 323.7 331.7 339.9 345.5
123.4 126.7 129.5 134.1 139.1 139.9 141.2 141.9 141.4 142.9 148.1 150 154.5 160.6 165.9 168.8 173.1 180.1 187.4 192.1 197.3 201 207.6 211.3 216 218.8 221 223.7 227.3 232.1 240.8 248.9 249.4 248 249.6 256.2 265.3 273.8 286.2 294.1 295.1 298.5 312.4 324.7 333.9 344.6 352.1 360 358.8 354.6 355.2 358.3 352.7 346.8 347.1 347.7 353.6 358.3 357.5 360.1 375.1 379 381.4 381.6 377.2 370.6 365.3 362 356.5 351.3 345 341.1 339.3 334 330.5 321.7 322.5 321.4 317.7 320.2 326.3 332.2 334 340.1
120 124.5 129.1 130.9 134.6 136.8 137.2 139.7 140.2 142.8 149.7 152 158.8 164.5 170 174.7 178.2 182.7 189.8 191 196.7 200.5 205.7 210.1 216 220.2 223 226.3 228.7 232 239.9 245.4 245.8 249 255.2 260.9 269.8 278.7 286.5 292.4 294.6 307.4 315.5 331 338 352.6 357.6 364.3 361.9 359.6 364.2 367.8 361.2 354.5 351.8 354.4 363.3 363 369.4 367.5 379.7 382.6 386.1 381.6 379.3 375.1 373.7 368.4 362.8 359 352.4 349.4 344.6 343.3 337.8 329.2 331 325.2 321.1 322.5 327.7 334 336.4 340.1
120.8 126.4 130.2 130.6 131.1 130.3 133 139 141.6 145.7 150.4 156.6 162.7 168.4 174.2 179 181.6 183.2 191.2 195.7 199.7 203.6 208 213.4 218.6 223.4 226.1 229.1 232.6 237.3 239.5 243.5 246.8 254.5 258.4 266.7 275.5 281.6 285.3 288 302.3 310.6 324.8 332.2 344.7 353.2 361.1 362.5 368 367.4 373.9 378.8 364.2 360 358.8 359.1 366.4 370.8 375.3 379.4 374.2 388.4 393.6 391.2 383.3 380.3 380.2 375.5 368.3 369.2 360.4 358.4 353 350.5 341.8 335.9 332.7 327.1 326.2 326.2 331.6 332.2 336 340.6
123.2 128.4 131.1 129.4 127.2 129.2 134.4 140.3 144.3 149.3 154.6 160.7 166.3 171.9 177.5 182.5 185.4 187.8 191.7 199 203.8 207.1 212 216.3 223.3 228.6 230.2 232.5 236.8 240.3 239.6 242.4 248.2 255.7 262.7 272.9 280.4 282.5 284.5 294 306.7 318.7 327.8 339.7 349.4 352 358.9 369.5 369.2 377.3 380.1 375.5 367.4 364.7 365.7 369.1 371.7 376 381.6 382.4 387.8 391.5 396.6 390.1 389.3 386.7 386.6 380.1 379.2 375.5 373 370.7 363.7 358.9 346.8 339.3 338.6 338.3 334.7 337.6 337.6 337.1 339.1 342
125.8 129.5 132.2 129.6 125 130.9 136.9 141.8 146.9 152.3 158.3 163 168.5 174.1 179.4 183.3 186.6 189.5 193.3 199.5 205.7 209.5 214.7 218.8 225.7 230.4 231 232.5 235.9 239.2 239.6 244.3 249.8 257 261.9 273.1 280.5 283.1 287.1 296.3 312.6 323.7 331.5 342.4 352.1 359.7 363.1 368 374.6 381.5 388.5 377.9 371.6 369.1 372.5 374.9 375 381.2 384.8 390.6 393.9 388.8 389.9 389.8 391.4 392.7 387.1 385.3 383.5 378.7 374.8 372.7 367.2 362.5 348.1 343.5 349.2 346.6 345.5 344.4 345.2 342 341.2 343.4
126.9 130.5 128.7 123.2 126.6 131.9 138.4 143.1 149.4 154.8 160.7 165 170.4 175.8 180.4 184.3 187.8 191.1 195.7 201.7 209 211.6 215.3 219.7 227.6 230.4 231.4 232.7 234.9 238.4 241.9 246.9 253.4 262.4 270.4 270.7 278.5 283.9 293.6 302.5 312.3 324.9 336.8 343.8 351.1 358.2 365.2 371.9 381.5 384.1 383.2 379.7 375.6 373.4 376.3 381.5 379.9 389.2 390.5 395.9 398.3 393.9 393.9 393.4 391.9 389.1 390.8 386.5 381.5 377.3 374.6 371.9 369.6 366.3 358.4 355.7 362.8 356.7 353.6 352.3 350.3 349.5 349.1 352.7
124.1 122.5 119 121.8 128.9 129.3 139.5 145.6 151.2 155.9 160.3 166.6 172.1 177.4 181.8 184.5 187.6 192.2 197.6 202.8 208.4 211.3 215.5 220.5 228.2 230.6 231.2 232.9 235.1 238.3 243 249.1 256.1 261.7 269.6 272.4 278 290.9 298.3 306.6 314.8 318.1 327 337.1 347.9 362 370.8 377.9 384.4 382.4 384.2 380.2 381 381.5 381.2 381.4 387.3 399.5 396.9 402.5 397.7 396.4 395.9 396.8 393.8 392.2 391.6 388.2 385.5 386.5 380.6 380 379.6 373.5 367.7 365.1 368.2 363.8 360.8 355.6 355.4 358.7 355.9 359.4
116.5 114.6 120.4 124.2 127.6 133.8 141.4 146.9 152.2 156.7 160.4 167.4 173.7 179.2 182.4 184.5 187.6 192.1 199.2 202 207.8 211.4 215.9 220.7 226 229.7 230.6 231.8 235.3 239.3 243.4 248.4 252.8 259.7 266.8 275.2 284.2 294.1 301.3 307.8 313.2 321.7 329.7 340.9 351.7 365.4 377.9 384.3 386.3 380.2 381.6 382.5 384.1 386.8 387.6 387 389.2 392 395.4 396.2 398.9 397.9 399.2 397.2 396.8 397.4 399.3 397.2 395.5 396 389.9 387.2 380.5 375.7 373.1 372.5 371.9 370.5 365.4 362.7 362.4 363.1 362.4 366.5
108.9 113.1 118.7 122.9 131.6 137.8 142.7 147.1 151.4 156.9 162 168.6 176.2 180.4 182.7 185.5 188.7 192 197.4 201.1 205.3 208.1 211.8 216.8 221.9 225.1 228.2 230.3 233.8 237.8 242.9 247.7 251.8 257.6 265.3 276.9 286 298.4 300.3 307.3 315 325.9 337.2 348.1 351.7 361.8 380.3 390.5 379.9 376.3 380 384.2 388.7 387.1 385.6 388.3 392.9 391.9 395.1 399.4 403.4 403.5 403.5 403.4 405.2 407.8 407.1 404.8 406 401.7 394.8 390.5 386.6 384.2 381.6 377.3 374.7 376.1 370.9 369.6 369.5 371.6 368.4 369.8
108.4 112.8 117.7 122.5 130.6 138.3 142 145.8 150.3 157.5 164.2 169.9 175.3 179.9 182.1 186 189.5 191.4 195.2 198.6 201.1 203 206.2 210.6 215.9 220.6 223.6 229.2 227.7 237.3 242.3 248.3 249.8 254.8 266.6 278.3 284.5 293.7 303.3 311.7 322.4 330 332.8 338 340.6 348.6 357.9 366.7 368 369.6 373.4 377.5 385.8 388.4 391 392 395.2 394.3 402.2 405.7 407.1 409.3 409.3 411.9 414 417.5 412.7 416.5 412.9 408.4 403.3 396.3 395.2 388 388.1 382.6 378.4 379.4 380 372.9 373.9 377 379.2 382.2
110.8 117.3 119.7 121.9 127.4 133.3 141 146.8 151.4 157.9 166 170.4 176.7 180.2 182.3 185.9 188.3 190 192.7 195.7 198.9 200.2 203.1 207.7 215.1 218.1 223.6 225.7 225.5 234 232.1 236.5 245.1 250.8 258.7 268.3 283 293.2 307.1 318.8 321.4 321.5 325.3 331.4 342.3 347.8 354.1 361 363.5 366.8 372.6 385.7 393.9 395.2 395.6 396.4 400.7 400 400.7 409.2 408.1 409.9 415.5 419.8 424.5 421.2 423.3 423.6 418.4 411.7 408.8 405.6 397.6 396.9 395 389.4 386.4 382.6 380.8 379.7 379.4 383.6 384.3 391.6
113.3 119.3 122.9 125 128.7 134.9 142.4 148.8 153.5 159.7 164.7 169 175.5 180.2 183 185.6 187.1 188.9 190.6 192.7 198.8 200.6 204.1 205.6 214.8 215.4 220.6 226.9 229.2 233.6 237.1 244.5 245.1 253.8 267.1 275.7 287.8 299.9 308.7 310 314.8 315.2 322.2 330.6 341.3 348.6 351.4 357 362.4 371.8 384.8 390 396.5 398.6 401.1 403.2 401.9 402 404.4 404.1 408.8 415.1 421.3 426.6 427.4 430.9 431.5 429.1 423.6 417.4 417.1 411.3 402.9 400.8 398.3 394.5 389.5 384.5 383.7 384.3 386.7 389.8 391.2 397.2
114 118.1 122.4 125.5 129.4 135.6 143.1 149.9 154.9 159 165.2 171.5 175.6 179.3 183.5 188.6 186.1 187.7 189.4 189.9 198.1 199.6 201.1 203.6 205.9 214.8 220 224.9 228.9 231 233.5 243.7 254.2 260.8 273 284.2 291.4 294.5 301.9 296.5 311 317 331.5 339.4 341.2 345.8 353.5 365.5 372.7 378.6 387.8 393.5 400.9 401.8 403.7 404.6 404.2 403.2 402.4 403.4 410.1 416.9 426.6 434.4 433.5 437.8 436 436.1 428.7 428.6 424.4 418.2 411.9 404.5 402.7 400.1 392.6 388.5 389.3 387.3 388.9 392.2 395.7 402.6
115.4 119.5 122.5 126 129.8 136.5 143.4 149.2 155.3 160.5 166.5 171.7 175.6 179.3 182.6 184.2 185.1 186.2 186.9 192.1 194.4 197.9 201 204.6 208.2 211 217.8 224.9 228.8 230.9 242.1 254.9 265 268.1 278.2 290.6 296.1 304.6 311.9 316.5 320.2 311.2 328.9 340 347.6 356.8 367.2 373.1 381.2 386.8 390.4 398.1 400.5 403.6 404.3 408.7 408.2 403.6 403.3 404.6 413.3 421.6 428 433.5 439.4 443 442.6 445.4 445.1 438.1 433.4 428.7 421.8 414.4 405.6 401.9 395 392.2 389.8 389.2 391.4 393.8 399.4 410
114.5 120.4 123.2 125.5 130.2 136.4 142.7 148.8 155.7 160.6 164.2 170.4 175.1 178.5 179.7 179.1 182.3 179.8 185 192 195.1 197.6 201.5 205.4 209.1 214.6 218.7 228.5 224 240.2 250.9 260.7 273.7 273.7 279.2 286.5 303.3 310.8 317.6 322.4 328 330.4 338.1 350.3 361.1 362.2 373 383.6 387.7 391.5 393.4 399.4 402.5 405.2 407.3 409.9 406.2 403.5 405 411.2 414.6 420.4 427.6 435.9 441.5 445.3 448.4 455.2 463.3 462.7 443.8 435.8 427.1 420.1 411 403.9 398.5 393.4 391.7 391.3 394.5 396.8 402.2 412.2
111.8 120.5 121.3 124 128 135.1 142 147.3 151.9 156.8 163.2 169.1 174 175.1 176.9 171.9 178.3 183.8 186 190.5 192.7 193.5 200.1 206 210.2 215.1 217.5 217.3 232.9 247.1 258.3 267.6 270.6 274.3 287.9 298.8 309.1 313.7 324.3 327.3 329.4 339.1 348.9 342.4 363.9 371 381.5 388.6 395 396.4 395.4 400.7 403.7 407.9 411.6 406.4 403.9 406.5 410 410.4 417.8 426.3 432.5 439.4 446.8 454.4 455.7 463.7 469.5 470.4 456.7 443.6 432.3 422.8 415.2 406.7 400.4 396.2 393.6 394.4 395.6 397.1 404.8 412.5
112.3 118.1 121.3 123.5 127.6 133.3 140.4 147.7 153.3 157.7 163.9 170.4 171.5 171.5 167.9 172.4 177.9 181.3 183 184.1 187.3 190.9 198.2 204.4 210.9 211.9 214.3 225 236.3 250.3 257.8 265.3 273.9 283.7 291.5 309 313 324.5 324.6 329.5 341.5 347 358.8 361.4 360.7 379.6 389.1 399.5 398.4 402.9 401.7 401.7 406.8 408.2 406.9 407.8 408.2 407.3 411.2 416.1 422 429.5 436.1 445.6 450.4 456.6 465.3 472.8 477.8 473.1 464.7 447.4 441.2 428.6 421.3 411.4 401.2 397.5 395.6 394.8 397.2 398.7 404.5 412.7
111.7 115.5 119.4 122.4 126.3 131 141.8 148.8 151.7 155.1 159.4 164.8 165.1 161 168.7 172.2 173 175.4 173.6 183 185.8 190.1 197.5 206.1 211.1 204 221.9 233.2 238.7 245.4 257.3 268.9 281.9 285.9 299.7 311.2 320.3 332 331.8 341.8 348.1 351.8 359 371 379 382 391.4 398.8 403.1 401.9 402.8 402.3 406.2 409 409.3 410 412.4 413.2 415.4 421.6 429.1 434 440.3 446.6 453.9 462.8 471.6 479.3 476.9 472.9 467.8 459.2 447.8 436.4 425.7 416.9 406.7 398.6 396.9 394.8 396.3 397.5 400 408.3
110.7 113.9 117 120.5 124.9 130.2 138.8 144 147.5 150.9 153.4 153.7 154.1 160.5 165.3 166.9 164 161.7 170.4 181 183.2 189.8 194.6 203.1 204.1 205.1 223.3 238.8 250.5 252.1 257.2 274.6 279.6 293.4 311.1 322.9 330.9 337.9 338 351.7 352.2 361.6 368.9 377.2 381.6 384.8 392.5 401.3 401.1 402.7 404.4 404.3 406.7 409 411.8 413.2 418.4 416.7 424 426.6 430.1 438.1 441.3 447.7 455.3 465.3 470.7 479.3 475.3 476.1 473.1 466.8 458.7 444.5 431.7 421 408.8 400.5 396.7 396 395.7 395.3 398 402.5
108.1 110.7 113.7 118 122.6 127.5 133.4 137 140.2 141.6 139.1 139.1 150.6 155 155.9 155.1 154.9 165.1 167.3 172.3 179.7 177.4 178.1 195.4 190.3 208.9 233 246.9 250.6 259.8 266.1 272.4 287.4 305 317.9 329.5 336.5 341.5 349.1 354.5 359.9 362.8 373.4 381.9 390.6 396.6 394.1 396.7 400.9 402.2 403.8 405.7 408.6 410.7 417.9 420.2 420.1 425.3 433.1 429.8 435.4 439 443.6 446.9 455.3 462.8 468.5 471.4 477.9 482 481.6 470.1 458.8 445.6 435.3 424.8 415.1 404.4 398.1 396.7 393.2 393 393.3 399.2
104.4 107 109.6 113.1 119 122 127.3 130.4 128.8 128.1 127.4 133.4 143.6 145.4 143.9 144.1 149.8 156.2 163.3 171.3 168 185.2 192.2 196.2 204.5 222.6 242.3 247.1 256.3 263.9 276.3 278.5 297.8 313.2 315.7 329.9 341 345.7 351.8 359.3 362.6 373.8 383.7 391.3 402.4 398.9 400.3 397.8 397.3 403.4 404.3 411.5 414.6 418.4 421.7 426.2 424.5 433.5 439.3 436.5 439.2 444.1 444.9 451.4 459.3 465.3 471.3 477.9 482.8 487.1 482 474.3 465.6 459.8 443.7 430.7 418.8 407.2 398.5 394.1 391.7 393.4 393.9 395.5
99.2 102.7 105.3 107.5 111.7 112.3 115.2 112.8 119.1 119.9 125.2 130.6 133.4 137.6 135.4 139.8 147.3 158 168.4 157.5 171.1 182.3 191.7 201.5 211.8 235.6 245.3 251.1 259.7 271.6 276.7 283.1 297.7 306.3 321.8 331.1 338.1 346.6 355.5 367 373.9 380.8 394.5 402.4 407.1 404.6 402.9 402.6 407.9 409.4 409.8 416.2 420.6 426.6 420.8 424.6 432 437.5 437.6 444.5 445.3 443.1 449 450.3 458.1 469 477.2 484.6 492.7 494.1 488.2 485.4 474.7 464.4 450.9 435.5 424.7 410.2 398.9 394.6 390.7 389.5 392.1 393
95.8 98.5 101 100.6 100.7 105.3 107.6 105 110.3 119.3 125.5 127 121.3 127.6 136.6 144.2 154.1 160.3 164.3 156.1 178.1 189.7 195.6 210.6 228.4 246 245.1 252.7 266.1 273.4 280.5 293.7 299.3 310.9 319 331.4 340.6 347.1 357.6 368.4 379.5 391.5 404.4 407.8 407.6 407.9 408.7 416.3 415.5 415.6 421.5 423.7 427 426.4 428.8 428.5 434.5 437.3 443.8 449.1 447.2 446 449.9 453.9 461.4 467.3 478.4 493 498.4 502.6 498.5 494.4 493.1 473.6 454.3 437.8 427.3 413.2 400.3 395 391.4 387.8 387.2 388.8
91.1 93.8 94.3 94.6 97.2 92.6 98 104.5 110.1 115.9 118.5 117.8 119.8 129 139.7 149.5 153.9 154.9 145.1 171 186.8 195.4 212.5 228.2 233.9 235.2 246.3 257.5 268.3 275.1 288.1 296.6 301.7 313.7 321.2 325.1 334 346.6 353.8 369.2 389.6 400.7 408 412.3 418.4 416.5 423.7 420.3 421.2 423.9 426.1 435.1 429.1 430.2 435 437.5 434.3 437.1 440.9 444.7 446.6 454 456.4 458.6 462.9 470.8 481.9 497 502.4 509.7 507.3 507.4 498.7 479.3 460.1 444.2 430.3 417.4 404.6 396.3 390 385.6 383.9 385.8
88.2 90.3 90.8 88.1 88.9 93.9 98.6 103.7 105.9 106.3 108.5 113.5 122.7 129.4 141.1 145.4 144.5 143.8 170.3 179.9 191.7 209.3 223 223.1 227.9 240 250.4 259.7 272.3 277.6 286.7 299.7 300.2 304.7 320.5 328.7 338.2 345 357.5 373 390.8 407.2 420.6 424.4 424.3 427.7 426.7 430.8 433 432.1 432.8 437.2 434.6 437.2 439.1 442.5 438.6 441.8 445.8 448.5 451.8 458.7 460 465.5 470.7 477.5 484 496.4 508.3 512.3 513.5 512.7 506.9 492.7 472.7 454.8 433.1 419.9 406.1 397.3 389.9 385.7 383.4 385.1
83.5 87.5 86.9 81.4 89.7 94.6 96.1 98.3 101.2 101.3 101.7 116 121.9 125.8 127.4 122.4 127.1 159.3 175.1 187.3 204.8 209.2 213.2 226.7 235.1 243.1 253.6 264.6 270.9 288.2 291 298.1 300.3 302.8 316.1 324.9 339.9 346.7 366.4 384.4 405.1 423.9 427.5 435 433.8 433.5 435 440 440.7 437.2 434.4 434.6 439.6 442.5 442.5 444 451.2 449.6 450 451.3 456 463.8 469.1 470.6 477.5 485.6 490.8 498.9 510.1 516.5 523.1 523.7 519.1 506.6 480 459.7 437.1 421 408.1 398.3 390 385 381 384.9
79.2 79.8 81.6 83.2 85 88.2 91.1 93.8 97 95.1 97.1 105.7 110.6 107.7 114.2 126 146.2 158.4 171.6 196 199.4 209.2 220.6 227.4 238.3 251.1 259.4 264.4 275.8 284.5 291.4 296.4 304.3 309.8 312 323.3 339.4 352.6 370.8 387.7 412.7 424.5 431.3 435.1 440.7 442.5 439.9 441.7 442.2 439.7 438.6 441 448.2 453.5 458.5 453.1 459.2 457.4 459.5 459.5 461.6 471.2 478.2 474.8 480.4 489 496.2 503.2 512.8 519.3 535.1 533 529.5 513.3 486.6 462.6 438 422.9 411.1 398.7 391.1 383.3 377.3 378.8
76.4 78.3 80 69.9 79 82.5 87.2 90.1 91.1 87.9 91.3 93.5 95.4 114.5 123.9 134.3 159 171.4 185.5 198.5 204.6 215.2 222 234.9 238.5 250 261.3 269.9 275.7 281.1 288.5 297.2 303.4 312.5 318.8 317.2 330.8 349.8 365.8 386.2 401.1 417.9 424.6 433.3 440 446.1 450.5 449.1 449.2 444.7 446 449.1 455.4 465.1 472 472.9 461.9 465.9 470.3 473.4 474.5 476.7 481.9 480.8 481.7 491.1 501.5 509.8 514.9 522.2 539.1 539.1 534.1 521.1 492.3 465.6 438.8 422.6 412.1 402 390.4 381.9 375.4 369.2
72.7 74.9 78.6 76.4 75 80.3 84.4 84.6 66.2 82.2 87.6 90.7 97.8 110.6 127.8 143 157.9 179.6 181.9 198.5 212 221.5 225.4 226.3 235.9 243.4 259.1 263.2 272.9 278.6 288.7 297.5 307.2 318.9 323.8 326.2 339.5 356.1 368.2 383.2 398.6 408.6 423.3 436 444.6 451.3 454.1 453.5 450.7 451.9 451.2 453.5 463.9 474.6 478.2 478.2 476.1 470.6 481.3 483.3 483.4 484.8 487.7 489.6 492.4 495.6 507.8 515.7 516.4 530.2 540.7 543.4 542.4 529.1 498.7 464.4 439.3 422.2 411.9 402.4 390.6 381.4 373.1 362.5
70.4 70.8 72.5 63.1 75.9 80.6 84.7 69.6 81.5 97.9 97.5 100.3 108.6 106 126.6 144.1 163.5 175.6 185.1 192.3 207.5 219.2 217.4 223.6 231.5 243.5 255.4 264 268.6 274 282.2 294.4 305.5 314.3 325.4 335.3 345.1 358.4 374.2 385.5 402.7 412.6 425.3 438.4 449 455.9 458.5 454.3 457 459.3 456.9 460.7 467.7 474.1 476.8 478.3 483.6 486.7 482.1 485.9 488.8 494.8 496.2 502 505.3 510.1 520.4 520.9 518.3 528.3 542.6 545 545.8 535.8 502.3 469.2 438.5 420.7 411.1 401.2 390.3 379.8 370.6 361.4
