Assets/StreamingAssets/GeoData/Data/ng/NG72.asc
ncols 200
nrows 200
xllcorner 170000
yllcorner 820000
cellsize 50
[rows 111 to 147 of 200, columns 0 to 82 of 200]
32.1 31.9 31.4 30.5 30.2 32.5 35.1 39.4 43.3 48.3 50.7 54 56.4 56.6 56.9 61.3 64.6 65.9 61.4 65.3 70.6 70.7 70 69.6 71 72.3 73.7 73.6 73.8 74.2 70.2 68.2 69.7 68.6 71.7 75.8 79.6 83.2 89.3 92.3 95.4 100.3 105.3 109.8 114.7 120.4 121.2 122 127.3 123.2 116.1 107.4 101.9 100.2 99.6 97.8 95.5 92.4 90.4 85.5 84.5 90 91.5 91.8 88.2 84.2 87.2 90.5 94.4 93.9 106.4 108 112.5 108.7 102.3 104.7 112.5 117.1 115.9 116.2 118.8 121 119.8
32.4 32 31.3 30.8 32.1 35.2 38.9 43.3 48.6 52.2 55.8 58.4 59.4 58.8 62.8 68 71.1 73.3 72.1 73.2 76.4 78.1 79.6 77.7 79.1 79.8 80.8 81 81.3 80.5 75.4 74.5 77.4 76.1 75.3 79.3 84.7 90.2 95.5 98.3 101.1 105.4 109.7 115.6 120 121.1 121.4 120.9 120.9 116.7 112.2 106.3 101.2 98.1 97.8 96.2 95.9 92.8 93.2 92.9 98.2 104.1 107.5 102.6 97.2 91.7 90.2 93.7 102.4 100.4 111.2 114 114.5 108.6 112.5 117.9 124.7 131.5 128.4 125.8 130.4 133.9 133.6
32.9 33.3 34.1 35.2 35.8 38.2 42.1 46.6 51.8 55 58.8 60.3 60.4 64.4 68.7 73.8 79.4 79.8 79.8 79.4 81.8 82.3 82.2 82.4 83.1 84.5 84.7 84.4 84.7 83.1 82.9 84.6 80.9 76 79.3 84.8 89.9 95 100.7 104.5 107.4 111 115 120.3 120.9 120 118 118.4 116.2 112.8 108.1 102.8 100.4 98 98.5 100.9 102 103.2 104.8 107.9 115.8 121.2 119.8 112.6 106.5 101.9 100.1 106.8 107.9 110 110 113.1 114.3 111.9 119.3 125.6 133 137.2 136.2 137.2 144.1 145.9 142.2
34.1 34.8 34.7 36 40 41.2 43.1 48.1 54.8 58.9 60.2 61.4 65.5 70.4 75 79.7 82.2 83.9 83.9 83.8 85.7 85.7 85.7 87 88 88.7 88.2 87.9 87.8 89.3 89.8 91 86.2 80.4 84.6 93.2 95.3 99.5 104.5 108 110.9 111.5 115.4 119.9 115.2 110.8 107.9 104.9 107.5 108.3 105.4 104.4 103.1 102.7 104.3 107.2 109.8 114.5 116.2 123 131.1 132 129.3 130.5 119.1 106.7 104.6 115.9 114.7 116.6 116.2 118.9 119 120.9 128.6 132.8 137.8 139.9 142.5 144.8 151 151.3 148.3
36.4 37.7 38.7 37.6 41.3 42.2 45.5 49.5 57.1 60.5 62 66.7 72.5 76.6 81 83.1 85.2 87.2 87.7 88.1 89 89.3 89.1 92.4 93.9 93.6 92.9 92.5 92.5 93.7 94.2 93.1 91.2 90.3 85.6 99.2 101.2 103.5 106.2 108.7 110 110.4 111.6 111.1 109.8 109.6 105.6 105.9 110.2 108.5 106.3 105.8 107.6 108.5 110.3 114.3 118.7 124.1 128.4 132.8 139.4 137.5 136.2 140.3 128.7 120.1 110.2 117.3 121.8 122.4 121 121.8 124.3 130.9 127.9 137.7 140.7 142.9 145.7 148.7 151.6 152.2 151.3
37.1 42.5 41.9 36.9 41.5 44.4 47 49.9 55.6 59.4 62.8 67.7 76.7 81.5 83.4 85.7 88.2 90.2 90.5 91.3 93.3 94.5 95.4 98.1 99.3 98.9 98.3 98.7 98.4 97.1 96.9 95.5 94 93.5 83 98.1 102.5 104 103.9 106.6 105.2 103.6 106.5 106.2 106.7 108.6 110.5 113.1 111.6 109.7 110 111.1 113 116.2 117.4 122.3 126.8 130.9 134.6 135.5 140.2 140 141 140.5 133 127.4 117.9 123.9 126.6 129 129.6 131.6 131.3 134.1 139.4 140 143.6 146.3 149.3 152.2 154.2 155.9 156.9
27.8 37.1 39.3 43.1 38.2 48.1 50.2 50.9 55.4 60.3 64.9 70 79.9 84.1 86.9 89.1 91.4 93.2 93.8 95.2 97.1 100.1 100.6 101.8 103.8 104.2 104.1 104.8 104.6 101.2 99.3 98.1 97.3 97.5 92.7 91.4 98.5 96.8 96.7 97 100.3 101.6 100.7 104.9 109 109.8 110.8 111.2 110.9 114 115.1 118.9 121.2 125.1 129.1 132.2 135 137.6 138.2 139 143.9 144.3 143.7 143.5 138.1 131.1 118.9 135.2 133.2 135.9 138.5 141.4 141.8 142.2 143.6 145.3 147.6 149.9 152.7 155.8 158.2 161.2 167.7
37.5 25.9 40.6 47.3 47.1 40.7 48.9 52.5 58.1 64.7 70.4 73.7 80.2 84.9 89.1 92.8 95.8 96.7 97.4 97.7 98.8 101.4 102.4 104.5 106.7 108.5 109.5 110.6 109 105 100.8 101 101.1 98.4 96.6 90.9 92.2 93.9 97.9 101.5 101.6 101.3 104 109 112.9 109.3 111.3 115.2 119.5 124.3 129.1 130 126.9 128.8 136.4 141.5 145.3 143.1 140.7 147.3 151 149.7 150.5 149.8 147.2 134.9 125.3 135.4 140.1 143.6 146.4 148.6 149.7 150.9 151.9 151.2 154 157.9 160.7 163.4 166.9 170.7 176.9
42.2 41.7 34.1 45 49.6 50.4 48 53.8 60.9 67.8 73.5 77.5 82.4 86.9 91.1 95 98.1 99.4 99.7 99.9 100.5 102.2 103.9 105.9 108 109.9 110.8 110.6 104.5 102.2 100.8 99.8 98.6 96.3 93.1 92.5 95.9 100.7 103.3 104.6 107.5 109 111.2 115 117.2 119.6 124.4 127 128.9 132.6 135.3 136.1 134.8 136.3 144.5 151.8 151 149.4 149.2 155.5 160.1 158.3 161.7 162.9 159.3 145.4 126.9 138.3 146.4 150.7 153.6 156.1 158.9 159.3 160.7 159.2 161 165.1 169.1 173.7 177.7 181.2 186
46 47.4 46.3 36.1 47.7 51.3 50.4 53.6 61.8 70.1 75.9 79.9 84.4 90.1 93.2 97.1 99.9 101.1 101 100.9 100.9 100.5 103.1 106.4 109 110.1 108.4 107.1 102.3 101 99.5 96.8 95.9 96.5 100.1 102.7 104.9 106.5 108.1 109.9 112.8 116 119.2 122.2 126.7 132.2 137 139.6 140.4 140.9 141 141.3 143.3 146.4 150.6 151.7 151.4 150.4 152.6 159.1 160.6 163.1 167.2 167.8 159 148.3 134 146.1 153.1 158.5 160.4 162.9 162.7 163.9 165.9 167.1 168.3 170.7 173.8 180.9 183.8 187.6 189.3
48.1 49.4 50.2 49.2 42.3 51.3 54.8 54.1 60.1 68.4 77.3 81.7 86.4 90.2 94.1 98.5 101.1 101.1 101.1 101 101 101.1 100.3 102.6 106.1 103.3 102.8 102 101.3 99.5 99.2 99.2 101.9 103.1 105 109.7 111.4 112.5 114.5 117.8 122.4 125.6 128.5 132.8 137.3 141.3 148 152.3 150 148.4 146.9 147.4 150 151.3 152.9 153.7 152.8 153.1 156.6 158.7 159.9 162.3 165.2 164.6 159.5 153.5 143.3 153.7 162.1 166.2 167.6 168.1 167.4 168.9 170.3 171.7 173.4 174.9 177.7 179.2 180.1 182.8 189.6
50.2 50.9 53.7 57.2 53.9 43.7 54.1 57.5 58.7 66.8 76.2 83.2 87.4 90.2 93.9 99.3 101.1 101.1 100.9 101.2 101 101.1 101.5 100.6 100.1 100.6 102.4 101.6 100.6 101 101.2 104.2 107.6 111 110.1 111.6 117.5 120.5 123.1 126.6 130.2 135.2 138.4 141.3 144.7 148.6 153.6 156.4 155.1 153.4 152.3 153.2 154.8 154.6 155.5 156.4 155 155.9 158.2 158.8 159.6 163 165.8 166.1 158.9 152.2 144.5 163 169.4 175 173.7 171.7 171.7 173.9 175.2 176.4 177.4 175.7 177.9 179.9 181.6 187.2 193.5
48.7 51.9 55.7 64.2 60 54 43.6 52.3 55 63.7 73 84.7 86.3 90.2 93.7 97.2 101.1 101.1 101.1 100.7 97.6 94.6 95.6 96.5 101.6 106.5 108.5 108.1 108.7 108.5 109.4 110.3 112.4 117.9 119.4 122.7 127.2 129.5 131.2 134.7 138.7 142.5 146.3 150.3 154.2 156.8 159.1 159.7 159 158.1 159.6 160.2 158.1 157.8 158.2 158.5 158.4 158.9 160.9 160.1 161.7 164.6 167.8 162.5 156.4 148.8 155.5 164.3 171.4 172.9 174.5 172.6 174.6 176.8 179.2 181.4 183.3 179.9 182.6 186.9 190.2 195 201.1
51.8 51.3 57.3 63.6 62.4 59.1 53.3 42.3 49.5 63.2 68.9 77.5 85.5 87.6 90 92 93.4 93.4 91.4 89.7 92.5 94.6 100 106.8 112.7 116.6 119.3 120.4 121.6 121.5 119 115.8 116.4 120.3 128.8 130.8 134 135.5 137.8 143.7 148.6 151.8 155.4 160.4 165.8 166.2 167.8 170 167.2 166.2 169.6 169.3 162.8 161.5 163.9 164.2 164.2 164.8 165.7 165.5 169.2 168.6 162.5 160.8 156.9 156.9 159.1 166.9 170.7 174.6 176.3 177 179.4 181.8 184.2 185.7 184.9 186.7 191.4 195.9 198.6 204.1 211
54.5 54.5 57 62.9 64.9 62.9 58 50.2 44.6 55.9 65.6 74.3 80.8 85.6 83.8 86.7 91.3 89 88.5 94.1 94.6 101.4 109.1 113.3 119.4 124.4 126.7 127.8 129.1 130.5 129.1 126.2 124.5 128.9 129.2 134.6 138 139.7 144.1 149.4 154.9 158.4 165.9 170.4 171.8 173.1 172.8 172.2 172.3 172.7 173.6 172.7 168.7 170.5 169.7 170.8 170.8 171.3 171.9 173.1 176.6 169.1 169.3 170.4 159 170.9 165.8 170.3 174.2 178.7 180.6 182 184 186.7 189.2 190.2 191 195.5 200.5 204.6 206.4 212.9 220.8
57.5 58.9 55 66 67.2 64.3 58.3 52.7 45.7 53.7 63.5 70.3 71.2 74.6 80.5 91.8 97.8 96.7 96.5 104.5 105 108.7 114.3 118.8 122.9 128.7 131.5 132.6 134.9 136.7 135.3 132.9 133.2 135.8 137.2 133.9 138.6 140.4 148.8 153.9 158.3 165.9 170.6 172.5 175.1 174.5 173.6 175.4 176.1 176.3 176.5 176.7 177.5 180.2 178.9 177.2 176.1 177.4 180 178.9 175.4 177 178.7 175.1 166.1 172.4 174.1 174.5 178.9 184.9 188.2 187.8 188.5 191 193.5 196.5 195.9 200.8 206 211.1 216.3 222.6 223.8
59.3 59.7 56.4 60.2 63.9 63.2 58.2 51.9 49.6 53.6 56.7 61.2 70.2 75 85.5 98 101.1 101 101.5 105.3 109.7 113.8 119.4 126.9 127.2 130.5 136 140.5 141 140.3 139.9 139.1 140.1 140.9 141.4 139.4 140.6 142.5 149.6 154.3 161.6 167.3 171 173.8 176.1 173.8 175.6 179.8 178.5 179.8 180.6 180.7 183.5 188 185.4 182.9 180.9 182.5 180.7 182 183.2 184.6 182.6 178.8 171.1 178.2 181.2 180.7 185.9 190.9 190.5 191 193.9 196.1 197.6 198.1 197.7 204.8 213.2 222.5 230.3 232.2 227.2
60.3 60.7 60.2 59.4 61.2 60.8 57.3 47.1 49.2 60 64.8 67.4 74.1 80.6 89.4 95.7 99.1 100.9 105.3 108.9 114 119 125.5 129 131.2 135.4 140 142.5 143.8 143.9 142.5 142.6 143.5 144.5 145.7 146.4 147.5 149.5 150.4 155.5 163.6 170.9 171.2 173.2 174.2 177.9 180.6 181.7 180.6 182.2 183.8 185.3 187.1 190.6 190.1 187.9 187 185.7 185.1 191.4 191.1 190 188.2 179.1 182.9 186.9 184.7 185.9 185.7 190 192.1 194.2 197.9 202 203.5 206.9 211.4 208.2 216.4 227.8 235.6 238 244.9
62.1 63 62.7 62.5 63.9 63.5 61.5 50.5 58.8 65.4 72.5 74 79.1 87.3 90.1 93.1 97.8 100.7 106.2 110.1 117.3 120.6 124.7 129.3 135.6 139.9 143 145 146.1 145.6 145 145 145.9 146.8 148.3 150 151.9 155.4 159.3 163.7 164.2 168.8 170 171.8 176.2 180.2 183.5 184.8 185.1 186.5 187.9 188.6 189.9 192.7 193.2 192.1 190 189.6 190.7 193.9 193.6 194.1 191.9 189.6 183 188.6 188.3 189.1 190.2 191.4 194.4 197.2 201.2 207.7 212.9 218.1 222.6 214.5 221.1 232.1 241.9 255.1 258.2
65.8 65.7 68.1 70.6 70.2 68.2 66.9 63.1 56.7 69.4 77.8 82.4 82 81.8 94.6 95.4 99.7 102.4 106.4 110.5 117.1 122.7 127.5 132.4 138.8 142.4 145.1 146.7 147.6 147.3 146.8 147.4 148.3 149.1 151 153.1 156 159.5 164.6 166.7 165.7 167.3 170.5 174.4 178.5 182.6 186.3 188.2 189.7 190.8 191.1 191.5 193.8 197.1 198.8 196.1 194.1 198.5 196.8 195.5 194.1 195 191.7 192.8 189.5 187.8 190.7 191.3 193.9 195.3 198 204.4 209.1 215.3 221.5 225.9 224.6 227.9 234.1 248.6 253 258.8 270.2
70.4 71.9 73 73.7 74.1 73.7 73.6 72 62.7 68.2 78.8 87.6 88.6 84.3 88.1 95.1 101.2 106.3 105.2 110.6 119.1 123.9 129.7 135.9 140.8 144.9 147.6 148.4 148.8 148.5 148.7 149.8 150.2 152 154.2 156.4 159.5 161.7 164.6 165.8 169 173.2 176.7 179.4 180.6 184.9 189.1 190 191 192.4 193.9 196 197.8 200.6 199.9 198.4 200 199.1 198 197.6 195.1 194.1 193.9 196.3 196 193.7 193.7 193.9 196.6 200.4 207 208.9 214.9 221.3 223.6 229.1 233.3 237.5 242.7 250.3 254.3 260.5 263.9
76.1 80.2 77.5 76.1 76.5 77.5 78.1 76 72.8 58.3 75.8 86.5 90.4 91.3 91.8 94.2 98.8 100.8 107.8 109.2 119 125.9 132.1 138.1 142.9 147 150.1 150 149.8 149.1 149.9 151.5 152.2 155.4 157.5 159.7 161.6 163.2 164.7 168 173.4 176.9 180.5 181.5 181.7 185.9 189.7 191.1 192.9 194.4 195.9 198.1 199 199.4 200.7 201.5 201.1 200.2 199.2 198.6 197.8 195.8 193.5 197.3 197.7 196.3 193.6 196.4 199.4 205.5 209.6 213.6 218.3 224.4 231.7 236.7 242.1 246.2 247.2 249 251.9 258.5 265.2
83 84.3 80.9 79.4 81 83 83.3 79.9 79 71 69.2 86.5 93.9 93.9 96.2 98.8 101 109.3 114.6 116.1 117.1 125.6 134.3 140.9 145.6 149.8 150.8 150.9 150.1 149.5 150.7 153.4 154.7 157.3 160.7 160.4 163.4 162.7 164.9 170.2 176.6 181.6 185.3 187.3 186.3 187.8 190 192.2 195.9 196.9 195.6 195.9 195.1 200.9 202.4 202.2 201.8 201.3 200.4 199.6 200.1 198.7 194.8 198.7 198.2 197.3 194.5 196.9 199.1 201.1 208.4 217.3 227.6 231.4 234 237.7 243 247.4 250 251.5 255.9 262.9 270.2
86.5 86.2 85.1 83.7 85.3 87.4 85.6 83.6 82.5 75.1 70.2 82.3 95.1 96.2 99.2 100.3 104.7 112.4 119.9 120.8 119.4 121.9 137.3 143.6 148.7 150.8 151.5 151.6 150.9 151.7 154.1 157 157.8 159 160.5 161 161.5 165.8 170.6 175.7 180.7 185.9 189.3 190.5 189.7 190 190.6 192.4 195.7 197.3 195.5 196.1 201.4 203.1 203.1 202.8 202.5 201.9 201.4 200.6 200.9 199 199.5 201.4 200.8 198.1 194.6 198.3 202.8 207.4 214.7 221.2 229.9 239 246.5 243.9 248.1 252.5 253.5 257.4 265.9 271.5 276.7
82.3 85.7 87.1 88.3 89.7 90.7 88.1 86.8 82.3 80.8 80.2 74.2 91.3 98 99.6 102 106.3 114.4 120.5 121.6 123.7 123 126.2 139.7 147 150.3 152 152.4 153.9 156.7 159.7 160.5 159.8 159.2 159.2 160.6 167.2 172.7 177 181.5 185.6 189.3 191.1 191.8 192.4 193.3 193 192.5 193.7 195.5 195.9 203.6 203.7 203.9 203.8 203.5 203.2 202.6 202.1 201.6 201 198.2 200.5 201.1 200 196.4 198.6 204.2 208.8 210.6 224.3 236.1 246.6 248.4 248.6 254.1 255.7 261.1 263.5 264.6 268.2 278.1 286.8
81.6 86.6 88.8 91 93.6 93.4 90.9 88.2 84.2 84.8 82.2 74.8 86.2 98.1 101.3 104.2 108.6 115.8 121.6 124.3 129.1 135.6 132 133.8 139.8 146.3 149.7 154 158.2 160.3 160.6 161.2 160.2 159.6 159.2 166.1 173.4 177.7 182 186 189.1 191.6 193.8 195.1 195.8 195.8 195.4 194.9 195 196.9 199.5 201.2 202.7 204.6 204.1 203.5 204.9 204.1 203.1 200.9 198.2 198.7 201.3 200.1 199.6 203.8 209.1 207.4 215.7 229.5 243.1 250.6 252.4 258.1 258.6 264.5 268.8 273.2 272 275 278.1 285.9 288.8
84.5 89 91.1 93.6 95.2 93.8 92.4 88.7 87.9 87.8 87.6 85 70.6 94 100.6 104.3 109.7 117.6 122.9 128.4 134.4 137 133.5 138.7 138.9 139.2 147.6 151.9 156.8 161.3 162.1 162.8 163.6 162.4 166.2 172.7 178.2 182.5 186.4 189.1 191.9 194 195.5 196.9 197.9 198.4 197.9 197.4 197.2 199.2 201 202 203.1 204.3 203.2 204.3 205.4 206.4 205.5 198.2 198.2 202.7 202.4 199.8 204.9 209.7 212.2 221.3 228 233.8 240.2 249.8 259 263.2 269.6 272.7 271.8 273.6 282.9 285.3 290.2 295.7 306.8
85.1 88.5 93.6 96.1 93.5 91.8 91.7 90.9 88.9 88.6 88.8 89 75.9 74.1 98.3 104 110.7 118.4 124 129 136.3 137.3 135.9 140.2 142.6 143.8 145.6 152.4 156.4 161.4 164 165.2 167.1 168.1 173 178.2 182.7 187 189.9 192.3 194 195.6 197.1 198.2 199.6 200.3 197.8 199 198.7 200.1 201.4 202.5 203.6 204.1 202.9 203.2 204.2 205.7 203.6 198.6 201.6 203.2 203.6 201.5 206.5 214.7 224.9 226.5 229.9 237.3 249.4 258.5 265.7 266.9 267.4 271.2 281.6 288.3 292.5 297.5 300.9 302.1 311
84.2 86.2 87.8 90.7 91.2 90.6 91.5 91.5 90.2 90.6 90.6 90.5 89.6 84.5 78 101.4 108.7 118.1 125.1 129.5 136.9 139.6 140.9 143.6 145.9 148.9 151 149.5 152.5 159 163.1 166.9 170.3 172.8 176.7 182.7 187.1 191 192.6 194.1 195.6 197.2 198.8 200 199.8 200.5 200.2 200.4 200.1 199.8 201.9 203 203.5 204.2 203.6 203 204.3 204.4 202.2 200.4 203.5 204.9 203.6 204.3 211.7 216 224.9 229 239.3 245.6 247 250.7 258.6 268.2 278.4 286.3 288.7 295.9 301 306.6 313.6 316.1 330.8
85.8 84.1 84.7 86 89.6 88.6 89.2 91.2 92 92.6 93 93.8 93.8 80.6 93.4 93.3 105.1 114 121.3 126.9 132.7 137.4 142.1 143.9 146.5 149.1 150.4 150.5 153.7 155.7 160.7 168.7 173.4 177.2 180.8 186.4 191.1 192.7 194.3 195.8 197.3 198.8 200.4 200.8 200.1 200.5 200.9 201.6 201.8 199.9 203.2 203.4 203.6 204.1 204.7 204.9 205.9 201.5 201.4 203.4 203.5 201.4 201.4 203.4 210.5 220.4 228 237.5 246.1 242.8 249.1 259.4 273.3 278.6 285.5 293.7 304.1 305.9 314.4 317.4 328.3 334.7 338.7
89.2 87.6 85.2 85.4 86.3 86.7 87.5 91.8 92.7 93.9 94.7 96.3 99 87.4 90.4 79.7 103.3 110.8 116.8 124.9 131.6 136.3 139.8 142.9 145.6 149.2 151 151.9 155.4 157.3 159.8 170 174.2 180.9 184 188.2 191.2 192.3 194.7 197 199 200.4 199.8 200.6 200.3 200.5 200.9 201.9 200.2 199.9 203.7 203.7 203.9 200.9 199.9 201.9 199.9 201.1 202.2 204.7 201.4 201.4 201.4 207.7 217.4 224.5 236.4 241.9 242.6 250.5 259 267.3 278.6 286.7 293.6 300.1 306.6 317.1 324.7 341.5 342.9 351.1 355.8
90.2 87.1 86.1 86.4 86.1 87.4 88.1 90.1 93.8 97.7 97.4 98.5 101.1 94.7 93.3 93.7 93.3 107.9 114.7 120.5 129.1 134.9 139.1 141.9 145.2 148.8 151.1 154.2 158 161.9 163.3 165.5 172.2 179.1 183.4 187.9 190.9 192.6 194.9 197.1 199.3 200.1 199.4 200 200.4 200.7 201 200.7 199.9 199.9 203.5 203.7 204 199.9 199.9 199.9 199.9 204.7 205 201.4 201.4 201.4 204.5 213.5 224.9 230.7 229.4 237.8 243.9 256.3 262.9 271.6 279.6 289.9 301.4 310.1 319.5 326 342.5 353.2 363.8 369.9 369.4
94.3 88.7 87.2 88.8 88.2 91.2 93.3 94.9 93.3 99.7 101.1 101.5 99.3 99 92 104.8 86.3 89.3 109.6 115.8 126.9 133.6 136.6 140.7 144.6 148.4 152.6 156.3 160 163.7 167.6 170.7 169.1 175 181.3 185.7 189.6 191.7 194.6 196.9 199.1 199.6 199.5 200.9 202.7 203.5 203.2 202.4 202.9 199.9 199.9 199.9 199.9 199.9 199.9 199.9 199.9 206.9 201.4 201.4 201.4 201.5 212.2 214 219.7 223 233.2 241.7 250.2 255.8 267.6 277.1 285.6 291.9 304.4 317.8 333.6 349.9 360.4 369.1 380.5 387.7 386.1
95.4 90 89 90.1 89.7 92 94.7 97.7 92.4 93.9 103.6 104.3 102.2 97 95.1 105.8 103.8 93.8 86.1 109 118.1 129.8 132.7 139.9 143.9 148.7 153.5 158 161.6 165.3 168.9 170.5 173.9 171.2 179 182.7 186.5 190.3 193.3 196.3 198.9 199.8 202 204.4 206.9 207.7 205.4 202.9 199.9 199.9 199.9 201.7 199.9 199.9 204 199.9 202.5 201.4 201.4 201.4 202 209.1 216.8 216.3 220.1 227.5 234.8 241 250.8 261.5 270.6 278.5 290.8 304.5 319.4 333.7 347.9 366.3 375.7 385.2 392.4 403.8 407.5
92.6 92 95.6 99.1 92.8 94.1 96.8 96.1 97.3 94.6 100.7 106.3 103.9 102.2 96.8 102.3 108.7 103.5 88.8 111.6 117.7 124.5 131 137.3 142.4 149.9 154.4 158.5 162.7 167 171 171.2 175.2 176.2 178.9 179.6 186.2 191.4 194.2 197.3 200.5 203.4 205.3 207.3 208.6 210.5 208.4 202 199.9 203.6 202 199.9 199.9 206 208.8 211 201.5 201.4 201.4 201.4 206.3 209.4 212.9 218.2 226.1 232 241.5 249.1 258.9 266.9 282.1 294 305.3 319.7 335.1 349.9 364.6 375.9 383.9 391.4 401.8 414.7 421.6
97 96.1 99.1 103.1 100.9 96.2 103.8 97.4 99.2 98.3 98.3 106.5 107.7 105.8 103.5 98.3 107.3 103.7 95.8 104.8 119.9 126 129 135.7 141.9 147.9 153 157.2 161.7 164.8 168 171.7 174.9 178.5 179.5 179.9 185.2 189.6 196.3 199.5 203.5 208.2 211.1 211.5 210.5 210.7 209 204.7 207.6 210 208 199.9 201.5 209.4 213.5 210 201.4 201.4 201.4 201.4 205.6 209.4 216.2 226.7 233.5 245 250.6 258.9 270.5 283.5 296.7 303.3 314 329.1 346.8 362.5 371.4 381.6 396.2 405.4 414.7 425.9 440.1
101.5 101.1 103.5 106.3 108.8 104.6 101.9 103.3 101.6 103.9 105.6 103.8 109.3 109.1 106.9 102.4 106.7 108.6 103.7 96.2 113.3 124.5 128.8 132.9 138.3 145.1 150.7 155.3 159.8 163 167.1 170.2 173.6 178.9 179.6 181.2 183.4 188.3 193.9 200.9 209.5 214.5 216.4 217.5 214.8 210.8 208 208.4 210.2 209.4 204.8 201.7 204.9 209.6 211.5 208.7 201.4 201.4 201.4 201.4 206 217.1 225.3 230.2 241 254.5 261.4 271.8 281.5 292.6 302.5 312.6 326.3 335.9 354.3 372.5 382 395.1 413.4 423.5 436.9 440.9 445.8
