Assets/StreamingAssets/GeoData/Data/ng/NG78.asc
ncols 200
nrows 200
xllcorner 170000
yllcorner 880000
cellsize 50
[rows 156 to 194 of 200, columns 88 to 175 of 200]
108.1 112.8 122.7 134.8 145.4 153.6 163.1 170.4 175.4 179.1 183.3 186.9 189.3 189.3 185.3 179.3 178.6 178.1 177.8 176.4 175.3 173.9 174.3 172.9 172.7 171.5 171.2 169.5 165.1 163.1 160.9 155.6 152 150 149.6 149.7 152 154 158 162.3 166.8 170.9 171.4 170.2 167.4 165.9 165.1 163.8 162.5 161.2 160.2 159.5 158.8 157.8 158.9 160.9 162.4 163.8 167.1 168.5 169.3 173.3 172.2 171.3 171.1 170.8 170.3 171.6 172.1 172.1 172.7 174.8 175 177.4 181.3 185.4 179.2 179.2 179.2 179.2 181 184.3 191.7 194.6 196.9 199.2 199.3 201.9
107.5 110.3 116.9 127.7 142.2 152.1 160 166.6 172.4 174.8 178.4 181 182.2 181.7 176.6 175.1 174.6 174.1 173.2 171.7 170 168.5 168.1 167.2 166.9 164.5 164.6 163.7 162 159.8 157.5 154.8 151 149.1 148.8 149.9 151.2 153 155 158.5 160.7 162.9 164 165.1 164.1 163.7 163.1 162.6 161.7 160.3 158.9 158 157.1 154.9 156 158.2 160 162.3 164.3 164.7 166.5 172.1 170.1 168.2 168 166.2 165.5 166.1 165.9 166 167.1 168.4 169.1 174.9 179.7 184 187.3 181.2 179.2 179.2 181.1 188.9 193.5 193.5 196.3 200.5 196 198.1
105.3 107.2 113.5 120.5 132.2 145.6 155.1 161.8 165.8 170.4 174.2 173.1 172.8 171.4 170.6 171.3 171.5 170.7 168.5 166.3 164.2 164 162.6 161.2 160.3 160.1 161.4 161.5 160.4 159.1 155.7 152.4 149.8 148.7 150.1 151.1 152.1 152.9 154.3 157.3 159.4 160.9 161.9 163.3 162.8 162.1 161.5 160.9 160.4 159 157.9 156.8 157 154.4 152.6 156.2 158.6 160.2 161.4 162.3 163.2 163.8 164.5 164.1 163.2 163.5 161.9 161.7 161.6 162.6 163.3 164.1 165 168.3 174.1 179.5 186.4 183.2 179.2 179.2 187.2 193.1 199.6 193 195.3 195.2 193.9 196.1
104.7 104.9 107.1 114.4 125.1 131.9 145.8 153.9 159.3 160.1 160.9 164.2 165.3 166.5 166.4 167.4 168.3 166.2 163.3 161.1 160 160.2 158.6 157.7 157.5 158.5 160.1 160.4 159.3 156.9 153.7 150.7 148.9 148.9 150.6 151.7 152.6 153.7 155.3 156.7 158.7 160.2 161.6 162.9 162.5 161.7 161.1 160.8 160.3 159.2 157.6 156.4 155.1 152.3 150.6 155 157 157.8 158.9 160.2 161.2 161.5 161.2 160.6 160.2 160 159.5 159.4 159.3 159.6 159.8 160.6 162.7 165.5 168.8 175.6 180 182 179.2 181.3 189.2 193 193 192.3 191.6 192.1 192.9 195.2
98.9 99.2 101.2 106.2 114.9 124.9 132 137.5 141.2 144.4 149.5 154 156.9 159 159.4 161.1 162.1 157.6 155.1 155.4 156.6 156.3 156.1 155.4 155.6 158.1 158.9 158.9 157.1 154.4 151.6 148.8 147.1 148.8 149.9 152 152.7 154.5 156.3 157.6 158.7 159.9 161.2 162.6 163 161.9 161.3 160.9 160.3 159.4 157.3 155.1 152 150.4 150.9 154 155.8 156.8 157.6 159.3 159.6 160 159.6 158.8 158.7 158.5 157.7 157.6 156.2 156.6 157.2 159.4 161.8 164 167.1 172.2 179.1 181.4 182.3 181.7 185.5 192.5 187.6 189.4 190 188.9 188.9 193.4
93.2 93.7 94.9 98.8 106 114.4 121 127 131.1 136.2 142.3 147.8 151 153.4 152.4 151.7 149.1 148.2 148.1 150.2 152.3 151.6 152.5 154.3 157.8 160.4 160.2 158.2 155 152.4 148.8 146.4 144.7 148.3 150.8 151.9 153.4 156.6 159.4 160.7 161 161.1 163.1 164.6 165 163.3 161.5 160.8 159.9 158.2 155.9 153.7 150.1 149.3 150.6 152.9 154.4 155.9 156.5 156.5 158 158.4 158.1 156.9 157 156.9 156 155.7 154.2 154.7 157.7 159.2 160.7 163 166.4 171.6 178.2 183.3 182.6 182.3 179.7 184.4 185.7 188.4 191.7 184.6 187 190.4
87.5 88.8 90.4 92.7 99.1 108.8 114.7 120.6 124.3 129.3 135.8 140.3 144.9 146.3 144.3 137.9 137.5 140.3 142.7 143.8 144.8 149.4 153.2 156 160 162.5 160.4 156.1 153.1 149.4 146.8 144.3 143.5 148.1 150.2 152.4 155.5 159.1 162.6 162.8 162.9 163 164.6 166.6 167.4 163.4 161 160.4 159.2 157 154.9 152.2 148.4 148.5 150.8 152.3 153.4 154.2 154.2 155.1 155.2 156 155.9 155.8 155.2 154.8 154.6 154.2 154.5 156.2 157.6 159 160.5 162.4 166.8 172.6 180.3 183.4 182 181.2 178.2 177.8 182.1 186.3 188.4 181.7 183 187.4
83.2 83.8 85.7 88.9 94.2 101.2 107 112.6 119.2 123.3 128.4 133.3 137.6 138.5 131.7 131.8 133.8 136 137.8 140.2 144.7 150.2 155.7 159.3 159.8 161.6 159.5 154.8 150.8 147.6 145.2 141.7 143.8 148.2 151.9 155 158.2 162 163.7 163.2 163.7 164.2 165.5 167.8 167.4 163.3 160.6 159.7 158.4 155.5 153.9 150.9 145.4 149 150.4 151.7 152.5 152.6 152.9 153.8 154.4 153.3 153.5 153.1 154.5 153 154.9 153.8 154.7 156.1 157.2 158.3 159.7 161.7 166.5 172.1 178.8 181.2 178.7 177.3 175.9 174.9 178.8 183.1 188.1 183.8 179.6 182.8
79.6 81.2 83.1 87 92.2 96.7 100.4 105.1 109.6 114.8 118.4 122.3 124.5 122.7 125.2 128.6 131.5 132.6 135.3 139.8 145.4 152 156.9 161.5 161.9 161 156 151.3 147.9 143.7 141.7 139.1 145.7 149.6 153.1 156 158.8 163.1 163.6 163.4 163.8 164.2 165.5 167.7 167.9 162.2 160.2 158.6 156.3 154.3 151.3 148.8 145.6 148.7 150.2 150.9 151 151.1 151.7 152.5 153.1 153.1 153.4 154.8 155.3 155.6 155.8 155.5 155.9 155.3 156.6 157.8 158.9 161.1 164.8 172 176.4 178.7 176.5 175.5 174.6 174 175.8 184.4 182.9 178.6 175.6 178.9
78.4 78.9 80.6 85.1 89.1 93.8 101.2 104.5 107.3 110.8 109.8 110.8 112.2 113.7 119.4 125.1 128.3 132.6 135.3 140.9 147.9 153.9 158 159.4 159.5 156.4 152 147.7 143.6 140.6 138 139.8 144.9 150.3 154.4 157.3 159.6 161.6 161.9 162.6 164.2 163.7 165.3 165.4 165.1 160.8 157.4 154.8 152.8 151.2 148.9 146.7 145.1 146.8 147.9 148.3 148.3 149.9 151.6 152 153.4 154 154.1 155.3 155.6 156.1 156.7 157.1 155.9 154.8 155.4 156.8 157.8 160.3 163.8 169.2 172.8 174.1 174 174.2 173.5 172.4 173.6 181.1 176.8 173.9 171.6 172.9
74.6 75.6 78.2 82.1 84.5 87 91.9 96.7 103 105 105.3 108.3 110.9 113.8 117.7 120.2 127.3 131.9 136.6 145.3 149.3 152.5 153.8 155.3 154.2 152.2 148.4 142.8 138.9 137.5 135.3 140.1 145 150.2 155 157.5 159.4 159.3 159.8 161 163.1 164.1 161.4 161.5 160.3 155.2 154.2 152 149.8 148.1 146.2 144.8 143.4 145 148 149.3 150.8 151.2 152.2 153.5 154.3 154.8 155.2 156.2 156.8 157.5 157.6 160.3 156.6 154.7 154.3 154.7 155.3 158.2 162.7 165.9 169.5 170.6 174.2 173.2 171.8 170 170 170.5 169.2 167.9 168.2 167.9
71.8 73.7 75.8 78.3 82.2 87.1 89.4 91.8 96.3 102.2 106.6 110.7 115.1 120.2 123.3 125.4 128.5 134.8 141.2 144.9 148.2 150.1 151.4 151.1 149.7 146.4 142.1 138.6 137.1 135.4 134.1 139.4 143.2 148.9 152.8 156.7 157.7 156.5 156.5 157.3 158.5 159 157.6 156.1 153.3 151.9 151.3 149.2 147.2 146 144.2 141.7 140.5 145.9 149.2 150 150.7 151.3 152.9 154.4 154.8 155.1 155.5 156.1 158.3 158.2 157.3 158.3 154.8 152.5 152.1 152 153.1 155 158 161.6 163.9 166.1 171.9 170.1 168 166.6 166.4 165.2 162.5 161.1 162.5 167.7
68.6 69.5 74.2 77.2 79 88 94.4 99.3 103.1 108.7 114.4 122.8 127.1 129.6 132.4 132.8 133.9 139.1 143.1 145.9 146 146.8 148.5 146.7 142.2 138.8 137.4 136 135.1 133.4 134.7 138.7 143 146.7 150 152.9 154 154.4 153.5 153.1 152.8 152.2 152.1 151.7 151.1 148.7 148.6 147.1 145.6 144.9 143.1 139.5 142.5 146.3 147.8 148.9 150.3 151.1 152.5 155.6 155.8 155.4 155.9 156.3 159.7 158.7 154.6 151.5 149.3 148.9 148.3 148.3 149.1 150.8 152.8 155.8 157.6 158.8 160.1 164.4 161.6 161.5 160.4 158.9 158.7 158.9 164 169.3
63 61.8 64.9 67.7 75.8 86.1 96.7 104.6 111.2 118.7 126.5 134 139.9 143.8 140.7 138.8 136.4 140.4 145.4 146.2 144.3 143.7 141.8 139.3 135 133.8 132.4 132.3 133.2 132.7 134.3 137.8 142.1 145.8 148.9 151.9 152.9 152.4 150.1 149.4 149.1 149 149.3 148.9 146.8 146.1 145.8 144.8 144 143.4 141.8 137.6 141.9 145.2 147.1 148.1 149.4 150.8 151.3 153 155.1 154.7 155 155.4 154.1 152 148.8 146.8 144.5 144.7 144.1 143.9 144.7 145.9 146.5 149.1 151.8 152.1 152.1 154.7 157.4 156.4 155.7 157.5 157.2 159.8 164.3 168.5
54.8 55.1 55.3 59.6 69.8 83.7 93.7 105.2 118.6 126.8 135.8 142 147.5 148.7 142.2 138.8 138.4 138.7 141.5 141.3 138.8 138 135.1 131.3 127.6 128.1 128.5 130 132.1 132.3 134.3 136 140.2 143.5 146.1 148.5 149.2 147.9 147.4 146.9 146.3 145.9 146 144.3 143.8 143.5 143.2 142.7 142.3 141.6 140.4 135.4 140.6 143.9 146 147.6 149.2 149.8 150 151 152.8 154 154.3 153 150.8 150.1 145.9 143.1 141.9 140.1 138.3 137.3 136.4 139.1 139.5 140.8 143.7 144.8 146.7 149.3 151.8 150.8 153.8 157.5 158.3 162.8 164.1 165.7
51.9 52.6 53.6 54.9 63.8 76.9 90.9 103.2 121.2 132.1 137.2 143 147.6 146.3 141.5 139.6 139.1 137.7 135.4 134.2 131.4 130.5 126.5 124.1 122.2 127.2 129.8 129.9 130 131.9 133.4 135 137.9 141.1 142.1 144.9 144.6 144.9 145 144.6 144.2 143.8 143.2 142.3 141.4 141 140.4 139.8 139.1 138.6 138 136 137.6 142.2 144.7 147.1 148.7 148.8 148.9 149 150.5 151.1 151.7 149.8 148.4 148.1 143.2 140.8 138.9 134.4 133.3 129.3 126.2 127.5 131.3 134.2 135.5 137.8 139.9 144.5 145.2 160.1 158.2 156 156 162.1 166.1 164.7
48.9 50.7 49.2 52.5 60.5 71.7 83.8 97.6 110.1 124.7 132.7 140.6 143.6 139.8 137.2 135.4 134.4 131.5 127.4 126.6 123.8 122 120.1 118.1 123.5 125.4 124.9 125.4 127.7 127.8 129.7 132 134.8 141 140.4 141.2 140.8 141.6 143.7 143.4 143 142.6 142.4 141.2 140.1 138.3 137.2 136 134.9 134.4 134 130.2 134.6 139.8 142.7 146.5 148.7 147.8 147.9 147.6 147 145.9 144 144.2 144.1 144.4 139.8 136.7 135.7 130.9 127 123.4 122.6 121.7 122.2 124.9 129.2 132.5 133 137.4 152.8 156 154.2 154.1 154.6 154.5 161.1 164.5
45.3 47.7 46.2 48.8 55.4 65.5 76 88.4 100.6 113.2 126.4 133.9 136.2 128 123.8 122.8 122.7 122.7 121.2 120.5 117.6 114.9 115 119.8 122.2 122.5 123 123.6 124.5 126.6 126.2 127.8 129.7 133.5 137.4 137.7 138.1 139 141.2 142.2 141.8 141.5 141.3 140.7 138.8 136.4 134.8 133.7 132.5 131 128.3 129.9 133.6 137.7 141.2 146.1 147.6 147.3 146.5 146.1 143.9 140.7 139.8 139.5 140.3 140.3 136.5 132.5 131.6 125.2 121.9 120.4 120.5 120.5 119.6 119.4 123.1 126.8 126.8 137.7 144.3 148.8 150.2 150.5 151.3 151.2 155.1 159.4
40.3 44.5 42.9 44.4 49.7 59.7 67.8 79.7 89.7 99.9 113.1 121.4 121.5 116 113.4 107.9 110 107.3 109.6 108.4 110.8 115.1 116.5 120.1 122 121.3 120.4 120.5 123.2 123.4 124.3 125.5 128 131.3 133.5 135.3 136 136.4 139.3 140.9 141.7 141.3 140.8 139.6 137 134.5 132.9 131.3 130.2 128.6 123.6 129 132.5 135.8 138.6 141.5 143.3 143.2 144.5 144.4 140 138 136.6 136.6 136.8 135.6 131.5 127.5 126.7 121.1 118.9 118.7 118.7 118.7 118.1 116.6 119 120.3 128.4 135.5 137.8 140.9 143.9 146 148.8 149.2 148.6 154.4
36.4 37 39.3 40.3 44.5 51.4 59.1 68.1 78 85.3 97.1 104.2 100.5 102.4 102.3 101 90 104.8 109.4 114.1 117.7 119.2 118.4 122 122.2 119.3 117 115.3 118.3 121.2 122.5 123.8 127.2 130.9 133.4 134.1 134.7 135.1 136.5 138.9 141.3 141.2 141.1 138.6 135.5 132.7 130.9 129.4 127.5 125.1 122.5 128.1 132.1 135.3 137.2 139.2 140.4 141 142.1 141.9 137.6 135.3 134 133.7 131.9 128.7 125.7 122.8 120.8 118.3 118.1 118 117.2 117.5 115.7 113.1 114.6 121.5 125.7 131.5 133.2 135.5 140.1 145.7 147.3 147.3 143.9 144
34.9 34.8 35.9 37.5 42.7 45.8 52.3 58.2 63.1 71.5 78.9 85.2 86.8 85.9 87.6 87.9 82.1 100.1 105.8 110.7 115.1 114 111.5 110.4 116.4 113.3 110.8 109.6 114.2 120 121.2 123.8 128 131.6 132 133 135.6 132.9 134.5 136.6 139.7 141.6 141.5 139.8 134.4 130.6 127.6 125.7 123.2 121.1 122.1 126.9 130 134.2 136.8 138.2 139.2 138.7 138.8 138.4 135.6 132.5 130.7 128.2 125.9 123.2 121.5 119.8 118.2 117.7 117.2 117.2 116 114.6 113.5 111.4 113.6 118.8 123.7 127.7 130.6 134.6 136.6 147.2 145.7 149.5 141.4 137.7
31.6 31.4 32.7 34 37.1 42.5 45.9 51.1 55.3 61 68.4 72.8 73 74.9 78.6 82 74.3 90.3 93.9 100.1 101.3 102.4 104.1 105 105.8 107.6 108.4 110.4 114.5 118.1 123.2 127.2 128.3 129.6 130.5 132.3 129.3 128.8 132.2 134.5 138.1 140.5 140.4 138.7 133.4 129.8 125.4 122.1 120.8 119.7 120.9 124.3 127.2 130.6 134.5 135.4 136.3 135.3 133.6 132.7 132.3 130.6 126.7 125.7 122.5 119.7 117.9 117.5 116.6 116.3 116.2 115.9 115.9 113.4 109.9 109 111.4 115.8 121.8 126.1 128.9 133.1 137.8 138.7 137 139.5 140.9 130.2
29.4 28.7 28.7 30.4 33.6 38 41.4 44.8 48.9 56 63.8 64.3 61.6 64.7 65.3 65.6 71.7 77 83.3 93.4 100.1 103.2 101.7 104.6 107.6 111.7 113.3 116.2 118.2 120.2 123.7 126.5 128.5 128.8 127.5 127.5 127.5 127.5 128.5 132.3 136.4 139 136.3 135.3 134.9 132.5 127.9 121 119.1 118.6 120.4 121.9 123.7 126.4 129 131.1 131.6 131.4 131.2 129.4 129 126.9 123.2 120.1 119 116.4 114.3 113.8 113.2 113.4 113.4 114.2 112.2 108.6 108.3 107.1 110.8 115.8 119.9 123 125.7 127.5 130.9 129.6 126.4 126.2 127.2 127.5
25.5 25.2 26.7 26.6 27.6 33 37.1 38.5 43.3 49.1 52.3 53.4 51.1 50.9 52.2 58.1 61.9 64.3 72.1 82.6 91 96 99.1 107.5 113 119.2 123 122 123 124.2 127.4 128.9 129.1 127.5 127.5 127.5 127.5 127.5 127.5 130.6 133.1 133.5 133.3 136.9 139.1 137.4 132.2 121.2 119.7 117.5 118.7 119.7 120.3 121.4 121.8 123.8 125.3 122.8 121.6 122.5 120.4 119.1 118.2 117.4 115.8 114.4 110.6 108.9 108 109.8 110.5 110.6 108.1 105.1 105.1 107.6 110 113.4 117.5 123.2 122.2 118.3 119.7 117.9 117.6 121.9 125.8 125.1
22.1 22.7 23 24.3 24.6 25.6 28.5 31.5 35.3 41.8 47.3 47.1 45.1 42 45.8 51.8 58.5 57.7 63.6 73.1 76.9 87.5 100.3 113.8 120.5 125.8 129 129.8 129.8 129.2 130.5 130.9 128.5 127.5 128.3 127.5 127.5 127.5 127.5 127.5 127.5 127.5 133.3 137.1 141.2 144 131 122.1 120 118.6 119.1 116.6 116.4 118.3 118.5 118 118.1 117 115 114.1 114.6 114.9 115.1 114.3 113.2 110 105.8 103.1 102.6 104.9 106 103.8 102.1 104.4 106.4 108.2 111.6 112.9 115.5 118.9 115.7 114.2 116.2 108.3 111 117.3 120.6 125.3
21.2 21.7 22 22.9 23.4 23.9 23.9 25.3 28.8 33.4 38.4 37.4 35 37.9 39.6 47.9 50.9 50.7 53.7 62.2 71.5 81.5 92.2 110.7 128 140.6 139.5 136 133.6 132.8 135.4 134.3 134.7 133.9 131 127.5 127.5 127.5 127.5 127.5 127.5 127.5 132.4 137.1 141.7 146.1 132.4 124.4 121.9 121.1 120.3 118.9 117.4 112.2 112.9 113.8 111.6 112.2 112.1 112.5 112.6 112.8 112.8 112.6 108.7 104.9 101.9 98.3 97.5 99.8 100.4 96.2 105.6 106.7 106.5 109.4 115.4 112.8 112.1 108.3 105.5 104.3 102.4 103.1 104.6 109.2 117.7 127.3
21 20.9 21.5 21.9 23.1 23.1 23.2 23.6 24.4 25.9 30.6 30.5 30.9 33.4 36.1 39.4 47.2 47.1 48.2 53.8 64.1 72.3 87.4 105.8 126.3 149.2 148.5 142.8 140.4 135.1 140.7 143.9 139.7 135.2 132.6 127.5 127.5 127.5 127.5 127.5 127.5 127.7 134.2 137.7 140.5 141 130.7 126.5 123.1 122.3 121.3 119.7 117.5 113.4 108.8 108.8 109.5 110.3 111 111.7 111.7 111.6 111.1 109.5 106 102.3 99.1 96 92.4 92.2 92 103.2 109.2 107.5 106.1 106.3 109.1 106.5 103.9 100.4 97.3 93.5 92.4 92.4 94.2 104.8 116.1 124.7
20.6 20.5 21 21.7 22.3 22.6 22.7 23.2 23.3 23.8 24.8 26.6 30.1 31.7 34.6 35.5 38.7 41.6 43 49 57.8 69.2 81.8 103.5 120.4 133.6 133.6 134.8 144.1 133.8 137.8 151.6 155.4 147.7 137.5 129.1 127.5 127.5 127.5 127.5 128 134.1 137 138.3 141.4 132.2 129.7 127.2 124.9 124.2 123.2 121.1 117.5 113.5 109.8 106.8 106.3 109.1 109.8 110.7 111.2 111.4 110.7 108.5 103.4 99.4 97.1 92.6 89.5 88.3 92.4 96.5 99.8 105.8 104.3 104.4 104.3 106.7 96.2 93.7 99.9 93.1 89.8 86.5 87.3 97.7 108.2 114.6
20.5 20.2 20.3 20.8 21.7 22.1 22.8 22.8 22.6 23 23.8 24.8 29.3 30.9 30.5 34.1 39.9 38.4 39.5 42 54.3 66.9 80 89.3 105.7 109.7 114.4 126.2 124.2 132.7 133.8 143.1 145 148.9 144.7 132.5 127.5 127.5 127.5 129.3 134.1 138.6 139.4 138.1 137.5 130.8 130.1 129.3 128.8 128.9 127.3 123.5 117.7 111.9 107 103.1 105.1 105.3 106.8 108.7 110.1 109.8 110.7 108.9 104.1 97.8 93.1 86.6 85.3 87.8 91.7 93.6 97 99.3 105.2 101.9 100.9 99.8 90.2 83.3 80.2 82.9 84.2 85.6 78.9 89.7 96.2 100.1
22.7 22.2 21.8 22.2 22.3 23.3 23.2 23 23 23.2 23.9 24.5 25.1 26.8 27.8 30 32.5 35.4 36.5 38.5 44.4 59.3 77.6 78.8 81.3 91.2 97.7 107.9 112.2 129.8 122.3 127.6 139 144.1 150.1 134.4 127.7 127.5 128 133.4 141.1 142.9 138.7 133.6 131.2 131 130.9 131.2 131.7 134.4 134.3 125.1 116.7 110.3 104.5 97 98.8 101 101.9 105 106 107.8 111 111.7 103 93.4 83.4 81.7 82.7 85.7 88 90.5 93.7 95.9 96.6 98.8 93.1 89.8 85.6 79.2 77 70.8 71 74.2 75.5 77.6 82.9 89.2
29.6 29.9 29.3 27.1 25.4 25.4 25 24.5 24.7 24.1 24.8 26 27.2 28.2 29.1 30.3 31.8 32.9 33.4 34.8 38.4 44.1 59.9 62.8 69.9 75.3 84.5 100.7 96.6 107.2 101.5 117.2 127.3 128.6 143.3 131.8 130.1 128.8 127.8 134 143.3 144 132.3 130.7 130.6 131 132.6 134.5 134 131.2 127.7 122.2 116.1 109.8 104 99.7 93.8 96.4 97.6 100.8 101.7 100.6 103.1 98.5 86.7 82.6 76.5 75.2 78.6 81.7 83.4 86 89.1 91.6 90.1 87.5 83 80.3 75.1 73.6 71.6 70.9 75.3 73.5 74.7 76.5 79.6 83.6
38 36.6 37 35.5 33 32 32.2 31.3 30.3 30.2 30.6 31 31.4 31.5 31.9 33 34.1 35.1 35.5 36.2 35.8 38.3 39.9 42.6 53.1 62.1 70.7 72.5 77.5 83.1 92.2 96.2 105.8 116.1 134.6 121.5 120 122.8 124.3 130.1 138.3 129.3 129.2 128.6 129.5 131.1 133.5 135.9 138.2 129.9 127.2 123.3 117 110.8 105.6 101 96.9 85.7 92.7 94.6 94.8 91.2 88.8 85.8 77.8 74.7 71 68.5 75.3 78.3 79.2 82.3 85.7 84.2 77.4 75.3 71.2 68.4 68 67.5 67.7 71.2 80 81.7 81.9 76.8 77.9 80.2
50.4 47.2 45 42.4 40.4 40.7 41.6 42.3 40.3 39.2 39.1 40.2 38.9 39 37.8 37.5 37.7 38.3 37.6 38 38.1 37.6 38.8 39.2 41.3 47 53.5 61.5 67.5 73.6 82.6 86.2 93.8 101.8 114.8 112.8 111.9 116.5 118.1 121.5 125.8 126.1 124 126.4 128.5 130.8 131.4 132.6 135.6 126.3 123.9 118.7 115.2 112.1 108.7 103.9 101 93.4 83 86 83.7 79.5 78.2 73.9 71.7 68.8 68 63.7 68.5 68.9 68.5 71.9 70.7 65.6 65.5 67.8 66.1 66.3 66.1 66.6 71 77.1 86.3 91.9 92.2 83.3 78.1 81.1
61.9 60.5 55.7 52.2 52.2 54 53.5 55 54.8 52.8 50.5 52.3 51.7 50.9 51.2 49.7 49.9 48.2 46.8 43 43.2 42.3 42.1 42.3 40.9 42 42.8 47.5 54.9 62 71.2 76.6 81.8 92.2 99 101.8 109 115.5 113.2 120.7 117.7 114.5 119.1 125.1 130.4 132.2 126.8 125.6 124.6 118.9 116 114.8 113.7 112 109.2 105.5 103.6 95.8 86.1 72.6 72.2 70.3 74.4 68.6 66.6 63.7 63.6 62.3 64.2 62.5 60.3 60.6 60.6 61.4 61.2 61.6 63.3 65.4 65.6 70 75.2 80 87 92.3 92.5 86.5 79.7 80.5
76.1 69.7 64.4 63.9 66.9 69.5 69.4 68.1 69.4 67.9 65.2 67 67.9 66.8 67.4 67.6 66 64.7 61.4 59.6 56.9 53.8 52.2 47.7 46.8 48.5 49.7 44.9 45.6 50.8 59.4 64.6 72.8 83.2 86.6 94.1 105.1 102.8 107.1 108.2 105 106.6 113.4 120.5 125.2 130 119.8 117.1 114.9 113.3 111.3 110.5 109.9 108.9 104.7 101.4 98.9 95.6 82.5 76.5 74.4 64.6 62.4 63.6 61.6 59.5 59 57.5 57.1 57.2 57.3 57 58.7 60 60.8 63.6 65.6 69.8 71.5 73.9 79.5 84.1 89 91.6 92.7 89 84.6 81.4
84.4 79.9 71.4 70.9 76.9 81.9 82.1 84.6 83.9 84.9 85.3 82.5 83 81.7 82.1 83 80.8 79.5 76.3 74.7 71.8 68.8 65.9 63.1 61.1 58.8 57.6 56.2 53.8 47.4 47.1 54.4 61.7 72.3 77.3 82.6 93.3 93 94.9 96.1 96.2 100.7 104.8 110.9 118.1 118.7 113 108.9 106.9 107.9 103.9 104.8 105.4 102.2 98.5 96.7 94.3 89.5 77.4 73.2 71.3 67.6 58.5 58.7 57.9 56.1 55.2 54.6 54.7 54.7 56.8 58.8 60.4 62.4 64.5 64.7 68.8 73.2 76.4 80.4 86 89.7 92.6 94.4 92.9 91.1 89 86.5
94.2 91 84.8 76.9 81.4 88.4 93.7 97.1 97.1 102.4 102.5 97.7 94 95.3 97.1 97.9 96.6 94.6 92.1 88.5 85.5 82.9 79.1 75.8 71.9 69.8 68.9 67.3 65.2 59.1 51.5 50.6 50.5 59 65.8 70.2 79 81.4 83.8 86.5 87.5 90.7 94.6 99.2 105.7 106.5 102.7 100.1 98.5 94.4 95.4 96.9 95.5 90.7 90.8 88.8 85.5 79.5 72.4 70.3 67.6 64 56.6 56 54.5 55.4 53.7 53.5 53.3 54 57.2 59.4 61.9 64.2 67.3 71.4 77.5 82.4 86.5 91.6 93.8 97.5 98.4 97 95.1 93.2 92.5 91
104.8 98.5 96.2 88 84.3 91.9 102.9 110.8 106.7 111.8 110 107.7 106.8 107.3 106.5 106.7 106.5 103.1 100 96.2 93.9 91 88 86.5 82.9 79.4 77.8 76.2 74.7 72.5 65.4 60.3 55.1 52.5 53 56.6 67.1 70 71.8 74.1 78 83 85.6 88.1 87.5 89.5 91.3 87.3 84 84 83.9 86.2 82.3 80 79.1 76.1 76.8 71.8 65.5 62.3 60.5 57.5 55.4 54.8 53.4 54 52.8 52.7 54.2 55.6 57.9 61.2 63.8 68.3 72.7 77.6 81.1 85.7 90.8 94.6 98.4 103 102.1 99.2 97 94.7 93.9 93.9
110.4 105.6 103.1 93.8 90.4 92.6 107.6 112.4 109.4 115.4 115.8 116.7 116.8 116.9 114.5 113.1 110.2 108.8 106.9 104.5 101.8 98.9 96.1 92.3 89.9 87.6 84.3 81.3 80.5 78.9 76.5 74.5 71.4 66.3 61.8 56.9 54.9 55 57.8 62.5 67.5 70.8 71.9 75.3 76.3 77.6 74.2 72.4 70.8 71.2 74.7 72.8 70.1 72.8 70.1 69.3 67 61.3 54.4 54.6 54.5 52.5 52.8 53 53 52.5 53.4 53.1 54.3 56.1 59.3 63.2 67.9 72.5 76.4 79.6 83.6 88.8 94 98 100.9 103.9 103.9 100.4 97.6 95.5 95.4 96.2
