Assets/StreamingAssets/GeoData/Data/ng/NG80.asc
ncols 200
nrows 200
xllcorner 180000
yllcorner 800000
cellsize 50
[rows 140 to 174 of 200, columns 0 to 79 of 200]
154.6 158.8 161.6 163.7 167.4 172.1 177.7 183.6 190.6 196 199.9 205.6 209.6 213 218.9 228.7 244 258.6 269.7 274.8 276.2 277.8 280.6 282.6 282.9 285.6 287.2 286.1 296.4 306.3 313.3 319.2 323.4 332 340.4 349.4 356.2 365.5 378.3 387.4 393.9 406.4 417 420.2 428.6 445.9 454.4 465.6 469.5 470.3 475.3 499.3 507.4 516.4 521.7 513.9 515.1 536.9 544.4 541 545.7 568.1 590.4 611.7 619.9 635.8 647 672.7 668.8 661.2 685.4 705.2 720.8 729.9 744.5 759.6 772.8 773 735.6 714.4
156.7 162 166.5 169.9 174.3 180.8 190.2 198.4 200.2 207.6 211.8 216.6 219.8 221.1 227.8 244.5 260.6 272 282.4 289.5 291.6 294.5 298.6 301 299.4 300.7 303.2 302.1 295.2 308 309.3 311.2 318.5 323.5 332.1 339.8 348 355.8 365.3 377.4 380.3 387.4 395 405.5 413.8 425.8 438.1 447.3 453.1 455.1 455 460.4 479.2 488.4 490.3 483.8 486 511.6 520.5 518.8 530.4 545.6 559.7 569.5 585.5 606 626.8 647 646.4 653.6 670.6 695.6 712.8 731.4 750.6 769.1 785.9 799 765.8 744.3
156.8 162.2 168.4 174.7 182.8 194.3 205.1 213.5 216.1 221.1 223.2 225.9 229.1 239.1 249.9 268.9 279.4 289.8 298.2 307.8 311.2 313.7 316.5 318.5 316.1 317.4 317.1 316.2 310.9 308.8 309.6 306.6 314.3 317.6 327.5 337.1 341.5 347.5 355.9 364.2 367.6 374.1 382.5 390.4 398.3 413.2 428.6 439.8 442.1 444.7 443.9 440.6 449.9 464.8 468.3 467.2 464.2 491.1 499.3 500 505.5 522.8 533.2 554 579.7 595.2 610.4 629.5 631 645 657.2 682.6 711.5 723.2 741 759.2 778.6 800 791.6 760.3
163.8 167.1 171.7 180.7 189.9 202.5 214.3 227 231.8 231.7 233.1 235.3 248.5 254.7 272.1 288.9 297.4 304.3 319 329 333.5 338 337 334.8 334.5 334.3 331.1 327.7 323.5 320.2 320.7 312.4 309.6 314.1 319.5 328.7 334.6 340.5 345.9 352.7 361 364.5 370.6 376.9 384.9 400.4 417.8 430.1 431.1 432.6 432 429.8 436 450.3 454.2 451.2 454.8 471.5 477 481.2 492.9 516.4 530.2 545.7 555.9 569.9 586.3 609.2 610.7 622.9 640.6 663.2 699.6 700.4 727.9 750.1 773.9 800.4 817.7 784.3
169.1 179.3 181 186.8 194.3 207.3 219.5 233.4 243.4 243.4 244.4 255.2 268.6 273.3 296.6 307.5 319 332.1 341 348.7 353.1 354.7 352.8 353.9 350.2 347.7 343.7 340.6 335.7 332.9 330 328.2 321 318.7 315.7 319.3 325.2 335.4 341.6 345.2 351 356.5 364.4 373.2 380.6 392.4 398.7 404.3 411.2 415.7 413.6 414.1 421.5 430.2 435.2 437.6 449.1 459.7 463.7 464.5 482.5 510 522.3 529.8 536.3 550.5 568.1 589.2 589.2 606.7 625.6 647 673.9 686.3 708.4 736.5 766 797.9 823.5 828.1
186.3 195.4 197.7 202.8 202.4 209.9 224.6 237.6 248.7 255.6 266.5 277.7 292.1 310.4 322.9 333.8 344.2 353.7 366.8 373.9 375 372.1 370.9 369.5 366.2 359.9 355.9 352.4 348.6 345.5 338.6 340 333.5 332.1 329.8 323.1 327.5 333.5 338.3 342.7 345.8 350.9 358.7 367.6 373.3 380.4 385.7 391.5 398.6 401.1 400.1 405 415.9 423.2 427.6 433.5 444.3 451.4 453.7 455 476.4 502.8 511.4 522.5 527.5 535.9 555.2 572.7 573.5 595.7 611.1 626.6 641.9 671.4 689.4 726.2 761.1 792.6 822.6 841.1
208 212.7 212.9 221.7 222.2 220.5 229.7 243 255.3 272.8 289.6 299 319.8 336.6 351.2 359 368.4 378.8 384.4 387.1 386.1 382.2 381.2 379.9 377.4 372.8 367.5 363.9 360.2 357.4 351.6 350.2 345.4 341.9 340.2 334.8 332.3 337.8 338.5 340.1 340.2 346.8 353.4 363.1 368.8 371.3 377.1 383.5 388.4 392.6 396.6 404.4 413 417.1 421.9 429.3 439.8 445.6 448.7 455.8 466.2 486.3 499 513.1 520.8 528.6 541.7 554.5 562.2 582 596.1 613.3 632.7 651.8 682.4 716.3 752.6 789.7 813.4 831.6
230.7 234 233.1 239.5 235.9 231.6 235.7 251.7 277 293 307.6 326.2 342.3 358.7 371.4 377.9 390.2 402.3 405.5 400.7 395.7 392.1 390.7 388.5 385.5 381.4 376.6 372.7 368.9 364.6 362.2 358.5 353.7 351.1 351 343.9 345.2 339.2 339.8 343.5 343.2 345.4 351.9 360.4 367.9 365.4 373.4 376.5 381.5 386.6 391.3 396.5 401 406.7 415 429.2 436.1 442.1 449.1 463.1 479.5 488.2 499.2 509.1 521.6 529.8 535.2 539.4 546.3 569.8 585.4 605.1 627.5 647.7 673.1 706.1 743.3 779.3 811.7 837.8
263.3 261 252.2 248.7 245.8 246 249 260.6 287.3 312.1 332.3 357.2 368.6 379.8 390.2 398 408.2 413.3 412.6 407.3 402.2 400.2 398.1 393.9 388.6 384.7 383.5 378.7 374.5 369.7 368.2 367 362.2 361.3 357.6 354 349.7 347.8 345 344.1 346.6 347.2 351.9 360 361.9 365.6 370.8 377.2 383 385.8 389.6 392.8 398.3 412.7 427.6 443.3 450.1 451.5 468.9 488 501.2 516.2 517.1 520.6 530.4 540.7 543 543.1 558.7 578.5 596.2 618.8 637.9 668.5 695.2 727.5 758.9 790.9 821.7 805.5
285.9 275.4 263.6 260 259.3 262.4 268.5 275.1 282 314.8 347.8 377.8 390 403.6 412.2 418.8 418.8 418.7 415.3 410.9 407.1 406.5 403.3 399.2 393.4 390.6 388.7 383.2 378.4 375.4 373.7 371.2 368.5 368.1 363.8 362 358.4 355.9 352 346.9 348.5 352.4 359.2 366.2 367.3 369.8 372.5 375.4 382 385.9 389.2 392.3 396.2 411.3 431 446.7 458.8 460.2 489.6 517.8 534.9 549.3 550.7 559.8 560.9 572.9 563.4 566.6 582 602.6 626.3 646.1 670.2 694.9 725.5 753.4 781.6 809.5 798.4 767.6
289.6 279 274.9 276.5 282 290 300.4 302 299.5 301 349.7 384.2 405 424 430.1 429.6 425.8 422.5 421.9 417.5 413.1 411.5 409.1 404.7 399.4 395.9 391.5 385 379.6 378.8 375.9 373.8 372 372.8 367.3 365.6 364.4 361.6 358.7 355.1 351.9 356 366 371.8 373.1 374.3 374.3 377.3 382.6 385.6 387.6 391.3 396.9 410.9 435.5 453.3 461.7 475.4 510.1 542.7 568.5 580.9 592.5 603.1 610.9 606.9 601.7 594.2 615.1 641.7 665.1 682 706 733.3 761.4 783.4 805.6 782.2 741.8 726.4
297 291.9 293.7 305.9 316.9 322.1 319.5 322.2 328.4 325 350.4 382.2 399.8 415.6 427.3 431.8 427 425.7 425.7 422.6 418.3 416.7 414.2 409.8 405.7 400.7 395 389.1 387.9 382.1 378.8 376.9 374.7 375.3 369.6 368.3 368.2 365.3 362.8 361.5 359.5 361.8 370 372.6 372.5 374.1 375.6 376.7 384.6 389.8 389.9 394.3 399.6 415.7 441.1 457.2 464.8 498.7 535.6 568.4 598.4 612.8 632.8 645.7 652.7 658.9 654.7 624.8 652.2 679.7 704.8 727 742 764.1 785.1 774.9 753.4 722.4 703.8 690.9
314.7 316.8 328.2 332.2 346 340 334.9 345.2 346.4 356 357.8 385.3 399.4 406.3 416.9 426.1 429.9 428.8 427.3 425.4 423 419 414.5 413.1 409.6 406.2 398.1 394.7 394 385.9 382.5 379.6 377.1 377.4 370.4 369.4 369.7 371.7 367.6 369.8 368.7 369.6 374.8 380.3 378.1 378.1 379.9 380.3 383 387.9 393.6 400.2 406.5 423.6 449.5 462.6 484.3 518 566.4 611.4 633.1 653.2 669.6 689.7 702.8 712.1 702.1 662.3 683.5 710.5 733.7 755.1 762.1 770.3 743 712.5 690.9 680.1 662.4 652
337.4 345.3 354 360 356.8 352.5 358.2 362.8 372.1 381.3 385.5 396.3 400.3 404.4 415 421.4 428.2 430.2 430 427.5 423.2 418.7 414.7 413.2 408.6 406.2 399 398.6 396.5 389.9 388 385 379 378.1 374.1 373.1 373.1 375.1 376.7 382.2 384.7 382.6 387.9 391.2 390.1 388.2 388.8 387.3 386.1 389.2 395.4 403 415 430.7 459.4 479.6 512.8 547.2 600.8 642.2 661.3 687.3 704.4 720.4 735 731.8 705.6 682.4 707.5 719.5 703.7 700.8 718 713.6 678.9 675.3 653.7 642.1 625.4 619
371.6 378.1 381.8 378.6 379.3 381.1 380.8 388.5 395.9 401.2 402.5 403.7 404 406.9 415.2 422.1 426.7 430.4 432.1 431 424.8 421.1 417.1 412.6 407.9 406.3 402.8 401.3 397.2 395.6 391.8 390.5 382 379.6 380.5 378 380.6 382.2 383.2 391.2 399.5 395.9 399.1 405.1 404.3 400.2 399.1 397.8 394.7 398.1 402 406.4 424.6 447.2 480.3 509.8 541.5 581 623.9 668.9 698.7 727.3 745.6 742.5 727.2 733 714.2 697.6 693.4 671.1 680.9 671.4 652.8 641.8 637.8 631.5 620.8 615.1 607 608
399.4 401.1 400.9 401.7 405.2 406 409 412.5 417.9 417.6 413.3 409.7 410.2 414.2 420 427.3 428.1 433.3 434 430.4 428.5 426.3 419.4 415.9 408.8 408 404.7 403.8 403.4 400.2 398.3 395.7 388.8 383.9 385.4 383.1 384.5 389.5 391.4 392.9 401.9 408.1 407.9 411.8 413.3 416.4 412 403.7 405.7 412.2 416.3 425.4 448.9 469.6 504.7 538.5 576.3 615.8 649 691.6 724.5 732.4 746.8 741.5 736.8 729.8 694.5 657.9 649.8 633.6 625.3 622.4 611 606.4 607.2 604.8 605.9 608.5 605.5 609.1
433.3 430.7 428.1 429.1 437.7 438.7 433.9 438 439.9 430.8 425.5 421.7 421.8 425.5 431.1 436.2 439.5 442.7 437.7 430.8 431.5 430.1 424 418 414.3 414.7 411.6 412.6 410.5 406.5 405.2 400.3 397.1 389.5 388.8 390 392.8 394.5 398.8 404 404.7 413.9 414.6 421.2 426.7 427.4 424 418.3 419.9 425.7 429.5 449.2 488.9 500.6 529.4 557 600.5 639.2 675.5 709.4 713.4 725.2 733 708.9 687.7 675.5 649.8 621.5 609.7 600.6 591.5 582.9 580.7 586.1 592.1 594.5 598.2 602.3 594.2 589.9
458.5 457.8 455.1 470.8 470.4 463.6 455.4 456.4 450.4 441.2 436.5 433.5 433.7 439.8 453.9 457.1 456.8 453.8 447.1 437.9 436.2 435.6 432.2 433.2 448.1 432.9 422.1 418.7 417 413.7 409.2 406.7 400.1 396.7 398 399.8 402.5 406.9 411.3 416.5 416.4 419.2 425.4 434 436.4 432.3 433.9 438.8 441.9 446 448 475.6 515.2 546.5 579.7 611.1 638.6 658.2 680.2 678 675.3 684.7 685.6 673.8 659.3 641.1 623.6 601.1 589.8 584.3 569.7 565.7 559.3 565.8 570.4 574.1 573.3 572.3 567.1 558.1
481.2 484 496.5 496.8 493.5 489.4 475.2 466.4 456.4 448.3 446.5 445.5 447.6 464.7 479.8 481 477.4 469.5 460.8 454.2 447.8 444.9 443.7 451 454.9 442.6 432.1 428.8 424.3 420.7 417.5 414.5 406.2 406 410.3 415.3 415.9 420.5 428.9 435.2 431.2 429.7 438.9 447 444 446.1 456.2 478 486.7 476.6 490.8 515.4 549.1 582 627 653.2 662.5 656.1 642.6 632.4 644.3 656.1 653.9 643 630.4 610.7 591.6 582.5 575.2 564.8 546.6 540.9 536.1 541.5 554.9 560.7 560.9 555.5 543.9 539.2
504.2 515.7 521.4 525 516.4 498.3 484.5 471.2 458.3 450.1 450.1 455.6 468.5 499.1 504.6 503.1 494.3 488.1 476.2 469.8 462.7 463.9 474.1 468.9 463.2 452.3 446.7 443.1 438.9 427.3 424 423.1 419.5 422.2 428 429.1 433.2 436.6 445.5 452.1 448.5 449.3 456.6 459.5 465 473.9 477.3 493.2 507 510.1 529.5 554.5 590.4 614.1 641.7 639.5 621.4 608.8 603.6 608.7 615.7 627.9 628.6 623.4 611.1 582.2 567.6 564.3 559.5 545.7 527.6 516.2 512.9 516.9 523.1 528.6 527.5 518.2 519.4 523.1
536.5 550.9 549.6 535.6 516.2 498.2 484.1 470.6 457.1 450.7 451.2 470.5 501.8 540.3 534.5 535 521.6 509 496.4 490.4 498.9 508.3 503.6 495.1 481.6 479.6 467.2 461.5 453.5 445.1 441.7 442.7 447.2 446.8 445.9 453.5 463.5 472.5 476.9 468.9 468.5 468.9 469.6 474.7 489 493 499.9 508.8 523.9 543.2 579.3 587 611.8 627.3 629.5 614.2 594.1 583.3 577.6 584.8 591.1 593.6 600.2 596 583.6 558.3 546.8 544.5 535.6 523.1 511.2 501.6 506.8 497.4 493.4 509.1 505.3 495.8 484.7 493.3
576.2 575.7 549 528.2 513.7 497.9 488.7 475.1 460.4 462.8 473.5 506.1 547.6 568.9 576.5 568.6 554.5 535.7 525.8 529.2 536.1 529.6 527 525.8 507.7 496.7 484.1 480.5 491.3 487.5 482.4 479.8 477.1 471.2 473.2 486.4 506.3 514.6 515.2 501.3 490.2 491.3 502.3 505.5 511.9 522.1 549.4 567.6 558.4 566.2 587.9 610.5 614.5 638.8 629.4 600.9 577.4 556.2 551.4 554.9 556.3 564.5 564.3 557.8 542.9 522.5 519.4 516 507.5 498.4 492.1 492.7 487.8 469.6 470.2 491.3 480.5 460.1 455.9 460.2
593.9 572.6 547.3 530.9 522 511.3 498.9 485.7 484.5 494.3 521.8 558.7 588.7 604 622.1 612.1 588.7 595 585.4 572.6 574 569.6 559.3 547.8 532.9 514.9 505.1 501.2 500.4 496.8 495.7 496 488.1 493.2 502.7 510.6 521.4 528 522.8 523.5 523.7 525.9 559.8 561.2 553.4 556.9 555.4 573.9 583.9 595.8 616.8 632.3 617.8 609.5 605 583.5 556.9 535.8 527.7 520.8 520.6 530.2 532 522.7 515.5 502.5 493.8 483.2 477.7 474.5 469 462 453.4 441.3 451.9 460.5 440 421.5 413.6 405.4
590.3 572.3 553.6 540.4 534.5 525.8 516.6 517.6 525.8 538.6 564.3 599.7 620 646.1 651 641.4 640.3 637.3 622.7 608.8 593.8 582.9 569.5 554.4 542.1 531.7 523.5 508.7 503.7 498.6 492.3 489.6 488.2 492.6 503.3 529.1 550.8 557.3 555.8 564.6 569.2 574.6 611.7 608.7 589.9 579.9 584.9 590.4 602.9 615.2 620.6 615 602.5 579.5 572.7 555.9 537 517.5 505.1 490.6 487.9 492.4 496.7 501.9 495.6 480.5 466.9 460.1 458.3 454.5 442.7 429.1 421 414.5 423.1 419.5 396.2 376.3 380.5 377.2
598.3 567.1 553.7 547.4 541.9 533.8 542.9 558.4 560.6 591.1 608 623.9 641 645.7 638.7 632.4 627.2 618.7 609.6 597.3 585.3 574.6 563.5 549.5 536.2 527.4 520.8 512.7 499.4 491.9 494.1 490.6 493.9 495.4 506.6 517.5 529.4 548.6 568.8 578.8 585.2 591.5 613.3 610.6 586.6 581.9 592.9 600 609.3 612.9 600 589.8 577.3 556.9 542.1 529.3 515.4 497.4 483.9 472.8 469.2 464.8 468.9 471.9 468.2 450.1 443.7 436.1 437.1 437 422.3 412.6 403.6 390.4 381.2 367.3 351.2 343.1 347.9 349.8
607.4 571.4 556.8 551.1 548.5 558.8 572.8 579 591.1 607.4 616.5 615.6 623.2 623.8 621.6 615.9 609.5 603.4 595.5 587.8 578.6 566.5 551 542.2 533.3 519.3 508 499.7 494.9 488.1 487.7 490.2 490.7 497 501 501 503.8 517.5 532.5 546.6 554.3 586.9 604.9 592.6 568.7 558.2 567.2 583.3 593.9 599.3 587.2 572.3 559.7 539.3 527.2 516.4 505.4 484.1 469.7 454.1 444.8 439.4 436.8 437.2 433.9 428.6 426.2 427.3 430.2 424.4 413.2 399.4 381 363.1 355.1 341.7 321.7 309.4 315.3 305.5
595.4 580.1 569.7 565.1 570.2 577.7 585.7 598.4 610.3 613.3 612 614.6 612.4 605.7 602.5 595.4 588.6 582.1 578.4 574.2 568.6 560.3 548.3 541 530.7 517.4 506.5 494.4 485.5 478.1 471.5 474.3 476.6 478.9 485.6 485.4 482.5 494.2 506.1 514.8 528 560.4 575.2 566.3 547.9 522.7 532.3 541.6 551.8 568.9 573.4 554.7 533.9 516.4 507.2 494.9 479.8 463.1 451 441.4 430.7 422 417.8 413.9 410.1 409 409.5 408 403.9 397.9 387.4 373.4 356.5 345.9 333.9 317.1 298.1 282.7 270.2 262.3
595.3 592.7 596.3 595.9 596.2 600.2 608.4 609 607.5 604.7 598.7 596.7 588 580.6 576.4 567.1 564.1 562 556.5 554.3 554.6 546.1 542.2 533 520.7 510 497 485.9 476.6 470.4 462.7 459.1 460.5 461.3 469.1 471.1 464.4 476 494.8 498.2 500.9 518.3 544.7 534.5 523.6 503.8 510.3 515 523.7 533.1 532.6 526 515.1 494.4 482.7 471.2 459.2 448 436.6 427.7 418.1 409.5 401.8 397.5 396 395.1 391.4 387.6 380.2 374.3 360.8 349.3 337.2 326 314.2 300.5 281.8 262.2 242.9 229.2
601.3 604.6 612.5 618.2 619.1 615.5 608.4 598.8 590 580.5 581.8 572.4 562.2 551.7 540.4 539.3 540.7 538.7 537.9 536.7 536.5 535.5 536.5 525.7 511.9 498.9 485.6 476 466.7 458.5 452.6 448.6 442.4 440.8 447 444.8 438.7 453.9 468.1 472.8 477.8 487.2 499.3 510.2 503.4 477.8 480.9 488.7 505.3 519.9 512.5 508.6 497.7 479.2 466.2 454 443.1 430.8 420 409.2 400.2 394.2 390.2 385.5 381.6 375.6 369.5 365.5 361.7 358.6 352 343 332.5 317.9 300.8 281.3 260.7 238.3 221.5 212.1
615.8 620.5 626 623.2 615.9 604 590.1 575.5 562.9 552.6 549 544.9 536.6 527.8 517 507.9 504.3 514.2 519.5 516.8 519 524.5 519.9 510.6 497 485.7 475.2 464.4 456.3 443.7 437.8 432.2 427.8 423.6 422.6 419.5 421.8 427.8 444.8 448.1 450.7 457.8 475.1 483.9 476.4 459.5 452.7 467.3 477.8 485.8 482.8 485.9 478.2 458.4 446.2 436.6 427 414 404.5 395.5 385.6 380.6 375 368.1 360.1 353 347.7 347.6 346.8 340.2 331.5 320.2 308.9 291.5 274.9 252.7 231.8 216.3 203.5 195.1
628.9 627.3 619.4 606.8 593.3 580.4 571.4 559 545.3 532.1 526.6 524.7 518 504.1 493.7 486.8 483.6 488.2 494.2 496.2 498.7 502.8 496.3 490.4 479.1 466.2 456.5 448.3 440 427.7 419.4 411.9 409.9 404.5 399.2 401.8 404 409.1 415.2 420.8 428 436.6 449.2 455 451.7 432 424.9 440 458.2 464.1 468.8 466.2 457.4 437.3 428.7 420.8 411.8 397.3 387.2 375.3 368.8 359.3 352.8 344.3 336.2 332.3 331.8 331.9 326 317.1 309.1 288.1 278 256.3 240.3 225.6 206.1 192.1 181.2 170.1
635.9 624.4 606.5 594 577.1 565 550.6 539.8 526.2 517.8 515.3 509.9 496.3 485.3 471.7 469.9 473.8 471.4 477.7 476.5 472.4 472.5 466.8 462.5 450.8 440.2 432.1 427.3 420 412.9 402.9 393.2 390 387.2 384.1 379.9 381.7 388 396.8 402.9 415.4 421.5 430.4 430.8 427.7 407.4 403.1 418 431.7 438.7 439.4 439.2 431.8 418.6 410 403.5 392.9 376 363.7 354.4 346.7 337.2 332.9 323.2 316.1 316.4 319.8 315.2 309.6 299 280.6 261 245.7 227.2 212.8 194.4 182 167.4 159.3 151.6
630.7 614.6 592 578.6 566 549 535.9 523.3 510.7 500.5 491.6 483.8 479.7 470.5 462.5 457.9 458.7 462.4 465 458.2 449.3 440.9 437.3 437.2 427.3 421.7 416.5 410.5 402.3 395.4 384.6 376.4 371.9 368.6 366.8 357.3 352.9 357 365.9 382.2 407.7 413.6 417.6 420 406.8 381.4 382 392.1 401.1 411.4 412.2 413.5 409.8 401.6 386.3 387.8 374.3 352.9 341 328.1 322.3 317.6 308.8 305.5 301.3 303.6 305.1 305.1 298.4 280.4 258.2 234.3 220.1 202.6 181.5 172.8 159.3 146.6 141.7 137
608.3 593.5 577.3 564 553.7 542.3 526.5 510.5 499.8 492 485.9 481.6 473.4 463.7 454.7 450 449.5 457.4 458.7 442.5 427.5 415.7 409.9 411.9 404.2 398.5 393.6 387.4 383.8 378.3 368.8 361.3 354.7 346.3 343.1 338.3 336.5 337.9 343.6 354.1 376 393.8 393.5 398.7 383.4 357.8 359.7 371 382.9 392.2 390.1 391.1 391.8 383.4 364.9 362.9 351.4 330.6 319.7 310.8 304.8 298.3 289.7 291 289.1 289.3 295.3 294.4 275.3 254.7 219.2 196.6 184.1 167.1 160 149.1 138.9 132.8 127.5 123.2
598.2 586.1 573.8 559.7 545.6 533.4 516.7 501.3 489.8 479 473.9 466 465.1 455 445.5 440.3 442.8 448.3 448.2 429 411.1 395.5 388.1 379.9 378.3 375.1 372.3 366.6 364.6 353.6 348.3 342.9 338.1 330.7 324.8 320.6 321.6 326 332.5 334.5 347.2 359.8 360.1 365.1 357.7 331.8 339.2 345.5 354.1 366 369.4 370.2 372.1 361.1 344.1 342.4 331.8 314.3 305.9 299 287.7 281.1 270.9 275.4 269 267.7 265.9 254.7 247.7 209.7 185.7 169.7 156.9 149.9 137.6 131.4 125.6 120 113.2 110
