Assets/StreamingAssets/GeoData/Data/ng/NG86.asc
ncols 200
nrows 200
xllcorner 180000
yllcorner 860000
cellsize 50
[rows 105 to 139 of 200, columns 0 to 77 of 200]
253 255 258.5 262.2 266.9 269.3 272.1 273.5 283.3 292.4 296.9 297.7 304.9 313.3 323.1 333.6 345.5 356.5 362.7 365.6 367.4 367.9 374.1 382.2 393.9 402.1 408.3 418.4 430.9 438.4 451.2 446.7 430.1 430.6 413.9 412.7 405 400.3 397 392.8 390.6 389.2 390.3 394.2 398.7 397.6 397.6 403.7 407.8 411.3 416.3 422.1 428.9 434.9 439.2 441.4 444 448.7 453.7 458.5 460.8 462.5 461.5 456.3 453 450 444.5 444.3 446.6 447.4 447.3 445.3 439.9 440.2 431.9 422.3 418.3 405.3
252.3 253 256.7 259.8 264.1 267.2 270.3 270 275.3 283.3 290.8 297.5 299.1 311.7 320.7 329.9 340.9 353 359.1 364.8 367.7 369.1 375.3 381.8 395.9 405.3 421.2 422.6 429.9 443.2 463.7 469.6 465 448.4 444.1 425.6 420.2 410.2 403.3 399.5 396.8 393.3 394 397.2 399.5 400.9 401.1 403.9 409.8 413.2 415.5 420.6 425.8 431.3 437.5 442.1 445 448.6 452.3 457.1 461.2 463.7 465.4 464.3 463.3 461.7 454.7 449.6 449 449.7 449.3 448.3 445 438.6 429.1 427.4 423 409.7
251 254.1 256.8 259.8 262.4 266.8 268.4 266.7 272.2 282.4 286.5 293 299.9 309.1 318.8 326.3 335.2 346.6 352.1 357.5 364.7 368.7 373.9 380.7 391 410.8 424.1 430.3 431.5 439.7 458.4 471.2 475.9 468.9 459.3 445 432.4 426.2 412.5 407.1 403.7 398.9 394.8 397.2 398.9 401.8 401.5 405.8 408.1 411.6 416.8 421.4 425.5 429.6 434.4 441.5 445.1 448.7 452.9 457.7 461.2 464.6 467.2 469.6 472.8 473.2 470.7 465.1 455.7 453.8 453.1 454.4 446.9 442.3 436.1 429.7 428.1 430.6
251.8 253.9 255.2 257.7 261.4 264.4 264.1 263.2 269 283.1 285.1 287.9 293.9 305.3 316.9 321.1 330.8 339.7 345.5 348.8 357.8 363.4 369.4 377 385.2 402.3 421.5 427 432.7 441.6 450.9 466.4 475.6 475.7 465.5 458.9 444.1 435.9 426.8 412.5 407.7 403.7 397.9 395.9 398.4 399.2 401.7 405.7 409.1 411.7 416.8 421 427 431.7 434.2 439 444.4 448.2 453.4 457.9 463.5 467.1 471.3 473.5 476.2 478.9 480 478.8 472.4 463.2 458.7 461.1 458.4 451.1 443.6 439.8 438.2 437.8
251 252.1 252.9 255.1 257.4 259.4 260 261.3 266.8 272.9 278.5 283.7 291.2 298.8 316.3 321 328.1 335.4 342 342.8 350.3 357.4 363.4 370.2 378.2 390.6 412.8 423.9 435.1 440.5 444.5 457.8 468.7 474.4 465.7 458 448.6 440.5 431.6 419.2 412.7 407.1 403.1 398.7 398 400 400.5 404.1 412.6 412.5 417 421 427.2 433.1 435.9 440.9 446.1 449.9 453.8 457.9 464.4 469.6 474.5 478.5 482 483.4 485.7 489 488.3 482.4 474.3 473.3 467.5 461.9 461.9 456.4 451.6 453
249.9 251.8 252.2 253.2 254.9 255.6 257 258.8 263.3 269.1 274.3 278.6 286.6 296.4 308.2 318.8 323.1 331.3 337.9 341.9 344.6 350.2 355.1 362.4 370.4 378.9 395.8 419.7 433.4 437.3 443.2 450.9 460.8 465.6 459.3 452.6 447.7 440.8 430.9 424.7 417.1 411.6 409.8 405.2 402.7 402 401.5 402.4 410.8 416.4 419.2 425 432 437 440.4 445.5 449.3 454.3 456.4 459.7 464.9 470.9 477.1 482.1 487.3 491.8 493.7 495 498.9 503.6 502.8 492.6 490.8 490.1 482.7 477.8 480.8 491.7
247.8 251 252.5 253.1 254.3 254.1 255.6 260 264.8 264.3 270.8 275.2 284.5 293.6 300.8 313.8 320.8 329.2 333.5 339.7 342.6 342.1 344.6 352.2 360.2 371 380.4 407.2 421.4 428.5 437.5 442.6 453.3 458.5 453.4 446.8 444.4 439.2 429.4 424.3 417.1 419.4 415.7 412.6 410.5 411.7 408.7 407.3 411 421 424.3 430.9 436.8 444.7 447.3 448.8 454.6 459.5 460.1 464.1 468.5 474.6 481.1 486.6 491.2 495.4 501.2 503.9 505.3 511.1 515 516.3 518.5 522.7 513.2 506.4 517 522.4
245.1 249.3 252.2 253.1 254.1 253.7 255.3 258.1 264.5 265 266.9 272 278.7 286.2 296.6 310.3 319.6 323.1 330 336.1 339.1 339.2 340.4 343 350.3 358.3 368.8 381.1 403.5 413.6 425.7 435.5 442 449.3 444.7 441.9 440.3 436.1 429.5 424.2 421.2 422.2 421.3 421.3 419.9 420.2 420.9 417 417.1 423.2 430.3 435.1 444.2 449.3 458.2 457 460.2 462.1 467.2 473.7 477.7 482.2 488.2 496.5 498.6 503.3 507.3 509.8 511.4 515.4 520.7 528 531.8 530.6 537.1 547.7 540.7 550.4
242.2 246.9 251.8 254.2 254.5 254.8 255.2 257.5 267.6 271.8 263.5 268.8 276.4 281.4 290.6 302.7 314.2 319.8 328.4 332.9 338 337.8 338.7 337.8 344.6 350.6 357.5 367.5 379.8 394.4 410.6 423.2 430.8 434.6 435.7 436.6 435.2 432.6 430.2 428 427.7 425.3 426.4 427.6 427.2 426.8 429.9 427.7 424 426.1 435.6 439.5 448.8 453.4 460 461.2 463 465.2 471.1 481.2 487.5 493.1 499 503.7 508.8 510 511.1 514.5 518.7 522.5 525.8 532.7 540.2 543.6 543.7 553.6 555.6 567.6
241 246.8 252 254.5 255.2 256.8 258.3 259.1 265.3 268.2 262.5 266.5 277.6 279.6 286.3 295.1 308.2 317.3 323.9 329.2 334.9 335.4 335.1 334.8 339.4 346.7 351.1 356.2 366.5 377.7 389.2 408.3 419.8 427.2 429.6 430.5 431.5 431.9 430.1 432 432.7 432.5 428.6 431.7 431.9 431.4 433.8 436.2 432.4 431.9 436.8 442.3 449.6 454.9 460.5 461.2 464.6 468.7 472.2 488.2 499.7 506.8 507.4 509.7 514.3 515.1 518.1 522.9 529.9 531.6 535.5 539.1 543.6 547.5 552.2 560.2 570.9 571.4
241.1 246.5 251 254.2 255.2 257.4 261.3 262.6 264.6 264.8 262.3 266.5 275.9 280.5 283.2 294.8 309.3 316.9 325.1 326.7 330.7 333.9 333.7 335.9 339.6 341.9 346.2 351.3 354.6 362.9 374.5 386.7 398.1 407.4 414.8 422.8 425.9 427.5 430.9 435.1 436.7 435.8 432.3 431.5 431.1 431.5 432.2 436.6 437.5 437.7 438.2 445.4 448.6 453.5 459 462.8 466.9 474.7 482 489.3 501.3 508.3 514.2 516.4 519.9 527.4 531.2 536.4 539.4 541 546.6 551.5 549.7 550.7 557.5 570.2 578.7 592.3
242.8 245.2 248.8 252.1 253.9 258.4 260.2 264 264 266.9 260.9 263.2 271.4 280.2 283.5 292.2 295.6 306.1 312 315.4 322.6 333.3 337 338.2 345 344.7 345.4 348.6 352.2 356.2 363.7 375.2 386.4 395.2 404.5 412.2 414.6 420.5 428.9 433.6 436.5 436.9 435.5 433.7 430.8 432.8 432.9 432.5 433.8 435.8 439 442.7 447.2 452.3 459.3 464.9 473 483.2 493.1 499.5 506.9 512.5 519.6 527.7 533.2 535.6 542.4 547.3 550.7 551.9 553.4 556.1 555.6 569.5 569.5 594.5 603.5 603
242.8 244.3 246.9 250 253.8 256 259.6 263.1 265.3 263.7 257 259.5 264.7 268.8 282.7 288.3 293 296.9 301.2 311.3 323 330.8 334.8 341.7 349.9 349.3 350.3 350.6 355.4 356.8 361.6 368 377.3 389.2 395.2 401.5 404.8 411.1 423.4 430.3 432.6 433.5 432.2 431.2 431.7 435.6 437.1 433.3 432.6 433.2 434.5 438.7 444.1 448.5 455.1 461.2 474.1 488.6 501.4 512 516.1 518.4 526.3 538.8 546.7 547.9 555.2 557.7 560 562.1 561.5 560 568.6 581.4 589.5 607.5 617.9 616.9
242.2 244 246.4 250.1 252.9 255 258.9 262.6 263.6 263.1 253.7 255.2 257.4 266.6 283.8 295.2 299 298.6 303.3 313.8 320.8 327.9 335.1 342.6 352.1 356.2 356.8 359.3 359.7 359.9 362 365.2 369.7 378.3 384.8 392.1 399.6 406.6 413.7 423.4 425.8 426.9 427 426.2 428.3 432.1 436.2 437.4 438.7 433.6 434 433.8 437.9 441.8 448.8 457.1 470.1 488.4 504.1 514.3 519.6 520.1 530.5 544.7 555.2 560.2 564 567.4 565 566.3 570.6 580.3 599.3 607.4 616.2 623.8 624.7 619.8
240.8 243 245.2 248.7 251.9 253.3 258.1 262.3 261.6 260.7 253.3 252.4 254.1 265.3 275.8 286.8 297.3 300.3 311.1 315.4 323.6 330.6 331.8 340.5 349 357 360.3 366.2 364.4 364 366.1 365.3 368.3 373.3 381 388.5 396.3 403.1 409.2 414.7 417.5 417.9 418 417.5 421.9 428.9 431.7 434.4 436.4 435.9 434.4 432.8 430.4 434.5 445.3 456.8 466.4 484.1 500.1 508 514.1 520 533.3 549.1 557.2 565.1 571.9 571.7 570.1 570 587.5 600.2 612.6 616.6 621.2 623.8 623.7 616.5
238.8 241.2 241.6 246.7 249.2 250.9 255.2 259.8 254.3 253.9 252.1 252 253.8 263 271.9 284.4 295.4 301 306.7 317.8 323.5 328.6 332.8 339.2 348.3 355.4 360 361.8 367.5 369.3 369.8 369.6 371.4 375.2 380.9 386.7 393.1 398.7 403.5 405.5 406.4 409.3 408.5 407.3 410.7 416.5 430.2 431.1 431 432.1 432.1 432.1 428.5 435.2 444.2 455.4 464.2 473 494.5 500 513.1 517.1 535.4 546.8 554.4 562.3 567.1 569.5 572.4 577.9 601.8 612.6 618.1 621 624.9 621.5 617.1 610.8
234 237.6 238 243.9 246.2 249 253.6 254.9 249.7 252.3 252.6 252.9 260.4 266.9 278.7 292.4 298.6 300.2 302.5 317 321 327.9 333.4 336.9 344.1 349 357.7 363.2 366.9 369 373.1 371.1 373.6 378.3 381.5 386.7 391.5 396.5 396.2 395.7 395.1 397.5 396.8 396.4 397.2 406.9 415.6 423.1 426 427.5 427.8 427.4 427.1 433.2 442.7 451.5 458.9 465.9 482.1 496.5 508.5 515.4 531 542.7 547.9 556.4 561.5 567.6 575.4 588.4 611.6 619.7 619 617.4 617.2 615.4 610.6 603.8
229.2 233.6 235.9 238.9 241.7 246.4 252.8 254.2 249.7 255.1 254.4 255.3 263.2 272.1 283 295.7 299.5 305.4 308.8 311.2 323.1 327.1 331.7 334.5 338.8 346.4 351.6 355.3 358.6 365.7 367.2 369.4 372.1 375.4 376.3 384.9 386.7 389.7 390.3 388.3 384.4 383.4 385.8 385.3 385.8 389.6 402 414.7 418.3 420.1 421.9 423.2 426.8 432.4 441.8 450.9 458.7 462.4 477.8 494.6 506.2 511.1 522 531.1 541.9 546.8 554.1 559.9 570.5 587 607.7 614 610.4 607.1 608.5 605.6 601.5 597.1
225.3 228.7 233.3 237.2 238.6 245.8 252.6 259 249.7 258.2 255.4 256.4 263.7 282 288.7 295.2 302.7 308.1 312.4 312.3 320 325 330.1 333.4 337.6 337.8 341.9 345.5 350 355.6 360 362.7 366.7 369.4 371.6 374.2 376.9 380 382.4 381.7 376.8 374.5 374 375.4 377.6 380.2 386.2 398.4 409.1 414.2 416.7 422.2 427.8 431.9 440.5 450 449.6 461.4 474.1 491.9 499.7 507.3 513.8 517.1 527.9 536.6 547 558.2 565.3 577.3 593.4 597.9 595.9 592.1 588 586.9 586.9 588.3
224.7 226.8 230.1 236 236.4 244.5 251.1 258.7 249.7 253.3 253.8 256.2 257.8 274 286 293.8 302.4 310 312.5 315.6 316.9 324.9 327.2 333.8 334.2 334.9 334.1 335.7 340.8 345 351.2 353 358.1 362.7 364.2 369.2 371.6 371.4 372.8 373.4 370.2 366.4 365.7 366.4 369.7 373.2 378.3 385.8 396.4 405 413.1 419.7 426.9 432.1 436.3 445.9 449.4 458.7 473.3 485.5 496.2 498.3 502.6 511.1 512 524.2 540 556 564.3 570 575.5 581.6 580.3 577.5 573.3 573.7 576.1 578.7
225.4 225.3 227.8 232.2 236.1 243.9 251.6 257.4 249.7 249.7 249.7 252.3 254.6 264.5 281 290 301.5 310.4 312.7 318.9 328.6 321.3 325.9 328.3 332.7 333.1 329.1 330.6 333.2 335.3 339.7 343.2 348.5 353.3 355.8 360.8 365.7 366.6 363.6 365.1 361.9 361.1 359 360.1 362.5 367.3 372.5 379 386 396.4 407.8 414.2 423.4 430.4 434.8 440.8 450.8 456.7 469.5 482.5 490.4 491 493.5 493.4 493.8 513.8 530.6 544.3 552.8 560.7 564.3 564.7 564.3 562.6 559.8 562.5 566.4 569.7
228.4 223.5 226.8 231.1 238.3 243.9 249.6 253.5 249.7 249.7 249.7 249.7 254.9 262.6 275.8 287.8 297.6 306.7 308.4 314.3 325 325.5 326.7 329.8 327.7 328.6 327.7 327.3 328.5 330 332.1 332.2 336.4 344 346.8 350.1 355.2 355.8 355.5 356.5 356.9 356.3 354.5 355.1 358.1 362.3 368.2 373.6 380.7 388.7 401.7 410.3 415.9 425.5 432 435.6 441.5 449.4 464.4 473.9 480.1 483 483.8 480.8 480.6 492.7 513.3 528.5 538.7 540.6 542.9 543.7 542.4 542.3 544.7 546.9 553.2 559.3
227.9 227.9 228.9 231.1 236.6 242.7 247.4 250.9 249.7 249.7 249.7 249.7 253.5 262.9 268 284.5 291.5 301.9 306.4 311.9 317.6 326.6 327.9 327.8 327.9 327.4 326.5 325.5 327.4 332.2 329.6 331.1 326.4 330.3 336.7 341.8 344.6 347.1 348.9 350 350.3 350.6 349.8 350.6 354 357.2 364.1 370.2 376.5 383.8 392.7 404 409.9 416.4 426.6 431.2 434.4 440.8 453.9 464.2 469.4 478.3 483.5 476.5 474.2 476.2 488.8 500.6 509.2 515.7 519.6 519.2 521.7 520.5 519.4 529.1 537.8 542.6
229 230.3 231.1 233 238 244.5 248.6 251 249.7 249.7 249.7 249.7 254.2 257.2 267.8 280.9 291.1 298.5 308.1 315.1 316.9 322.5 327 327.3 325.9 323.8 324.2 323.7 324 324.9 325.9 325.5 318.3 321.4 326.9 333.2 336.4 339.2 343.7 345 346.4 345.4 345.9 347 349.6 353.4 360 366 372.4 378.7 386.8 393.6 401.9 407.7 415.2 421.6 427.5 433 444.2 455 460.7 466.1 477.7 477.2 472.2 473.4 474.9 477.3 477.8 483 487.7 490.2 492.1 493 495 502.8 512.7 517.3
227.8 229.3 229.7 233.9 237.9 244.6 249.6 251.8 250.1 249.7 249.7 249.7 256.3 256.4 266.9 277.4 287.2 294.5 306.3 314.5 317 319.5 322.2 324.4 321.5 321.6 320.4 319 316 319.6 322.3 317.8 312.7 311.8 318.7 325.8 328.8 332.2 337.2 340.4 342 342.5 342.1 342.5 345.1 350 355.1 363.1 368.7 372.6 379 385.8 392.2 399.8 405.5 410.4 416.7 424 431.2 442.2 448.4 451.8 456.2 461.7 466.6 467.6 468.7 466.6 464.9 463.8 463.6 464.9 465.1 469.7 472.6 477.2 484.3 492.9
227.6 227.9 229.3 235.1 238.7 244.6 250.3 253.5 250.9 249.7 249.7 249.7 258.2 258.9 268 273.9 281.7 295.3 302.2 310.4 314.2 316.3 319.4 316.9 321.4 321.3 320 318.6 314.3 310.5 312.2 316.5 307 309.6 311.4 316.7 324.4 326 330.7 334.7 338 339.1 339.2 339.4 341.9 347.2 351.7 357 364.2 368.4 372 377.8 382.9 388.5 394.3 401.1 406.2 411.4 419 426.6 431.6 436.9 441.3 443.2 447.1 452.1 451 452.7 453.5 452.7 452.4 452.2 451.6 453.3 455.8 461.8 465.9 470.9
226.4 227.1 229.1 235.7 240 244.7 248.4 254.1 253.7 249.7 249.7 249.7 259 264 269.1 276 281.7 296.3 300.3 305.2 309.7 315.3 311.1 313.4 315.6 317.9 319.1 317 313 303.7 301.3 299.5 299.3 306.3 306.9 309.8 314.7 319.4 325 329.4 333.5 335.8 336 337.2 338.7 343.3 347.5 352.6 355.7 361.3 364.6 370.1 374.1 378.8 383.3 390.6 396.3 401.1 405.1 412.3 419.2 422.7 425.4 427.7 429.9 432 435.9 437.6 437.9 439.1 438 438.2 440.3 441.9 444.5 446.8 451.7 459.9
224.4 226.3 229.2 235.4 239.5 244.3 249 254.9 254.8 249.7 249.7 249.7 260.7 268.5 272.6 280.5 292.4 299.3 302.3 303.7 305.4 309.2 305.3 304.4 310.4 307.9 310.8 311.4 311.6 308.1 298.8 296.4 296.8 298 300.6 304.4 308.2 311.6 316.7 322.9 329 331.6 332.2 335.1 336.9 338 342.1 347.7 351.1 354.5 358.4 363.6 367.8 370.8 376.1 380 387.2 391.6 395.9 398.9 405.1 411.2 414.7 416.2 417.6 419.6 423.2 425.8 425.6 425.5 425.1 424.8 425 426.2 431 435.3 439.3 445.7
222.2 225.2 229.3 235.5 238.8 241.8 248.7 253 253.8 253.2 249.7 249.7 258.8 263.9 269.9 282.5 290.2 293.6 298.7 300.9 300.6 300.9 299.1 293.4 294.3 300 300 300.2 302.8 303 300.3 293.6 294.3 297.5 294.4 301.6 303.5 308.2 310.6 316.5 322.3 327 330.3 332 335.1 336.6 339.3 341.9 345.5 349.6 351.8 355.8 361.2 365 368.5 371.1 377 382.1 386.5 391.6 395.5 400.3 403.4 406.2 408.3 409.2 410.5 413 413.9 414.1 413 413 414 416.1 418.5 422.6 428.4 435.7
220.9 223.6 230.6 234.7 234.5 236.2 242.4 247.5 251.7 255.8 251.4 250.6 254.8 257.5 262.3 278.4 282.7 286.8 292.2 294.3 294.3 292.9 292 284.8 284.8 284.8 287.2 286.5 289.1 294.3 295.1 290.1 289.6 291.3 293.8 298.3 301.9 305.6 307.4 309.8 314.3 318.2 325 330.6 332.5 335 337.1 338.7 339.7 343.6 347.9 350.6 353.8 358.5 362.1 365.3 368.8 374 379 383.6 387.9 392.4 394.1 396.5 399.3 402.2 401.8 401.6 401.1 402.5 403.1 403.5 404.4 406.6 409.7 412.8 419.7 424.9
218.9 220.7 225.5 229.8 232.2 234.4 241.4 247 252.4 253.3 252.8 254.3 253.6 253.7 259.8 270.6 276.5 278.2 281.2 283.3 286.7 283.6 283.8 277.1 276.5 276.1 277.8 278.2 280.3 283.3 287 283.4 282.3 288 292.7 296.1 300.4 302.4 305.6 305.5 308 313.1 321.6 327.3 330.5 332.9 334.4 335.3 336.9 339.2 343 345.8 349 353.1 356.3 360.2 363.3 367.1 371.2 376 380.2 384 388.6 390.4 390.8 393.2 394.2 394.5 392.5 392.6 393.7 394.8 396.7 398.1 400.6 404.2 410.6 416.8
215.5 217.1 222.5 227.8 230.8 234 240.6 244.2 250.7 249.7 250.2 249.2 247.8 250.8 251.6 258.5 262.1 272.3 275.3 276.2 278.6 278.2 275.5 272.5 271.9 272.4 273.8 274.9 271.9 275.2 278.3 279.2 277.7 285.3 289.9 295 298.5 301.8 302.2 302 304.1 307.9 313.3 322.9 327.5 330.3 331.8 333.6 335.1 336.7 338.5 340.8 344 347.9 352.2 355.7 359.1 362.4 365.7 368.8 373.4 377 379.5 383.5 384 385.8 389.4 390.5 387.2 386.4 387 388.8 388.8 390.5 392.5 395.4 399.8 404.7
209 213.1 219 224.7 229.3 234 235.1 242.2 244.8 244.7 245.5 244.3 242.4 243.2 247.6 251.3 254.5 262.7 270 270.8 274.7 276.4 272.5 270 269.4 269.4 269.1 268.9 270.7 272.6 272.4 273 273.9 276.8 282.5 287.9 293.3 300.1 299.7 301.1 302 303.9 307.9 313.8 322.5 327.4 330.5 332.1 333 334.2 337.1 339 341.3 345 348.6 352 354.9 357.8 360.4 364.2 365.8 368.1 371.1 374.2 374.5 377.7 383.1 382.5 383.8 382.1 382.5 382.4 383.1 383.8 385.4 387.7 390.2 392.7
202.2 208.7 216.2 222.6 224.9 230 232.8 240.1 236.8 238.2 240.3 240.2 238.1 237.7 242.1 245.8 249.9 255.5 260.9 264.2 265.7 267.3 271.2 270.4 269.4 268.4 262.9 266.5 272.1 273.1 269.7 270.5 271.6 273.2 275.4 279 283.6 292.2 298.1 301.8 302.9 301 303.2 306.6 313.9 323 327.5 329.4 332 333.4 334.9 337.2 339.6 342.4 345.6 349 351.7 353.4 356.1 358.7 360 361.7 363.8 363 369.9 371 373.7 379 379 377.6 377.6 378.8 379.1 379.4 380.7 383 384.5 385.9
195.1 202 211.7 218.6 223 227.9 232.3 235.3 233 232.3 233.7 236 235 233.9 236.2 239 243.9 250.9 254.6 258.9 262.4 264.9 272.7 274.3 268.7 266.8 264.8 268.4 269.6 271.8 269.4 271.3 272.5 272.7 274.6 275.7 278.1 283.3 294.4 301.7 300.5 300.4 301.6 305.1 307.2 315.6 322.4 327.3 329.8 332.1 334 335.7 337.7 339.9 342.4 345.4 348.9 350.3 351.7 353.7 354.6 356.1 356.6 358.2 361.1 363.8 366.7 370.4 371.4 372.5 373.1 374.4 374.5 375 376.6 380.5 383.5 380
