Assets/StreamingAssets/GeoData/Data/ng/NG90.asc
ncols 200
nrows 200
xllcorner 190000
yllcorner 800000
cellsize 50
[rows 70 to 104 of 200, columns 78 to 155 of 200]
451.1 447.1 417.3 398.3 395.5 388.5 381.8 355.9 335.9 335.6 326.9 291.8 253.8 231 210.8 175.8 148.6 111.7 85.7 58.6 34.6 11.4 6.3 7.3 7.9 9.7 9.1 9.6 9.2 11.5 16.5 20.1 32.3 31.4 26.6 40 52.1 68.5 88.1 107 130 144.4 157.1 155.6 161 190.5 227.3 260.6 293.8 334.2 365.1 384.1 420 456.1 506.4 526.7 545.3 579 605.6 630.4 648.6 675 695.1 719.2 737.6 754.3 785.3 799.7 830.8 840.2 849.6 850.9 848.7 848.5 859 870 865.1 861.9
484 461.8 453.6 436.7 414.6 397.1 388.4 385 372.4 353.5 338.7 314.5 274.5 252.8 215.8 194.5 164.7 145.3 110.8 84.3 57.7 27.5 12.9 13.2 15 12.7 10.9 11.9 12.4 23 11.6 13.3 18 26.3 35.4 54.6 61.9 71.2 93.1 117 141.8 155.5 171.1 183.2 188.8 185.7 201.2 248.9 299 328.9 354.6 380.1 416.4 466.5 506.2 517.2 541.1 576.7 597.7 623.2 651.1 684.2 706 727 733.6 744 777 783.6 815.4 824.9 830.5 840.1 838.6 839.5 842 845.2 848.1 848.7
496.2 483.3 472.9 469.8 455.5 431.5 401 399.1 382.2 370.8 366 341 287.5 259.7 241.4 214.2 191 177.7 148.4 118.5 86 49.6 31 29.5 28.1 40.6 62.5 30.6 22.3 38.7 23.9 33.9 32.1 36.2 42.9 63 74 76.5 100.2 126.2 153.9 168.2 188.4 207.9 219.9 226.2 230.3 211.6 275.8 327.2 347.3 368.9 418.5 457.6 467.5 502.5 532.2 563.6 588.4 606.3 639.2 680.8 706.1 717.8 726 734.3 761.2 770.5 797.4 807.6 804.2 815.1 822.6 830.8 823.6 822.5 830.9 834.8
520.3 502.3 491.4 478.4 461.1 440 415.9 396 388 385.8 387.7 348.6 311 288.5 253.1 245.8 241.7 219.2 188.9 158.1 119.2 79.8 54.1 55.3 60.6 82 88.2 49.5 44.2 48.4 38.9 68.9 40.8 40.4 55.3 82.2 87.6 98.5 112.1 136.4 162.3 179.8 208 228.3 241.3 254.5 265.6 267.8 258.5 264.4 306.3 349.5 406.7 436.7 433.4 490.6 514.3 540.6 569.1 589.4 624.6 667.6 692 704.4 715.6 724.9 750 765.2 781.9 788.6 791.3 792.1 799.5 808.6 807.8 808.2 810.2 821.7
547.1 527.4 504.2 485.4 477.5 471.7 445.9 426.6 408.6 389.9 388.2 355.4 334.9 311.8 291.2 291.6 282.6 247.6 218.1 180.9 147.6 115.7 80.2 83.8 85.3 125.4 101.6 70.9 71 54.8 79.5 76.2 49 52 78.9 97.7 112 116 126.2 155.4 171.6 194.7 220.8 249 264.2 284.2 293.1 297.9 297.8 285.4 282 320.4 365.6 382.4 426.6 474.3 496.6 522 554.5 582.2 612.3 648.1 677.1 696.6 708.9 713.4 733.1 750.8 758.3 769.2 776.6 772.1 785 786 792.7 789 793.4 803.2
568.2 547.4 516.4 524.2 517.8 505.3 472.1 469.3 440.1 414.8 413.6 379.9 361.5 343.1 325.3 326.9 303.8 269.8 247.2 224 185.2 150.7 123.2 109.2 118.7 152.9 122.2 90.1 83.2 79.8 100.9 94.7 68.5 53.1 88.7 98.9 129.4 138.8 143.7 159.1 175.2 203.2 240.4 261.5 289.3 308.7 321 319.8 325.2 321.4 311.2 302.9 337.5 363.8 405.1 451.3 479.1 505.8 540.3 570.3 601.4 628.5 660.4 690.2 704.1 699.9 723.2 742.4 743.7 751.4 754.6 756.4 761.7 768 772.5 772.5 775.7 784
589.8 592.1 582.9 563.7 560.3 541.5 513.5 487.1 463.7 435.1 421.7 410.2 402.1 385.4 358.2 346.6 311 287 267.5 244.8 221.6 193.3 160.5 137.6 147.3 169.2 130.7 105.2 93.7 109 123.9 107.5 66.3 51.4 86.7 126.3 146.4 138.8 149.7 174.8 175.8 212.1 262.9 280.5 301.9 326.7 337.9 342.2 345 343.3 334.9 325.8 327.7 347.6 382 429.1 462 496.4 526.8 559.9 591.2 617 653.8 682.6 701.5 699.5 718.2 729.2 729 745.8 739 742.8 743.7 761.1 751.6 758.4 761.3 766.2
579.9 586.8 604.4 602.7 582.9 570.2 542.6 515.4 496.4 466.3 439.4 442.6 419.6 400.6 383.7 359.9 325.2 301.8 282.9 271.4 252.6 218.5 197.6 173.9 177.2 192.3 148.9 124.3 110.8 139.7 136.7 112.1 76.7 53.2 81.1 125.4 144.5 139.3 161.1 164.3 180.7 218.1 259.2 291.1 312.8 330.6 335.3 345.1 350.5 349.5 347.5 343 338.4 356.6 383.6 417.1 443.9 480.5 509.2 547.4 576.5 606.5 637.6 666.3 689.2 695.5 704.6 714.7 717.7 724.2 720.1 728 722.9 739.2 736.8 743.7 750.3 746.8
572.7 595.7 623.7 625.9 606.5 590.5 569 555.3 527.6 494.9 472.8 456.9 435.1 416.5 390.8 368.8 340.1 315.7 307.9 288.9 265 246.7 245.5 222.4 219.5 221.2 172.9 142.4 132.3 146.7 136.3 116.6 85.4 59.1 77.4 101.2 118.5 136.6 155.3 163.2 186.9 223.8 254.1 302.5 315.9 328.5 327.7 324.9 328.1 330.8 345.5 353.2 354.7 366.8 401.7 420 444.2 476.2 503 526.8 562.3 595.7 624.8 653.4 672.9 679.8 690.6 694.1 699.5 705.1 705.1 712.3 705.9 715.9 725.4 728.1 736.9 736.2
571.1 602.1 620.6 634.7 626.9 614.5 597.2 576.3 551.6 524.3 503.9 468.6 462.6 432.4 400.4 385 355.8 335.2 318.7 304.5 314.5 291.8 259.1 255.2 259.9 237.5 194.8 151.6 145.7 162 154.9 132.1 91.5 68.2 70 88.4 101.4 128.8 148.1 154.9 175 221.8 265.1 295.3 306.4 311.6 317.6 302.1 306.7 320.3 342.1 375.7 396.8 391.3 381 415.4 445.1 472 494.1 522.3 554.7 588.1 613.8 640.6 661.4 663.9 675.6 685.2 690.3 690.7 700.3 699.1 690.9 701.3 715.5 714.6 721.6 727.8
574.6 591.8 613.5 623.5 625.1 616.1 600 583.2 555.2 533.1 514.2 484.6 482.1 457.5 418.9 390.7 372.4 355.3 333.5 329.1 338.6 319.1 278.3 254.8 256.7 240 195.1 187 168.8 170.3 160.6 144.1 104 74.1 66.5 71.2 90.3 109.1 134 155.4 171.9 198.1 255.6 281.9 290.9 291 296.5 277.5 298.2 311.8 342.7 383.5 405.8 423.1 422.2 419.1 421 461.1 489.4 517.9 546.5 579.8 607.1 631.5 658.2 659.8 665.7 666.3 669.8 677.7 682.9 681.6 674.2 685.9 703.2 702 706.3 719.6
569.6 591.9 614.1 625.1 634.8 616.8 601.9 581.9 564 541 539.2 521 500.4 465 430.3 406.3 389 382.6 370.1 366.5 353.8 331.1 297.5 274.5 259.2 233 204.9 188.7 194.1 190.4 193.4 162.7 117.8 85.8 78.9 74 81.2 91.6 113.5 135.7 155.8 188.5 234.5 274.9 280.4 272.9 260.3 260.8 282.1 315 350.8 369.9 407.5 429.9 452.5 467.5 461.6 451.7 467.8 509.1 538.6 576.3 601.5 620 646.6 654.6 652.7 653.4 659 668.6 669.2 665.3 663.6 665.4 687.2 683.8 695.8 704.7
589.2 606.4 625.7 639.5 641.3 633.1 614.6 598.6 574.4 554.6 543.8 520.2 501.1 471.9 454.3 426.1 417.6 410.5 392.1 378.3 355.7 333.9 310 290.1 256.6 229.7 225.4 204.9 211 203.4 175.9 156.1 124.8 109.4 105.8 93.7 93 104.2 120.5 128.5 143.8 182 222.6 261.7 265.3 249.9 240 263.2 288.2 304.4 334.8 360.9 392.1 415.4 462.9 493.2 495.6 490.3 487.4 477 511.4 547.7 578.5 610.4 626.5 641.7 645.5 642.4 648.4 653.2 647.3 650 650.7 650 669.5 670.7 682.2 690.5
633.5 628.2 626.5 643 650.4 645.7 632.5 620.2 576 563.8 548 539 509 471.9 464.6 441.2 427.6 417.2 401.5 377.1 363.1 336.9 312.2 279.3 258 244.9 226 211.1 208.3 199.6 178.9 162.6 151.4 146.8 129.7 106 96.2 93.1 112 122.3 135.2 151.1 207.7 238.6 233.6 214.6 233.1 252.9 274.1 295.6 314.8 346.3 373.7 406 446.7 472.1 490 510 517.6 517.7 520.6 515.4 551.8 581.2 613.5 628.6 631.6 625.1 632.8 639.2 632.4 635.5 636.5 631.9 654 656.2 668.8 684.6
665.6 676 669.3 649 644 645.9 642.5 628.3 597.6 587.5 555.1 539.3 516 496.8 476.7 450 437.4 441.6 420.3 391.8 367.5 336 308.4 297.4 270.7 245.8 229.3 226.8 216 203.3 180.9 177.1 169.9 160.8 142.6 125.3 104.8 100.3 113.4 117.7 120.8 141.8 157 209.2 203.5 195.9 224 236.1 258.3 281 310.8 320.1 353.8 388.1 419.7 452.7 492.5 514.1 527.3 540.7 550.5 559.7 559.9 547.4 577.2 598.8 609.9 614 614.1 624.5 623.4 625.4 617.3 614.6 634.3 640.5 659.7 680.4
681.7 693.9 692.2 678.1 670.1 642.1 633.8 622.2 604 583.9 556.5 546.3 525.1 518.7 483.3 464.1 450.6 445.7 422.7 393 380.8 348 335.6 306.5 278.2 255.6 270 261.1 250.5 233.5 223 210.8 192.4 179.9 154.5 133.1 119.4 100.3 110.2 104.5 117 132.8 144.2 178.6 171.5 193 215.5 225.2 234.9 257.7 288.2 305.8 332.4 366.9 406 426.8 458.3 495.4 515.3 526.3 547.5 561.9 574.8 585.4 570.7 562.5 584.8 595.3 609.6 612.3 612.7 612.1 609.5 599.5 616.8 628.6 643.8 662.1
673.7 699.1 703.9 712.4 682.5 660.6 634.5 611.5 599.8 576 554.9 533.8 515.8 519.4 492.6 476.8 455.4 434.5 420.3 411 379.3 378.6 342.1 313.9 295.1 286.9 298.4 283 265.1 257 245.7 228.5 214.8 197.9 160.8 142.4 123.5 128.4 127 120.1 125.8 118 123.5 132.1 138 164.6 190.1 207.3 216 232.8 264.5 289.6 320 339.5 382 403.2 438 470.9 489.2 512.5 540.2 551.3 578 596 596.6 584.3 575.2 570.4 587.4 595 603.9 596.8 589.6 587.5 601.4 619.2 631.5 650.9
664.4 690.3 709.7 729.9 704.7 663 635.3 602.3 581.7 563.4 543.2 530.8 498.2 493.9 483.2 471.6 459.6 435.8 417.1 407.7 406.9 382.1 350.8 331.5 310.9 313 309.7 288.6 277.6 277 260.9 240.5 231.7 202.1 171.4 151.1 149.7 146.1 123.7 120.9 125 130.9 127.2 123.2 125.5 149.5 160.8 175.4 192.1 210.3 244.2 272.7 303.3 318.9 349.8 378.5 404.3 438.8 463.9 493.7 518.3 539.5 558.7 575.7 595.6 605.5 605.5 593.8 571 576 589.6 584.5 569.4 571.6 593.8 603.9 616.4 634.7
658.3 686.9 708.4 734.7 716 675.2 631.8 600 567.5 545.7 530.8 514.4 495.8 474.1 466.4 451.3 445.5 428.5 414.1 411.7 407.4 385 367.2 353.8 326.3 324.9 316 299.7 293.1 277.7 264.2 250.5 238.3 211.5 179 166.1 162.1 145.1 122.9 127.9 120.3 128 120.3 120.3 120.4 136.3 142.4 152.2 170.9 189.4 223.8 256.7 280.7 305.3 336.8 362.9 387.1 413.5 434.5 467 490 526 542.1 565.1 575.6 588.1 595.9 601.2 589.8 568.3 565.1 564.9 553 563.9 582.3 593.6 604.4 619.2
650 684.4 704.8 723.4 717.5 675.2 629.6 597.8 573.5 540.6 520.2 496.4 486.2 483 450.7 436.5 426.8 421.2 403.1 410 407.5 394 365.4 358.4 336.8 344.1 330.7 312.5 303.3 282.7 259.1 244.5 229.3 219 195.3 180.8 174.4 151.6 128.7 124.4 123.9 120.4 120.3 120.3 120.3 120.3 123 133.4 149.4 180.4 211.9 240 270.8 289.8 309.7 350.6 378.6 398.9 418.4 446.8 470.8 505.1 520.4 537 551.4 571.7 578.3 583.7 589.1 582.4 561.8 543.8 543.9 549.9 563.1 577.6 586.1 603.9
642.6 669.9 698.7 718.2 728.7 688.2 639.9 607.4 573 537 516.8 493.4 483.9 460.1 440.9 416.6 405.9 401.3 391.2 387.3 386.9 376.4 369.3 359.3 343.6 356.4 346.8 321.9 301.4 284.8 266.9 248.2 237.6 213.9 200.8 196.2 177.5 157.2 142.5 126.3 123.5 121.8 120.3 120.3 120.3 120.3 120.3 120.3 129 173.8 195.3 223.8 266.8 292.7 310.1 330.2 365.6 384.9 410.2 428.8 457.2 481.2 500.9 523.4 535.3 545.1 555.2 572.5 580.3 577.5 569 553.8 536.6 539.1 546.2 556.9 566.6 586.4
639.8 666.7 679.1 700 725.4 699.3 664.6 619.3 572.3 539.5 515.2 494.1 488.2 464 443.3 425.2 393.7 377.1 373.7 369.4 366.2 358.9 358.5 344.5 332.2 326.3 323 307.8 292.8 277.7 256.7 237.2 219.7 209.3 200.2 180.2 164.4 146.7 133.1 125.3 124.1 122.5 121.2 120.3 120.3 120.3 120.3 120.3 122.4 158 182.4 209.2 245.1 299.5 317.1 329.9 350.6 376.3 400.7 421.8 444.3 460.6 483.3 501.9 530.6 544.7 553.3 562.5 566.8 565.8 561.7 549.4 538.4 528.7 530.1 540.5 547.4 564.8
638.7 657 675.6 700.6 718.2 694.8 675.3 627 570.6 540.7 513.5 491.5 475.9 465.6 454.7 421.7 392.6 380.8 363 347.9 342.9 340.2 346.4 330.7 318.9 307.2 308.6 304.5 286 280.2 258.7 243.3 233.7 223.3 206.9 183.7 165 155.1 135.9 125.9 124.2 122.9 121.7 120.3 120.3 120.3 120.3 120.3 122.3 139.1 170.5 197.6 225.6 273.7 310.5 342.7 340.2 362.4 386.2 411 430.1 451.5 465.4 490.1 515 535.6 547.5 554.9 564.3 557.6 553.5 543 538.5 533.4 524.3 522.9 529.1 545.5
631.2 655 678.1 697.2 711.1 689.3 668.4 628 578.1 537.1 514.9 491.3 479.4 467.3 448.7 415.3 393.9 379.4 361 336.4 317.1 317.2 311 313.1 308.9 297.4 291.4 297.1 288.5 275.2 261 252.6 231.9 220.6 197.7 176.2 159.3 146.5 129.7 125.9 126.3 122.2 121.2 120.3 120.3 120.3 120.3 120.3 121.9 135.3 165.1 191 217.3 261.8 299.6 329.3 341 349.1 374.3 404.5 432.9 451.6 464.8 488.9 509.1 524.4 540.9 544.9 554.2 551 548.2 542.9 538.3 534.6 529.6 520 519.5 529.1
626.4 653.1 673.2 690.7 705.1 685.5 660.5 627 573.3 536.9 515.3 494.6 483.9 469.9 443.5 422.8 405.3 390.6 363.9 334.5 315.4 296.6 290.4 285.8 282.8 275.4 266.3 269.5 269.8 264.4 254 238.4 219.9 204.7 186.3 174.3 154.1 135.3 131 144.1 130.9 123.1 121.8 120.6 120.3 120.3 120.3 120.9 123.9 131.6 160.3 184.1 212.6 237.9 286.6 301.5 331.4 338.1 362 392.1 420.5 454.4 460.4 480 502.5 525.3 538 541.4 543.5 543.5 545.5 546.1 545.1 538.2 528 510 523.4 523.7
620.7 649.8 672.1 691 694 675.7 648.8 611.6 569 535.1 517.5 495.2 479.5 460.4 438.7 418.6 414.6 397.9 362.7 334.4 312.5 297.2 284.6 276 260.7 251.9 247.1 245.6 244.1 249.2 237.2 227.3 222.2 208.2 183.6 165.2 146.7 136.7 140.9 134.1 131.2 125.9 122.2 121.7 120.6 120.3 120.3 122.9 135.3 150.5 183.2 186.1 222.4 252.3 282.5 289.6 314.6 333.8 354.5 381.7 404.3 438.8 452.2 475.9 496.9 522.3 535.2 537.3 539.4 544.6 549.6 547.6 547.3 539.5 525.4 507.6 522.4 525.8
620.4 652.3 674.2 679.1 668.4 656.1 624.9 586.8 548 531.6 511.5 492.5 472 453.4 434.5 420.7 408.6 408.2 372 343.2 326.2 310.2 303.9 306 289.2 260.9 231.7 223.9 214.5 219.7 213.4 214.6 205 193.8 175.4 154.4 147.9 148.3 144.2 137.8 131.3 130.3 123.7 122.1 121.2 121.8 122 126 141.4 187 190.1 187.3 243.7 258 277 277.1 296.8 332.9 350 372.7 400 426.5 447.7 466.1 487 511.6 524.9 533.5 539 543 550.3 547.5 547.7 539.6 527.6 503 514.5 522.5
630.5 655.2 670.7 663.3 642.2 623.2 594.3 561.4 540 522.5 503.7 487.9 465 447.1 431.3 419.6 412.9 416.8 396.2 375 352 328 323.2 320.7 290.8 272.4 257.6 238.1 223.9 206 198.8 196.5 186.9 177.1 160.9 155.2 155.8 166.8 148.1 140.8 136 130.4 124.1 123.4 121.2 122 123.6 129.6 150.2 187.6 181.5 182.7 234.6 248.7 258.1 268.7 283.9 317.5 343.8 365.3 394.3 424.7 440.3 457.8 478.6 506.9 517.6 526.4 531.7 535.3 547.9 547 546.2 537.9 524.4 495.8 510.4 518.1
637.4 662.4 654.9 636.6 615.1 597.1 577.6 553.9 527 514.1 497.2 476.9 455.2 440.1 425.9 417.5 413.3 409.6 402.5 390.7 363.4 343.3 320.5 301.1 304.1 290.7 276 260.7 229.3 216.6 200.2 194.5 178 165.2 157.7 169.9 173 161.9 153.5 141.2 136.8 131.6 125.6 123 121.7 122.5 127 133.1 171.1 168.7 171.6 169.1 199.6 224.3 236.6 259.5 264.1 301.2 333 355.7 382.8 404.2 424.5 440.9 462.8 487.3 502.1 514.4 518.1 529.9 535.6 542.5 544.1 539.6 520 491.9 501.5 509.4
636.3 663.1 657.4 639.4 613 601.3 578.8 558.5 522.1 494.3 470.9 458 443.2 433.8 422.1 413.2 412.4 409.2 404.4 387.4 371.7 345.6 317.2 318.7 321.2 303.1 292.1 263.8 250.1 252.4 216.8 190.8 176.9 172.7 170.4 163.5 169.3 158.8 151.4 141.5 135.9 128.3 123.6 122.9 122.2 122.6 126.9 147.4 180.6 167.3 161.1 161.8 181.1 199.7 221.3 249.7 256.8 290.5 325.2 340.6 364.2 403.6 428.7 446.5 455.7 473.7 485.9 499.5 509.2 530.5 531.5 539.5 538.3 531.8 518.9 490.1 482.9 500.7
644.2 671.3 663.4 640.5 618.2 597 573 547.3 522.1 494.1 462.2 443.9 435.2 427 417.9 411 407.4 404 395.6 383.6 363.9 348.7 349.4 329.6 337.5 322.7 310.4 285.8 278.5 257 226.2 201 194.1 187.6 183.8 180.4 171.8 162.5 151.7 144.6 134.3 128.8 124.1 123.3 124.4 124.8 123.4 149.4 163.6 163.3 156.7 154.8 174 198.5 233.1 234.9 250.6 284.1 313.4 324.8 368.2 401.4 426.5 438.5 453.6 463.9 473.2 481.2 501.1 516 524.8 531.4 532.8 523.8 511.4 488 468.1 492.6
657.5 680 667.6 638.5 616.6 595.5 578 551.4 518.3 496.6 458.5 437.6 427.6 420.4 412.9 404.1 399.6 393.8 391.7 380.3 362 372.4 369.2 341.7 338 336 321.4 301.3 293.2 255.9 224.3 218.8 211.7 207.1 201.1 203.9 185.7 172.4 161.4 144.2 137.4 134.8 129.4 125.9 128.3 125.3 124.7 129.2 145.5 149.3 145.5 153.2 172.5 218.4 221.5 227.6 240 277.8 298.9 312.5 342.9 383.2 420.8 431.2 441.7 462.7 459.9 461.4 487.7 503.5 514.4 524.6 524.2 515.1 506.1 478.6 464 485.6
675.5 681.4 658.3 641 619.3 596.3 581.4 545.2 506.8 479.2 449 430.4 420.1 413.1 404.7 397.1 391.5 387.5 383.5 369.2 376.6 383.9 372 358.6 353 349.5 337.3 311.6 280 266.8 251.5 242.7 235 232.3 221.2 210.6 197 189.1 170.5 160.6 148.8 142.9 138 135.6 134.2 126.6 126.8 131.7 143.9 150.2 143.1 157.7 191 207 209.9 211 232.4 269.2 278.2 298.3 330.5 380.4 399.5 420.2 429.6 451.6 440.4 442.9 471 487.5 500.6 506.8 507 506.2 495.2 471.4 457.5 481
681.2 666.3 659.4 638 610.5 585 557.9 525.1 493.9 459.8 437.4 424 414.8 403.8 396.5 392.9 386.3 380.8 379.1 386.5 389.2 389.1 380.3 374.6 366.3 356.3 350.4 314.1 301.1 288.9 267.3 262.2 263.6 250.9 236.9 222.9 215.1 201.3 190.6 183 161.7 156 151.2 148.4 137.8 130 128.9 130.6 160.4 163.8 151 172.6 175.6 181.3 186 190.8 204.5 252.8 258.1 286.7 317.7 348.5 379.9 404.3 414.5 433 438.6 430.5 463.6 478.1 481.4 488.4 487.3 495.6 482.1 456 450.8 477.4
655.3 651 650.7 630.8 602.2 561.5 535.5 502.8 474 447.6 429.5 418 408.7 399 393 387.3 386.7 383.8 388.2 398.7 396.7 399.2 392.1 397.6 377.8 360.5 348.3 324.8 312.7 300.6 305.3 296.5 292.3 268.7 244.6 232.8 227.7 213.4 222.9 201.1 178.6 167.8 165.5 155.3 140.2 138.1 130.3 130.9 155.5 168.4 154.3 156.3 159.1 155.8 167.4 168.4 186.8 213 230.8 253.3 288.2 321.4 349.3 376.6 400.5 421.3 426.1 415.8 450 468 465.4 475.1 472.9 479.9 470.3 436.1 451.2 478
