Assets/StreamingAssets/GeoData/Data/ng/NG91.asc
ncols 200
nrows 200
xllcorner 190000
yllcorner 810000
cellsize 50
[rows 105 to 139 of 200, columns 79 to 157 of 200]
439.2 410.6 386 361.8 340.2 318.5 302.6 289.8 278.6 271.7 278.3 289 306.3 331.9 363 401.1 430.1 482.8 507.9 536.9 570.2 603.6 640.6 617.4 560.8 513.4 483 459.5 428.5 378.3 340.2 297.7 277.7 238.6 207.8 194.6 156.6 137.8 115 94.2 73.8 65.8 61.7 49.8 44.8 46.8 47.5 38 24.1 18.7 18.2 18.6 19 19.5 20.8 19 29.7 44.9 69.4 97.7 120.6 145.2 183.8 211.5 246.7 278.7 306.7 367.6 395.8 467 491.4 477.5 552 598.3 649 684.7 719 758.4 781.5
441.8 415.4 393.3 370.2 347.3 325 308.9 294.7 284.4 275.3 280 289.4 305.9 330.1 367 402.4 431.1 476.7 505.9 524.4 555.6 588.7 613.8 619.5 585.5 541.4 503.6 486.2 429.7 392.8 357.3 326.2 289.5 250.1 224.4 203 176 157.6 131.5 111.5 94.9 76.8 70.4 58.9 48.1 38.2 40.7 29.4 22.8 20.2 18.3 18.9 19.2 19.7 20.2 21.6 20.7 36.4 50 78.5 102.5 117.9 162.4 197.3 232.3 245.8 292.8 339.2 349.2 406 453.3 448.9 528.2 598.7 630.7 663.5 697.8 724.6 749.4
459.9 429.9 405.1 380.5 354.8 332.8 315.2 302.6 292.4 282.2 281.6 291.2 307.1 330.5 352.2 384.5 423.4 459.5 499 517.3 537.3 563.6 587.2 608.8 580.1 544.3 514.2 477.1 434.2 398.6 365.8 327.1 288.4 259 242.5 212.6 184.7 166.4 151.5 131.4 106.9 89.7 65.6 51.7 44.1 33 29.3 24.9 22.3 18.1 19.3 19.5 19.2 21 23.4 24.6 20.7 28.3 41 60.3 85 95.3 150.1 185 218.3 248.3 269.4 292.7 303.7 336 388.7 440.9 534.6 578.9 610 641.1 667.1 697.3 721.5
476.9 448.7 416.9 388.6 362.5 339.6 323.5 309.9 297.1 289.3 285.4 294.5 309.6 327 350.1 375.7 405.1 439.7 475.6 515.3 526.4 546.4 562.4 583.1 583.6 552.2 522.5 476.8 445.3 411.3 374.3 340.9 308.8 279.5 251.1 219.8 199.6 179.9 161.9 139.3 122.3 90.8 65.9 54 46.4 35.3 26.4 23.3 18.8 18.1 18.3 19 20.5 22.6 24.8 30 20 26.4 35.5 48.7 63.6 81.7 128 152.5 189.3 218.8 229.6 247.9 290.5 369.5 425.3 457.6 517.6 557.4 587.7 619.7 651.3 680.9 699.2
486.7 456 427 397.8 372.2 351.5 332.8 318.9 302.1 297.7 289.2 299.3 309.9 326.7 346.1 374.8 396 421.4 452.5 493.9 520 533.2 544.5 559.3 572.9 551.7 520.4 488.3 458.5 421.1 395.1 358.1 316.7 290.3 258.4 232.7 213.8 194.5 172 149.6 122.4 93 76.6 62.7 50.4 43.4 30.6 21.7 20.5 19.5 19.7 19.4 20.4 24.1 23.6 26.2 22.4 22.1 28.6 41.7 55.4 64.1 91.6 122.8 160.7 191.9 197.1 223.9 275 348 422.4 439.7 502.2 545.8 577.5 606.1 629.3 654.6 671.5
499.1 467.5 432.7 406 383.8 361.9 346.9 327.2 310.8 303.2 301.1 302.6 312.1 327.4 344.9 367.4 389.6 416.9 441.7 470.8 502.1 519.1 530.9 542.3 553.1 535.5 517.7 486.4 459.9 431.1 392.8 364.5 335.4 297 268.2 261.8 229.5 200.7 178 154.1 125.2 99.8 84.5 67.6 54 44.8 33.1 23.8 22.3 20.8 20.6 20.3 19.7 22.2 24.2 24.8 21.9 22.3 24.1 31.3 36.6 48.7 75.3 111.8 143 161 176 201.6 235.6 320.2 382.1 430.5 497 527 568 588.2 608.7 622.3 639.1
505.3 472 440.9 415.8 392.5 370.3 353.1 335.6 318.8 313.4 312.2 307.5 314.1 328.1 346.1 365.2 382.6 409.9 431.9 454.1 481.5 503.7 515.5 534.9 540.6 533.3 510 487.8 456 431.1 409.5 378.3 344.2 305.6 274.9 260.7 239.5 205 180.9 154.6 132.9 112 90.8 76.9 55.1 44.6 33.5 27.3 24 22.6 22.1 21.5 23.1 22.3 22.6 26.9 25.7 22.1 21.4 22.9 27.3 39.6 64.1 102.4 125.3 135.8 149.1 193 240.8 290.1 338.7 413.4 475 507.7 541.8 563.4 586.7 593.3 605.8
517.7 486.3 455.5 427.4 400.8 379.2 358.1 345 328.9 322.5 316.3 309.4 318.6 327.3 346.1 359.9 379.7 403 421 442.6 462.6 483.4 503.1 519 524.2 521.2 504.3 486.2 457.1 431.9 401.8 374.2 345.4 315.5 295.2 267.2 235.2 210.2 180 159.8 138.5 119.3 97 80.2 60.2 47.3 39.1 31.1 26.1 24.4 23.8 22.9 23.5 23.7 23.1 26.3 27.4 23.7 22.2 21.9 23.9 41.7 59 87.8 102.6 113.6 125.9 175.4 218.6 268.1 321 377.4 443.1 481.8 510.3 536.1 559.7 569.3 576.8
531.4 500.9 469.2 442.6 420.5 395.7 373.8 357.1 338.9 331.2 324.1 319.3 318.1 329.3 342.5 360.4 374.5 392.4 411.3 432.3 450.2 467.5 491.6 514.9 511.5 507 498.7 479.1 450 423.3 391.4 364.8 341.2 312.8 290.5 264.6 237.3 210.1 188.5 171.8 152.4 127.2 105.7 85.6 65.4 53.6 46 35 29.9 26.2 25.7 26.5 26.1 25.1 23.8 27 27.6 26.8 24 23.4 23.3 32.9 51.2 68.8 82.8 92.4 108.8 154.5 191.4 234.9 300.6 350.5 409.1 439.3 479.4 496.5 524.2 540.4 541.8
551.7 518.4 488.1 462.1 447.1 417.1 391.2 367.7 348.7 338.7 331.7 327 326.6 333.6 340.8 356.2 370.2 386.9 403.3 421.9 445.6 457.2 475.7 499.6 503.9 489.5 480.8 466 440.7 412.3 383.6 354.4 331.1 306.4 281.6 263 237.4 218.5 198.6 181.4 156.8 133.7 108.1 87.3 74.1 61.6 50.3 36.1 30.2 28 27.2 25.5 24.6 25.4 26.7 28.1 29.3 30.4 25.1 24.6 24.4 24.2 38.4 52.1 61.6 70.4 90.2 133.1 170.4 224.4 271.9 325 375.7 399.3 441.9 469.4 489.5 506.5 499.5
578.1 538.3 506.6 484.1 457.4 424.9 398 375.6 357.6 346.1 336.9 335.4 333.6 334 345.3 355.6 367.1 380.4 397.1 416.6 437.8 450.5 471.8 487.7 495.7 481.5 463.1 443.1 415.7 390.9 367.5 343.5 322.1 298.9 277 258.2 234.1 213.9 193.6 184.4 162.8 134.5 110.3 97.4 79.9 70 53.3 40.1 33.7 31.1 29.5 26.9 26.6 28.5 29 29 30.1 34.6 28 26.9 26.4 25.9 23.7 32.8 42.6 51.2 91.1 131.5 161.7 206.4 258.7 305 347.6 371.7 393.8 419.4 446.5 470.7 468.9
599.9 564.6 521.8 491.7 464.2 431.1 408.5 382.8 367.3 355 344.7 344 338.9 338.7 348.6 359.4 367.1 375.6 390.4 407.5 427.7 441.5 468.1 490 493.8 485.7 454.4 428.3 404.4 384.4 362.6 336.5 315.1 291.6 269.8 248.1 229.3 214.4 200.7 179.9 162.1 139.4 122 104.1 87.8 73.2 55 45.4 37.8 39.6 39.1 35.8 33.1 31.8 31.2 30.1 32.1 34.8 37.2 28.7 28.2 27.7 27.1 28 30.9 34.1 82.2 119.4 145 181.3 229 285.2 312.8 338.6 366.6 392.5 419 430.2 433.7
603.9 573.8 534.7 501.5 470.2 442.2 417.2 395.5 377.8 365.6 355.9 350.9 344.6 344.5 345.9 360 366.9 373.8 385.1 399.3 413.6 435.5 458.2 486.6 496.2 480.6 450.4 427.2 403.6 382.6 359.4 333.2 306 287.3 267.2 249.8 231.6 213.3 194.8 173.9 162.5 147.9 128 112.3 94.1 74.3 63.9 52 45.4 45.5 50.4 42.6 40.6 41.3 37.9 36.9 36 39.8 45.2 32.2 30.3 29.7 28.6 27.3 29 34.8 72.2 104.2 124.7 154.7 205.3 235.1 285.1 317.9 334.7 364.2 388.3 389.9 393.9
616.7 594 558.9 509.4 475.1 444.9 424.5 409.3 389.9 370.9 365.8 359.8 356.2 353.8 351.5 355.7 368.4 374.4 380.2 393.4 406 420.3 443.1 485.7 498.2 483.1 453.8 428.5 401 383.6 364.3 338.9 317.9 293.1 275.2 255.3 234 217.7 200.2 184.8 168.9 148.2 130.7 114.2 93.4 89.5 76.9 61.6 57.1 60.8 65.9 73.8 63.6 55.6 47 42.4 40.2 41.6 44.5 39.4 34.2 31.6 29.9 29.6 31.2 30.2 56.1 83.7 107.6 128.4 163 206.9 256.3 288.3 300.2 325.3 343.4 358.6 368.3
599 583.1 558.9 517.2 482.6 459.9 433.9 414.4 390.9 387.5 380.7 377.7 371.5 363.1 360.8 362.3 367.2 372.2 378.2 391.8 400.6 410.4 431.1 461.2 491 487.7 461 436.8 420.1 410.3 386 356.2 333.9 308.6 292 271.3 248.3 228.9 207.7 188.8 168.6 147.2 133.4 118.1 102.8 89.8 78.5 76.9 83.5 92 110.1 100.7 86.8 80.7 62.4 52.1 45.3 44.9 44.8 43.7 33.6 35.7 30.6 31.2 31.8 29.9 30.9 61.8 86.8 104.8 136.4 183.9 225.1 243.8 241.6 259.3 296.2 310.1 332
591 565.7 536.2 518.4 490.3 461 432.7 416 410.1 408.4 407.4 400 385.3 374.9 369.5 369.7 374.5 380.2 381.8 390.7 396.8 406.3 426.6 462.9 488.6 497.1 481.7 452.3 434.7 421.4 402.2 376.1 349.3 333.2 317.9 295.5 265.8 242 217.8 202.8 182.1 160.9 141 121.6 108.5 101.7 103.2 110.4 121 121.5 128.9 123 115.1 100.7 80.8 65 52 48.5 47.5 51 39.9 34.4 35.7 35 33.3 32.6 26.9 32.8 62.9 84.8 107.5 142.1 174 203.9 197.8 212.4 231.5 258.5 287.8
593.6 578.4 544 511.4 482.1 460.4 444.8 434.8 436.1 439.5 440.2 418.8 404.2 389.9 377.5 381.1 385.5 393.3 395.2 395.2 398.6 412.4 440.6 468.5 485.8 510.5 497.7 483.2 464.5 444.2 423.7 396.1 368.5 354 337.5 315.8 305.3 275.2 246 223.6 202.3 179.2 159.5 137.3 122.8 121 133.4 165.8 158.9 155.6 144.2 135.8 133.4 114.3 95.4 82.7 65.8 51.8 48.7 49.4 37.4 37.5 37.1 36.9 35 35.1 30.6 30 30.4 53.8 80 110.4 126.4 147.6 159.2 172.6 181.4 201.1 231.3
594.3 580.7 550 512.8 483.5 468.8 456.9 452.7 462 460.4 454.7 437.1 418.9 401 392.6 396.5 398.6 412.2 414.2 409.3 410.2 424.7 449.2 480 502.5 518.3 531.6 517.6 506.8 470.8 445.1 417.6 391.6 372 349.6 329.7 315.5 297.1 273.5 262.4 241.1 215.4 181.1 155.5 145 146.1 157.4 190.6 183.6 183.7 167.6 154.7 147.5 130.5 118.2 98.6 76.6 56.7 49.3 45.1 40.2 38.8 39.3 36.9 34.7 37.3 32.1 30.7 30.4 27 51.4 77.6 96.8 110.3 123.9 131.7 142.5 160.5 191
607.9 579.7 558.4 524.4 498.5 486.5 480.7 478.9 475.7 472.3 466 450.1 431.8 413.2 405.8 417 425.1 439 436.7 427.8 424.4 439.8 455.7 483 524.2 534.6 559.8 547.3 533.8 499.2 466.2 432.1 412.7 391.3 373.9 350.3 330.1 308.8 285.4 269.8 250.8 227.9 192.7 171.8 166.8 171.2 186.2 197.9 203.9 193.8 180.7 171.3 152.5 141.6 134.1 110.8 85.5 60 51.7 49.2 44.9 40.1 40.7 36 37.6 38 37.7 31.4 31.9 33.4 30.6 52.3 63.7 78.4 90.2 101.1 112.4 128.8 163.1
651.9 607 574 540.8 522.4 509.3 509.9 512 518.7 516.8 494.4 476.3 460.3 464.3 469.5 464.3 461.7 477.1 462.6 442.7 434.1 452.1 476.1 508.2 538.7 562.4 570.7 574.4 561.5 527.3 485.7 452.4 429.1 413.4 395.7 379.7 348.9 322.5 297.8 277.4 255.2 234.1 215.6 204.9 205.6 216.7 210.9 197.7 196.7 189.2 180.2 168 155.3 140.7 128 108.7 86.2 65.6 55.8 54.8 53 41.6 41.5 37.3 41.3 43.7 41.8 38.9 35.9 36.6 37.1 32.9 44.4 57.9 64.4 73.3 86.1 102 124.8
689.9 659.7 612 579.6 571.3 555 554.5 557.7 571 570.7 554.3 539.2 524.6 513.8 509.1 488.1 502.6 511.3 483 456.9 451.1 462.9 491.7 525.9 555 578.5 581.7 582.5 582.4 549.1 503.7 482.8 473.8 444.5 413.4 390 371.8 337.3 311.1 288.4 277 252.1 230.9 227.9 232.5 229.6 217.2 204.4 200.1 191.9 181.3 166 147 140.2 129.9 105.5 88.2 70.7 63.1 57.7 50.9 44.6 47 46.5 45.6 45.7 47.2 45.4 37.6 38.4 37.1 34.5 36.7 39.1 46.8 56.2 66.5 83.6 114.1
680.7 659.8 633.1 612.9 597.5 582.6 586.4 609.4 635.2 631.8 631.7 608.8 574.1 556.4 539.6 534.1 536.5 515.8 494.9 482.2 474.1 496.6 512 533.2 568.4 590.4 601.6 597.5 594.4 568.2 533.2 515.3 493.2 467.6 429 407 382.6 356.6 342.3 314.2 285.8 263.8 247.5 236 237.8 241.8 237.6 221 212 196.4 177 156.5 146.6 142.2 124.6 104 89 76.1 65.9 60 56.1 49 50.6 49.9 49.6 51.1 50.6 48.7 41.5 37.4 40.3 35.9 33.4 34.4 38 44 53.8 78.6 113
693.5 682.9 659.3 651.5 623.4 624.6 626.4 670.2 681.9 669.8 652 628.8 608.2 575.5 567.5 555.1 539.6 521.2 499.5 496.2 511.6 521.4 534.7 561 575 599.7 609.4 606.1 598.6 583.2 559.2 539.5 517.3 476.3 437.5 414.2 390.8 366.9 342.2 315.7 297.1 277.5 264 250.9 248.4 242.8 223.8 219.2 209.2 199.8 178.5 160.4 148.9 135.9 120.2 102.1 86.1 76.4 70.1 61.8 53 51.3 54.2 54.2 54.7 57 55.5 53 47.6 46.8 47.3 43.1 36.6 35.8 35.9 36.2 44.2 71.8 98.7
721.8 701 686.8 682.1 647 653.5 687.2 682.2 659.8 648.8 634.8 616.6 601.1 594.1 565.5 550.7 540.5 519.9 501.9 512.7 528.7 534.7 550.9 571.3 594.2 607.1 607.3 608 604.8 591.9 571.8 546.9 514.1 476.4 438.5 413.7 382.4 357.9 340.4 317.5 303.9 284.5 270.5 255.2 249 244.7 229 211 200.9 188.1 166.6 157.2 145.2 130.3 115.6 101.6 88.3 78.2 69.7 61.9 55.5 55.6 57.3 59.4 62.9 66 64.1 61.5 57.5 55.2 58.3 56 52.3 47.4 46.1 43.7 36.2 50.6 78.2
737 722.2 706 686.4 684.4 691.9 687 669.2 647.9 632.3 626.3 607.3 588.4 572.2 558.9 547.5 532.7 520.7 517.1 524.4 542.5 552 571.9 590.8 602.3 611.3 603.7 603.7 604.3 583.7 558 524.4 488.8 458.3 424.7 397.2 372.3 348.3 332.3 313.6 292.3 278 261.9 255.9 241.5 232.9 218.7 197.7 179.7 165.2 148.6 146.6 147.3 132.7 112.9 98.6 89.4 78.6 72.5 67.4 66.2 60.4 60.8 68.3 75.7 92.3 88 85.3 74.1 69.8 69.8 71.6 73 69.8 63.5 54.7 53.8 45.5 45.1
733.5 727.8 716.4 717 706.8 686.6 679.1 670 652 635.3 616.3 601.6 580.1 568.5 567.5 551.4 539.6 531.8 533 544.8 549 572.1 592.1 603.7 609.8 606.7 588.7 579.8 577.5 555.3 530.6 494.5 466.1 436 409.8 384.2 363.4 344.4 323.5 302.8 284.8 266.9 254.6 242.7 227 214.2 195.9 174.8 161.1 149.6 144.4 131.8 120.7 116.8 112.4 100.9 90.5 89.2 89.5 83.4 74.9 73 64 74.3 90 107.3 106.2 99.9 93.3 87.6 84.7 88.3 93.6 93.7 90.9 79 64 57.8 49.3
741.9 728.3 713.6 708.9 702.4 687.1 678.1 671.8 655.2 646.5 633.8 619.6 605.4 595.8 585.7 573.8 564.7 566.7 561.8 570.9 563.3 595.6 612.1 613.3 606.4 588.5 569.1 545.5 533.7 515.3 494.2 467.8 446 425.6 401.2 378.7 358.2 341 326.5 301.9 285.7 268.9 257.8 235.9 216.8 198.8 180.7 168.6 165.5 168.4 155.7 145.3 133.9 125.9 115.7 109.5 105.8 104.4 100.4 106.6 92.9 78.2 73 79.5 94.1 112.4 116.1 118.2 113.9 100.9 107.8 118.9 117.7 122.3 115 107.2 88.6 75.3 58.1
754.6 739.1 726.5 715.2 702.6 688.6 677.8 670.2 664.2 658.9 660.1 659.3 647.5 625.1 620.1 605.9 607.8 603.4 590.4 579.2 580.1 605.3 612.2 590.3 570.6 553.4 540.1 517 497.4 487.1 473 455.8 439.6 424.4 403 379.3 359.6 349.8 336.4 314.9 295.4 282.3 261.6 240.1 220.4 203.3 185.1 185.2 187 183.3 167.7 154.1 141.7 132 124.1 122.7 125.9 128.2 127.7 117.8 99.8 87.6 79.1 83.2 100.3 115.6 129.9 138.6 131.2 125.8 141.3 141 136.3 142.8 132.8 123.6 107.9 93.4 75.2
780.9 762.9 732.9 726 713.2 699.7 686.9 683.1 681.4 685.1 699 692.6 670.7 651.4 649.3 636.1 629 614.6 592.1 585.4 592.1 600.5 588.1 567.4 550.1 530 510.4 494.8 470.6 461.7 454.9 448.6 439.8 431 406.9 396.7 379.6 364.1 339.5 318.9 298.1 284.3 268.4 246.1 226 204.3 208.8 206.3 201.9 194.6 180 164.7 153.9 146.8 139.6 143.4 163.1 161.3 152.2 130.7 104.6 90 84.2 87.3 107.4 123.1 135.5 151 155.9 163.1 168 166.7 162 158.1 147.5 136.7 126.1 114.1 100.4
788.6 762 759.7 755.1 757.4 736.5 708.1 700.6 699.9 713.2 715.8 705.4 685.9 672.4 656.3 636.1 621.3 606.7 596.9 595.3 601 593.3 577.5 557.5 540.6 516.4 492.1 471.5 455.5 449.1 441.1 428.3 419.6 416.2 410 390.5 373.7 354.2 333.3 310.1 288 266.3 245.6 232 225.3 225.9 228.9 225.3 216.2 203.8 192.9 180.5 172.7 165.8 163.4 171.9 188.3 191.5 165.2 130.2 105.8 94.1 89.1 88.3 111.6 131.3 149.4 159.5 185.4 192 189.2 194.3 195.8 181.3 168.8 153.5 144.2 141.4 127
800.9 786.9 786.9 792.8 788.1 769.2 740.1 727.4 734.9 744 731 708.9 682.2 664 648.5 632.6 622.9 616.6 609.6 615.4 607.2 594.1 567.8 551.9 537.7 509.5 483.1 462.3 450.8 445.2 430.6 409 398.6 384.8 376 365.1 351.8 331.5 312.3 286.2 268.3 265.5 265 258.8 253.2 251.2 248.3 243.4 234.3 225 215.7 204.9 199.3 195.6 197.1 205.5 207.2 203 171.7 138.7 111.4 101.1 92.5 87.5 109.9 135.1 160.4 175.3 187.7 202.4 207.5 220.9 229.9 217.7 196.3 176.5 172.1 165.5 152.2
823.5 831.6 834.6 827.8 826.8 806.1 789.5 777.3 787.9 786 757.8 732.2 701.9 675.2 649.3 634.3 625.8 620.4 616.6 614.3 596 579.6 565.7 550.5 533.3 504.1 481 469.9 463.9 462.5 444.4 412.6 386 364.5 349.7 335.3 328.5 315.2 297.8 291.8 295.1 297.9 295.8 286 281.4 277.6 272.3 268.1 261.5 251.1 247.4 244.1 245.7 243.1 244.3 233.4 223.9 201.9 178.3 142.8 122 109.8 97 92.9 117.1 142 169.3 193.6 202.2 208.9 220.7 239.7 246.5 244 223.2 201.6 197.6 190 177.2
872 869.9 901.7 902.2 884.2 855.4 845.3 815.4 814.6 812.3 780.1 747.1 727.9 704.4 668.5 641.3 639 634.1 624 613.4 595 581.3 572 550.9 536.2 511.9 493.8 488.7 486 473.9 450.6 426.1 398.2 385.6 375.5 355.8 336.4 324.2 317.5 316.6 323.6 325.3 321 323.2 316.4 307.1 303 295.9 293.2 282.2 280.9 277.8 278.1 275.6 266 247 226 203.3 174.3 151 135.6 121.9 102.3 99.9 122.5 151.2 179 202.5 220.5 225.6 239.4 268.7 274.3 263 242.1 231.4 226.1 225.5 210.5
936.4 940.3 944.7 900.3 871.5 835.9 799.7 772.4 763.2 778.8 763.9 739.5 709.6 688.8 675.3 660.8 647.7 632.9 615.9 615.6 606.3 593.4 576.7 560.8 543.6 530 517.7 512.9 503.5 482.1 457.2 430.1 411 411.3 396.3 376.5 363.8 354.4 347.8 341.8 351 354.3 362.7 362.4 357.9 344.1 341.4 335.8 330.7 320.5 313.3 306.2 305.8 292.5 272.6 252.5 229.7 204.6 182.2 156.5 141.9 117.7 105 112.7 132.9 156.3 183.8 212.8 240.8 251 267.7 288.9 296.4 279.8 265.7 263.7 259.2 247.8 219.7
924.3 937.6 906.4 865.9 835.7 812.6 778.9 747.4 728.9 722.6 709.3 693.2 678.5 666.6 665.1 646 630.2 617.7 609.7 611 611.3 591.7 578.8 568.5 553.2 542 529.6 521.5 506.7 485.3 457.9 439.5 436.8 431.4 411 399 394.5 391.7 384.2 375.4 383.7 389 396.9 403.3 398.3 384.7 385.7 374.7 374 365.2 352.2 335.1 325.8 305 275.7 250.4 227.8 201.1 178.7 153.9 123.7 116 127.2 128.2 139.4 161.4 190 221 269.1 292.8 307.9 307.7 312.3 301.8 294.1 294.4 272 258.9 254.4
