Assets/StreamingAssets/GeoData/Data/ng/NG92.asc
ncols 200
nrows 200
xllcorner 190000
yllcorner 820000
cellsize 50
[rows 70 to 104 of 200, columns 0 to 77 of 200]
387.7 395.1 394.3 393.9 394 400.1 397 397.7 407.3 415.3 420.1 422.7 417.2 414.8 417.4 424.6 430.7 438.5 429.2 427.1 425.1 418.4 407.7 400.1 392.6 393.1 408.1 420.7 440.7 458.9 481.5 489.2 486.6 495.7 500.9 496.7 505.9 526.5 533.7 539 546.4 550.1 565.8 561.4 566.9 548.2 545.7 553.8 585.1 616.9 618.2 629.4 625.6 616.6 604.1 586.8 574.6 565.2 562.1 550.9 539.8 529.7 520.5 512.4 508.7 502.3 502 501.2 504.1 513.3 521.5 517.2 526.7 530.2 526.6 532.8 545.4 535.4
388.4 391.5 392.4 393 394.3 396.5 401 418 433.2 443.4 435.8 445.2 445.3 436 438.5 448.3 441.7 438.7 440.7 438.6 437.4 428.9 421.2 412.5 407.8 409.5 404.7 423.8 437.7 449.5 461.1 473.7 477.6 487.7 491.7 495.2 500.8 522.6 532.9 555.7 559.5 554 551.8 553.1 551.7 542.3 543.1 555.9 569.7 598.3 610.3 627.1 623.2 614 605.8 587.6 578.3 572.5 558.5 547.8 533.8 528 519.5 516.7 514.8 506.4 505.6 510.4 520.3 528.4 532.5 536.5 544.8 548.3 539.3 541.2 538.1 535.4
401 412.7 416.8 423.3 423.6 414.3 428.5 435.7 453.3 448.2 453.8 466.7 457.8 448.4 456 467.8 460.4 454.2 441.3 438.7 433.5 430.1 424.4 419.7 424.1 424 426.8 413.8 435.5 439.2 443 461.1 481.9 496 496.1 506.7 515.8 523.5 526.8 543.6 553.4 570.6 561.9 544.2 538.1 535.5 539.2 556.3 564 569.9 586.6 605 613.5 604 597.3 589.8 581.7 570.4 558.1 547.5 532.8 528.1 519.1 519.3 515.4 513.3 514.3 522 532.6 546.9 549.6 555.6 558.9 564.2 553.6 553.2 548.4 538.9
404.6 426.4 440.5 436.9 423.5 436.1 450.4 449.3 443.9 452.8 468.8 461.8 472.3 469 477.9 482.5 487.8 470.7 456.4 441.4 434.2 430.3 427.1 422.9 426.4 431.4 436.6 428.5 426.1 439 449.4 460.1 475.2 498.2 501.2 531.7 532.1 527.5 527.8 531.1 552.1 555.4 553.9 544.2 540.3 534.1 535.3 549.4 561.5 569.3 576.5 589 602 597.1 592.5 583.5 574.8 569.1 558.5 545.2 532.4 525.5 524.5 523.6 520.4 517.7 519.9 529.4 545.9 559.2 564.8 570.9 574 574.3 570.1 564 555.7 542.3
407.3 417 427.8 432.8 422.2 438 444.6 445 444.4 454.8 460.3 466.8 482.2 483.9 492.4 482.1 480.1 484.5 471.3 453.6 437.2 432.5 429.6 430.7 429.4 435.2 433.2 433.1 430.5 436.1 444.5 454.1 468.3 476.2 491.8 522.8 531.2 529.6 538.7 536.3 536.9 550.6 557 542.1 536.8 535.6 540.1 542.5 552.3 568.5 571.5 581.9 578.8 579 581.1 577.6 566.3 565.5 554.7 542.8 531.4 525.3 522.9 523.3 522.3 518.6 523.7 536.9 555.4 572.3 584.4 586.8 585.5 578.8 575.3 570 557.1 545.5
411 410.6 412.3 413.5 416.2 423.7 428.3 434.2 440.8 446.8 452.6 457.3 459.4 468.2 478.8 487.9 485.9 485.1 473.4 460.5 442.7 434.6 433.8 438.2 440.4 442.1 439.3 438 436.8 437.5 442.2 450.5 457.2 470.5 496 514 523.5 543.8 551 554.5 547.2 541.8 547.4 540 533.3 539.2 547.7 551.1 561.5 556.2 558.9 562.2 568.5 572.1 570.9 575 566.5 558.8 550.8 535.4 526.8 520.9 520.6 520.9 518.5 518.1 525 536.6 549.2 570.3 589.1 595.7 594.6 581.7 579 571.2 555.5 546.5
418.7 432.4 421.3 413.1 415 420.2 422.1 428.2 439 446 448.2 449.4 453.1 458.2 461.8 463.5 471.1 475 473.9 461.1 448.6 442.7 442.5 454.7 462.9 469.9 455 448.8 449 442.8 449.7 457.7 466.4 485.4 494.5 507.8 519.2 539.3 562 573.7 570.4 555.8 534.6 532.8 532.8 534.8 546.1 570.3 565.2 566.9 556.8 556.1 558.3 555.9 561.7 562.1 559.7 554.1 542.1 525.9 516.2 516.7 516.7 515.1 515.8 516.7 528 540.2 552.4 565.3 581.4 589.6 586.9 585.5 576.1 565.7 554.6 547.9
425.6 427.8 424.8 424.7 429.5 438.1 438 440.2 445.6 452 460.7 453.2 458.5 457.3 468.5 476.1 475.8 470.6 467.5 466 456.4 452.8 448.4 458.2 473.9 477.6 465.5 464.9 455.1 457.6 462.5 466.6 483.4 505.7 516.6 511.6 516.9 531.7 552.4 560.3 568.5 562.7 544.5 532.8 532.8 532.8 540.4 560.3 566.1 571.7 562.8 568.2 551 553.2 552.3 555.6 551.1 544.6 534 519 511.9 511.8 513.5 513 514.1 524.8 539.5 552.7 564.2 567.4 569.5 574.9 574.1 575.9 570.4 557.4 549.9 547.8
413.3 424.1 440.4 438.7 441.4 440.3 438.9 443.2 453 462.1 471.3 469.6 464.4 459.5 466.1 482.5 494 499.7 484.9 473.2 470.6 469.6 463.3 462.2 467.3 467.2 465.2 464.1 472.1 478.7 501 523.5 509.1 525.5 531.8 538.1 532.5 530.6 539.4 553.9 557.4 555.3 553.9 537.7 532.8 532.8 540.7 548.5 557.7 564.2 558.8 563.3 557.2 550.8 548.4 545.5 544.5 539.3 530.7 515.8 510.7 512.7 513 515.2 518.6 531.2 552.2 562.8 572.3 581.8 578.4 569.4 566.9 564.6 563.9 554.9 554 545.7
416.1 416.6 421.7 433.5 439.2 441.6 441.6 445.7 452.3 464.4 477.9 474.6 470 465.9 467.5 472.4 483.5 490 482.7 478.9 484.7 481.8 493.2 487.4 479.8 468.8 465.8 472.1 490 509.8 526.2 572.1 574.3 559.4 555.7 549.5 547.3 542.8 542.7 555.9 561.5 554 545.9 537.9 532.8 532.8 532.8 541.5 550.4 554.7 551.6 551.2 561.3 560.8 552.5 547 539 526.9 519.4 512.2 508.8 513.7 515.6 517.9 523.5 533.5 549 567.3 574.1 575.7 571.9 572.6 567.3 565.8 562.8 555.9 553.7 545.5
428.1 429.3 435.3 435.9 445.3 445.2 444.4 445.8 456.8 462.3 479.4 474.2 468.9 467.4 470.7 482.6 485.2 481.9 484.7 487.3 492.3 481.7 491.2 493.3 485.9 473 467.6 472.9 493.3 508.1 542.1 599.9 610.6 609.9 595.6 579 559.7 548.5 552.8 560.7 560.7 550 544.2 536.5 532.8 532.8 547.4 555.9 552 544.9 544.6 548.5 565.4 560.4 551.1 545.8 539.5 528.5 513.1 509.3 503 507.1 511.2 515.3 522.2 529.9 545.4 564.8 570.6 568.2 569.5 570.8 569.4 559 549.8 551.9 545 543.4
444.5 457.5 454.3 454.5 441.3 442.6 446 450.7 459.5 467.1 475.6 472.5 467.5 469.9 470.4 484.7 480.1 483 482.6 485.9 486 480.1 482.3 482.1 475.6 472.5 474.8 483.8 488.7 498.5 523.8 588 609.5 614.2 623.8 615.1 581.6 562.2 555.9 557.4 557.2 556 545.7 536.3 533.2 543.6 558.3 549.1 546 546 545.7 559.1 554.7 556.6 557.2 549.8 538.6 528.1 514.2 501 498.4 502 506.7 512.3 518.2 525.8 543.3 560.4 562.9 563.9 564.7 566.7 564.5 550.7 543.5 540.6 544.1 545.3
479.1 470.5 463.3 462.2 457.7 449 451.3 463.5 476.9 475.6 474.1 467.3 467.3 470.5 473.9 484.4 487.4 491.1 488.3 479.5 476.2 475.7 478.1 474.9 479.2 485.1 489 514.2 507.7 505.2 516.7 540.2 588.7 603.7 619.3 620.4 617.7 596.4 574.9 558.2 553.2 551.6 539.8 538.9 533.7 538.9 553 547.3 542.4 546.4 548.1 553.5 555.8 551.6 556 547.3 535.5 526.1 516.6 505.5 493.7 494.9 502.3 508.7 513.7 524.6 542.9 562.9 567.3 562.8 562.1 562.1 555.4 547.6 537.5 539.7 545.2 549.1
480.8 478.3 473.3 467.3 464.8 456.7 458.6 464.5 475.4 490.7 473.5 467.3 467.3 467.3 469.1 474.2 480.8 484.7 483.2 481.5 476.5 471 465.6 466.4 478.4 490.5 491.2 509.5 517.6 510.3 511 526.2 569.2 579.6 589.7 605.4 609 602.9 581.5 567.1 552.1 544.2 535.5 532 535.3 537.2 545 539.5 539.5 543.6 556.1 553.9 547.9 548.1 548.1 539.7 531.6 524.2 517.5 505.5 495.9 490 493.6 502.2 506.7 520.3 540.2 553.5 561.5 556.7 560.1 554.7 545.6 538.1 533.8 538 549.4 557.5
484.4 483.6 489 480.3 472 465.1 458.4 458.8 459.5 482.7 477.6 482.4 470.3 467.3 467.3 485.1 490.3 502.1 488.2 482.3 477.1 468.7 461.7 460.7 471.3 491.9 491.2 506.8 516.9 510.6 512 517.7 559.5 577.6 568.4 580.6 587.1 582.3 577.9 576.3 555.6 538.5 534.6 531.1 529.2 532.2 536.6 538.5 540.2 540 538 544.2 547.5 543 536.5 532.8 523.3 519.7 516.1 502.4 492.8 481.3 489.1 492.8 497.5 515.3 536.4 551.9 554 554.6 558.7 549.8 539 531 532.3 544.4 553.6 557.9
492.2 496.2 493.7 490.1 478.7 471.3 469.6 461.4 455.5 454.6 474.9 474.5 468.7 473.9 470.4 482.6 500.9 514.9 504 491.6 479.3 468.9 462.4 461.8 474 491.4 499.9 501.8 505.7 512.2 511.7 514.3 531.2 560.8 569.3 568 568.5 571.9 570.5 569.6 552.4 539.6 534.9 524.6 520.9 521.7 530.9 540.9 537.4 533.3 536.9 536.5 537.6 538.5 530.5 521.8 515 515.3 506.4 495.2 484.4 475.8 478.4 481.3 490.2 504.3 526.3 537.1 543.6 542.5 545.7 544.9 531.5 528 537.5 544.2 551.6 558.1
493.2 495.6 499 497.2 488.5 476.4 469 462.9 460.9 453.5 454.9 458 464.4 469.4 469.2 469.6 479.2 490.4 491.7 485.1 482.7 471.2 464.5 459.8 461.9 486.2 496.3 495 505.6 507.5 509.9 514.3 524.7 548.8 560.9 570.2 567.2 560.8 564.9 559.2 549 548.3 532.5 524.6 516.7 525.8 528.3 527.5 528.5 529.7 532 531.8 527.2 524.9 526.8 515.3 505.3 505.5 496.4 484.4 471.7 462.3 468 473.9 484 495.1 513.6 523.8 532.3 529.7 529 530.1 521.3 521.9 531.6 540.2 552.9 556
495.4 500 505.2 501.3 494.9 488.2 474.4 466.7 459.3 455.3 453.9 453.5 461.9 467.3 469.4 477.3 478.2 486.6 486.6 478.7 483.2 474.1 466 458.4 459.8 464.4 477.3 486.5 503.2 512 513.6 517.6 525.9 532.5 542.9 558.7 567.4 563.1 559.7 551.4 563.3 552.7 537.4 519.3 513.7 515.7 522.5 529.1 523.8 527.7 536 537.8 530 517.3 516.4 509.6 501.2 498.2 485.8 469.4 456.9 450.2 454.8 463.5 478.1 487.1 499.5 512.3 516.8 519.7 519.5 519.9 511.5 516.8 528.7 543 551 546.2
505.2 501.9 506 505.3 497.8 491 483 481.1 470.5 470.8 461 455.8 455.3 465.1 468.4 485.8 488 494.7 483.8 478.3 479.6 473.9 463.1 457 457.1 460.5 463.5 468.6 486.1 518.9 520.6 521.4 520.9 525.1 543 567 569.5 566.9 555.5 552.4 563.3 552.4 538 519.4 511.5 522.7 514 516.4 521.5 523.9 521.4 527.8 524.5 515.4 501.9 499.9 497.8 488.3 480.5 464.1 448.5 439.9 441 446.4 462 479.9 492.4 498.3 501.4 508.8 512.6 503.6 488.7 507.6 524.7 541.7 538.4 535.3
502.4 511.2 505.1 498.4 494 494.3 504.2 513 502.6 478.5 466.7 458.1 453.5 460.7 460.6 465.5 484.5 490.9 486.4 481.7 484.7 475 465.7 457.5 458.3 456.8 455.9 460 473.8 511.5 511.3 521 519.7 521.7 538.6 558.3 560.8 554.2 543.6 549.9 551.9 545 535.5 519.6 511.6 509.7 509.9 512.2 518.3 527 529 517.4 514.2 508.2 500.4 489.9 486.8 482.3 469.4 453.2 442.6 423.4 435.9 436.2 448.8 463.2 474.1 485.8 498.1 495.2 500.1 490.1 482.8 497.7 523.8 530.2 528.6 523.9
496.8 504.1 500.3 492.7 495 521.5 522.6 519.6 510 486.9 468.5 462.3 461.3 449 455 453.6 469.8 478.6 484.6 479.8 480.6 480 483.3 470.7 457.5 452.6 449.3 452.7 477 498.5 510.5 514.2 519.9 550 552.8 554.1 551.3 544.7 539.7 543.1 549.6 546.1 530.9 518 515.6 510.2 505.8 506.8 516 517.1 514.7 516 510.7 500.5 497.3 486.1 472.8 474.5 459.5 445.5 427.6 419.6 421.9 425.9 433.3 444.4 454.1 469.8 488.7 491.2 478.4 472.5 469.1 485.5 508.4 513.2 512 524.8
484.1 492.5 495.4 490.9 505.8 514.4 517.4 512 508.7 496.6 474.3 467.3 460.7 453.4 447 446 449.7 451.7 472.6 471.6 481.8 502.6 492.4 475.5 460.9 451.3 449.3 449.5 485.6 521.7 513.9 518.8 552.7 564 556.8 544.4 545.3 540.4 555.2 550.6 553.3 536.5 530.6 516.5 525.5 517.1 501.6 503.6 505.4 506.3 513.1 511.5 506.6 502.1 491.4 479.2 462 460.7 450 432.5 421.7 405.3 405.9 410 415.3 420 435.6 458 468.3 474.4 467.4 456.2 456 472.2 492.9 494.2 501.8 518.3
468 480.4 483.2 492.2 505.6 512.4 512.4 508.2 501.6 492.8 482.6 474.5 468.1 459.3 453.8 446.3 446.1 447.3 446.1 462 474.9 487.5 494.8 481.9 467.2 454.2 449.3 451.5 487.4 516.2 527.8 528.4 557.1 560.6 556.9 547.7 537.9 542.5 558.2 546.1 537.7 530 524.9 508.9 519.4 526.9 516 496.9 484.9 489.8 504 504.6 502.1 508.1 491.8 473.1 453.8 445.3 439.3 423.4 407 400 399.9 395.6 397.6 405.3 419.2 435.2 443.9 451.9 457.8 450.7 436.9 457.2 473.9 473.9 480.2 515.5
442.9 458.5 475.1 493.6 505.3 510.3 510.2 507.2 506.2 496.2 488.7 485.2 475.6 470.5 457 450.7 446.1 446.1 446.1 453.3 463.3 473.7 478 478.1 470.1 455.6 449.3 456.7 489.5 521.6 556.1 545.5 551.5 560.2 551.4 538.7 531.3 549 547.5 544.2 531.3 518.5 512.9 500.9 512.8 518.9 518.6 513.4 482.8 467.5 472.1 480.5 481.3 475.5 479.3 464 444.3 430.8 427.7 413.9 396 384.2 387.2 385.5 385.1 394.9 403.3 417.5 429.7 444.8 448.8 443.7 428.4 442.4 453.9 449.1 466.2 490.6
418.4 439.2 475.6 487.7 509 513.5 511.1 515.5 507.9 498.6 492.9 488.2 487.2 471.7 461.2 451.3 446.1 446.1 448.6 462.2 456.6 455.5 463 476.5 470.6 456.9 449.3 460.7 493.4 545.9 541.1 540.9 554.7 549.2 537.1 523.7 524.5 545.9 541.1 527.8 522.5 508.2 498.7 491.6 510.7 519.2 517.8 513 495.6 462.4 444.9 453.6 459.3 459 460.3 448.8 431.7 412.1 408.8 399.8 384.1 370 372.6 368.2 373.4 378.1 390.4 397.8 417.8 432.4 430.6 428 417.1 427 426.8 428.5 445 472.8
393.6 422.6 462.7 490.8 507 511.7 518.7 519.8 513.2 505.3 496.9 489.5 487.2 467.6 455.2 448.8 445.8 455.6 465.2 451.5 453.4 453.7 449.6 456.2 465 453.8 449.7 465.1 505.8 531.7 528 526.4 533.4 534.8 522.3 509.4 518.6 530.1 528.8 522.7 508.1 497.7 489.5 487.5 491.3 516 508.5 507.7 491.1 474 440.4 415.4 432.3 439.2 435.3 431.1 416.8 403 398.2 386.5 375.8 360.6 360.2 356.3 358.9 364 373.9 383.9 395.8 405.1 411.5 415.3 404.4 404.9 409.1 411 432.8 451.7
382.3 411.1 447.5 475.2 488.7 509.9 518.4 523.4 514.7 505.6 494.3 489.1 474.5 458.4 450.8 443.6 449.8 457.8 461 459 452.6 453.2 459.7 449.3 444.9 449.6 461.7 468.4 491.9 510.6 520.1 521.9 516 523.6 512.4 496.3 502.8 508.8 511.3 509.2 496.2 481.4 474.3 481.9 485.7 486.2 501 488.2 476.5 459.8 439 418.6 393.4 415.4 413.7 416.4 403.1 391.2 382.7 370.2 357.4 350.4 352.2 349 345.4 354.7 361.2 369.3 376.3 394.8 404.7 399.2 389.1 387 391.8 397 414 423.7
364.9 395.1 428.4 457.6 479.5 496.8 505.1 509.5 508.5 499.4 486.8 483.8 475 458.2 452 442.2 445.2 451 468.4 472.2 482.7 470.6 453.8 447.9 436.4 455.1 464.9 468.1 478.1 491 503.6 519.9 508.5 504.5 494.5 484 495.4 492.3 500.7 486.9 474.7 464.1 455.2 453.2 482.3 489.7 477.5 472 457.1 436.5 425.2 413.7 385.2 383.2 390.2 392.2 392.9 378.6 367.8 361.6 347.5 336.7 337.6 333.1 332.5 336.6 343.3 356.2 363.6 375.1 385.9 377.6 372.6 366.6 376.4 382.1 391.9 398.9
354 377.8 408.7 435.4 465.2 485.5 497.5 499.6 495.2 492.5 482.1 467.1 465.7 454.4 448.5 442.4 442.4 445.5 479.3 481.6 478.4 474.1 460.4 447.1 432.6 435.2 443.2 456.2 453.5 468.2 484.7 499.2 495 488.7 472 471.2 481.4 477.7 469.8 459.1 446.5 436.9 429.8 427.2 420.6 445.8 453.9 430.6 432.1 409.2 396.3 399 378.8 353.5 364.9 366.2 374.4 361.5 351.9 344.1 335 328.3 325.8 321.5 321.2 324.6 333 341.5 347.1 356.7 362.3 361.8 357.6 355.7 360.7 367.3 375.9 385.1
331.2 360 395.4 414.4 429.6 461 476.3 481.2 479.2 477.2 472.3 460.5 450.7 443.4 446.3 442.4 442.4 445.3 457.3 474.5 477.6 476.5 460 446.4 435 428.1 430.4 431.3 451 467.5 477.1 485.1 477.8 466.1 461.4 457.4 463.9 463.6 455.1 432 419.1 407 396.8 395.9 385.1 389.1 399.3 395.6 380.6 373 370.9 361.4 364.7 338.1 338.6 338.9 338.3 339.8 331.2 328.6 324.8 320.2 317.5 316.3 316.6 320.8 327.6 332.2 337.7 342.3 347.4 350.8 351.8 349.9 351.4 357.2 365.1 372.5
299.4 328.3 368.4 392.2 413 432 461.2 467.4 463.6 463.5 457.3 449.9 443.2 442.4 442.4 442.4 448.7 453.5 470.1 459.7 462.4 460.4 460.5 445.5 432.5 427.3 421.3 419.1 433.9 454.2 459.4 464.6 470.7 461 446.8 437.6 443 439.4 426.1 410.8 399.5 382.2 367.4 362.5 356.2 356.4 364.6 357.9 346 338.9 336.4 328 325.3 320.5 314.9 311.8 314.2 316.1 315.2 317.6 315.1 315.7 313.6 314.1 312.1 315.9 321 327.4 331.6 337.4 341.4 344.3 346.5 346.5 349.1 355.8 364.7 368.7
278.8 309.3 338.7 368.9 396 414.5 430 449.2 451.3 450.6 450.5 443 442.5 444 449.9 458.6 456.3 455.7 455.8 465.4 466.3 457.1 450.5 440.8 429.7 426.7 427.5 416 415.7 427.8 430 450.5 453.4 443 424.5 415.7 415.9 408.4 403 389.6 375.6 361.5 345.4 340.4 332.9 329 324.4 324.8 318.7 310.3 307.6 307.3 306.3 305.5 301.9 301.8 302.5 306.4 310.6 308.9 309.2 310.1 311.9 311.5 311.2 311.3 321.7 325 333.1 340.1 341.6 342.3 342.3 344.3 349.5 356.5 364.3 369.9
264.5 292.4 319.8 353.9 368.8 397.9 417.2 427.3 438.7 445.3 441.1 430.3 455.3 470.7 482.6 484.3 461.3 457.9 451 468.6 471.6 461 446.3 434.8 429.6 420.1 417.6 413.1 406.6 404.7 411.7 431.1 425.8 425.1 408.1 401.9 392.1 396 385.7 373.7 355.9 344.9 328.6 323 316.5 307.6 303.1 298.4 295.5 294.9 291.5 292 297.5 300.9 306.4 306.2 303.8 304.3 304.5 307.5 307.6 308.4 308.9 310.8 312.2 316.9 325.7 334.9 339.3 342.6 346.6 345.4 346 353.5 360.4 364 366.7 368.4
249.4 273.9 301.7 330 353.3 376.5 404.8 424.8 427.9 434.9 433.4 419.6 457.1 457.1 466.6 468.5 448.9 440.1 436.5 444.1 451.8 454 444.8 435 426.2 410.7 408.4 412.4 411.1 402.7 408.8 412 410.9 404.2 399.9 385.3 363.1 370.9 362.8 357.1 343.9 328.4 313.8 303.6 297.8 290.8 288 290.3 282.6 286 290.6 297.2 302.7 312 318.7 318.5 317.9 310.4 308.1 310.7 311.9 310.9 310.4 311.7 319.7 326.2 335.2 343.3 348.6 351.9 356.3 355 356.5 369.8 378.4 378.1 376.1 375.8
242.7 268.4 294.4 316.9 337.8 364.2 378.6 402.9 412.6 419.9 408.9 405.1 439.6 432.9 424.9 415.8 415.4 423 420.3 444.2 450.2 439.3 431.7 431.8 424.8 409.5 401.2 405.9 401.7 397 384.6 386.2 386.2 393.3 395.2 370.6 347.7 342.9 336.8 331.4 320.4 309 295.3 291.3 285.8 286.3 284.3 281.1 284.6 288.4 296.1 306.9 315.5 326 332.4 334.5 325.7 320.9 314.2 314.1 314.3 313.8 312.9 317.1 329.6 338 346.7 361.1 362.7 366.8 373.2 373.2 372.9 396.7 404.3 396.9 394.9 393.1
