Assets/StreamingAssets/GeoData/Data/ng/NG96.asc
ncols 200
nrows 200
xllcorner 190000
yllcorner 860000
cellsize 50
[rows 105 to 139 of 200, columns 78 to 155 of 200]
580.5 571.5 575.1 564.2 559.9 561.7 546 540.7 541.1 528.6 529.2 519.9 524.7 492.4 440.1 402.2 373.5 352.9 338.2 327.6 313.6 299.1 282.6 269 258.1 243.8 230.5 216 211.4 202.3 197.7 191.2 184.8 179.2 168.1 163.7 160.5 162.4 162.8 164.3 167.6 169.9 175.7 174 163.3 190.8 209 218 235.7 252.3 267.5 288.2 306.1 331.2 360 392.4 423.8 456.1 486.2 520.3 554.6 587.6 598.2 598.5 596.6 592.3 590 589 586.6 594.9 592.8 585.7 585.1 585 581.8 593.1 604.9 605
584.6 584.3 579.8 571.1 570.5 567.2 557.2 557.9 560.5 546.3 531.7 531.2 523.9 489.1 446.6 401.9 374.6 355.6 339.9 328 313.5 299.7 283.7 271.1 256 240.8 232.3 219.9 210.3 204.6 196.8 190.6 183.8 178.2 167.8 163.6 158.5 164 164.6 168.2 170.4 175.7 176.6 172.6 173.6 194.4 209.8 222.8 242.3 260.3 274.3 292.9 313.3 337.9 364.6 395.9 435.9 459.7 489.7 523.1 557.1 583 594.3 596.2 596.3 594.9 589.5 589.1 585.1 586.7 587.2 591.4 586 581.8 583.8 591 601 604.6
587.2 584.3 585 575.6 573.8 567.1 566.1 570 565.4 560.8 538.5 534.2 527.1 502.6 447.7 406.5 375.8 357.8 341.1 328.3 312.7 299.5 282.6 272.1 255.1 241.4 230.8 219.3 211.4 204.9 195.1 188.1 182.8 177.6 173.9 167.7 162.8 165.1 166.4 167.9 172 176 179 170.7 180.7 194.5 210 224.8 244.6 263.1 277.6 295.2 320 341.1 369 402.2 435.6 465.6 494 524.1 554.5 571.7 582.4 590.6 593.2 592.4 588.6 587.4 581.8 581.8 581.8 586.4 581.9 581.8 581.8 595 599.6 605.5
590.5 585.1 584.7 580.3 577.9 578 585.9 582 574.6 567.1 556.9 539.7 526.2 500.5 447.6 409.5 383.2 355.5 339.3 327 311.2 298.6 283 271.9 252 240.9 230.5 219.7 211.9 201.1 194.1 187.2 180.3 177.1 173.2 169.5 166.1 164.1 169.4 170.8 180.7 177.3 181.9 168.3 180.4 195.8 213.7 227.4 243.6 262.3 282.4 299.3 319.9 348.8 379.7 406.6 435.6 466.7 497.3 523.8 543.7 560.9 575.6 587.8 593 592.4 590.9 587.3 581.8 581.8 581.8 581.8 581.8 581.8 581.8 587.4 597 602.3
590.3 585.8 585 583.7 583.9 586.5 590.8 589.1 589.6 588 574.4 555.7 527.8 494.5 449 410.3 386.5 355.9 339.7 321.7 307.5 295.9 281.9 268.1 250.7 239.8 229.4 218.2 207.9 198.9 191.1 184.3 180.5 175 173.9 171 167.7 165.9 169.3 173 177.9 183 179.3 170.3 179.4 195.6 210.9 230.6 248 266.9 285.5 304 325.4 353.6 384.7 412.7 442.8 473.5 503.3 524.6 546.1 565 581.1 589.7 594.9 596.2 594.3 592 585.6 581.8 581.8 581.8 581.8 586.8 582.4 585.2 600 612.6
597.6 592.8 588.1 587.7 594.1 605.7 606.8 600.4 605.5 607.4 597.5 573.1 536.8 497.6 445.7 411 382.9 352.4 339.3 319.9 304.1 291.5 277.3 264.2 253.1 241.7 229.2 217 205.5 195.6 188.5 183.9 178.4 176.6 178.1 172.8 169.1 165.9 169.7 173.1 176.5 177.8 179.9 170.4 183.9 197.4 215.1 232.9 251.6 268.2 288.7 308.6 332.1 358.6 387.4 418.7 449.2 478.1 503.5 525.3 550.3 571 587.9 602.3 602.2 599 594.9 597.4 588.8 582.7 581.8 581.8 581.8 586.7 586.6 594.3 608.7 618.2
602.8 594.9 588.6 593.9 599.8 606.2 612.7 608.9 617 618.6 609.2 585.8 548.9 486 442.6 408.2 380.5 356 340.4 316.8 300.6 288 274.9 264.8 252.8 237.7 225.5 215.8 205 195.6 187 183.1 178.8 177.9 177.7 173.3 170.9 168.1 170.1 175.4 179.1 178.4 182.7 173 190 206.5 223 238.4 258.7 277 300.4 314.8 336.7 366.1 395.5 426.7 458.2 486.4 512.6 538.9 559.9 580 596.1 603.2 605.4 601.6 603.4 597.4 596.9 588.6 591 592.3 595 597.5 608.1 611.3 617.3 627.5
602.8 597.3 594 598.2 602 608.6 610.8 619 624.2 628.2 621.9 598.3 548.5 485.5 437.4 406.4 377.5 359.7 339.6 314.1 298.7 288.3 277.9 263.9 249.5 235.8 224.5 215 205.5 197.4 186 182.5 179.4 177.7 175.2 170.4 169.2 168.8 171.1 176.8 183.4 182.2 182.8 176.4 194.5 208.2 231.5 241 259.7 279 302.9 321.3 341.5 369.2 399.6 433.4 464.2 494.8 520.8 546 570.7 588.1 599.7 603.6 604 610.1 609.1 606.5 600.2 597 602.4 602.2 611.1 613.7 617.8 621.7 635.3 645.8
605.4 599.8 597.4 597.9 606.1 610.8 616 626.1 631.6 632.5 625.5 605.8 552.1 485.6 436.2 404.7 373.9 359.3 336.2 315.4 300.7 286.9 273.9 259 243.8 233.3 221 212.1 202.6 196.2 190.5 184.6 179 178.1 174 171.4 170 170.7 181.3 177 181.7 184.2 181.7 183.1 197.1 211.1 230.6 246.9 265.6 287.8 307.5 327.2 347.4 377.1 405.4 436.1 469.9 502.3 530 554.4 576.5 591.8 602.2 602.6 606.4 615.7 617.7 613.6 617.3 620.5 619.7 627.3 637.8 637.3 635.9 639 649.7 671.8
607.6 601.6 600.8 598.4 608.9 616.3 622.8 635.4 635.9 635.7 630.4 610.4 550.7 483.7 436.8 402.9 374.4 356 326.9 311 295.6 280.3 268.4 253.6 242.1 230.1 219.3 212.1 202.1 195.5 189.3 185.7 179.4 178.8 175.9 170.8 172.2 174.1 178.5 187.3 185.9 182.5 182.3 191.2 202.1 217.3 231.9 250.5 270.5 291.2 312.8 329.6 351 379.1 410.1 442.4 478.2 509.5 537.3 560.3 580.2 592.8 602.1 605.7 611.5 620 624.3 625 625.2 638 637.3 643.7 647.3 647.1 648.8 655.9 675.5 688.4
611.6 603.6 602.8 601.5 616.2 618.7 629.1 638 638.7 637 628.8 608.5 555.4 488.5 439.3 397.5 372.4 342.3 320.3 304.5 287.8 273.8 262.3 248.9 238.9 228.2 219.1 209.8 199.9 194.3 188.2 183.7 182.7 181 174.9 172.9 175 178.8 180.1 187 186.2 180.5 186.4 196.3 205 221.5 239.3 255.8 273 296.6 315.3 332.4 355.6 385.1 417.4 449.6 483.8 517.4 544 566.8 581.6 593.5 601.8 606.6 616.1 623.7 630 638.1 641.9 655.6 654.4 658.5 657.7 666.4 668.3 676.9 690.8 695
607.1 606.5 607.3 607.4 616.6 621.9 634.6 640.7 640.1 637 625.3 604.8 558.8 490.4 436.8 392.5 370.2 330.9 311.7 294.3 279.7 266.7 256.5 245.4 235.6 227.5 218.6 209.4 201.2 194.5 188.1 185.8 184.4 182.4 180.9 175.6 177 181.5 185.9 186.6 186.5 187.6 192 201.7 215.5 230.7 241.8 259 279.1 299.8 319.8 338.5 363 392.2 424.3 457.7 490.9 524.1 554.3 571.9 582.6 595 603 608.4 619 630.8 641 646.4 651.7 666.2 676.7 679.6 681.2 680 690.2 695 697 705.1
607.5 609.1 609 609.2 615.6 622.5 638.5 640.4 639.6 635.1 624.9 597.4 552.3 486.6 432.5 390 359.7 326.7 302.7 285.2 271.6 261.4 251.8 242.7 233.3 225.7 216.6 209 203.5 194.8 187.7 186.4 184.9 183 178.5 177.1 182.1 184.2 185.4 186.9 188.4 190.3 196.1 206.3 218.6 229.3 244.4 261.1 283 302.5 326.3 347 372.5 401.9 434.8 467.9 498.6 532.3 562.5 576.7 583.3 594.8 604 610.5 624.4 641.9 649.7 657.1 668 681.2 694.1 699.8 700.8 704.2 715.7 714.1 719.8 713.6
609.5 609.9 611.1 610.1 616.4 621.6 635.3 638.6 636.6 632.3 620.3 594.8 539.2 480 439.4 394.9 349.8 327.7 293.8 277.7 266 256.8 246.9 237.9 232.6 223.1 215.5 208.5 202.8 199.2 191.9 188.2 186.6 184.4 180.4 186.4 180.4 187.8 185.9 187.2 184.5 194.5 196.2 214.1 224.1 232.3 247.4 268.4 288.8 308.8 332.3 359.7 389.4 416.4 447 476.4 506.3 542.8 568 578.8 585.8 593.7 603.3 616.1 633.3 644.9 655.3 668.8 682.7 700.4 715.1 721.2 735.4 738.1 743.1 733.3 731.8 733.3
613.6 613.3 611.4 609.4 612.7 621.5 630.2 634.9 630.8 625.5 615.3 588.7 540.7 491.8 440.7 386.3 354.2 320.7 286.6 273.6 262 254.8 246.9 238.8 231.3 224.4 216.9 210.7 205.9 200 194.1 190.2 185.7 183.1 184.4 186.9 183.2 185.5 187.7 186.3 190.2 193.2 197.8 215.3 228.4 237.3 250.5 274.8 294.7 314.3 340.5 373.5 402.8 435 462.6 488.3 514.6 547.4 572.8 581 587.9 594.2 602.2 620.3 636.1 645.8 662.4 679.7 700.4 720.7 731.2 742.6 760.3 758.1 758.8 752.7 753.3 759.9
613.2 613.7 612.5 612 610.1 616.2 623.6 625.5 621.7 615.8 607.2 587 537.3 484.3 444 381.8 353.5 319.5 282.8 272.3 261 252.7 245.4 238.1 232 225.7 217.6 211 206.6 200.5 194.4 188.8 187 188.5 189.7 183.9 185 189.2 187.1 187.4 194 197 200.3 218.7 228.9 239.7 258 274 300.1 322.4 350 382.8 421.2 458.4 479 505.1 530.6 556.5 577.7 582.9 588.1 595.4 601.6 622.9 636.8 650.7 671.2 691.6 721.6 740.3 743.5 753.5 765 773.2 774.4 775.2 778.1 782.2
613.2 611.3 607.9 610.1 605.7 611.4 615.8 616.8 612.8 607.7 601.1 590.8 542.8 475.6 431.1 382.2 352.1 317.1 293.8 271.6 259.3 252.7 245.1 239.4 233.9 226.6 218.5 212.9 207.2 202.6 194.1 196 193.2 192.9 189.9 185.3 190.3 190.6 187.9 193.1 195.1 202.3 208.6 225.4 234.7 243.1 261.6 282.6 304.4 333.6 365.5 405.9 440 472.7 489.7 514.8 540.7 566.5 579.7 584.4 588.9 596.1 606.9 629.6 641.8 661.2 682.3 698.3 723 740.4 751.6 759.4 777.6 788.8 789.4 793.3 799.7 808.4
608.3 603.9 601.2 601.5 596.9 600.5 604.7 606.2 601.1 597.6 589.5 570.4 522.7 472.3 419.3 386.3 343.1 314.7 305.1 268.5 259.4 252.5 245.4 240.4 234.2 227.4 221 215.4 208 199.6 197.1 196.8 197.4 193.2 189.5 189.5 188.1 189.6 192 194.7 197.3 203.4 216.5 231 237.8 250.4 269.4 291.6 317.4 347.5 380.2 420.2 455.7 478 496.8 522.6 549.8 575.2 581.2 582.2 590.1 600.7 622.1 642.4 651.9 669.1 687.7 704.9 725.9 742.9 752.3 765 787.4 797 804.3 813.1 824.5 834.9
605.9 595 586.5 582.9 583.8 590 591.2 592.4 588.1 585.2 575.7 544.1 494 446.3 405.4 385.4 340.6 316.2 308.5 270.7 260.6 252.1 246.5 241.6 234.8 230 223 213.9 206.2 201.2 201 198.8 197.4 194 191.8 191.3 188.5 190.2 196.3 197.3 199.7 204.8 220.7 236 242.6 254.6 277.5 302 328.8 358.3 391.4 430.8 464.1 483.5 505.3 530.5 558.5 575.6 580.9 582.9 589.7 601.7 624.6 650 661.1 674.7 692.9 707.2 726.1 741.7 759.3 775.1 794.6 801.7 807.3 825.1 842.2 854.4
601.5 594 564.4 541.9 560.5 570.1 574.8 576.3 570.3 556 537.3 511.1 469.7 421.3 400.5 378.9 338.7 314.8 305.2 272 260.9 252.5 247.7 241.6 236.7 232.3 226 214.6 208.7 208.7 208.3 202 199.2 195.2 195.5 192.2 189.8 192.8 197.9 201.1 206.3 208.8 227 238.7 249.4 266.5 283.1 309.8 335 365 396.1 431.7 466 486.8 514.9 542.1 562.9 575.8 577.5 581.8 589.2 594.8 623.7 645.2 662.4 676.2 693.4 705.8 725.4 742.9 762.7 777.4 794 809.2 827.2 838.2 854.7 861.8
602.1 596 553.8 519 523.7 539.8 547.4 547 540.5 524.1 495.3 470 437.5 407.2 395.8 369.9 334.1 313.4 293 272 259.4 254 248.1 243 238.5 231.4 218.4 213.6 209.9 213 210.7 207.9 201.2 202 202.5 195.6 192.6 192.8 198.3 204.7 210.7 221.9 234.7 245 259.4 271.5 291 318 347.4 382 409.7 441 472.6 498.7 539.9 569.5 576 576.6 574.4 577.1 584.6 588.9 608.2 632.3 644.3 667.3 687.9 702.2 720.5 740.9 761.2 778.7 796.6 822.8 842.1 855.9 862.8 870.9
603.2 592.5 548 506.3 498.3 504.2 510.7 510.2 506.3 488.1 465.2 431.8 409.5 396.1 384.4 356 330.5 312.7 289.3 268.4 259.8 253.6 248.7 243.8 240.3 226.2 220.4 215.9 215.9 212.9 210.8 206.1 205.3 207.3 203 198.8 196.9 196.5 203.6 205.4 214.7 222.7 239.9 255.1 263.3 282.3 304.4 329.1 361.8 393.5 424.4 462.6 483.6 509.7 550.1 576.2 577.9 578.5 575.1 578.5 580 581.5 595.9 620.7 635 656.8 679.8 701.1 721 743.6 764 782.4 816.6 831.5 850.8 863.6 873.9 877
601.2 587.7 546.7 505.4 475.1 472.9 474.1 473.4 461.6 455.7 430 406.8 391.7 379.2 368.4 342.9 322.9 302.2 280.6 267.3 259.8 254.3 249.1 245.2 240.6 227.5 225.4 220.2 222.2 218.1 212.4 213 211.4 210.8 205.2 202.3 201 195.4 205 211.3 218.2 224.1 244.8 254.8 266.7 290.9 313.3 337.7 369.8 408.3 444.7 477.4 496.5 519.6 560.6 572.9 575.9 577 573.6 576.4 577.2 580.9 590.5 618.4 639.2 660.5 687.9 714.8 731.6 751.6 770 793.7 824.7 844.1 852.1 863.1 873.4 870.3
586.2 564.3 529.8 493.7 470.8 458.9 439.8 437.2 428.5 416 401.3 385.3 372.7 364.5 351.5 332.6 315.2 293.6 276.3 266.6 258.6 253.7 248.5 241.9 232.5 230.5 226.7 229.2 225.8 220.9 217.4 214.7 214 213.2 207.1 202.3 198.9 196.2 207.2 210.5 222.2 228.7 248 262.1 273.5 293.2 318.2 348.2 386.6 416.9 457.9 492.6 507.6 526.2 564.4 572.8 575.5 575.1 573.2 575.2 576.3 581.7 598.4 631.2 649.1 673.5 714.4 732.4 743.7 764 785.9 815.4 841.6 849.9 856.6 864.3 863.2 851.2
551.9 526.1 495.8 474.5 453.4 438 424.5 410.6 401.3 390.1 378.4 367.6 356.9 348 337.8 324.6 305 285.2 275.8 266 258.1 251.6 247.8 237.4 234.7 239 235.6 230.2 227.3 224.2 217.7 216.8 214.9 212.9 210.4 206.5 200.8 199.6 203.9 211.2 224.4 233.6 251.1 263.3 276.4 299.3 325.2 362.5 396.8 438.1 464.6 499.8 514.4 533.9 571.9 576.7 575 573.8 572.8 574.3 579.1 585 614.7 656.4 679 702.8 727.2 748.3 758.6 777.2 811.1 836.3 847.9 858.4 868.1 862.2 848.3 841.5
516.6 494.5 472.5 451 431.6 415 405 392.8 379.5 371 362.7 349.7 341.8 334.4 327.2 313.5 296.4 283.5 273.3 265.5 257.2 251.3 246.9 238.8 244.9 244 237 232.1 228.2 222.7 223.9 223.6 221.2 216.7 216.8 208.3 206.8 207.8 200.6 214.6 225.5 238.6 255.5 266 281.5 305 336.9 371.4 401.5 447.1 478.1 497 513 534.2 569.9 576.1 573.1 570.9 571.3 575.4 581.7 592.4 632.8 675.8 698.2 722.8 745.8 752.7 767.9 797.2 836 854.3 865.6 869.5 877.9 858 845.2 832.6
488.1 461.3 441.8 422.4 410 393.6 386.7 378.1 368 355.3 347.3 338.7 330.6 322.5 314 301.8 288.1 277.6 270.2 265.1 257.1 251.4 245.6 245.8 248 247.2 239.8 233.5 230 226.8 227.9 227.2 224.2 221.5 219.6 213.3 215.3 209.6 200.4 225.1 232.3 247.4 262.3 277.8 289.5 311.6 337.4 376.9 404.4 449.2 481.3 499.8 520.1 535 565.1 572.1 572 568.8 569.5 574.7 583.6 594.4 648.3 693.2 709.5 728.9 746.5 754.1 773.7 810.2 845.2 862 865.2 874.9 881.2 857.3 842.5 822
453.7 430.8 413.9 399 389.5 372.9 365.9 358.8 352.3 343.1 335.9 327.7 318.8 310.2 306.4 297.9 282.6 274.2 269.6 263.4 257.9 246.7 244.6 250.1 249.7 248.6 240.7 236.9 233.1 231.3 229.3 229.2 228.6 227.3 222.4 219.1 218 207.8 217.3 226.4 236.5 254.5 273 278.1 295.9 315.6 341.3 375.6 401.9 454.7 480.3 500.6 519.6 537.7 553.7 570.4 573.4 568.2 567 568.3 581.7 598.2 652.7 697.9 712.9 734.8 745.3 751.6 772.3 812.9 826.8 831.3 839.6 844.3 855 847 831.9 808.7
424.5 404.4 388.8 375.2 365.8 353.5 345.4 344.4 342.9 332.8 324.7 319.9 311.7 301.6 295.6 287.2 277.2 271 266.4 261.8 254.8 256.5 254.5 252.2 252 252.4 244.4 241.5 239.9 234 233.2 232.8 232.1 230.6 222.1 216.8 206.8 207.3 223.6 230.9 244.3 260.3 271.7 283.3 298.9 315.5 343.4 376.1 403.3 449 476.7 496.5 515 536 563.4 567.6 570 568.1 564.1 565.9 578.3 597.7 671.1 705.9 710.8 730 738.3 743.3 763.2 779.9 790.2 794.2 802.6 806.9 821.3 823.8 814 791.7
396.4 379.6 366.5 356.9 351.6 339.2 335.8 333.7 330.9 324.5 315.9 310.1 302.4 290.4 285 277.8 272.6 270.1 265.3 253.9 253.3 257.7 256.2 257.2 254.6 253.7 245.3 243.3 240.8 236.7 235 235.3 238.1 233 228.1 223.5 206.2 215.1 228.9 231.6 246.8 260.7 271.8 285.1 300.6 316.2 344.8 376.4 408.7 446.7 470 493.6 512.9 532.6 554 562.1 564.2 566.2 563.5 564.6 572.9 591.4 650.9 700.1 712.7 725.4 728.7 734.5 736.4 745.5 753.2 758.5 765.1 772.5 778.1 786 787.2 773.6
372.8 358.6 348.2 341.6 335.3 329.4 326.3 325.2 320.8 314.2 306 302.8 292.1 282.5 277.9 273.5 268.6 264.4 262.5 259.7 260.1 258.3 260.8 259.1 257.1 250.1 249 245.9 245.3 244.9 242.8 243.1 242.2 235.5 232.3 228 220.1 219.7 235 235.9 250.5 266.1 273.9 291.2 304.5 321.1 337.3 368.4 398.6 426.3 455.1 485.9 509 525.3 543.9 552.4 559.1 562.2 561.2 559.7 565.4 581.5 626.4 687.5 705.3 706.8 704.2 708.1 710.6 713.3 716.3 722.5 725.8 732 740.5 747 749.1 741.2
351 341.7 333.8 328.7 326.7 323.5 321.9 317.4 310.3 304.8 299.7 291.1 283.9 276.7 273.9 270.4 264.5 261.6 259.6 259 262.8 264.5 260.3 258.5 254.3 257.4 258.2 257.6 255.5 252 249.1 246.6 244.4 240.2 240 230.9 225.1 221.7 234.9 237.4 251.1 267.6 279.4 293.1 310 319.1 333.5 355.8 378.2 405.9 434.1 474.2 499.4 513.6 529 538.3 549.2 554 557.2 555.6 557.3 571.7 586 634.8 679.6 674.5 677.3 676.7 671.1 671.3 673.4 682.1 688.1 694.9 701.7 704 712.9 706.2
334.3 330.6 323.8 321.9 318.5 317.7 314.8 310.3 304 298.9 290.2 284.6 277.8 274.2 269.9 265.6 261.7 261.2 259.5 260.3 263.3 263.2 263.8 264.4 263.5 263.9 262.2 259.6 257.1 255.3 253.4 251.7 249.8 247.7 251.7 236.1 231.9 215.4 233.9 238.7 252.9 276.4 285.1 292.5 301.3 318.9 329.9 349.9 365.6 389.2 411.7 472.3 490.3 506.9 519.6 528.2 534.7 543.3 550.1 550 550.6 557.6 568.5 578.5 623.2 639.6 641 636 632.9 635.3 637.1 642.8 649.1 662.1 665.4 670.3 678.3 669.6
326.2 322.3 318.8 318.3 314.3 311.6 305.3 300.7 298.8 295.3 285.1 282 272.9 271.1 267.9 262.7 263.4 262.1 262.8 263.5 265.8 269.3 269.8 273.2 273.8 270.6 270 268.5 267 264.6 262.7 260.6 253.9 258.3 261.1 250.1 239.4 241 241 251 257.4 279.6 283.2 291.3 297.1 312.7 327 344.7 354 375.5 396.6 426.7 479.2 504.8 513.1 519.2 524.6 527.6 536 539.9 541 542.9 548.4 555.2 567 592.5 600.4 599.3 599.3 602.1 603.8 608.4 609 609.4 617.6 623.8 629 626.8
321.6 312.7 312.5 312.4 310.2 303.2 299.7 293.9 294.5 291.3 285.4 285.1 274.7 269.4 265.4 265.9 266.5 265.9 268.2 269.2 271.6 275.7 280.4 284.2 287 288.8 289.2 281.4 277.2 272.3 272.3 267.6 264 268.1 264.3 251.5 249.5 245.7 247 255.7 261.1 272.2 280.7 292.1 293.3 308.6 324 340.2 349.5 364.1 381.9 414.3 465.9 494.2 502 511.2 518.6 516.2 516.3 521.9 527.2 530 532.8 538.7 541.5 544.5 552.9 558.1 559.9 562.3 559.5 562.6 564.3 573.2 576.5 579.6 584.7 589.7
