Assets/StreamingAssets/GeoData/Data/ng/NG98.asc
ncols 200
nrows 200
xllcorner 190000
yllcorner 880000
cellsize 50
[rows 105 to 139 of 200, columns 0 to 77 of 200]
148.3 147.9 153.9 154.5 159.2 175.4 184.9 189.2 164.4 158.2 158.2 167.2 167.6 175.1 177.3 179.2 187.2 188.6 187.3 185.6 185.3 185.4 186.5 185.3 185.5 184.9 183.9 192.1 193.3 188.5 187.7 184 182 183.4 187.2 187.7 187.5 189 190.3 193.4 194.2 195.7 197.2 198.5 199.5 200.8 205 204.4 200.5 198.5 199.4 206.1 207.2 197 197 197 201.3 202.5 203.2 203.1 202 199.1 196.6 195.9 194 193.1 193.7 185.8 177.6 172.7 166.1 161.6 160 159.5 159.6 161.2 169.5 166.9
153.6 155.4 156 161.4 168.5 175 180.6 184 174.1 158.2 158.2 163.2 163.5 170.5 176.5 182.6 187.3 188 186.8 184.7 184.7 184.7 186.8 190.6 189.2 185.2 186.4 193.8 196.9 189.2 186.3 186.2 186.5 184.1 185.3 187.5 188.5 186.6 187.7 190.8 191.8 193.9 193.8 193.5 194.6 198.8 202 201.7 201.1 200.9 204.2 207.3 207.1 202.6 199 202.8 203.4 203.3 203.1 203.9 202 199.4 197.3 196.2 195 192.9 190.6 185.6 178 171.4 162.8 159.6 158.5 158.6 159.7 160.5 174.3 168.4
184.6 181.5 166.8 164.6 169.8 172 178 184.3 168.9 158.2 158.2 158.2 158.8 163.2 174.8 181 187.1 192.6 187.2 186.1 184.7 185.6 188.9 191.8 196.1 187.7 188.6 195.2 200.5 199.8 191.2 190.6 190.6 187.4 185.6 185.6 186 186 186 187.2 189.6 191.6 191 191.8 190.4 192.7 198.5 198.6 199.9 202.6 202.7 205.1 202 201.4 197 201.6 201.6 202.7 202.4 201.1 202.7 200.4 196.2 195.2 195.3 195.8 189.7 184.7 177.7 172.4 161.8 160.2 160.6 160.3 160.2 167.3 176.5 170.2
198.8 192 180.5 181.7 177.6 172.4 172.4 174.7 163.6 158.2 158.2 158.2 158.2 163 167.7 176.4 180.8 183.1 184.8 192.3 193.9 190 190.4 191.9 195.5 193.5 189.1 195.8 198.5 198.1 195.5 197.7 194.7 193.9 189.3 190 186 186 186 186 186 188.4 187.6 190.5 189.4 191.4 196.1 196.8 199.9 202.2 203.1 201.9 200.1 202.3 204.9 203.4 208.3 207.9 208 202.8 201.4 199.3 196.7 195.7 195.3 196.8 190 182.1 176.4 170.7 162.2 160.8 160.8 164.8 166.5 164.1 163.2 160.6
201.6 193.9 191 191.9 188.7 183.6 171.3 168.2 164.5 158.2 158.2 158.2 158.2 158.2 160.3 171.5 174.4 173.9 181.8 197 194.4 192.1 191.2 190.5 190.5 194.1 192.3 200.1 198.9 198.7 201.4 204.2 203 199.1 194.2 193.2 190.6 188.9 186 186 186 187.5 186 186 188.8 195.7 198.8 198.6 198.5 200.1 200.6 201.6 200.1 202.8 207.8 205.4 208.7 212 213.6 209.6 206.6 199.3 196.5 193.3 192.6 192.9 188.5 183.4 174.9 169.5 162.9 164.4 166.7 169.7 164 162 159.4 157.2
203.5 197.6 195.4 195.1 193.7 183.7 174.2 165.9 159.8 158.2 158.2 158.2 158.2 158.2 158.2 159.9 166.1 169.8 175.4 184.5 189.7 194.2 191 190.4 191.1 196.9 196.7 196.8 200.4 200.6 205.9 206.9 204.1 198.3 195.5 194.3 193.2 192.1 188.3 186 186 186 186 186 186 193.1 200.7 202.2 200.2 198 196.9 198.9 202.8 204.4 198 197 204.9 212.3 213 212.7 211.4 201.1 197.3 194.2 192.4 191.3 186.3 180 174.4 169.4 165.9 168.6 173.7 172.8 163.6 162.3 161.8 159.4
211.3 205.7 196 194.4 192.3 186 177.5 168.6 159.6 158.2 158.2 158.2 158.2 158.2 158.2 158.2 162.4 174.4 186.2 191.5 190.5 190.1 187.5 187.7 188.9 198.3 196.8 196.8 199.7 199.6 204.6 206.7 206.1 202 197.4 195.6 194.4 192.8 190.6 189.2 186 186 186 186 186 186 195.2 199.3 198.2 196.9 196.2 194.6 202.2 206.2 197 197 206 209.5 215 212.5 210.5 202.3 202.1 198.1 196.2 197.4 184.1 177.2 169.5 168.4 172.2 171.5 173.8 167.1 164.1 166.5 164.1 160.9
207.1 202.7 197.3 194.3 189.2 184.9 183 175.3 161.1 158.2 158.2 158.2 158.2 158.2 157.4 158.2 158.2 172.4 191.5 194.2 199 193.6 187.7 186.6 186.1 194.6 195.3 196.1 196.9 197.4 201.9 206.5 206.1 202.8 200.7 199.8 198.1 195.2 192.6 193.2 194 192 186 186 186 186 188 194.5 193 194.3 193.4 192.3 198.2 202.1 205.1 207.6 208.6 210.2 210.6 210.6 209.7 203.1 200.1 198 195.4 189.1 182.8 174 168.6 169.2 171.6 171.7 171 171 171.9 167.6 165.2 162.6
205.1 202.9 198.4 194.2 187.6 183.5 181.7 174.6 162.7 159.3 158.2 158.2 158.2 158.2 160.1 159.9 158.2 165.8 183.4 192.5 202 200.6 192 185.5 185.4 188.7 190.9 192.6 195.5 195.2 198.9 203.1 205.6 205.7 205.4 204.7 203.8 202.3 200.4 197 195.5 191.3 188.3 186 186 186 187.9 191.5 193.7 196 190.8 192.3 194 198.5 205.7 207.4 209.9 212.2 211.6 208.7 205.3 203.2 200.6 196.9 191.7 184.4 178.4 171.7 169.1 171 172.3 172.5 172.4 165.9 169.8 170.2 167.8 166.6
204.3 201.9 198.7 190.4 186.6 181.1 177.7 169.7 162.3 158.2 158.2 158.2 158.2 160 162.2 163 160.8 158.2 164.7 183.1 194.2 195 191.1 185.9 186.2 187.7 187.8 189.7 191 194 202.3 210.2 207.7 206.8 206.2 206.3 207.9 207.3 203.5 201.8 201.1 195.3 190.6 187.3 186 186 186 186 189.6 190.7 190.2 190 194.2 197.2 200 206.7 208.7 213.1 214.2 211.1 205 202.5 200.7 196 189.4 182.8 174.8 170.7 175.6 179.2 182.6 182 168.8 165.9 165.9 165.9 165.9 170
204.4 201.3 197.4 190.7 184.2 178.6 173.2 164.3 158.2 158.2 158.2 158.2 160.6 163.5 163.7 164 167.7 161.5 157.1 170.5 186 191.5 189.4 185 184.9 186.3 185.8 187 188.8 192.9 200.7 205.4 210.1 208.8 206.9 206.5 207.8 210.9 211.1 205.9 204 197.8 195 190.3 186.9 186 186 186 189 188.7 188.5 192.9 199.7 201.1 203.2 202.1 208.2 210.9 210 208.8 204.6 201.6 194.6 189.7 185.5 179.1 173 172.5 176.7 181 179.7 180.5 176.5 173 170 165.9 165.9 171.1
202.3 201.5 198.8 191.4 185.4 180 169.1 161.3 158.2 158.2 158.2 160.2 165.1 167.8 169.2 165.4 167.1 166.5 164.5 164.6 174.7 184.9 184.3 182.5 181.6 182.8 185.2 187.9 189.1 192.9 198.1 203.8 207.5 207.7 207 206.3 205.9 206.3 206.6 204.9 203.1 202.2 199.9 198.7 195.6 189 187 186.6 188.5 188.3 191.4 196 201.4 204.4 206.2 206.3 203.7 206.7 206.1 203 198.9 197.3 192.9 189.8 181.1 176.4 172.1 172.8 173.6 175.3 176.9 178 174.7 172.5 169.4 174.2 171.7 170.9
200.2 199 194.8 186.1 183.7 175.9 166.6 159.1 158.2 158.2 157.4 176.9 172.9 174.3 174.1 172.4 171.4 169 167.9 167.8 167.4 173 175.6 177 174.1 174.9 183.8 190.6 191.7 193.7 195 200.3 209.8 210 207.4 206 205.4 204.7 204.4 204 203.4 202.8 200 198.1 196.9 195.1 194.5 191.1 188.6 192.5 196.6 200 204.6 205.9 207 204.4 203.5 203.3 202.1 197.7 195.7 194.9 192.7 187.9 180.9 174.7 172.9 176.2 174.2 174.9 176.2 175 169.2 165.9 165.9 167.5 167.4 165.9
196.3 195.6 188.6 182.6 176.3 168.6 162.5 161.9 160.8 158.2 164.2 182.3 189.9 182.8 181.7 179 175.7 180.8 179.1 173.1 169.8 168.3 169.2 170.1 169.9 172.8 181.5 193.7 194.6 195.8 201.4 202.4 205.7 208.2 205.9 205.7 205.3 204.6 203 202.7 202.9 201.4 199.6 196.9 193.8 193.8 195.7 191.8 190 195.8 197.9 205 206.3 207.9 207.4 204.4 206.1 202 199.3 194.4 193.8 193.8 191.8 183.5 179.1 172.9 174.7 174.3 173.9 181.3 181.7 171.9 165.9 165.9 165.9 165.9 165.9 165.9
191.2 193.1 188 178.4 170.1 163.8 166.2 164.4 162.7 158.2 166.5 175.1 182.4 186.1 185 183 180.5 180.1 182.1 178.4 171.6 169.6 169.2 169.7 170.1 175.4 188 197.2 198 195.4 204.4 203.8 205.7 207.9 205.7 204.4 205 203.4 202 201.7 200.1 200.1 197.2 195.2 193.8 195.5 193.6 190.9 191.3 194.7 196.4 202.5 206.4 207.8 208.8 208.4 210.8 205.9 200.7 196.8 194.8 194.8 190.7 181.8 177.7 177.8 177.7 170.9 173.5 181.3 177 171.1 165.9 165.9 166 165.9 165.9 165.9
185.8 188.5 178.6 173.7 166.7 163.8 164.4 165.3 165.5 163.5 178.4 181.3 181.4 180.5 182 184.1 184.2 181.1 179.9 177.5 174.6 170.2 169.3 170 172.6 175.6 186.6 197.4 199.9 198.9 204 207.2 206.1 208.2 205.2 204.8 204 202.7 201.9 201.7 200.5 200 197.9 196.8 194.5 194.5 194.2 191.5 194.2 197.6 197.9 199.9 204.8 208.2 209.4 207.9 209.6 207.8 202 201.8 203.7 198.3 192.5 183.7 176.2 176.2 172.1 167.6 165.9 174.4 167.6 165.9 166.2 173.9 171.6 169 169.3 170.8
177.8 177.7 172.8 172.3 166.8 164.8 164.9 165.7 167.3 175.5 183.5 188.4 183.5 182.4 181.5 182.9 183.1 181 180.4 179.4 179 175.9 170.5 172.2 177.7 178.4 179.2 191.8 198.2 197.8 198.9 204.3 205.6 204 203.5 203.2 202.6 201.3 201.1 201 199.9 199.7 197.5 196.4 195.6 196.3 198.5 194.4 194.8 195.3 196.1 197.9 202.3 204.9 205.8 207.2 205.4 205.8 204.9 205.9 205.7 199.8 193.3 183.3 177.9 176.6 173.6 167 165.9 165.9 165.9 168.1 170.7 178.6 177.2 171.8 172.6 174.9
167.8 169.7 171.3 174.3 170.4 167.8 166.1 167.3 169.2 174.7 186.6 191.7 192.1 184.8 186.4 185.5 181.3 179.6 179.8 179.4 180.1 174.5 172.8 175.2 185.1 186.5 182 183.6 187.7 193.4 194.8 199.4 201.5 201.6 201.4 200.4 200.6 199.6 199.2 199.1 198.7 197.5 197.1 196.6 196.3 196.1 197.6 196.9 195.5 195.6 196.8 196.4 196.7 201.6 203.1 203.2 204 204.4 203.4 204.1 203.2 197.1 188.3 178.4 174.5 172.5 165.9 165.9 169.7 172.7 165.9 171.2 172.7 171.9 172.2 177.9 183.1 179.4
162 166.7 176.3 177.7 171.2 168.4 166.8 169 172.6 175.2 182.5 193.5 195.7 186.9 185.4 185.1 182.2 185.7 183.8 180.6 179.5 174.3 176.5 180.4 184.8 193.5 186.8 184.3 184.5 183.8 188.1 194.7 197.3 198.7 198.9 198.8 197.7 196.9 196.5 196.4 196.6 195.8 195.2 194.6 194.2 193.8 192.8 194.9 195.7 196.8 194 197.1 195.3 193.4 196.4 204.4 208.7 204.5 201.9 198.3 197.1 193.9 183.8 172.5 165.9 165.9 165.9 165.9 168.2 167.7 170.5 168.5 172 173.8 180.4 184.9 186.4 189.6
159.3 168.6 174.8 172.1 169.2 167.7 167.4 170.1 176.4 180.5 191.4 189.5 191.6 188.4 183.4 182.4 183.7 184.1 185.6 182.8 180 176 185.8 192.3 193 189.2 188.8 185.7 185.4 185 183.3 183.8 190 195.7 196.9 196.6 193.6 193.5 193.2 193.5 193.5 193.7 193.7 193.3 192.9 192.8 192.4 193.3 194.2 193.3 192.7 192.4 192.3 191.2 193.9 195.5 200.8 199.6 199.4 197 193.8 188.7 180.5 171.3 165.9 165.9 165.9 165.9 165.9 165.9 168.5 175.8 180.3 183.7 179.6 184.1 184.9 190.2
163.8 172.5 171.5 169 167.9 167.3 169.4 178 178.4 185.2 191.8 192.4 187.6 183.1 184.8 187 189.6 184.4 183.2 182.9 180.9 178.9 182 187.6 194.7 194.8 188.5 185 184.2 185 183.7 182.3 182.9 188.1 191.4 191.9 188.2 188 188.4 189.8 191 192 191.5 191.1 191.1 190.9 189.7 189.7 190.8 191.2 191.2 190.8 190.5 188.6 189.2 189.7 190.1 192.3 193.7 194.1 190.9 185.4 178.9 171.1 165.9 165.9 165.9 165.9 165.9 165.9 171 180.6 184.5 186.3 188.3 190.8 191 191.1
171.6 180.8 169.4 168.8 167.9 167.1 170 179.9 184.7 185 187.1 184.1 182.5 183.7 187.6 188.7 188.1 184.9 183.7 183.5 181.1 181.1 181.9 180.6 183.8 187.2 184.5 182.5 183.7 184.6 183.5 180.8 180.1 181 184.4 187.1 185.2 183 184.7 188.7 189.1 189.9 188.8 188.5 188.7 187.9 187.7 188.4 187.3 187 188.2 189.4 186.6 180 179 184.6 187.3 188.5 189.7 191.2 186 181.9 176.8 169.4 165.9 165.9 165.9 165.9 165.9 165.9 173.5 183.3 186.7 191.9 196.8 197.3 196.4 197.6
176.6 172.1 168.2 169.5 168.1 167.3 171.6 184.9 192.7 186.6 183.4 182.5 182.5 187.5 188.9 189.1 190.7 186.7 184.5 183.9 183.2 187.1 185.5 180.6 180.6 180.6 183.3 182.5 183.7 182.9 181 178.4 175.7 175.2 175.5 179.5 182.8 180.7 183.6 186.2 186.8 186.9 186.6 186.2 185.8 185.5 184.7 184.3 184.8 186.5 187 185.3 181.3 176.9 178.4 182.7 185.9 186.9 187.1 186.6 181.9 176.9 172.8 165.9 165.9 165.9 170.2 172.8 166.2 166.3 170.9 178.1 184.6 188.1 195.3 197.3 203.8 203.7
168.5 166.7 167.5 168.7 169.1 168.3 173.3 190.8 191 187.2 187 187.6 191.8 190.4 187.3 185.8 186.2 185.7 184.7 184.3 184.8 187.4 187.9 185.5 185.1 187.5 185.2 184.1 185.3 185.5 182.6 179.4 177 174.2 172.9 172.9 173.7 179.3 183.4 185.4 185.5 184.9 184.1 183.7 183.7 183 182.5 182.8 183.4 185.3 186.7 182 176.9 176.9 181.1 182.4 186.2 186.7 185.6 183.3 179.7 171.9 165.9 165.9 165.9 166.7 165.9 166.5 165.9 165.9 172.5 179.1 184 190 191.5 194 200.1 201.5
163.9 164.6 166.9 173.2 175.2 170.4 175.3 179.6 183.9 188.7 188.8 190.4 195 192.2 186.9 186.8 185.8 185.4 183.9 182.8 184.4 188.9 187.7 189.3 187 186.7 189 186.5 185.9 184.7 182.2 183.1 179.5 174.4 172.9 172.9 172.9 172.9 175.7 182.2 181.4 181.3 180.9 181.2 180.4 180.7 181.9 184.6 184.5 182.8 182.4 179.1 176.9 176.9 181 184.8 186.5 186.4 184 179.3 172.9 165.9 165.9 165.9 165.9 170.9 169.3 167.6 167.4 169 172.9 181.1 186.7 189.5 193 193.8 194.3 200.7
162.8 164.3 173.4 175.5 175.6 173.8 178.7 181.1 183.7 187.5 188.2 188.9 194.3 187.7 185.5 185.2 185.5 183.7 178.5 178.5 179.1 186.7 185.9 187.7 186.1 184.7 185.7 186.4 186.5 185.6 181 178.5 179.8 174.6 172.9 172.9 172.9 172.9 172.9 172.9 176.1 177.7 177.8 178.1 180.8 181.8 183.7 183.8 183.4 181.9 179.1 176.9 176.9 181 182.3 182.9 182.8 181.7 178.7 174 166.4 165.9 165.9 167.5 170 171.6 169.4 171.3 168.3 168.4 172.9 180.3 185.7 191.2 193.7 196.4 194.3 195.7
162.8 176.1 177.2 176.7 176.5 181.6 184.6 186.2 184.9 185.1 185.2 184.9 185.4 183.9 180.7 180.6 181.1 178.5 178.5 178.5 178.5 180.1 181.7 181.4 180.9 180.5 180.9 188.5 184.8 180.7 178.8 178 178.2 175.8 173 172.9 172.9 172.9 172.9 172.9 172.9 173.9 174.2 175.2 180.9 181.7 183.2 183.4 182.8 180.6 176.9 176.9 176.9 181.8 182.6 180.8 181.1 182 179.2 171.5 165.9 165.9 167.6 171.8 174.2 171 170.4 174.3 173.3 172.3 171.7 181.8 185.3 190.4 193.7 194.6 193.8 192.1
168.9 175.4 176.9 178.5 183.8 186.4 189.2 189.8 185.5 184.4 183.7 182.2 180.2 178.5 178.5 178.5 178.5 178.5 178.5 178.5 181.6 185.2 181.9 182.3 182.4 179.1 179.1 180.1 180.9 178.8 181 184.4 188.4 183.6 183.7 182.9 176.5 172.9 172.9 172.9 172.9 172.9 172.9 175.7 181.3 182.5 183.3 183.6 183.6 179.4 178.8 176.9 176.9 176.9 179.4 180.8 181.4 183.2 180.3 170.9 165.9 165.9 170.8 172.7 174.3 172.9 172 173.5 173.5 180.3 182.8 182.4 186.4 190.2 192.6 194.2 195.2 191.1
172.4 175.5 182.8 195.5 195.1 190.4 195.2 192.5 187.1 187.7 184.7 181.1 181.6 178.5 181.3 178.5 178.5 178.5 178.5 178.5 181 189.3 189.7 187.9 183.8 179.1 179.1 179.1 181.8 181.4 181.9 183.4 187.1 185 184.2 181.1 175.5 172.9 172.9 172.9 172.9 172.9 172.9 176.9 181.5 183.7 183.6 183.9 183.4 181.4 178.1 176.9 176.9 178.8 180.4 183.7 182.4 180 176.1 165.9 165.9 176.4 174.6 176.2 175.5 174.1 175.3 178 179.2 182.9 186.5 189.2 192.3 192.2 194.1 193.8 193.5 190
167.5 176.7 199.2 202.8 199.4 193.1 193.7 191.2 189.4 187.3 189.2 192 188.8 186.4 185.2 180.6 178.5 178.5 178.5 178.5 179.8 185.1 192.3 190 182.5 179.1 179.1 183.1 182.3 181.6 182.1 183.6 182.9 181 178 173.2 172.9 172.9 172.9 172.9 172.9 172.9 172.9 172.9 176.6 181.7 183 184 184.9 183 181.5 178.7 176.9 179.8 181.3 182 181.1 177.5 170.7 165.9 167.5 178.7 179.9 179.5 178.3 174.4 176.3 182.3 187.5 188.3 188.8 191.2 195.4 197.1 195.4 192 190 189
172.5 179.5 195.7 209 208.1 195.8 191.2 189.3 190 189.9 191.4 191.6 190.4 191.3 189.6 183.3 181.3 178.5 178.5 178.5 178.5 180.9 182.9 183.2 180.5 179.1 179.1 178.9 182 181.6 181.1 179.8 177.8 175.7 172.9 172.9 174.8 180.8 172.9 172.9 172.9 172.9 172.9 172.9 172.9 175.4 177.3 183.3 185.2 185 183.6 182.2 180.3 178.7 178.4 179 177.7 174.5 168.3 165.9 174.9 176.5 178 177.5 174.9 176.3 181.9 181.5 185.6 188.2 188.8 193.2 196.1 199.4 197.8 190.3 188 184.7
178.9 183.6 196.8 196.8 201.2 200.2 191.4 190.7 190.5 191.1 190.6 192.3 193.3 193.1 190.8 187.9 186.3 183.2 178.5 178.5 178.5 178.5 178.5 178.6 180.8 179.1 185.1 184.4 182.4 182.8 182.5 178.4 174 172.9 172.9 172.9 172.9 177.8 176.8 174.7 175.6 172.9 175.4 172.9 172.9 172.9 172.9 178.3 184.9 185 184.9 183.1 181.9 180.8 178.6 176.8 175.9 171 165.9 166.3 175.6 182 179.2 179.5 179.6 184.1 186.8 182.6 188.2 189.2 188.2 187.3 192.9 196.6 195 190.6 187.4 184.4
179.9 196.3 197 193.2 193.1 196.6 192.9 193.2 192.4 193 192.8 192.4 192.5 194.7 192.4 188.9 186.7 185.8 185.7 186.2 182.9 181.1 185.5 189.3 187.3 186.6 188.1 189.2 188.4 186.6 181.8 178.8 176.9 178.7 172.9 172.9 172.9 172.9 174.4 178.1 178.6 172.9 172.9 175.6 172.9 172.9 172.9 172.9 179.6 184.1 184.7 183.3 181.8 180.9 180.8 180.3 176.2 169.9 165.9 174.8 181.9 180.7 180.5 181.3 185.4 189.4 186.3 184.3 191.2 191.9 189.5 188.4 189.9 191.3 190.1 188.9 186.1 187.7
189 196.4 193.9 190.4 189.1 187.9 186.9 191.6 197.7 198.9 198.8 193.4 193.1 187.1 190.7 190.1 187.5 188 188.2 188.5 188.6 189.6 191.6 196 195.9 193.1 190.5 189.1 185.7 183.1 181.3 182.1 183.8 182.2 179.9 178.9 180.5 184 180.8 184.2 180.2 175 172.9 172.9 172.9 172.9 172.9 172.9 172.9 180 184 183.5 182.2 180.8 180.3 179.5 174.5 168.5 165.9 180.8 181.5 181.3 185.4 188 193 190.7 191.1 191.3 195.6 195.8 192 192.1 192.3 190.8 189.2 187.5 186.1 189.9
180.1 186.2 184 184.5 183.9 182.7 185.6 188.5 190.2 192.2 193.1 193.2 193.4 188.5 186.2 186.6 185.5 188.2 188.9 189.1 190.2 191.1 190.4 190.3 194 191.6 191.5 187.9 191.7 192.6 192.4 191.6 185.6 183.5 181.5 181 176.9 176.9 176.9 176.9 181.7 182.7 180.6 174.1 172.9 172.9 172.9 172.9 172.9 174 179.7 181.9 180.8 180.5 177.8 176.2 172.4 165.9 171.5 178.1 179.9 188.4 191.9 191.1 193.3 196.5 198.4 192.8 197.7 199.9 195.5 193.9 191 189.3 187.4 186.8 188.1 188.4
