Assets/StreamingAssets/GeoData/Data/ng/NG99.asc
ncols 200
nrows 200
xllcorner 190000
yllcorner 890000
cellsize 50
[rows 88 to 131 of 200, columns 96 to 191 of 200]
-2 -2 -2 -2 -2 -2 -2 -2 -2 -2 -2 -2 -2 -2 -2 -2 -2 -2 -2 -2 -2 -2 -2 -2 -2 -2 -2 -2 -2 -2 -2 -2 -2 -2 -2 -2 -2 -2 -2 -2 -2 -2 -2 -2 19.8 35.5 48.4 55.5 60.9 64.6 69.6 70.7 71.4 70.1 68.4 69 70.2 68.9 65.1 62.7 56.2 52.1 50.3 56.1 60.5 53.6 50.2 44.3 41.4 39.2 30.9 30.3 27.1 26.4 26.6 19.4 21.8 15.1 12.6 7.8 2.7 -2 -2 -2 -2 -2 -2 -2 -2 -2 -2 -2 -2 -2 -2 -2
-2 -2 -2 -2 -2 -2 -2 -2 -2 -2 -2 -2 -2 -2 -2 -2 -2 -2 -2 -2 -2 -2 -2 -2 -2 -2 -2 -2 -2 -2 -2 -2 -2 -2 -2 -2 -2 -2 -2 -2 -2 -2 22 20.7 29.3 41.8 47.2 56.1 59.3 65.8 69.1 74.3 79.5 78.8 75.1 75.1 76 76.1 71.4 67.3 61.7 57 55 54.7 55.5 55.7 55.5 52.6 45 38.6 32.5 31.6 27.3 25.4 22.9 21.5 19.4 14.7 12.7 12.7 2 -2 -2 -2 -2 -2 -2 -2 -2 -2 -2 -2 -2 -2 -2 -2
-2 -2 -2 -2 -2 -2 -2 -2 -2 -2 -2 -2 -2 -2 -2 -2 -2 -2 -2 -2 -2 -2 -2 -2 -2 -2 -2 -2 -2 -2 -2 -2 -2 -2 -2 -2 -2 -2 -2 -2 9.1 34.4 41 47.6 35.9 41.7 46.3 51.6 57.8 67.5 75.5 83.2 84.9 86.8 83.8 82.2 82.3 81.4 78.6 75.5 72.4 67.4 63.7 60.3 57.4 56.5 55.8 53.5 47 37.3 34.9 32.4 28.5 25.6 23 19.9 17.2 15.2 14.8 13.2 2.4 -2 -2 -2 -2 -2 -2 -2 -2 -2 -2 -2 -2 -2 -2 -2
-2 -2 -2 -2 -2 -2 -2 -2 -2 -2 -2 -2 -2 -2 -2 -2 -2 -2 -2 -2 -2 -2 -2 -2 -2 -2 -2 -2 -2 -2 -2 -2 -2 -2 -2 -2 -2 -2 -2 16.8 32.1 39.5 43.7 50.8 45.5 45.2 48.8 53.6 60.4 68.7 78.4 87.2 92.2 94.1 94.8 91.5 90.3 87.9 85.6 83.1 80.1 76.3 72.9 69.8 67 63.5 58.7 52.8 44 39.1 37.3 33.9 31.3 28.5 25 21.6 19.3 16.9 15.4 13.9 5.3 0 -2 -2 -2 -2 -2 -2 -2 -2 -2 -2 -2 -2 -2 -2
-2 -2 -2 -2 -2 -2 -2 -2 -2 -2 -2 -2 -2 -2 -2 -2 -2 -2 -2 -2 -2 -2 -2 -2 -2 -2 -2 -2 -2 -2 -2 -2 -2 -2 -2 -2 -2 -2 -2 24 31.1 39.3 46.2 48.6 52.4 51.8 52.3 56.1 62.3 74.1 83 91.1 98.8 104 102.9 99.6 97.2 93.5 91.3 88.5 85.7 82.9 79.5 75.8 73.4 69.9 65.6 60 47.1 42.5 41 37.2 34.9 31.4 28.6 25.3 22.2 19.9 17.6 15.2 13.3 7.2 -2 -2 -2 -2 -2 -2 -2 -2 -2 -2 -2 -2 -2 -2
-2 -2 -2 -2 -2 -2 -2 -2 -2 -2 -2 -2 -2 -2 -2 -2 -2 -2 -2 -2 -2 -2 -2 -2 -2 -2 -2 -2 -2 -2 -2 -2 -2 -2 -2 -2 -2 -2 11.7 22.6 31.4 40.9 47.5 53.9 58.5 60.3 59.9 61.2 66.5 77.3 87.3 98.3 110.2 114.7 109.5 105.4 102.2 100 97.2 94.8 92.3 89 84.4 80.2 77.5 74.3 70.9 66.3 56.9 47.4 44.8 43.2 40.8 37.6 32.6 29.5 26.6 23.5 21.1 18.6 16.7 13.9 4.3 -2 -2 -2 -2 -2 -2 -2 -2 -2 -2 -2 -2 -2
-2 -2 -2 -2 -2 -2 -2 -2 -2 -2 -2 -2 -2 -2 -2 -2 -2 -2 -2 -2 -2 -2 -2 -2 -2 -2 -2 -2 -2 -2 -2 -2 -2 -2 -2 -2 -2 -2 10.8 18 34.7 45.3 52.3 58 61.6 65.3 67.8 69.3 72.5 79.9 89.4 104.5 120.5 121.3 113.6 107.8 105.9 104.1 101.6 98.3 95.8 91 86.9 83.7 80.7 77.4 74.1 70.8 66 56.6 46.6 49.8 48.7 45.2 39.1 35.3 31 27.6 25 22.4 20 17.4 14.1 3.5 -2 -2 -2 -2 -2 -2 -2 -2 -2 -2 -2 -2
-2 -2 -2 -2 -2 -2 -2 -2 -2 -2 -2 -2 -2 -2 -2 -2 -2 -2 -2 -2 -2 -2 -2 -2 -2 -2 -2 -2 -2 -2 -2 -2 -2 -2 -2 -2 -2 -2 6.6 13.6 30 44.7 56.4 64.3 61.9 63.6 66.4 70.1 73 75.6 81.3 92 110.6 121.6 112.1 108.2 107.1 105.6 104.1 101.1 97 92.4 88.9 85.3 82.2 79.4 76.1 73.6 70.7 61.5 50.2 55.5 54.4 51.9 46.7 42.2 36.2 32.8 29.6 25.9 22.9 20.5 17.9 12.8 1.2 -2 -2 -2 -2 -2 -2 -2 -2 -2 -2 -2
-2 -2 -2 -2 -2 -2 -2 -2 -2 -2 -2 -2 -2 -2 -2 -2 -2 -2 -2 -2 -2 -2 -2 -2 -2 -2 -2 -2 -2 -2 -2 -2 -2 -2 -2 -2 -2 -2 5.4 16.7 21.9 38 47 52.8 56.8 60 62.1 62.9 65.3 69.8 74.1 83 90.3 103.4 104.1 105 105.4 105.7 104.7 102.2 98.9 93.9 90.2 86.6 83.9 81.1 78.2 75.8 73.5 68.2 54.1 60.2 61 57.6 53.8 49.2 44.5 39.3 34.6 30.5 26.6 23.7 20.9 18.9 6.1 -2 -2 -2 -2 -2 -2 -2 -2 -2 -2 -2
-2 -2 -2 -2 -2 -2 -2 -2 -2 -2 -2 -2 -2 -2 -2 -2 -2 -2 -2 -2 -2 -2 -2 -2 -2 -2 -2 -2 -2 -2 -2 -2 -2 -2 -2 -2 -2 -2 9.2 16.7 30.1 38.5 49.6 60.6 62.3 61.5 60.9 61.3 65.3 69.6 73.8 72.8 77 91 92.8 93.6 97.8 99.4 100.2 99.5 98.1 94.7 91.3 88 85.1 82.2 79.6 77.8 75.5 72.4 60.1 59.5 62.7 61.7 57.9 54.4 51 47.5 40.1 36.1 32 28.2 24.4 19.8 17.3 5 -2 -2 -2 -2 -2 -2 -2 -2 -2 -2
-2 -2 -2 -2 -2 -2 -2 -2 -2 -2 -2 -2 -2 -2 -2 -2 -2 -2 -2 -2 -2 -2 -2 -2 -2 -2 -2 -2 -2 -2 -2 -2 -2 -2 -2 -2 -2 -2 15.5 19.4 32.5 36.2 47.4 58.6 63.4 61.7 61.9 61.9 62.6 66.5 72.6 69.8 68.5 72.3 77.8 81.8 86.2 89.9 91.4 92.1 93 92.4 90.7 89.2 86.2 83.2 81 79.1 77.3 75.5 68.4 59.8 63.8 64.7 62 58.5 57.4 54.2 48 45.2 40.2 34 28.4 23.9 20.7 14.1 3.7 -2 -2 -2 -2 -2 -2 -2 -2 -2
-2 -2 -2 -2 -2 -2 -2 -2 -2 -2 -2 -2 -2 -2 -2 -2 -2 -2 -2 -2 -2 -2 -2 -2 -2 -2 -2 -2 -2 -2 -2 -2 -2 -2 -2 -2 -2 9.3 14.1 21.5 37.5 40.5 50.1 59.1 66.9 64.1 62.7 63.3 63.4 63.9 64.6 66.3 67.9 70 75.6 76.9 79.9 83.2 85.5 86.9 87.2 87.7 88 87 86 84.3 82.3 80.8 79.1 77.3 73.7 61.7 65.4 67.4 65.3 62 61.8 58.7 55 51.9 47.2 36.1 34 29.8 23.7 20.8 13.9 3.7 -2 -2 -2 -2 -2 -2 -2 -2
-2 -2 -2 -2 -2 -2 -2 -2 -2 -2 -2 -2 -2 -2 -2 -2 -2 -2 -2 -2 -2 -2 -2 -2 -2 -2 -2 -2 -2 -2 -2 -2 -2 -2 -2 -2 -2 5.3 12.1 23.2 37.5 48.5 55.9 65.5 66 69.9 67.6 65.2 64.7 65.4 68.9 73.5 77.3 80.9 78.1 77.5 78.8 83.1 85.1 86.2 86.5 86.8 86.3 85.5 84.6 83.6 82.6 81.6 79.4 78.6 75.9 66.2 66.2 69.3 66.9 66.4 63.9 61.4 60.3 55.1 47.2 43.8 43 38 30.9 26.6 22.9 18.2 10.2 -2 -2 -2 -2 -2 -2 -2
-2 -2 -2 -2 -2 -2 -2 -2 -2 -2 -2 -2 -2 -2 -2 -2 -2 -2 -2 -2 -2 -2 -2 -2 -2 -2 -2 -2 -2 -2 -2 -2 -2 -2 -2 -2 -2 -2 10.1 24.8 34 47.3 63.3 73.1 78.3 72.1 74 68.3 68.5 72.1 75.6 82.1 89.9 91.4 88.5 81.6 82 84 85.6 86.6 87.2 87.3 86.5 85.6 84.6 83.3 82.3 81 80 79.4 77.6 73.8 64.9 70.1 69.5 68.2 66.7 64.8 62.6 55.5 47.1 52.5 49.7 43.3 37.4 32.7 28.9 25.2 21.7 10.3 3 0.9 -2 -2 -2 -2
-2 -2 -2 -2 -2 -2 -2 -2 -2 -2 -2 -2 -2 -2 -2 -2 -2 -2 -2 -2 -2 -2 -2 -2 -2 -2 -2 -2 -2 -2 -2 -2 -2 -2 -2 -2 -2 -2 13.1 24.3 36.7 49.1 57.7 74.3 78.3 75.6 74.2 73.6 76.1 81 87.2 92.1 98.8 98.4 95.7 88.7 85.7 87.3 89 90.4 88.3 87.6 86.7 85.7 84.6 83.1 81.6 80.4 80.1 78.3 78.1 75.2 74.5 69 68.3 70 69.3 66.6 64.2 54.5 59.5 58.7 54.1 48.7 42 37.2 33.3 28.7 25.2 21.4 14.4 9.3 5.4 2.4 -2 -2
-2 -2 -2 -2 -2 -2 -2 -2 -2 -2 -2 -2 -2 -2 -2 -2 -2 -2 -2 -2 -2 -2 -2 -2 -2 -2 -2 -2 -2 -2 -2 -2 -2 -2 -2 -2 -2 7.9 18.7 31.3 46.2 59.6 71 74.6 82.3 80.6 75.7 79.2 86 92.7 99.4 105.8 110.4 112.4 105.5 95.4 90.3 90.1 92.4 95.8 94 90.6 88.5 86.8 84.5 82.9 80.2 80.2 79.5 79.3 78.7 77.4 77.5 75.8 74.2 70.8 71.2 69.8 65.5 62.7 63.4 61.9 59.4 53.9 49.6 43.2 37.7 33.4 30.5 26.2 21.9 18.7 18 10.4 5.4 1.5
-2 -2 -2 -2 -2 -2 -2 -2 -2 -2 -2 -2 -2 -2 -2 -2 -2 -2 -2 -2 -2 -2 -2 -2 -2 -2 -2 -2 -2 -2 -2 -2 -2 -2 -2 -2 -2 6.8 23.9 35.8 57.3 79 94.2 101.5 96.8 87.1 80.9 82.4 88.1 100 114.9 118.2 123.3 123 115 107.1 98.1 94.1 95.2 97 96.1 95.3 92.6 90.1 87.7 85.9 83.1 79.9 79.5 79 78.6 79 78.9 78 76.5 73.6 72.3 70.8 67.2 67.3 66.1 64.5 62.5 59.5 55.6 50.2 44.7 38.6 36.3 29.1 26 24 20.4 18 14.4 8.7
-2 -2 -2 -2 -2 -2 -2 -2 -2 -2 -2 -2 -2 -2 -2 -2 -2 -2 -2 -2 -2 -2 -2 -2 -2 -2 -2 -2 -2 -2 -2 -2 -2 -2 -2 -2 -2 10.4 24.2 38.9 59.1 87.6 108.2 107.6 99.6 90.6 86.8 87.3 89.3 94.6 114.5 130.5 136.5 131.5 119.3 113.8 107.9 100.9 96.7 98.9 97.8 96.9 95.5 91.5 90.3 88.4 85.2 83.4 82.1 79.2 79.9 80.5 80.3 78.6 77.3 75.6 74.4 73.3 69.5 67.6 69.2 67.1 65.1 61.5 58.5 54.2 48.6 44.7 38.1 33.1 31.5 28.8 25 20 15.8 14.6
-2 -2 -2 -2 -2 -2 -2 -2 -2 -2 -2 -2 -2 -2 -2 -2 -2 -2 -2 -2 -2 -2 -2 -2 -2 -2 -2 -2 -2 -2 -2 -2 -2 -2 -2 -2 -2 17.1 27.4 43.3 62.4 87.9 106.3 102.7 96.3 91.1 90.4 91.2 93.3 98.5 103 109.5 140.8 134.4 121.8 116.5 111.8 106.3 101.6 100.8 100.1 99 96.4 94.4 92.1 90 88.8 86.1 83.5 80.7 80.6 81.5 80.8 79.6 78.8 77.2 75.8 73.9 71.4 70 70.3 69.7 67.7 64.7 60.9 58.1 53.2 46.8 41.6 41.9 37.6 35.9 31.8 25.7 21.1 18.5
-2 -2 -2 -2 -2 -2 -2 -2 -2 -2 -2 -2 -2 -2 -2 -2 -2 -2 -2 -2 -2 -2 -2 -2 -2 -2 -2 -2 -2 -2 -2 -2 -2 0.5 1.4 3.3 8.3 26.4 36.4 53.2 75.2 88.5 97.4 109.6 105.5 108.6 97 95.3 102.6 111.7 116.2 121.8 118.9 122.1 120.6 118.4 114.8 109.9 104.3 102.5 102.5 101.6 98.7 96 93.8 91.9 89.8 88.1 86.2 83.7 82.8 81.8 81.6 81 80.1 78.6 76.5 75.4 74.1 72.7 72.3 71.2 70.1 67.9 63.6 59.1 53.5 50.9 50.8 49.7 44.7 43 38.4 33.8 29 24.4
-2 -2 -2 -2 -2 -2 -2 -2 -2 -2 -2 -2 -2 -2 -2 -2 -2 -2 -2 -2 -2 -2 -2 -2 -2 -2 -2 -2 -2 -2 -2 1.9 3.1 4.8 7.6 17.2 27.2 33.1 44.8 59.2 79 104.1 117.8 120.7 113.8 111.6 107.9 107.5 113.4 121.9 129.8 131.2 136.3 127.8 122.4 119.5 116.2 112.6 108.9 104.7 103.6 102.6 100.1 98.3 96.2 94.8 93.1 91 87.8 87.2 85.4 85.5 83.5 82 80.8 79.5 78.7 77.7 76 74.7 74 72.9 71.9 70.2 62.4 59.8 59.3 58.4 56.3 55 51.8 48.1 45 42.5 38.2 32.8
-2 -2 -2 -2 -2 -2 -2 -2 -2 -2 -2 -2 -2 -2 -2 -2 -2 -2 -2 -2 -2 -2 -2 -2 -2 -2 -2 -2 -2 -2 -2 6 13.7 22 30.9 32.2 35.2 40.4 49.6 66.4 85.1 109.9 120.1 134.5 131.6 129 147.9 130.3 144 144.2 152 148.9 139 131.4 126.7 122.3 118.8 115.9 113.2 109.8 106.1 104.3 102.6 101.1 99.2 97.7 96.1 94.2 92.5 91 89.3 88.1 86.4 85.3 83.4 82.6 81.2 79.5 78 76.6 75.6 74.5 73.8 72.3 63.8 67.8 66.6 64.2 61.3 59.4 56.7 53.6 50.3 48.2 44.9 38.7
-2 -2 -2 -2 -2 -2 -2 -2 -2 -2 -2 -2 -2 -2 -2 -2 -2 -2 -2 -2 -2 -2 -2 -2 -2 -2 -2 -2 -2 -2 -2 10.9 30.9 35.6 40.3 43.4 46.1 48.2 55.6 67.4 83.7 109.7 111.4 129.8 142.7 166.6 168 155 166.7 171.8 168.4 160.2 147.8 140.9 135 130.2 125.9 121.8 118.7 115.8 112.1 108.4 106.2 104.2 102.4 101.1 99.4 97.9 96.8 95.3 93.5 92 91.3 89.3 86.9 85.5 84.4 82.8 81.2 79.2 78.1 76.9 76 74.2 71.3 66.9 69.6 66.9 64.8 63.2 60.7 57.5 55.4 52.8 49.7 46.5
-2 -2 -2 -2 -2 -2 -2 -2 -2 -2 -2 -2 -2 -2 -2 -2 -2 -2 -2 -2 -2 -2 -2 -2 -2 -2 -2 -2 -2 -2 -2 17.1 33.8 40.1 45.5 50.5 53.9 59.9 64 67.7 77.6 87.1 105.6 122.8 147 162 156.2 160.4 169.3 178 173.4 165.3 157 152.4 146.4 141.4 136.4 132 127.5 124.6 119.1 115.5 112.8 109.5 107.3 104.7 103.1 101.6 100.7 99.8 98 97.1 95.8 94.1 91.2 89.2 88.1 86.8 85.5 82.8 81.5 80.3 78.7 76.9 76.3 68.9 71.4 69.8 68.3 65.4 63.4 61.6 59.8 57.4 53.3 51.5
-2 -2 -2 -2 -2 -2 -2 -2 -2 -2 -2 -2 -2 -2 -2 -2 -2 -2 -2 -2 -2 -2 -2 -2 -2 -2 -2 -2 -2 -2 -2 14 32.3 41.2 48.1 54.4 60.2 66.2 71.9 78.6 84.4 89.5 102.8 113.1 123.4 136.1 148.1 159 174.2 176.8 172.2 169.5 165.8 161.7 156.7 150.7 146.9 142.2 138.2 133.8 128.4 124.2 120.1 117.9 114.2 111.7 109.2 107.3 105.9 104.4 102.7 101.1 99.7 98.3 96.3 94.2 92.3 91 89.8 87.5 85.8 83.1 81.9 80.5 77 74.7 74.2 72.4 70.8 67.7 66.4 65.9 63.7 61.1 57.4 56.5
15.6 -2 -2 -2 -2 -2 -2 -2 -2 -2 -2 -2 -2 -2 -2 -2 -2 -2 -2 -2 -2 -2 -2 -2 -2 -2 -2 -2 -2 -2 -2 11.7 29.7 39 47.9 55.3 62.8 70.2 77.7 84.9 92 97 102.5 112.7 123.3 135.1 148.9 157.2 163.1 168.2 171.5 170.6 169.7 168.1 166 161.7 157.7 153.5 148.4 144 139.7 134.4 131 126.7 122.9 120.7 116.8 114.6 111.7 109.1 107 105.6 103.7 102.4 101.6 99.5 98.4 96.9 95.2 93.3 90 87.5 86.4 84 80 79.5 78.5 76.5 74.2 70.5 68.8 67.9 67.5 65.6 63.7 61.5
15.3 -2 -2 -2 -2 -2 -2 -2 -2 -2 -2 -2 -2 -2 -2 -2 -2 -2 -2 -2 -2 -2 -2 -2 -2 -2 -2 -2 -2 -2 -2 11.5 23.9 34.2 43.7 53.1 62.9 71.8 79.6 87.5 95.5 102.4 107.9 112.8 118.2 128.3 134.2 143.4 151.9 160.9 167.1 170.7 168.7 169.2 169.5 168.9 166.8 163.6 159.6 155.9 150.3 146.3 141.9 136.6 132.9 129.8 126.7 122.8 120.8 116.8 113.7 111.9 110.1 107.6 106.4 104.3 102.7 101.9 101.1 97.8 95.7 92.7 90.8 88.1 85.7 82.9 82.3 80.8 78.8 74.7 72.3 70.6 69.1 68.4 66.8 65
25.2 -2 -2 -2 -2 -2 -2 -2 -2 -2 -2 -2 -2 -2 -2 -2 -2 -2 -2 -2 -2 -2 -2 -2 -2 -2 -2 -2 -2 -2 -2 5.8 19.4 28.1 38.9 48.3 59 69.2 79.4 89.2 97.3 104.8 110.5 116.4 120.8 126.5 133.6 141.4 148.4 155.2 161.6 164.6 167.3 168.6 168.7 169.1 169.1 168 166 163.7 160.9 156.8 153 148.3 143.6 139.3 135.1 131.3 129.5 126.4 122.7 120 117.7 114.2 111.3 110.3 108.6 107.5 105.2 102.5 102.2 98.4 96 94.1 90.1 87.4 85.6 84.7 82.7 80.6 76.6 73.5 71.2 71.1 69.8 67.9
28.1 -2 -2 -2 -2 -2 -2 -2 -2 -2 -2 -2 -2 -2 -2 -2 -2 -2 -2 -2 -2 -2 -2 -2 -2 -2 -2 -2 -2 -2 -2 3.1 15.5 24.4 32 41.5 52.1 63.5 74.7 84.2 95.6 102.9 107.5 115.9 122.8 128.4 133.8 140.5 147.3 155.3 162 167.2 168.3 167.2 167 167.3 167.5 167.8 166.7 166.5 165.4 163.8 161.5 158.2 154.5 149.9 145.4 141.3 137.7 135.3 132.2 129.1 125.5 122.7 120 116.3 114 112.1 110 107.8 106.9 105.9 102.2 100.2 96.9 92.3 90.7 88.3 86.1 85.2 84.1 78.8 75.7 73.1 71.6 69.7
26.6 -2 -2 -2 -2 -2 -2 -2 -2 -2 -2 -2 -2 -2 -2 -2 -2 -2 -2 -2 -2 -2 -2 -2 -2 -2 -2 -2 -2 -2 -2 6.3 14.8 20.7 27.4 35 44.5 56 66 72.9 84.1 90.5 99.4 109.3 114.9 121 129 137.5 144.1 151.3 157.3 163.7 166.9 165.1 165.6 166.3 167 167.2 167.1 166.8 166.4 165.1 164.8 163.4 161.5 158.9 156.4 152.7 148.7 144.5 140.7 137.8 133.9 131.5 128.2 123.8 121.7 117.3 115.1 113.2 111.6 109.6 107.5 105.7 102.9 99.9 95.6 91 90.8 90.9 90.2 85.3 79.3 75.8 74.8 72.1
28.4 7.3 6.7 -2 -2 -2 -2 -2 -2 -2 -2 -2 -2 -2 -2 -2 -2 -2 -2 -2 -2 -2 -2 -2 -2 -2 -2 -2 -2 -2 -2 2.4 14.2 19.1 25.1 30.8 37.5 47.2 55.6 62.4 70.3 82.1 92.5 98.2 103.5 113.1 121.4 131.4 139.7 146.5 151 154.8 157.9 160.3 161.9 162.9 163.9 164.6 164.7 165.3 165.3 165.9 165.6 165.4 164.2 163.8 162.5 160.5 158.2 154.6 150.8 145.9 142.7 139.5 136.3 132.9 129.7 125.9 122.1 119.4 116.7 115.7 113.6 111.8 109.3 106.7 101.4 97.1 94.8 95.6 93.7 90.4 85.1 81.4 78.7 77.3
26.8 12.2 -2 -2 -2 -2 -2 -2 -2 -2 -2 -2 -2 -2 -2 -2 -2 -2 -2 -2 -2 -2 -2 -2 -2 -2 -2 -2 -2 -2 -2 3 13.6 18.8 22.9 28.3 33.6 39.6 49.2 55.8 63.2 72.2 80.3 87.8 95.8 105.1 114.3 123.8 134.3 142 145.9 148.8 151.2 154.5 156.4 158.7 159.1 160.1 161.2 162.3 163.3 163.8 164.6 165.4 165.7 165.8 164.7 163.2 162.6 161.9 160.1 156.6 152.7 148.8 145.4 141.2 138.8 136 130.2 127 124.3 121 118.4 117.5 114.5 111.4 105.5 102.4 99.3 101.7 98.1 94.8 92 87.5 84.6 82.1
25.5 10.5 -2 -2 -2 -2 -2 -2 -2 -2 -2 -2 -2 -2 -2 -2 -2 -2 -2 -2 -2 -2 -2 -2 -2 -2 -2 -2 -2 -2 -2 7.1 14.5 18 21.4 25.7 30.4 36.7 43.9 50 57.6 65.5 71.6 79.6 88 98 109.7 120.1 127.8 134.7 138.5 141.2 145.1 148.1 150.9 153.1 154.6 155.7 156.8 158.9 160.3 161.4 162.1 162.9 163.9 164.6 164.7 165 164.7 164.2 163.9 162.8 161.5 158.3 155.1 150.6 146.8 144.1 140.1 137.2 132.6 128.9 125.6 123.3 120.2 115.4 111.7 108.3 102.9 104.5 101.3 98.4 96.6 92.4 91.3 87.3
23.2 2.6 -2 -2 -2 -2 -2 -2 -2 -2 -2 -2 -2 -2 -2 -2 -2 -2 -2 -2 -2 -2 -2 -2 -2 -2 -2 -2 -2 -2 5.8 11.7 15.3 18.5 20.8 23.6 28 34.2 38.9 46.4 52.7 59.9 65.8 74.9 84.5 93 101.4 108.6 116.1 123.2 129.2 133.1 138.3 141.6 144.8 145.6 148.2 151.1 152.9 154.8 156.4 157.6 158.7 159.7 160.7 161 162.4 163.8 164.8 165 165.1 165.1 164.6 163.8 162.3 159.5 155.2 152.1 149 145.6 141.8 138.1 134.1 130.6 125.3 119.4 115.9 113.2 110.9 108.3 105.5 102.7 102.7 98.7 96.2 93.8
19.7 1 -2 -2 -2 -2 -2 -2 -2 -2 -2 -2 -2 -2 -2 -2 -2 -2 -2 -2 -2 -2 -2 -2 -2 -2 -2 -2 -2 7.2 11.5 13.1 15.4 17.2 19.1 21.4 25.9 30.3 36.2 40.6 46.5 54 61.4 67.9 75.7 83.4 91.1 98.4 105.6 112.2 117.7 123 128.9 132.5 135.6 138.9 141.8 145.1 146.9 148.8 150.7 152.3 153.6 155.6 156.8 156.9 158.4 159.8 161.4 163.1 164.2 164.8 164.7 165.7 165.8 164.7 163.3 161 156.3 152.5 149.6 146.3 142.6 138.3 132.7 128.1 124.2 118.9 116.4 116.7 113.3 107.2 105.7 105 101 97.8
21.9 1.1 -2 -2 -2 -2 -2 -2 -2 -2 -2 -2 -2 -2 -2 -2 -2 -2 -2 -2 -2 -2 -2 -2 -2 -2 -2 -2 8.4 11.7 12.5 13.5 14.5 15.7 17.4 19.4 23.1 26.8 31.6 36.2 42 47.6 54 60.4 67.3 74 81.6 88.6 95.8 101.8 107.5 113.6 119.1 123.1 127.5 130.3 134.5 137.4 139.7 141.5 144 146.1 148.1 150.1 151.9 152.9 154.4 156 157.5 159.9 161.1 162.3 163.9 165.2 166.8 166.7 165.8 165.1 164.1 161.3 158.5 154 151.3 148.2 142.4 137.1 133 127.7 120 121.3 119 116.9 109.7 111.9 106.1 103.8
24 1.5 -2 -2 -2 -2 -2 -2 -2 -2 -2 -2 -2 -2 -2 -2 -2 -2 -2 -2 -2 -2 -2 -2 -2 -2 -2 4.3 10.8 12.2 11.4 11.4 12.9 14.3 16.2 17.9 20 23.6 27.4 31.9 35.9 41.1 46.2 51.7 59.8 65.4 73 80 86.6 92.5 98.4 103.7 108.7 112.7 118.4 122.5 125 127.5 131.1 132.9 135.7 138.9 141 143.2 145.4 147.6 150 152.2 153.7 155.9 157.9 159.2 160.7 162.7 164.4 165.8 165.7 166.5 165.8 165.9 164.7 162 158.9 155.9 152.2 147.2 142.4 135.9 131 128.9 123.9 121.8 117.3 118.3 110.7 108.2
22.4 1.7 -2 -2 -2 -2 -2 -2 -2 -2 -2 -2 -2 -2 -2 -2 -2 -2 -2 -2 -2 -2 -2 -2 -2 -2 -2 -2 -2 6.9 9.3 9.3 10.8 12.4 14.1 15.7 17.8 20.8 24.8 28.1 31.1 34.7 39.1 44.6 50.6 56.9 64.1 71.4 77.2 83.6 89.6 94.5 98.5 104.4 108.2 112.7 116.4 119.9 122.9 124.9 128 130.8 133.1 135.7 138.1 140.8 143 145.4 147.9 150.6 153.2 155.5 157.3 159.5 161.5 163 164.5 165.4 166.5 167 166.9 166.2 165 162.7 159.9 155.6 152.7 145.9 141.2 137.4 128.9 127 125.7 124 116.1 112.8
26.6 4.7 -2 -2 -2 -2 -2 -2 -2 -2 -2 -2 -2 -2 -2 -2 -2 -2 -2 -2 -2 -2 -2 -2 -2 -2 -2 -2 -2 2 4.2 7 8.7 10.3 10.9 12.9 15.3 18.2 22.3 25.4 28 30.4 35.3 37.6 41.6 47 55 61.2 67.6 73.8 79.1 84.3 89.5 95 99 103.5 107.2 110.9 114.6 116.3 119.4 120.9 124 127 129.4 131.9 134.8 138.3 141 143.3 146.4 149.7 151.9 155.2 157.8 160 161.8 163.6 164.7 165.5 165.9 167.3 167.5 167.7 166 163.2 160.1 156.6 150.5 146.2 139.4 135.9 133.1 128.9 124.8 118.9
28.1 13.2 -2 -2 -2 -2 -2 -2 -2 -2 -2 -2 -2 -2 -2 -2 -2 -2 -2 -2 -2 -2 -2 -2 -2 -2 -2 -2 -2 -2 -2 0.9 4.8 7.4 8.3 10 12.1 15.3 18.1 22 24.6 29.7 32.2 34.3 37.1 38.8 44.3 50.5 56.6 62.7 68.1 73.6 80.6 86.1 90.2 95.2 99.4 102.2 104.8 108.8 111.7 114.8 116.9 118.4 120.7 123.4 126.3 129.8 133.1 135 138.7 141.3 144.4 148.5 152.6 155.8 158.3 160.4 162.6 164 165.9 167.7 168.3 168.7 168.4 168.7 166.9 163.8 159.8 152.9 147.7 143.1 139.8 136.9 133.1 128.2
28.5 20.7 5.8 -2 -2 -2 -2 -2 -2 -2 -2 -2 -2 -2 -2 -2 -2 -2 -2 -2 -2 -2 -2 -2 -2 -2 -2 -2 -2 -2 -2 -2 -2 3.3 4.4 7.6 9.2 11.9 15.1 19 23.1 26.8 29.6 31.9 32.5 33.7 36.1 40.4 47.4 53.8 59.5 66 70.9 74.6 80.5 86.3 88.8 94.3 97.8 102.9 106.1 108.2 110.7 112.5 113.9 115.6 117.7 120.3 122.7 126.3 130.3 133.1 136.7 142.1 146 149.7 152.6 155.6 158.1 160.9 163.6 165.5 167.5 168.9 169.6 169.8 170.8 169.7 167.1 162.3 158.8 151.3 149.6 142.8 140.1 136.3
26.6 19.7 9.8 -2 -2 -2 -2 -2 -2 -2 -2 -2 -2 -2 -2 -2 -2 -2 -2 -2 -2 -2 -2 -2 -2 -2 -2 -2 -2 -2 -2 -2 -2 0 1.7 2.4 8.2 10.7 12.6 14 17.6 20.7 24 25.7 27.6 31.2 33.5 32.7 39.3 44.6 53.3 59.2 64.1 66.7 69.5 74.2 78.3 82.8 87 94.5 97.3 102.5 106.3 108 109.7 110.3 111.9 113.9 115.4 117.9 121.2 124.5 128.2 134.5 137.6 142.1 145.7 149 152.6 156.3 159.8 162.6 164.8 167.3 169.4 169.9 171.5 172.6 172.9 170.5 166.7 162.7 155.7 151.8 146.2 143.8
23.1 17 3.6 -2 -2 -2 -2 -2 -2 -2 -2 -2 -2 -2 -2 -2 -2 -2 -2 -2 -2 -2 -2 -2 -2 -2 -2 -2 -2 -2 -2 -2 -2 -2 0.2 1.5 3.2 7.7 9.8 11.5 14.9 17.7 22.5 22.6 25.6 27.1 27 32.2 38.9 45.4 53.9 59.3 60.8 63 64.2 65.6 70.7 73.4 76.7 83.8 87.4 93 97.2 99.7 101.8 104.6 106 108 109.6 112.1 114.3 117 120.3 125.2 129.3 134.4 138.3 142.1 146 149.6 153.7 157.8 161.7 165.1 167.7 170.3 172.1 173.9 174.1 174.6 174.6 172.1 165.4 159.6 154.9 150.1
19.9 14.6 -2 -2 -2 -2 -2 -2 -2 -2 -2 -2 -2 -2 -2 -2 -2 -2 -2 -2 -2 -2 -2 -2 -2 -2 -2 -2 -2 -2 -2 -2 -2 -2 -0.3 0.9 2.1 5.2 9 9.7 10.4 13.3 17 18.8 20.4 22 23.8 28.4 34.4 41.6 46.9 51.3 60.3 61.8 59.1 59.9 61.3 64.8 69.3 74.6 78.8 81.5 83.7 87 90.2 94.2 96.9 100.5 104.1 107.3 110.6 113.1 115.4 119.1 122.4 126.6 129.5 134 139 143.1 147.3 152.9 156.8 160.5 164.5 167.9 171.2 173.5 175.5 176.5 177.2 177.7 175.2 168.9 162.9 156.1
