Assets/StreamingAssets/GeoData/Data/sj/SJ03.asc
ncols 200
nrows 200
xllcorner 300000
yllcorner 330000
cellsize 50
[rows 70 to 104 of 200, columns 0 to 77 of 200]
177 170.3 167.9 168.1 168.7 167 169.8 176 182.8 190.6 194 197.8 207 215.7 224.8 234.7 248.8 263.1 274.5 284.5 295.2 302.6 308.4 313.2 316.7 309.6 305.7 302 298.3 296.7 296.5 293.4 291.8 290.2 289.1 290.5 296.8 302.9 308.6 314.2 322.1 329.8 326.8 327.6 323.1 318.9 314 306.9 294.8 275.5 253.9 245.4 245.6 242.4 239.4 237 234.3 231.1 226.3 219.3 205.4 195.4 188.9 185.7 182 176.5 170 166.6 161.5 163.6 164.5 165.6 169.2 179.4 190.8 204.7 220.2 238.6
184.3 180.8 180.4 180.8 180.1 177.7 181.9 185.3 197.1 206.5 209.3 212.7 221.5 231.6 241.1 253.8 266.7 279.4 288.4 299.7 307 312.9 316.9 321.9 323.5 321 317.8 314 314 314.1 313.6 312.4 313.7 316 314.1 311.9 314.4 318.5 322.8 330.1 336.7 338.5 338.9 337.6 331.5 324.3 317.1 309.7 297.7 279.6 257.1 255.3 249.4 246.1 242.7 240 237.7 235.6 230.3 223.8 206.6 196.6 192.2 187.7 183 177.9 170.4 165.3 163.7 164.9 165.8 166.9 173.4 182.8 196.6 212.2 227.3 250
194.1 194.5 194.3 194 186.8 188.7 192.6 203.5 212.6 216.9 220.3 227.6 239.2 247.9 254 266.1 278.7 287.9 299.2 309.1 315.9 320 324 328.9 332.2 334.6 331.7 328.1 327.4 327.6 327.4 326.6 326.6 328.5 327.9 326.1 327.5 333.9 338 342 344.7 345.9 347 344.9 336.6 328.1 320.9 310.4 297.7 278.3 262.5 257.7 252.2 248.1 244.6 241.2 240.3 239.4 233.9 221.5 209.4 198.7 194.5 190.2 185.7 181 170.4 166.1 164.6 166.2 166.8 170 178.4 187.2 202.1 219.9 235.2 260.9
205.6 204.9 205.7 199 197.7 201.3 208.6 221.1 230.1 233.5 238.8 248 256.5 260.8 267.4 275.8 287.2 298 307.2 316.5 321.2 325.3 330 336.3 342.6 344.9 344.9 339.3 337.3 338.2 339.4 338.3 339.4 340.2 340.1 337.7 338.1 341.2 346 348.3 349.7 351.3 351.3 348.2 339.4 333.2 324.3 314 301.5 279.9 265.1 259.2 254.6 249.6 245.5 243.2 242.1 239.6 232.9 223.6 211.8 202.5 198.2 195 191 182.1 170 166.7 164.4 166.5 167.2 172.6 182.5 192.3 208.2 223.6 244.1 270.6
219 225.6 225.3 216.2 224.1 220.1 223.4 231.4 239.3 249.4 258.7 266.9 272.6 277 282 290.3 298.8 308.6 316.8 323.6 329.6 333.3 339.1 345.1 349 352 349.6 347.8 347.3 348.1 347.5 347.9 351 351.9 350.1 346.3 347.1 349 350.9 352 352.1 352.8 351.4 349 343.1 335.5 326.6 317.8 304.7 283.8 268.6 263.3 256.9 251.6 246.9 243 240.4 237.6 231.7 226.3 217.7 207.4 201.8 195.7 189.7 179.6 171.1 167 164.4 166.7 168.3 176.9 186.3 198 212.2 229.7 252.6 280.1
246 241.8 236.7 236.9 241.4 238.7 240.2 248.5 258.3 270 278.6 285.7 291.7 296.4 301.3 310.7 318.5 324.1 331.2 336.7 341.5 343.5 348.7 350.7 354.4 356.8 355.9 354.3 353.9 355.7 355.6 354.5 357.9 358.5 356.8 354.1 354.6 354.6 356 355.3 355.1 354.1 352.4 349 343.7 334.6 327.9 322.4 306.5 287.3 272.9 265.6 259.4 251.5 246.4 242.7 239.4 234.8 229.9 223.7 218 209.2 199.5 191.5 184.7 176.5 170.4 168.8 165.1 167.6 173.8 182.1 189.9 202.7 218 237.5 261.4 289.2
251.3 245.1 243.7 248.2 252.2 255.5 260.6 269.5 281 289.5 297.1 299.9 307.9 315.6 322 330.3 334.7 338.5 345.1 350.6 352.1 353.7 356.9 358.3 359.6 361.6 360.7 359.8 359.7 359.9 360 361.3 364.6 364.9 363.2 362 361.4 361.3 361.6 360.1 358.2 356.2 353.3 348.9 344.1 337.1 329 321.2 304.9 289.3 276.3 267.7 259.6 253.4 246.9 242 237 231.2 225.9 220.1 214.2 204.6 193.2 185.6 179.7 172.7 169.9 169.3 167.7 168.8 176.4 184.8 193.3 204.2 224.5 246.7 271 300.6
262.5 256.7 261.4 271.8 276.7 279.5 283.8 290 298.5 303.2 310.6 317.9 327.3 334.2 339.3 342.9 347.2 351.2 356.7 361.3 363.7 365.5 365.1 364.2 364.3 366.3 365.7 365.3 364.9 365.8 367 368.3 370.1 370.1 369.6 368.7 367.7 367.2 366.4 364.2 362.3 360 356.3 351.8 346.7 339.6 330.9 320.5 307.4 293.9 279.7 268.6 260.8 253.2 247.4 241.5 236.4 230 223.4 216.8 206.5 198.1 188.7 182.4 174.9 172.2 170.9 168.7 169.5 168.8 176.4 186.6 195.3 212.8 232.6 257.8 282.8 311
283.1 273.5 290.3 295.8 297.4 300.1 304.5 309.4 314.1 321 329.4 335.1 341.6 346 350.7 354.3 357.6 362 367.9 372 374 374.7 374.4 372.6 371.5 371.5 371.3 370.9 370.5 371.8 373.6 375.2 375.5 375.3 374.6 372.6 371.8 371.8 370.6 368.8 366 362.9 359.3 355.2 349.2 341.5 333.5 324 309.4 297.7 283.9 270.9 261.3 254.2 247.5 241.8 235.3 228.1 221.6 214.8 206.1 195.1 187.2 179.5 173.9 172 171.4 169.5 165.8 169 182.9 189.9 203.2 221.9 244 268.4 295.6 322.6
292.3 298.5 309.8 312.7 314.6 317.5 322.2 327.3 331.3 338 343.8 347 350.6 354.9 359.3 364 367.7 372.9 377.3 380.9 382.6 382.6 381 377.4 375.8 375.2 375.3 376.4 376.1 377.4 378.6 379.7 379.7 377.9 376.5 376.1 375.8 375.3 373.8 371.2 367.4 365.8 362.3 359 352.1 346 337.3 326.7 311.3 299.9 288 273.9 262 252.4 246.3 239.3 232.4 226.3 219.4 212.7 205.4 196 186.4 177.5 174 173.2 172.3 170.8 169 176.8 187.4 194.1 209 230.9 254.1 278.8 306.9 333.7
321 322.1 327.6 329.4 333.3 336.2 339.9 343.3 346.6 350.9 353.4 356 359.4 364.3 369 372.2 376.9 381.3 385.2 388.9 388.4 386.8 384.8 381.8 378.9 378.1 377.1 378.5 379.9 381 382.1 380.8 379.3 378 378.5 378.3 377.5 376.3 374.7 371.9 369.7 368.2 366.5 362.3 356.2 348.8 340 332.1 316.1 301.3 289.6 275.8 262.2 250.9 241.9 235.5 227.9 222.1 216.4 210.3 203 194.1 185 176.1 173.9 172.9 173.7 171.9 168.5 175.5 189.7 197.3 216.1 240.1 263.4 288.3 315.9 341
338.3 344.9 352.1 355.8 357 356.4 357.1 359 360 361.9 364.5 367.1 370.8 375.1 381.1 383.7 386.3 388.9 390.6 391.7 391 389.4 387.4 386.1 380.6 377.2 378.8 380.7 382.2 382.8 381.3 379.9 378.5 378.7 379.3 379.1 377.2 375.5 374.8 373.2 372.3 370.5 368.9 364.4 358.8 351.7 342.9 334.5 317.2 304.6 290.4 276.3 263.2 249.8 239.6 231.5 225.5 219.5 212.7 207 201.3 193.1 183.6 176.3 174.9 173.2 172.3 172.9 174.2 186.4 192.2 202 223.3 246.9 271.4 296.3 321.4 345.7
357.9 364.6 369.2 371.8 375.4 373.1 370.6 372.3 372 372.9 375.6 378.9 382.7 386.4 389.3 391.2 392.9 393.7 392.9 393.7 393.1 391.6 388.2 382.6 378.1 378.1 378.6 380.5 382.3 381.8 380.4 379.1 379.2 379.4 379 378.3 376.8 374.9 374.1 374.1 373.5 372.8 371.6 366.6 361 353.7 345.1 334.4 318.6 301.2 289 274.1 263.4 249.3 237 229.3 222.3 216.6 211.6 205.5 200.9 194.1 186.2 177.7 174.2 174.6 177.5 183.2 186 189.8 195.1 208.2 230.5 254.1 278.1 303.1 327.4 349.4
370.4 375.1 376.6 379.6 381.7 383.4 383.7 384.7 384.9 385.6 386.8 390.4 394.6 396.7 397.5 398.3 398.7 398.2 396.3 393.8 393.1 390.1 385.3 381.3 376.6 378.7 378.8 380.4 382.1 380.6 378.6 378.1 377.7 377.9 377.9 377.3 376.4 375.1 373.6 373.6 373.9 374.6 374 368.6 362.9 355.3 347.3 335.4 315.2 298.3 286.1 272.3 259.9 249.1 237 228.3 222 215.6 210.7 206.9 202.5 196.7 189 173.6 176 178.3 180.5 184.3 188.2 192.7 201 214.3 234.8 258.4 284.5 309.7 331.4 351.7
377.9 383.2 387.8 393.2 396.7 397.1 396.9 396.9 396.4 396.9 398.7 402.5 404.9 405.4 405.5 404.6 402.8 399.2 396 391 387.1 381.5 378 375.8 375.1 377 378.6 379.5 379.7 378.2 377.7 377.2 376.7 376.3 376.4 376 375.6 374.8 373.8 372.6 373.4 375.7 374.4 372 366.4 357.9 346.7 327.8 307.9 296.7 281.7 267.5 256.9 246.2 236.1 226.6 220.7 214.4 210.8 208 203.6 198 188.8 174.9 177.5 178.7 181.4 183 188.5 195.4 204 215.9 238.5 261.6 288.7 313.3 333.9 354
385.4 390.6 396.6 402.9 405.7 406 406.6 406.8 406.9 407.6 410.6 413.5 414.9 413.4 410.6 406.6 402.6 397.8 393.8 387.9 382.5 376.7 374.9 373.5 373.4 374 375.2 377.5 377.1 376.5 376 375.5 375 374.5 374 373.5 373.2 373.5 372.2 372.9 373.7 373.2 374.1 372.2 365.7 354.3 339.4 319.3 304 291.4 274.6 262.1 250.9 239.5 228.5 221.9 217.4 211 209 206.2 200 193.9 177.9 176.5 178 180.7 182.6 184.5 187 195 206.9 219.2 240.8 262.9 289.5 315.1 334.3 351.4
393.2 398.7 405.7 411.4 414.4 414.6 415.8 416.5 416.3 416.3 419 420.6 418.8 416.2 411.7 405.2 400.3 395 390.2 384.6 377.8 375.1 373.7 373.4 373.3 373.3 373.6 375.7 374.7 373.9 373.1 372.6 372.1 370.8 370.3 369.4 369 370.9 369.8 369.8 369 370.9 372.5 370.5 364.1 347.5 330.9 313.8 297.3 284.3 266.4 254.8 244.2 232.9 223.7 219.4 213.5 208.5 205.8 202.8 196.4 186.2 176.5 177.3 178.6 180.6 182.7 185.4 189.2 192.8 209.2 221.1 240.2 261.4 285.8 310.7 328.7 344.1
401 410.4 416.1 419.8 423.6 425.3 425.1 422.7 423 423.6 423.9 420.6 418.5 414.1 406.9 401.4 396.6 391.6 386.4 381.1 375.6 373.8 373.6 373.3 373.2 373.2 373.4 373.9 372.8 371.6 370.6 369.8 368.5 367.2 366.4 366 365.6 364.6 363.8 364.8 366.3 370.3 369.7 366 362.3 349.8 323.1 301.5 288.7 274.8 257.7 245.1 236.5 226.4 219.2 215.8 211.9 206.4 200 195.4 188.6 179.2 176.9 179 180.7 182.2 184.2 187.6 191.1 195.3 207.1 221.9 236.5 255.7 278.5 300.7 318.9 335.2
412.3 419.7 426.1 429.7 432.1 431.8 429.6 428.5 429.3 427.4 423.9 420.3 415.3 408.9 403.4 400.3 395.4 389.7 384.2 378.8 374.9 373.5 373.5 373.2 373.1 373.2 373.3 372.8 372 371 369.1 367.2 365.5 363.7 362.5 363 361.5 359.6 357.3 357.2 359 363.5 361.8 360.5 356.6 336.5 316.1 294.7 278.1 263.1 247.8 236.9 231.5 224 219.7 215.6 213.7 206.9 197.7 189.5 181.7 179.1 177.6 180.8 182.5 185.2 187.4 189.5 193.7 197.2 203.4 219.3 231.6 248.3 269.6 288.9 307.3 324
420.3 427.9 434.1 438.3 438.6 437.8 435.6 433.3 431.4 426.6 422.1 418.7 412.7 406.5 401.8 398.7 393.2 387.6 382.4 377.7 374.2 372.8 373.1 373.1 373.1 372.8 372.2 371.7 371.2 370.4 368.9 366.7 362.8 358.1 356.9 356.4 355.1 353 349.5 349.5 350.4 351.7 353.3 351 339.1 321.8 303 282.2 266.7 250.6 237.9 231.8 227.5 222.9 220 218.3 216.3 210.6 197.5 186.8 182.5 179.8 177.5 181.5 183 185.1 189.4 191.6 195.1 198.2 201.7 205.3 218 237.5 256.5 274.3 291.5 309.9
429.2 435.6 439.9 442.9 444.1 443.9 438.3 432.8 428.7 424 420.5 417.1 411.9 406.9 401.3 395.7 390.3 385.3 381.3 377.5 374 372.2 372.5 372.8 372.1 371.6 371 370.5 370 369.8 368.5 366.1 361.4 354.4 349.1 349.9 347.8 344.3 340.8 341.4 340.5 340.8 338.9 333.8 322.6 303.5 287.4 269.5 251.9 237.1 230.1 225 221.6 218.6 219.9 219.2 216.5 209 194.4 184.2 182.3 179.9 178 180.3 183.7 186.8 191.3 197 206.3 215.2 213.4 216 213.5 219.8 242.7 260.3 277.7 300.4
435.7 441.1 445.4 447.6 444.8 441.9 434 429.7 426.9 422.5 419.2 414.4 408.6 403.7 398.6 393.1 388.2 383.9 380.2 376.8 374 371.5 372.1 371.9 371.2 370.4 369.5 368.9 368.5 368.9 368.2 365.4 359.3 351.6 343.1 340.7 338.4 335.9 332.8 329.1 326 325.1 319.9 314 301.6 284.6 268.1 251.1 237.5 228.6 222.1 217.2 211.6 208.5 211.9 216.3 213.1 202.1 191.9 184 187.2 185.3 181.4 182.2 185 188.7 194.8 205.5 216.9 229.1 237.8 236.4 229.8 221.1 230.7 248 268.9 292.9
436.1 439.7 441.4 440.4 439.9 437.7 432.9 428.5 427.2 420.3 416.3 411.4 406.5 401.3 396.3 391.8 387.1 382.6 380.1 378 375 372.2 371.1 371.1 370.4 369.6 368.7 367.8 367 367.4 367.6 363.6 356.8 349.4 341.8 331.4 328.1 323.7 319.2 316.7 309 305.9 301.5 294 283.2 265.9 249.9 234.7 228.7 220.2 214.9 209 201.9 200 201.6 202.6 202.1 197.7 188.6 186.5 191.5 190.8 181.5 183.8 186.7 192.9 202.4 213.9 225.4 242.3 252.5 254.6 248.3 238.4 231.3 240.7 262.4 285.4
437.4 437.3 438.3 437.9 437.3 436.3 429.7 428.1 423.2 418.2 414.3 409.2 404.5 399.8 395.4 390.9 386.2 383.6 381.7 379.6 376.2 373.4 371 370.3 369.6 368.8 368 366.1 365.1 366.8 365.9 361.9 355.6 348.4 340 329.9 319.8 310.7 305.9 300.9 292.5 286 281.4 276.6 264 246.7 234.3 226.1 218.5 210.7 205.6 201.2 198.3 195.8 198.6 197.4 195.8 192.5 187.9 189.1 194.8 193.7 182.1 184.2 188.6 196.8 205.4 221.5 236.4 250.1 259.7 267.4 265.4 260.1 249.6 239.6 256.8 279.1
438.3 437.7 437.1 435.9 435 432.6 427.6 425.3 421.6 416.3 412.9 409 404.5 399.2 394.4 390.9 387.3 384.8 383 380.9 377.4 374.9 372.7 371.3 369.7 369.1 368.2 366.4 362.8 361.9 362.4 358.9 353.6 348.4 341.6 333.1 324.2 313.6 294.2 284.3 276.4 265.9 260.1 251.8 243.1 232 222.7 215 209.8 205.5 201.4 201.2 207.5 204.7 193.8 191.8 193.9 191.1 191.1 194.9 196.5 191.8 184 183.1 187.7 198.6 210.9 228 244.2 255.6 270.1 282 282.4 279.4 268.4 255.4 253.4 274.6
439.1 437.4 436.1 435.2 434.4 430.8 425.9 422.1 419.2 415.2 411.4 407.6 403.6 400.9 396.8 393.1 389.5 386.1 384.4 382.7 379.3 377.3 375.8 374.5 372.9 371.3 369.5 368.2 366.7 362.6 356 352.4 348.5 345.2 339.5 331.2 324.8 317.2 301.6 287.7 271.5 254.5 242.7 237.1 228.3 218 212.1 209.5 207.8 213.5 221.6 221 219.5 216.3 208.3 197 193.9 192.7 196.5 199 200 195.1 185.8 185.3 189.1 201.4 214.6 232.5 249.8 265.9 284.5 296.3 301.4 299.9 289 274 260 271.7
438.9 437.3 436 434.7 432.9 428.9 425.8 424.1 420.6 414.7 410.9 407 404.3 402.1 398.8 395.4 391.6 388.3 386.8 384.4 382.4 380.8 380.2 378.6 376.7 374.4 372.1 370.6 368.6 364.6 360.1 353.7 348.4 340.3 328.8 325.3 314.4 305.6 289.2 264.9 250.8 239.4 229.8 225 217.7 214.1 212.2 213.6 220.2 228.5 229.1 228.9 227.6 225.3 217.5 210.9 204.4 204.2 203.2 202.2 202.6 198.1 186.2 184.2 192 206.1 224.4 241.3 262.7 281.1 298.5 311.9 317 316.2 306.4 290 274.7 268.8
436.9 437 435.3 433.4 431.8 428.6 425.5 424.4 421.4 415.1 410.9 407.6 405.3 403.1 399.9 397.2 394.5 391.5 389.8 389.1 386.7 385.6 384.7 382.5 382.4 379.4 376.1 373.3 370.4 366.5 361.4 356.5 351.2 345.2 338.8 330.4 320.4 305.2 288.6 262.4 248.3 233 225.6 219.7 219.3 227.3 231.7 233.3 232.4 233.4 232.5 231.6 232 230.7 222.1 214 209.9 206.2 203.7 203.2 203.1 194.9 184.8 187.3 197.4 213.3 229.7 250.9 273.6 293.6 310.9 327.1 333.3 331.1 321.1 304.8 289.5 274.1
434.8 434.2 432.7 432 431.2 429.1 427.8 424.6 421.1 417 412.1 408.9 406.6 404.5 401.8 399.2 396.7 396.2 396.1 393.3 391.3 390.3 388.6 387.7 388.1 385.6 381.8 377 372.4 367.4 361.8 356.9 351.8 345.7 339.7 327.5 316.2 299.3 270 249.3 232.1 224.8 222.6 229.6 239.8 245 246.2 244.7 241.7 241.7 240.5 242.2 240.8 235.5 225 215.2 211 206.3 204.2 204.3 195.4 187.4 187.9 192.7 202.7 220.4 234.9 259.1 282.5 304.3 322.6 337.9 344.8 344.3 334 319.1 304.9 292
431.6 430.4 429.4 429.2 429.6 430 428.6 425.5 423.3 419.8 413.9 410.9 409 407.1 403.9 402 400.7 400.8 401.4 397.5 395.9 394.8 393 391.1 391.5 390.9 386.7 380.7 376.4 369.3 361.1 356.2 351.5 345.3 336.6 325.1 309.6 287.1 258.1 232.3 234.4 240.4 246.4 249.1 252.3 254 253.1 253.6 253.9 254.4 253.7 254.7 248.4 239.1 227.2 216.5 211.4 207.6 205.1 203.5 190 188.7 190.8 196.9 210.8 226.3 240.8 265.5 289.8 314.3 334.1 348.8 355.6 353.8 344.9 331 320.1 307.7
426.4 426.8 429.1 428.4 428.4 429.1 428.3 425.2 424.8 421.7 415.6 413.2 411.2 408.6 407.2 405.7 405.4 405.4 404.2 402.1 400.1 398.4 396.6 395.3 395.2 394.4 392.1 385.7 380.2 370.9 359.5 353.5 349.1 342 329.4 315.9 299.8 276.8 249.6 241.8 249.7 252.9 256.2 257.8 261.1 261.2 262.9 266.5 266.2 264.1 265.7 263 252.2 240.7 228.2 218.4 212.6 208.9 204.5 192.3 188.9 189.7 195 203.5 216.5 232.3 249.7 273.5 298.4 324 344.1 355.1 361.5 363 355 344.6 334.8 325
421.2 424.6 427.7 425.6 426.2 429.2 428.7 424.7 423.4 419.3 415.7 414.4 413.1 411.8 410.1 408.5 408.8 408.8 409.3 407.3 405.7 402 400.6 399.4 398.1 398.6 397 389.3 380 366.7 359.3 351.7 345.5 336.8 327.4 308 288.9 266.9 240.9 249.8 256.8 259.8 264.9 270.7 274.1 275.4 278.4 281.6 278.4 277.5 276 267.9 254 242.7 229.1 218 210.7 207 196.8 191.7 189 193.3 199.7 208.3 222.2 237.6 257.4 279.5 307.3 333.5 351.2 361.9 366.8 367.7 364.5 358.1 350 340.6
417.9 422 423.7 423.7 424.6 427.8 428.6 425.2 421.1 419.4 417.5 416.2 414.6 412.9 411.2 409.8 409.3 410.5 414.7 413.9 412.2 406.4 403.8 402.5 401.2 400.7 397.8 386.1 376.7 367 357.4 346.6 341.2 331.7 323 301.3 272.4 251.2 254.5 263 267.8 270.3 277 283.9 286.9 290.5 291.8 291.4 290.9 288.9 285.8 269.9 256.6 244.5 231.5 218 209.8 206.1 195.7 191.9 190.1 196.7 203.8 214.3 227.7 243.9 264.2 286.1 313.7 339.8 356.7 365.4 368.5 369.9 369 367.7 361.7 352.3
415.9 418.1 419.7 424.5 423.2 425.1 427.2 422.9 420.4 419.8 419.1 417.5 415.8 414.1 412.5 411.1 410.7 412.7 418.4 419.3 415.7 411.9 408.1 406.1 402.1 402 395.1 381.8 375.6 361.4 352.6 344.4 337.6 329.2 313.4 289.6 258.6 259.3 271.5 277 280.4 284.2 290.3 294.8 299.9 302.4 302.1 300.5 301.1 292.5 280.5 266.7 253.2 243.1 229.8 218.9 208.6 201.7 194.1 192.7 190.8 199.7 208 219 231.1 249.4 272.1 295.6 320.9 344.2 359.3 364.9 368.7 371.4 372.3 372.4 370.7 366.6
411.7 413.4 418 420.9 420.9 420.2 423.6 422.2 419.7 419 418.5 417.5 416.2 415 413.8 412.1 414 418.6 420 420.2 418.4 416 410.3 407.2 399.9 394.3 385.7 375.8 367.4 357.3 349.4 342.3 332.8 324.2 309.4 274.9 263 276.7 285.6 292.1 295.1 298.2 302.7 308.8 313.4 315.5 312.5 313.6 306.3 295.8 275.5 261.8 252.1 241.3 227.9 217.4 206.7 196.2 192.5 192.3 191.7 202.5 210.2 220.6 236.1 258.1 283.1 305.6 327.9 347 360.1 365.7 369.4 372.6 376.1 377.6 377.2 375.8
