Assets/StreamingAssets/GeoData/Data/sj/SJ10.asc
ncols 200
nrows 200
xllcorner 310000
yllcorner 300000
cellsize 50
[rows 35 to 69 of 200, columns 0 to 77 of 200]
185.1 180.2 176 172.9 170.1 167.8 168.2 168 171.4 174.9 182.7 189.9 193.4 196.5 198.1 203 210.4 213.6 213.9 213.6 212.7 214 211.7 207.7 203.8 200.8 197.9 196.2 194.2 189.4 178.4 162.4 152.6 146.2 139.3 136.3 134.7 132.1 130.8 127.2 123.6 121.3 119.1 113.7 116.7 119.6 119.4 120.2 121.8 124.1 124.5 128.6 136.6 144.8 146.2 135.1 129.8 125.9 120.4 116 113.4 112.4 112.3 115.9 112.2 106.5 103.6 101.8 102.2 101.8 101.6 102 101.9 102.2 100.9 102.3 102.2 102.8
180.1 175.2 172 169.3 169.2 170.4 170.2 172.7 179.4 185.3 189.7 193 195.8 196.7 198.4 202.4 209.2 212 212.1 213.6 219.6 221.6 216.8 212.6 211.5 211.5 209.3 209.7 202.7 193.1 179.7 175.6 175.4 173.4 166.7 149.9 143.7 133.3 127.7 124.4 120.9 118.6 116.2 113.6 115.1 118 118.1 117.5 114 110.3 111.3 117.5 123.1 131.4 133.6 128.2 119.4 116 113.3 112.9 110.9 111.9 111.7 110 107.3 104.9 104.5 101.6 102 102.4 102.5 102.1 102.5 102.4 100.9 101.5 102.2 102.6
174 171.1 170.7 171 170.4 171.2 175.1 181.8 188.4 191.4 194 196.3 197.9 197 197.5 201.2 207.7 209.7 210.2 213.2 219.4 224.2 224.3 221.5 221.7 223.4 217.2 211 203.4 196.7 193.5 193.7 190.3 184.2 177.8 166.8 155 141.2 128.6 123.5 119.6 117.3 114.4 111.4 113.8 114.8 110.7 109.4 108.8 106.9 106.9 106.2 110.3 114.3 119.9 113.8 112.3 112.7 111 109.6 109.3 109.4 108.7 105.1 104.4 104.5 104 103.9 102.3 102.3 102.3 102.1 102.3 101.8 100.9 102.2 102.2 102.6
173.9 173.3 173.3 173 173.3 176.5 184.8 189.5 193 196 198 199.3 198.2 196.6 196.3 198 203.4 204.9 206.6 213.1 219.2 226.7 230.5 230.6 230.9 228 221.3 216.1 210.6 207.9 205.1 199.3 190.6 183.8 174.6 163.8 155.9 146.5 134.6 124.2 118.7 116 114.2 110.2 110.2 108.5 107.5 107.2 107.7 105 104.8 104.9 105.6 105.2 104.3 104.7 106.4 106.4 105.7 105.5 105.8 104.5 104.4 104.1 104.1 104.5 104.1 103.6 103.8 102.5 102.7 102.9 102.7 102.8 101.7 102.4 102.8 103.1
177.4 175 176.8 176.9 182 184.8 192.5 195.4 197.8 200.3 202.1 202.7 200 196.7 195.6 196.6 199.4 204.4 208.1 213.6 218.7 224.8 230 231.8 232.1 229.3 226 220.6 215.8 209.8 202.9 193.3 184.4 176.3 166.9 156.8 144.9 136.5 129.9 121.6 114.6 110 108.5 107.5 104.3 104.5 106.9 107.3 109.1 112.5 113.1 110.8 109.7 108 106.3 105.7 104.3 103.7 105.1 105.1 105.2 105.2 104.7 104.6 104.3 104.1 104.2 103.4 103.4 103.3 103.1 103.3 103.3 101.9 102.4 102.9 102.9 103
177.7 180.9 182.6 181.3 187.5 193.1 197.7 201.1 203.3 205.8 206.6 206.2 202 197.2 195.6 195.9 199.4 204 207.2 214.2 218.8 223 226.7 228.4 227.9 226.2 224.1 218.3 209.6 202.3 195.9 187.2 177.9 167.6 156.7 145.3 134 126.6 121.8 110.8 108.7 106.3 105.3 108 111.4 114.6 115.2 114 115.6 115 115.6 115.4 114.6 112.6 107.7 108.9 107.9 106.5 104.4 102.5 104.1 104.9 104.7 104.6 104.4 104.1 104.1 102.9 103.1 103.3 104.5 103.3 103.1 101.6 103 103.3 102.8 104.3
186.1 186.8 185.9 188.5 192.8 197.8 202.4 206.6 208.8 210.5 211.1 208.4 202 197.5 195.4 195.8 198.1 200.7 205.5 213 222.2 226.9 229.2 227.6 225.6 222.3 215.3 210.2 199.2 192.3 184.1 177.1 168.5 156.8 143.3 132.2 123.9 119.4 109.1 107.1 105.8 111.5 114.4 116.4 115.7 116.9 116.7 116.2 117.2 116.6 117.7 119 117.8 113.1 109.9 112.7 112.5 110.2 108.7 107.3 102.4 102.7 102.6 104.1 103.8 103.6 103.6 103.5 103.7 103.6 103.8 103.2 106.7 106.8 107.9 109.1 107.4 110
193 190.6 192.3 196.3 199.1 203.3 209.2 213.3 215.4 215.9 213 207.9 201.5 197.4 195.5 191.9 196.4 195.6 201.6 215 221.7 225.1 225.2 226.4 217.4 204.3 202.5 196.2 186.3 177.3 168.1 159.6 150.1 137.6 127.2 121 109.9 106.9 105.9 109.4 117 120 119.7 119.3 117.6 117.3 117.5 117.7 118.8 119.7 119.7 119.6 117.4 112.9 116.6 118 118.2 116.9 115 113.7 114.3 115 108.8 102.1 102.7 102.4 102.3 101.9 101.5 101.3 101.3 102 103.7 109.2 114.2 112.2 110.5 108.4
196.3 197.2 198.6 200.7 204.9 209.9 213.8 218.2 220.2 217.2 213.6 207.9 201.7 197.5 195.4 193.4 189.1 187.3 197.2 209.3 214.6 217.2 217.2 212.5 201.6 192.7 185.5 180.5 170 159.8 149 140.9 130.4 121 112.4 107.8 107.7 114.5 121 122.5 122 122 121.6 119.9 118.4 118.8 119.2 120 120.4 120.9 120.4 119 115 118.6 119.5 120.3 121.8 121.2 119 119 121.1 120.9 120.3 115.1 113.2 115.7 115 117.8 115.9 113.9 111.6 105.4 111.6 115.3 115.7 115.1 112.3 111.5
199.3 201.4 202.6 206.6 212.3 216.2 221.7 224.3 222.7 218.6 215.1 206.8 202 198.5 196.3 194.1 193.3 177.7 189.9 200.6 206.6 210.6 205.2 197.4 187.5 175.2 168.7 162.2 153.4 142.4 132.2 125.4 115.2 108.7 106.3 115.8 120.5 123 125.1 124.6 124.4 123.5 122.8 121.2 119.6 120.3 121.1 122 122.5 121.8 121.6 120.1 116.3 120.3 120.6 121.6 124.9 126.4 123.4 121.8 125 127.6 128.7 129.6 128.4 127.3 127.4 125.8 121.9 118.2 117.9 107.8 113.7 114.6 117.1 116.1 112.9 113.2
200.4 202.5 206.9 211.9 217.3 225.7 228.2 226.8 223.8 219.5 214.9 210.6 205.3 199.9 196.9 194.6 192.1 180.7 175.7 189.4 199.1 198 189.5 181.6 175.1 157.5 151.3 142.7 134.8 127.4 120.7 110.3 107 111.6 122.6 124.7 126.5 128.1 128.5 129 129.3 128 127.5 125.7 123.7 123 123.2 123.7 124.1 123.4 122.1 120.1 118.8 121 124.2 125.8 127.5 126.8 125.6 125 125.9 130.8 135.3 137.3 137.7 136.3 135.9 132.4 126.5 120.9 119.2 114.8 107.9 116.5 118.3 118.3 115.4 115.4
202.3 206.7 213.8 217.3 222.7 227.6 229.3 229 226.2 221.8 217.2 215 207.9 202 196.9 194.3 188.9 176.7 160 177 188.8 179.9 174.2 166.9 156.9 145.6 136.1 129.3 123.2 111.5 109.5 107.2 114 122.5 122 125.4 128.5 131.3 133 134.7 136.4 134.7 133.2 131.3 127.5 125.9 126.4 127 126.2 125.4 123.5 122 121.2 120.6 125.1 129.3 130.9 128.8 128.5 128.7 127 131.3 136.7 140 140.6 141.1 139.9 136 129.3 124.5 120.2 116.5 111 118.7 121.5 120.4 118.7 118.1
208.2 216.2 219.8 224.1 227.1 230.9 230.8 227.8 224.4 221.7 217.4 212.7 206.2 201.3 196.7 191 182.9 178 168.9 161 172.2 167.6 158.2 149.7 142.5 132.7 125.8 117.4 110.1 108 108.5 114.3 122.6 127.6 130.9 129.7 132 130.5 133.6 135.4 137.5 137.7 137.7 134.7 130.1 131.4 131.2 130.4 129.4 127.6 125 124 122.7 123.5 124.6 128.3 133 133 135 133.4 130.5 131.2 134.3 138.3 141.1 143.2 143.6 139.1 135.5 129 120.9 111 119.9 124.2 127.4 126.6 124.5 122.9
218.9 222.4 222.9 225.5 228.3 229.8 228.4 226.5 223.9 220.9 215.9 209.2 203.8 198.3 193.2 185.6 180.3 181.1 173.4 157.8 157.2 155.2 147.7 138.3 131.3 124 113.4 110.4 108.5 111 115.7 122.7 128.9 133.2 135.5 137 136.8 135.6 135.9 137.3 136.9 138.3 139.3 137 134.2 137.9 137.3 134.2 132.1 130.1 128.9 126.3 125.3 126.3 126.8 130 138.1 139.8 142.7 142.9 135.5 134.2 134 135.7 140.5 144.9 146.8 142 136.3 128.2 115.3 118.6 122 127.2 133.4 136 137.2 133.4
222.3 223 223.8 227.1 230 227.9 226.4 223.8 223.8 220.3 213 206.8 204.3 196.1 187.6 182 178.4 170 168.9 162.5 141.6 144.6 137.3 128.7 124.9 113.3 111.3 107.9 111.2 115.9 123.8 130.6 136.5 139.2 141 143.4 143.8 144.9 143.9 141.9 140.8 140.4 141.6 141 140.5 144.5 141.4 136.9 135 132 130.4 128 127.5 128 129.8 132.9 140.9 148.9 152.1 146.3 143.4 141.3 138.2 140.2 143.9 149.1 149.7 144.5 136.7 124 115.6 124 125.6 132.1 136.9 140.3 142.7 141.9
222.9 221.8 225.4 228 225.6 223.9 221.7 222.8 221.4 218.9 209.6 207.2 199.6 191.5 187.6 181.3 170.5 159.6 154.4 150.5 139.8 132 127.6 123.7 116.2 111.7 109.3 112.4 115.9 122.9 131.2 137.1 141.3 144.9 148 147.5 151.1 150.6 149 146.9 146.6 148.7 150.8 151.7 151 148.8 142.9 139.9 143.9 138.2 138 136.3 131.5 132.6 137.2 135.8 140.7 151.5 158.2 155.2 151.7 150.2 146.9 149.1 153.8 155.6 150.1 139.6 129.4 122.8 118.8 127 132.3 140 148.2 149.3 148.2 148
219.6 218.6 223.3 222.3 220 220.8 222.9 222.5 220.8 213 204.9 200.7 192.6 185.8 181.2 174.3 161.6 153 144.2 137.3 132.7 125.5 122.7 119.5 112.2 111 112.1 114.4 122.7 132.1 137.3 142.2 149.6 151.1 155.4 158.2 159.1 156.8 156.1 157 159.3 164.6 168.5 166 161.6 151.2 148.9 155.7 150.6 146.5 143.6 142 137.5 143.6 148 150.4 142.9 149.8 160.8 162.7 160.5 158.1 155.8 159.1 158.6 152.9 145.1 137.9 130.1 119.5 128.8 135 140.7 150 158.9 155.2 150.5 145.7
213.7 216.2 218.2 217.7 217.8 220.8 221.5 218.5 213.9 205.3 198.4 192.8 186.5 174.8 168.4 159.5 151.8 146.8 139.4 133.1 128.6 122.9 117.6 112.8 108.4 112.5 118.4 125.3 130.4 136.1 141.1 146 158 160.6 165.1 165.5 164.6 161.5 163 169 176.6 179.3 177.5 168.4 158.7 151.5 162.9 171.1 167 157.5 151 148.5 149.2 152.9 158.6 157.7 148.7 149.7 161.3 169.1 164 157.9 158 158.1 156 150.5 143 136.6 134.2 125.2 132.7 140.6 146.1 157.6 161 157.2 153.7 151.9
203.6 211.4 210.9 210.2 212.7 216.5 212.6 207.4 201.5 196.1 191.5 183.4 173.3 163.8 156.3 153.7 145.1 135.5 129.6 127.7 124.2 120 112.2 108.7 116 119.2 122.9 126.6 130.2 138.1 143.1 148 157.3 162.4 162.4 163.9 165.2 166 169.1 182.6 188 180.3 173.7 168.9 158.8 163.5 175.2 178.1 173.5 167.9 158.5 154.5 156 161.6 165.7 158.7 152 153.4 157.7 165.4 164.8 159.8 159.1 159.3 155.8 148.9 143.2 137.2 134.6 129 137.3 146.7 151 159.5 162.7 162.9 162.6 164.2
196 198.6 199.9 205.4 206.6 202.9 197.5 192.2 194.8 194.9 190.8 182.1 173.8 162.9 154.1 139.8 128.2 123 121.3 120.7 117.1 111.5 111.6 121.3 126.1 125.8 130.7 129.6 133.4 139.2 147.9 155.6 159.6 160 163.4 166.1 169.8 175.4 184.2 193.1 189.5 180.1 176.1 164.7 167.1 176 181.5 183.3 178.7 174.4 165.9 162.3 162 164.7 162.8 149.8 159.8 158.9 158.9 162 164.5 165.3 161.7 157.3 153.3 148 142.6 139 137.9 135.6 134.4 151.8 156 170.9 175.7 180.1 180.6 184.4
189.3 194.5 197.1 200.5 196.1 192 189.9 191.1 194.9 194.4 187.4 181.6 174.4 165.1 150.2 129.9 122.1 119.6 116.8 114.6 109.5 115.3 123.3 128 131.7 135.2 136.4 139.7 137.2 143.9 152.3 158.4 161.7 165.3 168.6 172.4 183 193 198.8 198.6 189.3 179.7 174.3 171.8 177.1 182.2 186.6 191.2 184.6 181 174.5 168.2 165 162.1 158.1 158.1 161.3 162.9 166.5 168.8 167.4 164.1 161.4 159.5 158.2 153.8 149.1 146 142.7 137.4 134.2 148.8 159.2 178 190 196.2 198.4 199.3
190.5 192.8 193.6 193.3 190.2 190.3 190 193.2 195.2 190.8 186.7 180.6 173.4 154.8 134 121.9 119 116.4 113.6 109.2 118.9 123.3 125.6 134.5 137.6 140.6 143.7 147.1 148.1 149.8 155.5 162.9 168.8 174 179.4 190.9 204.4 210.9 205.8 194.5 185.1 181.8 172.8 178.3 182.7 185.5 192.7 196.9 192.7 187.6 178.9 173.8 166.3 161.5 156.3 163.7 163.7 165 169.9 172.2 171.2 168.5 167.8 168.2 166.5 163.4 157.9 152.8 149.6 142.2 136.7 153 167.9 177.6 189.4 197 200.9 200.5
190.1 189.6 190 189.9 189.2 187.2 191.4 192.4 191.2 188.7 184 176.4 166.2 144.1 124.4 117.7 116.5 109.5 111.7 117 127.2 131.3 131.3 135.4 141.7 145.4 150.2 154.6 156.7 162.7 165.8 171.7 177.1 186.7 201.7 211.3 213 206.7 197.1 188.7 183.2 177.4 179.6 183.9 189.1 193.7 192.5 196.4 196.4 189.2 181.8 175.8 167.8 160.4 166.8 172.2 169.8 168.5 170 176.5 179.6 180.4 179.8 176.2 172.5 171 165.7 159.1 157.8 146.7 142.7 161.4 173.1 181 191.7 200.9 203.8 204.6
186.2 187.5 188.8 187.4 185.3 186 189.6 188.7 187 182.5 177.3 167.8 152.5 132.4 118.4 110.8 111.5 113 114.3 124.7 132.6 138.2 141.8 142.4 150.4 154.4 159.5 162.7 170.1 172.7 178.2 179.6 192.4 202.1 210.7 218.1 214.1 204.6 193.6 186.4 179.8 174.9 182.3 188.8 196.5 200.4 195.3 196.1 194.6 187.9 179.4 170.4 162.9 163.8 173.6 178.3 180.4 177.9 180 181.8 185.1 186.8 186.3 184.3 179.5 176.6 173.5 166.8 159.8 146.7 148.6 165.2 177.4 186.2 197.1 207.6 209.8 209.7
181.7 183.8 186.2 184 183.2 185.2 185.1 183.5 180.1 174.9 166.5 154.4 139.3 122.5 117.1 109.2 113.4 114.1 122.5 131.5 137.1 142.3 146.4 151.7 158.3 162.1 165.3 171 177.7 185.8 189.5 197.5 205.3 211.3 215 215 207.6 198.4 190.3 183.1 175.8 179.9 185 192.5 199.7 201.3 195.2 190.6 187.2 180.9 173.9 165 167 168.7 173.7 183.4 186.4 187.9 190.5 191.8 190.6 190.2 191.4 188.9 189.1 179.2 173.7 166.5 155.2 142.8 158.3 168.9 179.3 190.3 203.6 212.3 213.9 211.6
177.2 181.3 184.1 179.8 185.5 182.1 178.5 176.9 173.8 169.5 156.7 142.7 130.4 118.4 115 110.4 113.5 124.9 129.9 130.9 138.8 143.7 149.2 155.7 163.8 169.5 172.3 180.3 188.9 196.1 202.6 211 212.2 215 216.5 212.8 206.2 195.1 186.1 179.8 181.8 186 189.1 194.8 198.8 198 192.5 186.8 182.4 175 170.7 167.2 173.2 176.9 180.5 188.5 192.3 194.5 198.3 199.2 197.9 196.2 197.3 198.5 193.3 181.9 169.9 161.5 152.4 156.2 166.8 181.1 191.6 202.9 209.6 215.2 215.2 214.7
176 176.9 180.7 184.8 182.3 179.2 174.8 170.8 166.4 160 147.5 136.9 126.2 118.5 114.2 110.6 114.8 129.7 131.5 132.8 140 147.7 155.6 162.9 168.2 173.8 180.2 189.5 197.6 203.2 206.6 214.5 218.1 219.1 215.3 209.8 202.7 193.8 183.7 180.7 187.5 190.7 194.4 197.4 197.1 194.3 189 184.6 179.1 174.2 169.9 174.7 180.1 185.3 192.7 194.4 197.1 201.4 204.4 206.1 205.8 204.9 205.2 201.7 193 176.7 166.7 161.2 155.9 166.5 179.1 192.4 207.9 212.9 218.8 219.5 216.7 216
165.9 176.8 181.1 176.2 176.1 173.5 170.4 167 160.5 147.8 138.2 128.9 122.2 116.8 114.2 110.8 120.3 133.3 137.9 138 147.6 157.3 166.5 171.6 175.8 179.4 189 195.1 200.7 205.6 211 225.1 222.2 220.2 218.7 211.6 201.7 190.6 183.5 183.8 191.2 196.5 200.4 199.7 196.8 191.9 187.3 180.8 175.5 172.9 175.4 181.7 186.6 192.6 198 200.5 200.9 206.5 209.9 212.6 213 212.2 207 200 191.3 180.9 173.2 158.7 161.1 176 191 203 211.7 218.7 223.3 220.2 222.6 222.5
168.3 172.6 167.8 166.5 166.5 163.5 162.7 162 156.4 141.3 129.8 123.8 117.6 114.7 113 111.9 127.8 136.6 144 149.1 151.6 161.6 170 178.3 182.1 187.3 197.6 200 205.2 212.7 218.5 227 225.1 221.6 218.9 213.3 205.4 188.8 182.3 187.2 197.5 202.4 200.8 197 191.4 185.9 181.4 178.3 177.8 177.7 177.4 185.8 191.3 196.7 200.4 206.3 210.9 213.9 216.6 217.7 219.7 216.1 208.3 198.1 190.3 183.3 167 159.4 174.6 188.2 201.6 211.3 219.7 227.3 225 227.6 229.2 230.9
163.7 156.6 154.2 156.5 158.8 158.5 156.6 152.4 145.8 130.9 124.1 117.9 114 111.9 117 131 131.6 137.8 146 151.5 156.6 163.1 171.8 180.4 185.6 195.4 203.5 205.9 215.6 221.1 225.5 231.9 225.3 219.7 214.7 205.9 194.2 184 182.4 190.2 195.8 196.9 193.4 188.2 185.3 184.1 186.6 185.7 184.5 181.8 182.5 184.5 194.5 200.7 206.2 210.3 216.3 221.3 222.4 224.1 225.9 220 213.1 198 187.8 182 167.8 163.2 180.4 197.4 211.3 217.9 224.9 228.5 231.9 234.4 247.2 250.2
151.2 147.3 149.9 154.2 154.8 151.2 145.7 140.2 133.8 125.8 117.3 111.8 115.8 120.5 131.1 133.7 138.2 142.5 148.1 153.1 159 167.5 174.5 186.1 192.2 198.3 207.8 213.7 219.4 227.1 231.3 229.3 222.4 214.3 204.8 196.5 187.7 182.6 186.3 193.7 196.3 196.2 193.7 190.3 186.4 191.7 191.5 188.4 189.5 187.9 188.3 190.9 197 205 211.3 215.5 222.6 226.6 229.4 230.7 233.4 226 215.4 198.3 187.6 182.1 166.2 171.6 187.6 205.4 215.9 220.4 228.2 232.6 237.9 255.7 255.1 243.5
140.4 146.4 147.5 149.1 148.2 142.3 138.9 134 122.3 115.4 114.9 120.5 124.9 131.1 136.9 139.1 142.5 147.8 152.4 157.3 162.4 170.2 183.4 190.1 192.8 200.2 212.1 218.8 224.3 224.6 224.2 221.2 213.4 203.9 195.3 188.2 183.7 186.6 196 201.5 202.5 203.8 198.8 194.7 189.6 193.6 194.9 195.3 196.6 193.4 194.3 195.7 204.1 210.2 218.2 221.7 225.8 230.2 232.9 236.7 239.9 232.4 218.4 199.1 188.9 180.1 162.8 174.7 192.9 210.7 216.5 227.8 233 237.3 255.5 258.2 248.5 239.4
117.4 129.9 142.7 142.6 141.4 139.5 128.9 120.2 112.3 117.1 124.3 125.7 127.5 134.8 140.6 145.1 149.6 155 163.4 170.2 172.2 177 182.9 192.5 202 209.9 216 216.5 215.5 212.5 213.2 206.6 197.9 190.7 187 184.5 191.2 197.7 204.1 205.8 205.7 203 198.8 192.9 199.6 200.1 197.1 199 198 197 197.4 200.5 208.4 214.5 223 230 231.5 235.3 239.2 245.4 239.1 231 224.2 205.9 194 182.2 164.1 176.8 195.7 209.5 218.8 226.9 233.7 242.3 262.2 253.8 247.2 241
123 112.7 119.5 136.2 131.6 121 118.3 116.9 117.9 124.4 126.5 127.1 131.1 137.7 141.7 148.2 154.8 167.1 173 175.8 179.4 186 196.6 204.5 210.4 212.5 211.3 207.6 203.6 203 200.1 194.5 190.5 186.4 185.2 191 192.7 201.4 204.7 204.6 205.5 202 198.5 195.2 199.7 200.3 201.1 202.4 201.9 200.9 204.6 207.1 212.9 217.6 224.1 231.2 237 241.5 245.1 244.9 237.3 230.7 224.7 209.3 196.4 187.8 168.5 174.7 198.2 209.5 216.5 223.5 230 246.6 255.3 251.5 243.4 237.2
138.6 132.3 119.5 113.1 119.2 117.3 116.4 112.7 118.4 124.9 129.1 131.5 137.7 139.8 141.4 153.2 160.8 166.6 173 178.5 189.1 199.6 208.4 212.8 212.5 209.8 206.8 202 198.7 195.6 192.7 187.9 185.3 187.6 187.5 190.1 192 195.5 197.8 201.9 202.6 199.8 199.3 202.7 204 205.9 207.9 209.6 209.8 209.5 210.5 212.1 217.5 219.9 224.3 230.2 235.1 238.2 240.3 243 235.4 229 220.1 209.7 199.2 190.7 176.1 167.5 185.4 198.3 208.3 222.7 230.8 242.8 245.5 240 236.7 237.9
