Assets/StreamingAssets/GeoData/Data/sj/SJ13.asc
ncols 200
nrows 200
xllcorner 310000
yllcorner 330000
cellsize 50
[rows 0 to 34 of 200, columns 78 to 155 of 200]
457.5 450.9 448 445.8 441 434.5 415 398.8 377.6 365.3 366.2 388.9 409.7 429.4 449.3 455.4 453.3 449.3 446.1 440.9 432.6 424.1 418.3 415 412.7 411 408.3 406.6 404.3 401.5 398.8 394.7 391.2 385.7 382.2 380.2 373.7 372.1 370.8 368.5 369.2 368.7 367.3 378.5 392.4 400 406.8 412.9 418.1 434 445.8 465.5 481.2 495.6 512.4 527.2 538.6 546.9 551.2 553.3 558.3 558.7 558.6 558 556.6 552.2 548.6 544 539.4 535.4 531.2 528.4 524 516.9 512.5 507.8 503.3 499.7
466.6 458.9 455 452.4 447.7 440.7 432.9 411.3 395.9 377.1 377 397.1 417.5 435.4 452.8 455 453.5 449.3 443.3 436.2 430.7 425.2 421.8 419 416.8 414.7 413.6 411.4 409.7 405.7 403.7 401.6 400.7 398.5 398.5 396.1 390.5 383.8 380.4 377.8 380.7 377.5 375.3 374.3 382.9 390.6 399.6 404.2 414.3 430.6 441.8 458.4 472.6 487.5 501.7 516.4 529.6 538.9 546 550.3 554.7 556.2 556.4 557.3 556.3 554.1 550.7 546.5 542.5 539.3 534.1 529.1 525.3 518 513 510.3 506.9 503.7
469.6 465.1 462.7 459 454.3 448.1 439.4 426.9 406.8 383.8 386 406.7 427.1 442.6 455 455.3 454.4 451.5 447 439 435.7 431.5 427.8 424.5 422.4 419.5 418.3 416.9 414.5 411.4 410.9 411.2 410.8 411.6 410.5 409.6 404.7 398.1 392.7 388.1 386.8 385.7 386.5 384.3 386 385.6 394.4 401.5 410.9 421.1 434.7 450.7 464.6 478 492.7 506.9 519.8 531.7 538.9 545.3 549.3 553.5 554.9 555.4 556.3 555.2 551 548.1 544.9 542.4 538.2 531.2 525 519.7 514.8 511.1 507.9 504.8
473.5 470 467.3 462.6 458 453.4 444.3 433.3 401.2 386.2 398.6 416.2 437.2 451.8 457.6 459.2 458.7 455.5 453.2 447.1 440.4 436.6 433.5 430.1 426.7 424.8 424.1 422.8 419.5 420.4 419.9 421.3 421.7 419.9 419.9 418.4 417.5 412.1 407.8 398.6 396.8 395.7 392.7 393.1 393.3 391.6 399.1 404.1 410.4 418.3 427.9 441.3 454.7 468.2 484.2 499.9 513.9 523.3 529.5 537.9 542.3 546.4 550.6 552.2 551.7 550.8 549 545.7 542.1 536.4 531.7 527.9 524.1 519.8 515.6 511.5 508.4 505
481.2 476.7 472.2 467.1 460.3 454.7 443 428.7 420.4 391.3 407.7 423 442.6 453.6 460.1 463.4 463.2 461 456.9 451.4 447.5 442.2 440 436.9 434.5 432.6 431.6 430 429.1 429.5 430.5 430.3 429.4 426.7 426.9 425.3 425.5 424.1 420.1 413.7 409.8 404 403.1 401.5 399.5 399.8 402.9 406.7 412.6 420.8 430.9 439.9 451.5 465.1 480.2 496.4 508.4 515.9 523 528.8 537 542.4 547 548 546 544.4 541.2 538.4 536.5 533.6 531.9 527.8 521.6 515.9 511.5 508.3 506.1 505.5
488.9 482.9 477.1 470 463.6 458 450.7 441.7 413.5 411.4 411.2 428.5 448.6 461.5 464.3 469 469 467.2 464.1 457.3 454.1 450.8 447.8 444.5 442.7 440.6 438.3 440.3 441.4 442.2 440.6 439 439 437.4 435.3 433.8 432.2 432.1 430.1 427 421.9 418.5 413.5 411.5 406.4 407.4 407.3 409 418 432.1 442.4 449.6 459.6 472.2 484.1 494.5 504.7 513.2 518.5 523.7 529.9 534.1 537.8 538.9 539 537.9 537.4 535.4 533.3 528.2 523.9 519 515.2 512.1 508.1 504.8 503.7 504.3
495.5 488.5 481.2 474.6 468.2 460.3 451.9 428.8 432.4 432.3 427.2 429.3 448 462.2 468.6 470.3 471.9 470.4 467.8 465.2 461.2 456.6 454.4 452.8 450.5 448.7 449.1 450.9 452.4 452.9 451.8 451.2 449.2 448.8 448.5 448.1 445.1 442.1 439.2 436.2 433.4 430.4 426.4 423 414.3 417 415.7 423.6 434.2 439.1 452.2 459.9 467.6 476.1 484.5 494.3 503 509.8 513.5 517.2 520.8 525.2 528.6 530 529.9 530.2 529.4 526 523.9 521.1 518 514.2 510.9 506.4 500.8 497 496 497.6
498.3 490.3 484.1 477.6 467.2 460 443.7 445.5 446.4 444 448.6 456.1 462.4 465.6 469.4 472.8 475.5 472.8 469 466.5 463.7 461.7 459.7 458.1 457.5 457 457.6 458.5 460.3 460.7 460.1 459 459.4 458.4 458.7 457.6 455.4 453 450.8 448.1 444.7 441 438 435.3 431.1 431.4 430.1 436.5 444.3 451.1 457.4 465 471.2 477 484.1 492.5 499.4 503.8 506.7 509.8 512.7 514.3 518.3 520.2 521.2 520.5 519.6 518.5 516.2 513.5 511.1 508.5 505.3 500.8 493.8 487.6 484.7 485.5
505.4 496.1 487.6 479.8 470.1 464.1 459.7 456.9 457.4 463.1 468.6 471.5 473.4 475.2 477.2 478.8 478 476.6 473.1 470.9 468 465.7 463.3 462.1 462.2 462.6 463.5 465.2 465.8 466.4 467.4 467.7 467.3 466.7 466.9 467.9 466.9 464.1 460.3 457.4 453.9 453 449.5 446.3 443.8 439.6 441.5 444.3 449.3 455.4 462.1 468.3 473.7 477.5 481.6 488.2 492.7 497.1 500.1 500.4 501.8 503.9 507 509.7 511.4 512.1 511.8 511.2 509.6 507.3 505.3 504.2 500.6 495.2 488.5 479.4 477.2 481.1
512.6 503.1 493.9 485.3 476.6 471.9 469.5 469.2 471.7 476.4 479.1 480.1 480.1 480.6 481.9 481.4 479.9 477.6 475.8 474.2 472.1 469.8 468.1 466.8 465.9 465.7 467.3 469.1 470.9 471.9 471.4 471.6 471.9 472.2 473.1 473.9 473.5 471.5 469.5 467.5 464.5 463 460.2 458.5 454.6 450.8 451.2 454.3 456.8 460.6 465.4 469.5 473.5 476.5 479.2 482.7 486.5 488.3 491.1 492.7 494.9 497.6 500.8 502.7 504.7 505.8 507.3 507.4 505.9 504.2 501.9 499.4 496.5 491.3 483.9 476.2 471.1 476.1
519 509.8 500.2 492.9 487.7 484.1 482.2 483.9 485.4 485.8 486.9 486.6 486.5 485.4 485.7 484.4 482.6 480.5 477.3 475.1 473.6 471.8 470.7 470 469.3 469.5 470.9 472.3 474.7 476 477.4 477.7 477.2 477.3 477.2 477 477.2 475.8 474.1 472.6 470.8 469.2 467.4 465.7 463.1 461 460.1 458.5 461.9 464.7 466.7 468.2 471.7 473.8 476.9 478.8 481.6 483.2 485.3 486.9 488.5 490.9 495.1 498.3 500.1 501.8 503.5 503.3 502.8 500.6 497.6 495.9 493.2 488.8 481 472.9 467.4 469.6
524.9 515.8 507.9 501.8 498.3 495.5 494.6 494.1 494.4 493.8 493.2 491.7 490.8 489.7 488.5 486.9 485.1 482.1 479.9 477.6 476.2 474.5 473.6 472.6 471.6 472.4 472.9 473.9 476.6 479 480.7 482.7 483.3 483.8 482.5 481.5 480.6 479.1 478.2 477.4 476.4 474.5 472.7 471.1 469.1 466.9 463.6 461.7 463.6 465.5 467.4 468.5 471 472.3 474.3 476.9 478 478.8 479.8 481.8 483.1 485.1 487.6 492.4 494.9 496.6 498.5 499.3 498.4 497 495.7 493.1 490.6 485.5 478.7 471.8 468 458.5
530.4 524.1 516.8 512 509.2 507.2 505.2 502.8 500.2 498.8 497.2 495.5 494.3 492 489.9 487.7 485 482.9 480.4 478.9 476.8 475.6 475.2 474 474.2 473.5 474.4 476 478.5 479.6 482.6 484.5 486 486.3 486 484.6 483.7 482.3 480.6 478.6 477.1 475.4 473.5 471.8 470.4 468.3 466.5 463.8 464.9 466.6 467.7 467.9 469.9 470.1 472.6 474.1 475.2 475.2 475.9 475.9 477.2 479.9 482.8 486 489.4 491.9 493.7 494.8 495 494.1 493.5 491.9 489.8 485.7 478.9 472.9 470.9 461.2
533.6 529.8 524.7 520.2 516.5 514.8 511.7 508.6 505.6 503.2 500.6 499.3 496.8 494.3 492.3 489.1 487.1 484.8 481.9 479.6 477.6 476.7 475.3 473.9 473.9 473.6 474.8 477.6 478.5 478.7 481.2 483.8 485.8 486.2 486.3 484.9 484.8 483.7 481.3 479.5 476.8 475.1 473.1 471.9 470.3 469.1 467.3 463.8 465.6 466.8 466.6 467.3 468.4 469.7 471 471 471.9 472.3 472.5 471.8 473.5 476.2 479.2 482.2 486.5 488.9 490.1 491.4 491.4 491.4 490.6 489.8 487.6 483.7 478.8 472.6 465.9 461.8
534.2 530.8 526.3 522.1 518.1 515.4 512.3 510.1 507.4 504.1 502.1 499.8 497.6 495.4 492.7 489.4 487.1 483.4 481 478.2 476.2 475.5 474.9 473 472.8 473.8 475 477.2 478 478.1 479.3 480.5 481.4 481.9 482.5 482.1 481.2 481.1 478.9 476.5 474.6 473.5 469.8 468.6 467.4 466.3 464.3 463.8 465.9 463.7 463.4 464.5 466.5 468.2 468.4 468.2 468.1 468.9 469 469.7 470.5 472.3 476 479 482.4 484.9 487.7 488.5 488.7 488.2 487.9 486.5 484.5 481.5 477.5 472.1 465.6 457.3
532.9 528.1 524.5 519.7 516.6 513.3 512 509 505.8 504.5 498.6 499.4 497.1 495.7 493.8 491.6 489 487.3 482.3 481 476.7 473.4 471.8 471.2 473.3 475 476.4 477.1 477 476.3 475.9 476.4 477.1 477.2 476.8 477.2 477.1 475.5 473.6 471.9 469.3 467 465.5 463.8 462.9 462.3 459.7 461.7 462.7 461.7 460.3 462.1 463.5 465.4 465.5 465.5 465.5 464.8 466 465.6 468.2 468.6 472 476.3 479.5 481.5 483.9 485.2 485.8 486.1 485.2 483.6 481.9 479.1 475.4 469.5 463.9 457.7
532.2 527.9 523.2 519.4 515.2 513.1 511.6 508.3 501.5 501.6 496.5 496.7 496.3 495 493.2 492.7 490.5 486.9 482.5 479.4 475.9 473 470.4 470.5 473.7 474.9 476.1 476 475.9 475.2 474.6 474.2 474.3 474.6 473.8 473.8 473.6 472.4 470.5 468.3 466.3 464.1 462.8 460.7 459.6 458.9 458.4 456.7 458.3 457.8 456.1 459.5 460.8 462 462.2 462.3 462.4 463 462.1 463.4 464.9 466.8 468.4 472.7 477.4 479.5 481.2 483 483.2 482.6 481.3 479.6 478.4 475.6 471.8 466.1 458 454.8
527.9 525 520.6 517.6 515 511.3 507.8 506 501.9 498.4 494.6 493.7 492.9 490.7 489.8 487.6 486.4 483.1 479.5 476.9 475.4 473 470.5 469.1 472.6 473 475.4 474.8 474.9 474.5 474 473.4 472.3 472.2 471.3 471.1 469.6 469 466.6 464.5 461.5 459.5 458.9 458.1 456.5 454.9 453.9 453.3 454.9 453.9 453.2 454.9 456.7 457.8 457.8 458.6 458.7 459.6 459.8 460 462.2 463.6 466.8 469.7 474.7 477 478.6 480.3 479.8 479.4 478.7 476.6 474.3 471.4 467.5 460.9 453.2 446.7
524 520.7 519.3 514.7 513.6 509.6 506.5 501.1 498.3 495 490.8 488.1 486.6 484.8 484.3 484.3 482.1 480.9 477.6 474 472.6 471.1 469.3 465.6 468.9 472.4 473.6 473.5 473.1 473.6 473.3 472.8 471.1 470.2 468.8 468.4 466.6 464.5 461.8 460.1 457.3 455.2 453.1 452 450.4 449.2 448.5 449.4 449.8 450.3 450.6 451.2 452.6 453.3 454.1 453.9 455.3 456.4 457.3 457.9 459.1 461 464.5 468.1 472.3 474.9 476.7 477.6 478.1 477.9 476.6 474 470.8 466.4 461.8 455.4 448.5 442.6
521 519.1 515.4 510.3 507.5 504.7 501.5 496.6 492.1 489.9 487.8 483.7 483.4 482.2 481.7 481.3 479.1 477.4 474.4 471.8 470.3 467.3 466.5 462.7 465.1 468.6 471.3 471.6 472 472.5 472.1 470.5 469.6 469.1 467.1 465.6 463.9 462.2 459.6 457.3 453.8 451.3 449.4 447.2 446 444.5 441 441.1 443.4 444.3 445.1 446.2 447.5 448.2 448.8 450.3 451.9 452 454.2 454.2 456.7 458.7 461.4 467 471 473.7 475.5 476.5 476.7 475.9 473.9 471.8 468.5 463.6 457.5 451.7 446.7 439.5
515.9 514.3 509.8 507 503 500.7 496.5 493.9 491.9 486.8 485.9 480.4 476.6 477.1 478 475.8 475.5 473 470.2 469.9 467.1 464.5 463.2 460 461.9 464.1 467.1 469.8 470.7 470.8 470.8 470 468.7 468.1 465.8 462.9 461.1 459.2 457.8 455.2 452.3 448.8 445.8 443.6 441.3 438.3 436.4 436.2 438.2 439.3 439.7 441.9 442.2 442.7 442.8 445.1 447.7 449.7 449.6 450.8 455 456.4 460.7 465.8 470.8 473 474.8 475.8 475.3 474.1 471.2 468.7 464.5 460.6 455.6 449.2 442.7 436
510.7 508.1 506.8 503.4 498.7 495.4 494.2 492.7 490.7 485 480.2 474.2 471.5 466.9 471.8 471.7 470.2 468.6 467.4 466.2 464.1 460.6 460.3 458.2 458.4 460.3 464.4 465.6 467.6 468.3 468.4 468.6 468.2 466.8 465.3 463 460.7 457.9 455.2 454 451.8 448.6 445.4 441.4 436.7 433.9 429.6 429.3 431.8 433.1 435.4 435.7 438.2 439.3 440.3 440.7 443.2 445.8 444.1 449.5 452.8 454.3 460 466.1 469.9 472 471.3 471 469.7 467.7 465.5 463 460 454.8 449.3 445.2 439.3 433
506.5 505.1 502.8 499.2 494.8 490.6 488.5 486.9 484.2 480.1 472.6 468.6 466.7 463.9 464.2 465.6 464.7 462.3 462.1 460.8 459.6 457.5 456 454.9 453 457.1 460.4 462.1 463.5 464.9 466 466.3 466 464.5 462.9 460.7 458.7 456.6 454.1 450.5 449.1 447 443.8 440.9 437.3 433 427.4 422.8 426 428.6 431.3 431.7 432.6 432.7 434.3 437.6 440.3 440.5 443 447.2 449.9 453.1 457.8 463.9 466.3 466.7 465.5 465.1 463.6 463 461.5 459.7 454.4 449.9 446.7 441.5 436.1 431.3
503.3 500.1 498.2 493.3 488.9 483.5 480.1 477.2 474.2 469.8 466 465 462.1 458.9 455.7 459.3 458.5 456.7 455.4 455.5 454.7 452.3 449.9 449 449.7 453.4 455.9 458.5 460 461.6 462.9 463.7 462.9 462.4 461.6 459.7 456.8 453.9 451.9 449.3 446.9 444.8 442.3 439.4 436.8 432.9 428.9 423.8 418.5 423.3 426.8 428 428 428.6 430 434.5 436.5 437.8 439.5 443.5 445.5 448.1 453.1 457.2 458.8 460.1 460.1 459.6 458.7 458.8 457.5 454.8 451.3 447.7 444.7 441.1 436.8 430.9
499.8 492.9 490.4 486 482.4 478.6 473.6 472.1 466.1 463.4 461.7 458.8 455.1 452.9 451.5 451.5 449.9 448.4 448.3 447.1 447.5 446.6 446 445 448.6 447.6 450 452.9 454.4 454.3 457.5 458.1 459.2 459.2 458.9 457.7 455 452.1 450.6 446.9 444.1 442.2 439.8 438.5 436.1 432.8 429.5 425.2 421.6 417.1 421.5 423.9 424.2 423.1 428.4 429.3 432.7 434.5 437.7 440.1 442.3 445.7 448.4 450.6 453 453.6 454.3 454.3 453.2 453.6 451.7 450.9 448.3 445.6 442.1 438 434.6 430.2
491.4 483.7 479 475.7 471.4 471.1 469 464.9 461.3 459.5 455.6 451.1 448.4 446.1 443.4 444.5 444.5 442.1 443.1 444.4 444.3 442.5 441.4 440.6 441.8 441.3 443.5 445.6 447.1 449.5 451.9 453.7 454.5 454.9 455.2 454 453.1 450.8 447.5 445.3 442.5 440.6 436.8 435 433.4 430.3 428.3 425.4 423.2 419.9 418.4 417.4 419.4 419.8 424.3 427.5 427.8 432.6 435.4 438.1 440.2 442.7 444.4 445.5 446.5 449.7 450.6 450.3 450.7 450.1 449.5 447.8 446.2 443.3 439 434.1 430.2 426.1
500.2 494.5 489.5 484.6 479 472 466.3 462.8 459.7 454.1 450 450.5 448.3 446 441.5 437.6 436.3 437.1 438.2 438 438 436.8 437.3 437.1 436.3 437.5 439.1 440.9 442.8 445 447.1 448.5 449.7 450.9 451.5 451.3 450.3 447.9 445.2 443.1 441 438.3 434.9 432.8 430.2 428.6 425.3 425.2 423.7 419.8 416.7 410.5 413.5 417.2 421 422.3 426.2 428.9 433.6 434.8 438.6 440.6 441.7 444.2 445.6 446.7 447.7 448 447.7 448 447.9 447.3 445.4 442.3 438.3 433.1 429.5 423.1
501.9 495.9 491.4 487.3 481.1 473.7 466.6 464.5 464.1 461.2 456.3 454.4 451.2 448.5 445 442.2 439 433.2 428.8 426.9 431.8 432.3 432.8 434.4 433.9 434.1 436.1 437.7 439.2 440.6 442.9 444.6 445.6 446.6 447.4 447.3 446.9 444.7 443.3 440.9 438.8 436.4 433.6 430.4 427.2 425.5 423 422.3 422.5 421 419.5 414.4 407.9 412.1 418.5 420 423.2 427.2 430.1 432.1 434.8 437.1 439.4 440.5 443 443.1 443.5 444.5 445.4 445.9 446.3 445.8 444.1 442.2 439.2 435.6 432.7 427.6
504.8 499.5 494.2 488.4 480.5 472.7 468 466.2 466.5 462 457.7 454.2 452.7 449 446.5 445.1 441.8 437.9 435.2 428.5 423.8 427.1 426.6 428.7 429.1 429.8 432.1 435 436.9 438.7 440.2 441.7 442.8 443.8 444.7 444.6 444.1 441.9 440 437.8 435 433.1 430.6 427.5 423.2 421.1 419.4 418 418.4 419.9 418.8 415.6 405.6 409.5 415.3 418.6 421.3 423.3 426.4 427.4 429.6 432.6 435.6 437.4 439 439.8 440.4 441.3 442.3 444.6 444.1 443.2 442 439.7 438.6 435.7 433.5 430.1
508.8 501.8 496.1 489.8 482.6 478.3 470.4 467.2 466.8 462 459.1 456.4 453.9 451.8 448.7 446 442.3 439.3 437.1 433 428.1 420.6 419.1 422.1 426.2 427.3 430 432.4 434.3 436.2 438 439.2 440.1 441.2 442.4 442.1 441.4 439.5 437.3 434.7 431.3 428.8 426.8 423.8 420.5 416.9 414.6 414.4 413.9 415.2 416.3 412.5 403.6 405.9 412.7 415.5 416.5 420.5 421.7 423.7 425.4 429.3 431.4 434.5 435.3 435.2 436.7 438 439.7 441.6 443.1 442.2 440.4 439.7 437.7 435.4 433.1 429.2
509.2 502.9 497.7 491.5 486.1 479.5 475.5 469.6 467.1 464.5 462.8 458.7 457.3 454.8 452.3 447.5 444.3 441.7 439.1 435.7 431.5 426.4 421.6 415 420.9 425.8 428.6 430.5 432.3 434.2 436.4 438.8 439.5 440.6 441 441.1 438.9 437 433.8 430.2 427.5 424.1 421 419.1 416.9 413.9 411.8 410.7 410.9 410.9 411.2 411.5 404.8 404.4 409.5 411.3 414.1 417.5 420.1 421.3 422.3 425.9 427.7 429 430.8 431.1 431 432 434.4 436.7 439.2 439 437.4 436.4 435.5 433.6 431.7 428.2
512.6 506.2 499.3 493.8 488 483 478 473.2 470 467.8 465.2 462.4 459.3 457.7 453.7 449 445.7 443.1 439.9 436.3 432.3 428.1 423.4 416.1 416.5 421.3 424.9 427.7 430.3 432.3 434.7 437.4 439.3 441.2 442.7 441.9 440.4 438.3 435.4 432.3 428.2 424.7 420.9 417.4 414.5 411.7 409.8 407.2 407.3 407.7 408 407.8 405 400.5 406.3 408.2 411.6 413.4 415.9 417.4 417 419 420.5 422.8 423.8 424.4 424.7 426 427.8 429.6 432.3 433.2 432.4 431.8 429.6 428.2 426.5 425.7
516.8 509.7 503.4 497.4 490 483.6 478.1 475.1 475 473 468.2 463.9 461.3 457 453.6 450.7 448.7 443.4 440.3 435.4 430.5 426.4 422.9 418.2 410.6 418 422.3 425.7 428.5 432.1 435.1 438 440.5 441.6 442.7 442.6 441.5 440.1 438 435 432.1 428.6 425.1 420.5 416.9 413.3 410.8 408.6 406.7 403.7 403.2 403.4 401.5 395.1 403.2 407.3 409 411.8 412.8 414.5 414.3 414.7 415.5 416.5 417 417.2 417.7 419.3 420.9 420.6 423 422.3 422.3 424 423.6 420.6 420.2 419.9
519.3 513.7 507.9 500.3 494 485.5 481.5 477.4 475.7 473.7 470.8 466.1 460.7 459.3 456.9 453.6 450.1 444.3 440.9 437.1 430.5 425.8 423.4 416.5 408 413.3 419.9 425.2 428.2 433.1 436.6 439.6 441.8 443.8 444.2 443.8 442.2 440.7 439 437.5 435 432 427.8 425.7 422.9 419.9 415.8 412.8 410.8 408 403.9 401.5 396.9 394.8 401 403.8 406.2 410 412 413.3 413.1 410.6 410.7 411.6 411.9 412 411.9 413.3 413.7 413.5 415.2 415.4 414.5 414.5 414.7 414.3 413.7 412.1
520.1 515 509.2 502.9 496.6 492.3 488.4 485 480.4 478.5 474.3 469.9 464.6 461.4 458.6 456.3 452.4 449.9 443.9 438.4 433.1 427.3 424.4 415.1 402.6 414.3 419.5 423.5 427.9 431.6 436.6 439.9 442.7 444.6 446.2 446.3 445.5 444.4 441.5 439.1 436.9 435.1 433.3 430.5 426.2 422.4 419.6 417.3 415.1 412 408 402.6 397.5 393.6 399.8 404.5 406 409.2 410 411.2 410.5 407.9 405.9 406.6 405.7 406.2 406.8 406.7 406.5 406.3 408.1 407.4 408.6 406.4 405.7 405.8 404.6 405.4
