Assets/StreamingAssets/GeoData/Data/sj/SJ26.asc
ncols 200
nrows 200
xllcorner 320000
yllcorner 360000
cellsize 50
[rows 140 to 174 of 200, columns 0 to 77 of 200]
262.8 261.2 258.1 253.1 247.7 240.4 234.6 230.7 229 231.4 226.4 229.2 229.4 229.3 234.3 237 239.6 242.9 248.8 259.4 268.3 275.3 278.6 279.7 278.1 279.2 271.3 261.6 251.4 246.2 242.3 236.5 226.9 219 212.7 201.7 194.5 190.6 188.9 189.8 190.1 189.3 185.1 180.1 174.5 169.1 164 161.1 158 155.2 153.4 151.5 148.9 146.3 144.9 144.5 145 142.7 141.2 138.8 137.8 135.9 133.8 132.7 131.4 133.5 135.5 135.4 135.6 130.2 129.3 128 126.4 123.4 120.2 113.6 112.2 111
253.3 250.4 247.1 244.1 237.8 231.7 229.4 225.5 225.6 228 225.5 230.7 227.4 228.8 234.3 236.6 239.5 246 253.3 264.2 273.1 276.5 279.1 278.7 278.2 275.2 270.1 261.6 251.8 249.6 247.3 240.2 230.6 221.8 215.4 202.8 193.6 189.7 188.1 188.8 188.2 185.9 182.3 177 172.9 167.6 163.8 160.9 157.8 154.7 153.3 154.9 150 147.5 147.3 146.9 145.3 142.8 141.9 138.5 137.5 136.5 135.1 134.9 134.7 135.1 136.2 136 136.2 135.4 130 127.8 126.9 122.3 119 116.4 115.5 112
247.6 240.7 236.7 232.7 229.8 227.6 225.1 221.5 223.9 221.5 224.8 229.3 224.8 227.3 231.7 235.8 240.4 247.4 257.2 267.7 274.7 277.1 275.7 275.9 275.1 271.2 266.8 258.4 253 252.1 248.1 240.4 230 221 214 200.9 192.4 189.7 188.4 187.6 185.7 182.9 179.5 174.5 170.8 168.6 165.2 163.9 162.4 160.8 158.8 154.6 150.8 149.1 148.2 147.6 145.3 141.7 141.9 140.1 140 137.6 136 134.7 133.8 133.2 132.7 133.8 132.5 131.6 129.7 126.7 125.1 122.4 118.5 119 124.3 122.9
241.3 234.2 228.4 226 224.1 221.9 221.1 219.2 219.1 219.2 223.1 224.8 222.2 225.7 231.9 234.6 240.8 248.6 259.5 266.1 273.7 274.9 273.5 272.4 271.6 268.3 265 257.8 253.8 251.8 247.1 239.4 230.1 220.9 212.7 198.6 193 190.4 188.1 186.7 185 182.2 179.8 179.8 175.8 169.8 166.1 165.6 163.2 161 158.8 156.4 153 150.6 148.3 147.5 146.5 144.1 141.7 141.5 142 140.5 137.1 134.9 134.2 131.9 131.3 129.7 128.2 127.4 126.1 123.5 123.2 121.4 121.4 122.5 119.7 119.1
235.9 228.9 223.4 222.7 222.1 220.5 219.2 215.8 214.8 216.4 221.8 223 221.5 225.1 231.3 234.1 239.8 249 256.1 261.8 268.2 269.5 268.7 268.4 267.9 265.9 262 256.6 255.3 253.1 246.5 240.3 230.7 219.7 208.7 198.7 193.5 191.1 188.7 186.8 185.8 186.9 186.6 184.9 179.8 172.7 167.7 165.5 163.3 161.3 159.3 157.4 154.2 150.9 149.9 148.6 145.6 145 144 142.5 142.2 140.2 138.3 136.1 134.1 133.6 132.4 130.7 129.3 128.9 126.9 126.1 120.3 120.5 120.9 120.8 120.1 120.5
226.2 221.1 218 216.9 216.3 216.7 216.8 213.2 213 215.4 222.8 221.8 219.3 223 229.6 231.9 237.4 245.8 253.3 259.2 263.3 264.9 265.5 267 267 265.9 260.6 256.1 255.7 252.5 246.7 239.6 226.7 216.9 205.2 197.5 194.9 193.3 190.5 187.9 188.1 188.7 188.6 186.7 182.4 177.8 170.3 167.1 164.2 162.2 160.2 158.2 155 151.7 149.3 147.2 149.5 146 144.7 142.3 145.5 143.8 138.1 138.3 136.2 135.6 130.8 130.5 130.1 130.2 125 126.7 120.4 120.4 120.6 120.7 120.6 120.6
212.7 212.5 210.3 210.6 210 209.8 209.3 210.5 212.3 214.5 215.9 217.3 218.3 222.5 225.6 229.2 234.7 241.4 249.5 256.6 259.8 262 261.5 262.9 264.3 262.1 256.4 255.4 254.2 249.7 244.5 237 226.3 211.9 201.6 200.4 198 196.6 193.9 189.1 189 187.9 188.5 187.6 183.1 180 173.6 169.3 165.8 163.3 161.1 158.6 155.9 152.8 150.1 147.7 147 145.7 146.4 146.8 145.4 144 142 139.1 138.7 136.7 135.9 132.4 131.9 131.5 127.6 130.1 127 125.5 120.3 120.6 120.7 120.6
193.3 196 199 203.3 211.2 214.1 214.2 214.4 215.1 215.9 217.7 225 221.5 221.3 223.1 224.6 227.7 233.9 239.7 244.8 248.4 252.2 251 253.1 258.2 258 252.6 252.6 253.2 246.1 240.2 235 227 210.7 204.3 204 202.5 201.3 200.7 191.4 190.5 192.7 189 185.3 183.6 180.9 177.8 172.6 167.6 164.1 161.7 158.6 155.2 152.6 150 148.5 147.9 146.2 144 145.8 145.8 144.2 142.3 141 140.3 139.7 138 136.4 135.4 134.5 133 130.2 128.6 127.9 126.7 123.4 121.7 120.8
201 205.5 210 216.6 213.6 222.3 222.9 221.2 219.9 219.5 223.3 227.3 227.5 226.2 226.9 226.1 225.5 228.5 232.1 233.4 236.4 239 242.6 245.3 249.4 250.6 248.2 250.7 253.3 245.9 235.7 227.2 218.9 211.3 209.7 211.5 210.5 208.6 204.8 197 187.8 190.3 189 186.1 184 183.1 180.5 175 169.2 164.8 161.8 159 155.9 153.3 151.5 149.6 148.4 146.9 146.5 145.6 144.6 143.5 142.4 142.9 140.9 141.3 141.1 138.2 136.7 135.9 134.5 132.9 132.3 131.3 130.5 128.5 126.6 126.4
216.3 221.3 228.8 218.6 212.3 229.1 232.7 226.5 223.3 222.9 226.6 229 230.7 231.5 230.8 227.1 225.8 228.7 231.6 234.2 236.8 237.8 238.7 241.3 242.8 244.5 245.6 248.2 249.8 247.5 232.3 222.3 214.6 214.3 216.8 217.2 215.9 215.3 215.3 213.9 200.9 189.2 185.6 183.2 182.2 181.9 179.6 175.1 171.3 166.3 163.4 160.1 157.4 154.9 153 150.9 149.7 149.2 147.1 146.1 145.1 144 142.9 143.1 142.2 141.7 141.3 140.4 139 137.5 137.4 137 135.9 134.9 133.1 132.1 131 129.8
223.3 229.5 233.4 236.5 233.9 238.3 234 229.6 228.5 228.5 231.9 230.9 232.1 232.3 231.1 228.3 227.7 231.8 235.8 247.1 245.5 247.2 241 240.5 241.3 242.9 246.3 247.2 245.2 238 225.1 219.1 219.2 219.8 221.5 221.3 220.5 221.9 222 224.8 223.5 208.1 197 188.9 185.5 182.8 179.3 175.7 173.2 167.9 164.3 161.4 159.3 156.9 155 155.5 150 148.9 147.6 146.5 145.6 144.5 143.4 142.8 142.5 141.4 140.9 140.1 138.9 138.3 139.9 140.3 138.5 137.7 135.9 133.6 132.5 131.4
226.9 234 235.5 238.7 238.6 238.1 236.6 235.5 234.5 233.2 233 232.9 234.2 233 231.5 229.9 230.7 235.7 242.5 253.2 247.1 252 243.7 241.9 241.4 240.2 241.8 240.8 237.5 231.5 226.4 229 229.6 229 227.8 224.6 224.7 226.1 227.9 231.9 233.5 227.4 208.8 197.8 188.3 184.9 181.1 176.2 173.7 169.1 165.5 164 161.5 159.1 155.2 154.9 152.1 150.2 149 147.8 146.5 145.3 144.2 143.5 143 141.5 140.4 140.9 142.3 142.9 143 140.8 139.5 137.7 136.6 135 134.4 132.8
225.4 233.3 235.6 237.9 239.3 239.7 240 238.9 237 234.3 233.9 235.2 234.8 233.9 232.4 232.3 234.5 239.4 252.8 253.8 249.2 251.9 247 243 240.9 239.6 238.1 235.6 234.8 237.8 240.4 247 247.6 244.1 236.9 234.1 230.4 231.6 234.3 238.4 239.7 236 226.7 208 197.4 189.4 183.7 177.7 173.6 169.8 169.4 167 164.2 160.8 157.7 156.5 154.2 151.6 150.4 149.1 147.9 147.1 145.9 144.7 143.8 143.1 142.5 142 144.7 145.9 145.6 142.6 139.6 137.8 136.1 135.8 135.6 134.5
221 229.3 232.3 235.6 238.6 240.2 240.8 239.9 237.8 235.4 235.3 234.3 233.8 233.4 233.1 233.5 234.2 244 255.9 254.4 250.8 254.2 250.8 247.5 244.6 244.3 241.1 242.7 247.4 248 256.9 259.9 260.5 256.8 249.3 246.2 237.7 238.8 242.2 244.1 244.8 239.2 233.1 226.3 205 197.7 187.3 179.5 172.6 172 169 170.6 166.8 162.9 158.9 157.3 155.7 153.5 151.7 150.5 149.3 148.9 148.5 146.2 145.5 146.6 144.9 144.3 146.1 146.8 146.3 143.8 141.8 139.9 137.8 136.1 136 135.7
217.5 224.2 227.2 231.8 236.4 240 241.1 240 239.1 236.8 235.3 234 232.9 232.5 232.2 233 234.7 245 257.2 255.2 253.5 256.1 253.8 252.1 257.1 261.1 261.5 262.3 263.9 264 264.6 271.5 273.7 267.6 259 253.5 243.8 244.3 246.6 247.6 245.2 240.8 235.3 229.3 223.7 202.3 191.4 184.4 177.6 173.5 170.9 170.9 171.2 162.8 161.8 159.6 156.8 156.4 155.1 152.2 150.9 150.2 150.2 149.2 148.6 149 149 147.8 147.1 145.1 145.3 143.5 139.4 138.3 137.7 135.6 134.5 133.1
213.4 219 223.1 229.1 234.6 238.6 240.3 239.6 239.8 238 235.9 234.1 232.8 232.1 232.2 233.6 235.2 243.4 256.7 260.1 257.1 258 259.4 259.8 270.3 273.2 276.5 277.3 283.3 287.2 285 283.5 282.8 271.9 266.5 259.9 251.5 248.1 247.9 246.9 244.9 241.1 236.2 231.3 224.6 218.3 196.9 188.5 183.9 177.4 173.2 170.2 170.4 166.8 163.7 160.9 158 157.4 157.1 154.4 152.1 151.1 150.8 150.1 150.2 150.4 149.9 149.9 147.7 142.9 140.1 135.9 133.7 132.4 132.1 130.4 127.9 126.7
209.8 216.1 219.5 223.8 226.6 233.4 237.5 239.7 239.8 239.2 237.5 235.5 233.4 232.6 233.8 234.8 236.4 244.2 254.7 263.1 263.3 262.9 264.8 272.1 285.9 291.5 294.3 294.5 298.7 290.1 288.4 288.7 283.8 275.4 270.9 263.8 254.9 250.1 247.9 246.7 243.5 240.2 236.1 230.8 225.7 215.9 205.2 192.6 188.1 182.6 176.2 170.4 169.7 167.8 165 162.1 159.3 158.1 157.5 155.8 153.6 151.1 150.2 149 148.3 149.1 148.9 145.6 140.5 137.8 137.2 136.7 137.1 135.3 132.6 130.3 128 127.1
214.9 216.4 218.5 219.1 221.3 223.8 230.3 237.9 240.4 239.1 238.5 237 235.8 236.1 239.3 237.8 240.4 249.9 255.9 268.3 268.1 271.4 279.7 291.3 296.3 298 300.2 300.1 297.4 296.4 291.1 292.5 286 278.1 272 266 256.8 252.4 248.6 246.5 244.1 241.1 237.5 232.9 228 221.3 212.8 198.8 192.2 187.3 180.9 174.9 171.1 168.1 166.2 163.3 160.6 157.9 156.6 154.5 152.6 151.2 149.8 148.4 146.8 144.9 144.3 142.9 141.4 140.4 141.9 143.5 142.5 142.1 137.6 133.4 131.7 133.3
219.8 222.9 225.3 222.4 221.1 223.1 226.3 233 235.1 236 237.4 237.4 239.9 249.9 245.9 240.3 246.9 254.9 258 274.9 293.3 298.8 290.2 303.3 305.5 303.9 304.4 303.5 300.5 297.5 299.1 292.2 285.6 278.9 273.1 267 259.9 255.8 251.5 248.9 247.3 245.4 242 236.6 229.1 221.7 218 207.6 199 193.2 186.5 178.6 174.1 170.6 167.1 165.3 162.1 159 156.8 155.1 153.6 152.3 150.7 149.4 148.2 145.1 144.4 145.8 146.1 144.9 146 145.3 145.7 146.2 144.3 141.1 141.1 142.2
227.8 228 225.3 223.6 222.5 223 225.2 228.7 233.2 233.7 235 236.5 240.5 244.6 245.6 241.6 248.3 254.7 265.4 295.9 310.8 316.6 314.7 314.7 310.4 309.7 307.7 305.3 301.8 299.1 302.9 292.4 285.4 278.2 271.7 267.1 261.4 257.7 254.1 252.7 251.6 249 243.7 237.2 229.8 225 221 215.8 206.6 199.7 191.5 184.9 177.6 172.9 170.8 166.6 163.7 160.7 158.6 157 154.7 152.8 151 150.5 149.5 146.6 145.7 149.2 149.6 149.8 148.7 147.6 146.5 145.4 145.4 145.4 143.2 143
232 232.8 227 225.2 223.8 220 226.2 229.1 233.2 235.2 235.3 238.1 241.1 242.7 242.5 243.3 249 257.9 278.1 303.1 314.9 320.5 321.7 321.1 316.1 316 312.3 306.2 302 307.1 306.5 296.3 286 277.6 272 267.3 262.9 259.1 257.5 256.1 253.8 248.7 242.8 236.5 232.8 229.7 225.6 217.4 208.3 199 192.4 186.1 180.1 175.5 171 167.6 164.9 162.7 160.7 158.7 155.7 153 151.4 150 150.2 147.9 147.5 149.4 150.4 150.2 148.7 148.4 147.5 146.6 146.8 146.1 143.8 141.2
236.6 237.5 235 232.2 230 233.4 237.9 239 237.8 237.6 238.2 239 240.8 241.7 243.1 245.3 250.6 261.8 279.7 301.3 313.1 320.1 324.6 326.5 321.4 322.4 316.3 305.1 298.4 316.7 309.7 296.5 284.1 278.4 272.6 268 264.3 260.2 258.4 256.7 253.4 249.1 241.8 235.7 234.2 231.8 228.5 221.2 214.1 205.1 194.3 189.2 181.8 178.5 173.8 169.5 165.4 163.5 161.8 160.3 158.1 154.5 152.6 151.1 150.7 148.9 149 149.6 150.1 150.5 150.2 149.4 147.8 146.9 147.5 145.8 143.6 141.6
242 244.4 248.2 253.4 255.1 256.7 256.5 256.1 259.2 256.4 251.8 242.8 242.8 243.6 244.6 246.1 251 258.9 277.3 297.5 312 321.5 328.4 331.4 327.6 326 321.1 320.8 317.7 320 309.5 295.9 284.4 279 273.1 268.7 264.7 260.8 258.6 257.4 256.9 252.4 244.4 237.2 236.1 234.3 229.7 225 218.3 211.5 200.4 192.1 185.3 182.1 177.4 172.2 168.9 164.6 163.1 161.6 160.1 156.8 154 153.7 151.8 149.9 149.6 150 150.4 150.2 150.6 150.1 148.2 148.1 147.4 146.1 143.4 143.7
249.3 252.6 260 268.8 267.7 265.2 266.6 259.9 259.1 259.6 259 256.7 246.6 247.7 247.1 248.3 251.1 256.9 270.4 286.9 307.6 318.3 328.3 333.5 330.3 326.2 324.4 323.4 318.9 319.4 311.2 296.2 283.3 275.7 272.3 267.7 264.2 262 260.1 259.3 259.1 256.2 247.8 239.8 238.8 236.5 232.9 228.7 222.4 217.7 206.9 195.4 188.4 184 178.8 174.6 172.7 168.2 164 161.6 159.1 157.6 155.6 153.5 152.4 151.4 150.1 150.4 150.1 149.9 150.2 150.2 148 148.3 146.8 145.7 145 145.8
256.5 262.3 271 274.5 274.4 275.9 266.2 243.8 233.7 259.2 260.3 258.2 250.6 254.1 252.9 249.7 252.1 257.1 265 277 294.3 309.8 320.9 325.7 325.8 323.5 330.8 325.8 314.1 315.7 308.7 296.5 283.6 276.1 270.1 267.9 265.7 263.1 261.8 261.2 259.8 258.7 251.6 242.3 241.3 239.7 236.8 232.2 226.3 220.2 211 197.5 191.5 186.1 179.7 174.8 171.3 167.8 164.6 162 159.4 157.8 157.1 154.4 152.2 151.3 150.7 150.4 150.1 149.7 150.3 148.7 147.5 148 145.9 145.4 145.6 144.7
263.4 271.3 279.9 281.5 282.3 275.3 262.8 228.1 227.1 237.9 269.6 262 259.4 260.2 256.8 252.5 253.7 258.7 264.9 272.1 283.5 299 310 316.7 318.5 321.6 332.2 328.5 323.7 318 309.3 299.4 286.7 276.9 269.5 266.9 265.5 264.2 264 263.5 262.8 260 254.4 247.3 244.6 242.8 240.9 235.2 229.5 222.2 212.9 200 189.4 186.7 180.7 177 172.4 168.8 165.7 162.9 161.6 159.1 158.4 155.4 152.3 151.6 151.4 151.1 150.8 150.5 149 148.1 147.9 146.5 146.2 145.8 145.2 144.3
271 279.7 291.8 291 276.7 263.9 233.5 217.3 213.5 235.5 273.1 268.2 265.5 265.4 260.6 258.6 256.6 260.8 267.5 274.8 280.9 288.3 301 310.8 314.6 317.3 319.4 335.1 327.5 324.4 317.1 306.4 292.3 279.3 271.3 268 266.7 266.5 266.2 265.8 264.4 261.8 257.3 251 247.5 244.5 241.9 237.9 230.2 219.9 210.3 200.7 193.8 190.8 186.3 181.3 174.9 170 166.6 164.2 162.2 160.9 159 156.4 153.8 152.2 152 151.8 151.5 151.1 149.2 147.9 147.1 147 146.9 146.5 146 145.5
275.6 286.1 298.2 276.6 263.5 246.5 224.7 216.5 220.5 270.7 278.2 272.7 276.3 271.2 268.6 265.8 261.5 263.3 272.4 282.7 290.8 295.5 295.9 299.6 307.1 311.3 319.1 333.1 333.3 328.1 322.7 313.8 299.3 285.2 276.6 270.8 269.3 269.2 269.1 267.7 266.5 263.4 259.6 254 250.5 246.3 243.1 240.1 229.5 219.9 210.2 202.2 205 196 190.3 184.6 177.2 172.3 167.5 164.4 162.5 160.6 159.2 157.6 155.5 153.5 152.8 152.2 151.7 150.6 149.2 147.9 147.8 147.7 147.6 147.1 146.7 146.2
281.1 294.2 295.4 277.3 254.3 240.7 223.5 216.1 222.2 284.8 285.1 280.8 281.8 277.1 276.2 273.4 267 267.3 276.1 289.1 301.3 309.3 304.4 298.9 300.3 306.8 315.1 329.4 334.1 330.7 324.9 318.4 306.3 293.6 283.8 274.1 271.6 270.4 271.7 270.8 268.8 265.4 261.5 257 252 248.6 245.7 241 231.5 222 211.3 202.9 209.3 202 193 186.6 180.8 174.7 169.9 165.1 162.2 161.8 161.1 158.7 157.2 154.8 153.9 153.4 152 150.9 149.6 148.7 148.5 148.4 148.3 147.8 147.4 147
285.4 296.5 297.9 276.7 256.8 239.1 223.3 211.2 248 294.5 287.3 282.1 281.5 281 285.1 280 272.1 271.6 277.6 286.5 300.8 313.3 319.3 307.5 301 304.6 311.4 317 331.7 334.5 327.1 319.4 309.7 300.5 289.3 278.1 272.1 271.3 273 271.8 269.8 267.2 262.8 257.8 253.7 249.9 246.1 240.9 234 225.1 213.8 203.4 212.7 206.4 197.2 189.9 184.5 178 172.9 167.5 163.6 162.6 161.8 160.7 157.9 155.8 154.4 153 154.5 151.9 151.4 149.5 149.1 149 149.1 148.5 148.1 147.7
289 299.6 298.1 276.4 249.8 234 211.4 211.2 274.9 296.8 284.7 281.2 285.7 289 288.8 282.8 277.2 277.4 280.4 286.2 294.4 304 314.5 313 304.2 304 308.9 317.8 326.7 334.7 331.7 322.6 312.5 303.6 294.9 283.2 274.4 272.1 272.9 271 268.5 266.5 263.6 259.7 254.6 250.6 246.8 243.4 235 227.3 218.7 205.3 213 210.7 203.1 193.7 186.3 181.1 175.6 170.1 165.1 163.7 162.5 161 159.4 157.3 155.6 152.8 152.3 151.2 150.6 150.9 151.9 150.1 151.2 149.2 148.6 148
293.2 303.1 306 283.5 261.2 227 211.5 253.6 297.5 288.4 284.2 286.3 295.2 293.4 290.1 286.8 284.4 283.5 285.6 290.9 296.4 300.6 302.7 304 303.3 301.2 305.2 315.9 319.5 330.4 334.1 326.7 317.8 307.6 297.6 287.6 278.9 274 272 269.9 267.9 266 263.5 259.9 255.9 250.9 247 242.7 239.2 230.5 222.5 211.3 211 213.9 207.5 199 189.3 183.1 178 172.7 168.4 166 164.5 161.7 160.1 159.6 158.6 155.7 151.5 151.1 150.9 150.7 151.3 152.8 153 151.9 149.5 147.4
296.9 305.1 311 318.1 297.1 255.6 236.3 294.2 291.7 288.4 294.7 295.8 296.1 295.7 295.7 295.2 293.9 293.5 297.2 303.5 308.6 310.2 308.4 304.5 299.3 296.8 298.7 306.5 315.6 321.1 323.5 322.1 316.3 309.4 301.7 291.2 283 276.6 272.6 269.3 267.3 265.5 263.5 259.7 255.5 251.5 247.1 243.9 239.8 231.6 225.6 216.1 211.3 215.4 210.6 202.9 193 185.7 180 174.5 172.6 168.7 166.7 163.7 161.8 161.2 160.7 157.8 153.8 151.4 151.2 151 150.8 152.3 155.5 151.6 148.6 145.6
299.6 308.1 313.7 316.2 310.8 299.1 296.1 297.5 293.7 299.6 298.3 301.5 305.1 302.8 302.8 309.7 311.9 309.5 306.6 311.5 317.7 321.6 316.9 310.9 301.2 296.4 295.8 300.7 306 311.8 313.1 312.7 311.7 309 303.5 295 285.2 279.5 273.5 269.4 266.7 265.1 263.8 261.2 256.9 252.8 247.3 242.5 236.3 230.7 225.9 218.8 211.7 218.1 213.4 206 196.6 187.1 181.6 178.2 175.5 171.9 167.5 164.4 162.8 161.5 160.8 160.1 156.6 151.8 151.3 151 150.4 151 152.1 151.1 149.2 147
306.5 312.4 314.1 313.5 306.2 303.7 302.2 294.1 301.6 300.1 305.6 314.4 316.2 309 316.6 329.6 333.7 329 318.2 320.6 328.7 326 321.9 318.6 304 297.3 294.7 295 297.8 302 304.4 306.1 309.7 308.8 304.9 296.7 288.5 281.7 275.4 269.6 266.1 264.6 263.4 261 257.2 252.8 247.9 242.9 236.4 231.4 227.3 221 212.9 217.9 214.4 207.5 199.3 189.1 185.1 181 178.4 176.8 171.7 167.2 164.7 163.1 161.5 160.2 158.2 153.8 151.5 150.7 150.1 150 150.4 149.7 148.6 147.9
