Assets/StreamingAssets/GeoData/Data/sj/SJ35.asc
ncols 200
nrows 200
xllcorner 330000
yllcorner 350000
cellsize 50
[rows 76 to 113 of 200, columns 0 to 85 of 200]
165.7 164.7 162.4 156 147.7 142.8 139.1 137.3 134.7 126.7 115.9 115.7 112.4 111 99.6 91.9 88.7 88 90.1 87.4 84.5 83.8 85.3 82.2 73.9 66.3 76.4 83.6 91 97.7 98.6 96.1 95.1 94.4 93.6 93.2 92.9 92.5 92.7 93.5 93.9 94.7 94.4 92.8 93.1 92.5 102.3 113.4 117.6 118.6 115.9 106.4 96.7 93.7 94.6 91.8 90.9 88.5 88 87.2 87.8 87.4 86.9 87.2 85.8 85.9 86.5 87 87.2 87.1 86 86.1 85.2 83.6 82.1 82.3 81.3 80.5 80.9 80.9 80.4 79.4 78.4 77.7 76.9 76.1
164.4 162.7 161.9 154.3 148.3 142.6 137.3 135.3 135.3 128.8 118.7 116.4 105.1 95 90.2 86.4 83.8 82.8 81.4 79.6 80.8 82.5 85.4 81.7 72.6 66.2 73 82.2 90.2 98 97.5 95.3 94.5 93.6 93.2 93.1 92.6 92.1 91.9 92.6 92.2 93.9 94.7 94.4 92.2 96.8 101.7 103.1 103.8 104.9 99.9 92.1 92.4 92.9 92.8 91.9 90.7 89.1 88.5 87.7 86.5 85.5 84 83.8 84.4 84.9 85.7 86.1 86.5 86.5 86.5 86.1 84.6 83.6 80.9 81.2 80.2 80 80.9 80.9 80.6 79.6 78.8 77.9 77.1 76.3
160.9 160.5 159 152.9 147.2 143.5 136.2 133.5 131.9 129.4 123.3 110 98.1 90.6 87.4 84.9 80.3 78.6 75.5 72.4 74.6 83 83.4 82.5 77.5 70.1 69.6 80.7 88.7 93.2 92.6 90.3 91.2 91.9 92 92.4 92.2 91.7 91.2 91.8 92.1 92 93.6 92.6 91.2 91.9 99.8 100.6 94.9 90.2 91.8 92 92 92.6 91.9 91.5 91.1 89.8 89 87.7 86.2 86.2 84.7 82.2 82.4 83.8 84.7 85.2 85.5 85.2 85.1 85.1 83.6 83.2 81.5 79.9 80.6 79.7 80.6 80.6 79.9 79.1 78.8 77.9 77.2 76.4
159.9 157 156.3 149.8 147.9 144.2 138.4 131.7 130.9 128.2 121.7 106.4 94.8 89.4 83.7 79 75.9 75.3 73 74.9 72.6 73.5 81.7 80.9 77.8 68.4 67.7 78.6 84.9 87.4 88 87.5 87.9 89.7 90.7 91.1 91.2 90.5 89.8 90.1 91.9 91.9 92.1 93.8 90.5 90.2 93.5 91.8 88.5 89.9 90.4 91.4 91.7 92 90.9 90.6 90.3 90 89 87.7 86.6 85.8 84.8 83.6 81.1 78.4 82.1 83.4 83.4 83 83.2 83.4 83.8 82.6 80.7 81.4 80.9 81 81.1 79.9 79.2 79.2 78.9 77.9 77.1 72.7
160.8 157.2 152.6 149.6 147.1 143.6 138 130.1 129.9 126.3 121.3 105.6 94.6 84.5 77.4 72.9 72.1 79 92.3 86.1 82.7 78.7 69.2 70.7 75.9 65.8 65.6 76.1 85 84.7 84.1 85.5 88.1 88.7 89.4 89.2 88.9 87.9 87.4 88.8 90.6 90.8 90.1 90.6 91.5 92.3 91 87.9 87 88.6 89 88.7 89.7 89.4 89.5 89.7 89.2 88.5 88 88.2 87.6 86.7 84.7 82.6 81.3 80.7 78.7 80 78.8 79.5 79.7 81.6 82.4 82 82.3 82.5 80.8 80.3 78.5 79.2 79 78.8 78.8 74.1 69.9 59.3
159.6 155.3 154 148.5 145.4 142 133.4 125.4 126.1 118.5 108.4 97.5 86.2 78.9 77.3 79.2 88.6 104.3 105.7 98.5 89.5 80.1 75.6 67.5 74 64.9 65.3 76.1 83.2 84.5 83.1 84.7 85.9 85.7 86.7 86.8 86.7 86.9 86.6 85.6 88.6 88.8 87.7 87.2 88.5 88.3 87.7 85.7 85.8 86.8 87.4 88.4 88.2 87.8 87.9 88.5 89 88.3 87.1 87.6 87.7 85.9 85.6 84.2 82.5 82.2 81.8 80.6 80.6 74.2 74.4 80.6 80.8 79.8 79.9 80.5 80.8 79.5 78.1 77.6 77.9 78 78 67.2 63 59.6
157.8 154.8 152.1 146.6 143.3 139.1 128.3 120 121.2 112.8 96.3 83 77.4 78.4 84.2 94.3 108.6 114.9 116.9 104.3 92.6 81.9 76.7 67.1 72.1 65.7 62.9 76.5 82.1 83.5 83.7 82.9 84.3 82.2 82.2 85.6 86.2 87.4 85.3 82.8 85.1 85.8 85.1 84.4 84.9 85.4 85.1 84.8 86.1 86.8 86.5 87 86.8 87 87.2 88 88.7 88.6 87.5 86.9 86.7 86.6 85.7 84.2 83.5 83 82.1 82.8 82.3 80.6 73.8 68.9 75.4 76.3 76.9 76.9 77.3 78.3 77.7 77.4 77.9 77.4 76.8 75.5 62.7 59.7
154.2 153.3 150.7 145.4 141.1 138 129.9 118.7 107.3 99.5 85.9 76.9 84.2 90.5 97.1 107.7 113.9 116.4 115.3 105.4 93.9 83.8 78 69.8 68.5 66.3 63.3 74.7 74.7 75.2 81 79.8 81.3 83.3 84.1 83.8 83.8 85.1 85 82.1 81.3 82.9 81.9 83.1 82.7 82.5 84.2 85.9 86.8 86.9 86.1 85.9 86.1 86.3 86.6 87.5 88.2 88.6 88.1 87.3 86.5 86.3 86 85 83.8 82.9 82.5 83.6 82.7 82.1 79.1 68.5 67.3 75.5 75.7 75.8 76 76.5 76.2 76.7 78.3 77.3 75.8 73.3 67.5 59.4
152.5 152.4 149.1 143.4 140.8 138.2 131.5 123.6 110.3 94.6 81.8 83.3 94.7 101 109.5 113.6 115.4 116.7 112.3 102.7 94.2 85.6 79.8 73.1 65.4 67.8 64.3 75.6 74.9 77.7 78.1 78.9 79.4 80.9 83.1 82.9 81.9 80.5 82.1 81.1 79.4 79.3 80.9 81.9 80 81.7 83.9 85.1 85.7 85.8 85.7 85.5 85.4 85.6 86 87 87.7 87.7 87.7 87.5 86.4 86.4 84.8 84.5 83.7 83.3 83.1 83.5 82.7 81.3 78 76.3 62.9 65 71.3 72.3 75.4 76.6 76.4 70.2 77.2 76.4 73.6 72.3 73 59.4
151.7 151.5 147.2 142 138.8 137 134.5 127 111.5 94.8 81.1 86.7 104.4 115 115.1 113.1 114.3 117.7 109.3 103.4 94.7 86.6 80 70.7 67.1 66.5 69.5 76 74.5 77.7 79.2 78.7 76.7 77.6 79.6 79.5 77.9 76.9 78.2 80 78.3 77.8 78.1 79.1 78.6 79.8 83 83.6 84.5 85.1 85.7 85.6 85.1 85 85.5 86.4 87.1 86.8 86.8 86.8 86.2 84.6 84.4 83.3 82 82.7 83.2 81.5 80.4 79.1 77.6 75.9 73.6 69 64.5 61.2 59.4 58.4 58.2 63.9 70.2 73.9 70.5 71.2 72.6 59.5
149.7 147.2 143.3 138.9 137.1 135.9 134.4 128.1 113.2 95.5 82 81.6 106.3 119.8 113.9 113.1 113.4 114.8 109.9 104.4 94.5 89.5 79.6 69.6 65.7 62.8 68.4 76.1 74.7 74.3 74.7 77.5 76.1 75.1 75.6 76.9 77 78 80 80.1 79.4 76.7 76.4 77 77.8 80.5 82.1 83.3 83.9 84.2 84.7 85 85.4 84.7 85 86.1 86.8 87.4 86.4 86.3 85.9 83.8 82.5 80.7 80 80.9 82.2 80.4 78.5 77.5 77.1 77.4 77.6 75.7 73.1 70.7 70.5 69.8 63.9 49.8 54.5 64.5 65.5 73.1 70.7 59.5
147 139.7 133.8 131 128.8 129.7 133.2 131.5 114.7 96.5 82.7 79.2 102.6 116.1 112.2 110.4 112.1 110.7 109.5 106.5 96.9 91.1 80.5 71.6 66 62.8 69 76.4 75.5 80.7 81 80.6 74.3 74.3 74.5 74.5 74.6 74.8 77.5 77.8 78.5 78 77 75.9 77.6 79.5 79.3 82.7 84.1 84.1 85 85.2 85.2 84.1 84.8 85.6 86.2 85.9 85.9 85.7 84.8 82.9 82.5 79.5 79.3 79.2 79.9 78 77.5 77.3 77.7 78.3 77.5 76.7 76.6 77.2 76.2 70.9 61.3 51.6 48.2 53.5 59 71.4 69.2 67.2
145.8 135.9 130.9 127.3 124.1 127.1 136 135.2 122.5 93.9 89.2 80 97.7 114 111.8 109.8 109 108.2 107.9 104.6 98.4 91.5 83.7 73.1 66.5 61.6 69.4 76.9 77.4 78 77.7 79.5 79.2 74.3 74.3 74.5 74.9 74.7 76.7 77.3 77.2 78.1 76.7 77.6 75.9 76.9 76.5 79.7 82.8 84.3 85.3 85.4 84.4 83.7 83.6 84.6 85.4 85.5 85.7 84.4 83.7 82.7 81.2 79.9 79 78.1 77.6 77.7 77.7 76.7 77.2 77.7 78.2 77.5 76.7 69.5 60.8 55.2 55 54.8 49.9 49.2 54.9 68.8 67.3 66.4
138.6 132.3 128.1 123.7 120.2 129.1 132.8 133.1 121.8 99 94.3 81.5 95.6 113.6 111.9 110.3 109.8 110.3 111.4 108.7 104.2 98.1 88.4 74 66.8 61.6 67.2 76.8 77.6 77.6 78.8 79 80.7 77.4 74.3 75 75.1 74.7 75.9 76.8 75.9 75.5 75.5 77.5 76.9 75.7 76 78.1 80.8 84.6 85.5 84.9 84.4 83.5 82.6 83.3 84 83.9 84.6 83.8 82.8 81.6 80.3 80.3 79.7 78.8 77.6 77.6 77.3 76.6 76.7 77.1 77.2 71.5 61.9 61.3 64.2 68.8 74.1 72.4 58.5 47 49.3 62.5 62 57.3
133.3 130.4 126.6 122.1 117.6 114.6 124.9 121.4 106.6 95.9 92.8 84.1 105 113.5 112 111.1 113.6 115.5 115.8 111.5 106.7 101.4 93.1 78.7 67.4 62 65.3 70.4 77.2 78.9 79.5 80 80.7 80.1 76.6 74.3 75.3 75.2 75.3 77.2 75.7 75.3 75.8 76.2 76.8 76 78.2 81.5 83.8 85.6 85.4 84.9 84.1 83.2 82.3 82.1 82.3 82.2 82.7 82.1 81.5 81.9 79.2 78.8 79.4 79.4 77.9 77.2 76.4 76.5 77.1 77.1 69.4 63 70.5 78.4 77.4 77.3 77.2 74.3 58.2 46.7 47.6 54.9 52.3 40.5
132.2 128.3 125.5 120.2 116 110.7 107.7 106.3 96.3 91.8 84.8 92.9 113.8 112.1 113.4 116.2 119.5 121.2 118.7 115.2 110 103 98.1 83.4 71.7 64.2 63.6 65.7 69.1 75.4 80 80.4 80.6 80.2 78.4 77.1 76.2 76.1 76.1 75.6 75.1 75.3 75.7 76 76 75.7 83.1 85.7 85.6 85.7 85.4 84 82.9 82.1 81.6 81.3 81.7 81.8 81.8 80.8 80.9 81 80.2 77.7 78.6 78.3 77.7 77.9 77.2 76.6 77.5 70.7 66.2 72.5 78 78.2 78.3 77.7 76.1 69.4 56 45.6 43.8 44.8 40.2 34.3
123.4 123.8 118.9 115 107.7 99.6 96 90 87.6 87.5 88.9 99.8 111.8 114.8 119.6 123.9 125 125.3 121.2 116.4 112.2 105.5 100.3 89 81.3 71.5 61.6 62.3 62.8 67.7 76.6 80.1 80.2 79.4 78.4 78.9 78.9 76.8 75.9 76.2 77.2 76.5 75.5 75.5 75.5 75.5 80.7 84.6 84.5 84.7 83.7 82.6 82.4 82.1 81.8 81.5 81.9 82.3 81.2 79.1 78.5 79.2 78.6 77.8 75.9 76.1 75.4 75.2 75.7 75.6 75.8 67.2 71.1 73.9 76.8 78.8 78.9 78.9 76 64 51.8 42.1 39.6 38.3 35.8 30.6
112.3 105.6 102.4 97.1 91.1 90 91.3 87.6 93.6 102.1 101.1 96.3 108.1 118.3 125.1 128.7 130.1 129.4 123.8 119.5 113.5 106.9 103.1 94.7 88.7 77.3 72.2 68.1 63.7 60.3 66.5 79.3 79.5 78.8 77.9 76.9 79.5 77.1 77 76.2 76 76.7 76.6 75.6 75.5 75.4 77.5 81.7 83.5 83.1 82.9 82.7 82.3 82.2 81.9 81.6 82.1 82.5 81.9 79 78.4 78.4 78.3 77.7 75.3 77.5 77.6 76.2 73.8 73.1 73.6 71.9 76.4 75.7 77.5 78.8 79.3 78 61.2 53.2 46.6 40.3 37.3 35.7 33.2 30.2
102.9 95.4 91.6 91 90.9 96.5 97.7 99.2 103.4 103.5 104.2 95.5 104.6 118.9 126.8 131.6 134.3 133.4 128.4 122.5 115.8 108.2 104.5 101.3 95.3 86.1 76.6 69.9 66.2 62.9 60.6 69.9 78 78.9 77.4 75.8 78.9 76.2 76 75.4 75.1 76.6 77 77.8 76.1 76.1 77.4 81 82.4 83.1 83.1 83 82.2 82.1 82 81.8 82.1 82.3 82.4 81.8 82 79.5 79.7 78.3 75.5 77.3 80.4 79 77.4 76.4 75.2 76.5 78.5 78.4 78.8 79.5 75.2 60.8 53.8 47.2 43.6 39.7 38.7 36.9 30.4 29.4
92.7 96.9 100.7 101.7 104.3 105.5 104.9 104.3 105.1 104.7 105.5 104.3 104.2 116.6 125.7 135.1 138.5 137.6 133.6 127.5 118.1 110.5 106.5 102.8 98.4 92.8 84.4 76.1 69 67.3 62.1 62 71 76.8 76.2 75.8 77.1 74.7 73.6 75.2 76 76.6 77.9 78.6 77.1 78.7 78.7 78.5 77.8 77.2 76.9 76.4 75.3 76.1 76.2 76.1 77.5 77.6 79.4 80 81.1 81 79.6 76.5 76.1 76.5 78.8 79.4 78.4 78.5 77.5 78.7 78.8 78.9 78 76.8 64.3 54 46.3 42.4 41.2 37.3 34.6 30.7 29.6 30.7
111.9 114.4 115.6 114.8 113.8 112.3 110.8 109 106.3 104.9 110 110.6 108.1 117.5 131.7 141.1 142.4 141.9 137.3 130.9 122 114.6 108.5 105 96.5 95 90 82.2 76.4 67.8 67.5 60.6 62.9 71.8 75.6 77.5 76.1 75 74.6 74.7 74.7 76.7 79.1 78.7 78.8 78.7 78.2 78.1 77.7 77.3 76.9 76 75.9 76 76.3 76.4 77.6 78.6 77.1 76.4 76.7 77.4 76.6 76.5 76.5 77.3 78 79.7 80.1 80.3 78.3 79 78.8 78.6 76.8 69.5 56 47.5 43.4 40.9 39.1 34.7 32.5 30.6 29.8 33
122.3 121.8 121.2 118.6 115.5 112.5 111.5 109.8 107.7 105 108.2 109.9 110.6 120.8 137.4 145.2 147.9 146.4 140.8 134.5 127.2 118.9 110.2 106.1 101.6 98.2 91.9 86.2 85.1 74.3 67.7 66 58.9 61 63.4 64.6 70.1 75.3 74.2 73.6 73.8 76.2 78.9 82 81.9 80.4 79.2 79.9 79.4 77.8 77 75.6 75.8 75.9 76.2 76.5 76.9 76.7 76.9 76.8 76.7 77.6 77.4 77.2 77.1 78.3 78 80.2 80.8 80.5 79 79.5 78.8 78.7 76.5 62.8 51.1 44 42 40.5 37 32.9 36.1 30.6 33.5 36.5
125.2 123.8 120.9 117.7 112.3 106.1 103.6 102.3 106.1 104.1 105.6 108.1 114.2 130.3 143 150.3 155.4 151.8 144.6 137.8 130.9 122.5 113.9 107.3 102.9 98.4 94.7 89.5 86.7 81.5 75.7 67.3 64.5 58.8 58 58.6 57.9 64.9 66.5 74.2 73.1 77 77.6 78.2 78.7 79 81.8 84.3 83.5 83 79 76.4 75.7 75.9 76.1 76.5 77 77.4 77.6 77.5 78.3 78.8 78.4 77.9 77.8 78.7 79.2 81.3 80.7 79.9 79.1 79.6 78.7 75.6 69.2 56 47.5 43.8 42 40.6 35.7 31.2 30.4 33.3 42 43.5
126.4 125 121.6 117.2 104.2 101.1 100.3 99.5 99.3 102.5 106.4 115.3 121 142.1 151.8 158.2 162.9 159 152.7 141.8 134.2 126.4 117.4 110 104.1 98.3 95.1 90.7 88.5 86.5 83.2 76.5 67.3 65.1 62.1 60.7 60.6 59 57.4 66.4 75.2 77.1 76.9 77.3 77.5 77.7 79.1 84 83.7 82.8 79.3 77.2 76.3 75.8 76.3 76.8 77.3 77.8 78.2 78.4 80 79.8 79.2 78.4 78.2 79.4 80.2 80.5 79.8 79.1 79 79 78.5 75.9 63.7 53.7 46.7 43.6 41.2 39.5 33.6 30.7 33.9 37.3 46.6 54.8
125.7 122.4 119.4 112.2 102.5 101.4 102.8 103.6 106.2 112.2 116.4 126.8 136.7 151 157.8 166.7 164 160.4 157.6 145.8 136.6 130.4 122.8 113.5 106.3 100.3 97.4 93.3 90.2 86.8 86.8 85.1 80.7 70.9 63.8 62.4 60.7 60.3 57.1 57.6 69 69.9 70.5 70.6 72.1 76.9 77.5 81.2 78.8 79 80 78.5 77.3 75.9 76 76 76.6 77.3 78.1 79.9 80.1 79.2 77.9 76.7 75.3 75.4 78.9 80.3 80.1 79.9 79.7 79.8 79.2 78 64.8 52.5 46.8 41.5 37.4 34.2 31.2 34.7 40.5 51.6 61 75.9
124.6 117.3 115.6 104.1 103.7 107 109 111.4 114.6 119.6 128.6 133.3 142.4 154.3 165.3 169.5 163.9 159.3 155.1 146.1 139.1 134.6 129.9 118.5 109.3 103.2 99.4 93.9 91.4 88.1 86.7 86.2 85.1 81.1 69.3 64.1 62.3 61.1 60.6 58.6 58.3 62.6 63.3 65.2 65.7 67.6 68.7 67.8 66.8 70.1 77.9 79.3 77.7 76.3 76.2 76.3 76.3 76.3 76.3 77 77.2 76.1 75.2 74.5 74.3 75.2 79.2 81 80.8 80.7 80.5 80.2 79.4 77.1 62.8 52.3 45.8 39.1 35.4 32.6 35.7 38.6 50.5 61.8 74.4 75
120.6 117.2 109.2 105.7 107.8 114 119.6 124.1 125.9 130.7 132.2 136.6 144.6 156.4 170.5 171.3 165.5 160 157.4 152.1 140.8 134.9 128.7 121.8 113.2 107.3 100.6 95.5 92.4 90.4 87.4 86.6 86.3 84.4 78.5 72.8 70.2 69.1 67.1 60.3 56.7 58.3 58.3 60 60.4 60.4 60.2 60.8 61.5 64.3 72.2 78.5 78.2 76.8 76.5 76.5 76.6 76.5 76.3 75.2 75 75 74.7 74.2 74.5 75 77.3 81.4 81.2 81.1 81 80.3 79.2 76.5 62 51.3 44.1 36.5 33.1 31.8 37.1 48.2 58.8 74.7 75.8 76.1
118.5 111.7 107 106.9 113.7 124 129.1 129.7 127.6 132.2 129.5 135 145.1 158 168.8 170.8 165.7 161.7 157.8 153.2 144.1 135.5 129.1 122.8 116.4 109.6 103.9 97.6 93.1 91.9 89.3 88.1 87.9 86.7 80.8 77.8 76.4 75.5 71.4 62.3 56.3 56.4 56.4 57.2 56.7 55.1 56.4 56.8 57.4 59.1 66 76.7 78.6 77.2 76.8 76.8 76.6 76.5 75.4 74.3 74.3 74.2 74.7 75.1 82 81.4 75.7 81.3 81.3 81.3 81.1 80.3 78.3 74 61.1 50.1 42.3 34.6 32.2 38.9 43.1 58.4 74.7 76.4 77.1 77.4
117.8 109.6 108.3 108.2 114.9 126.6 131.5 129.5 127.3 128.8 125.9 131.5 142.9 157 163.9 169.8 165.9 160.8 156.3 153.6 147 137.1 130.2 124.4 118.9 112 105.6 99.9 94.6 92.8 90 89.4 88.8 88.6 85.3 85.5 81.9 78.3 75.9 70.9 63.4 57.2 55.3 55.9 55.7 54.3 54.8 55.2 55.2 55.3 53.2 67.4 80.9 77.6 76.8 76.7 76.5 75.9 74.5 73.8 74.1 73.9 74.1 77.7 80 80.3 75.5 80.5 81.5 81.4 81.2 80.5 79.5 76.9 60.1 47.9 39.6 34.2 31.8 39.6 51.7 65.3 76 76.9 77.3 77.3
116.5 111.1 109.8 109.6 115.7 117.5 122.6 122.3 118.8 118.2 120.4 126.8 140.4 156.1 166.2 167.9 165 161.1 156.5 152.5 148 139.3 131.5 127.1 120.9 112.6 106.4 100.6 96.2 92.5 91.2 88.7 89 87.5 85.5 84.3 82 78.6 77.9 77.1 72.8 63.8 56 55.6 57.2 56.1 56.4 55.6 54.9 54.6 53 59.1 80.3 77.4 76.7 76.6 76.4 75.7 74.9 74.7 75.9 74.8 74.4 81.5 79.7 79.4 76.2 80.6 81.5 80.6 80.4 80.2 78.3 70.5 53.8 44.7 38.4 32.5 34.9 41.8 58.7 74.2 76.4 77.2 76.8 76.8
115.8 115.2 115.1 117.1 116.2 114.2 114.1 112.6 111.8 113.1 116.1 123.8 134.3 151.6 167.2 167 163.7 161.1 156.9 151.5 145.2 137.8 130.7 126.6 120.4 113.6 107.2 101.6 97.7 93.5 91.9 91.2 91 90.4 89.1 87.3 81.7 79.4 78.9 77.8 76.1 72.6 69.5 67.5 65.8 64 60.5 59.1 55.9 53.3 51.6 61.8 80.8 79.3 77.2 77.1 76 76 76.5 80.8 81.7 77.8 74.1 80.3 79.6 79.3 75.9 81.1 80.8 77.5 76.8 79.4 75 62.6 48.6 42.1 35.2 33.3 41.3 48.1 60.7 75.8 76.8 76.6 76.3 76.3
125.5 125.4 123.8 123.3 122.2 120.8 119.5 117.8 116.3 111.6 112 114.7 123.1 142.9 159.2 164.7 162 159.9 156.2 150.3 144.2 137.2 132 126.5 119 113.4 108.2 103.4 99.3 95.2 92.2 92 91.6 91.3 90.4 88.9 85.8 80.2 79.8 77.8 75.6 74.4 72.3 71.3 67 63.7 60.5 59 56.7 52.7 52.7 62.3 81.1 81.7 78.7 80 79.2 80.4 81.7 83 82.9 80.9 77.3 79.6 79.7 80.5 76.4 80.2 80.2 76.4 75.3 78.1 73.3 60.4 46.5 40.3 33.6 34.2 44.6 53 67.4 76.3 76.9 76.4 76.1 76
140.8 139.8 133.2 130 128.5 129 128.6 124.2 119.5 113.9 111.8 113.5 117 127.9 149.9 162 160 157.1 153.8 147.5 143 137.4 131.8 127.3 118.6 113.3 108.6 104.8 101.2 96.6 92.6 92.2 91.8 91.6 91.3 90 87.7 82.3 79.5 77.5 76.4 75.1 73.9 71.7 67.7 63.6 60.3 59 57 51.4 51.8 59.9 75.7 78.3 81.6 81.3 80.9 82.5 83.3 83.7 83 81.3 80.6 79.5 80 79.6 76.8 77.6 75.4 75.3 74.8 78.3 73.1 55.5 45.5 38.2 34.1 40 45.8 56.3 71.9 76.3 76.8 76.8 77.3 77.4
151.3 148.8 143.2 142 140.6 141.5 136.4 131.3 126.6 120.9 115.7 115.1 115.6 123.6 142.9 159.3 157.1 154.2 150.8 146.1 141.8 136.4 131.2 125.6 119.2 113.7 110.2 106.3 102.2 97.8 94.2 92.4 92.1 91.8 91.6 90.9 89 84.5 79.9 77.9 76.6 75.2 74 72.7 69.8 64 60.4 59.1 57 52.1 52 60.6 64.7 66.7 70.8 78 81.3 83 83.7 83.6 82.8 81.3 80.7 80 79.1 77.6 77.6 75.4 73.7 72.9 71.9 70.4 69.3 54.3 45 35.4 35.5 45.6 47.1 59.2 74.8 76.5 76.9 77.1 76.8 76.8
155.2 157.3 160.1 161.2 158.4 148 144.7 144.3 141.1 134.9 127.1 118.8 115.8 120 135.8 153.5 154.1 151 147.6 144.2 140.1 135 130.1 125.7 120.3 115 110.9 107.1 103.2 99.4 95.6 92.1 92.3 92 91.8 91.5 89.5 86.3 82.5 79.7 76.9 75.3 74.2 73.4 71.7 66.4 60.2 58.6 57.3 51.9 51.7 60.4 62.4 62.4 63.2 66.9 77.9 81.4 82.4 82.5 82 81.3 81.1 80.8 80.2 77.2 76.7 75.7 74.2 71.9 70.8 69.5 58.8 52 44 37.2 36 49.8 49 61.5 75.6 76.4 76.7 76.7 75.9 75.7
159.3 162.1 165.6 169.1 179.1 175.8 169.3 157.1 151.3 139.2 134 125 116.7 117.7 130.2 145.1 149.8 147.7 144.3 140.9 137.5 132.8 128.7 125.8 120 114.9 110 107 103.9 100.6 96.6 93.2 92.4 92.1 91.8 91.6 89.8 87.3 84.8 81.9 79.1 76.3 74.4 73.6 72.7 70.3 59.3 58.4 57.8 52.4 51.3 58.6 59.7 59.7 59.6 62.1 68.7 77.3 80.4 81 81 80.4 79.8 77.6 78 78.2 77.5 77.1 71.8 73.6 66.7 60.8 55.7 50.1 44.4 36.7 36.8 53.2 51.3 62.6 74.6 76.2 76.4 76.4 75.6 74.8
163.4 165.6 169.1 176.3 183 178.5 172 160.9 155.3 140.9 138.4 126.1 118.1 117.5 126.7 134.7 141.7 143.7 140.8 138.3 135.6 131.5 127 124.1 119.8 114.1 108.5 105.6 103 100.7 97.7 94.1 92.2 92.2 91.9 91.7 90.1 88 85.7 82.9 79.9 76.9 75.1 73.8 72.8 71.3 60.9 58 56.5 52.5 51.2 52.4 53.5 53.9 54.5 55.2 58.4 64.3 70.4 78.2 79.7 76.5 74.5 78 78.2 78.6 78.1 78 76.8 77.8 71.1 59.5 51.1 48.5 45.7 39.1 40.1 57.4 53.4 63 74.9 76.3 76 76 75.2 75.4
168.7 169.6 174.2 182.1 182.8 179.1 173.8 164.5 155.5 141.8 135.9 126.6 118.2 116.7 125.9 130.8 137.7 141.6 139.5 136.7 136.1 131.5 126.5 123.5 118.9 113.2 108.3 104.6 102.1 100.7 98.8 94.8 92.3 92.4 92.1 91.7 90.3 88.8 86.6 83.1 80.4 77.4 75.8 74.2 72.9 71.5 66.8 57.9 55.1 53.1 51.2 51.3 51.9 51.1 50 51 53.3 52 53.1 64 67.8 72.1 77.9 77.9 78 78.3 78.1 76.8 75.8 74.9 73.4 57.5 49.8 47.2 46.2 38 44.3 58.2 56.3 62.7 75.9 77.7 76.8 76 76.7 75.9
