Assets/StreamingAssets/GeoData/Data/sj/SJ61.asc
ncols 200
nrows 200
xllcorner 360000
yllcorner 310000
cellsize 50
[rows 114 to 151 of 200, columns 0 to 85 of 200]
57.7 57.7 57.9 57.9 57.8 57.9 58.1 58 57.7 57 56.7 55.9 55.1 54.4 53.7 54.4 54.1 53.7 52.8 52.3 52.6 52.3 52.5 52.9 51.3 49.4 49 49.4 47 49.6 50.2 49.9 49.7 49.5 50.1 49.7 49.8 49.8 50 49.9 50.6 50.6 50.6 51.1 51.7 51.9 52 52.1 53.9 54.7 53.3 54.3 55.2 56.1 56.7 57.5 58.2 58.7 58.9 59 59.5 60.5 60.4 61.9 62 62.3 62 62.5 63.2 63.3 63.5 63.6 63.7 63.8 62.9 61.6 59.9 61.2 61.6 62.9 64 63.9 63.4 63.1 62.5 62.5
57.6 57.9 58 58 57.9 57.9 57.7 57.5 57.3 57 55.7 55.6 54.7 54 53.5 53.8 53.9 52.6 52.5 52.3 52.3 52.4 53 52.5 50.8 49.6 49.3 49 47.6 49.7 50.4 49.7 49.2 49.4 50.4 49.7 49.7 49.5 49.7 50.3 50.5 50.6 50.8 51.8 52 53.1 52.4 52.4 52.9 52.2 53.9 54.4 55.7 56.6 57.3 58.1 58.6 59.4 59.6 59.8 60.2 60.9 61.4 61.4 63 62.5 62.8 62.8 63.5 63.6 63.7 63.9 63.7 63.1 62.9 61.6 61.6 61.9 61.9 62.9 63.9 63.9 63.7 62.6 63 63
57.3 58.1 58.1 58.4 58.1 57.8 57.4 57.2 57 56.5 55.6 54.4 54.5 53.8 53.6 53.2 52.5 52.3 51.7 52 51.6 51.5 53.4 52.2 50.6 50.3 50.2 49.3 49.3 50.5 50.7 50.2 49.7 49.4 50.3 48.8 49.6 50 49.5 50.4 51 50.8 51 51.8 51.9 52.3 53.1 53.1 53.9 54.6 55 55.6 56.4 57.6 58 58.8 59.5 60.2 60.6 60.9 61 61.1 61.7 62.4 63 62.4 62.5 63.1 63.4 63.9 64.2 63.6 62.1 59.9 61.2 60.5 61.8 62 62 62.5 63.3 63.6 63.8 63.7 63.6 63.7
57.2 57.8 57.7 57.3 57.4 57.1 57.3 57 56.7 56.7 55.8 55.2 54.5 53.5 53.5 52.7 52.6 51.6 51 51.4 52 49.6 49.9 49.6 49.7 49.7 48.7 49.2 48.2 50.6 50.9 50.1 49.6 49.8 50.2 49.4 49.8 49.8 49.5 50 50.1 50.6 51.6 51.9 52.2 52.7 53.6 53.9 54.1 54.6 56 57.2 57.8 57.2 58.8 59.2 60.2 60.7 61.2 61.9 61.7 61.4 61.6 62 62.6 63 62.7 63.3 63.7 64.2 64.8 62.7 62 62.5 62.7 62.7 62.8 62.4 62.5 62.5 62.7 63.6 63.8 64.1 64.2 64.8
57.2 57.5 57.6 57.1 56.9 57 57.1 56 56.1 56.2 55.8 54.9 53.9 53.7 52.7 52.5 51.6 51.6 51.5 51.9 51.4 51.3 49.7 49.7 49.2 48.7 49.2 49.6 48.9 49.7 50.9 50.3 49.5 49.5 49.7 49.6 49.2 49.3 49.8 50.4 50.6 50.6 51 51.7 52.3 53 54.1 54.6 55.3 56.3 57.3 58 58.6 59.3 60 60.1 61.1 62.1 62.5 62.6 62 62.2 61.9 61.9 62.4 63.1 63 63.6 64.5 64.8 65.3 63 61.7 63.3 62.9 63 63 62.8 62.9 63.4 63.9 63.9 64.6 64.5 64.4 64.9
56.4 56.6 57.1 56.9 56.8 56.2 56.2 55.5 55.4 55.6 55.3 54 53.6 53.7 53 52.4 52.3 51.1 51.3 51.6 51.7 51.1 49.7 49.7 49 48.8 49 49.4 47.7 49.3 50.4 50.4 50.3 50 49.6 49.3 49.6 49.4 49.7 49.3 50.5 51.2 51.4 51.3 52.4 52.3 54.3 54.9 55.3 56.4 57.4 58.8 59.3 60.1 60.7 60.8 61.3 62 62.5 62.7 62.9 62.7 62.2 62 62.2 62.7 61.8 64.9 65.1 65.2 65.9 65.6 62 62.5 62.8 64.1 63.9 63.7 63.8 64.2 64.2 64.7 64.9 64.8 65.3 65
55.6 56.1 56.5 55.9 55.8 56 55.6 55.1 55.2 55 54.9 53.8 53.8 52.9 52.9 53.1 52.8 51.9 51.7 51.2 51.1 51.5 49.7 49.7 49.3 48.5 47 47.5 49.1 49.6 50.3 50.5 50.6 49.7 49 49.1 49.4 49.5 49.7 49.7 49.6 50.4 51.5 51.7 53.1 52.9 54 54.7 55.7 56.5 57.6 58.4 59.8 60.9 61.3 61.2 62.2 63 63.2 63.1 63.4 62.9 62.4 61.9 62.7 63.2 65.1 65.3 65.3 65.4 66.5 66.6 65.6 65 63.4 64.1 64.8 64.4 64.8 65.1 65.9 66.3 65 65.3 65.7 66.5
54 54.6 55.4 53.6 55 55 55.2 54.8 54.4 54.7 54 53.4 52.4 52.4 53 52.8 52.6 51.7 50.9 50.8 50.9 51 49.7 49.7 49.1 48.7 47 48.7 48.7 48.9 49.5 50.4 50.8 49.2 48.5 48.5 49.4 49.1 49.2 49 49.4 50.1 51 51.6 51.7 52.8 53.7 54.3 55 56.3 57.6 59 59.3 60.4 61.3 62.4 62.8 63.1 63.5 63.3 63.2 63.1 62.9 63.6 64.2 64.2 64.5 65.9 65.9 66.1 67.2 66.2 66.1 65.3 64.6 64.1 64.8 65.1 66.3 66.3 66.9 67.1 67.5 66.9 66.3 66.3
53.3 53.7 54.4 54.6 55 55 54.3 53.9 53.8 53.3 52.6 52.7 52.2 51.9 52.4 52.4 52 51 50.6 51.1 51.8 51 50.9 49.6 47.7 48.6 49 48.4 48.4 48.5 48.8 49.8 49.6 49.6 49.1 49.1 49.2 49.1 49.3 49.1 49.3 49.9 50.6 49.8 51.9 52.7 53.7 54.6 55.2 56.3 57.4 57.4 59.4 60.2 61.4 62.6 63 63 63.3 63.6 63.4 63.2 63.8 64.4 64.8 64.2 65.2 66.7 66.4 66.6 66.8 66.6 67 66.1 64.4 66.7 67 66.8 67.8 67.2 67.2 67.1 66.8 66.6 67.1 66.8
52.4 52.8 53.5 53.2 53.2 53.5 54.4 53.5 52.9 52.7 52.2 52.6 52 52.3 51.8 51.9 51.7 50.6 50.5 50.5 51.3 50.8 50.8 49.4 48.7 49 47 48.3 48.6 48.5 49.5 49.5 49.4 49.1 48.6 49.4 49 49.2 49 49.5 49.5 50.4 49.4 50.9 52.4 53.5 54 55.3 55.8 55.9 57.6 58.7 59.8 60.5 61.2 62.6 63 62.9 63 62.6 62.8 63.5 64.6 64.9 65 64.7 65.2 65.4 66.6 66.6 67.5 67.4 67.4 66.8 65.4 66.3 66.1 67.2 68.9 68.6 68 67.3 67.3 66.7 67.5 67.7
51.5 52 52.4 52.3 52.3 52.3 53.3 53.3 52.5 52.2 51.8 51.8 51.5 51.4 51.7 51.5 51 50.4 51.1 50.6 51 51 50.8 49.9 48.8 49 48.1 48.1 48.7 49 49.4 49.9 49.2 49 49.3 49.4 49.1 49.3 49.1 49.6 49.5 49.1 50.5 51.1 52 53.7 54.6 55.7 56.8 56.8 57.4 58.7 59.4 60.1 61.1 61.8 62.5 62.5 62.3 62.8 63.7 64 64.4 65.1 65.1 65.4 65.4 66.1 67 67 67.8 68.1 68.5 67.6 65.8 66.5 66 68 69.1 68.9 69 68.6 67.9 67.1 67.7 68.2
50.7 50.7 50.9 50.7 50.6 51.6 52.6 52.6 51.6 51.7 51.7 51.7 51.3 50.5 50.5 50.7 50.3 50.5 50.9 50.3 50.7 51.2 49.9 49.6 49.1 48.6 48 48.6 48.8 49.4 49.5 49.6 49.3 49.3 49.4 49.7 49.6 49.6 49.8 49.9 49.2 50.9 51.5 52.6 53.3 54.6 55.5 56.6 57.4 57.8 58.3 59 59.4 59.9 60.5 61.4 62.2 62.9 62.8 63.2 63.7 63.6 63.8 64.4 65.4 65.2 66.2 66.8 66.6 67.7 68.3 68.7 68.4 68 66.8 66.7 66.4 68.4 68.9 70.5 69.8 69.7 68.6 67.6 68.8 68.3
49.3 49.8 49.7 49.8 50.9 51.7 51.3 51.3 51.2 51.6 51.1 50 50 50.4 50.3 50.4 50.3 50.4 50.6 50.5 50.3 51.4 50.4 49.3 48.5 47.6 48.8 48.6 49.3 49.6 49.6 49.8 49.5 51.7 53.4 53 49.8 49.9 50.5 50.8 50.5 51.3 52 52.9 53.9 54.8 56.4 57.1 57.6 58.2 58.5 59 59.4 59.7 60.7 61.4 61.7 62.5 63.1 63.6 63.5 64 64.5 64.8 65.4 65 67.1 67.2 67.6 67.6 68.2 69 69.1 68.4 65 66.7 67.6 68.6 70.1 70.6 70.6 70 68.5 68.3 68.5 69.6
48.5 49.1 49.5 50.1 49.6 50.9 50.7 50.9 51.4 51.2 49.9 49.3 49.9 49.7 49.6 50.1 50.3 50.2 50 50 50.7 50.3 50 49 49 47 48.3 48.9 49.4 50.1 50.5 49.8 52.8 50.5 50.6 51.2 50.2 50.2 50.8 51.2 51.3 52.4 52.6 53.4 54.4 55.4 56.3 57.3 57.9 58.1 58.4 58.9 59.5 59.6 60 61 61.7 62.1 62 62.1 63 63.3 64 65 65.6 65.9 67.3 67.8 68 68.9 68.5 69.4 69.2 68.7 65.8 67.8 68.2 69.9 70.3 70.6 70.8 70.8 69.8 69.7 69.4 69.9
48.7 48.9 48.7 49.5 49.5 49.8 49.8 50.6 50.4 50.2 49.4 49.4 49.7 49.7 49.9 49.9 49.9 49.8 49.6 50.1 50.6 50.5 49 48.8 49.2 48.6 48.4 49.2 49.6 49.9 50.1 49.9 53.8 50.8 50.9 50.4 51.6 50.5 51.4 52.2 51.8 52.4 53.6 54.1 55.2 56.3 56.9 57.5 57.8 58.1 58.4 58.9 59.3 59.7 59.7 60.9 61.4 61.1 61.3 61.3 61.7 62.9 63.9 64.9 65.3 65.4 66.6 68.1 68.9 68.2 69.1 69.2 69.4 69.2 66.7 65.8 67.8 69.9 71 71.7 72.1 71.2 70.3 70.6 70.1 70.1
48.7 48.4 48.4 48.5 49 48.6 49.2 49 48.9 49.4 49 49.5 49.8 49.5 49.8 49.6 49.7 49.5 49.6 49.8 50.3 50.1 48.5 48.6 48.7 48.9 48.4 49.7 50.5 50.7 50.5 51.2 52.1 51 50.8 51.2 51 51.2 52.1 53.2 52.7 53.3 53.8 54.9 55.8 56.4 56.7 57.3 57.9 58 58.4 58.6 59.1 59.9 60.9 60.8 60.5 60.2 61 61.1 61.1 62.6 62.9 62.7 64.2 65.2 66.6 68.1 68.8 69 69.4 69.7 69.9 69.1 67.8 65.9 67.8 69.8 70.8 71.6 73 71.4 71 71.1 71.4 71.5
48.7 48.4 48.2 48.1 48.8 49.2 49.6 49 48.9 48.9 48.9 49.7 49.7 49.6 49.3 49.3 49.5 49.5 49.6 49.7 49.8 49.5 49.1 48.8 48.6 47 48.7 49 50.3 50.7 50.1 51.5 51.1 51.4 51.7 51.1 51.5 51.9 53.1 53.6 54.9 54.7 55.3 55.2 55.1 56 56.9 56.7 57.4 58.4 58.5 58.9 59.1 60.4 60.2 60.3 60.5 60.8 61.8 61.9 61.9 62.1 62.5 63.6 64.5 65.4 67.2 68.4 69.3 69.8 69.7 70.2 70.5 70.2 69.5 67.5 68.4 69.2 71.6 72.6 73.4 72.6 72.6 72.4 72.5 72.6
48.4 48.2 48.3 49 49.3 49.5 49.4 49.2 49.2 49.1 49.7 49.3 49.4 50 49.5 49.3 49.3 49.7 49.8 49.8 49.5 49.3 48.8 48.5 48.4 47 48.4 49.5 49.6 50.9 51.2 51.1 51.5 51.5 52.3 52.5 52.7 52.2 53.7 55.7 55.8 55.7 55.8 56.1 57 57.4 58.5 58.8 58.9 59 59 59.5 60.5 60.6 60.8 60.9 61.2 61.7 62 62.7 62.9 63.4 62.9 64.2 65.6 66.8 68.2 69.1 69.5 70.6 71.2 70.3 70.6 70.6 69.7 68.4 68.7 68.7 71.6 73.2 73.9 74.5 73.2 73 74.8 74.9
48.5 48.6 48.1 49 49.7 49.6 49.4 49.3 49.6 49.7 49.4 49.8 49.8 49.3 49.7 49.7 49.7 49.6 49.5 49.3 49 48.4 48.5 48.1 48.6 47 49.2 49.8 50.3 51.2 51.5 51.9 53.3 52.8 52.1 52.4 53 52.6 55.1 57 56.5 55.5 56.4 57 58 58.7 59.9 59.4 59.6 59.3 59.3 60 60.6 61 61 60.9 61.5 62.1 62.8 63.7 63.7 64.2 64.9 64.6 66.2 67.1 68.5 70 70.7 70.9 70.1 71.1 71.3 70.8 70.7 69.4 68.6 71.8 71.7 73.6 74.9 75.1 74.6 74.1 74.3 74.2
48.9 48.2 48.5 49.8 49.8 49.6 49.5 49.8 49.9 49.8 49.6 49.1 49.1 49.4 49.7 49.6 49.6 48.9 49.3 49.2 49 48.2 48.5 48.5 48.9 49.5 50.5 50.2 50.7 52.2 54 53.1 52.9 53.1 54.8 53.8 56.8 56 54 56 57.7 56.3 57.3 58 58.9 60 60.2 59.9 59.3 59.7 59.7 60.4 60.3 60.4 60.8 61.1 61.9 62.6 63.3 64.4 64.9 65.1 65.5 66.3 67 65.2 69.9 70.7 71 71.5 71.2 71.9 72.1 71.8 71.3 70.5 68.1 69.7 70.3 72.3 75.4 74.5 74.2 73.7 73.3 71.2
48.7 48.7 49 49 49.2 49.3 49 54.9 48.9 49.2 49.3 49.7 50.2 50.1 49.7 49.4 49 49.2 48.4 48.5 48.4 48.5 47 49 48.8 51.2 51.1 51.1 52 53.7 54.4 54.8 55.2 56.4 55.6 56.1 56.5 53.4 54.1 56.1 58.4 59 58.2 59.4 59.6 59.9 59.2 59 58.9 59.1 59.6 60.2 60.5 60.6 61.2 61.8 62.5 63.7 65.1 65.2 65.2 65.4 66.3 67.3 67.8 70.1 70.9 71.5 72.4 72.5 73 73.5 73.7 73.3 71.1 70.5 69 69.4 70.2 73.2 75.3 75 74.2 72.6 71.5 71
48.6 49 49 48.7 49.3 52.8 51.5 53.3 49.9 49.1 49.6 49.8 49.9 49.6 48.5 49.1 48.4 48.8 47.8 48.3 49.4 48.6 49.5 50.1 49.9 51.6 51.2 51.7 50.9 53.2 53.6 54.4 55.5 56.2 56.3 55.7 55.4 54.4 53.9 57 57.9 57.9 58 58.2 58 58.2 58.5 58.7 59.6 59.7 60 60.5 60.9 61.2 61.8 62.6 63.7 65.1 66 66.5 66.8 67.5 69 70.3 70.4 70.2 72.1 73.2 74.2 74.1 74.8 74.7 73.7 72.9 70.9 68.1 70.2 70.6 72.3 73.4 73.6 74.3 73.7 73.3 72.5 71.3
48.6 48.7 49 52.4 51.5 51.5 51.5 49.7 52.8 49.9 49.3 49.6 48.7 48.9 48.9 48.7 48.4 47.9 48.9 48.2 48.5 50.3 51 52.2 51 51.5 52.1 52.5 52.8 53.2 54.1 55.5 55.4 56.1 56.4 56.8 56.9 56 54.8 54.9 56.1 56.5 57 57 58.7 59.5 59.4 59.9 59.8 60.2 60.4 60.9 61.3 61.7 62.4 63.8 65.3 66.2 67.2 68.1 68.5 70.5 71.5 71.5 72.9 73.7 74.8 75.4 76 76.5 76.9 76.2 76 72.8 70.7 70.7 70.8 70.7 72.7 74.7 74 74.8 74.3 74 73.7 72.9
48.7 49 51.5 51.5 51.5 51.5 51.5 49.7 49.7 50.7 49.8 49.2 49.4 47.1 48.6 48.3 47 49.4 50.1 50 50.7 51.5 52.6 53.6 50.9 52.8 52.9 54.7 54 52.7 55.4 57.1 56.9 57.3 57.5 57.4 57.5 57.5 56.3 55.6 57.3 57.8 58.9 59.9 59.6 59.8 60.5 60.6 60.6 61.1 61.2 61.5 62 62.2 62.8 63.8 65.3 67.2 68.5 71 71.4 72.3 72.8 73.9 74.8 75.5 76.8 77.1 77.8 78.3 78.6 75.1 76.8 73 71 70.2 71.3 72.1 72.7 74 74.8 74.8 76 75.1 74.9 75.1
50.9 48.7 51.3 51.5 51.9 51.7 54 49.7 49.7 51.6 49.8 47.8 47.1 48.2 47 48.5 48.9 51.3 51.9 51.6 52 53.2 53.6 54.4 53.1 52.5 55.8 56.1 56 54.1 54.7 56.4 58.2 58.7 57.7 57.5 57.8 58.5 57.9 57.3 58.4 59.7 59.5 60.1 60.8 61.1 61.8 61 61.4 62.2 62.4 62.2 62.9 63.5 65.1 65.9 67.3 69.1 70.8 71.3 73.1 73.2 74.7 76.5 76.7 78.9 80.3 79.5 80.6 79.9 79.7 76.2 76.9 74.6 72.8 70.8 71.9 73.1 73.3 72.6 72.9 74 76.7 76.8 76.1 76.7
48.7 48.7 48.7 51.4 51.1 51.1 51 52.6 50.2 48.4 47 47.8 48.1 47.8 48.3 48.9 50.1 52.9 53 52.9 53.9 55.1 55.2 56.1 53.8 52.8 57 58.3 57.5 56.1 54.9 54.9 56.2 57.7 57.9 58 58.1 59.3 59 58.5 59.3 60.6 61.2 60.8 61.8 62.9 63 62.3 62.6 63.3 63.3 64.1 65.2 66.3 67.3 68.6 69.7 70.9 71.9 72.9 74.2 76.2 77 78.2 79 80.6 80.8 81 81 81.6 81.3 78.3 77.6 76.5 73.8 71.8 72.2 73.9 74 74.7 74.1 73.8 75.8 77.4 75.4 75.8
49 50.2 50.2 51.1 51.1 52.8 48.7 48.1 48.8 47 48.2 48.2 48.5 49.6 49.7 50.3 50.9 52.3 54 54.8 55.6 56.1 57.1 57.1 55.5 54.8 56.8 58.4 57.9 57.7 57.1 56.5 56.3 56.7 57.2 57.8 58.2 59.2 60.1 60.3 60.5 60.7 61.5 61.8 63.1 63.6 63.2 64 64.3 64.9 65.6 66.7 67.9 69 70 70.8 71.7 72.5 73.8 74.4 76.1 78.8 79.9 79.7 81.2 80.9 82 81.2 81.4 81.3 80.5 79.4 77.5 76.2 74.7 72.7 72.6 74.9 75.8 76.1 74.9 74.1 76.9 75.7 75.4 75.4
50.2 50.2 52 48.3 48.5 47.8 48.1 47.8 48.3 48.1 48.6 50.1 51.1 50.3 51.1 52.9 53.7 54.2 54.9 55.9 57.4 57.8 57.8 57.7 56.1 56 57 57.8 57.5 57.9 57.6 57.6 57.1 57.4 57.4 58.2 58.9 59.5 60.4 60.4 61.3 61.6 61.8 62.8 64.2 65.3 65.2 66.1 66.7 67 66.6 68.5 70.2 71.5 72.1 72.7 73.5 74.4 75.5 77.6 79 80.5 81.2 81.6 81.5 81.4 81.6 81.4 81.3 80.5 80.5 79.9 79.2 79.1 75.8 73.9 74 74.7 76.5 76.5 76.6 74.7 74.1 77.6 75.4 78.7
48.1 48.6 48.2 48.5 47 47 47 49.4 50.3 50.1 51.6 52.4 52.8 51.6 52.8 54.6 55.9 56.5 56.9 58.3 58.4 59.1 58.6 58 57.1 56.9 57.2 57.7 58.1 57.7 57.3 57.7 58.1 58.4 58.7 59.3 59.9 60.6 61.2 61.4 62.5 63.3 62.9 64.6 66 66.3 66.8 68.1 68.3 68.9 69.4 69.6 71.6 73 73.6 74.7 75.5 77.2 77.9 79.7 80.7 80.8 82.6 82.9 83.2 81.6 81.5 82.5 83.2 82.8 82 80.4 79 77.4 76.2 74.3 74.4 76.9 78.1 77.9 77.8 76.5 75.2 79.9 80.3 75.4
52 55.5 48.1 55.3 52.7 58.2 59.3 51.8 53.3 54.1 54.6 55.2 54.8 53.7 53.1 56.4 57.7 58.1 58.8 59.9 59.6 59.8 59.4 58.5 56.2 58.1 59 58.8 58.9 59.1 58.8 59.7 59.8 59.8 59.8 60.4 61.3 61.9 62 62.7 64.3 65.2 66.2 66.8 68.4 68.7 68.1 68.5 70.4 70.7 71.4 71.9 72.3 74.3 75.3 76.3 78.6 79.6 81.2 82.3 82.8 82.3 84 84.1 83.3 82.5 83.6 85.2 85.6 84.8 82.4 82.1 79.5 76.7 75.5 74.8 74.3 76.1 79.7 79.8 77.9 76.7 77.5 79.8 82.8 79.3
54.9 55.6 56.9 52.6 56.2 59.1 58.8 58.9 56.6 56.7 56.4 56.2 56.6 55.7 54.2 57.2 58.4 59.9 60.3 60.5 60.7 59.9 60 58.9 58 59.5 59.5 60.5 60.7 61.4 61.7 61.8 61.8 61.4 61.3 61.9 62.9 63.4 63.6 64.4 66.6 67.2 68.6 69.2 69.7 70.3 70.3 71.4 74.3 73.9 72.7 73.7 74.7 76.2 78.7 80.1 81 78.2 80.6 83.1 83.2 84.3 85 85.5 84.6 84.9 86.1 86.6 85.9 85.3 83.2 81.5 81.1 77.6 76.4 76.5 75.7 75.1 79.7 80.5 79.1 77.3 76.7 79.1 81.5 82.4
55.2 55.5 56.4 60.5 57.7 59.7 59.7 59.2 59.8 58.7 58.5 58.6 58.5 58 55.5 57.5 59.6 60.1 60.3 60.6 61.2 61 60.8 59.6 59.7 60.3 60.8 61.9 62.7 63 63.4 63 63.1 62.9 63 63.5 64.3 65 65.4 65.8 67.6 68.3 69.5 71.8 72.9 72 72.2 72.5 72.8 73.6 74.2 74.8 75.9 78 80.3 81.5 82.9 81 82.4 82.6 84.2 80.1 85.8 85.8 86.4 86.8 86.8 87.3 87.7 86 84.1 82.2 80.1 78.5 78.4 78.6 77.6 76.4 79.1 80.9 80.7 78.5 76.9 80.5 82.6 84.4
61 58.6 56.1 57.1 58.6 60 60.1 59.9 60.1 59.4 59.4 59.2 59.5 58.9 57 57.3 58.2 58.7 59.7 61.7 61.6 61.4 61 60.2 60.2 60.8 61.2 62.6 62.9 63.1 63.2 64 64 64.5 64.1 65 66.4 67.1 67.6 70.8 69.7 69.6 70.5 71.2 71.6 71.7 73 73.3 74.3 74.9 74.1 76 76.5 78.3 80.8 82.6 82.3 83.3 82.6 83 84.8 85.5 87.5 81.5 87.9 87.9 88.6 88.6 87 86.3 84.5 82.6 78.4 79.5 79.6 80.3 79.8 77.3 78.9 80.9 79.8 78.8 78.9 81.8 84.1 84
54.9 61.6 58.3 60.8 59.7 60 60.1 60 60.3 60.4 59.8 59.6 59.5 58.9 56.3 58.3 60.3 60.4 59.9 61.4 63.2 61.8 61.1 61.6 61.2 61.6 62.2 62.6 64.3 64.2 66.4 65.4 67.2 66.3 67.4 69.2 68.6 68.4 69.5 69.6 69.2 69.4 70 72.4 73.5 73.7 74.5 74.9 74.1 75.1 76.2 77.4 79.1 80.5 82.4 82.9 82.9 84.4 84.8 86.2 87.3 87.5 89.4 89.6 91.9 82.2 88.7 87.9 87.6 86.8 84.1 82.6 80.3 80.3 81.1 81.7 80.8 78 78.2 80.7 80.4 79 79.4 81.4 84.2 85.3
53.7 57.5 58 58.4 59.2 59.3 59.7 59.3 59.6 59.5 59.7 59.4 59.8 59.2 59.1 60.3 60.7 60.8 61.5 63.2 63.4 62.4 62.1 62.8 62.6 62.2 63.1 63.6 65.3 67.7 67.9 69.4 68.6 65 66.7 67.9 68.9 69.8 70.6 70.4 70.2 71 72 73.3 75 75.2 76 76.1 76.6 76.6 78.2 80.5 81.6 82.8 84.1 84.2 84.1 86.3 86.4 89.2 91.2 91.1 91.9 91.2 92.1 92.5 90.7 87.8 87.6 86.8 84.6 83.2 81.3 80.5 81.3 81.5 81.2 79.1 77.6 80.3 79.7 79.3 80.8 81 83.3 85.4
55.6 57.2 57.6 58 58.3 59.2 59.5 59.7 60.2 61.1 60.9 60.7 60.7 60.7 61.6 60.4 60.9 61.6 62 63.6 65.1 63.3 64.1 64.4 64 65.9 66.8 66.4 67.5 68.6 69.5 70.3 68.8 66.8 68 69.1 69.9 70.9 71.3 71.9 71.7 71.9 73.4 74.6 76.1 77 78.1 79.2 79.3 79.2 80.1 82.8 84.3 85.1 87 86.5 86.8 90.2 89.9 92.1 95 94.3 94.3 93.3 91.4 90 87.8 90.1 83.5 86.9 84.1 82.4 81.5 81.9 82 81.8 81.9 81.1 77.4 79.2 81.3 81.2 79.9 80.4 82.7 84.7
56.5 56.3 56.3 57.8 57.8 57.9 59 59.7 61.1 60.6 61 61.3 61.9 62.4 62.4 62.1 62.4 61.9 62.7 64.6 65.4 65.1 65.3 64.9 65.1 66.7 67.7 68.4 69.1 70.7 71.6 71 68.8 68.3 69.4 70.9 71.1 71.9 72.6 73.5 73.8 74 74.2 74.8 77.3 79.1 80.4 81.5 83 83.3 82.8 83.8 86.6 87.5 89.6 89.6 90.9 93.3 94.3 96.2 96.5 96.2 96 94.1 92.1 89.8 88.4 88.6 88.2 84.1 83.7 81.8 83.2 81 81.4 81.9 81.8 81.4 79.3 80.5 81.7 81.6 80.7 80.3 81.7 83.2
57.8 57.3 56.5 56.6 57.7 59.6 60.6 60.5 61.2 61.3 62 62.2 62.6 62.5 62.4 62.9 64.6 64.5 64.1 61.8 64.8 65.5 65.6 66.1 66.7 68.2 69 69.7 70.7 71.4 71.6 71.3 69.4 69.4 70.5 71.7 72.3 72.8 73.6 74.4 75.2 75.4 76 78.2 80.1 81.6 83.1 84 85.3 86.1 86.9 85.4 87.2 90 91.8 93.1 93.1 96 97.4 97.4 98 97.2 96.8 95.2 92.5 90.8 89.2 89.3 88.3 86.4 84.9 82.9 84.7 82.3 81.5 81.6 82.3 83.3 80.2 79.8 81.9 82.4 81.8 80.9 81 82
