Assets/StreamingAssets/GeoData/Data/sj/SJ84.asc
ncols 200
nrows 200
xllcorner 380000
yllcorner 340000
cellsize 50
[rows 105 to 139 of 200, columns 78 to 155 of 200]
152.3 151.4 150.6 150 147.8 147.9 150.1 151.3 153.3 155.6 158.4 159.3 157.6 154.3 152.7 150.8 150.6 151.7 152.3 149.1 145.8 144.2 142.3 140.1 138.4 137.9 136.2 135.8 136 139.1 138.6 131.6 119.7 112.5 110.1 108.4 108.2 110.6 114.5 116.3 118.5 120.7 122.5 124.8 127.5 129.9 132.9 133.4 135.1 139.1 146.3 148.7 149.1 151.5 155.3 158.5 161 162.1 163.8 165.5 166.4 163.8 159 153.1 149.8 144.4 137.8 124.8 118.3 114.4 112.1 110.6 111.2 109.7 109.5 109 108.9 109.1
152.7 152 151 149.3 147.7 147.6 149.1 150.8 152.7 155.7 158.8 159.3 157.4 154.1 151.9 149.4 148.4 147.7 147.7 146.5 143 140.8 139.2 137.5 136.4 135.3 134.7 133.4 133.4 134.6 137 132.9 124.4 112.8 109.9 107.7 108.4 108.8 111.8 113.2 119 120.7 123 124.9 127.2 127.9 129.6 132.7 134.4 137.9 143.9 149.5 151.9 153.6 156.9 159.9 161.9 162.6 163.1 163 163.9 162.6 157.1 150.2 144.6 138 129.9 123.2 117.5 112.6 111.1 111.3 110.6 110.2 109.3 108.5 108.7 109.1
153 152.3 150.8 149 146.7 146.2 148.1 149.4 151.7 154.6 158.8 158.2 156.8 153.2 151.3 149.1 146.7 144.9 143.4 142.3 140.7 139.2 137 134.8 133.9 132.5 131.2 130.4 131.5 132.3 133.3 132.2 125 114.7 109.7 108.8 108.5 111.7 112.9 115.5 118.4 120 122 123.9 125.9 126.4 127.5 129.8 133.6 137.1 143.4 149 153.1 154.5 156.7 159 161.8 162.3 162.6 162.5 162.9 160 151.4 149.1 140.5 133.4 125.4 120.2 115.3 111.2 110.9 110.2 110.3 110 108.8 108.5 108.5 108.9
153.3 152.9 150.5 148.9 146.1 145.2 146 147.9 149.4 152.7 156.3 157.3 155.8 152.4 150.8 148.8 146.2 144 141.8 140.5 139.4 137.8 136.6 134.8 132.8 130.6 128.8 128 128.4 129.3 130.3 129 123.8 114.7 111.1 109.6 107.8 113.1 113.1 113.6 119.4 119.4 120.7 121.8 124.6 125.7 125.7 128.6 132.3 134.8 142.5 148.1 153.3 154.6 156.7 159.1 160.7 161.2 160.7 159.8 161.4 154.9 148.4 141.3 135.7 125.7 120.6 117.4 113.3 110.6 110.1 110.6 110.5 109.1 108.8 108.7 108.4 108.7
155.2 153.4 150.8 148.7 146.3 143.9 143.9 145.6 147.1 150.3 153.3 153.8 152.8 150.5 150.2 148.5 146.1 144.5 141.5 140 138.3 137.6 136.5 134.8 133.4 130.4 128.5 126.6 125.6 126.2 126.8 125.6 121.9 113.8 108.8 109 109.1 113.2 113.2 113.7 115.8 117.7 119.7 120.6 123.9 123.7 124.9 126.3 129.3 133.8 139.8 147 151.8 154.2 155.8 158.6 159.3 159.2 158.7 159.8 159.1 151.1 140.3 133.4 127.4 121.6 117.6 114.4 111.4 110.6 110.7 109.3 109.1 109.1 108.6 108.5 108.2 108.2
155.4 153.2 149.8 148.3 145.9 142.9 142.2 142.9 144.6 147.8 150.1 149.9 148.7 148 147.5 147.3 146.4 144.6 142.2 139.4 137.6 136.2 136.2 135.7 133.9 131.3 129.9 127.4 124.7 122.9 122.2 121.2 117.1 110.8 109.5 108.6 109 110.2 113.1 113.4 115.1 116.5 117.7 118.1 123.4 123.1 123.9 125.6 129.2 131.8 137.3 146.3 151.3 154.1 155.6 157 157.4 156.7 155.4 154.8 153 146.3 137.1 129.9 124.1 118.6 114.5 112.1 110.5 110.1 110.2 109.1 109 108.5 108.3 108.2 108 107.8
154.8 153 149.5 147.5 145 142.8 141.2 141.4 142.4 144.3 146 145.9 144.8 144.7 144.4 145 145.2 145 142.5 139.4 137.5 135.5 135.2 135.4 134.7 132.7 131.1 128.9 125.7 122.3 118.9 117.3 115.8 110.4 108.9 111.2 108.7 108.1 112.2 112.8 115.2 116.3 117.8 115.3 117.6 117.9 119.1 125.4 128.1 131.5 137.1 144.8 150.8 154 155.1 156 155.9 155.1 153 149.2 147.7 139.8 133.5 123.2 120.2 116 112.5 110.5 109.8 109.4 108.8 108.8 108.9 108.5 107.8 107.5 107.3 107.6
154.9 152.7 149.2 146.8 145 141.9 140.3 139.7 140 141.8 142.6 142 141.9 141.8 141.7 142.5 143.6 143.8 143.5 140.2 137.6 135.2 133.4 133.8 134.2 133.8 132.4 130.5 126.1 123 121.5 120.4 116.3 110.6 108.4 108.2 108.3 108.6 111.6 113.6 114.5 115 115.6 115.5 116.3 117.4 118.6 124.8 127.9 130.5 133.8 142.6 148.6 152.4 154.2 155 155.5 155 151.4 144.1 138.9 133.4 130.4 122.9 117.7 113.4 110.9 109.7 109.4 109 108.5 108.7 108.1 107.9 107.6 107.3 107.2 107.5
154.8 152.7 149.9 147.3 144.5 142.7 139.7 138.5 138 138.3 139 139.4 139.1 138.8 139.3 141.2 141.6 142.2 141.9 140.4 138.4 135.4 132.3 131.2 132.5 133.5 132.9 130.7 127.9 124 122.3 124.2 121.6 114 108.2 107.9 108.3 106.2 110.9 112.3 112.7 113 115 115.6 114.6 117.1 116.3 112.3 123.9 129.8 130 138.6 145 149.8 152.4 153.3 153.9 154.3 150 142.2 135.5 130 123.3 121.1 115.8 111.2 109.7 109.6 109.1 108.7 108.4 108.3 107.6 107.8 107.3 107.1 107.1 107.1
154.6 152.8 150.7 148 145.2 143.2 140.7 138.4 136.8 135.7 136 136.2 136.4 136.2 136.9 138.5 138.7 139.3 139.9 139.3 137.8 134.3 131.4 130 129.5 130.7 132.1 130.6 126.7 121.4 120.4 124.1 125.4 113.9 108.3 107.8 108.2 107.5 109.8 111.2 111.6 111.8 114.6 115.4 115.1 115.7 115.7 112.1 121.7 124.3 128.6 134.1 139.6 145.3 149.1 151.1 151.3 151.4 148.9 141.2 133.7 126.8 120.4 116.4 113.3 110.5 109.2 109.4 109.1 108.5 108.2 108 107.7 107.3 106.8 106.4 106.7 106.3
153.6 153 150.9 148 145.9 143.6 142.1 139.8 137.1 135.4 134.1 134.1 133.8 133.5 134 135.3 136.2 137.1 137.3 137.1 135.5 133.6 130.3 128.4 126.4 126.4 126.4 123 120.6 118 117.3 117 116.4 113.3 108.6 107.9 108.1 107.8 108.2 109.8 112.7 113.3 114 114.3 115.2 115.7 115.9 112.1 112.8 124.4 126.8 129.8 133.9 139.4 144.9 148.2 149.4 147.8 145.5 139.7 131.9 125.5 120.2 116.3 112 110 109.1 109.4 108.8 108.1 108 107.5 107.5 107.6 106.8 106.3 106.5 106.4
153.9 153.7 152.2 149.5 147.4 145.8 143.7 141.6 139 136.9 135.2 133.6 132.2 131.1 130.8 132 132.9 134.4 134.4 133.9 133 130 128.6 126.9 126.1 124.1 118.9 119.5 117.7 116.4 114.5 112.6 111.1 109.2 109.4 108.1 107.9 105.8 107.8 109.2 112.6 112.7 113.1 113.6 114.9 115.4 112.5 112.1 119.6 123.5 124.4 127.4 129.6 133.4 138.3 142.6 146.6 144.9 143.1 138.1 133.6 126.5 120.2 115 111.6 109.9 109.6 108.3 108.1 107.8 107.6 107.5 107.2 107.2 106.5 106.2 106.1 106.1
153.7 153.7 153.5 150.7 148.4 146.2 144.6 142.5 140.5 138.7 137.7 136.1 133.7 132 130.7 129.3 129.1 128.9 128.9 130.6 130.9 128.6 126.8 126.4 127.4 127.9 123 115.1 114.7 114.7 112.3 110.4 109.6 108.5 108.2 108 106.8 106.8 109.1 108.8 109.3 112.6 112.3 113.2 114.3 115.1 116.7 117.6 119.8 121.9 122.4 122.7 125.4 129.8 132 137 141.5 143.4 140.5 138.8 135.8 132.5 121.9 114 110.4 109.6 108.7 108.5 108.2 108.1 107.5 107.2 107.6 106.8 106.4 106.1 105.8 105.8
153 153.7 153.6 151.5 149.1 147 145.4 143.9 141.2 140.3 139.5 138.3 136.6 134.3 132.8 131.1 129.6 127.6 126.5 126.2 126.8 125.9 124.7 123.1 123.5 122.8 116 113.6 115.3 114.7 112.9 112.3 111.2 110.4 108.3 108.6 106.2 106.4 107.9 108 108.1 111.8 110.3 112.4 113.6 114.6 116.1 117.2 118.8 120 120.4 120.8 121.4 124.9 128.6 132.1 134.7 139.3 138.5 137.6 134.6 128 120.6 111.3 109.4 109.3 106.7 106.6 108.5 107.6 107.1 107 106.9 106.5 106.1 106 105.7 105.8
152.1 153.7 153.2 151.7 149.7 147.9 146 144.1 142.3 141.5 140.6 139.7 138.4 137 135.2 133.7 132.2 131.2 127.9 126.7 126.3 125.3 123.3 121.6 122.7 124.2 124.7 120.3 117.7 118 116.3 113.5 113.3 110.9 109 109.1 106 105.9 106.4 106.6 106.6 106.4 109.1 110.8 112.7 114.3 115.4 116.6 117.9 118.6 119.1 119.9 120.8 122.3 125.3 128.1 131.4 134.1 135 135.3 133.3 126.5 120.4 111.7 109.2 108.4 106.4 106.2 106.4 106.4 107 106.7 106.7 106.2 106 106 105.3 105.4
151.4 152.7 152.2 150.7 148.7 147.8 146.2 144.6 143.2 142 141.5 141.1 140.6 139.6 136.8 135.5 134.1 132 130.3 128.2 128.2 127.7 126.1 125.8 127.3 128.2 127.8 123.8 121.2 118.8 117.1 115.5 116.3 115.2 111.5 109.6 106.4 105.7 106.4 106.3 106.3 105.7 109.5 109.8 111.6 113.2 115.1 115.4 116.1 116.9 117.5 118.7 119.4 120.9 123.2 126.1 128.3 130 131 131.9 132.4 129.1 117.4 111.3 109.2 106.7 106.3 106 106 106.1 106.9 106.4 106.3 106.2 106.3 106.2 105.3 104.9
149.1 150.2 151 149.6 147.9 147.2 145.5 144.5 144 143.1 142.5 142.2 141.8 141.2 139.5 138.1 137.1 135.7 132.7 131.6 130.6 129.7 128.5 128.5 129.2 130.5 128.2 124.9 124.4 121.7 119.3 119 120.3 119.5 115.7 112 107 105.7 106.3 106.4 106.9 107.3 107.6 109.7 110.3 111.7 113.2 115.3 115.5 115.6 116 116.9 117.6 119 121.3 123.8 126.1 126.5 127.2 127.7 126.9 123.9 117.8 111.5 108.5 106.6 106.3 106.1 105.9 105.6 106.1 106.3 106.3 105.9 106.3 105.9 105.7 105.6
146.3 148.4 148.4 147.3 146.4 145 144.1 143.3 143.4 143.9 143.1 142.5 142.7 142.5 141.7 140.4 139.1 138 136.3 135 133.8 133.2 131 131.1 131.1 131.2 128.5 127.7 126.9 123.7 121.1 122.1 125.6 125.1 122.2 115.6 108.2 105.7 105.6 106.3 106.7 107.1 107.6 109.3 110.3 111.1 112.1 114.4 115.1 115.2 115.2 116 116.2 117.6 119.9 121.5 123.1 123.5 124.5 125.4 123.7 120.2 114.9 110.8 106.5 106.5 106.5 106.5 106.1 105.8 106.4 106.1 106.1 106.3 105.8 105.8 105.7 104.9
145.5 145.1 143.7 142.9 144.4 143.3 142.7 141.9 142.1 142.5 142.6 142.9 143.2 143.4 143.1 142.8 141.9 140.9 138.9 138.7 136.3 135.7 134.2 133.6 133.3 132.9 131.5 130.8 128.9 125.7 123.8 125.3 127.5 127.1 124.5 118.6 109.4 105.8 105.7 106.1 106.5 107.1 107.2 107.5 110.8 110.5 111.8 113.9 114.7 114.6 114.5 114.7 115.3 116.4 118.1 119.7 121.2 122.1 122.2 123 120.4 117.8 116.1 111.9 106.5 106.3 106.3 105.6 106 106.7 105.8 105.8 106.3 105.6 105.6 105.6 105.5 101.5
145.1 143.5 142.7 142.5 142 140.4 140.4 140.1 140.4 140.9 141.4 141.6 142 142.8 144.2 144.5 144.9 143.5 142.6 141.7 139 137.8 137.5 137.6 136.3 134.8 134.3 132.8 129.7 127 126.4 128.6 130.7 130.7 127.2 120.5 108.6 105.1 104.8 106.2 105.1 104.7 105.5 106.7 109.7 110.3 113 113.4 113.9 114.3 114.2 113.9 114.2 115.1 116.3 118 119.5 120.6 120.3 120.2 119.1 116.5 114.5 109.6 106.6 106.5 106.3 105.7 106.3 106.6 106.3 106.3 105.6 105.2 105.2 105.2 102.7 114.2
147.5 142.9 141.9 140.3 139.7 138.8 138 138.3 138.7 139.4 140 140.3 141.3 142.1 144 145.6 146.9 146.4 145.7 144.2 141.8 140.3 140.2 140.6 139.6 137.1 137.2 134 132.4 130.3 130.7 132.2 134 132.5 127 120.6 111.4 105.2 105.1 105 104.8 104.7 105.1 106.2 109.9 111.8 113.5 113.2 113.6 113.5 113.7 113.5 114.1 114.7 115.5 117 118.5 119.1 119.7 118.7 117.3 114.6 112.3 108 106 106.5 106.3 106.1 106.6 105.8 105.9 106 106.1 105.2 105 104.4 104.5 114.6
147.6 144 141.1 138.6 136.7 136 136 136.2 137 137.9 138.6 138.6 140 141.5 143.2 146.9 148.6 148.8 148.4 146.3 144 142.8 142.6 143.6 142.4 140.4 139.8 137.2 134.8 133.3 134.2 136.3 135.9 132.4 126.5 120.5 112.1 105.6 105.1 104.6 104.5 104.5 105.1 106 109.2 112.4 113.4 112.9 113.3 113.5 112.8 113.5 114.7 116 117 117.2 118.5 118.6 118.4 117.1 115.3 113.4 112.3 104.1 105.6 105.6 105.8 105.8 105.7 105.3 105.6 104.4 104.5 104.9 104.9 101.1 112.5 106.5
149.9 145.8 141.7 139.2 136.8 135.7 134.4 133.9 135.4 136.3 136.4 137 138.6 140.4 142.2 146.9 150.8 150.9 150.3 147.3 146.2 144.3 146 145.6 144.1 143.9 143.2 141 138 137 137.8 138.9 137.7 132.4 125.3 119.4 110.3 105 104.1 104.6 104.6 104.5 105 105.6 107.5 111.1 112.6 112.4 112.4 112.5 112.2 113.2 114.9 116.1 117.4 118.1 119.5 119.1 118.2 117 114.7 112.8 108.9 105.8 105.3 104.6 105.2 105.8 105.4 104.9 104.5 103.9 103.7 109.2 101.4 109.1 113.2 114.1
148.5 145.1 141.7 138.6 136.8 135.1 132.7 132.6 133.2 134.3 134.7 135.7 136.8 139 140.7 145.6 150.7 152.6 152.6 151.6 150.3 149.3 149.8 150.3 146.9 146.4 146.5 143.5 142 140.4 141.4 141.3 137.6 130.2 122.9 116.1 109.6 105.4 104.5 104.1 104.7 104.8 105.2 105.9 107 110.3 110.9 111.5 112 112.4 112.5 113.9 115.1 116.9 118.2 119.9 120.8 121.2 120.6 117.4 114.5 112 105.4 105.4 105.1 104.9 104.5 105.3 105.4 104.3 104.5 103.5 103.3 100.9 111.4 109.9 107 107
150.4 145.4 142.7 138.6 135.8 134.5 132.5 131.7 131.8 132.8 133.9 136.1 135.1 136.7 139.4 143.5 149.9 152.7 152.9 152.9 151.9 151.7 153.6 152.9 150.3 148.1 148.8 146.2 143.2 142.8 142.6 141.5 136.9 130.2 121.6 115 110.2 105.9 103.9 103.8 104.7 104.4 104.9 105.7 108.6 108.8 111 110.7 111.4 111.8 112.1 113.6 115.4 117.8 120.1 121.4 121.6 123.5 121.6 119.4 114.3 110 105.7 105.3 105.1 105.2 105 104.9 104.3 104.7 104.9 104.2 103.3 105.4 105.6 106 104.1 105
151.9 148.6 143 139.9 136.1 134.1 132.1 129.9 130.8 131.8 132 132.6 133.5 135.1 137.3 142 147.4 152.3 153.8 153.8 153.7 153.1 155 153.5 153.2 151 150.5 149 145.9 143 142.7 141.3 137.4 127.9 117.5 114 109.6 106.6 103.8 104.1 104.1 104 104.8 105.8 109.1 110 111.5 112.2 112 111.8 112.6 114 115.9 119.7 121.1 122.6 124.4 125.9 121.6 118.8 116 106.4 105.7 105.5 105.5 105.4 105.3 104.3 104.2 104.7 104.6 104.1 102.1 105.2 105.5 111.6 103.9 104.2
154.5 153.7 148.5 140.7 136.9 133.6 131.4 129 128.8 129.7 130.8 130.8 131.7 133.4 136.2 139.2 145.3 150.7 152 151.7 151.4 153.8 155.6 156.7 155.3 153.4 150.9 150.6 146.4 143.6 140.8 138.6 132.4 126 116.2 112.8 108.9 105.8 103.8 103.8 103.9 103.7 104.3 105.5 109.3 110.8 111.9 112.3 112.1 111.9 112.5 113.9 115.9 118.9 120 123.1 125.4 127.4 124.1 117.5 108.3 106 105.6 104.2 104.3 105.8 105.8 104.3 104.2 104.2 103.8 100.9 104.8 105.4 104.9 104.7 109.6 106.2
153.3 155.6 153.5 144 137.1 134.2 131.5 127.5 127.4 129.1 129.1 129.8 130.7 132.3 134.5 137.4 142.6 147.3 149.5 149.6 150.3 151.9 155.6 156.4 155.2 154 152.1 149.1 144.8 142.7 138.8 133.7 128 122.6 117.1 112.3 108.6 105.5 103.6 102.7 103.6 103.5 104.2 106 110.1 110.7 111.6 111.9 112 112 112.8 112.7 116 117.7 118.1 121.6 123.1 123.7 123.6 112.5 106 105.8 103.9 104.3 103.5 103.6 103.6 103.8 103.9 100.5 100.9 104.5 104.8 104 105 104.9 108.5 105.5
151.9 155 157.9 148.7 139.4 135 132.3 128.5 125.4 127.1 127.8 127.5 129.1 130.6 132.7 137.3 139.7 142.8 145.5 147.2 148.1 151.3 154.1 156.2 154.4 153.7 151.7 148.5 144 138.9 137.8 132 126 121 116.1 111.9 108.3 105.8 103.7 103.2 102.9 103.3 103.9 105.8 109.8 110.6 111.1 111.3 111.5 112.4 113.7 113.9 115 115.8 116.7 118.1 123.3 120.4 112.6 106.2 105.4 104.4 104.1 104 103.9 103.1 103.5 105.3 99.9 100.8 103.8 105 105.8 104.7 105.8 107.5 107.7 108.2
151 156.7 160.9 154.7 144.1 136.1 133.2 129.4 126.6 123.9 125.9 126.1 127.4 129.2 131.6 133.9 137.1 139.6 142.4 143.7 146.1 149.7 153.1 154.5 153.2 152.7 151.2 147.7 142 138.5 130.6 125.9 123.5 118.4 113.9 111.5 109.2 106.5 104.4 103.7 103.4 101.9 103.2 105.7 110.4 110.4 110.5 110.7 111 111.9 112.5 113.5 114.1 114.1 114.7 115.5 117.4 109.5 109.3 107.9 106.4 105.9 105.7 104.5 103.1 103.3 104.2 100.1 103.8 103.6 107.7 107.8 108.3 108.4 107.1 106.9 107.3 108.2
149.9 154.6 160.5 157.5 147.7 138 133 129.9 127.5 125.2 123.1 123.7 126.4 128.5 130.1 133 134.9 138.5 140 142.4 144.5 147.8 151.3 153 152.6 151.2 150.3 147.3 142 138.1 133.3 126.7 120.5 116.9 113.5 111.4 109.2 106.7 105.3 103.8 103 102.2 102.9 104.1 109.7 109.7 110.4 110.1 110.5 111.5 112.4 112.2 112.5 112.7 113.5 112.8 109.2 109.2 109.3 109.2 109.2 105.8 105.8 103.3 103.2 100 101 103.1 103.5 107.9 107.6 107.7 107.7 107.8 105.7 105.9 106.8 107
146.9 150.5 157.6 156.9 147.8 138.6 132.8 129.8 127.2 125.4 123.1 122 124.9 126.6 128.8 131.2 134.8 136.9 138.9 140.9 143.7 147.2 150.2 151.9 151 150 148.5 145.2 141 135.5 125.3 124 126 119 113.8 111 108.8 106.8 105.5 103.5 103 102.3 102.6 104 108.9 109.5 109.7 109.7 110.6 111.3 111.8 111.6 111 111.9 110 108.8 108.7 108.9 109.2 109.3 109.3 108.9 103.3 102.7 99.2 101.9 103 102.9 108.1 108.1 107.6 106.8 106.6 107 107.4 107.5 102.8 103.6
143.6 146.6 153.7 153.1 144.8 136.9 131.8 129.1 126.5 124.2 121.8 120.9 123.7 125.8 128.1 130.8 133.4 135.9 138.2 140.6 143.3 146.4 149.9 150.9 149.6 149 148.9 144.7 138.6 135.7 137.8 136.3 129.3 118.9 113.9 110.6 108.7 106.3 104.4 103.6 104.1 102.6 102.4 102.2 106.7 108.3 109.1 109 109.6 110 110.4 111 110.7 110.2 108.1 108.2 108.6 108.8 109.2 109.2 109.2 103.8 102.8 99.8 102 102.9 102.1 106.5 106.2 106.1 106.2 106.3 106.3 106.6 107.3 107.5 105.9 104.5
137.4 137.5 145.5 149.8 142.9 135.5 131 128.2 125.8 123.3 120.6 119.1 122.2 125.4 128.3 131.5 133.1 135.3 137.6 139.8 143.1 146.8 147.6 149.3 148.3 148.5 148.4 144.7 143 142.6 139.7 133.9 124.6 119.5 114.7 110.4 108.1 105.9 104.5 104 104.2 101.7 101.9 102 104.1 107.7 107.7 108.9 108.9 108.9 109.4 109.2 107.9 107.1 107.7 108.1 108.4 108.7 109.1 109.1 105.2 102.6 99.5 101.8 102.8 102.2 106.5 106.3 106.3 106.2 106.1 106.1 106.2 106.3 107.1 107.7 106.8 106
131.7 133.6 134.6 140.9 139.9 134.5 129.1 126.5 124.7 122.5 119.8 118.8 120.9 125.4 127.6 131.2 132.8 134.8 136.1 138.2 141.1 144.6 146.3 146.5 147.4 148.2 147.7 146.1 145 144.1 141.1 139.2 135.3 125.7 116.2 110.6 107.7 105.7 104.9 103.2 103 102.2 102 101.8 102.1 106.1 106.8 107.5 107.3 106.9 107 106.2 106.5 107.5 107.8 107.9 108 108.6 109 107.5 102.6 98.5 102.4 102.7 103.8 106.2 106.6 106.5 106.3 106.2 106.1 106.2 106.3 106.5 107.2 104.1 104.9 104.7
