Assets/StreamingAssets/GeoData/Data/sj/SJ85.asc
ncols 200
nrows 200
xllcorner 380000
yllcorner 350000
cellsize 50
[rows 0 to 34 of 200, columns 78 to 155 of 200]
100.3 101 101.8 101.4 102.9 103.8 103 103.5 104.6 106.1 106.6 107 107.5 108 110.3 111.6 112.9 114.8 112.8 115.5 116 116.3 115.7 118.7 126 129.6 132.8 132.3 134.1 133.3 130 132.5 132.5 134.7 136.8 136.8 136.4 135.4 136.9 136.1 138.8 140.2 141.5 142.7 143.8 146.1 148.7 150 151.1 152.3 153.8 157.4 162.6 167.8 170.2 171.3 172.8 177.2 177.9 178.2 177.8 180.7 184.1 184 184.6 186.1 189.8 192 194.8 195.6 197.5 200.3 204.6 210.8 217.7 234.2 227.5 223.8
100.4 100.7 101.1 101.3 104.5 104.8 104.3 104.4 104.3 105.5 109.7 110.1 109.1 109.4 109.4 112.7 115.6 117.7 114.6 114.4 116.9 117.8 118 124 130.5 132.9 133.6 133.2 131.9 130.2 130.3 132.5 131.1 136 135.8 135.9 132.5 136.7 138.6 136 138.5 139.9 141.8 143.2 144 146.3 148.9 151.5 152.5 154.3 155.1 157.5 162.3 167.2 169.5 170.8 173.7 178.1 179.8 180.7 180.9 184.4 186.8 186.5 187.5 188.2 191.1 194.2 197.4 199.2 200.1 202.8 205.7 211.7 220.9 226.6 221.2 216.4
100.4 100.4 100.9 103.6 104.7 104.9 105.4 105.3 104.5 104.8 108.3 110.6 110.3 109.3 109.8 111.9 116.2 116.7 117.3 115.8 114.9 117.9 121.5 125 127.2 131.2 132.2 132.3 130.4 128.5 131.8 133.2 133.5 134.1 132.5 133.6 136.7 137.4 135.5 136.1 138.3 140.5 141.2 143.4 144.1 146.3 148.4 152.2 153.6 155.5 157 159 162 165 165.8 170.6 175.5 178.9 182.4 182.7 182.7 185.6 187.6 187.5 188.9 190.2 192.2 196 199.3 202.6 204 205.8 210 221.3 220.9 217.7 217 211.5
100.4 100.4 101.7 105.4 105.4 105.1 105.5 104.9 104.3 104.6 107.4 110.4 110.2 109.3 110.1 113.9 117.1 118.9 118.8 119 118.1 117.3 121.2 123.2 118.2 122.8 125.2 126 127.6 130.6 132 131.4 128.3 132.3 135.5 136.3 137.8 138.3 138.9 140.3 140 139.9 141.2 143.7 146 147.3 148.7 151.9 153.9 156.2 158.5 163 165 166.3 169.8 174 180.7 182 183 184.4 185.4 186.9 188.9 189.3 190.5 192.3 195.1 198.5 201.6 204.6 207.8 209.4 217.6 232 220 214.9 212.6 204.8
100.4 100.8 103.5 106.9 106 105.2 106.3 105.2 104.4 104.7 106.4 109.7 110.8 110.9 113 117.5 120.7 121.4 120.6 122.4 124.4 124 124 126.9 126 121 120 120.9 123.7 130.1 131.6 125 131.1 130.5 134.5 138.2 138.7 139.2 140 141.9 141.9 142 143.4 146.1 148.7 149.6 151.5 153.4 154.4 156.7 161.3 166.4 170.2 171.8 174.7 179.4 183.2 182.9 183.7 185.5 187 189.4 189.9 190.9 192.6 195 197.9 201.3 204.6 207.6 210.3 214.1 226.8 227.1 220.5 214.8 205.1 200.4
100.7 101.8 103.7 106.2 105.2 105.3 105.5 104.4 105.1 105.3 106.6 109.2 110.1 111.8 113.9 117.8 120.3 121.2 122.7 123.9 125.3 127.5 128.3 133.2 131.5 128.8 129.1 129.5 123.3 127.9 129.6 132.2 130.9 130.8 133.1 139.1 139.7 140.9 142.3 143.9 143.1 144.6 147 149.7 151.1 151.8 153 154.3 155.9 159.4 165.9 170.9 175.8 177.7 180.1 180.9 183 184.6 185.6 186.7 189.2 190.9 192 193.6 195.7 198.9 202.2 205.2 208 210.1 213.7 223.9 234.5 225 220.1 211.8 203.8 198.2
101 101.7 102.5 104.4 103.9 104.1 104.4 104.6 104.8 104.9 107.4 109.2 110.1 111.9 116.5 120.2 120.1 121.1 122.4 123.7 123.9 124.8 129 134.2 132.2 128.8 128.4 126.7 126.2 131.5 131.8 134 132.1 133.3 135.3 135.6 141 142.5 144.8 145.7 146.4 150.5 151.4 151.3 151.9 152.6 154 156.8 159.6 163.5 170 179.1 182.2 182.5 182.6 182.6 182.4 185.7 186.9 188.2 190.1 193.1 195.2 196.7 199.7 203.4 206.8 209.3 211.7 213.7 221.1 236.5 233.7 223.9 216.4 206.4 202.5 198
100.8 101.8 102.8 103.2 103.5 103.8 104.1 104.2 104.8 105.3 108 109.1 110 113 117.1 118.4 119 120.1 120.8 122.4 124.1 125.1 130 133.6 132.5 130.2 129.7 126.3 131.5 132.2 133.2 134.8 137.1 137.1 136.9 138 139.2 141.1 144.2 145.7 148.5 150.9 152.9 152 152.6 153.4 155.6 158.5 162.4 166.7 174.9 183.5 188.1 183.6 184.3 184.9 185.3 186.7 188.8 191.6 192.9 195.1 198.7 201.2 203.8 207.3 210.6 213.2 215.5 219.5 232.7 238.8 230.4 219.6 210.4 203.7 199.7 195.5
101 102.7 104.2 103.8 103.8 104.6 105.3 105 105.7 106.7 107.5 108.9 110.6 113.3 114.5 116.2 116.8 118 120.1 122 124 125.5 129.6 131.2 132.8 131.3 130.1 131.5 131.5 132.5 134.7 136 133.6 136.9 140.9 141.1 140.1 142.1 143.7 145.4 149.2 152.1 153.1 153.2 153.7 154.2 156.5 159.6 164.9 170.9 172.2 181.8 187.3 186.5 188.2 189 189.9 191.4 192.7 195.5 196.2 199.6 202.8 206.5 208.7 211.2 214.3 217.4 219.9 229 240.9 233.5 225.1 216.8 206.4 199.8 196.2 192.8
104.2 104.9 105 104.3 103.9 104.6 104.7 104.9 105.9 107 107 108.6 109.6 110.8 112.8 114.9 116.2 118.2 121.7 123.1 124.2 125.6 127.8 130.6 134.1 132.5 130.8 129.7 132.3 133 135 135.8 134.9 134.1 142.9 143.2 143.7 145.2 146.1 147.3 149.7 152.5 153.6 154.8 155.1 157.3 163.8 166.8 169.9 182.9 184.7 178.5 186.3 188.6 191.3 192.7 194.1 195.8 197 198.9 201.8 205.1 208.4 211.6 214.5 215.5 218.5 220.7 227.2 240.2 238.8 231 221.8 212.5 203.4 198 193 189.6
104.7 104.6 104.9 104.7 104.2 104 104.9 105.9 106.8 106.7 107.3 108.3 109.3 111.5 111.4 114.4 117.8 120.1 122.2 125.9 124.7 125.9 127.2 132.1 135.3 134.2 131.8 131.3 133.5 135.1 133.6 137.1 134.7 138.3 144.9 145.5 145.2 146.3 149.2 149.4 153.1 154.4 155.5 157 157.9 165.4 171.8 173.1 180.6 190.6 191.7 185.1 188.1 191.6 194.3 195.9 197.2 199.3 201 203.2 207.1 210.6 213.9 217 219.2 220.5 222.8 227.1 239.2 245.3 236.2 227.8 219.4 210.1 202.2 196.7 191.3 186.1
103.9 102.7 102.7 103.1 103.6 104.3 106.2 106.9 108.2 105.4 106.6 108 109.6 110.6 111.6 114.7 118.2 119.2 120.7 124.5 126.9 127.9 129.9 134.7 134.6 132 133.3 132.2 135.2 138.1 139.7 139 140.4 143.8 146.5 148 149.4 149.8 152.3 153.6 153.6 157.2 158.9 159.8 169.1 174 177.3 180.4 188.4 194.2 193.4 189.4 193.4 194.5 197.2 198.9 200.7 202.9 205.1 208 211.4 215.9 219.5 221.3 222.8 224.5 227.4 236.5 249.6 243.1 234.7 225.7 216.8 207.6 200.9 195.7 188.9 184.4
101.4 101.7 103.3 103.9 104.5 105.6 106.9 107.8 107.2 104.5 105.3 107.5 111.6 111.8 111.6 113.2 114.9 121.5 123.5 126.4 126.5 127.5 129.5 134.2 133.7 133.4 133.7 134.6 135.7 137.6 139.9 141.5 144 146.4 147.7 149.6 151.8 154.1 155.7 156.4 156.1 157.3 160.6 168.5 176.5 180.2 179.2 178.6 192.3 196.6 190.8 194.8 198.3 199.6 201.1 203 204.1 207.3 209.8 213 213.1 219 223.2 224.4 226.1 229.7 234.4 242.5 246.6 240.7 232.4 223.3 213.3 204.8 198.5 193.4 188.2 183.2
101.2 102.6 103.9 103.5 103.7 105 106 108.2 108.1 107.1 106.5 109.1 111.7 111.9 111.9 113.5 121.9 125.3 126.5 128.4 128.9 129.9 132 132.2 132 134.2 134.9 135.2 136.4 137.9 139.3 141.5 144.4 147 150.3 152.4 154.3 156.5 157.9 158.5 158.5 161.2 164.9 173.6 178.5 167.6 160.6 181.3 193.6 194.9 196.2 199.8 201.6 203.9 205.5 206.8 207.7 211.1 214.8 218.4 212.8 221.4 227.5 229.3 231.5 233.6 238.2 247.3 240.9 237.9 226.3 219.9 212.8 205.7 198.1 192 186.9 180.1
101.2 102.5 104.2 104.2 103.5 103.6 104.2 107.4 108.7 106.2 107.3 109.7 111.2 112.2 112.7 115.9 122.1 125.8 127.5 129.9 131.2 131.9 131.9 132 132.5 133.3 133.5 137.8 140.6 142.6 145.3 146.9 148.6 146.6 150.7 154.4 156.8 158.9 160 161 163.6 164.5 167.5 171.8 160.1 160.1 166.4 190.6 195.4 197.3 200.9 202.6 204.4 207 209.8 210.7 212.5 216.5 221.5 222.5 215.3 228.8 230.8 233 234.5 238.1 246.2 239.4 235.4 233 225.1 216.7 212.2 204.9 197.7 191.6 184.6 181.5
100 100.5 102 102.8 102.7 103.1 105 107.6 105.6 105.9 108.7 111.7 113.7 112.3 112 118 123.5 126.8 128.7 130.7 132.3 132 132 132 132.1 135 139.7 141.1 140.1 142.8 147.5 149.9 150.8 151.5 151.7 153.7 156.5 159.1 161.9 165.6 167.7 167.8 169.8 160.1 160.1 165.6 184.7 195.2 198.2 200.1 203 206.2 209.1 212.7 214.9 215.5 218.4 221.3 225.6 219.1 229.4 231.8 234.2 237.1 240.4 241.9 241.4 237 233.3 227.1 220.2 214.9 208.9 204.1 197.8 190.6 186.6 183.5
101.7 102.1 102.6 102.1 101.9 103.2 105.3 106.2 106 107.7 111.7 112 114.8 114.6 112.4 118.6 123.3 127.7 129.4 131.1 132.4 132.2 132 133.2 135.5 138.2 140.9 143.8 143.4 146 149.8 151.3 152.9 155.5 157.2 156.8 158.5 160.3 161.2 167.8 169.8 172.4 173.2 167.5 173.3 186 191.5 195.5 198.4 202.9 206.1 209.3 213.8 217.4 219.4 221.6 225.9 225.6 229.4 226.4 233.8 235.8 238.8 244.3 245 245.2 244.8 233 234.4 226.8 221.7 216.1 209.2 203 198.5 193.9 188.9 183.2
103.3 105 105.8 102.5 102.2 102.7 103.8 105.2 106.7 108.2 109.4 111.6 114.9 116.4 117.3 112.4 123.3 127.9 129.7 131.4 131.7 131.9 132.3 135.3 138 140.3 142 145.5 145 145.5 151.5 153.3 155.2 157.8 161.5 161.4 162.3 160.6 158.9 164.3 168.6 171.2 175 176.8 184.4 194.3 194.6 196.6 201.5 206.7 210.6 214.4 218 221.1 223.6 229.3 231.5 230.6 233.6 235.4 238.2 240.3 245.5 250.1 249.4 252.5 233 234.7 232.1 226.6 221.4 216.2 211.2 201.8 195.8 193.8 189.4 185.6
104.1 105.3 107.5 107.9 103.7 103.1 105.5 107.7 108.3 109 110.9 112 114.2 118 120.9 123.1 123.1 127.4 128.9 130.1 130 131.3 133.2 137.4 139.2 141.4 143.8 147.1 146.8 147.5 152.9 155.4 157.5 161.7 165.2 166.5 167.1 168.1 166.6 163.6 164.6 170.1 176.6 184.4 190.6 196.8 197.9 200.9 204.3 209.1 214.2 219.3 222.9 227 231.1 235.2 236.7 235.1 236.2 238.7 241.5 245.6 252.4 254.7 254.3 248 239.7 236.5 231.4 226.4 221 215.6 209.8 202.4 200.5 197.4 192.6 187.8
104.9 105.4 107.3 109 107 106.3 106.6 106.7 110.1 111.2 111.5 111.8 114.2 119.6 123.2 124.8 127.5 123.9 126.3 127.5 128.7 131.7 135.4 137.9 139.4 141.7 145.7 151 153.3 149.8 151.1 157.7 161.3 165.1 168.4 170.1 174.2 173.6 176 180.5 184.2 168.4 179.9 188.9 195.1 199.5 201.8 204.8 208.3 213.3 218.3 223.3 227.9 232 237.5 239.7 241.3 239.2 239.7 241.6 248 254.1 259.3 258.7 255.6 245.9 241.1 235.9 229.8 225.2 220.3 213.4 210.4 207.9 203.8 199.9 195.6 190.9
105.7 106.2 107 108.2 108.9 108.6 111.7 111.3 114.5 114.3 112.9 114.6 117.5 122.2 125.3 128.1 128.2 128 127.1 128.5 131.9 131.9 134.2 137.1 138.1 140.8 143.8 148.5 155 157.2 153.5 156.2 161.2 165.7 169.8 173.1 177.8 179.4 181 183.7 187.4 184.8 177 187.9 196.3 200.9 205.3 208.7 212.5 217.2 222.1 227.1 231.2 238.8 243 245.4 245.2 242.7 243.9 247.2 257.1 263.7 261.8 261.5 250.4 246.3 242.1 236.5 231 226.4 221.2 216.8 214.1 211.4 206.9 202.7 198.5 194.8
106.2 107.2 108.2 109.2 108.3 110.4 113.9 117.3 117.9 116.7 115.7 119.2 120.5 123.8 126.2 128.7 129.5 129.4 128.2 130 131.3 133.4 134.2 135.6 140.5 143.9 146.6 149.7 154.2 158.9 159.2 159 157.8 167.7 172.8 175.7 179.8 183.3 185.1 187.3 190.4 191.4 187.6 181.5 193.7 199.2 204.8 210.1 214.9 219.1 225.1 230.6 235.8 242.9 247.7 250 247.2 247.1 249.5 256.5 264.3 267.7 264.9 257.3 248.8 245 240.8 236 230.5 226.2 222 218.4 215.8 213.3 208 203.2 200.2 196.8
107.4 108.8 109.8 110.8 109.3 111.1 115 120.2 119.8 119.3 120.6 121.1 122.3 126.4 129.2 129.7 129.2 129.7 130.4 132.5 133.3 136.2 136.7 139.7 140.7 142.3 146 150.6 154.9 158.4 161.7 164.7 158.9 169.2 178.2 179.5 182.1 185.9 188.6 190.9 193.4 195.4 196.5 190.6 184.6 194 202.1 208 215.3 220.1 226.6 232.2 237.9 243.9 249 250.4 250.9 251.7 254.5 262.8 269.3 268.8 265.9 253.1 246.6 240.1 235.9 231.6 228.8 223.7 220.5 217.7 215 212.6 207.9 203.9 200.9 197.7
108.7 109.9 110.6 110.2 110.8 111.7 114.4 120.2 122.8 123.6 122 122.7 124.3 129.6 130.3 130.8 130.5 130.9 130.9 132.4 134.7 138.1 139.4 141 143.2 144.5 147.6 150.2 154 157.6 164.7 168.7 167.2 173.7 181.4 183.2 185.9 189.6 191.8 195.1 197.2 199.1 200.6 198 193.1 196.4 198.4 205.6 212.4 220.6 228.4 234 238.7 244.4 247.5 250.3 253.1 256.5 259.4 268.4 271.9 271 259.3 255.3 249.6 239.2 231.4 228.5 225.8 222.6 218.8 216.8 214.1 211 206.8 204.4 201.4 198.1
108.6 110.2 110.3 111.3 112.6 112.5 115.2 118.9 123.6 125.3 122 123.6 127.2 128.4 129.7 131 129.8 129.9 132.5 133.4 135.6 139.8 142.4 143.9 145.6 147.7 147.6 151.4 157.2 160.8 167 173.9 175.2 180.1 183.5 185.4 188.5 193.7 196.4 198.2 200.7 202.4 203.1 201 198.2 203.6 207.4 211.8 217.7 226 232.1 237.1 241 244.8 248.1 251.9 256.1 260 265.4 274.1 271.6 267.8 262 256.7 250.2 242.5 231.4 224.8 220.9 218.5 217.9 215.7 212.5 208.6 204.5 201.4 198.5 194.6
108.8 110.1 111.7 112.8 113.4 113.3 115 120.3 122.2 126.5 123.6 123.4 128.2 128.9 129 129.3 129.5 130.8 133.7 134.5 136.1 141.1 144.9 145.6 147.5 149.4 153.3 157.1 156.8 164.7 172.5 179.5 182.4 183.9 185.8 187.6 190.6 196.4 200 200.9 203.8 204.9 205.7 203.1 206.8 210.4 213.9 218.7 223.8 229.6 234.3 239.6 243.5 246.6 250.6 254.4 258.5 263.9 272.9 274.2 271.2 265.8 260.4 254.4 249.8 240.1 232.7 226.3 218.7 215.5 214.3 211.9 210.5 207.4 203.5 197.6 194.1 191.2
108.4 109.8 111.5 113.5 114 114.3 115.4 120.5 121.7 124.9 126.6 124.3 128.3 129.5 129.9 130.1 130.3 132.4 134.3 135.4 138.2 140.7 144.2 147 148.2 151.1 156 162.6 162.8 166.3 175.8 184.1 186.7 189.3 191 192.2 193.5 197.4 203.7 206 205.9 207.8 206.5 208.2 213.8 217.5 220.7 225 229.9 235.1 238.5 242.2 245.7 248.8 253.4 258.3 262.1 270.9 275.8 274 271 264.3 259.1 253.5 247.5 239.7 233.5 226.5 219.7 216.2 212.7 208.8 207 205.4 202.9 196.4 190.5 189.3
108.2 110 111.8 113.5 114.7 114.6 116.7 118.8 121.1 124.2 125.1 125.9 128.3 130.5 130.7 130.5 130.7 133.1 134.6 136.3 137.3 140 143.5 147.5 150.3 154.6 159.7 162.3 168.5 168.5 176.4 183.9 190.9 195 196.3 197.4 198.7 202.4 205.2 208 208.7 210.2 209.6 215.8 219.6 223.6 227.1 231.4 235.5 239.4 243.1 246.6 249.2 251.9 256.6 261.5 267.5 274.9 274.6 272.1 268.3 262.6 258.5 252.9 246.9 240 233.6 225.4 221.4 218.6 214.3 210.8 204.3 202.9 202.2 196.7 191.4 187.2
107.2 109.3 111.5 113.4 114.6 115.2 117 119.2 120.9 122.8 122.9 125.3 129.4 131.1 129.1 129.4 132.7 133.8 135.1 135.2 136.9 139.5 143 146.8 150.7 156.2 159.8 168.4 177 179.7 178.1 185.5 191.6 197.1 198.4 201.4 203.8 206 209 210.4 211.2 213.3 219.3 222.6 225.5 230.4 235.9 237.2 239.3 243 246.5 249.1 252.2 255.3 259.6 264.6 275.9 275 272.5 263.5 264.7 262.3 257.4 250.4 243.9 238.8 232.2 227.1 224.5 220.1 216.3 214 210.4 202.6 196.8 195.8 190.4 184.7
106.2 108.2 111.2 113.7 115.5 117.3 118.5 119.8 120.4 121.8 123.5 125.9 131.2 131.9 130.2 131.3 134.1 134.9 135.6 136.6 137.7 139 143 147.2 151.5 158.3 168.2 177.7 185.2 188.4 189.9 188.8 192.7 197.2 204.9 207.9 208.9 211.1 213.3 215.1 217.6 223.1 226.8 232.2 239.2 242.5 244.8 246.3 245.7 246.6 248.7 251.3 254.4 257.8 264 271.9 276.7 274.7 267.6 265.8 261.4 257.4 253.8 245.5 239.7 235.8 232 228.5 224.4 221.1 218.4 216 212.1 206.3 196.6 191.7 189.8 183.2
105.6 107.8 111 113.4 116.7 118.4 119.2 118.8 120.7 122.6 125.4 128.4 130.6 131.7 131.5 134.4 136.5 137.1 136.9 137.8 139.3 140.6 143.9 148.2 153 159.4 172.7 181.7 188.6 194.1 198.9 199.7 196.8 198 203.8 212.2 213.5 215.8 218.2 221.3 225.5 229.2 233.4 244.8 250.3 249.8 250.6 252.3 251.7 250.9 252.2 254.7 257.6 261.8 269.3 276.2 273.8 271.2 266.9 263.7 258.8 253.6 247.1 240.7 234.6 230.6 228.9 224.6 221 217.8 215.9 212.9 209.5 204.4 197.3 185.6 182 181.3
105.5 107 110.8 114.9 117 116.7 116.7 118.8 121.5 123.9 126.7 129.1 131.4 131.8 132.5 135.5 137.4 137.1 137.8 138.8 140.2 142.2 147.2 152 156.8 164.1 170.3 180.2 188.9 198 206.9 204.9 195.5 201 208.6 215.1 217.8 221.8 224.9 228.5 232 234 244.1 254.4 257.4 256.9 256.4 257.8 255.7 254.9 256.5 258.8 262 266.4 277.4 275 271.4 261 264.8 259.2 253.4 251 236.6 232.4 228.9 223.1 222.9 219.5 215.7 212.4 211.3 209.4 204.8 199.8 195.9 189.1 184.1 180.7
104.9 106.3 109.4 113.8 116.5 114.4 116.1 118.5 121.9 125.8 128.3 130.4 132.7 132.5 134.5 135.9 137.8 138.3 139.1 140.3 141.6 143.9 149.6 156.4 163.9 168.9 174.4 186.6 194.7 201.5 211.4 213.1 207.8 209.2 213.7 221 222.8 227.5 232.3 235.9 238.1 243.9 253.9 259.5 263.3 263.2 263 264.5 258.7 259.7 261.8 264.2 267.3 274 277.3 273.6 269 263.5 258.4 249.8 246.9 242.8 233.6 226.4 218.8 217.3 215.9 212.9 210.8 208.3 206.9 205.5 200.8 196.3 192.3 187.2 183.6 180.2
105.7 107.1 111.6 113 113.8 113.9 116.4 119.1 124.9 127.6 131.3 134.9 134.2 132.5 135.4 137.7 139.2 139.9 141.1 143.3 143.9 146 152.3 161.8 170.1 174.1 179.2 191.6 204.3 208.8 216.3 218.1 218 218.5 221.7 229.3 229.8 233.8 238.8 241.2 245.4 257.9 263.2 267.1 268.8 269 268.8 265.2 263.1 264.8 266.8 269.3 273.9 280.9 278.3 273.7 265.6 258.9 252.9 245.4 240.9 235.5 229.5 222 214.2 209.2 208.4 206.5 205.9 203.8 203.2 200.5 196.6 193.8 189.9 184.9 182.3 179.7
108 109.7 111.8 111.6 111.8 115 117.4 123.8 126.8 129.5 134.1 134.2 133.6 133.3 135.1 138 140.7 141.6 143.1 145.4 147.1 151 157.6 166.2 173.9 178.2 185.3 199.5 209.4 215.6 219.6 225 225.8 226.5 230.1 237.1 239.1 242.3 245.5 247 262.4 265.5 268.9 272.5 273.9 273.7 270.2 267.4 268.5 269.9 272.1 276 282.8 280.5 276.1 269.5 263 256.9 248.8 241.4 236.6 231.6 226.6 220.6 214.7 210.1 205.5 201.9 200.9 198.9 197.7 195 193.1 191.1 186.3 183.8 180.2 178.3
