Assets/StreamingAssets/GeoData/Data/sj/SJ92.asc
ncols 200
nrows 200
xllcorner 390000
yllcorner 320000
cellsize 50
[rows 148 to 184 of 200, columns 84 to 167 of 200]
73.5 73.8 75.7 78 78.8 91.2 91.1 84 84.6 83.6 83.9 83.8 83.3 83.1 77 75.9 74.2 74.1 74.4 74.1 74.2 73.8 75.6 76.1 76.7 80.3 81 76.9 83.7 93.7 96.8 97.8 98.9 99 99.1 98.1 97 95.8 95.5 95.3 95.6 95.9 96.1 96.4 96.9 98.2 99.8 101.7 103.2 104.5 105.4 105.9 106.7 106.4 106.3 105.9 105.3 104.5 103.5 104 105.4 104.6 101.3 98.1 93.6 90.1 87.2 84.6 82.1 80 79 79.3 80.3 79.8 78.4 77.6 77 76.5 76 75.7 75.6 74.1 72.7 72.5
71.5 75.1 80.8 80.8 80.9 81 81 81 81.1 84.6 85.5 83.5 83.8 83.6 82.5 76.9 75.2 74 74.2 74.2 74.5 71.7 74.5 75.1 75.6 79.2 75.6 79.5 91.6 96.4 98.7 99.2 99.3 99.5 99.2 98.2 97.2 96.5 96.2 95.9 95.9 96.1 96.4 96.2 96.5 97.8 99.9 101.6 103.3 104 104.5 104.1 104.3 103.8 103.3 103 102.8 102.5 101.2 100.8 102.9 104.6 102.3 99 94.9 90.4 87 84.2 81.6 79.2 78.9 79 79 78.5 78.1 77.6 77 76.4 75.9 75.8 75.4 75.6 72.8 72.5
73.8 77 79.2 80.3 82.3 83.5 85.1 88.9 88.8 88.9 84.7 82.1 83.3 83.9 83.7 78.4 76.2 74.4 74.1 74.3 74.3 74.3 73.9 74.6 74.6 74.5 75.4 81.1 87.7 97.1 99.3 99.5 99.6 99.7 99.3 98.7 97.7 97 96.5 96.5 96.1 95.8 95.8 95.6 96 97.6 100.1 102.4 104.2 104.4 103.9 103.6 102.7 101.3 100.5 100 99.7 99.4 99 98.1 99.4 102.2 102.5 99.3 95.4 90.8 87.1 84 81.2 78.9 78.3 78.3 78.5 78.2 77.8 77.4 76.8 76.8 76.4 76.4 76.3 75.6 72.7 72.6
75.4 78.3 80.2 82 83.4 84.5 85.9 86.7 88.4 89.9 90 90.6 92.1 82.3 82.7 82.8 77.7 74.9 74.5 74.6 74.5 74.3 71.7 74.1 74.6 75.2 75.1 80.3 81.3 89.1 99 99.9 99.9 99.9 99.4 98.9 98 96.8 95.8 95.4 95.3 95 94.9 94 94.1 95.8 98.6 101.5 104.1 104.5 104.1 103.5 102 99.3 97.9 97 97.7 96.6 95.7 95.3 95.4 98.7 100.3 99.5 95.7 91.3 87.4 83.9 80.9 78.8 77.6 77.7 77.9 77.8 77.4 77.2 77.1 77 76.9 76.4 76.3 75.1 72.7 72.6
77 79.7 82.1 84.4 85.4 85.9 87 88.3 89.7 90.5 91.4 91.3 91.3 91.3 89.3 82.9 81 75.1 75 74.7 74.4 74.3 74.2 73.8 74 74.4 73.9 77.9 77.9 80.9 93.2 99.7 99.8 99.5 99.5 99 98.3 96.5 94.7 93.8 94.5 94.1 93.9 92.6 92.1 94.1 96.2 99.1 101.6 103.5 103.8 103.6 102.6 99.9 95.7 94.5 95.4 94.6 93.1 91.6 91.6 93.5 95.9 96.4 95.3 91.4 87.3 82.9 79.9 77.8 76.9 76.9 77.3 77.3 77 76.6 76.5 76.5 75.8 74.1 73 73.1 72.8 72.9
78.4 81.4 85.3 86.7 87.4 87.7 88.1 89.4 90.9 91.9 92.3 92.9 93 93.6 92.7 91 87.1 82.6 75.1 74.8 74.3 74.2 74.3 74.1 73.7 73.6 73.6 73.6 77.9 77.9 80.9 93.3 95.5 98.9 99.6 99.2 97.7 96.1 94.3 92 93.1 93.7 92.6 90.9 90.5 92.7 95.3 97.7 100.4 101.6 101.9 101.4 100.8 99.2 94.1 91.6 92.2 92.3 90.6 89 88.5 90.1 91.7 93 92 89.4 85.5 81.8 79.3 77.3 76.4 75.8 75.6 75.7 75.8 75.7 75.7 74.1 73.2 73.7 73.6 73.3 73.1 73.3
80 83.2 86.7 88.2 88.6 88.1 88.9 90.2 91.7 92.8 93.4 94.7 95.4 95.9 95.1 93.2 91.3 85.6 83.3 75.7 74.6 74.2 74.1 74.3 74.2 71.7 72.8 72 73.5 77.9 77.9 78.5 90.1 98.6 99.3 98 96.3 95.6 93.4 90.8 90.4 90.4 89.4 88 89.2 93.8 96.6 99.2 100.3 100.4 99 98.3 98 96 91.6 89.6 89.1 89.5 89.4 87.9 86.5 86.6 88 89.4 89 86.7 83.3 80.7 78.7 77 76 75.3 74.9 74.6 74.6 74.9 74.1 73.5 73.6 73.6 73.6 73.5 73.5 73.7
82.4 83.3 85.1 87.5 88.8 89.1 90.3 91.5 93.2 94.6 96.4 97.6 97.9 97.6 97 94.9 93.1 91 90 83.4 75.1 75.1 74.1 74.2 75.4 75.3 74.5 73.9 73.5 73.4 75.5 75.8 76.7 90.8 96.4 95.1 93.3 94.5 93.1 90 87.5 86.6 86 86.2 88.7 95.7 99.3 99.1 98.8 97.3 95.9 95.8 95.3 93.2 89.6 87.4 87.3 88 88.3 87.7 86.4 85.1 84.7 84.7 84.9 83.6 81.9 79.5 77.7 76.9 76 75.4 75.1 74.9 75.3 75.4 73.4 73.5 73.5 73.5 73.5 73.5 73.4 73.6
86.7 86.2 85.2 86.1 88.1 89.8 92.1 94.4 96.6 97.9 98.4 98.9 98.9 98.5 97.8 95.9 94.5 93.3 92.8 92.7 83.8 75.1 74.5 74.1 75.5 76.2 75.2 74.4 74.1 73.6 73 74.7 76.4 78 84.6 88.1 89.8 94.4 93 89.5 86 84.5 83.7 85.1 88.2 95 98.6 97.8 96.5 94.4 93 92.9 93.3 90.6 87.9 86 85.6 86.8 88.3 88.2 86.9 85.5 83.9 82.8 82.2 81.3 79.6 78.9 78 77.1 76.3 75.6 75.5 75.5 75.7 74.1 73.4 73.4 73.5 73.4 73.5 73.5 73.3 73.4
89.6 90.1 88.6 87.1 88.9 91.8 94.8 97.3 98.1 98.9 99.5 99.3 98.5 96.6 95.6 94.6 94.9 94.6 94.1 93 90.9 84 76.1 75 76 76.8 76.3 74.7 74.2 73.8 71.7 73.4 74 77.8 80.9 78.6 83.7 91 92.5 89.3 85.2 83 82.3 84.1 86.1 91 95.1 95.4 94 91.5 89.8 90.9 92 88.8 85.9 84 84.5 87 90 90 88.4 86.8 85.1 84.4 83.1 81.4 80.2 79.7 79 78.6 77.4 75.7 75.5 75.4 76.1 73.8 73.3 73.3 73.3 73.2 73.6 73.5 73.3 73.3
93.6 93.7 92.3 89.6 89.8 91.6 94.4 96.3 96.8 98.2 97.4 96.6 95.3 94.6 94.6 95.1 96 96.8 96.1 94.2 92.6 86.4 84.3 79.6 76.5 76.5 76.2 75 74.2 74 74.1 71.7 73.5 73.8 73.4 74.9 76.6 80.9 84.7 86.4 84.2 81.8 80.6 81.7 82.7 85.7 89.5 92 90.9 88.1 86.7 88.4 89.6 86.7 84.2 82.5 84.5 87.1 91.4 92.7 89.8 88.1 86.6 86.3 84.9 83.8 82.4 81.3 81 80.6 78.9 76.1 75.6 75.7 74.6 73.2 73.2 73.1 73.1 73 73.6 73.5 73.3 73.1
94.5 95.3 93.1 90.2 89.5 91.1 92.5 93.8 94 94.3 94.4 95 95.7 96.8 97.7 96.9 98.5 100.1 99.6 97.7 94.6 93 93.5 85.6 83.7 75.1 76.3 76.4 74.6 74.2 74.3 74.2 73.8 73.6 73.3 73.4 73.8 74.3 75.8 77.5 78.1 78.3 77.4 77.4 77.8 79.6 81.8 83.9 83.9 82.9 82.6 84.6 84.9 83.2 81.2 80.9 82.2 83.3 85.7 88.8 88.4 87.9 86.9 86.8 86.3 85.1 83.6 83.5 83.9 83.9 81.9 78.1 75.3 73.8 73.3 73.5 73.5 73.4 73.3 73.3 73.7 73.3 73.2 73
95 95.4 93.2 90.4 90.2 90.7 92.2 93.2 94.3 95.3 96.5 98.2 100.2 101.3 100.9 99.6 102.3 102.7 102.5 101.2 98 100.2 95.5 93.4 98.3 90.3 83 77.7 77.9 75.1 74.5 74.3 71.7 73.5 73.4 73.3 73.1 73.1 73.4 74.3 73.9 75.4 76 76.6 77 77.5 77.6 77.5 77.6 77.8 78.8 78.9 78.7 78.8 78.9 79.1 79.4 79.6 80.2 81.8 82.7 82.5 82.4 82.4 83.5 84.2 84.3 85.1 86.4 87 82.5 77.8 74.2 73.1 73.4 73.9 73.9 73.7 73.6 73.4 73.3 72.9 72 71.3
91.2 93.6 92.7 91.4 91.9 92 93.3 94.8 96.7 98.6 100.2 101.4 102.1 102.1 101.1 101.3 103.2 104 104 102.6 102.5 101.8 95.6 101.1 102 96 89.7 87.3 82.7 79.3 78.2 76.1 75.2 74.1 73.6 73.5 73.1 73.3 73.8 73.8 73.8 71.7 74.2 74.6 74.9 75.4 75.7 76.3 76.6 77.6 77.9 78.1 78.4 78.7 78.8 78.8 78.7 78.8 79 79.3 79.8 79.7 79.4 79.1 78.8 79.9 81.3 85.6 87.4 86.9 81.8 77 75.3 74.4 73.6 73.7 73.3 73.4 73.2 71.3 72.7 72.9 73.1 72.8
88.2 90.5 91 92.1 93.1 93.7 95.7 97.5 99.6 100.9 102 102.4 102.7 102.4 101.6 103.2 104.2 104.5 104.7 104.6 104.3 103.8 102.6 104.4 102.9 98.2 98.2 99.3 94.4 82.7 82.4 78.9 77.5 74.8 75.4 73.6 71.7 73.8 73.7 73.7 73.7 73.8 73.9 73.1 73.4 73.6 74 74.6 75.2 76.3 77.3 77.9 78.3 78.6 78.7 78.6 78.4 78.3 78.5 78.8 78.9 78.8 78.3 78 77.7 77.7 80.3 86 86.5 83.4 78.2 76.4 75.9 75.2 73.9 73.5 73.2 72.5 72.7 73 73.2 73.4 74.3 79.1
88.8 89.4 90.7 92 93.5 94.6 97.1 99 100.5 101.8 102.4 102.8 103 102.5 102.7 103.8 105.1 105.6 105.8 105.8 105.8 105.7 105.9 106 104.6 102.2 104.2 103.9 97.5 87.1 83.7 80.3 82 78.5 77.8 75.1 76 73.8 73.9 73.8 73.8 73.8 74 73.8 71.7 73.4 73.6 73.6 73.8 75 76.1 77 77.8 78.5 78.4 78.2 78.1 77.9 78.1 78.3 78.4 78.5 78 77.8 77.3 76.9 79.2 86.4 86.4 80.8 77.5 75.4 75.2 74.8 73.9 73 71.3 72.9 73.6 73.8 73.9 75.1 79 88.9
90.4 90.6 91.8 93.2 94.2 95.2 97 98.9 100.5 101.6 102.7 102.9 102.9 102.9 103.3 104.6 105.9 106.7 106.8 106.8 106.7 106.7 107.2 107.2 106.3 105.4 103.6 99.5 91.8 89.9 93.7 88.5 83.4 81.9 79.1 77.8 77.5 76.3 74.4 74 73.8 73.9 73.9 73.8 73.8 71.7 73.5 73.4 73.5 73.6 74.8 76.8 77.7 78.3 78.1 77.9 77.8 77.7 77.8 77.7 77.6 77.5 77.7 77.6 77.5 76.4 77.7 77.5 79.8 78.7 76.6 75.5 74.8 74 73.3 72.7 73.2 73.9 73.8 74 75.2 82.4 89.8 98.6
92.5 92.6 93.8 95.3 96.2 96.9 97.5 99.7 100.6 101.4 102.6 103.2 103.4 103.4 104.1 105.1 106.2 107.2 107.8 107.7 107.7 107.8 108 107.9 107.6 105.9 102.5 95 96.3 97.9 102.6 99.9 92.3 86.8 82 81.5 77.5 77.4 75.2 75.3 73.9 73.9 73.8 73.6 73.8 72.3 73.4 73.2 73.3 73.4 73.6 75.5 77.3 78.1 77.9 77.7 77.4 77.3 77.3 77.3 77.2 77.6 77.5 77.8 77.5 76.2 76.6 76.3 76.5 75.1 75.3 73.7 73.1 73.1 73.1 73.4 73.8 73.8 73.7 75.3 81.3 92.9 102.9 104.4
92.2 94.2 95.6 97.3 97.9 98.5 99.3 100.8 101.1 101.3 102.3 103.2 103.5 103.6 104.2 105.3 106.3 107.1 107.9 108.5 108.7 108.7 108.8 108.8 108.4 106.9 101.5 104.7 106.2 107.4 107.9 99.5 96.4 98.4 93.4 88.4 81.1 78.9 77.3 75.1 74.6 74 74.2 73.7 73.7 73.8 73.4 73.2 73.2 73.4 72.2 73.5 75.1 76.2 76.5 76.5 76.5 76.5 76.5 76.6 76.9 77.2 77 76.9 77.1 75.1 76.6 76.1 75.8 74.5 73.5 72.2 73.2 73.1 71.3 73.5 73.6 74.2 76.5 81.3 91.2 101.7 107.3 108.2
92.4 94.5 97 98.7 99.5 100.2 100.9 101.5 101.8 102 102.1 103.1 103.4 103.7 104.5 105.3 106.4 107.5 108.4 108.8 109.1 109.2 109.3 109.4 108.8 107.3 107.5 109.6 110 110.1 107.2 106 106.1 105.8 103.6 101 94.4 85.3 81.3 77 76.9 75.1 76.1 74.5 73.7 73.8 73.5 73.4 73.3 73.3 73.5 73.5 71.7 73.6 73.8 74.5 74.6 75.3 75.4 75.4 74.6 76 76 75.8 74.7 74.5 74.2 73.4 73.5 73.3 73.2 73.2 73.2 73.1 73 73.2 73.6 76 80.4 90.2 100.1 107.7 110.8 111.7
89 93.4 97.9 99.4 100.1 101.1 101.7 102.3 102.9 103.2 103.3 103.3 103.7 104.1 104.8 106 107.1 108.2 108.8 109.2 109.6 109.6 109.8 109.9 109.3 110.1 110.6 110.9 111.1 110.3 109.6 109.5 108.2 105.8 101.8 99.6 93.9 87.4 80.2 80.1 78 77.2 77.3 77.1 76.2 75.2 73 73.5 73.5 71.7 73.5 73.5 73.5 73.4 73.5 73.5 73.6 73.5 73.7 73.4 75.1 74.3 73.6 74.4 73.4 73.3 73.3 73.2 73.3 73.1 73.1 73.1 71.3 72.9 72.6 75.7 76.7 81.5 91.5 103.3 110.4 116.1 116.7 115.3
96.1 94.2 95.1 99.4 100.7 101.7 102.4 102.8 103.3 104.2 104.2 103.9 104.3 104.5 105.3 106.5 107.8 108.8 109.3 109.7 110 110.1 110.2 110.4 110.6 111.1 111.6 112.1 111.9 111.1 110.8 108.9 107.3 105.1 101.3 95.4 89.8 84.2 81.1 85.7 85.8 80.7 77.8 77.6 77.4 75.9 75.9 73.7 73.4 73.7 73.7 73.7 73.5 73.5 73.5 73.5 71.7 73.5 73.5 73.6 75.1 73.6 73.3 71.3 73.3 73.5 73.1 72.4 71.3 71.6 71.3 72.7 75.6 72.5 72.4 75.4 81.2 91.5 106.9 119.2 121.5 121.8 120.6 117.8
97.3 98.1 98.8 98.5 99.3 101.5 102.8 103.1 103.7 104.9 105 104.6 104.8 105 105.9 107.2 108.4 109.3 109.7 110.1 110.5 110.6 110.7 110.9 111.6 112.1 112.5 112.4 112.3 112.1 111.2 109.3 106.4 102.8 99.5 92.6 87.9 82.5 84.3 93.2 96.6 94.3 81.3 78.6 77.7 77.2 75.1 74.5 73.4 73.8 73.8 73.6 73.5 73.4 73.5 73.5 73.5 73.5 73.5 71.7 76.3 73.4 74.4 75.1 74.1 76.5 72.8 71.8 72.7 74.2 76.6 72.4 72.5 72.4 75.2 80 87.7 98.8 114.2 125.6 126.8 125.2 122.3 118.8
97.3 98 98.9 99.9 100.5 101.4 101.8 103.3 104.1 105.3 105.4 105.3 105.3 105.5 106.6 107.8 109.1 109.4 110.1 110.4 110.3 110.6 111.1 111.6 112.3 112.6 112.3 111.6 110.9 110.3 110.1 108.9 106.4 101.1 95.2 90.6 86.2 82.8 89.1 98.7 99.2 96.7 92.1 85.3 80.2 77.6 77.2 74.9 74.6 75 74.5 73.6 73.4 73.4 73.5 73.6 73.6 74.2 75.4 75.9 76.6 76.2 76.4 76.6 76.1 76.6 72.3 76.3 76.8 74.9 73.8 72.5 72.5 74.4 78.9 84.8 92.5 103 116.9 129.1 129.7 126.9 123 119.6
96.4 97.8 98.7 100.1 101.2 102 102.9 103.8 104.6 105.7 105.8 105.9 105.9 106.2 107.3 108.5 109.2 109.4 109.7 110.1 110.1 110.4 110.9 111.6 111.9 111.6 109.1 106.6 103.4 101.5 100.6 99.6 98.8 98.1 93.7 89 85.3 85.4 94.6 100.3 100.3 97.2 93.2 88.2 83 78.6 79.4 79.6 75.2 76.7 76.4 75.5 73.9 74.6 74.8 75.9 76.8 77.6 77.7 77.6 77.2 76.9 76.5 76.3 76.7 77.6 77.2 75.2 74.2 73.1 72.5 72.4 72.5 77.7 84.4 91.4 98.7 106.8 119.9 131.8 131.2 128.4 124.4 121.7
94.7 96.7 98.7 100.1 101.3 102.1 102.8 103.7 104.6 105.6 106 106.2 105.7 107 108 109.1 109.4 109.9 109.8 109.6 109.8 109.9 110.2 110.7 109 105.7 102.6 99.4 97 95.3 94 93.3 92.2 91.8 89.3 87 86.8 92.6 100.5 102.5 100.8 97 92.8 88.2 84.2 80.4 77.9 77.8 77.5 78.5 79.4 78.1 75.1 75.1 75.1 76.1 76.4 78.5 78.7 78.1 77.6 77 77 77.9 77.2 80 76.8 74.8 73.8 72.4 72.4 72.5 77.4 84.3 90.8 99.5 106.7 116.5 126.4 134 132.9 129.9 127.3 125
96.6 97.7 98.5 100 101.1 101.9 102.7 103.5 104.4 105.4 105.6 105.8 106.6 107.8 108 109.7 110.2 110.1 110 109.6 108.8 108.3 108.5 106.2 102.8 101 99.9 98.6 97.4 95.9 95.7 94 92.8 90.4 88.9 88.1 90.8 97.7 102.9 103 100.1 96.3 92.1 87.8 84.2 81.5 80.8 78.6 76.7 78 77.4 77.1 77.4 77.6 77.2 76.6 76.8 78 78.6 78.7 78.7 78.5 78 77.5 76.8 76.8 77.8 75.9 73 72.5 72.8 78 87.6 96.2 98.6 107.8 118.2 129.3 135.4 136.7 134.3 131.5 129.3 127.1
96.4 97.4 98.2 99.7 101.1 101.8 102.5 103.3 104.1 104.9 105.3 105.5 106.8 108 109.4 109.7 109.8 109.8 109.9 108.7 107.3 106.5 105.1 102.6 101.1 100.8 100.4 100.7 100.5 99.7 98.2 96.7 95.4 93.5 91.5 90.2 91.4 95.5 98.3 98.4 96.9 94.1 90.8 87.1 83 81.6 80.5 78.6 78.1 78.7 78.1 77.3 77.7 78 77.1 76.7 76.7 77.2 78.2 78.5 79 79.1 78.7 78.3 77.9 78.6 78.8 78 76.8 77.4 82.5 89.9 101 113.4 109.8 111.2 124.5 135.8 139.5 138.1 134.8 131.2 127.2 124.8
95 96.6 98 99.3 100.5 101.2 101.8 102.5 103.6 104.5 105 105.9 107.1 108.5 109.8 109.9 110 109.9 108.9 107.5 106.4 104.6 102.5 102 102.2 107.3 108.9 108.2 109.1 108.9 105.7 101.7 98.2 95.4 93.8 92.6 93 93.6 94 93.5 92.9 90.6 87.8 86 83 83.3 82.6 79.8 78.2 79 78.3 78 78.3 78.7 77.8 77.9 79.2 80.3 80.3 80.4 79.9 79.6 79.4 79.2 79.1 79.7 80.6 80.9 82 83.4 90.6 99.9 108.3 119.9 121.1 119.2 126.4 134.5 140.2 137.6 134 128.8 122.4 119.2
92.5 94.6 96.4 98.1 98.9 100.1 100.4 101.7 103.1 104.1 105.2 106.3 107.5 108.9 110.2 110.5 110.6 110.5 110.3 109.7 107.8 107.5 105 103.5 108.1 110.7 112.3 111.8 112 110.1 107.3 103.2 100.1 97.3 95.5 95 93.7 92.6 91.6 90.8 90.1 88.7 87.5 86 84.6 84.3 82.5 79.5 80.8 82.1 81.7 79 79.2 79.4 77.7 79.7 80.9 81.5 81.9 82.3 81.7 81.1 80.5 79.9 80.1 81 82.3 83.5 85.3 88.7 100.2 112.2 119.6 126.6 127.6 129.6 137.1 142.8 143.8 140.7 137.3 131.8 125.4 118.6
90.6 92.5 94.2 95 96.7 98 99.5 101.5 103.1 104.3 105.6 106.7 107.9 109.3 110.7 111.1 111.3 111.1 111 110.6 109.6 108.4 106.6 107.3 110.1 112.9 114.3 114.3 113.1 111.1 109.3 105.6 102.4 99.4 97.6 97.4 97.7 96.6 95.2 93.9 92.2 89.9 88.5 87 85.7 84.4 81.3 79.5 82.5 83.9 85.2 82 80.6 80.1 78.7 81.3 82.4 83.1 83.9 84.2 83.7 82.9 82 81.8 82.2 83.3 84.3 86.4 87.8 92.5 100.3 114.3 125.4 132.9 138.4 142.3 146.9 148.7 145.8 142.1 139.2 135.9 131.8 126.7
92.1 94.2 94.9 95.3 95.7 96.7 98.2 100.4 102.5 104.3 105.8 107.1 108.3 110.1 111.2 111.7 111.9 111.8 111.6 111.3 110.8 109.1 107.9 109.5 112 114.9 115.7 115.6 114.3 112.7 110.5 107.4 104 101 102.3 103.4 101.3 99.9 98.2 96.8 94.2 90.5 89.1 87.7 86.6 84 80.4 81.2 84.3 85.5 86.3 85 82.7 81.3 80.8 82.7 84 86.6 87.3 87.2 85.5 84.9 85.2 86 86.5 87.6 86.7 92 90.2 94.8 100.8 109.2 118.9 128 136.2 142.4 148.4 148 144.7 140.5 136.7 133.9 134 129.3
93 96.2 97.8 98 98.7 98.5 98.7 99.7 101.7 103.5 105.3 107.1 109.3 110.5 111.6 112.2 112.3 112.5 112.3 111.9 111.3 109.6 109.2 110.4 113.7 116 117 116.7 115.4 114.2 111 107.3 104.6 104.4 107.6 107.5 105.4 103 101.2 98.7 95.4 91.4 89.5 88.2 86.5 82.7 80.1 82.9 85.2 86 86.4 86.5 84.6 83.2 82.5 84.3 87 89.8 90.6 89.2 87.2 87.7 89.2 91.5 93.1 94.2 96.7 102.9 100.8 94.6 101.2 110.2 119 127.4 135 143.1 149.7 147.8 143.4 138.2 133.6 128.3 127.9 126.5
92.8 95.8 98.5 99.3 100 100.4 100.1 100 100.9 102.8 104.8 106.8 109 110.6 111.9 112.2 112.4 112.6 112.8 112.5 111.7 110 110.4 112.3 114.8 116.7 117.9 117.7 116.7 114.6 111.5 108.3 106.9 109.4 111 110 108.2 106.2 103.1 99.8 96.1 92.4 89.4 86.6 84 81.7 81.3 83.5 86.1 86.4 86.9 87.3 86.3 85 84.2 86.8 89.6 91.7 92.1 90.4 88.8 89.7 93.1 96.2 98.4 99 105.7 114.6 114.2 107.4 99.5 110.7 124.1 135.3 142.9 147.4 151.1 148 141.9 135.6 130.5 123.3 120.6 119.3
94.8 94.8 97.5 99.4 100.2 101.1 101.2 100.8 100.9 102.4 104.4 106.4 108.7 110.8 112.3 112.8 113.2 113.3 113.5 113 111.9 112.3 113.2 114.1 116 117.6 118.4 118.4 117.6 116 113.1 111.7 110.8 112.3 113.1 112 110.3 106.7 103.3 99.4 94.6 90.7 87 84.2 82.5 84.6 85.2 85.8 86.8 87.1 87.5 87.3 86.8 85.7 85.6 89.1 91.6 93.1 93.6 92.7 91.2 91.3 95.2 98.8 102.1 105.1 106.9 122.4 127.2 119.2 103.3 104.7 118.9 133.9 141.3 146.2 149.4 147.3 140.8 134.8 132.1 124.6 117.8 114.3
97 96.1 97 99.2 100.3 101.2 101.8 101.6 101.5 101.9 103.9 105.8 108.9 110.9 112.4 113.7 114.1 114.1 114.2 113.6 113.2 113.4 114.3 115.3 116.7 118.3 119 119.3 118.4 117.3 115.6 114.8 114 114.1 113.8 113 111.4 107.5 103.3 98.4 93.4 89 85 83.6 85.6 87.9 88 87.5 87.7 87.8 87.8 87.3 86.9 86.5 87.8 91.5 93.5 94.5 94.8 95.2 94.5 92.8 95.3 99.9 104.7 108.1 107.5 124.9 134.6 129 120.5 116.6 108.3 119.7 127.7 135.1 141.5 144.2 143.2 141.1 135.1 123 116.4 111.7
99.2 98 97.8 98.7 100.3 101.1 101.7 102.1 101.9 102.3 103.4 105.2 108.1 110.8 112.6 113.9 114.9 114.8 114.8 114.3 113.6 114 115 116.1 117.4 119 119.7 120 119.2 118.4 117.5 116.7 116 115.5 114.5 113.5 111.2 107.3 102.3 97.2 92.3 87.7 83.8 85.9 89.9 91.2 90.4 89 88.1 88.3 88.2 87.6 87.2 87 89.1 93.4 95.1 96.1 96.4 97.5 98.2 95.9 96 100.5 105.2 105.1 110.5 125.4 135.4 132.2 131.1 125.8 122.3 114 111 114.1 123.5 130.6 133.6 133.7 129.2 118.7 112.9 107.6
