Assets/StreamingAssets/GeoData/Data/sj/SJ94.asc
ncols 200
nrows 200
xllcorner 390000
yllcorner 340000
cellsize 50
[rows 105 to 139 of 200, columns 78 to 155 of 200]
197.8 195.6 193.6 194.2 195 199.4 202.5 205.5 206.9 208.4 210.2 211.6 212.3 214.1 219.5 225.4 231.2 231.9 231.4 232.5 232.3 232.3 232.6 234 235.7 237.3 237.9 237.8 240.6 239.6 238 236.4 236.8 238.1 238.5 241.6 244.4 246.2 249.7 251.3 252.8 245.6 236.2 235.9 242.1 253.7 257.7 256.5 255.4 254 251.8 249.6 243.1 238.6 237.2 233.8 231.2 232 232.6 229.7 223.7 221.9 219.5 217.6 217.8 218.4 216.1 213.7 210.5 206.3 201.8 196.5 191.5 187.5 188.4 187.3 186 184.3
196.1 193.3 193.2 195.1 198.4 201.1 203.7 205.3 206.4 208.1 210 210.3 211.9 213.5 218.6 223 231.5 233.6 233.8 233.4 232.9 232.8 233.3 234.6 236.2 237.5 239.1 239.6 239.9 240.1 239.7 239.7 240.2 240.7 241.1 241.7 243.6 244.9 247.9 249.3 249.8 240.2 233.3 235.2 243.7 254.2 256.4 256.8 255.7 252.2 249.3 247.1 240.3 236.6 234 232.1 229.9 231.3 230.9 226.8 220.8 220.4 219 216.1 216.8 217.2 215.3 213.8 210.2 206 201.3 196.4 191.1 186.7 187.7 185.7 186 183.1
196.5 193.2 193 195.3 197.4 200.6 203.4 204.8 206.1 207.6 209.8 210.4 210.6 214.4 219.3 222.7 229.5 232.6 234.3 233.8 233.4 233.7 234.6 235.1 236.3 237.5 239.2 241.2 242 242.6 242 241.4 241.8 242.9 243.5 244.3 245 244 246.9 248 243.7 237.2 231.7 234.8 247.4 254.3 255.3 256.2 254.6 251.9 249.2 245 238.9 234.6 231.8 229.5 227.4 227.5 228.7 223.9 219.3 215.7 214.3 214 214.1 215.3 214 214.8 211 207 202.7 196.7 191.1 187.2 186.8 186.3 187.3 183
196.8 193.3 192.7 193.6 196.7 199.8 202.7 204.3 205.7 207.1 209.3 210 209.8 213.7 218.8 223.2 228.2 232.6 234.4 234.6 234.3 233.8 235.2 234.6 235.4 236.6 238.1 241.1 242.5 242.9 243 242.7 243.5 244.6 245.1 245.9 244.2 242.3 244.5 244.9 239.8 234.2 230 238.1 250.3 252.9 253.9 254.9 253.1 251.2 248.8 243.6 236.4 232.7 229.8 227.3 225.3 223.7 224.2 219.9 216.2 210.6 211.7 212.6 211.8 213.2 212.9 214.8 212 209 204.1 198.3 191.9 187.6 187 188.6 188.4 183.6
197.1 195.5 192.5 192.3 195.4 198.9 201.8 203.9 205.6 207.1 209.1 208.8 208.7 214.4 219.1 223.3 227.8 231.6 233.5 233.5 233.1 233.3 233.6 233.3 232.3 232.6 234.9 239.1 240.5 241.5 242.1 242.9 244.1 245.1 246.1 245.8 243.9 239.1 240.9 241.1 237.4 231 229.6 241.2 250.6 251.6 252.4 253 250.8 248.9 246.7 242.5 236.7 232.2 228.9 226.3 223.4 222.3 220.8 221 217 212.3 211.3 209 209.4 209.9 210.1 214.5 212.6 209.6 205 199 192.7 188.2 187.5 189.4 188.3 184.7
198.2 195.9 193.4 191.9 192.5 197.2 200.2 202.6 204.5 204.8 207 206.7 206.6 210.8 216.8 221.8 227.6 231 232.6 232.4 230.7 231.5 230.3 228.4 227.7 228 231 233.3 237.4 240.1 241.2 242.6 244.4 245.4 246.4 245.8 243 239.3 237.5 238 233.7 227.3 232.1 242.8 247.8 250 250.8 249.6 246.9 246 243.9 239.1 234.1 230 228.8 224.8 222.3 221.2 220.3 221 218.6 215.9 213.6 210.6 212.9 216.5 217.4 217.2 212.3 207.9 204.6 199 193.1 188.4 187.6 188.3 187.4 184.6
198.1 196.4 194.5 191.6 190.8 193 197.1 200.1 202.9 203.8 206.2 207.1 206.8 206.9 212 219.2 226.3 230.4 231.3 230.9 225 224.9 225 222.2 221.6 223.9 226.4 230.1 233.6 236.2 240.6 242.3 244.9 245.7 246.5 245.7 242.3 234.7 231.2 235.6 231.8 226.3 233.2 240.2 244.7 247.8 248.7 245.2 243.8 243.1 238.9 234 231 229.3 227.7 224.3 220.9 219.4 219.4 219.2 216.8 215.5 215 214.2 213.4 215.7 216.6 214.4 209.8 205.3 203.9 197.9 191.8 187 185.7 186.2 185.1 181.8
197.9 195.4 194.9 192.6 190.7 191.1 193.4 196.6 199.8 201.8 205 207.9 208.6 206.6 208.6 216.3 223.6 226.8 228.6 229.6 224.7 219 218.4 220.9 225.1 227.8 229.4 230.5 232.2 235.2 239.7 242.3 244.6 246.4 245.7 242.7 237.2 232.1 229.8 232.6 227.8 224.9 232.1 237.4 242.7 245.5 244.6 242.5 240.7 239.6 235.1 232.7 230.5 227.7 226 223.2 220 218.5 218.3 217.4 215.5 214.6 214.9 214.8 213.5 214.8 215.5 213.4 205.7 198.8 201.1 195.1 189.9 185.1 182.2 182.8 181.2 176.5
198.4 195.8 194.3 193.4 190.7 190.4 191.2 195 196.4 201 205.2 207.9 208.9 206.2 207 212.3 215.5 220.1 222.5 223.8 220.2 214.6 216.5 222.1 225.4 230 232.3 235.1 234.9 236.8 240.7 243.5 245.5 247.1 247.5 245.8 236 232.6 226 226.6 222.7 223.5 231.7 237 240.9 242.6 241.8 239.7 238.7 236.2 233.8 232 229.3 226.5 223.4 220.8 218.9 217.6 216.3 215.1 214.1 214.2 214.3 213.8 213.1 210.7 205.6 199.8 198.1 191.7 188.9 187.8 183.6 181.3 178.9 178.5 176.6 178.7
199.1 197 194.9 193.4 190.9 190.3 190.6 191.3 196.1 200.4 204.7 206.8 207.3 206.3 208.5 208.6 210.1 212.4 215.2 216.9 212.7 213.1 220 223.6 226.1 230.9 234.6 237.4 239.2 239.5 241.8 244.6 246.3 247.3 248.4 246.4 238.2 226.1 222.9 224.8 220.6 222.4 229.6 233.5 236 237.5 237.2 236.7 236.3 234.1 232.2 230.3 228 225.1 222 219.7 216.9 215.6 214.3 213.2 213.3 213.5 213.4 212.5 212 211 205.6 195 187.4 184.4 181.7 179.7 179.1 177.8 177.4 178.1 180.5 182.7
198.7 197.6 196.2 193.1 191.1 190.2 190.4 190.5 195.1 198.8 202.9 204.3 206.7 206.2 205 205.5 206.9 209.5 211.5 210.9 210.2 217.5 223.5 225.9 228.8 231.7 235.2 238.2 240.6 242.2 243.8 245.4 246.5 247.5 249.7 247.4 238.4 226.6 226.6 226 220.1 220.5 225.9 230 231.4 233.4 234.8 235.2 234.1 232.4 230.5 228.6 226.7 223.2 219.6 217.6 216.8 215 213.1 212.4 212.6 212.7 212.1 211.3 210.7 210 206.4 200.7 190.3 183.7 181.5 186.4 185.3 182.8 181.8 184.2 185.2 185.9
200.1 197 195.2 193 191.3 189.9 189.4 189.7 191.5 195.5 200.6 204 206 206 202.8 202 204 206.8 207.6 207.4 211.6 217.6 223.9 226.9 229 231.8 233.9 236.9 240.7 243.8 245.1 246 247 248.1 249.1 247.3 237.4 225.4 233.8 232.7 224.1 222.9 224.3 227.7 229.6 230.4 232.1 233.7 232.4 230.9 229 227.1 224 221.8 218.7 216.5 216 213.6 212.2 211.6 211.6 211.5 211.1 210.3 207.1 203.5 202 194 185.1 181.2 189.7 197.1 190.6 189.3 187.8 189.5 189.4 188.9
198.7 197.7 194.8 192.5 191.7 189.7 188.9 189.1 190 193.3 197.4 201.4 206 205.5 205 202.1 201.2 205.1 205.1 207 211.2 215.6 220.6 224.5 224.9 229.4 234.8 237.7 241.4 244.6 245.8 246.7 247.7 248.7 249.6 247.1 235.9 228 227.7 230 225.6 221.3 222.7 225.4 226.6 229.7 230.9 231.8 230.6 229.2 227.5 224.5 221.6 219.1 216.9 215.1 213.7 211.7 210.7 209.9 210.3 210.1 210 208.9 203.1 198.2 194.2 187.9 182.9 190.8 198.8 200.1 194.4 191.7 190.9 192.5 192 190.9
199.5 196.7 194.7 192 191.7 189.6 188.6 188.7 189.8 192.3 197.2 200.5 204.1 205.4 206.2 202.8 200.4 202.8 203.1 206.8 210.4 212.5 215.2 220 229.6 233.4 236.3 239.5 242.8 245.6 246.4 247.4 248.4 249.3 248.2 245 238.2 225 223.9 225.6 227.8 221.9 221.8 220.5 223.6 228 229.4 229.6 228.5 227.1 225.8 222.9 220 217.4 215.2 213.1 211.2 209.4 209 208.6 209 209 208.9 207.9 201.6 194.8 189 184.9 190.2 199.2 207.1 201.6 197.5 194.3 193.9 195.3 194.5 192.8
195.4 195 192.9 191.3 190.8 189.9 188.2 188.1 189.2 192.2 197.8 201.2 203 204.4 205.4 204.5 199.8 199.6 201.5 204.3 207.9 210.1 213.7 218.9 228 232.5 237 240.3 243.3 245.9 247.1 248.1 249 249.6 247.8 243.8 234.6 223.4 223.8 226.8 225.2 219.5 215.4 217.1 222.4 226.6 228.8 227.4 226.4 225.9 224.1 221.3 218.3 215.6 214.3 212 209.5 207 205.9 206.3 207.7 207.9 207.9 207.4 200.3 192.8 187.5 184.6 201 208.6 209.8 204.3 201.1 197.5 194.9 197.4 195.9 193.2
193.6 193.4 191.3 191 190.7 189.8 187.8 187.6 188.8 191.1 195.9 200.7 201.8 202.8 204.3 203.3 198.9 198.4 200 202.2 206.3 209.8 214.2 219.2 223.3 230 234.7 240.1 243 245.5 247.5 248.6 249.1 249.6 247.9 244.7 235.8 227.6 224.2 225.3 223.2 219 214.5 217.4 224.9 226.6 225.7 225.2 225.1 224.1 222.3 219.7 216.5 214 212.9 211.2 208.4 205.7 204.5 205.1 206.4 206.8 207 207 202.4 194.6 188 187.4 203.7 214.5 211.1 207.4 204.5 200.1 198.1 199.3 197.6 195.1
193.9 191.5 190.8 190.3 189.7 188.4 187.5 187.5 189.1 192 197 200.9 201.2 200.4 201.1 200.3 198.3 197 198.4 201.7 207.3 211 214.5 219.1 223.5 227.5 231.8 236.2 238.9 243.5 246.9 248.6 249.2 249.1 247.8 244.3 240.5 233.7 226.6 225.3 227 217.8 213.6 217.7 224.7 224.8 223.5 222.9 223.6 222.5 220.7 217 213.6 211.6 210.4 208.7 206.2 203.7 203 204.4 204.9 206.3 207.3 207.3 206.5 197.8 189.3 186.9 202.8 213.8 212.2 209.4 206 201.7 201.7 201.6 199.2 197.3
193.1 190.8 189.7 189.1 188.4 187 187 187.6 191.6 194.7 198.6 200.1 200.1 197.6 197.7 197.1 196.6 196.6 198.6 202.7 207.5 211.5 214.2 217.8 220.1 222.2 225.7 231 236 238.6 244.8 247.8 248.7 248.5 247.2 244.7 243 238 229.4 225.3 226.1 217 212.9 217.5 222.2 221.4 220 221.1 221.3 221 218.9 214.4 210.8 207.7 209 205.7 203.7 202 200.7 200.8 203.7 204.9 206.1 206.5 205.1 197.8 190.1 188.5 202.1 214.2 212.8 209.8 207 203.5 203.8 202.6 200.5 199.2
192.3 190.3 189 187.9 187.2 186.6 188.3 191.8 193.9 195.4 197.1 198.5 198 196 195.3 195.1 194.8 195.3 198.5 202.6 207.3 211.8 213.6 215.1 216.4 217.7 220.5 224.6 230.1 233.5 238.8 244.5 247.2 248.2 247 244.9 241 236.1 230.3 227.2 222.5 217.6 212.3 215.6 219.7 217.2 218.3 219.3 219 220.9 217.9 212.1 207.5 204.6 205.6 202.6 201 200 197.8 196 199.6 202.5 204.6 205.6 204 196.5 189 196.5 207.8 213.9 213 209.7 207.1 206.1 204.9 203.7 202.5 201.3
192.4 190.5 189.1 188.1 186.6 186.5 187.5 190.9 193.3 194.4 195.6 197.2 198.3 196.3 194.7 194.2 193.7 193.6 196.3 200.4 204.9 208.1 209.7 210.3 212 213.7 213.8 217.3 220.3 226.4 234 239 245.2 246.3 246.1 244.7 242 238.2 236.2 232.1 227 219.7 212 211.8 214.8 213.4 213.7 215.5 219.8 216.6 214.3 208.4 205.5 204.2 204.1 202.1 203.8 203.1 199.4 196.3 196 199 202.3 203.2 201.6 195.1 188.6 201.8 210.2 213.3 213.1 211.4 208.5 207.8 205.8 204.4 204.3 203.3
192.6 190.7 188.2 188.1 186.6 186.6 186.6 190.4 192.9 194.1 195.5 197.1 197.9 196.7 195.2 194.9 194 193.5 193 196.4 200.2 203 205 204.6 205.5 208 209.6 213.8 217.1 221.7 227.9 233.4 240.9 243.8 244.2 244.5 243.4 242 238.7 233.6 226.9 221.4 213.8 210.3 210.5 209.8 209.1 210.6 212.3 210.2 207.7 205.3 205.1 206.2 206.1 206.1 206.1 205.1 203 199.8 196 194.7 197.9 197.8 195.5 191.7 192 203.3 211 214.2 214 212.4 210.6 210 208.2 208.3 207 207
192.6 190.8 188.2 187.3 186.3 185.7 186.2 190.1 192.6 193.8 194.9 196.1 196.8 196.8 195.7 195.3 195.9 195.9 193.1 191.8 194.5 197.2 198.2 200.5 204.5 207.2 211.9 213.9 216.2 220.1 223.5 228.2 234.1 240 241.8 242.3 242.8 242.1 240 236.1 229.9 227 217.3 211.2 210 209.2 209.8 208.9 208.3 208 208.2 209.4 209.7 209.9 209.5 208.7 207.9 206.3 204.1 201.5 197.8 195.1 194.7 194.7 192.4 194.1 198.3 206.8 213.9 215 215.4 215 214 213.4 213.1 214.6 215.1 211.4
192 190.4 188 186.3 185.2 186.1 187.8 190.3 191.9 192.9 193.9 194.9 195.1 195.6 194.9 195.1 195.4 196.4 197.1 192.7 190.6 192.3 196 201.3 205 210.4 214.6 216.2 217.5 219.9 222.2 224.8 229.3 234.9 237.9 238.8 239.5 241.1 240.6 237.3 233.2 228.7 220.8 214 210.6 210.1 214.3 215.1 214.2 216 217.3 217.8 215.1 213.3 212.4 211.6 208.8 206.9 204.8 202.4 199.2 198.2 197 196.5 198 200.2 204.5 209.3 212.8 215.3 219.8 221.5 219 216.6 218.5 223.4 221.3 215.6
190.5 189.1 188.1 186 184.9 186.2 187.5 189.7 191.5 192.5 193.5 193.9 193.6 194 193.8 194 195.8 196.8 197.9 196.6 190.5 190.5 195 196.6 205.8 213 216.3 218 219.6 221.2 222 223.6 227.1 230.7 233.5 235.4 237.2 238.8 239.5 236.2 229.8 227.3 222.1 216.7 211.7 213.3 216.9 220.7 223.2 224.7 226 226.2 225.9 222.9 216.5 211.1 207.3 205.6 203.9 202.2 201.8 201.5 200.7 199.9 200.5 203.6 206.4 211.5 217.7 222.2 222.7 227.1 219.7 220.1 219.9 227.4 225.4 220.3
189.6 188.2 187.3 184.8 184.6 185 186.3 189 190.7 192.4 193.1 192.7 192.2 192.4 192.6 193.8 195.6 197.2 198 196.1 190.4 188.6 190.7 196.9 207.8 214.8 217.8 219.4 221 222.6 222.4 222.1 225.3 228.8 230.7 231.9 234.7 236.6 237.4 237.5 229.3 223.2 219.9 215 211.2 214 217.6 222.6 228.4 230.6 231.9 229.4 227.9 221 214.4 209.8 206.4 205.2 203.6 201.9 202.8 204.1 205.6 205.8 202.8 204.1 206.8 211.2 218.1 226.9 230.7 231.9 225.9 225.1 224.1 229.5 230.5 224.5
189.8 187.8 186.3 184.6 184.4 184 185.5 188.2 189.1 191.2 191.5 191.4 191.1 191 192.7 194.6 195.5 196.8 196.9 194.8 189.8 187.7 189.1 198.7 210.9 215.6 218.1 220.7 222.4 224.2 224.4 221 223.5 225.8 228 229.4 230.5 232.5 233.6 234.7 231.3 223.8 218 213.9 210.4 212.2 217.4 224.4 229.4 233.3 234.3 231.6 224.4 217.9 212.3 208.9 205.5 203.8 203.2 202.2 203.4 207 211.2 211 206.7 206.5 208.2 208.7 213.2 219.6 227 234.6 230.6 229.9 230.7 232.3 237.8 233.8
190.8 187.6 186.2 184.7 184.1 184.1 184.6 186.4 188.2 189.4 190.3 189.9 189.7 189.4 192.2 193.8 195.1 196.1 195.6 193.5 189.6 187 188.3 199.6 210.7 215.5 218 220.4 222.7 224.4 223.6 218.9 220.6 222.3 223.9 226.5 227.6 228.1 228.9 230.1 231.5 225.2 219.9 213.8 208.5 210.1 217.2 225 227.6 232.7 233.4 230.7 220.9 214.4 210.9 208 204.6 202.5 201.9 202.9 204.1 207.3 211 211.5 213.5 211.2 214.4 219.9 218.3 218.2 229.3 237.6 235.9 236.2 237.6 237.9 241.1 239.5
190.3 187.7 186.1 184.8 183.8 183.9 183.9 183.6 185.2 186.1 187.9 188.3 188 190.5 191.6 193 194.6 195 194.2 192.8 187.6 186.8 188.5 199.7 209.5 214.2 217 218.6 220.9 222.9 221.8 218.3 216.9 218.9 219.7 222 224.4 225.6 226.7 228.4 230.1 227.3 219.3 212.6 208 207.7 214.9 218.1 224 229.8 229 223.5 216.5 211.2 208.2 205.5 202.9 201.5 201.5 203 205.3 208.8 212.2 215.6 217.7 216.9 219.9 225.5 228.8 225.2 223.5 227.4 239.2 241.3 240.7 240.3 241 239.9
191.1 188.8 186.4 184.9 184.9 183.4 183.2 182.8 182.5 183.5 185.8 185.7 190.7 192.4 193.3 193.4 194 193.6 192.6 190.7 186.2 186.7 188.7 199.4 208.4 212.6 216 216.7 219.2 220.9 221 217.4 214.4 214 215.3 217.5 219.9 222.3 224.1 225.4 226.7 226.7 219.3 212.8 208.3 206.5 211.2 215.2 221.9 225.6 224.4 218.9 212.7 208.6 205.6 203.1 200.6 200.9 201.3 203.7 206.5 209.4 210.7 215.6 219 223.6 228.3 233.9 237.9 237.1 224.9 238.5 235.9 240.8 240.1 239.4 238.6 238.5
191.6 189.9 187 185 184.6 183.7 183.4 182.2 182.2 182 182.2 183.3 189.5 192.7 193.8 193.4 193 191.6 190.4 188 185.1 188.5 195.4 200.3 206.7 210.6 213.1 215.2 217.2 218.9 219.4 218.2 215.2 212.4 212 212.9 215.3 217.7 219.9 221.3 222.5 223.6 220.3 213.9 209.3 204.7 206.5 213.1 219.6 222.4 220.9 214.4 209.2 206 203.3 200.8 199.6 200.2 201.9 204.1 206.5 209.1 211.5 214.8 219.7 223.1 227.7 234.1 241.4 241.7 230.9 234.1 240.4 240.9 238.9 237.8 237 236.5
191.2 189.7 187.3 185.4 183.9 183.8 183.9 184.1 181.8 181.9 182.2 182.6 185 190.6 192.5 192.7 191.5 189.4 187.6 186.8 184.4 190.1 193.6 198 203.7 208.1 209.8 212.9 215.4 217 217.9 217.9 217.6 214.7 213.6 211 211.2 213 215.4 216.8 216.7 218 221.3 217.1 210.1 205.4 203.8 208.5 214.7 220.8 217.1 209.9 206.7 203.6 201.1 198.6 198.8 199 201.6 205.4 207.6 209.9 212.6 217.3 223.2 226.4 230.3 236.6 244.4 245.5 239.3 239.3 243.7 241 238.3 236.7 235.1 234.5
190.9 189.1 187.1 185.5 183.9 183.5 183.9 183.4 184.1 183.5 182.3 181.2 181.8 186.5 190.5 191.6 190.4 187.9 185.3 183.9 183.4 186.1 191.2 196.3 201.4 205 207.4 210.6 213.5 214.8 216.2 216.5 216.3 216.2 214.8 211.6 208.4 209.6 211.2 212.1 211.2 214.3 217 219.7 212.5 206.1 201.6 205.1 213.3 218.6 212.9 206.1 204.2 201.4 198.9 197.3 197.6 198.7 201.6 207.1 209.5 211.6 215.5 221.2 226.6 229.4 235.1 240.1 244.3 252.1 248.7 244.7 243.9 240.6 237.9 235.4 232.7 233.2
190.6 188.6 187 185.5 184.8 183.7 183.6 182.9 183.5 183.8 183 181.9 180.3 182.8 188.7 189.5 189.2 187.5 184.9 183.2 183.1 184.1 189.6 193.7 198.3 200.6 205.1 207.6 211.2 212.6 213.9 214.8 214.9 214.9 215 212.5 209.1 206.1 207.2 208.2 207.3 207.9 211.3 214.2 213.4 206.3 201.4 203 207.8 211.4 206.4 203 201.8 199.5 197.1 196.1 196.6 198.9 203.6 208.6 212.3 212.8 215.2 220 223.1 225 228.7 233.1 237.5 248.1 250.9 247 243.2 239.6 237.7 234.4 231.4 230.8
190.1 188.6 187.1 185.9 184.5 183.3 182.7 183 182.5 181.9 180.9 182 180.7 181 183.8 188 187.8 186.3 184.5 183.4 184.1 185.1 188.6 191.7 195 197.8 202 204.9 208.9 210.3 211 211.9 212.9 213 212.9 211.2 208.5 205.3 203.9 204 206.1 206.3 208 207.1 206.8 203.9 200.8 200.1 204.8 205.5 202.5 200.9 199.9 197.8 195.2 195.2 196.7 199.5 204 207.7 210.3 211 213.8 217 220.6 224.5 232 234 244.2 248.3 249.6 247.3 242.4 238.6 235.8 232.8 230.1 229.1
190.4 189 187.5 187 185.3 183.3 182.5 182 182.6 182.1 181.7 180.9 180.1 180.2 181.2 183 185.4 184.3 185 185 185.3 186 186.6 188.8 190.8 194.4 198.9 203.7 206.6 207.4 208 209 210.1 211 210.7 209.5 208.5 205.2 202.3 202.5 202.5 202.8 204.4 204.2 203.2 201.6 198.1 198.3 200.8 200.7 200.6 199.6 198 196.4 193.6 194.9 196.4 198.9 201.9 205.3 208.4 211.5 215.6 219 225.3 228.9 235.7 244.6 246.4 248.8 248.4 246 241.9 238.1 235.3 233 230.1 226.9
