Game/Highland_Data/StreamingAssets/GeoData/Data/no/NO06.asc
ncols 200
nrows 200
xllcorner 300000
yllcorner 760000
cellsize 50
[rows 105 to 139 of 200, columns 0 to 78 of 200]
482.5 462.6 445.4 432.9 429.9 423.7 423.8 429.7 432 436.2 442.6 446.6 452.6 461.7 469.9 474.5 474.6 472.2 467.3 464.4 455.7 450.3 442.5 439.6 451.3 451.4 434.7 422.3 415.3 404.3 398.1 391.1 380.9 379.9 375.3 380.4 383.3 380.5 387.2 395.4 398.4 401.3 401.9 404.5 410.2 415.3 418.9 428.3 439.6 446.4 455.1 456.3 468.8 477 479.6 489.5 504.8 510.9 520.1 526.4 534.1 534.4 508.9 479.9 452.8 436 425.4 415.2 408.4 412.3 412 410.4 409.5 409.4 410.1 405.1 404.1 407.3 415
481.2 458.3 439.7 428.3 423.9 416.4 416.2 421.2 421.8 425.5 428.7 434.3 438.3 441.4 449.6 454.1 452.6 447.7 444.9 441.4 436.5 433.9 428.4 425.2 426.4 429.6 425.1 412.2 405.5 396.4 390.8 387.2 381.2 375.5 366.6 376.2 377.1 377.7 381.9 392.1 393.6 398.1 399 400.3 407.8 411.2 418.2 420.2 428.8 440 444.8 455.6 463.2 468.7 476.4 487.3 498.3 507.6 514.5 523.3 530 525.3 494.8 461.3 438.9 430.1 413.5 401 399.8 402 399.1 397 396.2 398.1 397.2 394 397.7 404.2 408.1
477 454.7 440.5 427.9 424.1 418.6 407.8 411.5 415 419.1 420.2 423.6 427 428.1 428.2 429.8 430.2 430.5 425.7 422 418.7 416.2 413.3 411.8 411.5 408.1 406.4 400 396.5 386.2 385.9 381.7 377.9 372.2 369.4 367.7 373 377 377.8 387.6 389.9 394.2 397.7 396.5 404.3 406.5 404.6 419.2 428.7 438.8 442.8 449.8 454.3 461 469.6 478.7 493 501.7 509 516.7 522.9 512.5 477.6 446.6 427.4 414.6 399.7 390.4 388.1 388 384.5 382.8 382.2 382.9 384.7 381.8 388 396 400.3
469.9 451.5 435.8 426.2 417.6 413 401.9 404.7 407.7 408.7 409.1 412.3 415.3 415.5 415.3 414.6 412.5 413.2 408.8 405.7 403.2 401.4 398.7 401.1 400.2 396 391.4 386.2 379.8 384.4 381.9 378.7 375.4 371.1 364.5 362.4 367.3 361.7 374.2 383.8 386.3 387.8 395.3 395.2 397.9 399.6 401.4 411.4 420.6 428.8 434.3 442 443.8 452.2 464 469.8 484.7 484.8 500.7 513 516.5 504.8 459.3 433 410.5 400.8 387.9 379 378.7 375.4 374.6 365.1 369 365.8 367.3 373 375.7 381.9 389.9
465.4 449.6 437 423 414.4 407.1 402.1 397.8 401 400.1 398.2 401.2 403.3 404.3 400.1 400.8 398.7 394.4 393.7 391.5 391 387.3 388.8 391.7 389.1 383.3 379.7 377.7 372.7 376.4 375.8 372.4 370.3 364.6 360.7 355.5 359.2 358 372.4 377 379.8 384.4 391 390.1 390.5 390 402.7 403.5 411.9 419 422.2 428.7 434 442.9 453.7 460.5 471.2 481.8 492.9 505 509.5 488.9 449.2 418.2 401.5 390.1 376 367.4 367 359.7 357.4 352.8 351.7 354.9 355.8 361.2 357.4 364.7 374.8
466 449.1 434.5 423.1 411.4 402.4 398.4 395.2 392.6 393.1 391.2 390.4 390.5 388.4 386.5 387.2 385.4 381.2 380.9 379.1 377.3 377.4 378.8 381.5 377 373.2 371.9 369.2 364.8 370.6 370.1 366.2 362.1 358.8 354.8 337.9 340 354.6 364.8 368 373 380.5 385.8 384.7 387.5 379.7 384.5 399.1 402.8 408 414 420.7 423.6 435.3 449.4 451.9 455 470.7 481.1 501 506.7 469.1 434.2 400.9 388.5 377.7 360.4 360.1 357 352.7 347.5 344.1 338 337.8 342.8 342.4 347.2 343 352.3
472.6 450.6 431.2 419.7 406.4 399.2 397.1 397.1 383.2 385.6 382.9 378.4 376.4 376.8 377.9 378.2 376.3 373.3 372 369.8 370.2 369.7 368.6 367.2 364.5 364.2 362.2 359.7 354.8 357.2 361.9 361.6 360.6 356.1 350.3 332.6 337.8 347.9 355.8 362.9 363.8 371.5 378.7 381.1 382.6 380.7 383.2 390.5 395.8 398.7 406.1 409.7 418.4 426.4 434.9 438.2 445.3 455.4 471.6 495.1 500.1 441.7 407.1 392.2 378.7 362.9 351.3 348.2 340.7 338.5 339.4 338.7 328.4 321.6 323.3 324.7 324.4 331.5 337.3
473.4 451.8 434.4 421.2 407.6 399.3 397.4 393.1 385.8 370 367.4 368 367.7 370.4 372.8 372.1 368.9 366.6 365.6 363.1 361.4 359.6 359.1 355.6 353.3 352.6 352 349.8 347.9 347 347 350.4 351.7 349.8 348.1 341.3 325 338.1 348.4 350.1 355 360.3 363.9 370.6 377.1 373.8 378.6 381.9 387.5 389.7 391.9 400.4 405.6 412.2 421.2 424.7 433.6 444.6 461.3 487.8 464 422.8 394.3 381.9 371.5 354 342.4 334.8 328.2 327.6 324.4 320.5 320.7 312.5 309.5 306.6 308.5 309.4 310.8
473.1 453 433.1 418.7 406.1 401.5 401.6 397.7 388.2 381.2 355.8 355.3 358 361.2 364.6 366 364.9 362 360.5 357.6 354.4 349.5 350.1 347.7 344.8 342.9 337.6 341 337.6 337.3 338 339 339.4 339.7 340.3 333.9 323.6 328.7 336.3 345.7 346.3 352.1 353.6 358.4 364.3 361.9 367.7 375.9 377.9 381.1 383 394.5 400 401.2 400.8 412.7 422.6 431.7 447.7 468.8 465.7 407.1 388.6 372.9 359.6 344.2 333.2 322 315.6 312.4 313.5 306.7 306.5 303.8 300.6 297.1 294.4 295.2 296.1
478.1 451.9 427.4 413.5 406.9 404.4 405.8 398.7 386.5 374.3 367.9 351.6 346 349.1 351.9 354.8 356.5 356 354.2 350.8 346.5 342.8 342.7 340.2 334.1 331.1 328.1 326.9 327.5 328.2 327.2 327.5 329.2 332.7 331.3 326.5 316.4 321 323.1 328.9 332.3 337.8 343.2 348.1 350 358.4 361.3 366.5 370.7 373.5 376.2 379.9 386 388.8 390.7 399.7 407.7 417.7 431.4 448.1 455.7 409 373.5 362.7 348.2 330.2 319.8 311.2 302.3 304.2 299.6 295.6 291.9 293 291.3 287.2 284.6 284.1 286.5
478.6 453.4 423.3 413.8 410.2 410.5 403.2 393.2 380.6 374.3 368.1 358.9 350 340.8 336.7 343.3 345.7 346.1 345.8 345.2 338.8 331.6 327.8 328.8 325.3 320.8 319.8 319.4 318.2 316.9 316.2 316.8 320.4 322.9 321.3 321.5 313.3 316.4 316.3 319.3 320.4 327.3 332.8 334.9 339.1 346.7 352.9 356 361 365.3 369.8 372.5 373.6 376.1 377.6 385.5 393 399.9 410 425.1 443.8 426 379.6 353 345.2 322.6 314.2 306.8 290.6 291.4 287.1 285.5 285.2 283.1 282.8 280.1 280.2 280.2 277.7
476.2 450.5 427.5 416.6 410.5 406.9 397.5 390 380.8 376.3 368.8 360.4 355.9 348.4 338.4 331.4 333.4 334.8 337.9 337.1 327.3 325 323 320.6 318 316.1 314.5 315.8 315 311.5 309.7 309.1 310.7 312.8 310.7 314.6 302.5 311.6 310.1 311.4 310.8 314.9 321.5 326.1 329.2 335.9 339.5 341.3 348.5 355.2 361.9 367.1 363.4 366.3 368 371.3 379 389.3 397.7 408.5 429.2 435.9 398.9 354.5 337.5 331.1 320.4 307.7 293.3 288.8 287.6 285.7 284.5 283.3 280.4 277.3 273.6 273.5 271.4
479.5 457.4 428.8 414 409.4 403.9 391.6 385.1 377.8 370.7 363.3 360.6 354.4 350.8 345.1 331.4 323.5 328.2 327.6 329 322.9 321.1 320.3 313.8 310.5 308.8 305.8 305.3 303.8 303.5 303.9 303.5 301.3 300.4 303.8 305.1 297.7 307.1 305.3 305.6 305.8 307.6 306.1 314.2 317.2 322.8 326.3 327.7 336.4 345.3 351.9 350.4 350.9 351.7 356.3 358.5 369 374.2 369.3 385.4 402.1 393 382.9 361.9 334.7 326.4 315.2 303.7 290.6 288.9 287.3 285.2 284 283 279 269.3 266.3 264.4 263.4
478.3 460 429.4 412.3 403.3 395.2 387.1 378.7 371.7 366.2 362.6 357 352.8 348.3 338.7 327.5 325.3 319.2 320.6 316.9 317.2 310.9 308.9 309.2 305.1 303.1 303.2 296.4 298.9 298.1 299.4 298.5 300.2 298 297.1 291.6 292.4 301.8 298.7 299.5 301.8 301.2 301 303.6 304.2 310.2 316.3 315.8 325.7 333.6 334.1 328.7 333.5 342.6 346.7 345.1 355.6 351.1 349.7 354.6 353.2 361.9 360.4 350.9 335.4 326.5 305.3 297.6 294.6 296.9 292.4 287.3 283.9 281.2 277.9 268.1 263.1 263.6 264.6
481.4 461 433.3 411.3 401.6 389.3 382.1 375.4 371.1 364.7 357.6 352.9 349.6 343.7 332.4 325.1 314.5 311.4 314.9 312.3 313.4 308.8 306.5 300.2 298.8 297.4 295.7 292.5 291.6 290.6 290.6 288.5 287.1 287 292.5 287.6 286.8 296.3 292.1 293.1 298.2 295.3 294.3 295.8 297.7 300.9 300.8 301.5 309.7 314.6 313.6 313.1 319.4 329.6 329.4 330.2 334.4 338.6 336 340.9 337.9 348.5 344.6 345.1 332.6 318 305.4 298.1 304.7 309.4 301.9 298 288.2 280 273.6 267 262.4 264.6 264.6
483 458.4 432.8 410 398.5 383.9 375 369.6 364 358.3 354 345.8 336.4 332.2 330.9 327.9 321.4 303.6 306.1 305.6 303.6 304.3 301.5 294.6 292.1 290.2 287.3 286 284.7 284.8 283.2 282.3 282.7 281.4 283.9 281.4 282.5 288.5 287.8 288 289 292.7 289.6 289.9 289.6 291.8 294.4 296.2 296.2 299 300.7 305.4 306 309.1 307.4 312.9 316.1 313.3 314.3 324.6 322.7 331.4 335 334.7 331.4 308.3 297.7 308.2 321.3 322.9 315.8 307.5 296.6 285.6 277.7 266 264.6 264.6 264.6
472.1 454.4 423.4 403.9 389.2 377.1 367 360 355.9 349.4 343.3 333.1 331.6 331.7 333 332.1 322 314.9 306.3 298.8 294.9 293.4 295.3 294.3 289.4 285.1 283.6 283.1 280.9 280.6 280.1 279.3 276.6 276.3 277.5 278.4 279.2 285.4 281.1 283.1 282.5 286.7 283.4 285.9 285.6 285.6 287.4 289.1 288.5 292.8 294 295.4 298.2 299.4 297.7 302.4 309.4 302.5 305.5 315.5 316.2 320.5 327.1 329.7 329 314 294.7 310.3 322.9 327.5 323.1 314.8 303 291.4 281 271.2 262.6 264.6 264.6
461.5 438.2 417.3 394.3 379.6 373.7 364.3 354.3 347.4 339 336.1 330.2 334.2 338.2 326.4 317.2 315.8 316.3 310.2 305.9 297.7 290.3 287.8 287.2 284.9 282.5 282.9 279.5 279.3 277.7 276.7 276.1 275.4 273.3 275.9 276.5 276.9 275.5 275.7 276.5 278.9 279.4 278.2 277.8 279.7 280.9 280.2 283.6 285.3 282.9 284.8 290.8 291.4 290.9 292 289.5 291.8 292.8 292.4 305.9 309.3 314.9 315.8 321.6 321.3 302.6 291.2 308.7 312.2 315.5 316.9 316.6 307.5 298.7 288 278.4 270.7 263.2 264.5
449.4 427.6 409.2 392.1 373.5 364 356.1 345.6 336.2 328.9 325.4 327.3 332.2 320.4 313.6 309.4 311.4 311.8 309.2 302.8 293.7 289.8 285.5 284.1 282.1 280.2 279.4 277.8 277.2 276.3 276.2 276 275.6 275.2 274.7 275.3 274.9 273.9 274.1 275.4 276.1 277 275.6 276.1 277.1 276.1 277.8 277.6 276.8 277.7 278.8 282 287 285.4 283 283.8 288.7 290.8 290.2 300.7 302.8 305 307 306.5 300.7 287.6 289.9 306.1 310.4 308.7 312.5 314.4 307.1 298.2 290.8 282.3 273.1 267.5 265.8
429 415.6 402.5 383.1 371.7 359.8 348.6 340.4 328.7 326.9 321.7 321.5 318.4 312.1 305.6 301.2 295 292.3 290.8 286.6 285 284.5 283.2 282.2 280.6 279.6 278.7 277.5 278 277.4 277 276.6 276.2 275.9 272.4 274.1 273.8 273 272.1 272.3 272.2 273.9 273.8 274.7 277 276.4 272.7 274.6 273.2 272.9 273.2 276.9 277.3 275.2 275 274.5 279.1 288 287.7 300.8 303.1 296.9 293.6 288 283 283.1 297.9 307 309.3 305.7 309.1 309 304.8 296.7 291.3 283.1 273.2 269.8 268
408.2 398.8 388.3 375.9 366 355.6 344.9 335 328.9 321.9 319.3 314.4 313.1 305.7 298.2 295.1 291.1 288.5 284.8 282.9 283.1 281.5 281.1 280.8 279.9 279 278.5 278.3 278.7 278.3 278.1 277.4 276.7 276.1 275.3 273.1 273.1 273 271.9 270.9 270.9 271.5 272.3 272.3 271.9 272.3 271 270.7 271.5 271.2 270.9 271.6 273.3 272.3 270 269.6 274 286.9 285.5 283.8 289.4 286.7 285.6 279.8 281.1 287.6 297.7 304.7 305.2 304 308.1 299.7 292.1 283.6 280.6 275.1 271.1 269.3 266.9
382.6 381.9 376.2 366.1 356.9 348.7 338.9 331.7 323.7 316.8 312.7 306.8 298.7 295.6 291.7 289.8 288.6 284.8 283 282 281.2 280.3 279.7 279.1 279.8 280.7 281.3 281.4 281.3 279.5 279.2 278.4 276.8 276.1 275.4 275.2 272.5 272.2 271.9 270.9 270.2 270.1 270.3 270 271.4 270.9 270.3 269.8 269.3 269.6 270.1 269.6 269.6 269.6 268.8 267.3 266.8 279.2 282.9 287 280.9 275.9 273.8 278.4 277.9 285.8 295.3 300.7 298.9 297.5 294.2 286.3 278.6 267.1 268.1 265.8 265.8 265.1 263.9
369.2 368.2 363.3 356.3 348.2 338.7 328.4 320.9 317.1 311.1 304.9 298.3 293.3 287.9 284.9 283.4 283.3 281.3 282.1 280.2 281.7 282.5 284.9 285.6 285.9 287.9 286.8 288.9 289.4 285 282.7 279.5 277 276.1 275.7 274.8 271.7 271.6 271.2 270.6 270.3 270 269.6 268.5 269.6 271.1 270.7 270.1 269.5 268.4 268.3 268.7 267.7 266.6 265.5 265.9 264.7 266.4 266.1 264.6 264.3 264.1 270 276.3 276.5 281.5 286.1 293.2 296.7 282.6 275.7 274.2 270 264.7 264.7 264.4 264.7 261.9 263
353.1 356.5 351.1 348.7 345.5 331.7 320.4 316.4 309.7 304.3 297.8 291.9 287.4 285.4 285.4 285.5 284.5 284.4 284.5 284.6 285.3 288.5 289.7 291.8 295.2 295.8 296.1 303.7 295.2 294.1 292.6 287.5 281.5 280.1 276.7 276.3 275.6 274.5 271.6 269 272.5 269.9 269.8 269.2 269.7 270.8 270.7 270.2 270.1 269.7 268.2 267.4 267.3 265.7 265.2 265.2 265 264.8 264.6 264.4 264.1 264.6 264.7 263.6 263.9 267.9 277.2 281.5 280.3 267.7 266.3 265.5 264.5 265.7 266.5 266.9 268 271.1 274.8
341.3 339.5 334.5 330.4 330.4 321.6 310.3 301.2 300 294.5 291.9 288.8 287.1 287.9 288.5 288.3 288.3 288.7 287 288.8 290.5 296.4 298.1 300.4 301.2 301.8 304.3 308 302.3 301.7 299.2 294.8 294.7 292 287.5 285.6 283.5 279.9 277.7 276.4 276 270.4 269.9 269 268.2 271.1 270.2 269.6 269.7 269.5 266.7 266 265.6 265.4 265.3 265.2 265.1 264.8 265 264.5 264.3 264.4 264.2 264.1 263.7 263.7 263.8 264.8 266.8 265.4 264.9 262.5 268 268.9 269.1 270.9 275.6 280.1 280.4
332.7 323.9 319.3 314.5 314.6 309.6 299 294.2 293.3 292.7 289.8 286.1 290.1 291.3 291.6 290.8 290.3 292.8 294.8 299.1 297.4 301.4 303.4 307.9 305.7 308.2 311.5 312.2 307.7 306 306.3 306.4 305.2 303.2 298.8 297 295.1 290.8 288.7 286.2 281.2 279 272.6 268.4 268.2 268.3 268.6 269.5 268.4 266.5 266.3 266 265.6 265.4 265.3 265.2 265.1 264.8 264.9 264.6 264.4 264.3 264.2 264.3 264 264 262.5 264.4 264.9 262.5 263.9 269.1 272.4 274.5 278.5 282.6 288.9 292.4 287.5
317.7 310.6 305.5 302 300.1 297.9 293.5 292.3 292.9 290 287.8 291.5 295.3 299 298.4 300.3 301.4 302.8 307.1 308.9 306.1 309 309.9 311.9 313.1 314.7 316.3 315.4 314.6 315.2 318.2 318.5 316.5 314 311.9 309.6 306.3 303 298.4 295.7 289 283.6 280.6 276.4 270.1 267.9 266.6 267.8 266.9 266.5 266.5 266.1 265.7 265.6 265.3 265.2 265 264.9 264.7 264.4 264.2 264.3 264.3 264.4 264.2 263.7 264.4 264.3 264.3 265.2 270 273.2 277.2 283.4 289.3 295.2 299 300.4 299.2
299.6 296.7 293.1 293.7 292.9 291.8 290.5 291 289.5 288.2 290.2 300.6 303.2 308.3 307.7 310.1 311.6 313 315.4 313.7 316 316.8 316.9 318.9 320.1 322.3 323.4 320.9 321.3 321.9 325.6 325 324 323.5 320.8 319.3 316.5 312.7 306.6 304.6 297.8 290.9 285.2 282.6 279.4 269.5 267.6 267.4 267 266.5 266.7 266.1 265.8 265.7 265.5 265.2 265 264.7 264.5 264.3 264.2 264.3 264.4 264.3 262.4 264.3 264.4 264.6 264.8 269.3 275.4 278.7 282.4 293.4 300 306.5 309 307.7 305.5
296.5 294.7 295.7 295.2 294.6 294.1 293.1 292.4 290 290 297.2 307.5 308.6 311.7 315.1 317.4 318.2 318.9 320.4 320.2 321.9 322.9 325.2 328.7 329.7 330.9 331.3 329.1 327.8 327.7 331.2 331 330.6 331.1 328.2 328.4 326.8 323.2 315.1 309 306.3 301 289.8 282.1 283.5 279.3 270.7 268.3 267.1 266.5 266.8 266.1 266 266.2 265.6 264.5 265 264.9 264.5 264.5 264.4 264.3 263.9 264.2 264.4 264.5 265 265.9 273 282.2 285.7 287.4 296.2 304.7 313.3 314.8 316.7 314.9 313.1
296.3 296.5 295.9 295.3 294.8 293.6 292.6 291.1 289.5 293.2 302.5 307.7 312.5 315.4 319.8 321.9 324.2 324.9 325.4 324.6 326.5 330.5 333.4 335.7 336.2 337.6 338 337.8 336 336.4 337.8 339.4 339 339.2 336.4 336.3 334.4 329 323.4 319.8 316.4 309.9 304 292 289.3 289.2 278.2 277.9 273.7 269.8 267 265.6 266.3 265.5 266.7 265.6 265 263.1 265.4 265.7 264.3 262.8 264.4 264.6 264.7 265.4 268 276.4 286.2 292.6 294.4 298.6 304.8 312.3 316.6 320.5 323.8 323.3 321
297.5 296.6 295.4 294.7 294 293 292.1 291.3 295.3 301.4 307.5 313.3 316.1 319.8 324.1 327.3 329 329.3 329.1 330.2 333.2 336.2 339 340.4 341.4 342.9 345.1 350.6 342.9 344 344.9 349.6 348.4 345.7 342.9 343.2 340.6 333.9 328.6 323.6 321.3 317.2 310.5 300.5 298.1 296.5 284 287.6 284.4 276.7 271.2 268.5 268.2 268.6 268.5 266.6 274.7 274.5 274.4 275 269 265.8 267.4 268.8 272.2 276.3 280.8 288.2 294.5 299.7 300.2 308.7 315.8 319.2 322.7 326.1 327.9 327.9 326.4
296.4 296 295.7 295.2 293.6 294.9 293.1 297.2 305.6 308.4 314.6 317.6 322.7 325 327.8 330.4 332.8 334 334.3 336.9 339.5 341.7 343.1 345.1 347.3 349.1 352.7 351.8 349.2 349.9 350.4 354.6 354.1 351.6 349.6 346.7 342.5 336.9 333.6 328.1 323.9 320.5 315.7 311.1 306.5 302.2 296.5 296 291.6 286.8 281.6 279.1 273.3 271.1 270.8 280.8 282.4 280.4 281.2 282.9 280.9 281.2 281.6 284.3 285.2 288.7 292.2 298.2 303.4 304.9 309.6 318.5 322.7 326.2 328.9 331.3 332.3 332.2 332
297.4 296.9 295.8 295.3 298 298.8 296.2 299.2 304.8 314.7 319 323.5 326.8 327.8 330.9 335.1 338.3 341.5 341.7 343.2 344.9 346.5 349.1 351.3 354 354.1 356.7 356.1 353.6 355.9 355.5 358.8 359.8 355.2 353.6 347.5 342.9 338.3 335.4 331 328.8 325.9 320.4 315.7 310.2 305.7 303.7 300.8 298.5 294.6 292.4 288.6 282.8 276.7 279.8 285.2 287.2 286.6 287.8 287.3 286.9 287.5 289 290.1 292.5 298.5 302.1 309 313.1 313 321.5 326.3 330 332.4 334.6 336 337.4 338.7 339
297.2 297.2 295.5 297.7 299 299.4 302.5 306.1 312.4 318.9 323.8 325.8 330.9 333.5 336.7 342.1 344.3 345.9 346.6 348.3 349.7 351.1 353.2 356.4 359.2 358.1 359.4 361.2 359.4 361.7 360.1 361.1 361.3 359.1 355.5 349.6 343 340.5 336.5 332.6 329.4 326.3 322.3 316.3 313.9 310.2 307 304.4 302.4 302.1 300.9 294.1 290.3 278.4 282.9 290.4 292 292.9 293.3 292.3 292.2 294.4 295.2 295.8 302.3 309.7 315.1 320.8 321 326.1 332.5 335.3 337.1 339.5 341.3 342.1 343.6 343.8 344.2
298.5 300.1 302.2 301.6 305.5 309.7 314.3 318.3 323.2 325.5 328.4 330.3 338 341.9 343.4 346.6 349.3 352.8 354.1 355.5 355.4 355.1 355.9 358.6 364.5 364.6 363.1 365.1 365.4 365.8 367.1 363.2 363.8 361.1 355.9 350.8 344 340.7 336.8 333.2 329.8 325.9 323.1 321.6 318.9 315.9 311.8 308.2 306.1 304.2 301 297.3 285 290.5 290.3 291.2 296 297.5 297.8 298.4 297.9 301.2 302.1 311.4 322.3 318.3 321.2 328.5 329 332.7 339.2 340.5 342.5 345.8 347 347.1 348.2 353.9 354.6
