Game/Highland_Data/StreamingAssets/GeoData/Data/no/NO10.asc
ncols 200
nrows 200
xllcorner 310000
yllcorner 700000
cellsize 50
[rows 105 to 139 of 200, columns 78 to 155 of 200]
114.4 113.5 113.1 113.2 113 112.4 113.3 112.3 112.9 113.8 115.2 115.7 116.2 117.4 119.2 119.6 120.2 120.7 118.5 116.9 115.3 113.6 113.4 115.9 114.6 114.6 114.5 113.9 113.9 114.7 114.9 114.2 114.6 116.1 117.7 119.9 121.4 123 124.5 126.1 128.4 131.3 131.9 134.9 137.4 138.5 138.4 140.6 142.6 145.1 146.6 149.4 150.3 151.7 154.2 157.6 160.8 162.3 163 162 171.2 168.7 176.2 180.5 183.8 186.7 190.4 195.8 201.4 206.2 209.3 209.2 209.7 211.4 212.3 214.2 215.4 218.3
114.6 113.6 113.4 113.2 113 112.9 112.9 112.7 113.2 114.2 115.5 116.8 118.4 119.2 118.6 118.6 119.2 120.3 119.2 116.4 117 115.4 113.5 113.5 113.9 112.2 112.4 112.3 112.3 112.4 112.8 112.8 113.4 115.6 116.7 118.2 120.9 124 126.5 128.5 131.5 135.2 135.9 135.7 137.7 138.5 139.4 140.5 142.9 144.5 146.3 148.5 150.6 152.1 154.8 156 155.7 158.2 160.8 166.2 171.4 174 176.3 179.6 182.8 185.4 189.1 193.6 198.5 204.2 207.9 208.2 208.6 210.8 212.9 215 216.4 219.2
114.2 113.4 113.3 113.1 112.6 112.3 112.6 114.5 114.1 114.9 116.8 117 117.9 117.9 118.9 117.8 118.8 119.6 118.7 114.2 114.2 113.3 113.4 113.6 112.8 112.9 111.4 111.6 111.8 111.7 112 112.1 112.7 113.5 115.8 118.8 121.5 125 128 130.8 135.2 137.7 137.5 137 137.6 138.5 139.2 140.1 141.8 143.6 145.4 147.4 148.3 148.9 152 155.4 159 163.2 166.9 168.7 171.5 174.3 176.4 179.8 182.3 184.8 187.4 190.7 195.3 198.7 203.4 205.9 205.3 207.3 211.7 214.3 215.5 219.4
113.5 113.4 113.3 113.1 112.7 113 112.6 115.2 116.1 116.5 116.9 116.6 116.7 116 116.8 116.6 117.3 119 118.7 116 112.9 112.8 113.3 113.6 113.8 112.8 111.5 111.6 111.7 111.5 111.2 111.7 112.3 112.8 115.8 119.4 122.2 125.9 129.6 133.6 137.4 138.5 137.9 137.6 137.5 138.5 139.1 139.7 141 142.6 143.7 145.3 148 152.2 154.5 159.1 164.3 165.3 167.2 169.5 172 173.8 176.9 179.6 182 184.4 185.8 188.7 190 192.4 197.9 199.8 197.9 206 207.3 212.5 215.2 219.1
115.4 113.6 113.3 113.3 112.7 112.6 112.8 115 115 116.5 116.6 115.6 114.8 115.4 115.2 116.1 117.1 118.4 118.7 118.2 114.5 112.8 113.1 112.6 112.9 112.7 111.6 111.4 110.7 110.4 111.2 111.3 111.7 112.3 115.7 119.8 122.9 127.3 131.1 133.3 135.1 136 138.1 137.8 137.8 138.4 138.8 139.5 140.7 141.9 143.9 146.9 148.8 151 156.3 162.5 164.6 166.2 168.2 170.5 171.6 173.3 175.7 179 180.9 182.5 184.5 181.3 180.7 183.9 187 190.7 196.3 200.1 206.1 208.2 212.4 216.6
115.7 113.8 114.9 116.1 113.3 114.8 115.7 115.3 114.7 116.8 117.8 116.1 114.2 115.5 115.8 116.1 117.1 118.1 118.3 118.8 116.5 114.7 112.6 112.6 112.5 112.2 111.9 111.8 111 110.8 110.8 110.4 111.5 111.6 115.8 119.8 122.7 127.2 129.1 130.9 132.8 135.2 137.9 139 137.7 138.2 138.5 139.2 140.3 141.2 143.5 146.1 148.3 152.8 157.8 160.9 165.6 167.3 168.9 170.2 170 173.1 173.5 176.8 178.4 180.5 178 176.2 186.7 191.3 194.2 196.7 197.7 199 201.6 204.5 207.8 212.1
115.4 113.8 116.2 113.3 112.5 113.7 116.7 117.9 117 116.9 117.1 117.7 117.1 116.9 116.6 116.2 116.2 117.6 117.4 118 117.7 117.4 115.6 113.6 112.4 111.7 111.6 111.8 111.4 111.3 111.1 111.2 111 111.1 115.4 120.3 123 125.6 127.3 129 131.2 134.5 137.4 138.3 137.1 136.9 137.7 138.6 139.3 140.9 142.2 144.9 149.3 155.6 161.9 165.1 165.4 166.3 167.5 166.9 169.3 170.8 172.4 174.8 175.5 177.5 172.3 179.1 186 189.6 191.8 191.6 193.8 195.5 199.7 205.3 210.1 214.2
114.2 113.9 112 112.5 113.2 114.7 116.1 117.3 115.8 117.1 117.1 117.3 117 117.3 117 116.3 116.2 117.7 117.6 117.5 118.6 118.4 115.9 115.4 115 114.4 113.8 112.1 111.9 110.8 110.8 111.1 110.8 110 114 118.4 122.7 124.3 125.9 127.6 130.3 134.3 136.4 136.6 136.2 136.3 136.2 137.4 138.2 139.6 140.9 144.7 149.8 156.9 162.5 162.7 162.2 164 163 165.6 167.1 168.4 170.2 173.1 170.3 171.7 172.9 178.2 183 185.4 187.3 186.7 193.3 197.2 200.3 206.1 210.8 216
113.7 114.6 114.2 113.6 120.9 118.9 117.3 116.6 116.7 117.3 117.3 117.4 117.4 116.6 117 116.1 116.9 116.6 117 118.1 120.7 119.7 117.5 116.6 116.1 116.2 116.5 115.8 116 113.5 111.5 110.6 110 111.6 113.1 117.2 120.6 123 124.6 126.2 129.3 133 135.3 135.2 136 135.5 135.8 136.2 137.7 138 139.8 144.1 150.6 156.3 160.2 160.3 160.9 162.1 159.8 163.9 164.6 165.6 167.2 166.1 171.1 176 178.7 180.8 182.4 184.2 182 185.7 191.7 194.8 201.8 204.9 209.3 220.3
112.4 117.6 118.7 120.4 120.9 121.1 119.2 120.5 120.2 117.9 117.5 117.4 117.2 116.6 116.3 116.1 115.8 116 117.6 118.1 119.3 119.3 118.5 116 115.5 115 116.4 116 114.9 114.8 114.1 111.1 110.6 111.4 112.7 115.5 118.4 121.7 123.4 124.9 127.1 130.5 131.6 133.4 135.5 135.9 134.7 135.5 136.4 136.4 139 143.8 149.9 153.9 157.8 159.9 159.9 158.8 158.1 162.1 163 163.1 162.5 164.2 170 174.7 178.4 178.6 175.8 177.8 181.5 186 192.1 197.9 200.1 204.2 210.9 217.3
112.4 117.2 118.2 122.3 123.7 120.9 118.4 119.8 120.8 117.4 122.1 122.5 119.3 118.3 118.2 117.3 115.8 115.6 116.5 118.7 118 118.4 118.5 115.9 113.8 113.4 115.2 116 115.4 115.1 114.6 112.1 110.4 110.7 111.9 113.7 117.2 120.2 122.2 123.7 124.9 127.9 130.1 132.6 134.9 136 134.2 134.7 135.1 135.5 137.9 143.3 149.8 154 157.9 158.9 157.8 156.1 157 159.7 161 161.7 160.8 164.2 167.7 172.3 175.5 171.8 175.8 180.4 183.4 187.6 191.2 192.8 199.9 207 213.8 218.1
114.1 114.4 116.5 123.4 125 120.7 117.9 117 117.9 117.6 120.1 118.8 117.9 116.8 115.9 116.4 116.2 115.3 116.5 118 117.9 117.8 118.2 117.4 114.1 112.9 114.7 115.2 115.7 115.4 115 113.8 110.5 111 111.5 112.7 115.1 118 121 122.3 123.5 125.4 128.6 130.4 133.1 134.6 133.6 135.1 134.9 134.9 136.8 141.4 147.5 155.1 156 158.9 156 155.6 156.6 158.1 159.4 158.5 160.3 162 165.6 169 168.1 174.5 178 180.4 180.6 182 188.5 196.2 202.5 210.2 214.4 220.5
116 111.9 115.2 118.3 125.5 121.5 117.2 115.3 115.1 115.1 116.6 115.5 116 114.6 114.5 114.8 115.6 115.7 114.9 117.1 118.9 118 118.3 117.7 115.6 113.4 113.6 114.2 115.2 114.3 113.3 114.5 112.4 110.4 110.5 111.3 113.4 117.1 120.2 120.8 121.6 123.8 126.5 128.5 131.2 132.6 132.7 133.3 133.9 134.1 135 138.4 144.9 152.8 155.9 156 154.3 153.3 154.9 155 157.9 156 159.9 160.4 161.5 164.8 170.8 173.3 175.5 175.4 179.4 186.2 190.3 194.6 199.1 205.8 213.3 218.4
113.8 112.8 114.2 114.1 118.5 121.7 119.5 116.2 116.4 115.9 116.5 116 114.7 114.5 114.8 115.2 115 114.5 114.1 116.8 119.8 116.5 117.3 117.2 118 113.7 111.4 112.8 112.9 113.7 113.1 114.5 115.1 112.9 110.5 111 112.1 115.7 118 118.2 121.5 122.3 124.2 127.7 129.5 130.2 130.5 131.7 132.9 133.7 134.1 137.8 142.8 148 152.9 154.2 152.6 151.8 153 153 154.2 156.1 159.2 158.3 159.9 164.2 169.6 170.3 170.3 176.9 180.6 182.6 184.1 190.8 195.5 201.5 208.2 220.8
111.8 114.2 113.3 113 113.5 115.2 122.7 121.5 120.9 121.2 121.4 119.6 117.1 118.8 121.4 121.5 116.3 115.1 115.6 118.6 118.7 115.7 114.2 116.3 118.8 114.1 111.1 111 112.6 113.8 114.4 113.8 113.9 115.3 114.8 110.6 112.7 115.1 116 116.2 117.7 121.1 122.6 124.4 125.9 126.6 127.9 130.2 132.4 132.2 132.3 134.7 139.4 144.2 148.9 151.7 151.7 150.6 151.1 150.9 151.8 156.6 156.9 156.1 159.9 163.4 165.6 166.1 170.4 172.9 174.4 177.8 186 192.6 199.3 203 207.6 213.2
113.1 111.3 110.2 113.8 110.6 111.7 113 113.2 113.2 116.4 120.6 122.7 122 122.3 121.7 118.6 115.2 114.4 116.6 118.9 117.6 115.2 114 115.1 119.4 116.4 113.6 112.2 112.9 113.7 114.2 114 113.5 114.5 113.2 112.1 111.2 114.2 115.5 115.2 115.8 117.5 119.9 121 122.3 122.3 127.2 128.3 129.8 130.7 130.2 132.1 135 140.8 146.8 150.1 150.5 149.4 148.5 149.4 149.7 154.4 151.6 154.7 155.7 161 161.8 164.9 168 171.7 175.4 180.2 184.8 189.5 195.7 199.4 204.4 217.1
109.9 110.5 110.6 111.2 111.6 110.4 109.2 109.2 109.5 109.9 111.3 113.3 115.4 114.4 113.5 112.9 113.8 116.3 117.2 117.3 117.5 117.2 115.1 115 115.8 115.6 112.5 112.3 111.6 111.6 111.9 112.1 113.3 113 112.6 110.8 110.7 113.8 115.2 115.3 115.7 116 116.8 118.7 119 120.6 123 125.4 126.9 128.3 127.5 129.6 132.2 136.8 142.8 146.9 147.8 146.5 145.6 146 148.1 150.2 149.4 155.5 159 162 165.7 169.1 171.7 174.8 178.2 182.9 188.4 190.3 194.6 201.9 211.6 225.3
108.8 109.6 108.9 109.7 109.3 109 108.3 108.8 107.7 107.9 109.2 109.3 110.6 112.1 113 112.2 112.7 117.7 116.9 114.2 115.4 115.8 115.3 114.4 112.7 115.7 115.9 112 110.6 110.6 110 109.9 110.5 110.9 111.3 110.3 110.5 112.3 114 114.9 115.3 115.5 115.7 115.6 117.1 118 119.2 121 121.9 124.4 124.8 128.3 131.3 133.9 138.3 142.9 145.1 144 144.6 143.7 144.6 146.8 151.6 156 159 161.8 166.3 170.1 173 176.3 179.7 184 189.2 193 200.3 205.7 206.6 213.1
107.4 107.4 108.4 108.2 107.3 107.1 107.5 107.8 107.8 107.3 107.4 107.6 108.6 109.6 110.7 111.3 110 109.3 110.1 113.9 111.7 112.7 112.6 113.5 113.7 117 117.5 113.3 111.2 110.1 109.2 109.3 109.2 110.4 110.4 109.1 111 112.1 113.6 114.2 114.2 114.4 114.6 115.9 116.1 116.2 116.6 118.7 119.6 121.5 124.3 127.9 130.3 132.2 135.1 138.5 141.3 142.3 140.6 141.3 143.5 146.2 150.8 154.4 158.3 161.1 167.3 170.8 173.8 176.8 179.2 183.1 187.4 191.2 195.7 197.5 204.1 214.3
106.7 106.7 106.7 106.7 106.7 106.7 106.7 107.5 107.5 106.7 106.7 106.7 107.5 108.8 109.1 109.6 108.7 108.7 108.8 109.2 109.5 111.6 113.3 113.7 115.7 119.4 119.2 115.7 113 110.2 109.3 109.3 109.3 109.9 109.9 109.7 110.2 111.5 112 113.2 113.6 113.6 114.4 115.3 116.1 115.6 116.1 117.3 119.2 120.1 122.6 125.4 128.9 131.1 132.7 135.7 134.1 138.5 143.3 143.8 144 144.7 147.6 152 156.4 161.9 166.3 170 172.8 175.8 178.4 181.8 184.7 187.8 191.8 197.1 200.7 205.7
106.7 106.7 106.7 106.7 106.7 106.7 106.7 106.7 106.7 106.7 106.7 106.7 106.7 107.9 108 108.6 108.4 108.5 107.9 108.4 108.5 108.7 109.7 113.1 116.4 120 119.1 115.8 113.5 111 109.5 109.2 109.3 109.5 109.4 109 109.8 110.3 111.4 111.9 112.4 112.9 113.4 114.3 114.9 114.7 115.7 116.2 117.2 118.1 121.2 123.1 126.8 130.1 131.2 130.9 134.2 138.8 142.7 142.3 142.7 144.5 145.8 149.9 155.2 161 166.2 168.4 170.6 172.6 176.5 179.2 183.1 188.5 190.6 193 196.4 202.7
106.7 106.7 106.7 106.7 106.7 106.7 106.7 106.7 106.7 106.7 106.7 106.7 106.7 106.7 107.4 107.8 107.6 108 107.9 107.5 107.8 108.4 109 109 115.4 116 117.9 114.4 112.6 111.3 109.7 109.5 109.3 109.8 109.7 109.8 110 110.8 111.4 111.4 111.8 112 112.4 113.3 113.8 114.1 114.6 115.1 115.7 117.7 118.8 121 124.4 127.2 128.7 128.7 131.3 135.8 139.7 141.1 140.4 142.5 145.2 148.1 154 159.9 163.3 165.4 167.8 168.4 172.4 178.5 181.9 182.3 188.8 191 190.3 195.3
106.7 106.7 106.7 106.7 106.7 106.7 106.7 106.7 106.7 106.7 106.7 106.7 106.7 106.7 106.7 106.7 106.7 106.7 107.5 106.7 107.1 107.5 108.6 108.5 109.3 114 113.8 112.3 112 111.4 110 109.7 109.4 109.4 109.6 110 110.3 110 111.1 111.6 111.3 111.7 111.7 112.9 112.7 114.2 114.3 114.4 114.3 116.4 117.2 119.7 122.8 124.4 125.4 126.3 129 132.8 137.9 139 138.8 141.3 143.5 147.1 150.8 155.7 160.2 163 164.3 166.9 168.6 175.5 176.5 178.9 179.4 184.5 193.7 207.4
106.7 106.7 106.7 106.7 106.7 106.7 106.7 106.7 106.7 106.7 106.7 106.7 106.7 106.7 106.7 106.7 106.7 106.7 106.7 106.7 106.7 106.7 106.9 108.4 108.4 109.3 112.3 111 110.1 110.9 110.2 109.9 109.6 107.8 109 109.1 109.5 109.9 110.7 111.2 111.1 111.4 111.2 111.8 113 113.6 113.4 113 114.4 115.6 117 118.6 121.4 122.2 123.8 125.5 128 130.8 133.3 134.7 138.9 140.6 142 145.1 148.4 154.3 157.6 160 162.4 163.6 167 171.7 171.3 172.6 182.2 189.8 196.8 204.1
106.7 106.7 106.7 106.7 106.7 106.7 106.7 106.7 106.7 106.7 106.7 106.7 106.7 106.7 106.7 106.7 106.7 106.7 106.7 106.7 106.7 106.7 106.7 106.7 108.4 108.4 109.6 110.5 110.2 110.7 110.3 109.7 109.5 109.4 109.6 109.6 109.9 110.1 110.4 110.8 111.1 111.2 111 111.9 112.3 112.9 113 113.7 114 115.1 116.5 117.9 120 121.5 123.9 125.3 127.3 128.4 130.4 132.6 136.7 139.2 141.5 142.5 147 149.5 154.2 155.4 158.7 159.4 162.1 165.2 169.7 173.2 180.6 186 185.6 188.5
106.7 106.7 106.7 106.7 106.7 106.7 106.7 106.7 106.7 106.7 106.7 106.7 106.7 106.7 106.7 106.7 106.7 106.7 106.7 106.7 106.7 106.7 106.7 106.7 106.7 107.3 109.1 109.2 109 108.9 108.8 109.1 109.1 109.2 109.4 109.7 109.2 109.8 109.9 110.3 110.7 111 110.9 111.5 111.9 112.3 112.3 113.1 114.2 114.8 116 117.4 119.3 121.4 122.8 124.4 126.6 127.2 128.8 129.7 134.1 137.8 139.9 141.7 143.4 145.6 148.9 152.7 155 156 156.3 160.9 163.3 171.3 174.7 174.2 180.6 188.3
106.7 106.7 106.7 106.7 106.7 106.7 106.7 106.7 106.7 106.7 106.7 106.7 106.7 106.7 106.7 106.7 106.7 106.7 106.7 106.7 106.7 106.7 106.7 106.7 106.7 106.7 107.4 108.9 109.3 109 109 109 109.2 109.1 109.1 109.4 109.2 109.6 109.5 109.9 110.3 110.5 110.8 111.3 111.6 111.2 112.5 113.2 113.8 114.6 115.7 117.1 118.8 120.6 122.1 123.8 125.9 126.4 127.3 128.4 130.7 133.8 137.5 138.9 140.9 142.7 145.4 149.7 151.3 152.2 153.4 156.5 163.9 167.4 168.5 174.8 181.4 189
106.7 106.7 106.7 106.7 106.7 106.7 106.7 106.7 106.7 106.7 106.7 106.7 106.7 106.7 106.7 106.7 106.7 106.7 106.7 106.7 106.7 106.7 106.7 106.7 106.7 106.7 106.7 108.5 108.9 108.8 108.3 107.8 108.5 109.2 109.6 109.7 109.1 109.6 109 110 110.3 110.5 110.4 110.6 110.6 111.2 112.2 112.9 113.5 113.8 114.9 116.8 118 119.7 121.4 123.4 125 125.4 126 126.5 128.1 131.4 134.3 135.9 137 140.4 141.6 146.3 147 148.1 150.1 154.2 159.7 161.1 167.1 173.9 181.4 187.8
106.7 106.7 106.7 106.7 106.7 106.7 106.7 106.7 106.7 106.7 106.7 106.7 106.7 106.7 106.7 106.7 106.7 106.7 106.7 106.7 106.7 106.7 106.7 106.7 106.7 106.7 106.7 106.8 107.8 108.4 108.4 106.7 108 108.2 108.5 109 108.3 108.5 109.1 109.3 110.1 110 109.9 110.8 110.7 111.3 111.8 112.3 112.6 112.8 113 114.1 116.1 118 121.1 123.6 124.7 125.2 125.2 125.6 126.4 127.6 131.3 132.4 133.8 136.5 138.4 141 144.3 145.6 147.2 150.7 154.9 159.2 164.6 169.9 177.5 183.8
106.7 106.7 106.7 106.7 106.7 106.7 106.7 106.7 106.7 106.7 106.7 106.7 106.7 106.7 106.7 106.7 106.7 106.7 106.7 106.7 106.7 106.7 106.7 106.7 106.7 106.7 106.7 106.7 106.7 106.8 107.8 106.7 107.7 107.8 108 108.3 108.8 108.8 108.9 109.2 109.6 109.8 109.9 110.5 111 111.1 111.2 111.4 111.6 111.9 112.3 113.3 114.7 117.4 120.6 123.2 123.6 124.1 124.3 124.9 125.7 126.7 128.2 128.8 131.7 134.7 136.6 138.9 142.3 144.1 147.1 149.8 152.7 157.5 162.3 167.1 173.5 180.5
106.7 106.7 106.7 106.7 106.7 106.7 106.7 106.7 106.7 106.7 106.7 106.7 106.7 106.7 106.7 106.7 106.7 106.7 106.7 106.7 106.7 106.7 106.7 106.7 106.7 106.7 106.7 106.7 106.7 106.7 106.7 107.7 107.8 107.9 108.4 108.3 108.4 108.5 108.6 108.8 108.9 108.9 109.3 110.2 110.6 110.9 110.9 111 111.1 111.1 111.8 112.5 113.8 115.7 119.1 122.3 121.9 123.2 123.7 124.7 124.9 125.8 126.5 128.9 130.7 132.8 135.2 137.3 140.4 143.1 146 148.7 152.1 155.4 159.8 164.5 170.5 175.2
106.7 106.7 106.7 106.7 106.7 106.7 106.7 106.7 106.7 106.7 106.7 106.7 106.7 106.7 106.7 106.7 106.7 106.7 106.7 106.7 106.7 106.7 106.7 106.7 106.7 106.7 106.7 106.7 106.7 106.7 106.7 107 108.1 108 107.7 107.8 108 108.2 108.3 108.3 108.8 108.6 109.3 109.7 109.9 110.1 110.5 110.8 110.1 111 111.3 112 114.1 116.4 118.4 119.9 121 121.9 123.1 123.8 124.1 124.8 127.1 128.7 130.5 132.5 134 135.1 138.4 140.6 143.5 146.8 150.3 152.3 156.1 160.9 165.4 168.6
106.7 106.7 106.7 106.7 106.7 106.7 106.7 106.7 106.7 106.7 106.7 106.7 106.7 106.7 106.7 106.7 106.7 106.7 106.7 106.7 106.7 106.7 106.7 106.7 106.7 106.7 106.7 106.7 106.7 106.7 106.7 106.7 106.5 107.3 107.1 107.3 107.5 107.9 108 108.1 108.7 108.5 109.1 109 109.4 109.5 109.6 110.1 110.9 111.3 111.6 112.2 114.3 116.6 117.4 119 120.2 120.4 121 122.2 123.4 124.7 126.5 128.4 129.3 130.4 131.6 133.3 136.7 137.7 142.1 143.9 146.9 150.8 152.5 156.9 160.9 167
106.7 106.7 106.7 106.7 106.7 106.7 106.7 106.7 106.7 106.7 106.7 106.7 106.7 106.7 106.7 106.7 106.7 106.7 106.7 106.7 106.7 106.7 106.7 106.7 106.7 106.7 106.7 106.7 106.7 106.7 106.7 106.7 106.7 106.6 106.7 107 107.5 107.8 107.9 107.9 108 108.5 108.7 108.5 108.6 109 109.4 109.6 110.6 111.5 112 112.6 115.2 116.5 117.2 117.9 119.1 119.4 120.7 121.8 123.2 123.8 125.3 126.4 127.7 128.8 129.5 131.7 133.1 136 139.6 142.2 145.8 148.6 149.7 154.8 158.4 163.4
106.7 106.7 106.7 106.7 106.7 106.7 106.7 106.7 106.7 106.7 106.7 106.7 106.7 106.7 106.7 106.7 106.7 106.7 106.7 106.7 106.7 106.7 106.7 106.7 106.7 106.7 106.7 106.7 106.7 106.7 106.7 106.7 106.7 106.5 106.8 107.1 107.5 107.6 107.7 107.9 108 108.2 108.2 108.4 109.3 109.1 109.5 109.6 110.1 111 111.9 113.1 115 115.3 115.9 117.6 118.6 119.4 120.6 121.2 121.9 122.8 124.5 125.7 126.8 127.3 128 129.4 131.3 134 138 141.1 142.1 143.5 150.3 152 155.5 162.5
