Game/Highland_Data/StreamingAssets/GeoData/Data/no/NO14.asc
ncols 200
nrows 200
xllcorner 310000
yllcorner 740000
cellsize 50
[rows 114 to 151 of 200, columns 0 to 84 of 200]
76 73.3 73.7 79.1 73.6 66.5 59.5 53.4 52.4 51 50.2 49.9 50.2 49.9 49.6 49.4 49.6 49.2 47.9 47.9 47.9 47.9 47.9 47.9 47.9 47.9 47.9 47.9 47.9 47.9 47.9 47.9 47.9 47.9 47.9 47.9 47.9 52.3 56 58.4 58.5 53 57.5 56.8 55.9 54.2 51.9 48.9 48.4 56.4 55.6 59.3 63.6 65.5 64.5 64.3 64.7 65.1 62.4 61.8 60.2 60.2 59 57.1 57.1 56.2 54.9 51.8 48.5 47.6 49.4 49.4 45.1 45.1 45.1 45.1 45.1 45.1 45.1 45.1 45.1 45.1 45.1 45.1 45.1
74.8 72.4 72.2 75 68.4 63.4 59.9 55.5 58.3 59.2 56.8 56.4 54.8 55.8 51.6 49.9 48.8 48.4 47.9 47.9 47.9 47.9 47.9 47.9 47.9 47.9 47.9 47.9 47.9 47.9 47.9 47.9 47.9 47.9 47.9 47.9 52.4 60 56.7 59.7 59.6 58.9 56.5 54.9 54.9 51.3 52.8 56.6 64 61.3 60.2 62.4 66.2 66.3 67.2 66.4 68 68.4 66 64.8 65.7 64.6 63.6 62 61 59.3 56 53.6 51.3 51.6 54.2 50.7 46.4 45.2 45.1 45.1 45.1 45.1 45.1 45.1 45.1 45.1 45.1 45.1 45.1
75 73.7 71 72.4 66.9 63.7 59.4 56.8 57.1 57.9 56.3 54.6 54.3 52.5 49.9 50 48.4 49 48 47.9 47.9 47.9 47.9 47.9 47.9 47.9 47.9 47.9 47.9 47.9 47.9 47.9 47.9 47.9 47.9 47.9 59.4 58.9 60.1 59.6 59.2 56.7 54.1 53.2 52.8 55.3 60.5 61.9 62.1 61.9 65 67.8 69.2 68.2 69.3 70 71.2 69.8 69.3 70 69.4 69 68.5 68.1 64.9 62.6 61 60.8 61.2 59.4 57.1 53 49.7 46.9 45.1 45.1 45.1 45.1 45.1 45.1 45.1 45.1 45.1 45.1 45.1
77.3 78.3 73.7 68 67.7 63.5 61.1 59.2 58.1 57.4 56.6 53.2 50.9 49.8 49.6 48.9 48.4 49 49.6 47.9 48.8 47.9 47.9 47.9 47.9 47.9 47.9 47.9 47.9 47.9 47.9 47.9 47.9 47.9 47.9 55.6 61.3 59 59.7 59.7 56.2 54.4 55.4 54.4 60.4 62.2 63.8 64.2 64.4 65 67.1 70.8 72.1 70.8 73.3 72.4 72.7 72.4 73.6 73.4 73.8 76 76.3 75.5 71.9 69.3 67.7 65.9 63 61.1 59.4 56.7 53.4 51.6 48.1 45.1 45.1 45.1 45.1 45.2 45.1 45.1 45.1 45.1 45.1
85.2 81.9 79 73.7 70.1 66.2 63.3 61.8 60.8 57.9 56 53.1 51 50.4 50.5 49.2 49.2 48.7 51.3 51.1 56.6 60.9 47.9 47.9 47.9 47.9 47.9 47.9 47.9 47.9 47.9 47.9 47.9 47.9 47.9 59 61.1 59.7 59 57.8 55.3 58.5 60.6 63.4 65.7 67.5 67.6 67.4 67.2 67.6 69.5 71.5 72.2 72.2 72.1 73.6 76 76 76.6 77.2 77.7 79.7 79.5 77.4 75.1 73.5 73.8 72.6 71.4 68.2 64.3 60.6 56.4 55.1 53.3 50.3 45.3 45.1 45.1 46.3 45.1 45.1 45.1 45.1 45.1
85.5 82.3 82.2 76.7 71.6 68.7 66.3 65.2 62.7 60.5 56.8 54.5 52.9 51.8 52.2 50.6 48.4 50.9 53.3 53.9 57.1 63.6 51 47.9 47.9 47.9 53.1 47.9 47.9 47.9 47.9 47.9 47.9 47.9 49.5 59.7 61.2 60.4 58.7 58.2 64.7 66.6 66.8 69.2 69.9 69.3 68.2 68.2 68.4 69.7 70.9 72 72 72.6 74.7 76.1 75.9 76.7 77.7 77.9 77.6 79.1 79.8 79.2 80.4 79.4 78 76.8 75.3 72.1 68.8 64.5 59.7 57.6 56.2 54.9 50.6 47 46.4 46.2 44.5 48.9 48.8 45.1 45.1
87.1 85.8 82.6 78.4 74.5 71.4 69 68.1 64.1 61.7 60.7 58.4 55.6 54.4 54.3 52.7 51.4 53.5 53.5 51.8 50.6 59.7 51.2 47.9 47.9 47.9 47.9 47.9 47.9 47.9 47.9 47.9 47.9 47.9 56.2 60.1 61.1 60.7 63 67.1 70.8 71.4 72.8 73.6 73.7 71.4 70.6 69.9 70.8 72.3 72.6 73.8 75.3 77.3 77.3 76.6 77.7 78.8 78.9 79.1 77.9 78.2 79.1 81.9 81.4 80.2 78.9 78 76.5 73.6 71.9 67.2 65.5 63.9 60.1 57.4 55.2 50.9 48.5 48.2 51.1 53.3 53 52 52.1
93 89.7 86.5 82.4 78.6 75.1 72.2 69.9 67.7 66.5 66 66.3 61.4 57.9 56.7 55.6 54.2 53.6 51.2 51.2 51 52.1 49.9 48 47.9 47.9 47.9 47.9 47.9 47.9 47.9 47.9 47.9 53.2 59.7 58.1 61.6 64.7 67.7 72.7 74.5 75.9 76.7 77.3 76.6 74.5 74.3 74.7 74.9 76.1 75.9 75.7 76.5 78.4 78.5 78.7 79.6 80.5 79.4 78.9 79.4 80.6 80.1 80.5 81.8 81.2 79.7 78.3 78.2 76.7 74.2 74.1 74.1 73.6 68.9 63.9 60.7 55.5 52.4 51.8 53.4 54.2 54.2 53.8 53.8
99.6 95.7 91.1 87.1 83.8 79.9 77.4 75.8 73.6 78.8 72.8 68 65.4 64 60.7 59.3 57.9 55.9 54.6 54 53.2 53.5 51.8 49.3 47.9 47.9 47.9 47.9 47.9 47.9 47.9 47.9 50.9 54.2 56.7 61 64.7 68 71.7 79 79.5 79.4 79.4 79.7 78.7 77.8 79.1 78.6 79.3 80.1 79.4 77.7 78.7 79.7 79.8 80.6 81.4 82.1 80.6 81.1 82.2 82.2 81.9 83.1 82.6 81.9 81.1 80.9 80.9 81.3 80.9 81.5 82 80.4 74.3 68.8 64.7 61.2 58.5 55.5 53.5 53.2 53.5 53.1 53.9
105.9 100.4 96.1 93.2 89.4 86.7 84.7 84.7 82.5 83.4 79.1 74.5 71.8 67.5 65.4 64.4 62 60.3 59.5 58.4 57.4 56.1 55.2 52.4 50.1 47.9 47.9 47.9 47.9 47.9 47.9 47.9 52.4 59.1 59 60.6 64.8 68.7 73.8 81 83.3 82.8 83 82.9 81 81 81.9 82.1 82.9 82.2 80.9 79.8 80.1 81.7 82.1 82.6 82.9 82.5 81 81.6 82.8 84.7 85 86.2 84.1 82.8 83.6 84.4 85.2 85.3 85.2 86.2 85 82.9 78.1 72.5 69 67.8 65.3 60.2 53.3 53.2 53 51.7 53.5
110.3 106.3 103.8 101.2 96.6 93.4 93.3 92.3 89.2 86.2 81.6 79.1 76.1 73.1 70.7 67.9 66.1 65 64.4 63.2 61.6 60.2 58.1 55.2 51.5 47.9 47.9 47.9 47.9 47.9 47.9 47.9 52.5 60.7 61.3 62.2 64.7 68.5 73.8 79.4 84.1 84.4 84 83.4 81.7 83 83 83.2 83.5 82.7 81.6 81.2 82.3 83.1 82.6 83 83.6 82.6 81.4 82.6 86.3 88 86.7 85.4 84.8 85 87 87.1 87.7 88.2 88.2 87.7 86.1 83.7 80.7 77 74.2 71.3 66.9 63.6 57.2 53.5 52.3 51.6 53.6
114.7 112.9 110.6 108.1 107.7 102.3 101 97.1 91.2 89.6 85.6 82.8 80.6 78.5 76.2 73.6 71.2 69.8 66.5 65 64.6 63 60.1 56.1 51.3 47.9 47.9 47.9 47.9 47.9 47.9 48.9 54.8 59.4 63.6 65.6 67.9 72.3 74.5 76.4 79.4 80.2 81.5 82 82.6 83.4 83.2 83.8 83.4 83.3 83.5 83 84 84.4 85.3 85.1 85.1 83.2 82.6 85.5 87.5 87.1 87.2 86.3 87.9 89.1 90.5 90.7 90.1 90.2 89.3 89 88.2 85.4 83.7 82.4 80.4 77.5 71.4 66.4 61 57.5 54.2 52.5 53.2
122 120.7 119.3 120.7 120.5 115.9 110.2 103.3 98.5 94.6 91 88.1 86.7 84.7 82.5 79.6 77 73.1 69.7 67 65.9 64 60.9 57.5 52.6 48.6 47.9 47.9 47.9 47.9 47.9 52 58.4 61.7 63.8 66.7 73.5 73.8 73.9 74.3 74.9 75 77.8 80.8 81.6 82 82.5 81.7 81.6 83.5 85.5 85.8 87.4 87.6 87 86.7 86.5 85.2 85.8 88.1 88.7 88.3 89.6 91.1 92.9 94.1 93.9 93.6 93.3 92.6 91.1 90.4 89.1 88.1 86.7 85.8 84.5 82.9 80.6 75.3 65.7 60.2 56.4 54.6 52
131.5 131.8 131.5 130.5 130.2 125.1 118 110.2 104.2 101.1 99.4 97 95.3 92.9 90 86.3 82.2 77 73.1 70.3 68.6 65.5 63 58.2 53.7 50.9 49.1 48.4 47.9 48.8 51.5 55.6 62.2 64.3 68.5 72 74 73.6 73.5 73.8 74.9 74.5 75.7 77.9 79.1 78.9 78.9 78.6 78.9 82.3 85 88 88.8 89 88.2 87.1 87.7 90.8 92 91.9 92.9 95.1 95.9 96.7 98.2 98.5 98.1 97.3 95.7 95.7 93.5 92.4 92.4 90.2 89.2 88.5 87.1 86 84.5 82.1 74.1 66.8 62.6 57.9 54.3
139.9 141.9 142.5 142.7 140 132.7 124.5 118.3 113.2 109.9 108.3 106.3 103.8 100.9 96.8 92.3 85.9 80.1 76.6 73.1 70.6 66.9 63.3 58.7 55.4 52.3 50.3 50.2 50.3 53.2 52.8 62.4 65.1 68.8 75.4 76.8 76.4 74.9 73.6 74.7 76.3 79.6 79.4 79.3 78.3 77.2 76.7 77.7 77.7 78.8 81.7 85.2 87.4 88.6 89.8 90.5 92.7 96.1 98 98.3 98.8 99.7 101 103.3 103.7 103.6 103.1 101.9 100.9 99.5 97.3 95.6 94.4 93.5 92.3 90.8 89.5 88.5 87.4 85.8 81.4 74.9 70.5 65.4 58
146.7 150.3 152.4 150.2 144.2 137.7 130.7 125 120.8 118 115.9 113.5 110.7 106.7 102 94.5 87.4 82.6 78.6 74.7 70.3 66.4 63.1 59.6 55.7 52.3 51.2 53.8 57.6 53.4 54.4 67.7 70 76.8 80.6 78.6 77 76.3 77.3 80.8 81.3 83.7 84.1 84.5 82.1 78.9 77.1 76.7 76.3 77.1 79.3 82.6 84.9 87.3 90.8 92.6 96.2 100.9 104 106.3 106.3 106 106.9 107.8 108.9 108.7 107.7 105.8 104.2 103.4 101.7 99.4 96.7 96 95.4 93.9 91.9 90.9 89.9 88.4 85.4 78.5 74.1 70.3 65.3
154.6 159.1 158 154.2 148.2 142.3 135.8 129.9 125.9 123.5 121.5 118.5 114.6 109.8 102.1 94.6 89.6 85 80.2 74.9 70.1 66.2 62.3 58.6 55.7 53.7 56.6 62.7 69.1 72 76.4 73.9 77.6 82.3 83.9 83 79.8 79.1 81.1 83.4 85.8 88.4 88.1 86.2 82.3 80.2 78.4 76.9 76.2 77.1 79.3 84.9 89.7 89.9 90.4 93 97.4 102.9 107.3 110.1 111.4 111.9 112.8 113.7 114 113.2 112.2 110.6 108.8 107 105.1 103.6 101.8 100.3 98.7 96.8 94.4 93.4 92.2 90.4 88.4 81.6 75.6 73.5 69.8
165.3 164.1 161.4 157.5 152.3 145.7 140.7 136.1 129 126.1 123.4 119.7 114.7 107.3 100.7 95.8 91.4 87 81.4 75.6 71.2 67.1 63.3 59.6 57.4 61.3 66.6 70 74.1 79.1 81.6 81.8 86.7 87.8 86.4 88 84.9 84 85.1 88.3 90.3 89.6 88.3 85.3 82.4 79.9 78.1 76.8 76.9 80.2 86.5 87.8 89.6 90.1 92 96.4 101 105.9 109.7 112.6 114.9 116.1 117 117.9 118.6 118 117.1 115.2 113.4 111.5 109.5 107.7 105.7 104 101.8 99.5 97.5 96 94.5 91.1 90.9 85.8 78.3 73.8 71.3
168.7 167.8 165.5 161.3 156.2 150.5 143 133.7 129.7 125.6 121.7 116.5 110.5 103.6 98.4 94.6 91.4 86.9 82.7 77.2 72.6 68.6 64.1 61.5 61.8 67.8 71.6 75.2 78.7 83.7 87.3 89.6 92.7 90.1 89.7 89.4 88.2 89.5 93.7 92.9 91.3 88.7 86.3 84.1 82 79.7 77.9 76.8 79.7 87.9 87.9 87.7 89.5 91.6 96 100.6 105 109.5 113 116.7 118.8 120 121 121.9 122.7 122.6 121.4 119.4 117.5 115.7 113.9 111.8 109.3 107.7 104.6 102.4 100.6 98.5 96.7 93.2 92.2 88.4 82.7 75.6 71.7
170.9 169.8 168.1 162.9 158.6 151.4 140.5 135.3 131.3 125.3 119.3 113.6 107 100.6 96.3 93 88.5 84.8 81.3 77.6 73.3 68 64.9 64.6 68 75.5 83.2 81.5 84.6 91.4 97.7 96.5 97.1 93.2 92.3 91.8 93.5 94.1 93.5 93.2 92.8 89.9 86.3 82.7 80.1 78.5 77.4 83.7 88.1 88.4 88 87.3 88.6 93.4 99 104 109 113.3 117.3 120.1 122.5 123 124.6 125.7 126.3 125.7 124.1 122.4 120.6 118.5 116.3 114 111.6 109.6 106.6 104.1 101.9 100.1 98.5 95.2 94 89.5 85.3 81 73.2
174.8 178 174.7 168.9 161.8 153.6 138.6 131.9 128.6 123.7 118.2 111.8 104 98.1 93.3 89.6 86.4 82.9 79.7 75 71.4 71.2 70.9 75.3 78.9 85.6 86.2 87.4 91.4 95.7 99.1 99.3 102.4 95.8 93.2 93.3 95.6 97.5 101 97.8 94.2 88.8 85.9 81.8 79.2 80.6 88.2 88.7 87.1 86.1 84.5 85.2 89.8 94.5 99.6 105.4 111.9 117.1 120.6 123.3 125.2 125.6 127.9 128.5 128.7 127.9 126.4 124.6 122.4 120.2 118.1 115.4 112.6 111.1 107.9 105.5 103.4 101.7 99.5 97.6 95.5 90.6 85.8 83.1 77.1
183 183.7 179.8 173 167.3 157.9 135 126.7 121.8 118.3 113.3 106.4 100.8 96.1 92.2 87.6 85.1 83.2 78.8 79.7 79.2 79 80.3 84.3 87.4 89.3 91.5 94.8 97.7 98.6 105.2 101.6 98.4 95.4 95.6 100.8 103.1 99.2 97 94.1 91.2 87.5 84.8 84.3 85.9 87.4 87.1 87.4 85.2 82.4 82.3 83.8 90.4 96.2 102.3 109.3 115.9 120.5 124.7 127.5 128.7 129 130.1 130.6 130.3 129.3 127.8 126.3 124.3 121.4 118.9 115.6 113.3 109.9 107.9 106.5 104.8 102.8 99.8 97.9 95.8 92 87.9 85.3 80.1
185 183 178.6 174.5 159.7 140.3 133.3 124.8 117 111 105.3 101.2 97.5 94 89 84.9 83.6 83.7 84.8 85.1 86.6 86.8 91.3 91.8 90.5 93.8 94.5 98.2 102.7 106.2 109.3 107.8 100.9 100.2 106.2 104.7 102.7 99.4 97.1 93.4 90.4 88.3 88.5 93.5 90.8 89 87.7 86 81.6 81.6 82.4 86.6 92.9 103 110.5 116.3 122.1 127.6 131.4 132.1 132.7 132.7 131.6 130.2 130.3 129.2 127.4 124.9 122.5 120.7 118.3 116 113 110.5 109.7 106.8 104.7 102.2 99.8 97.7 95.5 93.1 90.3 88.1 84
186.9 179.8 171.2 155.3 143.1 135 126.7 118.4 110.3 105.5 100.5 97.4 95.5 92.5 87.4 85.4 87.3 88.5 89.8 91.5 93.4 98.7 102 100.4 100.3 100.4 102.4 105.6 108.4 109.4 108.6 106 104.1 106.6 109.4 105.5 102.3 99.4 96.9 94.2 91.8 90.4 91.2 90.3 89.8 89.9 89 86.5 82 81.6 82.3 87.7 95.9 108.5 115.2 122.3 131.4 134 136.2 136 134.9 133.5 129.8 128.1 127.1 125.9 125.2 123.2 120.9 119 116.9 114.8 112.4 110.6 108.4 106.2 103.8 101.6 99.1 97 95 93 91.3 89.9 87.2
184 164.1 150.6 140.6 133.3 125.8 117.4 109.6 103.6 99.7 96.4 94.4 92.8 90.8 89.2 92.1 94 95.4 98.1 99.9 101.4 103 103.1 103.8 105.3 107.4 109 110.7 113.1 111.8 109.8 109.7 108 108.9 107.8 104.7 102.5 100.5 98.3 95.5 93 91.5 90.8 90.3 90 89.6 88.7 86.9 83.2 81.6 82.1 89 97.6 106.4 120.5 131.4 136.5 138.1 137.1 135.2 132.3 130.1 127.5 125 122.9 122 121.4 119.7 117.6 115.5 113.5 111.9 110.5 108.8 106.8 104.8 102.6 100.3 98.4 96.5 94.7 93.2 91.7 91 88.5
164.6 151.2 140 132.6 126.2 116.8 109.6 101.8 96.6 94.6 93.1 92.4 90.8 93.4 96.5 99.7 101.9 104 106.3 107.9 107.9 107 108.1 110.7 113.3 115.1 115.2 117 113.9 112.4 113 111.9 111.1 108.7 106 103.9 102 100.1 98.1 96.1 94.1 92.4 91 90.4 90.2 89.7 88.9 87 83.8 83 83.6 96.9 104.9 113.8 129.3 138.5 142.9 141.2 140.2 137.4 134.4 130.5 126.6 125.2 122.6 119.5 117.7 116.1 114.3 112.3 110.6 108.9 107.5 106.1 104.5 102.8 101 99.1 97.5 95.7 93.9 92.7 91.7 91.4 88.2
149.1 137.9 131.1 124.3 116.8 109.8 101.6 96.2 94.5 93.8 93.6 94.5 97.5 101.1 104.3 106.8 108.6 110.9 112.4 113.3 114.5 114.1 114.6 116.5 117.8 120 121.4 118 119.6 117.9 115.3 112.9 109.4 107.3 105.7 103.9 102.1 99.7 97.9 95.8 93.6 92.7 90.9 90.8 90.3 89.5 88.5 87 86.9 87.6 94.6 104.9 111.3 121.7 136.3 145.2 148.4 149.1 145.7 143.6 139.7 136.1 132 128.5 126 121.6 118 115.3 114 111 108.8 107.3 105.9 104.3 103.1 101.4 99.7 98 96.3 94.6 93.4 92 90.8 90 87.8
136.7 128.1 121.7 114.6 108.9 102.7 97.3 95.4 95.4 96.9 98.9 101.8 104.5 108.1 110.2 112.3 114.8 116.1 117.6 117.7 119.6 118.6 120.1 121.7 123 123.3 124.9 122.8 119.9 118.7 116.1 112.3 109.3 107.9 107.3 104.9 102.2 99.5 97.7 96.1 94.4 92.8 91.5 90.4 89.4 88.8 88.2 88.2 90 94 101.4 109.2 114.5 127.4 139.9 146.3 148.7 149.4 149.3 147.4 145.3 141.3 137.1 133.2 129 124.5 120.5 117.5 114.4 111.9 109.3 107.2 105.5 104.9 102.7 100.9 99.5 97.9 96.2 94.8 93.3 91.8 90.6 89 86.7
129.1 120.7 114.1 106.6 101.6 99 97 97.4 99.1 101.8 104.6 107.5 110.5 113.6 116.3 117.5 118.7 119.8 121 121.8 121.8 124 124.8 125.7 124.9 127.1 125.7 124.5 122.7 121 116.8 113.4 110.8 110.6 109 105.9 102.7 100.3 98.2 96.5 94.7 93.2 91.7 90.6 89.5 88.7 89.3 91.1 94.9 99.1 105.4 111.6 117.9 132.5 140.2 144.4 147.5 148 147.9 147.6 146.4 143.8 140.2 136.7 132.8 127.8 123.8 120.7 116.9 113.7 111.1 109 107.4 105.2 103.2 102 100.6 98.9 97 95.6 94.3 92.9 91.7 90.4 88.3
119.7 113.5 107.4 102.9 99.9 98.6 99.1 101.1 103.2 106.3 109.2 112.4 115.2 117.8 119.8 120.9 121.9 123 124.6 127.8 133.5 133.7 131.1 130.9 136.3 135 130 128.8 127.3 123.4 119.2 114.4 113.7 113.3 110.8 107.8 104.4 101.3 99 97.2 95.9 94.2 92.4 91.2 90.2 89.4 91.2 94.5 98.4 102.7 106.6 113.2 119.9 133.2 140.6 143 146.5 146.4 146.3 146.4 144.1 142.2 139.5 136.9 132.9 128.7 125.6 122.6 119.1 116 112.9 110.8 108.2 106.1 105.2 103.1 101.8 99.9 98 96.7 95.3 94 92.8 91.5 89.6
116 110.1 105.4 101.7 99.8 100.3 102.1 104.5 108.1 111.5 115 118.5 120.1 122 122.9 122.8 123.7 125 128.6 132.7 136.5 140.3 137 136.5 138.3 137.7 136.3 129.7 126.7 120.9 117.1 115.9 117 114.9 112.3 109 106.4 103.7 100.9 99 97 95.2 93.3 92 90.7 91.3 92.5 95.4 99.3 103.7 108.6 113.5 120.3 132.5 140.7 143.1 145.2 145.3 144.9 143.7 142.2 140.8 138.2 135.4 131.8 128.1 125.1 122.7 119.2 116.1 113.3 111.1 108.6 106.8 106.1 104.4 102.6 100.8 99.1 97.7 96.2 94.9 93.7 92.3 90.9
113.3 110 106.4 104.9 103.4 103.8 106.1 108.7 112.1 117 121.1 124.4 125.3 126.4 125.7 125.4 125.8 126.5 130.1 133.1 134.7 139.1 142.9 143.5 143.2 140.9 137.2 132 125.1 121.8 121.6 121.8 118.9 116.1 112.4 109.4 107 104.5 102.1 99.5 97 94.8 95.8 93.5 92 91.2 91.8 95.6 99.5 103.9 108.1 112.7 122 131.2 141 143.8 146.4 146.3 145.5 144.1 142.2 140.3 137.4 135 132.2 129 125.5 121.6 118.6 115.6 113.3 111 108.9 107.4 105.3 103.8 102.3 100.9 99.5 98.3 97.1 95.7 94.1 92.3 90.5
111.9 110.6 108.9 107.6 107.2 107.7 110.1 113.8 117.2 122 127.4 129.7 130.7 133.8 136 135 133.2 132.3 132.2 135 135.8 140.1 144.5 146 145 142 138.4 130.2 125.6 125 126.3 125.2 121 116.1 112.8 110.6 107.4 104.4 101.1 99.8 96.1 94.7 94.9 93.5 91.5 90.6 91.9 94.6 98.9 103.6 107.1 112.1 123 131.7 140.8 144.2 148 148 146.7 145.2 143.1 140.6 137.5 134.8 132.6 129.8 125.2 122.3 119.2 116.1 113.7 110.8 108.3 106.2 104.4 102.9 101.4 100.1 98.5 97.4 96.5 95.1 93.6 92.9 90.7
110.7 110.8 109.3 107.6 108 110.4 114.3 118.6 122.7 126.6 130.9 133.7 136 140.5 143.7 143.2 140.5 135.6 135.3 137.6 140.3 146.4 150.5 154.8 150.4 141.1 133.3 128.9 125.9 124.9 124.8 122.9 119.7 114.6 111.2 108.5 106.9 105.5 103 100.1 95.7 93.7 92.6 91.4 91.3 90.3 90.7 93.6 97.3 101.7 106.2 110.8 120.5 130.9 139.5 145 148.3 149.4 148.9 147.5 145.7 143 139.6 136.1 133.1 129.7 126 122.2 119.6 116.5 113.6 110.5 107.2 105.1 103.7 102.3 100.9 98.8 97.6 96.4 95.3 93.7 93.5 90.8 88.8
110.6 110.2 108.3 105.4 107.7 112.4 118.5 124.3 127.7 130.9 132.9 135.8 140.2 145.7 147 146.7 144.7 140 140 141.5 148.3 153.6 156.6 150 140.5 135.4 130.3 126.5 124.1 123.4 121.5 117.8 114.5 110.7 107.3 104.4 103 101.5 99 97.2 94.9 92.2 89.6 88.2 89 89.4 90.1 92.5 96.3 101.6 105 109.9 116.7 125.8 136.6 143.6 146.9 149.3 150.4 149.3 148.9 148.1 144.7 139.7 135.4 131.6 127.7 123.9 121.2 118.5 115 111.5 108.4 106 103.9 102.1 100.5 99.3 98.2 98.3 97.2 94.5 92.2 88.5 84.8
109.8 108.2 105.5 105.4 111.6 114.7 121.8 127.3 130.9 137.6 138.9 139.4 141.6 146.7 146.3 145.6 147 142.9 144 148.8 150.3 148.8 140 134.9 132.8 129.6 125.8 121.8 118.7 117.2 115.2 111.2 108.7 105.1 100.9 97.5 95.4 93.3 91.7 91 89.9 88.1 86.2 85.5 86.6 87.7 88.9 91.4 95.8 100 104.1 107.7 111.9 120.3 131.2 140.1 145.6 148.8 151.5 151.7 151.4 150.3 147 141.8 138.1 134.3 130.2 126 123.3 120.3 116.7 113.2 110.2 107.8 105.6 103.6 101.9 100.8 99.8 98.9 97 95.8 92.5 90.3 88.2
107.3 104.4 102.3 105.1 111.1 117.2 123.4 130.9 141.7 146.2 145.1 143.6 142.4 141.8 145.8 148 149.1 148.3 151.8 151.8 145.2 133.2 131.4 128.6 126.9 124.3 120.9 116.6 112.8 109.9 107.7 105 100.7 97.8 94 90.8 88.3 86.2 84.8 83 82.2 82.4 81 79.7 83.1 85.5 88.2 89.5 90.9 96.1 100.9 105.2 109.5 114.7 121.4 134.4 142.6 148.5 150.7 151.2 152.7 150.6 146.1 141.6 137.8 134 130.1 127.1 125.3 122 118.1 114.7 111.9 109.7 107.6 105.5 103.7 102.5 101.8 99.5 98.1 96 93.2 91 89
101.8 99.7 99.8 102.3 108.3 114.9 123.5 134.5 144.9 147.5 146.3 143.7 142.7 150.5 150.2 149.5 150.1 151.3 147.3 132.8 129.1 127.1 125.6 125.1 122.7 119.2 114.7 110.3 106.4 103.1 102.1 100.3 86 87.6 87.6 85.2 82.1 78.8 77 76.4 75.8 76.5 75.6 75 78.6 81.9 83.7 86 86.9 89.6 94.6 100.2 105.4 109.8 115.7 125.8 139.1 144.5 147.7 150.3 150.4 147.4 143.9 140.1 136.7 133.4 130.1 127.1 127.2 124.1 119.3 116.4 113.3 111.6 109.3 107.1 105.2 104.7 103.4 100.8 98.5 95.6 93.7 91.2 88.3
