Game/Highland_Data/StreamingAssets/GeoData/Data/no/NO18.asc
ncols 200
nrows 200
xllcorner 310000
yllcorner 780000
cellsize 50
[rows 140 to 174 of 200, columns 0 to 77 of 200]
843.3 834.8 815.5 787.3 754.4 721.5 688.9 661.5 639 622.4 609.6 605 611.5 622.6 641.8 654 662.3 675.2 686.5 690 712 734.7 756.2 773.4 789.5 805.6 821.4 834.7 845 849.4 848.6 843.1 833.2 820.9 805.6 776.2 752.4 733.4 717.6 702 685.4 669 653.9 637 621.3 606.6 593.3 578.7 562.3 544.6 533 523.2 515.1 511.2 504.6 502.6 496.6 479.5 464.2 451.8 442.5 438.2 430.4 422.5 420.2 424.9 426.1 436.5 448.9 458.6 460.8 444.1 428.1 421.5 416.5 416.6 419.7 417.1
840.4 834.2 814.9 785.6 751.4 718.6 686.5 662.8 643.4 628.5 614 609.9 616.8 622.4 629.3 634.3 640.8 652.7 660.3 680.5 708.7 732.8 751.8 769 785.5 802.2 818.5 832.6 843.6 847.2 846.8 841.7 832.4 818.5 790.6 763.2 740.3 722.7 706.7 689.8 674.3 657.7 641.5 623.8 606.7 592.8 579.7 575.5 570.9 564.2 553.9 542.6 532.1 517.7 502.8 485 466.6 458.3 450.5 443.4 433.2 430 424.1 421.7 426.8 426.4 435 451.7 469 467.6 462.8 445.5 432.6 423.5 417.2 418.9 421.3 420.4
837.8 828.7 801.8 771.2 741.5 714.9 691.7 670.7 650.8 633.5 618.8 617 625.5 634.7 647.2 652 654.2 655.7 666.7 686 707.3 730 747.9 764.3 781.2 798.7 815.5 829.8 840.2 844.8 845.7 841.6 831.8 810.5 779 753 733.1 716.9 700.2 684.3 666.3 648.5 631.4 618.3 612.8 606.7 599.7 595 588.3 579.4 569.5 560.6 549.6 539.8 517.1 492.6 471.1 452 446.6 439.7 432.7 425.1 423 427.7 428.2 431.5 446.9 472.7 483.8 474.1 463.9 444.3 433.2 425.6 418.6 420 421.7 422.5
832.4 829.5 809 779.9 756.3 730.4 704.1 679.6 659.2 639.7 624.5 624.8 635.7 651.1 661.8 672.2 674 675 668.6 688.2 707.5 726.7 742.3 758.7 777.2 794.9 811.9 826.9 837.2 843.9 846 844.3 834.1 802.9 775.5 752.3 732.1 715.3 699.8 686.5 672 659 645.5 635.7 629.4 624.2 617.5 610.1 602.7 592.9 584.5 573.5 562.3 537.5 508.8 480.8 463.8 447.8 441.2 437.9 427.6 424.8 424.1 430 430.5 440.1 457.7 491.6 493.1 483.4 462.7 445.8 434.9 425.7 420.8 421.5 424.6 423.8
830.7 831 819.7 795.3 767.7 741.2 713.8 688.1 665.6 646.1 630.5 631.1 648 664.4 677.3 690.3 693.8 697.9 692.7 688.9 703.1 718.9 733.7 751.2 771.6 790.8 809.5 824.8 837 845.7 850.9 850.6 839.1 805.4 779.9 759.3 737.2 717.4 702.5 690.1 678.7 667.5 658.3 653.2 646.5 639.8 631.1 623.6 615.6 605.3 597 583.2 557.6 521.8 497.6 477.6 457.7 441.9 436.1 433.2 425.7 425.9 434.7 431.8 431.8 447.9 466.4 491.9 495.4 483.1 466.3 448.3 436.3 428.6 423.9 422.6 426.9 427.4
831.7 834 824.2 804.8 777.3 746.3 718.6 693.7 671.9 652.6 636.9 640.9 659.4 675.7 692.6 707.3 715.7 717.1 716.3 713.1 715.1 726.9 739.7 754.4 770.9 790.3 811.7 827.4 840.1 851.2 857.7 857.3 851 821.6 794.7 771.3 751.1 723.9 707.4 697.4 687.1 679.7 674.8 668.8 662 654.7 648 641.5 635.1 623 610.1 582.5 544.8 516.8 494.5 472.8 453.6 439.6 431.7 426.9 427.2 426.6 438.5 435.7 435.6 456.7 472.4 490.6 498 482.9 464.2 446.9 435.9 430.2 426.7 422.8 428.5 430.8
831.4 835 827 807.4 779 748.5 722 699.2 678.5 658.6 639.5 650.8 670.5 689.1 707.4 722.4 733.1 738.3 738.3 734.6 733.2 738.8 754.2 771 788.2 803.8 818.6 835.4 848 859.4 866.1 865.7 860.1 834.8 803.5 780.2 753.8 729.6 716.6 706 699.7 695.6 692.5 686.9 682.4 676.7 671.9 666.1 658.3 640 615.8 573.8 542.8 518.4 496.6 473.4 454.1 439.6 429.6 427 427.8 431.1 437.6 437.1 441.7 461.9 476.7 492.6 494.8 479.4 461.8 443.8 434.5 431.2 424.8 422.5 428.7 430
831.9 835.3 826.5 808.6 782.6 753.1 727.4 704.2 685.2 664.3 646.2 660 680 700.7 720.4 734.2 742.8 748.2 751.3 752.4 756.4 759 774.7 790.8 806.2 821.4 835.8 845.7 857.7 869.6 875.4 875.4 868.6 849.3 816.9 792.2 769.1 748.1 730.7 721.3 718.6 716.9 715.2 712.8 710.2 705.2 701.5 690.3 673.7 655.7 615.6 578.8 546.7 522.1 499.2 475.4 455.6 441.4 430.4 427.8 431 437.8 439.6 437.9 449.9 466.5 481.6 494 494.1 476 453.4 439.9 432.5 429.2 425.1 424.1 428.6 427.3
831.4 834.8 824.8 809.4 784.3 756.1 731.7 708.9 689.3 667.3 655.6 668.3 689.4 710.9 730.9 742.6 750.7 757.8 764.3 772.6 778.3 783.5 796.2 810.7 827.5 840.5 851 860.5 870.3 877.9 882.7 882.9 877.8 862.8 837.6 811 783.1 765 750.5 742.6 742.2 742.4 744.2 743.4 739 737 732.4 709 688 670.7 627.4 590.8 556.4 524.1 498.3 475.7 456.6 443 431.1 429.2 434 436.2 436.7 445.1 457.9 473.5 486.3 497.4 492.6 480 460.7 443.9 433.6 430.4 426.1 424.8 426.2 428.9
831.2 832.4 823.4 809.5 783.1 757.9 735.6 712.7 692.3 671.8 662.2 678 697.6 719.5 738.2 749.7 759 768.5 780.5 790.8 799.8 805.7 815.4 829.9 840.2 849.4 860.5 868.5 875.5 881.3 885.8 885.9 882 872.1 857.1 830.3 809.9 789.7 775.8 771.3 772.5 771.6 771.1 769.5 766.1 761.6 752.5 725.9 703.2 689.9 648.2 613 576 531.2 500.7 482.1 464 444.2 429.6 430.7 433.6 434.3 442.9 444.9 463.2 471.7 486 495.7 493.9 483.1 465.6 453.1 439.6 430.5 427.9 426.4 428.1 430.9
829.4 830.1 822.3 808 785 762 738.7 717.8 696.2 678.6 673.4 685.3 705.6 726.3 743.7 756 766.8 778.9 792.2 802 809.8 816.9 825.8 837.9 846 855.1 863 868.8 875.9 880.8 882.5 882.7 880.2 875.1 869.5 853.7 832.9 815.5 805.5 801.3 801.5 800.3 796.7 791.6 781.4 773.4 761 743.3 723.6 700.2 670 637.8 588.8 540.6 513.1 487.8 464.2 445.9 429.7 432.3 433.2 436.2 446.1 457.1 470.5 481.3 493.1 498.3 495.5 486 469.8 458.1 447 431.2 429.2 427.8 432 433.2
826.9 828.1 821.9 807.2 789.3 764.5 742.7 720.6 700.3 685.8 683 692.3 713.8 733 750.8 762.2 773.5 787.1 799.5 808.8 815.8 823.4 833 843.5 850.3 858.3 863 865.3 869.5 873.2 875 876.4 876.4 874.2 871.2 863.6 852.9 840.4 830 823.6 817.9 809.9 800.8 790.5 777.7 770 754 737.8 721.2 702.2 663.1 619.1 581.5 546.2 516.7 489.1 465.1 442.4 431.5 433 435.9 437.8 448.2 461.7 475.1 485.1 497.3 500 498.6 491.1 473.8 462 450.2 438.8 429.3 428.6 434.9 435
823.9 826 820.7 808.5 792 768.8 742.6 720.9 706.6 697.8 694.9 700.5 720 738.9 755.9 767.7 778.6 791.8 802.3 811.4 818.5 826.4 835.8 846.6 852.2 856.3 856.1 856.3 858 862 866.8 869.7 869.7 869 866.1 860.7 852.3 842.3 833.5 824 813.6 799.9 790.5 782.7 770.3 756.8 742.7 725.2 709.3 691.1 660.8 622.7 586 547.3 513.1 485.3 461.8 442.8 431.9 433.5 434.9 439.9 450.3 467.2 480.7 489.7 501.7 506.4 511.8 494.1 481.9 466 452.6 442.7 433.4 431 430.4 438.8
822.4 824.3 819.5 810.4 791 767.9 743.3 731.8 717.6 711.2 712.5 715.4 727 745.7 758.8 768.4 779.4 791.1 801.7 810.8 819.4 826.9 834.4 845.3 847 846.8 845 844.2 845.7 852.2 856.1 858.5 861.1 860.7 858.8 853.8 846.3 836.6 827.2 814.1 801 789.8 781.8 772.7 756.3 740.8 725.5 714.9 697.6 678.7 655 622.4 582.8 546.9 509.1 483.4 460.4 439.6 431.7 437.2 438 440.8 455.2 471.1 481.9 492.6 505.3 511.8 513.3 504.7 489.9 471 457.4 446.3 438.4 434.5 431.7 432.7
821.3 821.9 818.1 805.8 790.1 776 761.7 741.8 733.4 728.6 729.7 732.2 731.8 750.4 759.9 767.8 777.2 786.2 797.1 806.8 816.5 823.8 832.3 839.5 838 835.2 834.4 835.3 837.4 841.6 847.3 848.9 851.1 851.9 850.6 846.3 838.7 828.1 817.8 800.1 790.1 778.4 768.9 754.3 737.9 724.7 713.4 699.4 679 663.8 642.7 604.6 570.5 539.6 502.8 479.6 459 440.3 433.1 434.6 437.6 444.2 460.3 472.2 484 498.3 511.3 518.1 520 514.4 494.3 475.9 459.7 448.4 443.1 437.9 434.3 432.6
823 822.6 820.2 808.9 801.7 789.2 774.9 759.9 753.5 754 751.1 751.4 750.9 752.1 759.9 765.9 773.5 780.4 789.2 799.8 809.1 817.1 825.2 830.9 829.6 827 825.9 825.6 826.1 830.7 836.5 840.7 843.4 843.7 841.2 835.4 826.3 814.8 803.6 788.2 776.4 763.2 750.3 738.9 722.2 707.7 695 679.5 661.9 646.4 623.8 591.8 559.4 528.4 498.6 475.4 454.6 441.3 436.7 434.4 433.8 444.3 463 477.9 492.8 507 515.8 526.4 527.8 519.9 499.5 479.8 463.8 452.5 445.4 441 435.4 435.3
824.9 824 820.3 817.7 813.3 803.5 791.8 786.8 780 771 765.4 762.1 758 757.7 758.6 762.4 768.1 774.3 780.9 790.2 798.7 806 812.8 819.8 821.7 818.8 814.4 811.5 813.4 820.1 827.5 832.3 833.6 832.6 828.8 819.3 805.6 792.2 783.1 774.8 757.5 742.6 733.7 721.6 704.6 689.2 675.2 664 653.8 638.9 608.9 575.2 549 519.4 495.5 471.9 449.2 441.8 438.3 436.2 434.3 446.2 464.7 480.6 497.6 512 527.9 536 534.6 525.1 506.1 489.1 471.9 460.8 451.1 444.8 438 436.1
827.1 826.5 826.4 825.3 822.8 818.4 811.1 803.2 792.3 781.7 774.1 769.3 763.7 759.7 757 753.6 760.7 765.7 769.5 778.3 785.7 793 801.3 808.9 810.3 805 801.2 794.4 798.5 808.4 817.8 821.6 820.7 817.2 811 797.4 782 771.7 765.7 752.7 739.6 727.2 716.7 699.5 681.7 672.9 664.8 655.9 644.1 628.6 596.8 564.7 539.5 511.6 487.9 466.6 448.5 440.4 436.9 435.7 435 447.9 466.7 486.2 502.7 519.9 534.6 543.3 539.2 526.1 513.1 497 481 467.9 457 451.1 443.1 438.2
829.8 831.3 831.7 831.6 831.3 829.9 824.1 815.3 802.3 791.3 780.7 773.8 767.5 761.5 756.4 752 752.3 756.1 758.7 762.7 770.9 779.1 789.7 798.3 799.5 794 788 780.3 785.4 795.8 803.3 806.3 801.8 796.6 788.8 775.6 761 753.3 745.3 736.8 724.6 708.1 698.2 679.4 671.9 664.7 656.2 644.2 631.8 614.3 585.6 551.9 529.1 504.4 481.2 456.7 445 439.5 437.1 435.5 435.4 450.2 470.4 490.7 507.9 524.4 540.6 549.2 543.8 535.1 519.2 504.8 490.7 475.8 463.6 457.1 450.5 446.6
833.5 835.2 836.5 837.9 838.8 837.6 832.5 822.1 808.9 797.9 787.6 778.7 771.7 764.4 757.8 751.2 742.5 744.4 747.6 751.3 757.6 765.3 775.7 785.7 786.7 784.5 777.8 765.8 770 781.1 786.5 786.4 782.1 773.5 764.4 752.4 742.4 730.9 725.2 719.5 704.1 693.4 682 669.6 664.6 657 648.5 632.8 615.1 596.2 566.6 540.4 516.6 490.3 469.3 451.1 441 440.6 437.1 435.7 437.6 458.6 476.8 496.3 512.2 533.8 550.8 555.9 554.1 544.3 527.5 513.6 498 484.3 473 463.2 457.5 452.7
836 838.1 840.4 843.6 845.3 843.2 837.1 826.3 813.8 803 793.3 785 777.6 769 759.5 750.6 741.2 731.4 732.6 735.6 742.9 750.4 761.2 771.4 774.7 772.6 764.5 755.5 751.2 762.5 766.3 765.6 766.6 754 741.7 729.6 720.7 711 701.4 695.8 684.1 680.2 669.4 660.4 657.1 649.9 638.4 618.6 597.1 573.3 549.2 526.2 500.7 481.8 459 447 438.3 438 436 435.7 446 467.7 485.2 501.2 520.2 541 556.7 565.4 566.5 557 539.6 523.6 509.2 494.2 483.4 471.9 463.5 455.7
836.9 840.6 843.9 848.5 850.1 846.7 837.9 828.8 817.1 806.8 797.3 789.3 782.1 774.1 762.8 751.7 740.1 726.2 718.1 723.6 728.6 733.3 744.5 754.5 758.8 760 753 745 730.9 740.2 745.9 745.4 742.1 735.4 721.5 709.3 703.1 692.1 680 670 666.5 663.3 656 651.4 648.4 641.5 624.9 599.1 576.9 551.1 534 512.9 493.7 474.1 453.4 442.9 439.2 436.8 436 437 448.9 472.1 490.5 506.7 525.2 548 564.2 575 576.9 571.3 548.4 532.3 519 508 494.2 482 471 461.9
836.7 842.2 847.1 851.8 852.8 847.3 838.9 829.8 818.9 808.6 799.9 793.1 785.9 778.2 768.5 755.3 741.6 728.9 716 709.7 711.6 715.3 724.9 732.7 738.1 741.4 741.5 734.2 720.1 715.1 719.6 723.7 720.3 712.5 698.6 688.3 680.8 670.6 658.6 651.2 646.7 644.6 640.6 640.7 638.7 628.8 608.5 583.5 560 538.8 521.3 504.6 481.5 463.4 448.9 442.4 438.5 436.2 436.3 441.4 455.8 477.9 495.4 511.7 532.2 555.7 572.8 583.3 586.2 582.6 563.8 544.3 529.9 520.7 507.6 493.8 482.1 472.1
835.8 842.8 849.1 853.9 853 846 837.8 827.4 817.4 808.6 801.2 794.4 787.7 780 771.8 761.8 748.4 734.6 720.4 704 697.1 698 702.7 708.3 715 720 721.9 716 706.4 686.9 691.5 697.9 694.4 684.8 671.4 666.7 656.4 646.4 637.3 635.9 631.2 629.5 629.7 628.9 625 615.2 588.1 566.5 546 528 509.6 488.9 473 455.4 445.4 442.5 436.7 436.9 436.8 446.8 468.2 484.3 501 517.4 541.3 564.4 580.6 592.2 596.6 593.5 576.9 558.8 544.9 535.1 523.3 509.6 495.7 481.4
836.1 843.1 850.2 854.1 851.3 842.6 833.6 822.7 812.8 806 800.4 793.7 787.2 779 773.1 766.5 758.4 747.4 730.8 716.5 700.6 685.5 678.6 681.8 690.9 696.7 698.3 693.5 685.5 674.7 664.6 671.9 670.4 657.3 649.2 645.2 639.7 627.8 626.3 623.1 620.5 618.5 617.2 613.4 609.7 598.3 577.2 554.1 536 514.5 494.7 476.9 459.8 448.2 439.1 438 436.7 437.6 442.3 453.8 475.7 489.7 505.7 523.5 547.2 569.3 586.6 599.7 607 605.3 591.5 575.1 565.4 552.4 539.2 522.9 507.6 493
837.2 843.9 850.6 852.1 847.1 837.9 827.2 815.7 807.7 802.6 796.2 790.3 782.9 776.2 771.8 766.3 760.7 754.2 743.6 730.2 716.4 702.9 686.7 668.7 662.8 672.6 675.5 671.1 661.9 653.8 641.1 648.7 644.3 634.3 633.5 628.6 624 614.9 612.1 611.4 607 605 601.9 601.2 595.5 587.4 560.8 544.2 523.7 503 483.6 465.2 447.1 439.3 438.2 437.9 437.4 442.8 451.5 468.3 483 496.6 512.4 532.7 554.7 574.2 591.5 605.4 614.9 618.3 608 600.2 585.6 572.1 556.3 535.4 518.4 504.6
837.8 844.7 849.6 847.9 841.7 830.9 819.1 809.3 801.6 794.5 788.2 782.1 775.3 770.7 766.6 760.6 755.7 751.3 746.7 738.7 728.2 713 695.1 676.5 654.8 646.6 648.3 645.9 639.5 633.4 628 627.1 620.8 620 615.4 612.1 604.6 604.3 601.5 600.2 598.1 595.1 592.2 589.6 585.6 572.6 553.5 533.7 508.4 491.3 472.3 453.8 439.6 439.2 438.1 438.2 438.6 443.9 459.7 475.5 491 502.6 518.2 539.4 558.9 577.1 594.9 608.9 622.2 628.9 627.1 620.4 603.2 593.5 573.5 554.1 537 524.9
838.5 844.1 845.4 841.2 833.1 821.6 811.7 800.8 790.6 781.6 776.6 770.1 763.9 759.1 755.3 748.9 741.2 738.2 735.7 732.3 724.6 711.2 696.5 675.6 656 639.4 624.5 621.4 619.7 618.2 614.4 609.4 607.2 604.3 601.2 598.1 597.1 592.9 593.8 591.9 589.5 586.5 584.2 581.1 576.8 564.9 544.5 521.9 498 476 456.1 442.6 439.7 439 438.5 439.3 443.8 447.8 467.1 484.1 497.4 510 526.6 543.2 561.8 579.7 596.9 613 628.2 639.5 643.5 638.8 628.8 612.2 598.1 580 559.3 538.3
838.8 842.1 839.4 832.5 824.5 812.2 800.5 789.6 777.8 770.1 760.2 755.1 749.6 743.4 738.7 732.2 724.2 719.7 717.7 714.8 710.3 700.1 681.4 662.4 647.9 635.9 625.5 613.6 604.1 604.4 600.2 593.9 594.1 590.4 587.7 589 586.7 584.5 583.7 582.4 581.2 577.4 575.8 573.4 568.7 560.5 539.7 516.5 488.9 467 448.9 440.7 440.1 439.4 440.1 444.3 450.3 458.1 473.9 489.7 503.2 516.7 532.2 548.4 566.3 583.2 600.7 618.6 634.3 648.8 658.1 656.8 646.5 630.7 615 598.1 574.2 548.2
839.4 838 832.7 822.6 809.5 798.3 786.5 775.4 766.1 755.1 746.5 738.8 732.3 725.1 718.2 712.7 705.4 699.4 696.3 694.6 686.1 675.2 658.5 648.1 638.9 629.5 620.2 609.4 598.4 588.7 588.6 583.5 583.3 580.1 578.1 578 576.7 577 575.6 574.3 573.3 572.6 571.2 568.1 559.2 547.6 527.3 500.7 476.3 457 441.4 441.5 441.4 440.8 442.5 448 457.4 471.5 481.8 496.4 508.9 523.7 538.7 553.7 569.1 586.9 604.8 625.3 643.2 661.1 671.1 669.4 655.3 639.8 623.8 604.7 578.7 553
836.7 833.6 826.7 815 799.7 784.7 772.2 761.8 752.6 742.7 732.5 723 715.4 708.8 702.4 692.7 686.8 683.7 676.9 671.5 664 655.6 646.7 638.2 630.1 618.9 610.2 600 591.2 586.2 576.5 573.3 572.6 569.8 569.6 567.2 568.3 567.5 565.7 565.6 568.7 569.5 568.3 562.9 551.2 536.2 512.4 488.1 470.1 452 442.6 442.8 441.9 441.8 448.2 453 467.5 478.9 489.4 503.1 516.5 530.9 544.9 558.5 575.9 593 613.6 634.1 654.3 671.7 678.3 669.7 653.4 636.8 617.3 595.5 574.5 551.3
832 826.7 817.4 802.4 785.7 771.9 759.3 750.9 740.1 730 718.8 708.6 702.5 695.5 687 682.1 677.4 669.2 659.6 652.1 644.2 638.7 632.4 623.6 613.4 603.7 596.3 589.4 582.5 576.8 571.5 564.9 563.5 565 563.1 562.7 559.7 557.9 556.1 556 559.4 563.6 562 552.8 538.8 520.6 500.3 482.8 466.7 447.8 442.8 443.2 443.1 442.7 451 461.8 473.5 484.9 497.2 511.7 524.1 536.2 549.7 566.3 582 602.4 625.5 648 667.5 677.6 682.2 670.5 652.1 633.7 610.9 590.2 568.9 551.1
826 817.7 806.2 788.1 773 760.6 751.3 739.8 728.5 718.9 711.1 699.9 691.8 685.1 676.2 671.1 664 652.3 643.4 637.1 628.7 623.5 611.4 605.2 601.2 593.9 586.4 577.7 574 569.6 564.1 558.7 557.5 555.8 555.3 554.1 552.5 550.5 548.4 548.4 549 550.4 548.2 539.5 523.2 508.7 488.6 476.8 454.9 443.9 444.4 444.1 444.2 449.4 456 470.4 480.5 493.9 506.6 518.2 530 542.4 555.4 572.5 595.1 617.9 639.8 659.4 677.1 688.6 689.2 675.4 654.4 634 612.8 593.7 569.4 551.2
820.8 809.5 794.4 778.7 765 752.2 738.9 727.9 719.1 710.2 702.6 693.1 684.7 675.8 668.8 661.7 651.7 646.3 642.5 637.5 629.9 621.1 613.2 606.3 599.8 593.5 585.2 577.9 569.7 563.1 561.3 555.7 550.1 543.4 540 539.9 539.7 539.2 538.6 537.5 536.3 536.8 534.2 525.4 512.5 494.5 477.7 461.9 446.4 446 445.3 445.2 448 456.2 464.8 479 488.8 502.4 515.2 525.7 537.3 548.8 563.9 584.8 610.1 634.2 654 673.5 692.1 702.2 701.2 683.1 660.8 639.6 616.9 597.3 572.8 554.2
816.3 800 783.9 771.5 758.8 745.1 734.2 723.9 715.7 713.4 706.2 699.2 691.8 684.5 679 673.1 667.9 660.7 652.7 643.1 633.3 625.1 617.4 611 604.3 596.4 588.4 579.1 574.3 575.9 570.5 565.1 556.5 549.8 543.9 536.7 526.8 523 516.3 520.9 522.9 523.6 520.7 511.9 499 480.4 462 446.4 447.5 447.2 447.5 450.4 457.1 465.3 478.7 488 497.1 509.9 523 532.8 544.7 558.3 575.8 599.2 624.9 649.5 673.3 695.5 713.7 721.8 718.3 696.3 670.6 646.1 623.3 600.3 571.2 549.1
