Game/Highland_Data/StreamingAssets/GeoData/Data/no/NO21.asc
ncols 200
nrows 200
xllcorner 320000
yllcorner 710000
cellsize 50
[rows 70 to 104 of 200, columns 79 to 157 of 200]
110.8 105.6 102.6 101.6 100.4 99.5 101.4 99.8 99.1 98.9 98.9 99.9 99.3 99.9 101.9 99.5 98.9 95.4 91.3 87.8 87.3 86.3 81.7 80.4 79.9 76.7 75.2 79.1 82.6 84.1 83.6 81.6 79.4 77.5 76 74.8 73.1 70.7 69.5 68.3 68.2 70.8 69.1 69.8 69.2 67 67 67 67 67 67 67 67 67 67 67 67 67 67 67 67.7 70.6 74 72.8 71.3 70.5 73.2 66.3 66.7 65.4 64.5 63.5 64.4 63.6 65.5 66.1 65.6 65.8 65.6
110.4 107.4 103.5 102.5 104 102.2 101.8 104.5 104.3 103.4 104.1 103.6 104.3 105.7 107.3 105.2 101.8 98 94.9 91.2 90.4 94.8 93.5 88.1 85.2 81.7 78.3 76.4 80.3 83.1 81.4 80.9 79.6 76.7 74.4 74 71.1 70.2 69.6 70.4 68.5 68.2 68.2 71 69.5 70 67 67 68.5 67 67 67 67 67 67 67 67 67 67 67 67 71.1 73.3 74.4 71.9 77.1 73.4 75.6 68.8 64.9 64 63.8 63.4 64.9 70.1 70.8 68.4 67.6 68
109.1 108.2 106 104.6 105.2 107 109 110.6 110.7 109.5 110.1 112.3 110.7 110.4 109.3 107.9 105 100.9 97.3 94.7 94 95.7 94.1 90.5 87.5 85.6 82.9 79.1 77.2 77.6 80 80.5 80.9 77.7 75.6 73.8 71.1 70.4 71.4 71.2 71.2 68.2 68.2 68.2 72.3 69 68.3 67.1 68.5 67 67 67 67 67 67 67 67 67 67 67 67 68 70.2 72 72.4 71 77.6 81.3 77.4 65.4 63.6 63.5 64.6 67.4 71.4 71.9 70 71.5 72.8
112.9 112.5 108.9 108 107.3 107.7 110.1 113.5 116.3 115.9 116.5 115.8 115.3 113.1 111.2 110 108.4 104.5 101.5 99.1 97.9 95 92.1 90.3 87.8 86.3 84.7 82.3 79.7 77.9 78.2 77.7 78.8 78.9 78 76.1 74.6 72.6 72.9 73 73.4 70.6 68.2 68.2 68.2 71.3 69.4 67.9 67 68.6 67.5 67 67 67 67 67 67 67 67 67 67 67 67.9 68.8 70.6 69.9 74 80.2 85.8 81.4 73 67.4 67.1 71.1 73.5 71.9 71.6 74.2 81.4
114 111.7 109.4 109.6 109.3 109.2 111 116.7 120.5 120.9 120.8 119.4 117.6 115.9 114.5 113.1 110.9 107.6 105.6 103.3 100.9 97 94.9 93.4 93.5 91.9 90.9 86.9 82.7 79.4 78.8 79.2 79.8 79.7 79.2 78.2 77.5 75.9 75 74.1 73.7 71.6 69 68.2 68.7 69.9 69.2 73.9 69.1 68.8 68.5 69.3 67 67 67 67 67 67 67 67 67 67 67 67 67 70.3 72.1 77.3 82.9 84.8 82.5 83.6 81.4 81.2 79.4 79.6 83.8 89.9 96.1
113.3 110.4 108.8 109.2 110 110.8 113.3 118.3 122.2 124.8 124 122.7 120 120.2 122.3 119.5 115.4 111.8 109.8 107.6 105.4 101.2 99.5 99.7 98.2 95.8 94 90.5 85.6 82.9 84.3 80.5 83.6 83.4 82.1 82.4 81.6 79.6 78.1 76.1 75 72.1 70.9 71.2 69.7 69.4 71.6 72.2 71.9 74.7 74.4 73.6 71.7 68.5 68 67 67 67 67 67 67 67 67 67 67 67.2 71.4 77.7 77.3 79.3 82.5 85.2 87.2 89.9 93 96.5 100.5 102.6 107.6
110.7 109.6 109.4 110.2 110.9 114.8 117.2 120.2 122.9 126.5 128.5 134 131.2 129.3 126.4 125.2 121.3 117.5 114.9 113 110.8 109.5 106.2 104.7 104.7 102.1 99.3 94.2 90.1 87.6 84 83.6 87.1 89.4 89.4 88.4 87.2 83.5 80.7 78.4 77.2 73.8 72.5 73 75.3 76.2 75.8 77.7 80.5 83.9 86.8 86.5 79.5 77.5 73.9 70.1 67 67 67 67 67 67 67 67 67 67 70.5 72.4 77.4 79 82.5 86.2 90.5 95.3 98.6 107.5 113.2 117.4 122
109.4 110.1 112.4 116.2 117 118.4 122.5 126.1 123.9 127.7 135.3 135.1 134.2 132.9 129.6 127.2 126.3 124.2 121.9 118.1 117.6 118.4 116.8 113.7 112.7 110.2 104.6 99.8 94.9 92.7 89.1 87.4 90 93.3 94 93.5 91 86.5 83.1 81.2 79.3 77.2 78.8 83 86.9 89.5 89.4 93.7 98.7 102.4 104.2 103.2 98 89.7 77.5 76 70.9 67 67 67 67 67 67 67 67 68.8 70.4 72.5 76.6 85.4 85.7 89 94.2 100.7 105.3 116.2 126.8 135 135.8
108.1 111.1 113.6 117.6 119 119.8 124.6 128 127.7 125.9 135.1 136.5 135.3 134 132.3 130.2 129.2 128.5 126 126.5 135 126.4 125.7 128.1 125.6 122.7 117.5 111.1 104.3 100.1 96.5 94.1 93.3 96 97.3 95.8 93.9 91.4 89.7 87.1 85.1 81.9 86.9 91.7 95.4 99.7 104.9 108.4 112.9 116.6 116.7 114.8 110.4 100.2 89.1 84.1 77.5 69.9 67 67 67 67 67 67 67 67 72 75.5 79.9 83.6 87.9 92.1 100.7 109.1 116.9 124.1 133.6 145 150
105.6 110.7 114 116.9 120.3 121.7 124.5 128.2 130.7 129 127.4 134.5 135.9 134.8 133.6 132.6 131.2 129.3 132.9 134.5 136.1 134.7 140.9 144.2 141 136.7 131.6 124.2 117.1 111.5 106 100.4 96 94.6 97.1 98.5 96.3 96.2 97.4 93.5 92.6 86.5 91.9 97 102.6 106.1 110.8 118.3 122.4 124 123.1 121.4 117.6 109.1 99.5 90.3 85.3 76.8 68 67 67 67 67 67 67 67.4 75.8 81.8 84.6 88.1 93.2 99.6 106.5 115.7 125.1 132.9 140.3 150.7 158.2
104.7 109.8 113.6 115.9 120.9 122.5 125.9 130.2 131.9 132.1 130.5 129.2 133.4 135.3 134.8 133.4 131.5 132.7 137 142.7 146.6 143.1 146.9 154.3 150.7 145.8 142.6 139.3 129.6 120.3 112.7 105.6 100.5 95.8 95.7 104.5 100.8 95.5 94.6 92.5 91.7 88.5 94.6 101.8 107 111.1 118.2 126.7 130.3 131.6 130 124.9 120.1 114.1 107.1 97.6 90.6 83.5 78.6 67 67 67 67 67 67 72.3 80.1 82.9 89.2 96.4 102.5 108.5 115.3 123.5 131.3 140.4 149.7 159.2 169.8
103.2 108.8 113.2 115.4 119.9 123.6 128.8 132.3 132.8 133 134 133.8 131.1 133.4 133.2 132.5 138.4 146.8 143.1 157.6 158.8 158.4 151.9 158 158.5 153 153.8 151.7 145.5 134.1 121.8 113.6 106.6 98 93.1 96.9 98.4 94.7 92.3 90.2 89.9 89.6 96.2 106 112 118.4 126.3 134.5 139.2 141 140.1 133.5 125.4 118.3 111.3 106 99.2 90.7 82.1 74 67 67 67 67 69.6 78.6 82.2 85.1 94.8 103.4 110.4 118.9 125.9 129.1 137 146.5 158.2 167.2 177
101.6 107.1 111.4 114.8 119.6 125.2 130.2 133.6 134.9 135.3 136.4 137.4 136.1 133.1 133 143.9 149.8 154.2 153.8 166.4 172.3 171.2 164.1 155.4 159.4 157.2 169 169.3 159.9 147.8 137 125.4 113 103.1 95.9 93.2 92.3 90.8 90.4 89.8 88.6 91.5 99.1 108.1 117.5 126.3 133.5 140.6 146.4 149.2 149.4 144.8 135.5 129.4 123.8 113.3 103.7 97.2 86.7 76.1 71.3 67 67 69.1 70.7 77.1 83 86.7 97.3 109.2 118.9 128.1 135 139.6 144 151.2 162.2 171 179.9
100.6 103.1 109 112.9 118.8 125.1 130.6 134 135.3 136.6 138.6 139.5 139.8 139.3 138.7 150.4 153.4 153.7 158.5 168.3 175.2 177.9 176.9 170.4 159.6 156.4 169.2 172.9 166.2 160.5 146.9 135.9 123.4 108.7 100.2 92.3 89.2 89.1 87.8 89.3 88.7 92.2 100 111 123.1 132.8 138.9 149.2 157.6 159.5 155.7 152 143.4 140.9 137.6 127.9 113.6 101.2 92.9 84.9 73.6 70.1 69.1 69.5 70.4 75.6 83 86.5 99.9 113.1 124.6 133.6 143 149.3 154.4 158.7 166.7 174.5 182.8
100.2 100.4 104.1 111.1 118.3 124.4 129.4 132.9 135.2 137.5 140.1 141.7 143.3 145.9 141.7 148.6 152.6 157.8 161.5 167.6 175.7 177.2 181.2 180.9 170.9 162.1 161.1 170.3 167.1 161.9 154.6 144.6 132.6 114.2 104.3 95.6 90.4 86.8 85.5 87.2 85.5 92.8 101.9 114.7 125.7 137.3 149.7 159.1 166.6 167.9 164.8 159.2 152.2 149.8 150.8 139.4 124.8 108.3 98.6 92.4 84.1 74.8 71.1 69.9 70.6 75.8 82.9 86.9 100.6 113 127 138.5 150.3 157.9 163.2 168.2 173.8 179.8 188.2
100 99.5 101.1 106.1 115.7 122.9 128 131.7 134.6 137.7 140.8 143.4 146.4 148.7 148.9 146.5 149.6 159.1 162.3 173.9 181.7 183.3 180.6 180 176.3 168.8 158.8 160.1 164.5 159.4 157.6 151.4 139.3 122.7 109.3 98.4 92.4 89.3 85.5 85.5 85.5 90.9 101.9 116.2 128.4 143.5 157.6 167.4 174 184.4 183 177.7 165 166.8 164.5 153.5 130.8 113.3 103 95.6 88.7 79 77.2 73.6 72.7 78.3 81.5 86.1 100.8 115.1 126.8 140.4 151.2 164.2 172.3 175.6 180.1 186.9 196.2
99.6 99.5 100.2 103.6 110.6 118.1 123.9 130.4 134.9 137.8 140.6 145.2 149.5 151.7 152.8 151.6 152.8 157.9 161.6 172.7 180.2 181.3 179.3 178.1 175.5 170.4 161.7 152.9 154 156 155.3 152.3 144.2 129.8 115.7 104.7 96.7 90.8 85.5 85.5 85.5 88.8 100.4 114.5 128.6 146.6 159.7 169.7 186.3 195.5 197 195.9 186.3 182.3 175.7 164.4 138.9 117.1 107.8 100.8 92.1 83.9 79.7 77.5 73.3 75.6 80.8 86 100.1 112.9 122.7 138.3 154.5 166.4 177.5 180.4 182.9 190.9 202.4
98.9 98.5 98.6 102.4 106.8 112.6 119.5 127 133.4 138 141.6 147.3 151.7 155.9 155.4 158 161.9 159.5 163.9 167.9 175.1 176.8 176.4 174.8 171.8 167.9 163.5 158.1 147.5 144.9 148.8 148 141.6 132.6 122.4 111.1 99.3 92.2 86.1 85.5 85.5 85.5 97.7 112.2 126.9 144.6 156.7 174.9 188.5 195.9 195.8 193.4 188.2 184.2 177.3 162.1 140.4 123.9 111.6 104.6 97.4 87.1 80.8 78.4 76.1 75.5 79.7 86.4 99.3 111.4 123 136.1 155.5 168.4 180.5 182.9 184.9 194.1 206.1
98.4 98.3 98.2 100.9 105.5 109.4 115.1 122.7 130 135.6 140.6 145.7 150.1 154.8 155.2 157.6 167.1 167.9 167.2 167.2 169.7 175.7 172 168.5 166.2 163.8 161.1 160.6 153.3 140.7 137.3 138 135.2 132.1 124.4 114.3 103.3 94.1 89.2 85.5 85.5 85.5 96.2 111.7 126.2 139.8 152 170.3 185.1 191.4 192 191 186.1 182.4 174.6 159.1 145.1 132.3 120 106.9 98.7 88.3 82.3 79.2 77.7 76.9 78.4 87.3 99.1 111.1 124 134.6 153.2 169.9 181.7 185.6 184.3 192.4 210.5
97.8 97.9 98.8 100.8 103.8 107.8 112.3 117.5 125.5 131.9 138.3 143.3 147.8 152 155.5 160.4 168 175.9 175.3 173.9 172.3 172.5 169.4 162.8 161.5 158.9 155.3 154.8 150.1 143.2 134.1 128.1 127 127.9 124.4 115.3 105.6 97.8 92.1 85.9 85.5 85.5 91.1 106.2 122.1 134.2 147.4 166.7 177.6 185.7 188.6 187.6 185.1 177.8 170.3 159.5 148.6 136.9 124.6 111.7 102.2 90.2 84.3 80.4 78 77.5 77.9 86.5 100.9 111.6 124.5 138.8 153.9 169.6 181.4 184.8 184.1 193.9 215.6
99.6 97.9 98.7 100.6 105.2 108.3 113.8 119.6 124 128.2 134.6 141.1 146.5 152.8 158.2 163.4 170.5 182.6 186.7 182.2 176.1 172.5 168 166.3 160.8 158.3 153.3 152.6 147.5 142.8 134.8 126.5 118.9 120.4 121.2 116 107.3 100.8 96.9 91.7 86.3 87 87.5 96.9 116.3 127.9 146.9 164.1 171.8 175.8 178.5 186.3 192.2 189.6 175.4 158.9 152.7 139 127.7 116.2 104.1 91.2 85.1 80.7 79.3 78 78.9 85.6 100.8 113.1 127.5 142.1 153.1 165.1 175 180 182 195.4 214.7
101.4 99.6 98.8 101.9 107.4 111 113.5 120 124.9 128.7 134.1 141.9 148.4 155.5 162.7 167.9 174.2 189.5 194.7 194.6 191.2 177.7 173.8 173.3 165 160.2 154.2 149.6 146.9 141.4 134.2 128.1 120 111.7 112.9 111.9 108.7 102 98.1 93.3 89.3 87.3 87.8 89.5 103 120.6 140.8 156.2 162.4 168.2 169.9 184.5 196.4 197.4 191.8 169.9 151.6 139.7 129.3 118.6 104.6 92 87 81.9 79.9 78.1 78.5 85.8 99.3 112.8 129 142.7 151.8 161.2 171 177.2 182.7 192.3 206.5
98.5 98.8 100.4 102.2 104.7 109.5 114.1 119.6 125.4 131.7 137.3 143.4 153.6 163.6 167.8 172.5 179.2 190.3 196.9 200.8 202.8 188.2 184.5 175.9 172 164.2 161.3 152.8 145.9 139.7 131.2 127.3 121.4 111.7 102.9 105.3 107.8 102.4 97.3 92.5 90 88.5 89 88.2 93.3 114 133.4 146.4 153.7 159.8 161.9 181.5 198.9 203.7 200.6 184.4 160.8 141.3 131.6 120.5 105.2 93.5 88.2 85.4 83.8 78.8 80.5 85.3 98.5 111.4 127 139.2 149 158.3 168.2 176.1 182.9 199.2 211.2
98.9 98.6 99.6 101.7 105.4 110.7 116.8 121.4 127.8 134.1 140.8 147.9 159.7 170.5 173.8 177.8 182.1 190.8 199.2 202.6 202 197.2 190.9 186.7 173 169 162 153.7 144.8 136.2 128.9 124.4 118.8 110.4 104.8 98.3 102.2 101.5 97.4 95.6 97.5 93.3 93.8 96.7 92 100.2 118 137.2 146.3 149.2 152.2 176.4 198.8 201.7 198 185.8 167.7 152.6 136.1 121.9 104.5 92.7 88.5 86.5 85.6 80 80.8 85.5 98.8 111.9 125.8 138.1 147.7 157.8 165.2 172.9 180.4 200.3 211.2
102.9 98.9 98.7 100.8 107.1 113 118.5 122.7 129.3 136.7 143.8 153.3 162.7 173.8 179 182 184.6 191.2 199 198.3 197.4 193.7 190 187.6 179.8 174.5 165.6 156.9 149.5 138.1 129 123.7 117.6 111.2 106.3 101.3 97.2 97.6 97 97.7 100.6 96 92.7 95.5 97.5 95.2 104.6 128.2 138.6 140.9 145.1 164.9 193.9 193.3 192.6 189.4 179.1 160.3 142 123.1 107.1 92 88.2 85 85.6 82.8 82.2 84.1 100.4 115 127 138.3 150.1 159.5 166 173 180.5 198.5 209.9
102 98.6 98.2 100.4 108.4 115.8 119.2 124.6 131.8 138.5 147.4 158.1 168.1 174.9 183.3 185.1 187.8 190.9 196.3 196.7 195.3 191.9 189.1 187 180.7 173 167.6 158.9 150.7 144.6 132.1 123.4 117.1 110.8 105.9 101.6 95.7 94.2 95.4 96.1 99.7 98.7 93 91.5 92.5 95.2 95.5 114.8 129.1 133.3 138.4 157.4 180.5 183.7 184.2 184 182.1 167.5 144.3 127.9 108.3 91.9 86.6 84 82.4 83.4 83.8 86.3 102.5 116.3 128.3 139.4 150.8 161.8 167.6 173.5 180.3 189.5 203.2
100 98.4 98.9 100.3 108.6 115.7 120.7 126.6 138.1 144 156.1 164.3 172.4 177.8 182.7 187.3 189.8 191 194.3 198.4 200.3 197.6 194.1 192.7 191.5 183.1 166.8 160.5 148.5 143.9 133.1 124.1 116.3 109.9 105.3 101 97.5 94.4 92.5 92.4 96 98.3 93.9 90.3 90.4 96.9 99.8 104.6 119.3 126.5 131.3 145.9 169.5 176.8 176.1 180.6 179.7 175.1 148.3 125 110.8 92 85.9 82.4 81 83.1 83.7 91.8 100 115.5 126.5 137 147.5 159.2 166.6 172.8 178.9 186 201
98 97.4 98.3 101.3 108.2 115.8 122.1 137.5 149 155.8 161.3 170.4 177.5 182.3 185.4 187.6 190.8 194.3 200 203.7 204.8 200.4 197.5 196.7 193.9 184.9 177.7 165.7 152.3 141.6 133.7 127.5 117.5 109.9 104.6 100.7 98.4 95.8 92.7 91.9 91.3 92.4 94.8 89.7 91 99.9 108.1 106 105.8 118.9 126.4 139.5 154.2 163.3 166.4 173.1 175.6 172 150.9 128.8 112 96.1 86.4 84.3 81.9 81.1 85 101.6 106.8 111.6 123.3 134.3 145.2 155.7 163.7 170.1 176.4 182.7 195.8
97.5 97.6 98.3 102.2 110.2 116.3 124.3 146.6 155.6 164.5 165.9 175.6 181.8 186.5 189.8 194.1 196.8 198.5 202 204.2 203.3 197.8 194.5 191.8 190.5 186 179.4 173.3 160.6 148.8 133.3 124 118 109.6 105.2 101.3 102 100.4 94.7 91.7 91.2 90.7 92.5 89.1 90.9 96.9 104.9 109.5 103.7 107 118.7 130.6 140.5 149.8 157.7 162.8 167.7 167.3 155.8 130 108.8 96.8 87.6 84.2 81 79 90.7 110.3 115.2 113.7 120 131.3 140.9 150.6 159.4 166.7 174.1 182.3 189.1
98 98.1 98.1 101.1 107.5 113.8 135.9 150.1 160 167 172.9 176.7 185.4 189.5 196.3 203.4 209.2 203.3 201 200.7 198.7 194 192.1 187.8 184.1 181.2 175.3 168.2 160.2 150.4 144 125.1 117.3 111.7 106.9 104.7 105.1 102.7 99.8 93.2 91.1 90.1 89.1 88.1 88.1 91.2 96.6 103.8 104.4 99.9 108.6 120.8 127.2 137.6 145.8 153 161.6 163.7 157.9 131.3 108.2 94.5 87.3 82.8 77.3 78.9 100.1 119.6 125.4 122.6 119.5 128.4 137.6 146.6 155.6 161.7 170 180.2 186.8
98.6 98.2 97.9 100.2 107.6 121.7 135.3 149.4 158.3 167.5 174.3 177.3 184.1 189.7 201.1 208 209 205.6 198.1 198.7 194.5 188.3 187.6 183.3 178.8 176 170.8 164.6 155.7 148.2 142.3 131.5 122.5 115 108.6 109.8 109.6 106.7 102.1 99.2 92.2 89.9 88.8 88.1 88.1 89.5 91.6 100.9 104.7 103.5 99.9 105.1 116.2 126.7 134.7 141.5 151.4 156.8 151.8 130.8 106 94.2 86.8 81.1 77.2 85.6 108.2 123.6 134.2 133.9 129.4 128.1 135.3 143.4 151.7 159.2 165.5 173.9 184.6
99.8 98 97.3 97.6 110.8 123.2 132.1 146 155.6 163.8 170.3 174.6 193.5 194 199.5 204.9 205.7 205 199.9 196.7 191.6 187.4 187 185.5 184.1 180.2 171.8 158.8 152 145.1 138.8 128.2 121.7 117.3 115.4 113.9 118.4 115 109.3 105 99 95.7 89.9 88.1 88.1 88.1 88.9 94.1 103.2 106.3 101.4 99.1 108.7 118.2 127.9 134.8 141 146.1 142 125.7 102.7 91.2 87.2 80.7 76.9 90.4 114.4 128.7 139.8 143.7 139.6 133.2 136.6 143.9 151.3 155.9 167.6 177.7 186.9
99.8 99.1 97.7 97.5 108.2 122.1 130.1 139.2 151.2 159.2 165.4 183 196.8 195 195.4 198.3 201.5 203.6 200.8 197 189.8 188.3 189.5 188.5 184.9 179.9 167.9 158.8 150.4 143.8 136.2 128.5 121.5 120.4 120.2 121.1 124.3 125.9 118.6 113.3 106.4 100.2 103 97.1 88.1 88.1 88.7 92.1 100.7 104 102.6 100.7 102.4 117 126.5 133.1 137.3 140.8 137.4 123.3 99.4 87.9 86.2 80.2 77.2 92.8 116.4 133.4 145.3 152.8 150 140.4 138.3 143.5 149.5 159.5 172.8 183.1 191.6
99.9 98.7 97.5 97.5 107.7 119.5 126.7 134.3 146.8 155.6 166.8 185.2 191.1 191 191.4 196.4 200.1 200.9 200.4 196.6 189 188.3 190.9 190.1 186 180.7 169.2 160.8 151.9 144.5 136.1 128.6 122.5 122.1 125.2 126.3 130.2 135.4 134.9 125.2 117.3 110.5 105.9 103.5 97.2 89.8 89.8 92.8 97.1 95.9 96.7 94.4 95.9 110.6 122.3 131.4 135.2 137.5 135.4 124.1 101 86.5 84 78 78.1 95.1 119.3 137.4 148.8 158.4 156.2 150.2 144.6 143.6 148.1 162.1 178 187.1 193.9
100 99.4 97.7 97.1 109.3 122.6 127.1 135.5 143.6 151.9 170 186.7 188 185.6 186.2 192.9 196.9 199.2 198.9 198.5 188.9 188.8 192.2 190.4 186.4 180.1 169 158.9 153.4 145.7 134.9 127.9 123.8 123.7 126.5 133.3 135.9 146.6 147.7 138.8 127.4 121.1 114.6 109.2 105.4 102.3 94.9 92.8 89.2 88.4 88.6 89 91.2 98.2 119.6 128.6 134.6 135.9 132.3 124.4 102 86.1 80 75.7 78.1 94.9 118.8 138 149.7 159.2 161.5 164.5 154 147.9 148.3 158.3 177.6 185.7 191.4
