Game/Highland_Data/StreamingAssets/GeoData/Data/no/NO22.asc
ncols 200
nrows 200
xllcorner 320000
yllcorner 720000
cellsize 50
[rows 78 to 116 of 200, columns 0 to 86 of 200]
231.1 210.4 200.6 195.5 196.5 198.7 200.8 203.4 203.1 203.7 200.6 197 192.9 187.4 183.6 177.5 173.2 169.2 165.5 160.3 155.6 153.3 145.7 137.6 129.6 122.1 115.1 109.5 103.6 96.9 87.8 73.6 77.9 88.3 93.9 100.3 101.2 97.1 90.5 83.3 76.3 69.2 63.2 60.2 54.7 47 39.9 35.1 30.7 24.6 16.6 12.7 11.2 10.5 10.9 10.7 11 11.2 11.1 11.2 11.3 11.2 11.2 11.1 11 11 10.9 10.8 10.7 10.5 10.5 11 10.9 11.3 11.6 11.7 11.4 11.1 10.6 11 11.4 11.7 11.2 10.6 10.4 10.4 11.1
245.1 218.6 204.1 197.2 193.3 193.6 195.4 198.3 202.1 201.7 196.6 191.9 189.3 184 180.7 176.2 172.6 169.7 165 159.3 155.6 150.2 141.5 135.2 129.1 122.7 116.2 110.6 106.3 101.2 95.3 88.7 71.6 73.8 79.9 81.3 85.4 83.2 79.6 71.6 64.2 56.6 50.8 47.9 43.7 36.5 30.4 25.6 22 17.8 12.7 11.4 11 10.6 10.2 10.3 10.4 10.8 11.2 11.3 11.4 11.3 11.3 11.2 11 10.9 10.8 10.7 10.5 10.4 10.4 10.6 11.4 10.3 10.3 11.3 11.5 10.6 11 11.3 11.6 11.8 14.8 12.4 10.9 11.4 11.6
253.5 229.5 207.3 197.7 193.3 191.4 190.7 194.1 194.9 194.5 192 188.8 190.2 183.3 178.5 173.3 171.4 167.5 161.8 156.6 152.4 142.3 134.1 126.6 118.7 114.4 110 105.7 102.7 100.9 98.1 92.5 86.7 68.4 63.9 63.2 69.8 66.3 61.9 56.3 51.8 48.4 43.1 37.5 32.5 27.7 22.5 19.9 17.8 13.5 11.7 11 10.6 10.3 10.2 10.5 10.7 10.6 11 11.4 11.4 11.4 11.2 11 11.1 10.9 10.7 10.6 10.4 10.3 10.8 9.8 10.9 11 11.3 10.7 11.7 10.9 11.3 11.7 11.9 12 16.8 12.6 11.6 12.8 11.5
254 232.1 209.8 199.7 193.2 187.7 187.3 188.6 188.9 187.1 185.1 185.1 186 180.6 175.5 169.7 164.7 160.9 156.4 150.3 140.6 131 122.9 120.5 115.4 115.3 108.1 96.1 91.9 89.5 90.4 88.6 85.8 80.7 73 61.4 60.2 52.7 51.4 48 45.7 42.7 37.5 31.5 26.4 21.2 18.2 16.2 13.5 12.3 11.2 10.6 10.5 10.8 11 11.1 11 10.6 11 11.3 11.4 11.2 11 10.9 11.1 10.9 10.8 10.6 10.2 11.3 10.8 11.1 10.8 10.8 11.2 11.7 11.4 11.3 11.6 11.9 12.2 12.5 18.4 12.2 13.5 12.2 11.3
257.8 233.1 213.8 202.7 196.2 190.4 185.7 182.9 180.5 180.2 176.3 177.9 176.9 174.6 170.5 164.8 161.4 156.2 154.3 146.8 138 144.9 142.1 134.3 127.8 126.3 123.3 110.9 97.6 87.6 79.2 78.6 80.4 79.1 73.9 66.4 51.9 49.2 46.3 43.7 41.8 38.4 32.5 26.1 21.6 19.1 16.1 14 12.3 11.5 10.7 10.8 11 11.1 11.3 11.3 11.2 10.7 11 11.4 11.2 11.1 10.9 10.7 11.1 10.9 10.8 10.4 9.8 11.6 9.3 10.1 10.8 11.8 11.4 11.6 11.5 11.5 11.5 11.8 12.1 12.5 12.3 14.6 19.3 12.2 11.6
250.4 230.6 214.7 204.9 198.4 193.1 188 185 184.7 185.6 182.7 177.3 171.7 165.1 163.3 159.3 155.4 153.3 149.7 141.4 146 153.2 151.1 152.1 145.5 136.8 134.4 122.9 112.3 100.6 90.6 79.7 70 72.6 65.2 58.3 53.8 47.6 42.6 38.6 39.4 36.3 30 22.7 18.7 16.6 14.9 13.1 11.5 11.1 10.8 11.1 11.3 11.4 11.6 11.5 11.3 11.2 11.1 11.3 11.1 10.9 10.7 10.6 11.1 11 10.6 10 9.4 9.2 11.2 11.3 11.5 11.6 11.8 11.7 11.7 11.6 11.6 11.7 12 12.4 14.1 18.3 17.7 17.6 15
244.4 223.4 212.8 205.9 201.4 196.7 192.4 186.6 185.4 187.2 188.3 184.2 179.2 173.9 167.2 161.4 158.3 154.4 148.3 151.8 156.7 159.2 161.1 158 157.3 146.3 141 130.6 123.6 116.4 104.4 94.8 84.9 70.5 59.2 54.6 49.4 46.7 42.9 40.6 34.2 34.4 26.7 20.1 17.5 15.7 14.5 12.9 11.9 11.2 10.8 11.2 11.6 11.7 11.8 11.6 11.5 11.4 11.3 11.1 10.9 10.7 10.5 10.8 11.1 10.8 10.2 9.6 9 9.9 10.8 11 11.3 11.5 11.7 12.1 11.9 11.8 11.7 11.7 12.4 13.5 12.8 11.9 12.1 12.1 12.4
246.8 221.9 212.9 206.8 202.4 198.3 195.3 189.7 185 184.6 186.2 184.1 180.8 176.8 172.2 168.3 164.4 161 157.8 154.4 160.7 165.6 165.9 168.4 166.2 158.4 149.5 138.8 132.1 127.4 119.9 111.1 101.1 87.4 72.6 64.6 58 52.4 46.1 39.1 33 26.2 22.6 19.1 17.1 16.4 14 12.9 12.5 12 11.1 11.4 11.8 12 11.9 11.8 11.6 11.4 10.7 10.6 10.5 10.3 10.4 10.9 11 10.5 10 9.5 9.5 10.2 10.6 10.9 11.2 11.3 11.8 12.2 12.4 12.3 12.1 12.4 12.5 11.8 11.9 12.1 12.4 12.9 13.5
234.7 217.3 211.3 207.5 204.9 201.4 197.7 193.8 187.1 182.3 180.8 180.4 180.2 177.5 173.6 170.3 168.7 166.7 166 163.9 166.4 171.1 173.4 171 168.1 164.8 156 144.8 136.5 136.4 127 120.9 113.8 104.3 89.3 72.8 62.9 56.1 49.5 41.3 32.6 24.1 19.7 17.9 16.4 14.8 13.5 13.1 12.7 12 11.6 11 11.8 12.2 11.9 11.7 11.5 10.6 10.3 11 10.8 10.3 10.3 10.4 10.9 11.1 11.5 10 11.4 10.5 10.7 10.7 11 11.4 11.8 12.2 12.6 12.8 12.7 12.5 12.4 12.1 12.3 12.4 12.6 13.5 14.4
214.6 205.8 205.8 205.7 204.6 201.6 198.3 196.2 190.5 183.5 180.1 178.3 177.1 177.2 175.8 173.5 171.3 170.6 171.7 170 169.9 173.2 179.3 178.7 172.5 169.8 160.9 146.6 138.2 138.7 132.9 128.5 120.4 110.2 97.9 84.8 71.8 58.5 50 39.7 30.6 21.6 17.7 16.4 15.2 14 13.4 12.7 12.1 11.4 11.1 10.8 11.6 11.7 11.4 11.2 11.2 10.9 10.4 11.5 10.7 11.1 11 10.7 10.2 10.5 10.9 10.8 10.6 10.3 11.5 11 10.9 11.4 11.8 12.2 12.7 12.9 12.5 12.7 12.6 12.5 12.7 12.8 13.6 14.3 15.1
197.2 193.8 197.1 200.1 200.9 199.7 199.8 198.4 194.3 185.3 179.3 175.8 175.7 177.1 177.1 177 174.2 174.7 176 174.6 173.5 176.1 178.5 178.5 176.1 168.8 162.3 153 139.6 131.6 130.1 127.5 116.7 107.8 97.5 86.9 73.2 60.7 46.6 35.3 27.5 18.9 16.2 14.9 13.7 12.9 12.6 12.1 11.4 10.9 10.7 10.5 11.6 11.3 10.7 10.6 11.2 10.7 10.3 11.3 10.6 11.4 11 11.3 11 10.4 10.5 10.5 10.5 10.8 11.1 11.5 11.4 11.1 12 12.3 12.8 12.6 12.9 13.2 13.4 13.3 13.4 13.6 15.3 15.7 16.1
183.7 184.4 187.7 192.4 195.4 197.2 200.5 198.2 195.6 188.9 182.3 174.3 169.9 169.1 173.2 175.3 176.3 176.5 176.2 180.4 174.6 175.6 175.1 170.6 169 166.9 158.6 149.7 136.4 125 120.8 119.9 110.4 101.7 93.5 80.3 64.9 50.9 39.9 29.9 22.5 17.7 14.7 13.4 12.5 11.9 11.6 11.3 10.8 10.6 10.4 10.5 10.5 10.8 10.9 10.9 11.1 10.6 10.4 11.1 10.9 11.3 11 10.4 10.8 10.9 10.6 10.8 11.3 11.6 11.9 12 11.9 11.6 11.3 12.1 12.5 13.2 13.6 13.8 13.9 14.1 14.5 16 16.8 16.4 16.3
172 175.2 180.2 182.9 187.1 193.5 192.6 195.4 197.3 193.6 188.3 179.5 168.6 162.7 164 173.5 182.8 177.3 173.6 174.5 170.7 168.8 169.9 165.3 162.7 154.6 146.7 136.1 125.3 113.1 102.9 98.8 97.3 87.8 78.3 66.8 54.5 42.1 34.9 27.5 18.3 14.7 12.8 12 11.3 10.9 10.7 10.7 10.7 10.8 10.6 11.5 11.7 11.5 11.4 11.3 11 10.5 10.6 10.9 11.2 11.2 11.3 10.4 9.8 10.7 10.9 10.7 11 11.4 11.9 12.5 12.4 12.1 12 12.6 12.7 13.5 14.3 14.5 14.7 16.2 16.9 17 17.2 16.8 16
160.8 163.5 169.5 174.3 178 179.1 184 189.7 189.7 192.2 194.2 191.2 175.9 166.5 156.3 163.2 165.2 166.6 167.3 166.7 164.9 164.3 163.8 159.4 153.4 144.9 135.2 120.8 108.8 98.6 89.2 83.8 76.7 69.3 60 51.2 42.4 37.4 32 24.6 17.4 13.2 11.4 10.7 10.5 10.7 10.7 10.8 10.8 10.6 10.7 11 11.6 11.4 11.3 10.8 10.6 10.4 10.4 10.8 11.1 11.2 11.2 10.8 10 10.6 11.2 11 10.8 11.1 11.6 12.2 12.8 12.8 12.7 12.7 13.2 13.9 15.1 16.2 17.5 18.7 18.7 17.4 17.2 16.4 15.3
151.2 151.7 154.8 157.6 164.9 160.9 163.8 169.2 170.6 174.9 176.2 176.3 177.3 167.5 152 144.1 150.7 151.8 155.5 153.2 151.6 144.3 139.1 133.5 128.3 121.4 112.3 102 91.1 82.3 73.7 72.9 67.1 57.4 49.3 43 35.9 29.4 25.8 21.4 16 13.2 11.8 11.4 10.3 10.5 10.7 10.8 10.9 10.7 10.5 10.8 11.5 11.3 10.9 10.5 10.2 10.2 10.4 10.7 11 11.1 11.2 10.2 10.2 11 11.5 11.3 11.1 10.9 11.2 11.9 12.6 12.7 12.6 13.5 14.5 15.1 15.6 16.3 17.6 18.6 18.1 16.5 16.5 16.4 15.6
133 142.4 140.6 138.7 139.8 140 142.3 145.9 149.8 152.2 155.2 158.7 155.7 153.1 156.2 141.6 124.1 136.9 133.6 130.3 127.6 123.1 119.3 118.6 112.5 104.7 93.9 82.9 74.8 67.1 61.9 64.2 55.1 48.7 42.5 37.3 30.9 25 20.8 17 13.9 12 11.1 10.8 10.9 10.6 10.7 10.8 10.9 10.8 10.3 11.6 10.7 11.1 10.3 10.1 10.2 10.2 10.5 10.8 11.1 10.8 10.6 10.2 10.2 10.3 10.3 10.9 11.5 11.8 11.2 11.8 12.4 12.6 13.1 14 14.7 15.5 15.8 16 16.7 17.6 17.8 16 15.5 15.5 15.4
110.4 109.1 108.9 109.1 110 112.6 119.5 121.9 119.7 119.6 126.5 130.3 133.5 125.5 126.8 123.9 115.5 104.9 109.1 109.5 110.6 109.6 106 101.1 93.4 83.9 74.7 67.2 60.1 54.2 49.3 47.1 43.1 41.9 39.9 35.5 28.7 23.3 18.3 15.5 13.8 12.2 11 10.5 10.5 10.7 10.8 10.7 10.5 11.5 10.1 11.2 10.7 10.3 10.1 10.1 10.2 10.2 10.6 10.9 10.9 10.6 10.4 10.3 10.3 10.3 10.5 11 11.5 11.7 11.8 11.4 12.3 12.7 12.6 13.3 14 14.8 15.3 15.7 16.1 16.3 16.3 15.1 14.3 14.3 14.2
104.2 104.8 105.8 106.8 106.3 105.5 104.6 104.5 103.3 99.8 97.5 94.6 93 96.5 97.1 99.1 95.2 90.6 82 85.5 90.6 86.7 67.7 64.5 62.5 63.1 61.1 56.8 51.9 46.3 44.8 42.9 41.5 41 39.8 35.2 29.2 23.4 18.3 16.3 15.4 13.7 11.6 10.9 11 10.7 10.4 10.2 9.9 9.9 11.3 11.8 11.2 10.6 10.3 10.2 10.2 10.2 10.7 11 10.7 10.5 10.3 10.8 10.5 10.4 10.7 10.9 11.1 11.4 11.6 11.5 12.6 12.7 12.4 12.6 13.4 14.1 14.7 15.1 14.9 14.8 15.1 14.1 13.7 13.4 13.2
120.3 118 114.1 113.3 112.6 114.1 115.4 114.3 112.3 109.3 105.4 103.1 93.8 88.3 84.3 82.5 76.9 75.4 69.9 69.2 65.9 69.7 69.3 64.1 54 48.7 48 46.3 42 41.8 43 41.5 40.7 40.6 40 35.4 29.5 23.5 18.6 17.1 16.5 15.8 14.3 11.5 11.2 10.7 10.5 10.3 10.1 10.6 10.7 11.6 11.4 10.8 10.5 10.4 10.3 10.2 10.6 10.8 10.7 10.5 10.3 10.9 11.1 10.8 10.6 10.7 10.9 11.1 11.3 12.6 12.3 12.3 12.3 12.1 12.7 13.5 14.1 14.2 13.9 14.1 13.9 13.5 13.1 12.8 12.5
144.3 134.7 128.4 120.7 119.3 120.4 123.5 124.8 122.2 121.2 120.3 120 111.9 106.8 102.6 102.5 102.5 99.3 93 79.9 79.7 81.9 83.1 73 61.7 54.7 47.2 44.9 44.5 37.8 38 35.2 36.4 38.1 39.9 35.7 28.3 23.9 19.9 18.3 17.7 16.4 14.8 12 11.5 10.7 10.7 10.7 10.3 10.4 10.5 11 11.5 10.9 10.8 10.7 10.6 10.5 10.6 10.8 10.6 10.5 10.3 11 11.4 11.2 10.9 10.8 11 11.2 11.3 12.2 12 12 11.9 11.9 12 13.2 13.7 13.4 13.4 13.5 13.2 12.9 12.5 12.2 11.8
164 152.7 150.4 140.8 128.9 128 130.7 134.1 133.6 133.1 132.7 127 119.5 116.5 114.2 114.8 117.5 117.9 115.6 100.8 89.1 86.2 83.9 78 69 62 55.2 51.5 49.1 47.7 43.5 40.4 35.5 30.4 29.3 30.7 28.6 22 20.1 18.4 17.6 16.8 15 12.6 10.7 11.6 11.8 11.8 11.4 10.8 10.3 10.4 11.3 11.1 11 11 10.9 10.8 10.9 10.7 10.6 10.5 10.3 11.3 11.3 11.4 11.3 11.1 11.1 11.2 12.5 11.8 11.7 11.7 11.6 11.8 12.5 13.4 13.6 13.4 13.4 13.4 12.9 12.5 12.2 11.9 11.8
175.8 166.5 158.3 154.3 148.5 148.8 148.4 147.1 144.1 143.1 141.7 127.4 124.6 126.7 125.9 124.4 123.7 125.4 126 123.3 111.9 97.6 88.7 80.6 72.8 65.3 60.6 57 53.9 49.4 46.5 44.5 42.2 40.8 30.7 23.6 21.8 21.2 19.1 18.4 17.6 16.6 15.3 13.3 11.9 12.2 11.8 11.8 11.6 11.3 11 10.7 10.4 11.4 11.4 11.3 11.2 11 10.8 10.7 10.7 10.7 10.7 11.2 11.2 11.3 11.4 11.3 11.2 11.7 12 11.6 11.4 11.4 11.6 12.1 13 13.3 13.5 13.5 13.4 13.4 12.6 12.2 12 11.8 11.8
186.1 178 168.3 159.9 155.9 156.1 154.7 152.2 149.2 149.7 145.4 131 128.2 127.3 130 130.2 126.2 126.8 130.5 131.7 131.6 116.6 100.5 89.9 79.9 71.1 65.6 60.5 55 49.8 44.9 42.7 40.5 38.2 33.7 25 21.2 20.6 19 18.5 17.3 15.9 14.9 13.9 12.7 12.1 11.7 11.7 11.7 11.4 11.1 10.8 10.5 10.3 11.7 11.6 10.7 11.1 10.9 10.9 10.9 11 11 11.1 11.2 11.2 11.3 11.3 11.4 12.2 12.1 11.9 11.6 11.4 11.7 12.3 12.5 12.7 12.9 13.1 13.3 13.3 12.5 12.1 11.9 11.8 11.8
200.7 193.6 183.5 172.2 161.9 159.9 158.4 156.1 153 151.4 145.9 134.3 129.5 127.6 129.9 129.7 128.8 126.2 128.8 131.8 132.7 125.9 112.5 98.8 88 77.9 70.7 63.1 55 49.7 44.1 40.3 37.5 35 30.6 23.9 20.2 18.8 17.8 18.1 16.7 15.2 14.2 13.9 12.3 11.9 11.6 11.6 11.7 11.5 11.2 10.9 10.5 10.9 10.2 10.6 11.5 10.9 10.8 10.8 10.8 10.8 10.9 11 11.1 11.2 11.2 11.3 12 12.1 12.3 12.5 12.7 12.5 11.8 12 12.1 12.2 12.5 12.9 13.2 13.5 12.4 11.9 12.2 12.4 12.2
208.1 206 199.1 182.4 169.1 164.1 161.3 157.9 157 155.5 144.5 136.8 130.6 128.6 130.6 131.2 130.1 125 124.4 128.6 126.5 117.7 108.6 98.6 85.5 75.4 70.5 60 51.4 44 39.6 37.2 34.3 29.3 24.9 22.1 20 18.4 17.1 17.5 16.2 15.3 13.8 13 12.6 11.7 11.6 11.6 11.6 11.6 11.3 11 10.4 10.3 10.4 10.7 10.4 10.8 10.8 10.8 10.8 10.8 10.8 10.8 11 11.1 11.2 11.7 12.1 12.3 12.4 12.6 12.7 13.2 12.4 12.3 12.5 12.6 12.6 13 13.3 13.7 12.6 12.8 13.3 12.8 12.3
215.7 210.5 208.8 192.5 176.2 169.2 163.4 159.8 158.5 154.8 146 138.2 132.5 129.1 129.3 132.4 130.8 125.3 117.9 120.9 115.4 106.9 99.2 87.6 77.1 66.9 60.4 48.8 39 36.1 33.7 32.4 27.7 22.8 21 20.4 19.2 17.6 16.1 15.7 15.5 14.4 13 12.1 11.8 11.5 11.6 11.5 11.5 11.5 11.4 11.1 10.5 10.6 10.9 11.2 11.7 11.2 11.6 11.6 11.4 11.2 11 11.1 11.5 11.7 11.7 12.1 12.1 12.3 12.4 12.5 12.7 13.3 13.3 12.8 12.9 13 12.7 13.1 13.5 14 13.1 14 14 13.3 12.7
219 215.4 211.5 202.1 188.7 175.2 168.2 162.3 157.7 152.2 145.3 138.2 132.5 128.5 128.6 133.6 130.7 126 118.9 111.2 102.8 93.9 86.7 76.9 68 59.7 49.9 37.3 33.2 29.9 28 25.3 21.4 19.3 18.9 18.8 18.1 16.6 16 14.7 14.6 13.9 13.5 11.9 11.7 11.5 11.3 11.6 11.5 11.5 11.5 11.2 10.9 10.9 11.1 11.6 11.9 12.2 12 11.8 11.6 11.3 11.1 11.1 11.5 11.8 12.5 12.1 12.1 12.2 12.3 12.4 12.7 13.3 14 13.4 13.3 13.4 13.1 13.2 13.7 14.2 14.3 14.4 14.5 14.1 13.5
216.5 213.5 210.5 201.8 189.7 178 170.9 165.2 160.1 153.2 144.2 137 131.5 128.6 127 129.5 129.2 126.6 120.3 109.9 101.6 91.7 82.7 71.7 63.3 53.3 42.5 33.5 28.5 25.2 23 20.8 18.1 17 16.8 16.6 15.7 15.8 15.6 13.3 13.6 13.6 12.4 11.8 11.6 11.4 11.2 11.4 11.6 11.5 11.4 11.2 11.2 11.1 11.3 11.5 11.8 12.1 12.2 11.9 11.7 11.5 11.3 11.1 11.7 11.9 12.2 12.1 12.1 12.2 12.3 12.4 12.8 13.4 14 14.2 13.9 13.8 13.5 14 14.5 14.7 15.5 14.6 14.8 14.9 14.3
215.5 212 208.1 200.5 189.7 177.9 172.1 165 159.3 156.2 146.3 138.1 132.2 128.6 126.1 124.9 124.2 122 115.9 107.2 98.8 89.7 79.2 69.5 60 49.2 37.4 30 25.6 22.1 20.8 18.1 16 15.8 15 14.2 14.3 14.6 13.6 12.8 12.4 12.2 12 11.8 11.5 11.3 11.1 11.1 11.5 11.6 11.2 10.9 10.9 10.3 11.1 11.4 11.7 12 12.3 12.2 11.9 11.7 11.4 11.2 11.7 12.1 12.3 12.2 12.2 12.2 12.2 12.3 12.8 13.4 14.1 14.7 14.5 14.3 14.9 16.2 16.2 16.1 16.3 16 15.1 15.7 15.1
213 215.1 208.7 205.7 195.7 182.3 173.5 167.5 162.9 160.2 157.2 147.3 136.5 130.5 127.8 124.6 119.4 116.5 108 100.8 91.9 81.3 73.7 65 54.6 42.1 33.1 26.5 22.3 19.8 17.9 15.8 15.1 14.5 14.5 14.4 14.3 14.1 13.6 13.3 12.7 12.1 11.8 11.7 11.4 11.2 11 10.8 11.2 11.2 11.5 11.4 10.9 10.4 10.9 11.2 11.6 11.9 12.2 12.3 12.2 11.9 11.6 11.4 11.6 12.3 12.4 12.3 12.2 12.2 12.2 12.3 12.9 13.5 14.1 14.8 15.2 16.1 17.6 18.1 18.8 19.2 18.8 18.3 17.2 16.3 15.5
213.1 215.3 213.2 207 200.2 187 176.4 171.6 166.7 165.6 164.7 159.3 148.2 137.4 130.7 126.1 122.8 118.2 108.1 96.3 83.3 72.4 65.3 56.7 47.8 37.3 30.7 23.8 20.1 17.8 15.8 15.1 14.6 14.5 14.5 14.6 14.6 14.2 13.9 13.9 12.8 12 11.8 11.6 11.4 11.1 11 10.9 11.6 11.1 10.7 10.8 11.4 10.4 10.8 11.1 11.5 11.8 12.1 12.4 12.3 12.1 11.9 11.6 12.2 12.4 12.5 12.4 12.3 12.3 12.2 12.3 12.9 13.5 14.1 14.6 15.5 17.2 18.5 19.7 20.5 20.8 20.6 19.9 18.4 16.2 14.9
212.8 216.6 216.8 214.3 205.1 190.3 178.7 172.7 168.4 170.3 171.7 166.1 159.5 151.8 139.6 129.9 122.1 114.9 105.7 95.7 83.2 72.7 60.9 49.4 39.7 32 28.2 22.9 19 17.1 15.4 14.9 14.6 14.5 14.5 14.4 14.4 13.3 13.5 13.4 13.2 12.3 12.3 12.3 11.7 11.9 12 11.4 11.6 11.9 11 11.7 11.9 10.4 10.7 11 11.3 11.7 12 12.3 12.5 12.3 12.1 12.2 12.5 12.6 12.6 12.5 12.4 12.4 12.3 12.4 12.8 13.3 13.7 14.3 15.5 17.2 18.8 20.2 21.2 21.8 21 19.8 18.3 15.5 14.2
214.3 217.9 219.4 218.1 211 194.7 180.8 173.3 170.4 170.9 170.2 169 166.9 162 151.9 142 128 115.6 104.4 92 77.9 67.6 56.9 47.5 38.6 31.7 26.1 22.7 19.3 16.2 15.2 14.7 14.6 14.5 14.5 14.4 13.9 13.1 12.9 12.7 12.5 13.2 13.1 12.2 12.2 12.3 12.1 11.1 11.5 12 12.4 12 11.2 10.8 11 11.2 11.3 11.6 11.9 12.2 12.5 12.4 12.3 12.7 12.7 12.7 12.7 12.7 12.6 12.6 12.5 12.6 13.1 13.5 14 14.2 14.5 16.7 18.6 19.8 20.3 19.5 18.2 16.8 16 14.1 14
215.2 219 218.9 216.5 208.1 193.9 182 174.9 172.4 172.1 176.8 179.6 176.8 169.7 157.1 142.1 131.6 118.7 105.9 93.1 77.5 65.6 53.9 42.9 35.9 28.9 23.7 21 18.6 16.7 15 14.7 14.6 14.6 14.6 14.2 13.6 13.2 13 12.8 12.5 12.2 12.7 12.4 12.2 12 11.7 11.6 11.5 12.2 12.4 12 11.5 11.2 11.3 11.5 11.8 12 12.1 12.1 12.5 12.6 12.9 12.8 12.8 12.8 12.8 12.8 12.8 12.8 12.7 12.8 13.3 13.7 13.9 14.1 14.3 14.7 16.9 17.2 16.8 16.2 15.5 15.1 14.5 13.5 13.4
210.2 212.9 212.1 207.8 199.2 188.5 182 175.4 173.3 176.4 183 182.5 179.9 172.5 160.8 143.9 132.2 117.8 102.5 85.7 70.9 60 50.2 41.1 33.1 26.8 22.2 19.5 17.4 15.8 14.8 14.7 14.7 14.7 14.4 13.6 13.7 13.2 13.1 12.9 12.7 12.1 11.8 13.1 12.2 11.7 11.4 12 11.9 12.7 12.6 12.2 11.9 11.5 11.3 12 12.1 12.3 12.5 12.7 12.8 13 13 12.9 12.9 12.9 13 13 13 13 13 13.1 13.3 13.5 13.7 13.9 14.2 14.5 14.9 15.4 15.1 14.9 14.3 13.6 12.9 12.8 12.7
193.6 198.4 199.3 195.8 192.7 185.2 178.2 176 175.4 175.7 182.5 185 180.7 173.8 160 142.7 127.8 112.9 95.5 75.8 64 55.7 47.8 40.7 34.3 28 22.6 18.8 17.1 16.7 15.4 14.9 14.9 14.7 13.9 13.1 13.6 13.5 13.3 13.1 12.2 12 11.7 11.8 12.6 11.9 11.6 12.4 11.8 11.9 12.8 12.5 12.2 11.9 11.6 12.2 12.5 12.6 12.8 12.9 12.8 13.2 13.2 13 13 13 13.1 13.2 13.2 13.2 13.1 13 13.2 13.4 13.6 13.8 14 14.4 14.7 14.6 14.1 13.9 13.3 13.1 12.9 12.5 12.3
178.5 183.4 182.7 182.1 185.7 182.7 175 174.5 173.9 174.1 180.7 180.7 178.4 170.5 159.6 145.5 128.5 99.2 82.6 68.4 60.4 53.6 46.9 39.8 33.4 28.1 23.9 19 16.9 15.9 15 14.4 15 14.2 13.4 12.8 12.7 12.7 13 12.6 12.1 11.9 11.8 11.7 11.8 12.6 12.4 12.4 10.6 11.9 12.3 12.6 12.6 12.3 11.9 12.2 13 13 12.9 12.6 12.5 13.4 13.3 13.1 13 13.2 13.3 13.3 13.3 13.3 13.2 13 13 13.2 13.4 13.6 13.9 14.2 14.4 14.3 13.8 13.2 13.3 13.3 12.9 12.4 12
169.7 174.8 177.2 180.3 181.9 178.2 173.3 176.1 176.1 174.8 180.8 177.1 174.9 169.8 154.8 146.4 131.2 95.2 76 61.8 56.7 50.4 43.2 36.8 31.2 26.5 22.4 19.2 17.2 15.3 14.7 14.2 14.7 13.9 13.2 12.8 12.7 12.5 12.4 12.2 12.1 12.1 12 11.9 12 11.6 11.9 12.3 11.7 12.4 12.5 12.3 12.3 12.4 12.3 12.3 13.4 12.8 12.7 12.5 12.3 13.1 13.5 13.1 13.2 13.3 13.4 13.5 13.5 13.4 13.2 13.1 13 13.1 13.3 13.5 13.8 14 14.1 14 13.7 13.4 13.6 13.6 13 12.4 11.8
166.5 171.2 174.9 177.4 175.5 170 168.9 176.1 176.6 174.9 173.4 173.7 168.5 159.6 148.7 145.9 129 94.6 72.9 58.5 52.1 45.4 38.3 32.4 27.7 24.2 21.1 17.6 15.8 15 14.6 14.2 14.5 13.7 13.2 12.9 12.7 12.5 12.4 12.2 12.3 12.1 12.3 12.2 12.1 11.7 12.1 12.8 13.1 13.5 13.3 13.1 12.9 12.5 13.6 13.7 13 12.5 12.5 12.6 14.1 14.5 13.8 13.3 13.3 13.5 13.6 13.7 13.6 13.5 13.4 13.4 13.3 13.3 13.4 13.4 13.6 13.7 13.8 13.7 13.6 13.7 13.8 13.6 12.9 12.2 12
