Game/Highland_Data/StreamingAssets/GeoData/Data/no/NO23.asc
ncols 200
nrows 200
xllcorner 320000
yllcorner 730000
cellsize 50
[rows 140 to 174 of 200, columns 78 to 155 of 200]
219.1 217.8 218.4 217.5 216.1 214.4 213 212.4 211.7 211.3 211.3 207.7 208.9 210.8 211.6 211.8 212.3 213.2 214.3 215 215.9 216.6 219.5 222.8 223.7 224.4 225.5 226.5 226.1 225.4 222.2 216.6 212.6 209 205.4 200.7 194.3 191.4 185.8 179.5 175 170 165.4 161.2 155.9 150.8 145.7 140.5 135.6 131.1 126.7 123 121.6 120.5 120 119.4 119.2 119.5 120.2 121.1 123.6 124.5 125.6 131 138.3 145.9 152.9 156.5 159.4 162.4 166.9 171.6 176.5 178.3 176.7 176.5 179.1 183.8
221.8 219.4 220.1 218.9 216.9 215.9 214.9 213.8 213 214.1 213.6 213.1 211.7 211.6 211 210.9 211.6 212.7 213.5 213.5 214.7 215 218.2 222 223.1 223.9 225.7 226.5 226.6 225.8 223.4 218.7 215.3 211.8 207.9 204 198.9 195.2 190.8 184 178.4 174 168.4 163.8 158.2 154 148.7 144.1 140.2 134.9 129.9 126.2 123.1 121.1 118.9 118.8 117.4 117.3 117.9 119.6 119.4 121.2 124.1 128.6 133.1 142.5 148.5 151.6 156 159.5 162.9 167 170.7 174.1 177.1 177.4 178.1 180.3
220.8 220.6 221.6 220 219 218 217 215.9 215.2 213.6 213.2 211.7 212.3 210.9 209.6 210.5 211.4 211.7 211 211.5 212.7 214.8 217 220.5 222.5 224.5 226 226.3 225.4 223.8 222.7 220 216.6 213.9 210.2 206.3 202.7 199.4 195.3 187.9 182 178 171.7 165.6 160.6 156.3 151.7 147.9 143.6 138.5 133.3 129.3 126.5 122.8 120.4 118.9 117.6 115.9 115.5 116.6 118.3 116.9 123.2 128.6 129.7 136.9 141.7 147.7 151.9 155.9 159.3 161.5 165.4 167.9 168.7 172.6 176.1 176.9
219.6 219.3 219.9 219.7 218.9 218 217.5 217.3 216.8 216.3 215 213.4 212.1 211 210 209.1 207.9 208.4 208.5 208.8 211 213.4 215.6 219 222.9 225.1 225.3 224.4 223.1 220.7 220.6 218.7 216.8 214.1 211.6 207.8 205.1 201.9 199.3 191.9 187.4 181.7 174.3 167.9 164.2 158.9 152.7 148.5 145.1 140.6 136.1 132.9 130.3 127.5 124 120.9 119.4 117.5 116 115.1 115.5 115 115.4 122.7 127.9 133.4 139.1 141.9 146.7 151.5 154.1 156.1 159.8 161.3 165.1 168.7 172.3 174.8
216.1 217.5 218.7 217.3 217.9 217.2 217.2 217.1 216.8 216.6 216 215 212.9 211.8 210.7 209.3 207.6 207 205.6 207 209.4 211.8 214.1 218.2 221.2 220.8 223.2 221.1 220 218 217.3 215.5 215.1 212.4 209.7 208.1 205.6 203.4 201.6 194.3 190.6 184.5 176.6 171.9 168 161.6 154.1 150.8 145.9 141.3 139.3 136.5 132.9 129.8 126.4 124 121.4 119.2 117.8 116.4 118.4 120.8 113.3 119 126.6 131.4 135.9 139.1 142.4 146.3 149.8 152.9 153.9 156.7 161.6 168.6 171.6 172.2
216 214.9 214.4 214.6 217 216.9 216.8 216.7 216.2 215.5 214.7 214.7 214.1 212.9 212.3 211.6 210.3 207.1 205.4 204.4 207 209.6 212.4 215.6 218.4 219 218.7 218.6 217.6 216.7 214.2 213.6 213.3 210.8 208.1 206.1 204.4 202.4 199.1 195.9 191.9 185.2 178.3 174.3 171.3 165.6 157.9 154.7 150.1 145.1 140.8 137.2 134.1 131.2 129.8 127.8 124 119.8 118.7 117.8 117.8 119.6 116.6 114.3 124.9 129.8 134.4 137.8 141.3 145 147.3 150.3 152.3 154.4 161.8 167.6 170.2 171.7
217.4 214.9 213.1 213.3 214.6 216.3 217.5 217.6 216.5 214.8 214.9 214.5 216.4 214.5 214 213 211.7 209.1 205.1 200.6 206.1 208.9 210.1 212.3 213.4 215 215.2 216.7 216 212.9 212 211 208.9 207.1 206.6 204 202.3 200.1 196.2 193.6 189.9 183.6 178.4 175.7 172.6 168.1 162.3 155.8 151.6 148.1 144.3 140 137.1 133.8 130.7 128.9 126.6 122.4 120 119.3 117.6 121.8 122.5 118.1 119 128.3 132.6 134.8 141.6 147.6 151.7 149.8 152.7 157 161.8 166.9 169.3 171.8
218 215.9 214 212.9 213.6 215 216.2 218.2 218.4 218.5 217.8 216.9 214.5 214.3 214.4 212.1 210.3 207.1 204.6 197.1 201.6 203.4 206.4 209.1 208 207.8 208.6 210.4 211.1 209.9 209.5 208.1 207.1 206.8 204.1 202.3 199.3 196.4 193.6 189.9 186.7 181.6 176.1 173.2 170.6 167.8 163.7 158.2 153.1 150.8 147.9 142.8 140 136.4 132.5 129.6 127.3 125.2 121.5 118.4 118.3 121.6 123.1 117.6 118.3 130 130 133 138.1 142.6 146.1 150.9 154.4 158.6 162.9 166.9 169.7 172.4
214.5 213.6 213 212.7 213 213.6 214.9 217.6 219.3 219 218.5 219 217.8 215.6 213.7 209.6 207.4 205.7 203.4 197.4 194.2 196.1 198.3 200.3 202.7 204.5 205.2 205.8 207.8 207.2 206.6 205.6 205.3 203.9 201 198.8 195.2 192.7 189.9 186 180.8 177 172.5 169.1 166.5 163 160.4 156.2 151.8 152.4 149.1 145.8 141 137.7 134.7 130.8 128.4 125.5 122.1 119.1 120.1 123.1 122.5 112.4 119.7 129.2 131 134.1 137.3 138.7 142.7 147.2 152.8 158.5 163 166.5 170.1 172.9
210.8 210.5 210.1 210.1 211.8 212.3 214.2 216.4 218.2 218.7 218.2 217.6 219 218.1 213.8 210.7 205.6 204.7 201.7 199.4 195.2 192.2 194.4 195.8 198 200 201.3 201.9 202.1 202.4 202.9 202.7 202.4 201.9 198.9 195.5 191.2 189 185.9 180.5 174.6 172.5 171 163.8 160.7 156.9 155 152.5 150.7 150 146 143 141.7 139 137 134.1 128.8 126.1 122.7 122.1 118.2 121.1 114.2 107.2 123 129 132.2 136.8 138 146.1 151.5 155.4 160.5 163.2 165.5 167.4 170.4 173.5
205.3 205.9 207.9 209 209.9 211.2 212.3 214.3 216.3 217.6 217.4 215.5 217.8 216.7 211.9 210.5 205.4 202.7 199.7 198.7 196.6 191.5 190.7 195.5 198.1 199.5 198.2 197.9 199.1 200.8 200.7 199.5 200.2 197.8 195.4 191.4 187 181.9 179.9 175.3 171.4 170.5 167 160.4 155.1 151.5 150.7 147.7 146.9 144.3 142.3 140.5 138.7 138.1 137 134.1 131 127.1 124.5 123.3 121.3 110.6 109.4 118.9 127.2 128.8 132.7 135.6 139.1 144.8 150 154.4 160.9 165.7 168.2 170 172 174
201.3 202.6 205.4 206.7 209.8 210.5 211.3 212.5 212.7 214 213.6 213.1 213.2 211.4 210.2 208.4 204.2 200.4 198.4 196.1 195.9 193.2 190.2 187.6 193 196 195.5 196.9 196.9 198.7 199.8 197.2 194.7 194.2 190.2 184.7 181.2 176.7 173.3 170.3 167.7 165.3 160.7 154.5 150.9 148.8 147.3 143.1 140.2 137.4 135.3 135.1 133.3 134.3 134 133.3 129.6 126.3 123.9 122.4 118 107.2 112.5 122.6 128.3 128.3 133.5 136.7 139.1 143.5 148.4 155.5 159.2 163.8 168.3 170.3 172.1 174.5
198.5 200.3 203.8 206.9 208.5 211 213.3 213.1 212 213.2 213.3 212.7 211.6 210.9 208.6 205.5 198.2 195.7 195.4 194.2 191.1 191.4 190.4 186.3 186.7 191.9 195.2 196.7 195.3 195.9 194 191 192.5 190.4 185.4 182.7 179.8 175.5 169.9 166.7 161.2 158 154.9 149.3 147.3 145.6 142.9 137.5 134.8 131.5 128.9 128.9 128.4 127.7 127.2 127.1 125.3 122.8 120.1 119.1 116.5 108.4 112.1 121.9 125.5 124.8 131.8 136.2 140 145 148.5 153 157.8 162.5 167.2 169.4 171.2 172.3
197.8 199.4 204.5 209 214.2 216.9 220.9 223.8 225.4 222.8 221.1 216.8 214.4 212.7 210.6 207.8 203.6 194.3 188.6 189 187.2 187.6 188.4 186.5 182.8 186.9 193.7 196.1 194.2 192.7 189.9 194.2 198.8 199.3 197.7 194.2 187.8 183.1 177.7 171.3 163.6 155.7 150.1 145.3 143.8 142.2 137.2 131.8 129.4 127.4 127.9 126.6 124.8 123 122.5 121.5 120.8 119.8 117.4 115.2 113.4 110.2 109.7 119.7 122.2 122.8 129.4 135.9 142.2 145.9 150.3 152.4 157 161.6 166.1 168.2 169.7 170.9
201.7 208.1 211.6 214.1 220.2 222.7 226.6 230.2 231 228.6 228.4 224.5 219.5 215.5 210.8 207.3 204.3 198.9 190.8 186.1 183.3 183.3 184.9 186.1 182 181.9 186.9 190.7 191.1 186.6 189 196.8 201.9 201.9 204.6 206.2 201.6 197 193 180.6 172.9 162.5 155.5 150 142.8 136.8 134 131.5 129.4 129.5 129.8 128.6 127 124.6 121.7 120.5 118.4 117.2 114.3 112.3 111.2 108.1 105.6 111.2 114.5 117.7 124.1 132.1 140.1 145.1 148 151.6 155.6 159.3 163 165.4 167.5 169.2
203.4 212.2 216.6 218.1 223.2 225.7 231 234.7 237 232.6 229.3 225.2 222.9 219.9 215.3 211.5 206.4 200.7 193.2 188.3 184.8 180.1 182.3 181.8 180.4 181.4 180.7 182.5 179.6 183.2 192.5 199.4 204.5 205 209.4 210.7 207.5 204 203.9 193.3 184.1 173.3 163 155.6 148.6 141.5 134.6 131.8 130.8 134.5 137.7 136.9 133 129.5 125.7 123.6 120.4 117.4 116.3 116 111.6 107.8 107.2 104.8 107.2 114.9 120.2 125.6 133.8 139 142.9 147.6 151.6 156.2 159.9 162.5 164.5 165.1
201.8 210.7 216.9 222.3 226.3 230.4 233.7 238.6 242 238.2 234.2 228.6 225.4 222.2 218.2 213.4 208.2 201.6 194.1 188.3 183.1 179.3 181.3 183 179.7 177.7 177.6 177.4 177.3 185.1 193.7 197.7 203.8 207.7 213.1 216.6 215.3 209.8 210.1 203 195.4 188.2 176.3 165.9 157.1 148.6 138.2 133.7 134.1 139.8 145.4 143.9 140.6 139 131.9 127.8 125.2 122.7 120.8 119 115.6 110.5 109.5 106.4 105.6 109.5 114.4 120.6 127.7 134.3 138.3 142.8 146.7 150.8 155.4 159.1 161.4 162.9
198.8 206.1 214.9 222.7 229.2 234.7 238 240.9 244.7 242.8 239.8 233.9 229 224.5 219 214.2 208.6 202.1 198 188.7 181.5 177.1 182.6 182.8 180.3 179.3 174.3 175.1 175.6 179.8 190.3 198.1 202.2 206.9 210.8 215.2 217.1 215.2 213.9 211.1 204.4 195.3 188.2 180.4 168.5 157 145.3 137.8 138.1 147.3 158.1 153.6 147.6 145.2 139.5 134.9 131.2 127.8 124 120.7 117.6 114.8 110.3 107.3 103.4 107.2 112.7 117 121.3 127 132.2 137 142 145.9 149.4 153.9 156 160.3
197 205.2 215 225.2 232.1 236 240.4 243.7 247.4 247.2 244.2 237.9 233.1 227.4 222.5 216.7 210.7 204.5 198.4 190.9 181.8 175.7 179.5 180.7 179.2 178.2 171.7 172.4 171.5 174.6 180.6 189.3 197.3 204.1 209.4 214.1 214.8 215.6 217.4 216.5 209.4 199.7 193.7 186.8 177.1 166.7 153.7 143.4 142.8 152.2 165.1 165.2 158.6 153.8 146.4 140 136.1 132.4 127.8 124.4 120.6 117.9 115.1 109.1 103.2 104 109.6 113 114.6 118.7 123 127.6 132.9 137.6 142.6 147.4 150.3 153.9
195 203.3 214.7 225.2 232.6 236.4 240.5 243.9 247.8 248.2 243.9 241.4 235.7 230 224.5 218.8 212.7 206.1 199.6 191 181.8 174.7 179.1 179 178.5 175.8 169.9 167.2 168 167.4 171 181.6 191.2 199.3 206.4 209.7 213 215.8 218.5 219.5 219.3 210.8 200.1 190.6 181.1 171.9 160.3 150.1 147.5 153.4 164.2 166.2 165 159.5 153.6 147.9 142.6 138.1 134 132 126.4 122.8 120.2 116.8 109.2 99.2 105.8 109.5 111.5 113.4 115.6 119.3 123.1 127.3 132.9 137.2 140.4 144.5
190.2 200.8 211.5 225.2 232.9 236 239.4 242.7 245.3 246.6 244 242.1 238.2 230.1 225.4 219.4 214.4 208.2 201.4 192.8 182.4 172.8 181 180.8 180.1 175.7 171 168.9 166.1 166.9 162.2 168.1 179.9 190.8 198.4 204.2 211.8 217.9 220.8 222.9 229.1 226.1 218.9 205.1 188.3 176.9 165.4 156 155.3 158.5 164 164.9 162.9 160.5 156.8 151.9 146.5 141.8 137.8 132.1 128.4 127.8 125.3 120.8 115.9 105.3 99.2 108.1 109 108.8 110.3 112.5 116 119.1 123 127.3 130.6 134.5
189.4 196.6 206.1 219.2 230.5 232.3 235 237.6 240.4 241.2 241.7 240.5 236.1 230.5 225.7 219.4 214.3 209.4 202.6 195.5 186.1 182.2 181.9 181.3 178.9 175 171.8 173.1 175 169.4 157.9 154.9 159.2 174.8 189.2 197.5 207.1 218.7 223.1 226.8 231.6 239.3 245.4 238.9 217.5 200.2 182.3 169.7 165.6 165.1 167.1 165.3 162.3 158.1 154.6 152.3 149 145.7 142 136.8 133.3 131.3 127.8 126 120.3 113.5 100.8 97.1 100.2 103.8 106.3 108.6 111.5 113.9 116.9 119.9 123.2 126.9
189 192.7 199.6 208 214.9 223.9 228.2 231.2 231.7 233.6 234.2 234 231.8 227.5 222.2 219.1 214.6 209.8 204.3 198 188 183.1 180.7 177.3 174.2 171.3 169.7 169.3 169.2 169.3 168 158.2 151.9 158.4 173.7 188.2 198.5 213.1 221.2 227 232.3 242.8 249.1 253.3 249.4 226.1 207.5 190.9 179.1 174.8 172.5 168.4 164.4 159 153.7 150 145.4 142.1 138.6 135.9 134.4 132.6 129.6 126.4 121.3 117 113.7 103.6 97.7 98.2 102.1 105.1 108.2 110.6 112.7 114.9 117.7 118.5
188 191.1 195.7 202.4 210.4 215.5 220.3 223.4 225 228.3 228.5 228.6 227.2 223.4 220.6 217 213.8 208.1 202.4 196 186.2 178.8 177.8 168.6 162.3 160.9 163.5 166.1 165.1 166 165.3 162.6 156.3 151.1 161 174.7 188.7 200.4 212.8 225.4 232.6 240 246.1 248.4 247.4 240 231 216.4 200.7 186.8 180.8 173.5 166.6 160.5 155.6 150.2 145.2 140.4 136.6 133.6 132.5 130.7 128 124.7 122.3 120.3 117.2 113.4 108.3 100.9 96.2 97.8 101.9 102 107.1 108.9 109.5 110
185.4 188.3 191.1 197.3 203.1 208.4 213.8 216.1 218.4 221.9 223.2 224.7 225.7 224.3 221.8 217.8 212.3 204.6 199.4 193.8 189 184.8 180.9 172.2 166 160 155.7 158.9 159.5 160.6 161.1 157.9 154.5 148.4 150.7 167.6 181.6 190.6 199.4 211.3 224.5 238.2 244.7 246.5 244.2 237.2 231.4 225.7 214.8 202.7 191.5 181.1 173 164.7 158.5 153.1 147.2 141.5 137.1 133.9 129.2 125.6 124.1 121.3 119.4 117.7 115.9 115 111.6 108.4 104.5 99.4 96.3 93.3 97.6 100.3 101 101.7
183.5 185.4 188.5 192.6 197.2 201.2 207.3 210.9 214.7 218.8 220.6 222.9 224.7 225.7 222.9 218.9 212.2 205.2 198 191.5 188.8 189 182.9 176.1 169.3 161.9 156.7 152.1 152.3 153.9 156.4 155 152.7 148.4 143.1 157.8 159.2 182.7 191.6 200.8 211.7 225.4 237.5 242.3 242.3 237.9 229.4 221.7 213.7 206 198 189.7 180.9 173 165 158.1 151.8 145.2 139.9 135.2 131.1 125.2 122.8 121.5 118.6 117.4 117.9 117.3 114.8 112.7 109.7 105.4 101.4 98.2 95.6 92.9 92.3 93
183.3 181.1 185 185.6 191.2 197.8 201.7 206.6 212.3 218.2 221.7 224.7 227.6 230.3 223.5 221 214.9 207.3 199.3 192.7 192.8 190.7 183.3 177.2 169.7 162.7 155.5 151 148.3 149.6 150.2 150.1 148.7 144.6 139.3 153.6 160.1 171.5 181.9 190.4 200.2 212.6 227.4 235.2 236.2 232.7 224.7 215.7 206.9 199.5 193.2 188.3 183.4 177.1 169.8 164 158 151.7 144.5 137.8 132.4 126.3 125.7 125.8 121.1 121.2 121.2 120.3 117.5 116.1 114.2 109 105.1 103.5 101.8 98.8 95.4 93.4
183.2 180.3 183.1 183 186.9 192.6 198 203.6 211.7 215.9 220.7 225.1 228.3 228.2 226.1 224.3 218.2 210.9 201.7 196.8 193.4 189.8 184.3 178.2 167.8 161.1 156.4 154.4 149.5 147 146.2 144 141.9 139 135 148.7 158.5 164.3 171.5 181.4 191.3 206.7 219.4 233.4 231 224.4 215.8 207.3 200.4 194.3 188.2 183.3 178.7 175 170.2 165.6 160.8 154.4 148.5 141.5 133.8 129.6 130 127.4 125.4 125.5 125.2 123.6 123.4 122.9 121.9 119.9 112.7 106.3 104.4 102.2 99.4 96.1
183.5 182.1 177.9 176.9 176.1 188.7 197.2 204.4 211.2 215.1 219.7 224.4 228.1 228.6 226.6 224.3 219.9 212.5 206.3 200 194.9 188.5 183.7 176.6 168.1 163.1 159 154.8 148 143.9 144.3 141.8 139.4 136.7 133.2 144.3 160 167 168.7 172.6 182.3 192.3 206.8 222.5 227 217.5 209.7 202.4 195.1 189.6 183.7 177.4 170.9 166.5 163.3 161.3 157.9 153.9 149.7 143.7 137.1 135.6 135.5 130.4 130.6 129.9 128.8 126.4 127.2 127.8 126.9 123.4 117.7 111.6 108.7 105.3 102.3 98.8
184.7 181.2 179 174.1 162.7 179.7 192.8 203.9 213.7 217.5 221.6 224 225.9 226 225.8 221.7 217.8 210.4 208 201.3 195.8 189.7 184.3 175.1 167.9 163.9 159.9 155.8 150.3 147.3 143.6 139.7 135.6 134.1 131.9 138.4 150.3 161 166.7 166.4 166.9 175.4 190.5 205.1 212.2 211.3 204.3 195.7 189.6 184.2 178.8 172.3 165.2 160.9 157.1 154.7 151.9 149.9 144.8 140.6 136 132.7 131.8 131.9 136.7 136.1 133 130.2 127.8 127.1 126 123.1 119.1 114.8 112.2 110.1 104.6 101.1
185.7 183.8 181.2 177.7 172.6 172.9 189.5 202.9 213.2 219.1 220.7 223.8 224.1 224.3 221.2 217.4 213 209.2 204.8 198.6 195.2 190.9 182.7 174.7 169.1 162.8 159.2 155.3 150.8 146.9 143.6 140.6 135.8 132 131.1 128.9 133.6 142.9 153.3 156.3 156.2 156.3 165.1 184 196.4 196.3 192 186.3 183.1 178 171.6 166.6 161.7 156.8 154.3 149.8 145.3 143.2 139 134.9 132.1 128.6 130.6 135.4 140.8 139.9 136.7 133.9 130.9 130.1 126.7 122.8 118.7 117.8 117 116.3 110.9 105.9
184.7 182 179.5 177.2 172.8 170.7 186.3 205.2 215.1 222.7 224.6 223.6 223.8 222.6 218.3 213.1 209.8 204.5 199.7 195.4 192.1 187.1 179.3 174.7 170.5 164.3 160.3 156.2 151.2 146 142.5 139.8 137.3 134.6 131.7 124.9 128.3 129.4 137.5 142.4 145.9 144.7 140.7 156.6 176.6 171.4 170.4 171.3 168 165 160.9 158.6 155.7 152.9 151.5 147.5 142.8 140.6 136.4 130.7 127.5 130.3 135.8 140.1 139.5 136.9 134.3 133.8 133.2 130.8 127.5 124.1 120.3 120.5 125.7 128.1 121.8 113.5
186 181 178.7 174.8 170.7 168 187.1 205.4 220.1 227.7 231.3 227.7 224.2 220.7 215.1 210 206.6 200.7 194.4 190.7 187 181.6 176.1 172.6 167.5 164.3 162 157.4 151.7 145.5 141.7 138.8 136.3 134.5 130.7 126.1 123.1 122.9 124.8 129.2 134.8 136.3 130.7 127.4 134.1 140.4 143 145.4 148.1 148.1 146.9 146 145 143.2 142.2 141.3 139.1 137.2 134.3 128.2 125.6 132 140.4 141.1 139.4 137.3 134.9 135.7 133.5 128.1 124.9 122 119.4 122.1 131.2 135.7 136.4 125.4
189.4 183.1 177.8 173.2 164.9 172.5 189.7 203.7 221.6 228.3 232.8 231.3 227.9 219.9 212.3 207.2 202.9 197.2 191.6 186.2 181.5 176.3 171.3 166.8 163.8 161.4 159.8 156.9 152.4 147.5 142.6 137.8 135.6 133.5 130.5 128.3 124.6 119 119.3 120.2 124 125.5 123.9 124 118 119.3 121.7 126.2 129.1 130 129.9 130.2 131 131.4 131.5 130.3 131.1 129.9 128.4 125.1 124.5 131.7 141.2 141.6 141.6 141.5 143 141.4 136.4 131.7 128.9 125.1 122 126.5 136 142.2 143.5 136.8
191.9 186.9 179.4 170.5 157.1 172.3 188.9 199.9 212 217.1 219.1 219 220 216.1 208.3 203.8 198.8 191.7 187.8 181.5 176.3 171.5 167.2 163 159.4 156.7 155.7 152.5 149.8 146.1 142.9 138.6 135.3 132 127.8 125.3 123.1 120.9 117.8 117.4 118.9 118.9 118.4 120.1 118.3 115.6 114.5 117.1 119.6 121.6 120.2 119.8 121.1 123.7 123.8 123.4 121.9 120.7 121.3 120.5 121.8 127.1 134.4 141.3 145.4 146.3 147.8 147.6 142.6 138.5 134.5 132.1 128.5 131.7 141.6 146.1 147.3 146.2
