Game/Highland_Data/StreamingAssets/GeoData/Data/no/NO25.asc
ncols 200
nrows 200
xllcorner 320000
yllcorner 750000
cellsize 50
[rows 105 to 139 of 200, columns 0 to 77 of 200]
335.2 334.1 330.7 327.1 323.3 318.1 315.2 311.8 307.7 303.6 299.5 294 289.4 282 279.5 274.7 269.9 265.7 263.6 262.8 260.3 259.5 258.9 258.6 256.2 252.8 248.5 247.5 246 245.8 251 252.1 252 250.4 250 249.2 247.8 245.9 246.3 250 253.1 255.9 260 262.7 263.6 265.6 267.4 267.4 267.3 267.5 265.4 262.4 258.1 252.1 247.9 241.6 237 231.8 227.6 225.1 223.5 222.6 221.5 219.1 216.6 213.4 209.7 207.1 204.7 201.9 200.2 198.9 197.2 195.3 195.2 194.4 193.7 193
336.5 335.1 333 330.1 326.7 321.4 319.3 316 312.5 308.6 304.5 300.5 292.2 288.7 283.7 276.5 273.4 269.3 265.3 260.4 259.7 258.1 256.4 253.4 252.7 250.4 249 254.4 257.8 258.5 259.6 260.6 260.7 259 256.8 256.1 257.1 254.3 254.4 257.1 262.3 266 270 271.8 273.1 274.6 275.9 276.3 275.8 273.2 270.6 267.2 260.6 254.8 248.6 242.8 236.9 232.3 228.6 226.3 223.6 222.4 221.6 220.7 217.9 215.1 212.1 209.6 207.2 204.3 201.3 199.3 197.9 195.3 194.5 193.9 193.2 192.6
338.1 336.8 335.8 333.1 329.7 326.6 323.4 320 316.5 312.9 308.5 303.7 299.1 294.9 288.8 282.5 279 275 270.8 266.5 262.8 260.6 258.7 256.2 254.4 251.2 254.6 260.7 263.7 265.1 265.9 266 266.5 266.9 264 263.2 263.3 263.5 266 267.7 272.5 275.4 279.3 281.8 283.7 285.5 286.3 286.7 285.3 283.2 279.1 271.1 263.9 257.9 251.5 244.7 237.9 232.8 229.6 227.2 226.1 222.2 221.3 220.4 219.3 216.9 214.9 212 208.9 206.4 203.5 200.6 198.8 196.4 194 193.4 192.7 192.1
339.1 337.7 336.3 335.1 332 329.4 327.6 324.3 319.6 314.7 310.5 307.1 303.8 299.2 293.5 288.6 284.8 280.6 276.5 272.5 268 263.8 261 257.9 254.7 251.9 260.5 265.8 268.8 271 272.8 273.7 274.3 274.4 272.6 272.4 272.3 273.7 276.4 278.1 280.3 282.5 286.6 290.2 293.5 297 299.8 299.7 297.8 293.5 287.8 278.9 269.6 262.7 255.3 248.7 241.4 236.3 232.5 230.3 228.6 224.4 221.3 219.7 218.7 217.5 214.6 212.5 210.9 208.3 205.6 202.8 200.1 198 195.9 193.3 192.3 191.6
339.7 337.7 335.6 334.8 333.3 331.4 328.9 325.5 321.6 317.4 314 311.3 306.7 301.7 297.6 294.8 290.9 287 282.9 278.4 274.3 269.1 265.4 261.4 255.2 254.5 263.2 269.8 272.6 275.1 278.1 279.4 281.5 282.6 282.9 282.1 281.8 283.2 286.4 287.7 289 290.5 293 296.2 299.7 303.8 306 306.3 304.9 302.1 295.6 288.2 278.9 269.7 261.8 254.9 245.6 241.5 235.9 233.7 229.3 225.1 222.1 219.7 218.1 216.2 213.9 213.4 211.6 209.2 206.9 204.7 202.4 199.9 196.8 194.7 193 191.7
340.3 337.9 335.5 333.9 333.2 330.9 328.3 325.2 322 319.5 317.3 314.6 308.9 304.9 302.4 299.9 297.1 293.2 289.3 285.3 280.8 276.2 272.3 268.8 261.7 259.9 266.9 270.5 274.6 277.7 280.6 283.5 285.7 287.7 289.2 290.4 291.6 292.8 293.9 295 296.5 297.5 299.4 301.8 307 308.8 308.4 307.7 305.6 301.5 296.7 291.2 284 276.1 267.1 258.7 250.6 245.2 239.9 235.6 231 226.8 223.2 218.7 217.7 216.1 214.7 213.3 211.5 209.8 207.7 205.3 203.3 200.6 197.9 196.7 194.8 193
340.4 337.9 335.5 333.4 331.2 329.4 327.6 324.5 321.5 319.8 317.1 314.5 312.1 309.3 306.9 304.6 301.1 298.2 294.4 290.8 287.8 284.1 281.1 277.4 266.8 266.1 273.4 275.5 277.6 279.7 282.5 285.1 287 289.5 291.8 294.1 295.9 297.8 299.5 301.2 302.1 303 304.1 306.8 310.1 311 309.9 307 303.1 298.4 293.4 287.9 281.7 275.6 269.1 262.7 258.9 253.5 245.8 239.8 236.1 231.6 227.3 222.5 219.8 217.8 216.3 214.5 212.3 210.4 208.4 206.6 203.9 202.8 201.2 198.7 196.7 194.9
340 337.7 335.8 334 331.8 329.6 327.4 324 322.4 318.4 316.3 315.9 314 312.6 311.8 308.5 305.7 302.5 299.3 296.1 293.2 290.7 286.7 279 263.6 270.7 280.3 281.4 281.4 282.6 284.3 286.7 289.4 292.1 294.4 296.8 299.2 301.1 302.9 304.5 305.6 306.3 307.5 308.8 310.7 312.1 311 308.1 304.7 300.6 295 288.4 281.9 277.4 272 268.2 262 255.6 251.8 248.7 243 237.4 232.5 227.7 224.3 220.2 216.7 214.1 212.8 211 208.8 207.1 205.2 204.1 203 201 199.3 197.1
339.4 338.7 336.9 334.6 332.4 330.2 327.9 323.9 320.9 318.1 315.7 313.9 313.7 312.9 312.1 311.4 310.2 307.4 304.4 301.9 299.3 296.5 292 282.2 263 272.3 283.3 285.8 285.1 286.6 289.6 289.5 290.8 294.2 296.7 299.2 301.6 304.3 306.5 308.6 309.8 312.1 313 313.8 313.9 314.1 313 310.2 307.1 303.2 297.9 289.8 283.8 280 275.5 269.8 265.8 261.7 257.4 252.3 248 242.9 237.9 232.5 227.7 222.8 219.1 216.2 214.1 211.4 209.3 207.4 205.4 204 203.4 202.8 202 199.6
336.7 336.3 335.9 335.1 333 330.9 328.2 326.2 322.5 318.9 316.3 314 312 309.1 307.6 307.1 307.5 307.5 306.5 305.2 305.4 301.8 300.5 287.7 271.4 273.1 285.8 292.6 291.6 292.3 293.2 293.2 294.2 296 298.3 300.7 303 306.4 309.2 311.9 314.9 317.4 319.2 318.6 318 317.2 315 312.5 310.1 306.1 301.3 297.9 294.5 290.5 283.8 277.2 270.8 265.5 260.1 254.9 249.9 244.8 240.3 236.5 230.8 226.1 221.7 218.7 215.5 212.1 209.6 207.5 205.5 203.9 203.3 202.4 201.9 201.2
332.9 331.8 330.7 330.9 330 328.3 326.3 325.1 322.1 320.1 317.5 314.4 311.6 307.5 303.2 302 297.8 300.5 299.9 298.9 298.3 298.3 297.8 291.2 275.2 272.5 286 297.1 297.5 298.2 297.4 297.3 297.9 298.2 299.7 302 304.5 307.9 311.4 314.9 318.1 321.1 322.6 322.4 322.3 322.2 320.9 318.8 317 314.8 312.6 308.4 304 298.3 292.4 286.2 280.3 277.6 270.8 263 255.2 250.5 244.8 240.2 234.3 230 225.5 221.2 217.8 214.3 211.1 208.4 205.6 203.8 203 202.2 201.6 200.6
333 331.5 329.2 328.1 326.1 321.2 319.4 318.9 316.1 314 311.3 308.2 306.5 302 300.2 297.2 296.5 294.7 292.3 290.7 290.4 290.4 290.7 288.8 276.8 275.9 286.6 292.2 293.8 295.2 296.6 297.1 297.8 299.1 300.7 303 304.8 307.2 312.2 316.8 320.8 325.2 328.2 329.8 329.6 329.8 327.8 326.2 324 322.1 319.8 318.4 314.1 310.9 304.8 298.2 290.2 285.5 280.5 273.3 263.5 257.8 251.2 245.8 239.3 234.6 229.8 225.2 221.2 217.7 213.5 210.6 208.1 205.6 203.4 201.9 201.1 199.9
333.5 332.2 331.3 328.6 326.2 323.4 321.6 318.6 315 312.8 311.2 308.6 305.6 303 301.2 297.6 294.4 288.6 289.4 287.6 285.8 284.9 280.6 282.6 275.3 269.6 282.8 285.2 287.8 288.8 290.1 290.4 290.7 293 297.1 301.4 302.2 305.3 311.1 319.9 325.1 330.1 332.4 334.9 336.3 335.7 334.5 332.5 330.8 328.9 330.7 329.7 328 326.2 323.5 321.6 316.3 304.6 292.6 282.7 274.9 268.1 259.8 253.7 246.6 241 235.4 229.7 225.1 221.4 216.9 213.6 211.3 208.5 205.9 203.6 202.2 200.6
333.9 333.1 330.6 328.2 328 326.4 324.3 322.1 319.8 317.1 313.6 312.1 309.6 302.5 299.6 294.5 289.9 287.6 284 282.7 281.6 279.7 280.5 277.2 272.9 272.5 279.3 279.4 281.2 281.6 282.4 283.3 283.3 286.1 296.6 298.3 298.6 307.4 314.9 322.5 326.1 330.5 333.9 336.4 337.3 336.2 336 336.9 337.4 338.1 339 342.6 344.1 344.3 341.7 336.8 334.7 327.9 316.9 304.3 292.9 283.3 274.3 266.1 257.4 250.1 243.7 236.6 230.8 225.7 221 216.9 214.3 211.4 208.7 205.8 203.5 201.8
331.7 331.4 328.8 329.7 328.3 326.6 325.1 323.6 322.1 320.1 316.5 312.6 308.5 304.9 300.7 292.4 286.1 283.2 281.9 279.8 277.5 275.3 273.8 272.4 270.5 272.6 275.9 277.9 278.7 279.7 279 280.1 281.1 283.4 290.3 298.4 305.4 310.6 317.6 318.2 324.3 328.2 331.5 333.9 335.3 337 338.6 338.9 341.5 345.5 351.7 356.2 361.3 359.2 354.8 347.7 342.1 333.9 326.3 318.1 308.8 297.3 288.2 279.4 271.3 262 252.9 244 237.6 232.1 226.8 221.7 218 215.1 212.9 210.8 206.7 204.2
324.7 326 328 328.5 327.2 324.8 323.4 320.5 318.1 316.2 312.9 309 305.5 301.4 297 288.9 285.7 284.4 282.7 278.2 274.1 272.8 272.1 271.3 270 272.1 274.2 275.6 276.4 277.1 278 279.1 280.6 287.4 296.3 302.9 307.5 309.7 312.3 314.3 322.6 321.8 323.6 327.6 332.5 338.2 346.2 353.3 359.8 362.8 367.2 368.4 365.1 362 360 354.3 348 341.8 335.6 329.1 317.1 305.3 296 291.8 289.7 282 272.7 263.3 251.9 242.9 235.3 229.7 224.5 222.5 220.1 216.1 209.9 206.9
319.2 319.6 321 320.9 319.3 317.3 315.1 312.1 310.1 307.7 304.6 300.7 299.3 295.3 292.7 293.2 291.8 288 282.8 276.6 273.3 272.4 271.9 271.1 270.4 270.7 272 273.6 274.4 275.9 278 280.1 282.2 286.4 294.1 300.2 305.2 308.6 311.2 315.3 319.2 321.8 326.2 332.1 338.5 346.9 358.3 368.3 378.3 384.4 387.7 390.2 388 382.8 376.3 368 361 352.4 343.9 333 322.5 311.7 306.9 308.4 308.9 303.9 295.1 286.2 274.1 261.5 250.6 241.8 233.6 230.1 225.4 220.8 217.9 213.6
320.9 321.5 320.7 317.9 315.5 312.4 309.9 309 307 304.9 302.1 301.7 301 300.8 299.3 296.8 292.8 287.8 282.5 276.4 273 272.3 271.9 271.4 270.7 270.8 271.8 273 275.2 277.7 280.4 282.2 284 286.2 291.8 297.4 303.2 307.7 311 316.6 320.4 325.9 331.6 338.9 346.9 359 368.7 380.9 392.6 396.4 398.5 400.5 399.7 394.3 388.6 379.8 370.9 360.4 347.2 335 327.6 326 325.7 325.6 322.1 316.5 310.2 301.8 291.5 279.3 268.4 257.1 247 238.5 232.3 227.6 224.2 219.1
318.9 320.3 321 321.7 320.7 317.7 315.3 315.8 314.4 311.5 309.2 305.5 301.8 301 298.2 296 291.2 286.6 281.7 277 273.1 272.2 271.8 271.4 271 271 273.3 275.3 277.2 279.4 282.1 284.8 287.1 287 291.4 296.7 302.8 307.6 313.6 319 324.4 330.2 336.5 344.6 354.1 367.3 379.5 395.7 405.6 406.1 407.8 408 407.6 403.6 396.5 388.2 379 366 350 345.8 343.9 343.8 342.8 340.1 336.3 329.1 321.4 312.7 300.2 286.5 274.9 265.4 257.1 248.6 241.1 234.4 229.1 223.9
313.9 315.4 316.4 317.3 317.2 316.8 315.6 313.6 311.6 310.1 308.6 306.4 301.3 300.9 298 295.5 289.5 286.5 282.6 277.9 273.7 272.5 272 271.6 271.2 271 274.1 275.5 276.5 278.8 282.6 285.3 288.2 289.3 295.1 298.8 304.6 310.5 317.2 322.5 327.8 333.5 340 352.3 363.4 375.9 391.5 407.6 413.5 414.2 413.7 414.3 413.2 409.1 402 393.1 383.5 368.6 355.2 351.5 351.9 352.1 350.8 350.7 349 341.8 331.5 318.9 303.3 292.6 282.8 273.9 266.2 258.9 251.1 243.9 237.6 230.5
308 310.6 311.7 312.8 312.9 312.8 311.3 309.4 307.4 305.5 303.5 302.5 299.9 297.4 295.7 294 291.1 286.8 283.6 279.9 275.2 272.8 272.3 271.8 271.4 271.1 271.8 273.6 275.4 277.3 282.2 285.8 288.5 291 298.3 302.5 307 313.1 320.4 326.1 331 338.7 345.2 359.7 369.9 381.4 399.8 414.8 418.8 419.5 418.2 417 414.3 409.7 402 392.5 379.1 367.2 356.1 350 350.1 351.9 353 356.6 353.3 346 332.8 319.7 310.3 302.3 293.8 284.1 277.6 271.3 262 255.4 246.3 238.5
301.6 304.9 306.8 308.1 308.5 308.7 308.1 306.7 304.5 302.5 300.6 299.8 299 297.4 295.5 293.2 289.1 286.6 283.8 280.7 278.7 273.6 272.5 272.2 271.9 271.4 271.9 272.5 274.4 275.9 281.4 285.7 288.6 294 302.7 307.5 312.1 316.8 323.3 330.4 337.7 345.3 351.9 365.2 374.8 386.9 406 419.1 422.7 422.8 420.7 418 414.6 407.8 398.5 384.2 373.3 362.4 353.5 345.7 345.7 346.9 347.3 348 348.4 342.7 330.6 319.3 312.2 303.6 294.9 285.5 277.7 267.3 258.3 249.1 246.6 241
296.8 298.7 300.1 301.9 302.9 303.3 303.1 302.3 301.5 299.4 297.7 296.6 296.5 295.3 293.7 291.4 289.1 286.7 284.1 282.1 280.3 278.4 273.6 273 272.4 272.3 272.4 272.7 273.7 276.2 282.2 286.6 290.5 298.3 307 313 316.8 321.2 327.8 336.5 343.3 349.1 355.9 368.8 377.7 391.3 409.3 420.5 423.9 423.9 420.1 416.2 410.5 402 388.7 377.3 365.3 357.1 349.6 341.8 338.8 337.1 335.6 333.9 330.8 328.9 325.2 316.1 310.7 302.4 292.5 282.4 271.6 264.9 265.2 262.7 260.5 255.6
292.5 296.6 297.4 297 296.3 296.2 296.3 296 296.3 295.4 294.4 293.3 292.5 291.7 290.7 289.2 286.8 285.6 284 283.3 281.4 279.6 277.1 274.7 273.1 273.1 273.1 272.7 273.6 279.3 284.6 289.3 296.3 303.7 311.4 317.9 321.5 326.2 334.9 342 347.7 351.7 358.3 369.8 376.2 394 407.9 419 421.9 421.6 415.6 408.5 399.9 387.8 379.8 369.9 357.9 350.2 342.9 334.7 328.5 326.6 323.1 318.3 315.9 314.9 312.4 311 308.2 299.1 288.3 278.2 275.7 279.4 281.1 279.1 274.5 269.6
288.3 292.3 294.6 295.7 296.1 296.6 295.5 293.5 292.6 291.4 290.2 289.6 290.1 289.1 287.6 285.3 284.4 283.9 282.8 282.1 281.5 280.6 278.9 277.3 274.2 273.4 273.8 273.2 275.5 282.5 288.3 293.2 300.1 307.1 314.3 319.3 323.5 331.2 338.8 345.2 351 354.7 358.4 368.3 378 396.9 406.3 411.5 413.5 414 406.3 392.4 380.1 374.3 367.9 360.8 353.2 345.8 336.7 327.6 318.4 314 308.5 303.5 299.3 299.5 300.1 301.3 304.6 299.2 295.9 295.8 295.2 297.5 295.7 293.9 288.6 282.8
283.8 287.9 290.3 292.1 292.6 293.5 294.2 293.9 293.4 292 290.4 289.2 287.8 287 285.6 284.3 283.3 282.6 282 281.4 280.7 280.2 279.7 278.2 275.9 274.6 274.6 274.8 279 285.2 290.1 295.9 302.5 309.3 315.8 321.1 326.7 334.2 341.8 347.5 353 356.6 361.9 366.7 381.5 394 401.1 403.6 402.8 396.7 383.2 375.6 372.7 368.1 364 358.1 351.6 344.6 335.8 325.2 314.4 303.1 294 288.6 285.9 285.4 286.9 295.8 306.1 308.5 309.6 312.1 315.9 316.6 315.1 309.9 303.3 291.5
275.1 281.5 285.2 288 289.5 290.4 291.3 291.6 291.1 290.9 289.7 288.3 286.3 285.9 285.2 284.3 283.1 282.1 281.6 281 280.5 280.2 280 279 277.6 276.3 275.8 275.3 282.4 287.4 291.9 296.9 303.6 310.3 316.9 322.5 328.2 336.6 344.2 351.3 356.9 358.7 362.1 371.6 378.7 385.3 391.2 393.1 390.4 379.6 372.9 370.5 370.1 367.3 362.9 358.6 352.6 345 335.3 326.3 313.2 300.2 291.1 283.7 278.6 276 276.2 280.4 293.3 310.1 313.7 320 324.5 323.1 323.2 322.6 313.1 297.3
267.1 273.4 279.5 283 285.7 287.4 288.5 289.1 288.3 287.6 286.6 287.2 287 286.8 286.1 284.9 283.6 281.8 281.1 280.8 280.6 280.3 280.1 279.5 278.4 277.7 278.9 279.3 280.6 287.2 292.4 296.8 298.1 302.5 308.3 317.5 327.1 335.9 344.9 351.7 357.6 360.6 365.5 370.5 373.3 376 377.7 374 374.5 369.6 367.5 367.6 367.9 367 362.7 358.5 352.7 345.9 337.5 327.4 316.1 303 288.4 280.5 273.4 267.3 267.6 269.3 274.7 289.1 303.6 314.1 317.6 319.5 320.5 319.8 312.3 296.5
261.5 265 269.5 276.2 280.4 283.3 284.5 285.9 285.4 285.4 285 286.6 286.5 286.2 285.9 284.8 283.3 282.9 283 282.9 282.6 281.8 281 280.3 279.9 279.6 279.9 282.3 284.4 288.4 292.4 296.7 299.9 304.2 309.9 317.3 325.4 334.4 345.1 352.8 358.3 362.5 365.1 363.4 365.7 367.2 364.5 366.7 368.9 367.4 363.7 365.7 366.5 364.6 361.8 358.8 354.7 348.4 340.9 332.5 322.6 310 292.7 280.3 272.5 265.4 259.5 260.7 263.2 270.5 284.2 295.9 304.2 310 312.5 311.5 304.9 288.3
262.2 260.2 259.9 265.5 272.3 276.1 278.9 280.2 281.1 283 284.6 285.9 285 284 284.6 284.2 284.1 284.7 284.8 284.8 284.6 284.4 284.1 284.4 284 284 284.4 286.1 289.8 293.3 296.5 300.6 304.4 308.5 314.6 319.5 326.4 333.9 346.9 355.1 356.2 356.2 354.6 355.3 357.5 357.5 359 363 363.4 362.9 361.4 362.6 364.1 362.6 360.8 360.4 358.7 354.6 348 339.5 329.9 314.9 299.8 283.7 273 265.2 257.9 253.2 254.4 256.4 263.8 275.4 285.5 293.9 298.7 299.6 292.7 282.1
265.9 259.7 258.9 258.3 260.5 264 270.6 271.5 276.5 280.2 282.4 283.4 283.1 284.5 285.4 285.7 286.1 286.3 286.5 286.4 286.2 287 288.8 289.2 289.1 289.8 290.3 292.2 297 299.1 300.9 302.9 307.6 312.9 317.8 322.7 327.4 333.2 339.2 344.5 343.9 344.8 346.2 347.4 349.1 350.9 353 354.2 356 356.9 355.9 356.6 357.3 358.6 359.5 360.5 359.9 355.7 352.1 345.8 337.4 325.4 309.7 292.9 275.8 265.1 258.2 251.6 246.3 247.6 249.7 254.9 264.5 273.8 280.1 282.3 279.5 272.7
267.5 263.7 259 257.9 257.4 257.7 259.4 264.6 268.6 273.4 278.2 280.1 282.3 283.8 285.8 286.1 286.6 287.1 287.7 289 289.8 291.2 292.8 293.5 294.1 296.8 299.4 303.2 303.5 304.9 309.7 312.5 315.8 319.5 323.9 329.5 335.3 339.7 343.2 343.4 342.9 342.5 341.6 341.9 344.5 344.4 346.6 347.1 348.5 350.9 351 349.7 350.6 352.7 354.4 358.2 359.2 363 362.4 357.6 350.4 339.7 324.6 305.6 287.3 270.6 259.4 250.2 242.4 241.6 241.5 242.8 244.7 250.8 258.9 265.2 263.9 259.6
269.4 266.3 262.1 257.4 256.4 256.3 256.6 257.7 259.9 263 268.6 271.5 276 279.8 284.8 286.3 288 289.6 291.2 292.7 293.6 295.2 296.8 298.6 301.4 305.9 310.4 311.9 314.2 316.6 319.2 321.7 325.4 328.6 329.5 334.8 338.7 343 344.7 344.1 344.5 343.1 339.9 339 340.4 339.4 339.2 339.8 343.8 346.3 346.1 343.5 344.3 346.4 350.5 355.4 359.6 365.2 364.1 364.9 360 352.5 340.6 322.6 305.1 285.5 268.8 257.2 245.5 237.7 234.9 234.8 235.8 237.4 238.3 244.4 245.7 246.9
269.4 268 265.8 262.5 258.2 255.8 255.2 255.9 255.5 256.7 256.7 262.2 271.4 276.5 282.3 287 291.4 293 295.4 296.6 299.2 300.7 302.3 305.6 311.3 316.1 321.4 325.1 327.4 330.1 329.6 330.6 331.7 333 334.2 336.3 341.1 344.1 344.6 343.5 343 341.9 338.6 335.7 337.2 335 333.3 334 337.7 339.4 339.3 337.7 337.2 339 344.1 351.3 357.4 365.1 370.1 371.4 369.1 362.9 355.4 342.5 324.3 305.8 286.4 269.6 255.6 243.9 234 227.6 227.6 227.6 228.6 229.4 231.5 233.5
268.7 267 266.4 264.2 261.3 259.6 254.3 254.2 253.9 253.4 252.9 256.7 259.8 269.2 277.2 285.1 291.3 295.9 299.5 302.3 304.8 307.6 312.8 316.7 321.5 325.7 330.4 334.7 337.3 337.8 337.2 335 334.7 335.6 336.8 337.9 341.9 344.6 344.3 341.4 340.7 339.6 335.3 332.2 331.9 330.2 327.3 328.6 329.6 332.7 332.6 330.9 330.7 333.5 338 347.4 354.1 362 370.8 373.5 373.5 371 365.3 356 340.7 326.2 308.5 290.6 274.1 258.8 245.2 232.9 226.7 221.1 218.7 219.6 220.2 221.4
