Game/Highland_Data/StreamingAssets/GeoData/Data/no/NO27.asc
ncols 200
nrows 200
xllcorner 320000
yllcorner 770000
cellsize 50
[rows 140 to 174 of 200, columns 0 to 77 of 200]
607.2 611.5 620.7 633.3 649.6 668.6 685 698.7 712.5 724.4 731.9 731.2 720.7 705.6 688.6 678.5 670.7 663.3 655.2 645.6 657.7 665.2 668.2 667.6 659.7 644.4 622.7 600.9 588.8 576.8 570.1 582.1 593.5 610.5 625.1 640.8 648.7 644.3 636.8 631.8 629.1 632.6 635.7 641 642.6 653 656.1 667 688 707 722.8 739.5 756.5 770.6 778.5 782.7 785.9 791.2 797.9 800.2 805.8 809.5 812.2 815.2 817.2 820.1 824.1 825.3 812.4 766.1 727.7 700.2 677 661 648.2 639.2 632.9 630.9
597.8 609.8 619.6 633.6 650 669.7 685.8 699.5 713.9 724.4 726.9 721.4 712 695 680.7 672.6 663.6 655.4 643.7 643.8 654.2 660.6 664.4 663.5 653.9 637.7 614.9 595.4 583.7 572.1 569.5 582.9 595.2 608.4 623 633.5 634.3 625.5 619 614.6 620.7 627.3 630.5 634.6 640.9 652.4 664.9 684.2 702.1 718.9 733.8 750.7 766.7 778.3 785.8 789.4 794.1 798.8 804.7 805.6 807.9 808.8 809.1 808.8 809.4 814.3 818.6 818.4 813.8 791.8 752.1 722.2 690.1 670 659.9 647.6 637.5 627.1
601.1 608.3 618.5 635.3 651.2 669.6 686.5 701.1 712.8 719.3 719.3 711.5 698.2 683.8 671.7 665.6 655.3 646.5 635.6 642.2 649.8 658.1 661.7 658 647.9 629.4 607.8 589.4 577.4 568.1 563 579 589.4 604.7 618.1 621.8 614.8 605.4 611.7 622.4 636.7 645.9 651.4 653.6 660.4 669.9 680.6 696.8 714.8 730.2 746.3 762.2 775.5 785.6 792.9 792.8 798.4 802.5 806.2 805.5 805.8 803.7 802.4 801.8 802.1 806.3 811.3 810.9 809 802.3 780.2 747.5 717.7 679.5 670.3 659.2 644.3 631.5
599.4 608.1 618.7 634.5 652.9 668.6 685.7 699.8 707.9 715 710.2 698.4 683.9 672.8 664.2 656 646 637.4 625.9 639.5 648 655.8 659.4 655.2 641.6 619.3 601 583.9 571.1 563.4 559.8 573 584.4 597.7 608.9 605.5 594 602.6 617 637.8 655.3 667.3 675.9 676.6 682.7 692.7 699.1 712.9 726.6 742.3 758.3 771.8 783 791.4 797.4 795.1 799.6 802.6 804.6 802.5 800.7 796.3 792.7 791.2 792.5 797.4 802.2 804 803.9 802 794.9 772 742.4 693.6 682.5 672.6 657.3 641.7
597.7 607.7 620.1 633.8 651.5 668.1 684.4 695.8 704.5 706.2 697.1 683.8 671.4 660.1 653 644.5 636.9 629.2 625.5 638.2 648.6 656.3 657.5 650.6 634.1 611.3 594.9 578.6 565.4 559.4 552.2 562.9 577.1 589.4 597.1 589.2 594.1 608.4 627.5 650.8 671.9 686.6 696.4 701.2 704.5 713.5 721.9 729.4 741.3 754.5 768.8 779.1 788 794.9 799 797.9 799.2 800.1 799.9 796.7 791.2 786.2 780.2 779.5 781.6 787.5 794.1 797 799.2 801.3 801.3 793.4 769.2 720.6 698.9 682.1 667.1 651.9
597.2 606.7 620 634.1 651.5 668.1 683.3 694.7 701.5 697.3 686.4 671.2 658.2 647.1 640.4 634.1 626.5 617.5 624.8 637.4 648.6 656.4 658.2 645.3 626.5 603.2 586.3 573 561.1 554.2 547.4 553.1 566.1 577.1 579.7 580.2 600.1 620.2 642 664.8 685.7 703 715.1 723.4 727.7 734.7 741.4 745.8 756.4 767.1 776.3 784.7 791.7 796.6 800.2 799.7 796.5 794.6 793.2 788.2 781 771.9 766.2 766.2 770.8 775.7 784.3 790 795.7 801.2 803.9 800.4 781.5 743.5 719 696.7 675.5 658.4
597.8 608.3 620.9 635.8 654.7 669.3 682.9 694 695.3 685.2 670.8 658.8 643.3 634.6 629 623.1 616.9 602 624.3 638 648.6 656.4 655.2 640.3 619.9 597 579.7 566.6 556 547.8 542.8 546.3 556.2 559.2 573 588.1 608.9 631.3 654.4 677.5 697.6 715.1 729.7 739.9 747.3 753.2 758.6 762.2 767.4 774.4 781.7 787.3 791 797.5 800.1 798.8 794.3 788.7 784.1 776.9 768.3 760 755.6 754.9 759.7 766.5 775.8 784.3 792.5 799.9 804.7 804.4 793.8 760.9 734.5 712.6 687.6 666.7
598.8 609.4 623.2 638.9 656.7 670.1 683.2 690.1 685.1 671.9 656.7 644.6 629.1 621.6 616.4 611.8 606 605.4 623.3 637.2 650.5 657.3 651.3 634.1 612.4 586.8 573.8 560.1 549.6 541.1 539.6 545.8 553.3 560.5 580.6 599.2 619.1 642.9 666.1 688.6 707.3 724.9 741.6 754.4 763.1 767.8 769.8 771.7 774.2 779.6 785.1 789.4 795.4 797.6 798.9 795.1 789.5 781.6 771.6 761.7 750.6 748.1 746.7 745 749.8 758.9 768.3 778.6 788.5 797.7 803.6 806.9 795.8 764.5 743.2 723.7 700.8 679.2
600.6 612.4 626.5 643 658.5 671.5 681.9 684.2 677.6 660.6 646.1 632.3 617.7 610.4 605.5 601 584.9 604.4 622.6 637.3 650.5 656.2 646.3 627.8 603.2 577.4 566.2 551.2 542.5 535 541.2 548.3 558.4 574.1 594.7 616.1 636.8 657 678.7 699.5 719.2 736.7 753.2 765 772.6 776.1 776.9 777.5 777.6 780.4 787.2 792.8 798.4 800.8 800 796.7 788.9 774.3 753.8 740.1 732.4 731.7 732.9 734.5 740.7 749.4 761.7 773.7 785.2 794.4 802.2 806.3 791.1 763.5 746.1 726.2 707.1 689.6
603.9 616.7 630.9 648.4 664.1 677.4 685.8 686.3 672.3 652.2 637.1 621.6 609 600.1 594.4 586.9 583.5 603.8 622.6 636.6 649 654.5 639.4 618.7 589.9 571.1 557.2 541 536.3 533.8 541.3 555.1 568.7 589.9 613.9 635.7 657.1 676.3 695.4 712.3 729.6 746.7 760.7 770 776.1 777.5 777.1 777.3 778.7 783.6 789.3 796.4 800.2 805.7 805.7 798.9 787.8 767.9 745.3 728.2 720.7 718.2 718.5 722.8 730.8 741.1 755 767.4 780.3 791.7 801.5 808.3 786.3 759.1 741.7 726.4 707.7 693.3
608.6 622.8 638.3 654.9 670.4 682.1 689.4 684.9 665.9 645.7 629.6 613.6 599.5 589.1 581.3 568.5 584.1 602.9 620.3 634.4 647.7 647.7 630 600.8 574.5 561.8 546.4 534.8 530.8 534.7 549.8 564.3 583.4 606 630.5 653.3 673.7 692.3 708.5 724.3 740 753.3 763.6 770.1 773.2 774.5 773.7 774.8 780.4 786.6 793.6 799.1 805.2 810.9 811 803.5 787.9 766.2 738.1 720.2 711.4 708.5 707.6 713.1 720.5 732.9 746.1 760.6 774.3 788.2 799 804 777.2 753.5 738 722.2 704.4 691.7
614.6 630.5 645.2 661.7 677.7 686.6 690.9 680.6 658.6 641.2 625.3 604.1 589 576.6 566.7 565.1 583.6 599.8 614.2 630.2 639.2 635.7 610.2 583 564.3 551 534.5 530 529.8 544 559 574.5 598.1 623.6 645.4 669.6 688.5 704.1 719.2 733.7 745.3 753.9 761.5 765.3 767.2 767.8 768.5 775.5 783 790.2 797.2 804 810.5 816 814.9 806.4 789.2 759.6 729.8 718.3 704.4 700.3 698.8 703.5 711 725 738.6 754.3 768.6 784.1 795.4 796 767.9 750.6 733.3 714.8 698 684.3
621.5 636.7 652.7 669.6 682.3 689.6 690.7 676.4 653 636.8 618.4 598.3 579.2 566.3 552.2 563.1 580.5 594 605.2 616.1 622.7 611.5 589.1 565.8 552.7 537 527.1 525.6 539.1 552.4 568 586.5 611.6 637.3 657.7 681.2 698.2 712.4 726.2 737.9 747.1 752.7 756 757.8 759.4 758.6 766.4 776.3 785 792.8 801.3 808.6 815.4 819.7 816.6 807.9 787 751.4 729.3 712.1 697.8 690.6 688.4 693.7 703.3 718.9 734.4 748.7 763.7 780.5 789.5 783.8 758.8 744 726.5 707.5 689.4 674.4
628 644 661.1 676.8 685.9 691.3 688.5 673.6 649.8 630.4 612.8 591 571.8 555.9 541 556.5 571.2 582.4 593.9 598.4 596.4 582.5 566.3 553.5 536.6 528 520.8 531.5 546.1 560.2 577.3 599 623.3 647.5 672.7 688.8 704.4 717.3 729.2 737.8 744.1 747.4 748.9 750 748.2 752.8 766.3 776.6 787.1 796.2 805.2 812.6 819.9 822.7 819.3 810.3 780 748.9 729 703.9 689.8 683.8 679.5 683.1 694.2 711 729.6 743.1 758.2 774.9 782.9 768.6 751 737.4 719.3 700.8 681.5 662.7
635.5 651.6 666.8 678.9 686.5 690.6 685.5 670.6 648.1 629.2 610.3 586.6 565.4 547.2 535.4 549.6 562.8 573.3 583.1 585.7 576.3 561.6 552.2 538 524 519.7 522 539.3 553.6 569.1 585.4 606.1 628.4 653.4 677.5 693.1 707.2 718.6 728.5 734.4 737.8 740.2 740.9 736.4 741.5 755.9 767.7 778.8 789.2 799.3 808.8 816.5 822.7 825.3 822.4 812.2 778 749 724.3 702.5 687.7 678.4 672.8 674.8 682 697.5 717.6 735.5 753.2 767 764.1 750.5 741.8 729 711.7 692.9 671.3 651.3
639.6 656.4 667.8 676.3 683.4 687.5 681.7 669.2 646.2 628.8 609.7 584.1 560.4 542.3 531.5 543 555.4 564.9 571.1 566.4 557.8 549.4 536.8 520.9 516.7 517.3 531.9 546.5 560.7 576.5 592 611.8 632.5 658 677.5 693.2 706 715.2 722.5 726.5 730.1 732.1 730.6 730.1 744 757.4 768.4 780.1 791.5 801.5 811.5 819.9 825.1 827.4 824.4 814.7 782.2 753.1 725.7 700.2 685.6 673.4 668.2 663.6 665.9 675.3 693.9 714.4 727 724.4 728.5 732.5 730.1 719.1 703.8 684.1 661 642.3
639.6 655.6 664 671.3 678.8 680.7 678.9 666.1 649.3 629.5 608.6 583.3 557.4 535.8 522.8 535.2 545.3 553.9 554.6 549.8 541.6 533.5 519.3 511.2 511.8 525.5 539.7 553.9 567.2 583.7 599.5 616.4 637.5 661.1 677 690.4 701.2 709.3 715.1 718.9 721.2 722.1 716.5 730.5 744.5 757.7 770.2 781.4 792.7 803.2 813.8 822.8 826.8 827.4 824.2 815.2 789.9 760.6 733.8 698.6 683.7 666.2 657.3 652.6 652.6 652.7 667.6 672.5 670 684.4 696.7 711.7 714.3 706.3 689.2 670 650.7 630.3
635.8 648.9 656.5 664.7 671.1 675.1 673.7 663.6 650.6 631.7 609.5 582.3 554.8 529.5 514.4 526.4 533.9 538.6 534.3 528.1 524.6 516.3 510.6 508.7 517.4 532.3 546.5 559.8 573.4 590 606.1 622.1 642.3 661.6 674.4 685.5 694.7 701.3 705.2 708.8 708.9 707.3 722.7 735.6 746.9 759.3 772.4 783.8 794.9 805 815.2 823.3 826.1 826.4 822.5 814.6 802.2 769.7 738.5 701.8 685.4 663.5 650 638.8 633.2 639 638.6 631.7 646.1 658.4 672.4 685.6 693 682.7 666.6 653.2 638.7 620.9
631.1 638 645.7 655.3 662.8 667.9 666.7 659.8 647.9 629.9 601.8 572.6 545.5 522.9 507.8 516.7 519.3 520.2 518.4 514.5 506.6 502 507.4 515.5 524.1 542.2 553.3 566.7 579.7 597.6 613.9 630.6 647.4 662.5 673.7 682.7 688.8 692.7 698.5 696.6 705.1 716.7 729.3 740.4 751.3 763 774.2 785.2 796 804.2 814 820.6 822.8 822.7 819.4 813.6 804.4 785.5 758.6 710.5 689.1 663.3 647.4 636.1 615.5 614.6 616.2 619.3 628.8 639 649.3 654.7 654.1 651.5 638.5 631 623.2 611.2
623.3 627.7 636.5 645.7 652.5 656.1 655.5 649.9 640.3 619 585.9 556.9 532.9 512.9 504.4 507.6 508.5 507.7 506.5 499.9 499.1 506.6 514.5 520.3 534.8 546.3 558.3 576 589.9 609.2 623.4 636.8 652.6 664.1 672 678.1 681.9 687.2 687.1 699.8 711.5 722.7 733.9 744.5 754.8 765.7 775.9 785.4 794.3 802.2 809.8 814.9 817.1 817.2 815.5 811.5 806 797.1 761.3 735.1 699.6 667.6 643.6 625 612.4 602.1 602.9 607.2 611.9 622.1 624.5 621.5 620.7 617.1 607.6 612 601.4 594.4
612.1 617.6 626.8 637.3 642.8 643 641.4 633 620.6 591.5 561.4 538.4 520.8 506.2 495.8 495.5 495.7 492.8 494.3 496.4 505 513.8 523.4 534 547.4 560.7 573.6 586.5 604.9 619.3 629.9 643.9 655.6 663.2 669.6 673.3 675.1 684.7 695 705.5 717.2 728.9 738.9 748.9 757.4 766.1 774.4 782.1 789.3 796.2 802.3 807 809.3 809.3 809.2 806.9 803.7 797.2 789 753.1 697.9 668.1 649.1 626.9 610 591.8 591.3 591.4 597.2 604.8 608.3 596.6 593.4 580.7 578.6 576.6 580.1 584.5
600.9 610.7 620.9 627.4 628.1 627.3 622.3 604.9 583.9 557 541.4 522.9 509.4 498.1 491.7 490.3 488.7 490.8 493.9 504.1 511.6 522.9 536.8 551.6 563.8 575.2 589.3 602.7 617.1 628.1 638.4 648 656.3 661.4 663 670.5 680.3 689.9 698.5 710.5 722.2 732.8 742.9 751.2 757.8 763.3 769.5 774.8 779.9 786.3 792.9 797.4 799.1 799.9 800.9 800.7 799.8 797.1 789.9 778.6 715.3 681.9 672.3 629.1 606.8 585 585.4 582.1 580 577.6 572.1 571.2 565.6 561.3 557.9 561.6 568.5 575.2
597.4 608.8 615.9 615.3 613.3 604.9 588.6 575.4 552.3 538.4 523.6 512.9 500.6 489.1 484.7 485.6 487.1 493.6 503.7 513.8 526.6 542.1 558.3 570.3 583.1 594.2 605.1 615.4 625.3 632.2 645 649.9 653.2 656.2 663.1 672.8 680.8 689.9 700.6 713.7 724.3 735 743.4 749.9 754.1 756.5 758 762 766.4 773 780.4 785 787.9 789.8 791.9 792.8 794.6 794.3 788.2 780.5 731.9 704.2 677.1 644.9 591.6 580.9 579.5 574.9 564.5 557.8 555.1 553.1 552.3 549.4 548.9 551.6 556.8 565.1
595.6 606.8 610.6 602.6 596.1 577.3 557.6 543.7 533.9 522.5 510.9 499.9 488.6 481.5 482.1 484.3 493.6 504 517.9 530.7 547.1 562.9 579 591.5 603.9 614.6 624 628.9 633.8 641.4 646.1 649.6 649.8 655.6 663.7 673 681.3 690.2 700.5 711.5 722.4 731.5 739 744.7 746.3 745.7 743.6 748 753.4 761.4 768.4 773.4 777 782.1 783.2 786.1 788.7 788.4 785.1 778.3 759.7 740.1 687.6 642.1 593.1 581.2 573.8 565.6 555.5 547.2 543.5 540.8 539.6 540.8 540.7 544.1 545.5 550.6
593.1 602.6 604.4 596.1 577.5 555.5 536.2 526.3 522.7 508.8 498.9 487.9 479.7 479.1 483.4 492.2 502.4 516.7 535.8 553.7 569.3 582.9 598.3 612.4 626.2 634 638.2 641.2 643.9 647.1 648.7 646.9 648.3 654.7 663 671.1 678.8 687.9 697.7 708.6 717.5 725.5 730.7 735.3 737.2 732.7 733 736.8 743 750.2 756.5 762.5 770.6 774.2 775.9 779.8 782.5 781.9 781 778.5 773.1 763.1 717.6 629.5 594.4 579.5 571.3 562.4 551.5 542.3 536.9 534.7 532.7 532.8 533.4 535.7 536.6 540.7
589.9 597 593.4 578.5 557.5 535.4 523.4 514.7 502.7 493.9 486.5 474.6 478 482.9 490 500 515.1 534.9 556 575.4 590.4 602.3 616.2 630.7 642.1 647.6 650.6 651.3 649.5 649.9 646.5 642.7 643.5 654.7 661.2 668.4 675.3 682.7 693.4 701.7 707.8 715.6 721.1 724.2 722.7 719 719.8 727.3 736.1 742.6 748.6 758.4 766.8 770.6 772.8 776.1 776.2 777.2 776.9 777.1 773.2 765.1 722.4 646.9 601.7 584.6 571.9 563.6 555.4 545.7 533.6 530.7 530.6 529.5 527.4 529.8 530.7 531.5
585 588 575 557.3 538.8 523.5 513.9 501.3 492.4 484.4 478.4 474.7 477.9 486.7 497.7 510.6 530.9 555.4 576.4 594.3 611 623.2 636.8 647.6 654.4 657.6 659.4 657.7 653.8 648.6 642.2 635.8 641.7 651.1 656.9 662.2 668.3 676.4 685 692.1 697.2 702.5 707.6 709.2 706.8 704.2 708 718.3 728.2 735.2 745.6 757.4 764 769.1 770.8 772.1 772 771.9 772.5 773.6 771.8 766.1 736.2 654.5 617.6 595.7 581.6 572.2 561.6 547.3 534.2 528.3 526.8 525.8 523.1 524.1 525 525.7
576.1 570.8 557.7 539.5 524.4 514.4 502.3 492.6 482.9 477.3 471.5 473.5 479.8 492.8 505.2 525.8 550.2 573.8 593.3 611.1 627 638.4 650.4 658 661.9 664.2 664.8 660.8 654.3 645.2 637.9 627.4 636.1 643.5 648.8 653.6 659.2 666.5 672.4 677.1 680.4 683.7 688.4 691.5 690.9 691.4 700.7 713.5 725.7 735.6 750.5 758.3 765.7 768.9 769.6 768 767.4 765.7 767.6 767.9 767.4 762.4 728.3 676.2 642.5 615.8 602.5 588.3 571 552.8 539.9 530.5 525.4 524.7 519.7 517.8 521.3 520.7
564.2 561.6 547.5 527.7 517 507.9 495.7 484.4 476.6 472.5 470.3 472.1 486.4 498.9 516.9 541.3 568.2 589.6 604.8 623.6 635.5 646.3 655.1 659.2 662.6 663.2 663.2 659.3 651.8 642 630.3 618.8 627.7 633.2 633.8 637.4 643.4 651.7 656.7 661.3 665.8 668.9 672.7 675.2 672.2 691.5 706.5 720.3 730.4 739.7 751.8 761.4 768.3 771.4 769.5 766.7 762.9 759.7 760.8 760.7 759.9 754.9 732.4 701.3 668.6 643.7 627.5 607.5 583.3 565.9 549.8 538.3 529.7 527.3 522 517.5 516.9 517.2
555.5 548.3 534 520.6 510.8 501.1 488 478.4 472.1 468.4 469.2 480.5 492.7 507.8 527.3 554.5 579.9 598.3 611.4 628.6 637.4 645.2 650 652.9 654.5 656.3 654.3 651.4 644.6 636.6 623 609.3 618.7 620.3 619.9 623.1 628.8 636.8 643.1 648.1 652.2 654.7 656.7 659.2 680.5 696.8 710.1 724.2 732.9 743 756 765.2 771.9 774.6 772.7 766.8 759.1 754.9 752.9 752.7 750.8 747.5 741.5 726.2 702 676.8 651.3 627.9 604.1 585.8 567.9 551.6 541.2 532.8 524.7 519.4 515.6 510.5
543.2 534.2 526.9 515.2 505.5 495.1 483.4 474.4 465.7 465.6 474.5 485.8 499.3 515.1 536.7 563.2 585.3 600 616.4 626.4 632.9 637.6 638.1 639.3 642.4 644.2 643.9 641.3 637.3 630.3 617.4 606.2 603.8 602.4 605.1 610.6 614.3 621.6 626.7 632.9 637.9 645.4 656.7 671.6 687.9 699.2 716.6 728.4 736.3 750.8 761.9 770.9 777.7 779.5 775.4 768 759.2 750.2 745.7 744.7 743.2 741.2 737.7 731.8 722.9 699.9 672.6 648.1 624.9 606.5 588.2 571.1 555 542 531.5 520.9 514.2 508.8
533.4 527.9 518.2 509.1 499.4 490.7 477.7 467.6 461.7 467.8 478.3 489.8 504.8 520.8 541.5 566.9 584.4 599.1 613.3 618.5 623.4 621.7 620.9 623.2 626.6 628.1 630.1 630.8 627.5 621.7 610.5 599.7 595.9 606.1 616.6 625.3 633.5 638.3 641.7 647.5 653.9 661.6 672.4 682.5 693.8 709.6 725.7 734.5 743.6 754.6 765.5 776.6 781.9 782.2 776.4 767.8 757.7 744.9 740.5 736.9 733.9 732 731 728.2 723.4 711.4 689.7 668 644.9 629.4 613.9 594.5 575.7 557.1 537.9 523.6 513.9 508.5
527.2 520.8 513.8 502.7 492.7 484.4 471.3 462.2 464.2 473.3 482.9 495.4 511 527 545.3 566.5 580.1 590.3 600.7 603.7 602.4 603.1 605.5 607 610.6 612.9 615.9 615.7 616.7 611.1 601.7 592.4 598.9 613.4 624 636 647.1 655.7 661.3 667.2 673.4 680.2 688.5 696.4 703.9 719.3 731 739 748.7 757.7 770.2 781.2 784.6 782.4 773.9 764 750.3 739.7 732.6 725.8 722.9 722.1 723.1 722.8 720.7 712.5 701.9 682.3 660.9 650.4 638.6 621.4 599.8 576.8 549.6 528.5 516.5 510.4
519.7 515.9 508.1 496 484.9 477.7 465.4 460.2 468.3 476.5 487.4 499.7 513.5 528.9 547.5 559.8 570.3 577.5 582.5 585.6 587.5 590.1 592.7 595.4 598.1 600.9 603.9 606 606.3 600.4 590 596 608.7 621.4 632.1 644.6 657.3 669.5 678 684.5 691 698.1 704.8 712.2 718.7 728.7 736.6 743.4 752.7 762 776.5 784.2 782.2 774.6 765.6 754.5 743.5 731.8 723.4 716.2 711.8 710.6 714.1 718.2 717.2 712.2 704.6 692.4 678.9 668.8 665.1 648.2 626.6 597.8 565.6 538.8 521.7 513.8
513.1 509.4 500.9 485.8 479.2 472.3 459.1 458.1 469.7 478.6 489.6 502.3 515.6 531.6 545.9 556.4 564 568.7 571.1 574.1 576.6 578.8 580.8 583.7 587 591.3 595.6 597.6 596 585.9 591.4 605.4 616.7 629 640.2 653.2 666.9 680.8 690.7 699.2 707.2 715 722.1 727.8 732.3 735 739 745.8 756.3 766.1 776.6 779.5 772.7 761.8 752.8 744.9 734.3 722 714.2 706.8 699.5 701.4 705.8 711.1 712.6 711.4 706.7 699.2 690.1 683.3 680.3 670.3 651 621.3 583.8 553.3 531.3 519
