Game/Highland_Data/StreamingAssets/GeoData/Data/no/NO28.asc
ncols 200
nrows 200
xllcorner 320000
yllcorner 780000
cellsize 50
[rows 102 to 135 of 200, columns 76 to 151 of 200]
1040.4 1037.3 1034.4 1030.9 1029.8 1027.7 1023.1 1018.7 1016.3 1016.2 1018.1 1018.1 1016.6 1015.4 1014.9 1015.5 1016.9 1016.7 1015.2 1011.1 1004.2 996.7 992 987.7 980.3 971.7 959.2 947 944.8 950.6 956.7 964.7 974.1 983.2 990 998 1007.9 1020.6 1030.8 1039.4 1050.7 1058.7 1064.8 1073 1070.2 1059.2 1043.1 1025.2 1006.9 989.2 968.3 947.5 923.3 904.4 881.6 863.1 846.6 831.3 817.1 805.1 791.4 782.1 772.1 760.5 745.7 730.9 722.4 715.4 709.3 704.4 700.9 698.8 695.7 696.4 693.8 690.7
1042.3 1037 1030.7 1024.8 1022 1021.3 1018.9 1017.4 1015.3 1012.5 1013.5 1013.3 1012.9 1011.8 1012.1 1013.9 1016.5 1016.8 1015.9 1012.9 1008 1003.6 998.1 991.6 984.8 976.3 965.1 952.3 939.7 935.3 940.1 946.1 955.2 961.9 972.9 984.5 994.5 1003.9 1017.2 1027 1036.3 1045.3 1051.5 1056.2 1055.2 1044.2 1030.9 1015.1 1000 981.4 964.1 943.2 926 907.5 887.2 869 850.8 835 820.9 806.6 792.4 782.9 771.4 758.4 747.4 736.3 727.8 718.7 712.2 706.6 702.1 699 695.8 693.7 691.5 688.4
1047.2 1042.4 1035.2 1030.1 1024.3 1022.6 1017.8 1017.6 1016.2 1015.1 1013.3 1010.6 1010.4 1010.2 1009.3 1012.9 1014.6 1014.8 1014.3 1013.4 1009 1004 998.8 993.3 986.5 979.2 968.2 956 942.8 929.3 922.7 927.4 935.4 941 950.1 961.9 975.9 987.7 998.6 1008.9 1017.3 1026.5 1036.1 1039 1034.7 1024.5 1012.9 1003.4 991.7 976 960.5 941.4 923.6 908 889.4 871.5 853.7 837.8 822.2 807.6 793.9 784.3 772.9 762.2 750.2 741 733.2 724.2 716.2 709.1 704.7 696.4 696.5 692.7 688.3 686
1050.7 1048.6 1044 1037.9 1031.6 1023.7 1018.6 1017.9 1016.7 1016.5 1016.5 1014.5 1012.5 1009.7 1006.5 1008 1008.3 1008.9 1010.7 1008.5 1005.5 1000.7 994.9 990.3 984.7 977.8 968.1 956.7 944.8 930.9 915.1 910.2 915.3 921.6 931.1 941.2 952.4 965.8 979.1 990.2 1001.5 1009.6 1017.1 1019.6 1017.5 1011 1003.3 993.4 981.2 967.9 952.1 938.6 921.8 907 888.1 873.4 853.4 838 822.6 808.9 795.9 784.6 774.9 764.4 756.1 747.1 738.2 730.8 721.9 714.7 708.4 701.8 695.4 691.7 689.1 685.3
1053.4 1052 1048.9 1044.4 1037.5 1028.8 1020.7 1018.8 1019.1 1021.1 1021.3 1021.1 1020.3 1014.6 1011.5 1005.6 988.7 996.1 1000.4 999.5 997 993.3 988.6 985.2 980.1 973.9 966.2 957.5 948.4 929.5 911.4 897 899.3 904 912.4 920.9 932.5 944.6 958.3 970 982.6 993.1 1001.7 1003.6 999 993.5 986.2 979.4 968.1 959.1 944.8 932.8 920.7 905 887 872 854.3 840.1 826.2 811.5 800.2 785.5 778.8 768.6 759.2 752.2 744.1 736 728.9 721.2 712.3 704.5 697.6 691.5 687.8 681.1
1053.4 1053.5 1051.9 1048.9 1045.3 1037.7 1029.6 1023.8 1023.2 1025 1027.3 1028.7 1027.6 1023.1 1018.6 1009.3 992.3 972.5 980.8 984.9 985.4 983.6 981 977.8 973.5 968.8 963.1 955.2 944 926.3 907.7 894.4 882.1 887.1 893.4 902.8 911.5 921.3 932.8 947.6 960.1 971.3 978.6 980.9 979.7 976.9 972.3 962.8 956.4 946 937.3 930.4 920 908 893.4 879.4 859.6 844.7 832.3 816.4 803 791.5 779.8 771.7 762.9 756 749.1 741.5 734.3 726.3 716.6 708.1 700.2 693.5 687.3 681.1
1052.1 1053.6 1052.5 1051.1 1048.6 1045.6 1043.2 1035.9 1033.3 1033.5 1034.8 1035.5 1034.5 1030.9 1024.5 1011.9 999.3 981.5 957.6 964.3 965.7 966.8 968.1 968.3 965.2 959.8 953.5 946 936.1 920.7 905.5 892.2 880.9 868.3 875 881.3 890.5 900.5 909.7 922.7 936.2 948.8 957.7 962 962.9 960.5 954.5 949.7 943.3 939.3 934.3 931.3 925.7 918.7 907.5 891.6 874.9 855 838.9 822.5 806.9 794.1 781.9 774.4 766.5 760.3 753.3 747.3 739.2 731.3 720.4 709.7 702.7 694.9 687.1 680.9
1049.2 1051.4 1051.6 1051.3 1050.7 1050.7 1049.1 1045.5 1040.5 1039.2 1040.1 1041.3 1041.2 1037.6 1029.6 1016 1001.2 985.3 966.7 944.7 948.3 946 945.1 948.9 947.9 943.5 938 932.6 925 909.9 895 883 872.6 860.2 851.6 859.2 867 876 887.2 899.2 910.4 922.6 934.5 941 943.6 944 941.9 938.6 937.1 935 935.3 934.9 931.3 927.1 919.5 907.1 888.9 872.1 853.7 832.7 810.7 797.6 785.8 777.7 770.4 763.6 757.7 751 742.7 734.6 724.6 712.9 705.4 697.7 688.6 681.9
1045 1047.5 1049.5 1051.5 1052.9 1054.3 1053.7 1051.2 1048.3 1045.6 1045.2 1045.6 1045.5 1042.8 1035.2 1021.2 1001 987.6 970.7 953 933 931.6 928.4 926.5 924.6 921.3 914.6 910.4 905.9 896.4 880.1 869 858.5 849.2 838.5 835.8 844.9 853.7 864 875.5 888 898.7 905 912.9 920.5 924.9 925.7 926.5 929.6 932 936.2 939.7 945.5 944.6 939.3 924.4 908.4 884.6 864.2 834.8 817.7 802.2 790.3 781 774.3 767.7 760.6 754.4 746.1 737 727.8 716.6 708 700.3 691.3 684
1040.1 1045.1 1048.6 1051.7 1054.9 1056.8 1057.4 1056.1 1054.4 1052.1 1050.1 1048.9 1048.3 1046.3 1037.9 1022.9 1003.7 989.2 974.9 959.1 939.3 924.2 913.2 911.2 905 898.5 891.6 887.6 882.1 875.7 868.5 857.3 848.1 837.6 830 818.9 822.3 829.6 838.2 849.4 862.6 876.1 884.9 888.6 891 897.8 905.3 912.9 918.4 925 930.9 939 950 952.9 952.6 931.7 913.1 894 871.1 843.2 823.6 806.9 796.3 786.5 777.9 770.3 763.9 757.8 749.5 740.8 730 719.4 709.9 702 692.7 685.4
1035.9 1042.4 1047.4 1052.1 1055.7 1058.7 1060.1 1060.1 1059.3 1057.5 1054.7 1051.7 1049.5 1046.4 1039 1026.2 1008 993.3 974.9 961.5 945.7 930.7 918.4 902.4 892.2 885.8 876.2 863.4 858.6 852.8 847.6 844.2 835.6 828.6 819.4 813.1 809.8 809.8 814.8 824.1 836 850.8 862.4 871.2 876.1 880.3 884.2 891.5 899.5 906.4 915.1 925.3 931.1 935.2 933.3 922.7 910.3 894.6 873.7 855.4 837.4 815.7 801.8 791.6 783.4 775.3 767.1 759.9 751.5 742.3 730 720.4 710.4 701.8 694 685.9
1032.4 1040.2 1046.3 1051.9 1056.5 1060 1062.6 1063.4 1063.3 1061.1 1057.7 1053.7 1049.8 1045.1 1037.8 1028.2 1013.2 997.3 979.9 967.3 954.4 939.1 927 912.4 897.7 882.7 870.4 860.5 848.8 839.8 832 825 820.6 816.3 813.8 808.7 803.2 801.5 800.2 803.1 813.8 828.4 839.4 849.6 858.5 865.2 868.3 873.1 881.2 887.6 893 900.9 912.4 916.8 915.8 908.8 901.4 887.8 876.6 864.4 849.7 829.7 814 798.3 787.2 778.4 769.9 761.1 752.9 742.2 729.7 719.1 710.3 701.9 694.9 686.3
1031.1 1038.4 1044.8 1050.6 1055.6 1059.8 1063.5 1065.6 1065.9 1063.7 1058.9 1054.3 1049.2 1043.5 1036.5 1028.4 1019.4 1006.4 990.7 977.5 964.5 949.8 935.5 920.3 909.2 898 887.3 875.8 867.8 858.6 848.7 838.5 826.8 816.3 810.7 805.5 799.9 796.7 793.9 793.9 795.8 805.3 816.9 829 839 846.7 848.6 856.2 864.3 872 878 885.2 891.8 891.8 894.5 892.9 887.2 883.7 875.4 865.7 853.5 836.3 820 802 789 780.1 770.9 761.2 751.3 740.5 729.9 718.7 710.3 703.9 695.5 686.6
1030.1 1036.8 1042.8 1048.6 1053.5 1058.4 1062.3 1065.5 1066.1 1063.2 1058.3 1052.7 1046.9 1040.7 1034.4 1026.6 1023.5 1015.9 1003.9 989.4 973.2 959.4 946.9 936.9 928.5 918.1 905.1 893.3 892.2 880.4 867.6 854.7 841 828.6 820.2 811.2 806.5 799.2 792.5 789.3 788.1 789.7 796.8 807.2 816.8 823.8 828.5 837.8 845.5 856.4 865 871.4 873.7 877.2 877.8 877.7 878.9 877.8 872 864.8 853.8 839.5 821.9 806.9 791.2 780.4 770 757.9 747.2 736 725.8 715.4 710.1 703.7 695.1 688.9
1030.3 1035.2 1039.9 1044.9 1050.1 1054.4 1058.9 1061.9 1062.6 1059.6 1055 1049 1043.2 1038.1 1032.7 1028.1 1025.6 1020.9 1012.4 1000.4 984.9 970.9 959.6 954.1 953.1 946.2 930.9 917.4 910.6 898.1 885.7 872.6 859.7 847.6 836.3 827.5 820.1 810.1 800.6 792.6 783.8 782.7 781.9 788 795.2 803.7 809.6 819.4 828.4 838.2 850.2 857.2 862 864.4 868.1 870.6 872.2 869.9 867.4 861 851.5 839.3 822.6 805.7 789.2 777 766.9 752.7 743.5 733 722 715.1 708.8 702.3 695.4 691.1
1031 1034.2 1037.5 1041.7 1045.8 1049.8 1052.3 1055.5 1055.7 1053.2 1049.1 1043 1039.4 1034.8 1032 1029.4 1026.6 1022.1 1014.7 1004.4 993.6 981.4 970.1 965.3 966.4 966.8 962.6 947.4 936.6 919.6 906 891.3 880.7 869.8 858.5 849.6 839.4 828.2 815.3 801.8 789.2 782.3 778.1 776.4 778.3 786.3 791.1 799.1 809.4 819.6 833.4 844 851.5 857.1 859.7 861.3 861.4 861.8 860.9 855.4 846.9 835.5 819.8 801.9 785.7 771.5 762.1 749 739.4 728 720.9 714.9 708.2 701.1 696.7 695.3
1031.5 1033.4 1034.8 1037.9 1041 1043.5 1044.8 1045.5 1045.4 1044.1 1039.8 1036.8 1033.8 1033.1 1032.6 1030.6 1026.6 1022.1 1012.9 1004.8 995.9 984.6 974.8 969.6 970.1 972.2 972.1 969.6 962.7 948.5 928.7 914.4 903.2 896.3 887.4 877.1 862.3 847.4 832.7 815.2 799.1 787.6 780.6 774.5 771.7 772 776.3 781.1 789.8 802.2 815.7 828.3 838.3 846.1 849.6 851.4 852.1 851.6 849.9 846.3 839.3 827.9 812.6 795.2 780.7 767.5 755.4 744.5 733.6 724.8 719.5 714.5 708.2 702.6 697.6 696.1
1033.7 1032.9 1033.5 1034.4 1034.4 1034.9 1035.5 1034.4 1033.5 1032.6 1031.1 1029.4 1029.7 1031.4 1031.6 1028.9 1024.5 1018.7 1009.5 1001.6 993.9 983 974.8 969.3 969.7 971.9 973 972.1 969.5 965.4 956.4 940.1 931.3 925 917.5 906.9 890.2 870.3 849.9 829.3 813.2 796.3 784.3 774.1 770.8 766.5 766.6 769 772.1 785.1 798.3 811.9 824.2 835.4 841.1 843.5 846.1 845.6 842.8 836.8 829.3 818.2 803.7 786.7 773.7 757.3 745.5 739.6 729 722.2 718.1 713.4 708.4 703.2 696.5 694.5
1037.1 1032.6 1030.2 1029.2 1028.2 1027.7 1026.2 1022.1 1019.4 1018.6 1018.6 1020.9 1025.1 1027.6 1027.3 1024.8 1019.3 1010.4 1004.3 996.7 988.8 979.5 971.2 965.7 965.4 966.9 969.9 971 971 969.1 965.9 962.1 956.7 949.8 941.8 930.6 917.5 897.4 869.7 846.4 826.2 808.6 790.3 776.5 770.7 766.8 763.3 762.2 763.1 768.1 781.4 795.6 808.5 820.7 829.9 835.2 836.6 836.7 833.7 828.6 817 805.2 791.8 776.9 762.1 749.1 737.6 731.4 724.1 720 716.2 712.6 707.7 702.2 695.9 693.2
1039.7 1033.2 1027.4 1025.1 1023 1021.1 1018.3 1013.6 1010.8 1009 1009.8 1011.8 1013.9 1018 1019.7 1014.3 1007.7 1001.8 993.4 987.1 979.9 972.5 964.5 959.4 958 960.8 964.4 967.4 968.9 970.1 969.7 968.2 965.7 960.9 955.1 946.4 932.3 919.3 897.8 864.1 841.3 819.6 799.4 783.3 771.5 764.7 762.1 757.8 758.3 759.2 764.2 778.6 791 804.8 815.9 822.1 827.5 827.6 824.6 818.3 806.4 796.5 778.7 765.9 751.5 740.4 732.5 724.6 719.2 717.2 714.8 712.3 708.8 701.4 695 692.9
1040.4 1034 1026 1018.8 1013.2 1011.3 1004.6 1002.6 999.9 999.9 1001.7 1002.9 1003.5 1004 1002 999.8 993.9 988.5 981.1 975.9 966.6 957.8 954 950.1 947.9 952.5 957 962.3 966.2 968 969.9 970.4 969.5 966.3 962.2 955.3 940.3 930.3 915 888.5 858.6 831.6 812.9 794.1 780.1 766 762 757.9 754.6 754.3 754.7 761.7 774.4 786.1 799.5 807.3 811.6 813.2 812.7 806.8 798 784.1 768.2 756.3 744.2 735.2 728.3 722.4 719.1 716.5 714.6 712 708.7 701.9 696.4 691.5
1041 1035.4 1026.7 1017.7 997.5 988.8 984.6 985.7 982 989.1 992.1 995.5 994.8 993.2 989.1 985.2 977.6 969.2 960.2 954.1 949.5 944.9 940.1 935.4 934.8 940.8 948.5 954.2 959.3 962.6 964.7 966.1 965.6 963.9 960.2 954 943.7 931.6 918.7 902.8 880.9 847.7 826.8 806.9 788.9 775.7 766 759.2 754.4 750.7 749.7 751.6 758.4 770.7 781.5 792.3 798.4 800 797.9 793.8 783.8 772.4 758.4 746 737 729.7 724.2 719.7 717 715.3 713.4 710.7 706.9 701.5 695.9 691.7
1042 1036.8 1030 1019.8 1005 982.9 972.4 970.4 970.2 970.8 975.6 979.6 980 978.1 974.2 966 957.4 950.6 945.6 938.5 935.2 930.2 922.8 919.1 920.3 928.1 938.8 945.1 950.1 954 955.4 956.5 957 956 953.5 948.5 938.6 930.5 918.6 907.4 889.3 863.1 843.7 825.3 805.5 791.8 774.1 762.2 757.9 752.3 745.8 745.3 748.3 754.5 765.3 774.9 782.9 784.5 781.4 777.5 771.2 760.4 747.8 736.4 730.9 724.6 720.9 717.7 715.2 713.3 711.3 709.1 706 701.2 696.1 690.5
1042.1 1036.7 1029.3 1019.3 1007.4 994.3 974.3 959.9 959 958.6 957.8 959.2 960.8 962 957 948.9 942.5 937 931.3 923.7 920 914.6 911.3 909.4 908.7 916.4 926.3 934.6 938.7 941.2 944.9 946.1 946.5 947.5 944.6 940.3 932.8 924.3 914.9 903.8 892.1 875.6 864 846.8 826.3 811.9 790.9 772.7 762.3 755.6 749 741.6 741.5 744.7 750.2 757.1 765.4 767.7 764.4 760.5 755.3 746.1 735.6 729.3 724.8 721.5 718.7 715.8 713.8 711.7 710.1 707.9 703.2 699.6 694.3 690.2
1039.7 1033.9 1025.8 1016 1004.2 995.9 984.3 966.9 953 950.2 949 948.6 946.6 944.8 938.6 934 929.1 923.7 917 911.7 907 902.6 900.7 899.3 897.8 902.3 912.2 919.8 927.2 930.5 932.6 934.5 935.2 935.1 933.4 930.2 925.5 916.7 908.9 900 891.1 882 874.6 866.3 844.9 825.8 807.1 787.5 772.6 759.3 751.4 744.4 735.2 737.3 739.9 744 747.9 753 752.2 745.9 741.1 734 728.9 725.8 722.1 719.1 716 714.5 712.9 710.8 709.4 706.3 702.2 699.3 695.7 692.3
1034 1028.7 1018.3 1010.5 1000.5 993.4 986.7 976.8 957.5 944.6 938.9 937.9 936 932.4 927.9 922.7 916.4 911.4 906.4 900.6 895.1 892.3 889.2 889 888.6 892.4 896.3 903.9 910.5 916.2 919 922.2 923.1 923.9 922.5 921 915.9 906.9 901.1 894.7 888.2 882.1 875.8 869.5 860.7 847.6 823.5 803.4 785.6 771.5 758.9 749.7 741.2 732 731.7 734.1 736.2 737.7 738.9 735.9 731.9 728.8 725.1 722.7 719.5 717.3 714.2 713.6 711.7 710.2 709 706.7 703 700.8 697.9 695.9
1024.5 1018.5 1009.3 1003.6 996.2 991.2 986.7 979.3 964.4 951.4 936.9 924.8 923.4 919.1 914 908.9 904 900.5 894.8 890.1 886.1 882.4 879 877.2 875.9 879 879.3 882.5 892.5 903.2 904.4 906.2 909.7 910.9 909 905.9 902.4 900.1 893.4 887.9 883 879.1 875.1 870.1 864.2 854.4 839.3 818.9 798.6 781.3 767.4 756.2 746.2 736.8 729.6 724.3 727.1 727.6 726.4 725.9 724.3 723.3 721.3 718.7 717.2 715.5 713 712.6 711.4 710.3 707.6 706.8 703.6 701.7 699.9 698.2
1010.2 1003.2 998.7 995.4 991.1 988.5 984.5 977.8 967.2 954 942.1 925.5 907.9 902.9 899.6 894.8 891.2 886.9 882.4 876.1 870.1 868.8 865.9 864.6 862.2 864.6 865.7 867 872.1 881.2 887.5 892.7 894.7 897 895.7 894.7 890.9 887.5 884 880.7 876.7 874.1 871.4 867.7 862.8 854.1 842.2 827.8 812.4 795.5 780 763.4 753.3 744 734.1 725.9 717.9 719.2 718.3 716.7 716.9 716.9 715.9 714.7 713.7 711.9 710.6 710.5 710.5 709.4 707.5 705.5 703.7 702 701.4 700
975.6 964.1 982.5 984.2 983.6 982.6 978.8 973.2 964.7 952.4 940.5 924.5 905 888.9 880.2 877.4 874.1 871.3 865.6 860.6 859.9 854.6 850.7 843.2 844.2 846.1 848.5 852.2 854 859 866.4 871.2 875.5 880.7 880.7 878.8 877.7 873.9 874.4 871.1 870 868 865.3 862.7 858.8 851.1 841.4 830.6 820.1 806 792.9 778.5 764.1 753 741.9 730 720 713.1 711.3 711 709.8 709.4 710.2 709.3 709.1 708.5 708.2 708.9 709.4 708.2 705.9 704.8 703.4 702.3 701.7 700.4
917.2 947 966.5 970.2 971.3 971.2 967.7 963.9 955.8 944.5 932.7 919 902.3 886.6 873.2 864.1 859.5 857.1 854 850.3 845.5 840.4 834.6 828.5 824 823.1 829.7 832.5 834.7 838.1 844 853.5 858.6 863.8 867.5 865.9 863.9 864.2 863.1 863.6 862.8 860.5 858.6 855.8 851.3 845.9 837.9 829.1 820.3 808.6 799 787.6 774 758 744 734.2 722.5 717.1 708.6 704.6 701.3 701.2 700.1 701.6 702.1 702.9 703.1 705.6 706.4 705.5 704.7 704.1 703.1 701.6 700.7 699.6
900.7 922.2 929.2 934.8 938.8 941.8 947.6 944.3 938.9 931.4 920.1 910 895.3 885.1 870.1 858.4 854.6 849.5 844.8 839.7 832 827.9 821.7 814.5 807.3 808.4 810.6 813.7 819.1 822.6 828 833.5 838.9 843.9 846.5 848.7 852.2 854.6 855 853.5 852.8 851.2 850.2 847.7 844 839.6 832.2 824.3 817.2 806.9 796.6 787.7 776.4 762.6 750.1 740.8 729.8 720.1 709.9 705 697.2 691.4 693.1 693.4 693.4 695.4 696.9 699.7 702.1 703.3 703.6 703.5 702.8 700.4 699.4 698.3
855.8 873.6 889 890.8 904.6 915.1 922.3 922.9 920.3 911.5 901.6 896.9 890.9 881.9 870.5 861.2 852.1 845 839.2 832.3 822.5 815.6 808.4 801.9 796.7 796 790.6 797.9 803.1 807.2 812.9 818.5 822.1 827.7 833.1 838.5 842.9 845.4 844.4 844.7 845.7 845.4 842.7 839.6 835.1 829.3 822.5 816.9 809.5 801.7 792.7 783.1 771.4 760.7 749.1 738.4 728.3 716.7 710.4 702.9 699.6 695.2 688.3 683.7 685.4 687.5 691.5 695 699 700.5 700.8 701.2 700.6 698.6 696.6 695.9
816 830.5 843.4 853.5 870.9 880.8 889.5 893.1 894.2 890.4 885.8 888.2 883.6 876 868.5 860.6 854.3 848.9 842.8 833.7 821.6 808.7 799.4 792.8 788.7 783.3 779 779.5 787.2 792.1 796.8 799.6 807.9 813.2 820.1 823.5 826.9 831.5 835.7 839.1 840.8 840 835.2 830.8 824.3 816.2 810.1 805.7 799.1 793 783.5 775.2 765.4 754.1 741.7 730.6 721.5 714.3 707.7 702.8 697.4 693.6 688.7 683.4 673 679.2 683.6 690.3 695.6 697.5 698.1 698.1 697.4 695.7 693.9 694.1
784.6 796 807.1 820.6 833.2 848.5 858.5 863.2 869 871.2 874.9 878.3 874.2 869.8 865.3 859.7 856.6 852.1 846 838 826.7 814.2 797.5 788.2 778.6 772 768.6 766.9 770 777.4 781.5 785.4 789.3 797.2 802.9 809.9 818.2 824.9 829.2 832.6 833.9 831.1 825 819.1 812.8 802.1 798.7 795.6 789.9 784.9 777.8 770.3 759.3 747.3 734.8 725.4 717.6 710.5 704.2 700.7 697 691.9 685.4 679.8 673.3 670.2 675.6 683.7 691 694.9 695.6 695.4 694.6 693 691.2 691.5
