Game/Highland_Data/StreamingAssets/GeoData/Data/no/NO34.asc
ncols 200
nrows 200
xllcorner 330000
yllcorner 740000
cellsize 50
[rows 36 to 71 of 200, columns 81 to 161 of 200]
50 49.6 49.7 49.5 50.1 49.9 48.8 49.1 48.7 49.4 48.3 46.7 48.6 48.4 49.1 49.7 50.3 50.9 50.7 50 50.1 49.3 49.1 49 48.8 49.1 49.4 49.6 49.7 49.8 49.8 49.8 49.8 49.9 49.9 49.9 49.9 50.2 50.1 50.6 50.3 49.8 49.8 49.8 49.8 49.8 50 50.4 50.6 50.6 48.9 50.7 50.5 50.8 50.5 50.1 50.4 52.8 51.8 54.5 52.5 57 51.7 50.9 51 51.1 51.2 52.4 64.9 67.9 65.7 66.6 66.9 67.1 68 68.2 68.2 67.8 67.7 67 66.8
50.6 49.3 49.4 49.3 49.1 48.8 45.8 47.5 48.5 48.9 49.9 49.8 49.7 50.1 50.5 50.7 50.9 51 51.1 51.1 50.4 49.6 49.1 49.1 49.1 49.1 49.3 49.4 49.6 49.7 49.9 49.7 49.8 49.8 49.8 49.9 50.4 51.7 52.4 52.9 51.7 49.7 49.7 49.7 49.7 49.7 50 50.2 52.5 50.7 50.3 50.3 48.8 50.7 50.3 50.3 50.7 52.3 52.2 52.7 52.5 58.6 51.2 50.8 50.9 51 51.3 51.7 58.8 68.9 68.5 68.6 68.5 68.5 68.6 68.7 68.7 68.2 67.7 68 63.8
49.7 49.7 49 47.4 48.4 46.3 48.5 48.8 49 48.8 48.9 49.9 50.1 50.3 50.5 50.7 50.9 51 51.1 51.1 50.6 49.9 49.2 49.1 49.1 49.3 49.6 49.7 49.9 50.1 50.5 50.6 50.7 50.8 50.4 50.9 52.8 55.7 55.9 55.1 52.5 50.2 49.6 49.6 49.6 49.6 51.6 49.9 50.1 50.1 50.1 50.5 50.8 48.9 50.9 50.7 51.2 52.8 53.3 53.4 53.3 51.7 51 51 51.5 52.2 51.3 52.2 53.4 63.8 69 69.2 69.1 69 69.2 69.2 69.1 68.7 68.1 66.8 64.9
48.4 48.5 48 47.1 49.1 49.6 49.8 50 50.1 48.7 48.3 49.2 50 50.3 50.4 50.6 50.8 51 51.1 51 50.6 50 49.3 49.1 49.2 49.5 49.8 50 50.1 50.5 50.9 51.2 51.3 51.4 51.2 52 54.7 56 55.6 54.4 52.4 51 49.7 49.6 49.6 51.9 49.9 49.9 49.9 50.1 50.5 50.9 51 49.8 51.6 51.2 50.5 51.9 51.1 50.9 53 51.6 51.2 51.3 51.4 48.5 48.6 51.5 52.1 51.8 61.5 68.8 69.6 69.6 68 66.3 69.5 69.2 68.6 64.8 59
46.5 45.6 48.6 49.7 50.1 50.7 50.9 50.4 49.8 49.2 48.5 48.9 49.8 50.2 50.4 50.5 50.8 51 51.1 51 50.7 50 49.5 49.4 49.4 49.7 50.1 50.3 50.5 50.9 51.3 51.7 51.8 51.9 51.5 51.3 53.3 53.8 52.6 51.7 51.7 51.1 50 51.5 50 49.9 50 50.1 50.1 50.5 50.9 51.3 51 50.9 51.3 51.5 51.5 50.6 50.2 50.3 51.3 51.3 51.4 48.5 53 53.7 51.6 52.2 51 51.5 52.8 57.9 64.7 67.9 63.7 58.1 63.1 59.9 53.1 52.7 49.9
49 49.6 49.9 50.4 50.9 50.8 50.4 49.8 49.4 49.8 49.7 48.6 49.5 50.1 50.3 50.5 50.7 51 51.1 50.9 50.6 50.1 49.7 50.3 49.6 49.9 50.3 50.6 50.9 51.3 51.8 52.2 52.4 52.1 51.7 51.6 51.3 51.6 51.9 51.6 51.4 51.2 51.2 50 50 50.2 50.2 50.3 50.5 50.9 51.4 51.4 51.3 51.1 51.4 51.4 48.9 51.8 51.3 51.7 51.5 49.8 52 53.7 54.6 54.5 54.1 52.7 52.5 50.4 50.9 52.6 61.7 61.4 59 56.2 54.1 50.6 52.8 52.7 53.6
49.7 50.1 50.5 50.5 50.2 49.9 49.7 49.5 50 50.7 50.3 49.9 49.2 49.8 50.2 50.4 50.7 50.9 51.1 50.9 50.6 50.2 50.7 51.2 50.1 51.2 50.5 50.9 51.3 51.7 52.2 52.7 52.8 52.4 52 51.5 51 51.5 52.7 52.6 52.2 50.9 50.5 50.3 50.4 50.4 50.5 50.5 50.6 50.7 50.8 51.4 51.8 51.8 51.9 51.9 52.2 52.2 52.3 51.9 52.3 53.3 54.1 54.6 55.4 55.7 56.1 55.8 53.4 52.6 49.8 52.2 53.3 57.2 57.8 55.1 50.6 52.9 53.1 53.7 54.5
50.5 50.5 50.2 49.8 49.4 49.1 49.7 50.4 50.6 50.4 50.2 50.2 49.9 49.5 50.1 50.4 50.6 50.9 51.1 50.8 50.5 52 51.6 51.6 52.5 53.7 53 52.7 53.4 54.2 54.8 53.7 53.6 52.7 52 51.6 51.7 51.6 53.1 52.2 51.4 51.1 50.9 50.7 50.7 50.8 50.8 50.6 50.4 50.8 51.7 52.1 52.3 52.7 53 53.7 54.5 54.9 55.2 55.6 56.3 56.9 57.1 56.8 56.9 57.3 56.7 57 56.5 54.3 53.1 49.2 52.4 54.4 56.7 49.4 53.1 54.7 55.7 55.9 56.1
50.3 49.9 49.5 49.1 48.8 48.8 49.4 50 50.1 49.9 50.1 50 49.9 49.7 49.8 50.1 50.5 50.8 51.1 50.9 52.2 53 52.9 52.7 54.3 55.5 54.9 55.5 56.8 56.3 54.8 53.9 54.5 53.6 52.8 52.5 52.2 53.2 52.9 52.5 51.9 51.9 51.2 51.1 51.1 51.1 51.2 50.5 50.8 51.8 52.6 53.1 53.5 54.3 55 55.9 56.7 57.3 57.1 58.7 59.4 59.8 59.9 60.2 60 60.4 60.1 58.7 57.8 56.8 56.5 56.1 50.4 53.3 51.7 54.5 56.5 57 58.3 58.5 58.4
49.7 49.4 49.2 48.9 48.8 49 49.1 49.5 49.6 49.8 50 49.9 49.7 49.5 49.6 49.8 50 50.5 52.2 52.1 53.3 54.6 55 55 56.3 56.8 56.4 57 58.2 57.3 56.1 54.8 55.1 54.7 54.2 53.7 52.9 52.4 53.9 53 52.8 52.9 51.9 51.4 51.4 51.5 51.5 51.4 52.2 53.1 54.1 54.9 56.1 57 57.2 58.1 58.9 60 60.4 60.9 62.4 62.3 62.7 63.7 64.7 64.1 62.6 60.9 60 59.7 59.9 61.9 60.8 55.9 56.9 59.9 59.3 59.3 60.5 59.9 59.7
49.5 49.2 49 48.7 49.1 49.3 49.3 49.4 49.5 49.7 49.9 49.8 49.6 49.8 49.9 50.1 50.2 50.1 51.3 51.5 52.8 55 57.5 58 57.8 57.7 57.7 58.2 58.6 57 54.2 54 54.6 54.2 53.9 53.8 53.7 53 54 53.8 53.8 53.8 52.7 52.8 52.7 52.3 52.4 53.2 54 54.9 56.2 58 59.7 59.6 59.6 60.2 61.6 62.8 63.3 64.7 65.4 64.3 66.1 66.6 67 66.3 65.1 63.4 62.2 62.9 63.3 63.9 62.2 62.9 61.8 63 62.9 62.6 62.4 61.4 61.7
49.2 49 48.8 48.8 49.4 49.5 49.3 49.2 49.4 49.6 49.8 49.7 50 50.2 50.3 50.4 50.5 50.8 51.2 51.4 51.9 54.8 58.2 58.4 57.9 56.5 55 56.5 56.3 54.6 54.7 54.1 54.2 54.2 54.1 54 53.9 53.8 54.2 54.7 54.3 53.6 52.9 53.4 53.2 53.8 54.5 55.1 56.1 57.2 58.8 60.7 62.6 63.6 63 62.6 64.4 65.4 66.5 67.4 68.1 67.4 67.9 68.5 68.6 67.5 66.1 64.8 64.5 64.5 64.9 65.7 64.2 64.8 64.4 65.3 64.9 64 63.2 63.2 63.1
48.8 48.8 48.6 49.2 49.6 49.1 48.9 49.2 49.4 49.6 50 50.1 50.4 50.6 50.7 51.3 52 52.2 53.3 55 51.9 51.5 53.6 54.2 53.1 52.9 52.8 53.6 53.9 54.7 55.4 54.5 55.3 54.9 54.8 54.8 54.6 54.4 55.7 56 55.6 55.1 54.7 54.7 55.4 56.1 56.9 57.6 58.5 59.5 61.6 63.3 65.2 67.2 65.7 65.8 66.9 67 68.1 69.6 69.6 69.1 69.7 70.3 69.9 68.6 67.6 67.1 66.9 66.6 67.3 67.6 66.2 67.1 67.9 67.3 66.5 65.7 65.4 65.2 65.1
48.4 48.5 48.8 48.8 48.8 48.7 48.9 49.2 49.4 50 50.9 50.5 50.3 51.2 51.8 52.4 52.9 52.4 53.9 54.8 55.5 53.4 52.6 53.3 53.5 53.4 53.3 53.5 54.4 54.6 55 55.7 56.3 55.8 55.6 55.4 56.2 57.1 57.7 57.6 57.3 56.8 56.5 57.1 57.9 58.6 59.4 60.2 61 62.4 64.6 65 66.9 68.3 68 68.9 69.1 69.7 69.8 71.3 71.5 70.8 71.5 71.5 71.4 70.8 70.2 69.6 68.6 68.8 69.6 69.2 69.1 69.7 69.4 69 68.3 68 67.7 67.4 67.8
48.4 48.8 49.2 49 48.6 48.5 49 49.4 49.5 50.8 51.3 50.7 50.8 51.7 52.6 53.2 53.3 53.3 53.9 55.1 55.9 56.4 58 56.4 53.3 53.3 53.6 53.9 55 55.5 55.8 56.5 57.1 56.7 56.8 57.1 57.4 57.6 58.1 59.1 58.9 58.5 58.9 59.6 60.2 61.1 61.9 62.7 63.4 65.1 67.1 68.3 69.4 70.3 70.7 71 71.1 71.7 72.4 73 73.4 72.6 73.2 73.5 73.5 73 72.4 71.8 70.7 71 71.8 71.4 71.4 71.8 71.3 70.9 70.7 70.4 70.1 70.1 70.6
48.8 49.3 49.7 48.7 48.6 48.6 50 50 49.7 51 51.3 50.7 51.1 52 52.9 53.8 55 55.3 55.1 55.4 55.8 56.2 58.6 59.5 53 54 53.2 54.9 55.4 56.3 57 57.3 57.8 57.4 58.2 58.5 58.8 59.1 59.3 59.5 60 60.5 61.1 61.6 62.1 63.3 64.4 65.1 65.9 67.4 69.3 70.5 71.6 72.5 72.9 72.6 73 73.7 74.4 75.1 75.3 74.4 74.7 75.1 75.6 75.2 74.3 73.3 72.6 73 73.7 73.1 73.1 73.7 73.6 74.1 73.4 73.2 73.3 73.3 73.6
48.8 49.4 49 48.6 48.9 49.3 49.5 49.8 49.8 50.2 50.9 50.8 50.8 51.3 52.1 53.3 55.3 54.5 55.2 55.4 55.2 56 56.2 55.9 52.5 54.2 54.9 55.2 55.5 56.8 57.5 58.2 58.6 58.2 59.6 60 60.3 60.6 60.9 61.1 62.5 62.9 63.1 63.5 64.2 65.5 66.7 67.6 68.4 69.5 71 72.3 73.6 74.8 74.6 74.3 75 75.6 76.2 76.4 77.1 77.2 77 76.5 77.7 76.3 75 74.7 74.4 75.3 75.9 75.3 75.7 75.8 75.9 76.8 76.3 76.5 76.6 76.6 76.7
48.7 48.9 48.6 48.6 48.9 49.3 49.7 50.2 50.3 50.9 50.9 50.9 51 51.1 51.6 52.5 53.9 53.7 53.6 54 54.5 54.9 55.6 54.5 54.6 54.1 55.3 55.1 55.7 57.3 58 58.4 58.8 59.3 60.9 61.3 62.2 62.1 62.3 63.3 64.6 65.4 65.4 65.8 66.6 67.8 68.8 70 70.7 71.5 72.7 74 75.4 76.8 76.4 76.5 78.2 78.7 78.5 78.1 78.6 79.1 79.3 78.2 78.4 77.4 77.7 77.6 76.4 78 78.1 77.9 78.8 79.1 79 79 79.1 78.8 78.4 78.1 79
48.6 48.5 48.6 48.7 49 49.3 49.8 50.4 50.9 50.9 51 51 51.1 51.3 51.5 52.1 52.9 53.4 53.2 54.1 54.8 54.6 55.8 55 54.3 55.1 55 54.9 55.6 57.4 58 58.2 60.3 60.2 61.4 62.1 62.9 63.8 64.8 65.2 66.7 67.8 68.7 68.8 69.3 70.7 71.4 72.8 73.3 73.4 74.4 76 78.1 78.6 78.9 79.1 80.1 81 80.2 79.9 80.1 80.1 80.1 79.9 80.4 80.3 80 80.2 79.5 79.9 80.7 80.6 80.4 80.9 80.9 81 81.2 81.4 81 80.4 80.7
48.5 48.5 48.6 48.7 49 49.4 50 50.5 51 50.7 50.7 50.9 51.2 51.3 51.6 54 55.2 53.2 53.2 54.2 54.4 55.6 55.3 54.4 54.7 56.3 55.3 56.9 57.3 56.2 57.2 59.4 60.1 60.6 61.2 62.7 64.5 64.9 65.8 66.8 68.3 70.1 70.8 71.4 72.4 73.3 74.1 74.6 76.2 75.2 77.7 79.4 80.8 81.6 82.4 81.7 82.2 82.3 82.1 82.1 82.9 83.1 82.6 82.6 82.9 82.7 80.8 82.5 81.7 81.7 81.9 82.1 81.7 81.8 81.8 81.9 82.1 83.9 83 82 81.7
48.5 48.6 48.7 48.7 49 49.5 50 50.4 50.8 50.4 50.5 51.1 52 54 55.5 54.4 53.8 55.2 56.2 55.2 53.8 55.8 55.8 56.3 55.3 55.5 56 56.8 57.2 57.7 57.9 57.8 60 61.3 61.7 62.9 65 67.1 68.1 68.6 70.7 71.4 72.2 72.9 74.2 75.2 76.3 77.8 78.4 77.7 80.3 81.8 82.4 83.2 82.2 82.6 83.4 82.8 82.2 83.1 84.1 85.5 86.3 85.6 85.3 83 82.5 83.2 82.7 82.3 82 82.4 83 83 83.1 83.2 83.4 84.7 83.9 83.3 82.9
48.7 48.6 48.7 48.8 49 49.5 49.9 50.2 50.6 50.2 50.7 51.5 52.1 51.5 52.8 53.5 53.6 53.6 54 53.5 54.3 55.1 55.7 55.2 55.2 56.4 56.5 56.8 57.2 57.9 58.7 59.4 59.1 60.3 61.2 63.1 65.4 67.9 70 70.5 71.7 72.8 73.7 74.4 75.5 77.1 78.7 80.9 81.3 79.8 82.4 83.5 83.9 84.1 84.2 84.4 84.9 83.4 83.7 85.2 86.7 85.9 86.4 86.1 84.2 83.3 83.7 84.6 84.4 84.2 83.9 83.9 84.8 85 84.8 84.6 84.9 85.1 84.9 84.6 84.3
48.7 48.6 48.7 48.9 49.5 49.4 49.8 49.9 50.4 50.4 50.9 51.3 51.4 51.9 54.3 54.2 54.3 54.4 53.9 54.3 55.1 55.8 56.2 56.2 56.1 57.2 57.4 57 57.3 58.3 60.1 62.1 62.2 62.5 62.7 62.9 64.6 67.9 70.7 71.5 72.5 73.6 74.6 75.7 76.8 78.5 80.3 82.6 80.6 81.4 83.9 83.9 84.3 85.3 85.7 86 86.2 85 85.3 86.8 86.5 85.8 85.8 84.9 84.7 83.8 84.4 85.7 86 86.1 85.8 85.4 86.4 87.2 87 86.8 86.4 86.5 86.3 85.9 85.6
49.6 49.7 49.4 49.2 50.1 50 50.4 50.2 50.8 51.1 51.5 51.9 53.3 53.9 54.4 54.2 55.2 54.5 54.9 55.8 55.6 56.4 56.7 56.8 57.2 57.3 57.6 57.4 58.3 60 61.9 63.5 65.6 67 68.5 68.4 64.9 68.2 71.6 73.2 74.4 75.5 76.6 77.8 79 80.3 81 80.8 81 83.6 85 85.4 85.5 86.1 86.5 86.1 86 86 85.7 86.4 85.7 85.2 85.1 85 83.5 86.1 85.4 86.4 87.2 87.5 87.7 87.2 88 89.4 89.2 88.6 88.4 88.1 87.6 87.2 86.8
50.9 50.6 49.4 49.9 50.2 50.1 49.9 50.9 51.8 52.1 52.4 52.7 53.8 54.5 54.6 54.9 56.4 59.1 56.6 57.7 57.5 57.3 57.6 58.3 58.3 58 58.3 58.8 59.9 61.2 62.8 64.5 66.4 68.2 69.9 70.7 69.5 66.5 70.8 74.6 76.2 77.4 78.6 79.8 81 81.8 82 82.3 82.8 85.3 86 86.4 86.5 86.7 86.1 85.6 85.6 85.5 85.8 85.4 85.1 85.2 85.4 86 86.3 87.3 87.1 87 88.3 89.1 89.7 89.1 89.8 91 91 90.2 89.7 89.1 88.6 88.2 86.7
50.8 49.2 49.4 49.8 50 49.9 51.1 51.4 52.6 53.2 53.8 55.4 55.4 54.5 54.8 55.3 56.9 56.9 56.8 57.5 58.7 58.5 58.9 59.7 59.2 59.6 61 60.3 61.2 62.4 63.9 65.4 67.2 69 71.2 71.8 72 69 67.8 74.9 77.2 78.4 79.6 80.8 81.9 82.8 83.3 83.5 84.8 85.4 85.6 86 86.1 86.3 86 85.5 85.7 86.3 85.6 85.7 86.1 86.4 86.8 87.4 88.2 88.8 88.7 89.5 89.8 90.2 92.1 91.3 92.4 92.1 91.6 90.9 90.9 90 89.1 89.3 87.1
49.3 49.4 49.6 49.7 49.9 51.1 52.3 52.2 53.1 54.9 54.8 55.9 57 55.7 55.8 56.1 56.5 56.8 57.6 58.2 58.8 59.5 59.9 59.7 59.8 61 61.4 61.6 62.5 63.5 65 66.5 68.1 70.3 72.1 73.2 74.2 74 69.2 72.2 77.7 79.4 80.6 81.7 82.7 83.6 84.3 84.8 86.2 85.1 85.3 85.6 85.8 86 85.8 86.1 85.9 85.9 86.8 86.9 87.4 87.8 88.3 88.9 89.7 90.5 90.5 91.4 92.4 92.4 92.8 93.9 94 93.5 92.4 92 91.9 90.2 88.9 88.8 87.9
49.6 49.7 49.8 50 51 52.1 53.3 53.1 53.5 56.1 56.8 57.5 58.1 57 57.2 57.4 57.5 57.9 58.5 59.2 60 60.6 60.4 60.4 60.8 61.5 62.6 62.9 63.8 64.7 66.5 68.3 70.1 71.4 72.5 73.3 74.7 74.9 73.6 69.4 77.8 79.3 80.5 81.6 82.6 83.4 84.1 84.8 85.7 85 85.4 85.8 86.1 86.3 86.7 87 86.8 86.6 87.3 87.9 88.7 89.3 89.8 90.3 91.3 92.1 92.6 93.5 94.4 94.8 94.4 94.7 94.9 94.4 93.2 93.2 92.8 91.2 90 89.1 88.3
49.7 49.9 50.1 51.1 52.1 53.1 54.3 53.8 54.6 56.9 57.6 58.4 59.2 58.5 59.4 59.5 58.9 59.8 60.1 61.1 61.8 61.6 61.3 61.9 62.3 64 64.3 64.4 64.8 65.7 67.1 69 70.2 71.5 72.5 73.4 74.6 75.7 76.4 70.3 74.7 78.5 80.2 81.8 82.5 83 83.4 84.3 85.1 86 86.2 86.4 86.7 86.9 87.5 87.9 88.1 89 89.8 89.7 91.4 91.5 91.3 91.8 93.2 93.9 94.6 95.5 96 96.5 97.3 95.9 96.1 95.3 93.9 94.3 93.8 92.2 91.1 90.2 89.3
50.1 50.3 51.2 52.2 53.2 54.2 55.2 54.7 55.6 57.6 58.4 59.2 60.1 59.9 60.7 61.7 61.3 61.9 62.2 62 62.6 62.8 63.6 64.5 64.2 66.3 67.5 67.7 67.4 66.7 68 69.4 70.9 72.5 73.9 74.3 74.9 76.7 77.5 74.3 76.4 80.2 82.3 83.5 84.1 84.6 85 85.6 86 86.9 87.2 87.4 87.6 89.2 89.5 89.4 90.2 91.4 91.5 92.2 92.6 93.5 93.5 93.4 95 95.9 96.6 97.1 97 97.6 98.6 98 97.3 97.2 95.9 95.5 94.3 93.7 92.3 91.4 90.5
51.1 51.4 51.6 52.8 54.2 55.3 56 56.6 56.5 58.4 59.2 60.1 61 61.4 61.9 63.2 63.7 63.6 63.8 64.1 64.8 65.5 66.2 67 67.7 68.6 69.6 70.1 69.9 69.3 69.2 70.8 72.3 74.3 76 76.7 77 77.3 79 77.2 75.3 79.3 82.2 84.4 85.8 86.2 86.5 86.9 87 87.8 88.2 88.4 90 91.4 91.4 91.3 91.7 92.9 92.9 93.7 93.8 95.1 94.6 95.2 96 97.9 98.3 98.9 99.6 100.7 100.2 99.4 100.7 99.7 98.6 97.7 97.6 95.2 93.4 92.5 91.6
52.2 52.5 52.7 53 54.2 56.1 56.4 59.6 59.8 59.2 60.1 61 62 62.9 64 64.8 65.8 66 66.5 67.5 67.9 68.8 69.5 70.2 70.3 71.2 71.6 71.9 72.4 72.4 70.4 72.6 73.7 76.1 77.8 78 78.2 78.5 79.8 80.8 78.6 77.7 82.9 85.4 87 87.8 88 88.3 88.5 88.8 89.2 90.1 92.5 92.4 92.7 93.2 93.4 94.9 94.1 95.6 96.2 96.9 96.6 97.4 98.3 99.8 101.1 101.7 102.4 103.3 101.5 101 102.3 102.7 101.4 99.8 98.3 96.5 94.5 93.7 92.7
52.8 53.5 53.7 54 54.8 56.7 57.2 62.7 61.5 60.4 62.1 63 63.9 65.3 66.7 67.4 68.1 69.2 70.3 70.1 71 72 72.7 72.9 72.7 73.3 73.7 74.4 74.8 73.9 72.3 74.6 75 76.5 78.1 79.3 79.5 79.8 80.6 82.1 82.3 78.2 81.8 87 88.5 89.2 89.6 89.8 90 89.7 90.2 92.7 94 94.1 93.9 94.7 95.6 95.1 95.3 96.2 97.7 98.5 98.8 99.7 100.8 102.3 103.8 104.8 105.5 105.3 104.7 104.1 104.7 103.1 101.9 100.6 98.9 97 95.9 94.4 93.2
53.2 54.3 54.7 55 55.5 57.3 58.1 59.9 60.4 61.4 63.3 65 65.8 67.7 69.3 70 71.3 72.1 73.3 74.4 74.1 75.1 75.7 75.5 75.3 75.8 76.4 76.8 76.4 75.3 74.8 74.3 76.3 77.3 78.2 79.6 80.8 81 81.4 82.9 84.6 83.3 80.5 87.8 89.7 89.8 90.9 91.3 91.5 91 92.2 94.2 93.8 94.4 95.6 96.1 98.4 96.9 97.5 98.1 99 100 101.6 102.6 104.1 105.3 106.5 107.8 107.6 106.7 106.3 106.6 105.6 104.9 103.9 102.6 99.9 99.2 97.7 96.1 94.7
53.7 54.6 55.8 55.7 56.1 57.6 58.6 60.2 61.3 62.5 64.7 67 68 70 71.9 73.2 74.5 75 76.3 77.8 76.9 78.4 79.3 79.1 78.6 77.8 78 78.7 78.4 77.9 77.5 77 78.2 79 79.8 80.6 81.5 82.3 82.4 84 86 87.2 84.1 84.4 90.5 90.8 90.7 92.6 93.1 93 93.9 94.6 94.9 95.2 96.7 97.9 98 99 99.9 101.1 102.3 104.4 105.9 107.3 108.6 109.5 110.4 111.2 110.7 110.2 109.7 108.8 107.7 106.6 105.2 103.8 102.4 101.4 99.6 97.9 96.9
54 55 56.3 57.1 57.3 57.9 59.7 61.6 62.4 64.3 66.3 68.9 69.8 71.9 74.7 76.5 77.6 78 79.3 80.6 81.7 81.2 82.5 81.4 81.9 81.4 81.2 81.3 80.8 80.4 79.8 79.2 80.7 81.3 82.2 83.5 84.7 85.5 84.3 87.8 89.5 90.3 88.3 81.5 90.1 92.3 92.4 93.9 94.5 95.1 95.5 96.5 96.8 97.3 99 100.7 101.1 103.1 103.8 104.9 106.9 108.5 109.8 111 112.1 113.2 114.1 114.8 114.1 113.7 113.2 111.7 111 109.6 108.1 106.7 105.4 102.9 101.1 100 99.1
