Game/Highland_Data/StreamingAssets/GeoData/Data/no/NO56.asc
ncols 200
nrows 200
xllcorner 350000
yllcorner 760000
cellsize 50
[rows 72 to 107 of 200, columns 81 to 161 of 200]
176 184 191.3 200.6 212.4 219.8 225.8 230.5 233.6 235.4 236.8 237.2 236 232.9 229.7 225.4 222 219 219.2 221.1 217.4 229.5 236.8 243.4 249.2 252.4 252.4 249.9 246.3 242.4 239.2 236.8 233.6 230.4 227.1 220.9 215.3 210.3 205.5 199.4 193.6 189.2 183.4 177.9 172.1 166.9 162.5 158.1 153.3 150.2 147.2 142.9 138.8 135.7 132.7 130.7 128.4 124.9 122.6 119.5 116.1 112.3 108.5 105 104.6 103.3 100.8 100.6 99.6 97.1 95.4 93.5 91.3 89.9 89.4 88.2 87.4 86.2 84.4 82.9 82.7
177.9 186.2 192.9 204 213.2 219.9 226.1 231 235.3 237.8 239.7 240.6 243 242.5 241.2 240.1 238.1 234.3 231.1 229 228.6 227.7 234.7 241.6 246.9 250.1 250.3 248.6 244.8 241 236.6 234 229.1 224.3 219.9 215.6 210.8 206.3 201.5 196.5 191.4 187 181.7 175.1 169.3 164.7 160.3 156.2 152.4 149.1 145.7 141.4 138.9 136.4 133.7 131 127.6 123.3 119.8 116.7 113.8 109.3 106.3 106.4 106.6 104.3 102.1 97.9 96.5 93.2 91.9 89.8 87.8 86.4 85.3 84.2 83.8 83.1 82.3 81.3 80.7
180.3 186.5 195.9 204.5 213.1 219.7 225.9 231.1 236.8 240.9 244.1 248.6 250.9 255.7 257.4 257.2 254.5 251 243.2 238.4 236.4 235.6 234.1 240.2 244.1 247.9 248.2 246.8 243.5 239.6 235.2 230.7 225.9 221.1 215.4 211 206.7 202.3 197.4 192.6 188.2 183.8 178.1 171.8 167.2 163.1 159.1 155.3 150.9 147.6 144.2 140.7 138.2 134.6 131.2 128.1 124 121.8 119.6 115.3 110.7 108.4 108.1 107.9 107.5 105.1 102.5 100 97.5 96.3 95.5 91.8 87.6 84.6 84.3 84.7 83.8 84.3 82.9 80.6 80.9
180.7 189.2 198.3 205.8 212.9 218.9 224.8 230.9 237 242.9 249.3 256.1 265 270.8 273.1 271.8 269.6 265.6 255.7 248 244.5 240.1 236.8 239.3 242.5 244.5 246 245.2 242.3 238.2 233.6 228.8 224 219.2 213.3 207.9 202.8 198.3 193.6 189.4 184.8 180 174.9 169.8 165.4 162 158.4 154.1 149.6 146 142.7 139 135.2 131.4 128.1 125.5 123.9 121 116.8 112.2 111.1 111.7 110.4 109.4 107.4 105.2 102.8 100.7 99.1 97 94.6 90.5 86.3 83.6 82.4 81.8 80.9 79.8 79.1 78.3 78.2
186.5 193.1 200.6 206.6 212.2 218.9 224.8 231 237.1 244.8 253.7 263.5 275.3 282.3 285.4 284.3 280.3 273 263.9 253.6 247.6 243.1 241.3 241.2 242.3 244.6 245.2 243.9 241.1 236.8 231.6 226.9 222.1 217.3 212.1 206.4 200.3 194.3 190.6 185.9 181 176.2 172.4 168.2 163.8 160.4 156.9 152.5 149.2 143.8 140.1 136.5 133.5 131.5 128.6 124.7 121 117.1 112.7 114.8 114.6 113.6 111.7 109.6 107.4 105.2 102.2 99.7 97.8 95.4 89.3 83.5 82.6 84.3 85.1 84.7 84.3 83.7 82.5 80.1 77.4
193.4 198.7 202.8 207.9 214 220 225.6 231.2 238.1 245.9 256.5 271.8 283.3 291.1 297.5 292.4 285.7 276.9 267.9 257.3 250.6 246.8 244.4 242.3 243.7 245.5 244.4 242.2 239.1 234.9 228.6 223.9 219.6 214.6 208.6 203 195.8 190.5 185.7 181.6 177 172.9 169.4 165.9 162.2 158.4 154.6 150.8 148.2 143.8 140.3 136.9 134.8 132.5 128.6 119.8 116 118.5 117 118.1 116.1 114 112 110 107 102 93.7 89.5 88.4 86.3 84.4 86.9 91 91.6 91.3 90.3 88.9 86.9 85.4 83.3 80
196 201.8 204.8 208.4 214.5 220.5 225.7 231.2 238.6 247.1 262 277.4 290 298.4 297.2 293.3 285.6 277.1 268.8 260.2 253.4 248.9 246.1 243.3 243.3 243.5 242.5 239.7 236.5 230.6 225.1 221 215.8 209.4 202.8 197.1 192.2 187.4 182.3 179 174.3 169.9 166.1 162.7 158.9 154.6 152.6 148.6 145.5 142.7 140 137.4 134.1 131.2 125.8 118.4 120.3 121.8 120.8 118.7 116.5 113.8 109.7 104.4 97.9 91.7 88.5 88.8 88.3 87.1 90.7 96 95.1 93.9 92.2 90.3 89.2 88 86 82 78.7
198.4 203.2 206.9 209.8 214.9 220.1 225.3 232.6 239.4 251.5 265.8 280.7 294.2 296.2 297.6 288.9 281.3 274.5 267.6 260.8 254.7 249 245.6 243.5 241.2 239.3 237.3 235.2 231.5 225.3 219.3 214.5 209.3 203.4 198.2 193.5 188.7 184.1 180.1 176 171.9 167 162.9 159.8 156.3 153.3 150.4 146.6 143.9 141.1 138.3 135.9 132.4 126.7 122.2 121 122.5 123.5 120.9 118.1 114.6 107.7 98 91.5 92.2 95.6 99.7 100.3 98.3 98.9 98.5 97 95 92.9 91.6 90 88.4 86.7 84.1 79 77.1
201.7 205.9 208.3 211.4 215.4 220 226.9 232.9 243.5 255.2 267.9 282.4 291.1 291.9 287.9 282.5 277.3 271.8 265.9 259.6 254.4 249.7 245.2 241.9 238.7 235 230.8 228 223.5 218.6 212.6 206.8 201.9 197 192.6 188.6 183.9 179.5 175.3 171.3 166.7 164.3 160.6 155.7 153.8 150.2 147.6 144.9 142.4 139.6 136.6 133.6 127 125.5 126.4 125.3 124.5 122.6 119.9 110.2 100.9 96.1 94.3 100.3 104.8 105.2 104.8 103.5 101.1 99.7 98.3 97.3 95.2 92.9 90.8 88.5 86.6 84.4 81.1 77.9 79.3
202.9 207.3 209.9 212.4 216.1 222.7 227.7 235.8 248.2 258.4 270.3 278.8 283.4 283.2 280.3 275.7 271.9 268.2 262.8 257.5 252.9 248.2 244 239.8 234.3 230.6 225.4 221.6 215.8 211.6 206 200.8 196.2 191.7 187.1 182.2 179.1 174.9 170.7 166.5 163.4 160.3 157.1 153.7 150.7 148.2 145.9 143.2 140.7 137.1 130.3 127.1 129.4 130 128.1 126.1 123.5 121.4 115.1 100.7 95.8 98.1 103.1 107.9 107 105.1 104.6 102.9 101.2 99.5 98.1 97.1 95.9 93.6 91.4 90.4 88.9 86.9 82.6 76.9 78.1
207.8 209.7 211.7 214.1 218.8 224.5 231.4 241.1 251.7 260.9 266.6 270.9 272 272.1 270.9 270.1 267.4 263.3 259.7 255.3 250.7 245.3 240.4 235.5 230.8 225.4 220.9 215.4 210.5 205.9 201.3 196.7 192.4 187.7 182.9 178.9 175.3 171.1 167.2 163.8 161.1 158.6 155.1 152 149 146 143 141 138.3 133.2 129.9 132.6 131.6 129.3 127.1 124.5 120.7 115.2 107.6 96.8 103.3 108.6 110.2 108.7 107 105.2 104 102.3 100.6 99.3 98.1 96.9 95.9 94.3 92.7 91.3 89.7 87.6 82.5 79.4 75.7
210.5 212.4 214.4 219.4 223.7 230.7 239.3 248.6 255.8 261.5 263.1 263.4 262.6 261.7 262.1 262.6 262 259.7 256.7 252.4 247.9 242 236.2 231.2 225.3 218.9 213.2 209.3 206.6 202.4 197.6 193.1 189.6 186 180.6 176.3 171.9 168.3 164.9 161.5 158.9 156.4 153.1 150.3 147.3 144.3 141.7 138.3 134.1 131 133.6 132.6 130.8 128.3 125.1 117.4 109.7 100.7 98.8 103.6 111.2 111.5 110.4 108.6 106.9 105.1 103.8 102.5 101.1 99.8 98.6 97.4 96.1 94.9 93.4 91.8 90.3 88.7 86.9 85.1 80
213.4 215.2 218.2 222.8 230 239.6 248.1 255.9 260.1 259.9 258.7 257.1 255.9 255.3 255.8 257.6 258.2 256 253.7 249 244.2 238.9 232.5 225.9 218.6 212.1 207.9 204.9 201.8 198.4 194.7 190.1 186.4 182.8 178.6 174.1 170.2 166.7 163.1 159.6 156.8 154.3 151.8 147.8 145.7 141.8 138.3 133.8 133.1 134.7 132.3 131 128.4 125.6 120.8 107.8 101.5 107.4 110.3 112.9 112.6 111.6 110.1 108.3 106.5 105.4 104.3 103 101.7 100.4 99.1 97.9 96.7 95.4 94.4 92.8 91.2 89.6 88.4 87.4 86
215.6 218.3 223.7 229.9 239.8 249.4 257.7 263.6 262.1 258.2 255.1 253.4 252.2 251 252.2 253.1 253.6 252.2 249.3 244.2 239.1 233.8 227.9 220.9 214 208.1 203.8 200 196.5 193.7 190 186.6 183.2 179.6 176.1 172 168.6 164.9 161.1 158.2 155.3 152.4 149.7 144.6 140.4 135.7 134.4 135.7 135.9 133.4 130.8 129.2 126 124.3 118.7 107.6 102.9 110.6 114.3 113.6 112.4 111.2 109.7 107.9 106.7 105.7 104.7 103.5 102.2 100.9 99.7 98.4 97.3 96 94.9 93.8 92.2 90.7 89.6 88.1 87.5
218.9 222.4 229.3 239.1 248.3 259.3 266 265.6 262 257.3 253 250.2 249 248 247.7 248.8 248.9 246.5 243.3 238.7 233.8 228.4 222.9 217.3 210.4 204.4 200 195.9 192.1 189.4 185.8 182.6 179.6 176.3 173 169.6 166 162.6 159.7 156.8 153.9 151 148.2 142.7 138.5 138.3 138.9 136.6 134 132.1 129.3 126.9 123.9 122.1 119.1 112.3 108.6 106.5 114 113 111.8 110.6 109.3 107.9 107.2 106.1 105.1 104 102.7 101.5 100.2 99 97.8 96.6 95.5 94.4 93.2 91.8 90.1 88.6 88.2
221.4 227.6 238.1 248.1 258.5 264.8 265.3 261.9 257.5 252.8 249.6 247.5 245.3 243.9 244.1 244.4 242.7 240 237.2 232.9 228.2 223.9 219 213.2 206.9 200.8 195.9 192.6 189.3 185.8 181.3 178.2 175.9 173 170.2 167 163.4 160.9 158.2 155.4 152.4 149.6 146.8 140.6 137.6 139.5 137.1 134.7 131.8 130 127.1 123.8 120.8 115.9 113.1 110.4 107.8 111.7 113.9 112.7 111.5 110.3 109.1 108.5 107.6 106.5 105.5 104.4 103.2 102 100.8 99.6 98.4 97.1 96 95 93.7 92.2 90.4 89.4 88.8
225.3 234.9 245.5 256 262.3 261.8 258.5 254.3 249.9 246.7 244.2 242.4 241.2 239.6 238.7 237.7 236.4 233.9 231.1 227.4 224 219.6 214.9 208.9 203 197.2 191.6 187.7 184.7 180.9 177.8 175.3 171.8 169.3 166.8 164.3 161.3 158.8 156.2 153.6 150.9 147.6 142.5 137.5 139.5 137.3 135.1 132.7 130 127.6 122.2 116 113.3 115.9 116.9 113.5 114.9 114.7 114.3 113.1 111.9 110.7 109.8 109 107.9 106.9 105.8 104.8 103.8 102.6 101.4 100.2 99 97.6 96.2 94.7 93 91.6 90.5 89.3 88.1
231.4 240.6 250.7 257 256.6 253.8 250 245.9 242.2 239.8 238.4 236.7 234.4 233.8 232.2 230.7 229.1 226.2 224.8 221.6 218.5 215.1 210.2 204.3 198.1 192.1 188.1 184.7 180.8 177.6 174.4 171.6 168.7 166.6 164.2 161.6 159 156.6 154 151.4 148.7 141.5 140.3 139.7 137.3 135.9 133.6 130.7 127.9 123.1 116.1 121.6 121.1 121 119.5 118.1 116.7 115.2 114.4 113.5 112.3 111.1 110.3 108.9 107.6 106.6 105.5 104.5 103.3 102.5 101.7 100.5 98.6 96.7 95.7 94.2 92.4 90.8 88.9 88.1 86.9
235.1 242.8 248.7 248.4 247.9 244.2 242 239.3 236.5 234.9 233.7 231.7 230.3 225.4 222.8 222 221.5 218.7 217.3 215.5 212.8 209.8 205.2 199.3 193.1 187.3 185.3 179.8 176.7 173.3 170.4 168.1 165.8 163.6 161.3 158.8 156 154 151.8 149.2 146.4 141 140.8 138.9 135.3 132.3 132.2 129.5 123.2 117 119.6 123.7 123 122 120.6 119.2 117.5 115.7 114.3 113.6 112.7 111.6 110.3 109 107.5 106.3 105.3 104.2 102.9 102 100.5 99.4 97.6 95.7 94.2 90.7 89.6 88.2 87.2 86.7 85.7
236.8 240.2 243.2 241.6 240 238.8 238.9 236.1 234.3 232 228.9 226 222.9 220.4 218.7 216.7 214.7 212.6 211.2 210.1 207.1 203.2 197.5 192.9 187.4 182.5 179.1 175.8 172.6 169.7 166.6 164.5 162.3 159.7 157.5 155.3 153 151 149 146.1 143.6 141.9 140.2 134.7 127.9 124.6 123.4 121 117.2 121.6 125.6 124.8 124.1 123.1 121.8 120.1 118.3 116.4 114.6 113.4 112.7 111.6 110.4 109 107.6 106.1 105 103.8 101.7 100.4 98.9 98 96.5 94 90.3 84.9 80.6 79.6 81.4 83 82.4
236.3 238.8 238.2 234.7 234.1 234.5 234.4 234 231.9 230.2 227.6 224.8 220.8 218 215.6 214 212.2 209.1 205.1 202.9 198.5 195.1 189.8 186.2 181.9 178.1 175 171.8 168.6 166 162.8 160.7 158.2 154.7 152.6 150.4 147.6 146.1 144.9 142 142.7 141.3 138.7 129 121.1 125 122.9 123.3 126.7 128.5 126.9 125.9 124.9 123.9 122.7 120.8 119 117.2 115.4 113.6 112.5 111.4 110.3 108.8 107.3 105.9 104.2 101.5 99.6 99.4 97.6 95.8 93.1 88.5 81.5 80.3 79.8 79.2 77.2 76.3 75.6
231.2 230.9 229.4 228.5 230.1 231.6 233.3 233.2 231.5 229.8 227.7 224 219.9 216.5 212.7 209.7 206.1 202.6 199.2 195.5 191.6 187.8 184.2 180.6 177.2 173.6 170.7 167.8 164.5 161.9 159.3 156.8 154 150.8 147.6 146 143.3 144.2 141.8 139.9 139.5 138.9 134.9 125.5 128.2 134 132.1 131.6 130.3 129.1 127.7 126.6 125.3 123.9 122.5 120.6 119 117.4 115.9 114.3 112.5 110.9 109.1 107.3 105.4 103.5 101.5 98.9 97.4 96 92.8 88.2 84.7 81 83.1 88.3 88.1 86.3 83.7 79.8 81.6
223.1 223.3 220.6 222.8 225.7 230.7 232.6 232.5 231.4 229 225.3 220.7 216 211.6 207.9 204.5 201.4 198.1 194.6 190.4 186.3 182.6 179.1 175.7 172.5 169.3 166.4 163.5 160.5 157.8 155.3 152.7 150 146.9 143.4 143.2 140.3 140 139 136.8 134.4 131.7 126.9 124 132.1 133.5 132.9 131.6 130.2 128.5 126.9 125.4 123.9 122.4 120.9 118.7 116.8 115.2 113.6 112 110.2 108.5 106.7 104.6 103 100.8 98.9 96.4 93.4 89.2 84 82.8 84.7 87.6 90.2 90 89.1 87.6 86.5 84.9 84.3
216.2 216.1 215 218.1 223.9 228.2 229.7 230.6 228.6 224.9 219.2 215 211.2 207.4 203.9 200.7 194.6 193.1 190 185.9 181.4 177.7 174.2 170.8 167.6 165.8 162.9 159.8 156.7 152.8 148.6 146.6 146.7 143.7 139.8 143.2 140.1 133.3 132.3 131.9 129 125.9 126 131.5 132.8 132 130.6 128.9 127.7 126.3 124.6 122.9 121.4 119.9 118.8 117.2 114.9 113 111.2 109.3 107.5 105.9 104.3 101.9 101 97.7 93 89.9 87.4 84.8 86.4 92.1 92.3 90.9 90.5 89.4 88.4 87.2 85.7 84.8 83.6
209.1 208.5 210.3 215.9 220.7 222.8 224.9 222.8 217.8 214.4 212.9 211.3 207.4 203.7 200.6 197.4 192.4 186.3 182.9 180.8 177.3 173.1 169.4 165.9 163.4 160.8 158.8 156.7 153.7 151 149.9 148.2 141.9 140.9 140.2 136.2 134 136.7 136.6 128.8 126 128.4 132.5 133.1 131.5 129.7 128 126.2 125 123.5 121.7 119.8 118.4 117.7 116.5 114.4 113.2 110.7 108.6 106.7 104.9 102.2 99.4 95.7 91.8 89.3 90.1 92.7 90.9 91.9 92.9 92.6 91.7 90.5 89.2 88.1 86.7 85.4 83.9 83.2 82.2
200.9 204.1 207.2 210.3 212.6 213.4 212.1 210 211.1 209.9 209.3 207.9 203.7 200.1 196.5 192.4 187.2 179.5 178.1 174.5 172.1 169.2 165.3 162.6 159.8 157.2 155.7 154.4 152.6 149.2 146.7 145.7 144.3 145.1 143.5 140.1 140.5 138.9 134.6 127.8 128 131.5 132.4 130.8 128.8 126.8 125.2 123.5 121.6 119.8 117.9 117 116.3 115.3 114.1 113 111.1 108.9 106.1 104.3 100.6 93.4 92.6 93.1 96.2 97.5 96.9 96 94.7 93.5 92.8 91.6 90.4 88.8 87.5 86.2 84.5 82.5 80.3 78.9 77.6
194.4 195.2 198.1 200.5 201.2 202.7 204.5 205.7 206.3 205.6 203.6 200.9 197.1 193.2 189.9 187.1 183.2 179.4 173.2 169.9 168.6 166.4 163.4 160.5 157.8 155.4 154.1 152.4 149.4 147.9 147.8 146.4 140.9 138.6 138.9 138.7 139 135.4 129.1 126.5 130 130.4 128.9 126.9 124.9 122.6 120.2 119 117 114.3 112.7 111.2 112.9 112.1 110.3 110 108.3 107 104.6 101.5 94.7 97.7 100.2 99.2 97.7 96.7 95.4 94.1 92.9 91.7 90.3 88.7 87.6 86 84.3 82 80 77.5 74 70 66.3
188.3 188.5 190.6 192.3 195 197.7 200.2 200.2 199 197.9 194.1 191.7 189 186 183.4 180.9 179.2 176.5 172.8 169.8 164.7 161.1 161.6 158.4 155.8 153.8 152 150.3 147.2 145 143.1 140.9 143.2 141.4 136.5 132.6 134.7 130.4 127 126.6 129.8 127.5 125.3 123.2 120.9 120.1 120.7 118.2 118.8 118.6 116.6 114 109.4 107.5 104.4 105.5 105.5 104.3 101.1 95.6 97.8 99.7 98 96.9 95.5 93.8 91.8 89.8 88.8 87.4 85.8 83.1 80.3 76.4 72.7 71 68.5 67.1 65.7 68.7 70.3
180 182.2 184.7 189.2 191.6 194.5 194.2 192.5 191.3 190.2 186 183.6 181.9 180.6 178.3 177.5 176.1 173.6 170.5 167.4 164.3 160.4 154.9 155.1 152.6 151.3 149.9 148.1 146.4 144.6 143.3 141.2 137.6 135.4 133.9 132.1 130 128 126.3 124.7 125.7 124.7 124.2 123.9 123.6 122.8 121.5 120.1 118.8 117.1 115.2 111.7 107.9 104.7 101.7 100.1 100.3 98.3 98.2 99.6 99.3 96.8 94.7 94 92.9 88.5 81.3 75.5 73.5 73.9 72.8 71.1 69.2 70.1 72.8 73.4 72.2 74.1 77.1 76.4 75.6
173.3 177.8 180.9 187.5 190.5 192.8 189.7 186.7 184.3 182.4 180.3 178.8 177.7 176.9 175.9 174.8 173.3 170.8 168 164.7 160.8 157.7 154.5 149.2 148.6 147.6 146.5 145.8 145 143.3 141.6 140.8 138.5 137.2 134.2 132.3 131 127.7 126.9 128.1 126.2 125.6 125.4 124.3 123 122 119.5 117.3 116.1 114.8 110.5 106.5 106.9 106.5 105.2 101.9 99.5 100.2 100.3 99.1 97.3 94.9 92 90.4 81.4 75.6 76.8 83.3 82.9 76.9 78.3 80.9 81.1 81.2 81.1 80.7 79.3 78.4 77.5 76.5 75.4
171.3 175.3 179.6 185.7 191.8 188.8 185.4 182.6 179.7 177.6 176 174.4 173.4 173 171.1 170.7 169.2 166.3 163.1 160.2 157.3 155.8 152.7 149.6 146.5 143.6 143.2 142.8 142.5 141 139.5 138.4 138 135.6 133.6 131.7 129.8 127.5 127.1 125.5 124.6 124.7 124.2 123 121.6 120 117.1 114.1 111.7 109.4 107.9 108.9 108.3 106.1 103.2 100.8 100.4 99.2 97.7 96.4 94.3 91.6 88.1 81.5 76.4 82.8 85.7 86.4 85.7 85.2 84.1 84.3 83.6 82 81.8 80.2 78.6 77.8 77.7 76.4 75.5
168.4 173.3 178.5 184.6 185 183.8 181 178 175 173.4 172.2 171.7 171.2 169.9 168.6 166.8 162.1 162 159.4 157.5 154.9 153.2 150.2 148.3 147 142.8 140.6 139.9 139.2 138.5 137.3 136.1 134.5 132.4 130.4 129.2 128.3 126.4 125.1 123.9 121.5 120.8 120.5 119.5 118.3 116.9 114.3 110.8 109.1 109.3 109.2 107.2 104.8 102.3 100.4 99.4 98.8 96.6 94.6 93.2 90.5 85.4 78.9 78.6 83.9 87.6 87.7 87.5 87.2 86.6 85.6 85.1 82.5 81.3 81.4 79.7 78.4 77.7 77.1 76.8 75.6
165.9 171.7 177.2 179.1 178.7 178.3 175.5 172.4 171.1 170.7 171.1 170.4 168.4 167.1 165.7 163.7 161.1 159 155.9 153.8 152.2 150.9 148.7 147.3 145.3 143.5 140.5 137.3 136.2 135 132.7 132 130.4 127.2 124.2 122 119.4 118.8 117.6 117.4 117.1 114.9 115 114.6 113.7 113 112.3 110.7 109.2 108 106.7 104.5 102.2 100.7 99.6 96.8 95.1 91.8 87.7 84.2 80.4 79.7 84.4 87.8 89.1 88.4 87.7 87.1 86.4 86.1 84.5 82.5 81.9 81.3 81.2 79.1 78.3 77.7 77.1 76.5 75.8
162.5 167.3 170.6 172.5 172.2 171.9 171.5 169.9 169.7 168.8 169.4 167.4 165.4 164.7 163.3 161.8 160.1 158.3 155.4 152.6 152.1 151.3 149.2 146.2 141.3 140.1 136.9 134.3 134.3 132.4 130.5 127.6 127.7 128.6 128.5 126.5 124.4 122.5 121.1 120.1 117.1 114.5 108.6 103.8 109.4 109.6 109 107.8 107.6 105.8 103.8 101.8 99.7 96.3 94.5 91.3 85.8 83 82.7 87.5 87.4 91 90.3 89.5 88.7 88 87.4 86.8 86.1 85.3 84.2 83 82.3 81.6 80.9 78.7 78.2 77.6 77 76.4 75.6
156.8 160.2 162.9 164.4 165.4 165.6 166.5 166.9 166.1 165.2 165.1 163.6 162.4 161.7 161.1 160.5 159.1 157 154.3 151.8 149.9 148.2 146.5 144.2 141.4 140.4 138.8 137 135.1 134 132.3 130.9 129.5 126.7 126.2 123.1 120.1 117.7 115.1 114.8 113.5 112.4 110.7 107.4 102 102.4 104.5 103.7 101.9 100.7 98.1 95.7 91.2 88.1 86.5 85.6 84.6 88.6 90.8 91.4 91.4 90.7 90 89.1 88.3 87.6 87 86.3 85.5 84.7 84 83 82 80.9 79.9 78.4 77.1 77.2 76.3 75.3 75
148.4 151.5 154.5 155.4 156.5 159.1 159.6 160 160.3 160.1 159.6 159.9 158.8 158 158.8 158.3 156.8 154.6 153.8 151.4 149.9 148.1 145.8 144.6 142.9 140.4 138.3 135.6 134.1 131.6 129.9 128.4 125.7 122.4 119.1 115 112.5 111.9 111.5 108.7 105.7 104.1 104.1 101.1 99.3 97.9 96.5 95.7 95.5 94.6 92.3 94.5 94.7 92.3 89.1 87.7 89.4 90.8 91.7 91.5 91.3 90.3 89.7 88.8 87.9 87.2 86.5 85.7 84.9 84.1 83.3 82.2 81 79.9 78.9 78.3 74.9 72.5 71 71.1 72.2
