Game/Highland_Data/StreamingAssets/GeoData/Data/no/NO60.asc
ncols 200
nrows 200
xllcorner 360000
yllcorner 700000
cellsize 50
[rows 0 to 37 of 200, columns 0 to 83 of 200]
53.5 52.6 51.8 51.9 53.6 52.8 49.6 47.6 46.9 45.5 44.5 46.4 47.4 48 47.6 45.7 43.9 42 40.2 39.4 39.2 38.6 37.8 37.6 37.1 36.8 35.9 35.6 35 34.8 36.1 36.7 37 37 36.8 35.2 34.8 34.1 33.4 32.3 31.4 31.8 31.3 30.3 28.8 26.1 25.2 25 25.3 25.1 22.3 19.6 18.5 18 17.1 16.9 16.7 16.6 16 15.5 14.6 13.7 16.3 16.9 18.3 20.7 21.4 10.1 4.7 5.8 6.4 4.4 2.6 3 -2.2 -2.2 -2.2 -2.2 -2.2 -2.2 -2.2 -2.2 -2.2 -2.2
55.8 54.5 52.6 52.2 52.9 54 52 50.3 46.9 46.8 46.7 47.7 47.6 47.9 48.2 47.3 46.4 44.5 43.1 41.7 40.9 40.5 39.7 39 38.4 37.6 36.5 36 34.8 34.8 35.8 36.9 38.3 38.4 38.1 36.8 36.2 35.7 35.2 33.9 33.6 33 31.7 31.2 30.2 29.9 28.5 28.7 29 29.8 28.9 24.2 20.6 19.6 18.3 17.7 18 17.8 16.9 16.9 17 16.5 17.8 18.3 20.8 19.4 18.1 9.8 5.4 6.8 5.6 4 2.6 2.6 2.2 -2.2 -2.2 -2.2 -2.2 -2.2 -2.2 -2.2 -2.2 -2.2
58.5 56.2 54.1 53.7 52.8 53.6 53.5 50.5 48.7 51.2 50 48.4 48.4 48.7 48.8 49.7 48.9 47.3 45.8 44.4 43.6 43.1 42.1 40.7 39.9 39 37.8 37 35.7 35.9 36.7 38 39 39.4 39.4 38.7 37.6 37.2 36.6 35.7 34.7 33.5 32.5 31.7 31.5 30.8 29.7 29.2 29.1 28.6 30.9 28.1 25.3 22.6 20 18.7 18.5 18.6 18.1 18.3 18.5 19.4 21.4 21.1 20.7 17.7 14.7 12.1 9.4 8.9 4.9 4.4 6 3.6 2.6 0.2 -2.2 -2.2 -2.2 -2.2 -2.2 -2.2 -2.2 -2.2
59 57.1 55.7 55.2 54.2 53.4 52.8 51.7 50.5 54.3 52.5 50.9 49.6 49.9 49.2 49.7 49.3 48.6 47.8 46.9 45.9 44.9 43.6 42.4 41.4 40.4 39.8 38.9 37.1 36.7 36.4 37.4 38.8 40.5 40.2 40.2 39.6 38.7 37.8 36.8 35.6 34 33.1 32.2 32.8 32.2 30.9 29.9 29.6 28.3 27.6 28.5 29.3 26.5 23.8 21.2 19.9 19.7 19.5 20.2 20.5 24.8 22.2 19.9 19.4 18.5 15.2 13.4 11.6 10.9 8.8 10.8 11.7 4.5 2.6 1.7 0.6 -0.4 -2.2 -2.2 -2.2 -2.2 -2.2 -2.2
59.1 57.5 56.9 56.9 55.4 53.5 53.1 53.2 50.5 54.4 54.5 53.8 51.9 50.9 50.2 49.6 49.3 48.3 47.8 47.7 47 46 45.6 44.2 43.1 41.7 40.8 39.9 37.9 37 36.4 37 38.9 40.1 40.3 40.3 39.5 38.6 37.9 37.2 36.1 34.2 33.1 33.3 34.1 33.2 31.9 31 30.7 29.4 28.6 28.5 29 28.9 27.7 25.4 23.3 21.7 21.1 23.1 25.7 24.6 22.3 20.7 18.5 18.3 16.9 15.3 14 12.8 13.2 14.9 14.5 5.1 5.8 6.1 3.1 1.6 -0.3 -2.2 -2.2 -2.2 -2.2 -2.2
59.7 58.4 57 56.4 56 54.5 52.8 52.4 51.2 53.9 54.5 54.5 53.7 52.5 51.5 50.6 50.3 49.8 48.2 47.7 47.3 47 47 45.5 44.7 44 42.5 41.1 40.2 39.3 37 36.8 37.5 38.6 39.2 38.7 38 37.5 37.3 37.1 35.3 34.2 33.5 34 34.3 33.7 32.9 32.1 31 29.8 29 28.5 28.7 28.5 28.8 29 28.1 28.4 26.7 26.8 25.5 23.8 22.1 21.4 20.3 19.2 19.2 17.6 16.3 14.7 17.4 17.6 14.9 8.1 9.5 12.2 2.9 1.3 -0.3 -2.2 -2.2 -2.2 -2.2 -2.2
60 58.8 57.2 56.6 56.6 56.1 54.5 52.4 51.7 53.1 54.2 54.9 54.1 53.3 52.8 51.9 51.7 51.2 49.2 48.2 48.1 47.8 47.5 46.8 46.4 46.4 44.9 43.4 42.5 40.7 38.1 37.1 37.4 37.4 37.4 36.5 36.3 36.6 36.5 36 34.7 33.5 33.3 33.8 33.9 33.6 33 32.1 30.8 29.8 28.9 28.9 28.6 29 28 28.9 29.6 29.6 30 29.1 26.2 24 23.8 22.5 20.7 20.8 20.4 18.9 18.3 19.6 19.3 16.6 14.6 15.4 14.1 4.6 1.2 -0.1 -1.2 -2.2 -2.2 -2.2 -2.2 -2.2
59.5 58.5 57.2 56.1 55.4 55.4 55.2 53.4 52.1 52.8 53.8 55.3 54.6 54 53.2 53.1 53 52.1 50.2 48.6 48 47.5 47.1 46.7 47.7 47.5 46.5 45.4 44.8 42.5 40 38.6 38.7 37.1 36.2 35.6 35.5 35.5 35.6 34.6 33.6 32.7 33.1 33.6 33.3 33.2 32.8 31.9 30.9 29.8 28.7 27.8 28.2 28.6 28.7 29.3 29.3 29.4 30.5 29.7 27.5 25.4 24.4 22.6 22.4 21.6 21.1 21.4 20.6 19.3 18.1 16.6 15.9 16.7 7.3 2.1 0.1 -2.2 -2.2 -2.2 -2.2 -2.2 -2.2 -2.2
59.8 58 57.6 55.4 54.6 54.5 54.2 52.8 51.9 52.8 53.1 54.6 54 53.7 53.2 53.2 53.1 52.2 50.5 49.1 48.2 47.7 47.2 46.9 47.7 47.5 46.7 46.7 46.8 45.6 42.4 41 39.4 37.8 36.4 36.1 35.9 35.6 34.4 33.2 32.1 32.3 32.9 32.7 32.2 32.6 32.3 31.3 30 29 27.9 27.6 27.9 28.4 28.7 29.8 29.2 29.3 29.4 30.4 29.1 27.2 25.3 24 23.5 23.3 23.6 22.7 22.5 20.6 17.7 17.5 16.2 10.5 3.9 1 -2.2 -2.2 -2.2 -2.2 -2.2 -2.2 -2.2 -2.2
60.1 58.4 56.8 55.3 54.1 53.4 53.1 52 51.6 51.7 52.5 53.4 53 52.9 53.4 53 52.1 51.4 50.7 49.6 48.6 47.9 47.5 47.3 47.7 48.2 48.1 48.1 47.7 47 44.9 42.8 41.1 39.4 37.8 36.3 35.5 34.9 32.6 31.9 30.9 31.5 31.7 30.7 31.4 32.6 32.2 31 29.4 27.5 26.5 27.1 27.8 28.1 28 28.2 27.8 29.4 29.5 30 30 28.5 25.5 26.2 24.1 22.1 21.4 21.6 19.5 18.8 17.5 16.5 15.9 8.2 2.4 0 -2.2 -2.2 -2.2 -2.2 -2.2 -2.2 -2.2 -2.2
60.4 58.8 57.2 56.3 55.4 53.7 52.2 51.9 51.6 51.5 52 52.4 52.3 52.3 52.9 53 52.4 51.8 51 50 49.1 48.3 47.8 47.5 48.2 49 49.1 48.6 48.1 47.5 45.1 43.7 42.5 40.7 39.3 37.8 36 34 32.4 30.8 29.9 29.7 29.3 28.9 29.5 30.2 29.8 29.1 28.2 26.2 25.9 26.2 27.7 28.9 27.9 26.9 27.8 29.2 29 29 29.2 28.7 26.9 26.1 23.6 21.2 20.6 19.5 18.2 17.7 17.1 16.6 17.6 9.4 2.5 -0.2 -2.2 -2.2 -2.2 -2.2 -2.2 -2.2 -2.2 -2.2
60.8 59.2 57.3 56.4 55.6 53.9 52.4 51.9 51.7 51.6 52 52 52.2 52.2 52.6 53.3 52.7 52.1 51.2 50.5 49.9 49.5 48.4 49.7 49.6 49.9 49.8 49.4 48 48 45.7 44.6 43.5 42.1 40.7 38.9 37.7 35.2 33.1 31.2 30 28.9 27.7 27.5 28.3 28.4 28.2 28.4 29.1 26.2 24.6 25.1 26.2 28.5 27.8 26.8 25.8 26.5 26.6 26.5 26.9 26.6 25 23.5 23.6 21 20.9 18.2 17.4 16.7 16.5 9.4 14.3 2.6 1.5 -2.2 -2.2 -2.2 -2.2 -2.2 -2.2 -2.2 -2.2 -2.2
60.9 59.1 57.6 56.5 54.8 53.9 52.7 52.2 52.2 51.8 51.8 52.5 52.3 52.3 52.3 53.2 52.4 52.4 51.7 50.9 49.6 49.3 48.8 49.5 50.3 50.2 50 48.3 47.5 48.5 46.5 45.3 44 42.8 41.6 38.9 36.8 35.8 33.9 32.2 30.5 29 27.2 27.2 27.8 28.3 27.9 28.6 26.5 26.2 24.9 25.3 25.3 25.7 27.1 26.5 25.9 26.1 25.2 25.2 24.4 25.1 23.7 22 21.2 20.3 19.4 18.3 16.9 15.8 9.7 5.4 1.7 0.4 -2.2 -2.2 -2.2 -2.2 -2.2 -2.2 -2.2 -2.2 -2.2 -2.2
60.9 59.2 59 58.2 55.5 53.8 53 52.7 52.4 52 52.7 53.1 52.9 53.2 53.3 52.3 52.1 52.6 51.9 50.5 48.9 48.6 48.6 48.7 48.9 49.2 49.3 47.8 47 46.9 46.1 45 44 42.9 41.7 40 37.2 36 34.9 33.2 31.5 28.4 27.3 26.9 27.2 27.8 28.5 27.1 25.6 24.8 24.4 24.6 24.7 24.7 25.1 25.3 25.3 25.5 25.2 24.5 24.6 24.5 23.3 21.8 19.5 19.7 19.1 17.6 16.3 15.3 8.8 2.6 0.5 -2.2 -2.2 -2.2 -2.2 -2.2 -2.2 -2.2 -2.2 -2.2 -2.2 -2.2
61.2 59.2 58.9 58 55.3 54.2 53.7 53 52.3 52.4 53.4 53.4 53.1 53 52.7 51.9 52.1 52.3 51.6 50 48.5 47.9 47.9 48 48.2 48.3 48.2 46.9 46.4 46.4 45.3 44.3 43.7 43.2 42.2 41.5 39.8 37.4 35.8 34.2 31.8 28.8 27.2 26.4 26.4 27 27.2 26.8 25.1 23.9 24.3 24 24.1 24.4 24.2 24.3 24.4 24.8 24.4 24.1 23.5 24.4 23.3 21.5 19.7 19.2 19.3 18.2 15.9 13.3 5.9 2.3 0.4 -2.2 -2.2 -2.2 -2.2 -2.2 -2.2 -2.2 -2.2 -2.2 -2.2 -2.2
61.7 59.4 58.4 57.8 55.3 55 54 52.2 52.9 53.1 53.7 53.8 52.9 51.9 51.8 51.3 51.5 51.6 52.2 50.6 49.4 48.2 48.1 48.2 48.1 47.9 47.1 46.4 46.8 45.4 43.9 43.5 43.2 41.7 41.3 41.2 40.7 39.1 36.9 34.1 30.4 27.3 26.6 26.2 26 27 26.6 25.7 24.2 24.1 24.2 24.1 24.4 23.9 23.9 23.9 23.8 23.9 23.5 23.2 23.1 22.4 22.2 21.5 19.2 19.6 18.9 18.5 17.1 13.5 6.1 1.6 -0.3 -2.2 -2.2 -2.2 -2.2 -2.2 -2.2 -2.2 -2.2 -2.2 -2.2 -2.2
61.8 59.6 57.7 56.8 56.4 56.3 54.3 53.1 53.7 53.8 54.1 53.7 52.6 51.3 51.3 50.5 50.7 51.1 52.7 51.5 50.3 49.1 48.3 48.2 48.1 48.1 46.9 45.3 45.5 44.5 43.1 42.8 41.8 41.2 40 39.4 39.3 37.6 34.5 32.1 29.8 29.2 28.3 27.2 26.4 26.8 26.1 25.2 24.3 24.1 24.3 23.4 23.8 23.5 23.4 23.2 23.1 23 22.9 22.8 22.3 21.5 21.1 20.5 19.3 19.5 18.9 18.6 17.3 11 4.3 1.2 -2.2 -2.2 -2.2 -2.2 -2.2 -2.2 -2.2 -2.2 -2.2 -2.2 -2.2 -2.2
59.8 59.4 58.4 57.5 57.4 57.2 55.3 54.3 54.3 54.4 54.4 53.4 52.3 51.1 52.3 52.4 52.2 52.9 53.2 52.4 51.1 50.2 49.6 48.9 48.5 48.4 47.2 45.6 44.2 43.4 42.7 41.7 41.1 40.5 39.6 37.8 37.8 38.1 34.6 31.5 30.7 30.2 29.3 28.2 26.7 26.2 25.7 24.4 23.9 23.8 23.5 23.4 23.3 23.3 23.1 23 22.8 22.9 22.4 22.4 21.4 20.5 20 19.6 19.3 18.5 18.1 16.5 17.1 9.4 2.6 0 -2.2 -2.2 -2.2 -2.2 -2.2 -2.2 -2.2 -2.2 -2.2 -2.2 -2.2 -2.2
58.6 59.6 59.8 58.4 58.2 57.8 56.6 55.3 53.8 54.3 54 52.9 51.9 52.2 53.3 53.6 52.5 52.6 53.2 53.1 52 51.8 51.4 50.6 49.8 48.9 48 46.5 44.8 42.9 41.2 40.6 40.1 39.5 39.2 37.1 36.7 35.9 34.3 32.4 31.5 30.8 29.9 29 28 27 26.6 24.3 23.9 24 23.7 23.4 23.1 23.2 23.1 22.8 22.6 22.5 22.4 21.5 20.5 19.6 19 18.8 18.8 17.7 17.7 15 13.2 5.6 1.5 -2.2 -2.2 -2.2 -2.2 -2.2 -2.2 -2.2 -2.2 -2.2 -2.2 -2.2 -2.2 -2.2
57.7 59 60.5 59.6 58.2 57.2 56.3 56 55 55 54 52.6 51.6 52.3 53.5 54 52.6 53 53.6 53 52.8 53.1 53 52.3 51.4 50 48.4 46.8 44.8 42.4 40.8 40.3 39.7 39.5 37 36.3 34.6 33.7 32.6 32.1 31.4 30.9 30.3 28.6 27.8 26.8 25.5 25 24.2 23.5 23.9 22.9 22.9 23 23 22.9 22.9 21.9 21.9 20.7 19.7 18.7 18 18.4 17.7 16.3 12.1 4.3 2.6 2.9 -2.2 -2.2 -2.2 -2.2 -2.2 -2.2 -2.2 -2.2 -2.2 -2.2 -2.2 -2.2 -2.2 -2.2
58.5 58.5 59 59.9 58.9 57.9 56.7 56.5 56.1 55.8 53.7 52.3 51.5 51.4 53.2 54.2 52.5 52.9 53 53.5 53.8 53.9 53.5 52.8 51.6 50.6 48.7 47.1 45.1 42.8 40.3 39.8 39.5 37.4 35.3 35.9 35 33 32.4 31.9 31.4 30.9 30.3 28.5 27.5 26.6 25.5 24.5 23.9 23.4 23.5 22.9 22.9 22.8 22.8 22.8 22.1 21.8 21.5 20.9 20.5 18.1 18 16.9 16.9 14.9 8 2.4 0.9 -0.3 -2.2 -2.2 -2.2 -2.2 -2.2 -2.2 -2.2 -2.2 -2.2 -2.2 -2.2 -2.2 -2.2 -2.2
58 56.8 57.8 59.4 59.3 58.4 57.2 56.9 56.5 55.8 53.4 52.1 51.4 50.8 52.1 52.5 51.9 52.1 52 52.2 52.6 53 52.3 52.3 51.7 50.7 49.3 47.4 45 42.4 40.4 39 37.7 35.9 35 34.5 33.6 32.7 31.5 31.1 30.6 30 29 28.3 27.5 26.4 25.4 24.5 24 23.4 23.2 23 22.9 22.9 22.8 22.8 22.1 21.8 21.3 20.6 19.2 18.4 16.9 16.7 15.9 7.9 2.8 1.3 -0.5 -2.2 -2.2 -2.2 -2.2 -2.2 -2.2 -2.2 -2.2 -2.2 -2.2 -2.2 -2.2 -2.2 -2.2 -2.2
57.5 55.5 56 56.6 56.9 57.6 57.7 57.2 56.3 55.3 53.5 52 51.4 50.7 50.6 50.4 51.1 51.1 50.9 50.9 50.8 51.1 51.2 51.3 51 50.5 49.1 47.4 45.3 42.7 40.8 39.4 38 35.4 34.8 34.2 33.8 32.6 31.4 30.1 29.3 29.1 28.8 28 27.2 26.4 25.1 24.6 23.8 23.5 23.2 23.1 23 22.9 22.9 22.8 22.3 21.8 21.1 20.1 18.9 18.8 17.2 16.6 12.2 4.1 1.6 0.3 -2.2 -2.2 -2.2 -2.2 -2.2 -2.2 -2.2 -2.2 -2.2 -2.2 -2.2 -2.2 -2.2 -2.2 -2.2 -2.2
56.3 56.2 54.9 54.6 54.9 55.9 56.8 56 55.1 54.7 53.1 51.3 50.7 50 49.2 49 48.9 49.5 49.3 49 49.2 49.4 49.9 50.3 50.2 49.9 48.8 47.1 45.1 42.6 41.1 39.6 37.5 35.3 34.7 34.2 33.6 32.3 31 29.6 29.3 29 28.4 27.9 27.1 26.4 25.4 24.6 23.8 23.4 23.3 23.2 23.1 23 22.9 22.8 22.3 21.8 21 20 18.9 18.1 16.9 16.7 8.4 2.6 0.6 -0.6 -2.2 -2.2 -2.2 -2.2 -2.2 -2.2 -2.2 -2.2 -2.2 -2.2 -2.2 -2.2 -2.2 -2.2 -2.2 -2.2
56.6 56 54.3 54.1 53.8 54.6 55 54.5 54.7 53.8 52.6 50.7 50 49.1 48.3 47.8 47.5 47.3 47.4 47.4 47.5 47.7 48.2 48.8 48.7 48.5 48.2 46.9 44.9 42.9 40.9 38.9 36.9 35.1 34.5 34 33.4 31.9 30.5 29 29.2 28.4 27.9 27.5 26.9 26.2 25.7 24.8 24.4 24 23.6 23.2 23.1 23 23 22.7 22.2 21.6 20.9 20.1 20.6 18.4 17.2 10.4 5.4 1.3 -0.2 -2.2 -2.2 -2.2 -2.2 -2.2 -2.2 -2.2 -2.2 -2.2 -2.2 -2.2 -2.2 -2.2 -2.2 -2.2 -2.2 -2.2
58.2 56.2 54.7 53.9 52.8 53.1 53.2 53.6 53.5 52.6 51.7 50.3 49.1 48.2 47.3 46.7 46.2 45.8 46.2 45.8 45.9 46 46.5 46.9 47.1 47.2 47.3 46.3 44.7 42.1 39.6 37.5 35.4 35 34.4 34 32.2 30.6 30 28.8 28.3 27.8 27.5 27.1 26.6 26 25.5 24.9 24.5 24.2 23.8 23.5 23.1 23 22.8 22.3 21.8 21.3 20.7 19.9 18.9 16.8 16.4 7.7 2.5 0.5 -2.2 -2.2 -2.2 -2.2 -2.2 -2.2 -2.2 -2.2 -2.2 -2.2 -2.2 -2.2 -2.2 -2.2 -2.2 -2.2 -2.2 -2.2
59.3 57.1 55.2 53.7 52.9 52.2 52.3 52.1 51.1 51.7 50.4 49.9 48.9 47.7 46.6 45.9 45.2 44.8 44.9 44.5 44.6 44.8 45.1 45.6 45.7 45.8 45.8 45.1 43.4 41 38.6 36.2 34.9 34.8 34.1 32.9 31 29.8 29.4 28 27.5 27.1 26.9 26.7 26.2 25.9 25.3 24.9 24.6 24.3 23.9 23.6 23.3 23 22.4 21.9 21.4 20.9 20.3 19.6 18.7 17 14 6.5 2.1 -0.5 -2.2 -2.2 -2.2 -2.2 -2.2 -2.2 -2.2 -2.2 -2.2 -2.2 -2.2 -2.2 -2.2 -2.2 -2.2 -2.2 -2.2 -2.2
60 58.1 56.8 55.2 53.8 52.1 51.3 50.6 51.5 50.4 48.5 48.4 47.9 47.1 46.4 45.3 44.6 44 44.1 44 43.7 43.8 44 44.5 44.4 44.3 44.2 43.5 41.6 39.3 36.9 34.8 34.3 34.1 33.4 32 30.3 29.5 29 27.4 26.7 26.5 26.2 26 25.8 25.5 25.1 24.7 24.3 23.9 23.6 23.2 22.8 22.5 22 21.5 21.1 20.6 20 19.4 19.7 16.8 12.3 7.6 1.9 -2.2 -2.2 -2.2 -2.2 -2.2 -2.2 -2.2 -2.2 -2.2 -2.2 -2.2 -2.2 -2.2 -2.2 -2.2 -2.2 -2.2 -2.2 -2.2
60 59.7 58.3 56.2 53.3 52.2 51.7 51.3 51.6 51.2 50.3 49.1 46.5 46.8 46.1 44.8 43.9 43.1 43 42.7 42.8 42.8 43 43.3 43.1 42.8 42.2 41.6 39.4 37.9 35.7 33.7 33.3 32.7 31.6 30.1 30.1 28.7 27.7 26.8 25.9 25.8 25.6 25.4 25.2 25 24.3 24.1 23.7 23.3 23 22.6 22.2 21.9 21.5 21.1 20.6 20.2 20.6 17.6 11.4 4.4 1.5 0.9 -2.2 -2.2 -2.2 -2.2 -2.2 -2.2 -2.2 -2.2 -2.2 -2.2 -2.2 -2.2 -2.2 -2.2 -2.2 -2.2 -2.2 -2.2 -2.2 -2.2
61 60.1 58.3 57 54.2 52.9 52.3 52 52.2 52 50.8 49.2 47.4 46.4 45.6 44.3 43.4 42.1 41.4 40.8 41 41.9 41.9 42 41.6 41.3 41.1 40.3 37.8 36.3 34.7 32.8 31.4 30.4 29.6 29.4 29.8 27.9 27.1 26.3 25.4 25 25 24.8 24.7 24.5 23.6 23.4 23.1 22.8 22.4 22 21.6 21.3 21 20.5 20.2 20.3 18.8 10.4 3.3 1.2 -2.2 -2.2 -2.2 -2.2 -2.2 -2.2 -2.2 -2.2 -2.2 -2.2 -2.2 -2.2 -2.2 -2.2 -2.2 -2.2 -2.2 -2.2 -2.2 -2.2 -2.2 -2.2
60.2 59.4 59.2 57.6 55.1 53.6 52.8 52.7 52.7 52.1 51.1 48.9 47.2 46.3 44.5 43 42.6 41.4 40.7 40 39.9 39.9 40.1 40.8 40.4 40.2 40 38.8 36.6 34.9 33.4 31.5 30.3 29.3 28.7 28.4 28.2 27.3 26.6 25.8 25.3 24.8 24.3 24.2 24.1 24 22.9 22.6 22.4 22.2 21.8 21.4 21 20.7 20.4 20 19.4 8.4 3 2.3 1.4 -2.2 -2.2 -2.2 -2.2 -2.2 -2.2 -2.2 -2.2 -2.2 -2.2 -2.2 -2.2 -2.2 -2.2 -2.2 -2.2 -2.2 -2.2 -2.2 -2.2 -2.2 -2.2 -2.2
59.2 58.5 58.2 57.5 56.2 55.1 54.2 54.2 53.3 52 50.6 48.5 47.2 46.3 45.2 43.3 40.8 40.4 39.7 39.5 40.1 39.9 39.6 39.2 39.1 39.2 38.6 37.3 35.5 33.7 32.2 30.6 29.5 28.4 28.5 28.7 27.6 26.6 25.9 25.1 24.3 24.1 23.7 23.3 23 22.6 22.1 21.9 21.7 21.4 21.2 20.8 20.5 20.1 19.8 19.5 10.7 6.9 2.5 0.2 -2.2 -2.2 -2.2 -2.2 -2.2 -2.2 -2.2 -2.2 -2.2 -2.2 -2.2 -2.2 -2.2 -2.2 -2.2 -2.2 -2.2 -2.2 -2.2 -2.2 -2.2 -2.2 -2.2 -2.2
60.6 59.5 58.5 58.3 57.3 55.9 54 54.2 53.8 52.2 50 49.2 47.9 46.3 45.2 43.2 41.9 39.6 39.5 39 39.6 40.2 39.7 39.3 38.8 37.4 36.5 35.8 34.4 32.6 31.1 30 29 28.2 28.4 28.9 26.9 26 25.2 24.4 23.6 23.1 22.7 22.3 21.9 21.6 21.3 21.1 20.9 20.7 20.4 20.2 19.8 19.4 19 18.6 8 4.9 1.5 -2.2 -2.2 -2.2 -2.2 -2.2 -2.2 -2.2 -2.2 -2.2 -2.2 -2.2 -2.2 -2.2 -2.2 -2.2 -2.2 -2.2 -2.2 -2.2 -2.2 -2.2 -2.2 -2.2 -2.2 -2.2
60.5 60.8 60.6 58.9 58.1 57.8 56.3 54.8 52.8 51.2 49.7 49 48.2 44.9 43.6 43.1 40.8 39.9 38.8 37.8 39.1 39.5 39.4 39 38.4 37.7 36.3 34.8 33.3 32.1 30.7 29.4 28.6 28.7 28.6 27.3 26 25 24.5 23.6 22.9 22.4 21.8 21.3 20.9 21.1 20.6 19.3 19.6 19.4 19.2 19 18.7 18.5 18.3 16.4 7 2.1 0.1 -2.2 -2.2 -2.2 -2.2 -2.2 -2.2 -2.2 -2.2 -2.2 -2.2 -2.2 -2.2 -2.2 -2.2 -2.2 -2.2 -2.2 -2.2 -2.2 -2.2 -2.2 -2.2 -2.2 -2.2 -2.2
61.5 60.8 59.8 59.3 59 58.3 57.1 54.8 54.2 51.7 50.1 49.2 48.2 46.1 43 42.4 40.5 40.3 39.4 38.5 37.6 38 39.1 38.7 38.1 37.3 36.3 35.1 33.3 32 30.6 29.6 28.6 28.7 27.5 26.2 24.9 24 22.8 23 22.7 22.2 21.3 20.1 18.9 18.5 18.4 18.2 18.2 18.9 18.7 18.5 18.2 18 17.7 17.4 5.4 2.3 -0.2 -2.2 -2.2 -2.2 -2.2 -2.2 -2.2 -2.2 -2.2 -2.2 -2.2 -2.2 -2.2 -2.2 -2.2 -2.2 -2.2 -2.2 -2.2 -2.2 -2.2 -2.2 -2.2 -2.2 -2.2 -2.2
61.1 60.5 59.5 59.4 59 58.3 56.7 55.4 54.4 53.3 51.3 50.5 48.8 46.5 44.4 41.3 40.6 39.9 39.2 38.9 37 36.3 37.6 38.3 37.3 36.2 35.1 33.6 33.2 32.1 31.4 30.2 29.1 27.7 26.4 25.2 24.3 23.4 22.7 21.9 21.1 20.3 19.8 19.1 17.9 17.4 17.6 17.5 17.4 17.7 18.2 18.1 17.6 17.4 17.4 13.5 4.3 1.6 -0.8 -2.2 -2.2 -2.2 -2.2 -2.2 -2.2 -2.2 -2.2 -2.2 -2.2 -2.2 -2.2 -2.2 -2.2 -2.2 -2.2 -2.2 -2.2 -2.2 -2.2 -2.2 -2.2 -2.2 -2.2 -2.2
60.7 60.5 60.3 59.6 58.4 57.3 56.4 55.6 54.6 53.5 52.5 51.2 49 46.8 44.5 42 40.5 39.5 39.1 38.7 37.8 36.2 36 36.6 35.7 35.1 34.8 34.2 33.3 32.1 30.9 29.7 28.4 27.1 26.1 25.1 23.8 22.8 22 21.2 19.3 18.2 17.6 17.2 16.9 17.1 16.9 16.8 16.8 16.7 17.2 17.6 17 17.1 17.3 9.2 3.4 1.3 -0.9 -2.2 -2.2 -2.2 -2.2 -2.2 -2.2 -2.2 -2.2 -2.2 -2.2 -2.2 -2.2 -2.2 -2.2 -2.2 -2.2 -2.2 -2.2 -2.2 -2.2 -2.2 -2.2 -2.2 -2.2 -2.2
59.4 59.6 60.1 58.8 57.4 56.5 56 55.4 54.8 53.8 52.8 51.3 49.6 46.7 44.4 42.6 40.2 39.8 39 38.7 38.2 37.4 36.3 34.9 33.4 32.6 32.9 32.8 31.1 30.6 29.4 28.2 26.7 26.2 24.7 24.1 22.7 21.7 21 20.3 18.4 17.6 17 16.6 16.5 16.4 16.2 16 16.1 16 16.1 16.5 16.9 17.4 9.5 6 2 0.5 -2.2 -2.2 -2.2 -2.2 -2.2 -2.2 -2.2 -2.2 -2.2 -2.2 -2.2 -2.2 -2.2 -2.2 -2.2 -2.2 -2.2 -2.2 -2.2 -2.2 -2.2 -2.2 -2.2 -2.2 -2.2 -2.2
