Game/Highland_Data/StreamingAssets/GeoData/Data/no/NO67.asc
ncols 200
nrows 200
xllcorner 360000
yllcorner 770000
cellsize 50
[rows 74 to 110 of 200, columns 82 to 163 of 200]
170.2 165.9 160.6 152.2 159.4 158.1 155.4 151.7 149.7 146.8 145 143.6 142 139.7 137.6 136.4 135 134.7 134.6 135.3 134.3 132.7 130.5 128.8 126.6 123.9 120.1 116.2 127.2 131.9 135.6 138.4 141.9 145.6 150.3 154.3 158.9 164.7 171.7 178.4 183 181.5 175.9 169.4 161.5 152.8 144.5 137.8 128.5 119.3 107.4 102.3 99.7 93.8 88 87.6 88.8 95.9 100.9 106.4 107.6 106.5 108 109.5 109.4 109.9 111 111.4 110.7 110.4 110 109.9 111.7 111.5 110.5 110.9 110.4 110.2 110.7 109.5 110.2 109.4
167.9 163.7 159.7 152.4 153 153.1 150.4 148.7 146.2 143.1 142.2 140.7 138.9 136.5 134.7 133.6 133.3 133.3 133.8 132.5 133.6 130.9 129.5 127.6 125.6 120.3 117.9 114.2 124.4 128.9 131.8 136.5 140.5 145.6 152.1 157.8 162.1 167 176.1 180 182.1 179.9 173.7 166.1 157 150.3 142.7 135 126.1 118.8 108.5 101.8 100 96.4 88.4 86.6 85.7 89.3 98.9 101.9 103.8 103.6 103.4 104.4 105 105.7 105.9 106 105.7 106.3 107.1 106.6 107 106.6 105.7 105 105.1 105.3 105.6 105.3 105.4 103.9
165.5 161 155 151.5 146.2 147.3 145.5 144.9 142.8 140.6 138.7 138 135.8 134.1 132.9 132 133 133 132.5 131.9 131.2 129.9 127.6 126.4 124.8 121.9 118 115.6 125.4 129.5 131.4 136.2 140.8 148.1 154.3 161.2 166 173 178.9 180.7 179.8 176.1 170.6 162.4 154.7 147.8 139.4 130.9 124.1 119.1 112.2 101.5 97.4 96.2 92.5 87.1 86.6 84.4 93.3 95.5 96.5 97.9 99.5 101.2 101.7 102.7 102.7 102.6 102.7 103.2 104 103.9 105.1 104.9 102.2 100.3 101.9 102.4 101.7 100.7 100.9 101.1
162.1 157.4 153 148.8 144.3 141.5 141.3 141.5 140.6 138.6 136.6 135.4 134.1 132.2 131 130.8 132 132 131.3 130.7 129.8 129.2 127.3 125.6 123.2 121.3 115.8 114.6 124.6 128.9 132.4 137.3 145.1 151 158.9 165 169.4 175.1 180.2 179.6 176.4 171.2 165.6 158.8 150.6 143.2 135.6 127.1 121 117.6 109.5 102.2 97.1 95.7 93.9 86.9 86.4 85.4 83.3 88.5 94.2 97 97.5 96.9 99.4 99.5 99.1 99.3 100.2 99.9 99.6 99.4 100.8 99.6 98.4 97.4 99.6 97.5 96.8 96.6 96.9 97.9
159.3 154.8 150.6 146.3 142.2 138.7 137.2 137.4 137.2 135.2 133.5 132.7 132.2 130.7 128.7 129.7 130.6 130.6 129.9 129.3 129.3 128.6 127.1 125.3 124.2 122.7 117.3 113.6 124 128.6 133.5 140.7 147.9 156.4 164.2 167.9 172.1 175.2 176.7 176.6 172.1 166.2 160.8 153.3 144.7 136.9 128.8 122.5 118 116.4 107.3 99.8 95.8 94.8 93.7 88.2 85.9 85.4 83.4 82.2 93.7 95.1 95.2 94.2 96.1 98 95.5 95.4 95.4 95.6 94.6 94.4 95 94.1 93.6 94.5 94.5 91.9 92.5 92.9 93.6 94.3
155.4 151.5 147.8 144.3 140.7 136.9 135.4 132.9 132.6 132.8 131.4 130.3 129 127.1 126.4 127.3 127.7 128.1 126.9 127.5 127.6 127.2 125.2 124.1 123.1 121.6 118.5 111 122.9 127.3 132.7 142.4 152.1 162.7 167.1 169.4 172.6 174.7 173.3 170.8 167.3 161.4 154.7 146.1 136.7 128.7 120.7 116.7 116.6 110.9 104.6 97.9 95.1 95.7 94.5 89.7 85.1 85.6 84.5 84.9 90 90.6 90.4 91.1 92 92 91.5 91.7 90.6 92.1 90.7 88.8 91.2 90 90.5 91.7 91.3 89.4 89.7 91.1 91.4 91.3
150.5 148.4 145.1 141.3 138.4 135.3 133 131.4 130.6 130.8 130.2 128 126.8 126.3 124.5 123.5 122.9 123.3 122.3 123 123.5 123.5 123 122.5 122.2 121.1 116 109.6 121.7 126.4 134.4 144.7 156.6 162.9 166.6 169.1 171 170.6 169.4 166.2 158.7 154.8 147.7 138.9 128.7 120.6 112.4 103.4 104.3 101.6 99 96.2 93.9 94.4 93.9 88.5 84.8 84.9 84 83.5 81.5 88.6 88.1 88.4 88.1 88.2 88.5 87.5 88.2 85.7 84 84.5 85.1 87.1 87.8 87.3 88.8 88.4 88.4 89.7 91.1 91.2
145.7 143.6 141.4 138.6 136 133.7 131.2 129.8 128 128.8 127.9 126.8 126.5 126 124.6 124 122.5 121.4 120.6 117.8 115.3 117.6 119.3 120.5 120.3 120.4 116.8 108.7 120.3 125.4 135.5 147.8 154.5 159.6 163.2 167.4 168.4 166.1 162.7 159.4 153.9 146.5 138.1 128.5 119 112.1 104.7 101.4 94.1 91.8 92 93.9 93.7 93.2 90.3 87.6 86.1 83.8 84.5 84.1 82.5 82.7 85.9 86.4 86.1 86.8 86.4 86.4 83.9 83.5 83.4 84.3 85.7 86.7 86.5 86.4 88 88.4 89.1 90.4 91.1 90.8
141.4 138.6 137.2 135.9 133.2 129.7 129.3 127.6 125.7 125.5 126 126 126.2 124.7 123.7 124.1 123.1 123.2 122 123.2 122.2 117.7 113.3 117 116.3 116.7 115.3 107.1 118.7 126.8 139.7 148.2 151.3 156.3 160.4 165.1 163.9 161.2 156.9 153.6 144.2 135.7 124.5 118.3 112.8 105.9 106.6 107.1 92.1 89.6 88.4 88.1 88.7 88.5 88.2 87.2 85.7 83.7 83.8 83.3 83 82.3 82.3 81.8 82.8 82.3 83.6 81.4 82.8 82.4 83.3 84.5 85.3 85.7 86.1 87 88.3 88.9 88.8 88.4 89 87.1
138 135.8 133.9 132.2 128.2 127.7 127 125.4 124.6 122.2 122.7 123.8 124 124 122.7 124 123.9 122.9 120.5 120.7 121.6 121.6 116.9 110.8 116.5 114.2 109.9 104.2 118.3 126.9 136 141.9 148.1 152.2 157.1 160.4 159.3 155.3 148.8 140.6 130.6 124.6 117.1 111.8 106 100.2 101.5 96.9 88.9 88.6 90.4 87.3 87.2 87.2 85.9 85.4 84 83.2 83.2 83.1 82.6 81.6 81.5 81.5 81 81.1 80.7 83.6 82 82.5 83.6 85.8 86.3 86.7 85.9 86.5 87.2 87.3 86.8 84.8 82.5 82.5
134.5 132.6 130.9 129.2 127.1 126.1 125.3 123.9 122.5 121.9 121.8 122.2 122.9 122.8 123.3 124.1 123.4 123.2 121.5 119.4 119.9 121.1 120.5 116.1 111.9 107.3 103.4 112 119.4 125.7 130.2 136.4 144.1 149 151.8 153 150.2 144.5 137.4 125.6 120 113.1 109.2 106.2 102.4 97.5 92.5 90 87.2 87 87.4 86 85.9 85.9 86.2 85.7 82.9 83 82.8 82.6 82.4 81.9 81.3 81.1 80.9 80.2 79.9 83 81.4 83.6 85 86.6 88.1 87.9 86.7 85.4 83.3 83 81 80.1 79.8 79.5
127.9 127.7 127.1 126.8 125.5 124.6 123.9 122.8 121.5 120.2 118.2 120.8 121.9 121.7 121.2 122.2 122.2 121.8 121.4 119.8 117 118.8 119.5 117.6 102.8 103.2 110.9 119.2 119.3 123.2 125.8 132.4 139.4 145.7 147.6 145.8 138.6 132.9 120.9 115.8 110.3 107.6 103.5 99.9 96.8 93.2 88.8 87.7 85.2 84 83.4 84.6 86.6 86.5 86.6 86.2 82.3 82.7 82.5 82.4 82.1 81.6 81 80.3 80.2 79.9 78.8 81.3 80.8 83.7 85.2 84.8 88.8 88.3 85.3 81.5 80.1 80.3 79 79.9 80.7 80.8
126.7 125.2 124 124.1 123 123.9 123.1 123.3 121 119.8 116.5 119.3 120.8 120.5 120.6 120.7 121.2 120.9 120.5 119.3 117.8 115.4 117.2 116.2 102.8 101.6 111.7 117.7 120.2 119.2 121.2 128.9 136.8 141.5 139.9 132.2 123.6 119.9 111.8 108.8 104.6 101.7 98.7 95.2 93.3 88.8 87.6 85.5 83.2 83.4 84.2 84.9 86.5 86.3 85.7 84.3 81.3 81.7 82 81.9 81.7 81.2 80.7 80 79.5 79.8 78.6 78.9 80 83.2 84.2 82.7 82.3 81.5 79.9 78.1 78.2 78.5 79.5 80.2 81.9 82.7
125.9 124.3 122.3 122.5 122.9 123 121.6 121.6 121 118.5 115.4 117.4 119 118.8 118 117.8 118.6 118.4 117.6 117.8 116.7 114 115.6 114.5 105.9 100.6 108.7 116.3 118.2 117 117 118.2 128.8 129.6 125.2 117.2 111.6 109 107.1 104 99.9 96.6 93.6 91.2 88.7 86.8 85 82.6 82.2 83.1 83.4 82.8 82.5 81.5 84 81.1 80.8 81 81.2 81.3 81.3 80.8 79.9 79.5 79.3 79.1 78.5 77.6 79 84.3 83.5 82 80.7 79.9 77.8 77.5 77.8 78.9 80 81.7 82.6 83.4
124.3 122.9 120.3 123.5 123.8 123.8 123.2 120.4 120.2 119.2 115.6 111.6 117.3 116.6 115.9 115.4 115.5 115.6 114.3 114.4 114.1 110.2 113.1 112 108.5 99.2 105.7 114.1 116.1 115.4 117.2 121.5 111.4 110.4 110.5 107.9 106.2 104.9 105 103.9 97.9 93.2 91.1 89.3 87.5 85.1 83.4 83.1 84.4 84.2 83.3 82.7 82.4 80.5 80.7 79.9 80.1 80.2 80.3 80.4 80.4 80 79.6 79.5 79.2 78.6 78.4 77.1 77.7 80.6 79.7 78.7 76.5 76.4 77 77.6 78 79.1 80.6 82 82.4 83.4
120.7 119 120.7 127.2 125.6 124.9 123.9 119.5 119.4 118.9 115.9 112.2 114.6 115.5 114.5 114.7 112.9 111.7 112.2 112.2 111.3 107.5 107.5 108.3 106.6 99.8 105.3 110.8 110.6 116 117.5 118.3 118.5 109.7 98.8 101.9 103.3 101.7 102 97.5 92.4 91.2 89.7 88.6 87.3 86.1 85 84.5 85.7 85.2 83.7 81.8 81.1 79.5 79.6 79.4 79.7 79.3 79.3 80.5 79 79.1 78.8 78.9 78.7 78.1 77.7 77.4 77.3 77.2 77.2 76.1 76.3 77 77.5 77.1 78.5 80.3 80.9 82.3 81.1 82.1
116.2 115.5 118.1 122.3 124.1 123.8 122.7 119.5 115.5 115.9 114.5 114.4 108.4 112.5 112.2 110.7 109.6 108.9 107.2 108 106.8 105.8 103.4 103.1 103.5 94.7 101.2 102.1 108.2 113.9 115.7 116.1 114.1 107.9 98.7 95.7 98 95.3 92.8 90 89.2 89 88.9 87.8 86.7 87.5 87.2 84.4 84.2 83.5 81.9 80.8 79.4 78.8 79.3 78.4 78.3 78.6 78.9 78.9 79 78.5 78.4 78.3 78.3 77.7 77.2 76.9 76.7 76.6 76.6 77.9 79.9 79.8 79.7 78 78.5 81.3 81.7 80.7 79.2 77.6
117.6 113.3 114 115.4 117.5 117.3 117 116 112.4 112.9 112 111 105.4 110.7 110 108.1 106.4 105.2 103.4 105.7 105 103.8 102.4 100.4 97.8 94.8 96.8 98 102 107.8 108.3 107.3 102.2 98.5 93.2 92.2 92.1 90.8 89.2 88.5 88.3 88.2 87.7 86.9 86.1 85.5 82.9 81.2 79.9 79.7 78.8 78.7 79 78.9 78.3 78.5 78.6 78.6 78.9 78.7 78.5 78.3 78.1 78 77.8 77.3 76.8 76.5 76.3 76.5 76.6 81 81.5 81.4 81.2 80.3 76.8 79.3 78.5 75.9 78.4 77.7
117.5 114.8 112 110.4 110.2 109.8 110.6 109.2 108.2 107.9 108.9 108.6 102.9 107.1 106 105.2 104.9 105.7 101.8 101.8 102.5 102.2 100.1 96.8 94.9 94.8 93.6 95.9 96.4 97.5 96.2 96.1 92.3 92 92.9 91.9 91.4 90.4 88.9 87.7 86.9 86.3 84.9 83.3 82.8 82.5 82.3 81 80.4 80.5 79 79 79.6 80.7 79.8 80.4 82 81.6 79.4 78.5 77.8 77.4 77.5 77.3 77.3 76.9 76.4 76.3 76.1 76.4 78.6 81.8 82 81.8 82.2 82 80.4 76.7 76.5 78 80.4 80.5
117.7 120.6 115.7 115.9 117.2 116.6 115.7 112.4 108.1 105 103.5 105.1 103.2 106.7 106.1 104.6 101.2 101.5 100.2 99.4 98.6 98.5 96.3 94.4 93.3 94 93.2 93.7 95.7 97 95.4 91.7 91.1 93.2 93.7 91.6 90 88.8 87.7 85.9 84.6 84 83.8 84.3 82.6 83.8 83.5 83.3 84.1 84.6 79.8 79.3 80.4 81.7 83 83.1 83.4 83.7 84.4 80.1 78.2 76.8 76.8 76.9 76.8 76.5 76.1 75.7 75.4 75.2 76.4 79.8 81.3 81.9 82.5 82.6 81.9 81.7 80.1 79.9 80.9 80.3
117.8 122.9 123.2 125.4 127.5 125.9 123.1 122.5 120 113.4 107.9 101.5 98.5 105.7 103.8 102.1 100 99.2 98.4 97.5 97.6 96.1 94.8 94.8 94.1 93.4 92.5 92.9 93.7 93.4 92.5 90.4 91.8 91.8 92.7 90.6 87.9 87.1 85.3 82.9 82.7 81.7 81.1 80.8 81.6 83 83.6 82.1 83.1 82.6 80.6 80.1 79.8 80.8 81.4 82.1 83.5 83.8 86.6 86.5 82 76.6 76.5 76.4 76.3 76.1 76 75.7 75.6 75.2 75.9 75.6 77.4 80.9 82.2 82.6 82.6 82.1 81.6 81.7 81.4 79.7
121.7 126.3 130.3 130.7 129.4 126.9 123.4 122.9 117.8 112.3 107.9 103.2 98 100.8 99.8 97.4 96.9 96.9 97 96.9 96.4 94.2 94.5 93.8 92.9 92.6 91.9 91.4 92 91.4 92 89.6 89.1 88 87 86 85.4 84.4 82 81.8 81.5 79.7 79 79.1 78.9 80 80.3 79 80.8 80.3 80.5 80.9 80.9 80.7 82.9 82.9 85 85.2 83.1 83.7 84.5 77.1 75.5 76 75.7 76.1 76 75.2 75.3 78 76.7 75.2 74.6 76.9 81.6 82.3 82.4 82 80.7 80.3 79.3 78.3
126.4 131.9 133.5 130.7 127.8 127.1 125.1 119.6 115.7 110.5 106.5 100.5 95.7 97.7 97.7 96.8 95.6 95.3 96.3 95.6 94.3 93.9 93.7 92.6 91.9 91.8 90.7 90.5 91.1 91.1 89.7 88.9 87.6 86.6 85.4 84.3 83.4 81.5 79.2 79.1 79.8 78.9 78.2 78.2 78.3 78.7 79.4 80.3 81.1 81.4 81.9 81.4 81.4 81.6 82 83.5 84.2 84.2 83.2 85.7 86.3 76.8 75.4 75.3 75.4 75.7 76 75.2 76.6 79 79.5 76 74.7 74.1 79.9 80.4 80.1 78.8 77.3 76.3 75.6 74.7
134.4 134.7 131.3 127.9 125.3 124.5 122.3 116.6 112.8 110.2 106.6 100.4 94.9 95.1 96.9 96.6 95.6 95 93.7 93.4 92.3 93 92.2 90.8 90.4 90.6 90.4 89.3 89.7 88.9 88.1 87.2 86.4 85.7 85.1 84.9 84.6 81.9 79.3 78.2 78.6 78.4 77.7 77.4 77.6 78.7 79.6 80.6 82 82.6 82.2 81.7 81.3 81.3 81.4 82.8 83.6 84.2 85 85.8 86 75.5 75.8 75.7 75.1 75.3 75.2 74.7 74.5 78.1 79.9 80.1 75.4 74.1 76.1 76.5 74.8 73.5 73 72.2 71.5 71.3
134.8 133.1 128.5 124 120.9 118.9 114.6 112.9 109.8 106.9 104 98.8 94.8 95.5 97.5 97.5 96 95.6 94.1 92.8 92.7 90.5 90.5 89.5 89.2 88.9 89 88.7 87.7 88.1 87.4 86.6 86.3 85.7 85.5 85.9 85.2 80.4 79 77.6 77.4 77.6 77.1 76.6 77.2 78.1 80.1 80.9 81.3 82.3 81.5 80.9 80.4 80.7 80.4 82 82.5 82.5 83.7 83.9 80.8 75.5 75.5 75.7 74.6 74.6 74.4 74 74.2 77.6 78.6 79.4 78.1 74.2 74.5 73.9 73.4 72.9 72.7 72 71.4 70.8
130.2 128.4 125.1 118.3 117 116.2 110.6 108.7 105.9 102.7 100.6 96.8 95 96.1 97.4 96.4 95.8 95.2 95.6 95.1 93.6 91.5 89.4 88.2 88 87.9 87.8 88.2 87.4 87.1 86.8 86.3 86.2 86.2 84.7 85.6 83.9 81 79.2 77.4 76.9 76.6 76.3 76.4 77 77.7 80.1 81.1 81.6 81.3 80.8 80.1 79.5 79.8 79.6 79 78.2 79.1 78.5 77.5 75.5 74.9 74.9 74.6 74 74.2 74.4 74 73.8 75.1 77.3 77.6 77.6 75.3 73.5 73.8 73 72.6 72.2 71.8 71.3 71.1
125.6 123.5 120.1 114.6 112.7 111.6 109 105.8 101.7 98.3 96.3 97 95.2 96.5 96.7 95.7 96 96 95.9 95.2 93.5 91.5 89.8 87.4 87.1 87.1 87.1 87 86.9 84.5 86.1 85.5 84.8 84.9 83.5 82.7 81.9 80.6 79 77.7 77 76.2 76.2 77.1 77.8 78.5 80.1 81 81 80.2 80.4 79.7 78.7 78.4 77.9 77.3 77 75.4 74.3 74.3 74.8 74.8 74.2 74.1 73.5 73.9 74 73.2 73 73.7 76.3 75.7 76.5 77.5 75.1 73.5 73.3 72.6 72.1 71.8 71.7 71.3
119.9 115.9 113.5 110.9 108.1 108.1 107.9 105.3 100.3 95.5 92.6 94 95.5 95.3 95.4 94.8 95.5 96.2 96.1 94.6 92.7 91.1 89.3 88.2 85.9 85.9 85.9 86.4 85.1 85 84.8 83.9 84 83.6 82.7 81.8 81 80.2 79.5 78.1 76.3 76.2 74.7 76.9 78.2 79.1 80 80.8 80.7 80.3 79.8 79.2 77.7 77.2 78.3 78.8 78.8 75.3 74.4 74.3 74.2 73.7 73.6 73.6 73.6 73.6 73.7 73.6 72.4 72.7 72.6 74 74.4 75.9 75.2 73.3 72.8 72.4 71.9 72.1 71.7 71.2
115.6 110.2 108.3 106.4 104.1 104.4 104.7 101.2 97.4 93.7 90.9 92.7 93 93.7 93.8 93.4 94.6 95.6 95 93.7 91.8 90.3 88.9 87.7 86 84.7 84.4 84.5 84.9 85 84.9 83.2 83.1 82.9 82.2 81.3 80.2 79.5 79 78.3 76.9 75.9 75.7 77.3 78.1 79 79.8 79.9 79.9 79.5 78.5 78.4 77.2 76.8 77.8 77.5 75.6 73.8 73.7 74.2 73.5 74 73.9 73.5 73.4 72.9 73.2 73.5 72.4 71.9 72 72.2 72.6 73.5 73.5 72.7 72.6 72.6 72.6 72.1 71.7 71.2
111 107 104.3 101.9 100.1 100.4 99.8 97 94.5 91.9 90 89.8 90.7 91.7 91.8 93.2 94 95 93.7 92.3 90.8 88.9 87.5 86.8 85.6 84.6 84.6 84.5 84.1 83.9 84.1 83.8 83.6 82.9 82 81.2 80.4 79.4 78.6 77.9 77.1 75.4 76.1 77.4 78.1 78.5 78.4 78.8 78.9 78.7 78.2 77.3 76.4 76.1 75.8 74.1 73 73.7 73.5 74 74.3 74.3 73.9 74.4 74.1 73.3 73.4 72.6 72.2 71.9 71.7 71.8 71.7 71.6 72.4 72.3 72.5 74.3 73.4 73 72.6 71.7
105.7 104.3 101.4 99.1 97.3 96.6 96.4 93.3 92 90.2 88 87.6 87.6 89.4 91.6 92.6 93.2 93.2 92 90.5 89.1 88.2 87.2 86.4 84.8 83.3 83.2 83.5 83.8 83.8 83.7 83.1 82.8 82.3 81.4 80.7 80.5 79.6 78.2 77 76.7 75.3 75.6 76.9 77.2 77 77.1 77.5 77.9 77.8 77.2 75.7 75.7 74.2 74.4 72.7 72.5 73.3 73.4 73.9 74.8 73.9 73.6 74.4 74.7 74.3 72.9 72.5 72.1 71.8 71.5 71.4 71.7 71.2 72 73.5 74.7 74.7 74.4 73.9 73.6 73.4
102 100.2 98.3 96.7 93.8 92.7 91.3 88.6 87.6 87.6 87.6 88.6 87.6 87.6 90.2 91.4 92 91.3 90.1 89.1 88.3 88.2 87.5 86.6 84.1 83 82.3 82.5 82.8 82.8 82.1 81.7 81.9 81.6 81.1 80 79 78.6 77.8 77.3 76 75.1 74.9 76 76 75.7 75.8 76.2 76.5 76.3 75.5 75 74.6 73.6 73.3 72.7 72.8 72.7 73.4 73.7 73.7 73 73.1 73.5 73.8 74.4 73.1 72.3 71.9 71.6 71.4 71.1 71.5 71.1 71.5 72.4 74.3 74.3 74.6 74.4 74.1 74.1
97.3 95.6 94.3 93.1 91.2 90.3 88.1 87.6 87.6 87.6 88.2 87.6 87.6 87.6 87.6 87.6 88.1 88.8 88.7 88.2 87.4 87 86.9 84.3 83.1 82.5 81.7 81.8 81.9 81.9 81.2 80.7 80.2 80.5 79.8 78.8 78.3 77.6 76.4 76.5 75.9 75.2 74.5 75 75 74.7 74.5 74.7 74.7 74.3 73.4 73.3 73.7 73.1 71.7 71.6 72.1 72.9 73.2 73.4 72.7 72.4 72.5 72.4 73.1 73.5 72.5 72.2 71.8 71.6 71.4 71.1 71 71.6 71.3 72.1 73.3 74.2 74.7 74.6 74.4 74
94.2 92.1 90.9 90 89.6 89.3 87.6 87.6 87.6 87.6 87.6 89.3 87.6 87.6 87.6 87.6 87.3 85.8 86.7 86.5 86.8 87.2 85.6 82.7 81.9 81.1 81.1 80.9 81 81.1 80.7 80.2 79.5 79.2 78.6 78.2 77.5 77.3 76.2 76.4 75.8 75.2 74.5 74.5 74.5 74.3 74 73.5 73.3 72.6 72.9 73.2 73.3 72.6 71.3 71.8 72.2 72.6 72.8 73 72.1 71.7 71.6 71.5 72.7 73 71.7 71.3 71.6 71.6 71.3 71 71 71.4 71.1 72.2 73 73.3 74.1 74.3 74.2 73.9
91.7 90.3 90 89.3 88.6 87.5 87.6 87.6 87.6 87.6 88.8 89.2 89.1 87.8 87.5 84.3 83.4 83.7 84.6 85.1 85.4 85 83.9 81.4 80.7 80.3 80 80 80.1 80.2 80 79.8 79.1 78.5 77.9 76.3 75.5 76.7 76.3 75.9 75.6 74.9 74.2 74 74 73.8 74.1 73.8 73.4 72.2 73.3 72.3 73.1 71.8 71.1 71.4 71.9 72.2 72.3 72.2 71.6 71.3 71.7 71 71.2 71.7 71.2 71.3 71.4 71.6 71.3 71 71.1 71.1 70.8 70.8 71.8 72.2 72.6 72.7 73.2 74.1
91 90.4 89.5 87.6 86.8 87.6 87.6 87.6 87.6 88.2 86.9 86.5 87 87.5 85.5 84.4 82.6 82.4 83.3 84.5 84 83.4 81.7 80.5 80.6 80.2 79.5 78.9 79.2 79.1 78.8 78.6 78.6 78 77.4 77 76.2 76.2 75.8 75.5 74.9 74.2 73.5 73.5 73.8 74.3 74.6 73.7 73.7 71.5 72.9 73.2 71.7 71 70.9 70.9 71.4 71.6 71.5 71.4 71.5 71.6 71.5 71.2 70.5 70.8 71.3 71.5 71.6 71.3 70.7 70.2 70.3 70.3 70.3 70.2 69.8 71.2 71.5 71.6 72.2 73.7
89.5 88.5 87.7 87.1 87.9 89.3 88.5 87 82.3 84.7 85.1 85.2 84.7 84.9 85.3 84.4 83.5 81.8 80.8 82.2 82.5 80.5 80.4 80.3 80.3 79.5 78.7 78 77.5 78 77.9 77.5 77.9 77.7 77.2 76.7 76.6 75.7 75.4 74 73.7 73.4 73.5 73.7 74.1 74.2 74.4 73.3 71.9 70.9 72.3 71.6 70.5 70.5 70.5 70.6 70.8 71.1 70.8 71.3 71.6 71.4 71.2 70.9 70.5 70.3 71.2 71.1 71.2 70.5 69.9 69.4 70.6 70.1 70.1 70 69.8 69.9 70.7 70.9 71.4 72.7
