Game/Highland_Data/StreamingAssets/GeoData/Data/no/NO76.asc
ncols 200
nrows 200
xllcorner 370000
yllcorner 760000
cellsize 50
[rows 148 to 184 of 200, columns 0 to 83 of 200]
48.7 47.7 47.1 46 45.3 44.5 43.4 43.5 43.6 43 41.9 41.9 42 41.2 41.1 40.3 39.3 38.3 37.3 37 24.9 10.8 9.9 6.6 7.3 8.6 8.6 8.6 8.5 8.5 11.3 32.9 34.8 37.5 40.3 41.4 42.6 43.4 44.3 45.1 45 44.8 44.5 43.5 44.4 44.5 43.6 40.4 32.6 29.2 24.3 24.6 6.3 5.6 5.3 5 4.7 4.4 4.3 4.1 2.4 3 3.6 3.4 3.1 2.5 2.4 2.2 2.2 2.1 2.1 2.1 -1.9 -1.9 -1.7 -0.5 -1.9 2.1 2.1 -1.9 -1.9 2.1 1.9 0.8
50.6 49.4 48.9 48.2 47.1 46.1 45.8 44 45 44.9 43.4 42.7 42.8 42.7 40.2 41.3 40.1 39 37.9 37.1 37 21.3 9.7 9.5 6.3 7.7 8.5 8.5 8.4 7.9 7.8 37.3 35.5 34.7 39.2 41.8 41.7 41.5 42.5 44.2 43.4 41.9 43 43.9 44.8 44.3 43 37.2 33.3 28.4 22.5 5.7 5.6 5.5 5.2 4.9 4.4 3.8 3.7 3.5 3.5 3.6 3.7 3.8 3.2 2.7 2.2 2.2 2.2 2.1 2.1 2.1 2.3 2.3 2.1 2.1 -1.9 1.7 -1.4 -1.9 -1.9 2.1 1.5 0.4
52.5 51.1 50.6 50.2 49.2 48.1 47.7 46.8 46.5 46.4 44.9 44 43.6 43.3 42.9 37.3 41 39.5 38.5 38 37.3 35.2 10.4 9.9 9.6 6 7.2 8.4 8.7 7.4 6 31.3 38.9 36.2 36.7 39.5 40.3 40.2 40.3 40.8 42 42.3 43.2 43.8 44.3 43.5 41.2 38.3 35.4 24.6 5.9 5.6 5.5 5.5 5.2 4.8 4 3.5 3.8 3.8 3.6 3.7 3.8 3.9 3.1 2.6 2.3 2.2 2.1 2.1 2.1 2.1 2.1 2.1 2.1 1.8 0 -1.9 -1.9 -1.9 2.1 2.1 1.1 0
54.3 52.8 52.4 52 51.6 50.5 49.2 48.5 48.2 47.1 46.6 45.6 44.6 43.7 43.1 42.5 36.8 40.1 39.1 38.2 37.1 36.6 15.7 9.6 9.6 9.8 8.2 5.9 8.3 8.4 7.4 15.5 38.4 39.1 36.2 35.1 36.7 38.2 39.6 41.1 42.2 43.3 43.6 43.9 41.3 37.6 33.4 32.6 21.8 18.5 5.2 5.3 5.4 5.3 5.1 4.5 4 4.2 4.2 3.9 3.7 3.8 3.9 3.9 3 2.6 2.4 2.2 2.1 2.1 2.2 2.5 2.1 2.1 -1.9 -1.9 -1.9 -1.9 -1.9 2.6 2.3 1.8 0.7 -0.3
56 54.6 54.1 53.8 53.4 52.1 50.7 50.1 49 47.8 47.3 47 46.3 44.7 43.4 42.7 42.2 37.7 39.4 38.2 37 29.2 27.2 9.9 9.3 9.3 9.2 9.2 7.3 5.6 8.7 10.2 37.1 37.8 38.5 34.8 35.2 38 40.4 42.1 43.7 46.3 45.7 43.1 38.2 34.1 26 20.1 15 18.2 5.1 4.9 5 5.2 4.9 4.7 4.2 4.3 4.3 3.9 3.9 3.9 4 4 3 2.6 2.8 2.9 2.6 2.2 2.7 -1.9 -1.9 -1.9 -1.9 -1.9 -1.9 2.1 3.7 6 2.3 1.3 0.3 -0.7
57.4 56.2 56.2 56 55.1 53.8 52.3 51.5 51 50.4 49.7 49.1 47.4 45.7 44.3 43 42.2 41.3 40.2 39.2 37.5 36.4 34.9 10.6 9.3 9.3 9.2 9 8.9 8.8 5.4 6.9 34.3 36 36.4 34.3 35 36.7 39.7 43 45.8 45 42.4 39 31.8 25.8 18.8 15 6.2 14 6.9 5.1 4.6 3.2 1.6 0.1 1.6 2.1 -1.9 -1.9 -1.9 -1.9 4 4.1 2.7 3.4 3.5 3.6 -1.9 -1.9 -1.9 -1.9 -1.9 -1.9 -1.9 -1.9 2.1 2.1 3.6 4 1.9 0.8 -0.2 -1.9
59.2 58.5 58.2 57.9 56.8 55.7 54.9 54.2 53.6 52.9 52.1 50.7 48.9 47.1 45.5 44.6 43.3 42.3 40.7 39.5 38.7 37.1 35.3 14.3 9.3 9.2 9.1 9 8.9 8.8 8.4 4.7 27 32.5 34 32.7 33.4 36.1 38.3 40.4 42 38.6 35 29.6 23.2 19 13.9 6.3 5.6 5.6 2.2 1.9 3.6 2.2 2.4 3.3 3.3 2.1 -1.9 -1.9 -1.9 -1.9 -1.6 2.4 2.9 2.3 2.1 0 -1.9 -1.9 0.2 1.8 -1.9 -1.9 -1.9 2.1 2.7 2.8 3.8 2.6 1.4 0.5 -0.5 -1.9
61.1 60.3 60 60.1 59.7 58.7 57.7 56.9 55.2 54.4 53.6 52.1 50.3 48.5 47 45.5 44.1 43.2 41.9 39.8 39.4 36 36.7 17.5 9.3 9.2 9.1 9 8.9 8.8 8.7 8 5 27.4 29.4 30.2 33.4 36.8 36.7 36.6 34.8 28.5 23.7 20.6 11.1 5.4 5.1 5.7 5.9 2.1 2.8 2.9 3.2 5.7 15 22.7 13.8 7.7 4.9 -1.9 -1.9 -1.9 -1.9 -1.9 -1.9 -1.9 -1.9 -1.9 -1.9 -0.7 0.9 1.5 -1.9 -1.9 -1.9 3.7 3.8 3.8 7 1.9 1 0.1 -0.9 -1.9
63.2 62.6 61.4 61.6 61.4 60 58.8 58.4 57.3 55.9 54.7 53.3 51.7 49.9 48.5 47.1 45.7 44.3 42.9 41.2 40.1 39.9 36.8 20 9.3 9.1 9 9 8.9 8.8 8.7 8.6 4.5 13.1 25.4 26.2 32.1 33.9 33.9 28.1 21.7 18.8 6.2 6.5 6.1 6.1 5.6 5.8 2.9 2.1 3.2 22.2 27 29 28.8 26.3 10.5 7.9 8 4.3 3.9 4.3 3.7 3.8 2.5 2.5 3.3 3.3 2.2 3 2.6 2.1 -1.9 -1.9 2.8 3 4.2 5.4 4 1.4 0.4 -0.4 -1.3 -1.9
65.3 65 63.5 62.1 61.4 60.5 60.1 60.9 59.3 57.7 56.2 55.2 53.3 51.5 50.1 48.7 47.3 45.8 44 42.5 42.2 41.1 39.9 31.4 8.8 9.1 9 9 8.9 8.8 8.6 8.1 7 4.4 18.7 23.3 26.5 23.9 18.5 13.7 9.6 6.8 6.1 5.9 6 6 6 4.2 2.5 3.2 19.1 28.4 29.4 29.6 28.3 22.6 9.5 8.7 9 7 5.5 5.4 3.9 3.6 3.5 2.9 2.9 3.3 2.4 -1.9 2.6 -1.9 -1.9 2.7 3.6 2.7 3.3 8.3 2 0.7 -0.3 -1.1 -1.9 -1.9
66.7 67 66.1 64.7 63.4 62.5 62.9 61.8 60.3 58.8 57.7 57.5 55.8 54.1 52.5 51.1 49.8 48.2 46.5 45.3 44.6 42.9 42.1 36.8 20.1 9.3 9.1 9 8.8 8.6 8.3 8 7.9 4.4 6.7 9 15 12.4 7.1 6.9 6.2 6.3 5.9 5.6 5.7 5.4 3.4 3.6 4.6 13.9 20.4 29 28 24.6 22.3 14.6 8.9 9 9 7 5.5 6.9 7.6 7.2 5.5 3.3 3.7 4.3 4.5 -1.9 -1.9 -1.9 -1.9 -1.9 3.1 4.1 4.3 6.5 1.3 0 -1.2 -1.9 -1.9 -1.9
70 69.1 67.4 66.6 65.6 65.2 64.6 64.1 62.9 60.9 57.3 59.8 57.9 56.7 55.8 54.3 52.9 51 49.3 48.5 46.9 45.4 44.4 42.4 32.2 13.7 6.7 8.8 8.5 8.3 8.3 7.9 7.8 5.3 4 7.8 7.2 7 6.7 6.5 5.9 5.9 5.8 5.4 5.4 4.4 4.5 6 4.4 22.9 21.6 24.4 22.3 19.4 16.6 10.3 9.3 9.5 8.6 7 6.3 7.1 7.9 7.3 5.5 4 4.5 5.1 5.6 3.3 2.5 -1.9 -1.9 -1.9 2.5 4.8 7.9 2.1 0.6 -1.9 -1.9 -1.9 -1.9 -1.9
71.2 70.9 68.9 68.2 67.4 66.6 66.9 66.1 64.7 63.9 58 61.7 59.4 58.6 58 57.4 55.8 54 52.3 50.9 49.1 48.1 47.1 46.6 35.3 19.2 12.8 9 8.4 8.3 8.6 7.8 6.5 6.1 4 7.8 7.2 6.4 6.7 6.3 5.9 5.8 6.7 6.5 6.1 3.8 5.9 5.1 18.1 21.5 20.5 19.4 17.2 14.9 12.9 10.5 9.4 8.7 7.8 6.5 6 8.2 7.8 7.4 5.4 4.8 5.1 5.4 5.6 5.2 4.1 3.5 -1.9 2.2 3.1 5.3 6.6 1.5 0 -1.9 -1.9 -1.9 -1.9 -1.9
71.7 71.4 71.1 71.1 70.1 69.1 67.6 67.1 66.2 64.8 64.3 62.7 60.7 59.8 59 58.3 57.9 56.5 54.9 53.1 51.7 50.7 49.7 48.1 43.8 33.6 19.3 15 10.5 7.3 8.1 8.1 7.7 7.7 7.7 4.1 7.3 5.8 6.4 6.6 6.1 6.6 6 6.3 4.3 6.2 5.9 6.5 20.1 19.1 17.7 15.3 13.7 12.9 11.5 10 8.9 8.5 7.6 6.4 6.1 7.1 7.9 7.4 5.7 4.7 5.2 5.5 5.4 4.7 3.6 3.2 -1.9 2.3 4.3 6.2 2.6 0.8 -0.6 -1.9 -1.9 -1.9 -1.9 -1.9
72.8 73 72.1 71.2 71.3 69.6 67.7 66.3 66.7 66 65 63.6 61.7 60.1 59.3 59.4 58.8 57.4 55.5 55.3 53.4 51.5 49.6 48 47.3 32.5 31.3 24 19.4 7.5 7.7 8.6 8.3 8.2 8 7.9 4.2 5.1 5.3 6.8 6.4 6.3 7 3.7 6.2 5.7 4.5 19.2 18.1 17 14.4 12.5 12.8 12.9 11.4 9.4 8.7 8.6 8.6 6.1 6.5 7 8.2 7.5 6 4.4 5.2 5.4 5.2 4.2 3 2.9 2.9 2.7 4.1 7.6 1.6 0.3 -1.9 -1.9 -1.9 -1.9 -1.9 -1.9
74 72.4 72.3 72.1 71.3 69 67.2 67 66.9 65.7 64.7 63.7 62.6 60.7 59.7 59.5 58 57.5 56.3 55.4 52.8 51.2 49.5 47.9 45.6 35.3 39.6 39.5 33.5 20 7.4 8.1 8.5 8.3 8.1 7.9 7.7 5.4 4 4 4 4.3 5.1 6.6 7 7.5 16.1 17.9 16.9 15 14 12.7 12.4 11 9.5 8.7 8.6 9.1 9.3 7.8 7.4 7.6 7.4 5.9 6.2 4.7 5.2 5.4 5 3.8 2.9 2.9 3 3.3 4.8 3.2 1.1 0 -1.9 -1.9 -1.9 -1.9 -1.9 -1.9
73.4 71.3 70.5 70.5 69.3 67.4 66.5 66.6 66.2 65.1 64.3 63.4 62.7 61.6 59.4 58.8 57.2 56.8 55.4 54.1 52.5 50.3 48.1 46.7 44.9 39.4 33.3 39.2 36.2 28.2 10.9 7.5 8.1 8.3 8.2 7.8 7.5 7.5 6.6 7.3 6.8 6.5 6.7 7.1 7.4 8.4 17.8 16.2 15.3 14.5 15.2 13.2 10.9 9.5 9 8.4 9 9.4 8.1 8 8.1 7.7 6 3.3 4.6 4.4 4.7 4.5 4.6 3.4 3.1 2.8 3 4.1 7.7 1.7 0.6 -0.6 -1.8 -1.9 -1.9 -1.9 -1.9 -1.9
72.2 70.6 68.8 68.4 67.1 65.9 66.1 65.6 64.6 63.6 62.7 61.8 59.4 59 56.8 56.7 55.6 54.6 52.9 52.2 51 48 46.2 44.2 41.4 39.5 31.6 36.4 33.8 31.8 27.8 10.1 7.5 8.2 7.9 7.5 7.3 7.4 7 7.3 7.1 6.8 7 7.2 12.2 18.2 17.7 16.2 15.4 16.9 18.7 14.2 11.3 8.9 9.4 8.7 8.1 8 7.1 6.8 6.9 6.6 4.5 4.6 5.3 5.1 5.9 5 4.1 3.5 3.2 2.9 3.2 4.9 8 1.2 -0.1 -1.1 -1.9 -1.9 -1.9 -1.9 -1.9 -1.9
70.5 68.9 67.4 66 64.7 64.4 63.6 62.9 61.8 60.8 60.1 59 58.3 57.7 55 54.2 52.9 51.4 50.4 49.1 46.9 44.9 42.5 40.4 38.6 37.9 31.1 34.3 32.6 31.1 29.4 23.5 9.3 8.1 7.6 7.3 7.2 7.3 7.5 7.1 6.6 6 6.5 16.1 18.1 19.9 20.9 17.9 16.4 16.7 13.7 9.6 9.3 8.3 8.2 8 7.6 7.1 6.4 6.2 6 5.7 5.7 5.4 5.1 5.8 5 4.9 3.4 3.6 3.4 3 3.6 7.6 1.9 0.6 -0.8 -1.9 -1.9 -1.9 -1.9 -1.9 -1.9 -1.9
68.1 65.9 63.7 63.4 62.6 62 60.5 59.5 58.9 58 56.8 55.8 55.3 54.7 52.4 51.1 50 49.3 47.8 45.6 43.8 42.1 40.1 38.5 37 35.7 30.5 33.3 31.9 30.3 28.5 26.5 24 9.9 7.1 7.1 7.1 7.4 7.7 7.1 6.4 6.2 14.3 16.9 17.2 19.6 19 17.8 15.1 14.7 10.3 9.5 8.7 8.1 7.8 7.5 7.2 6.6 6.2 6 5.8 5.3 5.2 4.8 4.7 6.4 5.6 3.1 3.2 3.4 3.6 3.4 4 10.9 1.4 0.1 -1.9 -1.9 -1.9 -1.9 -1.9 -1.9 -1.9 -1.9
64.3 62 60.5 60.3 60.1 58.9 57.4 56 55.5 55.5 55.1 54 52.5 51.9 50.2 48.9 47.2 46.5 46.2 44.5 42.9 40.7 38.7 36.8 34.9 34 30.1 32 30.5 28.5 25.1 25.4 22.7 19.6 16 8.9 7.7 7 7.7 6.5 11.7 15 14.4 15.1 17.7 19.4 18.6 17.5 14 12.3 9.5 9 8.5 8 7.4 7 6.7 6.2 6.3 6.1 5.4 5 4.9 4.7 4.6 5.5 4.4 3.5 3.5 3.5 3.5 3.7 6.1 2.3 0.9 -0.4 -1.9 -1.9 -1.9 -1.9 -1.9 -1.9 -1.9 -1.9
60.4 58.2 57.4 57.3 56.9 55.3 53.9 52.8 53.2 52.3 51.2 50.7 50.3 49.3 48.1 46.5 45 44.7 43.6 42.9 40.5 39.3 37.1 35.8 33.5 32.3 30.4 28.8 27.2 25.5 20.7 20.2 19.1 18.4 17.4 14.4 15.8 14.4 12.4 15.7 16.5 13.9 12.6 13.6 18 20.7 19.6 16.7 11.2 9.7 9 8.9 8.5 8 7.4 6.7 6.2 7 6.3 5.6 5.1 4.7 4.3 4.6 4.9 4 3.7 3.7 3.3 3.3 3.3 3.3 10.9 1.7 0.5 -0.8 -1.9 -1.9 -1.9 -1.9 -1.9 -1.9 -1.9 -1.9
57.4 54.7 54.3 54.2 53.3 51.9 50.7 50.1 49.9 48.8 47.7 47.3 46.8 46.4 45.2 43.1 41.9 41.2 39.2 39 38.8 37 34.7 33.1 31.9 30.3 26.3 25.7 24.1 22.3 20 18.9 17.9 17 16.1 14.6 14.9 13.7 14.2 16.2 17.2 15.2 11.9 10.8 13.8 19.7 19.8 12.8 9.8 9.2 8.8 9 8.8 8 7.4 7.6 7.3 6.6 5.9 5.2 4.7 4.3 3.9 4.2 4.9 4.2 3.7 3.7 3.6 2.8 2.8 4.7 6.4 1.2 0.1 -1 -1.9 -1.9 -1.9 -1.9 -1.9 -1.9 -1.9 -1.9
54.4 52.4 51 50.8 49.3 48.3 48.1 46.8 46.2 45.7 45.2 44.7 44.2 43.3 41.2 40 39.5 39.1 37.4 36.6 35.9 33.8 32.3 31.7 30 28.2 24 22.6 21.1 20 18.8 17.8 16.7 15.8 15.8 15.2 16 20.1 24.4 24.2 21.6 18.8 12.7 11 12.3 20.1 11.8 10.2 9.2 8.9 9 9.1 9.6 8 7.6 7.3 7 6.6 5.4 4.8 4.4 4 3.9 5.3 4.7 3.8 3.7 3.7 3.7 3.6 2.8 9.1 1.9 1 -0.1 -1.2 -1.9 -1.9 -1.9 -1.9 -1.9 -1.9 -1.9 -1.9
52 49.2 47.7 47.1 45.6 45 44.8 44.6 43.3 42.9 42.7 42.4 41.6 39.2 39.2 37.8 37.4 37 36.5 35.5 33.3 32.5 31.3 30.4 28.5 26.2 23.3 21.2 19.5 18 17.2 17.3 18 16 16.2 16.9 18.9 26.4 26.9 26.5 25.6 19.9 11.4 9 11.6 13.7 10.2 9.5 8.5 8.6 9.2 8.9 9.4 8 7.3 7 6.8 6.8 5.3 4.5 4.4 4.2 4 4.7 4.7 3.8 3.7 3.7 3.6 3.6 3.9 12.2 1.6 0.7 -0.2 -1.3 -1.9 -1.9 -1.9 -1.9 -1.9 -1.9 -1.9 -1.9
49.2 46.4 44.7 44.1 42.9 42.4 41.6 41.4 41.8 40.7 40 39.4 38.7 38.3 37.4 36.6 35.3 34.7 33.6 33.5 32.4 30 29.1 28.8 26.9 23.8 21.3 19.5 18.1 17.2 16.5 19.6 21.8 16.9 16.7 16.7 18.3 22 23.3 20.6 17.6 13.6 10.1 8.9 10.6 10.7 9.6 10.3 8.8 9.5 9.4 9 9 8.1 7.2 6.7 6.6 6.6 4.8 4.5 4.2 4.2 4.3 3.9 4.4 3.7 3.6 3.6 3.5 3.5 6.4 2.9 1.3 0.4 -0.6 -1.9 -1.9 -1.9 -1.9 -1.9 -1.9 -1.9 -1.9 -1.9
44.4 43.5 41.9 41.2 40.3 39.7 38.3 38.1 38.2 37.3 36.3 35.9 35.8 35.5 35.2 34.7 33.6 33 32.1 30.6 29.2 27.8 27.4 26.9 25 22.1 19.8 18.8 17.8 16.7 20.6 25 23.9 18.2 17.2 17.2 16.8 15.4 17.5 13.7 12.7 11.6 10 9.5 9.2 9.1 9.1 9 8.7 8.7 8.5 8.7 8.5 8.1 7.3 6.4 6.3 5.7 4.9 4.6 4.3 4 4.9 4.6 3.4 3.6 3.5 3.5 3.4 3.4 10.5 1.9 1 0.1 -0.8 -1.9 -1.9 -1.9 -1.9 -1.9 -1.9 -1.9 -1.9 -1.9
40.3 38.5 38.4 37.9 37.6 37.1 36.6 35.3 35.4 34 33.5 33.1 32.6 32.3 32.4 32.5 31.3 30.2 29.7 27.6 27.1 25.7 26.1 25.4 22.8 20.6 18.6 18.7 17.9 18.7 23.3 25.3 24.4 20 17.5 17 15.9 13.8 12.7 11.4 10.4 11.1 10.3 9.4 9.1 9.1 9 8.6 7.5 7.6 7.6 8 8 7.3 6.6 6.3 6.1 5.9 5.5 5.2 4.8 4.2 4.2 3.1 3.4 3.5 3.5 3.5 3.5 6.8 5.9 1.6 0.6 -0.3 -1.2 -1.9 -1.9 -1.9 -1.9 -1.9 -1.9 -1.9 -1.9 -1.9
36.7 35.5 35 33.9 34 33.5 33 31.9 31.7 29 26.9 25.7 25.9 27.9 28.4 28.2 28.4 25.7 26.1 24.6 24.2 23.9 25.5 22 20.9 19.4 19 19.5 20.2 18.5 22.6 24.6 21.7 18 16.4 15.2 12.7 13 11.4 9.5 8.2 10.5 9.9 9.2 8.8 8.8 8.8 8.5 7.2 6.7 6.7 7.3 7.1 6.9 6.6 6.3 6.1 6 5.8 5.5 5.4 5.3 4.8 4.1 3.4 3.5 3.5 3.5 3.8 10.7 2.1 1.2 0.3 -0.6 -1.9 -1.9 -1.9 -1.9 -1.9 -1.9 -1.9 -1.9 -1.9 -1.9
33.9 32.7 32.3 31.3 30.4 29.7 29.3 27 25.4 22 23.2 23.4 21.6 20.7 21.7 23.3 23 22.3 22.7 22.9 21.7 24.1 20.6 21.4 22.7 21.5 20.2 19.8 17.2 15.2 17.1 18.7 17.5 15.2 14.4 13.5 13 12.3 10.7 8.7 8.2 8.4 8.4 8.4 8.5 8.4 8.4 7.7 6.9 6.5 6.4 7.1 7.2 6.9 6.7 6.4 6.2 6 5.7 5.1 4.9 4.2 4.4 4.5 4.1 3.6 3.6 3.6 4.7 15.5 1.7 0.8 -0.1 -1 -1.9 -1.9 -1.9 -1.9 -1.9 -1.9 -1.9 -1.9 -1.9 -1.9
31 30 29 27.4 26.6 24.2 22.8 22.5 21 21.9 21.9 21.9 20.3 19.7 19.1 19.2 20.7 21.3 21.7 21.6 20.7 20 19.7 20.1 19.1 18.7 18.4 17.6 15.3 14.2 14.2 14.9 14.2 14.2 13.1 11.6 12.2 11.5 10.8 10.9 8.9 9.1 9.1 9 8.8 8.6 8.4 7.7 7.3 7.1 6.9 7 7 7 6.7 6.5 6.3 5.9 5.3 4.8 4.4 4.5 4.7 4.2 4 4 4 3.8 8.1 7.5 1.4 0.5 -0.4 -1.9 -1.9 -1.9 -1.9 -1.9 -1.9 -1.9 -1.9 -1.9 -1.9 -1.9
28.2 27.2 25.6 23.6 23.5 21.8 20.5 20.7 21.2 22.3 21.4 20 18.9 18.4 19.2 20.2 24 22.1 21.4 21.5 22.5 20.3 19.5 18.5 16.7 16.5 16.3 15.3 14 13.6 13 13.3 13.3 13.3 13 14 13.4 9.8 10.7 10.2 11.1 9.9 9.7 9.4 9.1 8.7 8.4 8.4 8.2 7.7 7.5 6.9 6.8 6.9 6.8 6.6 6.1 5.6 5.2 4.7 4.3 4.3 4.4 4.2 4 3.9 4.6 4.4 13.2 2.1 1.2 0.4 -0.6 -1.9 -1.9 -1.9 -1.9 -1.9 -1.9 -1.9 -1.9 -1.9 -1.9 -1.9
25.4 25.2 24.5 21.6 21 19.2 18.1 19.8 20.9 21.4 21 19 18.7 19.5 26.6 22.5 21.4 20.5 22.2 22.6 21.8 19.7 18.9 17.4 16.7 17.4 17.6 17.5 16.1 14.8 16.5 15 14.4 15.2 16 16.2 15.9 11.4 11.9 17.8 16 10.4 10.1 9.8 9.6 9 8.4 7.9 7.5 8.3 7.6 6.9 6.1 6.3 6.6 6.4 5.9 5.5 5 4.6 4.2 4.2 4.2 4.2 4.1 4.2 5.7 7.7 13.5 1.7 0.9 0.1 -0.7 -1.9 -1.9 -1.9 -1.9 -1.9 -1.9 -1.9 -1.9 -1.9 -1.9 -1.9
23.2 22.3 22.3 19.8 18.6 16.6 16.6 19.8 20.7 20.6 20.6 20.1 22.4 22 21.9 21.7 21.5 20.8 20.9 21.5 19.2 19.1 18 17.3 16.9 17.6 18.3 18 15.9 15.9 15.8 16.2 16.6 16.3 16.6 17 18 16.9 17 22 11.1 10 9.9 10 9.7 9.1 7.4 7.2 7.2 7 6.3 7 5.7 5.8 6 6.5 5.8 5.4 4.9 4.5 4.1 4.1 4.1 4 5.1 4 7.4 9 4 1.5 0.6 -0.2 -1 -1.9 -1.9 -1.9 -1.9 -1.9 -1.9 -1.9 -1.9 -1.9 -1.9 -1.9
21.2 20.8 20.3 18.7 16 15.5 16.4 18.2 19.4 19.8 20.1 17.8 19.5 19.6 20.3 20.7 20.4 20.1 19.9 20.1 18 18.5 18 17.2 17.1 17.8 18.5 17.8 15.7 16 15.9 16.3 16.2 16 16.3 17.6 19.8 21.9 19.3 19.4 9.6 9.5 9.4 9.4 9.5 8.9 8.3 8.1 7.6 8.6 7 7.1 5 6.3 5.5 5.8 6.2 5.8 4.8 4.4 4 4 4 5.7 3.5 5.5 7.1 10.7 2 1.2 0.4 -0.5 -1.3 -1.9 -1.9 -1.9 -1.9 -1.9 -1.9 -1.9 -1.9 -1.9 -1.9 -1.9
19.8 19.5 17.8 19.4 17.9 14.9 16.2 23.5 18.5 17.2 16.4 15.9 17.1 18 18.7 19.3 19.3 19 18.8 19.3 18 17.8 17.4 17.2 16.8 17.2 18.6 16.8 15.5 15.8 16.1 16.1 16.1 16 16.9 18.8 21 22.5 21.5 13.3 9.2 9.1 9 8.9 9.6 8.7 8 7.9 6.6 7.2 6.8 6.9 6.5 5.5 5.1 5.3 6.1 5.8 5.5 4.2 3.9 3.8 3.6 4.1 4.3 6.5 9.9 10.1 1.8 0.9 0 -0.8 -1.9 -1.9 -1.9 -1.9 -1.9 -1.9 -1.9 -1.9 -1.9 -1.9 -1.9 -1.9
19.6 18.9 17.5 17.3 20.3 17.9 13.3 14.8 17.7 16.5 16.4 15.1 16.6 17 17.1 17.7 18.2 17.9 17.7 18 17 16.9 17.6 16.9 16.8 17.1 17.8 16.1 15.3 15.6 17.5 16.7 16.5 16.2 17.5 19.4 21.4 21.6 18.7 10 9.1 8.7 8.6 8.4 8.2 7.6 6.6 7 7.4 6.4 6.6 6.7 6.4 5.3 5.1 4.8 6.1 5.8 5.5 5.1 3.8 3.5 3.3 3.4 4.6 7.4 10.1 4.2 1.5 0.6 -0.3 -1.2 -1.9 -1.9 -1.9 -1.9 -1.9 -1.9 -1.9 -1.9 -1.9 -1.9 -1.9 -1.9
