Game/Highland_Data/StreamingAssets/GeoData/Data/no/NO78.asc
ncols 200
nrows 200
xllcorner 370000
yllcorner 780000
cellsize 50
[rows 105 to 139 of 200, columns 78 to 155 of 200]
289.9 301.3 311.6 315.3 315.6 314.4 312.5 312 311.2 310.3 309 306.4 303.4 299.4 296.5 293.8 292.4 291.3 290.4 289.5 287.9 286.4 283.2 279 275.6 271.5 268.5 264.5 259.8 251.9 247.1 243.4 238.2 234.2 230 226.2 223.2 229.2 230.4 231.9 231.2 228.4 223.3 217.7 210.6 203.4 207.2 211 213.2 212.2 210.3 207.6 204.9 201.4 196.8 190 185.1 182.4 180.5 179 177.9 177.1 175.2 171.1 165.9 165 166 168.1 169.5 169.7 168.1 167.2 166.8 165.3 163.2 164.8 165.5 166.5
281.9 294.8 304 308.7 309.5 308 306.5 305.4 304.2 302.6 301.2 299.7 296.4 293.5 290.3 289 286.3 285.1 283.6 283.4 281.1 279.2 276.6 274.1 270.7 268.4 264.9 260.4 255.9 248.5 240.1 234.8 230 225 220.3 216.4 208 217.7 220.4 221.4 221.1 218.5 216.1 211.5 207.2 198.4 198.8 202.2 203 203 202 200.7 198.2 195.3 190.7 183.7 178.3 175.3 172.7 173.2 173.4 173 171.3 168.9 166 162 161.2 162.2 162.9 161.8 161.3 160.7 160 160.2 159.6 161.3 162.1 161.9
276.6 288.1 297 300.7 302.8 300.9 298.6 297.6 297 295.9 294.6 292.4 290.2 287.5 283.8 281.5 279.7 278.2 277.1 276.2 274.6 272.6 271.2 269 266.2 263 260.7 257.4 252.4 246.2 239.7 231.9 221.7 217.6 211.9 207.6 200.8 206 209.6 211.8 212 210.5 208.7 204.7 200.3 194.9 188.3 192.6 193.6 194.1 193.6 191.7 187.4 183.1 180.1 176.9 174.3 171.7 168.7 167.5 168.6 168.5 168.1 166.4 164.2 161.5 157 158.1 157.9 157.3 157.1 156.7 156.2 156.3 156.7 156.4 157.2 157.7
270 282.4 291.3 293.2 292.2 289.5 287.6 286 285.8 287.5 286.4 281.3 281.1 277.3 276 274.2 272.5 271.6 271 269.2 267.4 266.4 265.3 263.2 260.5 258.6 256.6 253.4 249.9 243.5 237 230 222 213.1 203.5 200.6 197.1 196 199.2 202.1 202.8 201.8 200.3 198 194.4 189.6 184.3 184.3 186.1 185.2 183.8 180.9 178.3 175.7 174.4 172.2 170.2 168.2 165.5 163.4 163.8 164.6 163.8 162.8 160.8 158.7 157.2 156.2 155.2 155.4 155.5 153.9 153.7 153.4 153.4 152.1 152.6 153.6
265.3 276.7 284.2 284.7 284 281.3 275.6 277.2 280.9 281 280.3 277.3 272.4 267.3 266.2 260.1 265.2 264.2 263 261.7 261.5 260.3 258.5 254.5 254.8 253.1 251 247.8 244.1 238.6 232.8 227 220.6 214.3 206.8 199.6 190.2 186.5 188.5 192.7 195 194.6 193.7 191.9 188.5 184.6 180.1 177.6 176.8 176.5 176 174.6 173.1 171.9 170 167.9 166.6 165.2 162.5 159.5 160.4 160.4 159.7 158.4 157.5 155.8 155.1 153.5 153.1 153.1 153 152.1 151 150.7 150.9 149.5 149.7 150
256.2 272.2 276.6 278.1 276.7 274.1 271.2 273.1 275.3 277.1 275.6 272.7 268.1 263.3 259.3 256.2 254.3 256 254.8 255.6 254.7 253.2 249.7 249.3 247.5 246.9 245.1 241.5 236.4 232.9 228.9 222.8 217.8 211.9 206.8 200.5 194.8 187.4 181.7 182.6 187.5 188 186.9 185.3 182.9 179.6 175.6 171.5 171.6 172.3 171 169.6 168.8 167.9 165.7 164.4 163 162.2 160.8 158.1 157.4 157.3 156.3 155.1 154.2 153.3 152.8 151.9 150.9 150.5 150.2 149.4 148.9 148.6 148.2 146.8 147.3 147.5
248.9 265.1 271.1 274.3 272.2 269.3 266.9 269.1 271 272.6 270.9 267.4 263 258.6 254.8 249.2 245.7 249.1 248.1 247 246.3 245.3 244 242.8 241.1 240.9 239.1 235.1 231.1 228 224.3 219 214.5 209.8 205.1 200.1 195.4 189.4 182.9 176.5 178.2 179.5 179.5 178.9 177.7 175.5 172.4 169.4 167.9 166.2 165.6 165 163.8 163.2 161.3 159.9 158.9 158.4 157.5 155.7 153.2 154.1 153.7 152.5 152.2 152.1 151.3 150.5 149.3 148.3 147.8 147.2 146.9 146.4 145.7 144.2 144.3 144.5
242.7 256.7 265 267.8 267.3 264.9 263.1 266.2 266.9 266.4 263.6 262.2 257.6 253.9 249.7 243.6 238.3 238.6 238.5 238.4 238.4 237.5 236.5 233.3 233.1 233.8 231.6 230.2 226.8 222.8 218.9 215.2 210.9 206.4 201.5 197.6 192.6 187.6 181.9 177.2 173.3 173.1 173.3 173.5 172.8 171.3 169.1 166.8 163.4 160.9 161.5 161 160.1 158.3 156.8 155.5 154.3 153.7 153.4 152.3 151.1 151.2 151.1 150.8 150.2 150.1 150 148.9 148.2 147.3 145.3 145.1 144.9 144.4 143.6 143.4 142.9 143
243.6 248.8 258 261.7 260.7 259.3 259.8 262.7 263.8 262.8 260.2 257.5 253.6 249.4 243.3 237.3 231.1 230 228.3 229.7 229.4 228.9 227.8 224.9 225.3 226 225.6 223.5 220.7 216.6 214.9 210 206.2 202.3 195.5 193.9 188.9 183.9 179.1 175.5 171.4 168.8 168.6 168.3 167.5 166.5 164.8 163.4 161.4 158.7 157.9 157.4 156.4 154.7 153.1 151.5 150.6 149.9 149.5 148.5 146.8 148.4 147.7 146.6 145.9 147 147.4 146.9 146.9 146 143.8 143.2 142.9 142.2 142.4 141.9 140.9 141
243.9 237.3 250.1 254 253.6 251.8 257 260 260.5 258.6 255 252.4 248.5 244.3 239.4 233.2 226.5 223.2 222.1 222 221.8 221.2 218.5 216.8 217.2 218.4 218.4 217.2 214.7 211.6 207.5 204.3 201.2 197.4 192.4 188.2 184.1 179.9 176.5 172.8 169.7 168 165.1 164.9 164.7 163.9 162.3 160 158.4 156.8 155.7 154.3 152.6 151 149.4 148 147.4 146.6 145.9 145.5 145.1 145.2 144.3 144.4 144.4 143.6 144.3 145 144.7 143.8 142.4 141.5 140.8 140.1 139.7 139.3 138.2 140.5
242.1 228.1 243.3 246.8 246.7 250 253.8 256.5 256.3 253.2 250.8 245.7 242.1 237.3 233 228.3 223.4 217.5 216 215.6 214.8 213.6 211.8 210 209.6 210.3 210.2 209.6 207.3 204.6 200.8 196.7 193 190.3 186.7 183.4 180.5 176.5 173.1 170.1 167.7 165.6 165 162.4 161.5 161.4 160 157.5 155.7 154.1 153.4 152 150.4 148.7 147.2 145.6 144 143.5 143.2 142.8 143 143.9 144.1 144 144 142.8 142.8 143.5 143.2 142.3 141.2 140.1 139.3 138.5 138.3 137.4 136.2 138
239.3 229.9 236.5 240.2 240.4 247 250.6 252.4 250.6 247.2 243.2 238.9 235.2 231.7 227.8 223.3 218.5 214.8 209.4 209.6 209.7 208.2 206.3 204.3 202.7 202.7 200.8 199.8 198.5 196.5 192.7 189.9 187.9 185.5 183 180 176.9 173.7 170.5 168.2 166.3 164.5 162.9 162.7 159.5 158.4 157.5 155.4 153.4 151.8 150.7 150.1 147.9 146.5 145 143.9 142.4 141.8 140.4 140.2 141.9 143.6 143.8 143.9 143.9 143.3 143.4 143.4 142.7 141.8 140.7 139.6 138.5 137.3 136.8 135.8 134.6 135.1
235.6 228.5 227.8 230.7 239 244.5 245.8 245.7 244.4 239.5 236.6 233.2 229.8 226.2 222.4 217.9 214.4 210.8 207.5 203.7 204.6 203 201 199.1 197.9 195.8 193.6 191.7 190.1 189 188 185.8 183.8 181.5 179.1 176.6 174.1 171.3 168.3 166.9 164.9 162.7 161.1 159.5 157.7 155.4 153.7 152.9 151.2 150.8 150 148.5 147 145.7 145.2 143.2 142.9 142.1 140.9 138.3 141.7 142.7 143.5 143.1 142.5 143.6 144.6 145.1 144.8 143 141.7 140.7 139.4 138.1 136.7 135.4 133.3 133.2
232.8 225.9 220.6 231 235.7 239.3 240.3 239.1 237.6 234.7 231.9 227.8 224.3 220.7 216.2 212.4 209.5 207.1 203.5 198.2 199.1 197.6 196.3 195.2 193.4 191.8 189.9 188 186.6 185.7 183.8 182 180.1 177.6 175.2 173.2 172 169.6 168.4 168.2 167.6 166 164.5 162.6 160.7 159.5 157.9 156.1 153.9 152.5 151.3 149.9 148.2 147.7 147.2 146.7 145.2 143.8 142.1 139.8 138.2 140.1 140.5 140.7 140.4 141.6 142.6 143.6 144.5 144.8 144.2 142.8 141.6 140.6 139.1 137.6 135.3 134.5
230.6 223 215.8 225.3 229.9 231.7 233 233.2 231.6 229.4 225.4 222.6 218.8 214.9 211.6 208.2 205.2 202.8 200 197.6 195.3 194.4 192.7 191.5 190.7 189.7 188 186.9 185.9 184.3 182 180.1 178 175.8 174 173.2 171.8 172.4 172.7 171.4 169.9 167.8 166 164.2 162.5 160.7 158.9 157.7 156.3 155.1 153.6 152.9 151.8 150.6 148.3 146.8 145.1 143.1 141.4 140.3 137.3 135.9 136.9 137.6 138.1 138.7 139.8 141.1 142.2 142.9 143.1 143.2 142.6 141.5 140.1 138.6 137.3 135.8
228 220.7 208.7 218.8 222.5 225 226.5 226.8 226.4 224.3 222.7 218.2 214.4 210.8 207.5 204.6 201.8 199.6 196.6 194.5 193.3 190.6 190.1 189.5 189 188.3 187.3 186.3 184.4 182.8 180.3 178.9 176.9 175.1 176.1 175.6 175.1 175.1 174 172.1 170 168.1 165.9 164.3 162.9 161.7 160.2 159.3 156.8 155.5 154.2 153.8 152.4 149.8 147 145.2 143.2 141.7 139.6 137.8 136.8 133.3 134.7 135.1 136 136.3 137.3 138.7 139.8 140.6 140.9 141.1 141.3 141.1 140.3 139 137.7 136.3
225.9 219.3 212 211.8 215.3 218.7 220.3 221.2 220.7 219.2 216.4 214.4 210.5 207.6 204.1 201 198.3 195.3 192.8 191.2 190.7 189.7 188.7 187.9 187.6 186.9 185.8 184.7 183.2 182.1 179.2 178.6 177.4 176.6 177.6 177.3 176.3 175.2 173.3 171.6 169.7 167.7 165.8 164.6 163.4 162.5 161 159.2 157.4 155.4 153.5 151.8 149.8 147.8 145.4 143.4 141.2 138.7 137.3 135.9 135.1 134.1 132.3 132.6 133.8 134.4 134.9 135.8 136.6 137.8 138.6 139 139.2 139.7 139.7 138.9 138 136.6
223.6 217.9 211.6 200.9 208.8 212 214.4 215.8 216 214.5 213.3 211.6 208.6 204.9 201.1 197.6 194.6 191.8 189 188.3 188 187.8 186.6 186.5 186.1 185.6 184.6 183.8 184.2 184.3 181.9 180.5 180.1 179.3 178.7 177.3 176.1 174.3 172.5 170.8 169.2 167.2 166.5 165.1 163.9 162.5 161 159.3 156.2 153.9 151.6 149.5 147.4 145.4 143.3 141.2 138.9 137 137 135.2 134 133.3 131.7 131 129.9 130.2 131.9 133.3 133.1 133.5 134.8 136.1 137.1 137.4 137.8 137.9 137.3 136
220.5 215.5 210.3 204 201.3 205.4 209.4 211.2 211.1 211.5 210.8 208.6 205.6 202.1 198.3 194 191.4 189 186.2 185.8 185.8 186 185.4 185.3 184.4 184.3 183.9 185.3 185.7 185.4 183.9 182.2 180.7 179.1 177.9 176.6 175 173.2 171.7 170 168.5 167.4 166.5 165.2 163.8 162.4 159.9 157.5 155.2 152.8 149.9 147.3 145.1 142.9 141.2 139.8 139.6 140 139.5 138.3 137.5 136.5 135.5 134.1 131.2 128.7 127.9 130 130.9 130.9 131.5 132.5 133.1 134 134.6 134.6 134.4 133.6
217.2 213 207.8 202 195.6 197.9 203.4 207.7 208.9 209.3 207.8 205.4 202.5 199.2 194.1 191 188.9 187.2 185 184 184.1 184.3 183.7 183.7 184 184.5 185.5 186.4 186.5 185.8 184.3 182.4 180.7 178.6 177 175.4 173.8 172.2 170.7 169.5 168.5 166.8 165.8 164.6 163.2 161.6 159.7 157.2 154.9 152.3 149.7 147.3 143.5 143.5 143 144.4 144 144.3 143.2 142.1 140.5 139.7 138.6 136.4 134.1 133.2 129.2 127.8 126.6 127 128.9 129.6 129 131.4 131.3 131.2 131 130.2
213.5 210.7 206.3 201.4 195.3 190.1 198.3 203.3 204.7 204.9 204.2 201.8 198.6 193.9 190.4 187.8 186.1 184.9 183.8 181.9 182.4 182 182.2 182 184 186.3 188.7 188.9 187.6 185.8 183.9 182 180.3 178.4 176.4 174.8 173.4 171.8 170.2 169.2 168.2 166.6 165.2 163.9 162.6 160.8 159.1 157.2 154.9 152.7 150 145.7 146.3 148.6 146.1 148.2 147.9 147.7 146.6 145.5 143.9 142.8 141.6 137.5 136.2 135.8 133.1 131.2 128.2 126.3 125.3 125.2 126 127.8 128.1 128 127.7 126.9
210.5 206.8 204.8 201.1 195.3 187.6 191.1 196.8 199.4 200 198.1 195.7 192.3 189.4 186.5 183.9 182.8 182.4 181.6 180.2 180.3 180.6 179.8 182.6 185.2 188.3 189.8 189.2 187.4 185.4 183.5 181.6 180.2 178.5 176.6 174.7 173.3 172.1 170.3 168.9 167.4 165.9 164.3 163.3 161.8 160.1 158.4 156.8 154.9 152.5 149.4 145.8 151.3 151.7 149 152.3 151.8 151.2 149.9 148.6 147.2 146.9 143.5 141.1 141.3 139.5 136.9 134.4 132 130 125.2 124.1 122.8 121.8 122.7 123.2 124.6 124.5
206.1 204.2 202.4 199.4 195.1 189.7 184.5 190.8 192.9 192.3 190.6 188.8 186.2 183 180.5 179.1 177.8 177.7 178.4 177.9 178.6 180.3 183.5 185.7 187.4 188.8 189.5 189.2 187.6 185.5 183.6 182.2 181 179.4 177.6 175.4 173.5 172 170.3 168.8 167.1 165.2 163.5 161.7 160.6 159.2 157.1 154.6 151.7 149 147.1 148 153.3 152.8 152.3 154.6 154.6 154.3 153.8 152.4 150.7 149.7 145.4 146.6 146.1 144.2 141.8 139.1 137 133.8 131.4 128.9 125.6 122.1 121.3 119.6 118.7 118.1
202.1 200.3 199.1 197 193.8 189.7 183.3 182.9 184.1 184 182.7 181.3 179.7 177.3 175 174.4 174.3 175 175.3 177.1 178.9 180.9 183.1 185.4 188 189.7 190.8 190.8 189.2 186.8 184.4 183.1 181.7 179.8 178.2 176.3 174.6 172 170.3 168.7 166.7 165 163.2 160.4 157.9 155.9 153.6 151.3 152.3 152.6 149.4 152.9 154.1 154.3 156 157.5 158 158 158.1 157.4 155.3 154.1 150.5 153.6 153.3 152.6 150.4 148.8 145.5 141.1 137.3 133.8 131.3 128.8 126.6 125.2 126.1 125.1
198 197.1 196 194 192.3 189.5 185.1 177.8 179 178.4 176.7 174.9 174.4 173 170.4 174.3 176.1 178.7 178.7 178.1 178.4 180 181.1 183.7 187.1 189.4 191.4 191.6 191 188.8 186.6 183.8 181.9 179.8 177.8 175.6 173.8 171.9 170.4 168.2 165.8 164.3 162.9 160.4 161.3 160.6 159.2 158.3 156.7 154.3 154.3 156.8 157.2 158.1 158.1 160.4 161 162.2 162.1 161.4 159.9 158.5 155.5 158.7 160.5 159.9 158.6 156.8 152.5 148.1 144.4 141.1 137.5 134.1 130.7 133.3 133.9 133
192.6 193.5 193.1 191.7 189.4 186.8 183.3 179.1 175.4 175.6 174.8 172.9 172.8 171.7 172.9 173.8 175.3 176.7 178.3 178.2 178.1 178.4 179.1 180.9 184.3 187.8 190.1 191.1 191.6 190.4 188.3 185.8 183.3 180.7 178.3 175.6 173.2 170.8 169.1 167.7 166.9 166.2 164.8 163.1 163.5 162.1 160.9 160.2 158.4 155.5 157.4 160 160.7 160.7 159.1 162.1 163.8 165.4 165.5 164.8 163.3 161.2 159.4 162.2 164.4 165.2 163.9 161.9 158.7 154.3 150.4 146.6 143 139.4 129.1 140.1 140.9 139.6
189.1 189.1 189 187.2 184.7 182.9 180.9 178.3 174.2 173.5 173 172.2 171.2 171.8 166.5 170.5 172.5 173 174 175.3 175.9 176.1 176.6 178.2 181.2 184.9 188.8 190.5 191.4 191.1 189.4 187 184.2 181.1 178.5 175.7 173.7 172.1 170.8 169.5 168.7 167.7 165.3 165.3 165.1 163.7 162.2 161 158.5 157 159.6 161.2 162.5 163.2 161.9 162.4 164 165.8 166.3 166.3 165.6 164 163.6 164.4 166.1 166.9 165.7 163.9 161.5 158.9 154.9 151 147 143.1 142.3 144.9 145 143.2
190.2 186.6 184 183.1 181.8 180 177.4 175.2 174 170.3 171 170.7 169.9 169.8 167.4 165.9 168.3 169.5 170.1 171 172.8 173.7 175 177.2 180 183.9 188.3 190.6 191.4 191.2 190 187.9 185.2 182.1 179.3 177 175.3 174.1 172.4 171.2 170.2 168.5 166.8 167.4 166.7 165.2 163.6 161.5 158.6 159.6 162.1 163.5 164 164.6 166.4 163.8 164.6 166.3 167.5 168.3 169 168.3 168.4 168.5 168.2 169.2 167.6 165.5 163.2 160.7 157.3 153 148.8 144.6 146.6 147.9 147.3 145.1
190.7 187.6 184 180.5 179.4 176.5 175.1 172.8 171.2 169.7 168 168.4 167 166.9 166.8 163.7 164.6 165.9 166.8 168.6 170.4 172.3 174.2 176.7 179.8 183.9 187.4 190.3 191.4 191.5 190.5 188.8 186.7 184 181.5 179.3 177.5 176.2 174 172.4 170.9 168.8 169.1 169 168.1 166.6 164.8 163 159.4 162.9 165.7 167.3 166.7 166.7 167.1 168.5 167.9 167.7 169.5 170.9 172.4 172.2 173 173.3 172.8 172.1 170.4 167.6 164.9 162 158 153.6 150.1 147.8 150.6 151.2 149.5 147
190.2 187.2 184.8 181.9 180.7 180 178.4 176.3 174.4 172.5 168.5 166.7 165.1 164.3 164.8 162.5 161.4 162.4 163.7 166.5 168.9 171 173.3 175.8 179.3 183 186.4 189.2 190.8 192 191.1 189.9 187.9 185.3 182.9 180.7 178.9 177.1 175 173.5 171.7 170.4 170.6 170.5 169.3 167.5 165.3 163.4 163.6 165 167 168.7 169.9 169.3 168.9 168.6 170.7 169.2 171.6 173.9 175.2 175.5 176.9 177.6 176.8 175.8 173.2 170.3 167.5 164.2 160.6 157.1 154.4 154.2 154.5 154.6 152.5 149.5
188.1 186.6 185.6 184.7 183.7 182.2 180.9 179.9 178.5 177 174.7 170.7 166.8 163.9 161.4 161.1 159.4 159.7 161.2 163.8 166.8 169.6 172.2 174.8 178 181.3 184.6 187.8 190.4 191.8 191.6 190.7 188.4 186.1 184 181.8 179.6 177.8 176 174.5 173.2 172.4 172.4 171.6 170.2 168.7 166.3 166.4 166.7 167.8 169.5 171.3 172 173.4 169.7 175 173.7 172.5 172.7 176.4 178.5 179.4 179.9 180.9 180.3 179.5 176.9 173.6 170.5 167.3 163.8 161.1 158.8 159 158.8 157.9 155.7 152.6
191.1 188.6 187.2 186.3 185.4 184.4 183.2 182 181 179.5 177.2 173.7 170.3 166.8 164.1 162.2 159.1 158.2 158.2 160.6 164.4 167.5 171 173.6 176.7 179.9 183.2 185.9 188.8 190.8 192.1 191.5 189.2 186.9 184.9 182.8 180.6 178.5 177 175.8 174.7 174.3 173.7 172.8 171.5 169.6 169 170 171 172.3 174.7 175.9 175.6 177.4 178.9 179.3 178.2 176.3 175 180.3 181.4 183.9 184.2 185.3 185.1 184.4 181.1 177.4 174.3 171.3 168.2 165.2 163.7 163.6 163.8 162.6 160.7 156.9
194 191.1 189.1 187.6 186.8 186.1 184.7 183.6 182.6 181.3 179.1 175.7 172.3 168.8 166 164.6 161.1 157.1 156.6 157.8 161.9 165.6 169.6 172.4 175.5 178.7 182.1 184.4 187.1 189.8 191.5 191.4 190.4 188.5 186.1 183.7 181.2 179.4 178.2 177.2 176.7 176.1 175.2 174 172.9 172.3 173.6 176.1 177.6 178.3 179.7 180.4 180.9 181.9 182.6 183 182.3 180.5 180.5 181.5 184.7 186.8 188.5 189.5 189.8 189.1 187.2 183.6 180 176.5 173.6 171 169 168.7 168.3 167.6 166.1 162.3
198.6 195.5 192.7 190.3 188.7 187.9 186.4 184.2 183.1 181.9 179.9 177.1 173.4 170.1 166.9 165.2 162.6 159.2 155.1 156.2 159.2 163.4 167.3 171.1 174.5 177.5 180.5 183.8 186.8 188.6 189.6 190.1 189.5 188.3 186 183.7 181.6 180.1 179.3 178.4 178.4 178.1 177.1 176.1 175.8 176.9 178.5 180.5 181.8 182.8 183.5 184.2 185 185.3 186.3 186.8 186.5 187.2 187.7 189.8 191.8 192.9 193.7 194.6 194.4 193.5 193.1 190.9 187.6 184.1 181.5 179.7 177.1 175.5 174.5 174.1 174 168.4
201.8 199.5 195.9 193.4 191.5 189.7 187.6 185.2 183.6 182 179.9 177.3 174.2 170.9 167.4 164.7 162.3 159.4 155.6 155.6 157.3 161.6 166.4 171 174.6 178.3 182.1 185.1 186.5 187.6 188.4 188.7 188.5 187.5 185.5 183.9 182.4 181.1 180.2 179.8 179.8 179.9 179.7 179.1 179.9 180.7 182.3 184.2 185.4 186.5 187.3 188.3 189.3 189.6 191.9 193.2 193.6 193.7 194.3 195.5 197.2 198.9 201.3 202.9 203.2 202.7 201.6 200 196.8 193.7 191.5 189.6 186.2 182.9 181.6 180.7 177.7 173.9
