Game/Highland_Data/StreamingAssets/GeoData/Data/no/NO99.asc
ncols 200
nrows 200
xllcorner 390000
yllcorner 790000
cellsize 50
[rows 38 to 75 of 200, columns 0 to 84 of 200]
133.4 130.5 129.3 128.5 128.3 128.9 128.7 129.1 128.2 128 124.7 123.7 121.6 119.3 119.2 118.9 118.3 117.7 116.4 115.1 115.6 115.6 115.3 114.2 113.2 108.8 109.1 107.5 105.2 104.9 101.5 101.3 99.7 97.6 96.3 94.3 92.5 91.3 91 89.1 89.1 88.7 88.3 87.8 87.4 87.4 86.8 83.9 85 85.7 85.2 85.6 86.8 86.7 84.4 84.6 83.6 82.5 82.3 83.2 82.3 82.3 82.6 84.8 86.9 88.4 89.7 90.6 91.5 91.2 91.5 90.5 89.3 88.5 87.7 86 84.8 84 82.7 81.3 78.3 72.5 68.7 67.3 30.6
133.6 131.2 128.6 126.9 126.3 127.9 127.8 127.4 127.1 128.4 124.9 121.5 119.9 119.1 118.3 117.8 117.7 116.6 115.7 115.4 115.5 115.5 115.1 114.6 114.1 110.5 110.8 107.4 106.5 105.5 103.6 103.6 100.5 99.3 96.7 95.1 93.3 92 91.4 89.8 89.1 88.7 88.3 88.2 87.7 87.1 86.7 87.1 85.2 85.3 85.8 85.9 86.7 86.7 85.2 83 82.4 82.1 82.8 79.2 81.9 82.9 84.5 86.4 87.9 89.6 91.3 92.7 93.8 92.4 91.2 90.5 89.6 88.8 87.7 86.3 85.3 84 82.6 80.7 76.5 71.6 70 66.5 62.8
132.1 130.7 128.7 126.2 123.2 123.2 121.8 121.5 125.2 124.6 126.2 121.3 119.7 117 116.5 116.1 116.3 115.9 115.3 115.4 115.8 115.4 113.5 112.3 113.6 110.6 110.5 107.2 108.2 107.3 105.6 102.6 101.2 98.8 97.1 95.4 93.7 92.7 91.8 90.6 89.5 89.1 88.5 88.1 87.3 86.8 87 86.6 85.1 85.4 85.7 85.3 84.1 84.4 84.1 83.1 83.1 82.1 82.8 83.4 83.7 84.7 85.9 87.1 88.6 91.7 93.3 95.3 94.4 92.7 91.3 90.4 89.8 89 87.9 87.1 85.9 84.2 82.8 80.5 76.5 72 70 64.9 60.1
130.4 129.2 127.4 125.3 123.3 121.9 119.3 120 119.9 119.1 118.2 116.6 117.6 116.4 115.5 115.9 115.7 115.3 115.1 114.3 114 113.4 113.5 113.1 111.5 111.1 110.3 107.9 109.9 107.2 105.3 103.2 101 98.8 97.4 96 93.5 93.5 91.4 90 89.7 89.3 88.3 87.9 86.9 85.7 86 85.1 84.2 84.1 85.2 83.5 82.9 83.2 82.4 82.1 79.6 81.8 79.7 84.6 85.3 84.7 86.4 88 92.1 93.6 94.2 94.7 93.8 92.4 91.2 90.7 90 88.9 87.7 86.6 86.2 84.5 82.4 79.8 76.5 71.9 68.5 60.6 58
128.4 128.7 126.2 123.2 121.8 118.8 118.2 116.8 115.3 115 116.8 116.2 115.4 115.6 114.5 112.8 112 114.1 113.8 113.5 113.3 113.7 113.6 112.7 111.2 111.7 110.3 108.9 107.8 107.4 105.1 102.4 100.4 98.7 97.1 95.1 93 93.9 92.1 90.4 89.3 89 88.4 87.6 86.5 84.8 84.8 83.6 82 83.5 84.7 82.2 82.2 83.1 81 78.4 79.8 80.3 83.4 84.9 84.7 84.5 86.9 91.5 96.1 94.3 94.1 92.9 92.9 91.6 90.8 90 88.9 88.6 87.3 85.7 85 84.1 81 77.9 75.1 73.1 63.9 63.3 59
111 110.6 110 120.3 120.4 116.4 112.8 114.2 112.6 113 110.7 110.5 111.9 110.7 111 110.3 110.5 110.6 110.7 111.3 112.6 114.6 113.5 112.6 113.4 112.5 111.2 109.8 108.2 106.7 105.7 103.4 99.6 97.4 94.6 94 92.5 91.6 90.4 89.7 89.3 88.4 87.1 86.9 86.4 83.5 82.8 81.3 81.7 80.6 80.7 81.5 81.2 80.3 78.2 79 79.4 78.1 80.7 81.8 82.1 84.7 87.9 94.9 93.3 93.3 92.7 91.7 91.7 91.1 90.2 88.5 87.1 87.3 86.7 84.8 83.2 82.4 80.4 79.6 77.6 72.4 65.4 64.8 58.9
109.8 109.4 109.5 111.2 110.9 111.4 111.7 111.9 110.7 109.6 108.8 107.4 107.2 107.6 106.4 106.4 107.9 108.5 110.7 111.3 111.4 115.3 115.9 115.4 114.4 113.4 111.5 110.2 108.3 106.5 105.6 103.3 101.7 97.2 96.6 95 92.9 90.8 89.1 88.3 87.4 86.6 85.9 86.4 82.5 81.5 82.1 79.8 77.5 78.9 79.2 78.9 78.4 77.1 76.5 78.4 78.8 76.8 77.1 78.4 80.4 84 87.7 90.9 90.6 91.1 90.1 89.9 90.5 91 89.7 87.1 85.8 85.3 85.2 83.5 82.7 81.9 81.4 80.6 76.9 69.7 66.4 64.8 60.8
109.8 108.7 108.8 109.1 110.1 110.3 109 109.1 109.4 108.3 107.9 106.2 105.7 104.9 103.2 105.2 105.7 108.3 108.2 108.7 111.3 114.6 116.1 116.3 114.9 112.9 109.7 107.6 106.1 104.3 102.8 102.2 99.3 95.3 94.4 93 90.4 90 85.4 85.7 85.2 84.7 83.9 82.1 80.6 79.7 78.2 77.2 77 76.8 75.9 75.1 74.3 73.9 75.4 77.4 75.6 74.6 76.4 78 80.6 82.9 85.6 87 87.4 88.1 87.3 88.4 89.4 89.4 88.9 86.4 85.5 84.2 83.9 83 82.2 81.9 82.1 80.6 74.6 68.4 67.4 63.9 60.3
109.6 109 107.9 108.4 107.6 107 107.2 106.5 106.6 105.1 104.9 102.2 102.3 103 102.9 103.3 103.5 105.2 105.6 105.9 105.9 111.8 113.8 113.6 111.5 108.8 106.4 104 102.1 101.6 101.2 100.6 98.3 92.6 91.7 90.8 84.7 86.4 83.8 83.5 84 83.1 80.1 79.3 78.3 77 74 74.3 73.8 73.2 74.7 74.2 72.6 71.1 73.5 76 74.4 72.4 75.2 76.6 78.7 80 82.5 84 84.8 85.3 86 87.4 87.9 87.4 86.9 86 84.5 83.4 82.8 82.2 82.1 82.4 81.9 77.6 69.4 69.1 67.6 63.5 59.3
109.9 109.3 106.9 107.2 106.5 106.2 105.1 104.6 104.4 103.8 102.5 102.3 102.5 101.8 100.6 100.5 100.6 101.1 103.6 103.1 102.3 105.1 110.8 109.1 107 105 103.2 100.7 99.6 99.1 100.2 100.7 93.1 91.1 87 88.3 81.8 83.3 81.3 81.3 81.5 81.3 79.3 76.9 76.7 72 71.7 72.2 71 71.6 72.6 72.6 70.6 68.7 71.8 73.7 71.8 71.6 72.8 76.2 76.7 77.8 80.6 82.1 83.4 84.1 85.3 86.7 87.3 87.3 86.9 85.7 83.8 82.9 82.7 81.7 80.6 81.8 76.8 71.7 68.9 67.7 66.1 61.4 57.8
109.7 107 106.4 106.7 105.8 105.4 105 104.4 104.3 102.7 101.1 101 100.8 100.9 100.4 100.3 100.4 101 100.8 101 100.6 100.6 101.2 102.9 102.6 101.5 99.8 98.2 97.2 95.2 94.8 93.1 96.1 89.1 84.9 82.9 81.2 79.9 79.7 79.3 78.2 78.8 77.2 76.5 71 70.2 70.8 70.4 70.5 69.7 70.2 70.7 69.4 66.6 67.8 69.9 69.4 69.3 70.9 73.9 73.3 75.4 79.3 81.5 82.2 83.5 84.8 86.6 87.4 86.9 86.4 84.8 83.7 82.9 81.7 80.9 77.1 75.7 72.8 68.2 67.8 68 64.5 61 58.4
110.6 106.6 107.5 106.6 105.7 104.7 104.4 101.1 100.6 99.7 99.5 99.5 99.3 99.4 99.7 98.7 98.9 99.7 99.4 99.2 98.3 99.3 101.1 100.2 98.7 98.4 97.6 93.3 92.2 90.2 89.6 88.7 87.5 85.9 84.5 81 78.6 75.7 77.6 77.7 77.9 78.2 76.3 71.7 70.5 69.9 69.2 69.4 69.2 68.9 68.2 66.6 66.4 65.3 72.4 67 66.4 67.5 68.9 69.9 71.4 74.4 77.9 80.4 81.9 82.3 83.9 85.1 85.5 85.2 83.4 83.4 82.8 81.3 79.2 77.5 72.1 70.9 68.9 67.4 66.5 64.7 61.9 59.3 55.5
109.6 109.6 105.7 106.2 105.3 104.6 103.6 100.6 100.2 99.7 99.7 99.3 98.5 98 97.7 97.7 97.9 98.2 98.2 97.8 97.6 97.3 96.6 96.5 95 94.7 90.9 89.4 87.2 86.5 85.8 85 83.7 81.8 80.5 79.1 77.7 77 73 77.9 76.1 76.1 72.9 71.2 69.6 69.5 69.3 69.1 68.4 67.6 66.6 64.6 64.1 64.2 64.3 64.9 64.7 65.6 66.9 67.4 70.8 74 76.3 78 78.4 80.4 81.8 83.2 81 82.2 80.7 80.8 79.3 77.2 72.3 70 69.5 69.3 67.8 66.4 65 63.1 60.4 58.8 57.2
109.8 109.7 105.4 105.2 105 104.4 102.8 101.4 99.8 99.5 99.9 99.3 98.3 97.6 97.5 97.5 97.5 97.6 97.4 97.1 97 96.2 95.4 94.2 92.8 90.7 89 87.4 85.6 83.4 82.3 81.5 80.8 79.6 79.3 78.3 77.3 76.6 75.6 71.5 75.5 72.9 70.5 69.6 69.7 69.3 69 68.6 67.3 65.7 64.8 63.4 63 71.7 62.6 63 63.7 64.7 66.4 67.7 70.7 72.7 74.1 74.4 75.1 75.4 77.3 77.2 76.4 76.1 79.7 77.8 74.6 71.3 68.2 66.9 65.7 65 65.6 64.6 62.7 61.3 60.8 59.2 56.5
107.8 107.9 105.7 104.6 104.7 103.3 103.1 100.4 99.8 99.2 99.1 97.9 97.8 97.5 97.6 97.1 97.3 97.2 97.2 97 96.5 95.5 95.1 90.9 89.8 88.1 86.8 85.6 83.7 82.3 80.1 78.7 78.3 77.5 76.9 76.3 76.2 75.5 75.9 75.3 72 71.2 69.5 69.8 69.4 68.8 68.3 68.5 64.9 64.1 63.1 61.8 61.6 61.5 61.3 60.6 60.5 62.2 64.2 66.5 70.4 70.1 70.1 69.3 70 70.8 70.8 70.8 73.7 73.8 72.6 71 69.8 67 65.6 65.9 65.9 65 63.3 63.3 62.3 61.6 59.4 57.3 54.1
108.6 110.8 110.4 109.3 106.3 102.6 103.1 100.8 99.9 100 99.4 98.8 97.6 97.4 97.2 97.9 97.3 96.8 96.2 95.6 95.7 95.1 91.2 89.3 87.9 86 84.7 82.2 81.7 81.7 80.3 79.1 78 76.8 77 75.5 75.3 74.7 75.1 72.2 71.3 71.2 70 69.2 68.7 67.3 66.1 65.6 64 62.8 61.8 61.8 70.7 61.6 60.7 58.2 59.6 60.3 61.5 63.3 64.7 64.8 63.8 63.4 64.7 63.3 63.1 62.2 62.2 63.3 63.8 64.2 63.5 62.6 63.1 64.5 63.5 61.2 59.6 57.2 58.7 57.7 53.8 49.4 42.1
111.7 113.6 113.2 113.5 103.9 103.6 102.7 101 101 100.6 99.9 99.2 97.5 97.3 97.1 97 97.1 95.3 94.9 94.6 93.5 93.3 89.3 88.1 86.4 86.1 84.5 83.7 83.1 81 80.2 79.5 79.3 77.4 76.1 75.2 74.8 74.4 73.3 72.1 71.4 70.9 70.9 70.1 67 66 64.5 63.8 63.4 61.9 61 61.5 61.7 61.1 59.6 57.1 56.5 57.2 58.4 59.3 60.4 60.2 59.2 58.2 57.8 57.5 57.1 56.4 57.1 57.1 57.4 57.8 57.6 58.3 59.4 60.4 58.5 56.4 54.5 53.5 52.7 47 40.8 36.2 -1.7
114.5 116.7 115.2 116.3 108.5 106.8 104.9 102.7 101.3 101 100.1 99.3 98.7 98.1 95 94.5 95.1 93.6 94 93.4 92.7 93.5 88.1 86.1 86.3 86.9 85.7 85.2 83.6 83 81.5 80.8 79.1 77.3 76.7 75.5 75.2 73 72.3 70.9 70 70.4 69.3 67.1 66.4 65.2 63.6 62.8 61.1 60.8 60.9 69.3 61.1 60.2 59.2 57.3 54.7 53 54.4 55.3 55.8 55.5 54.7 53.6 53.4 53.1 53 52.8 52.5 52.2 52.3 52.5 52.8 53.3 54.5 54.3 47.2 27.7 29.3 43.3 43.2 35.9 -1.7 -1.7 -1.7
122.8 119.4 118.2 116.4 111.2 109.8 107.2 102.9 102 101 100 99.1 98.7 96.4 95.3 94.7 94.6 93.2 92.4 91.7 91.7 89.8 88.5 88 86.7 87 86.4 86.4 85.7 83.8 82.4 80.7 79.7 78.4 76.5 75.6 73.1 72.8 71.4 70.4 70.6 69 67.9 66.8 63.3 63.7 63.2 62.8 61.1 60.7 60.9 60.7 60.1 58.7 56.7 55.5 53.3 49 49.9 50.8 51.1 50.3 49.8 47.6 47.5 49.1 49.2 49 48.6 48.1 47.3 47.5 47.8 47.5 47.5 47.4 45 5.6 -1.7 29 19.9 15.1 -1.7 -1.7 -1.7
127.6 125.8 122.1 118.3 115.9 110.8 108.7 106.2 108.1 102.3 100.3 98.9 97.4 95.3 94.2 94.5 94.3 92.7 92.4 91.5 91.6 90.3 89.9 89.5 89 86.8 86.5 85.8 84.7 83.8 81.9 81.2 79.2 77.7 76.5 73.3 72.4 72.3 71.2 70.6 69.6 67.1 66 65 63.4 61.5 61.4 61.1 59.6 59.8 67.9 60.2 58.8 57.8 54.5 51.7 49.6 47.1 46 43.7 45.4 46.5 48.7 48.3 43 43.5 45.8 45.7 45 43.8 42.6 42.3 42.2 41.3 40.8 39 37 33.8 -1.7 -1.7 4.9 -1.7 -1.7 -1.7 -1.7
131.1 129.5 126.3 123 117.5 113.3 109.2 107.2 105 102.6 100.6 98.6 97.1 95.5 95.1 94.9 94.1 92.1 93 92.2 92.2 92.1 91.6 91.9 91.5 90.2 87.2 86.6 83.7 82 81.7 80.1 78.7 77.9 74.8 73.4 72.5 72.3 72.5 68.8 68.1 67.3 65.8 64.4 63.1 61.4 60.6 60 59.5 59.5 61.9 58.2 56.5 54.5 52.9 48.6 45.5 43.3 41.4 40.7 43.8 47.4 47.8 47.1 46 42.6 40.5 41.9 41 39.8 39 38.1 37.6 35.7 34.7 33.8 22.9 -1.7 -1.7 -1.7 -1.7 -1.7 -1.7 -1.7 -1.7
132.2 130.8 128.6 125.2 121.1 115.6 110 106.7 105.2 102.2 100.3 98.4 96.7 95.7 94.6 94.8 93.8 92.9 93.4 93.3 93.8 94 93.3 93.1 92.1 90.9 89 86.9 86.5 81.2 83 78.4 76.1 74.4 73.5 73.2 72.7 71.8 71.9 70 67.8 66.4 65.3 64.4 62.9 62.4 61 59.4 58.4 66.3 56.2 57.1 52.5 49.1 48.7 44.9 43 41 37 35.4 40.2 43.9 45.4 42.2 41 38.2 34.5 35.5 37.1 36.3 35.9 35.2 34.3 32.4 30.7 23.9 -1.7 -1.7 -1.7 -1.7 -1.7 -1.7 -1.7 -1.7 -1.7
130.6 130 128.7 126.7 123.5 117 110.1 106.6 104 101.2 99 96.9 95.8 95.3 95 94.5 93.5 93.1 93.9 94.5 94.2 93.7 92.2 91.1 91.1 90.6 89.1 87.3 88.1 83.3 79.5 75.1 75 74.7 73.7 72.7 72.7 71.8 71.4 71.3 69 68.6 66.3 65.5 65.3 64.2 63.7 60.4 60.8 62.2 55.9 55.5 54.8 51.3 47.7 46.4 44.8 48.3 49.5 45.4 32.7 30.8 29.2 26.8 25.3 26.8 26.3 26.5 27.8 31.1 32 32.2 31.6 24.9 2.1 -1.7 -1.7 -1.7 -1.7 -1.7 -1.7 -1.7 -1.7 -1.7 -1.7
126.2 126 124.5 119.9 115.8 112.1 108.4 105 102.5 99.6 96.9 95.6 94.6 93.8 93 92.8 93 93.7 92.6 93.1 92.9 92.7 90.9 89.1 87.9 87.5 86.7 83.3 80.6 80.1 74.6 75.3 75.2 74.7 73.6 73.3 73.5 73.5 72.8 72.8 72.5 71 67.8 68 68.8 69.3 66.7 66.9 66.2 60.6 59 59.2 58.5 56.4 55.3 53.8 53 51.7 51.6 49.3 48.4 48.8 48.4 46.7 37.6 33.4 32.4 27 17.3 22 26.5 27.6 29.9 22.1 9.4 -1.7 -1.7 -1.7 -1.7 -1.7 -1.7 -1.7 -1.7 -1.7 -1.7
116.8 116 113.9 111.3 111.2 108.4 105.7 103.8 101 98 95.9 94 92.9 91.7 91.2 90.9 90.5 90.3 90.5 90.9 90.7 89.5 87.8 86.3 85.2 83.9 81.7 81.4 80.1 82 77.4 75.5 75.1 74.9 75.1 75.3 75.2 74.7 73.4 72.9 72 71.3 70.7 70.1 70.9 69.9 68.9 67.7 65.2 63.2 62.4 60.5 59.6 58.5 57.5 55.8 54.9 54.9 56.5 53.8 52.4 51.7 50.2 47.9 45.7 43.4 40.7 37.4 34.4 17 20.6 13.3 28.3 20.1 -1.7 -1.7 -1.7 -1.7 -1.7 -1.7 -1.7 -1.7 -1.7 -1.7 -1.7
112.4 110.2 108.9 107.6 106.8 105.1 102.9 100.1 98.9 96.5 94.6 92.8 91.5 90.3 89.2 88.7 88.2 87.8 87.8 88.1 87.9 86.7 85.4 83.5 85 81.4 79.9 79.5 79.3 80.2 80 75.4 75.6 76 75.8 77.8 76.9 75.7 73.8 73 72.6 71.6 71.4 71.5 71.7 71.4 71.3 68.8 66.5 65.4 64.1 63.3 62.4 60.7 59.1 57.7 57.2 57.7 57.8 55.7 53.9 52.8 50.5 47.4 45.2 42.1 39.5 36.7 34 27.9 22.9 11.9 21.6 16.2 -1.7 -1.7 -1.7 -1.7 -1.7 -1.7 -1.7 -1.7 -1.7 -1.7 -1.7
110.6 107.8 105.9 104.3 103.2 101.6 101 99.5 97.9 95.8 93.9 92.2 90.4 89.4 88.1 87.1 86.3 85.7 85.4 85.8 85.7 84.6 83.4 84.9 81.6 77.5 77.1 77 76.6 79.1 77.7 76.6 76.9 77.5 78.4 78.3 77.5 76 74.8 73.9 72.4 72.4 72.3 71.4 71.8 71.6 71.5 69.2 68.6 67.2 66.4 66 65.3 63.6 62.1 60.3 60.3 59.8 58.9 56.3 55.2 53.7 50.4 47.3 44.3 41.8 38.8 36.1 33.4 29.7 26.3 23.1 -1.7 -1.7 -1.7 -1.7 -1.7 -1.7 -1.7 -1.7 -1.7 -1.7 -1.7 -1.7 -1.7
109.2 107.1 105.3 103.5 101.4 100.2 99.9 98.4 96.8 95.4 93.6 91.9 90.2 88.5 87.3 86.3 85.1 84.1 83.6 83.2 83 82.1 82.9 81 77.4 77.8 77.1 76.4 75.7 75.4 76.4 76.3 76.9 77.9 79.2 78.3 77 76.2 75.7 75.1 73.5 73 71.9 71.8 71.9 72.4 70.7 70.8 71 70.1 69.2 68.3 67.7 66.4 65.4 63.4 61 62.7 60.7 58.8 56.5 54.6 51.1 47.4 44.3 41.3 38.4 34.6 31.7 28.7 20 8.2 -1.7 -1.7 -1.7 -1.5 -1.7 -1.7 -1.7 -1.7 -1.7 -1.7 -1.7 -1.7 -1.7
108.3 106.4 104.6 103.2 102 100.8 99.2 98.1 97 95.7 93.6 92 90.5 89 87.5 86.1 84.6 83.3 82.9 82 81.8 84.5 80 77 77.4 77.3 76.8 76.2 75.6 75.6 75.4 75.8 77 78.5 79.1 77.6 77.1 77.1 75.8 74.7 73.3 72.9 72 71.9 74 73.3 69.9 71.5 72.5 72.7 71.5 71.5 70.9 69.9 69.1 67.7 65.8 63.6 61.8 59 57 55 51.4 47.9 44.5 42.2 38.6 33.8 30.8 29.5 16.4 4.4 -1.7 -1.7 -1.7 -1.7 -1.7 -1.7 -1.7 -1.7 -1.7 -1.7 -1.7 -1.7 -1.7
108.7 107.8 106 104.5 103.2 101.6 99.5 97.8 96.7 95.2 93.2 91.2 89.3 88.3 86.5 85 84 82.6 81.3 80.1 86.7 79.3 76.5 76.7 76.7 76.6 76.1 75.6 75.6 75.5 75 75.2 76.1 77.5 77.8 77.2 77 76.1 75 73.5 72.7 73.1 72.9 73.2 75.6 75.6 75.5 78.4 80.3 76.8 77.4 77.9 76.8 74.8 72.8 71.1 68.8 65.2 62.5 59.4 56.6 54.3 50.6 46.9 43.7 41.4 38.4 34.9 31.7 29.5 21.4 7.3 23.8 -1.7 -1.7 -1.7 -1.7 -1.7 -1.7 -1.7 -1.7 -1.7 -1.7 -1.7 -1.7
111.5 110.4 108.6 106.4 104.3 102.2 100.1 98.1 96.4 94.6 92.6 90.5 88.4 86.2 84.6 83.1 81.8 80.8 78.9 77.3 78.3 76.1 76.4 75.1 75.6 75.6 75.6 75.1 75.2 75.2 74.9 75.2 75.3 76.5 77.4 76.8 75.7 74.4 73 73 72.7 73.6 74.2 75.2 76.7 70.4 81.7 84.4 84.4 81.7 83.3 82 79.8 77.3 75.4 74 70.6 66.5 63 59.9 57.4 54.4 50.6 46.3 43.2 41.4 39.2 35.4 31.5 28.6 26.5 23.9 19.7 0.2 -1.7 -1.7 -1.7 -1.7 -1.7 -1.7 -1.7 -1.7 -1.7 -1.7 -1.7
114.3 112.3 110.2 108.2 105.2 102.7 100.5 98.3 96.1 94 92 90 87.6 85.9 84 81.6 79.7 78.8 77.9 79 77.4 76.5 75.3 74.9 74.5 75 74.7 74.7 74.7 75.1 74.8 75.3 75.4 75.8 75.6 75.3 74.5 73.1 73.4 72.9 73.7 74.9 75.2 76.2 77.2 78 82.9 84.9 86.1 85.4 86.7 84.6 81.4 79.1 77 74.5 70.5 66.9 63.2 59.9 57.2 53.5 49.9 47.1 43.8 42.2 40.3 36.7 32.9 30.2 28.2 24.3 21 11.9 -1.7 -1.7 -1.7 -1.7 -1.7 -1.7 -1.7 -1.7 -1.7 -1.7 -1.7
117.6 113.3 110.9 108.9 105.2 102.4 99.8 97.1 94.9 92.9 91.4 89.3 86.8 85.2 82.8 80.5 78.3 77.3 77.8 77.8 75.5 75.5 74.9 75 75 74.3 74.1 74.4 74.5 74.6 74.8 75.2 75.6 76 75.3 75.2 74.6 73.8 74.2 74.4 75.1 76.3 76.4 76.5 71 81.3 84.9 87.6 87.4 86.8 87.9 86.1 82.9 80.2 77.8 74.5 69.9 66.4 62.5 58.7 55.6 52.9 50.1 47.2 44.2 42.3 40.9 39 33.9 31.8 28.8 24.7 18.8 10.1 -1.7 -1.7 -1.7 -1.7 -1.7 -1.7 -1.7 -1.7 -1.7 -1.7 -1.7
114.4 112.5 110.2 107.6 104.5 101.3 98.4 95.7 93.5 91.3 89.4 87.6 85.9 84 81.5 79.3 77.1 76.2 76.6 77 75.5 74.4 74.1 73.8 74.1 74 73.8 73.8 74.3 74.7 75.4 75.3 76.4 76 75.3 75 75.5 75.1 75.3 76.7 77.7 78.3 78.4 78.4 81 83.7 86.9 88.6 87.7 87.7 89.3 87.6 84.7 81.1 78.8 75.3 70.6 65.7 61.6 57.6 54.8 52.6 50 47.7 45 42.7 40.8 37 34.1 31.3 28.2 21.5 14.4 8.2 -1.7 -1.7 -1.7 -1.7 -1.7 -1.7 -1.7 -1.7 -1.7 -1.7 -1.7
110.6 107.8 106.9 106.4 103.7 100.9 98.5 95.8 92.3 90.1 87.9 86.3 84.8 81.8 80.1 78.4 76.7 75.5 76.5 74.5 74.5 73.3 73.3 73.4 73.6 73.7 73.3 74 74.4 75.4 75.8 76.8 76.8 76.1 76.4 76.6 77.2 77 77.6 78.4 79.5 80 79.5 71.6 80.6 83 87.3 89.2 88.6 89.9 91.2 89.9 86.9 83.3 80.2 76.6 70.7 66 62 57.9 54.4 51.5 50.4 48.5 46 42.8 39.2 35.6 32.5 28 25.5 18.8 2.1 -1.7 -1.7 -1.7 -1.7 -1.7 -1.7 -1.7 -1.7 -1.7 -1.7 -1.7 -1.7
103.8 103.6 103.3 104.1 101.9 100.3 98.4 95.9 93.2 90.3 87.6 85.2 83.7 80.2 78.5 77.2 75.8 75.9 76.1 74 73.3 72.8 72.8 72.7 73.2 73.4 73.6 75.2 75.2 75.6 76.3 77.1 77.2 77.1 78.1 78.2 78.4 79.2 79.5 79.4 81.7 81.2 79.5 80 80.4 80.8 88 89.8 90 92.1 92.9 92.3 89 85.4 81.3 76 71 67 63.2 58.9 54.9 53.6 52.2 49.8 46.6 42.2 37.6 34.8 28.8 22.7 20.1 16.3 8.8 -1.7 -1.7 -1.7 -1.7 -1.7 -1.7 -1.7 -1.7 -1.7 -1.7 -1.7 -1.7
100.8 101.6 101.2 100.8 99.8 98.5 97.3 95.7 93.4 91.2 88.9 85.9 83.5 79.7 77.5 75.9 74.5 74.8 75.7 74.6 73.2 72.9 72.2 72.5 73.5 73.4 73.7 75 75.1 76.3 77.7 77.7 77.4 77.4 78.2 79 79.2 79.4 79.5 80.4 81.7 81.2 72 79.9 80.3 81.7 88.2 89.4 91.6 93.6 93.6 92.6 90.9 86.8 82.5 77.8 71.8 65.7 62.3 57.4 55.9 54.9 53.2 50.3 45.7 41.1 32.4 31.6 27.5 11.8 12.2 9.4 5.4 3.3 -1.7 -1.7 -1.7 -1.7 -1.7 -1.7 -1.7 -1.7 -1.7 -1.7 -1.7
97.9 99.5 100 100.1 99.5 98.6 97.4 96 94.1 91.8 89.6 86.8 82.7 79.7 77.7 76.1 75 74.4 75.5 73.4 72.8 73.7 72.3 72.7 74 73.9 75 76.5 77.2 78.6 78.8 78.3 77.8 80.1 80.5 80.1 79.4 79.4 79.4 80.2 80.9 80.3 79.9 80.1 81.1 84.5 88 90.7 92.1 93.2 93.6 92.9 92 87.8 82.9 77.6 71.3 65.4 61.1 56.5 56.2 56 53.4 49.2 43.2 38.1 32 2 -1.7 -1.7 6.2 7.6 -1.7 -1.7 -1.7 -1.7 -1.7 -1.7 -1.7 -1.7 -1.7 -1.7 -1.7 -1.7 -1.7
