Assets/StreamingAssets/GeoData/Data/hy/HY42.asc
ncols 200
nrows 200
xllcorner 340000
yllcorner 1020000
cellsize 50
[rows 152 to 189 of 200, columns 0 to 83 of 200]
35.1 33.5 31 28.3 26.3 25.4 24.2 22.2 20.6 18.2 17.7 16.3 13.3 11.8 9.9 7.7 5.7 4 1.4 -0.9 -0.9 -0.9 -0.9 -0.9 -0.9 -0.9 -0.9 -0.9 -0.9 -0.9 -0.9 -0.9 -0.9 -0.9 -0.9 -0.9 -0.9 -0.9 -0.9 -0.9 -0.9 -0.9 -0.9 -0.9 -0.9 -0.9 -0.9 -0.9 -0.9 -0.9 -0.9 -0.9 -0.9 -0.9 -0.9 -0.9 -0.9 -0.9 -0.9 -0.9 -0.9 -0.9 -0.9 -0.9 -0.9 -0.9 5 7.5 13 18.9 26.4 32.5 39.4 46 52.3 59.5 65.5 71.2 80.7 89.5 93.2 98.2 100.6 98
39.3 36.6 34.4 32.2 29.1 27.2 27.2 23.9 22 21.3 20.3 17.5 14.8 14.5 11 9.7 7.4 4.9 3 -0.9 -0.9 -0.9 -0.9 -0.9 -0.9 -0.9 -0.9 -0.9 -0.9 -0.9 -0.9 -0.9 -0.9 -0.9 -0.9 -0.9 -0.9 -0.9 -0.9 -0.9 -0.9 -0.9 -0.9 -0.9 -0.9 -0.9 -0.9 -0.9 -0.9 -0.9 -0.9 -0.9 -0.9 -0.9 -0.9 -0.9 -0.9 -0.9 -0.9 -0.9 -0.9 -0.9 -0.9 -0.9 -0.9 -0.9 4.4 7.5 11.4 17.5 28.1 34.3 42.1 49.6 55.7 63.4 70.8 75.4 80.6 88 93.6 97.1 101.2 98.6
41 41.9 37.3 35 32.4 30 28 26 26.1 25.5 21.2 20.2 19.6 17 13.4 11.3 8.9 6.4 4.5 1.8 -0.9 -0.9 -0.9 -0.9 -0.9 -0.9 -0.9 -0.9 -0.9 -0.9 -0.9 -0.9 -0.9 -0.9 -0.9 -0.9 -0.9 -0.9 -0.9 -0.9 -0.9 -0.9 -0.9 -0.9 -0.9 -0.9 -0.9 -0.9 -0.9 -0.9 -0.9 -0.9 -0.9 -0.9 -0.9 -0.9 -0.9 -0.9 -0.9 -0.9 -0.9 -0.9 -0.9 -0.9 -0.9 1.1 5.3 7.9 10.6 15.7 27 35.1 42.8 50.2 55.9 63.6 72.4 76.1 79.1 85 89.2 95.4 97.3 96.5
42.5 44 40.4 38.1 34.3 32.5 30.8 29.8 27.2 25.3 23.3 21.1 20 18.4 15.8 12.4 10.4 8.4 6.8 5.5 2 -0.9 -0.9 -0.9 -0.9 -0.9 -0.9 -0.9 -0.9 -0.9 -0.9 -0.9 -0.9 -0.9 -0.9 -0.9 -0.9 -0.9 -0.9 -0.9 -0.9 -0.9 -0.9 -0.9 -0.9 -0.9 -0.9 -0.9 -0.9 -0.9 -0.9 -0.9 -0.9 -0.9 -0.9 -0.9 -0.9 -0.9 -0.9 -0.9 -0.9 -0.9 -0.9 -0.9 -0.9 2.2 5.6 7.8 10 13.5 23.6 33.7 41.1 47.8 51.6 58.2 65 70.9 74.4 79 86.3 88.9 92.7 91.7
43.3 43.8 42.4 40.1 37.1 35 33.8 33.3 30.3 27.8 24.7 23.3 21.8 21.2 20.4 18.6 16.6 11.8 8.7 6.7 6.8 4.9 0.3 -0.9 -0.9 -0.9 -0.9 -0.9 -0.9 -0.9 -0.9 -0.9 -0.9 -0.9 -0.9 -0.9 -0.9 -0.9 -0.9 -0.9 -0.9 -0.9 -0.9 -0.9 -0.9 -0.9 -0.9 -0.9 -0.9 -0.9 -0.9 -0.9 -0.9 -0.9 -0.9 -0.9 -0.9 -0.9 -0.9 -0.9 -0.9 -0.9 -0.9 -0.9 -0.9 2.3 5.2 9.4 9.3 12.6 18.7 28 36.1 43.9 49.3 50.6 56 62.5 64.6 71.6 77.1 84.7 85.7 84.5
44.6 45.3 44.3 41.7 38.7 39.6 35.8 34.7 34.1 33.6 31.7 30.6 28.1 26.1 24 21.9 18.2 15.4 10.7 6.6 3.6 2.9 0.6 -0.9 -0.9 -0.9 -0.9 -0.9 -0.9 -0.9 -0.9 -0.9 -0.9 -0.9 -1 -0.9 -0.9 -0.9 -0.9 -0.9 -0.9 -0.9 -0.9 -0.9 -0.9 -0.9 -0.9 -0.9 -0.9 -0.9 -0.9 -0.9 -0.9 -0.9 -0.9 -0.9 -0.9 -0.9 -0.9 -0.9 -0.9 -0.9 -0.9 -0.9 -0.9 1 4.5 9.7 9.2 11.2 16.8 25 29.3 33 40.1 47.1 49.1 52.3 56 59.9 61.2 66.7 72.6 72.2
45.2 45.9 44.7 43.4 41.8 40.3 38.6 40.2 39 37.6 35.1 33.4 30.7 27.1 25.3 22.2 18.9 16.6 13.9 10.2 7.4 6.5 4.1 -0.9 -0.9 -0.9 -0.9 -0.9 -0.9 -0.9 -0.9 -0.9 -0.9 -0.9 -0.3 -0.3 -0.9 -0.9 -0.9 -0.9 -0.9 -0.9 -0.9 -0.9 -0.9 -0.9 -0.9 -0.9 -0.9 -0.9 -0.9 -0.9 -0.9 -0.9 -0.9 -0.9 -0.9 -0.9 -0.9 -0.9 -0.9 -0.9 -0.9 -0.9 -0.9 0.7 3.7 8.2 9.4 10 14.7 20.8 24.5 25.1 25.6 32.6 37.2 39.7 45.5 47.4 48.7 50.8 53.9 56.3
45.7 45 44.6 44.3 42.3 42.6 44 43.1 42.2 40 37.7 34.8 30.4 28.4 25.1 23.3 19.3 16.7 12.9 10.2 8 5.3 3.1 3 -0.9 -0.9 -0.9 -0.9 -0.9 -0.9 -0.9 -0.9 -0.9 1.3 1.3 0.9 0.4 0.2 0.3 -0.9 -0.9 -0.9 -0.9 -0.9 -0.9 -0.9 -0.9 -0.9 -0.9 -0.9 -0.9 -0.9 -0.9 -0.9 -0.9 -0.9 -0.9 -0.9 -0.9 -0.9 -0.9 -0.9 -0.9 -0.9 -0.9 1.3 3 6.3 8.6 8.7 11.1 15.5 18.9 19.3 20.4 22.2 23 26.8 32.3 34.5 37.7 35.5 38 38
46.3 46.9 48.2 46.9 46.6 46.4 46.3 46.5 45.3 42.3 39.9 37.5 34.1 31.3 29.6 24.9 21.5 18.6 14.1 10.5 7.6 5.2 3.6 3.3 5.4 2.9 3.9 4.4 1.6 1.2 1.5 4.9 4.1 5 4.9 3.7 3.2 3.6 1.4 -0.9 -0.9 -0.9 -0.9 -0.9 -0.9 -0.9 -0.9 -0.9 -0.9 -0.9 -0.9 -0.9 -0.9 -0.9 -0.9 -0.9 -0.9 -0.9 -0.9 -0.9 -0.9 -0.9 -0.9 -0.9 0.9 3.4 2.8 4.5 7.8 7.4 7.3 9.7 12.8 15.3 16.5 17.9 19.9 21.9 23.2 24.6 25.7 27.3 28.6 29.7
50.4 52.3 51.6 51 50.2 50.1 50.5 48.8 46.8 45.2 42.1 38 35.1 34.9 30.5 26.2 22.6 19 15.1 10.4 7.1 4.9 5 4.2 3.6 3.3 4.4 6.6 7.5 7.6 6.8 6.5 6.4 6.1 7.1 7.1 5.2 3.4 3.6 4.1 0.5 -0.9 -0.9 -0.9 -0.9 -0.9 -0.9 -0.9 -0.9 -0.9 -0.9 -0.9 -0.9 -0.9 -0.9 -0.9 -0.9 -0.9 -0.9 -0.9 -0.9 -0.9 -0.9 -0.9 -0.9 -0.9 2.8 3.3 5 6.9 5.4 4.5 6.1 9 12.1 13.9 15.6 17.8 19.4 20.5 20.6 21.3 22.9 23.3
53.7 54.7 54.6 53.6 53.7 54.5 54.6 52.3 50.3 49.3 47 44 42.8 39.5 35.7 30 26.4 20.3 15.3 11.6 7.7 5.8 5.9 6.1 5 4.7 5.5 7.8 9.5 9.5 9.4 9 8.6 8.1 8.7 9.2 7.8 5.6 3.4 3.6 3.4 0.2 -0.9 -0.9 -0.9 -0.9 -0.9 -0.9 -0.9 -0.9 -0.9 -0.9 -0.9 -0.9 -0.9 -0.9 -0.9 -0.9 -0.9 -0.9 -0.9 -0.9 -0.9 -0.9 -0.9 -0.9 -0.9 -0.9 1 -0.9 1.4 1.8 -0.9 -0.9 -0.9 -0.9 -0.9 13.6 15.5 16.3 16.3 17 16.8 17.8
57.8 58.2 57.1 55.4 56.6 56.3 55.4 56.6 57.1 57 54.9 50.1 46.5 42.9 38.1 33.6 28.2 22.9 17.3 12.2 8.8 7.4 7 7.6 7.9 7.6 7.2 9.6 10.6 11.3 11.9 12.1 11.1 10.3 9.9 10.3 10.8 9 6.2 3.6 3.8 2 -0.9 -0.9 -0.9 -0.9 -0.9 -0.9 -0.9 -0.9 -0.9 -0.9 -0.9 -0.9 -0.9 -0.9 -0.9 -0.9 -0.9 -0.9 -0.9 -0.9 -0.9 -0.9 -0.9 -0.9 -0.9 -0.9 -0.9 -0.9 -0.9 -0.9 -0.9 -0.9 -0.9 -0.9 -0.9 -0.9 -0.9 11.8 12.8 13.1 13.6 14
59.9 60.2 60.5 59.2 59.4 59.2 61.7 62.3 62.1 62.6 61.6 56.5 49.2 45.2 42.7 40 34.7 25.5 20.9 15.6 10.7 9.5 8.7 9.2 10 9.9 9.6 10.6 13.9 14.9 15.1 13.6 13.6 13.1 12.3 12.1 12.5 11.2 9.3 7.9 6.4 4.8 1.9 -0.9 -0.9 -0.9 -0.9 -0.9 -0.9 -0.9 -0.9 -0.9 -0.9 -0.9 -0.9 -0.9 -0.9 -0.9 -0.9 -0.9 -0.9 -0.9 -0.9 -0.9 -0.9 -0.9 -0.9 -0.9 -0.9 -0.9 -0.9 -0.9 -0.9 -0.9 -0.9 -0.9 -0.9 -0.9 -0.9 -0.9 2.1 9.6 10.9 11.8
61.8 62.4 64.1 64.6 65.2 65.6 66.3 67 67.2 67.2 66.7 61.9 56.2 49.9 44.9 41 37.3 28.8 22.9 16.5 12.9 12 10.5 10.6 11.8 13 12.9 13.4 14.8 16.6 15.7 15 14.7 15.2 15.4 14.8 15.5 13.7 11.7 10.3 9.5 7.2 4.6 -0.9 -0.9 -0.9 -0.9 -0.9 -0.9 -0.9 -0.9 -0.9 -0.9 -0.9 -0.9 -0.9 -0.9 -0.9 -0.9 -0.9 -0.9 -0.9 -0.9 -0.9 -0.9 -0.9 -0.9 -0.9 -0.9 -0.9 -0.9 -0.9 -0.9 -0.9 -0.9 -0.9 -0.9 -0.9 -0.9 -0.9 -0.9 2.1 8.3 10
65.9 67.2 68.6 70.9 71.1 70.4 71.5 71.7 72 71.8 68.8 65 58.3 51.5 46.4 42.1 38.8 32 25.9 22.2 17.8 15.2 14.2 13.4 14.5 16.2 16.8 16.8 16.2 17.9 16.4 16 15.9 16 16 16.1 17.7 17.9 16.8 13 11.4 8.7 7.4 5.3 3.5 -0.9 -0.9 -0.9 -0.9 -0.9 -0.9 -0.9 -0.9 -0.9 -0.9 -0.9 -0.9 -0.9 -0.9 -0.9 -0.9 -0.9 -0.9 -0.9 -0.9 -0.9 -0.9 -0.9 -0.9 -0.9 -0.9 -0.9 -0.9 -0.9 -0.9 -0.9 -0.9 -0.9 -0.9 -0.9 -0.9 0.7 4.9 8.8
69.6 70.2 75.1 76.4 76.8 76.5 76.4 76 75.5 74.5 71.5 66.5 59.1 52.2 46.7 42.5 39.7 34.5 28.4 24.3 19 19.3 17.8 17.4 17.2 18.2 19.2 19.4 19.7 19.3 19.3 17.7 17.2 17 17.7 19.1 19.7 21.3 19.9 16.8 13 10.3 8 7.2 5.9 4.2 -0.9 -0.9 -0.9 -0.9 -0.9 -0.9 -0.9 -0.9 -0.9 -0.9 -0.9 -0.9 -0.9 -0.9 -0.9 -0.9 -0.9 -0.9 -0.9 -0.9 -0.9 -0.9 -0.9 -0.9 -0.9 -0.9 -0.9 -0.9 -0.9 -0.9 -0.9 -0.9 -0.9 -0.9 -0.9 -0.2 1.1 7.2
71.7 73.8 78.5 80.9 81.5 81.1 80.6 79.9 78.5 76.1 72.3 65.7 59.1 52.3 46.2 42.6 39 35.4 30 25.9 24.2 23.8 22.2 21.5 20.9 21.1 22.5 23.2 24 25.4 25.1 22.7 21.4 20.7 20.7 22.3 22.4 22.8 22.1 20.1 17.2 12.5 9.1 7.4 7.6 6.7 1.3 -0.9 -0.9 -0.9 -0.9 -0.9 -0.9 -0.9 -0.9 -0.9 -0.9 -0.9 -0.9 -0.9 -0.9 -0.9 -0.9 -0.9 -0.9 -0.9 -0.9 -0.9 -0.9 -0.9 -0.9 -0.9 -0.9 -0.9 -0.9 -0.9 -0.9 -0.9 -0.9 -0.9 -0.9 -0.9 0.5 3.3
75 77.7 83 86.5 84.5 83.9 83.3 82.5 80.2 77.1 71.5 64.1 58.1 50.9 46.4 42.1 39.6 37.4 33.8 29.1 27.9 28.3 26.7 25.6 25.6 26.1 25.3 26.8 28.8 29.9 30.4 29.7 28.2 26.6 26.3 27.4 26.3 25.1 22.9 21.4 20.5 16 11 8.1 8 8.7 6.2 -0.9 -0.9 -0.9 -0.9 -0.9 -0.9 -0.9 -0.9 -0.9 -0.9 -0.9 -0.9 -0.9 -0.9 -0.9 -0.9 -0.9 -0.9 -0.9 -0.9 -0.9 -0.9 -0.9 -0.9 -0.9 -0.9 -0.9 -0.9 -0.9 -0.9 -0.9 -0.9 -0.9 -0.9 -0.9 0.2 1.6
77.2 80.1 85.7 88.2 87.1 86.3 85.1 83.8 80.8 75.2 68.9 61.6 56.7 50.5 46 42.8 40.3 37.7 35.2 34 31.5 31.7 31.7 30.1 29.2 31 30 32.4 34.1 35.6 36.3 36.9 35.2 33 32.9 31.9 32.3 29.5 26.6 22.4 21.5 20.3 14 9.9 9 10.1 8.2 0.7 -0.9 -0.9 -0.9 -0.9 -0.9 -0.9 -0.9 -0.9 -0.9 -0.9 -0.9 -0.9 -0.9 -0.9 -0.9 -0.9 -0.9 -0.9 -0.9 -0.9 -0.9 -0.9 -0.9 -0.9 -0.9 -0.9 -0.9 -0.9 -0.9 -0.9 -0.9 -0.9 -0.9 -0.9 -0.9 0.4
79.3 82 86.6 88.8 89.2 88.4 86.7 84.3 80.1 74.1 66.8 60.8 55.4 49.8 46 43.8 41.8 39.8 36.4 37 35.4 35.7 35.7 35.9 38.5 35.9 37.1 36.7 38.4 41.8 42.5 43.3 41.6 39.7 39.1 38.6 38.7 36.9 32.9 28.1 22.2 20.9 18.6 11.4 9.7 11 9.9 1.1 -0.9 -0.9 -0.9 -0.9 -0.9 -0.9 -0.9 -0.9 -0.9 -0.9 -0.9 -0.9 -0.9 -0.9 -0.9 -0.9 -0.9 -0.9 -0.9 -0.9 -0.9 -0.9 -0.9 -0.9 -0.9 -0.9 -0.9 -0.9 -0.9 -0.9 -0.9 -0.9 -0.9 -0.9 -0.9 -0.4
81.1 84.1 87.3 90.1 90.7 90.5 88.7 84.7 78.7 72.3 66.4 60.5 55.4 49.8 47.5 45.4 43.2 41.2 40.5 40.7 39.5 38.6 39.2 39.2 41 41.2 44.3 44.2 45.2 48 50.4 51.8 51.5 48 46.7 45.5 45.3 44.7 41.9 35.5 25.1 21.9 18.4 15.4 11 10.4 9.9 3.3 -0.9 -0.9 -0.9 -0.9 -0.9 -0.9 -0.9 -0.9 -0.9 -0.9 -0.9 -0.9 -0.9 -0.9 -0.9 -0.9 -0.9 -0.9 -0.9 -0.9 -0.9 -0.9 -0.9 -0.9 -0.9 -0.9 -0.9 -0.9 -0.9 -0.9 -0.9 -0.9 -0.9 -0.9 -0.9 -0.9
83.8 87.3 90.2 92.9 93.2 93.1 90 84.4 77.6 71 65.5 59.8 54.4 50.6 48.6 47 45.2 44.4 43.9 43.8 43.6 43.5 45.1 46 46.9 49.4 53 53.4 53.5 55.2 57.9 59.8 61.2 57.8 54.7 52.3 51.6 49.6 46.8 42.4 31.4 23.5 19.2 17.7 12.3 11.1 10.5 7.5 -0.9 -0.9 -0.9 -0.9 -0.9 -0.9 -0.9 -0.9 -0.9 -0.9 -0.9 -0.9 -0.9 -0.9 -0.9 -0.9 -0.9 -0.9 -0.9 -0.9 -0.9 -0.9 -0.9 -0.9 -0.9 -0.9 -0.9 -0.9 -0.9 -0.9 -0.9 -0.9 -0.9 -0.9 -0.9 -0.9
87.7 91.5 93.8 95.6 96 92.7 88.2 82 75.8 69.3 64.3 60.8 55.6 52.5 50.7 49.3 46.8 45.9 46.5 46.5 47.8 49.1 51.3 53.3 55.5 59 60.2 63.6 64.4 63.9 66.8 68.7 70.4 68.7 63.2 59.5 57.3 52.1 49.5 44.5 37.8 25 21.5 18.4 15.5 12.2 11.2 8.9 1 -0.9 -0.9 -0.9 -0.9 -0.9 -0.9 -0.9 -0.9 -0.9 -0.9 -0.9 -0.9 -0.9 -0.9 -0.9 -0.9 -0.9 -0.9 -0.9 -0.9 -0.9 -0.9 -0.9 -0.9 -0.9 -0.9 -0.9 -0.9 -0.9 -0.9 -0.9 -0.9 -0.9 -0.9 -0.9
91.7 95.2 97.9 99.2 95.2 89.4 84.2 78.6 73.8 69.4 65.3 61.4 58.4 56.5 55.3 50.6 48 47.7 49.1 50.6 53.2 56.8 58.6 62 64 68.9 70.5 72.5 74 73.3 73.7 74.9 75.4 74.1 70.4 66.4 60.7 55.5 50 44.4 36.3 28.1 23.4 20.3 19.6 13.1 11.5 9.6 2.2 -0.9 -0.9 -0.9 -0.9 -0.9 -0.9 -0.9 -0.9 -0.9 -0.9 -0.9 -0.9 -0.9 -0.9 -0.9 -0.9 -0.9 -0.9 -0.9 -0.9 -0.9 -0.9 -0.9 -0.9 -0.9 -0.9 -0.9 -0.9 -0.9 -0.9 -0.9 -0.9 -0.9 -0.9 -0.9
95.2 98.7 100.5 98.1 91.8 85.3 81.4 77.3 74.2 71.1 67.2 63.1 60.6 58.3 55.9 52.3 51 51.4 52.7 57.7 62.4 66.1 68.7 72.4 75.6 78.7 80.6 81.9 83 81.3 79.8 77.5 76.2 75.3 72.5 68.9 61 57.2 49.3 43.3 35.7 29.9 25 21.7 20.9 14.2 11.4 9.2 6.9 -0.9 -0.9 -0.9 -0.9 -0.9 -0.9 -0.9 -0.9 -0.9 -0.9 -0.9 -0.9 -0.9 -0.9 -0.9 -0.9 -0.9 -0.9 -0.9 -0.9 -0.9 -0.9 -0.9 -0.9 -0.9 -0.9 -0.9 -0.9 -0.9 -0.9 -0.9 -0.9 -0.9 -0.9 -0.9
98.4 100.7 99.6 94.5 88.8 83.3 80.5 78.6 75.8 73 69.3 66.1 65.1 62.2 58.2 56 57.8 58.7 61.5 67 72.2 76.4 80 82.9 85.6 87.7 89.3 89.8 89.1 87.5 85.2 82 77.9 75.9 73.2 68 60.9 56.4 49.9 43.2 36.2 30.8 26.2 22.6 20.5 14.3 11 8.1 5.4 -0.9 -0.9 -0.9 -0.9 -0.9 -0.9 -0.9 -0.9 -0.9 -0.9 -0.9 -0.9 -0.9 -0.9 -0.9 -0.9 -0.9 -0.9 -0.9 -0.9 -0.9 -0.9 -0.9 -0.9 -0.9 -0.9 -0.9 -0.9 -0.9 -0.9 -0.9 -0.9 -0.9 -0.9 -0.9
98.2 98.7 95.2 90.6 86.2 83 81.4 79.4 77 74.8 72.8 70 67.2 63.8 64.1 64.9 66.7 69 74 78.8 84.1 87.8 90.1 91.5 94.6 96.8 97.9 95.3 92.3 89.7 87.4 84.4 79.8 75.6 72.7 66.9 59.4 54.8 49.2 42.5 35.7 30.4 25.8 21.4 17.6 13.4 10.7 8.1 5.4 3.2 0.4 -0.9 -0.9 -0.9 -0.9 -0.9 -0.9 -0.9 -0.9 -0.9 -0.9 -0.9 -0.9 -0.9 -0.9 -0.9 -0.9 -0.9 -0.9 -0.9 -0.9 -0.9 -0.9 -0.9 -0.9 -0.9 -0.9 -0.9 -0.9 -0.9 -0.9 -0.9 -0.9 -0.9
96.6 95 91.8 88.6 85.9 83.8 81.6 80.8 79.6 77.7 76.1 72.6 73.1 73 75.4 73.9 78 83.4 87.5 92.2 95.4 98.5 100.5 101.3 103.3 103.3 102.1 101.2 95.4 90.5 87.3 85 79.6 75.7 70.2 63.4 56.9 51.3 46.5 39.9 33.1 27.7 22.8 18.5 15.6 13.1 10.7 7.9 5.2 2.8 1.4 -0.9 -0.9 -0.9 -0.9 -0.9 -0.9 -0.9 -0.9 -0.9 -0.9 -0.9 -0.9 -0.9 -0.9 -0.9 -0.9 -0.9 -0.9 -0.9 -0.9 -0.9 -0.9 -0.9 -0.9 -0.9 -0.9 -0.9 -0.9 -0.9 -0.9 -0.9 -0.9 -0.9
93.2 92 89.1 86.6 84.1 82.4 81.4 81.3 80.9 79.8 78.9 77.7 78.4 79.2 82.5 87.2 92.6 98 101.3 105.9 108 110.7 112.3 112 110.6 109 104.4 101.3 98.1 91.5 87.6 82.8 77.1 71.5 64.8 58.7 53.1 47.5 40.9 34.6 29.2 23.9 20.5 16.4 14.1 12.4 10.5 8.4 4.7 2.7 1.9 0.2 -0.9 -0.9 -0.9 -0.9 -0.9 -0.9 -0.9 -0.9 -0.9 -0.9 -0.9 -0.9 -0.9 -0.9 -0.9 -0.9 -0.9 -0.9 -0.9 -0.9 -0.9 -0.9 -0.9 -0.9 -0.9 -0.9 -0.9 -0.9 -0.9 -0.9 -0.9 -0.9
88.1 86.4 85.3 83.2 81.3 80 79.8 80.5 81 81.4 83 84.6 87.6 91.1 94.7 100.7 107.9 114.1 118.1 121 122 121.2 119.5 117.9 113.9 109.4 104.4 100.9 96.5 90.3 83.6 77.8 71.5 65.4 58.5 53.2 47.6 41.8 35.3 30.4 24.8 21 17.2 13.5 11.6 11.7 10.2 7.9 3.7 1.5 0.6 -0.5 -0.9 -0.9 -0.9 -0.9 -0.9 -0.9 -0.9 -0.9 -0.9 -0.9 -0.9 -0.9 -0.9 -0.9 -0.9 -0.9 -0.9 -0.9 -0.9 -0.9 -0.9 -0.9 -0.9 -0.9 -0.9 -0.9 -0.9 -0.9 -0.9 -0.9 -0.9 -0.9
82.5 81.3 78.3 77.9 77.3 77.2 77.9 79.6 81.8 84.7 87.2 92 97.5 103.7 109.4 116.4 124.6 129.5 132.1 131.9 130.4 125.9 120.3 115.2 110.6 105.5 101.7 97.4 91.4 85.3 78.4 71.5 64.7 58.7 51 45 39.3 33.6 29.6 24.9 20.7 17.5 13.5 10.8 9.9 10.1 9.1 6.3 1.1 0.2 -0.9 -0.9 -0.9 -0.9 -0.9 -0.9 -0.9 -0.9 -0.9 -0.9 -0.9 -0.9 -0.9 -0.9 -0.9 -0.9 -0.9 -0.9 -0.9 -0.9 -0.9 -0.9 -0.9 -0.9 -0.9 -0.9 -0.9 -0.9 -0.9 -0.9 -0.9 -0.9 -0.9 -0.9
76.1 74.2 72 71.2 73.2 74.9 75.8 79.1 83.7 86.9 94.3 99.2 106.4 116.4 122.9 129.7 136.2 139.5 138.1 133.1 129.1 123.7 117.4 112 107.4 102.1 97.7 92 85.7 79.7 72.1 64.7 58.4 50.5 42.2 37.4 33 29 25.1 20.7 17.2 13.5 10.9 9.6 9 8.1 8 2.7 -0.9 -0.9 -0.9 -0.9 -0.9 -0.9 -0.9 -0.9 -0.9 -0.9 -0.9 -0.9 -0.9 -0.9 -0.9 -0.9 -0.9 -0.9 -0.9 -0.9 -0.9 -0.9 -0.9 -0.9 -0.9 -0.9 -0.9 -0.9 -0.9 -0.9 -0.9 -0.9 -0.9 -0.9 -0.9 -0.9
68.8 68.2 66.7 65.8 67.7 71.5 74.4 77.7 84.5 90.4 98.9 106.6 116.7 125.8 133.3 136.5 139.8 139.5 136.9 132 126.6 120.4 114.1 109.5 104.8 98.4 93.6 87.2 80.7 72.9 64.8 57.3 51.4 44.8 38.1 34.5 31.2 26.5 23.1 19.6 15.5 13.3 10.5 9.7 7.9 6.8 4.4 1.4 -0.9 -0.9 -0.9 -0.9 -0.9 -0.9 -0.9 -0.9 -0.9 -0.9 -0.9 -0.9 -0.9 -0.9 -0.9 -0.9 -0.9 -0.9 -0.9 -0.9 -0.9 -0.9 -0.9 -0.9 -0.9 -0.9 -0.9 -0.9 -0.9 -0.9 -0.9 -0.9 -0.9 -0.9 -0.9 -0.9
62 61.8 59.8 59.6 62.8 69.2 73 76.9 83.5 93.3 102.1 111.2 121.7 129.8 135.5 140.7 139.5 138.8 133.8 129.2 123.1 116.7 111.8 107.1 102.2 94.7 88.3 81.3 74 64.5 59.1 53 47 42.2 35.6 32.5 29.5 24.8 21.9 19.2 15.5 12.9 11.1 8.8 7.7 6.7 4.8 1.5 -0.9 -0.9 -0.9 -0.9 -0.9 -0.9 -0.9 -0.9 1.7 1.5 0.1 -0.9 -0.9 -0.9 -0.9 -0.9 -0.9 -0.9 -0.9 -0.9 -0.9 -0.9 -0.9 -0.9 -0.9 -0.9 -0.9 -0.9 -0.9 -0.9 -0.9 -0.9 -0.9 -0.9 -0.9 -0.9
57.1 56 55.4 56 60.1 66.4 71.4 75.7 83.2 93 101.5 110.6 120.1 128.1 133.9 137.2 139.3 136.8 131.6 126.5 120.3 113.9 108.6 103.8 96.9 89.1 82.2 75 66.8 60.4 54.3 49.1 44.5 40.4 35.4 32.5 28.1 25.9 22.4 20 16.3 13.8 11.5 9.5 8.7 7.5 5.4 3.4 0.3 -0.9 -0.9 -0.9 -0.9 -0.9 -0.9 -0.1 0.3 0.6 -0.9 -0.9 -0.9 -0.9 -0.9 -0.9 -0.9 -0.9 -0.9 -0.9 -0.9 -0.9 -0.9 -0.9 -0.9 -0.9 -0.9 -0.9 -0.9 -0.9 -0.9 -0.9 -0.9 -0.9 -0.9 -0.9
52.5 51.5 51.8 53.6 55.8 61.8 68.6 74 81.2 90.6 99.5 108.1 117.7 126 131.8 134.3 135.3 132.7 129.2 123.7 117.7 110.8 105.3 99 90.4 82.1 75.5 69.1 62 55.8 50.8 46 43 39.5 36.4 33.6 30.3 26.3 23 20.5 18.4 15.1 13.5 11 9.8 8.4 6.9 4.7 1.6 -0.9 -0.9 -0.9 -0.9 -0.9 -0.9 -0.9 -0.9 -0.7 -0.9 -0.9 -0.9 -0.9 -0.9 -0.9 -0.9 -0.9 -0.9 -0.9 -0.9 -0.9 -0.9 -0.9 -0.9 -0.9 -0.9 -0.9 -0.9 -0.9 -0.9 -0.9 -0.9 -0.9 -0.9 -0.9
46.3 47.7 48.1 50.1 52.5 57.3 63.7 70.5 78.5 87.2 97 105.2 113.9 123.1 129.7 131.8 132 130.4 126.5 120.7 114.5 107.1 100.4 93.7 86.2 79.8 73.4 67.5 60.5 56 50.8 47 43.5 40.6 37.9 35.1 32.9 30.2 26.2 23.2 21.5 18.3 15.6 13.7 12.7 11.6 8.9 5.6 4.4 2.4 -0.9 -0.9 -0.9 -0.9 -0.9 -0.9 -0.9 -0.9 -0.9 -0.9 -0.9 -0.9 -0.9 -0.9 -0.9 -0.9 -0.9 -0.9 -0.9 -0.9 -0.9 -0.9 -0.9 -0.9 -0.9 -0.9 -0.9 -0.9 -0.9 -0.9 -0.9 -0.9 -0.9 -0.9
41.9 41.5 43.3 46.3 49.6 54.6 59.3 67.5 75.6 84.2 93 101.4 110.9 119.9 125.8 128.9 130.4 127.4 122.9 117.1 110 102.1 96.8 92.1 84.9 79.6 75 69.1 63.3 58.3 54.1 49.9 46.2 43 39.9 38.8 36.7 35.5 30.4 26.4 23.9 21.7 18.6 16.5 14.9 13.8 10.8 6.5 5.7 6.4 -0.9 -0.9 -0.9 -0.9 -0.9 -0.9 -0.9 -0.9 -0.9 -0.9 -0.9 -0.9 -0.9 -0.9 -0.9 -0.9 -0.9 -0.9 -0.9 -0.9 -0.9 -0.9 -0.9 -0.9 -0.9 -0.9 -0.9 -0.9 -0.9 -0.9 -0.9 -0.9 -0.9 -0.9
