Assets/StreamingAssets/GeoData/Data/hy/HY43.asc
ncols 200
nrows 200
xllcorner 340000
yllcorner 1030000
cellsize 50
[rows 152 to 189 of 200, columns 0 to 83 of 200]
43.9 44.3 44.9 46.3 47.2 52.7 57.2 61.8 66.4 70.5 75 80.3 86.1 92.6 98.5 104.9 110.3 116.3 122.1 128 136.1 144.7 151.3 154.3 159.1 165.2 167.8 167.3 170 171 164.3 160.3 156.4 155.3 153.9 155.9 153.8 154.5 151.5 149.5 147.7 149.5 150 148.7 150.1 152.5 159.6 165.1 157.7 151.6 145.5 144.1 138.9 131.6 124.1 117.4 102.2 93.8 91.3 83.5 72.7 63.2 53.3 41.6 32.1 26 24.9 25.6 26 22.8 21.7 21 24.3 23.9 23.6 27.3 26.5 26.9 36.5 41.7 45.4 47.9 49.5 47.5
48 49.8 50.2 52 54.2 52.1 60.1 64.9 69.8 73.9 78.4 83.5 89 95.7 101.3 107.1 113 118.8 126.6 132.2 137.8 146.2 155.4 162.1 166 167.5 171.8 175.9 175 178.9 183.7 180.3 176.5 177.5 177.8 177.9 180.4 180.5 177.5 177.6 176.8 176.2 178.5 174.6 176.2 178.4 179.7 174.7 169.9 164.2 152 144 139 132.1 122.9 110.6 94.7 92.1 86.2 80.8 73.7 60.6 53.7 45.9 34.5 24.7 19.2 22.5 24.5 24.7 22.4 20.6 23.3 22.9 22.8 24 25.8 25.2 26.5 35.7 41.2 43.6 44.1 44.8
57.8 57.1 57.2 59.1 59.7 62.1 64.8 68.4 73.1 77.6 81.9 86.7 92.1 98.3 104.1 108.5 114.9 120.1 127.5 134.4 139.6 148.3 156.2 165.5 172.9 181 181.5 181.9 185 188 189.9 193.1 194.8 193.5 192.1 195.1 192 194.6 197.9 200.8 202.9 200.6 200.5 199.8 200.7 202.4 201.2 194.5 181.5 169.7 156.1 143.1 140.7 133.6 124.3 110.6 92.8 90.6 83.3 79 71.9 66.6 54.2 48 41.5 28.8 18.5 16.6 24.7 24.8 22.6 20.5 21.1 22.1 20.8 21.3 23.9 23.7 23.6 29.3 34.9 38.6 40.2 42.3
65.4 65.1 64.7 65.8 66.3 67.7 70.4 72.6 76.2 80.5 85.2 89.8 95.3 101.4 107.3 112.3 115.2 121.7 127.5 133.7 140.2 150 160.3 167.5 175.1 186.8 193.9 198.3 199.2 196.4 195.7 197.2 200.1 204.2 205.7 206.8 209.3 209.5 205.3 208 209.1 211.9 214.3 214.7 216 222 216.5 208.1 193.2 175.1 163 146.6 138.9 132.8 124.5 112.5 93.3 89.6 83.2 77.9 72.2 66.1 58.7 49.5 41.9 33.9 25.3 15.8 16.1 22.7 21.9 20 20.3 21.4 20.1 19.1 20.6 22.3 21.8 23.7 30.5 32.9 35.4 37
72.4 72.6 72.4 71.6 72 73.9 75.4 77.7 80.5 84.1 88.1 92.9 98.1 104.2 109.4 113.6 117.1 122.6 128.7 133.7 139.3 150.9 161.2 168.2 178.4 189.1 198.3 206.2 209 207.8 206 203.4 203.7 207.3 212.7 216.1 216.5 213.4 214.3 209 208.3 211.4 214.6 219.5 228.5 233.1 228.1 219.9 202.3 183.5 167 149.4 138.5 132 125 115 98 88.1 83.7 77.4 73.1 66.4 60.5 52.2 41.8 37.5 33.1 22.5 14.2 15.9 20.9 19.5 18.4 19.4 19.5 18.2 17.7 19.2 18.9 18.8 24 27.4 30.7 32.6
80.1 79.9 79.1 77.7 78 78.5 80.5 81.3 84.9 87.5 91.5 95.4 100.2 106 110.2 114.1 118.8 124.2 129.7 134.2 139.4 148.5 160.4 168.4 180.8 191.7 200.1 206.3 211.5 213 212.9 212.4 209.1 211.1 212.7 215.9 219.6 213.6 216.3 213.4 207.7 210.2 213 220.3 231.1 234.5 236.4 226.9 213.6 186.9 169.9 149.6 137.7 129.9 124.3 117 106.8 89.9 82.8 77.9 72.2 67.7 60.1 53.7 47.3 39.7 34 29.4 18.9 13.7 16.4 17.9 17.1 17.5 17.7 17.7 16.6 15.5 16.2 16 16.3 22.5 24.9 27.5
85.5 85.5 84 82.6 82.5 83.3 84.9 86.3 89 91.2 94.9 98.7 102.9 105.9 110.2 115.4 120.5 125.7 129.9 136 142.1 149.9 161.5 171.8 183.4 193.3 201.5 206.2 211.1 215.5 216.9 217 215.2 211.3 213.7 211.4 210.6 211 209.8 208.3 206 207.5 210.7 216.6 224.6 230.7 231.1 226.4 215.5 190 169.5 149.8 136.8 130.4 125.7 118.7 111.1 99.6 84.5 78.6 74.8 67.5 62.4 57.9 51.7 44.7 37.2 31.3 26.3 16.8 12.5 15.4 15.3 16.7 17.2 16.1 15.6 14.2 13.4 13.5 13.7 14.4 19.4 21.4
87.7 88 87.1 87.6 87.7 89 89.3 90 92.2 94.7 98 101.5 104.6 107.5 110.8 116.7 121.7 126.1 130.5 137 146.8 154.3 163.3 173.5 184.6 191.2 198.4 205.6 210.2 214.5 217.9 219.5 216 214.2 212.6 206.8 203.2 199.1 196.5 193.2 197.2 203.1 207.4 211.8 214 216.9 218.2 214.1 205.6 186.5 166.9 148.4 139.4 131.9 125.1 120.6 112.9 105 95.9 79.7 74.9 71.5 65.1 60.8 55.7 49.5 42.9 35.6 29.3 23.2 13.6 11.4 12.9 13.4 16 15.5 13.7 13.8 11.9 10.8 11 11.8 16.7 17
96.6 94.2 91.3 91 91.8 93 93.7 94.8 94.3 96.6 100.2 102.9 105.7 106.8 110.1 116.2 121.6 129.1 133 139.7 148.5 157.1 167.8 175.2 184.9 190.7 196.3 201.5 206.6 211.3 214.6 215.4 211.6 208.6 202.9 197.8 190.6 186.7 188.3 190 190.5 192.6 196.9 201.3 201.3 201.3 199.6 195 188.1 179.2 166.4 152.5 142.2 128.8 125.5 120.9 114.7 108.1 100.8 90.9 76.3 71.8 68.7 62.4 58.5 53.1 46.9 40 33 27 20.8 10.9 10.6 10.1 11.2 14.6 13.1 11.8 10.7 10.3 8.8 8.8 12.3 14.1
104.2 103.1 100.6 95.9 95.1 95.4 96 96.8 98.6 98.4 99.9 101.9 103.9 106.1 109.3 114.8 120.9 127.9 133.9 139.5 148.9 157.3 168.6 177.4 184.8 190.6 195.4 200.5 204.2 208.5 209.5 207.5 204.1 196.3 190.1 183.9 179.8 174.2 168.5 170.3 172.6 177.7 179.4 181.6 181.5 182.8 181.1 177.9 175.5 168.1 162.8 151.3 139.3 133.2 124.1 121 115.4 109.4 103.6 96.1 85.9 72.8 69 65.8 60.2 55.3 50.2 44.2 39.5 33.3 25.6 18.8 11.3 9.4 9.1 11.2 11.5 10.3 8.7 8.2 7.9 6.3 6.7 12.4
108.3 109 106.8 105.7 101.5 99.4 98.4 98.6 100.1 101.5 101.3 102.3 103.8 106.3 110.3 115 121.1 128.9 134.6 141.4 149.2 156.6 166.5 177.1 185.2 189.8 194.7 200 201.7 204.3 202 197.3 190.8 182.5 176 170.1 164.3 159.7 157.9 161.1 163 164.8 167.6 168 167.9 168.6 167.2 164.8 162.7 161.2 158 149.7 138.2 133.7 125.3 119.1 116.9 111.2 104.2 97.6 90.3 81 69.3 65.1 62 57.6 52.9 47.5 43.6 37.8 32.6 24.3 17.5 11.4 8.7 8.6 10.1 8.8 7.2 6.1 5.8 5.4 5.6 9.6
111.3 111.8 113.6 109.1 108.9 105.4 101.6 100.4 101 103.6 103.5 105.2 105.5 108.6 112.9 117.5 122 130.1 136.2 143 150.5 158.2 168.1 176.9 184.1 190.7 194 196 198.1 196.5 192.9 186 178.2 170.7 163.5 158 153 149.1 148.9 147.1 147.9 152.8 154.5 154.5 154.3 156.6 156.3 157.8 157.8 157.7 154.9 147.6 139.5 131.9 125.9 118.5 115 110.9 106.4 99.4 91.9 83.3 75 66.2 63.1 59.9 54.9 49.5 45.1 40.3 34.7 30.4 23.4 16.1 11.1 7.6 9 7 6.6 5.4 5.1 5.1 5.3 6.3
114.3 114.5 114.1 112.6 112.2 111.4 110 105.9 103.3 105.6 104.8 106.4 108.4 110.9 114.7 118.1 122.5 128.7 137.8 143.8 152.5 158.9 170.2 178.5 185.5 191.6 193.2 194.4 193.4 189.7 182.2 174.3 167.2 159.7 153.3 148.5 143.9 139.9 139.4 138.8 139.2 141.2 142.7 146.1 147.9 148.7 149.9 151.7 151.7 151.1 149.2 143.1 139.1 130 125.6 117 113.7 110.3 105.6 100.1 94 87.4 78.7 70.4 63.1 59.1 56.5 51.1 45.6 40.6 36.1 31.2 26.7 21.5 16 10.3 6.9 7.5 5.9 5.3 5 4.7 4.9 5.7
119.7 117.3 115.1 114.7 114.3 114.3 113.9 111.9 109.1 105.7 106.2 107.2 109.9 112.8 115.7 118.7 123.6 129.1 138.7 148.7 154.2 159.7 173.4 180.9 185.2 191 192.6 192.7 189 182.2 173.7 165.9 158.7 150.8 144.6 139.5 134.7 133 131.9 131.4 131.7 132.8 136.6 136.9 139.3 141.4 141.7 142.8 143.3 141.7 140.1 137.2 133.6 127.8 125.9 118.3 112.2 109.7 105.1 100.5 95.1 88.3 81.7 73.6 65.2 58.5 55.1 51.7 46.7 41.4 36.8 32 27.8 23 18.3 13.6 9.5 6.4 5.5 5.3 5 4.6 4.6 4.5
127.9 126.4 122.4 118 117.3 116.4 115.9 116.1 114.3 111.4 108.4 108.6 111 114.5 117.3 120.2 124.4 129.9 140.7 151.5 158.5 167.5 174.7 180.9 185.8 190.6 192.2 192 185.2 175.9 166.8 158.1 150.1 143.9 137.2 131.9 128.8 126.5 126.3 126 125.6 125.9 126.9 127.3 129.6 129.4 129.9 131.1 131 130.9 129.7 128 127 125.6 121.6 114.1 110.4 108.4 103.9 98.9 93.7 88.3 81.7 75.8 69.1 60.8 55.9 52.6 48.6 42.9 37.4 33.4 28.9 24.3 21.5 16.2 10.9 7.6 5.5 4.9 4.6 4.7 4.5 4.1
132.7 133.8 131 128 124.4 119.2 118.9 118.3 116.3 115.9 113.5 111.2 112.9 115.7 119.7 122.8 126.8 132.4 141.4 151.8 161.1 169 174.9 181.6 186.3 191.3 191.9 190.3 182 169.6 160.4 151.1 142.8 136.8 132.1 126.9 124.8 122.3 122 119.7 119.3 119.7 118.6 118.4 119.5 119 119.8 119 121 121.2 121.3 120.9 119.7 118.6 115.4 108.8 106.9 104.5 100.2 96.2 91.3 86.6 81.5 75.8 69.2 62.3 55.5 52.3 48.9 44.2 38.9 33.4 29.9 25.2 21.5 16.8 12.6 8.7 5.7 5.1 4.6 4.8 4.6 4.2
143.3 143.1 140.4 139.8 131.4 127.5 120.3 120.3 119.9 118.7 117.9 117.1 116.9 120.5 122.4 125.5 131.3 136.3 142.8 151.9 157.5 167.3 175.2 182.7 187.6 191.4 191 188.4 178.6 165 154.2 143.2 136.1 131 126 123 120.5 118.8 118.2 115.8 114.9 113.3 112.8 112.5 109.7 110.1 110.2 109.4 110.5 112.1 112.5 112.1 111.5 110.5 107 105.5 103.9 100.3 95.6 92 88.5 84.6 79.6 74.3 67.5 60.6 53.3 50.2 47.3 43.6 38.7 34.9 29.4 25.5 20.6 15.9 11.8 9.1 5.8 5.4 4.9 4.8 4.5 4
153 149.9 148.1 147.2 142.8 135.5 125.6 122.2 122.2 121.3 121.5 122.2 121.8 124 126.4 130.9 134.4 138.7 143.6 152.7 157.3 162.9 173.8 181.4 187.6 188.6 189.6 185.6 174.1 160.7 148.9 138.1 130.7 125.1 120.8 117.9 116.4 115.5 113.8 112.2 109.7 109.2 107.6 106.5 105.9 105.2 104.6 104 103.4 103.6 103.2 104.1 103.7 103.7 102.8 101.5 99.7 96.4 92.5 88.8 85.3 81.3 76.5 70.6 64.9 58.2 51.4 47.6 45.2 41.8 37.7 34.3 29.1 25 19.9 15 10.8 7.6 5.9 5.5 5.1 4.8 4.6 5.3
158.6 157 152.7 152.2 151.8 145 134.6 127.6 124.7 125.2 124.5 125.5 126.5 128.3 130.5 134.3 138.8 142 145.8 152.3 157.8 162.7 170.7 179 183.8 186.7 187.7 182.2 168.9 156.7 144.4 133.7 126.9 120.6 117.1 114.5 112 110.2 108 106 105.5 104.7 102.4 102.3 101.5 100.3 99.8 100.3 100.1 99.5 99.2 99 98.6 98.5 97.7 95.6 93.3 90.7 88 84.9 81 76.1 72.3 67 61.2 54.9 49.7 46.3 42.6 38.5 35 31.6 28.8 25.1 20.4 16.3 11.6 8 5.9 5.6 5.5 5.4 5.2 6.3
167.7 166.3 164.4 156.1 154.8 152.9 145.3 132.6 127.9 128.8 130.5 128.9 130.5 132.3 135.9 138.7 142.9 146.3 149.4 153 157.8 163.5 169.6 178.8 182.3 185.3 183.1 176.9 162.9 151.7 139.1 130.3 123.5 117.8 114.3 110.5 107.6 105.4 102.7 102.7 100.9 99.9 97.7 97.8 97.1 96.8 96.1 96 95.2 93.9 93.2 93.2 93.3 93.4 92.5 91.1 88.5 86 83.5 79.9 75.9 71.6 67.4 63 57.6 51.8 48.4 44.7 41 36.9 32.3 29.1 26.6 24.8 21 17.3 12.6 9.2 6.8 6.2 6 6.1 6.3 7.8
174.1 173.1 172.6 166.3 158.7 157.3 153.3 144.5 132.7 132.6 135.3 133.9 137.5 137.6 139 141.3 145.2 149.1 151.9 156.1 159.4 163.4 168.1 177.9 182.3 182.8 178.3 166.3 155.6 144.8 135.9 127.4 120.3 114.9 110.4 105.9 102.5 100.1 99 97.6 95.2 94.6 94.5 93.7 92.7 90.8 89.7 88.6 87.9 87.5 88.7 88.4 89 88.3 87.6 86 83.7 81.2 77.8 74.4 70.7 66.7 62.5 58.1 52.8 48.9 45.8 42 38.6 34.1 30.2 26.8 23.9 22.3 19.5 16.1 12.1 9.2 7.3 6.7 6.4 7.1 6.7 9.1
177.9 176.3 174.5 173.4 166.4 161.4 158.5 153.4 144.2 136.1 137.3 139.7 139.6 141.9 145 145.6 147.6 152.3 154.2 157.3 160.4 164.1 167.8 173.9 178.4 178.1 171.9 159.2 148.7 138.5 131 124.8 117.9 111.8 107 101.5 98.2 95.8 94.3 91.8 91.6 90.7 90 88.7 87.2 85.9 85.2 84.5 84 84.5 84.6 84.9 84.6 83.5 82.1 81 78.6 74.6 71.4 68.6 65.1 61.6 57.3 53 49.4 46.2 42.7 38.7 35.3 31.4 28.1 25.6 22.9 20.3 18.1 16 12.4 9.3 7.9 7.5 7.1 6.8 6.1 6.6
180.3 179.9 178.2 176.6 173.3 166.8 162.8 158.8 154.5 146.2 141.3 142.8 144.2 144 146.2 149.2 151.3 153.4 156.9 159.8 161.5 164.7 168.2 172.2 175.1 171.1 161.1 150.8 141.3 133.5 127.7 122.2 115.3 109 103.5 99 94.7 92.8 91.2 88.6 87.8 87.4 85.6 84.9 83.9 81.7 80.4 79.7 78.6 79 79.2 79.2 79.3 78.5 77.2 75.8 73.3 70.1 66.7 62.8 59.9 55.7 51.7 48.7 46 42.8 39.5 35.8 32.1 29.7 27.1 24.1 21.7 18.7 17 15.2 12.1 10 8.5 8.1 7.1 6.6 6.4 6.3
184.5 184.8 183.8 180.5 177.9 170.4 163.4 160.2 158.9 154.5 150.9 145.8 147.1 149 147.8 150.2 153.4 155.1 159.1 161.8 162.5 165.5 165.4 168.6 167.1 160.7 150.2 142 134.4 128.3 122.6 118.2 111.7 106 101.7 96.7 92.9 89.9 88.2 86.1 85.8 84.3 81.7 80.8 78.9 78.5 76.3 75.2 73.4 72.7 72.5 72 71.8 71.6 71.3 69.8 67.5 64.7 61.6 57.8 53.6 50.5 47.7 45.2 42 38.9 35.6 32.6 30.5 28 25.1 22.5 20.5 17.9 15 13.1 11.2 10.2 9.2 8.1 7 7 6 5.1
189.1 188.2 188 187.8 180.5 175.4 167.4 161.5 160.1 160.3 160.6 157.3 152.1 151.5 153.1 151.3 154 157.2 160.1 161.9 162.3 161.7 161.8 161.3 158.1 150.1 141.9 134.8 128.1 123.2 118.6 113.2 107.6 103.4 99 94.7 91 86.9 83.9 82.4 82.2 80.2 79.5 78.3 77.2 75.4 74.4 72.5 70.1 68.6 67.1 66.2 65.3 64.6 63.9 62.7 61.4 59.4 56.5 53.2 50 46.8 43.4 40.7 37.4 34.8 32.3 30.2 27.7 26 23.5 21.5 19.4 16.9 14.4 11.9 10.9 10 10.2 10 8.2 5.6 6.2 4.3
190.8 190.1 189.8 190.2 186.5 176.9 168.5 161.6 161.4 163.4 164.6 166.2 162 157.4 155.4 157.1 154.6 157.6 161 158.6 156.1 155.7 156.9 153.7 146.7 139.7 132.7 126.6 122.3 117.9 114 108.6 104.7 100.6 97.2 92.3 89 84.7 82.1 79.1 77.8 76.7 75 74 72.7 71.4 70 68.1 66 64.1 62.4 60.9 59.4 58 56.7 55.5 54.2 52.8 51.3 48.8 47.1 43.7 40 35.9 33.4 30.8 28.8 26.6 25.4 24.4 22.5 20.4 18.2 15.7 13 12 10.8 10.5 13 12 9.6 6.1 3.1 -1.1
189.4 191.5 192.7 191.4 184.5 176 169.5 164.9 163.1 164.4 165.1 166.9 169.2 165.9 161.6 158.6 159 156 155.8 152.9 150.8 149.7 146.2 141.4 137 130.4 124.1 119.8 115.5 112.2 108.5 104.1 100.8 97.5 93.1 88.9 86.1 82.2 78.9 76.3 73.6 71.9 71.1 69.1 67.7 66.1 63.8 61.8 59.5 58 56.4 54.9 52.5 50.9 50 49.1 48.1 47.2 45.9 44.9 43.7 41.1 37.3 33.5 30.2 27.8 26.4 24.6 22.9 22 21.6 19.4 16.2 14.4 13.1 12.9 11.5 13.8 14 12.4 9.3 5.7 4.5 0.3
189.2 192.8 195.1 188.9 179.9 171.5 167.6 166.5 164.7 165 166.5 168.7 171.7 173.2 171 164.3 158.5 154.5 149.9 145.6 141.7 137 134.3 130.8 126.7 121.3 116.5 112.9 109.8 106.6 102.4 99.1 96.1 93 89.4 85.7 81.9 78.3 74.9 72 69.3 67.9 65.9 64.5 62.6 61.3 58.6 55.9 54.6 53.2 51.8 50 48.5 47.8 46.7 46 45.3 44 41.9 39.9 38.8 37.2 35.6 33.2 29.8 27 25.2 23.3 21.8 20.2 19.2 17.2 14.6 13.7 14.7 14.3 14.8 15.7 14.6 12.2 9.3 6.9 1.6 -1.1
192.3 194.1 194.2 186.3 177 169.2 168.1 167.5 166.5 166.1 168.1 170.5 172.4 174.9 174.5 167.2 158.1 151.3 144.1 137.7 131.2 127 123.9 120.8 117.7 113.4 110.5 107.9 105.6 101.7 98.2 95 92 88 84.3 80.6 77.1 73.7 70.8 67.3 65.1 63.2 61.4 60.1 58.2 56.4 54.6 53.3 52.4 50.6 49.9 48.2 45.9 44.5 43 42.4 42.6 41.7 39.1 38 35.8 34.6 33.4 32.5 30.5 27.8 25.6 22.9 21.1 19.5 17.9 16.3 15.9 16.9 16.4 18.6 18.3 17.7 16.7 14.7 12.1 9.1 5.1 -1.1
190.1 194.4 194.8 186.5 178.5 171.7 168.9 166.5 166.6 167.7 168.6 171.2 173.2 174.7 171.6 168 156.9 148 139.5 133.1 125.1 118.2 115.9 113.8 111.1 108 106 103.9 101.3 96.9 93.8 90.8 87.1 82.7 78.4 75.4 72.3 69.2 66.5 64.6 62.9 61.5 60 58.5 57.3 56.1 54.4 52.1 48.1 46.7 45.6 45.3 44 43.5 41.8 40.7 39.7 39.1 38.4 35.4 33.7 32.2 30.8 30 28.9 28.3 26.5 24.2 21 19.7 18.3 17 17.3 18.3 19.1 20.1 19.6 19.5 17.9 17 14 9.5 4.9 0.7
191.6 193.9 196.2 188 177.9 169.1 168.2 167.2 167.4 168.8 170.3 171.8 172.3 172.8 170.6 168.8 158.9 148.6 138.6 128.6 120.5 112.8 109.6 107.6 104.7 102 100.6 97.5 94.9 91.6 88.3 85.4 81.4 77.8 74.8 73.1 70.1 67.4 64 62.8 61.5 60.3 59.1 57.8 55.2 51.7 51.2 51.7 51.6 51.1 50.7 49.6 47.9 46.9 45.3 41.3 39.6 38.1 36.7 35.6 34.2 32.4 29.2 29.3 28 26.7 25.1 22.9 21.5 20.6 19.3 19.1 18.8 20 21.8 22.5 21.1 20.5 20.6 19.4 15.1 10 6.1 4.8
190.1 193.6 195.1 189 177.8 170 168.2 167.9 167.9 169.2 170.6 170 172.1 172 170.3 168.2 161.8 151 140.4 128.8 119.9 111 104.2 100.8 99.5 96.8 95.4 92.1 88.8 85.6 83 79 75.8 74.5 72.9 71.3 69.5 67.8 64.8 63 61.5 60.1 59 57.4 55.1 55.7 55 54 53.6 53.5 52.3 51 49.5 47.7 45.5 43.3 42.5 40.7 39.8 38 36.4 34.4 31.3 29 27.2 26.5 24.7 23.3 22.1 20.9 20.1 20.5 21.1 22.5 24 23.2 22.6 22.4 21.7 19.3 15 11.8 9.3 7.5
190.1 192.4 194.3 188.3 178.9 170 169.7 168 168.3 167 167.3 167.9 169.6 171.4 169.7 167.7 163 152.9 141.7 130 119.6 110.2 102.4 97.7 95.5 93.1 90.4 88.2 84.8 82.1 79.5 76.7 73.2 72.3 71 69.1 67.1 65.9 64 63 61.7 60.3 59.5 57.5 57.6 56.8 56.3 55.6 54.6 53.8 52.7 51.3 50 48.6 47.6 46.4 44.6 42.8 41.5 39.9 38.5 36.7 34.2 32.2 30.2 27.5 26.5 24.5 24 22.4 22.2 22.6 23.3 24.4 25.3 24.5 25.4 23.9 22.8 20.9 19 15.5 12.2 9.8
192.1 191.2 191.5 186 178 171.1 168.3 165.3 164.7 164.6 165.5 165.5 166.9 168.8 167.4 167.2 161.8 151.5 140.6 130.2 119.1 109.8 102.5 96.8 93.7 90.5 87.1 84.2 82.3 78.8 77 74.9 72.5 71 67.5 67 65.9 66.9 65.8 63.5 61.9 61 60.6 59.6 58.8 57.8 56.9 56.2 55.5 54.7 53.9 52.8 51.7 50.8 49.9 48.4 46.7 44.6 42.4 41.1 39.3 38.1 35.7 34.8 32 30.5 29.3 27 24.8 23.7 23 23.9 24.9 26.4 26.4 26.7 26.5 24.8 23.2 23.4 22.2 18 13.8 10
187.2 189.3 186 181.6 173.7 169.1 164.5 162.3 161.4 161.6 160.9 161.1 162.9 164.8 165.7 163.8 156.4 146.5 137.7 127.9 117.8 108.2 100.1 95.1 91.4 88.9 84.4 82.1 79.8 77.8 75.9 73.8 71.2 70.3 70.1 69.8 69.6 69.6 68.9 66.6 66.8 65.6 63.9 62 60.1 58.9 58.4 57.5 56.3 55.4 54.5 54 53 51.9 51.1 50 48.6 47.1 44.4 42.1 40.5 39 36.8 35 33.8 33 30.6 28 26.2 24.8 24.4 25.1 26 27.7 28.3 27.8 26.8 25.3 24.1 25.9 24 19.6 15 11.3
182.9 183.5 181.1 175.1 169.7 163.3 156.6 151.6 152.1 154.2 155.7 158.6 160.6 161.2 159.9 154.4 147.5 139.3 131.8 121.8 111.6 103.9 97.2 92.6 88.9 86.2 83.1 80.6 79 76.8 74.8 72.3 73.2 72.4 71.5 71.5 70.9 70.4 69.3 69 69.3 68.4 67.1 65.9 63.6 62.3 60.7 58.8 57.9 56.6 55.3 54.7 53.8 52.8 51.7 50.3 49.6 48.4 46.9 44.5 41.9 39.4 37.6 35.8 34.7 33.7 31.2 29.2 27.4 25.7 25.9 26.2 26.8 28 27.5 27.2 27 25.9 25.3 26.9 24.6 20.3 16.2 13.2
178.6 178.6 176.8 172.3 165.1 157.8 150.3 148.9 149.4 151.4 152.8 154.7 155.6 154.3 150.3 144.3 137.7 130.4 121.2 112.7 106.1 99.8 94.9 90.4 87.8 85 82 80.1 78.1 74.9 75.4 75.3 74.5 73.7 72.9 73.3 72.6 72.1 70.9 70.6 70.1 69.5 69.1 68.1 66.8 65.8 64.2 62 60 58.5 57 55.5 54.4 53.4 53 52 51.3 50 48.7 47 44.6 41.6 38.8 36.9 35.5 34.1 32.3 30.1 28.3 26.6 25.8 26.4 26.8 27.4 26.9 26.4 26.2 26.5 26.4 26.4 23.4 20.6 18.4 15.5
173.5 173.9 172 165.8 158.9 151.4 145.4 145 146.2 148.1 149.4 150.2 148.1 144.3 138.5 132.9 127.1 119.5 111.7 105.9 101.5 97 92.6 88.8 85.6 83.6 82.1 79.3 77 77.2 78.3 78 77.1 77.4 76.3 76.2 76.1 75 73.7 72.3 71 70.2 69.8 69.4 69 68.1 66.6 65.6 63.7 61.4 59.4 57.8 56.3 54.6 53.5 52.9 52.8 51.9 50.6 48.8 46.6 43.7 40.3 37.7 35.1 33.4 32.3 30.5 28.7 27.4 26.4 26.7 27.3 26.8 26.5 26.3 26.8 26.4 26.5 25.7 23.9 21.8 20.2 16.7
