Game/Highland_Data/StreamingAssets/GeoData/Data/ta/TA09.asc
ncols 200
nrows 200
xllcorner 500000
yllcorner 490000
cellsize 50
[rows 76 to 113 of 200, columns 0 to 83 of 200]
147.6 144.7 141 128.8 128.4 134.6 140.1 139.4 138.4 137.8 136.8 135.8 133.1 130.1 126.7 116.1 118.5 120.3 110.9 112.8 114.7 112.4 110.7 113.8 112.3 106.6 94.7 82 68.9 70.3 79.8 87.1 97.2 63.4 36.6 20.6 19.4 12.1 -1.6 -1.6 -1.6 -1.6 -1.6 -1.6 -1.6 -1.6 -1.6 -1.6 -1.6 -1.6 -1.6 -1.6 -1.6 -1.6 -1.6 -1.6 -1.6 -1.6 -1.6 -1.6 -1.6 -1.6 -1.6 -1.6 -1.6 -1.6 -1.6 -1.6 -1.6 -1.6 -1.6 -1.6 -1.6 -1.6 -1.6 -1.6 -1.6 -1.6 -1.6 -1.6 -1.6 -1.6 -1.6 -1.6
148.7 145.3 141.9 138 128.1 128 136 136.7 136 135.7 135.7 134.6 131.2 128.4 125.9 114.7 117.6 122.4 111.7 107.9 109.8 110.3 107.2 111.2 110.4 108.3 99.3 90.2 79.1 67.1 69.9 81.4 95.2 99.4 67.9 34.4 14.3 15.2 2.6 -1.6 -1.6 -1.6 -1.6 -1.6 -1.6 -1.6 -1.6 -1.6 -1.6 -1.6 -1.6 -1.6 -1.6 -1.6 -1.6 -1.6 -1.6 -1.6 -1.6 -1.6 -1.6 -1.6 -1.6 -1.6 -1.6 -1.6 -1.6 -1.6 -1.6 -1.6 -1.6 -1.6 -1.6 -1.6 -1.6 -1.6 -1.6 -1.6 -1.6 -1.6 -1.6 -1.6 -1.6 -1.6
149.4 144.2 144 141.6 134.4 122.6 128.8 133.5 133.2 133.7 134.4 134.5 131.1 127.4 123.1 114.6 112.4 119.3 111 104.8 107.3 104.4 106.8 109.6 108.7 106.1 100.5 93.8 87.9 73.9 65.5 73.4 89.8 99.4 99.5 73.6 30.9 13.1 6.8 -1.6 -1.6 -1.6 -1.6 -1.6 -1.6 -1.6 -1.6 -1.6 -1.6 -1.6 -1.6 -1.6 -1.6 -1.6 -1.6 -1.6 -1.6 -1.6 -1.6 -1.6 -1.6 -1.6 -1.6 -1.6 -1.6 -1.6 -1.6 -1.6 -1.6 -1.6 -1.6 -1.6 -1.6 -1.6 -1.6 -1.6 -1.6 -1.6 -1.6 -1.6 -1.6 -1.6 -1.6 -1.6
150.7 143.5 141.8 141 137.1 128.7 119.2 128.1 130.8 131.6 132.4 132.9 128.9 125.1 122.1 117.5 108.8 107.8 106.2 103.4 104.5 101.9 103.4 107.4 106.8 106.2 101.2 97.2 88.5 81.4 68.8 67.2 81.3 96.2 98.2 95.3 79.3 28.9 6.1 -1.6 -1.6 -1.6 -1.6 -1.6 -1.6 -1.6 -1.6 -1.6 -1.6 -1.6 -1.6 -1.6 -1.6 -1.6 -1.6 -1.6 -1.6 -1.6 -1.6 -1.6 -1.6 -1.6 -1.6 -1.6 -1.6 -1.6 -1.6 -1.6 -1.6 -1.6 -1.6 -1.6 -1.6 -1.6 -1.6 -1.6 -1.6 -1.6 -1.6 -1.6 -1.6 -1.6 -1.6 -1.6
150.1 142.8 139.3 139.1 136.6 131.9 124.1 120.1 127.7 128.7 129.4 129.4 126.2 122.8 120.2 117.8 114.7 112.9 107.8 102.3 101.7 102.8 100.8 102.1 104.8 103.4 99.9 96.8 88.7 78.2 72.6 66.9 77.9 92.1 96.8 94 89.7 83.1 35.3 -1.6 -1.6 -1.6 -1.6 -1.6 -1.6 -1.6 -1.6 -1.6 -1.6 -1.6 -1.6 -1.6 -1.6 -1.6 -1.6 -1.6 -1.6 -1.6 -1.6 -1.6 -1.6 -1.6 -1.6 -1.6 -1.6 -1.6 -1.6 -1.6 -1.6 -1.6 -1.6 -1.6 -1.6 -1.6 -1.6 -1.6 -1.6 -1.6 -1.6 -1.6 -1.6 -1.6 -1.6 -1.6
149.4 143.2 135.9 136.4 134.6 130.8 124.5 116 124.7 125.8 126.1 126.1 123.6 119.9 117.6 117.5 115.1 112.4 109.3 103.4 100.7 105 100.6 100 101.9 100.8 97.7 95.6 92.3 80.2 73.1 67.9 69 85.2 94.1 92 89 84.8 67.9 2.4 -1.6 -1.6 -1.6 -1.6 -1.6 -1.6 -1.6 -1.6 -1.6 -1.6 -1.6 -1.6 -1.6 -1.6 -1.6 -1.6 -1.6 -1.6 -1.6 -1.6 -1.6 -1.6 -1.6 -1.6 -1.6 -1.6 -1.6 -1.6 -1.6 -1.6 -1.6 -1.6 -1.6 -1.6 -1.6 -1.6 -1.6 -1.6 -1.6 -1.6 -1.6 -1.6 -1.6 -1.6
148.9 144.6 137.1 133.6 132.8 128.7 122.5 115.8 122.5 123.7 124.4 124.1 121.6 117.2 115.5 115.1 110.3 107.4 106.3 100.7 99.4 102.8 101.6 98.3 98.9 99.1 96.2 94 92.2 87.2 74.1 68.7 64.8 78.3 89.8 90.2 86.3 83.4 80.9 7.3 -1.6 -1.6 -1.6 -1.6 -1.6 -1.6 -1.6 -1.6 -1.6 -1.6 -1.6 -1.6 -1.6 -1.6 -1.6 -1.6 -1.6 -1.6 -1.6 -1.6 -1.6 -1.6 -1.6 -1.6 -1.6 -1.6 -1.6 -1.6 -1.6 -1.6 -1.6 -1.6 -1.6 -1.6 -1.6 -1.6 -1.6 -1.6 -1.6 -1.6 -1.6 -1.6 -1.6 -1.6
146.4 143.6 136.6 129.5 131.6 126.8 119.7 113.9 120.5 121.9 122.3 122.2 119 114.9 114.1 113 110.1 107.2 102.5 98.1 99.5 102.4 99.9 96.1 97.1 96.9 93.6 91.9 90.7 89.9 77.3 69.4 64.1 76.5 87.3 88.4 85.2 82.2 80.1 28 -1.6 -1.6 -1.6 -1.6 -1.6 -1.6 -1.6 -1.6 -1.6 -1.6 -1.6 -1.6 -1.6 -1.6 -1.6 -1.6 -1.6 -1.6 -1.6 -1.6 -1.6 -1.6 -1.6 -1.6 -1.6 -1.6 -1.6 -1.6 -1.6 -1.6 -1.6 -1.6 -1.6 -1.6 -1.6 -1.6 -1.6 -1.6 -1.6 -1.6 -1.6 -1.6 -1.6 -1.6
143.6 140.8 133.8 127.3 129.2 126.1 121 111.5 118 120.5 120.5 119.6 116.3 112.7 112 110 108.5 103.7 97.8 97.8 101.6 101 97.6 95.8 93.3 92.2 92.2 90.4 88.9 87.9 76.7 69.5 63.9 76.7 85.6 86.1 83.2 80.7 78.6 67.9 6.2 -1.6 -1.6 -1.6 -1.6 -1.6 -1.6 -1.6 -1.6 -1.6 -1.6 -1.6 -1.6 -1.6 -1.6 -1.6 -1.6 -1.6 -1.6 -1.6 -1.6 -1.6 -1.6 -1.6 -1.6 -1.6 -1.6 -1.6 -1.6 -1.6 -1.6 -1.6 -1.6 -1.6 -1.6 -1.6 -1.6 -1.6 -1.6 -1.6 -1.6 -1.6 -1.6 -1.6
140 137 129 126.2 128 125.4 120.7 111.3 114.5 117.5 118 116.2 113.6 110.6 109.1 107.7 106.3 100.6 96.6 98.2 100.7 98.8 95.5 94.8 92.4 90.7 92 91.2 88.2 87 74 69.8 65.5 80.1 84.8 83.4 80.9 78.7 76.5 70.7 35.3 -1.6 -1.6 -1.6 -1.6 -1.6 -1.6 -1.6 -1.6 -1.6 -1.6 -1.6 -1.6 -1.6 -1.6 -1.6 -1.6 -1.6 -1.6 -1.6 -1.6 -1.6 -1.6 -1.6 -1.6 -1.6 -1.6 -1.6 -1.6 -1.6 -1.6 -1.6 -1.6 -1.6 -1.6 -1.6 -1.6 -1.6 -1.6 -1.6 -1.6 -1.6 -1.6 -1.6
134 131.7 124.2 124.1 126.8 124.2 119.3 112 112.5 114.9 114 113.2 110.6 109.2 107.2 103 101 96.7 94.9 96.2 98.5 96.8 94.5 94.5 91.3 88.3 89.1 88.4 85.1 80.8 71.4 67.3 65.8 80 83.1 81.4 76.1 74.6 72.1 62.9 55 1.6 -1.6 -1.6 -1.6 -1.6 -1.6 -1.6 -1.6 -1.6 -1.6 -1.6 -1.6 -1.6 -1.6 -1.6 -1.6 -1.6 -1.6 -1.6 -1.6 -1.6 -1.6 -1.6 -1.6 -1.6 -1.6 -1.6 -1.6 -1.6 -1.6 -1.6 -1.6 -1.6 -1.6 -1.6 -1.6 -1.6 -1.6 -1.6 -1.6 -1.6 -1.6 -1.6
128.3 125.9 121.8 121.4 124.2 121.9 116.2 107.4 112.4 112.2 111.9 111.1 108 105 101.1 98.7 96.7 95 93.9 93.8 94.1 94.5 94.3 94.5 92.9 87.5 84.7 84.3 80.7 69.7 65 64.7 64.4 76.2 75.5 75 68.9 61.4 56.3 48.7 36.2 3.7 -1.6 -1.6 -1.6 -1.6 -1.6 -1.6 -1.6 -1.6 -1.6 -1.6 -1.6 -1.6 -1.6 -1.6 -1.6 -1.6 -1.6 -1.6 -1.6 -1.6 -1.6 -1.6 -1.6 -1.6 -1.6 -1.6 -1.6 -1.6 -1.6 -1.6 -1.6 -1.6 -1.6 -1.6 -1.6 -1.6 -1.6 -1.6 -1.6 -1.6 -1.6 -1.6
124.7 122.6 120.3 118.9 121.1 118.1 113.3 103.2 104.5 108.7 108.9 106.8 100.8 98.8 101 101.1 98.9 96.4 94.3 93.5 92.9 90.6 90.8 91.8 91.3 88.8 85.6 82.6 74.8 64.4 62.7 61.4 61.5 63.1 62.6 60.6 58.8 56.2 51.5 45.7 38.7 4.3 -1.6 -1.6 -1.6 -1.6 -1.6 -1.6 -1.6 -1.6 -1.6 -1.6 -1.6 -1.6 -1.6 -1.6 -1.6 -1.6 -1.6 -1.6 -1.6 -1.6 -1.6 -1.6 -1.6 -1.6 -1.6 -1.6 -1.6 -1.6 -1.6 -1.6 -1.6 -1.6 -1.6 -1.6 -1.6 -1.6 -1.6 -1.6 -1.6 -1.6 -1.6 -1.6
121.6 117.7 116.3 119.2 119 114.5 110.2 98.7 96.4 97.8 100.5 103.9 107 104.5 108.9 105.9 102.5 99.4 96.6 92.9 88.4 86.9 89.1 87.3 86.9 86.4 85.2 75.7 66.2 62 61.9 62 62.9 60.1 58.3 57.8 57.6 54.7 51.9 45.7 38.1 6.2 -1.6 -1.6 -1.6 -1.6 -1.6 -1.6 -1.6 -1.6 -1.6 -1.6 -1.6 -1.6 -1.6 -1.6 -1.6 -1.6 -1.6 -1.6 -1.6 -1.6 -1.6 -1.6 -1.6 -1.6 -1.6 -1.6 -1.6 -1.6 -1.6 -1.6 -1.6 -1.6 -1.6 -1.6 -1.6 -1.6 -1.6 -1.6 -1.6 -1.6 -1.6 -1.6
114.6 111.8 111.1 114.5 112.4 108.7 101.2 95 97.2 104 108.6 112.9 112 108.9 111.8 109.1 105.9 102.2 99.2 96 89.2 81.3 84.6 87.4 83.5 77.5 72 64.2 61.4 62 66.2 70 68.3 60.6 58.8 58.2 56.5 53.8 46.7 39.6 33.8 10.6 -1.6 -1.6 -1.6 -1.6 -1.6 -1.6 -1.6 -1.6 -1.6 -1.6 -1.6 -1.6 -1.6 -1.6 -1.6 -1.6 -1.6 -1.6 -1.6 -1.6 -1.6 -1.6 -1.6 -1.6 -1.6 -1.6 -1.6 -1.6 -1.6 -1.6 -1.6 -1.6 -1.6 -1.6 -1.6 -1.6 -1.6 -1.6 -1.6 -1.6 -1.6 -1.6
109.5 108.5 108.3 108.2 106.6 101.3 94.1 96.5 100.4 104.5 107 108.2 110.7 111.6 111.5 108.6 105.8 104.2 101 99.1 95.6 80.8 80.1 84.3 84 75.5 63.8 61.4 61.5 62.6 67.1 70.5 68 59.8 59.5 59 57 53.8 45.8 40.5 33.6 3.8 -1.6 -1.6 -1.6 -1.6 -1.6 -1.6 -1.6 -1.6 -1.6 -1.6 -1.6 -1.6 -1.6 -1.6 -1.6 -1.6 -1.6 -1.6 -1.6 -1.6 -1.6 -1.6 -1.6 -1.6 -1.6 -1.6 -1.6 -1.6 -1.6 -1.6 -1.6 -1.6 -1.6 -1.6 -1.6 -1.6 -1.6 -1.6 -1.6 -1.6 -1.6 -1.6
108.6 105.4 104.8 104.7 104.2 97.6 93.4 98.6 100.3 102 104.3 104.7 108.4 110.8 109.8 106.9 106.7 105.5 101.4 98.7 92 77.2 77.6 82 80.3 66.4 64 64.8 62 62.6 64.9 65.9 64.3 60.4 60.6 59.4 55.8 48.3 42.4 36.7 32.1 2.6 -1.6 -1.6 -1.6 -1.6 -1.6 -1.6 -1.6 -1.6 -1.6 -1.6 -1.6 -1.6 -1.6 -1.6 -1.6 -1.6 -1.6 -1.6 -1.6 -1.6 -1.6 -1.6 -1.6 -1.6 -1.6 -1.6 -1.6 -1.6 -1.6 -1.6 -1.6 -1.6 -1.6 -1.6 -1.6 -1.6 -1.6 -1.6 -1.6 -1.6 -1.6 -1.6
111.7 106.2 102.8 103.6 103.2 93.4 94.7 99.8 100.4 98.7 102 102.7 107.1 107.6 107.4 105.2 106 106 102.4 97.2 83.6 75.9 72.3 79.3 76.2 63.8 65 66.3 63.2 66.4 65.8 62.1 60.7 60 59.3 58 51.5 44.9 37.1 27.4 23.2 1.2 -1.6 -1.6 -1.6 -1.6 -1.6 -1.6 -1.6 -1.6 -1.6 -1.6 -1.6 -1.6 -1.6 -1.6 -1.6 -1.6 -1.6 -1.6 -1.6 -1.6 -1.6 -1.6 -1.6 -1.6 -1.6 -1.6 -1.6 -1.6 -1.6 -1.6 -1.6 -1.6 -1.6 -1.6 -1.6 -1.6 -1.6 -1.6 -1.6 -1.6 -1.6 -1.6
119.5 108.8 102.3 100 97.3 91.8 95 99.1 100 94.7 98.5 100.9 104.2 103.1 103.2 103.4 106 106.9 103.7 97.9 78.2 77 68.4 68 66.3 60 61.1 62.7 65.7 65.3 63 61 59.5 58.7 58.4 53.8 44.9 40.1 30.1 21.3 4.2 -1.6 -1.6 -1.6 -1.6 -1.6 -1.6 -1.6 -1.6 -1.6 -1.6 -1.6 -1.6 -1.6 -1.6 -1.6 -1.6 -1.6 -1.6 -1.6 -1.6 -1.6 -1.6 -1.6 -1.6 -1.6 -1.6 -1.6 -1.6 -1.6 -1.6 -1.6 -1.6 -1.6 -1.6 -1.6 -1.6 -1.6 -1.6 -1.6 -1.6 -1.6 -1.6 -1.6
126.3 112.8 105.1 97.9 93.7 91.2 94.4 97.9 92 87.3 92.4 98.9 101 101.1 101.4 102.9 103.2 104.4 104 94.4 75.5 77.2 73.8 64.7 61.3 58.7 58.6 64.1 64.1 61.7 60.4 59.8 58.5 57.1 54.1 48 42.4 37.5 31.3 20.8 2.8 -1.6 -1.6 -1.6 -1.6 -1.6 -1.6 -1.6 -1.6 -1.6 -1.6 -1.6 -1.6 -1.6 -1.6 -1.6 -1.6 -1.6 -1.6 -1.6 -1.6 -1.6 -1.6 -1.6 -1.6 -1.6 -1.6 -1.6 -1.6 -1.6 -1.6 -1.6 -1.6 -1.6 -1.6 -1.6 -1.6 -1.6 -1.6 -1.6 -1.6 -1.6 -1.6 -1.6
132.9 120 111.2 99.1 94.1 91.2 94.1 89.8 87.6 86.2 85.6 94.3 97.7 100.3 101.6 103.6 103.5 101.3 102 89.1 74.2 77.6 76.8 67.4 59.4 57.8 57.3 58 58.1 57.8 58.2 58.4 56.7 54.7 53 46.9 42.5 37.3 32.4 32.6 1.8 -1.6 -1.6 -1.6 -1.6 -1.6 -1.6 -1.6 -1.6 -1.6 -1.6 -1.6 -1.6 -1.6 -1.6 -1.6 -1.6 -1.6 -1.6 -1.6 -1.6 -1.6 -1.6 -1.6 -1.6 -1.6 -1.6 -1.6 -1.6 -1.6 -1.6 -1.6 -1.6 -1.6 -1.6 -1.6 -1.6 -1.6 -1.6 -1.6 -1.6 -1.6 -1.6 -1.6
138.2 129.8 117 101.8 93.9 92.3 89.7 89.9 97.3 93.5 84.4 88.4 94.6 97.8 100.7 102.5 102.6 100.4 95.1 78.1 73.2 84.4 85.6 68.4 57.9 57.1 56.6 56.3 55.2 55.5 56 56.7 55.8 54.1 50.3 45 41 37.5 33.4 32.5 1.1 -1.6 -1.6 -1.6 -1.6 -1.6 -1.6 -1.6 -1.6 -1.6 -1.6 -1.6 -1.6 -1.6 -1.6 -1.6 -1.6 -1.6 -1.6 -1.6 -1.6 -1.6 -1.6 -1.6 -1.6 -1.6 -1.6 -1.6 -1.6 -1.6 -1.6 -1.6 -1.6 -1.6 -1.6 -1.6 -1.6 -1.6 -1.6 -1.6 -1.6 -1.6 -1.6 -1.6
138.9 134 122.2 108.6 99 92.7 94.2 96.9 98.3 94.4 85.8 82.1 91 93.3 96.7 99.4 99.7 99.6 92.9 72.8 75.9 87.3 79.2 62.8 56.5 56.2 55.9 56 54.8 54.9 55.3 55.8 54.7 53.1 47.9 42.8 39.9 36.5 33.3 31.7 -1.6 -1.6 -1.6 -1.6 -1.6 -1.6 -1.6 -1.6 -1.6 -1.6 -1.6 -1.6 -1.6 -1.6 -1.6 -1.6 -1.6 -1.6 -1.6 -1.6 -1.6 -1.6 -1.6 -1.6 -1.6 -1.6 -1.6 -1.6 -1.6 -1.6 -1.6 -1.6 -1.6 -1.6 -1.6 -1.6 -1.6 -1.6 -1.6 -1.6 -1.6 -1.6 -1.6 -1.6
138 134.4 128.1 117.2 106.7 102.1 101.6 99.8 97.7 95.7 89 77.8 84.9 89.8 92 94.9 96.7 96.8 86.6 72 79.1 86.3 73.7 59.4 56.2 56.5 56.3 57.2 54.5 54.4 54.9 54.1 53 51.8 46.9 42.8 39.3 34.6 27.3 19 -1.6 -1.6 -1.6 -1.6 -1.6 -1.6 -1.6 -1.6 -1.6 -1.6 -1.6 -1.6 -1.6 -1.6 -1.6 -1.6 -1.6 -1.6 -1.6 -1.6 -1.6 -1.6 -1.6 -1.6 -1.6 -1.6 -1.6 -1.6 -1.6 -1.6 -1.6 -1.6 -1.6 -1.6 -1.6 -1.6 -1.6 -1.6 -1.6 -1.6 -1.6 -1.6 -1.6 -1.6
137.3 134.6 130.3 123.2 114.5 107.7 102.2 98.8 97.2 95.6 90.7 79.2 78.2 82.9 87.4 91.1 94.6 98.1 91.9 72.7 76.9 82.1 67.8 57.1 55.7 57.1 57 55.4 54.6 54.4 53.9 53.1 52.2 50.9 46.7 39.7 35 31.3 33.9 6.9 0.9 -1.6 1.2 1.7 3.1 2.9 -1.6 -1.6 -1.6 -1.6 -1.6 -1.6 -1.6 -1.6 -1.6 -1.6 -1.6 -1.6 -1.6 -1.6 -1.6 -1.6 -1.6 -1.6 -1.6 -1.6 -1.6 -1.6 -1.6 -1.6 -1.6 -1.6 -1.6 -1.6 -1.6 -1.6 -1.6 -1.6 -1.6 -1.6 -1.6 -1.6 -1.6 -1.6
137.5 135.1 130.9 125.7 117.2 107.2 100.7 98 96.2 94.6 90.7 85.7 77.9 72.8 79.2 87.5 91.9 94.1 91.8 73.5 74.6 78.8 65.5 55.4 56.1 57.4 57.7 55.1 56 54.5 53.1 52.1 51.2 48.8 44.5 38.7 38.5 36.4 35.7 33.5 29.5 32.4 30.6 27.9 26.1 25 23.9 10.5 3.3 1.9 1.6 -1.6 -1.6 -1.6 -1.6 -1.6 -1.6 -1.6 -1.6 -1.6 -1.6 -1.6 -1.6 -1.6 -1.6 -1.6 -1.6 -1.6 -1.6 -1.6 -1.6 -1.6 -1.6 -1.6 -1.6 -1.6 -1.6 -1.6 -1.6 -1.6 -1.6 -1.6 -1.6 -1.6
136.4 135.1 132.4 128.1 119.7 106.7 99.4 98.5 97.3 91.9 89.9 85 83.2 79.8 71.2 79.6 86 89.1 80.9 71.9 77.3 75.8 63.3 54.7 55.6 57.9 57.3 56.7 55.3 52.7 51.7 51.3 49.5 42.5 41.1 42.9 40.4 37.1 35.5 35.1 34 32.7 31 30.5 31.2 30.1 24.8 30.9 32.7 32.2 30.5 1.9 -1.6 -1.6 -1.6 -1.6 -1.6 -1.6 -1.6 -1.6 -1.6 -1.6 -1.6 -1.6 -1.6 -1.6 -1.6 -1.6 -1.6 -1.6 -1.6 -1.6 -1.6 -1.6 -1.6 -1.6 -1.6 -1.6 -1.6 -1.6 -1.6 -1.6 -1.6 -1.6
135.4 136.5 135.3 130.7 121.2 109.8 99.1 98.3 99.1 89.2 78.3 78.9 83.3 82.1 73.5 73.7 79.9 78.7 70.5 72.2 76.7 74.1 60.8 54.7 55.7 58.4 59.7 57.4 54 51.1 48.7 47.3 44.9 45.2 46 46.3 43.3 39.2 38 37.3 35.9 35.3 34.4 37.2 36.8 35.5 31 34.4 32.3 28.9 26.9 23.7 1.6 -1.6 -1.6 -1.6 -1.6 -1.6 -1.6 -1.6 -1.6 -1.6 -1.6 -1.6 -1.6 -1.6 -1.6 -1.6 -1.6 -1.6 -1.6 -1.6 -1.6 -1.6 -1.6 -1.6 -1.6 -1.6 -1.6 -1.6 -1.6 -1.6 -1.6 -1.6
135.4 136.1 135.7 132.7 126.3 115.7 99.7 97.7 98.1 88.4 73.1 73.1 88.1 87.1 75.2 65.5 70.6 69 70.4 69.9 74.1 67.5 56.8 54.2 54.5 57.9 58 54.8 51.8 49.4 46.9 46.3 48.4 49.4 49.8 49.2 45.4 42.3 40.8 40.5 39 38 38.1 38.7 38.1 35.1 33.2 33.9 35.7 35.5 34.7 33.2 5 -1.6 -1.6 -1.6 -1.6 -1.6 -1.6 -1.6 -1.6 -1.6 -1.6 -1.6 -1.6 -1.6 -1.6 -1.6 -1.6 -1.6 -1.6 -1.6 -1.6 -1.6 -1.6 -1.6 -1.6 -1.6 -1.6 -1.6 -1.6 -1.6 -1.6 -1.6
135.6 134.3 134.2 132.8 130 120.3 105.4 97 94.3 85.6 73.3 71.6 86.3 85.8 74.4 63.8 63.4 66.3 66.7 66.3 65.8 59.9 55.3 53.4 52.7 56.1 55.8 52.8 50.2 47.6 48.7 51.3 51.7 52 51.6 49.3 48.7 46.3 44.6 43.7 42.3 41 40.1 40 39.6 37 36.4 37.6 38.5 38.1 37 35.3 30.3 1.7 -1.6 -1.6 -1.6 -1.6 -1.6 -1.6 -1.6 -1.6 -1.6 -1.6 -1.6 -1.6 -1.6 -1.6 -1.6 -1.6 -1.6 -1.6 -1.6 -1.6 -1.6 -1.6 -1.6 -1.6 -1.6 -1.6 -1.6 -1.6 -1.6 -1.6
134.1 133.4 131.9 130.7 129.9 125.4 111.9 97.8 92.5 84 73.1 69.7 81.7 86 69.6 61.9 61.8 63.3 65.6 64.7 63.5 58.1 54.6 52.7 52.5 54.3 53.7 50.9 49.8 50.9 52.6 53.6 53.9 53.8 52.1 52.6 51.5 49.9 48.5 47.2 45.4 44 42.8 41.3 40.9 39.7 41.4 41.9 41.3 40.1 39 37.1 34.5 3.2 0.8 -1.6 -1.6 -1.6 -1.6 -1.6 -1.6 -1.6 -1.6 -1.6 -1.6 -1.6 -1.6 -1.6 -1.6 -1.6 -1.6 -1.6 -1.6 -1.6 -1.6 -1.6 -1.6 -1.6 -1.6 -1.6 -1.6 -1.6 -1.6 -1.6
132.3 132.2 130.6 128.8 128.4 127.2 116.3 100.6 91.5 80.7 70.8 68.5 82.1 84 66.9 60.7 60.7 62.5 65.3 63.7 61.3 57.2 53.1 52.5 52.3 52.6 51.7 50.2 51.3 53.3 54.4 55.6 55.6 55.4 54.4 53.7 53.4 52.1 50.8 49.3 47.4 46.1 44.2 41.8 40 42.4 45 43.8 42 41.2 40.4 38 35.5 10.7 1.5 -1.6 -1.6 -1.6 -1.6 -1.6 -1.6 -1.6 -1.6 -1.6 -1.6 -1.6 -1.6 -1.6 -1.6 -1.6 -1.6 -1.6 -1.6 -1.6 -1.6 -1.6 -1.6 -1.6 -1.6 -1.6 -1.6 -1.6 -1.6 -1.6
130.8 131.1 128.4 127 126.6 125.9 122 103.9 88 75.2 66.4 70.5 81.6 81.8 64.5 59.7 60.1 61.6 64.1 61.9 58.8 55.4 52.8 51.3 51.5 50.5 49.6 50.4 52.4 54 55.3 56.3 56.8 57.4 57.4 56.6 55.7 54.4 53.1 51.4 49.5 48.7 46.7 44.2 42.9 44.5 45.7 44.4 43.1 42.3 41.4 38.9 36.7 35.3 1.7 -1.6 -1.6 -1.6 -1.6 -1.6 -1.6 -1.6 -1.6 -1.6 -1.6 -1.6 -1.6 -1.6 -1.6 -1.6 -1.6 -1.6 -1.6 -1.6 -1.6 -1.6 -1.6 -1.6 -1.6 -1.6 -1.6 -1.6 -1.6 -1.6
130.6 128.4 126.2 125.3 125.3 124.8 119.1 108 84.6 69.7 65.2 73.1 80.5 81.3 64.9 59.1 58.6 60.3 62.4 60.3 56.9 53.6 51.5 50 50.3 50 49.8 51.1 53.2 54.6 55.9 57.3 58.6 60.4 61.1 60.1 58.3 56.7 55.4 53.5 52 50.9 48.3 46 46.6 47.1 46 45.2 43.9 43.1 42.4 40.3 37.3 34.7 2.1 -1.6 -1.6 -1.6 -1.6 -1.6 -1.6 -1.6 -1.6 -1.6 -1.6 -1.6 -1.6 -1.6 -1.6 -1.6 -1.6 -1.6 -1.6 -1.6 -1.6 -1.6 -1.6 -1.6 -1.6 -1.6 -1.6 -1.6 -1.6 -1.6
127.8 126.2 124.3 123.5 123.6 122 117.3 109.3 87.1 68.3 64.4 69.9 75.9 80.4 71.1 58.6 58 59 60.8 58.4 54.8 51.5 49.7 49.3 51.2 50.4 51.3 51.8 54 55.3 57.1 59.6 62.4 64.7 65.5 62.3 60 58.3 57.1 55.4 53.7 51.9 49.2 48.1 48.8 48.7 47.4 46.3 45.1 43.8 43.2 42 39.2 35.2 7.2 1.4 -1.6 -1.6 -1.6 -1.6 -1.6 -1.6 -1.6 -1.6 -1.6 -1.6 -1.6 -1.6 -1.6 -1.6 -1.6 -1.6 -1.6 -1.6 -1.6 -1.6 -1.6 -1.6 -1.6 -1.6 -1.6 -1.6 -1.6 -1.6
123.5 123.1 121.7 120.8 120.1 115.7 114 106 89.3 72.8 64.6 64.8 68.8 73.4 71.1 59.4 57.3 57.8 59.4 57.2 54.1 50.7 49.5 49.8 50.5 51.6 51.6 52.4 55.2 57.9 63.2 66.1 67.5 66.5 64.4 62.2 60.4 58.6 57.2 55.4 53.7 51.8 50.3 49.1 49.5 48.6 47.7 46.8 46.1 44.9 43.9 43.4 40.5 37.4 26 1.5 -1.6 -1.6 -1.6 -1.6 -1.6 -1.6 -1.6 -1.6 -1.6 -1.6 -1.6 -1.6 -1.6 -1.6 -1.6 -1.6 -1.6 -1.6 -1.6 -1.6 -1.6 -1.6 -1.6 -1.6 -1.6 -1.6 -1.6 -1.6
119.5 119.3 118.2 118.6 117.5 112.3 109.1 100.7 91.5 82.1 69.9 63.4 63.1 65.5 63.5 58.2 57.1 57.4 58.7 58.6 53.8 50.9 48.6 50.4 50.8 51.2 51.6 53.7 59.3 65.8 70.5 70.2 68 65.9 64.2 62.6 60.8 59.1 57.8 56.3 54.9 53.3 50.7 49.3 49.8 48.6 47.7 46.7 45.9 45.4 44.9 44.6 42.3 39.9 37.8 1.6 -1.6 -1.6 -1.6 -1.6 -1.6 -1.6 -1.6 -1.6 -1.6 -1.6 -1.6 -1.6 -1.6 -1.6 -1.6 -1.6 -1.6 -1.6 -1.6 -1.6 -1.6 -1.6 -1.6 -1.6 -1.6 -1.6 -1.6 -1.6
114.9 114.9 115.4 116.2 115.8 110.2 103.7 94.4 99.1 95.6 78.3 66.3 60.6 60.5 58.9 57 57.4 58.1 59.4 56.7 51.8 51.4 52.2 51.1 50.6 51.3 52.3 57.3 64.2 71.9 74.2 72.3 69.3 67.3 65.6 63.4 61.4 60.6 59.9 58.4 56.9 54.9 51.8 50.3 50.6 49.6 48.3 46.9 45.6 45.8 46.4 45.7 43.9 41.9 40.3 1.8 -1.6 -1.6 -1.6 -1.6 -1.6 -1.6 -1.6 -1.6 -1.6 -1.6 -1.6 -1.6 -1.6 -1.6 -1.6 -1.6 -1.6 -1.6 -1.6 -1.6 -1.6 -1.6 -1.6 -1.6 -1.6 -1.6 -1.6 -1.6
