Game/Highland_Data/StreamingAssets/GeoData/Data/ta/TA26.asc
ncols 200
nrows 200
xllcorner 520000
yllcorner 460000
cellsize 50
[rows 0 to 37 of 200, columns 0 to 83 of 200]
45.2 44 44.2 46.5 47.2 48 48.7 47.8 47.1 46.5 45 44.5 45.3 45.2 44.7 44.5 42.7 41.4 38 40.1 38.9 38.7 38.6 43.9 44.5 43.7 38.8 38.8 50.2 47.6 48 49.3 50.6 51.5 51.4 51.3 51.1 50.9 50.9 49.7 48.9 49.4 48.1 45.4 42.8 41.1 40.1 38.9 37.6 36.2 36.3 36.2 39.1 41.5 43.5 43.9 44.1 44.7 43.7 42.5 41.5 41 40.4 39.4 35.1 36.8 41.1 42.5 43 42.6 41.5 40.6 40.3 40.1 41 41.6 42.8 42.1 41.5 41.4 42.1 42.5 41.1 42.6
45.2 43.8 43.4 45.7 46.6 47.2 47.5 47.1 45.3 45.1 45.9 46 46.9 47.3 46.7 45.7 45 44.9 44.3 43.7 42.9 43 43.5 35.8 44.3 42.2 35 40.7 45.3 45.5 46.4 47.6 48.8 49.8 50.7 50.9 50.5 50.1 50.1 50 48.7 48.4 47.4 45.2 42.3 41 40.2 39.3 38.2 36.3 37.1 36.9 37.9 41.3 43.8 44.4 43.7 44.7 43.2 42.1 41.3 40.6 39.9 39.1 35.8 35 39.4 41.5 41.8 42 41.7 40.7 39.7 39 39.1 40.4 42.4 41.7 40.8 41.5 42.1 41.4 42.5 42.5
44.5 43.9 42.3 42.9 45.2 46 46 44.7 44.8 46.6 47.4 47.5 47.6 47.6 47.6 47.9 47.6 46.7 46.7 46.3 46.1 45.3 45.9 45.6 33 31.1 28.4 37.9 44.9 43.7 44.9 46 47.2 48.5 49.4 50.1 49.8 49.4 49.3 49.5 49.4 48.6 47.2 43.8 42.4 41 40.1 39.2 38.2 37 36.3 36.4 38 40.4 41.8 43.7 43.5 44.3 43.5 42.1 41.1 40.3 39.6 38.8 38.3 34.2 35.2 38.8 40.3 40.7 39.9 38.4 38.8 37.2 38 40.2 41.4 40.8 40.8 41.4 41.1 41.9 43.1 42.3
43.5 44 42.4 42.6 43 43.5 43 44.5 47.5 47.1 46.2 46.9 47.9 47.9 47.8 48 48.4 48.4 47.9 46.9 46.8 46.9 46.5 45.4 44.1 41.4 33.6 28.5 39.1 43.6 43.3 44.8 46.4 48.1 48.7 49 49 48.6 48 48.2 48.6 48 44.2 42.1 40.8 40.6 39.6 38.5 37.3 37.3 35.8 36.1 38.6 41 41.6 42.3 43.7 43.8 43.8 42.6 41.3 40.6 39.8 39.7 40 38 33.4 34.8 37.8 38.9 38.6 36.3 38 36.8 38.3 38.8 39.3 40 41.1 40.5 40.1 42.1 43.1 43.3
42.4 42 41.5 40.9 40.5 41.1 44.4 46.6 46.2 45.4 45.3 46.9 48.3 48.2 48 48.2 48.9 49.1 48.5 47.5 47.2 46.9 46.4 45.9 45 43.4 38.6 24.9 31.9 37.8 43.8 43.7 45.4 47.4 47.6 47.9 48.2 47.7 47.2 46.6 46.8 45.1 42.1 41 40.3 40 39.8 38.7 37.4 36.7 36.8 36.6 38.9 40.7 41.5 42 43.2 44 44.1 43.2 41.7 40.8 40.7 40.8 40.8 39.7 36.9 31.1 35 36.6 36.8 37.8 38.2 38.1 38.3 38.9 39.4 40.6 40.6 40.1 40.3 42.5 43.1 43.2
43.3 42.5 42.1 41.8 40.5 42.2 43.7 43.8 43.7 45.7 47.8 48.4 48.5 48.3 48.1 48.2 48.4 48.6 48.1 47.6 47.2 46.6 46.1 45.4 44.8 43.5 42.1 36.5 22 31.6 38.8 42.5 44.6 46.5 46.8 47 47.2 46.9 46.3 45.8 45.2 42.6 40.7 39.6 38.5 37.3 37 37.8 37.2 35.8 36.9 37.6 37.6 39.2 40.2 41.1 43.1 43.2 43.6 43.1 41.9 41.3 41.3 41.3 41.3 40 37.4 30.5 32.1 36.9 38.7 39.3 39.1 38.9 39.1 39.3 39.5 40.6 40.4 40.1 40.7 42.9 42.7 42.6
45.6 45.2 44.7 44.2 42.7 41.3 41.4 42.3 43.4 46.3 47.8 48 47.9 47.8 47.5 47.5 47.9 48.1 47.6 47.2 46.7 46.1 45.2 44.6 44.4 43.2 42.6 37.8 32.4 25.9 37.1 44.4 43.7 45.2 45.8 46.1 46.3 46.3 45.8 45.2 43.1 41.9 39.9 38.7 37.6 36.4 34.8 34.3 37.1 38.1 38.4 38.7 38.7 37.7 38.4 39.1 42.2 42.6 43.5 42.8 42.1 41.1 40.7 40.5 40.6 37.6 32.5 31.5 35.5 38.9 39.3 39.5 39.5 39.7 39.8 39.7 39.5 40.3 40.1 39.7 42.3 44.1 42.6 41.6
46.9 47 46.6 46.3 45.5 42.7 41.1 40.8 44.1 46.8 47.4 47.6 47.4 47.2 46.4 46.7 47.2 47.6 47.1 46.5 45.9 45.1 44.2 44 43.8 43 40.9 34.5 28.6 28.6 38.1 40.8 43.2 43.5 44 44.6 45.2 45.6 45.2 43.9 41 39.8 38.6 37.8 36.6 35.5 34.8 35.9 37.6 39.9 40.9 40.3 39.9 39.1 38.2 37.9 38.4 42.3 41.9 43.1 42.2 41.3 40.2 39.3 35.9 31.4 26.9 34.9 37.4 38.3 39.4 40 39.4 39.6 40.1 39.5 39.6 39.8 40.2 41.6 43.2 43.3 42.4 40.3
47.4 47.5 47.4 47 45.9 43.4 40.1 41.2 44.8 46.3 47.3 47 46.9 46.5 45.3 45.9 46.3 46.5 45.6 44.3 44.4 44.1 43.5 43.4 43.2 42.2 41.1 38.8 31 29.4 37.7 39.6 41.7 41.9 42.5 43.1 43.8 44.4 44.1 42.4 39.4 37.4 36.3 35.8 35.1 34.7 36 37 38 39.6 43 43 42.1 40.8 40.3 37.9 37.6 37.3 39 42 41.4 39.5 37.7 35.5 31.3 25.5 33.1 38.4 38.5 38.9 39.8 40.6 40.1 40.5 40.8 39.5 39.5 40.1 40.6 42.2 42.9 42.4 41.4 37.8
47.2 47.4 46.3 44.8 41.6 39.2 38.6 42.8 45.8 46.9 46.4 46.3 46.1 45.5 44.3 44.5 44.8 45.1 44.5 43.6 43.1 43.1 42.6 42.3 41.8 41.5 41.1 39.2 32.4 18.6 34.4 37.3 40.5 41.1 41.6 42.2 42.8 42.8 42.7 41.3 38.2 35.8 34.7 34.1 33.7 34.7 36 37.7 39.4 40.9 43.8 45.1 43.5 43 42.5 39.9 38.3 38.2 38 39 38.4 35.4 33.6 26.6 25.1 34.5 38.5 38.6 39.2 40 40.4 40.7 40.3 40.9 41 39.2 38.7 39.1 40.1 42.3 42.1 41.5 40.3 38.1
47.1 45.9 43.5 39.7 38.3 39.8 42.9 45.8 45.8 45.8 45.5 45 44.5 44 43.3 43.1 43.3 43.6 43.1 42.5 42.1 42 42.3 40.2 40.6 40.2 39.9 36.4 24.8 20 34.3 36.1 37.5 39.7 40.4 41.2 41.2 41.2 41.2 40.3 37.1 35.9 34.3 33.6 34.1 34.5 36.3 38.2 40.8 44.8 47.1 47.1 45.2 44.7 44.6 41.9 39.3 38.9 38.5 38.1 35 28.7 20 23.9 36.5 38.5 39 38.7 38.9 39.8 40.7 40.1 40 39.9 39.9 39.8 39.3 38.1 38.4 39.2 40.4 40.6 39.2 37.5
45.6 44 41 38.7 43.1 45.1 45.2 45.2 45.1 44.8 44.1 43.4 42.9 42.4 41.8 41.9 41.9 42.1 41.6 41 40.8 40.4 40.2 39.8 39.3 39.3 37.6 36.1 19.4 27.1 32.8 33.8 33.9 38.5 39 39.3 40.3 41 40.5 38.8 35.8 33 32.9 33.7 34.1 34.7 37.4 41.1 44.5 47.6 45 46.6 47.8 47.8 47 43.8 41.1 40.4 40.1 38.6 35.9 28.4 15.5 34.7 38.1 38.9 38.9 38.8 38.6 39.5 39.3 39.2 39.1 39 38.9 40.4 39.9 38.5 37.4 36.8 36.2 36.6 35.9 35.1
44.4 42.2 38.8 39.3 43.8 44.7 44.6 44.5 44.1 43.6 42.8 42.1 41.4 40.9 40.7 41 40.7 40.7 40.1 39.5 40.4 39.6 40.7 39.9 39.5 38.2 37.5 34.5 25.2 10.8 18.3 20.6 38.3 39.3 39.4 40.1 39.2 39.3 39 37.3 35.5 34.1 33.5 33.9 34.2 35.9 39.1 41.8 47 49.9 41.2 45.4 49.4 47.8 43.3 41.7 39.6 41.5 39 36.4 34.7 27.9 17.1 34.8 37.4 38.7 38.8 38.7 38.6 39 39.5 39.8 39.2 38.5 38.4 40.5 39.4 38.6 36.3 35.3 34.6 34 33.5 33.8
43.2 41.6 38.1 39.4 43.2 43.6 43.5 43.2 43 42.4 41.5 40.8 40.1 39.4 39.4 39.5 39.4 39.4 38.5 38.6 38.5 38.6 38.5 39.7 38.8 36.9 33.9 35.6 35.5 34.1 26.8 17.6 38.1 38.5 38.8 38.4 37.3 36.1 36.6 35.4 35.1 34.6 33.8 33.1 33.4 36.3 39.2 41.8 46 46.6 39.2 44.5 46.7 41.1 38.4 36.9 38.6 42.9 37.6 32 29.9 23.1 17.1 32.1 35.2 37.9 38.7 38.8 39.1 39.5 40.1 40.4 39.9 39.2 38 38 38 37.9 35.3 34.3 33.2 32.4 33.6 2.4
42.2 40.7 37.7 37.3 41.5 41.9 41.9 41.7 40.4 41.3 40.3 39.5 38.7 38.8 38.9 38.4 38.5 38.2 38.4 39.1 38.9 39.4 39.4 39.5 39.1 35.4 33.9 36.7 36.1 34.6 22.2 15.7 36.4 36.8 37.3 36.6 34.5 33.8 33.7 32.9 33.5 31.2 31.3 33.1 34.7 35.9 38.8 41.6 45 46.9 39.8 43.1 44.3 41.3 39.1 39.7 42.1 40.2 36.8 31.5 26.6 14.5 15.4 11.8 3.7 9.1 38.5 38.4 38.6 38.7 39.6 40.6 40.4 39.3 37.8 33.7 37.1 36.1 33.2 33.3 30.7 25.2 1.7 0.8
41.1 39.9 37.4 35.8 39.7 40.3 40.3 40.2 39.3 39 39.4 38.3 37.4 38.1 37.4 37.9 38 37.7 37.9 39.2 38.9 38.7 38.3 37.9 37.6 35.9 32.2 35.3 35.8 34.6 23.2 12.2 33.8 28.3 30.2 34.8 32.4 32.3 32.2 33 32.3 31 30.2 34 34.5 36.6 36.6 36.1 33.9 36.6 42.6 44.5 44.8 42.9 40.1 40.4 39.4 37.6 35.5 30.3 23.6 3.6 1.6 1.1 0.9 1.7 17.3 37.2 37.9 37.9 37.8 38.1 38.6 37.7 37.1 30.7 35.3 30.3 15.7 2.6 1.5 0.8 0.1 -1.6
40 38.9 36.5 33.6 36.3 38.2 38.2 38.9 37.3 36.6 37 37 35.9 37.6 37.1 36.4 36.5 36.6 37.1 37.7 37.5 37.3 36.7 36.3 36 35.2 31.6 32.4 34.8 35.2 33.9 4.6 1.7 1.4 1.3 1.6 2.2 3.1 1.9 1.5 1.4 1.4 1.6 1.9 2 1.7 1.6 1.5 1.5 1.7 2 2.5 2.7 3.7 11.1 20.4 24.3 27.9 24 3.5 1.7 1 0.3 -0.3 -0.5 0.3 1.6 19.1 33 36.8 37.1 26.8 26 21.9 2 1.5 1.2 0.8 0.6 0.1 -0.4 -1.6 -1.6 -1.6
38.7 37.7 35.8 33.3 31.8 37.4 37.2 37.6 35.9 35.8 35.8 36.8 36.6 36.8 34.9 34.8 35 36 36.5 36.1 35.4 35.2 35.2 34.7 33.9 32.8 31.7 32.8 33.9 23.6 1.7 1.1 0.6 0.1 -0.1 -0.3 -1.6 -0.3 -0.4 -0.5 -0.5 -0.6 -0.5 -0.2 -0.1 -0.1 -0.1 -0.1 -0.2 -0.3 -0.1 0.1 0.3 0.4 0.6 0.8 1 1 1 0.7 0.1 -0.5 -1.6 -1.6 -1.6 -1.6 0 0.9 1.2 1.2 1.1 0.8 0.6 0.2 -0.1 -0.4 -1.6 -1.6 -1.6 -1.6 -1.6 -1.6 -1.6 -1.6
38.1 37.9 37.6 34 33.2 37.1 36.3 36.2 35.4 35.8 35.1 36.5 36.6 36.6 34.9 34.6 34.3 34 34.6 34.2 33.4 32.7 33.4 32.8 31.7 30.9 32.1 34.4 2.7 1.4 0.7 0 -0.5 -1 -1.6 -1.6 -1.6 -1.6 -1.6 -1.6 -1.6 -1.6 -1.6 -1.6 -1.6 -1.6 -1.6 -1.6 -1.6 -1.6 -1.6 -1.6 -1.6 -1.6 -1.6 -0.7 -0.5 -0.5 -0.7 -1.6 -1.6 -1.6 -1.6 -1.6 -1.6 -1.6 -1.6 -1.1 -1.2 -1.3 -1.5 -1.6 -1.6 -1.6 -1.6 -1.6 -1.6 -1.6 -1.6 -1.6 -1.6 -1.6 -1.6 -1.6
38.4 37.7 36 31.5 31.8 33.2 34.5 34.8 33.5 33.6 34.4 35.5 35.4 34.8 33.2 32.4 32.4 32.1 32.4 31.5 30.7 30.2 30.6 31.7 29.8 26.6 18.6 1.7 1 0.3 -0.4 -1.6 -1.6 -1.6 -1.6 -1.6 -1.6 -1.6 -1.6 -1.6 -1.6 -1.6 -1.6 -1.6 -1.6 -1.6 -1.6 -1.6 -1.6 -1.6 -1.6 -1.6 -1.6 -1.6 -1.6 -1.6 -1.6 -1.6 -1.6 -1.6 -1.6 -1.6 -1.6 -1.6 -1.6 -1.6 -1.6 -1.6 -1.6 -1.6 -1.6 -1.6 -1.6 -1.6 -1.6 -1.6 -1.6 -1.6 -1.6 -1.6 -1.6 -1.6 -1.6 -1.6
37.4 36.8 34.8 32.7 31.9 30.6 34.4 33.5 32.2 32.4 33.3 33.9 33.6 33.2 31.2 31.3 30.5 30.2 29.7 29.4 28.8 25.5 16 3.5 1.9 1.4 0.9 0.4 -0.2 -0.8 -1.6 -1.6 -1.6 -1.6 -1.6 -1.6 -1.6 -1.6 -1.6 -1.6 -1.6 -1.6 -1.6 -1.6 -1.6 -1.6 -1.6 -1.6 -1.6 -1.6 -1.6 -1.6 -1.6 -1.6 -1.6 -1.6 -1.6 -1.6 -1.6 -1.6 -1.6 -1.6 -1.6 -1.6 -1.6 -1.6 -1.6 -1.6 -1.6 -1.6 -1.6 -1.6 -1.6 -1.6 -1.6 -1.6 -1.6 -1.6 -1.6 -1.6 -1.6 -1.6 -1.6 -1.6
37.2 35.4 33.9 33.4 31.5 28.4 31.5 31.8 31.4 30.9 30.2 30.8 31.3 31 30.4 30 29 28.8 28.6 22.9 1.7 1.1 0.5 0.3 0 -0.4 -1.6 -1.6 -1.6 -1.6 -1.6 -1.6 -1.6 -1.6 -1.6 -1.6 -1.6 -1.6 -1.6 -1.6 -1.6 -1.6 -1.6 -1.6 -1.6 -1.6 -1.6 -1.6 -1.6 -1.6 -1.6 -1.6 -1.6 -1.6 -1.6 -1.6 -1.6 -1.6 -1.6 -1.6 -1.6 -1.6 -1.6 -1.6 -1.6 -1.6 -1.6 -1.6 -1.6 -1.6 -1.6 -1.6 -1.6 -1.6 -1.6 -1.6 -1.6 -1.6 -1.6 -1.6 -1.6 -1.6 -1.6 -1.6
36.2 34.1 32.8 31.7 30.4 28.2 29.1 29.9 30.1 29.7 28.8 28.9 29.4 28.3 28.5 28.5 27.3 18 1.7 0.8 0.2 -0.5 -1.6 -1.6 -1.6 -1.6 -1.6 -1.6 -1.6 -1.6 -1.6 -1.6 -1.6 -1.6 -1.6 -1.6 -1.6 -1.6 -1.6 -1.6 -1.6 -1.6 -1.6 -1.6 -1.6 -1.6 -1.6 -1.6 -1.6 -1.6 -1.6 -1.6 -1.6 -1.6 -1.6 -1.6 -1.6 -1.6 -1.6 -1.6 -1.6 -1.6 -1.6 -1.6 -1.6 -1.6 -1.6 -1.6 -1.6 -1.6 -1.6 -1.6 -1.6 -1.6 -1.6 -1.6 -1.6 -1.6 -1.6 -1.6 -1.6 -1.6 -1.6 -1.6
35 33.1 31.2 29.2 28.5 26.7 26.8 28.3 29 28.5 29 29.5 29.8 25.5 13.5 2.3 1.5 0.7 -0.1 -1.6 -1.6 -1.6 -1.6 -1.6 -1.6 -1.6 -1.6 -1.6 -1.6 -1.6 -1.6 -1.6 -1.6 -1.6 -1.6 -1.6 -1.6 -1.6 -1.6 -1.6 -1.6 -1.6 -1.6 -1.6 -1.6 -1.6 -1.6 -1.6 -1.6 -1.6 -1.6 -1.6 -1.6 -1.6 -1.6 -1.6 -1.6 -1.6 -1.6 -1.6 -1.6 -1.6 -1.6 -1.6 -1.6 -1.6 -1.6 -1.6 -1.6 -1.6 -1.6 -1.6 -1.6 -1.6 -1.6 -1.6 -1.6 -1.6 -1.6 -1.6 -1.6 -1.6 -1.6 -1.6
32.4 30.9 29.3 27.6 26.5 25.3 25.6 27.1 28.5 29.5 24.4 4.9 1.6 0.9 0.5 0 -1.6 -1.6 -1.6 -1.6 -1.6 -1.6 -1.6 -1.6 -1.6 -1.6 -1.6 -1.6 -1.6 -1.6 -1.6 -1.6 -1.6 -1.6 -1.6 -1.6 -1.6 -1.6 -1.6 -1.6 -1.6 -1.6 -1.6 -1.6 -1.6 -1.6 -1.6 -1.6 -1.6 -1.6 -1.6 -1.6 -1.6 -1.6 -1.6 -1.6 -1.6 -1.6 -1.6 -1.6 -1.6 -1.6 -1.6 -1.6 -1.6 -1.6 -1.6 -1.6 -1.6 -1.6 -1.6 -1.6 -1.6 -1.6 -1.6 -1.6 -1.6 -1.6 -1.6 -1.6 -1.6 -1.6 -1.6 -1.6
29.6 28.6 27.2 25 25.4 24.1 17.9 2.5 1.9 1.5 1 0.5 -0.3 -0.8 -1.6 -1.6 -1.6 -1.6 -1.6 -1.6 -1.6 -1.6 -1.6 -1.6 -1.6 -1.6 -1.6 -1.6 -1.6 -1.6 -1.6 -1.6 -1.6 -1.6 -1.6 -1.6 -1.6 -1.6 -1.6 -1.6 -1.6 -1.6 -1.6 -1.6 -1.6 -1.6 -1.6 -1.6 -1.6 -1.6 -1.6 -1.6 -1.6 -1.6 -1.6 -1.6 -1.6 -1.6 -1.6 -1.6 -1.6 -1.6 -1.6 -1.6 -1.6 -1.6 -1.6 -1.6 -1.6 -1.6 -1.6 -1.6 -1.6 -1.6 -1.6 -1.6 -1.6 -1.6 -1.6 -1.6 -1.6 -1.6 -1.6 -1.6
27.2 26.2 26 10.3 1.8 1.4 1 0.6 0.2 -0.3 -0.9 -1.6 -1.6 -1.6 -1.6 -1.6 -1.6 -1.6 -1.6 -1.6 -1.6 -1.6 -1.6 -1.6 -1.6 -1.6 -1.6 -1.6 -1.6 -1.6 -1.6 -1.6 -1.6 -1.6 -1.6 -1.6 -1.6 -1.6 -1.6 -1.6 -1.6 -1.6 -1.6 -1.6 -1.6 -1.6 -1.6 -1.6 -1.6 -1.6 -1.6 -1.6 -1.6 -1.6 -1.6 -1.6 -1.6 -1.6 -1.6 -1.6 -1.6 -1.6 -1.6 -1.6 -1.6 -1.6 -1.6 -1.6 -1.6 -1.6 -1.6 -1.6 -1.6 -1.6 -1.6 -1.6 -1.6 -1.6 -1.6 -1.6 -1.6 -1.6 -1.6 -1.6
25 2.9 1.7 1.2 0.6 0.1 -0.3 -0.9 -1.6 -1.6 -1.6 -1.6 -1.6 -1.6 -1.6 -1.6 -1.6 -1.6 -1.6 -1.6 -1.6 -1.6 -1.6 -1.6 -1.6 -1.6 -1.6 -1.6 -1.6 -1.6 -1.6 -1.6 -1.6 -1.6 -1.6 -1.6 -1.6 -1.6 -1.6 -1.6 -1.6 -1.6 -1.6 -1.6 -1.6 -1.6 -1.6 -1.6 -1.6 -1.6 -1.6 -1.6 -1.6 -1.6 -1.6 -1.6 -1.6 -1.6 -1.6 -1.6 -1.6 -1.6 -1.6 -1.6 -1.6 -1.6 -1.6 -1.6 -1.6 -1.6 -1.6 -1.6 -1.6 -1.6 -1.6 -1.6 -1.6 -1.6 -1.6 -1.6 -1.6 -1.6 -1.6 -1.6
1.8 1 0.5 0 -0.6 -1.1 -1.6 -1.6 -1.6 -1.6 -1.6 -1.6 -1.6 -1.6 -1.6 -1.6 -1.6 -1.6 -1.6 -1.6 -1.6 -1.6 -1.6 -1.6 -1.6 -1.6 -1.6 -1.6 -1.6 -1.6 -1.6 -1.6 -1.6 -1.6 -1.6 -1.6 -1.6 -1.6 -1.6 -1.6 -1.6 -1.6 -1.6 -1.6 -1.6 -1.6 -1.6 -1.6 -1.6 -1.6 -1.6 -1.6 -1.6 -1.6 -1.6 -1.6 -1.6 -1.6 -1.6 -1.6 -1.6 -1.6 -1.6 -1.6 -1.6 -1.6 -1.6 -1.6 -1.6 -1.6 -1.6 -1.6 -1.6 -1.6 -1.6 -1.6 -1.6 -1.6 -1.6 -1.6 -1.6 -1.6 -1.6 -1.6
0.6 -0.1 -0.7 -1.6 -1.6 -1.6 -1.6 -1.6 -1.6 -1.6 -1.6 -1.6 -1.6 -1.6 -1.6 -1.6 -1.6 -1.6 -1.6 -1.6 -1.6 -1.6 -1.6 -1.6 -1.6 -1.6 -1.6 -1.6 -1.6 -1.6 -1.6 -1.6 -1.6 -1.6 -1.6 -1.6 -1.6 -1.6 -1.6 -1.6 -1.6 -1.6 -1.6 -1.6 -1.6 -1.6 -1.6 -1.6 -1.6 -1.6 -1.6 -1.6 -1.6 -1.6 -1.6 -1.6 -1.6 -1.6 -1.6 -1.6 -1.6 -1.6 -1.6 -1.6 -1.6 -1.6 -1.6 -1.6 -1.6 -1.6 -1.6 -1.6 -1.6 -1.6 -1.6 -1.6 -1.6 -1.6 -1.6 -1.6 -1.6 -1.6 -1.6 -1.6
-0.1 -1.6 -1.6 -1.6 -1.6 -1.6 -1.6 -1.6 -1.6 -1.6 -1.6 -1.6 -1.6 -1.6 -1.6 -1.6 -1.6 -1.6 -1.6 -1.6 -1.6 -1.6 -1.6 -1.6 -1.6 -1.6 -1.6 -1.6 -1.6 -1.6 -1.6 -1.6 -1.6 -1.6 -1.6 -1.6 -1.6 -1.6 -1.6 -1.6 -1.6 -1.6 -1.6 -1.6 -1.6 -1.6 -1.6 -1.6 -1.6 -1.6 -1.6 -1.6 -1.6 -1.6 -1.6 -1.6 -1.6 -1.6 -1.6 -1.6 -1.6 -1.6 -1.6 -1.6 -1.6 -1.6 -1.6 -1.6 -1.6 -1.6 -1.6 -1.6 -1.6 -1.6 -1.6 -1.6 -1.6 -1.6 -1.6 -1.6 -1.6 -1.6 -1.6 -1.6
-1.6 -1.6 -1.6 -1.6 -1.6 -1.6 -1.6 -1.6 -1.6 -1.6 -1.6 -1.6 -1.6 -1.6 -1.6 -1.6 -1.6 -1.6 -1.6 -1.6 -1.6 -1.6 -1.6 -1.6 -1.6 -1.6 -1.6 -1.6 -1.6 -1.6 -1.6 -1.6 -1.6 -1.6 -1.6 -1.6 -1.6 -1.6 -1.6 -1.6 -1.6 -1.6 -1.6 -1.6 -1.6 -1.6 -1.6 -1.6 -1.6 -1.6 -1.6 -1.6 -1.6 -1.6 -1.6 -1.6 -1.6 -1.6 -1.6 -1.6 -1.6 -1.6 -1.6 -1.6 -1.6 -1.6 -1.6 -1.6 -1.6 -1.6 -1.6 -1.6 -1.6 -1.6 -1.6 -1.6 -1.6 -1.6 -1.6 -1.6 -1.6 -1.6 -1.6 -1.6
-1.6 -1.6 -1.6 -1.6 -1.6 -1.6 -1.6 -1.6 -1.6 -1.6 -1.6 -1.6 -1.6 -1.6 -1.6 -1.6 -1.6 -1.6 -1.6 -1.6 -1.6 -1.6 -1.6 -1.6 -1.6 -1.6 -1.6 -1.6 -1.6 -1.6 -1.6 -1.6 -1.6 -1.6 -1.6 -1.6 -1.6 -1.6 -1.6 -1.6 -1.6 -1.6 -1.6 -1.6 -1.6 -1.6 -1.6 -1.6 -1.6 -1.6 -1.6 -1.6 -1.6 -1.6 -1.6 -1.6 -1.6 -1.6 -1.6 -1.6 -1.6 -1.6 -1.6 -1.6 -1.6 -1.6 -1.6 -1.6 -1.6 -1.6 -1.6 -1.6 -1.6 -1.6 -1.6 -1.6 -1.6 -1.6 -1.6 -1.6 -1.6 -1.6 -1.6 -1.6
-1.6 -1.6 -1.6 -1.6 -1.6 -1.6 -1.6 -1.6 -1.6 -1.6 -1.6 -1.6 -1.6 -1.6 -1.6 -1.6 -1.6 -1.6 -1.6 -1.6 -1.6 -1.6 -1.6 -1.6 -1.6 -1.6 -1.6 -1.6 -1.6 -1.6 -1.6 -1.6 -1.6 -1.6 -1.6 -1.6 -1.6 -1.6 -1.6 -1.6 -1.6 -1.6 -1.6 -1.6 -1.6 -1.6 -1.6 -1.6 -1.6 -1.6 -1.6 -1.6 -1.6 -1.6 -1.6 -1.6 -1.6 -1.6 -1.6 -1.6 -1.6 -1.6 -1.6 -1.6 -1.6 -1.6 -1.6 -1.6 -1.6 -1.6 -1.6 -1.6 -1.6 -1.6 -1.6 -1.6 -1.6 -1.6 -1.6 -1.6 -1.6 -1.6 -1.6 -1.6
-1.6 -1.6 -1.6 -1.6 -1.6 -1.6 -1.6 -1.6 -1.6 -1.6 -1.6 -1.6 -1.6 -1.6 -1.6 -1.6 -1.6 -1.6 -1.6 -1.6 -1.6 -1.6 -1.6 -1.6 -1.6 -1.6 -1.6 -1.6 -1.6 -1.6 -1.6 -1.6 -1.6 -1.6 -1.6 -1.6 -1.6 -1.6 -1.6 -1.6 -1.6 -1.6 -1.6 -1.6 -1.6 -1.6 -1.6 -1.6 -1.6 -1.6 -1.6 -1.6 -1.6 -1.6 -1.6 -1.6 -1.6 -1.6 -1.6 -1.6 -1.6 -1.6 -1.6 -1.6 -1.6 -1.6 -1.6 -1.6 -1.6 -1.6 -1.6 -1.6 -1.6 -1.6 -1.6 -1.6 -1.6 -1.6 -1.6 -1.6 -1.6 -1.6 -1.6 -1.6
-1.6 -1.6 -1.6 -1.6 -1.6 -1.6 -1.6 -1.6 -1.6 -1.6 -1.6 -1.6 -1.6 -1.6 -1.6 -1.6 -1.6 -1.6 -1.6 -1.6 -1.6 -1.6 -1.6 -1.6 -1.6 -1.6 -1.6 -1.6 -1.6 -1.6 -1.6 -1.6 -1.6 -1.6 -1.6 -1.6 -1.6 -1.6 -1.6 -1.6 -1.6 -1.6 -1.6 -1.6 -1.6 -1.6 -1.6 -1.6 -1.6 -1.6 -1.6 -1.6 -1.6 -1.6 -1.6 -1.6 -1.6 -1.6 -1.6 -1.6 -1.6 -1.6 -1.6 -1.6 -1.6 -1.6 -1.6 -1.6 -1.6 -1.6 -1.6 -1.6 -1.6 -1.6 -1.6 -1.6 -1.6 -1.6 -1.6 -1.6 -1.6 -1.6 -1.6 -1.6
-1.6 -1.6 -1.6 -1.6 -1.6 -1.6 -1.6 -1.6 -1.6 -1.6 -1.6 -1.6 -1.6 -1.6 -1.6 -1.6 -1.6 -1.6 -1.6 -1.6 -1.6 -1.6 -1.6 -1.6 -1.6 -1.6 -1.6 -1.6 -1.6 -1.6 -1.6 -1.6 -1.6 -1.6 -1.6 -1.6 -1.6 -1.6 -1.6 -1.6 -1.6 -1.6 -1.6 -1.6 -1.6 -1.6 -1.6 -1.6 -1.6 -1.6 -1.6 -1.6 -1.6 -1.6 -1.6 -1.6 -1.6 -1.6 -1.6 -1.6 -1.6 -1.6 -1.6 -1.6 -1.6 -1.6 -1.6 -1.6 -1.6 -1.6 -1.6 -1.6 -1.6 -1.6 -1.6 -1.6 -1.6 -1.6 -1.6 -1.6 -1.6 -1.6 -1.6 -1.6
-1.6 -1.6 -1.6 -1.6 -1.6 -1.6 -1.6 -1.6 -1.6 -1.6 -1.6 -1.6 -1.6 -1.6 -1.6 -1.6 -1.6 -1.6 -1.6 -1.6 -1.6 -1.6 -1.6 -1.6 -1.6 -1.6 -1.6 -1.6 -1.6 -1.6 -1.6 -1.6 -1.6 -1.6 -1.6 -1.6 -1.6 -1.6 -1.6 -1.6 -1.6 -1.6 -1.6 -1.6 -1.6 -1.6 -1.6 -1.6 -1.6 -1.6 -1.6 -1.6 -1.6 -1.6 -1.6 -1.6 -1.6 -1.6 -1.6 -1.6 -1.6 -1.6 -1.6 -1.6 -1.6 -1.6 -1.6 -1.6 -1.6 -1.6 -1.6 -1.6 -1.6 -1.6 -1.6 -1.6 -1.6 -1.6 -1.6 -1.6 -1.6 -1.6 -1.6 -1.6
