Assets/StreamingAssets/GeoData/Data/nz/NZ00.asc
ncols 200
nrows 200
xllcorner 400000
yllcorner 500000
cellsize 50
[rows 0 to 34 of 200, columns 78 to 155 of 200]
271.7 271.1 269.2 267.8 266.5 266.2 265 264.2 263.7 263.4 260.8 260.8 260.7 260.8 261 258.3 258.4 257.5 256.4 254.3 252.2 252.9 252.5 251.5 252.6 250.8 246.7 244.7 244.4 244.9 243.6 247.2 248.1 248.4 246.9 245.7 244.8 233.1 222.5 221.1 234.8 237.5 237.3 237.4 240.4 242.1 241.2 242.1 242.7 241.3 240.9 240.8 241 240.1 238.8 236.5 239.5 242.6 244.6 243.9 244.4 244.6 243.9 244.8 244.9 245.5 246.3 248.1 252.1 255.4 257.8 257.9 257.2 255.6 256.2 256 254.9 252.1
273.7 273 270.7 268.6 267.7 265.8 264.1 263.5 263.6 263.5 261.8 259.7 259 259.2 258.3 258.2 257.1 255.2 254.7 253 251.4 250.9 248.6 247.4 248.1 246.8 245.2 244.3 244.9 245.3 246.8 247.6 248.1 246.2 245.1 242.8 236.1 222.4 220.7 232.1 238.9 238.4 240.2 239.5 241.8 243.6 244.8 242.9 240.4 239.9 240.8 240.2 239.8 238.7 237.5 241.4 245 245.7 247.6 246.8 246.4 247.1 247.6 250.2 251 251.3 252.7 255.9 259.9 262.2 262.6 261.9 260.7 258.7 259.1 259 259.5 256.1
275 275.5 273 271 269.7 266.3 263.9 262.7 261.9 262.1 260 258.3 257.4 256.1 257.3 256.5 255.6 253.5 252.5 251.7 250.6 248.9 247.6 246.6 246.2 245.4 245.2 244.6 245.1 246.9 247.3 246.8 245.9 244.4 242.1 239.3 230.6 223.7 234 240.5 239.6 241.1 242.4 242 243.3 245.3 243.9 241 239.9 241.4 243.2 242.4 239.2 238.3 238.2 246.5 246.7 246.5 247.6 250.7 254.3 253 252.1 253.8 255.6 256.6 258.8 263.6 266.2 265.8 265.2 264.3 263.1 262.5 261.9 261.7 261.6 261.3
277 276.3 274 271.8 271.3 268.2 264.9 262.9 261.4 261 261.2 261 258.5 256.4 255 255.1 254.4 252.7 251.4 250.7 248.9 248.6 248.6 246.9 246 245.4 245.2 245.2 247.1 246.8 246.6 245.5 243.9 243 241.3 235.3 224.5 231.1 241.8 242.1 241.5 243.8 244.5 243.2 245.5 246 242.5 240.8 240.7 243.2 242.9 240.1 240 239.8 245.9 248.6 248.3 249 253.4 255.2 256.5 256.1 255.8 257.7 259.7 265.1 268.5 270.4 269.1 267.9 268 266.2 264.9 265.9 265 263.7 260.7 263.9
275.9 273.7 271.1 269.2 269.7 270 266.8 264.4 262.7 262.2 262 261.7 259.2 257.3 255.3 254 253 252.1 250.2 250.1 249.6 249.5 249.3 247.2 246.5 246.8 246.8 247.4 247.6 248.3 247.3 245.3 244.5 243.5 240.3 226.5 227.9 242 242.5 242.9 243.7 244.5 245.1 245.3 246.7 247.7 245.1 243.4 245.9 246.4 244.1 240.5 242 243.3 250.5 251.8 251.7 254 256.5 257.5 258 258.6 260.7 261.8 265.3 270.9 272.5 271.7 271.3 271.9 269.7 268.8 268.2 267.7 267.1 266.8 266.6 266.4
269.8 268.4 267.3 266.7 266.9 266.7 267.7 266.1 265 264 262.9 262.4 262.6 258.8 256.2 254.5 253.4 254.2 252.2 251 251.3 251.3 250.5 249.2 248.8 249.1 248.9 248.9 249 248.5 246.6 244.9 235.5 229.8 229.1 229.1 243.4 242.1 244.4 244.5 245.2 246 245.8 246.8 250.3 249.4 248.2 248.4 247.3 247.2 246.1 242.2 243 246.4 253.6 254.6 255.2 258.1 259.4 260.2 261.7 263.6 265.8 269.9 273.5 274.5 273.6 273.4 274.2 274.2 275.2 275.6 274.8 271.8 269.7 267.5 269.9 271.5
265.8 266.9 267 266.2 263.3 263.1 263.7 264.9 265.4 264.4 263 262 260.9 259.2 257 256.3 255.2 255.6 254.2 254 252.3 253.1 251.9 251 251.4 251.3 250.2 249.1 249.3 248.1 245.9 233.4 233.7 235.4 232.5 240.3 246.3 245.1 246.8 247.3 247.3 248.5 249.8 251.6 252.3 252.1 251.7 249.8 249.3 248.6 243.7 242.7 244.6 252.7 249.7 252.5 257.2 261 264.3 266 267.8 269.2 273.4 275.7 276.6 276.1 275.9 279.1 279.6 277.7 278.5 277.3 276.3 273.8 272.3 273.7 273.1 272.2
264.3 263.8 262.8 260.9 260.3 260.1 259.2 258.7 258.3 257.7 258.1 258.9 257.8 256.8 256.5 258 256.9 255.9 255.7 254.8 253 252.9 253.3 251.2 251.4 250.1 247 239.3 240.3 241.5 234.4 233 240.2 243.3 246 247.4 248.1 249 250.2 250.9 251.7 250.8 253.4 254.5 254.6 254.4 253.2 251.7 252 249.3 242.7 242.7 242.7 253.6 256 253.3 258.6 263.2 268.7 273.1 274.9 276.9 277.9 279.7 280 280.4 280.6 282.4 280.3 278.8 280 279.1 277.3 276.5 276 278 276.6 276.8
263.9 262.8 262 261.2 260.8 259.7 257.9 257.6 257.2 256.5 255.6 255.2 254.5 254.3 254.3 255.8 257.9 257.9 256.7 256 253.5 253 254.5 250.9 240.9 241.2 237.6 239.2 238 237.1 238.4 243.2 248.1 247.6 248.7 249.5 249.3 250.6 252.3 253.7 254.5 254.1 256.7 259.3 257 256.5 255.4 255.3 255.3 251.6 242.7 242.7 250.1 254.9 256 254.9 259.4 264 271 276.2 277.5 279.9 281.1 282 283 283.2 283 283.9 281.7 282.3 285.2 288.1 288.3 286.7 286.4 281.7 285.5 282.1
263.8 263.1 261.8 261.2 260.1 259.2 257.8 257.3 257 256 255.2 254.1 253.3 255.7 255.7 257.5 258.1 258.1 258.6 254.9 252.6 251.2 253.4 250.6 241.1 238.8 241.1 245.9 248.4 250.7 251.4 251.9 251.9 251 251.7 252 252 253.5 254 255.5 256.3 259 262.9 263 260 258.5 258.1 258.4 256.1 253.7 242.7 249.1 256.5 258.9 255.6 258.5 259.8 264.4 270.9 277.1 281 282.3 284.3 285.9 286.7 286.8 287.5 285.9 287.5 292.5 298.5 301.9 302.1 299.4 297.3 288.2 292.2 293.1
265.4 263.8 262.3 261.4 260.6 259.5 258.9 257.5 256.7 255.6 254.6 253.9 253.5 251.7 251.4 251.2 250.8 255 253 245.4 246 244.5 243.6 242 242.6 247.2 245.9 249.6 249.3 252.5 255.5 257.5 258.5 254.8 255.4 256.1 256.9 258.5 259.4 261.1 261.3 262.1 267 266.4 262.7 261.3 261.2 263.9 258.2 258.1 254 248.9 260.7 261.3 260 260.8 262.1 264.2 271.8 277.3 282.4 284.3 287.8 291 290.4 290.1 289.6 289.9 298.8 306 305.6 305.3 304.5 304.2 302 299.9 296.1 298.7
269 267.6 265.8 264.6 262.8 262.7 262 262.7 261.2 259.5 257.3 257.6 257.5 257.2 257.6 253.4 249.9 249.1 247.7 249.1 250.5 249.2 245.9 251 253 253 247.4 255.2 255.6 257 258.8 263.3 266 263.1 262.3 263 263.8 263.1 264.5 268.1 266.9 266 266 265.4 264.1 263.9 263.2 264.3 263.9 259.4 256.9 254.9 262.7 264 264.8 265.4 268 271.8 274.3 275.9 282.9 288 292.8 292.1 291.6 289.7 288.9 300.6 307.7 307.7 307.4 306.6 305.6 305.8 304.2 298.5 302.4 302.8
275.5 274.2 271.2 270.4 269.8 271.1 270.5 270.5 268.2 267.2 266 265.3 264 261.7 261 260.4 260 257.4 256.5 255 253 257.5 251.6 253.4 256.1 258.1 251.4 260 261.9 262.6 263.2 268 270 272 273.2 274.5 273.5 272 270.1 269.1 268.1 269 270.6 269.8 270 268.9 265.9 260.7 258.7 251.6 252.8 260.9 268 269.7 270.9 274.1 271 279.1 279.7 285.7 288.1 293.3 293.4 292.5 290.7 289.9 299 311.6 310.8 309.7 309.1 307.4 306.7 306.6 306.6 302.8 304.2 304.9
279.6 280 278 277.5 276.6 276.8 273.9 275.8 274.8 275.4 274.6 272.9 268.7 267 266.2 264.9 263.3 260.8 261.6 261 253.8 262.6 263.4 259 257 259.5 258 255.9 263.4 265.8 266 271 273.6 276.7 279.5 281 279.3 277.5 274.6 271.9 271.1 274.8 275.5 275.4 274.4 270.8 266.9 266.3 264.8 260.6 262.1 271.2 274.7 277.9 282.3 286.7 282.8 287.3 290.3 292.8 294.1 291.2 290.1 292.4 292 292.2 309.5 314 314.4 313.9 312.6 310.6 308.6 308.8 306.2 305.5 307.2 306.7
287.2 286.2 287.1 284.1 281.7 280.7 279 279.1 278.7 278.9 279.4 277.4 273.1 273.6 273 270.3 269.1 268.8 266.3 259.8 262 264.7 265.7 264.6 261.2 262.1 263.7 264 261.7 261.7 268.7 270.1 272.8 274.8 280 284.2 283.5 280.5 276.9 275.3 276 280.5 281.1 280.7 278.1 278.8 275.8 274 269 265.8 276.3 282.2 287.7 292.2 291 288 287.3 293.5 295.6 297.1 296.4 292.4 291.4 293 295.6 298.8 313.8 316.5 316.9 315.8 313 311.1 310.5 309.8 307.8 308.8 309.2 309.3
291.6 292.4 293.2 292.5 289.6 289 284.7 282.9 282 282.1 281.1 278.9 279.9 281 280.1 276.6 274.9 273.1 267.8 263.9 267.4 270.3 270.1 267.8 267.2 267.2 267.1 267.8 266.2 264.4 269.7 273 274.5 275.5 279.3 285.1 286.3 284.9 281.4 280.7 281.2 282.6 283 281.8 281.1 283.5 286.3 285.7 279.7 282.7 285.5 290.1 293.9 294.8 293.5 293.5 290.2 295.4 296.7 296.9 296 293.7 292.2 295 300.2 310.5 316.5 318.2 318.3 315.7 314 312.2 312.4 309.7 313 314.5 315.2 317
305.2 303 301.7 301.8 299.5 295.4 296.1 288.6 289.5 291.9 287.9 284.5 282.4 286.6 286.6 284.3 280.6 276.6 269.6 268.9 274.4 276.6 275.3 273.5 270.3 272.6 273 274.8 272.5 266.7 274.4 278.7 281.4 282.9 280.9 285.8 288.5 286.1 284.5 284.5 284.8 285.3 285.6 284.9 285.2 287.8 289.8 289 286.9 287.1 287.6 294.2 299 294.6 294.3 294.7 293.9 294.5 295.4 296.9 297.5 295.8 295.9 299.7 308.2 316.2 319.1 318.8 317.4 315.6 314.6 312.6 311.5 313.5 318.9 320.7 319.9 323
315.3 312.9 310.7 306.8 303.6 306.1 304 296.7 295.7 300 293.5 291 284.9 291.5 290.5 287.7 283.7 282.5 271.2 274.6 281.9 281.8 280 273.5 277 277.7 277.6 277.6 278.8 276.2 275.7 282.6 283.4 284.1 284.5 287 291.5 290.8 291.1 290 288.1 287.9 288.2 288.6 289.9 291.6 293.8 293.9 294.4 294.4 296.4 300.9 299.9 295.8 295.4 295.4 295 295.6 297.2 298.6 300 298.4 299.8 306 316.4 318.5 318.6 317.2 315.9 314.5 312.6 313.1 315.3 317.4 322.3 324.1 325.4 327.8
317.7 313.7 308.3 307.7 313.8 313.9 313.1 310.2 308.6 306 305.2 299.2 293.4 297.8 293.8 290.3 286 280.8 279.2 283.1 286.6 283.8 283.1 282.7 279.2 281.6 282.7 284.1 282.9 279.6 276 285.5 286.8 287 287 288.3 291.8 294.3 294.1 292.6 291.2 290.9 290.6 291.3 292.5 293.9 295.2 296.6 299.4 298.8 301 302 301.6 299.8 297.7 297.1 296.8 298.5 301.2 304.5 304.1 301.8 303.3 312.1 316.6 317.7 316.7 315.8 315.4 314.7 314.2 314.8 317.1 321.5 325.2 327 329 328.5
316.4 318.7 318.9 324.4 324.2 322.6 321.2 317.1 315.7 314.1 313.5 309.8 301.2 300.6 299.7 293.1 285.9 280.9 288 287.5 288.8 286.7 285.5 285.6 285.4 285.2 286 288.5 285.9 285.3 282 292.8 294.9 295.1 291.4 291.8 293.1 296.6 297.9 296.6 296 295.6 293.7 294.3 295.1 296.5 297.8 301.1 300.2 300.1 301 303.2 303.5 301.9 298.8 300.9 301.2 303.8 306.9 309.9 313.9 311.1 309.7 312.5 317.5 317.4 317.2 317.4 317.2 316.5 315.6 316.3 319.5 325.2 327.2 328.7 329.7 328.9
319 322.6 323.7 323.4 323.5 324 323.4 322.3 318.2 316 314.4 306.8 310 308.6 302.4 297.4 283.8 294.2 295.8 294 295.8 291.4 289.3 292 291 290.3 290.3 296.4 292 291.1 292 297 304.3 305.2 303.7 300.9 300.1 300.6 302.9 304.1 306.2 306.5 307.3 305.7 304.1 304.6 304.7 303.3 302.2 303.1 305.7 308.3 310.1 311 308.3 310 311.3 316 318.2 317.1 318.9 316.6 315.7 315.6 316.7 318.2 319.1 319.1 319 318.2 317.1 317.8 321.6 325.3 328.2 329.6 330.6 330
323 324.4 324.8 323.1 322.9 322.6 323.2 321.4 319.9 316.6 315.3 313.2 314.6 312.2 308.9 301.4 290.6 306.2 307.4 306.1 305.4 299.4 297.6 303 302.2 303.5 302.9 308 309.1 301.7 305.2 297.2 310.4 311.5 311.5 308.7 307.6 307.3 308 311.1 316.3 314.5 314.5 315.2 311.4 308.8 309.4 308.1 308.2 310.4 313.5 318 319.3 320.8 320.5 320.8 318.8 322.8 324 323.4 322.4 319.8 320.8 318.8 319 320 321 321 320.9 319.9 318.5 321.2 324.9 327.5 328.9 330.2 331.5 331.1
326.3 327.1 327.8 325.4 323.6 323.1 322.5 320.5 319.3 318.7 318.3 315.6 316.3 315.3 312.4 298.4 306.8 312 312.4 311.3 308.1 308.2 304.6 311.8 308.3 312.4 315.2 318.8 318.4 317.1 314.5 297.2 311.9 314.9 315.7 314.8 314.4 312 315.5 317.6 319 318.3 318.4 319.7 318.5 316.9 319 319.4 317.7 323.4 326.6 326.8 328.9 328.2 329 329.1 326.3 327.2 327.8 326.8 324.9 323.9 323.1 321.2 322.1 322.5 323.2 323.5 323.2 321.8 323 325.8 327.2 329.4 330.1 331.1 332.1 331.8
330.8 331.2 330.6 329.6 328 326.1 325 323.8 323.1 322.3 320.7 319.7 317.4 315.5 309.9 307.8 315.4 315.9 314.3 314.5 312.5 314.1 310.2 312.2 313.3 314 316.4 319 320.1 318.3 316.8 312 302 316.3 317.3 318 317 317.3 318.6 319.7 319.2 319 319.2 320.7 321.8 326.9 329.4 331.5 333.4 335.8 336.1 336.6 335 333.8 334.4 334.1 330.4 329.5 330.1 329.1 327.1 327.6 326.3 324.6 325.8 326.5 326.1 326.1 326.1 328.9 332.8 333 331 331.8 332.6 332.3 332.8 332.6
335 334.3 334 333.4 332 329.6 328.3 327.8 327.2 325.9 323.2 322.5 320.1 316.5 308.2 316.5 316.9 315.7 315.7 316.2 316.6 315.2 313.8 314.4 315.1 314.4 315.1 317.5 322.7 316.3 315.6 314.2 310.3 312.5 317.3 318.9 318.9 319.1 318.1 320.2 318.9 318.9 318.9 321.1 323.4 330 330.9 331.4 331.4 332.9 332.1 334 335.3 336.2 336.6 336.4 332.2 331.1 332.5 333.2 330 333.3 332.2 328.6 330.8 332.3 334 334.2 329.8 334.9 336.8 336.3 335.6 335.1 335.9 335.3 334.7 335.4
339.8 339 337.7 336.3 335.2 334.2 332.9 331.5 330.3 329.1 327.3 325.8 324.3 319.6 309.7 319.3 318.6 317.3 317.3 318.6 319 318.6 318.1 317.2 317.3 316.9 317.2 318.9 320.1 317.3 316.2 315.6 314.4 314.3 312.9 314.5 317.8 318.2 318.1 320.3 318.9 318.9 320.3 322.5 325.5 329.6 329.6 330.2 330.3 331 332 332.9 334.1 335.1 335.7 337.1 336.9 337.3 336.7 336.7 333.5 334.5 333.2 334.2 335.3 336.1 336.6 337.4 336.2 334.3 338.6 338.5 338 337.2 337.2 336.8 336.6 338.4
343.2 342.2 341.5 340.2 338.4 337.2 335.9 334.6 333.9 332.8 331.7 330.5 328.1 325.3 319.5 324.2 321.8 321.1 321.2 321.6 321.4 320.8 320.2 319.8 319.5 319.1 319.5 320 320.3 320.1 319.6 319.3 318.5 318.4 318.5 318.9 320.5 320.4 320 320.2 320.5 320.8 322 324.2 328.9 332.8 333.1 333.6 333.6 333.5 334.3 337.5 336 337.2 339.8 339.5 339.8 339.7 338.8 337.7 337.5 336.1 336.3 336.9 336.9 337.7 338.4 339.3 340 336.5 340.2 340.6 340.2 339.4 339.4 339.3 338.8 340.1
345.5 344.7 344.3 342.4 341.5 340.3 339.1 337.8 336.9 336.2 335.4 334.2 331.9 325.4 329.7 328.4 326.1 325.7 325.7 325.7 325.7 324.9 324.1 323 322.4 322.7 322.8 323.2 324.4 323.6 322.9 322.8 322.8 322.4 321.7 321.2 321.8 322.2 322.2 321.7 322.1 322.6 325 328.2 333.2 336.4 337.5 337.5 337 337 337.2 341.5 341.8 339.9 342.3 342.7 341.3 341.2 340.4 340.6 339.5 338.9 338.6 339.5 338.5 339 339.2 340.7 340.7 339.9 341.3 342.3 342.5 342.1 342.3 342.5 342.5 342.5
346.8 346.5 345.6 344.7 344 343.2 342.2 341 340 339.3 338.3 337.1 334.7 328.8 335.7 332.6 331.2 330.5 330 329.5 329.1 328.2 327.1 326.4 325.8 326.4 326.9 327.7 328.2 327.9 327.2 326.1 327 326.5 325.4 324.1 324.8 325.6 326 325.3 325.7 326.3 330.4 335.8 339.9 341.2 340.9 340.8 341.2 341.6 342.2 344.8 344.5 344.8 345.2 345.2 343.6 342.5 342.2 342.3 341.6 341.3 341 341 340.6 340.4 341.5 342.6 343 342.3 341.4 342.8 343.6 344.2 344.3 344.4 344.3 344.7
349.2 349 348.2 347.4 346.6 345.9 345.2 344.2 343.1 342.3 340.9 340.3 338.2 336.3 339.1 338.1 336.1 335.9 335.4 334.6 333.8 332.9 331.3 330.5 330.6 331.2 331.6 332 331.5 331.6 330.8 329.3 329.9 329.8 329.8 329.9 331 332.3 334.8 335.1 337 337.6 340.8 344.3 345.3 345.8 345.1 344.7 344.5 346.3 347.6 347.7 346.8 348 347.4 346.6 345.2 345.1 344.5 344.1 344.2 344 344.2 344 343.3 343 343.6 343.9 342.9 341.9 342 342.7 343.2 343.9 344.4 345 345.9 346.6
352.1 352.2 351.9 350.9 349.5 348.6 348 347.1 346.3 345.2 343.5 343.6 341.3 341.4 343.5 342.2 341.3 341.3 340.5 339.1 337.9 337.3 335.9 335.1 335.9 336.7 337.3 336.9 336.7 338.4 336.1 334.9 335.3 336.7 336.1 336.2 338 342 342.7 344.3 347.6 348 350.1 350.2 350.7 350.9 350 349.8 350.4 350.4 350 350.1 348.3 349.6 348.6 347.8 348.3 348.3 348.3 348.1 348.1 348.2 348.2 347.6 346.6 345.9 345.9 344.6 343.9 343.2 343.7 344.6 344.8 344.9 345.7 346.4 346.7 347.3
357.8 357.1 356.2 354.8 353.5 352.3 351.6 350.6 350.3 349.7 348.4 348.2 344.3 347.8 348.3 347.1 345.7 345.3 345.7 343 342.1 342.3 341 340.5 341.2 343.1 343.6 342.8 344.1 349.5 348.9 349.2 349 348.5 340.9 342.3 346.3 347.6 349 350.4 351.8 352.7 353.1 353.4 353.6 353.5 353.2 353.3 353.1 352.5 351.8 351.1 350.6 350.4 350.4 350.2 350.4 350.8 351.1 351.4 351.5 351.6 351.2 350.7 349.6 348.8 348.4 347.3 346.3 345.4 346.4 347.1 347.2 346.8 347.3 347.8 348.2 349.2
363.7 362.9 361.8 360.3 358.9 357.5 357.3 356.7 356.5 358.4 358.2 355.4 349.7 354.2 354.4 355.6 356.5 357.7 357.1 355.2 354.4 352.8 351.4 349.7 352 353.3 354 353.2 355.4 357.8 358.4 358.9 358.3 356.3 345.8 353.4 353.4 351.6 353.8 354.7 355.2 355.5 355.8 356 356 355.8 355.6 355.8 355.1 354.2 353.6 353.3 352 351.7 352.6 352.8 353.2 353.5 354.3 354.2 355 354.9 354.4 353.3 352.2 351.4 351 350 348.7 348.5 349 349.1 349.2 349.1 348.9 349.2 350.2 350.8
375.1 373.9 372 369.3 366.8 364.9 364.4 363.8 365.8 367.1 366.8 364.3 362 366.1 366.5 367.8 367.9 367.3 366.1 365.5 363.9 363.4 363.9 362.9 361.8 360.6 360.4 359.7 361.2 362.6 363.7 362.6 360.5 358.4 356.7 357.7 357.3 353.2 356.7 358 358.4 358.4 358.1 358.1 357.8 357.5 357.3 356.8 356.3 355.7 355.7 354.9 353.3 354.2 355.3 355.9 356.4 356.9 357.7 357.9 357.9 357.9 357.6 356.3 355 354.3 353.5 352.5 351 351.1 350.7 350.7 350.7 350.8 350.6 350.5 351.5 352
387.9 385.8 383.7 381.5 379.1 377.5 374.8 372.9 373.8 373.1 370.2 362.9 370.3 371.3 371.4 372.8 372.4 371.9 371.2 370.2 369.2 368.9 368.8 367.8 366.1 364.8 364 363.7 364.3 364.2 364.3 364.9 361.8 359.9 359.8 359.7 358.3 357.7 359.5 360.2 360.6 361 360.5 360.1 359.7 359.4 358.7 357.7 357.2 357.4 357.1 356 354.9 356.6 359 359.3 359 359.5 360.5 360.9 360.9 360.7 359.9 358.9 357.5 356.1 355.3 354.4 353.1 353.1 352.4 352.1 352.2 352.2 352.2 352.1 352.6 353.2
