Assets/StreamingAssets/GeoData/Data/nz/NZ01.asc
ncols 200
nrows 200
xllcorner 400000
yllcorner 510000
cellsize 50
[rows 140 to 174 of 200, columns 78 to 155 of 200]
252.3 253.1 253.6 253.1 252.1 250.4 248.3 246.2 244.6 244 243.7 243.8 243.9 243.8 244 244.5 244.5 244 243.2 242.8 242.7 242.3 241.2 239.9 238.7 237.1 235.7 234.5 234.2 234.1 233.5 232.8 231.4 230.4 228.8 227 225.1 222.9 220.9 219 217.6 216.9 216.4 215.3 213.3 211 208.5 207.1 204.9 202.5 200.4 198.3 196.3 194.7 193.1 191.7 190.8 189.4 188 186.8 185.5 184.7 183.9 183.4 182.7 182 180.9 179.7 178.4 176.8 175.3 173.2 171.2 169 164.9 162.9 161.1 159.2
251.8 251.6 251.2 250.4 249.1 247.7 245.9 244.6 244 243.8 243.7 243.8 243.9 243.8 243.9 244.4 244.5 244.8 244.1 244 243.6 242.7 241.7 240.6 239.5 238.2 237.4 236.7 236.2 235.6 235.1 234.2 232.7 231.3 229.9 228.7 227 225.2 223.1 221.1 220.3 219.1 218.3 217.2 215 212.9 210.5 209.5 208.5 206.3 204.3 202.1 199.9 198.1 195.9 195 194.2 193.4 192 189.8 188.2 186.7 185.4 184.6 184.1 183.8 183.5 182.2 181 179.5 178 176.2 174.2 172.7 170.7 168.5 166.6 164.4
253 251.9 251 249.9 248.7 247.5 245.8 244.5 244 243.8 243.7 243.8 243.8 243.8 243.9 244.3 244.6 245 245.1 245.1 244.6 243.7 242.8 241.9 241 240.1 239.3 238.8 238.2 237.6 236.9 235.9 234.2 232.4 231.2 230.2 228.7 227 225.4 224.4 223.5 222.1 220.1 217.9 216 214 212.3 211.4 210.5 209.5 207.2 205 202.7 199.9 197.3 196.1 195.6 195.8 195 192.8 190.4 188.7 186.9 186.3 186.1 185.8 185.3 184.4 183.3 181.7 180.2 178.8 176.8 175 173.4 171.5 169.6 168.6
251.8 251.7 250.7 249.6 248.4 247.2 245.6 244.5 244 243.9 243.8 243.8 243.8 243.8 243.9 244.3 244.8 245.5 245.9 246.1 245.7 245.1 244.4 243.8 243 242 241.1 240.7 240.2 239.7 239.2 238 236.2 234 232.6 231.6 230.6 229.3 228.4 227.5 226.6 225.3 223.3 220.5 217.9 215.9 214.2 213.2 212.4 211 208.4 205.6 203.5 201.2 198.6 197.1 196.1 195.3 194.5 192.3 191.2 190.2 189.2 188.3 187.1 186.4 186 185.6 185.2 183.6 181.9 179.7 178.5 176.8 175.3 173.5 171.6 170.9
248.6 249.2 249.1 248.6 248.3 246.9 245.6 244.6 244.2 244.1 244 244 244.1 244 244 244.5 244.9 245.4 246 246.2 246.2 246.2 246 245.4 244.6 243.7 242.8 242.3 242.4 242.1 241.6 240.5 238.7 237.2 235.8 234.5 233.1 231.9 231 230.3 229.4 227.9 225.6 223.1 220.6 219 217.4 215.6 214.5 211.9 209.4 206.7 204.3 202.1 200.2 198.6 197.4 196.4 195.2 193.9 193.7 192.9 191 189.5 188.2 186.9 185.8 184.9 183.9 182.7 181.1 179.5 178 177.2 176 174.1 173 172.5
245.7 246.4 246.8 246.6 247.1 246.3 245.6 244.6 244.5 244.3 244.2 244.2 244.4 244.3 244.3 244.7 245.1 245.4 245.9 246.2 246.4 246.4 246.3 245.7 244.8 243.9 243.2 242.8 242.8 243.1 242.5 240.8 239.7 239.2 238.8 237.6 236.1 234.4 233.2 232.5 231.4 228.9 226.5 224.8 223.5 222.3 220.8 218.6 216 213.4 210.9 208.3 205.7 203.5 201.8 200.2 199.7 199.4 198 197.1 196.4 195.8 193.4 191.5 189.8 188.2 186.8 185.1 183.1 181.6 180.2 179 178.2 177.4 176.5 175.1 174 172.8
243.1 243.6 244.1 244.6 245.1 245.1 244.9 245.1 245 244.9 245 245.3 245.2 245.3 245.6 245.5 245.5 246.1 246.4 246.8 247.1 246.8 246.5 246 245.2 244.2 243.4 242.8 242.3 242 241.7 240.6 241.2 241.5 241.4 240.3 238.8 236.8 235.2 234.8 233.8 231.6 229.2 227.4 226.3 225.2 223.8 221 217.7 215.2 212.9 210.3 208.2 206.4 204.4 202.6 201.1 200.3 199.8 199.7 199.1 197.4 195.1 193.3 191.6 190.2 188.6 187 185.1 183.3 181.8 180.5 179.3 178.1 176.8 175.6 174.4 172.9
242.5 242.9 243 243.5 243.8 244.4 245 245.9 246.3 246.6 247.2 248 249.1 249.7 249.4 248.7 248.1 247.9 247.7 247.8 247.9 247.5 247 246.3 245.7 244.9 244.2 243.2 242.3 242 241.4 241.5 242.2 243.4 243.5 242.5 241.4 239.6 236.6 236 235.8 234.2 232.1 230.5 228.9 227.6 225.9 223 219.6 217.1 214.9 213 211.5 209.5 207.2 205.2 203.4 201.8 201.2 200.7 200.4 198.6 196.8 195.1 193.6 192.2 190.2 188.5 186.9 185.9 184.2 181.9 179.6 178.2 176.3 175 174.3 173.6
242.6 242.7 243 243.4 243.9 244.6 245.5 246.7 247.8 248.7 249.8 251.3 252.8 253.8 253.2 252.6 251.3 250.5 249.5 248.8 248.5 248 247.5 246.9 246.3 245.7 245.3 244.6 243.3 242.3 242.1 242.5 243.1 243.8 244 243.8 242.9 240.8 238.2 236.9 236.3 235.5 233.5 232.1 230.7 229.4 227.6 224.7 221.4 219 218 216.5 215 213.9 212.2 210.5 208.5 206.5 204.6 203.6 202.3 201 199.4 197.1 194.9 193.4 191.5 189.6 187.7 186 184.6 183 180.8 178.5 176.7 175.1 173.7 172.8
242.5 242.7 243.1 243.6 244.2 245.2 246.2 247.6 248.7 249.8 250.7 251.7 253.3 254.1 253.5 253.5 253.2 252.2 250.6 249.7 249.1 248.6 248 247.5 247 246.5 246.3 246.1 245 244 243.5 243.3 243.6 244.2 244.4 244.7 244.2 242.1 239.9 238.5 237.4 236.4 234.5 232.6 231 230 228.4 225.9 223.7 222.2 221.6 220.2 218.8 218.7 217.5 215.6 213.5 211.2 208.7 206.5 204.4 202.9 201.4 199.4 197.3 195.1 192.9 190.9 188.8 186.5 185 183.9 182.5 181.4 179.3 176.3 174.4 171.4
242.4 242.7 243.2 244.4 244.6 245.5 246.6 248.2 249.8 250.9 251.8 252.7 253.2 253.7 254 253.8 253.3 252.3 251.3 250.5 249.7 249 248.5 248 247.5 247 246.8 246.6 246.4 245.7 245.2 245.2 245.3 245.4 245.7 245.6 245.2 243.7 241.6 240.3 238.9 237.1 235.1 232.9 230.9 229.5 227.7 226.5 226.1 225.2 224.3 222.5 221.6 220.7 219.2 217 214.5 212 210 207.6 205.6 204 202.3 199.1 196.5 194.7 194.2 192.9 191 188.9 186.2 185.4 184.8 182.7 181.5 178.6 175.6 169.6
242.3 242.7 243.1 244.3 245 245.2 245.9 247.4 249.4 251.1 252.4 254 254.7 254.7 254.5 254.3 253.4 252.9 251.9 251.2 250.4 249.6 248.9 248.5 248.1 247.3 247.1 246.8 246.9 246.9 246.4 246.8 247.1 247.2 247.1 246.8 246.4 245.1 243.4 241.7 239.9 238.1 236.1 234 231.4 229.4 228.5 227.9 227.4 227 225.6 223 222.2 220.5 219.1 217.8 215.5 213.4 211.2 209 207.5 205.8 203.2 200.1 197 194.3 192.6 191.2 189.8 188.3 186.2 184 180.8 178.6 178.6 175.3 170.5 159.8
242.6 242.8 243.1 244 245.4 245.8 246 247 248.3 250 252 253.8 255.4 255.3 255.1 254.3 253.4 253 252.5 251.8 251.1 250.4 249.8 249 248.4 247.6 247.6 247.6 247.7 247.9 247.6 248 248.2 248.5 248.2 247.8 246.9 245.7 244.3 242.8 241.1 239.4 237.8 236.2 233.1 230.9 229.8 229.3 228.7 228.2 226.8 224.2 221.8 220.4 218.8 218 217.3 215.8 213 210.3 208.7 207.4 203.9 201.8 200.4 198.5 194.9 190.5 188.9 187.5 185 182 175.8 173.4 174.2 170.9 161.5 149
243.3 243.4 243.5 243.8 244.8 246 246.3 246.9 248 249.6 251.6 254.1 256.4 256.7 256.3 254.6 253.5 252.8 252.6 252.2 251.8 251.6 251.4 250.6 249.8 249 248.4 248.4 248.6 248.7 248.9 249 249.4 249.6 249.2 248.6 247.6 246.4 245.1 243.4 241.7 239.9 238.3 236.7 234.5 232.8 231 230.5 229.9 229.1 227.8 225.5 223.1 220.8 219.3 218.3 217.5 215.4 212.2 209.8 208.1 206.4 203.6 203.2 202.1 200.3 198.6 194 191.1 188.4 185.5 181.7 178.8 173.1 167.5 162.8 153.8 149.9
244.2 243.9 243.9 243.8 244.2 245.1 246 246.8 248.1 249.8 252.3 255.1 257.7 258.6 257.9 256.1 254.2 252.9 252.5 252.1 252.1 252.4 252.5 252.3 251.5 250.6 250 249.8 249.8 250 250.3 250.7 250.9 251.1 250.4 249.6 248.4 247.1 245.8 244 242.3 240.5 238.7 237.1 235.7 234.1 232.4 230.8 229.6 228.2 226.7 225.2 223.6 221.9 220.5 219 216.8 214 211.3 209.2 207.5 205 202.7 202.2 200.9 200.1 198.2 196.2 192 189.2 186.6 183.3 180 175.7 165.6 156.7 152.4 147.8
244.6 244 243.9 243.8 243.8 244.5 245.5 245.9 247.4 249.5 252 255.1 258.2 260.1 259.6 257.5 255.3 253.2 252.5 252.4 252.8 253.2 253.4 253.6 252.7 252.2 251.8 251.4 251 251.5 252 252.2 252.5 252.6 251.9 251.2 250 248.3 246.6 245.1 243.5 241.5 239.6 237.7 236.4 235.1 233.4 231.7 229.9 227.9 226.5 225.1 223.6 222.5 221.2 219.2 216.2 213.5 211.2 209.3 207.5 205.1 204 203.3 201.7 199.6 197.5 195.2 192.7 190.5 189 186.2 183 176.6 163.6 155.9 151.5 150.1
244.5 244.1 243.9 243.7 243.7 244.2 244.7 245 247 249 251.2 254.3 257.4 260.2 260.5 258.6 256.3 253.8 252.6 253 253.4 253.8 254.5 254.7 254.3 253.9 253.4 252.6 252.1 252.1 252.2 252.9 253.5 253.9 253.5 252.8 251.6 249.9 248.1 246.4 244.6 242.7 241.3 239.7 238.1 236.7 234.8 232.8 231.1 229.3 227.2 225.2 223.7 222.7 221.3 219.5 217.5 214.9 212.7 211 209.2 207.5 205.6 203.8 201.6 200.4 199.1 198.1 194.9 193.2 191.5 187.2 181.7 177.4 167.4 155.4 151.9 151.4
244.6 244.2 243.9 243.7 243.6 244 244.3 244.9 246.8 248.8 250.7 253.3 256.4 258.9 260.3 259.2 257.2 254.5 253 253.2 253.6 254.6 255.9 256.4 256.2 255.5 254.4 253.6 252.5 252.1 252 252.7 253.4 253.9 254.2 254 253 251.8 250.4 248.7 247.2 245.8 243.8 241.5 239.9 238.3 236.6 234.6 232.7 230.8 228.8 227.1 225.8 224.4 222.7 220.5 218.7 216.9 214.9 213.8 212.3 210.5 208.2 206.8 204.5 203.6 202.4 199.8 197.4 195.8 193.8 189.1 180.5 177.7 170.4 156.6 149.2 154.8
244.5 244.3 243.9 243.7 243.6 243.7 244 245.1 246.7 248.8 250.6 252.4 254.8 256.9 258.6 259 257.8 255.6 253.9 253.5 254 255.3 256.7 258 257.4 256.7 255.4 254.2 253.2 252.2 251.9 252 252.2 252.6 253.4 254.2 254.1 253.6 252.7 251.7 250.3 248.8 246.5 244 241.4 239.8 238.4 236.4 234.5 232.8 231.1 229.4 228.1 226.7 225 222.6 220.3 218.1 216.4 215 214.1 212.6 211.1 209.8 207.8 206.1 203.8 201.7 200.1 197.8 195.6 190.7 180.8 180 173.3 156.7 153.4 160.2
244.1 243.8 243.6 243.6 243.7 243.4 243.6 244.5 246 247.9 249.5 251.4 253 255.2 256.6 257.3 257.4 257.3 256.1 255 254.6 255.6 257 258.5 259 257.8 256.7 255.3 254 252.9 252.3 252.2 251.8 251.8 252.6 253.7 254.5 254.7 254.6 254.1 253.1 251.1 248.8 246.5 243.7 241.3 240.1 238.6 237 235.4 233.5 231.7 230.3 228.8 227.2 224.8 221.8 219.6 217.6 216.1 215.2 214 213.3 212.6 210.8 207.7 205.2 203.4 201.9 199.3 196.4 189.7 180.9 175.8 162.2 152.5 156.1 168.9
242.9 243.1 242.6 244.7 245.5 244.3 243.3 243.6 244.4 246.5 248.3 250 251.6 253.4 255.4 256.8 257.3 257.8 258.6 257.7 256.8 256.7 258 259.8 260.4 260.4 258.9 257.2 255.5 254.2 253.4 252.7 252 252.1 252.5 253.7 254.7 254.8 255.2 255.5 254.7 253 250.9 248.8 246.1 243.7 242.5 241.4 239.4 237.4 235.6 233.8 231.7 230.3 228.4 225.6 223 220 218.3 216.3 214 212.8 212.5 213 211.9 209.3 206.3 204 201.4 199 194.5 186 175.3 163.1 153 150.4 163.5 179.8
241.8 240.3 242.7 245.4 246.3 244.8 243.4 243.2 243.6 245.1 247.2 249.3 251.1 252.6 254.5 256.4 257.5 258.5 259.3 260.3 259.9 259.7 260.2 261.4 262.1 262 260.8 259 257.2 255.6 255 254.6 253.8 252.8 253 253.7 254.3 254.8 254.9 254.9 254.8 253.8 251.7 249.6 247.6 245.1 243.3 241.7 239.9 237.9 235.9 234 232 229.7 227.6 225 222.3 220 217.8 212.8 208 206.1 205.3 205.7 205.8 203.5 200.8 196.8 192.6 189.7 189.3 179.6 164.5 154.8 151.8 161.1 177.1 193.2
224.8 241.9 244.1 246.1 245.9 244.5 243.5 243.3 243.2 244.1 246.6 248.7 250.7 252.1 253.6 255.4 257.6 259.1 260 261.6 262.1 262.2 262.3 263 263.7 263.3 261.8 260 257.7 256.3 255.7 256.1 255.6 254.6 253.7 253 253.1 253.4 253.2 253.3 253.2 252.5 251.2 249 246.6 243.5 241.2 239.6 237.7 235.9 234.3 232.4 229.7 226.8 224.3 222.5 220.4 218.1 212.6 205.6 203.2 201.8 199.6 197.4 195.1 192.7 189.8 186.5 181.2 180.2 177.7 166.7 156.5 152.6 163.7 178.2 192.7 197.4
216.6 240.4 246.1 245.5 245.3 244.4 244.1 243.8 243.4 243.8 245.2 247.7 250 251.5 252.8 253.9 255.1 257.2 259 261.1 262.2 262.2 262.4 262.8 263.8 263.4 261.8 259.3 257 254.8 253.6 253.9 254.4 254.5 253.7 252.2 251.4 250.8 250.4 249.8 249 247.8 246.4 244.8 242.6 240.1 237.8 235.7 233.7 232.1 230.7 228.8 226.5 223.7 220.8 219.7 218.5 213.9 205.2 200.5 196.9 194.5 191.9 190.9 188.3 184.6 181.7 177.6 169.5 163.2 153.5 154.7 160.7 170.6 181.7 193.7 198.3 200.2
215.2 230.6 243.1 244.7 244.8 244.9 244.7 244.3 243.8 244.3 245.1 246.5 248.7 250.9 251.2 252 252.6 252.9 254.2 256.2 257.9 258.7 259.3 259.7 259.9 259.5 257.8 256.3 254 251.9 249.5 248.8 249.3 249.8 249.8 249.3 248.2 247.2 246.4 244.8 242.9 241.1 239 237.7 236.3 234.7 232.5 230.8 229 227.6 226.2 224.9 222.6 220.3 218.4 216.6 213.3 206.4 198.9 193.7 189.5 186 183.5 182.6 178.8 174.8 172.7 170.2 159.3 159 166.5 172 179.2 188.1 196.3 198.4 200.9 203.6
219.8 224.1 237.5 242.8 244.2 245.1 244.9 244.5 244.4 245.5 247.2 248.1 248.9 250.2 249.9 250.1 250.2 250.4 250.3 251.4 252.6 252.9 253.3 253.2 252.6 252.5 252.1 251.3 249.6 247.1 244.8 243.5 243.3 243.8 244.2 243.9 243 242.1 240.3 237.6 235.5 233.4 231.1 230.1 229.3 228.5 227.4 226 224.6 223.4 222.5 221.1 219.2 217.4 215.3 209.8 201.5 197.3 192.1 187.1 182.2 178.8 176.2 174.7 172.3 167.9 162.7 157.2 161 170.6 179.1 186.8 194.9 199.1 200 202.4 205.1 207.5
228.3 213.2 227.1 239.2 243.4 244.1 246 245.4 246.2 248 250.3 251.1 250.9 250.1 249.5 249.2 249.1 248.9 248.6 248.7 249.2 249 248.1 247.1 246.3 246.5 246.1 245.3 243.6 242 240.4 238.8 238.1 237.8 238.2 238.1 237.2 236.3 234.3 231.9 229.9 227.9 225.9 224.9 224.2 224.3 223.5 222.8 221.4 220.4 219.4 218.2 216.2 214.1 209.5 199.1 190.6 187.5 183.9 179.1 175.1 172.3 170.6 168.7 164 160.4 156 163.7 171.7 181 190.5 199.5 201.3 202.3 203.9 206.9 209.8 211.9
228.9 212 220.4 233.3 240.8 242 244.2 246.6 248.8 251.2 253.1 253.3 252 251 249.8 249.6 249.1 248.8 248.5 248.4 248.2 247.3 245.5 243.6 242.5 241.9 241.6 241.3 239.5 237.6 236.2 234.7 233.5 233 233.4 234.1 233.5 233 231.5 230.6 228.8 226.5 224.6 223.2 222.3 221.8 221 220.4 219.2 217.9 216.7 215.5 213.2 210.2 200.8 188.5 174.2 166.1 161.6 161.3 165.1 165.6 164.4 162.1 159.7 160.2 168.8 174.2 181.5 191.6 200.4 203.9 205.3 206.1 207.9 210.7 214.6 217
227.9 226.2 210.7 222.6 236 238 239.4 242.4 248 251.1 253.7 254.1 253.2 250.7 250 249.9 249.4 248.9 249.2 249.5 249.1 247.6 245.7 243.7 242.2 240.6 239.1 237.4 236.2 234.3 232.9 231.5 230.5 230.5 230.4 230.5 230.5 231 230.4 229.6 229.3 225.9 223.7 222 221 219.9 219 218.5 217.8 216.1 214.8 212.7 210.1 204.1 188.6 166.3 167 168.5 167.3 164.9 162.9 161.3 159.7 158.1 161 170.2 177.3 183.5 192.4 201.7 205.6 207.3 208.4 209.7 211.2 213.4 217.5 220.4
234.9 234.5 227.9 214 217.8 231.3 237.3 239.3 241.3 243.2 247.6 250.7 251.1 249.2 249.1 248.2 248.1 249.5 251 250.9 250.1 248.8 246.7 244.2 242.4 240.9 239.5 237.4 235.2 233.3 231.8 230.2 229 228.2 227.6 227.6 228.9 229.8 229.4 229 227.7 225.7 223 221.3 219.6 218 217 216.6 216.1 214.1 211.1 209 205.3 194.1 173.2 168.1 174.2 177.8 175 170.6 167.3 165.4 165.5 166.6 169.3 177.6 187.2 193.8 201.5 206.9 208.8 210.2 210.5 210.8 211 212.6 216.3 218.5
234.5 234.2 232.7 229.7 213 212.5 226.4 237.1 239.3 240.1 240.4 241.1 240.3 241.2 242.5 243 244.7 246.2 248 250 248.9 247.7 246.2 244.5 242.1 240.5 239.9 238.3 236.5 234.2 232.1 230.1 228.7 223.9 220.6 224.6 229.2 229.2 229.8 228.6 227.2 224.8 222.6 220.9 219.1 217 215.1 212.7 212.7 210.6 206.7 204.1 198.2 183.1 169.4 169.3 181.1 187.7 185.4 179.7 173.9 170.7 171.8 174.5 177.9 184.6 195.2 203.5 207.7 209 210 210.7 210.8 211 210.9 210.4 211.5 211.9
235 233.9 233 230 216.2 210.7 211.5 222.6 235 236.2 235.6 234.9 236.3 236.8 237.5 238.9 239.4 240.2 240.7 242.1 241.5 241.2 242 241 240 238.6 237.4 237.2 236.6 236 233.3 229.5 213.4 194.2 186.8 199.7 218.8 227.8 230.8 229.4 227.3 224.2 221.4 219.2 217.7 215.2 212.7 209.1 203.4 196.8 193 192 184.6 173.8 168.7 175.1 190.4 197.7 196.4 191.3 185.5 181.2 181.4 184.1 187.9 193.4 202.3 208 208.3 209.4 210.2 210.5 210.8 211.1 210.1 209.1 208 207.4
236.6 235.6 234.6 233.1 222.6 212.9 206.8 211.4 216.4 224 220.6 211.8 223.8 231.2 235.6 236.8 235.9 236.7 237.5 236.4 234.9 235.2 236.4 236.3 235.5 235.4 234.5 234.2 233.5 233.6 232.5 221.8 192.2 186.5 189.7 182 207 225.6 232.2 230 226.8 222.9 218.9 214.9 211.6 208.3 200.9 188.8 172.9 168.4 168.8 168.5 167.5 168.3 169.5 190 202.5 205.2 205.9 203.5 197.8 193.4 192.9 194.9 198.8 204.4 209.2 208.9 207.6 208.3 209.2 210.1 210.6 210.3 209.4 208 205.6 204.2
237.6 237 235.6 234.1 233.5 225.5 212.3 205.7 209.6 208.3 206.7 206.6 204.1 210.8 227.7 236.7 236.1 235.1 235.3 234 232.2 233 232.1 231.9 231 231.6 231.5 231.5 230.5 228.5 222 204 186.7 216.8 205.9 183.7 197.9 218.6 227.6 224 218.2 211.9 206.7 201.2 195 188.4 175.4 171.7 177.3 178.8 180.3 182.8 185.9 190.3 198.1 206.5 208 207.2 207.4 208.2 207.3 204.3 203.9 205 208 208.7 208.9 207.7 206.2 206.4 206.6 207.9 209.1 208.7 207.4 205.7 203.3 201.6
229.4 231.2 230.9 228.2 227.3 222.2 211.9 212.5 205.4 206.8 205 217.4 206.9 201.3 206.4 223.7 231.5 230.9 232.8 232.8 230.6 230 229.8 230.2 229.2 228.3 228.8 227.8 224.4 212.9 197.1 187.3 214.3 231.8 213.8 188.1 190.2 198.6 205.6 201.7 193.5 187.4 180.3 175.6 172.9 175.9 178.8 187 189.1 191.2 193.4 196.1 199.8 204.3 209.1 210.8 210.1 208.6 207.5 207.6 207.3 207.3 207.4 207.3 208.2 208.6 208.8 207.2 205.1 205 205.2 206.4 206.8 205.9 203.9 202.7 200.9 198.9
