Assets/StreamingAssets/GeoData/Data/nz/NZ05.asc
ncols 200
nrows 200
xllcorner 400000
yllcorner 550000
cellsize 50
[rows 140 to 174 of 200, columns 0 to 78 of 200]
220.6 220.6 220.6 220.6 220.6 220.6 220.6 220.6 220.6 220.6 220.6 220.6 220.6 220.6 220.6 220.6 220.6 220.6 220.6 220.6 220.6 220.6 220.6 220.6 220.6 220.6 220.6 220.6 220.6 220.6 221.3 227.1 237.6 246.8 254.3 259.6 262.2 262.7 263 262.9 262.6 261 258.6 255.5 251.2 246.9 242.9 239.4 235.6 239.6 244.6 250 256.4 259.2 261.5 263.2 265.4 267.8 269.7 271 271.9 272.9 273.6 274.2 274.2 274 274.2 272.2 270 268.9 268.6 268.8 268.3 267.4 267.4 268.4 270.2 272.4 273.4
220.6 220.6 220.6 220.6 220.6 220.6 220.6 220.6 220.6 220.6 220.6 220.6 220.6 220.6 220.6 220.6 220.6 220.6 220.6 220.6 220.6 220.6 220.6 220.6 220.6 220.6 220.6 220.6 220.6 220.6 220.6 220.6 226.8 236 246.3 255 260.1 262.1 262.5 262.5 261.8 259.5 256.5 252.9 248.7 244.5 240.6 236.8 233.1 235.8 240.4 246.3 253.1 258.3 260.5 262.6 264.6 267.1 269.3 270.4 271.4 272.5 273.1 273.5 273.8 273.9 273.7 271.8 269.2 268.1 268 267.8 267 266.1 265.9 266.7 268.5 271.1 273.1
220.6 220.6 220.6 220.6 220.6 220.6 220.6 220.6 220.6 220.6 220.6 220.6 220.6 220.6 220.6 220.6 220.6 220.6 220.6 220.6 220.6 220.6 220.6 220.6 220.6 220.6 220.6 220.6 220.6 220.6 220.6 220.6 220.6 223.7 235.7 247.2 255.6 260.9 261.8 261.3 259.6 257 253.9 250.3 245.7 242.2 238.3 234.4 231.4 233 236.1 242.1 248.7 256.2 259.3 261.5 263.5 265.8 267.7 270.1 271.2 272.2 272.9 273.5 273.8 274 273.5 271.3 268.9 267.2 266.4 265.7 264.8 264.5 264.5 265.5 267.3 268.9 272.2
220.6 220.6 220.6 220.6 220.6 220.6 220.6 220.6 220.6 220.6 220.6 220.6 220.6 220.6 220.6 220.6 220.6 220.6 220.6 220.6 220.6 220.6 220.6 220.6 220.6 220.6 220.6 220.6 220.6 220.6 220.6 220.6 220.6 220.6 221.2 237.5 249.8 256.7 259.2 258.3 256.4 253.8 250.9 247.3 243.4 240.3 236.8 232.9 230.1 230.5 233.2 237.4 243.3 250 255.8 258.5 261 263.1 266.6 269.5 271.1 271.9 272.8 273.6 274 273.9 273.5 271.1 268.7 266.9 265.5 264 263.1 263 263.8 264.7 265.9 267.8 271
220.6 220.6 220.6 220.6 220.6 220.6 220.6 220.6 220.6 220.6 220.6 220.6 220.6 220.6 220.6 220.6 220.6 220.6 220.6 220.6 220.6 220.6 220.6 220.6 220.6 220.6 220.6 220.6 220.6 220.6 220.6 220.6 220.6 220.6 220.6 224.6 241.6 250.9 255.3 254.9 253.1 250.9 247.7 244.3 241.3 238.4 235.2 231.6 229.1 227.8 230.5 233.1 237.4 243.4 248.9 253.6 257.3 261.7 265.8 268.9 270.5 271.3 272.2 273.3 273.7 273.9 273.4 270.7 268.5 266.6 264.9 263.3 262 261.7 262.1 263.5 264.6 266.8 270.4
220.6 220.6 220.6 220.6 220.6 220.6 220.6 220.6 220.6 220.6 220.6 220.6 220.6 220.6 220.6 220.6 220.6 220.6 220.6 220.6 220.6 220.6 220.6 220.6 220.6 220.6 220.6 220.6 220.6 220.6 220.6 220.6 220.6 220.6 220.6 220.6 231.2 244 249.2 251.8 249.6 247.7 244.7 242.3 239.3 236.5 233.5 230.7 227.9 225.6 227.8 230.5 233.3 236.7 241.4 246.5 252.9 260 264.7 267.9 269.6 270 271.4 272.9 273.3 273.5 272.9 270.1 267.8 266 264.1 262.7 261.3 260.1 260.1 262.1 263.3 265.6 269
220.6 220.6 220.6 220.6 220.6 220.6 220.6 220.6 220.6 220.6 220.6 220.6 220.6 220.6 220.6 220.6 220.6 220.6 220.6 220.6 220.6 220.6 220.6 220.6 220.6 220.6 220.6 220.6 220.6 220.6 220.6 220.6 220.6 220.6 220.6 220.6 220.8 237.9 245.7 248.6 246.9 245.1 243 240.4 237.7 235.1 232.5 229.8 227.1 224.3 225.7 228.1 230.6 233.1 236.2 240.9 248.1 255.9 262.7 266.3 268.2 268.6 269.7 271 271.9 272.2 271.9 269.5 267.2 265.1 263.3 262.1 260.8 259.6 259.1 260.9 262.3 264.5 267.3
220.6 220.6 220.6 220.6 220.6 220.6 220.6 220.6 220.6 220.6 220.6 220.6 220.6 220.6 220.6 220.6 220.6 220.6 220.6 220.6 220.6 220.6 220.6 220.6 220.6 220.6 220.6 220.6 220.6 220.6 220.6 220.6 220.6 220.6 220.6 220.6 220.6 232.6 243.1 246.4 245.2 243.4 241.5 239.1 236.6 234.1 231.7 229.1 226.6 223.3 221.8 225.1 227.3 229.3 232.1 236 241.6 249.4 258.5 264.1 266.1 267.2 267.8 268.8 269.8 270.2 270.2 269 266.6 263.7 262.6 261.5 260.4 259.2 258.5 259.9 261.2 263.3 265.2
220.6 220.6 220.6 220.6 220.6 221.2 223.3 224.5 225 224.4 221.1 220.6 220.6 220.6 220.6 220.6 220.6 220.6 220.6 220.6 220.6 220.6 220.6 220.6 220.6 220.6 220.6 220.6 220.6 220.6 220.6 220.6 220.6 220.6 220.6 220.6 220.6 228.6 241.2 245 244.8 242.7 240.5 238.1 235.6 233.2 230.8 228.5 226 223.3 220.6 220.6 220.7 221.7 228.7 231.8 235.8 242.2 252.2 261.1 263.9 265.4 265.9 266.7 267.8 268.2 268.5 267.5 265.5 262.5 261.7 261.5 260.3 259.1 257.8 258.6 260 261.1 262.2
220.6 220.6 220.6 222.3 227.1 228.9 229.8 230 229.5 229.4 227.1 222.3 220.6 220.6 220.6 220.6 220.6 220.6 220.6 220.6 220.6 220.6 220.6 220.6 220.6 220.6 220.6 220.6 220.6 220.6 220.6 220.6 220.6 220.6 220.6 220.6 220.6 225.6 237.9 243.1 244 242 239.8 237.3 234.5 232.2 230.4 227.8 225.5 223.3 221.7 220.6 220.6 220.6 225.6 228.8 232.4 237.4 243.8 255.5 260.9 263 264.4 265.1 266 266.3 265.8 265.1 263.6 261.3 260.4 262 261 259.6 257.8 257 259 258.9 259.1
220.6 220.6 224.6 230.1 232.4 233.4 233.8 233.8 233.3 232.8 231 228.1 224.2 224.3 223.6 220.6 220.6 220.6 220.6 220.6 220.6 220.6 220.6 220.6 220.6 220.6 220.6 220.6 220.6 220.6 220.6 220.6 220.6 220.6 220.6 220.6 220.6 222 234.6 240.2 242.2 241 238.7 236.7 233.5 230.6 229.4 226.8 225 222.9 221.8 220.6 220.6 220.6 222.5 227 230.2 234 239.3 247.3 258.7 261.6 262.8 263.5 264.2 264.9 263.9 262.7 260.9 259.3 258.1 258.6 259.9 259.7 257.9 256.6 256.8 257.3 257
223.6 227 231.2 234.5 236.3 237 236.9 235.9 235.6 235.7 236.3 231.4 226.8 225.2 225.8 225.3 222.1 220.6 220.6 220.6 220.6 220.6 220.6 220.6 220.6 220.6 220.6 220.6 220.6 220.6 220.6 220.6 220.6 220.6 220.6 220.6 220.6 220.6 229.5 235.9 238.8 238.4 237 235.1 231.9 229.4 227.8 225.6 224.1 222.4 220.6 220.6 220.6 220.6 221.1 225.3 228.4 231.8 236.4 243.8 255.9 260.8 261.5 261.7 262.4 263.1 262.5 260.9 258.6 256.7 255.2 254.7 255.3 257.3 258.9 257.6 255.9 255.8 255
229.9 233.6 237.1 239.3 240.3 239.9 239.4 237.9 236.7 235.5 238.7 234.7 228.4 224.4 224.5 224.7 222 220.6 220.6 220.6 220.6 220.6 220.6 220.6 220.6 220.6 220.6 220.6 220.6 220.6 220.6 220.6 220.6 220.6 220.6 220.6 220.6 220.6 220.8 230 235.1 235.1 234 232.1 230 227.5 226 224.1 222.2 220.7 220.6 220.6 220.6 220.6 220.6 223.5 227 230.2 234.2 240.5 251.4 259.2 260.4 260.4 260.8 261.3 260.7 259.1 256.8 254.7 252.6 251.8 252.5 254.8 257.3 257.2 257 254.6 252.3
236.2 239.8 243.3 246.5 248.1 248.2 245.6 240.9 237.2 233.8 235.5 236.5 233.7 229.1 223.6 222.1 220.6 220.6 220.6 220.6 220.6 220.6 220.6 220.6 220.6 220.6 220.6 220.6 220.6 220.6 220.6 220.6 220.6 220.6 220.6 220.6 220.6 220.6 220.6 221.1 228.6 230.1 229.9 228.7 226.5 225 223.5 221.8 220.6 220.6 220.6 220.6 220.6 220.6 220.6 222.2 225.5 228.5 232.6 238.3 248.2 257 259.3 259 259.1 258.9 258.4 257.3 255.7 252.8 250.8 249.4 250.8 252.6 254.7 253.8 253.6 252.1 249.4
242.5 245.9 249.4 252.4 253.6 253 248.2 241.6 238 233.9 233.8 235.4 233.1 228 227.3 225.2 220.6 220.6 220.6 220.6 220.6 220.6 220.6 220.6 220.6 220.6 220.6 220.6 220.6 220.6 220.6 220.6 220.6 220.6 220.6 220.6 220.6 220.6 220.6 220.6 220.6 221.7 223.6 223.8 222.9 221.3 220.6 220.6 220.6 220.6 220.6 220.6 220.6 220.6 220.6 220.6 223.6 226.9 230.4 235.4 243.5 253.6 258.4 258.1 257.7 256.8 256 255 253.7 250.9 249.2 246.2 244.6 247 250.1 250.4 249.8 246.5 247.3
248.7 252.2 255.4 256.6 256.4 255.1 253.4 251 243.7 237 232 231.5 230.2 231.3 235.1 231.6 228.5 223.5 220.6 220.6 220.6 220.6 220.6 220.6 220.6 220.6 220.6 220.6 220.6 220.6 220.6 220.6 220.6 220.6 220.6 220.6 220.6 220.6 220.6 220.6 220.6 220.6 220.6 220.6 220.6 220.6 220.6 220.6 220.6 220.6 220.6 220.6 220.6 220.6 220.6 220.6 221.6 225.3 228.2 232.6 239.1 248.7 256 257 256.4 255.6 254.5 252.8 250.6 248.6 246.7 243.4 239.4 242.3 246 246.4 245 240.4 246.9
254.6 257.6 257.7 257.8 257.2 257.1 257.2 255.1 251.7 246.9 239.3 235.3 234.6 239.3 238.2 235.1 232.1 228.3 220.6 220.6 220.6 220.6 220.6 220.6 220.6 220.6 220.6 220.6 220.6 220.6 220.6 220.6 220.6 220.6 220.6 220.6 220.6 220.6 220.6 220.6 220.6 220.6 220.6 220.6 220.6 220.6 220.6 220.6 220.6 220.6 220.6 220.6 220.6 220.6 220.6 220.6 220.6 223.3 226.3 230.7 236.8 244.1 251.8 255.7 255.5 254.7 254.2 252.6 249.6 245 243.9 241 236.7 237.7 241.2 241.2 240.5 237.8 244.3
259.4 260.1 259.6 259.2 259.3 260.1 260.1 258.6 256.5 249.4 245.8 240.8 240.7 243 241 237.8 236.1 233.7 229.8 220.6 220.6 220.6 220.6 220.6 220.6 220.6 220.6 220.6 220.6 220.6 220.6 220.6 220.6 220.6 220.6 220.6 220.6 220.6 220.6 220.6 220.6 220.6 220.6 220.6 220.6 220.6 220.6 220.6 220.6 220.6 220.6 220.6 220.6 220.6 220.6 220.6 220.6 220.6 224.6 228.9 233.4 240.2 248 252.9 254.9 254.8 254.2 252.8 249.1 244.5 238.8 237 235.6 231 231.8 235.3 235.6 235.1 240.6
261.6 262 262.1 262.4 263.2 263.3 263.1 261.2 259.7 256.8 255.2 244.7 244.9 246.7 246.2 239.3 236.2 236.7 233.2 226.8 220.6 220.6 220.6 220.6 220.6 220.6 220.6 220.6 220.6 220.6 220.6 220.6 220.6 220.6 220.6 220.6 220.6 220.6 220.6 220.6 220.6 220.6 220.6 220.6 220.6 220.6 220.6 220.6 220.6 220.6 220.6 220.6 220.6 220.6 220.6 220.6 220.6 220.6 223.4 227.1 231.1 236.9 243.5 249.4 252.3 254.1 254 251.6 247.5 243.1 238 233.3 231.9 228.1 227 230.2 231.2 232 236.5
263.6 265.2 266.8 266.3 265.8 265.6 264.7 263 261.1 258.4 248.8 247.4 250.1 251.5 250.2 246 236.2 229.3 228.5 220.6 220.6 220.6 220.6 220.6 220.6 220.6 220.6 220.6 220.6 220.6 220.6 220.6 220.6 220.6 220.6 220.6 220.6 220.6 220.6 220.6 220.6 220.6 220.6 220.6 220.6 220.6 220.6 220.6 220.6 220.6 220.6 220.6 220.6 220.6 220.6 220.6 220.6 220.6 221.1 225.5 230.4 236.1 241.3 246.2 249.6 251.9 252.7 249.8 245.8 241 235.8 231.4 228 227.5 225.2 226.2 227 228.8 232.1
267.4 269.5 270.2 270.3 269.6 266.2 264.6 262.7 259.9 251.7 251.2 253.4 255.6 254.1 250.7 247.3 241.8 237.3 232.2 231.3 227.5 220.6 220.6 220.6 220.6 220.6 220.6 220.6 220.6 220.6 220.6 220.6 220.6 220.6 220.6 220.6 220.6 220.6 220.6 220.6 220.6 220.6 220.6 220.6 220.6 220.6 220.6 220.6 220.6 220.6 220.6 220.6 220.6 220.6 220.6 220.6 220.6 220.6 220.6 224.9 229.8 234.2 240.2 244.2 247.1 248.5 248.9 247.1 243 237.9 233 229 226 225.5 225.4 223.8 223.5 224.1 226.6
271.4 273 274.8 277.3 277.4 273.1 265 260.4 259.9 260 259 258.8 257.5 255.6 252.4 249 245.9 241.8 237.8 234.7 230.9 225 220.6 220.6 220.6 220.6 220.6 220.6 220.6 220.6 220.6 220.6 220.6 220.6 220.6 220.6 220.6 220.6 220.6 220.6 220.6 220.6 220.6 220.6 220.6 220.6 220.6 220.6 220.6 220.6 220.6 220.6 220.6 220.6 220.6 220.6 220.6 220.6 220.6 224.2 229.8 235.7 239.8 243.4 244.5 245 243.6 241.6 238.4 234.6 229.9 226.7 224.1 222.2 222.3 221.8 220.4 220.2 222.8
276.8 279.1 281.4 280.9 279.7 277.8 271.6 266.8 269.5 266.9 263.7 261.3 259.4 258 254 251 247.7 242.4 238.9 237.2 235.6 230.8 221.9 220.6 220.6 220.6 220.6 220.6 220.6 220.6 220.6 220.6 220.6 220.6 220.6 220.6 220.6 220.6 220.6 220.6 220.6 220.6 220.6 220.6 220.6 220.6 220.6 220.6 220.6 220.6 220.6 220.6 220.6 220.6 220.6 220.6 220.6 220.6 220.6 225.1 230.1 235.7 239.5 242.2 242 240.8 238.5 236.3 233.8 230 226.5 224.1 222.4 221 219.1 218.5 219 217.6 219.5
280.7 281.8 281.5 280.8 280.1 277.9 274.5 273.5 275.8 271 266.2 263.8 260.8 257.2 253.6 250.1 244.6 240.4 241.3 242.2 239.4 234.3 228.2 222.8 220.6 220.6 220.6 220.6 220.6 220.6 220.6 220.6 220.6 220.6 220.6 220.6 220.6 220.6 220.6 220.6 220.6 220.6 220.6 220.6 220.6 220.6 220.6 220.6 220.6 220.6 220.6 220.6 220.6 220.6 220.6 220.6 220.6 220.6 224.3 225.5 230.7 233.7 235.8 238.1 238.4 236.7 233.9 230.9 228 225.1 223.1 221.5 220.3 219.2 218 215.2 217.6 215.3 217.9
281.3 281.3 281.3 280.7 280 278.9 275.6 275.1 275.8 273.7 272.4 270.5 266.1 262 258.3 255 248.3 240.4 246 247.3 240.4 233.8 230.7 228 222.5 221.4 221.7 220.6 220.6 220.6 220.6 220.6 220.6 220.6 220.6 220.6 220.6 220.6 220.6 220.6 220.6 220.6 220.6 220.6 220.6 220.6 220.6 220.6 220.6 220.6 220.6 220.6 220.6 220.6 220.6 220.6 220.6 220.6 219.5 224.1 224.8 227.7 230 231.5 231.4 229.9 227.4 224.8 222.3 220.2 218 216.5 215.2 214.2 213.1 212.7 215.1 213.3 216.3
280.9 280.8 280.8 280.6 280.2 278.8 277.2 277.1 275.5 275.3 279.4 279.8 272.5 265.3 261.9 259 250.6 240.8 243.1 243.2 234.7 230.4 228.7 227.8 224.1 231.6 231.7 224.3 220.8 220.6 220.6 220.6 220.6 220.6 220.6 220.6 220.6 220.6 220.6 220.6 220.6 220.6 220.6 220.6 220.6 220.6 220.6 220.6 220.6 220.6 220.6 220.6 220.6 220.6 220.6 220.6 220.6 220.6 223.5 218.5 220.2 221.9 223.4 223.7 223.4 222.8 220.7 218.4 216 213.8 211.7 209.9 209.1 208 208.7 212.3 213.2 211.5 213.8
281.6 281.8 281.3 281.3 281.5 280.4 280 283.4 282 277.6 280.2 281.6 276.3 268.4 264.5 262.3 258.3 249.9 240.2 235.9 233.5 230.8 227.5 227 228.9 234.8 233.5 226.5 220.6 220.6 220.6 220.6 220.6 220.6 220.6 220.6 220.6 220.6 220.6 220.6 220.6 220.6 220.6 220.6 220.6 220.6 220.6 220.6 220.6 220.6 220.6 220.6 220.6 220.6 220.6 220.6 220.6 220.7 212.3 209.7 211.9 213.9 215.6 215.7 215.5 215.1 214.4 211.5 209.9 208 206.1 204.7 203.8 205.5 208.3 210.9 210.7 208.4 209.9
287.1 283.3 284.5 289.1 293.8 293.1 285.5 282.9 283.1 279.2 278.8 277.9 273.5 269.2 266.6 265.1 263.2 259.1 251.5 247.3 242.3 241.5 234.6 233 235.8 236.1 232.5 226.6 222.5 220.6 220.6 220.6 220.6 220.6 220.6 220.6 220.6 220.6 220.6 220.6 220.6 220.6 220.6 220.6 220.6 220.6 220.6 220.6 220.6 220.6 220.6 220.6 220.6 220.6 220.6 220.6 220.6 215.1 204.4 202.5 203.8 205.2 206.7 207.7 207.7 207.2 206.9 204.8 202.9 202 201.1 200 201.8 204.5 206.6 208.1 208.6 206.4 206.2
285.9 288.3 296.4 309.1 313.7 312.1 300.1 292 288 281.1 278.4 277.7 275 272 269.6 267.6 266.2 263.8 259.1 254.8 250.9 244.1 235.6 240.5 239.2 235.7 232.3 228.1 224.4 221.1 220.6 220.6 220.6 220.6 220.6 220.6 220.6 220.6 220.6 220.6 220.6 220.6 220.6 220.6 220.6 220.6 220.6 220.6 220.6 220.6 220.6 220.6 220.6 220.6 220.6 220.6 218.7 206 201.9 199.4 198.3 199 200.2 200.5 201 200.8 200.1 199 197 197.1 197.4 198.5 200.5 201.5 203.2 204.6 204.4 203.1 203.6
288.7 298.9 312.2 317.1 317.2 316.7 314.8 313.9 308 292.2 284 279.9 279.8 276 272 269.6 267.6 266 259.6 248.9 243.4 242.3 244.6 245.5 243.6 238.4 232.9 229.8 225.6 221.3 220.6 220.6 220.6 220.6 220.6 220.6 220.6 220.6 220.6 220.6 220.6 220.6 220.6 220.6 220.6 220.6 220.6 220.6 220.6 220.6 220.6 220.6 220.6 220.6 220.6 221.8 208 203.2 199.6 196.7 195.8 195.1 195.8 196.2 196 195.9 195.6 195.6 195.4 195.8 196.6 197.8 197.7 198.4 199.9 201.3 200.9 201.2 201.7
300.4 313.2 319 319.8 320.3 321.2 320.4 317.9 312.6 312.4 302.7 286.7 278.8 278.4 273.6 270 266.5 263.5 253.6 250 251.6 250.7 251.3 248.6 246.1 241.7 236.6 231.1 226.7 223.1 221.3 220.6 220.6 220.6 220.6 220.6 220.6 220.6 220.6 220.6 220.6 220.6 220.6 220.6 220.6 220.6 220.6 220.6 220.6 220.6 220.6 220.6 220.6 220.6 223.5 210.2 203.8 200.7 197.2 194.5 193.9 188.5 194.1 194.8 194.5 194.7 194.8 194.9 194.8 195 195.8 196.4 196.2 196.6 197.8 198.6 198.9 199.5 199.7
316.7 321.4 322.1 322.1 322.1 322.4 320.8 317.5 317.7 316.3 312.1 305.6 290.1 276.9 271.4 269.3 265.5 265.9 266.4 265.1 261.3 258.5 257 252.1 248.5 243.6 238.1 233.3 229.6 226.7 223.8 222 220.8 220.6 220.6 220.6 220.6 220.6 220.6 220.6 220.6 220.6 220.6 220.6 220.6 220.6 220.6 220.6 220.6 220.6 220.6 220.6 220.6 221.4 212.3 204.8 201.5 197.8 193.5 192.6 192.1 188.1 193.9 194.1 194.3 194.4 194.3 194.2 194.2 194.5 194.8 195 195.2 195.8 196.4 197.1 197.7 198.3 198.6
323.5 325 325.9 326.4 326.1 324.8 323.2 320.3 318.5 317.9 315.4 312.1 306.5 292.5 277.8 273.4 271.8 276.8 272 268.8 264.5 260.9 258.4 255.3 249.8 245.9 241.3 237.9 234.7 230.7 227.1 224.8 223.2 220.5 220.6 220.6 220.6 220.6 220.6 220.6 220.6 220.6 220.6 220.6 220.6 220.6 220.6 220.6 220.6 220.6 220.6 220.6 220.6 216 205.4 202.1 199 191.6 191.3 191.9 191.3 188.3 193.8 194 194.1 194.2 194.1 193.9 194 194.4 194.6 195 195.3 195.6 196.1 196.8 197.3 197.8 198.1
327.1 328.2 329 330.7 330.8 329 326.8 324.3 321.3 319 316.5 315.1 310 305.8 291.5 278.3 274.1 275.9 275.1 269.8 266.4 263.6 261.6 257.7 252.4 248.4 244.4 243.2 240.6 238.1 232.5 227.6 225.3 223.7 223.3 222.7 221 220.6 220.6 220.6 220.6 220.6 220.6 220.6 220.6 220.6 220.6 220.6 220.6 220.6 220.6 220.6 217.4 206.4 202.6 199.6 192.1 191 190.5 190.6 191.8 186.1 193.4 193.6 193.8 194 193.9 193.9 194 194.2 194.4 194.8 195.4 195.7 196.1 196.6 196.9 197.5 197.9
330.8 331.7 333.1 334.1 333.8 332.5 329.8 327.1 324.3 322.1 318.9 316.1 313.1 304.8 290.4 292.6 283 273.5 272.4 271.4 270.3 268.3 266.8 262.8 257.3 251.5 248.5 247.2 245.3 242.5 239 233.9 230.3 227.5 227.4 227 225.2 222.4 220.6 220.6 220.6 220.6 220.6 220.6 220.6 220.6 220.6 220.6 220.6 220.6 220.6 220.8 208.2 203.1 200.4 193.8 190.8 190.5 190.2 190 190.1 190.3 193.1 193.3 193.5 193.7 193.4 193.5 194 194.2 194.5 195.5 196.3 196.6 196.8 196.4 196.5 196.9 198.2
