Assets/StreamingAssets/GeoData/Data/nz/NZ09.asc
ncols 200
nrows 200
xllcorner 400000
yllcorner 590000
cellsize 50
[rows 0 to 34 of 200, columns 78 to 155 of 200]
197.4 198.5 201.2 202.4 203.9 204.3 205.2 205.9 207.1 208.3 209 209.6 210.8 209.1 207.3 203.9 200.1 198.7 194.8 191.6 187.2 183.4 178.9 174.8 171.6 169.2 167 165.6 165 164 162.6 159.8 155.4 156.8 164.1 168.7 168.6 173 176.4 181.4 187.7 188.4 184.7 178.4 174.9 169 165.4 161.9 158 160 161.1 163.3 163.6 164.5 162.5 161.8 161.7 164 165 166.5 167.1 165.9 164.5 165.9 169.5 171.6 172 173.3 174.1 177.4 179.5 182.1 184.7 186.6 188.4 186.7 184.4 181.9
203.6 205.3 206.4 207 207.3 206.9 208.7 209.4 210.5 210.1 210.9 211.2 210.4 209.5 206.2 202.6 197 193.8 190.2 186.9 185.4 181.4 176.4 172.7 170.1 168.6 167.2 167.5 166.8 163 158.6 161.9 165.6 169.3 172.1 174.5 176.6 179.8 183 187.6 189.5 189.6 184.2 177.8 173.9 170 166.5 162.1 163.8 166 167.2 169 168.3 168.4 166.2 166.3 164.7 167.2 169.9 171 170.9 169.4 168.3 170.1 174.3 176.4 177.3 178.2 179 181.3 181.3 182.7 184.9 187.5 189.2 189.2 189.4 185.9
208.7 209.3 209.4 211.1 209.5 209.5 211.3 212.4 211.9 211.7 210.9 209.9 208.7 206.9 204.4 199.6 194 188.5 184.5 183.3 182.4 178.3 173.8 170.2 168 167.2 165.7 164.1 160.8 163.4 168.1 171.5 173.9 175.4 177 180.4 183.4 186.4 190.3 192.6 191.8 190.2 182.9 178.6 174.3 169.5 165.5 166.5 169.2 171.1 173.7 175.7 173.8 173.5 171.1 169.3 168.1 172.4 175.6 175.5 174.4 173.3 172.2 173.1 176.4 180.3 182.4 183.2 184.3 184.3 184.2 184.7 185.7 187.8 190.5 191 191 189
213.2 212.9 215.2 216.4 213.3 213.2 211.5 211.8 211.8 210.9 210 208.7 206.6 203.8 200.5 197.1 191.8 185.7 183.5 181 179.5 175.4 171.9 168.6 165.8 164.4 163.6 164.9 168.2 173.4 175.9 177.9 180.3 182.6 184.8 188 190.8 193.2 197.5 198.3 195.8 189.1 185.6 180.6 175.6 171.4 171.1 172.3 173.2 178.5 184.1 182.3 182 181.5 180.1 173.1 172.3 179.1 180.1 180.2 178.6 176.9 174.5 176.6 178.9 183.1 184.6 186.2 187.2 187.6 187.1 187.6 188.1 189.8 192.9 193.4 193.7 192.1
218.1 218.3 217.2 215.2 209.6 208.9 208.4 209.9 211.2 210.1 209.1 207.5 205.9 202.6 198.6 194.7 189.8 184.2 183.1 182.6 179.4 175.3 171.3 168.8 165.7 165.4 169.4 172.6 177.2 180.4 182.4 184 187 189.5 192.7 196.6 199.5 202.5 203.4 201.6 196.2 193.4 191.2 185.9 181.3 177.7 176.8 178.3 180.1 188.1 191.2 187.5 189.9 191.7 185.1 178.9 176.8 181.4 184.9 183 181 178.9 176.9 178.6 182.2 186 187.5 189.5 190.1 190.3 190.4 191.2 192.1 193.4 195.2 196 196.4 194.8
218.2 217.7 217 214.2 211 207.7 205.5 207 208.3 209 208.2 206.3 204.4 201.1 197.3 193.3 187.3 183.9 182.6 182.2 180.2 176.1 171.6 167.9 168.3 171.9 175.8 179.1 182.4 185.5 188.2 190.4 193.4 197.2 200.2 204.9 209.6 211.3 208.6 207.3 204 200.2 196.1 191.3 189.5 186.9 187 187.9 191.1 196.2 197 196.7 198.4 197.2 189.5 182.7 181.9 182.5 184.3 184.2 183.1 180.1 179.8 182.4 185.7 189 191.1 192.6 193.1 193.7 193.7 193.5 194.4 195.2 196.6 197.2 197.4 196.1
215.8 216.4 216 213.6 210.7 207.9 203.8 202.7 203.1 203.1 203.2 202 200.1 198 194.9 191 186.2 182.8 180.5 177.9 175.5 172.7 170.6 173.7 177.3 180.4 184 187.2 188 191.9 194.3 198.1 201.4 204.5 209.3 213.9 217 218.4 216.6 212.3 207.6 203.1 199.1 197.4 195.5 194.9 196 197.2 200.9 203.8 203.3 203.3 205.5 199.7 192.4 190 188.1 186.4 185.7 185.8 184.7 181.7 182.9 185.7 189 192.8 195.4 197.6 198.6 199.8 199.3 198.6 197.1 197 197.4 197.9 197.3 195.3
213.3 214.4 213.7 211.8 208.9 206.2 201.1 197.3 196.9 196.5 196.8 195.8 195.5 193.6 191 189.2 184.3 180.5 179 174.8 176.7 177.8 180.6 183.1 186.9 193.8 198 197.3 196.6 197.7 201.1 205.8 209.9 213.3 218.9 222.4 224 222.8 217.8 212 207.5 203.3 202.2 201.4 201.3 202.7 203.8 206.1 208.3 208.4 207.5 208.7 208.4 201.4 196.7 195.1 194.2 191.7 189.6 189.2 187.2 185.4 186.4 188.9 192.6 196.4 199.8 202.2 204.6 205.3 204.2 203.4 202.5 200 198.7 197.3 195 192
209.7 211.4 209.9 208.1 205.8 200.3 197.6 194.1 192.8 191.6 191.5 191.8 191.8 190.9 189.2 187.5 182.3 178.2 175.3 176.1 182.8 186.5 189.1 195 201.7 205.5 206.4 206.8 206.3 207 209.6 214.9 220 225.8 228.7 230.3 228.8 222.3 215.1 210.2 206.9 205.3 205.3 206 207.5 209.5 211.1 213.1 214.7 212.5 212.7 213.3 209.5 203 202.6 200.5 200.1 196.6 194.4 192.6 190.1 189.7 190.9 192.7 196.3 200.2 202.9 206 207.7 208.7 208.5 206.8 203.8 201.5 198.6 196.3 193.8 191.9
206.3 208 206.4 204.3 200.1 196.2 193.1 191 190 189 189.3 191 190.8 189.3 187.6 185.7 180.9 177.1 179.3 182.5 188.2 194.6 199.6 206.7 210.7 212 213 214.1 215.1 216.9 219.6 225.8 233.3 236.6 237.8 237.4 231.1 220.5 215 210.3 209.2 209.3 209.6 211.4 214.2 216.5 217.9 221.6 221.5 218.1 219.7 218.5 210.6 209 206.8 205.4 203.8 201.6 198.4 195.1 194.2 194.2 195.5 196.9 200.6 202.4 204.7 204.9 205.5 205.8 206.3 206.2 205.1 202.1 198.3 195.7 193.3 191
202.4 204.5 204.3 200.5 195.9 194.3 192.4 191.2 190.1 188.3 188.7 190.6 191 187.7 183.8 180.8 183 184.3 185.3 188.6 195.3 202.4 209.4 213.6 215.6 218 218.1 220.7 224.8 227.9 229.4 238.7 243.6 244.3 245 242 232.4 221.1 215.3 213.9 213.5 213.4 215.4 218.2 220.9 222.6 225.9 229.8 224.7 222.1 224.1 219.6 212.7 214.1 209.6 207.6 207.2 204.7 200.8 197.7 196.1 196.3 198.8 201.2 203.2 203.7 202.4 200.6 200.6 201 201.6 202.7 202.9 200.7 197 194.5 192.4 190
201.9 201.4 201.8 199 199.3 195.5 195.1 192.6 190.9 189.9 187.2 185.6 185 185.2 186.3 189.1 193.5 195 195.5 199 205.8 210.9 215.6 218.8 220.5 222.2 224.6 228.5 233.5 236.1 240.7 248.7 249.5 250 249.6 243 231.2 220.9 218.1 218.6 218 217.6 220.7 224.3 227.3 228.6 235.1 233.1 226.4 227.1 228.2 220.3 217.5 218.3 212.2 210.1 210 207.3 203.1 200.1 197.6 198.9 201.5 203.7 204.4 201.5 199.9 198.3 196.2 195.8 196.9 198.4 198.3 197.1 195.1 192.8 190.7 189
205.4 204.8 204.9 204.6 204.3 200.9 200.6 197.1 195.9 193.5 193 192.4 189.4 192 194 196.1 201.8 204.8 207.1 210.8 214.8 218.8 220.7 223.8 225.7 229.7 232.9 237 240.4 243.1 250.4 256.5 255.6 254.6 249.6 241.6 230 223.8 222.3 222.3 221.8 221.5 224.5 228.2 231.5 236.2 241.4 234.9 229.4 233 230.1 222.7 222.1 217.7 213.2 211.5 209.7 207.4 204.7 201.7 200.1 200.6 202.5 203.8 203 199.5 197.5 195.3 193.6 191.2 192.6 193.8 192.3 193 191.8 189.9 188 186.2
209.1 207.7 208.9 208.8 208 206.4 205.7 202.8 197.9 198.4 197.5 199.2 197.6 198 201.8 205.8 207.8 212.3 215.2 218.5 221.7 224.9 227.9 230.6 233.4 237.8 242.5 245.1 247.8 251.3 259.7 262.2 259.9 256.3 248.4 239.6 230.9 226.5 226.6 225.7 224.4 225.7 228 232 236.9 247.4 246.9 237.4 233.2 235.7 230.4 225.1 226.4 218.6 214.4 211.7 210 207.8 205 201.6 200.1 199.8 201.4 202.2 200.6 197 193.5 191 189.2 187.9 187.2 186.8 187.6 187.4 186.9 185.5 184.1 182.5
213.3 212.4 211.3 210.2 210.5 209 208.9 207.6 205.4 204.3 204.3 206.3 203.7 205.1 209.7 212 214.3 217.4 221.7 224.7 227.5 231.1 234.7 238.7 243 246.3 249.2 252 254.6 258.9 264 267.2 263.8 257.7 249.1 239.7 233.4 232.2 231.1 228.2 227.7 229.5 231.6 239.8 254.1 256.6 246.9 237.4 238.2 236.2 229.7 229.2 230.4 221 215.8 212.3 210.8 209.1 205.7 202.3 200.1 198.5 199 199.1 197.1 194.1 190.6 187.1 185.4 183.8 182.4 181.5 181.5 182.1 182.5 181.3 180 178.6
222.7 219 216.9 214.3 211.9 211.5 212 210.6 208 208.5 210.2 211.5 209.1 211.4 214.3 216.9 220 223.5 226.8 230.1 232.9 236 240.6 246.8 248.9 248.6 252.3 254.7 257.1 261.8 263.5 267.4 264.8 257.5 248.4 239.2 234.7 233.6 232.1 230.2 230.4 232.4 236.9 252.3 263.9 257.7 245.2 239 241.7 236.2 234 235.2 228.7 223.4 217.6 213.5 210.6 209 205.5 202.5 200.2 197.8 196.9 196.3 193.9 190.5 186.5 183.5 181.8 179.9 178.1 177.3 177.5 177.6 177 176.9 175.9 174.2
229.3 224.4 220.6 217.9 215.1 213.1 211.9 211 209.8 211.5 213.8 214.2 213.5 215.8 218.2 221.1 224.9 228.5 232.7 238.3 239.8 242.6 248.8 249.6 247.7 248.8 255.5 254.8 257.6 259.7 259 260 262.2 256.5 246.5 239.4 234.1 232.7 229.3 229.3 231.7 235.4 245.6 265.3 265.4 255.8 242 244.4 241.9 237.1 241.1 238.6 227.9 223.4 217.6 214.7 211.9 208.7 205.7 202.8 200.8 198.1 194.7 193.3 190.8 186 183.1 180.5 178.2 175.9 174.3 173.5 173.4 173.4 173.1 172.4 171.6 169.8
242.5 237.1 229.3 223.5 219.2 216.5 214.7 213.8 213.1 213.4 215.2 215.6 216.4 218.7 221.5 224.5 227.8 233.2 239.5 248.7 250.1 252.6 252 247.8 247.1 251.5 255.3 252.6 253.9 255.8 253.5 252.4 253.7 251.4 243.9 236.3 233 232.4 226 228.6 232 240.2 257 268 262.9 250.8 243.2 243 236.7 238.9 243.7 234.2 228.5 221.7 218 215.4 212.4 208.5 205.4 202.9 200.7 198.4 195.2 190.7 186.3 182.2 180.1 177.9 175.6 173.4 172 170.8 169.8 169.4 169.1 168.2 167.4 165.9
260.8 248.7 242.9 235.1 227.8 221.9 221.8 218.5 218.8 219.3 219 220 220.1 221.3 223.7 227.4 230.2 235.1 241.3 252.4 253.5 252 249.6 246.8 245.7 251.7 251.3 249.5 248.7 249.5 248.8 247.4 245 245 240 233.2 231.3 228.2 223.6 226.3 231.1 242.3 258.1 266.8 257.1 245 245.1 236.1 233.4 238.3 242.1 231.8 227.6 221.9 217.7 215.9 212.7 209.4 206.5 204.1 200.7 197.4 193.7 189.6 185.3 180.6 178.8 177.6 174.8 172.1 171 169 167.2 166.4 165.6 164.6 163.7 162.9
272.3 264.4 254.3 246.7 239.3 233.9 232 229 226.5 226.3 226.3 227.1 227.8 227.1 229 231.1 234.4 238.3 245.2 251.8 249.7 246.7 245.4 245.1 245.7 250.1 248 245.7 243.6 244.3 243.2 241.6 239.1 237 235.5 231.7 228.6 222.4 220.8 222.9 229.3 243.5 259 261.6 250.3 242.9 242.7 234.3 229.6 238.2 235.8 230.4 225.6 220.4 217.1 213.8 210.1 209 207.6 205.1 201.6 197.8 192.6 188.8 185.1 181.1 179 177.3 174.6 172.3 170.2 168.5 166.6 165 163.2 161.8 160.8 159.8
286 279.6 269.1 259.7 253 247.4 242.9 238.9 237.4 236.6 235.7 236.7 237.9 238.1 238.5 240.7 240.9 245 246.9 245.8 244.2 242.8 242.9 242.8 245.1 247.3 243.9 242 239.8 238.8 238.1 237.4 236 234.7 232.2 230.1 225.2 219.4 218.6 220.5 229.4 244.8 257.8 252.5 242 240.3 237.8 228.6 225.7 235 230.2 229.2 223.5 218.2 214.5 210.8 207.3 206.1 207.1 204.5 201 198.9 194 188.1 184.8 181.6 179.3 177 174.9 172.8 170.7 168.7 166.7 164.7 161.7 159.5 157.9 156.4
301 292 280.9 273 264.7 258.3 255 252.2 248.2 249.1 248.8 248 249 249.1 249.5 250.4 249.8 248 246.4 244.2 242.4 241 240.6 240.4 241.8 242.2 240.1 238.7 236.6 234.6 233.8 234.1 234.5 233.2 230.4 227.7 221.9 218.4 215.9 218.9 227.6 239.8 252.6 245.1 235 237.8 234.5 222.7 222.4 225.8 224.5 220.4 219.1 215.1 211.2 207.7 204.6 202.5 203.7 203.5 201.7 199 195.4 189.1 184.4 181.6 179 177.4 175.7 173.7 171.6 169.5 167.3 164.9 162.6 160 156.5 153.2
312.9 303.7 295.5 285.8 278.3 270.2 268.5 267.8 264.2 261.7 261.1 259.8 257.7 256.5 253.6 250.9 247.5 245.5 244.3 242.7 242 241.3 240.9 240.5 241 238.8 237.3 236.3 234.6 232.9 230.9 231.4 231.8 231.9 228.9 223.7 218.6 215.1 213.6 217.2 224.6 235.7 244.6 236.2 231.6 233.9 225 220.6 218.1 217.5 217.7 216.5 213.8 211.2 208.1 205.3 202.4 200.9 199.4 201.3 200.8 197.6 195.3 190.3 185.1 181.1 178.3 176.7 175.2 173.6 171.9 169.2 166.5 163.9 161.5 159.5 155.9 152.6
322.8 314 307.9 300.4 294.2 284.7 278.7 279.7 279.9 280.8 279.7 275.9 270 264.5 256.7 253.1 248.9 246.6 245.8 244.4 242.2 241.4 240.9 240.6 238.4 236.9 234.7 234 232.9 231 229.8 229.1 228.8 229.2 226.6 221 216.2 213.4 212.3 216.4 221.2 233.8 233.7 228.6 231.2 229.4 220.4 216.7 213.8 213.2 212.9 212.2 209.7 208.3 205.3 202.8 201.3 201.2 201.2 199.7 199.4 198.1 194.9 190.8 185.6 181.6 177.8 176.1 174.5 173 170.6 167.9 165.2 162.6 160.2 157.9 155.3 152.2
336.8 328.2 318.7 311 305.8 301.8 297.8 288.1 287.2 291.1 293.7 295.7 294.3 287.7 278.6 270 260.6 256.3 250.6 247.6 245.4 244.9 243.7 242.3 240.5 238.8 236.3 234.3 232.7 231 229.3 227.9 226.8 225.4 222.1 217.9 214.1 211.7 211.5 215.8 221.6 234 226.3 225.7 227.8 218.6 214.7 211.4 210.1 212.3 211.5 209.1 206.8 205.1 202.8 202.2 202.2 202.2 201.5 198.4 195.9 195.7 192.3 187.4 185.4 181.4 177.9 174.9 173.1 171 168.4 165.6 162.4 159.9 157.7 155.5 153.3 150.3
346.1 339.1 334.4 328 318.3 312.7 307.7 305.1 299.6 303.4 309 314.4 316.8 312 304.7 293.9 283 274.1 266.5 256.4 254.3 252.4 250.4 248.2 245.3 243.6 241.6 237.5 234.3 232 229.8 227.9 224.2 219.5 218.7 215 212.2 209.6 211.5 215.2 223.5 225.9 219.2 221.8 216.3 212.8 209.6 206.7 206.5 210.9 209.4 207.5 205.2 202.7 201.7 202.2 202 202.1 200.7 197.5 194.4 192.2 188.4 184.8 182.6 180.1 176.2 172.6 170.5 168.6 165.5 162.4 159.6 157 154.8 152.6 150.4 148.3
350.4 344.9 341 338.8 334.2 325.3 319 315.6 314.7 316.8 323.6 332.9 332 322.1 317.6 311.9 300.1 286.9 279.5 273.5 266.5 264.5 264.6 259.2 255.8 251.9 248.1 242.7 237.7 233.7 231.1 227.8 223.8 219.6 212.1 209.5 209.1 207.5 209.9 215.4 222.3 215.2 215.3 214 209.3 207.3 205.3 202.3 202.8 206.2 206 205.3 203.6 200.6 199.7 200 200.1 199.9 198.4 195.8 191.4 189.3 187.5 184.6 181.5 178.6 174.1 170.2 166.9 164.9 162.4 159.5 156.7 154.1 152 149.7 147.7 145.9
351.1 347.6 345.6 346.4 345.7 340.7 335.7 330.7 329 331.7 339.8 350.4 355.6 347.4 327.9 316.5 312.9 303.5 288.8 282.2 278 275.5 274 270.9 266.5 262.6 257.3 251.7 245.8 239 234.5 229.7 226 222.4 217.5 213.5 208.3 205.3 208.4 216.3 213.3 209 209.7 206.1 203 201.4 199.5 197.4 199.7 201.8 201.8 201.7 201.2 199.2 196.5 195.7 195.1 195 193.7 191.9 188.6 186 183.6 182.7 178.6 172.7 170.6 167.8 163.5 159.8 158.3 156.7 153.8 151.3 149.1 147.1 145.3 143.5
351.6 348.7 346.7 349.9 353 354.8 356.1 351.3 348.1 348.9 353.6 358.2 359.3 354.9 341.8 323.8 313.5 310.6 306.4 297.3 293.5 287.4 283.1 279.3 274.9 269.9 265.8 260.5 252.6 244.6 237.8 232.6 228 224 218.1 212.4 207.6 203.1 206.1 209.9 204.9 203.7 201.1 199.7 198.2 196.9 194.7 193.9 197.1 198.7 197.6 197.7 197.7 196.7 193.8 190.5 190.1 189.1 187.9 186.4 184.5 181.8 178.8 178.1 174.7 170.4 166.5 163.9 161 157.2 153.7 152.6 151 148.4 146.4 144.7 142.9 141.1
349.8 344.8 345.2 349.1 353.2 356.3 358.6 357.7 358.5 356.8 358.4 356.4 355.5 351.7 343.5 333.6 319 310 304.6 299.3 296.4 291.8 286.6 282 277.4 273.5 269.8 265.7 259.6 251.5 243.7 236.3 229.4 222.1 216.9 212 208.2 205.3 200.2 202.7 199.8 197.7 195.3 194.6 194.2 192.4 190.3 192.9 195.8 195.4 193.4 193.4 193.2 192.7 190.5 187.2 185.1 184.1 183.2 181.5 179.5 176.4 173.3 172.7 170.8 168.2 164.7 161.4 159.3 156.2 152.3 149.4 147.8 145.9 144.1 142.3 140.5 138.8
345.4 342.8 345.2 347.8 352.1 354.7 356.9 355.3 353.4 354.6 351.6 350.4 350 346.1 342.2 335.8 327.8 313.3 300.6 296.7 294 290.3 287.6 284.3 281.3 277.6 273.1 268.6 263.4 255.9 247.7 237.7 226.5 219.9 215.3 211.3 209.7 206.6 198.3 195.4 195.3 192.1 190.4 190.4 190.6 188.6 187 190.7 193.2 191.7 189.8 189 188.6 188.1 185.9 184.1 182.3 180.8 178.8 177.2 174.8 171.8 169.3 167.1 165.4 163.4 161.1 159 157.6 155.2 152.8 149.1 146 144.4 142.3 140.9 139.4 137.3
339.5 338.7 341.8 344.3 348.7 350.9 354.1 349.9 342.3 340.2 339.1 336.7 336.8 341.6 339.8 332.5 325.2 312 297.8 291.5 289.1 291 289.8 286.9 284.1 280.4 274.6 268.7 264.9 256.5 247.9 236.7 223.7 218.2 214.5 210.7 207.6 204.3 199.2 190.6 187.6 186.5 185.5 186.5 186.8 185 184.3 186.7 187.6 187 185.7 184.8 184.5 183.4 182.1 180.6 179 177.7 175.7 173.5 170.7 168 165.6 163.4 160.7 158.7 157.1 155.6 154 152.8 150.4 148.2 146 143.3 141.4 139.2 137.9 134.7
336.4 335.9 337.9 339.9 342.1 341.8 340 333.9 321.8 317.5 314 314.4 316.4 324.1 327.6 319.2 310.5 303.5 291.1 286.8 283 283.5 286.9 286.1 286.1 282 272.4 267.3 262.3 254.5 244.6 232.4 221.1 217.2 213.2 208.7 204.1 200.7 195.5 189.6 184.5 182.1 179.5 181.6 183.1 182.3 182.2 183.2 182.7 182.8 181.9 181.1 180.5 179.5 178.2 176.6 175.6 174.6 172.6 170.3 168 165.7 163.2 160.9 157.7 155.1 153.4 151.8 150.2 149.4 148.2 146.7 143.7 141.9 139.9 136.5 134.9 132.5
333.6 331.5 332.3 335.2 331.4 322 316.8 310 303.3 299.6 299.1 296.8 299 303.1 305.2 300.4 298.1 290.1 284.1 279.9 277.2 276.4 279.6 280.5 281.1 277.6 270.7 264.8 256.8 248.1 237.1 224.5 219.2 215.4 210.3 205.6 201.6 194.7 189.9 185.6 183.8 180 175.7 175.5 178.9 178.6 178.1 179.9 178.3 178 177.7 177.2 176.3 175.4 174.4 173.4 172.5 171.6 169.6 167.9 166.1 163.7 161.4 158.9 155.7 153 150.2 148.6 146.7 145.4 144.2 142.5 140.9 139.1 137.2 133.1 130.2 127.8
326.3 327.2 321.1 321.5 313.3 303.2 295.9 295.4 295.5 295.9 295.5 295.3 293.8 291.3 289.3 285.8 284.8 283.2 280.1 277.2 276.2 276.4 274.1 274.4 272.6 268.6 266.6 259.1 249.5 238.8 228.9 219.3 213.3 211 205.8 200.7 196.5 192 186.3 183 180.4 178.5 175.9 172.5 174.7 174.5 174.5 175.9 174.5 174 174 174.3 173.4 172.5 171.8 170.8 169.8 168.8 167 165.4 163.7 161.9 159.1 157.2 154.1 151.2 147.8 145.3 143.6 141.4 140.1 138.7 137.1 135.4 133.3 130 127.6 123.1
