Assets/StreamingAssets/GeoData/Data/nz/NZ14.asc
ncols 200
nrows 200
xllcorner 410000
yllcorner 540000
cellsize 50
[rows 140 to 174 of 200, columns 78 to 155 of 200]
261.1 276.5 280.5 280.1 279.8 279.4 277.9 276.7 274.9 273.1 271.4 269.8 268.3 265.7 262.1 257.2 251.5 245.1 239 234.5 230.1 225.7 221.4 217.9 214.5 210.4 207.1 203.5 199.5 195.2 191.2 188.2 184.1 182.5 182.8 181.5 179.9 178.4 177.1 175.1 173.2 171.6 170 167.7 164.4 162.4 161.4 160.1 160.6 163 163.4 163.9 164 163.2 162.3 162.3 162.1 161.9 160.4 157.8 156.5 156.6 157.6 159.7 162 165.1 164.8 163.5 161.9 159.7 156.8 154.3 152.5 151.8 151.6 150.8 150.3 149.2
270.8 279.9 280.5 280 279.5 278.9 277.4 275.9 274 272.1 270.3 268.5 266.7 264.2 259.7 254 248.5 242.3 237.2 233.7 229.8 225.7 222 218.4 215.4 211.6 208.7 205.7 201.4 197.3 193.3 189.3 186 182.5 179 176.9 177.5 176.9 175.6 173.4 171.2 169.3 167.5 165.2 162.6 161.7 161.4 162.5 164 165.6 166.2 166.5 166.1 166.8 166.6 166.4 165.5 164.2 162.1 162.1 162.1 162.3 162.6 164.3 166.5 167.5 167 165.3 162.7 161.9 161 159.9 159.2 157.9 156.9 156 155.9 154.7
276.1 280.2 280 279.6 279.1 277.9 276.4 275 273 271 269.2 267.2 264.2 261.4 256 250.2 244.5 239.5 235.6 232.7 229.5 225.9 222.5 219.1 216.4 212.6 209.8 206.4 202.5 198 193.8 190 186.8 184.1 180.6 177 173.4 173.5 172.9 171.5 169.3 167 164.7 162.8 162.3 163.1 164.3 165.7 167.4 168.4 169 170.1 171 171.3 171.2 169.9 169.3 167.7 166.9 167 167.6 167.8 167.8 168.9 170 170.3 169.7 169.3 168.4 167.1 166.1 165 163.5 162.5 161.5 160.5 159.1 157.3
277.8 279.4 279.2 278.5 277.5 276.1 274.5 273.6 271.8 269.5 266.7 262.5 258.2 254.4 250.1 245.2 240.7 237 234.5 231.8 229 225.7 222.8 219.9 217 213.4 210 206.5 202.5 198.2 193.6 190 187 183.6 180.6 177.8 174.3 171 169.8 169.2 166.9 164.5 163.5 163.3 165.2 166.8 167.7 169.2 171.1 173.4 174.4 175.1 175.3 174.8 174.1 174.4 174 173.1 173 173.1 173.4 173.8 174.7 174.9 174.6 174.6 174.1 173.5 172.4 170.7 169.3 168 166.4 165.1 163.8 162.4 160.8 158.5
277.5 277.9 278.2 276.9 274.5 273.5 272.3 270.8 268.2 263.8 259.2 254.7 250.8 247.3 243.6 240.1 237.2 235 233.5 231.3 228.4 225.4 222.4 219.5 216.5 213.1 209.6 205.9 201.9 197.8 193.1 189.6 185.9 182.3 179.3 176.4 173.6 170.6 168 166.7 165.3 164.6 166.6 168.4 170.5 171.5 171.6 173 175.9 178.7 179 179.2 178.7 178.2 178.4 178.9 178.1 177.9 178.1 178 177.7 177.7 178.7 178.5 177.9 177.2 176.5 175.1 173.6 172.3 170.7 169.1 167.5 165.8 164 162.6 161.2 159.6
272.3 272.6 271.9 270.7 268.2 265.6 263.3 258.5 255.3 251.9 248.3 245 242.9 240.6 238.9 236.9 235.2 233.4 232 230.1 227.6 224.6 221.6 218.6 215 211.7 208.3 204.3 201.2 196.6 192.1 188.5 185.2 180.7 177.4 174.4 172.3 169.2 167.2 166.3 166.6 168.9 172.4 176.3 177.4 177.4 177.8 180 181.8 182.6 183.2 183 182.7 182.4 181.8 181.4 181.4 181.3 181.1 181 180.2 179.6 179.5 179.1 178.4 177.8 176.9 175.6 174.3 173 171.6 170.2 168.4 166.5 164.5 162.6 161.2 159.5
261 260.7 258.4 256.3 254.2 252.2 249.6 247.1 244.5 242.2 240 238.4 237 236.4 235 234.1 232.4 230.9 229.7 228.3 226 223.3 220.7 217.4 213.6 209.7 205.9 203 199.3 195 191.3 188 184.3 176.2 172.8 171.7 169.6 167.5 167.6 169.9 171.8 174.7 179.8 182.9 183.7 184.3 184.7 185.7 186.1 186.5 186.6 186.5 185.9 185.4 184.5 183.4 183.1 182.8 182.6 182.5 182 181.5 180.7 179.1 176.7 176.2 176.3 175.5 174.4 172.9 171.5 169.9 168.7 167.2 165.3 163.2 161.2 159.6
249.6 249.3 247.5 245.7 245.1 243.7 242.3 240.9 239.1 237.5 236 234.8 233.7 232.9 232 230.8 229.7 228.3 226.8 225.4 224.4 221.8 219 215.6 212 208.5 204.4 201.3 197.6 194.1 190.7 187.8 181.5 174.6 171.7 169.7 169.3 170.3 173 176.5 178.9 181 186.7 189.3 189.5 190.2 190 189.8 190.1 189.9 190 190 189.4 188.4 187.2 186 184.5 184.8 184.9 184.4 183.5 182.3 180.7 179.5 176.9 174.5 174.4 173.7 172.7 171.1 169.5 168.2 166.9 165.1 163.9 162.8 161 159.3
243.3 242.6 241.1 239.5 238.4 237.8 237.6 237.4 235.8 234.4 233.2 232.2 231.4 230.8 229.9 228.8 227.1 225.8 224 222.7 222.1 219.7 216.6 213.4 210 206.8 202.8 199.6 196.3 192.8 190.5 187.5 180.2 173.1 171.1 170.8 173.2 175.2 178.7 184.8 187 188.4 192.4 193.4 194.3 194.2 193.9 193.7 193.8 193.6 193.6 193.4 193.1 191.7 190.2 188.8 188.3 188.4 186.7 185.3 184.2 182.7 180.8 179.2 177 174.6 172.4 171.1 169.3 168.3 167.2 166.7 165.6 164 161.6 159 158.2 158.1
239.5 238.2 236.7 235.5 234.6 234.7 234.7 234.6 233.1 231.9 230.8 229.8 229.1 228.5 227.9 226.5 224.8 223.1 221.6 220.6 219.6 217.3 214.2 210.8 208.1 204.8 201.3 198.1 194.8 191.5 188.7 185.1 176.2 171.9 172.5 174.8 176.7 179.5 186.8 194.8 195.7 195.4 196.3 197.2 197.7 197.8 197.6 197.9 198 197.9 197.5 197.2 196.6 195.7 195 194.1 193.5 191.9 189.5 187.1 184.5 182.4 180.6 178.8 176.8 174.6 172.2 170.5 171.2 172 171.9 172 171.5 168.8 164.9 161.2 157.7 155.1
235.6 234.3 232.7 231.3 230.3 230.3 230.5 231.1 230.1 229.2 228.3 227.3 226.8 226.7 225.9 224.4 222.9 221.2 219.4 218.2 216.6 214.1 211.6 208.7 206.5 203.2 199.7 196.4 192.5 187.5 179.3 175.3 174.4 175.5 176.6 178.7 181.1 187.4 194.8 201.5 202.2 201.3 201 201.4 201.3 202 202.7 203.4 203.2 202.9 202.4 201.6 200.5 199.5 198.7 197.6 196.1 194 191.3 188.4 185.7 182.8 180.5 178.5 176.8 174.4 172.6 173.5 174.6 174.8 175.7 175.6 173.7 171.4 168.4 164.7 161.3 155.9
232 230.3 228.5 227 226.1 225.7 226 226.5 226.7 226.5 225.7 225.3 225.4 225.2 224.7 223.3 221.6 219.6 217.6 215.5 213.5 211.4 209.3 207.2 205 201.1 197 192.7 188.6 182.4 175.5 175.8 177.1 179.7 180.9 182.4 187.8 195.6 202.6 206 206.4 205.8 205.9 206.6 206.2 206.9 207.8 207.9 207.1 206.3 205.6 204.9 203.8 202.8 201.4 200.3 198.2 195.4 192.2 189.5 186.9 184.4 182.2 179.1 176.6 174.3 175 176.8 177.4 177.7 177.3 176.6 175 172.8 169.9 167.3 164.3 158.7
228.7 227.1 225.2 223.4 221.7 221.4 221.4 221.7 222.2 223 223.1 223.2 223.1 223 222.7 221.5 220.1 217.8 214.8 211.7 210.4 208.5 206.7 204.5 201.1 198.3 199.6 190.8 184.6 179 176.4 180.4 182.4 183.7 184.8 188.2 196.2 203.8 208.6 210.3 210.9 211.1 211.1 211 210.3 210.9 210.7 210.5 210 209.2 208.5 207.4 206.3 205 202.5 201.3 199.3 196.6 193.2 190.4 187.6 184.8 183.1 179.6 176.6 176.5 178.5 179.8 180.7 179.8 177.9 175.8 174.2 173.1 171.3 169.2 166.7 162.8
227.4 225.8 223.8 222.7 220.2 217.9 216.3 216.6 217.2 218.2 219.8 220.6 220.4 220 219.8 219 217.7 214.8 211.8 208.8 206.9 205.5 203.3 200.8 197.7 197 200.9 194.1 180.4 177.7 180.3 184.5 185.8 186.8 189 194.9 203 209.8 213.3 214.6 215.5 215.5 215.6 214.9 214 213.5 213 213.9 213.7 212.2 211.2 209.7 208 205.4 204.3 202.9 200.8 197.8 194.2 191.1 188.1 185.3 183.1 178.8 178.9 181.8 183.5 183.8 183 181.1 178.9 176.2 171.9 171.9 170.7 168.9 166.8 164.4
231.2 228.6 225.5 224.4 222.5 218 216.5 215 214.2 213.5 215.7 218.1 217.6 217 216.4 215 213 210.9 208.5 206 203.3 201.8 199.8 196.8 193.7 194.6 196.1 187.2 179.1 181.1 185.3 188.1 190.1 191.4 195.6 201.6 208.6 214.2 217.6 218.9 218.9 219 218.8 217.6 217.6 218.6 219.6 220.1 218.1 216.3 214 211.9 209.9 208.5 206.9 204.9 202.6 199.1 195.3 192.1 188.9 186.5 184.2 181.5 184.9 186.2 186.6 185.6 184.1 182 179.7 177.3 174.2 170.4 168.3 167.1 165.4 164
235.5 232.8 229.8 226.1 224.6 222.4 221.3 219.8 217.7 213.1 211.9 215.6 215.1 214.3 212.9 211.8 209.7 207.6 205.7 202.8 200.3 198.1 196.2 193.1 189.5 186.8 183.3 180.5 182.9 184.9 187.9 191.5 195 198.9 203.3 208.9 214.1 218.4 221.1 221.9 222.4 222.4 222.7 223.8 224.7 226.4 225.2 224.7 222.5 220.5 217.4 213.9 211.6 210 208.5 205.5 203.1 199.9 196.2 193.2 190.3 188 185.3 184.7 186.6 187.5 187.3 186.1 184.3 182.3 180 177.8 175.4 173 168.9 166.8 164.7 163
237.5 235.2 231.7 227.9 226.1 224.1 222.4 220.6 218.2 212.8 209.8 212.8 213.2 212.4 210.6 208.8 206.9 204.9 203.4 200.2 197.7 195.3 191.8 187.8 185.1 182.8 182.7 188.4 189.4 190.1 194.4 199 202.7 206.6 211.4 215.4 219.5 222.2 223.6 224.9 226.9 229.2 231.5 233.9 234.1 233.1 230.9 228.4 226 222.6 219.2 216 213.6 211.3 208.8 205.6 202.6 199.9 196.5 193.6 191.3 189.1 186.1 184.2 187.4 188.1 186.8 185.4 183.8 182.1 179.9 177.7 175.5 173.3 170.6 168.1 165.4 163.8
237 234.8 231.3 228.3 226.1 224.4 222.5 220.5 218.2 215 209.6 209.3 211.4 210.9 209.3 207.3 205.1 202.9 201 196.7 193.5 191.3 187.7 184.9 184.3 186.8 191.8 195.9 194.3 198.5 203.1 207.5 211.4 214.7 218.5 221.7 223.4 225.1 227.3 230.8 235.1 239.1 242 242.7 240.6 237.7 235.1 232.1 227.8 224.2 220.4 217.1 214.4 211.5 208.9 205.6 202.2 199 197.1 194.4 192.1 189.7 186.9 184.6 187.2 187 185.4 183.7 182.2 180.5 179.1 177.3 175.4 173.2 171 168.3 165.6 163.6
235.7 233.4 230.7 227.5 225.5 224.2 222.6 220.4 218.4 216 211.2 206.9 208.3 209.7 209.3 206.7 204.3 201.3 197.5 193 188.7 186.9 188.9 193.3 196.9 199.6 201.4 202.1 201.4 206 210.2 215 218.2 221.1 223 225.4 227.1 230.2 235 240.7 245.6 248.8 249.1 247.7 244 240.4 236.8 232.8 228.6 224.5 220.6 217.4 214.5 211.3 208.7 205.7 202.7 199.4 197.5 195.2 192.8 190.4 187.6 185.5 187.1 185.9 184.1 182.9 181.2 179 177.3 175.7 174.1 173 171.1 168.3 165.2 163
234.4 232 229.6 226.9 224.9 223.3 221.6 219.5 218 215.7 212.1 206.4 204.5 207.3 208.6 207.3 204.2 200.4 194.5 190.8 188.7 194.9 200 201.6 203.4 205.9 208.6 209.5 209.6 213 217.1 221.1 224 225.7 227 229.4 234 239.7 245.9 251.2 254.5 256 255.1 251.1 246.2 242.1 237.5 233.3 228.9 224.4 220.4 217.4 214.5 211.4 208.6 206 203.1 200.3 197.6 195.9 193.5 190.7 187.3 188.4 188 186.9 186.1 185.6 183.8 181.4 178.5 175.8 173 171.1 169.4 166.5 164.9 164.1
233.2 231.2 228.8 226.7 224.4 222.5 220.5 218.8 217.3 215 211.1 210 209.1 203.1 204 205.4 202.7 198.4 193.6 190.8 197.2 202.2 205.9 210 210.7 212.8 215 216.7 216.7 221 223.9 226.4 228.1 229.5 232.3 238.2 245 251.2 255.4 258.8 259.2 257.4 255.5 252.2 247.8 242.8 238.2 233.4 228.7 224.1 220.2 216.8 214 211.2 208.7 206.1 203.4 200.6 198.1 196.5 193.9 190 189.7 190.5 189.9 188.7 188.1 187.1 185.7 183.8 181.2 178.8 175.1 170.6 169.9 170.3 170.8 169.9
232.3 230.4 228.6 226.8 224.8 222.1 219.9 218 216.2 215 214.1 213.4 212.1 209.7 202.1 197.3 196.3 193.9 192 199.8 205.5 209 213.6 215.6 216.7 218.4 221.6 223.2 224.5 225.5 227.4 229.3 231.2 235.8 240.8 248 254.6 259.2 261.6 261.6 260 258.3 256.2 253 248.4 243.1 238.5 233.4 228.5 223.9 219.8 216.4 213.7 211.1 208.7 206.2 203.6 200.9 198.7 195.7 193.3 193.1 193.6 192.9 191.7 190.4 189.5 188.3 186.9 185 183 180.8 177.4 177 177 176.8 176.3 175.5
231 229.9 228.3 226.5 224.9 222.7 220.6 219 218 217 215.9 215 213.2 210.2 205.4 197.3 194.7 195.7 200.6 207.3 210.7 215.4 218.5 220.6 222.7 225.7 228 229.9 230.2 230.7 231.9 234.6 240.3 248.1 255.2 257.9 261.7 263.3 263.1 261.6 260.3 258.9 256.7 253.4 248.9 243.5 238.6 233.6 228.4 223.8 219.6 216.4 213.5 211 208.3 205.8 203.1 200.3 196.7 195.1 195.5 196 195.7 194.6 193.3 192.1 191 189.9 188.8 187.1 184.9 183.2 182.8 182.7 182 181.5 181.2 180.7
229.9 228.7 227.8 226.3 225 223.6 222.7 221.6 219.9 218.3 216.9 215.6 212.9 209.1 203.7 198.3 196.6 202.5 209.1 214.3 219.1 222.8 225 227.7 230 231.2 232.8 234.1 234.8 235.4 238.6 244 251.3 259.3 263.9 265 265.4 264.1 263 261.6 260.4 258.8 256.7 253.6 249 243.8 238.9 233.8 228.5 223.9 219.7 216.5 213.2 210.5 207.9 205.4 202.7 200.5 199.8 199.5 199 198 197.1 196.3 195 193.9 192.8 191.9 191.1 190 188.7 187.9 187.4 187 186.7 185.9 185.2 185.5
228.8 228.2 227.2 226.4 225.3 225.5 224.7 223.6 222.5 220.8 218.4 215.9 213.4 209.5 201.9 197.5 202.8 209.7 216.8 222.4 225.9 228.3 230.8 233 234.3 235 236.4 238.2 239.5 243.1 250.7 257.8 263.3 266.6 266.7 266.7 265.6 264.7 263.3 261.9 260.7 258.9 256.6 253.4 248.8 244 238.9 233.8 228.7 224.3 219.9 216.3 213 210 207.2 205.2 204.1 203.6 203.1 202.2 201 199.8 198.8 197.9 196.9 195.7 194.6 194 192.9 192.1 191.9 192 191.5 191 190.4 189.5 189.3 190.1
228 227.9 227.7 227 227 226.9 226.4 225.5 224.2 222.5 220.4 217.9 214.9 209.4 203.1 197.2 211.1 218.9 225.3 230.6 232.6 234.3 236.2 237.9 238.7 239 240 242.2 246.8 251.9 258.3 264.8 267.2 267.3 267.3 266.7 266.1 265.4 263.9 262.5 261 258.9 256.4 253 248.4 243.5 238.5 233.4 228.7 224.3 220.1 215.9 212.7 209.9 208.1 207.3 206.6 206.3 205.4 204.2 203 202 201.2 200.5 199.5 198.5 197.5 196.3 194.9 195.1 195.3 195.6 195.4 195.2 194.7 193.3 195.3 197.1
227.9 228.1 227.9 227.9 228.1 228.4 228.3 227.1 225.3 222.9 220.7 218 213.8 207.9 200.8 209.9 220.6 227.7 232.2 235.6 237.9 240.1 242 243.6 243.8 243.8 245 249.3 253.9 258.6 262.5 266.6 267.2 267.2 267.1 267.3 267 266 264.4 262.6 260.6 258.6 256.4 252.7 247.8 243 238.1 233.5 228.8 224.5 220.1 216.3 213.2 211.5 210.5 209.7 209.2 208.4 207.5 206.2 205 204.6 204 203.5 202.8 201.3 200.2 198.7 197.9 198.3 198.6 198.9 199.3 199.4 199.1 198.5 198.8 198.6
227.7 228.1 228.5 228.6 228.9 229.2 229.1 228.1 225.6 223.1 220.2 217.6 212.6 205.5 206.2 218.7 228.1 233.1 238 241.9 244.2 246.1 248.2 249.5 250.7 251.7 257.1 265.6 268.5 270.4 270.4 270.1 269 268.6 267.9 268 267.2 265.7 263.8 262 260.1 258.2 255.8 252.1 247.2 242.3 237.7 233.1 228.7 224.4 220.1 216.8 213.9 213.1 212.4 211.7 211.5 210.9 210.1 209.1 207.9 207.5 207 206.7 206.3 205.3 203.5 201.6 201.7 201.9 202.5 202.7 202.5 202.3 201.2 200.3 199.8 199
226.6 227.2 228.5 228.8 229 229.3 229.1 227.7 224.9 222.4 219.7 215.8 209.8 203.8 212.8 222.6 232 238.2 245.2 249.8 253 256.1 259.2 261.7 263.8 267 270.7 274 274.8 274 272.9 272.3 271.9 271.1 270.2 269.1 267.7 265.8 263.9 262 259.7 257.7 255 251.3 246.5 242 237.6 233.3 229 224.6 220.7 217.6 214.9 214.6 214.8 214.2 213.9 213.6 212.8 212.1 211.2 210.6 210.2 209.8 209.4 208.7 207.3 206.1 206.4 206.4 206.4 205.9 204.9 203.7 202.8 201.9 200.7 199.3
226.2 226.7 228 228.8 228.8 229.1 228.6 225.9 223.6 221.5 218 213.3 204.6 209.1 217.8 226.7 236.1 244.1 252.7 260.5 266.1 267.9 270.5 273 274.7 276.3 276.4 276.5 275.7 275.1 274.2 273.5 273.2 272 270.8 269.6 268.2 266.2 264.2 261.9 259.5 257 254.5 251.1 246.5 242.9 238.7 233.9 229.6 225.6 222.1 219 216.8 216.4 216.8 217 216.7 216.4 215.9 215.2 214.5 213.7 213.4 212.8 212 211.4 210.6 210.1 210.4 209.8 208.4 207.2 205.8 204.6 203.7 202.5 201.2 199.7
226.6 225.4 227.5 228.2 228.4 227.9 225.9 223.4 221.2 218.7 214.4 210.1 207.1 216.3 222.9 231.4 240.7 248.8 259.6 270.5 274 275.1 277.7 278.9 278.8 277.9 277.7 277.1 276.8 276.2 275.5 274.8 273.5 272.1 271.1 270 268.4 267 264.6 262.2 259.9 257.3 254.2 251 247.6 244.1 240 235.3 230.6 227 224.1 221.5 219.8 219.8 219.8 220.2 219.9 219.5 219 218.5 217.8 216.9 216.1 215.3 214.5 214.2 214.4 214.5 214.6 212.4 210.5 208.6 207.2 205.5 204.3 203 201.6 199.7
227.4 225.4 224.7 225.7 225.6 224.1 222.1 219.7 217.2 213.8 209.1 207.8 217.9 223.4 228.2 236.2 245 255.7 270.3 276.9 279.1 280.3 280.5 280.5 280.1 279.4 279.2 278.7 278.1 277.6 276.7 275.4 274.4 272.6 271.3 270.3 268.8 267.5 265.4 263.3 260.7 258 255.3 252.8 250 247 242.7 237.3 232.6 229.1 226.5 224.6 223.5 222.9 222.7 223.1 223.2 222.8 222 221.5 220.4 219.3 218.6 218.9 219.4 219.7 220.3 220.8 219.7 217.1 214 211.1 209.6 208.1 206.4 204.3 202 199.8
227.7 226.8 223.9 221.6 221.7 219.2 216.5 214.8 211.2 212.7 216.4 220.6 226.1 231.8 236 242.2 249.7 263.7 276.2 278.3 280.5 280.7 281.2 281.4 281.2 280.8 280.7 280 279.4 278.3 277 275.7 274.7 273.1 271.3 270.1 269.1 267.3 265.5 263.7 261.7 259.5 257.5 255.4 252.9 250 245.6 240.7 236.2 232.3 229.8 228.2 226.8 226.1 225.7 226.6 227.4 227.5 226.9 227.1 226.8 226.2 225.4 225.2 225.7 226.3 226.6 226.4 225.3 221.7 217.7 214.6 212.1 210.5 208.1 205.5 202.8 199.9
226.9 225.1 223.1 219.3 215.5 213.6 213.5 215.4 219.5 220.1 223.5 229 234.9 240.7 246.1 252.2 258 270.9 277.9 280 280.6 280.9 281.6 282.2 282.3 281.9 281.4 281 279.9 278.8 277.4 276.1 274.9 273.3 271.5 270.3 269.2 267.7 266 264.2 262.4 260.5 258.4 256.3 254.6 252.1 248.7 244.6 240.3 237.3 234.6 232.6 231 230.8 230.2 231.3 232.2 232.5 233.3 234 233.6 232.8 231.5 230.7 230.5 230.9 230.8 230 228.1 225.1 221.4 218.2 215.3 211.7 208.5 206.1 203.3 200.1
222.6 219.9 218.4 217 221.1 222.6 222.9 222.8 223.4 225.8 231 238.5 243.9 253.2 263.7 267.8 270.2 276.1 279.3 280.2 280.6 281.3 282 282.8 283 282.6 282.2 281.6 280.4 279.2 277.9 276.4 275 273.4 271.9 270.7 269.5 268.2 266.5 264.8 263.3 261.4 259.2 257.3 255.2 253.6 250.9 247.8 245.2 242.5 239.5 238.3 236.7 235.8 235.3 235.8 236.4 236.8 236.6 237 236.7 236.1 234.6 234 233.5 233.3 232.9 231.9 230.3 227 223.5 220.1 217.2 212.9 208.5 206.5 203.4 199.5
