Assets/StreamingAssets/GeoData/Data/nz/NZ15.asc
ncols 200
nrows 200
xllcorner 410000
yllcorner 550000
cellsize 50
[rows 140 to 174 of 200, columns 78 to 155 of 200]
215.9 216.6 222 229.8 237.7 244.3 248.1 250.6 253.4 256.9 259.7 263.4 272.5 276 275 274.5 275.1 277 279.3 282.4 286.3 290.2 292 291.2 289.4 287 284.5 282.6 281.4 277 273 270.9 269.2 265.9 262.4 259.3 255.8 253.9 252.3 250.6 249.9 249.2 247.9 247.9 247.4 246 242.5 239.7 238.2 236.3 233.6 230.7 227.5 225.1 221.2 217.1 213.4 210.6 208.4 207.4 206.9 206.4 205 201.5 198.2 194.7 191.7 189.3 188.1 187.6 182.2 176.8 174.8 173.7 173.3 174.2 178 177
225 223.8 227.2 233.5 240.3 245.6 249.3 253.4 260 264.2 264.8 274.6 279.3 279.7 278 278.1 278.3 279.8 283.9 288.4 293.6 297.7 298.9 296.7 292.2 289.4 286 283 281.1 278 274.1 269.8 267.7 264.2 260.9 257.9 254.8 252.3 250 247.9 247.2 246.8 244.6 244.1 243.8 241.9 239.4 237.5 234.2 232.6 230.2 227.6 224.8 223 220.6 216.7 212.8 210.3 208.4 206.9 203.5 203.6 202.8 200.4 197.8 195.8 193.9 188.3 182.2 179 175.9 176 177.6 180.2 180.2 179.3 181.8 180.9
231.8 231.7 233.7 239.8 243.9 247.3 253.2 259.7 265.4 268.6 273.7 278.2 280.4 281.4 281.1 281.3 281.8 283.4 287.7 293.8 300.1 306.1 305.1 300.9 295.7 290.7 287.1 282.9 279.4 276.9 274.5 270.8 266.6 261.7 258.5 256 252.5 250.2 247.9 246 245.3 244.1 241.6 241.2 241.2 239.5 237.3 235.4 232.3 229.2 227.8 225.4 222.4 220 217.9 215.8 212.7 210.5 209 208 204.7 199.9 198.5 197.2 195.4 193.1 188.8 183.5 179.1 180.3 183.2 184 179.9 181.4 184.3 182.8 183.4 184.4
237.8 239 240.6 245.1 247.4 250.6 259.6 266.5 270.4 272.8 274.9 278.3 282.1 283.1 284.1 284.7 286.5 288.5 292.5 298.1 304.6 309.7 307.8 302.8 297.9 292.5 288.1 284 280.1 277.9 276 273.1 268.9 264.3 260.2 255.5 252.5 249.7 246.9 245 244.4 242.8 240.9 239.9 239.2 237.6 235.2 233.2 229.6 226.1 224.7 222.7 220.5 218.3 215.9 213.9 212.8 210.4 206.9 206.8 204.6 200.4 194.5 192.6 192 188.5 182.7 180.8 183.8 187.1 190.5 185.3 179.9 181.4 186.4 187.2 187.1 188.5
244.6 246.1 246.3 247.7 250.1 256.6 265.3 271.1 273.4 274.1 276.7 279.6 283.5 286.1 289.1 292.1 294.9 297.3 299 303 307.8 309.9 308.8 304.9 300.1 294.6 289.7 284.3 281 278.8 277.3 275 270.9 269.4 262.6 257.3 253 249.6 246.2 244.3 243.5 242 240.8 239.9 239 237.1 234 231.1 230 226.9 223.1 221.1 219 216.7 214.9 212.1 211.2 209.3 206.1 205.6 203.8 201.2 197.5 192.9 188.8 184.3 185.3 189.9 194.9 195 191.9 185.9 180.2 185.3 191.4 192.7 191.7 190.5
248.9 249.6 250.6 252.2 255 262.7 271.4 274.5 275.5 276.9 279.3 282.2 287.6 292.2 295.9 299.2 300.6 301.5 302.5 305.2 308.1 309.9 308.9 306.3 301.2 295.4 290.1 285.2 281.8 279.6 278.1 276.4 274.2 271.4 265.4 257.8 253.7 249.6 246.1 243.9 242.4 241.4 240.7 239.8 238.9 237.9 235.4 232.4 230.6 227.6 224.7 222 219.8 217.3 213.6 210.3 208.2 207.2 205.5 203.6 201.9 201.7 198.8 194.4 189.9 186.3 194 199 201.9 197.8 192.6 187.1 181.7 188.9 197.6 198.5 196.3 194.2
252.3 252 253.5 255.1 260.5 268.4 274.6 276.9 278.9 280.6 283.1 286.4 290.9 296.3 299.7 301.6 301.9 301.9 302 302.7 306.1 309.1 308.2 306.4 301 294.2 289 284.5 281.9 280.4 279.1 277.7 275.7 271.1 264.7 258.2 254.9 251 247.3 244.4 242.6 241.4 240 239.1 238.6 237.8 236.3 232.7 230.3 227.7 226.4 223.9 220.7 217.4 214 211.3 208.5 205.4 202 200.4 199 198.7 197.1 193.5 190.5 194.1 199.9 209.4 206.8 199.4 193.9 190 185.3 189.4 198.2 200.4 199.4 198.2
255.2 255.1 256 260.5 266.9 273.6 278.4 280.6 282.2 284.4 286.6 288.9 292.8 298.1 300.2 301.6 301.3 300.8 301.3 301.5 303.3 305.6 305.4 303.6 298.8 292.4 286.6 284 281.5 279.4 279.2 278 275.4 270.7 264.9 259.6 255.3 251.7 248.4 245.5 243.8 241.9 240.5 239.6 238.5 237.3 235.7 232.5 229.6 225.9 225.5 225.5 223.6 219 214.2 210.3 206.1 203.2 201.1 198.5 193.7 191.6 193.8 193.6 195.6 198.7 204.6 214.5 206.6 200.4 198.6 196 190.4 189.3 196.1 200.1 200.9 201.4
259.6 259 259.9 265.8 271.7 276.2 279.5 281.7 284.6 286.4 286 288.5 292.2 296.3 297.5 299.2 298.7 297.8 298.8 299.3 300.9 300.2 299 297.5 295.9 289.9 284.9 282.4 280.7 280.5 280 277.9 273.1 269.9 265.8 261.4 257 252.7 249.6 248.2 247.5 245.6 243.2 240.9 239.1 237.9 236.6 233.1 229.7 227 225 223 221.3 217.8 213.9 210.6 207.7 205.6 204.3 201.7 199.6 196.8 196.1 198.9 202.1 205.2 212.3 214.2 207.6 205.3 205.9 203.2 194.7 188.8 194.8 199.4 202.9 205
261.8 261.9 263.4 268.7 274.9 276.6 279.9 282 284.3 284.9 284.4 286.1 289.5 292.5 292.4 294 294.5 293.5 294.1 296.1 297.6 296.3 294.4 293.7 293.1 288.7 284.2 281.7 281 281.3 281.3 279.1 275.3 272.4 268.1 263.5 259 254.4 250.3 249.3 249.3 248.6 246.3 243.9 240.1 235.9 235.3 233.2 230.4 227.1 224.3 222.3 220.6 218 217.2 214.6 211 208.9 206.7 203.2 200.9 200.3 202.7 206.8 208.7 215.1 219.6 218.8 209.9 209.3 213.1 206.6 197.7 191.5 192.8 200 205.6 209.2
262.2 262.6 264.9 269.1 276 276.9 278.6 280.4 281.4 282.6 281.9 284.1 283.8 286.7 287.3 286.3 286.5 287.4 286.7 286.4 288.3 289.6 289.6 290.1 291.1 288.9 284.7 282.8 282.2 282.2 281.4 279.5 277.1 274.1 270.7 265.9 261.1 256 251.5 250.4 250.2 249.9 247.9 245.3 241.8 239 236 232.1 228.9 227.9 226.7 225.6 224.6 223.5 223.5 218.5 213.5 210.4 208.4 205.5 203.3 203.5 208.8 216.7 218 224 222 217 211.3 209.4 210.9 206 198.5 192.5 195.4 202.3 208 211.7
261.5 262.3 263.3 266.7 272.8 275.3 275.3 276.5 278.5 278.6 278.7 279 279 280.2 281.2 279.6 278.4 279.3 278.4 277.7 277.4 279.4 283.4 286 287.3 288 285.3 283.5 282.5 281.5 280.1 278.9 278.5 276 273.2 268.4 263.1 257.7 253.3 251 250.9 250.2 248.3 245.8 243.4 241.2 237.8 235.3 232.4 229.8 227.7 226.3 225 223.7 221.9 219 214.7 211.9 210.3 206.5 201.9 206.1 212.4 220.4 225.1 225.2 221.7 217.4 213.6 212.1 210 203.6 196.5 193.9 199.5 205.5 210.2 213.7
261 261.6 262.1 264.2 266 271.7 273.9 272.3 273.8 275.6 275.7 274.9 274.8 274.9 275.7 274.3 273.6 272.2 271.4 270.9 269.3 271.4 275.2 279.5 282.6 283.6 284.2 281.6 279.8 278.8 277.8 278.2 278.1 276.6 274.2 269.3 264.5 259.1 255.2 251.5 250.8 248.9 246.8 245.3 243 240.8 238.9 236.9 234 231 228 225.7 224.8 224.1 222.3 220 216.4 213.2 211 207.8 206.2 208.5 214.1 222.2 226.8 225.7 221.8 220.7 216.2 215.9 212.2 201.7 196.4 200.1 204.4 208.4 211.1 212
259.9 258 259.9 260.7 263.8 267.8 271.4 270.1 270.1 271.9 273.1 272.6 272.1 271.8 271.9 271.7 270.3 268 267.1 266.5 265 265.1 267.9 271.4 275.1 278.2 278.6 275.9 274.7 274.9 274.1 273.5 274 274.3 272.9 269.6 265.4 260.5 256.5 252.5 250.2 247.6 244.7 243.6 242.5 240.6 239.1 238.1 235.7 232.7 229.4 226.5 225.6 224.2 222.7 220.5 216.7 213.8 211 206.3 209.3 211.6 215.2 220.5 225 224.9 222 220.5 216.4 215.2 210.1 201 200.8 204 207.8 209.9 212.8 213.5
258.9 256.1 256.4 256.7 258.5 262.5 266.4 268.4 268.6 268.6 269.9 269.8 269.6 268.9 268.7 268.7 266.5 264.3 263.2 262.4 262 261.7 263.2 266.1 269.2 272.6 272.1 269.8 267.8 268.3 269.2 269.7 270.4 271.5 271.8 269.8 266.4 262.4 257.9 253.8 249.9 246.8 244.3 243.2 242.1 240.5 238.9 237.7 236.6 234.4 230.4 227.4 225.1 223.5 221.9 219.9 216.9 212.9 209.9 208.1 211.1 213.6 215.6 219.4 223.6 222.7 216.4 213.5 211.4 209.4 205.3 203.8 207.2 210.1 211.4 212.9 216.7 218.2
256.5 253.8 251.2 253.6 255.4 256.5 259.1 265.4 266.7 266.5 266.4 266.4 267.2 266.7 266.9 266 263.8 261.9 260.8 260.4 259.4 258.4 259.5 261.7 263.2 265.9 265.1 264.8 263.6 263.6 264 265.2 267.3 269.5 271.7 270.9 268.4 264.5 259.7 255.3 250.7 246.5 244 242.9 241.7 240.1 238.5 237.2 236.1 234.7 231.7 228.8 226.7 225.1 222.9 220.1 216.4 213.3 211.5 210.2 211.6 214.5 216.5 220.4 223.7 218.4 213.3 210.6 207.4 204.2 205.1 211.2 213.5 213.7 214.4 217.2 220.7 224.4
252.3 248.1 246 249.2 252.6 253.4 256.8 260.1 260.7 259.9 259.9 262 264.8 266 266.5 265.6 262.1 259.8 259.1 258.7 257.5 255.8 257 257.5 258.7 259.5 261.1 261.9 261.7 260.6 260.8 262.2 264.2 267.6 270.9 272.1 270 266.7 261.8 257 252.3 248.2 244.7 242.5 241.3 239.8 238.2 236.7 235.4 234.2 233.1 231.1 228.7 226.6 223.6 220.2 217 214.5 214.2 213.5 212.4 214.3 217.1 221.3 224.3 216.6 210.8 211 210.4 209.9 213 215.2 218.2 218.5 221.2 223.9 227.3 230.8
247.3 245.8 243.8 244.3 247.1 251.8 253.8 254.9 255.7 255.2 255.3 256.2 259.6 263.5 265.7 265.6 262.2 258.6 255.9 256.6 255.5 253.9 254 254.9 255.7 256.7 258.9 259.1 259.8 258.9 258.8 260.4 263.1 266.2 271 274.8 274.3 269 263.7 259.1 254 250.4 246.1 243.4 241.5 240.4 238.5 237 235.8 234.7 233.7 232.3 230 227 223.5 221.1 218.9 217.1 217 215.8 214.3 215 217.1 220.5 220.6 215.2 211.3 215 219.3 215.4 218.3 220.2 223.2 225 226.8 230.3 233.9 235.7
241.9 239.6 237.2 238.6 246.7 250.6 251.7 252.5 252.6 252.3 251.8 252.4 253.8 259.4 263.8 264 260.8 256.7 253.4 254.1 253.9 252.8 252.5 252.2 253.4 255.2 256.9 257 257.1 257.5 258.1 260.3 263.1 266.4 271 276.3 277.1 271.7 265.3 260.2 255.4 250.9 247.3 245 243.4 241.4 239.3 237.5 236.3 235.2 234.3 233.5 231.6 228.5 225.4 223.4 221 219.6 218.4 216.8 215.3 215 216.8 217.8 217.4 214.3 214.3 219.2 221.4 221 223.9 227 228.9 229.3 232.2 235 237.8 237.8
236.8 234.8 233.2 240.5 247 249.4 250.4 250.5 250.2 249.8 249.4 249.5 249.5 252.7 257.7 259.5 256.9 254.2 251.9 250.8 250.7 251.4 250.3 250.6 251.7 254 254.7 255.1 254.8 256.3 258.4 260.9 264.4 267.9 272.4 277.3 278 273.6 267.4 261.3 256.6 252.2 247.7 245.4 243.8 242.4 239.7 238.1 236.9 236.1 235.5 234.7 233.3 231.3 227.7 225 222.8 221.7 219.6 218.1 217.2 216.1 217 217.7 215.4 215.1 216.6 221.2 225.8 228 229.4 233.2 236.2 236.7 239.1 241.8 240.8 240.3
231.6 230.5 236.2 239.2 243.7 247.3 249 249 248.6 248.6 247.3 248.1 248.8 248.9 251 252.1 252.2 251.1 243.5 248.2 248.4 247.2 248.1 248.8 250.3 251.6 252.3 252.6 254.3 257.1 259.3 261.3 264.5 268.6 272.9 277.3 279.2 275.1 268.7 262.3 256.9 252.9 249.1 246.4 244.8 244.2 241.7 239 238 237.1 236.6 236 234.9 232.6 229.9 226.6 224.7 222.5 219.8 218.4 218.2 217.7 217.8 219.7 218.9 217.8 218.8 223.2 228.8 231.8 235.8 240.9 244.5 245.9 245.9 245 244.8 245.2
226.5 230.8 235 236.3 238.7 241.4 243.6 244.5 245 245 243.4 244.2 245.4 243.7 244.4 245.3 244.5 244.2 240.5 239.2 242.1 238.6 241.3 246.2 248.7 250 250.5 251.1 253.9 256.4 258.8 260.6 264.4 269.2 273.8 277.6 279.6 275.9 269.9 263.9 258.5 254 250.1 248.8 247.5 246.8 245.7 242.8 239.7 238 237.2 236.6 236.2 233.3 230.5 227.7 226.2 223.7 220.8 219.4 219.4 219.4 219 223.7 225.2 223.1 223.3 226.1 230.5 234.9 240.5 247 251.3 252.4 250.4 249 248 248.7
222.6 228.8 233 234.3 235.3 235.5 236.5 235.7 236.3 236.6 236.7 237.2 237.8 237 237.4 238 238 238.1 234.1 233.2 234.7 233.6 234.2 243.7 243.4 247.9 250.9 251.4 253 255.3 258.3 260.8 264.7 268.9 273.7 277.7 279.8 277.5 272.1 266.6 260.5 255.7 250.9 249.4 248.3 247.6 245.5 243.7 242 239.5 237.6 236.8 236.3 235 231.8 228.9 227 224.6 222 220.6 221.3 220.8 220.2 226.3 233 231.1 227.5 228.6 230.1 235.9 242.4 249.3 254.9 256.8 255.2 253.1 251.2 249.4
219.6 226.3 230.3 231.9 231.5 231.1 231.5 230.8 231 230.8 230.5 230.6 231 230.7 231.2 232.1 232.2 231.2 228.9 228.2 230.3 229.5 229.1 232 240.7 247.6 250.2 251.6 253.4 254.6 257.9 260.3 264 268 274 278.9 280 277.7 274.7 268.1 261.9 257.3 252.7 250.5 249.3 248.1 247.1 245.3 242.6 239.1 237.8 236.9 236.3 235.2 232.7 229.3 226.8 225.1 222.9 222.5 223.1 222.7 221.9 226.2 233.6 234.7 230.4 230.7 234.8 242.9 249.2 250.7 252 254.1 256.4 254.1 250.8 247
218 222.9 226.8 227.8 228 227.3 227.3 228.1 227.6 226.8 226.4 226.4 226.4 225.6 225.7 226.6 228 227.3 224.4 222.3 224.6 221.3 225 231.7 242.1 247.5 249.8 251.4 252.6 254.9 257.3 259.8 262.7 266.2 272.7 278.7 280.2 278.7 276.3 270 263.7 259.7 254.6 251.7 250.3 249 248.3 246.5 243 239.6 238.1 237.7 236.6 235.2 233.5 228.4 225.5 224.6 224 224.7 225 224.4 223 226.7 233.4 233.4 236.4 237.6 239.5 244.1 248.9 252.1 254.2 255 255 254.1 248.2 245.1
214.8 218.7 221.3 223.1 222.7 222.2 221.9 222.7 222.9 222.5 222.4 222.3 222.3 221.7 221 219.7 222.4 222.8 219.2 217.2 217.1 221.2 226.2 230.2 241.5 247 250 251.7 252.8 253.7 255.9 259.6 262.4 266.2 271.8 278.6 280.7 278.6 276.2 271 265.7 261.4 256.3 252.9 251.3 250 249 247.4 243.8 241.1 239.7 238.5 236.9 235.2 233.3 229.6 224.9 225 225.7 226.6 227.5 226.2 224.7 227.8 231.6 234.9 238 240.7 243.6 246.4 249.7 253.8 255.9 256.5 253.3 249.9 245.9 244.5
212.6 214.5 215.8 216.8 217 216.8 216.9 217.4 217.6 219.1 218.6 218.2 218.3 218.4 218.2 218.3 219.2 219.5 217.2 210.9 217.5 221.9 224.3 227.4 236.8 245.9 249.9 252.2 253.9 253.7 255.3 258.5 262.6 266.3 271.4 280.6 281.4 279 276.1 271.6 265.9 262 257.3 252.4 249.2 247.6 246.5 246.1 244.2 241.3 239.9 238.6 237 235.1 233.1 230.7 227.9 226.5 227.2 228 229 228.7 228 230.3 232.1 235.1 237.7 241 244.1 246 248.2 250.9 252.6 252.7 248.6 246.4 245.6 244.2
212.4 211.8 212.4 213.2 213.7 213.7 213.1 213.5 213.2 213.6 213.3 213 213.8 213.5 214.1 215.3 216.7 216.8 213.4 208.6 215.9 218.8 221.1 224.7 236.6 245.8 249.3 251.8 253.7 253.9 255.1 257.8 262.7 266.5 271.6 278.7 280.9 278.8 276.2 271.3 266.5 262.3 257.9 253.1 249.6 247.7 246 245.4 244.5 241.8 239.9 238.7 237.5 235.4 233.5 231.2 229.8 228.8 229.3 230.2 231.1 230.9 230 230.9 232.7 234.6 236.3 238.1 240.7 241.3 243.5 244.5 246.6 245.4 245.1 244.7 244.2 243.1
211 210.6 210 211.1 211.5 211.5 210.8 210.3 210.4 210.2 209.4 209.2 208.4 206.6 208.6 211.2 213 211.4 206.9 211.8 215 217.5 219.3 224.1 236.1 246.2 249.3 252 254.5 254.8 255.2 258 262.8 266.8 271.7 277.7 278.2 278.1 275 270 265.1 262.1 258 253.8 250.6 247.9 246 245 244.1 241.6 239.6 238.9 238 236 233.9 232.4 232 232.3 232.7 233.1 232.9 231 229.4 231.5 233.7 234.1 235.2 237 237.9 238.5 239.8 241.3 243.3 243.4 243.7 243.7 243.2 241.5
209.7 209.5 208.2 208.2 209.2 209.3 208.7 208.5 208.2 207.7 207.2 206.2 205.8 205.5 205.2 205.7 205.5 205.5 208.5 211.7 214.9 217.4 219.3 224.8 234.6 246.4 249.7 252.3 254.9 255.9 255.3 258.6 263.7 266.7 270.5 278.2 278.2 277.7 274 268.6 263.6 260.5 257.1 253.4 250.6 248.6 246.3 244 242.8 240.5 239.1 238.6 237.9 236.6 234.5 234 233.9 234.5 235 234.8 233.3 231.6 231.2 233.5 235.4 235.7 235.8 236.3 237.3 238.4 239.4 240.9 242.4 242.5 242.7 242.7 241.8 239.9
209.6 207.2 206.5 205.4 206.7 207.5 207.9 208.1 207.9 207 205.7 204.3 202.8 201.7 201.4 199.7 197.3 199.3 206.5 210.4 214.5 216.7 219.6 224.2 231.6 245.5 249.8 252.4 255 257.1 256.8 259.2 263.3 266.2 270.1 277.4 277.5 275.5 272.4 267.5 262.3 258.2 255.1 252.4 250.5 249 246.6 243.1 241.4 240.1 239.1 238.5 237.6 236.6 235.5 234.4 234.2 235.9 236.3 235.5 234.1 233 232.7 234.8 236.3 236.8 236.8 236.8 237.2 238.8 239.8 240.3 241.2 241.8 241.1 240.1 239.1 237.7
210.8 206.3 205.9 203.8 205 207.5 208 208.3 207.8 206.8 204.5 202.8 200.6 198.3 196.8 194 197.1 201.6 205.2 210.4 214.5 217.6 219.7 222.9 228.6 241.9 249.9 252.5 255 257.6 257.7 258.1 261.7 265.8 270.5 277.1 278.2 274 270.1 265.9 261.2 256.4 252.8 250.5 249.8 249.1 246.1 242.1 241.1 240.1 239.3 239 238.1 237.5 236.4 235 234.6 236.5 237 236.9 235.7 234.7 235.6 235.3 236.5 237.2 237.8 238.1 238.2 239.5 240 240 238.8 239 238.2 237.3 236.3 235.7
211.3 205.6 203.9 203.2 204.2 207.2 208.2 207.6 207.3 207.4 205.3 203.2 200.5 194.8 191.4 193 198.3 202.9 206 211.3 214.1 216.4 218.7 221.8 226.4 235.3 248.1 253.1 255.5 257 257.4 257.7 259.8 263.7 268.6 275 275.7 272.6 267.9 263.5 259.7 254.9 250.7 248.8 248.4 247.9 246.6 243.3 241.5 240.9 240.8 240.1 239.3 238.4 236.9 235.4 235 236.9 237.4 237.7 236.8 236 236.7 236.2 236.2 237.6 238.3 239 239.4 239.7 239.6 239.1 237.5 237.2 236.8 235.9 235.8 235.2
209.4 204.1 201.2 201.7 203.7 206.3 208.2 207.4 207.1 206.9 206.5 204.9 202 195.4 187.9 194.6 200.2 202.9 207.7 213.2 214 215.6 217.6 220.8 224.9 232.7 246.2 252.9 254.8 256.3 257.8 258.2 259.6 262 266.6 272.8 272.8 267.9 264.3 261 256.9 252.6 249.2 247.7 247.3 247 246.4 245.3 244.1 243.8 242.9 241.3 239.3 238.4 236.7 235.9 236.1 237.1 237.6 238 237.7 236.7 237 236.7 236.2 237.2 238.2 238.8 239.3 239.7 238.9 237.5 236.7 236.4 236.3 236.4 237.1 234.6
206.9 201.2 198.8 200.5 201.9 203.4 206.4 206.9 206.6 206.9 207 205.7 202.5 193.8 183.8 191.8 199.1 202.1 206.8 210.4 212.3 214.5 217.3 221.5 225.5 229.7 241.1 250.7 253.8 255 258.1 259.1 258.8 261.2 263.6 266.8 266.1 262.3 260.6 258 254.4 250.1 247.6 246.9 246.6 246.6 246.9 246.7 246.2 245.1 243.8 242 239.7 237.3 237.1 237 236.9 237.1 237.7 238.2 238.2 238.4 238 237.4 237 236.7 236.9 237.6 238.1 238.4 237.8 237.9 237.5 237.2 237.1 238.2 237.3 232.5
