Assets/StreamingAssets/GeoData/Data/nz/NZ60.asc
ncols 200
nrows 200
xllcorner 460000
yllcorner 500000
cellsize 50
[rows 35 to 69 of 200, columns 78 to 155 of 200]
278.6 279.7 280.1 280.3 279.3 278.4 278.6 278.7 281.3 283.9 286.3 289.5 289.1 287.8 286.6 285 284.7 285.6 286.5 286.7 284.6 281.1 278.2 276.2 274.7 274.8 276.8 280.1 282.1 282.1 281.9 281.7 281.2 280.5 279.7 278.7 277.2 275.5 273.6 271.5 269.1 266.6 263.9 260.3 256.4 251.1 245.4 241.2 236.7 232.9 230.5 229.4 227.7 225.4 223.7 223.1 221.2 217.4 214.1 211.2 209.3 208.4 208.4 206.8 203.3 197.2 191.7 185.5 178.2 168.2 157.8 149.9 143.2 137.8 135.9 134.6 133.4 132.5
273.1 273.3 274.3 274.8 274 273.9 273.9 275 278.7 281 283.1 284.8 286.4 287.3 286.1 284.1 282.1 281.3 281.7 280.1 278.5 276.6 274.3 272.3 271.2 270.6 271.3 272.4 275.4 275.5 274.9 275.6 276.3 275.9 275.3 274.8 274.2 273 271.1 269.1 266.5 263.7 259 252.9 246.4 242.6 235.9 232.4 229.4 226.8 224.6 222.6 221 219.3 217.2 216.4 215.1 213.4 211.4 208.5 205.7 204.2 203 202 199 194.6 189 184.1 177.4 166 155.6 148.2 142 141.8 138 133.5 134 135.4
268.8 268.6 269.8 271.2 270.1 268.1 267.6 270.8 274.7 278.6 280.6 282.1 282.5 282.3 281.7 281.4 280.4 278 277.1 275.9 274.1 272 269.9 268.2 267.1 266.2 267.1 267.1 267.4 267.4 267.9 268.6 269.3 269.9 269.2 267.4 266.7 266.7 266 264.3 262.9 259 251.2 247 239.9 234 230.2 226.9 223.8 221 219.2 217.2 215 212.9 211.7 211.1 210.2 210 208.6 205.9 202.8 199.9 197.4 195.8 193.9 191 186.5 182.5 175.8 164.2 154.4 148.3 146.3 143 138.3 134.8 133.9 138.5
264.6 264.2 265.2 266.2 266.3 264.1 263 265.2 268.5 274.7 278.1 279 279.4 278.9 278.2 277.2 276.3 274.7 271.9 271.4 269.4 267.3 265.3 263.9 262.6 261.8 261.9 262.5 262.3 262.3 262.7 263.1 263.4 262.9 262.4 261.5 259.6 258.7 257.6 256.1 254.5 250.1 246 240.7 233.5 229.8 225.3 221.8 219 216.2 213.8 211 208.7 206.6 205 204.1 204.4 204.7 205.1 201.5 198.6 195.6 192.9 190.5 188.6 186.3 182.8 178.5 173.4 162.4 154.4 148.6 141.3 137.2 134.5 133.3 134.4 142.7
261.1 259.3 258.7 259.5 259.6 258.6 259 259.9 262.3 266.3 271.9 275.9 276.5 275.8 274.8 273.3 272.8 271.1 267.9 265.5 263.7 261.3 259.6 258.2 257.6 257.1 256.2 256.2 255.5 254.4 254.3 255 256.5 256.9 256.8 255.9 255 253.8 252.7 250.6 248.5 245.2 241.3 234.3 229.5 225.1 220.9 216.5 214.3 211.5 208 205.2 203.5 201.4 198.7 197.5 197.5 197.8 198.5 195.9 191 187.2 184 182.2 180.8 179.4 177.4 174.5 169.3 161.6 153.8 147.2 139.1 134.9 134.7 134.3 137.3 147.9
253 251.1 249.8 249.7 250.4 252.3 254.4 254.6 257 259.3 263.2 267.2 270.5 271.9 271.3 269.8 268.5 266.9 264.2 261 259.4 256.6 254.4 252.7 251.5 251.1 250.6 249.9 248.4 247.4 247.3 246.4 246.5 247.3 248.4 249.5 248.4 248.8 247.4 245.8 243.9 239.1 234.8 229.4 224.6 221 216.8 211.8 208.5 205.4 203 200.3 196.2 192.6 189 187 185.2 184.9 182.4 181.6 179.9 177.8 174.8 173.1 171.7 171.1 170.4 169.3 166.3 160.2 152.7 145.9 137.6 134.3 134.5 135 143.4 152
246.2 243.7 242.4 241.9 242.9 244.7 246.6 248.9 251.9 254.3 257.6 258.9 261.3 263.8 266.7 266.2 264.5 262.5 260 256.7 254.1 252.3 249.1 247.3 246.1 246.2 245.6 244.7 243 240.9 239.9 238.9 238.7 240 240.6 241.6 242.7 243.5 243.6 241.9 238.7 235.3 231 225.3 220.8 217.2 212.3 208 202.6 200.7 198 191.4 185.5 176.4 173.3 173.2 173.7 174.2 174.3 171.8 170.4 167.4 165.9 163.8 163.3 163.6 164.3 164.5 163 157 149.8 140.1 134.8 134.8 134.9 139.7 151 158.5
238.8 237 235.9 236.1 236.9 237.8 240 242.3 245.4 249.9 253 253.7 253.2 255 257.1 259.2 258.8 257.7 255.7 252.7 250.1 248.1 245.2 241.7 240.9 241 240.5 239.2 235.6 233.6 232.8 232.5 232.2 231.8 233.2 234.7 237.3 238.9 239.6 238.3 235.9 232.2 228.2 222.2 217.8 213.3 207.9 203 199.2 194.9 189.2 182.8 174.9 164.8 162.4 160.8 164.5 166.8 167.6 164.8 161.2 156.6 154.2 153.2 155.2 155.2 157.1 158.6 156.9 151.1 141.7 136.9 135 133.4 136.7 146.9 158.5 166.2
232.3 231 230.7 230.8 230.6 232.1 234.2 236.5 239.5 244.5 248.6 249.3 248.6 247.6 246.8 249.6 250.5 250.3 249.5 247.3 244.3 242.5 239 235.5 234 233.7 232.5 231.3 229.3 227.6 226.7 226.4 225.5 225.8 226.3 228 230.7 234.3 235.7 235.8 233.2 229.2 225.6 220.1 215.5 210.6 203.8 199.8 192.3 185.6 179.1 171 163.5 154.9 148 146.9 153.2 154.6 155.2 154.6 146.2 142.8 141.5 140 138.7 139.9 142 145.1 145.4 141.6 138 137.4 136.4 133.6 142.2 157.1 168.2 173.2
226.1 224.3 223.3 225.2 225.6 226.4 228.9 230.6 233.2 238.1 241.2 242.1 241.4 241.7 240 237.5 236.4 236.6 236.5 235.7 233.4 233.2 232.2 229.5 227.7 226.4 225 223.8 221.7 220.5 220 218.9 217.9 218.2 220.1 222.5 225.6 229.2 230.8 232.1 230.9 227 222.7 218.5 214.2 208 202 197 184.7 176.4 169.8 162.5 152 144.7 146 145.1 143.5 143 144.1 142 139.4 140 139.4 138.9 137.8 138 137.8 137.3 138.2 138.5 137 136 135.3 139.2 155.2 166.8 175.5 179.9
212.9 209.8 207.5 208.4 212.5 221.2 224.1 225.8 227 229.5 233 233.9 232.7 231.8 229.3 225.2 223.5 223.8 223.4 221.5 221.9 221.6 223.2 222.3 221.3 220.3 218.5 216.7 214.3 213.8 213 211.3 209.9 209.9 211.1 213.8 219.5 222.8 224.6 227 228.1 225.2 221.1 216.4 211.4 204.5 195.7 187 176.7 169.1 161.1 153 147.1 150.3 158.8 160 150.6 147.1 144.6 144.2 144.1 142.3 140.1 138.3 139.5 137.1 137 136.5 136.9 137 136.3 134.4 143.5 155.9 167.6 176.2 183 187.5
200.7 197.5 194.3 196.1 200.3 206.2 215.7 220.8 222.1 222.6 223.2 223.7 223.5 221.1 218.5 215.6 212.8 211 208.1 207.1 208.2 211.4 214.4 215.9 215.5 214.5 212.2 211.2 209.4 207.8 205.4 202.6 200.4 199.6 201.1 204.3 207.9 212 215.5 218.6 220.1 220.6 216.8 210.7 205.8 197.1 187.9 178.4 170.3 162.2 153 149.3 153.3 162.8 169.5 171.9 172.6 164.8 159 159.8 155.5 155.4 152.7 152.8 151.6 138.7 136.6 135.3 136.4 135.4 142.9 147.9 158 167.8 175 184.1 188.7 191.7
185.3 185.1 184 182 184.6 190 200.2 213.9 216.8 216.9 216.6 215.5 213.8 212.4 209.6 205.7 203.8 202.3 199.7 198 199.2 200.4 204.6 210.4 210.5 210.1 207.5 205.9 204 201.7 199.6 195.2 191.2 190.1 190 192 195.5 201.1 204.8 207 209.4 211.1 209.6 205.8 196.8 190.3 180.7 172.2 162.4 151.7 148 154.7 167.3 173.1 178 182.7 185.4 185.9 180 175.4 168.8 169.6 170.8 168.1 153.5 135.4 137 137.8 143 149.1 153.6 160.3 171.3 176.9 182.7 189.4 192.8 194.8
201.1 204.8 200.3 198.3 194 187.2 182.5 192.8 209.2 211 210.5 209.3 207.6 204 199.9 197.4 195 192.3 189.8 189.2 190.7 192 193.7 197.6 205.1 205.2 201.9 198.3 198 194.9 191.3 183.8 180.1 178.9 178.3 180 182.9 188.2 194.5 197.5 200.5 204.2 203.3 197.7 191.3 183.4 175.4 160.9 150.9 155.5 164.7 174.5 177.9 182.6 191.2 193.7 194.7 195 194.2 193.2 190 183.7 178.8 170.6 150.5 136.8 137.7 143.8 151 157.1 165.2 173.5 179.1 182.7 189.1 193.7 196.8 198.3
210.1 213 213.1 214.3 213.7 208.4 189 182.3 189.3 198.8 202.9 202 199.7 195.2 189.2 186.8 185.5 182.9 180.5 180.8 181.8 182.3 184.2 186.9 190.2 195 193.2 189.7 188.2 183.7 177.9 171.1 167.2 164.5 162.8 161.8 167 175.8 180.6 187.4 190.8 193.6 193.7 186.8 179 173.2 159.4 153.9 166.5 177.4 182 185.9 188.2 194.7 201 203.6 202.6 202 201.2 200.6 199.2 191.6 182.9 172.4 149.5 138.2 139.9 148.5 156.3 166.7 174.3 180.5 183.5 187.2 193.8 197.1 199.3 201.3
214.7 217 219.2 220.5 219.3 216 209.8 194 179.2 183.2 188.1 184.9 182.7 182.7 180.1 178.3 176.7 175.6 174.3 175 173.4 173 174.4 177.4 180.7 183.7 183.3 180.1 176.1 170.2 166 165.1 168.8 174 171 167.3 163.7 160.5 168 174.2 177.5 180.8 179.4 176.3 167.5 156 159.6 174.8 183.4 189.1 193.3 198.8 200.1 204.8 208.9 210.9 210.1 207.8 206.7 206.2 204.2 194.3 184.9 176 153 139.6 139.5 150.4 159.4 169.5 177 181.2 184 187.9 193.9 198.6 201.3 203
219.2 222.1 224.6 225.3 224.8 222.4 218.2 210.4 200.5 190.1 181.2 186.5 185.6 183.4 183 182.7 183.4 182.7 180.5 182.5 181.8 179.1 174.3 170.4 170.2 171.7 171.3 167.7 169.2 179.4 185.3 185 184.3 183.1 180.7 177.1 172 165.6 159.5 162.7 166.2 169 169.4 166.4 158.3 166.7 181 188.7 193.6 198.6 204.3 208.3 211.4 213.2 215.2 217 217.2 214.7 212.1 210.8 208.5 199.2 189.9 180.7 163.4 142.7 136.6 148.1 158.9 164.6 170.5 174.4 177.3 181 185.7 192.5 199.6 197.7
222.8 227.6 229.8 229.5 228.7 226.8 223.2 217.9 212.7 207.4 199.1 197.6 196.1 194.6 196.2 197.7 194.7 188.3 188.2 190.7 191 189.7 183.9 176.1 170.5 169.3 167.6 181.4 191.1 193.1 192.8 192.1 191.3 190.4 188.3 185.7 182.1 177.4 166.5 158.4 157.8 158.3 159.7 161.3 173.8 185.4 193.1 201.5 208 211.8 215.5 218.6 220.2 221.3 221.7 222.8 223.5 220.1 217.1 214.8 212.1 205.4 197.1 185.8 174.4 152 139.3 139.8 148.4 152.2 155.9 162.7 169.7 174.9 178.4 183.6 188.4 196.1
229.7 233.5 234.3 234.1 234.3 233.3 229.3 224.8 220.8 217.6 209.2 208.2 211.4 210.4 210 208.2 202.9 190.5 199 199.8 200.1 198.5 196.4 193.5 190 187.1 189.3 194.8 197.5 198.7 197.8 196.7 196 195.7 195 193.4 191.7 185.5 179.8 177.7 180.4 182.4 182.6 185.1 190.9 198 207.5 213.6 216.4 219.8 222.2 224.7 226.4 226.7 226.6 227.5 226.5 221.6 219.5 217.8 213.9 207.3 195.7 185.6 178.6 167.4 150.4 139.1 139.5 142.3 145 150 157.2 164.2 169.9 174.3 178.7 184.5
235.9 239.9 240 239.6 240.1 238.7 235.1 231.2 227.9 223.1 219.3 218.9 219.2 218.9 217.4 213.5 206.8 200 207.8 207.8 206.4 205.2 203.5 202.1 200.4 199.2 199.7 202.4 202.9 203 202.6 201.9 202 201.8 202.4 201.4 200 199.2 196.4 194.4 195.9 197.4 198.9 202.4 206.4 211.7 218.2 222.1 223.7 224.5 227.6 230.2 231.5 230.3 230 229.2 224.8 221 219.3 217.7 213.9 205.3 193.1 184.4 179.8 170.9 161.1 149.1 141.3 140.3 141.4 143 149.6 157.4 162.3 167.2 171.9 176.1
242.4 247.1 246.6 246 246.3 244.5 240.9 237.6 234 227 227.8 225.8 225.7 224.8 222 216.9 206.9 213.9 213.5 212.5 211.3 210.2 209.2 208.3 206.8 205.8 205.5 207 207.8 208.3 208.9 209.4 209 208.9 208.7 208.5 208.4 207.8 206.7 206.2 208.2 209 210.1 212.6 217.1 221.7 225.6 227.7 228.1 229.1 231.7 233.7 235.2 233.3 230.4 225.6 221.6 219.4 217.4 215.2 209.4 198.1 189.6 181.7 178.6 172.8 164.7 153.1 145.5 139.8 140 141.1 145 153.5 159.3 163.1 167.1 172.6
250.7 253.8 253.3 252.6 252.3 250.4 247 243.3 238.6 237.1 235.2 233 231.5 230 225.1 217.6 218.7 221.3 220.7 219.2 217.3 217.1 215.7 214.1 213.2 212.4 210.9 211.5 214.4 216.6 218 217.3 216 215.9 216 216 215.2 214.6 213.4 212.3 215.1 217.7 220.3 222.8 225.2 227.9 229.9 230.9 231 231.4 233.4 234.8 235.1 232.7 227.6 222.2 218.7 215.7 212.9 210.9 200.2 191.2 184.5 178.4 174.8 170.3 163.6 154.6 147.7 141.6 139.8 140.6 143.7 148.8 156 159.3 164.4 168.9
256.9 259.5 258.5 257.7 257.2 255.6 252.5 248.5 245.5 243.7 241.8 239.8 237.5 234.1 227.6 221.1 227.8 229.1 228 226.8 224.5 222.8 221.9 221 219.3 217 215.9 218 220.8 224.4 225.3 224.4 223.3 222.7 222.4 222.5 222.6 221.2 219.5 217.5 220 222.7 225.2 227.4 229.7 231 232.1 232.3 231.3 231.5 231.9 232.1 231.4 226.4 220.5 217.6 214.3 211.8 207.8 201.8 192.3 185.6 179.7 175 171.2 166.6 161.2 154.9 141.9 144.4 141.1 140.7 142.4 147.2 151 157.1 163.5 167.3
264.4 264.8 263.9 262.6 261.5 260.7 257.5 253.6 250.7 249.2 247.5 245.3 242.9 237.7 231.9 225.8 234.4 235.4 234 232.2 231.5 229.3 228.1 226.5 224.9 223.3 223.7 226.3 227.7 231.7 231.7 229.8 228.5 227.1 227.2 227.1 226.7 226.8 222.2 222.5 223.8 226.7 228.9 230.7 232.1 232.6 231.6 230.8 229.6 228.7 228.4 228.6 224.1 218.4 214.9 212.2 209.8 206.8 202.4 193 186.1 180.7 176 172.1 168.3 163.2 158.5 146.6 143.2 148.6 146 142.1 142 148.6 151.5 157.5 164.1 168.5
270.2 269.8 268.8 267.7 266.8 265.5 261.7 258.6 256 254.4 252.4 250.1 247.2 242.2 237.7 231.6 239.7 240.2 239 238.9 237.8 235.8 233.6 231.9 230.1 228.9 232.2 235.1 234.8 234.8 236.2 234.5 232.7 231.3 231 230.2 229.7 225.7 223.6 225.8 227.3 229.7 231.3 232 231.5 229.8 228.1 226.6 224.7 224.7 224.2 221.1 215.2 211.1 207.6 205.9 203.4 198.9 190.6 185 180.8 176.7 173.4 169.7 165.7 159.7 156.5 142 151.5 153.1 150.3 142.9 143 148.9 153.2 156.7 163 167.5
275.6 275.1 274 272.8 272.2 269.4 265.9 263.2 261.5 259.7 256.7 254 251.1 248 243.1 239.7 244.2 245 244.3 244.5 245 242.5 240.2 237.6 235.8 234.8 239.9 242.3 239.7 236.9 237.6 237.8 234.3 233.1 231.8 229.5 228.2 227.4 227.4 226.7 228.6 230.4 229.9 228.6 227.3 226 223.1 221.1 219.6 218.3 214.6 210.7 206.3 203.6 201 196.9 191 187.1 183 179.8 175.8 173.2 169.7 166.7 163.5 158.4 144.6 151.9 154.9 153.9 150.7 143.3 143.1 147.7 152.5 158.5 163.6 169.3
281 280.6 280 279.5 277.4 273.9 270.4 268.8 267.5 263.6 260.3 257.5 255 252.5 247.3 245.3 248.9 249.9 249.6 250.7 251 249.2 247.5 244.2 243.9 245.1 247.9 247.8 244.6 241.7 239.6 237.7 236.5 235.3 233.2 231.6 231.9 229.7 228 226.4 226.9 227 226.3 225.2 222.7 219.7 217.9 214 210.5 207.5 205 200.1 196.8 193.5 188.7 186.5 183.8 181.4 177.9 174.9 172.2 169.2 166.2 162.7 157.3 145.1 148 155.3 156.1 154.2 151.1 144.7 144.4 152.3 155.2 160.6 164.4 169.9
286.6 286.5 286.5 284.8 281.5 278.2 275.7 274 272.5 268.4 264 261.2 259 256.7 252.1 249.7 253 255.1 256 257 256.4 255.5 254.2 253.6 253.6 254.2 253.6 251.3 248.2 246.5 242.9 239.5 237.7 236.1 234.6 234.3 232.2 229.9 226.8 224.1 223 223 222.1 220 216.4 211.2 209.1 204.1 200.1 197.7 195.1 191.7 187.9 184.5 183.7 181.3 178.5 175.2 173.7 171.2 167.9 165.5 160.7 152.5 143.5 142.3 154.6 157.3 156.1 153.5 146.8 143.3 148.7 154.5 158.7 161.5 166.2 170.1
291.5 292.5 291.3 288.7 285.7 282.5 282.4 281.4 278.2 273.3 268.7 265.1 262.9 260.5 254.8 254.7 256.6 258.3 260.8 263.5 263.3 262.4 261.6 262.9 262.5 260 257.6 253.9 251.4 248 244.7 240.2 237.8 236.2 233.7 230.2 227.8 223.9 221.6 219.3 217.1 216.4 216.1 212.6 206.4 202.4 199.8 194.7 191.2 189 186.5 183.6 180.8 179.1 176.6 175 173.4 171.1 169.7 167.1 164.5 161.3 153.4 144.4 154.4 155.2 157.7 157.7 156.1 151.5 144.9 145.5 152.4 157.7 161.5 164.1 169.3 173.8
297.1 297.2 296 294.5 291.6 290.5 289.3 287.8 284.3 278.5 273.7 269.8 266.8 263.8 257.3 260.7 261.1 262.5 264 267.6 269.8 268.4 269 271.2 267.5 263.4 259.8 256.1 253.2 249.1 244.8 240.8 236.7 233.1 229.7 225.9 222.6 219.9 217.4 215.4 211.9 209.2 206.8 203 198.2 194.3 191.7 187.4 185 181.8 180.5 178.7 176.2 174.3 172.2 170.2 168.8 166.9 165.4 162.3 158.2 155.8 149 143.7 150.8 153.4 158.1 157.6 155.7 149.9 144.5 146.8 156.1 160.5 164.1 167 170.7 175.5
300.8 300.9 301.4 300.1 298.5 297.3 296.6 293.5 289.1 283.8 278.6 275.1 271.8 267.2 262.6 267 266.9 266.4 267.6 269.2 272.9 273.9 274.9 275 270.5 265.5 261.1 257.7 253.5 249.1 243.3 238.3 233.6 229.6 226.1 222.8 218 214.9 212.5 210.4 207.7 202.4 199.5 195.7 191.8 188.3 185.1 182.5 179.9 177.5 175.9 174.3 171.8 170.1 168.3 166.1 164.6 163.2 160.9 157.9 155.5 153.7 146.6 143.6 149.1 154.8 159 157.9 153.9 147.2 143.8 151.1 153.5 162.1 166.8 170.1 173.7 177.8
303.8 305.3 305.3 303.7 303.1 305.3 302.5 298.2 293.6 288.3 283.4 279.7 276.8 272.9 270.6 273.4 273.3 273 272.7 274 276.6 278.8 279.1 277.5 271.6 266.5 261.5 257.2 251.7 245.1 239.9 235.5 231.1 227.5 223.6 219.4 215.1 210.6 206.6 203.4 200.6 196.9 193.5 189.6 187.3 184.4 181.1 178.4 175.9 174 172.4 171 168.6 166 164 162.6 161.4 159.6 158.4 155.9 153.5 150.5 144.8 144.6 150.9 156.3 159.8 157.5 153.4 146.5 149.6 159.2 160.9 162.9 168.2 171.6 174.7 178.3
307.2 309.2 308.1 306.9 308 310.7 307.8 302.3 297.1 292 287.8 284.5 281.4 278.7 278.4 279.9 280.6 280.2 280 279.8 281 282.5 280.3 275.6 271.2 265.2 259.2 253.7 248.3 242.8 238 233.3 229.6 224.9 220.3 215.7 211.5 206.5 201.7 196.9 194.6 191.4 187.7 185.9 182.9 180.6 177.5 174.7 172.4 170.5 169.3 167.4 165.1 162.8 161.3 159.7 159.3 157.6 156.3 154.6 150.9 146.6 145.1 148.1 154.1 158.5 160 158.3 152.7 146.1 158.9 163.1 164.9 165.4 165.4 171.3 173.6 177.5
309.1 311.7 310.9 310.4 311.9 314 311 305.6 298.6 295.8 293.4 290.1 286.3 284.3 284.8 285.9 286.9 287.4 287.2 286.8 285.9 285.2 282.1 277.1 272.1 266.2 259 251.8 246.2 240 235.1 230.6 226.8 222.6 217.8 211.4 206.3 201.6 196.2 191.2 188.8 187.3 183.1 180.1 180.3 177.6 174 171.2 168.9 167.2 165.6 164 162.1 160.2 158.8 158 157.1 155.7 154.2 152 148.5 146.4 144.7 152 158.5 161.2 160.6 157.7 151.1 146.5 162.7 166.2 167.4 168.5 171 172.8 175.3 176.2
312 313.8 313.7 313.3 316 316.7 313.3 305.7 304.1 301.5 296.9 294.6 292.6 290.9 289.7 290.3 291.4 292.4 293.7 292.8 291.4 288.6 284.8 280.4 274.6 267.7 258.7 249.4 242.7 237.4 232.8 229.1 224.3 219.2 213.1 206 199.3 194.4 190.8 186.9 183.8 181.9 178.5 176.8 174.9 173.6 171 168.1 166 164.5 162.9 161.3 159.8 158.2 157.2 156.3 154.5 152.8 151 149.1 146.9 143.3 149.3 156.7 164.2 162.2 160.7 157.3 150.4 151.4 161.2 165.7 168 170.7 173.2 175.6 178.2 180.6
