Assets/StreamingAssets/GeoData/Data/nz/NZ70.asc
ncols 200
nrows 200
xllcorner 470000
yllcorner 500000
cellsize 50
[rows 140 to 174 of 200, columns 79 to 157 of 200]
195.3 188.8 184.1 178.8 175.1 171.2 168.1 164.7 159.2 157.8 156.6 155.1 153.3 151.7 150.6 149.7 148.3 146.9 145.8 144.9 145.3 147.5 149.7 150.1 149.7 151.2 153.5 152.4 151.9 149.7 150.8 151.4 154.1 158.4 166 174 186.4 201.8 226.2 239.5 245.7 252.1 258.6 261.4 264.7 268 271.3 273.6 277.3 279.1 281.3 284.5 289.7 294.6 297.4 298.5 298.6 299.1 298.3 297.6 296.5 295.4 293.8 292.4 291.4 288.5 285.9 284.5 282.2 279.8 276.9 273.9 270.6 267 262.3 255.4 248.1 240.6 234.2
198.8 192.1 186.5 181.2 176.8 173.1 169 166 162.2 157.3 153.7 153.6 151.3 150.1 149.7 149 148.1 146.7 145.7 148.5 151.1 154.4 155 156.7 156.2 156.6 156 154.7 153.7 151.5 151.7 152.7 155.3 159.4 165.3 175.6 190.7 210.1 229.1 241.2 248.5 256.8 262.6 266.9 270.8 276.3 278.7 283.8 287.7 289 290.9 293.2 295.9 298.3 299.7 300 299.1 299.3 298.7 297.6 296.3 294.8 293.4 292 290.4 289.4 286.7 284.7 282.5 279.2 276.3 274.9 272.2 267.7 263.1 254.5 246 238.8 231.9
199.4 192.9 187.2 182.1 178 173.7 168.9 163.4 160.2 158 155.4 153 151.1 149.8 148 148.4 147.4 147.6 149.5 153.3 157.7 159.7 160.6 161.5 160.5 159.7 158.4 157.5 157.1 154 154.5 153.6 156.5 160.2 166.4 178.5 193.7 211.9 229.6 242.2 250.4 259.7 266.1 271.2 277.4 282.8 286.9 292.6 297.5 297.9 298.1 299.4 299.9 300.1 300.8 300.9 299.9 299.4 298.7 297.6 296.1 294.7 292.7 291.4 290.3 288.6 286.2 284 281.2 277.4 274.9 272.3 269.9 266.6 261.6 254.5 245.5 236.1 229.8
205.3 195.4 185.9 179.3 176.5 171.2 166.8 162.7 160.7 158.9 156.9 154.8 151.6 150.2 148.9 148.8 148.6 150.6 154.2 161.7 164.4 169.8 172.3 172.9 173.2 169.9 167.5 163.4 160.1 158 156.8 156.4 157.9 160.8 167.7 181.2 196 211.9 229.1 243.3 253.4 262.7 268.6 274.8 282.7 289.1 293.7 300.4 303.2 303.9 303.5 302.9 302.5 302 301.3 301.4 300.8 299.6 298.8 297.6 296.2 294.7 292.5 290.9 289.8 287.1 284.7 282.7 277.2 273.1 270.5 268.1 265.7 262.4 259.7 253.3 241.9 233.8 228.3
214.4 202.3 201.4 197.1 187.3 177.4 171 166.4 162 161.1 159.1 154.9 152.5 151 149.3 149.8 151.1 155.1 162.3 167.2 171.6 177.9 182.3 189.5 191.6 187.3 181.2 175.6 168.7 162 159.3 158.6 159.4 162.4 171.2 183.1 198.2 213.5 230.4 244.9 256.6 266.8 273 280 286.9 293 298.6 302.8 304.2 305.1 305.2 305 304.5 303.6 302.8 302.5 301.1 299.8 298.9 297.7 295.8 294 292.4 290.1 287.7 284.1 280.5 276.9 271.1 267.3 265 264.1 262.2 258.4 253.3 246.1 239 231.7 226.8
224.2 213.9 215.3 210.5 197.4 186.2 174.5 168.1 164 161.8 159.7 156.7 153.9 150.9 150.6 151.4 155.3 163.7 167.7 172.2 179.1 187.3 196.3 205.8 214.7 211.8 205.2 191.6 181.4 169.9 164.3 161.3 161.7 165.2 174.2 185.2 200.4 215.1 231.2 246.1 260.3 270.6 280.1 284.9 289.8 295.1 301.2 303.8 305 306.1 306.6 306.8 305.7 305.3 304.3 303 302.3 300.6 298.7 297.1 295.4 293.9 291.6 288.5 284.5 279.4 275.9 271.7 266.8 262.8 259.2 258.4 258.3 254.8 249.2 241.7 236 230.5 225.4
234.5 232.3 226.3 220.3 208.3 193.7 178.9 171.7 166.1 162.8 160.2 157.9 156.1 152.9 151.6 154.4 161.3 167.1 171.3 177.7 185 196.2 206.1 218.5 236.1 232.9 222.4 210.5 194.7 181.4 173.8 165.6 163.5 167.3 175.9 186.9 200.9 215.4 230.6 246.9 263.1 274.6 282.8 287.6 292.3 296.5 302.2 304.4 306.9 307.5 308.1 307.8 307.2 306.1 304.8 304.1 302.8 300.9 298.4 296.5 295 293.1 290.7 286.2 279.7 274.8 271.1 266.3 261.3 258 255.5 253.9 253 249.4 243.9 237.4 232.6 228.3 223.2
241.8 241.9 235 225.7 213.6 201.3 182.4 173 167.5 163.6 161.1 159.5 155.9 153.8 154.3 160.2 164.6 170.3 175.3 181.5 188.6 201.8 214.2 230.8 245.9 240.5 233.4 223.3 209.8 194.7 187.3 172.7 170.3 169.6 177.9 187.3 199.2 214 229.2 246.1 265.6 277.8 284 289.5 293.9 298 302.6 304.9 308.5 309.6 309.6 309.4 307.9 306.7 305.7 304.8 303.1 301.3 298.8 296 294.6 292.3 288.4 282.5 277.2 271.3 266.8 262.1 257.3 254.3 251.9 250.3 247.7 243.9 238.4 233.6 229.4 224.5 219.4
249.4 248.4 243 230.4 217.2 203.4 185.3 176.1 168.7 164.3 162.7 159 154 156.3 158.7 163.9 168.9 172.9 177.4 185.4 193.4 206.2 218.1 238.1 249.9 246.2 239.5 231.1 219.6 203.8 193.3 185.5 175.9 172.1 181 190 198.9 212.1 227.4 244.4 265.4 277.4 283.9 289.9 294.9 299.5 302.7 305.2 307.8 309.7 310.3 309.6 308 307.2 306.1 304.9 303.1 300.7 298.3 295.5 293.6 290.1 285.1 279.8 274.3 268.8 263.9 259.4 254.5 250.2 246 244.5 241 237.8 233.5 228.5 224.3 220.1 214.9
255.3 251.6 248 235.4 219.6 198.9 186.6 178.6 171 165.8 160 156.8 159.4 160.2 163.9 168.6 170.8 175.3 181.1 188.6 196.7 208.3 220.6 243.5 252.7 251.7 245.1 236.6 228.5 215.4 194.4 196.4 185.6 173.9 181.8 190.8 199.6 211 225.3 241.3 258.5 273.4 283.2 290.1 295.4 299.9 302.5 304.8 307.8 309 309.6 309 308.1 306.9 305.9 304.4 302.2 299.8 297.4 294.9 291.9 288.6 283.1 277.5 271.8 266.6 261.5 255.7 254 249 242.2 237.6 234.8 229.1 225.3 222.7 218.8 213.8 206.7
259.5 253.1 248.7 234.9 215.1 197.2 187.9 180.8 174.2 164.1 158.5 161.1 163.9 164.6 168.1 170.3 173.2 177.5 183.4 189.6 198.9 210.1 222 244.1 257.6 259.1 253.6 246.5 237.2 222.2 199.2 204.2 197.8 182.8 178.3 190.5 199.3 210.5 221.5 237.6 252.9 268.4 282.3 289.3 295.3 300.2 303.2 305.9 307.2 308.4 309.3 309 307.7 306.4 304.9 303.1 300.8 298.6 296.7 294.3 290.8 286.8 281.2 275.8 269.7 260.7 261.1 259.7 255.8 251.8 245.5 235.5 215.4 211.4 214 212.8 206.5 200.8 195.7
267.2 251.3 239.2 226 215.6 197.4 190 183.4 176.7 165.4 159.5 164.9 166.9 167.9 169.9 172.1 175.2 180.6 186.4 191.8 200.8 212.9 225.5 247 260.8 265.4 264.5 257.6 250.3 236.5 210.3 212.8 202.7 191.6 183.6 188.1 197.9 209 220.6 232.3 248.7 265.2 282 289.2 295.8 300.7 304.5 306.4 307.4 308.9 309.5 308.8 307.6 305.2 303.1 300.9 298.8 297.1 295.5 293.2 288.6 284.1 279.2 273.4 268.9 267.8 266.3 263.9 260.3 256.6 250.7 244.6 237.1 225.9 205.4 198.2 198.7 195 189.8
269.2 246.9 234.3 227 214.2 197.8 191 183.7 176.3 165.1 161.3 165.2 168.6 169.6 171.7 174.3 177.2 182.8 188.9 196.3 204.1 215.9 230.3 249.5 261.5 269 267.5 263.8 259.1 251.9 220.3 218.2 207.5 198.2 194 182.1 195.6 207.3 218.4 229.5 244.3 261.6 276.9 286.3 293.9 300 303.3 305.3 307.8 308.7 309 308.6 307.2 304.4 302.2 300 297.7 295.7 293.8 290.9 286.4 282.3 276.2 275 274.3 272.2 270.5 268.9 266 261.7 255.5 248.1 241.6 231.8 211.9 219.4 219.2 216.1 212.1
269.1 249.6 241.2 228 214.6 203.2 191.6 181 170.7 168.3 166.2 163 169.3 172 174.4 176.9 179.8 183.4 190.1 197.6 206.4 218.6 233.5 248.8 263.2 271.7 270.6 269.8 266.1 261.6 243 231.2 218.1 206.1 199 195.3 189.2 204.6 216.2 227.3 241.3 258.2 272.3 282.5 291.6 298.3 302.1 304.5 307.4 308.4 308 307.9 306.2 303.3 301.3 299.1 297.3 294.9 292.1 289.4 285.9 282.9 281.7 280.4 279.3 277.5 275.5 273.5 270.7 266.9 261 253.1 244.2 229.8 225.8 232.7 231.1 228.7 226.3
268.1 249.1 238.5 229.2 212.4 202.4 195.1 185.4 175 170 166 167.5 170.6 173.4 176.6 179.8 184.1 187.9 191.8 200.4 210.7 222.3 239.1 256.4 268.9 275.4 277.2 276.9 275 268.6 257.3 243.2 234.2 218.5 208.4 203.6 199.4 196.5 212.5 224.9 237.4 255.4 270.5 280.4 289.7 297.1 300.7 304.2 306.2 308.1 307.7 306.4 304.9 302.7 300.3 298.6 296.3 294.1 292 290.2 288.5 287.2 286.1 284.8 283.5 281.4 279.1 277.1 274.7 270.8 266 257.5 243.3 237 240.2 244.9 245.2 243.1 239.2
268.2 256.4 239.6 224.9 215.2 210.7 199.8 187.6 179.8 172.3 166.2 172.3 173.7 176 180 183.6 189.1 195.3 202.7 207.9 215.6 228 247.7 266 275.3 279.2 285.5 286.5 282.9 276.1 264.7 256.6 245.1 232.4 219.3 211.1 205.1 195.8 212.3 222.6 234 250.6 266.4 278.5 288 296.2 300 304 306.8 308.3 307.9 306 304 301.9 300.1 298.3 297 295.8 294.2 292.7 291.7 290 288.7 287.6 286.6 285.1 282.6 280.6 278.1 274.4 269.6 260.8 249.7 239.6 251.2 256.2 256.7 253.9 251.8
272.2 258.9 238.3 233.6 227.7 218.3 204.6 190.9 183.3 176.3 170.8 174.5 177 179.6 183 187.7 193.1 199 207.7 215.6 223 237.6 254.2 272.5 279.3 283.6 288.9 290.4 288.6 282.8 270 260.8 254.2 240.5 232.2 221.6 213 207.9 203.8 219.8 231.4 246.8 263.5 276.8 286.7 294.7 299.9 304.2 307.6 309.1 309.2 306.8 304 301.9 300.7 299.1 298.9 297.9 296.7 294.9 293.6 292.1 291.1 290.2 288.9 287.6 286.1 283.6 281 277.4 273 265.5 254.5 254.8 263.2 264.4 264.7 262.6 260.4
279.1 265.8 242.5 234 229.9 217.9 206.2 195.9 186.8 178.8 173.9 176.2 179.5 182.9 186.3 189 194.7 202.2 210.9 219 228.7 243.2 259.3 274.4 283.2 288.8 294.7 298 295.3 289.5 279.6 267.4 259.6 252 240.5 233.9 227.8 218.8 211.8 211.2 230.6 244.4 260.6 275.1 285.2 293.1 299.6 304.4 308.7 310 310 307.6 304.7 302.6 301.7 300.7 300.9 300.5 299.6 297.7 295.9 294.5 293.6 292.8 291.2 289.7 288 286.1 283.6 280.4 276.3 266.3 264.9 270.6 270.8 270.8 270.5 269.4 267.2
285.6 275.1 248.9 234.6 229 221 206.3 195.1 187.5 178.1 178.9 180.4 183.2 186.6 190.7 194.8 198.2 202 214.2 223.3 234.2 249.4 265.1 277.5 287.3 295.1 300.1 301.2 298.8 294.8 289.7 280.8 268 260.4 252.4 244.1 239 231.3 221.3 211 231.2 246 260.3 274.1 284.4 293.1 300.4 306.4 309.7 311.3 310.8 308.7 306.1 303.7 302.8 302.1 302.5 302.9 302.2 300.6 298.6 297.5 296 295.3 294.5 292.3 289.9 287.9 285.7 283 279.4 275.2 276.7 276.6 276.3 275.4 274.4 272.9 271.5
288.8 279.6 251.7 238 226.6 218.1 210.1 193.8 188.2 181.8 184.9 187.6 191.7 193.6 196.7 201.4 205.3 210.9 218.9 228.9 242.8 257.1 270.9 283.3 294.8 301.2 304.7 305.4 302.7 299.4 295 290.8 279.8 267 261.7 257.5 252.7 237.8 230.2 213.6 229.8 251.1 262.9 276.2 286.7 294.8 302.7 309 311.4 312.6 312.1 310.4 308.4 306 304.9 304.3 305 305.4 304.5 303.6 302.2 300.3 299.1 298.9 298.2 295.5 292.2 289.6 286.8 284.2 282.1 280.6 280.4 280.3 280 278.8 277.2 275.7 274
287.4 271.6 251 235.9 222.7 215.9 203.2 196.9 185.2 189.7 193.4 196.9 204.6 205.5 206.5 211.9 216.7 222.4 232.8 244.4 255.4 267.9 278.5 292.1 300.8 305.6 307.2 307.3 305.4 302.9 299.7 296.6 293.2 289.5 285.4 279.6 268.5 251.3 236.5 221.1 233.7 254 267.6 278.8 288.4 296.5 304.5 310.9 313.2 313.5 313.5 312.3 310.6 308.7 307.4 307 307.7 307.9 307 306 304.8 303.4 303 303.4 302.1 299.1 295 291.4 288.3 286.5 284.7 283.6 283.4 283.2 282.5 281.2 279.5 277.7 275.9
284.8 261.7 242.3 230.5 229 218.3 198 194.1 196.7 199.9 203.8 209.4 210.1 211.2 219.3 224.2 232.3 237.4 249.3 259.6 269.7 278.8 289.6 299.1 306.5 308.3 309.4 309.7 308.5 306.3 303.3 300.1 297.5 295.1 293.3 289.4 280.2 261.8 244.3 226.3 239.5 258.2 272.1 282 291 299.5 307.6 313 315 314.8 314.6 313.5 312.1 310.5 310 309.7 310 310.4 309.3 308.3 307.3 306.6 306.8 306.4 304.9 301.5 297.7 293.5 290.7 288.8 287.2 287.4 287 286.8 285.6 284 282 280.3 277.6
271.6 250.9 242.6 230.1 223.4 213.9 203.1 204.2 211.4 217 219.2 220.9 217.7 221.1 230.9 239.7 249 256 264.8 275 281.5 290.9 299 305.5 308.7 310.4 311.2 311.2 310 307.7 305.2 302.7 300.6 299 297.2 292.4 286 272.8 252.4 232.8 247.1 262 275.5 286.4 294.4 302.9 310.3 315 316.2 316.3 316.1 315.4 313.9 312.7 312.2 311.8 312.6 312.1 311.4 310.8 310.1 309.5 309.5 308.9 307 303.6 300 296.4 293.6 291.3 291.6 292.6 291.5 290.5 289.3 287.4 284.8 282.2 279.4
257.5 243.1 236.3 225.9 217.7 206.8 210 215.8 222.2 222.4 223.1 225.5 230.6 241.7 251.5 256.6 261.8 271.8 279.3 286.2 295.3 301.2 305.5 308.8 311.3 311.9 312.1 311.6 310.7 308.6 305.6 303.6 302.1 300.3 298.4 294.3 288.1 277 254.7 235.2 254.2 268 280.6 291 298.8 306.7 312.7 317 318 318 317.7 317 315.9 315.1 315 314.3 314.6 313.9 313.6 313.2 312.5 312 311.6 310.6 308.6 305.8 302.8 298.8 297.2 294.6 297.2 297 295.7 294.3 292.9 290.5 287.8 284.9 281.3
250.6 238.6 231.4 224.6 225.1 225.4 224.6 224.6 227.1 230.4 235.5 242.2 251.2 261.2 265.4 270.2 276.8 283 291.3 298.8 304.2 307 309.6 312 312.8 313.2 313.1 313 312.3 309.5 306.8 304.7 302.6 300.6 298.7 295.4 290.5 279.8 257.8 239.7 258.4 272.2 284.9 294.7 302.6 309.7 314.9 318.6 319.4 319.8 319 318.6 317.9 317.3 317.3 316.5 316.3 316.5 315.8 315.1 314.4 313.8 313.2 312.1 310.5 308.5 304.8 302.6 301.3 298.3 301.4 300.7 299 297.6 295.7 293.2 290.5 287.1 283
265.8 246.7 235.9 237.3 236.9 238.2 240.6 245.6 247.7 255.2 261.2 267.3 273.2 275.6 279.2 283.8 289.3 294.8 301.8 306.6 309.7 311.6 312.9 314 315 314.5 314.3 313.6 311.7 309.2 307 304.6 303.3 301.2 299 296.7 293.3 284.1 260.6 248.8 261.8 276.4 289.6 298.9 306.5 311.9 317 319.8 320.4 320.8 320.5 320.2 319.5 319.2 318.8 318 317.5 318.1 317.5 317 315.9 315.3 314.4 313.8 312.2 310 307.2 306.3 305 302.7 304.5 303.1 301.6 299.8 297.3 294.6 292 289.6 285.3
276.4 262.4 245.8 248.1 251.9 260.2 262.2 264.4 268.8 271.7 276.3 281.8 284.4 286.8 289.6 295.2 302.4 305.9 309.5 312.5 314 314.8 315.8 316.7 316.6 315 313.7 312.7 310.8 308.1 306 304.5 303.3 301.6 299.4 297.5 296.1 288.7 268.4 255.6 264.3 281.8 295 303.8 309.4 314.4 319 320.8 321.2 321.6 321.8 321.2 320.3 319.8 320.4 319.2 318.9 318.5 318.3 318 317.2 316.5 315.7 314.8 313.1 311.1 309.8 308.9 306.7 306.3 305.9 304.3 302.7 301 298.9 296.5 293.9 290.9 287.8
289 275.8 271 260.8 271.4 278 277.8 280.7 281.6 285 290.1 292 293.6 296.2 300 306.5 311.7 313.4 314.8 316 316.9 317.4 317.7 317.8 315.6 313.8 312.7 311.7 309.8 307.2 305.4 303.7 302.5 300.8 299.4 298.2 296.8 290.6 269.6 259.7 276.1 290 299.9 306.6 311 315.6 319.7 320.9 321.8 322.4 322.4 321.8 321.2 320.7 320.4 320.6 320.4 319.8 319.3 318.8 318.1 317.3 316.3 315.4 314.2 312.7 312 310.3 309 308.2 306.7 305.5 303.5 301.9 300 298.1 295.4 292.3 289.2
299.8 290.9 278.3 276 287.1 289.1 290.1 289.7 292.2 294.6 299.4 302.9 303.7 306.4 309.9 314.3 317.5 318.5 319.1 319 318.3 318.1 317.7 316.2 314.2 312.5 311.5 310.5 308.8 306.7 304.7 302.2 301.6 300.1 298.6 298 296.7 291.1 273.6 269.9 285.9 295.6 302.7 308.1 312.3 316 319.4 321.3 322.1 322.6 323.3 322.6 321.9 321.6 321.4 321.3 320.7 319.9 319.7 318.9 318 317.2 316.7 315.8 314.9 314.3 313.9 312.9 312.2 311.7 309.5 307.3 304.5 302.9 301.1 299.2 297.1 294 291
305.1 298.7 294.1 291.6 296.3 298.8 300 299.8 300.8 304.9 308.3 310.3 313 314.8 316.4 319.2 320.2 320.3 320.3 319.3 318.6 317.4 316.1 314.3 312.6 311 310 309 307.3 305.5 303.7 301.6 299.9 298.1 295.5 294.2 292.9 287.9 264.1 277.2 293 300.8 305.3 309.4 312.9 316.6 319.5 321.4 322.3 322.7 322.6 322.5 322 321.5 321.3 321.1 320.7 320.1 319.6 318.6 317.8 318.4 317 316.2 316.1 315.7 315.3 315.9 316.7 316.1 313.4 310.6 306.6 303.9 302 299.8 297.6 295.5 292.8
311.7 306.7 302.6 301.4 302.9 303.7 305 307.7 310.8 313.4 316.1 317.9 318.9 320.4 321.4 322.1 322 321.1 319.5 318.3 316.8 315.7 314.3 312.5 311 309.7 308.5 307.7 306.8 304.9 302.9 300.9 298 293.5 286.9 277.2 270.7 269.6 274.7 291.6 299.2 305.1 308.1 310.6 313.3 316.9 319.5 321 322.1 322.6 322.7 322.6 322 321.3 321.2 320.9 320.5 320 319.5 318.8 319.2 317.8 318.6 318.9 319.2 318.6 318.4 319.3 320 320 317.2 313.3 309.2 305.6 303.2 300.3 297.7 295.4 293.3
320.1 314.6 311.6 309.1 309.3 310.9 312.9 315.4 318.7 320.6 322 323 323.6 324 324.5 324.4 322.6 320 318.7 316.8 315.1 313.9 312.9 311.6 309.8 308.4 307.2 305.9 304.5 302.9 300.8 297.5 292.3 284.5 294.6 296.3 294.7 292.6 296.2 299.3 303.2 307.3 310.1 312.4 314.9 317.4 319.7 321.1 321.8 322.1 322.3 322.4 321.7 321 320.9 321 320.4 319.8 319.5 318.9 318.9 320 321.8 323.4 323.3 322.7 322.1 322.2 321.8 321.1 319.5 316 312.6 309.8 306.5 304.1 299.8 297 295.8
326.8 322 319.7 317.7 317.3 318.1 320.1 322.6 324.2 325.2 326.3 326.8 327.1 327.5 326.6 325.2 322.5 319.4 317.6 315.7 314 312.9 311.6 309.7 308.3 305.9 303 301 300 298.4 296 294.1 296 298 300.8 301.3 301.8 301.8 302.4 304.3 306.1 309.1 311.3 313.4 315.8 318.1 320.2 321 321.8 322.2 322 321.9 321.5 320.9 320.6 320.7 319.6 319.4 319.2 320.3 320.7 323.2 325.2 325.8 325.7 325.2 324.8 324 322.9 321.8 320.2 318.4 316.5 313.9 310.1 307.6 303.3 300.7 299.3
331.8 328.3 326 325 324.7 324.7 326 327.2 328.8 328.9 330 330.2 329.9 328.7 327.3 325.6 322.9 320.4 317.6 315.7 314.4 313 311 309.5 308 305.4 304.7 303 300.8 298.9 298.7 300 300.2 302.4 303.1 303.7 303.9 303.8 305.5 306.6 308.6 310.3 312.2 314.4 316.6 318.8 320.5 321.1 321.7 321.8 321.7 321.5 321.1 320.9 320.8 320.8 320.6 320.5 320.8 320.6 321.5 324.6 326.3 326.7 326.7 326.3 325.8 324.7 323.6 322.2 320.6 319.1 317.8 316.1 313.3 310.2 306.8 304.6 302.8
335.3 333.2 330.6 329.5 329.1 329.2 330.6 331.9 332.5 332.6 333.2 332.8 331.5 329.7 327.8 325.7 323.4 321.2 318.6 317.3 315.7 314.5 312.4 311.2 309.8 309.4 308.6 306.8 304.5 302 303 303.6 304.5 305.1 305.3 306.1 306.1 305.8 306.3 308.1 309.9 311.7 313.5 315 317.2 319 320 320.9 321.2 321.3 321.3 321.2 320.9 320.6 320.8 320.5 320.4 320.4 320.5 320.7 321.2 324 326 326.8 326.8 326.4 325.7 324.8 324 322.5 320.9 319.6 318.4 316.8 314.4 311 308.9 307.1 305.2
