Assets/StreamingAssets/GeoData/Data/sm/SM93.asc
ncols 200
nrows 200
xllcorner 190000
yllcorner 230000
cellsize 50
[rows 144 to 179 of 200, columns 0 to 81 of 200]
101.3 102.8 104.6 106 107.2 107.9 109.1 109.9 110.8 110.9 111 110.8 110.6 109.9 109.1 107.6 105.5 101.7 96.6 92.1 87.9 84 80.5 77 72.9 68.8 64.3 63.1 64.1 67.5 71.2 74.4 77.3 80.2 84.6 87.7 92.3 95.3 98.3 100.1 101.3 101.4 100.9 99.6 98.4 97.8 98.3 99.2 100.2 100.8 100.9 101 101.2 100.9 100.5 99.6 98.8 97.2 94.9 92.1 88.7 84.7 79.9 74.3 69.4 66.1 62.7 63.1 62.2 61.6 61.6 61.6 61.3 61.6 62.3 66.1 72 76.8 79.1 80.1 81.5 82.7
102.8 104.1 105.5 106.8 108.1 109.2 110.7 111 111.2 111.2 111.7 111.9 112.2 111.9 111.4 110.3 108.3 105.1 99.8 93.7 88.6 84.2 80.5 76.1 71.9 67.4 63.3 62.2 63.8 66.7 69.8 72.5 75.4 78.7 82.8 86.3 89.3 93.1 95.8 98.1 99.1 99.3 98.8 98.3 97.1 96 95.8 97.1 98.3 99 99.2 99.5 99.6 99.3 98.7 97.7 95.8 94.4 92.5 89.8 86.9 83.8 79.5 72.3 68.6 67 63 62.3 61.9 61.6 61.3 61.2 61.5 63.3 67.5 74.7 78.8 80.8 82.1 83.2 83.8 84.8
103.6 105 106.2 107.5 108.7 109.9 110.5 111 111.3 111.7 112.2 112.7 113.4 113.3 113 112.1 110.2 106.3 101.4 95.4 89.5 84.7 79.9 74.9 70.3 64.6 62.8 62.1 62.8 65.3 67.9 70.6 73.3 76.7 80.7 84.2 87.7 90 93.6 95.4 96.4 96.6 96.5 96.2 95.5 94.1 93.6 94.7 95.4 96.1 96.8 97.6 98.3 97.7 96.6 95.4 93.5 91.6 89.7 87.9 84.8 82 78.1 71.9 67.8 66.1 65.5 62.1 62.1 61.9 61 61.3 65.4 70.1 75.4 79 82 83.8 85 85.3 85.9 86.4
104.7 105.9 107 108.3 109.1 109.8 110.5 110.4 110.4 111.2 111.9 112.6 113.8 114.4 114.1 112.9 111 106.9 101.4 95.3 90 84.8 79.4 73.7 69.3 64.7 62.2 61.9 62.2 63.4 65.8 68.5 71.4 74.7 79.5 81.9 85.5 87.9 91.2 93 93.7 93.6 94.2 94 93.6 92.3 92 92.2 92.9 93.2 94.2 95.5 96.6 96.3 95 93.2 91.4 89.4 87.4 85.3 82.7 80 76.1 69.6 66.7 64 60.8 61.7 61.4 61.3 61.2 63.2 69.3 75.2 79 82.1 84.9 86.7 87.6 87.7 88.1 87.7
105.6 106.7 107.8 108.9 109.6 110.5 109.9 109.9 109.6 110.1 110.4 111.7 112.8 113.8 114.1 113.2 110.8 106.8 101.4 96.4 90.6 84.8 78.4 74.1 71 67 62.8 60.8 61.3 61.5 63.4 65.8 69.7 73.1 79.4 80.9 83.4 85.8 88.1 90 91.2 91.4 91.6 91.7 91.3 90.2 90.1 91.6 90.8 90.8 91.7 93.2 94.5 94.4 93.8 92.3 90.1 87.7 85.7 83 80.4 77.7 74.7 68 65.5 61.7 61.5 63.8 61.9 61.6 61.7 66.4 72.8 79 82.3 85.1 87.7 89 89.5 89.4 89.2 88.9
106.7 107.6 108.7 109.3 110.6 110.9 110.5 108.6 108.5 107.9 107.9 109 110.4 111.4 112.1 111.5 109.3 105.2 100.9 96.8 91.4 85.5 80.2 76.1 72.3 69 65 61.4 60.4 60.8 61.6 63.4 67.2 71.5 74.7 79 81.4 84.5 86 87.5 89 89.4 89.5 89.5 89 89.9 89.2 89.2 88.7 89.3 89.5 90.8 91.9 92.1 91.4 90.3 88.4 86.5 83.8 81.4 78.4 75.6 72.7 67.5 64.2 61.9 61.4 60.9 64.9 60.2 63.1 70.8 77.9 81.8 85.3 87.9 89.9 91.2 91.8 91.1 89.9 89.3
107.9 108.7 109.7 110.5 110.9 111 110.2 108.5 105.9 104.7 104 105.2 106.3 108.2 108.7 108.1 106.2 103.4 99.5 96.7 93.1 88.5 85.1 81.6 77.3 72.8 68.2 62.9 61.2 59.6 60.7 60.8 64.3 69.6 72.5 75.2 77.4 79.9 83.3 84.8 86.8 87.3 86.8 86.7 86.6 86.4 86.6 86.8 87.1 87.5 88.1 88.7 89.4 89.7 89.5 88.3 86.4 84 81.6 79.3 77.7 74 70.8 67.3 63.4 61.9 61.5 61.3 61.4 61.7 63.8 73.6 80 83.5 86.6 89.2 91.9 93.1 93.4 92.8 91.6 90.2
108.9 109.4 109.9 110.5 111 110.4 109 106.7 104.4 100.9 100.3 100.8 101.9 102.5 104 103.6 102.9 101.1 98.8 96.3 94 91.5 88.9 87.1 84.3 80.1 72.7 66.9 61.8 59.1 59.9 60.4 62.3 67.8 70.8 72.7 76.1 78.5 80.8 81.9 84 84.6 85.1 84.7 84.6 83.6 84.5 84.6 85.2 85.7 86.4 87.5 87.6 87.6 87.5 86.7 84.8 82.3 80.3 78.9 75.8 72.5 70.6 67.4 64.4 62.2 60.9 61.3 61.5 63.9 65.9 75.6 80 83.6 87.1 90.1 93 93.9 94.5 93.9 92.8 91.5
108.5 109.2 109.7 110.2 109.9 109 106.6 104 101.4 98.9 95.7 96.5 97.6 98.4 99.4 100 99.7 99 97.9 96.3 94.8 93.3 92.5 90.5 88.2 85.1 81 73.5 64.6 59.4 59 59.9 61.6 66 68.6 71.8 74.3 76.2 78.4 80.4 81.6 82.1 83.1 82.8 82.6 82.1 82.7 82.8 83.6 84.8 86 86.4 86.3 86.3 86.2 84.2 83.2 81.6 80.2 78.9 77 75 72.5 68.5 64.3 61.3 60.7 60.6 60.9 60.9 63.6 74.6 78.9 82.1 85.7 89.5 92.8 94.4 95.4 95.2 94.1 92.2
107.5 108.2 108.9 108.8 108.5 107.1 104.3 101.9 98.4 94.4 90.4 91.3 94.1 95.5 96.2 96.7 96.9 96.7 96.8 96.1 95.5 94.7 93.4 91.5 89.5 87.4 84.4 80 71.3 62.2 59.2 59.5 61 63.9 67.4 70.2 73.1 75.1 76.9 78.9 80.4 80.8 81.6 81.2 80.8 79.9 80.7 82 83.4 84.5 85 85.4 86.1 85.9 85.9 85.9 85.3 84.2 82.8 82.4 81.3 79.2 77.1 74.7 66.5 62.1 60.9 60.6 60 60.9 63.4 65 70.6 77.2 83.1 87.9 92.2 94.8 96.2 96.3 95.8 94.1
106.1 106.8 107.1 106.9 106.2 104.8 101.7 98.1 93.5 89.6 85.4 86.6 89 90.4 91.5 92.8 93.9 94.1 94.4 94.7 94.3 93.8 92.8 91 89.9 88.5 86.9 83.2 75.1 64.1 58.4 59.1 59.8 62.6 65.8 69.1 72.2 74 75.7 77.5 78.9 79.7 79.7 79.1 78.7 78.3 80.1 82.1 83.3 85.1 86.3 87.8 88.8 89.1 89.3 89.4 89.1 88.2 86.6 86.5 85.7 84.4 85.1 83.5 82.4 78.4 71.6 68.3 61.7 60 61.6 63.2 66.5 71.1 79.7 85.6 90.8 94.2 96.2 98.2 97.4 96.4
103.9 104.5 104.5 104.3 102.1 99.3 95.3 90.3 87 83.1 78.8 82.1 85 86.9 88.2 89.5 90.5 91.2 91.8 92.1 92.1 92 90.8 89.5 88.2 87.2 86.2 82.9 75.3 65.5 57.8 58.3 58.9 61.6 64.6 67.4 70.5 72.5 74 75.6 76.7 76.9 76.4 76 76.1 78.6 80.4 82.6 84.9 87.3 89.3 91.2 91.6 92.3 93.1 93.2 92.8 92.9 92.6 92.1 92.4 92.1 91.7 91.2 92.1 90.4 87.6 84.4 68.6 61.1 60.3 61.3 64.2 68.4 77.8 85.8 90.8 95.1 97.7 98.8 99 96
99.4 100.8 99.6 97.9 95.5 92.7 87.2 83.5 79.8 75.5 73.7 77.7 80.5 83.2 84.9 86.2 87.1 87.7 88.3 88.5 88.4 87.5 85.5 82.1 77.3 80 78.5 76.1 71.2 64.6 58 58.3 58.3 59.5 62.3 65 68 70.1 71.7 72.8 73.1 73 73 74.5 77.3 79.4 82.1 84.6 87.3 89.9 91.9 93.5 94.7 95.2 96 96.6 96.3 96.6 97 96.9 97.2 97.4 96.9 96.3 95.5 95 92.8 89.8 76.1 61.2 60.1 63.7 61 68.2 82.7 88 92.3 96.4 99.2 100.5 102.4 98.7
92.4 92.7 91.9 89.3 84.8 80.1 77.4 75.2 73.5 70.2 69 74.2 75.9 79.1 81.2 82.3 83.9 84.1 84 83.7 83 81.6 70.9 63.1 61 61.7 62.9 68 66.1 60.3 57.1 57.6 57.3 58.8 60 62.2 63.8 66.2 68.6 69.3 69.3 70.3 71.9 75.3 78.2 80.8 83.9 86.9 89.6 92.3 94.1 95.4 96.8 97.9 98.5 98.9 99 99.4 99.7 99.6 99.5 99.2 98.6 98 97 95.5 94.1 91.2 80.6 63.5 60.2 60.5 60.3 68.8 84.8 90.1 93.9 97.1 100.2 102.3 102.9 101.8
79.9 77.1 72.9 70 69.2 68.6 69.6 69.1 67.9 65.1 64 66.9 68.6 70.3 73.1 75.4 76.9 77.9 77.7 77.5 75.2 70.1 60.5 57 56.6 56.6 56.6 57.2 57.8 57.4 57.1 57.1 57.4 57.3 59.1 61.4 61.8 64 66.5 66.3 67.7 68.9 72.4 76.2 79.3 82.4 85.6 88.9 91.6 93.4 95.1 96.7 98.1 99 99.8 100.3 100.5 100.4 100.2 100 99.9 99.7 99.2 97.8 96.1 94.7 92.3 88.8 81.3 65.4 60.8 61 60.6 71.5 85.6 91.7 95.3 99 101.8 104.3 102.5 105.3
63 61.8 60.2 60.2 59.7 60 61.2 61.6 61.2 60.7 60.3 60.1 60.3 61 62.3 63 63.3 62.8 64.3 63.9 62.2 60.9 56.9 56.6 56.6 56.5 56.6 57.2 57 57.7 57.3 57.1 57.4 57.7 59 60.2 63.3 67.9 69.6 69.2 69.3 71.6 73.8 77.2 80.4 83.4 87 89.9 92 94.1 95.8 97.5 98.8 99.6 100.4 100.7 100.6 100 99.5 99.4 99 98.2 97.4 96 94 92.1 88.7 82.8 76.3 65.8 60.4 59.6 64.4 72.8 87 92.9 96.9 99.8 102.6 104.8 106.1 104.5
58.9 58.9 59.7 59.6 59.2 58.7 58.4 58.5 58.6 58.5 58 57.5 57.2 57 57.8 57.3 56.8 57.1 57.8 57.3 56.8 56.7 56.5 56.4 56.4 56.5 56.7 56.7 57.3 57 56.8 56.8 56.5 57.8 58.8 61.7 64.9 69.8 72.3 72.2 72 73.2 75.4 78.2 81.4 84.3 87.2 89.9 92.1 94.6 96.4 97.9 99.1 99.9 100.4 100.1 99.5 98.8 98.4 97.8 97.1 96.2 94.9 92.8 90.8 88.3 84 76.8 72.1 64 60.2 60.4 62.6 68.6 86.2 92.1 97 99.7 102.2 103.3 103.2 101.7
59 59.4 58.8 59.3 58.6 58.4 58.5 58.4 57.5 58.1 57.9 57.5 57.4 57.8 57.7 57.7 57.2 57 56.6 56.9 56.5 56.4 56.2 56.4 56.2 56.1 56.7 56.6 56.6 56.7 56.7 56.6 56.5 57.4 59.1 62.9 66.9 71.3 73.5 75.3 75 75.2 77.2 79.8 82.3 84.8 87.3 89.8 92.2 94.4 95.9 97 97.9 98.6 99.5 98.9 98.2 97.4 96.7 96 95 93.8 91.9 89.8 88.6 84.8 78.5 73 68.4 62.9 60.3 60.1 60.2 70.1 82.7 88.2 94.4 97.3 100.1 100.2 99.5 98.4
58.8 59.1 58.7 59.4 58.8 59.4 58.9 58.4 58.3 58.6 58.7 58.6 58.4 58.2 57.9 58 57.7 57.7 57.7 57.7 57.5 56.9 57 56.6 55.8 56.2 56.5 56.4 56.6 56.4 56.6 56.1 56.7 56.9 59.9 63.1 66.9 71 75.1 76.8 77.3 77.2 79.1 81.2 83.1 85.2 87.6 89.5 91.4 92.9 94.3 95.7 96.4 97 97.7 97.3 96.5 95.7 94.9 93.9 92.5 91 89.3 86.9 84.3 80.7 75.4 70.7 66.3 61.8 60.1 59.4 60.2 71.9 70.8 82 87.5 90.5 94 95.9 95.3 94.2
59 59.2 59.5 60.2 60.9 60.5 59.5 58.9 58.5 59.3 58.4 58.8 58.6 58.8 58.4 58.2 58.1 58.1 58 57.8 57.6 57.5 57.8 57.3 57.2 56.9 57.5 56.9 57 56.5 56.4 56.3 56.6 58 59.9 63 66.1 69.7 72.8 75.8 77.3 78.3 80.2 82.1 83.9 85.4 86.8 88.4 90 90.8 92.3 93.1 94.3 95 95.3 95 94.4 93.4 92.4 91.2 89.3 87.5 85.4 83.7 82.1 77.7 72.9 67.9 63.7 61.3 60.3 59.8 60.1 69.1 73.7 69.8 81.3 83.6 84.8 85.9 88.3 88
60.5 59.5 59.2 59.3 60.9 60.2 59.3 59.3 59.5 58.7 59.6 59.3 58.9 58.5 58.5 58.8 58.8 58.6 58.4 58.6 58.9 58.2 59.2 59.4 59.2 57.9 57.6 56.8 57 56 56.3 56.3 56.6 57.4 58.7 61.8 65.5 70.1 73 75.6 76.9 79.1 81 82.6 84.1 85.4 86.3 87.3 88.3 89.1 89.8 90.8 91.6 92 92.4 92.2 91.7 90.7 89.5 88.1 86.2 84.4 82.3 80.5 77.6 73.1 68.2 64.9 61.3 60.4 59.8 59.8 60.4 63.4 67.2 69.8 70.2 69.5 69.6 71.3 70.8 71.8
64.6 61.3 59.8 59.8 59.8 59.8 59.3 59.4 59.4 60.1 60.4 59.9 58.8 58.8 58.8 58.8 59.2 59.2 60.5 61.1 60.1 59.9 60.6 61.3 60.4 59.3 58.3 56.5 56.6 57.7 55.8 56.3 55.9 56.4 56.9 58.9 64.5 68.7 72.7 72.7 76.1 78.9 81.3 82.4 83.4 84.3 85 85.7 86.2 86.7 87.3 87.6 88.2 88.9 89 88.6 88.5 87.4 86.1 85 83.4 81.6 79.6 77.3 74.4 70.1 65.7 61.8 60.2 60.5 60.2 60 62 61.4 61.6 62.2 62.1 65.4 61.6 61.5 63.9 63.7
68.6 65.7 63.5 62.8 61.8 60.6 60.4 62.4 63.1 62.6 61.5 61 60.7 60.7 60.7 63.5 65.5 64.3 63.5 65.9 66.9 64.5 64.2 64.4 62.2 61.9 60.7 58.5 57.1 56.8 56.8 57.2 55.6 56.2 56.4 57.1 64.2 68.8 70.8 71.3 74.7 78.4 80.2 81.4 82.1 82.9 83 83.1 83.1 83.5 83.9 84.1 84.5 84.9 85.4 85.7 85.5 84.5 83.1 82.3 80.7 78.8 76.4 73.8 70.4 65.7 61.8 60.2 60.6 60.6 60.1 60.3 64.4 61.2 61.8 61.7 61.9 71.4 63 62.3 63.2 63.6
71 68.4 70 65.9 64.3 64.9 72.9 70 69.9 70.3 70.6 66.5 67.7 68.6 68.4 68.8 68.9 66.9 66.7 68.4 69.6 70.6 69.2 69.4 69.8 66.8 65.7 62 59.8 57.4 56.8 57.1 56.8 55.8 55.9 61.2 65.6 69.3 69.2 69.6 73.3 77 79.2 79.2 79.8 80.4 80.8 80.9 80.7 80.5 80.6 81 81.8 81.6 82.6 82.7 82.5 81.4 80.6 78.3 77.1 75.3 73 70.6 67 62 60 60.1 60.9 60.7 59.6 60.3 61.4 61.5 61.9 62.1 62.6 63.3 72 62.8 63.7 63.8
69.9 69.9 69.4 68.4 68 69.5 73.2 71.4 70.4 70.2 70.8 69.3 68.4 70.5 71.9 70.9 69.6 68.3 68.6 69.8 71 73.1 73.9 72.2 76.9 75.2 75.4 71.5 69.9 65.3 59.7 57.1 56.3 56.3 56.4 61 66.3 68.7 69.4 68.3 72.1 75.1 77.1 78.3 77.5 77.8 78.4 78.5 78.4 78.5 78.4 78.3 79.3 79.8 80 80.3 79.9 78.9 78.1 75.9 74.2 72.5 70.9 67.4 64 60.1 59.5 60.2 60.9 60.5 59.1 60.8 60.5 61.3 61.8 62.1 62.3 62.9 71.2 64.4 64.8 65.3
71 71 71.8 70.8 69.9 71.2 72.7 72.9 72.1 71.8 71.1 70.6 70.1 69.8 70.3 70.7 70.5 69.5 69.7 70.2 71.8 73.7 75.1 76 76.9 77.1 76.3 74.2 74.1 71.3 64.4 59.1 57.6 57.1 55.4 58 64.5 65.6 66.8 67.5 71.7 74 76 76.4 75.6 75.2 75.7 76 75.6 75.3 75.5 75.8 76.5 77.1 76.9 78.5 78.1 77.3 75.2 73.9 71.4 69.8 67.7 64.8 60.7 60.3 59.7 59.7 60.5 58.6 59.8 63.8 60.4 60.8 61.7 62.3 62.3 62.7 63.8 74 65.6 66.1
73.6 73.9 73.8 73.3 73.4 74.8 75.2 75.5 75 74.4 73.6 72.9 71.8 71 70.7 71.2 71.3 70.7 70.8 71.2 73.6 76.3 76.9 77.3 75.9 75.3 75.2 73.9 72.4 70.4 65.4 60.1 56.9 57.1 56.2 57.3 62.6 63.2 64.8 65.8 68.3 71.3 72.7 73.5 73.1 73.1 73.6 73.4 73 72.6 72.7 73.3 74.1 75.2 76.2 77.6 78 77.3 74 71.4 68.2 66.7 63.6 60.5 59.9 60.6 59.7 59.1 59.4 59.4 60 60.5 61 61.2 61.6 62.6 62.4 62.9 64.4 75.6 68.4 67.3
78.8 79.1 78.2 77.7 78.7 80.3 79.7 80 78.2 77.6 75.9 74.2 73.6 72.8 71.9 71.4 71.3 70.9 70.9 71.1 72.1 74.5 74.5 74.5 73.7 73.1 72.9 71.8 70.1 67.7 61.6 58.2 56.8 57.5 57.4 57.3 60.8 61.5 61.7 63.2 65.3 67.5 69.5 70.7 71.2 71.6 71 71.2 70.8 70.3 70.3 71.1 72.4 73.7 76 77.6 78.7 78.7 73.8 70.3 66.9 63.1 60.7 59 59.3 59.9 58.7 59.6 59.8 60 62 61 61 62 62 63.7 65.2 67.2 67.6 75.3 69.9 69.7
83.3 83.1 83 83.6 84.8 85.9 86.6 86.3 84.8 81.4 79.4 76.9 75.9 74.4 72.9 71.5 70.7 69.9 70.1 70.1 70.7 71 71.2 71.4 71.1 71.1 69.9 69.3 67.1 61.5 58.6 57.2 56.4 56.2 56 56 58.4 59.7 59.7 61.1 63.4 65.5 66.8 68.8 69.3 69 67.3 65.9 67.5 67.3 67.6 68.9 71.2 73.3 75.3 77.5 79.2 79.2 75.2 69.1 62.8 60.8 59.4 59 57.2 58.4 59.5 59.8 60.3 63.6 61.1 61.4 63.2 65 66.6 67.9 69.4 70.5 70.4 71.6 71.6 71.6
88.5 88.3 88.7 89.3 89.4 90.6 90.1 88.2 87.5 84.1 81.6 79.4 76.4 74.9 73.4 71.9 70.7 69.4 69 68.8 68.5 68.8 68.9 68.9 69.2 69.1 68.6 67.7 66.4 61.3 57.7 57.4 56.7 56.3 56.4 55.4 57.3 58 58.5 59.2 60.5 62.1 64.2 66 64.5 62.6 61.4 60.7 61.7 63.1 65 68.1 71.1 73.4 75.4 77.4 77.9 76.4 72.3 62.4 58 58.6 58.1 59 59.4 59.3 59 59.8 60.4 60.6 61.4 61.9 64.4 66.5 69.2 71.6 73.3 73 72.8 73.1 73.8 73.8
93.9 93.4 92.7 93 92.7 92.4 91.9 90 88.7 85.6 83.5 80.4 77.4 75.2 73.2 72.1 70.6 69.2 68.1 66.6 65.6 65.8 66 66 66.7 66.7 66.8 66.4 64.7 59.8 57.7 57.2 56.9 57.5 56.9 55.9 55.2 56.5 56.2 57.6 58.8 59.4 59.6 60.4 59 58.4 57.8 57.6 57 58.4 63.6 67.2 69.1 71.8 74.2 76.2 77.1 75.5 69 57.7 56.8 58.1 58.4 58.7 59.3 59.1 59.4 60.3 60.5 61.3 61.6 63 62.4 65.9 70.2 73.2 75.2 74.7 74.1 74.6 80.2 76.1
100.9 99.2 97.5 96.3 95.6 94.7 93.9 91.8 90.9 88.3 86.1 82.6 78.8 75.6 73.7 72.1 70.5 69 67.7 66 64.1 63.3 62.7 62.2 62.5 62.6 62.7 61.9 59 57.8 57.4 57.9 57.8 56.8 55.5 55.7 54.7 55.9 55.8 57 56.8 56.3 56.9 56.3 54.3 54.3 54.3 54.3 54.3 55.5 58 61.4 66.9 69.1 71.1 72 72.9 70.1 60.4 57.7 58.2 58.7 57.7 58.3 58.8 60.6 62.5 70 69.6 65.9 63.9 63.2 63.8 63.7 68.1 72.6 74.5 75.2 74.5 75.9 80.7 78.9
103.9 102.6 101.3 100 98.1 97.1 95.7 94.5 92.8 91.3 89.4 87.1 82 78.2 76 72.7 70.9 69.2 67.4 65.9 63.5 61.9 61.3 60.1 59.5 58.7 58.5 58.8 58.1 58.6 60.2 61.7 62.1 60.4 58 56 56 56 56.5 56 56.3 54.9 55.8 54.7 54.3 54.3 54.3 54.3 54.3 54.3 54.6 58.8 65.4 67 68 66 62.6 60.2 56.9 57.6 58.3 58.3 57.5 58.3 61.3 70.4 72.4 73.3 71.7 75.4 73.5 68.5 66.6 64.7 65.3 68.4 71.9 72.9 74.5 76.1 79.5 82.9
105.1 104.1 102.7 101.2 100.2 98.7 97.1 95.6 94.1 92.2 90.1 88.1 85.3 81.5 78.2 74.8 72 70.1 67.8 65.1 62.8 61.4 60.5 60.2 59.7 59.1 59.1 59 58.9 60.3 62.6 64.7 67.2 70.6 66 60.2 56.6 54.8 56.9 56.5 55.9 56.1 56.7 56 54.3 55.6 54.6 54.3 54.3 54.3 54.3 57.7 64.7 66 64.8 60.5 57.3 56.4 57.8 58.8 58.4 58.3 58.2 62.5 69.4 70.9 72.8 73 73.3 78 77.2 73.5 70.2 67.8 66.6 67.4 68.7 71 74.4 76.3 81.6 85.1
105.4 104.7 103.5 102.6 101.3 99.8 98 96.5 94.9 92.8 90.7 88.5 87.1 83 79.4 75.9 72.5 69 65.6 63.3 62.7 61.8 61.3 60.6 59.9 59.8 59.5 59.1 58.8 60.8 63.1 65.4 68.3 69.5 68.3 64.9 58.8 56.6 54.9 55.3 55.3 55.3 55 58.1 55 57.3 56.3 54.3 54.3 54.3 54.3 57.1 64.5 65.1 63.5 56.3 56.8 58.1 58.5 57.8 57.6 58.8 62.9 67.8 69.1 71.6 72 71.4 73.2 76.3 76.3 73.7 71.5 69.4 67.8 68.1 69.4 71.1 73.2 76.4 81.5 85.1
104.4 104.3 103.6 102.7 101.6 100.3 98.7 97.2 95.4 93.2 91 88.8 86 83 79.8 76.6 71.9 68.2 65.1 63.6 62.6 62.7 61.7 61.1 60.6 59.9 59.6 59.3 59.2 60.8 62.8 64.9 65.8 66.8 66.4 65.1 61.3 57.6 55.9 55.6 54.9 54.2 56.5 56.2 55.8 57.7 56.9 55.7 54.3 56.8 56.9 57.6 59.2 62.7 56.8 57 57.8 57.9 58.4 57.8 58.1 63.5 67.5 66.6 70.3 70.4 70.3 70.5 72.1 73.7 74 72.8 70.3 68.9 68.8 69.2 70.1 71.6 73.3 76.4 79.5 84
