Game/Highland_Data/StreamingAssets/GeoData/Data/nn/NN01.asc
ncols 200
nrows 200
xllcorner 200000
yllcorner 710000
cellsize 50
[rows 35 to 69 of 200, columns 0 to 78 of 200]
101.8 91.6 87.8 73.6 67.3 56.4 36.7 32.7 32.7 32.7 32.7 32.7 32.7 32.7 32.7 32.7 32.7 32.7 32.7 32.7 32.7 37.1 69 100.2 120.8 143.6 156.1 167.7 178.8 170.5 178.2 184.8 194.3 200.4 200.4 213.5 228.7 236.1 241 238.8 237.4 226.4 219.5 218 218.2 229.6 234.2 236.4 243 250.7 257.1 270.2 295.3 310.5 325 340.9 338.3 342.2 347.9 349.2 340.1 334.3 328.1 318.6 318.1 325 328.8 328.5 325.1 333.9 335 334.3 333.5 337.2 348 359.9 368.2 371.5 372.5
101.9 97.2 73.4 68.1 60.8 50.9 34 32.7 32.7 32.7 32.7 32.7 32.7 32.7 32.7 32.7 32.7 32.7 32.7 32.7 39.8 51 74.1 86.6 120.1 151.2 169.4 170.5 167.4 178.3 190.3 201.6 210.9 216 213.9 220.9 233.2 244.5 246 242.7 231.9 223.7 222.6 217.7 220.4 231.5 238.1 247.4 247.2 252 256.9 283.1 300.4 316.1 320.9 326.2 333.8 342 340.6 337 330.5 328 318.9 309 315.9 325.5 322.7 321.8 333 337.6 340 335.3 334.9 336.5 350.1 361.6 369.8 381.1 380.5
97.5 80.6 66.3 59.5 52 49.7 32.7 32.7 32.7 32.7 32.7 32.7 32.7 32.7 32.7 32.7 32.7 32.7 32.7 33.2 55.2 74.1 81.3 89.2 119.9 148 155.5 164.8 173.2 186.3 199.2 216.3 213.9 219.5 222.9 226.3 241.2 241.2 235.3 229.5 225.4 222.3 218.1 218 224.9 234.1 244.2 249.3 255.6 258.1 271.6 289.4 293.9 298.5 306.9 320.9 333 333.3 330.2 327.2 319 322.5 312 307.6 310.1 322 328.7 331.8 336.8 337.7 341.2 343.8 341.9 348.1 353.6 365.3 380.2 378.8 377.7
80.6 67.6 58.9 57.9 53.6 44.1 32.7 32.7 32.7 32.7 32.7 32.7 32.7 32.7 32.7 32.7 32.7 32.7 32.7 42.9 65.7 85.8 97 90.8 106 130.2 154.2 165.5 181.7 197.2 209 206.4 214.9 229.8 229.1 228.2 233.6 228.8 232.1 229.9 222.7 214.5 218.2 219.4 227 237.6 244.1 248.9 256.7 263.6 276 279 286.3 294.8 307 312.3 312.4 324.8 319.4 311.4 309.9 313.2 312.1 305.7 305.4 312.5 326.2 332.2 333.9 339.2 348.4 348.2 346.4 351.4 355.8 376.3 383.8 379.2 378.2
76.2 71.5 57.3 57.8 46.1 32.7 32.7 32.7 32.7 32.7 32.7 32.7 32.7 32.7 32.7 32.7 32.7 32.7 32.7 48.5 76.4 92.9 89.8 85.1 97.4 121.9 158.5 176.8 192.2 204.3 202.5 203.3 223.5 227.7 227.8 216.7 219.2 226.5 223.1 215.3 209.7 211.7 216.1 219 231.1 244.8 245.6 241.6 243.6 253.2 263.1 274.7 284.7 291 290.8 293.4 307.8 306.1 300.5 303.5 307.8 310 300.4 306.5 309.2 314.1 322.3 328.4 336.8 346.3 353.5 355.8 349.5 352.8 363.6 373.4 379.6 381.7 375.6
78.5 66 55.3 51.6 37.3 32.7 32.7 32.7 32.7 32.7 32.7 32.7 32.7 32.7 32.7 32.7 32.7 32.7 36.5 53.6 73.9 84.3 79.7 95.8 101.2 114.1 150.4 185.4 199.3 205.8 190.7 210.2 221.3 219.2 214 205.2 213.9 211.4 205.7 199.7 204.7 214.7 218.8 223.8 234.2 240.9 237.9 237.1 247.4 248.7 258.4 276.8 281.3 273.6 281.4 284.4 291.5 292.3 291.9 299.3 302.9 298.3 306.4 322.9 323.5 324.6 328.2 332.2 340.9 352.2 358.2 360.1 360.6 366.8 376.9 382.1 385.2 384 374.3
75.7 57.9 50.6 40.4 32.7 32.7 32.7 32.7 32.7 32.7 32.7 32.7 32.7 32.7 32.7 32.7 32.7 32.7 38.4 51.5 65.2 71.2 86.6 99.1 111 120.2 127.2 158.9 194 180.1 191.5 211.4 207.3 206.5 197.7 195.9 196.9 192.7 184.2 194.6 200.5 209.1 222.5 232.8 238.9 232.9 235.4 238.5 247.2 251.6 261.8 269.8 264 277.4 283.3 291.6 293.7 286 284.3 287.2 291.4 302.8 314.4 319.3 325.8 330.7 329.6 340.5 353.1 359.9 365.1 366.1 370.2 378.7 385.9 384.7 384.7 375.7 373.6
59.8 49.1 40.2 32.7 32.7 32.7 32.7 32.7 32.7 32.7 32.7 32.7 32.7 32.7 32.7 32.7 32.7 32.7 37.2 45.5 61.7 78.7 89.5 108.8 113.3 123.6 144.6 153.5 168.4 173.8 190.8 196.2 188.9 191.6 188.4 179.3 177.2 169.7 179.5 185 198.4 212.7 215.3 221 229.1 233.6 238.6 243.8 255.6 257 250.9 258.4 275.5 284.4 292.3 294.3 283.5 279 286 290.4 296.4 309 319 331.3 330.5 334.7 340.3 343.9 348.7 368.9 370.3 368.8 373.2 381.5 383.7 380.5 373.3 374.2 378.6
49 41.1 32.7 32.7 32.7 32.7 32.7 32.7 32.7 32.7 32.7 32.7 32.7 32.7 32.7 32.7 32.7 32.7 35.9 52.6 65.1 82.4 94.9 105.3 114.8 134 147.6 136.7 150.3 161.7 169.4 178.7 187 184.2 169.5 162.2 157.4 173.1 186.6 197.4 203.8 217.2 221.4 225.8 227.9 235.7 245.6 257.3 254.9 246.3 262.3 282.7 286.9 294.4 288.2 278.3 278.2 280.6 288.4 295.7 304.4 317.3 333.2 343.1 348.3 353.5 351.8 351.7 347 358.3 361.4 362.3 365.5 371.9 376.2 371.2 372.9 374.8 377.6
44.7 34.9 32.7 32.7 32.7 32.7 32.7 32.7 32.7 32.7 32.7 32.7 32.7 32.7 32.7 32.7 32.7 32.7 39 50.9 69.9 81.7 97.3 97.1 107.7 116.9 119.2 118.4 132.5 141 156.6 169.6 180.2 169.6 155 146.6 161.1 176.6 185.7 201.1 213.6 222.9 229 231.7 234.9 242.9 249.5 244.7 249.1 266.3 281.7 286.8 286 284.3 276.5 277.2 282.2 280.9 291.6 298.9 312.9 341 357.8 371.1 372.7 368.5 362.1 359 360.4 361.1 364.5 369.9 371.6 371.9 371.4 372.7 373.5 376.6 379.4
40.8 36.2 32.7 32.7 32.7 32.7 32.7 32.7 32.7 32.7 32.7 32.7 32.7 32.7 32.7 32.7 32.7 37.4 42.4 49.9 63.1 78 83.9 92.3 97.9 105.6 104.1 110 118.1 135.1 151.5 151.9 150.5 145.2 138.3 149.8 163 180.5 201.4 215.2 220 227.6 237.2 239 247.2 237.2 237.7 253.8 269.6 281.5 282.3 283.8 286.1 280.2 274.3 276.6 283.4 283 291.1 319.5 335.4 354.6 375.2 386.7 391.2 385.7 378.1 372.1 372.2 372.5 375 377.9 376.1 375.2 374.8 377.4 388.3 393.2 397.7
41.3 38.2 32.7 35.2 32.7 32.7 32.7 32.7 32.7 32.7 32.7 32.7 32.7 32.7 32.7 32.7 35.3 42.8 46.8 52.8 62.1 72.8 84 90.5 93 96.4 97.4 105.4 109.8 120.4 127.2 135.2 131.2 132.9 140.6 155 176.4 195 206.8 211.8 221.2 231.1 239.9 238.8 222.3 240.4 259.6 267.7 274.2 278.3 278 284.4 278.5 267.2 268.5 283.7 287.1 288.7 306.3 326.8 343.7 363.3 378.5 400.8 404.8 397.4 393.4 384.3 383.1 381 382.4 384.9 378.1 381.7 385 393.5 398.1 402.5 400.7
40.9 39.3 38.4 35 32.7 32.7 32.7 32.7 32.7 32.7 32.7 32.7 32.7 32.7 32.7 32.7 32.7 44.2 50.4 56.6 69.1 74.8 85.9 87.9 84 91 97.5 101.4 102.9 113.7 120 124.7 131 135.5 144.9 156.6 182.7 194 200.2 211.4 221.8 232.5 212.3 220.6 235.3 256.4 263.6 271.6 274.7 277 272.5 266.6 259.2 262.4 275.8 286.8 294.4 301.2 323.8 339.8 349.7 364.7 381.5 398.2 404.5 399.8 391.8 391.4 388.3 386.6 385.7 386 389 390 392.8 395.4 400.9 403.4 402.7
40.3 39.5 38.2 35 32.7 32.7 32.7 32.7 32.7 32.7 32.7 32.7 32.7 32.7 32.7 32.7 38 44.9 51.3 57.6 69.9 74.2 79.1 79.1 82 87.6 94.9 96.4 98.2 100.8 117.9 125.4 127.6 139.3 147.6 157.8 175.8 193.9 203.9 210.9 205.8 201.1 216.9 232.6 245.8 258.9 266.3 271.5 273 270.6 260.1 253.8 249.3 262.4 278.1 296.2 295 315.3 337.6 345.7 356.9 371.5 384.1 392.8 393.4 393.5 392.7 394.7 389.4 388.9 390.8 392 393.6 397.4 398.9 401.7 399 404.2 413.1
40 39 37.9 34.8 32.7 32.7 32.7 32.7 32.7 32.7 32.7 32.7 32.7 32.7 32.7 32.7 39.1 45.4 52 61.5 68.7 75.8 73.2 76.9 76.3 85.1 91 89 97.5 104.7 112.1 112.1 130.4 144.1 146.4 156.1 168 188.8 190.7 188.6 202.5 214.9 232.6 251.2 261.8 263.5 263.4 266.1 262.6 249.9 245.8 248.4 251.2 267.3 295.5 289.8 303.7 327.7 343.1 346.3 348.9 364.8 383.2 388.6 386.6 388.1 389.4 390 391 394.4 395.2 394.9 397.8 401.4 397.8 397.8 398.9 409.8 419.3
39.8 38.7 37.3 34.6 32.7 32.7 32.7 32.7 32.7 32.7 32.7 32.7 32.7 32.7 32.7 32.7 43 49.2 55.2 64 66.2 66 67.5 71 78.1 82.3 79.8 90 97.3 104 106.9 121.4 136.3 141.3 144.5 149.8 160 176.1 186.5 200.3 208.3 219.7 238.5 252 259.8 255.1 248.9 248.8 238.8 240.9 239.8 241.4 255.7 287.6 291.9 292.5 316 334.5 347.1 348 349.4 369.9 379.3 381.2 385.5 389.7 390.8 390.8 394.6 401.3 405.1 401.7 399.7 401.4 397.8 397.8 397.8 417.9 429
39.5 38.4 37.3 36.8 32.7 32.7 32.7 32.7 32.7 32.7 32.7 32.7 32.7 32.7 32.7 32.7 42.1 52.7 56.6 62.4 59.4 61.9 63.7 65 76.2 82.5 82.8 95.7 102.4 103.6 114.6 122.7 130.7 132.2 136.1 150.4 161.8 172.3 192.7 203.2 213.2 226.9 239.6 244.7 242 235.2 235.7 231.1 237.5 234.9 234.9 244.1 279.3 284.8 284.1 295.6 321.3 340 349.9 350 363.4 371.5 375 384.4 390.2 393.7 395 400 404.2 411.2 412 398.8 399.4 406.4 402.2 399.4 411.9 428.7 437.2
37.9 37.6 37 36.8 32.7 32.7 32.7 32.7 32.7 32.7 32.7 32.7 32.7 32.7 32.7 32.7 40.3 49.1 53.4 51.6 53.8 57.1 62.2 67.9 72.8 82.7 87.2 95.5 100.3 106.4 112.1 118.1 117.9 120.7 136 151.1 164 173.5 187.6 199.9 213.5 224.8 231.7 227.8 222.5 222.8 224.6 230.3 230.5 235.5 239.9 258 273.2 279.1 288.4 297.1 310.9 333.9 346.4 361.2 369.8 373.3 380.2 388.3 397.6 400.1 405.6 410.1 408.5 407.6 398.8 398.8 402.8 409.3 414.8 418 424.3 433.3 436.9
37.5 37 36.8 36.6 32.7 32.7 32.7 32.7 32.7 32.7 32.7 32.7 32.7 32.7 32.7 38.7 41.7 45.3 47.4 48.7 52.8 55.2 59.2 67 74.1 78.6 84.2 88.4 91 98.1 105.4 103.3 116.7 134.6 145.3 159.5 164.7 174 176.2 191.5 209.8 208.7 205.5 207.7 209.5 212.7 227.4 230.6 234.9 244.9 259.4 270.2 274.3 280.8 295.7 304.6 314.3 334.7 352.2 375.1 380.6 384.5 390.3 402.5 410.9 412.6 410.9 412.6 405.2 398.8 398.8 401.5 411.4 415.8 414.9 417.6 422 433.3 441.2
39.2 37.9 36.9 34.6 32.7 32.7 32.7 32.7 32.7 32.7 32.7 32.7 32.7 32.7 32.7 38.8 41.3 43.4 45.1 46.9 49 55.8 59.7 65.8 72.6 80.1 82 82.5 85.6 94.3 97 108.6 124.4 140.7 147.1 150.8 161.1 167.4 174.8 177.6 181.4 185.3 190.1 196.6 206.8 218.4 227.2 232.5 240.1 252.5 264.9 278.7 279 298.8 314 327.2 340.3 359.8 374.9 389.8 399.7 398.1 403.1 412.2 416.7 412.3 404.2 404 398.8 398.8 401.4 412.7 415.2 417.4 419.6 423.4 428.1 432.2 430
38.5 37.6 35.1 32.7 32.7 32.7 32.7 32.7 32.7 32.7 32.7 32.7 32.7 32.7 32.7 35.3 40.8 43.3 44.7 45.9 47.7 52.9 61.5 69.7 80.1 82.6 86.3 81.3 85.8 92.8 102.7 115 123.6 138.7 143.3 149.4 153.3 153.1 155.1 156.9 167.3 174.5 186.9 205.7 209.9 217.1 223 231.8 243.3 262.4 274.2 285.5 299.1 322.3 341.4 357.8 354.9 365.7 387.2 396.5 397.2 403.1 403.9 402.1 402.3 406.9 406.2 402.3 399 407.3 410.7 411.7 413.3 419.2 425.4 423.8 418.7 422.1 421.6
37.3 35.4 32.7 32.7 32.7 32.7 32.7 32.7 32.7 32.7 32.7 32.7 32.7 32.7 32.7 32.7 39.4 42.3 42.8 44.6 45.3 50.8 59.3 74.1 84 87.2 81.8 80.4 82.3 94.9 108.9 116.2 116.5 123.5 131.1 131.4 130.2 132.8 134.9 151.2 163.4 175.6 187.8 202.7 213.9 219.8 225.2 244.4 264.6 272.7 292.5 300.3 318.5 334.9 353.7 366 362.9 371.1 390.2 390.2 384.1 379.9 389.9 399.3 411.2 414 414.1 406.9 403.5 399.8 400.5 402.7 407.5 413.3 413.3 416.7 416.9 416.7 417.4
32.7 32.7 32.7 32.7 32.7 32.7 32.7 32.7 32.7 32.7 32.7 32.7 32.7 32.7 32.7 32.7 33.8 39.9 40.6 42.5 45.2 52.2 66.7 82.3 83 78.6 70.7 74.7 86.7 101.8 115.3 117.5 111.3 114 114.1 107.5 115.6 130.2 144.7 152.5 166.4 183.4 195.6 207.5 215.7 222.6 239.5 259.7 276.2 278.6 295 306 326.2 341.4 355 360 359.6 370.4 363.8 368.8 371.9 386.9 402.4 411.2 415 418.2 409.7 399.8 399.8 400.7 405.7 413.1 411.9 412.7 416 420.2 417.6 418.1 424.8
32.7 32.7 32.7 32.7 32.7 32.7 32.7 32.7 32.7 32.7 32.7 32.7 32.7 32.7 32.7 32.7 36.8 36.7 37.8 39.6 42.6 51.7 80.7 82.5 69.8 64.3 66.2 77.8 86.2 103.5 111 103.2 99.4 97.3 101.7 117.1 128.1 138.1 148.9 164.6 177.8 187.4 201.7 210.5 219.3 234 257 279.4 291.9 299.4 296.3 308.4 320.8 333.4 342.3 348.5 350 351.4 355.7 367.1 385.1 401.9 413.4 418 417.9 416.4 407.5 408.9 412.2 416.1 419.6 418 416.8 420.5 415.5 417.6 423.6 430.1 431.8
32.7 32.7 32.7 32.7 32.7 32.7 32.7 32.7 32.7 32.7 32.7 32.7 32.7 32.7 32.7 32.7 32.7 36.9 37.1 39.1 44.6 53.4 66.9 60.5 56.7 58.5 68.1 80.5 88.1 93.6 93.8 88.8 88 102.8 111 119.2 129.6 142.8 157.5 171.4 184.7 200.8 205.4 220.3 229 249.1 271.3 281.1 291.4 296.8 298.7 305.4 317.9 332.6 339.7 348.2 353.1 359.1 368.9 384.3 397.7 402.5 415.9 425.1 426.9 420.9 413 417.6 420.6 425 425 417.6 410.7 412.9 420.1 430.3 432.1 434.5 436.4
32.7 32.7 32.7 32.7 32.7 32.7 32.7 32.7 32.7 32.7 32.7 32.7 32.7 32.7 32.7 32.7 37.8 32.7 32.7 40.5 54.4 54.9 51.8 50.5 51 59.9 73.7 78.2 78.4 79.3 77.9 86.7 94.2 105.3 115 123.7 138.1 154.2 178.3 195 200.3 204.7 209.3 232.2 248.2 270.6 283 288.3 289.6 293.9 304.7 315.9 327.7 337.4 349.1 351.9 355.6 370.7 381.1 387.5 397.5 411.6 425.6 434.4 429.9 420.9 420.8 424.5 427.5 421.5 410 413.4 423.3 429.3 439.7 447.6 442.5 438.3 439.6
32.7 32.7 32.7 32.7 32.7 32.7 32.7 32.7 32.7 32.7 32.7 32.7 32.7 32.7 32.7 32.7 34.8 32.7 32.7 38.3 46.5 45.1 44.1 47.2 55.4 62.7 64.5 65.4 64.2 68.5 82.7 90.2 100.7 112.8 124 136.1 154 174.8 200.5 211 199.3 206.1 224.5 242 259.2 269.9 283.8 287.7 291.1 298.8 310.4 320.9 331.7 340.7 346.5 352.9 367.5 386.6 396 405.1 407.3 413.8 425.9 431.3 422.2 419.6 421.1 415.5 410.2 410.7 419 431.4 444.6 447.7 456 459.8 453.9 446.3 458.4
32.7 32.7 32.7 32.7 32.7 32.7 32.7 32.7 32.7 32.7 32.7 32.7 32.7 32.7 32.7 32.7 32.7 32.7 32.7 38.5 41.1 40.3 41.7 45.3 54 55.3 53.9 56.2 68 72.2 80.2 96 108.7 121.4 135.1 152.1 171.4 191.1 203.6 201.7 197 213.5 232.1 251.4 276.4 281.3 289.1 294.6 296.7 303.9 318 332.5 341.1 349.2 354.7 366.6 380.3 390.5 400.3 406.8 418.1 422.7 428.2 423.6 406.6 407.8 404.9 408.8 413.1 419.8 428.3 446 454.5 458.8 450 445.4 441.4 445.2 447.7
32.7 32.7 32.7 32.7 32.7 32.7 32.7 32.7 32.7 32.7 32.7 32.7 32.7 32.7 32.7 32.7 32.7 32.7 32.7 35.9 36.8 38.1 39.7 44 53.3 53.1 52 57.7 64.9 75 88.9 106.2 118.8 130.6 157.4 168.6 179.9 194.6 194.4 192.9 209.5 218.7 240.9 264.8 276.3 282.2 289.5 296.3 304.4 319.7 329.5 342 357.1 363 372.5 375.5 378.6 391.1 403.6 418.6 423.3 426.1 416.3 410.3 403.7 405.6 406.8 408.6 415.2 425.6 434.8 445.8 440.2 438.2 440.2 442.2 445.7 444.6 441.9
32.7 32.7 32.7 32.7 32.7 32.7 32.7 32.7 32.7 32.7 32.7 32.7 32.7 32.7 32.7 32.7 32.7 32.7 32.7 32.7 32.7 37.1 39.8 45 51.6 49.3 51.2 57.6 72 89.5 110.8 122.4 129.1 147.1 163.9 172 180.4 180.2 184 205.3 212 226.6 250.8 265 277.5 285.9 287.9 305.4 316.1 321.6 333.2 347.8 361.1 372.9 376.6 377.8 385 401.3 417.6 414.7 416.9 418.9 420.1 406.3 399.8 399.4 404.2 411.5 419.1 425.5 422.6 430.8 435.7 441 448.4 454.7 458.6 456 443.6
32.7 32.7 32.7 32.7 32.7 32.7 32.7 32.7 32.7 32.7 32.7 32.7 32.7 32.7 32.7 32.7 32.7 32.7 32.7 32.7 34.7 38.3 42.4 43.6 46.1 45.7 53.9 69.3 97.8 106.9 124.5 126.4 141.3 154.4 161 167.5 173.9 176.2 195.6 205 218.4 234.9 251.3 263.9 271.4 275.5 290 302.1 318.6 330.9 346.6 355.5 360.5 368.8 375.3 372.5 380.5 389.3 407 408.5 406.8 409.1 394 396.6 394.1 401.8 409 414.9 419.5 423.2 429.9 435.8 445 451.1 462.7 470.9 466 457.7 449.8
32.7 32.7 32.7 32.7 32.7 32.7 32.7 32.7 32.7 32.7 32.7 32.7 32.7 32.7 32.7 32.7 32.7 32.7 32.7 32.7 35.4 37.1 38.2 39.5 43.6 53.1 67.5 83.6 96.8 114.3 119.5 133.3 145 152 158.5 164.6 169.2 189.2 198.2 209.2 219.3 233.3 245.1 253.6 259.5 268.7 286.4 307.5 331.7 350.1 360.5 363.7 370.1 377.8 371.9 369.6 372.1 382.2 388.7 392.3 394.1 384.7 387.9 383.9 397.5 407.9 418.7 430 434.1 431.3 434.4 448.7 460.2 466.9 465.4 468.7 460.1 449.9 440.9
32.7 32.7 32.7 32.7 32.7 32.7 32.7 32.7 32.7 32.7 32.7 32.7 32.7 32.7 32.7 32.7 32.7 32.7 32.7 32.7 34.7 35.4 32.7 45.8 50.7 67.1 73.8 86.5 104.3 113 124 133.6 135 146.4 163.3 168.5 181.1 189.8 193.9 204.2 218.8 233.8 240.6 251.1 260 271.9 288.4 316 344 354.4 354.9 356.7 361.9 366.7 373.9 364.5 364 372 380.8 386.6 378.3 377.6 379.2 388 400.4 411.8 420.5 432.2 432.5 433.4 443.6 453.9 459.6 455.2 458 453 448 439.6 428.1
32.7 32.7 32.7 32.7 32.7 32.7 32.7 32.7 32.7 32.7 32.7 32.7 32.7 32.7 32.7 32.7 32.7 32.7 32.7 32.7 33.9 34.7 40.7 50.8 55.6 63 79.5 93 103.7 116.8 117.9 123.2 138.5 152 164.4 171.3 188.1 195.8 204.1 206.3 215 229.8 239 248.6 255.3 274.3 297 321.9 329.9 333 343 353.4 363.9 379.8 372.6 353.9 355.3 370.7 377.6 376.8 379.8 382.5 388.2 395.7 408.1 415.3 416.6 425.5 431.5 436 446.2 450.7 445.1 442.4 440.8 433.7 427 422.5 412.5
32.7 32.7 32.7 32.7 32.7 32.7 32.7 32.7 32.7 32.7 32.7 32.7 32.7 32.7 32.7 32.7 32.7 32.7 32.7 32.7 35.5 34.4 48.3 50.3 54.9 62.4 77.6 92.8 102.4 106.2 121.6 129.6 142.3 152 159.6 180.2 188.1 190.6 193.6 206.9 216.6 222.5 235.8 245.4 260.9 284.1 291.8 305.5 325.5 343.5 355.5 364.3 367.1 365.3 353.9 341.3 359 362.8 357.4 370.3 381.5 393 402.1 408.9 417.8 428.3 432 430 430.8 438.5 439 429 424.3 421.1 420.1 419.2 420 416.4 405.1
