Game/Highland_Data/StreamingAssets/GeoData/Data/nn/NN02.asc
ncols 200
nrows 200
xllcorner 200000
yllcorner 720000
cellsize 50
[rows 105 to 139 of 200, columns 0 to 78 of 200]
200.7 200.7 200.7 200.7 200.7 200.7 200.7 200.7 200.7 200.7 200.7 200.7 209.6 217.3 218.1 216.5 212.8 209 207.8 202.9 202.9 202.9 202.9 209.3 217.2 219.2 221.7 221.1 218.2 217.7 212 204.4 200.2 200.6 192.3 192.2 183.3 183.4 184.5 186.9 193.1 199.4 202.5 205.9 210.1 219.3 235.1 255 258 248.1 234.5 231.4 228.1 225.9 224.3 222.9 221.1 216.9 207.1 197 187.2 177.6 174.7 168.2 159.9 156.4 158.3 157.3 149.9 145.8 139.1 134.6 130 127.8 122.8 121.2 119.6 118.3 118.5
200.7 200.7 200.7 200.7 200.7 200.7 200.7 200.7 200.7 200.7 200.7 203.2 200.7 209.3 200.7 200.7 200.7 200.7 200.7 202.9 202.9 202.9 205.3 220.6 221.7 222.1 224.8 226.3 220.8 211.4 204 200.6 201.7 197.4 188 183.3 183.3 183.3 183.3 183.3 184.2 189.7 192.4 198.2 206 213.5 222.9 237.5 243.5 234.9 232.2 227.6 225.6 219.3 224 222.9 220.3 213.9 203.9 192.4 183.3 176.9 170.3 164.8 160.9 161 161.1 161.1 157.6 154.8 149.5 144.8 139.3 132.8 126.5 122.2 119.6 119.2 118.4
200.7 200.7 200.7 200.7 200.7 200.7 200.7 200.7 200.7 200.7 200.7 200.7 200.7 200.7 200.7 200.7 200.7 200.7 200.7 210.2 209.8 211 219.4 224.2 223.1 222.8 223.3 219.4 218.4 213.1 201.5 199.3 198.6 189.6 183.3 183.3 183.3 183.3 183.3 183.3 183.3 184.1 191.5 197.5 198.6 204.5 213.7 227 231.5 230.6 227.6 220.6 212.1 214.7 220.2 223.3 219.5 209.1 198.3 187.1 182.8 175.8 169.3 167.5 168.5 167.4 167.5 168.3 167.8 165.1 162.2 160.3 147.8 133.2 128.8 124.9 121 119.9 118
200.7 200.7 200.7 200.7 200.7 200.7 200.7 200.7 200.7 200.7 200.7 200.7 206.7 208.3 200.8 200.7 200.7 200.7 204.4 207.9 212.4 220.1 222.9 225.9 227.3 224.4 218 218.6 216.7 210.3 203.5 200.2 190.8 183.3 183.3 183.3 183.3 183.3 183.3 183.3 183.3 183.3 189.4 192.8 196.5 203.9 206.6 214.6 221.1 219.8 209.5 202.8 206.9 211.8 215.9 218.1 214.5 207.5 192.6 184.9 178.6 174.7 171.1 172.7 170.8 171.4 173.2 173.8 171.6 169.2 168.9 162.8 148.6 136.3 129.3 132.1 127 123.5 119.8
200.7 200.7 200.7 200.7 200.7 200.7 200.7 200.7 200.7 200.7 200.7 200.7 210.1 212.6 211.7 203.3 200.7 200.7 200.7 204.6 211.8 217.2 222.3 227.5 230.4 224.8 216.1 217.7 217.4 208.8 203.7 200.1 186.9 183.3 183.3 183.3 183.3 183.3 183.3 183.3 183.3 183.3 186.8 192.4 197 201.6 200.7 201.7 202.7 200.1 194.3 198.1 202.3 207.2 210.3 207.9 200.6 195.1 186.5 179.2 173.7 170.8 168.8 171.7 166.2 169.3 173.1 176.6 177.6 175.9 171.1 164.3 159.2 140.3 140.4 139.1 134.9 128.6 122.8
200.7 200.7 200.7 200.7 200.7 200.7 200.7 200.7 200.7 200.7 200.7 206 212.7 213.9 214.3 206.6 200.7 200.7 200.7 202.9 209 214.5 219.8 225.2 225.6 221.6 212.9 214.7 209.5 201.8 198.9 191.3 183.3 183.3 183.3 183.3 183.3 183.3 183.3 183.3 183.3 183.3 183.3 189.5 194.3 196.3 194.3 193.3 192.6 193.1 191.3 198.2 202.1 204.2 201.2 198.1 191.3 184.4 174.9 170.8 168.3 168.4 164.9 163.7 162.3 163.6 164.8 169.4 169.9 167.5 166.6 165.4 156.1 143.1 145.7 132.6 134.8 132.8 126.3
200.7 200.7 200.7 200.7 200.7 200.7 200.7 200.7 200.7 200.7 203.4 214.4 214 213.5 213 211.6 207.2 204.6 204.9 205.7 205.7 211.8 218.7 223.9 223.8 220.3 209.9 205.1 202.7 199.4 196.1 188.6 183.3 183.3 183.3 183.3 183.3 183.3 183.3 183.3 183.3 189.4 183.3 183.3 183.5 186.7 188 187.2 191.5 189.9 192.2 195.6 201.4 199 194.1 187.4 180.2 174.4 168.1 166 163.8 162.5 159.9 159.7 159.9 160.7 159.1 161.3 159.7 158.6 158.8 156.3 151.4 140.2 145.2 135.7 136.9 133.5 126.3
200.7 200.7 200.7 200.7 200.7 200.7 200.7 200.7 200.7 200.7 209.8 213.5 214.6 216.4 215.3 213 210.4 209.8 208.7 209.8 206.5 208.3 214.4 218.7 217.3 214.5 206.9 203.2 201.2 199.6 190.8 183.3 183.3 183.3 183.3 183.3 183.3 183.3 183.3 183.3 189.6 194 192.5 191.9 189.9 185.5 183.2 183.2 187.4 187.8 187.8 189.3 190 189.9 188 184.4 174.8 167.9 164.5 162.9 161.7 161.5 160.4 162.9 156.6 154.6 153.8 151.7 148.3 151 149.5 147.6 144 145.3 144.8 141.3 136.7 132.2 126.1
200.7 200.7 200.7 200.7 200.7 200.7 200.7 200.7 200.7 201.6 210.1 212.8 216.7 218.2 217.3 215.4 213.8 216 219.9 213.4 210.4 209.5 210.5 213.5 213.6 204.9 203.3 202.4 196.8 189.3 183.3 183.3 183.3 183.3 183.3 183.3 183.3 183.3 183.3 189.5 190.2 192.4 193.2 197.6 192.1 190.5 183.2 183.2 183.2 185.3 186.8 187.2 188 184.6 182.9 180.9 181.6 181.6 177.6 171.5 164.3 162 163.8 167.1 168.1 165.1 163 155.4 152.5 148.4 146.2 146.1 145.5 144.4 142.8 139 134.3 129.6 123.6
200.7 200.7 200.7 200.7 200.7 200.7 200.7 200.7 200.7 200.7 200.7 212.7 217.2 218 218.2 217.5 217.5 220.7 222.2 214.9 214.5 215.4 215.2 213.7 207.8 203.1 203.5 199.4 191.5 183.3 183.3 183.3 183.3 183.3 183.3 183.3 183.3 183.3 193.2 197.7 192.6 192.6 192.9 191.2 189.1 183.2 183.2 183.2 183.2 183.2 183.2 186 185.1 185.2 191.3 192.8 201.2 206.8 211.4 209.1 182.6 167.4 165.8 174.4 177.7 178.7 176.9 178 162.2 149.1 147.5 148.3 148.2 146.6 142.6 140 131.2 126 120.4
200.7 200.7 200.7 200.7 200.7 200.7 200.7 200.7 200.7 200.7 200.7 211.8 213.5 215.4 215.9 215.4 216.7 218.8 219.9 218.1 219 220.7 219.6 218 211.5 202.8 199.4 196.3 185.7 183.3 183.3 183.3 183.3 183.3 183.3 183.3 183.3 193.2 196.8 194.7 191.3 193 196 185.8 183.2 183.2 183.2 183.2 184.6 183.2 187.1 188 189.2 192.3 198.4 203.5 204.6 205.4 212.6 215 191.8 172.4 167.5 177.4 183.9 182.4 187 188.9 184.5 157.2 150.5 150.2 149.4 147.8 144.1 140.8 133.1 126.9 121.3
200.7 200.7 200.7 200.7 200.7 200.7 200.7 200.7 200.7 200.7 200.7 200.7 200.7 209.9 209.8 211.3 212.1 217.5 217.8 218 219.7 221.7 224.7 223.4 216.1 208.5 205.3 200.3 185.8 183.3 183.3 183.3 183.3 183.3 183.3 183.3 186.2 195.8 194.2 190.5 190.7 192.7 190 186.5 183.2 183.2 183.2 183.2 183.2 183.2 191.2 191.2 191.5 193.7 195.2 195.1 198 202.7 209 207.1 193.1 175.7 169.9 176.9 186.9 183.7 190.6 190.6 180.8 162.6 154.7 151.2 148.7 147.7 145.8 142.3 135.1 127.3 120.8
200.7 200.7 200.7 200.7 200.7 200.7 200.7 200.7 200.7 200.7 200.7 200.7 200.7 200.7 203.6 205.3 207.4 212.1 215.9 216.4 217.6 219.2 220.5 219.3 219.2 217.5 214.7 206.5 190.7 183.3 183.3 183.3 183.3 183.3 183.3 183.3 187.9 188 187.3 190.2 189 188.3 188.5 187.3 183.2 183.2 183.2 183.2 183.2 191 196.6 195.7 192.1 188.8 190.9 191.7 195.9 200.3 200.6 192.7 181.7 172 171.5 174.2 181.7 181.6 187.9 192.9 189.1 169.3 157.2 153.2 148.2 147.1 145.3 143.8 133 125.6 119.7
200.7 200.7 200.7 200.7 200.7 200.7 200.7 200.7 200.7 200.7 200.7 200.7 200.7 200.7 200.7 200.7 200.7 208.6 210.9 212.8 214.3 218.5 222.5 224 225.7 229.9 221.5 205.5 193 190.3 183.6 183.3 183.3 183.3 183.3 183.3 183.3 185 191 194.6 189.3 183.2 189 183.2 183.2 183.2 183.2 183.2 189.3 194.4 195.2 191.2 182.7 182.2 187.4 195.8 201.3 206.3 205.3 186.1 176.5 171.8 169.5 172.2 176.3 176.5 178.2 181.6 167.3 166.7 155.2 152 147 144.6 139.6 136.1 129 121.1 117.2
200.7 200.7 200.7 200.7 200.7 200.7 200.7 200.7 200.7 200.7 200.7 200.7 200.7 200.7 200.7 200.7 201 206.6 209.9 213.7 218.3 222.7 223.2 226.4 228.3 230.3 225.6 214.4 199.5 201 190.3 183.3 183.3 183.3 183.3 183.3 185.6 192 194.2 194.2 183.2 183.2 183.2 183.2 183.2 183.2 183.2 195.1 198.4 200 194.8 182.6 177.9 184.3 190.7 198.3 201.7 202.9 204.2 190 177.5 175.9 168.8 168.7 172.5 167 163.9 161.9 161.2 154.4 150 144.7 143.7 139.9 132.5 126.5 121.7 116.4 117.6
200.7 200.7 200.7 200.7 200.7 200.7 200.7 200.7 200.7 200.7 200.7 200.7 200.7 200.7 200.7 200.7 203.6 207.5 211.5 217.1 221.7 218.9 224.1 228.4 227.9 227.2 222 221.4 205.2 198.9 192.2 183.3 183.3 183.3 183.3 184.4 189.1 195.2 194.2 188.9 187.5 183.2 183.2 183.2 183.2 188.3 194.5 196.8 201.1 197.3 180.1 176.7 177.4 184.6 188.4 191.8 194.2 197.2 199.5 188 176.7 173.8 169.2 165.9 162.2 159 155.4 150.4 147.6 145 142.7 137.7 131.4 126.7 122.5 118 117.1 120.4 123.4
200.7 200.7 200.7 200.7 200.7 200.7 200.7 200.7 200.7 200.7 200.7 200.7 200.7 200.7 200.7 204 209 211.5 215.5 213.1 217.3 223.4 226.7 227.9 226 226.7 226.2 226.2 206.2 199.3 192.4 192.9 194.6 183.3 186 190 193.1 191.2 189.6 189.2 183.2 183.2 183.2 183.2 183.2 194.2 194.8 195.6 192.6 180.7 175.7 176.3 182.8 183.4 188.7 190.5 185.9 183.5 182.4 182 175.4 173.9 170.9 167.4 159.3 151.4 147.9 143.5 139 136.7 133.9 128.1 120.9 118.3 116 116.1 119.9 123.8 128
200.7 200.7 200.7 200.7 200.7 200.7 200.7 200.7 200.7 200.7 200.7 200.7 200.7 200.7 201.2 206.5 210.3 201.4 200.7 212.9 222.3 229 232.6 235.9 226.2 225.5 221.1 217.8 199.9 196.8 196.7 197.8 197.3 197.9 196.4 195.3 193 189.1 189.3 189.2 183.2 183.2 183.2 183.2 187.8 193.8 194.5 192 182.5 176 176.1 181.6 173 171.2 179.3 178.1 176.1 176.3 174.2 171.5 167.7 163.5 160 154.3 148.5 143 137.7 132.1 127.1 123.6 120.9 119.2 116.6 114.8 117.6 121.8 124.5 126.9 129.6
200.7 200.7 200.7 200.7 200.7 200.7 200.7 200.7 200.7 200.7 200.7 201 209.1 204.1 206.4 209.7 210.2 200.7 200.7 217.9 224 225.7 226.8 230.9 233.5 229.2 221 216.7 202.9 206.1 205.5 204.5 205.3 205 205.8 202.1 189.2 183.2 184.3 183.2 183.2 183.2 183.2 183.2 189.9 191.9 191.7 185.8 179.3 174.9 173.4 168.9 164.7 165.5 168.9 170.1 168.8 167.1 163.6 160.3 154.3 152.1 146.8 141.7 136.3 130.5 125.2 121.1 117.6 115.6 113.3 113 112.3 113.4 118.4 122.4 125 129.5 132.6
200.7 200.7 200.7 200.7 200.7 200.7 200.7 200.7 200.7 200.7 200.7 205.3 207.7 206.9 204.2 200.7 200.7 200.7 200.7 213.1 218.1 220.1 224.3 228.6 231.2 231.6 232.4 216.2 206.2 210.8 210.9 207.3 206.8 203 203.6 195.5 183.2 183.2 183.2 183.2 183.2 183.2 183.2 185.4 192.3 191.4 187.9 183.3 179.4 174.3 167.1 163.6 161.6 162.6 164.8 165.6 163.3 160.2 156.2 150.1 143.9 137.8 134.5 129.2 124.9 120.3 118.4 114.6 113.2 112.6 110.8 109.6 112.4 118 118.3 122.2 124 125.7 128.3
200.7 200.7 200.7 200.7 200.7 200.7 200.7 200.7 200.7 200.7 200.7 204.9 205.5 202.7 200.7 200.7 200.7 200.7 200.7 211.3 215.1 219.4 224.2 229.9 230.5 227.8 226.9 225.5 221 216.9 214.1 213.1 209.4 200 195.3 188.6 184.3 183.2 183.2 183.2 183.2 183.2 183.2 191.6 194.7 193.9 195.6 187.9 190.1 169.3 163 160.8 159.2 159.7 159.2 159 156.6 153.5 150.4 141.9 135.4 129.2 122.5 119.1 115.9 114.1 113.4 111 110.2 111.3 111.4 114 114.8 118 118.1 119.6 121.4 122.8 124.7
200.7 200.7 200.7 200.7 200.7 200.7 200.7 200.7 200.7 200.7 200.7 204.9 201.3 200.7 200.7 200.7 200.7 200.7 200.7 208.2 219.5 219.1 223.5 224.2 224.6 226.4 228.9 228.7 225.8 223.1 223.4 221.1 214.2 200.3 191.1 188.7 188.3 183.2 183.2 183.2 183.2 183.2 195 197.4 198.2 191.6 191 188.3 172.5 160.8 162.1 158.8 158.4 156.2 153.8 152.1 149.3 145.1 140.5 135.2 128.9 124.2 118.9 115.2 113.1 110.6 109.6 108.4 109.7 109.8 111.5 113.2 113.8 114 116.6 117.6 119.4 122.1 124
200.7 200.7 200.7 200.7 200.7 200.7 200.7 200.7 200.7 200.7 200.7 200.7 200.7 200.7 200.7 200.7 200.7 200.7 200.7 214.5 217.8 225.3 223.6 222.9 224.9 227.1 235.7 234.7 235.5 232.2 226.6 221.7 211.7 200.7 195.9 192.8 186.8 183.2 183.2 183.2 183.2 191.8 197.1 198.6 196.9 186.2 183.4 174.8 163.4 163.1 164.7 159.1 155.8 151.4 147.3 144.1 142.8 140 136.3 134.9 129.9 125 119.5 115.9 113.6 109.5 107.8 106.4 108.2 107.7 108.4 109.8 110.7 112.1 112 115.3 117.3 120.6 122.3
200.7 200.7 200.7 200.7 200.7 200.7 200.7 200.7 200.7 200.7 200.7 200.7 200.7 200.7 200.7 200.7 200.7 200.7 200.7 212.3 221.9 222.5 223.2 234.7 241.4 234.4 231.8 227.4 226.2 228 222.7 218.6 203.7 198.3 198.1 196.5 191.4 183.2 183.2 183.2 183.6 194.3 199.1 201.3 195.1 183.9 180.5 175 168.4 169.6 166.6 159.4 151.4 149.1 145.8 140.7 138.1 136.6 137.6 133.4 130.1 129 125.7 118.6 112.5 111.7 107.4 107.1 105.3 106 107.4 106.6 106.6 106.2 109.3 110.7 114 115.7 118.9
200.7 200.7 200.7 200.7 212.8 210.3 200.7 200.7 200.7 200.7 200.7 200.7 200.7 200.7 200.7 200.7 200.7 200.7 209.8 219.5 214.5 218.2 225.5 231.8 233.5 235.9 229.7 226.2 226.1 223.3 223.2 217.6 202.9 201 202.5 201.5 201.5 187.1 183.2 188 192.1 198.5 205.6 204.5 190.3 182.2 180.5 178.8 174.2 170.6 162.3 154 146.6 145.1 141.7 141 136.7 133.5 135 130.3 128.6 126.3 124.7 121.9 119.3 113.4 112 110.8 109.4 103.9 101.9 100 97.4 94.8 96.7 106.9 109 110.2 116.5
200.7 200.7 200.7 212.7 218.2 215 200.7 200.7 200.7 200.7 200.7 200.7 200.7 200.7 200.7 200.7 200.7 200.7 216 222.5 221.2 220.3 224.6 231 234.3 231.8 227.7 227.8 231.7 225.9 220.1 204.5 202.4 201.4 203.3 203.6 196.6 187.5 187.3 191.4 199.5 204.9 207.9 204.2 186.8 184.6 182.2 179.5 176.7 164 155.1 146.7 143.6 143 141 138.4 135.5 134.1 131.4 131.8 133.9 133.6 131 126.3 123.7 118.9 115.4 111.9 110.5 110.4 107.1 105 105.7 103.4 92.3 102.2 105.7 107.2 111.8
200.7 200.7 208.3 215.5 220 200.7 200.7 200.7 203.2 200.7 200.7 200.7 200.7 200.7 200.7 200.7 200.7 210 230.5 236.8 226.4 223.3 232.7 239.4 233.7 232.5 232.6 243.5 233.1 223.7 210.7 202.1 200.5 199.7 198.9 197.3 190.2 187.7 190.3 197.2 203.5 208.6 209.3 196.7 187.4 189.1 184.9 178.1 168.3 155.8 147.4 144.9 143.7 142.7 140.5 137.7 138.3 138.1 135.2 137.2 142.1 145 144 140.2 133.4 126.9 120.3 115.6 111.2 110 107.6 107.2 108.3 100.2 93.7 107.6 108.6 110.4 112.1
200.7 204.5 213.2 214.4 200.7 200.7 200.7 215.6 219.3 200.8 200.7 200.7 200.7 200.7 200.7 200.7 200.7 230.4 246.7 229.4 221.3 221.7 234 246.4 240.6 238.4 245.4 245.1 230.6 219.9 206.3 199.3 198.6 197.5 193.3 189.6 189.2 190.7 193.4 197.2 202.3 204.3 203.7 189.3 185.2 183.4 179.9 170.1 158 148.8 144.5 143.8 143.9 142.9 143 144.3 144.9 143.4 140.3 144.3 149.3 152.2 150.9 147.9 143.3 136 128 122.6 116.6 111.1 106.5 105.1 107.9 99.8 98.1 108.8 110.5 113 113.7
200.7 200.7 211.2 207.2 200.7 206.9 219.7 223.8 217.8 204.6 200.7 200.7 205.1 209 200.7 201.2 228.2 240.9 231.1 225.9 221.4 225.5 238.5 247.7 243.7 246.9 252.6 236.8 229.6 216.7 204.4 197.7 197.3 192.3 186.8 186.9 189.4 191.3 193.6 195.1 197.6 199.4 191.9 183.4 178.1 175 169.3 160 152.2 146.8 145.9 145.2 145.2 144.1 145.6 149 148.5 146.6 148.4 151.9 156.2 159.1 158.9 156.7 151.6 143.1 135.1 128 121.7 114.1 106.8 102.1 102.7 93.8 97.2 105.1 106.7 109.3 113
200.7 200.7 200.7 209.4 220.8 226.4 232.3 235.9 226.8 224.1 211.4 204.4 213.8 216.2 215.8 229.6 235 229.7 226.7 231.6 234.5 232 232.7 237.9 241.4 247 242.9 232.2 221.5 208.6 200.4 195.7 192 187.3 184.4 188.1 189.6 189.5 191.6 193.6 196 197.4 187 177.2 172.2 169.7 165.4 157.4 148.9 148.5 149.5 146.7 146 144.9 145.4 148 150.4 149.8 152 154.4 156.5 158.7 159.3 160.2 159 148.6 141.5 134.6 124.7 116 107.7 100.9 97.5 88.7 94.8 100.7 101.6 104.4 109.7
202.3 200.7 207.9 222.2 230.6 235 238.9 242.9 244 237.8 217.6 214.9 231.3 233.9 239.8 242.5 227.6 227.6 239.8 255 238.5 233.5 235.5 238.5 238.1 239.4 231.5 219.8 209.4 203 198 192 185.8 183.1 186.8 188.1 187.1 187.3 189.7 192.6 193.1 189 178.4 173.4 167 164.3 160.3 154.7 149.6 149 147.6 145.2 143.7 143.9 142.1 145.4 147.7 148.3 150.9 152.9 156.2 154.3 153.6 153.1 152.9 148.4 143.6 138.2 126.8 117.9 108.8 100.2 95 90.6 89.8 94.6 96.8 98.8 103
203.6 211.1 223 229.4 235.7 241.2 244.7 247.7 250.5 231.5 218.5 223.6 241.2 249.8 243.5 231.6 227.3 230.5 247 257.7 237.7 235.8 241.9 248.1 251.3 238.5 226.4 213.8 205.8 200.8 196.4 188.7 182.7 180.4 186.8 182.9 182.5 183.5 187.4 191.3 192.5 185.7 182.5 173.7 166.9 161.4 157.8 154.7 152.9 149.4 146.4 144.3 141.2 140.4 139.8 142.9 144.3 146 149.3 146.2 151.4 149.6 148.7 148.7 147.6 145.9 143.5 138.2 126.7 116.3 106.5 98.2 91.4 85.2 83.3 89.5 91.4 93.7 98.2
211.5 217.4 228 237.9 244.5 244.6 247.8 247.4 244.9 225.5 223.5 231.8 237.8 238.4 230.3 227.6 227.7 234.3 242.2 243.5 236.9 241.9 248.2 255 251.2 236.9 224.6 218.1 209.4 202.4 195.6 188.7 183.1 177.3 179.3 179.3 179.2 180.6 184.8 186.7 181.7 180.2 174.4 169.7 165.7 159.8 156 153.4 153.5 147.9 147 141.6 139.5 138.3 138.9 144.6 141.3 142.9 142 141.9 143.4 143.2 143.7 143 140.9 137.8 134.5 128.9 121.1 112.3 103 93.8 87.8 79.6 79.4 87.4 89 93.7 97.9
214.9 224.7 232.7 238 238.5 239.9 238.4 239.2 232.1 228 228.1 227 230.9 228.1 228.6 236.8 241.4 237.2 240.9 239.5 245 250.7 250.1 246.7 240.1 232.3 228.9 221.9 208.1 199 190.5 182.7 177.9 174.9 175.6 174.2 174.8 177.5 180.9 176 176.4 173.3 169.9 166.2 164.2 162.8 155.6 153.2 149.1 145.1 142.1 140 138.5 137.4 143.2 139 136.8 136.3 138.2 138.7 139.8 138.8 136.8 134.5 132.8 129.5 125.9 120.3 113.8 106.9 99.6 91.6 85.3 77 81.6 82.7 86.9 90.9 93.7
222.6 228 233.4 233.3 234 236.4 237.6 236.3 233.8 230.9 230.3 228.1 230 236.5 237.3 236.5 237.5 239.7 240.6 244.8 247.5 247.3 246.1 246.4 245.2 238.7 227.1 220.6 208.5 197 185.1 181.4 176.9 174.2 173.4 168.5 168.6 170.4 173.7 172.7 170.4 168.9 166.5 164.8 161.6 157.4 152.9 149.5 143.9 143.8 139.4 140.8 137.4 137.4 137.3 135.5 135.4 135.6 134.4 133.9 134.4 135.3 132.7 129.4 127.3 123.1 119 116.4 111.3 105.5 99.1 91.1 84.3 76.2 75.6 78.2 80.9 84.7 88.9
