Game/Highland_Data/StreamingAssets/GeoData/Data/nn/NN04.asc
ncols 200
nrows 200
xllcorner 200000
yllcorner 740000
cellsize 50
[rows 70 to 104 of 200, columns 79 to 157 of 200]
283.8 299.8 319.4 337.9 354.6 375.5 391.9 409.5 425.9 442.5 466.7 487.8 504 529.5 554.8 582.7 603.2 629.4 655.6 680.3 707.4 728.9 746.8 757.1 767.5 782.7 798.2 812.3 831.2 856.1 880.7 883.3 850.9 815.5 794.8 768.6 741.6 726.5 718.3 701.4 682.6 673.3 666.8 652.2 642.6 620.6 610.8 606.6 593.2 590.2 596.1 582.2 562.4 542.6 524.1 520.2 512.9 503 501.3 495.8 488.5 485.7 464 442.1 431.6 422.2 413.3 393.3 395.3 389.2 379.5 362.1 349.2 347.4 338.2 335.8 331.5 326.2 312.9
294.3 313.6 332.2 354.1 374.9 386.9 402.3 421.4 441.4 463.8 485.9 502.5 516.9 543.3 564.3 596.5 623.7 648.7 668.5 698.5 718.2 739.9 755.4 767.2 772.9 781.7 798.7 809 826.6 844 884.7 880.7 841 813.3 788.7 770 749.5 729.7 717.9 706.5 685.7 668 659.4 641.3 622.2 613.4 607.3 596.8 580.8 579.2 583.2 567.4 550.6 526.8 514.4 508.7 503.7 492.4 499.5 498.2 474.9 461.3 444.8 430 424.1 416.3 409.6 393.5 385.3 381.5 371 356.4 346.2 339.2 332.4 326.8 322.4 317.4 308.7
307.9 327.9 343 356.5 376.6 396 413.2 431.2 453.6 472.2 493.9 515.7 528.7 550.8 575.9 609 636.5 658.6 690.7 705.3 727.9 749 768.2 780.1 783.4 789.7 804.6 805.5 821 839.9 876.5 870.5 839.1 819.4 799 786.3 769.7 747.2 734 715.2 697.6 677.1 666.4 652.7 626 604.8 595.8 597.1 574.8 566.6 559.5 552.6 531.3 516.6 507.3 499.5 493.8 487.5 480.4 474.6 462.1 450.6 436.5 427.7 416.6 407.6 399.3 388.9 378.6 367.2 357 346.8 342 333.5 331 326.6 318.7 312.1 304
321.1 330.6 344.2 367.6 388.1 404 420.3 439.8 461.7 483.3 506.7 524.6 539.6 557 582.3 615.3 652.1 669 696.6 715 739.3 761.9 782.8 797.9 802.2 814.7 821.1 833 839.3 852.2 872.5 886.5 856 835.3 813.8 805.6 783.3 765.1 751.6 733 714 693.9 677.2 659.5 638.1 605.3 587.3 592 570.8 552.7 546.1 531.8 521.6 512.6 503.3 500.2 493.1 487 473.5 459.8 452.6 439.5 427.6 416 409 399.6 387.4 377.9 371.2 363.7 353.3 345.2 339 331.8 331.1 325.5 314 310.4 302.3
322.5 337.7 359.8 382.5 393.5 407 429.6 447.4 467.1 486.1 507.1 526.5 552.9 564.2 587.1 623.8 657.6 671.1 694.8 722.5 749.3 776 793 806.7 817.8 832.7 846.5 855.4 863.9 864.3 876.9 903.6 893.4 862.5 848.5 829 814 791.8 774.9 751.5 725 705.6 684.1 658.1 634 608.3 581.6 573.2 561.7 543.2 530.6 521 512.9 510 505.2 498.1 490.9 488 474.2 453.4 443.2 430.7 419.8 406.6 395 391.6 387.7 373.4 365.7 358.1 348.8 344.2 339 331.3 328.2 323.8 315.5 313.6 305.8
330.9 345.4 361.9 377.4 393.2 405.9 423.8 444.4 467 480.9 503.2 525.8 551.5 568.3 584.1 616.2 644.7 676.3 705.2 727.1 758.2 786.1 806.6 827.2 843.7 862 870.7 874.9 885.3 880.5 872.1 878.2 883.1 884.3 870.2 862.4 842 825.3 793.8 764.2 734.1 705.2 675.2 648 624.7 597.6 574.1 553.9 551 535.9 522.3 515.5 504.4 504 497.7 489.7 482.6 475.2 463.7 446.2 432.6 418.2 408.3 399.6 387.6 384.5 379 369.6 360.8 353.5 347.5 340.9 334.2 329.6 327.1 318.5 315.5 313 310.4
326.7 347.7 365.2 378 389.5 403.9 418.9 434.8 452.8 474.7 493.2 519.9 538.9 557.7 575.4 604.6 637 671.6 700.6 730.7 771.9 799.2 819.5 846 868.5 878.9 891.4 903 906.7 886.2 851.5 838.6 844.1 849.9 839.8 837.1 829.4 807.6 779.5 744.2 719.7 690.8 663.9 636.7 612.2 587.4 568.9 553 539.8 529 519 510.2 500.8 490.3 487.2 480.3 472 464.7 449.8 434.7 423 412.9 401.1 395.9 381.3 373.6 366.9 362.9 359.7 354.2 346.5 340.6 336.2 333.9 324.9 319.6 320.5 317.9 317
341.4 360 367.1 377.8 391 399.2 417 434.2 448.1 464.3 479.5 498.7 522.1 542.3 563.6 589.8 630.1 663 689.1 724 762.7 798.9 819.8 850.6 887 901.2 916.1 926.9 912.1 876.9 846.6 829.6 809.3 805.8 810.3 803.6 791.2 775 756.9 729.8 700.2 675.6 653.4 627.2 596.8 577 561 545.7 532.9 523.3 515 505.4 492.8 479.6 475.7 474.3 461.6 451.9 439 427.3 415 408.3 400.8 388.5 377.1 365.6 364.6 357.6 355.1 351.2 346.9 340.2 334.7 330.8 324.7 323.7 321.2 318.4 320.8
355 369.9 378.2 393 401 410 415.2 428.6 442.4 458.9 475.4 490.4 507.2 528.6 551.9 578.1 616.6 642.6 678.7 715.2 750.1 780 817.6 854.3 884.1 914.5 927.4 927.8 907.1 872.3 847.9 820.1 786.9 778.1 775.8 765.4 755.8 744.5 724.9 702.9 680.4 657.3 637.5 607.5 585.9 567.5 551.7 537.7 527.2 514.7 504.5 496.7 483.4 473.2 460.5 461.5 449.8 441.1 437.3 423.4 409.6 402.1 392.1 382.8 372.5 364.4 358.6 357.1 353.9 349.2 342.6 337.8 334.7 333.1 331.1 326.4 319.1 322.6 325.5
369 381.6 389.7 399.9 409.4 418.7 429.4 439 447.4 455.5 471.7 485.3 502 519.3 540.6 566.8 593.9 627.9 664.5 700.8 734 773.3 812 842.2 870.2 904.1 919.3 924.9 894.7 862.5 836.6 813 783.5 762.7 748.8 736 718.7 704.7 692.2 677.5 656.9 633.7 610.4 591 571.6 556.4 542.5 531 516.4 503.3 495.4 485 476.1 465.3 456.3 445.3 440.3 435 433.6 419.4 407.4 396.7 385.9 376.1 368.3 365.8 360.1 351.7 353.1 345.1 341.6 339.8 337 333.4 329.6 325.5 325.4 326 330.5
380.6 394.5 407.6 414.7 422.8 429.2 440.6 451.3 460.5 468.9 477.2 486.4 501 515.1 534.7 556.1 582.4 611.4 651.1 686.3 715.7 758.7 790.6 825.9 861.4 890.8 922.4 918.1 877.4 848.8 822.8 800.5 782.2 753.5 713.5 701.5 690.1 673.8 662.7 649.2 631.2 609.7 590.8 570.7 555.9 542 530 517.7 506.5 495.9 484 474.7 467.4 455.5 448.3 442.1 433 432.2 429.3 413.3 400.3 390.7 383.5 374.8 367.2 363.1 357.8 353 349.2 348.3 343.6 341.9 335 331.2 331.9 331.4 329.3 333.5 337.2
395.9 408.6 420.3 433.4 440.6 451.3 461.6 468.8 478.3 482.9 490.6 497.8 506.4 519.7 534.8 554.5 575.1 602.1 635.9 664.4 700.2 739.6 770.7 812.2 846.8 881.7 911 914.4 864.9 833.5 799.7 771.7 750 730.3 708.8 678.6 664 648.4 636.8 620.5 603.8 585.9 569.1 552.2 538.1 525.3 516.5 503.4 495.2 486.4 479.3 466.3 455.9 449.2 441.4 435.9 428.4 423.3 419.2 407.8 399.6 386.5 381 374.1 365.3 359.3 356.2 354 348.2 345.3 341.7 336.1 334.1 332.2 334.4 337.8 332.9 339.4 346
402.6 415.8 435 446.4 459.5 469.5 482.4 492.2 502.2 504.1 512.3 513.9 522 532.4 538.4 558.3 578.2 592.8 617.4 645.8 683.7 715.2 756.4 796.4 832.6 877.6 906.7 901.1 854.9 819.5 779.1 740.9 720.4 700.7 679.7 663.5 640.2 626.5 615 597.5 580.8 567.6 552.4 538 524 510.3 502.2 491.1 480.5 470.5 465.3 457.2 450.9 444.1 433.4 426.3 422.4 416.3 412.1 404.5 394 385.1 379.3 371.6 365 359.9 356.3 349.5 347.6 342.4 338.1 337.1 336.9 333.3 337.4 340.3 341.8 342.7 349.1
415.6 440 446.9 463.8 480 494.1 500.6 515.7 529.8 537.8 540.6 544.2 550.8 550.9 556.4 566.6 578.7 588 606.7 632.1 664 700.4 747.2 781.3 829.9 875.2 896.1 885.8 849.6 805.1 761.9 727.5 704.8 682.8 661.5 644.7 621.3 605.3 594.8 580.9 564.2 549.6 536.3 521.6 510.6 498.3 487.9 477.5 466.2 458.6 450.9 451.4 441.8 436.1 428.8 422.2 412.6 408.5 404.3 401 392.4 384 378.2 369.4 362.4 357.5 350.6 346.8 342.8 342.2 338.3 336.9 337 335.1 334.5 341.2 347.6 351.3 358.3
427.6 446.9 464.1 482 498 513.9 524.7 541.9 561.6 573.8 577.5 579.3 582.5 573 582.6 585.2 584.9 588.6 601.4 621.3 645.2 683 731.9 773.7 822.4 868.6 892 869.4 838.5 802.9 753.8 716.7 692.2 669.9 647.1 624.5 607.1 588.4 575 563.8 549.4 536.4 521.8 510.9 499.6 485.6 472.3 462.5 454.8 447.6 443.2 440.3 431.5 425.8 419.5 414.8 408.4 396.6 397.2 396.4 388.1 379 374.5 365.5 356.7 352.3 343.8 342.6 340.6 339 336.8 337.9 335.6 334.2 336.7 347.4 353.4 360.3 365.4
438.3 457.6 480.7 498.7 515.8 533.3 550.7 571.6 594 608.9 626.7 610.3 604.7 607.4 610.2 601.3 592.8 597 605.6 619.5 639.4 673.9 719.2 769.3 817.9 856.7 882.3 850.5 817.2 788.1 751.4 708.6 680.3 656.1 630.8 608 587.3 574.9 561.3 547.9 534.4 521.1 509.2 496.9 485 470.9 462.4 454.2 445.9 438.7 433.1 430 424.6 417.1 411.8 407.3 400.4 393.2 389.6 388.6 382.9 375.5 365.7 359.2 353 348 343.2 340.5 338.7 338.1 336.9 337.2 335.9 339.6 343 353.2 358.9 365.5 372.8
450.6 471.3 493.2 515.4 534.2 557.1 586.1 603.5 621.5 642.8 649.4 650.2 640.8 647.6 639.6 620 618.3 616.6 613.5 623.4 639.6 669.5 713.3 770.6 815.3 862.8 865 831.5 791 762.1 733.3 697.6 665.8 639.8 616.7 591.8 574.1 559.4 545 534.8 520.9 507.7 497.8 484.1 472.6 461.3 450.9 443.3 437.5 427.1 421.5 420.6 415.6 408.2 405.7 403.1 395.9 388.6 382.1 383.1 378.3 373.5 362 352.3 349.5 346.2 342.5 339.3 337.5 337.2 337.2 338.2 334.7 340.8 351.3 359 362.1 370.1 377.8
469.7 483.5 505.2 529.5 555.1 570.2 601.7 626.2 644.4 657.5 670.4 675.4 682 678 669.8 658.8 660 644.9 625.5 634.4 647.1 675.2 717.1 767.5 824.2 856.3 834 806.5 772.2 741 713.2 683.2 649.1 623.5 598.8 576.3 556.4 544.8 533.1 521.5 512.1 498.4 485 473.4 463 452.4 443.7 434.3 427.4 422.2 414.9 414 407.2 402.9 399.1 396.6 388.7 382.4 381.1 379.3 372.4 366.8 355.1 350.5 348.3 344.7 340.5 338.8 337.1 336.5 336.9 334.7 336.9 346 357.7 359.7 365 373.7 380.3
482.5 499.3 516.3 543.6 571.4 594.1 616.7 637.2 659.5 670.7 679 692.5 701.9 703.9 701.1 695 689.8 674 647.9 651 664.2 684 722.7 780.1 828.9 837.4 807.5 776.6 750.1 716.7 690 660.3 628 603.6 580.5 562.8 545.4 531.8 520.9 508.4 499.3 489.5 476.1 462.2 451.3 443.9 436 428 422.7 416.8 410.5 405.7 400.7 397.5 396 388.1 383.4 379.2 375.6 371.7 365.1 360.8 355.6 351.3 348.8 343.6 338.8 338 336.8 337.7 335.3 339.1 345.4 347.8 354.7 358.5 365.4 376.5 385.6
489 512.4 533 556.1 582.7 608.6 632.4 651.4 668.6 682.7 693.9 703.1 714 737.3 729 728 717.1 707 685.6 672.8 680.4 700.2 737.9 793.8 822.7 808 784.3 753.5 723.7 695.2 663.2 637.5 607.2 584.5 565.4 547.6 534.1 522 509.2 496.1 485.3 476.9 464.8 452.4 442.5 436.9 429.7 420.8 414.7 409.7 405.1 399 395.4 390.6 385.9 384 378.5 377.6 369.2 363 358.6 359 354.5 350 347.6 342.9 339.3 338.3 338.3 335.3 339.4 341 347.6 347.7 350.8 357.4 366.1 374.4 387.9
514.8 524.8 546.5 568.9 589.3 617.3 642.6 666.5 678.9 688.5 704.2 715.1 726.9 757.2 765.3 751.5 737.2 736.2 723.6 700.1 713.3 725.4 756.9 800.9 803.5 776 754.4 727.3 692.3 664.7 638.5 613.7 590.5 569.9 550.3 533.5 519.9 510 496.9 484.3 474.5 463.6 453 444 436.5 432.3 424.3 418 411 405.4 400 397.3 390.9 387.5 382.4 377.8 374.5 370.1 365.8 361.4 355.8 352.9 353.2 349.7 347.2 342.5 341 338.5 336.8 339.8 340.3 344.8 346 346.5 350.4 361 371.9 374.9 380.1
547.7 551 555.3 579.2 599.7 624.8 648.4 671 685.2 692.2 700.8 716.4 738.7 763.2 775.7 789.7 771.1 759.3 751.1 737.8 746.6 749.9 783.8 808.3 780.9 753.7 720.8 698.4 665.5 638.1 617.2 594.5 572.9 554.4 536.5 520.2 507.5 495.2 484.3 472.5 465.2 455.4 447.6 436.6 430.4 424.8 420.7 415.7 407.2 400.9 396.8 394.2 388.3 383.2 379.2 375.3 370.9 367.9 363.3 358.2 353.3 351.7 348.7 347.2 345.9 343.8 340.8 338.7 337.5 340.4 342.1 347.2 345.2 345.1 350.6 360.8 366.9 372.1 380.1
580.5 580.3 581.7 592.5 612.9 634.6 659.9 676.8 690.2 699.6 705 724.8 742.2 754.6 780.4 804 798.9 785.1 788.2 763.7 754 777.1 805.1 784.2 759.3 729.4 699.1 668.3 635.3 615.5 596.5 577.9 558.5 540 526.7 508.5 496.3 488.5 475.4 463.5 455.8 447.3 439.4 434.1 426.9 420 415.4 410.7 404.2 397.6 395.8 389 386.2 383.2 379.6 377.7 371.7 368.1 365.1 362.5 353.4 350 349.2 347 344.8 344.2 343.1 341.6 338.1 338.7 343 345.9 345.1 346.4 353.9 363.7 371.3 378.6 383.9
618.4 612.9 610.1 616.3 624.2 646.7 666.3 681.3 691.4 701.3 715.6 742.2 747.9 769 791.4 810.6 822.7 805.6 801.9 787.9 775.7 780.8 788.2 763.5 736.2 704.2 674.1 642.3 613.3 594 578.9 559.7 543.2 523.7 509.7 497.5 489.8 479.8 467.1 458.3 449.4 441.2 435.7 428.9 421.9 415.6 412.4 406.8 403 397.4 394.8 387.3 386.3 382.2 380.7 377.1 374.9 373.3 368.9 367.2 358.8 352.2 349 348.9 344.4 342.4 342.9 342.8 337 338.7 342.3 344.6 345.2 350.5 357.9 369.4 375.1 381.3 386
666 654.3 648.9 648.4 647.2 656.3 669.9 681.2 697.5 712 726 741.4 748.5 773.9 807 818.4 828.8 824.4 814.2 792.8 781.4 782.6 766.4 737 711.2 682.5 644.3 614.9 594.1 575.6 559.3 542.7 528.4 516 503.1 489.4 479.4 467.7 458.1 449.9 442.3 433.3 430 421.9 417.6 412.7 409.4 405.9 400.7 398.6 395.2 393 386.2 386.2 382.9 379.6 377.7 377 372.8 368.9 361.4 355.2 349.7 348.9 344.3 344.1 342.2 343.4 340.9 340.6 343.9 346.6 350.8 352.6 360 369.3 383.9 387.8 393.1
705.9 697.7 691.7 681.3 668.7 667.6 673.9 683.6 705.4 718.3 731.1 745.3 758.7 773.1 803.7 818.7 836.6 832.9 826.3 796.4 776.7 766.2 745.9 714.3 683.3 655.8 619.6 598.3 581 558.6 542.8 529.5 515.6 504.5 493.8 484 470.9 461.6 455.4 444.9 437.2 430.2 421.2 417.1 415.6 408.4 406.3 402.7 400.1 398 393.5 391.5 390.4 386 387.7 381.2 378.9 378.3 374.5 368.6 366.1 357.3 350.9 346.6 342.9 342.4 343.3 342.9 344.7 342 342.4 347.6 353.1 355.8 365.8 375 387.9 396.6 403.1
741.6 732.8 722.4 701 688.8 682.8 683.7 703 720.5 723.9 734.8 751.1 765.3 783.3 792.3 817.6 843.2 818.6 805.9 788.3 756.6 740.6 716.8 686.7 659.9 631.7 600.4 581 563.2 541.9 529.9 514.8 500.2 490.9 483.4 473.1 463.8 455 446.1 438.8 432.2 423.6 416.9 414.6 406.7 404 401.9 401.2 399.8 397.6 396.7 396.2 391.6 389.3 390.4 386.4 383.8 380.8 377.3 372.2 366.4 359.8 351 344.4 342.7 342.5 343.7 343.3 345.5 344.5 342.8 345.9 354 363.1 371.6 381.3 394.8 405.4 413.8
760.6 753.6 739.9 725.6 707.9 698.3 698.8 725.3 751.2 738.9 744.7 750.3 769.9 785 791.5 810.7 822.7 800.5 782.6 768.9 742.6 705.2 689 657.8 631.2 605.4 584.2 565.8 545.6 526.9 511.2 500.8 488.8 475.2 468.5 463.7 454.4 444.4 433.8 430.8 424.3 418.3 412.1 409.2 405 402.3 399.2 399.6 399.1 398 397.8 397.3 393.4 394.2 391.9 391.2 386.8 383.1 380.9 373.1 364.8 357.5 353.6 345.9 345.1 344.8 347.8 343.6 344.6 344.7 345.4 351 358.3 369.9 378.3 390.2 401.4 412.3 428
775.9 765.3 751.4 734.2 723.4 718.9 728.6 755.4 770.7 763 761.9 761.3 770.5 777 797.7 806 795.3 784.3 760.4 731.4 710.5 682.6 661.4 637 609.8 589 566.6 548.5 529.6 513.3 501.5 487.8 475.9 462.8 452.9 444.9 444.8 435.5 424.7 419.1 412.6 409.8 406.6 403.9 398.4 399 397.9 399.2 399.1 399 398.9 401.1 398.2 397.9 398.3 399.4 394.1 388.8 381.6 373.4 365.4 359 353.7 349.3 347.8 345.7 345.2 344.6 345.2 349.9 351.4 354.8 360.3 375.6 389.1 398.4 409.4 424.3 444.9
781.5 771 758.8 755 750 744.9 759.9 777.3 793.2 785.4 774.2 781.5 783 785.1 787.3 797.6 778.1 752.4 729 706 678.3 647.9 626 609.7 590 570.6 552.6 531.5 517.5 500 487.4 475 461.7 451.2 442.6 435.3 430 424.4 415.6 410.3 404.4 403.4 402.7 400 398.1 397.8 397.7 398.7 400.8 401.8 404 403.9 403.5 403.4 406.5 405.7 401.3 393.7 384.4 373.5 364.4 361 356.6 351.2 346.8 347.8 346.4 345.8 346.3 349.6 355.4 358.4 366.1 380 398 410 423.8 437.8 461
794.4 782.5 786.1 788 783.4 774.3 789.7 806.9 809.6 811.4 794.6 796.2 789.8 796.6 792.1 776.6 753.5 726.9 702.1 680.1 654.4 625.2 603.5 587.7 570.9 556.2 538.9 520 503.8 484.9 470.7 461 451.9 440.6 431.3 425.1 418.1 411.2 409.5 404.7 401 399.4 397.8 397.6 397.3 398.8 398.5 401 402.2 406.9 407.2 415 413.3 412.5 416 414 406.9 396.2 385.4 373.4 366 363 359.4 353.3 349.3 347.4 349.7 346.2 348.2 352.3 359.4 360.4 369.9 386.7 407.1 423.4 440.6 457.5 473.7
810.6 808.8 812.9 814.6 814.8 811 813.5 826.2 824.2 833.7 813.5 795.9 790 788.4 767.7 749.4 729.9 706.5 678.5 656.3 628.6 607.5 586.8 569.4 553.5 538.8 522 504.3 488.1 474.7 461.2 450 440.4 431.5 421.1 415.4 408.3 403.5 401 399.7 395.8 395.3 393.3 392.4 395 398.3 401.4 404.8 411.5 418.2 422.1 425.1 423.2 424.1 426.7 420.9 411.8 399.7 387 375 367.2 366.4 359.4 355 353.6 352.7 352.2 348.5 350.7 356.3 363.3 367.3 378.8 393.6 414.4 434.2 457.8 480.4 499.5
833 825.1 820.3 830.8 846.2 841.5 832.4 842.5 855.5 846.2 822.1 791.8 780.1 759.6 748.2 722.8 700.7 679.2 654.2 630.8 610.2 589.3 572.6 552.8 535.4 520 506.4 491.8 476.6 461.3 449.5 438.1 434.5 425.5 415.7 406.6 395.4 391.1 390.4 389.2 389.2 389.7 390.4 394.4 396.3 402.8 407.6 414.3 421.1 424.9 430.8 432.4 432 429 431.4 425.3 415.9 401.3 388.1 374.1 367.9 362.3 359.7 357.6 357.3 356.6 357.2 352.3 352.8 361.5 367.9 377.3 388.2 404.2 425.6 448.8 478.3 512.7 536.4
835.2 842.6 839.4 840.9 850 845.4 853.9 849 850.3 831.6 799.4 776.8 754.1 743.1 720.1 693.6 678.3 657.6 630.5 612.7 592.1 571.3 558.2 540.7 518.6 505.8 490.8 476.5 464.1 447.5 439.5 430.5 422.4 417.6 409.8 401.3 394.7 387.2 380.6 381 380.9 387.9 388.6 392.3 395.9 403.6 413.9 420.8 428.8 437.1 440.5 441.8 442.9 434.6 434.2 428.7 417 402 387.2 374.7 368.6 363.4 361.5 359.7 359.5 355.3 356.7 356.4 354.7 359.3 373.6 382.1 396.7 412.3 434.5 460.1 495.5 533.8 570.1
815 818.1 826.5 829.6 832.9 834.3 850.3 845.6 826.6 801.1 784.7 763.2 744.7 720.6 697 674.2 660.2 636.9 611 593.3 576.7 556.9 540.9 526.6 507.1 488.5 475.6 461.6 452 444.5 431.2 422.4 413.4 409.9 401.3 396.9 386.3 381.2 378.6 375.8 377.1 379.6 384.9 394.3 397.8 407.3 416.9 424.3 435.8 442.9 447.3 448.5 449.9 444.4 435.3 431.3 419.4 402.7 387.3 374.6 367.8 363.9 360.6 359.2 357.2 357.8 360.6 359.8 359.6 366.9 375.6 388.1 402 420 442.4 472.2 510.2 552.5 587.2
