Game/Highland_Data/StreamingAssets/GeoData/Data/nn/NN05.asc
ncols 200
nrows 200
xllcorner 200000
yllcorner 750000
cellsize 50
[rows 0 to 34 of 200, columns 78 to 155 of 200]
-1.2 -1.2 -1.2 -1.2 -1.2 -1.2 -1.2 -1.2 -1.2 -1.2 -1.2 -1.2 -1.2 -1.2 -1.2 -1.2 -1.2 -1.2 -1.2 -1.2 -1.2 -1.2 -1.2 2.7 8.4 9.5 11.4 13.1 13 12.9 12.7 13.3 9.2 1.9 -1.2 -1.2 -1.2 -1.2 -1.2 -1.2 -1.2 -1.2 -1.2 2.1 -1.2 1.6 6.2 10.3 15.4 19.8 20 16.5 16.9 17.5 25.9 35.3 45.6 51.7 45 50.6 49.2 40 42.5 49 50.8 48 46.5 50.7 61.2 66.7 76.7 83 87.3 95.8 88.3 73.9 70.7 65.7
-1.2 -1.2 -1.2 -1.2 -1.2 -1.2 -1.2 -1.2 -1.2 -1.2 -1.2 -1.2 -1.2 -1.2 -1.2 -1.2 -1.2 -1.2 -1.2 -1.2 -1.2 -1.2 -1.2 -1.2 3 7.9 10.4 13.5 13.6 13.8 14.6 13.2 4.8 -1.2 -1.2 -1.2 -1.2 -1.2 -1.2 -1.2 -1.2 -1.2 -1.2 -1.2 -1.2 -1.2 2.4 8.5 15.8 15.9 15.7 12.7 14.1 14.2 18 31.5 42.4 50.8 44.5 47.8 52.1 47.3 41.9 42.7 41.3 41.3 42.7 44.9 52.6 67.7 69.8 76.9 79.2 83 78 67.2 61.5 59.6
-1.2 -1.2 -1.2 -1.2 -1.2 -1.2 -1.2 -1.2 -1.2 -1.2 -1.2 -1.2 -1.2 -1.2 -1.2 -1.2 -1.2 -1.2 -1.2 -1.2 -1.2 -1.2 -1.2 -1.2 -1.2 -1.2 5 6 8.8 12.7 12.6 11.6 -1.2 -1.2 -1.2 -1.2 -1.2 -1.2 -1.2 -1.2 -1.2 -1.2 -1.2 -1.2 -1.2 -1.2 -1.2 2.5 9 14.6 14 9.1 6.8 8.5 8.8 19.7 29.6 34.6 43.3 43.2 45.4 45.5 51.6 55.3 56.2 49.5 46.9 50.4 62 66.5 66.4 67 66 65.5 60.4 52.8 42.2 45.3
-1.2 -1.2 -1.2 -1.2 -1.2 -1.2 -1.2 -1.2 -1.2 -1.2 -1.2 -1.2 -1.2 -1.2 -1.2 -1.2 -1.2 -1.2 -1.2 -1.2 -1.2 -1.2 -1.2 -1.2 -1.2 -1.2 -1.2 -1.2 -1.2 5.2 7.7 4.9 -1.2 -1.2 -1.2 -1.2 -1.2 -1.2 -1.2 -1.2 -1.2 -1.2 -1.2 -1.2 -1.2 -1.2 -1.2 9.1 9.1 5.9 5.1 5.1 5.6 6.5 8.1 9.2 16.4 25.3 30.3 32.7 34.9 37.6 47 57.1 59.3 47.5 42.3 43.1 60.9 61.6 61.3 60.8 59.3 56.5 52.9 44.2 33.5 27.4
-1.2 -1.2 -1.2 -1.2 -1.2 -1.2 -1.2 -1.2 -1.2 -1.2 -1.2 -1.2 -1.2 -1.2 -1.2 0 -0.1 -1.2 -1.2 -1.2 -1.2 -1.2 -1.2 -1.2 -1.2 -1.2 -1.2 -1.2 -1.2 -1.2 -0.9 -1.2 -1.2 -1.2 -1.2 -1.2 -1.2 -1.2 -1.2 -1.2 -1.2 -1.2 -1.2 -1.2 -1.2 -1.2 -1.2 14.3 23.7 14.2 6.8 6.4 6.8 8.4 10.3 10.5 16.7 17.1 25.6 33.9 37.6 33 36.1 41 38.4 33.6 26.6 32 41.5 50.1 52.1 50 47.7 47.8 44.1 36.1 26.1 15.2
-1.2 -1.2 -1.2 -1.2 -1.2 -1.2 -1.2 -1.2 -1.2 -1.2 -1.2 -1.2 -1.2 -1.2 -1.2 1.2 1.3 1 0.3 0.3 1.1 0.9 -1.2 -1.2 -1.2 -1.2 -1.2 -1.2 -1.2 -1.2 -1.2 -1.2 -1.2 -1.2 -1.2 -1.2 -1.2 -1.2 -1.2 -1.2 -1.2 -1.2 -1.2 -1.2 -1.2 -1.2 -1.2 8.4 19 14 15.2 11.2 17.7 14.4 14.7 22.8 11.6 14.4 19.5 20.3 16.5 22.8 27.4 27.5 27.5 22.9 16.9 22 31.2 35 35.7 33.9 32.7 31.4 26.5 21.7 11.7 9.5
-1.2 -1.2 -1.2 -1.2 -1.2 -1.2 -1.2 -1.2 -1.2 -1.2 -1.2 -1.2 -1.2 -1.2 -1.2 2.2 2 2.3 1.8 2.2 3.3 2.7 2 1.6 -1.2 -1.2 -1.2 -1.2 -1.2 -1.2 -1.2 -1.2 -1.2 -1.2 -1.2 -1.2 -1.2 -1.2 -1.2 -1.2 -1.2 -1.2 -1.2 -1.2 -1.2 -1.2 -1.2 -1.2 6 6.3 10.4 13.8 14.8 12.7 9.8 15.2 12.7 1.6 3.9 7.5 9.4 11.3 13.7 12.9 11.4 11.8 11.3 13.6 17.9 21.7 23 22 20.1 21.4 18.4 13.5 2.1 -1.2
-1.2 -1.2 -1.2 -1.2 -1.2 -1.2 -1.2 -1.2 -1.2 -1.2 -1.2 -0.9 -1.2 -1.2 -1.2 -1.2 2.9 3.2 3.1 4.4 3.8 4.2 4.9 5.3 3.9 23.8 7.5 -1.2 -1.2 -1.2 -1.2 -1.2 -1.2 -1.2 -1.2 -1.2 -1.2 -1.2 -1.2 -1.2 -1.2 -1.2 -1.2 -1.2 -1.2 -1.2 -1.2 -1.2 2.4 8.1 11.2 12.8 11.6 6.5 3.6 1 -1.2 -1.2 -1.2 3.6 6.1 6.6 11.7 7.2 5.8 8.1 5.2 6.3 8.1 12 10.1 9.1 9.5 10.4 5.8 -1.2 -1.2 -1.2
-1.2 -1.2 -1.2 -1.2 -1.2 -1.2 -1.2 -1.2 -1.2 0.1 0.2 0.4 0.7 1.8 -1.2 4.2 5.5 5.1 5.6 5.4 4.2 4.4 8.2 13.4 14 21.1 18.3 12.6 10.6 4.7 -1.2 -1.2 -1.2 -1.2 -1.2 -1.2 -1.2 -1.2 -1.2 -1.2 -1.2 -1.2 -1.2 -1.2 -1.2 -1.2 -1.2 -1.2 0.5 6.5 10 13.1 10.2 5.6 -1.2 -1.2 -1.2 -1.2 -1.2 -1.2 -1.2 -1.2 -1.2 -1.2 -1.2 -1.2 -1.2 -1.2 3.7 5.3 6.6 6.7 5.7 3.9 -1.2 -1.2 -1.2 -1.2
3 -1.2 -1.2 -1.2 -1.2 -1.2 -1.2 -0.3 0.7 1.8 1.9 1.8 2.2 4.4 6.8 7.7 3.8 5.1 5 5.6 4.7 5.4 10.2 13.7 17.9 21.2 19 17 12.8 10.7 6 -1.2 -1.2 -1.2 -1.2 -1.2 -1.2 -1.2 -1.2 -1.2 -1.2 -1.2 -1.2 -1.2 -1.2 -1.2 -1.2 0.5 3.4 7.1 10.8 12.7 8.6 3.6 -1.2 -1.2 -1.2 -1.2 -1.2 -1.2 -1.2 -1.2 -1.2 -1.2 -1.2 -1.2 -1.2 -1.2 2.4 5.2 5.5 4.4 2.9 -1.2 -1.2 -1.2 -1.2 -1.2
17.2 17.3 12.3 7.7 5.3 -1.2 -1.2 2 2.4 4.4 4.4 4.3 5.5 8.2 8.9 8.9 4.4 5.8 6.3 7.4 7.7 7.8 13.8 14.4 17.6 20 18.5 18.2 15.8 11.5 8.5 7 7.5 8.4 -1.2 -1.2 -1.2 -1.2 -1.2 -1.2 -1.2 -1.2 -1.2 -1.2 -1.2 -1.2 -1.2 -1.2 4 8 11.6 13 8 2.3 -1.2 -1.2 -1.2 -1.2 -1.2 -1.2 -1.2 -1.2 -1.2 -1.2 -1.2 -1.2 -1.2 -1.2 -1.2 2.2 3.2 -1.2 -1.2 -1.2 -1.2 -1.2 -1.2 -1.2
42.6 38.1 33.2 21.9 9.9 11.6 6.7 6.9 6.8 6 5.5 6.8 9.3 10.7 11 11.1 7.1 8.2 8.2 10.3 9.2 9.9 11.6 15.6 16.2 17.9 17.7 17.7 16.5 12.4 10.7 11.4 12.4 13.4 10.4 7.2 4.5 -1.2 -1.2 -1.2 -1.2 -1.2 -1.2 -1.2 -1.2 -1.2 -1.2 -1.2 -1.2 7.7 12.2 11.2 6.8 -1.2 -1.2 -1.2 -1.2 -1.2 -1.2 -1.2 -1.2 -1.2 -1.2 -1.2 -1.2 -1.2 -1.2 -1.2 -1.2 -0.2 -0.1 -1.2 -1.2 -1.2 -1.2 -1.2 -1.2 -1.2
73.1 57 52.2 44.8 31.5 21.7 14.5 15.4 13.3 12.3 10.6 12.6 12.8 13.6 12.9 13.1 13 8.8 10.1 11.6 10 13.9 14.2 16.4 16.1 16.2 16.5 16.8 18.3 15.8 12.5 11.8 12 12.1 12.6 13.1 11.7 8.3 4.7 -1.2 -1.2 -1.2 -1.2 -1.2 -1.2 -1.2 -1.2 -1.2 -1.2 4 9.7 7.8 4.7 -1.2 -1.2 -1.2 -1.2 -1.2 -1.2 -1.2 -1.2 -1.2 -1.2 -1.2 -1.2 -1.2 -1.2 -1.2 -1.2 -1.2 -1.2 -1.2 -1.2 -1.2 -1.2 -1.2 -1.2 -1.2
106.3 91.6 75 62.5 50.2 37.9 30.3 24.9 20.3 17.8 16.6 15.9 15.6 14.6 14.1 14.3 15 13.3 12.5 12.5 12 12.9 14.6 14.7 15 16.2 18.4 20.9 26.1 22.1 17.3 16.4 15 12 12.5 13 13.4 13.3 13.6 13 6.7 6.4 1.5 -1.2 -1.2 -1.2 -1.2 -1.2 -1.2 -1.2 5.7 2.7 -1.2 -1.2 -1.2 -1.2 -1.2 -1.2 -1.2 -1.2 -1.2 -1.2 -1.2 -1.2 -1.2 -1.2 -1.2 -1.2 -1.2 -1.2 -1.2 -1.2 -1.2 -1.2 -1.2 -1.2 -1.2 -1.2
132 117.7 103.1 85.9 69.4 49.9 40.2 35.7 29.6 25.8 22.6 17.7 18.5 17.2 15.9 16.5 17.5 12.5 15.1 14.8 13.2 13.7 14.8 16.8 18.5 17.5 19.6 21.6 26.3 25.4 22.7 23.9 19.5 14.2 14 13.9 12.7 13.3 13 11.9 6.5 5.5 0.9 -1.2 -1.2 -1.2 -1.2 -1.2 -1.2 -1.2 -1.2 -1.2 -1.2 -1.2 -1.2 -1.2 -1.2 -1.2 -1.2 -1.2 1.7 1.8 -1.2 -1.2 -1.2 -1.2 -1.2 -1.2 -1.2 -1.2 -1.2 -1.2 -1.2 -1.2 -1.2 -1.2 -1.2 -1.2
152.2 139.7 123.1 105.2 87.3 70.4 54.2 46.6 39.9 34.6 31.6 27.6 22.2 19.8 18 18.9 19.7 14.3 16.9 17.3 16.4 16.2 20.6 23.2 20.1 21.6 25.3 24.3 29.7 36.2 31 35.1 34.7 32.3 22.5 16.3 13.4 13.1 12.5 13.6 14.8 8.2 1.2 -1.2 -1.2 -1.2 -1.2 -1.2 -1.2 -1.2 -1.2 -1.2 -1.2 -1.2 -1.2 -1.2 -1.2 -1.2 -1.2 0.9 7.2 4.7 2.4 -1.2 -1.2 -1.2 -1.2 -1.2 -1.2 -1.2 -1.2 -1.2 -1.2 -1.2 -1.2 -1.2 -1.2 -1.2
173.5 161.3 144.1 121.4 105.2 91 77.5 66.3 56.5 46.5 39.3 34.7 27.8 23.7 19.8 20.6 22.1 17.1 19.6 20 19.3 20.5 23.1 23.9 24.6 27.9 31.3 27.5 31.9 43 37.6 47.7 51 51.3 45.9 43.6 26.6 12.8 12.4 13.2 7.8 5.8 0.9 -1.2 -1.2 -1.2 -1.2 -1.2 -1.2 -1.2 -1.2 -1.2 -1.2 -1.2 -1.2 -1.2 -1.2 -1.2 -1.2 -1.2 7.1 6.5 -1.2 -1.2 -1.2 -1.2 -1.2 -1.2 -1.2 -1.2 -1.2 -1.2 -1.2 -1.2 -1.2 -1.2 -1.2 -1.2
187.7 178.2 166.3 149.2 132.2 114.3 100.8 91.3 78 63.9 52.8 43 35.2 27.7 22.4 23.9 23.6 22.1 22.6 23.3 24.7 30.4 26 27.4 29.8 34.4 36.4 37.4 46.3 49.5 45.2 58 66.3 69.9 68 64.3 46.7 19.8 14.1 12.8 13 7.3 4.9 -1.2 -1.2 -1.2 -1.2 -1.2 -1.2 -1.2 -1.2 -1.2 -1.2 -1.2 -1.2 -1.2 -1.2 -1.2 -1.2 -1.2 -1.2 3.9 -1.2 -1.2 -1.2 -1.2 -1.2 -1.2 -1.2 -1.2 -1.2 -1.2 -1.2 -1.2 -1.2 -1.2 -1.2 -1.2
202.5 194.1 189.3 175 156.4 140.8 124.4 113.5 100.7 85.1 65.7 52.9 42.1 29.9 26.9 25.9 24.9 26.1 26.1 26.6 31.1 34.2 33.7 32.6 35.4 37.7 42.6 54.6 60.2 59.1 57.2 77.7 90.1 95.4 91 83.8 61.7 33.4 35.5 35 37.1 28.1 9.7 2.9 -1.2 -1.2 -1.2 -1.2 -1.2 -1.2 -1.2 -1.2 -1.2 -1.2 -1.2 -1.2 -1.2 -1.2 -1.2 -1.2 -1.2 -0.9 -1.2 -1.2 -1.2 -1.2 -1.2 -1.2 -1.2 -1.2 -1.2 -1.2 -1.2 -1.2 -1.2 -1.2 -1.2 -1.2
223.3 219.6 209.8 190.4 174.6 158.7 146.5 134.8 118 103.2 83.1 63.1 48.9 38.6 31.9 29.8 26.1 28 30.5 35.2 41.6 43.3 40.1 40.7 40.2 45.4 54.7 63.8 69.9 66.8 75.3 97.1 117.8 123.9 116.3 107.9 68 60.4 64.1 66.7 56 48.9 37.6 9.9 0.8 -1.2 -1.2 -1.2 -1.2 -1.2 -1.2 -1.2 -1.2 -1.2 -1.2 -1.2 -1.2 -1.2 -1.2 -1.2 -1.2 -1.2 -1.2 -1.2 -1.2 -1.2 -1.2 -1.2 -1.2 -1.2 -1.2 -1.2 -1.2 -1.2 -1.2 -1.2 -1.2 -1.2
244.4 243.2 235.4 215.9 196 175.3 159.1 148.6 135.9 118.8 98.7 75.6 56.2 47.6 39.6 34.1 30.4 34 39.4 46.6 55.1 53.9 51.2 49 52.4 54.3 62 78.1 86.8 78.4 95.3 122.1 141.1 145.1 144.5 127.9 94.4 89.3 83.3 77.7 69.3 65.8 49.6 34 16.2 9.5 -1.2 -1.2 -1.2 -1.2 -1.2 -1.2 -1.2 -1.2 -1.2 -1.2 -1.2 -1.2 -1.2 -1.2 -1.2 -1.2 -1.2 -1.2 -1.2 -1.2 -1.2 -1.2 -1.2 -1.2 -1.2 -1.2 -1.2 -1.2 -1.2 -1.2 -1.2 -1.2
264.8 265.4 255.3 239.9 224.7 208.2 193.6 172.2 147.4 131.6 110.1 85.4 63.5 51.5 46.4 39.4 33.6 39.6 48.1 52.1 56.8 59.1 65 60.7 69 69.8 73.1 80 89 100.4 122.3 144.9 164 164.5 160 128.8 125.9 115.1 105 96.5 83.1 74.9 63.3 53.1 37 20.2 10.4 12.8 -1.2 -1.2 -1.2 -1.2 -1.2 -1.2 -1.2 -1.2 -1.2 -1.2 -1.2 -1.2 -1.2 -1.2 -1.2 -1.2 -1.2 -1.2 -1.2 -1.2 -1.2 -1.2 -1.2 -1.2 -1.2 -1.2 -1.2 -1.2 -1.2 -1.2
289.9 287.3 284.8 273.8 250.2 232.5 219.1 198.5 163.1 141.5 118.3 92 73.7 60.8 51.6 44.7 41 47 58.2 61 62.8 70.6 79.8 77.5 82.1 83.5 93.5 96.5 114.6 141.2 151.1 164.4 183.7 177.8 166 150.1 147.9 140.1 126.6 114.9 107.5 94.4 76.7 70.8 56.6 39.9 34.9 30.9 10.9 7.3 -1.2 -1.2 -1.2 -1.2 -1.2 -1.2 -1.2 -1.2 -1.2 -1.2 -1.2 -1.2 -1.2 -1.2 -1.2 -1.2 -1.2 -1.2 -1.2 -1.2 -1.2 -1.2 -1.2 -1.2 -1.2 -1.2 -1.2 -1.2
322.9 314.3 321.6 304.9 282.4 261.1 237.2 210.9 178.1 152.1 127 100.2 80.8 66.7 57.4 50.3 44.4 57.3 65.9 69.6 74.2 82.9 97.9 100.2 97.7 102.7 107.9 115.2 147.7 170 175.3 183.3 194.2 188 168.1 172.9 171 163.5 151.4 137.3 122.4 108.5 101.4 91.9 70.8 62.8 52.8 40.9 33.4 23.7 11.1 5.8 -1.2 -1.2 -1.2 -1.2 -1.2 -1.2 -1.2 -1.2 -1.2 -1.2 -1.2 -1.2 -1.2 -1.2 -1.2 -1.2 -1.2 -1.2 -1.2 -1.2 -1.2 -1.2 -1.2 -1.2 -1.2 -1.2
351.5 346.9 345.1 337.4 311.8 285 255.3 224.9 193.9 160.4 135.7 105.7 86.4 72.5 62.4 54.3 46.7 68.6 72.1 82.4 85.7 94.7 107.8 114.5 114.9 123.6 127.5 140 159.5 183.9 206.6 210.4 207.9 187.3 194 198.8 198.3 190.4 177.4 160.8 143.3 129.4 121.6 109.3 98.2 81.1 69.7 55.1 49.5 44.7 38 11 7.1 3.1 1.8 -1.2 -1.2 -1.2 -1.2 -1.2 -1.2 -1.2 -1.2 -1.2 -1.2 -1.2 -1.2 -1.2 -1.2 -1.2 -1.2 -1.2 -1.2 -1.2 -1.2 -1.2 -1.2 -1.2
387.9 384.6 373.9 361.6 335.6 301 268.3 235.8 204.1 170.7 146.5 116.1 89.9 76.6 66.6 59.8 51.7 65.7 81.8 91.5 98.8 109.7 122.8 125.1 128.9 139.1 145.2 166.6 177.7 198.3 224.2 230 227.1 210 219.3 226.4 223.5 217.1 202.9 183.9 163.3 147.3 140.4 124.8 112.8 100.4 87.7 74.9 69 68.7 58.4 33.6 9.7 7.5 2.1 -1.2 -1.2 -1.2 -1.2 -1.2 -1.2 -1.2 -1.2 -1.2 -1.2 -1.2 -1.2 -1.2 -1.2 -1.2 -1.2 -1.2 -1.2 -1.2 -1.2 -1.2 -1.2 -1.2
433.6 427.9 405.7 383.2 352.6 315.6 281.2 246.3 213.9 181.2 149.9 123.2 96.6 80.3 69.5 62.7 50.8 69 87.7 100.5 109.3 122.3 134.2 139.7 144.6 153.9 164.6 181.5 191.4 209.2 225 234.3 221.2 230.2 239.9 246.7 242.2 230.7 218.3 202 179.8 164.7 158 146.9 136.5 125.4 112.8 99.4 84.7 82.5 64.4 46.2 24.5 8.4 7.3 -1.2 -1.2 -1.2 -1.2 -1.2 -1.2 -1.2 -1.2 -1.2 -1.2 -1.2 -1.2 -1.2 -1.2 -1.2 -1.2 -1.2 -1.2 -1.2 -1.2 -1.2 -1.2 -1.2
472.9 456.8 439.2 406.9 370 329 294.2 258.5 225 190.4 153.2 130.1 104.7 85.9 72.7 65.6 53.7 71.6 91 108 120.1 129.2 138.8 151.3 158.1 169.4 182.1 193.3 208.3 218 233.2 237.6 235.8 244.5 253.2 261.7 259.4 251.3 238.6 222.8 203.5 183.8 179.8 169.7 159 145.1 130.6 118.1 99.2 79.3 67.5 50.2 28.2 11.9 7.4 7.7 -1.2 -1.2 -1.2 -1.2 -1.2 -1.2 -1.2 -1.2 -1.2 -1.2 -1.2 -1.2 -1.2 -1.2 -1.2 -1.2 -1.2 -1.2 -1.2 -1.2 -1.2 -1.2
508.5 488 464.5 422.1 385.9 343.5 305.4 266.7 230.3 195.3 159.5 136.3 109.8 90.4 78 69.1 57.3 74.1 94.2 114.2 128.4 138.1 149.8 160.3 172 179.8 192.1 209.7 219.2 233.3 241.6 240.1 245 261.6 266.8 278.8 272.4 266.5 261 250.8 229.2 205.7 200.5 190.9 175.2 162 143.1 125.8 111.1 90.8 72.5 47.7 27 13.9 9.8 8.2 6.9 0.9 -1.2 -1.2 -1.2 -1.2 -1.2 -1.2 -1.2 -1.2 -1.2 -1.2 -1.2 -1.2 -1.2 -1.2 -1.2 -1.2 -1.2 -1.2 -1.2 -1.2
526 505.4 461.4 427.7 398.2 354.2 311.4 271.6 235.5 200.6 164.8 143.2 117.3 97.4 85 73.8 63.8 75.7 99.2 121.2 135.4 146.5 159.1 168.5 179.7 190.1 202.8 218.7 238.1 254.1 250.9 256.4 260 274.2 282.2 285.4 287.9 289.1 286.1 274.6 259.7 231.5 222.5 204.2 193.2 172.3 155.2 130.9 110.6 91.6 70.1 43.6 29 21.7 20.7 11.4 6.6 5.8 -1.2 -1.2 -1.2 -1.2 -1.2 -1.2 -1.2 -1.2 -1.2 -1.2 -1.2 -1.2 -0.8 -1.2 -1.2 -1.2 -1.2 -1.2 -1.2 -0.2
552.6 525.6 482 448.3 410.1 364.9 318.1 277 240.8 205.5 173.1 148 123.3 103.5 90.9 80.2 73.9 79.1 102.7 121.5 138.3 152.6 167 177.6 189 201.4 212.5 228.6 253.7 261.5 264.9 275.4 288.7 289.8 300 301.5 309.8 312.6 310.2 303.5 287.6 254.9 230.5 214.3 196.4 175.6 144.4 117 98 80 58.6 44.7 32 25.9 17.6 11.8 9.4 7.2 4.8 -1.2 -1.2 -1.2 -1.2 -1.2 -1.2 -1.2 -1.2 -1.2 -1.2 -1.2 4.9 -1.2 -1.2 -1.2 -1.2 -1.2 2.2 2.7
562.7 536.1 505.3 469.4 424.5 376.2 326 281.4 243.9 210.9 178.8 149.2 129.8 109 96.7 84.4 77.8 85.1 105.4 120.3 141.1 157.4 171.8 184.1 197.1 211.7 224.3 239.2 255.2 265.2 278.7 300.7 312.3 313.9 316.1 320.2 330.1 334 323.5 299.5 276.2 248.3 226.7 201.8 179.6 153 130.6 118.5 98.2 81.4 66.5 49.4 32.1 28.4 23.5 17.1 11.8 9.2 8.9 7.4 4.1 -1.2 -1.2 -1.2 -1.2 -1.2 -1.2 -1.2 -1.2 -1.2 3.6 4.7 9.6 1.2 3 3.2 2.5 -1.2
543.5 517.4 493.7 466.3 431.3 380.6 326.5 282 246.5 213.5 182 154 136.3 118.4 102.9 90.4 83.5 88 109.2 122.5 138.8 160 175.2 189.4 205.3 221.4 237.7 261.4 270.1 285.6 302.9 311.2 329.3 337.3 339.8 345.7 341.8 337.5 329.7 301.4 273.4 244.6 222.7 198.2 171.2 163.8 158.2 133.8 107.6 88.9 68.3 48.6 42.5 39.4 29.1 24.8 26.5 33.1 36.4 28.4 29.5 21.7 14.1 5.3 -1.2 -1.2 -1.2 -1.2 -1.2 -1.2 3.8 7.1 7.6 3.2 3.5 4.3 3.7 5.5
532 497.5 455.8 439 414.7 373.1 326.9 281.9 245.1 214.4 187 168 141.3 124.8 107.9 96.6 86.8 93.7 113.4 128.8 146.5 163.3 177.5 192.7 211.1 230.5 251.2 270.7 290 310.8 329.2 338.6 343.5 362.1 369.6 370.6 370 361.4 345.3 313 273.8 236.7 220.4 205.2 203.2 193.8 168.8 139.9 112.8 89.6 87.6 65.3 73.2 60.6 43.9 46.7 51.6 58.3 56.3 54 57.7 47.8 46.9 34.7 22.5 8.2 5.9 5.7 5.5 5.6 5.6 5.8 5.4 5 4.8 4.8 2.8 4.9
557.1 516.5 470.5 430 380.3 354.8 319.1 277.4 241.3 209.4 184.5 166.6 141.4 125.1 109 98.6 90.8 101.1 118 135.8 153 165.3 179.2 197.2 216.9 241.5 267.3 288.1 309.9 333.1 354.8 372 376.9 380.9 395.3 403.9 402.4 375.9 353 334 312.2 275.7 257 240.8 224.6 204.7 171 139.4 126.2 114 103.9 80.4 92.9 72.5 70.4 72.7 76 81.2 72.7 78.3 84.1 72.9 76.1 68.7 54.9 38.9 21.3 13.6 6 5.7 17 5 5.6 5.2 4.3 4.9 2.8 3
