Game/Highland_Data/StreamingAssets/GeoData/Data/nn/NN08.asc
ncols 200
nrows 200
xllcorner 200000
yllcorner 780000
cellsize 50
[rows 0 to 34 of 200, columns 0 to 77 of 200]
142.6 138.5 133.9 129.7 125.4 122.7 120.6 119.5 119 121.5 121.7 125.4 128.9 130.8 133 136.6 141.9 148.2 151.3 152.1 164.4 174.5 182.3 184.8 197.2 197.5 199.5 201 206.5 208.6 203.6 199.3 196.2 196.3 199.2 207.4 212 208.4 207 204.5 206 209.3 214.2 209.9 218 228.6 242.4 263.5 286 291.6 310.1 329.3 335.4 336.8 340 341.8 341.1 338.2 331.4 340 346.2 342.5 344.5 342.5 339.8 342.2 346.7 347.3 348 352.3 357.9 355.6 356.8 357.7 360.9 356.8 352.2 349
138.1 133.1 126.6 124 122.3 119.8 120.4 122.5 124.3 126.6 130.4 137 136.2 141.9 145.2 153.7 158.7 161.4 165.6 171.4 187.6 193.6 205.5 212.3 212.9 209 211.1 217.2 214.9 211.8 208.6 206.3 207.3 205.2 211.2 218.7 220.4 216.8 216.3 220 220.4 226.8 228.1 218.9 226.5 239.1 251.2 269.7 294.5 307.1 332.8 343.7 346.1 352.3 360.8 358.5 360.8 353.4 358.4 366.5 372.7 368.2 360.8 352.8 349.9 349.2 353.2 350.3 356.4 357.2 358.9 357.7 355.4 352.4 355 356.1 351.1 346.4
131 127.4 124.1 124.6 124.5 123.8 125.7 128.5 131.4 135.5 142 144.5 144 153.4 159.2 166.8 174.1 173.8 182.9 199 206.2 217.3 225.4 231.8 227.5 223.2 226.8 227.4 227.4 224.2 223.8 217.3 215.1 228.3 242 237.7 235.2 233.7 231.8 228.2 234.4 238.9 242.4 235.8 250.9 259 261.9 274.6 299.6 327.4 352.7 361.4 371.7 378.3 372.9 377.4 376.9 389.7 404.4 405.1 402.4 393 382.9 374 370.1 361 359.4 367.4 365.1 361.6 361 357.9 354 349.8 350 348.7 345 340.9
125.9 127.6 129.6 129 129.1 130.9 135.7 138.8 140.5 146.7 148.2 150 155.1 162.7 171.2 179.7 184.2 191.9 209.1 220.4 229.2 242.1 241.7 237.9 237.2 236.8 239.4 242.6 240.6 230 226.6 233.3 241.5 252.3 254.1 250.7 249.5 248 247.3 248.3 252.1 260.1 260 257.6 268.5 270.4 279 289.4 315.1 341.4 366.7 387.8 403.5 405.5 396.5 396.7 418.3 430.5 421.4 413.9 409.4 401.7 401.9 398.5 391.5 376.2 382.2 378.9 371 371.2 364.8 362.4 356.9 354.4 350.6 348.2 346.8 344.8
131.6 133.9 137.7 134.3 135.5 139.5 142.9 149.5 152.1 155 155.6 158.9 169.3 177.1 185.2 193.4 199.2 216.5 227.2 233.6 242.2 248.4 251.9 252 260.5 262.2 263.7 259.5 258.9 259.1 247.8 257.8 267.5 263.5 266.6 267.3 271.6 272 272.7 269.9 270.2 276.6 273.6 276.5 284.4 287.8 294.3 310.8 332.7 356.9 386.3 403.9 420.4 418.9 422.4 430.7 429.8 429.5 422.3 420.3 418.1 417.5 426.7 417.3 410.4 400 399.8 391.2 387.1 383.1 377.4 371.5 366.9 363.2 356.3 350 354.3 352.1
135.9 137.7 140.1 143.5 145.5 152.1 153.5 158.1 158.8 162.6 165.9 174.7 185 192.9 199.4 208.4 222.6 234.5 241 249 256.6 260.4 270.8 295.2 302.6 295.4 290.4 288.9 288.7 286.9 290.8 290.4 290.1 289.5 284.1 284.2 287.5 291.9 291.9 288.8 291.5 291.2 290.5 290.5 293.3 301.9 315.3 329.6 359.1 385.3 411.2 422.4 428 425.3 435.3 431.6 432.9 433.4 432 428.3 430.4 429.5 437.6 426.2 423.3 421.6 417.4 404.2 408.6 403 388.5 378.7 371.9 366.6 359.9 357.9 356.6 361.6
139.5 143.8 144.9 152.8 156.8 162.1 166.2 168.1 171.1 172.9 183.2 195.1 199.3 209.6 216.2 222.9 233.9 247.8 251.3 259.5 269.7 283.3 303.4 319.7 330 329.3 322.6 323 330.3 327.6 324.1 321.4 311.2 303.2 302.3 305.5 307.8 308.4 307.8 310.6 315.6 310 303.2 297.7 303.4 318.1 335.6 357.9 388.2 399.2 415.8 421.1 423.6 426.9 437.3 439.2 438.8 441.6 443.9 445.4 446.6 444.9 443.2 440.9 439.9 433 425.1 421.3 418 408.8 389.5 383.1 376.5 375.4 373.4 368.2 368.6 373.9
148.2 151.2 155.3 161.4 169.3 174.2 175.4 177.7 185.1 194.8 199.7 208.4 219.4 223.2 227.6 236.5 249.3 259.4 268.2 275.3 292 315.5 329.9 345.2 356.6 355.5 353.1 348.7 350.8 354.8 360.8 351.1 333.4 329.3 327.4 333.5 325.5 320 322.3 323.9 322.8 321.1 315.3 310.5 314.7 333.2 350.9 374.3 386.5 403.4 416.7 419.4 425.1 433.9 444.6 443.4 449.1 455.8 462.2 456.1 456.9 462 458.3 461.5 455 441.7 430.5 429.8 422 407.1 402.4 394 391.9 393.7 391.7 395.4 392.9 396.9
159.6 158.6 163.5 172.5 179.9 185.6 186.6 192.7 200.9 206.8 214.8 225.4 232.4 233.9 244.1 259.7 273.7 277.5 292.5 304.2 319.2 336 363.8 378.6 375.1 376.6 379.4 390.4 393.6 388.2 378 367.3 360.3 353.3 346.7 343.1 347.5 342.7 333.3 332.2 332.8 329 327 323.6 330.5 347.7 359.2 376.2 386.8 401.8 411.5 420.5 434.6 443.3 449.5 454.5 459.2 463.9 465.5 472.7 473.4 477.8 487.1 475.8 472 454.1 450.8 439.9 428.3 426.8 426 431.4 438.5 432.1 429.5 426.4 428.8 440.7
166.5 170.1 178.7 187.3 194.4 196.8 200.8 203.4 213.5 221.1 233.3 241 244.6 253.3 270.9 285.5 291.7 300.4 316.7 336.1 353.8 383.6 398.9 404.9 410.3 403.8 429.5 436.1 435.7 432.7 420.7 410.7 401.1 393.5 377.8 368.5 357 345.4 341.4 340 340.4 342.4 342.6 339.2 349.3 359.4 367.5 377.7 387.6 398.5 412.6 427 435.5 447.7 460.5 475.2 473.1 476.8 484.1 488.1 492.1 498.9 496.9 492.5 481.6 469 462.2 463.6 464 463.1 467.1 477.4 463.8 455.4 452.7 458 474.8 474
177.9 182.9 193.7 195.1 203.9 209 213.3 220 229 236.8 245.1 252.3 262.1 278.8 292.9 303 312.2 332.3 354.8 378.8 384.2 420.3 431.3 435.2 440.1 438.9 445.5 445.9 446.4 437.6 433.2 423.9 407.2 393.7 375.2 365.7 355.5 351.9 348.6 351.9 365.6 358.1 365.2 361.4 355.5 364.9 375.1 381.8 389.2 402.3 412.6 425.6 441.4 460.4 478.2 480 483.9 491.8 499 507.5 514.4 515.3 512.9 509.1 500.8 505.2 509.3 505.9 497.9 495.5 507.5 495 482.9 484 478.2 497.5 496.9 495.1
189.1 194.6 201.4 207.2 215.5 223.2 229.9 236.3 243.8 255 255.1 268.5 282.2 295.5 308.9 320.7 340.7 366.2 400.2 401.7 425.6 442.1 448 453 453.8 457.4 451.6 452.7 456 444.8 441.1 422.5 413.3 393.2 377.6 362 357.8 363.6 368.8 371.8 378.4 375.7 378.1 368.4 362.3 367.5 378.7 385.1 394.4 407 416.9 435.1 451.2 474.2 488.6 492 499.3 510.1 520.2 524.9 531.7 534.7 538.4 544 542.4 536.4 527.4 527.2 537 531.8 520.3 508.5 508.4 511.6 530.5 523.3 511.5 508.3
200.6 207.5 212.6 224.2 229 240.1 245.6 254.7 258.7 262.6 274.4 293.5 303.8 316.2 323.2 345.8 371.8 400.9 417.3 427.3 447.5 456.1 464.8 481.7 481.2 476.5 470.5 468.5 462 456.6 439.9 431.5 419.1 399.5 382.1 371.1 370.7 381.8 384.7 386.5 384.6 384.9 381.1 374.9 372.1 366.4 379.7 393.2 403.9 411.4 429.6 440.9 462.1 488.8 498.7 508.2 516 528.5 535.2 549.8 557.9 566 577.5 576.9 577.4 562.7 555.8 563.5 554.9 545 546 536 545.3 542.9 538.7 530.7 525.9 528.1
215.3 224 231.5 245.2 249.4 256 265.1 270.2 275.5 285.1 300.7 310.9 324.4 337.2 353.6 371.3 392.7 424.1 440.7 454.5 472.3 491 504.8 506.5 508 509.4 500.8 494.9 494.6 482.7 448.2 436.7 426.2 413.1 398 389.1 393.9 391.7 399 392.7 396.9 391.9 386.7 378.5 372 365.7 388.1 395.9 407.6 422.8 433 448 471.7 499.2 510.4 521 535.8 543.3 557.2 569.3 582.9 596.9 601.8 611.6 603.6 599.6 596 583.7 578.7 568.2 562 564.1 565.8 559 552.7 549.4 543.5 540.8
229.7 244.8 258.4 274.2 272.2 275.9 280.1 287.2 295.9 307.4 318 333.2 346.5 364.1 379.6 399.9 428 457.3 471.6 490.5 510.8 539 547.5 545.3 536.2 520.2 516.7 514.2 504.7 500.8 486.8 458.8 433.7 430.3 417.3 405 405.9 410.1 412.7 400.6 400.3 392.8 385.4 381 381.7 376.8 389.1 399.9 414.7 433.5 442.4 456.8 481.3 510.1 526.8 538.5 551.4 564.7 577 593.2 604.3 613.9 618.1 622.7 622.4 617.2 614.9 606.7 603.3 597.4 600.1 600.4 594.7 582.7 567.8 565.1 557.7 560.2
251.1 264.4 279.3 296.5 289.7 296.2 294.3 305.5 312.2 322.7 337.6 356.3 376.6 394.9 411.4 436 460.7 487.9 502.8 527.8 561.9 592.9 590.4 585.7 570.5 548.5 542 526.5 514.9 506.2 495.4 479 458 444 430.6 423.9 421.2 416.2 409.1 400.3 394.8 392.3 390.2 385.7 381.1 386.6 397.5 412.7 432.9 441 452.1 468.8 493.6 523.4 542.7 553.6 568.7 583.8 595.2 612 618.5 628.7 636.6 638.5 636.7 638.7 642.2 645 645.7 643.2 637.9 626.3 615.6 601.2 591.5 583.3 581 593.6
273 282.3 298.5 309.6 304.5 305.6 311.6 321.2 325.5 338.5 356.2 380.5 407.1 430.4 450.6 470.8 493.1 521.2 535.9 566.6 612.5 637.9 629.6 629.3 631.2 603.9 580.1 562.3 549.3 520.6 499.8 481.2 467.6 455 440.4 434.4 418.8 409.5 406.1 397.7 393.8 394.8 392.4 391.5 390.6 406.8 426.2 436.4 442.1 449 462.6 485.2 508.9 539.8 562.9 575.5 590.5 600.3 617 626.4 633.6 640.2 647.6 648.7 649 652.8 657.1 658 656.8 653.7 649.8 646.6 641.8 629.9 617.7 614.8 626.9 622.3
288.6 302 312.3 310.9 314.8 318.2 327.1 334.1 345.5 361.6 379.8 411.7 444.1 465.9 484.2 510.8 539.3 553.1 569.4 603 639.1 663.4 665 664.5 660.7 637.6 615.1 587.5 565.3 543.9 528.5 495.8 481.3 464.7 447.8 432 413.2 403.8 398.1 397.2 399.5 404.2 404 406.9 421.2 438.9 440.2 442.7 448.5 459.4 477.4 502.6 525.2 558.7 577.6 592.4 603.3 619.8 628.4 637.6 642.9 654.7 659.1 656.9 658.6 663.2 666.3 664.2 661.9 659.6 657.4 654.5 651.8 647.5 643.4 639.7 637.6 635.9
309.9 314.5 327.5 320.7 326.7 334.5 342.4 353.1 364.5 386.3 413.4 445.1 468 493.3 522.8 551.8 573.1 580.1 597.2 628 668.6 692.1 695.7 698.2 694.5 667.6 623.9 598.9 580.7 552.8 529.6 498.5 475.5 460.5 443.2 425.2 414.1 406.4 407 404.8 411.9 421.6 438.2 437.1 436.6 442.3 446.6 450.8 455 470.8 489.9 512.4 543.9 577.8 593.2 608.2 623.3 636.8 644.1 650.8 655.8 661.7 664.5 663.2 664 666.8 666.2 667 666.2 663.8 661.1 658.4 655 653.5 651.3 649.4 648.5 647.2
320.7 324.8 332.3 332.5 343.8 352.4 363.4 378.9 394.8 414.6 442.5 469.6 494.2 526.1 555.6 582.7 596.3 607.2 626.9 663.6 702.7 716.7 718.7 710.1 697.4 679.2 650.5 618 586.5 559.4 534.2 499.5 477.1 464 448.1 440.5 431.1 425.6 417.9 421.7 436.8 446.3 443.9 443 440.6 446.1 450.4 460.2 466.7 480.6 497.7 524.1 559.6 590.6 609.5 624.7 638.1 648.1 652.5 658.2 660.3 662.6 664.1 663.6 665.9 667.6 669.3 669 666.1 664.3 661.2 657 653.4 650.6 649.8 649 647.5 647.3
332.3 335.8 340 346.2 356.6 371 388.9 408.2 425 448.1 474.8 500.6 526.5 551.9 586.3 610.2 626 634.8 657.7 691.6 724.1 729.4 726.3 717.9 705.2 690.5 657.5 638 619.7 582.9 553.7 523.3 496.9 482.9 481.4 478.1 464.5 444.9 435.6 441.9 449.6 452.6 450.6 449.9 445.4 455.9 459.9 464.1 474.3 488.8 511 541.2 581.2 606.6 625.9 637.7 648.9 654.7 657.6 660 661.1 662.9 662.5 664.5 667.2 667.2 667.5 664 663.2 657.9 654.2 650.5 645 643.2 641.5 638.7 638.5 639
343.5 342.3 352.1 361.9 375.7 390 412.9 431.1 450.8 476.5 502.1 529.4 553.9 584.1 617.7 643.4 651.3 659.5 687.8 713.8 733.9 741.3 733 719.3 706.7 691.1 670.1 650.1 633.8 615.4 581.3 550.3 524.8 508.8 504.5 486.3 465.3 474 470.9 462.4 453.8 457 453.9 458.5 454.6 460.3 465.6 469.9 483.7 504.5 526.5 557.9 599.6 620.9 633.5 640.6 649 652.9 653.9 656.8 657.7 659.6 661 662.7 665 663.3 659.1 659.1 655 650 646.5 640 635.2 631.8 630.4 627 626.1 623.6
345.2 351.8 364.1 379.8 396.5 411.3 434.4 454.9 478.7 505.1 531.9 556.3 583.2 618.5 646.1 670.6 680.8 686.3 708.8 736.4 752 740.4 734.5 720.6 710 687.5 666 653 640.9 625.4 610.4 584.9 546.7 526.9 506.8 488.6 489.8 489.1 477.6 471.4 466.5 464.4 460.8 461.6 460.1 466.3 472 480.5 505.5 515.7 542.3 577.6 610.2 622.2 629.9 639.6 646.7 646.7 648.1 652.9 655 655.3 655.5 657.6 655.7 654.8 652.2 650.9 643.1 638.5 633.3 628.4 624.9 619.4 618.6 614.6 612.5 608.9
350.7 361.5 375.5 397 415.3 437.6 459.5 479.5 506 530.5 558.2 583.9 610.3 646.5 684.3 706.7 710.2 719.5 737.4 751.7 741.2 735.9 731.9 715.9 695.4 679.8 658.9 644.9 633.9 620 607.5 593.8 557.3 534.7 522.7 510.7 509.7 497.5 486.2 481.2 477.3 471.1 466 461.9 462.9 469.6 476.8 488.5 508.3 532.3 563.6 593.3 609.3 620.3 626.5 633.7 637.5 640.4 644.8 647.6 646.9 647.3 648.6 648.6 648 645.1 639.9 634 631.9 626.4 622.9 618.2 614.3 608.3 604.6 602 596.5 592.7
362 375.8 395.9 416.2 436 461.5 482 505.6 529.3 558.3 584.8 612.1 648.1 681.8 717.9 734.4 745.1 754.4 760 756.2 745.7 740 719.5 700 684.6 663.7 642.9 628.1 618.7 607.1 598.6 579.3 564.3 549.1 533.3 526 512.1 504.7 496.3 493.1 485.2 474 468.2 462.7 465.8 474.3 481.5 494.5 516.6 542.6 577.3 594.3 604.4 614.5 621.5 627.7 631.7 634 639.7 640 639.9 637.7 639.6 638.6 637.3 633.5 627.5 623.2 617.7 611.8 610 604.4 600.3 595.1 590.3 585.5 579.8 576.6
375.5 394.4 416 435.7 458.8 484 507.4 530.5 555.3 581.3 614 645.7 682.1 716.2 745.1 758.3 767.7 771.2 768 755.4 742.2 724.4 697.9 676.1 657.4 639 625.4 613.3 607.6 598.8 587.9 578.9 567.7 559 551 541.3 528.3 509.7 499.6 495.1 483.4 475.3 469.4 469.2 469.9 478 485.6 498.9 522.2 551.3 573.4 587.6 599.7 608.2 613.5 618.3 619.2 625.9 629.4 628.3 627.6 629 630.2 629.2 625 620.4 617.3 610.8 604.2 598.5 592.6 590.3 587.2 581.6 577.8 570.8 566.5 561.6
392.5 415 435.2 460.4 485.6 508.1 532.3 555 583.3 610.7 642.1 681.8 711.8 742.5 759.9 773.6 778.8 772.2 753.5 734.1 714.9 696.9 679.7 656.3 642.5 629.6 618.8 606.1 598 592.7 591.7 586.2 586.6 573.1 554.8 545 524.9 510.5 499.1 491.5 484 474.9 473.2 472.5 474.6 480.2 490.9 508.5 535.7 552.3 569.8 581.9 591.3 600.6 604 602.6 605.1 609 611.4 613.2 611.2 616 616.1 615.4 612.3 607.8 602.3 598.3 589.1 583.2 579.9 574.8 571.7 567.8 561.3 555.3 550 545.9
410.2 434.8 455.1 490.2 510.8 536.6 561.3 580.6 613.9 638.9 674.8 703.8 733.2 760.2 777 784.1 775.8 754.2 733 712.7 695 674.4 657.6 643.5 632.7 618.4 607.7 599.9 596.6 593.3 586.9 584 574.5 555 541.4 532.5 519.9 507.3 497.3 488.7 479 478.1 480.3 479.7 481 488.5 498.2 517.8 534.6 550.5 566.3 574 581.2 586.9 591 589.6 589 588.9 592.8 593.8 593.7 600.9 600.3 599.1 597 593.3 587 580.7 572.2 566 563.7 560.5 555.9 549.5 541.7 536.9 530.4 523.4
429.3 454 480.4 509.4 531.6 562.3 590 618.1 642.7 679 714.2 736.4 758 780.1 792.1 790.2 766.6 740.4 714 695.7 674 658.1 641.8 628.2 617.8 608.3 604.8 596.4 589.8 582.9 578.5 570.3 558.5 545.8 533.2 523.7 514.8 502.6 489.8 485.5 488.2 489.6 488.4 489 491 500.6 513.4 525.9 535.6 549.6 558.4 563.6 567.3 571.1 574.5 573.4 572.6 575.6 570.6 574.4 575.4 581.2 582.8 578.8 578.6 574 569.7 561.9 556.5 549.1 546.1 543.3 536 529.3 520.9 514.4 509.1 503.2
450.9 473.3 502.9 529.1 554.4 584.2 617.9 644.1 675.6 703 739.8 762.7 788.9 806.9 810.8 791.4 758.6 729.3 709.7 679.9 660.7 642.7 631 618.4 608.8 608.1 601.1 593 583.2 574.6 565.5 555.5 546 536.8 527.2 516.9 507.2 501.7 497.3 495.8 491.8 494.6 498.1 502.3 510.6 517.9 524.2 528.4 538.8 541.7 549.3 553 555.1 555.5 555.7 556.3 555.4 555.4 554.3 554.1 555.7 558.3 560.4 560 555.4 552 547.1 541.9 537.3 529.4 528.1 521.8 515 509.2 501.1 495 488.5 480.2
474.6 498.7 525.7 554 582.2 609.4 641 680.5 707.7 740.2 771.2 793.3 814.3 829 817.3 789.9 756.4 728.1 693.9 668.7 644.5 630.4 614.8 607.1 600 598.3 594.6 585.9 576.6 568 559.1 548.4 534.4 522.3 521.9 517.6 511.4 505.7 506.6 500.6 502 509.5 513.2 518.4 531.2 537.6 537.7 533 533.9 539.4 541 543.4 539.5 534.3 539.9 536.2 538.2 542.2 537.8 533.7 534.2 535.4 535.1 533.6 531.9 526.1 523.5 518.4 514.4 508.1 506.2 498.5 493.3 488.7 479.6 471.7 463.5 458.3
490.7 521.9 555.2 581.7 612.6 649.3 677.8 704.7 740.8 767.5 796.8 817.9 837.7 838.8 814.7 782.8 744.2 714 685.4 660.8 638.6 619.7 604.6 596.7 591.3 584.6 581.3 575.7 569.1 559.1 557 546.7 539.6 533.6 531.2 522.8 518.1 510.4 510.6 512.6 521.8 524.1 530.8 542 545.6 546.1 543.4 534.7 535.8 536.5 533.9 532.3 529.8 527.4 527.1 524.6 526.5 526 521.5 518.9 518.9 517.9 513.7 513 509.1 505.7 499.2 495.3 492.9 488.2 482.8 476.8 469.7 464.8 454.1 443.6 433.9 428
507.5 539.1 574.3 604.4 653.3 681 705.1 739.3 765 799.5 821.5 841.3 847.4 836.4 808.7 771.2 733 701.1 678.1 659.3 638.7 619.1 596.9 590.4 585.8 578.7 576.4 574.9 570.2 563.3 559 550.3 551.8 545.7 536.8 533.6 533.5 532.8 531.1 542.3 550.6 547 558 560.8 556.1 548.4 546.4 542.2 537.1 534.2 534.3 528.1 522.9 520.1 518.7 515.6 515.9 512.8 510.3 507.8 503.8 501.1 497 491.2 489.8 485.3 479.1 475.1 471.6 467.4 459 453.9 449.3 439.4 428 419.5 412.3 408.1
523.3 555.7 594.2 626.4 670.6 700 735.6 763.8 793.5 819 841.7 854.2 834.1 808.6 783.1 751.2 715.1 693.5 676.6 659.8 643 624.5 606.2 594.5 584.1 583.1 581.3 580.5 576 571.8 560.8 562.2 559.2 555.8 553.1 561.7 561 561.2 556 576.7 578.4 577.5 575.8 570.9 566.5 562.9 552.8 546.1 541 533.9 531.7 527.6 522 517.1 514.8 511.1 503.9 499.6 498 491.8 489.4 486.9 482.3 477.6 474.6 467.9 460.7 455.9 448.8 443.2 434.5 430.2 425.7 415.4 409 401.5 392.1 384.5
541.6 568.9 608.1 649.3 688.6 722.4 760.5 787.1 811.1 831.1 848.1 849.7 815.2 786.9 763.9 730.2 703.9 692.6 674.1 655 637.9 615.6 594.5 590 587 589 589 585.9 578.8 573 572.6 572.2 572.7 575.9 584.4 591 595 587.3 595.4 600.8 601.3 596.3 588.5 580.6 570.6 567.7 561.3 552.1 542.6 536.5 531.4 526.5 521.7 514 509.5 504.1 497.2 489.6 488.9 482.3 479.2 474.4 470.7 464.2 459.5 452.9 446.3 438.8 433.3 424.4 416.5 412.4 405.7 397.6 388.5 380.2 373.5 364
