Game/Highland_Data/StreamingAssets/GeoData/Data/nn/NN10.asc
ncols 200
nrows 200
xllcorner 210000
yllcorner 700000
cellsize 50
[rows 70 to 104 of 200, columns 0 to 78 of 200]
-1.4 -1.4 -1.4 -1.4 -1.4 -1.4 -1.4 -1.4 -1.4 -1.4 -1.4 -1.4 -1.4 -1.4 -1.4 -1.4 -1.4 -1.4 0.6 2.4 7 9.3 13.7 17.3 23.1 26.9 35.7 44.2 51.3 61.3 68.9 76.2 83 99.2 119.2 115.4 110.2 115.7 119.1 120.1 121.5 124.7 128.3 134 141.1 147.5 152.6 156.2 166.4 173.3 176.5 180 184.7 191.1 196.1 202.5 206.5 212.7 216.1 221.6 227.2 232.1 232.8 237 240.1 242.1 242.7 241.4 240.9 243 245.6 254.5 262.1 261.4 265.2 266.8 268.7 270.2 269.7
-1.4 -1.4 -1.4 -1.4 -1.4 -1.4 -1.4 -1.4 -1.4 -1.4 -1.4 -1.4 -1.4 -1.4 -1.4 -1.4 -1.4 1.1 6.3 8.7 13 17.5 20.9 24.8 28.8 37.5 43.8 51.9 61.5 70 76.9 82.1 93.3 109.5 118.2 119.8 119 116.9 122 123.8 127.2 131.3 134 140.4 147.2 153.7 160.1 164.7 173 179.2 183.4 188.1 190.9 186.8 198.2 206.2 212.9 219.2 223.5 225.9 230.3 235.3 237.6 241.3 243.8 243.9 244 245.1 244.6 249.9 253.8 261.7 268.3 269.3 270 270.4 271.7 274 271.7
-1.4 -1.4 -1.4 -1.4 -1.4 -1.4 -1.4 -1.4 -1.4 -1.4 -1.4 -1.4 -1.4 -1.4 -1.4 -1.4 1.2 7 11 16.9 21.9 23.6 26.2 32.4 39.7 45.6 56 63.3 73.9 79.7 83.1 86 98.3 109.2 117.3 122.1 123.4 123.4 126.3 130.2 132.2 136 141.2 148.4 154.3 161.4 167.6 174.4 179.2 183.8 189.4 194.5 197.1 201.3 204.9 206.9 211.6 223.2 227.7 229.8 235.8 239.1 242.5 242.9 244.6 244.8 246.9 246.9 249.8 257.9 263.7 265.9 272.6 272.6 273.2 276.8 277.7 281.4 280.2
-1.4 -1.4 -1.4 -1.4 -1.4 -1.4 -1.4 -1.4 -1.4 -1.4 -1.4 -1.4 -1.4 -1.4 -1.4 4.3 8 15.7 20.6 24.4 28.4 33.3 33.2 42.2 49.4 56.1 65.2 72.7 76.4 82.5 86.9 93.9 100.1 109.8 118 122.3 126.6 127.3 130.9 134.1 137.3 144 148 154.8 162.4 168.5 174.9 181 185.6 191.4 196.2 200.4 205.1 209.3 212.8 217.6 221.9 226.9 232.4 237.1 236 243.7 246.8 247.3 245.9 248.7 249.1 250.2 255.3 259.4 267.2 270 273 275.6 276.7 278.5 284 288.3 294.6
-1.4 -1.4 -1.4 -1.4 -1.4 -1.4 -1.4 -1.4 -1.4 -1.4 -1.4 -1.4 -1.4 -1.4 6.7 9.7 18.4 22.6 26.6 30.7 35.3 41.1 44.3 47.7 59.8 69 76.6 81.4 80.3 86.3 94 100.2 107.6 113.4 120.5 124.8 129.6 131.3 134 138.2 143.7 149.6 156.1 162.8 171.7 176.9 181.3 186.9 194.3 200.3 202.8 199.2 212.7 217.1 221.3 225.6 225.6 233.7 237.3 241.1 244.9 244 249.6 249.7 248.1 250.1 252.4 257.5 262.7 263.5 265.8 274.7 280.7 279.8 284.4 282.7 292.3 300 307.7
-1.4 -1.4 -1.4 -1.4 -1.4 -1.4 -1.4 -1.4 -1.4 -1.4 -1.4 -1.4 3.7 8.6 13.1 20.5 24.7 29.8 35.7 39.6 44.1 47.5 44.4 53.7 65.7 75.4 79 81.7 91.6 98.4 104.9 108 110.8 118 123.8 129.6 132.8 136.8 140.2 144.9 150.7 157.2 164.5 172 179.3 183.6 189.9 196.5 201.6 207 211.9 214.9 220.4 225.6 229.9 233.5 235.1 239.9 247.6 251 252.1 252.7 250.2 252 250.7 254.4 253.3 257.2 265.2 270.6 275.9 280.7 284.7 284.5 289.8 290.9 302.1 310.2 319.5
-1.4 -1.4 -1.4 -1.4 -1.4 -1.4 -1.4 -1.4 -1.4 -1.4 -1.4 2.7 9.6 16.7 23.1 28 33.5 37.1 43.3 48.9 51.5 53.4 52.3 58.7 67.7 73.7 86.2 93.5 96 104.4 107 111.3 116.9 122.7 127.4 132.4 138.2 142.4 146.6 152.7 158.6 164.6 172.5 180 186 191.9 198.3 203.5 209.7 216.4 217.9 224.5 226.8 233.3 237.2 240.2 245.7 249.5 253.7 256.6 256.8 255.4 254.8 255.5 256.2 258.3 264.1 266.5 270.9 278.1 283.5 287.2 291.4 290 296.8 300.6 305.2 321.4 332.2
-1.4 -1.4 -1.4 -1.4 -1.4 -1.4 -1.4 -1.4 -1.4 -1.4 4.5 11 18.8 23.6 28.5 36.7 39.3 46.4 51.1 55.4 56.1 58.9 57.7 60.6 64.4 74.9 85.1 91.1 98.1 103.3 111.1 117.9 121.7 127.2 132.5 137.6 143.3 148.5 156.1 160.3 167.2 173.6 181.3 187.2 194.8 199.8 206.6 212 217.4 221.6 227.1 232.8 227.7 240.2 244 248.5 252.7 251.8 251.6 261.1 261.8 258.1 258.6 260.8 260 258.8 266.5 269.7 268.7 281.3 287.9 292.8 297.9 296.5 304.7 318 319.8 329.6 340.7
-1.4 -1.4 -1.4 -1.4 -1.4 -1.4 -1.4 -1.4 -1.4 4 11.2 18.8 22.3 32.7 37.2 41.3 51.3 55.1 59.1 60.9 59.7 60 60.4 62.4 67.4 76.7 84.8 93.1 99.7 109.8 116.3 120.3 126.8 133.8 138.2 143.1 151.3 157.5 162.1 159.7 176.5 181.9 189.6 195.4 201.8 208.1 214.4 220 224.3 229.6 238.3 241.5 239.7 246.1 251.3 256.2 258.7 263.6 264.3 266.6 265.2 263.9 263.6 265.6 265.2 265.6 269.6 275.9 284 289.4 295.3 301.8 303.7 304.9 316.9 326.4 330.2 343.6 356.6
-1.4 -1.4 -1.4 -1.4 -1.4 -1.4 -1.4 -1.4 -1.4 9.3 17.1 22.2 30.2 38.6 44.9 52.6 59 64.6 67.8 66.2 60 60 61.8 64.5 69.2 75.8 85.4 96.1 106.9 114 118.4 125 131.8 139.5 145.2 152.7 159 163.5 169.1 174.1 181.3 191.7 199.1 204 210.6 215.5 220.3 226.1 230 237.6 243.1 245.1 247.4 254.2 258.7 261.7 266 268.3 269 267.1 268.4 266.6 268.3 269.2 270.2 277.3 279.9 282.7 288 295.2 300.5 305.5 309.3 317.6 330.1 337.7 344.4 358.3 370.6
-1.4 -1.4 -1.4 -1.4 -1.4 -1.4 -1.4 1.3 8.6 13.3 22.4 29.2 37.7 45.2 50.8 60.6 67.8 70.6 71.7 62 59.5 61.1 63 66.8 76.2 84.8 91.1 102.3 110 119.2 124.3 130 139 146.4 155.3 160.8 166.2 169.7 178.3 185 190.6 195.4 205.6 213 217.6 223.9 227.4 232.9 240.6 245.5 248 251.5 253.1 261.8 266.8 270.1 271.8 272.8 274.1 270.1 270.5 271.5 273.6 274.1 277.7 283.1 282.5 293 298.4 305.3 307.7 313.1 319.9 329.2 336.5 351.7 362 371.2 383.5
-1.4 -1.4 -1.4 -1.4 -1.4 -1.4 -1.4 7.7 13 21.2 28.3 33.4 40.3 46.9 52.1 58.8 68.1 68.1 61.4 59.9 61.6 63.5 68.3 76.8 84.6 90.8 98.4 107.3 114.4 122.4 132.3 139.4 148.4 156.4 163.3 169 172.7 178 184.4 191.2 199.1 207.3 210.5 219.7 228 229.2 235.3 239.5 246.8 250.1 254 259.2 264.2 266.6 272.5 275.5 276.7 278.9 277 273.3 275 276.2 277 280.1 285.2 290.5 290.3 297.3 306.4 311.4 316.5 320.5 331.4 342.4 357.2 364.1 373.1 384.6 393.3
-1.4 -1.4 -1.4 -1.4 -1.4 1.6 8.3 13.5 22 28.3 34.2 39.4 39.6 43.9 50.2 57.5 61.1 57.9 59.6 61.4 64.1 67 74.8 80.1 89.2 97.1 105.2 112.7 122.5 131.3 140 150.3 157.6 163.8 169.1 173.7 179.5 187 193.1 201.3 208.9 213 219.4 220.2 232.8 237.7 243.3 248.4 252.3 256.2 261.7 266.5 271 272.9 278.2 281.3 284.4 282.7 281.6 279.1 279.6 282.2 282.4 286.8 293.1 298.8 303.6 308.6 313.5 321.2 327.3 333.9 343.8 355.2 369.7 372.7 384.9 393.5 399.8
-1.4 -1.4 -1.4 -1.4 -1.4 7.2 11 15 28.5 34.2 34.9 39.2 37.3 40.2 44.2 50.9 59.7 60.2 61.5 63.1 67.2 70.8 80.3 87.3 96 105.4 114 124.1 132 140.8 147.6 158.7 163.6 170.6 174.6 182.4 186.3 195.8 204 209.5 217 221.2 228.5 233.6 238.6 244.3 249 253.7 256.9 262.5 267.7 273.2 276.4 278.2 283.7 287.7 288 287.2 287.7 281.7 285.9 285.1 289.3 291.5 296 303.6 310.7 317.4 325.3 332.7 340.8 349 358.4 368.1 380.1 386.7 393.1 403 409
-1.4 -1.4 -1.4 -1.4 7.5 9.5 12 16.5 29.5 28.3 28.4 27.6 28.9 36 45.7 60.7 66.5 64.4 64.9 67.4 71.9 79.1 86.5 95.3 103.2 113.1 124.1 131.2 139 147.5 157.6 167 171.9 176 183.6 190.4 198.2 205.5 213.1 218.8 223.7 228.5 235.7 241.3 246.2 252.4 256 258.7 263.1 267.5 273.1 278.1 282.4 285.5 289 291.2 291.8 292.6 291.9 288.1 290.7 291.6 295.3 300.9 308.5 314.4 321.3 329.2 337.8 345.4 353.7 364.7 372.2 378.5 390 397 400.8 411 420.1
-1.4 -1.4 -1.4 -1.4 1.1 8.4 11.3 15.7 19.2 17.5 21.2 24 31.5 42.6 54.6 65.4 67.4 67.2 68.9 72.6 79 86.1 95 103.4 112.3 121.2 131.6 138 146.1 157.4 165.6 171.8 178.4 185.2 191 200.3 206.6 215.7 222.4 226 231.7 236.4 243.3 249.8 256.5 259.3 262.6 265.7 269.6 273.9 280.1 283.9 288.1 291 295.9 295.1 295.6 296.3 297.5 291.6 295 297.9 300.2 308.9 316.3 324.8 331.9 340.4 349.4 357.3 367.9 377.7 382.3 386.1 395.1 405.5 409.2 420.5 433.2
-1.4 -1.4 -1.4 -1.4 -1.4 4.3 9 12.8 12.4 17.7 24 31.4 41 53.1 60.4 65.6 67.2 69.4 72 78.8 86.5 95.3 103 111.9 120 131.1 139.5 144.3 156.2 166.1 173.3 179.6 185.9 193.9 201.9 211 218.3 223.2 228.3 234.8 238.8 244.6 250.4 257.3 262 259.9 267.3 271.8 276 279.5 285.8 290.1 294.5 296.6 291.6 297.9 299.3 302.6 299.9 296 299.4 304.1 309.6 319.5 328.9 335.4 343.1 351.9 360.8 371.4 381.2 387.5 390.5 396.6 402.9 415.3 418.9 426.2 433.6
-1.4 -1.4 -1.4 -1.4 -0.3 1.6 5.7 12 16.3 19.6 25 33.4 45.1 55.4 63.3 65.4 68.5 73.3 77.7 85.2 94.7 104.1 111.3 121.1 130.9 138.3 147 155 165.3 173.1 178.6 188.3 194.8 203.7 212 219.8 227 231.4 236.8 241.4 246.8 252.3 258.1 263.7 267.5 268.3 269.6 275.8 281.4 286.7 288.8 293.7 298.1 299.1 299.9 302.9 304.7 306.5 301.4 303.7 305.9 311.7 321.9 330.5 338.3 347.3 354.8 363.9 374.8 386.8 392.6 395.4 407 410.9 416.3 422.8 430.7 436.7 447.9
-1.4 -1.4 -1.4 -1.4 0.2 3.2 8.7 15.5 20.5 26.3 31.3 39.2 47.8 56.2 64 67.8 69.9 78.7 85.7 93.4 99.1 112 120.9 131.6 138.9 148.2 156.3 159.3 173 181.2 188.1 198 206.1 215 224.7 232.4 237.1 240.1 245.1 249.8 255.4 260.5 266.3 269.6 272.1 274.1 273.5 282.7 287.6 291.6 294.8 298.9 302.3 302.7 304.1 306.6 309.8 309.7 308.6 310.4 316.1 322.4 332.7 340.4 351.1 358.8 368.4 377.9 390.5 396.7 402.2 410.1 417 419.5 423.1 432.2 441.5 451.5 456.6
-1.4 -1.4 -1.4 -1.4 0.7 7.5 11.6 22 26.4 29.5 35.1 42.3 52.5 61 65.5 71.8 79.2 85.4 93.9 103.1 110.1 119.5 123.4 138.3 145.1 154.3 165.7 174.5 181.1 186.6 196.8 205.6 216.2 225.7 235.6 241.6 244.8 242.5 253.7 257.7 264.1 267.9 271.6 274.1 276.7 279 282.8 282 291.1 296.7 300.4 303.5 306.6 306.2 308.2 311.3 314.4 310.7 314 317.9 327.1 334.6 343.1 349.8 362.9 370.6 381.3 391.8 399.7 402 410.4 417.8 422.8 428.1 432.2 443.4 450.4 458.9 463.8
-1.4 -1.4 -1.4 -1.4 5.1 11.7 21.7 26.8 31.7 34.6 41.7 49.9 60.6 69.4 73.9 80.1 85.4 95.3 102.1 110.6 119.8 129.3 137.2 146.4 151.3 165.2 173.4 182.1 189.3 198.3 205.8 217.6 226.9 237.6 246.7 250.6 253.9 256.2 258 266.9 272 275.3 277.7 278.8 281.8 285.4 289.3 293.5 286 302.1 304.9 307.6 309 309.9 309.6 316.4 319.2 316.9 320.7 327.8 335.4 346 353 361.3 372.7 382 390.9 398.7 402.4 411.5 419.3 426.5 429.5 436.4 441.7 451 457.4 462.1 466.9
-1.4 -1.4 -1.4 5.4 11.8 19.9 29.3 35.6 39.2 45 51.9 62.7 73.6 82.7 87.2 92.2 98.1 107.1 116 122 129.9 139.1 147.1 153.4 164.6 170.4 182.2 191.2 199.9 207.7 217.6 226.9 237.9 249.9 254.8 258.8 262.2 265.8 269.3 274.2 278.7 281.1 281.9 284 286.8 290.1 294.5 298.7 303.5 302.9 309.7 311.9 312.5 314.9 317.8 320.8 321.7 322.5 328.5 337.4 343.9 353.7 361.2 371.1 381.1 388.4 395.8 402.8 411 417.5 424.9 431.7 438.9 442.5 450.3 456 459.1 464.5 468.6
-1.4 -1.4 3.8 12 20 29.8 38 46.9 53.2 60 66.6 78.2 88.6 96.2 104.6 109.4 111.2 119.7 127 133 139.2 145.8 155.4 166.7 174 182.4 191.8 202.2 211.2 219.6 228.2 240.1 250.3 256.6 262.3 266 269.9 274.2 278.3 281.1 284.2 285.4 286.7 288.8 292.3 296.3 300.5 305.2 310.1 313.4 311.8 314.6 317.3 320.2 327.8 323.8 326.8 329.1 336.4 343.5 354 362.7 370 378.6 387.4 394.6 402.2 409.5 418.4 425 430.5 438.8 446 448.5 453.9 457.2 461.5 464.4 468.1
-1.4 6.4 12.7 21.5 30.9 40.8 51 59.9 66.1 77 87.3 98.5 107.3 116 123.3 122.6 126.5 131.4 141.1 147.5 151.1 158.4 168.9 177 185.4 194.1 205.6 211.6 223.4 231.2 242.5 252 258 265.1 269.4 274.7 278 282.2 286.5 287.9 288.6 289.4 291 294.2 298.4 302.9 307.1 312.2 316.3 317 317.6 319.5 322.2 327 328.9 327.1 330.8 338 344.8 352.2 361.8 369.9 378 387.7 395.2 401.8 412.6 418.8 429.9 433.2 438.4 445.3 450.2 454.5 457.7 460 461.2 463.1 464.9
5.1 11.6 22.7 32.2 41.1 51.9 62 70.3 78.3 91.2 103.3 117.3 123.5 130.9 141.3 139.8 140.9 148.2 157.8 162.8 167.4 173.7 179.2 190.1 200.6 209.5 218.3 226.6 236.1 245.7 253.5 261.3 268.6 272.1 276.9 281 285.3 290.2 292.9 293.5 292.8 293.6 296.5 300.8 305 309.1 313.8 318.6 320.6 322 321.6 323.4 327.4 331.1 331.7 331.6 337.4 344.2 353.1 361.5 367.8 376.4 385.2 396 401.9 411.2 417.8 424.8 433.2 440.2 443.1 449.3 453 456.5 458 458.9 459.4 460.4 461.6
11 20 30 41.6 51.3 62.1 70.3 76.9 87.2 99.1 113 122.7 129.8 140.5 148.7 150.4 152.4 162.2 170 176.1 181.3 186.9 194.3 201.8 213.6 221.6 230.1 238.4 248.7 255.8 263.8 271.1 275.1 281.2 283.9 288.3 292.5 296.4 298.4 297.8 298.1 299.4 303.4 307.4 311.5 315.5 320.3 323.2 325 325.9 326.7 329.2 333.2 334.1 334.4 338.1 345.9 354.1 359.9 369.7 375.4 383.4 390.4 399.5 408 419.6 424.2 435 442 447.7 448.8 452.4 454.5 455.9 456.8 456.5 454.9 453.6 455.6
18.4 30 39.7 50 59.3 69.6 76 84.6 96.1 107.7 121 128.2 137.7 148.7 155.1 158.9 164.9 174 182.5 187.6 193.5 199.1 207.7 216.6 219.5 233.4 241.3 249.8 257.3 264.7 273.3 279.6 284.2 287.5 291.4 295.3 300 302.4 302.5 303 304.8 306.2 309.8 313.6 318.4 322.8 326.2 328.6 329.7 330.7 332.3 335.5 333.6 336.5 337.9 343.8 353 364.5 367.5 374.9 383.2 390.2 399.6 408.7 417.2 428 433.5 443.9 447.5 451.6 453.8 455.3 454.7 455.7 454.5 454 450.3 448.3 449.4
28.3 36.6 49.8 59.6 65.8 74.7 85.1 95.8 103.7 116.5 125.6 136.9 146.1 154.2 162 166.9 173.9 183.4 190.3 196.5 203.1 210.3 218.7 227.5 235.7 243.3 251.8 259.8 266.8 276.4 280.3 285.2 291.2 294.7 297.2 301.5 305.9 306.5 307.7 307.4 310.6 313.6 317 320.8 325.2 329 331.8 333.8 334.8 334.7 332.8 338.7 337.7 338.8 345.2 351.1 362.3 368 376.8 381.8 390.6 398.5 409.2 417.5 427.5 434.9 442.3 452 455.2 457.1 456.5 455.1 454.5 453.8 451.2 447.9 445.3 444.6 443.9
35.2 44.8 54.7 65.5 74.9 80.3 90.3 96.2 115.5 123.7 133.2 140 153.6 163 167.8 175.6 185.8 193.3 199.3 206 213.7 221.9 231.9 239.9 246.2 254.2 262.1 270.4 278.2 283.5 288.7 292.9 296.8 299.5 303.3 306 309.2 309.9 310.9 312.7 317.2 320.8 324.3 329 333.1 337.5 338.8 339.3 339.6 340.2 341.5 340.6 340.6 343.7 348.8 359.3 366.9 376.3 384.9 388.5 398.9 407.2 416.1 426.2 435.4 442.6 451.2 457.1 457.8 458.6 458.2 454.5 452.2 449.5 444.8 441.4 438.3 436.9 436.6
43.3 51.8 63.1 71.8 80 90.6 100.9 114.5 122 125.4 136.5 147.7 158.2 168 174.5 186.5 194.7 200.8 208.5 216.8 225.5 234 242 248.7 255.4 263.8 270.6 279.4 285.8 290.2 295.5 298 301.7 304.5 310 311.7 313.9 315.3 315.4 319 323.8 327.8 333.2 337.2 342.7 344.2 344.8 345.2 344 344.7 344.1 343.1 344.2 349.2 354 364.1 371.7 381 388.9 398 407.6 414.8 423 433.6 444.8 449.1 458.4 460.7 463.4 461.2 459.4 453 450.1 445.2 440.7 435.9 430.8 428 426.9
52.9 61.7 70.3 78.8 89.3 99.1 111.2 121 127.7 137.1 146.9 146.2 159.7 168.5 183 193.4 202 209.4 217.4 225.2 234.9 242.8 249.9 257.8 265.1 272.4 281.4 286.9 291.7 295.2 300.5 303.4 305.9 309.3 313.4 316.7 317.9 318.9 322.2 326.3 331.6 337.7 342.8 347.6 349.7 351 351.6 349.3 348.8 347.4 342.1 346.1 351.9 357.8 368.1 371.8 383.4 392.8 395.6 405.1 414.6 420.3 433.6 446.1 453.2 455.7 461.3 465.6 465.9 461.7 457.8 450.9 446.1 441.2 434.7 429.5 423.3 418.4 414.4
60.6 70.4 80.4 91.6 100.1 110.1 119.3 128.6 138.5 144.6 149.7 157.9 164.9 179.3 187.5 200.7 209.5 220 229.1 236.6 244.3 250.4 257.4 265.8 275.2 286.2 290.1 293.1 298.2 301.9 304.6 309.2 310.5 314.4 317.6 319.8 321.3 323.9 328.4 334.8 342.8 347.7 353.5 354.2 356.9 359 355.8 352.6 353.3 347.2 346.2 350.6 354.6 365 376.1 382 390.3 398 403.3 411.4 422 430.4 443.7 453.6 458.3 459.5 464.6 468.2 466.5 461.1 454.1 446.9 441.3 434.1 426.1 419.9 413.3 407.4 405.3
65.8 78.1 89.4 99.5 107.2 115.5 125.8 135.9 142.6 148.7 156.7 166.3 176.3 185.8 197.5 207.3 215.6 226.7 237.8 244.7 251.7 257.4 268.4 277.3 285.1 294.2 297.3 299.9 304.1 309 311.5 312.9 316.3 319.9 322.3 325.2 327.3 330.4 335.3 343.2 349.9 354.9 358 359.9 362.2 360.5 357.5 356.7 352.1 349.8 350.9 354.7 361.4 371.7 378 389 397.1 402.7 408.4 417.9 428 441.5 453.3 457.4 462.1 461.9 467.9 468 464.2 456.6 449.1 443.3 435.8 427.4 418.3 409.7 402.4 394 389.1
79 87.5 96.5 104.7 111.8 123.8 133.8 139.8 147.3 156.9 167.9 180.4 185.6 194.1 205.2 213.6 223.8 234.6 242.3 250.2 259.5 268.5 277.8 285.3 294.5 298.1 302.9 305.6 311.4 314.3 317 318.9 321.7 324.1 326.8 330.2 332.7 335.8 341.3 348.1 352.8 356.6 360.8 362.1 363.1 361.7 360.9 359.6 350.1 353.6 355.5 362.3 370 379.3 386.9 398.3 404.8 407.4 414.9 425.8 436.8 451.4 456.2 460.9 463.1 465.9 468.6 466.7 460.5 451.1 444.3 437.9 429.7 418.1 409.4 397.3 391.2 381.3 372.3
90.7 96.7 102.2 109.4 118.2 129.8 137.6 148.2 155.4 165.6 177.7 186.6 193.8 202.1 213 225.3 234.1 241.5 249.9 257 267.2 277.3 285.3 293.6 299.6 302.9 309.1 312.2 314.7 317.7 322.2 325.3 328.8 329.6 332.5 335.1 337.2 341.2 345.8 349.6 354.2 359.2 362.3 364.4 364.1 363.7 362.3 357.6 354.6 356.4 360.4 369 381.6 385.6 395.7 404.2 410.3 416 424.3 434.2 445.9 454.5 459.3 465.4 467.1 471.2 470.6 464.7 460.5 448 442.6 435.4 425.1 412.9 399.7 386.3 378 369.4 359.7
