Game/Highland_Data/StreamingAssets/GeoData/Data/nn/NN14.asc
ncols 200
nrows 200
xllcorner 210000
yllcorner 740000
cellsize 50
[rows 0 to 34 of 200, columns 80 to 159 of 200]
288.5 295.4 305.2 317 327.6 348.7 357.4 360.9 367.5 381.9 370.3 349.5 330.9 297.5 262.2 231.7 215.2 197.1 168.6 150.1 127 108.7 99.5 87.8 77 69.2 63.2 58.7 53.7 50.3 46 48.6 48.6 47.4 46.8 47.4 49.1 50.4 50.3 53 50.2 57.7 89.8 123.9 159.6 194.2 224.7 245.1 283.2 310.5 324.4 339.7 349.7 351.4 300.4 252.5 287.4 320.4 348.1 383.8 425.1 462.5 492.6 520.9 547.3 569 602.8 627.2 647.2 673.6 691.1 702.6 715.9 724.7 726.2 740.8 743.4 742.2 730.7 726.1
278.6 280.4 297.5 309.5 322.3 342.3 354.4 355.1 359.7 367.2 360.1 339 321.6 287.7 261.9 227.4 202 184.7 160.9 141.2 119.9 102.5 94 85.7 73.4 66.4 59.9 57.9 53.5 48.7 45.8 48.6 48.9 49.4 49.7 49.8 50.9 47.5 48.6 49.9 53.4 63.5 92.4 121.4 174.2 211.9 241.9 268.2 298.1 324.8 344.4 361.5 378.8 366.2 313.4 271 283.8 327.5 361.3 395.9 435.5 473 497.4 523 553 581.2 610.2 629.6 661.5 681 700 716.3 724.2 733.8 741.5 752.4 759.1 752.9 746 737.6
263.3 276.2 289.4 302.5 319.3 343.7 343.6 353.2 356.1 358.4 346.1 325.2 303.6 283.4 249.8 220.6 194 171.6 150.7 129.4 111.3 97.6 91.3 83.2 70.9 62 57.4 55.1 52.2 50.6 47 45.5 48.8 49.3 50 50.9 52.8 54.4 53.4 56.8 63.2 74.6 96.7 143.9 187.1 224.6 258.2 289.8 313.5 337.7 368 397.3 406.3 383 342.7 291.6 290.5 333.8 371.4 406.8 447.7 490.4 510.6 536.1 567.9 590.9 614.2 639.4 669.6 694 714.3 724.6 735 742.1 752.3 758.5 763.4 755.9 759.8 753.2
260.2 262.5 277.6 298.3 316.8 335.9 343.2 353.4 349.1 344.6 330.9 315.4 292.7 273.5 241.4 207.4 184.7 162.9 141.9 123.8 104.4 92.5 88.2 76.7 64 60.4 55.9 51 50.8 50.6 47.2 45.3 48 48.8 50.1 50.5 52.4 53.5 54.1 61 76.7 95.7 118.1 147.1 202 240.9 266.7 300.2 326.8 351.5 395.5 411.1 418 404.5 358.5 312.4 303.5 339 373.3 408.1 449.8 486.4 519.6 548.2 572.2 609 633.7 651 672.1 699.4 717 728.6 743.8 752.6 766.4 768.6 769.5 766.7 769.8 763.5
245.9 249.9 268 286.4 319.6 339.3 341.4 335.7 330 328.5 324.5 306.1 273.5 256.4 229.1 204.2 181.5 155.1 133.8 111.4 97.3 84.3 81.2 68.9 62.9 57.7 52.9 49.4 48.5 49.3 48 44.7 46.2 48.9 50.2 50.3 52.3 53.5 57.1 81.8 98 115.1 136.5 170.4 224.1 243.1 274.2 305.8 343.7 385.3 407.5 420.5 426.8 426.8 370.4 339.7 309 342.4 371.5 410.1 445.5 477.9 520.3 547.1 578.8 611 644.1 664.8 682.9 704.5 716.2 736.3 753.2 761.7 767.9 775.1 777.6 776.9 780.4 769.4
236.1 242.9 253.3 280.2 313.5 338.1 331.1 325.8 327.7 331.3 315.5 297.1 273.7 255.6 230.5 213.3 185.6 154.8 128.7 109.5 94.5 81.5 71.9 65.3 59.8 54.5 50.7 48.4 47.7 47.4 47 45.6 42.5 49.6 52.3 50.1 52.5 55.1 67.8 97 115.8 137.3 165.5 198.2 230.2 251.9 278 316.5 359.1 393 422.9 431.9 437.8 442.2 394.9 359.3 323.1 330.6 368 405 438.7 479 514.5 548.6 577.9 608.9 648.4 674 688.7 707 729.4 746.6 761.1 766.8 777 778.2 788.7 791.1 786.1 775.7
230.4 238.5 248.9 271.9 299 321.8 326.4 327.1 330.2 324.4 320.9 305.4 276.2 254.1 229.6 213.3 196.2 159.1 126.2 107.7 88.8 73.4 68.8 61.8 57.4 51.8 48.8 46.8 46.7 46.7 46.3 44.1 42.3 48.6 50 51.1 54.5 60.6 80.4 111.2 136.5 165.1 189.5 216.2 234.2 262.5 297.6 323.2 364.1 402.4 429.6 445.7 449.6 450.8 419 374 346.2 352.2 382.6 416.7 451 491.1 524.5 564.5 584.9 609.9 650.4 682.1 697.3 714.2 735.7 759.4 771.4 771.2 773.6 784.5 801.1 798 784.1 760.9
225.3 231.5 247.2 273.2 290.6 309.2 322.9 331 326.9 327 324.5 301.3 265.7 245.5 223.2 204.1 183.2 148.6 117.4 100.9 78.7 66.1 64.1 58.5 55.3 51.7 47.8 46 45.1 43 41.1 41.9 48.8 48.9 49 50.9 59.7 70.6 96.5 121 156.9 181.9 219.3 238.4 254.2 280.1 305.5 341.3 372.4 405.9 443 462.2 469.2 474.2 435.8 393.3 362.4 359 392.8 428.3 458 493.2 533 573.9 596.7 629.6 670.8 696.1 712.2 721.1 739.9 763.6 777.2 775.2 782.6 790.3 792 787.3 767.5 746.3
215.5 225.6 243.9 265.4 280.5 297.1 314.7 317.1 325.2 328.4 320.1 295.8 262.3 232.4 211.3 188.7 153.1 125.8 108.4 91.2 68.7 61.5 57.8 55.1 52.1 49.4 47.1 45.1 37.1 43.6 44.3 49.3 49.6 48.9 48.8 60.5 78.1 104.7 124.5 147.7 178.1 205.2 250.5 265.7 285.1 309.2 341.1 361 388.7 412.6 444.6 462.6 478.2 488.9 460.2 412.7 382.6 369.9 397.1 432.5 468 500.7 547.3 579.2 611 645.2 678.1 706.8 724.6 736.1 745.6 767.8 778 782.1 786.5 788.7 795.3 764.7 725.3 706
211.8 220.5 236.5 249.1 264.3 280.8 298.4 310.2 320.9 324.3 304.7 277.6 257.5 212.8 200.7 173.4 142 117.1 97 81.4 65.8 60.7 52.9 51.4 48.2 49.1 48.9 48 40.9 47.3 50.4 55.3 49.3 46.5 56.6 82.9 103.1 124.1 147.7 167.7 197.9 240.1 269.3 291.1 315.6 339.1 358.1 380.8 405.3 426.5 452.9 475.7 495.4 514.5 491.2 449.5 399.3 383.4 404 436.7 470.9 503.9 563.8 590.5 616.7 646.6 675.2 704.9 729.2 746.8 758.2 766.4 783.9 792.1 793.6 792.6 773.2 732.6 698.3 676.8
207 216.3 225.1 237.3 251.4 276.1 291.4 301.7 318.3 307.8 290.6 276.3 251.2 200 178 159 127.5 105.6 92.2 78.4 64.1 58.2 54.6 47.7 46.3 47.6 45.6 46.2 41 45.4 48.5 49.9 48.8 49.5 68.6 106.9 127.9 147.4 175 196.7 229 261.7 287.5 311.6 331.5 357.6 377.6 398.9 424.5 447 470.7 493.1 518.3 536.5 552.1 468.6 434.9 396.9 406.2 438.9 476.3 515.1 561.5 598.8 621.1 645.5 672.8 700.4 725.7 745.4 764.9 773.9 782.3 794.2 807.1 789.4 768.2 717 680.8 655.9
200.6 209.6 220.2 231.9 247 267.2 277.6 289.3 301.7 293.2 268.6 240.7 217.6 183.8 157.4 134.8 113.3 101.2 84.4 73.3 60.6 56.2 51 45.5 45.5 45.5 45.5 45.1 39.7 42.5 46.5 45 49 60.3 99.3 132.6 146.8 181.3 196.8 223.1 257.4 286.6 307.7 332.4 354 373.6 397 419.8 447.3 468.4 494.3 519.4 541.8 561.6 574.7 513.7 458.1 423 417.2 444.7 486.9 521.1 562.1 595.6 620.2 641 668.9 697.1 725.3 745.3 766.7 781.3 789 795.2 796.1 792.9 762.3 703.9 675 653.4
191.3 199.1 205.3 218.5 233 250.1 266.9 275.3 281.7 274.1 246.2 217.9 190.4 169.8 144.6 124.9 108.2 94.5 80.3 68.8 57.9 52.6 49 45.5 45.5 45.5 45.6 45.4 35.8 37.4 42.1 43.5 53.4 89.6 116.4 147.4 176 210.1 221.7 249.1 270.2 302 323.9 346.5 372 391.1 414.2 441.2 465.4 487.6 517.8 543.4 566.3 584.8 589.4 526.8 479.4 446 428.9 436.6 470.4 508.7 546.2 585 612.1 637.4 666.3 695.7 720 745.3 765.2 777.3 790 797.1 799.6 811.8 772.9 721.5 684.1 659.2
182 187.4 196.4 205.4 213.6 232.9 258.5 267 269.5 266.8 235.8 199 171.5 155.6 133.2 115.7 100.7 89.1 76.8 63.7 54.7 51 47.7 45.5 45.5 45.5 50.3 46.9 41.9 34.3 36.2 48.3 71.3 105.4 132.1 170.7 207.2 226.6 248 265.1 291.7 312.5 339.1 365.1 386.4 408.1 432.5 467.2 490.1 512.8 543.3 571.1 599.8 613.2 600.7 558.1 516.7 470.7 442.2 464.8 472.2 496.1 532.8 566.1 597.5 628.9 657.4 685.4 717.1 742.7 759.9 772.8 786.6 799.7 808.5 815.4 804.1 752.1 709.5 685.1
176.9 186.9 194.5 201.2 207.3 225.5 248.6 258.9 256.8 258.5 234 192.9 164.3 140.8 123.7 104 92.2 79.7 67.7 62.1 51.6 47.9 45.5 45.5 45.5 45.5 45.5 45.5 44.8 39.9 33.5 68.5 89.3 116 152.7 194.8 220.2 248.7 273.7 293.7 318.1 338 369.8 387.9 409.6 432.5 459.1 486.7 520.8 542.8 570 596.6 625.2 629 602.7 563.5 562.8 499.1 471.9 480 496.7 476.1 523.8 555.3 582.9 621.8 650.1 684.5 715 739.5 757.9 776.1 790.2 803.5 815.9 823.8 810.4 754.2 727.4 701.7
174.1 181.1 188.7 196.2 196.8 208.1 222.9 235.1 229.2 223 210.1 182.9 158 139.5 115.1 97.4 90.8 75.8 64.3 56.3 49.4 45.5 45.5 45.5 45.5 45.5 45.5 46.3 44.1 33.7 59.7 89.3 106.7 136.6 171.1 212.7 245.7 268.3 292.5 320.1 347.1 372.8 396.2 416.6 436.6 456.9 486.2 514.4 542.2 576.1 597.2 625.8 648.7 646.8 619.9 624.3 612.1 563.6 517.5 495.6 518.4 525.2 533 563.9 595.9 625.2 657.2 692.2 720.9 749.5 765.8 783.2 798.6 817.2 818.7 829.1 817.2 789.1 748.6 715.2
165.5 171.2 179.2 184.3 186 189.1 195.1 202.5 201.4 197.4 188.9 166.6 154.8 134.7 114.5 95.7 84.2 74.3 61.1 53.4 50.3 45.5 45.5 45.5 45.5 45.5 46.2 43.6 33.5 62 81.2 107.1 129 165.3 192.6 229.6 256.9 284.7 326 341.3 367.8 396.6 420.3 448.8 470.1 486.8 515.7 547.7 574.7 602.4 624.8 650 665.4 667.1 661.3 660.9 654.1 590.9 539.8 517.5 542 564.8 563.1 580.7 610.2 635.8 671.4 696.8 730.8 760.2 785.7 789.9 805.3 812.8 822.3 828 827.5 813.9 764.2 716.1
156.6 160 166.1 169.8 173.2 174.2 175 181.1 180.9 178.2 164.4 147.5 136.4 123.5 116 94.1 74.9 64.4 57.5 51.3 46.6 45.5 45.3 45.5 45.7 50.1 53.4 45.8 45.6 78.7 99.7 115.2 145.8 175.7 206.4 236 267.3 303 362.2 370.8 392.3 424.3 445.6 473.3 495.7 521.3 548.7 575.7 599.6 621.8 648 672.2 683.6 685.9 689.9 683.8 662 617.4 578.5 540 573.2 594.4 598 604.1 629.9 656.7 683.7 711.9 743 767.3 786.3 805.2 803.9 809.1 820.7 826.8 820.7 790.2 756.2 719.4
146 149.2 154.6 158.7 164.1 175.3 161.4 161.5 165.9 163.9 155.1 135.7 118.1 110.5 104.6 90.3 76.4 62.6 54.3 50 47.9 44.4 44.8 45.7 51.2 51.4 51.1 44.6 69.4 90.5 111.2 133.7 155.9 178.9 225.2 252.1 284.6 333 378.6 398.4 433.5 429.9 465 491.2 519.5 554.4 579 610.8 629.3 654.3 678.5 698.3 709.3 714.2 717 712.4 680.3 641.5 597.8 563 590.9 615.8 630.9 648.3 662.1 691.8 723 743.8 761.7 784.2 798.3 806.6 807.8 813.3 815 811.1 791.5 767.1 738.8 704.7
133.4 138.9 142.8 150.5 154.9 154.7 151.1 145.3 153.7 145.5 138.5 123.7 107.4 97.6 88 80.7 71.8 59.7 52 50.2 46.4 45.6 42.9 45 47.8 49.4 45.2 41.6 77.2 99.3 126.2 145.6 170.6 202.1 236.7 268.1 303.2 348.4 399 426 454.4 476.8 481.8 509.6 542.2 572.9 606.4 634.6 655.3 684.2 707.6 723.9 732.4 739.1 740 737.7 707.7 655.3 607.1 581.2 609.7 632.8 653.6 690.3 706.6 730.7 763.9 779.7 789.8 802 808.9 813.5 813.6 810 792.4 774.6 762.1 745.3 719.4 685.1
125.1 126.9 131.2 136.5 135.6 132.4 132.7 124.6 133.9 128.3 122.4 110.7 95.7 88 83.9 78 68.4 57.3 50.4 47.7 47 46 42.3 43 42.4 43.4 33.5 61.5 77.8 107.1 136.7 154.8 188.4 220.9 256.2 286 335.3 377.9 418.7 441 464.1 487.5 518.6 538.4 573.7 607 634.4 660.4 682.6 709.5 735.1 758 762.9 768 760.8 757.3 723.9 670 629.2 602.7 622.6 648.8 677.5 722.2 759.8 774 788.8 807.9 813.2 818 823.6 819.7 821.8 805 769.1 748.1 731.8 718.2 694.8 667.5
121.3 120.8 124.6 125.5 122.3 116.8 114.9 113.4 109.8 113.4 108.9 97.3 86.8 81.3 76.6 72.6 64.1 56.7 50.8 46.9 45.6 42.7 42.6 42.9 39.3 31.2 56.1 70.8 90.1 117 145.5 167.6 200.7 234.1 271.6 314.5 354.6 394.5 424.2 454.4 480.2 508 538.5 574 612.6 623.6 665.2 692.7 716.8 744.5 776.7 799.3 811.2 810.4 793.7 764.9 709.5 673.2 650.5 628.4 645.7 674.4 704.5 733.5 768.5 792.5 808.8 818.1 823.6 834.7 828.8 823.8 809.5 794.1 760.8 728.2 708.4 693.7 666.7 640.8
112 114.2 116.4 111.5 108.6 106.6 106.1 102.5 94.2 93.6 91.5 83.8 79.1 74.5 71.3 66.1 59.4 55.5 50.3 47.4 49.5 50.1 42 38.6 35 39.2 63.8 84.3 104.3 122.6 146.5 182.8 215.4 248.8 286.2 326.5 373.2 417.1 445.3 469.8 502.5 531.6 566 610.8 638.5 678.1 689 723.9 753.8 796.6 828.5 854.1 862.9 847.3 804.9 757.5 722.1 689.8 671.1 648.9 661.8 685.7 723.2 760.3 781.7 802.1 825.1 835.3 835.5 837.5 835.9 811.6 788 766.3 744.9 709.6 684.6 667.9 642.5 620.6
102.4 104.3 102.2 98.6 99.1 96.8 95.7 92.3 87.4 80.5 77.9 73.7 70.4 67.1 64.6 60.9 55.5 51 50.2 53.4 49.4 48.1 42.2 35.7 29.5 51 65.5 94.6 118.3 141.7 166 196.6 221.8 257.8 292.5 335 386.4 432.1 462.1 485.5 516.9 551.7 585.6 623.8 675.7 703.2 739.3 753.8 784.9 841.2 867.4 874.6 880.4 869.2 810.9 779.1 747.8 729 692.4 670.9 683.4 708.2 733.3 771.2 792.8 813.3 826.2 837.8 834.2 831.7 809.4 786.2 760.7 738.5 713.7 688.5 671.7 636.4 619.7 598.5
94.2 94.4 93.8 90.9 88.3 87.4 87.9 84.6 83.4 75.9 67.2 64.5 64.2 61.4 61.7 55.6 51.2 49.2 48.5 52.2 49.8 47.7 43.7 29.5 40.8 53.4 70.1 92.8 120.9 143 178.6 201.6 230.8 260.5 303.6 353.1 396.2 435 462.2 501 527.3 561.9 598.6 648.1 689.2 730.9 759.2 789.1 821.2 849.8 859.7 867.7 871.6 868.1 848.4 802.3 769.4 750.7 713.4 695.6 709.2 734.4 756.7 780.9 791.8 809.2 826.1 834.9 821.4 798 775.1 752.3 733.8 706.9 680.4 665.5 640 618.8 600.2 579.5
85.2 86.1 85.5 84.7 82.2 81.5 82.5 79.2 76.2 71.6 64.2 57.1 56.9 56 53.7 50.6 48.1 47.9 48.3 50.3 50.4 50.6 40.6 29.5 43.7 53.5 72 91.7 111.1 137.3 170.2 204 245.4 276.9 316.2 358.2 396.1 427.5 462.4 507.5 542.9 580.2 614.2 658.2 714.6 758.8 783.4 802.5 824.2 838.6 849.4 847.6 849.8 847.1 841.3 823.1 803.6 770.4 735 725.5 739.9 767.2 787.8 790.6 795.4 807.2 819.7 816.9 785 761.7 736.8 722.8 692.2 672.1 656.3 634.5 615.8 592.6 571.8 548.5
72.6 69 77.3 79.4 77.2 77.3 75.3 73.5 70.5 66.2 59.9 55.9 50.7 48.6 47.7 46.2 48.1 45.8 49.7 50.2 50 50.5 31.7 36.1 43.5 57.2 74.9 97.2 119.3 143.1 164.2 202.7 242.8 281 312.2 347.5 395.7 430.2 471.4 514.3 548.7 588.8 629.1 671.2 728.8 767.7 783.4 798.8 818.1 829.4 838 840.2 833.2 824.4 811.6 807.5 797.1 783.3 768.3 764.4 768.6 776.4 790.1 788.1 792 801 808.1 802.8 766.9 713.4 695.1 677.1 651.3 633.1 621.5 598.9 584.7 567 547.6 530
76.5 68.3 69.5 75.6 73.6 73 70.2 69.6 66 62.3 53.2 55.1 54 47.3 45.1 43.5 42.6 43.4 47.4 48.3 50.2 44 29.5 36.3 44.9 61.8 77.5 98.4 125.3 151.8 178.5 209.7 243 276.4 311.8 348.8 394.6 434.7 478.3 513.8 555 590.7 628.1 679 728.2 752.2 771.1 780.3 792.3 797.8 801.6 808.1 806.8 801.5 797.7 797.8 781.5 774.9 770.6 763.9 770.5 770.2 784.4 783 787.3 784.6 791.2 780.1 733.6 700.8 666 639.3 618.4 601.3 585.7 568.5 554.3 542.8 526.7 511.1
76.4 70.8 62.2 69.6 66.6 64.9 63.8 62 60.2 55.2 51.3 48 47.4 44.5 43 42.5 43 44.2 45.2 46.5 46.2 39 29.5 34.7 47.2 65.5 87.1 108.5 131.8 155.6 186.8 214.1 248.4 283.5 324.9 366.5 408 437 475.5 526.9 564.3 598.5 642.3 693.5 725.7 742 749.3 759.8 769 772.5 773.8 776.1 773.4 776.9 776 769.8 764.2 762.3 752.3 751.8 759.9 763.3 769.9 775.6 772.3 779.4 763.7 748.9 709.8 681.3 644.7 616.3 593.4 573.9 558.1 547.5 534.9 519.9 501.7 484.1
73.6 69.9 61.8 58 59.6 57.8 55.8 53.7 49.8 47.9 49.7 49.3 43.4 40 40.5 41 43 42.2 44.2 43.6 40.8 32.5 30 35.9 53.8 69.1 96.5 125.8 145.2 169.2 197.8 224.9 261.8 300.3 342.9 384.1 416 450.5 484.1 522.6 566.8 611 656.3 693.8 705.7 716.3 721.7 731.5 741.2 751.7 752.1 753.4 755.4 754.6 755.7 743.6 736 733.8 729 729.8 736.2 750.7 757.2 760.1 762.3 762.3 748 721.9 690.7 668.8 637.3 604.9 581.1 555.7 533.3 518.7 506.8 495.9 483.1 467.2
71 66 61.4 58.6 55.8 51.5 48.9 46.5 44.5 44.3 45.5 43.9 42.1 39.7 39.9 39.6 40.5 41.7 41.7 36.7 35.3 29.5 31 44.8 57.2 78.6 104.9 135.6 157.7 179.4 210.7 236.8 271 315.5 355.4 392.8 423.8 455.1 491.3 526.8 567.8 601.7 643.6 672.7 686.7 691.2 693 709 720.3 724.4 729.5 725.9 729.7 731.6 719.3 710.6 712.9 712.6 706 701.8 714 727.5 737.3 735.5 746.8 740.2 733.6 724.7 697.1 668.2 636.4 614.2 604.1 591.6 556.8 537.5 530 506.6 484.2 461
68.2 62.4 59.5 58.4 55.1 54.4 44.6 43.3 41.4 39.7 39 40.1 40.2 40 38.5 37.9 38.4 38.7 38.7 35.1 33.8 29.5 41.4 55.1 72 88.7 113.8 138.4 166.3 192.9 221.1 248.5 279.6 324.9 361.1 394.5 427.3 464.3 489.7 514.8 540.5 570.2 613.2 637.8 661.9 663.7 664.3 677 691.7 698 697.4 699.5 700.2 699.6 683.2 677.5 677.6 685.3 680.1 678.7 684.1 698.1 715.3 722.8 724.7 728.1 736.4 732.3 730.7 712.6 676.8 652.9 630.7 601 574.2 558.6 534.4 506.9 473.9 456.1
64.7 58.4 55.5 55 51.7 51 46.8 40.9 40.4 39 37.9 37.9 38.6 38.8 37.3 32.9 34.4 33.8 33.9 33.9 27 40.1 51.3 62.9 76.4 97.9 123 143.1 169.2 194 225 255.5 285.6 328.9 369.5 392.7 420.3 462.3 474.9 490.6 514.6 537.8 571.8 603.3 633 628.4 640 652.5 666.6 668.9 667.8 672.5 668.7 656.1 647.2 646.9 648.4 655 655.3 653.6 661.7 670.9 677.2 707.7 728.2 736.5 740.1 749.6 746.6 740 728.1 674.2 640.2 614.9 588.6 549.6 519.6 493.5 472.1 458
61.7 54.7 51.5 43.5 43.2 41.8 41.4 38.4 38.2 37.6 35.5 36.3 36.8 36.6 37.7 41.3 31.1 32.1 33.4 30.2 31.8 43.3 56.4 69.1 85.3 110.4 129.4 153.1 176.6 201.8 228.3 261.7 293 331.7 357.7 375.7 403.2 433.9 450.6 460.2 483.9 509.8 538.3 561.2 597.6 595.2 615.5 616.4 641.6 626.9 636.8 620.2 622.9 615.6 616.2 619.7 627.9 625.9 627.1 635.3 649.8 666 688.2 711.6 737.6 748.8 750 753.2 752.9 737.7 725.1 695.7 665.4 628.4 588.7 556.3 522.7 493.6 469 455.3
58 50.9 46.5 47.6 41.7 38.1 37.2 36 36.3 36 35.1 34.7 35.5 35.8 36.1 38.4 32.8 31.4 30.7 26.7 37.2 51.7 61.8 77.5 91.1 112.7 137.2 162 184.8 205.7 234.4 267.9 294.9 313.6 327.9 349.2 371.4 393.1 409.7 432.8 460.4 479.7 506.5 527.3 549.8 561.9 579.9 577.7 595 565.3 575.3 575.6 564.1 569 568.8 588.6 608.8 627.9 637.8 645.8 655.9 672.3 690.8 715.4 739.4 750.3 756.8 750.5 744.4 733.4 716.2 693.8 668.3 627.9 596.4 566.5 531.8 498.8 473.1 457.6
