Game/Highland_Data/StreamingAssets/GeoData/Data/nn/NN19.asc
ncols 200
nrows 200
xllcorner 210000
yllcorner 790000
cellsize 50
[rows 35 to 69 of 200, columns 0 to 77 of 200]
326.2 323.1 327.5 323.5 326 327.3 327.4 323.3 320.4 317.7 314.7 312.3 304 296.4 289.5 282.2 274.1 268.4 262.2 256.1 251.4 247.7 243.9 237 233.8 231.6 229.8 229.5 231.8 232.7 234.5 234 236.9 240.5 248.7 258.1 262 266.3 279.9 287.1 292.9 300.8 308.9 312.7 316.5 319.5 324.7 327.6 333 340.8 345.9 350.5 353.9 361 367.6 373.7 381.1 389.3 394.2 400.5 405.8 411.4 411.2 412.2 413.2 413 407.6 399 386.7 372.4 356.7 346.6 336.2 325.7 312.6 302.8 297.2 294.3
332 328.4 326 329.2 330.6 333.7 334 332.3 324.6 325.7 324.2 315.9 308.3 300.3 292.5 284.2 277.4 268 264.1 258.1 254.3 247.3 243.3 238.4 235.3 232.7 234.9 236.5 233.7 236.7 237.9 240 241.4 248.7 257.2 265.8 270.6 277.8 285.8 291.4 299.3 306.5 311.3 318.1 324 328.4 335.4 341 345.8 352.8 359.4 363.5 366 369.5 378.8 382.7 388.5 395.5 402.3 408 412.6 420 420.6 417.9 421.1 422.3 414 402.7 392.3 384.6 370 358.2 348.6 335 323.4 310.8 305 301.7
335.1 335.1 334.5 331.5 334.3 335.9 338.7 332.4 330.6 330.4 325 317.7 310.2 300.9 294 286.2 278 270.1 264.5 256 250.4 248.8 243 239.3 237.1 238.7 240.4 243.6 240.7 239.3 240.8 245.4 251 261.5 264.8 271.2 278.4 284.5 292.9 297.7 305.3 311 315.1 324.7 331.3 337 345.1 353.6 361.1 368 372.8 377.8 380.8 384.1 386.3 394.3 395.7 404.7 409.8 416.2 422.1 428.1 425.9 421.1 423 424.2 417.4 408 406.4 393.1 380.2 366.1 354 342 330.1 325.1 318.2 315.6
343.9 342.8 343.2 340.6 338.4 340.2 338.9 338 337.2 331.6 325.6 317.4 310 303.4 296.8 289.2 278.1 271.6 264.5 257.1 253.2 249 246.9 239 244.2 246.2 248.2 247.5 247.7 245.1 246.4 252 262.7 263.1 268.8 276.3 286 293.9 299.3 304.6 310.3 316.6 324.7 331.1 337.5 347.4 358.4 370.3 380.4 386.3 389.6 393.5 396.1 398.9 400 404.2 407.8 413.4 422.3 438 445.3 435.7 428 422.8 420.5 417.4 413.1 410.1 405.1 396.9 381.7 368.2 356.4 345.8 342.8 337.8 330.6 326.6
348.8 349.7 352.3 351.3 349.3 349.4 349.7 347.6 339.5 334 327.6 320.9 313.3 307 299.9 291.9 279.7 270.5 264.4 260 252 249.8 245 250.4 252.1 251 248.4 249 251 250.7 250.4 260 264.3 268.1 274.5 277.9 290.9 302.4 305 313 318.7 326.3 334.1 340.8 350.7 359.7 370.1 384.1 399.5 404.9 406.6 407.4 410.1 410.2 410.8 413.2 418.3 422.8 431.6 445.3 449.9 440.1 432.4 426.7 420.3 414.6 411.8 406.3 398.9 393.2 382.2 370.9 363.2 358.2 355.5 347.9 345.2 337.5
353.7 356.3 360.4 361.7 354.9 354.7 354.2 345.7 342.7 335.5 327.4 324.2 316.4 310.9 299.5 290.2 280.8 271.3 264.6 259 252.5 249.3 255.5 258 254.8 252.8 253.6 256.4 257.7 258 256.6 263.9 271.1 276.4 285 284.7 297.7 306.9 313.6 323.8 331 336 345.7 352.7 360.9 371.9 381.7 392.2 408.1 418 415.4 414.6 417.3 423.3 426.1 427.5 426.2 433.3 437.5 440.8 450.3 445 439.9 432.4 427.3 418.5 414.4 409.2 401.5 391.1 384.5 379.9 373.7 366.1 362.3 358.2 355.4 346
358.9 363.2 361.2 359.9 357.8 356.3 354.3 348.9 340.6 338.8 328.5 325.7 315.5 309.7 297 287.1 280.6 273.3 266.5 259.6 253 250.7 253.2 255 253.7 254.3 255.4 262.7 261.8 261.3 261.7 270.4 272.8 278.7 288.4 294.9 304 308.4 321 331.4 339.8 347.8 356.8 364.5 376 384.5 391.3 399.7 407.4 417.2 420.4 422.7 428.3 436.6 438.4 437.5 437.1 441.2 443.1 446.7 446.2 449.4 442.2 441.1 432.8 430.9 429.9 426.7 415.3 403.8 393.7 385.8 380.6 375.1 368.8 365.2 362.1 361.6
359.2 359.9 359.7 360.8 358.7 356 352.5 349.2 338.3 334.8 325.1 324.7 311.5 303.8 293.4 285.6 280.1 270.7 264.3 258.6 255.3 251.3 252.9 256.2 258.9 259 261.6 264.9 268.9 263.8 270.1 276 283.7 288.7 296.3 303.9 310.8 319.2 328.8 338.1 350 359.9 365.8 374 383.7 391.4 400 407.4 414.1 418.7 424 430.5 438.5 442.5 447.3 445.5 448.8 451.3 451 454.9 453.4 453.1 455.5 455.7 447 447.1 444.6 439.5 431.1 422.1 407.5 396.9 390.8 385.4 378.8 380.4 373.2 370.1
362.7 362.6 360 358.1 355.6 352.4 353.3 344.4 338.3 327.7 321.4 313.3 303.2 295.4 286.7 284.3 281.8 272.6 263.8 258.9 256.1 254 255.6 257 260.1 260.6 265.5 268.7 270.5 271 276.5 285.7 289.2 298.3 305.8 311.6 318.3 326.7 335.2 345.1 353.3 366.9 375.4 382.4 391.2 401.3 407.7 416.8 422 425.8 433.2 438.7 446.5 451.9 455.9 456.2 458.7 464.3 461.6 466.6 467.2 471.8 468.8 459.7 459.9 462.8 458.4 452.8 445.3 433.5 416.7 406.2 403.1 395.7 390.1 385.2 382.9 380.9
366 366.1 362.7 358.9 353.7 348.9 346.1 343.5 334.5 324 313.6 306.5 297.5 288.5 282.4 280.2 276.1 270.1 263.1 259 258 258.4 259.1 260.7 262.3 262.8 267.4 270.2 272.8 277.7 284.5 290.4 297 303.7 313.2 319.7 325 332.7 341.8 350.1 359.8 367.4 378 386.5 396.9 406.5 413.5 419.7 427.7 434.7 440.6 447.6 455.5 460.8 463.9 467.6 470.3 473.5 470.4 473.9 480.4 484.6 479.7 476.4 474.9 472.8 475.1 471 459 447.6 430.9 422 419.5 415.9 410 397.2 390.6 383
366 365.8 362.1 356.9 351.5 345.7 342.7 337.2 328.4 323.5 314.4 299.9 291.5 283.5 277.3 276.9 270.6 265.2 262.9 262.2 262.1 262.7 262.5 264 266.7 267.8 271.7 278.1 281.4 286.6 294.5 297.6 305.7 313.2 320 325.9 335.2 340.6 349.2 358.2 364.7 373.6 382.2 387.7 400.3 408.1 416.7 422.6 431.7 440.9 451.8 456.7 461.6 471.1 475.4 479.1 479.7 479.5 479.7 484.5 491.3 494.7 491.4 491.8 489.1 488.5 489.8 489.3 478.1 462.4 455.9 440.2 434.6 437.5 436.1 423.6 407.6 394.9
365.9 362 357 350.9 346.1 343.7 336.6 332.7 321.7 315 308.3 295.9 293.6 282 274.1 269.5 266.6 265.7 265.5 266.1 266.3 267.5 266 270.1 272.3 272.8 276.1 283 288.5 295.5 303.9 305.1 313 319.7 327.5 332.9 342.3 348 356.8 364.4 373.3 382.5 386.8 393 400.8 409.5 417.5 426 435.5 443.8 455.8 460.8 467.4 479 485.3 484.8 483.2 485.7 490.8 497.2 501.1 504.4 508.2 506.1 506.8 505.8 498.7 502.4 496 484.1 475.8 467.1 460.4 458.8 452.2 452.3 433.5 416
361.2 356.3 352.3 348.3 342.5 337.8 332.2 328.8 320 313.6 301.3 292 286.3 279.6 271.8 269 267.5 266 266.8 269.3 270.7 270.6 268.7 276 277.8 279.5 283.8 287.4 294.5 307.7 310.4 315.8 325.1 327.3 336.4 341.1 349.5 355.8 362.7 372.7 381 387.9 391.1 395.3 403.5 412.6 416.4 429.3 436.1 445.3 452.9 461.7 470.9 480 486.2 486.2 487 490.1 498.5 507.1 513.9 515.1 521.9 520.4 524.5 523 519.1 513.6 511.9 506.1 497.7 488.3 481.5 476.5 473.8 464.8 447.5 428.7
359.2 354.3 346.8 341.3 338.5 331.7 328.9 318.5 313.7 307.2 296.9 291.1 284.3 276.2 271.6 269.5 268 269.1 270.2 271.1 276.6 271.5 274 277.9 282.6 287.2 296.9 296.4 303.5 313.8 317.5 325.7 332.2 336.4 341.7 348.7 357.8 364.4 369.9 377.2 386.8 391.5 395.7 401.5 406.8 415.7 421 425 435.9 446.1 454.5 461.5 469.6 475.8 481.4 487.3 490 497.3 506.7 513.9 523.1 525.9 534.7 536.8 536.4 538.3 535.7 529.4 526.5 521 516.1 507.3 503.8 498.4 490.9 480.2 462.4 438.7
358.2 350.7 344.9 338 333 328.6 322.8 316.8 307.5 302 292.7 288.1 280.8 274.7 271.2 269.9 269.7 272.1 273.5 275.5 274.8 274.6 275.1 278.1 284.4 295 301.9 308.1 311.9 319 327.1 334.3 339.6 345.4 349.1 355.2 363.1 370.7 376.6 383 391.2 397.3 403 407.5 412.5 417.4 425.3 431.7 434.1 439.5 454.2 462.1 468.3 475.1 481.6 486.1 494.4 501.9 510.4 520.6 525 531.5 539.2 545.8 548.3 550.6 546 547.4 548.4 538.6 526.7 520.6 515.4 509.2 491.3 475.5 457 437.7
357 349.4 340.9 339 334.3 328.9 321.6 316.2 310 299.6 291 283.2 277.8 273.5 272.3 271.8 272.5 273.4 274.8 276.6 278.4 280.9 282 287.6 295.2 298.3 310.5 317.1 320.2 324.5 334.4 342.6 346.4 351.7 357.4 366.2 371 377.7 382.1 391 397.3 405.4 408.3 414.5 417.8 421.7 428.7 433.3 438.1 442.9 448.2 457.8 467.8 476.1 480.5 490.4 498.5 503.8 510 517.8 528.1 538.3 546 551.5 550 555 550.1 555.2 553.9 547.2 537.6 532.9 528.3 516.4 502 475.6 449 428.7
355.1 346.4 341.1 336.3 334.3 328.7 322.6 315.7 308.2 300.9 290.5 281.9 276.7 273.2 272.7 273.9 275.3 277.2 279.7 279.8 283.8 284 288 295.4 302.1 308.9 314.8 321.8 326.6 333.2 341 350.4 354 358.5 365.1 372.8 377.4 383.6 390.4 397.7 404.5 409.2 412.5 418.6 422 428.1 432.9 436.1 443.4 449.6 452.5 458.4 464.6 472.4 479.8 489 496.1 500.6 506 513.7 522.2 527.8 537.6 543.8 547.9 546.9 544.5 548.3 553 548.3 543.2 541.7 532.3 515.6 496.5 469.1 444.4 419.9
353.9 349.4 344 338.9 332.7 327.2 322.1 317.1 308.9 297.9 289 281.5 277.2 275.9 275.9 276.6 278.9 279.9 281.1 285.5 287.5 292.1 297.5 301.4 309.9 317.4 323 329.3 337.4 340.3 349.1 356.1 360.7 366.9 371.4 378.3 383.9 392.8 398.4 401 410.6 414.8 418 422.3 430.5 433.4 437.4 442.3 449.6 455.3 458.3 464.5 469 473.7 477.5 481.7 491 499 503.1 507.6 513 514.1 519.9 525.4 530.7 534 536.4 541.8 546.4 546.1 543.4 537.6 528.2 511.8 481.9 457.4 434.5 414.9
358.3 352.9 347.4 343.2 335.4 326.3 323 317.6 305.6 295.4 288.1 283.8 278.5 280 281.2 281.7 283.6 282.8 287.6 290.6 292.8 301.6 304 310 316.9 322.9 330 335.2 343.3 347.6 353.5 359.8 370.1 374.1 378.9 386.1 392.2 397.8 402 407.4 412.7 418.8 423.7 429.4 434.8 437.2 441.4 447.9 454.5 460 465.1 472.8 475.1 478 478.8 479.3 483.3 488.4 492.8 497.1 500.3 502.1 506.9 512.2 515.6 519.1 522 523.3 528.5 525.1 525.1 521 510.6 493.5 468.7 446.3 429.2 409.1
360.3 353.4 349.1 344.7 334.1 327.5 326.3 315.8 302.9 293.4 287.3 284.2 281.1 285.9 289.8 283.7 285.6 287.6 293.2 299.9 296.1 303 312.8 317.3 321.2 328.6 335.6 341.8 346.8 355.1 361.4 366.2 371.4 379.2 386.9 394.5 398 403.8 406.4 409.8 415.9 422.3 429.3 436.2 440.7 443.5 446 451.6 459.2 466.2 473.4 479 484 482.5 481.5 479.6 480.6 482.3 485.6 487.9 491.2 492.1 496.3 500.2 503.2 504.8 504 505 509.5 506.3 501.4 493.6 484.1 475 454.5 433.7 421.4 406.9
356.4 353.6 352.4 341.5 328.5 322.8 321.4 308.3 298.6 292.1 288.6 283.9 287.9 290.7 293.8 288.6 288.1 293.5 296.2 299.2 304.1 308.6 317.7 323.2 329.9 334.8 342.3 349 354.2 362.5 370.2 374.2 377.9 386.4 391 396.9 403.6 407.2 411.5 414.7 420.4 426.1 431.9 439.5 444.3 448.9 453.8 461.1 468.1 473.8 478.8 481.8 483.3 483.6 480.3 477.8 477.2 477.8 478.2 480.5 482.9 484.1 485.7 487.2 488.2 489 487.8 487.5 485.7 483.5 478.2 467.9 461.4 451.9 441.1 422.1 409.5 397.9
353.4 350.5 346.9 336.3 326.8 315.9 311.3 304.9 298.6 294.6 290.1 288.8 291.2 293 295.3 292.1 292.8 298.3 300.4 308.9 309.2 317.9 323.5 329.6 335.6 343.6 349.5 354.8 363.6 369.1 376.3 381.7 386.6 395.7 397.2 402.5 407.3 412.3 414.4 418 423.2 429 433.8 438.5 445.7 451.8 457.8 465.4 473.5 479.7 486.4 489.1 483.9 479.2 476.8 474.7 472.7 471.5 469.4 470.5 472.6 474 475.4 476.8 477.3 475 471 467.4 463.3 461.6 453.2 448.7 438.7 431.1 420.4 411.2 404.1 390.7
349.1 346.9 343.1 333.9 323 313.4 307.2 302.8 299.2 293.6 290.8 290.3 293.4 293.9 298.5 295.3 296.1 301 305.8 313.5 318.8 324.1 329.3 337.8 342.9 349.3 355.7 364 368.7 373.9 384.7 386 393 397 404.3 404.4 412.1 415.1 418.2 421.8 428 434 437.3 441 447.3 452.4 456.7 463.5 472 479.4 480 485.6 482.3 478.5 475.9 473.6 468.9 464.4 462.9 462.3 462.4 463.3 464 465.5 465.4 461.1 454.5 451 446.3 440.8 434.2 427.6 422.5 416 407.6 399.5 393.4 386.5
342.8 340.5 336.5 328.4 321.3 311.1 308.1 302.4 298.9 293.4 291.4 294.9 296.7 297.1 300.2 300.9 304.7 310.2 317.5 320.8 326.2 330.4 336 343.6 349.5 354.2 362 371.4 374.1 382.5 387.2 393.5 398.4 402.9 408.8 410.4 411.5 417.5 420.1 426.3 433.6 439.4 441.5 444.6 449.6 453 458.2 463.6 471.4 478.9 476.7 477.3 473.2 471.3 470 466 466.2 458.6 454.7 453.2 451.8 451 450 450.3 449.8 446 438.7 436 431.2 426.7 417.9 409.5 404.1 401.5 393.8 386.8 379.6 372.9
338 331.1 331.7 325.8 317.7 311.4 305.5 302 298.6 296.3 292.7 295.7 299.7 303.5 308.8 309.2 310.5 318.6 324 326.2 331.4 338.3 344.8 351.8 356 360.9 368.2 373.9 382.1 386.4 391.7 397 401 407.5 410.7 414.3 416.9 418.4 421.7 428.4 437.8 442.3 444 446.7 451.2 454.5 461 465.1 473.2 477.6 474.5 471 465.4 463.1 460.8 457.1 454.9 450.6 445.3 444.4 441.9 439.2 438.4 436 431.3 429.4 425.5 419.8 415.7 408.9 404.7 396.2 388.7 382.3 379.7 369.3 364.6 357.6
329.8 325.1 326.9 325.8 319.9 312.1 307.5 300.2 299.6 296.3 295 295.2 298.9 303.9 308.2 312.7 316.9 326.9 330.3 334.5 339 344.7 353.8 356.6 362.6 370.3 374.9 381.7 388.3 393.1 397.4 403.5 408.6 410.9 414.6 419.1 422.9 421.6 422.5 427.4 434.2 441 445.1 450.6 452.8 457.9 462.1 469.1 478 472.2 463.3 459.6 454.9 453.3 449.6 447.5 444.4 441 435.9 433.2 430.4 426.1 423.4 420.3 418.7 413.7 408.1 403.7 400.3 393.9 389.2 383.4 375.3 370.3 364 358.4 351.5 346
322.9 319.1 321.9 322.5 318.4 311.1 306.2 301 299.4 299 298.2 300 300.6 306.4 310.4 315.9 319.3 330 337.9 341.3 346 349.7 356.5 364.7 370.7 375.8 383.3 386.5 392.9 398.4 401.7 407.7 412.3 415.6 417.1 422.4 422.1 424.1 424.5 425.2 431.1 439.8 444.6 447.4 451.9 456.7 460.6 463.2 462.2 459.1 451 447 445.4 444.3 440 436.5 434.4 429 426 422.8 418.8 415.9 411.6 407 405.6 401.8 395.4 389.4 384.9 379.5 376.3 370.5 364.6 358.1 351.1 345 341.1 336.8
321.2 314.2 315.1 315.8 312.2 307.1 304 301.9 301.1 301.6 298.7 303 305.7 311 316.3 320.8 329 333.5 338.8 345.4 351.8 359.6 363.6 370.4 377.6 382.4 386.3 390.7 395.8 401.8 406.5 411.9 415.6 418.8 420.2 422.9 422.4 423.1 425 426.7 432 435.8 441.3 444.4 446.4 450.5 449.3 449.8 448.1 444.7 440.9 439.1 435.2 434 429 426.4 423 419.6 416.8 411.5 407.4 404 399.9 394.2 391.7 389 382.4 378.7 374 372 364.2 358.7 352 350 343.2 339.8 337.4 333.6
317.2 313.2 309.1 307.7 307.5 305.1 301.9 300.4 300.6 299.9 304.3 307.8 311.6 316.9 321.9 326.4 331.4 335.4 342.5 349.6 356.8 365.3 366.8 375.5 379.3 382.2 387.4 394.4 398.9 406.2 409.9 415.4 417.2 418.4 422.1 423 425 424.7 423.7 426.8 430.3 432.9 436.5 438.9 439.9 439.5 439.2 437 436.8 435.6 432.2 428.3 425.2 423.2 419 417.5 414 411.4 405.4 402.6 398.7 393.2 390.8 384.2 380.6 375.8 372.2 368.9 364.8 362.9 356.9 351.7 347.1 344.8 338 335.4 333.5 331.8
312.2 309.1 305.3 303.9 303.5 303.8 303.1 303.5 304.4 309.1 312.9 318.6 318.9 321.5 326.2 330.3 337.6 345.1 349 354.8 362.9 368.9 374.3 379.8 390 390.3 391.6 396.7 402 406.9 411.1 416.6 418.4 421.8 421 424.1 424.4 423.8 423.9 427.8 431.9 431.8 432.2 434 432.2 430.4 428.2 427.4 426.5 425.8 424.4 419.3 414.5 412.5 410.5 408.2 405.1 400 396.4 392.7 388.2 386.1 382.5 375.4 373.8 368.3 363.8 360.7 360.4 358.7 352.3 347.1 343.2 339.4 335 333.9 335.5 334.2
310.2 306.6 304.7 307.4 308.5 308.1 308.5 306.8 309.5 312.3 320.6 325.2 323.7 330.2 333.1 342.3 347.1 351.7 357.1 366.1 373.6 379.5 385 388.4 394.7 397.6 401.8 405.8 408.6 412.4 415.1 418.2 420.2 421.6 421.3 424.2 422.6 422.5 423.1 425 427.3 426.9 425.3 425.9 423.5 420.7 420.6 419 417.3 415.5 413.6 409.9 405.9 404.9 402.2 400.8 395.3 390.8 388.1 384.5 380.8 378.9 374.5 371.5 368.1 363 358.2 353.8 353.2 351.9 347.7 342.8 339 335.5 334.1 333.7 336.2 335.8
310.7 306.3 305.4 308.6 311.6 311.6 312.7 310.5 315.3 318.8 327.1 327.2 331 336.5 342.8 349 352.7 356.5 362.9 373.6 379.3 387.2 391.6 396.9 400.4 401.6 405.2 409.6 410.2 414.7 416.5 418.3 417.9 420.7 421.8 420.6 421.2 420.3 419.5 420.3 417.8 418.8 417.5 418.5 413.6 411.1 412.4 412.4 411.9 407.5 405.3 402 395.7 393.9 392.3 393.6 387.7 384.6 382.4 381.2 373.2 371.4 368 364.3 361.7 357.5 353.5 352.1 348.7 347.4 343.6 339.9 337.6 335 334.6 333.9 336.3 339.4
309.1 307.1 307.4 310.5 316.1 317.5 317.9 317.2 322.7 324.4 331.6 334.5 341 341.4 346.6 354.3 361 363.5 371 380.5 387.9 393.4 398.7 403.2 406.8 408.1 409.9 410.5 413.5 415 417 417.3 418.9 419.4 418.2 418.2 417 416.1 412.8 412.6 408.9 409 412.8 406.6 404.2 404 405 405.7 403.1 398.7 398.1 396.1 392.9 385 382.5 382.4 379.8 378.8 378.3 377.4 374.7 366.6 364.6 360.6 356.6 353.3 351.2 350.3 347 344 339.1 336.4 335.4 334.6 334.4 335.6 337.4 343.4
310.7 308 310.1 314.7 320.3 323.1 322.3 323.6 326.7 332 336.5 342.7 345.7 350.3 356.7 363.2 370.7 372.8 378.2 385.3 393.2 399.1 402.3 406.4 409.3 410.5 412.8 412.5 413.8 413.3 414.1 415.3 415.6 413.8 413.6 412.2 410.1 409.4 405.4 402.7 401 400.4 402 397.6 396.4 398.1 398.8 397.3 393.1 390.8 388.4 384.9 382.6 378.7 379.6 376.9 374.3 375.1 373 372.1 370.5 367.3 361.6 358.3 357.4 353.8 351.3 347.6 345 342.4 337.9 336.8 336.4 336 335.6 336.7 338.9 342.1
310.8 311.9 313.2 318.6 322.4 326.9 329.2 329.1 334 338.7 342.9 349.9 352.6 359.6 367.5 372.1 376.7 380.4 388.3 394.1 397 401.8 404.4 408.6 409.4 410.7 413.4 413.4 413.3 412.4 412.4 409.8 407.8 406.1 403.3 402.5 399.5 397.1 395.7 394.4 394.7 395.1 396.4 391.2 392 393.4 392.5 391.7 388.9 387.8 385.2 381 379.6 375.3 371.7 370.9 371.3 368.5 367.8 365.6 366.6 361.9 358.6 355.9 355 353.4 351.2 347.7 342.1 341.6 338.5 337.6 336.9 337.5 338.4 340.6 342 345.5
