Game/Highland_Data/StreamingAssets/GeoData/Data/nn/NN22.asc
ncols 200
nrows 200
xllcorner 220000
yllcorner 720000
cellsize 50
[rows 140 to 174 of 200, columns 0 to 77 of 200]
526 523.4 522 519.2 516.3 509.8 503.1 486.4 472.3 459.6 446.7 438.7 427.1 423.6 418.7 418.8 413.7 409.3 408 410.2 411.2 413.9 418.5 421.1 424 429.5 436.4 442.6 447.4 452.8 459.1 463.5 471.2 481.8 491.2 500.3 510.7 518.9 528.5 536.3 548.9 547.8 548.8 559.2 569.6 573.1 582 589.2 589.8 592.8 586.6 582.3 577.8 575.3 575 575.3 577.5 576.1 578.9 581 584.2 589.4 597.8 604.2 613.5 623.1 622.9 620.9 625.5 630.6 632.5 625.2 625.1 624.5 620.4 612.3 607.1 602.3
539.8 533.6 530.9 526.3 517.9 511.7 503.1 489.3 478.7 466.9 454.4 440.1 433.6 426.8 421.9 419.3 419.7 409.8 409.5 409.3 411.2 414 416 419.4 423.7 430.3 438.6 441.1 444.5 446.1 451.6 459.8 468.5 477.6 484.2 495.1 501.6 511.5 521.1 531 534.8 543.7 550.3 555 568.6 568.9 579.3 581.3 584.7 586.7 583.3 576.2 573.3 571.4 570.7 570.8 571.4 570.9 575 577.1 580.5 584.7 591.7 598 602.8 607.4 611.7 613.4 616.6 619.9 620 617.5 616.1 616.5 611.8 609.9 606.1 603.4
556.7 554.2 546.3 545.7 536.9 525.7 511.5 496.4 482.7 468 457.5 444.6 437.6 428.7 422.7 417.9 414.5 410.4 408.5 410 413.1 414.3 413.9 417.3 421 428.1 434.2 434.7 439.1 445 453.2 456.2 464.4 473.5 480.8 488 494.2 502.7 512.7 523.2 530.5 538.4 546.6 549.6 553.7 560.2 566.7 576.4 581.2 583.2 579.6 571.7 568.1 566 566.1 565.3 566.4 566.3 571.9 573.4 576.6 582.7 588.2 592.8 598 603.9 605.8 610.6 609.9 611.7 614 612.1 612.7 612.6 610.8 610.2 607.2 602.4
565 563 558.5 556.3 552.7 542 521.5 502.9 488.2 471.7 459.7 451 444.4 431.6 426.6 417.7 413.9 409.7 407.6 409 408.5 412.1 413.2 415.3 418.3 422.8 425.5 430.3 438 440.8 448.4 453.4 458.8 464.8 475 483.1 490 496.2 506.6 514.2 523.4 531.2 538.8 545.9 550.8 556 562 566.5 575.1 567.8 565.6 561.3 560.1 558.3 558.4 558.5 559.6 560.9 565.2 566.9 573.2 578.5 586.4 590.3 593.6 597.3 600.9 604.4 606.8 607.3 608 610 609.4 609.2 610.6 608.7 606.9 602.4
568.1 569.5 574.5 571.5 558.4 546.4 525.5 510.1 493.9 475.5 462.7 453.8 446.7 433.1 427.3 420.1 416.7 414.4 410.6 406.5 407.1 409.6 411.6 415 417.9 417.4 420.9 429.8 433.8 433 439.2 446.4 454.5 457.8 465.8 475.2 479.9 485.5 501.6 508.4 520.6 532 534.1 540.5 550.7 552.8 551.8 555.3 556.4 554.9 553.4 551 550 549.7 549.6 549.6 550.6 552.6 556.1 560.3 565.9 570.7 576.7 581.8 586 588.9 592.6 591.6 600.6 601.9 600.7 601.5 601.9 598.3 603.6 603.8 601.8 602.4
568.1 569.2 573.6 573 563.6 547.5 528.5 512.8 496 480.4 465.3 453.3 446.5 438.1 432.3 425.7 416.2 414.1 412.6 411.1 407.5 409.7 407.9 407.3 413.1 418.3 417.2 419.6 423.6 427.5 432.5 438.5 445.6 449.9 455.2 462.9 471.8 478.5 491 501.3 510.5 519.8 529.2 528.8 533.2 539.8 541.1 542.1 543.2 544 543.3 541 539.7 538.7 539 539.5 540.7 544 546.8 550.3 555.9 563.7 568.4 573.2 581.5 581.5 584.2 583.6 587.9 590.3 590.2 591.7 596.5 589.6 587.7 592.5 597.4 596.6
572.6 568.2 565.9 562.9 557.7 540.8 527.1 512.9 496.4 481.3 471.6 465.4 449.4 435.8 426.7 420.8 414.8 412.7 410.8 409.1 409.5 406.2 403.8 406.3 410.6 411.4 411.1 413.8 419 423.2 427.1 432.2 439 443.9 451.3 457.3 463.2 472.8 480.2 490.1 500.1 509.1 515.7 517.8 522.7 529.1 533.4 533.8 533.6 532.8 532 530.1 528.3 528.3 529 529.9 530.1 533.7 537.7 539.8 544.8 552.2 558.9 563.8 568.9 571.4 573 575.8 582.2 581 581.9 579.7 580.2 579.7 578.9 586.5 586.3 593.6
581.8 579.2 573.8 566.3 555.9 537.6 521.6 505.9 491.2 482.9 474.1 466.7 452.9 441.3 435.4 426.3 418.4 415.2 409.4 407.8 408.2 405.4 403.6 405.2 405.4 407.9 409 410.9 413.6 418.4 420.4 426.1 434.2 437.1 445.7 450.6 456.4 466 473.5 478.3 485.7 494.2 503.7 507.2 514.2 521.6 527.2 528.2 523.7 522.3 520.6 518.3 517.6 517.4 518.5 520.8 521.9 525.1 528.6 531 535.7 540.3 545.6 550.7 555.8 560.8 564.1 566 573.5 572 571.2 567.4 566.5 565.1 565 573.3 572.4 576.5
586.3 587 577.8 568.5 546 533.2 516.9 502.2 495.3 487.9 483 476 464.8 450.3 441.2 433.3 427.2 417.1 414.7 410.5 407.9 405.5 403 404.6 401.4 407.8 407.3 404.4 410 411.2 415.5 420.8 421 431 439.5 444.9 448.4 459.2 468.8 472.1 478 486.7 491.9 499.7 507.2 514.4 517.6 520 516 515.5 515.8 512.5 508 506.1 507.9 509.4 513.1 515.1 519.7 521.7 524.7 529.3 534.8 539.7 545.2 549.6 554.5 556.6 567.8 562.5 558.1 556.3 561.4 556.4 550 547.3 550 550.9
572.8 569.7 567.3 558.1 536.6 525.8 511.6 506.3 504.2 500.2 495.3 481.6 468.6 462.2 457.3 440.7 430.6 425.2 422.1 417.3 414.2 412.3 404.2 402.2 404.4 403.5 404.5 400.6 404.7 405.9 408.1 409.1 417 422.9 427.8 438.3 440.8 447.9 455.1 462.3 472.7 477.8 484.4 492.1 498.3 504.8 512.5 514.9 508.3 504.7 501.7 500 498.2 497 496.8 499.3 504.4 506.2 508.2 511.9 513.3 517.2 519.8 523.8 527.4 529.7 533.8 538.3 536.2 537 539 541.8 545.5 539.6 533.2 532.2 536.5 537.6
559.1 556.1 547.2 538 525.9 516.9 513.3 515.3 508.4 499.7 493.7 482.1 470.2 462.6 459.6 454.6 443.9 436.6 435.1 430.6 422.6 413 411.9 405.8 406.5 401.3 401.5 401.3 395.9 398.5 398.8 403.5 410.7 415.9 421 431.1 433.1 439.4 446.8 454.4 462.3 468.4 477.5 484.8 488.8 492.8 499 499.5 498.9 492.8 491.6 489 484.6 484 483.4 487.1 491.3 494.9 496.1 500.5 502.8 505.7 508 510.5 512.2 512.9 515.3 518.1 518.9 519.8 520.1 521 519.8 525.5 521.1 518.6 517.4 516
550.4 551.8 541.3 527.9 518.2 513.7 513.7 512.6 510.5 500.9 493.3 484.1 474.6 465.7 466.4 464 459.2 446.8 440.1 435.4 426.9 423.2 415.2 410 408.8 406.7 406.6 401.3 399.2 395.1 394.2 399.9 407.1 411.9 422.3 424.6 430.8 438.4 442.4 445.7 451.7 459.4 465.8 473 477.4 479.1 480.2 481.7 482.5 480 478.7 477 475 472.4 471.9 474.1 477.2 478.6 482.6 485.7 489.9 490.4 492.6 496.7 498.6 500.7 500.2 502.2 503.8 505.9 506.2 506.1 504.8 502.6 502.2 500.4 498.4 496.9
546 536.6 526.6 521.1 514.7 516.3 515.1 516 517.4 501 489 483.1 481.3 477.5 478.5 477.6 473.5 456.4 457.3 443.3 436.3 432.1 425.7 415.5 413.7 409.1 407.2 403.3 399.4 396.3 395.4 393.1 399.6 406.8 418.1 420.9 428.7 435.2 433.8 440.6 444.9 451.4 456.8 459.8 464 467.3 468.5 472.2 470.5 467.9 466 464.5 463.3 459.6 459.8 460.5 462.5 464.8 466.7 468.3 471.9 474.9 478 481.3 481.8 484.3 482.2 486.4 488.7 490.6 489.2 489.8 488.8 491.7 490.8 486.5 484.6 481.5
537.4 531.3 518.1 514.1 514.6 516.9 518.8 516.5 512 504.9 495.2 489.6 485.5 481.4 480.5 477.6 471.5 465 464.1 467.6 456 441.9 436.4 427.6 420.8 411 406.6 405.1 400.8 397.6 394.9 390.2 397 399.5 403.8 410.6 417.9 421.8 426.3 430.9 437 440 443.3 447.2 450.7 452.9 454.9 456.4 454.8 453.9 451.4 449 447.4 445.3 442.9 446.3 447.5 449.8 452.9 453.9 455.7 458.6 460.9 461.7 462.3 463.9 466.6 468.5 469.3 470.3 470.4 470.5 470.6 469.2 470.7 467.5 466.3 465.9
531.2 527.8 513.5 510.5 510.5 509.8 510.8 512.2 509.1 505.7 506.2 496.6 491.4 494.6 493.8 486 480.4 475.7 472.6 478.7 475.4 464.8 449.4 438.1 429.4 419.4 410.8 403.7 398.2 396.3 392.4 387.2 392 399.2 399.5 400.4 404.7 409.2 415.1 420.6 422.6 428 431.8 435.6 437.7 439.5 441.6 441 440.2 438.4 436.5 434.2 431.7 429.7 428.6 430.4 430.3 430.7 434.3 436.4 438.1 439.7 442.5 444.4 443.7 445.3 447.6 447.2 451.6 453.4 454 454.3 453.6 449.2 450.6 450.6 449.4 451.9
528.1 521.2 511.5 510.9 510.7 509.9 508.7 509.4 505.4 500 500.6 496.9 495.7 500 506.2 503.5 499.4 491.7 483.9 486.6 490.9 483.4 473.5 449.2 438.5 429.7 421.5 410 401.4 392.1 392.1 385.6 395.5 393.7 395 398.3 401.4 406.1 408.9 413.7 418.3 421.4 423.5 422.6 424.5 425.6 426.6 426.1 426.4 424.5 422.9 420.3 417.6 413.7 414.6 413.3 412.2 414.4 417.6 418.3 417.9 420.9 421.8 425.1 428.5 427 430.1 430.2 432.4 432.6 433.1 431.6 430.8 434.1 436.4 434.1 433.9 434
531.5 514.9 514.7 517 510.8 507.7 508 505.1 504.8 497 498.4 501 502.7 507.1 508.9 511.4 506.9 505.5 501.2 497.3 502.2 502.7 495.7 476.8 450.7 438.7 427.3 416.3 407.3 398 387.3 380.4 389.6 391.4 395.5 398.6 402.8 405.8 407.4 410.4 409.7 407.1 410.5 411.8 412.5 411.8 412.8 411.7 411.7 410 408 405.3 402.7 398.7 400.6 397.7 399.6 399.5 397.4 398.6 400.2 402.7 401.5 403.5 405.6 408.1 414.8 412.8 412.6 414.1 416.7 411.9 413.5 415.8 416.4 414 419.8 418
522.5 522.2 520.8 512 508.7 507.4 508.3 505.1 501.9 505.6 507.3 512.9 517.6 517.5 519.4 516.9 517.3 512 514.4 507 505.9 505.6 503.5 499.6 489.1 471 435.4 423.3 409 399.3 384.5 373.7 383.3 386.5 396.3 399.5 404.2 406.6 407.7 397.9 397.2 398.4 398.6 399.1 397.2 399.2 397.5 396.9 396.3 394.1 391.9 388.8 387.5 386.5 383.8 383.5 379.8 380.1 386.5 383.3 388.4 389.4 390 391.2 386.6 391 388.6 391.6 391.1 390.2 396.2 387.9 393.7 395.4 396 395.3 397 399.5
521.1 527.3 518.2 511 509.5 509.7 514.1 508 508.7 512.6 522 527.8 533.8 533.6 534 526.5 521.9 518.8 520.5 515.8 514.3 515 510.9 505.3 496.7 486.5 469.3 429.5 413.9 400 389.4 369.8 378.7 381.4 384.6 386.8 388.4 388.6 389.5 385.3 382.3 386.1 380.8 382.5 380.7 379.8 383.1 380.4 380.1 377.7 379.7 378.4 374.9 373.4 368.4 365.1 364.2 368.9 367.6 369.1 370.8 371.6 370.8 374.6 372.9 375.7 374.8 378 375.4 377.9 376.8 374.3 382.2 375.7 385.7 378.8 384.9 387.1
526.7 530.5 525 517 513.3 521.7 521.4 523.5 517.1 519.6 528.8 538.3 539.9 541.4 540 545.1 541 538.4 529.4 530.8 523 515.1 511.2 505.4 491.9 486.2 476.7 444.4 418 403.3 390.4 381.1 363.3 376.7 375.7 376.2 375.7 375.4 375.2 373.2 369.8 370.3 368.8 367.7 361.5 366.1 366.4 364.7 367.6 365.1 365.2 365.2 365.5 357.2 355.9 351.3 348.2 355.8 355.8 355.1 353.8 355.7 356.6 361 357.7 361.8 360.6 363.6 356.6 362.2 360.8 363.5 365.8 366.3 370.5 371.1 376 374.7
542 544.5 537.5 535.7 536.1 539.7 541.8 540 540.7 532.2 533.3 539.5 546.9 547.4 549.4 552.7 548.3 538.8 534.5 535.4 530.7 517.4 508 498.2 484 485 467.4 452.3 426 411.8 394.3 380.2 365.6 361.5 368.7 367 368 365.2 362.9 360.7 360 358.1 352.4 349.8 347.8 352.9 353.2 349.1 358.9 351.7 353.9 355 350.8 346.1 352.2 339.6 338.6 340.1 343.7 343.5 342.1 350.3 344.2 345.5 346.8 345.8 344.2 345.6 346.7 346.8 344.5 344.8 345.5 351.3 350.1 354.6 359.5 363.4
558 554 553.7 553.5 559 557.1 563 551.4 547.8 545.9 549.1 550.5 556.5 557.2 559.4 557.2 556.7 543.6 539.2 530.6 523 515.3 512 497.5 480.5 468 462.3 448.4 431.7 416.3 402.4 387 374.5 360.6 349.6 357.3 353.9 350.7 348.1 345.1 344.7 346.1 342.3 339.8 340.7 340.6 340.5 337.8 341.2 341.3 340.5 339.8 340 340.1 335.3 328.7 332.3 330.1 333.5 332.9 335.6 336.3 334 338.3 331.6 336.2 330.9 334.4 332.2 330.2 330.6 331.1 333.3 337.8 342.5 344.1 346.4 354.9
580.1 578.4 568.4 567.4 568.1 573.8 572.3 567.4 558.2 559.6 557.4 554.9 559.3 560.6 560.3 552.3 550.7 547.6 530.6 512.5 507.6 502.2 495.3 495 490.2 469.8 460.7 439.6 426.4 409.2 394.6 382.1 374.6 364.8 351.7 345.3 344.7 347.3 339.4 334.8 335 335.3 332.1 331.4 332.2 329.4 328 330.5 334.6 327.3 332.9 329.3 329.6 328.7 325 323 321.8 320.2 326.6 320.7 319.8 321.9 321.2 320.9 320.4 320.1 319.4 320 321.6 323.3 326.9 327.5 325.8 333.4 332.4 340.2 340.2 344.1
590.3 587.6 587.1 583.6 577.8 578 577.9 581.7 577.4 574.4 567.4 567.7 565.1 560 551.1 550.1 547 530.2 524.2 502.4 492.9 489.6 483.3 481.9 474.1 465.8 448 432.6 420.9 409.4 395.8 381.9 371.3 364.9 352.7 345 336.6 333.2 334.5 330.9 328.9 326.4 326.2 326.1 325.1 323 321.5 324.1 322.1 321.9 320.7 320.7 322.9 322.9 319.3 317.7 314.8 316.6 314.5 316.6 315.7 312.3 312.5 311 311.2 311.7 312.6 311.8 312.5 313.8 317.9 316.7 318.2 323.7 322.8 329.6 334.2 331.4
603.4 598.1 596.5 591.8 591.9 590.8 591.1 585 580.8 577.8 569.6 565.8 558.7 546.7 546.9 539 528.5 523.1 509.6 495.3 478.1 473.4 464.4 461.1 455.3 445.1 435.7 426.7 414.6 408.7 390.3 378 369.8 362.1 350.3 343.6 341.7 332.4 331.4 326.8 323.6 324.1 323.5 325.5 319.7 321.2 319.8 321 319.2 317.3 318.1 317.4 316.6 314.9 312.7 310.6 310.8 309 305.9 307.3 308.8 305.1 305 305.1 304.3 303.8 303.7 304 307.9 305.8 308.6 307 310.7 315.5 316.5 322.6 324.3 326.4
608.3 609.8 606.8 608 606.2 602.9 601.4 602.5 598.3 584 578.2 569.3 553.9 545.8 537.4 523.7 507.2 495.1 494.9 479.8 467.6 459.5 457 448.6 438.3 430.4 420.7 414 405.7 396.3 379.8 371.2 367.2 366.3 354.5 338.4 337 330.5 328.6 332.4 325.8 329.3 323.7 323.9 325.6 321.5 319.8 321.7 321.2 317 316 313.3 313.3 309.5 306.6 304.9 305.5 306.1 304.3 300.8 302 300.9 300.2 299.8 298 299.1 298.7 299.1 303.3 301.3 301.3 305.4 307.1 308.6 311.3 312.7 316.7 310
611.8 612.2 616.5 620.8 615.6 618.6 615.7 607.7 607.4 597 580.5 566.7 550.8 544 537.7 521.1 499.1 485 473 462.1 454.7 449.7 439.7 430.7 425.6 418.3 407.1 398.9 387.4 380.5 369.1 365.2 360.3 354.8 346.7 335.1 334.3 330.6 330.7 329 328.5 327.8 328.3 326.3 324.2 324.5 323 320.2 323 322.2 317.7 321.2 314.7 310.9 313.9 309.9 307.9 305.7 309.2 304.4 306.4 301.7 301.6 303.4 300.4 298.5 296.5 297.3 296.7 296.8 296.4 296.5 300.1 300.5 302.3 304.8 302.4 304.2
613.4 620.6 623.6 628.3 621.5 622.7 613.1 608.3 602.6 595.2 572.8 553.5 540.6 534 518 505.5 492.1 470.1 458.2 453 441.5 431.6 424.5 415.3 405.9 396.2 388 387.2 371.7 364.7 360.8 354 352.4 345.7 345.1 336.1 338.4 336.4 333.8 332.3 336.1 330.6 330.3 329.7 329.9 327.2 332.9 327.2 324.8 323.3 323.1 321.4 325.4 316.9 317.7 319.9 315.8 316.8 316 314.6 311.6 311.9 310.3 307.1 304.7 302.1 300.6 295.1 293.7 290.3 289.5 289.7 288.9 291 294.3 295.9 295.4 294.4
608.4 615.9 617.8 611.7 607.7 607.6 604.4 605.5 596.7 579.4 560.4 546.7 529.1 515.4 504 487.1 478.8 456.2 444 435.9 430.1 418.3 416.2 404.1 395.5 385.5 370.5 372.3 360.7 356.9 353 347.4 347.4 342.2 344.1 339.4 341.8 340.6 338.2 338.8 343.6 337.5 337.9 337.1 340.9 334.9 334 335.6 331.1 330.7 330.4 329.3 330.3 329.1 328.1 327.9 328.3 329.5 336.1 325.5 321.5 319.7 316.3 313.2 310.1 308.1 306 303.6 304.6 301.7 300.8 300.4 295.8 291.4 286.7 290.3 289.3 293.4
588.7 590.5 598.3 599.9 595.8 599.4 592.1 588.2 581.5 565.2 547.2 535.5 521.9 508.6 489.3 477.5 463.3 447.5 434.6 420.6 416 401.6 395.7 390.5 380.6 369.6 363.1 358.2 353.7 350.3 347.6 344.9 345.6 342.2 348 346.5 350.7 348.2 345.9 356.8 368.4 358.2 348.4 347 345.7 349.3 341.8 342 344.5 343.3 342.5 342.5 340.1 342.5 344.8 338.9 342.3 345.7 348.6 338.6 339.9 334.2 329.2 325.9 324.5 318.5 316.9 311.4 313.2 309.2 307.2 302.7 300.9 298.3 291.6 286.7 285.4 286.6
573.8 589.1 587.2 587.9 580.5 581.4 575.4 560.8 557.4 550.3 531 523.6 508.6 500.5 475.7 465.8 449.8 436.1 424 416 401.6 393.5 379 375.1 372.3 361.5 356 353.3 350.3 348.4 345.8 344.7 344 345.5 351.1 351.8 354.6 357.8 356.3 361.6 374.2 371.7 365.3 360.1 361.1 353.4 355 355.8 359.4 351.7 359.3 356.3 352.9 353.8 354 353 351.1 351.1 353.8 351.7 349.3 346 346.4 341.5 337.3 335.6 330.2 324.4 323 316.8 316.8 310.1 308.1 307 306 303.6 301.9 299.7
563.5 573 570.8 567.9 564 556.6 554 544.1 535.3 532.1 515.3 504.5 496.1 475.8 462.7 455.8 444 421.7 413.9 399.1 384.4 376.3 370 362 357.4 353.9 350.2 349.2 347.7 346.2 344.4 345.9 347.2 349.8 353.9 358.1 359.6 363 365.7 369.2 372.9 373.2 373.2 371.8 373.5 373 373.7 374.9 366.6 368.7 370.3 369.5 367.5 369.1 365.6 364.2 364.4 362.4 362.1 364.6 364 358.6 358.4 357.6 350 348.2 345 340.7 338 329.2 329.3 322.8 319.7 318.4 313.3 309.9 307.7 305.5
548.6 544.2 549.6 546.3 546.7 546.9 542.4 525 518.1 507.4 495.4 484.4 474.7 462 450.2 434.7 422.6 411.1 401.4 392 382 371.5 361.1 353.8 350 349.8 347.6 346 346.2 345.5 345.1 347.1 350 354.3 359.1 364 365.6 368.4 371.7 373.2 374.5 377.4 377.3 379.3 382.3 379 384.2 384 378.2 386.8 383.1 383.9 382.3 381.7 381 381.1 382.1 378.9 377.2 377.7 379.6 376.8 372.1 370.1 367.2 366.9 360.8 357.8 356.6 349.1 341.6 345.2 336.1 332.6 327.8 322.5 316.8 312.4
521.8 520.5 532.4 540.3 529.1 526.4 511.9 499.4 494.2 484.7 472.9 460.4 447.6 439 427.9 417.8 406 400 390.9 378.7 373.2 361.3 352.9 349.5 346.2 345.1 344.9 344.2 344.1 347.9 349.9 354.1 356.1 361.2 364.3 367 371.8 376 378 381 385 382.5 389.7 390.7 389.7 388.3 390.6 389.4 390.1 395.6 392.2 392.4 394.9 394.5 394.9 395.9 394.3 394.3 394.8 389.6 390.3 390.7 389.5 390.2 388.2 385.4 378 372.6 370 365 357.3 352.4 349.9 346.8 339.9 334 328.2 322.2
493.6 497.5 501.3 501.4 500.1 497.7 486.6 480.4 472.7 466.1 453.5 442.3 432.8 417.3 409.3 398.8 394.7 393.5 387.6 371 366.7 355.6 356.3 349.9 345.8 346.9 346.6 349 350.5 355.6 358.9 364.6 364.7 370.1 378.5 380.6 378.9 384.8 386.4 387.6 392.2 391.5 390.9 397.6 394 396.2 396.2 402.5 396.8 400.6 401.8 402.3 402.4 402.7 405.8 406.1 407.6 409.9 408.4 405.2 405.4 405.5 406 404.2 403.4 398.5 394.7 392.1 386 381.9 376.4 368.8 363.2 360.4 354.6 345.8 341.6 336.3
