Game/Highland_Data/StreamingAssets/GeoData/Data/nn/NN24.asc
ncols 200
nrows 200
xllcorner 220000
yllcorner 740000
cellsize 50
[rows 70 to 104 of 200, columns 78 to 155 of 200]
825.5 798.9 782 766.9 774.1 765.9 774.5 772.3 764.3 768.6 747.3 724.7 680.9 656.7 618.3 603.6 579.8 563.7 543.3 527.9 510.4 499.2 488.4 490.6 489.7 492.9 500.6 512.1 526.9 542.1 560.1 580.4 608.5 633.7 650.4 677.2 700.6 713.7 720.1 723.8 730.4 731.8 721.3 693 659.2 623.6 593.1 557.8 543.6 503.8 483.1 482.7 486.5 476.9 461.9 466 469.9 472.7 470.5 473.9 482.3 481.4 481.9 482.7 485 477.9 476.3 473.3 470.5 463.2 443.8 433.4 417.6 406.1 394.5 380.5 366 361.1
757.9 741 730 724.5 728.7 733.9 745.9 742.7 730.7 725.3 705.2 670.7 637.6 611.6 596 575.2 559.3 545.6 528.1 514.3 502.9 492.6 493.2 496.4 502.1 508.5 521.3 534 547.7 567.7 581.2 608.4 634.1 660 684.1 712 734.5 746.2 754.3 761.8 769.6 779.5 749.2 715.7 679.3 642.9 623.6 596.1 561.2 521.9 506.5 506.2 496.3 487.5 482.1 481.1 489.4 490.7 490.8 494.9 497.8 500 501.4 500.2 499.4 494.4 490.4 485.6 478 468.4 451.1 435.1 424.5 412.9 397.5 382.3 365.7 358.2
711 702.1 695 697.5 705.6 706 702.4 703.6 695.8 674.1 656.9 628.3 610.6 591 571.9 555 540.5 527 516.4 505.6 498.8 498.1 503.8 511.1 519.5 530.5 540.7 554.2 571.6 587.7 616.3 640.9 662.7 686.2 714.3 741.4 762.4 781.9 790.8 798.6 811.4 808.8 757.7 721.8 690.7 669 648.5 613.1 570.6 540.5 526.7 517.9 505.2 490.5 493.8 502 510.6 514.2 514.1 516.4 520.9 524.5 520.1 519.3 517.5 514.6 505 499.4 485.7 473.9 459.8 441.1 429.4 413.1 399.9 391.1 373.3 359.8
685.5 674.1 672.6 677.6 673.9 672.6 671.9 667.5 656.9 640.1 630.7 603.2 589.4 571.1 555.9 541.3 531.4 520.9 508.8 506.4 506 514.1 519.4 527.6 540.8 553.2 562.9 576.2 594.4 615.7 640.9 671.8 695.6 720.9 742.1 767.2 790.7 812 825.4 839.8 844.6 830.3 775.9 746 732.5 706.4 661.9 618.9 577.3 554.5 538.6 522.4 500.2 511.5 516.5 521.3 528.2 533.2 539.6 542.2 543.4 545 546.3 535.5 538.1 531.8 526.4 512.8 496.6 481.9 469.4 447.7 436.2 424.5 403.8 391.6 377.5 362.9
668 664.3 657.5 648.9 648.2 644.3 635.4 631.7 622.5 612.2 600.9 583.2 569.8 556.1 545.4 535.2 524.6 514.9 513.6 517.4 515.5 527.1 538.5 551.1 563.5 573.3 586.6 602.5 624.2 643.8 670 694.2 721.8 752.8 771.3 791.3 817.7 838.6 857.2 865.2 858.4 832.5 801.6 764.2 729.8 692.4 659.2 617.7 582 562 545.2 528.3 522.6 530.1 540.1 544.7 548.4 558 563.3 564.6 567.1 569.7 565.3 557.7 550.5 544.1 540 525.6 508.1 493.8 475.1 462.7 446.5 426.5 414.3 396.8 379.8 365
665.5 658.9 644.5 628.7 624.4 619.5 613 609 598.6 593.6 579.9 568.5 556.5 547.5 541.8 528 519.7 524.7 525 529.2 533.7 543.9 558.8 578.7 587.9 600.7 616.5 634.7 658.8 674.9 694.9 725.1 751.6 778.4 805.7 822.1 844.4 866.3 885.9 881.5 852.5 819.9 785.7 753.2 727.5 689.5 645.3 613.4 586.9 566.5 550.4 534.1 540.8 550.9 560.9 567.3 573.1 580.1 586.3 588.5 594 595.8 585.4 578.3 569.4 562.3 545.5 531.4 517 504.6 489.3 472.3 450.2 435.6 418.7 404.8 385.8 370.5
665.9 654.2 627.4 614.5 608.5 604.5 599.4 594.6 579.5 574.5 569.9 562.5 551 540.9 533.2 533.1 532.7 535.7 540.9 546 554.9 564.2 579.7 595.7 610.2 628.7 656.9 669.5 685.5 703.7 722.8 750 776.9 803.3 829.8 855.6 872.9 889.9 894.6 862.2 825 795.5 765.7 737.1 706.1 673.9 634.1 606.3 590.9 570.6 550.2 551.9 561.6 571.3 580.5 589.9 596 602.7 606.5 609.2 613.1 612.5 614.5 604.9 582.9 570.6 561.5 544 531.7 519.7 499.8 472.9 455.4 439.4 424.9 409.2 390.9 375.7
675.8 656.1 625.9 610.8 601 588.4 587.3 582.4 570.6 562.5 558.3 554 544.2 543.6 544.4 544.4 547.2 554.8 557.4 566.6 575.1 586.3 599.9 616.1 634 652.6 673.1 692 708.6 729 754.5 774.3 801.7 827.6 856.8 887.6 907 916.4 908.3 863.9 816.2 782.7 753.7 727.9 694 652.4 625.2 607.3 589.5 570.9 566.7 572.2 580.2 591.7 599.5 608.6 617.8 623.1 627 627.2 631.9 631 622.3 619 600.4 580.3 569.7 561.1 546.3 528.7 498.9 482.1 463.1 447.7 432.4 413.6 393.8 379.8
672.4 660.2 637 614.8 604.6 594.8 586 583.3 576.3 571.1 566.4 562.1 564.7 565 561.8 563.1 562.9 572.1 578 588 601.3 612.3 629.3 644.2 665.6 680.5 699.9 721.1 739.9 757.4 785.7 810.7 831.7 854.9 893.7 919.6 933.3 927.9 888.5 850.1 810.7 774.1 742.1 709.3 674 649.3 624.8 610.9 591.1 579.9 583.8 591.4 601 609.9 617.5 628.7 639 640.9 644.8 647.4 647.7 639.6 631.9 622 609.1 584.6 574.5 566.7 539.4 519.4 504.3 486.8 464.2 452.3 437.2 417.5 400.3 386.2
676.5 664 650.4 629 617.7 606.3 602.2 591.3 583.1 586.2 581.1 581.6 590.8 593 589.9 587.7 588.4 594.9 604.5 615.1 629.2 642 660.7 678.1 693.5 713.7 733.3 751.3 770.6 788.4 813 846.6 869.4 904.6 916.8 931 937.8 921.8 887.9 846.5 798.3 770.1 732.8 704.3 673.8 651.3 637.8 615.6 597.3 594 599.4 609.4 618.5 626.1 636.2 645 653.4 659.5 661.6 658 655.9 651.3 633.9 621.2 608 583.2 564.8 550.7 530 515.4 504.8 484.8 476.4 450.9 441.4 424.5 412.3 395
690.6 675.8 666.1 658.2 649.1 633.4 620.1 603.9 604.8 603.7 597.9 604.2 609.8 620 625 613.8 614.9 623.1 632.6 644.6 658.7 675.3 688.3 709.6 727.7 745 767.2 782.1 802.8 820.5 841.1 866.9 900.1 910.2 920.6 931.1 943.7 924.4 883.5 832.9 791.2 762.3 738.6 701.8 682.5 663.6 641.4 623.6 614.4 612.9 618.2 629.8 635.6 644.2 655.8 660.6 667.4 671.6 673.8 670.9 665.8 653.6 631.8 618.3 606.5 577.2 555.8 541.2 524.6 508.9 504.8 485 468.6 452.7 438.5 428.8 413.6 401.3
712.8 699.1 699.4 692.9 680.5 661.7 642 631.9 631.7 624.6 619.3 631.4 630.3 648.6 653.6 654.2 651.8 654.4 664.5 677.4 690.3 709.6 724.4 742.2 764.6 783.7 806.9 821.8 839.2 861.4 876.3 891.4 902.6 908.8 915.1 923 931.5 915.1 883.1 829 790.5 759.7 730.6 714.2 691.2 680.7 657.2 635.8 632.2 631.3 636.6 647.9 659.6 667.3 679 683.3 687.5 686.8 685.4 679.3 666.6 648.8 627 609.5 588.7 563.2 546.5 532.1 520.3 509.7 498.2 487.9 471.4 454.3 442.9 432.9 420.5 406.3
724.3 724.1 717.2 710.1 695.2 684.2 676.1 669.7 660.5 646.9 648.7 650.7 657.3 670.6 681.6 692 688.4 689.1 695.8 707.9 724 740.2 758.8 776.6 801 825 845.3 858.4 870.1 876.1 883.5 890.2 896.8 904.4 909 911.8 908 901.2 860.2 823.5 790.7 759.1 734.5 716.9 707.6 694.8 670.8 658.7 655.8 651.2 655.5 665.3 678.7 688.7 701.6 703.4 704.8 701.5 693 684.7 673.7 641.3 611.2 593.3 577.9 554.5 538.1 525.3 516.4 506.4 493 482.1 471.5 461 450.8 436.3 425.9 415.5
743.8 729.9 714.4 706.2 704.1 699.2 695.6 680.9 667 660.2 662.9 672.2 673.7 677.6 690 709.1 712.8 713.3 721.4 726.2 745 761.6 783.1 803.5 819.5 838.3 847.6 853.1 862.7 870.5 877.4 883.8 888.8 897.8 897.7 895.1 883.7 877.8 859.9 826 792.8 764.3 741 725 716 704.8 692.8 686 677.1 675.5 676.9 685.9 697.4 712.5 719.1 718.7 712.8 707.8 698.6 685.7 664.3 627.4 602 583.7 562.2 543.2 529.5 522.2 513.8 504 494.7 480 471.1 462.3 452.8 439 430.5 423.2
731.4 718.7 713.6 705.7 695.1 690.8 683.7 675.9 669 670.1 668.8 668.2 668.6 668.1 679.1 692.6 695.2 700.7 704.8 709.9 729.8 750.7 770.1 791.5 807.6 823 834.4 841.8 848.7 855.4 863.6 870.1 875.6 877.6 878.1 866.6 861.2 856.5 839.1 816.1 793.7 775.2 758.2 743.2 733.7 723.8 713.4 712.1 705.6 705.7 707.7 713.7 720.4 730.6 735.5 727 719 716.1 700.7 672.8 650 621.1 588.3 569.7 558.8 533.7 522.9 512.8 505.6 499.5 492.5 483.5 472.1 463.8 453.9 440.5 434.6 427.3
736.7 726.4 714.7 702.8 691.9 679.4 670.4 662.5 658 657.9 654.8 656.2 653.4 653.4 665.2 670.3 672.2 672.4 677 680.2 696.3 719.6 739.1 759.1 785.5 802.6 817.8 828 834.5 842.5 848.5 852.3 858.6 857.8 853 847.1 841.2 835.1 825.6 813.5 805.8 795.2 779.3 763 756 748.8 743.4 735.4 732.8 739.3 737.9 741.5 744.5 750.9 744.6 733.4 723.8 713.3 685.4 658.9 641.3 615.4 576 559.1 546.2 527.6 515.6 509.2 499.5 494.7 489 480.4 473.3 464 458.2 453.4 443.1 432.2
750.4 731.6 719 703.8 689.6 671.6 659 651 646.8 638.8 633.2 638.3 641.7 638.8 641.2 645.4 643.8 646.6 644.2 643.1 662.4 689.7 705.5 731.1 749.7 773.5 796.2 809.8 822 830.2 835.5 840 842.8 841.2 835.5 831 825 818.7 814 812.1 807.8 803 793.7 782.8 780.2 778.7 775.1 765.6 763 766.9 771 769.4 762.6 758.6 748.9 732.1 717.5 691.2 668.1 645 626.3 591.9 564.1 548.1 537.8 525.3 508.3 502.5 498.3 492.4 486.6 479.5 474.3 466.2 460.3 454.8 445.8 436.3
758.9 750.7 733.4 719.1 694 673.9 656 635.8 630.6 626.7 618.2 619.3 624.3 624.1 625.7 623.9 611.4 613.5 614.4 617.8 633.9 653.8 668.2 697.4 718.8 739.7 770.4 791.4 806.4 814.4 821.9 826 828.6 828.9 819.4 815.1 808 805.3 806.5 806.2 804.9 801.4 801.3 794.7 797.9 801.2 802.4 804.5 796.4 795 793 786.9 772.8 761.7 749.9 718.2 692.4 676.2 647.9 628.5 602 577.1 557.7 539 532.2 521 510.5 504.2 495.8 491.7 488 482 476.3 467.6 459.6 453 445 437.2
791.3 772 760.1 741.3 714.6 693.4 663.5 632.4 621.5 616.4 612.7 616.5 617.1 614.3 606.9 596.8 584.8 585.9 589.1 594.2 605.8 621.8 638.9 664.6 684.9 715.3 749.2 766.7 785.8 797.3 805.5 810.9 809 807.4 805.7 798.7 795.2 793.2 788 788.9 794.1 799 802.5 805 810.6 818.8 821.5 821.6 816.9 812.2 797.8 790.2 776.9 762.1 737.2 699.7 674.7 653.4 628.5 608.2 588.1 570.5 553.8 538.6 526.3 516.9 509.1 501.7 501.3 491.8 485.3 480.7 473.2 468.2 463.7 456.8 446.7 439.6
823.7 807 786 781.5 759.1 722.8 671.5 644.4 627.4 616.9 611.5 610.9 610.2 607 598.1 584.7 570.2 563.4 567.2 572.8 582.6 596.2 615.7 639.1 656.4 683 717.8 741.4 763.1 778.7 788.5 795.1 795.9 794.5 791.2 784.7 783.5 777.4 777.1 779.3 785.6 794.4 802.6 810.1 820.2 826.4 827.5 823 818.6 807 799.2 791.9 779.7 762.3 732 698.9 665.4 646.3 621.7 600.1 581.6 567.3 553.8 538 523.8 516.3 508.3 499.5 496.7 490.7 486 479.7 478.1 469.8 463.2 455.6 449 439.6
849 835.5 818 793.5 761 725.7 689.9 656.3 637.5 624.5 615 612.5 612.8 601.8 585.2 574.6 562.2 550.3 550.5 559.7 564 577.9 593.4 613.9 634.1 656.9 687.3 717 745.8 761.9 775.5 783 783.6 783.6 781 772.9 761.4 761.7 764.2 770.8 779 789.3 801 810.7 821.6 828.6 824.3 821.1 815.2 807.9 797.7 790 778.4 748.4 719.1 686.3 652.6 635 612.4 592.8 574 562.3 548.1 537.2 524.6 513.2 505.7 504.3 497.5 490.7 484.2 482.9 478 471.9 462.8 457.7 453.1 445.7
877.8 850.9 825.4 804.2 774 732.5 708.1 673.6 648.4 635.9 626.8 623.2 615.1 606.1 588.9 569.4 552.8 543.3 541.8 547.8 554.9 566.3 577.9 593.1 614.6 635.1 665.9 694.8 711.9 752.2 764.9 769.1 770 770.5 762.8 751.8 737.7 741.3 751.5 761.5 772.6 784.7 796 813.5 823.7 822.3 818.9 819.4 813.9 804.1 794.5 783.9 762.4 731.8 699.7 663.9 639.8 629.3 603.4 581.3 567.1 556.2 547.1 535.3 527.3 518.4 512.6 503.3 495 490.6 486.4 480.3 473 473.4 471.6 465 452.6 444.7
901.8 871.5 840 814.8 793.5 769.6 747.6 719.7 677.4 660 642.9 634.4 629.1 621.8 598.4 576.8 553.9 539.8 533.1 536.7 546.5 555.5 563.2 574.2 587 614.3 628.4 679.9 721.1 741.9 753.3 754.7 758.1 751.7 740.2 727.1 709.4 720 739.8 751.8 767.8 780.1 798.5 813.1 818.9 816.8 816.4 815.6 810.4 802.7 789.4 773.8 751 714.1 676.7 650.2 625.9 610.2 588.6 574 559.5 549.3 543.5 539.1 529.1 521 513.5 505.9 496.7 492 485.9 478.7 475.2 471.4 468.5 460.6 452.4 451.3
909.3 887.9 865.7 843.5 823.3 801.1 775.6 754.6 727.9 689.8 666 655.2 650.3 637.4 609.2 582.8 561.7 543.2 531.8 526.8 534.4 539.6 545.9 557.3 571.6 591.7 627.2 663.9 700.7 726.9 737.3 741.6 737.9 730.9 710.8 696.3 682.1 707.5 727.9 745.6 764 783 800.6 807.7 810.8 811.9 814.9 812.7 804.5 799.7 781.3 758.1 732.6 694.6 660.7 632.8 612 591.9 579.3 565 553.8 545.9 539.3 536.3 526.2 518.1 508.5 502 497.7 495.7 486.8 480.8 476 474.7 467.8 457.9 457.2 438.7
897.4 885.1 870.9 857.3 846.7 834.5 816.5 789 759.8 728.9 698.2 685.2 673.9 658.3 625 598.3 567.6 548.3 534.4 525.8 522.9 524.2 530.6 535.9 554.6 579.6 609.4 644 670 698.8 716.9 725.1 718.1 705.8 687.3 677.2 669.9 697.8 721.2 743 762 784.8 793.8 803.1 806.5 809.7 812.5 806 799.7 782.8 763.4 745.8 710.3 682.4 645.3 617.1 597.1 582.6 569.9 556.5 547.1 539.8 531.6 526.6 520.9 510.8 505 498.6 499.7 494.6 486.1 479.8 476.1 471.2 460.5 456 439.5 426.3
880.3 867.2 851.4 843.6 834.8 828 815 812.6 794.5 754.8 738.4 721.8 698.1 677.1 652.1 614.6 579.9 552.3 540.1 524.9 508.1 511.7 517 522.7 538.8 561.4 589.1 607.5 641.3 668 689.2 704.7 695.7 677.3 661.6 650.2 659.3 692.3 717.6 740 762.3 778 789.9 799.6 805 806.5 804.7 801.5 788.2 765.2 746.4 725.6 691.3 659.6 629.6 605 582.6 570.3 559 548.2 539 533.6 528.1 519.6 516.7 506.6 502.2 501.3 493.9 487.3 483.6 482.9 476.7 461.6 451.9 442 433.4 417.9
855.5 844.7 833.4 821.8 818 811.2 803.4 800.5 793 779.8 769.4 752.9 731.8 704.9 661.9 623.5 585.4 560.9 545.5 529.8 514.8 501.4 504.1 508.7 520.9 537.8 559.6 586.9 611.5 641.5 665.5 684.6 670.5 648.6 633.8 619.7 657.4 688.9 715.2 739 756.6 771.5 785.1 796.7 804.6 804.6 800.5 780.6 761.7 746.3 723 700.9 666.9 635.6 613.3 591.2 572.4 559 549 538.5 528.5 524.5 519.5 513.1 509.2 501.9 498 493.2 486.9 483.5 482.7 478.3 459.8 449.4 437.5 423.6 411 402.3
827.4 819.4 806.7 797.4 798 787 785.4 781.2 777.1 768.7 762.3 759.9 755.2 733.2 666.9 624.8 591.1 562.4 544.9 535.9 521.4 505.3 496.8 502.1 506.9 516.9 533.6 556.7 587.1 614 644.9 659.4 644.4 627.2 607.1 614.3 640.5 676.6 714.1 737.4 753.8 770.5 784.5 794.6 798.8 803.3 779.8 763.1 744.3 722.5 700.1 674.5 645.3 617.3 596.4 578.2 562.9 547.5 536.2 530 521.3 518.4 514.8 509 504.4 495.1 493.7 487.2 481.3 476.7 468.6 456.5 440.7 428.6 420.3 412.2 403.4 393.7
780.3 778.4 762.9 761.9 767.6 762.5 761.3 756.1 750.6 746.8 745.2 747.8 749.2 731.2 674.1 626 596.4 563.5 546.9 538.9 525 508.7 496.2 494.6 497.2 504.8 517.9 539.7 565.4 594.7 617.1 634.7 619 601.7 580.8 605.3 644.5 684.7 714.6 736.9 751.7 767.8 780.7 787.8 790.6 773.9 759.9 745.3 723.3 694.2 669.8 649.5 624.6 599.7 580 564.5 552 536.1 526.6 520.3 513.2 509.6 506.4 499 490.9 486.8 484.7 478.7 471.5 462.2 449.2 436.4 421 412.3 407.6 403.4 395.5 387.6
747.4 737 725.6 728.4 732 730.6 728.1 729.4 725.2 723 722.1 717.1 719.6 710.9 676.8 624.1 594.2 568.9 554.2 541.9 526.5 509.9 493.8 483.1 483.8 490.8 501 519.5 544 572.7 593.2 607.8 590.6 572.7 574.3 615.2 652.7 687.5 715.7 739.3 757.5 769.7 780.2 780.3 765.4 755.8 743.2 719.5 695.5 671.2 648.1 625.7 603.1 584.5 566.4 549.1 540.2 526.2 518.3 509.9 502.2 497.8 494.6 485.2 482 475.4 475.5 467.8 453 443.3 432.8 423 415.2 403.8 399.3 392.7 386 378.1
714.9 705.8 693.2 698.5 704.5 700 699.6 699.3 695.8 693.5 691.5 687.6 681.1 673.6 657.9 615.6 593.8 573.2 555.2 544.1 532.1 511.1 490.6 475.8 470.5 476.3 485.2 500.5 521.5 543.6 567.4 579.8 561.7 542 583.1 620.8 657.6 691.8 719.5 742.4 760.2 771.8 772.5 759.2 746.1 735 717 695 669 647.6 625.6 606 586.4 567.4 549.4 538.2 524.8 515.7 506.5 498 492.5 487.3 478.5 477.6 472.5 463.8 459.7 450 436.9 429.2 421.5 414.5 404.3 396.3 390.8 385.4 379.4 369.4
689 680.3 671.8 672.6 673.8 668.4 667.2 665.5 665.7 667.2 661.6 659.1 649.5 637.6 624.2 607.4 587.1 572.7 560.1 548.4 533.4 507.1 483.5 466.4 457 459.7 466.8 479.5 499.2 522 543.4 551.2 530.5 554.5 589.5 628 664.3 698 724.7 745.3 759 757.2 751.8 739.2 725.7 712.5 693 669.4 644.7 623.7 603 586 568.2 552 539.7 526 513.7 505.2 498.5 490.2 482.4 473.5 469.1 463.3 460.6 455 442.7 434.7 429.1 419 411.3 403.2 394.7 386.2 382.1 376.5 370.5 362.4
676.1 664.9 652.2 648.6 643.8 638.2 635.7 636.4 639.9 636 631.8 625.6 618.2 608.3 600.4 589.2 575.2 565 560.1 546.9 526.8 505.4 477 456.4 439.1 446.3 452.5 463.4 476.3 501 525.6 521.9 519.1 563.2 596.4 636.6 676.3 705.9 730 746.4 744.8 736.7 731.7 718.1 701.1 688.4 671.3 646 622.6 602.2 582.3 568 554.6 538.6 526.6 515.4 501.4 494.7 486.8 479.4 470.6 463.2 456.5 449.6 448 442.6 424.7 416.6 411.7 406 399.5 395.4 383.6 378.9 372.7 365.7 361.7 356.8
674 646.9 629.7 628.3 618.8 611.8 611.8 612.4 613 615.6 607.4 603.3 589.5 584.6 581.4 569.7 562.3 560.5 560 544.3 529.5 498.1 468.5 446 435.4 430.4 436.8 445.1 457.8 480.4 508.1 494.5 531.5 567.8 604.2 645.9 684.6 712.7 733.5 727.1 725.1 719.9 709 694.7 679.8 667.2 646.7 623.5 602.1 582.5 564.6 551.2 540.7 526.9 517.2 504.8 493.7 484.7 481.2 463.2 457.8 449.5 445.2 439.4 438.5 422.1 414.9 405.3 400.5 392.7 390.7 382.8 375 374.1 369.5 359.2 355.6 353.1
677.9 651.2 627.4 608.7 602.5 595.2 594.9 596 595 592.2 589.5 581.6 575.2 572.4 567.8 562.6 561.7 558 547.2 539.3 518.6 494.4 462 438.8 424.4 413.3 421.8 430 443.8 467.7 489.7 497.6 532.3 568.9 611.4 655.1 692.8 717.1 712.9 712.1 711.2 700.1 687.9 675.4 660.3 642.1 621 600.9 579.7 564.6 548.5 536.4 525.5 514.4 505.9 495.2 482.6 473.5 461.8 450.8 445.3 439.4 438.8 428.9 420 412 403 396.1 389.3 384.2 376.1 373.2 366.9 367.6 358.6 352.3 349.2 347
