Game/Highland_Data/StreamingAssets/GeoData/Data/nn/NN27.asc
ncols 200
nrows 200
xllcorner 220000
yllcorner 770000
cellsize 50
[rows 105 to 139 of 200, columns 78 to 155 of 200]
638.2 623.1 612 618 626.7 630.6 629.7 636.5 639.2 643.2 646.1 650.4 649.9 637.1 626 621.4 626.1 619.4 628.8 649.7 678.1 694.4 717.3 739.3 764.2 783.1 799.4 810.9 819.5 827 834.6 847 860.6 879.2 896.3 917.7 937.8 954.7 963.6 973.4 982.1 991.2 1000.6 1009.6 1018.1 965.2 944.1 917 893.6 882.8 883.4 904.8 914.9 935.1 960.3 990.5 1024.4 1058.5 1056.6 1036.3 1014.5 994.3 979.3 965 940.2 893.1 870.7 854.2 840.5 827.1 809.3 782 768.6 771.4 771 774.6 751.7 710.6
641.6 621.9 629.2 625.4 633.1 634.8 639 650.2 657.3 658.1 662.3 667.5 667.8 658.7 640.2 637.4 644.6 641.9 633.7 659 678.5 692.1 715.6 743 766.5 789.9 806.8 818.5 829.8 837.9 845.4 851.3 856.4 870.3 885.2 904.4 927.1 945.4 960.7 972.7 984.6 994.2 1006.8 1019 1029.8 993 967.1 935.4 913.3 901.5 901.3 926 936.4 953.2 976.9 1011.2 1047.2 1083.1 1081.2 1057.9 1034.8 1015.8 1001.8 995.1 965.7 920 900.2 888.4 864.5 842 822.6 800.3 784.2 784.5 786.9 788.8 754.2 725.3
641.3 634 632.9 640.6 647.3 648.1 649.1 660.4 667.3 670.6 677 687.1 687.8 687 663.1 662.1 663.4 663 655.8 658.1 674.7 699.2 721.8 745.9 769.6 792.1 811.2 826.7 837.3 846.6 854.9 864.5 868.9 870.5 874.8 886.8 906.1 929.8 953.2 970.5 984.6 999.3 1013.1 1028.6 1042.9 1025.4 987.5 959.5 940.4 926 926.6 943.7 967 978.6 1000.4 1036.8 1072.4 1106.5 1098.1 1075.4 1051.6 1035.2 1023.6 1020.3 993.4 954.3 937.3 920.3 887.4 863.4 842.5 832.3 806.8 804.7 812.6 797.3 755.5 727.1
638.5 638.2 648.8 659.7 662.6 675.3 666.6 670 675.7 683.7 691.8 701.1 708.2 703.8 702 691.5 701.3 687.8 676.8 660.7 675 705.3 726.8 749.4 772.1 794 815.2 831.2 841.3 850.4 863.1 876.2 881.8 881 877.7 880.7 893.6 909.4 936.1 964.4 985.3 1003 1020.5 1036.6 1049.2 1059.5 1019.2 987.4 970.5 955.8 952.7 960.4 984.1 1007.2 1029.5 1060.3 1096.6 1116.2 1105.3 1085.1 1064 1050 1040.7 1038.3 1018.9 989.9 972.6 954.2 931.6 900.4 869.7 856.6 833.4 827.6 827.8 783 747.8 719.4
643.2 651 659.8 665.9 678.5 687.6 679.8 682.5 688.9 699 710.4 716.3 717.6 716.4 718.5 726.6 724.6 706.9 695.6 688 675.9 700.6 727.8 750.3 771.6 790.1 816 832.2 846.2 860.8 874.1 882.7 889.2 892.3 887.7 888 893.2 904.3 920.8 951.6 984.8 1007.1 1025.5 1042.2 1053.2 1065.3 1044.7 1017.9 998.5 986 980.6 982.7 1003.5 1029.5 1054.9 1085.9 1084.7 1075.2 1069.5 1064.1 1056.5 1046.2 1039.1 1030.4 1021.7 1014 1007.3 999.1 969.2 935.7 910.9 884.2 858.1 840.5 819.3 776.1 742.8 711.4
649.8 660.5 666 672.2 683.9 690.7 691.3 702.6 709.2 716.8 729.1 734.1 731.8 725.8 725.3 731 733.5 727.3 728.9 719.5 705.7 697.2 725.1 749.4 764.8 789.7 813.6 833.7 852 865.5 875 883.8 892 898.9 900.4 899.5 901.5 908.6 917.1 939.7 974.7 1006.8 1029.7 1047.8 1059.5 1078.1 1081.9 1052.9 1030.2 1018.6 1013.1 1014.4 1031.1 1053.3 1074.3 1058.4 1044.9 1033.7 1030.7 1027 1022.7 1018.6 1013.1 1008.1 1002.8 999.2 997.2 993.9 992.7 969.4 938.9 908.4 876.4 843.8 810.9 775 736.5 709.3
653.9 665 677.6 682.6 693.2 699.2 703 716.5 726 739.1 752.3 750.2 742.7 738.1 736.7 740.1 750.6 749.5 744.3 745.1 730.7 708.7 723.8 744.3 764.5 788.5 809 829.3 849.7 861.7 872.8 885.8 894.5 902.5 908.7 909.7 911.2 919.5 925.5 932.9 966.2 1003.7 1030.6 1053.6 1073.5 1091.3 1106.8 1087.4 1065.5 1057.9 1050.2 1055.8 1063.4 1050.1 1026.4 1009.3 994.4 995.8 987.2 977.9 977 982.1 982.3 981.4 980.5 979.7 978.2 978.1 977.8 976.2 958.9 919.9 880.9 847.7 816.6 768 729.1 709.9
654.9 667.4 680.1 698.1 701 703.6 713.7 723.2 737 750 765.2 766.2 757.1 747.8 743.3 745.7 753.5 758.6 756.4 758.1 749.9 731 740.4 751.6 770.4 794.6 815.6 837.4 850.7 861.9 874.9 886.9 897.4 906.4 913.6 918.2 921.1 926.3 932.1 942.2 961.2 996.3 1031.1 1059.1 1082.7 1098 1104.7 1112.4 1111.1 1101.4 1093 1076.4 1036.6 1002.5 974.9 960.4 947.5 940.9 925 923 930.2 939.2 944 951.9 954.6 956.6 957.2 958.1 959 959.4 953.2 933.8 889.8 855.3 815.2 778.4 734.4 704.9
663.8 671 684.1 695.4 702.8 707.8 718.3 729.6 740.1 757.6 781.4 783.4 771.7 757.7 749.9 749.1 756 766.6 778 777.3 766.6 751.7 749.1 772 783.1 790 809.1 825.5 842.3 859.9 871.5 883.7 895.8 904 911.7 919.3 926.9 932.2 938 946.8 961.4 992.2 1025.7 1056.7 1082.8 1100.2 1111.1 1111.7 1112.7 1120.1 1078 1039.8 1007.3 978.1 951 928.7 916.6 902.4 890.8 888.6 895.9 903.1 907.6 914.8 923.4 930.6 932.2 934.9 937.9 938.8 941.9 935.1 905.5 864.1 819.6 779.4 733.6 700.9
668 673.3 685.3 696 705 711.9 722 733.1 746.4 775.4 796.7 801.7 787 771.3 760.7 756.7 760.4 772 783.2 785.2 776.5 760.3 763.5 785.2 797.5 807.1 821.8 837.1 852.5 865.6 877.8 887.9 902.7 912.1 918.6 922.4 929.5 936.3 943.2 950.4 963.3 989 1021.1 1046.9 1077.5 1113.4 1122.3 1113.8 1109.9 1107.2 1053.9 1022.8 996.4 967.5 938.1 912.3 890.1 874.9 864.4 862.1 863.7 866.4 875.7 886 898.5 904.2 909.6 911.4 910.8 917.4 926.2 916.1 901.1 860.3 817.9 765.3 724.7 695.8
670.5 674.5 686.4 699.1 710.5 721.7 734 746 763 791.2 808.9 820.5 817.3 796.1 778.2 772.5 772.9 777.5 783.3 789.2 782.2 766 768.5 787.8 805.5 816.2 828.2 841.2 857.1 870.6 884.7 895.2 902.4 919.7 927.6 931.7 932.7 938.6 947.4 955.4 968.4 992.4 1018 1040.3 1076.5 1112 1115.3 1108.4 1111.3 1086.8 1041.1 1012.4 990.6 964.1 933.3 900.3 868.2 849.9 850.2 845.6 840.4 841.8 853.3 863.3 879.5 886.4 889.1 887.6 886.9 900.3 905 903.2 882.9 852.3 809.6 765 725.7 689.7
671.6 678 691.8 705.8 715.9 731.2 744.3 753.9 771.3 795.7 817 831.2 836.1 821.3 820.2 801.9 788.7 784.3 785.8 792.5 788.2 775.3 782.4 799.2 811.5 822.3 833.3 853.3 869.1 879.7 892.3 906.8 917.4 926.8 935.2 939.3 940.3 943.4 950 958.5 967.7 991.9 1018.9 1046.3 1080.5 1105.8 1111.4 1118.2 1133.3 1089.1 1033.4 1006.3 988.6 957.9 922.6 883.3 862.7 838.3 834.6 829.1 827.5 831.2 838.5 848.4 862.5 869.3 879.5 875.6 877.5 883.4 887 888.4 865.8 840.8 795.4 761.6 722.7 681.2
679.2 676.8 690.6 707.5 721.5 736.8 748 755.8 769.6 796.2 824.3 842 854.2 846.6 824 821.9 820.4 809.5 801.2 795.3 794.1 775.1 790.3 808.1 819.2 830.1 843.6 861.7 879.2 893 903.6 922 931.6 935.3 938.9 943.1 944.9 947.6 952.5 960.8 972.6 994.4 1027.8 1058.6 1076 1103.8 1123.5 1144.3 1100.1 1063 1039.2 1006.4 989.9 964.2 918.6 880.4 854.9 835.5 821.7 816.2 818.8 820.2 827.3 833.5 848.4 856.4 863.7 865.4 863.6 864.4 869.6 870 848.9 827.8 798.2 753.6 699.5 666.7
698.1 680.9 689.9 706.7 723.8 737.7 753 763.1 774 794.5 827.3 848.8 868.8 876.3 839.3 821.9 821.9 826 820.6 805.9 797.7 783.7 800.6 814.8 826.5 837.3 851 866.9 886.5 902.2 915.2 936.4 953.6 947 942.1 944.6 948.6 950.8 955.1 961.8 978.4 1003.2 1037.6 1061.8 1083.2 1108.6 1143.3 1131.8 1090.8 1050.9 1038.2 1011.6 992.3 971.3 921.8 886.6 857.9 838.2 812.5 808.8 812.8 810 820.7 822.3 831.2 839.2 840.8 835.1 832.9 846.5 854.3 853.7 836.7 814.1 783.2 724 683.2 657.8
706.4 686.8 687.4 705.3 724 741.1 755.1 767.2 781.1 799.7 830.6 857 877.7 887.4 863.6 833.8 821.9 821.9 826 815.8 805.3 799.3 807.3 821 832.6 843.9 856.6 869.1 889.6 908 928.5 952.3 976.3 975.9 953.6 947.8 951.4 955 961.2 971.6 985.1 1011.8 1044.3 1065.6 1085.4 1116.7 1148 1122.4 1080.6 1053 1040.4 1024.8 999.9 972.5 945.9 893 867.7 839.4 809.2 806.1 803.6 803 804.7 809.4 819 830.8 819.2 810.8 816.2 831.2 838.3 838.8 823.7 797.6 761 703.8 668.6 635.3
703.1 686.7 689.4 709.1 724.6 743.1 757.5 771.9 785.9 803.7 834.7 860.1 879.8 890.8 875.2 845.7 827.6 823.6 825.3 823.6 812.7 811.4 815.8 827 843 852.7 860 873.2 892.6 921.2 948.3 974 995.2 1006.7 976.8 956.5 953.2 960.1 968.3 977.1 996.8 1022.8 1045.2 1072 1100.2 1129.5 1161.7 1123.4 1084.1 1054.9 1047.4 1026.2 1002.6 979.2 939.3 910.6 876.4 837.6 811.8 809 796.7 795 796.2 802.4 814.7 820.2 805.4 799.1 806.5 813.8 819.1 820.4 813.1 786.2 755.1 690 653.6 622.9
695 690.5 692.8 706.5 723.9 742.2 758.7 773.2 789.6 811.3 837.6 859.9 882.2 897.3 892.8 860.8 838.6 828.2 828.5 825.9 816 818 823.4 834.3 848.9 857.7 865.4 878.9 900.8 933.7 967.4 995.8 1012.1 1025.5 1000.1 974.8 963.9 967.3 973 983.6 999.8 1024.6 1055.5 1090.3 1128 1161.8 1171.2 1135.1 1101.5 1078.2 1056.3 1038.3 999.5 980.6 958.8 939.7 900.3 836.7 811.3 806.5 796.2 793.9 795.3 805.6 811.5 806.6 789 781.2 791.6 801.1 806.1 807.7 799.6 767.6 731.4 672.5 639.3 613.5
698.1 697.7 706 713.4 726.8 743.3 761.1 778.8 795 814.9 837.1 858.8 884.1 904.9 913.6 880.6 854.1 836.3 829.4 825.5 820.9 823 829.9 839.9 854.7 862.2 872.8 887.7 910.8 946.4 979.2 994.7 1017.9 1036.7 1022.7 995.9 982.1 982.2 988.5 998.4 1012.6 1039.4 1071 1111.5 1150.5 1176.3 1171 1143.5 1115.9 1092.2 1082.5 1052.8 1022.4 1010.1 983.5 961.4 915 855.6 831.6 807.5 796.4 796.4 797.4 798.4 808 794 773.6 769.2 777.3 785.9 792.7 794.1 775.3 748 704.3 665 627.2 603.7
707 711.9 712.5 717.9 730.5 746.5 765 782.1 797 813.2 830.7 855.2 885.9 914.2 934.2 900.3 868.5 846.3 837.4 828 826 827.6 835 844.8 859.2 868.7 880.2 894.7 916.1 948.2 978.6 1001.3 1026.8 1050 1048 1019.5 1003 999.5 1004.6 1017.2 1038.3 1064.2 1101.6 1137 1160.9 1163.7 1157 1140.8 1122.8 1102.4 1083.1 1074.9 1048.2 1028.9 1011.8 985.3 934.6 895 863 826.8 803.8 797.9 793 799.8 794.2 780.1 762.6 758.2 762.2 772 774.9 770.8 753.9 729.8 691.9 651 617 598.1
727.8 720.7 720.3 721.1 735.7 749.7 767.4 783 798.3 810.3 824.5 848.7 883.6 919.1 940.5 923.4 884.7 871.2 859 842.7 833.8 833.1 840.3 849.8 863.1 874.1 887.9 904.8 922.1 943.3 974.4 1008.1 1034.3 1051 1067.8 1042 1024.1 1021.1 1028.4 1043.3 1062.3 1097.2 1130.7 1146.8 1144.1 1142.8 1128 1114.2 1104 1095.3 1080.1 1069.9 1058.1 1039.1 1012.1 988.3 952 910.3 875.1 831 801.9 785.4 788.9 788 782.9 749.2 744.3 746.2 749.3 757.5 747.9 746.3 726.8 705.5 683.9 646.5 612.2 589.9
741.8 735.5 722.5 726.6 739.1 753.9 770.5 784.9 799.2 811 823.7 846.1 877.5 911.6 941.3 941.8 911 893.6 880.5 859.1 842.9 837.8 846.4 855.9 867.4 877 897.4 917 930.7 949.5 975.1 1008.2 1036.6 1060.1 1078.3 1068.5 1052.6 1046.1 1057.4 1074.1 1097.6 1126.7 1139.4 1141.5 1128.4 1108.2 1095.7 1085.1 1076.3 1070.8 1066.3 1057.2 1045 1033.5 1005.7 975.6 953 913.8 871.2 829.6 797.9 779.3 773.3 776.1 772.5 742.4 732.1 737.2 740 735.1 726.2 710.8 700.3 681.7 657.6 636 605.9 588.8
746.4 737.5 728.2 731.4 742.2 757.5 772.4 786.6 801.6 814.3 828.8 848 869.4 907.5 944.6 960.1 939.4 910.8 889.1 869.4 854.9 848.4 852.1 863.2 871 882.5 905.9 929.8 943.2 962 985.3 1014 1045.4 1073.1 1091.1 1103 1086.9 1078.5 1092.4 1107.9 1114.9 1120.3 1123.1 1117 1089 1074.6 1062.6 1059.6 1051.1 1046.7 1055.6 1049.3 1038 1025.8 999.6 963.6 938.2 906.4 869.6 827.2 801 774.8 763.6 765.4 760.4 729.8 724 724.9 724.4 722.5 704.5 687.2 674.1 657.7 646.1 616.6 601 590.2
752.9 739.3 728.8 736.5 746.1 761.4 775.7 787.4 801.5 816.1 830.4 849.5 870.7 902.5 945 974.7 965.8 937.4 908 882.8 865.4 857.3 861 870.2 877.3 887.8 907.4 924.4 948.8 970.3 1001.5 1030.9 1059.3 1091.6 1092.2 1085 1085.4 1085.5 1084.3 1085.4 1086 1089.6 1092.1 1074 1057 1045 1039.7 1037 1037.9 1041.2 1046.9 1045.1 1030.1 1024.9 992.3 953.9 919.1 887 849.3 815.2 801 767.8 754.9 745 737.3 712.5 713.4 715 711.1 701.7 683.3 669.6 656.3 640.5 623.8 609.5 596.1 583.8
766.4 759 738.8 737.9 747.2 762.4 774.5 786.5 800.4 816.5 834.5 854.1 872.9 902.7 941.9 982.1 973.6 940.2 912.6 896.8 878 868 870.2 875.4 882.8 899.9 918.3 939.1 961.7 987 1009.4 1039.2 1075.3 1072.7 1058.1 1048.8 1045.1 1049.1 1047 1050 1052.5 1055.6 1059.1 1037 1028.3 1022.2 1025.5 1026.7 1029.6 1032.6 1038.4 1039.3 1030.9 1015.9 982.9 937.1 897.6 866.8 838.4 810 789.5 767.8 743.3 724.4 705.3 698.5 700.9 701.3 693.3 681.3 666.9 653.6 640.3 627.6 614.1 602.4 590.5 580.1
791.4 771.2 752 748.5 748.8 764.7 775.8 788 803.2 821.6 843.2 859.4 877.3 912.7 947.3 983.4 976.9 942.9 912.2 903.7 887 875.8 877.7 882.8 888.6 907.2 929 950.4 977.8 1004.5 1021.3 1053.5 1058.1 1040.5 1023.9 1013.7 1004.7 992.5 1000.2 1010 1015.5 1019.9 1011.8 1006.7 1011.8 1010.6 1008.7 1015.1 1019.1 1018.8 1023.5 1021.9 1019.1 995.9 971 930.4 883.6 850.2 822.8 798.4 785.9 759.2 732.3 714.4 695.9 685.8 683.8 683.8 674.5 666 651.1 636.8 625.6 616.2 605.6 599 586.4 577.2
813.8 789.9 779.5 766.8 770.8 775.8 785.6 794.9 815.4 832.3 851.6 871.2 889.2 920.1 955 985.4 978 945.2 915.1 906.7 901.6 889.4 899.4 908.1 901.3 919.1 940.8 968.1 996.9 1026.4 1042.5 1031.9 1026.9 1010.5 992.1 980.2 972.2 962.1 965.2 965.2 971.6 979.5 976.5 982.4 994.3 988.6 992.9 999.7 1000.1 997.8 999 1001.3 1001.6 977.5 949.5 912.7 875.9 838.3 810.6 790.6 772.5 753.1 734.7 707.8 691.3 677.1 668.3 665.3 653.5 641.5 630.1 622.5 614 607.3 597.4 590.9 579.6 574.7
845.6 838.9 813.3 798 785.1 793.4 796.9 810 830.3 846.6 863.9 881.1 894.3 923.3 958.8 990 972.6 942.4 921.8 915.5 911.2 916 924.4 926.9 934.4 944.1 967.8 998.1 1025.1 1043.2 1017.8 998.8 995.3 989.5 974.3 960.3 950.5 944.3 935.9 933.8 936.5 945.1 961 968.5 969.7 970.4 974.9 974 968.1 970.3 974.7 978.8 982.9 959.2 924 888.2 854.9 824.6 797.5 775.2 755.3 740 718 694.9 681.4 667.3 652.2 649 632.7 622.8 616.6 610.7 604.7 597.5 589 579 573 566.8
847.2 833.4 826.8 812.6 800.2 808 812.4 829 847.9 864.4 877.7 890.5 902.7 923.6 959.7 990.3 967.6 938.1 932.9 921.8 924.4 927.5 930.9 944 954.5 974.1 1008.7 1033.9 1054.4 1019.3 990.3 977 980.3 981.9 962.8 944.9 932.8 928.6 914.7 914.7 911.9 930.6 936.8 938.5 945.3 949.3 949.1 940.2 939.5 941.9 947.4 954.6 959.1 946.7 906.9 872.1 838.4 804.9 776.9 751.7 731.2 712 694.9 678.2 665.2 652.2 638.4 627.9 618.7 609.4 602.8 597.4 591.6 584.5 579 572.2 562.6 553.8
851.7 836 822.2 810.9 817.7 821.5 829.5 847.8 865.4 875.5 886.3 895.8 906.9 922.9 956.5 991.1 968.6 940.9 937 939.9 935.7 933.4 944.6 955.2 968 996.3 1026 1050 1036.3 998.3 975 968.7 974 969.3 952.5 930.9 922.4 913.4 908.6 900.5 901.4 914.7 910.8 915.5 920.8 923.2 914 913.1 914.7 915.3 921.1 928.2 939.8 931.2 891.9 859.8 825.7 790.8 755.9 728.9 707 687.2 677.1 662.4 644.6 631.8 620.2 606 600 597 593.3 583.7 578.2 575 567.6 562.3 552.6 538.4
848.5 832.4 821.1 820.7 829.4 837.2 844.4 859.2 871.6 881 887.9 893.2 904.6 925.1 958.2 994.2 974.2 951.8 947.3 947.3 945 946.8 956.6 966.8 976.6 1008 1041.1 1068.5 1018.5 985.6 967.2 965.2 965.8 956.8 943.1 923.2 915.7 910.1 901.8 889.2 881.5 897.1 891.4 895.4 893.7 888.5 888.2 887.6 890.6 894.7 898.6 910 921.2 917.5 884.7 848.4 814.6 765.3 731.5 704.4 686.5 671.2 655.7 638.6 627.7 614 600.7 593.4 592.4 589.9 584.4 577.9 566.4 563.2 560.5 553.6 534 548.5
840.2 825.7 824.9 828.3 839.7 847.1 855.1 865.8 875 881.5 889.8 899 918.4 941.8 969.2 994.3 978.4 960.2 949.4 948.5 951.3 957.2 964.4 971.3 988.9 1022.4 1056.8 1064.9 1007.8 979.4 963.9 964.8 956.8 947.5 933.3 923.5 910.7 901.9 892.8 881.2 861 875.3 874.7 872.1 868.8 861.4 863.6 864.9 866.4 868.2 880.9 888.7 906.2 905.1 876.6 842.7 793.6 746.9 709.7 684 665.7 650 633.6 619.2 605.8 596.2 590.9 586.2 585.8 586.6 580.9 578 574.8 571 573.2 573.8 568.1 568.2
833.4 832.6 830.1 839.1 850.3 858.2 861.6 871.5 878.6 885.4 899.1 914.4 938.1 961.8 991.2 1006 983.4 970.6 964.8 968.9 962.5 959.7 969 980.7 1005.2 1034.4 1066.2 1048.7 1008.5 976.5 963.6 961.3 949.6 933.7 924.8 912.6 900.9 891.3 880.9 867.1 845.8 845 853.9 839.9 833.9 837.7 841.9 840 842.2 849 860 877.5 894.6 887.3 867.3 833.8 767.6 736.1 701.4 670.7 649.1 632.2 618 604.6 594 589 586 583.5 585.4 585.1 586 591.1 593.5 590.6 603.6 600.1 584.4 581.6
837 837.2 836.5 848.9 865.1 867.5 873 878 884.4 901.3 920.1 937.4 958 982.8 1013 1019.9 994.7 982.8 976.3 982.5 978.9 973.5 984.9 998.5 1020.8 1046.7 1068.3 1048.6 1013.1 980.3 960.8 959.5 950.3 928.6 918.8 905.3 888.3 880.3 869.3 848.1 825.7 833.5 829.4 819.7 817 816.5 816.1 816.1 822.4 833.8 849.6 870.5 874 865.1 848.2 805.9 759.9 720.4 691.9 666.4 640.6 621.1 606.1 596.9 591.9 591.7 590 590.3 591.9 596.2 600.5 600.5 599 606.6 611.6 610.4 614.8 601.5
842.2 843.5 852 866.9 878.4 882.1 888.7 898.8 912.5 930 941.5 956.3 978.3 1005 1033.7 1034.3 1003.5 999 993.6 998.9 996.4 998.6 1011.5 1018.8 1041.7 1064.7 1079.4 1051.7 1018.1 981.5 957.8 952.3 943.5 923.4 915.2 904 885.8 862.2 842.5 827 810.2 808.2 807.7 801 795.5 791.4 793.9 795.4 809.9 823.3 840.6 851.7 850 840.2 818.5 789.4 756.1 709.2 688.8 663.5 635.4 611.3 600.8 597.2 603.1 604.5 596.6 602.7 611.5 617 613.7 605.5 613.9 621.5 624.2 631 631 629
851.3 856.3 867.9 885.7 892.5 890.6 907 921.5 939.7 950.8 962.7 977.6 999.8 1027.6 1058.9 1058.7 1032.5 1016.7 1013.3 1023.2 1029.6 1037.6 1043.7 1049.5 1063.3 1072.4 1072.3 1055.6 1014.7 978.7 951.5 942.8 926 913.7 909.3 897.2 883.6 860.8 839.1 818.6 801.7 793.1 792.2 782.5 778.2 776.4 777.5 785.4 799.7 814.1 829.7 835.7 826.3 808 798.3 773.9 733.7 703.1 682.4 663.9 640.7 617.4 607.7 603.1 607.2 607.2 615.4 622.1 632.6 636.3 624.2 626.5 632.2 635 640.4 644.9 645.8 649.9
