Game/Highland_Data/StreamingAssets/GeoData/Data/nn/NN34.asc
ncols 200
nrows 200
xllcorner 230000
yllcorner 740000
cellsize 50
[rows 140 to 174 of 200, columns 78 to 155 of 200]
836.9 875 907.9 932.2 957.8 984.5 1006.7 1014.3 1010.5 1000.7 989.3 975.8 962.3 954.4 940.6 920.8 907.8 897.7 886.7 884.7 879.1 872.7 863 846.7 830.8 811.2 797.4 786.7 774 760.1 748.7 737.3 736.8 732.6 729.6 724.4 722.6 720.3 716.4 710.1 701.5 692.8 688.4 685.7 679.2 672.5 668.4 671.4 670.1 670.2 665.4 652.7 645.5 637.6 631 624.5 618.9 613.6 597.4 609.1 613 610.7 611.4 609.2 604 603.3 605.5 601.6 594.4 588.7 580.9 565.1 557.2 549.6 537.1 533 524.4 516.3
861 892.4 917.1 939.3 963.4 985 1000.8 1004.3 998 987.5 974.5 961.6 948.7 939.5 912.4 893.7 883.4 869.9 862.6 859.1 856.8 849.8 843.8 828.9 818.3 805.5 792.3 781.5 767.1 754.1 741.2 730.5 730.6 726.4 717.9 713.2 708.8 707.6 703.4 696.2 685.6 674.6 667.6 663.3 658.9 653.6 650.1 651.7 652.6 648.5 640.2 633.3 623.9 617.1 611.5 604 598.6 593.9 585.1 590.2 592 591.8 587.6 585.1 580.2 577.7 577.9 576.2 569.8 557.4 556.7 544.8 530.3 524 516.4 511.2 503.4 499
871.9 896.3 923.5 946.1 969.3 985.2 991 992.7 985.8 972.2 961.2 943.3 935 908.3 888.4 873.3 861.4 849.8 841.2 838.1 836.2 832.4 826.7 815.5 804.7 797.9 786.5 773 759.9 744.9 732.6 720.2 723.8 717 709.4 704 695.2 694.6 689.2 680.3 669.9 661.1 652.1 646.5 643.3 636.9 635.5 629.5 631.7 624.3 617.6 607.1 600.9 590.9 588.6 582.9 577.3 572.5 566.9 567.7 569 569.1 566 563.8 556.8 553.3 553 547.5 543.3 535.2 529.8 519.8 512.7 500.4 496.3 493.8 487.1 482.3
872.2 897.7 925.4 947.6 967.3 980.6 980.9 980.2 974.6 961.1 943.2 929.1 918.3 881.4 855.8 841.2 835.4 825 825.1 822.1 825.1 817.7 814.6 809.4 798 790.2 777.4 765 751.8 738.3 724.3 712.8 715 709.5 701.7 694 685.1 680.3 676.6 666.9 657.3 649.2 639.9 633.4 629.2 621.4 613.6 613.7 606.3 600.6 595.7 588 580.7 573.3 566.8 561.4 557 553 548.5 542.1 543.6 546.8 540.3 537.6 536.2 529.2 525.5 523.7 514.9 508 506.2 497 494.8 486.4 481.2 474.6 468.5 464.1
872.5 900.5 926.3 948.8 968 973.8 974.2 974.3 963.4 945.3 924.1 910.4 883.8 857.4 826.3 820.1 820.9 815 815.8 816.4 814 809.2 805.4 800.9 791.3 781.6 767.9 757.1 743.8 729.9 718.2 708.5 704.9 703 696.4 686.8 677.9 669.5 664.3 656.6 644.7 636.4 629.1 623.9 612.9 603.8 597.8 592.2 585.8 579.8 571.7 564.6 560.2 553.4 547.2 538 536.1 533.4 531.3 521.1 522.8 519.8 521.3 516.8 510.6 507.5 504 498.3 492.4 488 482.6 476.1 473.7 470.7 467.3 458 451.3 445.9
872.2 899.7 926.9 946.5 960.1 969.9 973.1 967 951.7 928.5 899.7 880.5 859 837 815.5 815.2 815.4 813.9 812.8 809.4 804.7 804.3 799.8 797.2 786 775.5 764.8 751.6 736.7 723.4 713.8 704.2 699 697.1 691.7 682 673.2 662.1 645.3 648.5 633.9 627.2 619 610.6 600.9 590.8 580.8 578.7 566 558.5 550.2 541.9 536.6 534 529.6 522.9 518.7 514 512.9 504.8 501.3 499.6 496 494.3 488.3 485.9 481.2 479.6 475.3 469.8 466.7 459.9 457.4 453.1 447.7 443.5 438 431.9
869 897.5 921.7 941.1 955.3 964.2 966.3 962.3 933.5 900.7 878.3 855.3 844.2 826.3 816.3 814.6 814.3 813.4 812.1 812 805.5 801.3 793.8 791.9 781.8 772.3 758.9 741.5 727.6 718 708.5 698.7 693 691.6 686 677.2 668.3 655.8 645.6 628.1 625 618.3 608.4 596.4 588.1 577.5 568.1 563.8 551.1 541.8 533.3 527.8 517.8 513.6 512.5 507.5 501.7 496.7 493.1 487.9 485.8 484.5 479.6 473.9 469.9 468.1 466.2 465.6 461.5 457.8 453.7 449.3 443.7 442.5 437.7 434.7 425.9 422.3
863 890.5 913.3 932.8 951.5 961.1 963.6 956.1 919.2 883.5 859.5 842 825.7 824 818.4 816.1 813.6 815 813.5 810.2 802.4 797.1 792.4 777.6 776.7 765.9 753.6 741.8 722.2 713 703.2 693.2 689.5 685.7 680.4 672.5 663.6 650.4 637.9 629.2 614.3 605.6 596.6 583.3 570.8 560.8 553.4 549.4 536.6 526.2 518.1 515.5 508.9 499.6 506 499.7 493.7 487.8 482 479.7 474 470.9 468.7 461.7 456.7 453.9 451.9 449.3 446.7 442.6 440.6 439.5 436.8 433.5 429.3 425.3 424.4 423.6
853.3 876 896 930.5 947.3 958.3 960.5 945.7 907.6 874.7 858.5 830.5 823.5 821.8 821.2 819.2 820 818.1 812.6 804.2 797.4 792.8 786.6 778.2 765.8 756.3 747.6 732.1 717.6 707.9 697.2 687.6 685.6 680.3 671.5 664.9 657.3 644.4 632.7 623.8 610.9 597.9 584.3 573.5 562.5 550 545 538.9 528.6 519.7 512.2 504.2 502.1 492.7 487.9 484.4 481.2 479.2 475.4 468.2 465.7 461.6 456.1 450.4 447.1 442.8 443.5 439.2 437.9 436.5 435.3 433.7 431 429.4 429.3 429.4 429.7 434.2
837.6 861.8 894.7 927.8 945.3 958.5 955.7 936 900.1 869.9 845.7 826.7 823.5 820.4 822.5 822.2 819.4 814.5 808.5 800.7 793.1 788.5 782.8 774.1 765 749.8 738.5 725.5 713.5 703.6 692.3 684 680.5 675.3 667.6 657.9 651 640.8 629.1 620.6 607 591.8 583.1 570.6 560.5 550.7 544.3 531.3 523 514.6 508.3 505.7 495.5 488 481.2 476.5 475.5 471.8 465.5 467.3 465.3 464.7 460.7 456.9 449.4 452.7 449.1 448.7 444.5 446.7 446.5 445.1 446.5 446.9 449.4 446.1 446 443.8
823.9 855.2 893.8 929 947 960.2 950 930.6 895.4 860.2 837.3 823.1 822 820.6 821.6 815.8 814.2 810.3 805.3 798.6 792.4 786.8 780.4 771 760.4 747.1 735.1 720.8 705.7 697.3 688.3 682.1 676.6 669.9 664.2 654.3 646.8 634.7 624.2 612.9 603.3 588.5 578.4 566.6 556.3 547.3 537.6 528.3 517.1 508.3 504.7 501.4 491.5 482 478.4 471.8 471.3 471.9 472.4 471.5 469.5 466.3 468.4 460.2 460.8 460.2 463.3 460.8 460.2 463.1 464 462.1 464 463.2 460.5 464.1 464.3 463.8
818.9 851.7 891.1 925.3 951.8 956.1 944.2 923.7 897.9 866 835.6 826.7 820.5 820.1 817 812.1 807.4 805.9 802.9 796.9 790.3 783.6 776.3 769.4 757.6 745.3 731.9 717.1 704.3 694.8 687 679.4 675 665.5 656.8 647.7 640.9 628.4 615.2 605.2 593.6 582.3 570.6 562.3 553.1 543.5 534.1 523.4 514.2 506.7 505.5 503 496 492.5 486.3 480.5 476.4 475.2 476.1 475.7 474.6 475.8 474.7 471.9 473.5 476.9 477.8 476.7 479.8 480.6 480.3 479.4 479.4 478.3 480.9 484 485 479.6
818.1 851.6 893.7 925.8 952.2 956.8 946.5 921.7 900.1 873.7 853.5 828.2 822 819.4 815.8 809.6 803.4 804.8 803.1 798.4 790.9 782 774.5 766.1 754.1 741.4 728.5 715.6 703.7 694.1 688.2 682.5 674.8 665.7 652.3 643.3 632.8 618.1 604.7 600.1 587.7 577.5 567.4 558 547.8 539.7 529.9 517 515.5 516.5 516.9 510.2 507.9 500.6 495.3 490.5 488.7 487 485.9 487 486.1 485.5 484.4 488.5 493.6 492.9 493.3 493.1 494.5 495.9 495.2 494.2 495.2 495.6 500.8 502.7 498.1 494.5
820.5 853.2 890.3 928.4 959.5 960.1 950 927.3 899 876.2 858.3 840.9 825.6 815.9 816.2 804.4 800.3 803.6 802.1 799.3 791.7 782.6 773.4 763 752 739 725.9 714 705.6 696.2 687.9 680.4 671.8 660.7 648.8 640.2 630.4 614.9 601.6 591.9 581.6 573.4 563.1 553 546.7 541.7 532.6 531.3 534.8 535.6 539.9 535.8 519.9 512.1 506.1 506 504.6 503.6 500.8 497.5 496.1 499.5 498.1 502.6 504.3 507.4 506.8 509.7 509.5 507.3 508 509.2 510.7 515.1 515.9 512.1 514 509.3
818.6 853.5 891 936.5 962.2 967.7 962.2 939.7 913.5 896 886.2 869.1 846.5 828.9 822 815.3 799.8 798.2 798.3 796.4 790.3 783 774.3 763 751.2 737.8 726.9 712.4 705 695.4 684.6 677.5 666.8 655.5 645.6 636.9 627.1 611.2 601.1 591.3 582.2 575.4 561.6 556.8 554.2 553.3 548.9 555.1 559.8 564.2 563.5 551.5 537 530.7 531.5 528.5 527.4 520.6 512.7 511.6 510.6 506.1 514 510.9 513.8 516.2 519.7 523.7 518.7 520.5 522.9 524.1 525 526.9 526.9 527 524.2 526.9
811.3 854.5 896.1 936.7 973.2 978.4 975.7 952.1 921.4 899 889.4 876.2 863.2 840.2 828.2 815.4 810.5 805.2 801.3 795.4 788.4 781.2 772.4 761.6 749.2 737.4 724.7 713.6 705.5 695.3 684.7 673.9 663.2 653.3 643 632.6 619.9 610.6 599.3 590.2 578.7 576 569.5 572.4 573 575.3 572.9 582.6 585.7 587.6 581 568.6 562.3 558.8 549.3 546.3 540.4 533.9 525.1 519.2 514.3 513.3 521.7 519 524.1 523.7 527.5 529.9 531 534.2 532.2 535 535.5 538.6 537.7 538.8 539.2 542.7
808.6 849.9 894.7 940.1 969.6 986 986.5 967 934.5 909.3 899.7 877.2 864.5 842.4 834.1 829.4 823.2 815.8 807.8 798.4 789.4 781 773 763.2 751.4 737.8 726.7 716.2 705.4 694.7 682.7 671.3 660.4 649 638.7 629.8 622 610.1 600.7 588.2 586.9 583.6 588.8 590.7 594 592.1 597.1 602.5 606.4 608.3 607.3 600 593.3 586.7 579.6 570 555.2 541.5 535.1 526.7 519.4 518.7 523.2 525.8 526.1 529.2 530.6 536.2 538.4 541.4 541.8 542.4 547.4 545.9 548.3 553.7 550 552
805.4 846.8 892.8 924.1 965 992.2 995.6 987.4 961.9 928.4 913.7 893.2 872.8 849.1 840.8 830.3 825.1 815.7 807 799.7 791.7 782 772.9 763 750.3 737.7 725.6 715.3 703.7 690.5 680.3 670.1 657.5 643.4 634.5 626.6 618.8 607.8 598.5 595.7 596.9 601.7 603.1 608.8 612.8 610.7 616.5 624.7 629.9 635.2 646.4 643.2 629.9 617.9 617 592.9 573 564.4 550 537.5 525.6 524.4 526.2 529.6 527.6 534.3 536.5 538.3 540.9 546 549.2 551.3 556.6 553.9 557.9 562.5 562.3 559.4
798.9 833.2 877.9 935 966.7 995.8 1002.1 996.9 983.7 951.5 930.9 913.3 895.3 862.1 846.1 838 824.7 815.3 806.5 797.9 789.6 780.8 771.9 761.2 749.7 735.4 723 711.9 701.7 689.3 677.1 665.2 650.8 636.9 629.4 622.8 616.4 605.3 606 608.3 610.9 614.8 619.1 624.4 629.4 633.9 641.3 648.3 661.1 664.8 672.3 674.7 659.5 649.9 632.6 616.8 602.2 591 573.8 560 544.9 538.2 533.1 532.8 532.5 537.8 538.5 541.1 543.1 549.1 554.2 559.3 560.3 560.4 563.3 569.5 570.2 569.7
783.3 823.4 872.7 928.9 963 991.5 1001.9 1000.6 990.3 979.1 960.1 931.6 902.1 876.6 859 842.7 828.3 816.8 806.5 796.8 787.5 777.2 766.7 756.5 742.6 729.1 720.2 706.6 694.6 682.7 671 658.8 643.7 633 625.9 620.8 614.3 614.3 617.9 619.5 623 625.8 633.7 640.4 646.3 653.6 662.3 673 679.7 685.2 691.7 705.1 704 674 670.9 658.2 636 622.1 607.2 593.7 570.5 557.8 543.5 541.5 539 538.1 539.9 546.2 547.8 551.3 560.6 563.9 564.9 565.3 567.7 575.7 572.7 575.6
781.6 818.6 861.4 921.5 946.2 975.4 996.8 996.8 987.3 976.6 964.1 950.2 918.9 894.9 875.7 859.9 837.5 822.5 808 795 782.6 775.6 759 746.6 734.6 716.7 711.9 699.1 687.2 675.8 662.7 652.6 639 628.6 622.6 621.9 621.8 624 628.2 633.5 635.1 638.4 648.2 656.5 664.7 671.3 682.3 694.5 697.2 706.2 713.4 718.7 707.8 708.2 707.1 691 685.6 662 669.2 632.4 604.7 582.7 566.9 557.8 551.7 543.1 543.9 554.7 559.1 554.9 559.6 567.6 573.3 569.3 573.5 576.4 577.7 580.1
773.2 809.2 846.5 891 923.9 971.8 987.1 990.8 983.6 969.8 958 947.1 938.4 918.2 898.8 878.6 857.4 837.2 815.6 793.9 778.4 766.9 757.4 749.2 734.6 713.5 700.7 688.7 680 667.9 656.4 645.1 634.4 627.2 626.5 626.9 632.4 634.6 639.8 643.9 647.6 651.1 660.9 669.9 679.9 689.4 698.3 704.4 710.1 719.6 726.2 727.6 731.9 733.1 728.8 721.3 716.7 700.8 677.7 651.8 638 620.3 595.1 577.8 572.5 561 560.7 570.3 562.8 567.5 565.3 573.8 579.1 573.8 576.3 579.3 581.7 584.9
764.1 802.2 837.4 864.8 909.6 943.1 970.3 983.3 974 962.5 950.8 939.7 930.6 920.6 912.9 902.7 881.8 851 827.7 801.8 773.5 763.8 755.5 743.6 731.1 706.2 694.4 685.2 672.5 662.6 652.3 641.9 633.4 631 634 639.6 644.7 646 649.4 653.1 658.8 667.7 675.5 684 695.2 704 712.5 718.1 724.6 731.4 736.3 740.8 749.1 745.8 739.9 738.9 737 722.8 705.5 683.6 680 649.8 612.7 610.3 600.1 595.4 591.6 588.8 583.9 581.5 576 586.3 588.5 582 577.2 584.3 580.6 584.4
748.2 786.3 817.8 846.5 883.1 918.7 961.1 972.3 964.8 951.6 940 930.1 919.7 911.5 904.1 896.7 885.7 866 832.7 808.2 775.4 763 747.5 736.4 715 699.9 688.1 677.7 668.6 659 648 639.7 633.9 635.8 643.6 649.8 651.7 654.7 658.8 662.6 670.2 677.5 682.8 694.2 701.5 715.5 725.1 731.8 737.6 740.9 746.9 753.7 758.5 753.6 753.5 747.6 743.5 726 719.4 708.9 700.2 667.8 662.4 650.8 646.6 628.9 615.2 612.1 598.2 594.5 591.4 604.8 595.5 588 586 585.4 582.9 584.7
730.5 762.9 803.7 839.4 873.8 914.2 950.6 964.8 954.1 941.8 930.2 919.4 907.2 899.9 892.3 885 876.3 861.1 831.1 796.4 769.2 755 740.3 722 710.1 693.2 680.7 671.6 660.9 652.9 643 638.7 635.8 643.7 653 655.9 658.3 662.1 664.7 671.9 679.3 686.3 693.8 704.8 714.7 724.8 732.8 743.2 751.4 750.4 757 761.3 763.2 764.6 762 756 750.8 738.4 726.3 727 715.5 697.4 694 701.2 683 662.4 637.2 634.7 625.4 610.4 609.3 614.3 613.3 603.9 605.8 601.8 596.5 592.2
722.8 750.4 782.9 829.5 864.5 903.2 941.5 957.4 945.6 933.7 920.7 908.5 894.5 885.7 879 873 863.7 849.8 823.4 791.7 765.5 749 734.6 717.1 705.8 686.2 672.6 663.5 653.2 645.8 637.9 638.6 641.7 652.9 657.6 661.2 664.7 670.2 674.5 680.3 688.2 695.1 704.7 714.3 723.4 731 740.8 752.1 759.6 762.2 767.4 769.4 768.8 774.6 775.3 766.3 763.9 752.5 745.7 741 734.5 725.8 725.8 726.8 717.8 695.2 664.8 662.3 659.1 666.5 638.1 634 630.4 628.6 631.9 629.1 622.6 621.4
717.8 738.7 767.4 809.2 856.5 894.3 930.6 949.7 938 925.7 911.6 893.5 877.7 870.5 863.2 857.5 848.2 830.2 808.4 780.8 758.2 746 732 711.6 699.2 679.9 665.3 654.9 642 634.5 636.7 640.3 649 661.8 664.7 666.5 668.7 676.7 683.7 689.4 697.9 705.1 714.2 723.9 730.4 739.7 750.4 760.5 771.9 770.3 775.5 781.9 771 784.8 781.3 777.5 773 770.3 755.7 752.8 743.5 743.5 748.7 750.9 737.4 727.7 699.4 703.1 698.1 686.7 663.7 666.9 667.9 676.1 674 669.4 677 670.4
709.8 732.1 757.8 796.8 854.6 883.6 922.7 941.3 933.2 919.2 901.8 881.5 870.7 859.1 850.1 844.5 834.1 819 794.8 772.9 752.6 736.5 721.6 700.1 687.2 671.1 658 645.9 634.4 629.4 635.2 641.8 654.7 665.9 672.1 673.7 678.8 685.5 693 697.6 708.4 715 725 733.9 740.3 749.7 755.1 767.6 775.1 783.1 788.1 795.6 781 789.5 795.4 792.1 787.8 779.6 770 759.8 760.4 759.8 763.2 764.1 752 745.3 736 732.5 736.5 720.4 700.1 706.2 723.4 717.4 713.3 721 705 689.4
702.5 726.1 745.6 780.5 833.9 873.7 916.2 936.9 929.8 915.8 894.5 876.9 864.1 850.4 841.6 833.2 823.4 805 787.5 767.2 747.4 731.5 715.3 694.6 678.2 661.6 651.2 636.9 628.9 626.9 631.6 644 658.6 669.5 675.9 680.8 686.7 696.2 702 707.9 716.8 724.7 736.7 743.5 751.6 761.9 772.7 775 781.9 790.4 805.4 804.7 799.3 794.5 808.3 804.2 797.4 794.2 787.4 785.5 778.5 775.8 779 777.4 779.7 776.6 777 769.5 758.8 731.4 742.5 753.2 763.3 774.9 770.9 745.5 732 718.4
700.4 720.5 738.6 772 814.8 855.7 899.2 930.1 930 914.4 888.6 874 857.9 849.3 837.3 823.1 812.4 795.9 780.3 755 739.8 721 707.4 691.9 672.3 657.3 639 629.3 622.2 623 633.6 644.2 657.8 673 682.2 689.9 694.9 702.3 709 718 726.2 736.6 745.1 756.1 760.8 770.9 779.5 782.5 790.8 807.4 810.6 816.1 818.2 804.8 808.6 812 809.9 803.7 806.9 794.2 790.4 798.4 796.2 801.8 805.2 805.9 805.3 798.8 767.8 777.5 786.5 792.6 806.8 799.4 778.9 767.6 761.4 765.2
695.7 713.5 731.4 759.9 802.8 839.3 881 926 930.8 913.5 888.2 867.5 857.6 844.8 832.3 817 803.2 789.5 769.9 747.1 729 713.8 701.1 682.9 663.3 646.4 630.9 620.1 613.8 618.6 633 646.4 661.5 676.6 687.9 697.2 705.9 712.4 718.5 726.4 733.6 746 753.1 758.7 769.7 779.1 784 790.7 799.6 815.4 825.1 829.8 829.9 826.1 823.3 822 820.7 814.7 808.4 804.9 807.8 813.6 816.3 829.1 836.6 832.9 825.8 812.1 806.7 815.2 820.3 824.3 819.3 810.6 805.4 820.2 815 803.3
687.9 703.6 724 750.1 788.4 828 871.9 914.1 932.4 915.7 888.1 864.8 852.6 837.8 823.1 809.8 795.7 782.4 754.9 728.5 717.8 704.4 688.9 676 657 635.3 623.1 607.4 611.2 621.8 634.2 649.1 664.4 678.7 689.8 701.8 711.4 720.1 725.1 735.8 740.5 757.8 762.2 765.7 779.2 790.3 800 809.7 814.4 821.3 835.1 841.6 839.1 832.9 833.6 836 831.1 826.4 819.8 819 824.9 835.9 847.4 855.1 860.7 862.3 845.1 837.1 836 836.2 839.3 833.3 822.1 837.9 846 864.3 861.5 854.4
681.4 696.7 715.3 739.3 789.4 816.3 864.4 902.9 932.1 916.1 890.7 863.2 845.2 830.9 815.5 804.3 785.6 767.8 741.1 724.5 704.5 696.5 680.8 667 649.9 625.7 612 599.4 603.7 619.1 634.8 650.7 667.2 682.7 693.1 705.7 713.3 720.7 730.3 743.5 750.4 761.6 769.4 778.5 792.3 801.8 813.1 822.2 828.6 833.7 845.5 847.6 842 838.9 837.1 841.2 837 835.3 834 835.6 846.8 862.6 871 880.2 885.7 886.9 879.6 872 868.8 859.4 855.3 836.3 830.2 858.1 879.4 890.7 888.6 883.1
675.2 689.6 705.7 731.4 767 806.5 863.6 902.2 930.4 914 890.3 862.2 836.1 823.5 812 797 778.9 750.9 731.5 718.1 697.7 678.4 671.5 656.1 640.3 620.2 600.7 591 599.6 617.4 634.3 653.2 668.7 684.2 697.6 708.5 719.1 732.3 742.6 750.9 758.4 771.9 785.2 793 809 814 837 840.7 845 847 854.2 855.6 847.1 844.1 843.3 842 844.1 847 849.2 853.5 867.1 880.2 889.5 896.4 904.5 910.8 911.2 899.2 885.8 876.6 861.7 849.2 859.2 879.6 909.2 906.9 900 886.3
672.4 688.3 703.4 724.3 759.1 806.2 854 895.4 927.5 910.9 888.5 861.1 835.2 818.9 808 788.2 771.6 740.9 723 709.5 688.1 675.4 660.8 633.2 624.2 608.4 593.2 583.3 595.2 616.3 633.3 651.5 669.8 686.5 701.9 709.3 723.9 738.2 745.7 757.2 769.3 781.9 797.2 813.3 828.1 839.9 853.8 856 858.7 861.9 860.2 858.2 850.4 847.5 843.8 845.8 849.6 855.8 862 871 883.1 894.3 900 906.2 915.5 921.8 924.7 920.7 906.1 893.6 876.7 877.2 890.6 910 923.1 912.7 898.5 884.3
