Game/Highland_Data/StreamingAssets/GeoData/Data/nn/NN38.asc
ncols 200
nrows 200
xllcorner 230000
yllcorner 780000
cellsize 50
[rows 0 to 34 of 200, columns 0 to 77 of 200]
715.2 712.4 709 704.4 700.1 696 686.4 682.1 667.3 652.1 640.6 629.4 616.2 602.6 596.2 587.2 576.2 562 553.4 541.4 519.3 495.9 471.5 456.3 434.9 425 409.6 394.1 387.2 378.9 358.6 336.8 314.8 290.3 278.5 247 239.2 214.1 206.9 204.8 200.9 200 202.7 205.3 209.1 217 227.5 240.9 252.7 260.6 269.7 284 293 298.7 308.4 311.9 316.9 327.7 341.9 354.5 363.9 374.7 384.8 394.9 408.2 421.1 432.8 425.8 409.4 396 385.8 376.4 374.2 372 379.8 392.5 407.4 422.2
684.6 680.9 676.3 674 670.1 665.4 659.4 651.7 641.9 633 622.2 608.2 593.9 584.9 580.2 573.1 561.5 545.3 534 514.6 497.5 472 452.3 429.1 420.2 405.1 391.1 380.5 368.6 350.8 332.3 313.4 291.7 280.1 265.6 236.2 218.4 210.6 199.7 199.6 203.3 204.1 206.9 210.8 218.6 231.7 240.6 254.5 266.7 273.5 279.7 296.5 308.7 320 327.4 332.7 332.9 340.1 354.2 367.3 376.8 389.1 400.3 409.8 426 445 447.9 449.6 447.2 427.5 409.4 402 391 386.2 385.4 383.6 397 409.3
651.1 647.2 645 641.3 639.9 633.8 628.2 619.9 622.6 612.3 599 587.2 579.2 568.9 563.9 553 542.1 528.5 506.6 493.5 470.8 450.8 431.2 413.3 400.4 385 370.9 359.1 343.2 327 314 295.7 277.3 263.1 242.5 221.2 208.9 198.9 202.4 203.6 205 206.7 211 220.9 230.4 241.2 252.5 262.6 279.2 288.5 297.8 313.7 325.9 337.7 344.4 348 351.3 360.9 377 390.1 399.3 406.7 415.2 430.4 447.8 458.6 465.7 471.1 472 469.6 447.2 422.5 402.5 401 398.5 399.3 395.1 405.7
616.3 613.1 611.6 606.4 605.3 601.7 593.9 597.8 597.9 586 578.3 571.1 563.1 545.6 536.5 533.5 518.8 498.7 482.6 464.5 448.2 430.1 407.5 396 382.2 364.5 352.6 336.9 320.6 302.9 293.1 273 257.7 242.2 223.2 206.9 198.8 200.8 203.2 205.1 205.9 208 217 226.3 238.6 249.5 260.7 277.4 295.3 312.7 326.2 332.5 340.6 349.4 355.3 362 370.1 383.2 397.6 407.8 416.5 424.9 436.5 458.7 470.8 482.7 488.6 493.8 493 480.5 455.9 424.8 424 422.8 422.7 418.2 416.4 408.6
581 577.9 575.8 572.7 571.5 569.4 566.7 568.9 564.8 565.6 559.9 553.7 541.1 524.2 509.9 505.8 486.9 471.2 453.5 436.7 424.2 407.8 393.4 379.7 357.9 343.8 331.1 312.3 298.6 287.1 268 256.1 241.9 224.1 207.7 197.9 199.9 202.2 204.4 204.5 205.9 215.4 221 230.7 243.5 257.7 270.2 288.9 312.3 329.7 345.6 352.4 358.5 366.2 373.2 383.1 395.4 405.6 418.3 428.2 437.6 445.1 461.8 476.2 493.3 504.2 513 515.3 501.1 484.5 451.7 447.5 445.7 440.1 437.2 439.2 440.9 435.7
548.6 543 540.4 538.3 537.9 535.5 530.6 531.2 534.9 537.1 534.3 524.2 512.7 497 481.2 475 459.3 444.3 432.5 414.4 398.3 390 376.6 352.6 334.8 324 307.7 291.2 279.6 264.4 246.7 234 217.7 205.2 198.3 199.3 200.9 202.5 205.1 209.8 217.4 222 226.4 239.9 250.3 263.3 283.4 301.7 324.1 345.3 359.1 366.8 370.1 380.4 392.3 407.4 422.8 437.5 449.7 458 465.7 480.2 491.4 500.9 516.7 530.1 539.2 530.9 509.2 478.2 476.7 476.5 468.4 463.7 458.3 459.1 465.8 461.6
523.4 515.1 509 505.7 502.3 498.5 495.4 494.6 500.1 504.4 499.2 492.6 478.4 468 455.6 444 433.5 422.9 410.7 394.1 382.7 364.5 344.7 329 314.4 301.5 286.7 272 255.5 242 227.1 205 202.6 203.5 198.4 201.1 202.3 217.9 223.7 224.4 226.3 227.2 232.5 245.2 260.7 273.6 292.4 311.7 331 350.7 368.6 378.2 382.7 397.3 416.7 432.7 448 463.4 477.4 486.6 504.5 513.5 517.4 525.2 543.4 554.7 555.6 539.3 511.9 510.4 509.1 511.2 505.4 499.8 495.3 493.6 488 486
504.1 496.4 487.2 480.5 470.8 461.5 457.6 458.7 461.8 465.8 464.1 456.8 447.6 436 424.5 416.7 404.4 395.9 381.9 371.4 351.8 333 321.6 306.3 294.8 281.8 267.9 252.4 239.6 225 205.1 200.7 200.1 196.7 199.5 201.8 205 212.5 227.4 228.3 230.3 237.7 244.9 257.6 267.8 283.9 304.7 324 343.1 359.8 375.6 387 400.1 420.9 442.9 455.7 474.1 492.5 502.7 516.1 526.4 536.1 543.9 551.9 569.4 572.5 565.5 542.2 536.9 538.3 539.7 542.1 541.7 538.4 533 528.2 517.4 507.6
511.1 491.4 477.3 458 449.6 436.7 425.7 424.6 425.7 427 427.2 425.2 414.6 406.8 395.8 389 380.4 367.7 355.4 343.4 325.1 310.7 299.5 286 274.6 260.8 246.4 235.5 221.7 202.5 200.3 198.9 198.9 197.1 200 203.6 203.4 210.3 229.3 232.7 234.4 239.7 250.7 259.6 277.2 294.1 311.4 330.2 349.9 368.5 386.8 402.1 419.3 441 460.1 479.6 503.1 516.5 532.4 541.6 552 559.1 569 580.9 591.5 592.1 573.1 570 572.4 568.7 568.5 572.6 581.8 586.4 579.8 567.6 550.3 537.1
536.6 503.5 479.8 464.2 449.1 422.3 393.1 391 391 392 391 391.3 389.8 384.1 374.5 366.5 353.8 346.6 332.9 318.1 302.9 291.1 280.7 266.8 253.3 239.2 228 219.3 199.5 199 197.8 198 197.5 197.7 199.5 203 217 210.4 215.9 225.2 240.9 245.1 251.1 260.7 274.4 293.8 316.2 335.1 354 377.2 397.1 414.8 436.3 458.3 478.5 501.6 524.7 539.1 551.7 561.8 571.4 580.4 591.2 606 612.3 600.8 600.4 605.2 609.3 609.9 606 614.8 617.8 618.3 619.6 614.3 593.5 578.8
566.2 540.5 489.7 467.4 454.7 435.9 411.8 381.3 361.1 363.5 358.4 359 365.6 361.3 351.9 344.4 334.1 325.3 312.8 297.8 285.6 275.3 261.7 248.1 232.8 222.7 214.6 204.6 196.8 197.4 197.4 197.5 196.7 197.8 199.6 201.9 221.1 223.4 218.8 224.3 232.4 249.6 256 265.3 281.1 298.6 319.8 338.3 360.3 383.9 408 429.5 449 469.5 490.7 514.3 542 559 566.9 579.9 591 601.8 614 629.2 624.4 621.1 633.3 635 639 642 650.3 662.1 661.5 659 654.2 654.4 643.3 623.3
603.2 577.1 542.2 486.5 453.4 427.4 412.8 393.9 372.2 346.4 330.6 333.5 337.7 340.9 333.6 325.8 316.5 305.2 291.3 280.2 268.8 256.9 241.2 226.8 220.4 212.1 202.1 195.3 195.2 196.2 196.6 196.7 195.7 197.8 200.6 202.7 231.2 228.1 229.9 235.6 240.4 243.1 263.5 270.9 285.8 297.6 318.7 342.7 364.8 390.8 415 440 460.3 482.5 505.2 533.8 557.6 572.7 578.4 594.7 606.2 621.7 637.4 640.3 643.3 647.1 663.8 671.3 673.4 685.4 692 697.1 695.4 693 697.9 695.6 684.5 665
633.8 603.9 566.3 522.2 481 442.3 411 389.5 374 361.7 342.1 303.8 312.9 321.6 315 303.3 294.6 284.9 273.9 261.8 248.8 236.2 225.4 216.8 204.6 194.8 192.4 194.8 195.4 195.8 196.3 196.6 197.3 198.8 202.6 210 233.2 237.9 244.6 250.4 256.9 257.3 257 274.8 285.1 298.7 319.2 343 369.3 396.6 422.6 449.5 472.2 491.7 515.3 546.4 565.8 579.8 590.4 607.8 620.1 636.2 647.6 653.4 664.3 664.7 681.9 693.4 701.6 709.4 714.7 713.6 714.5 716.1 713.5 704.3 693.3 675.9
608.3 582.9 552.6 508 474.6 444.7 417.9 393.9 370.6 352.1 335.1 313.5 286.2 301.9 298.9 285.9 275.6 268.2 259.7 245.8 234 223.5 215.9 205 193.9 195.7 194.5 193.7 195.1 195.8 195.7 195.8 197.1 205.3 224.9 229.8 232.6 238.9 246.4 253.6 261.6 267.3 271 261.4 279.4 296.8 318 342.3 370.9 398.1 426.6 456 476.7 498.7 530.1 555.6 570.5 588.3 601.7 616.7 630.4 646.5 654 664.8 672.4 678.8 686.4 702.9 716.8 722.1 718.7 719.7 721.4 716.8 709.5 701.9 690.1 674.8
575 551.3 514.3 482.2 453.4 423.7 397.2 374.1 354.2 338.1 322.9 307.5 289.5 274.3 282.2 271.9 260.9 251.3 246 237.7 226.5 214 203.9 193.6 195.6 195.8 196.5 196.3 193.9 195 194.8 196.4 202.8 215.4 223.6 230.5 235 242.1 249.7 261.1 272.2 282.8 290.4 281.3 270.1 287.2 312.7 338.4 367.6 396.6 426.4 457.6 481.9 508.4 535.9 558.8 575.2 589.8 607.3 625.6 636.9 645.7 660.2 664.2 667.6 677.4 692 704 716 717.8 718.3 717.7 715.3 707.8 701.7 693.1 683.7 673.8
542.6 514.3 486 457.8 428 401.6 376 352.8 336.5 321.1 305 291.3 281.9 263.3 260.1 261.5 249.8 238 232.5 227.7 221.6 202.4 193.4 197.4 196.6 196.5 196.6 197.1 197.4 197.5 198.3 206.6 216.1 222.5 226.5 231.8 238.7 247.4 258.3 269.5 280.5 294.5 306.7 309.8 303.4 282.7 300.6 326.8 352.7 383.3 412.4 447.6 480.6 513.3 539.1 562.4 582 597.2 609.5 624.6 633 643.7 652.4 654.2 668.2 680.9 691.4 702.1 710.5 714.6 718.4 713.7 706.2 700.9 694.5 688.5 678.7 670.9
511.3 485.9 458.9 429.9 402.9 377 352.9 334.3 318.4 300.9 286 272.6 262.3 259.7 242.1 245.3 238.8 235.7 218.1 211 202.6 194.6 197.3 197.5 197.8 197.8 197.4 197.6 197.8 198.2 205.6 214.4 221.3 229.3 236 242 249.2 261.1 272.1 282.9 296.6 307.2 321.2 328.6 325.7 312.9 300.8 312.6 339.5 366.6 395.6 431 475.4 503.6 535.2 558.7 577.9 590.5 603.8 616.5 629.9 639.2 644.8 656.1 667.8 678.7 691.3 697 709.9 717.7 714.9 707.9 701.2 695.9 690 684.3 675.4 673
480.7 456.7 430.1 402.5 377.5 353.6 333.1 315.7 296.4 279.6 265.2 254.4 244.5 240.6 232.2 221.5 226.5 221.3 215.3 201.2 189.3 196.8 198.5 200 201 199.1 198.5 198.8 198.8 207.8 215.2 224.5 234.2 238 245.7 254.7 265 275.7 286.1 297.9 311.3 327.2 336.5 345.2 349.1 336.8 324.1 310.7 328 357.2 387.7 421.8 462.1 495.7 525.9 553.6 570.7 584.9 599.6 610.5 626.1 636 644.1 657 670.5 685.4 690.8 696.3 705.9 711.8 706.5 700.5 695.5 691.8 686.8 680.6 676.4 676.3
450.5 426.7 401.2 377.4 352.7 330.2 311.6 291.6 274 259.1 242.8 233 225.8 222.2 223 213 211.7 215.8 202.9 188.7 195 197.4 198.8 200.5 203.9 203 207.8 209.5 212.4 216.4 228.4 235.7 247.9 251.7 262.1 272.8 283.2 291.4 304.2 318.5 331.9 345.9 355.6 363 366.1 361.5 348.2 327.5 331.2 351.4 382 415.4 449.1 482.1 510.9 534.8 552.9 565.7 578 605 618.8 627.6 644.3 657.9 672.8 682.9 689.7 694.7 699.9 701.5 698.9 694.6 691.4 687.4 683.2 679.6 680.7 681
422.1 398.4 374.6 350.1 327.6 307.8 287.9 269 252.1 235.8 222.1 213.1 206.7 201 203.5 199.9 198.8 197.9 189.9 195.2 196.6 198.4 200.1 205.3 206.9 208.7 210.4 214.3 221 233.1 245.7 248.6 259.1 267.2 278.9 290.3 299.5 313.7 328.1 344.3 353.4 365.8 373.4 379.2 386.9 382.4 370.2 340.9 333 348.8 375.6 405.2 434.1 461.7 487.4 509 524.9 534.6 554.7 582 601.6 622.4 638.7 653.5 665.5 677.8 684.6 688.6 692.2 693.9 692.3 688.3 685.7 682.7 682 683.2 685.9 687.9
394.9 370.4 347 325.9 305.3 283.9 264 247.2 233 217.7 205.3 190.5 182.1 194.7 187.9 194.5 194 187.5 196.3 199.3 202.7 201.3 202.6 204.8 210.4 215.2 220.9 226.6 234.9 247.9 258.4 264.4 273.5 283.8 297.2 307.1 322 338.6 353.5 363.5 373.6 384.1 391.6 399.1 406.6 402.8 385.3 356.4 345.6 357.5 365.5 392.2 416.7 436.5 455.9 476.1 492.7 501.3 536.8 553.1 581.9 611.2 630.3 645.1 661.5 672.6 678.2 680.5 684.1 686.3 684.2 682.5 680.4 680.7 683.5 687.8 696.4 696.6
367 345.7 320.3 300 281.6 261.1 245.1 231.3 217.5 200.2 179.8 195.4 204.8 206.6 204.8 205.1 207.9 210.6 212.8 216.5 214.4 206 211.2 212.5 214 219.2 229.5 239.1 254.2 262.6 277 280.8 288.1 302 314.5 328.8 346.9 363.6 374.3 386.3 397 407.1 411.1 418.3 429 419.5 406.1 382.8 359.6 374.1 381 383 394.9 414.2 431.4 448.3 459.3 483.6 506.2 533.4 558 583.5 608.9 636.4 654.8 665.7 669.2 672.4 676 677.6 676.1 676 677.3 681.7 692.4 698.1 702.5 703.3
343.7 321.5 298.4 277.4 257.6 242.1 229 216.3 202.3 182.6 198.4 208.2 214.1 217.7 217.9 218.6 221.2 224.7 227.8 228.6 221 213.3 215.3 222.1 221.9 230.2 243 255.7 262.7 276.7 286.8 297.1 307.3 322.1 336.5 351.9 370.3 383.7 397.4 410.5 423 431.6 439.7 448.9 451.7 438.3 421.6 394.6 369.4 388.6 402.5 409.9 417.7 425.2 434 445.3 457.1 476.8 497.1 523.5 543.2 563.3 606.3 637.5 654.6 660.1 662.9 666 668.1 669.2 670.1 673.5 677.3 686.5 697.1 701.3 706.2 712.4
320.6 296.8 275.2 252.9 236.2 222.9 209.3 197.1 182.9 196.6 207.3 217.8 225.1 227.8 228.6 228.5 235.6 236.4 239.1 239 232.4 224.1 222.5 226.4 234.3 240 254.7 270.6 276.7 287.7 298 313.4 329.4 345.5 361.9 377.5 392.5 407.1 426.4 440.9 452.2 461.9 468.8 480.9 471.3 449.3 427.3 403.3 375.4 399 413 427.8 441.4 451.7 459.2 463.1 473.8 489.2 511.6 538.4 566.1 589.3 599 638.2 652.8 657.6 660.3 663.4 664.6 666 669.7 672.8 679.3 690.8 695.9 703.9 713.6 726.2
298.8 276.2 255.7 234 216.8 201.6 186.6 185.4 194.8 203.4 216.2 226.5 234.2 237.8 236.7 239.1 246.6 247.8 251.1 253.2 245 235.7 230.8 237.6 243.8 250.1 266.1 281.5 293.3 304.4 311.4 329.1 350.6 368.3 382.8 400.9 416.7 434.5 454.4 472.4 483.5 492.4 495.9 504.6 481.1 454.6 432.5 412.2 379.3 404.9 421.8 436.8 453 465.8 481.7 492.6 496.5 506 524.9 554.2 594.7 622.7 636.9 646.3 655 654.5 659.5 660.9 664.3 667.5 673.2 678.6 684.4 690.6 699.9 708.6 721.5 734.4
278 259.2 239.9 221.7 202.3 188 185.3 193.8 201.7 214.3 226.9 234.9 241.2 246.2 249.2 254.6 257.3 258.4 263 264.5 256.8 249.5 243.4 248 255 265.4 276.7 292.9 306.1 321 332.6 336.7 368.1 390 408.2 426.9 442.9 459.5 481.4 499.5 514.7 518.5 518.8 514.5 488 459.8 439.4 418.8 385.4 409.6 430.4 445.9 463.2 475.9 497.1 515.2 521.1 533.4 546.1 555.9 601.8 632 642 652 656.4 657.2 659.3 661.2 666.2 673.3 677.4 683.1 689.2 695.6 705 713.4 727.6 742.1
259.7 243.8 225.8 209.9 191.8 179.2 191 198 210.5 223.7 234.8 240.3 247.3 259.9 267.9 270.1 268.3 269.8 273.7 276.3 270.6 262.2 259 261.1 271.4 284.5 296.2 308.9 323.4 336.3 347.2 359.7 368.4 398.3 429.4 449.2 465.2 482.7 505.9 525 538.8 540.7 537.3 521.1 490.8 466.2 446.4 423.9 401 414.9 435.8 453.5 471.4 492.6 512.3 536.3 547.9 558.3 579.4 602.1 597.9 635.1 647.4 653 655.9 658.3 660.7 665.1 673.4 680.2 681.3 687.1 694.2 701 710.1 718.9 731.6 745.7
242.1 228.9 213.7 198 184.9 181.8 194 200.3 210.5 227.1 239.9 246.8 259.7 273.6 288.6 288 288 285.3 292.4 291.8 285.5 276.9 275.7 280.3 291.2 304.5 317.7 328.9 346.2 363.1 369.1 379.7 392.1 408.2 435 457.1 483.7 506.7 529.9 547.6 555 557.3 550 524.2 496.7 469.9 453.6 432.7 411.2 419.2 441.5 461.6 482.9 509.9 536.9 555.6 569.1 585.5 604.3 624.2 636.2 646.4 650.9 654.8 658.2 663.3 667.4 675.2 678.5 683.7 688.7 695 699.2 708.1 716.6 727.2 736.1 749
231.5 217.1 204.1 191.8 183.1 186 198 207.2 217.9 229.4 245.8 257.8 273.5 290.7 307.1 309.5 306.2 302.1 309.2 306 296.9 291.5 294.4 301.4 311.2 325.6 339.6 353.9 373 389 403.5 406.7 416.1 426.8 439.9 463.1 491.5 525.4 548.7 560.5 570.4 572 554.9 528.5 500.2 479 458.1 440.1 415.9 424.3 447.9 467.7 494.6 524.3 552.1 569.8 585.6 601.6 619.8 639.2 650.8 658.7 662.2 665.5 671.4 675.5 681.5 683.7 690.5 694.1 699.2 700.7 705.4 714.9 725.1 731.6 740.3 750.9
222.3 208.6 195.5 188.2 176.8 193.6 200.2 208.5 222.5 237.3 252.9 269.8 291 313.3 325.3 328.3 320.9 317.7 322.7 315 309 305.2 309.9 323 334.2 348.9 366.3 383.7 401.4 419.6 433.9 444.7 431.9 448.6 460.8 476 505.8 535.6 559.6 576.2 591.6 576.3 559.8 531.6 506.6 485.2 463 449.4 427.3 426.3 449.3 474 502.5 533.2 559.8 580.3 595.8 614.8 635.5 649.8 661.5 668.5 674.5 679.7 685.6 688 691.3 696.3 702.7 705.6 705.1 709.2 713.8 724.4 727.6 736 742.2 752.4
209.7 200 193.8 183.7 181.2 196.3 202.2 210.4 226.1 243.2 260 282.6 309.4 332.7 345 348.7 348 333.9 332.3 323.6 323.3 326.1 335.8 348.3 358 376.3 395 413.6 431.9 450.6 467.2 476.9 458.3 457.7 475.6 487.6 514.2 536.3 568.1 591.2 600.2 579.8 561.3 534.3 510.7 491 471.1 454 431.4 430.7 450.7 479.3 506.3 536.5 564.7 581.8 605.2 624.1 645 661.2 670 678.7 687.8 693 694.9 696.8 702.4 707.9 712.8 711.8 710.6 714.9 720 725.7 730.9 737.6 746.3 753.8
201 198.2 188.3 178.3 182.4 195.6 200.5 213.3 231.5 250.1 272.4 300.8 326.3 349.6 365.7 366.1 358.8 347.3 341.8 339.4 342.1 350.8 359.1 371.3 385.5 404.9 424.1 444.5 463.2 480.7 495.6 506.9 496.1 485.8 488.7 505 515.4 546.6 588.9 605 603.7 585.9 565.4 537.8 515.5 493 473.5 456.9 436.6 432.9 454.7 482.9 509 538.3 565.4 586 611.5 632.2 653.8 666.4 676.4 687.5 696.2 704.3 701.2 708.1 715.9 720.4 717.5 716.7 717.7 723.8 726.6 729.9 735.8 741.4 748.6 756
198.7 195.6 186.6 181.2 182 195.1 201.7 216 236.1 259.2 284.6 313.2 336.4 356.8 382 375.1 372.9 364 355.5 355.8 360.6 370.1 383.3 392.2 411.4 431.3 453 473.4 492.9 509.2 524.4 536.4 541.6 524 515.4 527.8 540.1 565.5 604.4 615.8 606.2 588.1 566 539.2 519.9 495.7 476 461.6 442.7 435.6 459.2 487.4 511.9 539 562.7 591.9 613.7 636.9 657.7 669.8 684.1 693.5 703.8 706 707.3 717.9 724.2 722 721.5 722.5 726 729.8 733.8 737.7 739.4 743.2 748.8 755.9
196.1 191.8 186.4 181.6 179.8 192.5 207.3 220 240.9 264 289 316.5 344.8 363.4 381.8 384.6 383.9 376.6 371.4 369.6 374.1 391.6 395.5 414.2 435.9 458.3 481.4 501.7 521.6 539.2 556.2 568.6 572 563.9 555.3 557 569.1 587.7 615.7 623.1 613.8 590.8 568.1 540.9 521.4 498.2 479.1 463.8 444.2 444 466.6 490.6 515.1 536.9 563 592.9 613.5 641.4 658.4 673.8 685.8 697.4 704.9 706.5 712.1 726 724.1 724.9 725.1 727 732.2 738.1 742.3 739.3 740.4 743.5 750.6 756.8
198.5 195.7 190 182.4 178.3 196 206.7 219.4 240.8 267.2 291.9 318.4 345.4 365.3 384.3 392.4 394.6 385.8 381.9 383.4 395.2 404.3 415.7 438.2 462.3 481.7 507.2 527.8 547.8 569.5 587.5 594.6 596.6 595.6 600.9 598.1 605.7 621.2 634.3 631.9 613.5 592.4 569.2 544.1 528 499.9 483 471.4 449.4 448.4 470.7 494.4 516.7 538.3 562.6 593.7 615.5 638.5 657.6 672 684.4 696 702.6 705.4 717 719.7 723.7 727.2 731.6 735 742.2 745.6 739.8 740.6 743.5 746.9 752.9 755.3
