Game/Highland_Data/StreamingAssets/GeoData/Data/nn/NN39.asc
ncols 200
nrows 200
xllcorner 230000
yllcorner 790000
cellsize 50
[rows 105 to 139 of 200, columns 0 to 77 of 200]
633.9 632.8 630 629.4 631.9 633.4 637.5 640.1 639.3 636.2 630.2 626.5 623.9 620.6 612.5 604.1 597.6 592.5 590.2 587.5 585.2 583.2 580 575.3 571.5 569.3 566 562.7 559.7 557.3 552.3 547.6 552.3 553.6 553.6 553.1 553.3 555.5 555 557.4 557.8 558.3 557.5 558.4 558.7 557.8 558.9 558.8 557.3 555.2 551.6 549.2 547.1 542.2 535.7 528.5 517 497.8 471.6 452.9 471.9 480.2 493.7 511.5 515.7 519.6 523.4 523.3 519.3 513.2 505.8 497.4 483.8 475.9 465.1 454.8 444 431.4
634 634.1 632 631.8 633.5 636.7 640.3 641 638.3 635.5 629.4 623.3 617.6 611.1 605.9 601 592.3 591.5 589.7 589.4 588 583.6 578 575.1 573.6 570.9 567 564.5 559.6 555.8 551.4 548.2 547.2 549.5 547.9 547.5 549.1 550.5 551.1 550.5 551.3 551.6 550.9 551.5 551.8 551 551.6 550.7 550.9 549.2 546.7 545.2 542.2 536.4 529.1 517.4 505.1 483.2 465 430.9 448 461.1 474 485 491.4 495.7 494.8 490.5 487.4 479.2 472.2 463.2 453.6 447 438.4 428.1 418.4 407.3
635.3 633.3 632.9 632.1 632.8 640.9 639.9 636.1 632.9 628.3 623.2 616 608.1 601.8 598.6 593.1 591.7 590.2 590.2 588.5 587.1 582.4 581.1 579.5 576 571.8 568.2 564.2 557.2 554.7 552.4 549.8 546.6 545.2 543.8 545.2 544.4 540.3 544.3 544.4 541.3 543.9 545.1 544.5 544.5 544.5 544.2 543.7 545.6 544.4 539.9 538.9 538.6 529.5 514.8 502.7 485.6 467 454.9 427.3 420.4 435 447.5 455.3 460.5 462.6 462.5 457.8 452.3 445.6 439.9 432 424.1 419.7 410.8 403.7 394.9 380.8
632.5 630.5 631.1 633.1 636.9 636.7 634.4 631.2 626.3 621.3 614.5 607.1 600.9 596.6 591.6 591.4 591.4 591.9 588 586.3 584.2 583.4 582.4 582.3 578.6 573.4 569.7 565 561.8 557.6 553.6 551.1 549.4 550.8 550.1 548.6 547.7 543.4 532.5 529.4 529.7 534.7 533.4 536.1 538.1 537.5 536.7 535.6 536.4 534 532.2 529.2 526.3 509.7 492.5 477.1 461.1 448 438.4 421.8 389.4 407.7 419.3 429.3 432 431.2 432 428.7 424.5 420.2 413.3 406.2 400.3 396.1 389.1 380.9 372.1 385.7
629.3 627.7 629.9 631.8 631.6 632.2 629.1 622.9 618.3 610.4 606.5 601.1 597.2 594.1 590.4 590.1 589.1 587 584.8 584.2 584.2 584.2 583 580.4 578.9 574.6 570.9 569 566.3 561.3 555.7 552.7 549.8 551.7 553.1 548.7 545.7 542.7 540.3 535.9 518.4 521.4 523.2 521.6 525.6 528.7 527.7 525.9 523.7 521.2 518.4 509.1 500.1 485.7 465.4 449.7 439 428.4 420 408.2 391.8 380.8 390.8 402.2 407.5 406.2 404.8 402.9 400.1 390.8 377.7 383.3 375.2 373.3 362.2 371.4 384.7 400.9
627.9 624.9 627.2 625.6 624.5 623.3 621.6 617 610.7 605.4 601.4 598.2 595.2 588.6 586.7 588.6 584.4 583.3 583 583.3 582.5 581.8 580.1 579.2 577 576.4 575.8 574.8 569.4 565.3 560.4 557.6 554 552.4 555 551.2 546.1 542.5 540.3 533.7 528.7 514.7 502.5 503.1 514.2 516.7 515.6 512.8 510.2 504.8 496 482.2 470.7 456.9 438.9 428.3 415.3 406 396.9 387.8 382.1 364.9 365.8 377.6 382.1 381.6 380.3 376.5 372.3 361.8 362 359.2 353.1 365.2 376.3 387.1 402 419.3
626.4 623.7 623.3 620.1 619.9 615.3 612.5 610.1 605.7 600.9 598 596 587.9 584.8 585.3 584.4 581.7 580.8 579.6 580.1 580.2 578.2 576.7 575.8 575.1 578.9 579.9 577.8 574.4 573.3 569.2 566.3 564.3 562.3 561.5 556.4 544.7 539.9 538.6 532.2 527.9 523.8 511.2 491.7 503.4 505.3 501.2 497.3 492.9 483.9 472.7 456.3 447 430.3 414.4 400.9 391.4 382.9 375.3 374.6 365.2 347.6 347.7 355.6 359.2 359.9 355.5 352 347.1 346.8 351.1 347.1 364.6 377.9 392 407.2 421.1 432.2
619.3 620.8 618 613.1 610.6 608.1 604.5 603.9 600.9 598.5 592.6 589.5 584.6 583 582 580 577.5 576.1 574.7 575.2 576 574.5 573.1 572.3 575.2 578.2 578.7 580.1 580.9 578.6 579 579.9 575.9 576.1 573.4 564.3 552.6 542.5 537.1 532.1 528.4 521.2 516.1 500.2 483 493.4 488.2 481.6 473.7 464.8 449.8 434.8 423 404 393 380.4 376.3 369.1 364.7 364.4 354.4 338.7 337.8 345.9 344.6 344.9 342 339.2 337.4 332.9 346 361.2 380.4 395 409.6 422.3 432.8 445.3
613.7 615.1 610.8 606 602.4 600.2 596.7 596.1 594.6 592.1 585.6 583.8 582.4 581.2 578.8 576.2 573.4 570.9 569.5 570.8 570.5 569.7 565.8 570.7 578.5 579.5 577.6 580.7 582.8 583.9 584.9 584.9 581 580.3 582.4 573.7 560.8 551.5 542.1 534.9 528.9 521.8 515.6 507.5 493.9 471.5 473.2 468.4 457.9 447.9 430.2 413.8 398.7 382.6 376.5 372.4 364.5 358.2 344.3 345.1 340.5 325.6 331 336.6 336.1 336 336.6 327.8 334.9 350.6 366.4 379.1 395 409.7 422.4 433.4 444.2 456.8
605.9 606.5 603.9 601.3 597.7 591.8 587.1 585 587 585.8 584.4 581.8 577.3 575.2 574.3 571.1 569 567.7 566.5 564.9 564.1 563.2 568.1 573.6 577 577.1 573.9 580.9 585.4 587.1 592.8 594.3 591.7 588.8 589.3 582.3 574.9 561.7 551.7 538.2 530.9 524.3 518.5 511.4 502 493.5 477.3 456.3 435.8 420.6 405.4 393.1 379.5 365 349.7 344.2 336.7 329.8 330.7 318.3 331.8 316.6 322.7 328.1 333.7 332.4 324.4 328.2 346.6 363.1 378.4 391.4 407.1 421.1 432.7 445.7 456.7 464.7
597.9 596.3 596.4 590.3 584.5 584.2 581.7 577.5 578 576.9 575.2 573.3 572.7 571.9 570.3 568 564.8 562.8 561.7 561.2 562.8 565.7 565.8 567.5 569.3 572.2 576.1 581.5 586.7 591.6 601.9 605 601.4 603.2 599.2 593.4 587.3 574.7 558.6 541.3 533.7 528.9 520.5 512 504.8 501.3 489.6 474.5 454 430.7 406.3 382.1 361.9 364.2 364.1 364.5 360.6 352.8 340.9 330.5 314.7 311 314 320.6 329.6 330.3 320.5 333.6 350.8 369.4 385.3 401.6 417.4 429.2 442.7 452 461.8 473.1
589.1 586 582 579.4 575.2 572.3 573.2 572 569.7 569.6 568.3 568.3 568.2 566.1 564.3 562.3 560.5 559.2 558.9 556.8 556.1 558.5 561.2 564.1 567.5 572.5 580.1 584 588.6 597.9 606.9 610 605.1 608.8 604.5 597.3 592.8 586.1 565.3 544.9 534.5 529.1 520.5 514.8 509.6 501.5 494 481.8 467.9 451.8 422.3 399.3 395.3 396.6 394.4 385.4 377.1 365.9 354.3 342.2 329.8 322.6 306.8 312.9 319 323.9 319.3 334.3 354.7 376.4 391.1 408.5 422.3 437.8 449.2 459 471.8 482.6
580.7 578.2 574.4 571.4 564.1 566.1 563.9 562.6 562.7 563.7 565.7 564 563.2 559.8 560.4 558.9 557.1 554.7 551.4 547.8 550.1 551.6 556.3 562 564.7 568.7 575.1 580 587.4 595.9 602.8 606.6 604 610.6 607.4 600 591.3 585.8 572.4 553 538.8 529.2 524.8 516.9 512 507.7 500.6 489.1 476.8 465.4 449.8 436.5 430.1 419.7 408.9 397.7 383.5 370.3 358.2 348.6 337 328.7 311.6 309.3 312.4 309.2 322 338.6 360.4 379.1 395.9 414 427.7 440.2 450.9 462.7 476.1 489.7
572 569.4 565.9 555.5 556.3 555 553.7 552.9 554.5 556.6 557.6 557.5 554.5 555.8 559.6 553.3 548.2 543.5 539.4 539.3 542.3 548 553.6 556.6 561.3 564.5 567.7 572.5 582.4 586.4 595.3 590.8 596.1 603.7 610.6 604.9 594.3 584 573.7 558.5 545.6 534.1 527.3 520.5 515.2 510.9 506.2 495.9 485.9 478 466.3 452.9 442.9 431.7 415.4 400.1 383 369.6 360.8 346.8 336.3 322.9 315.8 307.6 304 310.1 320.8 339.7 361.6 383.2 403.7 420.4 433.4 444.4 458.2 472.4 488 501.6
561.1 558.7 554.4 546.5 544.2 545.5 548.5 544.9 546.7 548.7 548 548.9 546.4 550.1 546.8 541 537.1 533.4 531.8 534.1 535.5 540.9 544.7 551.3 555.2 560 563.2 568.5 575 577.3 580.9 583.3 586.9 592.9 602.6 609.9 599.1 590.6 578 569.8 552.2 539.1 534.4 525.4 519.2 514.1 509.7 503.1 495.4 487.3 477.5 465.7 452.9 438.7 420.2 400.1 383.4 371.4 363.4 355.1 338.5 321.1 308.5 303.8 303.1 310.2 319.9 338.3 361.4 388.5 409.2 424.5 438.9 453.5 468.1 484.2 500.3 517
547.1 543.1 539 534.7 535.9 536.4 538.6 533.5 533.3 536.9 538.7 534.7 541.3 537.5 532.6 527.8 525.4 525.9 527.3 527.1 530.8 533.2 534.7 542.8 550.8 554.3 555.8 562.3 565.9 575 575.7 577.4 581.6 582.2 592.6 606.3 611.7 601.5 592.4 582.5 563.9 549.4 541.6 534.7 525.2 519.9 515.4 510.5 503.2 495 483.9 472.8 460.2 445.3 425.3 400.6 385.5 375.1 365.4 359.5 337 318.3 308.1 301.6 301.8 310.1 324 338 364.1 389.2 411.3 429.1 447.4 464.1 479.8 494.7 512.9 534.9
533.8 530.2 527 520.7 521 518.8 515.8 520.8 521.2 521.3 520.9 529.4 523.9 519.8 516.3 513.1 512.8 516.6 518.1 522.9 520.2 523.6 527.5 534.7 538.9 543.4 550.5 558.4 562.4 568.8 570 570.4 576.9 584.2 588.4 598 611.7 610.9 602.7 589.7 579.2 559.7 550.9 540.2 533.4 526.5 522.4 516.1 508.9 500.3 490.5 479.2 465.2 451.5 432.4 405.3 387.6 377.4 371.9 357.3 337.6 316 304.2 294.7 304 309.7 320.5 339.1 364.8 391.7 414.3 435.6 455.2 471.7 487.2 506 526.2 545.9
519.2 516.4 511.5 508.4 502.5 502.1 498.8 498.9 501.3 502.8 504.3 505.5 503.2 500.4 501.7 503.8 504.9 507.1 507.3 509.8 511.7 515.9 521.8 527.5 533.6 541.1 543.7 545.2 554.3 560.5 564.2 568.6 577.4 586.9 587.9 590.6 597.3 604.1 601.8 600.3 592.2 576.4 560.1 548.4 541.5 534.1 527.8 521.8 514.4 507.9 499.6 487 472.6 456.2 433.7 406.6 392.2 380.6 372 355.2 334 314.6 301.3 302.1 302.3 307.4 320.8 338.9 364.5 394 418.4 443.5 469.2 483.9 498.4 517.4 536.6 553.2
509.1 502.4 494.4 493.1 487 482.2 476.9 478.7 482.3 474.4 483.5 483.4 482.7 484.7 488.1 491.3 496 494.3 495.7 499.5 504.8 514.7 514.8 516.7 522.8 529.7 534.4 537.9 546 551.6 559.6 569 577.8 581.2 587.7 590.1 594.3 602.7 605.3 606.8 599.9 593.6 576.2 564 553.4 543.4 537.5 529.1 523.4 516.6 507.5 495 481.8 462.6 438.6 414.1 395.2 382 371 350.1 331.2 313.8 302.2 297.1 299.8 305.4 319.9 338.6 362.2 395 421.8 453.1 482.4 497 507.4 524.5 535.4 545.7
492.3 487.4 480.4 474.4 462.5 460.4 457.9 455.9 457.1 461.7 463.7 462.5 464.3 466.6 475.5 479.1 483.8 482.7 486.2 489.7 496.8 500.9 503.8 509.8 518.3 521.3 532.2 534 537.4 547.2 557.5 566.9 572.8 576.7 586.1 587.5 588.1 594.3 603.8 609.1 603.6 606.9 601.8 585.3 571.7 558.7 551.3 543.8 534.6 526.6 516.3 505.6 490 467.8 443.7 419.4 397 382.9 369.6 349.2 327.1 310.2 300.7 283.5 294.9 302.2 319.7 335.8 365.1 394.5 424.4 458.3 480.6 494.4 513.8 529.9 538.3 545.3
476.6 473.9 467.2 458.3 450.5 443.9 435.7 431.2 423.3 441.7 442.5 440 446.7 457.9 464.5 470.3 470.8 468.4 474.4 480.4 485 489.6 496 500.7 508.8 514.8 524.4 531.5 531.5 535.2 548.3 558.5 565.8 568.9 578.2 581.2 582.9 589.6 598 606.1 609.6 617.4 618.9 608 595.2 583.5 572.2 558.2 546.8 536 526.3 516.1 499.6 473.5 446.7 420.4 398 382.4 367.6 346.6 327.1 307.6 298.3 283.2 293.2 300.5 317.1 338.6 363.3 394.3 424.5 455.9 476.1 490.1 507.2 518.5 531.3 539.3
460.6 457.2 449.6 442.3 434.1 424.6 413.7 414.2 413 420 420.8 419.7 437.4 445.2 449.8 454.1 451 456.6 466.4 472.9 479.6 480.4 486.4 496.3 504.1 507.8 510.9 517.8 521.5 530 539.5 549.9 557.1 562 566.3 573.3 575.8 590.4 596.4 604.6 616.6 626.2 631.1 627.3 616.3 598.5 581.5 567.5 555 546 535.9 525.6 508 476.8 446.6 418.5 397.8 380.2 360.2 337.6 325 305.6 294 284.6 291.1 299.9 315.8 337.7 360.2 394.3 421.7 448.2 466.5 480.6 494.7 506.7 516.6 524.5
437 429.4 428.7 424.4 417.2 408.5 395.2 398 399.9 405.3 404.7 415.2 419.4 425.9 432.9 438.5 442.7 449.7 457.9 464.7 467.8 476.2 481.9 494.2 503.1 504.6 504 503.4 511.6 521.5 532.6 539.6 543.7 548.8 553.8 566.1 572.4 585 594.6 603.7 615 625.4 635.3 633.7 621.8 603 587.9 575.1 564.5 553.3 542.7 532.3 513.9 477.4 449.6 420.9 397.9 383.4 366.9 346.3 322.6 303.6 292.2 284.6 287.1 296.8 312.4 332.5 354 387.9 413.4 439.4 464.2 473.4 482.7 491 498 511.1
411.7 408.9 405.7 401.3 397.4 392.2 383 373.7 373.6 388.8 394.5 400.4 406.1 412.4 421 420.8 433.8 440.6 447.2 451 459.4 467.9 472.1 483 490.7 492.7 492.4 493.2 506 513.2 519.9 522.9 536 541.6 547.5 553 570.5 580.6 590.3 596 605 615.4 624.4 630 620.8 602.9 590.1 578.5 568.1 557.4 547.9 538.4 518.5 482.5 452.6 425.5 402.4 385.4 367.2 344.7 322.9 300.8 289.7 279.7 283.4 291.4 306.5 324.5 347.1 370.9 398.7 424.6 441.1 456.3 465.4 472.8 482.3 497.2
394.7 390.9 386.7 384.2 379.5 375 369.7 361.2 356 370.1 377.9 383.8 389.5 397.3 406.8 417.7 421.7 431.7 435.7 440.9 452.3 459.9 463.8 475.5 478.3 482.1 486.2 489.1 496.7 505.5 512.1 516.5 520.3 531.7 536 549.4 563.4 570.6 581.1 590 596.6 605.1 612.9 616.1 607.7 599.3 590.7 579.8 569.8 560.2 553.4 542.3 520.6 484.3 454.7 428.7 404.4 386.1 365.8 345.6 320 297.4 288.4 282.9 277.2 284.1 300.5 321 336.4 357.4 385.4 407.9 420.2 430.4 442.9 454.1 467.3 481
375.2 370.9 368.9 364.4 360 358.1 356.4 351.8 344 357.3 362 366.7 365.9 380.3 395.9 402.9 410.9 418.6 427.8 436.1 444.5 450 454.2 462.5 463.4 475.5 478.7 484 487.9 497 506.2 510.7 515.5 525.8 526.9 542.6 551.5 556.8 568.4 580.6 588.4 594 599.9 605.6 602.3 596.6 587.9 582 573.6 562.9 551.2 540.6 519.2 489.3 459 431 403.9 386 364.5 339.1 316.5 298.2 286.7 280.4 275 280.6 292.2 308.2 326.1 345.9 363.6 379.4 392.2 405.8 418.9 434.7 448 464.7
357.5 352.1 348.9 345.3 344.8 344.1 341.4 333.1 335.9 344.4 351.6 354.8 362.1 377.2 382.9 388.7 402.8 416.3 420.8 429.6 436.3 445.6 451.9 453 453.1 466.3 468.5 469.7 483.5 486.5 495.6 502.5 511.7 514.3 523.4 533.8 542.6 546.5 555.7 566.4 579.1 582.8 591.6 592.8 595.1 596.1 591.5 585.1 575.1 564.2 553.6 540.3 518.1 492.7 462.8 434.2 406.4 386.6 365.1 340.3 313.7 294.9 285.9 278.8 271.9 275.8 286.5 298.7 307.9 330.4 346.5 356.4 369.5 381.4 394.6 408.8 426.4 442.9
338.5 334.6 331.6 332.1 333.9 329.5 328.1 326.1 330.8 336.1 342.8 343.8 354.7 358.9 376.8 389.3 399.8 408.4 415.1 422.5 430.5 437.3 448.9 444.5 447.8 449.5 461.6 464.2 468 475.3 482.8 492.9 498.7 503.6 513.9 526.9 532.8 537.5 543.7 554 564 569.8 576 581 584.4 585.1 583.6 579.7 572.2 562.2 551.7 535.8 514.9 489.4 462.1 433.3 407.8 387.5 365.4 339.3 314.9 293.3 283.3 276.8 273.7 272.8 282.4 287.2 295.6 310.4 323.7 340.5 350.5 361 372.1 385.4 398.6 414
324.8 321.7 319.9 323.1 322.1 321.7 320.7 318.8 324.9 326.9 328.6 339.6 351.3 361.8 373.5 384.7 394.6 401.4 410.2 418.3 422.2 431.8 436.2 439.4 442.3 440.6 443.8 453.8 457.5 467.5 475.1 480.1 487 496.5 507.3 515.7 520.8 526.1 532.5 542.5 549.6 555.7 562.7 566.5 570.7 571.7 573.4 572.5 566 555.9 540.6 523.1 507.1 484.9 461 434.2 408.1 384.9 362.3 339.3 314.5 291.6 277.4 274.1 270.8 269.3 276.8 279.3 283.6 293.4 300.3 314.1 329.6 342.7 353.8 363.7 381 396.3
314 312.2 314.3 315.2 314.1 314.3 314.8 316.6 320.1 323.7 327.9 334.7 342.9 354.7 368.7 379 389.2 399.9 407.7 415 417.4 426.2 426 432.7 429.9 429.2 429.6 441.1 448.4 456.3 465.1 470.5 479.9 486 496.2 503.9 508.3 515.8 523.1 528.1 536.7 543.4 549.5 553.3 557.1 561.5 560.8 560.4 552.9 540 527.4 512.8 495.9 478.2 455.9 429 408.1 385.4 359.7 335.6 309.3 289.1 276.4 272.6 268.9 263.7 271.8 273.1 276.3 281.2 285.3 296.4 308.1 322.2 332.4 348.7 362.3 379.7
303.1 309.3 310.9 310.2 308.6 308.8 312.4 314.4 317.3 319.6 322.5 328.1 336.1 350.5 366 376.5 385 398.2 406.8 410.3 410.3 413.4 424.6 417.7 414.4 413.3 419.8 428.9 438.3 445.2 454.4 461 467.2 474 482.9 490.6 496.7 501.3 507.4 514 521.1 530.5 535.8 534.9 539.8 544.9 546 543 535.2 526.3 512.2 497.8 482.7 466 446.2 423.4 404.5 385.6 359.1 333.6 305.5 288.2 276.8 272.1 267.2 264.3 269.9 270.3 269.5 268.8 275.9 280.4 289.6 302 315.8 332.4 345.8 360.7
303 307.7 307.8 308.3 309.5 310.4 312.2 313.4 315.9 318.5 323.1 328.6 334.5 347.4 360.3 372 383 394.3 401.6 400 400 402.6 404.7 403.8 402.6 404.5 411 420.5 427.9 433.7 443.7 449.5 454 459.2 465.4 474.8 480.6 486.2 491.8 497.8 506.3 513.4 514.5 517.4 522.5 525.9 525.7 524.2 515.7 505.3 493.7 480.2 466.3 452.6 430 411.5 397.5 381.8 357.1 332.4 308.3 290.5 281.6 273.9 264.7 263.2 265 268.6 268.1 266.5 266.1 268.9 273 285.3 297.1 315.7 331.1 344.2
306 307.2 307.4 309 312.3 312.2 313.4 314.5 314.5 317.7 324.3 329.8 334.2 343.8 357.4 369.4 376 385.3 386.8 390.3 391.4 395.8 393.5 389.7 387.2 397.5 401.6 409.3 415.3 421.6 427.5 432.6 439.6 443.4 449.9 456.2 461.7 469.1 475.2 483.8 491.1 493.8 495.5 497.5 500.6 504.8 502.8 501 494.1 484.9 472.8 460.8 446.2 428.7 415.7 402 388 375.8 357.4 333.4 312.5 302.4 292.7 278.4 263.1 261.5 261.2 262.4 266.8 265.9 264.8 264.4 264.3 269.8 281.2 297.2 315.8 328.1
311.4 312.9 312.7 313.8 314.7 313.5 317.1 319.9 321.4 320.2 322.3 329.1 332.9 341.5 350.1 361.9 368.6 376 380.7 383.5 385.5 384.5 380 375.6 377.4 382.2 390.4 395.9 400.9 407.7 411.2 414.8 420.3 426.1 432.3 436.8 442.4 450.1 456.3 463.8 469.1 472.1 474 475.1 476.5 479.7 480.4 477.2 469.1 460 449.1 437.3 424.1 412.9 399.9 388.6 379.5 369.4 351.8 334.3 315.5 308.8 301.5 279 272.8 269.8 260 261.6 265.4 265.2 264.5 263.8 262.7 261.8 270.1 284 298.7 317.4
323.1 322.3 323.5 327 328.2 322.9 323.5 331.2 331.6 328 325.5 328.5 334.6 339 344.6 353.1 359.9 363.2 365.4 370.8 372.4 370.9 369 364 364.7 369.2 372.4 377.8 384.4 390.6 394.3 397.4 400.4 406.2 415.2 417.8 424.1 428.7 434.9 443 446.7 449.7 451 451.7 451.9 453.4 453.6 449.1 444.5 433.9 424.4 414.6 406.8 395.4 385.3 377.3 368.6 358.3 345.3 329.1 319.6 320.8 308.7 277.6 273 266.7 259.5 258.7 263.4 264.1 263.6 262.9 262.1 261.1 262.9 276.1 287.2 303.9
