Game/Highland_Data/StreamingAssets/GeoData/Data/nn/NN42.asc
ncols 200
nrows 200
xllcorner 240000
yllcorner 720000
cellsize 50
[rows 0 to 34 of 200, columns 0 to 77 of 200]
388.3 391.8 400.9 412.1 427.6 441.8 462.5 482.2 492.8 509.8 526.5 542 561 579.7 596.5 612.1 614.7 616.3 619.3 622.7 618.3 611.7 609.2 609.8 611.9 609.8 607.4 610.4 616.7 623.5 618.9 616.1 609.8 606.5 599.1 595.7 595.7 594.9 605.8 610.4 612.2 616.1 619.7 623.3 628.1 630 632.1 636.8 636.5 634.4 633.6 631 634.2 635.2 636.1 636.3 638.2 636 636.6 632.9 627.2 625.7 624.9 624 618.1 609.3 604.5 602.4 597.9 588.4 574.8 572.1 571.6 562.3 549.1 539.4 529.1 516
390.1 395.7 408.2 416.7 438.7 453.2 469.7 485.2 501.7 514.7 527.7 547.3 565.6 588.5 598.5 599.1 605 612.7 611.8 602.2 597.9 595.4 599.3 605.1 598.9 598.6 603.7 609.4 616 610.2 606.4 602.2 597.8 594.3 588 586.2 586.5 587.9 598 601.6 608.5 616.4 618.2 621.5 623.8 624.2 627.4 626.9 623.9 624.8 627.1 628.2 630.8 627.9 626.9 627.7 629.6 628.8 625.6 625.4 623.4 619.9 618.2 613.1 605.6 598.8 594.6 591 583.6 575.7 563.8 565.8 559.3 547.8 537.1 527.4 515.9 501.4
392 397.6 412.5 422.5 445.5 461.4 477.4 492.6 504.9 520.5 532.8 551.8 569.7 589.8 590.3 588.8 597.5 597.1 590.5 582.7 585 585.9 590.1 593.7 592.7 598.2 593.4 596 594 593.3 588.7 587.1 588.6 583.7 580.2 582.3 582.6 587.7 593.8 600.4 608.7 614.3 616.1 618.9 617.9 614.7 618.5 616.6 614.4 616.9 618.2 618.8 625 624.7 622.2 618.9 619.5 622.5 621.7 619.2 615.1 609.1 607.2 604.7 597.8 589.8 580.5 571.8 574.2 564.6 553.2 551.7 540.5 528.8 518.6 510.2 499.9 488.5
397 400.8 418.2 429.3 453.5 465.9 483.7 501.7 513.8 525.1 540.3 555 567.1 576.4 577.9 580.5 585.1 582.5 578.8 576.1 578.4 586.8 590.9 596.2 594.1 587.5 584.4 579.6 586 582.4 585.2 582.1 576.8 573.4 581.8 578.9 576.9 582.2 591.1 596 604.6 610.5 613 612.3 609.3 609.5 606.7 605.4 605.2 605.8 609.7 612.2 620.7 619.7 613.9 610.9 610 609.4 607.2 606.8 601.8 595.5 595.1 594.8 587.1 578.2 564.1 559.4 557.3 549.9 539.1 538.6 531.6 515.6 504.7 497.2 487.3 476
400.6 410.3 421.5 438.6 460.5 473.6 489.8 501.3 517.9 528.9 540.9 546.2 555.3 567.7 572.3 571.8 573 573.3 573.1 576.2 578.4 586.8 591.4 586.8 582 580.1 578.1 572.9 577 576.1 573.2 570.8 566.2 566.8 580.6 574 575.7 584.3 590.7 592.7 599 602.8 603.4 605.4 603.5 599.1 596.7 598.8 597 599.2 599.8 604.1 609.2 610.7 605.1 600.9 596.4 597.1 595.5 594 586.2 585.5 581.8 579.4 571.7 556.7 549.3 549 541.3 531.3 523 522.2 516 503.3 493.8 485.6 478.1 471.6
404.2 414.5 428.4 448.4 464.2 483.2 492 506.9 516.2 528.6 534.2 543 550.7 563 563.8 564.1 568.3 574.2 580.7 578.8 573.8 569.3 567.8 569.1 569.3 568 566.4 573.1 571 566.6 564.9 561.8 559.5 566.9 571.4 569.4 572.8 581.4 584.5 588.4 590.5 594.7 593.9 594.3 592.2 591.5 589.8 589.5 587.7 589.8 593 596 600.1 599.9 594.8 591.4 588.1 584 581.9 577.4 572 566.7 557.7 553 546.6 537.3 528.3 527 518.9 510 513.2 506.7 498.7 486.2 479.8 474.5 470.7 468.9
406.7 413.8 431.8 452.3 464.7 482.9 495.1 504.2 515.9 520.2 528.1 539.5 544.2 549.1 556.4 564.1 572 574.5 563.3 565.1 565.7 557.3 559.6 565 562.3 559.4 559.2 568.3 566.1 562.6 559.2 557.4 556.1 561 563.8 562.3 571.1 580.4 581.9 586.8 587.3 586.9 587.4 587.1 586.6 583.1 582.8 580.5 581.2 581.8 582.3 585.4 589.4 586.7 581.8 577.6 575.4 569.7 568.5 559.8 553.4 549.7 543.7 536.6 525.6 517.6 507.7 515.3 505.8 496.1 493.7 486.9 478.9 472.9 472.6 469.2 467.7 467.5
407.5 416.8 441.1 459.1 469.2 484.8 498.7 505.3 519.2 519.3 528.6 535.8 538.2 545.9 557.1 560.8 559.7 555.3 556.6 559 558.2 554.1 553.5 553.4 555.3 555.2 557.4 562.4 558.1 555.8 552.2 552.2 554.8 556.1 555.5 563 574.5 577.9 581.4 581.4 581.3 581.1 582.2 580.2 580.6 579 579.2 578.7 574.1 572.8 577.3 577.1 575.5 570.9 568.6 566 562.1 557.6 552.7 547.6 542.7 533.8 526.7 519.3 513.3 506.8 495.9 490.9 485.9 480.4 473.7 472.5 468.6 465 460.9 463 465.8 462.6
409.5 422.6 438.1 458.9 472.2 490.4 499.9 506.5 516.8 522.4 524.4 527.5 538 541.2 542.2 545.5 551.5 560.5 563.9 558.2 556.3 556.5 553.2 554.8 554.4 552.9 556.8 553.2 549.2 546.5 547.9 547.8 549.3 552.2 560.8 565.7 571.8 575.6 576.1 574.3 579.2 575.9 575.4 574.6 576.1 575.4 574.9 571.5 568.7 566.9 568.4 565 564.1 561.6 557.9 557.6 553.5 548.6 542.2 537 527.8 517.9 509.8 502.8 496.5 494.7 482.7 483.4 474.4 475.8 468.7 467.8 468.7 460.2 457.5 460.6 458 454.4
412.3 425.7 446.6 465.4 476.2 486.2 497.9 508 516.9 524.8 528.1 526.4 532.2 530 535.9 538.6 546.1 553 554.3 555.4 557.7 552.9 548.9 544.2 543.1 542.9 541.1 538.4 537.7 536.9 543.4 548.6 550.4 552.4 558.3 562.4 569.6 571.2 573 570.7 573 568.8 567.6 565.7 566.4 565 564.8 558.8 556.8 558.7 558.5 552.5 547.7 550 549 541.2 534.8 532 525.3 525.1 516.3 507 498.9 489.3 486.9 474.3 475.9 472.9 464.3 468.3 465.3 461.2 458.9 458.7 453.9 452.6 447.7 444.2
415.8 431.1 450.5 467.8 477.1 487.9 489.7 500.3 508.8 510.4 510.7 515.4 522 527.9 533 537.6 545.1 551.9 556.3 557.2 555.7 547.4 541.6 540.1 542.4 540.1 534.9 531.8 536.9 533.8 539.9 541.4 550.8 553.2 558 565.1 569.5 569.8 569.5 567.9 566.1 562.9 561.2 556.2 553.9 553.9 547.1 544.6 542.1 545.1 545.6 537.6 533.1 532.6 530.6 528.2 521 515.1 509.2 508.7 499.7 488.5 482.3 480.7 471.5 469 463.8 463.1 457 460.6 456.4 453.6 451 450.5 446.9 445.8 444.5 441.9
417.7 433.4 448.4 462 478.9 484.4 489.9 492.6 498.9 503.6 500.8 509.2 517.6 527 533.2 537.8 544.3 552.6 554.6 552.8 549.8 540.8 536.3 539 533 531.1 527.3 526.6 534 536.7 540.3 547.7 551.7 553 557 560.9 565.1 566.7 563.9 563.1 562.6 559.7 556.9 550.2 546.5 544.2 539.8 534.9 530.5 531.2 525.2 519.8 518.3 516.5 514 512.3 511.6 504.5 496.9 487.6 479.8 471.9 469.2 469.3 465.5 467 457.8 459 452.1 453.5 453.3 452.9 447.5 445.9 445.4 441.2 439.4 438.4
423.4 432.2 446.7 457 469.4 479.3 485.9 491.7 489.1 489.3 499 507.4 515.5 524.9 532 540.2 545.3 545 545.3 546 537.5 530.2 532.6 528.3 524.4 522.5 523.3 529.9 534.9 538.8 542.7 546.2 548.2 550.2 554.9 557.8 560.2 560.6 560 559.8 559.9 556.8 553.9 548.4 541 538.1 531 524.8 520.6 520.8 514.6 503 498.4 500.4 496.9 492.5 484.8 481.6 483.6 477 466.6 461.1 463.3 465.7 460.9 454.8 451.1 451.8 451.6 448.1 446.2 442.5 442.2 441.1 440.3 439.3 438.8 437.2
425.1 431 440.9 452.1 469.5 471.1 476.3 485 484.3 492.5 500.7 507.7 513.1 522.3 530.7 538.3 545.3 539.5 535.8 531 526.5 526.3 522.1 520.4 519.9 526.7 533.1 536.1 536.8 539 541.2 544.9 549.3 555.8 556.8 558.9 556.8 557.9 557.3 555.4 554.2 551.3 546 540.4 533.3 528.3 525.7 522.1 511.2 503.7 504.3 490 491.4 488.1 479.7 476.7 468.2 466 466.2 462.8 454.1 453.9 451.8 450.2 445 443.5 440.9 444.4 446.6 443.8 441.8 439.4 441.9 442.2 437.7 435.3 433.1 432.6
425.4 432.6 440.9 448.8 455.4 467.9 475.6 479.8 485.3 494.5 504.6 511.5 517.7 524.7 528.8 529 530.3 527.5 523.6 524.2 521.1 524.5 519.7 518.6 523.5 528.7 533.9 534.2 531.1 534.5 537.2 543.4 546.7 551.6 553.7 553.7 553 554.5 553.3 549.1 544.5 543.1 539.6 533.7 525.4 519.5 515.2 506.8 498.7 483.7 490.4 477.2 475.7 477.3 469.7 462.3 462.4 452.5 452 448.5 443.4 443.3 445.3 437.9 441.5 434.1 437.2 439.9 435.2 433.7 434.7 434.5 435.7 435.7 428.8 427 427.8 419.7
427.5 432.8 438.5 443.8 460.3 463.9 477.4 484.8 494.5 501 510.6 516.5 522 524.7 530.1 527 522.9 518.5 515.8 514.3 517.1 518.5 515.7 514.1 518.2 519.8 520.1 519.2 519.6 523.8 527.2 534.5 542.7 541.6 543.2 543.1 547.3 547.5 546.4 544.3 540.6 532 525.9 519.7 507.6 503.2 497.4 490.2 481.9 472.5 472.8 469.2 461.9 459.8 457.9 452.9 449 444.2 448.5 440.2 438.2 434.9 440.3 433.8 436.7 428.5 432.3 433.7 431.3 425.4 427.6 422.1 426.1 423.3 421.5 417.6 419.7 416.8
424.7 427.6 442.2 445.6 458.5 463.4 481.2 490.6 500.6 509.2 520.9 518.6 519.2 522 522.6 520.5 518.3 512.3 507.5 509.8 513.4 507.7 504.9 504.6 511.6 508.5 509.1 510.9 511.9 512.3 519.9 523.4 524.1 522.1 524.9 528.5 530.5 531.5 532.6 528.2 519.4 511.3 501.1 496.3 492.3 480.8 474.8 472.7 472.1 465.5 460.4 458.7 457.5 456.2 446.5 443.1 438.6 439.1 441.8 437.1 430.5 427.5 430.8 431.8 426.5 423.7 426 427 423.8 423.2 424.6 416.6 414.8 416.9 412 406.5 406.9 402
421.1 427.9 441.9 451.8 454.4 467.6 486.5 494 504.6 510.9 510.7 514.6 521.1 522.2 520.9 520.4 517.5 510.8 504 501.4 499.1 497 499.6 489.7 499.9 502.5 505.9 500.3 501.3 507.9 510.1 509.4 509.1 506.1 507 512.6 512 510.3 506.1 501.5 496.2 487.5 478.3 473.4 471 466.9 460.5 458.2 457.5 452.4 449.5 445.9 445.9 445.8 437.8 436 433.2 430.3 435.3 431 422.8 423.1 426.7 424.4 421.1 418 420.3 421.6 418.2 415.2 414 411.4 406 401.3 397.5 394.3 392.2 390.1
423.4 429.1 444.6 448.4 463.2 473.4 487.3 499.2 508.2 510.6 511.5 513.2 519 521.8 525.7 520.5 515.9 512.2 505.7 499.4 490.3 487.9 493.7 480.4 487.2 490.9 494.4 489.2 492 496.7 499.9 496.2 495.4 491.3 494.2 498.6 494.4 491.1 487.2 483.3 475.7 468.6 462.6 459.3 456.7 458.7 448.3 445.5 442.8 441.3 436.9 432.3 433.6 435.7 432 426.9 424.1 422.4 423.2 423.2 416.6 414.5 417.4 421.9 419.4 413.3 415.9 414.5 412.7 410.2 407.1 403.9 404.9 405.5 396.3 393 390.3 386.8
425.9 434.1 445.6 450 470 478.6 494.5 502.4 509.3 509.3 510.9 510 514.1 513.6 507.4 508.3 506.8 501 497.4 493.1 482.6 480.5 484.4 474.7 474.3 475.3 481.4 480.9 483.8 482.7 483.1 481.7 481.7 479.6 486.2 476.9 472.8 471.4 468.5 463.3 459.7 460.1 450.9 447.6 445.7 443.2 439.6 435.8 435.7 437.8 436.7 435.8 424.6 424 426.3 420 420.1 416.1 420.5 419.5 414.2 408.7 412.9 416.2 413.2 408.4 409.4 409.6 406 405.8 402.4 399.5 399.9 401.1 396.8 394.7 392.5 390
425.4 434.7 452 461.7 482.1 488.5 501 504.6 510.6 506 505.9 506 504.6 500.7 501.4 498.2 493.6 486.3 479.4 478.1 476.6 476.6 475.3 466.4 467.6 470.8 476.1 470.7 476.9 475.7 471.6 477.4 472.1 472.4 468.2 464.9 464.4 460.4 458.9 456.8 453 451.2 446.3 444.9 441.4 437.2 434.1 431.6 429.1 431.4 432.4 424.4 424.6 416.2 418.6 415.8 413.6 407 410.5 413.9 408.3 402.1 406.9 406.6 406.4 407.6 402.8 400.5 402.2 399.4 396.7 392.7 393.3 392.8 388.3 385.4 380.4 372.1
427.6 441.8 459 474.1 487.5 496.6 501.9 508.3 514 513.5 511 503.8 498.2 491.1 491.5 483.6 480.8 477.8 476.6 478.3 479.9 471.4 472.8 467.4 467.7 465.4 469.7 461.9 468 470.9 464.9 473.9 464.3 463.5 464 459 459.8 457 455.5 451.6 452 447.3 442.8 441.4 438.7 430.9 432.1 432.2 429 422.6 425.8 419.5 418.8 414.9 408.4 407.6 407.9 403.2 406.2 405.2 403.2 401.1 400.6 400.2 403.7 401 398.3 394.5 396.6 394.3 392.7 387.6 385.8 384.2 380.7 376.3 370.4 364.6
436.1 448 464.9 478.1 491.5 497.7 504.5 512.2 515.6 517.1 513.2 504.3 492.1 482.8 478.9 480.4 480.1 473.1 470.8 473.1 472.1 465.8 467.8 465.7 456.4 461.7 459.7 458.1 459.1 462 456.5 462.4 462.7 458.4 456.7 453.9 457.7 454.7 449.2 446.2 443.3 442.4 439.2 438.4 433.3 428.6 428 426.4 425.5 418.3 418.2 416.8 417.4 410.1 404.7 402.6 400.5 399.8 391.8 395.6 400 398.3 393.2 396.5 398.6 396 393.9 389.6 389.9 388.7 385.4 384.7 377.9 377.1 373.1 368.8 362.2 357
440.3 455.1 470.7 483.9 491 500.4 506.2 517 519.6 516.1 508.1 498.9 487.5 478.7 472.8 477.4 470.1 463.6 460.4 463.2 462.2 459.6 457.2 458.1 452.4 455.4 453.6 451.7 451.5 453.4 449.9 453.5 454.2 455.1 452.2 453.4 454.1 450.3 444.1 443.3 438.6 437.3 434 435.4 432 428.5 422.9 419.3 416.9 412 411.5 411.8 410.2 403.2 399.2 397.8 391.7 393.6 390.5 385.7 391.2 394.7 386.4 391.8 390.6 387.2 388 378.7 379.6 381.8 381.5 374.8 370.3 370.3 362.5 357.4 355.4 345.5
454.2 462.7 474.9 486.6 498.7 506.4 513.6 519.6 513.8 505.5 496.7 488.5 480 471.9 466.3 465.4 464 458.9 456.4 460.2 455.4 453.7 451.5 449.8 447.9 453.6 454.8 448.8 447.6 448.8 448.9 446.7 447.2 448.7 448.1 444.6 445.9 441.6 442.8 443.1 433 430.9 430.4 432.9 428.6 420.8 417 415.9 414.5 408.1 411.6 406.1 402.4 398.1 396.7 392.5 391.4 386.8 385.1 382 389.8 386.2 381.5 383.9 380.2 379.4 377.6 373.5 370.7 368.3 368.3 366.7 361.1 358.6 353.6 350 347.8 339.5
458.6 468.5 475.3 487.5 503.7 510.2 506.9 508.7 509 507.6 497.2 485.5 475.9 471.7 465.1 463 462.2 457.3 451.4 451.7 453.4 448.3 446.2 445.3 445.7 448.3 449.7 447.2 444.6 444.7 446.3 442.5 443.6 448 447.9 440.6 442 438.5 438.2 437.6 432.3 428.8 425.7 423.8 423.7 420.3 415.2 413.3 412.1 406.5 412.5 401.4 400.9 398.4 392.7 391.5 390.1 390.5 386.3 383.9 379.2 378.9 374.8 371.3 370 369.7 367.2 365.7 362.8 360.8 360.1 359.2 358.1 358.5 348.3 341.6 335.5 332.5
462.7 468.3 479.8 486.6 496.8 501.3 500.9 504.5 506.4 502.7 493.5 481.4 470.2 462.9 460.2 457.6 459.9 450.1 445.5 446.1 446.3 445.7 443.4 443.3 444.2 445.6 445.3 446.5 440.6 439.1 442.8 445.8 440.8 444.8 447 439.7 440.2 436.8 435.1 433.3 432.3 431.3 422.9 418.8 418.6 411.7 408.8 408 408.6 405.4 403.1 399.1 396.8 397.5 391.1 395.8 385.1 383.7 383.6 381.1 378.9 378.5 374.2 375.4 370.2 365.5 364.2 363 360.5 359.7 356.8 353.5 350.8 342.2 334.3 327.6 324.9 321.9
457.7 468.1 476.2 483.5 491.3 490.3 497.2 503.8 498.9 484.1 476.6 471.9 465.1 458.1 456.3 453.3 451.3 447.1 443.3 445 447 442.4 442.1 442.3 442.9 443.6 439.1 444.4 439.1 439.1 439.1 445 439 443.8 443.6 437.2 439.6 435.7 433.7 430.9 426.3 424.9 420.2 423.4 420.8 411 410.1 408.6 406.1 404.2 406.4 401.9 397.7 394.9 393.2 392.1 390 390.5 386.2 388.3 381.3 374.8 376.6 375.1 373 370.8 367.6 366.3 362.5 360.2 354.4 348.3 344.7 343.2 335.2 326.2 316.1 313.8
462.6 469.1 475.4 481.4 487.1 486.6 486.7 483.9 477.7 474 472.9 469.6 460.4 456.5 454.6 452 446.4 443.1 442 444.7 439.1 439.1 441.4 440.7 439.1 439.1 439.1 439.1 439.1 439.1 439.1 441.9 439 437.3 435.7 435.7 434.9 435.6 433.1 428 425.8 424.4 423.4 424.4 420.7 412.6 413.9 411.5 407.7 408.1 407.7 407.9 400 397 397.3 395.7 394.4 394.6 388.5 390.2 387.7 384.4 380.9 381.4 377.6 375 373.5 372.4 369 367 360.4 350.1 340.1 328.8 324.9 323.3 322.1 321.2
466 471.5 475.1 479.9 484.6 479.8 478.9 478.7 479.5 478.5 481 474.5 466.4 461.7 461.8 454.6 446.2 441.7 441.1 444.7 439.1 439.1 439.1 439.1 439.1 439.1 439.1 439.1 439.1 439.1 439.1 439.1 443.9 442.5 439.3 437.1 436.8 436 432.5 432.4 433.1 427.4 426.7 426.8 425.3 421.5 413.8 417 416.3 410.5 410.1 405 405.7 402 402.4 401.5 398.2 398.9 395.2 397.4 394.7 393.8 392.4 392.1 392.9 392.6 390.2 389.1 384 378.2 368.4 353.5 339.4 329.8 323.5 322 315.6 307
469.1 474.5 475.8 476.7 476.5 477 480 482 482.3 480.4 479.2 477.8 471.9 465.5 463.6 454.1 448 442.8 439.1 439.1 439.1 439.1 439.1 439.1 439.1 439.1 439.1 444 439.1 439.1 441.9 439.1 443.5 443.1 444.6 441.2 439.7 436.9 434.6 434.9 436.3 430.3 428 428.5 424.6 423.8 418.3 422.1 415 415.2 412.2 415.1 410 408 411.3 407.5 404.3 404.5 408 410.4 408.8 410.1 408.9 410.9 409.2 408.4 406.5 404.2 395.4 380.3 368 350.1 335.8 324.1 309.1 298.2 293 289.9
472.2 472.7 474.7 477.2 480.7 483.3 483.6 483.9 483.7 482.1 482 479.1 475 462.4 455.3 448.7 443.7 442 443.9 439.1 439.1 439.1 439.1 439.1 439.1 441.4 443.5 445.1 439.1 442.2 443.4 443 446.6 449.3 445.7 446.4 446.6 442.6 439.3 441.1 441.7 435.4 429.7 430.2 428.8 426.2 426 425 419.8 423.8 423.2 422.4 420.6 416.8 420.3 419.7 414.2 417 421.7 423.3 425 425.9 428.1 429.4 431.8 433 424.2 411.8 396.3 379.3 370.5 356.2 341.8 323.6 304.3 291.2 278.3 271.2
469.9 475 479.7 481.7 484.9 486.7 488.3 489.1 488.7 488.8 482.5 473.7 470 460.4 457.8 454.1 445.3 451.4 450.2 447.1 442.3 439.1 439.1 439.1 446.1 449.4 449 447.2 443.1 447.4 451.6 449.5 451.9 457.7 457.3 461.9 461.7 455.3 452.6 447.4 442.8 438 433.7 434.5 435.5 435.2 436.2 433.9 432.8 433.8 432.7 431.6 429.7 430 430.2 429 428.2 432.9 438.2 439.1 441.3 443.5 444.9 450.2 451.5 444.3 431.5 418.3 405.1 393.8 368.3 352.6 330 312.8 301.5 292.9 272.6 261.2
474.9 478.3 481.3 484.1 486.7 488.1 491.7 492.4 486.1 484.1 481.9 477.4 467.2 461.9 462.2 457.4 458.1 458.1 461 456.8 456.1 457.6 450.8 444.9 446.8 448.6 450.9 449.4 447.9 453.2 454.2 454 456.9 459.9 461.3 462.1 461.3 455.5 452.4 446.3 442.4 442.5 440 442.9 444 444.2 443.7 442.2 440.6 440.9 438.3 437.8 436.7 437.7 439 440.8 444.7 448.8 453.3 451.4 453.9 455.7 457.1 457.4 454.4 446.6 434.4 422.1 404.7 379 355.7 341.9 327.8 311.3 296.6 279.9 269.5 254.8
477.6 480.8 484.1 485.2 487.4 488.4 489 488 488 485.5 484 481.3 473.3 470 472.4 472.9 471.4 471.9 475 470.1 465.3 459 452.7 449.8 451.5 453.5 453.3 450.2 452.8 454.7 457.9 459.1 460.4 462.8 465.5 464.4 461 456.6 451.9 446.3 443.7 446 445.1 446.3 446.1 445.5 446.7 444.2 443.6 441.4 438.6 438.1 438.9 439.8 442.4 447 451.7 459.4 460.8 461.7 459.8 460 462.3 458.8 449.9 439.2 427.5 413 387.9 368.5 341.9 328.9 319.2 302.9 288.4 277.4 266.3 251.9
