Game/Highland_Data/StreamingAssets/GeoData/Data/nn/NN47.asc
ncols 200
nrows 200
xllcorner 240000
yllcorner 770000
cellsize 50
[rows 68 to 101 of 200, columns 77 to 153 of 200]
502.3 492.6 489.8 490.2 491.1 489 479.4 476.8 479.8 479.9 483.4 486.1 488.4 490.6 493 494.7 497.6 500.4 499.6 511.6 504.9 508.5 507.7 509.4 509.7 509.5 510 510.1 504.9 507.2 512.3 516.3 514.9 516.4 518.8 521 517.3 521.5 522.7 526.1 523.5 524.4 525.2 524.9 526 527.8 526.7 527.5 526.8 531.1 537.2 536.4 532.3 530.7 532.7 531.3 534.3 539 541.6 547.9 550.3 550.8 555.8 560.1 564.7 569 572 580.3 586.3 594.7 603.8 615 625.3 632 641.8 650.7 659.6
495.5 491.7 490.3 491.1 490.1 485.6 484.2 488.7 491.5 491.8 484.7 485.2 490.4 489.3 487.7 492.4 494.7 499.4 503.9 506.7 508.2 506.5 507.8 509.8 509.7 510.3 507.3 502.4 508.7 516.6 520.4 524.7 524.6 521.1 519 520 520.7 521 521.6 524.3 526.6 527 527.1 528.2 527.6 528.1 527.2 526.2 528 531.9 534.2 534.2 533 532.3 538.9 539.9 540.7 547.2 551.1 556 560.4 562.2 567 571.3 577.7 582.2 589.2 596.2 604.3 616.3 624.9 637.4 649.8 660.9 672.3 682 687.6
495.2 492.2 492.8 491.7 490.1 486.4 492.6 492.3 492.6 492.7 494.4 494.8 495.6 494.7 492.6 491 491.2 493.3 497.2 503.2 504.4 506.7 500.8 500.8 503.2 501.8 501.4 505.3 518.6 521.7 526.4 527.9 528 525.3 524.4 530.3 528.9 530.1 528.2 533.6 531.8 529.9 528.7 529 529.1 530.5 527 526.6 527.5 527.8 531.9 540.5 536.5 542.5 545.6 547.9 550.5 557.4 560.1 564.3 571.7 574.8 579 586.3 593.5 599.3 606.4 617 625.1 636.3 649.4 663.7 677.6 689.6 701.6 709.3 715.8
496.8 493.6 493.5 494.5 491 487.9 493.5 495 497.4 498.8 496.5 501.4 500.9 500.5 500.6 500.9 496.3 494.3 494.3 495.2 496.5 495.2 499.1 498 499.7 503.5 505.6 507.9 516.6 523.9 530.3 530 532.1 530.1 526.9 528.3 535.1 535.8 532.8 535.6 534.2 532.2 530.2 529.7 531.2 529.8 527.6 529.7 534.7 542.1 540.2 539.8 541.6 547.4 553.9 556.4 561.7 566.8 574.7 581.3 584.6 589.3 595.4 603.2 611.3 619.7 630.4 641.3 652.4 662.6 679.2 695.2 709.9 720.6 725.4 732.4 737.5
499.4 497.6 496.9 495.6 491.1 493.8 495.3 499.3 499.4 500.4 502.2 507.7 505.5 503.7 503.7 503.3 502.7 501 492.2 493.3 496.7 501.6 505.1 503.6 504 507.3 510.8 509.7 509 512 519.9 517.1 517.8 519.9 522.2 526.3 531.1 534.6 535.8 535.9 535.2 534.3 532.1 532.5 535.2 532.3 531.6 534.9 545.2 551.2 551.5 553.9 552.5 557.2 562.7 570.5 577.4 584.1 589.2 595.5 605.4 608.5 615.6 624.1 634.5 641.2 653.2 663 674.5 689.5 703.4 722.1 731.2 741.3 751.9 759.3 764.5
502.3 499.9 498.6 495.5 496.2 501.1 499.5 501.4 502.9 504.4 503.9 510.9 510 508.4 506.5 506 505.5 506.9 502.9 500.7 503.3 507.2 508.3 512.9 516.9 510.8 510.2 512.1 515.6 514.4 516.1 518.5 520.1 523.7 526.4 529.7 527.7 533.9 537.2 537.8 537.9 536.5 535.9 539.2 538.6 540.4 542.5 549 556.1 558.1 557.9 558 563.3 571.6 579 586.1 594.1 599.9 606.1 613.2 622.2 630 638.4 650.2 658.7 666.9 678.2 686.4 694.4 710.2 724.3 739.3 756.3 771 783.3 788 785.9
506.5 503.1 500.7 498.2 501.2 503.1 504.7 505.9 506.7 509.1 509.3 512.2 512.6 512.5 511.6 511 512.2 513.9 511.5 509.6 513 514.3 514.9 519 519.3 522.6 524.7 528 531.6 527.8 524.6 522.7 524.6 528.1 532 533.7 531.8 535.9 538.2 540.2 542.1 541.4 541.1 540.7 545.1 546.6 556.9 563 564.4 562.8 567.8 576 582.3 589.8 599.4 605.9 611.2 618.6 628.7 636.6 644.9 652.2 660.3 673.5 681 688.6 697.4 709 724 734.6 750.5 766.2 782.4 794.8 800.5 799.3 792.5
512.3 509.7 510.3 501.6 507.4 507.5 509.1 508.7 510.4 514 518.3 517.7 520.2 520.4 518.6 519 520.3 524.1 521 520.2 523.7 524.6 524.1 527.5 529.8 534.3 536.9 539.4 541.5 543.7 544.8 536.8 532.9 539.9 546.9 549.1 546.6 542.8 545.3 546.2 546.9 549.2 554 558.1 563.9 566.1 568.2 569.8 571.4 577.1 586.3 595.3 601.3 609 617 625.1 633 643.2 654.4 663.6 673.6 676.3 685.8 697.6 707.1 713.6 726.7 743.7 755.7 768.6 779.9 791.5 804.2 812.1 812.9 810.1 799.8
516.7 513.3 508.4 504.7 512.1 511.6 513.7 513.5 514.3 518.3 519.7 523.6 525.1 526.3 528.2 528.4 531.8 537.1 535.7 536.5 540.5 542.1 542.9 543.4 544.5 543.2 544.7 549.1 550.7 550.9 553.3 552.2 552.4 549 554.1 552.3 551.5 551.2 552.4 553.9 557.1 561 563.3 568 571.2 574.8 579.9 583.3 589.4 599.1 606.4 616.2 627.6 632.2 638.1 649.2 663.8 674 687.4 698.8 704.5 708.1 713.1 723.1 729.4 746.6 768.8 780.6 793.3 806.8 814.2 816.8 825.4 827.7 825.7 820.1 807.7
519.1 512.8 510.1 515.1 515.6 516.2 518.9 520.9 524.4 525.3 527.9 531 533 539.8 541.5 544.3 548.5 552.1 554.7 556.5 556.7 556.5 559.8 558.6 560.4 558.5 554.2 556 558 556.3 558.6 557.7 557.8 556.3 557.8 556.9 556.8 556.6 560.7 563.5 566.2 568.8 578.1 577.4 584.9 590.5 596.4 601.4 610.4 620 633.7 644.8 649.4 657.8 667.8 684.7 701.4 710.6 719.7 728.8 739 735.9 737.1 749.6 760.1 784.2 802.2 821.3 832.2 838 834.6 844 850.9 848.4 840.8 832.6 822.1
514.8 517.2 515.9 519.9 521.1 525.2 530.7 532.8 532.9 535.9 538 544.2 546.2 550.8 556.2 564 570.6 574.9 575.6 580.3 582.4 581.7 583.9 582.7 580.1 574.6 568.1 566.7 564.8 563.1 564.7 561.8 564.7 562 563.4 564.4 562.8 564.6 571 575.4 578.2 583.3 588.2 593.2 600.7 605.1 614.8 621.8 635.1 644.7 658.1 662.6 669.4 684.8 703.4 717.5 730.7 734.7 742 749.3 757.6 761.6 765.1 773.9 792.4 814.2 838.8 855.4 858.7 856.5 859 876.3 870.2 855.6 848.4 836.7 833.4
521.1 520.9 520.7 525.4 527.8 530.1 534.9 540.7 543 544.7 546.7 553.3 557.8 565.9 575.1 582.6 590.2 601.8 614.7 623.8 615.4 610.5 606.9 603.5 597.5 592.2 584 578.8 577.8 575.2 574.3 572.2 572.1 571.7 570.8 568.7 573.7 577.3 583.9 588.8 591.4 596.3 602 607 614.3 622.6 633.2 643.5 652.2 661.5 672.9 683.9 695.9 712.2 725.7 736.9 751.1 763.3 775.2 782.2 785.6 782.9 788.8 799.2 815.5 838.4 862.4 876.6 878.6 875.7 891.2 884.9 870.9 860.8 850.9 842.2 841
524.7 524.1 526.5 531.1 534 538.7 544.5 547.5 550.8 554.5 559 567.1 571.5 581.4 594.4 610.6 630.1 641.6 654.9 636.7 633.8 634.6 629.6 631.4 621.3 609.6 600.3 593.8 588.5 586.1 583.1 581 580.7 580.2 584.3 583.8 584.4 590.3 594.6 601 604.3 603.7 615.3 622.2 630.9 638.9 648.5 658.1 667.8 678.2 688.7 704.6 722.1 738.4 759.7 773.4 785.3 797 802.3 811.4 816.1 811.9 813.9 822.6 837.2 854.2 881.8 901 902.6 909.6 904 883.4 873 861.1 847.9 845.6 837.1
529.3 529.2 535.1 537.5 541.4 544.4 551.6 555.5 559.6 566.9 572.1 577.3 583.9 595.8 614.6 644.7 668.6 669.8 654.9 673.3 684.4 665.2 667.4 655.3 642.7 630.2 620.4 609.9 601.1 595.8 592 589.9 592.4 592.4 594 596.9 602.1 602.1 611.2 614.3 616.8 617.5 629.1 637.5 646 657.8 667.6 675.4 687.5 699 712.9 727.9 743.4 762 783.2 795.8 812.6 824 835.4 848 861.3 844.2 842.5 852 864.5 875.6 900.5 916 928.7 925.3 900.4 882.1 869.5 859.5 849.6 845.4 835.1
533 536.3 539.8 540.7 549.8 552.5 556.5 563.3 568.9 573.8 580.6 587.8 597.2 610.4 642.5 661.9 673.3 675.3 703.6 716.5 723.9 716.3 697.1 674 662.2 661.2 647.5 630.3 620.3 612 606 604.9 607.5 608.3 610 614.3 619 619.8 623.8 627.2 631.4 630.6 641.8 650.2 661.3 672.8 681.4 691.4 699.9 712.9 728.7 745.9 764.7 779.3 794.5 811.6 831.5 848.8 867.5 889.8 896.9 898 888.6 886.8 899.4 914.9 934.1 949.7 946.3 921.9 899 879.2 867.8 857.4 850.7 839.6 829.8
540.2 542.3 547.5 548.6 553.5 561.4 565.1 570.4 576.3 581.2 589.8 599.4 608 632.5 653.7 670.7 684.1 706.1 724 735.8 743.9 739.2 719.3 700.4 692.7 686.5 669.9 650.7 641.5 633.5 627.1 623 623.2 624.8 629.3 628.9 631.6 635.4 637.8 640.5 646.3 644 654.6 663.8 672.9 682.2 691.2 701.8 711.9 728.3 743 756.7 770.8 787.2 803.5 824.7 843.8 863.4 885.4 900.8 910.9 928.4 919.3 926.6 940.2 956.4 971.7 964 929.6 913.6 893 877.8 865.9 866.7 852.2 843.8 826
544.4 547.4 552.3 554.6 557.5 566.5 572.7 575.9 583.1 589.5 597.8 608 621.8 641.7 658.7 687.9 704.8 716.6 734.7 749.1 759.1 754 744.2 735 720.8 704.8 690.8 678.7 668.7 655.4 650 644.9 641.2 641.4 647.9 649 648.6 650.1 651 656.4 660.5 661.6 665.9 673.8 682.8 691 701 709.1 724.9 739.4 756.6 769.3 782.6 798.5 814.3 834.1 854.2 876 895.8 909 921.9 934.6 947.1 967.6 980.3 989.4 979.4 949.6 920.3 908.1 891.6 878.2 874.8 870.8 863.3 845.7 827.9
549 552.3 555.2 561.9 566.5 568 577.3 582.9 588.9 596.6 607.8 616.7 629.5 646.9 674.3 692.7 705.6 726.8 740.7 752 759.3 771.9 774.6 770.2 754.8 734.1 723.9 705.5 700.1 689.7 673.8 667.7 664.3 665.3 664.1 664.7 665.7 666.5 659.1 675.9 675.3 681.5 669.8 682.6 690.9 699.4 708.6 720.8 736.7 753.3 768.6 783 795.9 808.5 823.6 843.3 864.9 885.1 901.5 915.1 929.8 947.7 965.9 984.4 997.5 1005.4 970.9 937.3 918.3 904.5 891.2 892 887.3 881.8 871.4 860.8 834.1
550.3 556.9 562.6 565 571.7 577 582 589.1 595.3 605.1 614.4 624.6 638.7 659.8 676.4 690.9 707.9 727.1 743.1 760 778.9 789 797.1 801.9 795.7 785.1 760.9 736.1 727 718.5 698.7 690.3 682.9 682.8 680.1 680.9 683.8 687.4 683.9 689.2 690.7 693.4 688.4 686.5 700.1 708.8 717.7 730.4 745.9 764.5 779.3 793.2 804.5 817.8 832.5 857.5 874.5 892.7 907.8 918.9 937.9 955 974 990.6 1003.4 1015.3 973.8 941.7 918.4 905.2 903.3 899.7 896.8 888.4 879.1 862.6 836.8
555.7 557 564 568.4 575.8 582.2 588.7 595.5 603.3 611.2 620.4 632 646.5 662.7 677.5 691.5 711.6 726 750 769.8 791.6 800.1 813.1 816.2 813.7 806.1 798.7 778 758.7 745.7 727.6 717.7 707.3 701 699 698.5 699.2 702 701.2 701.3 702.1 702.4 700.5 700.4 705.4 717.8 727.8 740 752.9 773.6 786.3 800.1 812.9 824.4 849.4 867.3 881.5 897.4 912.5 927.7 945.5 962.7 979.7 993.9 1008.2 1020.4 981.9 946.5 924.4 911.3 910.7 908.7 897.4 899.7 884.6 865.7 838.3
557.3 561.3 569 573.8 582.3 589.5 597 600.8 607.7 615.5 626.1 637.8 652.6 664.6 677.9 694.3 711.4 730.2 755.5 775.9 789.4 807.3 810.6 810.5 811.1 808.2 801.6 790.8 777.2 768.6 751.8 740.3 726.2 718.4 717.3 715.6 714.6 713.6 711.6 712.5 712.5 711.1 710.6 712.1 709.7 725.1 735.9 746.7 757.9 778.5 791.2 805.8 819.2 834.9 859.4 875.8 891.9 906.5 919.4 934.8 950.8 967.4 984 997.9 1011.7 1012.4 1000.7 965.8 930.8 926.8 925 918.5 907.4 903.6 888.7 870.3 845.8
567.5 570.6 570.2 579.6 587.1 594.4 601 607.1 612 620 630.9 643.2 654 663.9 679.9 694.1 713.8 734.1 755.7 773.5 789.3 796 799.4 808.8 810.6 805.9 800.3 797.4 789.2 778.5 763.1 753.3 744.5 734.4 731.6 730.3 727.8 725.8 719.9 722.8 720.1 719.2 721.4 726.4 724.2 732.6 742.7 751.6 764.4 783.3 796.9 810.5 830.5 846.4 868.5 884.6 898.4 911.6 925.1 941 956.3 973.3 989.6 1004.9 1015.3 1021.7 1021.7 974.6 950.5 939.6 934.8 927.2 914.2 902 891.6 880.2 855.4
573 577.9 576.7 580.4 590.7 599.9 605.4 611.5 617.3 625.3 635.4 645 655.5 666.4 679.5 694.9 713.4 731.6 750.3 767 776.1 784.3 791.1 804.2 807.5 803.8 802.7 802.2 799.1 789.4 777.5 769 757.9 750.7 746.4 741.8 738.8 736 733.9 731.6 731 730.8 732.9 736.4 738.1 741.8 749.5 758.8 770.8 787.7 803.1 821 839.5 852.5 874.3 892.8 905.4 918.5 934.7 949.1 964.8 982.7 997.4 1009.5 1018.1 1031 1032.8 991.1 982 959.6 939.2 926.7 916.7 908.8 897.8 889.7 868.6
576 583.5 584.3 587.6 589 600 606.8 614 621.1 629.1 638.2 647 655.9 668.4 681.6 695.1 710.6 726.6 744.1 757.8 768.7 777.1 786.4 798.5 803.9 807.5 809 805.7 800.8 798.4 791.2 780.5 772.1 765.4 757.1 750.6 746.6 740.9 742.2 741.6 741.3 741.5 744 746.6 748.8 748.6 756.9 766.2 776.6 790.7 810.5 828.9 845.6 857.6 878 897.3 913.1 926.7 943.5 959.3 974.5 990 1003.2 1013.3 1026.5 1038.4 1037 1021.8 1023.3 970.6 946.7 929.1 921.6 912.8 905.6 895.1 886.2
576.9 581.5 587.6 590.9 597.4 601.9 610.6 615.4 624.5 633.8 642.3 652 659.9 667 679.1 694.2 707.7 721.3 735.4 749.7 760.3 771.9 780.7 791.8 800.2 809.3 811 809.9 810.7 807.5 803.5 794.7 782.6 772.8 762.9 757.5 752.8 753.3 751.2 751.6 751.2 753.3 754 754.9 757.6 758.3 766.5 775.1 784.4 796.8 812.2 832 847.6 863.8 879.6 899.7 916.5 932.6 948.8 966.4 982.3 997.2 1006.6 1021.3 1035.8 1048.6 1053.1 1063.7 1027.2 988.4 951.7 939.7 926.9 917.6 909.8 913.7 900.7
584.2 581.1 590.4 595.9 602.9 609 612.9 621.5 626.4 637 647.2 656.3 667.2 673.9 681.9 693.1 703.2 714.8 729 742.3 752.4 764 777.7 790.3 802.3 809.9 814.4 817.2 819.4 821.8 814.8 802.6 786.3 778.2 770.9 762.5 761.4 761.5 761.4 762.9 762.9 764.9 764.8 767.5 766.7 763.4 775.4 783.8 792.6 800.9 812 827.5 845.4 861.7 880.4 898.5 916 933.9 951.9 970.5 987.8 999.9 1014.1 1028.6 1042.7 1053.3 1072.1 1085.8 1036.8 998.9 970.5 947.2 939.4 923.3 927.8 920.9 916.8
591.3 596.5 592.6 601.2 610.2 616.8 622 625.8 633.9 642.3 652.4 660.9 670.8 678.3 684 691.1 699.9 709.8 718.7 733 746.1 762.5 777.6 788.4 801 812 820.9 826.5 829.2 829.5 812.5 802.5 792.8 782.8 772.3 768.9 770.6 771 771.4 773.3 773.3 774.8 776.7 777.3 776.5 776.4 783 790.4 798.2 805.6 814.1 825.9 843.4 860.5 877.4 895 912.5 930.2 950.6 972.6 990.4 1003.7 1019 1033.3 1049.6 1067 1086.1 1086.7 1051 1016.5 993.1 957.1 943.2 932.6 929.4 922.9 926.9
599.2 602.3 600.1 608.9 615.6 623 627.9 632.1 638.5 646 657.7 667.1 675.3 682.4 688.5 693.3 700.1 707 717 727.5 745.3 762.2 776.4 787.8 803.2 814.9 826.6 832 832.6 821.3 812.6 805.1 794.6 779.4 778.3 779.3 780 781 782.7 781.1 782.5 783.4 784.2 783.9 785.5 784.1 790.5 795.5 802.5 810.1 818.9 830.3 845.9 859 873 891.2 907.5 923.6 945.2 971.2 987 1002.9 1020.8 1039 1058.2 1075.9 1089.2 1100.3 1064.9 1035.9 1011.4 976.6 956.7 941.5 932.9 933 934.6
607.1 609.1 612.6 615.4 622.4 628.4 633.9 638.5 644.8 653.8 658.5 675.9 681.4 686.1 690.7 695.2 701.4 708.9 717.1 725.8 743.6 759.6 775.8 789.3 803.9 816.5 827.7 833 828.2 820.9 814.6 805.2 792.6 790.4 789 788.3 790.8 791.1 791.4 790.5 791.7 791.9 791.4 792.7 795.8 795.2 796.9 800.9 806.5 815.3 824 834.2 848.2 862.4 878.9 896.5 912.5 928.6 946.6 963 978.7 998.7 1019.5 1042.3 1063.9 1079.8 1093.1 1101.2 1088.4 1066.4 1030.3 1003 992.8 979.1 965.9 961 966.6
615.7 615.3 619.5 619.6 628.2 635.2 639.3 644.9 654 665 672.8 679.1 684.6 688.6 692.9 698.8 704.9 711.9 719.4 730.7 745.9 756.6 776.8 789.6 803.2 814.8 827.8 829.8 824.9 818.8 815.7 803.7 802.5 799.6 802.6 803.3 804.3 801.7 806.2 801 800.8 799.8 800.2 803.1 803.6 802 802.7 807.2 812.9 821.7 831.7 842.4 853.6 865.4 878.9 893.1 916.5 945.5 960.4 965.6 975.2 990.2 1016.5 1047.5 1066.9 1081.8 1094 1104.5 1111.3 1095.2 1051.7 1051.7 1017.4 1013.1 1002.5 1007.1 1007.2
628 624.3 626.5 628 635.5 642 646.8 654.8 664.4 672.9 678.6 683.4 686.5 688.3 696.3 702.6 709.4 715.1 720 731.7 742.7 755.2 776.5 789.1 803.7 815.1 825.5 827.6 826.7 822.4 817.2 816.9 811.9 817.7 818.3 816.1 815.6 818.8 812.4 808.7 809.3 809.8 808 808 808.8 808.1 808.9 813.6 820.2 830.2 839.7 847.3 857.6 867.3 878.1 894.9 925.9 955 961 970.9 979.2 992.9 1020.3 1048.1 1069 1084.7 1096.7 1106.1 1111 1111.2 1105 1094.1 1067.8 1051.2 1038.2 1036.1 1061.9
638.7 636.4 634.3 637.8 642.5 647.8 655.2 661.8 671.5 677.8 681.5 685.3 690 694.6 697.2 704.7 710.2 716.8 721.5 729.6 741.3 755.5 773.9 789.9 804 815 824.9 833 833.9 830.5 827.2 824 824.5 830.2 832.3 826.2 830.5 824.5 819.1 816.7 816.8 817.4 813.8 813.2 813.2 813.8 815.9 822.2 828.6 837.2 846.5 854.2 861.3 867.7 879.8 904.2 936.5 950.5 957.4 967.7 984.1 1010.7 1027.5 1049.8 1072.4 1088.3 1099.2 1105.8 1110.3 1112.5 1112 1108.3 1102.2 1095 1080.1 1079.3 1085.8
655.2 644.9 643.3 643 648.3 653.5 662.5 670 675.5 679.4 684.1 688.7 693.9 698.9 703.1 707 709.4 717.9 723.8 729.8 741.4 757.7 771.9 786.8 801.2 813.7 823.7 831.7 835.7 838.3 837.9 844.8 845.4 840.7 841.3 842.4 834.8 829.2 826.3 824.2 823.6 824 821 817.4 819.4 823.3 826.9 830.9 838.6 846.2 852.8 859.5 866.4 874.3 888.9 914.8 935.9 947.1 955.4 969.3 993.2 1018.4 1037.9 1057.7 1079.5 1092.6 1100.2 1105.7 1108.2 1109.5 1108.4 1104.6 1100.8 1095.1 1090.7 1086.9 1084.9
670.7 656 651.4 652.1 655.9 664.2 661.3 673.2 678.9 682.9 687.7 692.3 696.6 701.3 705.6 711.2 715.4 719.2 726.7 732.2 745.2 759.8 772.2 780.8 795.4 807.9 820.8 832.1 839 844.9 858 866.6 861.6 857.3 850.5 842.7 835.1 831.6 832.9 831.4 831.6 831.3 828.9 826.4 828.2 834.5 839.1 843.5 849.6 854.8 858 861.9 874 886.5 903.3 921.4 932.5 941.1 961.7 982.4 1005.9 1036.9 1058.2 1075.3 1089.9 1098.6 1102.7 1104.4 1105.8 1105.5 1103.5 1101.9 1098 1092.1 1087.7 1084.7 1081.2
