Game/Highland_Data/StreamingAssets/GeoData/Data/nn/NN49.asc
ncols 200
nrows 200
xllcorner 240000
yllcorner 790000
cellsize 50
[rows 35 to 69 of 200, columns 0 to 77 of 200]
685.5 676.4 669.4 658.8 648.5 638.9 632.4 629.6 639.6 652.9 660.5 668.9 679.9 692.2 703.9 716.9 729.6 749.5 755.3 747.6 745 743.5 744.5 744.4 746 761.5 773.4 781.7 797.1 812.7 820.4 824.9 828.2 835.9 835.4 831.1 830.9 824.6 816.8 811.2 802.1 789.7 781.3 772.2 764.1 754.8 751.6 743.5 733.5 724.9 717.9 708.4 703.3 694.8 686.5 679.8 672.5 662.1 651.6 632.6 606 586.5 583.7 582.5 581 577.6 574.8 579.7 582 578.9 575.5 570 552.3 548.6 552.8 556.6 566.6 583.4
698.1 688.4 681.5 669.1 657.3 646.2 635.3 642.9 652.8 661.9 669.9 681.3 693.8 707.9 719.1 738.6 752.2 773.9 765.2 760.3 757.4 756 754.8 770.8 780.8 789.9 788.7 798.3 811.3 821.8 826.2 829.3 833.4 839.2 837.4 834.3 832 829 834.2 829.2 821.3 809.6 796 783.3 771.6 767 760.5 751.8 742.7 734.7 728.7 718.9 712 704.2 694.7 688.6 681.7 673.9 664.7 643.7 613.5 590.9 589.6 586.5 581.7 580 581.8 582.6 581.3 577.7 576.9 569.1 566.4 542.8 544.7 549.6 551.8 566.6
713.4 701.5 691.8 678.3 668.1 655.1 648.8 655.1 663.6 674 682.5 694.2 706.5 721.5 736 757.1 766.9 780.3 775.5 773.7 777.6 781.4 788.5 787.9 803.8 814.5 814.9 817.4 823.6 827.1 829.3 832 836.6 838.5 835.7 836.1 834.2 839.1 843.9 842.8 835.3 826.4 813.2 796.4 785.8 778.7 772 765 756.9 747.7 741.4 734.2 724.4 717.2 708.6 703.2 695.4 689.3 679.1 660.3 629.2 604 597.5 591.1 584.6 589.1 585.9 584 582.3 578.8 576.3 564.8 553.2 547.8 540.4 541.8 544.7 551.1
734.3 714.1 702.4 688.4 677.5 655.4 666.1 670.6 678.9 688.6 698.2 708.9 721.8 735.5 750.8 765 776.8 795.6 797.5 802.9 805.6 810.6 816.8 829.4 838.3 843.1 831.4 827.6 827.8 830 830.5 832.5 834.1 834.2 833.3 832.6 836.2 841.6 844.8 843.6 841 832.7 820.6 805 800.9 793 786.9 782.4 774.2 761.3 753.4 748.3 742.9 735.3 729.1 722.3 715.2 711.3 702.3 693.1 674 624.7 597.3 593.8 593.3 590.2 589.7 586.7 584.1 582 574.9 564.5 560 550.1 538.2 535.1 543.4 542.8
755.1 727.2 710.4 695.3 677.6 674.7 678.5 683.8 692.8 702.2 711.4 721.4 734.2 745.2 762.8 776.6 803.8 816 813.6 821.1 824.1 830.9 838 849 861.8 852.7 838.9 834.1 832.1 830.9 829.1 828.6 829.8 830.6 830 829.5 832.7 839.3 840.7 839.2 838.3 834.3 820.3 823.1 821.2 814.5 805.8 799.5 792.9 782.5 772.5 763.2 757.6 754.6 748.7 741.7 735.7 736.3 735.5 722.7 703.9 657.4 611 608.7 602.4 597.8 594.3 591.4 586.5 581.9 574.4 569.1 557 552.2 546.9 536.3 528.2 535.5
751.9 732.1 714.2 698.5 676.5 685.3 689.6 696.6 706.4 715.8 723.7 732.8 743 762.5 793.9 809.3 832.9 831.6 827.9 833.3 835 840.2 847.2 859.8 872.3 860.2 845.6 836.3 832.2 829.9 827.2 823.1 823.5 824.8 824.2 824.6 826.7 831.3 833.6 835.5 834.6 828.7 831.5 836.5 835.6 831.5 823.8 816.9 811.5 800.1 793.6 784.3 776.3 772 768.2 763.6 760.5 757.8 753.8 750.4 725.6 688.6 635.2 619.8 614.9 606.9 601.7 597.3 591.7 587.1 578.5 569.3 559.6 550.3 544.5 530.4 528.1 525.4
746 730 715.1 696.8 690.4 693.8 700.7 709.9 719.9 729.1 739.5 752.5 783.3 802.4 830.3 844 846.1 843 838.7 841 842 847 853.3 864.1 873.3 865.8 847.7 836 831.8 828.3 821.7 817.4 817 817.8 818 818.2 819.9 824.3 826.7 829.7 828.2 830.8 837.9 844 844.9 843.4 838.2 827.8 822.1 812.6 809.3 803.3 800.5 792.4 791.5 790.2 782.5 773 769.9 764.8 748.1 712.1 677 639.4 625.5 618.9 611.7 605.7 600.5 591.5 581.8 571.5 561 549.7 540.9 530.6 526.5 523.2
736.8 725.4 712 697.4 697.1 704.8 711.9 721.5 734.3 753.3 775.4 807.6 832.5 848 858.8 857.1 851.8 851 845.2 844.8 845.9 850.7 857.4 866.2 873.5 866.5 845 834.4 828.7 823.1 815.9 811.5 808.9 808.1 808.2 808.1 810.7 815.4 818.4 820.7 822.1 828.3 838.5 848 851.8 853.8 847.1 832.9 824.2 815.1 813 811.8 806.5 802.9 803.6 801.4 794 783.7 786.3 780 762.7 729.3 683.7 653.6 640.9 630.3 621.8 615.4 608.2 599.2 587.1 576.3 564.3 552.8 539.1 528.7 523.9 520.3
727.4 719.5 711.3 697.3 704.9 713.9 724.1 736.3 756.3 783.5 809.3 833.3 851.8 866.9 872.1 864.3 853.5 850.7 847.5 846 848.5 853.9 859.3 865.1 869.6 863 844.3 830.4 823.4 816.7 810.6 803.2 798.7 795.3 794.4 794.3 799.3 805 808.3 811.9 815.7 821.6 834.8 846.9 852.3 851.2 845.2 834.8 820.2 811.1 808.3 809.6 805.3 804.8 803.1 801.2 796.4 788.1 796 797.4 779.1 736.4 705 675.3 659.8 646.8 634.4 624.1 616 607.1 594.6 580.8 567.5 553.4 538.5 528.9 522.7 519.4
722 716.5 707.2 705.6 715.3 723.9 734.4 751.7 777.2 801.3 824.4 846.6 867.6 880.1 877.1 867.5 852.1 848 846.2 846.1 849.7 854.1 858.2 863.2 868.6 860.2 841.5 824.9 818.2 808.4 801.8 792.6 786.3 783 781.4 782.1 786.6 793.6 798.3 802.3 809.5 817.1 826.5 842 848.8 845.7 839.4 830 814.8 806.5 802.6 801.3 799.7 799.9 798.8 797.1 794.3 794.4 799.8 800.3 788.7 773.8 739.2 713.6 682.7 665 650 634.8 625.2 614.8 601.6 587.6 571 557 541.1 529 522.9 517.8
718.1 714.1 709.7 715.4 723 732 746.1 770.1 793.9 814.5 835.7 856.4 876.1 880.6 879.1 868.3 849.7 845.4 846 845.8 848.8 852.8 856.5 859.5 866.2 856.8 836 821.1 811.9 799.5 793 783.6 775.1 770.2 767.9 769.9 776.6 783.1 789.9 796.4 801.5 810.9 823.3 836.7 839.6 839.3 834.8 824.5 811.2 799 795.9 793.6 792.1 793 793 792.7 792.6 792.6 795.4 795.8 791.7 787.4 777.4 749.6 718.4 688.2 663.2 648.9 637 624.2 610.9 595.4 578.2 562.1 546.2 532.9 521.7 516.3
715.8 713.9 715.2 721.8 730.3 742.3 758.7 781.7 806.3 825.2 844.3 862.2 878.9 881.5 876.4 867.8 847.6 844.5 844.6 844.4 846.5 850 853.2 855.6 857.6 847.7 828.2 815.1 800.6 788.5 781 773.6 761.4 756.8 753.3 755.9 765 773.5 782.9 792.3 798.1 804.9 813.6 825.7 829.3 832.1 827.8 817.1 801.7 791.5 787.3 784.2 781 784.1 785.1 785.6 785.2 786.3 788.9 789.7 788.9 789.9 783.9 769.3 749.6 722.9 691 664.1 650.9 635.7 619.9 602 584.2 567.8 552.3 541.4 529.7 516
714.5 715.6 718.8 727.4 738.2 752.3 767.4 790.9 814.3 832.9 848.8 862.2 874.9 877.6 874.4 864 846.5 842 841.7 841.8 842.5 845.2 848.9 851.1 847.2 835.7 820.8 803.7 787 777.7 768.3 758.3 750.3 743.7 739.1 743 752.5 762.7 773.2 784.4 792.4 799.8 810 815.8 823.8 831.5 824.2 807.6 792.4 781.8 777.5 773.2 770.7 772.7 773.2 774.1 773.8 776.7 780.3 782.7 784.1 785.4 781 773.5 753.8 732.1 707.8 689.3 668.3 648.6 630.6 610.2 591.8 572.8 556.7 544.7 534.9 525.6
713.8 716.5 721.8 731 743.4 756.8 772 795.1 812.5 832.8 848.6 861.4 867.5 870.1 868.6 859.8 845.3 839.1 836.8 835.7 836.8 839.8 841.7 841.9 836 825.9 805.1 789.6 775.3 766.1 756.3 746.5 737.2 731.3 727 730.8 740.3 751.2 763.7 776.4 787.3 794.4 802.4 809.8 813.7 818.9 814.4 799.6 785.2 768.5 766.1 758.9 758.2 759.4 759.4 761 762.2 766.8 771.2 774.7 775.7 779.1 779 773.7 756.2 732.5 718.5 701.9 683.1 665.6 644.9 621.2 598 576.6 560.5 547.1 537.5 529.6
712.8 716.8 722.4 734.4 746 757.2 772.9 794.3 809.3 827.8 843.7 855.2 860.1 862.8 862.1 853 839 835.1 831.3 829.8 831.3 834.1 835.4 835.9 828.6 816 790.5 775.6 764.6 754.7 743.7 732 723.3 719 712.5 718.9 727 739.6 753.2 766.6 778.7 788.3 796.6 803 806.2 809.9 807.2 792 779.8 764.6 753 748.5 746.4 747.3 749.5 751.5 753.5 758 761.3 764.5 765.8 768.3 768.7 764.2 748.4 729.9 722.9 709.1 697.5 679.8 657.6 638.6 600.6 580 563.6 550 539.3 532.1
711.3 716.1 724 736.9 746.4 758.6 772.4 791.9 804.4 820.9 836.6 846.9 852.5 855 853.7 846.5 835.7 829.9 825.5 823.6 825.3 827.3 828.1 829.9 819.9 799.8 776.7 765 753.4 741.3 729 718.2 710.7 707.3 701.3 705.4 717.8 730.1 742 759.7 774.1 784.1 792.5 798.7 797.8 798.3 792.9 781.4 772.8 758.1 744.7 737.7 735.8 737.1 740.2 742.6 745.2 748.3 749.5 753 755.3 754.7 755.1 751 743.5 727.9 718.2 706 701 681.5 660.2 644.9 600.6 582.1 566 552.4 541.2 531.7
710.1 715.6 724.5 735.5 746.4 759.2 772.3 788.7 802.8 816.3 827.5 837.7 843.3 847.6 849.1 842.4 829.6 823.4 818.6 816.5 818 820.4 820.8 820.5 809.6 784 765.1 753.1 740.1 727.4 715.8 705.6 698.8 696.1 693.9 696.6 710.5 721.7 736.2 754.4 767.3 775.3 783.6 787.9 784.9 786.4 780.6 771.9 765.1 750.1 736.5 730.5 727.6 727.3 730.9 734.7 736.4 738.7 739.7 741.7 742.9 743.2 741.3 734.4 726.7 718.5 707.5 701.1 694.4 681.6 660.6 636.5 593.5 581.8 567.3 554.2 542.9 532.9
707.9 712.9 722.7 735.3 746.2 758.5 770.9 785.8 799.6 811.1 821.7 829.8 835.6 841.2 843.9 838.5 825.1 816.9 809.8 807.7 810 811.8 812.8 809.8 793.3 776 757 741.2 727 714.8 703.4 693.1 687.4 686.3 683.2 689.1 700.2 712.5 731.3 745.7 758.2 765.4 773.2 774.6 773.6 774.6 769.2 760.4 754.5 738.3 727.7 722.6 718.3 718.7 720.1 724.1 725.6 725.8 727.1 728.9 729.7 725.3 723.7 717 713.3 706.7 702.8 695.4 683.6 667.9 652.3 621.1 596.9 580.6 567.5 554 542.7 533.6
706.7 713.1 722.4 733 744.9 756.8 768.9 782.2 794.2 807 816.3 823.2 829.4 834.7 837.8 834.1 820.2 813.4 800.2 798.3 799.4 800.7 801.2 796.7 782.4 763.4 742.1 727.6 716.1 701.5 690.9 679.9 676.2 678 666.6 681 691.9 702.8 721 736.2 747.6 753.3 758.6 763 764.9 764.6 760.6 750.3 737.9 725.3 717.4 711.2 709.3 708.8 710.3 712.4 713.7 713.7 716.9 718.5 720.5 711 706.2 703.4 699.5 696.7 690.8 682.4 673.1 656.3 643.1 620.2 598.8 581.3 566.8 556 543.9 534.1
704.8 711.9 720.1 729.9 742.4 753.2 764.8 777.1 791.8 800.1 808.2 816.1 823.2 829.6 831.5 825.4 814.5 808.3 791.5 789.8 789.3 788.8 788.5 787.6 772.5 748.5 729.2 715.5 704.5 688.9 677.4 667.9 663.9 668.3 656.5 673 682.9 691.8 708.6 723.4 733.2 738.1 745 748.1 749.1 751.6 748.3 740.6 729 718 706.6 699.9 699.2 698.9 699.3 701.7 704.5 705.1 704.6 709.1 707.1 702.2 695.5 690.8 688.7 684.4 679.7 672.9 659.1 646.9 634.2 617.6 599.1 582.3 567.6 556 545.4 534.6
705.2 713.8 719.2 728.9 739.7 749.8 759.9 773.3 788.2 793.7 801.1 807.8 817.2 823.8 826 821.6 813 799.2 784.1 778.6 776.9 776.7 774.7 774.8 755.2 734.4 716.7 700.3 689.8 676.5 663.5 652.8 646.6 655.2 655.3 662.5 673.4 683.6 693.8 707.2 715.5 723.8 731.3 730.9 734 737.1 731.6 726.8 721.9 708.8 697.9 690.8 689.4 688.2 689.5 691.5 695.3 695.6 696.3 700.5 699.4 692.7 686.6 682.8 681.1 676.8 671.4 663.5 653.9 645.3 633.8 616.8 602.7 585.9 571.6 557.3 546.4 535.4
705.1 715.3 721.9 729.7 738 746.9 755.3 766.5 779.5 787 794 799.6 810 816.2 818.5 813.4 810.8 795.1 777.1 763.3 762.2 761.3 760.4 756.7 737.4 722.7 700.6 687.2 677.6 664.8 650.4 641.6 639.4 646.7 644.8 651.9 662.4 674.3 682.8 694.9 701.1 704.3 709.4 713 719.4 721.7 717.7 718.6 713.1 699.7 688.6 683.6 681 679.3 680.4 681.1 684.6 684.5 687.1 693.5 688.2 682.8 678.7 674.2 672.5 670.1 665.4 662.1 651.2 642.1 633.3 623.2 604.8 591.3 577.8 562.9 550.3 535.7
702.9 713 720.7 727.4 736.3 743.7 750.4 761 774.4 780.3 785.9 791.2 801 805.4 809.5 807.3 808 792.7 772.3 756.6 747.6 747.5 745.2 738.2 727.3 706.5 685 674.7 663.1 648.1 638.9 633.5 631 633.1 635.9 638.9 651.2 662 670.3 681.3 686.2 688.5 692.7 697 703.5 706.5 705.1 707.8 701.4 691.2 681.7 676 672 669.6 669.1 670 675.2 675.2 677.3 680.5 679.6 675.7 671.8 670.5 669.1 664.2 661.9 658.9 653.4 643.3 638.1 625.5 615.6 598.7 582 567.4 551.5 535.7
701.1 710.2 717.3 723.1 729.7 737.6 745.3 753.7 765.9 772.1 778.7 783 790 795.5 799.9 800.2 803 791.5 769.9 751.6 738.7 734.5 729.2 719 703.8 686.2 671.4 661.9 647.9 638.1 630.4 626.8 625.1 623.4 624.8 630.5 637.2 647.9 656.3 666.5 673.4 677 680 685.9 693.8 693.7 692.8 693.6 689.4 685.2 675.8 668.8 661.7 659.2 657.8 659 662.6 665.3 671.9 674.9 672.1 668.4 665.7 664 663.5 661.3 661.3 660.5 654.3 644.2 637.5 632.4 621.2 605.8 587.2 569.4 551.6 535
700.9 707.6 718 720.9 723.7 730.2 736.8 744 754.1 761.6 766 774.6 782.8 787.3 792.6 791.1 793.6 789.6 772.4 749.1 734 719.5 710.7 697.4 683.6 668.9 658.5 649.2 638.6 632.8 623.3 619.8 617.9 616.9 617.4 618.2 623.2 630.4 638.4 647.7 655.7 662.6 667.6 673.4 679.1 679.4 682.5 686.8 684.8 680.6 672 664.2 657.7 650.4 646.2 648.1 650.4 656 664.2 666 664.7 659.1 657.3 657.8 657.1 659 656.5 653.1 648 643.5 639.7 635.2 624.7 610.1 593.2 571.5 551 534
701.3 707.6 713.3 717.6 718 722.5 728.4 735 742.7 748.2 754.4 764 772.9 778 782.6 783 786 785.6 776.8 753.3 733.4 715.9 699.1 685.5 673.3 661.6 649.4 642.4 633.3 625.7 622.4 619.5 616.5 610.4 612.4 611.1 611.5 616.3 621.8 628.3 637.2 645.8 655.4 662.5 666.8 670.6 677 680.3 679.6 674.4 669.3 661.8 654 648.4 641.3 638.9 641.3 645.5 652 654.3 653.3 650.2 649.6 652.4 650 652.4 646.9 642.4 642.3 639.1 636.4 627.8 618.7 611 589.2 567.9 547.8 530.8
700.2 706 710.1 711.5 711.9 713.8 718 724.6 732.5 737.5 744.1 754.9 763.4 767.3 771.6 773.7 778.5 777.9 769.7 759 740.7 720.7 699.9 683.5 670.7 656.2 649 636.2 632.3 625.1 620 615.1 610.4 603.9 597.8 605.5 603.1 604.3 609.3 617.4 624.9 634.3 644.2 652.5 657.7 663.9 672.8 676.2 671.4 667.4 666.6 659.2 648.8 641.2 632.7 630.4 631.6 634.1 638.7 641.4 641.2 639.4 639.8 641.1 641.5 643.2 639.1 635.8 634.2 632.4 629.1 622.7 618.9 604.9 582.1 560.9 543.7 524.9
698.4 703.8 707 704.4 705.5 707.8 710.1 715.5 722 726.5 735.6 744.2 751.2 757.1 759.9 763.4 768.2 768.9 763.8 758.3 743.6 725 701.5 683.5 671 661.5 650.9 641.5 632.9 618.6 614 613.5 606.9 595.9 597.1 602.6 598.1 595.6 598.3 606.6 616.3 625.5 633.9 642.8 650.2 655.3 667 665.9 659 658.8 657.8 648.3 639.7 633.1 628.6 624 623.2 622.3 626.6 628.3 629.7 629.8 632 634 633.3 632.8 630.6 628.5 625.3 622.2 618.7 611.2 602.4 584.6 566.5 551.9 536 518.7
691.3 697.7 699.6 697.3 697.2 698.3 701.5 706.7 711.1 716.3 727.7 735.1 742.1 747.7 749.3 753.7 758.4 760.3 758.7 753.7 744.6 728.7 708.3 687 673 663.6 653 643.3 632.3 623.4 611.3 602.8 602.3 597.3 586.6 595.9 593.1 589.2 591.2 597.5 605.9 613.7 625.1 633.6 640.6 644.9 651.3 650.1 646.2 643 643.9 639.8 634.8 628 620.9 617.2 615.4 614.7 616.9 619.3 620.2 621.6 623.3 623.8 623.4 621.6 618 614.7 610.6 605.1 602.5 594.8 582 566.7 552.8 539.6 527.5 513.9
684.2 689.4 692.3 690.2 688.2 689.4 692.4 695.8 701.5 709.1 718.4 725.2 731.9 737.6 740.5 745.2 750.3 752 751 748.7 743.6 732.5 713.1 692.9 679 668.4 658.1 644.6 629.9 616.9 609.8 601.7 590.7 591 587.9 576.7 582.8 582.2 584.6 589.4 599.3 608.6 616.6 623.2 630.2 636.7 640.6 640.5 637.8 641.6 639.3 631.7 627.6 620.7 614.5 607.9 606.5 606.6 607.3 609 611.4 613.3 613.7 614.3 612.2 609.7 604.7 599.5 592.7 589.2 583.6 575.5 564.2 552.8 542.1 530.5 520.4 510.3
674.2 679.5 680.1 680.4 680.8 683.3 683.4 688.6 693.9 699.9 708.5 715.3 721.7 728.3 731.9 736.2 741.3 742.7 742.4 743.1 738.4 726 712.3 698.6 687.5 677.5 661.8 646.2 629.7 612.2 604.1 597.8 587.7 584.5 578.4 572 574.2 574.3 578 582.1 591.7 600.5 607.3 614.3 619.8 626.9 631.2 630.2 630.2 634.8 629.4 621.4 615.7 609.6 604 600.2 592.9 597.7 598.3 600.3 603.5 603.8 603.4 602.4 599.8 597.5 591.3 585.9 578 572.1 566.3 557.5 547.2 541.1 531.5 521.8 513.5 504.6
666.3 666.9 671.1 675.1 674.1 676.5 674.8 681 685.7 690 696.2 704 711.3 716.7 721.4 725.7 730.3 731.5 731.6 731.7 727.1 718 711.1 705.7 689.2 679.9 659.3 642.4 627.5 610.3 599.9 590.7 582.2 576.9 572.8 563.4 566 566 569.7 576.8 584.4 591.4 598.6 603.4 609.9 616.4 619.9 618.2 621.6 620.5 613.5 609.9 605.7 599.7 594.5 591.1 588.3 590.7 590.6 592.2 593.2 592.9 591.2 588.6 585.3 579.4 573.4 569.9 564 559 551.1 546.5 540.8 530.9 521.9 513.9 505.5 497
660.1 663.3 665.5 667.9 667 669.4 667.6 670.6 675.8 680.9 687.1 694.2 700.5 704 707.2 713.3 717.6 716.9 719.6 719.4 719 710.9 710.4 700 688.5 671.5 653.2 636.1 622.7 608.4 594.9 584.5 573.6 569.6 558.5 558.6 556.6 556.8 564 568.2 577.5 582.8 589 593.3 599.1 604.3 603 602.8 602.9 599.7 598.6 596.5 593.3 589.1 585.4 583 580.8 581.4 581.4 581.2 582.3 582 579.8 576.9 573.3 567.5 562.6 558 552.3 547.2 540.8 536.8 530.3 520 514.2 505.7 498 489.2
657.3 660.9 661.3 662.8 662.8 660.5 662.5 659.6 664.4 670.4 678.5 685.4 688.7 693.6 693.5 695.4 699.8 703.5 707 708.8 707.5 703 695.9 689.9 681.3 662 643.2 628.3 616 602.3 589.1 578.4 569.6 563.3 556.7 550.3 548.6 548.2 555.4 560 566.3 572.5 578 583.5 588 589.3 588.9 588.2 586.8 586.4 585.8 585.6 581.7 579 576.2 574 570.6 571.5 570.6 569.4 571 568.5 565.6 564.4 561.8 556.8 551.3 547.2 542.3 536.6 530.4 525 519 510 504.8 497.7 491.2 483.4
656.3 660.8 661.8 662.2 662.6 661.7 656.2 654.6 654.7 658.5 665.6 672.2 678.1 680 680.3 680.7 682.7 687.7 691.1 695.5 692.5 692.5 689.2 680.7 664.6 646 630.5 621 606.3 594.3 582.8 572.1 561.1 555.6 549.9 546.5 542.4 543.1 546.6 550.3 555.1 562.2 566.1 569.1 572.3 573.1 573.8 574.7 574.5 574.2 572.4 570.6 569.7 569.4 566.7 565.1 562.6 561 561.6 558.9 559.2 557.3 553.5 550.9 549.4 545.7 540.2 536.4 531.5 525.3 519.5 513.9 507.2 501.7 496.8 490.3 484.3 480
