Game/Highland_Data/StreamingAssets/GeoData/Data/nn/NN53.asc
ncols 200
nrows 200
xllcorner 250000
yllcorner 730000
cellsize 50
[rows 35 to 69 of 200, columns 0 to 77 of 200]
629.1 638.4 649.9 652.4 644.6 629.4 627.6 627.7 626.1 614.6 598.2 576.3 550.7 524.1 516.8 500 501.7 489.6 486 487.9 490 493 496.7 503.1 508 520.9 533.5 534.8 544.1 551.4 558.7 566.1 573.2 580.8 586.8 593.7 596.5 601.1 603.6 607.3 610.6 612.8 615.8 617.9 619.6 620.6 620.9 622.2 623.9 624.3 621.6 618 610.1 599.3 588 572.4 553.3 536.8 518 505.9 497.1 484.2 472.6 462.4 453.9 443.3 439.5 442.7 443.6 441.7 442.1 444.9 434.7 437.4 436.2 443.9 452.8 441
615.2 624.1 631 627.5 620.4 620.7 617.1 617.7 613.7 602.9 582 567.3 557.2 537 519.2 496.5 485.8 481.9 474.5 476.2 478.8 476.1 480.5 482.5 490.3 502 512.1 519.4 526.8 530 540.3 549.7 557.7 565.9 568.9 574.5 574.9 580.2 584.1 589 591.9 596 600 603.5 605.4 606.3 605.9 607.5 608.6 608.9 606.6 603.8 598.7 590 577.8 561.8 545.9 531.4 514.8 498.9 488.4 477 465.4 456.7 447.5 438.3 431.1 437.3 439.5 438.6 440.4 439.2 430.9 432.1 435.3 447.4 452.6 433.8
602.2 608 607.7 607.7 609.4 604.5 603.7 607.1 602.1 592.4 576.9 566 558 554.4 532.9 504.9 485.8 471.9 466.2 466.9 463.3 460.8 461.7 468.7 476.6 485.7 497.6 502.9 510.2 516.6 525 528.8 535.8 542.3 549.4 547.9 556.2 559.9 562.7 568.4 573.2 578.3 581.4 586.3 587.7 588.5 589.7 592.3 592.8 593.2 591.7 588.6 583.8 577.8 565.5 554.2 537.6 524.4 507.9 492.1 480.1 467.5 456.1 449.3 441.7 433.4 426.5 432.7 436.2 432.9 434.4 434.9 428.6 420.4 438.6 440.6 422.7 424.8
583.3 586.4 593.2 594.9 595.8 591.9 590.9 591.2 584.4 572.4 561.3 553.5 550.7 545.9 534.2 506.9 488.3 471.6 462.5 460.6 454.7 451.2 460.9 454.4 461.1 472.5 480.9 487.4 496.1 502.9 504.7 508.5 514.9 522.5 522.9 528.8 533.8 535.6 541.3 548.8 552.3 557.5 563.1 567.1 568.3 570.9 574.2 573.7 575.4 577.4 576.7 573.1 569.3 564.8 555.9 542.7 528.3 515.8 502.5 487.7 476.1 461.5 446.8 439.1 435 426.5 423.6 426.3 428.6 426 427.6 430.7 424.5 413.4 421.5 417.5 420.1 432.6
566.6 567.7 570.6 573.7 575.5 570 574.3 572.3 565.5 555.6 546 537.8 536.3 534.4 519.3 499.3 478.2 463.5 457.6 458.5 449.4 445.1 444 441.4 448.1 455.7 464 474.7 478.5 485.5 487.3 492.5 497.7 499.3 506.6 512.4 515.6 519 524.7 529.5 528.4 537.7 540.6 546 551 554.5 556.2 559.7 557.4 560.6 560.3 558.8 554.9 551.5 543.3 532.6 519.6 508.7 492.9 481.8 469.8 457.6 442.9 430.6 426.2 417.8 415.4 420.1 421.8 419.8 419.6 421.7 412.8 403.4 401.4 404.1 423.7 437.1
544.7 545.7 550.2 556.7 559 553.2 556.1 557.5 553.2 542.2 528.2 524.1 515.8 510.9 499.5 484.5 468.7 450.8 448.2 450.3 439.5 433.5 438.7 430.3 438.7 444.4 451 460.8 463.4 467.6 472.9 479.4 485.1 488 490.4 494.3 498.9 501.3 508.2 508.3 511.4 517.8 519.1 525.6 528.2 533.3 537.8 540.6 542.7 543 543.2 543.5 542 538.9 533.7 524.4 513.9 500.8 489.2 472.5 464.5 450.3 437.7 425.9 417.8 411.5 410.4 412.9 413.4 415.3 411.6 409.1 401.5 387 392.4 416.4 425.7 435.7
519.9 526.9 533.2 535.8 535.6 537 537.7 534.7 529.3 528.1 514.9 503.7 498.6 489.8 475.4 467 455.6 444.3 433.3 430 427 424.9 428.9 424.7 429 433.1 439.2 450.1 451.4 453.4 459 463.2 468.1 473.8 476.6 478.9 482.5 484.8 488 487.6 498.8 498.5 500.7 505.6 506.1 509.4 516.9 522 524.1 526.4 528.5 529.2 527.8 525.6 521.5 512.3 503.3 493.6 482.4 469.1 454.8 442.3 432.4 421.6 413.6 403.5 401 404.3 406.8 406.1 400.7 393.9 387.4 376.5 397.6 413.1 421.4 426.5
502.7 509.9 516.3 519.6 513.9 515 514 508.9 509 503.1 495.1 483 480.7 470.8 461.8 451.6 442 433.1 422.6 421.5 423.8 420.6 415.8 421.1 425.4 428.7 430.8 437 437.5 441.4 448.3 453.4 453.5 461.1 466.3 467.4 465.5 466.4 467.9 471.8 476.9 477.2 480 482.7 484.8 493 497.6 501 503 506.4 510.8 513.5 513 511.5 508 502.8 494.9 484.1 476.3 464.2 445.7 438.3 427.8 415.5 406.9 399.8 393.5 397.4 396.7 399.9 391.9 372.6 367.7 383.6 399.4 412.4 416.6 436.2
481.8 488.5 493.5 489.6 491.5 491.9 487.8 487.9 488.1 478.2 470.3 463.1 456.7 450.3 443.5 435.1 424.7 419.1 412.2 413.7 415.4 408 409.8 415.8 419.8 421.7 423 428.2 428.2 431.9 435 439 443.4 445.8 448.4 447.3 447.6 451.8 451.7 456.4 455.7 456.7 459.3 463.8 467.6 472.9 475 481 478.8 487.1 490.2 494.2 496.1 495.5 493 489.1 482.9 476.2 465.9 454.9 441.2 431.1 421.2 409.7 400.5 391.7 384.8 387.4 388.8 390.8 378.6 358.4 372.8 387.1 400.3 417.6 422.3 430.2
460.8 472.4 468.2 471.3 470.1 464.3 461.8 461.6 457.2 450.2 448.5 445.7 442.2 443 432.5 420.2 412.3 405.2 404 399.7 401.2 396.4 398.9 403.9 408.7 410.9 414.8 420.3 416.6 421.4 420.7 428.3 430.7 429.1 432.9 433 434 437.5 435.1 439.3 439.8 440.3 442.8 448.1 452.8 454.8 458.2 457.1 464.1 466 470.5 474.7 477.5 478.5 477.5 473.1 468 463.2 457 444.2 436.5 425 410.8 401 392.4 387.4 379.2 376.3 379.4 379.7 362.1 356.6 370.6 385.5 394.2 400.3 414.1 432.4
441.1 450.1 446.7 445.8 442.1 441.6 439.4 438.4 435.7 432.5 429.2 426.4 425.5 421.8 411.1 405.5 404.3 399.9 394.5 387.5 388.3 383 386.5 393 395.4 399.3 402.3 406.2 403.6 405.7 410.5 416.4 416.6 417.7 421.5 422.8 421.3 420.7 423.6 423.8 425.2 428.6 430.6 432.3 436.1 438.8 441.8 442 444.6 446.2 448.7 453.9 457.8 459.8 460.4 458.1 455 451.5 444 434.6 425.2 416.4 402.2 394.6 387.2 379.5 375.7 365.5 369.6 366 349.9 352.8 371.9 381.3 394.3 402.6 419.4 435.6
413.2 415.7 418.4 418.7 417.3 419.1 415.9 413.7 410.5 410.7 410.7 409.8 406.3 404 397 394.5 392.1 380 376.8 374.8 371.8 379.6 374 380.3 382.7 386.6 392.2 393.7 391.1 396.7 397.1 397.1 400.5 406.2 406.8 412.8 408.6 409.7 412.9 411.2 414.4 414.1 417.2 420.8 423.2 426.1 428.5 429.2 424.7 431 431.3 433.1 436.2 438.3 440.5 442.5 440.3 437.7 432.7 423.4 411.9 401.8 396.7 385.4 377.7 374.3 370.3 352.4 356.2 352.2 336.3 351.7 359.5 370.3 387.7 409 419.7 437.8
388.1 392.6 394.5 393.6 394.1 395.1 391.1 390.1 390 389.8 389.6 388.9 386.9 388.6 385.4 384.4 379.9 369.4 364.6 363.8 357.9 366.5 361.6 369.3 369.7 372.4 377.5 380.5 377.1 381.6 382.6 383.5 383.3 387.1 392.3 392.8 393.9 396 397.4 398.6 398.9 401.8 404.5 408.5 412.8 410.8 411.6 413.2 409.8 413.9 415.9 417.1 418.8 421.3 423.1 426.1 424.4 423.4 420.1 411.9 400.6 392.5 385 380.8 370.5 367.6 367.1 343.7 343.1 336.6 327.9 345.7 365.2 372.9 394 411.8 422 441.3
364.4 366.5 366.1 368.7 370.7 371.4 370.3 371.7 372.8 370.8 369.5 367.8 369.6 369.9 367.1 364.6 358.9 357.3 353.3 354.5 349.3 350.3 348.9 351.6 352.2 354.5 362 359.2 367 370.2 373.9 370.9 368.7 375.8 375.4 374.4 380 377.9 380.1 381.7 386.1 391.2 392.6 391.9 391.2 392.7 396.3 396.8 394 398.4 400.3 401.6 404.7 405.2 408.1 408.6 409.2 408.5 402.6 398.9 393.2 386.8 379.7 371.8 365.6 359.8 354.7 338.2 326 322.7 330.8 352.3 358 373.3 397.3 406.6 427.8 441.5
342.3 342.9 347 346.9 352.6 353.4 351.9 349.2 353.1 353.4 355.6 352 350.3 349.2 348.9 349 346.7 344.4 346.6 349.5 343.3 341.3 340.8 337 334.5 338.3 343.1 342.5 346.7 357.4 359.7 354.4 359.6 364.9 364.6 366.5 366.2 370 372.4 373.6 373.9 376.8 377 372.9 372 378.5 378.3 377.5 380.8 381.3 385.3 387 390.4 392.2 392.1 394.1 391.9 390.7 388.9 388.4 382.4 376 371.2 364.1 357.2 353.1 341.7 329.3 311 314.2 339.6 347.1 358.3 375.8 392.4 418 430.2 444
322.4 325.4 329.8 333.1 330.7 331.5 327.6 326.9 333.6 331.2 333.4 331.7 332.9 337.9 333.7 336.6 330 329.7 333.7 338.8 334.6 327.6 327.7 316.6 327.4 331.3 328.7 327.2 333 338.6 338.8 345 349.7 351 352.2 356.1 357.4 359.8 362.8 363.4 360.7 361.6 356.2 354 362.1 362.9 366 364.1 364.1 367.1 367.9 371.1 375.5 377.9 377.9 379.3 375.9 376.6 376.9 373.5 370.9 368.2 362.3 354.9 350.1 339.7 334.1 313 306.2 324.6 335.8 339.2 360.7 380 402.7 416.6 430.3 448.2
312.6 309.9 314.4 313.3 308.3 310.6 304.3 304.7 309.1 306.2 306 306 309 312.4 313.3 309.3 313 316.3 321.5 321 319.1 308.8 307.2 304.4 311.3 314 309.6 316.4 321.1 325.2 322.8 326.8 328 333.8 338.4 340 346.5 346 349.3 352.3 346.2 342.2 340.8 338.9 347.1 348.6 350.5 345.6 349.9 351.7 352.4 355.8 357.1 361.7 362.2 360 358.2 359.9 361.6 360.4 356.6 354.4 349.7 346.9 344.7 334.3 326.3 301.8 306.3 324 324.4 341.9 362.9 383 402.7 418.7 435.9 450.4
293.5 291 295.5 288.5 288.8 285.6 288.8 285.1 285.1 284.5 287.9 288.9 288.3 289.2 285.5 293.6 303.5 303.5 307.6 303.3 297.3 288.8 289.5 293 298.2 296.6 291.1 298 312.3 312.7 310.5 306.6 310.1 319.8 318.5 329.4 332.5 331.5 333.6 330.8 326.3 327.1 329.6 331.1 328.3 331 331 327.8 337.5 338.6 338.7 338.4 346.1 345.3 342.6 344.2 344 348.1 348.7 344.4 343.8 342.1 340.5 339.9 334.4 323.5 316.9 288.9 299.8 314.4 324.7 344.5 363.8 384.3 402.7 421.5 436.8 453.3
266.7 270.3 272.7 271.2 267.7 267.1 266.6 263.2 264.7 267.1 266 267.4 266.5 273.5 273.6 282.8 290.1 288.8 283.9 281.5 280.4 277.6 277.6 276 280.7 281.7 279.3 284.4 290.5 290.9 290.1 290.8 290.1 303.8 315.2 316.3 317.8 314.6 313.7 312.7 311.2 308.5 311.6 319.1 313.8 313.4 312.1 315.1 321.9 320.2 321.1 326.9 326.9 326.4 323.8 328 333.5 337.7 332.8 329.8 332.8 330.2 329.2 327.7 323.6 318.3 308 281.6 299 308.3 318.8 340.8 364.6 385.1 402.5 420.5 438.4 459.3
256.8 252.4 250.4 248.5 246.6 248.7 247.2 244.1 246.5 248.3 245.2 246.4 248.5 253.4 258.5 258.5 268.6 268.3 262.9 262 260 262.8 258.2 256.7 261.3 261.6 263.7 263.6 276.3 275 276.1 275 273.4 280.8 296.1 298.3 293.8 292.9 293.6 297.2 297 297.3 294.4 298.7 296.1 298.4 305.5 309.2 305.7 306.3 304.3 307.6 309.3 310.5 310.1 313.2 321.8 323.1 320 316.6 318.8 318.9 320.8 317.3 315.3 314.6 305.1 273.6 291 299.1 312.3 342.9 365 382.9 401 418.9 439.1 462.8
242.8 237.7 235.2 231.3 234.3 233.6 229.3 229.6 230.1 226.6 227 227.1 229.4 230.9 234.5 238 243.5 242.6 243.3 241.4 243.2 244.8 241.8 242.9 245.6 249.7 249.6 251.6 255.8 260.8 258.8 259 260.9 266.1 278.5 275.9 271.3 275.7 276.4 282.5 284.8 281.3 280.9 284.2 282.8 289 293.6 297.2 292.7 291.6 289.5 290.8 293.9 296 297.1 299.9 301.7 305.3 306.2 307.7 309.1 310 309.8 306.8 307.8 303.2 297.4 268.8 272.3 287.7 315.2 341.6 360.9 378.7 396.1 414.1 436.9 467.5
227.3 222 220.6 220.3 213.6 213.3 209.4 209.9 210.7 212.1 210.7 213.9 216.8 215.9 219 225.7 223.5 222.4 227.3 227.2 228.4 228 225.2 225.8 233.6 234.4 237 240.5 243.4 246.6 243.8 246.1 246.6 252.3 256.1 262.6 261.2 262.3 265.8 269 267.6 266.9 264.4 268.1 274.7 280 282.5 285.4 280.8 281.9 281.4 280.8 281.9 285.7 288.4 287.8 287.7 291.9 293.9 293.4 300.7 296.7 300.3 297.2 301.2 297.3 290.5 268.9 254.1 277.9 311.8 337.7 355.9 372.2 388 410.8 434 463.5
213.4 207.8 206.6 204.2 198.2 194.5 194.7 194 194.2 193.2 194.1 198.6 201.1 204.9 206.5 209.6 206.5 213.8 212.5 213.7 214.1 219 219.5 214.7 225.1 225.8 228.1 227.8 229.7 229.6 229.5 228.4 228 230.7 238.4 242.8 251.3 255.1 254.6 251.6 254.6 254.4 258.5 262.3 263.8 263.4 265.5 268.3 270.8 273.6 277.9 276.8 274.3 273.4 276.9 277.7 281.4 277.7 280.4 283.6 289.4 284.6 287.4 288.1 290.1 286.7 282 260.9 246.5 278.3 310.7 331.5 348.1 363.9 381.2 405.5 423.1 441.1
203.1 198.4 195.3 191.3 186.7 183.4 183.4 183.9 184.1 184.3 184.2 186.5 189.1 191.9 192.3 200.9 197.6 198.5 199.2 203.8 205 208 210.2 205.3 212.9 215.4 219.6 216 217.3 215.3 215.2 213.7 213.3 219.3 224.8 232.6 235.8 243.3 240.4 239.9 243.8 248.2 251.2 252.7 254 257.1 256.5 259 264.5 271.2 270.8 269 267.3 264.6 267.7 272 277.8 276.6 270.2 271.7 276.3 272.4 275.2 278.3 279.3 277.7 269.1 238.5 254.5 284.5 308.3 325.9 340.7 354.1 372.8 391.2 416.5 437.5
193.6 189.9 185.4 182.1 180.4 179.8 179.4 178.9 178.9 179.2 180.5 180.2 181.8 180.8 181.8 187.1 187.7 187.3 191 190.7 199.8 198.7 198.8 198 201.1 201.1 202.8 209.5 207.9 205.1 207 207.5 206 210.6 219.4 223.8 220.9 230.8 229.4 231.7 239.5 244.6 239.1 240.1 242.7 245.7 246.8 248.5 251.9 256.8 258.8 257.6 256.2 258.2 257.9 259.6 263.8 264.4 262 261.3 267 262.7 265.3 265 268.1 268.5 267.3 231 260.1 289.1 303.4 319 332.9 350.2 365.1 384.6 406.1 433
186.4 184.6 180.8 179.7 180.2 180.8 182.8 182.9 182.6 182.8 180.3 176.3 175 176.5 176.4 177.6 177.1 180.2 182.5 183.4 185.3 188.5 191.9 188.1 190.1 190.5 192 197 192.8 194.8 197.8 198 199.4 199.6 211.7 214.7 212.2 222.1 221.4 224.7 225.1 229.7 230.8 230.5 233.3 236.9 239.3 239.4 241.2 241.2 242.6 246 245.6 247.6 245.5 248.9 251.6 251.7 254.1 251.4 254.7 254.1 254.3 256.3 258.1 258.8 246.2 237 268 286.8 300.7 316.5 328.7 343.9 359.3 378.2 399.9 429
181.6 178.9 181.6 183.1 185.2 187.3 192 192.7 195 199.2 193.3 190.3 184.9 180.9 176.4 175.6 176.1 173.8 171 177 179.1 178.2 179.3 179.9 179.1 178.9 181.8 182.3 181 182.8 185 183.9 189.7 196.1 196 199 202.7 206.1 206.6 216.4 218.2 225 228 225.1 225.8 229.1 230.9 230.4 233.2 235.2 236.8 235.2 235 236.7 240.8 247.4 244.2 242.1 244.8 244.6 245.9 244.2 246.5 245.9 248.2 248.7 230.7 241.7 267.6 283.2 294.5 307.7 322.8 337.8 355 372.4 399 420.9
183.5 184.1 188.7 195.4 200.8 202.5 206.3 207 211.4 207.2 206.2 203.7 201.2 196.2 187.1 183.1 180 173.9 168.6 168.4 171.5 173.3 172.6 171.9 171.7 169.8 171.9 172.7 168.5 173.4 175.6 174.1 181.5 184.7 185.5 189.3 193.2 194.8 199.8 205.3 206.5 217.8 212.1 215.6 219.8 223.2 224.4 225.9 226.9 227.1 227.4 229.1 230.5 230.4 232.5 237.8 236.8 235.6 234.2 233.6 235.2 236.1 238.3 236.9 236.1 239.3 217.6 241.7 261.1 278.8 289 304.1 314.9 331.1 348.7 361.8 382.5 402.3
192.7 194.9 202.6 208.1 212.7 214 215.1 217.6 221.2 223.3 221.7 213.9 209.9 209.6 200.4 186.6 180.5 177.5 173.2 168.1 165.5 164.8 166.7 168.2 166.8 166 165.3 164.7 163.7 164.2 164.5 164.6 173.6 176.8 176.8 180 182.9 186 191.8 195.3 193.6 199.5 202 210.1 216.6 216.1 217.9 216.6 216.8 221.2 220.8 220.6 225.6 226.7 226.4 225 228.1 227.6 227.9 226.4 226 227.9 228.9 230.1 230.2 214.6 219.8 242.2 258.6 272.3 286 297.9 308.2 325.2 341.4 349.7 368.6 387.8
208 211.6 216.6 221.3 224.9 227.1 226.1 230 229.7 227.7 226.3 219.1 215.7 209 194.7 189 191.5 186.5 179.8 174.7 169.8 164.5 162 163.3 164.8 164.4 163.9 162.9 162 161.2 160.1 161 165.9 167.5 168.4 171.1 173.8 176.4 181 186.5 185.5 185.9 187.6 196.8 205.6 206.3 205.9 207.1 214.3 212.1 213.8 214.4 218.2 218.9 220.8 221.2 218.6 220.7 220.1 223.7 222.4 222.6 222.9 224.8 225.8 202.2 226.5 243.5 258.2 268.7 278.9 290.4 304.6 317.4 330.5 345.6 360.8 374.7
223.3 228.4 228.1 232.2 239 242.7 239.9 235.5 234.8 236.1 233.9 226 216.3 206.6 199.6 211.1 207.8 195.4 187.6 184 179.8 172.6 167.7 162.3 161.4 162.3 162.7 162.2 160.9 159.7 159.7 159.7 159 158.2 158.6 164.4 165.8 169.1 170.8 175.2 175.4 177.2 177.1 184.3 185 196.1 201.7 204.5 206.2 207.9 206.4 204.3 210.1 212.9 213.5 212.1 210.7 208.8 212.3 216 217.3 215.6 219.3 220.2 217.9 199.4 227.5 242.8 254.8 264.8 276.2 289.2 302.4 313.9 326.3 337.1 347.1 369.1
240.3 247.5 244.3 241.7 242.8 247.6 250.2 246.6 240.7 236.4 232.2 224.5 212.6 208.6 211.7 216.4 209.8 212 212.1 202.5 192 182.7 174.4 168.6 164.3 162.1 159.9 159.3 161.7 162 161.8 161.2 160.6 159.9 159 157.4 161.1 162.8 163.9 164.7 166.9 169.5 171.3 181.7 181.3 183.2 191.8 196.2 198.3 198.1 201.8 198.8 201.3 202.6 209.8 212.8 206.9 205.1 201.9 203.2 205.9 208.7 214.2 216.1 216 194.9 219.7 240 251.5 263.6 274.6 286.4 296.3 308 322.2 332.2 344.4 360.2
253.8 254.4 254 254.4 253.7 247.6 242.5 238.8 236.4 236.5 229.4 217.8 212.3 220.5 226 227.1 225.7 233.9 221.8 211.1 204 203.3 195 180.8 173.7 170.5 169.4 172.8 172.9 169.7 167.2 163.7 161.4 159.4 158.7 157.9 158 159.2 160.6 161.2 163 167 164.8 169 172.6 174.3 176.9 178.7 185.8 188.5 188 188.8 191.6 194.9 202.8 207.5 203.4 201.2 195.9 192.7 193.8 200 204.5 209.5 201 187.8 218.7 237.8 251.3 261.5 273.7 283 293.7 305.9 319.2 327.9 341.3 357.4
257.1 260.2 262.3 262 259.3 253.7 240.7 235 231.3 229.4 228.4 222.6 222.9 234 233.6 234.9 234.9 235.3 226.4 223.5 218.7 209.9 196.5 187 193.4 191.8 188.8 188.1 196.3 189.5 178.2 177.9 173.2 169.1 163.3 159.2 155.7 155.7 157.2 157.1 159.6 161.3 158.4 161.7 162.5 163.2 166.1 171.5 174.1 172.6 176 186.6 191.3 195.2 190.3 192.7 195.4 194.8 189.6 186.1 191.6 193 193.9 198 185.8 202.4 221.4 235.5 248.8 258.4 270.6 278.3 290 298.8 311.2 320.3 333.5 347.7
263.6 263.4 266.5 263.4 261.8 260.8 251.6 242.2 238.2 231.9 228.5 224.4 230.8 237 239.8 241.1 239.8 239.5 230.5 229.3 224.9 223.5 218.1 217.2 222.4 218.9 217.4 202.2 210.2 201 201.1 192.9 188.2 187 177.7 163.8 160.4 157.9 153.5 150 152.5 150.7 150 153.8 155 155.1 157.9 163.6 166 169.4 182.2 188.5 185.1 183.6 181.7 183.7 183.5 182.2 176.9 178.8 183.5 183.1 188.4 190.6 185.4 206.6 218.6 232 241.6 252.3 262.6 273.6 283.9 293.6 304.1 313.5 323.6 336.5
