Game/Highland_Data/StreamingAssets/GeoData/Data/nn/NN54.asc
ncols 200
nrows 200
xllcorner 250000
yllcorner 740000
cellsize 50
[rows 35 to 69 of 200, columns 79 to 157 of 200]
793.3 794.8 796.7 804.2 809.8 812.2 803.6 786.7 763.5 743.8 726.8 710.4 694 677.9 668.7 657.5 646.4 632.8 629 626.9 614.6 610 604.3 603 593.8 584.4 577.2 568.1 559.3 549.8 542.3 535.9 530.4 524.8 517.9 513 509.9 501.9 494.3 490.8 489.6 484.9 481.8 479 473.1 469.4 469.6 468.6 465.2 464.7 462 452.8 453.2 450.6 454.4 446.8 439.7 441.4 436.7 430.4 429.4 425.2 418.6 414.7 410.7 401.6 395.8 387 377.7 369 359.2 351.1 346.2 329.3 314 305.2 295.8 291.6 286.6
780.6 784.5 788.2 795.1 800.3 805.1 805.9 799.9 790.6 768.2 738.8 718.8 699.6 684 675.4 662 649 640.1 630 626.9 619.2 611.2 607.5 604.7 596.6 588.7 582.7 570.9 560.9 552.7 549.8 545.9 538.1 529.4 519.3 514.6 509 503.9 498.2 490.6 484.9 479.9 471.5 466.2 461.2 457.4 454.7 452.2 449.3 442.3 436.8 432.7 424.4 421.3 421 422.3 414.2 417.7 415.6 413.2 408.4 401.5 400.5 393.3 389.6 383.9 377.2 367 361.8 353.3 344.6 337.2 329.1 317.6 307.7 298.6 289.5 287.1 284.4
768.7 773.2 779 785.5 790.9 795.4 795.3 798.4 799.5 799.7 786.2 738.9 709.8 691.8 677.3 666.9 650.3 643.7 636 628.4 622.1 618.1 609.3 608.4 602.4 590.9 579.5 572.2 567.2 564.5 558.6 551.5 542.1 537.2 528.9 518.6 517.6 510.7 504.7 498.8 493.8 487.8 481.2 470.8 460.8 456.3 451.1 446 437.4 430.1 424.7 418.1 409.5 403.1 398.3 394.3 388.8 389.6 389.5 387.3 382.5 380.1 376.2 371.4 366.5 361.5 358.9 347.9 344.5 337.6 331.8 321.8 316.4 308.9 301.3 300.5 301.6 304.3 301.7
757.9 762.7 768 772.3 779.9 782.8 784.7 787 792 793.8 787.3 772.5 734.2 703.2 681.4 667.5 655 644.3 638 632.4 622.7 619.2 613.3 610.8 602.5 591.6 580.8 578.2 570.5 563.5 559.7 554.4 549 540.4 533.1 528.3 527.6 519.5 513.9 510.2 505.1 499.7 493.2 485.3 478.7 473.3 466.2 460 455.9 448.4 439.1 428.5 419.4 408.5 399.6 386.5 377.4 373.3 372.8 370.6 365.6 362.7 360.7 354 349.3 346.8 344.6 343.4 331.7 325.9 322 312.4 309 309.9 312.2 314.6 313 312.6 303.6
749.7 753.5 758.5 762.7 767.9 773.3 774.7 777.6 782.5 779 780.4 771.1 753.6 730 688.6 673.6 656.2 646.2 637.5 629.5 628.1 617.2 612.6 611.4 602.1 592.6 588.2 581.5 577.3 572.8 562.4 558 551.8 547.9 543.5 540.2 537.5 530.6 522.3 519 511.8 505.8 499.3 492.4 487.1 480 473.8 466.6 460 451.8 444.2 434.3 424.2 416.8 409.7 400.8 393.7 386.3 374.2 366.8 362.6 357.4 352.2 351.1 345.5 342.8 340.2 330.2 329.9 328.4 327.7 324.4 323.2 321.6 323.8 322.4 318.7 317.1 311.3
739.7 745.6 749.9 754.3 757.2 762.6 764.9 768.5 767.2 765.9 765.3 759.3 748.9 731.1 706.2 671.9 662.2 646.8 638.4 633.6 628 620.4 614.6 605.3 600.6 596.3 588.3 587.6 585.3 576.5 566.5 560.8 559.4 554.3 551.6 547.6 544.3 535.7 529.9 525.2 518.5 513.7 507 501.7 494.3 486.9 480.2 474.1 466.3 460.2 455.1 440.8 429.4 420.8 411.8 403.7 394.6 386.8 383.6 380.2 373 368.3 370.3 362.5 356.2 352.5 349.9 345.8 343.2 343 340.6 336.6 335 335.7 333.3 331.8 330.1 325.2 323.6
730.7 735.2 740.8 744.5 747.6 750.7 753.7 756.1 758.1 755.7 750.9 747.9 738.2 730.5 710.6 689.5 655.6 646.1 637.9 629.9 624.2 615.6 613.5 612.8 607 602 593.2 591.8 586.2 580.5 571.6 572.4 570.6 565.4 562.2 554.6 551.6 544.3 538.8 534.6 528.3 522.2 518.7 510.7 500.7 494.7 487.4 479.3 471 466.1 458.5 450.5 439.9 433.6 424.1 412.8 405.9 399 394 387.9 384.1 381.3 377.3 372.5 367.7 362.3 358.9 357.5 355.8 354.3 352.2 349.3 347.7 348.2 350 345.8 342.6 337.2 337.2
722.9 728.1 732.9 736.7 741.3 745.5 747.6 748.9 749.8 746.1 739 732.6 727.5 719.8 706.2 690.8 665.9 645.1 635.3 628.5 626.1 621.7 615.2 615.4 608.8 604.1 597.1 598.3 590.9 583.8 581.9 580.7 579.2 575.7 572.2 566.9 563.2 555 549.7 544.9 537.3 531.6 527.3 522.6 513.8 503.8 494.5 484.6 476 472.3 466.2 457.8 449.6 440.4 434.4 426.3 420.3 414.7 409.5 404.4 399.5 394.4 390 385.6 378.2 375.7 374.2 371.2 369.1 368.4 367 365.8 362.6 362.2 360.5 359.6 358.8 357.1 353
715.2 720 725.2 731.1 736.3 742.3 744.9 744.1 743.7 740.5 733.1 726.9 718.7 708.5 694.9 678.3 656.5 647.9 639.7 633 629.7 624.7 621.5 618.3 610.3 606.9 602.3 603.3 595.8 593 588.9 587.1 584.5 584.3 579.5 577.1 575.2 567.9 562.2 556.4 550 547 538.9 532.5 530.3 517.6 504.8 493.4 485.9 478.3 473.5 465.2 459.9 451.3 445.3 438.7 431.8 426.6 421.2 415.8 412.2 407.7 403.5 398.4 390.8 390.1 388.8 386.8 384.2 383.3 381.4 380.9 378.9 377.6 374.5 375.3 372.9 371.1 366.8
707.8 712.3 717.1 725 734.8 743.6 746.9 747.3 744.9 740.6 733.6 726 715.7 704.2 691.3 671.2 655.8 650.1 646.2 638.9 633 627.7 622.5 618.9 617.8 611.9 608.8 608.1 604.2 598.8 595 596.1 593.1 590.1 592.2 589.1 585.4 580.6 575.4 569.6 564.3 557.9 552.1 545.4 539.5 527.6 517.8 505.6 499.2 491.8 484.6 476.3 473.8 466.1 457.9 452.5 443.7 437.5 432.6 429.4 424.2 420.4 415.9 409.8 406.3 404.1 403.6 401.1 398.9 396.1 395.4 395.5 391.6 394.7 393.1 388.4 385.2 383 377
701.5 705.9 712 718.5 731 741.4 747.8 748.5 746.9 743 738 730 720 711.4 701.9 687.9 670 662.4 648.7 641.5 640.1 635.7 633.2 627.5 625.4 622 620.5 618.1 614.1 609.8 608 606.8 606.5 605.7 601.7 601.5 598.9 595.3 590.3 584.4 579.6 573.4 567.6 560 552.4 541.7 531.6 522.6 512.5 504.6 499.1 490.1 483.7 478.1 470.6 461.8 454.6 448.8 444.6 440.5 437.4 434 430.9 426.4 423.2 421.5 418.4 415.7 415 413.9 412.5 413 411.8 406.7 405.7 400.2 394.2 391.4 390.6
693.7 699.3 706.6 714.7 725.7 736 747.4 752.9 754 750.3 743.6 736.2 729.3 721.2 710.8 702.5 689.8 680.5 662.9 656.5 650.1 646 642.7 640.7 637.8 633.2 635.8 630.1 630.2 626.9 624.2 620.1 618.8 619.4 618.4 613.7 615.8 614.1 609.9 604.6 600.2 592.2 584 573.4 566.6 555.8 546.5 538.4 529.2 519.4 513.6 504.3 497.4 488.7 481.8 476 470.3 464.6 459.9 454.4 450.1 448.1 443.2 441.3 439.8 436.6 435.6 433.4 432.2 432.5 429.4 425.5 425.3 421.3 417 412.3 407.5 402 403.2
685.7 692.3 701.3 710.7 720.4 732.8 743.7 750.9 754.1 755.5 748.2 742.9 737 728.8 718.9 711.2 702.3 694.5 684.9 674.6 665.2 660.9 655 653.1 650 647.1 646.4 645.4 645.3 644.4 641.2 637.9 636.1 635.5 635.6 633.2 632.9 631.4 628.1 623.9 618 610.9 604.3 594.3 585.4 577 568.2 556.3 548.9 537 532 525.8 517.3 507.4 498.6 493.1 486 481 475.7 472.1 466.7 461.4 455.6 457 454.5 452.8 450.8 449 446.6 446.9 444.1 439.9 438 433 428.9 426.7 424.1 420.9 414.7
677.4 685.5 694.9 703.8 715.2 728.5 740 746.8 750.9 752.5 751.4 747.4 742.5 736.6 731.4 720.8 710 709.2 705.8 690.1 679.3 672.6 668.6 666.4 663.7 660.4 660.8 660.2 658.8 656.6 654.3 651.3 650.2 648.4 647.2 645.8 646.2 646 644.8 639.3 633.6 627.5 619.8 613.9 606 600.4 587.9 580.2 567.4 556.7 552.3 541.7 532.6 522.8 514.2 510.9 496.8 497.3 490.7 484.2 476.2 470.6 469.3 473.6 470.5 467 465.8 464.5 463.7 461.1 459.6 458.1 457.1 448.7 443.9 438.1 434.6 430.9 417.9
668.2 677.6 689.2 698.9 709.5 722.5 735 743.3 748.3 749.2 749.7 749.3 745.8 741.1 734.5 724.9 720.1 715.2 705.1 694.9 686.6 678.9 678.6 676.4 671.4 668.5 669.1 669.4 667.8 664.8 661.6 660.9 658.5 656.8 653.2 652.3 655.2 655.6 653 650.9 647.3 641.5 633.7 625.5 617.5 611.1 603 592.8 583.4 572.6 564.1 551.8 544.3 533.7 526.4 516.2 514.3 506.6 502.2 493.2 490 486.8 485.2 484.5 482 480.4 479.9 480.9 480.7 480.3 478.8 477.4 475.9 463.1 454.4 443.3 438.3 428.9 415.4
657.8 669.1 679.8 690.1 700.6 713.1 725.8 737.1 742.1 744.2 745.1 745.1 743.9 740.5 735 728.8 724.7 715.2 705.9 697.2 689.7 686.2 684.9 681.5 676.6 671.2 672.7 671.3 669.6 667.6 665.6 665 663.4 661.5 656.7 657.6 659.4 660.5 660.3 659.2 655.4 648.1 637.9 629.5 622 614.4 604.1 595 586.4 576.3 564.7 555 548.6 537.7 534 522.8 520.9 515.9 512 497.6 503.6 500.5 496.1 494 493.6 492.7 493.5 495.1 497.5 497.5 494.1 488.7 474.6 463.9 453.7 441.1 433 420.2 405.6
648.8 660 670.8 681 691.3 703 714.2 726.3 733.4 736.5 737.7 738.9 739 736.5 732.2 727.3 721.2 713.1 706.4 702.1 695.4 690.6 684.8 679.4 673.6 670.4 671 669.7 668 666.3 665.1 664.7 662.8 660.6 658 659.7 660 660.2 659.5 657.8 653.5 647.5 638.4 629 620.6 610.1 600.1 590.2 580.8 570.5 561.2 553.4 545.5 537.8 530 530.5 526.1 520.1 508.6 506.4 510.5 507.7 505.1 502.8 503 502.4 502.3 505.4 505.5 502.5 498.9 490.3 477.3 456.1 437.4 424.2 413.3 399.8 382.8
638.3 649.3 659.6 670.3 681.1 691.4 701.3 712.3 721.1 726.3 728.2 729.7 729.5 728.5 726 722.6 717 710.7 703.4 696.8 694.6 688.6 682.7 676.9 671.3 667.2 666 663.7 662.1 660.7 659.8 659 658.4 656 654.9 654.1 653.3 651.7 650.3 646.9 643.3 637 628.6 621 612.3 602.3 591.5 580.1 571 563.6 556.1 550.7 544.9 537 536.8 532.2 526.7 519.5 519.9 517.4 516.3 514 509.5 509.1 507.1 506 507.7 505.4 502.8 499.8 496.6 486.6 471.6 436.5 416 403.9 392.7 378.1 363.8
625.5 635.7 647 657.1 668 677.7 687.8 696.3 705.9 713.6 717.9 719.6 719.6 719 718.7 716.2 710.1 705 699.3 692.2 685.3 680.1 676.1 671.2 666.2 662.1 660.5 656.4 653.6 652 649.5 648.8 647.6 645.3 644.5 644.3 641.8 641.1 638 634.3 630.6 623.9 619.7 611.8 602.3 593.3 583.4 570.8 563 555.7 551.1 547.1 542.9 538.4 533.4 529.6 527.4 526.6 523.6 521.1 518.7 515.3 512.5 511 508.8 505.9 502 497.3 493.7 488.3 478.3 464.6 452.5 419.4 396.3 384.1 371.3 357.2 344.3
613.3 621.7 633 643.8 653.7 662.9 675.8 683.5 690.7 697.6 705.2 708.3 710 710.9 708.8 706.3 702.3 696.1 689 681.8 675.1 671.9 665.6 659.6 653.5 651 648.5 643.3 641.1 638.8 636.2 634.3 633.2 632.2 632.9 632.2 631.6 629.3 626.6 622.9 617.3 613.4 610.3 604.7 594.4 586 573.7 561.5 554.3 547.8 543.4 540.9 535.4 532.5 530.7 527.6 523.8 521.1 517.9 515.9 513.5 512.3 510.3 506.2 501 495.8 489.8 481.8 473.3 462.5 447.1 439.4 423.2 391.9 374.2 359.4 346.5 333.1 321.2
601.3 608.6 618.3 627.2 638.7 648.3 660.2 669.4 676.1 683.1 688 695.2 698.5 703.1 701.8 699.1 693.1 685 677.7 670.7 664.6 660.5 652.9 647.2 639.7 635.5 635.3 631.4 627.7 624.8 620.8 617.8 617.5 615.4 616.8 617.6 617.1 614.7 611.1 606.2 603.1 601.4 598.2 588.1 579 570.3 560 550.3 544.3 539.5 535.7 533.6 528 524.9 521.5 519.9 515.3 511.2 511.9 508.5 506.1 503.7 500.2 496.2 489.4 477.9 469.6 459.7 445 431 421 404.9 386.5 364.2 348.8 332.9 319.5 306.6 294.6
589.8 595.1 603.9 612.3 621.7 630.9 641 651.6 659.6 664.7 671.4 679.6 682.2 689.9 692.9 692.2 683.2 671.6 662.9 655 647.3 641.8 635.2 630 623.7 623.4 621.4 617.3 613.2 609.3 605.2 602.4 598.2 596.1 599 599.5 598.5 596.2 593.5 589.4 585 584.2 578.4 567.8 563 556.4 546.9 536.9 533.7 528.7 526.1 520.2 517.3 512 509.4 509.3 505.9 507.6 501.8 503.6 502.9 491.9 489.4 483.6 470.6 453.8 445.5 430.2 416.4 404.2 390.1 372.8 353.6 338.3 324.3 307.5 291.6 279.8 267.6
578 582.4 588.3 596.9 606.9 614.6 620.3 631.2 641.3 650.6 651.7 656.8 669.4 677 675 672.8 668.7 656 647.5 637.5 630 624 616.1 611.1 606.1 604 601.6 598.1 593.8 591 587.1 580.6 575.4 578.6 580.4 578.3 576.3 572.9 570.5 567.4 563.7 561.5 554.4 542.6 542.6 538.5 526.5 517.9 520 514.2 512.7 505.1 504.1 495.7 495.5 493.8 490 489 488.5 489.3 485.2 473.7 462.7 452.3 442.5 427.8 412 399.6 387.9 373.7 360.8 343.6 326.4 313 300.4 285.5 269.2 254.6 242.8
566.5 570.8 576.1 582.6 591.7 599.2 605.7 611.2 617.7 624.4 627.7 641.2 648.9 662.3 659.5 652.6 648.4 639.4 627 623.3 613 604.3 598.7 593.3 587.6 583.3 581.5 578.8 573.6 571.1 563.2 554.5 551.7 560.2 561.7 553.5 544.5 540.6 542.6 533.6 537.2 533.7 528.1 509 515.1 519.5 501.2 493.7 497.6 494.4 491.8 490 484.7 479.8 476.2 474.5 470.9 463.1 463.4 465.3 457.5 446.7 431.9 419.4 409.9 398.1 383.3 371.9 360 346.2 332.4 317.8 303.8 289.4 276.9 262.5 246.8 234.7 223.8
554.5 560.3 564.9 569 573.5 581.6 588.1 593.2 596.9 586.1 611.4 617.5 626.7 635 637.8 634.1 626.3 625.7 613.1 601.5 591.7 583.1 578.3 572 565.7 555.5 553.1 550.4 548 542.3 535.4 527.8 530.5 538.1 534.3 519.4 510 512.5 509.8 503.2 501.2 503.8 500.8 480.1 485 479 469.9 468 471.2 472.2 466.8 462.1 456.2 449.7 443.2 441.6 439.8 434.4 431.4 432.2 421.9 412.6 404.2 391 379.2 368 355.7 345.1 333.3 322 308.1 296.6 283.9 269.3 255.9 242.2 226.5 217.9 208.2
543.5 546.9 551.1 555.3 561.4 565.4 571.3 574 579.3 587.9 592.8 599.3 600.1 607.5 610.3 608.2 605.4 603.8 598.3 580.8 569.4 562.2 554.4 547.9 537.9 522 522.9 518.7 515.5 513.6 507.3 501.5 501.3 500.4 494.1 483.2 478.7 480.1 477.8 473.3 472.2 473.7 473.6 451.6 448.7 446.7 440.3 437.3 441.7 442.8 436 430.9 427.7 419.8 413.7 408.6 406.5 400.9 396 393.8 387.1 380.5 370.7 360.1 350.7 339.7 328.7 319.5 310.8 301.4 289.6 280.2 268.5 254.3 242.8 226.7 211.1 206.8 198.6
531.8 534.9 538.1 541.7 547.4 553.4 557.2 561.8 566.9 574 574.5 579 579.5 581.9 585.5 585.4 583.9 584.2 580.9 557.6 539.6 532.3 524.8 517.1 506 493.8 499.1 493 486.5 484.7 479.6 468.4 467.7 461.4 454.6 449.6 445.8 447.2 443.2 441 439.2 439 433.2 420.5 415.7 414.4 410.8 405 409.1 405.5 401.2 395.9 392.9 388 381.7 377.7 374.6 369.3 363.1 358.6 352.7 346.5 337.8 329.9 322.7 313.2 305.2 298 289.5 281.6 272.9 265 255.7 244.6 233.5 218.4 202.1 196.7 196.9
520.2 523.6 526.9 530.1 533.9 538.3 542.5 546.1 555.7 562.5 559.8 559.4 558.6 558.7 561 566.2 561 562.3 551.1 532.6 514.5 502 494.4 486.6 476.5 467.2 467.2 462.1 455.9 453.1 448.1 466.1 436.2 427.3 427.4 422.1 416.5 417.2 412.4 410.9 405.4 403.1 395.5 387.8 383.2 381.3 379.7 376.2 375.7 371.6 367.2 362.6 358 355.9 350.2 346.1 341.8 338.2 332.3 329.4 323.3 317.8 311.3 303.7 296.2 289.2 282.6 276.2 269.9 264.2 258.3 250.6 241.4 232.4 224.9 217.1 199.2 196.3 197.6
508.6 513.7 517 519.8 523 526.9 528.8 534.3 537.2 544.2 542.6 539.8 539.6 541 543.8 541 534.8 528.1 517.7 501.4 485.3 470.8 463 454.6 447.6 440.6 436.2 431.7 420.8 418.9 431 421.4 405.7 402 402.9 399.2 393 390.5 385.7 382.4 377.9 368.1 362.8 359.3 355.1 353.2 349.9 347.1 346.1 340.5 336.1 331.7 326.9 325.1 319.6 316.4 311.7 309.6 306.1 303 298.4 292.5 286.2 280.4 275 268.7 263.6 258 253.8 249.8 243.9 235.5 226.2 220.4 214.3 209.1 197.1 196.9 197.5
498 501.6 505.7 508.7 512 514.6 518.1 520.4 521.3 524.3 528.8 530.5 520.9 528.1 518.5 511.6 500.4 493.5 483.2 469.5 455.9 444 433.9 425.6 418.8 413.2 406.9 402.6 388.8 397.2 405.2 392.5 384.9 380.7 378.6 374.2 367.6 364.7 361 356 353 343.8 337.1 335.5 332.9 329.2 323.7 319.5 318.7 313.4 309.3 304.8 301.2 297.9 293.1 289.8 286.9 282.4 280 277 273.4 269.2 263.2 257.8 253.5 249.9 244.8 240.8 238.7 234.8 228.8 219.9 213.5 210.4 203.3 196.8 196.5 198.3 198.8
485 489.8 493.3 497 503.2 507.2 510.7 514.3 514.6 512.5 510.4 513.2 507.3 499.2 490.4 479.7 467.9 458.4 450.3 439.2 430 419 405.5 398.3 393.7 387.6 379.5 375.3 362.9 373.7 374.2 366.2 361.9 357.9 354.4 347.5 341 337.8 333.6 331 330.6 323.2 317.3 315.4 313.3 307.4 298.6 298 296.1 291.3 285.5 280.7 277.7 274 269.1 264.7 261.5 258.5 255.3 252.5 250.9 247.8 242.5 236.9 235.2 231.1 228.3 225.7 224.5 222.6 216.7 210.1 202.7 202.5 206.5 200.1 197.9 199.2 200
470.3 475.9 481.2 485.8 492.7 496 498.4 499.3 503.4 500.9 494.2 491.2 496.2 472 463.9 453.5 439.4 430 420.6 412.1 405.6 395.2 381.1 374.6 369.5 363.9 356.9 353.1 342.1 351.9 346.6 337.9 339 335.4 330.4 324.3 317.8 312.4 309 309.4 309.3 302.6 296.3 293.1 291 283.5 276.4 277.1 272.7 267.6 262.7 258.8 256.1 253 247.3 241.6 239.6 237.1 232.4 228.9 230 229 224.5 221.7 220.2 219.3 219.3 217.5 217.3 215.2 212.8 208.7 203.8 207.6 208.2 205.3 203.3 200.3 202.1
454.8 460.9 467.2 472.1 477.4 478.6 479.7 480 485 491.2 487.5 466.7 467.8 448.4 439.2 426.4 412.7 404.5 397.1 386.5 380.4 373.2 362.7 353 346.4 343.2 338.5 333.5 325.3 326.3 323.5 314.3 317.4 315.4 310 303.6 295 287.8 287.3 290.1 288.1 282.2 276.6 269.9 267.5 260.3 257 255.6 253.2 246 241.8 238.3 235 231.8 228.1 221.9 221.6 221.5 218.3 216.1 217.5 215 213.2 213.3 214.2 215.5 215.6 213.4 212.5 210.7 208.8 207.5 203.9 208.8 209.3 204.1 204.1 204.2 201.7
437.3 444.2 449.3 453.8 457.7 459.4 460.7 459.5 460.8 468.6 464.3 445.5 428.6 422.4 414.1 405.1 392.1 383 375.5 367 356.9 350.3 342.3 332.2 327.6 326.8 322.6 314.9 306.2 304 305.1 301.6 296.2 293.6 288.3 280.9 273.6 265.6 268.1 268.2 265.7 261 256.9 250.2 246.8 243 242.4 238.1 235 229.4 224.4 221.4 219 217.9 214.4 214.7 213.9 212.9 212.5 213.4 213.6 209 210.7 209.7 208.8 211.2 211.1 209.7 209.4 208.9 208.6 209.3 206.4 206.7 210.5 206.4 203.4 202.8 202.5
419.3 425.8 429.6 434 439.1 438.1 436.7 430 432 429.8 427.7 417.8 407.5 395.6 388 385.2 375.4 365 357.5 349.1 340.2 332.1 323 319.2 311.5 310 307.7 300.6 289.5 286.5 286.2 283 277.8 271.1 264.9 256.3 250.8 248.5 247.7 246 243.2 241.2 237.8 235.7 234.6 232.7 231.4 226.5 221.4 216.3 213.7 212.4 212 211.4 211.5 211.1 210.6 210.1 209.4 210.6 210.4 211.5 212.3 211.8 210.9 208.7 208.7 207.3 207.6 209.5 208.8 208.3 206.2 206.8 210.8 208.7 203.9 203.7 210.6
