Game/Highland_Data/StreamingAssets/GeoData/Data/nn/NN55.asc
ncols 200
nrows 200
xllcorner 250000
yllcorner 750000
cellsize 50
[rows 70 to 104 of 200, columns 78 to 155 of 200]
313.8 296.5 272.8 258.5 247.3 242.1 238.8 233.8 229.5 226 224.8 223.9 222.1 221.4 220.4 217.4 214.2 211.6 209.4 210.5 210.7 207.9 214 214.2 213.7 211.5 209.2 206.9 206.6 205.8 205.7 205.5 205.3 205 204.4 204.8 205.1 206.1 206.5 205.3 204.1 204.7 205.4 204.3 204.2 205.4 205.4 204.8 206.5 207 208.2 208 208.3 208.3 209.8 210.5 210.9 209.9 210.3 210.2 209.8 209.3 209.7 209.6 208.5 210 212.3 213.6 215.4 215.8 217.1 218 217.1 217.5 219.4 223.6 226.2 226.7
320.7 318.2 293.2 268.8 258.5 247.6 238.6 231.9 228.1 225.6 224.4 222.7 222 222.1 220.5 216.8 213.2 211 211.4 211.2 211.2 210.6 209.4 209.6 210.4 208.4 207.4 207.6 206.7 206 206 205.8 205.6 205.3 204.9 207 207 207 207.5 206 206.6 207.3 206.4 207.1 207.6 207 207.6 209.1 209.6 211.6 212.4 211.7 212.4 212.8 213.6 212.9 213 212.8 212.9 213.3 213.5 214.1 214.7 214.8 215.1 215.4 220.1 222.1 221.6 222.1 223.9 224.3 223.1 225.7 226 228.6 231.9 232.4
335.9 321.3 303.7 285.7 266.2 251.6 239.9 231.5 227.1 224.3 222.6 221.2 222 223.5 223.6 220.4 215.9 211.1 210 209.5 210.2 210 209.7 208.9 208.2 208.3 208.5 207.6 206.7 206.2 206.2 206.1 205.9 205.5 206.3 208.4 208.2 208.3 207.9 207.2 208.5 209.1 209.3 209.1 210.3 210.5 211.5 213.1 213.2 214.8 215.3 215.1 216.1 216.9 216.2 217.3 217 217.1 217.6 218.6 219.2 219.8 219.9 220 220.4 223.9 226.7 229.2 228.6 228.9 228.8 227.6 227.9 230.8 231.9 234.5 237.2 237.8
336.7 319.5 305.2 290.1 275.6 260.4 244.6 233.7 227.1 222.8 221.1 220.4 220.8 224 225.5 219.8 216 212.9 210.9 210.7 208.6 210.7 210 209.3 208.8 208.3 207.7 207.6 206.7 206.4 206.4 206.4 206.1 206.3 207.7 209.2 211 209.5 208.9 209.1 210 209.8 211.8 212.4 212.7 213.5 215.6 216.9 217.7 219.3 219.9 220.6 221.1 222.4 223.1 223.2 223.3 223.5 222.9 224.5 225.9 225.9 225.6 225.8 226.4 228.3 232.2 234 235.2 234.2 232.6 230.8 233.6 235.2 237.9 240.4 242 242.2
328 318.3 303.1 285.8 271.2 258.3 245.2 235.6 228.6 222.8 220.9 220.3 219.1 219.9 222.8 217.7 213 213.4 211 209.5 210.6 210.6 210.2 209.8 209.3 208.7 208 207.3 206.7 206.6 206.6 207.1 208.5 209.1 211.2 211.9 211.5 211.1 210.8 211.2 213.7 213.5 214.1 215.6 216.6 218.3 220.7 222.4 223.5 224.6 225.9 226.8 227.6 228.4 229.3 229.7 229.9 230 229.8 229.8 230.9 231.8 231.6 231.6 232.5 234.7 239.4 241.9 242.2 240.1 237.3 236.3 239.6 241.4 243.5 246.1 246.6 247.9
321.5 311.3 300.9 283.9 270.5 263.1 251 241.5 234.2 226.7 222.9 220.9 219.2 217.6 215.3 213.6 211.5 211.1 211.8 208.4 211.4 210.8 210.3 210.6 209.9 209.2 209 208.6 207.4 208.4 208.8 211.9 211.5 211.5 212.7 213.6 212.7 212.7 213.1 214.3 217.7 218.7 219.9 220.9 221.2 223 226.1 227.7 229.2 230.5 231.6 232.7 233.5 234.2 234.1 234 235.1 235.5 235.2 235 235.7 236.2 236.4 237 238.3 241.3 244.6 247.2 246.3 243.2 243.4 242.9 245.5 247.8 249.7 251.8 252.4 254
309.5 300.7 295.2 283.5 271.3 264.6 255.6 248.3 239.9 233.2 227 225.1 225.1 224 221.6 220.8 218.5 213.9 210.9 209.7 210.5 211 210.7 211 210.3 210.1 210 210.9 209.3 208.3 212.7 213 213.6 214.1 215.1 216.9 215.3 214.5 216.2 216.3 220.6 222.8 224.4 226.1 227.2 228.8 230.6 231.3 232.9 234.7 235.9 237.5 238.8 238.3 238 238.9 240.3 240.4 240.3 240.3 240.4 240.6 240.8 241.2 243.2 249 250.9 249.4 247.7 247.6 249.3 249.4 251.5 253.8 255.9 258 259.8 262.5
303.7 293.8 288.8 280.6 272.1 265.3 258.7 252.4 244.9 239.9 236 233.9 236 235.2 230.2 227.2 220.2 216.4 210.9 212.3 211.9 212.3 211.8 211.6 210.5 211 212.2 213 211 213.4 215.2 215.9 215 215.7 216 217.4 218.8 217.9 219.2 219.5 221.5 226.4 233 231.3 231.4 234 234.8 236.1 237.8 239.2 240 241.3 242.9 243.5 243.8 244.3 245.2 245.3 245.2 245.2 246.2 246.1 246.5 247.1 251.2 255.9 254.9 251.2 250.4 251.8 254.1 256.5 257.3 258.9 261.3 263.4 267 269.2
301.2 291.7 284.6 278.4 274 267.4 262.4 256.8 253.1 250.3 245.6 241.4 243.3 239.3 231.8 226.6 221.3 219 212 213 213.8 214.3 215.3 214.3 218.7 216 217.7 215.1 215.9 215.7 217.4 217.5 220.1 218.6 219.8 220.2 220.4 221.1 223.7 225 226.3 228.8 233.1 238.8 236 237.9 239.7 241.6 243.4 244.4 245.4 246.1 246.9 247.4 247.9 249.8 250 250.1 250.2 250.7 252.3 253.6 252.6 254 258.7 261.7 259.8 254.7 255.8 257.7 261.5 264 264.6 265.5 267.4 269.5 272.8 275.8
298.1 291.2 285.1 280.6 275.9 270.2 266.1 263.7 261.2 257.3 250 247.1 241.9 235.7 231.8 227.9 222.4 219.5 213.4 216.3 216.6 217.1 218.7 218.6 219 219.4 220.1 219.2 219.2 219 224.8 221.2 220.8 221.7 223.7 224 224.1 226.9 229.1 230.7 231.8 233.5 234.4 241.1 241.4 240.8 243.2 245.1 247.2 248.2 249 250 250.6 250.8 252.5 254.2 253.6 254.2 255.6 256.4 258.4 261 259.4 259.9 263.2 266.3 264.1 262.7 262.3 264.5 269 272.5 273.8 273.6 275.2 276.9 278.3 282.7
299.4 292.5 287.1 285.7 278.8 274.7 274.3 269.9 267 263.3 263.4 261.9 251.5 242.4 235.9 229.3 225.3 221.7 218.4 219.6 219.2 219.7 219.9 219.9 222.1 221.8 221 220.6 221.1 229.1 224.6 224.7 225.7 226.3 227 231 229.8 233.1 234.8 234.7 235.6 237.2 238.8 243.7 242.6 243.5 246.7 248.8 251 252.3 252.9 253.5 254.7 256.4 257.7 258.7 258.8 260.1 260.9 262.1 265.5 267.9 262.3 263.2 265.2 268.1 270.1 269.5 269.4 271.5 274.8 278.1 280.5 281.6 283.5 285.5 286.4 289.3
300.7 293.7 288.7 283.1 280.3 278.3 277.4 276.4 274.7 274.3 278.1 265.5 253.5 243.5 238.4 233.5 227.5 223.1 221.6 225 228.1 228.6 226 224.6 225.7 226.9 227.8 227.1 226.2 226.9 228.3 230.3 228.8 229 231.3 232.3 234.3 236.1 238.1 238.9 239.4 240.8 241.2 245.6 245.9 246.5 249.4 252.4 254.8 256.4 257.2 258.5 260.2 261.9 263.6 264.8 265.6 266.3 266.4 270.1 272.3 266.7 266.5 266.3 267.4 271.2 275.4 276.4 277 279.5 282.4 285.2 288.5 290.2 292 293.4 293.8 294.8
302.4 296.1 291.7 288.2 283.7 282.7 283 285.3 284.1 282.9 278.9 262.2 251.8 245 241.7 235.2 228.5 221.9 225.9 227.8 228.9 231 232.9 233 229.2 229.6 229.3 231 233.7 238.8 233.5 231.3 234.7 235 235.2 237.2 237.3 238.5 241.8 242.7 242.7 243.6 245.1 248.2 251.9 253.5 252.1 256.6 259.2 260.2 261.4 262.9 264.5 266 267.8 269.6 270.9 272.7 275.2 273.2 269.3 270.7 270.4 270.9 272.1 276.5 280.6 281 281.9 286 290.2 293.2 296.2 297.9 298.8 299.5 299.9 299.3
313.8 308 299.1 295.9 289.5 285.9 285.8 285.1 287.5 285.2 273.3 261.5 251.7 247.5 243.2 234.9 226.6 231.1 232.3 232.7 232.4 234.5 234.9 233.1 234.4 234.2 233.3 237.4 237.3 236.8 239.7 237.6 237.6 241.2 240.7 241.5 241.6 243.5 245.6 246.7 247 248 248.9 252.7 256.3 261.8 259.5 261.5 264.3 263.7 264.7 266.4 268.1 269.6 272.3 273.5 277.8 275.3 273.4 272.2 273.2 275.2 275.7 276.5 278.5 282.6 285.8 286.3 287.9 292.3 296.3 299.6 301.5 303.4 303.8 303.7 304.8 305.4
322.8 312.8 307.4 301.4 295.4 290.7 287.5 285 285.6 284.9 267.9 259.7 251.4 248 242.3 235 235.9 236.5 237.9 236.8 235.7 236 237 235.6 235.7 238.4 239.4 243.6 241.7 241 242.2 242.1 243.4 244.8 246.5 247.3 247.5 249 250.5 251.2 252.3 254.3 254 258 262 264.4 268.9 267.6 269.4 268.7 268.6 270.1 273.5 274.6 275.4 277.1 278.5 278.6 276.7 277.4 278.5 280.9 283 284.8 286.9 289 290.6 291.6 294 298 302.2 303.8 302.9 307.9 307.7 309.3 309.7 309.7
320.8 313.2 304.8 300.1 297.5 292.5 289.1 285.5 282.4 276.7 265.3 257.4 251.9 248.8 244.4 238.3 242.5 241.9 241.6 241.4 241.3 239.4 240.7 239.3 239 240.1 241.5 243.4 243.9 246 248 248.2 249.1 250.7 252.1 253.3 254 253.8 253.8 254.3 256.7 259.6 261.3 262 266.5 269.4 275 275.8 274.4 275 275.7 275.9 278.5 279.2 279 279.8 280.1 280.5 278.9 280.3 283.8 285.5 288.9 291 292.8 294.1 295.4 296.9 300.1 304 307.2 307.8 308.8 312.6 314.5 313.7 313.7 313.6
316.7 312.5 304.1 300.9 298.7 295.8 291 289.9 291.1 280.8 265.7 259.8 257.7 251.7 239.2 248.7 248.2 246.6 245.8 246.7 246.4 244.6 243.5 242.5 245.4 246 247.2 246.5 246 249.8 252.6 253.7 254.6 255.9 257.4 258.1 257.2 258 258.3 259.2 261 263.9 265.4 266.5 268.4 270.8 278.4 279.6 279 279.8 284.2 282.9 282.2 282 283.4 284.5 282.9 281.9 283.1 288.5 290.4 291.5 292.4 295.1 296.8 298.4 299.9 302.8 306.8 310.1 312.9 314.4 315.2 319 319.6 318.7 318 319.8
310 306 301.7 299.9 298.9 297.3 295.3 296 289.6 276.8 267.2 261.3 257.8 242.7 252.9 250.9 251.1 249.2 250.3 249.7 249.8 249.5 247.9 247.4 250.5 250.3 251.3 250.5 248.5 251.3 256.2 257.6 258.5 260.1 261.8 262.8 261.8 261.3 263.1 264.2 264.3 268.6 268.7 268.8 271.1 272.8 278.1 282.5 284.5 286.3 288.3 290 284.8 283.8 284.2 289.4 287.6 289.2 289.6 291.9 293.1 293.8 295.9 299.3 301.4 302 304.2 309.7 313.5 315.8 320.2 322.6 322.6 325.3 325.3 325.7 326.9 327.8
305.4 301.1 299.1 299.7 298.7 293.9 292.1 292.4 285.8 274.9 266.9 259.9 247.9 257.8 255 252.8 251.6 251.5 251.7 252 253.4 252.7 251.5 251.9 253 253.9 254.5 254.5 252.8 255 258.7 260.9 262.5 265.6 267.6 267.9 266.9 265.9 267.4 266.8 267.8 271.4 270.1 270.9 273.6 274.8 278 282.6 284.1 286.3 287.9 289.1 287.4 286.1 289.3 288.9 292.5 295.6 294.9 296.2 297.4 300.2 302.9 305.1 306.9 307 310.5 316.7 321.2 324.9 327.4 329.7 331.1 331.6 331.8 332.7 333.7 335.6
302.5 297.6 295.8 294.9 293.1 290.2 285.3 281.8 280.9 270.6 263.2 254.6 259.6 257.6 255.4 253.8 253.1 253.6 255.2 257.8 255.5 256.3 256.4 257.1 257.1 257.4 258.8 259.1 257.9 258.1 259.8 264.1 267.9 271.2 272.5 271.6 270.7 270.6 271.7 271.4 273 274 273 273.7 275.2 276.6 277.8 282.4 282.7 283.7 284.7 287.1 288.2 288 290.7 292.2 296 299 299.2 300.7 303.4 306.2 308.9 311.7 313.3 313.8 317.1 322.3 327 330.3 332 334.4 335.7 338.2 340 340.6 340.7 342.8
300.1 294.8 291.9 291.6 290.1 288.3 283.3 280.6 279.5 270.4 261 258.7 261.4 260.5 257.9 256.2 255.3 256.5 258.1 259 257.3 260.4 261.9 262.4 262.1 261.8 261.5 262.9 263.1 262 265.1 268.2 271.9 275.5 275.5 276.4 275.6 275.4 274.9 276.6 277.4 277.5 276.5 275.4 276.8 278.2 281 282.3 283.4 283.9 284.7 287.2 288.9 291.4 294.5 297.9 300.5 302.5 303.8 306.7 309 311.5 315.2 317.9 319.8 320.6 321.4 326.4 331.7 335.4 337.9 341 344.1 345.7 348.1 349.3 349.1 349.9
296.8 293.2 289.2 289.7 289.6 288.4 282.9 281.6 278.4 269.2 262.3 260.1 265.8 267.1 264.4 261.5 259.4 260.7 261.1 262.8 261.5 263.3 264.9 266.5 266.1 265.7 265.7 266.6 267.1 269.5 272.8 276.2 277.9 279.9 278.8 280.6 280.4 279.9 279.9 280.5 280.9 280.9 278.6 278.1 279.2 281.4 282.1 283.5 284.5 285 287.2 288.9 291.5 293.9 299.8 301.7 304.7 308.1 309.5 312.6 315.5 317.8 322.9 325.7 327 327.9 330.4 334.8 337.4 342 345.9 348.8 351 351.6 352.6 353.4 353.7 355.3
292.1 289.1 285.8 285.2 287.2 286.8 280.8 278.9 271 265.7 259.4 263.6 268.4 270.6 269 265.6 263.6 263.5 263.8 265.9 266.1 265.5 267.8 269.8 270.1 270.1 269.9 271.1 273 275.5 279.9 283.1 284.5 283.6 283.8 284.9 284.2 283.5 283.9 284.4 283.9 283.9 280.6 282.1 282.1 284.1 284.9 285.4 287 287.6 290.3 293.2 295.7 299.7 305 308 310 313.4 315.3 318.3 322.1 325.8 329 331.2 335.2 336.5 339.5 341.5 345.7 349.5 353.5 355.5 357.1 358.2 358.5 359.4 360.2 361.2
284.6 282.3 280 279.2 278.3 279.8 276.4 275.6 268.8 263.1 263.8 266.9 272.5 274.5 271.8 268.7 268.6 269.3 268.7 270 269.7 269.6 270.1 272.6 274.4 274.9 274.7 276.6 279.7 280.6 284.1 286.3 288.4 290.6 291.1 290.1 289 289.1 288.3 287.7 287.4 288.5 285.6 286.5 286.1 286.7 288 289 290.8 291.2 294.1 297.9 300.8 305.9 310.5 314.5 316.8 319.6 322 325.7 329.8 333.8 336.4 338.7 342.1 344.4 344.4 348.3 353.7 357.4 360.3 361.8 363.1 363.8 364.5 365.3 366.1 365.9
278.6 277.1 274.3 271.8 270.7 270.9 271.7 268.8 265.8 265.3 267.9 272 275.8 276.8 275.7 272.9 272.2 273.5 274.5 274.5 273.6 274.8 277.3 279.9 280.8 281.3 281.3 282.4 285.7 289.5 292.1 293.6 296.1 298.9 299 298.2 296.9 296.2 294.9 294.8 297 295.9 291.5 291.8 290.8 290.6 293.9 294.7 295.8 294.6 298.6 304 308.5 312.8 316.7 321.6 325.6 328.7 331.2 334.7 337.9 340.8 345.2 347.6 351.5 353.9 354.4 357 359.5 363.1 366.1 366.7 367.2 367.5 367.9 369.4 368.6 366.1
274.1 272 269.8 268.8 268.1 269.1 269.9 267.9 263 268.4 272.8 276.3 279.1 279.6 279.3 277.9 278 278.6 279.2 280.5 282.2 282.8 284.5 287.2 288.5 289.8 291.4 293.6 297.3 299.5 301.1 302 306.8 310.1 309.1 306.8 305.6 305.1 306.5 310.1 307.5 302.2 300.7 299.7 298.2 299.4 300.1 300.2 301.6 302.7 305.6 309.9 316.1 319.8 324 329.7 333.4 337.1 340.7 343 343.2 347.2 353.8 357.9 360.9 360.7 362.2 363.8 365.5 368.1 368.2 369 369.1 369 369.7 368.2 367.1 363.7
270.9 270.2 268.5 268 267.5 267 265.6 265.2 264.9 271 276.2 280 282.2 283.4 283.1 285.2 286.4 287 287.7 289.7 291.2 291.7 293.6 296.7 299.2 301.4 304.6 307.2 311.2 313.4 314.7 316.1 318.1 320.4 319.4 318.5 318.3 318.6 319.2 318.5 315.1 311.5 310.5 309.6 307.2 306.6 304.7 304.6 307.3 307.9 313.5 318.3 324.2 328.6 333 337.4 341.4 345.1 348.7 350.8 353.3 357.3 361.5 364.2 366.6 367.6 369.3 369.5 370.1 370 370 370.9 370.8 369.7 367.8 365 363.4 359.8
269.4 268 268.8 268.3 267.8 267.7 267.4 266 269 274.1 278.5 283.1 285.3 286.7 289.7 292.1 294.5 295.4 297 299.2 302.7 305.5 306.8 309 311 314.6 318.4 321 325.5 327.8 333.1 335.1 335 337.1 336.3 334.1 333 330.3 328 325.8 322.2 319.8 318 316.9 314.8 312.1 310.8 311.3 312.8 315.4 320.2 326.2 332.3 337.4 340.4 344.6 348.6 352.7 355.8 358 360.7 363.6 366.5 368.4 370.2 371.5 371.6 371.5 371.6 371.3 371.3 371.6 369.2 367.6 365.1 360.4 357.9 354.5
270.1 269.2 268.8 268.5 269.5 270.8 271.1 271.2 272.8 279.4 283.6 286.3 288.9 291.4 295.9 298.4 300.5 302.4 305.7 309.6 313.8 316.7 319.5 322 324.3 329.3 334.6 338.8 341.4 345.3 352.7 361.7 361.1 354.8 352.4 348.7 343.4 340.5 335.5 330.8 326.6 324.5 322.5 320.5 319.3 316.5 314 318.1 317.4 318.2 326.3 332.5 339.1 344 345.4 349.9 354.2 358 361 363.3 365.2 366.8 368.6 370.5 371.5 372.1 372.2 371.9 371.9 371.8 372 370.1 367 363.4 359.8 356.9 353.9 349.9
270.9 270.9 270.1 271 274.2 274.7 274.6 276.6 278.6 284 288.3 291.2 293.4 296 302.1 304.3 306 309.2 312.8 317.6 322 325.9 329.7 334.6 338.4 341.2 348.1 354.2 359.6 361.2 369.2 380.9 379.1 370.1 366.4 359.6 352 346.6 340.1 335.5 329 325.9 323.9 322.5 320.2 319.4 317.7 322.4 319.8 328.3 336.4 336.1 339.7 344.7 348.9 353.8 357.5 361.4 364.4 366.2 367.2 368.1 369.8 371.6 371.7 372.2 372.3 372.4 372.3 372.3 371.9 369.3 365.4 360.9 356.5 353.8 350.7 346.9
272.5 272.9 272.9 275.3 278.2 279.6 279.8 283 285.5 288.6 292.9 295.7 297.6 301.1 306 308.6 311.9 315.7 320.5 325.4 330.1 334.8 338.6 344.3 349.5 353.1 358.6 364.8 371 370.6 372.8 386.4 380.2 377.3 368.5 359.7 353 346.4 341.7 337.2 332.6 327.9 325.4 324.2 321.6 320.5 321 323.9 327.9 332.7 337.5 340.7 343.7 348.1 353.3 358 361 364.6 366.5 367.7 368.7 369.6 371.1 372.1 371.9 372.4 372.4 372.5 371.9 370.1 368.2 366.4 362.4 359.2 354.5 350.9 347.9 344.6
274.1 274.9 276.4 279.3 282.5 284.3 284.7 289 291 294 297.2 299.8 302.3 305.5 309.1 313.4 317.3 321.4 326.5 331.4 336.7 341.1 346.6 351.5 356.3 361.8 366.8 371.3 377 381.5 384.1 388 380.9 374.4 367.4 360.4 354.4 348.1 343.7 339.2 334.8 329.6 326.5 324.7 324.3 324.2 325.8 329.1 334.3 337.5 341 345.5 348.8 351.8 356 362 365.5 367 368.3 369.7 370.7 371.3 372.5 372.5 372.3 372.5 371.7 370.1 368.8 366.3 364.6 361.7 358.6 357.5 353.2 349.9 347.1 343.6
278.6 278.9 281.1 284 287.5 290 292 293 295.1 298.2 301.3 303.8 306.3 309.1 312.7 317.1 322.6 327.4 332.4 337.4 342.6 349.5 355.5 360.3 364.4 367.7 373.1 377.9 383 389 398.2 390.6 380.3 374.6 369.3 363.5 358.5 352.9 346.4 341.9 337.7 333.2 330 328.3 329.6 330.7 331.4 335.7 340.1 342.3 346.1 350.2 353.6 355.4 358.9 364.8 367.5 368.3 369.3 370.8 372.4 373.2 373.1 372.7 372.6 371.2 369.5 367.7 365.7 364.3 363.2 359.8 357.7 356 353.4 350.2 347.1 343.9
283.4 285.5 288.1 290.6 293 295.4 296.5 296.7 299 301.8 304.5 307.8 310.4 313.1 316.5 320.8 326.3 331.4 336.4 342 347.5 354.5 360.8 365.8 371.3 374.1 378.7 384 387.4 392.8 401.9 387.5 380.8 372.9 368.5 363.9 360.6 355.8 349.7 344.7 340.7 337 333.6 334.6 336.5 338.4 340.4 342.6 345.2 347.8 350.2 353 355.7 356.9 361.2 366.3 368.5 368.9 369.4 371 372.5 373.7 373.3 372.9 372.1 370.8 369.1 367.2 365.3 363.8 362.2 359 357 355.2 352.7 349.1 345.3 341.8
289.3 292 294.2 296.6 298.9 299.5 301.1 301.8 302.4 305.8 309 311.7 314 315.8 318.5 323.9 329.2 334.5 339.7 345.5 351 357.2 363 368.2 373.8 377.8 382.2 386 388.5 391.6 395.4 383.4 377.4 370.1 365.6 362.6 360.5 357.1 351.7 347.5 343.4 339.7 337.5 339.3 341.5 344.2 346.4 347.8 349.8 351.4 352.9 355.7 356.9 357.9 362.2 366.5 368.9 369.9 370.6 370.7 371.4 373.3 373 371.3 369.8 369.7 368.4 366.3 364.2 362.2 359.7 358.2 356.1 353.8 349.4 346.7 342.6 338.6
