Game/Highland_Data/StreamingAssets/GeoData/Data/nn/NN58.asc
ncols 200
nrows 200
xllcorner 250000
yllcorner 780000
cellsize 50
[rows 35 to 69 of 200, columns 0 to 77 of 200]
296.1 293.6 294.2 300 302 308.7 307.1 289.9 278.8 274.4 265.1 260.7 261.5 246.6 246.6 246.6 246.6 246.6 246.6 246.6 246.6 246.6 246.6 246.6 246.6 246.6 246.6 246.6 246.6 246.6 246.6 246.6 246.6 246.6 246.6 246.6 246.6 246.6 253 258.6 260.7 262.3 266.4 271.5 275.6 277.8 278.1 278.8 284.8 286.4 285.6 285.3 286.6 292.5 295.8 298.5 306.1 312.5 316.8 319.8 321 324.9 324.8 327.8 333.3 337.4 339.3 341.4 338.9 336 326.4 325.7 324 318.3 312.6 308.5 304.6 302.4
290 289.5 287.8 293.9 294.8 299.1 294.4 277.6 267.7 259.8 252.4 250.1 246.6 246.6 246.6 246.6 246.6 246.6 246.6 246.6 246.6 246.6 246.6 246.6 246.6 246.6 246.6 246.6 246.6 246.6 246.6 246.6 246.6 246.6 246.6 246.6 246.6 259.7 266.9 270.9 271.7 273.7 280.9 282.2 281.6 282.1 283.4 284.3 286.1 288 287.8 288.3 294 299.1 306.2 311.2 317.5 319.7 322.7 325.9 328.5 331.2 334.8 342.1 346.4 349.4 349.7 349.5 343.1 336.9 332.8 327 319.7 314.6 310.7 305.8 305.7 307
281.4 278.2 279 282.7 284 284.3 277.5 264.7 259.1 250.3 246.6 246.6 246.6 246.6 246.6 246.6 246.6 246.6 246.6 246.6 246.6 246.6 246.6 246.6 246.6 246.6 246.6 246.6 246.6 246.6 246.6 246.6 246.6 246.6 246.6 254.3 264.2 269.9 272.6 275.9 281 283.7 284.7 285.7 288.8 290.4 290.8 292.7 289 291.7 293.4 295 299.8 307.5 313.2 317.3 320.6 323.9 328.4 333.2 337.9 344.1 350.5 357.2 363.9 363.5 359.7 352.1 342.1 334.6 327 322 316.9 313.4 308.7 310 310.9 311.6
279.1 270.5 269.2 272.2 272.5 273.2 268.3 260.6 246.6 246.6 246.6 246.6 246.6 246.6 246.6 246.6 246.6 246.6 246.6 246.6 246.6 246.6 246.6 246.6 246.6 246.6 246.6 246.6 246.6 246.6 246.6 246.6 246.6 246.6 254.5 268.8 273.9 277.9 282.1 286.1 287.4 289.5 290.9 292.5 297.6 298.6 297.4 296.8 298.4 293.7 298.8 301 309 315.4 319.2 323.1 327.6 333.2 337.4 343.1 349.6 357.8 367.3 378.3 383.3 371.6 356 344.1 336.1 327.8 324.3 317.6 314.8 309.9 312.8 315.5 315.1 315.4
267.5 270 266.4 261.4 262.2 263.8 260.2 246.6 246.6 246.6 246.6 246.6 246.6 246.6 246.6 246.6 246.6 246.6 246.6 246.6 246.6 246.6 246.6 246.6 246.6 246.6 246.6 246.6 246.6 246.6 246.6 246.6 246.6 254.8 268.4 275.6 280 284.3 288.2 290.2 292.1 295.7 299.2 297.5 302.6 303 302.1 302.1 300.2 304.1 305.5 310.4 318.4 324.1 328.3 332.1 335.8 342.3 349.7 356.1 363.6 374.3 389.3 398.3 383.2 363.9 349.7 340.7 330.4 323.7 320 315.5 312.2 313.5 315.8 317.3 317.9 318.8
261.4 260.1 257.5 252.2 249.3 246.6 246.6 246.6 246.6 246.6 246.6 246.6 246.6 246.6 246.6 246.6 246.6 246.6 246.6 246.6 246.6 246.6 246.6 246.6 246.6 246.6 246.6 246.6 246.6 246.6 246.6 246.6 256.7 267.4 275.1 280.6 284.3 288.2 292.5 294.6 297 303.1 304.5 304.4 304.7 305.4 305.6 305.7 305.8 308.3 314.6 320.7 327.1 331.6 337.5 340.5 346.9 355.3 365.2 371.9 381.7 397.5 401.4 391.7 373.1 358.9 346.8 335.5 327 321.9 319.2 315 315.5 317.5 318.5 320.6 322.2 324.8
252.2 246.6 246.6 246.6 246.6 246.6 246.6 246.6 246.6 246.6 246.6 246.6 246.6 246.6 246.6 246.6 246.6 246.6 246.6 246.6 246.6 246.6 246.6 246.6 246.6 246.6 246.6 246.6 246.6 246.6 246.6 253.1 266.6 276.4 283.6 285.4 290.5 295.2 296 297.1 304 307.9 308.2 307.4 306.5 307.6 308.5 310.7 313 315.5 323 329.3 333.9 341.7 348.5 355.3 362 370.6 377.7 388.6 402.6 404.9 395.8 379.3 363.2 352.8 341.5 332.3 326.3 322.5 318.9 316.9 317.8 320 321.7 323.5 327.3 330.8
246.6 246.6 246.6 246.6 246.6 246.6 246.6 246.6 246.6 246.6 246.6 246.6 246.6 246.6 246.6 246.6 246.6 246.6 246.6 246.6 246.6 246.6 246.6 246.6 246.6 246.6 246.6 246.6 246.6 246.6 255.4 266.3 275.3 283.4 286.1 289.3 294.5 299 299.2 300.6 306.4 310 310.4 310 310.5 311.8 314.3 315.6 321.1 325 331.3 336.5 343.5 353.3 360.6 368.3 375 382.5 393.3 404.6 405.3 402.4 390 371 357.3 347.9 338.1 333.5 326.6 323.2 320.2 319.2 320.7 322.2 324.1 327.7 331.3 335.4
246.6 246.6 246.6 246.6 246.6 246.6 246.6 246.6 246.6 246.6 246.6 246.6 246.6 246.6 246.6 246.6 246.6 246.6 246.6 246.6 246.6 246.6 246.6 246.6 246.6 246.6 246.6 246.6 246.6 253.5 265.3 276.1 282.9 287.2 290.5 294.5 298.5 303.1 305.8 306.5 309.2 310.4 311.9 313.4 315.8 316.9 319.7 323.6 328.3 333.5 338.3 344 351.2 362.3 371.2 380.9 389 398.7 405.2 404.6 402.2 396 377.9 363.3 350.8 341.7 336.2 332.5 327.9 324.4 323.1 322.9 324.3 326 329.4 332.7 335.7 338.6
246.6 246.6 246.6 246.6 246.6 246.6 246.6 246.6 246.6 246.6 246.6 246.6 246.6 246.6 246.6 246.6 246.6 246.6 246.6 246.6 246.6 246.6 246.6 246.6 246.6 246.6 246.6 246.6 253.4 265.7 276.3 284.5 288.4 292.2 296.9 300.5 303.8 308.2 310.9 311.6 311.3 312 314.5 316.8 319 322.3 325.6 330.4 335 338.4 346.7 352.8 363.6 374.2 383.1 394 403.4 410.1 411.6 408.3 399.3 386.1 372.9 361.3 347.8 341.7 337.4 332.8 328.9 326.6 325.9 324.4 327.8 330.2 333.7 335.8 337.4 341.7
246.6 246.6 246.6 246.6 246.6 246.6 246.6 246.6 246.6 246.6 246.6 246.6 246.6 246.6 246.6 246.6 246.6 246.6 246.6 246.6 246.6 246.6 246.6 246.6 246.6 246.6 246.6 255.3 268.4 276 284.5 290.3 294.4 299.3 302.1 304.6 309.4 312.7 314 314.2 315.7 316.3 317.8 320.2 322.6 326.2 330.8 336 342.3 348.4 356.8 366.3 377.6 387.5 397.8 406 413 415.8 413.7 407.8 395.1 382.5 371 357.4 347.4 341.6 337.4 333.3 331.4 330.3 328.4 327.8 330.7 332.8 335.2 338.6 341.3 343.2
246.6 246.6 246.6 246.6 246.6 246.6 246.6 246.6 246.6 246.6 246.6 246.6 246.6 246.6 246.6 246.6 246.6 246.6 246.6 246.6 246.6 246.6 246.6 246.6 246.6 246.6 253.6 264.3 277.8 286.4 290.2 295.4 300.4 303.3 304.6 309.8 314 314.8 315.1 321.8 320.6 320.4 322.2 324.1 328.5 332.6 337 343.4 351 358 367 379.4 391.2 401.7 410.4 416.6 419.5 420.3 414.4 404.1 393.7 380.6 368.7 355.9 347.4 342.7 337.1 334.8 332.7 331.3 328.5 330.5 333.6 335.5 337.4 340.7 343.5 344.6
246.6 246.6 246.6 246.6 246.6 246.6 246.6 246.6 246.6 246.6 246.6 246.6 246.6 246.6 246.6 246.6 246.6 251.3 248.4 246.6 246.6 246.6 246.6 246.6 246.6 259 263.2 273.6 288.6 293.6 297.2 300.3 303.4 306.3 309.7 314.6 315.8 316.3 318.9 321.8 322.7 324.9 325.8 329.6 335.1 340.3 346.1 353.1 358.8 367.2 379.8 391 402.8 412.2 420.2 425.2 425.8 421.3 415.1 405.3 390.4 378.1 365.9 354.6 346.3 341.6 338.7 336 333.7 332.6 329.9 333.2 336.1 337.7 339.2 342.2 345.3 345.7
246.6 246.6 246.6 246.6 246.6 246.6 246.6 246.6 246.6 246.6 246.6 246.6 246.6 246.6 248.6 253 251.1 249.7 246.6 247.4 250.3 250.6 249.2 251.3 260.8 265.1 270.8 282.5 296 300.4 302.4 304.4 306.4 309 312.3 314.4 317.5 319.5 322 325.2 326.8 327.1 331.6 337.1 341.9 349 354.6 361.1 369.7 380.6 391.9 402.9 413.1 422.4 429.7 431.1 427.2 423.9 415.9 405.7 391.2 375.4 364.2 354.9 348 344.2 341 338.1 335.7 333.1 333.9 336.1 337.9 339.6 341.4 344.1 346.9 349
246.6 246.6 246.6 246.6 246.6 246.6 246.6 246.6 246.6 246.6 246.6 246.6 246.6 246.6 251.2 254 253.6 251.3 248.1 249.8 252.2 254.2 255.1 262.8 272.5 275.2 281.8 295.8 302 304.1 304.8 306.6 307.1 310.5 314.4 317.9 321.8 323.8 326 328.3 329.7 332.9 339.2 344.8 350.3 356.1 363.7 371.6 381.9 392.8 405 413.3 422.4 430.8 437.9 439.1 437.5 431.2 417.4 399.4 382.4 370.5 361.2 354.4 349.8 347 343.5 340.3 337 335.1 337.1 338.5 339.9 340.9 343.2 346 347.9 349.6
246.6 246.6 246.6 251.8 254 251.3 254 250.2 250.5 248.4 246.8 246.6 248.3 250.3 251.5 251.5 254.5 252.3 251.1 250.6 252.9 256.4 260.5 268.1 278.3 283.7 291 301.3 303.4 304.9 306.2 306.8 308.1 312.1 316.4 321.1 325.1 328.6 329.7 330.8 335 341.3 348.2 353 359 366.1 372.5 382.2 392.9 404.2 414.6 421.8 431 436.3 439.7 443 433.3 421.7 404.4 388.6 377.4 367.3 361.3 355.5 353.5 349.3 344.8 340.8 338.1 336.8 338.2 339.8 341.4 342.5 344.4 346.9 348.6 350.3
246.6 246.6 246.6 253.8 257.4 260.2 262.1 262.6 261.7 259.8 254.6 256.9 258.1 255.1 252.5 251.6 258.1 254.3 255.8 251.9 253 258.5 263.3 265.1 268.8 280.5 292.9 300.9 304.8 305.8 306.3 308.3 310 314.3 319.4 324.3 328.3 331.3 333 336.6 341 348.6 353.1 360.8 367.3 373.7 382.6 392.9 404.2 413 421.1 429.2 434 434.6 431.7 423.6 417.6 405.1 393.5 382.2 371.5 365.5 362.3 359.6 356.6 351.3 346.8 342.7 339.4 337.9 339.5 341.3 342.8 344 345.7 347.4 349.2 351
246.6 251.2 254 257.8 261.8 269.1 270.6 268.5 265.5 263.5 261.7 260.7 264.2 264.4 258.5 259.3 260.7 263.7 254.5 253.7 256.6 266.6 274.2 282.5 283.3 277.2 288.2 296.6 305.2 307.4 307.6 310.3 312.5 316.6 321.9 328 332.1 333.9 336.8 342 350 354.4 361.2 368.5 375 382.7 391.7 401.8 410.2 418.7 427.6 433.2 437.9 437.1 430.7 420.1 410.1 400.1 387.5 377.8 370.9 368.2 366.8 362 357 353.3 349.6 342.9 340.8 339.7 340.4 342.7 344.1 345.7 347.7 349.1 350.1 352.2
249.4 257.8 265.6 269.7 268.6 275.5 272.6 270.1 270.2 266.8 266.3 267.6 268.9 267.8 266.8 266.6 261 260.9 255.1 257.9 265.9 277.7 286 294 300.9 300.5 291.7 294.1 302.7 308.7 310 312.2 315.7 321.9 326.5 331.6 335.3 338.4 342.2 351.1 355.8 362.2 368.6 376 382.6 390.4 399.2 409.6 417.2 424.8 432.8 439.5 441.6 437.5 428.1 417.9 407.2 396.5 387.1 379.4 373.9 370.7 367.1 362.9 358.1 353 348.1 343.8 342.4 341.2 342 343.8 345.5 347 349.4 350.1 351.2 352
265.5 270.4 275.8 279.5 282.4 279.2 273.8 275.1 275.4 276.2 276 276.9 276.2 277.7 276.7 273.1 269.8 263.1 260.3 264.8 276 287.2 294.6 300.9 303 305.4 296 304.5 303.7 311.6 312.4 315.1 320.1 326.5 330.9 335.7 339.5 344.2 350.3 356.8 362.3 369.3 376 382.2 389.4 397 406 413.8 421.9 431.9 438.9 444.8 442.4 434.5 425 414.4 404.5 393.7 387 381 375.6 371.6 367.5 363.3 356.6 351.5 346.9 344.8 343.6 342.2 343 344.9 346.5 348.2 349.3 349.8 350.7 350.6
274.3 278.1 280.2 283.6 286.1 285.2 282.2 282.5 281.4 282.7 285.7 286 283.3 280.8 278.5 275.6 272.7 271.9 265.5 273.7 280.5 287.2 295.4 304.8 308.2 310.5 300.8 311.9 310.5 312.8 315.5 320 325.7 331.6 335.6 339.7 343.3 348.6 356.8 363.1 368.8 376.2 382.9 388.2 396.4 402.8 409.6 418.7 428.3 437.5 445.9 448.1 441.5 431.3 420.5 410.6 400.2 392.3 387.7 382.7 376.4 370.6 366.2 361.6 355.5 350.8 347.3 345.2 344.3 343.3 343.9 345.4 347 347.8 348.1 349.2 349.7 349.4
284.8 285.7 286.5 288.2 289.5 290.5 291.3 290 287.1 288.5 289.9 287.9 285.1 282.7 278.9 277.1 275.7 273.6 273.7 279 289.4 299.4 302.3 304.9 314.2 313.8 310.2 313 313.7 315.8 318.7 324.4 331.4 335.6 339.9 343.2 349.2 356.9 363.2 369.7 375.5 381.1 387.8 395.5 403.2 409.3 418 425 432.3 440.8 448.3 441.4 434.4 426.8 416.1 407.2 397.8 391.8 387.7 382.3 375.6 370 364.6 360.3 354.6 350.4 347.4 345.6 344.8 343.9 343.7 345.4 346.9 347.6 348 348.1 348.2 347.6
293.2 293.5 295.7 294.7 291 290.9 288.5 290.8 291.9 291.1 291.4 291.2 286.7 282.5 282.4 282.6 279.6 282.7 281 287.1 299.7 309.4 314.6 310.4 316.7 316.1 315.4 315.6 316.8 320.1 324.5 330.9 335.5 340.2 345.6 349.8 355 361.7 368.7 375.2 380.7 387.6 394.3 401.9 408.4 415.3 421.2 426.6 433.4 437.4 436.9 432.7 428 417.4 410.9 401.7 395.3 391 387.4 382.6 375.7 368.5 363.2 359 353.4 349.8 347.8 346 345.1 344.3 343.8 345.6 347 347.4 347.6 347.4 347 345.8
290.3 289.5 288.6 288.3 288.3 288.3 289.9 292.4 298.9 295.4 290.9 290.6 286.6 287.4 289.7 288.3 285.8 282.3 286.8 296.7 305.8 315.1 317.7 315.8 318.3 317.3 318.4 319.4 321.2 325.3 330.6 336.5 340.5 343.5 349.3 355.1 360.9 367 373.7 379.9 386 391.7 399.3 406 412.1 418.2 419.8 423.6 428 429.4 425.7 423.1 417.9 413.2 405.6 399 395.3 391.5 386.9 382.1 374.6 368 362.4 357.9 353 349.9 347.9 346.3 345.5 344.8 343.9 345.3 346.7 347.1 346.8 346.1 345.5 345.4
285 288.3 288.3 288.3 288.3 288.6 292.9 293.3 293.9 296.2 292.4 291.6 293.4 297.7 296.7 293.3 289.3 287.7 296.1 304.2 312.5 315.8 317.7 317.6 318.7 319 322.2 323.4 325.7 329 335.9 341.9 345.5 348.7 354.6 360.9 367.1 372.3 378 384.2 390.5 397.6 403.7 408.7 411.6 414.3 415 419.7 421.1 420.4 419.1 416.5 413.4 409.6 403.2 398.7 394.4 391 387.8 380 373.8 367.6 360.7 354.6 352 348.9 347.2 345.7 345 344.4 344 344.9 345.7 346.2 346.2 345.4 344.3 346.6
285.8 288.3 288.3 288.3 288.3 289.3 293.3 297.9 294.5 294.2 296.7 299 304.1 311.4 305.2 299.8 290.7 296 299.4 311 316.3 319.4 319 319.9 322.5 321.7 326 327.1 329.3 335 339.8 345.5 350.3 354.4 360 364.8 370.7 376.8 382.7 387.5 393.3 399.9 403.6 407.3 410.4 412.9 413.7 415.7 417 418 416.9 414.2 410.9 405.4 402.3 396.7 393.3 389.6 384.9 379.2 373.5 363.8 357.2 352.7 350.5 348.1 346.5 345.3 344.9 345.5 344.5 345.5 345.4 345.8 345.1 345.6 346 347.3
289.7 288.5 288.8 294.7 289 290.6 293 294.2 294.8 300.2 311.6 314.5 311.8 314.7 306.7 297.8 297.9 301.6 306.4 314.3 319.3 321.8 322.1 323.6 325.9 327.9 328.6 332.2 333.9 338.7 343.3 348.5 353.7 358.1 363.6 368.3 373.3 378.6 383.2 387.1 393.8 396.6 400.5 404.6 407.2 410.6 412.1 413.3 415.1 414.5 413.1 409.1 404.7 401.4 399.5 394.6 392.5 388.1 384.3 379.2 371.8 361 355.8 350.4 351.2 347.5 346.1 345.6 346.4 346.1 344.8 344.6 345 345.3 345.9 346.3 346.9 347.1
290.1 292.8 291.9 296.8 292.8 291.8 293.3 296 299.7 308 314.7 316.4 311.7 306.5 302.4 300.3 301.8 308.8 316.7 319.7 323.4 326.9 329 330.9 330.9 332.8 334.3 335.9 339.2 343.2 346.7 352.4 357.3 361.7 366.2 371.5 375.4 378.5 382.7 386.4 390.7 392.5 396.5 400 403.1 404.5 408.6 410 411.1 410.2 407 402.5 400.6 396.9 395.4 393 388.3 385.3 380.9 373.9 366.8 358.5 354.2 351.2 348.5 348.4 348.3 347.4 346.7 345.9 345.2 345.4 344.7 345.7 346.7 347.4 347.9 348.5
285.8 290.7 291.1 292.8 292.8 294.3 297.2 304.5 304.5 313.2 316.1 315.6 311.3 312.6 304.9 304.4 309.1 317 322.5 325.7 327.5 331.2 333.8 334.5 335.2 336.7 338.9 340.6 343.6 346.7 351 355.9 360.1 363.3 366.5 371.9 375.3 377.8 380.1 384.5 387.6 389.5 392.5 395.8 397.5 398.8 402.4 403.7 402.5 402 397.7 398.1 392.8 390.8 390.6 386.9 383.6 381.2 375.4 369.1 359.6 359.2 353.6 351.7 353.2 353.1 351 349.3 348.2 346.5 345.3 345.9 346.1 346.3 347.1 347.9 348.6 349.6
289.2 289.5 291.2 292 293.8 297.6 305.3 306.9 310.4 315.5 322.5 317.9 316.2 312.2 307.9 308.7 317.5 324.1 327.5 329.5 331.3 334.9 338.1 338.2 339.1 340 342.7 346.3 347.7 350.2 355.1 357.7 360.8 363.5 366 369.3 372.2 374.3 376.5 379.8 383.6 386.1 389.3 390.1 392.4 391.9 394.7 394.3 392.3 391.2 389.3 388.3 387 386.4 385 381.8 379 374.8 371.3 364.3 362.5 359.8 359.2 358.8 357.4 356.6 354.1 353.2 350.7 349 346.1 346.2 346 346.5 347.5 348.4 349.4 350.4
291.6 289.8 291 292 295 300.7 307.3 310.5 313.4 315.8 321.9 319.3 316.5 314.7 312 318.7 325.2 329.9 335.5 334.3 337.7 339.7 341.9 343 343.8 345.5 346.2 348.7 351.3 353.8 356.5 358.3 360.6 362.7 363.2 364.8 367.2 369.2 372.4 374.4 378.6 380.5 383.9 385.5 385.9 385.9 387.2 385.6 385.2 384.1 379.5 378.7 377.3 376.9 373.3 371.1 369.1 369.3 368.5 370.6 370.2 368.8 367.5 364.4 362.5 360.2 357 355.6 354.3 351.6 345.9 346.4 347.1 347.1 348 348.8 349.8 350.9
293.3 291 293.6 292.9 303.8 303.5 308.6 311.6 314.7 319.9 317.5 321.9 321.4 319.7 321.5 326.9 332.8 335.1 339 341.4 342.9 344.3 346.4 349.1 350.2 351 350 352.5 356.2 354.5 357.2 359.2 360.1 362.4 363.5 364.3 365.3 367.7 371.1 374.2 377.1 379.4 381.4 382.7 383.6 384.1 384.9 386.9 387.2 388.1 390.5 392.1 391.4 392.3 390.1 386.8 386.3 383.3 380.4 378.7 378.5 376.2 374.7 370.5 367.7 364 359.7 356.6 353.2 349.7 346.2 346.5 347.2 347.4 347.9 349.2 350.3 351.9
299.1 293.7 295.2 300.5 305 307.2 310.2 313.5 317.2 319 320.7 321.7 328.1 329.4 328.9 332.8 336.5 339.2 341.9 344.5 347.7 351.3 351.7 356.2 354.9 354.7 354 355.9 356.8 357.1 356.7 359.4 361.4 363.2 364.1 365.3 368 369.4 370.7 373.8 376.3 378.5 380.5 381.5 382.8 384.1 386.7 389.8 393.4 395.7 401.3 402.8 406 402.1 401.3 397.8 394.8 391.3 389.7 388.8 385.5 385.1 382.5 377.1 372.6 366.6 362.3 359.1 352.7 347.5 346.2 346.7 347.4 347.6 347.9 350.1 351.2 352.6
306.1 302 300.1 301.3 305 307.9 311.1 313.8 317.4 320.1 325.8 323.4 330.5 334.7 333.4 336 339.4 342.1 346.7 349.6 351.4 355.2 357.8 359.6 359.3 358.6 357.9 357.8 357.6 359.4 357.9 360.5 362.3 363.8 364.7 366.8 369.7 371.1 374.1 374.1 377.6 380.1 381.2 382.4 385 388.8 394.7 398.5 406.1 412.6 417.8 420.6 420.9 417.1 413 408 404.1 403.2 400 400.9 400.8 398.9 393.1 386.3 379.6 373 369.3 360.3 351.1 346.6 346.5 346.8 347.4 348.1 348.3 350.4 352.1 353.3
310 306.2 305.8 308.3 315.8 313.9 311.8 314.6 320 323.8 328.5 330.1 335 334.8 336.9 340.2 344.2 346.9 350.8 354.1 356.6 359.2 361.1 362.3 363.9 362.9 361.1 359 358.8 358.7 358.7 360.6 363 364.8 366.3 369.2 371.5 373.4 377.3 380.6 379.2 380.4 382.9 387.1 392.3 396.4 400.6 410.3 419.6 436.1 439.7 436.5 433.5 431.2 426.8 421.6 419.7 422.8 420.7 417.8 416.6 410.2 402.2 394.8 386.9 379.5 372.5 363 349.7 347.3 346.9 347.2 347.5 348.1 349.9 351 352 353.3
