Game/Highland_Data/StreamingAssets/GeoData/Data/nn/NN60.asc
ncols 200
nrows 200
xllcorner 260000
yllcorner 700000
cellsize 50
[rows 0 to 35 of 200, columns 0 to 80 of 200]
341.3 317.3 303.4 295.1 293.5 293.1 292.3 289 278.9 265.2 253.4 247.5 243.3 239.9 236.5 234.4 230.6 227.8 229.1 233 236.4 238.4 248.4 260.9 274.8 280.1 281.6 283.3 284.3 284.9 286.2 286.2 289.5 292.4 298.5 297.7 290.8 285.9 285.8 285 283.6 281.6 277.8 276.4 279.5 284.6 293.4 297.8 298 298.7 298.8 298.5 297.8 296.8 296.3 296.9 297.2 297.4 297 295.8 293.7 293.3 291.6 291.8 293.2 293.6 288.8 285.4 281.9 274.5 266.9 253 244.7 239.5 235.4 227.8 221.8 216.5 198.5 179.5 191.5
323.1 298.6 284.5 276 272.8 269.9 264.8 260.1 255.5 249.2 245.6 241.6 238.3 233.8 230.8 227.1 223.8 222 222.8 225.6 228.2 235.8 242 248.1 254 265.3 271.8 275.3 276.9 280.3 281.6 285.2 288.4 290.2 290.9 286.7 281.8 282.5 281.1 278.3 273.7 273.1 271.6 276.6 282.2 292.7 294.1 296.3 299.2 299.5 299.7 299.4 298.9 298.7 298.7 298.3 298 297.6 297 296 294.6 293.6 293.8 294.6 295.7 294.1 291.5 287.5 282.8 274.6 259.5 249.1 243.2 237.8 232.8 225.1 219 209 178.9 197.5 204.2
310.4 287.9 272.8 264.4 261.1 258.3 254.3 249.1 245.2 242.3 239.2 237.5 235.7 232 228 222.3 218.7 216.4 217.6 221.5 226.6 232.6 238.1 242.4 247.3 251.3 257.6 263.9 268.5 275.1 272.7 272.6 286.3 290.8 289.2 277.1 276.6 276.5 277.3 272.4 266.9 267.1 269.5 280.1 286.8 290.8 292.5 296.1 298.6 300.5 301.7 302 301.4 300.9 300.8 300.1 299.6 299 298.1 296.5 295.7 295.2 296.3 295.7 294.4 293.2 291.1 286.1 279.9 268.7 255.8 248.7 241.6 239 229 222.8 212.8 197.3 176.3 199.9 215
300.6 286 272.3 258.4 252.7 249.4 246 242.1 238.4 235.6 233.5 232.5 231.8 229.2 222.7 218.2 215.7 213.1 214.2 215.5 222 225.1 227.8 231.8 238.9 246.1 249.6 254.5 264.1 273.4 280.2 283.9 285.6 287 278.1 275.3 272.4 268.9 271.9 265.3 262.2 267.7 278.2 282.3 285.8 290.3 294 299.3 303.4 306.3 305.6 304.3 304.2 303 302.9 302.3 302 301.6 299.3 297.8 296.5 295.8 294.9 294.5 292.7 289.4 286.5 282.2 273.5 263.6 255.4 249.3 241.8 236 227.4 218.9 204.8 190.3 173.5 191.8 211.1
294.6 283.1 267.9 252.9 245.3 240.9 237.3 234.3 232 228.9 226.8 227.3 226.5 221.9 216.9 213.9 211.5 210.4 211.3 209.5 210.9 214.5 218.5 222 225.6 233.9 240.6 249.3 261.2 271 276.1 280.8 278.9 273.5 271.8 270.9 269.2 265.4 264 257.2 269.5 278 284.3 287.5 288.7 292.9 298 302.1 306 308.8 307.7 308.7 307.4 304.8 304.9 305.2 305.2 304 301.7 300.1 297.8 295.6 293.8 293.3 291.8 286.8 282.5 277.5 269.7 261.6 256.5 250.4 243.1 234.5 222.6 212.6 198.7 181.8 172.6 195.4 216.5
267 260.6 253 243.8 237.2 233.4 230.6 228.6 226.4 223.3 221.3 220 218.9 215.5 212.9 210.9 209.2 208.7 207.4 207.1 202 211.6 216.5 217 220.8 227.5 239.5 249 255.6 264.5 271.7 272.8 266.5 264.2 264.6 266.4 264.8 263.7 246.6 270.3 276.7 282.6 288.3 292.1 294.6 295.6 299.3 302.9 305 307.1 311.4 313.2 312.3 308.8 309.7 312.2 309.6 306.9 305.3 304.7 300.5 297.1 293.5 290.8 288 283.2 279.6 275.2 267.5 259 254.1 248.8 240.6 229 216.8 204.2 189.5 171.8 182.5 198.7 212.5
252.9 248.8 241.4 234.4 229.1 226.1 224.4 222.3 221 219.9 218.7 216.2 213.7 211.7 209.6 207.6 208.4 210.8 211.2 208.4 202.8 203.5 204.7 208.9 215.4 231.1 239.4 243.7 250.3 253.1 252.8 252.8 254.8 257.6 257.7 251.4 241 246 266.9 272.4 279.6 284.9 291 294.4 295.5 297.5 301 303.5 306 309 313.1 315.8 317.5 320.1 317.6 317.3 314.6 311.2 309.6 307.6 304.6 300.3 295.2 289.1 284.2 278.8 275.9 272.2 265.2 258.1 252 244.9 233.2 222 213.5 202 185.4 169.7 179.7 191.2 207.7
242 238.1 232.8 227 222.8 220.2 218.3 217 216 216.6 216.1 214.6 211.9 209.6 207.4 205.3 205.1 210.5 212 212 204.2 197.4 196.6 199.2 210.8 226.8 230.7 236.7 239.8 232.1 230.7 238.5 246.6 246.6 233.3 217.2 239.9 266.8 270.9 276.2 281.9 285.7 290.4 293.2 296 299.4 303.1 306.3 309.7 312 315.6 318.2 321.8 324.9 326 325.6 321.7 320.3 317.7 315.1 310.9 303.6 297 291 285.1 278.8 273.3 267.8 261.9 256.9 247.1 237.3 227.8 220.6 211.2 200.4 185.8 172.5 175.3 187.5 203.2
229.7 226.7 222.7 219.7 217.5 214.8 213 213.2 213.4 214.1 214.9 214.1 211.9 209 206.3 204.1 202.6 204.7 215.3 218.9 204.8 197.2 189.3 192 201.3 211.5 221.8 232.4 221.9 212.7 219.4 233 225.7 210.3 205.6 231.9 253.8 266.7 273 279.9 282.9 284.9 290.1 294.6 298.3 301.4 305.8 309 311.1 315.1 321.3 324.9 328.8 329.9 330.6 329.9 331.1 330 323.5 317.6 312.4 306.1 300.7 294.5 287.3 279.5 274.8 271.2 264.8 253.1 242.1 235.1 227.4 216.9 207.2 197.3 187.2 176.5 168.1 180.9 198.6
218 217.1 215.1 213.8 211.7 209.4 208.2 209.9 212 212.5 213 212.5 212.5 210.9 209 206.5 203.2 201.5 201 203.4 202.5 194.9 191 186 189.2 197.5 201.6 205.6 202 199.6 202.8 200.1 190.3 204.7 228.6 245.2 256.9 267.3 274.1 278.9 280 282.8 287.1 292.4 297.9 305.3 311.3 317.4 316.8 321.2 327 331.5 335.4 336.1 335.9 336.4 338.7 336.8 326.2 320 314 308.4 302.8 295.9 286.6 280.3 279.8 274.1 264 256.3 250.2 238.4 227.3 218.8 211.8 202.5 193.6 183.7 171.7 171.7 195.2
201.6 205.3 206.7 205.9 205.5 204 204.9 207.8 210.9 211.6 211.6 211 211.3 211.4 211.8 211.6 209.1 204.7 200.5 200.2 200.5 198.3 195.1 192.9 178.5 181.6 183 184.8 187.4 186.4 183.6 169 199.7 221 234.9 247 259.3 268.2 274.9 278.1 279.7 283.9 287.9 294.1 303.8 314 320.2 323.8 323.7 330.4 331.4 333.3 336 338.5 342.3 340.7 339.4 336.3 329 322.4 315.6 308 300 291.1 285.4 283.1 283.1 272.7 266.7 262 254.7 243.5 234.4 225.9 220.3 210.6 200.6 190.3 177.4 165.9 190.3
191.9 194.8 195.5 197.6 198.9 199.6 202.1 206.4 209.6 211.6 210.9 209.7 209 208.5 210.6 214.7 213.1 206.9 202 201.4 201 202.7 202.1 198.7 188.6 148.1 158.8 168 173.5 169.9 167.1 194.5 215.8 222.3 232 245.7 257.4 266.2 271.8 275.6 279 285.7 290.7 300.4 311.2 319.7 326.1 329 332.3 331.6 329.8 331.9 338.5 340.7 338.3 338 336.1 331.9 327.8 321.9 314 309.3 303.3 297 292.1 285.4 280.3 278.6 270.7 266.7 263.8 250.9 244 237.9 225.6 215.3 205.2 194.2 180 166 187
182 183.2 185.4 188 190.2 192.3 198.1 203.2 207.8 212.6 215.1 211.7 208.8 205.5 203.2 203.9 205.4 203.2 200.4 199.9 202.5 203.5 203.3 195 184.4 158.5 135.9 148.5 154.3 156.7 189.2 198 205.3 215 227.2 239.8 251.3 259.6 265.8 270.8 278.1 286.5 294.6 303.9 312.8 322.6 329.4 329 325.8 327.3 328.4 332.4 337.7 338.4 332.7 332.4 330.5 327.4 323.9 319.4 317.3 314.2 310.5 304.8 295.5 289.6 285.7 282.4 277.7 274.2 267.6 258.2 251.1 239.4 227.8 215.9 207.4 195.1 179.7 164.7 186.3
174.7 172.5 176.2 180.2 182.4 185.3 190.9 197.4 203.5 209.4 214.5 216.8 217.5 209.2 199.8 194 194 195.5 194.4 197.3 198.5 196.9 192.2 184.6 172.8 157.1 137 130.8 146.8 170.3 176.9 185.7 193 204.8 217.3 229.9 243.1 251.3 259.3 267.6 277.4 288.5 300.6 306.2 316.7 319.4 320.3 320.3 324.1 328.6 329.2 328.6 329.9 329.7 328.2 326.5 324.3 322.4 322.2 322.5 320.2 316.7 311.4 305.9 301.6 296.9 292.1 288 283.1 280.5 272.4 261.9 251.5 240.5 228.8 215.4 203.4 189.8 178.2 163.2 184.6
171.5 167.5 169.5 174.1 176.2 179.2 184.4 191.5 199 207.6 212.8 215.1 215.7 209.7 201.3 196.1 185 184.6 185.4 187.2 187 185 180.1 173.8 165.4 152.2 134.1 135.5 153 157.5 166.3 175.5 185.3 197.2 210 223.2 234.2 243.1 255.2 265 275.9 288 300.4 309.5 311.9 314.3 321.1 323.8 322.9 323.2 321.6 319.8 321.3 322.6 323.9 320.9 321 322.5 324.8 325.4 319.7 314.9 313.5 310.5 306.8 303.8 299.8 296.6 290.4 283.4 275.1 267 253.6 240.1 224.1 208.4 195.7 187.4 179.1 165.8 178.9
167.2 164.8 164.4 169.8 173.1 174.5 178.1 187.1 191.9 201.4 206 209.8 208.4 204.2 196.3 190.7 182 175.5 174.7 175.1 175.3 172.1 168.3 162.1 158.1 148 134.3 123.3 136.3 146.5 157 168.1 179.4 191 205 218 230.2 242.9 253.8 263.1 273 284 292.7 298.4 304.1 311.2 315 315.2 313.2 313.2 312.2 311.3 315.2 318.9 318.7 317.7 321.9 324.2 326 319.9 316.4 315.9 314.4 312.9 312.4 310.3 307.9 302.9 298 291.7 280.4 269.6 249.9 231 217.5 206.1 198.8 192.3 184.1 170 167.3
163.1 160.4 163.9 168.9 171.5 172.3 173.2 176.9 177.1 177.5 178.3 181.6 185.7 188.1 186.9 183.1 179.2 172.6 167 166.1 164.5 160.6 157.8 153.4 150.2 143.6 130.2 114.7 127.3 140.8 151 163.1 171.2 185.7 201 215.3 229.1 242.9 252 259.5 268 275.5 279.9 283.7 293.2 294.8 296.8 302.5 301 304.5 303.7 303.1 308.3 311.4 313.9 317.3 322.5 321.9 317.9 318 317.8 318.8 319.3 319.2 318.7 318.1 317.3 313.2 308.2 296.4 279.5 260 239.5 225.2 217 210.2 204.5 198.8 191 176.1 158
157.3 155.7 159.9 166.7 173.4 174.6 170.2 168.8 167.8 168.4 170.8 173.7 173.7 175.1 178.3 177.6 173.2 166.1 159.8 158.8 156.6 152 148.3 143.6 142.3 136.9 125.9 110.3 122.5 133.9 144 155 166.5 181.4 196.2 211 225.5 238.4 244.8 251.5 257.9 263.3 268.7 272.7 272.2 276.1 284.8 285.8 288.9 292.6 292.3 298.2 300.8 308.8 314.5 318.2 314 314.6 317.7 318.5 320.7 325.2 325.1 324.2 325.5 328.1 329.6 325.5 314.6 292.2 266.4 248.3 237.8 230.6 223 215.2 209.6 204.6 198.1 185.7 165.2
151.9 151.8 154 161.5 170.1 175.1 172.4 165.8 165.6 168.8 175.6 176.1 173.8 172.6 171.1 167.8 159.7 154.7 148.1 146.3 148.4 144.8 138.3 133.4 132 129.8 122.7 109.3 116.8 125.8 138.5 149.7 161.2 174 190.6 204.6 216.8 228.6 233.1 238.3 243.9 249.7 256 260 262.4 265 271.3 274.6 278.8 283 287.5 292.8 301.1 306.4 309.2 305.6 307.6 313.7 317.7 321.2 326.2 327.6 328.9 330.8 333.3 335.8 333.9 324.1 299.2 274.4 258.2 248.9 241.6 234.8 227.1 220.9 215.4 209.6 204.2 195.8 178.9
141.8 143.2 148.1 152.5 160.2 165.5 164.2 163.1 162.9 165.9 171.6 173.7 170.3 167 162.6 152.4 145.6 140.2 137.4 135.7 137.9 136.9 131.8 126.2 125.6 123.2 119.3 105.4 108 116.5 135.5 144.2 155.5 167.6 181.9 193.4 201 207.9 213.9 220.8 229 235.3 243.3 249.2 255.9 259.3 264 270.7 276.3 281.7 287 296 298.7 298.2 300.7 303.8 308.6 313.2 319.2 324.1 327.2 329.2 331.3 336.1 338.7 334.5 320.8 300.4 285.5 272.5 261.7 253.6 245.3 237 230.6 226 221.7 216.1 211.5 205.4 190.9
130.6 137.4 143.2 146.7 152.1 154.2 155 157.6 158.4 158.7 161.5 164.9 166.9 160.1 151.1 137.2 134.1 133.8 129.3 128.8 127.8 127 124.4 119.5 118.7 116.6 112.7 106.2 101.6 114 126.5 138.1 149.2 159.9 170.3 176.8 179.1 183 192.1 201.6 211.9 219.1 228.6 239.5 247.9 253.2 258.1 266.8 275.6 281.9 288.5 293.7 290.7 292.6 297.7 302.7 308.2 315.2 319.3 323.4 326.2 328.1 331.3 336.7 327.1 309.8 299.8 292.3 283.5 273.7 265 257.4 249.7 241.7 235.6 231.3 226.5 222.2 218.9 214 203.6
124.1 133.6 139.5 144.8 150.2 152.3 149.1 151.3 152.5 150.8 152.7 154.6 152.1 144.3 131.8 119.6 119 115.5 117.2 119.2 118.4 116.1 115.6 112.8 110.9 108.6 106.3 103.3 97.1 109.7 122 132.5 141.1 148.4 150.9 154.3 161.2 166.6 173.1 182.4 195 205.3 217.5 228.4 237.4 245.6 250.6 260.7 271.9 280.4 281.8 281.5 287.7 292.2 297.4 304.7 311 314.7 317.8 321.7 324 324.6 319.8 313 296.9 294.2 292.7 289.5 283.5 274.9 267.5 261.8 255.6 249.5 241 234.7 229.9 226.1 222.5 216.7 209
119 129.4 135.6 141.4 147.6 148.4 142.8 141.1 139.5 140.1 140 140.7 135.9 127 113.6 106.3 105.4 104.9 106 108 109.1 108.1 106.4 105.2 104.2 103.4 103.1 100.2 95.6 107.9 116.9 124.7 128.4 130.6 134.6 139.5 145 153.3 160.9 171.3 182.3 195 205.2 217 228.7 235.9 246.8 256.9 265.8 270.1 269.5 276.5 285.5 293.5 299.9 304 308.1 310.5 314.2 317.6 318.1 303.9 292.5 287.1 284.7 286.8 289 287.8 280.4 272.3 267.8 263.6 258 251.1 243.8 238.2 231.4 225.8 221.3 217 212.1
109.4 121.4 129 133.8 139.2 137.9 134 129.7 127.4 125.2 125.7 126.6 122.6 112 104 101.7 101.7 101 99.6 101.2 102.1 101.8 100.2 99.2 99.5 99.5 99.8 93.2 93.5 101.5 106.8 110.9 114.7 119.3 126 131.7 136.7 142.3 151.3 162.8 173.8 183.6 194.2 207.3 218.2 230.3 239.7 245 253.6 261.4 265.1 276 286.5 294.9 299.5 301.6 303.5 305.9 309.5 311.3 296.5 281.2 276 274.1 276.1 280.5 282 273.7 268.1 267.4 266.6 260.8 254.5 249.3 242.9 237.5 229.2 224.9 221.7 218.1 214.2
95.1 110.3 120.1 123.8 125.6 123.3 121.5 120.6 120.3 117.8 114.4 110.5 108.4 102.6 99.7 99.6 100.8 99.5 97.4 95.4 97.5 96.4 93.8 93.6 93.2 95.3 95.6 90.8 89.6 93 96.8 101 105.7 111.4 117.6 123.3 129.5 136.3 143.9 154.6 164.4 178.1 187.6 196.2 209.8 222.7 233.3 236.3 245.9 255.8 265.7 277.1 285.2 290.7 295.1 297.1 298 299.7 300.4 282.6 270.1 265.8 263.3 261.8 265.1 265.2 258.7 258.8 259.3 259 258.1 254.5 250.8 245.7 238.8 230.5 224.4 222.7 221.4 218.7 216.6
87.9 92.5 105.3 110.2 110.2 112.3 113 114.2 114.1 111.9 107.9 103.2 97.5 94.8 95.8 97 96.7 95.6 93.9 91.6 91.1 90.8 87.3 87.1 87.8 89.8 88.6 87.1 85.5 88.2 89.7 93.3 98.7 104.6 109.9 115.1 122.8 129.8 137.5 146.9 158.6 169.4 181.1 189.6 201.4 216.9 225.8 232 241.6 253.5 264.4 273.1 278.6 282 284.8 288.1 290 283.3 261.6 254.9 255.4 253.1 250.3 246.5 246.2 247 248 248.8 250.5 250.2 249.1 248.6 245.6 240.4 233.2 225.6 221.6 220.5 219.1 217.5 217
90.1 87.8 91.1 96.4 100.8 105.6 106.3 106.8 106.9 106.7 101.7 94.1 92.6 91.5 91.3 91.5 90.9 90.3 89.3 88.1 87.5 86.5 85.8 85.3 84.9 84.6 84.7 84.9 84.9 84.7 85 87.3 93 97.9 102 109.1 116.4 123.9 133.4 141.8 151.4 161 171.9 183.7 193.3 208.7 218.2 228.7 240.3 248 254.3 261.6 264.4 268.6 268.7 272.6 263.5 243.9 235.2 237.2 240.3 236.7 234.8 233.6 234.1 237.2 237.9 239.2 240.9 240 240.8 240.4 238.6 232.5 225.9 220.3 218.7 217.7 216.4 214.7 212.9
93.2 89.4 87.5 88.7 93.2 96 98.2 98.8 98.5 97.3 88.9 86 86.2 85.8 84.8 86.4 88 87.8 87.4 86.1 85.9 85.3 84.8 84.6 83.9 83.4 82.4 82.5 82.5 82.3 81.4 82.8 87 91.6 95.8 102.6 109.3 118.8 126.6 134.9 143.1 151.1 161.2 174.8 189.4 198.2 209.4 223.9 232.4 239.3 242.5 245.7 245.9 249.6 254.7 245.6 220.3 213.4 215.8 220.2 223.7 220.8 220.5 224 223.2 225.1 228.6 230.2 232.3 233.3 233.3 231.3 229 221.3 218.1 213.9 212.1 211.7 210.9 209.6 207.9
96 92.1 88.9 86.9 85.5 85.6 85.1 88.8 88 86.5 86.8 86.1 84.7 83.3 82.7 82.2 82.2 86.4 86.6 84.7 84.3 83.9 83.5 83.2 81.7 80.7 80.6 80.9 81.1 80.6 79.8 80.4 82.3 86 90.1 95.3 102.6 111.7 120.1 129.2 137.7 146.5 155.9 166.6 178 188.4 202.1 214.2 221.6 228.3 229.8 227.8 230 228 218.1 200.5 191.2 194 199.2 204.2 207.4 205.8 208.1 212 210.5 212.8 218.1 221.6 223.8 225 225.1 220.5 214.8 212.2 209.3 206 204.1 204 203.9 203.6 202.4
101 95.9 92 89.2 86 86 84.9 82.1 82.7 83.9 84.4 84.2 83.4 83.4 82.9 81.8 80.7 82.3 83.5 82.2 82.5 82.3 81.9 81 80.6 79.8 79.4 80.4 79.7 79 78.6 78.8 79.7 82.4 85.8 89.2 94.7 102.8 113.1 124.5 133.6 141.3 150.3 156.8 166.5 181.8 192.3 200.4 208.4 213.7 215.2 208 206.2 194.7 173.2 167.5 171.7 178.2 182.9 188 192 194.2 195.1 199.4 199.3 201.7 206 211 214.3 214.6 211.5 206.4 203.8 202.4 199.5 196.7 195.2 194.8 194.4 195 195.1
111.1 104.8 98.9 95.2 92.4 89.8 87.9 86.6 85.1 83.6 80.5 82.3 78.9 83.3 83.5 81.9 80.4 80.5 81.5 81.1 80.5 80.3 79.3 79.8 80.1 79.5 79 78.8 79.7 78.1 77.4 77.1 78 79.7 82.3 85.5 90.1 96.1 107.1 117.7 127.5 133.6 140.5 147.3 159.2 172.3 182.3 189.5 196.5 199.7 195.8 183.6 168.2 152.3 145.9 149.9 157.7 163.3 166.8 172.6 179.9 184.6 184.4 186.1 187.2 188.4 192.4 198.4 204.3 205.6 199.3 195.8 194.2 192.7 190.1 187.6 185.5 184.8 184.2 184.4 185.7
120.9 114.9 107.9 102.9 99.1 96.5 95.1 93 90.5 87.8 88.4 87.4 80.8 79.5 81.2 81 80.2 79.2 79.7 80 78.9 78.4 78.1 77.8 79.6 78.9 78.5 77.9 78.3 77.2 76.6 76.3 76.3 77.6 80.3 82.4 85.7 92.2 100.8 108.2 116.5 123.7 130.5 139.3 150.6 161.8 173.4 183 186.6 185.4 174.7 154 131.8 128.1 131.1 138.2 145.6 151.1 156.6 162 169 172.4 174.9 175.7 176.3 175.4 177.8 183 187.8 189.3 186.6 184.6 184.1 183.1 180.9 178.8 176.5 175.3 174.4 173.8 174.6
130.7 123.8 116 109.2 105 103.8 104 102.6 100.8 99.6 99.1 95.2 85.8 77.6 78.6 78.6 77.9 77.6 77 78.3 79.5 78.8 77.9 77 77.6 78.7 78 77.7 77.4 76.8 75.8 75.8 75.7 75.9 77.4 79.3 82.2 86.6 94.2 100.6 106.6 112.6 121.9 133.9 143.5 151.7 164.1 172.8 175 169.8 143.8 119.7 113.2 114.8 119.8 126.3 133.9 140.8 147.7 154.4 158.8 161.4 164.6 163.6 161.2 161.2 163.4 166.3 169.5 170.6 170.9 172 172.6 173.4 172.4 171 169.4 168.4 167.1 165.9 164.7
142.2 133.4 122.9 114.8 110.4 110.4 110.9 111.5 111.9 108.8 106.4 104.3 98.5 87 77.7 78.2 78.2 77.3 76.7 76.3 78.8 77.9 77.6 77.2 76.4 79.1 77.4 76.3 76.2 76 75.3 75.3 74.8 74.6 75.6 76.7 79 82 85.1 91.4 97.3 103.6 112.4 123.8 133.4 143.1 154.6 159.9 153.6 131.3 110.7 102.6 103.3 106.3 111 115.9 122.9 130.4 138.8 146 150.4 154.1 148.8 144.3 145.8 148 149.3 151.5 152.8 153.2 155.7 159 161.6 163.4 164.3 164.5 163.5 162 160.5 159.3 158.3
151.3 140.6 129.1 119.2 116.6 117.9 120.4 123.4 124.6 123.4 118.2 114.5 110.1 100.9 86.5 79.3 80.9 78.2 76.5 75.8 76.9 76.8 76.2 76.6 76.1 76.5 76.7 75.1 75.4 75.6 75 74.4 73.8 73.6 74.1 75.6 76.4 79.5 81.4 84.3 88.3 93.2 99.7 108.6 120.4 133 141.5 136.7 115.4 96 89.8 91.1 93.2 98.2 103.8 109.4 116.1 123.7 132.2 138.4 141.5 141.2 132.5 130.9 133.5 135.9 136.4 137.2 138.5 140.1 142.6 145 149.8 153.4 155.8 157.3 157 155.7 154.3 153.2 152.4
158.1 142.4 129.1 125.3 123.4 126 131.2 134 133.4 131.7 129.4 125.3 119.2 111.1 98.1 83.9 78.3 77.8 76.8 75.4 75.5 75.7 76.1 76.3 75.9 74.8 75.6 76.4 75.4 75.5 74 73.6 73.2 73.1 73 74 74.8 77.1 79.4 81.1 82.6 85.8 88.9 94.9 105.6 115.2 120.1 107.2 86.5 78.5 77.2 78.7 80.8 87.4 93.4 99.4 106.3 114 121 126.3 128.4 126.4 123.9 123.5 123.9 124 124.5 125.4 128.4 128.5 129.7 131.4 134.5 139 144.6 148.4 149.3 148.5 147.4 146.3 145.4
