Game/Highland_Data/StreamingAssets/GeoData/Data/nn/NN64.asc
ncols 200
nrows 200
xllcorner 260000
yllcorner 740000
cellsize 50
[rows 0 to 34 of 200, columns 0 to 77 of 200]
712.3 716.6 722.2 728 733.4 736.9 739.9 743.8 749.7 759.2 769.6 778.9 785.8 792.8 799.9 804.1 806.5 808.4 804.3 790.9 762.9 729.4 702.5 677.8 659.3 641.9 623 601.6 582.6 568.5 554.3 551.8 562.8 583.5 604.9 623.8 645.1 665.3 685.1 701.2 701.7 692.6 680.4 671 671.9 683.6 708.5 735.6 761.2 781.5 799.3 814.9 823.5 826.5 825.3 822.2 815.4 815.1 818.5 828.7 841.5 858.7 875.3 894.7 912 929.1 947 964.1 982.8 996.1 1002.8 1006.8 1003.4 979.6 962.1 942.2 920.4 904
714.3 719.1 725.3 731.6 738.1 742.6 746.6 751.8 758.2 768.5 778.2 785.7 789.9 795.3 801.9 808.2 815.6 817.4 809.8 795.3 763.4 732.5 703.7 679.1 660.7 645.1 627.8 605.8 583.6 567.8 553.7 541.2 553.1 571.8 591 610.8 627.6 648.7 665.3 680.3 681.7 673.7 661.9 649.8 673.4 694.3 717.3 740.7 762.2 779.7 796.3 809.1 815 813.6 809.9 804.5 795.2 791.2 793.7 807.3 820.3 838.5 856.1 877.4 895 916.4 934.7 954.1 969.5 982.4 994.2 1000.1 994.3 979.9 965.8 946.8 929.8 914.8
715.7 721.6 727.7 733.9 741 747.3 752.2 758.2 766 774.9 783.1 788.9 793.5 797.8 804 813.5 822.2 822.8 813.7 798.2 770.3 731.6 704.2 681.8 663.8 647.3 630.4 610.9 588.7 570.4 554.3 539.6 543.6 557.7 578.3 596.6 612 630.6 646.1 660 664.3 657.5 645.1 655.2 679.2 700.6 723 743 762.6 779 792.3 800 801.3 797.4 791.6 783.2 776.9 766.1 772.9 787.4 801.8 819.6 837.4 859.3 880.6 903.2 922.9 944.5 959.2 973.2 987.9 994.5 990.4 979.6 963.2 947.9 932.8 923.7
715.7 721.1 728.1 735.2 742.2 749.2 755.5 761.9 768.9 778.2 785.7 790.3 795.7 801.2 809.5 819 826.3 826 818 801.4 765.7 736 709 685.3 666.2 651 635.4 617.3 598.6 577.9 558.5 541.3 532 543.2 562.9 580.3 596.5 611.4 629.3 640.2 644.4 637.1 634 661.8 684 706.6 725.1 743.3 761.8 775.5 786 788.5 786.2 781.9 773.8 765.4 760.2 744.8 751.2 767.6 787.2 805 822 842.4 865.7 890.5 909.6 932.2 950.8 965.2 975.1 976.5 974.9 968.1 953.8 940.4 932.8 928.2
714 719.9 726.2 733.7 741.4 748.4 755.2 762.1 769.4 777.4 785.2 791.7 795.8 805 815.5 823.7 827 828.4 823.4 809.1 777.7 739.8 712.7 690.4 669.4 654.4 639.1 622.8 606.2 586.3 564.5 545.4 529.4 529.5 546.3 564 581.1 597.3 610.2 618 616.4 614.8 643.1 667.3 689.6 710.3 726 742.4 757.5 768.1 776.6 776.7 771.6 767 759.8 749.4 742.2 729 727.9 751.5 773.6 793.5 811.9 832.2 854.9 878.6 900.6 919.9 935.8 949.4 952.7 950.7 951 950.1 941.2 931.2 927.7 924.5
710.7 717 723 728.9 737.1 744.8 752.1 759.8 767 773.3 782 789.4 797.2 807 816.9 823.6 826.1 829 825.7 815.4 788.5 753.5 724.8 697.9 674.9 657 641.9 627.6 611.7 594.3 570.8 550.4 533 518.7 530.6 546.9 565.5 582.5 592.2 589.3 606 633.1 653.9 673.2 693.3 710.4 726.7 741.3 751.2 758.8 764.3 762.4 757.6 752.7 745.7 735.4 721.1 709.1 710.5 736.8 763.3 785.3 804.8 826.3 849.2 871.2 892 907.8 923.9 929.7 926.1 925.5 924.5 920.4 914.9 907.9 904.2 908
707.3 711.7 716.3 723 730.9 739.7 747.6 755.7 762.5 768.8 777.8 785.4 795.2 805.3 815.5 820.7 824.2 827.4 826.9 820.5 804.7 769.6 736.3 709.4 681.3 662.6 646.2 631.4 615.7 598.4 581.8 560.3 538.2 520.6 517.5 529.3 549.9 564.7 566.6 587.4 614 634.3 655.3 676.1 694.4 709.9 726.3 741.7 744.1 748 749 747.8 743.9 740.1 733 723.4 704.8 690.8 699.8 730.2 758 781.9 802.4 823 845.7 865.2 882.8 902.6 912.5 912 910.8 911.6 908.1 903.4 898.8 891.2 885.5 886.9
703.6 704.6 708 716.6 725.5 732.8 740.9 748.8 756.5 763.3 771.7 781 791.6 801.8 810.4 816.6 821.2 825.2 826.1 824.6 812.9 786.8 750.7 719.4 690 667.5 650.2 633.1 616.5 599.9 581.7 559.3 539.4 520 502.8 516.6 532.8 537.3 566.7 590.2 611.4 632.5 654.3 673.6 691.4 706.7 722.9 734.4 733.9 734.3 733.9 731.4 729.2 725.7 720.7 707.1 687.6 670.3 695.8 727.1 753.8 779.1 799 817.4 841.3 860.4 881.4 898.8 908.8 906.2 902.9 901.8 898 892.1 887.3 875.7 869.9 870.9
695.5 696.4 699.2 708.4 717.4 726.2 733.7 741.1 748.7 756.1 764.5 774.4 785.9 795.6 802.8 810.3 816.7 822.5 824.3 823.2 815.1 794.7 766.7 736.2 706.4 681.2 658 635.9 615.9 597.6 578.6 557.3 537.3 520.3 501.7 507.2 519.2 535.7 562.5 586.2 607.3 630 650.8 667.8 684.3 699.9 715.2 722.4 721.9 720 717.6 714.2 712.1 709.8 703.5 691.3 671.2 661.1 691.1 722.6 748.2 772.3 792.7 813.3 837.4 859.8 885 900.3 908.1 909.5 900.9 894.7 887.3 878.7 872.1 862.2 855.4 858.3
684.5 684.5 688 697.5 706.4 715.5 723.6 730.8 738.2 746.4 756.2 766.8 777.8 785.8 794 802.2 810.6 817.2 819.5 820.6 818.4 809.3 793.5 768.1 737.1 704.4 673.4 642.3 619.4 599 581.6 561.2 539.5 520.5 497.2 501 502.5 530.5 555.4 577.5 602.5 625.4 644.7 661.2 678.7 689.4 699.4 703.9 702.1 701.3 699.1 695.1 692.2 690.8 685.1 676.4 653 651.7 685.6 717.1 741.9 764.9 790.4 812.1 837 861.6 889.3 903.4 910.3 907.9 902.1 889.7 873 864.1 856.9 850 847.8 846.8
680.4 673.8 677.2 685.2 692.1 701.7 710.4 718.8 726.9 735.5 746.4 757.5 766.8 774.8 783 793.1 802.7 809.7 812.6 815.4 816.6 814.7 808.1 787.7 756.7 723.1 686.3 650.1 620.8 601.9 584.2 563 541 519.7 493.6 487.2 495.6 522.5 545.1 567.1 593.7 618.4 637.4 652.3 668.3 679.1 682.2 682.1 682.1 681.4 678.6 672 669.6 668.3 668.1 656.3 637.9 642.1 678.7 711.3 736.2 763.8 789.9 814.4 837.8 861.5 884.7 903.2 911.5 908.1 895.4 878.6 861.1 849.6 845.3 841.3 843.2 837.2
673.8 668.6 671.1 675.3 678 686.9 695.5 704.7 712.9 722.2 733.5 744.8 754.5 763.2 771.2 781.5 792.6 799.3 803.6 809.5 812.9 812.6 803.2 780.5 757 724.3 689.4 653.2 620.9 597.8 578.5 559 536.3 514.5 495.2 477 489.6 510.2 534 554.9 583.2 607.8 625.9 640.6 654.3 665.4 666.7 664.4 664.2 660.3 652.2 646.3 643.6 644.7 646.9 636.3 615.4 638.7 674.7 706.6 734.4 763.2 791.5 818.6 838.5 859.1 879.3 900.3 906.7 896.4 885.6 873.8 854.5 835.9 833.2 830.3 828.6 822.2
671.4 666.4 660.9 660.1 662.3 671.7 680.3 688.1 697.4 706.8 716.9 727.8 738.9 748.7 758 767.9 778.9 785.2 793.4 802.7 805.4 802.1 786.7 770.1 754.8 728.1 688.5 652.6 621.4 597.6 578.5 559.9 541.2 519.3 496.1 470 478.1 498.6 522.7 545.5 572.7 595.1 614.9 630 642.1 649.2 650 645.6 642 632.3 626.1 620.5 615.5 618.4 621.3 613.3 606.8 639.9 673.5 705.4 733.8 762.9 789.3 815.3 835.5 847.1 869.6 886.5 888.8 875 871.2 856.9 838.7 825.1 823.8 823.5 821.9 815.5
673.3 665 658.5 652.7 652.7 654.4 661.7 668.9 678.5 687.4 696.9 706.6 718.2 730 741.3 751.1 759.1 763.5 780.3 791.5 793.1 781.4 760.7 746.4 744.1 723.9 692.4 654.8 621.8 598.4 579.6 560.3 540.9 517.2 495.4 474.8 466 486.1 508 534.6 561.4 582.8 602 617.5 627.7 631.8 630.6 624.3 613.2 605.2 600.1 591.9 589.9 593.3 597.4 591.5 607.2 640.8 677 708 736.3 764 786.9 813.1 828.7 832.7 854.5 865 860.5 853.4 849.3 836.2 824.1 821.3 821.9 821.9 821.6 817.1
673.9 664.2 655.5 650.8 648.6 645.3 645.4 650.9 657.8 665.6 674.6 681.8 692.1 703.9 714.8 724.8 730.7 735.5 753.3 765.6 764 756.5 734.2 715.8 716.4 706.1 684 652.7 620.6 598.7 580.9 560.6 539.4 517.9 496.2 476.9 452.5 469.9 492.7 519.4 546 569.6 589.8 604.9 613.2 614.9 609.8 597.5 587.7 577.8 569.9 563.5 565.5 570.5 573.5 584 615 646.5 681.3 711.8 742.1 764.9 786.4 805.1 814.2 815.6 827.8 841.9 839 834 829.3 824.1 820.5 820.4 821.3 820.8 821.4 820.6
676.3 667.1 660.4 654.7 648.1 639.3 633.9 635.5 636.2 643.2 652.1 657.3 663.1 672.2 681.4 690.7 696.5 701.7 716.2 726.2 727.7 725.4 705.7 688 681.3 679.1 666.2 648.6 618.9 596.5 580.6 562.6 544.6 523.3 498.5 477 454.3 453.7 478.2 504.9 529.3 557.5 578.9 593.2 599 599.2 587 575.3 562.8 549.3 540 537.2 543.8 561.1 580.9 604.5 633.3 662.4 693 725.9 752.5 767.3 786.5 791.6 789.8 794.5 801.1 817.5 821.3 819.3 819 815.1 813.1 813.8 816.8 820.8 824 826.6
684.6 675.5 666.4 656.2 648 640.7 633.6 625 618.2 621.4 630.3 630.9 636.8 643.4 651.3 656.2 661.9 668.8 678.6 686 687.1 688.2 678.9 660.5 651.2 647.1 643.4 629.9 611 593.1 577.6 562 544.1 523.6 501 478.9 458.8 439.2 462.5 488.7 518.3 545.7 567.8 580.7 586.3 582.6 573.1 558.1 539.6 526.9 522.8 547.2 566 585.8 604.9 628.6 654 678.2 704.3 731.6 749.3 764.1 774.2 776 778.1 775.3 781.6 792.7 800.8 805.4 805.4 802 799.5 801.6 806.8 815.1 822.4 827.5
691.7 681.5 669.6 658.9 650.3 643.2 635.2 627.1 616.7 610.9 607.6 605.8 611.6 618.8 624 629 631.2 637.9 642.4 647 649.4 648.8 644.5 631.6 624.4 621 616.3 610.5 597.2 583.6 570.1 557.9 541.6 521.4 499.1 477.3 457.5 430.7 450.2 474.4 502.3 531.3 556.1 570.9 574.1 567 554.3 538.1 517.6 511.2 536.6 557.2 578.6 598 619.4 640.9 662.1 683.9 704.6 723.7 735.6 749 751.7 764 759.1 761.1 762.3 767.8 776 780.5 781.3 780.3 781.1 788.1 795.6 804.1 813.1 822.4
702.6 693.6 681.5 671.2 661.2 651.2 643.3 635.6 624.4 612.8 601 589.3 588.2 592.1 599 602.6 606.1 609.5 612.3 614.1 616.4 614.7 609.2 602.4 598.5 594.8 592.2 588.1 577.7 567.1 555.9 546.3 533.1 517.2 493.6 473.2 455.8 430.2 436.1 461.3 489.1 519 545.2 561.5 565.1 553.6 536.3 519 501.5 523.3 539.8 561.3 582.5 602.9 624.4 643.1 661.3 682.4 706.7 711 717.5 729.3 735.9 740.2 741.4 750.6 748.1 746.1 754.4 753.4 757.6 757.1 763.4 774.4 782.6 791.5 799.6 807.4
715 709.2 698.4 684.6 671.8 659.3 649.5 638.6 628.5 615.9 599.1 586.6 576.8 572.6 573.5 579.2 581.8 583.6 585.8 586.6 588.2 586.4 579.8 572.3 572.2 570.4 566.8 561.9 557.5 548 540 532 521 508.9 488.3 466 447.3 425.1 422.8 450 477.6 508.1 531.6 547.2 551.2 539.6 522.2 502.1 496.4 520.5 538.3 560.9 581.7 602.2 622 641 656.9 676.6 689.6 700.4 702.1 708.5 713.9 718.8 726.4 736.7 728.1 725.3 727.2 727.1 732.6 733.7 740.8 752.4 763.6 772.1 779 786.5
724.3 724 716.4 701.2 685.4 668.3 652.5 634.2 623.3 609 597.7 589.5 579.4 572 559 556.4 558.8 560.7 561.6 561.6 563.8 562.6 556.3 547.8 549.8 545.1 541.5 538 531.7 526.6 524.9 517.2 509.2 495.7 479 457.8 438.5 415.4 410.1 441.3 467.3 495.8 518.2 533.1 534 528.3 514.6 485.9 493.9 512.5 531.8 555.1 578.2 598.9 616.8 632.9 648.1 664.4 675.6 687.8 690.1 689.8 697.7 701.1 711.4 711.9 699.6 703.8 704.6 705.9 710.6 714.4 722.9 731.7 741.9 749.1 755.5 763.2
729.8 732.9 727.7 714.9 696.4 675.6 656.3 641.7 629.4 615.6 604.1 593.6 584.6 575.4 560.4 547.7 544.3 542.8 539.1 539.9 541.5 541 536.3 528 528.9 526.5 520.1 516.6 514.6 508.9 507 501.7 497 483.4 466.4 447.8 431.3 405.2 401 431.9 456.4 479.5 501.2 516.2 518.1 516.3 508.5 486.8 480.9 503.3 525.9 549.7 573.1 595.8 613.7 627.8 637.9 651.6 665.6 673.6 672.7 680.2 680.4 685.5 689.4 686.5 686.3 688.9 688 689.9 692.6 702.3 709.6 715.5 721.5 727.8 734.5 741.8
730.2 735.7 735.7 728.9 715.2 693.2 669.9 651.8 637 622.9 610.2 599.3 589.6 577.9 565.6 553.5 543.5 534.2 527.3 521.2 517.1 517.9 514.3 508.8 509 505.2 498.9 494.7 493.2 489.3 486.7 485.1 484.4 471.6 456 441 425.4 399.8 388.7 418.4 445.8 468.3 483.4 497.5 503.3 505 498.5 483.4 469.8 491.7 516.4 541.7 567.5 593.6 609.8 623.5 633.3 645 653.5 658.9 668.1 672.4 671.8 674.6 677.4 674.2 675.3 670 670.9 676.2 681.1 687.9 693 697.3 701.4 707.9 712.9 718.2
727.9 735.9 739.2 735.6 724.5 706.3 684.2 665.3 648.6 632.8 618.9 605.5 594.3 583.9 573.8 563.6 553.6 542.1 533 517.2 508.2 499 494.9 490.3 487.6 484.1 480.2 476.2 475.2 472.6 468.9 467.9 464.7 455.2 444.5 432.7 416.7 395.7 374.9 403.9 432.7 455.5 469.5 478.4 487.2 490 487.6 478.1 449.2 480.8 507.6 536.4 564.7 593.7 605.5 618.5 630.6 638.1 642.7 652 659.7 667.8 666.4 662.8 658.9 659.6 664.5 653.2 655.4 659.6 666.9 672.1 677.3 681.1 683.2 687.1 690.6 697
723.2 732.7 738.1 736.2 726.8 713.2 697.4 679.7 662.2 645.1 631.2 618 605.6 594.3 583.5 572.7 563 552.3 541.8 529.8 517.5 507 488.9 477.5 473.6 471.5 465.8 460.2 456.4 454.1 450.8 448.4 444.8 437.8 429.3 419.5 407.3 391.3 365.4 390.2 418.9 441.5 456.1 465.9 473.4 472.4 469.3 449.5 448.9 480.1 511.4 543.3 568.7 588.3 600 616.2 616.6 625.9 636.2 643.7 654.8 662.6 659.4 649.3 642.6 640.1 636.6 636.3 641.7 647 652.6 656.6 659.7 663.4 666.3 669.9 673.1 680.1
717.1 726.6 733.1 733 728.4 723.4 713.7 702.2 682 663.9 649.5 635.9 624.4 607.8 596.1 583.4 572.5 561.9 551.2 540.4 526.9 516.4 502.2 486.5 475.9 464 453.2 445.6 441.2 438 434.5 431.6 426.5 420.5 412.5 404.1 394.5 381.8 358.5 375.3 405.5 428.1 443.5 454.4 459.2 452.7 443.5 425.8 452.3 489.6 519.1 542.4 562.6 582 593.2 600.9 612 620.5 628.8 636.1 644 655.2 645.6 630.6 631.4 621.6 618.4 618.7 621.9 632.6 637.7 640.8 644.5 646.2 648.8 651.8 656.8 664.7
710.8 720.5 727.1 728.1 729.6 730.1 725.9 718.8 705.6 690.5 674.2 656.4 640.6 623.6 609.5 597.6 585.7 573.2 561.1 550.2 537.4 524.1 511.2 499.3 484.8 471.5 460 449.9 437.8 429.5 421.8 418.3 412.2 403.9 392.9 384.2 376.8 367.1 352.7 369.5 395.8 413.6 430.5 442.4 437.8 428.7 412.3 432.3 471.8 502.7 528.2 541.7 559.3 577.6 584.5 595 607.4 612.3 616.6 622.2 629.6 629.6 623.4 616.5 609.7 607.7 607.1 604.7 610.5 616.3 621.3 626.9 629.1 630.2 632.4 636 642 648.4
703.3 712.8 718.1 722.3 728.9 732.9 733.1 729.4 721.5 708.8 693.9 679.8 666.1 650.1 634 617.4 604.4 589.7 575.2 561.4 548.5 535.8 522.3 509.3 496.8 482.7 469 459.3 446.3 436.2 426.8 416.6 401.9 386.4 372.1 356.2 350.8 349 341.8 367.5 383.7 399.7 415 421 409.9 399.6 420.6 461.1 491.6 507.7 527.6 540.9 552.9 572.9 580.6 594.6 605.1 609.2 608.7 611 618 623.4 618.3 609.5 604.5 598.4 592.9 591 597.1 601 603.7 607 609.5 612.4 616.2 622.9 630.6 635.3
694.3 702.5 707.5 713.2 723 730 732.7 731.4 730.7 727.9 719.7 708.6 696.3 683 668.7 651.2 631.9 614.1 597.6 581.7 564.8 548.8 534.1 518.2 504.5 490.7 476.7 463.9 451.7 440.4 429.8 419 405.5 390.6 376.8 363.6 349 326.1 341.9 358.4 370.2 383.9 395.4 397.9 380.3 408.5 444.4 477.6 491.1 504.3 518.1 531.5 547.2 558.5 574.7 588.9 589.7 597.7 605.4 613.5 617.7 619 612.7 601.6 592.4 589.5 579.8 576.3 579.9 583.8 587.2 587.5 588.2 591.4 598.1 603.4 609.2 613.9
682.9 690 696 704.2 714.4 721.4 724.4 725.7 729.6 730.7 725.4 719.3 711.5 704.9 695.8 681.8 667.7 646.5 624.9 604.6 585.1 567.6 549.7 530.6 513.4 496.5 481 467 454.4 441.6 430.5 419.6 407.4 392.2 375.6 360.1 342.6 317.2 329.2 339.7 353.1 364.3 370.1 371.4 402.3 427.7 455.1 473 486.4 497.6 510 517.3 530.8 544 561.2 568.8 580.8 594.6 601.1 606.1 614 615.3 615.3 603.1 586.1 573.7 562 560.9 563.5 566 565.9 568.8 572.3 574.4 573.6 576.3 583.3 588.1
671.1 677.7 685 694.1 704.4 711.2 713.7 717.3 723.9 719.2 716.6 709.2 704.4 693.3 688.7 696.5 683.5 664.5 641.2 620.7 600.7 578.3 559.7 538.6 522.2 503.8 487.3 470.1 454.6 440.3 428.7 417.4 405.1 391.6 373.7 354.4 336 313.8 311.5 328.9 339.6 353.9 371.2 390.6 405.8 429.2 445.8 463.1 476.7 487.8 492.7 503.9 518.9 536.2 546.2 559.7 567.9 579.9 593.8 598.6 602.4 604.7 602.8 591.7 568 553.1 542 543.1 545.9 549.8 553.1 557 558.5 550 552.5 553 557.9 558.1
657.2 664 672.9 682.5 691.4 697.4 701.9 704.8 703.1 694.7 698.9 697.1 688.2 669.8 663.6 669.4 663.5 641.6 618.3 597.5 579.6 564.5 543.2 528.4 514.3 499.5 484.7 468.9 453.4 438.6 425.2 412.2 399.5 386.6 371 352.2 332.1 308.5 313 330.9 343.5 354.8 368.3 383 400.4 418.5 432.4 449.6 461.8 473.9 485.7 492.4 508 523.7 542.7 553.6 560.9 564.6 572.9 583.4 584.4 585.1 579.8 563.1 548.7 536.1 531 530.7 535 540.4 540.5 536.5 531.2 530.1 533.1 532.3 532.2 531.7
642.6 651.8 661 669.4 676.5 682.3 687.8 686.5 669.2 665.4 682.3 684.1 662.5 651.1 647.2 644.8 639.3 616.3 595.3 578.8 562.1 542.1 523.4 509.2 495.7 481.8 469.2 455.1 441.7 430.4 416.6 402.7 390.2 378 364.5 348.5 329.2 306.9 305.1 322.3 335.4 345.3 355.8 370 389.9 397.3 414.7 432.9 440 458.1 467.8 477.9 496.3 513.7 530 534.9 544.7 539.3 546.8 554.9 562.2 562.6 553.7 537.7 535.4 524.1 519.8 520.4 527 527.4 521.2 514.1 511.3 513.1 514.3 511.1 508.3 512.1
626.6 637.1 646 653.6 659.4 664.3 663.5 658.3 638.3 640.7 654.7 653.6 638.3 631 624.8 614.8 608 586.2 570.1 552.5 539.9 514 501.3 487.1 472.8 459.9 447.2 435.7 421.8 411.5 400.8 389.3 378.2 367.9 356.1 341.9 326.4 306.6 294 309.6 324 335 342.1 353.4 367 378.6 393.1 406.5 420.8 432.4 443.9 466.6 484.3 501 513.7 517.3 512.5 518.4 528.6 534.7 534.9 531.9 523.3 513.4 514.2 510.2 512.6 512 505.1 505.4 502.6 500.4 494.9 497.2 492.5 490.5 492.8 495.7
609.6 620.1 628.1 634.4 638 640.2 630.1 620.2 608.6 608.5 620.9 622.2 614.4 606.5 598.5 586.5 580.1 558.7 538.4 526.5 504.2 488.6 475.4 460 448.3 435.8 424 412.8 402 392.4 383 373.2 363.7 355.1 344.2 332.7 320.8 306.6 287.4 298.2 311.6 320.7 328.9 338.8 346.9 358.8 370 385 397.9 408 423.6 445.7 462.5 479.4 495.4 492.8 493.6 500 495 501.2 514.4 511 502 494.1 495.2 496.8 499.2 494.1 490.5 486.3 481 479.6 483.1 483.9 474.6 474.2 475.2 480.6
