Game/Highland_Data/StreamingAssets/GeoData/Data/nn/NN71.asc
ncols 200
nrows 200
xllcorner 270000
yllcorner 710000
cellsize 50
[rows 70 to 104 of 200, columns 78 to 155 of 200]
402.7 404.7 411.3 413.8 417.9 418.7 419 421.9 424.5 423.4 419.1 413.2 408 403.4 400.8 397.8 394.4 389.9 386.8 383.3 377.1 373.8 371.7 372 371.3 369.8 368.5 366.6 364.1 362.1 359.4 357.1 354.9 352.8 350.8 347.1 343.8 341.1 338.2 336.3 334.5 332.5 329 323.4 320.3 311.3 306.6 303.8 299.3 292.9 287.8 284.3 282.6 280.7 275 272.7 267.5 262.1 257.3 252.5 247 241.2 239.7 240.2 239 238.2 237 235.9 234.3 233 232.5 231.1 230.5 230.6 230.4 230.5 231.3 231.9
407.3 409.6 412.8 416.3 419.9 421.8 422.6 423.8 424.9 423.3 421 414.6 409.4 404.4 401.5 399.8 396.6 392.6 389.3 385.1 378.5 375.2 375.9 376 374.3 372.7 371.6 370.1 369 366.8 364.3 361.3 358.1 355.2 351.6 351.1 348.5 346.1 343.8 340.8 337.9 334.5 331.3 328.3 324.8 321 317.6 314 309.3 303.3 298 294.4 290.6 284.5 280 276.5 271.5 265.5 260.5 256.1 251.1 245.4 239.7 237.6 236.8 235.8 234.7 233.4 232.3 231.5 231 231.3 231.4 231.6 232.2 232.8 233.5 234.1
410.9 415.2 415.2 418.2 421.3 424 425 425.7 425.7 425.1 424.5 418.3 411.1 406 403.7 401.8 398.5 394.2 390 384.9 380.9 380.1 381.5 381.4 378.4 376.1 374.7 373.9 372.5 370.9 368.7 366.3 363.2 359 358.9 357.4 355.2 353.7 351.9 349.1 346.4 343.5 340.3 337.1 334 330.5 326.4 323.1 317.9 313.2 305.7 299.2 293.3 287.5 282.3 279 274.2 269.6 264.5 259.3 254 248.5 243.7 238.7 235.8 234.8 233.5 232.5 231.5 230.8 230.2 230.5 231 231.9 233.2 234.2 235.1 236.3
413.5 418.6 418.2 418.5 423.1 428.4 428.5 429 429.7 430.5 428.3 422.2 413.5 407.9 405.6 404.6 400.5 395 390.3 387.4 387.5 386.8 386.2 384.7 382 379.9 378.7 377.4 376 374.6 372.5 370.5 365.2 366.9 366.2 366.4 365 362.9 360.1 357.3 354.9 352 349 346.2 343.3 340.1 336.1 332.6 327.5 320.9 313.8 307.1 299.7 292.5 287.6 282.6 277.5 272.6 267.7 262.5 256.4 250.9 245.7 241.5 237.4 233.9 232.9 231.9 231 230.2 229.6 229.9 230.2 232.2 234 235.4 236.8 238
416.3 420.9 421.9 420.4 424.6 430.6 432.9 432.1 433.8 435.1 431 430.1 421.5 411.9 406.7 405.9 402 397.5 393 393.1 392.8 391.9 390.3 389.9 388.8 385 382.8 381.1 379.5 378 376.3 374.2 371.8 373.5 373.7 373.7 372.6 370.4 368.6 366.6 363.7 360.7 358.2 355.7 353 349.3 345.7 341.4 335.7 329.6 323 316.2 307.1 298 292.5 287.9 282.4 276.9 271.3 265.8 259.6 253.5 248.2 243.4 239.2 234.5 232.3 231.4 230.5 229.7 229.1 229 229.9 232 234.2 236.5 238.3 240.7
418.4 422.2 425 424.1 424.7 431.3 436.4 435.5 437.2 438 436.9 436.8 429.1 417.8 409.9 404.9 402.1 400.1 396.5 398.4 397.7 396.4 394.8 394.6 393.7 391.1 387.7 385.2 383.7 381.8 379.8 377.3 377 379.6 382.3 382.7 380.2 378.7 377.2 375.6 372.8 369.7 367.6 365.1 362.7 359.7 356.4 351.4 345.9 339.4 332.1 324.1 314.2 305 298.8 293.4 288.1 282.9 277.3 269.5 262.8 256.4 250.3 245.4 239.7 235.8 231.6 231 230.1 229.2 228.5 228.4 229.2 231.6 234.3 237.3 239.9 242.9
424.2 427.5 429.7 431.2 427.9 430 437.4 439.4 439.7 440.4 442.8 441.6 434.6 421.2 413.1 408.7 405 402.7 399.8 401.7 402.9 402.6 400.6 399 397.6 395.5 392.8 390.7 388.3 386 383.2 379.3 385 390.3 393.2 394.9 394.2 392 391.1 390.2 387.7 383.9 381.2 379.2 377.3 375.4 371.5 366.5 359.1 350.7 343.1 336.1 324.9 312 305.1 299.3 294.3 288.9 283.7 276.1 268.3 259.6 252.9 247.2 241.3 237 232.6 230.3 229.4 228.6 228 227.7 228.7 231.8 235.2 238 241.6 245.6
429.6 433.6 435.3 436.2 433.9 431.5 437.8 441 442.9 442.1 444.6 442.5 435.1 422.9 416.1 412.6 408.8 406.3 405.7 407.1 407.7 406.8 405.5 403.8 401.6 399.2 397.2 394.9 392.2 390.2 385.3 387.3 392.6 399.1 404.6 407 406.8 405.8 405.8 404.9 403.8 401.2 399.1 397.2 395 391.5 388.2 383 375.4 364.1 353.7 343 332.9 319.8 310.4 304.1 300 294.5 288.6 280.2 272.6 264 254.2 248.3 241.6 237.4 233.1 229.8 228.9 228.3 227.7 227.4 228.2 231.7 235.9 240.3 244.4 248.3
432.9 436.8 436.3 438.1 438.8 439.1 436.7 440 444.6 443.7 442.1 438.3 432.4 423.9 419.4 415.5 412.3 409.5 411.4 412 411.6 411.4 410.5 409.2 407.4 404.8 402.3 400 397.7 394.4 389.6 394.3 400.3 407 412.9 415.9 417 417.4 418.4 417.8 417.4 417.6 415.1 412.4 410.4 406.8 402.6 398.5 390.4 378.9 365.6 353.7 340.9 327.1 316.4 308.7 303.5 297.4 289.6 279.9 273.3 264.3 255.7 248.7 243.1 237.3 232.8 229.3 228 227.7 227.5 227.4 227.9 230.8 235 240 245.3 250.9
432.3 434.7 437.1 440.1 442.7 443 439.5 438.7 441.7 441.2 438.8 436.3 429.4 423.6 419.8 415.6 413.8 414.6 415.8 416 416.2 416.1 416.9 416.9 417.7 413.5 409.6 407.7 404 398.7 395.5 401.1 407.5 413.4 418.3 422.5 425.5 429.6 432.9 432.4 430.2 429.9 428.3 426 424.4 420.3 415.8 411.8 404.2 394.1 380.6 365.3 349.7 333.7 321.9 312.2 305.6 299.1 289.6 279.4 270.7 262.3 255.8 248.3 243.2 238.3 232.4 228.8 227.6 227.2 227.3 227.1 227.7 230 233.6 240.3 248 254.2
432.6 434.5 437.3 439.2 440.3 440.2 439.7 438.7 438.2 436.5 434.3 430.9 427.2 423.3 419.5 417.5 418.2 420.7 421.7 421 420.9 420.8 421.2 421.7 423.4 420.9 417.1 414.4 410.2 404.1 401.7 406.8 413.2 418.7 424.3 430.8 436.1 441 443.9 445.2 443.6 442.4 441.5 437.8 434.8 431 427.2 425.1 417.2 406.7 394.4 381.4 364 343.4 326.3 314.3 306.5 297.3 286.9 277.1 268.2 260.4 253.6 246.9 242.6 237.3 232.5 228.2 226.9 226.7 226.8 226.9 227.6 230.6 235.5 241.7 249.3 256.9
432.2 436.3 441 441.3 442 442.8 442.8 441.5 440.2 437.7 434.8 431.2 427.6 424.1 421.9 422.8 423.3 425.2 426.5 426.3 425.9 424.8 424.9 424.9 425.2 423.8 421.7 419.2 414 411.1 408.9 412.8 418.4 424.2 432.1 437.7 442.7 447.4 450.9 452.8 452.3 450.8 449.1 445.1 441.3 438.4 435.2 432.9 426.8 418.3 407.5 392.9 376 354.8 334 316.5 305.8 295.6 285 273.9 264.7 257.9 251.4 244.8 240.7 235.2 232.1 227.7 226.3 226.2 226.3 226.5 227.5 231 237 243.4 251.6 259.4
434.9 439 443.4 443.5 444.4 446.3 446 444 442.9 441 437.7 433.5 429.8 424.7 426 427.3 428 430.2 432.8 432.5 430.3 428.7 427.4 427.2 427.6 427.3 425.6 422.8 419.3 416.1 415.5 419.7 424.4 431.2 437.5 442.4 447.6 453.1 457.3 458.9 460.2 459.1 455.9 452.2 450.2 449 443.5 439.7 434.2 425.1 413.3 402.6 389.2 362.5 340.9 320.5 307 294.9 283.1 272 262.6 255.4 248.3 242 237.4 232.8 230.7 226.7 225.9 225.8 226 226.5 227.7 231.1 237.1 244.2 252.6 261
436.9 440.1 444.8 447.2 448.3 450.7 449.6 445.4 444.1 441.8 439.7 435.9 431.2 427.7 429.5 430.5 431.3 434.9 437.1 437.7 436.4 433.3 430.7 429.9 429.5 427.7 427.2 425.4 423.7 422.2 421.7 425 430.2 436.4 442 447.9 453.6 460.3 466.1 469 470.3 468.3 463.6 460.8 462 459.6 453.6 448.7 440.5 431.5 418 407.2 397.1 370.7 347.4 326.9 308.6 295.7 282.2 270.9 262 253.4 246.1 239.6 233.6 230 228.1 226.3 225.5 225.7 226 226.8 228 230.9 236.9 244.2 251.7 261.1
439.4 442.3 446.8 451.1 451.6 452.4 450.6 446.5 445 444.4 441.7 436.9 431.8 430.6 431.6 432.9 435.1 438.7 441.5 442.7 441.7 438 434 432.6 431.5 430 429.4 427.4 426.2 426.7 426 429.3 434.3 440.2 446.8 454.9 464 470.7 476.1 477.8 476.5 474.2 471 467.5 467.2 462.1 455.3 448.2 437.5 428.7 420.1 411.5 404.5 372.2 352.2 330.7 309.5 295.3 282.2 270.1 260.4 250.8 243.2 237.3 232.9 228.3 226.2 225.5 225.2 225.5 226 226.8 227.7 230.4 234.9 241.8 250.3 259.1
440.4 444.3 446.8 450.5 452 453.3 452.5 448.4 447.6 447.6 444.6 440.4 434.8 434.3 434.4 434.7 436.9 442.1 446.5 448 446.4 442.7 437.3 435.5 434.2 433.8 432.9 430.5 428.6 429.4 429.9 433.7 438.7 445.6 454.1 463.3 471.6 477.9 481.8 483.4 482.2 478.9 474.5 469.3 465.8 459.7 451.8 443.9 433 426.5 418.3 405.4 393.9 367.4 350.6 329 307.2 293.3 280.9 268.1 257.9 249 241 234.3 230.2 226.7 225.5 225 224.8 225.4 225.4 225.8 226.9 228.6 232.8 240.2 247.8 256.1
440.9 445.3 449.8 453.7 454.4 453.8 451.9 450.2 450.4 449.1 447.1 442.7 437.2 437.8 437.1 436 437.6 443.3 451 454.5 452.2 446.2 441.1 438 436.7 436.2 435.8 433.6 432.1 431.6 433.2 437.3 443.3 452.1 460.2 468.2 475.8 482.7 486.3 486.8 484.8 480.8 475.7 470 464.5 457.3 448.8 439.5 429.8 421.1 413.1 398.2 381.6 364 348.4 329.8 309.2 289.8 278.6 265.8 255.2 247.3 240 233.6 228.6 226.1 225.2 224.7 224.7 225 224.8 225.2 226 227.6 230.1 236.8 244.9 253
441.9 446.5 452.9 456.2 456.3 456 452.4 450.9 451.4 450.6 448.9 445.7 439.9 439.1 438.1 436.9 437.8 444.8 452.3 458.3 455.4 449 445.7 441.3 439.3 438.4 437.7 436.8 436 435.7 436.7 440.9 447.6 456.1 464.6 472.7 481.1 485.9 488.1 487.4 484.9 481 476.4 470.5 463.5 454.8 444.9 436.9 428 418.3 406.4 392.5 380.5 366.5 351.2 334.5 314.9 291.6 278.3 265.8 254.4 245 236.9 231.5 228 226.4 225.2 224.3 224.5 224.4 224.8 225.2 225.6 226.8 228.7 233.9 241.3 249.2
440.8 447 450.8 451.8 454.1 455 453.2 451.9 453.1 452.7 451.7 450.2 444 439.7 438.3 437.1 437.2 442.8 450.3 452.8 451.1 449.2 447.6 445.1 443.3 441.1 440.2 439.7 439.8 440 441.3 444.3 451.7 459.9 468.5 476.7 484.9 490.8 493.3 492.7 488.5 481.5 474.8 468.2 462.5 454.1 445.3 437.1 428.4 420.9 410.4 398.8 385.1 372.1 355.3 338.4 318 296.8 280.2 267.5 255.8 245.9 237.8 231.7 228 226.4 225.3 224.7 224.4 224.1 224.2 224.6 224.9 226 227.5 231.6 238.3 245.8
440.7 446.1 448.9 452.8 457.6 457.5 455.9 456.1 458.8 459.9 458.9 456.7 452.5 445.1 439.2 436.7 435.5 438.6 443.7 444.4 446.9 448.9 448.2 448.3 447.9 445.8 445 444.5 444.6 445 446.3 448.6 455.1 462.8 471.1 480.8 489.5 494.6 497.1 495.7 491.4 486 480.4 472.8 465.7 458 449.1 441.9 433.1 423.7 413.1 402.7 391.1 378.3 362.8 346.8 328 305.5 285.1 271.8 258.4 247.6 239.4 232.6 228.2 226.6 225.7 225.1 224.5 224.1 224 224.1 224.3 224.9 226.3 229.6 235.9 242.4
442.2 447.7 451.7 461.1 466.2 467.7 465.1 464.3 466.6 467.9 465.6 462 457.7 448.6 442.2 436.3 432.7 432.2 434 439 444.7 448.8 451.4 452.3 451.3 450.1 449 449.1 450.2 450.3 451.8 455.1 460 467.2 475.3 484.3 492.8 497.6 499 498.3 495.1 489.7 484.4 478.7 471.8 464.3 456.5 445.8 435.6 426.3 416.6 405 394.4 383.8 370.7 356.4 337.6 317 295.1 277.8 262.7 250.4 242.2 234.6 229.9 227.4 226.3 225.3 224.7 224.1 224 223.9 224.1 224.4 225.4 227.9 233.2 239.5
446.6 451.2 457.1 463.2 468 469.8 470.3 470.7 473.8 475.6 472.9 467.9 461 451.3 444 435.5 430.3 429 429.8 436.1 445.3 450.2 452.8 453 452.6 452.9 453.7 455 455.6 457 458.5 462 466.7 473.2 480.2 487.2 495.1 503.1 509 511.6 510 502.1 490.8 484.7 475.1 466.8 459.1 451.6 441.8 430.8 417.1 405.2 396.4 385.1 372.9 358.2 342 323.5 303.8 282.7 267 252.8 244.9 237.6 232.2 228.9 226.8 225.7 224.8 224.3 223.9 223.8 223.8 224 224.7 226.7 230.6 236.4
449 455.1 461.8 467.1 474.5 477.4 477.1 478 481.9 484.3 481.6 475.7 468.5 454.4 442.8 432.3 427.6 425.9 426.2 433.6 441.8 446.6 449.6 452.1 454.7 456.7 460.1 461.6 462.1 462.5 464.4 467.6 471.4 477.8 486.2 494.5 502.3 509.5 516.4 520.5 519.8 514.1 507 501.3 493.5 476.5 461.2 451.9 443.1 431.7 420.3 403.3 392.2 380.6 367.6 354.7 342.6 326.3 307.2 287.7 269.4 255.8 248 240.5 235.1 230.5 227.7 226.2 225 224.3 224 223.7 223.7 223.7 224.4 226.2 228.8 233.5
455 460.2 466.8 473.5 484.2 489.4 487.1 486.2 490.2 490.7 486.1 478 470.5 452.7 439.1 427.6 423.9 421.2 422.3 427.1 434.3 442.3 448.2 453.3 457.8 461.4 464.8 466.5 467.3 467.6 469.2 472.4 477.1 483.6 492.8 501.8 509.2 515.8 522.8 526.6 526.5 522.7 518.7 511.2 502.2 489.6 476.4 459.5 441.4 430.6 419.9 407.6 386.4 374 359.8 348 337.7 325.4 308.2 291.5 272.9 258.1 250.5 243.6 237.6 232.1 228.8 226.7 225.5 224.3 224.3 224 223.5 223.6 224.4 225.8 227.7 230.6
460.4 467.1 475.4 480.4 488.5 494.2 491.6 491.7 494.4 492.2 485.4 477.5 469.8 450.3 431.9 422.8 418.8 417 417.6 424.1 429.3 438.9 446.5 453.3 459.2 464.2 468.1 470.1 470.9 471.3 473.3 477 482.1 489.3 498.5 507.8 515.2 520.4 525 528.5 529.7 527.1 521 514.2 507.7 499.4 485.4 471.9 454.5 433.7 418.9 406.5 384.9 366.3 351.3 339.9 330.6 320.4 304.6 289 274.2 259.7 251.9 245.7 239.5 233.5 229.9 227.3 225.6 225.1 225 224.5 224 223.5 224.3 225.6 226.9 228.4
461.3 471.2 480 484.9 488.3 493.4 490.6 492.9 494.3 491.1 483 473.8 463.7 444 425.8 417.2 413.6 411.8 414.2 421.6 427.3 436.7 444.4 453.3 460.7 466.4 470.3 472.6 473.7 474.2 477 481.9 487.8 494.6 503.4 511.3 518.2 524 528.8 531.9 533.1 530.6 526.3 521.7 511.7 499.3 490.7 480.3 462.9 445.1 420.6 404.1 381.9 359.3 344.4 332.5 321.7 310.9 299.1 285.8 272 260.6 253.6 247.4 240.5 234.8 230.6 227.9 226.7 226.1 225.6 225.1 224.7 223.5 223.8 224.2 225.7 227.6
460.5 470.4 477.8 481 483.9 488.6 488.6 490.8 491.8 487.7 480.3 468.6 456.6 437.8 420.3 411.7 408.5 406.9 410.2 416.7 424.2 435.9 445.6 454.9 462.4 468.8 472.4 474.7 476.7 478.6 482.4 487.7 493.6 499.4 507.1 514.6 520.6 525.8 529 531 531.2 529.6 526.2 521.4 513.5 502.4 489.2 480.1 472.6 454.7 427.8 402 377.8 352.9 337.4 325.5 313.8 302.3 292 282.2 269.4 260.4 253.3 248.6 241.9 236.1 231.3 228.4 227.5 226.7 226.2 225.7 225.3 224.5 223.4 223.8 225.5 226.4
454.1 462.5 469.6 473.7 478.7 483.1 483.5 484.6 484.8 482.5 477.2 463.8 446.5 428.7 412.8 406.7 402.8 400.5 407 415 427.4 437 447.9 457 464.3 471.7 478.1 482.5 484.2 485.4 488.5 493.3 498.4 503.4 509.9 516.7 521.5 524.4 526 526.9 527.4 526.6 522.8 518.8 511.7 500.3 490.8 480.2 467.5 453.3 426.9 397.2 374.4 348.9 332 318.2 306.9 296.4 286.9 277.8 267.9 259.3 252.7 248.3 243.5 237.7 232.6 228.9 228.1 227.4 226.7 225.2 224.6 223.7 223.3 223.6 225.2 226.3
444.2 452.6 461.5 466.4 471.8 476.5 476.9 478 478.7 476.8 470.9 457.7 436.1 420.1 406.3 402.2 396.9 395.3 403.8 416 429.5 439.3 451.1 462.9 472.7 480.8 487 491.8 493.1 493.5 496 498.6 501.4 504.2 509 515.2 520.1 521.3 521.3 521.3 522.2 522.2 518.1 513.3 505.3 492.7 485.1 477.2 463.1 446.5 420 392 368.4 345.2 327.6 313.7 302.8 291.4 282.8 274.3 265.7 258.7 251.4 248 244.3 239.3 234.4 229.8 227.8 227.7 226.9 225.3 223.9 223.5 223.3 223.6 225.1 225.9
436.4 444.6 452.6 458.4 464.5 470.8 472.4 474.1 474.2 470.3 462.8 447.1 426.6 412.9 401.1 396.9 393.3 392 402.8 415.7 428.4 444.8 460.3 472.3 483.5 491.7 497.6 501.3 501.7 500.5 502.5 503.7 503.3 503.3 505.2 510 515.1 516.1 515.4 514.6 514.4 514.7 511.4 507.4 499.8 485.2 474.8 467.4 457 438 412.1 386.4 362 340.8 326 311.3 299.3 288.7 280.1 271 263.5 258 250.5 246.6 244.2 239.6 235.2 230.8 227.9 227.3 227 226.2 224.5 223.5 223.3 223.3 224.8 225.2
429.5 435.9 443.4 450.8 458.7 465.4 468.3 467.6 467.1 463.2 453.1 439.1 419.9 407.9 396.9 393 389.1 390.8 401.4 414.7 436 455.5 471.4 483.7 493.7 501 505.1 508.3 508.2 506.7 506.6 506.6 503.3 499.5 498.4 501.3 506.3 507.1 505.7 503.5 502.2 502.1 500.9 498.9 491.7 477.6 464.3 456.9 447 428.4 403.7 379.1 355.4 336 323.6 308.6 296.3 285.8 277.4 269.5 262.1 256.2 249.4 246 243.4 239.8 235.9 231.8 227.7 226.7 226.9 226.3 225.9 224.6 223.6 223.3 223.6 224.4
424 429.2 436.2 445.4 453.2 459.1 462.7 463.1 461.6 454.1 445.1 431.5 414.6 402.4 392.6 389.4 385.8 386.9 400.1 419.6 442.3 462.2 476.9 492.5 502.5 505.7 509.2 511.4 512.5 510.2 508.8 508.6 504.3 497.3 491.4 491.6 495.5 496 492.8 490.4 489.2 490.2 490.1 488 481.1 467.9 453.5 446.2 436.6 418.4 395.2 371.3 348.6 332.5 320.4 308.1 294.7 284 274.1 267.5 260.7 254.5 249.6 246.1 243.1 239.7 236.2 232.7 228.8 226.6 225.5 225.3 225.1 224 223.4 223.5 223.2 222.9
419.5 424.6 431.7 439.9 447.5 455.3 461.2 461.7 457.8 450.6 438 424.4 408.7 397.1 389.6 385.4 379.8 385.4 398.9 420.8 442.9 464.3 480.5 497.3 507 509.2 510.1 512.7 513.7 511.5 508.8 506.4 503.1 495.8 487.7 479.2 483.2 483.8 480.1 477.4 476 476.9 477.4 474.7 467.7 456.5 442.4 434.8 427.4 410.1 388.2 364.9 346.7 331.9 318.2 307.4 294.1 284.1 274.3 267.8 260.7 254.3 249.5 246.4 243.5 239.7 236.1 233.3 230.5 228 226.2 224.9 224.5 224.9 225 223.8 222.9 222.6
415.9 421.1 427.9 436.5 445.7 455.1 462.2 464.5 459.9 448.6 433.1 415.9 402.5 392.2 386.9 383 376.6 382.7 397.9 420.7 442.1 463.6 482.7 496.9 507.3 511.4 510 509.5 510 508.5 506.3 501.7 498.3 491.6 483.4 471.6 469 469.6 466.5 464.1 462.6 462.4 464.1 460.9 454.3 443.8 431.1 424 416.3 399.8 383.2 359.9 344.2 330.4 317.2 306.1 294.4 283.8 274.1 266.2 260.2 256.2 251.7 247 243.6 240 236.5 234.1 231.5 229 227.4 226.2 226 225.4 224.5 223.3 223.4 223.7
412.3 418.3 426.5 435 445.2 455.8 464.4 468 462.6 446 427.3 409.4 395.8 389.1 385.7 379.3 373 380 394.7 417.7 440.8 462.9 480 493.2 504 510.3 511.2 506.4 503.3 500.9 497.3 493.6 490.7 484.9 476.6 465.7 457.6 455.5 453.3 450.5 449.2 448.6 448.8 446.7 440.2 430.2 417.8 411.2 402.6 387.3 374.8 356.2 340.9 328.4 316.2 305.3 295.2 285.1 276.4 268 260.6 254.9 251.8 247.2 243.4 240.2 237 234.5 232 230.3 228.8 226.9 225.7 224.7 223.9 223.7 224 224.7
