Game/Highland_Data/StreamingAssets/GeoData/Data/nn/NN73.asc
ncols 200
nrows 200
xllcorner 270000
yllcorner 730000
cellsize 50
[rows 35 to 69 of 200, columns 0 to 77 of 200]
324.5 343.5 356.6 369.9 383.1 394.4 412.6 429.8 433.8 431.7 420.1 413.1 407.2 400.1 392.5 386.3 380.6 375.3 370.3 364 355.2 348.3 341.9 338.4 331.8 324.7 312 282.2 301.6 310.8 320.4 328.8 334.3 338.1 343.7 350.5 356.9 360.9 363.6 365.8 367 369.7 369.5 366.7 366.1 366.6 357.5 351.6 346.7 342.3 339 335.8 342.2 345.3 350 361.8 375.3 394.1 412.7 429.2 443.7 456.9 470.5 484.6 494.7 508.9 523.7 537.6 548.3 558.7 569.5 581.4 595.7 607.8 620.2 632.3 647.1 663.2
339.2 352.8 367.9 382.6 397.4 413.8 433.6 447.7 459.1 455.9 438.3 426.8 421.1 413.6 404.3 395.7 391.4 385.9 380.2 372.5 366.4 358.3 351 346.9 339.4 331.3 318.2 287.5 308.3 319.8 329.1 336.8 342.3 349.2 355.2 361.7 367.5 372.4 375.5 379.1 380.3 381.7 380.8 379.8 380.6 379.9 364.8 358.9 355.1 349.3 344.9 341.9 342.8 346.7 351.1 365.3 374.4 388.3 407.5 421.6 436.9 450.1 462.5 477.2 486.8 497.9 510.2 525 538.7 548.5 560.3 571.8 585.9 597.8 612.3 626.5 641.3 658.1
352.6 367.8 381.8 398.6 417.2 432.7 451.9 463.3 469.7 465.5 449.6 441 432.5 425.7 416.2 408.1 403.4 396.2 388 380.5 373.8 367.6 361.4 353.7 344.4 335.4 318.1 296 316.2 328.2 337.4 344.9 351.7 360.8 368.1 374.2 379.8 384.2 387.2 392.1 392.9 390.5 390.9 391 390.4 386.1 374.9 368.9 363.6 357.3 351.3 350.4 343.6 347.5 353.2 362.8 373.3 382.8 399.8 416.4 429.4 441.9 453.8 467.1 478.4 486.9 498.9 509.4 524 539 551.5 560.9 577.5 592.1 605.8 622.6 638.8 655.5
371 388.4 404.2 424.9 435.6 445.7 465.3 472.9 478.2 476.4 465.2 458.3 444.3 434.7 425 416.6 408.7 401.9 394.2 387.4 380 374.3 368.2 358.8 348.4 338 316.8 306.8 326.2 337.5 347.2 354.7 363.2 373 379.1 386.7 391.5 395.9 399.6 405.5 405 401.8 403.2 404.4 401.1 395.2 388.2 380.7 373.4 363.5 357.5 352.6 344.7 348.3 355.3 361.1 371.2 380 392.7 402.2 415.9 425.4 447.3 463.2 479.2 493.8 504.9 517.9 530.5 534.7 539.5 555 571 588.2 602.8 619.1 637.2 654.6
385.8 408 428.3 438.9 448.1 460.8 470.9 483.5 488.8 485.7 480.1 471 455.3 440.4 431 424.8 416.1 407.4 400.7 394.8 388.4 381.4 373 363 352 336.9 309.2 321.1 336.9 347.5 355.8 364.5 377.3 384.5 395.3 399.2 404 410.7 415.8 417.9 415.9 413.4 414.8 416.9 411.9 405.8 400.4 392.6 385 373.2 363.1 357.5 353.9 348.4 351.9 359.7 368.9 378.1 389.5 402.7 419.7 435.6 450.6 467.8 482.2 497.1 511.4 527 542 553.9 560.5 568.1 572.8 577.1 595.3 616.5 638.1 656.5
404.8 422.1 439.5 452.2 464.2 471 479.3 490.9 496.9 497.1 492.3 483.2 465.6 448.7 436.7 429.4 421.9 414.2 405.7 399.8 394 385.8 375.3 365.2 355.1 337.2 315.6 333.3 346 357.1 365.7 378.3 391 407.5 414.7 418.6 420.6 426.7 429.3 429.6 429 424.3 424.8 427.4 420 414.3 408.6 403.4 394.6 382.8 374.8 366.8 357.4 353.2 352.3 359.3 366.6 377.5 388.6 401.9 419.5 435.1 451 467.3 483.4 499.5 515.3 532.9 553.6 570.1 581.1 588.3 594.2 599.7 602.2 611 632.5 653.5
420 443.3 456.9 468.7 476 481.2 486.5 496 504.8 504.3 498.9 488.8 472.8 456.8 443.8 435.1 428.4 421.2 412.8 404.8 397.9 389 379.4 369 358.5 338.3 326.9 343.1 356.2 365.4 376.4 393.7 408 426.4 430.9 435.7 438 444.9 444 442.8 441 437.3 433.2 430.3 426.1 422 417.8 410.8 401.4 392.5 381.5 369.5 361.1 356.4 352.6 355.8 365 375.2 386 403.8 420.2 433.7 446.9 465.8 482.4 498.1 514.7 536.9 560.5 581 594.8 605.3 614 620.6 623.7 629 631.4 644.5
435.5 453.7 469.7 476.5 482.8 488.7 491.9 501.8 511.2 511.7 503.9 493.5 477.8 466.1 455 442.1 435.5 427 418.4 410.3 401.4 392.1 382.2 371.9 359.3 332.2 337.8 355.7 365.9 375.1 390.3 404.2 419.4 443.2 453.1 459.9 467.7 472.6 471.5 459 454.5 448.9 442.2 437.2 433.1 429.5 424.8 417.2 407.8 398.6 382.8 374.3 369.3 362.8 360.2 354.1 363.9 374.7 388.6 407.1 419.6 432.6 446 463.3 479.4 495.6 514.3 539.2 565.5 586.9 603.4 615.2 626.4 636.7 645 650.7 659.7 669.2
445.7 462.8 478 487.3 496 503.6 503.9 512.8 518.3 518.8 510.2 497.1 482.8 477.8 461.7 448.2 440.1 431.6 423.1 414 405.4 395.3 384.8 374.4 357.5 331.6 347.1 363.7 373.2 387.1 401.7 414.2 431.4 458.2 474.1 479 495.9 502.4 493.8 479.4 469.2 461.5 454.3 448.4 443 436.8 430.8 423.9 415.2 403 390.1 382.5 375.1 369.6 363.8 353.6 364.2 376.4 389.6 404 417.7 432 443.2 460.9 476.7 493.3 513 538.9 567.5 590.7 609.9 625 638.5 650.8 662 670.3 680.7 692.7
462.3 478.2 490.9 501 509.6 513.3 512.2 520 523.4 524.1 516.9 504.2 490.1 479 464.2 452.7 444.2 435.8 426.3 416.8 408.5 398.2 389.1 376 357.9 333.7 354.5 371.8 382.2 395.3 411.7 425.1 446.8 475 488.7 502.1 517.5 519.3 509.9 498.8 485 474.6 466.4 460.4 453.4 446.4 439.3 431.4 421.4 410.1 399.2 389.6 379.8 373.4 364.5 359.5 364.6 375.6 388.8 401.5 417.2 431.5 441.5 459 475.2 490.5 509.8 537.7 567.1 593.4 614.3 632.6 647.3 660.5 672.1 682 696.4 711.4
472.7 487.8 501.3 509.9 512.7 516.1 517.7 526.5 528.9 526 519 507.5 493.8 476.7 465 455.1 447.5 439.1 428.8 418.2 409.6 399.1 388.4 376.5 355.4 340.3 366.1 378.9 387.6 401.6 418 437.2 460.5 486.4 503.1 523 543.9 543.9 532.2 518.3 503 488.5 479.2 472.6 464.8 456.9 448.4 440.2 431.4 420.3 407.3 396.4 382.7 373.9 366.1 362.7 364.4 372.9 386.4 401.2 415.2 429.1 441.5 457.3 472 487.7 506.7 533.8 565 593.1 615.5 635.9 652 664.3 676.2 691.3 707 722.9
478.8 494.3 507.1 515.4 516.3 520.1 524.2 532.8 534.6 528.3 520.4 510.1 494 477.4 466.1 458 451.3 441.3 431.9 419.9 409.9 401 390.6 382.2 361.9 343.2 367.5 379.9 393 408.8 426.9 448 474.1 500.2 521.6 548.9 562.2 560.9 554.1 545.2 523.7 506.6 493.5 483.9 475.2 466.1 457.1 447.7 438.3 427.1 415.1 402.1 388.5 377 369.8 369.6 363.7 371.6 384.1 398.1 413.3 429 441.1 455 469.8 485.9 503.5 530 561.1 589.1 614.3 635.5 652.3 665.1 679.9 696.5 712.8 728.3
489.1 507.2 517.8 521.8 523.4 523.1 532.9 537.3 537.3 529.9 519.4 513 495.4 479.6 468.3 461.2 453.8 443.2 433 421.1 413.1 406.4 392.7 386.7 365.3 351.4 368.5 383.2 398.2 419 438.5 460.6 486.3 511.8 538.7 564.5 577.7 577.8 572.5 564.1 548.4 528.3 508.3 496.3 485.6 475.4 465 455.2 444.2 432.6 420.5 406.4 391.4 380.4 372.5 369.9 365.7 370.9 382.7 396.9 411.6 426.3 440 452.5 467.3 482.8 500.3 524.6 555.3 584.4 610.9 632.9 649.5 664.4 679.9 696.5 712.9 727.3
498.7 513 524.7 528.6 531.3 530.9 538.5 540.2 538.1 529.8 521 509.7 496.8 484.2 472.8 464.6 455.6 445.5 433.3 421.9 412.1 405.4 392.9 380.7 360.4 358.1 375.4 390 405.3 426.3 446.7 468.2 493.9 521.6 550 576.1 590.5 593.4 590.7 581.4 568.7 553.8 529 509.1 497.2 484.7 473.4 462.1 450 438.1 423.4 408.6 395.8 382.4 374.3 372.1 369.5 370.4 379.5 391.8 407.7 421.8 437.2 450.2 463.9 478.4 496.5 519.9 549 578 605 627.3 644.7 659.5 675.7 691.5 708.3 723
505.1 518 527.6 535.5 538 538.1 543.5 544.3 539.4 527.8 516.4 505.7 495.3 486.2 477.5 468.6 459.2 448.5 436.6 426 413.9 406.8 399.4 387.4 367.4 362.5 378.7 395.9 411.4 432.8 452.5 475.7 501.7 530.8 559.8 584.9 598.3 603.5 602 597.7 585.9 568.8 549.3 524.1 506.8 493.4 481.1 468.9 456.1 443.5 428.4 413.1 398.9 386.9 376.4 373.3 373.1 370 375.7 383.9 400.3 414.7 431.7 446.2 460.7 476.1 492.7 516.2 542.8 571.9 597.6 619.5 636.4 651.2 668.1 684 700.3 716.4
511.4 523.3 532 538.7 542.6 544.4 548.4 548.7 542.5 531.9 520.5 509.6 499.8 491.1 482.9 473.8 462.8 451 439.7 426.9 414.3 408.6 404.3 390 364.4 368.5 384.1 401.3 415.5 436.8 456.5 480.5 506.7 537 564.5 589.4 602.9 609 610.3 610.4 601.8 582 561 540.8 520.8 504.6 489.6 475.8 462.8 449.3 434.4 418.7 405.4 390.9 379.9 375.3 373 368.3 374.9 383.2 395.5 409 426 441.8 457.4 473.7 490.3 511.2 536.6 563.5 587.2 608.2 625.3 641.3 657.4 674.1 690.3 706.5
516.1 525.7 533.7 542.2 547.4 551 553.6 552.8 546.2 535.6 526.2 515.1 503.9 495.5 487.2 478.4 467.1 455.4 443.2 429.6 418.3 412.8 406 391.2 364.7 374.4 387.4 404.3 421 441 460.2 482.7 511 538.7 569.2 589.3 602 612.4 617.4 620.5 614.3 598.1 576.4 553.7 532.4 513.8 496.2 482.9 469.2 455.1 440.6 425.5 411.8 396.9 385.3 378.3 375.2 371.9 374.6 381.9 395.8 410.1 424.5 440.7 456.2 471.1 487.2 506.1 529.9 554.7 576.7 594.4 612.6 628.1 644.3 660.9 677 694.4
521.7 529.9 540.5 549.3 554.8 557.3 558.2 555.3 548.4 540 531.3 520.6 509.8 500.4 491.4 481.9 471 459.6 445.9 433.7 421.2 415.3 404.9 393.5 366.9 377.7 389.7 406.7 424.4 442.5 462.8 484 509.9 539.5 565.3 586.7 599.3 612.3 622 626.6 623 610.1 590.8 569.7 543.6 521.2 503.8 489.3 475.5 460.9 447.5 432 416.3 401.8 392.2 381.4 377.5 372.3 376 380.1 391.1 406.3 421.1 435.8 452.6 468.7 484.9 500.9 522.6 545.2 565.5 581.9 598 614.9 630.1 646.6 664.1 681.7
531.4 538.2 546.5 556.3 561.9 561.7 562.5 561.2 555.3 548.4 538.8 527.8 516.5 507 497.4 486.8 475.9 462.6 449 436 423.3 416 410.9 394.8 367.1 378.8 393 409.1 426.4 442.7 461.7 483.8 507 535.4 560.8 582.3 596.8 608.3 620.7 627.5 626.1 618.1 599.7 578.2 554.3 530.3 511.8 496.7 482.1 467.1 453.7 439.5 424.4 409.3 396 384.9 379.1 374.6 378.2 380.6 387.7 405.1 419.4 431.8 450.2 465.8 481.6 498.4 516.1 534.5 551.9 567.9 583.9 601.3 616.3 631.5 648.2 665.9
539.8 544 554 562.4 565.2 565.9 568.9 570.7 565.7 557.3 547.2 535.2 523.7 512.8 502.1 491.2 479.2 466.2 452.6 439.2 426.8 417.7 412.7 395.8 372.6 381.7 394.1 411.2 427.6 442.4 461.5 483.2 503.8 530.1 556.7 576.4 592.8 604.4 616.2 624.9 627 624.5 610.3 588.8 565.6 540.6 520.1 503.2 488.2 473.2 459.1 445.3 431.7 416.9 402 390.4 382.9 377.2 381 384.5 390.9 403.6 416.8 430.3 447.4 463.6 477.9 492.6 509 523 538.2 551.5 569.4 584.3 600.6 615.4 635 657.2
543.9 550.1 560.3 566.7 569.2 574.7 579.6 580.9 575.5 566.9 555.8 542.1 529.2 518.2 506.7 494.9 482.7 469.6 457.2 443.6 431.8 421.4 415.8 402.4 384 376.3 394 410.3 427.7 443.1 460.7 481.1 500.5 524.7 550.6 568.7 587.2 600.8 614 623.1 628.6 630.6 624.2 602.2 577.4 549 527.1 509.8 495.3 479.6 464.7 450.5 436.9 422.3 408.5 395.1 384.3 378.7 381.9 386.9 394.3 403 413.8 427.2 443.1 459.2 475.5 490.5 508.7 522.9 540.2 558.6 577.5 595.2 612.8 631.5 650.4 670
547.8 556.1 563.9 569.9 575.6 583.6 591.2 591 586.6 578.5 563.4 548.9 536.3 523.7 512.1 499.2 486.3 473.9 461.4 448.3 436.2 426.9 416.7 402.7 393.9 383.1 394.1 410 426.5 442.5 461.4 480.2 498.4 519 542.5 563.5 581.5 596.8 609.9 620.9 629.9 635.7 635.2 616.7 589.2 559.2 535.2 517 502 485.9 470.4 457 442.7 429.1 414.7 400.4 388.6 381.4 381.8 386.7 393 404.1 416.7 429.4 444.8 461.3 476.3 491.7 506.8 522.6 540.4 556.9 576.6 597.1 616.8 636.6 657.1 676.9
552.4 562 568.9 576.1 585.1 594.8 603 602.8 597.8 590.1 572.9 555.9 541.2 529.5 516.4 503.2 490.8 478.3 465.7 451.4 438.8 429.9 419.2 406.1 398.5 382.7 394.8 407.7 423.2 441.5 459.9 477.8 496.2 513.7 536.3 555.5 574 590.6 604.3 617.6 629.1 638.3 641.2 631 602.1 572.3 546.7 524 508.6 493.3 478.5 463.8 448.9 435.9 420.8 405.9 392.3 384.7 382 386.2 392.4 403.1 416.8 428 441.8 458.6 476.2 489 503.6 519.3 536.6 555.7 576.1 596.8 618.7 640.3 661.5 680.8
559 568.2 574.6 582.6 594.1 606.6 613.6 614 608.6 598.7 582 564.4 547.3 534.5 520.7 507.5 495.2 482.5 469.9 455.5 441.6 432 423.4 408.8 401.5 386.9 396.3 406.9 420.6 439.9 456.6 474.7 492.2 508.4 529.1 547.4 566.1 583.8 599.5 615.1 628.5 637.1 640.8 638.5 616.9 585.6 558.2 534.2 515.3 501 486.6 471.5 455.8 442 427.5 411.6 396.6 387.1 383.5 386.3 392.2 401.9 414.9 427 440.6 458.8 474 488.4 502.8 518.2 535.9 555.6 576 597.5 622 644.4 664.5 683.7
564.8 573 579.8 589.4 602.9 615.1 624.4 625.5 621.8 612.6 592.9 572 554.7 540.8 525.8 512.6 499.7 486.5 473 459.3 446.6 436.7 429 413.1 406.7 396.9 395 405.8 419.8 436.6 455.4 471.2 487.8 504.1 523.1 541 558.3 576.7 594.8 611.8 626.7 635.2 639.7 639.6 633.7 605 574.1 542.9 523.5 508.3 493.4 478.6 462.6 447.6 432.8 415.7 398.9 388.1 384.2 387.4 393 402 415.5 426.4 439.9 457.1 472.7 487.6 502.4 518.5 535 554.6 574.2 597.3 623.7 646.9 667.4 687.3
569.5 577.1 585.7 597.4 612.3 624.6 634.8 638.6 634.4 625.2 604.2 581.1 563.5 546.5 530.7 517.7 504.5 491.6 477.7 465.1 451.4 441.1 430.4 417.1 410.2 398.7 393.8 403.6 417 433.6 450.7 467.3 483.6 500.6 518.2 535.7 552.1 569.5 588.9 609 623.1 631.5 637.3 641.8 641.7 624.6 590.9 558.9 534.6 515.3 500.4 485.1 469.4 453.7 438.1 421.9 405.9 389.5 386.3 388.6 392.5 402.4 413.1 425.2 437.9 455 472.3 488.1 503.5 519.2 536.2 555 575.4 599.7 625.5 648.8 672.1 693.9
574.4 582.9 594.1 608.3 620.9 631.8 643.8 649.4 646.7 636.6 615.6 590.4 570.7 552.7 536.1 523.2 509.9 495.7 482.6 469.2 457.9 445.9 432.6 421.6 412.2 405.2 394.4 401.2 413.5 430.9 446.1 464.4 479.6 495.8 513.4 529.1 546.5 563.8 584 605.1 617.9 626.4 633.8 643.2 647 635.4 610.2 574.9 545.6 522.6 506.6 491 474.9 459.2 443.5 425.5 412.1 391.7 386.5 391.1 394.7 399.6 408 424.6 437.3 455.8 471.9 487.6 504.2 520.9 537.7 558 580.3 605.1 631.5 654.6 678.9 701.5
578.9 591.3 603.1 619.1 630.6 639.2 650.2 657.3 656.5 648.3 627.8 598.9 578 559.8 542.7 528.8 515 501.3 488.8 475.9 461.5 449.3 435.2 423.9 414.1 409.7 399.7 401.5 413.2 426.8 442.1 460.8 476.5 491.8 508.3 523.4 541.4 558.6 579.4 600.3 613.2 621.4 631.3 643.2 648.7 645.3 622.6 589.4 557.9 530 512.2 496.7 481 464.9 447.6 429.3 411.6 393.1 395 398.9 395.9 399 411.2 424 438.5 455.4 471 487.6 504.7 522.3 541.1 563.2 587.9 611.6 638.7 662.7 686.9 709
582.8 596.5 610 625.5 637.8 645.6 655.5 663.6 665.1 659.4 641.4 607.7 585 567.5 549.5 534.7 521.2 507.4 493.8 480.3 468.3 454.8 440.7 428.4 416.8 412.6 409.3 402.7 409.3 421.6 438.4 456.2 471.9 487.7 503.9 519.7 534.8 554 574.5 596.4 610.2 619.9 630.9 642 651.3 653.2 632.1 601.3 568.8 539.4 518.9 502.4 486.7 470 453.9 436 419.7 398.4 391.3 392.7 395.7 398.8 407.9 421.3 437.9 453.2 469.5 486.7 506 524.8 544.5 568.7 596.9 621.7 648.7 672.9 694.9 714.8
587.5 600.7 615.1 628.2 640.8 651.1 659.8 667.4 669.8 668.2 654.1 617.8 591.8 573.2 555.1 539.5 526.2 513 498.5 486.2 473.7 460 449.7 435.4 426.2 417.8 412.6 409 406.9 419 434.6 451 467 483.6 499.6 515.3 530.7 548.2 568.7 592.2 607.9 618.8 630.8 643.1 653.6 656.9 642.4 611 575.1 546.6 524.8 506.1 490.7 474.6 459.2 442.5 422.8 405.9 393.4 393.3 393.4 399.8 404.2 415.9 435.3 450.6 467.3 487.1 505.7 526.3 547.6 573.8 606 634.8 661.5 685 704.5 723.6
592.6 606.3 617.4 629.4 642.9 654.2 663.4 671.8 674.9 672.7 660 627.8 599.6 578.6 561.3 544.2 530.4 518.3 504.7 493.7 481.2 469.4 454.4 442.4 432 420.5 416 413.2 405.4 416.1 429.9 447 463.3 479.8 495.9 511.8 526.7 542.6 563.6 587.8 606.2 618.9 629.3 641.8 655.4 658.7 647.3 619.8 584.6 555.4 527.5 509.8 493.9 480 465.1 448.1 425.7 409.1 398.8 395 395.4 396.1 401 413 431.6 447.3 464.5 484.4 505.4 527.5 550.6 577.7 610.8 645 673.7 697.5 714.9 730.9
594.2 608 618.6 629.3 642.4 654.9 665.5 675.1 681.1 678.3 665.8 637.7 607.6 585.2 567 550 535.5 522.7 511.3 499.6 486.2 471.5 457.2 447.4 435.9 427.6 420.7 417.1 411.4 415.7 425.9 442.1 458.8 476.7 493 508.4 523.7 539.3 559.7 584.1 604.1 618.6 629.1 641.5 655.5 659.2 654.2 627 597.6 564.6 536 514.1 499.2 484.2 468.6 453.4 431.5 414 402 396.4 397.1 396.8 400.3 411.6 430.2 445.4 462.6 482.5 504.7 526.6 552.8 579.5 615 652.6 684.4 706.5 723.9 737.7
591.5 604 614.8 626.3 638.9 651.5 663 673.2 679.5 680.2 675.5 654.2 622.4 598.6 576.6 558.3 541.3 526.4 516.5 505.4 493.4 478.1 464.6 453.3 443.4 432.5 425.5 419.6 413.2 418.6 426.4 438.6 455.8 474.7 489.7 504.7 520.5 536 556.4 580.2 599.3 615.8 629.4 642.4 654.1 658.7 657.4 638.4 603.3 573.8 546.3 519.8 503.6 488 472.5 456.7 438.5 420.6 407.2 398.6 398.4 398.6 399.4 408.7 425.8 441.7 459.6 479.6 501.6 524.2 550.7 581.1 622.5 658.7 688.6 711.1 728.1 741.1
583.7 595 607.9 620.2 632 645.4 659 669.1 675.1 679.1 679.2 668 641.2 610.4 582.7 565.6 548.3 529.6 518.3 508.8 497.1 480.9 465.1 452 441.4 433.7 427.1 423.5 416.7 424.4 427.4 439.3 453.5 471.2 487.6 502.5 517.6 533.8 553.1 575.1 595.4 611.7 626.8 639.3 650.3 658.3 658.9 645.3 614 582.3 555.1 528.5 507.6 492.1 476.9 463.6 449 429.9 413.6 402.3 400 399.7 400.1 407.2 424.6 439.2 454.8 474.4 496.7 521.6 545.7 576.2 618.9 646.4 670.5 702.9 726.2 741.2
575.1 586.7 597.5 610.6 624.6 638.7 652.8 663.1 670.4 675.7 678.6 672.3 654.9 626.7 593.4 570.1 552.4 534.1 521.9 513.6 500.1 484.7 467.7 456 448.8 439.7 431.4 429.2 421.9 424.9 429.1 438.5 449.9 467.4 485.4 500.7 514.6 530.6 548.2 568.8 590.1 607.8 623.1 635.9 646.2 654.2 658.2 651.1 624.3 591.3 563.5 537 514.3 496.9 482.1 469.1 456.3 437 417.2 405.8 401.7 401.7 402.3 405.1 418.8 433.4 453 470.4 488.9 513 537.2 566.2 595.7 618.6 646.5 676.8 709.5 735
