Game/Highland_Data/StreamingAssets/GeoData/Data/nn/NN75.asc
ncols 200
nrows 200
xllcorner 270000
yllcorner 750000
cellsize 50
[rows 140 to 174 of 200, columns 0 to 77 of 200]
528.4 527 526.2 526.5 526.9 527.6 528.9 533.7 533 521.8 514 507 504.4 507.7 511.9 508.6 505.1 504.7 502.6 496.6 494.5 494.2 490.2 487.7 487 485.8 485.5 485.3 487.8 490.8 491.2 485.9 485 487.5 486.9 486 486 484.7 486.4 487 489 488.8 488 484.4 488.4 488 487.8 489.7 489.4 488.9 486.8 488.3 486.2 489 491.5 490.6 483.9 477.6 479.4 481.1 483.8 486.3 489.6 490.4 492.8 494.8 496.2 494.6 489.7 488.1 488.7 480.2 475.1 473.7 470.1 471.6 474.5 480.1
533.9 530 525.8 523.4 521.6 521.8 517.6 520 513.5 511.6 511 513 516.8 517 515.5 512 513.2 512.7 507.5 502.6 505.8 503.7 501.3 498 498.3 495.1 491.9 497.3 502.2 502.7 497.6 487.9 486.5 489.4 490.3 489.7 489.5 488 489.5 491.7 494 493.7 491.8 493.3 495.2 494 496.2 498.1 498.7 498.3 496.7 498.4 498.3 497.9 498.1 498.3 492.6 495.2 494 498 500.1 504.5 509 516.4 518.5 522.3 524.1 518.3 509.9 502.9 495.8 488.4 487.6 484.4 481.9 484.5 486.8 489.7
545.7 536.4 534.5 529 524.7 521.7 522.6 521.6 520.1 523.5 524 523.6 525 525.3 521 520.4 518.6 519.2 514.9 511.6 511.6 512 510.4 510.8 509 505.1 502.3 504.6 507.9 508.1 495.4 489.8 492.2 494.6 498.5 495.4 493.1 494.1 495.8 498.9 499.4 498.9 496.2 499.5 503.8 504.6 505.3 506.6 507 506.7 506.5 507.5 506.8 504.9 508.2 509.2 501.5 510.4 511.2 516.5 520 527.2 535.9 542.7 546.4 545.7 541.5 535.9 525.4 514.6 507.8 497.7 498.9 492.2 494.5 494.8 497 498.4
556 551.9 547 542.7 535.8 531.7 533.8 530.8 522.7 532.7 531.3 532.6 533.4 532 530 528.6 528.9 526.5 519.3 519.5 520 519.1 519.3 517.3 515.2 505.1 508.8 511.4 509.9 511 502.1 505.4 501.5 504.2 503.1 498.5 497.5 499.6 502.7 505.2 506.1 503.9 504.1 508.6 511.2 512.3 513.9 513.6 516.1 515.8 516.1 516.9 517.6 516.2 518 520.4 513.9 526 530.1 534.8 541.3 548.9 555.9 561.7 567.7 568 562.5 551 539.9 527.1 517.8 510.8 504.7 503.9 503.3 503.1 506.4 507.8
566.9 563.1 553.5 554.7 551.2 548.8 546.5 538.1 533.1 540 539 540.4 542.2 542.3 541.9 540.5 537.4 535 528.8 528.8 528.5 526.1 524.8 522.7 517.5 516.8 516.5 515.6 513.8 512 508.7 510.8 510.3 508.4 508.3 507.7 508.7 507.4 509.2 514 514.8 503.7 516.5 517.9 519.3 522.5 523 522.8 525.7 526 525.7 526.8 527.3 530.5 532.2 533.3 525.3 541 546.5 553 558.7 566.7 577.6 585.2 585.6 583 576.3 568.3 556.9 540.6 528.2 522.6 517.1 514.7 514.2 513.5 514.5 516.1
577.2 574.3 569.6 567.5 562.6 561.7 552.7 541.5 544.7 553.1 551.4 551.9 555.4 556.3 554.9 554.6 549 545.3 541.7 539.4 536.9 535 533.3 529.9 526.6 524.8 524.6 524.2 522.8 520.9 520.3 519.2 519.3 518.7 518 517.5 518.8 516.4 516.9 520.8 520.2 512.4 523.7 527 528.2 530.5 531.7 534.5 533.7 536.4 538.1 545.2 552.6 553.1 553.1 549.2 540.3 552.4 559.9 567 575.4 587 594.9 599.9 598.6 594.8 589.3 581.3 567.2 551.1 538.1 533.5 526.6 525.1 524.2 523.5 523.8 525
587 578.6 581.3 578 576.6 572.8 550.7 553.4 559.6 562.9 561.6 560.7 565.4 569.6 572.1 572.3 565.1 559.7 555 552.1 548.4 544.5 542.4 540 538.1 537 536.7 536 534.9 533.2 533.1 532.3 531.9 531.2 530.2 529.5 528.6 524 524.4 526.8 528.9 519.2 533.2 536.4 539.7 539.5 541.4 544.4 547.2 555.7 561.7 570.6 571.3 568.9 562.9 559.8 550.6 558.3 569.5 580.8 592.1 600.2 605.2 607.2 606.1 603.9 598 584.2 569.1 557.6 547.3 543.5 539.5 535.4 534.5 536 534.5 536.8
591.5 595.6 590.8 591 588.4 568.6 559.3 569.8 571.1 569.8 569.7 572.4 575.5 580.3 585.3 586.4 583.4 582.1 578 575.4 566 558.6 556.7 554.4 551.9 549.9 550.3 549.1 547.6 545.2 544.6 543.6 541.5 539.6 538.6 538.7 537 531.4 535 534.4 537.9 531.1 524.7 545.5 548.8 549.5 551 562.5 573.4 577.5 582 586.6 585.1 578.6 570.8 565.5 556.5 569 578.1 592 602.1 609.9 614.4 614.7 614.1 611 602.4 587.8 573.4 560.5 554.8 550.7 548.2 544.5 544.3 544.5 545.9 547.3
605.5 604.4 599.8 597.8 592.2 571.2 570.9 583.5 582 582.4 588.3 592 599.2 600.9 602.5 606.5 607.5 604.2 599.9 592.6 583 575.1 572.1 568.8 565.9 562.5 562.6 561.2 559.1 559.7 557.1 553.5 551.7 550.7 547.8 548.3 545.3 538.4 544.9 548.1 549.1 540.2 529.3 551.9 558.3 561.8 574.3 581.8 585.2 595 594.7 594.6 591.2 584.2 578.2 573.8 571.4 577.7 586.1 599.4 612.4 621.2 623.9 621.4 618.8 612.5 601 589.6 576.2 568.3 562.9 561 559 556.4 555 555.3 556.3 557.2
613.9 609.8 606.7 602.3 597 577.4 584.8 594.4 597.7 601.8 610.5 615.9 618.6 620.9 622.2 621.1 618.2 612.7 608.2 602.1 592.8 585.3 578.7 575.6 576.8 575.5 576.5 574.1 569.7 567.4 565.9 563.2 558.5 558.5 556.9 557 551.4 548.1 554.5 556.6 556.7 534.6 545 560.8 565.2 571.6 580.5 587.7 595.5 600.9 603.4 602.6 599.4 590.5 583.9 582.8 583.7 585.4 593.3 605.3 617.2 627.1 629 626.3 618.9 612.7 605.2 597.6 587.8 582.2 583.5 578.6 574.6 571.4 568.8 567.7 566.9 567.1
621.7 615.9 609.2 606.2 603.3 586.3 595.2 602.1 609.4 617.3 625.8 634.2 637.6 643.2 642.6 637.3 631.6 628.2 619.4 610.4 600.6 591.8 586 582.9 582.3 579 578.8 576.8 572.7 572 571.1 569.7 567 566.2 566.2 564 560.4 555.7 563.4 564.1 562.4 538.5 556 565.8 572 575.7 583.3 594 602.3 608.9 611.3 610.7 608.2 600.3 591.6 589.3 591 593.8 601 610.6 620.5 630.6 635.6 634 633.9 632.1 616.8 604 601.1 597 596.5 591.5 589.3 586.5 583.7 580.2 579 578.5
624.7 619.5 614.2 612.4 610.7 597.2 606.3 611.7 620.8 632.9 642 648.2 652.8 653.7 652.8 648.7 642.5 637.6 626.1 618.6 608.9 601.3 593.9 588.7 585 583.2 582.4 580.2 576.8 575.3 575 573.9 574.4 573.5 572.5 567.7 564.3 568.9 570.4 569.5 566.5 547.3 562.2 573.2 575.9 581 589.5 599.6 609.6 616.7 621.9 624.5 621.7 612 602.1 597.2 599.2 601.8 607.1 615.6 624.7 635 642.8 650.9 652.1 645.3 628.2 615.3 613.2 610.8 611 606.5 604.6 600.3 596.6 593.7 590.3 588.7
629.6 625.5 621.8 619.8 614.2 607.4 614.1 620.4 631 642.8 651.3 661.8 669.5 669 665.4 660 656.2 648.9 635 624.7 617.4 612 604.5 597.7 592.7 592.9 588.1 586.2 584.3 580.1 579.2 579.2 578.5 578.8 577.8 572.4 567.2 573.4 575.8 574.7 568.8 554.9 563.3 575.7 579.6 585.6 594.8 605.2 615.7 622.9 632.8 634 631.7 623.8 610.7 604.9 606.9 609.5 616.6 622.8 630.4 641.4 651.5 663.3 666.6 660.5 644.4 629.3 622.1 619.4 624.7 623.3 619.5 615 606.5 601.5 598 596.6
633.2 630.3 628.5 624.4 617.9 617.6 621 627.6 638.6 656.7 668.8 676.2 686.1 683.9 682.8 675.9 667.5 655.5 641.4 633.8 626 619.2 614.9 607.7 602 597.3 595.6 594.7 595 591.1 587.2 583.8 582.3 581.9 580.2 576.8 573 575.9 575.5 570.6 565 561.6 566.2 574.6 581.9 590.5 601.1 611.3 623.4 639.3 642 644.1 642.2 631.7 620 613.5 616.5 618.7 625 630.8 637.2 649.1 662.6 671.5 673.7 667.9 651.2 639.2 635.3 637.8 638.5 635.5 633.8 626.7 615.5 609.7 604.6 602.9
639.9 636.1 634.3 630.2 623.3 626 628.8 635 648.1 669 683.6 693.2 700 697.4 694.9 685.9 672.4 661 652.5 643.2 632.9 624.7 618.2 612.5 606.8 602.1 603.5 604.5 604.1 601.4 596.4 590.8 588.2 585.2 582.5 577 578.7 577.1 572.4 564.2 563.2 570.4 574.8 581.1 590.5 598 609.4 623.1 636 651.5 653.3 653.9 652 641.6 629.8 623.2 622.3 627.1 629.7 636.3 644.1 655.8 668.8 676.7 677.6 667.6 658.3 651.4 646.2 651.8 650.2 644.3 637 630.8 622.1 614.4 611.1 607.5
648.5 644.8 641.2 638.5 624.7 634.5 638.4 645.1 662.4 678.6 695.7 708.4 709.8 708 702 689.7 677.3 666.3 659.4 650.6 639.2 630.6 623.2 616.9 612.2 608.7 606.6 606 607 604.2 600.9 597.7 593.9 591.4 585.1 580.4 580 577.4 568.2 565.4 574.1 579.6 586.7 593.8 608.5 613.2 620.9 633.3 646.6 661.1 665.4 666 660.8 650.9 638.8 632.7 630.1 630.7 636.7 642.1 649.4 661.7 674.3 678.8 677 667.9 661.9 657.3 650.3 654.1 652.7 645.9 636.3 629.4 626.8 617.6 616.4 611.3
658.9 655.1 649 645.5 633.5 642 647.3 655.9 668.9 686.4 710.7 722.2 719.3 716.6 708.1 695.5 685.2 676 663.9 652.5 643.3 637.7 629.3 624.8 621.8 616 613.2 609.8 608 605.6 603 602 600.1 596.1 588.7 582.2 583.7 572.9 580.4 583.3 586.5 595 603.7 615.1 627.1 630.5 639 648.2 656.7 671.9 677.7 679.7 674.9 662.5 651 643.1 637.6 636.3 641.3 647.7 654.2 664.5 676.9 681.5 676.3 664.8 658.6 655.2 652.1 653.3 651.3 644.9 632.4 623.9 620.8 616.1 617.4 616.5
675.3 668.1 658.7 651.9 638.5 650.6 651 660.4 676.5 695.1 724.5 735 729.7 719.4 709.7 703.9 695.4 684.8 672.7 659.7 649 642.7 635.9 631.6 627.6 622.1 617.4 612.1 609.3 606.8 604.1 601.6 599.3 597 590.5 590.4 583.2 577.6 588.6 593.7 601.4 610.3 622.9 637.8 648.3 652.2 655.6 662.6 672.3 682.1 688.2 693.1 690 674.5 662.1 654.4 648.1 646.9 646.6 653.3 661.3 672.7 677.6 676.3 672.4 660.2 654 648.6 649.7 650.4 647.6 638.1 627.2 617 610.2 610.4 612.6 615.8
682 675.4 669.5 661.5 652.7 652.2 659 668.3 680.3 705.1 725.1 730 723.7 715.9 715 715.2 702.1 693.9 681.4 666.2 655.9 648.2 641.2 636.6 631.3 626.2 621.6 616.3 611.6 608.2 604.9 600.1 596 595.2 592.1 587.5 577.3 587.3 593.2 601.9 615.2 627.6 646.5 664.7 670.9 670.8 669.7 672.8 683.5 691.4 698 702.8 701.4 683.6 672.8 661.9 657.6 656.9 654.2 660.6 671.9 679.4 677.8 673.5 666.9 657.2 646 640.2 644.2 643.3 639.6 631.4 622.7 612.3 603.4 604.8 609.6 611.5
689.6 682.7 676.5 669 662 651.6 662.7 671.5 684.6 708.8 724.1 728.4 721.6 721.7 726 726.4 717.6 703.9 687.6 675 663.3 656.6 648 640.3 633.4 629.3 623.3 618.6 613.9 608.4 604.2 599.5 595.3 590.6 586.2 583.9 587 593.1 601.4 614.2 630.9 649.7 671.1 684.4 686.2 685.7 682.8 681.8 689.9 695.7 701.3 706.3 704.1 693.2 681.8 672.4 666.1 662.8 660.2 669.4 676.4 677.6 675.8 670.9 662.1 652.3 640.1 632.4 636 635.1 629.9 621.7 614.4 608 597.3 592.4 600.3 603.9
697.8 689.3 682.2 675 668.9 660.4 670.1 676.9 691.5 710.4 723.6 726 726.6 731.8 732.4 728.6 720.8 712.5 699.1 687.2 675.6 668.5 658.5 647.6 637.6 629.8 624.1 618.9 614.9 610 604 598.3 595.1 588.8 587.4 592.3 595.8 600.4 612.8 624.7 646.7 673.4 693.3 697.1 695.8 695.4 691.2 688.5 693.5 697.2 698.5 701.3 702.4 696.2 688 677.3 673.9 670.2 668.3 675.9 678.4 675.3 671.2 666.2 659.3 648.5 635.6 624.9 624.3 622.7 619 611 606.4 601 591.8 586.2 590.2 592.7
702 694.8 687.5 681.6 675.3 667.1 672.9 679.8 693.5 709.7 722.6 730.8 736.4 740.4 738 734.1 726.1 719.2 708.2 696.7 686 675.3 664.9 656.1 646.2 634.3 624.8 619.4 614 609.3 603.4 597.7 591.3 592.5 594.5 596.9 605 613.6 625.8 644.7 670.3 696.5 704.1 705.6 703.5 701.3 697.6 690 692.5 697.8 696 694.9 696.1 694.5 689.2 678.3 677 678.1 679 678.8 678.3 674 668.9 661.4 653.7 643.9 630.3 620.7 612.1 609.4 605 601.4 597.7 592.8 584.9 579.1 583 583.6
705.4 701.8 696.9 691 683.4 677.4 676.2 682.6 694.4 710.4 725.5 737 746.6 748.4 746.6 742.7 735.6 726.4 716.7 704 691.7 682.5 673.6 662.6 650.6 637.9 629.1 620.8 614.2 609.8 603.5 597.3 590.9 596.4 598.4 606.2 614.8 622.5 638.3 660.8 688.9 707.7 712.1 711.4 709.4 704.4 699.1 690.5 690.7 691.6 688.4 683.8 679 679.6 676 671.4 670.7 675.5 679.9 678.3 677.5 673.1 666.1 659 648.7 636.6 624.8 615.7 602.6 596.2 590.8 589.1 588 584 577.4 574.1 575.1 576.9
716.5 707.3 701.9 698.5 690.9 686.3 676.6 686.7 696.4 709.1 726.1 741.7 755.8 758.7 754.6 750.4 743.6 732.1 726.3 715.7 703.1 693.4 680.8 667.7 654.8 642.6 634.7 626 617.3 611.1 604 596.5 595.6 600.2 606.5 617.8 624.1 634.3 650.8 674.3 701.5 716.9 720.5 717.9 714.5 708.7 701.3 692.4 684.7 682.8 679 670 661.7 656.4 655.7 658.6 661.2 668.5 673.4 672.4 673.5 670.3 663.9 656.2 647 631.4 616.1 606.8 595.3 587 579.3 577.9 576.6 573.1 570.5 567.2 568.4 568.5
726.7 714.3 708 702.8 696.6 691.9 683.9 689.3 698.3 709.5 725.6 744.1 759 762 758.2 753.2 746.1 739.3 734.8 725.2 712.8 701.4 686.5 674.1 662.5 648.9 639.3 630.4 621.6 614.3 605.5 596.9 601.1 605.5 613.7 624.5 633.3 646.3 662.9 687.4 707.5 720.7 725.2 723.5 718.2 711.2 703 693.2 682 672.7 664.8 655.7 648.4 639.8 641.8 649.1 655.2 663 666.8 667.2 664 660.1 656.2 651.4 642.7 623.1 610.7 599.2 588.6 580.5 573.5 567.7 566.9 563.9 561.8 558.3 559.1 561.7
734.3 727.3 721.2 709.5 703.9 696.9 688.3 695.6 701.8 712.8 726.8 742 755.9 761.4 759.9 752.5 748.1 744.7 741.9 733.1 720.2 707.8 694.6 681.1 668 655 644.3 634.6 626.7 618.3 608.2 599.8 604.9 612.3 621.3 630.6 642.4 655.1 672.9 697 715.5 725.8 727.6 726.6 719.9 712 703.8 692.5 682.5 670.9 656.7 642.9 633.1 629.2 631.4 638.2 648.9 656.4 658.6 657.1 653.2 647.8 645.2 641.1 630.3 615.1 602.7 592.1 581.8 573.6 567.7 560.5 558.4 557.6 554.5 552.4 551.3 555.5
755.2 740.3 730.6 717.6 709.7 701.9 700 704.2 707.1 716.8 729.6 743.7 754 762.4 764 758.3 751 746 740.5 731.5 725 713.4 699.2 684.9 674.1 661 649.8 640 628.8 622 614.3 606.2 609.1 616.4 625.9 637.5 647.9 663.1 682 703.9 719.8 730.3 730.4 730.7 724.4 714.6 705 692.6 679.7 666.3 651.9 635.7 622.6 618.7 621.8 625.7 635 644.3 645.2 643 639.2 633.8 628.3 624.1 614.7 604.9 593.7 586.4 576 569.4 562.3 554.8 551.1 550.5 549 545 546.9 551.8
765.8 750.7 736 725.2 716 707.2 707.3 712.6 720 728.6 737.4 746.7 757 765.2 771.5 768.6 759.8 748.7 742.5 732.9 723.2 714.7 703.2 689.5 676.3 663.4 653.1 643.4 633.6 625.5 617.9 611.6 614.1 622.1 631.1 641.6 653 667.6 685.5 706.8 721 728.3 729.8 729 725.2 717.4 707.2 694.9 680.4 664.2 641.5 626.8 616 609.9 610.2 611.8 620.2 624.4 630.2 627.7 623.2 614.9 612 605.1 598.3 592.4 588.1 581.3 572.8 565 556.5 549.9 544.6 541.7 541.1 538.2 540.1 546.3
771 756.6 743.3 727.9 721.2 710.9 715.1 719.4 728.3 737.9 746.8 754.7 763.3 770.3 775.2 771 768.7 765.9 755.6 741.6 727.9 714.7 702.7 692.9 680.3 666.8 657.1 647 638.1 631.3 624.6 617.5 616.8 625.8 635.7 646.1 658 671.9 688.6 710.3 726.4 732 730.7 725.4 722.7 716.7 708.7 694.7 680.8 662.7 644 623.7 611.5 602.5 599.7 600 604.5 608.4 611.9 609 605.6 599 596.7 591.7 585.3 579.2 575.4 573 567.6 561.2 552.6 545.7 540 534.7 532.4 531.2 533.8 539.6
775.8 762.1 749 732 724.5 719.7 722.8 727.7 736.5 746.2 754.4 763.2 770.3 774.2 774.8 777.9 779 774.9 765.3 753.9 738.4 721.8 706.5 691.1 679.5 668.8 658.8 650.2 642.2 636.8 630.6 623.5 618.5 627.6 637.9 649 660.3 674.1 691 714.9 730.7 735.1 731.1 725.8 719.7 710.8 703.1 693.8 679.2 661.4 644 623.4 608.8 600 591.7 589.9 589.9 591.3 593.1 593.3 590.3 585.7 586.2 581.7 577.8 571.2 570 569.1 563.9 558 550.2 542.7 535.8 529.4 526.8 526.8 523.7 529.5
781.4 768.8 752.2 738.6 726.6 726.7 729.4 736.3 745.1 755.1 762 769.3 774.1 777.2 782.9 788.3 785.2 777.4 767.3 757.8 745.4 729.3 712.6 695.6 681 670.8 662.3 654.5 648.6 642.2 635.2 628.4 625.7 630.2 639.4 651.4 663.3 676.1 693.2 715.6 728.9 732.9 729.7 726.4 721.6 707.9 693.9 685.7 673.4 659.9 641.8 624.7 608.6 597.9 590.1 584.6 584 584 583.9 582 580.9 578.5 578.3 575.5 570.8 568.3 565.7 564.7 562.3 554.5 548.7 541.1 533.6 527.3 521.8 521.4 519.9 519.7
781.3 769.7 755.6 744.4 738.5 732.7 736.2 745.9 755.4 762.2 768.5 775.2 780.2 787.2 793.6 795.9 790 781 773.3 760.6 745.7 731.4 716.8 701 686 673.1 664.3 657.7 652.5 646.8 639.4 632 633.4 632.6 641.3 651.8 664.2 679.2 694.4 712.8 725.9 729.4 726.8 723.6 718.8 705.8 689.5 683.4 672.4 657.8 642.5 626.4 609.3 597.6 589 583.4 581 579.3 577.4 575.8 574.8 574.4 574.5 572.7 568.9 567.2 563.6 557.5 555.9 553.3 547.2 537.4 529.7 525 518.2 517.1 517.4 513.2
783.3 774 763.1 752 745 742.1 746.6 757.5 764.8 771.6 776.5 781.7 788.9 798 804.3 805 797.4 791 781.1 763.9 748.7 731.1 717.6 704 690.5 678.2 670.4 660.9 655.5 650.7 646.5 640.6 640.5 639.5 643.3 653.2 666.2 680.8 695.7 710.8 721.5 724.1 721.5 717 711.1 699.4 684.8 677.2 671.6 657.9 643.2 624.8 609.7 600.3 594 585.7 582.3 579.3 576.2 574.4 572.3 572.2 570.8 570.1 567.3 565.8 559.4 555.8 549.8 545.4 540.3 533.6 525.2 522.5 515.5 514.8 513.4 509.8
788.4 778.6 769.4 762.4 755.2 753.8 756.9 766.2 774.4 782.3 785.9 792.9 803.8 808.8 814.7 816.6 812.3 804 788.6 770.1 749.6 732.2 716.4 704.6 692.2 682.2 673.9 664.9 658.9 655.2 651.3 649.4 648.1 646.8 645 654 666.5 679.3 695.9 710.5 713.9 715.7 713.9 710.1 701.9 688.3 677.4 666.5 663.8 654.8 641 624 609.5 603.1 597.6 590.1 585.1 580.9 576.8 574.8 574.7 571.9 567.5 565.4 563.5 560.8 556.5 552.5 547.9 538.7 534.4 528.5 524.5 521.8 517.1 508.8 510.1 507.2
793.8 785.3 778.8 771 765 762.5 767.2 773.5 782.5 790.6 795.3 805.9 816.2 821.8 826.1 825.2 821.7 813.1 794.1 769.9 750.8 733.6 718.1 705.8 695 686.1 679.3 672.5 664.4 659.9 657.5 656.7 655.6 655 653.2 656.3 666.7 680.3 694.1 709.2 714.9 710.1 710.2 705.2 696.8 682.7 669.9 659.1 652.7 646.5 637.5 624.9 612.7 606.2 600.9 597.5 594.1 586.6 580.1 577.5 575.9 572.7 570 567.6 563.3 556.6 552.2 548.6 548 545.4 541.1 533 526.7 522.3 519.1 515.4 506.2 505.5
