Game/Highland_Data/StreamingAssets/GeoData/Data/nn/NN79.asc
ncols 200
nrows 200
xllcorner 270000
yllcorner 790000
cellsize 50
[rows 140 to 174 of 200, columns 78 to 155 of 200]
397.1 395.7 395.6 395.3 395.4 394.8 395 394.9 394.7 393.9 393.6 393.2 389.4 385.8 383.7 383.4 383.4 382.6 384.4 384.9 386.3 387.9 391.2 396.1 397.1 400.2 400.9 399.6 399 395.3 389.9 382 373.8 368.7 362.5 352.8 342.3 334.2 336.1 342.3 342.3 343.5 349.3 352 349.6 353.6 353.5 354.8 355.3 356.1 355.7 354.5 358.2 380.8 404.5 424.5 444.8 447.8 443.2 452.2 462.8 473 481.4 485.1 485.3 487.9 495.9 503 508.8 517.1 525.6 535.4 545.7 555.3 566 575.9 584.3 598.3
397.7 397.8 397.3 397.5 398 397.6 398.2 398.5 396.7 396.5 396.1 394.9 388.1 385.5 383.6 383.3 383.8 384.3 382.5 382 384.4 388.4 389.9 391.4 394.4 397.2 399 397.7 398 386.8 380.5 374.8 371.3 362.2 353.5 345.7 336.4 335.8 343.6 343.2 343.7 345 349.3 356.3 351.8 353.8 356.9 357.1 356.3 356 354.5 354.5 364.2 385.2 409.8 431.7 441.5 440.8 452.9 462.6 477.1 486.7 495.1 495.4 489.1 489.7 496.7 502.7 509.7 517.5 525.2 535.4 544.9 552.6 562 571.6 578.8 592.9
399.1 399.7 400.3 400.6 399.9 399.4 401.3 401.2 398.9 397.2 397.2 394.3 387.9 385.1 383.1 383.2 385.1 386 386 381.3 380.2 381 385.8 385.5 387 389.8 393 389 384.7 381.1 375.3 368.3 360 355.3 348.4 338.6 336.1 341.4 344.6 343.6 347.4 352.5 355.2 358.9 352.9 356.1 358 357.1 358.1 354.5 354.5 358.8 371.5 395.4 418.7 435 439.3 452.2 463.3 480.4 495.7 500.2 501.1 499 498.3 495.6 499 504.3 511 516.9 527.1 535.7 543.8 551.1 559.9 567.4 575.4 587.1
400.9 402.2 402.4 403.7 404.1 403.1 404.3 403.1 399.3 402.3 399.5 392.3 389.9 386 383.7 384.8 386.7 387.3 386.8 386.5 385.4 377.8 379.7 383.6 384.2 381.8 379.8 380.6 376.4 371.5 366.2 359.8 352.1 346.1 341.1 336.4 339.3 345.1 345.6 347.4 348.5 354.9 358.5 355.5 356.4 353.8 356.7 359.1 357.2 354.5 355.1 367.4 379.4 404.3 427.3 438 446.8 464.5 481.3 499.5 506.8 510.9 511.8 509.5 504.3 503.4 502.7 506.7 511.6 517.8 527.9 535.4 542.5 549.5 557.7 564.9 574.8 584.8
403.4 405.2 405.8 407.3 407.6 407.6 407.5 402.7 404.6 403.4 399.6 393.6 388.5 386.2 386.3 385.7 387.1 388 388.1 387.3 388 385.4 372.9 376 383.2 379.2 376.8 372.1 368.5 363 357.2 348.9 347.3 343.8 337.5 338.7 345 349.3 346.1 349.1 355.1 358.9 362.3 360.5 359.4 355 354.2 356.5 354.5 354.5 360.6 374.7 391.5 414.2 432.3 444.7 461 479.8 501.1 513.1 517.1 520 520.6 518.2 512.6 508.5 506.9 509.3 513.1 520.3 529.2 535.8 542.2 549.5 556.7 564 574.9 584.7
406.9 408 409.3 410.9 410.9 408 406.5 410.2 410.3 404.8 398.8 395 389.9 387.8 387 386.7 387.9 388 388.5 388.9 387.9 387.6 386.9 370.8 384.1 380.7 376.6 369.7 359.6 352.3 349.2 348 345.8 338.2 338.7 344.8 348.7 346.6 348 354.6 360.1 362.7 365.4 367.3 365.8 363.4 357 354.5 354.5 357.2 368.3 386.3 402.8 425.3 440 454.3 477 499.5 517.1 528.3 532 528.3 526.7 523.6 519.3 512.7 509.8 511.5 515.3 521.2 529.8 535.1 543 551.6 558.4 565.2 574.7 585.4
411 412.2 413.3 414.9 416.8 417.3 415.9 416.7 414.7 406.8 400.3 395 390.4 389.1 386.7 388.3 389.1 389 390.1 389.3 389.3 389.8 389.5 380.6 366.2 372.2 371.8 363.2 353.7 349.3 348.6 348.1 339.8 337.8 346.4 350.7 349 351.6 356.4 361 362.5 364.9 367.4 369.7 369.6 365.5 359.1 354.5 354.5 362.7 379.8 396.9 411.8 429.6 441.9 466.4 493.4 516.6 533.8 543.1 544.5 540.8 535.1 529.2 524.6 518.8 513.2 513.4 517.6 525.5 531.6 537.1 546.1 553.3 560.2 566.2 574.8 585.4
413.8 416.5 418 420.6 423 423.3 422.9 423.1 416.9 410.5 403.2 395.9 391.6 389.7 388.6 387.5 389.4 389.8 390.3 389.8 389.9 389.6 388.7 383.9 375.6 370.7 357.8 353.4 350.5 347 345.9 345.4 339.3 347.4 350.7 351.5 354.1 360.1 365.8 368.8 372.4 375.1 376 374 372 366.7 361.2 356.3 354.5 370 391.5 407 425.1 438.4 452.3 480.4 508.5 533.1 547.9 553.8 555.4 552 547.5 538.2 531.4 524.6 519.5 519.1 521.6 527.1 531.8 540.2 546.8 555 562.1 566.9 576.1 586.3
417.8 418.3 422.5 427.2 430.3 431 430.9 427.1 420.8 411.8 403 395 391.3 390.1 388.8 388.1 388.8 389.6 389.9 390.4 390.4 391.2 385.9 381.4 371.8 360.5 353.7 350.4 348.3 345.4 343.2 340 344.7 351.2 353.7 357 362.1 366.8 371.7 376.5 380 386.4 385 377.5 371.4 365.3 364 357.3 359 379.9 400.2 416.7 433.8 443.7 464.5 492 523 545.6 558 565 566.3 561.4 556.7 549.3 538.9 532.4 528.5 527.7 528.6 530.8 533.4 541.6 551.1 557.7 564.1 569.2 578.8 587.4
422 420.8 427.9 433.5 435.8 437.8 435.7 430.4 422.8 412.2 403.5 395.8 391.4 390.2 388.6 387.9 388.6 389.5 390.2 390.9 391.3 389.2 383.4 374.8 366.5 355.7 352.1 350.1 347 344 340.3 342.1 349.3 354.2 355.5 363.7 368.7 373.5 378.3 384 390.7 390.4 386.8 380.8 374.7 368.2 363.7 358.1 370.2 389.1 409.5 425.1 436.2 450.8 475.6 504.2 531.4 555.6 569.1 577.8 579.7 574.6 566.8 563.1 554.7 544.8 537.6 534.5 533 536 541.9 548 553.7 561 566.8 572.2 580.3 589.4
425.9 430 435.3 441.1 442.8 443.1 439.3 432.3 422.2 412.2 404.9 397.6 391.6 389.7 388.3 387.8 388.9 390.2 391.2 391 391 388.3 378.4 370.6 360.1 354.1 352.3 354.7 346.5 342.8 343.3 347 353.7 358.6 365.1 372.4 375.3 381.1 387.2 393.2 394.5 391.6 388.6 386.4 380.4 368.9 361.3 360.1 378.9 398.9 419 431 442.8 463.5 486.8 515.1 543.2 567.2 582.6 591.2 601.5 597 584.7 572.8 564.5 557.2 547.3 542.4 539.4 543.7 548.4 552.7 558.5 562.9 570.2 574.6 581.8 590.9
432.8 435.1 444.1 447.3 451.9 447.7 439.9 431.6 421.5 412.1 404.7 398.5 391.8 388.5 388.1 388.7 389.6 390.7 393.6 392.7 390.6 387.4 376.6 364.1 357.2 352.7 352.1 353.2 345.1 343 346 354.1 358.1 366.9 376.4 377.2 382.3 387.4 394.4 396.4 395.4 392.2 393.9 384.6 379.1 366.6 361.9 361.8 387.4 406.2 427.3 438.3 456 477.4 498 526.8 554.3 574.4 592.4 604.8 615.1 610.7 603.8 592.9 580.6 569.7 560.9 556.2 553.4 554.9 556.1 557.9 561.6 568.9 573.5 577 584.1 591.5
439 442.9 453.2 457.3 457 451.9 441.7 432.4 420.1 411 404.6 399.9 394 389.4 388.2 389.4 390.1 391.7 394.7 395.8 392.5 386.4 371.2 358.6 356.1 350.8 352.8 353.3 341.7 345.2 348.9 356.6 367.2 380.4 381.8 381.8 389.5 392.3 398.9 399.6 396.9 393.1 385.9 382 372.1 367.7 362.4 372.8 397.4 420.5 438.8 455.5 473.4 492.8 512.6 539.5 566.8 583.4 604.2 614.5 622 621.4 617.5 613.5 600.4 588.2 577.6 570.1 562 560.3 560.5 561.6 565.2 572 575.6 581.3 585.7 591.8
449.5 452.9 461.5 464.5 461.1 452.2 442 431.2 420.5 412.3 403.5 399.1 394.9 391.5 388.4 389.1 390 393.4 394.5 394.3 392.5 384.4 364.8 358.2 354.6 350 347.6 345.3 344.8 347.9 351.3 361.8 376.6 386.8 387.9 388.6 391.6 396.2 401.1 399.8 396.6 388.4 382.9 375.5 370.3 366.7 364.2 387.7 409.7 428.3 450 470.4 491.2 508.9 527.2 552.8 575 590.5 610.7 625 634.8 634.4 638.4 635.2 625.5 611.9 596.1 585.8 574.3 565.9 564.4 565.8 572.4 575.3 579 583.6 587.6 590.7
459.1 462.1 467.5 468.9 461.2 452.8 441.2 429.1 420.3 411.6 404.5 400.8 397.1 393.2 389.6 388.6 391.2 394.9 396.2 394 387.4 367.1 358.9 358.3 350.1 348.5 347.1 344.7 346.3 350.7 360.1 372 386 391.8 392.6 393.8 397 397.8 401 398.3 389.4 383.4 378 370.8 368.7 368.6 374.2 399.1 419.7 438.5 464.6 486.4 506 521.6 542.1 563.6 584.3 601.9 620.9 636.9 643.9 652 657.8 656 646.7 635.6 617.5 600.8 589.6 576.9 573.4 573.6 575.8 579.2 582.2 585.2 588.1 590.2
467.9 473.1 474.9 472.2 461.9 451.4 441 430.5 417.8 412.1 405.6 401.6 397.2 392.7 389.6 390.6 394.9 395.9 396.3 394.9 380.4 360.5 359.5 354.2 349.4 347.5 345.3 346.9 347.6 357.4 365.6 381.8 392.2 396 397.2 398.1 399.6 400.2 399.4 394.8 386.7 381.8 372.7 370.2 370 375.5 392.8 409.8 421.6 450.6 480.3 503.2 520.4 536.4 558.1 580.9 599.2 612.8 631.4 644.2 658.3 665.2 671.9 669.7 662 653.7 636.2 615.9 599.9 588.1 580.4 578.5 579.3 581.8 584.5 586.9 588 589
477.9 480.6 481.6 474.8 464.4 452.8 439.6 429.4 419.5 412.7 407.1 402.8 397.3 391.4 390.2 392.1 394.5 396.6 396.6 392.4 376.5 361.1 359.8 354.8 349.4 346.8 345.5 348.7 352.1 361.1 372.3 386.5 396.6 399.8 399.9 400.2 399.7 399 395.5 389.6 383.4 377.8 372.3 370.7 372.1 390.5 403.4 411.8 433.2 466.1 499.7 519.6 535.5 554.6 577.2 597.3 612 623.6 641 652.8 667.2 677.5 681.6 682.6 678.3 669.3 651.8 630.7 610.3 595.6 589.6 584.7 583.9 585.4 586.3 588.7 588.7 588.7
485.3 488.9 483.4 475.2 465.5 452.2 436.4 427.5 417.2 412.9 409.9 403.6 397.4 392.6 391 393.2 395.7 397 397.2 393.1 369 361.8 360.1 353.7 347.6 347.5 346.4 349.9 354.7 361.7 378 391 400.4 401.2 401.9 401.9 401.1 398.1 392.7 387.2 382.7 375.5 373.2 373.9 381.8 404.1 415.5 420.8 452.6 484.2 515.9 538.5 557.1 579.6 597.9 612.2 619.8 632.3 647 655.8 672.3 679.8 687 692.6 690.1 682.2 664.1 642.1 623.2 605.3 599.5 594.6 591.8 590.1 589.6 590.2 589.6 588.8
492.4 492.2 485.7 475.7 464.7 451.5 433.9 424.5 415.4 410.8 407.7 403.7 398.9 394.7 393.1 394.9 399.3 399.5 398.5 382 363 361.8 360 349.6 348.7 348.4 348.3 350.2 356 365.1 380.4 392.2 401.7 403 404.4 404.7 402.7 398.7 391.3 386.2 378.3 375.4 375.2 375.9 392.7 413 423.2 433.8 469.5 507.5 530.2 558.4 578.7 596.7 609.8 616.9 627.5 636.8 648.8 656.4 672.8 678.4 686.4 693.8 693.9 686.7 671.7 650.7 631.8 616.8 607.2 603.5 598.4 596.5 594.8 592.5 591.2 589.1
497.6 493.6 485 475.1 461.7 449.9 434.1 421.9 414.1 410.3 406.9 404.8 400.5 396.3 394.8 395.6 400.2 403.6 399.5 374.2 364.2 362.5 361.6 354.5 348.3 348.5 350.4 352.5 359.4 368.2 381.7 394.1 401.9 403.8 405.4 404.8 402.5 396.3 392.1 382.3 378.1 375.5 376.6 382.1 404.8 416.6 431.7 451.8 486.2 530 552.2 570.8 593.6 604.3 612 619.2 629 635.9 645.4 653.7 663.7 673.2 678.8 685.5 689.6 686.8 672.3 655 636.6 624.5 617.8 612.6 605.4 603 599.3 596 592.6 589.6
499.3 494.1 484.8 472.6 460 445.9 432.5 422.1 415.4 411.4 408.8 403.3 400.3 396 395.8 397.3 400.3 402.6 400.1 372.2 363.9 362.8 362.6 352.1 349.5 350.3 352.1 355.9 359.4 368.9 383.3 395.1 402.6 406.5 406.6 405 401.7 397.8 392 381.7 378.2 377.6 377.2 389.5 414 422.8 442.7 469.9 506.8 535.6 558.2 576.8 596.8 607.1 612.1 618 623.3 630.8 636.1 644.2 650.1 661.6 668 673.6 677.9 676.7 666.7 651.9 637 629.4 623.8 617.5 609.7 605.2 601.7 598.7 594.1 590
500.2 493 483.6 472.5 459.8 443.8 429.9 421.9 414.7 411.7 407.9 404.4 403.6 396.7 396.7 398.7 403 402.1 397.7 375.8 364.8 363.5 362.9 349.2 349.9 351.7 354.6 356.7 361.4 369 383.7 396.4 405.4 406.6 407 404.8 399.8 396 390.9 383 380.2 378.2 378.5 396.9 420.3 423.7 456.3 483.1 519.9 544.2 562.2 578.1 595.4 603.1 609 612.3 616.3 619.9 624.6 629.5 636.6 645.3 652.1 656.7 663.3 663.2 655.4 645.5 636.8 631.1 625.4 619.8 613.9 607.3 603.8 600.3 596.4 592.8
500.4 492.8 482 471.8 459.5 443.2 433.3 422.5 415.8 412.6 408.9 402.5 400.9 397.8 397.4 398.9 401.7 401.9 394.8 382.1 364.8 363.5 362.6 349.9 351.1 353.3 353.4 356.3 361.6 368.9 386.8 397.9 406.1 407.1 407.1 404.5 398.9 393.8 389.6 382.8 380.7 378.6 388.5 406.5 423.1 434.7 461.1 498.7 527.9 542.3 556.1 570.5 583.8 594.3 599.2 604.6 604.3 608 613.7 616.4 620.9 626.9 634.9 638.8 643.7 645.4 642 638.5 634 630 624.6 619.9 614.4 608.2 607.5 605.5 601.7 597.6
501.1 491.7 481.1 470 456.9 443.5 432.6 426.2 418.3 414.2 409.3 404.6 400.6 398.7 398.1 399.6 400.7 398.7 394.3 386.7 365.7 364.5 362.7 351 351.8 353.8 355.2 355.8 362.3 370.4 390.5 398.2 404.4 406.7 406.6 403.4 397.5 392.3 386.1 382.2 381.2 384.7 397.5 415.2 423.5 440.5 474.9 505.9 523.9 537.4 544.3 557.1 569.8 580.1 586.7 589.7 594.3 596.6 601 604.5 607.9 612.1 617.6 624.7 627.2 629.8 630.6 630.2 629 625.2 621.9 616 615.1 615 614.8 614.2 612 607.1
502.6 494.9 482.7 472.9 462.2 450.5 439 429.8 424.1 417.4 412.5 405.8 401 399.6 399.7 399.4 399.5 398 394.2 388.4 367.6 365.4 362.5 351.2 352 354.5 356.1 356.4 362 370.4 390.2 398.6 403.4 406.2 406.1 403.5 396 388.8 383.5 382.6 382.5 391.8 406.1 423.8 426.4 442.9 470 499.5 518.1 530.3 534.8 542.8 554.1 567.4 570.6 575.5 580.1 585.5 589.9 593.7 597.5 600.9 605.2 608.4 610.8 614.9 618.7 619.6 620.1 620.8 618.5 621.5 623.5 625 625.3 626.5 623.4 617.3
502.9 495.6 487.4 479.6 469.2 456.7 446.1 437.7 429.9 423.1 414.4 408.6 403.7 400.6 399.3 398.8 398.4 398.3 395.1 388.7 371.7 367.2 361.6 353.3 353.6 354.6 356.8 358 360.9 371.3 389.7 397.4 401.4 404.7 403.1 400.6 394 387.5 381.8 383.1 385.9 397.2 412.3 429.7 435.6 451.6 466.3 490.4 498.3 514.7 530.5 537.5 544.6 549.3 560.4 565.2 568.3 571.6 577.8 582.2 587.2 591.4 595.8 599.7 600.6 605.4 609.1 613.2 616.1 619.4 624.2 629.7 633.9 637.4 639 639 634.7 626.8
502.8 496.6 487.4 472.5 464.3 460.2 453.8 447.6 435 426.5 418.7 412 407.3 402.5 400.2 399.5 398.5 397.9 395.9 391.9 377.2 368.8 363.9 354.2 351.8 355.1 356.8 358.4 359.5 366 386.5 393.3 399.8 399.6 399.5 397.9 393.2 385.7 382.7 383 388.4 401.3 419 431 438.9 454.5 476.3 491.7 504.3 511 521 530.9 538.4 543.9 549.3 555.1 561.1 564.9 569 572.9 577.3 581.6 585.4 589 589.3 595.3 603.2 608.3 614.2 621 631 641.1 648 651.9 653.7 651.1 645.7 634.9
505.8 493.3 485.4 474.8 466.5 458.3 451.8 451.9 444.9 434 423.6 415.6 411.2 407.1 403.8 401.9 400.1 398.5 397.5 393.9 382.8 371 367 355.8 353.4 355.7 357.2 358.7 359.9 362.7 382.9 389.6 392.3 394.3 394.1 395.9 391.8 381.5 382.1 383.7 389.7 403.5 417.7 427.5 435.3 455.2 476.1 488.6 499.8 506.1 513.7 523.6 532.7 538.7 543.2 548.7 553.9 557.9 560.5 563.6 566.6 572 577.4 581.9 583.2 589.8 596.3 604.2 613.7 626.3 639.8 651.8 660.2 666.1 667.2 664.9 657 644.6
506.1 496.2 486.7 480.4 470.5 463.2 455 452.9 449.5 442.8 432.3 422.1 416.7 412.6 409.9 407.4 404.3 400.9 398.1 395.5 385.8 373.1 367.4 360.6 354.7 356.1 357.4 358.6 359.8 361.9 370.1 383 386.3 387.4 387.9 390.3 390.1 380.7 381.3 384.5 391.5 405.7 421.6 432.6 443.4 457.1 473.7 487.4 496.3 500.8 510.3 518.3 526 533.5 538.3 543.2 547.8 551.6 554.5 557.8 561.6 565.1 570.9 577.6 580.2 585.5 592.3 602.2 617.1 632.1 646.8 659.8 671 676.7 677.2 676.2 665.4 652.5
509.5 499.7 494 487 477 470.1 462.7 452.8 446.9 442.9 437.7 431.6 423.3 418.8 414.1 411.5 408.4 404.3 401.6 398 388.4 374.1 371.2 363.8 357.3 355.9 357.4 358.8 359.6 360.6 363.9 374.5 383.3 384.6 384.9 388.7 385.9 379.7 381.3 384.2 391.5 405.6 422.3 434.7 444.5 458.5 471.1 483.5 492.5 499.6 504.5 513.6 521.4 528.4 533.6 538.6 542.7 546.8 549.8 553.6 556.9 561.5 566.6 573.3 577.3 580.9 592.2 603.8 619.1 634.2 650.4 665.1 676.8 681.5 688.3 684.2 673.8 660.8
515 508.8 502.1 494.5 484.2 477.7 471.1 461.3 455 446.8 442.6 435.8 429.9 425.7 420.5 417.4 414.1 407.6 402.8 399 389.6 375.3 372.9 364.7 359.3 355.7 357.3 358.3 359.6 360.7 364.2 367.1 372.3 379.8 379.7 383.3 381.6 379.7 380.8 384.8 391 408.8 423.5 434.9 444.2 454.6 467.8 479.5 488.9 496.6 500.8 510.1 517.7 523.9 528.7 533 537.1 540.5 544.6 548.9 553.2 557.7 565.3 571.4 573.9 580.8 592.9 604.6 619.5 635.7 651.6 665.4 677.6 688.6 694 690.4 682.9 670.5
522.2 515.9 510.9 500.4 491.7 484.9 479.3 470.9 464.3 453.2 445.2 439.6 436.1 432.4 427 423.3 419.7 411.6 404.8 398.8 387 375.6 371.3 365.8 364.7 355.8 357.3 359.5 359.7 360.4 361.9 365.7 368.9 372.2 375.1 381.7 378.4 379.4 380.8 385.4 393.3 408.8 422.8 435.2 444.4 452 463.5 474.8 485 491.8 498.9 504.5 513.5 517.1 519.4 524.4 529.6 533.2 537.6 543.1 550 556.9 564.2 570 570.2 581.7 594 605.6 619 635.4 651 663.5 677.2 690.6 698.4 696 688.4 682.4
530.8 525.2 520.1 507.6 497.3 494.8 487.6 476.8 469.1 457.1 449.1 444.4 442.1 434.6 430.5 425.6 419.6 414.9 407.6 399.6 388 375.6 369.3 366.1 362.8 360.2 356.5 356.7 360.8 360.8 362.6 365.1 367 368.2 372.3 375.5 377.3 379.2 380.8 384 391.8 407.4 420.9 433.7 445.6 452.5 459 468.2 482.8 490.1 495.3 499.3 501.5 502.4 502.9 509 515.8 520.9 525.7 540.5 550.2 557.2 563.8 569.2 569.8 583.7 595.2 606.1 619.2 635.5 649.6 662.8 677.3 690.7 700.7 703.1 696.7 688.3
537.9 533.8 526.7 512 504.2 499.8 492.9 481.5 473 459.4 455.6 448.4 443.2 436.9 432.3 427.3 420.7 416.3 409.5 398.4 386.6 376.2 369.3 368.1 363.4 361.6 360.9 360.9 359.7 360 364.1 365.1 365.4 366.1 369.9 373.7 376.5 378.7 380.4 383.7 391.7 402.5 418.4 432.6 443.4 451.8 457.4 467.2 478.5 486.2 490.1 489.1 486.1 490.1 503.9 511.4 511.8 521.1 530.4 543.5 551.1 557.7 564.1 569.1 572.5 586.8 595.6 606.9 620 634.4 647.5 663.1 675.8 690 702 711.1 704.7 691.4
547.5 537.3 528.3 516.2 507.1 504.6 497.3 486.6 475.8 462.7 456.7 452.6 448.3 439.6 435.6 428.7 421.4 414.6 405.8 396 386.2 376.7 368.7 367.3 363.8 363.2 362.9 366 372.5 360.2 360.5 363 365 366.8 373.4 373.8 375.5 377.6 379.5 381.3 389.1 398.1 414.1 428.2 440.5 449.7 455.5 462.6 470.7 476.2 478.3 471.6 483 497.9 508.4 517 522.8 523.5 535.3 545.5 552.1 559.1 565.7 567 576.8 589.6 597 611.5 622.1 636.2 649.6 662.9 676.7 692.4 707 713.7 710.6 702.2
