Game/Highland_Data/StreamingAssets/GeoData/Data/nn/NN82.asc
ncols 200
nrows 200
xllcorner 280000
yllcorner 720000
cellsize 50
[rows 70 to 104 of 200, columns 0 to 77 of 200]
580.8 584.8 588.2 588.1 586 581.8 581 564.7 541.9 520.4 510.8 501.1 497.4 495.6 490.2 485.5 484.2 481 489 495.9 504.2 510.9 514.8 517.4 512 504.8 490.1 476.9 452.7 435.2 419 405.3 392.6 382.3 374.8 367.8 361 353.8 343.6 336.8 343.1 349.3 355.2 360.3 362.5 365.9 369.3 373.4 377.4 384.1 393.5 401.2 405.3 409.5 415.1 418.1 421.9 424.9 422.3 410.6 405.2 400 395 392.8 390.7 386.8 385.2 383.1 379.1 379 381.2 377.8 377.1 380.8 384.3 380.3 375 370.6
563.4 562.6 562.6 559.6 561.8 567 560.3 544.8 534.4 529.7 516.2 508.2 501.3 496.4 493 493.8 490.3 491 495.5 503 511.1 516.1 521.1 525 525.1 510.3 501.7 483.1 458.1 438.4 421.2 407 395.2 385.3 377.8 369.8 363.6 357 349.8 342.7 334.5 346 350.3 358.5 360 363.7 367.4 371.6 375.7 379.1 385.3 393.6 398.3 401.2 402.7 405 406 405.3 405.1 400.2 396 392.5 391 387.7 384.6 383.8 381.9 379.6 378.1 377.5 375.9 375.5 374.3 373.8 373.6 372.9 371.7 367.7
552.5 552.5 552.7 556.7 560.5 562.2 556.1 541.2 534.8 528.4 518 505.7 501.1 499 498.2 496.8 496.9 496.7 499.2 506.9 514.1 521.6 525.3 525.2 517.7 505.8 488.8 478.4 460.5 440.5 423.4 407.7 396.8 386 376.9 369.3 363.8 357.6 352.3 345 332.8 335.6 348.7 354.2 357.2 360.2 364.6 368.8 372.3 374.9 377.5 383.5 390.9 395.6 396.6 397.4 396.9 397.3 396.9 393.9 392.2 390.2 388.4 387.3 384.7 383 381.7 380.8 381.5 384.5 384.2 379.9 377 377.4 377.7 374.2 372.3 370.2
539.1 537.7 542.7 549.2 550.8 550 548.2 541.7 529.7 523.4 518.9 511.7 505 501.7 500.6 501.9 502.1 499.7 502.2 506 509.9 518.4 518.4 510.3 503.4 494.9 489.8 478.4 456.8 437.8 420.9 406.8 397.6 385.6 380.5 373.1 363 357.1 352.2 346.9 338.6 328.9 338.5 348.5 353.6 357.2 360.9 364.8 368.6 371.6 374.5 378.6 382.4 388.4 392.9 393.6 393.5 393.8 393.1 391.5 390.7 389.1 388.3 386.9 385.3 385.5 384.9 385 386.3 389 387.2 385.2 386.9 384.7 383.1 382.1 379.3 379.3
519.9 522 521.6 526.2 532.3 535.4 537.7 531.8 523.8 524.4 521 511.2 507.8 505.4 504 504.5 505.3 500.7 497.9 500.3 501.9 506.1 506.4 505.9 500.9 493.2 485.3 472.1 452.6 436.7 423.6 413.9 400.8 390.6 381.7 373.1 364.8 358.6 354.4 351 342.8 331.8 327.5 341.4 349.6 353 356.8 360.4 364 368.1 371.6 374.2 376.9 382.3 387.4 389 389.1 389.5 389.2 389.2 388.8 387.9 387.8 388.2 387.2 388.8 389.5 389.6 392.9 396 396 394.7 396.6 394.5 393.2 391.6 388.1 385.6
505.9 502 501.6 507 514.2 519.5 518.5 516.2 523.1 523.2 515.5 506.8 504.1 503.4 503.1 502.8 503.7 502.6 496.1 491.9 492.8 494.9 503.9 503.8 500.2 492.5 482 472.9 454.7 437 424.1 413.2 400.2 390.1 384 374 368.4 359.1 359.3 351.3 346.8 337 327 326.5 342 348.3 352 355.6 359.2 363.4 367.5 370 372.7 376 379.2 381.9 383.9 385.8 386 386.2 386 386.3 387.1 387.8 388.6 389 390.7 392.4 398.6 400.8 403 404.6 403.5 402.7 398.6 395.7 392.3 385.9
491.1 494.1 494.4 499.4 503.3 504.4 503.4 504.3 506.7 505.2 500.9 501.2 500.8 500.1 498.3 496.1 492.5 489.8 487.3 485.9 486 489.6 488.4 488.6 489.3 482.4 474.7 462.1 448.6 436 423.3 411.5 396.9 389.3 388.6 379 366.1 367.4 358.1 352.8 348.4 341.9 331.2 321.9 330.8 340.8 346.4 350 353.8 358.4 362.9 366 368.3 370.8 374.4 377 379 380.8 382.1 383 383.4 384.7 385.5 386.3 386 388.1 391.2 396 400.3 405.2 406.4 405.2 408.4 405.3 405 399.1 394.3 386
478.1 479 483.4 488.7 489.3 489.4 490.1 493.4 495.3 495.5 496.1 497.6 499.9 501.3 502.9 498.8 497.1 493.3 488.8 485 482.7 480.2 481.2 483.8 486.7 482.6 472.1 459.3 444.9 432 418.2 408.6 403.3 393.5 386.2 386.5 379.3 372.1 362.1 356.3 349.6 343.1 336.5 326.7 318.9 329 339.5 344.3 347.9 352 356.3 360 362.7 365.6 369.3 372.1 374 375.7 377.1 378.9 380.5 381.4 382.8 383.4 384.2 387.2 392.2 397.2 400 401.3 404.4 404.2 405.9 406.4 409 402.6 395.2 388.9
460.9 466.3 471.4 475 476.1 479.9 486.3 491.9 493.4 494.2 495.2 496.5 498.3 502.7 502.4 503.9 508.6 509.5 506.3 494 488.2 486.6 479.4 473.1 472 471 464.8 452.8 438.8 429.9 418.9 414.2 407.3 400.2 396.4 389.3 381.6 374.2 366 357.6 350.9 344.8 338.7 330.8 319.5 316.8 330.7 339.9 342.9 345.8 348.5 352.5 355.3 360 364 367.2 369.2 371.5 373.3 374.7 376.4 378.2 378.6 379.6 381.7 385.2 390.2 392.4 393.7 397.3 398.3 400.6 400.7 399.7 396.5 393.5 390.2 383.8
449.2 458 463.5 462.5 466.8 473.8 480.7 485.6 488.9 492.7 495.8 496.9 499.3 502.2 511.2 515.3 513 513.6 513.7 499.5 490.1 488.7 485.1 478.2 474.4 468.9 460.8 450.8 437.6 426.9 419.6 415.2 408.6 404 399.2 391.7 384.5 377.2 367.8 359.6 353.2 346.5 340.5 334.4 326.8 313.5 315.2 330.9 337.6 339.7 342.2 345.6 349 354.3 358 361.7 365.4 368.1 369.9 370.5 372.1 374.2 375.2 376.8 379.3 382 385.5 387.9 387.7 391.4 391.7 392.5 392.2 391.1 389.3 385.1 381.2 379
430.9 440.5 447.9 456.5 461.2 468.7 478.1 484.7 490.4 495.9 496.9 497.6 500.6 504 511.1 513.3 505 492.9 488.3 482.7 479.8 481.4 479.8 477.4 471.8 468.4 464.3 460.7 449.4 433.6 424.7 418.2 411.4 406.4 399.7 391.5 385.7 379.1 370.3 362.3 356.6 349.3 342.7 335.4 328.7 317.9 306.9 318.1 329.9 332.6 336.7 340.6 344.5 348.6 351.8 355.5 359.1 361.9 365.5 367.1 367.9 370 372.1 373.7 376.2 378.4 380.3 382.3 384.2 385.9 387.1 386.8 386 383.2 380.7 378.7 375.8 373.1
418.2 425.8 439.4 448 456.7 466.9 477.9 487.7 494.9 499.4 502.6 492.8 495.5 494.2 500.1 498.1 490.8 482.9 479.2 475.9 471.5 471.4 472.4 469.6 464.9 463 463.2 463.3 456.7 443.9 431 421.4 412.2 404.7 396.9 390.4 384.8 378.8 372.4 364.4 358.5 351.9 342.9 335.4 328.7 319.8 308.2 306.6 318.7 326.1 330.3 334.4 337.6 342.5 346 350.2 353.2 355.5 358.2 361.8 363.8 365.9 368 370.4 372.7 374.8 376.8 379 380.6 380 382.5 381.8 380.3 377.1 374.7 372.3 372.1 368.4
409.4 418.5 431.9 443.6 451.8 460.8 470.8 478.4 483.6 495.5 500.7 492.2 485.4 490.9 490.6 486.3 481.3 480.5 473.3 469.7 465 460.7 460.2 459 458.5 460.2 462.8 458.3 455.2 445.4 440 431.2 419.5 408.4 397.1 389.4 381 377.7 373.1 365.6 360.1 353.7 344.7 337 329.6 323.1 312.1 303.2 304.1 313.4 321.4 327.5 331.6 336.9 341.5 344.7 347.1 349.8 352.9 356.8 359.6 361.7 363.9 367 369.1 371.2 373.3 375.5 377.8 377.5 378.3 376.9 376.3 376.5 376.3 372.8 369.1 365
410.2 417 430.7 438.5 445.3 453.6 461.2 465.2 476.5 487.3 494.7 486.3 478.1 484.7 483.5 474.1 475.9 476.5 468.4 462 453.6 451.4 452.2 453.5 453.9 454.3 458.2 452.9 447.5 446.3 445.1 439.2 428.4 415.4 404.2 395.6 386.1 380.4 374.2 368.8 361.6 354.7 347.3 339.7 332.7 324.5 316.5 307.6 297.9 299.1 309.5 319.5 324.4 330.5 335 338.7 341.4 344.5 347.6 351.5 355.1 357.6 359.7 362.4 365 367.5 369.4 370.9 373.5 375 375.6 376.2 377.6 378.1 376.4 374.3 370.9 368.1
410.3 414.6 425.9 432.9 440.6 447.2 452.4 457 468 478.8 493.6 483.8 474.1 474.8 467.4 462.2 469.3 472.6 463.1 456.1 449.3 445.8 445.2 445.8 447.4 448 449.3 446.6 441.8 442.2 440.3 433.2 424.6 423.2 414.7 407 395 382.4 376.6 370.4 362.4 356.6 349 342.2 337.9 329.5 319.9 310.4 301.8 295.4 299 308 314.6 320.2 325.8 332.9 336.2 339.2 342.3 346.2 349.1 351.8 354.3 357.2 359.4 362 364.2 367.4 370.5 371 373.4 377.2 379.7 379.2 378.1 375.4 371.4 368.7
401.2 409 421.5 430 435.3 442.2 445.4 450.8 461 470.7 485.3 478.6 465.5 457.8 453.5 451.5 452.1 451.7 453.9 449.2 439 439.8 440.2 437.9 438.6 441.3 442.2 438.3 436.4 435.4 434.2 431.3 433.6 427.2 415.8 409.8 403.4 388.1 378.5 370.3 364.5 359.1 351.6 343.5 337.5 334.3 324.6 313.8 306.2 296.7 290.6 298.9 305.8 312.6 319.5 324.4 330.2 333.8 337 340.3 343.2 346 348.5 352.3 354.3 356.7 360.2 363.8 366.2 369 373 376.8 379 380.5 380.1 377.4 375 370.1
398.7 407.5 422.1 429.2 432.2 437.8 442.1 446.9 453.1 461.6 472.9 470.8 453.9 447.6 444.6 442.3 439.3 441.3 447.3 436.8 429.1 431.6 429.1 428.8 430.9 438 439.1 438 433.5 429.2 431 437.3 434.9 429.3 421.3 414.6 406.3 393.9 381.3 376.9 366.4 359.7 350.1 341.5 337 334.1 322.8 317 309.5 298.7 287.8 289.4 298.6 305.1 312.1 318.1 323.4 327.5 330.8 334.1 337.2 340.1 342.6 345.3 348.1 351.4 355.2 358.4 361.7 366.4 370.8 375.1 377.9 380.3 379.8 378.5 374.6 367.6
396.2 407.6 414 423.4 434.1 438.3 448.3 447.8 451.7 456.3 465.1 456.4 440.6 436.7 430.6 428.5 428.6 434 444 439.9 428.9 422.1 423.6 420.3 422.2 426.9 431.1 431.6 428.8 422.2 423.1 430.1 428.4 424.4 417 408.8 402.8 393.1 387.2 375.5 367.2 357.3 349.7 342.4 335.7 329.3 326.1 318.4 308.3 299.5 292.8 284.4 288.5 296.8 301.7 307.4 314 320.4 324.1 327.6 330.3 333 337.2 339 341.5 345.2 348.9 353.2 356.8 361.6 365.6 371.1 376.2 377.7 379 377.5 375.3 368.8
385 397.4 409.4 418 428.8 443 455.8 452.7 454.1 452.8 458.4 446.2 433.6 423.8 419.2 419.4 427.9 434 443.3 438.3 426.4 414.3 413.8 413.3 413.8 414.1 416.8 418.1 417.8 414.6 415.6 416.1 415.4 413.3 410.9 404.5 393.4 388.7 379.1 374.5 365.8 360.1 352.6 344.4 334.6 326.1 320.7 314.9 307.8 304 298.1 289.7 279.6 284.3 293 299.6 304 311.4 316.2 319.8 322.5 326.4 329.9 333.6 335.6 339 341.7 347.2 350.3 356.1 359.9 363.3 369 372.8 376.9 375.4 372.3 367
378.2 385.4 397.6 413.3 432.2 442.8 454.5 456 457.4 454.1 445.6 427.7 420.1 415.9 411.9 415.7 424.9 427.2 427.7 424.7 420 410.8 404.1 403.9 406 404.3 404.1 404.4 403.3 404.3 405.5 406.7 406.2 403.7 399.8 394.3 393.8 392.1 386.8 378.4 372 362.8 354.4 343.7 334.3 324 315.7 310.6 309.6 306.4 300.5 294.1 285 275.7 282 290.7 296.4 299.4 304.5 309.9 314 318.7 322.5 328.2 329.2 332.4 334 339.3 345.2 350.4 353.4 358.3 362 366.5 368.1 367.4 366.3 361.6
373 384.6 397.8 411.5 427.4 438.3 450.3 443.6 444.8 443.2 436.7 423.8 415.3 413.2 407.8 418.4 422.5 420.7 424.6 421.8 414.4 404.1 397.9 394.6 396.2 394.2 395.7 397.9 400.5 401.8 404.3 402.3 398.9 399 396.6 396.5 399.3 395.1 387.8 382.5 373.2 363.2 351.5 342.4 333.7 322.9 316.5 316.8 310.4 306.1 301.5 299.5 293.7 288 274.3 279 285.8 290.5 294.9 299.5 304.4 309.5 314.1 317.2 320 325 328 332.7 337.9 343.3 346.8 352.1 357.5 360.2 359.1 356.7 353.3 348
373.2 391.3 405.4 423.6 423.3 429.2 439.1 435.3 431.8 426.2 415.8 417.8 410.2 403 403.1 407.3 411.8 418.9 424.2 416.8 409 399.2 389.2 385.3 385.1 386.1 390.7 394.4 396.3 398.2 396 393.3 393.2 392.7 393.9 393.8 390.9 389.3 386.6 380.7 371.5 361.7 351.1 340.9 332.6 325.1 321.1 318.8 316.6 311.8 313.5 310.1 298.2 289.2 280.8 264.9 271.7 280.3 286 288.8 293.5 299.6 304.1 308.6 313.7 317.8 321.6 325.2 331 335.9 340.3 345.5 351.3 355.8 357.8 360.6 358 352.3
368.4 390.5 410.7 416.1 412 414.9 426 421.4 412.8 405.9 399.6 389.9 386.8 393.8 397.5 402.4 411.9 420.6 418.1 411.1 400.8 388.9 380.2 377.5 374.8 376.3 386.2 386.8 387.8 389.3 387.5 388.5 386.9 390.7 391.8 392.2 393.3 390.9 389 381.6 370.2 361.5 349.8 340.4 332.3 327 324.8 322.5 320.6 316.1 309.7 310.5 298.8 288.5 279.1 279.1 261.7 265.8 279.7 279.4 285.6 289.7 292.5 295.7 300.5 308.1 311.9 318 323.7 328.6 333.5 339.2 344.8 353.4 359.1 359.9 357.5 351.9
364.5 384.3 396.5 400.6 398.9 397.2 402.8 401.8 393.3 391 387.9 384.9 384.7 391 396.2 401.6 407.6 408.3 400.9 397.3 394.7 384.3 374.4 371.8 370.8 370 374.1 378 382.4 383.2 383.1 380.6 381.5 381.3 380.8 380.9 383 382.1 379.8 372.2 365.2 357.7 348.2 340.9 334.3 332 327.8 322.9 320 315.7 309.2 303.3 293.3 284.3 274.4 275.2 272.5 255.5 263.1 272.5 280.2 281.7 282 283.2 287.4 295.7 303.4 310.4 316.1 319.7 324.8 330.6 336.4 343.3 352.9 353.7 353 347.1
357.9 369.9 381.4 383 383.8 381.9 383.5 380.7 376.4 378.3 379.3 383.3 384.7 389.5 396.7 403.6 404 407.5 411.8 412.2 410.2 397.4 378.7 372.1 368.3 365.2 369.6 371.3 375.3 376 375.8 372.6 376 372.4 372.3 369.7 370.1 364.8 362.7 359 355.4 352.7 345.1 337.8 333 326.6 322.4 319.2 316 309.3 303.5 299.7 291.1 283.1 283.6 272.8 264.2 261.8 256.3 262.3 267.4 271.4 273.1 272.2 276.6 281.9 289.3 297.6 304.9 310.1 315.6 321.6 327.9 336 341.5 345.1 343.4 341.3
345.9 354.6 362.7 371 367.4 370.9 373.4 371.9 373 372.6 376.8 380.4 383.3 388.1 393.7 402.3 406.9 413.4 416.4 417.9 413.6 399.8 382.9 374 367.1 360 360 359.4 364.2 367.9 364.5 366.3 367.5 365.6 360.7 359.9 359.5 358 356.9 355.7 347.6 345.9 342 334.7 327 323.3 319.4 314.5 309.3 303.3 299.3 296.2 291.2 286.2 281.8 282.3 272.4 261.7 249.5 254.6 260 262.7 264.4 265.4 269.9 274.9 278.5 286.8 293.8 300.3 306.5 314.6 319.9 325.5 333.1 332.4 330.8 331.6
336.1 344 345.9 355.1 356.2 359.1 367.7 371.3 372 370.1 371.1 372.9 375.8 382.8 391 396.5 399.2 402.6 406.5 404.1 398.3 389.1 377.3 369.6 363.7 353.8 353.8 357.1 354.1 349.2 354.5 357.7 353.3 356.1 353.2 348.7 354 348.8 348.7 347.3 342.8 338.8 338.1 331.8 322.6 313.8 310 305.8 300.5 299.4 301.6 298.5 295.5 289.2 288.4 283.5 279 272.4 254.5 251.3 254.7 255 257.9 258.4 264.7 269.2 273.4 279.5 284.3 290.9 295.9 302.1 310.8 315.3 321 320.8 319.4 317
322.2 332.4 335.7 340.5 345.2 351.8 361.7 367 364.6 366.1 369.1 366.9 368.6 369.9 373.8 379.5 384.3 385.2 387.7 385.7 381.6 374.8 366.5 360.7 355.3 350.6 343.7 349.1 349.4 344.7 346.6 351.4 350 344.5 345.8 345.4 341.2 341.7 340.4 336.4 336.4 334 329.6 320.9 314.8 314.9 310.1 304.9 304.8 306 304.8 303.1 299.3 293.5 286.1 279.7 272.8 267.3 260.7 237 241.8 241.6 240.9 239.9 245.9 258.3 268.7 272.4 279.9 284.5 289 294 299.3 304 312.3 313 310.8 308.6
312.2 319.6 324.4 334.7 340.5 342.7 352.8 357.5 362.3 363.1 367.3 364.1 366 366.4 368.6 369.4 372.5 373.2 372.7 369.9 367.3 363.6 355.4 349.1 344.8 342 336.6 340.2 339.6 340.5 343.3 341.5 340.3 340.8 338.4 338.3 336.4 333.2 330.8 330.3 327.5 325.7 323.9 319.4 324.3 323.1 316.1 314.7 310.3 309 304.6 300.7 295.6 286.8 279.3 272.3 265.9 257.8 252.1 247.6 240.7 237.6 232.1 226.9 226.6 245.1 262 265.9 273.5 276.1 281.4 284.8 288.4 296.4 302.5 302.8 302.7 300.4
302 305 314.4 326.6 331.5 343.3 347 351.3 355.1 359 362.7 365.5 366 363.7 367 369.2 365.4 364.3 361.7 361.4 360.7 354.3 344.9 339.8 334.5 332.6 328.9 332.6 331.7 335.5 336.1 337.4 338.2 337.9 334.7 336.1 335.2 334.7 332.1 332.6 326.3 324.8 326.4 327.2 328.3 325.8 323.7 320.6 317.2 312.3 307.3 298.6 291 280.8 273.2 268.9 267 265.2 261.7 259.4 259.4 258.6 255.2 250.6 233.7 238.7 255.4 261.9 265.8 269.1 273 278.1 285 286.9 286.3 290.8 290.8 290.8
297.6 301.4 309.4 317 327.4 329.8 338.2 345.8 352.7 353.7 352.8 357.7 361 362.1 363.7 367.1 364.4 360.2 356.9 350.9 347.5 340.1 334.9 331.3 325.8 324.3 323.5 320.6 325.4 325.5 328.9 330.7 328.7 327.2 329.9 330.2 330 328.5 325.5 325 325.2 328 330.4 329.7 327.2 325.6 324 320.9 318.1 312.9 307.2 301.3 291.3 286.4 282.9 278.3 271.2 267.4 263.2 259.6 257.6 255.9 253.6 250.5 238.3 226.2 248.2 251.4 256.7 258.9 263.9 266.4 269.6 276 277.1 280.7 281.7 281.4
294.7 298 303.4 307.6 317 322.7 329.9 339.1 349 349.6 343.7 357.9 359.1 359.2 361.5 364.5 367.7 364.8 357.5 352.9 346.2 336.3 330.4 325.6 319.6 319.1 315.8 313 318.9 319 323.3 325.8 323.3 324 322.3 323 320.3 320.6 322.7 321.2 322.8 324.6 326.6 326.3 324.1 323.4 327.5 329.8 329.5 329 327.3 319.7 306.7 295.3 289 282.4 274.8 267.2 262.1 258 255.3 252.8 250.2 246.6 242 225.9 228.7 237.9 246.6 248.9 252.3 256.6 260.5 262.8 266.3 270 270.9 272.7
289.2 292.9 298 303.1 307.9 317.2 324.2 333.5 340.3 344.5 346 356.8 357.3 357 359 362 356.9 362.7 362.7 356.3 347.7 338.6 329.3 321.4 314 312.9 308.5 303.8 310.1 311.6 313.4 315.3 315.6 316.1 316.6 317.6 318.4 319.4 321.1 317.6 316.1 318.2 320.2 318.2 317 320.9 327 331.2 330.3 330.3 335.1 327.1 312.2 300.7 290.5 281.9 274.3 267.1 261.4 257 253 249.3 246.4 243.4 237.1 227.3 207.6 228.4 236.9 241.8 242.5 242.8 246.7 251.2 255.1 259.5 261.5 263
285.5 292.6 295.6 298.9 301.1 312.6 320.4 325.6 330 335.7 342.4 346 350.7 353.8 357.5 355.7 354 351.7 345.8 341.4 335.1 327.4 324.3 314.6 304.9 301.8 302.9 293.8 298.9 301.1 300.1 304.6 306.6 307.1 309.4 311.5 312.7 312.1 309.2 306.3 307.5 308.9 309.5 308.7 310.2 315.6 321 323.3 323.7 325.6 324.6 318.7 305.3 296.5 287.8 280 273.6 266.3 260.9 256.5 252.1 247.2 244.7 238.2 233.3 227.4 205 220.4 228.1 233.5 238 238.9 234.3 241.7 247.1 249.5 251.8 253
282.2 288.4 288.1 292.9 296 301.2 314.3 317.2 322.6 325.1 334.4 340.3 342.6 352.7 355.5 350.4 346.7 343 337.6 329.4 325.2 319.9 313.2 303.6 296 292.5 287.9 282.4 283.7 285.7 289.7 293.7 296.7 299.3 301.1 301.9 299.6 300.9 300.9 296.6 296.5 297.7 297.5 297.8 303.4 308.3 312 315.4 317.1 317.5 313.6 307.9 297.9 291.2 283.4 276.7 270.8 264.8 260.1 255.7 252.3 248.9 247.2 241.2 231.9 226 219.7 201.4 213.6 225.3 230.3 232.6 229.6 232.3 238.5 241.3 242.5 244.2
