Game/Highland_Data/StreamingAssets/GeoData/Data/nn/NN83.asc
ncols 200
nrows 200
xllcorner 280000
yllcorner 730000
cellsize 50
[rows 70 to 104 of 200, columns 0 to 77 of 200]
675.1 686.7 694.9 700 697.4 685.5 677.4 662.2 646.2 630.7 615 604.1 591.1 576.8 549.8 542 529.7 526.1 544.5 555.1 568.5 585.9 599.1 611.6 630.4 646.7 652.8 656.9 661.8 665.9 670.1 674.8 679 683.7 685.1 690.5 695.2 700.1 705.1 713 720.4 725.9 735.3 743.4 752.2 757.9 763.5 768.2 772.8 777 779.7 781.3 784.4 784.4 781 775.5 771.1 763.9 753.9 746.1 740.7 733.3 725.1 718.8 710.9 703.4 697.9 696.6 696.6 694.6 689.3 683.3 677.6 667.2 658.6 651.6 645.5 637.3
659.6 666.7 674.7 680.1 678.2 670.4 662.3 651.4 638.8 624.3 610.4 598.8 586.6 571.4 547.4 538.4 528.5 535 537.8 557.8 565.7 583.6 594.4 608.8 625.7 636.2 643.4 648.4 652.7 656.5 660.3 665.6 670.1 673.3 675.6 680.4 686 691.2 698.9 708.6 716.6 723.4 731.9 740.7 749.6 756.8 763.8 770.3 774.4 778.7 783.7 786.6 790.8 790.4 786.6 781.5 773.5 767.1 758 749.2 740.8 733.9 725.8 716.6 706.5 696.7 674.4 679.5 679.2 677.1 673.8 666 657.3 650.2 642.9 635.2 631.1 624.3
652.3 652.5 658 663.3 665.2 660.4 652 643.5 629.4 617.6 603.9 594.4 583.4 568.7 549.3 537.7 522.4 529 540.1 552.5 557.6 577.6 588.6 604.4 617.5 629.5 635.8 640.3 644.3 648.7 650.9 654.3 659.1 662.3 666.2 670.1 672.9 682.3 693.3 703.1 712 720.1 729.3 740 750.2 758.3 765.1 772.7 778.2 783.9 787.7 792.7 794.2 794.9 792.5 786.3 778 768.8 759.9 752.2 743.4 731.7 717.3 695.2 684.1 671.7 656.5 649.3 651.3 645.2 639.9 635.2 629.5 622.7 614.1 611 607.2 598.9
641.1 640.4 644.6 648.3 650.5 649.4 641.6 631.5 618.9 609.1 599.1 587.4 579.2 566.5 553.7 544.2 530.5 524.1 539.2 545.6 553.9 572.8 583.2 600.9 610.9 622.3 627.8 631.5 635.1 637.1 638.4 640.8 644.2 647.9 650.1 653.2 658.1 674.9 687.3 700.2 711.2 720.5 730.3 740.1 749.9 759.3 766.6 775.3 783.5 789.5 794.3 797.6 798.8 797.4 795.1 790.7 783 772.8 762.9 753.2 724.3 700.5 682.3 664.3 652.9 641.3 624.8 618.1 614.6 611.7 609.2 604.9 599.7 595.3 591.5 587.2 580.9 573.4
632.7 625.6 630.2 633.7 638 635.3 629.9 618.9 611.2 603.9 592.7 583 574.2 565.7 555.8 548 531.5 520 531.8 536.4 550.3 564.8 579.1 592.8 602.9 613.1 619.5 622.8 622.8 621.9 620.7 622.8 623.6 622.2 628.6 633.5 640.3 659.3 685.8 701.3 713.7 723.4 732.9 742.3 752 761.7 769.8 779.9 787.7 793 797.7 801.6 801.8 799.7 796.2 791.3 785.7 773.5 762.9 727 696.9 669.3 649.2 634 620.4 604.5 589.6 580.7 579.7 579 580.5 579.6 576.1 572.7 567.9 563.5 557.3 549.7
621.8 619 615.3 619.2 623 619.8 614.1 609 601.7 597.1 587 579.5 570.8 562.5 555.8 548.5 533.9 513.2 523 534.9 543.6 552.6 575.3 585.1 595.7 604.3 609.9 611.2 610.8 605.7 602.5 598.9 597.1 606 624.6 641.3 656.6 676.7 691.4 704.9 716.7 727.9 737.8 745.1 754.3 764.6 774.2 783.3 790.9 796.6 800.6 802.3 802.7 799.8 795.7 792.5 785.4 772 737.6 700.1 665.8 643.1 620.7 601.9 584.1 570.6 562.8 557.9 552.7 553.9 555.4 556.2 553 549.5 544.5 540.1 534.9 528.9
610.2 604.8 600.9 604.7 607.1 604.8 602.3 600.1 593.8 587.6 579.5 572.4 566.3 560.5 553.3 546.5 533.9 513.2 521.7 525.5 538.7 552.3 566.9 577.9 586.8 593.1 596.6 594.5 586.5 586 582.1 589.1 610.8 629.2 645 658.5 673.5 687.2 700.1 710.5 721.9 731.3 739.9 745.8 755.7 765.8 775.7 784.7 791.7 797.8 801.5 803 802.4 799.1 796.6 790 783.3 755.9 707.6 675.2 643.3 619.3 596.1 578.6 562.4 548.2 540.9 541.1 537.3 534.6 533.3 530.6 529.3 528.8 525.3 521.2 520.4 519.2
602.4 594.7 584.7 589.6 591.6 592 591.8 589.5 582.6 579.2 571.6 567.2 561.5 555.8 550.6 543.1 534.2 512.4 512.1 518.4 534.8 545.9 559.8 570.6 578.1 585.4 586.1 578.1 571.2 567.6 590.7 610.4 624.8 639.4 653.8 667 679.9 697.9 708.3 718.3 727.7 734.7 741 749.2 757.9 767.5 776.9 784.2 790.6 795.8 799.5 801.8 801.3 797.5 793.5 787.8 777.7 731.8 682.9 652.3 626.3 600.3 578.3 560.3 545 534.4 529.9 526.8 524.6 520.6 518 516.5 515.8 514 512.1 510.3 508.2 507.1
596.3 586 578.9 573.6 578 578.2 578.7 576.5 574.3 570.4 562.1 558.6 554.9 550.4 545.2 537.9 532 510.6 500.8 504 527.9 539.1 551.5 561.8 570.4 574.7 574.5 566.7 554.5 583.7 600.1 617.4 629.6 640.5 657.9 674.2 692.3 705.7 713.2 722.7 730 736.4 742.3 750.6 759.5 767.8 776.5 783.7 788.6 792.7 797 798.8 797.4 793.1 787.5 782.3 757 720.7 672.8 636.5 609.9 586.1 565.1 546.8 535.2 525.8 520 516.5 511.9 507.3 503.1 504.5 503.9 503 500.6 498.3 496.5 494.5
596.1 588.7 582.7 562.5 560 564.6 565.7 564.4 563.9 561.2 556 550.5 546.2 540.9 537.3 531.2 527 507.9 516.4 491.6 517.6 531.1 543 551.6 560 563.1 562.6 551.7 563.5 582 598.2 612.5 627.9 646.2 664.6 683.6 699 708.5 716.5 724.5 731.1 736.8 745 750.1 756.9 765 774.1 779.6 783.9 788 791 792.6 790.2 786.4 783.5 780.1 743.6 706.5 655.3 626.1 598.1 575.3 554.8 538.2 526 517.1 510.6 505.6 500.8 494.3 492.9 492.8 491.9 489.4 487.8 486.4 483.9 481.1
598.6 585.9 578 569.3 556.5 547.1 550.2 551.7 552.6 549.4 547.8 542.8 537.5 533.8 528.9 523.7 519 504.2 513.6 493 507.3 520.1 533.6 541.9 545.4 552.6 551.3 536.6 561.7 581.6 594.5 614 632.6 649.8 669.3 685.8 700.4 708 714.7 722.6 728.9 736.1 741.3 746.8 752.5 760.3 767.6 770.9 776.6 780.3 782 782.5 781.4 780.2 782.1 773.6 736.1 684.7 644.3 617.7 590.9 568.6 547.4 530.5 518.8 508.9 501.3 495 488.9 484.8 482.9 480 478.4 474.6 473 470.8 468.7 466.2
603.8 588.2 579.4 570.8 558.3 549 535.9 538 540.7 537.4 534.6 532.4 529.3 525.2 520.7 516.3 516 509.2 496.6 486.8 495.6 509.8 522.4 527.9 538.2 541.7 539.6 529.8 554.3 577.5 597.4 619.3 629.9 646.9 666.9 683 694.4 704.1 709.6 718.1 724.2 728.8 732.5 737.5 741.4 748.3 754.7 760.8 766.3 771.3 772.4 772.5 773.7 778 779.3 753.7 705.1 664.4 633.7 605.6 583.8 563.8 541.9 525.3 513.2 502.1 492.9 485 473.1 470.8 468.8 465.7 462.3 458.2 456.6 454.2 453.2 450
607.1 593.1 583.3 571.7 557.1 547.7 541.8 534.8 528.8 523.4 521.8 520.5 519.3 516.7 512.9 510.7 508.3 512.1 514.5 499.6 475.5 499.7 508.7 518 523.7 528.8 520.6 536.3 552.4 572.3 590.9 613.6 627.9 636.3 655.9 673.3 685 695.3 703.5 709.8 715.1 717.5 721.4 726.1 731.3 738.3 747.2 753.9 757.7 763.1 766.1 767.9 771.4 775 775.2 743.2 702.4 655.6 625.6 599.8 576.3 554.5 537.8 522.3 507.7 494.4 482.5 472.2 463 457.4 450.7 449.8 444.9 441.6 438.8 437.4 435.4 433.7
614.6 597.7 585.9 572.1 557.9 548.1 541.3 532.4 523.5 511.9 510.2 509.4 509.3 507.6 506.1 503.3 500.4 504.6 506.7 496.4 486.8 485.6 500.7 506.7 513.4 514.6 521.3 533.5 548.4 565 584.6 604.6 618.5 631.4 648 662.1 672.3 681.5 690.5 695.2 700.3 704.3 707.7 711.3 716.6 725.2 734.9 743.8 750.5 756.1 760.6 764.8 768.6 771.5 769.6 731.3 688.4 648.2 617.1 591.3 569.8 549 531 513.4 498.9 486.3 472.6 462.2 449.9 444.4 433.2 433.2 427.4 423.9 421.3 419.6 420.1 419.9
619.4 600.4 586.6 572.7 559.8 547.2 541.7 533.4 523.1 514 502.4 501.6 499.1 498.4 497.7 497.5 492.1 491.1 493 492.6 485.5 477.3 489.2 497.2 499.9 494.9 514.6 527.4 541.7 556.5 573.1 593 608 621.1 637.5 650.2 656.8 664.4 675 680.1 685 689.1 690.6 693.8 700.8 709.1 718.5 729.4 741.2 751 755.9 761.1 765.4 766.6 767.9 729.6 681.2 642.9 612.2 586.8 563.8 542.9 524.8 506.6 489.6 476.5 462.1 449.2 437.9 429.6 422.4 416.6 412 408.9 406.1 404.9 409.4 414
620.4 604.4 590.2 575.9 562.2 552.1 543.1 534.3 525.3 513.6 504.2 492.4 493.1 490.1 488.8 489.8 489.6 484.1 484.6 483 482.7 467.9 476.7 486.1 488.4 487.4 506.5 512.9 532.3 544.9 561.9 577.1 594 610 622.9 634.6 639.7 650.5 659.6 666.2 670.5 672.5 672.9 675.3 683.3 694.1 703.6 715.2 728.9 742.4 752.7 758.5 761.3 764.8 764.5 727.1 676.9 638.3 609.2 583.2 559.7 534.4 516.4 493.8 480.1 464.5 448.8 433.3 424.3 415.3 410.9 408.4 406.4 404.1 403 403 404.1 410.8
624.3 609.1 592.9 578.8 565.2 556.2 546.8 536.3 526.8 515.9 505.4 496 488.2 482.3 476.7 479.6 480.3 479.1 475.6 472.8 466.1 462.2 465.5 472.2 476.5 489.6 499.6 502.9 520 533.7 548.2 563.8 578.8 595.7 607.4 618.9 627.7 634.9 641.5 644.9 647.9 648.7 649.7 654.7 664.3 676.3 691.4 704.3 718 733.5 744 752.5 757.1 760.8 758.7 717.3 672.4 635.9 607.9 582.7 558.9 531.8 507.8 484 469.5 452.6 435 421.5 412.3 405.4 404.6 404.5 404 403.1 402.9 403.3 405.9 407.1
627.4 611.5 594.1 579.5 566.9 559.5 551.2 543.1 532 519.1 505.9 500.4 494.9 489 479.3 464.2 467.7 467.9 466.6 462.4 458.3 452.8 458.5 462.3 474.7 481.6 488 491.9 504.3 521.1 535.2 548.8 563.2 576.1 590.3 602.4 610.5 620.5 624.4 626.1 626.2 627.7 628 629.6 640.7 657.6 673.7 696.7 714.1 729.1 741.4 750.8 755.7 758.1 755.2 715.4 668.7 636.6 610.8 582 552.6 523.5 494.9 473.9 456.8 439.8 424.9 414.8 407.2 404.6 403.6 403.4 403.3 404.6 403.8 409.2 419.8 418.4
631.9 615.2 597.5 581.5 571.6 563 553 546.6 533.8 523.5 516.8 507 497.1 488.5 479.7 475.2 465.3 457.8 456.1 457 453.3 444.2 448.6 460.1 467.3 476.2 476 482.7 494.3 506.4 520.4 535 548.3 561.6 575.6 586.9 595.4 601.8 604.4 601.4 601.4 607.9 605.5 608.4 630.3 652.6 674.7 696 712.6 726.8 739.4 748.3 753.9 754.5 753.8 731.8 686.3 646.3 612.8 583.9 546.6 517.1 490.8 470 445.7 430.9 419.2 410.5 405.6 403.9 403.6 403.4 403.4 410.1 421.4 423.2 432.2 437.8
631.7 616.7 601.2 587.2 574.2 565.1 558.5 548.7 537.4 528.8 521.9 513.1 501.8 492.8 486.3 480.2 473.4 465.7 457.6 448.4 446.4 444.6 440.7 448.5 455.8 464 467.9 473.8 481.3 492.6 503.9 519.1 531.6 545 560.8 572.3 580 583.7 584.8 584.6 586.6 589.8 585.9 611.4 637.4 659.1 677.8 698.7 713.6 727 739 745.3 751 751 750.5 741.2 696.9 654.1 618.8 583.6 547.8 515.9 486.9 463.1 440.3 421.8 412 406.8 404.3 404 404 409.8 418.7 431.8 439.9 448.1 454.7 456.5
632.1 618.7 602.7 591.3 578.7 571.5 563.9 554.6 543 536 528.7 517.4 509.2 501.2 493.6 484.9 476.9 467.6 462 457.3 452.6 447.2 433.3 430.2 441.2 453.9 458.4 466.6 471.8 480.1 491.3 502.9 517.1 528 542.1 553.5 561.9 563.6 566.5 569.9 569.3 566.3 589.3 617.3 644.3 663.5 681.2 702.1 717.2 728.9 738 744.7 747.1 749.2 745.4 733.8 694.5 654.8 620.9 586.6 548.8 516.1 486.3 457 432.3 414.9 406.5 403.9 403.9 404.2 416.2 432.8 441.4 455.6 467.5 478.3 484.3 488.9
636.9 622.7 609.6 594.6 584.8 580.7 572.4 563 555.2 545.6 537.4 530.4 521.5 510.6 500.3 491 483 476.4 468.2 461.4 455.8 447.6 438.9 430.9 426.2 440.8 449.9 457.1 461.3 466.1 476.7 488.7 502.4 515.3 527.5 538 544.3 545.1 549 547.8 552 574.6 603 628 651.1 668 684.3 704.1 718.9 729.9 737.5 743.2 744.4 746.1 737.7 723.5 688.8 640.1 607.6 575 538.2 505.2 482.7 452.5 425.7 408.3 405 404 403.9 411.1 436.8 451.7 464.6 480.4 498.1 506.1 514.5 518.4
640.1 627.2 613.5 601.6 596 592.3 585.1 575.6 566.6 556.7 548 540.8 531.7 520 508 499.1 490.9 482 473.5 465.7 458.9 451.3 441 433.3 425.8 429.6 439.4 444.4 450 453.9 465.1 477.1 488.7 503.3 512.5 523.2 527.4 525.7 521.7 546.9 571.7 594.9 617.6 638.8 656.6 670.6 687.8 705.7 718.7 728 735.1 740.2 737.8 736.8 728.3 693.1 654.2 620.5 593.8 567.1 532.1 502.3 485.1 457.2 424.4 406.9 405.7 404.5 407.1 424.1 448.9 467.1 488.4 515.6 529 532 534.7 540.5
644 631.5 624 615.9 609.3 603.6 596.3 587.2 577.8 567.6 557.8 548.8 538.9 527.5 515.2 505.2 495.2 485.8 476.7 470.2 461.4 452.1 443.1 435.2 427.8 416 424.3 434.9 440.8 449.6 454.6 466.5 476 490.8 501.3 508.4 504.8 513.4 531.6 556.5 581.4 603.2 624.5 644.1 660.1 672.6 686.3 702.6 713.9 722.2 728.2 730.8 729.8 724.6 706.7 668 639.6 607.8 583 556 531.1 506.5 485.2 455.4 428.5 408.2 407.6 414.2 435.4 453.4 469.9 487.6 509 533.1 544.7 551 556.5 557.8
651.8 643.5 634.6 628.7 622.1 614 607.5 599.2 587.6 576.3 566.5 557.3 546.6 536.8 523 509.1 498.4 490.5 483.6 475.1 467 457.7 447.7 438.5 427.5 420.6 415.8 422.5 429.3 438.9 443 451.3 467.4 478.4 488.8 496 493.4 511.8 531.4 552.6 577.9 600.4 622.2 641.7 657.7 666.1 679.9 693.6 706 713.4 719.1 715.8 713.2 701.9 695.5 650 626.9 597.1 576.5 548.5 523.7 501.2 477.9 452.1 428.8 416 421.6 437.7 459.2 474.1 495.7 511.6 533.6 547.6 561.3 573.1 577.4 584.7
659.6 649.1 646.3 637.4 632.6 624.9 617.9 609.2 598.8 588.5 577.3 566 556.1 545.1 530.8 515.3 506.1 498.9 491.9 481.4 474.1 463.9 454 445 435.8 429.3 415.1 412.2 418.4 429.5 430.5 440.3 454 466 477.7 472.2 490.8 502 520.5 542.6 564.4 589.2 611.6 632.5 649.9 662.9 670.6 681.5 691 699.3 703.8 704.5 703.3 698.2 671.3 628.5 606.8 585.5 561.8 536.2 509.1 488.3 467.2 445.5 430.2 427.6 439.7 460.5 480.9 495.8 516.9 533.6 551 567 573.5 585.1 591.4 599.7
677.5 659.5 651.8 646.2 639.5 635.3 626.9 619 609.1 597.5 584.7 574.9 565.5 553.5 539.2 528.8 519.2 511 502 491.5 481.8 472.6 462.3 451.7 443.4 435.4 422.3 408.7 409.1 417.9 417.9 428.9 442.8 453.9 464.6 467.5 482 493.7 510.4 530 550 572.3 595.7 616.1 636.1 649 657.6 666.7 675.5 681 686.8 689.1 689.9 666.3 638.5 610.9 581.8 561.5 540.6 516.8 492.4 474.3 456.1 441.6 428.7 439 462.9 478.9 500 511.6 535.8 551.1 567 582.7 593.4 595.5 608.9 613.6
709.9 690 675.4 660.7 649.3 642.5 635.9 625.5 617 605.2 594.5 585.3 574.9 562.3 550.3 541 531.7 522.4 512.7 501.5 491.8 482.5 473.4 461.9 452.7 443.8 430.6 418.4 404.6 409.6 412.8 421.2 432.2 441.7 450.1 461.5 472.4 485.7 498.6 518.5 536 553.8 575.2 596.8 614.9 629.7 643.2 649.2 661.7 664.6 665.9 665.8 662.3 636.4 608 581.3 556.1 536.2 519.3 500.3 479.8 459.9 446 431.2 437.2 456.6 482.8 498.1 513.1 534.1 552.2 563 570.3 583.5 597.1 608.6 615.6 625.8
717.7 714.4 709.2 689.4 660.6 652.1 641.6 630.8 621.3 610.7 600.9 594 583.9 570 558.5 551.2 543.1 532.3 521 511.7 502.8 492.9 483.5 472.5 462.8 453.2 439.4 428 413.3 401.1 402 410.2 419.2 426.6 436.7 452.6 463.3 477.9 488.3 503.2 519.9 537.8 553.9 574.2 592.4 606.2 624.8 638.3 641.3 641.6 645.1 638.9 632.7 605.1 571.8 551.3 528.8 510.3 495.7 477.6 460.3 440.2 428.9 427.9 446.5 478.3 501.6 519.4 538.1 558.3 570.5 577.9 580.8 599.6 611.2 624.4 616 615.7
721.7 719.6 714.8 709.7 680.9 657.3 647.8 634.2 626.1 618.6 608.6 600.3 589.8 577.6 567.8 560.3 552.2 542.6 533.8 523.4 512.1 503.1 493.6 482.3 472.4 461.3 448.4 438.8 430.2 415.5 400.7 398.5 408.4 414.3 426.1 438.6 454.7 467.9 477.4 490.3 507 521.1 535.3 550.6 566.8 585.7 600.9 611.2 617.5 617.6 615.5 607.2 590 562.7 544.9 522.2 501.8 485.5 466.8 451.2 436.2 436.6 439.6 449.3 472.3 496 516.8 537.4 555.7 572.3 584.7 595.3 599.8 620.3 622.6 633.7 624.9 616.7
724.2 721.2 717.1 711.6 700.8 671.2 649.3 640.6 629 620.8 614.1 605.6 594.9 585.3 576.6 569.3 562.1 553.7 546.2 535 522.4 512.3 502.8 492.4 482.7 471.2 456.3 445 437.2 420.6 406.8 397.4 397.6 407.4 412.6 427.9 447.1 455.7 469.1 481.1 493.5 506 517.8 530.5 544.2 563 576 585.5 593.8 592.1 581.9 568.5 547 525.5 518.5 493.2 474.8 458.7 438.5 431.2 441.1 455.3 470.5 480.5 499.4 516.8 535.2 551.5 563.1 586 599.7 601.8 613 626.8 623.9 643.1 633.5 623.5
723 718.5 714.4 711.3 705.9 691.5 670.1 646.7 635 624.3 620.6 611.1 603.9 596.7 587.2 579 571.9 565.1 555.3 543.6 530.6 520.2 510.6 501.1 491.2 479.5 464.7 455.1 444 428.9 416 404.1 392.9 394.6 401 417 431.4 446 457.8 470.4 482.1 494.1 507.2 516.6 526.8 541.1 553.2 562.8 568.7 566.2 554.1 534.4 508 492.7 483.3 463.5 448.1 443 441 443.8 455.2 468.9 481.4 495.1 519.8 539.6 555.2 565.4 577.1 599.6 609.5 605.1 610 626.3 646.2 658.9 639.9 627.1
719.4 713.9 710.5 706.6 705.2 698.7 691.3 676.7 662.7 642.6 630.2 622.4 616.1 605.6 596.5 590.1 582.1 577 564.3 552 539.6 526.8 516.4 507.4 498.1 487.2 474.7 463.1 454.9 441.1 428.2 415.5 399.2 387.9 392.1 405.2 417.9 432.2 445.9 457.7 468.8 482.2 495.3 506.9 514.7 524.9 532.5 538.7 542.6 541.7 526.1 501.3 478 459.3 448.7 436.6 434.1 451.9 455.4 470.7 479.7 490 502.8 518.1 537.5 553.1 569.3 584.9 601.3 612.2 624.6 625.1 638.6 659.3 676.6 665.6 651.5 636
711.5 706.9 703.9 703 701.1 698.5 697.2 698.6 690.5 676.4 654.7 636.8 631.1 618.6 606.1 597.2 592.9 586.1 573 561.2 551.1 535 522.4 513.1 504.4 494.3 484 473.4 462.9 453.4 437.2 426.4 410.8 389.4 382.1 391.6 405.6 419 430 444.8 456.2 467.4 481.2 494.5 503.7 510.1 515.2 520.4 521.2 514 494.8 472.4 439.8 428.3 420.6 437 457.2 468.1 476.6 489.4 499.4 509.4 526.5 545.1 560.5 572.5 591 601.9 614.6 622.5 632.4 647.3 661.5 681.2 686.5 672.2 660.4 647
703.1 698.5 698.6 696.7 694.9 695.2 696.3 700 703.2 703.6 685.2 669.4 648.3 634.2 620 605.4 599.5 592.2 581.3 570.8 556.6 542 528.4 518.7 511.3 502.7 492.6 482.3 471.9 461.2 442.9 436.6 424.2 397.7 384.2 382.8 389.5 404.3 418 432.6 444.3 454.4 464.6 477.3 490.8 498.8 498.6 498.5 498.7 486.6 464.6 440.3 417 416.1 434.3 454.1 466.1 480.6 493 503.1 520.9 525 542.1 558.5 572.4 585.1 601.4 614.2 626.2 631.6 646.5 664.5 680.6 700.1 697.4 680.5 668 656.2
