Game/Highland_Data/StreamingAssets/GeoData/Data/nn/NN84.asc
ncols 200
nrows 200
xllcorner 280000
yllcorner 740000
cellsize 50
[rows 0 to 34 of 200, columns 0 to 77 of 200]
461.2 462.6 462 460.7 450.3 429.3 419.1 402.9 380.9 359.9 348.5 336.6 316.2 304.7 303.5 302.1 299.1 287.4 279.4 272.6 270.1 266.5 267 264 253 238.4 236.3 225.4 210.2 230.2 237.5 238.4 239.4 241.4 243.1 243.6 242.4 242.3 241.3 240.9 240.4 239.3 234.6 233.8 230.7 232 230.7 230.8 229 228.6 227.6 231.5 229.7 229.8 230.2 230.6 229.7 230.5 232.5 232.2 232.5 233 231 232 233 233.2 231 228.8 228.1 226.2 226.2 225.8 228.7 230 228.3 222.8 209.5 205
459.3 461.3 463.6 462.7 452.4 429.1 410.5 396.5 378.2 358.4 340.6 326.6 312.8 306.3 304.2 301.4 297.2 291.1 276.4 266 264.2 262.1 260.7 248.8 232.9 225.3 222.9 212.9 198.4 208.2 221.7 221.5 220.3 221.1 224.2 227.6 227.2 228.5 226.7 227.5 228 229.6 224.8 217.9 215.5 215.3 213.9 216 218 216.1 215.5 218 217 215.5 217.3 218.9 216.8 219.5 219.7 215.6 215 214.6 214.3 215.1 215.9 216.4 214.4 210.6 208.1 206 204.9 204.7 207 202.2 182.9 185.2 189.4 174
455.2 459.9 464.3 463.7 442.6 417.5 404.4 389.9 376.6 360.7 338.1 325.3 312.2 307.3 303.3 299.4 295.4 290.3 271.2 263.3 257.2 255.9 241.2 229.4 223.6 216.1 211.2 204.5 193.3 189.7 202.6 201.9 199.9 198.6 201.9 206.6 211.1 213.6 212 210.9 211.1 208.6 205.5 203.1 202.6 201.1 200.8 200.9 202.7 204.3 202.8 202.4 201.9 199.5 203.4 203.7 202.2 204.6 205.1 199.4 198.9 197.4 196.4 196.6 194.6 195.4 192.9 189 186.4 181 181.7 182.6 176.7 162 153.1 150.6 144.4 142.5
451.6 457.9 461.4 458.7 435.3 424.1 409 389.3 373.4 350 333.7 316.7 305.7 303.6 300.7 297.3 294.3 283.3 272.2 263.8 255.8 242.4 224.9 218.6 213.3 202.7 198.4 188.9 180.4 176 184.6 184.4 181.8 181.9 184.7 188.9 192.9 197 195.9 194.9 193.6 194.8 191.4 191.1 190.1 188.6 188.9 187.5 186.2 187.3 188.1 187.6 186.4 183.2 185.8 185.3 181.4 178.4 179.2 181.7 184.3 181.5 180.8 181.1 177.7 175.5 173.8 167.4 161.4 157.1 154.9 157.1 135.2 130.1 129.6 127.8 124.4 123.3
449.8 452.6 454.1 445.2 426.9 417.8 404.1 382.3 354.7 341.7 325.7 312.6 302.2 297.6 294.6 295 291.1 278.6 269 260 246.3 234.6 219.5 206.3 195.7 187.3 176.3 170 158.1 158.5 166.1 163.7 164 164.8 167.6 170.2 172.9 177.3 178.1 177.8 178.7 177.9 174.7 174.6 174.7 175.1 175.1 173.8 172.2 175.1 176.2 175.5 171.4 168.4 168.8 167.1 161.7 160.6 162.8 164.1 166.8 165.4 163.7 163 161.8 159 152.7 145.3 138.1 134.7 131.1 120.4 105.7 107.2 107.7 108.6 107.4 107.5
442 444.1 440 423.6 405.4 402.5 392.9 373.1 346.3 333.8 315.6 305.6 295.9 290.2 283.6 281.1 273.3 265.9 262.6 258.8 238.7 224.3 219.4 204.4 197.6 186.8 168.5 154 139.2 145.5 146.7 146.7 146.4 148.4 151.9 155.2 157.1 156.9 157.2 159 159.6 160.3 160.9 161 160.5 159.6 159.1 161.2 160.7 163.5 165.8 163.3 159.3 157.5 158.1 154.6 150.5 148 150.1 149.3 151.4 150.5 147.1 146.2 146 145.9 137.7 125.6 119.6 116.4 112.8 105.3 93.9 92.4 93.6 93.7 94.2 93.6
430.3 430.1 422.4 401.6 388.7 381.3 373.1 359.1 341.1 318.4 306.9 296.5 290.1 283.4 275.8 264.8 257.3 254.1 253.1 245.1 227.5 214.8 205.2 198.4 183.1 177.3 168.2 157.2 135.4 135.8 135.3 136 135 135.8 138.9 140.5 141.8 139.2 141.9 143.5 141 143.2 146.5 146.5 148.2 147.2 149 152.4 150.6 153.1 153.8 148.6 147.6 147.7 147 145.8 142.1 136.7 139.2 134.5 133.7 133.6 131.2 131.6 129.3 126.9 122.8 108.2 105.7 104.2 100.8 94.4 89.3 88.6 88.4 88.5 88.5 88.1
404.9 388.7 374.1 368.7 366.2 349.8 350.1 340.8 318 303.1 291.8 282.2 275.4 272.3 264.5 256.6 250.1 244.5 237.3 225.3 208.6 204.8 193.1 191 182.3 173.3 162.3 157 139.2 129 128.6 129.1 126 124.8 127.4 130.1 132 130.6 131.2 130.6 129.1 130.3 132.3 133.7 135.3 135.8 138.2 139.5 140.8 139.1 136 135.1 135.1 135.1 135.9 135.5 131.6 126.4 126.9 124.4 123.2 118.2 119.1 121.6 115.7 109.2 104.5 97.9 97.2 96.1 92.3 89 88.4 88 87.6 87.3 86.9 87.1
357 354.3 348 346.2 340.3 330.2 311.2 294 289.2 284 270.9 263 259.6 253.6 249.5 243.3 236.9 233.4 223.4 208.3 194.5 190.4 182.2 177.5 172.3 165.4 157 148.6 139.3 133 121.8 123 124.2 116.6 117.6 119.6 122.1 121.2 118 122.3 118.6 119 123.4 125.1 125.2 125.1 127.6 128.4 128.7 125.4 124.1 125.1 124.2 124.9 123.7 122.3 117.4 115.1 113.6 115 110.4 107 110.5 107.4 101.9 97.7 93.4 90.9 91.1 90.1 88.4 88.2 87.9 87.5 87.2 87 86.9 86.8
334.9 332.7 330.7 327.1 320.2 311.3 292.3 278.5 275.4 260.3 248.1 245.2 244.4 238.6 230.1 226.1 219.7 214.5 206.7 190.6 178.5 174.8 171.4 169 160 154.7 148.5 141.1 131.5 125.8 120.6 117.5 119 117.2 113.1 112.3 112.8 111.3 111.8 113.9 114.7 113.3 117.9 117.9 118.2 119.3 121.2 120.4 118 116.9 116.4 116.8 116.7 117.7 115 110.2 107 105.2 103.9 104.3 100.1 99.7 102.7 97.1 93.4 90.2 89.1 88.5 88.2 87.9 87.5 87.4 87.7 87.5 87.4 87.2 87.1 87
304.6 305.5 306.9 302.8 297.7 287 263.6 253.4 254 247.7 240.8 229.9 227.5 220.4 212 207 198 191.6 187 177.1 164.3 159 156.9 155.4 152.3 146.8 141.4 132.4 119.6 117.5 118.1 115.8 116 115.3 118.8 112.8 106 105.8 106.8 108.2 112.9 109.6 111.7 114.3 112.2 110.7 111.3 113.4 111.4 109.1 109 109.9 111.3 109.4 107.7 103.9 101 99.1 97 95.2 93.7 93.8 93.6 90.3 89.1 88.4 88 87.7 87.4 87.1 87.2 87.7 87.5 86.7 87.5 87.5 87.3 87.2
282.2 284.3 283.4 279.7 273 248.6 240.2 234.8 230.4 225 212.8 206.4 201 192.3 187.5 184.9 180.2 174.5 166.5 160.9 153.7 149.4 149.4 144.1 143 137.4 131.6 123.7 114.2 112.7 116.9 111.4 110.5 111.7 111.9 112.1 110.5 105.6 102.5 103.8 107 107.9 108.6 107.5 105.7 105.2 109.2 107.4 104.2 103.6 103.6 104.2 105.5 104.3 102.4 98.8 95.1 92.6 91.3 90.5 90.1 89.8 89.5 88.8 88.2 88.3 88.4 88.3 88.2 87.9 87.9 88.2 87.3 87.3 87.3 87.7 87.4 87.1
258.1 261.7 261.6 249 228.6 222.2 217.6 211.4 204.5 198.1 188 176.5 175.5 172.2 166.6 169 166.9 163.3 156.1 150.7 149.6 144.4 139.9 134.5 134.2 128 124.2 119.9 113.6 108 111.9 109.8 108.5 109.7 111.7 110.2 107.8 105 100.8 100.6 102.1 103.8 105.4 104.2 101.4 99.7 100.4 100 98.5 98 98 98.6 98.8 97.2 95.3 93 91.7 91.2 90.3 89.7 89.4 89.2 89 89.1 88.5 88.7 88.7 88.7 88.7 88.6 88.7 88.8 87.4 86.3 86 86 87.2 86.1
230.9 231.8 233.2 222.3 200.2 195.9 194.6 192.7 186.9 171.5 163 160.9 160.8 157.3 153.3 154.5 153.2 150 145.3 138.8 140.8 139.4 138.9 129.9 127.5 124.4 123.3 116.1 109.9 108 108.3 109.2 106.6 107.2 106.9 102.7 101.3 100.6 98.9 98.2 101 100.9 101.4 99.9 96.6 94.7 94.7 92.9 92.4 92.8 94.2 94 93.8 93.1 91.6 90.7 89.7 88.9 89.1 89.1 88.9 88.8 88.6 88.5 88.7 89 89.1 89.1 88.6 88.1 88.4 88.5 87.8 86.5 86.4 86.3 86.8 85.9
206 203.3 201.4 193.7 180.5 169.4 169.3 167.6 164.3 157.5 151.2 148.2 149.4 145 142 144.2 140.9 137.6 131.5 130 133.7 132.9 131.3 124.3 122.9 123.1 119.9 115.7 109.7 110 106.6 106.6 106.2 104.8 103.4 101.9 100.4 99.4 98.4 98.9 100.1 100.9 100.3 96.7 93.2 92.1 92 91.8 92.4 91.5 91.2 91 90.1 89.4 88.6 88.1 87.6 87.2 88 88.2 88.7 88.6 88.4 89.1 89.2 89.4 89.1 88.4 87.8 87.3 87.2 86.8 87.2 86.1 86.4 86.7 86.6 86.4
183.5 179 176.6 169.3 153.2 143.8 144.8 147.6 150.1 145.1 140.6 137.7 137.7 135.4 134.4 135.1 133.2 128.9 120.7 123.6 123.2 126.3 123.9 119.1 120.8 121.2 117.6 112.7 111.6 110.5 106.9 104.9 104.3 103.1 101.4 100 99 98 97.1 96.6 98.1 99.2 98.7 93.3 92.2 92.2 91.3 90.4 90.1 90 89.7 90.3 89.5 88.5 88 87.7 87.2 87.1 87 87.6 87.3 88.4 88.9 88.8 89.3 89.2 88.6 88 87.4 86.9 86.7 86.5 86.7 86.1 86.4 86.6 87 86.9
163.1 159.1 155.1 152.8 144.8 137.8 136.7 134.7 134.8 132.5 131.3 129 127.6 127.1 127.3 128.3 126.2 122.4 116.8 116.9 119.3 123.2 117.6 114.4 117.3 118.1 113.7 109.4 109.1 109.2 105.2 103 102.8 101.5 99.7 99.3 97.7 96.8 95.8 94.8 96.6 97.1 93 91.2 91.4 91.9 91.2 90.2 89.1 88.5 89 89.5 88.4 87.7 87.4 87.3 87.4 87.3 87 86.8 86.6 87.6 87.6 87 87.8 88.6 88.2 87.7 87.2 86.7 86.5 86.2 86 86 86.1 86.2 87.3 87.2
143.8 139.9 137.5 139.4 136 131.1 129 127.3 124.3 124.3 124 123.5 121.6 120.1 122.1 122.5 118.3 116.8 113.6 113.1 119.5 122.6 113.7 110.8 113.5 116.2 108.9 104.7 104.7 103.6 102.1 101.5 101.9 101 99.2 96.4 96.9 95.7 94.5 94.1 93.9 92.4 91 90.8 90.8 90.9 91.1 90.1 88.9 88.3 88.2 88.5 87.6 87.4 87.3 87.5 87.6 87.8 87.7 87.1 86.7 87.3 87.3 87.2 86.7 87 87.4 87.7 87.3 86.6 86.8 86.7 86.3 86 85.7 85.8 86.6 87.4
131 127.2 125.9 127.7 127.3 122 119.9 119.5 117.2 119 119.2 119.2 116.6 116.9 120.4 117.6 115.1 113.7 112.2 112.6 117.2 119.5 109.9 106.3 109.6 111.4 105.3 98.5 100.2 101.3 101 100.3 101.2 100.8 99.9 96.7 95 94.8 93.6 93.2 91.8 91.4 91.1 90.9 90.6 90.5 90.6 89.7 88.4 88.6 87.9 88.1 87.9 87.4 87.5 87.7 87.8 87.9 87.9 87.1 86.8 87 87.1 87.4 87.1 87 86.6 86.6 86.9 87.1 87.5 87.3 86.8 86.5 86.2 86 85.6 87.5
121.7 118.1 116.5 116.7 118.5 114.5 112.6 111.7 112.3 113.4 114.4 113.9 112.1 113.3 116 113.6 111.6 110.1 112.6 113.6 117.5 114.9 108.5 103.2 105 109.3 99 94.6 98 102 101.1 99 100.1 102.3 101.6 95.6 93 93.2 93.8 93.3 91.6 91.4 91.1 90.9 90.7 90.5 90.3 89.4 88.7 88.8 88.3 87.7 87.7 87.5 87.5 87.6 87.7 87.8 87.5 87.1 86.8 86.8 87.7 87.7 87.7 86.8 86.4 86.3 86.3 86.4 86.9 87.1 86.9 86.7 86.4 86 85.7 86.9
113.8 113 112.8 112.2 112.1 109.8 105.1 105.6 108.2 110.9 109.5 108.2 109.9 109.3 109.9 107.3 105.3 108 110.3 112.6 111.6 107.6 106.7 102.1 102.3 99.7 94 92.7 95.9 99.9 99.1 97.1 100.3 96.8 93.9 92.3 91.9 92.2 91.5 91.3 91.4 91 90.7 90.4 90.1 89.8 89.5 89.6 89.1 88.9 88.5 87.9 87.9 87.8 87.4 87.5 87.6 87.4 87.2 86.9 86.9 86.9 88.2 87.9 87.5 86.7 86.8 86.8 86.7 86.5 86.3 86.7 86.7 86.4 86.1 85.8 85.6 86.3
108 108.6 109.4 108.5 107.2 104.5 102.8 102.7 104.7 105.3 103.1 104.3 104.9 105.2 104 101.4 102.2 105.3 108.1 109.8 103.8 99.5 97.4 97.1 99.8 96.9 92.9 92.7 91.2 93.1 93.4 92.5 92.5 91.4 91 91.3 91.4 91.7 91.6 91.7 91.3 90.9 90.5 90 89.6 89.2 88.8 89.3 89.2 88.8 88.4 88 88 87.8 87.8 87.4 87.3 87.2 87.1 87.1 86.9 86.6 88.2 87.8 87.3 87.1 87.4 87.3 86.8 86.8 86.7 86.5 86.5 86.2 86 85.8 85.7 87
106 104.6 105.8 103.8 102.3 99.6 99.3 101.5 101.8 99.8 97.9 99 99 97.8 96.6 97 98.7 101 103.3 103.2 98.6 92.5 91.6 91.9 93.8 92.4 91 90.3 90.6 89.9 90 90.6 91.4 89.8 90.2 90.5 90.6 91.1 91.8 91.5 91.2 90.7 90.3 89.9 89.5 89.1 88.8 88.8 89.1 88.7 88.3 87.9 87.8 86.8 87 87.6 87.5 87.5 87.5 87.5 87.2 86.9 87.4 87.4 87.1 87.2 87.3 86.3 85.8 85.9 86 86.1 86.2 86.1 85.9 85.7 86.3 87.1
99.8 100 100.8 100.6 97.9 95.3 95.3 97.4 97.2 94.5 93.7 93.5 93.5 93.7 93.3 92.7 92.8 98.1 96.6 95.5 93.8 90.6 91.3 91.8 92.1 91.1 89.5 89.1 89.8 89.6 90.3 90.5 90.6 90.4 90.9 90.7 90.6 90.7 91.5 91.3 91 90.6 90.2 89.8 89.4 89.1 88.7 88.4 88.8 88.6 88.2 87.7 88 87 87.6 88 87.2 87.8 87.9 87.8 87.6 87 86.9 87.3 87 87.1 86.2 85.8 85.8 85.8 85.8 85.9 85.9 85.9 85.9 85.7 86.2 86.2
96.1 96.5 96.2 95.9 93.9 92.8 92.3 92.1 92.1 91.8 91.8 91.4 90.9 90.3 90.6 89.8 90.4 91.2 91.6 90.2 89.9 90.1 90.5 90.8 91 90.5 89.4 88.7 88.9 89.2 90.1 90.3 90.6 90.7 90.5 90.4 90.2 91 90.9 90.7 90.5 90.4 90.1 89.8 89.4 89.1 88.7 88.4 88.5 88.4 88.1 86.6 88.1 85.7 85.7 85.6 85.7 85.7 85.7 85.5 85.4 87.2 87.1 87.2 86.9 86.4 85.8 85.7 85.7 85.7 85.7 85.7 85.7 85.7 86 86 85.9 85.7
93.2 93 92.9 92.9 91.5 91.3 91.7 91.4 91 91.6 91.7 90.8 90.3 90.1 90.2 90.5 90.4 90 89.8 89.1 89.1 89.3 89.5 89.6 89.5 89.5 89.3 89.4 89.1 88.5 89.7 90 90 90.2 90.2 90 90.5 90.6 90.3 90 89.7 89.6 89.7 89.4 89.1 88.9 88.6 88.3 88.1 88.1 88 85.7 85.7 87.4 87.9 88 87.5 87.3 87.5 87.7 84.2 84.2 84.3 84.3 84.3 85.3 85.7 85.7 86.5 87.6 86.9 87.4 86.7 86.8 87 86.7 86.5 85.7
92.4 91.5 91.3 91.2 91.2 91.6 91.7 91.8 91.4 91.2 91.1 90.2 90.2 90.5 90.8 90.7 90.6 90.3 89.9 89.5 89.8 90 89.8 89.4 88.9 89 89.4 89.2 88.9 88.5 88.9 89.4 89.5 89.7 89.9 90 90.2 89.9 89.6 89.4 89.3 89.1 89 88.9 88.6 88.4 88.1 87.9 88.2 86.4 85.7 85.7 87.9 87.9 88 87.7 87.4 86.8 86.8 86.9 87.4 87.6 84.2 84.3 87.6 89 91.7 94.7 97.9 95 96.6 95.5 92.8 92 90.4 86 86.2 89.8
92.2 91.8 91.8 91.5 90.8 91.7 91.8 91.8 91.8 90.4 90.2 90.3 90.9 91.2 91.3 91.3 90.9 90.6 90.2 89.8 90.2 90.3 90.2 89.9 89.4 89.7 89.6 89.4 89.3 89.2 89.1 88.3 88.5 88.9 89.5 89.7 89.6 89.3 89.2 89.1 89 88.9 88.5 88.3 88.1 87.9 87.8 88 86.5 85.7 88.1 87.9 87.7 87.4 87.9 87.6 87.3 86.4 86.6 86.7 86.6 87.9 90.9 92.1 97.1 98.8 99.3 101.8 104.6 102.8 104.7 104.7 101.2 98.1 97.9 98.8 101.6 104.5
92.2 92.1 92.1 91.8 89.8 90.5 91.1 91.7 91.9 90.3 90.3 90.2 90.9 91.6 91.7 91.6 90.8 90.9 90.5 90.2 90.5 90 89.9 89.9 89.9 89.8 89.7 89.3 89.1 89 89.4 88.4 88.8 89.2 89.3 89.2 89.1 89 88.9 88.8 88.7 88.6 88.3 87.9 87.6 87.7 87.5 85.8 85.7 88.1 88 87.9 87.6 87.1 86.7 86.8 87.1 86.7 86.9 89.4 92.9 95.8 99.6 101 103.5 106.2 107.5 111.1 113 113.8 111.9 112.2 113 109 110.6 113.4 116.9 116.9
92.3 91.8 91.2 90.8 91 91.3 91.5 91.7 91.9 90.9 91.1 91 90.7 91.2 91.6 91.9 90.8 90.7 90.8 90.6 89.8 89.7 89.9 90.1 89.8 89.8 89.8 89.5 89 88.8 89.6 88.6 89 89.3 89.3 89.2 89.1 88.9 88.7 88.6 88.4 88.3 88.1 87.9 88.1 87 85.9 85.9 88.4 88 87.9 87.9 87.6 87.1 87.1 87.8 87 89.2 94.9 97.1 98.8 103.1 106.7 109.4 111 113 116.9 118.8 121.1 123.1 124.1 122.5 121.6 118.5 122.9 125.5 126.5 126.7
91.5 90.6 91.1 91.3 91.6 92.3 92.2 92 91.9 91.6 91.1 91.6 90.5 90.7 91.1 91.5 90.7 90.4 90.4 90.2 89.4 90 90.4 90 89.7 89.6 89.7 89.7 89.2 88.8 89.5 88.9 89.2 89.4 89.4 88.9 89.2 89 88.8 88.7 88.5 88 88.1 88.1 86.3 85.9 85.8 88.6 88.4 88 87.8 87.7 87.6 87.5 88.2 92.1 94.1 99.1 101.4 106.7 107.4 111.5 114 116.7 118.6 120.5 125.2 126.4 129.2 131 133.8 133.9 132.3 127.6 130.6 134.5 134 132.7
91.2 90.7 90.8 91 91.3 91.7 91.9 91.8 91.5 91.6 92 91.8 90.9 90.2 90.6 90.8 90.2 89.7 89.8 90.1 90.1 90.6 90.3 90 89.7 89.4 89.5 89.8 89.5 89 89 89.1 89.2 89.4 89.3 88.5 89.2 89.1 88.9 88.7 88.6 88.4 88.4 86.8 85.9 85.9 88.2 88.5 88.6 88.1 88.7 89 91.2 93.3 95.6 99.5 104.9 109.9 109.7 113.6 114.5 120.2 122.4 125.8 128.9 130 133.8 134.7 138.5 138.7 140.8 142.5 141.2 138.6 139.4 142.6 142.5 140.5
91.1 90.9 90.9 90.8 91 91.3 91.6 91.5 91 91.1 91.1 91.2 91.1 90.6 89.9 90.1 89.8 90 90.5 90.7 90.5 90.2 90 89.8 89.5 89.3 89.4 89.7 89.7 89.3 89.2 89.1 89.2 89.4 89.5 88.7 88.5 89.1 89 88.8 88.7 89.1 87 86.1 85.9 88.2 88.4 88.7 88.8 88.3 89.3 95.1 97.2 100.1 103.8 107.6 113.3 117.3 118.1 121.4 124.2 126.8 132.2 134.2 138.2 140.8 140.3 143.7 146.2 148.2 148.1 149.6 148 148.5 148.7 149.7 152.3 151.8
91.2 91.1 91.1 91 91 91 91.3 91 90.7 90.7 90.8 91 91.2 90.6 89.9 89.8 89.6 89.9 90 89.7 89.4 89.2 89.3 89.5 89.6 89.5 89.3 89.6 89.9 89.5 89.4 89.1 89.2 89.4 89.4 89.3 88.6 88.5 89 88.8 88.4 86.8 86.2 86.6 89.3 89.6 89.3 90.3 93.4 95.6 96 99.5 104.6 108.3 111.2 115.8 119.9 124 125.7 129.1 133 135.3 140.2 142.9 146 148.9 150.2 151 154 156.8 157.4 158.7 158.7 158.5 157.4 158.3 160.6 160.8
91.5 91.3 91.3 91.2 91.2 91.1 91 91.9 90.3 90.4 90.6 90.7 90.5 90.1 90.5 90.9 90.3 89.6 89.5 89.5 89.5 89.5 89.4 89.9 90.1 89.5 89.4 89.6 89.8 89.8 88.9 89.1 89.2 89.4 89.4 89.2 89.3 88.6 89 88.4 86.6 85.9 89.8 91.7 94.4 96 96.1 97.3 100.3 103.1 103.4 107.8 110.4 113.5 119.1 123.4 127.1 130 134.9 138.7 143.2 144.1 149.6 150.9 153 154.5 157 158.4 162 165.7 168 168.2 169.2 169 167 165.9 166.9 167
