Game/Highland_Data/StreamingAssets/GeoData/Data/nn/NN87.asc
ncols 200
nrows 200
xllcorner 280000
yllcorner 770000
cellsize 50
[rows 70 to 104 of 200, columns 78 to 155 of 200]
663.6 689.1 716.4 744.3 772.8 800.4 809.9 815.2 819.1 821.1 822.7 826 831.8 837.8 844.8 853.1 857.9 861.1 860.5 858.7 854.9 849.3 842.5 833 820.6 811.3 804.7 796.4 791 785.6 781.8 776.9 774.3 771.5 765.5 768.7 770.2 774.1 778.2 782.8 789.1 792.7 798.6 800.4 797.3 791.9 784.6 776.9 770.1 767.3 763.9 761.9 759.3 757 755.7 752 749 743.9 735.9 732.4 728.6 722.7 716.7 704.8 679.5 648.4 615.6 626.4 636.5 643.3 651.3 677.1 700.2 723.3 743.9 759.9 771.4 794.3
669 696.3 724.6 752.9 782.2 804 811.6 815 816.3 817 817.6 819.4 822.8 828.6 835.6 842.4 848.9 852 852.8 851.7 848.9 844.1 837 826.3 816.9 807.5 799.7 793.4 788.6 783.5 778.9 775.1 772.3 770.5 769.8 772.6 775.9 780.3 785.7 792.5 799.2 805.9 812.7 813.5 807.4 798.8 790.5 781.1 775.3 769.3 767.5 764.8 762.8 760.1 758.2 752.6 748.9 744.1 738.3 734.3 730 723.3 717.5 702.5 679.3 646.4 613.9 619.7 629.8 634.6 643.9 667.8 693.9 720.4 741.6 756.2 773 792.6
678.4 705.3 733.6 762.4 792 805.6 811.2 812.3 811.9 810.9 809.7 811.6 814.2 819.7 825.2 832.8 839.2 844.3 845.2 844.2 841.7 836.3 828.8 821.6 814.2 805.1 797.2 792.1 786.3 782.4 778.3 776.3 773.9 769.4 773.9 776.8 781.5 787.9 795.7 806.3 815.5 824.1 827.5 824.1 816.1 807 794.8 786.7 780 774.6 770.8 767.5 764.3 762.4 761 753.7 748.5 744.9 739.4 737.4 732.6 725.5 719.2 702.7 680.1 646.2 610.3 610 618.8 630 639 664.4 689.8 716.5 740.4 758.3 776.3 795.8
688.2 715.2 743.7 773.7 794.6 804.3 808.1 808.1 805.9 803.9 801.4 801.1 804.9 810.9 816.9 824.3 829.7 834.2 835.5 834.8 832.1 828.8 823.9 818.1 810.9 802.1 796 789.3 785.3 782.5 779.1 776.9 774.1 773.5 777 782.6 788.9 796.1 807.4 820.5 831.8 837.6 838 832.9 824.5 812.7 802.3 792.7 786.5 781 776.9 772.3 769.2 765.6 762.5 757.4 752.5 746 742.6 738.9 735.3 727.8 720.3 702 676.3 640.4 608.1 597.3 608.4 619.2 634.9 660.6 690.6 719.5 740.4 764.7 779.3 797.6
700.4 726.3 754.3 780.9 794.7 802 804.3 802.2 799.2 795.2 791.1 791.3 794 799.7 807.3 812.2 818.5 824.1 825.4 826.5 825.4 823.3 819.8 814.6 807.8 799.8 794.2 788.4 786 782.4 779.6 777.4 773.9 777 783.1 788.2 796.6 805.4 817.9 831.8 840.7 846.4 846.2 840.8 831.3 820.8 811.1 800.4 793 789 782.4 776.9 773 767.9 764.4 759.8 755.3 747.8 744.8 742 738.8 730.7 717.7 699.2 677.4 629.8 600.5 589 599.5 611 630.3 656.2 686.9 718.9 744.6 766.2 782.1 800.2
715.5 741.5 766.9 782.9 793.7 799.8 800 796.6 792 786 781.4 778.6 784 789.3 798 804.3 809.6 812.7 816.6 819 820.1 819 815.1 811.1 805.5 797.8 792 789.2 786 782.8 780.7 778.3 776.4 780.8 787.3 794.7 802.8 812.5 824.8 837.1 847.3 851.8 850.8 846.9 840.2 829.4 818.6 808.5 800.4 794.9 788.2 782.7 775.9 770.3 765.5 760.4 754.7 755.5 752.8 747.2 739.6 729.8 713.1 683.2 638.6 614.2 591.2 584.1 593.3 604.9 624.1 655.6 686.1 717.4 744.3 768.4 785.8 803.9
724 748.5 769.8 783.1 792.2 796.5 795 790.4 782.9 775 771.9 768.5 773.2 779.1 786.7 795.9 801.4 805.7 810.6 813.9 815.6 814.8 813.2 810.6 805.6 797.9 793.1 790 787 784.2 781 779.2 780.1 784.9 791.2 798.5 807.5 818.6 829.6 841.3 849.7 855.3 856.3 854.3 848.1 837.4 825.1 816.8 809.2 801.4 794.7 786.1 779.2 772.7 768.7 763.5 761.3 761.5 759.3 753.4 742.9 727.8 689.4 657.3 626.9 601.3 583.2 578.9 585.2 601 623 652.6 683.8 716.9 747.6 774 792.5 810.7
725.2 746.3 765.5 778.6 787.3 789.9 787.1 782.4 775 767.1 764.7 758.3 765.1 771.7 778.1 786.9 794 799.1 803.4 808.2 811.6 812.9 812.4 809 804.4 799.4 794.7 790.8 787.5 784.3 782.5 780.6 783 787.8 795.2 802 811.6 823.5 834.2 843.6 851.4 857 860.4 858.3 852.9 844.4 831.5 821.6 813.9 807.4 798.5 789.7 782.5 777 774.2 771.9 769.3 767.9 766.6 756.2 735 702.3 671.8 639.6 611.7 589.8 576.6 574.2 583 601.4 622.4 651 683.5 718.2 754.2 780.2 800.8 821.5
721.8 740.2 760.2 772.6 780.4 782.7 780.7 775.9 768.1 760 755.3 749.7 754.8 762.8 770 780.1 785.1 793.5 799.4 804.1 809.5 811.2 811.1 808.7 804.3 800.4 795.2 791.8 788.5 786.2 783.8 783.6 787.5 792.3 798.1 804.3 813.3 825.3 835.7 844.1 851.2 858.3 861.7 860.6 856.4 849.2 837.7 827.3 818.6 811.7 802.8 793 786.5 783.3 780 777.5 775 774.2 770.1 754.7 718.2 688.3 660 626.1 602.3 584.1 569.2 569.8 580.7 596.8 620.7 649.5 683.7 723.2 757.6 782.4 807.6 826.7
716 732.6 752.8 766.3 772.4 774.4 771.4 767.1 759.4 754.7 750 740.2 746.2 752.5 761.7 766.6 780.9 789.5 795.6 803.5 809.3 811.2 810.9 808.7 805.1 801.2 797.1 793.5 789.7 788 783.5 785.6 789.2 793.6 799.8 805.9 813.7 823.8 835.5 843.3 850.3 856.5 861.2 862.9 859.2 852 842.3 831 821.6 812.6 804.5 796.9 791.8 787.7 785.5 784.3 783.4 782.7 772.1 743.2 707.7 684.4 646.9 615.2 587.1 575.8 563.8 565.3 573.2 597 620.4 651.8 685.5 721.2 753.6 781.7 808.6 834.4
708.9 727.8 744.5 757.1 762.5 762.4 760.7 758.1 752.5 747.3 743.6 735.9 737.4 743.4 752.8 766.5 776.4 783.9 795 802.6 808.5 810.3 810.1 808.8 806.6 803.8 800.6 797.4 792.3 789.5 784.4 784.4 791.1 795.9 800.1 806.3 812.9 820.9 832 842 848 854.8 860.1 862.7 859.9 852.8 843.7 833.1 824.3 813.7 808 802.5 796.2 790.9 788.4 788.7 787.2 784.8 764.5 739.2 697 663.6 634.2 602.5 576.8 568.6 561.4 561.2 571.1 594.5 621.3 651.5 685.3 719.4 752 781.2 810.3 839.8
702.4 722 737 743.2 749.4 751.8 751.7 748.9 745 740.2 736.1 729.6 727.5 735.9 744.6 758.4 774.7 783.9 794.8 802.4 807.5 810.2 810.3 809.2 807 804.6 801.3 798.3 794.8 791.3 786.3 784.1 792.3 795.5 800.6 805.2 810.8 818.5 826.2 837.2 845 851.5 857.9 859.2 859.3 853.1 845.1 835.4 827.1 816.3 811.4 806.2 799.3 795.8 791.8 792.3 789.5 771.2 751.2 713.2 679.1 651.9 622.9 594.7 571.5 563.2 558.3 558.2 567.4 596.2 622.8 654.5 686.5 720.5 756.7 786.7 815.3 845.3
696.2 712.2 724.9 736.8 739.1 741.5 740.9 738.6 735.3 731.6 727.7 719.2 713.8 727.6 742.1 757.6 773.6 784.6 794.5 801.7 806.7 810.1 811 809.3 807.2 804.3 801.4 799.2 796.1 792 788.4 782.5 791.8 796.4 799.4 803.3 809 816.2 822.8 832.2 841.9 848.6 854.7 857.8 857.2 853 846 837.4 826.4 821.1 815.4 809.9 804.9 801 799.3 797.5 785.7 761.6 729.3 693.4 663.6 634.2 607.6 581.9 561.8 559.5 555.1 558.2 571.6 595.9 625.7 656.6 689 725.2 759.6 790.5 822.8 852.2
686.2 698.1 715 726.4 730.5 729.6 727.3 725.3 723.7 721.3 716.9 705.7 707.6 722.8 738.2 758.8 772.8 782.5 791.9 800.5 806 808.1 808.7 806.8 805.7 803.2 801.3 799.3 796.9 793.4 788.2 773.3 790.1 793.8 797.9 801.1 806.9 812.7 820 828.8 837.9 845.4 851.6 855.6 856.3 853.5 845.8 840.3 830.9 827.2 821.7 815.7 810.7 808.9 806.2 795.1 777.3 742.6 712 681.6 648.2 621.6 595.7 573.9 556.8 553.5 552.2 556.4 572.8 596.7 624.8 659.4 691.6 725.4 760.6 795.3 829.3 856
676.1 686.8 698.7 708.5 712.7 713.9 713.9 714 712.5 710.6 705.8 691.1 704.2 719.6 736.3 756.2 770.7 781.3 791.5 798.5 803.8 804.9 804.8 804.2 803.2 802.5 800.7 799.9 796.8 792.6 785.7 775.5 785.1 791.1 795.2 799.2 804.3 810.7 817.5 826.1 834.1 842 848.5 853.6 855 853.8 851.2 846.2 839.5 835 830.6 825.7 821 818.7 803.8 784.3 763 719.5 696.1 665.6 635.5 609.2 585.7 568 555.3 548.4 550.2 555.4 571.1 596.7 628.3 662.7 694.6 727.1 762.6 798.1 831.8 858.5
661.4 672.8 682.8 688.1 694.2 697.7 699.3 700.4 701.1 700.2 693.8 680.3 698.7 715.9 734 752.6 766.8 777.6 785.3 793.5 799.9 800.3 801.7 801.9 801.4 800.6 799.7 798.1 793.3 787.1 779.2 764.5 777.8 785.7 790.7 794.8 801.1 807.9 815.1 822.8 830.8 839 846.2 852.4 856.5 856.6 855.2 852.6 848.5 845.9 841.7 838.8 831.5 825.4 802.9 772.4 742.6 705.2 677.2 654.5 626.6 600.9 578.4 560.3 549.9 544.6 548.8 552.5 572.7 598.9 629.4 666.5 699.6 732.1 768.5 803.3 833.1 858.8
642.5 656.3 664.6 670.6 675.9 681.3 682.4 686.2 690.5 691.4 683.6 677.5 694.5 713.3 728 745.6 760.2 772.7 781.9 788.4 793.9 797.1 800.7 801.8 799.9 796.1 794.6 792.1 785.9 779 769.9 753.2 761.1 776.1 783.6 791 797.7 805.1 811.9 818.7 827.3 835.4 843.4 851.6 856.9 860.1 861.1 858.9 856 853.1 850.2 847.8 843.7 830.4 792.6 760 729.6 690.4 666.3 643.2 617.6 592.8 570.5 550.9 545.2 545 547.8 552.8 572.2 600.4 631.5 668.3 703.6 737.3 773.2 807 837.5 859.1
629.5 636.5 644.6 652.2 660.7 666.2 668.8 674.2 678.6 680.2 668.2 672.3 691.4 708.3 725.4 741 756.9 769.8 777.8 782.5 789.9 793.4 796.6 796.4 793.9 789.9 785.9 781.6 775.7 766.2 750.2 734.1 736.1 758 774.3 785.8 794.4 801.2 807.4 815.2 823.8 832.5 841.4 849.5 857.7 862.6 864.8 865.3 864 862.1 860.1 858.4 854.2 833.7 784.3 749.4 722.1 686.1 663.5 639.3 614.1 587.8 564.4 549 542 539.7 544.9 553.9 571.7 599 632.4 670.5 706.3 742.9 777.8 811.1 841 859.7
618.4 624.2 632.9 639.2 645.3 650.9 658.5 663.9 667 665 656.1 670.8 688.2 704.9 723.1 740.5 753.1 766.9 773.9 781.5 785.7 787.5 788.1 787.5 784.9 779.4 774.2 767 753.4 735.2 723 711.8 705.7 743.1 767.8 780.3 788.8 796 803.6 812.3 820.6 829.3 839.3 848.2 856.7 863.6 868.6 870.7 870.6 869.4 869.1 867.4 861.5 827.6 779.2 744.6 717.8 683.6 662.2 640 613 588.4 563 545.3 540 537.2 539.9 550.4 569.4 597.1 630.7 668.9 707.9 744.6 778.7 812.4 842 858.1
611.1 615.2 622.2 630.1 635.1 639.6 646.5 653.1 656.5 653.5 646.8 668.2 684.8 701.6 720 737.8 750.1 763.1 770.3 776.6 776.2 777.1 777.4 776.6 773.9 765.5 755.6 735.5 720.6 706.8 694.6 685.1 701.6 735.7 756.7 774.6 786.2 793.6 800.7 810.1 817.8 825.3 837 846.4 855 863 869.5 873.4 875.3 875.7 876 874.5 853.4 813 776.9 743.5 713.9 685.9 663 640.4 614 586.6 559.3 542.5 535.8 534.7 538.1 544.8 568.6 596.7 628.6 665.6 705.9 746.4 780.7 811 837.9 856.7
601.6 605.8 611.9 619 625.8 632.6 638.2 642.3 644.1 644.4 644.6 663.9 680.9 699.4 717.5 734.1 746.9 758.9 764.2 767.9 764.6 764.4 762.9 761.5 758.1 742.3 725.1 706 690.4 680.2 670.5 672.3 693.6 715.2 732.9 766.1 780.8 790.8 799.1 806 814.8 823.2 832.7 843.3 853.2 861.2 868 873.9 877.5 879.8 880.7 877.8 846.1 807.7 772.1 743.2 711.2 687.5 666.6 639.6 611.1 585 558.3 540.1 533.7 531.7 535.3 546.1 566.5 592.6 625.6 662.1 708.9 750.5 784 812.4 833.7 856.6
591.9 598.7 604.8 610.1 618 624.1 629.6 634 636.2 632.8 644.5 661.4 678.5 697.8 713.8 729.5 742.7 752.6 755.7 755.5 752.6 748.4 745.8 740.2 732.2 717.1 699.4 683.6 670.7 655.9 659.6 689.2 717.4 741.4 757.7 757.5 776.2 788.6 797.8 805 814 821.5 830.1 840.2 850.6 858.9 865.9 871.9 877.5 881.6 884 863 827.5 796.4 766.4 737.1 706.4 686.7 666.2 640.6 610.8 583.5 567.2 540.3 531.1 530.6 532.1 543.7 562.7 589.7 620.3 655.8 702.9 750.9 775.9 802.3 831.6 857.9
584.6 590.7 598.1 605.4 611 616.1 619.8 624.4 624.9 623.1 643.7 661.9 678.6 694.6 707.7 721 733.6 741.1 743.1 740.7 737.5 730.4 724.9 718.4 711 694.9 679 665.3 652.4 654.5 678.3 703.2 729.7 752.2 765.7 771.9 770.6 789.5 796.6 804.8 812.4 820.7 828.2 837.8 847.9 855.9 862.8 869.3 876.1 882.1 884.2 849.1 810 781.8 756.7 726 707.6 686.5 666.5 642.9 615.4 585.6 567.8 541.4 529.4 527.6 531.3 542.9 563.2 588.2 615.2 647 685 721.1 748.9 784.2 823.3 855.7
579.5 585.4 593.1 599.4 604.9 608 611 615.9 616.3 629.6 645 662.7 676.6 688.4 701.2 711.3 720.9 727.3 730.3 728.7 722.2 711.1 702.5 697.8 687.7 675.7 659.3 647.5 639.9 663.5 690.6 717.7 740.6 761.7 773.3 781.7 786.7 789.3 798.1 805.5 811.4 819.2 827.7 836.6 845.5 852.6 859.5 866.6 873.7 880.5 878.8 838.7 797.9 764.4 742.5 723.1 705.4 684.7 666.9 644.8 620.3 590 569.6 542.9 526.5 525.5 525.9 539.5 559.1 584.5 609.4 639.6 679.7 710.8 744.2 780.9 820.7 854.2
574.5 582.3 587.5 592.4 598.1 601 603.8 605.8 618.2 630.9 647.5 659.7 671.7 681.9 691.3 699.8 707.6 714.2 716.4 712 703 692.7 681.3 677.1 666.2 653.5 642.3 632.2 649.2 675.2 702.6 729.2 754.8 771.5 781.3 788 792.6 794.9 797.8 805.7 811.4 817.6 827.5 835.4 843 849.7 856.4 863.4 871.3 878.2 869.8 821.4 782.5 751.7 728.9 715.6 701.7 687.4 669.5 645.6 618.7 587.5 564.2 544.3 526.9 522.7 524.3 535.9 558 579.9 604.1 636 675.2 714.1 751.7 788.6 824.9 856
570.1 575.9 582.3 587.4 590.7 589.2 600.1 608.4 618.6 630.7 643.3 653.4 664 672.6 680.9 690.7 696 699.6 699 693.9 684 674.4 659.6 651.5 643.4 630.2 628.5 646.9 668.8 691.1 717.4 743.3 767.7 779 787.1 793.5 798.5 801.1 802.4 805.7 812 818.6 826.9 833.9 840.2 846.7 853.9 860.7 869 875.2 858 815.6 775.9 750.4 730.4 717.2 704 689.1 671.1 650.4 624.5 593.4 563.5 538.8 526.3 522.1 521 533.6 552.2 577.2 600.1 632.6 668.9 705.9 744.2 784.9 820.5 854.6
564 569.9 575.1 579 583.9 594 602.6 610.4 618.2 627.7 638 643.6 651.1 660.5 669.5 677.1 682.2 684.4 682.5 674.4 667 653.6 640.2 627.3 618.5 629.5 649.8 668.7 689.4 710.4 733 758.4 775.2 784.4 792.9 798.9 804.2 807.2 808.6 809.5 813.6 819.6 826.3 833.6 840.2 844.9 851.9 859.3 867.1 873.4 856.4 814.4 779.3 754.5 738.6 725.8 711 695.8 677.8 654.7 626.7 595.9 563.5 537.3 524.3 520.6 518 528.2 546.9 571.4 596.6 628.6 661.2 696.8 732.5 770 803.2 833.6
558.6 563.5 564.2 577.9 586.6 594.3 601.5 608.8 616.9 623.5 629.1 633.8 642.1 648.6 655.4 663.4 669.5 670.6 665.2 659.8 647.3 633.7 621.1 608.2 628.1 651.9 673.7 693 711.5 730.7 750.3 769.6 780.6 790.6 797.8 804.4 808.5 811.4 814.2 814.2 815.8 820.7 827.1 833 839.6 845 850.9 859 866.7 872 867.8 826.3 795.5 772.2 754.6 740.2 723.4 705.8 683.9 659.8 628.2 597.5 563.8 535.5 521 517.8 515.8 525.7 549.2 567.8 592.1 621.7 654.7 689.7 720.4 751.8 784.1 818.7
550.2 562.2 570.2 577.1 585.8 592.4 599.5 605.6 611.8 614.8 617.7 625.1 631.7 638.8 644 648.9 655.6 655.6 651.5 642.9 626.4 611.6 602 624.4 648.8 673.3 696.9 714.8 732.5 749.5 765.4 777.9 787 795.4 802.8 808.6 812.9 816 818.6 819.9 820.9 822.2 827.9 832.2 839.6 845.6 852.8 859.6 867.3 872.8 875.8 848.8 818.5 796.4 778 763.4 742.9 716.9 692.1 661.8 630.5 596.8 564.5 533.5 518.7 515.2 513.9 522.5 541.6 564.8 590.8 617.4 647.6 681.5 711.4 745.2 780.9 816.3
556.1 564.4 571.3 576.1 582.6 589.4 593.8 598.3 603.9 606.1 609.1 614.7 621 626.6 632.2 636.6 637.1 636.7 634.1 622.8 604.7 596.9 621.2 643.1 665.5 689.6 711.9 732.3 750.1 763.3 774.2 784.2 792.4 800.8 808 813.2 817.2 820.2 821.9 824.2 823.9 827 830.9 835.9 841.5 846.9 854.2 861 869.6 875.7 881.4 875.3 844.9 821.2 809.9 788.3 759.4 727.2 695.6 660.8 627.3 597 566 538.1 516.7 511.9 514.8 526.6 542.2 564.6 588.7 614.1 642.4 676.1 710.6 745.1 779.6 815.6
556.5 563.3 569.3 573.4 578.4 582.6 586.9 591.8 595.5 598.4 601.7 606.2 611.4 615.7 619.6 622.5 621 618.2 612.7 601.2 590.1 613.3 637 659.7 681.1 703 725.4 743.9 756.1 767.1 777.3 787.5 797.6 806 812.8 817.3 821.4 824.1 825.9 827.7 829 830.8 833.9 837.7 842.3 849.4 857.2 863.9 872.8 879.3 885.8 887.8 870.7 856.8 840.1 806.4 768 729.1 692.7 658.3 625.9 594.4 563.9 535.7 515.4 509.8 512.3 523 543.1 562.9 586 612.4 642.7 673.8 707.5 745.5 780.6 816.6
556 562.5 567.4 570.5 574.1 577.7 580.8 586.1 589.9 592.4 595 598.3 603.8 606.8 608.7 611.2 609.1 604 590.9 583.1 604.8 627.6 649.3 671.2 692.3 714.3 733 746.3 757.7 768.9 779.7 791.3 801.5 809.8 816.4 821.4 825.7 829.3 831.6 832.4 833.6 835.5 837.1 840.8 845.4 851 859.1 868.2 875.7 882.4 889.6 894.5 895.2 885.4 848.8 803 766.5 730.2 690.1 655.6 624.6 594.8 566.4 537.2 515.5 507.6 508 516.3 537.2 559.6 582.6 610.6 641.3 675.6 713.4 750.8 785.7 819.1
555.8 559.6 563.6 566.9 570.4 572.8 575.2 579.1 581.8 584.9 588.5 591.8 596.3 598.6 599.8 599.6 592.4 581.7 578.2 600.7 618.7 638.8 657.1 678.1 698 716.7 731.6 744 755.7 768.5 781.8 794.1 803.8 812.6 819.7 825.7 830.2 834.1 835.8 837 838.2 839.5 842 844.8 849.7 856.3 864.4 872.2 879 886.7 893.4 897.9 897.8 877 846.8 807.9 770.9 722.4 683.2 651.6 620 590.5 562.6 538 513 505.6 505.9 514.4 536.1 557.2 581 607.9 641.4 676.1 713.2 750.6 785.7 820.1
554.2 557.3 559.9 563 566 568.2 570.1 572.6 575.3 578 581.5 584.6 587.7 588.8 588.4 581.6 570.3 573.8 595.6 614 632.2 646.3 661.6 680 698 713.8 727.8 740 754.3 769.1 782.9 795.3 805.9 815.5 822.6 829 833.6 837.4 839.3 840.6 842.2 843.6 846.1 849.3 854.8 861.7 868.9 876.2 882.9 889.2 894.6 897.2 894 862.3 829.5 789.4 753.3 714.5 679.7 647.2 618 588.6 558.1 538.7 512.8 504.4 503.2 513.9 535.5 555 578.5 606.4 639.1 673.9 711.9 748 783.4 819.4
552.8 555.3 556.6 558 561 563.6 565.4 567.7 568.5 571.8 575.4 576.8 577.3 574.1 563.8 561.6 573.6 590.9 607.5 620.7 635.8 647 660.3 678.3 694.8 709.5 723.3 736.1 752.5 769.1 783.6 796.1 807.6 817.3 825.7 831.9 837 840.3 842.8 844.2 845.7 846.9 848.6 853.2 858.6 865.6 872.3 879.3 885.2 890.5 893.8 893.2 888 853.5 813.5 776.3 740.4 706 675.1 645.6 616.8 588.9 562.7 540.9 519.4 505.8 501.9 510.8 531.1 552.3 576 603.2 635.7 669.7 704.4 740.7 776.2 813.7
