Game/Highland_Data/StreamingAssets/GeoData/Data/nn/NN90.asc
ncols 200
nrows 200
xllcorner 290000
yllcorner 700000
cellsize 50
[rows 70 to 104 of 200, columns 78 to 155 of 200]
258 245.3 233.6 226.2 230.1 222.9 227 238.9 262.1 286.6 315.3 344 368.9 388.7 399.5 406.9 412.1 415.9 418 417.3 418.1 421.9 426.8 431.3 433.6 435.6 434.6 432.6 428.8 421.4 414.4 406.5 399.9 392.2 381.4 372.5 360.6 349.1 337.6 327.8 317.1 320.7 323.6 320.1 316.9 312 308.3 307.1 310.3 317.5 327.5 329.9 338.3 358.6 377.9 394.1 407.9 419.7 429.1 433.7 432.3 432 429.6 425.5 419.9 415.1 402.3 376.8 356.3 336.1 324.9 315.2 334.1 355.5 379 402.3 423.9 436.4
268.4 252.9 245.8 237.3 237.6 229.3 245.3 233.9 259.9 279.2 302.6 328.8 357 377.5 392.1 400.5 405.3 410.1 411.6 411.8 413.3 417.1 422.8 427.4 432.6 434.7 434 431.7 427.9 421.1 412.4 404.2 397.2 389.7 379.8 370.6 360 344.4 336.4 335.4 331.4 324.8 312.8 310.5 308.3 303.3 297.7 300.1 303.7 308.7 314.9 324.5 345.9 365.5 383.6 399.1 414 426.4 431.5 427.3 424.1 427 426.9 419.3 415.5 411.6 394.9 369.8 349.5 330.6 319.1 311 331.4 353.6 378.1 400 422.3 433.3
283.2 267.8 255.6 251.7 248.4 246.8 246.5 242.4 258.5 272.6 292.2 316.8 342.5 364.3 384.9 394.5 399.5 403.9 406.5 407.5 410.2 413.4 419.4 425.5 430.9 433.7 432.6 430.8 426.4 420.5 411.7 402.8 393.7 385.5 375.7 368.6 362.1 354.7 351 346.4 341.4 337.2 334.4 332.6 329.7 324.2 315.7 305.6 293.4 295.7 314.4 328.5 348.8 369.5 388.8 406.9 419.2 423.9 421.6 420.2 416.4 415.9 415.2 413.9 410.7 405.1 390.5 366.9 341.2 324.8 312.9 312.1 329.2 347.3 372.1 391.6 414.1 430.3
304 282.3 265.6 264.1 253.8 252 255.8 262.9 251.8 266 282.9 305.3 331 352.1 372.9 387.1 394.3 399.8 400.4 403.1 406.5 410 414.7 424.1 429.2 430 429.9 427.9 423.6 419.7 410.7 403.9 396.4 388.1 380.3 373.5 367.4 365.9 364.1 359 353.5 351.7 350.3 347.6 342.3 333.1 322.3 310.4 303.5 292.3 306.7 328.4 349.5 372.2 389.6 406.3 415.4 418.8 414.5 413.6 410.4 407.4 407.9 408.9 407.7 404.3 387.4 362.8 336.7 318.2 303.9 310.9 328.6 351.7 378.8 402.9 417.8 434.4
311.7 297.2 281 272.5 265.7 257.4 256.6 260.1 254.9 265.4 273.6 297.5 318.3 343.4 367 381.9 390.5 395.5 396 399.3 402.8 405.6 410.6 420.4 426.7 428.3 426.6 424.5 421.7 416.9 412 406.2 399.5 392.5 384.9 378.2 375.1 374.6 374.3 372.6 370.6 368.2 365.7 359.8 345.9 332.3 318.8 306.8 300.4 285.8 312 332 353.9 374.5 392.1 405.5 412 413.8 410.2 405.7 402.7 399.3 400 403.2 404 400.9 380.5 357 335.7 313.8 297.3 311.8 331.5 355.8 380.3 402.3 422.6 437.5
326.8 317.2 306.3 289.9 276.4 267.6 262.2 259.1 260.8 267.1 268.1 284.5 308.6 332 357.3 376 386.3 390.5 389.4 393.7 397.3 401.6 409.2 419.7 425.8 426.7 426 424.5 420.8 416.7 412.2 407 402.8 397.2 391.4 387.1 384.9 385.3 386 385.7 380.6 374.8 365 349.1 335.8 322.8 311.6 301.3 286.4 298 315.8 336.3 355.5 373.9 391.1 401.6 404.1 406.6 402.8 396.8 394.2 389.1 392.2 397.6 400.2 395.8 373.6 350.6 327 306.8 294.8 314.7 338.5 363.3 384.7 407.3 427.9 439.1
334 327.1 321.5 306.7 288.7 276.3 269.6 267 264.2 262.1 270.3 278.2 299.2 320.4 344.9 365.8 379.1 383.4 381.1 386.8 390.2 400.3 410.4 421.3 427.6 426.4 425.2 421.9 418.2 415.1 411.7 408 404.6 399.6 396.6 394.6 393.9 393.3 393.8 392.3 382.1 370.8 355.8 336.4 322.7 311.5 303.1 287.9 280.6 301.6 319.1 335.6 354.1 371.4 388 396.2 395.4 392.9 393.9 390.3 382.4 377.8 384.6 394.1 399.4 394.3 368.1 343 320.3 300.1 290.8 313 336.4 360.9 387.7 411.9 430.5 432.6
345.2 332.7 325.2 316.6 301.4 288 285.1 274 268.7 267 269.5 273.7 288.7 309.3 333.2 358.5 370.5 374.6 370 377.1 387.8 399 411.4 421.8 427.4 428.2 424.2 420.4 415.8 412.5 408.9 408 405 402.3 400.1 398.5 396.8 397.7 395.4 390 375.6 360.5 343 325.8 310.7 302.2 293.5 277.3 291.1 305.1 321.2 337.1 355.2 372.6 387.5 396.6 397.3 392.7 384.6 379.7 371.4 368.6 378.8 389.9 399.2 390.2 362.3 335.8 313 295 293.5 314.2 336 361.2 392.3 410.1 421.7 423.1
361.8 350.2 333.8 322.7 313.2 299 285.7 279.5 273.4 268.6 269.3 270.5 283.5 299.4 319.3 343.8 358.1 361.7 358.8 375 389.1 399.6 412.1 422.3 426.9 426.1 420.4 418 414 408.8 405.5 405.3 404 402.3 401.4 400.6 398.9 394.8 387.6 377.4 362.5 345.8 331.2 314.6 302.8 293.2 275.3 280.2 298.5 314.6 332.3 349.3 365.6 380.1 392.3 393.6 391.7 382.1 367.7 361.2 357.4 364.5 378.4 389.8 397.7 382.2 357.9 337 311.3 284.6 295.4 316.4 338.5 360.2 377.6 395.5 406.4 410
375.9 366.1 353.8 342.9 333 313.2 296.9 287.7 280.4 271.3 269.6 270.5 274.1 289.7 309.7 330.9 341.8 345.8 367.3 381.6 392.5 401.2 414.1 421.3 423.6 421.9 417.5 412.6 408.1 403.2 400.4 400.9 401 400.8 400.7 400.6 398.8 392.6 378.7 362.1 346.9 332.6 319.4 305.8 294.3 277.8 271.3 292.9 311 327.7 345.7 359.3 374 386.1 391.6 388.9 383.2 366.7 349.9 345.4 350.2 365.2 380.4 394.4 394.6 376.9 356 335.1 312.3 286.4 290.2 312 332.4 352.9 370.1 387.2 397.4 398.4
387.3 376.3 362.6 354.2 342.9 320.7 313.2 303.3 292.5 279.2 269.9 271.2 273.5 280.4 297.1 318.9 339.4 355.2 370.5 383.3 394.6 401.6 413.3 418.6 420.1 416.2 407.7 403.3 399.7 396.7 395.5 395 397.7 398 397.6 397.3 391.9 381.1 368.4 347.7 329.4 319.4 308.2 295.9 283.1 268 285.2 304.3 324.4 341.9 356.5 369.3 380.5 387.4 387.3 380.9 370.1 354.6 340.8 333.1 348.2 364.3 379.7 389 386.6 371.3 353.9 330.6 307.4 282.7 286.4 309.2 329.5 346.2 362.4 377.3 385.5 382.8
397 381.8 375.9 368.1 356.9 339.4 330.4 314.1 297.1 282.8 272.3 270.4 273.5 276.8 289.7 313.1 333.5 354 368.8 383.3 394.4 402 410.8 414.2 413 402.6 397.3 394.9 390.9 388.3 388.1 388.9 391.4 392.7 390.3 384.3 377.1 366.5 349.4 334.1 318.9 305.5 295.6 286.3 271.6 265.6 292.6 313.6 333.9 354 369.3 381.8 384.7 383 378.7 373.6 360.2 342.5 331.9 326.5 345.6 362 376.6 388.5 381.9 363.1 347.8 327.6 306 281.4 284.1 306.5 325.4 339.2 356.6 364.8 369.2 366.2
404.3 390.3 381.9 373.4 365.8 358.1 337.3 324.8 304.1 284.4 272.6 269.7 272.2 274 285.5 306.6 331.8 355.1 371.7 384.3 393.4 400.4 405.2 402.1 398.7 392.6 387.7 385.4 382.7 379.1 377.6 375.7 370.8 365.5 364.3 362.4 365.6 356.9 342.8 325.7 308.9 296.8 286.8 272.2 261.5 279.9 301.3 326.7 352.6 363.6 376 386.5 385.4 379.1 373.5 358.6 347.1 334.2 318.6 323.1 338.9 355.9 373.1 385.1 377.4 356 340.1 323.1 304.6 280.6 280.6 302.3 320.8 333.9 345.2 352 351.2 347.3
403.5 394.8 383.4 380.3 373.5 364.5 354.6 328.8 306.6 289.4 274.4 268.5 269.4 270.5 284.2 303.3 330.1 356.4 374.1 386 394.5 394.5 392.5 390.8 387.3 383.9 379.9 374.5 371.7 369.7 369.5 371.7 379.3 384.3 390.2 384.6 369.7 354.8 338.6 318.1 301 287.1 280.4 258.7 266.1 286.9 309.9 338.1 358 369.8 380.5 381.4 374.4 370.3 360.6 349.9 335.9 319.1 304.1 314.3 332.3 346.9 363.8 380.1 375.1 351.3 331.3 315.5 300 277.7 272.4 295.4 312.3 324 334 340.5 337.9 332.3
402.9 395.7 393.4 389 382.8 372.9 362.8 333.3 310.8 292.7 276.5 269 267.4 270.7 286.7 305.1 331.6 356.8 375.3 384.7 390.3 391.4 389.2 382.3 378 375.6 369.9 364.6 362.2 363.1 373.8 384.8 393.4 399.8 395 387.2 367.7 351.8 333.8 313 296.7 283.4 267.8 256.2 273.8 295.1 319.6 346.8 361.9 365.5 364.9 362.2 360.3 356 349.3 339.5 327.9 315.1 295.6 303.9 322.2 338 356.4 375 376.3 350.7 329.4 313.7 297 279 266.3 286 297.6 313.2 321.1 326.5 324.2 319.5
405.6 400.7 398.2 395.9 392.8 383.8 368.3 340 317.1 294.9 278.8 269.5 266.7 268.5 287.6 307.3 331.2 352.1 369.5 378 380.8 382.5 381.5 378.6 373.3 364.9 359.7 355 350.7 362.8 376.7 389.4 399.1 401.8 387.9 379.6 363.1 346 328.5 306.4 290.1 277.3 257.4 264.7 285.5 307.2 326.3 343.7 352 351.4 349.2 347.8 343.1 340.8 333 324.6 315.9 304.7 292.7 294.3 317.1 332.1 353 373 378.2 356.1 333.5 318 298.5 281.9 261.3 272.3 281.6 294.4 304.5 311.1 309.3 305.3
410.4 407.4 404.5 403 399.8 389.7 372.9 344.4 321.3 299.5 281.1 270.3 266.7 269.4 286.8 308.3 330.5 349.2 365.8 371.3 373.7 375.8 371.2 368.8 362.2 354.8 349.2 337.1 349.6 360.9 376.7 391.1 397.8 396.3 384.1 371.7 354.8 338.5 319.5 299 282 268.6 253.2 275.4 300.3 318.7 330.2 329.4 322.2 317.8 322.8 325.6 322.2 316.5 312.7 307.7 301.5 290.5 285 288.7 310.8 324.7 351.2 370.8 370.6 356.9 338.9 320.6 302.1 283.9 261.8 256.7 265.8 277.3 288.9 294.2 292.7 290.7
414.8 415.7 412.5 407.8 401.3 390.7 374.2 349.8 322.7 300.7 286 269.5 266.5 265.9 280.6 301.4 320.1 337.3 354.5 360.6 365.4 366.8 364.4 356.9 347.8 344 334.6 321.5 346.3 361.3 375.3 388.6 391.8 384.5 372.7 357.7 341.6 326.1 307.6 291.6 276.5 259.9 256.5 284.7 308.3 312.8 306.3 302.1 298.2 297.3 298.2 301.4 298.6 295 293.6 288.6 284.1 278.9 276.7 280.2 301.3 320.7 345.5 357.4 357.5 350.8 338.4 317.5 307.4 290.5 272.6 257 253.9 266.2 274.6 277.6 278.2 277.9
419.5 418.6 414.9 409.1 400.9 391 374.3 352.9 325.7 302 282.4 271.8 266.1 264.6 273.4 294.5 312.4 326.3 336.3 346.1 352.6 354.4 353.2 343.2 334.3 320.8 316.3 320.2 344.1 360.8 376 387.4 387.1 381 363.7 346.2 328.9 312.2 298.5 284.8 273.3 255.5 263 289.3 304 294.1 287.1 282.3 280.7 278.1 276.3 277.3 278.8 277.7 279 273.4 269.3 268.2 263.3 275.6 295.6 315.5 332.9 338.8 334.5 328.3 319 309.2 302.6 292.3 278.8 264.3 246.2 251.3 260.2 263.1 265.7 267.2
420.8 418.5 413.9 409.2 399.5 391.5 373.2 354.2 330 306.2 283.8 271.1 266 264.1 268.7 281.6 297.3 310.1 319.8 331.4 335.9 339.7 339 325 317.5 311 299.1 323.3 346.3 365.2 380.5 389.5 386.1 373.5 356.9 338.5 319.7 303.4 290.4 277.8 268.5 250.7 264.3 282.1 279.8 275.5 271.5 265 261 257.3 257.9 256.7 257.6 260 261 258.6 255.6 255.1 261.7 272.1 284.1 301 313 316.1 314.4 307.1 302.3 296.3 290.4 284.3 275.6 264.6 254.7 241.8 249.7 251.2 254 258.4
415.5 413.4 411.3 405.9 398.9 388 371.9 355.5 334.2 312.5 287.3 270.5 265.9 263.5 262.1 271.2 282.6 291.9 302.9 313.9 321 323.3 317.7 308.9 302.6 296.5 296.6 330.9 352.3 368.9 380.7 384.4 374.3 367.3 353.3 332.4 313.3 297.1 284.2 272.6 264.5 248.3 251.2 259.7 258.5 255.1 252.2 249.9 244.4 241.1 241.1 243.9 244.1 245.5 244.9 241.2 242.4 245.1 250.4 261.9 271.5 282.2 289.3 295.1 297.1 295.4 288.2 282.6 276.9 270.8 263.9 261.5 254.2 245.1 242 242.1 244.9 248.7
418.1 413.5 410.4 405.1 394.4 381 369.2 353.5 338 319.5 295.7 275.8 267 265.4 260.5 262.4 267.3 278 283.3 290.6 297.8 307.4 302.5 297.9 292 280.9 310.2 334.9 349.7 361.8 367.6 368.9 365.6 355.2 336.7 319.6 304.8 290.3 278.3 268 261.4 257.5 243.5 244.8 244.6 244.1 240.2 238.7 237.2 236.3 235.5 235.9 235.4 234.7 231.1 231.1 233.2 234.5 237 242.8 252.3 262.4 267.4 276.5 280 278.5 272.8 268.7 262.5 258 254.4 250.7 246.3 239 234.3 234.9 236.5 240.1
413.3 406 400.5 394.1 382 375.3 365.6 352.6 338.5 323 305.5 289.4 270.5 265.1 260.2 261.4 261.8 265.4 269.3 275.4 282.7 284.7 288 287.5 278.9 282.8 311 322.3 332 339.4 342.3 337.8 330.8 321.9 313.3 302.8 292.5 278.4 271.2 264.4 258.3 257.1 254.4 237.9 240.7 240.6 238.9 237.8 236.9 233.9 233.9 233.9 233.2 232.2 231.6 231.3 230.8 231.3 230.7 230.6 232.1 236.5 248.4 257.9 263.6 261.2 258.7 254.3 251.4 247.5 246.2 241.3 234.6 231.9 226.8 230.5 228.8 230.5
405.7 400.2 395.1 385 378.7 372.6 363.3 350.4 337.2 322.4 303.6 295.5 281.1 270.3 261 257.1 256.6 255.8 259.2 263.8 266.1 267.6 269.9 268.1 263.6 285.7 295 302.4 307.5 307.5 307.9 302.5 296.3 291.7 288.5 284.2 277.9 269.3 262.4 259 255.5 248.9 242.5 236.8 237.3 238.5 237 234.2 233.3 233.1 233 231.3 231.5 230.2 229.5 230.7 228.9 229.2 229.4 228.3 227.8 227 225.8 233.9 244.9 247 245.3 241.1 236.4 232.8 230.6 230.2 227 225.9 223.8 226.2 224.6 222.9
398.1 393.8 386.5 378.4 370.7 365.4 355 342.5 331.5 330.6 322.1 309.8 298 287.2 271.7 261.4 255 253.9 252.8 253.6 258.4 260.6 259.8 260 261.2 269.1 275.6 278.1 279.1 278.2 276.9 275.5 273.3 269.7 268.2 265.8 262.3 259.4 255.8 248.1 239.3 237.3 236.9 236.6 236.3 234.1 233.6 236.1 236.4 237.3 239.8 239.8 239.9 237.1 234.4 231.7 231.1 228.9 228.4 227.9 228.3 227.9 227 225.5 225.6 231.5 231.2 230.1 229.2 228.7 227.3 224.4 223.1 222.6 222.2 220.2 219.9 218.6
392 382.4 371.9 365.6 360.3 354.1 357.5 356.2 352.1 345.6 337.5 330.4 318.7 306.6 288.8 276 265.3 258.6 253.2 253.1 251.7 252 253.1 254.7 255.7 254.4 256.5 257.5 256.3 256.6 255.9 256 254.9 254.9 256.7 255.7 253.3 243.6 239.5 239.1 238.6 238.1 237.6 241 244.4 247.5 249.5 251.9 256.4 259.3 261.9 263.2 261.9 258 255.2 252.2 250 248.1 242.6 233.6 227 227.9 227.8 227.2 225.7 224.4 225.7 225.1 225.2 224.8 224.2 223.8 222.2 221.9 221.5 221.3 221.1 220.4
391.4 384.2 381 384 383.1 382 377.9 373.7 368.8 358.7 348.4 342.5 333.9 322.6 306.5 291.8 278.9 266 259.7 255.6 253.2 250.5 251.4 251.4 252 250.9 249.9 247.2 246.5 245.9 245.9 244.4 241.7 241.3 241.3 240.2 238.9 238.5 239.4 238.7 238.1 242.1 253.6 259.5 265.8 267.2 269.3 272.3 276.8 275.5 275.8 274.3 273 268.2 262.8 256.7 252.3 249.6 248.1 245.4 241.4 232.8 228.7 228.1 227.5 226.7 225.9 224.6 225.2 221.7 221.4 224.3 233.7 242.4 238.3 231.9 221.5 220.7
407.8 404.7 398.9 395.4 394.8 394 388.4 380 373.6 367.1 353.7 345.7 338.2 329.8 316.6 304.5 291 278.3 263.8 259.1 263.4 258.5 250 249.3 248.7 247.9 247.5 245.6 246.1 246.2 243.3 241.6 240.3 240 241.5 240.8 240.2 239.5 241.4 245.9 254.5 264.5 276.4 283.7 287.8 286.4 286.1 286.8 287.9 287.8 282.7 277.6 271.5 267.6 261.5 254.6 251.1 248.6 249.7 248.4 242.4 231.5 230.1 228.6 229 227.8 228.9 229.7 235.7 241.6 246.5 257.2 261.3 262.1 258.7 249.1 236.4 222.7
410.6 409.6 404.7 402.5 399.6 395.8 391.6 387 379.4 370.1 360.5 350.1 340 329.7 320.3 309.5 297.1 283.4 272.2 260.6 259.7 262.1 259 258.6 251.6 256.2 254.3 249.4 245 241.4 244.6 244.2 244.5 248.2 248 249.6 247.4 249.7 256.6 265.2 276.4 287.4 297.7 305.8 307.9 305.2 302.1 296 293.5 290 284.4 274.3 268.1 262.7 255.2 253 250.5 245.1 246.6 242.4 232.9 232.1 239.6 240.5 243.5 244.8 247.3 248.9 256.6 262.2 273 279.9 280.3 277.1 269.5 260.4 251.4 238.1
410.7 410.2 409.4 408.1 406.3 402.5 399 391.1 381.6 373.8 363.4 354.3 337.7 328 320.4 309.9 296.1 283.9 274 261.6 258 257.8 258.1 250.9 247.1 246.1 245.7 248.5 251.4 250.6 252.7 253.3 253.4 255.8 254.1 254.7 258.3 266.4 276.1 285.1 297.1 307.9 321 327.5 327.3 321.6 313.2 301.7 297.2 290 275.3 263.2 255.1 251 247.2 242.9 238.4 235.2 234.7 233.4 234.4 246.9 247.3 248.9 251.5 253.1 258.2 267.3 275.1 283.6 290.7 294.6 291.5 288.1 281.2 270.5 259.3 247.3
409.8 407 405.8 404.5 404.6 404.4 405 396 390.1 376.6 364.7 350.2 330.2 320.6 312 302.4 289.4 279.7 272.6 264.1 259.4 249.2 248.6 250.1 253.2 256 260 260.9 259.4 259 259.2 259.7 260.2 261.8 263.2 262.8 272.2 282.5 292.6 306.1 319.3 331.5 341 345.4 338.1 325.5 313 302.2 295.8 281.8 266.9 254.5 248.9 243.9 239.4 240.4 241.4 244.3 245.4 245.2 251.4 252.7 254.6 257.9 258.7 264.6 271.5 280.8 286.3 290.1 293.3 293.5 291.3 286.1 281 271 261.4 252.2
407.3 405.4 405.3 404.3 403.1 401.8 402.2 398.5 382.6 370.8 359.2 340.1 323.5 311 301 291.1 278.1 274.1 268.7 262.3 249.7 250.7 256.6 262.8 274.8 278.4 278.3 280.1 278.7 277.8 276.5 276.4 275.7 276.2 275.6 271.7 284.1 296.4 309.6 324.3 339.3 351.8 359.4 353.1 340.1 324.5 310.7 299.8 290.4 275.3 258.8 250.9 244.4 241.3 241.5 250.4 260.1 262.6 259.8 259.2 257.5 256.9 260.7 262.5 266.6 273.4 279.2 282.8 288.8 291.3 290.6 286.9 283.9 277.8 270.4 264.1 253.5 240.9
400.3 402.1 402.9 402.1 399 396.3 390.6 382.6 372.8 362.6 349.8 326.6 310.2 296.5 288 281.7 274.7 268.8 257.6 252.1 253 259.7 272.3 291.6 303.9 306.3 305.9 304.2 303.2 300.7 298.5 296.4 294.5 292.3 289.7 284.3 294 308.2 324 341.8 357.2 368.8 371.7 353.4 336 320.2 305.8 294.2 281 266.8 256.7 249.8 244.4 244.5 255.3 268.7 270.6 272.1 271 268.7 265.8 263.2 265.9 270.8 274.9 279.6 281.6 283.4 287.8 287.6 283 278.1 272.5 268.4 260.8 253.7 255.8 246.4
392.7 396.6 398.9 392.5 388 384.3 378.9 372.2 360.3 348.5 333.3 313 295.5 282.9 276.2 274.6 269.9 265.7 253.1 252 260.9 278.5 296.4 315.6 327.9 333.9 332.8 328.2 325.3 322.6 320.5 317.1 310.9 305 299.7 296.3 303.6 319 338.1 357.6 374 381.9 375.9 352.6 333.3 316.9 302.4 289.6 276 263.4 257.7 246.8 247.3 258.2 274 278.1 280.9 283.2 281.7 278.4 274.7 269.9 272.3 278.9 281.5 282 282.8 282.4 282.7 279.7 275.4 271.1 264.9 259.5 259.4 263.3 257.1 253.6
377.6 381.4 382.4 379.2 376.8 371.1 364.4 357.6 346.7 330 313.9 297.5 286.2 276.4 271 268.6 258.6 253.7 252.5 262.9 279.3 300.4 320.8 338.9 351.5 358.3 358 350.9 346 343.3 340.4 333.9 323.3 314.3 306.2 304.3 315 331.5 350.6 368.7 384.8 389.3 376 350.8 332.9 317.4 303.3 289.3 274.4 263.9 258.1 247.5 251.3 270 280.8 288 293 295.5 293.1 289.1 284.6 277.2 278.7 283.4 284.3 284.7 284.6 284 279.7 275.2 271.3 265.6 269 268.4 268.1 268.1 268.4 262.8
