Game/Highland_Data/StreamingAssets/GeoData/Data/nn/NN95.asc
ncols 200
nrows 200
xllcorner 290000
yllcorner 750000
cellsize 50
[rows 140 to 174 of 200, columns 79 to 157 of 200]
61.4 61.5 61.8 63.1 62.6 62.2 62.4 64.9 73.6 72.3 77.2 81.5 83.5 87.9 88.7 93.5 98.9 99.5 101.6 106.4 110.8 114.8 119.5 119.9 121.7 123.8 127.5 127.9 131.2 137.2 143.1 148.3 153.9 157.7 160.8 162.3 164.2 168.4 172.4 175.8 179 184.4 190.1 193.9 199.8 207.8 213.8 212.4 209.7 203.9 200.5 199.9 195.9 180.8 168.3 155 149 145.4 138.3 129 114.4 101.3 89.8 75.2 64.7 63.2 63.2 63.3 62.2 61 63.6 68.9 72.7 82.8 86.4 93.4 97.1 104.6 111.1
61.7 61.9 61.3 61.5 62.4 61.8 61 61.4 61.8 63.4 70.8 72.8 74.4 77.2 82.3 86.4 91.2 91.8 95.5 98.3 101.6 107.1 108.8 108.8 112.8 116 119.2 122.4 126.1 129.4 134.5 138.5 142.3 142.7 146.1 149.7 153.2 158.3 163.6 169 173.6 178.1 180.4 184.5 189.9 194.6 200.7 202.4 202.5 201 198.8 199.4 190.2 170.6 161 150.2 146.5 141.5 135.2 126.8 112.9 101.4 91.9 79.8 65.5 63 63.4 60.8 62.7 60.9 62.8 70.4 72.8 83.1 86.7 93.9 94 100.3 108.1
60.4 61.3 61.5 61.6 61.1 60.7 60.8 61 60.4 61.1 63.7 65.3 65 68.3 75.1 79.3 82.1 86.6 90 91.4 94.2 97.9 98 100.9 104.5 110 115.1 119.1 120.4 123.6 125.6 128.8 134.4 135.6 132.1 137.3 142.5 150 156 161.5 166.1 170 172.2 174.4 176.6 181.6 185 191.7 196.6 203.4 196.9 192.3 186 171.7 163 152.2 146 140.1 130.8 123.9 112.7 101.2 93.5 85.3 66.8 63.8 63.2 62.5 62.5 60.8 60.8 70.9 71.5 79.8 85.2 87.1 93 99.6 110.1
59.7 60.4 60.1 60.5 60.9 60.6 61.2 61.8 61 60.7 61.9 62.4 63.2 63.9 66.1 69.6 73.4 78.1 82 84.1 86.6 89.3 92.2 94.9 98.1 105.4 112.6 114.6 116.1 117.8 118.1 118.6 119.2 120.2 117.6 123.5 130.1 140.4 146.8 153.3 156.7 159 163.5 165.1 161.8 165.8 170.5 176.8 184.2 188.5 190 187.9 182.7 175.6 170.7 160.6 147.2 136.2 133.7 121.5 112.9 101.7 94.4 93.6 72 63.5 62.9 62.2 62.3 60.6 64.5 68.6 71.6 78.9 82.9 86.2 91.3 95.3 103.2
59.6 60.4 59.9 59.9 59.9 59.8 59.8 61 60.6 60.7 61.7 61.8 62.4 62.2 62.5 63.2 64.6 67.3 74.6 76.6 78.9 82.4 85.1 88.2 92.7 99.3 106 110.7 112.1 110.2 108.6 106 104.6 104.2 106.9 110.3 115.6 125.2 133.5 140.3 144.7 148.8 150.5 148.2 143.2 143.6 152.1 163.4 168.9 174.5 179.3 181.9 179.3 178.3 174.8 161.2 145.1 131.6 128.5 130.2 117.3 102.7 94.4 93.9 81.3 63.6 62.7 61.9 60.5 60.6 63.8 66 67.8 76.5 83.7 84.7 88.5 93.3 97.6
59.6 60.3 59.7 59.4 59.3 59.7 58.9 59.9 60.6 61.5 61.3 61.4 62.2 62.1 62 61.7 61.5 62.6 67.9 68.8 71.3 73.8 79.4 83.2 87.6 92.2 97.6 103.2 104.8 99.6 91.1 88.4 89.7 94 98.1 100.9 101.6 105.3 117.8 125.2 127.7 130.8 129.7 126.8 127 127.2 135.1 144.9 155.3 162.7 165.1 168.1 171 172.3 169.2 161.3 148.6 140.7 133.4 127.7 125.8 111.5 96.5 93.9 92.7 76.1 63.9 60.5 60.5 60.5 63.6 64 67 71 81.1 82.9 86.4 91.5 94.7
59.5 59.5 59.7 59.2 58.8 58.9 59.7 59.7 60.8 61.7 61.3 60.9 62.1 62.3 62 61.7 60.6 60.7 61.8 63.9 65.3 68.2 73.6 79.4 83.8 88.3 90.5 90.7 89 82 78 77.6 81.7 86.7 90 92 91.8 96.6 103.2 106.6 107.7 110 111.3 109.6 110.4 111.8 123 126.3 137.7 145.3 148.2 151.2 155.4 161 166.6 164.9 161.2 153.8 143.8 127.3 128.8 113.9 100.5 93.7 93.7 87.8 70.1 60.4 61 60.4 63 63.2 64.5 70.5 74.9 75.8 81.6 86.4 95.1
59.7 59.6 59.5 59.3 59.7 59.8 59.7 59.9 61.1 61.4 61.1 60.7 61.4 62.1 61.6 61.3 60.7 60.7 61 62 62.6 64.2 67.2 70.5 76.2 81.8 85.8 85.6 80.2 73.4 72 73.1 77.5 81.5 85.3 88.2 89.5 90.6 93.1 92.6 92.7 90.5 92.5 95 96.9 100.8 109.1 110.2 122.3 129.6 132.6 133.3 137.4 144.8 150.5 152.3 155.2 157 147 129.5 119.6 110.4 100.4 93.5 93.1 92.2 75.5 61 61.1 61.7 62.4 62.2 63 68.8 68 73.4 77.8 83.3 88.9
59.8 59.9 59.4 59.4 59.6 59.9 59.4 59.7 60.1 61.1 60.6 60.6 60.5 60.9 60.7 60.3 60.6 60.8 60.6 61.4 61 61.1 61.7 62 62.4 68.9 73.2 74.5 69.8 65.8 67.1 69.9 74.9 79.1 83.2 86.4 87.9 87 83.9 81.6 80.3 77.3 80.2 86.9 89 91.4 94.9 99.9 107.4 112.2 114.2 115.7 123 132.1 133 140.5 146.5 147.2 139.1 132.3 123.5 116 107.5 96.4 92.7 91.2 87.8 63.6 61.3 61.7 63.1 62.2 63.1 64.3 68.3 66.5 74 79.6 85.8
60.2 60.1 59.6 59.7 59.1 59.1 59.9 59.9 60.1 60.1 60.5 57.3 57.3 59.9 57.4 57.4 57.4 59.7 60.4 60.7 60.6 60.4 60.2 59.9 59.9 59.9 61 63.8 63.1 62.1 64.1 69.5 75.1 76.7 79.7 80.1 80.6 79.2 74 72.3 73.5 67.6 73.8 77.8 79.3 81.2 84.3 90.1 99.7 101.1 103.4 102.1 107.9 117.2 122.1 126.1 134.3 137.5 134.5 127.4 125.4 123.5 116.5 101.3 94.5 92.4 93.3 79 60.1 61.8 60.2 62.3 62.9 62.9 67.8 66.9 68.1 76.4 79.2
60.9 60.8 60.1 59.7 59.4 60.1 60.4 61.2 60.9 60.1 59.5 58.5 57.5 59.2 57.4 57.4 57.4 57.4 57.4 57.4 57.4 59.4 59.5 59.3 59.5 58.6 59.5 60.6 60.8 61.1 63 66.3 70.5 73.4 74.3 74.6 75.3 72.9 69.8 68.2 67.7 65.2 68.9 69.5 70.6 72.8 74.4 83.8 88.2 91.2 91.6 92.7 94.8 102.2 107.3 113.6 120.4 128.6 131.6 126.1 120.2 118.7 106.3 97.8 94.4 92.8 92.3 88.9 72 59.9 59.9 62.4 63 62.8 64.9 65.7 65.5 67.6 70.7
61.4 60.7 61.1 60.9 60.3 60 57.7 57.7 57.7 57.7 57.7 59.5 59.4 57.4 60.3 60.4 60.8 60.2 60 59.5 57.4 57.4 57.4 57.4 57.3 57.3 57.3 57.3 59.3 60.5 61.5 62.7 66.1 68.4 68 66.2 64.3 64 63.7 63 62.4 62.4 63.7 64.3 65.3 65.3 67.4 76.8 76 78.9 77.7 82.4 85.4 88.2 94.8 98.7 101.3 110.4 118.8 122.2 117.9 115.9 105.1 97.9 92.5 91.1 90.9 88.9 88.8 62 59.8 62.2 63 62.6 62.2 64.8 64.6 65.7 67.5
57.9 57.8 57.8 57.7 57.7 57.7 57.7 57.7 61.8 61.8 61.5 61.2 61.3 61.4 61.5 61.5 61.7 61.7 60.7 60.5 61.5 61.5 60.7 60.4 61 60.8 60.7 57.3 57.3 57.3 60.2 61.4 61.8 61.3 60.6 60.5 61.2 61.9 62.1 62 61.9 61.6 60.8 61.2 61.3 61.3 61.1 63.2 67.8 66.4 67.4 74.9 76.9 77.2 79.5 82.6 88.1 96.2 101.5 109.6 109.8 108.1 103.2 97.4 91.7 90.2 90.8 92.2 92.1 71.5 59.7 59.6 62.2 61.9 62.2 63.8 63.4 63.3 67.9
61.4 61.4 60.6 60.7 60.9 61.5 62.2 62.6 62.8 62.6 62.7 62.7 62.5 62.9 63.1 61.3 61.3 61.4 61.2 61.1 61 60.9 60.8 60.5 60.7 60.6 60.3 61 61 57.3 57.3 60.5 61 60.8 60.4 60 60 60.4 60.5 60.6 60.3 60.1 60 60.4 60.1 59.7 59.8 59.7 59.4 59.6 59.6 64.2 69.5 68.9 71.7 79.7 88.2 90 92 92.5 94.7 95.3 92.9 90.9 90.6 91 91.7 92 91.8 83.4 59.7 59.6 61.5 61.9 62.2 62.7 63.6 63.2 66.2
65.3 63.1 62.3 62 62.8 63.1 63.3 63.2 63.5 63.9 63.8 63.8 64.1 64.7 65.8 62.9 62.4 61.9 61.2 61.2 61 61 60.9 60.7 60.5 60.4 60.2 60.3 60.4 60.1 57.3 57.3 61.2 60.7 60.8 60.5 60.2 60.1 60.2 60.3 60 59.8 59.6 59.5 59.6 59.7 59.7 59.4 59 59.2 59.4 59.7 59.6 60.6 74.8 89.1 89.2 89.8 90.5 90.4 90.7 90.5 89.7 90.5 90.5 90.9 91.4 91.6 91.3 89.3 64 59.4 60.4 61.8 62.2 62 62.9 63.2 67.7
72.2 66.8 64.4 63.6 65.1 65.4 65.1 64.3 64.8 65.2 65.3 65.8 66 66.1 66.4 64.6 63.8 63.1 62.3 61.6 61.6 61.6 61.3 61 60.7 60.6 60.4 60.1 60 60 60.6 57.3 57.3 61 61 60.6 60.5 60.4 60.5 60.4 60.1 59.8 59.6 59.7 59.8 59.9 59.3 57.8 57.8 58.3 59.7 58 58 58 65.2 71.5 77.1 83.9 89.9 89.7 89.8 89 89.4 90 89.9 90.7 90.8 90.5 88 84 63.4 59.3 59.2 61.8 62.4 62.1 61.6 63.6 63.5
73.9 69 66.1 65.2 67.3 68.2 68.2 66.5 66.6 66.9 67 67 67.2 67.1 66.6 67.1 64.9 64.2 63.3 62.3 62.3 62.3 61.7 61.3 61 60.7 60.5 60.2 60.1 59.8 59.9 60.1 57.3 57.3 57.3 57.3 60.8 60.6 60.7 60.6 60.3 59.9 59.7 59.8 60 59.8 57.7 57.8 59.7 59.2 59.4 59.6 59.4 58 58 67.2 88.1 89.6 89.3 88.7 88.4 89.1 87.6 84.7 84.3 83.4 83.2 83 82.6 78.8 62.5 63.3 59.1 61.7 62.2 62.2 62.2 70.8 66.2
74.5 69.6 66.7 65.9 66.5 67.5 68.2 68.2 68.2 69 69.4 69.2 68.9 69 68 66.7 65.8 65.3 64.3 63.3 63 63 63 62.1 61.5 61.1 61 61 60.4 60.4 60.3 60.4 60.8 60.7 60.5 57.3 57.3 60.7 60.9 60.7 60.4 60.1 60.2 60.3 59.9 57.7 57.7 59.5 59.3 59.3 59.7 59.9 60.7 58 58 61.7 73.1 88.8 89.1 87.2 86.2 83 82.5 82.7 83 82.7 82.5 82.4 72.4 62.9 62.3 62.6 59 60.2 61.6 65.2 69 67.3 63.9
77.9 72.6 69.1 67.5 68.8 68.4 68.6 69.2 69.8 70.6 71.3 71 70.5 70.2 68.8 68 67 66.3 65.4 64.4 63.7 63.8 63.8 63.3 62.4 61.8 61.8 61.6 61 60.6 60.2 60 60.3 59.7 60.6 57.3 57.3 57.3 61 60.9 60.6 60.6 60.3 60.3 59.6 57.6 59.5 59.7 59.8 59.9 59.9 60.3 60.4 60.4 58 58 63.3 76 87.6 86 81.6 81.6 81.9 82 82.4 82.6 82.6 72.1 61.8 62.2 62 62.5 61.4 58.8 66.9 61.9 61.9 66.4 68.5
85.4 79.6 72.4 69.8 71 72.6 70.7 71.1 71.6 72.1 73 72.9 72.5 69.1 70.1 69.3 68.2 67.4 66.5 65.3 64.6 64.4 64.5 64.5 63.8 62.5 61.9 61.4 61.7 61.2 60.3 60 59.9 59.3 60.2 60.3 57.3 57.3 60 60.9 60.5 60.1 60 60.1 57.6 57.6 59.8 59.7 59.8 59.9 60 60 60.1 60.1 58.5 58 61.6 65.4 82.5 81.2 81.5 81.1 81.5 81.6 76.7 82.2 73.3 63.7 61.5 62 65 62.1 60.8 58.7 61 61.6 61.3 61.6 61
94.1 86.6 81.9 77.1 74.5 77.6 77.2 73.5 73.7 74.6 75.4 75.3 74.3 72.8 71.7 70.8 69.3 68.5 67.5 66.2 65.1 65.7 65.1 65.3 64.4 62.5 62.1 61.6 61.6 61.8 60.9 59.8 59.8 59.8 59.4 59.6 57.3 57.3 57.3 60.8 60.4 60.5 60.3 60.1 57.6 59.7 60 60.2 60.2 60.2 60.3 60 59.9 59.6 59.7 58 58.1 60.5 65.4 74.2 78.8 78.7 69.5 68.6 65.9 71.2 63 63.8 61.4 61.7 61.6 62.4 61.7 58.7 58.7 60.9 61.1 61.2 60.8
97.6 93.1 88.7 85.6 83.5 82.8 82.3 79.6 77.8 77.3 77.6 77 76.5 74.9 73.5 71.9 70.5 69.3 67.9 69.2 67.1 66 65.1 65 64.5 62.8 62.3 62 62 62 61.7 60.5 59.8 59.9 59.7 59.2 59.8 57.3 57.3 57.4 58.2 59.9 60.1 57.5 60 60.3 60.8 61 60.7 60.8 61.3 61.1 60.8 59.8 59.8 59.7 58 59.3 61 65.1 69 67.4 65.5 63.4 63.4 60.9 60.7 60.7 61 61.3 61.7 62.2 61.4 60.9 58.6 60.9 60.9 60.9 60.8
102.4 98.8 96.3 92.9 90.4 89.3 88.6 87.5 86.3 80 79.4 78.5 77.7 75.8 73.9 72.5 71.5 69.4 68.8 67.4 67.3 66 66.3 64.7 64 63 62.6 62.3 62.3 61.9 61.4 60.8 60.5 60.5 60.3 59.3 59.3 60.1 57.4 57.4 57.4 59.2 57.4 57.5 59.6 60.6 61.6 61.9 62.3 62.4 62.5 62.3 61.8 60.8 59.9 59.8 59.4 58 60.5 61.3 61.6 63.8 60.9 60.3 60.9 60.8 60.3 60.6 61 61.3 61.4 61.7 61 60.7 58.3 58.3 61.3 61 60.3
111.4 106.8 103.8 99.3 96.7 94.8 92.7 92.1 90.7 84 82.3 80.2 78.3 75.7 72.5 72.6 71.1 70.6 69.1 67.6 66.4 65.7 65.3 64.6 63.4 63 64 62.6 62.3 61.8 61 60.6 61.1 61.1 60.8 60.1 59.5 59 59 59.4 57.4 57.4 57.4 60.1 60.6 61.2 62.7 63.1 63.9 64.1 64.2 63.9 63 61.8 60.6 60.2 60.1 58 58 61.3 61.1 60.8 60.1 60.4 60.5 60.5 60.1 60.7 60.9 60.9 61.2 61.3 60.5 60.5 60.7 58.3 61.1 60.6 60
122.2 116.2 111.3 107.2 103.6 101.8 97.6 97.9 95.5 89.4 82.8 80.1 76 76 74.6 72.3 71.1 70.2 69.3 67.6 66.5 65.5 64.9 64.4 63.2 62.8 62.5 62.4 62.5 61.2 60.8 60.8 61.2 61.3 61.4 61.1 60.9 61 57.6 58.9 58.1 58.4 59.8 60.4 61.5 62.6 64.1 65 65.4 65.7 66.5 65.3 64 62.8 61.5 61.6 60.6 60.1 58 58.1 60.6 60.8 60.4 60.2 60.1 60 60.4 60.9 60.6 60.6 60.8 60.5 60.3 60.7 61.3 58.3 59.5 61.3 60.4
130.9 123.9 120.4 115.6 111.2 108.2 107.5 103.7 98.1 89.9 82 81.4 90.4 83.7 77.8 76.5 73.2 72.9 71.1 69 69.5 68.2 66.2 66 63.4 63 62.3 62.3 62 61.6 62 61.5 61.4 61.3 63.3 62.6 61.9 62.1 62.3 62 61.6 61 63.6 64 62.9 63 64.3 67 67.9 68.6 68.7 67.1 65.2 63.7 62.7 62.2 62.1 62.2 58 58 60.3 60.6 60.2 60.5 60.3 60 60.1 60.5 60.2 60.4 60.4 60.8 60.4 60.9 61.5 58.3 58.3 60.4 60.1
140.2 133.4 128.5 122.1 118.9 116.6 112.6 108.3 96.1 87.8 83.4 91.3 95 89.3 87.3 85.4 85 81.7 79.3 79.1 79.6 78.5 75.1 74.8 69.9 67.2 67 65.3 64.4 63.4 63.1 62.6 62 62.4 62.1 61.7 62.2 63.2 64.2 63.8 64.3 61.6 60.3 61.2 62.9 63.4 69.6 74.3 71.9 71.6 70.8 68.9 66.9 64.4 63.8 64.7 65.3 65.1 62.8 58 58 61 61.2 60.8 60.5 60.1 59.8 59.9 59.9 60.4 60.7 61.3 60.5 61 61.1 58.7 58.3 60.6 60.3
151 141.8 136.5 130.6 126.5 121.4 117 105.9 93.4 86.3 90.6 102.7 99.2 96.5 95.4 95.2 97.8 95 88.6 90.1 89 85.7 84.2 84.6 81.7 79.8 80 75 72.2 70.5 68 64.5 63.2 62.7 63.1 64 64.5 66.4 67 66 66.8 65.8 62.5 61.6 65.6 69.2 75.5 79.5 80.8 73.8 74.3 72.8 70.2 66.2 65.6 67.8 69.8 68.6 65.3 62.2 58 58 60.6 60.3 60.4 60.1 59.8 59.8 59.8 59.8 60.3 60.4 60.3 60.5 61 59.4 58.2 60.6 60.3
159.1 151.9 145 138 130.2 126.2 118.2 97.4 91.3 104.4 112.5 108.9 106.9 105.3 105.2 104.7 106.1 104.1 103.2 102.9 101.4 97.9 94.9 93.5 91.8 90.8 90.3 85.9 84.9 84.3 80.1 75 73.1 72 72.5 74.8 74.3 73.5 75 72.6 71.3 70.5 70.6 69.9 72.6 78.4 82.6 85.8 87 77.1 83 86.8 84.8 79.5 72.6 72 73.6 72 68.7 65.2 58 58 58 60.6 60.7 60.6 60.2 60 59.9 59.8 60 60.5 59.9 60.4 60.7 60.3 58.2 60.5 60.3
166.7 159.7 150.6 139.6 133.3 123.6 110.1 96 105.8 119.2 116.4 116.2 117 115.5 114.6 114.7 114.3 114.6 116.6 115.8 114.1 111.5 108.4 106.1 104.3 100.3 98 97.7 98.2 96.9 95.7 91 88.1 84.4 84.1 85.8 87 86.5 84.2 82.8 83.4 82.4 80.8 82.1 85.2 89.7 94.8 98 95.6 78.5 95.3 102.2 104 102.2 97 84.8 78.9 79.1 74.6 69.9 65.7 58 58 58 60.2 60.2 60.2 60.3 60.2 59.9 59.4 60 60 59.9 61.2 60.4 58.2 61 60.5
173.3 163.6 149.6 141.5 127.9 105.5 98.1 103 115.1 125.6 126.3 126.2 127 124.6 125.4 124.2 123.5 124.5 126.7 126.5 125.6 124 121.7 118.7 115.2 109.5 107.6 106.7 106.9 106.3 106 104 100.9 95.5 96 97.2 100 100.9 96.9 92.5 97.7 98.9 98.7 98.5 100.3 101.3 107 108.8 98.7 83.3 102.4 111.4 110.6 109.9 107.6 93.7 86.5 95.5 95.4 90.9 81 70.3 63 58 58 58 60.4 60.4 60.3 60 59.7 59.9 60 59.4 59.7 60.3 58.2 59 60.5
179.4 151.9 132.8 120.2 109.1 101.6 106 111.9 125.7 135.4 134.5 135.3 134.4 135.4 135.1 135.3 133.6 134 136.1 136.3 135.3 134.8 133.6 129.9 125.7 121.5 118.5 117.7 114.9 113.7 113.5 113 110.1 105.7 109.1 108.9 109.4 109.7 109.6 103 106 106.5 109.8 110.6 111.5 106.9 113.4 111.6 95 88 108.1 117.3 114.9 113.2 110.8 106.6 94.3 96.6 108.5 107 101.3 94 84.6 74.9 66.1 58 58 58.9 59.9 60 59.9 59.8 59.8 58.9 59.1 59.8 58 59 58.7
159.5 132 109.3 111.2 113.5 114.3 115.5 119.2 134.3 144.3 143.9 144.7 143.3 144.4 146.2 146.2 144.6 143.1 146.1 145.8 145.1 144.6 144.1 141.7 137.7 134.2 129.9 127.4 125.5 122.9 121.1 119.9 117.1 113.9 114.3 117.7 118.5 115.2 114.1 110.9 112 111.7 113.1 115.4 115.2 113.7 117.7 115.5 92 102.4 117.1 123.1 122.6 122.5 121.5 120.2 107.6 96.7 114.8 114.4 114.1 111.3 105.8 97.2 87.1 76.6 65.2 58 58 59.5 59.6 59.5 59.6 59.7 60 60.3 57.5 59.1 59.3
146.4 120.3 123.9 128.1 127.6 128.4 127.9 123.6 139.4 152.5 152.6 154 155 155.1 155.9 156.4 157 156.2 154.4 154.4 153.9 152.7 151.7 151.5 148.1 145.6 142.6 139.3 138 133.9 131 128.4 126.2 124.1 121.8 122 124.2 123.3 122.9 119.2 118.6 117.7 116.5 116.7 117.6 116.8 118.7 118.9 97 105.1 122 129.3 130.5 131 129.7 124.9 111.4 107.4 120.7 118.2 117 115.6 112.5 108.5 104.9 95.6 86.2 71.1 61.8 58 58 58.7 59.1 59.6 59.8 59.8 57.5 59.5 58.5
143.9 123.8 137.4 140.4 138.5 141.4 141.8 138.1 135.7 160.6 163 163.2 164.8 166.3 167.6 168.9 166.8 163.6 162.6 162 161.2 159 157.6 158.5 155.6 154.7 152.8 151.2 149.5 148 142.8 139.2 136.2 134.1 132.1 129.9 129.4 129 129.2 126.7 126.2 124.5 124.8 123 123 122 122.7 120.2 100.1 108.9 126.5 134.1 135.6 136.7 130.6 116.8 108.7 119 127 122.2 118.4 117.3 115 111.4 106.4 101.7 93.9 83 69.2 58 58 58 59.4 59.3 59.4 59.8 57.5 58.4 58.8
