Game/Highland_Data/StreamingAssets/GeoData/Data/nn/NN96.asc
ncols 200
nrows 200
xllcorner 290000
yllcorner 760000
cellsize 50
[rows 140 to 174 of 200, columns 0 to 77 of 200]
197.6 191 172.9 159.7 154 149.7 145 140.7 137.9 136.2 131.7 129.3 119.4 115.7 110.2 108.9 108.9 110.9 110.6 111.8 114 114.9 125.3 127.1 124.8 121.3 117 133.2 140 148.5 149.9 154.5 157 162.5 156.9 163.8 175.7 184.7 188.5 196.3 201.9 203.6 206.3 211.2 220.4 229.8 244.7 268.3 280.3 282.6 284.6 297.3 311.3 328.9 344 342.8 352.3 368.5 384.5 387.2 398.1 403.2 410.6 420 428.5 442.2 454.3 454.8 446.9 439 439.8 442.8 443.5 446.6 449 456.9 463.6 457.2
210.4 199.9 185.4 170 163.6 157.3 153.7 148.6 145.2 142.4 137.1 133.2 129.3 126.9 125.4 116.3 114.6 110.4 108.6 108 110.5 112.4 114.5 115 114.4 122.2 128 137.2 144.1 148.2 154 154.7 156.5 157.3 158.4 163.9 176.8 183.4 190.8 197 200.8 204.5 208.8 213.3 227.5 234.4 253.8 273.2 274.2 273.8 282 296.4 313.8 330 339.1 334.5 347.2 359.8 375 374.7 388.7 398 410.4 419.9 425.8 435 440 444.3 436.8 432.8 434.9 441.7 445.1 448.1 448.4 450.6 456.2 455.6
227.6 216.9 192.3 182.5 177.4 169.6 163.7 158.6 152.8 148.5 143.5 140.8 135.9 133.4 129.8 125.7 115.8 114.6 113.5 111.4 108.3 107.5 113.1 107.3 115.9 120.3 127.3 140.1 142 149.1 153.4 154.3 155 154.7 164.6 162.7 175.9 182.1 188.6 196.2 201.4 207.2 212.2 223.7 234.4 244.7 259.8 267 265.2 267.4 278.5 295.9 313.7 324 329.6 328.1 341.3 354.3 363.9 371 383 394.4 409.6 419.6 425.5 432.3 434.3 440.1 431 430.9 436.2 447.5 450.1 450.4 450.8 451.7 453.9 454.1
235.5 214.3 198.9 198.9 192.8 185.5 178.7 171.2 168.9 161.9 154.6 150.4 143.6 138.3 133.8 127.1 122.1 115.3 114.7 112 107.7 107.8 106.7 113.8 117 116.1 124.4 138.3 140.2 147 153.4 153.4 152.9 152.3 155.5 168.2 175.7 183.5 192.6 197.4 203.7 210 218.2 231.9 240.8 253.5 261.6 260.8 261.5 265.3 275.9 291.1 305.8 308.7 316.1 322.4 339.9 354.5 362.6 372.3 384.2 394.9 404.5 415.9 422.8 430.5 430.9 429 428.4 431.9 438.4 447.7 453.3 454 454.7 453.9 454.6 454.7
229.3 220.8 221.4 215.7 210.3 205.6 199.2 194.4 190.7 185.2 180.8 166.9 158.5 150.5 139.5 129.1 124.3 123.3 121.9 117.6 113.3 109.1 104.6 104.6 113.1 114.4 114.7 130.3 139.8 141.8 147.6 152.8 152.1 151.3 157.3 169.2 175.8 187.8 193.8 199.2 207.1 214.7 226.3 238.8 240.6 250.2 256.1 255.9 259.3 264.4 273.5 289.1 300.8 312.6 320 330.4 345.5 359.9 372.3 381.4 388.6 393.7 402.8 409.6 420.2 431.3 426.6 423.4 427.3 431.2 438.8 449.1 454.8 458.3 455.3 455.7 456.2 457.8
240 246.7 245.7 239.1 231.9 224.6 218 218.7 211.7 206.6 199.9 193.1 181.6 164.6 150.8 145 136 133.7 128.8 126.9 124.3 123.8 123.2 118.8 101.3 106.9 100.6 101.8 117.1 134.3 142.4 145.6 147.6 148.3 157.9 168.2 174.5 189.3 194.9 202.8 211.4 218.1 231.4 240.7 242.4 250.4 254.8 254.7 257.4 268.9 283 297.6 311.4 319.7 328.8 340.9 353.6 368.2 381.5 391.6 398.2 400.2 402.6 408.5 417.7 426.5 422.4 421.8 427.1 432.7 441.3 451.2 458.4 458.3 456.5 458 461.6 467
258.4 257.1 255.9 252.1 248.7 244.2 238.3 238.8 232.2 228.7 223.4 215 208.8 203.2 179.6 160.6 149.7 146.8 139.8 138.3 136.9 138 136.3 129.2 117.2 112.2 110.8 104.5 100.6 112.7 129.6 140.5 144 143 148.8 165.2 174.4 186.8 194.7 203.2 213 224.4 232.5 243.9 246 250.6 253 254.6 265.8 283.6 296.4 311.5 325.7 335.7 344.7 356.2 365.1 377 388.6 402 414.3 416.6 413.7 413.6 416.3 417.4 418.7 421.2 429.5 436.4 444 453.2 461.4 464.4 463.9 472.5 479.7 482.7
268.3 267.6 266.1 264 264.3 260.7 261.6 258.2 253.9 250.4 247 242.7 239.8 234.5 215.8 177.9 161.7 156.8 150.2 148.8 149 151.8 149.5 140.7 130.1 121.5 121.9 120.5 105.7 101.8 121.5 127.5 123.6 129 146.6 155.3 174.3 183.6 194.7 205.6 217 226.9 238.8 246.5 250.9 252.3 255.2 263.9 282 298.3 310.6 322.3 334.7 346 356 364.7 373.3 384.3 396.4 411 423.3 438.7 433.3 424.5 423.1 420.1 421.6 428.3 433.8 441 448.9 458.3 466.4 472.2 478.7 488.7 495 499.2
277.8 277.2 276.8 278.4 277.5 276.7 277.1 276.9 275.3 272.4 268.8 268.5 266.3 262.3 235.4 191.2 168.1 163.9 157.6 158.5 160.9 166.1 161.7 152 140.9 135.9 136 133.9 130.1 102.3 106.5 96.3 97.3 115.6 140.1 145.7 165.5 179.2 191.4 204.1 220.4 225.5 234.1 246.6 244.6 254.5 266.4 278.5 295.4 309.9 322 331.2 342.5 353.1 358.5 366.3 375.6 387.4 398.3 411.5 423.5 435.6 442.1 433 427.3 426.7 428.1 431.7 437.5 447 455.6 464.4 474.1 481.8 490.1 499.6 506.9 513.1
287.7 289.1 290.7 291.1 291.7 292 292.8 295.2 294 294.1 291 291 291.6 287.1 269.7 204.8 171.5 162.6 163 168.3 174.5 179.2 173.8 165.2 154.9 152.6 146.5 144 138.6 132.1 122.1 108.7 96.7 100.5 124.5 138.1 156.8 181.5 189.1 201 207.3 217.6 231.2 245.5 251.6 262.5 277.2 278 306.6 320.6 329.7 336.2 345.4 352.6 356.6 366.3 376.5 386.1 394.6 405.6 416.1 422.7 429.9 430.7 433.8 433.6 434.8 435.1 441.5 451.7 461.2 470.2 481 491.6 502.1 512.5 519.8 530.9
297.4 300 302.4 304.7 306.6 307.7 309.5 311.1 314.1 317.6 316.9 316.4 311.7 306.2 291.7 223.8 186.6 167 167.7 173.4 177.1 181.4 176.4 171.8 172.6 170.3 169.2 166.1 161.7 147.3 136.4 130.4 104.5 97.2 113.2 128.6 149.2 178.8 185.5 201.5 210.7 222.9 237.4 251.6 263.7 279 287.2 306.7 297.6 324.8 330.3 334.7 339.6 349.4 354.6 367.1 375.2 385.2 391.6 400.8 410 416.8 428.1 428.7 432.6 436.2 436.9 438.4 445 455.5 466.1 476.7 487.3 500.3 512.2 522.5 530.6 542.6
305.6 309.3 312.8 315.4 319.4 321.7 323.7 325.7 328 332.9 339.1 342.1 332.1 325 310.9 251.3 205.2 179.1 172.1 179.8 181.7 182.2 180.9 177.8 180.3 185.7 188.2 185.9 178.1 167.8 152.6 136.3 114.7 99.2 115.4 126.4 147.2 172.3 185.4 198.6 212.9 228.4 244.4 261.4 282 298.6 305.5 315.5 322.9 320.5 330 335.2 346.2 355.1 363 369.6 375.5 382.9 390.7 399.7 408.5 415.4 420.4 422.6 426.8 431.7 433.7 440.3 447.7 457.9 468.5 480.9 494.5 505.6 517.8 528.8 538.3 552.3
311.9 317.5 322 325.2 329.2 332.7 336.3 339.6 339.7 343 350.1 351.5 346.2 339 314.3 267.9 219.3 192.2 177.5 183.5 189.2 188.2 186.3 187.3 193.8 199.3 202.3 201.8 189.5 178.8 164.5 145.6 118 99.9 113.1 127.4 145.1 170.3 185.3 201.6 217.3 236.1 254.4 273.7 293.1 305.2 313.9 322.1 325.8 328.6 332.7 344.1 348.3 362 367.8 371.3 377 382.5 390.6 399.8 405.9 410.9 414.4 417.6 422.2 428.1 433.7 439.5 448.4 459.2 472.2 485.2 498.7 510 521.1 532.5 545 557.2
316.4 322.4 328.6 333.4 337.7 344.2 348.7 352 353 355 358.5 361.3 354.8 348.8 339.3 298.8 232.8 203.1 184.2 188.1 196.9 194.5 192.6 198.7 207.8 213.8 216.9 206.8 191.8 180.1 170.2 152.4 125.1 97.6 113 129.6 146.1 168.9 186.6 203 220.6 241.4 257.5 280.8 299 310.1 319.3 329.3 334.5 338.8 345.4 354.1 360.8 366.5 365.7 371.9 378.2 386.3 394.4 400.2 404.1 408.5 413.3 418.1 423.8 429.8 434.9 441.1 454.5 464.9 477.5 491.1 502.6 514.2 524.4 534.7 547.9 562.9
321.3 326.4 333.1 339 344.4 351.7 357.7 364.1 367.7 368.9 369.1 374.4 369.7 358 344.7 313.3 243.7 213 191.9 192 200.4 201.1 199.8 212.1 221.9 224.3 214.5 198.2 183.6 170.5 163 145.9 113.2 97.1 114.8 130.9 146.4 169.2 186.1 206.3 227.8 243.9 264.4 286.6 298.1 308.8 324.8 342.1 350.7 355.8 359.7 364.1 368 370 371.2 373.7 381.6 390.9 398.2 403.7 407.3 411.6 416.9 422.4 427.8 434.4 441.5 452.2 461.5 470.2 483.4 497.4 509.6 520.9 529.4 537.7 547.1 563.4
327.3 333.7 339 344 349.5 358.4 367 378.8 383.3 383.9 390.2 392.7 390.2 371.2 351.3 304.7 253.9 222.2 202.2 194.4 205 208.8 214.9 223.1 226.8 226 205.2 189 181.4 175.8 173.1 154.3 121.5 98.3 116.4 133.7 149 170.7 186.8 205.9 224.9 238.7 257.3 267.3 281.4 301 320.1 337.5 359.3 370.9 373.4 377 379.2 379.3 378.9 382.2 388.2 396.1 403 407.8 411.2 417.7 424.7 429.8 436.7 444.7 455.5 464.8 469.7 479.9 492.7 509.2 522.6 533.8 542.6 547 549.5 557.9
337.5 342.7 347.7 351.9 357.9 365.6 374.1 385.8 399.6 392.5 400.1 403.1 394.8 384.6 372.7 336.8 275.4 234.7 212 199.2 208.2 216 223.4 226.5 223 219.9 208.3 201.1 194.9 195.3 185.4 158.7 123.9 98.5 119 137.6 150.3 170.9 186.7 202 220.1 231.4 245.5 263.7 284.2 302.9 322.7 341.6 358.2 381.4 387.4 393.2 395 393.6 393.6 395.5 399.5 406.4 412.3 417.4 423.5 430.8 436.1 442.6 448.6 458.8 467.1 475.7 482.5 491.3 504.3 519.1 534.7 546.6 554.1 561.7 558.7 558.4
345.7 349.9 355.5 358.7 366.4 371.6 381.1 390.1 397.3 399.7 400.8 399.8 400.6 396.8 385.5 331 282.7 240.3 217.8 207 215 222.3 229 228.3 223.2 224.4 227.6 217.7 217.3 215.2 194.9 165.2 127.3 97.2 119.6 143.1 151.1 176.1 186 198.6 212.2 226.7 244.3 267.1 289 310.6 329.6 349.2 362.9 385 403.1 410.3 412.9 411.4 408.9 409.8 413 417.5 423.9 429.7 436.3 442.1 449.3 457.2 464.2 471 480.3 487.1 494.6 504.6 517.5 532 545.9 556 565.6 576.5 575.6 562.4
368.2 364.2 365.9 369.1 373.6 379.9 382.6 389.9 396.3 399.4 402 401.9 408.9 399.2 391.4 316.5 276.3 247.9 224.7 215.2 222.4 226 231.9 229.5 225.2 230.3 245.7 236 234.7 227.8 202.7 169.2 130.5 93.3 119.6 140.6 154.7 179.3 188.5 202.8 216 231.7 252 273.7 296.7 319.2 335.3 353 370.2 385.5 407.1 426.4 428.4 426.8 425.9 426.3 427.9 431.7 437 443.2 449.1 456.5 463.5 472 478.7 486 493 500.5 510.3 519.8 529.9 542 553.5 564 575.9 582.9 595.8 577.1
380.1 378.2 375.5 381.5 388.3 384.9 387.6 391.7 392.2 396.3 394.3 398.4 408.9 408.2 394.1 317.8 282.9 256.4 237.1 223 227 228.2 229.5 229.5 227.5 229 244.2 239.9 233 220.9 197.1 164.3 123.6 93.2 119.4 144.6 156.4 183.4 191.3 206.1 224.2 241.4 260.3 280.5 302.4 325.8 341.3 358.5 374.5 391 407.2 433.4 444.3 444.1 443.2 442.5 444.5 447.2 451.8 456.8 463 468.9 476.8 485 493 499.3 509.7 517.9 528.5 535.8 545.3 552.6 560.9 571 582.5 593.7 606.9 601.7
394.3 391.5 386 387.7 397.8 398.3 390.9 391.6 392.9 384.9 384.2 391.9 398.1 406.5 385 325.8 290.1 265.9 243.1 229.2 229 229.2 229.4 229.7 228.6 229.1 234.7 231 219.9 202.8 184 155.2 116 93.2 119.1 147.2 162 184.7 196.1 211.3 230.2 249.8 268.5 288.2 306.6 326.1 346.6 361.3 375.7 393.6 426.2 446.9 460.1 460.1 458.6 459.7 459.6 462.6 466.4 470.4 475.9 481.8 489.3 496.4 504.7 515.9 525.6 533.3 541.9 550.1 557.7 563.5 569.1 580 591.9 599.6 607.5 605.1
398.2 396.6 395 395.6 401.1 403.2 403.9 392.7 386 378.1 374 379.8 385.1 388.7 368.4 342.8 302.7 270.9 245.3 235.6 240.8 241.4 237.8 232.4 228.9 230.2 223.1 209.6 202.5 194.8 175.9 145 111.2 93.2 119.4 143.2 163.7 172 199.6 218.4 238.5 258.7 277.8 294.5 311.8 330.3 350 368 385.9 412.1 439.7 460 473.4 476 474.9 475.1 477 478.7 482.6 485.2 488.6 494.2 500.6 509.6 518.8 526.4 536.4 546.8 555.2 563 569.6 573.8 581.4 593 602.3 607.8 603.8 603.7
398.8 402.4 398.1 407.2 409.5 400 401.7 393.8 379.7 363.6 365.1 371 373.6 373.9 371.6 366.8 337 296.1 256.8 240.4 239.7 241.6 244.2 235 230.8 231.1 221.3 208.1 198.3 195.7 174.9 141.2 107.9 93.2 122.1 148.9 162 186.1 203.6 224.6 246.4 269.4 288.3 305 319.8 336.6 353.1 371.5 397.6 424 451.7 470.6 483.7 487.1 487.6 491.6 493.3 494.6 496.6 500 503.2 507.5 513.2 521.8 530.7 539 547.3 556.6 566.8 574.4 579.1 590.5 604.9 608.8 619.8 614.1 602.6 598.5
396.3 389.1 398.7 412 418.7 413.1 400.6 384.2 369 357.2 354.5 359.6 365 367 360 359.9 359.9 327.1 277.5 242.7 240.2 238.1 237.4 233.8 229.6 224.9 219.2 205.3 205 195.7 176.4 137 102.9 99.1 131.2 154 165 193.9 209.2 231.9 255.6 281.1 301.4 315.4 331.9 343.6 356.5 375 407.2 438.8 467.8 486.2 499.9 501.3 500.2 504.7 505.7 509.3 511.5 513.6 516 519.6 524.3 531.8 540.5 549.9 558.8 565.3 577.5 584.5 594.6 608 613 624.8 616.2 605.3 593.2 581.7
379.5 372 387.1 407.6 415.3 419.4 408.4 371.2 357 350.6 346.2 348.7 352.9 357.8 355.3 348.5 352.3 341.7 282.7 243.8 242.4 246.8 248.2 234.9 222.4 212.4 206.7 196.3 194.9 186.5 166 127.4 93.2 109.2 139.7 159.7 178.6 203.6 221.9 245 268.3 292.9 313.8 326.1 338.4 352.3 369.6 381.8 415.1 449.2 470.8 489 506.4 509.2 511.8 517.7 527.1 524.9 524.9 528.2 530 532.4 536.4 541.7 550.5 560.3 570 578.6 592.1 598.1 609.7 619.1 621.4 613.7 605.3 583.4 575 574.7
348 349.1 366.3 394.1 411.9 415.2 412.2 377.3 355.8 345.3 340.3 339 342.8 346.1 349 343.5 334.2 335.3 280.1 242.1 238.9 237.2 233.2 223.4 215.5 202.8 190.8 179.5 175.3 169.3 147.3 96.4 98.2 119.8 142.1 162 192.7 215.5 238.1 261.6 286.1 311.2 332 341.9 343.2 353.7 368.7 385.6 419.1 453.3 479.5 493.7 506.7 509.9 518.9 532.5 541.4 548.1 547.8 546.1 546.7 548.2 549.2 553.5 561.2 569.5 581.5 594.5 604.9 612.3 619.8 615.4 610.4 602.2 580.2 567.3 565 561.2
327.3 334.9 354.1 379.7 401.4 405.9 397.3 375.2 361.7 341.7 335 331.6 331.8 332.5 335.8 331 317.4 320.7 270.7 234.6 229 224.5 216.3 213.5 208.1 194.7 183.5 174.1 161.2 141.5 124.9 93.2 108.5 127.4 152.2 176.5 201.8 227.4 250.3 274.6 299 326.3 348.5 346.8 346.9 353.1 366.2 384.2 425.8 458 478.4 494.3 499.1 508.6 527.7 546.4 563.1 564.2 564.5 561.7 561.4 560 561 564.8 571.6 581.8 597.3 608.9 617.4 622.5 618.9 608.7 597.2 578.8 560.2 546.8 548.2 535.1
309.8 320 336.6 358.4 380.1 386.6 385.2 370 356.8 339.9 331.8 331.1 326.4 323.4 318.8 314.3 306.4 308.6 265.7 232.7 216.9 212.3 205.5 200.5 192.6 183.8 175.9 168.5 159.8 143.4 113.6 93.2 116.8 135.3 159.2 188 216.3 238.8 261.3 286.2 309.8 338.3 362.4 347.8 349.2 353.5 365.8 392.2 432.7 455 471.2 478.2 492.4 505.1 524 547.1 558.4 567.6 575.4 577.7 573.7 572.9 574.5 577.7 579.7 587.2 603.9 614.4 619.9 622.8 613.5 596.7 583 564.9 547.7 535.7 526.8 518.6
292 301 313.8 329.8 348.7 371.3 380.7 374.9 360.4 337.6 329.6 326.8 325.1 329 323.9 311.4 299.7 284.3 255.5 229 209.8 202.8 197.2 191.8 185.3 174.4 168 163.2 156.7 143.1 102 102.1 123.3 150 160.9 202 224.8 247.5 273.1 298.6 322.2 351 363.4 347.3 351.2 354.4 367.4 394.7 431.8 448.8 454.6 468.6 486 499.3 521.9 533.6 547.3 557.8 568.6 585 590.1 589.2 586.5 583.6 581.1 586.7 590.4 599.5 604.6 600.3 590.4 575.5 561.8 545.6 541.6 531.2 516.9 509.4
273.6 280.8 287.7 300.4 333.7 360.4 374.6 371.7 365.8 330.4 324 326.3 324.2 319.9 323.5 303.2 295.7 282.9 257.3 224.8 208.3 199.9 192.1 183.3 175.1 169.3 164.1 160 152.4 137.1 93.2 110.2 130.5 154.8 180.6 211.6 231.8 257.8 285.4 314.7 339.5 367.5 358.4 346 349.1 353.6 367.6 405.7 427.4 438.8 442.1 460.5 480.7 496.5 511.5 524.1 536.4 555.8 571.9 589.7 597.5 593.4 588 581.6 573.5 576.2 578.5 578.9 577.5 569.8 564.3 552.7 542 534.2 530.5 521.1 510.9 506.4
252 258.4 265 282.3 312.4 348.9 368.6 372.9 358.9 308.9 305.6 313.3 323.4 311.3 299.4 288.3 298.8 295.3 266.4 229.7 206.9 198.4 190.5 177.4 169.5 167.5 165.2 160.6 147.2 120.7 94.2 118.7 139.6 157.7 195.9 218.3 242.9 270.5 300 333.6 353.9 361.4 356.3 345.4 349.1 354.3 369.1 400.2 415.1 418.5 431.8 456.8 468.8 486.9 505.7 519.5 535.9 548.1 564.9 575.9 579.6 578.6 573 566.5 562.6 566.4 569 568 556.2 543.7 536.6 536.7 528.5 523.4 520.4 513.6 510.7 506.6
233.6 235.8 239.4 248.7 267.5 312.6 343.1 358.2 330.4 297.6 287.6 293.4 297 287.7 276.4 271.5 280.8 286.1 270.6 229.9 208.2 198.5 188.1 180.3 169.1 164.9 159.7 155 143.2 100.4 103.6 120.6 146.1 169.3 202.6 226.2 251.1 277.4 305.2 321.9 332.1 346.4 348.7 345.4 347.7 355.9 366.5 388.3 394.1 409.4 429.4 442.1 458.1 484.4 496.8 512.2 522.8 534.5 546.5 557.9 561.8 564.2 560.8 555.3 547.9 550.1 554.4 552.7 538.1 526.9 519.1 514.8 513.9 512.1 507.4 502.9 502.3 498.6
209.7 212.9 216.3 225.1 239.6 265.3 306.2 334.3 320.4 282.9 262 268.6 268.6 264 259.6 264.2 261.2 259.6 250.8 221 206.5 199.4 190.6 179.5 172.4 163.6 157.3 152.9 136.9 91.9 112.3 133.3 162.1 182.2 210.5 232.5 254.8 278 295.5 308.3 323.1 344.6 339 341.2 344.5 347.9 360 373.2 388.9 402.9 419.5 433.8 451.8 469.7 480.5 493.9 506.8 515.9 527.9 544.1 552.6 553 547.4 540.6 534.7 534.3 534.9 535.2 520.6 511.5 503.9 502.7 502.5 502 498.7 494.8 491.2 486.3
187.4 190 194.8 203.9 223 243.5 263.5 297.9 270.7 244 242.6 241.7 244 246.6 253.4 267.1 270.4 259.1 229 210.5 203.6 193.2 184.7 175.5 168.2 163 154.1 145.5 125.3 95.1 119.4 144.1 160.2 186.8 209.5 231.3 251.9 271.9 290.4 305.5 320.1 329.8 331.9 334.9 331 327 347.8 370 386.2 398.4 412.5 428.2 440.3 453.8 463.6 481.7 492.6 504.7 514.2 525.6 534 531.8 531.3 525.8 520 521.6 519.8 515.7 510 499.3 491 489.6 490.6 492.2 491.6 490.2 485.4 478.7
169.9 170.2 174.6 183.7 194.4 214.3 230.1 254.2 225.7 218.5 223.5 224.3 229.2 238.8 256 274 277.7 264.9 217.3 205.3 200.8 192.2 179.8 171.5 165.8 159.8 152.8 139.3 116.1 99.1 122.7 149.6 160 186.4 208.3 229.7 249.7 270.1 287.4 302.9 313.6 321.1 324.2 320.7 311 321.4 341 362.2 380.5 394.6 405.9 417.2 428.5 446.4 458.8 469.4 480.1 486.9 497 507 518.4 522.4 516.9 512.1 508.7 509.1 505.5 503.1 499.4 489.7 480.6 477.1 478.6 480.8 482.3 483.7 483.2 470
