Game/Highland_Data/StreamingAssets/GeoData/Data/nn/NN97.asc
ncols 200
nrows 200
xllcorner 290000
yllcorner 770000
cellsize 50
[rows 35 to 69 of 200, columns 0 to 77 of 200]
839.7 849.1 858.1 864.5 869.6 872.5 873.5 870 864.8 857.5 849.8 841.2 832.7 823 812 803.2 796.9 800.2 804 806.8 811 812.8 809.9 802.7 792.6 776.9 759.9 740 718.5 700.1 680.6 663.6 658 651 644.2 632.8 626.8 623.3 624.4 626.3 626.6 626.1 630.2 628.3 629.8 631.5 625.8 620.5 617 614.6 614 605.4 603 599.4 611.3 624.3 635.3 648.3 661.9 676.5 693.6 713.2 731.8 745.4 757.4 766 772.6 776.8 780.2 781.7 784.3 788.7 790.5 792.4 793.6 794.6 795.1 796.6
838.8 847.2 854.1 860.4 865.1 867.1 867.4 864.1 858.5 851.2 842.6 833.4 824.9 815.7 805 795.8 786.3 784.7 787.4 795.7 800.3 801.7 798.9 793.8 783.6 767.5 749.1 730.8 710.6 693.1 675.1 658.7 652.2 646.6 638.2 628.9 632.8 635 636.2 634.3 634.7 636.1 637.3 639.9 636.5 636.6 632.1 623.1 622.1 620 612.7 610 604.9 600.9 613.7 625.5 638.3 651.6 665.2 679 695.8 715.7 736.4 751.2 763.9 772.6 778.9 784.7 788.3 789.8 792.8 797.5 798.6 799.7 801.1 802.1 801.6 803.4
836.6 844.2 850.5 855.3 860.1 860.9 859.4 856.3 849.5 842.2 833.4 823.6 814.9 802.5 792.7 779.2 773.2 763 764.5 772.8 782.6 787.3 786.9 782.1 773.1 755.2 734.6 717.3 701.6 685.4 668.7 657.3 650 640.1 632.5 637.6 644.1 646.3 646.6 647.7 649.6 652.4 651.9 650.8 649.8 644.4 636.7 633.4 627.9 621.5 619.2 614.6 607.7 604 611.9 624.2 637.8 652 668 680.6 697 718.1 739.7 756 768.6 775.5 780.9 788.6 794.1 796.5 799.4 804.5 807.1 807.7 809.1 810.5 809.7 811.2
833.7 840.6 845.6 850 853.3 853.2 850 845.6 839.7 831 821.2 810 797.8 783.7 772.6 764.8 755.7 745.7 748.5 755 767.7 772.3 771.6 770.6 762.6 742.7 721.6 705.8 692.3 678.1 663.3 654.1 643.7 635.4 638.8 649.2 658.1 658.6 661.4 664.3 667.2 671.2 669.9 666.1 663 658.3 649.4 643.9 637 627.2 619.4 616.8 610.9 605.4 612.9 621.8 637.7 651.5 666.5 682.4 696.4 718.7 737.2 756.4 771.3 776.1 781.1 788.8 796.3 801.2 804.7 809.2 812.8 815 816.2 817.6 817.3 817.4
829.3 836 839.9 843.8 844.8 842.8 840 835 827.2 813.4 804 792.7 777.9 765.1 756.1 745.5 741.3 735.6 732.9 739.1 747.9 756.5 758.4 758.8 748.4 731.3 712 697.1 686 671 657.9 648.7 640.3 641.6 650.6 661.1 669.2 672.3 679.9 684.7 688.6 690 688.2 686.2 681.3 672.2 664.5 647.8 641.6 628.3 621.4 615.7 613.7 606.6 616.5 628.1 641.9 652.9 664 679.9 695.6 713.4 731.4 749.5 762.6 771.1 778.1 786.3 794.9 802.1 808 813.5 817.3 820.3 821.2 821.6 822.6 822.9
824 829.9 833.7 834.8 834.8 832.8 829.1 822 808.7 801.2 788.2 775.3 763.4 750.4 742.4 732 725.2 723.1 721.9 723 731.5 739.6 743.7 742.3 734.9 720.3 704.6 691 680.4 664.9 654.6 643.5 644.7 652.1 660.9 672.7 682.8 686.3 696.7 704.2 708.3 709.1 709.7 707.8 699.9 689.2 674.8 658.2 646.5 634.7 623 619.3 615.7 610.9 621.3 631.7 641.3 650.6 663.8 678.3 692.9 708.6 724.4 738.6 752.3 763 771.7 781.4 792.5 800.8 807.9 814.9 820 823 822.5 823.1 825.1 826.8
816.2 822.4 826.5 828.1 826.9 821.7 815.6 805.9 793.9 786 775.7 763.3 751.2 742.1 729.2 724.4 718.8 717.1 715.2 717.9 720.9 724.5 730.1 728.7 721.2 709.5 697.1 685.6 672.6 659.7 649.8 646.2 651.3 661.2 671.7 682.5 694.2 704.3 711.3 718.2 724.1 729 731.2 728.9 720.7 705.5 686.8 670.5 653.2 640.7 634.3 621.2 616.7 611.8 621.2 627 639.2 651.9 662.6 676.3 690.3 705.3 718.3 729.4 744.8 755.3 766.3 776.6 789.9 797.9 807.8 815.5 819.3 823.2 822.6 822.9 827.1 828.4
807.6 814.3 817.7 819.5 816.3 809.4 799.6 792.3 781.9 777.6 763.9 751.6 742.4 732.2 724.6 717.1 715.3 712.3 710.6 712.4 714.9 717.1 719.2 715.5 708.5 700.3 689.2 677.9 666.7 657.7 652.2 650.7 658.2 667.8 680 692 705.7 718.7 726.1 732.6 739.1 744.2 745.3 742.5 733.6 719.6 700.3 681.8 663.2 649.6 639.4 628 620.4 615.9 620.1 626.7 633.7 642.1 658.1 674.9 689.8 703 713.2 722.9 734.4 748 760.8 772.9 786.4 797.9 806.9 813.6 817.8 819.1 819 820.8 825.9 830.4
800.8 805.1 809.6 812.9 808.2 803 794 782.7 773.9 768.1 755.3 746.8 741.1 732.7 722.2 715.7 712.1 709 707.7 708.3 708.2 709.5 708.6 705.7 700.5 692.5 682.8 673 666.8 658.9 651.4 657.3 666 675.9 687.1 701.6 716.3 727.9 739.2 749.2 757.4 759.6 759.3 753.3 737.2 725.2 706.5 693.3 679.5 661.5 647.2 635.5 625.8 619 619.1 624.1 631.5 640.8 656.9 672.8 686.6 697.6 707.8 717.7 733.8 746.3 758.9 773.2 786.1 797.8 807.2 812.1 813.3 814.6 813.5 819.3 824.7 830.9
798.2 801 803.4 806.6 804.5 798 784.1 777.1 767.8 760.1 751.7 744.3 739.3 730.8 720.5 713.1 709.6 706.7 705.5 702.9 701.4 702.2 700.9 698.3 694.1 689 680.6 672.2 667.9 660.9 656.5 663.6 672.6 684.5 696.4 710.1 724.2 737.4 752.1 763.4 770.3 771.8 766.8 758.7 744 726.1 711.2 695.1 684.1 671.7 655.9 642.2 632.6 622.1 621.3 623.4 629.3 638.1 656 672.2 683 693.1 703.9 715.6 733.5 745.5 756.9 771.7 785.7 797.5 805.2 807.4 810.2 809.4 810.8 817.7 822.7 826.1
795.8 799.2 800.2 800.4 800.9 794.3 782.4 772.2 765.2 758.4 748.9 742.4 734.8 725.6 719.6 712.6 707.5 704.7 701.9 700.3 698.4 697.4 694.2 692.7 689.9 684.4 679.2 673.7 663.4 661.1 660.3 668.4 680.5 691.6 706.3 719.5 731.7 749.7 763.3 776 784.5 782 773.7 761.9 744.8 730.6 716.5 700.8 687.4 675.4 662.6 651.4 638.7 627.6 628.7 624.5 631.7 640.3 659.4 667.5 679 690.2 703.8 716.3 728.1 743.4 753.2 768.5 783.5 794.3 801.5 803.7 805.1 805.2 807.5 814.6 818.4 821.6
794.9 796.8 797.3 798.4 796.6 791.3 780.8 770.2 763.4 754.9 747.4 739.3 730 722.3 717.2 712.4 707.2 701.6 700.2 696.9 694.9 693.6 689.4 684.8 683.8 677.9 673.3 677.3 676.4 672.1 665.8 672.3 685.6 697.9 712.8 726.6 743.8 758.2 774.2 786.8 792.1 787.2 777.9 761.3 745.1 730.1 716.7 702.2 687.2 676.5 665.4 656 647.3 638.7 632.3 627.5 633.2 646.2 656.7 665.8 677.2 691.9 703.8 716.6 728.3 741.5 752.9 766.9 777.5 785.3 796.5 796.1 798.8 799.5 801.1 808.4 812.8 816.4
791 797.2 797.8 797.1 795.9 790.1 781.5 767.5 754.6 746.1 738 729.6 721.9 717.9 714.3 709.8 705.9 702.6 700.8 698.1 697 695.4 693.8 691.5 690.6 690.2 690.5 689.6 689.3 679 672.5 677.3 689.3 702 717 731.3 749.1 767.8 781.6 793.6 799.1 789.5 777.3 760.8 743.3 724.9 711.7 701 687.7 677.5 669.8 661.1 649.9 641.4 634.7 638.8 643.4 648.5 658 666.4 679 695 705.1 717.8 728.6 742.5 752.5 767.4 777 780.6 783.1 785.2 787.8 790.6 793.3 799.2 805 807.7
794.5 798.5 800.7 799.8 796.5 789.4 779.3 765.3 751.9 743 735.1 726.8 721.5 718.5 714.5 713.8 708.7 703.6 702.3 702.2 700.8 701 701 701.9 705.9 706.5 705.7 703.9 698.4 686.9 677.9 681.6 695.1 706.6 720.5 735 752.2 770.9 790.5 802 797.5 793.4 780 759.3 740.4 722.3 709.5 698.5 690.5 679.7 673 663.4 651.8 649.6 646.7 649.1 654.5 657.3 665.2 667.7 685.5 696.6 704.8 721.6 731.1 742.4 754.2 765.6 775.1 774.5 774.1 776 777.8 777.8 782.5 786.1 792.1 799.7
804.3 802.8 800.5 798.9 794.1 781.1 772.6 761 751.7 744.2 735.3 728.9 725.1 722.1 718.6 715.9 708.3 709.5 709.6 707.9 709 712.1 713.2 715.3 719.5 720.2 717.4 712 702.2 693.2 681.1 687.3 699.1 712.3 723.9 738.1 752.5 771 788.3 798.9 800.3 792.3 780.9 758.5 736.6 720.1 707.4 698.6 690.2 682.8 673.7 665.6 656 656.8 650.6 661.5 669.1 672.9 678.6 675.2 685 698.7 710.2 723.8 734.4 743 752.6 759.9 765.3 768.3 764.2 766.3 760.3 762.3 766.1 767.4 776.2 784.9
812.6 811.4 807.4 803.4 797.3 787 773.9 763 754.7 746.5 739 732.2 727.3 723.8 718.8 717.1 716.5 717.1 717.4 718.3 720.3 722.7 726.9 728 729.9 728.7 723.5 716.7 710.2 701.3 686.5 692 703.6 718.1 728 741.3 754.3 770.8 787.4 798.1 800 793.4 783.5 761.5 738 722.9 708.4 698.7 690.7 684.2 678.6 669 669.7 662.8 661.2 669.8 678.9 684.1 683.9 685.7 690.4 702.6 714.2 723 734.2 743.5 751.5 753.7 753.3 754.8 750.9 745.1 744 747 750.7 753.7 759.2 769.5
818.5 817.6 814.4 808.9 801.7 790.2 779.2 766.6 756.8 748.4 739.5 732.8 728.5 723.8 722.7 724.5 725.1 726 726.5 728.8 732.2 735.6 738.2 738.5 739.9 735.9 729.2 723.4 717.7 706.5 695.4 695.9 707.4 718.4 730.7 745.5 758.3 771.7 785.3 798 799.2 793.2 778.9 761.1 740.1 724.8 712 703.5 696.6 689.3 682.3 677.8 673.3 673.4 671.3 674.6 677.7 684.8 692 695.1 697.1 702.9 714.5 725.2 729.6 739.8 747.2 744.7 740.6 740.2 733.7 730.6 730.4 731.8 735 737.3 742.8 751.8
823.7 823.6 819.4 812.3 805 792.9 780.2 767.8 759.1 750.7 741.1 733.3 728.3 727.2 731.6 732.9 734 733.6 736.1 738.3 742.6 744.6 746.4 747.4 746.2 742.8 737.4 729.6 720.8 707.1 698.6 698.3 711.4 722.2 733.9 746.5 759.2 771.4 782.4 795.9 799.2 791.5 776.7 759.5 743 729 717.9 708.4 701 694.3 688.4 688.9 690.3 690 689.1 690.6 694.5 697.2 704.5 708.3 706.7 709.5 714 723.4 724.5 734.1 740.1 737.2 729.5 726.1 721.8 715.6 714.8 715.8 719.5 723.2 728.9 737.3
830.8 826.9 822.5 813.7 803.9 790.7 777.9 768.6 759.7 749.7 741.7 735.6 732.4 734.6 738.3 740 740.3 742.4 748.1 750.9 751.8 753.4 753.1 752.7 749.9 746.1 737.3 728.3 720 709 702.8 705.4 715.1 727.4 739.1 748.4 759.8 770.4 778.9 788.2 795.5 787.6 772.3 758.5 742.2 731.3 724.7 712.8 705.6 696.4 699.8 702 702.4 704.6 703.8 704.4 708.3 713.5 719.6 723.2 727.7 726.7 726.1 723.7 726.7 725.6 730.2 725.8 719.2 715.5 711.8 706 703.5 706.7 710.9 711.4 716.7 725.2
838.6 834.1 824.8 813.9 800.3 790.4 779 770.4 759.6 750.7 743.8 740.2 739.1 741.7 744.8 746.5 748.2 753.3 756.9 760 760.9 759.8 757.8 755.8 753.4 746 735.9 726.6 717.5 708.4 701.8 707 716.3 731 740.5 752.6 761.2 768.8 774.6 782.7 790.1 783.2 771.7 755.9 742.4 734.2 726.6 721.9 710.6 710.4 712.3 713.6 715.2 717 719.8 721.2 723.6 726.3 732 736.5 740.8 738.5 737.1 734 721.6 724 722.8 717.3 709.7 707.8 705.5 697.7 694.2 696.3 699.9 703.3 706.4 712.6
844.7 839.3 828.6 811.7 800.5 790.8 781.7 771.6 762.8 754.7 750.2 747.9 746.3 748.9 752.9 756.5 759.9 765 768.1 768.8 768.2 765 760.3 756.6 751.3 744.5 735 726.9 717.5 710.9 706.4 711.8 719.7 731 744.7 756.5 762.5 767.3 772.6 778.4 781.9 778.7 771.8 754.8 743.1 736.5 731.8 723.3 714.3 723.8 727.3 726.2 727.6 730.2 732.1 735.5 735.3 738.2 743.1 746.3 750.1 752.1 749.5 742.1 735.5 721.9 705.4 707.7 705.3 700.8 697.7 693.9 690.6 688.7 688.6 694.6 699.4 703.5
848.4 841.8 832.2 814.6 802 792.8 783.2 775.7 767 760.2 757 754.2 753.1 756.4 759.4 762.8 770.2 774.8 776.3 776.9 774.1 770.7 764.2 756.6 750.8 742 735 727.7 719.5 714.7 712.2 714.5 722.4 733.9 746 755.7 762.7 767.8 771 774.4 774.9 774.8 766.3 758 745.5 739.6 734.5 728.6 729.3 731.7 734.6 735.9 740.1 742.9 745.4 747.5 749 750.1 753.5 757 759.4 762.3 760.1 755.4 745.8 730.4 720.7 714.4 705.8 692.2 687 686.6 687 684.2 683.1 686.2 692.2 693.8
853.5 844.8 834.3 818.1 804.6 796.7 788.6 781 773.2 768 765 761.7 761.3 763.3 766 772.2 779.7 785.3 786.9 785.4 780.7 773.4 766 758.3 748.9 744 736.8 729.3 720.3 716.1 717 716.8 723.8 734.3 743.2 750.7 758.5 765.3 769.5 770.2 769.7 768.3 763.6 756.9 748.3 740.7 733 733.7 736 738.9 745.7 748.6 753.6 754.8 756.8 759.6 760.7 762.2 765 770.2 771.8 773.4 771.6 767.1 761.6 745.4 735 727.8 713.5 704 695.9 684.4 677 678.6 679.2 681.3 683.3 686.4
856.8 847.3 836.2 822 810.3 800.9 794.2 787.1 781.8 777.9 772.9 770.8 770.6 771.8 775 780.6 788.6 792.3 793.5 790.8 785.1 773.8 766.8 757.3 750.9 744.1 738.3 731.4 722.4 722.5 722.3 722.2 725.1 733.3 743.4 749.5 756.9 765.7 769.3 769.4 767.6 763.5 759.4 751.2 746.1 742.2 739.2 737.3 739.4 747.3 756.2 761.5 771.1 774.8 772.4 771.2 774 775.5 779.7 783.6 784.1 783.7 782.9 778.4 770.2 758 749.3 736.7 725.3 714 703.3 696.5 688.8 679.5 672.2 674.8 675.4 677.4
855.8 847.2 837.4 825.8 816.9 809.6 802 797.2 792.1 789.3 783.6 779.8 779.4 780.5 783.9 790.7 796.9 801.8 801.9 798.5 790.5 777 769 758.8 752.6 746.6 740.3 734.7 730.9 730.3 729.3 730.6 731.6 738.5 747.2 754.5 761.3 766.1 770.5 770.9 770.7 767.3 763.1 757.6 748.4 744.3 740.8 741 741.1 751.1 762.4 770.7 782.6 791.5 794.4 793.2 792.6 791.2 794.5 796.6 796 794.6 794.1 788 777.4 765 756 745.6 734.1 726.6 715.5 704.9 695.4 686.9 675.8 665.5 667 668.8
861.5 852.2 840.3 833.3 826.7 821.5 814.4 809.6 805.2 801.7 795.8 791.4 790.3 792.5 796.2 802 809.7 812.5 811.6 805.9 796.8 781.6 771.9 764.3 756.6 751.2 744.9 741.5 738.9 738.9 737.2 736.7 739 744.6 751 757.3 763.9 768.5 772.2 773.1 772.5 772.1 770.3 767.7 759.7 751.5 745.1 742.3 745.8 754.9 767.5 778.8 790.3 802.6 807.8 811.6 817.3 817.6 816.7 813.1 809.9 806.9 804.8 797.8 787.5 774.5 763.7 755.3 745.6 736 727.9 716.3 702.3 691.9 683.5 671.4 663.4 658.4
869.5 859 850.8 843.6 838.2 832.6 827.8 824 820.9 817.5 811 804.8 802.9 805.1 809.7 816.2 822.3 825.4 822.7 816 804.3 788.2 778 769.2 763 756.6 751.8 750 746 746.1 743.3 744.4 745.9 749.8 757.2 762.3 768.9 774.5 777.5 778.5 776.8 778.3 777.2 775.1 766.1 759 748.4 744.5 749.2 758.9 771.2 783 795.8 803.6 812.2 821.9 835 836.5 832.9 833.7 830.5 822.4 815.2 805.9 797.5 785.1 775.6 765.3 756.4 746.7 738 725.9 709.5 699.2 687.7 679.6 666.9 658.6
876.2 869.9 861.6 855.5 849.8 845.1 841.4 837.5 831.6 826.4 825 821.2 817.3 819.9 824.9 832.1 835.9 834.6 831.8 824.2 812.6 793.5 784.9 776.7 771.4 765.9 760.8 757.6 755.3 753.8 750.8 752 755.6 757.9 763.2 769.2 775.8 779.9 782.1 783.5 785.2 785.8 782.8 780.5 777 770.8 761.3 755.4 751.4 761.3 771.3 782.6 795.7 809.6 817.3 826.1 832.6 842 845.9 851.5 850.5 841.8 831.9 816.8 805.4 794.8 786.3 775.2 765.6 754.7 743.4 732.9 717.6 701.3 693.7 684.5 672.5 663.6
880.8 878.7 874.5 870 865.5 860.5 855 850.2 846.8 843 839.7 837.1 832.6 836.7 843.1 844.6 845.4 843.2 838.2 829.8 820 801.5 792 785.4 780.4 773.5 770.3 767.9 764.2 762.5 761.1 761.1 763.6 767.1 770.1 776.1 781.5 785.9 788.7 790.3 790.6 792.5 792 790.9 788.3 786.6 779.9 766.6 760.1 763.9 771.1 784 795.4 811 816.8 821.1 829.9 833.8 837.3 841.5 856.6 858.8 849.3 834.3 817.8 804.6 794 785 773.6 760.9 746.7 734 721.9 707.5 697.3 687.3 676.7 666.4
884.5 885.5 885.3 882.9 879.8 873.2 866.6 862.3 859.1 855.8 853.1 851.1 850.4 854.3 856.8 856.8 854.6 851.8 846.1 837.7 826.3 815.5 803.1 796.5 790.1 784.2 780.6 777.5 774.4 772.5 770.3 771.4 773.7 776.2 777.9 781.6 787.9 792 797.3 798.3 799.7 799.3 800.2 798.5 799.8 800.6 793.2 778.3 770 767.2 770.9 779.9 788.6 800 806.1 810.3 816.2 822.1 824.5 834.1 848.8 858.7 856.4 846.2 830.8 815.9 803.1 792.9 781.9 762.6 749.7 736.2 724.7 712.2 699.5 690.3 679.8 668.9
887.5 891.7 893.9 892.7 889.9 885.1 878.3 872.2 869.6 864.4 864.5 864.4 865.8 867.4 868.2 866.5 863.7 858.5 855.3 846.5 834.8 826.4 819 810 802 795.4 790.6 787.8 786.2 783 781.1 781.3 781.8 783.8 787.8 791.6 796.5 803.3 807.5 809.5 810 810.5 811.6 812.7 812.6 814.9 805.6 791 776.7 772.8 774.4 778.6 784 788.3 795.1 799.7 808.7 815.7 820.1 823.7 839.4 849.5 853.1 845.7 840.4 828.3 814.8 801.2 784 765.2 750.7 736.5 726.3 715.7 703.1 690.8 681.3 671
888.6 895.2 899.3 898.8 895.7 890.8 885.9 880.6 876.8 873.7 871.4 871.3 874 877.6 877 875.6 872.1 869.3 865.1 855.8 846.4 838 831.1 821.8 814.7 808 801 798.9 797.6 795 793.8 792.6 790.7 793.6 797.7 801.9 807.7 814.3 819.2 820.2 822.8 824.1 823.9 824.6 826.7 826.7 818.9 801.1 784.2 780.7 781.8 781 783.8 784.4 786.4 790.4 800.3 808.4 808.9 813.3 829.4 837.9 847.5 838.6 841.8 831.7 816.3 804.7 784.1 772.2 756.7 740.4 726.3 716.2 704.3 692.9 680.8 672
887 895.6 900.7 900.8 898.8 893.5 888.7 884.6 881.2 878.7 875.6 875 877.6 880.8 881.9 881.3 879.2 877.6 874.7 867.5 858.9 850.3 840.7 833.6 827.9 822.6 816.2 814.1 812.1 808.9 805.5 804 802.4 805.4 810.7 814.1 817.4 823.2 826.6 829.9 833.4 837.2 838.7 836.7 835.7 835.3 822.3 805.5 790.1 789.3 787.2 785.3 783.1 781.9 783.5 787.6 789.9 796.9 799.4 805.9 818.9 833.7 834 834.2 836.8 826.2 808.3 797.1 780.5 769.9 757.6 743.8 727.7 715.8 704.9 692.7 681.7 673.4
882.9 891.9 897.3 900.7 898.8 895.1 890.3 886.5 883 879.8 878 877.7 879.7 881.7 881.3 883.9 884.4 883.7 881.2 876 870.3 861.7 856 848.4 841.6 836.5 833.6 832.8 829.9 825.6 820.3 816.9 814.6 817.2 821.5 824.4 825.5 831.7 836.1 840.2 844.6 848.3 850.6 848 846.7 841.3 826.9 812.3 799.6 796.2 791.6 787.5 786.5 784.7 782.5 785.6 787.5 787 791.7 800.7 804.1 812.3 823.9 831.3 818.9 800.6 797.8 795.9 784.2 764.9 755.7 746.2 727.3 714.6 705 692.2 682.5 674.8
877.4 886.6 892 896.2 894.7 892.7 889.1 886.8 882.6 879.9 878.2 877.4 879.5 880.2 881.2 883.9 886.1 889.1 887.7 884.5 879.1 873.2 868.7 862.9 855.9 851.8 851.4 850.8 849.4 844.5 837 832.9 830.4 830.8 834.5 837.1 838.6 841.8 846.5 851.3 855.5 858.9 860.4 856.7 854.2 847.9 838.1 822.7 805.9 800.3 797.5 792.1 791.8 789 781 783.1 782.3 783.2 785.1 790.9 795.6 802.5 809.3 811.4 794.5 783 785.6 783.2 771.1 758.8 754.7 747.3 726.6 714.1 704.5 692.1 682.7 674
