Game/Highland_Data/StreamingAssets/GeoData/Data/nn/NN98.asc
ncols 200
nrows 200
xllcorner 290000
yllcorner 780000
cellsize 50
[rows 70 to 104 of 200, columns 0 to 77 of 200]
598.9 601 601.5 602.2 600.8 600.4 600 598.2 589.8 594.7 595.2 593.2 588.1 588 589.2 588.1 587.4 586.9 590.5 591.9 593.5 589.4 587.6 588.4 586.5 587.2 586.7 584.8 582.7 581 577.7 578.3 575.6 578.2 574.6 573.5 573.7 576.5 573.8 572.1 568.2 564.7 560.9 562 560.1 554.2 560.1 555.9 555.9 555.4 555.1 555.8 555.3 555.6 560.3 558.8 558.9 556.1 555.9 556.1 555.2 555.4 554.3 556 558.5 558.4 563.4 560.7 559.5 562.2 562.1 563.8 565.4 567.5 566.9 569 568.3 567.1
604.5 603.7 604.7 604.1 602.9 602.2 600.9 601.3 592.8 600 598.3 593.2 591.3 589.8 592.2 589.2 588 591.9 593.9 594.3 595.3 594 591 590.6 588.5 592 589.4 588.9 586.4 585.1 581.3 581.2 579 581.7 578.1 576.5 576.7 577.2 577 573.4 571.2 567.3 563.8 562.8 563 558 561.6 559.8 559.4 557.8 558.9 558.1 559.2 559.4 565.1 562.4 561.2 560 558.8 559.9 561.4 560.3 560.6 561 560.6 561.2 565.9 563.8 564.5 566.4 565.8 566.1 567.2 570.5 571.3 572.9 574.9 571.9
607.2 605.8 605.2 606.8 606.5 605.4 604.3 598.3 596.7 602 599.7 597.3 593.5 588.9 593.7 593.5 591.8 596 599.7 601 595.9 597.1 595.1 593.6 591.4 591.1 588.6 588.5 588.3 586.7 585.4 582.3 582.4 581.9 580.3 580.5 580 580.3 579 576.2 572 569.9 567.1 564.6 566.4 560.3 564.5 563.2 563.1 562.7 562.3 561 562.5 563.5 564.7 565.9 566.4 566 564.1 566.1 566.1 565.9 567.3 568.2 564.3 566.6 567.8 567.8 568.2 570.3 570.8 570.6 571.5 575.5 579.3 577.9 578.4 578.7
611.5 608.3 608.8 608.2 608.2 609.1 605.9 604.1 601.9 605 604.3 600.1 593.5 589.4 595.4 595.9 596.8 598.6 601.3 600.7 598.8 598.8 598.4 596.4 592.7 591.5 590.1 588.7 589.6 589.2 587.8 584.6 583.5 584.4 583.2 583.1 582.7 583.6 584.5 579.3 579.2 575.8 574 567.4 566.6 560.9 565.3 566.3 566.9 567.4 566.4 564.8 566 568.8 572.3 572.3 573.2 570.8 569.9 571 570.1 572.3 570.2 572.3 570.7 570.8 572.4 574.2 576.2 571.6 576.2 575.6 577 580.9 582.8 581.4 584.1 585.7
612.8 611.4 611 610.5 610.1 611.6 605 606.7 607.5 608.1 607.5 604.1 598.2 598.2 595.6 596.3 599 601 600.8 600.1 601.7 601.6 599.6 598.1 594.2 594.6 591.4 589.8 592.8 592.9 589.4 587.5 586.7 587.4 586.4 587.2 587 585.6 585.1 584.7 582 578.9 575.2 574.5 570.7 565.2 565.7 568.7 573 571.6 569.2 569.7 574.3 574.8 573.5 575.7 577.8 577.2 574.4 574.5 575.8 574.7 576.2 578.8 578.2 577.1 580.9 582.4 581.3 582.6 583.5 583.7 583.9 586.9 586.5 587.4 590.7 592.4
613.9 614.2 613.8 613.8 613 612.6 611.7 610.7 609.1 611.8 609.7 606.6 603.3 601.2 596.6 599 604.9 603 602.4 601.6 605 603.3 601.5 601.1 598.4 595.5 591.6 595.3 594.2 593.4 590.4 591.2 589.8 591.3 591 590.7 590.3 590.4 590.1 589.1 586.3 582.2 581.8 576.9 572.2 569 568 571.3 574.5 575.8 574.2 576.7 580.1 578.4 578 581 583.8 582.2 581.4 581.2 580.1 578.8 581.9 583.8 583.1 586 588 587.6 585.1 587.9 589.6 588.9 589.5 591.8 591.8 594.5 597.9 599.5
619.1 617.1 617.6 616 614.6 613.8 616.6 609.7 612.4 612.9 612.8 609.2 605.4 603.7 601.9 605.9 609 609.3 607.1 605.6 607.5 605.4 606 604.5 601.7 599.8 595 592.8 594.8 594.9 592.8 593.9 595 596.3 595.6 594.7 593.5 593.5 593.3 591.6 588.8 590.1 584.7 579.3 575.5 573.2 566.7 573.9 578.7 581.9 582.3 586.1 588.1 590.2 587.5 589.5 593.2 589.5 590.2 587.9 587.8 586.7 584.8 588.7 590.1 594.3 594.9 592 593.4 593.6 593.9 593.1 592.8 596.5 597.1 600.5 603.6 604.1
622 621.8 622.9 621.2 618.4 614.9 619 612.1 616.3 615.9 613.5 610.8 608 607.6 608.4 612.8 614.2 613.3 609.2 608.2 609.3 607.9 608 607.7 605.8 602.6 598.6 599 595.5 594.6 595.6 596 597.7 599.6 599.9 599.5 597.8 596.7 597.3 594.6 596.5 591.2 588.1 581.5 579.1 575.5 573.1 577.6 582 587.2 589.4 588.2 591.6 593.5 592.7 595.8 601.3 597.1 596.5 594.9 595.9 593.5 594.9 593.2 596.8 593.4 597.6 599.4 596.7 597.5 598.8 597.7 596.6 598.1 601.8 604.9 607.2 607.9
630 627 625.8 623.7 621.9 618 621.5 618 618.8 618.3 616.6 614 612.5 613 619 621.3 620 619.6 616.3 611.3 614.8 609.7 614.9 612.4 608.1 606.5 603.2 598.4 598.4 595.9 598.4 602.2 602.2 600.9 605.2 604.1 602.6 602.3 602 602.5 602.2 597.1 590.9 589.8 581.4 576.4 572.5 581.4 586.7 591.4 595.7 596.5 597.7 597.7 599.7 602.6 605.9 605.7 604.1 602.4 603.1 604.4 601 600.1 600.8 599.6 602.5 600.2 602.4 602.1 601.1 601.9 601.9 602.3 605.7 608 610.8 612.6
635.8 630 630.7 627.6 624.8 621.7 622.8 620.1 622.6 623.8 620.5 617.5 619.1 624.9 628.3 629.6 631.4 623.9 624.8 621.3 616 614.1 617 615.5 612.9 608 604.1 601.1 601.4 597 601.3 605.4 605.7 606.5 608.2 607.7 607.3 606.8 607.6 608.4 607 603.2 597.3 592.9 585.2 580.4 575.1 584.8 590.6 596.8 601.5 600.3 601.8 604.3 606.8 612.9 613.9 613.2 611.7 610.1 612.5 606.4 608.8 609.8 607.7 606.6 607.3 607 607.3 608.6 609.5 608.9 606.5 607.8 609.1 613.7 616.4 616.6
642 637.1 636.2 633 628.1 627 622.8 623.6 624.1 627.7 627.1 624 627.3 637.2 638 638.1 633.9 632.1 631.6 631.1 625 620 616.8 616.2 614.4 610.4 609.9 607.3 604.8 600.5 605.4 606.4 609.1 612 611.2 611.2 612.3 611.6 613.2 611.8 609.6 606.7 601.8 597 588.2 583.9 577.5 587.5 593.9 600.8 606.1 606 608 612.5 613.5 620.7 622.2 620.5 620 621.7 619.4 615.7 616.4 615.1 614.7 615.2 614.3 614.6 615.6 614 616.5 615.3 612.9 609.9 612.7 614.6 621.7 620.1
649.7 643 637.3 636.2 633.5 628.8 628 623.9 628.9 632.7 636.2 637.2 643 643.3 641.4 642 639.4 639 636.4 634.6 633.1 629 625 619 615.9 616.7 614.5 609.1 604.5 602.8 604.5 609 612.8 613.4 613.7 614.1 616.9 617.2 617 615.7 614.7 610.2 605 596.6 593.1 585.7 579.4 588.4 595.9 603.8 608.8 610.7 612.7 618 620.8 625.8 626.8 628.9 628.7 625.5 624.5 623.8 623.6 624.5 621.7 619.1 618.9 619.5 620.8 618.3 621.5 621.1 618.5 614.7 617.2 618.8 623.8 623.6
651.1 645.6 638.6 640.9 639.1 637.2 633.2 631.7 634.9 632.5 638.5 647.6 653.4 651.5 650.1 648 647.5 644.3 641.1 641.3 645.3 639.7 633.1 626.6 622.8 619.6 619.6 615.6 608.4 604.9 608.9 607.6 611.5 614.4 615.6 617.6 620.2 620.2 621.3 620.1 618 614.4 609.4 604.4 594.9 588 581.9 588.6 600.1 605.6 611 613.5 616.1 622.5 627.8 631.2 632.9 635.5 636.5 632.7 631.8 630.1 631.6 629.4 628.2 627.1 623.5 626.5 626.1 624.6 626 625.2 623.3 621.8 621.9 622.7 624.5 627
648 646.3 642 645.2 645.5 646.2 646.6 645.2 640.7 644.8 648.1 651.2 656.2 656.3 655.6 654.3 655.6 654.9 650.9 645.8 646.5 646.4 641.4 633 626.3 625 622 620 615.9 610.5 606.9 611.5 611.7 613.8 616.5 619 620.9 622.3 624.7 624.7 620.5 614.2 609 611.8 598.8 591.1 581.5 589.8 599.5 609.9 611 617 622.3 626.7 631.9 637.7 640.6 643.2 642.5 640.5 637.6 636.3 635.7 633.2 634.5 634.3 631.4 633 633.2 630 633.2 625.6 627.7 627.5 624.4 626.9 626.6 628.4
643.9 644.9 646.4 650.2 654.3 656.5 657.2 656 658.2 660.5 664.1 666 667.8 668.6 664.1 664.9 665.6 662.7 658.4 656.8 654.8 650 647.8 643.6 636 629.7 625.1 624.7 620.3 616.9 613.7 610.6 616.7 614.2 617.4 619.5 622.2 624.2 625.6 625.1 622.5 620.1 615.8 615 603.9 589.9 583.3 591.8 598.1 610.8 613.9 620.2 627.3 631.1 638.4 644.5 648 649.7 649.3 646.8 645.2 642.4 640.7 640.6 641.2 643.6 638.8 640.5 640.6 638.7 638.5 636.9 636.1 632.5 632.1 630.1 631.2 629.4
649 650.3 656.9 662 665.7 669.9 671.9 673.5 673.6 676 676.3 679.3 681.1 679.4 678.8 679.7 678.7 674.9 672.3 669.5 667.7 662.4 656.8 649.5 642.2 636.8 629.4 628.5 623.9 620.3 617.8 614.1 614.1 616.7 618.3 618.2 619.8 623.4 624.7 627.2 626.4 620.3 615.8 609.4 602.8 591.7 587.2 594.1 601.4 609 616.9 620 630.3 633.3 642.4 648.9 652.7 655.7 656 653.6 652.7 652.2 651.3 652.3 649 648.7 650.1 647.4 646.7 647.3 644.8 642.6 643 640.5 639.2 636.1 634.9 633.5
652 659.5 663.4 669.2 676 679.8 682.3 687.2 697.6 699.1 697.7 698.7 697.6 695 694.9 694.5 691.8 689.4 688 686.2 678.8 672.3 665.2 654 646.8 640.6 635.2 631.8 627.1 623.9 620.1 618.1 618 618.3 617.4 620.5 622.1 625.1 626.7 627.8 627.5 621.4 610.5 606.3 598.7 597.2 596.6 588.6 607.8 608.3 618.4 622.9 634.2 638.2 644.7 652.4 657.2 660.6 660.8 661.2 660.8 662 662.7 662.9 661.5 661.2 661.5 661.6 659.4 657.4 650.3 652 650 647.7 646.3 640.5 638.8 635.5
655 663.2 670.3 676.2 683 688 694.8 707.6 712.5 713.4 714.1 714.3 714.8 712.4 710.4 709.3 708.7 705.5 701.7 696.2 688 680.7 673.3 664.3 651 645.5 641.3 634.5 629.7 626.2 622.6 620.3 621.7 620.1 620.5 622.8 625.9 628.7 630 629.8 627.8 622.4 608.9 603.8 599.9 600.7 597.2 591.4 605.3 610.6 617.3 622.9 633 640.2 646.8 654.4 659.9 664.1 667.8 670.5 671.1 674.2 675 675.3 674.8 675.5 674.5 672.3 670.4 667.9 663.3 660.9 659.9 657.6 653.4 648.9 643.7 644.5
662.3 668 675.8 683.5 692 700.3 715.9 720.3 722.2 726.1 727.8 728.8 730.3 727.3 725.6 724.4 723.4 718.9 712.1 705.8 699.6 689.4 677.3 667.5 656.7 652.3 646 637.7 632.5 627.9 624.9 623.8 625.1 624.1 624.1 626 630 633.7 634.4 634.2 630.7 621.5 609.2 605.9 604.3 603.3 594.5 597.9 601.5 610.7 617.2 623 632 637.9 646.4 657 663.1 670.6 676.5 679.9 683.9 685.2 687.8 689.3 688.3 689.6 688.7 685.4 682.6 677.8 675.2 673.7 670.7 666.6 663.2 658.8 655.6 652.8
667.7 675.2 682.2 690.9 702.7 716.9 724 726.9 731.2 735.3 738.3 741.5 743.2 742.8 744.6 739.2 736.6 732.6 727.2 715.4 707.8 699.5 686.8 673.2 661.3 655.6 650.2 640.9 634.6 630.1 628.3 628 627.1 627.1 627.8 633.1 634 636.1 636.4 636.5 633.5 620.3 610.1 609.6 608.2 602.2 595.2 596.2 603.5 610.9 617.8 623.9 631.1 638.9 648.2 655.6 663.9 673 679.4 683.7 688.3 691.9 698.2 704.1 706.2 710.8 710.4 706.3 695.1 690.1 687.1 681.6 679.4 675.3 670.5 667.2 663 659.8
672.8 679.7 688 698.7 713.7 724.9 730.7 735 741.5 745.4 754 757.3 757.8 761.1 760.9 756.8 751.4 745.9 737.8 728.2 719.7 707.6 692.7 680.2 668 660 652.9 644.8 639.6 635.1 632.5 631.7 632 631.8 632.4 636.3 637.8 638.5 638.6 636.6 630.1 620.9 611.8 608.1 607.3 602.3 597 603.4 605.7 610.2 618.1 625.1 629.8 636.9 645.6 652.4 663.2 673.4 680.3 685.8 692.1 700.6 708.7 717.3 726.7 732.6 733.7 729.3 717.2 705.2 698.8 692.8 687.8 683.6 678.7 674.7 671.1 664.8
679.7 687.6 697.1 711.9 720.9 728.7 736 745.2 751.3 758.1 769 773.5 778.4 779.7 782.2 776.7 765.6 753.5 745.3 735.1 726.7 715.1 698.3 685.5 673.9 663.3 657.2 650.5 642.8 640.8 636.8 636.1 634.9 635.5 635.7 637.8 638.6 639.9 637.8 635.8 631.3 623.5 614 608.4 605 600.2 603.7 607 605.8 612.3 618.3 623.3 629.1 635.7 643.4 649.8 659.5 673.3 680.6 687.3 696.7 707.1 714.5 724.2 736.1 745.3 749.6 746.7 739.4 727.7 715 708 702.4 696.4 688.5 682.9 677.5 671.5
687.1 695.7 705.8 715.8 725.2 735.1 745.4 754.5 763.3 771.2 780.9 790 796.8 796.4 796.1 790.1 777.6 763.5 752.5 742.8 732.6 720.5 705.6 690.6 679.5 670.1 661.5 654.6 648.1 645.5 643 641.3 638.6 638.2 638.6 640 640.4 641.4 637.3 634.4 630.9 622.2 613.6 611.2 602.8 600 600.8 605.4 609.5 611.9 617.4 621.9 627.8 636.3 641.4 648.6 659.8 669.8 679.9 689.1 698.4 709.6 717.4 732.5 741 756.6 761 760.3 755.5 745.3 733 725.1 716 706.9 699.3 691 685.9 679.1
692.7 701.2 711 722.4 731.7 743.1 753 763.1 771 780.7 791.3 801.5 808.3 810.3 808.1 799.3 785.5 771.8 758.5 748.9 737.3 724.8 710 697.7 683.5 672.9 664.1 657 654 650.7 648.5 646.1 643.9 640.8 641 643.1 643.2 642.3 639.3 634.7 631 623.5 612.9 608.3 605.2 599.9 602.2 605.1 609.7 613 619.5 626.2 631.9 638.1 640.1 648 657.8 666.6 677.9 688.5 698 709.2 719.1 733.4 742.1 754.8 762.8 766.4 765.4 759 748.4 739.2 728.5 717.2 706.5 700.2 692.8 686.7
698.4 709.9 719.9 730.7 741.6 751.6 762 771.6 783 791.7 801.9 811.5 818.3 819.2 817.4 806.5 791.6 778.5 765.1 752.7 741.6 728.2 714.2 701.4 689.1 677.2 668.4 661.7 658.3 655 653.5 649.5 646.5 644.6 645.1 646.1 646.6 645.9 643.1 639.1 634.7 625.7 615.8 605.8 604.3 601.9 604.2 607.6 611 617.6 622.1 630.8 637 642.8 646 648.5 655.2 663.6 674.7 686.3 696.7 706.6 717.9 728.1 739.1 754.5 760.4 767.3 770.1 765.4 756.1 746.5 736.8 724.5 715.3 705 697.2 690.5
706.2 711 727.8 739.8 749.6 759.7 770.8 781.6 793.4 803.9 814.1 822.2 828.5 828.9 823.2 812.7 796.5 783.1 770.4 755 744.6 732.2 717.5 703.9 691.6 680.9 672.8 665.4 662.3 658.3 655.6 652.2 648.6 648.1 650.4 650.4 650.1 648.4 644.3 641.4 634.1 626.4 616.2 607.2 607.1 603.4 606.9 610.4 616.2 620.3 625.2 635.7 643.3 647.6 650.5 652.8 654.9 659.4 666.9 682.9 694.5 703 713.5 724.6 736.7 748.1 757.1 764.4 768.8 767.3 760.5 751.6 741.5 730 718.1 709.3 700.1 692.6
713.6 718.1 735.6 747.1 757.1 767.2 778.2 791.3 804.2 815.9 827 834.6 841.8 837.4 830.9 817.6 800.4 786.2 772.9 758.6 746.6 734.2 721 706.7 694 683.6 675.5 669.8 665.5 661.3 659.3 656 653.1 651.1 652.5 652 651 649.3 645.9 641.7 637.9 629.3 616.9 608.9 608.1 605.3 611.6 611.4 616.8 621.1 627 639.3 646.7 652.3 656.9 658.4 661.4 666.4 664.6 673.9 689.4 698.5 710.6 720.9 731.1 741.9 751 760.2 765.4 767.1 761.7 753 743.8 732.6 721.7 712.1 702.1 691.8
716.2 726.2 742.2 754.1 763 775.5 787.4 801.6 817.2 830.2 840 848.8 852.2 846.7 836.1 819.1 800.2 786.3 772.6 759.7 748.1 734.9 720.3 707.9 695.5 687.4 680.4 675 668.9 664.1 662 658.1 653.8 655 654.8 653.4 652.3 650.5 646.4 642.9 638.4 631.8 621.3 613.1 610 606.7 611.3 614.9 618.3 624.8 630.6 641.4 650.3 656.2 661.4 666.6 670.8 675.8 676.9 671.9 683.1 696.4 707.1 717.4 726.2 735.9 745.4 754.4 762.4 765.9 760.6 752.5 742.8 731.8 721.5 711.6 701.6 690.8
724.9 734.8 749.2 761.3 772 784.2 797.3 814.3 828.8 843 852.9 858.2 856.8 852 838.7 819 799.9 785.1 772.9 760.6 747.4 733.5 721.7 710 700.3 691.2 683.5 678.9 673.2 667 663 660.7 656.7 657.5 659.4 658 653.3 650.8 646.8 642.4 635.2 628.7 619.2 610.9 611.9 613.5 612 616.4 619.5 626.2 634.1 644.5 653.3 661.7 667.5 674.7 682.8 688.1 689.5 689.1 678.9 692 702.4 712.1 720.9 729.6 739.6 749.4 757.5 759.5 757.4 750 740.5 730.6 718.9 710.1 700 689
731.5 743.1 757 769.6 781.6 794.8 809.1 824.7 846.5 856.9 864.8 865.4 863.7 856.1 842.4 818.6 800.9 786.7 771.7 760.2 749.6 736.5 723.9 714.7 704.2 693.9 687.8 682.7 676.3 671.3 667.5 663.2 660.7 660.6 662.2 659 654.3 652.2 648.3 643.4 636.4 626.1 617.8 614.4 613.5 609.8 611.6 618.3 623.3 630.6 639.7 651.2 661.5 668.7 677.5 685.7 694.9 700.2 704.1 700 693.2 684.3 694.2 708.4 717 725.4 735.4 742.5 748.3 750.6 749.1 745.4 735.4 724.4 717.5 707.3 698.5 688.4
738.7 752.4 764.4 779.4 790.6 804.8 820.6 841.8 859 870.1 875.6 875.3 870.5 860.8 841.2 819.9 803.4 789.4 776.5 763.9 751.9 737.5 729.1 718.5 709.8 700.1 693.1 686.9 680.9 674.3 671.2 667.4 664 663.8 663.7 661 655.7 654.8 649.8 642.9 636.4 625.1 619.2 614.4 613.7 610.3 615.5 617.8 625.2 634.8 643.9 657.6 667.4 675.7 685.4 695.6 704.4 711.7 715.6 711.8 706.5 695.9 690.9 702.6 712.5 720.7 728.1 734.7 739.4 741.9 741.4 737.8 732.1 722 714.6 704.8 696.9 689.1
744.9 758.7 773.9 788.5 801.4 819 836.3 854.2 868.5 879.4 885.2 884.8 878.1 865.8 839.5 822 802.8 789.3 780.6 767.8 754.5 743.7 733.8 724.4 714.4 705.5 698.3 691.5 684.8 679.2 675.7 671.5 668.4 666.6 666.1 663.7 659.6 656.1 652.1 644.2 638.8 626.6 619.1 615.6 611.8 615.6 616.8 622.6 629.5 642.2 650 659.7 672.5 682.2 693.8 703.3 712.7 719.5 723.8 723.2 717 711.7 704.2 698.2 700.7 706.8 720 728.2 733.2 735.2 736.5 734.7 729.5 720.6 711 703.9 698.2 694.1
757.8 768.4 781.9 798.1 813.4 830.8 848.8 865 878.9 889.4 894.2 893.9 886.3 871.7 842.4 825.8 810.7 795.3 781.1 771.7 761.6 749.1 739.1 730.1 719.4 710.3 702.2 696.1 688.7 683.7 679.5 674.7 670.4 671.9 670.1 666.5 662.2 656.9 653.2 645.9 637.1 627.4 619.4 614.4 612.3 616.6 621.6 629 635.4 642.7 652.2 661.4 673.3 686.5 700.5 710.5 720.4 728.1 732.7 732.1 726.5 723.5 719.6 713 707.7 711.6 719.7 727.2 732.5 735.7 735.9 734.1 729 719.2 711.1 706.9 701.8 699.4
763.3 778.2 789.9 808.5 824.4 841.4 859.6 875.9 889.7 899.5 905 903 893.9 879.3 849.8 830.8 814.2 802.7 787.9 777.4 768.3 756.4 745.2 734.8 724.3 714.1 707 699.9 692.9 688 681.2 679.1 674.9 675.1 674.9 669.8 664.5 661.1 653.2 645.7 635.1 623.9 618.9 616.5 614.1 617.6 620 627.4 637.3 646.9 657.2 666.7 679.4 693.3 706.6 718.8 727.9 736.4 742.7 739.8 735.5 731.7 728.3 722.1 720.7 716.6 719 727 734 737 737.3 736.4 730.5 722.1 716.3 710.6 707.9 706.4
771.5 786.7 801.2 818.5 834.4 851.7 870.5 888.1 899 910.1 915.7 910.7 902.3 886 860.1 841.5 822 809.3 797.2 783.1 773.1 761.8 750.3 740.5 729.3 720 711.9 704.7 695.6 688.7 685.5 680.6 678.2 679.1 676.8 672.5 667.7 660.3 654.4 644.4 636.2 626.7 623.5 618.4 615 622.2 622.8 627.9 638.3 649.6 660.6 670.5 683.8 699.1 713.7 729.4 737.9 746.7 750.9 746 742.4 738.1 734.7 732.4 731.4 730.9 726.4 729 735.8 739.4 740.5 737.3 734.7 728.9 721.9 716.5 716.3 715.4
