Game/Highland_Data/StreamingAssets/GeoData/Data/ss/SS43.asc
ncols 200
nrows 200
xllcorner 240000
yllcorner 130000
cellsize 50
[rows 40 to 79 of 200, columns 90 to 179 of 200]
92.6 100 105.3 105.5 103.3 98.9 92.3 85.6 94.5 101 105.5 108.8 111 109.1 103.3 95.2 88.8 84.1 77.9 71.1 62.8 66.1 60.8 60.1 51.8 41.1 51.2 66.4 65.4 61.4 52.9 46.6 42.6 40 38.2 36.5 35.5 34.6 33.8 33 32.2 31.7 31.1 30.1 29.3 30.1 31 32.6 34.7 36.7 39.2 42.5 45.6 48.7 53.3 58.7 64.6 82.3 92.8 102.3 109.8 116.6 121.3 125.2 128.1 129.7 129.4 128.6 127.4 126.5 125.5 123.3 121 117.9 114.6 110.6 106.1 100.7 94.3 86.9 77.2 62.7 47.8 37.5 30.7 34 31.9 28 27.2 27.3
71.2 79.2 85.8 89.3 88.2 80.9 73.4 80.8 89.2 94.9 100.2 104.8 109.3 109.2 105 96.9 87.5 80.9 74.6 67.3 59.9 52.9 46.5 40.7 43.2 37 52.2 56.7 52.2 45.2 40.4 37 35 34 33.2 31.8 31 30.5 29.6 28.9 28.7 28 27.5 26.5 26.5 27.8 29.3 30.9 33 34.9 37.9 41 43.9 46.9 52.5 59.3 76.4 87.2 96.6 105.9 114.8 121.3 126.1 129.2 130.6 130.3 128.5 126.9 125.6 124.5 122.7 120.2 117.8 114.8 110.4 105.6 100.6 95.8 89.9 82 69.8 52.7 41.7 34.8 28.2 26.8 27.1 26.5 26.1 25.3
52.6 58.9 62.1 65.4 62.8 61.4 66.5 70.9 75.9 84.3 91.9 97.3 101.1 100.9 98.5 97.6 94.5 90.6 86.4 80.2 71.4 66.7 53.7 39 33.9 35.1 47.6 44.6 38.6 35.1 33.4 31.5 30.2 29.3 28.5 27.8 27.1 26.8 25.7 25.8 25.5 23.4 23.5 24.2 25.2 26.5 28.3 29.7 31.2 33.5 36 38.8 41.6 45 49.7 67.3 80.8 90.2 97.5 107.2 116.5 123.9 127.5 128.4 127.8 127 125.4 123.8 122.4 121.7 120.5 118 113 110.4 106.8 99.9 93 86.4 80.7 70.7 56.1 41.6 33.2 25.9 24.9 24.1 25.6 25 26.6 29.1
36.5 39.2 41.3 41.6 41 41.1 49 53.7 58.9 66.2 74.7 81.9 84.9 85.6 85.3 84.5 83 81.4 80.4 80 81.3 75.6 64.8 45.5 30.9 32.1 41.1 36.6 32.1 29.9 27.9 26.8 26.2 25.1 24.2 23.4 23.2 23.5 22.5 22.3 22.1 23 20.1 22.4 23.9 25 26.3 27.8 29.5 31.3 33.7 36.2 39.2 43.6 49.3 67.6 81.4 92.4 101.9 110.5 116.1 119.7 121.5 122.3 121.6 120.5 119.2 119.6 118.4 117.4 116.7 114 104.3 99 97.1 90.6 80.3 73 66 55.3 43.2 33.1 26.4 24.6 24.3 24.2 25.5 27.1 38.2 45.9
29.9 32.7 32.8 35.1 34.3 35.6 36.9 40.3 43.2 47.6 53.8 60.2 62.9 64.8 64.8 64.7 62.9 62.3 64.5 68.4 71.4 68.8 59.7 43.7 29.1 30.1 38.7 31.6 27.3 25.3 24.2 23.3 22.2 21.4 20.6 20.3 20 20 20 20.4 20.1 20.4 17.9 20.8 22.7 23.5 24.9 26.5 28.1 29.6 31.4 33.6 36.9 41.1 45.9 63.1 78.6 92.5 103.1 109 110.8 111.5 112.6 113 112.9 113 112.6 109.6 110.1 108.9 108.1 102.5 94.2 91.2 89 82.6 72.3 67.9 60.5 50.4 46.3 33.4 24 23.8 24.4 26.4 38.5 48.6 51.3 62.3
3.2 3.6 15.5 16.8 29.8 30 30.7 33.7 35.2 38.9 38.2 41.4 43.9 44.1 44.8 44.9 44 44.7 47.6 49.9 52 53.5 47.1 35 27.1 26.1 29.2 26.3 23.1 21.7 20.6 19.6 18.8 18.3 17.8 17.6 17.2 16.9 17.5 17 17 18.2 19.2 19.8 21.2 22.1 23.8 24.9 26.4 27.5 29 30.9 31.9 38.6 44.3 52.6 67.7 80.8 89.3 94.6 96.3 99 101.8 103.7 104.3 104.8 104.9 104.2 102.5 99.8 96.9 91.2 87.4 83.6 79.7 74.6 69.8 64.4 59.5 60.2 56 33.5 23.5 23.6 24.6 31 40.9 54.3 65.5 74.3
3.2 3.5 5.6 10.3 12.3 14.8 19.8 23.7 28.2 29.6 30.5 30.7 32.2 31 32 32 32.5 32.2 33 35.1 37.3 33.8 35 30.9 26.5 24.4 23.2 21.7 20 18.9 17.5 16.8 15.8 15.2 15 15 14.6 14.3 14.6 15.9 16.4 17 18.3 18.6 19.5 20.7 22.1 23.6 24.9 25.6 26.5 28.8 32 35.3 40.3 45.1 55.9 62.9 58.7 79.1 79.9 84.8 88.4 93.1 96.4 97 97.2 97.3 96.7 94.4 92.3 88.9 84.8 81.2 77.8 74.1 71.4 68.8 68.9 69.6 58.6 35.5 22.9 22.7 23.2 23 33.6 38.9 51.3 67.2
3.2 3.4 5 16.9 13.2 13.8 12.3 8.9 9.8 15.8 23.3 25.9 27.4 25.1 27.6 28.1 29.1 27.7 28.3 27.4 29 28.5 27 24.2 30.6 23.1 21 19.5 18.5 16.8 15.3 14.6 14.4 14 13.9 13.9 13.8 14.1 14.3 15.4 15.8 16.2 17.1 17.3 18.1 19.2 20.7 21.9 23.2 23.7 22.8 26.3 29.4 32.3 35.4 39.4 43.8 50.8 55.1 56.2 63.9 69.8 76 83 88.5 90.3 90.6 91.3 91.7 92.2 90.8 89.2 86.3 83.1 79.9 78.1 78.3 79.1 80 78.6 65.1 45.8 23.9 22.7 21.8 21.9 27.6 36.1 41.4 54.6
3.2 3.3 4.7 12.9 13.9 16.6 16.8 9 12.9 12.8 14.2 12.8 11 11.6 16.2 17.2 21.3 22.1 21.8 23.2 22 23.9 23.2 21.2 20.6 20.6 21.5 18.1 16.5 15.9 14.4 14 13.2 13.3 14.1 14.6 14.1 12.9 13.4 13.8 14.4 14.6 15 15.9 16.6 17.7 19.5 20.5 21.5 22.1 22.7 24 26.1 28.9 31.4 34 37.6 41.1 44.7 48.7 49.6 58.6 67.5 76.9 81.9 85.5 85.9 87.7 89.2 90.8 90.2 89.5 88.8 87.7 86.4 84.1 85.4 87 88.2 86.5 78.9 58.2 35.4 22.2 21.7 21.3 21.3 29.6 35.7 44.9
2.9 3.1 4.7 11.6 15.6 20.9 24.5 19.1 13.1 12.4 14.2 14.9 12.3 10.2 15.9 11.5 14 13.5 16.1 19 20.6 20 19.6 26.3 19.3 20.3 20.2 19.2 19.4 16.7 14.7 13.3 13.5 13.2 13.1 14.7 14.2 13.4 13 12.7 13.2 13.5 13.8 14.5 15.3 16.2 17.8 18.7 19.7 20.1 21.2 22.4 23.9 26 27.8 30 33.1 36.3 39.3 42.7 47.4 53.2 64.5 73.9 81.6 83.5 82.4 85.7 89 90.2 90.3 88.7 87.5 86 84.9 83.5 83.2 83.8 83.7 83.8 81.2 76.8 54.4 31 22.8 22.7 20.6 22.7 30.9 37.9
2.9 3.4 4.4 11.4 16.1 19.1 23.2 20.5 11.2 8.9 7.9 15.5 16.7 15.3 10.2 11.7 13 10.1 11.2 13.8 13.9 15.1 17.5 20.1 17.4 17 17 15.6 15 14.1 13.4 13.1 12.8 12.9 13.3 13.7 14.3 13.4 12.7 12.2 12.3 12.4 12.6 13.2 14.2 14.7 16 16.6 18.2 18.7 19.2 20.4 21.8 23.2 24.9 26.8 29.2 32.3 34.4 37.4 41.9 51.8 63.3 71.7 76.3 76.3 73 82.2 87.4 89.3 89.7 88.9 86.9 85.5 84.3 82.2 79.3 76.1 74.5 74.1 73.8 72.1 68.7 50.2 26.1 22.2 20.2 20.6 27.7 32.6
2.9 3.3 4.6 11 14.6 14.7 19.6 21.7 18.6 12.8 6.8 8.2 15.7 20.1 16.3 10.7 10.3 9.4 9.4 12.7 15.7 14.7 14.6 13.2 14.1 17.3 20.8 16.9 14.6 13.7 12.9 12.6 13 12.6 12.6 12.7 13.4 13 12.4 12 11.3 11.3 11.4 11.9 12.8 13.7 13.9 14.6 16 17.4 17.5 18.2 19.4 20.6 22 23.7 26.1 28.3 30.1 32.6 36.3 46 55.5 62.9 65.6 59.3 66.1 73.9 78.2 80.9 83.2 83.2 82.8 83.7 84.9 84.3 81.5 76 71.3 65.3 64 65.1 63.9 56.1 41.7 22.6 20.5 20.3 22.9 29.6
2.9 3.5 4.2 10.5 16.5 14.5 11.8 17.1 19.2 20.1 17.2 17.5 15.7 15.6 15.5 13.9 13.4 14.7 11.4 11.1 13.6 12.2 12.4 17.8 20.1 22.9 17.9 17.3 13.8 14.2 12.8 12.3 12.3 12.3 12.6 12.6 12.9 12.9 11.7 11.2 10.6 10.5 10.2 10.7 11.5 12.3 12.6 13 13.7 14.8 15.4 16.2 17.1 18.3 19.6 20.9 22.7 24.8 26.2 27.3 29.6 33.1 39.2 45.3 51 49.9 58.4 63.7 66.8 69.2 72 71.2 72.5 74.8 78.2 81.2 82.3 78.3 72.6 65.9 60.1 58.5 53.5 51.6 38.5 21.2 17.2 20.1 20.9 27.8
2.9 2 4.4 10.5 11.2 13.5 10.3 13.8 18.2 14.3 11.7 6.5 8.8 7.1 7.6 8.9 21.4 15.3 13.3 9.1 9.4 10.6 10.6 12.9 21.1 17.6 13.1 15.7 16.9 13.8 13 12.5 12.1 12.2 12.4 12.3 11.4 12.6 11.3 10.5 10.4 10.2 9.6 9.9 10.3 10.9 11.3 12 11.4 13.1 14.1 14.3 14.8 16.1 17.4 18.6 20.1 21.4 22.5 23.7 24.4 26.2 28.6 30.9 36.1 37.7 45 46.4 48 52.3 56.2 58.9 58.9 64.3 69.3 76 81.7 81.5 77.2 69.6 59.1 52 50.2 39.6 32.8 21.4 17.9 19.4 19.8 26.3
2.9 2.4 4 12.4 12 10 7.4 14.8 13.1 7.9 11.2 9.1 6.9 7.1 7.9 18.5 22.9 17.9 12.2 10 9.5 11.4 11.4 10.3 13 12.6 11.8 12.5 15.6 14.6 12.3 12.4 12 11.9 12 12.1 11.9 12.4 11.9 10.4 10.4 9.4 9.6 8.7 8.9 9.6 10 10.5 10.1 10.9 12.2 12.7 12.7 13.8 15.1 16.4 17.7 18.9 20.2 20.2 21.1 22.5 24.2 26 27.7 30.2 31.2 33.1 35.1 37 38.9 41.9 46.3 50.8 62.5 72.4 81.2 83.4 79.8 73.1 62.8 51.2 41.9 35.8 27.9 20.1 18.3 17.7 19.2 25.1
2.9 2 4.6 11.2 13.9 16 14.6 14.1 10 8.3 16.3 11.4 8.9 7.5 13.2 12.5 17.8 23.7 22.9 13.5 12 9.2 10.4 11.3 11.6 12.4 11.2 10.8 13.4 15 12 13.1 12.1 11.7 11.7 11.7 11.6 11.4 12.2 11.5 10 9.5 8.9 8.5 8.5 8.3 8.3 8.8 9.1 10 10.6 10.6 10.7 11.7 12.9 14.1 15.2 16.3 17.6 18.1 18.2 19.2 20.9 22.8 24.6 26 26.4 27.8 29 30.3 32.7 35.5 38.3 43.9 51.6 65.1 82.6 86.7 83.5 76.8 66.8 55.1 42.7 32.2 24.6 19.2 18.5 16.3 18.8 30
2.9 3.3 4.4 10.5 17 8.6 8 7.3 8.6 6.1 6.4 8.4 8.3 16.3 9.1 8.7 16.9 22.4 22.2 9.8 9.4 9 10.3 12.6 13 10.4 10.9 12.5 10.7 15 16.1 15.8 12.1 11.6 11.6 11.4 11.4 11.3 10.9 10.5 10.7 9.5 9.7 9.3 8.2 8 7.5 7.7 7.8 8.4 8.6 8.5 8.6 9.8 11 12.1 13 13.8 14.8 15.6 15.8 17.1 18.5 19.9 21.4 22.6 23.2 24.4 25.8 27.1 28.8 31.3 34.3 37.3 42.8 53.9 70.9 82.9 86.3 80.1 70.3 57.7 47 32 23.2 19.2 17 16.6 19.2 33.4
2.9 3.5 4.5 14.3 15.7 9.9 6.2 7 6.4 6.1 6.2 7.6 14.8 15.7 9.8 24.9 24.4 20.8 10.3 9.4 9.2 10.6 12 12.1 10.1 10.1 10.2 10.4 10.8 11.6 12.3 13.2 13.1 11.9 11.9 11.4 11.7 11.3 10.8 10.5 10.2 10 9.8 9.4 8.5 8.1 7.7 7.6 6.2 7.1 6.6 7.1 7.5 8.8 9.4 10.3 11 11.9 13 13.1 14 15.1 16.6 17.8 18.9 19.6 20.4 21.7 23.1 24.5 25.4 28 30.8 33.9 37.4 43.9 54.2 70.8 82.6 81.6 72.6 59.5 45.4 30.5 21.4 18 17.4 16.2 18.9 30.6
2.9 3.6 4.7 14.2 13.4 9.9 12.2 6.2 7.2 6.1 6.4 16.7 16 13.8 16.7 18.7 17.5 13.2 9.4 9.4 9.8 9.1 10.1 10.3 9.4 11.1 10.4 10.2 11.3 15 13.1 11.8 12.5 12.1 11.3 11.8 11.4 11.1 10.8 10.5 10.2 9.8 9.6 9.4 8.5 8 7.5 6.1 5.6 5.6 5.6 6.2 6.6 7 7.9 8.8 9.6 10.2 11 11.5 12.4 13.5 14.6 15.8 16.5 16.9 18.2 19.5 20.6 21.9 23.5 25.4 27.7 30.9 33.9 36 42.5 58.6 75.8 83.1 73.3 60.5 45 28.7 22.4 17.2 17.1 17.1 19.5 21.2
2.9 3.4 4.7 8.8 10.7 11.6 8.5 7.9 8.1 8.2 6.6 14.2 10.5 7.4 16.3 24.6 21.9 15.4 9.5 9.5 9.9 10.1 9.9 10 10.2 10 10.6 11.1 14.9 15.8 10.5 11.1 11.5 13.3 13.2 11.7 11.3 11.4 10.8 10.5 10.2 9.8 9.4 9.6 8.8 8.2 7.6 5.9 5.8 5.4 5.1 5.9 6 6.2 6.7 7.5 8.2 8.7 9.6 10.4 11.3 12.3 13.3 14 14.6 15.3 16.6 17.7 18.9 20.1 21.5 23 25.2 28 30.9 33.8 37.2 46.8 62.3 73.2 71.6 59.3 43.5 30.1 21.3 16.5 14.8 17.3 18.7 20.2
2.9 3.6 5 12.8 6.9 9.8 8.6 7.1 6.7 8 11 12.9 11.2 8.7 7.8 14.3 22.4 19.3 11.3 9.1 9.8 10.1 10.6 10.2 9.9 10.1 11.8 10.7 13.9 12.6 12.1 10.5 10.8 13.1 14.5 11.4 10.9 10.9 10.9 10.6 10.3 9.7 9.9 9.3 9 8.1 7.6 7.1 5.5 5.4 5 5.5 6 5.9 5.9 6.2 6.6 8.2 8.6 9.3 10.2 11.2 12.2 12.7 13.1 13.8 15 16.2 17.4 18.6 19.8 21.6 23.3 25.4 28.2 30.7 32.4 37 45.8 55.7 62.4 59 41.6 28.2 19.1 16.3 15.1 16.7 19.5 27.3
3 3.8 5.6 9 8.4 7.2 8 6.5 6.4 10.9 11.6 11.1 8.7 12.5 18.6 24.1 22.1 20.5 11.8 9.6 11.2 10.1 9.9 10.1 10.3 10.3 10.9 10.6 13.5 14.2 11.2 10.7 10.8 12.7 11 10.6 11 11.4 11 10.6 10.2 9.7 9.2 9.2 9.5 8.4 7.7 7 5.5 5.7 5.8 5.9 5.7 5.8 5.7 6.1 6.3 6.8 7.8 8.5 9.3 10.1 11.2 11.6 11.8 12.8 14 15.1 16.2 17.1 18.2 19.7 21.4 23.2 25.6 27.5 29.4 32.6 35.7 39.9 46.6 47.1 39.6 20.7 16.7 14.3 15.3 16.5 20 26.7
3 3.6 8.6 9.7 13.7 7 6.9 6.5 7.6 8.2 12.4 16.1 12.8 10.4 21.1 24.5 23 17 11.4 10.2 10 9.3 9.7 9.5 10.9 10.7 12.4 10.1 15.5 12.4 10.7 10.3 10.4 11.5 10.8 12.6 11.4 11.2 11.2 10.4 10.1 9.7 9.2 9.1 8.9 8.4 7.8 7.3 6.5 5.7 7 5.9 6.1 5.7 5.6 5.8 6 6.7 7 7.4 8.5 9.1 10.4 10.7 11 11.9 13 14 14.9 15.8 17 18.3 20 20.9 22.7 24.9 26.8 28.4 30.1 31.6 32.3 29.6 21.4 17.5 14.9 12.6 15.7 16.8 20.7 24.8
3.1 3.8 9 8.1 6 9.8 8.8 7.7 8 7.2 12.1 13.5 11.5 9 8.6 10.5 16.4 18.3 13.5 13 10.5 10.4 9.6 10.5 10.3 10.8 10.6 11.5 10.8 10.2 10.8 10.6 11.3 11 11.3 11.2 10.6 10.8 10.9 10.2 9.9 9.6 9.2 9 9 8.2 7.7 6.9 6.2 5.7 6.4 6.2 7.4 7.8 6.2 5.6 6.2 6.4 7.3 8 8.1 8 9.2 9.7 10.7 11.4 12.2 13.2 13.8 14.7 15.9 16.9 17.7 18.5 19.9 22.4 23.9 25.3 25.9 26.2 24.3 22.4 18.7 16.6 14.5 14.4 15.1 16.4 22.6 37.6
3.2 4 11.4 5.9 10.4 11.7 7.3 7.1 10 11.6 12.6 18.1 12.5 10.3 9.5 16.9 18 18.5 14.9 11.4 10.2 10.3 10.2 11.4 10.1 10.1 10.1 10.4 10.9 10.1 10.1 10.1 11 15 10.9 10.7 10.7 10.6 11 10.1 9.8 9.9 9.2 8.9 9.5 9 8 7.2 6.8 6.4 7 6.4 6.6 6.5 6.5 6.6 6.3 7 7.4 7.6 8.3 8.4 9 9.6 10 10.2 11.7 12.5 12.9 13.9 15 15.7 16.4 17.4 18.8 20.1 21.2 22.3 22.9 22.6 21.8 18.8 16.7 14.6 13.1 13.9 14.6 16.1 30.6 43.4
3.2 3.6 12.3 10 11.6 11.7 6.9 6.7 7 7.1 7.9 7.9 12 21.5 15.2 30.7 29.1 24.1 15.6 11 10.4 10.2 10.8 10.2 10.3 9.8 9.9 10.8 10.5 10.2 10.1 10.5 11.5 11.7 11.3 10.7 10.6 10.6 10.4 9.9 9.6 9.3 9.2 9.1 9.2 9 8.2 7.3 7.2 6.3 6.9 6.2 5.9 6.2 6.3 6.6 7.1 6.7 7.6 7.6 8.3 8.9 9 10.1 10.1 11 11.5 12 12.3 12.1 13.9 14.8 15.5 16.3 17.4 18.3 19.3 19.9 20.2 20.6 18.8 16.7 15.2 11.1 13.1 13.5 13.9 19.8 29.1 37.4
3 4.2 11.2 12.4 11.5 6.9 6.9 6.9 10.2 11.5 8.2 7.9 7.9 18.6 16 12.8 19 18.4 19.7 13.6 11.6 12 10.3 10.1 10.3 10.1 10.1 10.7 10 9.9 9.9 10.5 13.6 12.2 10.7 10.9 10.6 10.5 10.2 9.9 9.8 9.6 9.7 9 9.2 9.1 8.4 7.4 6.7 6.1 6.4 6.4 5.7 6.3 6.3 6.5 6.6 6.6 6.9 7.6 8.4 9.4 9.4 9.9 10.9 11.4 11.8 12.3 12.9 13.4 13.8 14.3 14.8 15.7 15.9 16.7 17.6 18.1 18.6 18.5 17.4 14.9 13.3 10.9 12.9 13.4 13.3 21.1 28.8 34.2
3.3 4.8 10.4 13.2 9.7 11.5 10.6 8.5 7.5 14.4 8.9 14.8 20.3 14.1 10.9 9.2 9 9.3 15.2 19 13.5 13.1 10.2 10.5 10 10.3 10.4 11 10 9.6 9.9 10.4 12 11 11.2 11.1 10.5 10.2 10 9.9 9.9 9.5 9.5 9.7 9.2 8.7 8 7.6 6.9 6.2 6.2 6.4 6 6.1 6.3 6.6 6.5 6.7 7.5 7.9 8.4 9.1 9.2 9.9 10.5 11.1 11.8 12.5 13.1 13.5 13.9 14.4 15.1 15.6 16.1 16.4 16.4 16.3 16.5 17.3 16.2 14 9.1 11.8 12 12.5 12.6 20.7 26.5 30.4
3.3 4.5 8.4 9.4 7.1 6.6 6.6 9.3 11.3 10.7 18.2 26.1 14.7 11.9 12.3 11.2 9 9.3 9.6 11 19.9 18.6 10.5 9.9 9.8 10.1 10.5 10.5 10 9.7 9.7 9.7 13.8 11.8 10.5 10.5 10.1 10.1 10.2 9.8 9.8 9.6 9.2 9.5 9.6 8.7 8 7.6 7.3 6.4 5.6 7.9 7.5 6.4 6.3 6.7 6.4 6.6 7.1 7.1 8.2 8.7 9.1 9.9 10.6 11.1 11.8 12.7 13.2 13.6 14 14.6 15.2 15.5 15.9 16.3 16.1 16 16.3 17.1 16 13.4 10.8 11.9 12.1 11.8 12.6 19.6 23.9 27.2
3.6 4.5 10.1 10.1 8.1 6.5 7.6 11.1 10.4 9.1 7.7 11 14.1 12.4 15.9 9.7 9.6 9.6 10.3 15.1 17.5 21.3 10.6 9.7 9.7 9.3 9.7 9.5 9.8 9.5 9.8 9.4 11.4 11.3 10.7 10.4 9.9 10 10 9.8 10 9.3 9.3 9.3 9.7 8.3 8.1 7.6 7.3 6.6 6.7 7.6 7.3 7 5.3 6.3 7.1 6.9 7.2 9 9.1 8.9 9.5 10.3 10.7 11.5 11.9 13 13.3 13.6 14 14.6 15.3 15.5 15.7 15.8 16.1 16 16.6 16.9 15.9 14 11.1 11.7 12 11.7 12.7 18.4 22.6 24.9
3.7 4.9 7.8 10.6 11.5 7.2 8.8 9.8 9.7 7.5 7.9 9.4 13.1 20.4 16.4 10.8 9.3 10 12.2 21.7 25.2 18.9 10.5 9.5 9.3 9.8 10.7 10.5 10.5 10.9 10.6 9.5 9.4 10.6 10.5 10.2 9.7 9.9 10.1 10.2 9.6 9 9 9 9 8.7 8.1 7.6 7.3 7 6.9 6.7 7 7 6 7.1 6.8 6.8 7.3 9.2 8.7 9.5 9.7 10.4 10.7 11.6 12 12.7 13.2 13.5 13.9 14.4 15 15.4 15.6 16.1 16.2 16.1 16.2 16.4 14.7 12.8 10.7 11.2 11.5 11 13 15.6 17.5 22.5
3.6 5.2 10.3 7.9 8.8 12.6 9.6 8.2 7.6 8.3 7.7 9.8 14.1 15.4 19.3 11.2 10.1 10.8 11.5 21.7 23 15.9 10.2 10.3 10.7 9.9 9.5 10.3 10.8 12.7 9.4 9.1 11.1 9.9 10.4 9.6 9.9 9.8 9.9 10.2 9.3 9.3 9 9 9.4 8.9 8.1 7.6 7.4 7.5 7.5 6.2 6 7 5.9 6.9 6.4 7.2 9 8.7 8.5 8.9 9.5 10 10.3 10.9 11.9 12.3 12.8 13.3 13.7 14.2 14.7 15.1 15.3 15.7 16.1 16.1 15.8 15.5 14.2 11.6 10.6 10.7 10.8 10.9 13.2 16.2 18.6 19.9
3.6 5.7 7 8.6 13.6 10.1 12.5 13.3 13.6 18.3 13.3 21.6 17.7 16.5 16.7 9.6 9.3 9.6 13.5 23 22.2 14.8 10.1 9.9 10.2 11.7 9.3 9.2 9.6 8.9 8.7 10.2 10.9 10.6 9.2 9.2 9.9 9.7 9.6 9.8 9 9.3 9 8.7 8.6 8.5 7.8 7.9 7.8 7.4 6.5 6.2 6.4 6.7 5.8 6.6 6.7 7.3 9.5 8.7 8.4 8.7 9.3 9.8 10.1 11 11.7 12 12.4 12.9 13.4 14 14.4 14.8 15.1 15.3 15.4 15.7 15.3 15 13.5 10.2 10.1 10.4 10.6 10.4 12.6 14.9 17.4 18.7
3.8 7.8 9 10.6 14.9 8.7 7.3 10.2 12.1 10.5 9.8 11.1 10.9 9.3 9.6 9.4 9.9 11.6 19.7 24.2 21 11.6 10.4 9.7 9.5 9.1 9.2 8.6 9.3 9.5 8.9 9.9 9.5 9.4 9.5 9.8 9.7 9.7 9.7 9.2 9 9 9 8.9 8.5 7.9 7.8 7.7 7.8 6.6 6.6 6.2 5.8 5.6 4.9 6.1 6.8 7.6 9.3 7.9 7.9 8.5 9.1 9.6 10.2 10.9 11.7 11.8 12.2 12.6 13.1 13.7 14.1 14.5 14.9 15.1 15.2 15.3 14.9 14.4 12.2 10.1 9.8 10.1 10.2 10.2 12.2 14.6 16.2 17.4
4.1 8.9 10.3 11 11.9 11.7 14.4 10.2 8.4 8 9.3 15.4 11.6 9.4 9.2 9.7 9.5 18.2 22.8 22.1 11.4 9.5 9.6 9.3 9 8.8 9.3 9 8.4 8.9 9.1 8.7 9.1 9.7 9.6 9.6 9.3 9.1 9.4 9 9.3 9 8.5 8.5 8.3 7.7 7.5 7.5 7.4 6.5 6.7 6.1 6 5.9 5.5 6.4 6.8 6.8 7.4 7.4 7.6 8.2 8.9 9.4 9.8 10.6 10.8 11.4 11.9 12.3 12.7 13.3 13.6 14.1 14.5 14.6 14.6 14.7 14.5 13.4 11.5 9 9.4 9.5 9.5 10.4 12.2 13.8 15.1 16.4
4.2 8.9 10.4 10.3 13.6 9.5 12.4 16.5 10.4 9.3 8.5 9.3 10.9 16.9 14 10.4 10.9 15.7 25 19.6 11.6 9.4 9.1 9 9.5 8.9 8.9 8.7 9 10.3 9.3 9.9 8.6 9.3 9.2 9.5 9.1 9 9.2 8.9 8.7 8.4 8.3 8.5 8.1 7.6 7.6 7.3 6.8 7.2 6.2 6.2 6 5.8 5.5 6.7 6.9 7.1 7 6.7 7.5 8.1 8.7 9.3 9.7 10.1 10.9 11.4 11.8 12 12.4 12.9 13.2 13.7 14.1 14.1 14.1 14.2 13.8 12.3 10.9 7.1 9 9.1 9.2 10.2 12.1 13.1 14.3 15.2
4.6 8.6 10.4 9.6 7.3 10.3 7.5 8.4 14.1 10.2 8.8 10.4 11.4 11.5 17.7 20.9 14.7 12.6 18.6 18.4 12.5 10.5 9.2 9 9.8 9 9.1 8.8 9.3 9.1 9.2 9.1 9.3 9.5 8.6 9.5 9.8 9.3 8.6 8.3 8.1 8 8.2 8.5 8 7.5 7.1 6.8 7.5 6.7 5.8 6.2 6.1 6.1 5.2 6.3 6.8 6.9 6.7 7.2 7.7 8.1 8.6 9.2 9.8 10.3 10.6 10.9 11.8 12.1 12.3 12.6 13.4 13.6 13.7 13.8 13.9 13.9 14 11.2 10 9 9.3 8.7 8.9 10.1 10.9 11.6 13 14.2
4.4 9.2 9.1 7.2 6.4 7.9 9.8 9.2 14.8 10.6 8.7 9.6 11.7 11.8 18.6 21.9 28.9 18 16.6 14.4 11 10.6 9.9 9.8 9.8 9 8.8 9.4 9 8.9 8.8 8.8 8.6 8.7 9 9 9.5 10.8 8.5 8 7.7 7.8 7.9 8.1 7.7 7.8 7.4 6.8 6.9 5.7 6 6.2 6.3 6.1 6.6 6.7 6.7 6.5 6.3 7.4 7.9 8.2 8.7 9.3 9.7 9.9 10.3 10.7 11.7 11.9 12.1 12.9 13.5 13.5 13.5 13.4 13.3 13.7 13.7 11 10 7.7 8.6 8.7 9.1 9.7 9.9 10.4 11.8 13.1
4.4 9.8 7.2 6.3 6.6 15 15 13.8 12.4 8.5 8.8 8.5 13.9 18.2 16.1 22.9 28.5 22 17.5 12 9.7 10.1 9.5 9.5 11.3 8.6 8.5 8.7 8.9 9.5 8.7 9 8.8 8.9 9.3 9 9.7 11 9.1 7.8 7.3 7.5 7.6 7.7 7.3 7.6 7.3 6.4 6.5 5.7 6.2 6.2 6.4 6 6.4 6.4 6.4 6.5 6.6 7.6 7.8 8.3 8.9 9.3 9.5 9.7 9.9 10.9 11 11.6 12.4 12.9 13 13.2 13.3 13.4 12.9 13.6 12.3 9.6 8.9 9 7.9 7.7 8.2 9 9.2 9.4 10.4 11.7
4.5 9.2 8.2 6.8 10.4 9.7 11.3 8.4 8.7 8.3 9.2 9.5 17.3 11 10.6 14 18.5 16.9 13.1 10.9 10.1 10.7 11.3 9.7 9.9 9.5 9.6 9.5 9.1 8.2 8.6 8.5 8.9 9 9 9.5 9.5 10.3 11.3 7.9 7.2 7.1 7.5 7.3 7.4 7.4 7.2 6.8 6 5.7 5.9 6.1 6.1 5.7 6 6.1 6.2 6.9 7.3 7.8 8.2 8.6 9 9.1 9.2 9.4 9.6 9.9 11.2 11.7 11.9 12.4 12.6 12.5 12.8 13.1 12.6 13.1 12.2 10 8.8 8.7 7.2 7.4 7.7 8.6 8.9 9.2 9.4 10.5
