Game/Highland_Data/StreamingAssets/GeoData/Data/ss/SS51.asc
ncols 200
nrows 200
xllcorner 250000
yllcorner 110000
cellsize 50
[rows 0 to 34 of 200, columns 80 to 159 of 200]
158.8 160.6 165.2 168.6 171.1 173 174.3 175 173.8 170.6 167.8 164.2 159.2 154.7 150 136.6 122.2 124.9 134.9 139.7 140.8 141.2 140.5 140.1 138.5 137.3 138.1 141.1 146.2 148.9 147.3 147.1 150 153.1 156.8 159.6 164.5 167.8 170.7 172.3 174.1 175.7 176.6 178.6 179.7 180.8 181.3 179.3 176.9 177 177.8 178.9 179.2 178.9 176.5 172.8 170.1 167.5 163.6 162.1 161.3 161.2 161.5 162.2 162.5 161.9 161.1 160.3 159.8 159.7 159.2 159.4 159.2 160.3 162.1 162.5 161.8 160.7 159.9 158.4
154.9 158.5 162 164.6 168.1 170.9 172.2 171.3 170.5 167.9 165 161.3 155.4 150.4 145.6 140.5 122.6 121 130.1 136 138.3 138.2 137 133.5 135 138.6 141.6 142.8 143.6 146.1 147.1 148.1 148.9 149.2 152.7 157.5 161.1 164.4 166.9 169.2 171.1 172.7 174.3 176.8 179.2 181.4 182 182.2 180.8 180.9 182.3 182.8 182.6 181.3 178.5 175.5 172.5 169.8 167.2 164.2 163.1 163.2 163.6 164.2 164.3 164.6 164 163 162.6 162.8 162.9 162.5 162.7 163.6 163.7 163.5 162.4 160.4 157.7 156.8
154 156.8 160.3 162.9 166.5 168.9 170.3 170.1 168.1 166.1 161.6 157 149.2 142.5 138.5 131.4 121.4 117.9 124.5 134.6 137.9 138.1 132.4 134.7 138.9 142.5 145.4 147.2 149.9 151 150.2 151.4 151.9 152.4 153.8 154.7 157.8 160.4 162.4 164.8 167.5 169.9 173.2 176.8 179.7 182.7 184.5 184.8 184.9 185.3 186 185.7 184.9 183.5 182.2 179.5 176.1 173.3 170.4 168.4 166.7 166.5 166.3 166.1 166.5 166.8 167 165.6 165.5 165.1 165.4 165.9 166.2 165.9 165.6 164.2 161.8 158.6 155.5 151.8
153.5 155.9 158.7 161.3 165.2 167.3 168.6 168.8 166.9 164.9 161.7 158.3 156.6 151.2 147.2 141.3 135.7 118.5 120.8 134.5 135.9 135.1 129.2 135.7 140.1 143.4 146.7 150 152.2 153.8 154.4 154.6 155.1 156.2 158 158.9 157.2 159.3 161.7 164.6 167.8 171.1 174.6 178.2 181.3 184 186.4 186.3 186.8 187.3 188 187.9 187 186.2 184.8 183.3 181.2 179.8 177.5 175.3 173 171.4 170.1 169.1 169 169 168.8 168 167.5 167.5 167.9 167.7 167.4 166.6 165.2 163.6 160.5 157 153.1 150.3
152.4 154.3 156.6 159.9 163.1 165.1 166 166.4 166.6 166.1 164.9 162.8 160.8 157.1 152.9 147.4 140.9 118.3 118.9 129.4 127.1 126.3 127.4 133.6 137.9 140.6 145 150.6 154.5 156.3 157.2 158 159.4 160.6 161 161.3 161.7 161.7 163.4 166.5 169.8 173.2 176.5 179.9 182.4 184.7 186.3 187.3 187.8 188.9 189.9 190 189.8 188.8 187.5 186.2 185 184.4 183.8 181.7 180 178.3 175.8 173.7 172.2 171.4 170.2 168.7 167.3 168.1 168 167.7 166.8 165.4 164.1 162.8 159.8 157.4 155.1 153.1
150.4 151.6 154.1 156.8 159.2 161 163 164.4 165.6 165 164.7 162.8 160.8 157.4 151.4 145.9 140 115.7 116.3 118.2 122.9 125.9 132.9 137.5 142.2 148.2 151.2 154.3 156.7 158.4 159.2 159.9 161.2 162.3 163 163.1 163.7 164.2 166.7 169.5 172.6 174.9 178 180.6 182.9 184.8 186.1 187.4 188.2 188.8 190.1 191.4 191.9 191.7 190.9 189.7 188.7 188.6 188.6 187.2 186.4 184.7 182.9 178.2 174.8 172.9 170.5 169 167.4 166.9 166.9 166.4 165.4 164.2 162.9 161.6 160.6 158.9 157 154.9
146.3 147.8 149.9 152.8 154.9 157.4 159.5 161.3 163 163.8 162.2 160.6 158.2 154.6 147.9 140 125.8 113.7 117 125.6 133.6 138.4 141.6 143.3 147 150.3 153.7 156.9 158.5 159.9 161 161.4 162.8 164.1 165.2 166.3 167.3 168.3 170 172 173.7 175.5 177.9 180.3 182.1 183.6 185.5 185.8 186.7 188 189.8 191.5 192.1 193.3 193.2 192.8 191.6 191.4 191.4 191.3 190.6 188.7 185.9 183 177.2 174.3 171.4 169.1 167.5 166 165 163.8 163.4 163 162.3 161.7 160.6 158.4 154.8 152.3
141.4 142.2 146.3 149 150.7 151.2 154.2 155.7 157.7 159.1 155.2 155.4 153.4 148.3 139.5 139.2 127.4 115.6 112.4 122.3 134.7 139.4 142.3 144.9 147.7 151.3 154.7 157.4 159.3 160.6 161.6 162.8 163.7 164.3 165.2 166.1 166.5 168.5 170.2 171.3 172.9 174.6 176.8 179.1 180.7 181.7 182.5 182.5 184 186.1 187.7 189.2 190.6 190.7 191.7 191.8 192.4 193.6 194 193.9 193.3 191.5 188.5 185.6 180.9 175.8 172.6 168.6 166.5 164.5 162.6 161.4 160.6 160.6 160 158.6 156.9 154.7 151.1 146.9
136 138.7 139.9 141.9 144 145.4 149.1 151.2 151.6 151.4 151.9 153.9 152 153.8 153.5 151.8 144.8 125.6 111.8 114.4 129.9 137.7 141.2 144.8 148.1 151.2 154 155.6 157.3 158.5 159.5 160.7 162 163 163.9 164.7 165.3 167.3 168.9 169.7 170.3 171 172.9 174.8 176.1 177.8 179.4 179.7 180.7 183.5 184.7 185.5 186.8 187.8 188.6 189.6 191.1 192.7 194.3 194.7 194.6 194.2 192 188.6 184.2 178.6 173.3 169.5 166.8 164.8 162.1 159.6 158.7 158 156.4 155 153.3 150 147 147
131.2 132.5 133.4 136.4 139.5 143.1 145.5 146.4 148.8 150.1 151 153.3 155.3 156.1 156.6 154.5 150.2 139.8 118.1 109.7 125.3 134.8 141.3 144.7 148.3 150.8 152.4 154 155 156.3 157.4 158.7 160 160.4 162 162.3 162 162.8 164.1 165 166 167 168.1 169.7 172 173.6 175.5 177.1 177.9 179.2 180.6 180.9 181.7 182.9 183.9 187.3 189.6 191.5 193 194.8 195.6 195.4 193.7 190.2 186.9 181.7 176.2 173.7 171.1 168 164.4 161.1 158.1 156.3 154.2 152.2 149.8 148.9 151.3 153.2
126.3 127.6 129.6 133 136.6 138.7 141.1 143.8 145.8 148.1 149.4 151.2 152.9 154.8 154.8 152.7 149 140.6 117.5 107.1 123.2 138.2 142.8 146 149.2 151.2 152.1 152.3 152.4 153.9 154.6 155.1 156.1 155.4 156 155.8 156.3 157.6 159.8 160 160.8 162.4 164.4 166.9 169.5 171.4 172.6 173.5 174.5 174.5 174.5 176.2 177.1 178.3 181.3 184.3 187.6 190.6 192.4 194.2 195.3 195.3 194.4 192.5 190.8 187.6 184 181.8 179.3 174.7 168.6 163.9 160.7 157.7 156.3 153.7 151.6 155.8 157.4 157.1
123 126.3 129.6 132.5 135.6 138.2 140.7 143.2 145.6 147.4 148.9 150.1 151.4 152.3 152.4 149.7 145.9 135.8 113.2 108.4 126.1 139.9 144.2 147.6 148.8 148.5 147.7 147 146.2 146.8 148.1 149.4 150.5 150.5 151.2 151.8 152.6 154.4 156.2 157.2 158.4 159.6 161.8 164.4 166.9 169.1 169.4 169.8 168.8 168.2 169.8 170.5 172.9 175.5 178.8 182.7 186.3 189.2 191.6 193.6 194.9 195.1 195.4 194.4 193.6 191.8 189.2 186.1 182.5 178.9 174 169.9 163.4 160.7 159.2 154.5 154.8 157 157.6 156.4
124.5 127.2 130.4 133.8 137.5 139.6 141.6 144.4 146.5 148.5 149.5 150.4 153 153 151.4 148.3 142.6 127.7 109.6 109.6 129.9 138.5 142.1 143.2 141.9 140.8 140.4 139.9 140.1 140.8 142.5 144.8 145.8 146.9 148.1 149 150 151.5 153.5 155 156.2 159.1 161.1 163.2 165.8 167.4 167.9 165.6 164.5 164.5 165.2 166.5 169.4 173 177.1 180.8 184.2 187.9 190.4 192.7 194.6 195.2 195.7 195.6 194.4 193.5 191.4 188.5 185.1 180.8 177 171.5 169.2 164.9 161.2 156.2 157.2 158.3 158.5 157.3
123.8 127.1 130.3 134.5 138.5 141.3 144.5 147.9 150.9 151.8 152.3 152.2 152.7 151.6 149.1 142.2 131.4 115.2 102.1 116.3 129.9 132 134.9 135.2 133.7 133.7 134.3 134.7 136.2 137.2 139.4 141.7 142.9 143.9 145.5 147.2 148.4 149.4 151.4 153.6 155.7 158.5 160.7 162.4 164 165 163.1 160.8 159.7 159.1 161.6 163.4 167.6 171.4 174.5 179 182.9 187.6 190.5 192 193.6 194.5 194.7 194.2 193.8 192.4 190.2 188.2 186.3 182.5 179.3 176.2 173.2 169 164.7 159.6 161.2 161.3 160.5 159.5
123.7 127 131.1 137 141 144.4 147.6 150.8 152.8 153.4 152.5 151.4 150.7 148.7 143.5 129.9 112.9 104.3 108.3 122.4 125.2 127 128 128.2 127.8 128.4 129.9 131 132.4 135.1 135.7 138.2 140.2 141.9 143.9 146.6 147.9 149.3 151.8 154.2 155.8 157.3 158.9 159.8 159.5 158.7 154.7 152.9 154.4 156.9 161.5 168.3 172.8 176 179.1 182.1 185.9 188.5 190.2 191.1 191.9 192.8 193 192.4 192.3 191.3 190.2 189.1 186.9 184.8 181.8 179.7 177.2 173.2 165.4 165.4 164.6 164.6 163.7 162.2
126.2 129.7 136.2 140.1 143.4 146.3 149.7 152.4 153.3 152.7 151 148.8 146.9 144.1 133.4 114.1 99.6 103.4 109.7 118.4 120.6 121.9 123.3 123.1 124.5 125.3 126.4 129.2 131 133.3 136 138.8 140.6 143.2 144.6 146.1 147.3 148.9 151.3 153 153.9 154.5 153.8 154.7 154.2 150.4 149.2 152.9 157 161.7 168.2 171.4 174.8 178.1 180.4 183.6 185.6 187.2 188.5 189.2 189.6 190.2 190.5 190.7 191.1 191.4 191 190 188.4 186.7 184.2 181.7 178.4 175 166.1 171.2 171.8 170.1 169.5 169.3
131.2 135.5 138.6 141.2 143.2 146.3 148.4 149.6 150.5 149.8 147.8 145.4 141.4 135.8 120.1 100.9 103 110.2 109.3 109.8 115 116.9 118.6 118.5 123.2 126 128.8 131 133.4 135.5 137.7 139.5 141.2 142.5 143.8 145.1 146.5 148.6 150.9 151.4 151.4 148.8 146.4 145.7 145.1 146 153 156.6 161.7 165 169.3 172.1 175.2 178.1 179.5 181.6 183.5 184.6 186 186 186.1 186.4 188.3 189.8 190.4 190.7 191.1 190.4 189 187.5 184.8 181.5 178.4 174 168.8 175.1 175.7 175.4 175 174.4
133.7 137.3 139.3 141.9 142.6 144.7 146.5 147.5 148 147.5 144.8 142.1 138.6 129.7 110.2 97.7 104.6 114 117.7 113.1 111.3 114.5 119 122 125.1 128.9 131.3 133.1 134.6 136.5 138 139.1 140.3 141.7 143 144.2 145.8 148.1 149.3 149.3 146.6 143.9 141.8 141.7 142 146.6 153.7 159.3 162.9 166.6 170.2 172.7 174.4 176.4 178.3 179.6 181.7 183 183.3 183.2 183.4 185.3 187.2 188.7 189.8 190.5 190.7 189.8 188.7 186.8 183.7 181 176.9 172.4 173.8 176.3 177.6 178 177.9 177.3
135.5 138.7 139.6 140.1 141.4 143.2 145 146.4 146.7 146.1 144.4 140.1 134.7 125 105.3 96.2 104.9 117.6 120.7 120 117.1 115.9 119.3 123.7 128.7 131 133 134 135 136.4 137.5 138.1 139.3 140.5 141.7 143.3 144.9 146.8 147.6 146.4 143.2 141.1 138.9 139.1 141.3 146.8 152.6 157.8 161.4 164.8 168.6 171.2 172.7 175.8 177.7 179 179.9 180.6 181 180.8 182 183.8 185.8 187.7 189.1 190.2 189.3 188.6 188.1 185.3 182.3 180.7 177.4 175.9 175.8 177.5 178.1 178.7 179.2 179.1
134.6 135.9 136.4 138.4 141 142.9 144.7 145.8 146.7 146.3 144 137.7 131.8 118.6 99.4 96.3 107.4 120.7 124.3 125.5 124.8 122.4 120.8 124.4 129 131.5 132.6 133.5 134.5 136.7 136.8 137.5 138.7 140 141.3 142.8 144.2 145.7 146.3 143.4 141.7 138.3 136.3 136.4 142.6 146 150.3 154.6 158 162 166.4 168.9 171.9 174.7 176.8 177.8 178.3 178.3 178 178.7 180.5 182.4 185.1 187.3 188.7 190.1 189.2 188.3 187.6 185.7 184.3 182.2 180 178.4 177.7 177.7 178.1 177.9 178.8 179.7
131.4 134.3 136.6 139.9 142.5 144.2 145.9 147.3 148.1 146.8 141.9 126.5 112 98.8 93.8 99.5 112.5 123.6 127.5 127.9 127.9 125.6 124.2 126.4 127.7 129.2 130.6 132 134.8 136.4 137.7 139.9 142 142.6 143.6 144.9 145.6 146.6 146.8 143.4 140.9 137.3 134.1 135.7 140.8 143.7 146.5 151.8 156.6 160.6 165.8 168.4 171.3 171.9 173.2 174.3 174.4 173.9 175.2 177.7 180 182.4 184.7 187.7 189.2 190.1 189.5 188.3 187.1 185.8 184.5 182.9 181 179.2 178.2 176.9 176.6 176.9 177.8 179.6
131.6 135.2 137.9 140.5 143 145 146.8 148.2 147.7 143.9 129.1 110.9 95.7 92.2 96.1 105.7 120.8 125.2 128.3 129.6 128.4 126.7 126.9 127.8 129.8 131.3 132.1 133.5 134.8 137.3 139.6 141.6 144.5 145 145.9 146.5 147 147.5 147.2 144.6 139.7 134.9 130.5 134.4 137.8 142.5 146.8 151.7 156.6 161 165.4 167.8 169.1 169.3 170.4 170.8 170.8 173.7 176.3 178.9 181.1 183.5 185.8 187.6 189.7 189.9 189.1 187.5 185.9 185.2 183.8 182.3 181.4 180 178.6 176.9 174.7 174.8 176 178
131.2 134.9 137.8 140.2 142.5 144.4 145.7 145.5 142.5 136.7 116.6 97.9 90.3 103.5 111.2 118.4 125.8 129 128.8 127.7 126.8 127.8 128.2 128.4 130 131.6 134.1 135.5 137.4 139.9 142.1 144.5 146.1 147 147.7 147.6 148.1 148.5 146 143 140 131.5 129.1 131.4 140.7 145 149.1 153.3 157.6 160.7 164.7 166.3 167.3 167.7 168.1 168.1 171.1 174.3 177.3 179.7 182.1 184.4 186.8 188.8 189.7 189.2 187.9 186.1 184.5 183.4 182.9 181.9 181.2 179.8 178.1 176.2 173.9 172.2 174.3 176.1
129.9 133.9 136.6 139.2 141.1 142.2 142.1 140.8 138.1 130.6 107.4 89.3 96.6 111.4 122.3 125.8 128 127.6 126.9 125.6 124.9 126 128.3 128.7 130.3 133.4 135.9 137.6 140.2 142.8 144.3 146.4 147.7 148.9 149 148.7 149 149.3 148.2 145.5 140.9 131.3 127.9 136.4 142.9 146.9 151 155.3 158.2 161.3 163.5 163.9 163.6 163.3 164.4 167.9 171.4 174.6 177.6 180.2 182.7 185.1 187 188.3 189.2 187.9 186 184.1 182.1 180.6 179.4 179.7 178.9 176.9 175.1 174.1 172.2 170.2 172.7 175.2
125.2 130.2 133.6 136.5 137.7 137.9 136.6 133.2 129.3 116.3 96.1 87.7 103.5 116.5 124.5 126.5 126.2 125.1 124 124.2 122.6 124.1 126.5 129 132.1 135.2 137.7 139.7 142.5 144.1 146 147.4 148.3 149.3 149.7 149.8 149.9 150 148.5 144.9 141.1 130.8 130.8 139.6 143.5 148 152.5 155.9 158.4 160.1 159.9 159.6 160.1 161.8 164.6 168.2 171.6 174.7 177.8 180.5 182.4 184.3 185.2 185.6 185.4 184.1 182.2 180.1 177.9 175.7 174.7 173.8 173.4 173.2 172.5 171.6 169.9 168.1 170.9 173.5
116.9 122.4 128.3 131.2 133.1 132.3 130.5 125.5 114.2 100.9 86.8 91.4 106.7 119.5 123.7 123.9 121.5 120.6 119.8 119.1 120.3 123.4 126.3 129.2 133.2 136.9 139.5 142 143.8 145.4 146.6 146.7 146.4 147.5 147.1 145.4 145.4 145.1 144.3 142 138.7 125.9 132.6 139.8 144.2 148.3 152.3 156.5 157.2 158 157.7 157.4 159.2 161.8 165.1 168.4 171.3 174 176.3 177.6 179.5 180.9 181 180.9 180.1 179.3 178 176 173.9 171.5 170.6 170.2 169.8 169.6 169.6 168.9 167.1 165.8 169.1 171.7
109.4 113.7 123.1 126.7 127.6 126.1 121.6 115.1 100 88.4 84.3 93.6 108.7 118.5 120.8 119.3 117.1 115.6 115.3 118.1 120.7 123.9 126.7 129.6 133.1 138.5 140.2 142.9 144.2 144.5 145.2 143.9 142.7 141.4 140.5 139.6 139.3 139.2 137.5 134.4 124.8 122.7 133.5 138.9 143.6 148.2 152.1 155.7 157.5 158 157.3 156.6 159.3 162 164.9 165.8 168.2 171.5 174.1 174.7 176.5 176.5 176.5 176.2 175.6 174.6 173.4 172 169.8 167.4 166.7 166.5 166.2 166.1 166 165.8 164.3 164.4 167 169.7
103.2 106.7 114 120 121.2 117.7 110.3 98.8 85.7 81.6 85.1 100.5 111.1 115.1 116.3 115.1 113.1 112.7 115.3 118.9 121.1 124.3 127.2 130.2 134.3 137.2 139.9 141.1 141.3 141.7 140.4 138.9 137.6 136.1 135.1 134.2 133.3 132.1 129.3 125.3 119.5 125.4 132.3 137.1 141.8 147.2 151.6 154.9 156.9 158.2 156.2 155.4 159.2 161.9 164.1 162.3 163.6 166.9 168.6 170.2 171.6 171.4 171.6 170.9 170 169.3 169.2 166.3 164.1 163.7 163 162.8 162.7 162.9 162.9 162.3 162.8 162 164.5 167.2
100.2 105.1 109.8 112.9 115.4 111.5 97.6 82.2 81.3 82.8 90 103.3 108.5 111.6 112.5 112.4 110.4 111 114.5 117.5 121 124.3 127.7 131.2 133.7 135.4 137.5 137.9 137.9 138.1 137.5 134.4 132.1 128.6 127.6 126.3 124 120.3 119.7 117.8 121.3 126.1 130.7 135.7 140.4 146.3 150.8 154.2 156.7 157.1 154.8 152.2 155.6 157.2 157.1 158.4 159 160.5 162.3 164.6 166.7 166.7 165.8 165 164.5 164.1 162.3 161.6 162.3 160.7 159.7 159.2 159 159.2 158.4 158.6 159.5 162.5 164.2 166
97 102 106 107.6 107.5 98.4 81.9 79.3 81.1 87.1 98.6 102.6 104.7 106.6 107.2 106.8 105.2 110.6 113.8 116.9 120.6 123.8 127.4 129.9 132.2 134.8 135.1 134.8 134.5 134.4 133.9 131.4 126 121.9 120.3 118 114.8 113.5 113.7 115.7 119.6 124.8 129.7 134.3 139.6 145.4 150.2 153.7 155.9 154.7 152.8 147.6 148.3 150 152.1 152.6 153.9 155.9 158.1 160.3 162.1 162.7 161 159.8 160.9 160.4 159.4 159.5 158.9 159.1 157 156.4 156.5 156.8 157.7 160 162 163.9 166.1 168.2
91.7 97.4 100.2 100.3 99.4 82.9 76.4 78.9 85.7 92.9 96.2 98.9 100.8 101.5 101.9 102.2 106.4 110.5 114.3 116.9 121 124 126.4 129.2 130.4 132.1 132 131 130.7 129.8 129.3 127.6 122.5 118 116.7 113.3 111.2 110 112.8 117.2 120.4 124.7 129.6 133.4 138.7 144.3 149.5 152.6 153.9 152.6 148.9 145.1 145.3 147.2 148.6 149.3 150.8 152.8 156.1 158.5 159.1 157.9 155.6 154.5 155.5 154.5 153.5 152.7 153.1 152.7 152.6 153.5 155.8 156.9 158.4 160.6 162.8 164.7 166.7 168.9
78.5 85.1 89 91.7 76.3 75.9 77 82.9 85.8 89 93.6 93.4 96.3 97.5 99.5 102.5 105.9 109.9 113.7 117.4 121.3 124.2 126.3 128.5 129.6 129.2 128.8 125.9 123.4 121.5 120.4 118.1 115 111.4 110.1 109.6 109.9 112.3 116.2 120 123.1 125.6 129.8 133.2 138.3 142.8 147.8 150.4 151.2 149.6 146.7 143 142.3 144.5 147.3 147.7 148.8 151.9 155.1 156.5 155.5 152.4 150.2 150 151 150.1 149.8 149.4 148.9 149.4 150.6 154 155.5 157.5 159.5 161.5 163.5 165.5 167.5 169.5
85.8 79.7 77.1 75.7 75.8 75 81.1 87.1 90.7 97.3 100 99.2 98.4 98.7 99 101.5 104.5 108.3 112.8 117.2 120.5 123.1 125.4 127.4 127.9 126.9 125.2 122.2 119 117 114.9 112.8 108.1 105 106.4 109.4 115.3 118.1 120 122.5 125.7 128.6 130.9 134.3 137.6 141.5 145.8 147.2 148.5 146.5 143.9 139.2 137.5 141.5 146 147.2 147.9 151 153.1 153.5 149.8 146.1 145.5 146.4 147.4 147.1 146.6 146.2 147.1 149.2 152 153.6 156 158.2 160.2 162.3 164.5 166.2 167.7 169.1
92 91.1 85.7 81.4 74.6 72.9 79.4 90.8 95.1 98 98.8 99.2 99 97.7 97.3 100.1 103.6 108.8 112.9 116.8 119.4 122 123.8 125.3 125 123.5 121.8 120 116.2 110.8 108.3 104.2 106.3 110.5 113.5 114.8 119 119.4 121.9 124.5 127.2 129.8 133.4 136.5 139.5 142.1 144.9 146.5 145.8 143.6 141.5 139.3 135.8 135.9 140.4 144 145.8 149 148.7 144.7 140.7 142 141.9 143.1 145 146.1 145.6 146.5 147.6 148.7 150.2 153.1 155.3 157.7 160.1 161.8 163.3 163.7 164.9 166.6
98.5 98.8 99.4 98.4 86.9 71.7 75.8 85.9 91.3 94.1 95.8 96.5 96.3 94.8 94.7 97.6 101.9 106.5 111.1 115.7 117.6 118.5 119.4 120.2 119.6 118 117.1 116.1 113 107.6 100.5 105.9 110.7 114 116.1 117.6 119 119.4 121.9 124.8 128 131 134.8 136.9 140 142.5 145.6 146.2 144.9 142.7 140.5 139.1 134.7 133 135.1 137.5 138.3 139.2 141.9 146 147.2 147.4 147 146.7 146.6 146.6 147.2 148.2 149.1 149.9 150.6 152.1 154.7 156.7 158.7 160.2 161.2 161.4 162.1 164.3
