Game/Highland_Data/StreamingAssets/GeoData/Data/ss/SS53.asc
ncols 200
nrows 200
xllcorner 250000
yllcorner 130000
cellsize 50
[rows 156 to 194 of 200, columns 0 to 88 of 200]
24.5 24.6 24 24.4 23.5 23.7 23.1 22.9 23.3 22.8 23 22.6 23 22.5 22.2 21.8 21.4 21.1 21 20.6 21.3 21.3 20.7 15.7 12.7 15.7 18.4 18.7 18.8 17.8 17.6 18 18.1 17.1 14.6 15 14.5 13.7 16.4 17.6 18 17.9 17.4 16.6 16 15.5 14.2 14 14.8 14.2 13.8 13.8 15 15.2 15.8 15.9 15.9 14.6 16 16.6 16.8 16.6 17.2 17.4 17.6 17 16.4 17.3 17.6 19.3 19.1 20.1 20.6 21.4 22.6 25.2 25.2 27.5 28.9 29.9 29.7 30.5 31.6 32.2 35.1 32.3 29.6 32.8 36.2
26.3 26.4 26.1 24.6 24.6 25 25.3 24.9 24.9 24.7 25 25.1 24.4 24.6 24.4 24 23.6 23.6 23.2 23.3 23.1 22.3 20.6 14.4 16.2 19.6 19.8 20.7 20.5 19.7 19.9 19.7 19.2 17.9 16.4 16.3 15.2 15.8 17.2 18.8 19.1 19 18.5 17.8 17.3 16.7 15.5 15.5 16.1 15.8 15.4 14.8 16.2 16.4 16.6 16.7 16.7 16.5 16.3 18.7 17.1 18.6 19 18.5 18.9 18.6 18.7 18.2 18.5 17.9 18.6 19.5 20.4 21 20.7 21.6 22.9 23.7 25.9 25.5 26.6 27.3 27.6 27.4 27.7 27.8 30.6 33.6 35.5
27 27.9 27.4 27.8 26.9 27.2 27.3 27 27.1 26.8 26.5 26.6 26.6 26.3 26.1 26 25.5 25 24.8 24.6 23.5 23.1 17.7 14.6 19.6 20.8 21 22.2 21.9 21.3 20.4 20.7 19.9 18.5 17.3 16.9 17.3 17 18.3 19.9 19.9 20.1 19.6 18.9 18.5 18.3 17.5 17.1 17.8 17.2 16.9 16.6 17.2 17.5 18.5 17.9 17.8 17.2 17.1 17.9 18.7 19.8 20 20.3 20.5 20.6 20.7 20.5 19.9 19.6 20.3 21.3 22.2 22.9 23 23.5 22.8 23.6 23 23.7 24.3 25.2 25.7 26.4 27 29.6 31.8 32.2 34.7
29.1 29.6 29 28.8 29.1 29.3 29.3 29.7 28.8 28.6 28.4 28.3 28.2 28.4 28.1 28 28 27.2 27.1 25.9 24.2 22.2 16.7 16.2 20.7 21.7 22.8 23.4 23.2 22.9 22.2 21.3 20.7 19.6 19 19.1 18.9 20.3 20.2 21 21.5 21.6 20.6 20.3 20.2 20.1 19.6 18.5 18.1 18.3 17.9 18.7 20.8 21.2 21 20 18.6 17.9 17.9 18.7 19.6 21 21.1 20.9 22 22.1 22.2 21.5 21.4 21.5 21.7 22.6 23.9 23.9 24.4 24.6 25.2 24.7 24.2 22.8 24 25.2 24.8 26.4 27.6 29.9 31.9 32.4 34.2
31.7 32.1 32.1 31.4 31.1 30.7 31.6 31.2 30.8 32.5 31.8 30.4 32.9 31.6 31 30.3 29.4 28.8 28.2 26.4 24.1 19.9 15.9 19.3 21.9 23.2 24.3 24.6 24.9 24.3 23.7 23.3 22.1 21.3 20.7 21.5 21.4 22.3 23.3 23 22.6 22.2 22.4 21.9 22 21.6 21.3 20.1 21.5 21.1 20.2 21.4 25.3 25.5 25.4 20.4 19.1 18.5 19.2 20.2 21.3 22.2 22.5 23.1 23.8 24 24 23.6 23.1 23.3 23.7 24.1 25 25.8 25.2 26.2 26.3 26.7 26 25.1 25.1 24.8 25.8 26.8 27.2 29.2 30.2 31.8 33.2
34 34.8 34.7 33.7 33.3 33.1 33.5 33.7 33.7 34.3 33.1 33.7 39 35.1 32 31.2 31.5 30.8 29.7 27.7 25.2 19.6 18.9 20.5 23.8 25.3 26.8 27 26.7 26.2 25.7 25 23.9 23.2 23.4 23.8 23.9 24.5 24.5 24.8 24.8 24.5 24.5 24.5 23.9 23.2 22.5 21.8 22.1 27 26.4 25.2 26.4 26.5 26.4 21.8 19.1 20.9 20.5 21.4 22.6 23.6 23.5 24.3 25.2 25.3 25.4 25.1 24.9 24.4 24.9 25.2 26.1 26.5 27.3 27.3 27.5 27.9 27.7 27.5 27.1 26.4 26.5 27 27.4 28.4 29 31 31.1
36.7 37.5 37.1 36.2 36.2 36.7 36.4 35.8 35.7 33.7 32.5 37.5 39.2 36.3 34 35.2 35.5 32.8 31.3 29.1 26.1 20.6 20.5 22.5 26.6 27.9 29.2 29 28.4 27.9 27.4 26.5 25.5 24.9 25.4 25.8 26 26 25.8 26 26.1 26.3 25.8 25.4 25.3 25 23.9 23 24.2 24 25.8 26.9 27.7 28.9 29.6 27 21.2 21.3 17.7 22.6 24.3 25 24.8 26.5 26 26.9 26.8 26.7 26.4 25.9 26.1 27.1 27.1 27.6 28 28.6 29 29.3 29 28.1 27.2 26.9 27.5 28.3 27.8 28.3 29.2 29.6 29.1
43.1 42.8 42.1 40.7 40.6 40.8 38.1 38.1 37 34.6 36.8 39 39 37.7 37 38.3 36.4 35 32.9 30.6 27.7 22.3 23.1 27.3 29.2 30.6 31.3 31 30.2 29.7 29 28 27 26.8 27.3 27.7 27.8 27.6 27.1 27 27.1 27.3 26.9 27.1 27.3 26.9 25.7 24.5 25.7 26.2 26 28.3 30.2 31.1 31.5 29.3 22.1 20.7 19.1 22.4 25.4 26.1 27.3 27.4 27.6 27.8 28 27.4 27.7 27.5 27.6 28 28.5 29.6 29.5 29.4 29.8 30.1 29.6 29.7 29.4 28.7 29.2 29.4 28.8 29.3 29.6 29.3 28.9
52.5 51.8 52.8 51 49.1 47.9 42.6 43.6 40.2 40.7 40.9 40.8 40.9 42.4 42.7 41 38.5 37.8 34.9 32.4 29.7 22.8 24.8 29.2 31.6 33 33.4 33 32.1 31.7 31.1 30.2 29 29.2 29.6 29.5 29.6 28.8 28.5 28.2 28.6 29.1 29.1 28.8 28.6 28.5 27.2 26.3 27 27.9 27.6 28.9 31.6 33.3 33.8 30.2 23.6 23 23.1 21.6 27.1 28 28.8 29.2 29.2 29 29.1 29.1 28.7 29.3 28.7 29.6 30.2 30.4 31.5 30.9 31.3 31 32.2 32.2 29.1 29.2 28.9 29.2 29.1 29.7 29.7 29.2 28.7
60.9 58.2 58.3 57.7 55.8 55.3 53.1 52 51 48.1 48.4 45.1 46 48.3 47.1 42.9 41.6 40.1 39.8 36 28.2 23.6 27.8 31.4 34.2 35.3 35.8 36 35.4 34.2 33.3 31.5 30.8 31 31.2 31.3 31.3 30.6 30.3 30.2 30.4 31 30.7 30.5 30.2 29.8 29.1 28.3 28.1 29.4 29.2 32 33 33.6 33.6 30.7 27.7 26.4 29.7 30.6 28.8 29.4 30.1 30.3 30.7 30.9 30.3 30.1 29.8 30.3 30.1 31.2 31.7 31.4 31.6 32.2 32.5 32.2 32.3 32.3 31.1 29.5 29.8 29.8 30.5 30.6 29.3 29.4 28.7
64.7 62 61.6 61.4 62 60 59.1 57.4 55.5 55.2 53.2 50 50.3 50.4 48.3 44.9 45.6 43.2 43.5 38.1 25.3 25.2 31.4 34.4 36.8 38.2 39.1 39.1 37.9 36.9 35.9 33.9 33.3 33.4 33.4 33.4 33.2 32.6 32.3 32.2 32.3 32.5 32.1 32 31.9 31.5 30.7 29.6 29.4 30.7 30.7 30.5 31.5 31.3 32.2 31.2 29.2 29.3 31.8 32.4 30 30.6 31.3 31.6 32 32.3 31.6 31.6 31.7 31.2 32.2 32.6 32.2 32.2 32.2 33.2 33.2 32.5 32.7 32.6 32.9 30.7 30.8 31.4 31.4 30.9 30.9 30.4 30.3
66.9 65.5 65.8 65 63.6 63.6 63.3 62.5 60 58.5 56.8 54.7 53.5 53.6 49.9 48 47.9 45.9 44.6 34.4 22.7 30.1 33.8 37.8 40.1 41.6 42.4 42.1 41.4 40.3 38.7 36.6 35.3 35.6 35.8 35.7 35.4 34.7 34.7 35.1 34.8 34.6 35.6 33.5 33.4 33.3 33 31.8 31 32.3 32.5 32 32.1 31.5 30.9 30.5 30.8 30.8 31 31.7 31.6 32.1 32.8 33.4 33.2 33 32.5 32.3 32.4 32.8 32.7 33.6 33.7 34 33.8 33.3 34 33.7 34.1 32.3 32.9 33.4 33.5 33.1 32.9 32.4 31.4 31.5 31.4
70.3 70.9 70.3 70 66.7 67.2 67.6 67.3 65.6 64.7 63 60.1 58.7 55.8 52.9 50 48.8 47.5 45.3 26.7 26.1 32.5 39.2 42.6 44 45 45.6 45.2 44.3 43 41.3 39.3 37.4 37.7 38.2 38 38.4 38.7 38.5 38.1 38.7 37.9 37.9 38.2 36.2 36.8 35.1 34 32.7 33.7 34.2 34 33.6 32.8 32.3 31.4 31.4 31.3 31.3 32.3 33 33.7 34.3 34.5 34.3 34.1 33.7 33.9 34.1 34.3 34 33.8 34.7 34.7 34.9 34.7 35.4 35.3 35.4 34.6 35 35.2 33.8 34.3 34 32.9 33.3 33.5 32.2
77.8 78.2 77.7 75.5 72.7 72.3 72.3 71.9 71 70 68.2 65.3 63 58.1 56.2 52.5 50.1 49.2 34.8 23.7 29.2 37.4 44.6 47.8 50.1 51.6 52.7 51 48.8 47.6 45.7 42.9 40.7 39.6 40.2 41 41.8 41.8 41.3 41.6 42.2 42.1 41.3 40.9 40 38.9 37.7 35.9 35.2 35.8 35.7 35.9 35.2 34.3 32.9 32.1 32.9 32.9 32.9 33.7 34.3 35.1 35.2 35.3 35.1 34.9 35.1 35.1 35.1 35.4 35 35.8 37 36.5 36.4 35.7 36 36.2 36 36.6 36.8 36.9 35.9 35.3 35.4 35.8 33.2 33.7 33.6
82.1 83 83.2 81.8 79 77.6 76.2 75.4 74.9 73.5 71 67.9 66.5 63 60.3 55.5 49.8 44.1 28.3 26.6 32.8 39.5 45.5 50.4 53.8 56.6 58 57.1 54 52.4 50.9 46.4 44.4 42.8 43 43.8 44.1 44.4 45 45.3 45 44.4 44 43.4 42.4 40.9 39.5 38 36.6 37.3 37.5 37.6 37.1 35.7 34.2 33.3 34.8 34.9 34.9 34.9 35.8 36 36.5 36.4 36.7 36.4 36.8 36.7 36.3 37.5 36.9 37.2 37.4 37 37 37.5 37.7 37.7 37.8 38.4 37.7 37.7 37.6 36.7 37.1 36.6 35.7 35.4 35.3
86.3 86.9 87 86.4 86 85.1 84.4 82.6 80.5 78.2 75.5 73.2 70.8 66.5 62.7 56.1 47.6 39.1 26.2 28.5 34.6 38.2 46.8 52.4 56.7 59.7 61.6 62 61.3 59.8 57.3 53.6 48.5 45.1 46.4 48.1 48 48.4 48.9 49.8 49 48.6 47 46.7 45.2 42.8 41.2 39.6 39.3 38.7 38.8 39.1 38.4 36.9 35.8 35.4 36.7 37 36.7 36.9 37.3 37.3 37.7 37.9 37.2 37.8 37.7 38 37.8 38.6 39.2 38.6 39.2 38.1 38 39.1 38.6 38.8 38 39 38.5 39.4 39.4 37.8 38.5 38 36.5 36.6 35.8
91.5 91.8 91.8 92 91.7 91.1 90.3 89.3 86.9 83.8 79.8 77.2 74.5 70.1 65.3 59.2 46.5 35.4 28.4 32.5 36.7 41.4 49.5 54.8 59.3 62.6 65.3 66.8 66.7 65.7 62.6 58.8 53.5 47.2 53.5 54.5 54.6 51.9 52.4 54.1 54.1 53.2 52.5 50.7 48.8 46 43.6 41.5 40.6 40.3 40.8 40.3 39.5 38.2 37.1 37.8 38.5 38.8 38.6 38.6 38.8 39.1 38.7 38.9 39.4 39.3 38.9 39.4 38.9 39.7 39.7 40.3 39.6 39.4 39.2 38 38.5 38.5 39.2 39.9 40.1 40.3 40 39.6 39.8 39.1 37.6 37.8 37
93.9 94.1 95 95.8 96.9 96 95.4 93.9 91.8 88 84.6 81.1 78.4 74.1 69.5 61.3 41.1 30 30.9 36.8 41.2 46.9 54.8 59.3 63.6 66.2 68.6 70.4 70.2 68.9 65.8 61.1 56.7 50.1 56.1 58.2 60 60.1 59.3 59.6 58.4 57.8 56 54 51.8 49.3 46.7 44.6 43 42.9 43.1 42.4 41.3 39.4 39.5 39.9 39.9 40.5 40.5 40.6 40.9 41 40.6 39.9 40.1 40.9 41.7 41.9 41.6 42 41.7 41.6 42 41.8 42 42.3 42.3 42.2 42.1 42.1 41.5 40.8 40.8 41.3 40.7 38.7 39 38.1 37.8
91.6 92.1 93.4 94.9 96.4 97.2 96.7 95.4 92.5 89.5 87.2 85.4 82.8 79.4 75 59.7 38.7 30 35 40.3 45.1 50.7 57.6 62.6 66.7 70 72.6 74.7 74.1 72.2 68.9 63.6 59.1 54.3 56.4 60.8 62.3 63.1 63.4 63.6 63.1 62.6 60.7 57.6 54.5 51 47.5 45.4 44.3 44.7 44.9 44.3 43 41.9 42.3 42.4 43.5 42.4 43.4 44.7 41.3 41.2 42.2 40.9 40.8 41.5 43.4 43.1 42.8 42.7 42.9 43.1 42.7 43.7 41.3 43.3 43.8 43.3 42.9 43.3 42.9 42.7 42.7 42.5 41.8 41 40.5 40.4 40.1
88.6 89.2 90.8 92.1 94.3 93.6 92.6 90.6 88.6 87.2 85.4 84.1 82.6 81.8 77.5 54.2 38.4 32.8 40 44.6 47.7 53.2 60.3 65.6 70 73.8 76.7 78.6 78.3 75.7 72.5 67.5 62.1 59.7 56.3 61.9 63.9 65.6 65 66.4 65.7 64.8 63.3 60.8 57.6 54 49.7 47.4 46.5 46.2 46.5 45.2 44.6 43.8 44.4 43.9 43.3 43 43.3 44.4 45.2 44.2 43.7 42.7 42.6 43.9 44.8 45.2 45.5 45.8 45.6 45.9 45.3 44.9 44.8 45 45.4 45 44.7 44.9 44.8 44.2 43.7 42.9 42.5 41.9 40.9 40.3 39.9
84.5 85.4 86.8 88.1 88.3 87.8 86.9 85.5 83.4 82.8 82.2 81 79.3 78.2 66.9 44.1 37.3 36.8 42.5 46.4 50.9 57 62 67.3 71.8 76 79.2 81.2 80.7 78.3 75.3 70.8 66.5 62.6 59.9 61.6 64.8 66.7 67.6 67.5 67.4 66.3 64.5 61.9 59.6 56.1 52.3 49.3 48.8 49.1 47.7 47.9 47.3 46.7 46.2 46.7 46.9 46.6 46.1 45.8 46.1 46.1 45.2 44.4 45.5 45.3 46.8 47.4 48.3 49.7 49.5 51 50.9 49.5 47.4 47.5 47 46.6 46.5 46.7 46.4 45.7 45 44.3 43.5 42.8 42.6 41.8 41.3
78.9 77.2 80 82.4 82.8 82.1 81.5 81.2 79.6 78.5 76.5 74.4 71.8 67.4 54.4 39.2 36.5 39.4 44.6 48.5 52.5 57.2 62.5 67.5 72.3 75.7 79.2 81.1 81.1 79.1 76.5 72.5 68.1 65.1 63 61 64.6 67.3 68.6 68.7 68 66.7 64.8 62.2 59.9 57.1 52.9 52 51.6 51 50.4 49.9 50.8 49 48.9 49.2 48.2 47.9 47.7 47.1 47.6 47 46.8 47.3 46.2 45.8 48.6 50.3 51.9 53.8 52.7 55.9 56.1 55.1 52.1 49.8 48.9 48.8 48.8 48.7 48 47.3 47.4 46.3 45.4 44.2 43.1 43 42.7
72.2 73.4 72.8 75.1 73.3 74.4 73.6 74.8 73.2 68.9 66.8 63.5 60.7 56.8 49.1 37.4 35.9 40.4 46.5 51.1 55.1 59.1 63.5 67.9 72.1 75.7 78.6 81.1 81.6 79.5 78.1 74.3 70.9 67.6 65.7 65.2 65 68.1 68.8 68.7 67.8 66.1 64.1 62 59.9 56.5 56.3 55.2 54.1 53.2 54.1 54.1 54.2 53.5 53.1 52.2 52.3 50.4 49.4 48.8 49.7 48.9 48.2 47.1 47.8 48.8 50.8 52.6 53.5 55.3 57.9 59.1 59.2 58.3 54.9 53 51.9 51.9 51.4 50.8 50.2 49.6 48.8 48 46.9 45.7 44.9 44.4 44
66.5 65.2 66.3 65.4 65.1 64.2 62.7 62.3 60.4 58.2 57.2 56.1 54.5 51.2 44.4 37.5 36.3 41.4 48.7 53.8 58.6 62.8 66.9 71 74.2 76.8 79.5 81.8 82.8 81.3 79.5 76.2 72.8 70.4 67.8 67.8 67.1 68.9 69.2 69 68 66.2 64.3 63.4 61.2 60.3 59.7 57.4 56.7 56.1 56.3 56.7 57.2 56.7 56.3 55.5 55.4 53.4 51.4 50.1 50.7 50.4 50.5 50.4 50.8 52.1 53.5 55.4 56.2 59.4 59.6 65 65.8 64.8 61.3 57.5 55.6 55 55.7 55.8 55.4 53.1 52 50.7 49.7 48 46.6 46 45
64.2 62.5 59 56.8 56.3 55.1 53.9 52.9 48.5 49 48.2 46.8 45.5 41.9 37.6 37.8 37.3 42.5 48.2 53.8 60.1 65 68.5 71.9 75 77.4 80.3 81.9 83.4 82.7 80.1 77.1 74.1 72.3 69.9 70 70.1 70.8 70.5 70.9 69.5 67.2 67.6 65 64.9 62.3 60.2 59.4 59.4 59.6 59.7 60.7 60.8 60.8 60.1 59.2 58.1 56.1 53.3 53.2 53.9 53.6 54.3 54.7 55.7 57.4 59.5 62.8 64.4 66.4 67.9 70.3 72.5 72.4 71 67.1 62.4 62.1 62.3 62 65.1 64.6 62.1 59.8 55.8 51.3 49.9 48.5 47.6
69.1 66.8 64 61.9 58.7 56.9 55.9 54.1 53.4 51.2 49.4 47.6 45.7 44.2 43.4 40.2 37.4 38.4 44.7 49.2 56 61 65.4 69.9 73.4 76.5 79.5 81.1 83 82.9 81 79 76.4 74.1 72.3 72.1 72.8 73 73.3 72.4 72.1 68.3 69.8 68.7 63.6 62.3 61.8 61.5 61.6 61.5 62.5 62.9 63.4 63.1 62.6 61.1 60.3 57.6 53.7 56.9 58.2 59.6 61.5 63.9 66.6 68.5 70.1 71.6 73.2 74.1 76.4 77.3 77.3 80.2 80.4 78.2 74.5 70.9 69.7 69.4 69.5 71.2 70.9 69.7 67.2 61.5 54.4 53.1 51.3
74.4 74.1 71.8 69 65.1 65.6 62.2 63.5 61.7 59.2 57.1 55.2 53.3 51.3 49.5 43.8 39.8 38.2 41.9 45.7 49.9 54.7 57.9 62.5 68.2 72 75.8 78.3 80.5 82.5 82.6 81 78.8 76.7 75.4 75.1 75.2 75.1 75.8 75 74.7 73.5 67.6 69.5 67.2 66 65.7 65 64.1 64.9 65.1 66.2 66 65.2 64.3 62.6 61.3 60 58.4 60.5 62.7 64.2 66.6 69.6 72.7 75.2 76.7 77 78.9 80.9 82.9 84.5 86 88.1 86.9 84.8 81.4 80.6 78 76.9 77.2 76.8 77.1 76.1 74.6 71.6 62.9 62.5 60.3
79.6 78.9 77.7 76.4 74.5 73 72.4 73 72.4 71 68.1 65.2 61.5 58.3 54.8 48.5 42.2 38.7 42.7 46.1 49.9 54.8 58.9 63.1 67.1 70.6 73 77.4 80.9 83.5 84.9 83.7 81.9 79.3 78.1 77.3 77.3 78.4 80.4 78.3 77.8 78.3 77.7 72.8 72.2 71.5 70.2 68.4 67.7 68 68.8 69.9 69.5 68 66.5 64.7 63.4 61.3 62.1 62.6 65 67.4 70.6 73.7 77.1 79.9 81.9 83.2 85.3 87.4 88.9 90.6 90.9 91 91.7 89.4 87.9 86.7 85.1 84.9 84 81.7 81 80.3 78.3 76.7 73.4 70.5 68.9
82.8 82.7 81.6 79.7 78.6 77.3 76.4 76.6 77.4 77.3 75.5 73.9 70.7 66.6 62.6 56.5 43.5 38.8 43.4 48.8 51.8 59.5 65.2 70.1 73.9 76.8 79 81.3 85.4 88 88.8 88 85.7 82.3 81 81.4 80.1 80.9 82.2 83.3 82 81.9 80.4 78.3 75.6 76.5 74.6 73.1 72.2 72.3 73 72.9 72.5 71.1 68.7 66.3 65.3 63 63.8 65.3 66.5 69.7 72.9 77.1 80.9 83.8 86.4 88.2 90.3 91.6 93.7 94.9 94.6 94.9 94.1 92.6 90.7 89.8 88.4 87.3 86.7 86 84.3 83.5 81.3 80.6 80 78.7 76.5
86 85.5 85.2 83.3 81.6 80.1 79.3 79.9 80.7 80.8 80.2 79 76.1 72.7 68.9 63.8 46.4 41.1 44.7 50.7 55.4 62.9 68.7 73.6 77.2 80.3 83.2 86.2 88.4 90.4 92 92.7 91.9 88.1 85 85.4 86.3 86.2 85.1 86.1 86 85.5 84.5 82.5 83.5 83.4 81.9 80 78.4 77.1 76.2 76.6 76.3 74.5 71.6 68.9 67.4 65.6 66.3 68.9 69.5 77 76.7 79.9 84 87.4 89.7 92.1 94.1 95.8 97.1 97.9 98.3 97.7 96.2 94.4 92.3 90 89.3 88.2 87.3 86.6 85.6 84.4 83.4 82.9 84.9 87 84.5
88.1 88 87.4 86.5 86 84.9 82.9 82.8 82.9 82.1 80.4 79.2 78 75.3 72.6 68.2 57.9 42.5 48.5 53 57.2 64.6 70.2 75.4 79.1 82.1 85.6 89.2 91.5 94 94.9 95.1 95 93.4 90 89 88.6 87.1 87.8 88.5 89.2 89.4 89.1 87.9 88 88.1 87.9 86.7 85.6 82.7 80.8 81.2 80.5 78.4 75 72 69.6 69.1 69.4 74 76.8 76.2 79.6 82.6 86.1 89.3 92.1 94.5 96.5 98.5 99.4 100 99.3 97.9 95.8 93.6 91.6 89.7 88 86.9 85.5 84.2 83.6 82.8 83 83.8 88 91.8 91.1
91.1 90.1 89.4 89.5 88.8 89.1 88.1 87.1 84.5 82.5 80.2 77.2 74.1 72.5 69.7 58 46 45.6 50.3 55 60.4 66 70.9 76.1 79.4 81.8 85.6 90.2 93.7 96.5 97.7 98 97.8 96.5 95 92 90.8 90.8 91 91.6 92.2 92.7 92.9 93 92.9 93.8 93.3 92.8 90.4 89.6 86.9 85.5 83.9 82.2 79.3 75 72.3 71.4 69.1 76.1 76.7 78 80.9 84 86.9 90 92.6 95.2 97.7 99 100 99.8 98.2 96.8 94.4 91.7 89.2 86.8 84.6 82.9 81.7 79.8 78.9 78.6 80 82.3 87.5 90.3 90.3
91.5 90.9 91.7 91 92.1 92.6 91.3 89.2 86.2 82.6 78.2 73.1 68.8 64.4 54.6 47.9 48.5 52.1 54.2 56.2 61.4 66.4 70.4 74.9 79.4 83.6 88.2 92.7 97.2 99.5 100.7 101 100.7 97.9 98.1 96 94.8 94.4 94.4 95.1 96.2 96.9 97.1 97 97.9 98.8 99.8 98.3 94.9 92.1 90.7 89 86.5 83.8 80.7 77.7 75.8 76.1 75.2 76.9 77.7 78.2 82.4 84.8 87.4 90.3 92.7 95 97.3 98.9 99.8 98.5 96 93.2 90.1 87.6 82.3 80.5 77.5 75.1 72.8 72.1 72.1 72.3 73.6 75.9 80.2 82.9 82.7
91.7 91 90.5 90.5 91.9 93.1 90.8 90.4 83.5 77.5 71.5 65.8 58.2 48.8 50 49.8 52.3 56 59.2 62.6 63.5 66.4 71.4 76.1 81.6 86.1 92.4 96.8 100.6 102.6 103.5 103.8 99.6 102.8 102.4 99.9 98.4 98.1 98.3 99.5 100.4 100.4 100.8 101.1 101.2 101.9 102 101.1 100.1 97.8 95.4 92.7 89.8 86.3 83 80.5 79.5 78.8 77.7 76.5 77.4 81.2 83.5 85.7 88.2 90.3 92.8 94.8 96.3 98 98.7 97.1 93.5 88.8 83.4 80.3 76.6 74.3 73.1 70.6 69.6 68.5 67.8 67.1 66.6 67.2 69.2 71.6 72.4
91.2 88.7 86.9 87.3 88.6 90.1 90.5 86.4 81 75.3 68 60.2 48.8 52.7 54.7 54.7 56.6 60.3 65.6 68.5 71.7 74.6 77 79.9 83.4 88.8 93.7 98.2 101.2 103.7 105.4 101.7 104.3 107 106.3 103.3 101.8 101.1 101.2 101.6 101.8 102.1 102.3 103.1 103.4 104 104.5 104.3 103.9 101.9 100.1 96.6 93.5 89.7 87.1 84.6 82.1 81 79.4 79.2 79.7 81.8 84.7 86.1 88.2 90.2 92.2 94.3 95.7 97.3 97.5 96.9 93.5 87.9 84 78.3 75.5 72.8 70.9 69 67.2 64.6 64.5 61.8 60.1 60.5 61.6 61.5 61.1
91.5 87.9 85.3 83.8 84.1 85 83.4 81.2 77.1 71.5 66.2 52.4 50.5 55.4 60.1 63.7 67.3 69.3 71.7 74.3 77 78.6 82.4 85.1 88.1 91.5 95.2 98.2 101.9 105.3 104.8 103.8 107.6 107.7 107.7 106.1 104.5 103.1 101.9 101.7 101.9 102 102.3 103.2 104.6 105.5 106.5 107.1 107.5 106.2 103.6 99.2 94.9 90.9 87.6 85 83.6 82.7 81.7 80.2 80.1 83 84.2 85.4 87 88.8 91.2 93.5 95.3 96.3 96.8 97.4 95.3 90.6 84.8 80.8 75.9 72.6 69.7 67.3 64.5 60.6 58.6 57.2 56.6 55.9 55.6 54.5 52.5
91.2 86.3 82.3 80.6 80.7 79.8 79.2 77.9 74.4 69.2 61.8 51.5 54.6 61.7 65 68.1 71.5 74.5 77.1 79.6 81.2 84.1 86.8 90.7 93.3 95.4 97.1 99.3 102.2 104.3 99.8 106.7 107.6 108.5 109.2 108 106.2 104.1 102.4 101.7 101.1 101.4 101.8 103.1 104.8 106.8 108.7 110.5 111 108.8 104.5 100.9 97.1 93.1 90 87.5 86.2 85.2 84.4 83.6 83.4 83.4 84.1 84.8 86.4 87.8 90.3 92.1 93.5 94.5 95.4 95.5 93.1 90.4 85.1 81.3 76.1 72.4 69.6 66.4 63.2 60.8 55.6 54.4 52.6 52 51.3 49.8 46
90.8 86.4 82.7 77.2 74.5 75.9 75.4 73.6 71.7 69.2 62.7 53 57.3 64.8 67.5 70.5 73.1 76.4 80.7 83.8 85.7 88.1 91.2 94.1 95.5 96.2 96.6 98.5 100.4 99.7 104.3 105.8 107.3 108.1 109 108.5 107 104.6 102.6 100.7 100.2 100.1 100.7 102.2 103.9 106.8 109.2 111.1 111.8 111.1 108.4 104.6 100.7 96.9 93.7 91.5 89.4 87.8 86.8 85.6 84.4 84.3 83.6 84 85.4 86.6 87.5 88.8 90.9 91.4 91.3 92 90.9 88.6 84.9 80.2 76.6 72.2 69.1 66.7 63.8 61 57.9 54.4 52.9 50 46.3 44.7 42.7
94.6 89 84.2 79.8 75.9 71.6 68.4 64.6 64.8 63.1 59 54.9 57.1 65 67.9 71.8 75.3 77.4 80.2 83.9 86.9 90.5 93 93.8 94 93.9 95.7 97.3 99.4 101.6 104.3 105.6 106.3 106.8 106.8 106.8 106.2 103.7 102.1 100.3 98.8 97.9 98.8 100.5 102.4 105.5 107.6 108.9 109.3 109.3 109.1 106.8 103.4 100.1 96.8 94.4 92 90.4 88.3 86.8 84.7 83.5 82.3 82.3 82.8 83.5 83.8 84.5 86 87.4 87.6 87.8 87.9 86.8 83.1 79.1 75.2 72.4 68.7 66 63.1 60.6 57.3 54.3 52.2 49.8 48.5 46.7 44.3
