Game/Highland_Data/StreamingAssets/GeoData/Data/ss/SS63.asc
ncols 200
nrows 200
xllcorner 260000
yllcorner 130000
cellsize 50
[rows 70 to 104 of 200, columns 0 to 78 of 200]
146.5 138.6 151.7 158.6 163 165.5 166.2 166.3 165.2 163.6 159.5 155 148.3 140.9 128.3 103 79.3 54.6 48.6 47.7 60.9 71.2 75.3 75.5 76.8 84.5 93.5 102.1 111.1 117.4 121.9 128.5 132.8 136.7 137.4 140.2 143 145.1 146.8 147.2 145.6 142.9 142.4 143.7 144.1 144.7 147 149.1 151.1 153.7 156.2 157.4 159 161.1 163.2 165.4 167.6 169.8 172.1 174.3 176.6 178.2 179.8 179.6 175.5 163.6 138.5 115.6 104.7 114.8 138.3 151.1 158.2 162.3 165.9 168.6 170 170.2 170.4
137.1 138.5 150.8 157.4 161.1 163.3 163.3 163.4 161.6 159 152.8 143.7 131.7 125.1 117.8 94 70.6 48.2 49 56 71.2 84.2 92.5 93 94.5 101.8 109.9 117.8 123.5 128.3 133.4 137.5 141.8 145.8 147.6 148 150.6 152.7 154 153.8 153.1 152.2 152 152.5 152.8 153.2 153.9 155.9 157.9 159.8 161.5 162.7 161.9 164 166.1 168.4 170.7 172.9 175.1 176.6 178.1 178.6 181.1 180.9 179.5 175 148.1 120.9 102.8 112.3 137.6 154.1 162.8 168.4 173.1 176.4 178.7 180.4 180.6
127.5 142.3 151 155.7 159.7 161.9 162 162.4 160.2 156 148.3 136 122.6 109 100.4 82.9 62.8 48.2 48.7 62.7 77 93.1 105.2 109.4 112.6 118.1 123.6 129 134.2 138.1 142 145.7 149 152.3 154.3 156.2 157.4 157.7 158 159.3 158.3 157 157.5 158.2 158.9 159.2 159.8 160.8 162.8 164.9 166.8 168 167.1 167 169.1 171.4 173.7 174.8 175.2 175.1 174.2 174.9 176 177 174.7 170.7 152.8 121.4 102.4 111 136.4 154.9 164.3 172 176.8 181.1 184.8 187.9 190.6
126.7 138.6 146.6 153.5 157.8 160.5 160.9 161.3 158.7 155.3 151.1 144 130.3 119.1 100.3 79.3 58.6 48.8 50.5 63.7 78.8 96.3 111.2 116.9 120.8 125.8 130.7 135.9 140.9 144.8 147.8 150.4 153.4 155.4 157.5 159 160.2 161.4 162 162.5 162.7 162.2 162.9 163.7 164.5 165.2 165.8 166.7 167.8 169.8 171.9 173.3 172.4 171.5 172.1 173.3 170.9 171 170.8 168.3 164.2 163 166.2 168.5 163.3 153.2 139.3 113.7 102.4 118.7 137.6 154.7 166.2 173.7 178.7 184.1 188.8 192.1 195.4
117 126.9 137.4 147.5 153.6 157.4 159.2 159.6 159.9 157 154.2 149.7 141.9 127.9 107.1 86.1 60.3 47.6 48.2 60.3 77.6 98.5 112.7 121.7 127.3 132.5 137.6 142.8 146.1 149.5 151.1 153.2 155.4 157.3 158.6 160.2 161.9 163 164.2 164.4 164.6 165.3 166.1 166.8 167.6 168.3 171.7 171.6 174.6 176.3 178.4 178.1 177.1 176 172.3 168.3 164.3 159.8 157.1 152.9 149.8 148.8 149 147.4 143.9 133.5 119.5 101.6 106.2 131.3 150.5 163.2 171.4 176.8 182 187.2 192.5 196.1 199.4
111.2 112.6 120.4 137.6 149.1 153 156.6 157.7 158.1 158.3 155.4 152.6 146.8 134.6 111.9 89.7 63.7 47.1 47.7 55.5 73.9 100.6 113.5 123 130.6 136.3 141.4 146.1 149.1 151.4 152.8 154.3 156.4 157.3 158.5 159.6 161.8 163.9 165.6 165.9 166.3 167 168 168.8 169.5 172.6 175.9 179.1 181.7 183.6 183.2 182.4 180.3 174.8 167.3 161 151.5 143.8 137.7 130.5 126 125 127.4 125.4 122.7 114.2 102.1 100.2 113.7 138.6 160.1 169 175.3 180.5 185.6 190.8 196 199.9 203.5
112.7 101 107.1 128.2 143 149.9 153.2 155.4 155.8 156.1 156.9 154 147.9 137.2 114.5 91.5 68.3 47.4 47.6 50.6 68.2 92.5 109.5 121.1 129.3 135.9 140.4 145.2 148.6 149.8 151.1 151.5 151.2 154.3 158.4 159 161.2 163.3 165.7 166.9 167.7 168.6 169.5 170.5 173.3 176.3 179.5 183.5 185.2 185.4 184.2 182.3 177.6 169.1 153.6 142.6 130.4 122.6 115.5 108.8 104.1 103.9 104.1 107.6 101.4 97.9 97.4 108.3 124.9 141.8 160.1 171.7 179 184.2 189.5 194.5 198.9 202.8 206.4
110.5 95.5 101.1 119.2 137.7 144.1 149.8 151.8 152.9 153.6 154.8 153.8 148.4 138.8 116.5 93.5 70.4 50.2 47.2 47.7 63.5 86.3 105.3 119.3 128.1 135.6 139.8 143.6 146.1 147.4 146.8 146.5 149.5 152.9 155.6 158.8 160.6 162.9 165.3 166.4 167.8 168.8 169.6 170.3 172.5 174.5 177.1 179.3 179.8 179.7 178.4 175.6 169.3 154.2 137.7 122.4 109.7 101.3 92.9 88.5 88.6 90.1 93.9 92.2 93.9 95.9 106.7 121.8 141.1 159.1 166.4 173.3 182.9 188.1 193 197.4 201.9 205.7 208.8
106.2 88.4 95.2 110.4 130.6 140.5 145.3 145.1 145.6 145.3 147.2 148.3 145.5 139.1 117.4 95 71.9 51.8 46.6 47.2 60 79.4 104 118.6 126.7 135.1 139.5 141.7 143.6 143 141.9 141.6 144.1 149.5 153.4 157.3 160 162.5 165 166 166.8 167.2 167.9 167.4 166.9 168.8 169.9 171.5 171.7 170.7 167.6 165.4 154.9 139.8 122.6 104.7 89.1 86.8 87.9 91.1 98.8 102.8 103.1 102.6 99.7 109.9 122.5 142.3 160.1 172.5 177.5 179.8 186 191.5 196 200.4 204.8 208.3 211.3
95 82.9 89.5 108.9 127.3 135 138.4 136.9 136.1 135.9 138.1 139.4 139.6 134.8 116.8 95.1 72.3 52 45.9 48 55.1 77.8 102.2 117.4 127.5 135.2 139.1 140.9 138.2 137.8 136.6 135.8 139.3 145.1 149 153.4 157.1 160 162.6 163.6 164.3 163.8 162.9 161 159.9 159.8 161 162.1 161.6 159.5 155.5 150.6 139.8 125.6 107.4 88.5 86.3 86 95.9 105.9 116.8 123.5 122.6 119.1 108.5 121.8 140.5 161.4 170.6 177.6 182.7 187.3 191.6 194.4 198.1 202.8 207.5 210.6 213.5
82.8 71.2 87.3 106.9 124.8 128.5 127.9 125.2 124.1 124.7 126.2 127.4 127.4 125 114.5 92.9 70.9 51.1 45.6 47.1 54.6 82.8 104.5 118.5 128.8 135.5 139.4 138.7 133.3 129.3 128.5 130.2 136.2 140.9 145.4 150.4 153.7 156.8 158.4 159.4 159.2 157.8 154.1 150.4 146.8 145.2 143.9 142.2 141.7 141.2 140.2 136.1 127.1 113.3 96.6 81.4 87.2 99.1 108 121.2 132.1 142.9 141.1 134.3 120.4 124.6 150.6 169 176.4 183.3 187.9 192.4 195.9 199 201.6 204.4 209 212.4 215.6
66.5 65.2 83.4 105.5 115 115.4 112.1 108.6 106.3 106.5 109.4 112.2 113 111.3 99.4 82.3 62.5 47.7 45.6 46.3 58.8 84.3 104.8 119.9 130 135.9 138 133.9 126 120.8 124 130 133.5 140.4 144.4 148.6 150.9 153 154.2 153.3 151.6 147.6 140.8 133.3 127.2 125.2 123.9 121 118.4 121.8 120.9 119.7 113.7 103.3 88.1 82.1 95.8 110.8 125.6 141.4 148.7 154.9 155.1 149.8 135 134.5 158.8 174.3 182.3 188.8 193 197.1 200.3 203.5 206.2 208.8 211.4 214.5 217.8
58.6 69.6 88.5 99.1 101.2 99.3 95 91 88.3 88.3 92.5 96.9 98.9 97.5 89.3 76 57.5 44.8 45.3 47.1 64.8 89.7 107.9 121.5 130.6 134.6 133.5 125.5 116.1 117.5 125.7 131.9 137.6 141 142.9 143.7 145 146.3 146 144.2 139.5 130.2 122.9 115.2 108.4 105.2 103.5 99.8 99.6 102.3 101.7 99.7 97.3 86 79.8 88.8 106.3 123.6 140.6 152 159.2 163 165.8 162.8 150.7 142.8 165.2 178.2 186 192.7 198.1 201.5 204.7 207.9 210.7 213.3 215.1 218.2 221.6
56.3 73.2 77.3 82 83.3 80.6 75.2 69.6 67.4 69.6 74 78.8 82.4 83.3 80.4 69.8 51.5 44.7 45 48.1 71.6 93.1 106.6 118 123.2 127.1 124.4 111.8 107.8 118.4 127.9 133.1 136.9 137.2 137.1 137 138.2 137.6 135.8 130.6 118.8 108.3 100.8 93.6 88.7 85.8 84.6 84 83.3 81.9 81 79.4 77.6 78.4 85.7 100.7 121.3 138.3 150.9 160.5 167.1 172.1 174.8 174.9 166.5 162.3 163.4 177.8 189.2 196 201.7 205.8 209.1 212.3 215.2 217 218.7 222 224.4
46.5 55.7 60.5 63.9 62.7 60.5 55 50.1 48.4 50.4 54.8 59.8 63.3 67.5 65.7 58 43.9 44.2 45.6 50.5 77.1 90.1 96.4 104.6 110.9 114.2 112.9 100.3 106.6 121.4 127.9 129.9 129.2 129.1 129 128.9 127.7 124.7 119.6 111.3 97.8 86.1 78.7 73.4 70.9 72 72.1 72.6 72.7 72.1 74.3 74.8 80.8 88.2 100.2 116.7 135.3 147.5 158.5 167.5 174 180.4 183.2 185.1 182.9 177.2 180.6 184.6 194.5 199.4 204.7 210.1 213.3 216.5 218.7 220.1 222.5 224.8 227.2
37.2 40.1 43.3 43.3 39 38.7 38.6 39.5 39.9 41 43.2 43.6 44.9 48.3 50.1 44.1 42.2 43.9 46.2 61.9 68 77.9 83.5 90 95.7 99 98.3 90 103 112.8 115.9 117.1 116.3 114.6 113 111.7 111.6 108 102.9 91.3 78.3 69.6 67.5 67.3 68.1 69.2 69.9 72.1 73.3 77.1 80.6 85.4 93.9 105.5 119 134.3 149.6 156.4 164.7 173.7 180.3 186.6 190.5 192.2 192.6 191.6 192.4 194.9 198.4 203.3 208.5 213.7 216.6 218.7 220.9 223.3 225.7 228.1 230.4
35.6 35.9 36.6 39.6 39.1 39.4 38.5 39 39.4 39.1 40.7 40.6 41.2 41.8 42.8 42.8 42 42.7 46 49.9 56.2 59.4 67.3 74.6 81.4 85.9 83.4 84.8 96.1 100.8 101.9 100 97.5 95.5 93.5 93 93.3 92 87.3 73.5 64.3 65 67.9 74.5 78.8 82.9 85.8 88 91.4 94.8 98.7 103.6 113 125.5 138.1 151.6 160.7 167 173.2 179.6 184.8 190 193.7 195.4 197.7 197.2 198.3 200.8 203.5 207.2 211.9 216.6 219.4 221.5 225.4 229.7 231.7 233.8 235.9
43.4 39.7 38.5 39.1 40.8 44.4 44.3 46.9 48.1 46.3 40.3 40.6 40.7 40.9 41.4 41 43.8 44.4 44.3 45.1 45 46.6 53.4 60.3 67.5 73.3 71.3 79.6 80.8 81 81.1 79.3 76.8 74.7 73.1 72.3 75.3 74.3 70.2 63 69.1 72.4 81.3 88 93 96.9 101.2 105.5 109.8 115.7 119.5 125.4 132.7 145.3 154.5 162.4 169 174.8 178.8 182.8 188 192.7 196.9 199.4 201.7 202.8 204.3 205.9 208.6 211.3 214.9 219.3 222.4 227.6 232.7 236 238.2 239.3 241.1
62.5 59.2 53 46.5 46.9 49.5 59 68.7 73 70.1 63.8 54.3 45.5 41.9 43.9 50.5 56.9 58.2 65.6 59.9 54.1 45.8 45.9 48.7 53.6 59.4 63.4 60.7 57.6 59.7 59.2 57.2 56.3 55.8 57.1 58.6 60.2 60.9 62 65.8 74.3 85.1 95 101.3 106.9 110.4 115.2 120.2 124.9 130.1 136.6 141 145.4 155.1 162.7 169 175 178.7 182.7 186.7 190.4 193.9 198 201.2 204.3 206.7 209.6 212.1 213.7 216.4 220.9 226.1 230.2 234.9 240 242.5 245 244.9 243.9
83.7 80.8 76.1 69.2 65.9 64.9 65.8 80.2 87.6 89.2 86.7 80.9 71.6 64.5 64.1 68.3 73.3 77.7 77.6 78.4 75.3 66.8 59.3 50.7 50 49.6 51.7 52.1 53.6 56.7 55.9 56.7 58.8 58.6 63.1 64.4 64.2 66.7 72.4 80.2 90.8 99.5 105.9 112.3 117.2 121.7 125.9 129.9 134.2 139.3 144.2 148.2 152.5 161.3 167.3 173.3 178.9 182.8 186.5 188.9 191.4 195 197.2 200.7 203.7 207.6 211.6 214.5 217.5 221.9 227.7 233.2 237.3 241.4 244.7 246 247.2 246.8 245.8
103.5 99.9 95.3 88.6 85 83.9 78.5 87.8 100.1 105.9 106.4 98.4 93.6 89.2 88.4 89.1 92.5 95.3 95.8 95.9 94.1 88.8 80.1 71.2 59.6 49.2 49.1 54.5 58.1 62.2 67.2 72.2 74.8 77 79.4 80.3 80.7 83.9 90.4 97.8 103.9 109.6 115.9 119.9 124.7 127.5 131.3 134.4 139.7 143.6 147 152.9 159.3 164.8 170.2 175.8 181.2 185.5 187.2 188.1 188.8 189.7 192.7 196.8 200.8 205.7 210.9 216.1 220.3 225.4 230.3 235 238.8 242.1 244.7 246.7 246.9 246.2 244.9
122.9 118.6 114.2 110 107.2 102.6 95.4 98.3 111.8 123.7 127.9 120.4 116.2 113.6 112.4 111.7 114.9 116.1 116 115.6 114.7 110.3 102.3 91.5 77.4 64.1 51.1 53.1 62.8 75.2 82.9 87.7 90.9 93.4 93.6 95.2 97.2 99.8 104.6 109.8 114.3 119.5 123.5 127.4 130.7 133.3 136.3 138.2 142.4 146.5 150.5 155.1 159.4 163.6 167.9 171.7 176.4 179.4 180 180.3 181.7 184.1 188.5 192.9 198.1 206.1 210.6 215.2 220 225.6 229.4 233.3 236.9 239.7 242.4 244.5 246.1 245.3 243.4
140.3 136.2 131.7 128.3 125 118.9 110.8 105.7 123.6 132.5 137.5 138.8 138.8 136.7 135.2 133.8 133.8 134 134.8 133.7 132.5 128.7 122.9 111.1 95.9 78.7 62.2 51.6 58.8 78.4 91.9 98.3 101.2 104.8 107 109.5 110.2 110.6 113.3 117.4 121.7 125 128.8 131.2 133.3 134.3 136.5 138.8 140.3 143.7 147.7 151.1 155.6 159.9 163.5 167.2 166.9 168.5 169.9 172 174 180.3 187.3 190.6 197 203.8 209.7 214.9 219.3 224.4 228.1 231.4 234.2 237 239.4 242 243.5 241.9 239.9
148.4 147.6 145.2 141.7 138.2 132.7 123.2 115.7 134 142.2 147.1 148.7 150.7 149.7 148.8 148 149 149.2 149.4 148.4 146.2 142.7 137.1 124.7 108.8 88.5 67.9 52.3 57.5 74.7 93.1 106.2 110.1 114.6 117.6 117.7 117.7 118.6 120.6 123.5 126.7 130 128.3 127.9 126.6 126.9 127.2 129.2 132.7 136.6 140.7 145.5 149.5 152.8 155.8 156.4 155.9 156.8 160.7 171 175.1 181.6 187.7 190.1 196.8 201.9 208.9 213.7 218 222.6 225.8 228.6 230.9 233.6 236 237.8 237.6 236.3 233.3
153.8 153.3 152.9 150.6 147.2 143.3 133.9 125.6 141.4 149.4 155 158.9 161.1 160.7 159.8 159.1 159.9 161 161.7 161.9 158.5 153.6 145.4 133.2 110.9 90.9 70.6 53.7 58.3 78.2 97.2 112.7 119.2 123.8 125.4 125.3 125.2 126.6 128.2 130.1 132 128.3 123.4 118.5 115.3 114.4 115.1 116.1 119.5 125.2 130 134.4 139.4 141.8 142.7 145.8 151.3 158.6 168.7 177.9 183.9 187.9 190.1 193.8 198.5 201.4 207.9 212.3 216.7 220.5 223.5 225.7 226.6 228.7 231.3 230.9 230.4 229 225.3
157.4 157.6 157.9 157.7 154.9 150.9 145.9 138.9 148.9 155.3 160.4 165.1 166.8 167.9 168.1 167.8 168.2 168.5 168.7 168 164.3 157.3 144.3 123.1 105.5 85.3 66.2 56.5 60.5 79.9 101.6 116.1 125.3 129.6 133.2 133.1 133.1 133 133.3 133 130.7 122.6 111.6 105.8 102.3 109.8 115.3 119.5 123 126 128.6 130.6 133 137.6 142 149.9 159.3 170.1 177.4 183.4 189.3 192.6 196 200.5 201.9 206.1 208.6 212.2 215.8 218.7 220.5 221.4 222.4 223.3 223.6 223.4 223.2 221.3 218.3
157.5 160.9 162.8 163.9 161.8 159.1 155 151.9 156.3 160.6 164.7 167.9 170.8 171.7 172 172 171.8 171.7 171.6 170.4 164.9 155.5 134.2 115.2 92.2 75.1 58.3 56 65.8 83.9 104.7 120 130.2 135.5 139.5 140.6 140.2 138.7 135.4 130 121.6 113.6 102.1 101.5 116.5 128.1 134.4 139 141.2 145.3 146.9 145.6 149.9 151.5 154.4 161.6 169.6 176.3 181.7 187.6 193.2 197.1 200.9 204.1 206.6 209 211.4 214.3 215 216.7 216.7 217.5 218.4 218.3 216.5 216.3 216.1 214.1 210.9
155.7 160.2 163.2 165.6 165.5 163.1 162.1 161.4 162.3 165.1 168.4 171.7 174.5 176 176.3 173.5 172.2 171.7 169.6 166.8 160.9 146.9 124.4 104.4 81.7 63.9 57.6 61.2 73.2 92.1 111.8 122.9 132.7 137.9 140.1 140.1 137.9 134.4 126.2 117.8 108.8 97.8 93.4 108.3 125.1 137.2 144.7 149 151.8 154.9 155.8 158.4 161 164.1 168 174.5 177.8 180.9 185.9 191.8 196.2 199.5 202.8 206 208.8 212.6 214.2 215.6 214.5 214.1 213.5 213.7 214.1 212.6 210 209.3 208.7 204.1 196.7
152 155 160.1 163.6 165.1 166.7 167.4 167.3 168.1 171.2 175 177.2 178 179.6 176.7 173.8 171.5 168.1 163.6 160.5 151.9 139.1 117.4 96.6 74.2 59.1 63 70.7 83.7 102.6 119.5 126.6 126.8 125.4 124.7 123.8 122 118.5 112 103.7 93.4 88.6 100.9 118.2 135 143.5 150.5 154.4 157.5 161 164.3 167.4 170.4 173.6 176.7 180 184.3 187.7 191.2 194.5 197.6 200.8 203.6 205.7 208.5 211.7 210.1 211.5 210.8 210 209.6 209.4 208.5 207 204.6 202.2 199.9 192.7 183.5
141.2 149.7 156 161.6 164 166.5 168.4 170.3 172.8 175.6 178.3 179.5 180.3 180.5 177.9 174 169 162.3 155.6 152.3 143.7 129.7 115.5 92.3 69.8 60.2 73.4 86.4 99.6 110.6 112.5 111.5 108.7 106.5 104.4 104.7 102.2 100.1 95.4 87.6 84.6 94.9 112.1 130.7 141.9 149.4 155 158.8 162.7 166 169.1 172.7 176.4 177.5 181.3 185.3 187.9 190 192.1 194.4 197.1 199.8 202.2 204.7 206 206.5 205.9 205.3 204.9 204.4 203.7 203 202.4 201.1 199.1 195.6 190 178.6 178.4
139.3 145.9 152 158.1 162.5 166.9 170.7 172.6 175.2 178 180.8 181.7 182.2 182 178.9 175 169.4 162 151.3 138.5 127.8 116.3 103.4 92.2 71 60.8 71.8 91.2 101.1 98.2 96.2 92.7 88.4 86.5 84.2 82 78.9 79.8 79.6 80.3 88.7 105 123.9 136.7 144.7 152 157.9 161.2 164.5 169.8 173.9 177.4 179.6 182 184.2 186 188 190 192.1 193.2 195.9 198.4 199.9 200.7 200.6 199.6 199.6 199 198.4 197.5 196.6 193.1 193 191.3 189.6 186.4 178.7 165.6 175.2
136.5 142.1 149.2 155.6 162 167 171.1 174.8 177.4 180.4 183 183.5 183.8 182.6 179.4 176 169.8 162.2 149.6 128.9 116.2 105.4 99.7 96.2 85.1 67.9 61.3 75.7 81.9 81.1 77.2 71.1 68.4 68.9 69.2 70.5 71.7 72.6 76.3 83.7 94 109.9 123.9 133.4 143.9 151.1 157.1 162.4 166.1 170.8 174.6 177.9 180.1 182.3 184.2 185.9 187.7 189.9 191.7 192 193.6 194.4 195.2 196 195.8 194.2 193.2 192.6 190.4 188.4 182.8 179.6 181 179.8 176.9 171.9 163 162.2 166.6
129.9 137.3 145.6 153.4 159.9 165.5 169.9 174 177.3 180.3 182.8 183.7 183.8 182.3 179.1 175 169.2 162.1 149 126.5 119.1 121.7 120.5 113.7 104.6 86.5 65.1 63.4 66 66.8 67.6 68.1 70.2 73.9 78.2 81.3 83 82.5 78.3 73.5 81.2 94 108.7 123.4 133.9 144.6 152.9 158.9 164.3 168.6 172.2 175.7 177.9 180.2 182.6 184.3 185.7 186.5 187.5 188.4 188.9 189.6 190.4 191.2 191 189.4 187.9 185.8 183.2 179.1 169.3 165.5 166.8 162.6 158.6 155.9 149.7 151.3 150.4
125.9 133.2 140.9 149.5 156.6 161.9 167.3 171.7 175 177.6 179.9 181.7 180.7 179.4 176.5 171.8 167 160.1 147.9 131.4 128.8 138.6 138.1 129.8 114.4 94.9 78.4 68.6 68.6 70.7 74.6 81.5 84.6 86.9 92.1 96.6 100.2 99.9 95.7 88.1 78.7 77.7 91.3 105.8 120.2 134.1 143.6 153.2 159.2 164 167.1 171.5 173.8 176.8 179.7 181.4 182.3 182.8 183.6 184.4 185 185.6 186.2 186.6 186.5 185.2 182.8 180 176.5 166.8 153.9 147.7 145 143.3 141.2 140.1 138.5 138.4 139
121.8 129.1 136.5 146.6 154 159 164.1 169.1 172.3 174.7 176.9 177 177.1 176.8 175.4 168.1 161.5 152.1 141.9 137.7 144 148.9 144.2 134.3 116.5 96.2 83.8 74.2 74 85.4 92.2 96 98.8 101.6 106.4 111.2 114.6 115.9 113.9 106.9 95.9 86.8 80.7 87.5 101.1 114.3 128.2 139.6 150 157.1 162.1 167.4 170.4 173.4 176.5 178.4 179 179.4 179.9 180.4 180.6 180.8 181.1 181.2 180.6 179.5 173.9 169.6 161.8 148.3 135.1 128.7 129.8 132.1 132 134.6 138.4 145 153.4
