Game/Highland_Data/StreamingAssets/GeoData/Data/ss/SS81.asc
ncols 200
nrows 200
xllcorner 280000
yllcorner 110000
cellsize 50
[rows 0 to 34 of 200, columns 78 to 155 of 200]
255.8 256.5 256.7 256 254.4 252.7 249.8 247.3 245 242.1 239 235.4 238 242.5 245 247.2 249.5 252.1 254.6 256 256.7 258.4 257.9 256.7 255.3 253.3 251.4 248.7 246.5 243.5 241.7 239.1 234.2 232 227.8 227.8 235.9 239.6 242.8 245.5 248 250.2 252.6 255.1 257.9 259.6 261.4 262.3 262.7 264.8 264.3 263.7 262.3 260.7 258.1 255.3 252.4 248.2 239.6 242.7 241.4 237.7 231.3 219.8 215.8 215.5 214.9 211.9 209.5 204.8 199.1 192.8 186.4 183.4 179.8 177.9 188.2 196.8
256.6 257.3 257.6 256.2 255.3 253.4 251.5 249.4 246.7 243.3 239.2 234 239.2 242.6 245.9 247.2 251.4 253.2 255 256.8 257.3 257.7 257.6 257.3 256 254.1 252.2 250 247.6 245.3 243.2 240.3 237.6 234.1 227.8 229.3 235 237.6 241.3 244.7 246.9 249.3 251.6 254.5 257 259.4 261.3 262.7 261.3 264.9 263.8 262.8 261.4 259 256.7 254 248.2 246.2 249.6 249.6 246.3 242.9 239.5 235 231 222.3 214.6 209.8 202.8 200.8 200.1 200.5 198.6 192.2 185.1 178.2 174.8 175.8
256.6 256.9 256.6 255.4 254.4 253.9 252 249.8 247 242.9 237 232 239.8 243.2 246.2 248.8 251.8 253.3 255.2 256.2 257.1 257.1 256.8 256.1 255.1 253.7 252.1 249.9 247.7 245.1 242 239 235.9 231.5 224.2 227.2 232.7 235 238 242 244.9 247.5 250.3 253.4 255.9 258 260.1 262 260 264.1 263.6 262.9 261.3 259.7 257.2 254.6 252.8 253.6 255.1 254.7 252.9 251 249 245.6 241.3 237.3 233 226.5 222 217.3 214.2 210.9 205.2 197 190.2 184 181 175.8
256 256 255.6 254.8 254.1 252.9 251.4 249.2 246 240.8 234.7 233.6 239.2 242.3 245.1 247.4 250.8 253.4 254.5 255.5 255.6 255.9 255.8 253.8 254.1 252.5 250.6 248.4 245.7 242.9 239.4 236.2 232.1 230.3 223.8 223.9 228.7 232.1 235.3 239.3 242.5 246.5 249.5 252 254.2 256.2 258.3 260.6 258.1 262.9 263.1 262.8 261.8 260.6 259 258.2 257.8 257.4 257.2 256.8 255.8 254.4 252.3 249.7 246.2 242.8 239.2 234.8 230.1 225.3 220.5 216.2 211.1 203.9 196.4 192 189 184.3
254.7 254.5 254.1 253.2 252.6 251.3 249.8 247.8 244.7 240.4 233.3 231.5 236.9 238.7 241.6 245.5 250.1 253.3 253.9 255.2 255.6 255.4 253.9 252.1 251.3 250.7 248.6 246.5 244 240.5 238 234.8 232.4 229.1 225.2 219.9 225.6 231.5 235.7 238.8 242.6 244.4 248.1 250.3 252.4 254.2 256.1 258.9 257.6 261.3 261.8 262.2 262.1 261.4 261.1 260.3 259.7 259 258.1 257.8 257.4 256.6 254.2 251 247.7 243.8 239.4 235.3 231.9 227.3 222.6 217.6 213.5 208.1 202.8 198.5 195.8 190.5
252.4 251.7 251.1 250 249.7 248.8 247.4 245.6 243.2 238.2 232 231.1 236.1 240.8 244 247.1 249.5 252.4 253.9 254.6 255.1 253.3 252.6 250.4 248.7 247.9 247 245.5 243.5 240.4 239 237.4 235 231.8 226.1 218.1 226 233.8 236.5 239.7 241.9 244.1 245.3 247.1 249.1 251.9 254.3 256.3 257.7 259.2 260.7 261.5 262.6 262.9 263.1 262.4 261 259.1 256.9 255.8 255.6 255 253 249.7 246.1 242.1 238.1 234.7 231.8 227.2 222.6 218.3 214.4 210.3 205.9 201.9 196.1 189.9
250 248.6 247.6 246.4 246.1 245.5 244.5 243.1 240.9 235.7 229.9 232.5 238.6 242.1 245.4 249.5 251.3 252.6 253.5 253.9 252.9 251.8 249.7 248.8 247 246.2 244 242.7 241.9 240.4 238.5 237 234.8 231.6 226.9 218.4 223.2 232.4 235.6 237.8 239.3 240.3 241.1 242.1 244.7 247.9 250.9 253.6 256.9 256.7 259.1 260.5 262.1 262.5 262.6 261.8 259.6 256.8 254.1 252.8 252.2 252.3 250.5 248 244.9 241.3 237.8 234.5 231.5 227.8 224.6 220.7 217.2 213.1 208.3 201.8 192.8 185.3
246.6 244.7 243.3 242 240.7 240.8 241.3 240.5 238.4 233 226 234.1 239.5 243.2 246.3 249 250.7 251.9 252.5 252.4 251.4 251.2 249.9 247.9 245.6 243.2 240.8 240.9 239.7 238.6 236.8 235.2 231.4 226.3 221.9 219.4 219.1 228.8 231.9 234.2 236.3 236.9 237 238.1 241 244.1 247.5 250.1 255.1 253.8 257.2 259.5 261.7 262.3 262.2 260.8 258.5 254.4 251.3 248.9 249.1 249.4 248 246.1 243.7 239.8 236.6 233.6 230.2 227.6 224.6 221.3 217.4 212.7 207.9 199.3 189 180.8
243.8 242 238.7 237.6 236.9 237.7 237.6 237.1 234.9 228.2 228.9 237.1 241.1 244.9 246.4 248.3 249.4 250.4 250.8 251.1 250.4 249.8 250 248.1 245.9 243.3 240.6 238.1 235.3 235.6 233.8 232.7 225.7 228.8 227.5 222.2 215.4 223.7 227.8 229.1 229.4 229.7 230.4 231.5 234.4 237.5 242 245.2 253.2 251.9 255.9 258.8 261.4 261.9 261.1 259.2 256.5 251.6 246.9 244 243.7 244 243.5 242.9 240.5 237.7 234.1 230.6 226 223.1 220.8 218.2 214.8 210.1 203.3 194.8 184.3 178.3
241.2 238.7 233.9 232.3 231.9 232 231.9 232.4 229.6 225.5 232.4 237.8 241.1 243.4 245.1 246.4 247.7 248.6 249 249.2 249.1 248.6 248.8 248.3 246.1 243.4 240.2 237.3 234.1 232.4 230.2 229.8 227.8 229 226.7 221.9 213.9 217.4 220.6 220.6 221.3 226.2 230.7 235.9 240.2 242.5 243.4 244.7 250.5 250.8 254.9 258 259.9 260.4 257.1 254.1 250 247.4 242.2 236.8 234.3 234.2 236.2 237.3 236.6 234.1 229.7 225.5 220.1 216.8 215.1 214.1 211.6 207.4 199.9 191.2 183 191.2
237.1 233.9 228.3 225.9 225.4 227 228.2 227 224.5 229.1 233.7 236.3 238.7 240.8 241.9 243.3 244.5 245.8 246.4 247 246.8 247.9 247.3 247.5 245.4 243.6 240.9 239 236.7 235.7 235.3 233.9 231.8 230 227.1 220.5 212.8 213.9 224.5 228.6 230.3 233.9 237.1 241.4 244.7 247.4 248.8 250.5 253.2 254.6 257 258.1 258.6 258.4 255.5 252.6 248.9 247.6 244.3 243 240.9 235.5 228.5 226.6 231.5 231.3 228.2 225 221.5 216.5 209.4 208.2 206.8 202.2 194 184.9 191.6 206.8
231.9 227.6 220.9 218.5 218.7 219.7 221.3 222.6 227.1 231.5 234.5 235.7 237.9 238.8 240.6 241.6 243.4 244.5 244.9 244.7 245.5 247.3 247.8 246.7 245.4 244.9 242.6 242.5 240.4 239.2 237.8 235.9 234.3 231.5 225.9 219.9 212.7 214.9 226.6 232.2 236.1 238.8 241.7 244.7 247.4 249.5 251.3 253.2 255.2 257.1 258.5 258.5 258.1 257.3 255.9 254.3 252.3 250.4 248.8 246.6 244.4 241.6 236.9 229.7 219.3 222.9 223.2 222.7 220.5 217.1 210.7 205.5 201 195.8 188.2 187.6 188.5 203.5
228.7 221.8 215.3 219.1 225.6 225.9 228.7 230.4 231 232.2 234.2 234.6 235.6 237 238.8 240.3 241.7 242.2 242.3 242.8 244.6 246.7 247.6 247 245.6 245.8 245.9 244.7 243.6 241.6 239.7 237.4 234.3 230.5 225 218.5 210.1 216.4 227.1 232.3 236.6 239.1 241.4 243.5 247.1 249.7 252.8 255.1 256.9 258.6 258.2 258.1 257.2 256.1 254.8 253.8 252.6 251.3 249.9 248 245.8 243 238.4 234.5 228.1 219.2 211.8 216.5 216.2 215.3 211.2 203.7 195 188.4 195 196.3 199.6 192.6
225.2 217.6 214 224 227.7 229.3 231.2 231.5 232.3 232.6 232.4 232.7 233.1 234.4 236.3 237.6 238.4 238.8 237.5 241 243.7 245.6 246.7 247.3 245.5 245.2 244.9 245 244.2 242 239.3 236.2 233.1 228.2 222.1 213.3 209.1 219.7 226.2 230 232.9 236.2 238.3 241.8 245.7 249.5 252.9 255.7 257.3 258.7 258 256.9 255.5 254.2 252.5 251.7 251.4 250.6 249.8 248 245.6 242.4 237.8 233.1 227.5 220.9 218.2 210 206.3 210.9 207.5 199.5 190.9 205 209.1 210.2 211 207.9
221.5 213.5 214.6 222.1 228.2 231.2 231.9 232.4 232.1 231.4 230.8 230.4 229.9 231.1 232.7 233.9 234.8 234.9 236.1 238.7 241.2 243.6 245 244.7 244.5 244.8 244.3 244.4 243.6 241.3 236.9 234 230 225.7 216.2 211.3 209 216 222.4 226.5 229.8 231.8 233.3 237.9 242.2 247.5 252.6 255.5 257.6 257.3 256.7 255.7 253.8 251 249.4 249.3 249.1 248.6 248.1 247.2 245.5 242.1 238.3 233.5 229.1 225.2 221.9 217.6 211.5 202.5 197 194.7 208.8 218.7 215.5 219.5 219.4 215
217.1 209.9 217.1 226.9 231.6 232.5 231.9 230.9 230 229.1 227.9 226.5 225.7 227.3 229.1 230 230 230.5 233.9 236.3 238.9 241.6 243.1 242.5 243.2 243.5 243.3 242.8 242.2 239.9 237 233.5 225.4 220 214.6 209.9 208.2 213.8 217.6 220.8 222.3 229.2 234.9 241.1 246.3 250.1 253.8 256.4 256.2 255.9 255.2 253.8 252.2 249.8 247.1 245 246.3 246.1 246.1 245.4 244 241.6 237.7 233.2 228.2 222.6 219.3 216.1 207.6 198.2 206.3 214.2 223.6 226.5 223.9 226.3 225.3 217.8
210.8 209.4 223.2 228.5 231.4 231.3 230.3 228.8 227.3 226.5 224.9 223.4 220.7 223.3 224.5 225.5 227.9 230.9 233.2 235.1 237.7 240.3 241.6 241.3 241.6 241 241 241 240.5 238.6 235.8 232.5 227.4 222.3 216.1 208.5 205.8 211.5 216 222 227.6 234.1 240 244.4 248.2 252.2 255.3 256.4 256.3 254.1 252.2 250.9 249.6 248.3 246.5 242.5 242.7 242.5 242.6 242.5 241.5 238.3 233.5 229.1 220.9 215.2 210.2 202.5 203.4 210.4 219.2 228.6 233.6 234.6 230.1 231.9 226.7 221.2
205.8 214.5 223.3 228.3 230.4 229.4 227.6 225.9 224.7 223.8 222.8 220.4 218.3 221.7 223.5 226.5 228.7 231.3 233.5 235.6 237.7 239.1 240.1 239.7 239.6 238.3 238.2 238.6 238 236.5 234.3 231.1 226.2 221.5 216.5 207.4 206.8 216.1 222.1 228.3 233.5 237.5 241.3 245.6 250.1 253.6 255.4 255.8 254.8 252.4 249.3 247.1 245.3 244.4 242.9 240 238.6 238.7 237.9 238.5 236.9 233.4 227.3 219.7 211.1 205.6 210 213.8 214.7 219.3 229.2 233.3 239 241.9 239.6 238.4 232.1 232.1
209 217.9 224.6 228.4 229.3 228.3 225.8 224.2 222.4 220.9 219.8 216.5 219.4 221.9 223.6 225.3 227.5 229.8 231.9 234.8 236.7 238 237.8 237.3 236.8 234.4 235.8 236 235.2 234.2 232.7 229.9 226.6 221.6 215.3 206.4 208 216.7 223.7 230 234.5 238.4 242.1 246.2 250.1 253.1 254.5 254.4 253.5 251.1 245.6 243.4 240.3 239.5 239.2 236.7 232.9 232.8 232.2 233.7 231.3 223.3 218.6 212.4 219.2 224.8 223.6 224.1 223.8 231.8 240.8 245.6 248.8 249.4 248.1 246.9 240.6 245.6
215.4 221.9 226 227.5 227.7 225.2 223.9 222.2 219.8 217 215.5 214 217.2 219.7 221.1 223.1 225.8 228.5 231.1 233.6 234.8 235.9 235.8 236 233.5 231.5 231.2 232.5 232 231.4 230.4 228.6 226 222.4 215.5 203.8 209 218.2 224.9 230.4 234.5 238.8 242.5 245.1 249.2 252 253.2 253.4 252.5 249.6 245.6 243.4 240.7 239.7 236.8 233.9 233.3 230.8 225.9 221.8 218.8 219.8 224.1 229 236.7 241.1 240.2 238.1 233.4 244.9 250 253.5 255.2 256.5 255.6 254.3 251.7 251.1
218.2 222.1 224.9 225.8 225.2 224.3 222.8 220.2 217.4 214.4 211.5 213.7 215.4 218.1 220 222.9 225.6 228.2 230.6 232.4 234.1 234.9 233.8 232.9 231.2 229.3 227.7 228.3 228.1 227.8 227 225.9 223.1 219.5 210.7 201.9 210.4 220.5 225.7 229.7 233.4 237.4 241 244.6 248.2 251.4 252.4 253.3 252.7 250.7 247.6 245.9 245.3 243.5 241.5 239.9 238.1 235.1 233.1 231.5 232.6 231.5 231.7 238.2 243.1 246.9 249.2 249.4 248.9 254.8 258.8 260.7 262.9 264 263.7 261.9 257.2 258
218.6 221.2 222.6 223.2 222.9 222.3 221.1 218.7 215.6 212.8 211.1 214 216.3 218.5 220.6 223 225.2 227.3 229.7 231.5 232.7 233.6 232.5 231.4 229.4 227.4 223.6 223.6 222.8 223 222.9 221.3 218.8 214.1 205.6 202.9 213.7 216.8 223.1 229.1 233.7 237.3 241.2 244.9 248.3 251 251.9 250.4 251.8 251.1 247.7 248.7 248.4 247.5 246.5 244.5 242.3 239.4 236.2 235.9 238 238.1 233.4 240.3 246.8 250.9 254.4 256.6 258.6 261.5 266 268.1 270.2 271.3 271.5 270.5 267 266
218 219.6 220.6 220.6 220.3 218.6 218.7 215.9 211.5 208.5 209.1 212.5 215.1 216.8 218.3 220.4 222.3 224.5 226.7 228.8 230.4 232.3 231.6 230.3 228 226.8 225.3 222.5 217.7 216.5 217.8 218.2 214.8 207.1 201.1 208.1 221.7 225.1 227 231.9 235.9 239.2 242.5 245.9 248 249.4 249.6 249.4 251.1 251.4 250.5 247 250.6 249.7 250.4 249.9 248 245.6 245.1 243.6 243.9 244 239.7 243.3 249.7 253.5 257.3 261.4 264.2 267.3 271.1 273.3 274.9 277.3 278.7 278.1 276.7 275.2
216.1 217.5 218 217.8 217.7 217.2 216 213.4 209.4 206.1 207.9 209.9 212 213.7 215.6 217.4 219.3 221.6 224.1 227.2 230.1 231.4 230.9 230.4 228.2 227.1 226.4 224.8 221.4 216 209.8 212.6 210.7 202.1 200.4 217 223.2 226 228.8 232.4 236.4 239.5 242.2 244.3 246.4 247.5 248.5 249.6 249.4 250.5 250.3 245.7 250.2 250.6 251.1 251.7 251.8 250.6 249.3 248.9 248.3 248.1 246.2 248.8 251.8 255 259.2 263.7 269 272.4 275.1 276.9 278.4 281.6 283.8 283.8 282.7 281.3
213.7 214.1 213.6 213.3 213.4 213.6 213.1 211.1 208.1 205.4 205.2 207 209.7 210.3 212.6 215.1 217.7 221.1 224.7 227.7 229.4 230.5 230 229.3 227.9 225.8 224.7 224.1 222.7 219.5 215.1 210.4 204.7 197.1 210.3 219.5 222.5 224.3 226.2 228.7 231.9 236.2 238.9 241.4 243.7 243.7 243.7 244.9 245.4 245.6 245.9 246.6 243.7 248 249.3 250.1 251 251.4 251 250.7 250.6 250.4 250.1 251.9 253.7 256.1 260.9 264.3 268.5 272.6 276.6 278.4 279.3 283.3 286.6 287.3 287 286.1
210.4 210.1 209.4 208.8 209.1 209.3 209.4 208.5 204.1 202.1 206.8 206.9 206.8 208.8 211.7 214.5 217.2 221.2 224.4 227.1 228.9 228.6 227.8 226.9 224 223.2 223.3 222.8 221.4 219.9 217.8 215.1 206.3 196.3 210 217.3 219.9 220.5 221.6 223.2 226.8 231.1 234.6 236.5 235.9 237.4 238.9 239.4 238.9 239 239.7 240.6 243.2 242.4 244.6 245.8 247.6 248.8 250 250 250.3 250.4 251.6 252.8 254.3 256.3 258.6 261.4 265.1 270.6 274.8 277.7 281.3 285.5 288.3 289.1 288.5 288.6
205.8 204.8 203.8 202.9 202.4 203 201.7 198.8 203.5 208.4 211.2 211.1 209.9 208.3 210.7 213.4 216.4 220.3 223.6 226.3 227 227.1 225.9 224.3 222.3 220.1 219.1 219.1 218 217.5 216 213.6 205.2 195.5 206.3 213.2 214.3 213.7 215.5 217 220.9 225.1 229.1 230.7 231.2 232.3 232.9 233.2 233.4 233.3 233.9 234.3 237.9 236.7 242.2 240 242.5 245.3 246.8 248 249.3 249.6 250.6 251.8 253.3 254.6 257.5 259.8 263.3 268.1 271.1 275.8 279.3 284.1 287.3 288.2 288.8 289.4
201 199.8 198.4 197.4 197.3 198.2 203.1 208.2 212.4 213.8 213.8 213.3 212.1 209.9 211.2 214.1 217.1 221 224.1 226 226.2 225.3 223.9 222.1 219.2 217.5 216.2 215.3 213.9 213.5 211.4 207.6 201.8 196.6 199.9 207.1 208.1 207.5 208.5 208.9 213.8 220.3 223.2 224.9 226.1 226.6 226.9 227.9 227.7 227.9 229.1 229.9 231.3 232.3 233.1 243.3 238 240 242.1 244.2 245.1 246.9 249.1 249.8 250.9 252.7 256.2 258.7 261.8 265.6 269.1 272.5 275.7 279.7 283.4 284.8 286.4 288.2
196.8 195.1 193.4 195.8 200.4 201.6 207.1 210.6 213.1 214.8 215 214 212.3 211.3 211.4 213.9 216.9 220.2 223.9 225 225.2 224.1 222.4 220.1 217.8 217 216.2 215.1 212.8 211 209.2 208.3 205.5 196.3 196.2 201.3 201.4 200.5 201.8 204.3 205.9 210.9 215 219.1 221.6 221.9 221.1 220.1 223.4 226.2 228.3 230.9 233.4 235 237.1 238.5 239.9 243.3 245.2 246.9 248.3 250 251.1 252.1 253 254.2 255.1 257.8 260.8 263.9 267.3 270.4 273.7 276.8 280.3 282 283.6 285.5
191.4 193.6 197.1 202 205.4 207.3 209.2 211.4 213.8 216.1 216.4 215.4 214.3 213.3 213.1 214.5 217.5 220.1 223.3 225.1 224.2 223.1 221.8 220.2 219.3 219.7 219.7 220.5 219 217.2 213.8 210.9 205.8 198 191.8 195.4 199.9 206.6 211.2 214.6 215.3 214.3 212.5 211.4 214.5 219.5 223 227.2 230 232.5 234.4 235 237.5 240.1 242.4 244.1 245.3 246.6 247.2 249 250.3 251.5 252.6 253.6 255.1 256.5 257.6 259.3 261.7 264.6 267.2 269.8 272.9 275.8 277.8 279.1 280.5 282.5
192.1 199.9 203.9 206.8 209.5 210.8 212.2 213.7 217 218.6 218.6 217.4 216.3 215.3 215.3 217.5 219.9 222.6 224.4 224.8 224.1 223.1 222 222.1 221.3 224 224.6 223.9 222.5 220.2 215.9 209.4 202.7 196.1 191.8 200.4 207.8 212.2 215.8 219.2 220.4 221.5 221.2 221.4 222.9 225.4 228.2 230.3 232.4 234.3 236.1 237.8 239.9 242.3 244.3 245.7 247.2 248.1 248.9 249.3 250.1 252.2 253.8 255.1 256.8 258 259.2 261 262.9 265.2 267.2 269.9 272.1 274.7 275.8 277.4 278.8 280
200 205.8 209.1 211.1 213.3 214.9 216.8 218.4 220.2 220.9 220.8 219.5 218 217.1 217.5 219.5 221.7 223.6 224.3 224.6 223.9 223.1 223 223.8 224 226 226 225 223.2 220 215.5 209.7 200.5 194 193.5 203.3 209 213.8 217.9 221 223.3 224.8 225.4 225.3 225.9 227.7 229.2 230.9 232.6 234.4 236.2 238.4 240.9 242.9 244.6 246 246.9 247.7 248.4 249 250.5 251.8 253.7 255.6 257 258.2 259.9 261.5 263.2 265.4 267.2 269.4 271.3 272.3 273.9 275.6 277 277.6
207.2 210.3 212.3 214.6 216.4 219.2 221.1 222.8 222.9 223.5 223 221.4 219.9 219.6 220.2 221.4 223.2 224.2 224.4 224 223 223.3 223.8 224.7 224.7 226.1 225.6 224 221.8 218.4 213.1 206.3 198.5 191.6 196.1 203.5 208.9 213.4 218.2 222.1 225.1 226.9 227.4 227.3 227.2 227.3 227.8 229.5 231.9 233.8 235.5 237.1 239.1 241.6 243.8 244.9 245.1 246 246.9 247.9 249.3 251.1 252.5 253.8 255.5 257.2 258.5 260.2 261.9 263.8 265.8 267.6 269.1 270.8 272.6 274.2 275.2 275.4
210.1 212 214.2 215.9 218.6 221.9 223.7 224.5 224.7 225.2 224.9 223.5 221.9 221.6 222 222.9 222.9 224.4 223.7 223.1 222.2 222.8 223.6 224.7 225.2 224.7 224.1 221.5 218.2 214.9 209.6 202.5 196.3 190.6 196.4 204.1 209.1 214 219.1 222.8 225.7 227.6 227.9 227.2 225.9 224.4 224.3 224.7 228.5 230.6 232.5 233.9 235.2 237.2 238.4 240 241.8 243.1 244.1 245 246.4 247.9 248.4 250 254.4 254 256 258 259.8 262 264.1 266.1 268 269.6 271.3 272.4 273 273.4
209.9 212 214.1 216.5 219.2 222.3 224.1 225.3 226.3 226.5 226.5 225.6 225 224.8 224.2 223.9 223.7 223.7 222.8 221.3 220.2 219.9 221.5 223.9 224.8 224.3 222.3 218.8 214.7 211.2 205.6 198.4 193.2 188.4 198.3 204.3 209.8 214.5 219.3 223 226.1 227.4 226.5 224.8 223 221.4 219.9 219.9 221.6 224.4 227.8 229.3 230.8 232.1 232.2 232.9 235.1 237.1 240.1 240.3 241.7 246.4 248.8 251.3 253.6 257.3 257.8 259.7 261.8 263.6 265 266.4 267.1 268.5 269.5 270.3 270.9 271.8
