Game/Highland_Data/StreamingAssets/GeoData/Data/ss/SS90.asc
ncols 200
nrows 200
xllcorner 290000
yllcorner 100000
cellsize 50
[rows 35 to 69 of 200, columns 79 to 157 of 200]
80.8 75 68.3 57.3 56.5 50.3 49.7 49.6 49.3 49.6 48.9 48.8 47.5 60.8 74 66 81 93.1 112 132.7 144.7 151.5 156.4 159 160.5 162.5 167.4 171.5 173.1 174.5 171.8 166.7 161.8 157.5 150.4 142.7 131.9 131.8 143.9 150.6 155.8 157.5 156.8 155.2 154.2 159.3 163.8 163.8 161.1 156.1 148.6 142.9 140.1 138.1 136.1 132.9 128.8 124.1 118.7 113.1 103.4 107.6 121 126.2 128.2 128.3 126 123.1 118.9 120.8 121.1 121.3 118.3 114.2 112.7 117.4 120.8 124.7 127.8
77.3 72.9 68.1 61.7 51.9 50.4 49.7 49.2 49.3 49.5 49 49.4 58.4 75.4 86.4 89.8 96.4 100 107.1 123.9 142.8 155.7 164.5 170.3 174.4 173.5 173.2 173.3 173.6 173.8 170.9 167.2 162.5 157.4 151.9 144.8 135.3 120.8 136.3 143.9 147.1 147.8 146.8 146.9 147.5 152.7 157.5 158.5 156.8 150.9 143.3 137.4 132.6 130 129.6 128.4 125.9 121.4 116.7 111.7 102.1 104.5 116.8 122.4 124.9 124.9 122.6 119 114.9 115.5 117.3 118 116 111.9 112.6 117.2 120.6 124.8 130.6
71.4 67.7 62.7 57.2 50.9 50.5 49.4 49.4 49.5 48.9 47.8 62.9 73.4 86.1 98.7 102.9 104.8 108.6 111.4 122.5 131.9 144.5 154.3 162.2 169.9 176.1 177.9 174.1 173.4 171.8 170.1 168.9 164.1 158.3 153.1 146.4 137.8 123.2 123.3 131.7 135.8 134.9 133.9 134.4 138.3 142.7 147 150.5 151.5 147.4 140.6 133.6 124.8 119.7 121.4 121.2 120.1 118.2 115.3 113.1 105.7 99.4 112.1 117.9 120.8 121.8 120 116.8 110.9 110.5 112.4 113.4 112.6 108.9 110.7 115.8 120.5 125 132.3
69.4 61.5 56.1 50.6 49.5 49.3 49.2 49.4 48.8 46.5 57.3 69.8 87.2 101.5 107.8 109.4 109.5 116.1 122 121.8 127.8 134.2 145.5 154.1 161.9 169.3 173.3 169.8 166.8 164.8 164.5 165.8 164.2 158.7 152.1 144.7 135.8 124.9 114.7 120.2 122.9 122.3 123.4 123.6 129.7 134.4 138.3 143.6 148.2 145.5 139.8 135.4 131.4 126.2 117.7 112.9 113.5 112.5 109.4 105.4 97.4 100.9 110.5 114.8 117.6 118.7 117.2 114.3 108.8 107 106.3 108.7 108.2 105.4 111.7 116.4 120.9 125.6 133.2
61.6 55.6 50.5 50 49.1 49.2 49.6 49.6 46.5 56.8 71.3 87.1 101 112 117.2 117.3 118.8 125.4 137.1 142.3 145.3 144.6 147 152.6 158.4 166.3 171.8 168.5 162.9 159.7 159.4 161.8 165.9 163 156.9 148.9 138.8 129.4 117.9 112.3 109 108.8 111.4 113.3 117.3 122.8 132 142.5 150.9 144.9 139.9 135.8 131.3 126.5 119.7 111.4 103.8 104.9 103.5 98.9 92.7 100.7 107.3 111.4 114.9 115.4 115.4 112.9 107.5 103.5 103.4 104.8 105.3 110.5 115.2 118.2 122.2 127 134.4
53.4 48.5 48.6 48.8 48.8 49 49.1 46.5 56.3 71.5 87.5 102.4 115.4 126.5 133.1 135.7 135.7 139.1 146.6 151.9 154.8 155.7 157.6 162.9 168.9 172.3 175.2 168.4 161.1 155.4 156 160.2 162.4 161.9 160.4 154.6 146.3 138 129.6 121.5 114.9 107.4 100.4 102.8 111.3 121.5 134.2 144.9 147.9 143.4 137.5 132.8 128.5 124.3 117.8 110 105.6 97.5 97.4 94.2 91.8 98.5 103 109.3 112.4 113 112.6 109.9 104.3 100.3 100.1 101.5 107.5 112.7 115.9 119.5 122.9 128.2 134.2
47.6 48.5 48.1 48.3 48.3 48.1 46.5 55.1 67 79.4 99.4 114 126.6 138.8 152.1 152.9 152.1 154.1 157 161.3 161.8 161.2 163.2 168.5 176.5 177.1 170.4 164.8 158.9 153.7 153.5 155.8 155 153.5 152.3 149.1 145.4 142.5 139.9 134.5 128.6 118.9 103.5 105.3 119.6 127.4 136.2 142.1 140.7 137.1 133.2 129.3 123.9 119.8 111.2 107.3 103.1 97.9 92.9 89.7 94.3 100.1 103.7 107.1 109.2 109.7 109.3 107.4 103.6 99.4 98.7 103.7 109.2 112.9 115.5 118.8 122.3 126.7 133
47.9 47.4 47.5 47.3 45.8 47.9 53 67.7 72.5 78.8 97 118.3 131.8 145.9 155.9 158.4 160.3 163.9 164 163.4 163.5 162.8 164.8 168.7 170.9 172.1 169.1 162.7 156.9 150 146.7 147.9 147.1 146.3 145 143.7 142.2 143.1 142.5 137.1 130.2 122.9 106.9 100 116.5 126.7 132.9 132.1 131.1 128.3 125.1 121.7 117.9 115.9 108.6 101.9 97.5 93.6 91.6 88.3 93.6 97.4 100.4 103.5 105.8 106.5 106.3 104.7 101.8 97.5 101.1 105 110.8 112.6 113.2 116.3 119.1 122.5 128.7
47.6 44.3 45 45.4 47.8 52.8 65.3 80.6 88.8 91.9 104.1 119.8 134.2 146.9 155.9 157.9 161.3 163.5 159.4 160.2 160.4 161.5 163.6 165.5 165.7 165.5 163.7 160.4 156.4 149.3 140.2 134.2 136 137.2 136.7 136.3 136.7 138 136.4 133.2 129 122.4 111.9 97.2 100 112.2 120.1 121.2 119.9 118.1 117.1 115.2 111.6 107.6 101.8 96 93.1 90.1 88.1 86 91.5 95.2 98.2 101.3 103.4 103.9 102.6 101.1 99.4 93.6 104.2 106.5 108.8 108 106.9 108.9 110.8 114.1 120.2
45.2 47 47 50.5 59.1 68.9 82.4 94.3 104.9 114.1 120.7 124.3 135.3 147.1 156.4 156.8 157.8 157.6 154.7 156.1 156.5 156.3 157.7 159.6 159.3 158 156.7 153.2 149 144.9 139.4 128 127.1 128.5 129.5 129.3 130.6 132.3 132.4 129.3 124.5 118.9 113.1 104.9 90.8 97 108.1 113 112 110.5 110 109 106.8 103.7 98.2 93.5 88.5 86.9 84.7 85.7 87.8 94.8 97.4 98.2 99.1 99.3 97.9 96.8 94.3 91.2 96.9 102.9 102.7 99 103.8 111.6 115.3 117.3 116.9
47.6 47.7 61.3 79.9 87.6 91.3 98.6 101.3 110.1 119.4 127.9 133.1 138.4 145.5 151.7 152.7 152.3 151.7 150.4 151.7 151.1 149.3 147.2 147.3 146.8 144.8 142.2 139.4 137.6 135.6 133.4 126.8 119.4 121.5 122.4 123.2 124.6 128.1 128.9 126.2 120.5 115.5 110.7 106.3 96.4 88.3 98.2 104.5 105.8 104.4 102.5 101.2 100.2 98.9 95.7 88.8 84.2 83 82.3 83.4 85.2 88.1 90.5 90.2 88.8 90 90 87.7 89.7 90.2 89.6 91.6 93.4 98.7 105 110.4 117.4 122.4 126.3
46.6 62.5 77.9 79.7 83.6 89.3 94.7 103.6 110.2 119.3 129.1 140.5 145.2 147.2 149.1 149.3 148.2 146.7 145.1 145.3 143.4 141.2 138.5 136.1 135.4 131.7 129.1 126.7 126.7 127.1 127.8 123.1 114.5 114.1 116.8 114.7 121.1 125.1 126.4 122.2 116.2 110.9 107.7 103.8 98.4 87.4 88 94.4 95.8 96.4 95.1 93.9 94.6 93.1 90 82.4 79.2 79.4 81.1 83.1 82.6 83.2 84.3 86.6 90.1 92.9 93.6 94.9 92.3 95.7 96.9 95.3 92.4 91.3 98.1 107.5 114.8 122.4 128.7
48.8 62.3 71.9 80.8 91.2 101.6 107.6 111.6 118 125 133.5 146.2 150.2 151.8 150.5 147 145.2 142.8 140.5 139.2 137 134.4 131.1 126.4 123.7 120.5 117.9 117 117.2 121.4 127.3 123.4 117.2 107 110.2 113.2 120.7 123.9 121.7 116.5 109 101.7 98.8 98.8 96 91 83.4 85.3 86.7 87.5 88.5 88.8 88.3 87 81.5 80.3 84.7 88.8 88.6 85.1 88.2 88.6 91.1 92.6 92.5 97.7 98.1 97.3 98.4 99.6 102 103.9 102.9 97 92.9 102.6 111.9 120.4 128.7
56.1 67.5 74 82.9 94.1 108.4 118 119.5 124.6 132.8 140.8 151.7 155.6 153.2 150.7 147.6 144.5 141.7 140.4 137.9 132.7 130.2 127.6 123.8 117.2 111.9 106.6 108.1 108.3 118 120.5 118.8 114.1 105.2 103.5 114.3 120.5 122.1 113.9 106.2 100.6 92.9 90.2 91.9 92.2 86.1 81.7 79.9 79.9 81.3 82.2 82.4 81.9 78.7 81 87.7 90.7 93.8 93.5 90.5 93.2 94.7 99.6 101 93 102.9 105.4 104.2 103.5 103.8 107.8 110 108.2 104.2 96 98 107.6 116 127.7
54.4 65.9 72.3 79.6 89.1 104.1 119.1 123.7 128.5 137.1 146.1 155.8 156.2 153.5 151.7 149.8 147.4 146.6 145.1 142.5 138.4 134.6 131.3 128.4 125.5 122.6 118.1 109.8 98.9 111.3 115.3 114.8 110.8 101.6 96.9 110.8 120.9 122.8 114.6 104.4 98 89.1 83.8 86 88.2 83.8 83.1 76.4 75.4 75.5 76.9 77.5 77.8 81.3 87.4 91.5 94.6 96.4 98.2 94.1 98.3 102.2 104.4 105.3 104.5 102.2 108 110 110.2 111 114.2 113.5 110.3 107.4 99.6 96.1 100.5 112 123.7
54.2 64.5 70.5 77.2 86 100.3 113.2 117.5 124.1 137.6 150.9 155.7 155.4 155.2 153.6 153 152.8 151.6 148.4 143.7 138.2 132.4 127.7 124.1 120.5 117 112.7 108.8 101.8 106.7 111.6 112.7 109 100.2 91.6 105.2 111.3 114.9 115.2 112.2 103.3 92 83.8 79 81.3 79.8 77.3 76.6 78.3 78.3 79.1 79.7 82.5 84 88 92.2 97.5 99.8 102 101.7 102.4 107 108.9 110.1 109.6 106.8 111 115 115.8 116 116.2 115.2 112.3 108.8 102.9 98.4 95.8 104.4 115.3
52.8 64 69.1 75.6 84.6 96.4 104.6 108.3 120.3 137.3 144.9 148.2 150.1 154.1 156.5 157 157.6 155.4 150.4 144 137.2 131.3 126.2 121.4 116 112.4 107.8 103.2 98 99.4 106.5 109.6 105.6 99.6 87.9 95.4 96.5 98.3 99.3 99.6 98.4 95.1 85 76.6 75 75.3 77.4 83.4 85.7 85.9 85.1 85.3 85.8 87.3 90 93.9 98.7 103.6 105.8 106.9 107.7 108.8 112.3 114 113.1 110.3 115.9 121.9 123.2 121.4 119.2 116.3 113.8 110.3 104.9 100.7 98.5 98.6 103.4
52 62.5 67.5 74.1 82.4 90.1 93.8 99.8 114.5 127.3 133.2 138.9 146.7 153.2 159.1 161.4 161.8 157.3 150.4 142.9 135.6 129.5 124.6 118.9 112.8 106.9 102.5 98.7 95.1 89.6 95.8 102.7 103.9 98.8 87.6 82 83.8 85.9 86.7 84.1 82.5 78.4 73.8 73.8 77.3 82.8 82.9 89.4 92 94.3 95.1 94.1 91 93.4 97.2 101.1 103.1 106.2 110.3 112.1 112 110.3 114.3 117.4 116.2 117.8 118.9 124.3 127.6 126.5 122.6 116.5 112.9 109.4 104.1 101.9 104.6 103.6 100.4
52.3 59.7 63 68.1 72.6 78.7 83.4 91.9 103.2 113.9 122.9 132.5 143.1 150.2 155.9 159.2 157.8 153.3 148.4 143.7 137.3 130.7 122.6 115.1 112.1 110.6 108.4 107.6 103 94.9 84.7 92.9 98.8 97.7 92.1 85 77.9 75.8 75 72.1 72.4 72.6 75 77.3 79.4 84.4 87.1 88.5 92.1 98.9 101.5 102.6 101.7 99 103.8 107 109.7 111.6 112.8 115.3 116.6 114.8 114.2 119.1 123.4 126.1 126.4 126.8 129.3 127.4 121.3 118.2 113.3 107.2 103.4 108.5 111 110.9 109.1
48.2 56.4 61.3 65.8 71 78.6 87.9 98 107.7 116.4 124.7 131.5 139.6 146.8 152.2 155.5 155.6 154.4 152.1 147 141.1 133.4 124.1 119.4 116.7 113.8 111.4 107.9 103.1 97.5 84.3 84.4 92.8 96.8 93.3 85.2 76.2 70.8 70.8 71.1 73.6 76.2 78.6 81.1 83.3 85.4 89.4 92.5 95 98.1 103.5 106.9 106.7 102.9 107 110.3 114.5 117.7 119.4 120.5 123 122.1 118.7 121.8 127.5 132.3 133.7 130.8 132.3 129.4 125.3 122.2 116.2 112.3 110.9 114.4 116.4 116 114.1
47.8 55.2 63 67.8 73.6 80.4 87.7 97.3 107 114.7 122.5 129.5 136.5 145.9 150.4 155.1 157.5 155.4 151.1 145.7 139 133.8 126.4 121 117.6 114.1 109.3 104.7 100.3 95.1 82 75.6 84.3 84.8 81 73.9 70.8 73 76.9 78.1 79.1 80.9 83.3 86.2 88.5 88.6 93.8 97.4 101.9 104.3 104.7 109 112.4 109.2 112 114.9 117.4 120.9 126.6 128.6 129.6 129.3 127.3 130.6 134.4 138.3 138.7 137.8 137.4 134.6 129.7 125 119.6 118.3 119.7 120.4 120.5 119 117.6
58 60.7 63.6 67.6 73.3 79.6 85.4 94.6 101.9 107.9 113.6 118.3 125.8 136.4 150.5 159.2 160.4 158.4 154.4 148 140.8 133.1 126 118.6 110.7 106.9 103.6 98 93.2 89.3 82.3 74.3 72.9 71.3 68.9 68.7 73 79.9 85.5 88.4 90.4 89.4 91.1 92.6 94.7 94.8 98.8 103.8 108.6 110.5 111 112 116.4 116.7 116.6 120.1 121.5 123.4 128.5 133.3 134.3 135.2 135.1 137.6 140.9 143.5 144.3 144.2 143.7 140 135.4 129.8 124.7 123.5 124.5 125.5 124.5 122.3 120
56 59.9 62.5 65.3 70.5 75.8 81.7 88.2 93.7 98.1 101.4 105 110.8 120.3 135.1 147.4 150.4 149.1 144.8 139.3 133.1 125 116.6 108.6 100.3 95.2 91.5 86.9 79.9 78.1 76.6 71.1 68.2 67.7 69.4 74.4 80.3 86.6 95.7 99.2 99.6 98.1 98.4 99.5 101.5 103.4 101.6 108.4 112.9 116 118.3 119.8 118.2 120.9 119.2 125.4 129.3 131.7 133.7 138.1 140.3 141.9 141.5 143.6 147.4 150.3 151.2 150.5 148.9 144.9 140.2 133.7 130.3 129.2 128.7 129.2 128.1 125.7 124.7
49.3 58.6 59.7 61.9 66.3 71.5 74.7 77 81.6 86.2 91.6 98 103.7 110.7 120.3 131.8 136.9 138.2 134.6 129.1 123.2 113.9 104.6 96.9 90.1 82.3 80.1 74.5 67.5 66 66.1 66.8 66.8 68.7 76.5 85.5 93 100.1 106 108.7 108.3 105 104.8 105.9 107.4 108.7 107.8 110.1 115.1 120.8 124 125 123.8 126.1 127.8 129.2 134.6 137.7 140.8 145.3 146.9 149.1 149.3 151.7 155.7 158.2 159.4 157.5 153.4 148.4 143.3 139.9 137 135.2 135.7 135.8 134.3 131.2 128.8
47.6 52.6 55.9 59.4 62.2 68.5 77.5 84.5 88.8 91.9 97.7 102.7 106.7 110 115.8 123.3 129.5 133 131 124.9 116.7 107 97.7 88.4 80.3 72.6 72.5 65.7 64.9 68.5 73.2 70.7 70.9 77.7 86.3 93.5 100 108.5 115.1 118.3 117.7 115.6 113.9 114.5 114.4 115.2 115.9 118.3 119.1 124.8 129.3 131.8 129.6 132.7 136.3 138.5 140.6 144.5 147.7 151.7 154.9 156.6 157.3 160 162.7 165.6 165 161.4 157.6 152.7 149 146 143.2 141.6 141.5 140.5 137.9 134.8 132.8
46 49.9 60.6 63.1 66.6 76.4 88.4 100.3 104.9 108.5 115.2 118 121.3 123 126.3 130.2 133.2 132.9 130.1 122.8 114.5 105.1 93.8 82.1 78.5 69.1 64.8 63.5 67.6 75 78.5 81 80.3 79.6 89.4 97.6 105.5 115.1 122.4 126.6 127.8 127.8 126.1 125.5 125.4 125 126.3 128.1 130.2 134.8 140.3 142 138.8 138.9 143.7 145.8 147.6 152.1 157 160.7 164.1 165 166.8 169.4 169.9 170.5 167.7 164 160.5 155.7 152.2 149.3 148.4 146.4 145.6 144 141.4 138.2 135.3
45.3 49 61.1 64.8 69.6 80.2 93.3 108.1 116.6 124.1 129.2 132.5 137.1 139.9 140.3 140.6 136.4 130.1 123.6 114.7 104.9 92.2 79.9 66.4 62.5 62.3 62.8 65.2 71.7 76.8 80.3 83.9 85.7 87.4 90.4 99.2 108.7 120.9 129.7 133.8 136.7 137.5 138.3 138.5 139.8 140.5 142.5 142.9 141.6 143.4 146.5 148.4 147.2 146.8 151.4 153.8 157.3 161 167.5 171.9 174.6 174.3 175.2 175.6 177 173.8 169.7 164.8 160.2 157.5 153.5 150.8 149.8 149.2 148.3 145.9 142.6 139 134.9
45 47.5 60.1 64.5 70.5 80.2 92.9 106.5 119.6 129.1 136.3 140.5 142.8 143 139.5 133.7 125.9 118 110.1 100.6 90 76.1 65.4 61.8 63.9 63.8 66.2 72.6 76.2 79.2 82.5 86 89.2 93 96.3 102.2 110.5 121.1 130.8 137.5 143.6 146.8 147.4 148.7 150.9 153.2 155.3 154.5 153.6 154.2 156.8 158 156 155.7 160.5 165.2 169.5 174.6 179.5 181.6 183.1 183 182.1 182.5 180.9 176.1 170.1 164.3 157.6 152.2 149.9 147.7 146.7 147.5 147.4 144.5 140.7 136.3 131.9
44.9 46.3 57.2 64.2 71.2 82.8 94.2 109.1 120.6 130.6 137.3 141.2 141 138.6 134.4 127.8 119.8 111.6 103.3 92.2 82.8 67.6 60.2 65.9 71.7 68.5 65.7 71.5 75.9 79.7 83.9 87 90.4 96 101.3 106.8 113.3 121.4 131.5 137.5 143.2 147.6 151.4 155.4 159 162.3 164 163.8 165.4 167.6 169.9 169.3 167.4 167.2 171.6 178.9 182.5 185.8 187.7 188.8 189.5 189.1 188.6 185.4 180.8 175 167 160.7 155.5 148.7 144 142.4 141.7 143 142.9 140.1 136.8 132.8 127.5
44.9 45 56.6 62.5 70.4 83.9 95.8 109 123.9 132 136.3 136.8 134.4 129.7 127 119.5 111.1 104.5 95.9 86.3 75.6 62.1 60.1 66.2 73.4 75.2 69.1 69.1 74.7 78.3 79.4 80.4 85.1 94.8 102.8 110.2 117 125.1 133 139.7 144 148.3 153.8 159.5 164 167.9 170.6 171.8 173.8 176.1 178 179 179.7 180.4 183.2 187.7 190.8 192.1 193.4 194 193.9 192.9 189.8 185 179.1 172.5 163.7 157 151.7 146.1 139.9 137.8 135.9 135.3 135.4 133.7 130.8 124.5 119.9
45.1 44.7 56.8 62.7 66.7 77.8 90.6 104.9 118.6 127.5 131.2 128.8 125.2 120.3 113 107 99.5 92.7 86.3 79.4 71.1 60.5 62 68.6 76.9 79.5 76.2 72.1 71.4 71.8 74.6 77.7 80.8 88.1 98.7 111.6 120 128.2 133.6 137.9 142 147.8 153.2 159 164.9 169.2 173.3 176.9 180.1 183.2 185.3 187.2 189.1 190.5 192.4 194.6 196.8 197.5 197.6 196.3 194.9 191.6 187.5 182.7 176.6 169.2 161.3 155 149.8 143.4 144 141.9 139.9 135.8 134 133.5 131.9 130.6 126.5
44.9 44.8 55.5 60.6 64.1 73.6 86.1 100.1 107.7 116.4 122.8 122.9 118.8 110.5 103.6 96.7 90.7 85.1 78.8 75.6 63.4 62.6 71.5 75.1 78.8 82.1 81.6 80.9 81 82.3 86.7 89.4 87.5 80.7 92.6 107.2 119.3 126.5 130.9 131.6 136.8 142.9 149.6 157 163.4 168.4 172.8 177.8 182.9 187.8 192 195.6 197.9 199 200.6 201.7 201.5 201.2 199 196.2 192.5 188.3 182.6 178.1 172.5 165.3 158 153.2 147.9 147.6 147.3 145.4 142.2 139.8 139.1 139.2 137.6 134.9 130.1
44.6 44.7 52.5 56.6 61.2 67.8 78.6 91 99.4 106.5 112.5 119.1 116.2 106.4 96.6 89.3 82.4 78.1 73.3 67.5 61.7 65.8 74.6 79.3 81.6 84 86.1 87.2 88.1 89.2 92 95.9 95.4 88.5 93.5 111.4 119.7 123 125.8 132 137.3 141.3 146.1 152.9 159 165.2 170.5 176.3 182.6 189.5 196.1 201 204.4 206.3 206.5 206.3 204.8 202.5 197.5 191.9 186.7 181.1 176.4 172.1 166.9 162.9 157.5 153.4 152.3 152.1 150.8 148.9 145.1 144 144.1 143.7 142.1 137.9 138.1
42.9 44.3 46.6 53 57.6 66.5 73.8 83.1 95 103.9 110 117.4 116.5 105.3 91.7 81.6 77.4 73 66.2 59 58.8 68.1 77.9 82.7 85.1 87.3 89.1 91.7 94.9 96.5 98.1 99.3 98.2 88.3 88.9 105.1 114.3 113.2 118.6 128.6 135.5 137.5 143.6 151.2 157.4 162.1 169.4 176.6 185.1 192.6 200.8 206.4 210.2 211.2 211.3 209.9 207.6 203.8 199.2 195.4 190.6 184.3 178.3 173.2 168.6 164.5 162.2 159.2 157.1 155.2 153.2 151.2 148.3 147.7 148.3 148.1 145.5 142.9 144.5
40.5 44.3 44.7 50.9 57 68.5 78 87.1 94 104 116.1 121.5 118.4 104.3 93.3 88 87.3 81.7 63.8 56.7 59.6 68.3 78.7 85.4 88.6 91 92.8 95.5 99.9 102.7 104.9 105.9 95.8 86.6 87.5 91.5 96.4 100.1 107.5 118.2 122.9 125.9 132.1 141.9 147 153.2 164.7 176.6 186.2 197.2 206.4 211.3 215.1 216.2 216.1 214.2 211.1 207.6 203.7 200.3 197.4 193.7 188.1 180.8 174.5 169 165.3 162.1 158.5 157 155.5 154 153.7 154.4 155.3 154.9 152.9 150 152.3
