Game/Highland_Data/StreamingAssets/GeoData/Data/ss/SS93.asc
ncols 200
nrows 200
xllcorner 290000
yllcorner 130000
cellsize 50
[rows 140 to 174 of 200, columns 0 to 77 of 200]
329.4 322.1 318.9 322.2 323.7 324.8 326.7 328.4 330.1 331.5 332.9 334.3 335.7 336.7 337.6 338.2 338.3 338.2 339 338.7 338.3 338.2 338.2 337.8 336.3 335.2 333.6 331.4 327.9 323.6 318.4 311.2 299.4 283.8 271.4 261.4 251.8 244.2 235.5 227.8 240.1 228.4 213.4 200 185.8 172.1 171.4 172.6 207.7 226.8 238.5 247.2 255.4 263.3 268 272.5 277.5 279.9 278.9 277.7 281.4 289.9 297.7 302.9 305.8 307.2 307.8 306.5 303.9 299.8 294 287.4 279.8 273.1 274.2 271.3 275.4 284.3
327.6 323 315.6 315.8 318.4 320.6 323.5 325.7 327.3 328.5 331.4 333 334.6 335.8 336.5 337 337 336.8 336.8 336.8 336.7 336.5 336.2 335.7 335 333 331.7 329.4 326.4 322.6 316.7 309.3 294.1 277.7 271.9 262.2 249.8 240.6 236.8 242.4 236.5 222.9 207.6 194.8 181.5 171.3 170.6 190.5 213.5 227.2 237.7 248.5 258.2 265.7 271.6 277.2 282 285.4 288.1 289.9 291.8 295.9 299.6 303.7 305.9 306.4 305.6 304.2 301.5 297.3 291.7 283.9 274.6 269.1 266.1 267.9 276.6 283.1
322.9 319.6 313 308.9 312.3 315.6 318.5 320.8 323.3 326.3 328.9 330.2 332.2 333.6 334.2 334.4 333.7 334.2 334.1 334 333.9 333.6 333.5 333.1 332.4 330.8 329 327.1 325 321.5 315.1 306.7 298.6 293.4 289.9 284.2 277 271.1 267.3 264.1 243 224.4 205.7 189.3 172.7 171.4 173 198.1 213.2 223.1 234.2 244.8 256 266 273.1 279.5 285.3 289.5 293.6 296.1 297.8 299.7 302.1 303.3 304.1 303.9 302.8 300.7 297.1 293.1 288.2 279.3 271.2 266.5 262.3 268 275.4 282
316.4 313.4 309.8 304.9 306.5 310.2 313.7 316.4 319.6 322.4 325.3 328.2 329.9 331 331.3 331.3 330.5 330 330.1 330.3 330.4 330.3 330.4 330.3 329.6 328 326.9 325.2 323.6 321.3 317.1 312.7 308.8 304.2 300.6 297.8 294.6 291 286.4 278.1 255.1 231 209.5 185.9 171 170.9 176.1 194.3 207.4 217.2 228.6 240 252.7 264.1 273.5 282.4 288.7 294.1 297.8 300.8 302.1 302.2 302.5 302.5 301.9 300.5 298.9 296.4 292.4 288 282.6 274.1 268.1 263.3 259.4 265.6 272.6 280.4
312.6 308.4 305.6 302.1 302.5 303.8 307.4 310.9 314.9 318.9 322.2 325.4 326.9 327.5 328 327.6 326.8 326 326.9 327 327.1 327.2 327.3 327.2 326.1 325.1 324.1 323.1 322 320.8 318.5 315.9 312.7 309.7 306.3 303 299.6 295.6 289.5 281.5 266.7 237.7 212.6 186.2 169.1 169.7 176.1 190.2 200.4 209.1 221.5 234.2 249.5 262.4 272.3 281.7 288.3 293.6 297.7 300.6 302.5 303.1 303.3 302.4 300 297.5 294.3 291.6 286.5 281.5 274.6 268.1 263 257.9 257 266.3 274.2 284.2
313.2 306 301.3 297.8 297.7 298.8 300.2 305.6 311.5 315.6 319.4 322.4 323.7 324.3 324.2 323.8 323.2 322 322.9 324.2 324.1 324 324.1 323.2 322.6 321.5 319.9 319.3 319.3 318.4 317 315.4 313.5 310.8 307.9 304.6 301 296.1 289.4 281.5 270.6 246.9 216.4 188.6 170.5 169 172.2 184.2 193.8 201.4 213.6 227.1 243.6 258.6 270.3 279.4 286 291.5 295.7 298.9 301.5 302.8 302.6 301.2 297.1 293.7 290.1 286.6 279.3 270.3 264.2 260.9 258 252 261.3 270.9 281.2 291.5
312.9 307.4 303 299 294.9 294.1 296.5 304.1 309.5 313.4 316.6 319.1 320.4 320.5 320.2 319.6 318.3 317.6 318.4 319.9 320.5 320.3 319.6 317.9 316.9 315.3 314.9 315 315.2 314.7 314.1 313.2 311.6 309.7 307.2 303.9 299.3 294.4 287.7 277.1 265.9 244.3 220.4 190.4 170.1 169.9 170.9 180 188.9 196.9 208.7 221.3 236.9 254.4 268 277.1 283.3 288.2 293 296.6 299.5 300.9 301.1 298.7 294 290 286.2 280.2 272.8 260.3 256.1 252.4 248.2 255.4 265.1 277.3 288.7 298.8
313.1 308.8 305.4 303.5 301 298.5 291.9 301 305.8 310.2 312.9 314.5 315.4 315.4 314.6 313.7 312.9 312.1 314.2 315.6 316.4 315.9 315.1 313.3 311.2 309.5 309.7 310.9 311.3 311.2 310.1 309.5 308.1 306.1 304 301.4 297.3 292 285.4 274.1 255.3 234.4 222.2 204 178.6 168.1 170 175.1 185.2 197 208.3 226.9 243.4 255.7 265.5 273.7 279.1 284.7 290.3 293.8 296.9 298.8 299 296.4 291.9 286.5 279.1 270.3 261 251.4 249.3 245.9 248.8 258.8 270.2 282.7 295.3 304.9
314.8 312.2 310.3 308.4 305.6 302.4 294.8 293.7 302.3 305.8 308.1 308.6 309.3 309.2 308.8 308.1 306.1 307.4 310.6 311.6 311.9 311.2 310.2 308.5 306.1 303.3 303.9 305.7 306.6 306.4 305.7 304.8 303.1 301.2 298.9 296.2 293.6 288.1 283.2 274.7 262.2 255 245 225.6 196.8 170.8 169.2 169.4 180.3 195.3 214 233.6 246.7 257 263.7 270.8 278.1 283.4 287.7 291.3 294.2 295.3 294.3 292.8 288 280.6 266.4 258 249.3 244.5 242.9 244.7 251.3 258.4 268.4 284.2 298.7 309.1
315.8 313.2 311.1 310.9 309 305.8 301 285.8 294.3 297.9 297.9 298.9 299.5 301.2 302.1 300.9 297.7 301.9 305.2 306.5 306.7 306 304.5 302.8 300.3 296.8 296.5 299 300.8 300.8 299.3 298.8 296.9 295 293.5 291.7 288.3 283.1 278.4 273.6 265.9 257.3 246.5 226.5 209.4 186.5 167.8 169 177.9 193.8 215.5 230.6 239.9 247.7 257 268.4 277.2 282.9 287 289.7 291.5 291.8 290.3 287.1 280.4 265.7 252.5 246.5 239.2 239.6 242.2 249.3 255.7 263.3 273 283.4 294.1 306.6
313.4 312.3 311.2 309.7 307.8 305.3 298.5 287.7 282.9 286.3 286.8 286.3 287.3 289.8 290.1 290.4 288.9 293.4 298.3 300 300.6 299.2 296.3 294.4 292.4 290 287.3 291.4 294.4 294.7 294.1 291.4 289.7 287.7 286.3 283.2 279.1 274 272.3 270 265.1 256.2 242.1 220.1 202.9 189.1 172.3 168 176.1 189.2 207.3 219.5 229.5 236.5 253.5 268.9 276.8 281.6 285.1 287.5 288.6 288.1 286.3 279.7 263.5 250.1 240.6 236.2 236.9 242.3 247.9 256.7 265.6 276.4 288.8 300.2 307.5 314
308.1 308.5 308.4 306.7 303.4 297.1 286.5 286.5 283.3 280.5 279.4 278.3 276.2 276 276.7 277.2 276.9 278.8 282.1 286.4 290.4 291.4 288.7 286.6 282.1 276.2 268.5 272.8 281.6 283.9 282 280.1 278.7 277 272.1 269 266.1 262.7 265.9 265.6 262 252.3 230.3 210 193.8 181.8 175.3 168.9 175.8 200.9 212.6 224.6 235.1 247.5 261.7 269.9 275.7 279.9 282.9 284.9 284.5 284.2 280.5 266 249 237.1 232.5 238.8 244.9 250.8 260 269.7 281.8 292.5 301.3 307.9 313.7 318.6
304.2 302.4 300.1 297.5 293.2 295.3 302.1 299.2 291.8 285.2 288.3 285.8 282.3 278.4 275.6 274.8 271.1 269 268.5 271.1 275 277.1 277.3 273.3 264.8 258.5 249.9 252.5 264.3 274.8 274.4 270.7 264.7 259.9 255.4 249.3 248.1 251.3 255.4 260 256.8 244 217.7 200.2 186.6 178.3 171.3 166 183.9 213.8 232.1 241.2 249.6 260.4 265.3 269.6 273.8 277.3 280.1 282.1 281 278.5 267.8 252.2 237.3 229.4 240.2 245.3 253.8 260.3 270.8 280.1 289.5 298.9 306.4 312.6 317.8 322.1
302.2 300.5 303 307.9 310.3 309.7 307.6 303.6 290.5 295.8 297.1 296.1 293.1 291.1 288.9 288.2 286.3 282.6 271.3 265.8 263.2 263.7 260.5 260.8 265 267.7 270.2 257.2 244.7 258.3 265 261.9 252.4 240.5 230.4 224.9 220.8 224 232.3 248.9 254.5 243 216.2 193.1 180.8 171.1 168.7 169.9 203.1 218.4 229.4 240 251.2 259.1 264.4 268.7 272.1 275.4 277.4 279.5 280.2 272 253.5 239.7 228.7 234.5 241.5 248.2 257.6 265.4 274.2 282.6 290.8 300.2 308.1 314.8 320.2 324.7
307.4 307.8 311.7 314.5 315.4 313.5 310.3 304.4 295.3 303 306.7 307.6 306.1 305.6 303.9 303.9 301.7 297.8 291.8 284 277.8 275.6 275.8 280.1 284 281.8 276.4 268.2 246.4 239.6 243.6 239.4 233.1 224.5 220.1 218.7 214.1 207.4 204.7 230.7 247.8 239.2 214.3 189.8 176.2 167 170 187 195.1 203.8 212.5 222.6 237.3 252.1 260.3 265.8 269.8 273.5 275 276.2 275.2 262.3 242 229.5 228.4 236.2 242.6 250 258.9 268.4 278.2 285.7 292.8 300.7 308.2 314.8 320.4 324.8
315.9 315.7 317.5 318.6 318.4 315.3 310.1 304.9 309.1 309.2 313.2 315.5 315.3 316.2 316.3 315.7 313.6 310.5 305.6 301.2 296.5 292.3 289.4 288.6 287.7 284.4 278.3 272.2 259.1 244.2 234 231.5 229.2 237.4 244.3 246.3 234.7 215.6 199.8 217.6 240.4 240.8 217.4 187.7 169.3 167.8 176.9 179.3 179.9 185.9 194.7 203.9 220.8 241.6 256.2 263.8 268.2 271.2 271.5 271 268.1 252.9 234 224.5 233.5 240.9 246.9 254 263.4 273 281.6 288.1 294.7 301.3 308.5 315 320.7 324.6
324.9 324.3 324.5 323.8 322.6 320.8 316 315.3 315.6 316.7 318.6 321.5 323.6 324.7 324.1 323.3 322.3 320.5 316.1 312.3 307.6 302.7 298.8 295.7 292.7 289 284 278.1 272.1 261.8 250.4 250.2 249.3 259.3 259.2 253.4 240.1 213.6 195.4 207.2 233.5 233.3 214.8 188.4 168.7 168.8 168.1 169.1 172.5 174.2 180 190.3 206.1 228.5 249.2 260.7 265.9 268.4 268.2 265.5 260.8 244.8 226 225.6 238.7 244.9 250.7 258.9 267.9 276.6 283.3 289.6 295.7 302.3 308.9 315 320.2 324.3
332.6 331.9 331.2 329.5 327.3 325.3 322.4 322.3 322.2 321.8 323.4 326.6 329.4 331.1 330.9 331 329.8 328.1 325.1 320.3 316 311.6 307.3 302.8 299.3 294.5 289.8 284.6 279 274.9 268.2 264.5 264.3 265.9 263.2 255.7 239.1 214 196.9 197.2 221.1 216.8 201.2 185 171.3 168.4 166.2 166.7 166.3 166.5 168 177.1 191.7 213 240.7 257.1 263.5 265.4 264.9 261.8 254.5 238.1 219.2 229.4 239.9 247.2 255.3 264.3 271.9 278.1 285.3 292.1 297.8 304.2 309.6 315 319.9 323.9
338.1 337.4 335.8 334.4 332.8 330.7 328.7 328.2 327.9 327.8 329.4 331.2 333.3 335.3 336.2 335.9 334.7 332.9 331.1 327.9 324.2 320.5 316.3 311.5 306.8 301.5 296.4 291.3 286.4 282.4 278.2 273.3 271.5 270.5 265.6 257.2 236.4 215 196.2 190.4 202.1 196.6 182.9 178.1 184.1 189.5 189.5 178.2 169.4 165.7 164.9 165.1 179.7 202.5 231.6 255.3 260.5 261.9 261.8 258.9 252 237.1 216.1 223.9 237.8 248.2 256.6 264.9 271.8 279.8 287.3 293.8 299.3 304.6 310.4 315 319.7 323.5
343.3 342.6 340.6 339.3 338.1 336.1 334.4 333.5 333 333.1 333.8 335 336.9 337.7 338.6 338.8 338.1 336.6 334.8 332.1 328.8 325.4 321.5 316.8 312.2 307.6 303 298 293.8 290.4 286.5 282.3 278.4 276.2 270.8 263.8 242.9 221.6 202.6 189.3 186 183.8 184.8 194.4 202.6 211.1 208.8 201.7 193 182.6 168.2 165.3 172.2 200 228.5 251.8 255.7 256.6 256.4 254.8 251.8 241.2 222.5 215.1 222.2 236.9 250.7 260 270.6 280.5 288 294.8 300.3 305.8 310.7 315.4 319.3 322.5
347.7 347.3 346 344.4 343 341.3 340.4 339.8 339.1 339.2 339 338.8 339.3 340 340.8 340.4 339.7 338.6 337.3 336.3 333.3 330.4 327.5 322.8 319.3 314 309.9 306.4 303.3 299.8 296.2 292.3 287.9 284.3 279.8 272.7 255 233.1 215 200.8 192.3 192.1 202 212.9 220.7 224.5 219.4 207.9 197.1 182.5 171.6 164.8 171.6 207.2 237.5 248.5 250.6 251 250.6 249.4 248 245 237.5 219.6 212.3 218.9 235.2 253.8 270.6 282.2 289.4 295.7 301.3 306.3 310.7 314.7 318.5 321.8
351.5 350.9 349.9 349 347.8 346.7 346.2 345.7 344.5 343.8 342.5 341.8 341.7 341.4 341.8 341.8 341 340.2 339.4 338.2 337 335.8 334.2 332.3 329.1 324.5 320.4 316.6 312.7 309 304.7 300.3 296.3 292.3 288.1 281.8 269.4 251 231.4 216.7 204.1 208.4 222.5 234 243.9 237.3 228.8 211.4 196 178.1 169.5 164.5 172.6 213.8 239.3 243.4 243.7 242.5 241.1 241.1 241.6 243.7 243.4 233.2 219.8 209.5 226.7 249.7 271.9 283.3 290.2 296.2 301.6 306.1 310.3 313.6 317.4 320.1
355 354.4 353.7 352.8 351.8 350.3 349.5 348.2 347.3 346.1 344.8 344.1 342.6 342.2 341.8 341.8 340.8 340.2 339.5 339.2 338.3 337.9 337.3 335.8 334.3 331.1 327.2 323.9 320.3 316.5 311.7 307.4 303.1 299.4 294.4 287.9 278.3 265.4 246 230.1 210.2 220.7 237.4 252.1 256.7 248.6 233.2 213.3 193.6 176.1 167.4 163.2 185.9 214.8 235 237.3 236.4 232.9 231.4 230.8 233.5 238.3 244.1 247.2 234 206.2 222 244.1 270.6 283.3 290.4 295.7 300.6 304.9 308.6 312.6 315.5 317.9
357.9 357.3 356.7 355.4 354.1 352.6 351.4 350.1 349.1 348 346.7 345.2 343.7 341.9 340.5 339.6 339.4 339 338.9 339.1 338.8 338.4 337.4 338.1 337 335.2 332.1 328.9 325.6 321.6 317.7 313.6 309.4 304.7 299 292.4 284.6 271.6 252.6 231.7 216.6 231.1 247 259.1 260.7 254.3 238 218 194 172.3 164.2 166.7 189.5 211.8 228.9 230.7 227.4 220.8 217.4 218 221.5 225.6 230.2 232 222.5 203.1 220.1 242.1 267.7 282.7 288.2 294.1 298.2 302.2 306 309.1 312.3 315.2
360 359.3 358.6 357.2 355.8 354 352.3 351 350 349.1 347.9 346.4 343.8 341 338.4 337.5 336.9 336.3 336.1 336.2 336.3 335.7 336.4 337.5 338.4 337.4 334.7 331.9 329.5 326.3 322.5 317.2 312.8 307.7 301.8 294.9 286.1 275.6 253.8 230.2 231.5 244.4 256.9 265.4 267 261.3 245.9 222.6 198.8 171.4 163.7 168.4 187.6 205.5 218.8 222.7 217 205.5 200 196.3 200.1 203 205.7 207.3 204.5 202.4 223 242.4 266.3 276 285.6 290.6 294.6 298.2 301.3 304.4 308.1 311.7
362 360.7 359.3 357.6 355.8 353.5 352.7 351.6 350.4 349 347.5 345.3 342.9 339.2 335.1 333.2 333.3 332.8 332.8 332.9 333 334.4 335.6 336.4 337 336 334.5 332.4 329.8 326.5 322.6 318.6 314.2 309 303 296.4 287.9 277.1 254.8 239.2 248.9 257.3 263.2 267.9 269.5 266.6 255.2 231.9 205.9 178.3 162.7 164 179.4 197 208.8 209.5 202.8 191.5 179.5 182 186.7 189.1 191.9 196 197.8 213.5 229.6 252.6 269 275.1 281.9 287 290.8 294.7 297.7 300.8 304.6 308.3
361.3 360.2 358.8 356.9 355.1 352.4 350.4 349.4 347.9 346.3 344.9 343 341 337.9 333.4 328.5 327.9 326.9 328.4 329.3 330.6 332.1 333.2 333.7 333.9 333.3 331.5 330.2 327.6 324.7 321 317.4 313.3 308.6 303.2 297 289.3 279.2 262.6 256.4 260.2 264.1 266.8 268.2 267.9 264.9 260.3 246.2 216.7 192.9 166 163.2 167.6 184 197.2 197.5 188.3 175.6 183.6 194.5 202.8 209.6 215.1 218.8 210.2 218.7 238.6 255.4 268.3 274.1 278 283.6 287 291.4 294.7 298.3 302.3 306.1
359.3 358.6 355.5 355.6 351.3 349.5 345.5 344.5 343.4 342.9 341.6 340.2 339 336.3 332.8 326.8 322.3 323.2 325 326.6 328 329.1 329.9 329.5 329 328.3 327.6 325.7 322.9 320.4 317.7 314.9 311.7 307.5 302.6 296.8 290 281.4 270.9 266.5 266.9 267.3 268.1 267.3 265.5 263 258.7 253.3 232 207.8 181.2 162.1 163.8 172.5 187.2 182.1 172.9 178.4 196.4 212.4 217.3 228.3 239.9 240.1 228.8 217.7 227.8 239.7 250.2 262.4 273.9 277.8 282.8 287.5 291.8 296.2 300.7 304.5
355.8 356 354.1 352 348.4 343.5 339.1 337.5 337 337.3 336.8 336.6 335.1 333.5 330.2 323.6 318.1 319.9 322.9 324.5 326.1 326 325.7 325.3 324.8 324 322.9 321.4 319.1 316.9 314.3 311.6 308.5 304.1 299.9 295.1 289.6 282.9 275.5 270.6 268.7 268.1 267.1 265.2 262.9 259.1 255.1 249.7 242.5 219.5 195.4 172.2 160.9 163.2 174.8 167.1 175.4 189.6 206.5 216 237 244.7 252.7 258 250.4 237 236 241.5 247.2 253.2 261.6 270.7 275.5 283.3 289.6 294.6 299.7 303.6
351.3 352.5 351.2 348.7 343.9 338.5 333.2 331.5 331.4 332.9 333 332.2 331.4 329.9 325.4 318.7 314 319.7 323.4 324.5 325.2 323 321.4 321.2 320.7 320.2 319.4 317.7 315.6 312.9 310.1 307.3 304.2 300.4 295.8 291.2 286.2 281 275.3 270.3 268 266.3 264.7 262.6 259.2 254.8 249.9 243.2 236.3 227.4 215.1 187.6 163.2 162.3 164.9 173.6 185.6 201.1 212.9 230.9 241.6 250.2 258.5 265.1 269.3 266.7 259.1 261.8 268.3 270.7 270.7 273 277.3 284.1 290.7 295.9 300.6 304.1
347.7 349.2 348 345.3 340.6 335.3 329.9 326 324.7 324.4 326.2 327.3 326.6 325 320.6 313.7 314.8 321 324 325.2 325 321.7 318.4 316.1 315.3 315.3 314.9 313.2 311 308.5 305.4 302.2 298.5 295.3 290.7 286.1 281.1 276 271 266.8 264.2 262.2 260.9 258.9 255.8 251.3 243.5 233.8 226 218.5 211.1 199.7 175.7 161.9 163.3 174.5 189.7 206 219.8 235 244.6 253.8 261.6 268.2 273.2 277.3 279.1 280.2 283.3 285.2 286.9 285.4 285 288.1 292.9 297.5 301.4 304.2
343.9 345.3 345 342 338.4 332.7 327.9 322.9 319.9 318.6 319.6 320.6 320.4 320.3 317.1 309.3 315.2 320.5 323.6 325.2 324.3 321.1 317.4 312.7 309.1 309.5 309.6 308.8 307.6 304.7 301.6 297.3 293.3 290.1 285.5 281.2 276.4 271.4 266.4 262.2 259.9 258.1 256.8 255.1 252.2 246.5 238.6 227.6 212.9 206 203.1 193.3 187.3 165 161.6 169.5 188.6 208 226 240.2 248.8 258.4 265.2 270.6 276 280.8 283.8 286.1 287.8 289.9 291.1 291.6 291.9 292.8 295.3 299.4 302 304.2
341.7 343.1 343.2 341.5 337.9 333.8 329.3 324.8 320.2 316.6 315.2 314.8 314.5 315.2 313.7 306 313.1 317.9 321.2 322.4 322.2 319.2 315.8 310.9 304.6 303.7 304.2 303.6 302.3 300.4 297.2 293.1 289.5 285 281.1 276.6 272.1 266.9 261.5 257.2 254.5 253.5 252.6 251.1 247.2 240.5 224.3 211.8 199.8 193.7 193.3 185.2 180.9 173.4 160.7 164.8 185.9 209.5 234.1 245.6 254.2 261.7 267.9 272.8 278 282.1 285.5 288.7 291.2 292.9 294 294.7 295.2 296 298.2 301.1 303.9 303.3
339.5 340.7 340.9 340.2 338.3 335.7 332.1 327.6 322.3 317.9 314 310.7 309.3 309.3 307.5 303.2 307.7 312.8 317.7 319.6 319.5 317.1 312.8 306.6 299.6 296.6 297.5 298 296.7 294.5 292.7 289.9 285 280.7 275.2 271.1 265.8 260.2 254.4 249.5 247 248.5 247.2 244.6 240.5 220.7 202.9 195.6 187.1 182.3 180.8 175.7 173.6 169.1 161 162.1 183.3 213.8 238.2 250.5 257.8 263.6 268.8 273.8 278.4 282.3 286.1 289 291.9 293.3 294.8 295.3 295.8 296.5 297.8 299.3 301.8 301
337.8 339 339.2 339.2 338.3 336.8 334.6 329.5 324.2 320.1 317 314.4 311.8 308.4 306 301.7 300.4 306.3 314.1 315.8 316.2 313.5 308.9 302.6 295.3 288.6 288.8 291 291.1 290.7 289.8 287.3 281.3 275.9 268.6 264.3 259.9 254.1 246.7 240.7 241.5 243.4 241.7 235.3 215.5 199.7 186.3 178.5 174.7 172 171 170.1 167.4 162.7 161.2 161.8 185.1 216.5 238.4 250.1 256.7 262.3 268.2 273.3 278.2 281.8 285.4 287.8 290.3 292.1 292.7 293.1 293.5 293.7 294.8 296.8 299.2 298.8
