Assets/StreamingAssets/GeoData/Data/sx/SX06.asc
ncols 200
nrows 200
xllcorner 200000
yllcorner 60000
cellsize 50
[rows 36 to 71 of 200, columns 81 to 161 of 200]
110.8 108.5 105.2 100.6 95.1 89.1 82.8 77.2 71.3 66.2 60.2 53.4 46.2 41.1 36.7 31.6 23.5 22.7 23.3 30.9 32.8 25.6 17.3 29.6 47.9 63.7 74.5 83.3 93.6 101.1 106.5 109.5 109 106.1 103 100.4 98.9 97.6 96.4 95.4 95.7 96.1 97.4 100.5 103.7 108.8 113.8 117.6 123.1 127.4 131.4 135.3 139.2 143.1 146 147.9 147.6 146.1 144.1 141.7 139.1 136.3 134.9 134.4 134.3 134.5 135.2 135.6 137.5 140 144.2 147.3 150.4 152.4 154.6 155.8 156.8 157.2 156.4 153.8 151.2
109.3 108.2 105.5 101.2 96.6 91.3 84.8 78.3 72.1 65.9 60.4 53.9 47.8 43.4 39.3 34.2 21.9 19 19.5 19 19.2 17.2 27.9 40.8 56 68.7 80.5 88.8 95.6 101.1 104.8 105.7 103.4 100.1 96.9 94.9 93.8 92.6 91.6 91.1 91.6 92.6 95 98 101.6 106.6 112.4 117 121.4 126.2 130.8 134.7 138.6 142.5 145.4 147.2 147.7 146.2 144.2 141.6 139.2 136.7 135.1 134 134.4 135.7 138 140.1 142.5 144.6 147.4 149.6 151.5 153.5 154.7 156.1 157.6 158.7 158.5 157.2 155.5
107.6 106.9 104.3 100.7 96.4 91.3 85.3 78.2 71.6 65.4 59.5 53 47.7 43.1 39.3 34.1 23.9 18.5 18.2 18.1 16.9 23.7 34.4 47.4 61.7 73.7 82.4 89.4 94.8 98 100.1 99.9 97.7 93.9 91 89.5 88.3 87.5 87 87.5 88.5 90.4 92.5 95.6 99.8 105.2 110.9 116 120.1 124.8 129.6 134.2 138 141.9 144.5 146.2 147 146.1 143.5 140.6 138.1 135.8 133.7 133 133.8 136.4 139.9 142.9 145.7 147.8 149.3 150.8 152.3 153.9 155 156.1 157.7 158.9 159.2 159.1 158.1
105.4 104.9 102.9 99.9 95.9 90.9 84.6 77.9 71.3 64.4 57.4 50.3 42.8 37 36.4 34.6 28.1 19.1 17.3 16.5 20.5 27.6 38 49.1 62.9 74.3 83 89 93.3 95.1 94.8 93.8 91.6 88.2 85.9 84 82.4 82.5 83.3 84.5 87 89.5 91.5 94.1 98.9 104.1 109.6 114.9 118.9 124.1 128.8 133.2 137.3 141 143.2 144.3 145.1 144.3 142.1 139.2 136 132.5 130.3 129.5 131.8 135.8 139.8 143.4 146.8 149.4 150.6 151.4 152.7 153.6 154.4 155.3 157.1 158.7 159.7 159.7 159.2
102.8 102.8 101.2 99.1 95.1 90.6 84.3 77.7 71 61.6 54.2 40.6 31 27.1 28.4 31.1 24.8 18.3 16.3 17.4 20.7 31 41.3 51.3 64 75.3 83.7 89.1 93 92.6 90.9 88.1 85.7 83 80.1 78.8 78.8 79.7 81 83.3 85.8 88.4 90.9 94.5 99 104.5 109.1 113.7 118 123.4 127.8 132.4 136.4 138.6 140.6 141.4 141.4 140.4 138.9 136.3 132.7 129.1 125.3 125.9 130.4 134.7 138.1 142.3 146.2 149.1 150.9 151.5 152.1 152.7 153.2 153.6 155.3 156.9 157.7 158 159.1
98.6 100 99.8 98 94.5 90.4 84.7 79.6 73.5 59.2 36.1 23.9 20.2 18.7 20.2 20.8 18.5 15.7 17.4 17.8 24.5 34.4 43.3 53.1 65.5 76.8 85.4 90.2 92.9 91.5 87.7 83.6 80.2 77.3 74.8 75.2 75.7 77.6 80 82.4 84.9 87.6 90.6 93.9 99 104 108.7 113.4 118.5 123.6 128 131.8 134.2 136 136.4 137 136.6 135.7 134.1 131.8 127.8 122.3 119.1 121.5 126.5 131.8 135.3 139.8 144 146.9 149.5 150 150.2 150.5 150.6 150.6 151.8 152.7 154.4 155.2 157.4
93.3 96.5 97.5 96.2 93.9 90.7 87.1 81 67.6 39.3 16.3 15.9 15.9 16 16.7 16.3 16.6 16.7 17.3 19.9 29.5 37.4 45.6 55.4 68.5 79.1 87.6 91.4 93.1 90 85.5 80.3 75.3 72.9 71.5 72.2 74.9 77.8 80.1 81.9 84.3 87.3 90.3 93.9 98.4 103.1 108.1 112.9 118.2 122.9 126.6 129.9 131.6 132 131.6 131.6 131.1 129.9 127.6 124.1 117.7 111.7 112.9 116.3 122.2 127.1 131.3 136.1 140.4 144 146.3 147 147.1 147 146.5 146.9 147.6 148.2 149.9 151.6 154.4
86.2 90.4 92.4 91.7 90.3 90.7 87 79.3 59.3 27 16.2 13.7 15.4 15.7 16.4 16 15.9 18.2 23.3 27.1 33.3 40.9 49.5 59.3 72.9 83 89 92.7 93.4 90 84.5 78.3 72.8 69.5 70.1 73.4 76.5 78.4 80.1 81.8 84 87 90.5 94 97.3 102 107.1 112.1 117.1 122.1 125.3 127.3 127.8 127.2 125.3 123 121.1 115.6 110.9 107.4 103.1 102.4 106.5 110.3 115.5 119.9 124.8 130.2 136.1 139.5 141.9 142.7 142.8 142.5 142.1 142.3 142.8 143.8 145.5 147 150.3
78.7 82.1 84.1 83.9 83 83.9 78.2 71.2 46.6 14.3 14.7 15.6 16.3 16.3 17.4 19.9 23.8 28.4 30.9 33.3 38.1 45.6 54 65.7 77.7 86.6 91.9 94.7 94.5 90.4 84.3 76.5 67.5 66.3 71.7 74.6 76.8 78.6 80.2 81.7 83.9 87 90.4 93.9 96.7 100.8 105.4 110.6 115.3 119.8 122.5 123.3 122.4 121 116.7 108.3 102.7 97.9 94.9 93.3 93.5 95.4 99.2 102.9 108.2 112.9 117.8 123 129.6 134 136.3 137.8 138.2 137.7 137.4 136.7 136.8 138.2 140.7 144.2 147.9
70.6 73.1 74.7 74.1 73.7 70.9 65.8 57 30.3 13.3 14.8 16.1 22.7 20.2 18.6 25.2 31.7 34.4 35.7 38.1 42.7 50.4 61 72.6 82.1 89.9 93.7 95.7 94.6 89.4 82.7 69.4 61.9 67.3 71.8 74.2 76.3 78.6 80.2 81.7 83.9 86.7 89.7 92.4 95.4 99.7 104.2 108.7 111.5 115.1 116.5 116.5 114.6 107 96.2 88.7 86.3 87.1 88.3 91.5 95.1 94.9 96.3 98.9 101.2 105 110.5 115.1 121.3 123.8 125.1 126.7 128.7 128.4 130 132.3 135.1 138.3 141.5 145.9 149.5
61.3 63.9 65.7 66.6 66.7 64.4 61.1 48.8 22.3 14.4 15 15.3 23.5 23.3 21.2 24.9 32.7 37 39.5 42.3 47.4 55.8 67.4 75.5 82.2 88.3 91.7 92.3 90.1 84.5 76.3 63.8 58.7 66.7 69.9 72.3 75.2 77.3 79 80.8 82.4 84.4 87.3 90.1 92.9 96.9 101.4 105.3 108.1 109.8 110.1 108.8 99.6 86.8 80.6 83 88.3 93 97.2 103.7 106.9 107 104.6 103.4 103.6 105.4 107.9 110.6 113.4 116.3 118.7 120.6 124.1 128 133 139.3 143.4 145 145.5 148.9 152.5
52.5 54.7 56.5 58.3 59.1 57.6 53.8 41.7 20.1 14.5 14.7 14.9 24.6 28.7 26.3 22.6 32.6 38.8 42.8 46.7 52.5 61.3 70.7 75.5 80.8 83.8 84 83.7 81.7 76.8 68.9 57 58.4 64 66.6 69.3 71.7 73.8 75.4 77 78.8 81.4 84.1 87 89.4 93.1 97.6 101.6 104.2 105.1 104.5 100.8 84.4 77.9 86.7 95.2 102.4 107.1 111 114.1 116.2 116.3 115.1 113.4 114.6 115.3 117.6 120.7 125.5 127.9 129.5 130.9 133.7 137.9 143.2 146.8 148.6 149.6 150.5 151.5 155
43.5 45.5 47.4 49.3 49.6 47.8 43.2 28.8 14.9 14.2 14.3 22.2 30.8 31.3 32.3 26.1 28.7 37.5 45.1 50.7 57.8 64.4 69.6 72 74.9 74.5 73.7 72.1 68.1 62.2 55.8 51.6 56.2 59.3 61.7 63.9 66.2 68.4 70.1 71.7 73 75.4 77.2 80.6 83.4 88.3 92.6 96.9 100.1 101.4 99.8 88.1 75 83.9 96.8 104.7 108.4 111.8 114.8 118.1 120.9 121.6 120.5 119.8 121.7 124.7 127.1 129 134 138 140.6 142.7 144.9 146 146.3 151.2 153 154.2 154.9 155.8 157.4
36.6 37.1 38.5 40.1 40.2 38.7 34.1 18.1 13.5 14.1 20.5 26.9 33.4 35.9 39.3 38.1 32.4 31.3 40.6 47.6 55.9 61.7 64.3 63.4 62.5 59.3 58.2 55.5 51.3 49 47.6 47 51.6 53.9 56.3 58.6 59.7 61.4 62.8 64.8 67 70.2 73.2 76.2 78.3 82.1 86.3 89.3 92.6 94.5 92.3 77.5 74.1 87.5 97.8 103.8 107.3 111.4 114.9 118.4 121.9 123.7 123.2 123 124 126.7 129.5 132.5 137.1 141.5 144.5 146.7 149 151.1 153.4 155.4 157 158.1 158.4 159.2 160.6
27.5 28.2 28.6 30.8 31.5 29.4 19.9 14.1 14.1 20.6 28 33.4 37.2 41.1 45.2 47.2 44.6 39.3 33.8 33.7 36.7 41.8 43.4 41.1 39.5 39.4 40.7 43.7 43.8 44.7 45.6 46.1 46.5 48.5 50.6 53.6 54.2 55.2 56.7 59.1 61.8 65 66.6 70.3 73 75.2 79.4 81.1 78.6 81 80.2 70.6 78.8 89.5 96.2 100.3 103.5 107.2 111.3 115.4 118.9 120.3 120.9 120.9 123.1 125.8 128.9 132.5 136.1 140.9 144 146.2 148.2 150.1 153.7 157.7 158.7 159.6 160.6 161.7 161.8
15 16.9 19.2 20.3 20.5 20.1 16.9 15.5 21.9 26.5 31.2 36.2 41 47.3 53 54.6 54.8 52.6 47.9 44.3 43 45.1 43.8 45.4 46.9 48.4 49.7 50.6 50.9 50.5 51 50.8 50.3 49.8 49.2 51.1 52.6 53.4 53.9 54.9 56.3 57.6 59.5 63.9 65.8 68.4 70.8 70.6 71.1 70.8 69.2 70 77.5 82.3 89.8 94.2 99.2 103.7 107.6 111.8 114.7 116 115.9 117.4 119.9 122 126.8 131.2 133.9 137.4 140.3 142.5 147.3 150.9 155.1 157.8 160.2 161.1 161.8 162.6 163.4
12.5 12.2 12.2 12.6 13.1 13.9 13.7 21.9 26 30.3 35.6 41.5 47.3 52 57 59.5 60.5 61.9 59.4 57.5 57.3 57.5 57.5 57.7 58.1 58.7 59 59 60 59.5 58.8 58.1 56.9 55.4 54.8 54.3 54.5 55 55.9 56.3 57.7 58.4 59 59.9 61.3 62.3 63.1 63.7 64.6 65.3 66.8 67.6 70.1 74.4 80.3 86.3 91.5 96.7 101.5 107.7 110 111.1 111.1 113.6 115.5 117.6 123.1 127.8 131.4 134.6 137.2 141.6 146.8 150.6 154 156.9 159.3 160.9 161.7 162.4 163.1
12.4 12.8 12.7 13.4 13.7 13.6 16.7 22.5 26 32.2 39.3 44.9 48.7 52.7 56.6 60.8 63.8 67.5 68.1 68.7 68.6 69 69.1 69 69.2 69.4 69.2 69.1 70.3 70.3 69.6 66.7 63.3 61.3 60.3 59.3 59 59.7 59.6 59.9 61.1 61.9 63.5 65.2 66.4 67.3 67.8 67.9 67.5 68.4 69.2 69.8 69.4 70.1 72 76.1 82.2 88.9 94.6 99 101.9 104.8 105.3 108.5 110.2 113.6 118.3 123.4 127.4 129.9 135 140.2 145.2 148.8 152 154.3 156.7 158.6 159.2 160.4 161.7
16.2 15 15.5 16 14.2 13.2 14.8 21.7 27 33.6 40.8 45 47.4 50.1 54.2 58.5 62.9 67.5 69.3 72 73.9 75.2 76.1 76.6 77.7 80.8 81.1 81 81.3 80.6 79.4 77.4 74.4 72.4 69.7 68.1 65.4 64.1 63.8 64 65.3 67.1 69.2 72 74.5 74.9 75.3 74.5 73.4 74.2 75.5 76.9 74.9 72.3 71.4 72.5 74.4 79.8 85.7 89.3 94.2 97.1 98.4 103.4 105.5 109.4 114.3 118.6 121.2 127.7 132.7 137.6 141.7 145.2 147.5 150.2 152.4 154.7 156.6 158.4 159.7
22 22.6 24.8 24.4 21 15.3 14.5 19.5 28 33.8 39.1 42.9 45.3 47.7 51 54.7 59.5 63.6 67.4 71.2 74.2 76.7 78.7 79.4 82.4 87.2 87.6 89.4 89.9 88.8 87.4 86 83.4 81.1 77.7 75.6 73.7 71.1 69.1 69.5 71.9 73.7 75.8 79 81.3 81.9 82.4 81.5 80.1 80.8 82.7 83.4 82.4 81.9 79.1 74 72.7 73.8 77.7 81.4 86.7 90 94.2 97 100.7 104.7 109.3 111.6 118.4 125.9 130.8 134.5 137.7 141.1 142.9 145.7 147.4 150.3 152.3 155.5 159.8
27 27 27.2 27.3 25.8 20.3 14.9 17.1 25.8 28.3 35.9 39.2 41.5 43.8 47.5 51.3 55.8 59.9 64 68.3 72.3 75.1 78.1 82.1 85.6 88.3 89 92.4 93.1 92.4 92.6 91.4 89.3 86.1 84.5 82.7 80.5 77.3 75.3 75.8 79.2 81.2 82.9 86.7 87.7 90 89.9 88.4 87.2 87.5 88.3 89.4 90.4 89.5 87.2 83.7 79.9 75.6 75.1 77.2 80.6 84.1 88.8 91.5 95.6 99.1 102.8 109.3 114.6 121.2 126.1 130 134 136.6 139.4 141.7 143.3 145.9 149.3 153.1 156.4
30.2 29.8 29.9 30 28.9 25.9 19.2 15.5 21.6 29.1 31.5 34.9 37.1 40.3 44.3 48.2 52.1 56.1 60.2 64.4 68.9 72.9 76.5 80.6 84.8 88 90.1 92.6 93.7 94.7 94.3 93.6 93.4 91.6 90.4 88.5 86.3 83.8 81.4 82 85.3 87.7 90.1 93.8 95.5 97.3 96.3 95.9 95.4 93.9 94.4 94.8 97.1 96.4 95 91.9 88.1 83.3 79.1 77.6 78.5 81 83.8 86.8 90.2 94.2 99 104.2 108.8 114.4 119.8 123.6 127.9 131.8 135.5 138.2 139.8 145.3 149 151.9 154.6
33.2 32.7 32.7 32.7 32.2 30 25.1 17.7 16.9 24.4 29.1 32 33.3 36.8 40.8 44.8 48.5 52.7 56.8 60.4 64.5 69.7 73.2 77.5 82 85.7 88.6 90.8 92.8 94.3 95.1 95.1 95.1 95.5 94.6 93.1 91.4 89.5 87.2 87 89.6 91.8 95.1 98.9 101.1 102.5 101.8 101.1 100.6 99.3 99.6 100.9 102 101.1 99.8 97.6 93.9 89.4 85.2 81.9 80.1 80.4 80.8 82.5 85.8 90.6 94.9 98.4 102.9 108.1 113.1 117.8 122.1 126.6 129.8 132.9 138.7 146.6 150.1 152.5 154.8
35.7 34.9 34.7 34.7 34.2 32.9 30.2 23.5 16.7 19.1 23.6 27.9 30.5 34.2 38.3 42.2 45.9 50.1 54.2 57.9 62 67.1 70.1 74.6 79.7 83.4 86.3 88.9 91.1 92.9 94.2 95.7 96.8 97.3 97.2 96.5 95.2 93.3 91.5 91.2 92.4 94.9 98.4 102 104.1 107.2 107.3 105.6 105.6 104.4 104.8 107.2 108.4 107 105.4 103.7 99.8 95.7 91.6 87.9 85.1 82.8 82.3 81.7 82.7 86.8 91.4 94.2 96.5 101.5 106.4 110.5 115.1 119.7 124 130.2 138.3 145.4 148.9 151.5 153.6
37.5 36.7 36.2 36.5 35.9 34.9 33.8 30.9 21.9 16.9 21.7 28.1 32.8 35.6 38 39.9 43.2 47.4 51.5 56.1 59.6 64.1 67.3 72.6 76.8 81.5 83.9 87 89.6 91.4 93.3 94.8 96.3 97.6 98.3 97.9 97.7 96.5 95.5 95.6 96.1 98.5 100.9 105.9 110.3 113.3 113.4 113.7 113.2 110.1 112.1 113.5 114.5 114.1 113.3 111.7 109.4 104.2 99.8 94.9 90.8 86.4 85 83.2 83.3 84.9 88 91.9 94.6 97.4 102.9 107.4 112.8 119.9 125.7 132.5 137.9 142.4 145.2 148.1 150.1
39.7 39.3 39.7 39.7 39.1 38.8 39.3 38.5 30.3 18.8 20.8 27.9 33.2 37.7 40.7 42.8 45.8 48.6 52 55.7 59.8 63.4 67 71.6 77 81.8 85 86.6 88.2 89.9 92.1 94.2 95.8 97.2 98.4 98.9 98.9 98.7 98.4 98.2 99 101 103.5 107.7 112.1 115.9 117.5 118.2 118.8 118.3 118.8 119.5 120.6 120.4 120.2 119.4 117.3 112.5 108.2 103.8 98.6 93 89.7 87.2 84.9 85.1 87.6 90.9 94.3 98.1 103.9 109.6 115.4 121.4 126.3 131.4 135.6 138.9 141.3 143.4 144.6
43.3 42.5 44.5 45.6 45.4 44.9 45.3 43.7 35.3 20.8 18.3 25.5 32 35.2 41.8 46 49.3 52.4 55.1 58.2 61.4 64.6 67.7 71.2 75 84.3 85.3 86.6 87.8 88.4 92.5 93.7 95.2 96.6 97.9 98.5 98.8 99.3 99.3 99.5 100.2 101.8 105 109.2 114 118.1 120.2 121.3 123.3 123.8 124.1 125 126.4 126.6 126.4 125.9 123.6 119.4 115.1 110.1 104.8 99.6 94 91.2 88.5 86.3 86.6 90.4 93.9 97.5 103 108.9 114.3 120.3 124.9 127.8 132.4 135 137 138.5 140.1
45.5 46.6 48.2 49.8 51.4 51.9 51.2 47.7 38.4 23.6 17 23.3 31 36.8 42 47.6 52.3 55.8 59.2 62 64.9 67.3 69.5 73 76 79.6 85.2 86.5 87.6 88.3 91.3 92.7 94.3 95.8 97 97.9 98.6 99.3 99.4 99.8 100.8 102.4 106.1 110 115.6 120.9 123.8 125.9 127.9 129.2 130.2 130.5 131.7 132 132.5 130.9 128.4 125.6 120.9 115.8 110.1 104.8 99 95.8 91.9 88 88.1 90 93.5 98.3 102.2 107.4 111.8 117.1 121.2 124.5 127.7 129.4 131.5 132.5 135
45.8 47.9 50.5 52.8 54.9 56.7 56.1 51.6 42.1 27.1 16.7 21.6 30 35.8 41 47.1 52.3 56.6 60.4 64 67.4 69.9 72.2 75.1 77.7 79.9 83.6 85.6 86.7 87.8 90 91.8 93.3 94.7 95.8 96.6 97 97.9 98.6 99.2 100.3 102 106.2 110.2 116.7 122.4 127.1 130.2 132.7 134.6 136 136.5 137.3 138 138.2 137.4 134.2 130.4 126.7 121.4 114.8 110.5 103.8 99.9 95.6 90.7 90.3 90.8 91.3 93.9 99.4 104.4 108.5 112.6 116.8 119.1 121.1 123 125.4 128.8 132.1
45.1 47.7 50.6 53.6 56.4 57.9 58.4 54.8 47.1 33.5 19.8 19.1 27.5 34.9 38.6 45.1 50.9 55.7 59.9 63.8 67.9 71.3 74 76.1 78.6 80.6 82.2 84.1 85.3 85.2 88.8 90.2 91.2 92.4 93.6 94.3 94.7 95.8 96.8 98.2 99.6 101.5 104.8 109.7 116.7 123.5 129 132.7 136.3 139 141 142.8 143.5 143.9 144 143.7 141.1 136.5 131.5 126 120.3 114.9 108.7 103.1 98.4 93.7 93.4 92.4 92.6 93.2 97.1 101.4 105.8 109.2 111.6 113.3 116.5 117.8 114.5 122.7 128.7
44.3 47.4 50.5 52.9 55.2 56.7 56.6 54.2 49.9 38.1 23.5 18.1 24 32.5 38.5 43.9 49 53.7 57.8 62.1 66.6 70.5 73 74.8 77.5 79.4 80.5 82.1 83.3 83.4 85.9 88.1 89.1 90.2 91.1 91.9 92.5 93.6 94.9 96.7 98.5 100.7 103.8 108.1 114.7 122.6 128.9 134.1 138.4 142.6 145.2 147.6 148.9 149.6 150 149.9 147.3 142.4 136.7 130.9 125.4 119.5 112.3 105.9 101.2 98.2 98.1 97.5 95.5 97.5 95.3 98 101.9 105.1 107.8 108.9 110.3 111.9 113.1 113.4 113.8
44.1 47.7 50.6 52.5 54.3 54.7 54.1 51.8 48.4 40.5 26.7 18.3 21.6 29.4 36.7 41.9 47 51.4 55.7 60 64.3 67.9 68.4 74 75.5 76.8 78.8 80.9 82.4 83 83.4 84.9 86.3 87.3 88.1 88.9 90 91.1 93.1 95.1 97.2 99.2 102.2 106 111.5 119.8 127.5 133.6 139.4 144.8 148.3 151.3 152.9 153.8 154.7 154.8 152.7 148.4 143 137.5 131.3 124.2 116.6 108.6 103.9 101.8 101.7 103.9 102.9 100.8 96.7 95.8 97.6 100.8 103.7 106.1 108.2 111.1 112.6 113.1 113.7
45.8 49.9 52 52.8 54.3 54.7 52.5 50.2 45.7 39.4 29 20.3 20.2 26.4 34.5 41.6 44.5 48.9 53.1 56.8 61 64.2 68.4 70.8 72.8 74.1 76 78.1 80.4 81.1 81.1 82.2 83.4 84.2 85 85.8 87.3 89.4 91.7 93.8 95.9 97.9 100.6 104.3 109.7 117.3 125.1 131.9 138.5 144.5 149.3 153.1 155.1 156.9 157.7 157.8 156.1 152.8 148.2 142.5 136.5 129 119.7 111.2 106.6 103.8 104.5 108 108.7 105.9 101.7 99.8 99.1 99.9 101.8 103.2 105 108 110.9 113.3 119
47.5 51.8 53.7 55 55.9 56.3 54 51.4 46.9 39.4 32.3 23.1 19.6 24.5 31.7 36.9 42 46.7 50.1 53.6 57.8 61.4 65.1 67.6 69.5 71.4 73.1 75.3 77.2 78.6 78.9 79.3 80.3 81.1 81.9 83 85.1 87.7 90 92.2 94.4 96.6 99.2 103 108.1 115 123.1 130.8 137.3 143.5 149.4 153.1 156.4 158.4 159.6 159.5 157.4 153.9 150.1 145.3 139.1 131.8 123.6 115.4 110.5 108.7 109.8 112.3 114 111.9 107.3 103.8 102.7 103.6 104.8 104.4 105.3 107.1 110.4 114.9 121
46.8 50.5 53.4 55.6 57.3 58.4 57.1 55.3 51.8 45.7 37.6 25.1 19.7 22.3 27.5 35.2 39.9 43.8 47 49.7 54.3 57.5 60.5 63.2 65.5 68 70.1 72.1 73.7 75.4 76.5 76.8 77.2 78 78.9 80.8 83.4 86 88.4 90.6 92.9 95.4 98.2 101.8 107.3 114.3 122.2 130.1 137 143.5 148.7 153.4 157.2 159.1 160.2 159.5 157 153.3 149.7 145.8 140.1 133.7 127.6 120.8 114 112.9 113.4 115.8 116.8 115.6 111.8 108.1 107 108 109.3 109.6 109.4 108.5 110.2 114.4 119.6
45.2 48 50.8 53.1 55.6 57.2 56.7 56 53.6 47.7 38.8 26.7 21 21 24.8 33.2 37.8 41.2 46.6 48.1 51.5 54.2 57.2 59.8 62.3 64.4 66.4 68.5 70.3 72.2 73.3 74.4 74.8 75.5 76.8 78.8 81.6 84.2 86.7 89.3 91.9 94.7 97.5 101.3 106.7 114 122.5 130.2 136.8 143.5 148.7 153.5 157.5 159.8 160.9 159.2 156.6 152.1 148.5 144.2 139.2 133.4 127.5 123 118 114.4 117.1 118.8 118.8 117.6 114.5 111.9 111.1 111.9 112.9 113.4 113 112.3 112.1 113.4 116.1
