Assets/StreamingAssets/GeoData/Data/sx/SX16.asc
ncols 200
nrows 200
xllcorner 210000
yllcorner 60000
cellsize 50
[rows 37 to 73 of 200, columns 0 to 81 of 200]
139.9 138.5 118.9 95.5 87.9 90.3 106.4 120.9 134.5 140.2 146.8 150 153.5 156.5 158.7 157.5 154.6 150 139.6 128.6 117.7 116.4 129.3 135.2 135 127.9 119.8 107.5 92.1 82.2 77 76 80.5 88.4 95.3 100 101.7 101.4 103 104.2 99.5 95.6 91.7 94.4 97.7 102.3 102.4 99 101.8 108.3 112.3 115.4 111.7 99 104.4 110.8 114.3 115.7 114.1 108.9 107.5 114.3 116.9 122.5 132.2 145.5 153.4 159.7 164.6 167.2 167.8 165.6 162.7 159.6 156.2 153.1 150.4 150.1 150.6 151 150.6 149.1
145.8 137.6 119 93.9 88.6 88.7 92.2 104.8 114.3 126 137.1 145 149.4 152.3 154.7 154.6 152.9 149.5 141.9 134.7 124.3 108.8 115.6 126.3 122.4 112.3 101.2 90.7 80 74.2 78.7 87.7 97.6 105.3 114.9 115.5 117.6 116.4 115.4 115.1 113.7 110.8 109.7 108.9 109.8 115.1 116.4 110.6 106.3 120.3 125.4 132.3 125.9 116.3 105.4 100.7 103.2 103.6 105.9 113.8 118.2 122.7 125.5 132.7 142 150.2 156.7 161.2 164.6 165.7 165.1 162.8 159.8 156.5 152.7 149.7 146.7 145 144.6 144.5 144.2 143.7
150.3 140.6 120.3 104.8 92.5 86 86.2 89.9 98.5 108.5 120 131.4 141.3 146.8 148.8 149.5 149.5 147.7 142.9 138.2 131 111.9 102.3 110.6 107 94.7 86.4 77.6 76.4 81.6 87.2 92.1 101.5 115.7 121.8 126 128.9 129.2 128.6 126.2 124.9 121.3 122.2 122.6 122.2 125.3 125.8 119 108.4 121.2 125.4 131 132 127 118.7 111.8 108.2 111.1 115.7 122.1 126.8 130.1 134.6 140.1 146.2 151.7 157 160.2 161.9 162.4 161.5 159.4 156.1 152.4 148.5 145.2 142.2 140 139.5 138.6 137.8 137.4
155.4 147.6 137 124 112 98.9 86.5 78.6 86.1 93.3 102.5 114.7 129.5 140.2 143.3 145.6 146.8 145.5 141.6 137.5 133.1 115.1 94.6 96.6 90.5 80 73.6 75.6 82.5 94.4 102.5 99.7 99.6 108.7 120.7 127.5 132.2 135 135.6 134 131.5 128.4 129.5 129.6 129.4 129.7 129.3 125.5 117.2 119.9 123.8 128 131.2 129.6 127.4 122 116.4 116.3 120 124.9 129.2 132.5 136.5 140.8 145.7 150.4 155.2 157.3 158 157.9 157 154.7 151.2 147.6 144.2 140.7 137.9 135.2 134.1 133.1 132 131.1
159.7 156 150.6 141.2 132.2 122.1 106.8 96.2 79.1 79.7 87.8 98.5 114.4 129.5 139.5 142.6 143 141.8 138.5 132.7 123.5 109.5 88 82.5 76.7 71.7 76.7 80.4 84.9 96.4 109.9 111.9 108.7 106.8 119.2 127 132.7 137.1 140.2 140.1 137.2 136.8 137.3 137.4 136.2 135.5 135.3 131.6 122.8 119.3 123.5 127.3 130.4 131.3 129.7 127.1 123 120.4 121.4 125.3 129.8 132.4 136.1 140.3 144.1 149 152.9 154.4 154.5 153.2 151.9 149 145.8 142.7 139.6 136.4 134 131.7 129.8 127.8 126.5 125.9
164.4 161.6 158.4 155.1 149.1 141.2 129.1 117.9 98.7 76.8 74.6 83.6 94.5 111.5 129.2 136.6 137.6 132.4 124.2 115.2 106.6 94.2 78 72.2 74.7 87.7 102 104.3 97.8 94.1 108 115.9 115.7 112.7 122 129.5 135.8 140.9 144.7 145.5 143.4 143.4 144.4 144.2 142.4 141.4 140.5 137.4 129.1 122.3 124.8 130.7 134.1 136.8 137.7 135.4 132 128.8 128.7 128.2 129.8 132.7 135.9 140 144.1 148.4 151.5 152.3 151.2 149 147.2 145.2 142.4 139.1 135.7 133 130.7 128.3 126.2 124.3 122.4 121.7
165.4 163.6 161.9 159.6 156.5 152.6 147.3 136.7 119.2 95.8 73.5 72.2 79.3 95.2 113.9 120.4 119.6 112.8 103.4 95.8 86.9 75.2 71.3 83.2 97 110.3 126.4 124.5 110.7 96.7 104.4 118.4 122.4 120.7 125.2 133.9 141.2 146.9 150.2 150.4 149.8 149.6 150.2 149.6 147.9 146 145.2 142.2 136.1 128 126.9 132.9 137.8 141.2 142.9 142.2 139.6 138.8 137.4 137 136.4 137.8 139.2 141.9 145.4 149.2 151.3 150.7 148.2 144.9 142.7 141.2 139.2 137 133.6 130.3 127.5 124.9 122.7 120.9 119.3 117.7
163 162.9 163.1 161.3 159.1 155.7 152.3 148.2 134.8 115.3 91 71.6 69.3 82.7 98.6 99.1 96 91.9 83.5 75.2 71 70.8 83.5 100.3 116.2 130.8 136.9 136.9 123.4 103.7 105.3 125.1 135.4 135 135.9 140.3 147.8 152.8 154.9 155.4 154.5 154.1 154.5 153.9 152.2 150.6 149.7 147.5 143.1 137 131 134.4 139.8 144.4 147.6 147.7 146.4 146 145.1 144.9 144.7 144.4 145.2 146.6 150.9 153 152.8 149.7 145 140.5 138.6 137.7 136.7 134.2 131.5 128 124.6 122 119.3 117.6 116.1 114.6
161.3 161.6 162.2 161.2 159.4 157.2 155.2 151.1 143.4 131.3 112.8 88.5 69.3 73.5 81.8 78.5 74.4 70.9 69.8 70.7 75.3 80.6 95.2 113.4 129.7 140.1 143.2 138.7 134.5 112.1 109.9 130.8 147.5 146.6 146.5 147.1 152.5 156.8 158.8 159.4 159.1 158.9 158.7 157.6 156.3 155.9 155.2 153.7 150.1 145 138.2 136.3 142.1 147.4 151 151.3 150.8 151.3 151.7 151.6 152.6 154 155.4 156.1 157.7 157.1 153.9 149.5 143 136.8 134.6 133.4 133 131.2 128.5 125 121.6 118.7 116 114.2 112.7 111.2
158.2 159.7 159.6 159 157.7 155.3 152.6 147.5 143.3 133.7 124.6 95.2 75.2 67.8 67 68 69.7 77.3 86.1 93.3 102.5 93 104 122.9 137.9 145 147.3 143.4 140.4 125.2 120.2 138.2 152.5 155.9 154.8 153.4 155.8 159.9 161.6 162.2 162.4 162.3 161.9 161.1 159.8 159.9 159.6 158.4 155.8 151 144.4 140.3 145.4 150 153.4 155 155.3 155.5 155.6 157.4 159.1 159.3 160.1 159.8 158.7 156.6 152.7 147.8 141.6 134.6 130.4 128.7 127.6 127.1 125.4 121.8 118.6 115.5 112.6 110.5 108.8 107.7
153.9 156.2 156.1 153.9 150.9 143.7 136.4 128 117.9 109.8 100.3 84.5 70.2 66.5 69.7 81.1 94.6 105.3 112.7 118.6 120.2 111.5 110.2 130.5 145.2 150.7 152.8 152.8 146.5 135 128.6 142.7 154.6 161.8 161 158.8 159.3 162 163.5 164 164 163.9 163.3 162.8 162.3 162.2 161.6 160.7 158.3 154.7 149.4 145 148.3 153 156 157.7 158.2 158.2 159.2 160.3 160.2 160.1 159.1 157.3 155.7 154.1 150.7 146.4 139.9 132.7 127 125.2 124.1 122.5 120.9 118.6 114.2 111.7 109.2 106.8 105.6 104.6
145.3 150.4 151.2 146.6 134.6 121.8 109 96.5 86.5 78 72.8 66.6 66.6 77.4 93.3 109.7 118.7 126.5 132.4 135.1 131.1 116.3 117.7 137.9 152 156 158.1 157.9 155.4 146.4 140.1 149.9 159.3 164.9 165.5 164.2 163.3 164.1 165.1 165.3 165.3 164.7 164 163.4 163 163 163.2 162.2 160.4 157.2 153.4 150.1 151.5 155.3 158 159.6 160.1 160.3 160 159.2 157.9 156.7 154.6 153.4 151.9 150.3 148.5 146.1 140.4 131.3 125.2 122.4 120.7 118.9 116.8 114.7 111.3 108.2 105.8 103.9 102.6 101.4
127.5 135.4 138.1 132.6 115.8 97 82 70.2 65.6 65.3 67.3 68.2 81 98.6 115 127.8 139.9 146.8 151.4 148.1 135.7 119.3 129.1 145.6 157.4 160.3 162.4 163.2 162.8 159.4 157.2 159.5 164.7 167.5 168.1 167 164.7 164.7 165 165.3 165.1 164.8 164.5 164 163.8 164.1 164.3 163.8 162.5 159.6 156.9 154.3 156.1 158 159 160.5 160.9 160 158.7 157 154.7 152 149.5 147.3 145.5 144.4 143.3 142.1 138.2 129.3 123.7 120.7 117.8 115.9 113.8 111.8 110.4 107.7 106.5 104 100.9 99.1
102.8 108.6 112.7 107 88.2 70 63.7 63.3 66.4 69.2 77 87.7 102.9 116.5 129.8 142.7 154.9 161.1 160.8 154 141.4 124.9 139.6 154.5 162.1 163.9 166.1 167.8 169.1 169.4 169.2 169.3 169.7 170.4 169.6 166.9 164.6 164 164.4 164.7 164.9 164.7 164.4 163.8 163.6 164.1 164.7 165.1 164.3 162.3 159.8 158.2 158.9 160.2 160.2 160.3 160.1 159.1 156.4 153.5 150.2 146.7 143.7 141.4 139.2 138 135.5 134.1 130.3 125.6 122.6 120.1 117.6 115.5 114 112.8 112.1 110.6 109.2 105.7 100.7 96.9
79.9 75.8 86.8 79.8 66.2 63.5 65.6 76.5 83.1 94.5 105 116.5 128.2 135.1 144.8 156.3 164.5 166 164.8 158.6 147.7 135.7 150.2 163.9 165.9 167.5 169.6 171.5 172.7 174.5 175.3 175 174.6 173.3 170.9 167.2 163.5 163 163.6 164 164.2 164.4 163.6 163.5 163 163.2 164 164.7 164.4 163.5 161.8 160.6 161.4 162.2 161.3 160.7 159.2 157.3 154.2 150.8 147 143.9 141.8 140.3 138.9 137.4 135 132.7 129.9 125.8 122.4 121.2 119.5 117.4 116.7 116.5 114.9 114.4 113.5 110.8 102.6 95.1
112.1 91.1 72.6 61.1 61 75.4 90.3 101.8 113.7 123.8 132.6 141.8 150.2 157.4 163 166.3 169 168.5 166.7 162.6 153.4 144.2 158 164.8 167.1 170.1 172.3 174.5 176.1 177.7 178.9 178.3 177.4 175 171.4 167 161.8 160.6 161.5 162.2 162.2 162.2 161.7 160.9 160.3 161.6 162.6 163.6 163.8 163.2 161.8 161.2 162 162.3 162.1 160.6 158.9 156 152.6 149.4 148.1 147.6 146.1 144.1 143.5 142.7 141.1 138 134.7 129.6 125.9 123.2 121.4 120.5 120.2 120.9 121.6 120.3 119.4 115 104.4 93.2
131.6 111.8 88.4 61.7 63.8 94.8 116 129.6 136.1 143.6 151.1 157.2 162.1 165.1 167.7 169.4 170.1 169.8 168.7 165.3 159 151.8 158.1 164.2 168.5 171.6 174.7 176.8 178.5 179.8 180.7 180.2 178.1 174.3 170.3 165.5 160.4 158.4 158.2 158.8 158.9 158.8 158.7 158.1 158.2 159.8 161 162.2 162.4 162.1 162.2 161.7 162.3 162.1 161.9 161.5 158.7 156.3 153.5 152.3 152.3 152.6 150.8 148.2 146.6 145.2 142.2 138.6 135.7 131.8 128.3 125.3 123.8 124.5 124.6 126.4 125.9 123.9 121.2 116 106.4 95
133.1 113.6 87.1 60.5 67.7 97.3 127.9 136.5 142.2 148.4 154.3 158.8 162.2 165.1 167.6 169.4 170.8 170.5 170.1 168.9 165.8 161.2 161 165.3 170.4 173.6 176.7 178.5 179.9 181.3 181.6 180.5 177.8 174.2 170.4 164.6 159.3 156.5 154.8 154.6 153.2 152.2 153.2 153.4 155.2 157.5 159 159.7 160.3 160.5 161.2 162.6 163.1 163.1 162.8 162.3 159.7 156.9 155.4 155.8 156.4 156.1 154.6 151.8 149.2 146.4 143.1 139.8 135.8 132 129.2 127.5 126.4 126.4 127 127.5 126.4 123.7 120.8 115.9 108.7 98.4
127.5 109.8 84.4 59.7 66.5 93.5 115.5 125 135.7 142.9 149.8 154.7 159.6 162.9 165.5 167.7 169.6 170.8 171.4 171.5 170.2 168.8 168.2 169.5 173.1 176.1 178.1 179.6 181.1 181.6 181.5 179.5 177.1 174 169.9 164.5 158.5 154.7 152.8 150.7 148.3 146 145.9 147.5 151.8 153.8 155 155.9 156.7 159 161.8 163.7 164.2 164.6 164.4 163.4 160.6 159 158.7 159.7 161.1 161 159.7 157.2 154.2 151.1 147.2 143.6 139.5 135.1 131.7 129.7 128.6 128.6 128 126.7 124.7 122.1 117.9 113.3 107.6 99
119.8 104.9 78 57.3 69.4 83.2 94.6 104.7 123 132.6 142.5 149.1 154.5 158 161.3 163.5 167.1 169.5 172.1 173 173.1 173.1 173.8 174.3 175.6 178.4 179.6 180.8 181.1 181.1 180 178.2 175.6 172.4 168.3 164.2 156.6 152.3 150.3 149.9 149.2 147.4 141.6 141.1 144.5 146.8 150.3 153.7 157.3 160.3 162.9 164.4 165.4 166 166.2 165 163.6 163.1 163.6 164.3 165.3 165.5 165 163 160.7 158.4 154.3 150.4 145.8 141 136.8 133.3 131.1 131 130.1 127.1 123 119.2 114.7 110.1 104.8 97.3
107.7 90.8 69.4 56.9 64 70.5 76.1 85.5 97.2 113.5 125.7 136.9 146.4 151.4 155.5 159.8 164.2 167.9 170.8 173.4 174.9 175.5 176.4 177.2 178.3 180.3 181.1 181.5 181.2 180.7 179.4 176.9 173.5 170 165.7 161.1 153.8 148.4 146.9 146.8 146.8 145.5 136.7 138.3 146.6 152.1 156.1 159.4 161.3 163.5 164.8 166.1 166.8 167.4 168.1 168.1 167.8 167.6 167.8 168.2 168.5 168.8 168.5 167.3 165.1 162.8 159.9 155.8 151.2 147.4 143.2 139.2 135.8 135.2 133.6 129.9 124.6 118 111.6 105.7 99.7 92.5
90.3 73.3 58.1 58 69.8 86.7 94.6 95.1 88.4 92.2 106.4 119.2 130.9 140.1 149.5 155.4 160.9 165.4 169.6 173.5 176 177.6 178.7 179.5 180.8 181.7 182.1 182 181.1 180.4 178.9 175.6 171.9 167.3 161.8 156.4 149.5 142.9 140.5 140.5 142 137.2 131.2 144.9 155.9 159.4 161.7 163.1 164.5 165.3 166.2 167.1 168 168.7 169.2 169.5 170.5 171.2 171.4 171.3 171.2 171.5 171.5 170.1 168.5 166.2 163.7 160.1 156.2 152.2 149.3 146.2 143 139.9 136.9 132.4 125.9 118.7 111.5 103.2 95.4 87.8
76.4 58.8 55.9 60.3 83.2 104.1 115.5 118 112 102.6 96.1 102 111.8 123.3 136 148.8 156.8 163.4 168.5 172.9 176.2 178.3 179.9 181.2 182.3 182.9 183.1 182.7 181.7 180.4 178.7 175.8 172.6 168.7 164.5 158.4 152.5 146.2 141.8 134.5 127.9 124 137.5 152.2 160 162.4 163.9 165.2 165.7 166.1 166.9 167.8 168.8 169.9 170.3 171.4 172.3 173.3 174.2 174.1 174 174.4 174.5 173.3 171.4 169.2 166.8 163.5 159.7 156.6 153.4 149 145.5 141.5 137.3 132.5 126.8 120.1 112 102.2 92.8 84
62.9 55 56.2 69.7 95.2 117.5 129.6 134.8 133.9 127.9 122.2 116.8 114.1 114.1 121.5 139.3 153.5 161.9 167.6 172.1 176 178.5 180.2 181.7 182.9 183.8 183.8 182.8 181.8 180.5 178.8 175.9 173.2 170.4 167.1 163.4 158.6 152.9 148.4 142.8 127.6 123.9 140.6 154.5 160.3 163.2 165 165.9 165.8 166.1 167.1 168.4 169.5 170.7 171.5 172.3 173.5 174.8 175.9 176.8 177.2 177.2 175.8 174.6 173 170.8 168.1 164.2 160.7 157.1 153.5 148.8 143.4 138.6 134.3 130.2 125.2 119.4 112.1 102.9 92.1 80.5
56.2 54.6 58.9 80.6 106.1 130.1 137.9 141.4 142.9 141.4 140.8 138 136.1 133.4 129.2 132.4 150.9 160.3 166.6 171.4 175.2 177.9 179.6 181.1 182.3 183.4 183.4 182.6 181.7 180.2 178.5 176.2 173.5 171.2 168.9 166.1 162.3 157.6 152.3 145.9 129.1 116.6 129.9 145.8 156.8 161.4 163.9 164.7 164.9 165.3 166.2 167.9 169.1 170.6 172.1 173.1 174.3 175.1 175.5 176.7 177.8 176.9 175.6 174 172.4 170.9 168.7 165.2 161.7 157.3 152.4 146.6 141.1 135.3 131 127.4 123.4 118.7 112.9 105.9 92.5 76.4
53.5 55.8 66.1 95 121.1 137.1 142.3 144.7 146.1 147.3 147.4 146.8 146.2 147.3 148.1 147.9 150.8 160.7 165.9 171.2 174.5 176.9 178.9 180.4 181.9 182.3 182.5 181.8 180.6 179.1 177.7 175.6 173.2 170.8 168.6 166 163.3 159.7 155.4 150.4 135.3 119 116.3 132.9 149.2 156.6 161 162.8 163 162.9 163.7 165.3 166.8 168.9 171.2 173.1 174.3 175.1 175.5 176 175.9 175.1 173.8 172.7 171.4 170 168.8 166.3 163.2 158.9 154.5 148.4 140.7 132.3 125.9 122.5 120 115.8 111.2 103.4 83.5 71.5
53.2 56.6 80.6 109.6 132.3 140.9 143.8 145.9 147.7 149.5 150.3 150.7 151.6 152.7 154 156.1 159 161.9 165.1 170.5 173.8 176 177.9 179.2 180.5 180.8 180.8 179.7 178.5 177.3 176 173.6 171.2 168.7 166 163.9 161.6 158.9 156 152.5 146.3 131.3 115.1 117.5 134.4 149.6 156.6 159.3 159.6 159.2 159.1 161.4 163.9 166 169.1 171.3 173 173.8 174.3 174.2 173.4 172 171 170.2 168.6 167.3 167.3 165.7 163.2 159.6 155.4 149.8 142.5 133.4 126.2 114.9 106.1 102.1 98.2 88.7 75.9 72
53.7 67.9 96.8 125.3 138.6 142.3 144.4 145.4 147.3 149.9 151 151.8 152.8 154.4 156.3 158 160.3 162.8 166.7 169.9 172.6 174.8 176.6 178 179 179 178.7 177.7 176.4 175.2 173.4 171 168.5 165.6 163.1 160.8 158.9 157.2 154.4 151.8 149 141.2 124.7 106.4 119.6 137.9 151.1 155.1 155.3 153.1 153.9 156.3 159.4 163.1 166.8 169.4 170.9 171.7 172.2 171.5 170.9 169.2 166.9 165.5 163.9 163.1 164.2 164 162.5 159.5 155.5 150.9 145.4 140.9 136 132 125.8 116.7 103.4 85.5 72.3 75.6
55.9 81.3 111 135.2 141.2 142.8 142.9 143.7 145.5 148.1 150.1 151.5 152.5 153.8 155.7 158.4 160.9 163.5 166.2 168.9 171.1 172.9 174.6 176.3 177.1 176.8 176.2 175.4 174.4 172.7 170.7 168.2 165.1 161.9 158.5 155.7 153.8 152.7 150.6 148.6 146.9 142.8 132.2 109.6 110.9 128.7 143.2 150.2 151.1 147.6 145.4 148.9 153.7 160 163.9 166.8 169.1 169.7 170.5 169.6 168.9 165.7 161.5 159 156.8 157.7 159.6 161 160.9 159.4 156.5 153.7 150.7 148.6 143.9 138 131.8 124.9 105.8 84.2 70.3 78.1
68 95.7 122 137.1 139.5 140.9 140.4 140.6 142.3 145.6 148.2 150.1 151.4 152.7 154.5 157.2 159.8 161.8 164.3 167 169.1 170.9 172.7 173.7 174.2 174.3 173.5 172.4 171.1 169.7 167.8 164.7 161.3 157.5 153.3 149.4 146.5 146.7 145.7 144.1 143.2 140.7 131.4 109.1 105.4 120.3 134.3 143 146.4 141.5 128.7 135.4 147 155.2 161.5 165.3 167.4 168.8 169.3 168.5 166.9 162.9 156.8 151.7 149.1 150.2 153.3 156.8 159.4 159.1 158 156.8 154.5 151.8 147.4 139.9 131.6 120.7 98.8 80.9 68.5 84.1
78.3 104.6 125.1 134.6 135.4 135.7 134.8 134.4 138.8 142.8 145.9 148 149.3 150.6 152.1 154.4 156.8 158.5 161 164.1 166.7 168.8 169.9 170.6 171.2 170.9 169.9 168.7 167.1 165.9 164.3 161.5 158 152.4 148 143.2 134 137.7 138.3 137.1 138.6 138.5 133.9 113.7 94.7 107.1 119.6 131.9 135.4 126.1 113.7 130 146.5 154.3 159.5 163.8 165.7 167.3 168 167.2 165 161.4 155.8 146.6 138.5 142.4 147.3 152.4 157.1 158.9 159.1 158.2 155.8 152.9 148.2 140.1 130 111.2 90.5 74.7 69.9 89.7
79.3 104.8 120.7 127.7 127.9 126.7 124.8 129 136.6 140.9 143.5 145.1 146.1 146.9 148.2 150.5 152.2 154.3 158.4 161.3 164 166.2 166.6 167.1 167.2 166.4 165 163.3 162.1 161.5 160.5 158.2 153.7 148.5 142.1 135.4 123.5 120.9 124.4 126.2 132.3 136.3 134.9 124.6 103.8 90.5 101.6 113.1 114.8 107.7 108.1 129.2 146.3 153.4 158.2 162.2 164.5 165.3 166.1 164.9 163.1 160.2 155.9 146.7 132.6 135.5 142.1 148.1 154.2 158.1 159.3 158.4 156.8 153.3 147.9 138.9 124 100.5 83.1 66 76.8 96.9
75.9 101.1 112 113.1 109.8 108.8 117.9 130.6 136.4 139.2 140.8 141.2 141 141.6 143 145.8 146.7 152.1 156.8 159.7 162 163.3 163.6 163.1 161.9 160.6 158.4 156 155.4 155.2 155.9 154.8 151.6 146.8 139.1 127.7 121.5 115.5 106.6 107.5 124.4 132.1 135.9 133 117 99 86.7 95.8 100.3 96.9 113.2 132.6 144.8 151 156 159.7 161.8 162.7 162.9 161.8 159.9 156.6 151.9 144.7 128.1 129.9 136.3 142.8 149.9 156.2 158.8 158.4 156.5 152.6 147 137.3 115.8 90.9 74.9 65.5 81.6 95.2
64.6 89.5 91.7 90.2 94.6 110.4 126 132.1 135.2 136.5 137.2 135.9 134.9 134.3 137 136 142.9 150 154.5 157.5 159.3 160.2 159.8 158.5 156.8 154.3 151.2 146.8 145.6 148.8 151.5 152 149.9 146.8 142.4 139.6 135.2 126.8 115.9 100 113.4 128.3 134.4 137.3 129.1 113.7 98.8 85.1 87.5 101.2 119.3 135.6 143.3 148.6 153 156.8 158.2 159 159.1 157.7 155.7 151.6 147.2 137.3 122.4 123.1 130.9 139.5 147.5 154.2 158.3 159.2 156.5 152.1 145.8 135.6 112.8 88.2 71.4 60.2 72.8 86.8
55.5 65.4 72.3 82.5 103.5 121.1 126.2 129.6 132 132.9 132.7 131.7 129.2 127.4 124.5 130.9 141 146.6 151.1 153.9 155.4 156 155.2 153.5 151.5 148.7 145.4 136.8 126.1 142.1 147.5 148.8 148.2 146.9 145.4 143.2 139.4 133.1 123 103.5 100.8 120.4 131.4 134.8 132.2 120.1 109.4 90.2 86.6 106.8 124.3 134.7 140.9 145.2 149.5 153.1 155 155.4 154.7 152.7 150.5 146 140.8 125.4 113.7 117.9 127.9 139.9 148.6 154.4 158.6 159.6 157.5 152 144.8 132.2 108.2 87.2 74 61 62.5 74.2
48.8 53.9 68.9 92.2 109.5 118.1 122.3 125.4 127 127.4 127.5 126.5 120.5 113.8 118.4 132.8 138.9 143.1 146.4 148.9 150.3 150.8 150.2 147.8 144.4 141.4 137.7 129.5 119.1 135.4 141.9 144.4 144.8 145.9 145.6 143.5 140.2 134.7 124.4 104.7 93.5 109.8 123.9 125.7 122.7 121.1 107.4 89.6 83.3 105.2 120.5 130.5 137.1 141.8 145.7 148.6 151 151 149.9 147.1 143.3 138.9 126.8 112.6 110.4 118.3 132.2 143.2 151.1 155.7 159.8 160.7 157.6 152.4 144.4 129.8 107.2 100.1 85.5 70.5 57.8 66.5
45.6 48.3 66.9 86.3 100.1 108.6 114.7 119.7 121.8 121.8 121.6 119.3 108 110.9 122.9 131.1 135.1 138.4 140.7 142.7 143.4 143.6 142.6 139.1 135 131.4 128.7 119.4 115.9 128.5 133.8 138 140.4 142.4 143.7 142.8 140 133.9 121.4 102.8 86.1 98 114.5 121.2 118.2 108.1 93 79 84.8 104.1 116 125.2 132.2 137.3 142 144.9 146.4 146.5 144.8 140.9 136.1 126.8 111 105.2 110.7 122.1 134.7 145.3 152.6 158 160.9 160.3 157.8 153.3 146 134.6 121.8 119.4 104.1 84.2 66.4 60
