Assets/StreamingAssets/GeoData/Data/sx/SX19.asc
ncols 200
nrows 200
xllcorner 210000
yllcorner 90000
cellsize 50
[rows 72 to 107 of 200, columns 80 to 159 of 200]
87.6 91.1 89.3 70.6 45.7 26.3 27.3 47.9 63.8 73 79.2 81 80.9 80.7 81.5 80.7 78.3 77.3 75.6 74.4 71.9 68.5 65.1 60.8 52.2 43.4 37.9 35.5 33 34.2 36.1 54.7 67.9 77.3 88.9 101.6 111.9 118.4 119.3 115.4 105.2 90 72.3 69.2 68.8 71.2 74.1 74.7 75.3 76.2 78.5 85.4 86.4 96.6 106.6 118.9 128.9 137.1 143.9 150.2 155.1 158.3 160.2 159.4 158.6 159.2 160.9 161.8 162 161.4 160.4 159.3 158.8 158.7 157.4 154.3 148.8 143.7 139.4 134.1
99.4 100.8 100.8 80 54.1 28.3 28.6 52 67.3 76.3 80.2 81.9 83.5 85 87.9 90 89.4 89.4 86 84 82.1 78.3 75.3 70.1 61.8 54.5 51.6 47.5 40.6 40 35.5 38 41.9 53.5 70.1 86 97.4 108.2 115.1 112.8 99.4 82.5 67.8 70.7 76.3 79.8 81.3 82 82.8 82.4 83.6 84.4 82.4 82.3 87.5 100.8 116.3 128.2 136.7 144.1 149.6 154.1 157.2 157.4 153.5 151.9 155.6 157.1 158.5 157.8 156.4 155.4 156 157.2 157.7 156.1 152.9 149 145 139.7
109.4 110.9 109 89.1 62.6 33.8 31.4 46.2 60 67.3 73.2 74.6 79 85.1 91.3 93.1 96.7 96.4 94.9 94.5 92.5 91.1 89.4 85.7 81.3 74.5 67.3 60.7 55.9 51.2 48.2 43.4 41.2 40.7 50.7 67.8 84.5 99.3 106.4 104.8 88.6 67.6 66.4 83.1 89.7 89.3 90.3 91.8 96.5 98.3 94.8 92.6 90.9 89.1 86.3 89.4 106.1 121.2 130.4 138.1 144.6 150.1 153.3 153.7 149.4 143.1 149.4 149.8 150.4 150.5 148.7 147.9 152.4 155.9 158 158.6 157.1 153.3 149.2 145.4
115.1 118 114.4 97.9 68.5 41.5 33.7 37.1 42.8 49.2 53.9 59.7 64.5 73.5 85 94.2 98.9 101.1 102 102.5 100.9 98.7 96.8 93.6 91.3 88.2 84.5 77.8 72.1 68.3 65 64.1 56.4 45.3 42.5 51.6 68.2 82 89.1 86.8 73.9 59.9 75.3 94.2 105.5 105.4 103.1 106.7 108.7 108.3 107.3 105.4 103.7 101.9 95.9 87.2 94.5 110.2 122.4 130.5 138.3 145.3 148.5 148 143.4 135 141.3 140 138 138.1 138.3 143.9 152.2 155.4 158.6 160.3 160.5 158.4 155.2 152.6
118.6 123 119.9 99 69.6 44.3 37.7 46.7 57.3 63.1 63.9 60.4 53.9 60.7 76.9 93.9 100.2 104.3 107.2 108.5 108.2 106.7 103.2 102.4 99.7 96.6 94.4 91.4 86.2 79.4 77.8 76.5 75.3 61.3 45.4 43.6 51.3 63.2 67.8 67.2 57 68 83.4 104 110.6 112.3 113.4 114.2 116 116.1 114.2 113.7 113.7 111.9 106.6 95.7 90.5 107 117 123 131.4 137.8 140.9 139.8 133.7 127.4 130.5 130.6 127.7 129.7 136 146.2 151.9 155.6 159 161.1 162 161.5 160.3 158.7
120.4 120.9 113.3 89.1 64.8 43.7 46.6 63.9 76.5 82.9 84.5 82 68.9 52 68.9 90.9 100.5 105.8 110.2 112.4 113.8 114.1 112.7 110 107.7 105.3 103.3 100.7 96.8 91 87.8 87.4 87.1 82.9 63.9 46.5 45.2 49.3 52.5 52.9 67.4 82.5 98.1 110.7 113.7 115.6 116.7 118 120.9 123 121.1 119.9 118.6 117.3 112.7 102.7 93.6 95.7 106.4 114.4 122.4 126.9 130.7 130.4 124.8 116.2 117.4 119.3 122.9 129.3 138.3 144.5 150.7 155.3 159.1 161.7 163 163.6 163.3 161.1
120.2 118 103.4 80.2 59.5 44.4 60.8 78.3 91.7 96.5 97.5 97.6 88.3 71.9 62.1 81.3 98 107.1 113.7 116.9 118.1 119.6 119.3 117.6 114.9 113.2 112 109.5 107.6 105.1 103.4 100.6 99 97.4 81.5 56.2 52 65.2 70.9 75.9 86.1 96.7 104.9 111.6 113.3 113.7 115.2 118.5 122.8 125.6 126.7 126.6 125.5 123.2 119.1 111.7 103.6 97.3 96.3 98.8 101.7 104.4 109.2 113.8 110.8 112.5 116 119.9 122.1 128.7 136.8 143.7 149.4 154.1 157.6 160.8 162.6 163.5 162.3 158.7
119.6 113 89 66.7 46.9 60.5 78 96.4 107.1 109.8 111.3 109.3 102.2 89.1 77.9 71 90.2 103.5 113.5 119.4 121.7 122.7 122.5 121 119.6 118 117.5 116.6 114.5 112.7 112 111.6 110.9 108.2 92.2 67.3 50.8 68.6 84.8 93.1 98.8 102.6 106.7 109.5 110 110.2 111.4 114.7 120.3 125.8 129.4 130.4 130.1 129 129.1 122.1 115.3 108.6 107.6 105.4 104.8 105.2 105.9 105.2 114.7 119.2 122.5 127.5 130.4 132.8 134.5 137.3 144.7 151.1 156.8 160.5 161.2 161.9 161 158.3
114.2 95.2 71.3 49.4 61.4 78.3 97.7 115.2 120.2 121 121.1 118.8 112.3 99.8 88.7 78.9 77.2 90 98 105.2 115.3 120.9 122.8 122.6 122 120.9 121 119.9 119.2 117.8 117.4 116.3 114.2 109.9 98.5 76.3 53.8 58.9 74 85.5 91.2 95.9 99.8 102.9 104.6 104.5 105.8 109.6 115 121.5 127.4 130.8 132.2 133.2 131.1 127.2 122.2 119.3 120 118.4 117.1 115.7 115.7 109.7 117.1 123.9 128.3 133.4 137.6 141.8 145.3 148.3 151.6 153.3 157.3 160 160.5 160.3 158.9 157.6
103.4 78.6 53.8 60 74.3 94.8 115.5 127.8 129.6 129.8 128.1 126 119.9 104.8 102 93.6 86.3 82.3 83.5 83.5 98.5 108.9 118.4 121.7 122.4 122.4 122.7 123.1 121.9 120.6 119.6 117.3 115 109.2 100.6 82 63.2 56.7 57.5 65.4 78.5 84 88.1 92.2 95.6 96.8 98.9 102.4 109 114.5 121.2 127.6 132.2 135.2 135 134 129.8 128.7 128.1 126.8 127.1 126.2 125.8 119.3 115 124.3 129.9 135.5 140.6 144.8 149.7 153.4 156.8 159.6 161.6 162.4 161.6 159.7 155.4 152.2
94.5 67.1 57.1 74.7 90.4 109.6 127.3 134.2 136.1 136.2 134.9 131.8 126.7 114.8 109.9 106.6 100.6 99 100.2 98.3 93.7 95.3 108.8 117 121.2 122.7 123.1 123.5 123.8 122.8 120.3 118.6 113.3 107.8 96.4 79.3 79 68.5 55.5 53.5 59.6 71.2 77.2 80 83.6 88.2 94 97 103.3 111.7 117.7 124.9 131.1 135.1 138.2 138.8 137.4 136.8 135.5 134.8 132.8 131.9 129.9 120.3 116.9 122.1 129.5 135.6 141.9 148.1 152.9 157.5 160.9 163.3 165 164 163.4 160.6 157 152.2
82.7 56.8 67.9 86.7 104.7 119.3 131.5 137.2 139.8 140.5 139.7 137.5 132.4 129 124.7 118.2 112.1 111.7 116.3 114.6 105.8 100.2 98.7 103.9 114 119.9 124.3 125.8 125.8 124.9 122.3 119 114.2 107.6 101.4 91.1 90.1 83.7 70.3 63.8 59.5 58.1 57.7 64.2 71.1 77.7 87.5 93.5 99.8 108.4 116.4 124.5 131 135.7 139.2 142.6 142.9 142.7 141.1 139.8 139.6 136.6 133.4 124.8 122.4 127.3 131.3 138.1 144.6 150.6 155.2 160.2 163.4 165.6 167.3 166.6 164.6 160.9 157 152.7
67.6 60.1 74.6 94.9 114.1 124.2 131.7 137.8 140.9 143.1 143.4 142.6 140.3 137.1 133.7 127.9 119.1 119.9 124.5 122.9 114.7 115.7 113.4 108.1 104.3 113.7 122.7 126.5 127.9 127.1 125.4 121.2 116.2 111.2 105.8 99.9 93.9 87.6 77.8 74.4 68.1 63.6 62.3 59.7 60.2 67.9 77.3 87.5 96.4 106.7 115.3 123.5 130.6 135.3 140.3 144.6 146.1 146.6 146.7 145 144.1 141.2 136.9 130.6 122.5 132.4 134.8 139.2 145.6 151.6 156.7 161.4 164.3 166.4 168 167.8 165 162.9 158 153.5
58.6 70.1 85.5 103 115.5 125 130.9 137 140.4 143.5 145.8 145.6 144.3 141.8 137.7 132.2 126.2 127.2 130.8 130.3 123.4 125.2 127.8 124.8 112.1 107 116.4 124.8 126.3 127.8 126 122 117.7 113.5 109.9 103.5 96.4 88.6 84.3 79.2 73.6 71.2 70.2 66.5 60.8 62.1 71.2 80.8 89.9 102.3 111.9 120.9 128 132.9 137.5 143.5 147 150.8 150.8 149.2 147.2 143.9 140.1 135.6 125.8 134.5 140.7 143.4 147.2 152.1 156.7 161.1 164.5 167.1 167.9 167.7 166.4 164.3 161.5 157.1
62.4 71.2 85.6 98.7 109.4 119.1 127.6 133.2 138.4 141.8 145 147.1 146.1 140.6 138.4 134.6 131.6 133.3 137.2 137.1 130.3 131 135.4 135 125.1 112.5 108.8 117.2 122.3 125 126.2 124 120 116.4 111.5 105.1 100.2 96.5 91.5 86 79.5 81.6 79.1 73.8 69 64 66.8 75.9 84.1 95.4 103 112.6 121.3 127.6 134 142.2 148.4 153 153.4 151.8 150 148.1 144.6 139.7 131.2 139 144.6 148.5 152 155.2 157.8 162 165.2 167 167.9 167.9 166.8 165 163.4 160
72.5 66.3 78.1 87.7 97.2 108.2 118.7 126.1 132.9 138.3 143.4 146.2 145.7 143 139.4 135.7 135.3 136.3 139.3 140.1 135.2 134.9 139.6 140 135 126.3 117.7 111.5 118.1 123.1 125.1 124.4 121.9 118.6 114.5 110.3 107.1 104 98.7 92.5 90.2 88.6 89.2 87.6 81.7 71.8 65.5 70.8 79.5 88.7 95 101.4 110.3 118.7 128.7 139.2 146.7 150.3 153.6 153.2 152.5 151.1 148.8 143.8 135.5 141.6 147.4 151.5 155 158.2 160.9 163.5 165.1 167 167.7 167.6 167.6 166.5 165 163.3
80.6 82.2 73.7 78.5 87.3 96.1 103.3 111.3 119.2 129 136.8 140.3 141.7 140.8 139.1 138.4 138.6 138.5 139.7 139.4 137.3 136.9 138.5 139 136.9 131.3 127 116.1 116.1 123 125.8 127 124.9 121.4 119.5 117.3 114.8 112.3 108 101.1 99.2 98.1 98.1 96.3 92.9 83.2 71.3 67.9 73.6 79.6 86.1 93.7 101.8 110.9 122 131.8 141.1 147.4 150.6 152 152.8 153.2 152.6 149.2 141.4 141.5 149.5 153.8 156.8 159.5 161.9 164.3 165.3 166.8 167.2 167.4 167.1 167 165.5 164.6
80.9 90.9 93 85.7 78.8 86.3 94.5 101.9 108.6 116.9 125.7 131.2 134.1 135.3 137.1 138.7 139.6 139.6 139.9 139.5 138.3 137.9 138.8 138.3 137.2 133.7 128.8 121.2 116 126.3 131.1 131.7 129.9 126.6 123.4 121.9 120.2 114 113.1 115.1 108.5 107.1 107.3 106 101.6 93.7 80.5 69.7 74.3 84.5 93.4 97.3 99.5 105.5 112.3 123.2 132.2 139.9 145 149.1 152.4 155.2 155.6 154.2 148.5 141.5 149.5 154.3 157.9 161.1 163.1 165 166.1 166.4 167 167.5 167.5 166.5 165.8 165.2
74.7 92.2 100.6 103 100.6 95.1 92.7 92.5 98.4 104.5 113.4 118.4 124.7 129.2 134.3 137.6 139.9 140.2 140.1 139.7 139.2 139.2 139.2 139 138 135.2 131.9 124.5 115.7 125.1 132 133.6 133.2 131.2 128.4 126.3 124.8 121.6 119.3 117.3 116.4 115.9 113.6 111.8 107.5 101.1 88.4 72 75.4 88 97.6 104.6 109.4 115.3 119.1 124.6 130.7 135.5 142.1 147.1 152.8 156.3 157.8 158.4 156.7 151.4 147.7 153 157.7 161.5 163.7 165.8 166.4 167.2 167.5 167.4 167.2 166.6 166 165.5
68 87.7 101.9 108 109.3 108.5 106.8 102.1 105.1 115.1 115.4 118.1 121 126.3 133.2 137.1 140.1 140.3 140.1 139.9 139.5 139.2 139 139 137.8 135 132 129.3 120.4 125.7 133.4 136.8 137.5 135.4 132.9 130 127.8 126.3 125.8 124.9 123.3 122.6 120.7 117.7 112.8 105.3 97.6 76.8 74.7 88.1 99.8 109 115.8 120.8 126.2 132 137.8 143.3 146.9 150.4 154.4 157.6 160.1 161.4 160.8 159 156.3 152.5 159.8 163.1 165.2 167.4 167.4 167.9 167.5 167.2 166.8 166.6 165.5 164.7
66.6 80.7 99 108.9 113.3 116.4 112.5 107.7 112.4 124.4 130.3 132 131.1 129.9 133.3 139.1 140.9 141.1 140.7 140.5 140 139.8 139.8 139.1 138.7 138 136.4 134.2 126.3 124.1 135.9 139.5 141.9 140.3 136.3 133.2 131.3 130.6 130.3 129.9 128.5 126.2 124.6 121.8 118.2 113.8 109.6 88.1 74.8 85 99 111.3 118.5 124 130.5 136.8 142.8 147.6 151.8 154.8 158.1 159.5 161.7 163.4 163.5 163.2 161.4 158.5 162.4 164.9 166.1 167.8 168.2 168.2 167.4 166.7 166.8 165.5 164.6 163.9
63.6 74.3 94.3 108.7 116.9 117.1 115.9 113.7 116.2 126.8 134.3 138 137.5 135.9 139 140.6 142.4 142.6 141.9 141.2 140.8 140.4 140.4 139.6 138.7 139.1 138.8 137.3 131 124.7 138.5 143 146.2 146.2 141.4 137.2 135.5 134.5 134.3 133.9 133 132.1 130 127 123.2 119.3 115.1 99.5 77.8 80.4 96.7 110.8 119.3 125.5 132.9 139.5 145.6 152 156.1 159.6 163.3 164.8 165.4 165.4 165.3 165.3 164.1 163 164.1 166.4 167.1 168.3 168.5 168.4 167.5 167 166.5 165.8 164.7 163.7
73.6 71.8 89.3 105.5 115 122.2 120.4 121.7 117.1 125.7 135.2 141.1 141.8 139.9 140.1 142.5 143.7 143.7 143.2 142.6 142.2 141.3 140.1 140 139.2 138 137.2 134.5 124.2 130.2 140.1 145 148.6 149.2 146.7 141.7 139.2 137.9 137.4 137.5 137.2 136.5 134.6 131.8 128.5 124.2 118 108.4 89.3 79.9 91.4 109.3 119.1 126.6 134.8 140.5 148.3 155.4 158.9 162.9 165.6 168.4 170 170 168.7 167.6 166 165.5 166.2 167.6 169 169.3 169.4 168.8 168.2 167.7 166.9 166.4 165.5 164.9
82.8 70.8 85.4 103.5 113.8 122.1 122.4 123.4 124.8 124.9 132.5 139.2 142.9 143.3 143.1 145 145.6 145.1 144.2 143.5 142.2 141.3 139.9 138.2 137.1 135 132 127.8 128.6 131.9 138.2 143.3 147.4 149.7 149.6 146.9 143.8 141.1 140.6 140.6 140.6 140 138.1 136 132.2 128.4 121.9 112.5 96.7 79.4 88.5 106 119.3 126.5 135.2 143 150.4 157.3 161.8 164.6 166.8 169.7 172.1 172.9 172.8 171 170.1 168.3 168.2 168.9 170.3 170.6 169.8 169.4 169.3 168.3 167.6 167 166.3 164.5
87.4 71.6 87.8 104.5 117 123.7 129.2 130.3 133.3 134 135.5 142.4 146 147.6 148.5 148.8 148.7 148 146.8 145.8 143.8 141.4 139.5 135.9 133.5 132.3 129.5 126 130.2 132.9 136.2 140.6 145.7 149.5 151.2 150.1 148 146.3 145.2 144.2 144.1 142.9 140.8 138.6 135.8 131.4 124.9 115.3 105.2 85.6 88.5 104.5 117 125.9 134.7 143.3 150.9 158.1 162.9 165.8 168.4 170.7 173.4 175.1 175.5 174.6 172.4 170.6 170.5 171.3 171.6 170.5 170 169.5 169.1 169.6 169.3 168.7 167.6 165.5
77.2 74.6 87.8 103.5 119 129.3 135.7 140.3 142.6 143.3 143.4 147.2 150.6 152.4 153.5 153.2 152.9 151.5 150.2 148.5 145.5 144 141.6 138.7 136.6 133.8 130.3 127.7 131 132.9 135.8 140.2 145.3 149.6 152.5 152.9 152.3 150.8 149.9 149.2 147.9 146.3 143.8 140.5 137.2 132.9 127.3 120.6 112.6 93 88.8 106 116.9 126.1 134.3 142.4 151.2 158.2 163.3 166.1 168.4 171 173.4 175.6 176.8 176.3 174.6 172.8 171.8 171.6 171.5 170.6 170.1 169.6 169 169.3 169 168.9 168.6 167
84.3 75.3 86.7 102.3 117 129.3 137.3 143.6 147.5 149.7 151 153 154.7 156.6 156.9 156.9 156.3 154.8 153 151.3 149.7 147 144.4 141.4 138.8 137.1 133.9 129.3 129.2 133.3 138 143.1 148.5 152.3 155.2 157.1 156.6 155.1 154.2 152.3 150.6 148.5 145.4 141.4 136.9 133.4 128.1 121.2 110.4 85.5 90 106.2 116 124.6 133.9 142.5 149.6 158.2 162.7 165.9 167.6 170.7 172.9 175.1 176.7 176.4 174.7 174 173 171.5 170.6 169.9 169.5 168.3 168.3 168.4 168.3 168.3 167.9 166.9
92.5 75.9 86.9 101.4 114 126.7 136.1 144.5 150.3 153.2 155 156.3 157.5 158.6 159.3 159.2 159 157.7 155.2 153.3 152.1 149.7 147.3 144.5 142.6 140.2 136.4 131 130.1 133.6 139.1 145.3 151 155.2 158.3 160.8 161.8 160.5 158.3 155.8 152.8 149.6 144.5 134.6 130.6 127.1 121.5 111.8 90.4 85.7 88.5 99.2 109.9 120.8 132.1 141.9 149.4 156.5 160.7 164 166.8 168.8 171.2 173 174.9 175.2 174.8 173.2 172.1 171.4 170.6 169.3 168.8 168.3 168.1 167.7 167.6 167.6 167.3 167.3
99.2 76.7 85 96.5 106.8 118 127.5 136.7 144.2 150.2 155.3 157.5 157.4 159.8 160.9 161.9 161.8 160.3 158.1 155.5 153.6 151.9 150.1 147 145.4 142.4 138.4 133.8 131.2 134.7 139.8 146.4 153.4 157.7 161.1 164.2 165.3 164.4 161.4 158.9 154.8 150.3 145.2 132.8 119.5 113.6 99 91.8 90.2 98.7 92.4 88.2 100.5 112.6 128.3 139.8 147.2 153.8 157.2 160.3 163.1 166.3 168.2 170.4 171.5 172.5 172.6 172.7 172.2 171.6 171.2 169.7 168.4 167.9 168.1 167.5 167.1 167.3 166.8 166.6
102.8 77 82.1 86.9 94.6 105.4 114.9 123.5 131.7 138.4 143.9 148.5 152.6 156.6 160 162.8 163.5 162.1 159.3 157.2 155.3 153.7 151.8 148.8 146.5 143.5 139.8 135.3 132.4 135.8 140.7 146.7 155 159.6 163.9 166.8 167.5 166.5 163.5 159.9 155.3 149.4 138.6 126.6 111.2 97.5 95.2 99.5 109.2 111.4 106 95.5 90.9 103.1 119.8 134.7 143.5 150 153.3 155.3 157.1 157.9 160.8 164.7 167 169.1 169.9 170.6 171.5 171.7 171 169.7 167.9 167.7 167.4 166.7 167 164.7 165 165
109.5 86 82.6 97 106.9 107.8 109.2 112.2 119.8 126.9 133.7 139.4 144.6 150.1 155.2 159.1 161.5 160.5 158.2 157.2 155.6 153.9 152.3 149.9 147.5 144.5 140.4 135.9 133.1 137.5 141.6 146.4 155.7 160.9 165.1 168 169.4 168.2 165.6 161 154.3 143.6 133.2 118.8 102.3 97.7 107.2 110.8 119.5 120.5 117.1 110.6 96.5 97.8 112.1 127.3 138.1 144.7 148.1 150.3 151.4 152.1 152 154.7 157.9 161.7 165.2 166.9 168.9 170.1 170 169 167.8 166.7 166.7 166.5 165.5 165 164.6 163.9
101 86.5 80.6 93.5 107.8 117.5 122.3 124.3 124.6 125.4 129.2 134.8 138.8 143.9 149.9 155.5 158.6 159.3 157.7 154.9 153.3 151.3 149.6 147.4 144.3 141.9 139.4 134.5 136.3 141.7 144.3 148.1 155.2 160.9 165.7 169.4 171 170.2 167.4 161.7 147.2 131.6 117.5 107.3 106.1 117.4 122.7 122.6 125.7 126.2 124.3 120.2 106.3 97.6 105.6 117.7 130.6 136.9 141.6 145 145.7 146.3 146.7 147.5 149.5 153.2 158.3 162.1 165.1 167.2 167.7 167.5 166.9 166.2 166.2 165.4 164.8 164.7 165 164.4
93.9 102.5 87.7 86.6 101.8 115.4 124 130.2 132.5 137.5 141.7 143.8 144.6 147.3 150.6 156.9 159.3 159.1 158.2 155.6 152 149.3 146.5 143.3 141.3 137.6 138.3 139.1 138.1 141.7 145 148.6 155 160.5 166.3 170.2 172.5 172.3 169.2 161.9 140.7 119.3 108.7 117 127.9 132.4 134.3 131.8 131.7 131.3 128.3 122.1 103.4 106 106.5 107.1 120 129.2 134.5 137.7 140 141 140.7 140.8 143.3 147 150.7 157.4 160.8 164.5 166 166.3 166 165.6 165.2 165 164.8 165.4 165.2 164.3
108 113.7 99.2 85.4 92.5 106.1 120 129.9 138.7 143.1 146.6 148.5 150.6 153.1 155.8 159.7 161.1 160 159.5 156.7 152.5 149.7 146.9 143.3 140.4 140.8 140.7 140.7 140.3 141.5 144.4 149.7 154 159.7 165.3 170.1 172.9 173.3 169.6 159.1 135.2 113 118.9 135.8 143.5 143.8 140.7 138.1 136.8 135.2 130 120.8 104.5 112.1 115.3 111.4 108.1 117.5 126.2 129.7 132.5 133.6 135.5 135.8 137.6 142.1 145.4 151.2 156.8 161.5 164.1 164.1 164.5 163.7 163.9 164 163.2 164.8 164.4 163.2
127.5 128.2 113.7 98.1 85.1 96 111.6 125.7 139 148.3 153.9 152.3 154.6 157 160.2 162.2 163.5 162.6 161.4 158.6 155.1 151.4 147 143.9 140.6 144.6 144.1 143.2 143 143.5 145 148.4 153 158.2 162.9 166.8 171.6 172.8 167.2 151.6 129 115.6 131.1 142.3 149.7 149.3 145 142.9 140.8 138.6 133.2 124.4 108.2 114.6 121.9 120.2 117.8 113.2 115 123.5 125.8 128.9 131.9 133.2 135.3 138 142.3 147.7 153.1 158.3 161.6 162.7 163 162.6 162.7 162.3 162.7 163 162.4 161.5
143.9 140.8 127.2 111.6 96.1 88.6 101.5 115.3 129.3 141.8 149.4 153 156.5 159.9 162.7 164.2 164.7 163.3 162.4 158.9 155.4 151.7 147.7 145 144.1 147.3 147.2 146.2 144.8 143.6 145 146.8 151.4 155.8 160.9 164.2 166.9 167.7 161.3 146.1 119.6 123.5 138.2 146.1 153.5 153.9 149.9 147.3 144.1 140.8 135.5 124.9 112.7 108.4 116.9 123.1 125.2 124 120.8 117.6 119.2 123.6 127 130.5 133.4 136.3 138.7 144 150 154.2 159.5 161.2 161.9 161.6 161.4 160.7 161.7 161.2 160.5 159.7
