Assets/StreamingAssets/GeoData/Data/sx/SX47.asc
ncols 200
nrows 200
xllcorner 240000
yllcorner 70000
cellsize 50
[rows 140 to 174 of 200, columns 0 to 79 of 200]
116.4 118.8 121 122.1 122.1 122.7 123.4 123.5 123.2 122.1 120.5 117.8 113.8 106.9 82.7 74.9 87.1 99 104.4 105.3 104.1 101.3 96.8 92.6 90.9 87.4 82.3 67.2 47.3 21.7 13.6 17.6 23 34.7 58.6 79.4 93.6 104.7 109.7 112.4 114.6 115.1 114.5 113.3 111.1 107.6 103.3 99.1 92.8 86.2 78.5 71.3 50.2 42.5 38.2 33.8 29.7 26.4 24.6 23.2 21.7 20 20.7 21 19.4 17.8 14.3 13.9 13.7 13.5 12.9 14.9 18.6 27.1 43.8 66.3 86.2 93.3 97.3 101.5
123.1 126.1 127.6 128 127.9 127.7 127.6 127.3 126.8 125.7 123.4 120.3 116.4 109.2 86.4 78.3 93.2 103.8 107 107.8 106.7 103.8 101.3 97.8 97.2 97 90.2 78.6 59.2 37.4 15.6 14 18.8 31.3 48.9 72 90.4 103.5 110.2 113.1 115.6 115.8 115 113.6 110.6 107 102.8 97.3 89.9 83 74.1 63.5 45.6 38.8 34.4 30.1 25.6 21.9 17.8 16.2 14.3 10.7 9.1 11 13.2 13.9 11.9 11.3 11 11 10 11.4 13.7 21.1 35.8 60.6 83.2 88.8 93.7 98
130.3 132.5 133.1 133.7 133.3 132.7 131.9 130.9 130.2 128.4 126 123.1 118.3 110.1 88.1 82.8 97.1 107.1 109.7 110.5 109.4 107.5 105.9 104.7 105.1 102.4 96.4 85.5 69.9 49.4 27 12.6 16.9 24.5 39.5 62.8 82.8 97.7 109.5 113.4 115.4 116.4 115.7 113.6 110.4 106.7 102.3 97.6 88.8 79.4 68.6 57.5 41.5 35.6 31.1 26.1 21.5 15.7 9.4 8.9 8.5 7.2 5.4 4.9 4.7 6.9 8.5 9.7 9.6 9.5 8.8 8 8.6 11.9 28.9 54.7 80.9 84.7 89.5 94.4
136.1 137.7 138.6 138.7 137.9 137.4 136.8 135.2 133.1 131 128.7 125.3 119.4 109.5 89.3 87.9 102.4 110.3 112.6 113.5 113.3 112 111.1 110.6 109.3 106.2 100.4 90.6 76.9 59.7 40.3 17 15.2 17.7 34.9 54.2 74.9 90.6 105.1 112.3 114.8 116.2 115.7 114 110.9 108.2 103.2 98.2 90.6 82.3 69.6 55.9 38.7 32.4 27.5 21.6 12.5 9 8.6 8 7.6 5.5 7.3 7.7 7.3 6.6 4.5 4.7 7.2 7.9 7.7 7.2 6.3 7.4 22.3 57.6 77.7 80.7 85.4 90.3
140.1 142 143.3 143.4 142.4 141.6 139.9 137.9 135.7 133.4 131.2 127.2 121.7 110.9 90.6 94.4 109.6 114.4 116.3 117.4 117.2 117.1 117 114.9 112.2 108.7 103 95.6 83.1 68.2 50.8 33.3 12.6 17 24 44.7 63.4 81.2 97.4 107.8 112.1 114.9 115 113.9 111.9 109.2 104.6 99 92.7 84.1 71.7 55.1 36.5 29.2 20.4 13.4 8.9 8.9 8.8 8.3 6.1 7.9 8.8 8.4 7.9 7.4 7.1 6.6 4.4 6.2 6.3 4.4 4.4 6.4 8.3 44.4 72.2 77.2 82 86.8
142.1 144.2 145.4 145.8 146 144.5 142.5 140.4 138.2 135.9 133.7 129 124.1 109.2 93.6 106.3 115.7 119.1 120.7 121.5 122 122 121.3 119.1 116 110.8 105.5 99.2 87.6 72.9 57.9 42 22.2 12.4 16.6 33.8 51.5 68.9 86.8 97.8 104.4 107.8 112.2 113.6 112 110.6 106.1 100.4 93.8 84.6 72 54.5 35.5 25.8 16.8 10.1 9.1 9.1 8.4 6.5 8.8 9.3 9.3 8.8 8.3 8 7.7 7.1 6.5 6.6 9.1 9.8 7.2 4.4 6.1 40.8 71.4 75.1 79.4 84.4
143.8 146 146.9 147.6 148.7 147.5 145.2 143 140.8 138.6 135.9 131.2 125.2 102.4 104.3 116.1 123.1 125.1 126 126.8 126.5 125.9 124.8 123.1 118.5 113.4 107.6 101.5 91.3 75.9 61.2 48.3 31.5 17 14 16.6 35.4 53.4 70.7 85.7 91.1 95.8 100.6 105.5 108.8 110 106.9 100.7 94 87 74.6 56.6 35 23.2 14.2 10.5 9.2 8.8 6.9 9.3 9.8 9.6 9.5 9.1 8.8 8.5 8.2 8.9 12.4 12.3 11.9 9.1 7.2 5.5 5.9 43.8 68.3 72.2 75.8 81.2
145.5 147.5 148.9 150.3 151.3 150.4 149.2 146.5 144.8 142.7 140.6 133.5 121 103.6 114.2 125.1 130.2 131.6 131.8 131.2 130.3 129.8 128.1 126.1 122.4 116.7 110.4 103.5 93.9 78 62.1 51.5 39 23.8 13.7 15.5 18 38.9 54.7 64.3 69.4 74.5 80.1 89.8 96.9 101.6 101.9 96.9 92.4 86.6 71.3 50.5 31.3 19.5 11.2 9.7 8.9 7.3 10.4 10.3 10.5 10.3 10.1 9.6 9.2 8.9 9.4 14.5 13.7 12.1 9.8 6.9 6.5 5.7 35.7 55 64 69 73.4 77
147.4 150.6 151.9 153 153.9 153.3 152.2 150.8 149.1 147.3 143.9 136.4 117.4 108.1 122.5 133.2 136.4 136.2 135.5 134.8 134.1 133 130.7 128.2 125.5 120.4 114.2 105.9 93.9 78.3 65.7 54 40.4 26.6 20 12.3 15 17.2 26.6 40.4 43.3 45.9 49.1 63.4 77.7 92.7 93.5 89.7 84 73.9 60 39.5 24.3 13.6 9.9 7.5 8.9 10.8 11 11.4 11.2 11.1 11 10.4 9.7 9.7 16.5 15.4 12.4 8.6 6.6 6.3 5.8 24.3 42.3 49.6 57.2 63 68.6 72.9
151.7 154.3 155.3 156 156.4 155.7 154.5 153.3 151.7 149.9 146.7 134 115.4 116.7 131.6 139.2 140.9 140.1 139.1 138.4 137.7 135.7 132.9 129.8 127.4 123.1 116.8 106.2 91.8 76.5 66.3 54.5 39.6 31.8 28.2 22.2 14.9 11.8 14.3 15.2 15.9 16.7 19.6 32.4 53.7 75.2 82.4 77.3 68.4 51.7 36.3 24.7 11.7 7.6 12.8 15.8 14.5 15 14.5 14 13.5 13.5 13.1 12.6 11.7 18.5 18 14 6.8 5.8 6.2 6.4 15.7 23.8 39 41.9 47.7 55.7 61.6 67.6
155.3 157.8 159.1 159 158.8 157.7 156.3 154.6 152.7 151.4 148.5 131.6 117.4 128.8 139.9 144 145.1 144.7 143.4 142.1 140.3 138.1 135.3 131.6 128.9 124 117.5 105.3 90.5 74.9 65 55.4 43.6 39.7 37.2 32.8 27.1 21.2 17.5 16.9 17.3 15.9 11.4 14.2 30.3 50 58.5 56.1 44 28.5 14.4 8.3 13.7 22.7 27.6 26.9 23.6 21.5 19.7 18.5 17.9 18.2 21.4 22.1 21.9 20.3 16.1 6.9 6 4.4 8.6 19.8 28.3 38.5 42.2 43.1 44.4 46.2 55.4 64.1
158.4 160.8 161.6 161.7 161.4 159.7 157.9 155.6 152.6 146.4 141.1 127.6 128.7 139.1 146.2 148.6 149.4 149.3 147.6 146 143.1 140.4 137.7 133.7 129.8 124.1 117.5 107.1 95.7 81.1 68.5 58.7 49.1 49.9 49.6 45.2 38.7 36.4 33.4 31.8 34.1 36 27.1 11.8 11.9 25.6 32.5 29.2 21.4 9 15.8 27 36.3 42.3 44.7 44.5 41.9 37.2 32.3 30.3 26.9 25.4 26.8 26.3 24.2 20.4 14.8 6 4.4 7.7 21.9 34.9 38.9 42.8 46.4 48.4 51.5 57.1 60.6 64.4
161.5 163.4 164.4 164.5 163.8 162.3 160.5 158.3 154.8 147.3 137.6 129.1 134.1 144.2 149.5 152.1 153 153.4 152 150 146.8 143.5 140 136.2 131.4 126 120 111.2 102 90.3 75.3 61.8 58.9 63.2 62.8 60.1 57 54.1 50.6 46 41.7 38.6 31.5 22.5 14.4 9.9 11.7 9.7 9.3 26.4 39.9 49.6 57.7 65.5 69.5 71.2 67.5 63.6 60.7 55 49.6 43.2 36 30.8 25.8 20 11.2 4.4 7.2 14 28.2 37.4 41.2 44 48.1 51.7 55.5 60.5 65.2 69
164.7 166.3 167.3 167.3 166.2 164.8 163.5 162.5 159.4 153.6 146.2 137.5 138.8 147.1 152.7 155.4 156.5 157.5 156.8 154.5 151.2 147.3 142.8 138.6 134.1 128.5 122.7 114.5 106.5 97.1 82.7 69.8 70.6 76.3 75.4 74.2 72.2 70.1 67.6 63.1 57.6 52.5 43.5 37.6 32 30 27.4 30.2 36.5 47.1 59.1 70 77.5 90.5 95 95.7 92.6 89.2 83.2 78.8 72.8 65.5 54.6 41.8 28.7 19.5 6.1 5.6 10.4 19.2 30.4 38.7 40.9 45.6 49.7 53.8 59.4 64.8 69.3 73.8
167.6 170 170.5 170.5 169.8 168.3 167.1 167 163.6 157.6 151.7 144.4 145 151.8 156.7 159.9 161 162 162.3 160.9 157.4 152 146.9 141.7 136.7 131.3 125.7 119.3 112.1 104.8 95.5 83 83.8 89.4 90 89.9 88.4 86.5 82.2 77.5 72.9 67.9 59.3 56.1 51.3 50.9 52.6 57.5 60.8 68.4 80.2 93.9 105.3 113.1 117.9 117 112.9 108.1 103.3 98.6 94.4 87.6 75.8 57.4 34.7 16.4 4.4 5.9 12.5 20.9 31 38.4 42.5 46.9 51.6 57.1 63.2 69.5 73.7 77.5
170.3 172.8 173.7 173.6 173.3 171.9 171 171 167.4 163 156.9 151.6 152.1 156.5 161 163.6 166 169.3 169.7 169.4 167.1 162.5 155.2 147.6 141.2 135.1 129.9 124.8 119.5 114.2 108.7 98.8 99.6 103.5 106.2 105.8 103.8 100.5 95.9 90.7 86.3 83.5 77.6 73.6 69.4 70.4 72.9 78 81.7 90.1 102.5 113.4 119.6 120.9 122.3 120.5 116.8 113.4 110.4 106.4 101.2 94.6 83.2 67.9 42.2 17.7 4.4 10.4 13.7 22.5 32.6 39.4 43.5 47.8 53.5 60.9 68.1 74.8 77.7 81.5
172 175.1 176.5 176.8 176.4 175.5 174.8 174.4 172.2 168.8 163.7 158.6 158.8 163 167.6 170.4 174 177 177.8 178.5 178.1 172.4 165.8 157.6 150.7 142.7 136.3 129.7 125.5 121.2 118.3 112.7 114.1 116.6 119.1 120.5 118.8 115.5 111 107.7 104.1 100.2 95.6 90.8 86 87 91.9 98.8 104.5 113.9 121.5 125.8 126.3 125.7 123.2 120.1 116.7 113.4 110.1 105.3 99.1 91 82 70 46.6 19.2 4.4 6.1 15.4 25.2 33.1 39.5 44.4 49.7 55.4 64.6 74.1 82.4 86 90.9
174 177 179.2 179.4 179.9 180.1 179.6 179.6 177.6 174.4 170.2 165.1 165.3 170 174.8 178.4 181.9 185.1 187 187.9 187.5 184.9 180 170.3 161 151.2 144.3 137.5 133.6 129.8 126.9 126.3 124.6 128.4 132 134 132.2 129.1 129.1 126.3 122.6 117.7 112.6 106.1 102.6 106.5 114.1 123.5 128.8 131.1 130.4 132.1 131.6 128.9 125.3 119.8 114.5 109.4 105 99.3 91.5 83 74.8 65.9 48 22.2 4.4 6.5 19.9 26.3 32.9 38.9 44.5 51.1 58.3 67.7 80.2 89.9 96.9 103.2
176.3 180 182.3 184.2 184.7 185 184.5 185.2 183.9 181 177.5 174.9 173.9 177.7 182.3 185.9 191 202.9 202.1 201.3 199.3 200.4 192.4 184 173.3 163 155.5 149.6 144.4 140.6 138.8 137.6 136.9 139.8 144.9 146 145.7 144.8 145.5 143.1 138.3 131.9 125.1 119.3 115.9 123.6 130.2 135.5 138.4 137.5 136 135.7 134.1 131.4 126.4 120.2 112.6 104.6 98.5 91.3 82.9 76.2 69.8 63.8 49.1 24.3 4.4 7 17.8 26.6 32.6 38.5 45.1 52 61.8 75.6 88.7 98.5 107 115.1
177.8 182.2 185.3 188.1 189.6 189.9 190.3 191.1 190.8 189.8 187.4 187.1 185.1 185.8 190.5 199.4 202.3 203.3 205.6 205.8 206.4 204.5 199.6 199.5 184.7 175.7 168.6 163.4 159.7 154.4 151.2 150.4 148.9 149.8 156.3 159.7 160.1 159.7 159.1 155.9 150.4 143.9 137.1 132.6 135.7 132.2 137.9 141.4 142.6 140.9 138.8 137.6 135.3 131.7 127.2 120.5 112 102.3 93.3 86.5 80.1 73.2 67.2 61.7 49 23.4 4.4 5.8 15.5 26.7 32.4 38.4 46.4 54.7 67.4 81.2 98.2 110.3 118.7 125.4
179.7 185 189.3 192.1 194.1 195 195.9 196.6 196.8 196.7 195.9 195.3 194.4 194.2 199.5 201.5 205.5 214.9 215.6 205.2 214.3 214.2 209.9 204.4 198.7 192.3 180.8 174.6 171.8 166.1 162.1 161.8 160.9 160.4 164.2 168.7 170.6 170 172 167 161.3 154.4 149.6 145.6 144.5 144.2 146 146.9 144.7 142.8 139 137.5 134.9 131.6 126.9 119.9 111.1 100.2 89.3 82.8 77.5 71 65.1 59.7 49.7 24.2 6.5 6 13.5 24.3 32.7 38.7 47.5 56.9 70.4 87.7 108 121.7 128.8 134.3
183.7 188.4 193.3 196.9 199 200.4 200.9 202.3 203.1 202.5 202 201.3 201.3 202.6 205.7 208.9 205.5 217.6 206.6 192.8 201 210 219.4 215.2 204.9 198 198.7 186 181.9 179.3 174.7 171.8 170.9 170.7 174.6 174.9 178.1 177.3 175.6 174.2 170 164.2 158.2 155.6 153.2 152.2 151.9 150.7 146.9 142.7 132.7 136.8 133.2 129.9 124.5 118.3 109.6 96.8 86.3 80.6 75 69.4 63.4 58.3 49.8 27.1 8.5 5.4 11.1 22.6 32 38.8 48.2 59.3 75 97.5 117.1 128.8 136 140.3
188.9 194.5 198.9 201.8 204.4 205.9 206.4 207.4 208.1 207.8 207.6 207.3 207.5 209 213.1 216.6 206.5 206.1 190.7 178.5 195.5 180 204.4 220.1 214.8 209.6 202.2 195 192.4 188.6 185.6 182 179.6 177 176.5 180.5 181.3 181.8 181.8 180.3 177.1 173.1 168.5 163 159.6 157.4 155.2 152.2 147.8 142.7 138.1 133.9 130.9 125.8 120.2 113.9 107.1 94.9 86.6 78.8 72.8 67.4 62.4 58.7 52.8 38.6 10.6 4.1 10.1 22 30.5 38.2 48.4 63.1 85.3 108.1 124.6 134.3 140.1 143.4
194.6 199.5 204.2 207.1 209.1 210.5 211.4 212.2 212.3 212.1 212 212.7 213.4 214.8 219.4 224.2 206 191.3 166.6 163.8 178.1 178.8 194 209.7 220.3 218 213.7 210.2 202.4 197.6 195.4 192.5 188.3 186.3 184.9 186 187.6 180.9 187.7 186.8 183.6 179.9 174.7 169.2 165.1 160.6 157.1 152.7 146.9 141 134.7 130.2 125.9 120 115 108.7 102.9 95.1 83 76 70.6 65.2 61.3 57 51.4 33.1 17.4 4.1 10.8 19.1 27.6 36.9 50.7 69.9 96.6 116.3 127.8 136.7 141.2 142.3
201.1 205.3 209 212.4 214.4 215.3 215.9 216.2 216.5 216.3 217.1 217.8 218.9 220.5 224.5 230.5 219.9 177.3 167.2 172.4 178.7 178.9 192.6 212.8 226.8 224.7 226 219 211.7 205.5 203.2 200.9 198.3 196 195.1 193.1 193.8 193.4 193.1 191.2 187.1 183.1 179 172.9 167.8 162.8 157.7 151.4 144.6 137.3 130.9 126.4 121.5 116.5 111.4 106.4 100.2 93.4 82.8 74.4 68.8 61.4 58 53.6 48.2 38.3 25.4 10.6 3.9 15.4 23.5 34.2 54.2 80.5 106 120.4 129.3 135.9 138.1 138.8
207.8 211.1 213.9 216.9 219.3 219.9 220.3 220.5 220.7 221.4 222.2 223.2 224.5 226.3 229 233.9 220.2 189.3 175.9 179.8 179.3 184.2 191.2 219 233.3 229.5 230.7 226.1 220.5 212.1 210.3 207.8 205.5 203.5 202.8 200.6 199.9 197.1 196 193.8 189.6 184.9 179.8 174.7 169.3 163 156.3 148.3 141.4 135.3 127.5 122.9 118 113.7 108.9 104 98 91.1 81.6 73.1 66 62.6 57.4 53.7 49.4 35.9 36.3 18.7 6.3 9 18.9 30 50.8 88.5 108.1 118.8 127.4 132 134.5 135.2
211.1 215.6 218.2 220.8 222.9 223.8 225 225.9 226.6 227.4 227.8 228.9 229.9 231 234.1 238.8 245.1 205.7 179 178.6 180.7 192.7 218.9 218.6 238.1 235.2 233.7 233.5 228.8 218.4 215.7 213.4 211 209.9 208.8 207.7 205.3 202.1 199.4 197 191.9 186.6 181.3 176.2 169.8 162.5 154.6 148.1 140.5 133 126.8 121.5 116.5 112.3 107.4 102.8 96 87.2 81 77.2 71.9 65.9 60.1 55.7 50.7 44.2 37.2 27.7 13.7 3.5 11.7 25.2 49.2 86.7 106.1 115.7 122.9 127.8 130.2 131.4
216.2 220.8 225 228.3 230.4 231.5 232.2 233.4 234.1 234.3 234.2 234.6 235.7 237.6 240.7 243.7 249.5 226.9 203.7 178.3 180.6 192.6 229 244.2 236.2 237.4 236.4 233.2 232.7 225.1 221.5 219.2 217.2 215.6 215 210.9 208.6 205.2 203.5 199.1 194.4 188.8 183.3 177.2 170.3 162.9 155 148.2 140 132.9 126.6 121.2 117 112.1 107.5 102 94.1 92.7 88.6 83.6 77.9 71.3 64.7 56.2 50.8 45.4 38.3 30.5 20.3 9.2 3.4 17.5 50.1 78.8 101.4 112.6 119.2 123.7 126.4 127.1
226.2 230.2 233.1 236.2 237.9 239 239.8 240.6 241.5 241.7 241.1 241.3 242.4 244.6 246.9 249.4 254.1 257.6 219.4 191.1 178.5 189.3 239.7 254.2 248.7 244.1 240.5 236.8 234.6 231.4 227.4 225.3 223.3 221.5 220.1 217.3 211.2 210.5 205.1 202.8 198.4 191.7 185.3 179.4 172.6 165.4 157.6 149.7 142.1 134.5 127 122.7 117.7 113.5 108.8 103 102 98.4 107.1 93.6 86.4 87.3 89.6 62 52.2 45.4 38.2 30.7 23.5 15.2 6.3 4.3 29 60.6 90.1 105.5 114.7 120.7 123.7 124
235.1 238.2 241.2 243.2 244.4 245.6 246.5 247.4 248.3 248.9 248.2 248.1 249.2 250.7 252.9 254.9 257.3 260.2 261.2 220.5 190.4 203.5 234.2 257.1 250.2 246.6 243.6 240.5 237.8 234.9 232.5 231.2 229.3 227.6 225.5 222.7 220.4 217.4 213.4 208.1 202.5 195.8 189.3 182.5 175.6 168.6 161.2 153.8 145.6 136.9 129.8 125 120.1 115.8 111.7 108.8 106.5 109 108.9 102.3 100.4 84.8 84.5 65.6 53.5 45.4 38.3 31.2 25 18.3 11.2 3.3 10.8 42.1 75.2 97.7 110.5 118.8 122.4 122.4
241.8 245.1 247.8 249.6 250.9 252 252.3 253.1 253.7 254.1 253.9 253.8 253.9 254.7 255.3 257.3 258.6 261 262.7 262.6 242.5 245.1 260.8 256.8 250.9 247.8 244.5 241.9 239.6 238 236.6 235.1 233.6 232.2 229.7 227.1 223.7 220.3 216.2 210.9 205.7 199.2 192.6 185.6 178.6 171.6 164.9 157.7 149.9 141 132.9 127.7 123.4 119.6 116 112.9 113.3 118.2 120.7 117.5 82.4 82.4 87.9 67.4 54.3 46.3 39.2 31.9 25.6 20.3 14.9 7.6 3.1 17.5 54.1 89.4 107.2 117 121.6 121.3
247.2 249.8 252.4 254.8 256.5 257 257 257.6 258 257.2 257 256.5 256 257 257.5 258.5 259.6 260.6 263.5 264.1 263.8 262.4 261 255.8 249.9 246.7 244.1 241.8 240.4 239.1 238.5 237.4 236.5 234.8 232.8 229.7 226.3 223 218.8 213.7 207.9 201 194.1 187.6 180.8 174.1 167.6 160.4 152.6 144.3 136.5 131.7 127.7 124 121.1 121.6 123.3 125.5 125.8 125.1 104.7 83.1 92.7 69.3 54.9 46.3 38.4 32 25.7 21.4 15.8 11 4.1 7.1 31.3 73.8 102.1 114.6 119.4 120
250.6 253.3 255.9 258.2 259.4 259.9 260.1 259.9 259.2 258.3 257.8 257.6 257.2 257.3 256.9 256.7 256.9 256.8 258 258.3 258.5 258.3 255.8 250.4 246.7 244.3 242.2 240.3 239.1 237.8 237.7 237.9 236.4 235.6 233.4 230.5 227.7 223.7 219.5 214.6 208.7 202.3 195.4 188.9 181.2 175.3 169.5 162.9 155.2 147.3 140.7 136 134.5 133.5 132 131.3 130 128.6 128 127.8 120.7 96.9 85.6 69.2 55 45.1 37.2 31.6 25.9 21.5 16 12.8 8.6 2.8 17.5 61.7 93 111.9 117.1 115.4
250.7 253.3 256.6 258.4 259.8 260.2 260.4 259.9 259.4 258.6 257.8 257.7 256.7 255.8 255.1 253.7 253.3 252.8 252.5 251.8 251.3 251.4 249.8 245.6 243 240.9 239 237.5 236.3 235.5 235.3 235.2 235 234.5 232.9 230.2 227.5 224.4 220.3 215.2 209.4 203.2 196.7 189.6 182.3 176.5 171.3 165.4 158.4 152.2 146.5 142.9 141.4 141.2 140 135.7 131.6 129.2 126.9 123.9 119.3 100.8 83.6 67.8 54 43.4 35.9 30.4 25.1 21.4 16.6 13.7 12.1 2.8 11.2 55.1 86.2 108.5 114 101.5
250 252.3 255.3 256.8 257.9 258.9 258.8 258.7 257.8 256.9 256.1 255.5 253.9 252.6 251.8 250.3 248.7 247.7 246.9 246.1 245.4 244.7 242.9 240.7 238.4 236.6 235.6 234.5 233.2 232.6 232.6 232.5 232.4 231.9 231 229.2 226.5 224 220.5 215.7 210.7 204.1 196.7 189.8 183.7 178.6 174 167.7 162.4 157.1 152.9 148.7 146.1 144.7 141.3 136.1 131.2 126.6 122.4 118.3 111.2 101.7 79.7 63.4 49.9 41.1 34.9 27.7 21.1 20.3 16.5 13.9 11.5 5.1 9.8 49.2 83 99.3 87.8 75.7
