Assets/StreamingAssets/GeoData/Data/sx/SX48.asc
ncols 200
nrows 200
xllcorner 240000
yllcorner 80000
cellsize 50
[rows 105 to 139 of 200, columns 0 to 79 of 200]
85.2 81.8 86 88.2 90.8 92.3 93.2 89.1 89.2 95.8 100 102.3 105.3 108 109.3 91.6 90 108.3 115.1 117 114.6 109.6 99.7 88 78.2 70.2 65.8 65.8 65.7 65.7 64.7 62.7 63.7 76.9 90.1 103 110 115.2 119.2 122.6 125.5 127.4 129.2 128.5 128.1 128.3 130.1 131.7 133.2 133.7 130.8 124.5 122.3 121.9 123 124.8 126 126.9 126.7 122.9 117.5 124.8 131.1 135.4 139.5 142.9 145.6 147.9 150.5 153.2 155.3 157.5 158.8 159.8 160.6 161.3 163.1 163 159.1 161.6
94.7 90.5 91.6 94.9 96.9 98.3 99.7 98.2 94.7 100.3 104.8 107 110.4 113.1 113.4 99.5 94.3 111.8 119.2 121.2 122.3 123.2 116.6 104.2 91.2 80 72.3 67.3 66.1 66 66.1 66.1 64.9 66.9 80.9 94.4 104.9 113.3 117.6 121.3 124.4 125.9 126.1 124.6 123 122.2 123.3 123.8 123.2 122 116 114.1 115.9 118 120.4 123 124.9 126.2 126.2 116.9 123.6 131.5 136.7 141.5 145.5 148.1 150.6 153.4 156 159 161.9 164.8 166.8 167.9 168.4 169.9 170 169.2 168.9 165.9
103.1 97.6 96.7 100.9 103.2 104.6 105.2 104.3 100.1 104.6 108.9 111.7 114.9 117.8 118.3 105.6 96.1 113.9 121.6 123.9 125.8 128.7 132.6 123.8 107.1 95.2 87 79.7 70.7 66.3 66.5 66.4 65.6 65.9 69.1 81.5 93.7 101.7 108.9 113.5 117 117.4 117.4 115.8 113.2 113 112.5 111.8 110.2 110.2 110.4 111.6 114.2 118.9 122.6 125.8 129.6 130.6 128.5 110.6 126.8 133.9 139.8 144.6 147.4 150.6 153.6 156.7 159.9 162.7 165.6 168.4 170.2 171 171.3 172.4 174.7 174.4 174.1 171.9
109.6 105 101.7 107 109.9 110.7 110.9 108.9 105.4 108.7 113 116.3 118.9 121.1 120.9 112.7 99.4 113.8 123.3 126.2 128.3 133 136.5 138.3 127.3 117.5 107 95.3 84.4 73.3 68.3 66.5 66.6 66 66.2 68.5 78.6 87.1 93.6 97.6 100.5 101.6 102.5 103.4 103.3 101.6 100.1 100.7 102.5 105.6 107 111.1 116.9 123.8 129.6 134.7 136.6 135 120 108.2 125 132.8 138.3 143.4 147.7 151.2 154.1 157.2 160.4 163.3 166 168.8 171 172.4 173.5 174.9 175.9 176.2 176.3 175.3
115 110.7 107.2 112.4 116.1 116.9 116 114.1 110.9 112.7 116.2 118.8 121.1 123.2 124.1 119.8 105.1 112.9 123.6 127.8 130.8 135 139.9 143.9 146 137 125.2 117.2 106.3 93.6 83.2 72 67.9 67.1 66.5 66 66.3 68.2 72.7 76.3 79.6 82.2 88.6 91.9 91.6 91.1 89.8 93.9 98 102 109.2 115.2 122.3 129.8 137.2 142.8 143.7 136.2 116.2 106.5 119.9 130.1 138.1 143.3 147.8 151.3 154.5 157.7 160.5 163 165.7 168.5 171.3 172.5 173.4 174.6 176 177.1 177.3 176.2
118.6 113.9 111.8 118 120.9 121.5 120.4 118.5 115.9 115.7 118.8 121.5 123.5 125.2 126 124.4 112.6 110.3 122 127.8 131.2 136.1 142.2 146.8 149.2 150.1 132.8 130.8 127.8 117 102.4 87.5 78.3 68.3 67.6 66.8 67 67.4 67.3 66.8 67.5 70.3 74.3 81.4 80.4 82.3 90.2 96.5 100.6 106.8 112.6 119.2 127.5 135.2 142 145.1 140.2 131.4 111.2 107.5 121 131.4 138.9 143.2 147.9 151.2 154.1 157.6 160.2 162.7 165.4 168.1 170.2 171.6 173 174.1 175.4 176.5 176.9 176.1
122.4 118.1 117.5 123.6 126.2 126.4 125 122.2 118.5 118.4 121.2 124.2 125.7 126.8 126.9 124.5 118.4 109 118.9 125.8 130.8 136.5 142 147.2 150.6 153.5 139 136.8 135.1 128.3 113.1 100.1 88.3 72.7 70.1 69.3 70.3 71.1 71.5 68.7 66.3 67.7 67.3 71.8 77.5 86.6 93.8 98 102.8 106.8 112 119.3 128 135.1 136.9 138.5 137.3 128.8 104.2 107.7 122.4 133 140.9 144.9 147.8 149.6 153 156.5 159.9 162.5 165.1 167.3 168 169.6 171.1 172.7 174.7 175.7 175.9 176.1
125.7 122.7 122 127.8 130.2 130.5 127.4 124.1 121 121.7 124.4 127.1 128.3 128.1 127.3 124.2 119.2 111.5 117.9 125.3 130.3 135.2 140.5 145.7 150.9 155.2 146 139.5 137.8 135.7 117.5 103.6 91.9 78.5 81.5 84.3 86.3 82.9 79.3 76.2 71.4 68.6 69.1 68.1 69.6 78.6 84.8 91 99.1 103.2 109 116.1 122.5 128.2 130.8 131.5 129.8 117.1 97.9 109.8 123 134.5 140.9 144.2 147.5 149.5 152.5 155.6 159.3 161.5 163.7 166 165.6 166.7 168.3 170.5 173.3 175 176 176.4
126.9 125.7 126.2 129 132 132.9 130.1 127 124.7 126.1 127.1 129 129 127.7 125.4 122.6 118.5 115.1 119.1 124.3 129 134 139.5 145.8 152.2 157.5 161.3 142.3 139.3 135.1 121.8 109.9 94.7 83.9 91.4 100.7 99.2 91.8 86.8 82.2 79 76.2 70.1 68.5 68.5 70.6 76.2 84.1 92.5 97.9 105.5 111.7 117.3 122.4 124.6 124.7 122.1 106 96.5 111.7 129.2 136.1 140.7 144.4 148 151.2 154.3 156.7 159.1 161.6 162.6 164.5 163.9 163.9 165.6 168.8 171.7 174.5 176.7 177.9
126.9 128.1 128.9 130.7 134.1 135.2 133.6 131.4 130.8 131.3 131.4 131.1 130.8 128.8 125.6 121.6 117.9 119.2 121.8 124.4 127.9 134.3 141.6 147.5 152.9 159.3 162.9 160.7 143.8 136.8 125.4 111.7 96.2 92.4 102.3 108.3 103.9 99.4 94.7 90.2 87.2 83.8 75.5 69.4 68.6 68.5 68 71.9 82.9 91.4 101 106.7 110.6 113.7 115.9 114.9 104.9 93.7 98.9 121.2 131.4 136.4 141.7 145.9 149.6 153 156.1 158.4 160.1 161.8 163 163.1 161.2 158.6 164.8 169.1 172.3 175.7 178.4 179.7
128.5 129.8 132.1 136.1 139.5 140.4 140.4 138.6 138.6 138.4 137.6 136.8 135.6 134.8 131.4 126.6 121.3 124 128.5 130.6 133.4 138.2 144.9 151.2 156 159.8 162.3 160.5 154.1 140.9 127.2 112.8 101.6 106.2 112.3 111.9 110.2 108.2 105 100.4 96.1 90.7 83.7 77.9 70.7 70.1 69.4 68.9 68.6 76.6 90.3 99.9 103.3 102.5 96.7 91.9 87.6 93.4 106.9 125.7 132.9 138.1 142.5 148.2 152.2 155.2 156.9 159.2 160.8 162.5 161.5 158.5 154.2 157.9 165.1 169.2 172.9 176.1 179.6 180.8
134.6 139.5 143.2 146.3 148.5 149.4 149.2 147.4 146.8 146.6 146.2 144.4 143.1 142 138.8 134.6 127.4 130.9 137.8 141.1 143.4 145.5 149.4 154.5 157.9 159.7 160.6 159.1 154.3 142.4 128.4 116.7 114.8 118.3 120.2 119.4 117.9 117.5 115.4 110.9 106.4 102 99.5 92.9 81.3 71.2 69.7 69.5 69.2 69.3 71 85.2 87.6 81.5 79.9 82.5 94.2 102 118.9 130.2 135.3 141.7 146.7 151.6 155.3 157.1 158.8 160.1 160.2 160.1 156.8 148.8 146.7 158.5 166 169.9 173.1 176.4 179.9 181.1
144 148.5 153.4 156.2 157.3 157.9 158.3 157.7 155.3 154.9 154.7 152.2 150.1 148 145.4 141.8 132.5 135.8 143.2 146.4 148.8 151.4 154.4 157.4 159.5 161.3 161.7 159.6 153.5 143 131.9 123.8 122.6 124.5 128.7 129.1 127.3 126.9 125.6 121.1 116.8 115.3 113.7 109.8 96.5 79.3 70.2 69.8 69.7 69.9 69.1 70.9 75.9 73.4 88.9 99 106.5 115.2 125.8 132.7 138 145.1 150.9 155.6 158.3 159.5 160.8 160.8 159.8 157.5 149.2 136.4 147.4 159.9 167.1 170.9 174 177.3 180.1 181.5
154 157.8 161.5 162.9 164.1 165 165.3 165 163.6 161.3 160 158.1 155.7 153.5 150.8 148 137.9 138.5 146.9 151.1 153.7 156.2 158.7 160.2 162 163.2 163 159.6 154 145.8 138.2 134.5 130.1 132.7 137 136 136 135.7 136.2 131.8 127.9 127.2 124.6 120.1 108.8 89.8 74.4 70.7 70.1 70.1 69.1 70.7 71.3 72.1 71.8 78.2 88.8 102.3 117.3 131 140.8 147.3 153.7 157.9 160.5 161.4 161.4 160.4 159.9 152 137.4 130.4 148.1 162.2 168.6 172.6 175.6 178.3 179.9 181.5
164.6 166.2 168.1 169.3 170.5 171.4 171 170.7 168.5 166.3 164.7 163.2 161.3 158.9 156 152.9 145.2 142.9 151.5 155 157.9 160.1 162 163.2 164.5 165 164.1 161 156.4 152.2 148.6 144.5 141.9 144.5 142.6 141.4 142.4 143.7 145.6 144.1 140.8 141.1 137.5 128.3 117 101.5 84.2 73.2 71.3 70.7 69.1 70.5 71 71.4 71.2 71.4 72.4 80.7 97.5 117.5 129.7 141.2 153.5 159.8 161.2 162 161.3 158.5 155 143.8 128 129.1 148.3 164.6 170.1 173.5 176.3 177.9 179.3 180.7
173.4 174 174.7 175.8 176.9 176.8 176.1 175.4 173.3 171 168.9 167.7 165.9 163.4 160.6 157.7 152.4 146.2 154.9 158.3 160.7 162.3 164.1 165.1 165.5 165.7 165.5 163.1 160.5 157.5 154.8 153.5 152.8 149.9 150 151.8 152.1 153.3 152.3 152 151.1 148 142.4 136.5 121.1 110.7 96.5 82.9 75.2 72.3 71.2 70.3 70.6 70.7 70.8 71.1 71.9 72.4 82.3 98.8 116.4 131.8 146.3 158.5 164.4 163.6 160.9 155.6 144.4 130.7 117.5 134.6 152.5 166.6 171.4 174.4 176 177.6 178.9 179.5
178.9 179.1 180.4 180.8 181 180.6 179.7 179 177 175 172.4 170.4 168 165.5 162.6 158.9 154 151.5 156.2 160.3 162.6 164.2 165.3 166.3 166.9 167 166.9 165.5 163.9 162.2 161.4 160.1 158.4 155.1 156.5 157 157.9 158.8 157.4 156.5 156.3 150 139.3 129.6 120.2 111.6 104.3 95.4 86.8 81.1 76.1 73.6 73.1 72 71.8 71.8 71.2 72.2 73.6 85.1 103.2 121.2 137.9 152.3 159.4 161.1 156 143 128 113.6 121.6 142.1 157.3 168.2 173.9 175.9 176.6 177 177.8 178.1
180.3 181.3 182.5 183.2 183.6 183.1 182.5 181.8 180.5 178.3 175 172.3 169.8 166.8 163.9 161.5 158 156.3 158.8 161.8 163.7 165.4 166.2 167.1 168.3 168.4 168 167.5 167.1 166.3 165.5 164 163 160.7 160.4 161.1 161.4 160.9 159.7 157.2 150.9 142 133.8 126.3 117.4 110.7 105.1 100.2 95.5 91.4 85.4 80.9 78.8 74.9 72.6 72.4 72.9 70.8 72.1 73.6 88.3 105.7 123.2 138.2 147.9 149.5 137.9 121.4 107.2 117.4 134.5 150 162.5 170.1 174.7 176.7 176.2 175.6 175.8 174.2
180.8 181.8 183.6 184.9 185.8 185.9 185.3 184.7 183.4 181.3 178 174.8 171.3 168.2 165.9 163.8 162.3 160.7 160.5 162.6 164.3 165.7 166.7 167.9 168.9 169.5 169.2 168.8 168.6 168.1 167.5 166.5 164.4 162.5 161.8 161.6 162 162.1 158.8 150.6 143.7 137.2 131.5 124.7 116.4 110.1 105.1 99.9 95.3 91.7 89 84 80 74.6 73 72.8 73.3 72.3 71.8 72.1 73.9 88.8 105 121.8 131.8 131 115.4 99.7 111.5 130.5 145.5 155.8 165.1 171.4 173.9 174.8 174.6 172.9 170.8 167.5
181.8 182.2 183.3 184.9 186.7 187.7 187.7 186.6 185.7 184.4 182.1 177.1 173.8 171.1 168.2 165.2 163.6 162.8 161.9 163.2 164 164.8 165.6 166.7 168.1 169 169.7 169.5 169.4 169.1 168 166.4 164.8 162.7 161.2 161 160.8 160.4 151.8 145 139.6 134.6 129.7 124.3 115.1 109 103.2 97.6 93.2 89.3 86.7 81.9 75.3 73.8 73.5 73.2 73 72.5 72 72.3 73.7 74.6 88.8 104.4 111.4 109 96.3 99.6 121.4 140.2 154.3 160 165.7 169.6 170.6 170.8 170.1 166.7 162.8 158.2
179.9 180.8 182.1 184.6 186.5 187.9 189.1 188.1 187.4 186 183.6 179.6 175.4 172.7 169.2 167.2 165.5 164.3 162.7 162.3 162.7 163.7 164.6 165.5 167 168.1 169.2 169.7 169.1 168.3 166.9 165.1 160.9 158.2 158.1 157.7 157 153.8 147.6 141.6 138.1 134.6 129.7 124.5 116.5 111.2 105.7 99.8 92.6 87.6 83.1 79.5 75.7 74 74.5 74.2 73.9 73.9 73.5 71.2 73.3 73.8 74.3 84.6 92.4 91.2 88.5 103.7 122.7 140.2 153.4 159.3 164 167.1 167.9 167.1 164.6 159.2 150.9 143.4
177.2 178.5 180.3 182.7 185.2 187.1 188.6 188.7 188.1 186.4 184 180.9 177.1 173.9 170.3 168.1 166 164.3 162.3 161.2 159.5 160.4 161.9 163.8 165.1 166.9 167.7 168.3 167.1 165.9 163.5 159.6 156 154.5 154 153.7 152.8 149.6 146.3 141.4 137.6 134.3 130.3 126 120.2 115.2 110.3 103.9 93.9 87.1 82.7 77.9 75.1 74.3 74.7 74.2 74.5 73.3 73.8 72.8 71.9 73.4 74 74.8 78.1 82.7 87.6 103.8 119.5 132.7 142.6 149.2 154.9 158.9 159 156.2 153.5 147.3 137.3 128.2
174.2 175.9 177.5 180.3 182.9 185.3 187.1 188.3 187.9 185.9 183.5 180.3 177 173.1 169.5 167.5 165.9 163.9 161.2 157.7 155.2 155.5 157.6 161.2 163.5 165 165.1 165.6 164.2 161.7 160.2 157.1 153.8 152.1 148.7 146.9 144.9 142.5 140.8 136.5 132.2 129.4 129.8 126.6 121.3 116.1 111.4 104.8 96.1 88.8 83.7 76.9 74.3 75.1 75.1 75 74.6 74.4 73.9 73.5 73.2 72 73.6 74 76 77.5 82.6 93.3 104.6 114.3 122 130.3 137 139.6 138.1 137.3 134.5 128.3 120.3 113.3
169.6 172.3 174.9 177.8 180.6 183.5 185.7 186.1 184.6 182 180.2 177.5 173.8 170.1 167 165.4 162.5 159.1 155.9 152.2 149.8 151.7 155.4 158.3 160.6 161.5 161.4 162.1 161.8 160.7 159.3 156 151.7 144.4 139.2 137.1 133.7 129.9 129.2 127 124.3 122.9 123.6 123.2 119.1 113.5 109.6 104.2 97.2 91.2 84 76.5 75 76.3 76.5 76.1 76 76.1 75.7 74.8 73.9 73.4 72.9 73.9 74.4 75 76.5 81.5 90 96.6 102.8 111.3 117.2 117.8 118.2 118.1 114.2 109.1 105.6 102.2
163.9 167.4 171.3 173.3 173.2 174.9 177.7 177.9 177.8 177 175.8 172.6 168.1 164.3 161.3 157 153.2 151.3 149.9 146.4 145 147 150.2 152.5 155 157.3 157.5 158.8 159.8 159.9 158.3 155.7 151.9 141.8 133 125.7 119.6 118.2 119.1 118.2 115.8 114.6 114.7 113.7 111.4 107.9 101.6 94.5 87.5 82 78.8 76.8 75.9 77.6 78.3 78.3 78.4 78.5 78.8 78.1 76.4 75 74.2 72.2 74.1 74.8 75.5 75.6 77.9 86.7 91.5 96.9 100.2 101.5 103.2 104 102.8 92.6 91.5 83.3
156.3 159.2 164.2 166.7 167 167.1 168.1 168.6 168.5 168.7 165.9 162.2 157.8 154.2 151.4 147.3 144.6 143.7 142.8 141.3 140.6 143.5 145.8 147.3 147.8 148 150.1 154.1 156.3 157.5 157.5 156.4 153.9 148.8 140.8 130.2 119.3 112.8 108.3 109.1 107.9 105.6 104.2 101.1 96.1 89.1 84.7 84.2 84.1 85.5 83.9 77.6 76.7 80.2 82.3 82.8 83.5 84.3 82.6 82.8 82.6 81.2 76.7 73.9 73.9 74.7 75.2 75.4 76 77.1 85.8 87.6 93.6 95.5 96.8 97.7 98 96.5 94.5 91.3
147.4 151 155.9 158.2 159 160 161 161.7 162.1 159.6 156.4 152.9 148.7 144.7 142.3 139.4 137.6 137.2 137.5 137 136.6 139.4 141 141.2 143.3 144.5 147.1 150.5 153.7 156 157.1 156.4 153.7 149 142.1 133.9 126.1 116.9 109.2 101.8 99 93.8 93.5 92.4 91.9 92 93.9 94.9 94.7 97 92.8 77.6 78 83.5 87.9 88.7 90.6 91.3 91.7 91 89.7 87.2 86 82.9 72.9 74.4 74.9 75.3 76.5 77.2 77.3 77.9 80.7 83.6 84.8 86.5 85.4 83.9 80.1 78.7
139.9 142.3 147.2 150.1 152 152.4 153.6 154 153.1 150.4 147 143.6 139.7 135.6 134 132.5 130.9 130.9 131.8 131.5 132.1 134.2 135.7 137.2 139.4 141.6 144 147.1 150.7 152.8 155.1 153.9 150.6 147.4 143.1 138.7 132.7 120.9 106.3 107.5 109.3 107.1 105.7 105.3 103.9 104.3 103.9 102.1 99.9 101.3 97.5 78.8 78.3 83.4 90 94.2 95.9 96.9 97.2 96.5 96 95.1 93.1 90 85.9 79.7 72.4 74.5 75.6 76.9 76.9 77 77.3 77.6 77.6 78 78.1 78 78.1 78.3
134.7 134.6 140.2 143.7 145.7 145.6 145.3 145.4 143.6 140.9 137.5 134.1 130.7 127 125.9 124.8 124.5 125.8 126.1 127 128.4 130 132.1 133.5 135.8 137.4 140.5 144.3 147.7 149.8 151.5 151.5 149.4 145.5 140.3 133.4 121.9 113.6 114.7 121.1 122.8 121.9 120.2 117.5 115.1 112.5 109.4 106.1 101.2 97.6 92.2 78.2 77.9 81.2 89.5 95.1 98.6 100.4 101.3 101.6 101.5 101.5 100.5 97.3 92.5 88.9 84.1 76.3 73.2 75 75.8 76.4 76.4 76.9 77 77.6 77.6 78 78.1 78.3
129.9 128.6 132.7 136.7 137.7 138.3 136.8 135.6 134.5 132.1 128.8 125.5 122.2 119.5 118.4 118.7 119.4 120.9 122.3 124.4 125.5 126.9 128 130.4 132.7 135.5 138.1 142 145.5 148.5 150 149.2 148 143.9 134.7 126.3 124.4 125.2 129.5 134.1 134.4 133.1 130.3 126.7 122.4 118.3 114.2 109.1 102.5 95.8 88.5 78.4 78.8 79.4 88.1 96.1 100.1 103.4 105.4 107.2 107 106.9 107.4 105.4 100.5 94.9 92 89.2 86.2 80 75.6 73.8 74.9 75.5 76.3 77.1 77.2 77.7 78 78.2
123.5 123.3 127.7 129.5 130.3 130.6 129.4 127.7 125.9 123.4 120.9 117.9 114.6 113.5 114 115 116.2 118.2 120.7 122.3 124.6 126.8 129.5 131.7 134.6 138.1 140.6 143.5 145.8 148.1 149.1 149.1 147.9 142.5 140.5 142.4 141.5 141.8 142 142.8 142.9 141.2 138.2 134.2 129.4 124.5 119.8 114.3 107.7 99.9 92.7 82.7 79.4 80.6 87 96.2 101.6 106.3 109.5 112.1 113.4 113.7 113.9 113.6 110.6 105.7 101.7 98.6 96.1 92 88.6 86.2 83.8 84.4 81.8 76 75.8 76.2 77.9 85.7
116.9 118.6 121.8 122.9 123.5 123.4 122.1 120.3 118.6 116.6 114 110.7 110.1 110.9 112.2 114.7 117.4 119 120.6 123.7 127.3 130.2 132.9 135.2 137.8 140.6 143.9 146.4 148 149.3 150.4 150.8 151.4 151.2 152.3 152.5 152.1 150.9 149.9 149.5 149 147.5 144.9 140.5 135.4 130.5 125.7 120.6 116 110.5 102.9 93.4 81.3 80.5 83.8 96.4 103.4 108.5 112.8 116 117.9 119 119.5 119.5 118.4 117 113.9 110.4 107.4 103.6 100 96.1 94.5 96.3 94.9 94.6 94.6 95.4 94.8 96.5
110.6 113.6 116 116.5 116.8 117 115.8 114.1 112.3 110.1 107.9 108 110.6 114.1 116.8 119.9 122.5 123.7 123.9 124.2 127.5 131.9 135.2 137.9 140.7 143.5 146 148.1 150.2 151.4 152.5 154.1 155.2 155.7 156.9 156.5 156.1 154.7 154 152.9 152.2 150.6 148.2 145.3 140.9 136.1 131.3 127.9 123.8 120.1 112.8 104.2 86.9 80.9 81.2 90.1 102.5 108.3 113.2 117.2 120.8 122.6 123.5 124.3 124.1 122.9 121.8 119.8 117.3 113.4 110 107.5 104.5 106.3 106.5 104.8 103.4 103.2 102.5 102.6
105.6 107.4 109.3 110.3 110.5 110.4 109.4 107.8 106.1 105.7 106.6 109.5 113.2 117.3 120.8 124.2 126.1 128 128.9 129.7 128.4 132.2 136.1 139.7 142.5 145.3 148.4 150.1 152.3 154.1 154.9 156.2 158 159.5 160.2 158.3 155.5 154.2 153.7 152.9 151.2 151.4 150 147.3 144.3 140 136.1 131.6 127.7 123.3 117.4 108.7 90.3 81.4 81.5 83.1 94.6 105.4 111.7 117.4 121.8 124.9 126.6 127.8 128.4 128.3 127.2 125.8 124 121.6 119 116.6 114.5 115.4 115 113.5 112.6 111 109 108.7
100.2 101.5 103.2 104 104.2 103.7 103.3 103.5 103.3 105.3 107.7 111.4 115.1 118.5 122 125.8 129.4 131.8 133.1 134.1 134.6 132.8 136.9 140.7 143.9 147.1 150.3 153.6 155.5 156.6 157.2 157.5 156.4 158.7 158.4 156.4 152.6 149.6 147.2 145.3 145.5 145.7 145 143 140.7 138.3 135.4 131.8 127.7 122.3 115.3 106.6 91.3 82.7 81.3 82.4 86.3 100.8 109 114.8 120.1 124.2 126.9 129.2 130.3 130.7 130.6 129.8 129.2 127.5 125 123.1 121.5 122.5 121.7 120.9 119.6 117.8 115.3 114.7
