Assets/StreamingAssets/GeoData/Data/sx/SX49.asc
ncols 200
nrows 200
xllcorner 240000
yllcorner 90000
cellsize 50
[rows 140 to 174 of 200, columns 0 to 77 of 200]
190.4 189.6 188.5 187.2 185.3 183.1 180.2 177.9 175.9 174.5 173.3 171.8 169.8 165.2 160.6 162.3 168.2 171.8 175.6 176.8 178.3 178.6 179 179.3 179.1 178.4 178.3 177.9 177.2 176.4 174.8 172.4 171.2 169.6 167 163.9 159.5 155.8 151.9 146.8 142.7 139.5 136.8 131.5 119.6 119.6 119.6 119.6 119.6 127.5 141.7 148.3 152.4 154.9 154.8 153.4 151 149.4 146.8 143 138 132.1 121.2 119.6 119.6 119.6 119.6 119.6 119.6 119.6 123.5 124.9 130.9 133.1 133.9 133.3 132.1 132
187.7 186.4 184.9 183.4 182.3 178.8 175.4 173 170.5 170.1 169.6 168.5 166.6 162.3 158.8 161 167.6 170.5 173.9 174.9 175.3 175.4 174.8 173.6 173.4 172.4 171.7 171.5 170.7 169.9 167.5 164.5 163 162.3 160.3 157 153.5 149.2 145.6 141.9 135.8 134.6 131.5 122.1 119.6 119.6 119.6 119.6 119.6 135.2 144.3 150.2 151.6 152.1 151.2 148.5 144.9 142.9 140.3 136.8 132.5 123.7 119.6 119.6 119.6 119.6 119.6 119.6 119.6 119.6 119.6 119.6 119.6 127 123.1 127.7 130.5 128.8
184.3 182.9 181.6 179.9 178.4 175.2 171.9 169.8 167.3 166.4 165.9 165.4 163.5 158.1 156.6 163.1 168.1 170.6 172.5 173.1 172 171.8 170.4 169.1 167.5 166.9 165.1 164.6 163.4 162.3 160.8 157.6 155.7 153.6 151.5 148.3 145.6 138.9 136.7 133.2 126.5 126.6 119.6 119.6 119.6 119.6 119.6 119.6 119.6 140.3 145.8 150.1 149.8 149.9 148 145.8 142.8 138.5 135.3 132 125.1 119.6 119.6 119.6 119.6 119.6 119.6 119.6 119.6 119.6 119.6 119.6 119.6 119.6 119.6 119.6 123.5 129.5
180.6 179.1 177.8 176.6 175.9 173.7 171.4 168.8 165.3 160.9 160 161.7 160.3 153.3 157.6 164.1 167.7 169.7 171.5 171.3 170.2 168.2 166.1 163.1 160 158.8 157.1 155.9 155.1 154.7 153 150.8 145.5 144.3 143.1 140.2 137.4 131.6 126.9 119.6 119.6 119.6 119.6 119.6 119.6 119.6 119.6 119.6 130.4 139.8 143.8 147.7 147.7 146.1 143.7 142.1 139.2 134.6 126.6 119.6 119.6 119.6 119.6 119.6 119.6 119.6 119.6 119.6 119.6 119.6 119.6 119.6 119.6 119.6 119.6 125.5 129.2 131.3
176.7 175.5 174.9 174.4 174 173.3 171.1 168.3 164.1 160 157.5 155.8 157 151.5 156.6 162.8 166.1 168.4 170.7 169.9 168.3 163.7 159.3 155.8 153.5 150.4 148.1 146.6 144.2 144.1 143.7 140.7 137.4 135.7 133 130.7 128.3 120.1 120.4 120.5 120.6 119.6 119.6 119.6 119.6 119.6 119.6 119.6 127.7 137 141.7 143.4 142.6 140.6 137.3 136.5 133.9 130.2 119.6 119.6 119.6 119.6 119.6 119.6 119.6 119.6 119.6 119.6 119.6 119.6 119.6 119.6 119.6 119.6 127 131.2 132.7 134.2
172.1 172.7 173.8 174 173.8 173.4 171.3 168 164.6 163.1 160 155 151.2 149.9 155.5 161.1 166.9 169.9 171.7 171.1 169.4 166.3 161.5 160.3 158.5 156.1 153.9 151.4 147.7 145 142.3 140.8 139 137.3 134.6 134.8 133.7 133.3 132.1 131.9 132.5 126.9 120.6 119.6 119.6 119.6 119.6 119.6 119.6 130.4 134.9 138.2 137.6 135.4 132 130.4 128.2 119.6 119.6 119.6 119.6 119.6 119.6 119.6 119.6 119.6 119.6 119.6 119.6 119.6 119.6 121.8 123.5 127.7 130.2 132.9 135.5 138.2
169.1 171 172.4 173.2 173.6 173.1 171.6 169.5 168.2 167.4 163.1 157.9 150.2 149.8 157.7 164.3 168.9 172 173.7 174.3 173.8 171.4 169.9 168.5 166.1 165.7 163.4 161.3 157.1 153.4 151.7 151.5 150.3 148.8 147.6 146.7 143.1 141.6 140.9 139.4 136.1 132.6 129.7 119.6 119.6 119.6 119.6 119.6 119.6 119.6 128.5 132.1 131.4 130.6 128.1 119.6 119.6 119.6 119.6 119.6 119.6 119.6 119.6 119.6 119.6 119.6 119.6 119.6 119.6 119.6 125.1 129.3 130.5 131.5 131.5 133.8 138.2 141.3
168.2 171.1 172.8 173.7 175.6 176 175.7 174.5 173.2 172.1 169.3 163.4 150.5 149.2 160.5 167.7 171.5 174.4 177.1 178.4 178.5 177.8 177.7 176.6 176 175.2 173.2 171.2 168.1 166 163.9 164.3 164.3 162.5 160.3 156.8 150.4 147.7 147 144.4 141.2 137.4 133.8 125.2 119.6 119.6 119.6 119.6 119.6 119.6 119.6 119.6 121.4 125.8 119.6 119.6 119.6 119.6 119.6 119.6 119.6 119.6 119.6 119.6 119.6 119.6 119.6 119.6 119.6 119.6 130.5 132.1 133.1 134.5 134.7 138.2 140.7 143.9
168.9 171.7 173.6 176.1 178.1 179.4 179.7 179.3 178.1 176.8 174.1 168 151.5 146.9 158.9 167.9 171.8 176.2 179.9 182.2 182.7 182 181.2 180.6 180.1 180 179.3 178.6 177.2 175.8 175.2 174.9 172.9 170.9 167.8 163.6 158.5 154.7 151.3 148.7 145.3 141.7 137.8 132.9 122.4 119.6 119.6 119.6 119.6 119.6 119.6 119.6 119.6 119.6 119.6 119.6 119.6 119.6 119.6 119.6 119.6 119.6 119.6 119.6 119.6 119.6 124 128.6 123.8 119.6 129 134.1 136.2 138.5 139.4 139.3 143 146.1
169 171.9 173.8 177 179.5 181.1 182.7 182.8 182.2 181 178.4 171.9 152.4 144.5 153.9 165.6 170.8 176.1 180.7 182.6 184 182.9 182.4 182.4 182.1 182.8 182.8 182.2 182.2 180.7 179.6 178.4 176.4 174.3 171.5 169.1 164.9 160.6 156.2 152.2 148.3 144.1 139.8 134.5 125.5 119.6 119.6 119.6 119.6 119.6 119.6 119.6 119.6 119.6 119.6 119.6 119.6 119.6 119.6 119.6 119.6 119.6 119.6 119.6 119.6 133.3 135.8 136.6 134.2 120.5 130 135.3 139.2 141.5 142.7 143.3 145.6 148.6
168.1 171.2 173.6 176.8 179.6 181.8 183.5 184.5 184.4 183.2 180.3 174.3 157.4 144.1 149.5 161.9 168.5 174.4 179.4 181.7 183.9 183.8 183.5 183.5 183.3 183.5 183.5 183.5 183.8 183.3 182.4 181.2 179 175.8 172.6 170 166.1 162.4 158.6 153 149.2 144 136.4 121.1 119.6 119.6 119.6 119.6 119.6 119.6 119.6 119.6 119.6 119.6 119.6 119.6 119.6 119.6 119.6 119.6 119.6 119.6 119.6 125.7 137.9 141.2 143.1 142.2 139.6 134.6 136.8 137.7 141.2 144.5 146.6 147.9 149.2 151.1
165.8 169.6 172.9 175.9 178.9 181.4 183.7 185.3 185.6 184.2 181.4 175.8 161.2 144.7 146.1 154.8 164.2 171.7 178.1 181.2 183.5 184.5 184.3 184.1 184 183.3 183.3 183.1 184.2 184.7 184 183.1 180.6 177.2 173.6 168.3 164.1 159.7 155.9 149.5 141.5 133.4 128.6 127.5 129.2 130.8 123.6 119.6 119.6 119.6 119.6 119.6 119.6 119.6 119.6 119.6 119.6 119.6 119.6 119.6 119.6 119.6 133 142.3 145.3 147 147.8 145.7 142.9 139.4 141.9 143.1 144.4 146.5 148.6 149.9 151 152
162.9 166.7 170.7 174.1 177.6 180.4 183 184.9 185.1 183.9 181.1 174.1 159.4 143.5 143 155.5 166.5 173.3 176.9 180.4 182.7 183.7 183.7 183.6 183.4 182.4 182.8 183.1 184.2 185 185 184.3 181.9 178.4 173.3 166.8 161 154.3 146.3 141.9 139.1 137.4 137.8 139.2 141.6 141.3 134.7 130.1 119.6 119.6 119.6 119.6 119.6 119.6 119.6 119.6 119.6 119.6 119.6 119.6 119.6 133.2 142.5 147.3 149.4 150.6 149.2 146.2 145.1 144.7 146.6 147.7 149 149.6 150.8 151.1 151.7 152.6
161.4 164.9 168.7 171.8 175.9 178.6 181.7 183.1 182.8 181 177.6 166.3 147.4 142.5 144.1 157 166.3 172.4 175.2 179.4 181.1 182.6 182.5 181.9 181.1 180.4 180.2 181.7 183 184.2 184.4 183.9 182.3 178.4 172.7 166 158.4 155.1 152.7 150.5 150.1 151 151.3 151.8 151.2 149.2 143.6 136.9 124.3 119.6 119.6 119.6 119.6 119.6 119.6 119.6 119.6 119.6 119.6 119.6 130.3 140.4 146.4 150 151.4 151.2 149.8 149.2 148.3 148.5 150.1 150.8 152 151.9 151.4 150.9 150.8 151.5
158.9 162.9 165.8 169.6 173.4 177 179.3 179.6 179.2 176.2 171.4 154.7 139.5 139.7 148.1 158.5 166.5 171.7 174.8 177.7 179.5 180.6 180.4 179.2 178 177.4 177.7 178.9 181.1 181.9 183.6 183.1 182.5 178.8 172.2 169.2 167.1 165.9 163.2 161.3 162.8 162.3 161.6 160.3 158.2 154.5 149.1 141.7 129.9 119.6 119.6 119.6 119.6 119.6 119.6 119.6 119.6 119.6 119.6 124.4 136.3 142.6 146 149.5 151.2 151.3 150.5 150.5 150.4 151.6 152.5 153 153.2 152 150.1 147.8 146.6 147.7
155.7 160 162.8 166.5 170.9 173.4 175.7 175.6 173.3 169.5 165.2 147.3 137.5 143 153.2 161.6 166.7 171 173.9 175.9 177.6 177.8 177.4 176.7 175.4 174.5 174.9 177.6 179.4 181.1 182.6 183.1 182.9 180.6 178.5 176.2 175.2 173.2 171.5 170.2 169.5 168.2 166.6 165.4 162.4 158 152 146.7 139.1 130.8 119.6 119.6 119.6 119.6 119.6 119.6 119.6 119.6 119.6 126 134.9 140.8 143.8 147.8 149.3 150.2 151.2 151.6 152.1 153.1 153.3 152.9 151.1 149.4 147.5 143 141 143.2
152.7 156.7 161.3 164.1 168.3 170.7 171.9 171.2 169.3 165.6 160.1 143.4 136 145.4 153.6 160.2 164.8 168 170.4 172.2 173.9 174.4 173.9 173.3 171.6 170.4 172.6 175.7 177.7 179.7 181.5 182.3 182.1 182 181.2 178.7 177.7 176.2 174.7 172.6 172.4 170.2 169 167.1 164.4 160.8 156 150.1 142.1 132.3 119.6 119.6 119.6 119.6 119.6 119.6 119.6 119.6 123.3 131.3 136.5 140.3 143.6 144.8 146.7 148.6 150.4 151.1 150.9 150.6 150.4 148.8 147.4 146.1 144 139.6 135.9 136.9
151.2 154.8 158.5 162.7 165.3 166.9 167.8 167.5 165.7 161.2 156.9 142.7 134.9 142.6 151.2 157.2 161.1 164.6 167.1 169 169.6 169.7 169.7 168.6 167.2 165.5 169.5 173.3 176.1 178.5 180.1 181.1 181.7 181.8 180.7 179.9 178.8 177.4 175.8 173.8 171.3 169.7 168.8 166.7 164.3 160.7 155.5 149.1 141 129.9 119.6 119.6 119.6 119.6 119.6 119.6 119.6 119.6 129.2 134.2 137.5 140.6 142.6 142.8 143.9 145.3 146.6 147.1 147 146.8 145.8 144.7 142.6 140.6 138.7 134.9 132.4 134
149.2 152.8 158.1 162 163.6 164.6 164.8 163.4 160.8 157.1 151 142.1 133.9 138.1 146.9 152.8 156.8 159.6 161.2 163 164.1 164 164.3 164 162.4 163.7 167.6 170.9 173.7 176.3 178.4 179.6 180.3 180.7 180.6 180 179.2 177.9 174.8 172.5 169.8 168.1 166.3 164.2 161.2 157.4 152.2 145.3 136.4 123.1 119.6 119.6 119.6 119.6 119.6 119.6 119.6 119.6 123.3 128 135.6 139.8 141.5 141.5 141 141.4 141.9 141.6 141.5 140.4 138.8 138.4 137.2 134.8 132.3 129.5 130.5 132.2
151.5 154.2 157.7 161.2 162.7 162.7 160.2 158.2 155.8 152.5 146.9 140.7 132.2 133.8 142.3 148.9 151.9 154.2 154.9 156.9 158.3 158.1 157.9 157.7 157.2 160.9 164.8 168.1 171.1 173.4 175.8 177.7 178.6 179.3 179.5 179.1 177.1 176 172.6 169.5 167.3 165.1 162.6 160.2 157.1 153.4 146.5 138.9 125.9 119.6 119.6 119.6 119.6 119.6 119.6 119.6 119.6 119.6 119.6 121.9 135 139.5 141.2 141 138 136.1 136.2 135.5 134.6 132.9 131.5 130.9 129.7 124.1 121.8 119.6 128.9 130.8
157.1 159.6 161.6 162.4 162.4 160.2 156.1 151.6 150.1 147.9 144 138.6 130.9 132.5 139.2 144.3 146.6 148.7 149.7 150.2 151.8 151.7 152.1 152.7 154.6 158.1 162 165 169 171 173.1 175.1 176.8 177.7 177.7 177.3 175.2 173.4 170 166.7 163.2 159.8 157.2 156 152.8 148.7 141.8 128.6 119.6 119.6 119.6 119.6 119.6 119.6 119.6 119.6 119.6 119.6 119.6 122 134.5 139.3 140.7 139.8 136.4 133 129.7 128.7 126.8 123.2 124.5 119.6 119.6 119.6 119.6 125 131.3 133.8
160.7 163.6 165.6 166.5 166.1 163.2 158.7 152.2 144.6 141.6 139.2 136.6 129.4 130.7 136.7 140.8 142.2 143.8 144.1 145.2 147 147.9 148.7 149.9 152.6 156.9 160.3 163.2 167.1 168.9 170.8 172.8 174.4 175.3 175.1 174.3 172.5 170.4 167 163.7 159.3 154 150.7 149.4 146.4 141.7 134.2 119.6 119.6 119.6 119.6 119.6 119.6 119.6 119.6 119.6 119.6 119.6 119.6 128.7 136.1 138.8 138.9 137.3 133.9 129.6 119.6 119.6 119.6 119.6 119.6 119.6 119.6 119.6 124.6 129.3 133.4 136.2
163.2 166.9 169.3 170.5 169.7 166.6 160.9 153 145.1 140.5 136.6 133.2 128.5 128.8 131.4 132.5 134.7 135.8 137.6 139.3 142.3 145.7 148.3 151.1 154.1 157 160.3 162.6 164.9 166.7 168.1 169.3 170.8 172 171.6 170.6 168.8 166.8 163.4 160.3 155.7 148.5 143.5 143 139.7 134.3 124.6 119.6 119.6 119.6 119.6 119.6 119.6 119.6 119.6 119.6 119.6 119.6 122.5 132.5 135.4 136.9 134.6 132.5 128.6 120.7 119.6 119.6 119.6 119.6 119.6 119.6 119.6 119.6 125.5 132.5 135.8 138.3
164.6 169.1 172 173.1 171.7 168.7 163.1 155.3 148.5 142.2 138.2 132.6 128.5 126.8 128.5 133 136.7 139.2 140.7 142.4 146 148.2 151 153.7 156.1 157.7 159.5 161 162.4 163.3 164.7 166.2 167.3 168 167.1 165.4 163.2 161.9 158.8 155.2 152.1 147.1 141 136.6 134 129.6 125.9 124.9 129 124.5 119.6 119.6 119.6 119.6 119.6 119.6 119.6 119.6 121.3 131.3 133.2 131.9 127.5 119.6 119.6 119.6 119.6 119.6 119.6 119.6 119.6 119.6 119.6 125.5 131.8 136.2 138.4 140
166.1 170.5 173.7 174.8 174.2 171.2 167.1 160.9 152.8 145.6 138.7 134.8 129.1 124.6 128.9 135.8 139.6 141.6 144.6 147.2 149.1 150.5 153.3 155.5 156.5 157.6 157.6 158.1 159.5 160 161.1 162.3 163.6 163.4 161.4 159.2 157.6 156.7 155 151.9 149.3 145.2 142.4 138.5 136 133.3 132.8 131.9 130.7 125.7 119.6 119.6 119.6 119.6 119.6 119.6 119.6 119.6 119.6 121.9 121 119.6 119.6 119.6 119.6 119.6 119.6 119.6 119.6 119.6 119.6 119.6 125 131.3 135.3 138.2 140 141.3
168.4 171.8 175.1 176.9 176.6 174.5 170.6 164.1 156.1 149.3 143.2 139.6 132.7 125.2 125.9 134.8 138.7 141.1 144.5 147.5 149.8 152.2 154.3 155.2 155.9 156.4 156.3 156 156.3 156.6 157.8 159.1 159.2 158.4 156.1 154.5 153.1 152.4 150.9 148.7 146.4 143.3 140.9 138.9 137.1 136.6 135.2 132.6 130.5 124.1 119.6 119.6 119.6 119.6 119.6 119.6 119.6 119.6 119.6 119.6 119.6 119.6 119.6 119.6 119.6 119.6 119.6 119.6 119.6 119.6 119.6 127.4 130.8 134.3 137.4 140 140.3 140.2
170.2 173.4 176.4 177.7 177.9 176.8 173.7 167.3 159.2 153.8 149.7 146.3 140.5 128.4 123.1 130.1 135.9 138.6 143.1 146.9 149.1 151.5 153.2 153.8 154.5 155 154.8 154.1 151.7 153.6 155 154.9 154.8 153.6 151.9 148.3 146.6 146 146 145.2 144 141.2 138.2 136.3 135.3 136 135.3 132 128.4 119.6 119.6 119.6 119.6 119.6 119.6 119.6 119.6 119.6 119.6 119.6 119.6 119.6 119.6 119.6 119.6 119.6 119.6 119.6 119.6 119.6 124.6 130.7 133.7 135.6 138.2 139.6 138.9 138.1
170.7 173.9 175.9 177.6 178.3 177.7 175.5 171.1 164.9 160.3 155.7 150.5 146.5 136 124.2 124 131.2 137.7 142 145.8 148.5 150.3 151.5 151.8 151.7 152.4 152.2 151.2 148.9 149.3 151.5 151.9 151.6 149.9 147.3 143.8 141.4 142.7 142.8 142.8 141.3 138.5 135.5 133.7 133.1 132.9 131.4 128.8 119.6 119.6 119.6 119.6 119.6 119.6 119.6 119.6 119.6 119.6 119.6 119.6 119.6 119.6 119.6 119.6 119.6 119.6 119.6 119.6 119.6 119.6 120 130.3 132.1 133.5 132.3 134.5 134.9 134.7
170.4 172.6 174.3 176.5 177.3 177.2 175.6 173.1 168.6 163.7 158.7 154.8 148.8 140.8 126.5 122.7 128.5 135.4 140.3 144.3 147.2 148.9 148.4 148.3 148.1 148.9 148.8 147.4 144.2 147.2 148.9 148.2 147.5 146.6 143.4 140.4 136.1 138.9 140 140 138.9 136.2 133 129.1 125.2 122.1 121.4 119.6 119.6 119.6 119.6 119.6 119.6 119.6 119.6 119.6 119.6 119.6 119.6 119.6 119.6 119.6 119.6 119.6 119.6 119.6 119.6 119.6 119.6 119.6 119.6 121.1 123.4 128.2 124 129.2 129.9 129.5
167.7 169.6 171.6 173.2 174.2 174.9 173.9 172.3 168.4 164.2 159.3 155 147.4 137.2 123.4 121.4 125.9 133.2 138.4 143 146.5 146.5 144.6 143.9 143.2 144 144.4 143.2 141.2 144.4 146.1 145.4 144.4 142.2 139.3 136.6 134.1 134.6 136.8 136.6 136.7 135.1 133.2 130.7 124.6 119.6 119.6 119.6 119.6 119.6 119.6 119.6 119.6 119.6 119.6 119.6 119.6 119.6 119.6 119.6 119.6 119.6 119.6 119.6 119.6 119.6 119.6 119.6 119.6 119.6 119.6 119.6 119.6 119.6 119.6 119.6 119.6 122.9
165 166.5 167.9 169.5 171.1 171.6 171.6 170.3 166.9 163.2 158.9 152.3 143.1 132.2 121 121.4 127.6 134.4 139.7 143.5 145.5 144.3 141.9 139 139.3 140.5 140.3 137.9 138.8 142 143.4 142.6 141.5 140 137 135.2 130.8 128.3 132.7 134.4 135.3 135.3 135 132.7 128.7 121.3 119.6 119.6 119.6 119.6 119.6 119.6 119.6 119.6 119.6 119.6 119.6 119.6 119.6 119.6 119.6 119.6 119.6 119.6 119.6 119.6 119.6 119.6 119.6 119.6 119.6 119.6 119.6 119.6 119.6 124.9 129.7 133.2
160.6 162.1 163.7 165.5 168.5 168.8 169.1 167.9 164.7 160.9 156.5 148.3 139.2 128.4 119.2 121.8 128 134.4 139.4 141.6 142.9 141.5 138.4 135 135.1 135.9 136.1 134.2 136.8 139.4 141.7 141.1 139.9 138.5 135.6 130.9 125.6 119.6 125.7 130.1 133.8 134.9 134.9 133.4 132.1 126.2 119.6 119.6 119.6 119.6 119.6 119.6 119.6 119.6 119.6 119.6 119.6 119.6 119.6 119.6 119.6 119.6 119.6 119.6 119.6 119.6 119.6 119.6 119.6 119.6 119.6 119.6 119.6 123.9 129.7 133 135.4 138.8
154.6 156 158.4 161.2 164.5 165.4 166.1 164.9 161.7 157.6 152.1 144.7 136.1 124.9 117.3 122.2 128.9 133.9 137.2 138.6 138.8 137.4 134.4 130.8 130.1 130.7 131.7 132.4 134.8 138.1 138.9 138.8 138 136.9 134 131.4 128.6 119.6 119.6 128.5 130.6 131.4 132.8 132.7 131 124.6 119.6 119.6 119.6 119.6 119.6 119.6 119.6 119.6 119.6 119.6 119.6 119.6 119.6 119.6 119.6 119.6 119.6 119.6 119.6 122.2 126.3 123 119.6 119.6 119.6 123.3 125.2 130.5 133.1 136.6 140.3 144.2
147.9 149.2 152.3 156.8 159.9 162.6 162.9 162.2 158.7 153.6 147 141.8 132.4 120.7 117.2 123.1 127.7 131.2 133.4 133.8 133.4 131.7 130.2 126.8 127 128.2 129.5 130.7 133.1 136.1 137.7 137.1 136.4 135.5 134.1 132 129.8 125.7 119.6 119.6 119.6 127.4 124.6 124.1 122.8 119.6 119.6 119.6 119.6 119.6 119.6 119.6 119.6 119.6 119.6 119.6 119.6 119.6 119.6 119.6 119.6 119.6 119.6 126.2 127.5 129.2 131.7 132.2 131.2 130.6 132.4 133.6 133.2 135.6 138.4 142 145.6 149.3
141.4 142.9 147.1 152.3 156.9 159.1 160.2 159.7 155.8 147.2 140.6 136.3 128.5 118.4 115.4 122.1 124.7 127.2 128.4 128.4 127.6 125.8 124.1 124.4 125.9 127.2 128.4 130.1 132.3 134.5 136.9 136 135.6 134.5 133.4 131.4 127.8 123.8 119.6 119.6 119.6 119.6 119.6 119.6 119.6 119.6 119.6 119.6 119.6 119.6 119.6 119.6 119.6 119.6 119.6 119.6 119.6 119.6 119.6 119.6 119.6 119.6 128.4 130.4 133.2 134.8 137.2 138.3 139.3 139.3 140.5 141.4 142.3 143.6 146.3 149.7 151.2 154.1
