Assets/StreamingAssets/GeoData/Data/sx/SX56.asc
ncols 200
nrows 200
xllcorner 250000
yllcorner 60000
cellsize 50
[rows 140 to 174 of 200, columns 78 to 155 of 200]
144.7 148.4 151.2 156 160.7 162.8 166.6 170.3 174 177.2 181 183.2 185.5 187.7 188.5 190.3 192 198.7 204.4 209.5 214.8 220.3 226.6 232.3 238.6 244.4 250.5 257.3 263.9 269.7 275.1 279 282.3 284 285.8 287.2 288.3 291.5 302.4 312.3 315.3 314.7 314.2 313.5 294.7 292.7 298.7 288 286.5 284 282.1 280.5 280.3 280.3 270.6 263.6 265.6 260 261.3 259.5 259.7 256.9 255.7 256.3 257.2 251.7 249.8 245 246 248.6 251.6 259.5 271.5 280.2 270.2 251.4 238.2 228.6
160.1 165.2 168.4 171.3 171 171.8 171.5 170.5 172.6 174.6 177 179.1 180.8 183.5 187.5 190.8 195.5 200.6 206 211.1 216.5 222.1 227.6 233.9 240.1 245.9 251.8 258.8 265.6 270.7 275.7 280.1 283.4 284.9 285.7 286.4 288.1 298.9 307.5 314.8 317.1 316.1 313 312.2 310.2 293 299.1 284.4 282.8 281.8 280 278.5 277.5 271 267.6 263.2 259.8 253.7 246.2 249.4 250.5 246.2 233.6 251.7 246 252 244.8 244.2 245.3 246.8 248.6 244.3 259.3 264.6 277.4 267.7 234.2 226.2
162.2 167.5 171.6 175.8 178.9 180.8 181.6 181.2 178.7 177.8 178.4 180.8 184.7 188.2 191.9 195.3 199.5 204 208.4 213.1 218.2 223.5 228.9 235.7 241.3 247.3 253.2 260 266 271.2 276.3 280.7 283.9 285.1 285.2 285 294.6 303.4 315.3 316.2 316.4 315.7 312.8 311.7 311.2 305.1 299.1 281.6 280.7 279.9 278.8 277.4 270.1 268 262.1 248.1 248.2 246.8 241.7 231.5 229.9 228.9 229.2 234.3 251.5 252.2 254.3 253.2 244.3 244.6 242.9 239.5 239.1 250.8 261.1 274.2 262.4 232.2
160.1 165.6 170.8 175.4 179.7 182.6 185.4 186 186.1 185.3 185.3 187 189.5 192.1 195 198.7 202.6 207 211.3 215.5 220.2 225.3 231 237.1 242.5 248.3 254.4 260.8 266.3 271.7 276.3 280.6 283.4 284.6 283.3 291.5 299.5 305.1 306.5 310.5 316.6 308.3 313.1 312.6 310.6 301.3 296 280.3 280.8 279.4 279.3 270.8 265.5 245.1 242.4 234.7 228.7 238.2 227.6 219.2 211.2 216.6 222.9 227.9 249.5 251.5 252.2 252 245.8 243.5 233.9 234.2 233.8 243.8 247 260.8 269.5 258.9
157.1 162.7 168.7 173.5 178.3 182.2 185.4 187.3 188.7 189.3 190.1 191.6 193.2 195.5 198.2 201.7 205.6 209.5 213.6 217.8 222.5 227.3 232.4 238.6 243.9 249.5 255.6 261.7 267.1 271.9 276 280.3 282.8 283 290.9 298.8 304.1 306.3 305.6 306.5 302.8 301.4 300.2 300.1 306.3 300.2 291.5 280.7 280.3 278.6 276.1 268.9 262.7 241.1 239.6 236.4 218.2 215.7 212.8 210.9 211.9 213.6 221.9 225.4 226 236 244 241.9 236.9 237.4 232.9 231.9 231.5 242.8 244.9 250.6 255.7 264.4
153.9 160 166.1 172.1 176.6 180.8 184.2 187.2 189.1 191 192.5 194.3 196 198.4 201.1 204.2 207.6 211.1 215 219 223.7 228.4 233.2 239.5 245.3 250.8 256.8 262.3 267.4 272 276.3 280.1 283.3 289.7 297.2 302 305.9 305.3 305.2 306.7 300.4 290.6 288.3 287.8 286.9 285.3 279.7 276.8 274.1 272.5 274.3 264.6 256.3 249.9 243.5 234.5 216.6 208.7 204.1 203.6 210.2 210.1 210.1 210 212.2 220.1 227.3 232.6 236 235.6 235 231.4 228.8 242.1 243.7 244.8 248.4 253.8
150.9 157.5 163.6 169.7 174.2 178.5 182.4 185.7 188.5 190.9 193.3 195.5 197.6 199.5 202.4 205.4 208.5 211.9 215.8 220.2 224.5 229.3 233.9 239.5 245.5 251.6 256.5 262.5 267.6 272.4 276.3 279.5 284.6 293.5 300.3 304.8 305 303.6 296.3 298.4 299 302.3 302.7 302.3 291.8 285.9 280.1 275.4 272.5 272.5 272.5 268.4 257.9 251.8 242.3 237.8 218.9 203.3 203.1 203.2 204.7 205.4 209.5 206.8 205.4 213 218.1 226.2 231.3 234 233.2 231.6 227.8 238 240.5 251.8 252 243.8
147.9 154.6 161.1 166.8 171.4 175.6 179.6 183.8 186.4 189.6 192.8 195.2 197.7 200.2 202.9 205.6 208.6 211.9 215.3 219.3 223.6 228.3 233 238.2 244.1 251 256.3 262.1 267.5 272.6 276.8 279.6 286.1 295.9 302.6 304.8 303.8 302.5 303.6 303.7 306 303.8 303.7 304.5 303.3 290.9 283.1 277.3 275.1 273.5 270 264 258.7 255.1 235.7 235.7 221.1 202.3 202.7 196.9 195.5 201.8 206.1 204.5 203.8 212.6 215 221.4 223.1 227.5 224.7 229.1 230 239.2 235.7 243.6 234.6 224.4
144 150.6 156.7 162.1 167 171.7 176.3 181.1 184.8 188.4 192.1 195.3 197.4 199.9 202.7 205.3 208.4 211.6 214.9 218.5 222.7 227.2 231.8 236.7 242.4 249.6 255.6 261.8 267.1 272.5 277.5 280.1 285.1 296 302.8 303.8 303.5 300.2 302.8 303.5 302.4 302.7 303.6 304 304.9 295.5 282.4 275.9 267.2 262.8 268.6 269.2 262.1 249.9 227.8 227.1 219.9 202.4 189 185.7 185.7 185.7 194.6 196.1 200.5 200.3 199.2 207.6 215 210.9 220.2 224 224.4 224.3 228.3 229.8 227.7 223
141.8 147.6 153.4 159.5 165.1 170.3 175.3 180.6 185.1 188 191.2 194.4 197.2 199.6 202.2 204.4 207.1 210 213.6 217.1 221.4 225.9 230.5 235.5 241.2 248 254.5 260.8 267.9 273.5 278.2 280.7 283.9 294 300.3 304.5 303.5 303.3 300.4 300.3 299.8 301.5 302.2 304.3 304.2 288 281.5 270.7 260.7 263.7 266.2 266.6 266.7 243.2 229.4 221.1 215.9 197.1 185.7 185.7 185.7 185.7 185.7 185.7 185.7 192.6 192.3 199.2 199.2 201.3 204.9 211.9 215 208.4 218.3 217.6 222.7 219.7
142.1 148.1 154 159.5 165 169.8 175 180.9 184.6 187.6 190.4 193.3 195.6 198.3 200.5 202.7 205.2 208.5 212.1 215.8 220.2 224.7 229.1 234.2 239.7 246.7 252.9 259.9 266.5 272.8 277.7 281.2 281.9 288.7 295.3 299.5 302.4 302.7 301.9 300.4 299.6 301.2 302.6 302.7 298.4 285.2 274 257.8 263.4 279.9 279 269.3 268.5 260.2 246.1 221.5 211.5 195.2 185.7 185.7 185.7 185.7 185.7 185.7 185.7 185.7 190 201.1 204.8 202.7 202.9 202.4 202.7 202.9 208.8 214.8 216.8 218.3
144.9 150.6 156.4 162.1 166.7 171.5 176.1 180.1 184 187 189.7 190.9 193.5 195.6 198.1 200.8 203.2 207 210.5 214.1 218.3 222.6 227.2 232.1 237.5 243.8 250.4 257.3 263.6 270.2 276.1 279.4 280.8 281.8 286.9 293 297.3 300.1 301.3 299.4 300.4 298.5 288.8 287.4 283.7 282.2 274.8 259.7 253.3 267.5 285.6 285.4 271.6 271.8 255.6 249.2 221.3 201.7 185.7 185.7 185.7 185.7 185.7 185.7 185.7 185.7 192.3 218.1 238.5 232.7 216.4 201.8 201.8 202.5 203.1 205.8 214.6 225.6
148.4 153.9 159 164 168.8 173.3 177.5 181.3 183.2 186.3 188 189.4 190.6 191.8 193.7 197.4 200.9 204.7 208.6 212.5 216.5 220.6 224.9 229.6 234.7 241 247.5 253.8 260 266.5 272.8 277.2 279.1 278.2 276.6 283 289.3 294.9 298.1 300.1 298.4 293.3 281.2 268.2 269.6 273 275.1 264.9 248.2 261.8 284.7 280.9 284.2 271.9 258.6 252.4 233.2 210.9 186.5 185.7 185.7 185.7 185.7 185.7 185.7 185.7 197.3 219 245.6 247.6 222 203.4 201.8 202.7 203.1 204.9 208.9 230.1
151.9 156.2 161.7 166.6 171.1 175 178.2 180.9 182.8 184.5 185.7 186.7 187.6 188.3 190.6 194 200.9 202.7 206.9 210.7 214.4 218.4 222.5 227.1 231.6 237.2 242.8 249.2 255.9 262.5 268.4 273 275.9 276.4 274.7 271.9 279 285.3 291.5 295.4 295.8 289 268.4 248.5 246.1 245.2 245.9 250.2 248.4 260.5 277.3 285.2 284.1 276.1 272.8 257.6 250 222.6 212.8 194.8 185.7 185.7 185.7 185.7 185.7 185.9 203 219.8 244.5 243.1 230.9 207.1 205.9 203.1 204.4 214 211.3 223.1
154.9 159.3 163.9 167.8 171.3 174.4 176.7 178.4 179.7 181.2 181.6 181.8 182.3 182.5 185.6 194.4 200.5 200.3 205 209.1 212.8 216.4 220.3 224.6 228.1 232.4 237.6 243 248.9 255.5 261.3 266.5 270.8 273.6 274.5 272.7 270 274.3 281.7 288 293 285 262.8 248.7 238.1 230.8 231.3 239.9 253 268.5 282.3 284.5 283 276.3 277.4 272.1 258.7 243.8 216.8 199.2 191.5 188.8 187 185.7 185.7 198.4 210.3 220.3 241 240.8 231 208.9 213.4 208.5 203.1 216.7 217.9 218.1
155 159.7 163.3 165.9 169.3 171.9 174.3 175.8 176.7 177 177.2 176.5 176.2 177.9 181.5 188.6 192.9 197.7 203.1 207.2 210.9 214 217.5 221.1 224.6 228.2 232.6 237.7 243.2 249.4 255.6 260.3 265.3 269.3 272.5 273 269.9 262.2 271 278 284.4 274.1 256.3 239.4 226.7 226.7 226.7 236.6 244.7 269 285.8 286.1 284.1 279.3 277.7 267.4 269.6 259 244.1 225.2 218.7 211.4 193.4 186 187.3 204 218.9 238.8 241 240.2 224.2 217.5 212.6 211 221.2 217.2 218.6 219.4
152.6 157.3 161.1 164.2 166.9 168.9 170.7 171.6 172.6 172.8 172.5 171.3 172.1 174.8 178.9 182.9 188.5 194.6 198.6 204.2 207.8 210.7 213.6 216.5 219.8 223.4 227.6 232.5 237.8 243.4 248.4 255.1 259.6 264.4 268.4 272.2 270.2 264.5 259.2 267.8 273.5 263 251.4 233.3 226.7 226.7 226.7 233.5 250.9 252.2 277.8 284.2 285.4 284.3 286.4 267.1 266.1 266 262.7 246.5 244.8 239.1 203.9 199.2 204.1 209.6 230.5 243.9 242.9 238.3 223.2 219.7 220.2 222.9 226.5 225.7 225.4 223.9
150.3 154.9 158.7 161.5 163.9 165.9 167.2 168.2 168.5 168.2 167.4 166.2 167.5 171.1 175.1 179.6 186.1 188.4 194.8 199.9 203.3 206.4 209.2 211.4 214.1 217.4 221 225.4 230.4 235.4 240 245.3 250.7 256.8 262.2 268.5 269.1 265.8 261 252.9 255.9 253.3 242.2 240.8 226.7 226.7 226.7 228.4 240.4 254 267.6 272.7 273.4 282.5 286.9 268.4 266.3 265.6 265.2 263.7 253.4 246.2 233.5 234.7 231.6 231.9 233.2 246.7 236.4 232.5 232.5 227.1 225.7 227 230.3 234 238.4 232.1
149.1 152.5 156.2 158.9 160.8 162.9 163.9 164.4 164.2 162.7 161.7 159.8 163.4 167.3 171.5 175.9 180.2 184.4 188.3 194.2 198.4 201.3 203.5 205.7 208.8 212 215.5 218.9 223 227.7 232 236.1 241.8 248 253.2 261 262.8 262.3 259.6 255.8 251.5 249 246.9 238 231.3 230.5 227.6 224.8 231.9 255 265.7 260.4 267.5 272 280.9 267.8 266.4 265.6 265.7 265.8 263.2 256.2 251.5 242.2 236.9 232.1 230.9 228.7 229.9 231.6 233.6 233.8 233.5 235.7 236.6 236.8 236.4 236.2
147.2 150.4 153.8 156.5 158.5 159.8 160.6 160.6 159.2 157.5 154.5 155.9 159.6 163.7 167.5 171.9 176.2 180.6 184.6 187.2 191.4 195.1 197.9 200.7 203.7 207 209.7 212.6 215.9 220.2 225 228.6 232 237.2 241.6 248.8 253.8 255.9 255.5 252.8 251.7 250.3 249.4 244.9 249.1 247.2 227.4 221.1 229 249 265.8 259.9 262.8 270.1 278.1 279.1 265.7 265.8 265.7 265 270.9 273.9 250.7 241.3 237.4 233.2 228.9 228.1 228.4 230.6 230.2 230.6 232.2 233.9 235.1 236.1 236.4 235.2
146.1 149.4 152.8 154.5 156.1 156.9 157.5 156.5 155 153.1 149 152 156.5 160 163.7 167.9 172.3 176.7 181.1 184.9 187.7 190.8 193.8 196 198.6 200.9 203.7 207.4 210.4 213.9 218 221.3 224.3 227.5 232.2 238.3 244.7 248.7 249.7 248.2 247.8 247.5 245.5 246 251.5 244.1 222.8 218.3 226.8 243.6 257.5 260.1 259.9 265.5 267.8 266.9 264.3 264.4 265.3 264 280.9 269.6 244 238.5 235.2 232.3 228.6 227.8 227 225.2 231.7 231 230.9 232.5 235.2 237.1 236.1 233.5
145.9 149 151.2 152.9 153.8 154.2 153.6 152.4 151 148.1 145.8 148.9 152.4 155.9 159.7 164.1 168.2 172.6 176.8 181.5 184.5 187.1 190 191.5 193.6 195.6 199.1 204.5 205.5 209.6 211.3 214.4 218.3 222.2 226.2 229.9 235 239.4 241.8 241.9 243.9 243.9 239.4 236.8 228 223.4 216.4 215.5 223.6 236.8 255.3 264.9 259.5 259.3 259.7 262 265 264.8 266 273.1 281.2 255.3 239.4 236.8 233.2 229.9 227 223 221.8 222.7 223.6 232.5 229.7 232.1 236.6 238.7 236.1 233.1
146.4 147.7 149.4 150.7 151.2 151.5 150.7 148.9 147.1 143.4 140.5 144.8 148.4 152 156 160.6 164.8 169.5 173.8 177.6 181.7 184.2 185.7 187.1 189.3 191.6 193.3 196.6 199.6 202 207.6 209.2 212.7 216.7 219.9 223.4 226.2 229.7 230.9 232.9 234.7 234.2 233.5 232.1 223.1 220.5 211.8 212 215.7 227.4 240.9 255.7 261.6 259.5 259.7 260.1 261.1 265.9 268.6 275.2 255.9 240 237.5 234.5 228.6 224.8 218.7 220.4 219.9 220 223.7 226.7 229.8 232.2 240 241.8 239.1 232
146.1 146.8 146.9 147.7 148.2 148.7 148.1 146.4 142.6 138.8 137 140.7 144.4 149 153.6 157.9 162.7 167.5 171.6 176.1 178.8 180.6 181.7 182.7 184.7 186.5 188.3 191.3 194.4 197.5 199.6 204.8 207.4 210.5 213.5 216.9 218.7 222.1 223.4 225.3 225.2 225.1 225.7 223.9 220.1 212.8 207.8 207.5 209 213.8 224.4 237.4 256.1 259.2 259.9 259.7 265.2 266.6 274.1 258.1 239.6 236.6 234.3 230.5 225.1 219.5 216.6 217.3 218 221.5 223.3 224.8 230.8 231.4 241.7 248.3 242.9 231.1
144.2 144.1 143.8 144.4 145.3 145.8 145.4 143.7 138.6 133.1 132.1 136.3 141 146.6 151.8 157 162.2 166.9 170.9 173.7 175.5 176.7 177.6 178.6 180 181.5 183.4 185.8 188.3 191.4 193.7 197.1 200.8 205.9 207.5 210.8 213.2 214.4 215.7 216.8 217.7 218.4 218 215.3 213 206.4 202.7 202.4 204.5 206.5 209.8 217.9 236.2 256.5 258.3 270 269.1 272.6 260.4 241.6 236.5 234.2 231.9 226.2 218.5 212.7 213.6 215.4 218.9 220.9 222.2 223.4 225.3 229.8 238.5 246.9 239.8 229.9
140.6 140.5 139.3 138.7 140.4 142 142.3 140.2 133.2 126.8 127.6 133.1 139.4 146 151.8 156.7 161.7 166 168.6 170.8 171.9 172.7 173.6 174.5 175.5 177 179 181 183.4 185.9 188 190.6 194 197.8 200.6 203.6 206 207 208.1 208.9 209 208.2 207.5 205.6 203.4 201.5 201.3 200.6 200.3 201 200.3 205.2 217 235.1 256.2 256.1 256.9 256.5 258.2 239.4 233.7 230.9 228.5 223 215.5 209.5 211.1 214.2 216.9 219.1 220.7 221.6 223.4 224.2 230.2 237.6 233.5 227.4
136.7 135.9 134.2 133.7 135.6 137.4 137.5 134.3 124.7 120.9 127.1 132.6 141 145.8 151.8 157.1 161.2 164.4 166.8 167.7 168.1 169 169.3 170.2 171.2 172.6 174.3 176.4 178.5 180.8 182.7 185.3 187.9 191.4 193.8 195.6 197.6 199 200.6 202.2 201.9 201 200.8 198.1 194.8 182.4 179.4 185.3 190.5 194.9 198.1 200.7 206.7 220.2 233.3 254.7 251.9 238.9 242.4 236.8 229.8 225.6 224.6 218.8 211.6 205.3 207.5 212 215 217 218.9 219.3 221.9 222.5 226.7 227.7 224.3 225.5
132.1 131.1 129 129.1 130.8 132.5 133.1 126.2 117 120.3 128.2 133.1 138.8 146.2 152.1 156.8 160.5 162.8 164.2 164.9 165.2 164.8 164.9 165.8 167 168.3 169.8 171.5 173.6 175.4 177 179.3 181.7 184.9 187.2 189.4 191.1 192.6 193.6 195.1 194.8 195.2 194.1 191.1 181.9 170.5 168.4 177.5 182.8 185.2 184.2 194.5 200.1 206.9 216.7 230.1 231.5 230.4 234 232.9 225.4 221.3 216.4 211.4 204.2 200.2 204.4 209.2 212.6 216.2 216.6 218.7 219.4 219.1 220.3 221.4 222.4 219.4
127.6 125.9 124 124.3 126.5 128.2 128.1 119.3 112.8 120.8 129.4 136.7 142 147.2 152 155.7 159.1 161 161.8 162.1 161.8 161.2 160.9 161.4 162.6 164 165.4 167 168.6 170.2 171.8 173.4 175.4 178.1 180.2 182.4 183.9 185.4 186.8 187.9 188.6 188.6 187.1 183.3 173.7 160.5 158 168.1 172.6 175.5 177.4 185.5 193.6 198.8 204.9 213.8 217.6 220.2 223 228.6 222.1 212.6 206.6 201.2 195.6 194.8 202 206.1 208.4 210.7 210.9 213.1 212.6 213.9 218.7 218.2 216.6 214.5
122.8 121.2 118.5 119.2 121.9 123 122.4 109.9 113.8 123.4 133.2 138.5 143.4 147.3 151 154.6 157.1 158.5 159.2 158.7 157.9 156.7 156.3 156.6 158.2 160.1 161.4 162.4 163.8 165.2 166.6 168.2 169.5 171.2 173.2 176.3 178.4 177.2 178.8 181.1 181.6 181.5 180.7 176.8 166.9 148.1 152.6 160.5 163.9 168.1 174.3 179.9 185.6 192.1 198.3 201.5 206 209.9 211.7 212.2 207.2 201.2 196.4 191.1 192.6 194.8 196.6 198.7 201.6 206.6 213.8 206.8 205.1 209.7 211.9 218.6 217.2 212.4
117.4 115.5 110.7 113 115.8 117.6 113.4 103.1 114.9 126 133.6 138.1 142.3 146.2 149.5 152.5 154.5 155.6 156 155.1 153.9 152.6 152 152.6 153.3 154.5 155.7 158.7 159.2 160.3 161.5 162.4 163.2 164.3 166.7 167.1 168.9 170.4 172.5 174.5 175.9 175.7 174.3 170.1 159 137.2 143.7 148.8 156.6 160.1 167.7 173.6 179.6 184.5 189.5 194.6 197.9 199.4 200.1 198.9 197.7 191.2 184 178.3 173.6 181.5 187.8 190.4 194 201.3 209.3 200.5 204 201.7 202.7 208 214.2 210
110.9 108.7 104.1 105.2 106 107.9 101.6 107.8 118.7 126.8 132.3 136.6 140.8 144.9 148.2 150.6 152.6 152.6 152.7 151.6 150 148.4 147.8 148.7 149.6 150.1 151.3 150.1 153.5 154.9 155.7 156.6 157.5 158.1 159.1 160.5 162.8 164.2 166.2 167.8 168.9 168.7 167.6 162.3 144.2 131.7 137.7 144.5 149 156.8 159.6 165.8 172.7 177.7 181.2 184.8 187.4 190 190.9 188.6 185 180.6 174.7 166.8 163.9 172.1 179.2 182.1 187.5 192.8 194.6 189.5 192.5 197.4 182.7 200 204.8 204.3
102.9 101 98 96.5 96.1 95.2 102 111.1 119 125.2 130.6 135 139.9 144 147.3 149.5 150.6 150.7 150 148.2 146.4 144.3 143.4 144.2 144.8 145.7 146.9 148.9 149.3 149.8 150.2 150.9 151.8 152.5 153 154.7 156.6 158.1 158.9 160.1 160.4 160.6 158.4 150.2 131.4 129.6 132.3 137.3 142.2 153.6 151.3 155.8 163.3 169 173 176 178.4 179.3 180.5 178.6 176.1 172.3 163.9 160 155.7 165.9 172.6 174.4 178.1 178.9 174.6 176.6 180.5 174 163.9 188.3 193.4 197.9
92.2 91.4 90.7 89.1 92.7 97.8 104.7 111.1 118.1 124.9 129.7 134.5 139.2 143 146.1 148.4 149 148.7 148.1 146.1 143.1 140.7 139.8 140.4 141 141.5 143.2 144.2 144.7 145 145.4 145.7 146.3 147.1 147.8 148.9 150.4 152 152.7 153 153 152.8 150.4 131.4 122.5 127.2 128.4 134.5 139.4 143.5 147 149.3 152.2 159.7 164.8 167.3 170.1 171.8 172.2 170.8 167.2 162.6 158.1 146.7 145.7 154.5 160.2 165.2 165.2 162.5 163 162.8 164 159.6 165 173.7 183.1 196.1
84.5 84.3 85.9 90.2 94.5 99.7 106.3 113.4 119.6 125 129.7 134.4 138.3 142.1 144.9 147.1 147.6 147.1 146.5 143.8 140.6 137.6 136.6 136.7 137.4 137.9 138.4 139.4 139.9 140.2 140.5 140.8 141.1 141.5 142.4 143.2 144.4 146 147 147.3 149.8 149.8 137.7 115.8 119.7 126.1 126.1 128.3 133.8 140.3 142.4 144.6 148.4 154.2 158 160.2 163 163.3 162.3 160.6 157.1 152.3 147.4 141.5 143 146 149 153 158.3 153.4 155.9 155.6 154.3 159.8 169.5 177.9 187.1 197.2
