Assets/StreamingAssets/GeoData/Data/sx/SX58.asc
ncols 200
nrows 200
xllcorner 250000
yllcorner 80000
cellsize 50
[rows 105 to 139 of 200, columns 0 to 77 of 200]
239.6 238.7 237.7 236.8 235.6 233.9 232.1 230.4 229.9 228.9 227.3 225.6 222.6 210.9 186.7 202.6 219 219.9 221.5 220.4 220.5 219.8 218.4 216.4 200.7 215.4 213.4 217.3 218.1 221.1 224.2 226.9 230 233.1 236.7 238.9 241 242.4 244.1 247.7 250.2 255.8 260 263.9 268.5 272.9 276.3 276.4 276.5 277.4 279.2 279.4 277.2 271.4 260.7 245.1 248.1 250.5 252 254.9 258.1 261.7 266.8 271.5 276 281 286.7 292.5 298 304.6 311.9 318.5 326 332.4 339.1 345.9 352.7 360.5
237.5 236.7 235.7 234.9 233.3 231.4 229.5 226.5 225 224.6 224.3 223.4 220.6 215.5 185.5 198.8 212.3 216 217.7 216.5 216.2 212.3 199.8 207.2 190 195.4 200.5 202.8 208.9 214.5 218.4 221.1 226.5 230.1 234.3 236.7 238.4 239.6 240.8 243.8 249.1 252.8 256.7 260.8 265.6 270 271.2 270.2 268.9 268.5 269 270.4 269.3 262.3 249.1 245.7 249.6 255.5 258.7 256.5 258.1 261.5 267.4 271.8 276.5 281.9 287.4 293.3 300.1 307.1 314.1 320.5 326.8 333.3 339.5 345.7 352.2 358.4
235.9 234.3 233.7 232.5 230.1 228.4 226.5 224.1 220.2 220.9 221.3 220.9 220 217.7 198.4 176.2 200.5 206.8 209.4 210.4 204.8 188.8 199.7 197 205.5 213.6 216.3 204.5 201.8 203.2 206.2 208.7 211.5 224 228.9 232.1 234.7 235.5 236.8 240.4 245 249.3 253.3 257.1 260.1 263.6 263.7 262.6 261.4 261.7 262.7 263.9 259.5 249.3 243.8 245 255.9 262.1 266.8 268.9 267.4 273 271.5 272.1 276.7 282.5 287.8 293.8 300.8 307.8 314.5 321.6 327.2 334.1 340.3 346.5 352.1 357.6
233.7 231.8 230.4 229 226.7 225.5 223.4 221.6 218.7 214.7 217.6 218.5 217.8 216.4 201.2 171.7 186 189.9 196.4 186.1 199.8 208.2 208.2 213.6 216.2 216.6 217.8 214.2 205.6 198.3 202.4 210.9 206.7 205.3 214.1 225.3 229.6 228.3 228.5 233.7 239.8 244.1 249.1 252.5 255.8 257.8 258.8 257.6 255.5 255.2 255.2 256.1 250.2 243.5 242.7 245.8 261.3 267.2 272.6 276.2 280.9 285.1 288.4 286 277.1 281.3 288.7 294.6 301.1 306.7 314 320.8 327.6 334.5 340.9 346.3 351.9 357.1
228.9 227.7 226.2 224.7 223.1 222.3 221 219.2 216.8 211.3 214 216.1 215.7 214.6 204.2 167.9 192.2 201.1 199.3 206.9 210 211.6 211.6 212.9 215.6 217.1 218.7 218.9 218.3 211.7 205.1 219.1 221.7 218.8 219.2 218 218.6 220.1 220.8 222.9 230.3 238 242.7 246.3 250.6 253.1 251.4 244.3 242.8 241.1 242.6 243.8 241.9 241.9 243.6 259.9 266.9 272.3 278.3 283.8 288.9 292.7 295.8 296.2 296.5 295.2 290.9 293.2 299.2 307.2 314 321 329.4 333.8 338.4 346 352.3 356.3
221.3 221.5 221.4 220.7 220 219.4 218.3 216.7 215.3 210 208.1 212 213.8 213 192.1 169 199.2 204.7 206.4 209.3 212.7 214.1 215.2 215.2 216.7 218.3 219.3 220.2 221.1 221.2 206.3 220.5 224.2 225.3 225.8 226.6 225.3 219.8 219.2 221.1 224.5 225.7 228.7 231.1 238.3 242.1 234.2 237 236.7 238.3 238.3 241.2 244.6 242.6 248.5 264.3 271.5 278.9 284 289.8 294.6 298.9 302.2 303.9 306.3 311.3 316.3 319.2 318.2 318.3 320.3 325.3 332.3 337.2 343.3 348.6 353.6 356.6
215.7 216.8 217.3 217.6 217 216.4 215.7 214.7 213.4 211.6 202 206.5 210.3 210.4 180.6 173.5 201.5 204.7 207.7 211.4 213.9 215.1 216.4 217.6 217.9 219.2 220.5 221.6 222.4 222.3 211.1 223.1 226 227.3 229.3 229.6 228.7 228.7 228.8 228.4 232.8 235 236.2 236.4 237.9 239.5 241.8 246.1 245.7 245.7 246.6 249.5 252.8 255 260.4 268.3 276.8 283.1 289.6 294.8 299.4 303.9 307.2 310.2 315.3 320.9 325.6 328 330.6 331.1 330.5 333 335.2 340.9 345.6 349.5 354.9 360.5
210.1 211.5 213.4 214.3 213.6 212.9 211.6 211.5 211 209.9 208.8 190.8 204.6 200.9 172.9 184 197.1 199.5 203.1 209.9 214.7 215.9 217.2 218.4 219.5 220.6 221.6 222.5 223.4 223.4 212.1 223.2 227.7 229.5 231.9 234 233.6 233.9 234.2 234.8 239.9 242.3 244.8 246.4 249 252 255.3 256.5 256.2 258.3 259.5 261.5 262.3 263 267.7 273.7 281.1 287.2 293.5 299.1 303.8 309.1 312.7 317.7 323.3 330 333.6 335.1 337 338.2 338.5 340.1 342.1 344.7 348.1 351.8 355.8 361
204.6 206.9 209.2 211.7 211.2 210.5 205 206.8 209.7 209.8 207.8 198.4 192.3 187.2 166.2 185.4 189.4 194 200.6 208.1 214 216.5 217.7 218.9 220.3 221.7 222.9 223.6 224.5 222 212.9 220.5 227.6 230.8 233.8 236.4 237.5 239.5 240.5 241.5 242.7 247.1 252.4 255.3 259 262.2 264.9 266.7 267.8 270 271.4 272.3 272.4 271.8 275.2 279.9 286.1 291.4 297.2 303.2 308.8 314.1 318.2 324.1 331 336.5 340.4 343.9 345.5 345.3 345.6 346.5 347.6 348.9 351.4 355.2 358.7 363.3
197.4 204.1 208.1 209.9 209.8 209.2 201 198.7 207.2 191.3 189 164.3 167.8 164.4 177.7 198.9 193.7 197 198.2 210.4 213.3 217.5 218.9 220.5 222 223.2 224.5 225.1 225.6 221.8 215.1 218.3 227.2 231.5 234.9 238.5 240.8 243.2 245.5 248 250.9 254.6 257 260.9 265.3 268.9 272.1 274.6 276.2 278.5 280.4 281.5 281 280.5 282.2 287 291.4 296.3 301.7 307.9 313.7 319.1 324.3 331.5 338.2 342.6 347.9 351.4 352 352.3 352.2 353 354 354.4 356.5 359.2 362.7 368
196.8 202 206.2 208 208 207.5 205.5 194.2 185.7 168.3 168 184.3 192.9 191.8 193.9 203.6 207.5 208.1 206.6 211.1 217.3 219 220.4 221.9 223.9 224.9 226.1 226.6 227 223.8 218.6 217.3 227 231.9 235.3 239.6 242.7 246.1 248.4 251.3 255.2 259.1 262.5 266.2 270.3 273.7 277.3 280 282.1 284.1 286.6 289.2 289.8 289.3 289.5 294.1 298.1 302.2 307.3 312.7 318.5 324.7 331.8 338.5 343.6 348.8 353.4 357 359 359.3 359 359.5 359.7 360.4 361.6 364.1 367.8 371.8
197.5 201.4 204.1 205.9 206.5 205.6 204.8 205.5 187.5 163.9 186.8 202.5 206.5 208.1 207 207.5 211 214.1 214.5 216.7 218.6 220.3 221.9 223.4 225.6 227.2 228.1 228.4 228.9 226.6 221.4 220.5 223.8 229.7 236.1 241.4 244.2 248.2 252.2 257.3 261.3 264.4 268 271.3 274.6 278 281.2 283.8 286 289.2 292.7 296 297.5 297.6 297.3 301 304.8 308.9 313.1 318.2 325.1 331 337 343 348.1 353.5 358.6 362.9 365.2 365.8 366.2 365.6 365.4 365.4 365.9 367.7 370 373.6
197.6 200.6 202.5 204.3 205.1 203.7 201.8 203.6 174 165.2 188.9 201.8 207 208.9 209.9 211.3 213.1 215.2 217 218.6 220 221.7 223.4 225.8 228.2 229.9 230.6 230.7 231 230.3 225.3 223.7 225.7 229.2 235 240.7 247.4 252.2 257.2 261.9 265.3 268.5 271.8 274.7 278 281.6 284.5 287 289.7 294 299 302.8 304.9 305.5 305 308 311.7 315.7 320.1 325.1 330.8 336.7 342.6 348.6 354.2 359.9 364.2 368.1 370.9 372.7 372.3 371 369.5 369 369 369.9 371.7 373.9
197.7 198.5 202 203.8 204 204.6 200.3 197.6 188.5 157.2 198.8 203.5 207 209.5 211.5 212.9 214.8 216.6 218.6 220.3 221.9 224 226.5 228.8 230.7 232.4 233.2 233.2 233.6 232.4 229.4 227.8 227.5 230.5 235.1 242.2 249.9 255.2 260.5 265.6 268.7 271.1 274.6 277.7 280.7 284.3 287.6 291.1 295.6 301.1 305.6 309.4 311.4 313.6 313.9 316.3 319.8 323.4 327.9 332.8 338.2 343.5 349 355.5 360.3 365.6 371.7 374.5 376.8 378.1 377.5 375.6 373.2 371.5 370.5 370.2 371.4 372.6
194.5 195.5 199.5 201.6 202.9 203.8 202.7 189.9 168.7 157.9 182.1 198.7 206.4 210.5 212.7 214.7 216.4 218.5 220.4 222.4 224.3 226.5 229.4 231.8 233.5 235.2 236.2 236.7 236.8 236.8 234.4 233.3 236.2 239.5 239.6 243.1 250.7 258 263.8 268.8 271.1 273 276.3 280.2 283.7 287.3 292.3 296.6 301.6 306.1 311.5 315.9 318.5 320.9 322.1 323.7 326.6 331 335 339.5 344 349.7 355.8 360.4 365.9 372.7 377.3 379.8 382.2 382.9 381.6 378.9 375.3 372.1 370.7 369.1 369.3 370
188.8 193.1 198.2 201.4 203 204 200.3 171.6 153.9 178.7 201.9 204.8 208.7 211.4 213.9 216 218.1 220.4 222.6 224.5 226.5 229.1 232 234.9 236.6 238.4 239.3 239.8 240.2 240.2 238.9 238.9 242 245.7 248.4 251 254.1 259.2 265.6 269.6 271.9 274.8 277.3 281.4 286 291.5 297.3 302.2 306.5 311.5 317.5 321.2 324.3 326.8 328.6 331.1 334 337.9 341.7 346.1 350.4 354.8 361.8 366.2 372.4 378.8 381.8 384.4 385.7 386.1 383.9 380.5 376.2 372.4 370.1 367.7 366.7 366.8
188.9 196.2 200.3 202.2 202.7 196 168.8 141.7 162.6 187.2 201 206.4 209.1 211.7 214.9 217.4 219.1 221.2 224 226.8 229.2 232.2 235.2 238.1 239.7 241.5 242.2 243 243.8 244.3 243.6 243.3 247.2 251.1 253.9 258 257.5 259.8 263.1 267.6 271.8 275.4 279.9 284.4 289 294.9 301 306.4 311.6 316.9 321.8 326 328.9 331.5 334 336.9 340 343.4 347.6 352 356 360.9 365.5 372.6 377.8 383 387.4 388.4 388.5 387.6 385.2 380.6 376.1 371.9 368.4 365.5 363.4 363.6
194.3 198.7 200.7 201.9 201.8 184.1 138.7 159.5 186.5 202.9 205.5 207.8 210.2 212.5 215.4 218.6 220.7 223.9 226.6 229.3 232.7 235.4 238.3 241.3 243 244.5 245.5 247.2 248.7 250 250.3 249 251.5 256.5 259.8 261.4 262.5 261.8 263 266.9 271.3 276.6 282.6 287.9 292.8 298.7 304.5 309.3 314.8 320.3 325.5 329.3 332.7 335.3 338.5 341.3 344.2 347.3 351.6 356.3 360 363.7 368.2 376.8 382.1 387.3 389.6 390.7 389.9 387.9 384.8 380.3 375.6 370.6 366.3 362.8 359.9 360
196.4 199.2 200.5 201.3 201.4 170.4 144.9 176.5 201.7 206.1 206.7 209.3 211.7 214.5 217.4 220.3 223.3 226.5 229.5 232.2 236.1 239.4 241.9 244.4 246.6 248.9 252 255.3 255.8 256.1 254.8 253.3 256.2 259.6 262.3 262.5 265 265 265.8 267.6 271.5 279.2 285.1 290.6 295.9 301.1 306.3 310.9 316.3 321.5 326.8 331.4 335 338.5 342.2 345.3 347.8 350.5 354.3 357.4 361.1 365 370.8 378.8 383.7 388.4 390 390.5 389.4 387 384 379.3 374.1 368.9 364.2 360.2 356.1 357.1
197 198.8 199.8 200.9 196.8 175.1 143.2 173.5 194 205.2 208.1 211 213.6 216.5 219.8 223 225.8 228.9 232.3 235.3 239.4 243.7 246.5 248.8 251.7 254.6 257.1 259.4 259.7 258.5 257.7 257.1 258.4 261.1 263.1 265.7 267.3 268.1 270.2 272.6 273.1 277.6 285.6 292.2 297.2 302.8 308.1 312.3 317.5 322.8 327.9 332.1 336.1 340.4 344.1 347.5 350.3 352.8 355.5 358.5 362.3 366.1 371.9 379 384 387.4 388.8 388.5 386.9 384.8 382.4 377.2 372.2 367.2 362.2 357.1 353.2 353.7
185.5 196.7 198.9 198.9 190.8 172.2 136.7 170.7 197.6 205.3 209 212.7 215.6 218.9 222.5 226.2 228.6 231.1 234.8 239.8 244.2 247.9 250.5 253.2 255.7 257.5 259.9 261.4 261.5 260.2 259.6 260.4 261.4 263.6 266.2 268.6 270.1 272.7 275.1 277.9 278.6 279.8 282.8 289.8 297.7 303.3 308.4 313.4 318.2 322.8 327.4 331.7 336 340.4 344.5 348.1 351 353.7 356.2 358.7 362 365.7 370.3 376.2 381.3 384.9 386.1 385.7 384.4 381.8 378.6 374.7 370.1 364.1 359.3 353.4 350.9 355.4
169.7 189.8 199.2 191.1 171.2 146.4 148.7 177.7 202.8 207.2 212.1 215.1 218 221.9 225.1 228.2 231.7 235 241.7 246.2 248.8 253.8 257.5 257 257 257.8 259 259.9 260.8 260.9 261.3 262.8 264.8 266.9 268.8 271.7 274.3 277.4 280.6 283.3 285.2 284.6 284.4 287.7 294.3 302.2 307.9 312.8 317.5 322 326.6 331.3 335.5 340.1 344.8 348.4 351 353.4 355.9 358.5 361.3 364.9 368.4 371.7 377.1 380.5 381.5 381.4 379.2 376.5 374.5 370.8 366 360 355.3 349.6 349.7 355.5
155.9 177.7 194.7 182.3 134.3 145.7 172.6 200 205 211 214.3 216.5 220.5 224.6 227.8 230.8 234.3 239.5 246.1 249.7 257.1 261.2 258.7 256.8 255.7 255.9 257.3 258.5 259.6 260.9 262.8 266.2 269 270.8 273.1 275.9 278.7 282.3 285.7 288.6 290.3 291.1 291.7 292 294.1 300.1 306.7 312 316.6 321.3 325.9 330.5 335.2 340.2 344.7 348 350.7 353 355.6 358.2 360.8 364 365.8 368.4 370.1 373.1 374.4 374.6 373.1 370.5 367.5 364.4 359.9 355.6 351.1 347.2 350.9 354.8
131.1 151.4 167.1 158.9 135.5 167.6 195 203.2 208.5 213.2 215.8 218.6 223 227.1 230.7 233 238.9 247.4 249.8 252.6 255 256.1 255 253.9 253.6 254.1 255 255.9 257.8 261.2 265 268.5 272 274.8 277.5 280.4 282.9 286.5 290 293.3 296.1 297.9 298.4 298.1 298.2 301.1 306.9 312.1 316.8 321.4 326 330.9 336.1 340.8 344.5 347.6 350.3 352.6 355.2 357.3 359 360.7 363.4 364.8 365.8 366.2 365.9 366.1 364.5 362.8 360.5 358.3 355 350.9 347.3 344.4 349.6 353.8
134.9 126.2 138 141.9 151.7 183 200.4 206.1 210.8 215.6 218.6 222.3 226.4 229.6 232.8 237.6 246 248.5 249.7 250.6 251.4 251.6 251.2 250.4 249.9 249.4 251.4 254.7 258.1 262.7 266.6 270.8 274.4 277.9 281.3 284.4 286.4 290 293.5 297 300.6 302.9 303.6 304.2 304.3 304.5 307.4 312.7 317.4 322 326.6 331.5 336.3 340.2 343.8 346.5 349.5 351.7 353.3 355 356.6 357.9 359 360.6 360.9 361.1 360.6 359.2 358 356.1 353.9 352.1 349.5 345.5 341.4 343.6 348.6 353.6
168 144.6 145.8 149.3 176.7 198.1 203.6 207.5 212.8 217.4 221.9 224.8 227.6 231.4 235.2 241.7 247.7 248.1 246.9 246.6 246.7 246.8 246.8 245.8 244.3 246.6 250.9 254.7 258.8 264.6 269.6 273.9 277.7 281.3 284.6 287.5 290 293.5 297.1 300.6 304.1 306.8 307.9 308.7 309.1 309.4 309.6 313.4 318.1 322.6 327.3 331.9 335.6 339.5 342.9 344.9 347.8 349.7 351.4 352.5 353.5 354.4 355.3 355.9 356.4 355.7 355.2 352.9 351.2 349.3 347 345.6 342.8 338.8 336.3 342.7 348.4 353.9
193 189.2 192.1 189.1 195.4 201.8 206.4 210.5 215.6 220.8 223.2 225.9 228.7 232.5 237.8 242.9 244.4 243.2 242.8 243 242.6 242 240.9 240.4 241 245.7 250.3 255.3 262 267.7 272.5 276.8 281 284.6 288 290.8 293.7 297.2 300.7 304.3 307.9 310.8 312.4 312.8 313.6 314.4 314.9 315.4 319.7 323.5 328.3 332 335.2 338.8 341.9 343.8 346.1 347.6 348.5 349.5 350.4 351.3 351.4 350.7 351.5 350.7 349.3 347.5 345.1 343.4 340.5 338.9 334.6 332.9 336.4 341.7 347.8 352.9
200.3 192.9 185.1 196.3 198.2 202.9 210.3 212.1 217.1 221.7 224.1 227 229.3 232.3 236.9 238.1 238.6 238.4 238.4 237.8 237.6 236 235.5 236.1 241.9 246.2 251.8 257.5 264.7 270.7 274.9 279.1 283.7 288 291.9 295.1 298.6 301.4 304.6 308.1 311.8 314.5 315.7 316.4 317.2 318 318.9 319.7 321.3 324.9 328.7 332.2 335.7 338.5 340.9 342.6 343.9 344.5 345.5 346.5 347.4 347.8 347.5 346.7 346.5 345.4 343.6 342.2 340.3 337.5 334.3 330.9 324.7 326.7 334.7 340.5 346.2 351.2
202.5 195.7 186.2 196.3 199 203.3 207.3 213.2 217.6 221 224.6 226.5 228.4 230.2 232.2 233.1 233.7 233.6 232.5 231.4 231.2 230.8 231.9 236.5 242 247 253.7 260.6 267.7 273.3 277.8 282.9 288.4 291.7 295.1 298.8 301.4 305 308.5 311.9 315 318.1 319.3 320.1 320.9 321.7 322.5 323.3 323.7 326.4 329 332.5 335.2 337.3 339.4 340.6 341.6 341.7 342.5 343.4 344 343.6 343.4 341.9 341 339.4 337.9 336.4 334.8 331.8 327.4 322.3 320.1 328.3 334.2 338.5 343.9 348.9
204.9 198.3 193.8 187.3 197.8 202.8 206.9 212.6 216.3 219.8 222.7 223.5 225.8 226.7 227.4 228.3 227.6 225.3 224.1 224.3 225.7 227.9 231.6 236.7 241.8 248.8 255.3 263.7 269.9 276.4 281 287.3 291.3 294.6 298.2 301.4 304 307.7 311.1 314.4 317.7 321.3 323.1 323.8 324.6 325.4 326.2 326.7 327.1 328.3 329.7 332.9 334.4 335.9 337.7 338.5 339.4 339.4 339.5 340.4 340.3 339.8 338.3 336.4 334.6 333.3 333.2 330.8 328.4 326.3 321 318.6 320.3 327.7 333 337 341.6 346.6
210.6 200.9 195.8 194.9 189.7 197 206.6 209.7 214 215.5 217.1 219.8 222.2 221.8 221.7 220.7 219.1 217.9 219.9 221.5 224.1 226.8 230.3 236 242.4 248.8 256.8 264.9 271.6 278.2 283.9 289.3 293.1 296.5 299.8 303 306.3 309.7 313.2 317.3 320.9 324.5 326.8 327.5 328.3 329.1 329.7 330.1 330 330 331.1 332.2 333.7 335 335.7 336.7 337.1 337.1 337.1 336.8 335.9 334.9 333.9 332.5 331.6 327.9 327 324.5 323.2 320.8 313.3 314.3 320.5 326 330.4 334.8 339.3 344.3
215.7 203.9 199.3 196.2 196 196.2 206.2 198 205 208.8 213.2 215 215.1 213.4 213 212.9 214.4 216.6 217.9 218.5 220.5 223.1 226.4 232.9 239.6 246.7 254.9 264.7 273 279.6 285.5 289.9 294.2 297.6 300.7 303.6 307.5 311.2 314.6 319.4 323.9 327.7 330.5 331.3 332 332.7 332.6 332.4 332.2 331.7 331.6 332.1 332.4 332.9 333.5 333.8 333.8 333.7 333.5 333.1 332.6 331.6 330.6 328.2 325.8 323.1 320.9 318.8 316.6 313 310.3 313.5 320 324.3 328 332.4 337.2 341.7
222.3 210.7 202.8 199.5 197.9 200.9 204.8 203.9 200.8 199.7 199.4 200.5 202.3 205 206.9 208.7 211.5 215.5 223.5 228.4 231.6 234.3 235.4 237.6 235.7 243 255 264.6 273.4 280.7 285.6 290.2 294.4 297.8 300.5 304.3 308.6 312.5 316.1 321.2 325.9 330.5 333.8 335.3 335.6 335.6 335 334.7 334.2 332.8 331.9 331.6 331.2 331.2 331 330.7 330.4 330 329.6 329.1 328.9 328.1 326.9 324.2 321.3 318.1 315.5 313 310.4 307.8 307.7 313.5 318.8 322.9 325.6 330.4 335.1 339
230.5 221.2 208.5 202.2 201.2 203 208.5 210.3 209.3 209.1 210.4 207.8 207.8 211.3 215.5 217.5 220.4 224.4 229.1 233.5 236.7 239.1 240.2 242.4 243.5 242.9 246.8 260.8 273.2 279.8 285.5 290.2 293.1 297 300.1 304.4 308.7 313.1 317.8 323.2 328.6 333.6 337.3 339.2 339.4 339.1 338.4 336.9 335.4 333.6 331.7 330.7 329.7 328.9 328.4 326.9 326.4 325.9 325.4 325.2 325.6 325 323.7 321 317.6 314.3 311 308.1 306.4 305.2 306.7 313.2 317.7 321.1 324.4 328.6 332.7 336.6
242.3 233.1 216.8 205.5 203.4 206 209.9 212.3 211.7 212 212.2 211.7 214.7 215 214.8 219.7 223.1 228.2 232.9 237.2 241.3 244.1 247.4 249.9 251.4 252.4 253.3 253 263.6 276.2 282.3 287.9 291 295.6 299.9 304.8 309.8 314.1 319.8 326.2 332.5 338.3 342.1 343 343.7 343 341.3 339.3 336.5 333.9 331.7 328.8 326.9 325.6 324.7 322.5 322.9 322.2 321.9 321.9 322.3 321.7 320 317.4 314.1 310.8 307.6 304.5 302.7 302.7 307 311.9 316 319.5 323.1 326.4 330.3 334.1
