Assets/StreamingAssets/GeoData/Data/sx/SX68.asc
ncols 200
nrows 200
xllcorner 260000
yllcorner 80000
cellsize 50
[rows 35 to 69 of 200, columns 0 to 77 of 200]
521.9 518.3 515.6 513.1 513.2 512.7 513.1 511.6 507.2 499.6 490.5 494.8 501.3 505.1 506.7 507.6 508 507.3 505.4 503 500.9 499 496 490.6 476.7 460.8 454 457.5 469.9 480.8 489.2 495.9 499.6 501 500.9 499.5 498.7 496.8 494.7 493.1 490.8 486.1 473.3 482.4 488 493.1 496.8 499.9 501.5 501.9 500.1 497.5 494.4 489.9 483.6 478.3 472.2 466 461 457.7 456.5 455.8 455.6 456.6 455.7 452.5 449.2 447.6 446 444.1 440 435.6 429.3 414.3 404.2 403.2 401.7 401
527.2 523.9 522.1 521.4 521.9 521.3 522 520.4 515 506.1 496 500.2 505.9 508.5 510.4 511.4 511.2 510 507.8 503.9 501 499.1 495.3 488.8 474.8 454 457.3 465.1 475.1 484.6 492.7 498.8 501.7 502.2 501.3 498.6 497.1 494.6 492.4 490.2 488.2 484.3 483.2 487.8 492.3 495.9 499.3 501.7 503 502.7 500.8 498.5 495 490.5 484 478.4 472.3 467.1 462.3 458.6 457.1 456.6 459.8 459.7 457.1 452.8 450.1 447.8 446 443.8 440.5 436.6 430.9 422.7 411.7 400.5 398 396.4
532.1 530.3 529.7 529 528.8 529.6 529.7 527.8 523.4 511.3 500.7 503.5 509 512.4 514 514.6 514.1 512.7 509.3 505.4 501.4 497.8 493.6 486.7 473.2 457.6 458 471.5 480.2 487.8 494.8 500.9 503 502.7 501 498.2 495.1 492.9 490.5 487.8 485.6 484.5 490.2 491.9 496 499 501.8 504.3 504.9 503.7 502.1 499.2 495.2 489.9 483.8 478.2 472.5 466.5 462.6 459.2 458.7 460.5 462.4 461.8 458.3 453.9 451 448.6 446.5 444.3 441.5 437.2 432.5 426.6 421.1 412.9 398 393.7
537.5 536.8 536.5 535.9 537.1 537.8 537.2 535.4 530.8 518.9 504.9 505.2 511.3 515.1 516.5 517 516.2 514.1 510.6 506.4 500.7 496.2 491.1 482.1 470.5 458.8 460.5 475.6 484.7 491.6 497.1 502.7 504.1 503 500.9 497.7 493.8 490.8 488.6 488.2 488.7 490.7 493.9 497.3 499.7 502.6 504.7 506.8 506.9 505.2 502.9 499.5 495.2 489.4 483.1 477.4 470.9 464.9 462.5 460.4 460.4 463.6 464 463.5 461 456.1 452.5 449.7 447.2 445.1 443 439.6 435 430.5 425.2 419.6 411.3 393
542.5 542.6 542.6 543.6 544.2 544.4 543.6 541.8 537.4 527.4 512.2 507.9 512 517.7 518.7 518.8 517.4 514.9 511.7 506.7 501.4 493.2 486.2 474.2 463.1 459.5 466.4 479.8 488.5 494.6 499.2 503.2 504.1 502.6 500.6 497.6 492.6 489.4 489 490.4 493.2 495.1 498.8 501.8 504.3 506.4 508 509.1 508.7 506.8 503.7 499.5 494.5 488.7 482.4 475.7 469.8 464.3 461.7 460.8 462.9 464.5 465.3 464.5 462.1 458.7 454.7 451 448.2 446.3 444 441.1 437.3 432.7 428.4 422.6 416.2 406.2
546.6 547.1 547.7 549.1 549.9 549.9 549.8 547.4 543.5 535.6 520.3 510.5 512.8 519.4 519.8 519.9 517.9 515.2 511.9 506.9 500.1 491.5 477.7 465.6 460.8 463.1 472.9 483.6 491.8 497.3 501.2 502.9 503.3 501.8 499.9 496.1 490.9 490.5 491.3 492.6 494.1 498.3 502.3 505.5 508.1 510.2 511.9 512.1 511.1 508.6 504 499.3 492.9 486.8 480.4 473.5 467.6 463.1 460.8 461.2 462.8 464.2 465.5 465.3 462.5 458.9 455.4 452.1 449.6 447.2 445 441.9 438.6 433.9 428.9 423.5 417.5 407.8
549.7 550.3 552.1 553.8 554.7 554.9 554.2 552.1 549 542.9 533.2 519.6 514.9 520.5 520.9 520 517.9 515 511.4 505.9 498 484.4 467.5 462 461.7 468.4 482.4 490.7 496.4 500.4 502.2 502.4 502.3 501.1 498.4 494.4 490.9 491.2 492.4 494.8 498.4 501.3 505.5 509.1 511.7 514.1 515.7 514.8 513.3 510.1 504.8 498.4 491.8 485.3 478 471.3 465 461.1 459 459.6 462.1 463.2 464.3 464.4 461.3 458.4 455.3 451.6 449.4 447.6 445.4 442.3 438.7 434.2 429.1 423.2 416.1 405.9
552.2 553.7 555.7 557.5 558.7 559.1 558.5 556.4 553 547.8 540.8 532.6 519.8 521 521.2 519.9 517.3 514.3 509.8 504 493.5 471.3 464.3 464.5 470.8 476.9 490.3 498.9 502.9 504.6 504.4 503.6 501.6 499 497.3 493.4 491.8 493.6 493.9 496.3 501.1 503 508.1 512.1 515.3 517.6 518.7 517.8 515.1 510.8 505.3 498.9 490.6 483.9 476.4 468.3 462.1 458.4 456.9 458.4 460.5 461.2 462.3 461.9 459.5 456.8 453.8 451.3 448.9 447 444.8 441.8 438.2 433.4 428 421.1 412.9 402.9
554.8 556.1 557.3 559.7 561.2 562.2 561.6 559.2 555.9 552 546.2 539 528.2 522.8 521.6 519.1 516.1 513 508 500.3 482.8 469.3 473 477.7 486.9 492.2 500 505.8 508.6 509.7 507.7 504.2 500.5 497.6 495.8 492.9 493 495.9 497.4 500.2 502.7 505.1 510.8 514.8 518.2 520.8 521.4 519.8 516.2 511.2 505.2 497.8 490.2 482.8 474.9 465.5 458.4 456 455.3 457 458.4 459.4 459.5 458.5 457.1 454.5 451.9 449.8 447.9 445.9 443.8 440.8 437.4 431.3 424.5 417.2 409.3 399.4
556.3 558 560.2 562 563.7 564.4 563.4 561.2 558 553.9 549 542.4 534.1 526 520.7 517.7 514.2 510.6 504.5 493.4 474.7 476.8 483.3 487.9 494.8 500.8 507.7 513.4 514.9 514.1 510.4 504.7 499.2 496.6 495.3 493.4 494.6 497 499 501.3 504.4 507.3 512.9 517.2 520.4 523.6 525.6 521.6 517.4 511.9 504.6 497.7 489.7 481.2 472.5 462.6 455.9 454.1 453.6 454.8 456 456.4 456.5 455.3 453.8 451.6 449 447.4 445.6 443.7 441.8 439.3 435.5 430 422 414.8 404.7 397.1
556.8 559 560.9 562.7 564.3 565.4 565.5 562.7 559.4 555.5 550.9 544.3 536.5 526.4 518.8 515.4 511.7 506.6 497.1 484.8 476.7 485.3 490.5 497.4 502.4 507.5 514.5 519.8 518.8 517.1 512.6 505.5 500 497.1 495.2 494.4 496.7 498.6 500.7 502.9 505.5 509.9 514.7 519 522.7 525.8 527.1 523.2 518.8 512.5 505.3 498.5 488 478.7 469.5 460 454.9 452.3 451.7 451.9 452.5 453.1 453.5 452.5 450.8 448.4 446.5 444.8 442.9 441 438.8 436.6 433.1 428.3 420.4 413 405.1 398.7
556.9 559.1 561.1 562.9 564.5 565.6 565.7 563.3 560.5 556.7 551.9 546.3 537.3 526.8 515.4 511.4 507.6 502.3 491.7 485.3 479 493.4 497.5 503.8 510.1 514 520.5 524.7 523 519.4 514.8 507.4 501 497.3 495.5 495.8 496.9 499.6 501.5 504.3 506.9 511.4 516.5 520.6 524.2 527.5 529.9 524.9 519.8 513.1 506.6 497.3 486.6 471.6 462 457.2 453.4 450.7 450 449 449.6 449.9 450.2 449.9 448 445.7 443.5 441.6 439.3 437.4 435.3 433.1 430.2 426.2 418.7 411.8 407.2 403.2
555.8 558.5 560.8 563 564.4 565.2 565.4 564 561.3 557.6 552.7 546.5 537.2 523.7 513.7 508.6 503.3 498.3 495.8 487.1 490.1 500.2 504.3 509.8 515.3 519.5 527 528.4 525.5 521.5 515.5 509.7 503.3 497.9 496.1 497 498.8 501.2 503 505.7 508.6 513.1 518 522.4 525.8 529.2 529.7 526.5 521.6 514.1 508.4 498.1 479 466 458.5 455.9 452.1 450.2 448.7 447.9 447.6 447.4 447.4 447 445.2 443.1 440.7 437.8 435.2 432.9 431.4 429.6 426.6 423.6 417.8 412.1 408.4 405.5
555.3 558.3 560.2 562.4 564.1 564.9 564.8 563.6 561.4 558.3 552.9 546.9 537.8 518.5 513.1 509.2 505.6 504 501 490.8 498.7 505.1 509.5 514.6 520.3 524.7 529.7 531 527 522.9 517.5 511.3 504.6 498.6 497.1 498.4 500.6 502.4 504.8 507.8 511.2 515 519.9 524.2 527.7 530.4 531 528 523.6 516.2 509.6 494.1 475 463.4 458.6 455.7 452.6 450.9 448.7 448 446.4 445.5 444.4 444.4 443.3 441.1 438.5 433.6 430.8 425.4 425.1 425 423.5 420.5 417.3 412.6 409.3 406.2
554.1 556.2 559.1 561.6 563.4 565 564.5 563.3 561.2 558.4 553.9 546.8 535.5 521.2 515.2 513.9 512.8 509.4 506.6 495.9 504.1 509.9 514.3 518.9 523.3 528 531.6 531.4 528.2 524.4 518.8 512.5 505.3 499.4 499 499.7 501.5 504.2 506.9 510 513.7 517.1 521.8 525.6 529.2 532.3 533.1 530.2 525.7 518 510.7 491.2 472 463.4 461.3 457.9 453.8 453.5 451.7 450.3 448.4 447.2 445.1 443.4 440 439.5 440.2 439.3 436 428.5 421.4 420.8 420.2 418 415.1 411.5 409.2 405.9
553.1 555.7 558.1 560.8 562.4 563.9 564 563.3 560.9 558.2 554.8 548.9 536.6 523.2 519.2 518.9 516.8 513.8 510.4 500 509.2 513.7 518 522.3 526.7 531.3 533 531.7 529 525.2 519.3 513.7 505.6 500.4 500.8 502.7 504.1 506.3 509.2 512.2 516.1 520.1 524 527.7 531.7 534.9 535.6 532.9 527.6 520.1 511.5 490.4 473.9 465.9 463.4 458.7 454.9 456 454.6 452 449.5 448.1 446.6 444.5 443.7 443.1 443.1 441.9 439.7 434.6 421.8 417.4 416.4 414.7 412 409.3 407.6 405.5
552.4 555.5 558.3 560.9 562.7 563 563.1 563 561 558.4 555.7 551.2 543.5 532.9 526.8 523.5 519.8 516.3 511.5 501.7 512.9 517 520.8 526.1 529.7 533.3 534.3 532.6 529.9 525.5 519.5 513.9 504.5 504.3 505 506.3 507.9 509.5 512.5 516.2 518.7 522.5 526.7 530.9 534.4 537.6 537.7 535.2 530 522.1 513.5 492.7 477.9 468.8 464.4 459.5 457.7 459 457.7 454.8 451.4 449 447.2 446.2 445.2 444.8 444.9 443.9 441.6 438.3 431 417.4 413.2 410.9 407.5 405.9 405.6 403.1
550.8 554.7 557.7 560 561.9 562.9 562.9 562.1 561.3 559.4 556.6 553.3 548.3 541 532.3 526.2 521 516.6 509.8 509.9 515.9 519.9 523.5 528.4 532.1 535.6 535.8 533.6 531 525.6 520.2 514.5 506.1 506.1 508.8 510.4 511.3 513.3 515.6 519.1 522 526.6 530.8 534.2 537.2 539.6 539.5 537 531.7 524.2 515.7 501.3 482.6 473.5 466.8 459.8 461.3 462 459.9 457.2 453.4 450.7 448.6 447.4 446.1 446.1 446.3 445.6 443.5 440.9 436.1 429.3 418.3 414.6 413.5 409.2 405.4 402.1
550 553.2 556.4 558.8 561.3 563.3 564 563.1 561.7 560.1 558.1 554.3 550.3 543 534.7 527.2 521.9 517.2 507.7 512.9 517.8 521.8 525.4 531.1 534.4 537 536.7 534.7 532 526.1 521.3 515.3 510.7 510 511.6 513.7 515.4 517.3 519.4 522.6 526.3 530.9 534.4 537.2 540 541.6 541 538.2 533.2 526.1 517.8 508.1 488.7 476.8 466.5 461.3 465 465.1 463.3 460.3 456.4 453.1 450.6 448.4 447.3 447.6 447.7 446.8 445.6 443.1 438.9 432.3 426.7 423 420.4 416.6 412.4 407.5
548.3 553 556.1 558.5 561.2 563 564.2 562.8 561.8 560.5 558.8 555.3 551 545.6 537.6 528.9 522 517.5 508.4 512.8 519.4 523.7 528.9 532.6 535.6 537.5 537.1 535.4 532.5 527.1 521.9 510.8 514.2 513.2 514.6 517 518.6 520.6 523.6 527.1 531.2 535 537.8 540.3 542.5 543 541.9 539.2 534 527.3 519.1 511.7 497.4 482.2 468.4 465 467.3 468 466.3 463.8 460.6 456.6 453 450 449.2 448.9 449.1 448.2 446.4 444.2 440.7 434.3 430.3 426.8 424.1 420.8 416.2 410.7
547.3 552.4 555.4 558.2 560.9 562.9 563.2 563.2 562.1 560.8 558.9 555.8 551.9 547.1 540.2 531.4 524.9 518.4 510.9 513.5 520.7 525.4 530.1 534.1 536.4 537.8 537.7 535.9 533 528.4 520.8 512.6 515.7 516.3 516.9 519.2 521.3 524.2 527.4 531.3 534.9 538.2 541.7 543.6 544.6 544.2 542.4 539.3 534.4 527.7 519.5 513.2 503.6 487.3 472.4 469.1 470.4 471.1 469.9 467.4 464.9 461.8 457.3 453.5 451.3 450.7 450.6 449.4 447 444.7 441.3 436.4 432.3 429.7 427 423.7 418.7 413.4
547.3 552.1 555.1 557.9 560.6 562.7 564.2 563.8 562.2 560.9 558.3 555.7 552.5 547.9 541.3 534 525.4 518 512 514 520.8 526.2 530.7 534.7 537.2 538 537.8 536 533.1 528.8 522.3 515.5 516 518.2 519.4 521.1 523.5 526.3 530 534.2 537.6 540.8 543.7 545.6 546.5 545 543 539.3 534.7 527.6 521.4 512.9 503.2 491.2 475.6 473 475.5 475.5 474.9 472.8 469.5 466.7 463.7 458 454 453.4 452.7 450.3 447.7 444.9 441.2 437.5 434.4 431.8 428.7 425.3 420.8 414.9
546.7 551.3 553.8 557.6 560.4 562.5 564.3 564.9 563.1 560.3 557.8 555.2 552 547.7 541.9 534.1 524.5 515.8 512.3 514.5 521 527.1 531.3 535 537 537.9 537.8 536.4 533.5 529.2 524.9 517.8 517 519.7 521.3 523.2 525.2 528.3 532.3 536.4 539.7 542.8 545 546.8 546.8 545.2 542.6 539.2 534.3 527.5 521.5 514.5 504 490.3 476.2 480.1 481.9 482.5 481.2 480 476 471.6 469.2 464.8 458.4 456.8 454.5 452.2 449 445.3 441.5 438 435.7 433.3 430 426.5 422.1 415.7
545.4 549.7 553.9 557.2 560.4 563 564.5 564.5 562 560 556.6 553.9 550.2 546.7 541 532.6 522.7 514.8 512 516.1 521.2 526.8 531.7 534.8 537.2 537.9 537.5 536.3 533.8 530 524.9 520.1 518.4 520.6 522.7 524.3 527.8 530.7 534.7 537.4 540.7 543.8 545.6 546.8 546.3 544.7 541.9 538.4 534.6 527.7 521.3 515.1 506.5 486.1 481.5 490.7 490.8 490.5 488.5 486.5 483.7 479.8 474.6 470.7 465 460.4 457 453.7 449.6 445.9 441.7 438.4 436.5 434.1 430.7 427.1 422 415.6
544.3 548.7 553.2 556.7 559 562.4 564.3 563.1 562 559.2 556.6 552.8 549.8 545.8 538.7 530.1 520.9 514.9 512.3 516.4 521.5 526.9 531.5 534.7 537 537.7 537.9 536.1 533.7 530.3 526.6 521.8 520.3 521.8 524 526 528.4 532.3 535.6 538.9 541.9 544.4 546.1 546.2 545.7 543.6 540.7 537.5 533.3 528.3 521.6 514.7 507.3 489.1 495.3 497.3 498.9 497.8 495.1 493.2 491.2 487.1 481.5 477 470.1 463.2 458.7 454.8 450.4 445.7 441.7 439.3 436.9 434.1 430.9 426.9 421.8 414.9
543 547.5 553.2 555.9 559.2 561.2 562.5 563 561.2 559.6 555.7 552.1 547.8 543.8 536.9 527.7 519.1 515.6 513.8 515.4 520.8 527.5 531.6 534.7 536.8 537.3 537.3 536.1 533.5 530.2 526.7 522.3 521.1 523.3 525.2 527.6 529.8 533.2 537.2 539.7 542.2 544.1 545.6 544.9 543.5 541.7 538.9 535.3 531.5 526.5 521.5 515.3 508 489.9 501.9 504.2 505.1 506 504.5 501.6 497.9 494.4 487.9 481.8 474.6 466.2 460.4 455.8 450.4 445.8 441.8 440.1 437 434.1 430.4 426.5 420.9 413.6
541.6 546.8 551.4 555.5 557.5 561.2 561.9 562.1 561.1 559 556 553 548 542.1 535.4 525 518.2 516.3 514.6 514.1 519.9 526.7 531.4 533.7 536.1 536.9 536.8 535.7 533.2 530.4 526.2 523.5 522.9 524.9 527.7 529.4 531.9 535.6 539 541 542.8 543.5 543.7 543.2 541.4 539.7 536.9 533.3 529.6 525.4 520.8 515.6 508.6 502.5 507.3 510.1 512 512.2 512.9 510.4 505.5 500.8 493.7 486.7 480.1 468.3 461.6 455.9 450.3 446.2 442.3 439.8 437 433.5 429.6 425.5 419.5 412.7
539.7 545.7 549.8 554.7 558.1 559.5 560.6 561.1 560.4 558.9 555.8 552.4 547.8 542.3 536 525.6 520.3 518.2 515.4 514 519.4 525.8 530 533.4 535.4 536.1 536.5 535.4 533.4 530.1 528 524.7 524.2 526.9 530 533.2 534.6 537 539.5 541.6 543.2 542.9 542.2 541.1 539.7 536.9 534.1 531.1 527.4 523 519.3 514.7 506.8 508.1 511.8 515.3 518.5 522.3 522.1 517.1 511.1 506.5 499.5 490.8 483.7 473.4 463.4 456.8 451.1 446 442.1 439 436 432.2 428.2 424.1 418.4 412
537.7 543.8 549.8 553.3 556.9 559.8 562 561.2 561.6 558.4 556.1 553.7 549.5 544.4 538.8 527.2 521.1 518.7 516.4 514.8 519 524.2 528.9 532.5 534.3 535.9 536.6 535.8 533.9 531.1 528.8 527.3 526.8 527.7 532.2 534.8 536.9 540.3 541.3 543.2 543.5 542.5 541.3 538.7 536.2 533.4 530.8 528 524.7 521.4 518.1 513.4 506.6 511.6 515 519.2 523.1 527.2 527.4 522.9 518.3 511.8 504.4 495.7 486.2 476.3 466.4 457.4 449.8 445.9 442.1 438.1 434.5 430.8 427.4 422.6 417.3 410.1
536.2 542.4 548.8 552.7 556.5 559 561.4 561.9 561.1 559.7 557.4 555 550.3 547.6 541.5 531.1 522.7 520.2 518.8 515.9 516.7 522.1 527.8 531.6 534.6 536.2 536.7 535.9 535.2 533.6 530.2 530.5 530.6 531.3 534.8 538 540.3 542.8 544.5 545.8 545.9 543.3 540 536.3 533.1 530.1 527.2 523.6 521.4 519.1 516.1 512.1 508.4 514.5 517.6 522.3 526.6 530.1 531.6 527.1 522.5 516.1 509 500.1 492.1 477.5 469.2 459.1 450.3 445 441.5 436.9 432.9 429.8 425.9 421.1 415.3 408.2
533.6 540 546.2 551.2 555.2 558.8 561.3 561.9 561.9 560.3 558.4 556.7 553.5 548.7 544 538.3 527.7 521.5 519.2 517 515.7 521.6 526.5 530.5 533.9 536 537.6 537.5 537.1 535 534.3 534.8 535.2 536.5 537.6 542.5 544.4 547 548.7 549.7 548.5 546.3 541.5 534.9 529.6 525.7 522.9 520.3 519 516.1 514.8 508.3 508.5 516.4 520.1 525.1 529.1 532.5 534.8 530.6 525.5 519.6 512.4 503.9 495.7 485.6 472 459 450.5 444.8 440 436.2 431.8 428 424.1 419 413 404.9
532.9 538.8 545.5 551.7 555.9 558.5 561.3 561.8 561.5 561.1 559.3 556.9 553.5 550.3 545.6 540.6 532.3 522 519.3 517.4 517.2 521.1 525.7 530.3 534.1 536.2 538.7 540 538.4 538.6 539.2 540.4 541.7 542.5 544.5 546.6 549 552.3 553.7 554.5 552.9 549.7 544 535.7 524.8 521 519.6 518.1 516.4 514.5 511.5 507.4 511.9 518.3 522 526.9 530.9 534.2 535.6 532.4 527.6 521.9 514.4 506.9 496.7 488.7 477.3 461.7 449.6 444.8 440 435.6 431 426 421.6 415.8 409.1 400.4
532 538.5 545.7 551.5 556 559.3 561 562.1 562.2 561.3 559.9 558 554.7 552.3 547.1 543.5 536.9 526.5 519.2 516.7 517.7 521.7 524.5 530.1 534.9 538.5 540.7 542.4 541.9 542.7 544.2 545.9 546.9 548 550.1 553.2 555 557.8 558.9 558.7 557.5 553.3 545.9 533.8 522.5 518.6 516.4 515.1 514.7 512 508.6 508.4 516.1 519.7 523.6 528.6 532.5 535.3 535.8 533.7 529.3 523.3 515.7 508.3 498.3 488.9 479 466 456 448.8 442.4 435.9 430.3 424.6 418.9 413.2 405.2 397.6
532.7 538.8 545.7 551.4 556.6 560 561.6 562.9 563 562 560.6 558 556.1 553 549.2 545.2 539.5 525.2 519.7 518.1 518.7 521.9 525.7 532.1 536.1 539.1 543.2 544.9 546.3 547.6 549 551 552 553.6 555.1 559 561.9 563.8 564.7 563.4 560.5 555.9 546.2 529 519.6 516.3 515 513.9 510.9 510.5 508.6 510 517.5 521.2 525.8 530.4 534.6 537 537 534.8 530.2 524.4 517 508.6 499.3 489.1 480 468.1 458.8 450.9 444.3 437.3 430.1 424.1 417.2 410.3 403.4 396.5
532 538.3 544.7 551 556.2 559.4 561.9 563.1 564.4 563.3 562.5 560.5 558 554.1 551.6 546.6 541.4 532.8 521.8 520.9 521.1 525 528.2 534.9 539.2 542.5 544.2 547.3 550.1 551.8 553.3 555.9 558.6 561.5 563.9 565.6 567.8 569.5 569.2 567.3 563.4 557 541.1 524.3 518 515.2 514.3 512.3 510.9 510.1 509.6 515.7 518.8 522.4 527.5 532.2 536.1 539 538.4 535.5 530.9 525.3 517.1 508.8 498.9 488.8 478.9 469.2 460 451.4 444.3 437.2 430.4 423.2 416.6 409.1 400.5 395.3
