Assets/StreamingAssets/GeoData/Data/sx/SX88.asc
ncols 200
nrows 200
xllcorner 280000
yllcorner 80000
cellsize 50
[rows 0 to 35 of 200, columns 80 to 159 of 200]
113.5 121.6 131.9 136.7 133.4 123.9 117.7 106.4 101.5 98.3 99.8 91.8 92.8 84.1 85.7 95.8 103.6 113.7 118.9 116.6 108.7 97.9 119.3 135 148.3 153.3 154.6 154.4 156.9 160 165.9 170.8 175.3 180.2 184.3 188.7 191 195.4 201.4 203.7 205.3 199.4 189.8 179.3 184.9 191.1 186.9 185.8 177.5 161.3 156.2 149.3 148.5 143.2 137.3 133.5 123 119.6 128.4 136.1 140.5 134.1 124.9 119 111.7 115.4 130.1 128.6 120.7 110.8 108.7 106.8 111.6 118.2 122 133.7 138.1 135.4 134.4 136.1
126.1 131.2 136.1 136.2 133.7 128.3 121.8 114.2 107 101 92.9 88.6 83.6 85.9 87.2 88.1 102.5 113.3 121.9 121.1 112.5 102.1 111.1 130.7 137 140.3 145.3 144.7 147.6 152.6 157.3 170.1 177.6 181.5 183.1 189.1 194.3 199.5 210.1 210.2 205.8 199.2 190.2 175.8 174.4 179.4 181.5 182.1 180 171.4 164.4 159.5 153.5 149.3 142.8 134.8 126.8 128.5 136 143.5 144.8 134.4 124.5 120.7 118.8 118.2 127.5 131 121.6 116.8 117.2 116.1 119.6 130.2 132.8 140.6 144.5 143.4 141.8 139.9
133.3 132.6 133.7 129.7 125.6 121.5 115 109 101.9 96.3 90.1 83.4 83.4 94.9 98 93 89.1 92.9 105.4 115.5 116.4 101.6 108.3 120.4 124.1 126.9 131.5 135 138.3 143.3 157.7 167.2 173.8 176 179.9 184.2 188.5 195.3 201.3 201.9 198.4 192.7 184.1 172.4 163.4 164.6 166 167.9 170.6 170 168.4 162.2 158.7 154.9 148.1 141.1 136.9 136.1 145.7 149.8 143.3 135.1 133.2 131.2 128.4 127.1 135.1 133.5 126.5 123.9 125 124.8 126.1 131.7 141.4 149.4 151.9 150.7 146.4 140.2
127.4 124.3 120.9 116.2 111.1 105.8 101.3 93.8 88.5 85 81.3 81.7 91.7 101.9 104.4 102.3 99.2 96.6 95 101.5 114.8 108 113.4 113.5 115.3 116.4 119.3 125.3 130.9 145.5 158.7 161.7 161.9 164.1 167.8 171.8 177.8 184.7 191.6 195 191.3 185.3 178.6 171.8 164 156.2 153.4 152.4 154.9 159.6 160.5 161 159.5 156.5 153.9 147.8 149 145 154.2 155.9 146.9 147.1 141.5 141.5 138.3 135.5 138.7 139 134.5 131.5 132.1 135.5 133.9 135.5 145.5 156.1 158.4 152.7 145.9 139.4
116 112.2 106.7 101.6 95.1 90 85.3 81.4 79.7 80.2 85.4 93.2 105 110.8 110.6 109.1 108.8 107.9 103.9 99.3 109.6 117 117.1 122.1 126.1 129.6 130.5 126.4 125.6 139.7 146.6 150.5 150.1 152.4 155.3 164.5 172.1 180.6 188.8 190.6 183.4 178 173.7 171.6 166.5 163 159.1 154 150.5 148 147.9 148.7 151.8 157.4 157 158.2 159.8 158.8 159.8 163.4 156.6 155.8 152 153.1 149.6 146.3 143 145 141.9 139 142.8 145.2 145.3 148.2 155.7 163.1 157.8 149.8 140.9 134
104 99.5 91.9 85.8 80.6 78.4 79.9 83.9 89 93.3 98.1 103.3 113.9 119.3 119.8 118.4 117.2 115.6 111.2 103.7 105.7 123.9 130.2 133.2 137.5 141.8 140.3 136.5 128.9 129.5 136 137 140 144.9 157 168.7 177.4 183.5 189.6 194.7 189.9 185.4 181.2 178.1 175.2 170.5 162.7 157 152.5 148.3 146.1 141.9 140.6 145.8 157.9 164.7 167.2 166.1 167.2 169.7 169.2 168.3 162.8 164.9 162 157.4 153.7 153.9 151.8 148.6 152.1 160.5 167.2 167 170.8 168.5 161.2 152.1 140.3 125.2
90.5 83.9 76.6 76.6 78.5 86.2 90.4 94.2 99 105.4 109.3 116.5 122.9 126.7 127.1 125.7 124.2 121.3 115.5 106.9 106.1 116.1 125.9 136.8 144 149.6 148.3 144.8 139.4 136.6 139.9 143.5 149.7 155.3 159.7 172.2 183.1 190.5 196.5 201.7 196.6 192.2 189.8 187.4 182.7 173.7 166.3 160.1 154.1 149.8 147.1 142.4 142.8 135.6 144.3 152.1 157.8 162.5 170.3 176.7 177.8 179.6 179 176.8 173.4 166.7 162.3 164.4 161.3 159.4 165.6 176.1 178.5 179.3 178.5 173.9 165.5 155 144.5 130.4
75.2 75.1 80 86.3 91.2 95.8 99.4 104.9 109.6 114 119.8 126.8 132.8 135 136.6 134.6 129.6 120.4 116.7 109.9 110.4 115.4 123 132.1 141.4 151.1 155 156.2 153.7 150.8 153.4 156.3 162.3 165.9 168.3 175.1 187.1 196.6 203.5 208.2 207.5 203.9 200.4 192.9 185 176.8 169.4 162.7 155.8 151.3 151.2 154.1 150.6 141.5 133.5 138.4 149.7 164.2 169.7 181.5 186.6 189.8 188.8 187.5 182.6 178.2 172.2 175.5 172.5 170.5 179.4 185.2 186.9 186.9 183.5 177.7 169.7 158.6 145.4 126.8
79.8 84.4 88.3 93.6 98.1 104.1 109 114.2 119.4 126.3 133 139.1 143.7 145.7 145.8 141.8 131.5 130.6 124.8 113.5 115 120.2 129.8 137.4 142 151.8 159.9 161.6 160.4 162.2 165.7 169.4 173.5 175.6 178.3 180.2 190.4 200.6 210.4 215.9 217.1 212.3 204.5 196.9 188.7 180.5 173.5 169 161.5 160.4 161.4 161.4 155.2 142.3 131.3 138.2 153.8 169 181.5 187.9 196.1 202.1 199.9 197.5 194.8 189.2 184.6 185.7 187.9 185.2 189.7 191.6 193.1 191 185.4 178.2 169.1 155.8 139.2 121.9
92.2 96.3 99.7 101.6 106.9 112.3 119.7 125.6 131 137.4 144.3 150.1 153.2 154.4 152.7 147.3 138.9 138.4 132.4 123.3 113.8 124.3 140.6 152.8 152.6 157.5 164.4 167.4 169.6 170.9 172.8 175.2 180.6 184.1 188.4 191 196.1 204.2 214.4 222 220.5 215.5 209.7 202.2 194 188.1 183.6 177.4 169.2 171 169.3 161.4 153 137.5 127.7 138.7 156.1 173 187.4 195.8 202.8 208.5 211 215.4 208.6 200 196.8 203.7 188.9 194.6 195.5 197.8 196.5 192.2 184.6 175 164.2 151.5 135.9 119.8
104.9 107.2 109.2 116.6 121.5 126.4 131.3 135.5 140.3 146.4 153.2 158.6 160.9 161.2 157.7 152 147.4 144.6 139.1 131.9 119.1 121.6 136.8 150.6 156.9 160.4 162 162.8 163.3 162.7 164.5 169.1 175.4 181.9 187.1 194.3 203.7 209.7 216.8 219.6 218.2 213.5 207.5 202.7 198.8 193.5 187.2 182.2 177.6 175.4 169.9 161.8 150.4 133.1 127.2 141 157.3 172 186.5 192.6 200 208.9 213.9 217.4 216.3 208.3 208 209.9 207.6 202.7 202.2 200.2 196.1 189.6 181.6 172.6 160.2 144.2 130.8 118.7
118.2 122.5 125.5 127.9 131.4 137 141.1 144.3 147.8 153 157.7 162.5 164.7 163.5 160.6 156.3 152.5 148.9 144.2 136 126 118.2 132.9 143.6 147.8 147.5 148.5 152.8 154.6 154.4 157.3 163 168.6 173.1 178.7 185.6 195.1 204.9 208.6 210.6 209.4 204.6 198.4 193.4 188.3 183.2 178.7 172.9 172.3 171.5 166.5 159.8 148.2 132.3 126.6 142.5 155.2 164 177.5 183.2 191.6 198.6 204.9 209.9 214.1 212.6 212.7 214.1 212.3 210.1 205.6 199.7 192.7 185.1 177.7 168.7 158.5 142.8 127.9 125.4
130.5 134 135.7 136.6 139.5 142.4 143.8 144.9 145.5 149 152.2 157.3 159.7 162.4 161.5 159.4 155.5 148.2 142.9 135.1 124 116.4 123.5 129.2 130.2 133.7 135.5 139.3 142.3 144.7 148.9 154.7 159.5 163.8 174 181.9 189.3 195.5 199.8 201 199.1 194.5 186.8 181.4 176.1 172.7 169.3 164.1 162.3 159.3 155.6 150 143.6 133.7 121.8 135.7 143.2 152.2 163.4 171.4 177.9 184 189.7 197.2 204.5 209.4 213.1 216.4 215.5 211.7 205.2 195 186.5 177.8 170 160.7 149.5 136.5 133.8 138.8
137.1 139.7 141.6 142.1 141.1 137 131.2 128.1 129.4 130.8 134.3 139.6 145.6 151.6 156 159 156.2 149.8 139.7 130.3 126.1 123.7 127 126.3 125.9 128.4 131.2 133.8 135.8 139.6 145.1 152.3 157.7 161.5 170.8 178.7 185.1 187.2 190.7 190.7 187.2 182.3 176.9 169.7 166 162.6 159.1 155.4 150.9 147.5 144.1 136.4 129.7 122 121.7 120.3 126.8 136.4 146.9 152.6 159.7 164.5 173.8 180.7 187.3 195.5 207.4 215.2 217.6 213 206.6 198.5 187.9 177.7 170.1 161.2 152.5 149.1 150.2 154
133.5 137.7 138.6 136 126.4 115.9 112.1 107.6 108.6 113.7 119.1 124.9 131.7 141.6 154.7 161.1 158.2 149.6 137.1 134.8 134.7 133.3 135.7 138.9 139.4 140.8 144.1 148.5 150.2 153.7 157.9 163.7 168.8 173.1 177.3 179.7 180.9 182.1 182.6 180.8 176 172.1 167 160.7 156.4 152.6 149 145.3 140.2 136.4 131.6 130.5 130.6 130.8 131.1 124.7 120.8 120 127.8 134.3 142.4 149.9 155.6 160.3 171 185.5 201.7 211.9 217.5 216.6 211.5 206 197.8 190 181.1 172.5 165.8 165 165.6 164.3
124 127.7 128.7 122.1 110.2 98.2 98.7 104.6 111.7 115.4 118.3 122.8 128.6 139.4 154.1 163.2 162.2 156.5 149.6 145 146.6 145.8 144.9 148.2 151.6 153 156.6 158.3 160.1 163.7 167.3 171.5 175.4 177.3 178.8 179.4 176.9 174.5 173.5 169.8 164.8 161.2 157.2 153 150.2 146.7 143 134.5 138.2 138.2 141 144.2 144.3 142.9 135.2 131.9 128.5 121.8 116 117.9 126.4 134.2 141.1 153.5 167.8 182.8 199.5 209.3 216.9 218.2 213.8 210 205.1 199 192.8 186.7 181.1 177.6 173.4 169.4
107.2 115.1 115.5 105.7 96.3 95.1 104 112.9 119.6 125 130.5 134.9 139.9 147.8 159.2 170.7 172.7 169.1 163.7 161.1 160.3 157.9 156.3 157.1 160.4 163.5 165.4 166.6 167.6 168.8 170 169.2 168.5 168.9 171 171 169.3 172 168.9 166.5 163.5 161.5 157.9 154.5 150.3 148.6 146 143.3 146.1 146.8 150.1 155.2 152.5 146.3 141.5 136.9 130.6 122.1 118.6 116.3 115.5 130.7 154.4 163.4 175.5 180.7 191.9 206.1 215.1 216.4 212.4 209 205.8 204 199 193.7 188.1 181.6 174.7 167.8
88.9 99 99.5 91.2 91.7 102.3 111.6 119.7 130 139.6 145.2 148.7 154.2 159.8 166.6 171.9 174.5 172.4 172.4 170.4 169.2 167.8 165.5 166.6 167.7 170 170 168.7 166 164.3 160 154.4 153.8 155.8 158.9 161.8 169.1 174.2 174.1 175.9 174.6 173.3 169.9 165.3 160.9 159.2 153.3 152 152.4 152.4 157.9 159.2 153.8 145.7 139.6 133.9 130.1 122.4 121.5 117.5 111.5 127.4 146.3 156.1 159.9 167.5 181.8 198.8 211.9 214.3 209.5 203.4 200.9 200.3 199 195.5 189.4 180.7 170.9 162.8
74.2 81.8 83.2 84.1 94.6 107.3 120.6 131 139.6 145.9 149 150.2 154.7 157.6 160.9 163.9 167.1 170.4 174.1 175.3 175.5 173.2 170.4 168.3 167.7 166 164.9 162.7 160.8 153.9 142.3 140.4 144.9 147.7 151.2 154.7 164.5 173.4 181.3 184.6 185.8 185.1 181.4 176.7 171.8 167.2 163.8 165.3 166 167.5 169.3 165 156.2 147.5 139.1 132.6 128.1 127.9 123.6 116.8 109.8 119.6 136.6 141.5 147.3 159.9 175.2 190.9 206.8 210.5 205.5 196.8 190.1 191 194.9 194.8 191.4 183.4 174.6 164.4
80.3 77.7 78.1 90.3 103 115.8 125.6 133.6 139.8 144 146.5 146 148 148.7 150.9 153.1 155.8 160.9 166.6 171.2 173 169.1 163.3 156.8 153.2 152.8 153.1 151.4 149 141.9 137.7 149.5 157.4 161.6 164.1 165.4 165.3 172.2 183.1 194.2 198.2 196.5 193.1 187.4 182.5 177.4 177.8 180.7 181.9 179.8 175.2 169 160.5 150.2 140.8 137.4 137.3 130.9 123 117.6 112 108.4 120.8 128.9 143.5 152.2 165.5 179.9 195.1 203 201.5 193 181.2 180.9 187.8 193.1 194.9 188.5 180.5 170.1
92.2 86.8 79.9 87 103.6 113.3 122.5 129.7 134.9 139.1 140.6 138.9 139.7 138 138.7 141.1 142.5 146.9 155.1 162.1 162.2 154.1 142.9 135.3 132.8 134.6 136.6 137.2 135.9 135.7 144.1 157.9 166 172.4 176.4 177.5 178.2 177.4 186.4 199.3 206.1 207 203.2 198 190.9 189.5 189.7 188.3 184.6 181.6 176.8 170 162.4 152.6 148.7 148.5 144.2 135.9 128.5 123.2 114.3 106.4 116.2 130 137.8 145.9 156.1 168.1 184.7 196.7 194.2 184.7 171.3 170.4 181.7 190.6 195.4 192 185.7 176.9
99.1 90.7 86.7 79.6 89.1 104.9 116.4 123.6 128.9 131.7 132.9 130 123.9 126.3 127.6 126.5 126.6 132.1 141.7 151.5 148.9 137.5 124.8 115.8 118.5 120.4 123 125.8 128.3 137.3 142.8 157.2 166.8 174.6 181.1 185.9 188.7 188.6 192.4 200.5 209.8 210.9 208.2 202 196.2 192.4 188.4 184.5 179.4 175.5 172.4 170 165.5 162 158.5 155.2 149.4 142.6 136.2 127.3 117.4 108.4 108.5 117.9 123 132.3 144.5 160 179.8 195.4 192.2 177.9 166.3 161.4 172.8 187.3 194.5 194.8 189.3 183.7
96 93.1 94 87 82.1 95.9 107.3 114.8 118.7 122 122.6 121.6 114.1 116.1 116.1 114.3 117.4 123.8 138.1 144.7 137.1 123.8 113.2 119.1 127.6 132.1 135.5 139.7 143.5 151.7 156.3 157.4 162.6 172.7 181.9 188 192.4 194.8 196.6 203.6 209.9 211.2 207.3 197 188.8 182.5 177.9 172.5 165.9 160.8 159.7 158 159.6 158.6 156.6 155.1 150.5 144.2 137.8 129.7 118.7 111.1 105.6 120.1 134.8 139.6 149.9 163.5 179.8 192.9 192.6 175.7 164.9 155.4 164 183.1 191.4 192.4 190.8 187.1
100.9 104.7 100.3 92.4 82.6 83.3 95.4 103.1 106.8 109.8 110.8 111.1 106.7 108.4 106.6 104.8 112.9 127.5 137 138.3 128.4 112.2 117.1 123.9 133.7 138.2 145.4 150.1 154.4 158.8 161.8 165.2 169.8 174.5 179.5 183.9 186.3 188.4 193.4 200.3 205.7 207.4 202.2 192.6 178.3 168.1 164.2 159.7 153.9 150.1 146.3 142.5 143.9 148.2 148.9 148.1 143.3 137.9 135 128.9 119.6 110.5 105.5 107.7 130.5 144.8 152.9 160.4 170.2 175.4 175.4 168.3 158.5 146.1 157.4 175.5 186.2 186.4 185.3 184.1
106.9 108.8 102.6 90.1 92.3 85.6 86.9 90.4 90.9 94.1 95.4 97.7 95.8 92.8 93.3 94.6 102.6 114.1 129.4 131.3 122.2 106.7 111.7 117.8 130.7 138.5 145.4 150.1 154.2 157.5 159.5 163.2 165.4 168.8 172.3 173.7 175.6 178 179.8 190.2 197.5 200.1 196.6 185.4 171.4 158.3 158.9 153.9 143.9 146.4 139.7 136 130.3 134.4 137.1 138.8 135.3 133.3 131.5 126.3 119.8 109.9 104.5 101.5 119.6 143.5 147.1 150 160.4 162.9 159 150.1 140 140.6 156.9 172.9 181.3 180.2 178 176.8
110.8 112.2 105.9 95 105.5 102.6 94.7 89.3 90.1 91.7 90.4 93 99.7 101.4 104.1 103.5 98.9 100.8 116.3 118.6 112.9 105.4 111.4 109.3 113.9 125.5 136.6 142 146.1 149.7 150.7 152.3 153.8 155.9 158.2 159.9 161.8 164 165.8 176.8 186.7 191.2 186.3 177.6 165.6 154.1 156.4 156.5 156 155.7 146.8 147.6 141.7 136.5 129.4 130.7 129.6 128.9 127.6 122.3 115.9 110.4 104.5 99.8 109.9 128 129.3 136.7 148.4 150.4 146.4 134.8 130.2 147.7 156.8 170.3 174.4 171.8 167.4 167.5
118.3 116.4 110.4 100.5 114.1 113.4 109 104.9 105.7 107.2 105 107 111.8 114.7 114.4 111.1 107.3 102.8 100 102 105 112 120 121.5 117.8 115.8 119 128.7 136.9 141.2 141.4 140.8 141.8 143.8 145.5 148.2 153.4 156.6 158.9 170.8 183.2 187.9 186 178.6 167.4 170.7 174.6 172.8 169.9 164.2 159.2 153.1 146.7 139.7 132.6 129 125.2 124.2 123.5 118.4 114.2 113.3 113.5 102.5 101.2 108.8 117.7 128.1 136.7 138 132.4 122.5 129.5 148.6 160.7 167.1 166 163 157.8 159.1
127.1 124 118.4 108.9 115.9 123.4 121.5 122 122 122.4 121.1 121.5 121.6 122.7 119.6 117.2 115 113.6 112.1 113.1 114.3 117.7 125.6 128.5 127.2 123.5 119.5 120.6 130 133.2 131.5 133 141.8 148.5 151.2 153.8 159 162.7 166.9 172.1 180.2 190.4 191.6 185.8 181.8 184 182.1 177.6 173.3 169.2 164 156 144.1 130.9 133 132.5 129 122.8 120.1 116.8 124.7 124.3 117.8 108.9 97.5 98.1 107.3 118.7 126.6 129.6 117.9 114.3 128.1 145.8 160.2 162 158.4 151.8 145.9 150
137.6 135.3 130.5 124.4 123.2 131.2 131 131.6 131.2 132.5 133.3 133.5 133.9 133.6 129.4 128.7 126.8 125.2 124 124.9 124.1 124.5 134.7 138.4 137.4 135.2 132 129.4 127 126.6 135.2 150.2 155.2 160.5 160.7 162.8 165.9 169.6 175.2 178.8 186.5 195.1 198.2 197.4 195.8 192.2 183.6 176.8 168.5 164.5 159.2 147.2 136.2 135.8 143.6 143.3 137.9 133.7 133.4 135 135 130.6 124.2 117.3 107.3 99.2 95.7 105.6 113.3 121 106.6 114.1 130 143.3 153.6 156.4 152 141.8 133.7 140.9
143.1 144.4 143.5 140.1 140.1 139.2 139.5 139.9 140.3 140.4 140.1 141.6 143.5 142.1 140.1 140.1 139.6 137.6 136.1 136.6 137.7 138.8 146.5 151.5 151.8 150.6 146.3 145.8 145.3 143.9 154.9 164.3 168.6 169.9 170.1 171.8 173.3 178.1 182.9 186 193.5 197.4 200.2 201.6 198 194.2 188.1 179.9 172.9 162.1 151.5 139.5 140.7 150.1 151.9 150.5 147.7 143.9 139.6 137 131 127 122.6 117.1 110.8 103.6 96.1 93.3 97.4 104.3 99.7 113.9 129.7 138.6 144 144.2 141.1 133.2 124.3 137.6
140.5 146.4 146.9 145.1 139.7 135.2 134.6 134.9 135.5 135.2 137.3 140.3 142.2 143.1 145.1 147.4 148.4 148 150.2 149.9 152.3 150.3 155.3 160.6 161.6 160.9 160.5 156 154.9 159.4 167.6 173.7 177.2 178.2 178.1 178.5 180.8 186.5 188.9 192.9 189.4 185.7 193 197.2 196.5 196.1 195.3 187.4 175.3 163 152.2 151.1 155.3 161.3 156.8 152.9 146.2 142.8 137.4 128.3 122.3 113 109.2 106.5 101.3 99.3 106.8 104.4 95.2 91.6 95.3 104.9 118.9 130.9 132.5 128.3 122.6 117.5 123.7 137.3
133.5 142.8 142.6 139.5 135.3 130.2 129.9 129.9 129.6 128.3 131 133.6 135.8 138.8 141 143.4 146.4 151.5 156.8 161 160.5 159.5 161.4 164.8 165.6 165.4 164.9 161.8 161.2 164.9 171.5 177.4 181.7 181.5 185.9 186.4 188 191.9 186.7 180.1 175.6 172.2 183.4 188.2 191.1 194.7 197.1 195.9 183.4 169.5 164.4 165.8 170.9 163.1 151.9 141.6 133.2 131.2 125.6 121.1 112 113.6 114.5 114.3 115.2 118.1 119.7 115.1 108.8 96.8 90.1 95.1 104.2 122.8 120.8 109.6 105.3 112.9 126.9 137.1
131.8 136 134.3 130.3 125.4 123.5 122.4 121.8 121.1 120.3 121.7 123.2 126.3 129 133.1 133.6 135.5 146.7 155.8 162.3 163 159.8 160.2 160.3 159.6 156.9 154.9 151.3 152.8 157.1 162.5 167.5 171.5 175.1 182.3 189.2 186.4 182.7 174.3 167.8 162.1 164.7 171.6 175.9 182.2 191.8 197.5 198.2 190.1 188.8 187.4 183.9 175.8 156 143.4 141.5 140.3 136 128.8 121.5 119.2 131.1 137.5 138.4 137.3 133.3 126.2 116.4 106.5 99.7 93 88.9 96.2 115.1 107.4 100.3 105.1 116 127.3 135.7
127.1 128.7 127.1 122.9 115.8 113.1 113.9 113.1 112.4 111.8 112.2 113.7 116 118.6 120.8 124.5 131.7 140.2 149.4 154.4 152.4 148.8 147.6 147.8 146 142.5 138.1 138.8 142.8 145.7 150.2 152.8 159.2 166.4 175.5 179.7 176.7 169 158.2 153.4 148.6 151.6 157.8 164.8 177.6 188.9 197.7 203.5 202.5 203.3 198.3 189.2 172.6 162.5 162.4 161.4 155.2 148.3 137.2 117.8 128.3 144.4 154.6 151 142.9 130 118.1 110.2 104 109.5 103.9 93.2 88.9 101.1 98.7 97.3 109.8 113.3 115.1 123
121.4 121.1 121.3 120 112.2 105.6 103.4 103.1 105.4 100.5 103.9 106.1 107 108.2 110.3 114.8 124.4 135.3 142.4 143.9 141.9 137 132.1 130.5 129.2 126.5 121.4 125 128 134.2 135.7 139.3 147 156 164.5 166 162.9 155.2 147 142.9 142.7 150.5 161.1 170.6 176.8 187.1 201 208.7 209.1 205.7 198.9 184.5 179.5 179.5 174 168.8 161.3 148.5 128.1 123.4 137 151.9 157.3 150.6 138.4 118.7 109.3 117.8 118.1 114.2 108.2 98.5 88.7 87.1 90.7 89.9 101.1 99.3 100.3 103.3
113.9 114 116.5 119.8 117.1 113.4 106.7 99 99.1 98 97.6 98.6 101.6 107.3 112.5 117.9 127.1 132.1 133.3 132.8 128.9 123.8 117.4 115 112.7 111.7 111.8 113.4 117.8 120.6 118.5 125.7 136 144.4 150.9 152 150.4 142.7 131.6 138.6 147.7 158.2 168.6 180.4 191.9 200.2 206.5 210.6 210.6 205.3 196.8 193.2 189 181.3 172 163.7 153.4 141.3 125.3 137.2 148.7 156.6 155.1 146 129.7 117.1 124.2 131.5 127.7 123.5 116 107.8 96.7 88.9 85.1 84.9 85.2 86.2 85.7 86.7
