Assets/StreamingAssets/GeoData/Data/sx/SX96.asc
ncols 200
nrows 200
xllcorner 290000
yllcorner 60000
cellsize 50
[rows 37 to 73 of 200, columns 0 to 84 of 200]
82.1 80.6 72.5 73 81.5 93.4 101.3 114.2 123.3 134.9 143 148.9 152 151.6 149.5 150.5 155.1 160.3 166.4 164.9 158.9 155.1 155 153.8 155.7 156.5 156.9 155.6 150.1 144.3 143.5 140.3 141.4 146.7 149.8 151.5 152.7 154.1 149.9 130.5 118.6 118 115.1 113.2 104.6 92.3 91.3 95.8 94.4 91.5 83.6 69.9 57.1 46.6 39.9 19.5 -1.4 -1.4 -1.4 -1.4 -1.4 -1.4 -1.4 -1.4 -1.4 -1.4 -1.4 -1.4 -1.4 -1.4 -1.4 -1.4 -1.4 -1.4 -1.4 -1.4 -1.4 -1.4 -1.4 -1.4 -1.4 -1.4 -1.4 -1.4 -1.4
73.1 70 67.3 68.4 77.2 83.7 91.6 105.2 114.5 127.9 139.6 147.1 152.3 154.4 154.3 153.5 157.2 162.3 165.4 162.2 161 160.3 162.5 164.1 165.5 165.4 163.8 160.5 156.4 153 152.8 152.3 152.9 156.4 159.2 159.4 160.4 161 158.4 147.4 134.7 131.3 130.8 123 120.2 106.3 103.9 106.6 102.2 94.3 78.1 64 53.8 47.3 42.2 5.5 -1.4 -1.4 -1.4 -1.4 -1.4 -1.4 -1.4 -1.4 -1.4 -1.4 -1.4 -1.4 -1.4 -1.4 -1.4 -1.4 -1.4 -1.4 -1.4 -1.4 -1.4 -1.4 -1.4 -1.4 -1.4 -1.4 -1.4 -1.4 -1.4
66.6 64.1 64.9 67.4 72.9 80.4 88.2 104.2 116 126.3 135.7 144.8 151.3 154.9 156.3 157.1 159.5 160.8 161.4 159 157.9 161.2 166.1 171.6 174.7 172.8 166 163.6 161.4 159.7 160.9 162.1 162.6 163.6 163.4 163.9 163.2 165.3 164.3 158.9 151.9 143.6 138.5 132.7 126 118.7 115.5 114.8 107.7 96.8 84.4 73 62.9 57.5 50.1 21.3 -1.4 -1.4 -1.4 -1.4 -1.4 -1.4 -1.4 -1.4 -1.4 -1.4 -1.4 -1.4 -1.4 -1.4 -1.4 -1.4 -1.4 -1.4 -1.4 -1.4 -1.4 -1.4 -1.4 -1.4 -1.4 -1.4 -1.4 -1.4 -1.4
60.5 61.9 63.6 66.5 71.2 76.7 84.7 93 102.3 111.6 122.9 136.4 148.8 153.7 156.3 158.2 157.8 155.5 155.3 153.4 155.7 158.9 165.1 173.5 180.5 174.1 160.3 157.1 155.3 157.1 162.9 165.6 164.8 163.2 162.1 161.7 162.1 162.5 161.1 161.7 155 148.8 140.8 135.6 130.6 127.7 119.9 113.8 106.8 98.9 90.2 82.5 75.2 67.5 55.5 26.4 -1.4 -1.4 -1.4 -1.4 -1.4 -1.4 -1.4 -1.4 -1.4 -1.4 -1.4 -1.4 -1.4 -1.4 -1.4 -1.4 -1.4 -1.4 -1.4 -1.4 -1.4 -1.4 -1.4 -1.4 -1.4 -1.4 -1.4 -1.4 -1.4
59 60 61.7 65.4 70 73.1 80.6 88 96.6 105.4 118.8 137.8 145.6 151.7 155.7 156.9 154.7 146.6 138.9 142.9 145.2 150.8 160.8 168.7 175.2 166.6 149.8 145.1 148 152.8 159.5 162.6 161.6 159.2 157.4 157 157.8 158.2 158 156.7 151.9 144.2 136.6 129.6 126.2 121.6 117.6 110.4 100.9 93.9 88.6 82.7 78.6 69.2 58.9 38.8 -1.4 -1.4 -1.4 -1.4 -1.4 -1.4 -1.4 -1.4 -1.4 -1.4 -1.4 -1.4 -1.4 -1.4 -1.4 -1.4 -1.4 -1.4 -1.4 -1.4 -1.4 -1.4 -1.4 -1.4 -1.4 -1.4 -1.4 -1.4 -1.4
56.6 58.8 61.5 64.6 69.3 73.2 78.2 86 93.1 102.2 124.1 129 138.8 148.4 153.6 155.7 151.8 136.5 131.9 130.7 134.6 141.3 153.2 160 163 155.5 139.6 136.8 142.6 150.2 156.4 159 160.3 156.7 150.4 147.7 149.9 152.1 154.4 152.7 151.3 142.9 130.7 118.9 110.5 109.4 108.1 105.3 94.4 80.6 72.3 67.7 62.7 64.5 62.6 51.3 -1.4 -1.4 -1.4 -1.4 -1.4 -1.4 -1.4 -1.4 -1.4 -1.4 -1.4 -1.4 -1.4 -1.4 -1.4 -1.4 -1.4 -1.4 -1.4 -1.4 -1.4 -1.4 -1.4 -1.4 -1.4 -1.4 -1.4 -1.4 -1.4
55.4 57.7 60.3 64.6 68.5 74 78 84.7 91.7 100.1 110.8 119.5 130.5 142 150.5 153.2 149.1 131.7 126.6 124.9 127 130.5 144.4 146.8 145.8 139.5 128.5 130.8 140.5 148.4 155.1 159.2 159.7 154.7 145.6 146 147.1 147.8 150.5 153.6 151.3 146.4 136.2 125.1 113.3 103.6 94.6 87.3 80 73.7 65.6 60.4 52.3 48.3 59 44.3 -1.4 -1.4 -1.4 -1.4 -1.4 -1.4 -1.4 -1.4 -1.4 -1.4 -1.4 -1.4 -1.4 -1.4 -1.4 -1.4 -1.4 -1.4 -1.4 -1.4 -1.4 -1.4 -1.4 -1.4 -1.4 -1.4 -1.4 -1.4 -1.4
54.6 56.6 59.6 63.8 67.4 74 79 83.9 94.2 111.5 117.5 122.7 128.8 137.6 145.7 148.9 138.9 127.2 122.1 120.4 120.8 122 124.8 127.8 124.5 122.9 120.5 122.7 139.4 145.6 152.8 159 161.7 154 141.1 136.5 138 140.9 149 156.7 158 155 142.3 137.3 123.7 114.1 104.4 94.2 84.1 82.9 84 70.6 52.5 44 48.6 42.9 -1.4 -1.4 -1.4 -1.4 -1.4 -1.4 -1.4 -1.4 -1.4 -1.4 -1.4 -1.4 -1.4 -1.4 -1.4 -1.4 -1.4 -1.4 -1.4 -1.4 -1.4 -1.4 -1.4 -1.4 -1.4 -1.4 -1.4 -1.4 -1.4
56.9 58.8 62.1 64.7 68.9 74.1 79.7 85.5 100.9 117.7 130.3 136.2 140 143 146.3 144.4 130.8 121.8 117.8 116.1 115.5 116 116.9 118 117.2 114.5 113.9 116.2 129.9 144.1 153.4 160.8 161.9 149 136.3 126 131 144.3 153 162 164.9 161.6 157.6 147.8 136 125.9 117.7 108.2 104.3 107.2 94.3 70.5 52.3 42.9 35 33.8 -1.4 -1.4 -1.4 -1.4 -1.4 -1.4 -1.4 -1.4 -1.4 -1.4 -1.4 -1.4 -1.4 -1.4 -1.4 -1.4 -1.4 -1.4 -1.4 -1.4 -1.4 -1.4 -1.4 -1.4 -1.4 -1.4 -1.4 -1.4 -1.4
58.4 62.2 65.2 68 72.2 77.9 85 97.5 103.8 114.3 128.4 140.8 146.5 149.3 147.7 137.1 123.8 118.7 115.5 112.7 112.1 112.3 113.7 113.3 110.8 108.4 108.7 111.8 120.3 137.1 149.3 157.9 156.6 141.8 127.3 121.2 135.1 149.7 159.6 165.2 164.8 162.8 160.3 158.4 151.9 141.6 133.9 130.2 119.8 105.9 85.9 71.3 60.3 46.8 38.6 30.4 -1.4 -1.4 -1.4 -1.4 -1.4 -1.4 -1.4 -1.4 -1.4 -1.4 -1.4 -1.4 -1.4 -1.4 -1.4 -1.4 -1.4 -1.4 -1.4 -1.4 -1.4 -1.4 -1.4 -1.4 -1.4 -1.4 -1.4 -1.4 -1.4
64.1 64.4 69.3 71.9 75.9 80.8 87.5 104.1 111.4 110 121.5 135 144.3 144.6 143.3 137.1 122.6 117.1 113.4 110.6 109.4 109.7 109.1 108.5 105.9 103.6 103.9 107.1 109.3 125 132 138.1 140.6 127.7 114 118.3 135.2 149.4 157.8 159 158.2 157.2 156 157.5 156.1 147.8 144.1 136.2 121.4 107 99.6 84.4 71.1 56.9 54.8 -1.4 -1.4 -1.4 -1.4 -1.4 -1.4 -1.4 -1.4 -1.4 -1.4 -1.4 -1.4 -1.4 -1.4 -1.4 -1.4 -1.4 -1.4 -1.4 -1.4 -1.4 -1.4 -1.4 -1.4 -1.4 -1.4 -1.4 -1.4 -1.4 -1.4
70.2 70.1 73 77.1 81 84.6 91.1 103.9 120.6 123.1 123.5 130.3 140.4 142 139.2 133.5 121.4 116 111.7 108.8 106.5 106.6 106.8 107 104.2 100.7 100.4 101.1 103.4 107.9 114 118.5 117.8 111.9 107.5 110.6 121.8 127.2 140.9 145.8 146.4 145 146.1 148.7 142.3 131.5 132.1 110.4 97 80.9 63.6 55 50 36.8 -1.4 -1.4 -1.4 -1.4 -1.4 -1.4 -1.4 -1.4 -1.4 -1.4 -1.4 -1.4 -1.4 -1.4 -1.4 -1.4 -1.4 -1.4 -1.4 -1.4 -1.4 -1.4 -1.4 -1.4 -1.4 -1.4 -1.4 -1.4 -1.4 -1.4 -1.4
78 78.3 78.9 81.3 85.8 93.9 106.4 108.4 121 135.8 136.1 136.6 137.5 138.1 133 127.5 120.1 114.6 111.2 107.8 104.9 103.8 103.4 105.2 105.1 102.1 97.5 95.9 97.8 99.9 103.3 104.5 104.7 103.2 101.4 103.7 109.3 112.1 120.4 127.1 130.6 130.2 132.4 130.7 112 126.3 104.1 71.2 72.7 60 47.4 41.1 43.4 2.2 -1.4 -1.4 -1.4 -1.4 -1.4 -1.4 -1.4 -1.4 -1.4 -1.4 -1.4 -1.4 -1.4 -1.4 -1.4 -1.4 -1.4 -1.4 -1.4 -1.4 -1.4 -1.4 -1.4 -1.4 -1.4 -1.4 -1.4 -1.4 -1.4 -1.4 -1.4
85.8 84.9 86.9 89.4 95.1 103.5 113.9 121 130.7 135.9 129.1 125.7 130 134.1 129.9 124.2 117.4 113.8 110.4 107.5 104.7 102.3 102.1 103.9 105.4 103.5 98.1 94 92.2 94.4 97.4 98.8 98.3 96.4 96.4 98.4 102.6 106.7 108.4 112.4 113.9 117.2 122.5 113.8 102.1 91.6 71.9 60.5 76.4 65.9 61.2 61.1 32.7 28.2 1.4 -1.4 -1.4 -1.4 -1.4 -1.4 -1.4 -1.4 -1.4 -1.4 -1.4 -1.4 -1.4 -1.4 -1.4 -1.4 -1.4 -1.4 -1.4 -1.4 -1.4 -1.4 -1.4 -1.4 -1.4 -1.4 -1.4 -1.4 -1.4 -1.4 -1.4
96.3 99.4 103.9 104.6 106.5 117 126.2 132.2 133.4 126.4 115.6 110.9 122.2 130.4 128 124.2 118.7 114.5 110.4 107.5 103.9 101.5 100 102.1 104.8 105.4 102.1 95.5 90.7 90.1 90.9 92.2 91.9 91.8 92 93.6 97.3 99.8 103.8 106.7 108.2 109.8 104.2 92.6 85.3 78.3 69.7 70.6 69.6 63.8 61.2 36.8 32.4 21 2.5 -1.4 -1.4 -1.4 -1.4 -1.4 -1.4 -1.4 -1.4 -1.4 -1.4 -1.4 -1.4 -1.4 -1.4 -1.4 -1.4 -1.4 -1.4 -1.4 -1.4 -1.4 -1.4 -1.4 -1.4 -1.4 -1.4 -1.4 -1.4 -1.4 -1.4
102.4 110.6 113.5 117.7 120.1 124.6 129.1 126.7 122.9 118.1 105.1 102.9 112.5 124.6 125.2 122.8 119.5 115.6 110.4 106.3 103.4 100.9 99.9 100.6 102.6 105.1 101.9 96.8 91.7 87.3 86 86.6 87.2 87.4 87.7 89.5 91.8 96.1 98.5 99.6 103 104.9 94.1 88.8 85 79.7 72.3 67.7 63.4 44.1 25.9 18.2 0.6 -1.4 -1.4 -1.4 -1.4 -1.4 -1.4 -1.4 -1.4 -1.4 -1.4 -1.4 -1.4 -1.4 -1.4 -1.4 -1.4 -1.4 -1.4 -1.4 -1.4 -1.4 -1.4 -1.4 -1.4 -1.4 -1.4 -1.4 -1.4 -1.4 -1.4 -1.4 -1.4
104.9 115.4 118.8 119.2 120.1 121 120 114.8 113.8 113.2 98.3 95.1 102.7 113.9 115.7 118.6 117.7 115.3 109.6 105.2 103.1 99.9 98.5 98.1 102 103.9 103.1 98.4 93.3 87.9 83.8 82.6 83.7 83.9 85.3 87 89 92.3 94.4 95.9 99.6 101.3 94.5 89.4 84.1 79.6 70.2 58.2 48.9 35.7 29.5 16.5 1.3 -1.4 -1.4 -1.4 -1.4 -1.4 -1.4 -1.4 -1.4 -1.4 -1.4 -1.4 -1.4 -1.4 -1.4 -1.4 -1.4 -1.4 -1.4 -1.4 -1.4 -1.4 -1.4 -1.4 -1.4 -1.4 -1.4 -1.4 -1.4 -1.4 -1.4 -1.4 -1.4
116 119.7 118.4 114 112.4 110.6 111.8 111.9 105.6 102.4 97.5 89.2 95.2 103.1 102.1 108.8 113.6 113.3 107.3 105 102.9 101.4 101.1 99.6 102.3 106.4 103.8 99.4 95 90.1 85.9 81.2 80.2 80.1 81.7 82.9 86.3 89 92 94.9 98 101 93.8 92.6 85.8 80.6 73.5 64.2 55.4 48.9 42.6 21.2 15.4 17.5 -1.4 -1.4 -1.4 -1.4 -1.4 -1.4 -1.4 -1.4 -1.4 -1.4 -1.4 -1.4 -1.4 -1.4 -1.4 -1.4 -1.4 -1.4 -1.4 -1.4 -1.4 -1.4 -1.4 -1.4 -1.4 -1.4 -1.4 -1.4 -1.4 -1.4 -1.4
120.3 120.5 114.7 104.6 101.7 101.4 109.7 109.5 106.1 92.8 91.4 85.9 88.5 91.4 92.1 97.7 108 108.5 106.6 103.2 101.8 102.1 103.6 98.9 101.6 109.6 103.7 98 94.1 89.8 87.2 83.5 78.2 78.6 79.8 82.9 85.2 89.5 92.9 96.5 99.3 102.1 104.6 102.3 100.6 97.7 94.5 86.4 75.6 69.9 63.8 57.1 57.1 55.5 32.4 -1.4 -1.4 -1.4 -1.4 -1.4 -1.4 -1.4 -1.4 -1.4 -1.4 -1.4 -1.4 -1.4 -1.4 -1.4 -1.4 -1.4 -1.4 -1.4 -1.4 -1.4 -1.4 -1.4 -1.4 -1.4 -1.4 -1.4 -1.4 -1.4 -1.4
119.6 120.8 118.5 105.9 94.6 93.7 100.7 109.9 106.9 102.6 92.2 85.6 84.1 86.1 86.4 101.9 109.3 108.5 104.2 102.6 100.4 100.8 101 95.5 99.2 95.8 102 97.3 92.8 88 84.3 80.6 77.4 77 80.2 83.4 88.5 91.5 94.8 99 102.7 107.5 115.7 121 119.9 115.6 111 108.9 102.4 96.9 90.8 83 79.3 66.1 -1.4 -1.4 -1.4 -1.4 -1.4 -1.4 -1.4 -1.4 -1.4 -1.4 -1.4 -1.4 -1.4 -1.4 -1.4 -1.4 -1.4 -1.4 -1.4 -1.4 -1.4 -1.4 -1.4 -1.4 -1.4 -1.4 -1.4 -1.4 -1.4 -1.4 -1.4
115.8 118.1 116.8 109.7 96.1 90.1 91.3 107.8 106.6 106.3 93.4 88.1 84.1 85 88.4 107.8 112.9 110 104.9 101.6 100.1 99 96.9 94.2 95.8 95.3 103 99 92.4 87.9 83.3 81.2 78.2 76.6 81.1 85.3 90 95.4 103.3 108.7 113.2 120 124.2 125.9 124.4 122.7 119.8 114.9 108.5 101.2 91.8 82.6 71.8 60 -1.4 -1.4 -1.4 -1.4 -1.4 -1.4 -1.4 -1.4 -1.4 -1.4 -1.4 -1.4 -1.4 -1.4 -1.4 -1.4 -1.4 -1.4 -1.4 -1.4 -1.4 -1.4 -1.4 -1.4 -1.4 -1.4 -1.4 -1.4 -1.4 -1.4 -1.4
105 112 112 108.6 97.9 88.5 87.1 94.9 101.8 101.7 96.7 89.9 86.3 83.6 85.8 104.7 110.2 107.5 104.6 102.4 98.9 94.5 95.5 88.2 91.7 99 112.2 100.4 92.9 87.4 83.7 80.3 75.4 75.2 78.7 86.1 96 105.5 114.4 121.3 124.4 125.7 126.5 126.3 125.4 122.6 118.2 112.8 104.7 87.7 76.3 64.5 53.2 45.4 12.8 -1.4 -1.4 -1.4 -1.4 -1.4 -1.4 -1.4 -1.4 -1.4 -1.4 -1.4 -1.4 -1.4 -1.4 -1.4 -1.4 -1.4 -1.4 -1.4 -1.4 -1.4 -1.4 -1.4 -1.4 -1.4 -1.4 -1.4 -1.4 -1.4 -1.4
96.5 100.4 102.4 101.1 96.7 83.9 79.9 85.1 86.5 93 88.7 89.2 85 82.8 88.4 99.1 106.6 105.2 103.6 103.6 101.5 100.1 93.4 85.7 88.9 94.3 110.8 101.5 92.1 86.6 81.5 76.9 74 73.4 76.5 84 90.8 103.6 113 123 122.5 123.6 124.7 125.1 124.3 121.3 117.3 113.9 101.1 88.2 76.2 68.5 59.9 44.2 -1.4 -1.4 -1.4 -1.4 -1.4 -1.4 -1.4 -1.4 -1.4 -1.4 -1.4 -1.4 -1.4 -1.4 -1.4 -1.4 -1.4 -1.4 -1.4 -1.4 -1.4 -1.4 -1.4 -1.4 -1.4 -1.4 -1.4 -1.4 -1.4 -1.4 -1.4
89.3 90.7 92.1 94.5 90.5 87.6 81 77.2 81.7 83.6 84.9 80.2 76.9 71.1 79.2 82.3 97.2 99.4 102 103.7 104.1 104.6 102.8 100.1 82 88.9 95 88.8 82.2 81.5 79.5 76.7 72.6 73 76.3 80.7 86.1 90.6 101.9 113.3 119.6 118.4 119.9 122 121.3 120.7 118.5 115.9 113.3 107.4 96.7 92 76 55.7 -1.4 -1.4 -1.4 -1.4 -1.4 -1.4 -1.4 -1.4 -1.4 -1.4 -1.4 -1.4 -1.4 -1.4 -1.4 -1.4 -1.4 -1.4 -1.4 -1.4 -1.4 -1.4 -1.4 -1.4 -1.4 -1.4 -1.4 -1.4 -1.4 -1.4 -1.4
84.9 82.1 85.8 90.6 92.1 88.1 81.5 75.5 74.4 77.8 78.3 76 70.8 75.5 82.9 84.9 88.1 95.6 102.3 102.9 102.2 106.1 105.9 101.7 94.4 77.2 75.2 74.8 76.6 78.6 77.3 73.8 71.8 72.5 75.2 78.7 83.3 88.2 91.8 97.9 110.2 113.4 115.7 117.2 117.8 117.3 117.6 118.3 121.6 122.5 116.2 103.1 85.9 64.2 2.1 -1.4 -1.4 -1.4 -1.4 -1.4 -1.4 -1.4 -1.4 -1.4 -1.4 -1.4 -1.4 -1.4 -1.4 -1.4 -1.4 -1.4 -1.4 -1.4 -1.4 -1.4 -1.4 -1.4 -1.4 -1.4 -1.4 -1.4 -1.4 -1.4 -1.4
89.3 81.3 79.8 83.7 87.6 86.6 82.1 76.6 73.6 72.2 73.5 74.2 76 85.8 92 95.5 96.1 100.5 102.1 100 96.7 94.8 92.5 84.6 79.4 76.8 73.6 72.5 72.7 76.4 76.7 74.6 71.4 72.1 74.4 77.8 81.6 85.7 89 92.7 99 107.5 109.9 111.2 112.1 113.6 116.7 122.4 125 125.4 120 105.9 85.1 63.1 -1.4 -1.4 -1.4 -1.4 -1.4 -1.4 -1.4 -1.4 -1.4 -1.4 -1.4 -1.4 -1.4 -1.4 -1.4 -1.4 -1.4 -1.4 -1.4 -1.4 -1.4 -1.4 -1.4 -1.4 -1.4 -1.4 -1.4 -1.4 -1.4 -1.4 -1.4
89.6 82.5 76.2 80.2 85.3 85.1 80.3 75.5 72.2 73.3 72 72.4 74.6 84.8 92.9 97.3 97.5 98.7 101.1 101.1 96.9 90.5 84.4 82.3 78.8 77.4 74.4 70.8 70.3 73.9 74.8 73 70.2 71.5 74 76.3 79.4 83 86 88.9 97 102.1 103.2 103.2 106.9 112.9 121.3 127.2 128.1 126.5 120.9 106.9 82.5 60.8 -1.4 -1.4 -1.4 -1.4 -1.4 -1.4 -1.4 -1.4 -1.4 -1.4 -1.4 -1.4 -1.4 -1.4 -1.4 -1.4 -1.4 -1.4 -1.4 -1.4 -1.4 -1.4 -1.4 -1.4 -1.4 -1.4 -1.4 -1.4 -1.4 -1.4 -1.4
86.6 79.8 74.4 73.9 82.5 86.5 83.9 80.8 72.6 72.1 73.9 74.5 82.1 87.2 89.8 94.7 94.2 94.3 99.7 100.6 99.2 93.7 89.1 84.5 82.6 80.2 76.8 72.5 69.1 70 72.2 71.1 68.8 70.3 74.6 75.9 78.3 79.3 82.4 85.3 88.9 96.2 97.3 100.4 112.2 121.6 125.5 126.5 127.5 125.1 119.3 106.5 77.9 57.8 -1.4 -1.4 -1.4 -1.4 -1.4 -1.4 -1.4 -1.4 -1.4 -1.4 -1.4 -1.4 -1.4 -1.4 -1.4 -1.4 -1.4 -1.4 -1.4 -1.4 -1.4 -1.4 -1.4 -1.4 -1.4 -1.4 -1.4 -1.4 -1.4 -1.4 -1.4
82.3 78.5 75.5 72.6 81.2 84.8 84.7 75.5 72.3 72.6 74.3 84.1 88.3 88.2 91.6 92.6 91.9 91.4 96.1 99.7 99.9 97.4 92.6 88.6 87.4 84.3 77.9 73.3 68.1 67.2 68.7 67 69.4 73.9 74.8 74.6 75.1 76.2 79.6 82.1 84.3 87 90.7 97.4 111.2 119.9 122.6 124.2 126.6 124.1 117.1 100.2 76.4 16.8 -1.4 -1.4 -1.4 -1.4 -1.4 -1.4 -1.4 -1.4 -1.4 -1.4 -1.4 -1.4 -1.4 -1.4 -1.4 -1.4 -1.4 -1.4 -1.4 -1.4 -1.4 -1.4 -1.4 -1.4 -1.4 -1.4 -1.4 -1.4 -1.4 -1.4 -1.4
77 76.4 72.1 71.9 72.2 74 73.2 72.2 72.5 72.5 82.7 88.3 95 96.8 95.5 92.7 88.5 86 90.4 95.8 97.2 96.6 95.5 93.2 91 89.2 80.9 73.8 70.1 66.2 64.7 66 69.4 74.3 75.2 73 72.5 73.2 76.9 79 81.2 83.8 86.8 90.5 102.4 111.7 116 122.7 124.9 123.1 114.1 91.5 66.6 -1.4 -1.4 -1.4 -1.4 -1.4 -1.4 -1.4 -1.4 -1.4 -1.4 -1.4 -1.4 -1.4 -1.4 -1.4 -1.4 -1.4 -1.4 -1.4 -1.4 -1.4 -1.4 -1.4 -1.4 -1.4 -1.4 -1.4 -1.4 -1.4 -1.4 -1.4 -1.4
72 74 71 70.3 70.7 73 73.4 72.9 72.4 70.1 76.9 85 93.2 95 94.8 91.4 86.6 83 87 91.4 94.5 98.3 100.7 98.7 105.4 88.1 82.9 75.4 71 66.7 63.6 66.5 68 72.9 73.2 71.5 71.6 72.8 74.6 76.5 78.9 81.4 84.3 87.8 93.3 101 110.5 119.5 123.7 121.4 112 89.5 59 -1.4 -1.4 -1.4 -1.4 -1.4 -1.4 -1.4 -1.4 -1.4 -1.4 -1.4 -1.4 -1.4 -1.4 -1.4 -1.4 -1.4 -1.4 -1.4 -1.4 -1.4 -1.4 -1.4 -1.4 -1.4 -1.4 -1.4 -1.4 -1.4 -1.4 -1.4 -1.4
73.6 73.2 70.2 71.4 72.9 74.8 75.1 74.7 73.1 66.4 68.4 74.2 78.9 85 89.2 88.2 85.2 81.7 83.3 87 91.6 97.5 105.6 112.4 96.5 89.1 86.8 77.7 73.5 68.4 63.7 66.7 67.4 70.5 71.7 70 69.3 70.3 72 73.7 76.6 79.2 82 85.8 89.7 93.4 99.3 105.4 111.7 94.6 53.4 35.5 22.9 -1.4 -1.4 -1.4 -1.4 -1.4 -1.4 -1.4 -1.4 -1.4 -1.4 -1.4 -1.4 -1.4 -1.4 -1.4 -1.4 -1.4 -1.4 -1.4 -1.4 -1.4 -1.4 -1.4 -1.4 -1.4 -1.4 -1.4 -1.4 -1.4 -1.4 -1.4 -1.4
75.9 72.5 71.2 73.9 74.4 74.9 74.8 75.4 71.7 65.1 64.8 68.2 72.2 77.4 80.8 80.9 82.3 79.8 79.4 82.9 88.7 97.4 103 106.6 88.1 87.4 88.1 87.1 79.4 70 64.5 66.9 66.3 68.5 67.4 68.9 69.5 69.3 69.5 72.2 75.2 77.4 80 83.8 88.4 91.5 93.9 95.6 94 76.9 52.7 32.5 16.7 -1.4 -1.4 -1.4 -1.4 -1.4 -1.4 -1.4 -1.4 -1.4 -1.4 -1.4 -1.4 -1.4 -1.4 -1.4 -1.4 -1.4 -1.4 -1.4 -1.4 -1.4 -1.4 -1.4 -1.4 -1.4 -1.4 -1.4 -1.4 -1.4 -1.4 -1.4 -1.4
75.7 72.1 73.1 73.9 73.8 73.7 71.9 68 62.5 63.9 64.4 67.8 70.1 72.8 75.5 77.4 77.8 76.3 76.1 82.1 88.2 96.5 102.4 103.2 97.2 87 86.7 92.9 81.4 69.7 65.8 65.2 66 67.8 69 69.8 71.3 71.7 70.9 73.2 75 77.3 80 83.1 86 89.3 92.5 94.4 91.8 83.9 64.3 50.8 19.7 -1.4 -1.4 -1.4 -1.4 -1.4 -1.4 -1.4 -1.4 -1.4 -1.4 -1.4 -1.4 -1.4 -1.4 -1.4 -1.4 -1.4 -1.4 -1.4 -1.4 -1.4 -1.4 -1.4 -1.4 -1.4 -1.4 -1.4 -1.4 -1.4 -1.4 -1.4 -1.4
72 71.8 72.7 73.7 73.5 72.1 62.7 61.5 62 63.8 64.7 65.6 67.3 69.8 69.6 72.5 73.5 72.7 74.4 80.4 86.4 95.9 98.4 99.7 100.2 93.1 97.9 89.9 78.1 68.6 61.6 67.4 71.7 74.4 76.3 76.4 75 74.2 74.3 74.1 76.1 78.8 80.3 83.6 86.6 88.5 93.1 96.2 94.3 90.5 66.4 25.9 12.7 -1.4 -1.4 -1.4 -1.4 -1.4 -1.4 -1.4 -1.4 -1.4 -1.4 -1.4 -1.4 -1.4 -1.4 -1.4 -1.4 -1.4 -1.4 -1.4 -1.4 -1.4 -1.4 -1.4 -1.4 -1.4 -1.4 -1.4 -1.4 -1.4 -1.4 -1.4 -1.4
66.9 71.3 72.2 73.1 73.2 72.9 69.4 70 64.9 62.1 62.1 64.1 63.7 65.5 67.8 69.6 70.7 71 73.6 78.9 86.5 94.9 96.4 97.1 96.4 94.9 86 78.9 65 60.2 61.5 70.4 75.5 81.9 86.8 84 79.1 77.5 76.6 76.9 77.4 79.4 80.4 83.9 87.3 90 93.7 98.3 107.2 92.7 52.2 35.2 24.3 -1.4 -1.4 -1.4 -1.4 -1.4 -1.4 -1.4 -1.4 -1.4 -1.4 -1.4 -1.4 -1.4 -1.4 -1.4 -1.4 -1.4 -1.4 -1.4 -1.4 -1.4 -1.4 -1.4 -1.4 -1.4 -1.4 -1.4 -1.4 -1.4 -1.4 -1.4 -1.4
63.2 66.1 71.2 72.2 73.2 73.2 75.5 80.8 76.1 68.3 65.6 64.7 63.5 64.6 67 69 68.6 69.8 73.5 79 86.4 94.1 94.8 95.1 93.7 86.9 69.7 59.6 58.7 63.8 69.8 78.2 81.2 84.8 91.4 88.6 82.5 79.4 79.9 79.9 80.4 80.9 81.4 84.8 86.9 89.7 92.4 96.5 97.9 75 59.7 51.8 46.6 42.1 30 -1.4 -1.4 -1.4 -1.4 -1.4 -1.4 -1.4 -1.4 -1.4 -1.4 -1.4 -1.4 -1.4 -1.4 -1.4 -1.4 -1.4 -1.4 -1.4 -1.4 -1.4 -1.4 -1.4 -1.4 -1.4 -1.4 -1.4 -1.4 -1.4 -1.4
