Assets/StreamingAssets/GeoData/Data/sw/SW33.asc
ncols 200
nrows 200
xllcorner 130000
yllcorner 30000
cellsize 50
[rows 111 to 147 of 200, columns 83 to 165 of 200]
-1.7 -1.7 -1.7 -1.7 -1.7 -1.7 -1.7 -1.7 -1.7 -1.7 -1.7 -1.7 -1.7 -1.7 -1.7 -1.7 -1.7 -1.7 -1.7 -1.7 -1.7 -1.7 -1.7 -1.7 -1.7 -1.7 -1.7 -1.7 -1.7 -1.7 -1.7 -1.7 -1.7 -1.7 -1.7 -1.7 -1.7 -1.7 -1.7 -1.7 -1.7 -1.7 -1.7 -1.7 -1.7 -1.7 -1.7 -1.7 45.4 63.6 73.6 76.4 77.9 78 81.5 83.1 84.7 88.6 94.1 96.6 98.7 100.3 101.9 101.8 102.1 100.9 100.6 103.2 104.3 106.3 108.5 111.1 113.1 114.9 116.6 118.4 120.4 121.9 123.3 124.3 125.4 127.1 128.6
-1.7 -1.7 -1.7 -1.7 -1.7 -1.7 -1.7 -1.7 -1.7 -1.7 -1.7 -1.7 -1.7 -1.7 -1.7 -1.7 -1.7 -1.7 -1.7 -1.7 -1.7 -1.7 -1.7 -1.7 -1.7 -1.7 -1.7 -1.7 -1.7 -1.7 -1.7 -1.7 -1.7 -1.7 -1.7 -1.7 -1.7 -1.7 -1.7 -1.7 -1.7 -1.7 -1.7 -1.7 -1.7 -1.7 23.4 45.8 65.7 75.8 81.1 82.7 84.2 84.9 85.7 86.7 88.4 91.7 96.9 100.1 101.9 103.8 105.2 105.8 105.9 105.5 105.3 107.6 109 110.9 112.5 114 115.4 117 118.6 120.2 121.7 123 124.4 125.8 127.1 128.4 129.9
-1.7 -1.7 -1.7 -1.7 -1.7 -1.7 -1.7 -1.7 -1.7 -1.7 -1.7 -1.7 -1.7 -1.7 -1.7 -1.7 -1.7 -1.7 -1.7 -1.7 -1.7 -1.7 -1.7 -1.7 -1.7 -1.7 -1.7 -1.7 -1.7 -1.7 -1.7 -1.7 -1.7 -1.7 -1.7 -1.7 -1.7 -1.7 -1.7 -1.7 -1.7 -1.7 -1.7 -1.7 -1.7 23.5 33.2 55.8 73.3 82.4 84.6 85.4 86 87.8 88.2 89.6 91.5 93.9 98.5 101.9 104.2 105.9 106.8 108.3 109.1 109.7 109.7 110.8 112 113.8 116 116.7 117.8 119.3 120.9 122.3 123.6 124.9 126.1 127.4 128.9 130.4 132
-1.7 -1.7 -1.7 -1.7 -1.7 -1.7 -1.7 -1.7 -1.7 -1.7 -1.7 -1.7 -1.7 -1.7 -1.7 -1.7 -1.7 -1.7 -1.7 -1.7 -1.7 -1.7 -1.7 -1.7 -1.7 -1.7 -1.7 -1.7 -1.7 -1.7 -1.7 -1.7 -1.7 -1.7 -1.7 -1.7 -1.7 -1.7 -1.7 -1.7 -1.7 -1.7 -1.7 -1.7 -1.7 56.7 59.9 67.6 78.6 84.9 87.2 86.9 87.1 88.6 90 92.1 95.3 97.6 100.9 103.8 105.9 107.8 109.3 110.6 111.8 112.6 112.9 113.4 114.6 115.7 118 118.7 120.1 121.5 122.9 124.1 125.4 126.8 128.1 129.4 131 132.6 134.2
-1.7 -1.7 -1.7 -1.7 -1.7 -1.7 -1.7 -1.7 -1.7 -1.7 -1.7 -1.7 -1.7 -1.7 -1.7 -1.7 -1.7 -1.7 -1.7 -1.7 -1.7 -1.7 -1.7 -1.7 -1.7 -1.7 -1.7 -1.7 -1.7 -1.7 -1.7 -1.7 -1.7 -1.7 -1.7 -1.7 -1.7 -1.7 -1.7 -1.7 -1.7 -1.7 -1.7 -1.7 -1.7 63.8 77.2 77.1 79.7 84.2 86.3 86.7 87.6 89.1 90.9 94.3 98 100.6 103.2 105.5 107.6 109.3 111.2 112.6 114 115.2 115.1 115.5 117.1 118.3 119.7 120.9 122.3 124 124.7 126 127.3 128.7 130 132.1 134 135.8 138.2
-1.7 -1.7 -1.7 -1.7 -1.7 -1.7 -1.7 -1.7 -1.7 -1.7 -1.7 -1.7 -1.7 -1.7 -1.7 -1.7 -1.7 -1.7 -1.7 -1.7 -1.7 -1.7 -1.7 -1.7 -1.7 -1.7 -1.7 -1.7 -1.7 -1.7 -1.7 -1.7 -1.7 -1.7 -1.7 -1.7 -1.7 -1.7 -1.7 -1.7 -1.7 -1.7 -1.7 -1.7 30.1 74.1 83.8 83.3 82.5 84 85.9 86.8 88.1 89.9 92 95.6 99.5 102.7 105.2 107.5 109.6 111.4 113.3 114.6 116 117.3 117.4 117.4 119.3 120.9 121.8 123.1 124.5 125.7 126.8 128.1 129.2 130.7 132.6 135.1 137.7 140.4 144.4
-1.7 -1.7 -1.7 -1.7 -1.7 -1.7 -1.7 -1.7 -1.7 -1.7 -1.7 -1.7 -1.7 -1.7 -1.7 -1.7 -1.7 -1.7 -1.7 -1.7 -1.7 -1.7 -1.7 -1.7 -1.7 -1.7 -1.7 -1.7 -1.7 -1.7 -1.7 -1.7 -1.7 -1.7 -1.7 -1.7 -1.7 -1.7 -1.7 -1.7 -1.7 -1.7 -1.7 -1.7 51.2 68.8 80.9 82.7 84.4 84.8 86.1 87.2 88.5 91.1 93.5 97 101.1 104.7 107.1 109.3 111.6 113.6 115.4 117.1 118.2 119.4 119.9 120 121.6 123.2 124.5 125.6 126.9 127.9 128.9 130.4 131.9 133.9 135.9 138.9 142.4 146.4 152.2
-1.7 -1.7 -1.7 -1.7 -1.7 -1.7 -1.7 -1.7 -1.7 -1.7 -1.7 -1.7 -1.7 -1.7 -1.7 -1.7 -1.7 -1.7 -1.7 -1.7 -1.7 -1.7 -1.7 -1.7 -1.7 -1.7 -1.7 -1.7 -1.7 -1.7 -1.7 -1.7 -1.7 -1.7 -1.7 -1.7 -1.7 -1.7 -1.7 -1.7 -1.7 -1.7 -1.7 -1.7 20.7 52.4 70.3 77.8 80.7 83.8 85.8 87 89.3 92.2 94.7 98.4 102.3 106.6 108.6 110.7 112.8 114.8 116.7 118.4 119.7 120.9 121.9 121.9 123.6 125.2 126.5 127.5 128.7 130 131 132.5 134.4 136.4 139.5 143.4 147.8 152.9 160.3
-1.7 -1.7 -1.7 -1.7 -1.7 -1.7 -1.7 -1.7 -1.7 -1.7 -1.7 -1.7 -1.7 -1.7 -1.7 -1.7 -1.7 -1.7 -1.7 -1.7 -1.7 -1.7 -1.7 -1.7 -1.7 -1.7 -1.7 -1.7 -1.7 -1.7 -1.7 -1.7 -1.7 -1.7 -1.7 -1.7 -1.7 -1.7 -1.7 -1.7 -1.7 -1.7 -1.7 -1.7 -1.7 51.2 76.2 83.9 83.1 84.4 85.2 87.3 90 92.9 96.1 100.2 104 107.8 109.8 111.9 113.9 116 117.9 119.6 121 122.2 123.3 124.1 125.4 126.7 127.9 129 130.3 131.8 133.2 135 136.8 139.1 143.4 148.1 152.6 159.8 167.5
-1.7 -1.7 -1.7 -1.7 -1.7 -1.7 -1.7 -1.7 -1.7 -1.7 -1.7 -1.7 -1.7 -1.7 -1.7 -1.7 -1.7 -1.7 -1.7 -1.7 -1.7 -1.7 -1.7 -1.7 -1.7 -1.7 -1.7 -1.7 -1.7 -1.7 -1.7 -1.7 -1.7 -1.7 -1.7 -1.7 -1.7 -1.7 -1.7 -1.7 -1.7 -1.7 -1.7 16.7 43.3 69.7 82.4 86.3 86.3 85.5 86.4 88 91 93.9 96.8 101 104.8 108 110.9 113 115.1 117.2 119.1 120.8 122.2 123.6 124.6 125.6 126.8 128 129.6 131 132.9 134.4 135.6 137.3 139.3 142.8 147.8 152.7 157.4 165.6 173.5
-1.7 -1.7 -1.7 -1.7 -1.7 -1.7 -1.7 -1.7 -1.7 -1.7 -1.7 -1.7 -1.7 -1.7 -1.7 -1.7 -1.7 -1.7 -1.7 -1.7 -1.7 -1.7 -1.7 -1.7 -1.7 -1.7 -1.7 -1.7 -1.7 -1.7 -1.7 -1.7 -1.7 -1.7 -1.7 -1.7 -1.7 -1.7 -1.7 -1.7 -1.7 -1.7 -1.7 57.7 75.6 82.4 87.2 88.4 88.1 88.1 88.5 89.7 92.6 95.7 98.4 102.6 105.5 108.4 111.3 113.9 116.2 118.3 120.1 121.8 123.2 124.6 125.7 127.2 128.5 129.3 131.3 133.1 135.4 137.2 138.3 140.2 144.2 148.5 152.4 157 162.7 170.1 178.3
-1.7 -1.7 -1.7 -1.7 -1.7 -1.7 -1.7 -1.7 -1.7 -1.7 -1.7 -1.7 -1.7 -1.7 -1.7 -1.7 -1.7 -1.7 -1.7 -1.7 -1.7 -1.7 -1.7 -1.7 -1.7 -1.7 -1.7 -1.7 -1.7 -1.7 -1.7 -1.7 -1.7 -1.7 -1.7 -1.7 -1.7 -1.7 -1.7 -1.7 -1.7 -1.7 60.8 72.8 84.7 88.4 90.6 91 90.1 89.6 89.7 91.3 94.3 97.2 100 103.3 106.6 109 111.7 114.4 116.7 118.9 121 122.8 124.2 125.7 127.2 129 130.7 131.5 133.2 134.6 137.4 140.1 141.8 144.5 148.6 152.9 156.4 161.3 167.1 174 181.9
-1.7 -1.7 -1.7 -1.7 -1.7 -1.7 -1.7 -1.7 -1.7 -1.7 -1.7 -1.7 -1.7 -1.7 -1.7 -1.7 -1.7 -1.7 -1.7 -1.7 -1.7 -1.7 -1.7 -1.7 -1.7 -1.7 -1.7 -1.7 -1.7 -1.7 -1.7 -1.7 -1.7 -1.7 -1.7 -1.7 -1.7 -1.7 -1.7 -1.7 -1.7 46.7 79.2 87.8 90.5 92.4 93.3 93.5 92 91.3 91.7 93 95.6 98.6 101.6 104.8 107.9 110.5 112.8 115 117.1 119.3 121.4 123.6 125.2 126.7 128.6 130.7 132.6 134.1 135.3 137 139.7 141.9 144.8 148.1 152 156.6 160.7 165.7 171 177.2 184.9
-1.7 -1.7 -1.7 -1.7 -1.7 -1.7 -1.7 -1.7 -1.7 -1.7 -1.7 -1.7 -1.7 -1.7 -1.7 -1.7 -1.7 -1.7 -1.7 -1.7 -1.7 -1.7 -1.7 -1.7 -1.7 -1.7 -1.7 -1.7 -1.7 -1.7 -1.7 -1.7 -1.7 -1.7 -1.7 -1.7 -1.7 -1.7 -1.7 -1.7 -1.7 55.8 87.3 95.5 95.6 96.1 96.5 95.5 93.6 92.6 93.6 94.9 97 99.9 103.2 106.4 109.4 112 114.1 116.1 118 119.9 121.9 124.1 126 127.8 129.9 132.1 134.3 135.9 137 139.4 141.4 144.1 147.2 151 155.2 159.7 164.1 169.2 174.9 180.8 186.8
-1.7 -1.7 -1.7 -1.7 -1.7 -1.7 -1.7 -1.7 -1.7 -1.7 -1.7 -1.7 -1.7 -1.7 -1.7 -1.7 -1.7 -1.7 -1.7 -1.7 -1.7 -1.7 -1.7 -1.7 -1.7 -1.7 -1.7 -1.7 -1.7 -1.7 -1.7 -1.7 -1.7 -1.7 -1.7 -1.7 -1.7 -1.7 -1.7 -1.7 -1.7 47.8 87.2 97.9 99.1 99.1 98.1 96.8 95.2 93.8 94.7 95.8 98 100.9 104.5 107.7 110.6 113.1 115.2 117.2 119.1 120.9 122.8 124.6 126.7 128.7 131 133.4 135.7 137.7 139.7 142 143.5 145.5 149.2 153.5 157.8 161.8 166.5 171.5 176.8 182.2 187.5
-1.7 -1.7 -1.7 -1.7 -1.7 -1.7 -1.7 -1.7 -1.7 -1.7 -1.7 -1.7 -1.7 -1.7 -1.7 -1.7 -1.7 -1.7 -1.7 -1.7 -1.7 -1.7 -1.7 -1.7 -1.7 -1.7 -1.7 -1.7 -1.7 -1.7 -1.7 -1.7 -1.7 -1.7 -1.7 -1.7 -1.7 -1.7 -1.7 -1.7 -1.7 47 83.8 98.8 101.1 100.1 99 97.4 96.3 95 94.2 96 98.4 102.3 105.9 108.7 111.6 114 116 117.7 119.5 121.4 123.3 125.3 127.5 129.6 131.9 134.3 136.6 138.9 141.4 144.5 146.5 148.5 150.2 155.7 159.7 164 168.4 173.3 178.2 183.1 187.2
-1.7 -1.7 -1.7 -1.7 -1.7 -1.7 -1.7 -1.7 -1.7 -1.7 -1.7 -1.7 -1.7 -1.7 -1.7 -1.7 -1.7 -1.7 -1.7 -1.7 -1.7 -1.7 -1.7 -1.7 -1.7 -1.7 -1.7 -1.7 -1.7 -1.7 -1.7 -1.7 -1.7 -1.7 -1.7 -1.7 -1.7 -1.7 -1.7 -1.7 -1.7 46.1 85.7 98.8 100.2 100.3 99.1 98.1 97.2 96.5 95.6 96 98.7 103.2 106.8 109.7 112.6 114.8 116.5 118.2 120 121.9 123.8 126 128.3 130.5 132.9 135.3 137.4 141 143.4 146.2 149.1 151.9 153.4 156.1 160.6 165 169.7 173.6 177.7 182.2 186.3
-1.7 -1.7 -1.7 -1.7 -1.7 -1.7 -1.7 -1.7 -1.7 -1.7 -1.7 -1.7 -1.7 -1.7 -1.7 -1.7 -1.7 -1.7 -1.7 -1.7 -1.7 -1.7 -1.7 -1.7 -1.7 -1.7 -1.7 -1.7 -1.7 -1.7 -1.7 -1.7 -1.7 -1.7 -1.7 -1.7 -1.7 -1.7 -1.7 -1.7 -1.7 29.1 80.2 97.4 98.6 99.5 99.8 99.3 98.5 98.3 97.9 97.8 99 104 107 110.6 113.4 115.2 117 118.8 120.5 122.4 124.4 126.7 128.6 130.5 133.4 135.9 138.8 141.8 144.8 147.8 151.1 154.2 157.6 158.8 160.6 165.6 169.7 173.6 177.4 181.4 185.2
-1.7 -1.7 -1.7 -1.7 -1.7 -1.7 -1.7 -1.7 -1.7 -1.7 -1.7 -1.7 -1.7 -1.7 -1.7 -1.7 -1.7 -1.7 -1.7 -1.7 -1.7 -1.7 -1.7 -1.7 -1.7 -1.7 -1.7 -1.7 -1.7 -1.7 -1.7 -1.7 -1.7 -1.7 -1.7 -1.7 -1.7 -1.7 -1.7 -1.7 -1.7 -1.7 54.4 86.3 96.1 98.6 100 100.6 100.4 100.9 101.5 101.5 100.8 103.7 107.5 111 112.8 115.3 117.2 119.2 121.1 122.9 124.8 126.5 128.2 130.4 133.2 136.2 138.9 141.7 145.1 148.5 152.1 155.4 159.2 161.8 163 164.7 169.1 173.4 177.4 181.4 184.7
-1.7 -1.7 -1.7 -1.7 -1.7 -1.7 -1.7 -1.7 -1.7 -1.7 -1.7 -1.7 -1.7 -1.7 -1.7 -1.7 -1.7 -1.7 -1.7 -1.7 -1.7 -1.7 -1.7 -1.7 -1.7 -1.7 -1.7 -1.7 -1.7 -1.7 -1.7 -1.7 -1.7 -1.7 -1.7 -1.7 -1.7 -1.7 -1.7 -1.7 -1.7 -1.7 4.4 64.1 88.8 97.5 100.7 101.5 102.7 103.8 104.1 104.1 103.9 103.8 108 111 113.2 115.7 117.4 119.5 121.3 122.9 124.5 126.2 127.9 130.3 133.1 136 138.4 141.4 144.8 148.1 151.6 155.1 159 162.7 164.5 166.5 168.3 172 176.5 180.5 184.1
-1.7 -1.7 -1.7 -1.7 -1.7 -1.7 -1.7 -1.7 -1.7 -1.7 -1.7 -1.7 -1.7 -1.7 -1.7 -1.7 -1.7 -1.7 -1.7 -1.7 -1.7 -1.7 -1.7 -1.7 -1.7 -1.7 -1.7 -1.7 -1.7 -1.7 -1.7 -1.7 -1.7 -1.7 -1.7 -1.7 -1.7 -1.7 -1.7 -1.7 -1.7 -1.7 2.1 51 82.9 95 100.9 102.5 104 105.3 106.3 106.2 106.9 107 108.8 111.1 113.5 115.7 117.2 119.2 120.8 122.5 124.1 125.9 127.6 130 132.3 134.7 137.6 141 144.3 147.6 151 154.2 157.7 161.3 165 168 170.1 173 176.8 180.5 184.1
-1.7 -1.7 -1.7 -1.7 -1.7 -1.7 -1.7 -1.7 -1.7 -1.7 -1.7 -1.7 -1.7 -1.7 -1.7 -1.7 -1.7 -1.7 -1.7 -1.7 -1.7 -1.7 -1.7 -1.7 -1.7 -1.7 -1.7 -1.7 -1.7 -1.7 -1.7 -1.7 -1.7 -1.7 -1.7 -1.7 -1.7 -1.7 -1.7 -1.7 -1.7 -1.7 5.9 49.8 79.7 95.8 100.1 103 105.3 107.2 108.2 108.9 108.8 109.1 110 110.7 113.3 115.5 116.9 118.6 120.2 121.9 123.5 124.9 126.5 128.8 131.1 133.1 135.9 139.8 143.1 146.3 149.5 152.9 156.3 160.1 164.5 169.2 173.3 177.2 180.6 183 185.3
-1.7 -1.7 -1.7 -1.7 -1.7 -1.7 -1.7 -1.7 -1.7 -1.7 -1.7 -1.7 -1.7 -1.7 -1.7 -1.7 -1.7 -1.7 -1.7 -1.7 -1.7 -1.7 -1.7 -1.7 -1.7 -1.7 -1.7 -1.7 -1.7 -1.7 -1.7 -1.7 -1.7 -1.7 -1.7 -1.7 -1.7 -1.7 -1.7 -1.7 -1.7 39.1 21.9 58.6 83.5 94.5 100.7 103.9 106.2 108.6 109.8 110.2 110.5 110.9 111 111.7 113.2 114.6 115.8 117.3 118.7 120.3 121.9 123.7 125.4 127.2 129.1 131.3 134.8 138.7 141.6 144.8 148.1 151.9 155.5 159.4 164.9 170.7 176.1 180.8 184.1 187.2 189
-1.7 -1.7 -1.7 -1.7 -1.7 -1.7 -1.7 -1.7 -1.7 -1.7 -1.7 -1.7 -1.7 -1.7 -1.7 -1.7 -1.7 -1.7 -1.7 -1.7 -1.7 -1.7 -1.7 -1.7 -1.7 -1.7 -1.7 -1.7 -1.7 -1.7 -1.7 -1.7 -1.7 -1.7 -1.7 -1.7 -1.7 -1.7 -1.7 -1.7 -1.7 19.6 56.9 73.1 89.5 91.4 102 103.7 106.7 108.7 109.7 110.7 111.6 112 112.7 112.6 112.8 113.9 115.1 116.8 118.4 119.7 120.7 122.3 123.3 125.2 127.3 129.4 132.5 136.9 140.9 144 147.6 151.6 155.5 159.8 166.3 172.1 177.5 183.3 188.1 191.7 193.5
-1.7 -1.7 -1.7 -1.7 -1.7 -1.7 -1.7 -1.7 -1.7 -1.7 -1.7 -1.7 -1.7 -1.7 -1.7 -1.7 -1.7 -1.7 -1.7 -1.7 -1.7 -1.7 -1.7 -1.7 -1.7 -1.7 -1.7 -1.7 -1.7 -1.7 -1.7 -1.7 -1.7 -1.7 -1.7 -1.7 -1.7 -1.7 -1.7 -1.7 -1.7 49.4 69 81.8 91.5 95.8 100.7 102.3 105.4 107.8 109.4 110.6 111.7 112.5 113 113.2 113.8 114.8 115.7 117 118.4 119.4 120.4 121 122.2 124.5 128.1 131.5 134.6 138 141.1 143.9 147.9 152 155.9 161 167.4 173.2 179.3 185.4 190.6 194.8 197
-1.7 -1.7 -1.7 -1.7 -1.7 -1.7 -1.7 -1.7 -1.7 -1.7 -1.7 -1.7 -1.7 -1.7 -1.7 -1.7 -1.7 -1.7 -1.7 -1.7 -1.7 -1.7 -1.7 -1.7 -1.7 -1.7 -1.7 -1.7 -1.7 -1.7 -1.7 -1.7 -1.7 -1.7 -1.7 -1.7 -1.7 -1.7 -1.7 -1.7 -1.7 39.7 69.7 83.7 90.2 94.7 98.3 100.7 104.6 107.6 109.3 110.6 111.9 112.8 113.5 114.3 115.2 116.2 117.3 118.7 120.2 120.9 121.6 122.2 123.5 126.3 129.5 132.7 135.8 138.9 141.7 144.4 148.6 152.7 156.5 161.6 167.9 174.1 180 186.4 191.9 196.8 200.1
-1.7 -1.7 -1.7 -1.7 -1.7 -1.7 -1.7 -1.7 -1.7 -1.7 -1.7 -1.7 -1.7 -1.7 -1.7 -1.7 -1.7 -1.7 -1.7 -1.7 -1.7 -1.7 -1.7 -1.7 -1.7 -1.7 -1.7 -1.7 -1.7 -1.7 -1.7 -1.7 -1.7 -1.7 -1.7 -1.7 -1.7 -1.7 -1.7 -1.7 -1.7 55.4 72.8 84.5 89.1 92.9 96 99.6 102.8 106.6 109.2 110.5 111.8 112.8 113.6 114.3 115.4 116.6 117.8 119.3 120.8 121.9 123.2 123.9 125.9 128.1 130.8 133.9 137 140 142.8 146.1 149.9 153.5 157.6 162.2 168.2 174.4 180 186.1 191.5 196.3 200.9
-1.7 -1.7 -1.7 -1.7 -1.7 -1.7 -1.7 -1.7 -1.7 -1.7 -1.7 -1.7 -1.7 -1.7 -1.7 -1.7 -1.7 -1.7 -1.7 -1.7 -1.7 -1.7 -1.7 -1.7 -1.7 -1.7 -1.7 -1.7 -1.7 -1.7 -1.7 -1.7 -1.7 -1.7 -1.7 -1.7 -1.7 -1.7 -1.7 -1.7 -1.7 48.3 70.5 80.9 86.4 90.6 94.7 97.6 102.1 105.9 108.7 110.3 111.4 112.4 113.4 114.1 114.9 116 117.3 119.1 120.8 122.6 124.1 125.1 127.4 130.1 132.4 135.1 138.2 141.1 144.1 147.7 150.8 154.3 158.8 163.5 168.8 174.5 179.9 185.3 189.5 193.8 197.9
-1.7 -1.7 -1.7 -1.7 -1.7 -1.7 -1.7 -1.7 -1.7 -1.7 -1.7 -1.7 -1.7 -1.7 -1.7 -1.7 -1.7 -1.7 -1.7 -1.7 -1.7 -1.7 -1.7 -1.7 -1.7 -1.7 -1.7 -1.7 -1.7 -1.7 -1.7 -1.7 -1.7 -1.7 -1.7 -1.7 -1.7 -1.7 -1.7 -1.7 -1.7 50.4 71.1 80.3 84.3 88.7 93.3 96.3 100.3 104.6 107.3 109.2 110.4 111.5 112.8 113.7 114.6 115.5 116.8 118.6 120.4 122.3 124.2 125.9 128.6 131.2 133.9 136.6 139.3 142.1 145.6 148.5 151.8 155.4 160 164.4 169.4 174.6 179.2 183.6 187.5 190.9 193.9
-1.7 -1.7 -1.7 -1.7 -1.7 -1.7 -1.7 -1.7 -1.7 -1.7 -1.7 -1.7 -1.7 -1.7 -1.7 -1.7 -1.7 -1.7 -1.7 -1.7 -1.7 -1.7 -1.7 -1.7 -1.7 -1.7 -1.7 -1.7 -1.7 -1.7 -1.7 -1.7 -1.7 -1.7 -1.7 -1.7 -1.7 -1.7 -1.7 -1.7 2 51 77 87.5 89 88.9 92.9 95.7 100.1 103.6 105.9 107.8 109.3 110.5 111.6 112.7 113.8 114.9 116.3 118.1 120 121.8 124.2 126.2 129 131.7 135 137.8 140.4 143.4 146.2 149.3 152.5 156.5 160.7 164.7 169.6 173.6 177.9 182.1 185.4 188.1 190.5
-1.7 -1.7 -1.7 -1.7 -1.7 -1.7 -1.7 -1.7 -1.7 -1.7 -1.7 -1.7 -1.7 -1.7 -1.7 -1.7 -1.7 -1.7 -1.7 -1.7 -1.7 -1.7 -1.7 -1.7 -1.7 -1.7 -1.7 -1.7 -1.7 -1.7 -1.7 -1.7 -1.7 -1.7 -1.7 -1.7 -1.7 -1.7 -1.7 2.1 38.8 54.6 83.6 90.8 92.2 91.8 93.3 95.4 99.3 102.8 104.9 106.3 107.5 108.9 110.1 111.1 112.6 114.1 115.7 117.2 119.1 121.5 124.2 126.6 129.3 132 135.6 138.4 141.3 144.1 147 150.1 153.6 157.5 161.6 165.1 169 172.9 176.9 180 183.1 185.3 187.1
-1.7 -1.7 -1.7 -1.7 -1.7 -1.7 -1.7 -1.7 -1.7 -1.7 -1.7 -1.7 -1.7 -1.7 -1.7 -1.7 -1.7 -1.7 -1.7 -1.7 -1.7 -1.7 -1.7 -1.7 -1.7 -1.7 -1.7 -1.7 -1.7 -1.7 -1.7 2.1 5 2.1 -1.7 -1.7 -1.7 -1.7 19.5 40.5 67.8 83.9 88.8 93.7 95.3 93.9 92.4 94.9 98.1 101.2 103.3 104.6 105.7 107 108.7 110.7 112.5 113.9 115 116.7 118.7 121.3 123.9 126.6 129.6 132.3 135.4 138.3 141.2 144.2 147.9 151.3 154.7 158.5 162 165.4 168.8 172.6 175.7 178.1 180.3 182.1 183.8
-1.7 -1.7 -1.7 -1.7 -1.7 -1.7 -1.7 -1.7 -1.7 -1.7 -1.7 -1.7 -1.7 -1.7 -1.7 -1.7 -1.7 -1.7 -1.7 -1.7 -1.7 -1.7 -1.7 -1.7 -1.7 -1.7 -1.7 -1.7 -1.7 -1.7 -1.7 32.6 35.8 30.4 -1.7 3.8 23.7 30.3 56.1 75.3 84.6 91.3 95.8 97.5 97.2 96 94.4 93.7 96.6 99.5 101.2 102.9 104.4 105.8 108.4 110.6 112.7 114.2 115.7 117.5 119.5 121.4 124.1 126.9 129.9 132.7 135.5 138.4 141.3 144.3 148.1 151.9 155.4 158.9 162.5 165.9 169 172.4 174.9 176.8 178.2 179.2 180.7
-1.7 -1.7 -1.7 -1.7 -1.7 -1.7 -1.7 -1.7 -1.7 -1.7 -1.7 -1.7 -1.7 -1.7 -1.7 -1.7 -1.7 -1.7 -1.7 -1.7 -1.7 -1.7 -1.7 -1.7 -1.7 -1.7 -1.7 -1.7 -1.7 -1.7 45.6 65 61.8 55.1 42.8 44.1 55.2 66.6 77 87.4 93.5 98.9 100.3 100.8 99.5 99 98.4 99 99.7 99.6 101.9 102.9 104.5 105.9 108.4 111 112.8 114.6 116.5 118.5 120.4 122.4 124.9 127.6 130.2 133.2 136.1 139.2 142.4 145.7 149.1 152.9 156 159.1 162.9 166.4 169.5 172.2 174.4 175.6 176.5 176.8 177.8
-1.7 -1.7 -1.7 -1.7 -1.7 -1.7 -1.7 -1.7 -1.7 -1.7 -1.7 -1.7 -1.7 -1.7 -1.7 -1.7 -1.7 -1.7 -1.7 -1.7 -1.7 -1.7 -1.7 -1.7 -1.7 -1.7 -1.7 -1.7 -1.7 -1.7 63 78.9 82 76.6 71.6 72.5 75.6 82.7 87.9 93.8 97.9 101 102.9 103.1 102.3 102.4 103.4 105.1 105.6 105.6 105.3 105.3 105.6 106.8 108.7 110.9 112.9 114.7 116.7 118.9 121 123.5 125.9 128.6 131.2 134.6 137.8 140.7 143.7 147 150 153.6 156.6 159.6 162.9 166.7 169.5 172.2 173.6 174.6 175.3 174.9 175
-1.7 -1.7 -1.7 -1.7 -1.7 -1.7 -1.7 -1.7 -1.7 -1.7 -1.7 -1.7 -1.7 -1.7 -1.7 -1.7 -1.7 -1.7 -1.7 -1.7 -1.7 -1.7 -1.7 -1.7 -1.7 -1.7 -1.7 -1.7 -1.7 53.2 73.1 84.9 90.2 89.5 87.1 85.5 86 90.5 93 95.2 99.2 102 104 104.3 104.3 103.5 105.7 107.8 108.3 108.4 108.2 107.8 107.4 107.4 108.8 110.8 112.8 114.7 116.6 118.5 121.1 123.7 126.3 129.3 132.3 135.6 138.7 141.7 144.8 147.9 150.9 154.4 157.5 160.5 163.7 166.9 169.3 171.9 173.2 174 173.6 173 172.9
-1.7 -1.7 -1.7 -1.7 -1.7 -1.7 -1.7 -1.7 -1.7 -1.7 -1.7 -1.7 -1.7 -1.7 -1.7 -1.7 -1.7 -1.7 -1.7 -1.7 -1.7 -1.7 -1.7 -1.7 -1.7 48.9 53.4 41.6 37.9 66.9 81 88.3 92.6 93.6 93 92.6 92.5 92.9 93.8 96.5 99.4 101.9 103.8 104.7 105.1 105.5 107.1 108.8 109.7 110.2 110.4 110 109.4 108.6 109.2 110.6 112.4 114.1 116.2 118.5 121.3 123.9 126.8 129.7 132.6 136.2 139.3 142.4 145.4 148.7 151.8 155.1 158.2 161.4 164.3 166.9 169.3 171.7 172.8 173.3 172.4 171.1 170.2
