Assets/StreamingAssets/GeoData/Data/sw/SW42.asc
ncols 200
nrows 200
xllcorner 140000
yllcorner 20000
cellsize 50
[rows 37 to 73 of 200, columns 84 to 167 of 200]
103.6 105.2 105.6 104.6 102.7 99.3 96.1 94.4 94.5 95.8 97.1 98.3 98.6 98.6 99.3 102 104.9 107.5 109.8 112 113 113.4 113.5 112.9 110.8 108.5 106.9 106.7 106.4 105.8 104.1 101.5 100.4 101 102.4 102.4 101 99.8 96.6 92.7 89.2 85 80.3 75.5 69.1 63.2 54.1 40.8 27.6 15.1 6.8 1.6 -1.6 -1.6 -1.6 -1.6 -1.6 -1.6 -1.6 -1.6 -1.6 -1.6 -1.6 -1.6 -1.6 -1.6 -1.6 -1.6 -1.6 -1.6 -1.6 -1.6 -1.6 -1.6 -1.6 -1.6 -1.6 -1.6 -1.6 -1.6 -1.6 -1.6 -1.6 -1.6
103.7 105.2 105.3 104.6 102.9 100.3 96.7 94.6 93.8 94.3 95 95.7 95.5 95.1 96.6 99.5 102.4 105.7 108.4 110.6 112.4 113.5 113.8 113.9 112.6 110.4 108.3 106.9 106.2 105.6 104.5 103 101.4 101.3 102.8 103.3 103.1 102.3 99.7 96.4 93 89.6 85.5 81.2 75 69.4 61.4 50.5 39.2 27.8 18.1 9.4 2 -1.6 -1.6 -1.6 -1.6 -1.6 -1.6 -1.6 -1.6 -1.6 -1.6 -1.6 -1.6 -1.6 -1.6 -1.6 -1.6 -1.6 -1.6 -1.6 -1.6 -1.6 -1.6 -1.6 -1.6 -1.6 -1.6 -1.6 -1.6 -1.6 -1.6 -1.6
103.1 104 104.3 103.8 102.5 100.8 96.6 94.6 93.4 92.9 92.7 92.6 92.2 92.2 93.4 95.9 99.1 103.2 106.2 109.1 111.2 113.2 114.1 114.3 113.4 111.8 109.6 107.2 106.3 104.7 103.6 102.3 100.8 100.3 101.2 103.1 103.9 103.6 102 99 95.7 92.8 89.6 85.7 81.8 76.9 69.5 60.7 52.6 40.7 31.8 21.4 11 -1.6 -1.6 -1.6 -1.6 -1.6 -1.6 -1.6 -1.6 -1.6 -1.6 -1.6 -1.6 -1.6 -1.6 -1.6 -1.6 -1.6 -1.6 -1.6 -1.6 -1.6 -1.6 -1.6 -1.6 -1.6 -1.6 -1.6 -1.6 -1.6 -1.6 -1.6
101.7 102.5 102.8 102.2 100.8 98.4 96.4 94.2 92.7 92.1 91.5 91.2 91 91.1 91.8 93.1 96.4 100.5 103.7 107.5 110.5 112.7 114.3 114.6 114 112.6 110.7 108.4 106 103.8 102.1 101 100 99.5 100 101.7 103.4 103.8 102.9 101.3 98.8 96.1 93.1 90.1 86.8 83.5 78.7 71.1 70.4 57.1 27.5 18 21.2 12.6 -1.6 -1.6 -1.6 -1.6 -1.6 -1.6 -1.6 -1.6 -1.6 -1.6 -1.6 -1.6 -1.6 -1.6 -1.6 -1.6 -1.6 -1.6 -1.6 -1.6 -1.6 -1.6 -1.6 -1.6 -1.6 -1.6 -1.6 -1.6 -1.6 -1.6
100.5 101.3 101.5 100.5 98.9 97.3 95.5 93.4 92.2 91.6 91 90.8 90.5 90.6 91.1 91.7 94.2 98.1 102.3 106.5 110.4 112.3 114.4 114.7 114.6 113.3 111.5 108.9 106.2 103.6 101.6 100.1 99.4 99.3 99.3 100.3 101.4 102.8 103.1 102.6 101 98.7 96.4 93.9 90.9 88.3 84.4 79.9 53.6 37.5 25.9 28.3 23.5 23.2 12.5 -1.6 -1.6 -1.6 -1.6 -1.6 -1.6 -1.6 -1.6 -1.6 -1.6 -1.6 -1.6 -1.6 -1.6 -1.6 -1.6 -1.6 -1.6 -1.6 -1.6 -1.6 -1.6 -1.6 -1.6 -1.6 -1.6 -1.6 -1.6 -1.6
99.1 100 100 99 97.6 95.9 94.3 92.3 91.7 91.3 90.9 90.6 90.5 90.6 91.1 91.9 93.3 97 101.5 105.9 110 112.5 114.4 115 114.8 113.9 112 109.8 106.9 104.4 102.3 100.3 99.5 99.3 99.3 98.9 99.4 101 102.8 103.1 102.1 100.8 98.9 96.3 93.7 91.6 89 73.1 40.3 28.3 26.1 21.1 23.7 25.8 20.1 -1.6 -1.6 -1.6 -1.6 -1.6 -1.6 -1.6 -1.6 -1.6 -1.6 -1.6 -1.6 -1.6 -1.6 -1.6 -1.6 -1.6 -1.6 -1.6 -1.6 -1.6 -1.6 -1.6 -1.6 -1.6 -1.6 -1.6 -1.6 -1.6
98.4 99.4 99.4 98.1 96.3 94.6 93 90.1 91 91 90.8 90.5 90.5 90.7 91.3 92.2 93.2 96.2 101 105.7 110 112.7 114.3 115.3 115.1 114.4 112.4 110.2 107.6 105.2 102.9 100.6 99.6 99.6 99.5 99.2 98.3 98.3 100.3 101.9 102 101.2 102.5 101.6 95.4 94.5 92.7 82.2 35.5 21.7 7.4 10.8 23.9 26 25.1 11.6 -1.6 -1.6 -1.6 -1.6 -1.6 -1.6 -1.6 -1.6 -1.6 -1.6 -1.6 -1.6 -1.6 -1.6 -1.6 -1.6 -1.6 -1.6 -1.6 -1.6 -1.6 -1.6 -1.6 -1.6 -1.6 -1.6 -1.6 -1.6
98.6 99.5 99.3 98.4 96.2 94.5 93 90.1 90.1 90.8 90.6 90.4 90.8 91.4 91.9 92.4 94 96.1 100.1 105.6 109.9 112.7 114.3 115.5 115.5 114.6 112.8 110.2 107.7 105.1 103 100.8 99.9 100.2 100.7 100.8 99.2 96.5 97.1 98.8 99.8 100.4 107.3 105.7 101.3 96.6 82.4 46.7 47.9 7 7 7 7 7 17.8 16.2 -1.6 -1.6 -1.6 -1.6 -1.6 -1.6 -1.6 -1.6 -1.6 -1.6 -1.6 -1.6 -1.6 -1.6 -1.6 -1.6 -1.6 -1.6 -1.6 -1.6 -1.6 -1.6 -1.6 -1.6 -1.6 -1.6 -1.6 -1.6
100.4 100.6 100.3 99.1 97.2 95.5 93.8 91.9 90.7 90.6 90.6 90.8 91.6 92.2 92.8 93.5 94.3 96.7 100.7 105.7 109.8 112.5 114.3 115.6 115.7 114.8 113 110.3 107.2 104.3 102.3 100.7 100.2 101.2 101.9 102.1 100.6 96.3 93.4 94.5 96 108.5 110.6 107.4 99.4 96.9 55.4 28.4 11.5 7 7 7 7 7 7 19.7 -1.6 -1.6 -1.6 -1.6 -1.6 -1.6 -1.6 -1.6 -1.6 -1.6 -1.6 -1.6 -1.6 -1.6 -1.6 -1.6 -1.6 -1.6 -1.6 -1.6 -1.6 -1.6 -1.6 -1.6 -1.6 -1.6 -1.6 -1.6
102.1 102.1 101.7 100.7 99.2 97.3 94.6 92.3 90.7 90.7 90.8 91.4 92.2 93.5 94.3 95 96.2 98.8 102.4 106.4 110.1 112.4 114.4 115.3 115.7 115.3 113.6 110.8 107.5 104.2 102.1 100.9 101.3 102.7 103.2 102.7 101.1 98.6 94.1 90.8 98.1 110.6 111 101.7 98.4 96.9 77 21.4 15.6 10.9 7 7 7 7 7 20.5 4.3 -1.6 -1.6 -1.6 -1.6 -1.6 -1.6 -1.6 -1.6 -1.6 -1.6 -1.6 -1.6 -1.6 -1.6 -1.6 -1.6 -1.6 -1.6 -1.6 -1.6 -1.6 -1.6 -1.6 -1.6 -1.6 -1.6 -1.6
103.5 103.7 103.6 103.1 101.7 99.4 96.2 93.2 90.9 90.5 90.6 91.4 93.7 95.7 96.9 97.3 98.2 101.1 104.8 108.2 110.3 112.4 114.5 115.1 115.7 115.8 114.1 111.3 107.9 104.4 102.1 101.4 101.9 103.5 103.8 103.1 101.3 99.2 96.2 92.5 89.6 104.8 100.9 97.6 97.9 96.2 96.3 52.1 31.2 32.2 35.8 27.8 21.3 31.8 31.6 16.6 -1.6 -1.6 -1.6 -1.6 -1.6 -1.6 -1.6 -1.6 -1.6 -1.6 -1.6 -1.6 -1.6 -1.6 -1.6 -1.6 -1.6 -1.6 -1.6 -1.6 -1.6 -1.6 -1.6 -1.6 -1.6 -1.6 -1.6 -1.6
104.3 104.8 105.1 105.2 104.2 102 98.6 94.5 91.6 90.3 90.1 91.4 93.5 96.8 99.2 100.4 101.7 104 107.3 109.9 111.7 113.2 114.5 115 115.5 115.9 114.6 111.9 108.6 104.9 102.3 101.6 102.5 103.7 104.2 103.1 101.8 99.8 97.1 93.3 89.5 94.2 91.7 95 95.5 95.4 94.7 89.1 79.9 55.5 45.4 44.1 52.3 49.2 32.5 15.6 -1.6 -1.6 -1.6 -1.6 -1.6 -1.6 -1.6 -1.6 -1.6 -1.6 -1.6 -1.6 -1.6 -1.6 -1.6 -1.6 -1.6 -1.6 -1.6 -1.6 -1.6 -1.6 -1.6 -1.6 -1.6 -1.6 -1.6 -1.6
105.1 105.7 106.2 106.4 106 104.1 100.7 96.4 92.4 91 90.2 91.2 93.3 96.8 100.7 103.3 105.4 107 108.8 111.2 113 114.3 115.1 115.3 115.7 117.2 115.8 112.7 109.7 105.7 102.8 101.9 102.7 103.7 104.1 103.6 102 99.6 96.8 92.6 89.1 86.2 89.5 91.9 93.1 93.7 93.5 95.5 85.4 68.5 51.9 44 61.9 51.8 33.5 16 -1.6 -1.6 -1.6 -1.6 -1.6 -1.6 -1.6 -1.6 -1.6 -1.6 -1.6 -1.6 -1.6 -1.6 -1.6 -1.6 -1.6 -1.6 -1.6 -1.6 -1.6 -1.6 -1.6 -1.6 -1.6 -1.6 -1.6 -1.6
104.6 105.1 105.9 106.3 106 104.7 101.9 97.6 93.8 91 90.2 90.5 92.1 96.1 100.8 104.9 107.3 109.3 111 112.8 114.4 115.4 115.5 115.7 115.9 116.7 115.2 113.3 110.8 106.8 103.6 101.9 102.3 103.1 104.3 103.8 101.6 99.2 96.2 92.1 88.5 86.4 86.5 88.2 90.3 91.8 92.2 91.6 88.7 81.2 69.2 65.1 65.2 53.7 36.6 20 3.5 -1.6 -1.6 -1.6 -1.6 -1.6 -1.6 -1.6 -1.6 -1.6 -1.6 -1.6 -1.6 -1.6 -1.6 -1.6 -1.6 -1.6 -1.6 -1.6 -1.6 -1.6 -1.6 -1.6 -1.6 -1.6 -1.6 -1.6
104.2 104.6 105.3 105.5 105.8 104.9 103.2 99.3 95.7 91.5 90.2 90.3 91.6 95.2 100.8 105.8 108.7 110.6 112.4 113.9 115.2 115.8 115.9 116.1 116.1 115.5 114.8 113.6 111.7 107.8 104.5 102.1 101.9 102.4 103.2 102.4 100.7 98.7 95.9 93 89.8 87.1 85.5 83.8 85.2 87.5 89.9 90.7 88.8 85.7 81.4 76.2 68.4 57.2 41.9 25.2 9.7 -1.6 -1.6 -1.6 -1.6 -1.6 -1.6 -1.6 -1.6 -1.6 -1.6 -1.6 -1.6 -1.6 -1.6 -1.6 -1.6 -1.6 -1.6 -1.6 -1.6 -1.6 -1.6 -1.6 -1.6 -1.6 -1.6 -1.6
104 104.4 104.5 104.8 105.2 105.3 104.2 101.2 97.6 93.3 90.5 90 91.1 94.8 101 106.1 109.2 111.4 113 114.1 115.3 115.6 115.9 116 115.5 114.8 114.2 113.2 112.1 109.2 105.7 102.2 100.4 100.2 101 100.8 99.5 97.7 95.7 93.3 90.7 88.4 86.4 83.1 81.8 84.8 87.3 88.6 88.1 85.8 82.1 77.3 70.6 61.9 47.5 29.2 15.6 -1.6 -1.6 -1.6 -1.6 -1.6 -1.6 -1.6 -1.6 -1.6 -1.6 -1.6 -1.6 -1.6 -1.6 -1.6 -1.6 -1.6 -1.6 -1.6 -1.6 -1.6 -1.6 -1.6 -1.6 -1.6 -1.6 -1.6
103.6 103.5 103.3 103.7 104.6 105.6 105.2 103.3 99.6 95 90.6 89.4 90.3 93.5 99.9 105.4 108.9 111.2 112.7 113.8 114.7 115.3 115.5 115.6 114.9 114.2 113.5 112.7 112 110.1 106.8 102.5 99.2 97.7 98.1 98 96.4 95 93.8 92.7 91 89.3 87.1 83.8 81.9 81.6 83.5 85.8 86.3 84.7 81.7 77.6 72.7 65.2 53.2 36.1 23 9.8 0.4 -1.6 -1.6 -1.6 -1.6 -1.6 -1.6 -1.6 -1.6 -1.6 -1.6 -1.6 -1.6 -1.6 -1.6 -1.6 -1.6 -1.6 -1.6 -1.6 -1.6 -1.6 -1.6 -1.6 -1.6 -1.6
102.9 102.4 102.1 103 104.4 105.4 106 104.8 101.1 96 90.7 89 89.6 92.2 97.8 104.5 108.5 110.6 112 113.2 114.1 114.7 115.3 115.2 114.3 113.6 112.9 112.2 111.5 110.1 107.6 102.9 98.6 95.8 94.7 94.1 93.2 92.4 90.9 90.4 89.7 88.4 85.7 82.5 80.1 78.4 79.7 81.5 83 82.9 81 77.6 73.4 67.1 59 45.6 30.9 20.2 9.2 -1.6 -1.6 -1.6 -1.6 -1.6 -1.6 -1.6 -1.6 -1.6 -1.6 -1.6 -1.6 -1.6 -1.6 -1.6 -1.6 -1.6 -1.6 -1.6 -1.6 -1.6 -1.6 -1.6 -1.6 -1.6
101.8 101.3 100.8 101.8 103.1 104.5 105.7 104.8 101.2 96.5 91.1 88.7 88.8 91.2 95.4 102.4 107.4 109.5 111 112.5 113.4 114.1 114.7 114.7 113.9 112.9 112.1 111.4 110.7 109.4 107.3 103.5 98 94.3 92.8 91.5 90.6 89.5 88.1 86.9 86.4 85.9 83.7 80 77.7 75.5 75.4 76.4 78.1 79.4 78.9 76.9 73.5 68.9 61.6 53.1 41.7 29.5 17.2 1.8 -1.6 -1.6 -1.6 -1.6 -1.6 -1.6 -1.6 -1.6 -1.6 -1.6 -1.6 -1.6 -1.6 -1.6 -1.6 -1.6 -1.6 -1.6 -1.6 -1.6 -1.6 -1.6 -1.6 -1.6
100.2 99.6 98.8 99 100.2 102.3 103.6 103.3 100.7 96.2 90.3 88.2 88.3 90.1 93.2 96.9 104 107.2 109.5 111 112.4 113.3 113.9 114.4 113.9 113 111.5 110.6 109.7 108.5 106.8 103.8 98.1 93.1 92.1 91.1 90 88.4 86.2 85.1 84.2 83.1 81.3 78.5 76.8 75.3 73 71.3 71.1 71.8 73.7 75.2 73.4 69.7 64.4 57.1 48.7 40 27.3 14.2 -1.6 -1.6 -1.6 -1.6 -1.6 -1.6 -1.6 -1.6 -1.6 -1.6 -1.6 -1.6 -1.6 -1.6 -1.6 -1.6 -1.6 -1.6 -1.6 -1.6 -1.6 -1.6 -1.6 -1.6
98.7 97.7 96.8 96.4 97.3 98.9 100.7 100.6 98.6 93.9 89.2 87.8 88.4 89.7 92.1 96 99.6 103.3 106.6 109 110.7 112.3 113.1 113.8 113.7 113.1 111.6 110 108.7 107.5 106 103.6 98.4 92.7 91.5 91 90 88.8 88.9 88.9 88.5 87.1 85 82.1 80.1 78.7 75.2 69.7 66.2 65.4 67.2 71.5 72.7 70.4 66.7 60.7 54.9 48.3 38 23.8 7.2 -1.6 -1.6 -1.6 -1.6 -1.6 -1.6 -1.6 -1.6 -1.6 -1.6 -1.6 -1.6 -1.6 -1.6 -1.6 -1.6 -1.6 -1.6 -1.6 -1.6 -1.6 -1.6 -1.6
97.3 96.8 94.5 93.3 93.3 94.6 95.6 96.2 94.2 90.8 88.3 87.9 88.1 89.1 90.6 93 96.5 99.7 103.1 106.3 108.6 110.3 111.5 112.9 112.7 112.4 111.3 109.9 107.9 106.4 104.7 103.1 98.3 92.7 91 90.8 90 89 90.1 91.1 91.8 90.9 89.3 86.5 84.1 81.6 77.8 72.6 67.3 63.6 63.1 67.6 71.3 71 68.7 64.3 60.4 56 48.3 33.9 17 -1.6 -1.6 -1.6 -1.6 -1.6 -1.6 -1.6 -1.6 -1.6 -1.6 -1.6 -1.6 -1.6 -1.6 -1.6 -1.6 -1.6 -1.6 -1.6 -1.6 -1.6 -1.6 -1.6
95.3 93.2 91.3 90.6 90.3 90.7 90.9 90.5 90.5 88.8 88.2 88.1 87.8 88.7 89.3 91.3 93.7 97 100 103.1 106.4 108.8 110.9 112 112 111.5 110.8 109.8 107.9 106.2 104.3 102 97.4 92.7 90.8 90.6 90.1 89.2 90.6 92.2 92.9 92.2 90.9 89.1 86.9 84.2 80.4 75 69.1 63.5 60.9 64.2 69.9 71.4 70.8 68.9 66.9 66.4 63 48.8 34.4 14.6 -1.6 -1.6 -1.6 -1.6 -1.6 -1.6 -1.6 -1.6 -1.6 -1.6 -1.6 -1.6 -1.6 -1.6 -1.6 -1.6 -1.6 -1.6 -1.6 -1.6 -1.6 -1.6
94.4 92.7 90.2 88.8 88.4 88.4 88.3 88 89.1 89.3 89.6 89.2 88.8 88.4 88.6 89.5 91.5 94.2 97.1 101.2 105.3 108.2 110.2 111.1 111.2 110.8 110.5 109.6 108.6 107 104.8 102.4 99 95.2 92.4 90.9 90.3 90 90.8 92.6 93.7 93.4 92.2 90.9 89.2 86.7 83.1 76.9 69.7 63.4 59.5 62.5 68.9 71.3 73.5 74.5 75.4 76.6 70.2 59.6 49.7 33.2 11.1 -1.6 -1.6 -1.6 -1.6 -1.6 -1.6 -1.6 -1.6 -1.6 -1.6 -1.6 -1.6 -1.6 -1.6 -1.6 -1.6 -1.6 -1.6 -1.6 -1.6 -1.6
95.3 93 90.3 88.5 87.9 87.7 87.5 88.9 91.4 92.4 92.4 91.5 90.9 90 89.3 89 90.3 92.6 95.6 99.7 104.2 107.7 109.5 110.3 110.5 110.1 109.8 109.4 108.8 107.8 106.1 104.5 102.5 99.9 97 93.9 91.6 90.8 91.6 93.1 94.5 94 92.8 91 89.4 87.8 85 79.4 71.6 63.7 58.5 60.4 66.9 70.8 74.8 77.3 78.2 77.9 75.4 69.2 58.2 41.1 16.2 -1.6 -1.6 -1.6 -1.6 -1.6 -1.6 -1.6 -1.6 -1.6 -1.6 -1.6 -1.6 -1.6 -1.6 -1.6 -1.6 -1.6 -1.6 -1.6 -1.6 -1.6
96.7 94.8 92.1 90.4 88.6 87.7 87.9 91.4 94.7 96.4 96.8 96.2 94.8 93.4 92.5 90.6 89.5 91.5 94.1 97.5 102.6 106.1 102.9 108.5 109.4 109.1 108.9 108.8 108.8 108.2 107.3 106.1 104.8 102.8 100.6 97.8 94.8 93.6 93.3 94.4 94.9 94.1 92.7 90.7 88.6 87.1 84.9 80.1 72.5 63.6 57.3 57 63.4 68.7 72.9 76 77.2 77 73.3 64.5 46.6 19.5 11.5 -1.6 -1.6 -1.6 -1.6 -1.6 -1.6 -1.6 -1.6 -1.6 -1.6 -1.6 -1.6 -1.6 -1.6 -1.6 -1.6 -1.6 -1.6 -1.6 -1.6 -1.6
97.9 96.6 95 93.4 91.4 88.9 88 91.2 94.9 97 98.3 98.7 98.5 97.8 96.3 93.2 90.4 90.5 92.6 95.8 100 103.2 101.9 101.9 107.8 107.2 106.7 107.4 108.4 108.5 108.2 107.1 105.9 104.5 102.4 100.2 97.9 96 94.7 94.7 95 94.3 92.6 90.2 87.6 85.8 83.5 79 71.5 62.3 55.9 53.3 56.9 65.1 69.1 72.7 74.7 74.8 70 58.3 34.8 19.9 1.9 -1.6 -1.6 -1.6 -1.6 -1.6 -1.6 -1.6 -1.6 -1.6 -1.6 -1.6 -1.6 -1.6 -1.6 -1.6 -1.6 -1.6 -1.6 -1.6 -1.6 -1.6
98.4 97.4 96.4 95 93.2 90.3 87.6 89 92.6 95.7 97.7 98.9 99.5 99.9 98.8 95.9 92.9 90.8 91.8 94.3 97.4 100.4 103 104.6 105.4 104.6 104.6 105.4 107 108.1 108.3 107.6 106.6 105.3 103.6 101.6 99.7 97.9 96 95.1 94.9 94 92.5 90 86.9 84.1 80.7 76.6 69 60.5 54 49.7 51.6 59.5 64.1 67.8 70.5 70.3 64.2 48 26.2 10.6 -1.6 -1.6 -1.6 -1.6 -1.6 -1.6 -1.6 -1.6 -1.6 -1.6 -1.6 -1.6 -1.6 -1.6 -1.6 -1.6 -1.6 -1.6 -1.6 -1.6 -1.6 -1.6
98.2 97.5 96.4 95.2 93.7 91.5 88.2 87.3 90.1 93.6 95.6 97.4 98.5 99.2 99.4 97.6 94.8 91.8 91.8 92.8 95.2 97.9 100.2 102 102.7 102.6 102.3 103.9 105.5 107.1 107.6 107.4 106.5 105.3 103.7 102.1 100.4 98.6 96.8 95.2 94.2 93.3 92.2 90.5 87.4 83.5 78.2 72.6 66.3 59.1 52 46 45.4 50.9 56.9 60.5 62.1 61.2 51.9 33.4 17.7 -1.6 -1.6 -1.6 -1.6 -1.6 -1.6 -1.6 -1.6 -1.6 -1.6 -1.6 -1.6 -1.6 -1.6 -1.6 -1.6 -1.6 -1.6 -1.6 -1.6 -1.6 -1.6 -1.6
97.4 96.7 95.9 94.6 93.1 91.4 88.7 87.3 88 91.1 93.6 95.6 97.1 98.2 99.4 98.5 96.3 93.5 92.1 92.5 93.7 95.1 97.1 98.7 99.7 99.8 99.9 101.6 103.7 105.5 106.4 106.5 105.5 104.2 102.7 101.3 99.7 98.2 96.6 95 93.3 91.8 91.3 90.2 87.9 84.2 78.8 72.7 66.8 60.9 53.7 44.4 39.5 41.5 46.5 49.6 48 44.7 34.1 21.8 6.9 -1.6 -1.6 -1.6 -1.6 -1.6 -1.6 -1.6 -1.6 -1.6 -1.6 -1.6 -1.6 -1.6 -1.6 -1.6 -1.6 -1.6 -1.6 -1.6 -1.6 -1.6 -1.6 -1.6
96.6 95.6 94.7 93.5 92.1 90.1 88.1 86.4 86.8 89.5 91.9 94 96.1 98.1 100 99.4 97.9 96 94.1 93 92.9 94.1 95.3 95.6 96.1 96.6 97.7 99.7 101.8 103.7 104.9 104.9 104 102.7 101 99.6 98.2 97 95.4 93.8 92 89.8 89.7 89.2 88.2 85.3 81 75.2 69.5 64.1 56.6 45.8 34.7 32.9 36.5 39.8 38.3 33 24.6 13 0.5 -1.6 -1.6 -1.6 -1.6 -1.6 -1.6 -1.6 -1.6 -1.6 -1.6 -1.6 -1.6 -1.6 -1.6 -1.6 -1.6 -1.6 -1.6 -1.6 -1.6 -1.6 -1.6 -1.6
95.8 94.7 93.5 92.4 90.9 88.9 86.9 85.4 86.2 88.7 91 93.7 97 99.1 100.4 100.8 100.3 98.8 96.7 95 94 94.2 94.6 93.9 94.3 94.6 96.1 98.2 100.5 102.4 103.4 103.4 102.6 101 99.2 97.9 96.9 95.7 94.2 92.6 90.3 87.6 86.9 87.6 87.4 85.8 81.8 77.1 71.9 65.8 58.8 48.9 33.5 26.8 27.4 31 30 24.3 16.4 2.5 -1.6 -1.6 -1.6 -1.6 -1.6 -1.6 -1.6 -1.6 -1.6 -1.6 -1.6 -1.6 -1.6 -1.6 -1.6 -1.6 -1.6 -1.6 -1.6 -1.6 -1.6 -1.6 -1.6 -1.6
95 94.2 93.1 91.8 89.8 87.8 85.7 84.4 86.4 89.4 92.1 95.3 98.7 101.5 103.5 104 103.8 102.6 100.4 98.1 96.4 96.3 96.8 96.6 95.7 95.3 96.2 99 101 102.1 102.6 102.5 100.9 99 97.5 96.5 95.5 94.3 93 91.2 88.6 85.1 83.7 84.4 85.5 84.8 82.1 78 72.7 66.3 58.5 48.4 33.7 22.2 21.3 23.4 23.2 18.8 14 1.3 -1.6 -1.6 -1.6 -1.6 -1.6 -1.6 -1.6 -1.6 -1.6 -1.6 -1.6 -1.6 -1.6 -1.6 -1.6 -1.6 -1.6 -1.6 -1.6 -1.6 -1.6 -1.6 -1.6 -1.6
94.7 93.8 92.7 90.8 88.9 86.1 83.6 84.9 87.8 90.5 93.6 96.8 100.5 104.6 107 107.6 107.6 105.7 103.4 100.9 99 98.4 99 98.7 97 95.7 97 99.9 101.5 102.3 102.3 102 100.2 98.6 96.9 95.6 94.1 93 91.5 89.8 87.3 85 82.6 81.3 81.9 82.5 81.3 78.2 73.3 66.4 57.4 46.7 30.8 17.7 15.8 16.2 16.3 13.4 9 -1.6 -1.6 -1.6 -1.6 -1.6 -1.6 -1.6 -1.6 -1.6 -1.6 -1.6 -1.6 -1.6 -1.6 -1.6 -1.6 -1.6 -1.6 -1.6 -1.6 -1.6 -1.6 -1.6 -1.6 -1.6
94.2 93.7 92.4 90.1 86.9 83.3 82.8 86.2 89.8 92.5 95.1 98.4 102.6 106.9 109.8 110.7 110.1 108.1 105.8 103.4 101.3 100.5 100.2 99.4 98 96.2 97.4 100.2 101.3 102.1 102.2 101.9 101.1 99.5 97.9 96.4 94.8 92.9 91.4 90.3 89.1 87.7 84.7 80.1 77.5 77.9 78.2 77.1 72.9 66.4 56.5 44.1 28.5 14.6 9.6 9.2 9.7 4.3 -1.6 -1.6 -1.6 -1.6 -1.6 -1.6 -1.6 -1.6 -1.6 -1.6 -1.6 -1.6 -1.6 -1.6 -1.6 -1.6 -1.6 -1.6 -1.6 -1.6 -1.6 -1.6 -1.6 -1.6 -1.6 -1.6
93.4 93.5 92.4 90 85.5 81.4 83.3 88.1 91.8 95 97.9 101.1 104.6 108.8 111.9 112.7 112.2 110.3 108.3 106 103.7 101.5 100.7 99.9 98.9 96.9 97.7 99.6 101 101.8 102.2 101.9 101.3 100.2 98.9 97.3 96 94.7 93.9 93.1 91.9 90 87.2 82.1 76.4 74.4 74.7 74.6 72.1 66.3 56.2 41.1 23.8 12.4 7.1 2 2 -1.6 -1.6 -1.6 -1.6 -1.6 -1.6 -1.6 -1.6 -1.6 -1.6 -1.6 -1.6 -1.6 -1.6 -1.6 -1.6 -1.6 -1.6 -1.6 -1.6 -1.6 -1.6 -1.6 -1.6 -1.6 -1.6 -1.6
92.4 92.9 92.2 90 85.4 81.2 83.3 89.3 94.7 98.5 101.5 103.8 107.3 110 112.4 114.1 113.5 111.7 109.7 107.2 104.7 102.5 100.8 100.1 99.1 97.7 97.6 99.2 100.3 101.1 101.9 101.9 101.3 100.3 99.5 98.6 97.6 96.7 95.8 95.3 94.1 92 90 85.6 79.8 74.2 72.2 71.7 70.3 65.3 54.7 38.5 21.6 10.5 2 2 -1.6 -1.6 -1.6 -1.6 -1.6 -1.6 -1.6 -1.6 -1.6 -1.6 -1.6 -1.6 -1.6 -1.6 -1.6 -1.6 -1.6 -1.6 -1.6 -1.6 -1.6 -1.6 -1.6 -1.6 -1.6 -1.6 -1.6 -1.6
