Assets/StreamingAssets/GeoData/Data/sw/SW52.asc
ncols 200
nrows 200
xllcorner 150000
yllcorner 20000
cellsize 50
[rows 0 to 37 of 200, columns 84 to 167 of 200]
63.6 66.3 68.9 71.5 73.3 75 75.9 77.6 79.2 80.1 81.6 82.3 83.4 84.7 85.5 85.8 85.3 83.6 82.2 81.5 81.1 80.9 81.1 81.4 82.2 82.9 83.4 84 84.6 84.6 84 83.1 82.1 80.7 78.4 76.3 73.2 72.4 71.8 71.1 69.7 67.9 66.1 64.1 61.1 59.9 58.9 59.6 61 61.7 61.8 61.7 60.8 58.6 55.4 51.4 49 51.4 55.5 58.3 60.3 61.7 61.4 62.1 61.8 61.5 60.8 59.8 58.5 56.1 53 51.6 52.4 54.8 57.7 59.8 60.7 61.3 61.4 61.6 62.5 64.6 66.9 70.1
64.8 67.5 70.2 72.4 74.2 75.8 77 78.2 79.5 80.9 82 82.6 83.7 84.7 85.1 85.8 85.3 84.3 83.1 82 81.7 81.7 81.9 82.1 82.6 83.3 83.9 84.4 84.6 84.4 84.1 83.1 82.2 80.3 78.3 76.6 75.7 75.2 74.6 73.9 72.5 70.6 68.6 65.7 62.6 60.2 58.7 57.6 58.5 58.9 59.1 59.2 58.5 56.9 54.1 50.6 50.4 53.7 57.8 60.4 62.5 63.9 64.5 65.1 65.5 65 63.8 62.7 61.3 58.9 56.1 53.6 53.3 55.3 58.1 60.4 61.8 62.2 62.2 62.4 63.6 65.6 67.9 70.6
65.9 68.6 71.1 73.2 74.8 75.7 76.8 78 79.4 80.8 82.1 82.8 83 83.4 84.3 85.3 84.7 84.3 83.3 82.3 81.9 81.6 82.4 82.9 83.1 83.8 84.3 84.7 84.6 84.4 84.2 83.3 82.3 80.9 79.5 78.4 78.1 77.8 77.5 76.8 75.2 72.9 70.3 67.3 64.6 62.1 60.5 59 57.3 56.3 56.2 56.1 55.6 54.8 52.7 51.3 52.7 56.4 59.8 62.9 65.1 66.5 67.2 67.7 68.1 67.5 66.5 65.2 63.2 60.8 58.5 54.7 52.3 54.9 57.3 59.3 60.8 61.4 61.5 62.1 63.4 66.1 68.7 71
66 69.4 71.5 73.2 74.6 75.6 76.6 77.8 79.3 80.6 81.9 82.7 83 83.6 83.8 84.2 83.7 83.8 82.8 81.9 81.9 81.3 81.9 82.7 83.5 84.2 84.6 84.8 84.6 84.5 84.4 83.8 82.8 81.9 81.4 80.5 80.3 80.1 79.8 79.3 77.6 75.1 72.7 70 67.3 65.1 63.4 62.2 60.5 58.3 55.9 54.7 50.9 53.3 52.9 53 55.9 59.1 62.3 65.3 67.4 68.6 69.4 69.8 70.2 69.7 69 67 65 62.9 60.6 57 54.5 54.1 55.4 57.2 58.7 59.6 60 61.1 62.7 64.9 68 71
65 68.6 70.8 72.5 73.9 75.4 76.4 77.8 79.4 81 82 82.6 83 83 83.2 83.1 82.3 82 81.6 81.1 81 81 81.3 82.1 82.8 84.1 84.8 84.9 84.7 84.6 84.5 84.4 83.7 83.3 83.1 82.8 82.5 82.3 82 81.5 79.9 77.8 75.4 72.8 70.1 68.1 66.5 65.1 63.6 61.5 59.4 58 55.8 54.3 54.1 54.9 58.1 61.2 64.3 67 69.1 70 71.1 71.7 72 71.5 70.8 69.3 67.4 65.1 62.7 59.6 56.8 55.5 55.4 56.1 57.4 58.4 57.5 59.6 61.6 63.7 66.9 70.3
63.2 66.7 68.7 71 72.8 74.5 76.1 77.7 79.4 81 81.9 82.4 82.7 82.4 82.5 81.8 81.1 80.3 80.1 80 80.6 80.9 81.1 81.6 82.4 83.9 84.7 84.9 84.8 84.8 84.7 84.6 84.5 84.4 84.3 83.8 83.5 83.2 82.6 82.4 81.5 79.9 77.9 75.5 72.6 70.8 69.1 67.7 66.4 64.8 63.3 61.3 58.7 56.2 55.4 56.7 59.8 62.9 65.9 68.1 70.1 71.2 72.3 73.4 73.7 73.2 72.1 70.8 69 66.8 64.2 61.4 59 58.1 57.9 58 58.6 58.9 59.1 59.3 60.6 62.7 65.6 69
60.9 64.4 67 69.5 71.6 73.2 75 77 78.9 80.5 81.7 82.4 82.3 82 81.4 80.6 79.8 78.8 78.4 79 79.8 80.8 81.3 81.7 83 84.2 84.4 84.9 84.8 84.8 84.8 84.8 85 85.1 85 84.8 84.3 83.7 83.1 82.6 81.6 80.7 79 77.1 74.9 72.6 71 69.5 68.1 66.6 65 62.8 59.8 57.1 56.6 58.5 61.6 64.5 67.2 69.2 71.2 72.4 73.6 74.8 74.8 74.5 73.4 72.2 70.5 67.9 65.3 62.9 62.4 61.6 61.6 61.7 61.8 61.7 61.2 60.9 60.8 62.1 64.8 68.1
58.6 62.4 65.1 67.9 70.3 71.9 73.9 76.1 78 79.6 81.2 81.9 81.8 81.6 80.9 79.8 78.1 76.8 76.9 77.4 78.1 79.7 81.1 81.9 83.1 84 84.3 84.8 85 85.1 85 84.7 85.3 85.4 85.3 84.9 84.5 83.9 83.3 82 81.2 80.2 78.8 77.4 75.7 74.3 72.7 71 69.5 67.8 65.5 63 60.3 58 57.7 60 63.1 66.1 68.8 70.8 72.7 73.8 74.9 76.1 75.9 75.6 74.6 73.5 71.5 68.9 66.5 66 65.7 65.3 65.4 65.5 65.6 66.6 65.7 64.1 62.4 62.4 64.1 67.3
55.5 60.2 63.5 66.2 68.9 70.9 73 75.2 76.8 78.6 80.3 81.1 81.4 81.2 80.5 79.2 77.1 75 75 75.3 76.9 78.6 80.2 81.4 82.9 83.9 84.5 85.2 85.4 85.3 84.4 84.5 85 85.2 85.1 84.9 84.6 84 82.7 81.4 80.4 79 77.7 76.3 74.6 72.9 72.3 71.3 69.6 67.8 65.3 62.5 60 59 59.5 61.7 64.6 67.9 70.5 72.5 74.3 75.5 76.3 77.2 77 76.3 75.3 74.2 72.3 69.9 68.7 68.9 69.1 69.1 69.1 69.5 70.2 70.7 70.8 69 66.5 64.5 64.2 67
51.3 56.3 61.1 64.2 67.1 69.7 71.9 74 76.1 78.1 79.3 80.2 80.8 80.9 80.2 78.4 76.3 74.1 72.8 74.1 75.7 77.3 78.8 80.8 82.3 83.5 84.5 85.5 85.9 85.9 85.2 84.4 84.4 84.2 84.3 84.3 84.1 83.4 82.1 80.8 79.4 77.4 76 74.5 72.8 71.5 70.3 69.4 68.3 66.7 64.5 61.9 60.5 60.1 61.8 63.9 66.6 69.8 72.2 74.1 75.8 77.1 77.9 78.1 77.6 76.9 75.8 74.7 73.4 72.1 71.4 71.6 71.8 72.2 72.7 73.1 73.3 73.7 73.8 73.2 71 67.6 65.6 67.1
47.9 54.5 59.1 62.5 65.2 68.3 70.7 73.2 75.3 77.2 78.7 79.6 79.9 80.1 79.8 77.5 75.4 73.1 71.3 72 73.5 75.5 77.6 79.7 81.5 83 84.1 85.1 85.7 85.7 84.8 84.4 83.8 83.4 83.3 83 82.9 82.3 81.1 79.7 77.8 75.8 73.7 72.4 70.9 69.3 68.1 67.8 66.8 65.5 63.8 62.2 62.1 62.8 65.1 67.5 69.8 72.1 73.9 75.7 77.1 77.9 78.6 78.6 78.1 77.4 76.4 75.6 74.9 73.6 73.7 74.1 74.3 74.7 75.3 75.9 76.5 76.3 76.1 75.8 74.4 71.3 68.4 67.5
45.4 52.4 56.7 60 63.4 66.9 69.6 72.4 74.4 76 77.7 78.8 79 79.2 78.5 76.4 74.2 71.9 69.8 70 71.7 73.6 75.8 78.4 80.3 82.2 83.8 84.7 85.2 85.2 84.5 84 83.2 82.5 82.7 82.6 82.1 81.1 80 78.7 76.8 74.8 73 71.7 70.8 70.1 69.2 67.8 66.7 65.6 64.5 63.6 64.1 66.4 68.9 70.7 72.3 73.9 75.4 76.8 77.8 78.2 78.8 78.5 78 77.4 77.2 76.7 76.1 75.5 75.9 76.3 76.8 77.2 77.6 77.9 78.1 78 77.7 77.4 76.3 74.4 71.8 69.7
40.5 49 53.7 58.1 63.3 66.7 69.6 72.2 74.2 75.8 77.4 78.1 78.3 78.2 76.9 74.8 72.6 70.4 68.3 68.2 69.4 71.5 74.1 76.7 78.9 80.8 82.6 83.6 84.2 84.6 84.3 83.4 82.5 81.7 81.9 81.8 81.3 80.7 79.1 77.5 76.4 75.3 74.2 73.3 72.4 72 71.4 70.1 69.3 68.3 67 66.4 68 70.5 72.4 73.7 75.3 76.1 76.8 78 78.5 78.8 78.8 78.2 77.6 77.1 77 77 76.6 76.5 77 77.7 78.3 78.8 78.9 79 78.9 78.8 78.6 78.3 77.5 76.7 75.5 74.2
35.4 45.1 50.9 58.2 63.5 66.9 69.9 72.2 74.4 76.2 77.5 77.6 77.6 77 75.4 73.2 71 68.8 66.8 66.6 67.7 69.7 72.3 74.7 77 78.7 80.8 82.2 82.9 83.2 83.1 82.5 81.6 80.4 80.5 80.4 80.4 80.1 78.8 77.9 76.9 75.9 75.7 74.9 74.3 73.9 73.5 72.7 72 71.2 70.1 70 71 73.3 75.2 76.5 77.1 77.7 78.3 78.9 79.2 79 78.6 77.9 77.3 76.8 76.7 76.7 76.7 77.3 77.8 78.5 79 79.2 79.3 79.1 78.8 78.5 78.2 78.1 78.8 78.2 77.9 78.7
31.4 41.8 49.5 58.1 64.2 67.4 70 72.4 74.5 76.6 77.3 77.5 76.9 76.1 74.3 71.9 69.5 67.3 65.7 64.9 66 67.8 69.8 72 74.3 76.5 78.4 80.3 80.8 81.2 81.2 80.8 80.2 78.2 79 79 79 79.1 79 78.8 78.2 77.4 77.5 76.5 76 75.8 75.5 75.1 74.4 73.7 73.3 73.2 73.7 75.7 77.5 77.8 78 78.6 79.1 79.4 79.4 78.9 78.3 77.7 76.8 75.9 75.9 76 76.4 76.9 77.6 77.7 78 78.6 78.4 77.9 77.1 76.9 77 77.3 78 78.8 80.1 81.4
26.6 38.3 48.6 56.7 63.7 67.4 69.7 72.8 75.4 77.8 77.9 77.5 76.8 74.9 73.2 71.9 69.6 67.5 65.9 64.3 64 65 66.8 68.6 70.6 73 75.5 77.6 78.4 78.9 79.1 78.4 76.9 75.1 76.4 77.9 78.3 78.6 78.8 79.1 79.2 78.8 78.6 78.3 77.7 77.7 77.1 77.3 77.2 76.6 76.4 76.2 76.5 77 78.7 79.3 78.9 79.5 79.6 79.7 79.4 78.8 76.8 76.2 74.8 73.8 74.4 74.6 75 75.4 75.9 76.3 76.5 76.5 76 75.1 74.2 74 74.6 75.9 77.2 78.7 80.6 82.4
21.6 33.6 44.7 54.8 62 65.5 68.8 72.2 75.9 78.6 79 77.6 75.7 73.6 71.8 70.5 69.2 68.5 66.8 64.6 62.4 62 63.2 64.9 67.1 69.9 72.6 74.6 75.6 75.7 75.7 75.5 73.4 72.2 74 75.9 77.3 78.2 78.6 79.1 79.4 79.7 79.4 79.2 79.1 78.9 78.7 78.6 78.5 78.3 78 78.2 77.8 77.9 78.5 79.1 79.5 79.4 79.2 78.8 78.6 77.7 76.7 75.5 73 70.5 69.6 70.2 70.7 71.3 71.9 73.1 73 73.1 72.5 70.9 70.7 71 72.4 73.3 75.1 77.3 79.5 82.6
18.5 26.2 38.9 50.7 58.3 62.3 66.2 71.3 75 78.3 78.9 77.1 74.7 72.4 70.4 69.1 67.9 68.4 67.8 65.6 62.8 60.7 59.8 61.2 63 66.4 69.4 71.6 72 72 72 71.9 70.6 70.1 72.4 74.8 76.9 78 78.4 78.7 79 79.3 79.7 79.5 79.2 79.2 79.1 79.2 79.2 79.1 78.8 79.3 79.6 79.8 79.6 80 79.9 80.1 79.8 78.7 78.6 77.7 76.5 75 72.9 70.5 68.4 67.3 68 67.5 68.4 68.2 67.3 67.3 67 66.7 67 67.6 68.5 70 71.8 74.7 78 80.4
12.3 20.7 29.9 42.4 52.2 57.6 62.5 68.8 73.7 76.9 77.3 75.8 73.3 70.8 68.5 67.7 66.7 67.2 67.8 67.3 65.3 63.6 60.8 58.5 59.6 61.6 65.2 67.4 68.1 68.2 68.3 68 67 68.1 71.2 74.4 76.2 77.4 78 78.1 78.2 78.6 78.7 78.6 78.3 78.5 78.9 79.1 79.1 79.7 79.6 80.2 80.6 80.8 80.9 81 80.8 80.8 79.8 78.5 77.7 76.3 74.9 72.8 70.7 67.6 64.6 62.9 62.4 62.3 62.5 62.5 62.8 62.7 62.7 62.1 61.8 62.7 64.5 67.8 70.5 72.8 75.9 79.4
1.3 6.6 21.6 29.8 38.4 49.3 57.6 64.9 71 74.9 75.1 73.1 70.6 68.4 66.6 65.2 65.5 66 66.8 67.1 67 66.4 65 61.7 58.5 57.8 60.4 63.9 64 63.6 63.6 63.8 64.7 67.8 71.3 74 75.7 76.2 76.6 76.8 76.7 76.9 77.1 77 76.8 76.9 77.6 78.3 79.2 79.8 80.3 80.6 80.6 81.2 81.4 81.3 81.2 80.5 79.4 77.9 76 74.6 72.8 70.3 67.6 64 60 57.4 55.6 55.2 54.8 54.8 54.7 54.9 55.7 55.8 57.2 60.8 64.5 67.2 69.7 73 76.7 80
0 1.5 4.7 22.7 27.7 37.4 50.7 60.8 68.1 73.2 73.3 70.4 67.9 65.9 63.5 61.7 62.3 64 65.6 67 67.2 67.5 66.8 64.3 59.2 54.4 56.7 59.2 59 58.4 59.9 62.3 65.5 68.9 71.8 73.9 75.4 75.6 75.2 74.9 74.7 74.6 74.6 74.2 73.4 73.9 75.1 76.4 78.2 79 80.1 80.6 80.4 81 81.3 81.2 81 80.2 78.8 76.8 74.6 72.1 69.7 67.1 63.8 59.4 54.9 51.1 47.9 46.7 46 45.6 45.6 46.2 48.5 52.8 57.5 61.7 65.1 68.2 71.4 75 78.7 81.9
-1.6 -0.3 0.7 2.6 21.3 29.2 41.7 52.7 64.3 71.7 68.5 66.3 64.9 63.2 61.1 58.6 59.2 61.6 63.8 65.5 67.2 68.1 67.7 65.4 61 55.3 52.2 53.3 54.7 58.3 61.2 64.6 67 69.9 72.6 74.2 74.9 75.3 74.8 73.2 71.6 71.4 71.6 70.6 69.6 70.5 72.8 74.9 76.4 77.3 79 79.2 79 80 80.6 81 80.7 79.6 78.2 76.1 73.7 70.2 67.1 63.2 59.9 55.3 50 45.7 42.4 40.8 40 39.2 39.5 41.8 47.8 53.1 57.2 60.6 63.7 66.8 71.3 75 78.8 82.5
-1.6 -1.6 -1.6 1.3 5.8 21.6 29.1 40.3 50.4 60.5 60.2 60.8 60.5 59.9 57.9 55.6 56.3 59.3 62.3 64.8 66.8 67.6 67.7 65.8 62.9 57.5 50.9 51.2 56.5 60.9 63.7 66.4 68.7 71.2 73.2 74.4 74.9 74.7 73.7 71.5 68.3 67.1 67.7 66.9 64.4 67.2 70.5 72.6 74.1 75.1 75.8 76.2 77 77.9 78.7 80 80 79.3 77.5 75.4 72.8 69.4 65.9 61.6 57.3 51.7 46 41.7 38.6 36.6 35.5 35.1 36.4 40.6 46 50.5 54 57.8 61 65.2 69.7 74.2 78.2 82.1
-1.6 -1.6 -1.6 -1.6 2 1.3 5 30.1 40 45.3 50.7 54.5 56.2 54.7 52.3 51.3 54.5 58 60.9 63.8 66.1 67.4 67.5 66.6 64 57.9 50.3 49.7 55.9 61.7 64.5 66.9 69 71.2 73.4 74.5 74.6 73.6 72.3 69.6 65.8 63 62.7 62.2 59.4 65 67.5 69.5 71.3 72.4 72.8 72.9 73.5 75.1 76.1 78.1 78.7 78.4 77.1 75 72.3 69.5 66 61.9 57.4 52.4 46.1 40.1 35.9 32.9 31.8 32.1 34.8 39.6 44 47 50.5 54.4 58.9 63.5 68.1 73.1 77.7 81.7
-1.6 -1.6 -1.6 -1.6 -1.6 -1.6 1 11 33.4 39.8 47.6 51.6 51.3 48.6 45.3 48.1 52.7 56.4 59.3 62.1 64.6 67 67.6 67.6 64.2 58.4 50.7 47.9 54.5 60.8 63.4 65.4 67.5 70.6 73.2 74.5 74.6 73.7 71.8 69.5 65.7 60.7 57.1 55.5 57.1 61.6 64 65.6 67.2 69.1 70 69.4 69.3 71.4 73.8 75.8 77.2 77.4 76.6 74.6 72 69.4 66.4 62.9 58.7 53.7 47.2 40.9 34.7 30.3 28.6 30.3 33.4 37.3 40.5 43.5 47.1 51.4 56.2 61.5 67 71.8 76.7 81.3
-1.6 -1.6 -1.6 -1.6 -1.6 -1.6 1.2 11.8 30.8 39.5 46 46.6 44.4 40.2 41.9 46.9 51.1 54.7 57.5 60.6 63.7 66.2 67 66.6 64.6 59.6 52.3 46 51.3 57.6 59.9 63 66.4 69.7 72.6 74.4 74.6 73.5 72.4 70.4 67.1 61.8 52.8 49.5 52.2 57.1 59.6 61.2 63.2 65.3 66.4 66.4 66.4 69 71.3 73.5 75.6 76.3 75.6 74 71.4 68.8 65.8 62.6 58.5 53.6 46.9 40 33.6 28 26.2 28.5 31.5 34.6 37.2 40.2 44.1 48.5 54.1 59.7 65.3 70.6 75.3 79.9
-1.6 -1.6 -1.6 -1.6 -1.6 -1.6 3.2 22 33.6 40.2 40.9 39.6 36.2 35.9 41.7 45.5 49.3 52.5 55.1 58.8 62.6 65.4 66.6 65.9 64 60.5 53.5 44.1 46.1 51.6 56 60.3 64.5 68.7 71.8 74.1 74.3 73.5 72.3 70.3 67.2 62.4 54.5 47.1 47.1 52.6 54.8 55.9 59 61.5 62.7 63.5 63.5 65.9 68.7 71.7 74.6 75.3 74.7 73.3 70.7 67.8 64.2 60.8 56.5 52.1 46.1 39.3 33.2 26.1 24.2 26.2 28.9 31.6 35.1 38.1 41.9 46.3 51 56.5 62.5 68.3 73.3 78
-1.6 -1.6 -1.6 -1.6 -1.6 -1.6 5.1 23.8 35.9 33.4 30 27.3 30.9 37.2 40.8 43.2 46 48.8 52.5 57.8 62.3 64.8 66 64.8 63.5 60.6 55.5 46.6 42.1 45.4 51.1 58.1 63 67.3 70.7 72.9 73.5 72.9 71.9 70.2 67.1 62.5 55.9 47.9 41.5 46.3 49.8 51 54.4 58 60.2 60 57.9 61.2 67 71 73.7 74.6 74.3 72.8 69.6 66.2 62.4 58.1 53.1 48.4 43.9 39 32.9 25.3 21.7 23.5 26.1 29.1 32.6 36 39.8 44.1 48.8 53.5 59.4 65.3 70.5 75.3
-1.6 -1.6 -1.6 -1.6 -1.6 -1.6 -1.6 12 23.1 21.5 19.7 28 33.4 35.8 36.5 37.6 40.2 44 51.8 58.2 62.7 65 65.1 64 62.6 60.7 57.5 49.7 41.1 42.2 49.5 57 62.1 65.9 69.2 71.4 71.9 71.5 70.8 69.4 67 63.8 59.6 54.7 44.5 38.6 41.6 44.5 51.9 56.6 58.4 55.9 51.3 59.3 66.3 70.2 72.9 74.2 74 72.6 69.1 64.6 59.4 54.6 48.4 43.1 38.9 35.8 31.6 25 19.2 20.6 23.7 26.8 30.1 33.9 37.3 41.3 46 50.6 55.5 60.9 66.7 72
-1.6 -1.6 -1.6 -1.6 -1.6 -1.6 -1.6 0.9 4.5 -1.6 18.8 26.4 29.2 29.6 29.3 30.8 34.3 42.1 51.4 58.8 63 64 64.1 63.2 61.8 60.4 57.8 53 42.2 40 49.1 56.4 61.4 65.4 68.3 69.8 70 69.5 68.4 67.2 66.4 65 62.2 58.3 51.3 41 34 42.5 49.9 54.4 56 50.3 46.7 59.4 65.9 70.3 73 74.3 74.5 73.3 69.5 64.2 58.7 52.4 45.1 38 33.6 31 28.7 23.8 18 18 20.8 24.1 27.5 31 34.4 37.9 42 46.4 50.6 55.1 61.8 68.5
-1.6 -1.6 -1.6 -1.6 -1.6 -1.6 -1.6 -1.6 -1 -1.6 -1.6 15.3 14 17 21.4 25.3 32.7 42.5 52.5 57.9 62.5 63.3 63.2 62.4 60.9 58.9 57 53 41.9 38.4 48.6 55 59.9 64.5 67.1 67.8 67.2 66.6 64.5 63.1 64.2 64.4 63.2 60.4 53.8 43.8 32.6 39.6 46.5 51.6 53.1 44.5 46.5 60.6 65.5 69.8 73.1 74.4 74.5 73.8 70.1 64.5 58.4 51.5 43.9 35.5 28.9 25.1 23.8 21 16.7 15.9 17.7 20.9 24.9 27.3 30.5 34.1 37.9 40.5 43.6 48.1 55.9 64.8
-1.6 -1.6 -1.6 -1.6 -1.6 -1.6 -1.6 -1.6 -1.6 -1.6 -1.6 -1.6 -1.6 -1.6 2 21.5 33.4 44.3 52.1 56.6 60.8 62.5 62.6 61.3 59 56.9 54.8 52.2 42.4 36 44.8 52.6 59.2 62.8 65.6 65.9 64.1 62.6 60.8 57.8 58.6 60.4 61.2 60.2 55.5 45.8 29.9 34.2 42.5 46.3 47.3 37.3 47 59.4 64.8 68.9 72.6 74 74.2 72.5 69.1 63.6 56.8 50.7 42.6 33.5 26 19.9 17.5 15 14 16.1 18.7 19.9 22.7 24.7 26.4 30.3 32.7 34 37.2 42.2 49.4 59.2
-1.6 -1.6 -1.6 -1.6 -1.6 -1.6 -1.6 -1.6 -1.6 -1.6 -1.6 -1.6 -1.6 -1.6 0.9 14.6 33.1 42 49.2 54.7 58.9 60.9 61.2 60.3 58.1 54.6 52 49.6 43.8 32.6 36.5 48.2 55.5 60.6 63.1 61.8 60.3 57.9 56.2 51.8 50 53.8 55 56.5 58.3 49.1 33 26.1 33 38.7 35.3 35.2 48.3 59.4 63.7 67.9 71.7 74 73.6 70.8 66.5 61.7 55.6 49.6 42 33.2 25.5 19.5 12.9 11.7 14.2 20 24.2 25.5 23.9 24.7 26.3 28.1 30.4 32.9 35.6 40.6 45.3 51.7
-1.6 -1.6 -1.6 -1.6 -1.6 -1.6 -1.6 -1.6 -1.6 -1.6 -1.6 -1.6 -1.6 -1.6 0.3 3.3 32 40.7 47.2 52 57.3 59.6 60 59.5 57.5 54.3 50.6 45.2 36.2 29.1 32.4 43 50.6 56.1 58.3 56.9 50.8 47.1 42.2 35.7 34.2 42.2 44 46.6 50.2 49 41.5 29 22.4 26.7 27.9 38.5 49 56.2 61.8 66.7 70.5 73.2 73.3 68.7 63.4 57.3 51.2 45.3 39.3 32.1 24.6 18 11.8 11.2 15 20.5 24.7 27.8 29.5 30.2 30.9 32.5 34.9 38.5 42.2 48 53.3 56.4
-1.6 -1.6 -1.6 -1.6 -1.6 -1.6 -1.6 -1.6 -1.6 -1.6 -1.6 -1.6 -1.6 -1.6 0.7 9.8 28.9 39 46.1 51.2 56.8 58.9 58.9 58.5 57.4 54.7 51.6 48.1 41.1 26.4 30.6 38.8 43.6 48.2 50.7 47.1 38.6 30.5 25.6 5.7 1.9 22.8 1.9 26.1 34.2 37 36.4 35.7 23.1 20 32.6 41.8 48.9 55.3 60.9 65.7 69.3 71.5 71.9 66.2 59.5 52.1 45.4 39.4 33.1 26.7 18.2 12.7 10.2 11.5 14.8 18.6 21.5 25.3 29.5 32.4 34.7 37.9 42.4 46.9 51.5 57.3 62.6 66
-1.6 -1.6 -1.6 -1.6 -1.6 -1.6 -1.6 -1.6 -1.6 -1.6 -1.6 -1.6 -1.6 -1.6 -1.6 4 22.9 37.6 47.7 53.5 57.1 57.7 57.7 57.4 56.4 54.8 52.6 50.4 44 24.8 25.9 33.7 36.8 39.9 41.9 34.6 16.6 1.5 1.1 0.7 0.4 0.6 0.4 0.8 1.8 4.6 4.6 25.4 28.1 17.3 24.1 40.5 47.9 54 59.3 64.6 68.4 70.2 68.6 62.7 54.9 46 37.2 30.5 24.3 18 12.1 10.4 9.8 11.9 14.6 17.1 19.5 21.7 25.4 28.7 32.6 38.5 44.3 50.9 57.5 63.2 68.3 72
-1.6 -1.6 -1.6 -1.6 -1.6 -1.6 -1.6 -1.6 -1.6 -1.6 -1.6 -1.6 -1.6 -1.6 -1.6 1.5 16 37.7 47.2 53.2 56.3 56.9 56.1 55.3 54.1 53.1 52.1 50.8 47.4 31.5 21.3 24.5 29.1 33.1 34.7 22.2 1.5 0.2 -0.2 -1.6 -1.6 -1.6 -1.6 -1.6 -1.6 -1.6 -1.6 12.3 7.5 9.4 23 37.5 44.6 51.3 57.2 62.4 66.6 68 64.6 58.5 50.7 38.7 29 23.2 16.5 13.5 10.3 9.3 10 13 15 15.5 17.4 19.1 21.2 24.2 29 35.4 42.6 51 59 66.5 71.5 75.4
-1.6 -1.6 -1.6 -1.6 -1.6 -1.6 -1.6 -1.6 -1.6 -1.6 -1.6 -1.6 -1.6 -1.6 -1.6 1.8 23.8 37.6 46.2 52.7 56 57.2 56.2 53.7 51.1 49.7 48.9 48.4 47.8 41.4 26.2 17.7 21.3 23.2 18.3 1.4 0.2 -1.6 -1.6 -1.6 -1.6 -1.6 -1.6 -1.6 -1.6 -1.6 -1.6 -1.6 -1.6 2.9 25.9 32.3 38.8 45.9 53.3 59.9 64.3 64.7 60.8 52.4 43 32.3 23.1 2.3 2.2 2.1 2.3 -1.6 -1.6 5.6 13.5 15.7 17.2 18.2 18.8 21.2 24.5 31.4 38.3 46.7 55.8 64.4 72.3 77.2
