Assets/StreamingAssets/GeoData/Data/sw/SW75.asc
ncols 200
nrows 200
xllcorner 170000
yllcorner 50000
cellsize 50
[rows 0 to 37 of 200, columns 85 to 169 of 200]
-1.9 -1.9 -1.9 -1.9 -1.9 -1.9 -1.9 -1.9 -1.9 -1.9 -1.9 -1.9 -1.9 -1.9 -1.9 -1.9 -1.9 -1.9 -1.9 -1.9 -1.9 -1.9 -1.9 -1.9 -1.9 -1.9 -1.9 -1.9 -1.9 -1.9 -1.9 -1.9 -1.9 -1.9 -1.9 -1.9 -1.9 -1.9 -1.9 -1.9 -1.9 -1.9 -1.9 -1.9 -1.9 -1.9 0.6 2.3 31.7 43.2 49.8 54.1 56.6 57.8 58.1 57.5 55.5 53.3 51.4 48.9 46 44.4 40.4 35.1 29.6 22.2 14.9 13.1 12.7 12 11.6 10.8 11.1 12.8 19.1 23.6 24.4 24.4 23.2 18.8 15.4 15.9 17.7 19.3 21.5
-1.9 -1.9 -1.9 -1.9 -1.9 -1.9 -1.9 -1.9 -1.9 -1.9 -1.9 -1.9 -1.9 -1.9 -1.9 -1.9 -1.9 -1.9 -1.9 -1.9 -1.9 -1.9 -1.9 -1.9 -1.9 -1.9 -1.9 -1.9 -1.9 -1.9 -1.9 -1.9 -1.9 -1.9 -1.9 -1.9 -1.9 -1.9 -1.9 -1.9 -1.9 -1.9 -1.9 -1.9 -1.9 -0.7 0.7 2 26.1 37.4 46.9 52.5 56.6 59.3 59.7 58.8 56.9 54.7 52.6 49.9 47.2 44.5 42.8 38.9 34.6 28.6 23.9 20.4 15.4 19.4 22.3 21.2 16.5 13 12.4 13 13.4 14.5 14.6 15.1 15.1 16.5 16.9 17.5 18
-1.9 -1.9 -1.9 -1.9 -1.9 -1.9 -1.9 -1.9 -1.9 -1.9 -1.9 -1.9 -1.9 -1.9 -1.9 -1.9 -1.9 -1.9 -1.9 -1.9 -1.9 -1.9 -1.9 -1.9 -1.9 -1.9 -1.9 -1.9 -1.9 -1.9 -1.9 -1.9 -1.9 -1.9 -1.9 -1.9 -1.9 -1.9 -1.9 -1.9 -1.9 -1.9 -1.9 -1.9 -1.9 -0.3 0.9 1.7 2.5 31.9 44.8 51.7 56.6 59 59 58.3 57.2 55.5 53.4 50.9 48.5 45.4 42.9 39.4 35.8 31.9 31.6 25.2 17.5 23.5 31.7 32.5 30.7 24.1 18 15.4 14.8 15.2 15.6 16.3 18.4 19 18.2 18.7 18.9
-1.9 -1.9 -1.9 -1.9 -1.9 -1.9 -1.9 -1.9 -1.9 -1.9 -1.9 -1.9 -1.9 -1.9 -1.9 -1.9 -1.9 -1.9 -1.9 -1.9 -1.9 -1.9 -1.9 -1.9 -1.9 -1.9 -1.9 -1.9 -1.9 -1.9 -1.9 -1.9 -1.9 -1.9 -1.9 -1.9 -1.9 -1.9 -1.9 -1.9 -1.9 -1.9 -1.9 -1.9 -1.2 -0.3 0.6 1.5 2.4 32.9 42.5 50.2 54.9 57.2 57.1 56.6 55.6 54.2 52.2 50 47.3 44 42.2 38.9 36.2 34.9 34.4 28 19.6 28.4 37.4 38.6 38.1 36 30.7 25.6 24.9 22.7 23.5 24.8 27.1 27.1 25.5 21.9 19.5
-1.9 -1.9 -1.9 -1.9 -1.9 -1.9 -1.9 -1.9 -1.9 -1.9 -1.9 -1.9 -1.9 -1.9 -1.9 -1.9 -1.9 -1.9 -1.9 -1.9 -1.9 -1.9 -1.9 -1.9 -1.9 -1.9 -1.9 -1.9 -1.9 -1.9 -1.9 -1.9 -1.9 -1.9 -1.9 -1.9 -1.9 -1.9 -1.9 -1.9 -1.9 -1.9 -1.9 -1.9 -1.1 -0.4 0.4 1.3 2.2 2.9 38.4 47.9 53.2 55.6 55.7 55.1 54.5 52.8 50.5 48 45.4 42.5 40.4 37.4 35.9 34.3 33.2 26.5 24.1 34.8 41.3 42.8 42.8 41.2 38.5 35.1 35.2 33.2 33.6 35 35.1 34 32.2 28.1 21.1
-1.9 -1.9 -1.9 -1.9 -1.9 -1.9 -1.9 -1.9 -1.9 -1.9 -1.9 -1.9 -1.9 -1.9 -1.9 -1.9 -1.9 -1.9 -1.9 -1.9 -1.9 -1.9 -1.9 -1.9 -1.9 -1.9 -1.9 -1.9 -1.9 -1.9 -1.9 -1.9 -1.9 -1.9 -1.9 -1.9 -1.9 -1.9 -1.9 -1.9 -1.9 -1.9 -1.9 -1.9 -0.8 -0.1 0.7 1.4 2.1 5.9 38.9 45.8 50.7 53.3 54.4 54.4 54 52.4 50.6 48.5 45.4 42.2 39.8 35 32.3 29.2 28 25 28.8 37.9 42.7 45.5 46.5 45.3 44 43 42.4 41.8 41.2 42.2 42 40.2 37.5 29.7 21.8
-1.9 -1.9 -1.9 -1.9 -1.9 -1.9 -1.9 -1.9 -1.9 -1.9 -1.9 -1.9 -1.9 -1.9 -1.9 -1.9 -1.9 -1.9 -1.9 -1.9 -1.9 -1.9 -1.9 -1.9 -1.9 -1.9 -1.9 -1.9 -1.9 -1.9 -1.9 -1.9 -1.9 -1.9 -1.9 -1.9 -1.9 -1.9 -1.9 -1.9 -1.9 -1.9 -1.9 -1.2 -0.5 0.3 1 1.7 2.6 24.7 36.7 42.8 47.4 50.7 52.6 53.4 53.1 52 50.3 48.6 46.2 44.3 41.5 38.5 39.2 35.4 32.2 29.8 29.9 36.8 42.8 46.1 47.7 47.9 47.5 46.9 46.1 45.8 45.8 46 46 44.4 41.2 30.9 22.9
-1.9 -1.9 -1.9 -1.9 -1.9 -1.9 -1.9 -1.9 -1.9 -1.9 -1.9 -1.9 -1.9 -1.9 -1.9 -1.9 -1.9 -1.9 -1.9 -1.9 -1.9 -1.9 -1.9 -1.9 -1.9 -1.9 -1.9 -1.9 -1.9 -1.9 -1.9 -1.9 -1.9 -1.9 -1.9 -1.9 -1.9 -1.9 -1.9 -1.9 -1.9 -1.9 -1.9 -0.8 -0.1 0.6 1.4 2.1 7.5 24.6 34.7 39.9 43.8 47.6 50.9 53 53.4 52.7 51.3 49.6 47.1 45.4 43.9 42.6 43 42.4 39.5 37.8 33.4 35 41.3 45.9 48.1 49.6 50.6 50.6 49.9 49.3 48.6 48.4 47.9 46.4 43.1 28.9 24.5
-1.9 -1.9 -1.9 -1.9 -1.9 -1.9 -1.9 -1.9 -1.9 -1.9 -1.9 -1.9 -1.9 -1.9 -1.9 -1.9 -1.9 -1.9 -1.9 -1.9 -1.9 -1.9 -1.9 -1.9 -1.9 -1.9 -1.9 -1.9 -1.9 -1.9 -1.9 -1.9 -1.9 -1.9 -1.9 -1.9 -1.9 -1.9 -1.9 -1.9 -1.9 -1.9 -1.1 -0.4 0.3 1 1.8 2.7 14.9 27.7 33.6 40.5 42.3 45.8 48.9 51.6 52.5 52.3 51.4 50.5 49.4 47.9 47.2 47.5 47.4 46 45.5 43.3 41 37.2 40.3 44.8 48.3 50.5 52.3 52.6 52.7 52.4 51.4 50.5 49.7 47.9 42.3 27.2 26.7
-1.9 -1.9 -1.9 -1.9 -1.9 -1.9 -1.9 -1.9 -1.9 -1.9 -1.9 -1.9 -1.9 -1.9 -1.9 -1.9 -1.9 -1.9 -1.9 -1.9 -1.9 -1.9 -1.9 -1.9 -1.9 -1.9 -1.9 -1.9 -1.9 -1.9 -1.9 -1.9 -1.9 -1.9 -1.9 -1.9 -1.9 -1.9 -1.9 -1.9 -1.9 -1.4 -0.7 0 0.7 1.5 2.2 6.4 21.1 31.5 33.6 38 41 44.5 47.7 49.3 52 52.1 52.4 51.3 50.8 50.9 50.3 50.7 50.3 49.8 49 47.9 45.8 43 41.8 45.7 48.5 51.3 53.1 54 54.3 54.5 54.2 52.7 50.9 49.3 44.9 29 29
-1.9 -1.9 -1.9 -1.9 -1.9 -1.9 -1.9 -1.9 -1.9 -1.9 -1.9 -1.9 -1.9 -1.9 -1.9 -1.9 -1.9 -1.9 -1.9 -1.9 -1.9 -1.9 -1.9 0.7 26.6 -1.9 -1.9 -1.9 -1.9 -1.9 -1.9 -1.9 -1.9 -1.9 -1.9 -1.9 -1.9 -1.9 -1.9 -1.9 -1.9 -1.1 -0.2 0.5 1.2 1.9 3.9 10.7 17.9 27.3 32.5 36.5 39.4 43.9 45.9 48.3 49.6 51.2 52.4 53 52.8 53.1 53.6 53.5 53.5 52.7 52 51.2 50.1 47.7 46.2 45.7 49.4 52.2 53.8 55 55.4 55.6 55.3 54.2 52.5 49.6 43.5 29.2 32.1
-1.9 -1.9 -1.9 -1.9 -1.9 -1.9 -1.9 -1.9 -1.9 -1.9 -1.9 -1.9 -1.9 -1.9 -1.9 -1.9 -1.9 -1.9 -1.9 -1.9 -1.9 -1.9 -1.9 48.4 37.2 -1.9 -1.9 -1.9 -1.9 -1.9 -1.9 -1.9 -1.9 -1.9 -1.9 -1.9 -1.9 -1.9 -1.9 -1.9 -1.9 -1.1 0 1 1.6 2.3 10.1 14.7 16 25.2 32.9 39.2 44 44.4 47.9 46.1 49.1 50.3 52 53.6 54.4 55.2 55.9 54.9 56.5 55.5 55 54.2 53.4 51.7 50.2 49 50 53.4 55.2 55.4 55.7 55.1 54.7 53.8 52.1 49.7 44.1 30.1 36.6
-1.9 -1.9 -1.9 -1.9 -1.9 -1.9 -1.9 -1.9 -1.9 -1.9 -1.9 -1.9 -1.9 -1.9 -1.9 -1.9 -1.9 -1.9 -1.9 -1.9 -1.9 -1.9 -1.9 -1.9 32.4 -1.9 -1.9 -1.9 -1.9 -1.9 -1.9 -1.9 -1.9 -1.9 -1.9 -1.9 -1.9 -1.9 -1.9 -1.9 -1.9 -1.1 0 1.1 2.1 6.9 16.8 17.3 17.1 18.9 22.8 33.2 40.1 46.6 52.7 49.8 47.4 49.3 51 53 54.7 55.9 56.5 56.7 56.7 56.7 56.9 57.1 56.3 55.4 54.2 52.4 52.3 52.8 54.7 55.4 55.1 54.9 54.1 52.2 49.5 42.8 39.5 31.6 44.9
-1.9 -1.9 -1.9 -1.9 -1.9 -1.9 -1.9 -1.9 -1.9 -1.9 -1.9 -1.9 -1.9 -1.9 -1.9 -1.9 -1.9 -1.9 -1.9 -1.9 -1.9 -1.9 -1.9 -1.9 4 -1.9 -1.9 -1.9 -1.9 -1.9 -1.9 -1.9 -1.9 -1.9 -1.9 -1.9 -1.9 -1.9 -1.9 -1.9 -1.9 -1.9 0.1 1.5 3.8 9.2 19.8 14.2 14.7 19.7 21.4 26.5 29.8 41.7 48.7 54.5 55.1 52.2 50.3 52.4 55.3 56.6 57 57.8 58.2 58 58.4 58.8 58.4 57.8 57 55.6 54.3 54.2 54.8 55.1 53.9 53.1 52.5 50.9 47.9 36.1 33.6 36.8 49.9
-1.9 -1.9 -1.9 -1.9 -1.9 -1.9 -1.9 -1.9 -1.9 -1.9 -1.9 -1.9 -1.9 -1.9 -1.9 -1.9 -1.9 -1.9 -1.9 -1.9 -1.9 -1.9 -1.9 -1.9 -1.9 -1.9 -1.9 -1.9 -1.9 -1.9 -1.9 -1.9 -1.9 -1.9 -1.9 -1.9 -1.9 -0.8 -0.4 -0.5 -1.9 -1.9 -1.9 1.7 4.6 12.1 21.9 16.4 12.7 16.4 19.4 22.2 25.1 32.9 38.9 41.8 55.7 54.3 49.9 51.6 54.3 55.8 57.3 58.1 58.7 59.2 59.2 59.4 59.7 59.3 58.6 57.7 56.6 55.8 55.3 54.5 52.8 50.4 49.5 50.2 46.8 35.4 39.6 47.9 53.6
-1.9 -1.9 -1.9 -1.9 -1.9 -1.9 -1.9 -1.9 -1.9 -1.9 -1.9 -1.9 -1.9 -1.9 -1.9 -1.9 -1.9 -1.9 -1.9 -1.9 -1.9 -1.9 -1.9 -1.9 -1.9 -1.9 -1.9 -1.9 -1.9 -1.9 -1.9 -1.9 -1.9 -1.9 -1.9 -1.9 0.1 0.5 0.9 1.1 2.2 2.5 -1.9 -1.9 5.6 15.8 18.3 17.8 10.8 12.1 14.5 26.7 25.1 23.7 25.3 32.2 50.3 48.3 46.2 50.2 53.1 55.3 57 58 58.9 59.2 59.3 59.9 59.6 60.1 59.4 58.7 57.9 56.9 55.8 54.7 52.9 49.5 46.9 44.7 41.1 37.4 45.9 50.3 53.2
-1.9 -1.9 -1.9 -1.9 -1.9 -1.9 -1.9 -1.9 -1.9 -1.9 -1.9 -1.9 -1.9 -1.9 -1.9 -1.9 -1.9 -1.9 -1.9 -1.9 -1.9 -1.9 -1.9 -1.9 -1.9 -1.9 -1.9 -1.9 -1.9 -1.9 -1.9 -1.9 -1.9 -1.9 -1.9 0.9 1.9 2 2.2 2.4 24.7 23 17 -1.9 5.4 16.6 16.8 13.7 9.1 7.9 11.4 21.9 21.8 31.2 32.4 33.8 40.9 39.7 43 47.2 51 53.9 55.3 57 58.3 58.6 58.9 58.9 59.1 59.9 59.8 59.3 59 58 56.5 55.5 53.3 50 47.6 43 39 37.5 45 49 51.1
-1.9 -1.9 -1.9 -1.9 -1.9 -1.9 -1.9 -1.9 -1.9 -1.9 -1.9 -1.9 -1.9 -1.9 -1.9 -1.9 -1.9 -1.9 -1.9 -1.9 -1.9 -1.9 -1.9 -1.9 -1.9 -1.9 -1.9 -1.9 -1.9 3.5 37.3 -1.9 1.5 -0.2 2.4 2.7 37.9 37.2 35 33.4 31.5 28.5 20.6 -1.9 -1.9 7.3 6.4 5.6 6.8 9.7 9.4 11.7 12.7 24.4 34.9 30.2 30.9 35.2 39.6 44.4 48.5 51.9 53.9 55.4 56.6 57.3 57.8 57.9 58.4 59 59.5 59.7 59.6 58.7 58.1 56.8 54.8 52 48.8 45.8 43 38.8 41.3 45.7 48.1
-1.9 -1.9 -1.9 -1.9 -1.9 -1.9 -1.9 -1.9 -1.9 -1.9 -1.9 -1.9 -1.9 -1.9 -1.9 -1.9 -1.9 -1.9 -1.9 -1.9 -1.9 -1.9 -1.9 -1.9 -1.9 -1.9 -1.9 -1.9 -1.9 2.8 57.6 50.9 44.3 50.6 47.6 53.4 53 50 47.3 43.8 39.5 34.7 26.3 16.2 -1.9 -1.9 -0.9 -1.9 5.4 11.6 16.2 15.3 11.9 13.6 23.8 24.3 25.3 31.5 37.6 43.2 47 50 52.5 53.8 54.8 55.5 56.1 57.1 57.6 58.3 59.1 59.5 59.9 59.9 58.7 57.3 55.3 53.3 51.5 48.7 45.7 41.8 39.4 42.5 45
-1.9 -1.9 -1.9 -1.9 -1.9 -1.9 -1.9 -1.9 -1.9 -1.9 -1.9 -1.9 -1.9 -1.9 -1.9 -1.9 -1.9 -1.9 -1.9 -1.9 -1.9 -1.9 -1.9 -1.9 -1.9 -1.9 -1.9 -1.9 -1.9 -1.9 -1.9 60.3 62.9 62.4 62 61.1 60.2 58 55.3 52.2 47.6 40.6 32 21 -1.9 -1.9 5 5.5 5.3 7.1 10.1 11 13.1 14.6 19.9 18.6 18.4 25.7 33.7 39.9 45.6 49.3 50.8 52.1 53 53.6 54.2 55.1 56.4 57 58.9 59.5 59.9 60.1 59.5 57.9 57.1 55.3 53.4 50.8 47.5 44.1 41.8 41 42.9
-1.9 -1.9 -1.9 -1.9 -1.9 -1.9 -1.9 -1.9 -1.9 -1.9 -1.9 -1.9 -1.9 -1.9 -1.9 -1.9 -1.9 -1.9 -1.9 -1.9 -1.9 -1.9 -1.9 -1.9 -1.9 -1.9 -1.9 -1.9 -1.9 -1.9 -1.9 -1.9 63.7 67.4 66 64.8 63.4 61.8 59.2 56.1 51.9 45 36.1 25.5 14.3 7.5 6 6.5 5.6 7.2 13.1 16.9 20.1 24.1 25.8 23.6 19.7 21.6 30.9 40.8 46.7 49.5 48.9 49.2 50.4 51 51.6 53.3 54.5 56.3 58.3 59.8 60.3 60.3 60.2 59.3 57.9 56.5 54.6 52.1 49 46.2 43.4 41.3 42.2
-1.9 -1.9 -1.9 -1.9 -1.9 -1.9 -1.9 -1.9 -1.9 -1.9 -1.9 -1.9 -1.9 -1.9 -1.9 -1.9 -1.9 -1.9 -1.9 -1.9 -1.9 -1.9 -1.9 -1.9 -1.9 -1.9 -1.9 -1.9 -1.9 -1.9 -1.9 -1.9 56.9 68.4 67.9 66.1 64.6 63.1 61.7 58.7 55.1 48.6 40.5 31 19.2 7.6 5.5 6.9 6 6.4 12.9 20.9 24.5 28.2 30.1 30.7 28.4 22.7 23.8 38.9 49.6 49.9 42.5 41.9 43.8 45.3 47.9 50.5 52.9 55.7 57.7 59.6 60.7 60.8 61 60.6 59.1 57.6 55.6 53 50.5 47.7 44.9 42.1 42.1
-1.9 -1.9 -1.9 -1.9 -1.9 -1.9 -1.9 -1.9 -1.9 -1.9 -1.9 -1.9 -1.9 -1.9 -1.9 -1.9 -1.9 -1.9 -1.9 -1.9 -1.9 -1.9 -1.9 -1.9 -1.9 -1.9 -1.9 -1.9 -1.9 -1.9 -1.9 -1.9 61.2 68.6 67.3 65.7 64.5 63.3 62 60.1 57.8 53.1 46.2 38.2 26.5 12 5.3 5.9 6.2 6.2 11.7 19.7 24.6 29.1 33.2 35.5 36.3 32.1 26.1 27.3 39.7 40.6 40.7 47.5 47.7 46.5 45.5 47.3 51.6 54.5 56.8 59 60.6 61.2 61.8 61.4 60.4 58.5 56.7 54.3 51.9 49 46.2 43.5 42.1
-1.9 -1.9 -1.9 -1.9 -1.9 -1.9 -1.9 -1.9 -1.9 -1.9 -1.9 -1.9 -1.9 -1.9 -1.9 -1.9 -1.9 -1.9 -1.9 -1.9 -1.9 -1.9 -1.9 -1.9 -1.9 -1.9 -1.9 -1.9 -1.9 -1.9 -1.9 -1.9 2 63.1 65 64.1 63.1 62.5 62.2 61.3 59.3 55.8 50.6 44.6 36.3 23 8.5 5.8 6.5 6.2 10.8 16.8 22.6 28.9 33.9 37.1 39.6 40.6 38.6 32.9 31.2 36.5 45.8 51.7 52.5 50.2 47.5 45.8 49.6 52.9 55.8 58 60.3 62.1 62.7 62.4 61.5 59.7 58 55.7 53.1 50.4 47.6 44.9 42.5
-1.9 -1.9 -1.9 -1.9 -1.9 -1.9 -1.9 -1.9 -1.9 -1.9 -1.9 -1.9 -1.9 -1.9 -1.9 -1.9 -1.9 -1.9 -1.9 -1.9 -1.9 -1.9 -1.9 -1.9 -1.9 -1.9 -1.9 -1.9 -1.9 -1.9 -1.9 -1.9 -1.9 -1.9 60.8 61.6 60.9 60.3 60.4 60.3 59.4 57.1 54 48.8 41.4 32.9 18.7 7.4 6.6 6.3 9.3 15.4 21.4 27.9 34.1 38.7 41.7 43.7 44.7 45 43.8 51.4 54.5 53.9 53.5 52.1 49.5 47.8 48.9 51.4 54.7 57.2 60.1 62.3 63.1 63.2 62.6 60.9 59.3 56.8 54.3 51.4 48.8 46.2 43.4
-1.9 -1.9 -1.9 -1.9 -1.9 -1.9 -1.9 -1.9 -1.9 -1.9 -1.9 -1.9 -1.9 -1.9 -1.9 -1.9 -1.9 -1.9 -1.9 -1.9 -1.9 -1.9 -1.9 -1.9 -1.9 -1.9 -1.9 -1.9 -1.9 -1.9 -1.9 -1.9 -1.9 -1.9 44.7 60.5 59.5 57.8 57.2 58.3 56.1 54.4 52 48.2 42.1 34 18.7 8.7 6.7 6.4 6.9 12.2 21.1 28.2 34.4 40 43.6 46.4 47.8 49.5 50.8 53.4 54.4 54.9 54.5 53.8 51.8 50.4 50.3 51.7 53.9 56.6 59.8 62 63.6 63.6 63.5 62 60.4 58.1 55.4 52.9 50 46.7 44.2
-1.9 -1.9 -1.9 -1.9 -1.9 -1.9 -1.9 -1.9 -1.9 -1.9 -1.9 -1.9 -1.9 -1.9 -1.9 -1.9 -1.9 -1.9 -1.9 -1.9 -1.9 -1.9 -1.9 -1.9 -1.9 -1.9 -1.9 -1.9 -1.9 -1.9 -1.9 -1.9 -1.9 48 57.8 58.4 56.9 54.9 52.2 50.1 49.1 48.1 46.3 43.3 37.9 23.9 9.8 7.5 9 7.3 6.8 7.5 16.7 27.7 33.9 40.5 45.2 48.8 50.7 53.3 54.2 55.2 56.2 56.5 56.3 55.8 54.2 53.1 53 53.7 55.1 57.4 60.1 62.4 64.4 64.3 64.3 63.3 61.6 59.3 57.2 54.2 50.1 46.9 45.3
-1.9 -1.9 -1.9 -1.9 -1.9 -1.9 -1.9 -1.9 -1.9 -1.9 -1.9 -1.9 -1.9 -1.9 -1.9 -1.9 -1.9 -1.9 -1.9 -1.9 -1.9 -1.9 -1.9 -1.9 -1.9 -1.9 -1.9 -1.9 -1.9 -1.9 -1.9 -1.9 -1.9 -1.9 -1.9 48.1 53.1 52.5 49.2 45.4 41.3 40.5 39.1 35.7 31 14 8.6 13.8 17.9 10.8 7.2 7 9.2 20.8 30.1 38.8 44.5 49.3 52.6 55.1 56.5 57.7 58.8 59.2 58.7 57.7 56.2 56.4 56.8 56.8 58 59.5 61.7 63.9 65.3 65.4 65.5 64.2 62.9 60.9 58.9 55.9 52 48 46.5
-1.9 -1.9 -1.9 -1.9 -1.9 -1.9 -1.9 -1.9 -1.9 -1.9 -1.9 -1.9 -1.9 -1.9 -1.9 -1.9 -1.9 -1.9 -1.9 -1.9 -1.9 -1.9 -1.9 -1.9 -1.9 -1.9 -1.9 -1.9 -1.9 -1.9 -1.9 -1.9 -1.9 -1.9 -1.9 2.5 16.4 51.1 48.8 44.3 38.9 35.5 32.7 28.6 21.3 11.3 15.2 25.4 27.2 20.4 9.7 7.4 7.4 10.2 22.3 35 42.6 49.1 53.1 56.4 59.1 60 60.9 61.8 62.3 62 61.5 60.9 61.3 60.7 62.1 63.2 64.3 65.8 66.9 66.8 66.4 65.5 63.9 62.2 60 57.5 54.5 50.6 47.8
-1.9 -1.9 -1.9 -1.9 -1.9 -1.9 -1.9 -1.9 -1.9 -1.9 -1.9 -1.9 -1.9 -1.9 -1.9 -1.9 -1.9 -1.9 -1.9 -1.9 -1.9 -1.9 -1.9 -1.9 -1.9 -1.9 -1.9 -1.9 -1.9 -1.9 -1.9 -1.9 -1.9 -1.9 -1.9 -1.9 45.3 50 48.7 45.5 40.7 34.7 28.6 22.5 16.1 17.9 28.9 32.7 34.8 32.7 19.9 7.8 7.6 8.1 14.6 23.6 38 46.1 51 56.6 60.9 62 63.2 64.4 65.8 66.6 66.9 67 66.4 66.1 66.5 67 67.6 68.8 69.3 69.1 68.4 67 65.5 63.3 60.7 58.4 56.2 53.4 49.6
-1.9 -1.9 -1.9 -1.9 -1.9 -1.9 -1.9 -1.9 -1.9 -1.9 -1.9 -1.9 -1.9 -1.9 -1.9 -1.9 -1.9 -1.9 -1.9 -1.9 -1.9 -1.9 -1.9 -1.9 -1.9 -1.9 -1.9 -1.9 -1.9 -1.9 -1.9 -1.9 -1.9 -1.9 -1.9 -1.9 7.4 48.1 47.2 45.5 41.8 36.1 28.8 21.8 20.8 29.6 37.3 38.8 39.3 35.3 27.8 11.3 8 8.2 9.1 15.9 27 39.2 46.2 54.4 60.5 63.7 65.5 66.7 68 69 70.3 70.6 70.9 71.3 71.3 71.4 71.7 72 72.2 71.9 70.6 68.8 67.1 64.2 61.4 58.6 56 54 50.6
-1.9 -1.9 -1.9 -1.9 -1.9 -1.9 -1.9 -1.9 -1.9 -1.9 -1.9 -1.9 -1.9 -1.9 -1.9 -1.9 -1.9 -1.9 -1.9 -1.9 -1.9 -1.9 -1.9 -1.9 -1.9 -1.9 -1.9 -1.9 -1.9 -1.9 -1.9 -1.9 -1.9 -1.9 -1.9 42.2 51.3 47.5 42.8 40 36.3 32 25.4 22.7 26.4 34.6 41 43.8 43.2 39 30.8 17.3 9.5 8.7 8.3 8.3 16.3 28.9 41.5 50.6 59.6 64.2 66.1 67.9 69.7 71 72.4 73.6 73.9 74.3 74.7 74.9 74.6 74.7 74.8 74.3 73.2 71.5 68.9 65.7 62.2 59.1 56.1 53.4 51.1
-1.9 -1.9 -1.9 -1.9 -1.9 -1.9 -1.9 -1.9 -1.9 -1.9 -1.9 -1.9 -1.9 -1.9 -1.9 -1.9 -1.9 -1.9 -1.9 -1.9 -1.9 -1.9 -1.9 -1.9 -1.9 -1.9 -1.9 -1.9 -1.9 -1.9 -1.9 -1.9 -1.9 -1.9 -1.9 -1.9 43.1 44.8 40.4 36.7 33.4 29.7 26.9 25.8 29.6 37 41.3 43.8 44.9 41.6 34.9 22.5 9.8 9.5 9 9.1 10.5 20.3 34.9 45.4 54.2 59.9 64.2 67.4 69.9 72.1 74.1 75.2 75.4 75.7 75.7 75.8 76.2 76.5 76.6 76.4 75.7 73.8 71.4 67.9 63.7 60 56.9 54.2 52.5
-1.9 -1.9 -1.9 -1.9 -1.9 -1.9 -1.9 -1.9 -1.9 -1.9 -1.9 -1.9 -1.9 -1.9 -1.9 -1.9 -1.9 -1.9 -1.9 -1.9 -1.9 -1.9 -1.9 -1.9 -1.9 -1.9 -1.9 -1.9 -1.9 -1.9 -1.9 -1.9 -1.9 -1.9 -1.9 -1.9 -1.9 40.8 38.6 35.8 33.1 31.7 29.6 31 34.6 38.3 41.6 43.7 44.4 42.7 37.2 27.1 12.9 10.3 9.2 9.5 9 14.1 26.9 37.6 47.3 54.5 60.4 64.6 68.2 71 73.3 75.3 75.4 75.2 75.4 75.6 76.1 76.5 77 77.4 77.2 76 73.7 69.9 65.9 60.3 57.2 55.6 54.1
-1.9 -1.9 -1.9 -1.9 -1.9 -1.9 -1.9 -1.9 -1.9 -1.9 -1.9 -1.9 -1.9 -1.9 -1.9 -1.9 -1.9 -1.9 -1.9 -1.9 -1.9 -1.9 -1.9 -1.9 -1.9 -1.9 -1.9 -1.9 -1.9 -1.9 -1.9 -1.9 -1.9 -1.9 -1.9 -1.9 -1.9 -1.9 2.4 36.7 35 33.4 34.8 38.3 39.5 41.8 42.9 44.2 44 45 39.7 29.5 15.7 12.7 10.4 9.8 10 9.8 19.7 29.9 41.1 49.6 56 61.3 65.5 69.1 71.8 73.6 74 74 74.3 74.8 75.6 76.1 76.9 77.2 77.3 76.8 75.2 72.5 67.5 62.8 60.2 57.7 55.7
-1.9 -1.9 -1.9 -1.9 -1.9 -1.9 -1.9 -1.9 -1.9 -1.9 -1.9 -1.9 -1.9 -1.9 -1.9 -1.9 -1.9 -1.9 -1.9 -1.9 -1.9 -1.9 -1.9 -1.9 -1.9 -1.9 -1.9 -1.9 -1.9 -1.9 -1.9 -1.9 -1.9 -1.9 -1.9 -1.9 -1.9 -1.9 2.5 38.6 37.9 37.7 41.5 44.3 46.3 47.1 47.4 45.4 43.5 40.9 40.1 31.7 20.1 13.2 11.8 10.4 9.8 9.8 12.3 23.6 35.5 46.1 52.7 57.8 62.7 66.2 69.1 70.9 71.8 71.7 71.9 72.7 73.9 75.8 76.9 77 77.1 77.2 76.5 75 72.2 67.9 63.2 60.6 59
-1.9 -1.9 -1.9 -1.9 -1.9 -1.9 -1.9 -1.9 -1.9 -1.9 -1.9 -1.9 -1.9 -1.9 -1.9 -1.9 -1.9 -1.9 -1.9 -1.9 -1.9 -1.9 -1.9 -1.9 -1.9 -1.9 -1.9 -1.9 -1.9 -1.9 -1.9 -1.9 -1.9 -1.9 -1.9 34.1 37.1 8 40.9 41.2 41.2 44.2 47.2 49.3 51.2 51.1 53.2 55.2 47.6 42.1 37.9 31.5 24.4 14.5 13.5 14.1 11.1 10.4 10.2 17.1 29.9 42.3 49.2 54.3 59.3 63 66.2 67.9 68.7 69.3 69.4 70.7 72.3 74.2 75.9 76.3 76.9 77.4 78.1 77.5 75.6 72.7 68.3 65.7 63.7
-1.9 -1.9 -1.9 -1.9 -1.9 -1.9 -1.9 -1.9 -1.9 -1.9 -1.9 -1.9 -1.9 -1.9 -1.9 -1.9 -1.9 -1.9 -1.9 -1.9 -1.9 -1.9 -1.9 -1.9 -1.9 -1.9 -1.9 -1.9 -1.9 -1.9 -1.9 -1.9 39.5 -1.9 48.5 45 43.2 38.7 44 44.9 47.5 48.6 51.4 52.8 54.6 56.5 53.1 50.6 46.8 43.2 37.7 33.5 25.1 16.6 15.3 15.4 14 12.4 10.3 11.5 21.4 33.7 42.1 49 54.6 59.4 62.5 64.5 64.9 65.2 65.6 66.8 69.3 71.7 73.4 75.2 76.4 77.7 79 79.5 78.8 77 73.9 71.5 69.5
