Assets/StreamingAssets/GeoData/Data/sw/SW84.asc
ncols 200
nrows 200
xllcorner 180000
yllcorner 40000
cellsize 50
[rows 0 to 38 of 200, columns 87 to 173 of 200]
91.1 93 96.6 99.4 100.6 101.4 102 102.2 102.4 103 103.4 103.6 104.1 104.3 103.6 101.6 98.7 94.1 88 82.9 77.7 72 67.6 64.1 61.2 58.4 57.9 59.8 62.8 66.2 68.4 70.3 72.1 74.1 77.3 80.2 82.5 84.2 84.5 83.6 81.7 79.1 76.2 73 69.3 66.1 63 60.6 57.9 56.3 53.8 50.2 47.2 43.7 40.6 39 37.6 34.9 30.3 28.1 27.7 28.6 31.5 35.9 41.3 45.9 50.4 54.6 57.5 59 60.8 63.3 66.2 71.1 76.9 80.6 83.2 85.1 85.6 86 85.8 84.4 82.5 80.7 78.3 76.8 75.9
89.1 91.1 93.7 97.4 99.3 101.3 101.9 102.1 102.1 102.6 103.3 103.8 104.2 104.4 103.5 102.2 99.6 95.2 91 87.2 82.6 76.9 71.4 68.1 65 60.8 57 60 65.7 68.2 70 72.3 74.4 77.6 80.6 83.4 85.2 86.6 86.4 85.9 84.9 83.1 81 78.4 76.2 74.3 73.1 72.2 70.4 69.7 67 62.7 57.6 52 49.4 48.2 45.6 41.8 34.7 29.6 27.5 28.2 30.3 32.4 36.7 40.7 44.6 49 51.1 52.7 55 58.7 63.3 69.3 75 79.3 81.7 83 83.5 83.8 82.4 80 77.7 75.3 72.7 70.3 68.8
87.5 89.6 92 94.1 96.7 99.6 100.9 101.4 101.8 102.1 102.4 103 103.5 103.9 103.5 102.1 100.1 97.1 94 90.4 85.6 81.2 76.2 72.5 69.1 64 58.6 58.4 69.2 72 73.8 76.2 78.7 81.7 85.1 87.5 89 90.1 91 91.2 91.1 91.2 90.9 90.3 88.5 87.6 86.3 84 81.8 79.5 77.1 73.6 69.7 66.1 62.9 59.6 54.2 47.3 38.2 30.6 27.4 27.7 30.3 32.2 34.3 37.4 40.8 44.3 46.3 49 53.3 58.4 64 69 73.7 78.2 80.6 81.6 81.9 81.5 79.3 76.3 72.7 69.7 66.1 63.6 60.6
86.7 88.5 91 92.5 94.8 96.6 99.2 99.9 100.7 101.3 101.5 102.1 103.1 103.8 103.7 103 101.4 98.8 95.4 92.7 89.1 85.4 80.6 76.1 72.7 69.5 65.1 55.6 66.3 75.1 78.5 81 83.2 86.1 89 91 92.7 93.9 94.9 95.3 95.4 95.3 94.8 94.2 93.5 92.2 91 88.6 86.5 83.5 80.3 76.3 73.1 70.1 66.3 62.4 56 48.9 41.5 34.2 28.9 27.2 30.6 34.8 39.3 42.9 45.9 48.1 48.4 49.1 53.5 58.3 63 67.9 73.2 77 79.6 80.7 80.6 79.4 76 71.1 65.5 61.1 56.2 53.7 51.5
88.7 89.9 91.5 93.1 95.1 96.4 97.8 98.7 99.5 100.1 100.7 101.5 102.6 103.4 103.8 103.4 102 100.2 97.8 95.4 92.7 89.3 84.9 80.7 76.8 73.5 68.8 58.3 58.9 72.5 80.1 83.7 86.3 88.7 90.4 92.2 93.7 94.8 95.8 96.3 96.3 95.9 95.5 94.6 94.2 93.5 92.3 90.5 87.8 84.7 81.1 77.6 74.2 70.9 67.1 63.1 56.5 49.6 43.4 36.5 29.8 27.3 29.2 35.6 42.8 48.7 53.5 56 55.8 54.5 54.9 57.8 61.5 67.1 72.7 76.5 79.5 80.4 80.5 79.3 75.6 70.6 64.4 56.8 50.7 46.6 43.9
91 92.3 92.6 93.8 95.5 96.6 97.4 97.9 98.2 98.4 98.9 100.6 101.9 102.8 103.9 103.4 102.4 101.5 100.2 98.3 96.1 92.9 89.3 84.9 81.2 77.4 71.8 59.7 57.2 68.8 79.1 83.5 86.8 89.6 91.4 92.7 93.6 94.5 95.2 95.6 95.6 95.4 95.1 95.2 95 94.4 93.4 91.3 88.4 84.6 80.9 76.7 73.1 69 65.1 60.4 55 48.1 40.8 33.2 28 26.4 27.7 33.6 43.4 51.8 56.9 60.2 60.2 58.5 58 60.1 64.5 68.7 73.7 77.4 80.6 82.1 82 80.4 77.4 72.3 65.8 58.1 51.3 45.5 40.8
93.2 94.2 94.6 95.3 95.9 96.6 97 97.4 96.7 96.3 96.6 98.4 100.7 102.4 103.6 103.9 103.2 102.5 101.5 99.8 97.6 94.8 91.7 88.6 85.4 80.7 74.2 61.2 56.4 69 77.7 82.8 86.5 89.6 91.5 92.7 93.5 94.2 94.1 94.5 94.5 94.4 94.7 94.8 94.9 94.3 92.9 90.4 87.5 83.6 79.4 74.5 69.1 64.7 61 56.4 49.4 41.8 34.2 28.9 25.7 25.1 27.2 36.7 49.1 56.6 61.6 66 66.7 65.9 66.2 68.8 72.3 75.7 79.1 81.2 83.7 85.5 85.3 82.8 79.7 73.9 67.5 60.2 53.9 48.6 44.1
95.3 96 96.5 96.4 96.4 96.2 96.6 96.4 95.4 94.3 94.3 96.3 99.1 101.2 103.1 103.7 103.7 102.8 101.9 100.1 98 95.8 93.3 90.4 86.8 81.3 74.4 61.8 56.7 67.8 75.6 81 85 88.9 91.2 92.6 93 93.6 93.5 93.4 92.9 92.7 93.1 93 93.1 93 91.8 89.2 86.2 81.9 76 69.2 61.7 56.6 53.6 49.2 40.6 35.3 31.6 28.3 25.5 24.5 27.6 39.6 53.5 61 66.7 71.1 73.8 75.4 76.4 78.8 81.3 83.5 85.3 86.6 88 88.2 87.6 85 81.9 77.2 71.3 64.2 57.5 52.6 49.1
96.7 97.5 97.7 97.3 96.7 95.6 95.9 95.3 94.3 92.5 92.2 94.5 97.3 100.1 102.2 103.3 103.7 103.2 102.6 101.2 99.4 97.2 94.5 91.5 86.9 80.7 71.8 59.3 55.2 63.4 72.6 78.4 83.4 87.7 90.6 92.6 93.1 92.3 91.6 91.2 90.7 91.7 91.9 91.5 90.9 90.8 89.9 88 84.8 80 72.2 64.3 57.5 52.6 49.2 45 42.5 38 32.2 28.3 25.2 24.8 29.2 40.5 53.4 62 68.2 72.7 76 78.5 80.6 82.7 85.2 87.8 89.5 90.1 90.2 89.9 88.7 86.3 83.3 79.3 73.8 67.6 63.5 62.5 59.6
97.7 98.4 98.5 98 97.2 95.9 94.7 93.3 91.9 90.9 91 93 95.6 98.4 101.2 102.7 103.4 103.6 103.5 102.2 101 98.7 96.1 92.3 87.1 80.5 70.3 58.7 54.1 59.4 66.4 73.9 80.2 85.5 89.2 91.9 92.3 90.8 89.5 89 89 90.3 90.7 90.3 89.1 88.8 87.6 86.2 83.8 79.3 72.8 65.6 59.3 55.3 52.5 50.5 48.3 43.6 36.5 29.5 24.6 25.1 30.9 40.4 54.5 62.9 69.1 73 75.7 78.9 82 84.6 87 89.2 90.8 91.2 91 90.3 88.7 86.7 84.1 81.1 77.6 75.2 73.1 70.6 66.8
99.2 99.3 99.1 98.9 98.4 96.7 93.9 91.3 89.8 90.3 90.6 92.4 94.5 97.1 99.8 102.2 103.4 103.8 103.7 102.8 102 100.3 97.1 92.8 86.6 78.6 69.7 60.9 53.4 55 61.3 70.8 78.5 84.1 88.4 91.2 91 89 87.5 86.5 87.8 89 89.9 89.1 89.2 88.6 86.9 84.6 82.2 78.9 73.9 68.9 63.8 60.1 57 53.1 49 43.5 36.9 29.4 23.5 24.7 30.9 43.7 56.8 63.8 69 71.7 73.7 77.8 81.4 84.4 86.8 89.2 90.9 91.7 91.4 90.4 88.6 86.9 84.5 81.8 79.4 77.7 76.3 74.1 70.9
100.3 100.3 99.9 99.3 98.8 97.5 94.7 91.2 88.6 88.6 90 92.2 94.9 97.3 99.9 102.2 103.6 103.7 103.7 103.1 102.1 100.8 98.2 94.2 88.3 81.8 74.7 66.1 56.9 52.1 58.3 69.3 78.5 84.6 88.4 90.6 90.1 87.1 86.2 85.2 86.6 87.8 88.8 87.7 86.7 86.5 84.3 82 80.1 78.1 75.2 71.7 68 63.8 59.8 54.5 48.8 41.6 33.6 26.8 22.9 24.6 34.5 48.6 57.7 63.5 66.9 68.6 70.5 74 78 81.7 84.9 87.6 89.4 90.3 90.6 89.6 87.3 86.3 84.2 81.9 79.5 78.1 76.2 74.3 72
101.4 100.7 100 99.2 97.9 97.2 94.9 91.1 87.1 87 90 93.3 96.1 98.4 100.4 102.3 103.5 103.6 103.6 102.9 102.3 100.9 98.9 96 91.8 85.4 78.9 70.6 61 51.5 55.2 66.3 78.1 84.9 88.8 90.2 89.3 86.8 85.5 83.3 85.2 86.4 86.3 85.2 84.2 83.3 81.6 78.7 77.2 76.3 75.1 73.2 70.7 66.9 61.6 54.3 46.8 38.4 29.8 23.5 22.8 25.8 36 48.1 56.4 60.9 63.4 64.1 64.4 67.3 72.2 76.2 79.6 82.6 85.6 87.6 88.1 87 85.7 84.2 82.7 80.2 77.9 75.6 72.9 71.2 69.6
101.7 101.3 100.6 99.4 97.2 95.2 93.3 89.5 85.5 85.7 89.1 92.6 95.8 98 99.9 101.4 102.3 102.5 102.5 102 101.5 100.5 98.7 96.5 93 87.6 81.6 74 64.3 51.5 51.7 64.9 77.3 84.4 87.9 89.3 88.4 85.9 82.5 80.1 82.4 83.5 83 81.6 80.5 79.6 78.2 75.3 74.1 73.1 73 71.5 69.7 66.9 62.2 54.5 45.2 35.1 24.9 22.8 23.3 27.9 41.3 49.7 54.6 57.5 59.8 59.9 60.2 61.4 64.8 68.5 70.7 73.4 77.8 81.8 82.8 82.4 81.7 79.9 78.7 76.9 74.5 71.2 67.5 65.7 65.3
101.5 101.2 100.5 98.8 97 93.9 91.4 87.2 83.9 84.5 87.6 90.5 93.5 96 98.1 99.7 100.3 100.8 100.7 100.3 99.6 99.2 97.3 95.3 92 88.1 82.9 76.6 67.8 55.8 48.9 61.1 75.7 84 86.4 87.8 86.6 83.5 79.9 76.9 78.2 79.5 79.4 77.7 76.1 75.3 72.9 70.7 69.2 68.9 68.9 67.8 66 63.8 59.8 52.8 43.2 32.2 23.8 22.5 26.9 36.1 43.9 47.1 48.6 49.9 52.3 53.5 54.1 55.2 57.8 60.6 63.3 66.3 70 74.4 76.2 77.9 77.8 77.2 75.2 72.4 69.3 66 60.7 56.2 56.8
102.1 101.4 99.3 97.3 95.5 92.4 89.5 86.6 83.3 81.9 84.6 87.3 90 92.8 94.9 96.5 97.5 98 98.2 98.2 97.5 96.6 94.7 92.7 90.2 87.7 83.8 78.9 72.1 61.8 47.9 57.2 75.6 83.4 85.4 86.2 84.5 80.4 78.5 73.2 73.3 74.5 75 73.6 71.9 71.3 68.4 65.6 64.3 63.9 63.7 62.6 61.6 58.9 55.7 50.7 44.1 31.3 23 24.4 31.9 37.5 38.3 38.5 39.6 41.1 43.6 45.4 47.3 50.1 53.2 56.1 59 62.4 66 69.6 72.4 74.6 74.9 73 70.3 67.7 64.9 61.5 55.5 46.4 45.2
102.2 101.9 100.3 97.4 94.3 91.1 88.3 86.2 84.1 81.9 79.9 81.6 85.3 88.4 91.3 93.1 94 95 95.3 95.6 95.2 93.8 91.6 89.6 87.6 85.4 83 79.7 74.8 64.8 48.7 58.6 76.1 82.5 84.4 84.4 82.8 79.5 77.2 71.1 68.6 69.3 70 69.8 68.1 67.9 64.5 60.4 57.8 56.3 56.7 56.8 56.9 55.1 53.2 49.6 41.9 30.1 23.2 26 32.1 33.3 34.5 34.7 35.9 37.1 38.9 41.8 44 46.7 49.3 53 56.8 60.5 63.3 65.2 66.4 68.5 67.8 64.4 62.2 61.6 60.4 57.2 50.3 39.6 34.2
102.3 102 101.2 99.1 96.1 93.4 90.9 89.2 87.5 85.5 82.4 78.4 78.4 83.3 87.1 89.4 90.2 91.6 92.5 93.2 92.7 91.6 89.5 86.5 84.2 82 80.7 78.3 75.1 64.4 47.7 59 75.9 81 82.4 81.9 80.5 78.1 75.2 70.9 67 65.1 64.9 65 64.1 63.9 60 53.2 48.6 46.2 48 51.1 52.3 51.2 49.5 44.8 38.5 31.8 24.5 23 25.7 29.1 30.4 31.4 32.9 34.3 36.1 38.7 41.2 44 47.1 51.4 56.6 59.6 62 62.9 63.2 63.2 60.9 58.9 57 56.4 55.8 53.8 48.7 37.1 26.6
101.9 101.9 101.4 101 99 96.6 94.5 92.7 91.1 88.9 86.3 82.1 75.7 77.9 82.5 85.1 86.1 88.2 91.2 92.7 91.9 90.1 87.3 83.8 80.8 77.2 76.5 74.9 71.8 62.3 45.4 59.5 75.3 78.8 80.4 80.5 79.3 77.7 74.8 71.6 67.7 63.6 60.1 59.1 58 55.7 52.2 49.1 47.3 44.4 43.4 45.6 47.4 46.3 42.6 38 34.8 31.4 26 21.2 20.5 24.7 26.5 28.1 29.8 31.9 34 36.6 39.6 43.9 48.1 52.7 57.2 59.5 60.8 61.4 60.7 59.9 57.9 56 53.4 52.1 51.1 49.6 44.9 31.9 22
101.2 101.3 101.6 101.6 101 99.1 97.6 96.3 94.6 92.1 89.1 85.2 77.5 72.2 76.2 78.1 83 90 93.2 93.3 91.8 89.2 85.5 81 77.1 72.1 69.9 69.3 66.8 59.4 46.4 56 73 77.6 79.5 79.7 79.3 77.9 75.7 73.7 70.8 66.8 62 58.5 56.2 56 55.9 56.8 54.8 51 45.7 41.7 40.4 37.9 34.3 32.3 30.5 28.9 25.6 21.1 18.8 22 23.7 25.6 27.9 30.7 33.3 36.3 40 45.5 50.5 54.7 57.9 59.9 60.4 59.6 58 56.6 54.7 52 48.9 47 45.5 43.6 39 27.5 20.1
99.7 100.6 101.1 101.9 101.5 100.4 99.7 98.2 96.6 93.6 91.1 87.1 81.3 72 69.4 78.8 88.4 93.2 94.8 94.5 92.6 88.7 84.6 79.8 75 69.3 63.9 62.5 60.1 56 48 52 68.9 77.9 80 80.8 80.8 80.3 79.1 77.1 74.3 70.5 67.5 65.2 64.2 63.9 63.3 61.4 57.9 53.7 49.4 41.9 35.5 31.6 29.5 27.6 26.1 24.6 22.2 19.7 18.3 21.4 26.3 28.8 30.5 32.8 34.7 37.5 41.2 46.5 52 56.1 58.2 59.2 59 56.5 54.8 53.7 50.6 46.9 43.9 41.2 38.9 36.2 32.5 24.4 19.7
97 98.2 99.7 100.8 101.2 100.2 99.6 98 96.8 94.2 91.3 88.5 84 77.1 67.1 77.7 88.7 92.5 94.1 94 92.9 89 84.7 79.8 74.8 69.5 64.8 61.1 58.1 53.3 46.9 47 63.9 77.5 81.2 83 83 82.7 82.5 81.5 79.1 75.3 71.9 68.8 66.7 66 63.9 61.1 57.2 52.7 47.8 41.5 35.7 32.1 29.2 25.1 25.2 23.2 20.9 19.2 18 21.5 30.8 36.1 37.3 38.4 38.9 40.8 43.8 48.2 53.4 56.7 58.4 58.5 56.9 54.2 50.7 48 44.6 40.9 36.8 33.9 33.1 30.2 28.4 23.1 19.5
93.2 95.8 97.5 98.7 98.6 97.8 97 95.9 94.1 91.6 89.5 87.2 84.4 80.5 68.9 75.6 87.1 90.5 91.5 91.3 90.6 88.3 85 81.7 77.5 73 69 65.3 61.5 54.2 46.5 44.6 59.6 76.2 81.8 83.7 84.3 84.2 83.7 83.4 81.8 78.6 74.9 71.3 68.4 66.1 63.4 59.6 55.6 50.4 45.3 41.2 37.4 34.6 32.1 29.6 28.2 26.4 22.4 18.8 17.5 21.8 32.2 42.1 45.8 46.8 46.4 46.4 48.1 51.9 55.3 57.8 58.5 58.8 56.6 54 50.6 46.9 41.8 37 32.4 30.1 28.4 27.7 28.4 25.3 18.7
89.2 92.1 93.6 94.6 94.4 93.6 92.5 91.8 90.3 88.3 86 83.8 81.1 77.6 66.8 73.8 83.5 86.7 87.3 87.3 87 85.6 85.1 83.2 79.9 76.4 72.5 68.8 64.6 55.5 46 43.8 56.2 73.2 80.1 83.1 84.4 84.7 84.5 84.4 82.6 79.9 76.4 72.9 69.4 66.9 63.9 60.3 56.4 51.7 47.4 44.2 41.1 38.2 36 33.4 30.6 26.7 21.6 17.5 17.4 21.7 34.5 45.9 51.4 53.3 52.9 53.7 55.8 59.1 60.9 60.5 59.8 58.8 56.5 53.1 50.6 47.3 42.9 37.8 38.1 36.9 36.2 38.9 39.6 31.4 17.6
84.8 87.2 88.5 88.5 88.9 88.3 87.6 86.9 85.7 84.3 82.3 80.1 76.8 73.1 64.5 71.4 79.3 81.4 82.2 82.1 82 82 81.9 81.3 79.1 76.4 73.4 69.9 66 55.9 45.8 43.2 54.3 68.6 77.2 80.7 82.9 84.6 85.3 85.4 83.6 80.2 76.3 72.3 69 65.5 62.6 59.4 56.1 51.9 48.5 45 41.3 38.4 35 31.7 27.8 23.6 19.8 16.7 17.6 23.4 37.9 47.7 52.6 56.2 58.3 59.9 61.4 62 62.2 60.9 58.8 56.2 53.4 50.7 47.6 43.9 41.1 41.5 44.4 45.2 44.3 44 42 34.8 18.1
79.4 81.6 82.3 83.1 83.4 83.7 83.2 82.2 80.9 79.2 77.4 75.7 72.6 67 59.5 68.6 74.4 76.4 77.2 77.5 77.3 77 76.2 75.3 73.5 71.9 70 67.4 64.1 55.8 45.6 42.8 51.7 64 72.4 77.5 80.6 83.4 85.5 85.9 84 80.2 75.6 70.9 66.5 62.4 59.1 56.3 53.1 49.8 46.7 43.1 39 35.2 31.3 26.2 24.8 22.8 19.6 16.7 18.1 24.9 39 47.1 52.3 56 58.6 60.3 61.7 62.8 63.3 61.7 59 56.3 53.4 50.9 49.2 47.9 46.7 46.4 46 45.2 44.1 43 40.3 36.9 30.9
74.2 73.8 75.7 78 78.3 78.3 78 77 75.4 73.3 71.5 69.5 67.8 62.4 55.6 64.5 69.4 71.6 72.4 72.1 71.9 71.8 70.9 69.7 68.2 67.1 65.9 64.1 61.9 54.9 44.8 43 51.3 60.7 67.3 73.1 78 82.5 85.4 85.7 83.4 79.1 73.6 68 62.8 59 55.4 51.9 48.9 46.4 42.7 38.4 34 32.3 29.6 30.1 30.6 28.2 22.1 17.3 18.1 26.3 38.8 45 50.4 53.8 56.5 59.4 62 63.3 64.6 63.4 61.8 60.3 57.8 55.6 53.4 51.9 50.2 48.5 46.5 44.6 43.3 40.9 36.9 30.4 24.6
77 72.1 68.1 71.5 73.1 72.4 71.7 70.2 68.1 65.4 62.5 61.8 62.1 60.5 53.8 59.5 62.9 64.7 66 66.7 66.2 66.3 66.4 65.4 63.8 62.6 62.4 61.3 58.9 53 43.8 43 50.5 56.8 62.7 68.8 74.9 80.2 83.1 83.4 80.9 75.5 68.8 61.4 57.5 54.2 50.6 47.1 44.3 41.8 38.6 36 36.4 34.6 34 35.8 36.5 34.3 27.6 18 17.4 26.3 35.9 41.3 46 51 55 58.3 61.6 64.7 66.2 66.5 66.4 64.8 62.6 60.6 58.1 55.2 52.3 49.2 46.7 44 40.6 37.8 35.3 32.8 28
82.3 77.4 70.7 65.4 65.1 64.6 64 62.9 59.9 57.9 56.4 54.7 54.1 54.3 52.3 53.1 54.5 55.8 58.6 60.2 60.6 60.7 60.7 59.9 59.2 58.7 58.9 58.3 56.3 49.8 42.3 43.4 49.2 54.5 59.9 66 71.9 77.1 79.8 80 77.1 71.3 64.1 57.6 54.2 51.3 47.9 44.5 42 39.8 39.4 40.1 42.3 43.6 43.5 43.8 42 38.2 30.4 18.8 16.7 23.7 31.9 39.1 45.7 50.2 53.6 56.9 60.8 64.3 67.4 69.3 70 69.2 67.1 64.9 62 58 53.5 50.3 47.5 45 42.8 39.9 36.6 32.9 25.7
83.5 78.1 72 65.8 62.2 60.6 59.1 57.9 56.8 56.1 55.3 54.9 53.1 51.6 50.3 48.8 46.7 48.1 50.4 54.3 54.5 55.2 55.7 55.4 55 54.1 55.2 55.4 53.9 47.7 42.8 43.9 48.9 53.5 58.5 63.4 69.2 74.2 77.1 78.3 75.4 69.8 62.9 58.9 56 53.7 52.2 49.7 47.9 47.9 49.5 52.5 54.9 54.1 50 49.8 47.1 42 33 20.1 15.7 21.3 31.3 39.6 45.4 48.8 51.3 53.2 58.2 62.4 66.4 69.9 70.9 70.9 69.5 67.6 65.1 60.8 56.9 53.7 50.7 47.9 44.2 40.2 33.3 27.3 22
83.6 78.4 71.5 65.6 65.2 64.1 62.1 61.6 61.5 60.8 60 58.6 56.8 54.8 52.4 50.3 48.3 46.7 46.7 47.4 47.4 48.1 49.2 50.2 49.7 48.7 50.8 51.6 50.8 44.4 41.9 43.5 48.4 53.6 57.2 61.3 66.6 71.3 76.3 78.7 76.8 71.6 68.4 66.5 66.7 66.4 64.9 61.7 60.1 60.6 60.3 60 58.9 57.1 55.5 54 51.5 45.9 36.9 22 14.3 20 30.5 38.7 42.8 43.9 46.1 51.6 56 60.4 65.1 68.9 71.3 72.2 72.4 71.5 69.6 65.6 62.1 58.2 54.8 51.7 46.8 42.4 36.4 27.9 19.8
83 76.8 69.5 69.3 70.4 68.8 67.2 67.1 66.6 65.6 64.6 62.9 61 58.6 56.3 53.7 51.6 49.5 47 45.6 44.8 43.6 42.7 42.8 43.4 43.3 43.7 44.9 44.3 39.4 39 42.3 47.5 51.3 54.2 57.9 63.3 70.3 77 80.5 80.2 77.9 76.3 75.5 74.9 73.1 70.5 68.4 64.9 62.7 61.4 59.4 57.5 55.9 54.6 53.3 50.4 45.5 36.8 23 15.2 19.8 29.7 33.9 34.6 40.5 48.7 53.2 57.6 61.9 65.1 68.4 70.9 74 74.9 74.9 73.8 71 67.4 63.5 59.9 55.7 50.8 45.5 39.1 27.3 18.3
79.5 75.2 74.5 76.1 76 74.4 73.2 73.2 72 70.9 69.7 67.7 65.6 63.3 60.2 57.5 54.9 53.4 52.7 52.2 51.6 50.7 49.7 48.2 46.7 44.6 40.3 38.3 37.9 37.6 39.7 47.5 54.2 56.6 58.7 62 66.5 73 80.6 86.7 88 86.3 84.2 81.6 79.1 75.5 71.6 67.9 64.3 61.4 58.5 56 53.1 50.3 46.9 44.1 40.1 36.7 32.1 21.6 15.9 18.9 23.6 27.3 35.3 43 48.1 52.8 57.5 61.1 64.1 67 70.1 73 74.8 75.1 74.6 72.4 67.7 64.4 60.5 54.6 49.3 42 31.9 18.8 16.9
80.3 80.5 82.3 83.1 83.1 81.9 80.9 80.8 79.5 77.8 75.6 75.4 74.4 69.9 66.5 64.3 61.3 59.5 58.2 57.5 57.2 57.2 57.4 57.7 56.1 52.2 45.4 39.1 36.8 38.3 44.5 56.9 63.1 65.5 67.4 70.4 74.3 80.5 87.3 92.1 92.9 92.6 90.2 86 81.3 75.5 70.3 65 60.9 58.3 54.9 51.8 47.7 41.2 35.6 32.4 30.2 26.6 21.8 17.4 14.8 16.8 22.6 29 35.6 41.3 46.9 51.7 56.3 59 61.4 64.4 67 70 72.4 73.5 73.2 70.1 66 62.4 56.4 49.9 42.1 33.5 23.5 16.7 16.9
88.1 88.8 89.2 90.4 90.7 89.9 90 90.5 90 89 89.8 89.5 88.6 86.3 81.6 77.3 72.9 68.7 66.3 66.2 65.9 65.1 64.6 64.5 62.9 58.4 50.4 39.1 36.6 41.6 50.4 64.6 69.6 72.5 74.8 78.4 82.9 88.6 92.1 94.7 95.9 94.9 91.4 86.8 81 73.5 68.9 62.7 58 56.3 53.7 49.6 45.2 38.6 33.2 29.6 27 24.8 20.2 17.3 14.5 16.7 24 29.2 34.5 40.6 46 50.9 54.8 56 57.9 59.9 63.7 68.5 72.4 72.4 71 67 62.6 57.7 51.8 42.9 33.5 19.7 15.6 16.8 18.4
94.5 95.3 95.8 96.5 96.6 97.4 97.6 98.1 97.7 96.8 96.6 96.3 95.4 94.4 93.1 90.1 86.4 82.3 79.2 78.1 77.8 75.2 73.1 70.5 65.9 58.9 48.7 37.1 36.5 42 56.1 70.5 74.9 77.8 80.6 84.5 89 91.4 93.6 95.4 96.3 95.3 91.4 86.8 81.7 76.1 70.7 66.4 60.1 56.4 55.2 53.2 51.9 47.7 41.3 36.3 32.6 30.4 27.4 22.4 15.3 17.6 24.8 29.6 33.9 40 45.8 50 53.1 53.2 54.2 58.4 64.5 70.6 73.7 72.6 68.8 63.2 57.7 52.9 48.1 40.7 29.1 15.5 16.2 17.5 19.5
98.6 99.3 99.1 99.6 100.5 100.9 101.1 100.6 100.5 100 99.5 98.9 98.6 98.4 97.5 95.6 93.3 90.7 88.8 86.9 84.6 81.3 77.8 72.9 65.9 57.2 44 36 37.7 47.8 64.3 74 78.3 82.3 86 88.1 89.1 90.5 92.2 94.3 95.4 94.9 91.1 86.7 82.4 78.3 74.9 72.6 68.9 65.7 64.2 62.9 61.1 57 52.1 46.5 42.4 38 33.2 25.5 16 17.6 24 29.1 33.7 39.4 44.3 47.5 49.4 50.2 52 58.6 68.1 73.9 74.3 71.9 67.8 62.7 55.7 47.1 39.4 33.6 23.9 16.8 16.6 17.9 23
101 100.8 100.8 101.4 101.8 102.3 102.5 102.2 101.4 100.6 99.9 99.6 99.6 99.5 98.5 97.3 95.7 93.2 91 89.3 87.2 84.2 80.3 75.4 68.5 57.9 42.8 37.4 45.9 58.3 69.6 75.3 79.6 84.7 85.7 85.8 85.6 86.4 89.1 92.1 93.7 93.4 90.5 86.5 82.3 78.2 76.6 76.7 77.5 76.5 73.9 70.2 66 61.6 56.1 50.7 45.5 39.4 32.9 24.8 15.8 16.8 22.9 28.8 33.9 38.6 41 42.8 44.8 47.5 52.5 64.3 71.9 73.5 73 70.2 66.2 60.9 53.6 41.9 34 26.1 19.3 15.8 16.2 19.8 25.7
101.1 101 100.9 101.1 101.5 102.2 102.2 102.1 101.2 100.1 99.5 99.1 98.6 98 97.8 97.1 95.5 93.5 91.8 89.9 87.6 84.5 80.4 75.7 68.2 53.6 37.3 39 55 63.4 69.5 73.7 76.6 80.2 79.8 79 79.5 81.3 85.3 89.4 91.6 91.9 90.2 86.8 82 76.1 75.1 77.3 78.5 77.3 75.2 71.7 68 64 58.7 51.7 44.5 37 29.2 21.8 14.8 15.9 24.4 29.5 33.4 35.7 37.1 40 45.1 51.7 60 68.2 71.6 72.6 71.4 67.2 61 53.2 42.3 35.7 32.2 27.3 19.3 15.7 15.9 19.5 22.6
