Game/Highland_Data/StreamingAssets/GeoData/Data/nt/NT01.asc
ncols 200
nrows 200
xllcorner 300000
yllcorner 610000
cellsize 50
[rows 0 to 34 of 200, columns 78 to 155 of 200]
441.4 423.9 407.6 389.7 379 371.6 365.1 358.3 352.7 349.1 355.3 354.6 357.3 362.4 364.7 359.6 345.3 353.2 352.6 349.8 347.1 342.7 335 331.6 330.8 327.4 322.2 319.8 315.8 313.7 312 310.7 299.7 302.3 302.4 305.9 316.3 335.7 355.9 376.2 393.3 405 411.8 415.6 416.3 413.1 406.3 396.9 385.5 370.1 361.3 352.5 349.3 359.8 361.2 360 358.5 352.3 346.2 343.5 342.1 340.2 344.7 355.5 366.8 377.3 389 399.9 409 418.2 424.7 425.3 424.1 420.3 412.2 404.2 394.5 383.9
431.1 419.4 409 401.1 393.6 383.1 371.7 359.4 354.3 363.5 370.5 371.6 372.2 373.2 370.7 353.2 362.8 366.2 366.7 365 361.9 356.5 348 343.3 341.1 334.6 326.5 323.5 317.2 314.7 312.5 310.6 301.1 302.8 303.1 304.4 317.8 338.1 358.8 378.8 395.2 406.3 413 417.1 417.2 414.1 406.9 397.7 386.6 372.1 362.3 352.5 354.2 364.2 368.8 370.3 368 363.8 356.1 351.6 347.9 344 340.8 347.4 358.2 369.1 380.8 394.5 406 414.5 419.9 421.4 421.2 417.6 410.5 401.5 391.6 381.1
440.8 430.4 419.4 410.2 397.6 383 368.9 357.6 366.5 376.8 380.3 380.9 380.6 379.4 373.7 368 373.3 376 377.2 377.9 374.6 368.2 361.4 355.3 349.7 342 332.5 327.2 319.6 315.8 313.3 310.9 303 303.5 303.7 307.2 320.6 340.4 361.7 382.3 397.5 409 416.1 419.7 418.8 414.1 407.4 398.7 387 373.3 362.9 352.2 358.4 367 372 375.7 375.7 373.5 366.9 360.7 356 349 343.1 342.6 350.2 361.5 373.4 387.5 401.4 410.8 415.2 418.1 418.7 415.4 408.5 398.9 389 378
443.5 430.8 417.9 409.2 395.2 379.6 362.6 368.2 381 387.3 388.9 387.8 386 383.1 378.2 376 380.8 382.5 383.4 386.1 385.9 380.2 372.9 365 358.5 350.7 340.8 330.7 322.9 316.9 314.2 310.1 303.7 303.9 304.5 310 326.1 345.3 367.7 387.6 402.2 412.4 419 422 419.1 414 407.8 399.6 387.2 372.6 361.6 353.4 362.3 369.9 376.2 382.4 382.8 380.8 374.5 369.2 364.6 357.4 350.7 343.5 345.5 356.4 367.8 380.5 393.6 404.5 411 414.5 414.7 411.4 405.4 396 386.1 374.8
435 425.6 413.7 400.1 386.2 369.3 368.6 382.4 391.6 394.3 394.4 393.6 390.6 387.2 382.8 383.3 387 389.4 388.7 391.1 393.8 392.1 383.5 374.4 367.3 359 349.2 336.7 324.6 318.1 313.7 308.8 304.2 304.4 306.7 313.4 330.1 349.4 371.3 390.1 403.7 413.8 420.7 423.2 420.1 415.9 409.6 400.8 387.9 372.1 361.1 356.8 366.4 374.1 381.5 386 386.7 385.5 380.8 375.9 373 367.3 359 350.2 345.5 352.4 362.5 373 385.1 395.9 405.5 410.9 411.3 407.8 401.9 392.8 382.6 371
429.5 411.5 401 389 375.2 373.3 382.6 393.6 398.5 399.7 399.4 398.2 394.9 391.1 387.3 388.9 391.4 393 393.6 395.7 398.5 398.2 391.6 382.2 372.7 363.3 353 341.3 329.1 318.3 313.6 305.7 302.8 304.7 310.6 317.6 332.3 351.4 371.8 388.3 402 411.8 419.9 424.4 421.5 416.9 410.2 401.3 387.8 371.6 360.8 361.6 369.8 376.8 384.9 389.1 391.1 391.5 388.1 383.2 377.8 374.8 369 360.3 350 348.8 357.1 367.3 377.4 387.4 396.8 402.2 404.9 401.2 395.3 387.1 378.1 366.1
445.3 425.1 404.6 389.7 382.6 388.5 397 402.7 406.4 406.6 405.7 404 400.4 396.4 393.5 393.2 395.1 396.7 396.7 397.6 398.3 398 392.8 383.9 374.8 365.6 353.8 342.6 331.6 319.4 311.5 304.8 304.4 307.2 313 318.9 332.4 350.8 369.4 384.7 397 407.4 416 421.5 421.9 418.3 410.6 400.1 384.8 371 361.6 364.1 371.4 379 386.4 391.3 396.6 398.2 396.5 392.3 386.7 381.4 374.1 367.2 357.2 349.3 354.3 363.3 371.9 378.6 385.8 391.1 395.1 392 387 380.4 372.7 361
447.2 428.2 409.3 393.6 399.4 402.7 409.2 414.5 416.7 416.5 414.8 412 408.5 404.5 401.1 399.7 400.2 400.6 400.2 399.9 399.3 397.1 391.2 382.2 373.4 365.5 353.7 341.7 329.1 320.2 311.1 304.5 305.2 309.8 314.2 321 332.5 348.2 364 377.6 389.9 400.3 409.2 415.8 418.3 414.9 408.6 397.9 382.7 370.9 362.9 365.4 372.8 381.1 390.2 398.1 404.9 407.7 405.1 401.4 395.8 388.5 378.2 370.1 359.7 350.9 352.1 359.7 366.4 372 375.9 380 385.4 383.8 379.1 374.1 367.3 356
446.1 428.2 409.5 409.6 413.3 411.8 418.7 425.8 428.5 426.7 423.9 420.8 417.2 413.2 409 407.1 406.7 405.3 404 402.3 399.4 393.9 386.1 377.3 368.7 360.3 349.6 335.7 325.8 316.7 308.3 304.3 306 312 316.5 323.6 333.8 344.1 357 370.4 382.5 394.1 402.7 409.9 413.3 411.4 406.3 396 381.5 371 365 367 374.5 383.7 394.1 403.5 411 415 413.5 409.3 402.5 393.4 382.7 372.4 361.1 352.2 351 356.8 362.7 367.3 370.6 373.5 377.9 377.6 374.1 368.9 361.4 351.6
445.9 425.8 424.7 426.6 424.2 423.1 421.9 435.7 436.6 434.6 431.5 428.2 424.8 420.1 415.7 413.6 411.3 409 405.1 400.3 395.8 389 380.4 371.8 363.3 354.4 342.2 330.2 321.1 313.6 307.1 303.5 311.6 313.7 317.3 324.6 334.2 343.1 354.7 367.1 379.2 390.1 399 405.5 409.2 408.4 403.1 393.6 380.1 371.2 366 369.1 376.6 387.2 398.8 407.7 414 420 419.6 413.9 406.7 397.3 386.7 375 363.3 353.5 351.7 355.8 360 363.6 366.3 369.3 372.2 372.2 369.9 365.4 357.7 351.4
451.7 444 437.8 437.6 433.9 437.8 430.3 442.4 442.6 442 440.3 436.9 432.2 426.8 421.2 417.1 414.3 409.6 404.7 398.7 391.8 383.7 374.3 366.3 357.8 348.8 337.3 325.6 318.8 312.2 307.4 305.9 312.1 314.6 318.4 324.9 333.8 343.1 355.5 366.2 376.8 387.7 396.4 403.5 405.9 405.6 401 391.4 380.2 372.7 368.1 371.6 382.2 393.4 405.1 412.4 417.7 420.4 420.3 415.3 408.5 400 388.3 376.5 366.5 356 352.5 357.4 360.4 361.9 367.2 369.5 370.6 370 368.3 365.2 358.3 351.1
461.6 457.5 448.4 445.6 443.1 449.3 442.3 448.1 449.5 449 447.4 444.9 441.1 434.3 426.8 421.5 416.3 410 404.2 396.7 388.6 378.3 369.5 361.6 352.2 341 330.2 322.6 317.8 310.4 307.3 305.8 313.6 315.4 319 325.3 334.3 343.2 356.2 365.7 374.3 384.1 393.1 399.2 402.6 403 397.7 388.7 381 376 370.4 374.9 386.8 398.2 409.7 416.9 420.3 421.1 419.8 414.5 406.4 397 386.7 375.5 365.4 355.3 354.5 357.4 360.8 370.2 376.7 379 378.1 376.2 372.7 368.7 361.4 352.6
471.6 469.3 456.5 452 451.4 452.7 446.9 452.8 453.6 453.6 452.4 450.7 447.6 440.6 431 423.6 416.8 409.8 403.7 395.6 385.5 375.1 366 357.6 347.5 335.3 326.2 321.1 316 310.7 307.6 304.1 314.8 316.8 318.3 324.5 334.5 343.5 355.3 363.4 370.8 378.8 386.4 392.4 395.5 395.1 390 386.7 383.8 378.6 373.1 379.4 390 402.6 412 418.7 421.5 421.1 418.4 412 402.5 393.8 383.2 372.2 361.6 353.9 359.7 366.1 372 379.9 386.9 392.2 392 388.2 380.7 373.8 367 355
477.3 468.8 460.3 455.2 452.5 451 450.2 454.6 456.1 456.9 457.1 454.5 449.4 440.3 430.4 422.4 415.2 408.3 401.3 393.2 382.9 371.3 362 352.6 343.2 332 324.3 320.1 315.9 309.9 307.5 309 316.9 318.1 319.5 322.7 331.1 341.7 351.5 357.6 365 372.5 377.5 381.2 384.1 385.4 389.6 390.4 387.3 382 376.5 384.1 392.9 404 412.2 418 421.2 420 415.9 409.2 400 390.3 378.8 367.6 358.3 355.8 363.7 371.8 378.5 389.1 395.6 401.4 404.9 404 394.6 384.4 373.8 359.1
478.6 467.6 460.5 454.3 452.8 449.1 450.6 454.5 457.2 457.5 455.7 450.8 443.3 434.5 425.9 418.3 411.1 403.7 396 387.5 376.9 365.5 356.3 347.3 338.1 328.9 323.4 319.7 314.9 308.8 307.8 310.4 316.5 319 324.5 328.1 328.5 333.2 339.4 344.7 350.8 362.7 368.8 376.3 381 391.8 394.1 393.7 390.9 387.4 381.1 385.8 394.3 403.3 410.6 416.4 419.3 418.1 412.6 405.4 396.9 387.3 375.7 364.7 357 359.5 368.2 376.6 384.2 390.7 400.4 408.3 412.6 412.5 406 393.3 380.4 364.6
476 464.7 457.7 452.5 449.7 445.8 448.7 452.3 454.5 452 447.7 441.7 435.3 428 420.2 412.7 405.6 398.3 390.1 381.2 371.3 361.8 352.2 342 332.1 324.8 322.1 318.6 313.7 305.9 308.5 311.7 317.8 321 327.3 330.1 336.7 345.3 352.7 358.2 363.2 369.2 378.5 385.8 390.6 394.9 397.3 397.8 396.1 391.6 385.7 385.1 392.5 401 408.6 414 416.6 414.5 408.8 401.8 393.9 384 372.3 362.1 361.8 365.3 369.7 378.3 385 393.3 403.3 411.6 417.8 418.1 409.7 395.8 383.3 367.8
470.7 461.5 453.6 446.3 442.9 440.8 443.6 446.1 446.5 444.5 440.3 435.4 428.4 420.9 413.1 406.2 399.5 392.3 383.9 374.9 366.8 359 349.3 338.2 329.1 323.3 320.4 316.3 312.5 307 309 312.6 318.1 322 328 334 341.7 350.7 358.4 362.7 366.9 373.2 381.4 388.9 394.9 400.2 403.2 403.5 402.1 397.7 392.1 389.7 391.5 395.7 407.2 413.3 414.8 412.4 406.2 398.3 390.6 380.3 369.3 360.6 366.6 371.4 374.5 378.4 385.4 392.4 403.1 411.7 418.4 418.9 411.5 398.2 386.4 370.6
464.5 456.3 448.1 439.4 434.5 432.3 434.9 437.3 438.1 436.1 432 427.2 419.7 411.3 403.7 397.3 390.4 383.1 375.6 366.5 359.1 351.6 342.6 334.5 326.5 321.8 317.2 313.8 310.9 306.9 309.9 312.3 318.2 323.5 331.7 337.8 345.6 354.9 362.5 367 372.7 379.5 386.9 392.6 399.8 405.6 408.5 409.5 407.8 404.8 398.6 397.4 398.7 400.4 405.2 412 414 411.1 403.9 396.8 387.3 376.2 365.5 365.9 372.6 377.3 379.8 381.4 386.4 392.7 400.9 409.9 417.1 418.2 410 399.4 388.3 372.7
457.3 449.7 442.2 432.6 425.2 422.4 425.1 427.9 428.6 426.8 422.3 416.4 409.1 401.2 393.8 386.9 379.9 372.8 365.5 357.5 350 342.5 335.6 330.1 322.9 317.2 315.6 312.2 310.1 310.6 310.1 312.1 318.2 324.5 332.3 340 349.2 359 365.3 371.6 378.1 385 391.9 399.1 405.5 410.3 413.1 413.9 414.1 412.4 409.3 408.2 408.3 409.7 411.3 412.9 413.7 409.7 402.8 394.5 385 373.7 364.8 371.3 378.5 382.8 384.8 386.3 388.6 394.3 400.6 409.4 417.1 417.6 411.2 402 389.8 371.9
448.2 441.2 433.5 425 416.3 412.5 415.7 418.2 418.7 416.3 412.1 405.7 397.8 391.6 384.4 377.1 369.8 362.8 355.7 348.1 341.3 334.7 329.7 325.2 318.5 315.5 310.9 312.6 315.9 311 309.9 311.2 317.7 324.4 333.4 342.6 352.2 362 368.7 376.3 382.8 389.4 397.2 405 410.4 413.2 415.8 418.9 420.6 420.9 419.7 417.7 417.9 419.6 418.3 416.1 413.8 407.8 400.9 391.9 382.8 371.1 368.7 377.7 384.7 388.1 390.2 391.7 393.6 396.6 402.9 410.4 416.3 418.3 412.9 404.8 391.6 372.4
436.9 431.3 424.6 416.7 408.6 402.4 406 408.8 408.6 406.4 402.5 395.8 388.3 381.6 374.7 367.5 360.2 352.9 347.2 341.4 335.9 330.7 325.8 320.5 317.6 318.6 319.6 319.1 315.9 312 308.1 311.6 318 324.9 334.6 344.2 353.9 364.5 373.4 381.5 387.6 392.3 398.1 404.4 408.9 412.8 418.1 424.1 427.4 429.4 430.3 430.2 429.9 428.5 424.4 420.7 414.8 405.8 397.1 387.7 379.4 370.7 372.7 382.8 388.8 393.1 396.6 398.8 400.7 404.2 407.5 410.2 414.9 416.7 410.8 402.9 389.9 373.9
423.8 419.4 414.5 408.5 401.4 393.9 395.9 397.8 397.5 394.8 390.6 384.3 377.6 371.2 364.5 357.1 349.9 344.6 340 335.9 330.4 325.5 321.4 320.1 319.3 320.4 320.7 319.3 315.7 313 311.4 312.2 317.5 323.8 332.7 344.7 355 366.7 376.2 383.5 388.6 391.7 394.7 397.6 402.3 412 421.2 428 432.5 437.1 439.2 439.7 438.7 436.8 432.9 425.5 416 406 397.2 387.7 378 370.4 375.2 382.4 391.1 396.9 400.5 403.4 406.2 410.8 414.8 418.4 417.1 415.6 412.4 405.8 392.2 375.1
409.4 408.2 404.6 400 393.9 386.6 385.8 386.6 385.9 383 378.8 373.6 367.7 361.6 355.3 348.5 343 338.8 334.9 330.5 324.4 322 324.5 325.1 325.2 324.2 322.1 320.3 316.6 313.4 312.1 311.6 316.8 322.8 332 343.7 355.7 368 377.5 383 386.3 386.8 384.7 390.7 403.3 414.6 424.6 431.5 438.3 442.5 444.8 446.5 445.9 443.5 438.4 430.4 419.5 409.9 401.1 390.7 377.2 375.5 384.1 386.4 389.8 398.4 403.4 407.1 411.7 416.1 421.8 426.6 426.6 421.8 417.8 410.7 396.7 378.4
397.5 397.2 395.4 391.3 386.3 379.5 377.3 377.5 376.6 373.8 369.8 365 360 354.2 348.3 342.5 338 333.6 329.1 325.5 323.3 327.4 329.2 331.8 331.5 326.1 323.5 321 317.1 314 313.2 312.2 316.6 323.1 331.3 340.1 353.5 365.6 375 378.7 380.5 378.2 381.4 394.8 407.1 418.8 428.8 436.5 442.3 447.2 451.8 454 451.8 447.6 442.3 433.4 423.6 414.4 404.2 392.5 376 382.6 390.2 394.2 394.3 399.7 405.9 410.3 416.2 422.6 430.3 436.2 435.8 430.5 423.8 412.7 398.6 381.1
394.4 386.9 385.2 383.2 379.7 374.3 369.6 369.8 368.7 365.5 361.7 357.8 353.2 347.9 341.1 335.4 330.6 328.2 325.6 325 327.7 330.9 333.6 335.8 334.5 326.6 323.9 321.7 316.6 314.8 313.9 313.3 316.3 324.3 329.4 336.8 347.6 359.9 368.7 372.7 371.1 370.8 385.1 398.9 412.6 423.7 433.7 441.2 447.5 454 459.2 459.2 455.1 449.2 443.7 435 426.1 416.8 406.4 392.3 377.7 388.9 396.8 399.6 401.4 402.3 407.8 413.9 420 426.6 435.5 442.7 442.4 437.2 428.2 415.6 401.3 384.5
395.5 386.7 378.9 374.3 371.5 368.5 363.6 362.8 361.4 358.2 354.5 350.8 346.3 340.2 331.8 329.4 328.9 329 329.2 329.7 330.9 334.1 336.4 336.2 334.2 329 324.3 322.8 318.4 315.7 314.5 313.8 317.1 323.3 329 334.7 343.5 352.1 360.3 361.1 364.1 376.3 388.8 403.5 417.8 429.4 438.2 445.9 452.1 459.8 464 463.3 457.5 451 444.1 436.8 427.6 418.4 408 392.6 380.7 393.6 400.8 404.1 406.1 407.4 410 415.8 422 429.5 436.6 442.4 444.8 442 431.9 418.2 403.2 389.3
394.7 386.8 379.3 372.7 366.7 361.5 357.7 356.1 354.6 352.3 348.2 343.2 336.8 331.9 331.5 334.7 335.9 336 335.9 335 334.9 335.6 337.5 338 335.9 325.9 324.9 322.6 320 317.4 315 310.8 317.1 321.9 325.2 329.8 336 342.1 351 361.1 369.3 379.3 393.4 407.7 421.5 432.9 442 451.5 459.3 465.8 468.6 466.9 459.8 452.5 445 437.9 427.9 419.8 408.9 392.9 383.8 396.3 403.8 408.6 410.7 412.2 414.3 418.7 423.5 430 437.8 443.4 445.9 444.6 433.4 420 407 395.5
392.1 385 378.6 371.9 365.6 358.6 352.7 349.2 348.1 346.5 341.5 335.5 334.1 335.8 339.3 342 342.9 343.1 341.7 340.7 339.7 339.2 339.3 340.4 334.4 328.9 325.1 322.6 320.4 318.2 314.3 313.7 317.2 322.8 327.4 333.4 339.7 344.1 353.2 362.3 370.6 381.7 394.9 408.4 422.1 435.2 447.2 458.4 466.2 470.1 471.3 468.9 461.7 453.5 444.7 436.4 428.7 419.9 409.6 392.7 384.6 397.3 405.1 411.8 415.6 417.9 419.7 421.9 426.1 431.5 437.5 443.1 446.9 444.7 434.6 421.8 411.8 401
389.8 383.2 377 371 364.4 357.8 350.7 346.8 342.3 339.5 337.4 338.2 345.3 346.3 349 350.4 350.2 349.5 347.3 345.9 344.5 343.4 342.1 340.2 334.1 329 325.6 323.3 320.7 316 314.8 314.4 315.9 321.8 327.7 336.7 345.8 352.4 355.6 359.5 367 378.8 391.5 407.2 422.9 437.6 450.5 461.8 469.1 472.7 471.8 468.9 462 453.8 444.5 434.9 427.5 419 408.5 392.3 386.2 397.2 406.5 413.2 419.1 423.4 426.6 429.2 431.4 435.1 439.5 444.5 448.4 445.2 435.6 425.2 415.2 404
387.7 381.5 375.6 369.8 363.5 356.1 351.9 347.6 342.6 335.9 341.1 348 351.7 356.2 358.7 359.5 358.4 356.7 353.8 351.4 349.3 347.1 345.2 342.1 335.5 329.7 326.1 323.8 317.9 316 315.5 314.6 314.8 319.1 327 337.3 348.7 358.4 364.6 369.3 374.1 380.3 385.6 400.9 414.8 437.6 451.1 462.7 469.9 473.7 472.3 468 461.5 452.7 442.3 433.7 425.7 417 406.2 392.2 386.1 396.1 405.9 414.5 421.5 426.5 432.5 437.5 440.5 442.3 444.3 448 449.1 444.8 436.5 427.8 417.4 405.3
384.9 379.6 374.5 368.8 361.6 355.2 350.8 347 339.8 339.5 347.4 354.8 359 362.2 367.3 369 367.7 365.1 361.9 357.9 354.8 352.1 348.3 344.4 337.3 331.4 326.9 324.7 319.7 316.5 315.3 313.6 315.5 318.8 326.2 338.2 351 362.5 371.3 377.7 383.8 390.4 397.5 408.2 421.9 441.1 452.9 462.9 470.6 474.5 473 467.7 459.8 450.7 440.7 431.3 422.7 413.4 402.6 390.7 386.8 393.6 403.8 412.9 420.6 427.5 434.8 441 446.6 449.5 452.1 453.2 451.8 447.3 439.4 429.2 418 405.4
381.1 376.6 371.9 365.9 359.8 353.7 349.4 345.8 339 347.3 352.8 359.8 364.6 369.9 373.1 376 375.6 373.5 368.8 363.7 359.7 356.3 351.4 345.4 338.9 333 327.7 325.6 322.8 317 315.7 315.2 316.7 319 326.9 338.8 352.7 366.4 377 384.7 390.8 397.1 405.3 417.7 431 443.4 454.8 464.8 471.8 476.7 476.6 470.9 461.2 450.1 439.1 428.9 418.8 409 397.3 390.1 389.5 391.5 395.6 404.9 413.9 423.8 432.2 439.6 445.2 450.7 456 458.4 455.7 450.3 442.4 431.3 419.6 407.5
377.2 372.5 367.7 363 357.4 352.9 349.3 342.5 342.7 353 359.3 364.8 370.8 377 377.6 380.7 381.1 378.2 373.2 367.7 363.1 359.2 354 347.4 341 333.3 328.4 326.3 322 317.9 316 317.4 317.3 319.1 325.8 338.1 354.1 369.2 381.1 389.8 396 401.3 411.5 425.3 437.3 448.9 459.5 468.4 475.6 481.4 480.6 473.5 462 449 437 426.8 415.3 402.7 395.5 392.4 392.9 395.1 396.5 398.3 403.5 411.5 422 431.4 439.6 446.5 452.6 458.5 460.8 455 445 433.9 422.6 414.7
372.4 367.8 362.8 358.9 354.4 351.4 344 341.4 348.7 357.8 364.7 371.8 377.5 381.7 382.6 385.6 385.6 383.4 378.8 373.1 367.7 362.8 357.7 350.8 343.5 334 329.5 327 321.2 319.2 317.7 315.1 317.8 318.9 325.6 336.4 353.1 369 382.1 391.9 399.5 406.2 417.7 432.3 444.7 455.6 465.1 473.8 480.8 484.6 482.6 473.6 461.7 448.6 436.5 425.2 412.8 401.7 397.3 394.4 396.1 399.7 401.6 402.9 404.1 406.5 411.3 418.2 426.4 435.4 444.5 452.5 458.2 457 448.1 438.1 431 424.6
367.4 362.8 358.7 355.7 352 348.6 343.1 347 353.9 362.5 371.4 378.3 383.4 385.6 388.3 390.6 390.9 388.9 384.7 378.1 371.8 366.6 359.8 353.1 346.6 336.2 331.7 327.7 320.8 319.5 318.8 317.6 318 320.3 325.7 335.7 350.8 368.2 382.1 392.9 402.3 409.9 422.7 438.1 451.7 462.3 472.4 480.4 485.6 488.6 484.5 473.2 460.8 447.6 435.6 423.6 410.1 406.1 401.5 398.1 401 406.2 408.9 411.2 414 416.7 418.5 422 426.1 430.6 437.6 446.2 453.7 456.3 453.1 448.2 442.7 437.4
