Game/Highland_Data/StreamingAssets/GeoData/Data/nt/NT02.asc
ncols 200
nrows 200
xllcorner 300000
yllcorner 620000
cellsize 50
[rows 70 to 104 of 200, columns 78 to 155 of 200]
455.6 456 461.8 473.2 479.9 483.5 485 482.9 475.4 454.9 451.9 448.3 441.1 425.5 411.7 388.8 401.2 425 450.9 467.3 477.2 481.4 484 485.5 486.5 484.7 493.4 495.7 496.2 494.2 485.7 462.2 476.9 484.9 485.1 478.8 477.7 483.6 488.2 494.8 508.6 518.9 528.7 534.6 535.4 529.7 508.2 486.1 467.8 443.6 464.4 487.4 511.5 534.7 558.8 575.9 589.6 602.5 612.9 620.4 626 629.9 632.5 630.5 621.3 608.4 594.9 581.9 565.6 542.6 516.2 491.6 466.7 442.5 414.4 391 382 374.9
465.7 469.7 473.2 481.2 487.3 491 494 494.7 491 476.5 472.2 467.5 458.4 439.5 417.5 402.4 399.9 421.7 447.9 470.8 482.9 489.8 493.2 494.9 496.9 499.9 503.7 506.2 503.8 500.8 476.3 485.3 495.5 506.8 506 492.1 485.7 490.1 496.1 497.8 513.9 528.2 538.7 544.7 545.4 541.3 524.5 502 478.5 457.2 465.5 488.5 512.4 536.6 560.4 579.7 595.5 608.2 619 627.1 633.1 635.7 631.4 623.1 611.3 597.6 583.7 568.7 552.4 531.4 508.4 483.4 459.2 434.8 407.9 387.3 387.4 384.8
474.3 477.7 482.2 490.1 494.3 499.6 502.9 506 504.1 498.6 489.2 481.4 472.7 443 423.6 424.1 408.7 412.4 442.8 464.2 482.9 493.9 500.3 503.7 505.8 508.7 511.7 514.6 512.6 501.9 498.3 509.7 516.7 522.4 521.3 502.9 494.1 502.5 509.5 508.5 513.6 533.4 546.2 554.1 556.6 554.3 542.3 516.7 493 471 470.1 490.5 515.2 540.2 563.3 583.8 599.4 612.2 623.6 632.8 637.3 635.7 624.1 612.3 598.6 583.6 567.5 553 536.5 516.8 496.6 474.4 450.8 424.9 399.7 392.7 397.6 397.5
482.1 488.3 493.7 498.4 503.1 507.9 513.1 515 513.6 508.8 501.2 491.7 482 451.1 437.5 442.9 426.8 409 422.7 444.6 468.4 490.2 502.5 507.6 511.8 515.5 516.2 518.2 516.9 507 519 530.9 534.8 535.7 532.5 513.3 503.3 516.6 523.9 525 516 535.6 553.3 561.1 567.3 563.2 557.6 533.1 506.7 486.3 475.4 496.3 519.7 543.7 566.6 587.2 602.8 615.7 627.3 634.6 636.2 629.1 612.5 597.7 580.2 564 548.4 533.1 518.4 500.4 482.1 461.9 439.6 415 393.5 400.7 409.4 409.4
488.1 496.9 501.9 506.7 511.1 515.9 520.4 522.2 521.2 517.9 508.7 499.7 488.8 461.6 456.6 458.9 442.3 420 443.7 446.5 453.9 480.1 500.9 509.7 515.3 520.1 523.1 524.3 523.3 523.5 536.1 543.8 547.9 548 542.8 522.6 521.6 524.1 537.9 538.9 529.6 537.5 559 570.8 576.7 576.9 570.5 547.8 522.2 497.1 487.3 501.7 525.5 549.5 572.1 592.5 607.2 619.9 629.9 634.4 631.6 618.5 597.5 576.3 557.6 542.2 527.1 512.5 498.8 484.2 468.7 450.3 428.7 405.4 397.3 408.4 420.2 418.4
491.7 502.1 508.6 513.7 517 520.4 526.2 528 527.9 523.4 515.7 504.3 490.6 466.2 476.2 471.3 447.9 434.3 459.8 470.4 462.9 466.7 490.7 508.9 516.9 523.1 527.6 530.2 532.7 531.5 546.4 553.2 557.3 558.1 554.8 547.3 547.5 545.9 547.5 553.1 545.7 541.1 562.3 578.6 585.8 588.3 582.2 560.7 528.7 514.8 499.1 510.3 531.8 555.1 578.6 597.5 612.2 624 630.2 631.6 623.8 601.7 574.7 550.7 529.5 512.5 499.8 488.5 479 467.3 454 438 418.5 399.9 398.1 413.6 426.8 423.2
494 505.7 513 518.8 521.4 525.1 528.7 532.1 531.7 526.8 519.5 509.3 485.2 494.7 489.3 475 447.5 446 470.9 483.9 488 488.2 481.7 500.3 516.4 525.4 530.8 536.2 541.9 546.5 554.6 561.6 565.9 566.9 569.2 570.3 569.6 567.7 562.7 567.7 563.3 548.2 567.1 586 594.8 596.6 593.8 575.8 553.9 531.4 520.3 522 540.3 563.1 585.8 602.2 616.1 624.4 629.7 626.8 614.5 582.6 552 524.8 502.6 485.2 470.8 461.1 454.2 448.4 439.1 425.7 409.4 398.2 397 411.6 423.2 423.4
494.6 508.3 516.7 522.2 524.8 527.9 530.6 532.6 533.2 528.5 521.7 513.8 507 501.9 496.1 476.5 444.2 456.4 480.7 494.1 499.8 505.4 507.3 498.3 512.5 526.1 534.9 541 548.4 556.5 563.1 568.9 574.5 581.7 586.3 589.6 590.5 592 583.7 586.3 584.5 568 571.9 592.9 603.7 605.5 604.7 598.1 572.8 552.5 544.4 547.3 558.5 572.9 592.6 605.8 616.1 623.6 626.3 620.4 603.9 569 536 506.3 482.4 460.4 446 433.9 429.1 425.2 418.8 413.2 402.7 394.5 394.4 407.8 419.8 419.2
494.8 509.9 519.8 525.3 528 529.3 532.5 534.3 533.8 530 524.3 517.3 511.4 505.9 499.3 477.4 447.3 472.3 489.7 501.8 507.8 512.6 514.1 514.8 509.7 521.4 533.8 544 553.9 562.1 570.3 576.4 584.9 596.2 604.7 609.7 612.2 612.4 608.8 609.7 607.3 592.6 579.8 599.5 612.8 615.7 615.1 612.4 597.9 579.8 573.1 575.3 583.9 592.3 598.2 607.5 615.5 619.9 619.7 612.4 597.3 560.8 529.5 500.1 475 453.7 434.7 415.3 400.6 395.5 396.4 396.2 394.7 388.7 389.2 400.5 412.6 412.8
496.9 510.9 521.1 526.9 529.5 531.9 534.2 535.1 534.2 531.4 525.7 519.6 513 507 500 478.9 451.3 480.4 500.5 508.8 514.4 518.7 522.4 522.8 519.6 529.7 538.4 547.8 558.7 567.7 576.1 585.7 598.9 609.6 617.9 623.7 627.2 628.3 627.8 628.3 626.4 617 607.2 610.5 622 624.1 625.4 623.2 618.7 609.6 605.3 603.3 601.9 602.4 604.5 608 613.2 615.4 613.4 605.5 591.8 560.6 529.2 500.9 478.9 461.3 437.3 415.9 394.3 375.9 371 373.5 377 375.3 379.1 388.4 400.1 401.3
500.5 514.1 523.1 529.3 531.8 533.6 536.1 536.4 536 531.7 526.7 520.6 513.9 507.1 500.1 477.1 466.8 487.8 507.3 515.1 519.9 524.2 527.2 530.9 532 537.7 544.6 556.1 564.3 574.1 584.4 597 609.9 620.3 628.9 635.8 640 641.1 642.9 644.2 642.4 639.2 632.6 630.7 631.7 633.3 632.9 631.8 628.5 623.4 620.7 617.5 611.2 606.6 603.7 606.6 609.9 611 607 598.7 586.7 570.2 540.4 510.6 486.1 466.8 443.6 423 401.2 379 362.4 358.5 356.6 358.5 364.6 372.2 381.9 387.7
503.5 514.6 525.1 531.3 533.3 535.4 537.4 537.4 536.3 531.7 526.8 521.3 513.7 505.2 491 475.4 479.3 500.9 512.9 519.9 526.8 531.3 535 538 539.1 546 555.3 563.8 571.2 581.9 593.4 605.5 619.6 630.4 639 645.9 650.9 654.5 656.1 656.3 655.2 651.7 648 644.7 643.2 641.3 640.4 638.4 634.6 629.5 624.6 618.1 608.9 600.6 596.1 598.7 601.1 601.5 598 592.2 581.9 569.4 552.5 531.2 506.6 475.3 450.7 429.6 408.6 389 372.6 360 347 344.2 349.3 353.2 362 370.6
512.1 520 526.2 530.8 534.3 536.8 538.1 537.1 535.3 531.5 526.7 521.1 509 490.2 492.4 495.2 479 507.7 517.7 526 533.3 538.5 542.4 544.8 550.7 554.8 562.5 570.3 579.7 590.8 603.3 614.2 628.8 639.2 648.4 655.8 661.8 665.8 667.6 667 664.8 662.7 659.5 656.3 652.6 649.9 647.2 643.7 638.8 632 624.3 614.1 602.6 589.3 577.2 585.2 586.5 587 586.1 583.5 576.2 565.9 549.7 535.5 516.8 489.2 466 446.2 425.6 404.9 388.8 376 362.1 342.9 333.9 336.1 342.1 352.7
519.2 525.5 531 535.1 537.4 539.3 538.8 538.4 535.8 531.5 526.9 519 498.5 506.5 511.1 509.4 501.6 504.8 519.4 530.3 538.9 543.7 548.9 553.1 559.4 564.5 569.7 578 589.7 599.8 611.4 624.3 637.4 647.3 656.1 663.4 669.5 674.1 675.9 676.8 675.2 671.8 668.1 664.1 657.5 655.7 653.2 649.5 642.3 633.3 622.2 607.2 587.9 570.6 557.3 560.7 564.7 568.9 572.1 573.7 570.1 562.4 547.1 533.3 518.6 498.8 480.3 461.1 441.7 415.4 405.5 391.6 379.1 360.8 339.2 321.5 324.3 332.8
524.7 530.9 535.4 539.2 540.9 541.9 541.6 539.9 536.7 531 525 511.8 498.3 513.1 516.8 516.3 516 512.9 516.1 534.9 542.7 549.3 553 560.6 566.6 570.3 577.8 588 597.5 607.1 618.8 630.9 642.7 652.1 660.8 668.5 675 678.8 683 682.6 681.4 677.8 674.2 669.6 662.1 659.4 656.9 652.9 642.7 631.5 616.3 593.5 570.7 550.9 534 534 539.9 546.5 555.6 561.4 563.4 557.6 545.9 529.9 514.2 498.5 482.4 465.7 448.3 433.3 418.7 405.9 393.3 375.5 354.5 332.6 314.5 314.2
528.8 534.7 539.2 543.4 543.8 544.2 542.5 541.1 537.3 531.8 526.4 512.7 507.6 517.2 522.1 522.7 525.9 524.6 514.6 535.5 546.2 551 558.6 566.6 571.8 576.6 586.7 595.8 604.3 613.1 624.6 635 645.7 654.2 663.1 671.1 678 683.6 686.1 687.5 686.6 681.9 676.7 670.1 664.6 660.5 658.3 651.4 640.6 628 608.5 580.7 557.5 535.7 516.5 507.8 515.2 526.2 538.2 547.9 553.4 550.2 535.9 522.4 509.3 494.4 479 464.5 453.1 442.4 430.3 414.8 401.9 384.8 361.1 342.7 317.9 307.7
531.8 537.3 543.1 546.9 546.2 545.3 544 541.6 538.4 533 527.7 512.4 513.6 522.6 526.8 528.4 531.6 533.8 527.3 523.2 540.3 554.1 563.7 569.2 574.1 581.7 594.2 603.3 612.5 620.1 628.6 638.1 645.5 652.7 662.3 670.7 677.8 683.7 686.7 688.1 685.4 681 674.5 668.3 663.5 659.9 655.4 646.6 635.6 622.2 601.7 573.9 547.6 523.9 503.5 485.9 492.2 505.9 521.1 530 535 529.2 517.8 510 500.3 487.6 474 463.3 454.9 444.2 431.2 418 404.1 380.3 367.7 342.3 326.9 308.6
533.4 540.6 544.1 548.3 549.7 547.5 546.2 542.5 540.3 534.6 528.5 512.7 517.3 525.4 530.1 534.8 537 541.3 541.7 541.7 534.3 550.1 564.7 572.2 579.5 588.9 600 609.6 617.4 624 629.1 637.8 644.2 650.5 657.7 665.8 673.5 680 682.6 682.3 679.3 673.9 667.6 662.3 656.7 653.8 649.2 639.9 628.9 615.4 598 570.2 540.2 515.5 495.7 478.3 470.2 486.8 501.5 509.8 511.1 509.1 504.2 496.7 487.9 477.2 465.6 457.6 448.9 437.5 425.3 414.4 398.9 383 359.8 344.5 326.2 307.9
533.3 538.9 542.9 546.6 548.8 548.9 547.6 545 542.8 537.1 531.1 518.4 522.2 527.2 533.4 539.1 543.9 548 550.3 553.4 554.9 543 559.2 573.2 585.2 594.5 605.7 613.9 619.5 623.4 627.7 633 638 643.2 649.6 658.7 666.8 673 674.5 672.8 668.9 663.2 656.9 651.8 645.9 642.6 639.3 631.9 621.3 608.4 591.9 566.7 536.5 510.2 487.3 467.4 450.6 467.9 482.8 491.9 493.9 492.3 488.9 481.9 474 464.1 454.6 446.7 437.1 426.3 414.7 403.1 389.8 374.2 351.3 342.1 317.8 308.3
532.1 538.3 540 545.1 547.1 548.9 548.5 546.3 543.4 539.3 533.1 522.4 529.1 531.2 537.2 542.3 549.8 554.4 557.4 559.7 561.6 560.1 553.6 574.2 590.4 600.1 608.9 615.1 620 619.9 619.9 620.1 624.4 630.9 639.7 649.4 658.9 662.1 661.5 659.2 654.8 649.3 643.1 636 631.3 627.2 625.6 620.3 611.4 599.1 582.1 561.1 535.5 508.7 481.9 458.4 437.1 448.9 464.4 472.8 475.7 474.3 470.8 465.8 458 447.4 440.5 432 422.6 412 400.1 386.6 376.9 364.5 347.3 329.7 318.9 305.3
528.9 533.6 539.9 542.4 546.5 549.4 549.4 547.9 544.8 540.6 534 532 535.6 538.3 540.7 548.4 554.6 558.7 564 567.6 572.3 574.1 571.2 570.2 592.5 604.4 611 612.4 612.4 608 602.8 602.1 604.2 612.3 627 638.3 645.4 649.3 648 644.6 639 633.7 626.8 619.1 612.5 609.3 606.9 602.7 595.4 584.2 570.1 551.3 529 505.2 479.1 451.8 430.6 429.2 442.1 453.7 457 455.7 452.7 447.7 441.2 432.9 425.4 416.3 406.5 392.9 381.8 371.4 359.4 347.4 333 320.6 312.1 297.7
524 528.8 535.9 541 545.8 548.8 550.5 549.3 545.5 541.5 536.6 539.1 541.8 545.6 547.8 550.8 558.2 564.3 569.3 575.6 581 585.7 586.7 591.3 590.6 606.4 609 604.8 596.1 587.7 581 578.9 579.4 594.6 613.4 625.5 632.7 635.7 633.4 630 625 618.3 612.8 601.6 591.1 582.9 581.1 580 574.6 566.7 553.7 538.1 519 498.2 474.3 447.5 421.6 411.2 424.1 434.3 437.7 437.4 434.6 428.7 422.5 416 408.5 397.2 386.7 373.5 361.9 351.5 340.7 327.3 318.7 310.4 300.7 299.5
517.2 526.2 534.4 541.5 544.4 549.4 551 549.8 546.7 543.4 542.3 545 549.1 551.3 554.7 557.1 562.6 571.6 577.5 583.2 589.7 593.9 596.9 602 602.3 599.2 599.9 586.1 574.7 566 559.4 555.7 560.6 581.8 601.2 613.6 620.6 624.1 621.6 618.9 615.7 609.3 600.4 579.4 564.1 551.8 554.2 554 551.3 545.8 535.3 522.6 506.3 488.9 468.1 443.7 416.1 397.1 404.6 415 418.6 417.1 414 408.6 404 398 388.2 374.8 364.3 352.2 342.3 332.5 325.1 314.6 301 300.5 299.7 299.7
518.3 527.4 535.2 541.5 547.2 550.1 551.8 550.6 548.8 545.7 545.9 548.9 552.7 556 561 564.9 569.7 577.2 584.4 590.5 595.7 600.6 605 607.3 606.3 601.6 583.7 566.3 554.2 544.3 537.7 535.2 551.9 571.2 592 604.5 611.6 613.5 612.2 611.9 610.1 605.5 592.9 565.5 532.5 524.1 527.1 527.6 527.4 524.7 516.9 504.3 491.8 476.7 459.5 439.1 413.1 384.5 386.8 396.6 397 393.2 393.5 388.7 382.7 373.8 364.1 348.6 335.8 332.6 326.6 318.8 309.8 303.6 303.2 305.5 306.7 304.6
522.2 528.8 536.8 544.6 549.5 551.1 552.2 551.1 548.8 546.6 549 553.1 556.4 561.1 566.9 572.2 578.2 581.6 592.1 598.6 603.8 608.5 610.5 607.3 604.1 587.9 567 548.8 533.4 523.2 516.5 527 545.2 565.2 584.2 596.3 601.6 603.4 604.1 604.2 602 596.5 581.8 564.3 534.9 506 497.5 500.5 501.7 501.6 498 486.6 476 461.8 446.9 431 411.2 383.5 371.6 375.1 374.5 365.7 369.5 365.9 360.2 347.7 338.7 330.7 323.7 315 310.5 305.9 306.2 307.7 307.2 311.2 315.1 315
525.6 532.6 541.6 547.6 551.1 553.4 552.2 549.2 548.5 547.7 549.9 553.3 560.6 566.5 572.8 579.3 584.6 591.2 597.4 605.8 609.5 613.1 614.3 609.5 594.4 571.6 551.4 532.7 517.1 504 504.3 522.6 539 559.7 577.8 587.4 592.3 595.1 596.2 594.1 589.5 581.4 570.2 557.6 536 506.9 477.6 470.5 475.3 478.4 477.9 470.5 460.6 448.7 435.2 420.9 404.5 381.5 351.9 352.6 347.3 338.9 344 340.5 336.7 328.9 320.6 315.6 309 309.2 311.8 311.7 315.8 311.7 311.3 324.2 327.6 328
531 538.6 545.3 550.3 552.5 552.4 550.4 547.4 544.3 543.5 545.9 551.9 561.4 569.7 579.8 588 594.7 600.5 606.5 612.7 616.4 618.3 615.6 606.5 582.6 559.2 537.8 519.6 503.8 492.2 499.9 519.6 539 558.7 574.8 583.6 587.2 588.5 586.3 580.8 573.9 565.5 556.3 545.3 531.1 508.1 479 451.5 446.4 453.9 456.4 452.9 444.4 434.3 423.8 411.1 394.8 373.3 350.7 335.2 329.3 324.4 320.7 318.2 317.1 315 312.8 312.1 314.7 319.7 323.2 325.3 330.4 322.6 321.3 331 342 343.2
532.9 540.1 544.9 547.9 547.8 545.6 541.8 533.3 525.5 521.4 524.1 544.8 564 576.3 587 595.7 602.9 608.7 614.2 618.3 621.1 620.7 616.5 597.9 574.7 549.3 525.1 509.3 491.8 484.4 503.2 521.3 540.2 560.8 575.8 583.2 582.1 581.1 576.1 567.6 557.6 548.8 540.3 529.5 517.3 501.4 481.9 454.2 429 428.2 434.7 434.7 429 421.8 411.8 399.1 383.8 365.1 344.4 330.9 329.6 327.9 318 316.6 316.1 313.9 316 321.8 327.4 331.1 335.4 340.4 342.6 323.9 327.2 345.9 354.5 360.3
531.3 536.3 536.9 532.8 526.2 522.5 517.1 505.6 497.7 514.2 534.1 556.4 572.5 584 592.8 603.3 610.7 616.4 619.8 622.5 624.6 622.4 616.4 593.7 568.3 542.4 517.2 497.4 482.9 481.5 501 521.6 541.3 560.4 574.2 580.1 578.5 573.8 566.9 555.1 534.4 532.5 521.1 511.4 499.6 488 473.8 455.9 429.5 409.2 411.7 417 413.8 407.7 399.2 387.3 373.1 356.3 339.5 325.9 329.5 319.9 318.2 317.6 320.7 326.9 333.3 336.9 340 346.5 353.5 351.5 339.4 331.1 342.4 362.6 371.7 379.7
521.2 522.6 516.5 506.5 498.6 493 488.1 486.1 505.9 517.7 537.2 558.6 578.5 591.8 601.4 609.6 617.7 622.8 625.2 626.6 626.6 623.7 615.6 588.9 562.3 536.2 512.7 492.8 476.1 478.1 498.9 519.3 539.4 555.8 567.6 572.8 572 567.8 559.6 546.7 530.6 503.4 499.4 492.3 482.5 471.5 459.2 445.3 428.4 404.2 390.9 396.3 397.7 393.4 385.1 374.8 360.6 345.7 334.4 326.2 321.3 321.1 319.9 327.8 333.3 340.7 347.9 354.4 358 365.5 360.2 351.5 355.2 353.1 350.2 372.1 388.3 397.2
508.9 502.8 490.7 479 469.3 467.3 482.8 502.5 518.1 530.8 544.5 559.4 584.3 597.8 608.8 617.1 624.1 629 630.1 629.5 627.9 624.3 610.5 582.7 555.5 530.2 507.1 487.5 469.8 475.1 494.7 514.8 534.1 549.6 559.6 564.2 564.2 561.7 552.5 540.4 521.7 507.7 483.3 467.1 463.5 454 442.6 431.2 418.8 404.7 383.6 376.4 380.9 377.5 369.8 359.1 347.1 337.3 331.5 323.4 322.8 328.7 330.4 337.1 344.3 348.5 362.1 368.7 373.8 378.3 381.3 383.3 381.8 368.5 350.7 381 398.3 409.2
490.2 478.2 463.1 451.6 464.9 480.9 497 512.4 528.2 544.7 560 578.4 593.5 605.6 616.8 624.5 630.3 633.3 634 632.4 628.9 620.1 598.9 571.8 545.2 521 501.5 483.1 463.3 471.8 490.2 509.1 527.7 542.7 552.2 557 558 555.9 547.1 533.3 516.4 499.6 480.3 462.7 436.2 434.5 425.2 414.2 404.9 396.3 386.2 374.3 356.4 359.6 353.4 344.2 335.4 327.5 326.6 325.2 328.2 334 341.4 348.1 360 363.4 375.7 384.8 392.2 397.2 398.1 397.5 395 377.9 367.4 385.5 403.5 414.3
466.1 455.7 447.6 463.1 477.2 494.9 508.1 524.4 540.5 559.3 578.8 593 605 614.1 623.5 630.6 635.4 637.2 637 634.6 627.1 611.6 583.8 557.6 532.8 511 493.6 475.7 457.3 469.5 488 505.5 520.9 535.3 545.8 550.6 551.5 548 538.7 526.5 511.3 494.3 477.8 455.2 441.8 422.4 412.3 402.1 389.3 384.2 375.8 366.3 355.2 344.7 339.3 334.6 330.6 328.3 330.5 333.8 331.4 342.8 348.7 361.3 368.5 386.1 397.4 400.3 411.8 412.3 413 409.7 403.9 389.1 377.8 388.6 403 417.8
445.6 442.9 458.4 475.8 490.9 505.9 521.3 538.2 557.3 576.9 591.3 603 612.1 621.1 628.7 635.6 640.3 641.4 640.4 635.1 621.5 598.1 570.6 543.6 521.3 502.3 484.4 468.6 453.5 467.8 484.6 500.7 515.5 528.9 539.1 543.9 544.6 540.1 530.3 517.7 505 491.7 477.2 462 448.3 432.3 412.5 405.5 388.8 369.6 361.9 354.3 347.3 339.7 335.4 332.3 330.4 335.5 337 341 329.2 341.4 358.7 371.4 386.1 403.7 401.6 417.2 423.7 425.5 423.8 419 411.4 397.1 387.1 403.1 408.6 420.3
437.3 454.9 470.8 491.1 508.4 524 540 556.5 573.7 586.4 598.5 608.2 616.5 625.2 633 640.2 645.2 645.7 643.3 636.9 616.9 591.4 562.9 536.7 513.5 492.9 474.7 460 448.8 467.4 481.5 494.8 507.4 522 530.6 534.4 534.9 529.4 520.9 510 498.2 485.1 472.9 461 448.4 435.4 422.9 410.3 395.6 379.4 363.5 349 344.2 338.5 334.2 332.5 337.4 341.5 342.6 339.8 347.3 344.5 354.7 382.4 401 412 424.3 429.4 433.4 434 432.5 426.7 418.8 407.8 404.8 409.5 412 419.2
