Game/Highland_Data/StreamingAssets/GeoData/Data/nt/NT04.asc
ncols 200
nrows 200
xllcorner 300000
yllcorner 640000
cellsize 50
[rows 140 to 174 of 200, columns 78 to 155 of 200]
266.7 258.5 256.7 267.7 278 287.6 294.7 296.6 299.9 302.1 302.4 302.3 300.5 297.7 294.2 290 285.5 281.9 278 275.2 272.8 270.8 270 269.5 268.8 267.9 268 268.6 267.9 266.6 265.8 264.1 261.2 258.8 256.6 255 252 248.5 246.3 245.3 244.6 244.5 244.6 245 244.8 244.6 244.6 244.8 244.2 243.4 242.8 242.3 242.3 241.6 241.3 240.9 240.8 240.6 240.5 240.4 240.2 240.1 240.3 240.8 240.8 240.7 241.5 243.7 246.4 248.6 251 253.3 252.1 251.9 253.7 252.4 257.1 259.5
266.5 256.9 260.2 273.3 283 294.4 301.3 302.2 305.1 307.6 307.3 306.7 305 301.6 297.5 291.5 287 281.8 277.9 274 269.1 266.9 266.2 265.7 265.5 266.4 267.6 267.4 266.8 265 263.7 260.3 257.8 255.9 254.2 252.6 250 246 244.6 244 243.5 243.4 244 244.2 243.4 243.4 243.4 243.9 244.1 243.4 243.6 242.9 242.3 241.9 241.6 241.2 240.8 240.6 240.3 240.1 239.7 239.8 240.9 241.3 240.9 240.7 242.6 245.8 249.1 252.8 255.7 256.3 255.2 254.9 257.5 259.1 262.8 265.6
264 257.5 265.3 277.7 286.1 301.3 306.4 306.6 308.4 308.9 307.6 306.7 305 301.5 296.7 291.6 287.3 280.6 274.4 270.2 266 265.1 264.9 264.5 265.2 266.2 266.9 265.9 264.8 262.4 260.2 257.5 255.3 253 252.7 250.6 247.4 244.6 243.6 243 242.6 243.1 243.5 243.1 242.4 242.4 242.5 243 243.8 243.9 245.6 246.5 245.1 243.8 242.7 241.7 241.4 240.9 240.7 240.5 240.2 241.1 243.1 242.2 240.8 241.5 243.8 247.9 252.7 257.3 260.5 260.8 260.1 259.4 262.2 265.3 266.7 267.3
260.7 259.2 269.6 279.6 289.9 305.3 309.3 308.3 309.3 308.3 306.3 305 302 298.4 293.6 288.8 283.9 279.2 273.2 267.4 265.3 264.4 263.5 262.3 262.2 263.3 263 262.8 261.6 259.1 257.1 255.1 252.8 250.3 249.1 247.6 245.1 243.6 242.9 242.6 242.4 242.9 243.2 243.1 243.4 243.1 244 246.8 246.5 248.1 249.7 249.8 247.5 245.7 244.8 243.6 243.9 243.6 242.7 242.3 241.9 243.3 246.4 244 241.5 242.5 245.5 249.7 256.5 261.2 264 263.9 264.1 265.9 267.2 269.7 269.9 270
259.9 261.7 271.4 280.4 295.2 306.1 308.7 308 307.6 306.1 304 301 297.5 293.9 289.8 284.8 279.8 275 269.7 267 265 263 260.9 259.7 259 259.1 259.2 260.1 258.3 256.4 254.7 252.7 250.7 248.1 246 244.9 244.1 243.2 242.8 242.5 242.2 242.6 243 247.8 249.5 250.1 251.7 252 254.7 254.5 254.3 253.8 252.4 251.3 249.7 249.5 249.4 247.1 245.8 244.3 244.4 247.3 248 244.2 241.2 244.2 248.2 252.7 259 263.5 264.9 265.4 267.8 270.1 271.9 273.8 273.2 273.6
258.5 261.3 271.8 280.4 298.2 305.9 307.1 306.7 304.5 303.2 300 295.1 291.3 287.7 283.5 278.4 273.9 269.5 265.9 264.1 262.4 260.8 258.9 258.3 257.6 255.9 256 257.2 255.7 254.1 252.4 250.7 249.2 247.1 245 244.2 243.6 243 242.7 242.4 242.3 242.5 247.4 251.1 256.7 258.6 259.3 261.4 261.5 260.8 260.7 259.6 259 258 257.2 256.7 254.5 251.2 248.7 248 248.4 249 247.6 245 240.1 247.9 250.7 256.6 262.4 264.4 266.5 269.1 272 273.4 276.3 277 277.6 278.2
257.8 262.2 272.5 283.1 299 304.8 305.8 303.3 299.6 297.1 293.6 288.9 284.8 280.8 274.9 271.3 268.9 265.1 262.7 261.8 260.1 258.6 257.7 257 256.4 254.5 253.8 254.4 252.6 251.4 250.3 249.1 247.5 245.4 243.9 243.5 243.1 242.9 242.7 242.7 243.3 245.3 251 256.3 260.7 263.2 265.1 266.9 268.1 267.7 266.5 266.1 266 265 263.5 261.8 259.1 255.3 251.9 250.3 249.5 249.9 246.9 243.2 240.7 249.9 255.4 260.7 265.1 266.8 270.8 272.5 274.8 276.1 277.7 279.7 282.5 284.1
258.3 264.8 273.8 286.1 295.8 300.6 302.1 298.7 292.5 289.9 286.4 281.5 278.8 274.7 270 268.6 266.4 263.2 260.2 259 257.8 257.6 256.6 255.8 255 253.9 252.2 251.4 250.7 249.5 247.5 246.1 244.7 244 243.3 243.2 243.2 243.2 243.1 244.6 246.9 252.4 257.4 262.9 266.6 269.9 272.1 273.9 274.7 275.6 274.4 274 273.3 271.2 268 265.6 261.7 257.7 254.8 253.3 253.1 250.6 246 240.2 242.4 252.5 259.2 263.4 267.4 271.8 275.3 276.4 277.9 278 279.4 282.9 286.6 290.9
260.8 269.5 276.2 286.2 293.1 295.6 297 292.1 285.8 281.4 278.6 275.1 269.2 267.3 266.4 265.6 264.6 260.3 257.9 256.7 256.4 256.8 255.9 254.6 253.6 253 251.3 249.1 248.2 246.9 245.1 244.2 244.5 244 243.7 243.3 243.3 243.4 245 247.9 250.8 255.7 261.2 267.2 272.4 275.7 278.3 280.6 282.1 282.7 282.6 281.1 278.8 276.2 273.4 268.7 263.8 258.7 255.7 254.9 254.3 248.5 241.8 240.2 246.5 255.7 263.7 267.8 272.1 276.6 278.6 279.4 280 279.6 281.7 285.8 289.8 295.8
265.6 272.9 277.9 285.9 290.8 292.5 290.4 285.6 279.3 274.3 272 268.7 267 263 261.6 261.1 259.4 256.7 255.4 254.3 254.9 255.5 254.8 254.2 252.7 250.5 251.1 249.9 246.7 246.1 246 246.6 247.3 247 246.2 244.6 243.9 243.8 246.8 251 254.5 258.7 264.1 270.9 276.5 281.5 283.7 286 287.4 287.8 288.1 286.9 283 278.6 276 271.3 265.5 260 257.5 256.6 254.7 246.3 241.9 240.1 245.7 255.8 265.3 270.8 276.7 280 281.8 282.6 281.1 281.5 284 287.9 292.9 299.7
271.1 275.8 279.7 286.2 289.7 288.5 284.8 282.1 273.2 269.1 266 264.3 261.6 258.4 257.9 257.4 255.5 252.2 251.3 251.7 252.5 253.2 253.7 252.9 251.1 248.4 247.3 246.5 246.9 247.5 248.4 248.7 249.1 248.9 246.8 245.5 245.1 245.6 247.7 252.7 256.8 261.7 266.2 271.8 276.8 281 284.1 287 288.8 288.9 288.6 288 284.1 280.6 277.2 273.3 266.5 261.4 259.6 258.6 253.3 249 243.2 239.3 241.8 249.9 259.9 271.3 278.6 281.2 283.2 283.2 281.9 282.9 284.1 287.4 296.5 301.8
273.7 278.1 281 285.7 286.2 283.8 279.5 274.4 268.4 264.8 260.6 258.3 257.1 255.9 255.3 254.2 252.2 250.8 250.4 250.2 250.1 250.5 250.5 249.4 248.4 248 250.1 249.8 250 250.4 251.8 252.8 252.7 251.4 249.1 246.9 246.2 247.7 251 256.2 258.9 263.1 267.3 272.8 276.6 280.7 283.2 285.6 288.1 288.3 288.9 288.9 287 282.5 278.1 273.9 267.7 264.4 262.5 258 254.1 253.4 246.9 241.5 239.4 243.6 253.2 268.6 278.7 280.8 281.9 282.5 282.3 283 284.6 289.1 296.9 298.9
277.1 279.8 282.5 284.1 282.9 279.8 274.3 269 263.6 260.1 257 255.7 254.7 253.7 252.8 252 250.9 250.2 250.1 250.1 249.7 249.7 250.1 250.3 250.4 251.3 253.5 254.1 254.2 254.9 256 256.3 256 254.3 252 249.1 247.2 248.2 252.1 257.3 259.6 262.9 268.1 273.4 277.3 280.6 284.3 287.5 289.7 291 292.4 292.3 289.4 284.8 280.4 274.5 269.2 265.5 263.1 260.5 257.6 254.7 253.7 247.3 242.8 240.9 248.8 265 275.6 279.1 280.1 281.7 282.3 282.6 284.1 288.6 294 292.7
279.5 282.1 282.8 282.3 279.9 275.9 269.6 263.6 259.3 256.2 254.3 253.8 252.8 252.3 252 251.2 250.7 250.6 251.1 251.7 252.2 252.3 252.7 253.9 255.1 256.7 258.3 259.1 259.3 259.3 259.5 259.3 258.9 257.1 254.4 251.5 249.3 248.5 250.3 256.2 260.4 263.8 268.1 273.1 277.7 281 284.4 288 290.1 292.5 294.3 293.7 291 286.5 281.3 275.9 270.3 266.7 265.5 264 260.4 256.6 254 252.9 246.9 240.6 244 260.4 270.6 276.1 278.6 280.6 281.6 282.1 283.4 285.7 287.6 287.1
281.8 283.3 282.8 280.9 277.1 271.4 265.6 260.3 255.5 252.9 252 252.2 252.3 251.8 251.3 251.3 252.8 253.9 254.9 255.9 256.7 257.8 258.5 259.1 260.3 261.9 262.9 263.1 263.2 263.3 263.2 262.8 262.2 258.9 256.2 253.2 252.4 249.6 250.3 254.6 260.2 263.5 267.7 272.3 276.4 279.3 282.1 285 287.7 290.6 293.8 293.3 290.9 288 281.4 276.2 271.7 269.8 268.1 265.9 263.4 258.8 255.3 252.2 247.5 239.8 243.1 260.7 267 271.9 276.2 278.6 279.7 279.9 280.4 282 281.3 279.8
283.2 283.5 281.4 279.1 273.2 267.4 262.1 256.1 252.6 251.5 251.3 251.8 252.2 252.5 252.8 254.6 257.2 259.8 261.4 262.5 263.3 264.2 264.7 265.3 265.9 266.3 267 266.6 267 266.6 266.6 266.6 265.1 260.8 258.3 255.4 252.4 249.7 250.6 254.2 258.4 262.6 266.5 269.6 272.7 275.5 279.1 282.6 285.2 289.7 292.6 292.6 291.2 286.6 282 277.6 274.9 273.9 271 267.8 265.1 260.5 257.7 253.7 249 240.6 242.8 257.2 264.1 268.1 271.7 274 276 275.6 276.2 277.1 276.3 273.7
283.9 283.2 279.7 275.3 269.2 263.7 256.9 252.8 251.4 251.8 251.9 252.4 253.1 254.3 257.6 261.2 264.8 266.7 267.8 268.7 268.9 269.4 269.6 269.8 270.1 270.6 270.7 269.6 269.1 268.8 268.7 267.6 265 262.6 260.7 257.6 253.6 251.2 250.7 253.4 257 259.9 262.8 265.7 268.9 272.1 275.6 279.2 282.8 288.2 290.8 293.2 290.8 287.2 283.5 280.1 278.6 277.4 274.1 270.2 266.2 262.1 259.3 254.4 247.6 240.7 240.1 255.6 260.1 263.7 267.5 270.2 271.5 271 272 272.6 271.7 269.9
283.7 281.3 276.5 271.4 265.5 259.3 253.4 251.2 251.4 252 252.5 254.8 257.3 261.8 265.4 268.7 271.5 273.6 274 273.8 273.5 273.5 273.4 273.7 273.8 273.7 273.5 272.4 271.6 271.1 270.8 269.4 266.6 263.9 262.1 259.8 255.4 252.3 250.4 252.3 254.3 257.1 260.3 263.7 266.6 269.1 272.4 276.5 280.8 284.8 289.3 291.7 290.1 287 284.5 283.1 282.2 280.5 277.4 272.9 267.4 262 257.6 256.3 250.9 242.3 238.1 249.9 253.9 258.2 263.3 267 268.4 268.8 268.6 268.2 268.3 267.4
281.7 278 272.6 267.5 261.5 254.6 251.5 251.4 252.2 253.5 255.7 259.1 263.6 268.7 272.9 275.1 277.9 279.2 279 278.7 278.4 278.5 277.8 277.3 276.2 276.1 275.8 275 274.2 273.8 272.4 270.2 267.1 264.2 263.3 260.3 256.3 252.9 250.6 250.2 252.6 255.6 258.8 261.9 264.6 268.2 271.2 275.7 280.5 284.6 289.2 291 289.2 287.1 286.5 285.3 284.2 282.5 279.1 273.7 267.8 261.7 258.8 256.5 252 243.8 236.9 247.5 250.6 254.7 260.3 264.9 266.5 266.8 266.5 265.5 264.8 264.6
279.4 275.4 270.6 264.2 257 252.6 250.9 253 254.2 256 260.5 265.5 270.7 274.6 277.7 280.7 284 283.8 283.5 282.7 281.5 281.4 280.6 279.8 279 278.4 277.9 276.7 275.2 273.2 271.2 269.4 265.9 263.8 261.6 258.8 255.3 253 250.8 250.3 251.3 254 257.3 259.9 263.7 267.4 272.3 278 283.4 288.7 292.1 292.4 290.7 289.3 289.5 286.8 284.1 283.4 279.9 274.6 268.6 262.2 260 254.5 249.9 244 236.4 248 250.2 252.9 258.3 263.7 264.4 264.2 263.1 262.3 260.5 260.2
276.1 272.1 267.5 260.4 252.8 250.4 252.7 253.8 256.3 261.7 265.8 269.9 274.1 278.6 282.6 284.4 286.1 286.4 286.6 285.4 283.6 283.7 283 282.2 281.2 280 277.9 275.7 272.6 269.6 268 267.2 265.1 262.5 259.2 256.4 255.4 254 252.5 250.2 250.1 252 255.6 259 263.6 268.4 274.2 280.9 286.2 291.2 293.7 295.1 293.2 292 292.3 286.9 285.5 286.2 281.4 275.7 269.3 262.4 256.8 253.4 248.8 244.3 238.6 240.5 249.2 252.1 258 262.2 261.6 259.7 257.4 257.9 255.4 254.1
271.4 268.1 263.3 255.6 250 252.3 254.4 257.9 261.5 265.3 268.5 273.7 278.6 283.3 284.5 285.3 287.1 287.6 286.6 285.6 285.7 285.7 285.4 284.6 282.5 279.1 276.2 274.1 272 270.4 268.5 266.3 263.7 259.2 256.4 256.7 256.8 255.9 254.2 251.1 249.8 252.6 255.6 259.1 263.5 269 276.4 283.3 288.5 292.8 296.2 296.7 295.3 292.4 290.7 286.3 285.7 283.1 278.8 273.9 266.4 259.2 253 249.4 247.3 245.2 240.7 236.5 243.1 251.3 256.8 259.2 259 254.4 251.6 250.8 249.4 249
266.1 262.8 258.2 249.7 256.9 255.2 256.5 259.8 264.3 268.5 271.5 277.2 279.7 282 283.6 285.2 286.5 286.4 286.7 287.2 287.1 287.3 287.5 285.2 283.2 279.2 275.7 273.7 271.8 269.4 266.4 263.8 262 258.6 257.8 258.5 258.3 256.5 254.6 250.8 250.3 253.8 255.5 258.3 262.6 267.9 274.7 281.9 288.4 293.5 296.3 297.3 294.7 291.2 286.8 283 279.2 275.6 270.8 265.5 259.6 254.4 250.4 249.3 249.2 247.3 244.5 238.4 234.8 247 254.5 255.3 255 248.6 245.5 244.8 244.8 246.1
259.5 257.6 256 248.3 256 256 259.5 263.4 266.5 269.7 271.5 274.7 277.3 279 281.8 282.9 285.1 286.7 288.1 288.6 288.4 287.7 286.5 285.5 284.2 278.6 275 272.7 270.1 266.5 264.7 262.9 260.8 259.7 259.6 258.5 258.3 256.4 253.4 250.1 249.6 252 253.3 256.7 261.5 267.3 273.7 279.7 286.4 290.8 293.9 294.6 292.2 287.8 284.5 279.7 275.3 270.9 265.9 260.1 255.3 252 250.4 249.6 250.1 250 246.5 241 235.9 243.3 249.8 253.2 251.3 244.1 242.4 243.2 245.9 247.7
254.9 254.1 253.2 248.5 254.7 258 261.4 263.3 264.9 267.1 268.7 270.5 272.7 274.9 277.7 281.6 285 287.1 288.8 287.7 286.9 286 284.9 284.2 281.4 276.1 273.4 272 269.4 267.7 265.5 263.7 262.1 261.5 259.6 256.5 256.7 255.9 252.5 248.9 248.4 249.5 252.2 255.8 260.5 268.5 274 279.5 283.5 287.2 289.3 289.8 288.5 286.8 282.9 277.2 272 266.7 261.6 257 254.4 252.4 250.8 249.8 249.8 251.6 247.5 242.1 236.2 239.1 245.8 246.9 243.5 242 243 246 248.1 250.7
250.4 251.4 250.4 247.9 252.8 256.2 258.2 259.1 260.9 262.7 263.2 264.9 268.2 272.6 276.2 280.4 282.9 283.6 284.2 285.1 285.2 285.3 283.6 280.3 276.4 273.2 271.8 270.8 270.1 268.4 266.4 264.6 263 262.1 258.8 254.7 253.1 252.6 250 247.7 248 249.5 251.9 255.6 260.2 266.9 273.3 278.5 281.8 285 287.3 288.9 288.7 287.5 282.4 277.4 271.2 266.8 263.2 261 257.8 254.1 251.8 251.1 252 253 247 240.9 236.4 236.8 241.6 240.4 242.2 245.9 246.5 248.3 251.2 253.9
247.8 247.5 245.2 246.2 250.8 252.3 254 254.8 256.1 257.2 259.8 264.2 267.3 270.8 273.2 276.3 279 278.8 281.7 283.3 282.9 282.7 280 276 274.1 273 272.6 272 270.4 267.6 266.5 265.4 262.3 258.6 255.2 252.1 250.4 249.9 247.9 247.1 247.3 249.2 252.3 255.7 259.8 265.7 271.1 276.6 279.3 282.8 286.2 287.8 288.3 286.2 280.3 275.4 270.5 267.9 266.7 265.2 260.7 256.2 254 250.4 248.1 247.3 242.2 239.3 236.2 236 238.4 239.8 247.4 246.4 249.1 250.9 253.3 256.5
245.6 245 244.4 246.6 249.5 250.3 251.1 251.9 253.1 254.8 258.9 263.3 265.2 265.9 268 271 273.1 274.8 277.9 277.9 277.4 277 275.3 274.2 273 273.8 274.7 273.7 272.1 271.2 269.2 266.6 262.3 258.2 254.3 250.9 248.4 247.6 246.8 246.5 246.7 250.3 252.6 255.9 260.3 265 268.9 272 274.8 278.8 282.3 286.7 288 284.9 277 272.4 270 269.8 268.8 266.6 261.9 258.5 255.7 250.4 246.2 243.3 241.5 238.5 235.5 234.7 240.5 243.3 245.1 247.7 250.2 254.8 256.7 260
243.8 244 244.6 247.6 251.6 249.7 249.8 250.7 251.3 252.4 254.6 257.9 260.8 261.7 263.4 264.7 267 269.1 270.3 270.8 271 272.4 271.4 271.6 273.7 276.1 276.8 276.5 276.4 274.7 272.3 268.8 265.3 260.6 256.4 253.6 249.8 247.3 246.6 246.2 246.5 247.8 251.8 255.8 259.4 263.3 265.8 268.3 270.7 273.9 277.1 279.4 282.4 276.2 273.5 271.5 270.9 271.8 271.3 267.4 263.2 260 255.6 251 246.9 243.5 241.5 237.7 235.9 234.7 241.5 245.3 245.7 251.1 253.8 258.8 260.4 263
243.4 243.7 244.6 248.3 252.6 252.8 250.2 249.7 250.4 250.9 252 252.9 254.9 256.2 258.3 258.3 262.6 264.3 264.9 266 264 266 268.5 273.2 277.8 280.2 281 280.2 278.8 276.9 274.7 271.8 266.9 263.3 259.6 255.8 251.8 247.6 246.6 245.9 245.8 247.4 250.1 253.3 256.6 260.4 263.6 265.9 269.1 271.8 274.3 276.2 276.1 274.7 274.7 274.6 274.4 276 273.5 268.1 264.3 260.8 255.3 251.2 246.8 244.1 241.7 236.6 234.4 233.9 240.5 246.9 247.1 252.4 257 259.6 263.4 267
243.1 243.4 245.4 248.8 251.8 253.4 251.4 249.6 249.8 249.8 249.7 249.6 250.3 251.4 252.8 253.8 255.5 257.7 260 260.7 263.2 266.5 270.1 274 279.4 283.1 283.6 283.3 280.7 279.1 277.1 272.4 268.2 265.2 261.1 257 252.8 248.4 246.1 245.4 245.7 247.1 249.4 253.2 256 258.9 262.1 265.8 269.4 272.2 274.1 276.5 276.9 277.2 278.3 278.6 279.4 280.6 275.5 269.6 266.9 261.8 255.3 250.5 245.9 242.8 239.8 234.5 234.3 234.3 239.3 247.1 250.3 253.1 258.2 262.5 265.2 269.4
242.7 243.2 245.9 249.2 251.9 253.2 251.6 249.9 249.4 249.4 249.4 249.1 249.4 250.3 251.2 252.3 253.2 254.1 255.9 257.7 263.5 267.3 270.8 274.2 277.3 279.9 280.1 280.3 277.9 276.7 274.8 271.3 268.7 265.1 261.6 257.6 253.4 248.9 246.1 245.1 245.2 246.7 249.1 252 255.1 257.5 261.4 266.4 270.9 273.8 276.3 279.5 280.5 281.7 282.9 281.9 283 281.9 274.6 268.7 268.2 263 255.8 250.6 245.2 239.9 235.7 233.4 233.3 235.5 240.2 245.2 250.6 253.8 260.5 268 270.1 272.8
242.6 243.4 245.4 248.6 251.6 252.4 251.8 250.2 249 249 248.9 248.9 249.4 250.1 251.1 252.1 252.8 253.5 255 256.6 259.6 264.9 268 271.5 274.4 276.7 277.2 277.1 276.6 275.5 274.1 272.1 268.7 265.4 262 258 253.1 249.1 246.4 245.2 244.8 246.6 249.3 252 254.6 257.1 261.5 266.8 271.4 274.7 278.6 281.9 284.4 285.4 284.8 282.9 280.8 278.4 271 266.5 264.4 260.2 256.4 250.6 244.9 238.2 232.4 232.8 232.8 239.6 243.8 247.5 251.8 255.6 259.5 268.6 271.6 275.1
242.3 243.4 245.8 248.5 249.9 250.2 250 249.5 249.2 249.9 249.9 249.3 249.6 249.9 250.2 251.3 252.2 253 254.3 255.4 257.1 258.7 260.5 265.3 267.8 272.1 275.4 275.8 276.9 276.1 274.6 273.4 270.2 267.4 263.8 259.2 253.8 249.8 247.1 245.3 244.9 246.9 249.7 252.3 254.9 256.4 260.1 265.8 270.8 275.9 281.6 285.1 288.4 288.8 285.7 282.3 278.7 273 268.7 264.9 260.2 256.5 252.8 247.3 241.6 234.1 232.1 232.5 238.3 244.7 248.1 252.7 256.1 258.5 263.5 271.2 270.6 275.7
241.8 243.9 246.7 248.8 248.5 248.4 248.6 248.7 249.1 250.4 250.5 250 249.7 250 250.3 250.4 251.4 252.5 253 253.8 255.6 256.6 257.3 259.7 261.3 263.9 268.9 274.9 277.5 277.3 276.3 275.1 272.1 269.2 265.4 260.7 255.4 251.3 247.7 245.2 245.7 248.4 251.8 254.3 254.6 255.5 257.5 263.2 269.2 275.4 283.4 289.8 292.4 291.7 286.8 281.8 277.2 273.8 270.6 265.6 260.3 255.5 249.2 243.6 238.8 232 232.9 237.3 242.9 247.7 253 257.6 260.9 263.2 271 271.3 270.5 274.2
