Game/Highland_Data/StreamingAssets/GeoData/Data/nt/NT12.asc
ncols 200
nrows 200
xllcorner 310000
yllcorner 620000
cellsize 50
[rows 35 to 69 of 200, columns 78 to 155 of 200]
279.1 282.2 282.5 287.5 295.1 314.4 340.1 361.8 382.2 395.9 401.2 403.4 403.6 402.6 400.1 399.5 396.3 393.4 390.3 388.4 385.1 392.8 402.4 409.6 412.6 412 410 414 415.9 411.1 402.7 392.8 382.8 376.9 379.6 385.6 391.3 396 403.2 403.8 408.8 417.8 428.9 438.6 446.1 451.9 459.3 464.7 470.6 477.2 483.1 488.9 495.1 504.9 514.5 518.6 521.8 527.6 536.5 542.4 549.7 558.4 570.2 583.2 594.7 612.1 630.1 647.4 664.3 679.1 692.8 703.8 712.8 720.5 729.6 738.4 745.3 750.1
279.4 282 283.1 284.4 290.2 298 315 338.5 357 370.3 376.7 378.5 381.1 380.2 380.3 379.5 376.9 375 371 367.7 369.1 375.1 383.2 390.2 394.5 396.4 395.3 401.2 402.6 397.7 389 377 371.6 377.3 386.4 393.6 401.5 407.3 411.6 416.9 420.9 415.3 420.8 428.8 437.2 443.4 449.1 455.7 462.2 467.7 474 480.1 486.4 495 503 510.9 517.2 523.6 531.5 539.2 547 557.9 570.3 584.2 597.9 614.8 633.2 651.2 667.9 684.6 698 710.4 722.4 730.3 740.3 749.8 757.2 763.4
297.1 282.3 283.7 284.6 287 289 297.5 312.8 328 338.6 347.9 351.2 353 355.3 353.6 356.6 357.4 356.1 352.1 353.8 355.4 361.2 366.6 371.2 376 379.8 381.5 385.7 386.3 379.6 372.1 363.2 373.9 386.3 393.4 400.7 407.8 414.1 420.2 426.4 431.1 435.2 433.9 429.6 432.9 435.8 441 446.8 452.7 460.1 466.2 472.3 479.1 485.8 494.2 503.7 512.5 520.1 527.9 537.1 548.3 559.1 572.7 586.9 601.6 615.3 636.4 652.7 673 688.9 701.5 718.2 730.1 738.3 750 759 767.8 773.9
311.5 300.3 288 285.9 287.6 288.6 291.1 297.6 305.6 313.4 320.7 323.1 323.7 326.6 329.6 333.9 337 339.8 339.8 343.3 344.8 345.8 349.5 353.4 360.3 365.4 368.4 369.3 368.3 365.1 360.2 371.6 385.6 397.5 405.3 412.3 418.5 424.1 429.9 435.6 440 444.5 446.4 447.3 447.4 450.1 453.6 455.1 460.4 464.6 468.7 470.6 473.4 480.4 490.4 499.2 509.9 517.5 526.5 539.7 550 560.1 574.1 588.2 603.4 623.1 642.4 662.1 677.4 693.2 705.8 725.4 736.4 748.3 758.4 768.2 776.8 783.1
333 319.2 306 291.9 289.7 289.4 291 292.9 296.4 300.1 304 307.1 309.7 311.3 316 321.8 325.5 328.5 331.7 334.8 336.1 336.6 338.7 343.2 348.8 351.6 354.8 355.8 355.6 358 372.4 389.7 401.7 410.9 418.1 423.9 427.8 434 442.6 449.7 455.5 456.8 454.4 454.6 455.4 456.6 457.6 461.2 462.9 468 472.5 476.7 482.8 487.6 492 496.3 507.1 517 527.5 541.1 551.9 562.3 578.1 591.9 606.5 630.5 650.6 667.9 683.2 700.1 717.3 732.2 745.5 756.9 768.1 778.2 787.4 793
358.1 343.2 325.7 309.5 297.5 293.9 292 294.2 294.1 297.3 301.4 304.5 306.1 308.6 313.6 316.6 320.5 323.5 325.9 329 329.5 329.5 331.2 332.4 336.1 340 346.5 351.4 364 377.5 391 405.3 414.4 423.6 432.8 439.5 444.7 450.6 456.5 460.3 463.7 465.8 467.6 466.3 462 462.1 464.5 465.4 468.8 473.1 478.8 484.6 489 494 499.1 503.8 508.8 517.3 530.1 542.9 553.8 566.1 583.2 596.6 615.6 636.8 656.2 672.4 689 707.1 723.2 739.2 754.2 765.9 778 787.8 796 801.6
384.1 366.8 349.2 329.7 312.2 303.7 296.8 296.8 298.2 299.1 301.1 301.5 301.3 303.9 306.8 312.1 316 318.3 320.9 318.8 321.5 324.6 331.7 337.3 343.1 351.5 360.4 369.5 380.7 395.7 409.9 420.8 429.6 436.7 445.9 450.3 458.7 465 467.2 469.2 471.1 474.7 475.5 475.4 474.8 474.3 475.5 477 478.2 482 486.1 489.8 494.2 500.4 504.3 510.5 516.8 522.1 530.7 545.3 556.5 571.9 587.6 601.3 622.5 644.1 659.3 676.4 693.4 710.6 729.7 746 759.9 775.3 785.4 797.2 806.2 809.4
405.2 390.5 371.8 351.7 335.3 323.3 312.1 310.2 307.6 303.9 308.8 310.5 310.6 312.7 312.5 310.5 309.7 311.8 314.9 318.8 322.7 326.7 329.7 334.4 342.8 351 363.2 377.6 393 410 421.6 430.2 437.8 446.1 456.2 465.1 470.6 474.5 476.2 479.3 480.6 483 483.1 483.1 483.1 483.3 485 486.5 489.1 493.2 495.9 499.3 503.6 508.4 514.2 520.6 528.4 533.2 534.6 547 559.1 576.4 589.6 608.1 627.2 647.2 661.9 679.5 695.3 714.4 733.5 750.7 765.4 781.8 793.9 803.3 810.7 814.4
421.3 407.8 391.2 372.8 357.7 340.9 328.2 319.9 315.4 312.2 316.3 319.8 324.6 325.7 324.4 323.7 318.4 317.7 315.6 318.1 320 324 327.6 330.8 338.1 347.2 357.8 370.9 390.9 410.6 425.3 436.9 448.2 458.3 467.8 475.1 478.5 481 483.5 486.7 488.6 489.3 489.4 489.4 489.6 490 491.6 493.9 497.2 502.5 507 511.3 515.1 518.6 524.4 533.6 539.7 543.9 548.7 548.3 561.2 579.7 593.2 611.6 629.6 647.7 663.2 679.5 698.4 715.7 732.9 752 770 784.5 796.3 806.7 812.2 815.8
433 419.5 401.2 384.8 371.9 354.5 339.8 329.2 324.2 322.2 323.2 331.1 334.6 336.2 336.9 338.8 336 332 329.5 323.1 317.9 322.9 327.4 331.5 334.7 341.4 349.5 362.9 381.1 403.7 424.1 440.3 452.6 462.7 470.5 478 481.5 486 488.9 492.3 494.4 494.4 494.4 494.4 494.7 495 497.2 500.7 503.8 510.1 515.5 520.1 525.3 532.5 538.1 546.7 553.3 558.5 560.2 563.3 564 576.2 595 612.9 628.9 645 662.4 678.5 698.3 717.1 733.2 751.1 769.9 784.2 798.3 806.6 812.8 814.9
441.7 426 407.8 391.6 377.3 364.8 349.2 338.7 333.4 331.6 327.2 336.6 341.9 345.3 351.7 354.4 352.5 351.1 347.2 340.5 327.7 323.5 327.5 331.5 334.4 338.9 345.8 356.4 374.3 393.8 415.8 438.1 451.6 461.3 469.4 475.2 481.1 487.3 492.6 496.9 498.3 498 497.7 497.4 497.8 498.3 501.9 505.5 511.3 517 522.6 529.5 535.3 543.2 550.4 558.9 565.2 570.1 574.4 577.4 577.6 582.5 593.4 612.1 627.7 643.9 658.4 678.2 695.2 716 732 750.7 767.6 782.7 795.4 805.2 810.1 810.9
446.5 430.3 413.3 396.8 382.2 369 356 351.7 345.2 340.3 335.2 344 351.7 356.3 362.7 366 366.5 364.4 360.1 353.5 341.6 327.6 328 328.7 334.5 338.5 342.8 349.2 361.1 380.1 403.6 426.5 446.3 457.5 465.3 471.9 477.6 485.6 492.9 498.3 500.3 498.6 497.1 496.7 497.1 499.6 503.6 508.2 516 522.3 531.2 539.2 546.1 552.5 561 569.3 577.1 585.6 591.7 594.7 596.1 597.2 599.8 612.7 628.3 644.2 657.6 677.2 692.6 715 731.2 747.6 766.9 780.7 792.4 800.8 804.2 804.5
450.9 433.4 416.5 400.7 387.4 376.5 368.4 364.1 357.2 349.6 343.8 355.5 365.2 371.8 374.8 376.3 377.2 374.4 369.6 361.4 347.5 335.2 332.8 331.5 332.6 338.4 342.6 347.3 353.3 365.4 386.8 409.9 430.4 447.2 458.6 465.9 471.1 478.1 485.1 491.2 493.5 494.7 493.6 493.3 494.4 499 503.8 510.5 519 527.4 536.9 544.2 551.2 559 569.7 579.3 588.2 596.7 604.4 609.7 612.7 613.8 615.4 619 629.8 644.3 658.6 675.5 694.4 715.7 731.6 749.2 765 778.4 789.1 796.4 799 797.2
452.6 435.6 421.8 408 396.8 385.4 377.6 369.1 363 355.9 355.3 368.8 378.7 385.5 388.7 389.6 387.7 382.8 375.5 366.1 356.8 347.3 339.7 336.4 335.8 338.4 339.4 346.8 350.8 356.9 369.4 392.4 412.5 431.1 443.8 452.7 462 469.1 477.2 482.4 485.2 485.8 486.4 488 492.2 497.4 502.4 509.9 520.2 531.6 540.1 548.9 556 562.6 576.8 588 598.7 607.9 615.8 624 629.2 631.5 636 636 638.5 648 662.4 681 698.5 717.4 733.8 750.6 764.1 774.9 786.3 792.4 793.9 791
458.1 442.3 430.7 418.9 406.8 394 386.6 376.2 370.3 362 368 380 390.7 396.3 400.7 399.7 397.2 390.2 383.6 374.6 365.3 355.1 354.2 349.2 347 344.5 342.4 344.2 348.4 354.4 359.8 372.1 388.2 409 424.5 435.3 445.1 453.3 461.7 468 473.5 476.1 477.5 482.8 488.5 494.3 500.8 509.4 521.1 531.4 541.4 550.2 556.3 567.9 583.4 595.2 605.1 615.7 625.7 635.4 642.8 647.2 649.6 651 656.1 660.8 671.5 686.1 703.7 720.7 738.7 751.7 764.1 774 784.2 788.8 788.8 785.6
465.6 453.3 441.4 430.1 417.3 405.8 396.3 386.1 374.9 371 382 390.8 401.8 409.6 412 410.3 406.2 398.8 390.5 381.7 370.2 371.2 367.8 364.5 361.1 356.7 353.4 352.7 348.5 354.2 358.3 363.7 373 387 403.5 413.6 422.9 434.5 445.1 454.1 461.6 466.8 471.6 479.1 484.9 491.3 499.2 508.3 519.2 530.4 540.8 548.7 559.9 572.8 586.8 598.8 609.1 619.6 631.8 642.9 651.4 658.3 662.4 667.6 672.7 677.8 687.5 698.8 712.8 726.7 742.4 754.1 767.7 778 783.8 786.2 785.3 782.8
475.6 463.4 450.5 438.6 424.6 414.8 402.9 392.5 380.6 379.8 392.1 399.4 410.9 417.8 421 419.8 414 406.1 396.3 388.6 383.3 384 382.3 377.9 375.3 373.8 369.3 363.1 358.5 353.8 357.4 362.5 368.5 378.3 386.2 393.2 405.8 411.7 423.9 435.6 446 454.1 465 472.6 481.3 489.4 497.5 507.1 516.7 527.4 536.2 547.9 560.8 573.4 586.1 597.4 610.1 622.2 634 647.5 658.5 666.9 673.5 679.2 686.3 693.3 700.1 711.9 724.3 736.4 748.4 759.4 772 778.8 783.5 785.7 785.5 781.8
486.8 474.4 459.4 446.3 432.8 421.6 408.1 396.9 387.2 383.7 397.8 408.3 418.4 425.9 428.4 426.7 419.1 412.6 404.3 397 393.3 394.4 393.6 389.4 389.3 388.9 384.3 380.6 373.1 369.5 363.3 361.5 367.1 372.4 378.3 384.7 392.6 400.8 409 420.3 430.2 441.4 453.9 465.9 477.3 486.4 496.4 506.5 515.7 524.7 534.7 545.7 555.9 570.5 582.8 593.6 606.2 622.3 633.3 649.1 661.7 671 682.8 690 697.7 707.3 716.4 725.6 737.4 747.6 759.7 767.8 778.2 783 786.9 787.2 786 781.3
498.4 486 469 454.3 438.2 425.7 414.6 402.8 393.8 394.9 406 417.5 428.6 438 438.8 437 429.3 419 412.8 406.5 404.5 404.6 404.6 402.2 401.7 399.3 397.3 393.6 387.8 382.4 378.6 371.2 365.8 372.2 376.1 378.4 382.9 389.7 399.7 407.1 416.2 426.7 438.7 452.6 469.5 481.5 493 503.1 512.2 521.3 532.4 543.4 553.4 566.1 579.5 591.2 602.4 619.8 631.8 646.8 660.7 675.4 688.7 700 710.1 720.4 728.3 737.5 750.7 760.9 769 778.2 784.2 787.4 790.7 790.6 788 783.4
510 497.8 480.9 463.9 444.9 432.7 421.7 410.1 400 402.1 414.3 428.6 439.9 447.5 450.6 446.6 441.1 435.5 427.7 418.5 416.4 414.6 414.2 413 412.8 412.2 411 406.8 398.4 395.9 392.2 382.4 373.1 379.7 386.6 390.1 394.7 399.5 401.6 399 407 414.3 423.2 437.5 454.2 473 487 498.5 507.8 517.5 528.6 539 551.4 562.9 575.9 588.6 600.9 615.1 628.9 644.7 657.1 676.3 691.4 705.4 718.5 730 740.1 750 762 771.5 781.7 789.7 794.7 794.9 796 794.1 789.8 783.8
520.7 507.7 491.3 472.8 457.8 444.3 431.4 415.6 405.3 411.6 424.5 438.9 449.3 456.7 462.4 460.5 454 448.9 442.2 431.9 430.5 429.5 428.2 427.7 427.3 426.2 422.7 417.7 412.3 407 400.3 385.3 379.6 386.5 391.5 401.5 409.3 413.1 416.7 422.5 425.7 422.1 423.8 422 437.6 459 480.2 491.4 504.2 514 524.6 534.8 549 561.6 572.7 585.4 597.2 613.1 627 641.5 657.7 674.3 693 708.8 723.4 736.8 748.9 761.4 772.5 782.7 791.6 798.8 803 803.5 800.3 796.4 789.7 782
530.5 516.1 502.5 485.1 466.1 453.5 440.2 423.7 413.9 419.9 432.5 449.2 460.6 468.9 474.1 471.8 467 461.8 454.1 444.2 447.2 447.5 449.1 448.8 444.7 440.4 435.6 429.8 425.9 417.6 405.8 388.3 387.8 395.8 402.6 413.9 422.3 427.6 433.4 439.9 444.5 447.8 449 448.4 443.1 445.7 468.9 486.1 498.1 510.9 520.7 530.8 544.9 559.1 570.8 584.6 597.9 612.4 625.8 640.7 655.9 673.5 692.6 709.4 725.6 740.3 754.5 767 778.9 790.5 799.5 806.8 809 807.2 803.9 796.7 788.7 779.6
539.8 526.1 512 495.3 476.7 460.3 446 431.7 419 428.3 441.6 457.5 469.9 480 485.6 485.7 481.7 475 469.6 458.2 463 466.7 468.7 466.1 463 456.6 450.9 443.5 435.6 427.3 410.4 393 396.8 404.5 413.1 431 440.6 446.1 452.8 456.6 462.3 466.9 469.5 467.9 464.6 444 464.2 481 491.7 504.4 517.1 529.6 542.5 555.7 569.2 584.4 597.2 610.2 625.7 640.2 657.1 675 691.5 708.3 725.4 741.5 755.9 770.1 783.5 794.2 802.4 809.4 811.1 807.8 803.7 794.9 787.2 775
544.2 531.3 518.4 502.1 482.7 465.2 452 438.2 428.8 434.9 449.9 466.8 480.5 491.8 498.2 500.3 497.7 491.5 484.4 474.5 477.3 481.3 486.8 490.1 484.3 478.1 467.9 457.6 446.4 436.6 417.3 399.3 402.6 412.9 425.1 442.2 455.8 462.9 469.4 477.1 484.6 488.1 488.3 485.4 477.8 452.8 464 478.3 490.3 504.4 516.2 530.9 543.7 555.1 570.2 584.5 599.3 612.6 627.8 640.3 658.5 673.7 690.1 708 723.7 740.1 755.1 769.7 783.2 794.3 803 809.7 811.7 807.6 802.7 793.8 786 772.1
542.5 533 519.9 504.4 488.9 473.5 458.1 443.4 439.7 445.1 461.2 477.3 490.5 501.9 510.6 513.8 511.8 507.7 497.9 490.1 492.7 501.8 509.8 512.7 511.9 503.5 491.5 476.5 459 444.1 426.1 411.7 406.8 415.6 427.5 446.7 462 473.4 484.8 491.5 498.1 501.2 500.8 496.7 487.6 469.3 465.3 477 488.3 502.9 515.6 530.5 542.8 555.7 572.2 587.7 602.2 614.9 628.4 641 657.4 671.8 688.5 704.6 721.5 736.8 751.5 767.1 781 791.4 801.1 808.7 810.9 807.8 801.9 792.7 785.5 773.7
539.9 531.3 519.9 505.4 490.9 477.9 462.8 444.1 448.5 455.5 471.7 485.4 500 511.4 521.8 526.5 525.5 520.8 513.1 507.9 515.2 525.2 532.5 534.6 532.6 525.7 512 493 471.7 451.7 437.8 427.7 421.2 418.1 430.3 447.2 463.7 481.9 495.4 503.1 508 511.2 513.7 511.3 499.5 483.7 465.8 474.1 484.9 498.2 511.7 527.3 542.1 556.3 573.2 588.7 603.5 616.2 628.9 641.7 655.9 669 685.8 700.6 715.6 731 745 760.1 774.6 786.1 797.3 806.2 808.5 806.5 801.2 793.9 784.6 775.3
534.3 527.6 518.1 504.5 493.7 481.2 462.3 464.7 462 465.4 481.3 495.1 509.4 522.8 532.9 538 538.3 535 530.8 530.8 536.2 543.4 547.4 549.5 547.5 540.1 527 506.4 482.7 465.7 451.1 440.8 435.5 426 430.7 449 463.1 482 499.2 509.9 514.9 520.7 524.6 522.1 509.9 497.1 483.7 474.1 482.6 492.6 505.2 521.4 538.2 554.6 571.6 587.7 601.1 614.1 626.7 639.8 652.3 664.2 678.9 692.8 708.4 722.5 735.9 748.9 763.9 777.7 789.1 799 804.3 803.2 799.4 792.4 784.4 775.1
527.4 523.1 514.6 503.6 495.9 487.4 483 480 477.6 479.1 489.9 504.5 518.9 531.7 542.1 547.8 550.3 549.7 547.8 549 553.5 558.9 561.8 563 559.9 553.2 539.4 519.5 500.6 484 468.7 457.6 452.2 440.8 430.3 451 465.2 481.5 499.7 514.3 525.7 530.9 532.4 533.6 525.1 509.2 495.5 479.7 483.9 488.2 497.3 511.8 529.6 548 567.1 582.8 596.5 609.6 622.5 635.1 647.1 658.8 670.9 684.5 697.1 712.3 725.5 736.7 752.6 767.4 780.3 791.1 798.2 798.5 796.1 789.6 784.7 774.8
521.1 518.2 511.7 502.9 500.8 501.3 497.3 491.5 488.5 492.4 499.6 513.6 526.7 537.3 548 556.7 560.5 562.5 560.5 561 566.5 572.5 574.7 573.6 569.8 564 552.8 537.7 523.7 504.6 488.6 475.6 466 454.7 437.1 449 468.1 484.1 501.4 517 533.3 539.2 540.3 540.4 536.7 524.6 506.6 491.9 484.4 488.4 494.2 503.9 519 538.3 559.3 575.7 589 602.3 615.5 627.2 638.8 650.6 661.6 673.7 685.7 699.1 713.6 725.4 741.6 758.5 770.4 782.2 789.5 792.7 791.5 788.9 783 773.8
510.7 509.9 511.6 508.9 510.1 512.3 510.4 500.8 498.9 501 510.7 523 533.8 542.4 552.3 562.1 568.1 572 573.7 574.7 578.6 583.9 586.3 583.4 578.4 572.1 562.3 548.5 534.7 519.9 507 492.1 480.6 465.5 448.9 450.4 470.8 486.9 500.7 521.2 536.6 545.6 547.9 547.6 543.8 536.7 518.4 505.6 498 492.3 496.8 502.4 511.7 527.5 547.7 564 579.1 590.6 605.8 616.2 627.4 637.3 649.9 661 671.3 687.2 702.3 716.7 731.4 750.2 763.7 774.9 784.2 787.8 788.2 786.1 780 774.7
489.4 496.5 504.3 508.6 514 519.2 519.7 513.8 508.1 509.6 518.2 528.8 538.8 547.8 557.4 567 575.3 581.2 585.7 588.3 593 597.2 597.5 593 586.5 579.3 569.2 555.2 541 528.5 516.8 503.7 490 478.1 459.2 452.1 472.8 486.5 504.6 522.6 535.8 549.2 554.1 554.7 550.9 544.9 530.4 518.9 511.5 504.5 500.3 502 506.4 516.2 528.4 542.2 561.4 576.9 590.5 602.1 613.9 625.2 636 646.1 658.6 675.2 690.2 708.1 723 741.5 757.3 768 779.7 785.2 786.8 784.2 778.9 773.4
461.8 474.3 486.2 497.7 509.8 519.3 522.6 520.8 517.1 516 523.2 534.5 544.4 553.3 562.7 572.3 581.4 589 595.5 600.3 605.5 609.3 608.9 603.6 594.4 585.4 574.8 561.2 546.8 534.5 523 511.9 500.5 487.3 468 459.2 474.8 492.5 507.2 521.8 537.7 551.7 560.2 560.6 558 553.7 546.5 534.7 525.1 518.4 514.5 511.2 507.7 509.5 515.6 523.5 537.2 552.7 566.9 585.3 598.5 610.3 619.6 628.5 645.6 666.3 684.9 702.5 718.2 736.8 753.6 765.7 778.1 784.3 786.5 783.9 778.8 772.8
431.7 444.1 459 474.4 489.6 507 515.8 518.4 517.8 519.8 527.7 538.1 548.7 558.7 568 576.8 585.9 595.7 603.6 610.1 615.8 619.8 619.3 611.8 601.5 591.9 578.7 564.8 550.9 538.6 526.8 517 506.6 494.2 474.4 468 482.8 497.8 508.2 522.7 539.9 553.3 563.9 569 567.6 563.6 558.1 549.7 540.2 533.6 528.3 525 524.1 522 520.5 519.9 523.9 533.5 546.7 562.7 577 586.1 602.8 623.8 645.1 664.2 679.5 697.1 712.7 732.1 750.6 764 776.5 784.6 787.3 784.9 778.7 772.3
403.4 414.7 430.2 446.5 463.7 481.8 495.8 506.3 514.5 521.4 531.5 541.9 552.2 562.5 572.7 581.2 591 601.3 610.7 619.2 625.3 628.1 627.5 619.4 608.2 596.9 583.6 568.9 553 541.7 528.5 518.7 508.2 496.9 476.6 478.8 488.3 501.8 512.5 528 541.2 555.8 569.4 575.3 576.1 573.5 567.9 564 556.3 548 542.9 538.5 537.3 535.8 535.3 533.5 530.4 531.3 539.1 550.8 565.3 585.2 603.8 623.1 643.1 659.7 676.2 691.2 709.2 726.3 745.9 761.5 774.7 784.1 787.6 784.6 779.2 772.4
390 395.4 402.5 418.9 436.8 454.7 472.4 488.2 503.2 519.2 532.5 544.1 554.4 565.7 575.5 585.4 594.9 604.4 615.3 623.6 631 635.1 634.3 626.9 615 599.9 587.6 571.4 556 544.4 531.1 517.7 509.5 499.1 478 485.4 490.8 505.6 520.1 531.8 545.7 562.4 572.3 578.9 581.8 582 580.8 577.9 574.3 564.4 556.7 552.7 550.6 547.2 547 545.7 541.9 540.3 544.1 550.3 564.2 583.4 601.5 619.6 639.4 657.5 672.9 687.6 706.6 722.9 742.4 758.9 772.1 782.1 785.2 783.7 778.2 770.5
