Game/Highland_Data/StreamingAssets/GeoData/Data/nt/NT23.asc
ncols 200
nrows 200
xllcorner 320000
yllcorner 630000
cellsize 50
[rows 140 to 174 of 200, columns 0 to 77 of 200]
266.4 264.6 263.7 262.8 262.5 257.2 257 261.5 269.7 286.6 289.2 266.3 254.4 248.4 245.4 249.1 268 286.8 290.2 279 267.1 257 252.5 253.8 257.5 263.8 277.4 297.3 319.2 340.8 362.3 384.5 403.3 418.6 431.5 436.5 430 417 398.8 380.1 361.1 357.5 377.3 402.7 428.5 454.6 480.5 505.6 527.3 542.7 544.2 536.4 522 508 508.2 526.1 551.6 575.1 593.3 605.6 614 619.3 620.9 617.5 606.4 591.8 577.3 563.9 556.2 565.9 581.9 599.4 618.6 637.7 655.3 670.7 683.4 693.9
266.6 265.2 264.1 263.3 262.4 258.3 259.3 261.4 266.6 276.6 272.6 258.3 250.7 246.6 247.6 261 281.4 297.5 300 288.4 276.4 264 252.7 254.2 256.3 259.5 266.6 281.6 300.8 322.6 344.8 365.9 384.5 401.4 413.1 417.7 414.2 398.8 378.4 356.1 339.8 350.7 373 396.5 422.2 448.5 474.3 498.9 518.1 528.1 523.3 513 497.4 478.9 482.1 505.9 532.5 557.1 576.1 590 600.5 607.1 606 597.6 584.5 569 551.5 534.5 527 544 563.5 582.6 603.6 625.3 644.8 664.2 681.1 694.5
267.5 265.9 264.7 263.8 262.4 259.7 261.1 263.3 265.7 268.6 261.8 254.1 249.4 247.9 250.7 269.4 291.9 306.9 310 299.2 286.5 272.9 260.2 255.4 255.9 258.4 262.2 270.6 282.5 302.2 322.7 342.6 361.4 377.4 391.4 398.4 395.4 380.4 360.4 336.2 328.7 344 365 388.2 414.1 440.4 465.1 485.9 502.1 507.2 501.9 489.8 471.5 453.9 462.7 487.5 514.2 540 559.2 575 586.7 594.2 591.5 576.5 562.1 545.9 526 505.7 501.4 523.6 545.5 565.3 585.8 607.3 628.4 648.6 666.8 683
268.2 266.6 265.2 264.3 263 260.4 259.5 261.8 264.3 261.3 256.7 254.1 248.2 248.7 256.6 276.9 300.2 317.3 321.7 311.3 297.3 284.2 271.7 259.5 256.4 257.6 259.6 264.3 272.1 282.1 297.7 316.5 335.6 352.7 367.3 377.1 373 360.9 343 321.3 319.2 331.3 353.3 379 403.3 426.8 446.4 462.9 476.7 480.1 477.8 466 445.8 430.1 444.9 468.8 497.2 525.5 544.5 560.1 572.7 580.8 575.7 557.3 539.1 522.3 502.6 480.1 480.5 504.5 526 545.5 565.8 586.4 606.8 627 645.8 664.3
269.2 267.2 265.8 264.4 262.8 259.2 257.9 258.9 259.9 256.3 254.9 251.1 247.6 252.4 267.4 286 307.4 330 336.9 326.3 312.8 298.9 285.4 272.3 261.5 258.8 259.5 261.2 266.3 273.2 280.4 292.2 309.8 327.2 341.4 348.1 345.2 336.5 322.7 309.1 307.4 315.8 337.3 361.3 383.5 402.8 418.7 435.2 446.6 449.3 449.4 439.1 420.3 411.3 431.4 460.2 490.7 513 530.5 545 558 563.7 557.4 540.2 518.8 498.6 478.6 456.7 461.1 485 505.3 523.9 542.8 562.7 583.4 603.5 622.9 642.6
269.3 266.3 265.2 263.7 263.4 259 256.7 255.6 255.4 254.3 252.6 249.1 248.4 260.1 278.2 297.3 318.7 340.8 351.2 341.8 328.3 314.2 300.5 288.1 276.5 266.9 260.9 261.2 262.5 267.9 273.2 279.2 286.8 299.6 311.1 316.1 314.9 308.3 300.2 299 298.2 301.8 316.4 335.9 354.2 371.2 386.8 401.7 412.2 417.4 419.5 409.2 395.2 399.2 425.8 453.6 480.1 499.1 516.9 531.4 542 543.5 536.5 521.6 502.5 479.4 456.5 435.6 443.3 465 483.2 500.6 518.6 538.5 558.3 578.6 598.6 619.1
272.6 267 263.3 262.4 261.3 259.4 257.5 255.7 254.4 253.3 251.1 249 249.1 267.8 286.6 306.6 329.3 351.1 362.8 356.9 343.6 330 316.1 303.2 292.5 282.4 272.8 264.2 262.5 264.8 265.6 274.1 280 284.9 289 292.1 293 292.9 291.5 293.5 294.9 296.7 300.9 309.8 323.9 339 353.3 366.5 376.8 385.5 388.3 378.3 375.7 397.7 423.3 446.4 465.8 484.2 502.3 517 522.8 520.4 512.6 499.7 484.1 464.2 441.1 419.5 426.6 443.6 458.7 474.9 492.9 512.7 532.4 552.6 573.3 594.8
274.3 267.3 262.7 261.4 259.8 258.4 257 255.5 254 252.4 250.4 248.7 258.3 276.2 294.9 318.2 342.2 363.6 376.1 371.6 359.2 345.8 332.2 320.9 309.8 298.3 288.1 277.1 267.3 265.2 266.1 267 275.2 279.3 278.5 280.9 283.3 285.3 286.8 290.3 292.8 294.7 296.5 299.4 302.6 310.4 320.2 331.7 342.5 351.7 357.1 352.4 374.9 401.8 420.3 431.6 448.7 467.7 486.7 499.5 500.2 494 486.3 475.6 462.7 445.2 423.6 404.3 410.5 421.6 436 452.5 469.4 487.7 507.2 526.9 548.7 571.3
274.4 267.5 262.1 260.2 258.7 257.5 256.2 255 253.5 251.5 250.4 252.6 266.2 284 307.3 331.9 355.6 374.3 386.1 385.2 373.9 361.6 349.6 338.7 327.9 316.4 303.7 292.8 281.9 274.2 271 269.1 267.6 269.2 273.4 275.3 278.4 281.4 282.7 286.4 289.2 291.4 292.6 294.2 293.7 297.6 301.3 305.6 312.2 318.8 326.6 341.1 366.9 383.9 394.7 405.5 428 451.1 469.8 477.6 474.3 467.7 458.6 448.9 437.4 422.3 402.7 392.4 403.3 423.3 445.4 467.4 486 498.4 510.1 523.2 537.7 556
275.4 268.3 261.9 259 257.3 256.5 255.2 254.3 253.1 251.3 250.4 257.6 273.1 295.2 324.2 350.7 373.1 386 396.9 399.2 388.4 376.5 366.1 356.1 345.8 334.3 322.7 311.7 300.3 289.4 282.4 276.7 271.6 271.5 272.6 274.2 276.2 278.2 279.8 281.5 282.8 284.8 286.4 288 290.9 292 294.3 297 300.1 305.5 310.4 319.4 337.3 349.9 362.1 381.2 407.1 430.1 448 452.4 447.6 439.1 429.5 419.6 410.1 397.9 382 387.1 408 432.1 453.7 479.4 503.4 522.4 537.4 549.9 562.1 576.3
279.2 271.1 264.6 258.2 256.6 255.5 254.4 253.3 252 250.9 250.3 258.8 279.7 311.8 344.8 371.4 391.2 399.6 407.3 409.4 401.3 391.4 382.3 373 364.4 354.9 343.8 332.5 320.8 309.6 300.5 290.6 282.9 279.1 278.6 278.5 274.9 277.3 278.2 279.2 278.7 281.5 282.9 284.3 286.1 287.6 289.4 291.2 294.2 297.8 300.4 303.5 309.5 319.1 333.7 356.2 380 402.6 420.8 424.5 419.7 410.7 400.7 390.4 381.6 373.8 373.5 390.4 413.3 438.6 463.5 489.4 515.8 540 557.9 573 587.5 601.4
284.9 275.3 268 259.9 255.7 254.6 253.4 252.2 251.5 251.2 251.7 261.2 288 323.2 358.9 388.2 401 408.9 414.1 415.9 410.8 403.7 398 391.6 384.5 376.2 364.9 354.6 342.4 330.6 319.7 309.1 298.8 293 289 286.8 283.7 285.9 286.7 287.6 286.3 283.8 283 283.8 285.4 287.1 288.6 290.4 292.3 294.1 295.7 298.9 302.3 306 311.7 329.3 351.7 373 390.1 394.4 391.2 383.6 372.4 362.2 359.8 365.3 379 397.4 420.8 445.3 471.2 498.3 524.6 550 572.5 591.4 608.5 624.6
291.2 281.2 272.6 262.6 254.8 254 252.8 251.8 251.8 252 252.3 263.2 294.7 330.7 369.6 398.8 408.4 413 413.8 415.1 414.9 413.6 408.2 402.9 399.3 393.9 386.5 379.6 368.9 354.9 342.3 331.1 321.7 311.4 301.6 295.4 295.8 302.6 309.5 311.1 307 298.4 291.5 284.5 286.1 287.3 288.7 290.3 291.9 293.9 295.8 298.2 300.9 302.8 307 312.7 325 343.1 358.1 363.5 361.3 355.3 346 352.3 361.1 370.9 385.7 404.7 428.2 450.6 476.8 503.1 527.8 552.8 577.6 599.5 619.2 638
297.7 286 274.9 265 254.9 253.6 253 252.5 252.6 252.6 252.8 264.4 296.7 335.9 373.7 395.7 402.1 404.9 406.4 408.9 413.5 415.8 414.5 411.3 410.5 407.4 403.3 400.4 394 381.3 368.6 357.3 345.6 332.9 318.8 304 311.6 325.6 339.5 342.2 337.9 327.6 313.4 295.8 288.9 287.9 289.3 290.3 291.6 293.3 295.3 297.8 300.4 304.4 306.9 310.4 315.4 321.3 329.3 334.6 336 339.8 347 360 375.6 384.5 389.7 406.9 428.6 451.3 475.1 499.2 522.7 546.4 572.6 597.1 620.4 641.3
303.9 291.3 277.1 265.2 254 253.3 253.1 253.1 253.1 253.4 253.4 263.6 295.1 331 363.5 375.5 382.5 387.1 392.2 398.1 405.9 413.6 418.2 418.9 419 418.3 415.8 413.9 410 402.7 393.6 381.2 368 353.2 333.5 314.3 324 343.7 360.3 372.2 368.9 357.5 340.4 321.6 305.5 295 291 291.4 292.7 293.5 294.7 296.5 298.2 304.8 308.7 311.3 315.8 318.1 322.4 327.5 334.9 346.9 362.6 378.9 395.7 407.5 410.2 408.6 423.3 442.6 465.2 488.9 513 539 566.3 592.4 617 642
307.9 293.4 278.8 265.1 254.5 252.6 253.6 253.4 253.7 254.1 254.5 260.9 286.9 318 339.4 350.9 359.9 367.8 375.9 383.9 393.3 403.4 413.5 419.8 423.3 426.4 427.1 426.6 424.9 419.7 412.2 401.6 389.2 371.5 347.7 326.8 333.5 354.9 374.3 393.9 397.8 386.6 369.4 351.7 332.8 315.5 304.2 294.4 293.8 295.1 295.9 296.6 297.6 300.8 305.3 310.1 316.9 321.9 326.4 333.1 345.9 362.2 382 400.4 419.1 432.7 436.2 436.7 439.6 445 455.4 477.2 502.6 529.6 557.5 585.8 613.1 639.3
312.5 298.5 281.1 264.8 254.6 254.6 254.6 253.3 254.3 254.8 257 260.3 275.6 298.9 315.2 326.9 337.3 346.7 358.4 370.2 381.9 391.8 404.9 416.8 424.1 431.1 437.7 440.8 440.6 436.7 429.9 420.2 407.4 388.5 362.2 339.7 341.9 363.7 384.4 404.8 417.1 413.6 397.1 378.7 359.8 340.9 326 311.8 303.7 297.4 297.6 298.1 298.8 300.1 305 313.3 323.8 331.9 332.8 335.6 354.1 375.5 398.4 418.9 438.7 454.3 458.5 461.8 469.5 473.3 478.1 483.5 494.7 519.2 550.1 582 611 636.4
320.6 302.5 284.3 264 255 254.6 254.5 255.2 255.2 256.9 259.1 263.4 271.5 285.4 299.2 310.5 321.2 330.3 341.5 355.3 370.8 384.2 398.1 412.4 425.3 436.5 447.5 453.7 457.2 455.3 450.7 438.8 425 404.4 377.6 352.8 351.9 372.8 393.9 414.5 430 432.6 422.5 403.4 387 368.2 352.3 336.6 321.1 305.2 300.7 300 300.6 301 309.1 327.6 337.2 349.2 348.2 337.1 358.6 382.3 405.7 428.4 450 466.6 475.4 485.8 495.8 500 504.9 510.9 518.5 526.1 548.2 581.3 611.5 637.3
328.3 307.4 285.9 267.9 255.3 254.9 256.1 254.3 255 256.3 258.5 263.9 272 280.8 288.5 296.7 312 324.1 333.6 342.9 359 376.1 392.3 408.8 426.4 441.9 454.3 464.8 470.9 472.8 467.3 456 441 418.9 393.9 368.5 358.8 382.9 404.4 423.6 438.8 443.1 440.1 427.8 412.6 397.3 379.7 361.8 342.5 318.8 301.7 302.2 302.6 303.1 312 330.8 353.4 367.8 366.3 347.4 356 381.1 403.5 425.6 448.2 468.9 483.6 501.6 517.4 527.1 531.9 538.3 545.9 553.5 559.2 581 613.6 641.3
330.3 310.9 288.3 271.6 255.9 256 255.7 255.7 255.6 256 257 262.2 267.9 286.1 300 309.4 312.9 311.7 327.6 339 352.9 370 387.9 407 426.1 444.2 459.2 470.8 479.2 484.8 481.2 471.2 453.9 433.5 410 383.7 366.7 391.8 414.1 431.7 446.6 456 456.7 450.6 437.8 426.4 410.6 390.5 366.2 337.8 312.5 304.6 305.1 305.5 313 332 360.7 384.3 386 364.8 350.9 372.2 395 417.5 440.4 462.1 481.3 503.5 525 540 552.7 565.7 573.3 581.7 589.8 596.8 620.9 649.5
335.5 314.3 293.9 277.2 257.4 256.3 256.3 256.2 255.9 256 256.8 259.8 266.9 287.7 307.1 321.3 331.9 329.4 327.2 336.1 350.8 366.9 385.4 404.8 424.5 444 460.8 474.9 485.8 493.7 492.8 483.6 467.6 448.2 424.5 399 378.7 398.6 420.8 438.4 454.7 466.7 469.6 465.3 456 444.2 431.8 406.6 379.7 349.8 322 308.2 307.6 307.9 311.9 331 362 395.6 403.1 383.9 363.4 360.6 382.1 405.6 429 451.7 473.6 498.4 524 543.9 564.3 581.1 596.2 607.7 618 627.7 639.9 658.1
348 322.9 305.2 280.2 262 256.7 256.9 256.7 256.5 256.4 256.8 258 268.2 291.4 312.8 330.6 342.5 345.9 344.3 339.5 348.6 365 383.6 402.4 421.6 440.7 460.1 475.5 487.4 496.7 498.8 492.8 479.1 459.8 437.6 414.2 393 404.8 425.8 445.3 462.4 475.8 481 476.7 467.6 455.3 439.5 414.4 384.3 355.7 328.5 314.3 309.9 310.6 315.2 328.5 360.8 396.5 419.1 405.4 384.6 357 368 391.7 417.4 440.9 465.6 490.4 517.5 541.6 562.5 583.5 601.9 617.1 629.5 641.9 652.9 663.5
359.8 333.4 310.5 285.3 267.7 260.2 256.8 256.9 257 257 257.3 259.5 274.7 296.2 318.2 338.3 350.9 358.4 362.9 359.4 358.3 362.4 380.2 398.6 417.7 437.5 456.1 472.5 485.7 495.6 500.4 497.6 485.7 470.1 452.4 430.9 410.1 411.9 434.6 453.4 470 483.4 489.6 485.8 477.4 464 445.2 420 390.1 359.8 333.1 318.9 311.8 313.1 318.7 329.6 357.7 395.4 430.1 425.6 405.8 384.3 364.9 380.4 406.4 430.9 455.9 482.5 510.2 535.3 557.7 579.4 598.7 615.7 631.3 647.7 657.7 664.1
371.5 344.8 315.2 287.4 269.2 260.6 255.4 257.5 257.5 257.8 258.2 262.8 280.1 301.8 323.9 343.4 357.6 367.8 375.2 377.4 376.8 369.8 377.4 394.1 412.6 431.2 449.4 467.6 481.4 491.3 498.1 498.2 489.7 477.2 462.5 445.3 428.4 420.3 441.2 459.5 477.7 489.2 494.7 491.7 482.9 470 449.3 421.7 392.7 364.6 338.9 321.5 314.2 315.9 321.5 333.5 358.5 394.7 433.7 443.2 424 401.6 378.1 376.5 398.6 423.1 450.4 477.2 503.6 528.8 552.1 573.5 592.3 611.3 629 643 653.4 655.7
375.7 346.8 316.2 285.6 268.6 257 258.5 258.2 258.1 258.3 258.6 266 284.8 307.4 329.2 349.7 365 376.9 385.5 389.7 390.6 386.1 377 389.1 405.3 422.5 440.5 459.5 475 485.9 494.3 497.6 493.5 484.8 473.9 462.1 447.7 432.4 446.1 465.9 482 492.3 497.7 496.1 486 472.4 450.5 420.1 391.4 366.4 342.9 324.5 317.5 319.6 325.3 338 362.5 396.1 434.4 452.5 438.9 415.9 391.7 376.2 394.2 419.6 445.6 470.7 496.8 522 546 567 586 604.8 620.2 632.9 640.4 642.8
368.6 340.3 311.3 282 264.7 257.9 258.9 258.7 258.8 258.8 259.1 269.4 290 313.2 334.9 357.8 372.5 383.9 393.9 402 405.7 401.5 394.8 393.6 398.7 411.3 430.1 450.1 467.3 480.8 492.5 499.7 499.4 494.3 487.7 477.9 464.8 449.6 452.2 471.5 484.9 494.6 499.7 498.5 488.9 474.8 450.2 418 388.2 363.3 343.6 328.8 322.1 322.7 327.6 339.5 364.1 399.2 436.5 458.4 450.7 428.4 403.9 382.3 390.3 415.1 439.5 464.2 489.5 514.5 539 561.4 580.9 596.7 609.7 620 626.8 628.7
358.4 329.5 300.6 277 262.3 260 259.4 259.3 259.5 259.5 260.5 276.2 295.8 318.8 341 361.6 377.4 389.3 402.1 415.2 421 418.2 412.2 407.2 407.1 408.6 420 440 460.3 476.9 491.1 500.7 503.1 500.9 496.6 489.3 480.5 468.8 462 477.5 489.6 496.5 501.3 500.5 490.3 474.7 446.5 414 383.7 361.5 345.3 333.8 326 325.8 330.6 341.3 367.2 400.8 436.6 458.2 459 439.3 415.1 391.3 389.5 412.2 436.7 460.5 483.9 506.9 530.9 552.3 571.1 585.2 596.3 605 611.5 613.8
345.2 317.7 292 273.2 259 260.5 260.3 260 260.2 260.3 264.4 284.6 305.2 327.4 347.4 366.5 383.3 397 411.2 425 433.1 433.8 429.3 424.3 420.5 418.7 421.6 434.5 454.9 474.1 490.1 501.2 505.7 507.1 506.4 501.7 495.1 489 480.2 485.9 495.7 500.4 502.8 500.1 490.4 473.5 441.3 410 383.4 363.6 347.6 339.1 332.4 329.5 332.9 344.3 370.1 402.9 437.6 459.6 464.5 448.6 424.7 400.8 392.2 406.8 429.9 452.9 475.6 498.2 520.1 539.3 556.8 569.9 578.9 586.2 593 595.8
331.3 304 283 266.9 261.2 260.9 260.9 260.8 260.5 260.8 272.4 293.1 316.8 337.7 355.4 373.4 390 405.4 419.5 434.4 444.8 447.6 445.8 442.1 438.5 436.3 435.2 438.4 454.3 473.2 490 501.8 509.7 514.7 515.5 512.9 508.2 504.6 499 498.8 502.4 505.4 505.4 502.1 493.9 473.9 440 409.8 386.7 365.5 352.7 344.3 336.1 332.7 338 353.6 378.4 410.4 444 465.6 471 457 433.7 409.8 399.5 404.1 420.8 444.2 465.9 487.8 506.9 524.9 540.5 551.6 559.3 566 573.1 577.3
316 292.2 276.9 263.6 261.7 261.4 261.4 261.3 261.5 263.3 280.5 302.6 327 346.3 363.3 380.7 397.5 413.3 428.1 444.1 455.7 459.4 461.7 459.8 456.7 454.2 450.9 448.8 461.2 478.3 494 505.9 515.6 521 522.9 521.4 518.3 516.3 513.8 510.7 508.9 509.2 509.3 505.6 497 469.3 438 412.9 390.2 371.2 359.7 349 340.4 336.7 345.8 364.5 390.2 419.1 451.7 472.9 478.5 465.9 441.7 416.7 408.6 413.6 416.4 438 458.7 477.6 492 506.7 519.1 530.7 540.5 548.7 555.5 561.1
302 283.4 270.3 261.7 262 261.9 261.9 261.9 262.2 268.3 290.1 312.8 335.5 354.2 370.8 388.9 405.1 421 437 453.2 465.3 471.6 476.5 476 473.8 470.7 466.7 463.1 471.2 487.5 502.6 515.3 524.5 530 532.1 531 529.2 527.4 524.5 520.7 517.1 514.7 513.7 509.6 496.9 466.4 437.8 414.3 393.7 375.3 364.9 356.6 346.1 341.4 355.8 377.1 404 433 462.1 479 484.5 473.4 449 422.8 417.9 430.9 433.1 433.6 447 461.4 473.9 486.1 499 511.8 523 533.1 540.3 546.2
290.5 277.5 265.4 262.4 262.7 262.6 262.5 262.6 264.1 278.4 301.4 323.7 344.5 363 378.5 395.6 412.9 428.9 444.9 461 474.4 483.2 489 493.2 492.5 489.1 485.5 482.2 483.3 497.1 511.8 525 534.2 539.1 541.2 541.7 541.9 538.5 534.1 530.5 526.9 522.8 519 513.9 495.9 465.3 438.1 416.4 396.5 379.8 375 368.3 354.4 345.3 364.8 389.1 417.1 445.2 467.7 484 490.6 479.7 455.3 426.9 427.8 443.5 456.1 460.7 461.5 465.4 471.4 478.3 486.4 496.3 507.2 516.6 523.9 530.4
283.2 272.5 264.5 263.1 263.4 263.3 263.3 263.7 271.6 290.2 311.6 333 352.7 370.5 387.1 402.8 420.7 436.1 451.7 468.3 482.6 493 504.3 510.6 511.2 509.3 506.2 503.9 502.3 506.2 520.4 532.9 541.7 546.7 549.5 550.5 551 547.9 543.8 540.2 536.5 531.7 525.9 517.7 495.2 464.6 439.3 418.6 403.2 395.7 390 379.1 362.7 347.9 370.9 397.7 425.9 450.5 472.8 487.4 493.9 485.7 461.4 433.7 434.9 453.6 468.6 480.4 489.7 492.3 496.8 503.1 509.3 516.9 525.5 530.1 535.4 543.7
276.9 269.3 264.5 263.9 264.1 263.9 263.9 267.1 282.3 302.2 323.6 345.7 363.6 380.5 395.5 409.5 425.4 441.8 459.4 476.7 492 507.1 521 526.8 528.4 528.3 527.3 524.7 522.3 519.8 528.7 540.3 548.7 553.3 556.7 558.2 558.2 556.4 552.2 548.7 545.2 539.7 532.8 521 495.6 466.6 443.7 430.4 422.2 414.3 405.6 393 374.1 353.7 373.1 401 429.9 453.7 475 490.4 497.2 492.2 469.1 445.2 439.1 459.3 475.7 492.8 507.1 515.6 522.1 530.1 536.8 543.3 551.2 556.2 561.3 569.1
273 267.1 264.9 264.6 264.8 264.8 265.8 273.2 292 313.5 334.9 354.2 372.6 388.5 403.4 416.9 432.2 449.3 468 486.9 506.5 523.5 536.7 543.4 544.3 544.7 545.1 542.8 538.8 537.8 540.7 548.4 554.2 558.7 562.7 564.3 564.5 562.8 559.8 556.4 552.5 546.8 538.9 525.4 502.5 475.9 460.3 451.4 442.7 431.4 421.7 408.4 385.9 360.7 373.1 401.8 429.9 454.5 476.1 492.5 501.2 497.7 481.3 460.2 444.9 461.9 481.5 499.4 518 532.3 544 555.1 563.4 568.8 574.5 582.1 588 595.7
