Game/Highland_Data/StreamingAssets/GeoData/Data/nt/NT24.asc
ncols 200
nrows 200
xllcorner 320000
yllcorner 640000
cellsize 50
[rows 105 to 139 of 200, columns 0 to 77 of 200]
337.8 337.8 338.2 337.5 336.5 334.2 331.2 325.8 318.9 314.2 310.7 305 302.1 297.4 293.3 289.9 285.9 281.6 281.3 281.3 286.1 294.1 296.7 297.7 297.8 296.4 294.8 293 291.7 293.2 295.1 290.6 287 282.1 276.6 272.9 268.7 268.1 266.8 266.8 272.9 281.5 288.5 295.7 296.5 295.4 290.3 286.9 281.5 278.7 274.6 273.8 272.6 266.7 267.1 270.5 274 278.4 282.3 284.6 282.8 277.1 277.7 273.8 263.7 254.3 239.7 226 222.7 219.5 214.4 210.1 199 189.4 183.6 183 183.3 189.3
327.1 327.2 330.2 331.6 329.5 328.9 326.8 321.8 315.1 311.3 307.8 302.3 299.4 293.5 289.8 287.3 283.5 280 280.3 280.1 285.6 290.6 293.4 295.7 296.2 294.6 294 292.1 291.6 294.9 297 291.3 287.7 282.2 277.4 273.7 268.9 267.1 264.7 269.6 275.2 282.7 286.2 294.6 294.7 293.3 292.3 287.6 281 277.3 277.6 278 279.1 270.8 270.2 274.1 278.6 283.7 286.5 287.2 280.7 275.4 270.7 265.3 256.2 246.7 230.2 221.7 220.4 217.8 214.9 209.4 199.9 190.5 183.5 182.5 183 188.3
322.9 316.9 320 322.3 320.9 320.5 320.8 316.7 311.5 308.3 302.9 296.7 295.8 290.6 287 283.7 279.7 278.2 278.5 279 284.5 288.4 291.3 294.2 294.8 293.2 292.9 291.5 291.6 295.1 295.7 291.5 286.7 280.5 277.2 274.1 270.1 266.1 264.5 268.3 277.7 279.8 284.6 288.8 291.1 294.7 291.8 289.1 283.5 279 281.7 284.5 283.4 273.8 272.2 278.8 282.9 286.2 287.9 285 278.2 269.4 264.1 257.9 249.1 239.7 224.6 221.3 218.6 216.4 214.2 208 199.2 189.8 182.7 183 182.4 186.4
322.7 315.4 310.3 312.1 311.7 310.2 310.8 310.9 307.2 302.3 295.4 289.4 285.9 285.9 282.7 279.7 276.8 276.9 276.9 277.7 282.4 284.6 288.2 291.2 292.2 291.5 291 290.5 291.8 295.2 295.7 291.3 285.8 279.8 276.2 273.4 269.8 266 263 264.1 270.8 277.2 281.5 287.1 289.8 293.1 290.4 282.4 278.7 282.6 290.1 290 284.9 274.9 275.2 283.3 286.7 291.2 291.3 284.9 275.7 264.7 258.5 252.2 243.5 234 228.4 223.5 219.9 218.1 215.4 208.4 199.9 190.5 184.1 183 182 183.3
322.4 314.9 307.7 303.6 302.2 301.2 300.9 301.5 298.2 293.2 286.9 282.9 281.4 282 280.1 277.1 274.9 274.3 274.7 276 279 281.8 286.9 289.7 290.6 290.2 290.1 291.4 292.2 295 293 289.9 283.8 277.7 275.3 272.5 269.4 266.6 264.2 263.6 266.3 273.6 278.4 286 284.3 282.2 281.8 278.6 281.5 288.9 294.9 294.7 289.8 278.8 279.5 286.9 291.7 295.2 294.6 286.9 274.9 266.9 259.3 252.9 244.9 235.2 230.1 225.7 222.3 218.8 216.2 208 201.4 193.8 187.2 183.1 184 184.7
322 315.2 309.3 303.9 297.7 294.1 292.3 291.5 287.8 285.2 282.2 279.3 279.3 279.3 277.5 275.7 273.7 273 273.4 274 275.9 278.1 286.6 290.8 289.2 289.1 289 292 292.3 292.7 290.3 287.6 281.5 277 274.4 271.9 269.2 266.4 264.1 264.3 266.5 267.6 271.9 275.2 275.4 278.6 281.8 278.8 285 295.5 301.1 301.3 295 279 279.2 289.7 293.9 297.1 296.4 286.1 278.9 270.8 262 254.7 247.4 237.2 232.4 227.2 222.9 219.1 215 208.5 201.3 194.4 185.1 181.8 181.7 183.9
321.4 315.4 309.5 303.3 297.3 292.4 289.6 288.1 285.7 283.2 281.5 279.4 279.3 279.1 276.4 275 273.3 272.5 272.8 273.1 273 277.8 283.9 289.1 287.1 288.7 290.9 292.3 291.3 290.2 287.4 284.3 278.9 275.8 273.4 270.9 268.3 265.3 262.5 265.2 267.7 267.9 268.6 269.9 273.5 276.3 277.4 281.3 288.7 301.8 305.7 306.4 299 280.8 280.7 290.5 294.5 295.9 294.4 286.8 281.4 272.5 264.9 256.8 246.8 239.4 235.5 228.4 223 219.2 214.3 208 200.2 191.5 181.9 181.4 181.4 185
319.5 315.3 308.7 302.1 295.7 291.6 289 288.4 285 283.2 281.8 279.3 279.3 279.5 277.7 275.1 274.2 272.8 272.2 271.8 272.8 277 279.8 284.8 286.7 285.8 289.4 292.7 290.3 288.1 286.3 281.8 277.7 274.5 271.9 269.6 266.1 263.2 264.1 267.8 270.1 270 271.1 271.2 275.8 278.9 281.7 285.4 292.6 304 309 308.7 298.9 281.6 280.6 288.7 294.5 295.6 289.8 285.1 280.5 273.3 264.3 253.7 244 237.5 236.5 230.2 226.2 220.7 213.4 205.9 198.1 188.6 181.9 181.3 181.5 183.2
316.1 313.6 307.3 300.4 295.5 290.9 288.4 288.4 284.1 282.1 281.8 282.2 281 280 278.2 276.1 274.6 272.8 272 270.7 271.4 274.3 277.7 282 285.5 285.3 289 292.7 291 287.9 284.3 279.2 275.5 272.7 270.4 267.8 263.8 261.9 265.3 268.7 272.2 274.8 275.7 274.3 275.2 280.7 284.1 291 296.4 306.9 307.8 306.1 296.8 282.1 278 282.4 290.3 290.1 284.3 283.5 273.6 266.5 257.7 246 237.7 236.9 235.8 232.2 228.3 222.5 213.5 202.5 194.6 187.8 182.1 181.4 181.3 181.7
314.3 311 305.8 299.7 296 292.1 290.2 287.5 286.7 285.8 284.7 284.3 283.6 281.1 279.1 277.1 275.1 274.1 272.6 271.1 270 272.5 276.9 280.3 282.9 283.3 288.9 291.4 289.7 288.6 282.7 276 273.2 270.5 268.9 265.9 261.4 262 266.3 268.9 272.2 275.9 278.1 277.6 279.8 283.8 286.3 294.1 300.3 306.7 307.2 303 295.3 281.2 274.7 276.3 281.4 281.6 279.5 275.7 264.9 256.5 247.7 240.7 238.5 237.4 236.8 236.6 233 225 215.2 204.8 196.2 188.6 183.6 181.9 181.3 181.5
310.3 308.5 303.8 299.8 296.5 295.3 291.3 290.5 289.8 289.3 288.3 287.5 286.5 283.5 281.6 279.4 276.9 274.7 273 270.4 269.4 271.1 273.3 276.6 277.6 278.9 288.9 291 289.4 287 281.6 274.1 271.2 268.4 267.3 264.7 261.5 264.1 268 272.3 274.9 277.9 280.8 280.9 285.9 288 292.2 298.2 302.6 306.7 308.3 301.4 292.1 280.1 272.4 271.5 273.8 271.4 267.4 260.1 252.4 247.3 245.1 243.4 242.6 241.5 242.2 240.1 233.3 226 218.7 208.5 199.1 191.3 185.9 181.9 181.2 181.2
307 305.2 301.9 299.1 295.7 296.3 294.7 293.3 292.7 292.2 291.8 291 289.2 286.2 284.1 281.3 278.4 275.4 273.4 272.5 268.7 269.9 271 272.5 273.9 277.8 289.8 288.5 287.4 286.6 279.1 272.8 269.4 266 264.4 261.2 262 265.1 272.3 276.4 278 281.4 284.5 285.8 290.6 291.4 294.4 300.4 304.8 306.3 306.6 299.3 288.3 278.1 271 269 266.7 263 259.7 255.7 253.6 250.8 249.4 247.8 246.7 245.7 245.3 240.8 232.9 225.4 220.9 211.2 202.7 196.4 191.1 184.8 181.4 181.1
304.2 303.2 301.7 298.6 295.7 297.4 297.4 296.4 295.3 295.8 295.7 293.6 291.6 289 286.4 283.4 280.4 278.3 274.3 272.7 270.8 267.9 269.4 270.5 273 277.3 289 285.8 285.8 285.1 274.8 271.1 267.3 264.2 263.1 258.8 262.5 268.1 275.6 280.9 284.5 288.5 289.9 291.5 294.6 294.9 298.9 303.7 305.3 304.6 303.8 296.9 285.3 275.8 269.7 266 265 262.6 260.4 258.4 257.1 255.3 253.6 252.2 251 249.7 248.5 241.1 233.6 226.3 222.2 212.9 204.6 198.5 191.1 183.9 180.9 181.6
302.4 302.6 301.3 301.6 299.2 299.2 299 298.5 298.3 298.7 298.5 296.1 293.5 290.9 288.2 285.5 282.3 279.7 276.9 272.9 270.9 270.7 267.7 267.6 274 277.3 282.6 282.6 284.6 276.7 273.7 269.1 265.6 263.6 260.5 259.3 265.8 272.2 278.1 283.5 287.1 291 293.1 295.3 300.6 298.5 302.7 307.4 308.4 304.1 301.4 293.4 283.2 274.1 268.5 264.9 264.8 262.9 261.7 260.4 259.5 258.5 256.7 255.5 254.1 252.4 248.7 243.3 235.7 229.4 223.9 215.9 205.4 198.2 190.9 181.4 180.8 182
299.4 301.2 302 302.2 301.1 301.8 302.2 302 301.8 302.3 301.6 298.4 295.6 292.2 289.7 287.3 284.8 281.9 278.8 274.8 271.1 271.1 271.3 269.5 264.6 268.8 276.4 281.6 279.1 274.5 269.8 266.3 263.1 260.7 256.1 261.5 267.8 275.1 281.8 284.8 289 294.5 296.6 298.9 302.5 301.1 305.4 309.5 310 305.7 300.2 292.9 283.3 274 268.3 264.6 264.5 263.5 263.2 262.7 262.5 261.2 259.5 258.2 256.8 254.7 251.3 245.5 239.5 233.4 227.5 217 203.8 196.6 190.7 183.4 180.9 181.7
294.2 297.2 300.9 301.1 302.7 303.5 304.6 305 305.4 305.7 303.6 300.7 297.2 294.1 291.6 289.2 286.6 283.7 279.8 275.1 271.1 270.7 272.2 273.2 274.9 266.7 268.9 278.5 274.6 272.1 267.1 263.5 260 256.6 256.4 263.2 269.3 276.7 284.1 287.5 291.7 297.5 300.3 302.9 305.6 302.1 307.2 311.6 311.2 306.7 300 292.1 282.7 272.5 267.4 265.3 264.9 264.4 264.8 265 265.3 263.3 261.2 260.1 259.1 256.9 252.8 248.7 245.1 240.5 232.3 219 204.9 196.1 190.6 183.2 180.2 180.5
285.8 292.2 296.7 300.4 304.3 305.6 306.6 307.4 308.3 308.9 306.7 302.6 298.9 296 293.5 291 287.8 283.9 280.8 277.2 273 272.2 273.9 275.2 277.3 272.3 261.9 262.3 266.9 268.1 264 259.7 257.8 254.9 258.2 264.4 267.8 276.8 285.6 288.5 295.5 302 303.9 304.7 309.4 302.9 308.9 313.1 312.4 306.9 300.4 292.1 281.4 272.2 266.4 264.6 265.1 265.6 265.9 267.1 266.8 264.9 263.1 262.1 260.9 259.9 257.8 256.2 253.1 249.8 237.4 224.6 209.9 199 191.3 185.3 179.9 179.5
279.3 284.2 291.2 300.2 304.6 307.6 308.8 310 311.2 311.6 308.7 305 300.8 298 296.1 292.5 288 283.8 280.2 277.2 276.4 274.8 275.6 277.5 278.3 278.3 272.8 265.5 259.3 260.1 258.3 257.2 257.3 254.6 261.4 265.1 268.4 274.4 281 288.8 295.8 305.8 307.1 305.8 308.3 302.2 305.5 310.6 311.7 306.3 299.2 292.2 281.2 272.4 266.2 264.6 265.2 265.8 266.3 267.2 266.1 265.6 265.1 264.3 264.4 265 264.6 264.2 261.8 253.9 240.5 224.7 211.6 201.1 191.6 186.3 181.1 179.4
276.6 278.8 289.8 298.8 304.1 307.4 310.5 312.8 315.1 313.9 310.3 306.7 303.1 300.6 296.5 293.1 287.8 283.6 280 276.5 276.4 277.1 277.3 279.7 279.7 278 273.4 268.7 262.6 256.3 254.6 253.3 253.2 252.9 260.8 266.3 270.7 275.8 280.6 288.8 296.9 303.3 308.4 304.1 301.8 300 305.1 310.6 310.5 305.4 298.3 291.1 280.8 273 267.3 263.9 265.3 265.7 266.6 267.9 268.2 268.2 267.1 266.7 268.3 269.1 267.6 267.6 261.8 256.2 246 230.4 216.9 200.4 193.4 187.6 182.9 179.9
275.4 278 287.8 296.6 302.7 307.3 311.7 315.5 317.3 315.1 310.8 307.7 303 301.2 297.3 293.3 287.9 283.6 280 277.8 276.4 277.5 279.5 281.4 281.9 278.4 273.8 268.3 261.8 256.8 253.3 252.3 251.7 252.4 260.7 268.3 273.2 277.9 280.4 285.6 293.7 297.8 305.3 301.5 298.8 298.7 302.7 308.9 307.6 302.1 295.5 289.3 280 272.3 266 263.5 265.1 266.3 267.6 269.5 271.6 270.1 269.9 268.6 272 269.6 270.4 269.7 266.3 259.4 250.7 235.2 218.8 202 193.4 188.2 184.1 181.2
274.9 275.4 285 293.4 299.8 306.3 313.9 317.6 318.3 315.1 311.2 306.9 302.5 300.9 298 293.5 287.7 283.4 280.7 278 276.4 278.8 281.2 283.6 283.3 278.4 273.2 268 262.5 256.6 253.5 250.2 249.8 253 264.2 272.3 277.4 282 283.6 285.8 287.6 291 297.3 298.6 298.3 298.5 301.2 306 305.1 299.6 293 286.2 278.9 272.2 265.9 263.4 264.8 266.7 269.6 272.2 272.8 272.8 271.1 271.1 271.4 271.3 271.4 268.7 265.2 259.9 253.9 238.4 222.1 206.3 197.3 190.8 184.8 183
274.5 272.6 278.6 288.8 296.2 303.1 313 316.3 316 313.6 309.7 304.7 299.7 298.4 296 291.8 287 282.8 280 278.1 276.6 280.2 283.5 285.6 283.9 278.5 272.6 267.4 261 256.5 254.2 249.8 247.3 257.4 267 275.7 282.2 287.3 288.4 289.1 291.7 293.5 296 298.2 298.5 299 304.9 306.9 306.6 300.7 292.1 284.5 278.2 272.7 265.4 261.9 265.1 267.5 270.4 272.9 273.3 272.8 272.6 271.8 273.1 272.6 271.6 269.2 263.1 260.6 252.9 240 225.8 211.1 200.5 192.4 185.4 185.3
273.2 271.1 272.6 281.5 292.9 302 310.9 312.6 312.2 310.7 307.5 299.1 299.4 296.7 294.4 290.1 285.3 279.2 279.4 278.7 278.5 281.7 285.6 288.2 284.4 277.7 272 267.1 259.2 258.6 258 248.4 247.6 259.9 270.9 279.6 288.1 292.6 294.8 294.4 293.6 295.6 297.8 300.1 301.5 302.6 305.8 308.4 307.5 303.2 294.2 285.9 278.2 272.5 263.8 261 266.7 268.2 269.7 272.9 273.2 273.3 273.1 273.3 274.2 271.2 270.2 264.7 259.5 260 250.8 238.4 226.8 213.1 203.2 192.9 187.7 187.3
274.7 275.1 269.8 272 284.4 296.1 302.2 304.7 306.3 303 301 299 298.6 296.5 291.6 287.8 284.1 280.2 279 278.5 280.3 283.4 287.9 289.6 284.5 276.6 270.1 266.2 262.5 261.3 260 246.6 253.7 265.7 277.3 287 295.2 300.6 302.4 301.2 301.1 298.8 300.2 301.9 303.9 305.5 307.5 310.9 309.8 304.7 296 287.3 278.8 272 263.3 261.8 265.1 267.8 269.2 273.2 273.5 272.9 273.8 272.1 269.4 265.8 261.2 256.3 256.7 255.9 247.5 235.4 223.2 210.6 203.3 192.3 190.7 189
276.7 276.2 273.2 269.1 274.2 279.8 285.6 290.4 293.8 294.6 295.5 296.9 299 296 289.3 285.7 282 278 278.2 280.2 282.2 285.7 289.5 290.7 283.8 274.6 269.7 266.5 263.8 261.3 257.8 246.2 261.6 273.3 282.1 294.5 303.9 308.3 309.1 308.7 307.5 305.3 303.9 304.4 306 308.1 310.8 314.2 312.3 306.6 298 288.2 279.3 272.6 263.7 259.8 261.5 265.1 267.8 271.4 271.2 270.3 270.7 266.4 259.7 257 252.8 247.9 245.5 242 234.5 223.4 213.3 202.7 197.6 199.1 193.5 190.9
277.7 277.3 273.8 270.1 267.1 267.8 269.8 273.3 280.3 288.8 289.4 288.1 287.5 283.8 277.8 276.1 276.2 276.3 277.9 281.2 284.5 287.9 292.3 292 283.5 272.3 268.4 265.8 260.6 248.6 241.6 251.1 267.1 279.5 290.8 302.5 311.5 314.8 316.8 315.6 315.2 310.6 308.1 309.9 310.5 312.3 314.9 317.4 315.4 308.9 300.2 289.7 280.9 274.1 264.7 258.9 258.6 261.9 265.5 267.4 267.3 263.1 261.6 255.8 252.3 246.5 244.1 240 232.7 225.8 217.5 209.1 201 206.1 208.4 204.1 198 192.2
279.8 278.4 275.5 272.2 267.1 265.7 265.1 266.3 268.1 271.3 276.5 277.4 274.2 271.1 271.6 276.2 275.9 275.1 277.9 280.9 285 289.9 294.4 293.5 281.9 270.3 265.1 261.6 253 239.2 248.2 260.8 271.2 283.2 298.7 310.7 320.9 322.7 323.6 323.1 320.5 316.2 312.9 314.3 314.4 316.6 319 321 318.9 311.2 302.4 291.6 282.7 275 267 259.9 257.2 259 261.1 261.3 262.1 256.1 254.7 246 239.8 232.4 228.2 224.5 212.4 208 210.6 209.2 212.6 214 213.9 208.6 202 195.2
281.9 279.3 276.7 274.7 270.5 266.3 264.8 263.6 263.1 262.8 264 267.3 270.4 269.4 268.8 273.2 271.4 269.9 276.6 279.1 282.7 286.9 290.2 290.8 279.7 268.5 264.7 256 240.8 237.6 254.9 266.6 275.9 290.6 307.9 318.6 329.1 330.3 331.9 331.5 327.7 321.8 317.8 320.2 319.7 320.9 322.2 324.9 322.5 313.8 304.1 293.7 283.6 275.4 268.2 260.2 256.9 255.9 256.5 254.8 250.9 246.9 244.4 241.3 226.7 221.2 220.5 223.9 223.1 221.9 216.9 217.6 219.7 220.3 218.7 212.1 205.3 197.3
283.2 280.8 277.8 274.7 271.8 268.9 265.9 264.1 262.9 261.8 261 261.3 264.9 264.3 261.6 263 262.2 262.5 270.1 276.6 278.8 281.4 282.5 281.3 274 266.1 263.2 249.7 236.8 242.9 259.5 269.7 280.6 296.3 310.3 329 340 337.9 339.3 337.7 333.8 326.9 323.9 325.6 323.9 325 326.8 328.5 325.4 316.3 305.9 295.1 284.1 275.3 267.4 261.3 257.8 255.1 253 250.3 245.6 241.1 233.2 228.4 228.2 230 229.1 229.3 228.4 227.9 226.3 228.3 228.3 227.5 221.2 213.8 206.6 197.7
284.8 282.2 279 275.5 272.5 270.2 266.7 264.3 263.4 262.6 262.1 261.7 258.3 256.5 254.3 251.9 252.6 252.5 261.7 269.6 274.5 275.5 276.1 274.5 268.1 262.9 258.6 243 234.2 246.9 261.2 274.7 284.9 299.6 319.2 338.6 347.8 344.5 344.3 343.4 337.4 330 331.4 332.2 330.8 331.3 330.4 332.5 328.6 317.7 306.9 295.7 285.1 278.9 268.6 262.6 258.7 256.2 254 250.2 245.2 236.2 241 238.9 239.3 236.1 234.6 234.3 234.4 234.1 235.3 235.3 235.7 234.4 225.6 215.5 207 199.2
286.3 282.9 279.7 276.2 273.1 270.5 267.3 266.1 267.7 267 268 267.4 266.7 265.3 262.2 256.1 249.6 246.8 250.6 259.7 268.1 270.4 271.7 269.9 265.2 259.9 254.2 242.3 235.7 249.6 261.2 277.1 288.2 305.3 329.2 345.7 352.8 352.2 351.5 348.5 344.1 336.5 338.6 340.9 340 338.5 334.2 335.7 330.3 317.2 307.5 296.4 285.4 279 269.6 263.5 259.2 256.3 254 250.1 244.9 242.6 248 248.3 248.2 246.8 243.9 242.2 240.4 240.9 241.7 245.5 242.9 236.1 228.5 219 210.1 203
287.2 283.5 279.8 276.8 272 269.8 267.1 269 271.4 273 274.2 273.6 271.4 269.3 266.6 260.3 252.8 247.1 244.6 249.7 262.6 267 266.9 265.3 259.9 256 250.3 239.7 239.1 254.4 265 278.7 293.3 312.7 338.8 349.8 356.1 353.9 357.6 356 351.8 344.7 346.6 347.7 345.9 346.4 339.6 334.8 327.3 315.8 307.8 295.8 286.6 280.1 270.3 263.7 259.6 256.9 253.8 249.6 242.1 247.8 252.4 254.9 254.6 253.3 252.4 248.7 248.6 248.7 251.2 252.2 248 239.7 232.3 222.5 214.1 205.3
287.5 284.2 280.2 275.4 273 269.2 270.7 274.6 277.1 280.8 282.3 280.5 276.8 274.9 271.7 265.5 257.3 251.9 248.1 243.1 257.8 263.9 263.7 260.8 255.1 248.5 233.2 231.6 248.3 258.8 268 283.3 299.4 320.3 346.1 351.7 356.3 363.7 366.3 367 358.8 352.2 354.7 359.4 359.5 354.7 343.7 328.9 321.9 312.5 307.1 293.9 287.4 279.3 269.9 263.7 259.6 257 254.3 250.1 246.8 252.3 254.9 257.9 260.7 260.2 260.5 258.1 257.6 259.8 259.2 253.9 247.9 240.2 232.7 224.9 217.3 210.6
289.4 284.7 281 275 271.1 270.5 274.4 279.1 284.3 288.8 291.9 289.7 286.5 282 277.4 271.3 261.9 255.5 252.1 243.2 247.8 260.7 259.3 256.3 252 235.3 234.3 250.8 262.7 262.9 271.7 290.3 307.3 323.2 340.4 353.5 364.3 374.3 378.7 379 367.6 358.8 362.7 369.6 363.1 356.5 344.8 325.1 315.7 307.7 300.7 291 286 276.7 268.9 263.4 259.5 256.9 254.3 245.1 252.7 255.5 257.7 260.9 265.8 266.8 267.6 266.4 265.8 266.6 262.1 255.6 249.6 240.2 234 226.9 220.2 212.9
289.7 284.9 281.3 273.6 271.7 274.1 278.9 286.3 292.3 297.2 302.3 301.2 298.2 293.8 287 278.1 268.9 260.1 252.3 242 249 255.9 255.1 251.6 242.1 227.6 237.4 258.4 265.2 265.9 276.7 295.7 310.2 326.7 342.9 360.2 375.6 387.6 393 390.5 377.6 365.1 364.5 368.5 361.9 353.2 337.8 319.3 310 302.3 294.8 289.4 283.1 274.3 267.8 263.3 259.6 256.7 254.2 247.6 254.5 257.8 260.9 263.8 267.4 273.1 273.8 274.9 274.2 272.2 266.4 260.2 253.5 245.5 237.5 232 225.4 215.3
