Game/Highland_Data/StreamingAssets/GeoData/Data/nt/NT31.asc
ncols 200
nrows 200
xllcorner 330000
yllcorner 610000
cellsize 50
[rows 35 to 69 of 200, columns 0 to 77 of 200]
295.8 295.4 294.2 288.3 278.5 267.7 255.6 247.1 239.7 229.2 221.3 220.7 220.1 219.6 219.6 219.8 218.4 217.9 217.5 217.2 217.1 216.5 216.3 216.5 216.7 215.4 228.6 231.3 236.7 233.6 246.3 253.1 252.4 262.5 270.9 284.6 299.1 314.1 329.4 344 358 373.7 390.6 402.6 411.7 418.9 426.6 428.4 430.5 430.1 428.4 423.5 416.3 407.2 394.5 380.9 375 373.6 377.8 386 394.4 401.3 409.5 412.1 409.7 406 399.3 392.7 387.2 373.9 360.5 351.1 342.7 333.8 322.8 316.1 313.3 325.1
306.8 304.6 298.2 288 274.8 261.9 251.3 244.2 235.7 224.8 219.3 219.1 218.5 218.6 218.6 218.9 218.9 218.2 217.3 217.2 217.2 216.7 216.6 216.5 215.9 227.9 231.8 237.4 239.6 244 243 251.3 260.7 265.1 267.8 278.1 291.9 304.3 317.6 332.7 345.9 362.6 379.3 394 409.3 423.3 436.1 441 440.6 440.2 439.1 434.4 427.9 417.1 404.5 392.4 383.8 383.2 387.1 397.5 405.1 410.7 414.5 414.6 409.1 402.3 394.6 393.9 389.3 372.1 356.7 347 339.7 331.8 325.1 309.7 315 333.4
322.3 314.7 300 283.5 268.7 257 247.6 241.8 232.9 220.2 218.5 217.5 217.5 217.6 217.6 217 217.4 217.9 217.3 217.4 217.3 215.5 215.4 219.9 227.4 233.5 237.7 243.5 247.1 251 255.4 256 253.3 271.6 274.9 280 283.8 295.7 304.8 315 329 345.8 362.9 377.4 394.2 409.5 426.1 435.6 441.3 445 446.8 444.1 437 424.3 410.6 397.2 390.3 394.6 400.7 406.9 413.8 416 413.3 409.8 402.5 394.3 394.7 395.8 388.8 368.6 353.6 344.2 337.9 332.4 325.1 311.7 323.8 340
327.1 311.6 294.1 276.4 265.8 254.2 245.8 240.3 229.2 219.3 217.6 217.5 217.4 217.3 217.2 216.7 216.4 217.3 217 215.5 220 223.4 225.7 229.8 235.7 242 248.5 251.8 253.1 257.9 261.8 266.2 269.6 270.5 274.9 282.1 293.1 298.6 302.6 306.2 312.5 324.9 342.2 359.3 377.5 391 410 424.3 437.4 445.8 447.9 444.9 438.4 428.3 417 405.6 401.2 405.4 409.5 412.7 416.9 415.2 409.9 401.6 394.5 391.4 392 392.2 381.6 365.2 351.3 342.6 335.9 330.3 324 313.7 327.6 345.5
320.1 305.7 283.8 273.5 263.9 253.8 244.4 237.4 226.1 217.7 217.6 217.5 217.4 217.3 216.9 216.3 215.8 215.4 220.4 225 232 237.6 240.1 244.2 251.2 254.7 258.1 266.5 264.5 267.2 270.6 272.2 276.1 282.9 283 292.3 293.7 301.2 308.2 315.1 321.2 323 327.9 339.9 354 367.5 384.8 401.7 420.2 432.6 440.5 443 441.2 436.1 425.7 413.4 409.5 411.6 414 418.5 415.5 410 401.6 392.9 388.5 387.2 385.9 380.9 372 355.3 345.2 338.4 331.4 323.6 318.2 323.3 331.2 347.4
314.4 299.8 279 267.8 259.5 250.9 242.9 235.2 223.9 217.4 217 216.9 216.8 216.7 217.3 216.9 215.9 224.1 229.1 241 250.6 253.5 255.8 261.9 265.8 268.6 271.1 275.4 277.7 279.6 283.2 283.3 284.3 285.6 290.7 296.5 301.5 302.7 306.8 318.5 327.1 328.6 332.3 336.6 343.5 351.7 362.1 379.3 396.5 413.5 424.4 437.6 440 437.1 431 423.2 417.6 419.1 419.8 413.9 407.5 396.6 389.7 386.9 384.7 381.7 376 369.1 358.9 348.2 339.2 329.8 330.3 325.2 325.5 323.8 335.2 345
299.3 285.3 270.7 260 254.3 246.8 239.2 232.9 224.1 217.1 216.6 216.4 216.3 217.4 217.7 217.6 221.4 230.3 244.1 264.3 270.7 272.4 275.8 278 281.9 284.1 286 287.2 287.8 290.8 293.4 295.3 297 297.4 298 299 305.1 308 314.9 320.8 329.2 334.6 336.7 338.5 344.5 350.3 356.2 363.8 378.3 392.3 404.1 416.5 425.6 426.7 424.8 421.3 418.2 416.5 409.8 402.7 395.8 388.9 386.6 385.6 385.2 381.4 374 365.4 355.5 347 340.1 340.9 339.9 331.5 326.2 322.7 335.4 347.5
287.4 273.9 264.3 255.4 249.4 243.8 236.7 228.9 222.2 217.8 216.3 215.9 215.7 217.9 216.7 215.3 225 233.7 259.8 275.7 285 289 292.5 297.4 298.7 300.8 301 302.7 303.4 308.5 310.6 310.7 311.9 309.9 308.3 310.9 311.5 315 318.9 324.4 330.7 337.2 338.5 345.7 349.4 352.1 356.6 362.6 368.4 378.9 389.2 401.1 411 419.9 422.6 421.1 416.1 409 403.4 397 391.1 389.1 388.6 389 387.1 381.9 374.5 366.3 357.6 349.6 350.3 351.6 350 344 328.4 323.6 335 345.9
277.1 266.8 259.4 252.7 246.9 241.3 235.5 227.8 217.9 217.2 217.2 215.4 215.4 216 217.7 219.7 231.4 254 273.5 287.8 298.1 304.1 310.9 312 313.7 315.9 320.7 326.7 330.4 331.4 330.3 328.4 326.8 322.8 321.9 319.7 321.4 322.7 325.5 330.2 336.1 340.7 344.7 346.4 351.8 357.1 359.7 364.5 369.9 376.7 386.5 394.9 402.4 411.1 415.8 415.4 411.1 407.5 401.4 397.2 392.4 392.5 392.5 392.6 388.3 382.8 375.3 365.1 357.5 357.6 359.5 362.1 357.5 345.4 339.6 328.2 336.5 349.7
274.7 265.9 252.2 244.3 241 236.7 232.5 224.1 216.4 215.4 218.5 218.2 217.4 217.8 218.3 222.6 232.6 260.8 285.3 299.2 310 314.9 322.1 323.5 325.5 330.3 340.8 347.6 351.3 351.7 348.5 344.4 341 337.2 333.9 330 332.1 333.2 335.8 339.3 341.9 344.6 348.3 352.5 356.8 360.9 364.2 367.9 371.6 378.5 385.4 392.2 400.9 410.4 415.2 415.3 413.8 411.7 407.1 402.2 397.2 396.7 397.1 395.8 390.7 384.2 375.9 367.6 364.8 367.8 369.5 370.2 362.9 352.3 347.9 336.7 332.7 349.1
273.4 269.1 259.7 249.9 241.4 232.5 225 217.7 215.4 217.4 218.4 218.1 220.6 222.6 224 228.1 235.8 264.4 289.1 307.7 318.9 328.3 335.6 341.6 343.7 351.4 357 360.3 365.4 364.4 360 357.3 354.8 351 347.4 344.9 344.3 345 346.8 350.8 353.7 356.2 357.1 359.5 362.7 364.5 369.4 373.3 376.6 380.4 387.9 396.5 405 413.9 418.6 419.3 417.4 414.4 411 406.3 402.6 401.8 401.9 399.3 393.2 384.2 376.3 371.6 372 378.6 380.3 377.6 366.7 357 352.7 343.9 337.3 350.6
280.8 273 259.7 248.8 239.6 228.2 217 217 218.6 218.5 217.5 218.2 221.6 224.7 229.1 233.7 239.3 264.4 287.3 309.5 324 336.5 345.9 352.5 358 368.9 378.9 382 381.4 378.7 374.8 372.3 370.5 367.3 363.7 362.2 361.7 361.4 363.8 366 368.1 370.1 370.3 371 372 373.7 377 379.1 384.5 386.9 393 403.5 413.3 417.9 421.6 423.2 422.4 420.3 417.8 414.2 410.1 408.8 406.1 400.4 393.9 384.8 379.2 378.5 382 387.7 390.7 381.4 366.8 357.3 349.6 335.7 347.7 354.9
289.2 275.4 259.9 250.3 238.5 224.5 217.1 218.6 218.5 218.4 218.2 218.1 221.1 227.1 232 236 244.1 266.5 287.8 306 322.2 338.4 351.4 364.1 375 381.9 390.9 395 397.3 394.1 390.7 387.6 385.1 382.8 384 384.9 384.6 382.7 382.3 381.6 383.1 384.3 383.3 384.4 385.1 386.4 387.2 389.4 393.5 395.6 405.6 415.2 423.9 427.4 430.7 433.2 433.1 430.2 425.9 421 417 412.7 408.7 403.9 396.4 385.6 384.1 383.5 390 394.8 391.9 378.4 363.8 353.5 341.4 351.1 354.2 359.1
292.6 276.6 264.6 249.6 232.1 215.7 219.3 218.5 218.4 218.3 218.2 218 219.8 226.1 231.9 237.1 244.1 264.7 285.8 304.7 322.1 340.9 357.2 372.5 385.1 395.2 403.2 404.9 406.4 404.6 402.9 400.8 400.3 405.6 407 405.1 402.2 399.3 398.4 398.5 401 399.4 399.9 398.1 397.7 398.1 398.6 400.1 403 410.3 420.3 429.8 437.6 442.8 443.3 441.7 438.7 435 431 426.1 421.3 416.7 412.1 406.7 397.6 387.3 385.7 385.1 391.4 387.5 378.6 368.8 358.5 343.9 354 356.1 360.6 365.7
298.2 284.7 261.1 241.6 227 216.4 218.9 218.6 218.3 218.2 218.1 217.9 221.3 227.7 232.3 238.8 244.3 260.3 282.2 300.3 318.6 337.4 353.4 371 387.5 405 412.6 413.4 416.1 415.9 414.4 415.2 419.4 423.6 423.2 420.4 417.6 415.4 413.4 415.5 416.5 417 416.7 414 412 410.7 410.9 412.3 414.8 423.1 433 443.5 451.2 454.7 452.2 449.3 444.1 440 434.4 429.4 422.6 418 413 406.8 397.2 388.3 382.7 378 376.1 373.2 368.3 359.9 352.7 352.7 357.3 360.8 365.4 370.7
303.8 279.1 256.8 239.8 224.9 216.9 218.9 218.6 218.3 218.1 218 217.8 222.6 227.8 232 238.5 245.6 259.3 278.5 297.5 319.5 336.3 352.3 372.2 390.9 406 418 420.6 422.8 427.4 432 432.1 432.9 438.5 439.3 437.3 435.6 433.3 431.3 433.6 438.1 438.4 435.6 433.4 431.5 428 423.4 420.9 423.8 432.1 442.1 453 463.8 463.6 459.3 455.2 448.8 441.6 434.3 427.6 420.6 416.4 411.8 405.2 396.1 387.8 380 373.9 368.6 364 358.1 351.8 346.6 352.8 357.9 362.7 367.6 374.5
298.1 275.6 254 239.2 225.4 216.8 217.9 217.5 217.7 218.3 218.3 217.8 225 227.5 231.7 237.6 244.2 255.3 275 298.3 319.2 335.1 355.9 377.7 396.5 410.3 418.4 428.7 436 443.2 447.6 446.3 453.5 456.7 454.6 454.6 451.6 451.9 451.5 451.2 453.4 453.8 450.9 448 443.7 439 433.6 427.8 429.6 434.4 443.2 453.7 463.9 460.1 452.1 448.3 441.3 437.3 431.8 425.1 419 414.6 410.3 404.4 396.1 387.8 380.1 369.9 363.7 357 351.6 347.4 346.3 348.4 356.1 362 367.3 385.3
296.3 273.2 254.5 239.3 228.9 217.8 216.2 218 218.8 218.6 218.6 218.7 223.1 227.7 231.4 236.2 242.1 253.7 273.1 296.5 317.4 339.8 362.2 382.4 399.9 409.8 423 433.6 443.1 450 452.3 453 459.2 463.1 468.7 468.3 465 463 463.8 465.2 464.7 461.3 459.2 455.9 451.8 445.6 439.2 435.4 434 437.3 444.2 448.9 450.4 447.3 444.3 438.8 434.4 432.2 429.1 423.6 417.7 413.3 409.2 403 396.9 388.3 375.5 369.5 359.9 352.5 349 347.7 347.1 348.4 353.4 364.6 380.2 398.3
293.9 273.1 255.5 241.7 231.9 220 217.6 219.3 219.2 218.9 218.8 219.2 222.5 226.7 230.6 235.7 241.4 252.2 270.7 294.3 319.9 341 361.4 383.9 403.7 413 422.7 432.6 441.3 448.3 452.7 455.4 458.3 462.8 466.6 469.9 466 465.9 463.4 462.1 463.5 463.9 463 461.3 456 450.1 444.6 440.6 439.3 439.7 439.8 439.5 440.3 441 437.2 432.1 430.8 430 426 421.1 415.8 411.9 407.8 402.8 394.3 386.2 377 366.1 356.4 351.4 349.9 348.6 348.2 352.1 365 377.8 392.1 408
287.7 273.1 257.9 244 234.2 224 217.5 219.2 219.5 219.2 219.3 219.6 221.6 225.7 230 235.2 240.6 250.9 265.6 287.3 314 337.9 361.1 381.7 397.2 408.6 417.5 432.3 444.7 449.9 457.6 459.3 463.3 464.4 466.8 463.7 459.2 454.5 449 452.7 460.3 465.1 467.2 465.9 460.3 457 455.8 450.2 441.4 439.3 435.8 432.9 428.9 427.6 425.4 425.2 425.8 426.2 424.2 421.2 416.7 411.1 404.9 398.3 391.5 383.3 374.9 364.9 356.3 351.8 350.4 349.5 354.8 368 377.3 390 403.3 412.6
286.8 275.3 259 243.5 233.6 227 218.3 219.2 219.5 219.6 219.6 219.8 220.3 224.3 228.8 234 240.4 250.9 264.4 286.2 310 331.1 351.4 367.7 385.2 399.7 411.9 426.2 435.9 441.6 452.2 455.8 458 459.7 456.5 452 450.2 446.5 442.7 445.1 449.9 457.2 460 458.6 463.1 463.3 460.8 455.2 445.9 436.8 431.4 426.5 421.2 416.7 416.3 418.4 421.2 423.6 426.6 422 415.8 410 403.2 396.6 390.1 383.7 373.9 364.4 356.4 353.6 352.3 354.8 367 379.3 391.4 402.5 411.6 423.9
287.8 272.4 254.2 239 232.7 230.6 223.4 218.9 219.2 219.1 219.6 220 220.5 222.7 227.7 233.1 242.1 254 262.3 277.5 293.1 318.1 334.7 351 366.1 381.7 396.4 408.5 416 425.6 433.5 439.2 446 448.6 447.5 443.4 440.7 433 426.1 423.7 427.1 435.3 443.1 450.4 456.4 456.5 451.3 443.1 435 429.1 423.7 416.7 409.8 405.6 408.6 414.2 419.6 423.9 423.8 419.2 414.3 408.8 401.3 394.1 390 383.7 373.9 364.6 358.4 353.7 354.8 365.1 377.8 389.8 403.9 415 420.4 427.8
278.4 259.6 244.8 237.3 238 233.9 226.6 217.5 218.9 219.4 219.9 220.4 220.8 221.2 226.9 232.2 238.3 250.2 264.3 282.7 302 320 333.3 346.3 359.2 371.4 381.9 390.1 398.3 409 413 421.5 424.4 428 427 425.2 423.5 418 409.3 402.5 405.5 416.5 430.2 440.1 442.5 443.6 440.7 431.7 421.8 413 407.5 402.3 395.5 398.4 403 408.8 416.7 424.3 423.3 419.9 414.6 407.3 400.4 394.5 389.2 382.8 372.5 362.4 359 356.4 361.5 373.5 387.1 404.5 415.3 421.3 424.8 430.7
267 247 238.1 238.7 241.3 234.7 226.3 217.7 219.4 219.9 220.4 220.8 221.1 221.4 224.8 229.7 235.8 249 263.3 281.9 298.8 313.7 327.1 335.9 345.7 356.5 363 370.7 377.3 385.7 389.2 399.7 406.7 410 410.9 411.7 410.2 402.1 392 384 387.7 398.6 413.7 425.5 429.2 426.9 422.4 416.5 410.7 404 398.2 393 388.3 390.3 397.4 406.8 417.9 424.9 424.6 420.5 411.9 405.2 399.3 394.8 388.8 379.8 371.6 365.5 360.5 361.8 370.3 385.8 399 412.6 418.3 423.9 426.4 430.9
257.3 242.8 237.1 240.8 239.2 233.1 227 221 218.7 220.4 220.7 220.9 221.2 221.5 221.8 227.8 233.3 245.2 258.2 276.1 292.5 299.8 306.9 314.6 322.2 328.9 334.1 341.1 348.6 358 368.6 381.6 389.7 392.7 396.2 397.1 392.6 385.8 375.8 368.5 372.7 387 399.3 411.3 417.2 417.7 413.6 408.7 402.6 395.7 390.1 384 379.8 384.2 391.9 402.7 415.1 424.1 424.3 419.2 411.3 404.4 398.4 393.5 386.6 380.1 373.1 367.3 361.4 373 382.9 392.9 402.8 407.8 415.1 423.7 427.9 432.6
250.9 238.3 236.2 237.9 236.1 229.9 226.2 222.4 218.8 219.9 220.8 221 221.3 221.7 222 222.4 231.5 239.4 249.3 261.4 271.3 276.8 283 290 294.4 299 304.9 312.1 321 329.7 338.9 354 366.9 375.5 379.2 379 377.2 370.8 362.1 354.9 362.5 378.1 393.8 405.4 406.9 403.5 400.8 397.6 394.7 390.1 383.8 376.3 372.3 377.6 386.2 396.8 407.5 417.7 416 414.9 408.8 402.3 397.6 391.9 386.8 381.6 374.1 365.6 370.7 380.6 388.3 397.4 400.9 407.1 411.8 417.6 422.7 426.4
243.8 233.9 231.7 230.7 229.1 227.5 224.7 221.9 217.5 219.8 219.7 221.2 221.6 222 221.5 222.3 222.8 228.8 235.2 244.5 249.3 254.6 259.4 265.9 270.7 273.5 277.4 285.1 294.9 299.9 310.4 323.3 335.9 348.4 356.9 361.4 358.5 353.8 348 345.9 353.5 374.3 391.1 399.9 398.7 397.4 393.9 389.9 386.4 380.2 372.8 368.3 369.8 374.3 381.8 391.9 402.2 412.4 415 412.5 406.2 399.9 396.2 390.6 386 380.7 371.7 374.6 380.6 387.9 395.2 401.1 403.6 405.4 407.2 408.1 412.5 417.1
234.1 228.8 222.7 223.2 223.8 223.1 221.4 219.3 219.9 219.9 220.6 221.2 220.7 220.5 220.5 221.9 221.9 222.9 221.8 223.8 226.9 235.5 240.1 243.9 241.4 246.3 255.2 261.2 265.9 270.8 279.9 291.3 303.8 317.2 329.6 336 338.6 336.6 335.4 336.5 345.9 366.9 388.2 391.5 390.2 387.9 384.2 380.6 375.4 368.4 364.2 360.6 364.5 370 378.1 389 400.8 410.4 410.9 407.9 402.2 398 394 391.8 387.5 381.6 376.4 381.8 386.8 392.8 400.7 402.6 404 403.9 403.2 403.5 404.1 407.5
228 221 220.6 218.2 220.4 219.6 217.5 220.3 220.2 220 220.3 220.8 220.6 221 222.3 228.6 232.8 225.6 223.2 223.3 223.4 225.1 230 227.5 229.3 234 241 245.3 250.6 252.1 250.2 259.6 274.1 287.8 300.8 312.2 316.2 318.3 319.8 320.7 334.5 353.9 372.5 377.9 380.2 378.2 375 369 362.6 357.5 355.1 350.5 358.7 366 374.2 385.8 398.6 405.1 404.6 402.3 398.2 396.9 395.4 393.3 389.7 384.7 383.5 386.5 393 398.5 402 404.6 403.8 402 400.4 397.4 396 396.5
220.9 220.9 220.7 219.3 218.5 220.4 220.4 220 220.2 220.4 220.4 221.2 220.9 221.3 223.2 228.7 235.5 237.8 225.2 224.2 224.3 224 225.4 225.7 226.5 226.3 234.1 238.3 242.6 241.5 235.8 236.9 248.1 260.7 275.9 290.4 299.3 303.7 305.4 309.2 325.6 344.9 358.3 362.8 363.8 364.3 361.1 358.3 352.8 349.2 347.6 349.4 353.7 361.9 371.1 382.4 393.8 401.1 403 402.2 399.6 397.9 396.9 395.2 392.4 389.4 389.8 395.1 400.8 403.4 405.3 404 402.1 399.3 396.5 392.8 391.5 391.8
221.1 220.9 220.8 219.4 220.8 220.2 219.9 219.7 220 220.3 222.9 224.5 222.9 221.9 222.8 227.6 233.4 237.6 237.5 231.8 226.5 225 225 226.3 226.2 226.7 226.9 227.2 228.7 229.1 229.7 231.1 235.2 238.6 251.6 270.5 282.6 289.2 295.2 301.3 323.1 340.7 351.2 355.8 356.1 355.8 353.2 349.3 346.5 344.4 337 345.2 349.6 357.6 369.8 381 394.6 404.7 406.8 408.3 407.1 401.9 398.2 397 394.8 394.5 396.3 399.1 404.9 406.5 404.6 403.2 401.6 399.1 396.5 393.7 389.4 387.7
221.2 221.1 219.3 220.9 220.8 220.6 220.7 220.1 220.3 220.6 225.6 226.3 224.9 224.2 227.5 230.5 232.5 236.1 239.8 236.9 237.4 239.2 237.8 226.6 226.5 227.1 227.4 228.2 228.4 229.1 229.4 229.9 232.9 238.7 248.1 257.7 269.4 279.3 285.6 298.1 321.6 338.7 345.6 347.2 348.7 348.4 346.8 344.9 342.9 338.7 334.8 339.8 345.9 356.4 370.2 383 395.7 406.8 411.3 412.1 408 404.3 401.4 399.1 398.6 397.8 402.8 404.8 405.5 407 405.4 403.7 402.1 399.7 396.3 393.2 390.2 385.4
221.2 220.3 219.9 220.5 220.8 220.5 220.3 220.2 222.3 225 228.1 228.2 226.7 229.2 232.2 235 236.4 238.9 242 240.4 242 246.5 246.3 243.7 236.5 227.2 227.4 228.1 227.9 229.1 229.2 229.7 231 232.4 245.6 255 263 271.9 282.2 304.8 321.7 330.5 336.5 339.5 342 343.5 341.5 337.1 332.8 328 327.5 333.1 341.1 353.8 368.9 387.2 403.5 411.3 413.7 411.5 408.5 406.6 403.6 403 401.9 402.3 407.4 408.9 406.4 406.5 404.8 403.4 401.5 398.4 395.1 392.5 390.2 386.5
220.5 220.1 221 220.1 220.7 220.5 220.4 220.5 223.3 226.9 230.2 231.4 229 232.2 236.3 239.2 240.6 245.7 245.3 246.2 248.5 251.3 253.5 250.9 245.1 241.4 238.4 234.2 231 229.3 228.8 229.4 230.2 230.4 234.9 236.8 255.2 265.4 281.9 297.2 314.1 322.3 331.5 335.6 336 336.1 332.5 329.5 323.8 319.2 324.6 329 344 359.4 374.4 390.8 404.9 411.7 412.1 411.5 411.1 410.6 408.7 405.8 402.9 403.1 401.2 404.3 401.2 401.9 403.8 400.8 399 397.9 395.3 392.5 388.7 382.5
219.6 221.4 221.5 220.6 220.2 220.5 220.5 220.7 226 230.4 233.7 233.9 232.3 238.5 242 244 248.1 252 251.6 252.2 256.2 256.2 259.3 258.4 257.8 248.1 240.8 241.8 238.5 242.3 234.5 229.9 230.8 231.5 231.1 232.6 242.6 264.7 285.1 306.9 316.8 324.1 330.6 332.7 331.8 329.7 326.1 320.2 316.1 314.9 323.2 333.6 347.4 361.9 375.1 390.5 402.7 410.8 414.9 416 414.7 413.8 410.9 407.4 403.7 402.9 401.1 399.1 397.2 396.5 396.6 395.9 396 396.3 393.8 390.4 386.5 379.7
