Game/Highland_Data/StreamingAssets/GeoData/Data/nt/NT32.asc
ncols 200
nrows 200
xllcorner 330000
yllcorner 620000
cellsize 50
[rows 105 to 139 of 200, columns 0 to 77 of 200]
250.7 250.3 250.1 249.1 247.9 247.8 246.8 244.5 234.8 230.1 229.7 229.3 229.8 227.9 229.5 229.1 227.9 227.4 237.3 244.9 249.3 254.6 252.3 248.3 249 256.5 260.3 262.9 262.5 275.3 283 294.4 310.4 325.7 336.8 347.9 365.1 365.6 366.6 363.2 358.2 351.3 343.9 336.2 327.4 320.3 312.3 306.1 299.8 293.8 287.3 280.3 275 270.7 266.6 263.3 261.9 259.7 254.5 250.4 250.7 250.1 244 241.5 242.8 240 242.4 238 246.2 256.1 254.5 248.7 239.4 249.1 255.1 260.1 264.4 269.6
232.1 244.4 244 243.9 243.8 245.1 243.7 232.5 230.4 230.2 230.1 228.7 229.4 230 229.4 230.9 233.9 243.8 250.3 254.6 256.7 258.9 258 259.6 265.4 270.1 274 276.3 263.2 282 286.9 298.4 314 330 344.8 358.6 371 378.6 379.5 374.5 369.2 362.3 355.5 347.3 339.1 330.5 323.2 315.3 308.9 301.5 294.8 287.2 282 276.3 271.8 268.7 266.2 262.7 254.1 248.7 247.2 243.9 248.1 253.6 257 259.3 264.6 265.3 261.2 254.3 248.9 244.5 247.3 253.3 259.2 265.3 270.7 277.5
233.4 233.2 235 236.7 238.6 239.2 232.2 230.9 230.7 230.6 230.5 230 229.7 231.7 237.9 243 247.4 253.9 258.4 262 264.8 267.7 271.2 274.8 280.3 283.6 285.6 286 280.4 288.5 292.8 302.2 315.3 333.6 352 366.3 377.5 389.6 386.4 381 376.3 371.7 364.2 354.9 347.2 338.7 329.9 321.6 314.2 304.5 296.4 289.1 281.4 274.7 269.9 268.9 266.6 259.8 251.7 249.2 253.4 252 258.1 261.6 265.7 267.5 270.8 269.8 258.7 250.4 248.4 251 254.9 259.2 266.1 273.2 279.9 286.7
233.6 233.1 231.6 231.3 232.9 232.7 231.6 231.3 231.1 229.5 228.8 229.9 233 240.3 245.5 249.8 254.8 260.9 266.7 272.9 277.8 280.8 284.3 288.6 292.5 295.1 295.5 293.5 293.1 286 298.9 304.6 316.8 335 354 371.1 384.7 394.5 392.3 391.9 387 380.1 370.4 361.2 353.2 344.5 335.2 326.2 317.4 308.1 298.8 289.6 280.1 271.4 267.8 268.1 265.8 258.4 252 251.2 261.2 259.5 262.9 268.8 271.2 272.3 274.9 271.7 262.2 253.3 251.7 256.1 260.2 266.2 273.3 280.8 288.6 295.1
234.2 234 232.9 232.3 232.3 230.7 232.1 231.3 231.4 229.4 233.9 235.7 244.1 251.3 255.8 260.1 266.2 274.3 283.2 289.6 293.8 296.4 299.9 304.6 306.5 306.6 306.2 303.4 302.9 284.4 305.2 309.1 318.9 335.8 354.8 374.5 390.1 397.4 401.3 398.3 392.7 384.3 375.5 366.5 357.5 348 338.2 328.4 316.4 307 296.6 285.5 275.9 266.3 266.1 268.5 265.5 253.7 254.5 262.5 267.2 267.4 268.1 274.2 277.5 278.9 277.8 272.4 264.6 256.7 258.3 264.8 271 278.4 287.5 295 301.5 309.3
234.4 233.7 233 232.6 232.3 231.8 231.7 231.4 231.6 230.8 239.1 249.2 258.2 264.3 269.5 274.7 281.4 292.9 302.3 307.2 310.4 314 316.9 320.5 319.9 316.9 314.1 312.6 310 291.2 308.1 314.1 321.3 337.9 357.8 376.7 393.4 403.8 405.9 401.1 395 387 378.3 369.5 359.7 350.2 338.5 323.8 310.4 301.4 292 281.8 273 265.7 262.5 256.7 257 258 262.2 268.5 272.3 274.7 277.6 280.8 282.9 283.8 280.3 274.2 266.6 260.3 267.2 274.4 282.5 293.4 302.9 308.5 313.8 323
234.6 234.2 233.3 232.9 232.5 232.1 231.7 231.3 232.9 241.8 251.3 262.8 272.9 278.4 283.1 286.5 296.6 310.1 319.4 324 326.9 331.2 333 334 330.2 325.6 324.1 318.5 312.2 297.5 310.4 315.6 322.3 338.4 357.8 376.1 391.6 403.4 405.8 402.2 395.1 385.7 376.9 369.3 360.9 347.1 329.6 314.2 300.6 291.9 286.9 277 270.3 265 262.9 267 269.1 272.3 274.9 280.2 280.9 282.1 285.5 288.9 288.8 289.3 284.8 276.9 269.2 267 276 285.4 294.2 304.8 315.6 323.7 332.6 338
235.9 235.2 233.6 233.4 233.2 233.5 233.6 238.2 244.5 253.2 263.5 275.5 284.7 289.6 294.4 299.4 313.3 328.4 337.2 342.8 346.4 349.1 349.8 345 338.3 334.2 327.4 318.7 310.6 305.5 312.5 318.1 326.8 339.6 357 374.8 389.3 398.4 397.3 392.5 385.3 376.1 369.2 362.3 350.8 334.7 318.4 303.1 291.4 284.6 280.1 272.9 265.9 263.3 266.5 272.2 276 280.5 287.1 290.6 290 289.6 291.2 293.9 294.9 293.9 290.6 282.3 274 272.8 281.6 294.2 306.9 318 329.8 338.5 346.4 353.5
237 235.2 234.6 234.5 236.1 238.3 243.1 248.2 253.6 266.3 275.7 288 296.3 304.1 313.3 323.1 333.7 348.8 356.8 359.8 362 363.9 359.6 351.8 345.4 336 325.6 314.9 309.8 310.9 315.8 322.5 329.5 342.4 358.2 373 382.8 387.2 385 379 371.8 366.3 359.7 349.5 335.1 320.3 304.7 292.1 284 279.1 275.1 268.9 263.9 265 270.4 277 282.5 290.8 295.5 298.2 298.3 297.4 297.9 299.9 301 300 295.9 288.4 281.5 279.9 286.4 300.7 316.8 332.5 341.9 350.6 360.3 369.7
237.8 236.7 236.7 238.3 242.3 248.7 252.6 257.5 267.4 277.8 289.4 301.3 311.6 320.4 331.2 341.4 354.6 363.5 368 370.9 370.5 368.4 362.4 354.1 345.5 333.5 321.8 313.7 314.7 316.7 319.8 326.9 332.6 344.1 356.5 367.9 373.5 375.1 372 365.9 358.4 350.9 340.9 329.1 316.1 302.2 289.6 280.6 276.4 271.8 267.8 267.6 268.1 269.7 276.1 283.7 292 299.8 303.1 305.9 307 305.7 305.4 306.4 307.2 306.1 301.4 294.9 287.4 286.1 291.7 306.2 323.1 340.4 354.9 368.3 377.5 383.7
238.1 238.2 241.4 246.4 253.8 261.4 266.4 270.2 279.5 289.1 300.8 315 325.6 336.1 347.9 360 369.9 378 380.5 380.3 377.6 372.4 364.8 356.4 343.7 331.2 322.3 317.3 318.8 320.5 324.5 330.5 336.5 347.1 357.9 363.5 365.2 362.5 357 350.3 343.1 334.6 323.9 312.1 301.3 289.9 278.9 273.8 271.7 270.2 272.9 272.9 271.7 274.7 282.9 293.7 303 307.9 310.4 313.8 315.4 313.7 312.9 313.3 313.3 312.4 307.5 301.8 293 291.3 298.2 307.5 326.5 346.1 364.9 381.3 391.8 400.8
240.5 244.2 250.4 259.3 269.4 275.8 280.1 279.8 287.6 296.3 308.4 323 335.6 347.8 360.8 373.2 386.1 391.1 389.8 387.1 381.5 372 363.2 353.4 341 331.1 323.5 321.6 322.3 324 327.9 333.5 341.7 351.2 357.8 357.6 356.9 355.4 348.4 339.6 330.2 321.1 309.9 300.5 291.1 282.8 276.2 273.8 271.7 275.9 279.6 281.4 279.7 283.5 293.6 303.3 312.2 316.5 317.2 319.7 321.9 320.8 318.7 318.4 318.5 317.4 313.4 306.9 298.9 299.2 305 311.9 326.4 346.6 366.4 386.3 401.5 414.8
246.7 252.4 260.5 273.5 284.6 287.9 289.6 285.7 292.6 298.8 310.5 326.1 342.1 355.4 368.6 383.5 392.3 391.6 389.3 385.2 377.7 367.5 357.9 347 338.4 331.7 326.6 326.2 326.7 328.3 334.7 341.7 348.1 352.7 354 352.3 349.2 343.5 334.9 325.5 317.1 310.1 301.4 293.9 287.7 281.3 276.1 276.1 279.3 280.4 283.9 288.7 288.7 292.2 300.5 311.4 319.9 323.7 325.7 326.5 329.7 328.5 325.6 324.9 324 322.1 318.4 313.6 310.9 312.7 314 318.8 326.8 342.1 361.8 381.8 401.2 419.2
253.5 261.2 274.3 287.8 293.8 296.5 295.3 291 293.9 298.4 310.6 327.9 340.8 355 366.6 379.6 384.7 385.4 382.9 378.4 372 361.8 352.6 343.3 337.5 334.2 331.9 332.1 334.5 339.3 347 353.6 356.4 357.5 356.5 353.3 346.3 336.2 326.6 318.3 311 304.4 298.7 291.1 285.7 280 277.6 279.7 283.9 287.6 289.9 293.8 294.4 298.6 305 316 329.3 333.8 335.3 335.1 336.1 334.2 331.8 329.5 328.1 325.8 322.6 321.9 325.6 328 326.1 328 334.2 343 354.4 372.6 392 413.2
258.1 268.1 281.8 291.1 291.4 290.7 290.7 291.3 293.7 299 311.4 326.1 339.2 354.3 367.4 378.8 382.7 381.9 381 377.4 367.9 355.4 348.2 342.4 340 339.5 339 342.7 349.6 355.4 358.4 363.3 366.5 367.7 362.4 353.1 343 330.7 320.3 314.1 306.9 300.8 296.8 290.4 282.6 279.5 279.5 283.6 287.7 293.5 297.7 299.2 301 305.8 312.6 322 331.6 338 338.9 339 338.2 336.2 335 333.3 332.2 330 328.8 331 336.3 339.8 340.1 341.8 345.4 351.7 361.4 369.4 384 405
256.1 264.3 269.5 269.2 273.6 285.4 291.1 294.1 296.8 300.3 308.7 322.7 337.4 350.7 363 371.7 375.2 375.6 375.4 370.4 360.7 351.3 346.9 344.7 344.7 346.8 351.9 356.7 363.4 368.3 368.2 369 366.9 364 358.1 349.2 337.2 324.7 317.4 310.6 303.5 298.8 293 285.8 283.7 283.3 284.3 289.7 293.4 298.5 304.7 306 309.2 313.1 320.5 330.1 336.9 339.5 340.4 341.2 340.3 339.4 338.5 338 336.6 335.4 337.2 344.3 349.5 351.8 354.4 357 361.3 368.3 374.3 380.7 387.9 400.7
254.8 255.5 259.2 257.3 266.1 279.4 290 294.6 298.8 305.9 307.7 315.7 330.4 338.7 347.6 354.5 360.2 365.8 366 361.8 357 353.7 353.6 355.1 357.4 360.8 362.8 368.6 376.4 382.4 382.8 379.5 372.6 364.6 355.6 343.4 331.7 321 314.3 307.6 301.2 297.3 290.9 288.9 290.9 289.8 294.1 299.1 303.7 306.3 309.2 312.8 316.3 318 323.6 334.3 341.4 345.1 345.4 344.7 344.4 343.5 343.4 343.6 342.8 344.8 351.5 357.8 362.2 365.5 368.9 372.5 377.8 386.5 394.2 397.8 402.4 408.2
269.5 271 273.7 271 259.3 270 279.5 289.7 298.8 302.6 304.9 310.3 318.4 328.2 337 345.5 353.7 359.6 361.7 362.3 362.1 364.1 367.9 370.6 371.6 370.6 371.1 379.2 388.7 394.4 392.1 385.6 376.5 365.2 351.9 337.8 328.6 318.2 310.7 304.8 297.7 292 290.8 293.2 296.4 297.9 303.6 307.8 310.3 312.7 315 317.7 322.5 326.9 329 335.2 345.2 351.1 350.1 348.4 348.8 348 349.2 352.1 356.9 362.4 367.6 372.1 376 378.9 384.4 389.1 396.3 404.8 414.1 420.7 422.1 425.5
274.1 278.2 281.1 284.7 284.1 283.7 271.9 272.9 285.6 292 302 309.9 317.6 325.5 334 343.5 353 362.7 369.5 374.4 375.4 379 382.8 386 386.9 384 380.1 389.6 395.2 398.7 394.2 386.1 377.1 364 348.5 334.4 327.1 317.3 307.7 301.7 294.9 293.5 294.9 300.3 302.9 305.7 312.4 315.8 317.5 318.6 321 325.2 328.5 332.2 336.1 338.6 347 351.6 352 352.6 353.2 355.2 360.4 368.9 375 380.2 384 387.1 390.5 394.5 402.5 409.4 417 425.2 434.1 442.1 446.4 446.3
277.3 280.8 285.7 289.3 292.1 293.5 290.6 290.2 283.8 281.5 300.4 311.3 318.9 326.2 334.4 344.3 354.8 367.3 376.3 383.4 387.8 391.4 393.8 396.2 397.4 393.4 391.8 398.6 399.3 396.4 389.9 380.6 370.1 355.9 340.7 331.4 323.9 314.1 302 298.5 297.9 298.8 301.5 304.3 309.7 313.8 318.4 322.9 326.4 328 328.7 333.5 335.1 336.7 340.7 341.6 347.7 352.4 356.3 357.1 359.1 367.7 376.8 385.6 391.4 396.3 399.7 403 406.6 411.4 419.1 429.6 438.6 446.9 454.6 462 466.9 468
284.1 288.2 291.8 295.2 299.1 300.3 300.3 300.6 299.1 285.6 292 309.9 320.7 330 339.6 349.8 360.2 371.2 382.4 392.1 397.5 399.6 402.5 404.1 403.6 400 396.5 402.4 399.6 394 386.6 376.5 363.1 348.1 337.5 329.6 320.1 309.6 302.8 302.1 305.6 308 311.8 313.7 316.9 323 328 332.6 336 338.7 340.4 341.6 342.6 343 345.4 346.7 351.2 357.6 359.1 361.7 364.7 376.3 388.9 397.9 403.9 409.1 413.1 417.7 423.8 429 431.5 443.7 457.2 465.3 472.1 475.8 481.5 485.9
299.5 302.9 305.2 306.2 307 308.9 309.5 309.4 308 305.7 300.3 305 324.1 334.3 342.9 352.3 360 369 382.8 395.2 403.8 408.9 412.7 413.9 414.2 406.4 399 404.3 398.6 390.3 380.9 369.2 356.9 346.1 338.3 330.6 322.1 313.1 305.8 308.6 315.1 320.4 324.5 323.5 325.1 330.1 334.5 339.8 345.6 348.6 349.9 349.9 350.2 350.7 351 353.6 355.4 360.4 363 367.3 370 382.2 396.5 410.9 417.6 422.8 427 431.6 437.3 442.4 446.5 452.3 462.2 470 476.6 482.3 487.5 491
316.9 319.7 321.6 320.6 318.9 318.3 318.9 317.2 314 308.1 292.7 308.1 329.3 338.4 348.1 353.2 359.9 371.6 383.9 393.4 404.9 414.2 418.6 419.8 417.6 409.9 400.7 401.8 396.3 388.6 379.6 368.6 358.1 348.2 341.1 334.6 326.8 319 306.4 318.4 326.7 332.1 333.5 332.9 327.6 337 341.8 347.2 352.9 356.5 357.7 358.1 357.6 357.6 358 359.1 361.6 364.3 368.5 371.2 374.5 384.1 399.1 415.8 426.4 433.7 439 443 448.7 454.6 458.1 461.1 471.4 479.8 486 491.1 494.3 495.8
329.4 331.5 332.5 332.2 329.8 327.4 325 320.8 313.6 306.2 292.6 314.7 330.2 342.1 353.3 360.3 364.4 370.1 385.2 395 405.4 419.1 423.6 424.9 422.1 415.3 405.8 401.7 395 388.1 380.5 371.4 362 352.5 345.2 337 327.8 316.3 317.4 329 338.1 341.7 342.3 341.6 332.6 345 348.7 354.4 360.5 364.3 365.6 365.3 364.4 364.7 365.2 366.8 367.4 369.9 372.8 375.8 380.3 385.5 399.2 416 430.6 439.6 445.1 449.4 455.3 463.8 469.5 473 479.5 486 492.5 495.3 494.5 493.2
340.6 345.1 346.2 344.4 338.3 333.9 328.2 320.8 313.4 304.9 295.8 312.9 328.4 344.1 359.2 369.7 374.6 380.6 387.2 399.3 410.8 421.1 429.1 431.9 427.9 419.6 407.7 400.4 394.5 387.8 381.1 373.8 365.3 355.4 347.2 336.3 324.3 319.2 326.7 337.8 345.8 348.6 349.9 350.8 346.4 351.8 355.4 361 368.3 372.2 373.1 373.3 372.8 372.7 373.7 374.7 373.5 374.8 378.4 381.9 385.5 390.2 397.2 412.2 425 438.1 449.5 456 463.4 472.4 479.9 485.5 491 492.5 493.4 493.8 492 490.2
352.8 356.7 357.6 354.9 346.7 338.2 330.1 321.2 312.8 304.6 295.3 305.7 327.6 348.1 363.2 372.3 379.6 387.3 394.4 402.4 411.7 417.5 424.7 427.6 421.3 411.1 406 403.4 398.6 391.9 384 375.5 366.4 356.7 346.3 332.1 324.2 329.2 334.4 345 351.6 355.5 358.1 357.4 356.5 357.8 361.2 367.5 376.4 380.6 382.9 383.2 383 382 381.5 381.2 381.3 381.6 382.9 386 388.9 393.1 398.7 408.2 421 433.1 446.4 460 471 480.8 487.5 491.2 493.7 494.4 493.6 491.9 490.8 488.8
365 367.7 368.4 365.4 354.2 342.4 332.6 322.4 313.3 304.7 297.6 299.9 313.4 335.7 353.7 369.1 379.5 387.3 397.6 406.6 411 415.2 419.6 420.5 414.4 415.6 417.8 413 406.4 398.7 387.5 376.8 365.2 355.2 345 329.2 334.9 335.3 340.1 350.1 358.8 362.3 364.3 364.1 365.5 365.6 368.3 374.4 383.1 391.3 393.2 393.6 392.9 392 390.2 389.3 388.6 389.9 390.8 391.7 394 397.8 402.9 409.5 420.7 431.5 442.2 457.4 470.9 478.4 484.9 489.1 491.8 491.1 489.9 487.2 483.9 480.9
376.3 379.2 379.6 374.4 360.1 345 332.8 323.1 314.9 306.9 299.6 300 303.3 318.5 336.9 351.5 364.1 378.7 395.4 405.3 411.7 414.5 414.6 420.5 423.8 421.8 418.6 413.6 406.1 396.2 384.5 372.8 361.6 351.8 342.7 343.3 338 342.8 346.9 356.4 364.9 369.2 372.6 374.3 373.4 374.8 376.3 379.7 388.1 397 400.7 402.2 402.9 402.2 400.4 399.1 398.4 400.2 402.1 404.3 405.8 407.1 411 417.7 426.4 435.9 445.6 459.6 472.4 478.6 481 481.5 480.6 480.1 479.8 479.2 478.8 477.9
388 389.7 388.3 382.4 363.7 348.4 336.9 326.1 316 308.3 301.6 300.6 301.7 306.2 318.3 333 349.4 367.4 384.7 394.8 402.9 413.1 422.1 427.2 424.5 419.9 415.3 407.7 399.5 389.7 379.2 368.2 357.4 349.4 342.4 348.6 345 349.5 353 361.3 369.8 376 383.5 384 381.9 382.1 385.1 389.2 396.9 406.6 412.1 413.9 414.2 413.7 412.7 412.1 410.6 413.6 417 419.4 421.4 423.2 425.6 431.3 438.1 444.8 451.6 461.6 469 472.5 474.8 476 475.9 474.3 473.6 472.9 471.7 468.8
399.4 400.7 400.1 391.8 370.4 353.7 340.4 329.9 319.4 310.8 305.1 301.6 302.4 305 310.6 322.1 338.9 356.2 372.6 393.2 408.1 419.6 426.6 428.6 423.8 417 410.5 403.5 395 385.4 375.6 365.3 357.8 349.8 349.5 353.3 352 355 361.2 368.8 374.3 381.2 387 390.7 392 391.4 394.8 400.4 409.4 417.9 424.9 426.6 426.7 426.6 425.8 425.2 425 429.7 432.4 434.3 436 438.3 441.6 446.8 450.1 453.8 456.6 462.3 466.8 469.6 470.7 470.4 469.6 467.4 466 463.8 460.8 457.5
405 411 410 395.8 374 355.9 342.9 332.5 323.4 315.1 308.3 303.1 303.7 305.5 308.9 317.3 338.1 354.6 375.5 395.2 411.5 422.9 429.7 428.1 422 415.4 409.2 400.5 392 383.3 373.5 366.1 357 351.9 355.3 357.7 358.1 361.8 369.8 376.8 382.9 391.5 396.3 398.8 399.6 399.3 402 407.7 417.9 427.9 433.6 437.9 439.5 439.9 439.5 438.9 441.7 445.1 445.5 444.8 445.4 447.9 453 457.8 459.1 459.6 460.9 463.2 464.6 465 464.3 463.2 461.1 458.4 455.4 452.3 449.4 445.6
411.9 417 412.9 402.5 382.2 361.5 347.1 336.5 327.5 319.6 312.5 304.7 305.7 306 308.2 315.6 339 359 379.2 395 411.4 423 428.7 428.2 423.3 415.5 408 399.3 391.3 382.7 374.2 367.3 361.5 357.7 358.6 363 362.4 369.1 378 386.8 397.2 403.4 404.9 405.3 405.6 405.4 407.5 413 423.2 433.4 443.9 452.7 453.7 452.9 452.4 452.9 455.4 458.6 459.7 457.6 456.7 458.1 460.5 463 463.1 463 461.7 461.9 460.9 458.9 456.9 453.7 450.5 447.1 443.4 440.9 437.5 433.9
419.8 423.2 419.4 409.4 389.3 366.1 352 341.3 331.5 324 316.9 309.8 307.6 306.9 307.5 320.3 341.6 363.6 383.7 399 415.1 428 431.6 429.7 422.4 414.3 405.7 397.8 390.8 382.9 375.2 371.9 368.4 364.8 365.5 368.9 367 376.3 386.5 397.4 408.6 412.7 413.7 413.9 414.6 414.9 417.6 422.2 428.3 439.3 450.8 456.6 459.8 460 459.4 460.7 465.6 470.7 473 473.2 471 469.7 466.9 466 464.3 463 460.9 458.3 454.8 451.5 447.8 444 439.9 435.5 431.8 428.8 425.4 423.1
430.5 429.6 425.7 414.6 395.6 373.9 359.2 347.6 338.2 329 321.2 312.4 309.7 308.6 310.7 329.6 345.4 364.2 382.2 399.9 418 426.8 428.1 423.7 417.5 411.1 405.5 400.5 395.4 388.5 380.9 378.5 377.3 373.9 375.7 375.1 379.9 379.3 390.7 400.7 409.7 412.9 417.6 419.4 420.5 422 423.1 425.8 428.4 435.9 449.2 458.3 463 465.3 471.2 476 481.5 484.7 487.1 489.4 486.7 479.1 474.6 468.9 465.1 462.4 458.3 454.4 449.7 444.7 439.8 434.9 430.1 425.7 421.1 417.8 416 413.9
435 434.4 428.7 419.7 401.4 383.3 368.7 356.4 348.4 338.8 330 319.9 312.2 311.2 312.4 331.5 352.4 368.9 384.3 399.9 413.1 421 422.8 420.7 417.1 413.3 408.9 405.9 402.1 396 388.9 386.8 382.2 382 384.1 383.2 386.2 387.6 393.9 399.8 406.8 414.6 420.1 422.2 423.5 425.5 427.3 429.9 434.4 442.5 455 461.8 469.7 478 482.2 486.8 491.5 495.1 497.1 498.8 496.6 489.9 481.7 473.6 468.1 462.8 458.1 452.7 446.8 440.6 435.2 430.8 426.5 421.7 417.2 413.9 411.3 408.4
