Game/Highland_Data/StreamingAssets/GeoData/Data/nt/NT33.asc
ncols 200
nrows 200
xllcorner 330000
yllcorner 630000
cellsize 50
[rows 35 to 69 of 200, columns 78 to 155 of 200]
242.1 263.3 285.1 307.2 328.4 348.4 366.3 381.4 393 402.8 410.8 412.1 411.1 408.7 410.1 415.8 422 427.9 431.7 432.8 428.7 418.1 402 383.2 364.9 346.5 331.4 317.8 304.2 287.9 271.9 250.1 235.1 217.4 199.1 187.4 186.6 194.9 205 217.4 231.2 245.1 258.8 271.1 282.2 291.6 300.5 310.7 325.8 345.9 365.8 383.2 383.6 370.1 354.7 339.7 326.1 314.1 301.6 290.2 286.5 297.7 312.1 324.5 327.1 320.9 309.6 301.6 293.1 282.9 278.1 276.2 270.6 261 258.8 260.7 265 270.7
243.4 263.8 285.8 307.2 327.7 347.9 365.9 381.2 392.9 400.6 401.1 398.2 393.5 389.2 389 394.9 401.2 407.7 413.2 418 419.6 417.3 408.1 392.2 375.6 361.2 347.1 333.3 320.2 303.3 284.5 265.4 247.6 229.9 211.3 195.8 182.8 182.2 190.6 202.2 215.9 229.8 242.3 253.4 264 273.7 284.1 301 320.4 340.8 361.1 379.2 377.7 361.6 344.4 327.4 310.5 296.5 284.5 275 271 284.3 298.7 310.3 310.9 305.2 294.4 282.8 269.9 260.9 260.4 259.7 255.9 256.2 261.1 265.8 270.7 276.6
246.6 269.6 292.3 313.1 332.4 351.7 369.6 382.1 390.6 395 390.1 382.9 376.1 370.1 368.9 373.6 379.6 385.8 391.1 395.1 398.6 400.4 400 394.7 384.1 371.9 360.2 348 335.8 318.9 297.6 279.7 262.4 243.8 226.3 209.2 193.2 181.6 179.5 187.1 200.6 213.3 224.8 235.6 245.7 257.9 276 298.3 317.9 337.6 357.6 375.5 368.9 352.2 334.8 317 298.8 281.3 268.4 260.8 257.3 270.6 284.5 295.6 297.7 290.5 279.9 265.8 251.3 241.2 239.8 239.1 237.6 248.1 252.8 257.9 264.3 271
253.9 277.7 301.3 322.5 341.8 360 374.6 384.1 389 387.5 378.1 366.7 357.9 350.8 351 354.2 358.7 364.8 371.7 373.4 374.3 376.9 379.2 379.4 373 365.2 356.5 348.4 340.5 327.3 309 291.9 276.4 259.2 242.2 222.7 204.2 191 179.6 176.3 185.6 197.9 207.7 217.9 231.5 251 274.4 297.5 315.8 334.2 352.5 367.6 361.2 343 325.2 306.8 289.2 270.3 255.1 248.2 246.7 256.7 271.3 281.1 280 273.7 264.5 251.1 237.4 226.7 219.8 217.9 219 227.9 232.6 238.1 244.2 250.1
261.8 286.4 310.2 332.8 352.1 368.3 380 387.8 389.5 382.2 369.7 351 337.6 331 330.9 334.7 339.8 345.9 351.6 356.1 358.4 359.5 359.6 359.6 355.8 350.4 343.9 338.5 333.1 326.2 314.6 301.4 287.1 273.4 255.2 234.9 216.3 201.2 189.3 178.8 173.6 184.4 193 207 228.1 251.5 275 297.5 314.9 331.6 348.8 362.9 353.7 334.7 315 297.2 278.9 259.1 243.7 236.9 236.2 244.9 259.6 266.9 263.6 256.7 248.4 235.6 223.8 213.3 203.8 199.8 201.6 204.6 208.6 214.2 220.3 225.5
269.5 294.5 318.9 342.8 362.6 375.6 385.5 391.5 390.6 382.7 367.9 349.6 329 312.7 310.1 313.5 320 325.5 331 338 341.1 342.2 342.8 342.5 339.2 333.9 329.1 324.5 319.9 315.3 309.8 299.8 290 278.5 262.7 245.4 228.9 213.4 199.9 189.4 177.7 170.5 184.2 206.3 229.4 251.8 275.3 297.8 314.6 330.9 347.2 357.5 344.5 325.2 305.5 286.8 271.1 252.3 236 227 225.8 235.9 248 250 246.2 240.6 233.1 221 209.5 198.9 189.1 184.2 183.4 184.9 186.4 189.6 194.1 200.2
276.5 301.7 326.8 352.3 371.1 383.5 393.6 395.2 389.4 380 365.1 346.5 326.8 306.6 292.5 292.7 297.7 302.8 309.2 319.1 324 326.4 325.9 324.1 322 318 313.2 309.7 305.8 301.8 298 291.2 282.8 273.5 262.4 247.9 234.1 221 205.8 196.5 187.2 171.7 172.8 200.9 227.9 251 275.1 298.3 314.3 330.8 346 347.4 332.8 315.3 295.8 278.9 263.3 246.1 229.5 219.2 216.5 225.8 235 235.8 231.4 224.7 217.8 206.7 195.3 185 178.8 173.2 168.9 167.6 167.4 168.9 170.7 175.9
282.4 308.4 334.5 360 377.3 389.6 396.9 396.1 387.4 376.7 362.8 346.4 326.7 306.3 286.9 274.4 275.3 280.8 287.1 296.7 303.6 307.4 308.7 307.4 304.8 301.6 297.2 293.7 290.6 287 283.7 280.2 272.6 265.6 257.3 245.1 234.7 221.8 207.9 198.4 188.7 177.1 167.2 195.6 226.1 249.3 274.6 298.1 314.4 329.4 337.2 332.9 319.2 302.1 285.4 269.7 253.9 238.8 224.7 213.8 207.1 214.1 221.6 221 215.2 206.1 198.4 189.7 179.1 172.7 167.5 162.1 157.2 153.6 151.6 151.3 151.2 152.6
290.6 315.6 342.2 364.6 380.5 389.1 391 387 378.9 369.1 357.7 342.4 325.4 305.8 285.7 268.9 259.2 259.5 265 273.9 282.2 284.8 286.2 285.8 284.2 282 278.7 275.5 273.4 270.8 268.3 266.1 262 257.2 250 237.8 227.7 217.7 206.1 196.6 187.3 176.9 164.7 195.6 226.9 248.3 274 298 313.3 322.7 321.8 315.9 305.1 287.7 270.9 256.5 241.7 229.7 219.5 208.4 199.7 202.7 206.8 205.9 198.9 188.5 181.4 175.6 167.9 159.8 154.8 149.5 145.3 142.5 139.8 138.6 136.7 135.4
303.9 327.3 347.6 365.3 376.4 381.1 378.9 372 363.9 355.3 343.1 328.9 313.3 296.1 283.2 270.6 256.9 246.3 244 250.6 258.6 261.8 263.3 263.8 263.1 261.8 259.6 257.6 256.6 254.9 253.2 252 249.5 246.3 240 228.5 218.3 206.9 196.1 189.5 182.1 172.7 166.4 201.5 229.3 250.9 274.7 296.9 310.4 311 305.1 298.4 287 270.5 255.8 241.8 229.7 218.2 209 199.8 191.6 190.4 192.5 186.8 179.4 173.1 166.5 161.9 155.3 147.8 143.2 139.5 137.7 134 132 128.8 128 127.9
321.1 344.7 354.4 362.1 368.1 367.4 360.5 352.4 345.7 336.5 324.4 310.4 295.6 283.7 275.6 267 255.6 244.2 234.9 232 235.7 238.8 241.5 242.7 242.8 242.3 241.4 239.9 239.6 240.5 241 239.5 237.9 233.5 227.2 218.2 208.3 196.2 189.6 183.8 177.1 165.7 172.2 207.2 232.7 251.7 272.8 293.4 298.9 293.9 286.7 279.3 269.6 256 240.8 227.6 217 205.7 198.6 190.4 182.1 177.3 178.3 171.9 166 158.5 156.3 149.3 143.3 139.9 134.8 130.8 128.4 128.1 128.3 128.2 128 127.9
337.2 354.1 361.6 364.2 359.1 351 338.3 330.7 323.5 313.4 302.5 289.2 277.6 269.7 263.3 256.9 250.7 241.9 232.4 221.7 220.3 222.9 225.7 227.1 226.9 226.4 226.9 225.6 225.3 226.6 227.4 227.9 227.3 221.9 214.4 206.2 200.9 191.9 186.8 181.6 175.8 158.9 176.2 209.2 234.1 252.1 270.1 284.5 282.2 275.4 268.1 260.7 251.6 239.7 224.8 213.8 202.8 194.2 189.4 182.3 175.5 168.9 164.2 159.3 154.3 147.9 143.7 137.7 134.2 129.8 128.3 128.4 128.4 128.5 128.4 128.3 128.2 127.6
346.7 357.2 356.8 354.8 343 329.2 315.2 306.2 299.9 291.7 280.9 269.4 259.7 252.8 248.1 243.8 238.4 233.7 226.9 219.6 210.6 209.8 214.2 214.8 215 214.7 215.2 214.8 214.6 214.9 214.9 216.9 216.6 211.1 204.3 200.3 195.2 189.3 183.8 177.5 172.5 157.1 175.4 208.9 231.2 248.2 264.4 270.3 264.2 256.8 249.8 242.1 232.6 219.7 208.7 200.2 191.8 186.2 179.8 172.5 166.9 160.6 153.9 149 143.2 135.9 131.8 130.1 128.7 128.6 128.4 128.4 128.4 128.2 127.3 127 127 128.4
341.5 342.9 339.7 335.4 316 293.5 289.4 279 275.2 267.9 259.9 250.8 243.8 240.1 236 230.7 226.5 222.5 217.4 216.5 208.5 199.5 202.8 204.4 205.2 204.9 204.6 204.2 204.4 205.5 206.5 207.5 208 203.8 200.8 198.9 193.6 187.5 181 174.1 169 156.1 177.2 207.7 227.2 242.4 254.7 253.9 247.3 239.4 231.4 223.8 214.5 204 193.5 188.7 182.5 175 168.6 162.3 155.6 150.6 143.8 138.1 132.4 129.8 128.9 128.5 128.4 128.5 128.4 128.4 127 127 128.6 128.5 129.6 128.6
323.7 321.8 311.7 303.3 291 263.8 262.4 252.4 247.7 243.7 237.4 230.3 227.3 225.5 219.9 216.2 212.8 210.9 210.2 207.7 202.4 193.2 191.4 193.3 195 195.5 196 196.1 195.8 197.7 199.5 202 203.1 202.7 201.3 199 194.1 186.3 179.5 173.5 167.1 153.5 176.5 204 222.2 236 242.7 238.8 231.1 222.9 214.7 206.6 199.1 191 182.4 177.7 171.2 165 156.6 151.1 140.2 133.7 133.4 130.4 129 129 129.1 128.9 128.7 128.3 127 128.5 128.8 128.8 128.7 128.7 130.3 131
297.9 292.6 280.3 271.5 260.6 242.1 234.8 228.2 221.8 219.5 214.5 211.3 212.7 207.7 201.6 201.4 200.4 199.1 199.3 192.5 192 185.7 179.7 181.8 183.9 184 185.3 185.9 186.2 188.1 191.3 195 197.2 197.5 196.7 193 190.6 185.5 179.3 174.4 169.2 151.1 173 198.9 215.9 227.2 230.4 226.3 218.5 210.1 201.6 193.9 185.5 179 173.3 167.2 162.1 158.1 146.5 134.7 132.1 130.1 129.6 129.3 129.2 129.2 129.2 128.6 128.7 127 129.2 129.5 129.1 129.7 129.7 133.7 133.9 134.2
268 260.3 249.5 241.2 234.7 221.5 211.8 202.8 198.8 191.7 190.1 191.4 189.8 184.7 182.5 180.5 181.2 182.6 181.9 177.2 176.3 172.1 164.5 168.3 168.4 170.1 171.1 172.5 173.7 174.7 176.8 179.6 181.3 182.9 181 180.4 181.9 180.5 175.9 172.2 168 148.4 167.3 191.6 207.9 216.4 218 214.7 206.2 198.1 190.5 183.2 176.5 172.1 166.7 158.7 153.1 145.3 134 131.4 130 129.5 129.5 129.3 129.1 129.3 128.7 128.6 127.1 131.7 132.6 131.5 131.2 138.4 141 139.8 138.3 137.1
234.2 225.2 217.4 210.1 203.6 193.5 183.6 179.2 172.4 169.1 168.2 166.3 164.4 161.3 159.2 158.7 157.9 158 159.3 157.6 159.1 157.8 155.4 156 155.8 157.1 157.3 158.1 160 160.9 163.5 163.2 165.1 165.1 163.8 164 166.7 167.6 166.7 166.8 164.4 152 158.5 183.2 198.2 204 206 202.5 194.1 186.1 179.2 173 167.9 163.7 157.7 149.1 141.6 135.6 131.5 130.2 129.5 129.3 129.4 129.2 129.1 129.1 128.8 127.7 134.7 138.3 141.3 139.5 139.9 143.7 143.9 143.8 143.4 142.5
200.6 192.2 186.2 178.5 169.7 163.7 156.5 150.2 148.4 146.5 144.6 144.1 141.4 138 136.7 135.7 135.8 135.9 135.7 138 139 141.5 144.9 144.6 143.9 144.3 144.3 145.5 146.5 148.7 150.8 151.9 149.4 151.2 152.7 153 154.5 155.2 155.7 157.3 159.7 155.7 151.2 173.5 186.2 192.2 193.9 189.6 182.6 175 169.9 164.7 159.3 157.5 147.9 138.6 136.7 134.3 130.4 130 129.6 129.4 129.4 129.2 129.2 129 128.7 135.3 139.9 143.5 147.5 147.1 146.7 146.4 147.7 149.7 148.7 150
174.6 166.4 160 152 147.5 142.1 139.6 136.4 135.4 135.1 135 134.8 134.9 134.6 134.5 134.4 134.4 134.2 134.2 134.5 134 134.2 134.3 134.2 134.2 133.9 134.3 134 134.2 135.3 137.7 138.6 135.7 135.9 138.6 142 142.5 144.4 146.8 149.5 153.2 150.9 147.2 164.4 172.6 177.4 177.7 173.8 168.8 164.9 158.4 157.5 153 147.6 139.2 137 136.1 132.3 130.3 129.9 129.7 129.5 129.3 129 127.9 130.3 139.1 141.2 141.6 143.8 147.1 151.6 154 153.7 153.4 155.4 156.3 157.3
155 148.4 140.6 136.2 135 135.5 135.6 135.5 135.3 135.3 135.2 135.1 134.9 134.7 134.5 134.5 134.5 134.4 134.3 134.3 134.4 134.1 133.8 133.8 133.8 133.6 133.4 133.3 133.3 133.6 133.5 133.1 133 133.1 133.4 133.7 134.1 135.1 137.1 140.1 141.5 141.9 148.7 158.8 163.6 164.7 164.3 161.4 157.8 154.7 152.7 148.6 143.3 139.3 136.7 136.5 134.2 130.1 130 129.9 129.7 128.5 127.9 129.3 129.4 134.1 139.7 139.9 141.4 146.4 152 156.9 161.2 161.9 162 163.6 165.2 166.7
140.5 137.2 135.9 135.5 135.5 135.6 135.6 135.6 135.4 135.2 135.1 134.9 134.9 134.7 134.6 134.4 134.4 134.5 134.5 134.4 134.7 134.4 134.1 133.8 133.6 133.5 133.6 133.4 133.1 131.7 131.6 133 133 132.4 131.3 133 133.1 133.7 134.4 136.9 139.7 141.7 144.6 152.2 155.5 154.9 153.9 150.5 149 146.8 142.3 139.7 136.7 136.3 137 133.5 129 129 129 129 129.6 130.1 129.7 129.2 129.1 132.8 137.8 143 150.3 157.8 164.1 168.6 170.6 172.3 173.9 175.1 176.1 177.4
137 136.3 135.8 135.7 135.6 135.6 135.6 135.6 135.6 135.3 134.9 134.9 134.9 134.7 134.6 134.4 134.6 134.7 134.6 134.6 134.5 134.5 133.9 133.7 133.7 133.8 133.9 133.6 131.9 133.5 133.4 133.1 132.9 132.7 132.4 131.3 132.8 133 133.6 136.3 140.1 140.4 140.9 143 143.7 146.8 146.5 143.3 142.4 140.8 138.4 135.5 133.7 131.8 129 129.9 130.5 130.7 130 129.6 129.6 129.7 129.5 129.4 130 134.8 143.6 153.7 163.7 172.8 179.7 182.4 181.5 181.6 183.7 185.6 185.9 186.8
136.4 136.1 136 135.9 135.8 135.7 135.7 135.7 135.6 135.4 134.7 135.1 135.3 135 134.7 134.6 134.6 134.7 134.5 134.6 134.1 134.2 133.9 133.9 133.9 133.6 133.3 131.9 133.8 133.2 133 132.7 132.6 132.4 132.4 132.2 131.2 133 133.6 134.1 134.6 138.3 138.7 138.1 138.5 137.4 136.7 137 136.1 135.7 134.9 131.6 129 129.7 130.6 130.4 129.8 129.7 129.7 129.7 129.8 129.7 129.6 129.7 134.1 143.8 155.5 168.1 177.6 185.8 193.2 194.7 192.2 191.9 194.2 194.1 193.5 194.8
136.2 136.2 136.1 136 135.9 135.8 135.8 135.7 135.4 135.5 135.6 135.7 135.5 135.4 135 134.7 134.7 133.3 133.2 133.2 133.2 134.5 134.6 134 133.1 132.5 133.6 133.4 133.3 132.8 132.8 132.8 132.7 132.3 132.2 132.2 132.1 131.1 133.1 133.1 133.1 133.5 135 134.5 134.3 133.2 132.3 132.2 131.8 131 131.1 129 131 130.2 129.9 129.9 129.9 130.1 130.1 130 129.9 129.9 129.8 131.9 141.3 154.3 170.2 182.1 191.8 201.8 208.7 207 203.8 202.8 203.1 202 201.2 202.9
136.3 136.2 136.2 136 136 135.7 135.7 136.1 136.2 136.7 134.8 134.8 134.4 133.8 133.3 134.7 134.8 135 135 134.8 134.3 133.2 133.2 133.2 134.2 133.8 133.6 133.4 133.3 133.3 133.4 133.4 133 132.5 132.3 132.1 132.1 132 131 132.8 132.5 132.6 132.5 131.1 131.1 131.1 130.9 130.8 130.6 129 131.1 130.4 130.5 130.6 130.2 130.3 131.9 131.4 130.7 130.2 130.1 131.6 133.8 141 152.7 167.4 184.1 198.4 210.3 220.2 222.4 218.8 214.6 212.2 210.3 209.3 209.9 211.4
136.5 136.4 136.3 136.2 136 135.8 135.9 136.3 134.8 135.8 135.7 136.1 135.7 135.6 135.1 134.9 134.9 134.9 134.8 134.6 134.4 133.9 133.6 134 133.5 133.3 133.4 133.3 133.2 133.1 133.2 133.2 133 132.9 132.5 132.2 132.1 132.4 132.6 131 131.1 131 129.7 130.9 130.9 130.8 130.9 130.9 130.8 131.5 131 130.7 130.6 130.7 132.2 134 134.5 134.3 133.5 132.7 134.2 137.8 145.5 155.3 167.5 182.2 199.2 215.2 227.9 234.1 234.1 229.6 224.8 220.1 217.3 216.1 217.1 220.8
136.6 136.7 136.4 136.3 136.3 136.1 136.1 134.8 135.5 135.8 135.6 135.5 135.3 135.6 135.1 134.8 134.8 134.7 134.6 134.4 134.3 133.9 133.7 133.7 133.5 133.3 133.3 133.2 133.1 133 133 133 132.7 132.7 132.6 132.3 132.2 132.5 132.4 132.3 132.1 132.1 131.9 132.1 131.4 131.2 131.5 131.6 131.3 131.2 131.7 131.6 132.2 133.6 135.1 135.8 136.2 136.2 137.1 138.3 141.7 147.6 159 170.1 182.8 198.3 215.2 232.2 243.8 246.9 244.7 239 233.6 228.1 224.1 221.9 224.1 229.2
136.7 136.6 136.4 136.4 136.4 136.4 134.8 136.2 135.8 135.9 135.7 135.6 135.3 135.3 135.2 134.7 134.7 134.5 134.4 134.4 134.2 133.9 133.7 133.7 133.8 133.5 133.3 133.2 132.9 133 132.6 132.3 132.5 132.5 132.4 132.5 132.3 132.3 132.2 131.8 131.6 132.1 131.9 132.2 131.4 131.5 131.5 131.5 131.5 131.5 132.5 132.6 133.6 134.9 136.6 137.2 137.7 139 145.8 148.7 152.6 159.4 171.1 184.2 198.6 215.7 233.4 251.7 258.7 259.4 255.2 248.9 241.8 236.2 230.9 227.9 230.5 236.1
136.8 136.5 136.5 136.6 136.7 135.7 136.2 136.1 135.8 135.7 135.6 135.4 135.3 135.1 135.4 136.3 136.5 137 137.8 137.9 137.6 135.5 135.6 135.4 135.4 135.6 135.9 136.4 137 138.5 135.4 133.8 133.7 132.9 131.7 131.6 131.7 132 131.9 131.9 132.1 132.1 132 132 131.4 131.3 131.1 131 131.2 131.9 133.4 134.1 135.7 137 137.6 138.8 139.4 142.6 152 156.9 162 170.9 183.7 197.5 214.1 232.8 252.1 268.4 271.9 270.5 265.2 258.7 250.2 242.7 238.8 236.4 238.6 243.4
137.5 136.7 136.7 136.7 135.7 135.7 136.4 136 135.5 135.4 136.5 138.1 140.1 143.6 147.1 148.6 149.2 149.9 150.3 150.6 150.7 150 149.1 150.4 151.9 154.1 155.2 156.7 158.1 159.8 158.9 154.4 149.6 144.6 139.4 136.6 134.7 133.2 131.6 133.1 133 131.8 131.5 131.7 131.3 131.3 131.3 131.4 131.8 133.2 135.1 136.5 137.6 138.4 140.5 140.1 141.2 146 156.9 162.2 170 182.4 196.4 212.8 230.6 248.8 268.6 283.1 284.3 280.5 274.9 267.4 257.2 250.9 248.3 246.4 248.1 251.3
137.1 137.3 136.9 136.9 135.7 137 137.7 138.2 138.3 140.3 146.3 153.6 159.6 164.8 169.7 169.7 169.3 169.7 169.1 169.1 168.7 167.5 167.2 169.7 172 174.4 176.8 178.6 180.1 181 180.4 177.9 173.7 169.5 165.7 161.4 155.5 149.5 142.9 143.6 144.5 142.3 138.2 134.6 131.9 131.7 131.7 131.7 132 134.2 136.9 138.2 139.7 142.4 147.6 148.5 142.1 144.8 157.1 166.2 178.5 196.7 213.8 229.7 246.3 263.3 279.5 290.7 290.4 284 277.9 269.9 262.7 259.5 257.9 257.8 258.2 259.4
137.4 137.4 137.1 135.7 137.1 138.9 142.6 144.9 147.2 152.9 162.4 175.4 183.6 188.7 192.4 191.7 189.5 189.3 188.4 187.4 184.1 181.1 186 191 195.3 197.4 200.1 202.5 204.1 204.6 202.9 200.7 197 193.4 190.1 186 179.2 173.4 167.7 162.1 157.8 154.7 150.7 145.1 140.5 137.4 137.2 136.1 136.9 139.5 140.4 140.1 142.9 149.2 153.7 155.3 150.4 144.1 158.7 171.2 185.1 204.9 223.8 240 256 271 283.6 290.2 288 283.5 277.7 273.8 270.8 271.1 271 270.1 269.3 269.8
137.2 136.7 135.7 137.2 140 146.2 148.8 154 162 169.3 179.8 195.2 206.8 212.4 214.8 212.8 210.5 208 206.8 202.5 196.5 197.4 206.6 215.2 220.9 224.8 229 232 232.4 232.4 229.9 224.7 221.3 217.5 212.8 207.3 199.1 189.8 183.7 181.2 175.6 170.2 164.3 160.3 156 150.6 149.8 146.6 146.8 149 147.3 142.7 146.4 154.1 157.4 159 158.6 153.5 146.8 166.3 183.9 199.7 217.4 235.4 252.8 266.6 278.7 284.7 285.8 284 283.1 283.3 287 289.5 286.5 283.5 281.2 279.3
136.8 135.7 137.1 145.4 154.1 159 160.2 157.6 173.6 184.6 197.2 212.9 226 231 231.2 230.2 227.7 224.1 220.3 214.5 211.6 216.9 226 236.7 245.6 251.7 260.1 266.8 269.4 269.9 266 257.3 251.2 243.7 237.5 230.7 224 210.3 202.2 202.2 197.7 190.5 182.9 178.3 171.6 165.4 162.3 159.7 159.8 156.3 151.4 145.8 150.7 156.6 160.1 162 164.2 164.7 161.3 150.6 165.7 183.6 204.2 223.5 240.9 253.5 263.9 272.5 279.4 284.8 289.3 294.9 305.2 307.8 302 295.5 289.8 287.1
