Game/Highland_Data/StreamingAssets/GeoData/Data/nt/NT37.asc
ncols 200
nrows 200
xllcorner 330000
yllcorner 670000
cellsize 50
[rows 114 to 151 of 200, columns 0 to 84 of 200]
12.6 11.8 11.2 8.1 7.1 5.8 5.8 4.9 5.1 5.2 3.6 2.9 2.3 1.4 0.5 -0.4 -2.1 -2.1 -2.1 -2.1 -2.1 -2.1 -2.1 -2.1 -2.1 -2.1 -2.1 -2.1 -2.1 -2.1 -2.1 -2.1 -2.1 -2.1 -2.1 -2.1 -2.1 -2.1 -2.1 -2.1 -2.1 -2.1 -2.1 -2.1 -2.1 -2.1 -2.1 -2.1 -2.1 -2.1 -2.1 -2.1 -2.1 -2.1 -2.1 -2.1 -2.1 -2.1 -2.1 -2.1 -2.1 -2.1 -2.1 -2.1 -2.1 -2.1 -2.1 -2.1 -2.1 -2.1 -2.1 -2.1 -2.1 -2.1 -2.1 -2.1 -2.1 -2.1 -2.1 -2.1 -2.1 -2.1 -2.1 -2.1 -2.1
13.2 11.7 10.4 10.1 8.7 5.9 4.8 4.8 4.9 5.3 5.4 4.8 3.4 2.4 1.5 0.6 -0.3 -2.1 -2.1 -2.1 -2.1 -2.1 -2.1 -2.1 -2.1 -2.1 -2.1 -2.1 -2.1 -2.1 -2.1 -2.1 -2.1 -2.1 -2.1 -2.1 -2.1 -2.1 -2.1 -2.1 -2.1 -2.1 -2.1 -2.1 -2.1 -2.1 -2.1 -2.1 -2.1 -2.1 -2.1 -2.1 -2.1 -2.1 -2.1 -2.1 -2.1 -2.1 -2.1 -2.1 -2.1 -2.1 -2.1 -2.1 -2.1 -2.1 -2.1 -2.1 -2.1 -2.1 -2.1 -2.1 -2.1 -2.1 -2.1 -2.1 -2.1 -2.1 -2.1 -2.1 -2.1 -2.1 -2.1 -2.1 -2.1
14.1 13.2 10.9 11.1 9.9 7.2 6.2 5.3 5.6 6 6.2 5.9 5.3 3.9 2.5 1.6 0.8 0 -0.9 -2.1 -2.1 -2.1 -2.1 -2.1 -2.1 -2.1 -2.1 -2.1 -2.1 -2.1 -2.1 -2.1 -2.1 -2.1 -2.1 -2.1 -2.1 -2.1 -2.1 -2.1 -2.1 -2.1 -2.1 -2.1 -2.1 -2.1 -2.1 -2.1 -2.1 -2.1 -2.1 -2.1 -2.1 -2.1 -2.1 -2.1 -2.1 -2.1 -2.1 -2.1 -2.1 -2.1 -2.1 -2.1 -2.1 -2.1 -2.1 -2.1 -2.1 -2.1 -2.1 -2.1 -2.1 -2.1 -2.1 -2.1 -2.1 -2.1 -2.1 -2.1 -2.1 -2.1 -2.1 -2.1 -2.1
15 14.5 13.9 12.7 10.5 9.3 8.1 6.5 6.3 6.7 7 6.5 5.9 6 4 3 2 1.1 0.1 -0.8 -2.1 -2.1 -2.1 -2.1 -2.1 -2.1 -2.1 -2.1 -2.1 -2.1 -2.1 -2.1 -2.1 -2.1 -2.1 -2.1 -2.1 -2.1 -2.1 -2.1 -2.1 -2.1 -2.1 -2.1 -2.1 -2.1 -2.1 -2.1 -2.1 -2.1 -2.1 -2.1 -2.1 -2.1 -2.1 -2.1 -2.1 -2.1 -2.1 -2.1 -2.1 -2.1 -2.1 -2.1 -2.1 -2.1 -2.1 -2.1 -2.1 -2.1 -2.1 -2.1 -2.1 -2.1 -2.1 -2.1 -2.1 -2.1 -2.1 -2.1 -2.1 -2.1 -2.1 -2.1 -2.1
15.3 15.2 13 12.3 11 9.6 9.7 8.6 7.9 8.1 8.2 7.3 6.3 5.9 5.4 5 3.5 2.1 1.3 0.3 -0.7 -2.1 -2.1 -2.1 -2.1 -2.1 -2.1 -2.1 -2.1 -2.1 -2.1 -2.1 -2.1 -2.1 -2.1 -2.1 -2.1 -2.1 -2.1 -2.1 -2.1 -2.1 -2.1 -2.1 -2.1 -2.1 -2.1 -2.1 -2.1 -2.1 -2.1 -2.1 -2.1 -2.1 -2.1 -2.1 -2.1 -2.1 -2.1 -2.1 -2.1 -2.1 -2.1 -2.1 -2.1 -2.1 -2.1 -2.1 -2.1 -2.1 -2.1 -2.1 -2.1 -2.1 -2.1 -2.1 -2.1 -2.1 -2.1 -2.1 -2.1 -2.1 -2.1 -2.1 -2.1
15.1 14.9 14 12.6 10.4 9.5 9.9 9.6 9.4 9.2 9 7.8 7 6.5 6 5.7 4.7 3.7 2.4 1.5 0.6 -0.5 -2.1 -2.1 -2.1 -2.1 -2.1 -2.1 -2.1 -2.1 -2.1 -2.1 -2.1 -2.1 -2.1 -2.1 -2.1 -2.1 -2.1 -2.1 -2.1 -2.1 -2.1 -2.1 -2.1 -2.1 -2.1 -2.1 -2.1 -2.1 -2.1 -2.1 -2.1 -2.1 -2.1 -2.1 -2.1 -2.1 -2.1 -2.1 -2.1 -2.1 -2.1 -2.1 -2.1 -2.1 -2.1 -2.1 -2.1 -2.1 -2.1 -2.1 -2.1 -2.1 -2.1 -2.1 -2.1 -2.1 -2.1 -2.1 -2.1 -2.1 -2.1 -2.1 -2.1
14.3 13.5 11.8 11.3 10.6 9.6 10.1 10 9.6 9.4 9.1 8.4 7.4 6.7 6.2 6 6.1 5.3 4.4 2.8 1.9 0.8 -0.5 -2.1 -2.1 -2.1 -2.1 -2.1 -2.1 -2.1 -2.1 -2.1 -2.1 -2.1 -2.1 -2.1 -2.1 -2.1 -2.1 -2.1 -2.1 -2.1 -2.1 -2.1 -2.1 -2.1 -2.1 -2.1 -2.1 -2.1 -2.1 -2.1 -2.1 -2.1 -2.1 -2.1 -2.1 -2.1 -2.1 -2.1 -2.1 -2.1 -2.1 -2.1 -2.1 -2.1 -2.1 -2.1 -2.1 -2.1 -2.1 -2.1 -2.1 -2.1 -2.1 -2.1 -2.1 -2.1 -2.1 -2.1 -2.1 -2.1 -2.1 -2.1 -2.1
13.1 12.3 11.8 11.6 9.9 9.9 10.5 10.6 10.2 9.7 9.4 9.1 8.1 7.3 6.5 5.9 5.7 5.8 5.6 4.6 3.4 2.2 0.9 -0.3 -2.1 -2.1 -2.1 -2.1 -2.1 -2.1 -2.1 -2.1 -2.1 -2.1 -2.1 -2.1 -2.1 -2.1 -2.1 -2.1 -2.1 -2.1 -2.1 -2.1 -2.1 -2.1 -2.1 -2.1 -2.1 -2.1 -2.1 -2.1 -2.1 -2.1 -2.1 -2.1 -2.1 -2.1 -2.1 -2.1 -2.1 -2.1 -2.1 -2.1 -2.1 -2.1 -2.1 -2.1 -2.1 -2.1 -2.1 -2.1 -2.1 -2.1 -2.1 -2.1 -2.1 -2.1 -2.1 -2.1 -2.1 -2.1 -2.1 -2.1 -2.1
12.6 11.8 11.9 11.4 10 9.7 10.1 10.5 10.1 9.9 9.7 9.4 8.7 8 7.2 6.6 6.2 6.2 6.3 5.8 5 3.8 2.5 1.2 0 -2.1 -2.1 -2.1 -2.1 -2.1 -2.1 -2.1 -2.1 -2.1 -2.1 -2.1 -2.1 -2.1 -2.1 -2.1 -2.1 -2.1 -2.1 -2.1 -2.1 -2.1 -2.1 -2.1 -2.1 -2.1 -2.1 -2.1 -2.1 -2.1 -2.1 -2.1 -2.1 -2.1 -2.1 -2.1 -2.1 -2.1 -2.1 -2.1 -2.1 -2.1 -2.1 -2.1 -2.1 -2.1 -2.1 -2.1 -2.1 -2.1 -2.1 -2.1 -2.1 -2.1 -2.1 -2 -2.1 -2.1 -2.1 -2.1 -2.1
12.9 11.8 9.9 10 9.4 9.6 9.8 10.1 9.9 9.7 9.9 9.7 9.4 8.6 8 7.4 7.2 7.2 7.2 6.6 6 5.4 4.3 3 1.7 0.5 -0.8 -2.1 -2.1 -2.1 -2.1 -2.1 -2.1 -2.1 -2.1 -2.1 -2.1 -2.1 -2.1 -2.1 -2.1 -2.1 -2.1 -2.1 -2.1 -2.1 -2.1 -2.1 -2.1 -2.1 -2.1 -2.1 -2.1 -2.1 -2.1 -2.1 -2.1 -2.1 -2.1 -2.1 -2.1 -2.1 -2.1 -2.1 -2.1 -2.1 -2.1 -2.1 -2.1 -2.1 -2.1 -2.1 -2.1 -2.1 -2.1 -2.1 -2.1 -1.8 -1.6 -1.4 -1.6 -1.8 -2.1 -2.1 -2.1
17.2 12.2 10.3 10 9.7 9.8 9.8 10 9.7 9.8 9.9 10 9.8 9.7 9.3 9 8.5 8.1 8.1 7.5 6.9 6.3 6 5.2 4.1 2.2 0.9 -0.4 -2.1 -2.1 -2.1 -2.1 -2.1 -2.1 -2.1 -2.1 -2.1 -2.1 -2.1 -2.1 -2.1 -2.1 -2.1 -2.1 -2.1 -2.1 -2.1 -2.1 -2.1 -2.1 -2.1 -2.1 -2.1 -2.1 -2.1 -2.1 -2.1 -2.1 -2.1 -2.1 -2.1 -2.1 -2.1 -2.1 -2.1 -2.1 -2.1 -2.1 -2.1 -2.1 -2.1 -2.1 -2.1 -2.1 -2.1 -2.1 -1.9 -1.6 -1.3 -1.1 -1.1 -1.3 -1.5 -1.7 -1.9
13.7 12.1 11.7 10 10 10 9.9 9.8 9.9 10 10 10 9.9 10 10.1 10.2 10.1 9.7 9.3 8.7 8 7.4 7.1 6.7 5.6 3.7 2.6 1.3 0 -2.1 -2.1 -2.1 -2.1 -2.1 -2.1 -2.1 -2.1 -2.1 -2.1 -2.1 -2.1 -2.1 -2.1 -2.1 -2.1 -2.1 -2.1 -2.1 -2.1 -2.1 -2.1 -2.1 -2.1 -2.1 -2.1 -2.1 -2.1 -2.1 -2.1 -2.1 -2.1 -2.1 -2.1 -2.1 -2.1 -2.1 -2.1 -2.1 -2.1 -2.1 -2.1 -2.1 -2.1 -2.1 -2.1 -1.9 -1.7 -1.3 -1 -0.8 -0.5 -0.7 -0.9 -1.1 -1.3
13.8 12.3 19.7 14.8 10.4 10.1 9.9 9.9 10 10.1 10.1 10 10 10.1 10.2 10.9 10.9 10.8 10.4 10 9.7 9.1 8.3 8 7 6.2 4.6 3 1.7 0.6 -0.6 -2.1 -2.1 -2.1 -2.1 -2.1 -2.1 -2.1 -2.1 -2.1 -2.1 -2.1 -2.1 -2.1 -2.1 -2.1 -2.1 -2.1 -2.1 -2.1 -2.1 -2.1 -2.1 -2.1 -2.1 -2.1 -2.1 -2.1 -2.1 -2.1 -2.1 -2.1 -2.1 -2.1 -2.1 -2.1 -2.1 -2.1 -2.1 -2.1 -2.1 -2.1 -2.1 -2.1 -1.8 -1.6 -1.3 -1.1 -0.8 -0.5 -0.3 -0.1 -0.4 -0.6 -0.8
14.3 13.1 12 17.8 17 10 10.5 10.2 10.3 10.3 10.2 11.2 11 10.3 10.9 11.5 12.7 12.6 12.3 12 11.4 10.7 10.1 10.1 9.3 8.4 6.8 5.3 3.7 2.5 1.2 -0.2 -2.1 -2.1 -2.1 -2.1 -2.1 -2.1 -2.1 -2.1 -2.1 -2.1 -2.1 -2.1 -2.1 -2.1 -2.1 -2.1 -2.1 -2.1 -2.1 -2.1 -2.1 -2.1 -2.1 -2.1 -2.1 -2.1 -2.1 -2.1 -2.1 -2.1 -2.1 -2.1 -2.1 -2.1 -2.1 -2.1 -2.1 -2.1 -2.1 -2.1 -2.1 -1.7 -1.5 -1.2 -1 -0.7 -0.6 -0.2 0.1 0.2 0.2 0 -0.2
15.1 14.4 12.2 11.8 15.4 19.5 19.5 19.4 19.3 18.7 18.1 19.3 19.9 19.7 14.1 12.7 13.5 14.1 14.5 14.1 13.5 12.9 12.5 12.1 11.8 9.8 8.3 7.1 6 4.6 3 1.6 0.4 -2.1 -2.1 -2.1 -2.1 -2.1 -2.1 -2.1 -2.1 -2.1 -2.1 -2.1 -2.1 -2.1 -2.1 -2.1 -2.1 -2.1 -2.1 -2.1 -2.1 -2.1 -2.1 -2.1 -2.1 -2.1 -2.1 -2.1 -2.1 -2.1 -2.1 -2.1 -2.1 -2.1 -2.1 -2.1 -2.1 -2.1 -2.1 -1.7 -1.5 -1.3 -1.1 -0.9 -0.6 -0.4 -0.2 0 0.3 0.6 0.7 0.6 0.4
16.2 14.5 12 12.2 12.2 17.9 19.5 19.6 19.9 19.8 20 21.1 21.4 20.3 17.1 17.4 20 15 16.2 16.9 16.2 15.8 15.1 14.3 13.5 11.2 9.8 8.9 7.9 6.6 5.3 3.6 2.1 1 0 -2.1 -2.1 -2.1 -2.1 -2.1 -2.1 -2.1 -2.1 -2.1 -2.1 -2.1 -2.1 -2.1 -2.1 -2.1 -2.1 -2.1 -2.1 -2.1 -2.1 -2.1 -2.1 -2.1 -2.1 -2.1 -2.1 -2.1 -2.1 -2.1 -2.1 -2.1 -2.1 -2.1 -2.1 -2 -1.7 -1.3 -1.2 -1 -0.7 -0.5 -0.3 0 0.2 0.4 0.6 0.9 1 1.1 0.9
16.6 15.6 13.7 13.9 13.5 14 18.6 19.5 19.8 20 19.9 19.8 21.9 22.2 21.2 18.5 17.7 17.5 21.3 19 18 17.7 17.2 16.6 15.4 13.7 12.8 11.4 9.8 8.2 7.1 6.3 4.3 3 1.8 1 0.3 -0.3 -0.3 -0.1 0.2 -0.2 -2.1 -2.1 -2.1 -2.1 -2.1 -2.1 -2.1 -2.1 -2.1 -2.1 -2.1 -2.1 -1.9 -2.1 -2.1 -2.1 -2.1 -2.1 -2 -2.1 -2.1 -2.1 -2.1 -2.1 -2.1 -2.1 -2 -1.7 -1.3 -1 -0.8 -0.6 -0.4 -0.2 0.1 0.3 0.6 0.8 0.9 1.1 1.4 1.5 1.5
16.8 15.8 15.1 15.3 15.9 15.8 16.7 17.5 19.5 19.6 20.1 20.1 20.4 19.9 20.4 20.1 19.4 18.8 18.9 20 21.9 19.3 19 18.9 17.8 16.8 16.2 15 13.5 11.9 10.2 8.9 7.5 6.1 6.9 5.3 2.4 2.2 2 1.8 2.2 3.4 1.8 1.3 1.2 1 0.6 0 -0.7 -2.1 -2.1 -2.1 -1.7 -1.3 -1 -2.1 -2.1 -2.1 -2.1 -1.5 -1.4 -1.5 -1.6 -1.7 -1.7 -1.7 -2.1 -2.1 -1.6 -1.3 -1 -0.7 -0.4 -0.2 0 0.2 0.4 0.7 0.9 1.1 1.3 1.5 1.7 1.9 2
18.1 17.4 17.5 17.2 16.9 17.1 17.7 18.2 19 19.5 19.5 19.7 20.2 19.7 20.3 20.6 19.7 19.6 19.8 20.1 21.9 24.3 20.5 20.5 20.4 19.3 18.4 17.4 16.3 15.6 14.9 13.3 11.8 10 9 8.5 8.6 8.9 9.1 8.7 8.5 8.1 7.9 7.9 7.6 3.9 2.6 2 1.3 0.4 -0.2 -0.8 -0.4 -0.3 -0.1 -2.1 -2.1 -2.1 -1.8 -0.9 -0.9 -0.9 -1.1 -1.2 -1.1 -0.9 -1 -1.1 -1.1 -1 -0.7 -0.4 -0.1 0.2 0.4 0.6 0.8 1 1.3 1.5 1.7 1.9 2 2.2 2.4
19.5 18.8 19.3 19.3 18.4 19.3 19.3 19.4 18.7 19.8 20 19.5 19.5 19.8 20.2 20.6 19.8 20.4 20.4 19.9 20.1 22.1 25.2 21.5 22.1 21.9 21.2 20.3 19.2 18.9 18.4 19.3 18.1 17.3 12.9 12.7 14 14.2 15.3 14.6 15 15.9 15.8 15.2 14.9 12.9 11.8 9 7.8 2.7 2.3 1.2 0.9 0.6 0.6 -1.8 -2.1 -2.1 -0.8 -0.3 -0.3 -0.4 -0.6 -0.6 -0.5 -0.2 -0.3 -0.3 -0.4 -0.5 -0.4 0 0.3 0.6 0.8 1 1.2 1.4 1.6 1.9 2.1 2.3 2.4 2.6 3.7
20.8 20.5 20.9 20.6 20.1 21.3 21.1 20.6 20.2 20.7 20.8 21.1 20.9 20.9 20.7 20.1 20.2 20.8 21.1 20.9 21.6 22.4 26.9 23.6 22.9 22.8 22.2 21.9 21.6 20.8 21.3 22 22.1 22 20.8 21.3 21.2 21.3 21.4 21 21.7 19.9 21.7 21.7 20.3 20.1 19.7 17.4 13.5 9.9 9 4.3 2.1 1.6 1 -1.4 -2.1 -1.5 0.2 0.3 0.3 0.2 0 -0.1 0.1 0.4 0.5 0.4 0.3 0.2 0.2 0.3 0.6 0.9 1.1 1.3 1.6 1.8 2 2.2 2.5 2.6 4.9 5.3 5.1
22.2 22.1 22.3 22.2 21.5 22.6 22.6 22.5 22.4 22.3 22 22.5 22.4 22.2 22.4 23.9 25.2 23.6 24.3 21.5 24.7 22.3 22.5 22.4 22.5 26.1 23.3 22.9 23.4 23.1 23.7 24.3 23.7 23.7 24 23.8 23.8 23.8 23.7 23.8 23.3 23.3 23.3 23.3 22.5 21.7 20.5 20.1 18.1 12 9.4 7.9 5.9 2.7 1.5 -0.9 -2.1 -0.5 1.2 0.9 0.9 0.7 0.5 0.5 0.7 1 1.2 1.2 1 1 0.9 0.8 0.9 1.2 1.5 1.7 1.9 2.1 2.4 2.6 4.3 4.7 4.6 4.5 4.6
24 23.9 23.9 23.7 23.1 23.8 24 23.8 23.9 23.9 23.7 24 24 23.7 23.7 24.5 25.4 25.2 25.2 24.6 25.4 25 25.9 30 26.6 27.2 26.5 25.7 24.5 22.3 24.4 24.5 24.8 24.6 24.9 24.9 25.1 25.2 24.9 25.1 25 24.3 24.2 24.3 24.2 23.7 21.6 20.6 18.4 15.3 11.5 9.1 8.2 8.1 7.2 -2.1 -1.3 0.4 1.8 1.5 1.4 1.2 1 1.1 1.3 1.6 1.8 1.9 1.8 1.7 1.6 1.5 1.5 1.6 1.9 2.1 2.3 2.5 3.5 4.9 4.9 4.3 4.2 4.1 3.9
25.9 25.8 25.5 25.1 24.8 24.9 25.1 25 25.1 25.3 25.4 25.4 25.5 25.5 25.6 26 26.4 27 26.2 26.6 27.4 27.9 24.6 31.4 28.8 28.8 28.4 27.6 27.1 27.7 26.5 25 24.9 26.7 26.6 26.3 26.7 26.3 26.1 26.2 25.9 25.7 25.4 24.9 24.5 24.5 24.2 22.5 20.1 17.2 13.9 10.7 8.9 7.9 7.1 -2.1 5.2 2.3 2.4 2.1 2 1.7 1.5 1.7 1.9 2.2 2.4 2.6 2.5 2.4 2.3 2.2 2.2 2.1 2.2 2.5 3 5 5.2 4.8 4.6 4.3 4.4 4.2 4.8
27.3 27 26.7 26.3 26.2 26.3 26.5 26.1 26.1 26.2 26.3 26.3 26.5 26.5 26.6 27 27.9 28.4 28.2 28.7 29.2 29.8 30.4 25.4 31.7 31.4 31.5 30.4 30.1 30.7 29.3 28 27 26.4 24.9 28.4 27.8 27.7 27.6 27.1 26.6 26.1 25.5 25.2 25 23.6 20.9 18.2 16.8 10.4 9 8.6 8 8.7 7 6 5.6 6.1 5.3 3.3 2.5 2.2 2.1 2.3 2.6 2.6 2.6 2.7 2.7 2.7 2.7 2.6 2.6 2.6 2.7 4.9 4.7 4.7 4.9 5 4.6 4.4 4.5 4.4 4.3
28.5 28.2 27.8 27.5 27.5 27.6 27.7 27.2 27.2 27.2 27.1 27.4 28.4 29 29 29.1 29.6 30.7 31 31.6 32.3 32.9 33 34.5 28.4 33.2 32.7 31.7 31.6 32.5 31.7 30.6 31.2 29.5 26.7 26.2 28.4 28.2 27.6 27.3 27 26.9 26 20.3 16 14.2 11.8 9.2 9 7.8 7.2 5.7 5.7 6.6 5.4 7.3 7.9 7.6 6.8 5.8 5.5 3.7 2.6 2.6 2.7 2.6 2.7 2.7 2.7 2.7 2.6 2.7 2.6 3.5 4.1 5.2 5 4.6 4.7 5.2 4.9 4.4 4.7 4.4 4.6
29.7 29.5 29.3 29 28.8 29 28.9 28.5 28 27.8 28.1 29.7 29.7 29.5 29.9 29.9 31 33.2 33.7 34.2 35.1 34.8 34.6 35.7 31.1 33.3 33.7 32.4 32.4 33.3 33 31.8 30.9 30.6 30.2 30.1 29.7 24.3 27.8 27.8 24.2 22.2 17.6 12 10 9.1 9 8.7 9.2 9.8 8.1 11.9 9.4 5 9.4 9.8 10.3 9.8 9.2 7.9 7.4 6.4 6.1 5.7 3.7 4.2 4.6 4.7 2.7 2.6 3.8 5 4.9 5.1 5 4.8 4.6 4.3 4.5 4.6 4.8 4.5 4.1 4.6 4.7
30.9 30.7 30.5 30.3 30.1 30.1 30.3 29.9 28.9 28.6 29 32.4 32.5 33.1 33.9 34.5 34.7 34.7 35.4 35.4 35.9 35.7 35.7 36.1 36.8 27.6 33.7 32.7 32.8 32.9 33 32.3 31.8 31.5 30.9 31.2 30.8 29.8 23.1 27.7 19.6 17.4 12.2 15.6 14.9 14.4 14.6 16.5 16.2 15.4 12.5 15 15.8 16.2 20.8 21.4 18.8 12.3 10 8.7 7.7 7.7 7.8 7.2 6.1 5.6 5.1 5.3 5.6 5.4 5.8 5.2 5.4 5.1 4.7 4.7 4.9 4.8 5.1 5 5.4 4.5 4.7 5.3 6.1
32.1 31.9 31.7 31.5 31.3 31.2 32 31.6 31.4 32.1 32.8 33.9 34.5 34.9 35.6 35.5 35.5 35.5 35.8 35.6 35.8 35.8 34.9 35 36.8 32.8 33.1 33.2 33.4 32.8 32.9 33.5 32.8 32.6 32.2 31.1 30.3 28.7 27.7 23.6 16.6 11.3 19.3 19.8 18.4 16.7 17.5 19.2 18.7 17.9 15.6 17.9 19.4 21.1 23 23.6 23.7 23.7 17.4 11.3 9.6 8.5 8 8.3 8 7.6 6.6 6.2 6.4 6.1 6.8 6.2 6.8 6.2 5.3 5.4 5.7 5.7 5.2 5.4 5.7 6.2 6.1 6.2 6.3
33.3 33.1 33 32.8 32.6 32.8 33.4 33.7 33.7 34.4 34.9 35.6 35.8 36.1 36.5 36.7 36.3 35.8 35.6 35.3 35.1 34.6 34.3 35.1 34 33.1 33 33.4 33.5 33.3 32.9 32.8 32.8 32.8 32.8 30.2 28.8 27.4 17.8 12.4 18.2 22.8 22.8 22.5 21.6 20.6 20.2 20.2 20.1 20.2 17.5 19.2 20.6 22.4 23.4 23.2 23.7 23.9 22.8 20.7 14.7 10.8 9.6 9.1 8.8 8 7.7 6.9 6.8 6.7 6.9 6.5 6.3 6.2 5.5 5.5 5.8 5.8 5.8 6 6.1 5.9 5.8 6.1 5.7
34.5 34.3 34.3 34.4 34.6 34.7 35 35.3 35.6 35.9 36.6 37 37.4 37.2 36.2 36.4 36.5 35.6 35.6 35.5 35.4 34.9 34.2 35 33.2 33.4 31.4 34.4 33.7 33.3 33.1 33.2 32.7 32.8 32.5 29.7 23.5 17.3 20.3 22.8 25.7 24.7 25.5 24.5 23.7 23.5 23.1 22.9 22.5 21.9 18.3 20.1 21.2 22 22.7 23.2 24 23.7 22.8 21.6 18.2 12.4 11.8 10.6 8.9 8.4 7.3 7.2 7.8 7.9 7.8 7.7 7.5 6.6 7.6 7.1 7.5 7.4 7 6.4 6.5 6.2 6.3 6.9 6.1
36.3 36.2 36.4 36.5 36.5 36.5 36.8 36.6 36.9 37.5 37.7 37.7 37.6 37.1 37 36.9 36.4 36.2 35.6 35.3 35 35 34.2 34.6 33.4 33.1 30 34.8 34.3 34.3 33.2 32.9 31.6 31.7 25.7 20.3 16.6 22.8 25.2 26.4 27.2 27.2 26.3 26 25.2 24.9 24.3 23.8 23.4 22.1 18.9 21.4 22.5 22.8 22.9 23.6 24.4 24.4 23.4 22.5 21.5 18.7 12.1 10.9 10 8.2 7.4 8.2 8.3 8.3 8.3 7.9 8.1 7.5 6.9 7 8.1 7.9 7.7 7.8 7.7 6.2 6.2 6.5 4.9
37.9 37.9 37.8 37.7 37.9 38 37.7 37.3 37.3 37.6 37.4 37.7 36.6 36.9 36.9 37 36.4 36.4 36 35.8 35 35.1 34 34.5 33.5 33.1 32.5 34.4 33.4 30.7 31.3 26.8 22.5 20.9 18.7 23.4 27 28.4 28.8 28 28.1 28.1 27.9 27 27 26.2 25.4 24.4 23.8 22.5 19.9 22.5 24.3 23.9 23.5 24.1 24.9 25 24.2 23.3 22.5 21.5 13.8 10.6 10 9.9 8.7 9.5 8.7 8.4 8.4 8.7 8.7 8.6 7.2 7.1 7.8 9.2 8.8 8.4 8 6.7 5.2 5.6 3
39 38.8 38.7 38.7 38.8 38.5 38.4 38 37.4 37.2 36.4 36.6 37.1 37.3 37 36.6 36.6 36.8 36.5 35.2 35.1 34.7 34.6 35.4 34.2 33.1 33.9 32.3 30.2 26.4 23.7 20.8 18.3 24.7 29.3 30.7 30.7 30.2 29.3 28.9 28.6 28.4 28.2 24.3 27.3 26.5 26.4 25.4 24.4 23 21.3 20.7 25 24.8 24.3 24.5 25 25.1 25.2 24.2 23.7 22.4 18.1 11.2 10.2 10.6 10.2 9.6 9.1 8.9 8.7 7.7 8.4 10 8.5 7.8 8.6 8.2 7.4 8.5 7.2 5.4 4.9 2.8 2.7
39.5 39.5 39.5 39.5 39.2 39 38.7 38.4 38 37.8 37.4 37.1 37.3 36.7 37 36.5 36 35.7 35.7 35.3 34.8 34.5 33.6 33.5 33.5 32.5 33.3 29.1 22.9 24.7 28.8 30.1 31.1 33.3 32.5 32 31.5 30.9 30 29.8 29.7 29.4 28.6 27.6 28.4 27.1 26.1 26 25.5 24.3 23 21.4 23.3 25 25 25 25.1 25.3 25.4 25.3 23.6 22.1 16.7 12.1 11.2 10.9 11.1 9.9 10 10.3 9 7.8 9.3 10.4 10.3 9.3 9.3 8.7 8.1 7.4 6.7 5 3.1 4.4 5.6
39.9 39.9 39.5 39 38.9 38.6 38.3 38.1 37.1 37.2 37.4 37.4 36.7 36.1 35.9 36.3 35.9 35.6 35.4 34.1 33.7 32.7 32.5 32.5 31.7 33.2 33.7 31.4 30.5 33.1 33.5 33.7 33.8 33.5 33.3 32.8 32.2 31.6 30.8 30.7 30.6 30.2 29.2 28.3 24 26.7 25.6 25.6 25.6 24.8 24 22 22.6 23.8 24.6 25 25.1 25.2 25.3 25.2 24 20.7 16.5 14.6 13.3 13.7 11.4 11.4 10.7 11.2 12.1 11.6 10.8 11.8 11.2 10 9 8.7 7.9 7.1 5.1 3.1 5.4 6 7.1
39.8 39.6 39 38.5 38.3 38.1 37.8 37.2 36.3 35.8 33.5 33.2 32.4 32.2 31.8 29.9 30.1 30.2 30.7 30.7 29 26.7 26.3 29.7 35.8 35.1 35.1 33.3 34 34.1 34.3 34.4 34.3 34 33.9 33.5 32.9 32.3 31.6 31.5 31 30.5 29.6 28.5 27.3 26.7 25.7 24.9 25.1 24.6 23.8 22.4 23 23.7 24.4 24.9 25 25.2 25.1 24.4 21.8 18.7 16.9 16.3 17.2 16.3 14.4 14.5 11.2 11.4 11.4 12.9 11.7 10.6 10.5 9.5 8.4 7.5 6.3 4 6.1 5.8 6.3 7.4 8
38.5 38.5 38.4 38 37.7 37.1 35.9 34.9 33.4 34.4 33.8 33.9 33.4 33.6 33.6 34.4 33.9 33.3 28.8 27.4 27.8 30.3 33.8 34.8 35.5 35.3 35.6 33.7 37.1 34.9 34.8 34.8 34.7 34.4 34 33.4 33 32.6 32.3 32.1 31.6 30.8 29.6 28.4 27.3 24.1 25.5 24.9 24 23.3 22.8 22.6 23.4 24.1 24.7 24.9 25 25.1 23.9 21.9 20.6 18.4 17.4 17.5 17.5 16.6 15.7 16 14.4 11.5 12.3 12 11.9 11.7 11.1 9.5 8.4 7.2 3.1 6.9 7 7.8 8.7 8.3 8.3
