Game/Highland_Data/StreamingAssets/GeoData/Data/nt/NT40.asc
ncols 200
nrows 200
xllcorner 340000
yllcorner 600000
cellsize 50
[rows 35 to 69 of 200, columns 0 to 77 of 200]
321.4 321 321.7 318.4 313.9 307.1 301.4 294.5 289.3 285.6 280.8 277.1 273.8 270.6 266.7 261.5 256.9 252.5 248.1 248.4 248.9 248.1 246.5 244.4 240.4 236.9 230.9 228.8 231.8 235.4 233.7 230.5 224.1 220.8 221.4 222.4 225.7 226.2 226.8 227.9 222.6 219.5 218.1 220.8 221.9 223.3 220.8 219.3 214 206.6 199.5 192 191.7 192.4 191.2 190.2 183.4 194.5 210.4 223.9 233.5 237.1 243.8 245.5 240.1 233.2 224.1 215.9 210.4 202.6 193.4 187.5 178.8 171.9 164 157.2 148.9 150.4
332.5 333.5 330.7 325.1 317.9 310.8 303.2 296.6 291.7 287.5 283 279.8 276.5 273.7 268.7 263.5 258 253 254 252.3 251.6 250.2 248.4 246.1 243.7 241.1 236.1 232.7 235.4 237.1 235.9 231.9 227.8 224.3 216.5 217.6 221.9 220.9 219 216.6 213.7 209.9 209 209.8 208.4 207.4 210.4 208.5 201.9 197 189.6 181.4 188.7 189.5 186.3 179.1 183.3 197.6 212.2 220.9 229.7 235.3 235.6 234.6 230.5 221 215.6 210.1 204.6 195.5 183.6 176.6 170.9 163.2 154.5 150.3 150.8 150.5
344 341.4 336.1 330.3 321.7 312.8 302.6 296.1 291.9 287.6 284.4 281.4 278.5 275.5 270.8 263.8 263.3 260.5 258.1 255.3 253.5 251.9 249.9 247.3 245.3 243.1 238.1 234.8 236.7 237.4 235.5 231.2 227.8 225 221.4 213.5 216.8 217.5 215.4 212.7 208.2 202.1 197.7 195.1 194.3 196.7 193 187.3 184.7 181.9 181.2 182.9 176.6 174.7 178.9 171.7 180.5 197.7 214.4 218.7 220.9 222.7 224.2 223.6 216.9 213.3 208.1 198.8 194.1 184.3 175.6 169 161.9 154 152 151.5 151.4 150.3
347.1 344.3 338.8 332.7 323.7 312 303.3 296.3 292.3 289 286 282.6 279.7 276 274.2 271.4 268.4 264.5 262.1 257.6 255.8 253.8 251.3 248.5 246.1 242.6 238.6 240.9 240.7 239.5 235.9 232.9 230.2 226.2 220.6 216.3 211.1 211.3 209.9 204 201.9 208.7 206 201.6 199.9 199.5 196.5 192.6 190.2 189.1 190.7 192.3 189.6 185.8 178.3 167.7 178.6 194.4 207.1 212 212.6 216.2 211.8 212.4 209.8 203.9 198.6 188.1 180.7 173.4 168.1 159.1 155.2 151.4 151.7 152 152.1 151.2
347.6 344.4 340.6 332.4 323 311.5 302.6 296.8 293.3 290.8 288.2 284.7 282.7 282.3 279.7 278 275.2 270.2 264.6 261.3 258.9 256.6 252.8 250.3 247.6 246.5 248.3 249 247.7 245.2 241.8 237.4 234.4 230.7 225.5 220.6 217.2 215.6 215.8 217.7 219 220.8 222.7 220.7 218.7 216.4 211.9 206.2 201.6 197.4 196.1 196.3 195.9 193.1 186.9 174.4 169.9 185.3 199.6 200.6 201.7 200.7 199.9 201.3 197.6 191.8 183.5 171 167.1 161.7 154.6 150.4 152.7 151.9 152.2 152.8 153 152.7
345.3 343.5 338.5 330.6 320.9 309.9 303.1 298.4 295.3 292.2 289.5 288.4 287.8 286.8 286.7 284.9 280.6 273.4 267.5 264.2 261.1 258.3 257.8 256.1 256.2 254.8 254.3 253.9 255.1 252.7 248.5 244.8 239.7 234.3 230 229.7 229.7 230 229.2 227.3 227.9 227.4 224.6 221.6 219.6 216.7 213 210.5 207.9 205 201.6 199.9 198.8 195.5 191.8 181.8 166.5 172.4 182.7 184.1 184.4 183.7 183.6 182 179.6 175.4 165.9 158.6 153.8 152 151.9 152.9 153.1 153.1 153.4 153.9 154.1 153.6
337.6 341.2 336.7 329 317.8 309.2 304.5 301 298.2 295.5 293.8 291.6 293.5 295.1 292.9 288.8 283.4 276.1 270 266.5 265.7 266.7 265.7 263.4 261.5 261.1 261.6 262.6 261.9 260 254.2 248.8 245.4 243.4 244.1 243 242.1 241.2 235.5 231.6 229.6 226.2 223.7 220.4 218.2 215 212.5 210.2 208.4 206.1 205.2 203.8 200.8 197.5 193.5 186.7 178.6 164.7 165.7 170.3 169.5 168.6 167.2 164.2 162.6 158.5 154.9 153.4 153.1 152.8 152.8 157.2 160.3 154 154.7 155.2 155.3 154.8
329.2 333.2 331.5 324 316.4 307 303.7 301.6 298.6 296.8 294.9 294.6 300.8 300.1 296.7 291.6 284.5 279 272.8 269.5 273.8 274.1 270.7 268.4 268.6 268.9 268.1 270.3 270.2 266.1 259.2 255.3 254.8 252.8 250.3 250 247.3 241.9 234.1 230.9 228.3 226 221.5 218.7 216.5 214.2 212.1 210.3 208.6 207.7 207.4 204.9 200.9 198.2 194.4 186.9 181 176.3 161.9 161.4 160.7 160.2 159.2 156.5 155.6 154.1 153.7 153.3 152.7 151.1 152.5 159.5 163.2 154.5 155.9 156.4 156.4 155.9
317.4 320.8 323.8 320.6 313 304.5 301.7 299.8 298.2 296.4 294.9 300.3 304.9 302.9 297.4 291.7 286.2 281 276.3 276.4 278.8 277.6 276.1 274.6 274.5 277.9 278.7 278.6 275.7 267.6 263 258.9 256.3 253 253.4 251.2 244.4 235.9 231.7 231.8 228.5 225.6 221.7 217.6 216 214.2 212.4 210.6 209 207.9 209.1 206.5 203.6 201.2 199 187.2 180.4 176.3 172.8 159 158.7 158.7 158.1 156.8 155.5 154.2 153.6 153.3 152.7 153 152.8 161.4 167.1 155.6 156.4 156.9 157.4 157
310.4 312.4 316.9 312.8 305.9 303.1 300.1 298.8 297.2 296 299.2 304.5 305.6 302.7 297.3 291.8 287.7 283.6 278.6 282 283 283 280.7 284.4 285.4 286.1 287.8 283.1 274.4 266.3 260.5 257.7 253.8 251.9 249.9 243.6 236.4 235.6 237.3 233 228.6 224 219.7 214.4 213.3 213.3 211.7 209.7 208 207.8 207.1 207.2 204.9 202.1 194.2 186 178.3 173.7 171.1 168.3 163.1 156.9 156.6 156 155.1 154.2 153.6 153.2 151.4 156.4 157.2 164.4 169.3 157.9 157.6 157.6 158.1 158.7
303 304.6 306.6 305.2 303 303.5 303.4 302 299 299.4 301.4 305.3 307.4 302.6 297.5 291.7 288.8 282.8 279.9 285.8 287.5 284.6 290.8 291.7 293.6 289.7 288.3 280.1 271.9 261.1 256.7 254 250.1 247 241.8 238.7 240.1 240.1 236 230.4 226.8 222.1 215.1 211.1 211.6 212 207.5 207 208.7 208.5 208.4 208.9 202.8 196.6 185.5 177.3 173.1 171 166.9 165.3 162.6 157.2 155.9 155.2 154.5 154 153.7 151.6 155.8 161.4 161.9 167 167.8 158.5 158.2 158.7 159.6 162.9
295.5 295.4 295.2 299.8 302.6 306.7 307.5 304.3 300.3 300 302.2 302.9 302.6 301.8 294.5 291.5 287.5 279.2 280.8 282.7 285.5 284.8 293.1 293.6 294 290 284.7 276.4 266.2 255.6 250.5 247.1 242.3 237.8 236.4 237.2 238.2 236.4 231.4 226 221.1 214.7 209.5 208.9 207.1 204.3 204.7 207.3 209.6 207.7 206 202.1 194 183.3 174.4 171.1 168.8 166.2 164.9 162.9 160.8 155.7 155.4 154.3 154.2 153.6 158.2 165 162.9 161.1 163.7 164.7 164 159.6 159.2 159.7 162.7 170.8
289 285.8 288 296.1 304 305.6 307.7 304.4 302.1 299.8 298.1 293.5 294.8 293.7 290.6 289.5 280.7 269.5 270.3 274.4 281.5 287.7 291.3 292.6 291.4 287.2 282 273 256.7 247.3 243.4 239 233.8 230 232 230.9 230.7 227.9 224.7 218.4 212.9 205.3 201.3 200 199.5 198.7 200.4 204.7 206 202.7 196.5 191.6 180.2 170.8 167.6 166.5 164.3 162.7 161.4 159.6 153.9 153.9 157.1 157.9 162.6 167 167.6 168 169 168.6 169.5 167 162.9 160.5 160.6 158 171.2 178.7
280.4 275.7 279.9 288 296.5 303.9 306.7 304.2 302 298.9 291.6 286.9 284.5 283.7 285.1 278.4 265.7 260.5 262.9 265.7 269.9 279.2 284.3 285.6 287.1 286.2 276.7 264.3 250.1 241.3 235.8 231 225.2 220.6 220.5 221.3 218.7 217.4 214.6 207.9 198.1 191.1 188 189.5 191.7 192.9 194.6 196.7 197 195.2 184.1 173.8 164.6 163.6 163.4 162.3 160.9 159.6 157 154.4 157.2 165.2 171.2 172 174 173.3 174.9 175.9 177 175.1 174.5 173.7 167.6 164.3 162.2 161.6 166.7 179.7
269.2 268.9 277.1 287.3 299.6 310.8 309.5 308.5 302.3 298.3 292.5 285.8 281.3 278.8 276.7 271.7 265.9 261.2 256.9 257.7 266.4 273.1 278.9 282.4 281.6 276.8 268.7 254.7 244.6 235.3 229.2 224.7 219.2 213.9 212.5 212.1 212 206.9 202.3 194.3 185.3 176.7 179 181.9 184.3 185 186.4 186.7 185 177.6 166.5 159.4 155.1 156.2 154.9 156 156 154.7 153.3 161.9 169.5 178.7 178.7 181.1 180.7 182.3 182 184.8 184.1 180.4 179.4 177.7 173.8 168 164.8 163.2 167.5 182.1
262.4 263.6 272.4 285.7 297.5 309.5 311.5 308.4 301.4 297.5 294.4 285.8 279.4 276.8 274.4 271.2 267.7 263.4 257.2 254.1 257.8 267.5 269.6 274.4 272.5 264.7 257 248.5 238.9 231.6 226.4 221.6 215 209.1 206.3 204.7 201.3 196.3 191.9 185.9 173.9 169.3 174 175 178 176.9 175.7 171 168.7 161.4 155.7 155.4 156.2 155.7 155.5 155.4 155.3 156.9 168 173.7 184.9 187.6 189.3 188.7 189.4 189.6 190.5 188.5 188.3 186 183.1 180.4 174.7 170.4 169.7 164.3 163.5 176.2
257 259.7 271.9 288 300.2 307.7 309.2 306.2 303.4 298 290.9 283.9 278 274.8 272.8 270.2 267.2 264.3 260.4 255.9 251 260.2 263.8 265.8 263.8 257.2 248.6 241.7 235.1 226.6 219.7 216.3 210.4 205.1 201.6 197.6 189.5 187.1 183.2 173.2 164 162.7 165 168.4 169.7 169.5 168.2 163.1 159.6 156.9 155.6 156.2 156.1 155.6 155.3 156.2 164 168.5 180.8 190.2 196.2 200 200.5 197 195.7 194.7 194.5 192.5 191.2 188.6 186.7 183.8 179.3 176.7 177.6 175.1 162.9 169.2
254.6 258.6 270.3 286.2 298.3 305 306 305.7 302.9 293.3 288.8 285.3 279.1 274.5 271.4 268.9 266.2 263.2 260.3 256.4 250.8 250.9 251.7 252.7 254.9 247.8 243.6 238 228.7 221.3 215.4 211.1 205.9 201 193.1 183.8 182.1 177.3 169.1 162.3 158.7 158.9 159.7 161.4 166 169.1 169.1 164.9 161.6 158.2 156.1 154.4 155.7 159.2 162 168.2 175.4 187.2 198.9 203.2 206.1 209.6 211.2 205.7 203.3 199.3 198.2 195.9 193.8 192.6 190.8 188.3 186.4 177.2 182.5 181.9 168.8 163.9
253.7 257 266.1 276.3 294.5 301.2 302.1 300 294.6 291.5 291.1 287.3 280 275.6 270.9 267.2 264.6 261.2 258.1 254.2 251.1 245.3 240.9 244.4 246.4 244.5 239.6 230.6 224.4 216.2 210.2 204 197.3 190.4 183.4 176.7 168.9 166.2 162.4 158.2 157.6 157.7 157.5 160.4 165.2 167.7 165.5 162.6 160 157 156.6 156.5 162.7 165.4 169.3 179.4 193 204.3 210.2 214.4 218.2 221.4 220.1 215.1 210.2 205.5 203.2 200 197.5 196.3 194.9 184.9 191.9 189.5 187.7 186.9 179.2 167.7
255.3 251.6 258.8 270.4 286.2 292.8 294.2 295.4 297.4 296.6 293.3 287.8 281.1 277.7 273.1 268.3 265.2 261.5 258.3 253.7 247.6 244 241.7 240.7 243.4 234.4 227.2 225.7 218.3 211.6 207.6 200.1 192.9 185.2 178.2 171.9 166.3 161.6 159 157.8 157.2 157 156.9 158.8 161.3 161.8 160.5 156.6 156.9 156.5 154.4 164.7 168.6 176.5 186.8 200.5 212.7 217.6 223.4 227.7 231.8 231.3 228.9 223.6 214.9 211.1 208.3 204.3 201.8 197.7 192.5 198.9 198.1 193.7 192.9 192.3 190.1 183.9
254.8 250.5 257.3 263.7 276.9 285.7 293.6 297.6 301 299.4 293.4 286.5 282.7 279.2 274.4 270.3 266.2 264 258.6 250.8 247 243.8 237.6 236 229.3 223.3 219.5 216.6 211.4 207.7 202.8 193.9 189.8 185.2 178.8 170.1 163.5 159 158 157.7 157.3 157 156.7 156.7 156.8 156.1 157.3 154.9 156.6 154.4 167 170.4 180 193.4 204.7 214.2 224.9 230.6 238.1 241.1 239.2 238.3 235 226.1 217.5 214.6 212.6 209.2 204.8 196.1 204.7 205.8 201.6 198.6 197.8 197 194.4 181.9
254.4 250.4 249 258.3 269.7 280.1 289.2 293.5 299 297 290.9 283.5 280.5 277.5 274.2 267.7 271.4 269.4 259.9 250.8 245.5 241.4 237.5 234.7 228.4 222.9 219.1 213.7 206.1 198.8 195.2 189.3 186.4 184.1 176.3 166.5 161.1 158.7 158.3 158 157.7 157.2 156.9 157.1 157.3 157.3 157 157 166.8 169.6 177.5 183.6 198.7 206.3 217.6 226 234.5 240.3 246.3 247.1 244.3 240.7 235.4 227.2 220 218.1 216.1 213.2 210.4 197.7 209.3 208 206.9 204.7 202.7 201.2 198.8 192.7
256.1 250.8 249.6 252.4 262.1 272 281.3 288 293.7 292 288.5 280.7 280.4 279.2 271.8 266.1 271.6 267.5 258.8 251.4 246 240.4 234.2 230.1 226.1 221.3 213.3 210.7 201.1 198.3 187.4 184.7 178.9 180.4 173 166.1 161.6 158.8 159.5 160.4 159.5 157.9 157.1 157.1 155.6 157.3 159.5 168.8 171.1 180 189 198.1 208.6 219.7 227.6 235 242.3 248.5 253.4 250.1 246.2 242.7 237.5 229 222.4 220.7 217.5 214.6 211.3 201.8 212.5 215.3 209.9 207.9 205.4 203.7 200 196.6
258.7 252.4 249.1 244.1 254.7 262.6 271.8 279.3 285.2 285 280.6 276.6 277.7 273.2 267.1 272.5 269.9 264.3 256.7 249.6 244.4 236.1 233.3 228.3 224.2 220.1 214.9 210.5 205.6 200.1 194.9 188.3 184.3 176.7 167.4 168 163.6 158.4 159.7 161.7 160.8 158.4 157.4 157.2 157.5 164.8 169.6 174.7 184.3 193.4 200.4 208.6 217.2 226 236.5 246.5 251.1 254.7 254.4 250.6 247.3 243.8 237.5 227 223.4 220.8 218.2 215.6 213.1 204.7 217.4 215.5 212.5 211.3 208.3 206.2 202.9 199.1
258.2 254.2 249.1 246.4 242.2 251 260.8 268.1 274 274 274.3 270.6 269.8 268.7 264 269.5 266.1 261.6 254.2 246.8 241.3 232 227.7 225 221.9 217 212.1 208.4 205 199.5 193.5 187.5 180 173.6 168.9 161.5 159 157.1 158.4 159.3 158.8 157.5 157 161.7 168.1 172.9 181.1 189.1 196.4 203.8 209.2 215.6 225.7 238.7 247.3 250.2 257.6 258.4 253.8 250.6 246.8 244.3 236.3 227.1 223.8 221.2 218.7 216.5 214.2 210.2 216.9 216.1 215 213.4 211.7 208.9 206.2 202.6
262.3 257.6 252.1 249.1 239.8 238.7 250 259.4 262.4 266.5 267.5 263.2 263.2 263 261.3 266.8 261.7 256.1 253.2 244.8 235.8 229.7 226.1 222.4 217.5 212.9 208 203.7 201.4 196.1 191.3 187.4 175.3 171.8 165.6 159.2 158.5 159.3 158.5 158.1 158 156.2 162.9 168.3 176.5 184.5 191.3 198.9 206.7 213.5 218.1 225.8 235.4 244.6 252.3 256.8 258.9 254.9 253.5 251.5 247.1 243.8 234.9 227.2 223.9 221.5 219 216.8 213.8 215.7 219.6 216.9 217.2 216 214.7 212.8 209.6 207.2
263.2 260.6 256.9 250.7 244.4 241.6 234 247.1 253.6 256.3 256.2 253.4 254.6 257.8 258.4 259 255.8 254.8 248.7 241 233.1 227.8 224.9 221.3 216.1 211.9 204.8 199.9 194.6 191.9 187 181.7 173.8 168.2 162.8 158.4 158.4 158.7 158.1 157.9 156.2 165.8 171.5 179.6 188 194.1 200 210 215.8 221.2 227.5 234.9 242.6 251.3 255.5 257.5 260.3 256.9 255.5 252 246.8 242.8 233.2 227.1 224 221.4 218.8 215.9 210 215.4 217 218.6 219.1 218.8 217.5 216 214 214.3
264.2 261.6 257.8 251.1 246.2 243.4 241 232.9 245 245.1 243.1 242.6 248.5 251.4 251.5 252.5 249.8 248.6 242.8 238.3 229.7 227.7 226.1 221 215.8 209.5 203.2 198.7 194.7 188.6 182.1 178.4 173.2 169.3 164.6 158.9 159.3 159 158.1 158 163.6 172.5 183.2 191.5 198 203.7 211.8 217.2 223.2 230.3 238.3 245.3 249.8 253.3 256.5 264.5 263.4 260.2 256.2 250.1 246.2 241.7 230.8 226.9 223.9 220.6 217.6 214.8 212.5 215 218.6 220.8 222.4 221.4 220.1 220.4 220.5 222.2
265.1 261.5 257.5 255.1 251.2 246.7 242.2 236.5 229.4 229.7 231.5 235.7 242.9 239.7 248.5 246.4 243.3 242.6 235.9 231.8 228.3 227.9 226.2 221.9 215.8 208.3 200.6 195.4 191 186.1 182.9 176.5 171.7 168.2 164.1 158.7 159.4 158.8 158.3 160.8 171.4 184.5 192 200.5 207.2 213.6 219.8 225 230.8 237.1 242.6 246.6 251.1 259.6 263 265.2 263.5 259.3 255.8 251.9 246.4 238.2 228.9 225.5 222.4 219.1 216.5 214.2 213.2 217.3 219.5 221.7 223.2 223.9 224.2 225.6 228.7 233.7
266.2 262.3 258.9 256.2 253.2 249 245.5 241.4 233.3 227.9 224.6 228.4 234.2 233.8 243.3 241.3 238.6 236.2 235.1 231.6 230.1 228.4 227.4 221.2 214.5 205.6 198 191.6 187.7 184.2 179.5 175.9 171 165.1 161.1 158.6 159.1 159.9 161.5 167.4 181 190.4 200.4 210.2 215.5 221.3 227.2 231.2 234.5 239.4 245.7 251.6 259.4 264.7 267.5 266.8 263.8 258.7 254.9 250.2 243.8 234.5 227 223.9 220.8 218 216 214.8 216.9 217.9 218.8 220.7 222.1 223.6 226.8 233.9 239.7 243
273.7 268.2 261.9 257.2 253.4 249.1 245.6 241.1 237.8 233.2 227 224 227.9 228.6 233 233.3 240.2 236.4 235.8 233.1 232.9 229.8 227 221.6 214.1 202.9 194 188.5 184.7 181.1 177.2 174.8 171.9 163.2 159.5 158.9 158.4 162.5 165.7 173.1 185.3 197.4 207 215.9 221.9 227.1 231.9 237.8 241.2 245.3 251.2 258.5 266.8 269 270.7 268.8 266.4 260.1 256 248.9 240.1 229.8 225.4 222.2 219 216.9 214.8 218.1 219.5 218.5 219.1 220.9 223.4 228.1 238.2 245 249.6 252
281.9 276.6 270.5 261.5 254.6 248.1 243.4 240.6 237.3 233.1 229.4 225.4 220.5 221.5 225.7 232.7 237.8 238.9 237 232.6 232.3 229.2 225.6 221.3 209.7 198.5 190.9 185.9 181.8 178.3 174.3 171.8 169.3 166.8 160.2 159.6 162.6 167.4 170.9 177.3 188.9 201.8 212.1 219.4 225.9 230.8 237.4 242.8 248.7 254.1 260.7 270.2 271.4 272.3 271.1 268.6 265.1 260.4 253.9 245.9 236.2 228.1 223.6 220.6 218.4 215.7 216.5 219.9 220.4 220.1 221.8 225.5 232.4 241.9 250.8 253 254 253.9
289.4 284.1 274.9 265.5 256.5 248.1 241.8 237.6 235.9 233.3 229.1 225.6 223.1 215.2 224.9 231.2 237.5 237.8 232.1 233.4 229.7 227.4 224.7 216.1 204.7 193.6 187.8 183.8 178.6 176.8 173.1 170 168.5 166.1 158.8 159.3 168.1 170.5 174.1 179.7 194.4 203.2 211.7 220 227.2 233.5 243.1 248.7 254.5 261.1 267.9 272.7 275.2 274.9 272.6 269.3 264.4 257.8 252 242.6 233.3 226.3 220 218.7 219 217.9 218.1 221.1 222.4 223.8 228.6 236.9 245 253 260 262.4 258.6 253.9
294.7 287.7 278.5 268.4 258.5 250.2 243.2 237.8 234 231.2 228.4 223.2 219.2 209.6 218.9 227.2 226 226.9 231.2 229 226.6 225.3 219.6 208.4 196.5 187.5 181.9 179 175.7 174.5 171.8 167.6 167 164.4 160 158.8 170.8 173.5 178.1 187.6 200.8 208.8 214.2 220.7 226.6 233.3 240.6 248.6 257.2 265 272.2 277 277.6 276.4 273.5 268.4 262.7 258.9 250.7 239.3 231.3 223.8 222.4 222.5 222.3 221.5 222.1 227.8 229 233.6 241.3 247.3 254.8 264.2 266.4 264.1 260.1 250.7
297.5 288.7 279.1 268.1 258.8 251.7 245.3 238.9 233.5 227.6 226 220.5 214.7 200.5 209 215.2 217 220.7 222.9 222.4 221.4 219.4 209.2 198.5 187.7 180.3 177.6 174.5 172.6 172.6 169 159.5 160.4 159.9 159.6 168.5 171.6 177.7 186.4 197.2 207.3 213.6 217.3 221.4 225 232.5 243.5 251.3 258.8 267.1 274.6 280.1 280.4 276.8 272.3 267.9 265.8 258.6 247.3 236.4 228.9 223.4 225.8 226.5 226.5 226.2 229.1 236.8 240 245.8 253.2 258.7 264.3 267.3 268.2 265.8 258.7 246.7
