Game/Highland_Data/StreamingAssets/GeoData/Data/nt/NT44.asc
ncols 200
nrows 200
xllcorner 340000
yllcorner 640000
cellsize 50
[rows 140 to 174 of 200, columns 0 to 77 of 200]
396.8 386.6 376.2 366.2 360.4 358.6 358.4 360.8 369.4 393.4 413.3 427.7 441.5 453.7 465.5 475.5 483 488.2 493.4 496.9 499.3 499.7 497.1 490.6 483 473.3 459.6 448.6 436.9 425 413.6 403.1 393 384.6 377.8 370.9 374.9 380.3 385.5 390.9 395.6 398.8 399.4 397.7 393.8 387.7 380 372.2 364.4 357.4 350.3 342.1 340.4 344.8 352.9 359.1 365.3 372.5 377.2 381 384.8 387.4 386.4 380.9 374.6 365.1 356.5 346.2 335.8 325.2 315.1 308.6 305.9 301.9 296.1 291.7 284 276.9
411.5 399 386.5 373.1 366.4 358.1 356.7 359 375.2 401.2 420.2 434.9 448.5 461.4 472.1 482 488.8 494 498.3 501.2 502.5 502.3 497.7 492.2 484.7 476.2 464.9 455.5 444.6 432.5 420.6 408.8 396.8 387.4 378.7 380.1 385.5 390.7 394.5 400 403.5 405.2 404.9 403 397.9 390.7 382.2 373.7 365.6 358.3 350.3 346.4 350.7 356.9 362.6 369.3 375.2 381.4 384.9 388.5 391.4 392.1 389.7 385.7 378.9 370.2 359.4 350.6 342.7 335.8 328.1 318.4 313.5 309.6 304.1 298.4 290.5 281.3
421.8 406.8 393.8 379.6 368.3 360.1 355.4 358.6 383.5 408 425.2 440.1 454.1 465.9 476.8 485.8 492.8 498.2 502 504.1 504.5 502.4 498.9 494 488.2 480.3 471.2 461.8 450.3 439.3 427.6 413.9 400.9 391.8 387.3 390.2 395.3 400.8 405.1 409.2 412.5 413.8 412.7 408.7 402 393.4 384.5 376.1 368 359.9 356.4 360.4 364.9 368.9 373.6 379 384.2 388.9 392.6 395.2 397.2 397.1 393 389.1 382 372 364.5 357.9 351.1 343.6 335.4 324.9 319 315.5 310.7 303.2 294.8 285.5
430.7 415.8 399.4 381.3 368.5 357 355.3 364.5 389.9 410.4 427.2 442.4 455.7 468.1 478.2 487.1 494.4 499.9 502.4 503.9 503.3 501.3 499.4 495.6 490.6 483.5 475.1 465.8 455.6 444.2 434 418.8 401.3 398.5 398.4 401.3 406.8 412 415.5 419.6 422.9 423 420.6 415.2 405.9 396.5 387.7 378.3 369.3 368.4 371.5 373.7 376 378.9 383.1 387.3 392.1 396.1 399.8 402.1 402.9 401.8 396 389.5 381.2 377.1 371.1 364.7 356.8 348.8 339.9 331.6 325.3 319.8 314 305.6 297.7 288.1
436.3 423.3 403.2 382.3 367.4 357.5 353.1 366.9 390.7 409.6 425.1 439.8 453.9 465.8 476.5 485.3 492.7 497.7 500 500.6 500.4 499.9 498.3 495.4 490.6 484.8 477.3 469.2 459.8 448.4 426.9 423.4 412.6 409.5 410 413.8 419.3 423.9 427.4 431.3 432.1 431.4 427.4 420.8 411.1 401.7 391.9 384.6 382.4 382 383.4 385.1 386.7 388.2 391.3 395.2 399.1 402.9 406.4 407.6 406.7 400 394.7 387.5 384.7 381.1 375.1 368.1 360.3 352.2 342.7 335.5 328.5 321.8 315 306.8 298.7 290.6
438.3 426.5 407.2 384.1 366.7 355.1 352.3 364.5 386.9 405.1 420.8 434.5 448.4 460.7 472.2 481.5 489 494.4 495.8 496.1 496.4 496.5 495.9 493.7 490.8 485.7 479.2 471.7 463 454.3 446.8 432.9 424.3 421.7 423.7 427.6 432 435.7 439.7 440.5 440.8 438.5 434 427.3 417.9 405.5 398.4 395.7 393.8 393.9 394.9 396.6 397.3 398 400.2 403.6 406.8 409.8 411.9 410.2 403.1 398.7 392.4 389.2 386.4 381.7 375.8 369.6 361.6 353.4 344.5 337.7 329.8 323.2 316.1 309.6 304.8 294.2
437.4 427.8 410.3 386.5 367.1 353.5 351.9 358 379 398.6 412.6 427.4 441.3 454.3 466.5 477 484.6 489.1 490.3 490.8 491.3 491.6 491.3 490 488.4 485.3 480.7 473.8 467.6 460.4 451.8 443 439 438.1 438.3 441.2 444.9 448.3 448.9 450.9 450.4 447.5 441.2 433.4 422.6 413.2 410.7 408.6 408.2 407.4 406.6 406.9 407.7 408.2 409.1 411.7 413.3 415.2 415.4 407.7 402.9 397.6 393.5 389.9 385.7 380.3 373.7 367.1 361.4 353.9 344.7 338 330.2 324.4 319.2 312.9 304.3 293.7
435.7 427.1 412 391.2 369.8 354.6 350.5 353.2 370.5 389.1 404.3 419 433.5 447.3 460.3 471.7 479.4 482.9 484.1 485.1 485.4 485.8 485.8 486.1 485.3 483.6 480.7 475.9 471.5 464.9 458.8 456.8 455.1 453.1 453 455 458.1 458.5 461.7 461.8 460.3 456.2 448.7 440.6 424.5 425.7 424.1 424.3 423.4 421.8 419.8 417.9 417.2 417.2 417.8 418.7 419.4 417 411.9 405.9 400.8 395.6 391.2 385.9 381.7 375.5 368.3 362.8 358.3 351.7 342.2 336.1 329.1 322.8 317.9 308.9 303 302.3
431.4 423.3 411.9 397.4 376.3 357.2 349.9 350.4 361.7 379.7 395.7 410.6 424.8 440.1 453 465.5 473.5 476.9 478.8 479 479 479.6 480.4 481.6 482 481.1 481.2 479 474.9 472.4 469.7 469.3 468.9 468.5 469.3 470.3 470 471.9 472.4 472 469.4 462.6 455.2 444.3 440.9 439.7 440.5 439.6 437.7 434.7 432.2 431.1 429.3 427.9 427 425.6 420.7 416.1 410.7 405.6 401.5 398 393.4 389.7 385.5 379.5 372.3 363.6 353.5 344.4 336.8 330.8 324.8 321.5 319.8 314.2 314 312.3
424.9 418.6 410.5 399.9 384.7 363.6 348.6 348.8 354 372.3 388.7 402.9 418.7 434.2 447.6 460.5 468.5 472.1 472.8 472.9 472.3 473 473.9 475.7 477.2 479.2 480.5 480.9 480.6 479.5 480.6 481.6 482.5 483 482.1 480.6 480.2 480.3 480.1 479.1 474.5 466.7 459.8 452.8 453.2 455.1 455.4 454 451.3 448.4 445.8 443.7 440.8 438.1 433.5 427.9 423.4 417.4 412.8 409.9 406.4 403 398.5 393.5 388.4 382.7 376.2 370.6 364.4 355.5 346.6 340.9 333.3 330.7 326.6 323.1 321.3 319.3
415.4 412.5 407.5 399.5 388.6 372.8 353 347.3 349.5 366.3 382.8 397.5 413.2 429.2 443.5 455.6 462.9 466.7 467.7 467 465.5 466 467.4 469.7 472.9 476.4 480.8 483.2 485 487.5 491.5 493.4 493.2 492.3 490.6 489.2 488.3 486.5 485.1 481.6 476.2 469.9 464.6 464.4 466.4 468.5 468.8 466.5 463.8 461 458.4 455.1 450.1 443.1 438.4 432.2 425.7 422.8 418.7 415.5 412.3 407.6 402.5 397.6 391.5 387 381.3 376.5 370.4 361.2 353.3 346.6 341.9 338.2 334 331.1 329.6 326.9
404.7 404.1 400.9 394.6 387.2 377 361.9 346.6 346.8 362.7 378.8 393.2 409 424.9 439.4 451 457.2 461.1 462.3 462 458.4 457.5 459.7 462.6 468.7 473.9 479.7 484.5 489.1 495 499.8 501.3 500.2 498.8 496.7 494.7 492.2 490.1 486.6 482.5 476.9 472.5 470.3 472.8 476.4 479.3 479.1 477.1 473.9 471.4 468.4 463.1 456.5 449.9 443.5 436.1 433.6 429.3 425.4 422 417.6 412.5 407 401.2 396.6 392 386.5 380.8 374.4 367 359.7 353.5 349 343.4 339.1 337.1 334 331
393 394.1 391.5 388.2 382.4 375.3 365.7 345.7 346 358.7 376.1 390.8 405.3 420.3 434.7 445.7 452.9 456.7 457.9 456.8 452.6 447.8 450.4 455.7 463 471.3 479 486 493.9 501.8 505.4 506.2 504.9 502.5 500.4 497.3 493.9 490.6 487 482.3 477.9 475.1 476.4 479.6 483.2 486.2 486.2 484.4 481.6 479 473.3 467.5 461.9 455.4 447.8 445.2 441 436.8 431.7 427.4 423.2 417.3 411.2 406.4 402.1 397.5 392.1 386.5 380.9 374.7 368.3 360.4 353.9 346.5 340 336.6 332 326.7
381.2 382.5 381.3 379.2 375.5 370.8 363.3 345.9 344.7 357.5 374.7 389 403.3 417.8 430.5 441 448.3 452.3 453.1 451.5 448.1 441.7 442.9 449.7 459.8 470 479.6 489.5 499.4 506.5 509.2 509.1 507.2 504.7 502 498.4 494.1 490 485.7 481.2 478.4 478.7 479.7 482.6 486.5 489.4 489.8 488.8 485.9 481.2 476.4 471.2 466 460.2 456.3 452.9 449 444.5 439.4 434.1 428.4 422 416.8 412.4 407.8 402.8 397.3 392.2 386.5 379.8 371.6 362.9 355.9 348.4 339.9 333.6 328.3 320.3
373.4 371.7 372.1 371.5 368.9 365.6 358.1 344.8 343.3 358.3 373 386.1 399.1 413.1 425.4 435.9 442.8 447.2 448.1 446.3 442.4 436.1 438.7 446.9 457.5 470.1 482 492.2 503.4 510.1 511.6 510.9 508.5 505.6 502 498 492.5 488.2 483.3 480.7 480.3 480.2 481.1 483.4 486.6 490.1 491.4 490.7 487.3 483.3 479 475.2 470.5 466.5 463.5 461 457.4 451 444.8 439 433.8 428.2 422.7 417.7 413 408.2 402.7 397.3 390.6 382.5 373.1 364 356.2 347.8 336.9 328.2 321.7 315.5
369.8 363.9 363.8 363.6 362.3 359.2 353.7 342 343.2 359.2 370.7 381.9 393.6 407.2 419.1 430.4 437.4 441.8 441.7 439.7 435 429.4 434.9 445.5 457.4 470.8 484.3 495 505.3 512.1 512.4 510.6 508 504.6 500.4 494.2 490.2 484.5 481 479.2 479 479.3 480.2 482.4 485.7 489.2 491.3 491.1 488.3 485 482 478.8 476 473.6 471.8 468.4 462.7 455.6 449.1 443.4 438.4 432.7 427.7 422.8 418.6 413.1 407.2 399.2 391.4 383.4 373.7 364.2 354.5 344.8 333.2 322.3 312.8 309.1
365.7 360.4 357 357.2 356.5 353.6 344.9 340.9 344.5 356.6 366.3 376.9 387.9 399.7 412.1 422.4 429.9 433.1 433.8 432.1 428.3 419.8 433.6 444.4 457.1 472.7 484.8 497.5 505.8 511.1 511.3 509.7 507.3 502.8 494.8 490.9 485.1 480.2 478.7 477.6 476.8 476.8 478.2 480.7 483.8 487.6 490.2 491.6 490 487.8 485.8 483.7 482.6 481.2 478.1 473.5 466.9 460.5 453.6 447.1 441.8 436.4 431.8 427.8 423.1 415.7 406.9 398.3 389.4 381 371.3 359.8 350.9 340.8 330.3 318.8 307.5 300
360.1 355.6 351.4 351.2 349.8 342.3 338.3 340 344.4 346.8 356.1 366.8 379.1 389.9 400.8 409.9 417.9 422.2 423.2 423.2 420.2 415.6 431 443.4 457.1 472.9 485.6 497.7 505.2 509.1 509.7 508 504.5 497 491.5 486.1 478.6 476.5 475.3 474.6 473.9 473.7 475 477.9 481.8 485.9 490 492.1 491.6 490.3 489.8 489.1 489.4 487 481.9 476.7 470.8 464.2 456.4 449.6 443.9 439.1 435.6 429.1 423.4 414 404.3 395 385.5 375.8 365.5 356.1 347.1 336.8 325.9 314.9 304.7 296
349.6 348.5 347.1 345.4 344.2 339.1 338.2 351.6 358.1 355.3 350.7 353.9 366.1 377.9 386.6 394.2 400.5 404.9 409.2 410.4 407.8 412.7 428.6 443.2 458.4 472.5 485.1 497.3 504.3 506.8 506.9 505.4 500.2 493.2 487.8 478.3 475.3 472.9 471.7 470.9 469.8 469.4 471 474.2 478.6 483.8 488.2 490.8 492.6 493.5 495 496.4 494.8 490.6 483.6 478.8 472.8 465 456.3 449.4 444.9 440.8 436 428.4 420.7 411.1 400.8 390 378.2 368.3 359.7 351.4 342.7 333.5 322.5 311 300.6 291.4
354 346.6 343 340.6 337.2 337.3 348.4 362.1 367.8 369.2 363.9 357.4 356.9 362.4 372.6 378.5 382.3 387.7 392.6 395.7 394.4 410.5 426.9 443.5 459.3 470.9 484.8 496.5 502.2 505.4 504.8 502 496.6 491 481 476.8 472.8 469.5 467.2 465.6 464.7 464.9 466.6 470.1 475.5 481 485.9 489.9 493.8 497.3 499.6 499.4 496.8 491.5 485.6 479.8 471.5 463.2 454.4 448.8 445.5 439.5 433.3 425.5 417 407 396.7 385.4 373.6 362.8 354.8 346.6 337.5 327.9 318.1 308.1 297.6 289.5
354.7 348.7 343.8 340 335.6 343.6 360.9 373.2 380 382.1 378.6 372.4 366.5 364.4 364.7 367.4 370.9 375.8 379.7 388.4 400.2 413.5 427.1 444.5 459.5 470.4 483.4 493.1 500.2 503.1 501.9 499.2 493.9 485.6 480 475.5 470.6 466.3 462.5 459.8 458 459 462.2 466.3 472.1 477.9 483.4 488.3 494.7 499.3 501.3 501 497.9 492.2 485.3 477.1 468 459 452.4 447.7 441.8 436.4 429.8 422 412.5 402.4 392 380.9 369.8 359.4 350.8 341.3 333.7 325.9 316.8 306.2 295.3 288.1
354.3 348.4 343.6 338 334.4 353.2 371 383.3 390.7 392.6 391.7 387.3 381.9 377.2 376.1 377.1 380.7 386.1 389.7 392.1 405 416.4 429.4 445.6 458.9 468.9 481 489.9 498 500.5 499.9 494.7 488.9 484.4 478.4 473.7 469 462.8 457.1 453.9 451.8 452.2 456.3 461.9 468 473.9 480 487.8 494.5 498 500 500 495.8 489.2 484.2 473 463.8 458.4 449.7 441.2 435.8 430 423.7 416.9 408.1 397.7 387.2 376.5 365.8 355.8 346 337.6 328.4 318.4 310.3 300.3 291 284.8
351.6 346.4 341.6 334.9 334.8 360 379.4 392 398.8 401.4 401.2 399 395.7 392.9 391.3 391.1 392.8 396.7 400.5 403.3 409.1 420.6 432.5 447.8 459.9 469.8 479.5 489.7 496.1 497.9 494.6 491.5 486.6 482.3 477.2 471.9 465.3 458.6 453 449.1 445.2 445.4 450.8 457.3 463.4 469.8 478.4 485.7 491.6 494.7 496.9 495.3 490.8 486.3 477.7 469.7 463.7 454.7 444.8 434.3 428.2 422.7 416.2 409.6 402.3 393 382.6 371.8 360.9 351.4 343.1 331.6 319.7 310.3 302.1 294.3 286.6 279.7
347.9 343.6 332.5 332.8 337.8 366.8 386.5 400.4 407 409.6 409.1 408 407.3 406.2 405.7 405.7 406.6 408.7 411.6 415.2 418.3 424.1 435.8 450.4 461 470.6 480.2 489 494.2 494.8 492.4 489.5 485.3 480.8 475.9 469.9 463.3 455.7 449.7 445.5 434.1 433.8 444.3 451.7 459.4 467.7 475.4 481.9 487.3 490.5 492.4 490.7 487.1 481.4 474.2 469.5 461.7 450.8 439.3 428.1 421.4 415.2 408.8 402.1 394.8 387.6 378 367.2 357 346.7 335.5 324.6 313.9 302.8 294.2 286.8 279.9 271.8
343.4 339.7 331.9 332 354.1 375.2 394.5 407.6 414.1 416.8 416.8 417.4 417 416.9 418.2 419.4 419.6 421.4 424.3 428.1 429.8 429.9 439.5 451.3 461.2 471.4 480.7 487.6 490.8 491.6 491.5 488.2 484.6 479.5 474 468.5 461.3 454.1 447.2 440.3 424.9 432.8 437.3 445.5 453.8 463.5 470.7 477.3 482.2 485.5 486.6 484.3 481.6 477.2 472.9 466.2 456.3 445.8 437.2 425.4 415.9 408.6 402.2 395 387.6 380.3 371.9 362 352.3 341.6 331.1 322.1 311.2 300.1 290.3 280.7 270.7 262.1
336 331.4 330 353.2 371.1 387.9 403.1 414.7 420.5 423.1 424.7 425.1 425.5 427.8 429.8 430.4 431.6 433.2 435.6 437.7 439.5 441.5 442.9 450.7 461.3 472.3 480.4 485.7 489.3 491.1 490.1 487.5 483.1 478 473.2 466.9 460.2 453 445.8 431.6 418.8 426.7 430.4 437.7 447 456.4 464.7 471.2 475.9 478.6 479 478.1 476.9 474.2 469.9 461.3 451.8 442.8 433.1 423 413.5 405.9 397.8 388.9 380.9 374 365.5 356.1 346.4 336 326.2 317.8 309.1 298.5 287.5 277.3 265.1 257
334 329.4 334.7 364.3 383.7 397.8 409.4 418.8 424.8 429.1 431.4 432.4 435.5 438.3 439.9 441.2 442.8 444.9 447.1 449 451.6 453.4 453.1 454.1 463.9 473.7 479.7 484.8 489.4 489.9 488 485.3 480.6 476.2 471.2 464.9 458.6 451.3 443.8 434.8 416.9 417.3 423.2 429.6 438 448.2 456.4 463.5 469.1 470.8 471.3 472.8 473 469.8 463.9 456.2 448.7 439.4 429.7 420.3 412.6 404.5 395.8 384 373.1 366.2 357.9 349.7 340.3 332 324.8 317.2 308.6 297.9 286.8 277.3 266.8 257.4
331 328.7 340.3 368.8 389.9 402.6 412.4 420.7 427.9 433.6 437 441.2 444.8 448.2 451 453.5 455.8 458.1 460.9 463.1 464.3 463.5 462.8 462.2 468.6 475.7 480.7 486 488.5 488.1 485.3 481 477 472.5 467.8 461.8 455 448.6 440.8 432.1 417.2 405.6 414.2 419.5 427.8 439.2 447.3 454.2 459.3 461.4 463.1 467 467.4 463.9 458.1 451.4 443.8 434.6 426.9 419.4 411.3 402 392.1 380.9 368.6 358 350.3 340.6 334.4 329.4 322.7 315.1 305.3 295.5 286.7 277.8 268 259.9
330.1 327.4 343.7 370.1 388.6 402.1 411.4 419.5 428.5 435.7 442.2 448.2 452.8 457.4 462.1 466.1 470.5 474.7 476.9 475.9 474.4 472.9 471.3 470.6 473.8 478.2 482.9 486.8 488.4 486 482.3 478 473.4 468.6 463.1 457.1 452.2 445.6 436.2 427.9 419.4 401.5 403.1 410.7 418.5 428.2 437.1 443.9 448.9 452.2 456.7 459.4 461.1 459.8 454.7 448.2 440.3 432.4 425.5 417.9 409.2 399.2 387.4 375.7 364.9 354.2 343.5 332.2 327 323.5 318 310.6 301.6 292.3 284.8 277.3 271.3 262.6
330.9 326.2 343.7 366.9 384.3 397.5 407.7 416 425.7 436.7 445.6 452.3 459.1 465.9 472.5 478.4 483.7 487.3 488 487.4 483.9 481.9 478.4 477.3 479.3 481.6 484 486.5 486.9 484.4 481.2 476.7 471.7 466 459.6 454 448.7 441.1 432.6 423.9 415.6 402.9 394.1 403.9 411.2 418.8 426.1 432.5 437.4 443.6 448.8 451.8 453.8 454.3 450.7 445.6 438.5 431.5 424.8 416.7 407.4 396 383.1 372 361.2 350.7 341.1 329.4 319.8 314.6 309.4 303.2 297 289.9 281.9 277.2 270.8 262.2
332 326.3 338.1 360.6 377.7 390.9 402.5 411.1 422.9 434.6 445.9 455.4 464.6 473.2 481.6 488.6 492.8 496.7 497.6 494.5 491.4 487.8 483.6 483.4 483.3 484.5 486.1 487 486.7 484.5 480.6 475.7 469.9 462.4 455.5 450.2 443.1 436.4 428.6 420.4 411.3 400.4 388.1 395.2 403 409.8 415.3 420.2 428.5 435 440.3 444.6 447.3 448.7 447.2 443.8 438.1 431.7 424.5 415.7 407 397.4 382.5 370.2 358.9 349 338.6 327.8 318.6 310.9 300.5 293.4 287.9 281.8 279.1 275.4 269.5 262.2
332.8 324.2 328.3 352.8 369.6 382.8 395.2 406.3 417.6 431.5 445.1 457.4 468.9 480.6 490 496.2 502 503.9 502.5 499.4 495.8 492.5 488.4 488.8 488.4 488 488.8 488.5 486.9 483.6 479.1 473 465.8 458.9 452 445.8 439.5 432.5 424.3 415.5 407.1 398.1 386.4 385.3 392.8 398.8 403.7 411 419.2 426 431.7 436.5 440.1 442.8 445.2 444 439.3 432.5 424.9 417.3 408.1 397.5 385.6 373.7 361.7 351.2 341.5 330.9 321.6 313.5 303.8 293.6 283.6 275.9 271.3 270.9 266.7 261.5
337.2 324.8 323.9 340.1 358.3 372.2 384.6 399.8 412.9 427 443 458.5 473.3 486.5 496.1 502.7 507.3 507.5 505.4 502.6 499.2 495.5 492.6 492.3 491.9 491.7 490.4 488.3 485.5 481.2 476.1 469.9 464 457.5 450.9 444.6 438.3 432.3 424.5 414 400.8 391.4 385.1 378.2 381.4 387.8 395.5 402.9 409.7 416.1 422.4 428.2 432.8 437.6 441.7 443.4 440.6 436.6 430.7 422.4 412.1 401.5 390.7 378.1 365.4 353.7 342.2 331.9 320.8 312.5 301.6 289.7 280.9 274.7 267.1 262.5 260.5 254.8
345.5 331.1 322.5 323.6 342.9 356.9 373.2 393.1 408 423.1 440.5 458.6 475.2 489 497.8 505.1 508 508.5 507.2 505.2 502.2 498.2 495.1 494.9 494 492.4 489.3 485.9 482.4 477.7 472.7 467.4 461.6 455.1 449.5 444.4 438.4 431.9 425.4 417.4 409.1 400.9 391.6 377.8 373.9 376.6 385.6 392.4 399 405.4 412 418.7 425.6 431.4 436.5 440.2 441.6 441.6 437.5 429.6 419 406.4 393.1 380.3 367.8 355.3 342.7 330.4 319.4 308.3 297 287.8 279.1 272 264.8 259 251.5 247.2
350.9 339.1 324.1 321.4 330.5 349.4 369.9 389.3 406.9 421.9 439.5 456.7 473.2 487 495.3 501.4 505.9 507.3 507.4 506.1 503.7 499.7 496 494.8 492.5 489.5 485.8 482.2 478.6 473.7 469.2 464.4 458.9 454.1 449.7 444.9 440.1 434.2 427.1 420.6 413.3 405.9 397.8 390.3 382.8 365.6 373.2 381.8 388.4 395.2 402.4 410.3 418 424.1 429.9 436.4 441.5 442.8 440.7 435.5 424.7 410.7 395.6 382.9 369.5 355.7 341.6 329.4 317.4 304.1 295.3 287.3 278.7 269.4 261.6 256.2 250 242.2
