Game/Highland_Data/StreamingAssets/GeoData/Data/nt/NT46.asc
ncols 200
nrows 200
xllcorner 340000
yllcorner 660000
cellsize 50
[rows 70 to 104 of 200, columns 78 to 155 of 200]
132.6 132.4 132.3 131.2 129.9 129 125.9 128.3 130.4 131.3 130.8 130.7 130.7 131 130.9 131.3 130.5 129.8 128.9 127.7 126.6 125.5 124.5 123.2 121.9 120.1 117.7 115.4 113.8 109.7 106.8 104.8 104 103.8 103.4 101.3 95.5 93.1 91.1 92.6 95.3 99.7 103.4 110.6 116.6 121.8 125 127.3 128.1 129 130 131.4 134.3 135.9 139.4 142.4 145.6 148.4 151 153.7 156.5 159 160.9 164 166.1 168.1 170.2 172.2 173.5 174.6 175.7 176.4 177.4 177.9 176.7 175.4 173.9 172.6
134.7 134.3 133.9 132.3 130.8 128.5 129.4 132.1 132.9 133.4 133.5 134 134.5 134.7 135 134.7 132.8 131.2 130.2 129.2 128.1 127 126.2 124.7 122.6 120.5 117.4 115.2 113.4 110.2 107.1 104.6 103.9 103.5 102.6 101.5 92.7 98.5 95 89.2 92.8 96.4 104.6 111.9 117.6 122.8 126.5 127.8 129.6 130.9 132 132.5 135.3 138.5 141.5 143.8 146.4 148.6 151.2 153.9 156.7 159.6 161 163.2 165.2 167 168.8 170.9 172.5 173.9 175.4 175.4 175.8 177.2 178.6 178.6 177.8 176.7
137.4 136.2 134.5 132.4 130.2 131.3 134.2 134.6 135.2 135.6 135.9 136.5 137.2 137.5 138 137.7 136 133.9 132.1 130.8 129.7 128.6 127.7 125.6 123.4 120.4 117.1 113.9 111.3 108.9 106.3 104.1 102.5 102.1 101.2 95.1 99.1 100.2 98.2 95 93.1 92.1 98.4 113.2 118.1 122.9 127.2 128.9 129.1 129.9 130.5 133.4 136.8 141.1 143.4 145.1 147.3 149.1 151.3 153.9 156.8 159.4 161.1 162.6 164.1 165.8 167.4 169.1 170.8 172.5 174 175.4 175.8 175.7 177.2 178.5 180 180.2
138.1 136.3 133.7 132 134.2 135.2 136.3 136.9 137.5 137.9 138.1 138.1 138.5 138.9 139.1 138.5 137.4 135.8 134.5 132.9 131.6 129.3 127.5 125.9 123.5 120.2 116.9 113.8 111.6 109.2 106.3 104 102.9 101.3 98.7 100.3 100.9 100.9 99.7 99.1 97 94.4 97.8 111.4 119.4 123.3 126.5 128.1 129.1 129.7 131.3 134 137.6 143 145 146.3 148.1 149.9 151.8 154.1 156.3 158.6 160.4 161.8 163 164.4 166 167.7 169 170.5 173 175.5 177.4 176.9 176.8 178 179.7 180.2
137.3 134 134.1 135.2 136.7 137.6 138.4 139.1 139.9 140.1 140.2 140.3 139.8 139.7 139.5 138.8 137.1 136.6 135.6 133.7 131.7 129.2 126.8 125.2 123.2 119.7 116.8 114.3 111.9 110.1 108.2 103.7 102.9 101.2 100.5 101.2 101.9 102.5 101.4 102.5 100.2 91.1 102.2 110.8 120.1 123 125.7 127.5 128.8 130.2 132.1 134.8 138.3 142.3 144.9 146.9 148.2 150.2 151.9 153.6 155.7 158.1 159.7 160.8 162 163.3 164.8 166 167.3 168.7 170.7 173.4 176.4 178.5 178.3 178.5 179.3 178.6
136.9 136.2 137 137.9 139.1 139.9 140.6 141.2 141.9 142.2 142.3 142.2 141.6 140.8 139.2 138.3 136.2 136 134.4 132.6 130.9 129.1 126.2 123.6 121.6 118.7 116.9 114.6 111.9 110 108.8 104.3 102.7 101.1 101 102.6 102.8 103.2 104.2 106 101.8 97 101.6 110.6 119.9 122.7 125.3 127.1 128.2 129.5 130.7 132.3 136.5 140.3 143.3 146.4 148.3 149.9 151.6 153.2 155 157.3 158.8 159.7 160.7 162.1 163.5 164.5 165.6 167 168.5 171.3 175 177.7 179.7 179.4 179.8 179.3
137.3 137.9 139 140.1 141.1 142.1 142.9 143.4 143.9 144.4 144.1 143.6 143 141.8 139.9 137.8 136.4 135 133.2 131.3 129.3 127 124.7 122 119.9 117.3 115.1 113.5 111.3 108.8 106.3 103.9 102.7 101.9 104.2 106.4 105.5 105.4 105.7 107.3 103 95.8 103.7 112.6 118.6 122 124.3 126 127.5 128.7 128.8 129.4 133.3 137.1 141.9 145.7 147.6 149.3 151.1 153 154.7 156.3 157.5 158.7 159.7 161.1 162.2 162.7 163.4 164.9 167 170.3 173.9 177.3 179.7 180.7 180.4 180
139.3 140 141.2 142.3 143.3 144.4 145.2 145.9 146.3 146.3 145.8 145.2 144 142.3 139.6 137.8 135.1 133.1 131.9 129 127.4 124.6 122.2 120.3 118.2 115.7 113.9 111.7 108.8 109.2 107.5 105.9 104.5 103.8 106.8 109.1 108 107.7 108.2 109.4 105.2 94.6 106 115.2 118.7 120.8 122.8 124.7 126 126.4 126.4 127.1 130.5 135.1 140.7 145 147.1 148.5 150.3 152.1 153.2 154.3 155.6 157 158.7 159.9 161.1 161.9 162.1 163.6 166.5 169.3 172.7 175.9 179 180.4 180.6 180
140.7 142.1 143.2 144.5 146 147.1 147.7 148.2 148 147.9 147.1 145.9 144.7 142.2 138.9 136.7 134.4 132.1 129.7 126.8 124.7 122.7 120.6 119 116.9 114.5 112.1 110.9 111.6 110.4 109.1 107.4 105.6 105 108.9 112.4 111.7 109.8 107.8 105.5 93.7 97.2 100.4 110.9 118.9 120.1 121.6 123.1 123.8 123.9 124.1 125.5 128.7 133 138.5 142.8 146.4 147.8 149.2 150.1 151 152.4 153.8 155.6 157.5 158.9 160.6 161.7 162.4 164.1 166.3 168.4 171.4 174.3 177.7 179 180.2 179.2
142.5 143.9 145.1 146.8 148.4 149.5 150.1 150 150 149.5 148.2 146.6 144.6 142.2 139.5 136.8 134 131.4 128.6 125.4 123.2 121.5 119.5 117.3 115 113 112.5 113.5 112.9 112.2 110.7 108.2 106.3 106.9 111 115.9 114.9 109.8 106.5 96.4 97 98.1 99.1 103.2 107 111.6 116.7 118.2 119.5 119.4 121.2 124.3 127 130.8 135.7 140.1 143.7 146.1 147.3 148.3 149 150.2 151.6 154 156.9 158.4 160 162 163.3 164.7 166.9 168.2 170.8 173.1 175.7 177 179 179
144.2 145.8 147.3 149 150.6 151.8 152.1 151.9 151.9 150.7 149.1 147 144.6 141.8 139.1 136.3 133.7 130.9 128.1 125.8 123.3 120.5 118.1 116.4 115.2 114.1 115.2 115.8 114.9 113.9 111.3 108.4 106.9 108 112.3 116.8 115.8 109.2 105.6 97.8 96.6 96.3 100.7 102 103.4 105.4 107 108.1 108.8 109.5 112.8 120.1 126.1 129.5 133.4 137 140.6 143.1 145.2 146.4 146.9 148 149.2 153.1 155.2 158 160.2 162.2 163.9 165.4 167.1 168.6 170.1 171.5 173.6 175.2 176.9 177.3
145.9 147.2 149 150.8 152.3 153.5 154.1 153.7 152.7 151.5 149.3 147.3 144.4 141.4 138.6 135.8 133.9 131.1 129 127 124.8 122.7 120.2 118.7 117.7 116.2 117.2 117.5 116.8 115.5 112.8 108.5 108.3 110.6 115.5 118.1 114.5 108.3 104.9 98.5 96 99.8 107.8 109.4 110.3 111.2 111.8 111.3 110.5 107.8 108.7 114.8 123.9 127.4 130.4 133.7 137.4 140.3 142.2 143.5 144.4 145.8 148 151.7 154.9 157.2 159.5 161.5 163.2 164.9 166.2 167.3 168.6 169.9 171.5 173 174.3 175.3
147.6 149 150.7 152.5 154 155.1 154.8 154.2 152.9 151.6 149.9 147.1 144.1 141.2 138.3 135.9 134.2 132.1 130.6 128.3 126.5 124.8 122.6 121.3 120 118.5 119.4 119.7 118.7 116.8 113.4 111.8 112.6 115.8 118.4 116.6 112.1 107.1 104.3 95.9 97.2 102.6 113.6 113.9 115.5 117.3 117.7 117.2 117.1 113.7 109.3 112.3 121.7 126.1 128.6 131.2 134.5 137 138.9 140.4 141.4 143.3 145.9 149.4 153.1 155.3 157.6 160.2 162.2 163.4 164.6 165.7 167.2 168 169.1 170.5 171.6 172.4
149.4 150.9 152.4 154.1 155.6 156.2 155.8 154.3 153.2 151.9 150 146.9 143.9 141 138 136.2 134.9 133.4 131.8 129.9 128.4 126.9 124.9 123.4 122.1 121.8 121.6 121.5 120.2 117.9 114.8 114.6 116.8 118.9 116.1 113 109.7 105 98.5 97.1 97.6 108.9 115.4 117.7 119.1 120.4 121.5 122.3 122.7 118.4 114.6 115.6 118.1 123 127.1 129.2 131 133 134.9 136.8 138.8 140.8 142.8 146.2 149.7 153.4 155.3 157.6 159.3 161.1 162.5 163.6 164.3 165.4 166.5 167.9 169.1 170.3
151 152.6 154.1 155.7 157.3 157 156 154.4 153.1 151.4 149.5 146.4 143.5 140.6 137.8 136.6 135.7 134.7 133 131.3 130.1 128.7 126.8 125.1 124.4 124.3 124 123.1 121 119 116.2 117.3 117.9 116.7 114.9 112.3 105.4 99 97.6 98.3 98.9 112.8 116.4 118.4 120.1 121.5 122.5 123.3 124.6 124.5 119.9 118.7 114.3 112 121.4 122.5 125 130.2 131.2 134.3 137 138.3 139.7 142.7 145.9 149.7 152.1 154.4 156 157.8 159.3 160.6 161.3 162.3 163.6 165.1 166.4 167.4
152.7 154.5 155.7 156.8 157.8 157.3 156.1 154.5 153.2 151.1 148.9 145.9 143 140.3 138.2 137.2 136.5 135.7 134.5 133 131.5 130.1 128.6 126.7 126.6 126.8 126 124.4 122.3 120.1 118.5 118.4 118.3 116.4 114.2 111.1 103 98.2 98.1 98.1 98.9 115.5 118.2 119.1 120.3 122.5 123.6 123.9 124.9 125.6 122.4 121.5 115.7 116.1 116.7 117.1 119 125.3 130.8 133.5 135 136 137.4 139.7 142.1 145.4 148.6 150.8 152.6 153.8 154.9 156.7 157.5 158.7 160.2 161.9 163.2 164.4
154.4 156.3 156.8 156.9 157.7 157.4 156.1 154.5 152.8 150.7 148.7 146 143.2 141.3 139.6 138.6 138 137.1 136.1 134.6 133.2 132 130 128.4 128.4 128.5 127.7 125.9 123.7 121.6 119.5 117.8 116 114.3 112.5 97.9 99.2 98.6 98.4 98.8 102.4 120.8 119.5 119.7 120.4 122.2 123.9 124.9 125.8 126.4 126.6 125.6 121.8 122.3 124.6 125.1 121.2 123.1 128.6 131.4 133.2 134.8 135.8 137.7 139.2 142 144.4 146.8 148.7 149.7 150.7 152.3 154 155.2 156.7 158.2 160 161.7
155.8 157.4 157.2 156.7 157.9 156.2 154.6 153.5 151.4 149.7 148.4 146.8 144.8 142.7 141.5 140.4 139.6 138.7 137.8 136.3 135.7 133.8 131.4 130.2 130.1 130 129.2 127.6 124.8 121.8 118.5 116.3 114.2 113.7 103 97.8 100 100 96.7 99.4 107.6 119.1 118.1 120.4 122.4 124.7 125.7 126.4 126.6 127 127.5 128 126.7 126.8 129.2 128.7 128.7 120.5 126.5 130.8 133.1 134.8 136.1 137.7 138.6 139.5 141.2 143.4 144.8 145.7 146.7 147.9 149.7 151.5 153 154.5 157 159.3
157 158 158.5 158.6 158.6 157.2 154.9 152.3 150.7 150.1 149.1 147.9 146.2 144.4 143.3 142.1 141.3 140.2 139 137.9 136.5 135.1 133.1 132 132.1 131.4 129.7 127.8 125.8 122.2 119.1 116.4 116.8 117.6 108.2 100.7 99.9 101.1 101.1 102.1 111.3 116.8 119.1 121.3 123.5 125.9 127 127.3 127.6 127.8 128.3 128.9 129 129.2 130.2 129.8 129 125.1 126 131.3 133.9 135.8 137.4 138.8 139.5 140.1 139.6 140.2 141.6 142.3 142.2 144 145.9 147.8 149.5 151.2 153.8 156.2
158.2 159.3 159.8 159.7 159.3 157.4 155.6 153 151 150.7 150.8 149.7 148 146.1 144.9 143.9 142.9 141.8 140.7 139.4 138 136.3 134.3 133 132.9 132.6 131 128.9 126.3 123 119.9 117.7 119.1 118 106.5 101.2 101 101.9 101 104.5 112.7 117.7 120.8 122.9 125 127.1 128.6 128.8 128.7 129 129.5 129.9 130.2 130.7 131.6 130.4 129.3 126.4 126.5 131.8 134.9 136.7 138.2 139.3 140.2 140.7 140.5 138.7 138.5 138.8 139.2 140.7 142.5 144.4 146.2 148.3 150.5 152.9
159.4 160.7 160.9 160.6 159.3 157.4 155.4 153.9 152.9 152.8 152.3 151.2 149.9 148.4 146.9 145.7 144.6 143.5 142.4 141.1 139.7 137.3 135.2 134.3 133.5 132.6 131.3 130.1 127.3 123.7 120.8 118.7 117.8 116.8 106.7 103 102.6 99.5 101.4 103.4 113.1 118.5 122.8 124.6 126.5 128.4 129.6 130.1 130 130.2 130.3 130.6 131.5 132.1 132.6 132 129.3 121.4 128.2 132.6 135.4 137.4 138.8 140 140.9 141.5 141.5 140.2 137.6 137.2 136.7 137.5 139.7 141.5 143.3 145.6 148.1 149.9
160.7 161.8 161.5 160.5 159.4 157.9 156.4 155.5 155.2 155.1 154.2 153 151.6 150.1 148.7 147.4 146.2 145.2 143.6 142 140.1 137.9 136.2 135.1 134.2 132.9 131.7 130 127.7 124.6 122.1 118.7 115.7 113.2 111.7 112.8 105.6 102.6 102 102.7 105.1 116.9 123.1 125.7 127.4 128.7 130.5 131.2 131.4 131.4 131.6 131 131.8 132.7 133 133 130.6 124.5 128.7 132.8 135.9 137.9 139 140.3 140.9 140 138 131.3 128.9 131.7 130.6 132.7 136.3 138.3 140.6 142.7 145.6 147.8
162 162.2 161.9 161.3 160.7 159.9 158.4 157.3 157.5 157.3 156.1 154.7 153.2 151.7 150.2 148.8 147.8 146.6 144.7 142.7 140.8 139.1 137.2 135.5 134.4 133.2 132.1 130.2 128.5 125.2 121.7 118.7 116.6 114.5 112.9 116.1 115.3 106.9 111 103.2 103.5 107.8 119 125.4 127.7 129.4 130.7 131.8 132.6 132.5 132.5 132.5 132.3 133.1 133.4 133.4 130.5 123.3 128.6 131.6 134.5 136.6 136.5 137.1 136 135.8 129.6 127.5 127.1 127.3 128.2 129.9 132.4 133.4 135.2 140.1 143.6 145.7
162.2 162.2 162.5 162.6 162.6 162.2 161.4 160.5 160.5 159.3 157.7 156 154.4 152.7 151.3 150 149.1 147.8 145.9 143.8 141.6 140.1 138 135.7 134.5 133.3 132.5 131.1 128.8 126 121.9 120.7 118.3 115.8 114.7 114.8 114.4 107.4 115.6 116 108.7 104.3 114.6 125.3 128 130.3 131.2 132.4 133.4 134 133.4 133.1 132.9 133.2 133.6 133.8 132.1 125.8 125.5 127.8 129.6 129.6 126.7 124.4 125 125.9 126 124.4 130.9 132.5 131.6 130.3 130.2 131.3 133.6 135.5 141.3 144.3
162.2 162.5 163.3 164 164.5 164.7 164.1 163 161.9 161.3 159 156.6 154.9 153.1 151.6 150.4 149.1 147.8 146.3 144 142.1 141 138.5 136.2 134.7 133.6 132.7 131.8 128.5 127.1 124.7 122.9 119.5 117.5 115.8 115.7 115.3 108.5 116.2 118.7 117.9 104.6 107.2 124.9 128.6 130.8 132.5 132.5 134.1 134.9 135.7 134.2 134 133.6 133.4 133.3 132.3 130.1 126.6 125.6 125.5 127.2 128.8 129.7 130 129.3 128.7 132.9 136.2 137.5 138.6 139.2 139.4 134.2 131.9 133.2 134.2 141.2
162.4 163.1 163.9 164.8 165.2 165.2 165 163.9 162.9 161.5 159.3 157.1 155.3 153.5 151.9 150.4 149.5 148 146.6 144.9 143.3 141.6 139 136.6 135 133.8 132.8 130.4 128.9 129.2 127.2 124.2 120.8 119.2 117.9 117.6 116.3 110.6 116.1 119.2 120.5 118.4 105 116.3 127.5 131.5 133.2 133.6 134.7 136.5 137.8 136.3 134.9 134.5 134 133.7 132.8 133.5 132.4 131.6 132.2 133.2 133.7 133.2 133.7 133.1 133.9 135.8 137.9 139.1 140.2 141.4 142.2 143.1 138.3 134.6 134.3 136.6
162.9 163.1 164.4 165.5 165.5 165.4 165.2 164.6 163.5 161.4 159.2 157.1 155.1 153.4 151.9 150.4 149.7 148.6 147.1 145 144.1 141.9 139.4 137.1 135.3 133.5 132.4 130.6 131.8 130.5 128.2 124.8 123.2 121.4 121.1 119.6 117 113.2 117.7 120.5 122.1 120.6 106.9 109.1 131 132.7 133.8 134.6 136.2 138.4 139.4 138.8 136.8 136.1 135 134.3 134.6 134.8 134.8 134.5 134.9 135.3 136.2 136.8 137.1 136.4 137.4 138.8 139.4 142.2 142.9 143.7 144.4 144.8 144.9 141.8 133.5 133.5
163.4 163.2 164.4 165.9 166.7 166.2 165.5 164.5 163.5 161.5 159 156.7 154.9 153.3 151.9 150.5 149.6 148.5 147.2 146 144.5 142.2 139.3 137.8 135.5 133.5 132.6 132.8 132.8 131.6 128.9 126.6 125.3 123.5 123.9 121.9 118.8 114.9 119.7 123.2 126.3 123.5 107.5 105 132.3 133.7 135 136.4 138.3 140 141 140.8 139 137.5 136.5 137.4 137.1 137.6 137.6 137.1 137.4 137.7 138.7 139.8 140.1 140.1 140.4 143.7 143.7 145.6 146.8 147.4 147.3 147.1 146.7 146.8 146.4 145.4
163.4 163.8 164.5 166.1 167 166.7 166.3 165.1 163.9 161.8 158.8 156.6 154.5 153 151.7 150.5 149.6 148.7 147.5 146.3 144.8 142 140.6 139 136.5 134.9 133.7 133.8 133.6 132 129.6 128.6 126.9 125.5 127.3 125.5 120.5 116.8 122.1 126.3 127.4 125.6 104.4 123.6 130.1 134.5 136.3 138.1 140.4 141.9 142.2 141.9 140.7 139.4 139 140.4 140.1 140.7 140.3 139.8 139.8 140.3 141.1 142 142.6 143.2 144.3 147.8 147.2 148.8 150.6 150.9 150.7 149.8 149 148.7 148.6 148.1
163.3 163.8 164.9 166 166.9 167.9 167 166 163.9 161.5 159.3 156.7 154 152.4 151.3 150.6 149.7 148.8 147.9 146.5 145.1 143.3 141.8 139.8 137.6 136.2 135.1 134.8 134 132.5 131.7 130 127.9 127.3 128 126.5 121.2 118.6 123.7 126.8 126.4 120.3 108 117 124.5 131.6 136.1 138.8 142.2 143.5 143.4 142.1 141.1 140.4 140.5 142.1 142.9 142.9 143.5 143.4 142.3 142.8 143.6 144.3 144.8 145.4 146.9 150.1 150 151.6 152.8 153.1 153.5 152.9 152 151.2 151 150.4
163.3 164.1 165.1 166.3 167.8 168.7 167.8 165.8 163.7 161.3 158.9 156.4 154.4 152.5 151.4 150.7 149.9 149 148.2 147.2 145.6 143.9 142.3 140.7 138.8 137.5 136.7 135.7 135 134.1 132.7 130.9 129 128.1 127.7 124.7 121.4 120.9 123.8 126.5 126.5 123.9 109.9 105.3 112.6 128.2 135.6 140 143.4 145 144.2 143.3 142.5 141.8 141.1 143.1 144.8 144.6 145.5 144.9 145 145.3 146.1 146.8 147.5 148.3 149.6 151.6 152.4 153 153.9 154.5 155.2 154.9 154.6 154.1 153.7 153.3
163.4 163.9 165.1 166.3 167.6 168.2 167.3 165.5 163.4 161 158.7 156.6 154.7 152.7 151.4 150.8 150.1 149.6 149 148 146.2 144.4 142.8 141.2 139.9 138.7 137.6 136.6 135.7 134.6 133.3 131.8 130.1 128.6 126.7 124.1 123.1 124.1 127.1 129.1 128.5 126.3 118.8 107.8 106.8 125.7 136.4 141.5 143.9 144.9 145.1 144.8 144 143.4 142.8 143.5 144.8 145.4 146.3 146 146.6 147.4 148.2 149.1 150 151 152.5 154.1 154.2 154.7 155.2 155.8 156.4 156.2 156.2 156.2 156.1 155.6
163.5 163.8 164.9 165.3 166.2 167.1 166.4 165.2 162.7 160.3 158.3 156.3 154.7 153.1 151.7 150.8 150.2 149.7 149 148 146.5 144.9 143.5 142.1 140.8 139.5 138.4 137.4 136.3 135.2 133.9 132.4 131 129.1 127.3 125.1 124.8 126.5 129.4 133.1 131.1 127.3 121.3 106 109 123.8 137.3 139.4 143.8 145.4 145.8 145.8 145.6 145.2 144.7 144.5 145.5 146.3 147 147.7 148.5 149.3 150.4 151.5 152.3 153.4 154.6 155.9 156 156.4 156.8 157.3 157.8 158 158 157.8 157.7 157.2
163.6 163.9 164.3 164.7 166 166.3 165.8 165 162.1 159.3 157.6 156.1 154.5 153.2 152.1 151 150.2 149.7 148.7 147.9 146.7 145.4 144.2 142.9 141.5 140.2 139.1 138.2 137.1 136 134.9 133.6 132.1 130.4 128.5 127.1 126.2 127.9 130.6 133.5 129.8 112.5 108.5 110.6 118 130.6 142 144.7 143.5 145 146 146.8 146.8 147.3 147.2 146.9 147.4 148.1 148.7 149.5 150.4 151.3 152.3 153.5 154.3 155.3 156.6 157.2 157.6 157.9 158.2 158.7 159.2 159.5 159.3 159.1 158.7 158.4
163.6 163.9 164.2 165.1 166.2 166.4 165.7 164.8 162 159.2 157.3 155.9 154.6 153.4 152.3 151.1 150.3 149.5 148.7 147.9 147.1 146 144.9 143.6 142.1 140.7 139.7 138.7 137.9 137 135.9 134.7 133.2 131.8 130.3 129.3 128.4 128.7 131.5 128.1 116.7 110.1 108.6 112.1 123.4 134.7 144 146.7 145.7 144.7 145.7 146.9 147.7 149 149.2 148.7 149.4 150.1 150.7 151.4 152.3 153.2 154.1 154.8 155.8 157 158.1 158.5 158.8 158.9 159.1 159.7 160.1 160.3 160.5 160.4 160.1 159.6
