Game/Highland_Data/StreamingAssets/GeoData/Data/nt/NT50.asc
ncols 200
nrows 200
xllcorner 350000
yllcorner 600000
cellsize 50
[rows 105 to 139 of 200, columns 0 to 77 of 200]
387.9 378.2 368.6 357.6 347.1 335.9 326.7 315.3 307.1 299.4 293.1 285.8 277.6 270.3 263.6 254.9 245 238 231.3 226.7 223.3 221 220.2 219.3 218.6 218.1 219.8 221.5 221.7 220.9 221.1 221.1 222.3 230 237.2 243.3 254.3 268.3 286 302.7 316.7 332.1 347.2 359.6 367.4 373.2 374.6 370.3 364 353.7 342.5 330.9 318.1 306.4 297.2 287.1 275.5 261.7 247.3 236 234.1 240.5 250.3 263.1 273.8 277.6 281.7 288.8 289.6 288.5 286.6 281.7 279 276.3 272 276.4 279 281.2
383.2 374.9 364.2 353.2 341.2 330.5 319.4 310.4 302 294.4 287.1 277.8 269.6 262.7 255.7 245.8 236.3 231.3 227.4 223.7 222.1 221.1 220.4 219.8 219.2 221 222.8 224.4 225.9 226.1 221.7 223.2 225.9 232.6 239.2 247.8 259.1 273.1 289.8 306.2 321.3 335.6 348.9 360.7 367.8 372.1 373.7 369 363.1 353.3 342 328.5 318.1 309.8 300.6 292.4 281.3 269.2 256.1 248.3 236.6 236.2 236.9 242.1 257.9 264.4 270.4 278.4 278.8 277.5 275.9 274.1 274.6 272.1 269.2 272.9 275.1 276.5
379.3 370.3 359 347.3 335.4 323.3 313.5 305.1 296.6 288.3 280.2 271.2 262.1 252.6 245.1 237.9 232 228.1 225.2 222.9 222.4 221.5 220.7 220 221.7 224.9 226.5 228.2 228.4 227.2 222 225 228.8 237.6 243.7 251.5 262.7 277.8 293.9 309.5 325.4 337.3 348.4 359.1 366.5 370.4 371.3 366.3 361.5 351.6 342.1 332.2 325 316.1 306.2 297 286.6 277.7 264.5 257.7 249.4 240.8 236.7 236.5 238.3 250.6 260 265.1 266.5 267.9 269.4 271.7 272.3 269.3 267.5 270.1 271.5 271.4
371.5 362 351.1 340.9 327.6 315.5 307.4 297.8 289.2 282 271.9 262.2 251.9 243.9 237.3 232.6 229.1 225.9 223.7 222.9 222.4 221.7 221.1 220.7 226 227.9 229.4 230.8 229.9 224.5 221.7 227.1 234 240.9 248.6 255.8 267.9 280.9 296.5 312.7 326.2 338.3 349 358.4 365.4 369.2 370.2 366.9 359.5 352.4 344.8 337.4 329 320.4 310.5 299.3 292.6 286.5 278.4 264.4 258.5 250.6 251 244.7 240.6 240.4 250 257.1 259.9 264.6 269.6 272 269.5 266.4 265.9 267.1 265 268
360.8 351.9 341.4 330.3 318.4 309.1 299.4 289.8 281.1 271.6 262.5 252.1 244.2 238.4 233.6 229.7 226.8 224.8 223.9 223.1 222.5 221.8 221.7 225.6 229.3 230.5 231.3 232.6 230.2 222.3 225.3 228.7 237 243.9 251.4 259.8 267.4 279.4 298.5 314.4 327.4 339.3 349.1 357.2 363.5 367.2 369.4 367.5 363.7 354.4 347.5 340.1 333 324.3 313.4 305.4 296.5 291.7 286.9 278 271.9 262.2 254.1 254.4 243.9 240.6 250 255.2 263.9 267.8 270.7 270.3 267.4 264.4 264.3 263.2 266.7 268.8
352.7 338.4 329.3 318.4 307 300.2 291.4 281 268.9 262.2 252.9 244.6 240.2 235.8 231.5 227.7 226.1 224.6 224.4 223.2 222.6 221.9 224.9 229.5 231.8 232.6 233.2 233.1 231 226.3 224.8 231.1 239.5 246.3 257.9 265.6 273.7 288 304.5 320.1 329.9 340.7 350.2 357.6 363.4 366.8 368.5 367.3 361.9 356 349 343 336.2 327.6 317.8 309.5 301.3 297.2 292.8 287.6 279.1 270.3 256.1 258.4 249.2 242.1 251.5 259.7 266.9 270.1 270 268.5 265.3 262.4 259.9 265.2 268.3 270.9
339.1 328.2 315.3 307 299 290.5 281.3 271.5 261.5 254.5 247.6 241.1 237 233.5 229.4 227 225.8 224.7 224.5 223.4 222.9 222.7 227.1 232.3 233.7 234.6 235 233.8 231.2 224.4 235.1 238 245 251.8 262.1 273.7 286.4 297 309.7 326.7 336.9 345.9 353.2 359.4 364.1 366 366.6 365.3 361.5 357.2 355.6 347.2 338.8 327.9 319.7 312.9 307.2 302.6 297.6 291.8 283.1 273.8 266.7 253.6 252.6 242.1 253.9 261.8 267.8 267.5 268.2 266.6 264.7 259 262.4 264.5 267.6 271.3
325.9 315 302.5 289.4 286.3 277.6 267.5 260.3 254.4 248.4 243.6 238.5 234.5 231.1 228.6 226.9 225.6 225.2 224.7 223.7 224.2 228.9 231.7 233.1 235.3 236.4 235.9 234.6 227.7 228.8 236.9 243.3 252.3 259.9 270.7 284.3 297.8 309.4 319.9 328.6 342 351.4 358.2 363.3 365.9 366.3 367.6 366.9 364.9 361.9 353.8 347.7 339.4 329.1 323.5 317.2 312 307.4 301.8 294.4 284.6 272.9 268 259.4 254.1 237.9 255.4 260.4 263.8 265.8 266.7 265.5 262.9 256.3 262 264 267.3 270.9
313.9 301.9 290.5 282.5 273.2 264.3 258.3 253.8 248.7 243.7 239.5 235.4 232.3 230 227.8 227.1 226.2 226.2 225.4 225.6 229.4 230.8 235.4 233.8 236.3 237.1 237.1 230.3 228.9 238.6 244.6 249.6 257.7 269.1 280.6 296.7 310.3 322.1 333.1 340.6 347.7 356.5 362.6 365.5 367.8 369 371 370.5 369.7 364.1 354.8 348.5 339 333 326.6 320.8 315.6 309.2 302.4 295.5 284.7 275.6 267.3 261.7 249.9 239.5 255.3 260.3 263.4 264.7 265.4 263.3 259 256.3 261.5 263.7 266.5 270.7
303.6 292.5 281.7 271.9 264.1 258.3 252.4 247.4 243.8 239.7 235.8 232.8 231.1 229.6 228.3 227.2 228.6 227.4 228.1 230 233.8 235.2 238 237.7 237.1 239.3 231.3 229.5 236.4 242.5 248.3 255.9 264.7 274 294.6 307.9 319.3 331.4 342.6 351.9 356.5 362.9 366.9 368.2 369.6 373 375.3 375.4 374.1 368.7 357.9 349.4 341.2 335.7 329.1 323.4 317.7 310.5 304.1 295.6 285 276 268.4 261.9 253.5 240.5 255.7 259.2 262 263.2 262.7 260.3 254.8 257.1 259.9 262.3 264.5 268.9
294.1 283.5 273.9 266 258.9 252.6 249.5 244.9 240.6 237.7 233.7 231.8 230.5 229.6 228.8 229.5 231.5 231.6 232.3 234.3 237.8 238.4 240 240 238 234.6 232.7 235.3 241.7 248.1 254.5 262.5 274.5 288.7 304.9 316.7 328.2 340.4 351.3 360 364.7 369 370.3 372.3 373.9 378.1 380.8 383.2 379.5 372 361.1 351.2 343.9 338.2 330.7 325.3 318.1 312 303.1 294.9 283.3 274.7 267.3 261.1 252.8 243.7 255 260.9 261.3 261.2 260 255.2 251.7 255.9 257.4 261.7 265.7 271.5
285.2 277.5 269.5 262.4 256.3 251.6 246.8 243 239.2 235.4 233.2 231.7 231.5 230.7 232.4 234.7 235.4 235.7 236.6 239.3 241.5 241.4 241.1 240.5 236.7 232.5 233.6 240.7 245 253.1 259.1 269 281.2 298.7 312.6 324.5 336.6 348.7 359.2 367.2 372.8 376.4 377.5 377.1 381.4 384 387.8 389.4 383 373.7 361.6 349.9 344.1 337.6 330.7 323.8 317.4 308.9 300.6 293.1 283.7 275 267.4 260.5 251.3 245.1 254.6 259.5 258.7 257.9 255.7 251.3 251.5 255.1 259 261.4 265.5 269.1
280.5 272.9 265.9 259.3 254.2 250.1 246.3 242 237.6 233.5 233.5 230.5 230.3 231 237.4 239.1 239.3 240.3 241.5 243.3 244 243.6 243.1 241 238.3 235.3 236.2 243.8 249.7 257.3 263.5 272.8 287.5 307 319.4 331.5 344.2 356.4 367 374.8 379.2 381.4 384.2 384.1 384.8 389 393 391.6 384.3 372.8 359.9 351.1 343.2 334.7 327.1 322.2 313.5 307.7 300.2 291 282.4 273.3 266.1 258.9 247.1 245.2 252.7 256.9 253.4 252.1 249.7 250.3 252.6 254.5 258 261 264.8 268.7
276.2 268.9 262.5 257 252.2 248.5 244.6 240.9 233.3 232.9 233.2 233 234.5 236.6 241.1 242.1 243.1 243.7 244.9 245.9 245.7 244.6 242.8 239 238.6 236.5 241.9 249 255 260.1 266.7 282.1 295.1 313.3 324.9 337.9 350.9 363.9 374.6 383.6 386.8 389.6 390.7 390.2 390.1 391.7 392.7 389.1 379.9 367.9 356.7 348.1 339.6 333.5 325.6 318.4 311.7 304.7 297.3 289.4 281.1 272.1 264.9 258.4 249.9 242.8 248 249.5 248.4 247.7 247.4 249.6 252.3 254.7 257.6 261 265 268.5
271.7 265.5 259.2 254.9 251.2 247.4 242.7 234.9 233.7 235 237.3 239.2 239.1 241.1 244 244.3 245.8 247.2 247.6 247 245.7 243.6 240.7 238.7 238.7 237.7 239.6 251.3 257 263.2 270.7 287.1 303.9 317.7 330.5 343.6 357.1 369.6 382.4 392.4 398.6 399.5 398.9 396.8 394.1 390.1 388.4 381.7 370.8 360.8 352.1 344.1 336.2 329.7 321.8 316.1 309 301.8 294.2 286.9 278.6 271.5 263.6 257.6 249.4 242.5 242.2 243 244.3 247.1 248.9 251.4 253.6 255.7 258.2 260.9 264.4 268.1
268.2 262.2 257.3 253.3 249.4 245.5 237.9 236.2 238.2 239.5 241.2 242.8 243.2 244 247.2 248 249.2 249.5 249.3 247.5 244.6 242.7 240.4 240 240.1 239.9 238.9 252.9 258.8 265.5 272 291.7 308.9 321.8 335.5 349.2 362.7 375.7 388.9 400.4 407.4 406.3 403.2 399.4 391.8 385.9 380.7 371.3 362 353.9 345.9 337.8 331 324.8 318.3 311.9 304.7 297.5 291 284 276 268.7 261.7 256.5 251 243.6 243 245.3 244 246.9 248.8 250.7 253.8 255.9 258.5 261.4 265.2 268.2
264.6 259.8 255.4 251.7 247 241.1 238.5 239.3 240.6 241.6 243.5 244.4 246.4 249 250.8 252.1 251.5 251.6 249.2 247.5 244.1 242.9 240.8 242.8 242.7 241 241.2 253.7 259.5 266.6 278.1 295.6 311.9 325.8 340 354.3 367.9 381.3 394.4 406.4 410.2 408.7 402.9 395.5 387.9 380.1 371.9 362.4 353.6 345.9 338.3 331.1 325.7 318.8 313.1 307.3 300.1 293.4 287.7 280.9 272.4 265.2 260.3 255.4 250.9 242.2 244.6 247.4 248.2 245.4 248.4 249.5 252.3 254.7 257.4 261.3 263.2 267.5
263 257.2 253.3 248.2 242.6 239.1 240.6 241.8 243.2 242.5 243.8 249 251.4 253 253.9 253.7 254 252.4 250.7 249 245.8 243.8 244.6 245.8 247.2 244 242.2 247.4 261.3 270 278.9 297.2 313.3 328.5 343.5 357.9 371.3 384.4 399 410.7 410.2 406.1 397.3 389.8 382 374 365.5 355.3 346.3 339 331.9 325.6 320 313.2 307.9 302.3 296.1 289.9 282.8 276.2 268.7 263 260.5 254.7 249.7 245.9 246.8 250.9 251 246.2 246.3 249.6 252 254.9 257.6 262.7 267 270.1
257.6 250.2 248.2 245 242.7 243.7 247.1 247.6 246.2 245.1 248.6 252.1 253.9 255.4 256.4 256.5 255.8 253.7 252.9 250.7 245.8 246.7 247.9 250.2 252.4 246.9 243.9 254.1 258.9 275.8 282.1 296.6 313.5 329.4 344.9 359.4 373.1 386.3 400.9 409.1 406.5 399.2 390.6 383.4 375.6 367.3 357.9 350 341.1 333.6 327.1 320.4 314.3 308.6 303.1 297.6 291.4 284.3 278.1 270.1 266 262.2 257.8 253.2 248 245.4 250.4 252.7 252 250 246.9 250.6 252.2 255.3 257 264.1 266.6 271.2
250.6 249.3 249.3 248.3 246.9 250.1 251.6 251.3 250.2 246.1 250.8 255.3 257.2 258.2 260.1 258.4 256.9 256 254.5 251.7 250.2 251 252.2 254.7 256.1 246.1 246.9 263.5 273.7 275.9 284.2 293.5 311.1 329 344.9 360 373.4 386.3 396.8 400.6 397.3 389.4 382.9 375.9 369.2 360.6 352.6 345 337.6 330.1 322 315.6 310.4 304.4 298.3 292.5 286.5 279.7 273.1 268.9 264.5 262 256.1 249.8 247.3 249.5 252.9 254.3 253.2 251.5 247.9 247.8 251.6 255.3 260.9 266.2 268 271.2
253.2 252.2 251.5 250.8 251.8 253.8 253.7 253.4 252.2 250.6 256.3 258.6 262 263.4 262.9 260.9 259.2 259.1 257 252.5 255.2 255.3 256.9 259 256.2 247.3 249.1 270.5 279.3 283.2 285.7 292.3 305.5 326.2 342.1 358.2 372.8 382.6 390.1 392.3 385.8 379.6 373.5 366.6 360.8 354.1 346.8 340.6 333.8 327 319.3 312.6 306.7 300.2 292.7 287.5 281.1 276.7 271.3 266.7 263.9 259.1 253.5 248.9 246.8 251.8 254.5 255.6 255 253.4 249.8 249.7 251.8 255.9 260.9 267.1 271.9 276.7
257.3 256.1 254.8 255.1 256.8 258.1 257.2 255.8 252.9 254.8 259.5 264.4 266.1 266.1 264.2 263.3 263.5 263.3 258.2 257.8 258.4 259 261 261.5 256.6 247.9 260.3 276.7 285.7 287.3 285.4 294.2 304 321.2 337.6 352.7 367.2 374.6 378.8 378.6 373.6 367.4 361 355.5 352.8 347.4 342 336 329.5 322.6 316.8 311 302.8 295.8 289.2 283.5 277.1 272.9 268.9 265.9 261.8 256.6 250.7 247.1 250.4 253.5 256 257.2 257.1 255.4 253.3 251.3 251.5 255.4 258.3 263.2 271.4 277.1
264.2 262 258.9 260.2 262.3 263 261.6 259.7 255.8 257.7 263.7 267.8 269.6 269.7 267.8 266.8 266.6 265.5 261.7 261 261.8 263.4 264 262.6 257.3 248.7 267.2 282.5 291.2 293.1 289.9 295.3 302.6 313.3 329.7 344.7 357.3 364.3 367.1 365.2 360.8 354 347.7 348.8 344.6 342.4 337.3 331.6 325.2 318.6 312.8 305.7 298.1 291.8 285.1 279.6 275.4 270.2 267.3 263.4 257.7 253 248.8 249.9 254.2 256.4 258.3 259.4 259.4 257.6 255.3 251.7 252 256.7 261.3 267.5 273.3 277.5
269.2 266.9 261.1 265.8 267.7 268.3 267.6 265.1 258.8 261.4 268.7 272.5 273.3 272.8 271.7 273.1 270.9 268.8 263.2 265 265.3 267.4 267.4 266.1 258.9 250.3 270.4 285.3 296.8 302.7 298.5 295.5 301.2 309 322 338.1 346.3 352.7 355.9 354 347 340.9 343.4 346.7 341.4 335.6 331.7 327 320.3 313.1 306.9 301.3 293.9 287 281.2 276.9 272.9 267.8 265.8 260.5 254.5 250.1 249.6 253.6 256.9 259.3 260.8 261.7 261.6 259.8 257.8 253.8 252.5 257.5 261 268.2 275.3 280.8
272.6 266.8 267.8 271 272.3 272 272.3 270.5 263.6 268.9 273.5 275.8 277.8 277.4 277.8 277.8 274.7 270.7 266.5 267.7 269.7 271.8 270.3 268.6 260.2 251.6 273.1 293.4 307.6 309.7 305.9 303.4 299.7 305 317.9 317 338.6 344.8 346.1 340.6 334.5 336 341.4 344.2 338 332.1 326.5 321.5 316.1 307.9 302.6 295.5 289.5 283.5 279.1 274.5 269.1 266.4 260.8 255.7 252.3 250.5 253.5 256.6 259.8 263.7 262.1 264.3 263.9 261.8 259.5 253 253.7 257.1 262.5 269.7 266.5 275
275.4 272.3 274.9 277.8 277.4 276.3 275.3 272.6 268.3 274.3 278.1 279.8 280.8 281.8 282.8 281.8 278.9 273.1 274 273.7 275 275.2 273.3 270.2 254.8 254.1 275.2 299.4 315.8 315.1 310.8 306.5 305.4 304.2 316 324.9 332.8 337.6 335.8 330.5 331.1 333.7 338.6 338.6 334.3 329 322.8 316.2 312.1 304.1 297.5 291.1 285.3 280.3 276.2 271.3 266.4 260.5 257 253.1 250.4 254.5 257 259.3 264.2 267.5 266.1 266.4 265.7 263.9 261.8 253.8 254.7 259.5 267 273.9 280.1 283.3
278.2 280.1 282.4 283.3 282.4 281.4 278.9 277.2 266.9 279 281.6 283.1 284.6 286.5 285.8 282.9 278.5 277.6 279.1 277.7 278.3 277.3 275.1 270.1 255 256.2 274.8 302.1 313.5 314.1 311.5 311 309.5 310.5 310.9 319.4 325.1 327.4 326.4 327.5 329.8 332.5 335.4 333 329.3 325.1 320.4 312.8 305.5 299 292.8 287.4 281.9 277.3 272.7 267 260.7 256.9 253.3 251.9 255.7 256.9 258.8 264.4 269.8 269.4 269 269 268 265.5 262 255.6 255.9 260.9 268.2 274.6 281 286.7
282.8 286.9 288.8 288.5 288.2 285.3 282.9 281.9 272 283.6 285.2 286.7 288.5 290.4 290.6 289.4 286.3 283.5 283.5 282.5 280.9 278.5 274.8 268 256.9 261.2 275.6 297.9 311.3 313.8 316.9 319 317.6 316.4 314.7 312.9 321.1 320.8 324.1 327.4 328.9 331.8 332.7 328.4 324.4 321 314.6 306.8 300.3 294.6 289.2 283.7 278.6 273.7 267.7 260.7 256.3 254.2 256.4 257.3 258.2 259.9 263.6 269.2 272.1 272.2 271.4 271.4 269.1 266.4 262.1 256.7 257.5 262.6 269.8 274.8 281.3 287.9
291.5 294 294.3 294 291.1 288.5 287.6 277.6 285.5 287.6 289.9 290.6 293.7 295 295.6 293.7 291.4 290.2 287.9 285.5 281.6 277.9 271.5 262.4 256.9 266.2 277.1 296.7 309.9 315.9 323.6 325.3 323.6 321.7 321.4 319.1 318.4 322.9 324.3 330.1 331.2 331 329.6 327 320.7 315.5 309.1 301.7 296.2 291.1 285.9 280.4 274.7 269.1 261.2 257.1 254.4 255.6 258.8 260.2 261.3 264.5 268.7 273.1 274.1 273.1 272.6 271.4 269 266.5 263 255.8 258.8 264.3 269.4 273.8 280.3 286.8
298.5 300.9 300.9 297 294.2 293.7 291.6 279.1 291 289.9 294.3 296.9 299.2 301.8 302.8 300.5 297.2 291.9 289.9 286.2 281 273.8 264.9 269 262.3 262.5 278.5 297.2 310 323.1 328.7 329.5 327.4 322.7 322.4 321.8 321.1 325.6 329.2 331.5 330.5 330.8 327.1 321.5 316.4 310.6 303.7 298.4 292.9 287.8 282.7 277.1 270.8 266.2 258.3 255.4 256.8 259.8 261.7 263.2 265.3 267.6 272 274.7 275.2 274.8 273.9 271.8 269 267.2 264.9 261.4 258.8 262.5 266.5 272.4 278 284
306 308 305 301 300.4 299.1 284.8 296 296.7 294.3 299.6 304.7 305.2 308.7 308.6 304.5 299.3 294.5 290.2 286.4 279.2 268.1 275.7 273.8 264.6 264.9 278.5 294.6 311.6 326.2 331.2 331 328.5 323.4 323.1 323.2 322.9 325.6 328.2 329.3 329.3 326.5 322.7 317.7 312.1 306.3 300.5 296 289.8 284.7 279 273.6 265.4 259.2 257.2 255 260.9 262.6 264.5 266.9 269.2 271.5 274.5 276.2 276.1 275.7 274.7 272.8 269.9 267.8 266.2 264.4 259.5 265.4 268.8 270.1 271.5 277
311.9 312.9 310.2 306.4 305.6 299.3 296.8 301 301.4 299.9 306.9 311.6 316.3 316.6 311.4 305.3 299.1 294.8 290.5 285.5 275.5 277.6 281.8 279.1 273.3 261.6 278.2 292.6 311.2 324.8 330.9 331 327.7 323.2 323.5 323.3 323.7 326 327.2 327 325.8 322.8 319.2 314.7 309.2 303.4 298 292.2 286.3 280.3 275.4 269.2 260.5 258.6 261.8 261.4 264.5 266.5 267 270.1 272.7 274.8 276.5 277.6 277.4 276.6 275.4 274.4 271.7 269.2 266.8 264.1 260.1 265.9 270.4 274.1 276.9 276.3
313.3 318.5 313.8 312.8 305.3 303 308.1 307 306.2 311.1 314.3 323.5 326.2 321.2 312 305.1 298.9 294 289.6 281.8 275.9 286.2 287 283.3 278.2 270 272.8 288.9 306.6 323.4 328.2 328.5 324.7 323.3 323.2 323.2 324.5 325.7 326.8 325.4 322.5 319.7 315.6 311.1 306 300 293.8 287.8 282.4 276.8 271.9 263.3 257.9 266.7 261.5 264.1 267.5 269.4 270.5 272.2 275.7 277.3 278.4 278.6 278.8 278.2 277 275.9 273.5 270.8 267.5 263 259.5 266.5 271.4 276.5 280.3 284.9
324.3 323.8 322 317.6 316.3 312.1 313 314.9 313.9 320.2 326.4 326.3 332.3 320.7 310.8 304 299.1 293 285.8 278.5 286.6 292.3 293.2 289 284.2 278.2 268.8 282.6 300.7 314.9 321.7 322.8 322.1 321.2 322.8 322.6 323.7 324.8 325.2 322.7 320.5 316.7 312.6 308 302.8 295.4 289.6 284.2 279.3 273.9 265.3 259.5 267.2 267 265.1 266.9 270.2 272.2 273.6 275 277.5 279.2 280 280.2 280.5 280.3 279.2 277.8 274.8 271.3 267.1 262.1 263.4 267.3 272.9 278.6 282.8 286.6
331.6 331.1 329.5 326.4 326.6 318.6 318.9 322.5 322.1 326.8 330.2 329.2 324.6 317 308.7 302.2 297.4 289.7 283.7 290.6 294.7 298.7 299 294.6 288.8 282.6 267.1 275.4 289.9 302.9 313.6 318.8 320 320.8 321.5 322.9 323 323.1 322.5 321.9 318.7 314.5 309.8 304.6 298.1 290.9 286.9 281.5 275 269.6 264.2 262.7 268.8 269.5 267 269.1 272 274.6 276.7 278.2 279.4 281.1 281.6 282 282.3 281.9 280.9 278.8 276.2 271.3 267 263.2 265.3 267.4 273.4 280 285.8 290.1
