Game/Highland_Data/StreamingAssets/GeoData/Data/nt/NT53.asc
ncols 200
nrows 200
xllcorner 350000
yllcorner 630000
cellsize 50
[rows 72 to 107 of 200, columns 0 to 81 of 200]
241.7 248.1 257.6 266.3 264.9 261.9 254.2 241.8 230.6 222.9 218.3 214.7 211.7 209.4 209.1 208.6 207.3 206.4 205.5 203 200.1 196.7 192.1 189.3 185.4 182.3 177.7 173 168.5 165.2 160.1 155.1 151.3 149.6 145.4 142.3 142.6 136.5 131 131.9 128.3 127.5 113.3 116.6 115.8 123.8 134.6 141.1 147.8 146.6 148.8 151.4 152.5 152.8 152.4 151.4 151.7 151.1 150 149.7 149.8 148.4 139.9 151.8 158.3 163.4 166.6 169.6 171.8 172.8 175.2 178.3 178.8 177.2 179.8 181.6 185.8 195 200.1 209.6 215.4 219.3
225.2 231.4 239.5 244.5 241.1 235.7 221.6 211.8 206.7 207.5 207.4 203.9 201.3 203.5 205.4 205.3 205.5 203.6 202.8 203.1 201.1 197.6 196.2 194.2 191.8 188.1 183.6 177.6 172.2 167.9 161.6 155.2 149.2 145 149.1 150.6 149.5 141.1 131.7 127.7 127 122.7 114.1 115 114.4 113.8 122.8 132.1 136.7 140.7 144.6 146.8 148 148.7 149.1 148.4 148 148.6 147 144.9 143.3 141.7 139.4 143.1 143.7 150.5 162.3 163.4 164.7 167.5 169.6 168.3 169.5 169.9 171.8 178.9 189 200.9 206.6 212.8 214.9 219.4
205.7 210.3 214.6 219.2 216.1 209.8 201.9 199.3 198.4 197.5 198.2 197.5 201 205.2 207.2 207.5 209.4 210.3 210.3 210.1 208.7 205.3 202.8 199.1 189.7 183.7 178.4 174.4 169.6 164.1 158.7 152.2 146.5 143.2 144.7 151.3 151.7 144.7 133.3 130.2 126.6 127.1 120.1 114 113.5 111.9 113.3 121.5 131.2 138 142.2 143.8 145.3 146.2 147.3 147.2 147.1 147.2 147.4 146.1 143.4 141.4 134.8 140.4 138.5 140.9 152.6 157.6 157.4 157.3 158.6 157.8 164.5 167.9 170.7 178.1 188.4 200.9 210.6 214.8 220.4 224.3
193.3 195.5 194 193.8 194.8 196.2 201 208.8 212.9 214.4 213.1 216.2 218.1 219.8 221.1 222 222.4 222.1 220.3 218.4 217 213 203 194.8 185.8 180.5 177.6 173.6 168.9 163.3 157.5 152.1 147.1 142.7 140.4 150 148.8 143.2 134.6 132.6 132.7 132.7 132.4 124.8 118.3 115.4 112 114.6 124.7 130.5 137.1 141 144.2 146.8 148.5 149.7 150.1 148.9 148 144.2 142.1 140.4 132.9 131.9 134.7 136.2 139.1 141.3 143.3 145.3 149.4 157.9 167.4 172.5 176.8 179.7 184.6 192.4 202.4 211.5 219.1 226.2
182.8 185.1 186.9 191.6 197.7 206.8 219 230.8 235.2 235.4 235.8 233.8 230.6 229.3 235.5 236.7 235.2 232.8 228.9 225.2 220.3 210.9 201.4 191.9 184.4 179.2 177.1 173.2 168.4 163.1 157.2 152.7 147.5 142.3 140.6 140.1 138.6 135.5 135.7 134.9 134.2 133.2 132.6 129.5 126.3 115.3 108.5 115.1 115.3 117.8 130.6 138.2 137.5 143.6 145.4 145.5 144.7 142.3 140.8 137.5 136.1 136.5 132.2 129.8 137.6 138.6 139.6 140.4 141.6 143.5 147.2 157.8 168.1 174.6 180.5 184.5 185.6 189.3 197.7 205.9 212.1 216.4
177.5 175.6 187.2 191.9 197.4 213.1 227.6 234 237.4 239 238.8 236.9 234.2 239.1 244.9 246.6 245.1 242.4 234.5 226.6 218.8 208.4 201.6 193.9 186 179 175.3 172 167.4 162.3 157.2 152.4 146.9 141.4 139.7 139.5 139.3 138.6 137.5 137 137.6 137.3 134.4 131.1 127.2 120.5 116.3 110.3 113.3 109 123.2 127 127.9 129.5 135 134.5 133.5 132.6 129.5 128.5 128.6 123.1 116.7 135.1 139.1 141.6 142.6 143.3 144.4 146.1 150.1 160.7 170.6 178.5 185.2 189 192.6 193.8 197.2 199.1 204.4 207.8
164.1 167.3 180.2 187.1 191.8 208.5 223.5 231.3 234.3 236.3 237.5 237.6 239.4 246.9 251 253.1 249.5 244.4 234.9 224.1 214.7 208.8 210.1 198.9 187.1 179.6 173.5 168.9 164.7 158.9 153.1 147.2 143.7 140.8 139 142.9 141.4 139.8 139.5 137.2 137.9 137.6 135.6 134.1 131.1 127.6 121.2 111 107.7 107.1 107.7 105.9 102.8 102.4 107.5 114.6 116.2 114.5 107.9 115.4 121.3 127.7 134 137.6 141.2 144.9 145.9 148.3 149.5 152.8 161.9 170.9 178.1 184.7 190.7 195 198.9 202.6 203 205.2 206.2 207.9
149.5 163.8 171.8 177.6 184.7 198.1 210 220.3 225.6 230.2 232.6 234.7 242.2 250.3 252.7 251.1 248.5 241 229.2 219.1 206.4 194.8 194.8 190.2 183.1 178 172.5 168 165.4 160.9 157.2 153.4 150.6 146.5 144.3 143.3 142.3 141.2 139.7 141.1 139.5 137.3 136.3 134.9 132.8 130.9 129 124.3 115 112.9 122.3 122.7 113.4 112.1 105.1 103.3 104.7 114.6 122.3 127.5 131.5 134.3 138.5 142 146.3 150.7 153 153.1 153.7 159.7 167.6 176.9 186.9 193.3 198.2 201.7 204.5 207.1 209.4 212.3 212 212.5
143.3 151.7 161 169.8 176.9 184.4 192.4 201.8 211.9 221.2 225.2 230.8 238.1 245.4 246.1 242.8 237.6 229.2 218.2 209.3 191.8 181.9 179.4 175.2 172.7 169 164.5 163.8 163.1 161.1 157.3 150.8 146.9 139.8 135.6 134.3 136.7 136.8 139.1 141.2 139 136.6 135.6 133.1 133.1 132.7 131.8 133.4 131.7 128.1 131.4 131.5 127.4 123.3 115.9 103.3 105.3 124.1 128.9 132.2 137 142.1 145.3 148.2 151.3 154.8 156 154.5 159.4 167.4 175.2 184.4 191.1 196.5 201.1 204.7 209 210.5 214.1 216.7 219.4 221.1
132.3 138.1 147.5 157 166 175.5 179.8 183.7 191.5 201.2 208.6 217.3 224.2 227.8 226.4 220.3 218.2 212.7 204 192.1 178.1 173.1 173.3 168.4 165.4 162.3 158.8 155.5 153.4 148.5 146 139.5 134.4 132.1 129.8 126.8 125.9 125.4 125 128.1 130.9 131.4 132.2 132.7 132.5 136.1 133.6 124.5 123.6 122.5 129.4 128.7 125.9 125 121.1 106.1 104.5 128.9 133 138.2 142 145.2 148.5 152.3 155.4 156.6 157.2 157.7 164.7 172.3 179.2 185.9 193.4 199.7 203.9 208.7 214.5 218.7 222.4 225.2 227.3 227.9
125.1 128.7 134.8 143.1 153.6 161.6 168.7 174.2 176 182.2 190.8 199.3 204.1 204.1 202.3 198.8 196.6 191.4 183 172.3 166.5 167.2 163.6 163.3 160 155.5 153.2 150.2 149.5 143.5 139.1 135 132.2 131.8 130.7 127.4 126.4 125.2 124 122.6 123.3 121.7 123.4 121.9 121.8 121.3 121 122.3 123.2 121.2 119.9 118.6 125.2 125 116.6 101 107.7 132.6 135.9 140.4 144.2 148 151.7 154.9 157.5 159.2 158.6 161.1 167.9 175.6 182.6 187.8 192.5 202.6 208.5 213.5 218.4 225.3 231.3 234.1 235.1 235.5
116.9 121.2 127 132.9 140.9 149.5 155.5 160.2 166.4 167.5 172.4 180.6 181.6 181.3 177.6 174 171.2 167.2 160.3 156.5 158.2 159 157.7 155.5 151.2 150.8 146.4 144.6 142.5 139.1 135.2 132.1 131.3 130.2 129.6 130.4 129 128.8 128.4 125.6 121.1 119.9 119.9 120.5 120.3 120.1 120.7 121.2 121.2 120.1 118.7 117.9 121 102.2 99.8 99.4 116.2 135 137.6 141.5 145.5 149.2 152.5 155.1 156.6 158.2 158.8 167.6 173.5 179.9 186.9 191.6 198 206.9 212.2 219.4 226.9 230.2 233.5 234.9 235.9 236.8
110.9 114.9 120.8 125.4 134.3 136.5 143.8 147.2 151.3 153.5 154.6 156.8 157.3 153.8 148.7 147.6 145.9 146.5 144.6 147.7 151.4 152.4 151.9 150.2 145.4 143.5 141.4 139.8 137.6 131.2 129.3 130.4 129 127.5 125.3 123.9 123.2 122.5 120.7 119.1 123 117.7 117.9 118.9 118.9 118.4 118 118.6 118.7 117.3 117.4 116.4 97.8 99.5 120.6 128.7 134.8 136 139.2 142.2 145.2 148.4 151.4 154.5 156.4 156.7 158.2 167.6 176.2 183.4 192.3 199.2 204.9 212.3 219.3 223.5 225.8 229.6 231.9 235.6 238.6 239.7
105.8 107.2 112.8 117.4 127.3 134.1 134.6 138.5 143.9 145.7 146.9 145 143.9 143 143.3 143.5 141.7 139.5 140.5 143.6 146 146.1 146.5 141.5 140.2 138.3 136.5 134 129.7 127.4 126 126.8 123.6 123 120.1 120.5 118.8 118 118 117.2 117 116.7 117.2 117.6 117.8 115.6 115.4 116.3 116.2 115.5 115.3 112.5 96.8 99.9 118.7 126.8 133.9 136 138.5 141.5 144.3 146.8 149.6 152 154.2 156 158.8 166.5 175.2 184 194.7 202.5 208.8 210.5 212.4 216.9 222.5 226 229.5 235.7 236.9 235.9
102.9 103.9 105 106.8 113.8 122.7 126.7 127.4 137.3 139.5 139.3 139.8 138.6 140.7 143 143.1 141.8 135.8 136.5 137.4 138.6 137.9 137.8 135.2 134 132.6 131.9 127.1 126 125.6 124.4 122.9 121.2 118.2 118.5 120.3 118.6 116.2 116 115.8 115.9 116.4 116.2 116 115.5 112.2 111.7 111.9 110 105.1 94.5 95.2 95.2 108 118.7 126.4 134.6 135.3 137.7 140.4 143.2 145.3 147.5 150 152.4 154.3 158.1 165.8 174.6 183.5 193 200.6 204.4 202.8 203.5 211.1 215.8 221 224.9 225.9 227 228.3
102.7 104.1 104.2 102.7 103.5 111 120.5 128.1 134.1 131.9 130.9 131.8 133.9 138.3 138.8 137.4 135.4 132.3 132.5 132.6 131.5 130.1 128.2 128 125.9 125.5 124.2 122.6 121.6 122.2 120.7 120 119.5 116.8 115.5 115.5 115.2 113.7 113.7 115.1 115.5 115.5 113.9 114.8 113.9 111.2 104.8 93 93.1 92.4 109.7 113.7 114.1 114.9 117.8 124.6 133 134.4 136.3 138.5 141.2 144.5 146.9 149.6 151.6 154.5 159 164.4 171.2 181 190.2 195.4 198.8 198.5 200 203.2 207.1 210.7 211.4 211.9 214.3 214.2
102.6 102.7 99.8 101.1 105.7 102.5 103.4 119.4 127 127.8 128.3 129 128.4 129 130.6 131.1 129.4 128.6 127.1 126.4 125.1 123.2 123.3 122.4 121 118.3 117.9 118.2 116.8 115.9 115.7 116 115.8 115 114.9 114.9 114.3 113.5 112.6 111.6 111.6 112.4 112.5 111.6 111.7 112.5 89.4 92 105.7 117.1 117.5 116.8 115.2 114.1 115.6 121.6 129.9 135.7 136.3 138.3 140 142.4 145.5 147.2 149.6 153.7 158.6 162.7 169.4 178.4 184.9 188.6 190.2 190.6 194.1 194.2 197.1 199.7 201.8 200.8 201.6 202.2
115.2 104.9 103.5 103.1 102 99.5 103.8 102.4 111.4 124.3 126.6 127.4 126.5 126.7 125.5 126 124.7 123.6 123.8 123.1 121.1 120.6 118.9 117 116.2 115.3 115.4 114.4 113.3 109.4 114.8 111.8 113.7 113.9 106.2 97.9 91.2 88 92.7 100.7 103.1 101.8 100.9 102.4 100.1 102.9 95.7 92.2 98.1 115.3 116.4 116.3 115.9 113.4 113.6 117.8 123.4 129 132.2 135.1 136.5 138.3 139.9 141.9 144.3 148.9 154.9 158.2 163.7 170.8 175.5 177.6 178.7 180.4 182.8 185.5 188.1 190.7 191.6 191.1 184.6 183.6
123.7 121.1 120.2 119.1 115.5 101.4 100.6 99 99.7 102.6 113.4 125.1 125.1 123 122.1 120.9 119.5 118.8 118.3 118.1 118 117.2 116.6 115.2 114.9 115.2 113.4 112.1 109.8 109.3 109.4 111.1 100.5 88 88 88 88.6 89.4 88.5 87.8 87.8 87.8 88.7 91.2 91.9 90.7 91.6 92.9 91.6 101.5 114.7 115.7 115.5 113 112.8 114.2 116.9 120 126.1 130.9 132.3 135.1 136.9 138.8 141.2 144.7 149.5 153.9 158.4 163.6 167.3 167.5 167.6 170.1 171.2 171.9 173 173.7 171.8 168.6 165.2 163.7
125.2 123.5 121.2 120.4 119.6 113 101.1 101.4 100.7 97.9 99.5 103.5 113.2 119.1 118.2 118 117.1 116.7 115.5 115.2 115.5 113.9 113.8 113.5 112.7 111.3 109.9 108.7 108.6 109.1 109.1 107 88 90.3 91.2 91.5 92.2 91.8 91.8 91.8 90.4 87.8 87.6 87.9 88.2 88 87.6 89 90.6 91.7 99.2 110 114.6 112.8 112.1 113.6 118.5 120.6 124.5 128 130.8 133.1 136.1 138 139.3 141.4 144.3 148.1 153.9 159.1 161.8 163.3 163.8 162.9 163.9 162.2 161.1 159.4 157.4 155.4 151.7 148.2
126.5 126.4 126.6 123.8 125.4 124.4 104.6 100.5 100 99.6 99.4 97.5 98.6 98.8 103.1 106.5 112.8 116 114.7 114 114.5 113.5 113.2 112.5 110.3 109.4 109 109.3 109 108.7 107.4 91.7 88.4 92.4 92.7 92.9 93.1 93.2 93.9 95.1 96.9 96.3 95.3 89.7 87.3 87.3 87.3 87.3 88.1 89.6 91.7 97.7 106.2 108.9 109.8 113.1 115.7 119.5 123.6 125.3 127.5 130 132.8 135.1 136.9 138.7 140.3 143.4 147.9 152.6 154.7 157.9 157.1 154.7 154.1 153 150.4 148.2 145 142 141.2 138.4
125.9 126.8 127.6 126.4 124.6 124.6 115 100.6 99.9 99.5 99 99 99.4 98.8 96.6 95.8 95.6 95.5 95.5 97 104.7 103.1 102.8 105.9 108.8 109.5 109.8 108.8 108.1 106.8 106.6 88.7 92.3 93.7 95 95.9 96.7 97 97.8 98.1 98 97.2 97.7 98.2 98.5 92.8 89.4 89.5 87.2 86.9 86.7 86.6 100 106.7 109.1 111.1 112.2 114.7 117.7 122.8 125.1 127.7 130.5 133 136.6 136 137 138.9 142.2 146.7 148.7 149.4 150 147.6 146.5 144.5 140.9 140.7 138.8 135 132.2 130.3
124.4 124.6 124.9 124.9 123.3 120.6 121.6 107.9 99.5 99.5 99.2 98.6 98.2 98 97.8 97.7 97.7 96.9 96.9 98.2 97.1 94.3 106.5 107.9 108.7 109.4 106.5 94.5 99 102.9 99.8 88.9 95.6 97.2 97.4 97.2 98.5 98.3 98.7 99.4 100.5 100.5 100.6 100.7 100.4 99.7 100.4 100.7 99 94.2 89.6 86.6 86.5 103.2 109.2 111.5 112.2 112.9 114.6 120.2 123.3 125.6 127.6 131 132.5 134.2 134.6 135.1 138.5 142.6 144.3 144 142.7 141.1 139.4 138.5 135.3 132 131.3 129 125.9 123.9
125.4 123.9 121.8 121.4 120.4 119.4 119.8 117.1 108.7 99.4 99.2 98.7 98.3 98 97.4 96.5 97 97 96.5 96.8 96.6 94.8 96.7 106.9 107.6 106 94.7 94.8 93.4 92.9 92.4 89 98.2 102.9 99.8 99 98.9 98.7 98.8 99.9 100.9 100.3 98.3 99.7 99 99.6 100 100.3 100.4 100 95.7 90.8 88.2 86.3 100.8 105.7 112.2 112.2 112.8 114.3 117.6 121.3 124.3 129.1 129.2 132.6 133.2 132.6 135.4 137.2 138.8 136.8 134.6 133.6 133.3 132.1 131.1 128.1 126 124.5 122.5 120.5
127.3 124.7 122.9 122 120.5 119.1 119.2 119 115 111 99.1 98.7 98.3 97.3 97.4 96.9 96.7 96.4 96.2 96.2 96.3 95.2 95.6 95 105 96.5 94.8 93.6 91.5 91.5 91.2 89.2 99.8 100 101.8 102.4 103.6 104.1 103.3 100.7 102.4 103.3 104.3 101.7 100 98.9 97.9 99.8 99.8 100.6 99.6 94.7 90.3 86.7 91.1 99.4 103.2 109.7 111.3 110.6 109.9 115.3 120.5 125.9 126.3 127.8 127.7 124.8 127.1 126.6 126.2 126.6 127.3 126.4 125.5 125.8 126.9 125.5 123.4 120.6 119.9 117.3
132.5 126.1 125.3 123.9 122.5 120.7 119.5 121.7 119.4 116.7 114.1 101.9 98.2 97.3 97.6 96.5 96.3 95.9 95.6 95.1 96.9 95.6 95.6 95 97.4 96.5 93.5 92.4 93.1 93.5 89.1 94.9 103.1 103.9 105.5 108.7 110.5 110.8 104.4 109.6 107.3 107.7 106.6 102.9 103.2 100 98.3 95 96.2 97.9 99.6 98.7 92.3 89.1 86.2 96.9 99.1 101.5 105.4 105.7 105.4 106.2 109.2 114.7 114 116.2 117.7 118.5 119.1 118.3 118.6 118.5 118.7 116.9 116.4 117.1 118 116.6 114.3 113.3 114.4 112.4
140 132.9 132.5 128.3 124.9 121.7 120.7 120.1 115.5 113.8 109.5 106.4 98.2 97.8 97.1 97.3 96.4 95.3 95 94.8 94.9 97 93.5 97.2 96.6 96.5 93.1 93.3 93.8 92.6 89.1 103.4 106.3 109 110.5 111.1 111.5 111.9 110.6 109.2 104.6 105 106.6 102 100.8 100 98.7 96.1 93 93 95.4 98.3 96 90.1 86.1 94.2 96.1 97.7 98.7 100 101 102 101.2 101.6 101.4 101.8 105.4 111.2 113.6 113.2 113.1 113.1 112.5 110.9 110 110.2 106.3 105.3 104.5 102.6 102.8 100.1
146.6 141.1 139.9 135.7 135.2 126.6 120.1 119 115 110.2 108.4 103.8 99.7 97.5 96.8 96.2 95.5 94.9 94.8 94.5 94.3 97.4 93.3 95.5 95 94.8 93.6 93.6 93.1 89.1 101.3 108.4 111.1 111.4 111.3 111 110.8 110.3 109.2 108 107.2 106.9 105.5 106.7 105.8 105.8 105.9 105 99.5 95.9 93 93.7 95.4 91.9 86 90.1 94.8 96.1 96.2 96.4 97.7 98.4 97.9 95.3 95.1 99.2 99.4 103.7 106.4 108 108.7 109.8 108.4 104.1 103.5 104.2 101.2 99.2 97.2 96.6 96.4 95.4
158.4 154.2 149.4 143.8 136.5 132.8 125.8 118.6 116.6 112.3 110.7 102.7 99.5 97.4 97.2 95.8 95 94.6 94.4 94.3 97.2 93.6 93 95.3 93.1 93 95.3 93 90.7 89.7 109.1 114.8 114.1 110.5 110.4 110 110.5 109.5 109.6 108.3 109.2 110.2 108.8 107.6 105.5 105.9 106.2 106.6 106.4 103.8 99.6 97 96 94.7 88.1 86.2 90.1 93.5 93.3 93.2 93.1 93.4 93.6 91.1 89.2 88.6 90.9 94.3 99.3 101.8 101.4 99.9 99.8 98.4 97.1 97.4 97 95.6 94.6 94.3 94.2 93.7
167.5 161.7 155 147.6 142.9 136.4 132.6 127.5 120.5 117.8 113.3 104.9 102.5 100.7 97 95.6 94.5 94.3 94.2 94 97.8 95.1 94.1 95.4 95.1 93.4 90.7 90.6 90.4 90.8 103.6 108.3 109.7 114.7 111.6 111.1 109.6 108.4 108.8 109.2 114.5 110.8 108.3 105.2 107 106.3 106.1 106.7 106.5 105.9 103.7 100 98.5 96.7 95.7 86.2 88.6 92.8 92.4 91.7 91.2 90 87.3 84.6 84.6 86.1 86.3 84.6 84.6 84.6 87.1 89.3 94.6 96.6 96.5 97.2 96.8 94.8 93.1 93.3 93 90.3
173.1 166.9 159.2 151.4 143.6 138.7 133.8 131.3 129.1 126.2 125.6 116.5 112 109.6 106.8 99.8 95.2 94.4 93.9 94.1 94 94.4 93.1 92.9 90.7 90.7 91.5 92.8 91.7 92.2 96.6 98.4 107.6 110 112.2 112.6 109.2 106.4 107.5 108.7 108.3 104.6 101.3 101.7 106.3 106.9 106.6 106 105.7 105.4 103.2 104.3 103.8 104.2 105.2 93.6 86.1 89.5 89.5 89.7 88.7 84.9 84.6 86.2 89.3 88.4 87.9 87.2 87.1 86.6 84.6 84.6 84.6 88.3 91.1 94.2 94.5 93.5 92.4 91.3 89.6 88.3
177.3 169.7 162.7 153.9 146.8 139.7 137.6 137.9 136.5 126.9 125.3 127.8 126.3 121.2 119.7 117.3 118.2 107.6 94.4 95.2 94.4 94.4 90.7 90.7 95.6 96.5 93.3 93.7 92.7 92.6 92.9 97.8 99.3 104.5 102.3 103.2 101.8 100.9 102.3 101.1 103.1 100.3 100 100.4 106.9 107.5 107.3 106.3 106.3 105.9 105.9 106.2 106.5 106.7 106.7 106.3 89.5 86 86 85.3 84.8 84.6 91.6 90.7 89.8 89 88.8 88.7 88.7 88.6 87.8 87.4 84.6 84.6 84.6 86.6 87.6 87.8 87.7 87.9 87.7 87.4
178.7 171.7 163.5 156.1 149.6 142.8 138.3 138.1 137.4 126.4 130.9 126.7 124.9 119.7 117.6 114.7 117.1 112.8 95.7 94.9 92.4 91.1 96.4 102.6 100 103.3 99 95.1 93.6 92.3 92.5 95.9 97.8 97.3 97.5 98.2 97.8 99.4 98.1 100.1 99.3 98.7 99.1 99.1 105.8 106.4 107.8 107.1 107.1 106.7 106.8 106.2 106 107.2 107.5 107 104 96.5 90.6 96 103.3 101.9 95.5 93.2 91.7 89.8 89.1 88.7 88.7 88.8 88.4 88.4 86.7 87 84.6 84.4 86.7 86.9 86.8 86.7 86.8 86.8
178.7 171.3 163.2 156.4 149 143.7 137.4 137.6 131.5 129.8 126.3 124.5 122.6 119.6 118.1 116.4 112.1 99.1 94.8 91.3 91.3 100 110.9 107 108.7 106.1 104.8 97.5 95.5 93.7 93.8 94.9 96.4 97.1 97 98.5 98.9 97.8 99.6 100.2 99.5 98.5 99.2 98.6 100.2 105.2 107.8 107.4 106.3 107.1 107.5 108.2 109 107.2 107.5 107.6 106.5 105.5 105.1 105.7 106 104.4 102.8 99.3 95.7 93 90.7 89.8 88.6 88.2 87.7 88 87 87.8 86.7 84.2 84 86.3 86.5 86.5 86.1 86.2
175.1 169.9 162.6 152.1 147.8 138.2 132.9 128.6 125.5 125.9 122.9 119.9 117.5 117.8 115.3 110.4 100.6 95.3 91.3 91.3 104.7 111.3 111.8 109.6 109.4 108.3 106.6 100.4 97.4 95.7 95.7 95.5 96.4 95.6 95.3 94.5 99.2 103.4 101.5 103.6 103.3 103.5 101.7 103.9 100.6 100.5 106.8 106.4 106.6 106.6 107.1 108.3 110.3 110 109.9 107.8 107.9 107.7 106.7 107.1 106.1 104.5 103.6 102.6 100.2 100.7 98.3 93.8 88.6 87.1 87.1 87.4 86.7 87.7 87.4 86.7 85.2 84 86.6 87 86.9 86.5
174.4 167.6 159.5 147.6 138.4 134.4 127.4 128.2 122.5 122.9 120.7 117.3 114.9 111.7 107.2 101.6 96 91.3 91.3 96.4 110.6 110.6 110.4 108.7 109.5 108.2 106.5 106.1 103.2 100.7 96.8 96.4 96.1 94.4 95 93.4 100.3 106.3 106.7 107.2 107.7 108 107.7 106.9 106.2 105.2 104.8 106.7 106.3 107.1 106.5 109.2 110 110.6 110.8 110.4 107.6 107 108.7 105.8 104.5 105.7 105 103.7 102 101.3 101.1 98.3 94.6 93.9 90.6 88.2 87.2 87.8 87.6 86.9 86.5 86.3 83.9 86.3 86.3 86.5
