Game/Highland_Data/StreamingAssets/GeoData/Data/nt/NT55.asc
ncols 200
nrows 200
xllcorner 350000
yllcorner 650000
cellsize 50
[rows 70 to 104 of 200, columns 0 to 77 of 200]
301.8 298.1 294.2 290.4 286.1 280.3 268.8 266.6 281.7 296.1 313.4 328.2 340.3 346.3 348.6 348.8 348.9 347.9 345.2 340.4 335.6 329.6 324.7 320.2 316 310.9 305.5 299.7 293.1 286.5 281.2 275.2 266.4 251.3 245.9 243.9 252.9 267.8 278.1 289.7 301.2 313.6 329.5 341.9 343.2 343.1 343.5 343 342.1 341 340.1 338.6 337.2 335.9 333.5 336.7 340.5 343.8 346.4 348 346.6 334.2 305.9 293.3 285.1 272.7 269.2 295.2 320.4 342.5 359.2 369.5 375.9 379.8 383.2 385.5 387.9 389.3
298.3 295.2 291.2 286.5 281.9 271.7 263.9 279.3 296.7 308.9 321.3 336 345.5 352.1 354.9 354.7 351.9 349.3 344 338.1 333.4 329.1 325.3 323.3 317.6 313.5 308.6 301.2 294.9 288.7 282.8 275.1 264.7 249.8 243.9 242.1 262.8 285.8 302.8 315.2 325 334.7 341.7 342.4 342.1 341.7 341.9 341.6 340.6 339.3 338.1 336.6 335.3 333.7 331.9 336.6 340.9 345.6 350.1 353.5 352.7 342.4 313.2 289.7 279 266 277.2 303.8 328.4 350.5 364.6 373.8 379.3 383 386.5 388.5 389.1 389.3
294.6 292.1 288.2 280.7 274.9 263.7 268.9 291.7 310 321.4 331.5 341.5 350.3 358.5 363.4 361.7 355.2 348.6 340.9 329.6 327 323.6 321.3 320.1 316.3 312.2 305.3 298.4 292.5 287.3 280.4 271.9 261 247.7 242.2 249.2 272.6 297.6 321.4 329.8 340.9 345.3 342.9 341 339.9 340.8 341.2 340.9 340.1 338.3 335.3 334 331.9 331 329.7 335.1 341.8 347.9 353.7 357.8 357.4 348.4 321.6 294.9 274 264.7 284.2 308.6 331.6 350.4 363.9 372.4 378.2 384.1 388.1 389.5 389.9 389.3
287.5 287.3 284 276.2 267.5 260.2 280.3 302.1 319.8 328.7 337.3 345.5 353.6 363.5 368.2 363.1 356.3 347.1 333.7 313.2 303.7 304.1 309.8 311.2 310.2 303.8 298.5 293.2 288.1 281.6 274.8 267.3 255.9 245 241.6 248 276.1 301.8 322.4 333.2 340.4 336.1 333.1 333.4 336 339.1 340.6 340.4 339.6 338.3 336.8 335.4 335.6 335 333.5 333.7 342.1 348.8 355.1 359.5 357.9 349.6 327 300.4 279 265.1 279.2 300.6 323.5 343.5 357.7 366.7 374.2 381.4 385.8 389.1 390.1 389.4
270.8 281.2 279.1 272.7 262.2 263.9 289 311.6 324.4 333.1 339.7 348.1 358.7 366.9 366.6 361.8 356 344.1 328.9 305.1 291.6 285.1 290.1 297.3 299.6 294.4 290.9 286.8 280.6 274.3 267.6 260.9 251.7 241.2 241 241.9 275.3 299.3 316.4 325.2 324.9 319.9 315.2 321 334 339.1 341.5 341 340.5 339.4 338.3 337.7 337.4 336 333.1 332.2 341.9 348.1 352.6 355.6 353.4 347.7 336 310.9 290 265.9 266.1 290.3 313.4 331.5 343.9 356.1 367.6 375.7 381.7 388 389.7 388.1
263.1 264.9 273.1 266 257.9 272.5 295.4 315.9 327.5 334.8 342.5 351.5 362.7 367.9 365.1 360.8 354.2 343.7 331.8 317.6 298.9 282.4 274.8 277.2 278.5 279.1 282.2 278.7 273.6 268.4 261.9 255.4 247.2 240 239.9 244.2 275.1 295.1 303.8 307.4 305.8 299.4 301 325.4 337.2 342.7 344.4 343.5 342.5 341.4 340.4 339.3 338.1 336.2 330.8 330.2 340.6 346.4 350.4 353 353.4 349.7 341 320.3 297 273 263 279.9 299.1 316.6 330.3 344.2 359.8 371.3 379.1 384.6 385.9 383.6
275.3 264.4 259.8 258.2 256.2 274.9 298.4 318.3 328.2 335.4 344.4 355.9 364.5 367.2 362.9 358.3 351.6 343.2 335.1 325.2 312.2 295.4 280.2 268.5 262.8 262.1 267.5 271.6 269.1 263.9 257.5 250.9 243.9 239 239.1 251 270.1 280.6 284.8 286.3 284.2 281.1 298.7 318.3 337.6 345.8 346.8 346.8 345.1 343.5 342.4 340.9 338.9 337 332.4 326.3 340.4 346.2 350.7 354.5 356.3 351.8 341.8 326.2 301.5 279 261.2 270.9 288.8 303.5 318.9 335.5 351.2 363.6 373.5 378 379.5 377.7
275.6 268.8 259 254.1 259.6 278 299.4 318.8 328.3 336.4 347 358.6 363.4 363.5 360.1 355.7 349 342.3 336.5 327.9 317.5 306.4 296.4 284.3 272.1 258.5 254.8 264.2 265.7 260.2 253.2 246.8 240.8 237.4 239.4 248.2 254.6 258.2 261.2 264.3 268.4 276.7 291.6 309 334.1 346.8 349.7 349.1 347.5 346.2 343.9 342.3 340.3 336.4 333.3 323.3 340.2 347.2 351.6 355.5 355.1 350.9 342.1 325.6 301.1 283.2 261.1 265.9 283.4 299.4 309.6 321.5 332.7 344.1 359.7 369.5 372 373.2
270.9 266.9 258.1 253.1 263.8 279.7 302.1 317.2 326.9 336.4 348.2 358.3 361.5 359.7 357.2 352.4 346.5 340.6 335 326.3 316.7 306.7 297.4 288.2 277 266.2 254.8 253.7 260.7 256.5 249.6 242.9 237.5 237.1 242.6 246.8 249.7 251.3 255.1 261.8 271.4 282.9 296.1 319.1 341.6 349.4 351.7 351 349.8 348.5 346.2 344.2 341.5 337 323.1 325.2 338.3 348.2 353.2 355.6 355.6 352.1 344.9 333.2 314.3 290.5 266.5 262.4 283.2 288.5 296.4 305.2 317.7 328.8 347.6 361.1 367.9 369.6
258.8 257.7 254.3 252.2 273.7 288.8 303.1 315.3 325.5 335.7 346 355.9 357.7 356.2 352.2 348.5 343.1 336.8 330.9 321.7 310.8 302.9 294.1 284.2 273.8 265.8 258.2 246.4 253.2 250 242.8 236.9 236.2 239.5 247.9 255.7 258.9 261.2 263.3 265.4 274.4 290.2 308.4 327.7 342.7 349.5 351.4 351.9 351.2 349.5 346.3 343.5 340.5 332.1 313.6 329.8 342.6 352 357 357.9 355.9 351.6 344.4 334.9 319.1 298.4 276.8 260 267.7 273.4 283.4 293.1 304.3 319.2 339.7 359.2 367.6 369.2
263.2 254.5 250.3 259 280.9 294.2 304.7 314.6 322.8 332.1 342.2 350 351.5 348.8 345.8 341.7 336.8 331.7 325.2 315 302.2 294.4 286.8 277.1 267.8 263 257.8 247.4 245.2 243.8 237.3 236.1 235.4 246.8 260.6 268.1 272.5 276.8 278.1 277.7 281.5 292.4 302.8 323.5 343.8 352 354.2 354.1 352.6 350.2 345.2 339 333.1 323.4 315 331.7 344.2 352.7 356.9 357.2 353.8 349.3 342.8 333.7 316.2 295.3 273.1 259.7 263.3 285.7 298.2 309 319.4 328.1 349.5 365.8 371 371.2
264.7 252.3 249.9 265.7 286.1 297.7 306.2 313.7 320 327.3 334.4 340.2 341.8 339.2 335.3 330.6 327.4 323.8 317.7 307.7 296.2 283.9 276.4 267.3 261.8 257.9 253.6 246.4 238.8 238.1 235.2 234.8 243.9 253.9 271.7 284.4 291 295.1 297.1 293.4 297 304.5 320.8 339.2 351.9 356.6 358.5 357.5 355.6 352.2 347.1 338.5 330.1 315.1 310.9 328.2 342.2 350 353.1 352.9 350.4 346.1 340.4 328.5 306.3 279.3 257.4 257.3 282.8 303.7 319.7 331.9 341 351.3 360.7 369.3 373.9 373.5
259 249.4 250.5 272.5 290 298.9 305.3 311.2 315.9 320.6 324.6 328.6 328.4 325.6 323.6 320.7 318.4 314.9 308.6 300.6 290.9 281.1 269.7 261 254.1 250.3 246.5 241.9 236.7 234.2 233.6 234 252.4 271.6 287.2 301.3 310.8 317.2 318.2 314.3 315.2 322.8 337.6 350.8 360.4 364.6 364.8 363.4 360.6 357.3 354.1 348.5 341.2 317.6 302.6 316.5 334.5 344.3 347.4 347.9 346.1 340.9 334.1 318.2 294.4 262.6 257.2 279.8 300.7 318.7 335.4 347.8 356.2 368 373.5 376.3 376.9 374.7
257.6 246.1 251.9 277.4 290.2 297.1 301.8 306.7 310.9 314.4 316.2 315.7 315.6 316 313.7 311.3 310.2 305.6 299.2 292.2 284.1 276.4 269.5 262.2 254.6 246 240.6 237.1 234 233.2 240.5 254.1 273.3 291.8 308.4 322.6 333.1 338.3 335.9 330.9 333.2 342.4 356 366.9 372.1 373.7 372.7 370.6 368.5 366 362.3 357.5 348.2 321.5 303.4 307.3 324.9 337.8 341.8 342.8 340.2 331.9 323.5 306 283.3 256.6 263.7 289.3 311.3 330.2 345.3 356.1 367 377.1 380.8 380.4 379.4 375.1
256 245.7 252.5 276.7 288.6 293.7 297 299.9 304.5 308.7 310.1 310.4 308.7 308.5 306.6 302.7 300.2 294.8 288 281.6 275.9 271 266.4 259.9 252 243.5 237.3 233.5 231.2 238.2 254.4 269.8 293.3 309.7 324.4 338.8 348.4 351.4 348.9 350.8 355.8 365.2 373.2 378.9 381.9 381.7 380.1 378 375.4 373.5 370.5 366 354.7 327 306.2 301.8 316.5 328.3 333.6 333.9 329.7 321.3 310.5 291.2 269.5 254.4 274.2 296.4 317.7 336.9 352.8 363.4 373.6 379.9 380.6 380.4 378.9 375.7
258.8 246.5 249.9 273.3 283.7 287.3 288.6 290 298.2 303.1 305.9 306.3 303.9 302 300.5 296.3 289.3 282.3 273.7 268.5 265.6 264.7 261.4 255.8 247.5 238.4 232.2 232.5 232.9 246.7 260.4 278.7 299.4 318.3 334.4 345.8 356.1 360 360.8 367.9 373.7 380.5 384.5 387.8 389.8 389.4 387.8 385.1 382 379.6 376.8 372.2 360.2 330.5 308.9 293.7 303.8 311.6 316.6 322.4 320.3 309.4 295.7 275.9 253.9 257 279.9 301.7 320.9 342.9 355.9 365.1 373.5 377.8 379.4 380 378.5 374.7
263.9 246 247.4 263.9 275.8 274.8 267.2 275.5 292.3 298.4 302.2 303.7 300 297.1 297 293.1 287.1 279 267.5 258.3 253.1 256 255.4 249 241.5 228.8 231 232 242.4 256.7 272.8 287.1 304.3 324.3 338.5 350.8 361.2 367 371.8 377.2 383.2 388 391 394.1 395.3 395.7 394.5 390.5 386.9 384.1 380.6 375.1 365.9 344.6 319.9 301.4 287.1 286.4 295.7 301.9 304.2 294.9 279.1 261.4 253.2 270.3 288.4 302.6 319.7 343.6 355.4 363.9 370 374.1 376.2 377.4 375.8 371.9
274.1 248 243.4 248.4 256 256.3 257.2 278 290.7 297.5 300.6 301.4 296.3 286.9 290.4 289.4 284.7 277.8 269.1 260.3 247.5 247.9 247.1 243.9 238 228.3 230.6 235.9 249.8 267.1 283.7 300.1 318 333.9 348.7 358.3 364.4 369.1 375.2 381.4 386.9 390.8 394.5 397.6 399 398.5 395.8 392.3 388.9 387.2 384.1 377.8 370.6 359.9 338.7 316.6 298.7 283.6 274.6 280.9 283.1 275.3 260.3 251.9 263.7 283.8 303.1 318.8 335 348 356.2 363.8 368.9 372 373.9 373.3 371.1 368.9
278.6 258.6 241.5 242.5 245.5 247.1 257.6 278.9 292 298.3 301 300.2 297.5 289.6 275.2 278.8 278.6 272.2 264.9 256.5 245.7 239.5 240.7 238.1 227.5 229.7 230.9 241.2 254.4 271.6 289.4 306.8 323 338.7 351.7 359.6 365 370.4 376.5 382.7 386.9 390.5 394.4 397.2 396.5 394.9 392.3 390.8 389.2 387 383.5 378.7 372 364.9 354.2 337.6 318.6 295.4 271.8 266.3 265.6 259.3 251.1 259.6 278 298.4 315.7 330.7 347.2 354.3 359.7 364.7 367.5 369.4 369 367 365.8 365.3
280 272.1 254.2 240.7 240.8 242.7 250.2 277.2 295.5 302 302.4 299.3 292.8 281.3 266.4 262.5 266.7 265.3 258.8 251.4 243.1 234 233.5 229 228.7 229.8 236.5 242.4 252.8 266.5 283.1 301.8 320.1 334 345.1 353.9 361 366.4 373.4 379.4 383.9 387.3 390.4 393 392.6 390.8 389.6 388.4 386.9 384.3 380.8 377 370.7 363.6 354.5 345.2 330.6 302.5 286.2 271.4 261.2 251.2 251.8 271 288.4 306.7 324.7 342.2 354 359.1 363.8 365.9 365.7 365.1 363.9 362 360.6 360.8
278.3 274.6 268.4 251.6 239.6 239.9 247.7 276 296.6 305.5 305.6 302.3 293 284.2 273.7 258.9 252.1 254 250.1 244.4 236.1 230.6 228.7 227.5 229 233.3 237.3 241.2 248.4 259.3 271.1 289.2 306.9 323.1 335.5 344.8 353.1 359.7 365.7 373.3 379 382.7 386.2 389 389.7 388.7 387.1 385.4 383.3 381.3 377.5 372.8 367.1 360.5 351.8 339.8 318 300.1 283 268.7 256.9 249.3 264.3 286 299.3 314.3 335 350.6 358.6 364.3 367.2 366 364.8 361.8 358.3 355.5 353.5 353.5
275.2 272.9 269.5 261.6 243.7 238 244.6 272.8 295.3 304.5 306.1 299.2 290.1 281.2 271.5 262.4 250.8 240.4 239.6 236.2 229.9 226.7 226.9 227.1 228.6 235.8 240.1 244.5 246.7 253.2 263 276.6 293.7 308.4 322.9 332 338.3 343.6 348.6 359.2 370.9 377.8 382.3 386.5 386.7 386 385 382.7 380.8 378 374.5 370 363.6 354.9 341.4 328.1 311.9 291.9 269.6 259.3 248 257.1 278.8 298.6 311.4 326.7 345.6 356 366.1 369.4 370.6 368.6 363.9 359.3 354.4 350 347.6 346.7
269.8 269.3 266.4 262.6 250.1 238.2 242.3 269 288.8 297.3 303.2 292.5 284.4 275.7 266.7 256.5 247.7 239.3 233.5 229 226.4 224.5 226.2 226.4 236.3 240.8 246.7 252.9 256 255.9 260.1 268.3 281.1 293.6 307.6 316.8 321.2 324.2 329.9 341.5 356.4 370.4 378.3 382.8 384.3 383.7 383 381.1 379.3 376.3 371.8 365.6 362.1 358.3 352.7 337.2 315.2 292.6 267.4 250.4 249.5 274.3 296.9 314.7 324.6 339.5 352.7 364.1 371 373.5 372.5 369.6 364.2 357.5 351.2 343.9 338.4 337.3
263.6 263.4 261.6 259.1 251.2 237.6 240 257.3 272.1 292.3 292.5 285.8 278 270 261.1 252.3 244.2 237.4 230.2 225.1 224 225 225.5 235.3 241.2 247.5 256.4 264.6 266.9 267.1 265.4 267.1 272.9 280.4 289.6 296.3 301.5 314.2 330.6 342.7 355.5 367.5 374.5 379.1 381.1 381.8 381.7 380.8 378.3 376 373.5 371.4 368.7 363.7 357.8 337.6 315.5 291.2 262.7 246.9 257.1 285 305.4 320.4 334.5 345.9 360.6 370.7 376.2 377.1 374.9 370.6 363.2 356 347.8 338.7 326.1 325.1
258.1 255.3 252.9 248.9 244.7 239 235.6 240.5 258.8 279.3 280.2 279.1 272.3 263.9 256.9 248 240.2 232.8 225 223.3 224.6 225.2 234.2 240.4 247.6 256.4 268.9 281.7 283.4 280 276.5 276.3 278.9 282.1 287.2 299.3 314.5 325.2 340.4 350.9 359.1 366.8 372 375.4 377.4 380.7 381.7 380.2 378.4 376.8 376.7 375.9 373.6 369.5 360.2 334.6 313.9 288.6 263.1 245 256 281.5 305.4 323.9 338.3 354.2 366.4 375.2 380.1 380 376.2 370.4 362 354.5 345.1 335.3 323.1 315.2
256.9 256.4 256.1 254.3 252.2 245.3 237.1 234.5 242.5 254.7 265.5 267.9 263.2 258 252.3 245.1 236.2 226.4 222.8 224 226.8 232.4 239.6 247.3 256.1 269.1 286.8 295.6 299.6 299.3 294.7 290.6 289.1 292.6 295.3 305.4 324 335.8 344.1 351.9 358.6 364 368.3 370.7 374.3 377.6 378.5 378.2 377.9 379 380 380.1 378 373.7 359.1 334.5 312.7 288.3 266.1 242.9 251.3 278.3 306.7 325 341.3 357.8 369.5 377 380.9 379.6 375 369.1 361.4 353.5 343.3 331.3 318.4 307.3
265.4 266.1 266 264.5 260.4 250.8 238 234.2 233.4 240.5 252.7 258.6 255.5 253.3 245.6 240.1 230.5 222.1 221.6 225 230.9 238.4 246.9 259.3 271.2 285.9 302.8 311 315.8 318.1 317.9 315.4 309.7 309.6 311.7 312.4 331.3 345 349.9 350.2 352.9 357.2 360.4 362.4 367.9 372.5 374.2 375.4 378 380.2 382.5 383.5 381.2 376.2 362.2 334.8 312 289.7 267.8 244.4 248.5 277.1 304.6 322.9 342.1 357.9 368.9 375 377.5 377 374.7 369.4 362.9 355.6 346 332.4 316.4 303.8
272.1 273.3 271.3 266.8 262.5 252.7 239.6 234 232.3 235.7 246.9 251.6 249.4 243.7 241.9 231.5 222.9 221.3 222.5 227.9 234.7 245.1 257.1 274.9 290.8 305.6 316.6 324.5 329.6 333.1 336.4 339 336.2 332.6 333.7 333.4 339 348.6 351.8 349.6 346.8 349.1 351.8 354.6 359.8 364.5 369.2 372.9 376.9 380 382.6 384 382.4 377.2 366.5 339.5 314.7 292.4 267.8 243.4 246.4 272.7 297.9 318.3 337.5 356.1 368.6 373.5 376.6 378 375.3 370.8 364.9 357.2 347.7 333.1 315.7 300.8
277.2 275.6 272.3 267.2 259.9 251.9 241.5 234.8 231.7 234.4 248.1 249.5 247.4 242.7 235.7 225.4 220.9 221 224.1 230.7 240.5 255.5 271.4 286.8 304 316.2 325.2 332.7 339.5 344.5 348.1 351.8 354.3 353.2 353.3 354 353.3 352.9 352 349.8 344.4 339.3 337.4 342.5 348.1 355.9 362.9 369.3 373.1 377.5 380.5 382.2 380.2 376.3 365.6 346.9 323.8 301.2 272.5 242.3 242.9 265 283.9 305.8 332.2 352.6 364.6 370.5 375.3 377.9 376.2 372.1 366.2 359.4 350.8 335.8 317 298.2
276.7 274.5 271 265 257.1 250.3 242.1 234.6 231.1 232.7 249.2 250.6 247.6 240.9 229.7 220.3 220.3 221.4 226.3 235.6 249 269 285.9 300.2 312.2 322.6 331.5 339 346.2 352.6 357 360.6 362.9 364.3 364.2 363.6 359.4 354.2 351.3 349.4 344.9 335.1 328.6 329.3 332.3 344.5 354.2 361.8 367.1 372.4 376.2 377.8 376.3 372.8 364.7 353.4 327.5 301.9 271.2 242.2 240.5 259.3 277.6 303.4 329.2 351.7 363.7 370.6 375.8 377 376.3 372.4 366.9 360.4 351.5 337.5 318.1 298.7
274 270.7 265.5 260.3 254.1 248.5 241.5 234.8 230.4 233.5 250.3 250.7 245.4 235.8 224.3 219.6 219.5 222.6 229.5 242.8 259.6 277.1 293.1 306.8 318.1 328.3 336.2 343.8 352.7 359 364.1 367.8 370 371 370.2 368.1 363.2 356.2 350.1 340.4 334.7 328.1 320.8 319.5 321.7 331.6 342.3 351 357.8 363.5 368.3 371.3 370.8 366.9 361.6 351.7 327.3 297 267.4 240.2 238.8 258 277.1 303.4 329.8 353.1 366.5 372.4 376.5 377.3 375.2 370.5 364.6 357.8 348.4 333.8 315.9 297.6
270.4 264.7 259.9 255 250.3 245.2 238.5 233.1 229.5 236.6 251.8 248.3 241.4 231.3 220.4 218.9 220.6 225.2 234.2 250.7 266.9 281.2 297.2 310.6 321.2 331.7 340.5 348 356.3 362.4 367.9 371.8 373.9 374.9 374 371.1 365.9 359.4 355.1 343.8 334.3 326.3 318.2 312.4 312 317.1 327.7 337.6 347 354.3 359.6 363.1 361.4 360.6 355.6 346.7 325.7 297.6 269 240.8 238.3 255.7 274.9 300.7 327.2 350.6 366.3 371.4 374.6 375 372.2 366.9 360.4 352.3 342.8 329 310.9 294.6
265 258.2 253.7 249.8 244.6 239.8 236.1 230.7 228.5 240.6 252 246.9 239.9 227.8 218.1 218.6 222.6 228.7 238.9 256.8 270 282.3 297 310 319.8 329.9 339.4 347.9 354.8 360.7 366.3 371.2 373.9 376 376.5 374.2 370.1 365.6 362.1 355.3 348.5 338.7 329.2 318.7 308.4 304.3 311.3 322.1 331.8 341.7 348.3 349.8 350.1 348.6 344.3 339.3 328.4 300.1 271.7 246.6 236.2 253.3 271.2 296.1 323 346.5 361.6 368.2 371.7 371.6 368.8 363.2 354.3 345.4 334.5 319.3 304.7 288.1
266.5 260.6 254.8 249.2 244.1 238.2 233.3 229.4 227.6 242.6 249.9 244.3 236.9 223.8 217.4 217.1 225.2 231.8 241.2 256 265 272.3 287.8 304.1 314.4 324.2 334.3 343.7 351.6 357.4 363 368.5 372.2 375.1 377.1 377 375.1 371.9 367.3 361.3 355 348.9 341.2 330 315 304.3 299.1 307 316.9 323.2 329 332.2 331.8 331.9 331.9 330.3 323.9 307.2 278.7 254.1 235.4 248 273.5 299.7 323.5 345.1 358.7 365.6 368.8 368.8 365.4 359.1 347 335.9 323 309.7 294.4 273.7
270.9 265.4 259.8 253.3 245.8 238.2 231.4 227.3 227.6 241.4 247 242.4 233.9 218.5 217 219.3 226.9 233.6 240.8 249.1 256.6 265.9 274.5 289 299.8 312.2 328.3 339.2 347.4 354 359.7 365.1 369.2 373.6 376.8 378.6 378.5 375.9 371 365.8 359.5 353.1 345.7 335 325.5 313.8 299.3 294.2 301.7 307.5 310.7 310.4 308.1 308.8 316.7 320.9 317.8 305.7 282.3 258.5 236.4 249.4 276.6 302.4 325.5 344.2 357.2 362.8 365.6 364.5 359.1 348.5 334.9 322.6 310.8 295.2 277.5 254.1
