Game/Highland_Data/StreamingAssets/GeoData/Data/nt/NT66.asc
ncols 200
nrows 200
xllcorner 360000
yllcorner 660000
cellsize 50
[rows 140 to 174 of 200, columns 0 to 77 of 200]
378.8 381.8 381.2 378.5 377.5 374.5 369.5 363.4 353.2 367.1 381.2 386.9 390.2 393.7 394.9 393.7 390.7 387.7 384.5 381.9 378.7 374 367.9 354.9 336.5 324.5 326.8 341.9 360.6 378.1 396.2 406.1 412.3 413.8 413 410.3 407 403.4 399 392.7 385.6 378 371.1 365.7 363.1 365.8 370.3 376.1 381.7 386.6 390.8 396.3 401.4 405.8 409.5 412.8 416 417.4 419.7 421.8 423.4 423.2 422.6 423.2 422.2 420.7 419.3 416.2 412.9 408.6 404.1 398.3 391 379.4 367.3 355.1 339.8 323.2
365.6 367.3 366.5 363.5 363 357.8 358 355 370.4 381.6 389.8 395.2 399.8 401.7 401.7 400 397.2 394.2 390.8 385.5 380.5 374.8 367.3 353.8 336.1 326.3 326.7 337.2 359.6 378 393.7 405.1 411 412.9 412 410.3 407.7 404.2 399 393.2 386.3 378.7 372.4 367.9 366.8 367.9 372.2 377.4 382.5 386.7 390.3 394 398.6 402.5 405.5 408.4 411.4 415.7 418.2 421.7 424.4 425.2 425.9 426.3 425.1 423.2 420.9 417.8 414.2 409.9 403.9 398.5 391.8 380.5 369.4 358 344.4 326.2
381.7 379.2 375 371.8 365.6 360.9 363.5 366.9 383.1 391 397.3 403.1 406.5 407.4 406.9 404.5 400.5 396.8 392.8 387.3 380.2 373 364.9 351.9 335.5 325.6 323.9 338.9 363.2 379.7 394.8 404.6 409.5 411.5 410.7 409.4 406.2 402.2 397.4 391.6 385.2 378.2 370.6 368.3 366 368.2 372.3 377.6 381.8 385.2 388.3 391.1 394.1 397.1 400.1 402.9 406.3 411 417.6 421.1 424.4 425.9 427.2 427.8 426.9 425 421.8 417.8 413.2 408.6 402.4 396.7 388.9 379.5 370.1 358.5 345.5 327.7
386.7 384.2 380.5 377 371.3 365.5 375.4 383.4 390.3 397.4 404.1 409 411.5 411.3 409.5 406.3 401.4 397.1 391.2 384.9 377.6 369.5 361 349 332.5 325 323.9 338.7 363.8 381 396.5 403.8 407.5 407.6 406.7 404.9 401.9 398.2 393.6 388 381.9 376.7 370.7 366 364.2 367.8 371.7 376.3 379.8 383.2 386 387.8 389.2 391.5 394.4 398 401.7 407.5 415.8 420 423.4 426.4 427.4 427.4 427.3 425.1 421.8 416.9 412 406 399.9 393.5 385 377 368.1 357.3 344.6 327.3
389.9 387 382.9 379.3 368 375.5 383.6 390.4 396.1 402.6 408.2 413.2 414.2 412.4 408.9 403.5 399.1 392.7 386.1 379.8 372.1 364.1 355.4 345.5 332.6 324.2 323.4 333.9 365.5 383.7 396.1 401 402.6 401.7 399.9 398 395.1 391.8 387.9 383.2 378.3 373.6 368.6 363.1 360.6 364.8 369 373.2 377 379.7 381.8 382.4 383.4 385.3 388.1 392.5 398.2 404.4 412 418.3 421.7 424.2 426.2 426.5 426.3 424.5 420.9 416 410.6 403.1 395.9 388.7 379.9 371.6 363.3 353.7 341 325.1
393.4 390.5 386.3 376 372 382.1 389.5 395.3 400.7 406.1 412.2 414.8 414.2 410.7 405.5 399.2 391.8 385.5 378.6 371.1 364.9 358.2 350.1 342.6 329.4 323.6 323 346.6 366.5 383.5 392.8 396.4 396 393.3 390.8 389.4 387.1 384.2 381.3 378.9 374.3 369.5 364.5 358.5 355.4 359.9 364.5 369.2 373 375.6 376 376.5 376.4 377.8 381.8 387.8 394.7 401.7 408.7 414.7 418 420.6 422.8 423.7 424.5 422.3 419 414 408.5 400.1 391 382.5 370.4 364.2 356.9 346.9 334.6 321.1
398.5 394.4 389.6 373.2 378.3 387.9 393.8 398.7 403.5 409.3 412.9 414 411.7 406.1 399.2 391 383.6 375.9 367.5 361.6 357.2 351.3 344.8 338.8 330.2 323 321 349 366.4 381.1 387.6 388.7 387.6 385.2 383.1 382 380.4 378 375.5 373.5 370.6 365.9 360.9 353.9 351 354.7 359.9 365.1 368.2 369.9 370.7 370.5 369.5 371.2 377 385.4 391.1 397.8 403.7 408.9 412.6 414.5 415.6 418.5 419.2 417.2 415.1 410.5 404.9 397.4 388 378.7 361.7 348.9 344.6 337.7 328.6 317.8
402.1 397.4 391.9 380.3 383 391.5 396.3 401.3 406.3 410.3 412.1 411.3 407.1 400.2 392.5 382.7 370.5 359.8 352.6 348.5 341.4 337.4 333.9 331 328 322.1 322.3 346.6 366.4 378.2 381.8 382.9 382.1 381.3 378.2 375.9 374.3 373 370.5 368.1 365.9 362.1 356.7 350.6 347 349.3 354.1 358.5 362.2 363.4 363.7 363.1 362.3 366.4 375.3 382.9 388.8 394.2 398 401.3 404.8 406.7 407.8 410 411.2 410.6 409.4 407.2 403.4 395.5 386.3 377.3 365 348 333.1 323.2 317 309
404.1 398.9 394.3 389.9 383.1 393.6 398.7 403.5 408.4 410.9 411.9 408.8 404.3 397.4 386.1 379.5 375 369.3 362.9 356.4 348.8 342.8 337.2 332 327.3 322.1 321.2 340.8 364.3 376.3 378.6 379.4 378.9 377.9 374.5 371.2 370.7 370.2 368.9 367 363.9 360.5 355.8 349.8 345.2 344.1 348.9 352.7 355.7 357.6 357.2 355.1 354.6 364.5 374.3 381.4 386.4 389.9 392 393 394.9 396.3 398.1 400.8 402.6 404.8 406.1 405.2 401.6 395.1 387.8 379.5 366.8 355 344 333.2 322.7 312.2
405.2 400 395.5 390.7 384.6 395.7 401.1 405.5 410.2 412.5 412.8 409.7 405.2 398.4 393.6 389.8 384.8 378.7 370.9 362.6 354.8 347.2 340.1 333.6 328.6 323.1 320.5 333.7 354.6 370.8 374.7 374.5 372.9 371.3 368.4 368.9 370.9 370.5 370.5 369.1 366.8 362.1 356.5 350.6 345 338.7 343.1 347.9 350 350.8 349.7 345.1 351 361.9 371.3 377.7 381.5 384.3 385.5 385 385.6 385.8 387.9 391.5 395.8 399.2 401.3 401.5 399.8 395.6 389.6 383.7 372.3 362.2 353 340.5 329.3 317.4
405.4 400.5 394.3 387 390.5 397.8 403.4 408.2 412.2 413.8 413.5 411.2 408.2 405 401 396.6 391.1 383.9 376.3 367.5 358.1 349 340.9 334.2 328.9 325 318.9 319.9 338.4 355.4 367.1 367.1 366.1 364.1 362.9 370.3 372.6 373.9 374.3 372.7 367.7 361.2 355.3 349.2 343.3 336.7 336.4 341.5 343.3 343.5 341 336.2 346.9 356.6 366.3 371.8 375.5 376.7 377.1 376 376.2 376 377.9 382.2 386.9 392.2 397 399.1 399.1 397.4 393.7 387.5 380.2 369.8 358.7 347.7 335.2 323.5
403.9 398.7 396 390.9 393.1 401.1 406.5 411.8 415.1 416.5 416.2 414.3 412.1 409.8 406.7 401.2 394.8 388.1 378.8 368.9 359 350.1 341.8 335.7 330.3 326.1 319.9 319.3 322.3 339.4 351.7 357.4 353.2 346.4 364.1 371.2 377.6 379.7 377.5 373.2 366.3 359.4 352.6 346.5 340.9 334.5 328.6 334 335.6 335.1 331.7 330.2 339.9 349.1 356.8 362.5 365.3 365.6 364.7 364 363.1 361.5 368.1 374.6 381.4 387.1 392.9 397.3 400.1 401.4 400 394.3 385.5 375.2 363.8 352.5 340.5 328.8
405.6 403.2 400.4 394 395.7 404.3 410 415 418.5 421 421.5 420.5 418.5 415.2 410.6 404.7 398.4 389.9 380.3 370.1 359.7 350.8 343.7 338.3 332.8 327.6 323.1 317.8 317.6 322.7 336.2 338.4 335.4 353.8 363.7 374.2 379.7 379.6 375.9 370.7 363.9 356.3 349.5 343.8 338.3 331.5 323.6 326.2 327.9 327.3 324.8 324.7 331.7 337.1 342.2 345.7 348.3 347.7 347 347.2 345.7 351.3 359.3 366 373.5 382.3 389.5 395.2 400.6 404.6 405.7 400.8 391.2 380.6 369.3 357.1 343.1 332
409.8 407.2 404.6 396.4 397.9 407.1 413.5 419 422.9 426.1 427 426.2 424.3 420.4 414.4 407.5 400.5 391.8 382.1 371.6 361.6 354.4 347.8 341.4 335.8 329.4 323.5 323 316.3 316.8 317.8 324.3 338 348.6 360.7 368.5 372.2 372.4 370.1 364.8 358.2 351.5 345.2 339.8 335.3 329.5 321.9 315.9 321.2 321.2 317.1 318.7 322.7 324.2 324.5 327.2 329.4 330.3 331.2 329.1 334.9 345.2 353 360.4 367.5 376.1 385.1 391.7 399.6 405.8 408.8 404.1 392.3 382.5 372.5 357.9 345.2 334.2
414.1 411.4 407.7 395.9 401.9 411.2 418.2 423.8 428.2 431.2 431.7 430.7 427.7 423.8 417.8 409.7 401.9 393.3 384.4 374.6 366.5 358.9 352.2 345.2 336 329.8 331.4 329.4 325.3 318.6 314.5 314.8 321.2 336.5 348.3 354.3 357.9 359.9 359 356.2 350.8 345.2 339.7 335.8 331.8 327.1 321.6 313.8 313.7 314.5 311.5 309.2 308.5 306.4 303.4 304.4 310.1 314.4 318.6 319 331.5 339.8 346.1 354.5 362.7 370.9 380.5 387.5 397.1 405.7 407.1 401.8 391.6 382.7 371.7 358.3 346.2 335.8
417.9 415.1 408.6 397.5 408 416 422.8 428.6 433.5 436.5 435.8 433.5 429.6 424.8 418.2 410.2 402.4 394.1 386.1 378 370.1 362.4 355.5 345.4 338.6 340.2 339.9 338.2 335.3 331.6 327.4 319.2 311.2 317.8 333.1 340 343.4 344.3 343.8 342.1 338.9 336.1 333.4 330.1 327.4 323.1 318.6 312 307.4 306.9 304.2 302 300.4 299.6 298.9 298.5 298 299.8 305.6 316.3 326.1 332.1 339 346.5 356.7 367 377 383 392.2 400 402.7 396.6 390.3 380.7 369.4 358.7 345.5 334.2
421.4 418 406 403.1 413.7 421.2 428.1 434.2 437.7 439.2 438.2 434.8 430.3 423.9 417 409.5 401.7 394.1 386.1 379.1 372.1 364.5 354.6 346.1 349.2 348.1 347 345.1 342.3 338.7 335.5 329.2 318.7 313.6 314 319.4 324.3 325.4 326.6 326.3 325.1 325.3 324.5 322.6 319.4 316.2 310.7 305.3 302.1 303 302.9 301.6 300.5 298.9 299.5 297.8 296.8 296.2 295.3 309.2 319.5 324.5 330.7 340.9 352.2 363.1 371.4 379 384.9 391.7 394.6 391.2 386.5 375.6 367.1 355.8 341.8 333.2
424.5 420.4 404.3 407.2 417.7 424.7 431.5 436.8 439.6 440.3 438.6 434.8 428.3 421.5 414.8 407.6 400.4 393.5 386.5 379.9 373.4 366.3 357.1 357.8 357.1 356.2 353.8 351.1 347.8 344.8 341.2 336.1 330.9 321.8 314 312.8 312.2 310.6 310 310.1 309.7 308.8 308.2 307.6 306.1 303.6 302.7 309.4 309.1 307.6 307.6 307.5 307.1 305.9 304.9 302.4 302.8 301.5 299.2 296.3 306.8 307.3 322.9 333.5 344.8 356.2 365.3 373.1 379.9 385 386.1 385 380 371.4 363.3 352.7 338.7 330.5
426.3 422 407.9 411.2 420.8 427.6 433.2 437.2 440 438.7 436.6 431.3 424.8 418.8 412.1 405.3 398.8 392.8 386.9 381 374.6 368.4 366 366.1 364.5 362.4 359.5 355.7 352.5 349.1 345.6 340.9 335.5 329.3 317 316.7 317.9 320.9 320.9 317.8 312.5 305.6 306.1 312.1 313.9 316.2 319.6 321 323.6 324.4 323.4 324.3 322.5 318.9 314 308.5 306.1 306.6 302.2 294.6 295.3 296.4 307.5 320.9 331.7 344.4 356.6 365.2 370.1 374.8 376 376 371.1 364.7 358.6 348.2 335.9 327.8
427.3 422.6 410.5 414 422.8 428.4 432.3 435.4 437.2 436.2 433 427.6 420.8 414.2 408.2 402.3 396.9 391.5 386.3 380.4 375.8 372.7 372.7 371.9 370.5 367.7 364.9 361.2 356.8 352.9 347.9 342.7 335.2 323.1 318.7 318.2 327 330.9 334.2 334.6 333 330.9 328.8 327.7 326.4 325.8 328.9 332.7 338.4 340.4 339.7 337.9 334.5 329.6 319.4 311.3 311.9 313 311.8 303 294.5 294.2 293.3 294.7 315.7 329.7 343.5 353.3 356.4 361.7 365.2 363.7 360.6 357.4 351.9 342.1 331.9 325.3
426.8 421.9 412.4 416.8 423 428.2 432.4 434.5 433.6 431.4 427.8 422.1 415.9 410.2 404.6 399.4 394.8 390.2 385.4 380.2 376.6 377 376.6 375.7 373.8 372.3 368.9 364.7 358.8 354 348.4 342 328.7 320.1 326.4 324.8 331.6 339.7 343.8 344.2 343.6 341.7 340 337.4 334.6 334.2 337.2 342.2 345.9 346.4 345.6 343.6 339.5 333.6 318.8 315.5 317.7 319.4 318.3 314.3 311 305.8 298.2 291.4 294.5 308 325.6 336.8 343.1 348.3 354 353.8 352 349.7 344.2 334.7 327.8 320.5
424.1 418.4 411.7 418.2 424.1 429.1 431.8 431.8 429.6 426.1 422.2 417.7 411.8 406.6 401.6 396.6 392.5 388.3 385.1 381.1 379.5 379 378.1 377.5 376.1 373.2 370.1 364.3 358.9 352.5 345.9 337.3 321.1 331.4 335.9 334.7 331.8 344.5 349.1 351.3 351.4 350.9 348.9 345.8 343.9 344.1 345.8 349.5 351.5 351.1 349.6 346.7 341.6 335.7 320.1 323.8 327.5 326.6 325.8 322.1 318 313.6 307.6 302.7 291.3 290.3 302.4 320.6 332 339.5 343.7 344.7 344.6 341.5 335.4 328.4 322.2 313.9
421.5 419.2 417 418.7 423.8 427.3 428.9 429 426.2 422.6 417.9 413.1 408.3 403.2 398.4 393.8 390.9 388.5 385.3 382.3 380.8 379.3 378.1 378.2 376.3 373 368.4 362.8 354.8 346.7 337 325.1 337.4 340.8 343.9 344.7 343.5 346.4 354.2 357.9 359.7 359.6 357.8 356 353.9 354.7 356 357.2 357.4 355.9 352.7 348.3 342.1 332.8 328.5 334.7 336.2 335.3 333.3 329.6 324.4 319.4 313.4 307.9 296.7 289.2 288.9 303.9 317.4 328.8 336.1 338 337.3 333.4 327.2 321.9 315.3 306
427 422.8 419.6 419.2 421.7 424.1 425.6 424.9 422 418.5 413.8 409.1 404.3 399.4 395.2 391 389.5 387.3 385 382.3 380.5 378.5 377.3 377.6 374.8 370.9 365.9 357.6 337.4 331.6 334.3 345 347.9 350.1 352.1 353.4 352.4 346.9 359.9 364.9 367.6 367.6 367.5 365.9 365.7 365.7 365.5 364.7 363 359.7 355.5 350 337.8 332.6 340.6 343.3 343.9 343.3 342.4 339.5 334.2 327.3 320.2 313.4 307.5 302.2 292.5 288.3 302.5 317 324.3 329 328.8 325.4 320.6 315.7 306.6 296.3
431.4 425 421.1 420.6 420.9 421.4 421.2 419.7 416.9 413.7 409.4 404.5 399.8 395.2 391.5 389.1 386.9 384.6 382.5 380.5 379.1 377.2 376 375 372 367 359.6 341.2 341.6 348.1 354.2 357.7 358.4 359.5 360.3 360.8 359.9 350.5 364.1 369.9 373.5 375.3 376 375.2 375.6 374.2 372.9 371 368.2 363.1 357.9 350.6 337 343.3 350 352.3 352.9 352.4 351.7 349.1 343.5 335.8 328.1 320 313 308.1 301.9 288.4 287.4 297.6 313.6 316.8 317.9 316.9 313.5 307.6 297.3 286.4
433.6 426.9 423.1 422 420.9 419.6 418.5 416.1 412.4 408.9 404.1 399.4 394.9 390.6 387.2 385.2 382.3 380.5 378.4 376.5 375.3 372.2 371 369.8 366 357.2 340.5 337.9 356.4 362.7 365.7 368 367.4 367.3 367.7 368.2 367 357.4 366.3 375.5 379.4 381.3 382.9 384.4 383.5 381.7 378.9 376 370.9 365.8 359.2 349.4 344.3 351.9 357.6 359.6 361.2 361 359.1 355.9 351.4 344.8 335.8 327.4 319.9 312.8 306.7 298.8 287.1 286.8 298.7 308.6 309.4 308.9 306.7 299.9 291.1 281.8
435.5 429.1 425.1 422.8 421 418 415.3 412.3 408.3 404 398.8 394.4 390.1 386 382.5 380.2 377.3 375.5 374.4 372 368.3 364.8 363 356.2 349.8 344.5 358.2 363.6 367.7 372.3 373.9 375.1 374.7 374.6 375.1 375.4 374.7 362.6 368.2 378.4 384.3 387.4 390.1 390.3 389.2 387.8 384.6 379.7 374.7 368.5 362.4 350 352 357.9 364.2 367.5 368.8 368.4 366 362.2 357.7 351.8 343.6 335 325.4 317.5 309.9 303 294.7 285.8 285.8 294.3 301 303.1 300.6 294.7 287.1 280
437 431 427.2 424.6 421.2 417.6 412.7 408.1 404 398.7 393.6 388.9 384.9 379.7 375.5 372.3 370.1 367.6 365.4 363 355.8 353.6 357.5 359.2 363.1 366.1 369.4 373.3 377.1 380 381.5 382 382.1 382.1 382.3 382.5 381 368 370.4 383.5 389.1 392.9 395.2 396.1 394.8 392.3 388.5 383.6 378.8 374.3 368.8 354.8 358.2 362.9 369.3 372.6 375.5 376.1 373.2 369 363.1 356.9 349.3 340.5 330.8 321.5 313.4 306.8 300.1 295 287.9 283.1 290.1 294.7 292.3 287.3 278.5 286.2
438.5 432.2 428.5 426.1 422.1 417.5 411.9 405.3 394 391.8 387.1 383.3 376.6 371.9 368.4 366.1 363.9 361.8 359.8 358.1 359.9 364.9 368.2 369.2 370.8 373.9 377.5 381.4 385.9 387.6 388.9 389.6 389.5 389.5 389 389 387.4 376.6 374.4 387.3 393.8 398.3 400.6 401.3 399.3 395.9 391.6 387.7 384.1 380.4 375.1 360.1 362 367.5 373.6 379.3 382.4 382.6 379.6 374.5 368 361 352.4 343.6 333.7 323.8 315.2 308.3 302.3 297.2 291 286.9 284 283.8 283.1 281.4 288.5 295.6
438.5 431.6 427.2 425.2 421.2 416.2 408.6 396 388.3 387.3 383.8 381.5 379.2 377.1 376.4 374.1 370.5 367.2 362.1 363.1 367.2 371.1 373.7 375.4 377.7 381.1 385.2 389.3 392.9 395.5 397.3 397.1 396.8 396.5 395.6 394.9 392.7 381.2 379.5 392.1 398.7 403.7 406.3 405.9 403.3 399.4 395.8 392.7 389.7 386 380.8 371.4 364.6 371.9 379.5 384.9 387.6 387.6 384.2 379.2 372.8 364.5 354.9 345.1 335.9 325.3 317 309.5 303.1 297.4 290.6 291 288.7 283.9 283.1 289.8 297.2 303.2
436.7 430.1 425.6 421.4 416.9 406.3 402.7 402 401.2 397.2 393.8 390 387.5 385.1 381.2 377.2 372.8 368.6 363.1 368 372.4 375.6 379 382.4 384.6 388.2 392.3 396.7 400.8 404.2 405.3 404.3 403.6 402.7 402 400.2 397 386.3 382.1 396.4 402.7 407.5 409.5 409 406.7 403 400.3 397.8 394.8 391.1 387 380.9 368.9 377.5 384.8 389.6 392.1 391.6 387.5 381.5 375.4 366.4 356.7 347.1 337.2 327 318.9 311.2 303.6 297.3 296.1 294.4 290.2 286 289.6 297.3 303.2 309.1
436.2 430.2 424.9 419.2 416.8 416.6 414.2 410.4 405.5 402.6 399.5 396.5 392.6 388.6 383.3 378.1 373.5 368.5 367.5 373.1 377.3 380.6 385.4 389.1 391.9 395.4 399 403.5 407.7 410.3 410.4 409.9 408.9 407.8 406 403.5 400 391.3 385.9 400.2 406.2 410.8 412.9 412 410.1 407.6 405.2 402.6 399.3 395.5 391.6 385.9 371.9 382.4 389.1 393.4 395.6 395.1 390.8 384.1 376.2 367.9 358.3 348.2 338.4 328.9 319.1 311.1 306.6 303.1 301.6 297 291 287.6 293.5 301.8 307.1 314.3
437.1 431.2 425.4 423.5 423.8 421 417.3 413.3 409.1 406.1 402.4 398.2 394.5 390 384.6 379.5 375.4 368.7 374 377.7 382.1 386.8 391 394.6 397.9 401.4 405.2 409.7 413.5 415.4 415 414.5 413.1 411.1 409 405.6 400.6 386.1 393.9 403.3 410.1 414.2 416.6 416.3 414.5 412.3 409.7 406.7 403.3 399.3 395 390.1 376.9 386.2 392.6 396.4 398.1 397.3 392.8 386 377.7 369.1 359.9 349.3 339.3 329.4 323.8 319.2 312.9 309.4 306.4 298.9 291 291.4 295.7 303.6 311.5 318.2
435.7 430.1 427.2 427.8 425.9 423.2 419.8 417.3 412.2 408.6 405 400.7 396.5 392.4 387.2 381.6 373.7 375 379.7 383.7 388.8 392.7 396.2 399.9 403.3 406.9 410.4 414.4 418.1 419.5 419 417.9 415.8 413.8 411.1 406.8 398.7 389.6 400 406.3 412.7 417.7 420 420.1 418.8 416.9 413.6 409.9 406.2 401.9 397.8 393.3 383.4 389.1 395.1 398.7 400.4 398.9 394.4 387.6 379.2 370.9 362.1 352.2 342.7 336.6 330.8 324.5 318.6 314.5 308.8 297.9 290.1 296.4 302.6 307.2 313.2 320.5
433.8 431 431.2 430.2 427.8 425.6 423.6 420.4 415.3 411.4 407.3 403.1 398.9 393.7 388.7 382.1 377.8 382.1 384.7 389.9 394.3 397.8 401.2 404.7 407.7 410.3 413.5 417.3 420.3 421.3 421.3 420 417.6 415 411 406.1 392.3 398.1 405.8 411.7 416.6 421.3 423.7 423.6 422.7 420.2 416.6 412.3 408.1 403.9 399.7 395.6 386.6 391.6 397.4 400.8 402.1 400.2 395.6 389 381.3 373.2 364.8 356.8 349.2 342.2 334.6 327.7 322.5 316.1 308 296.3 295.7 303.2 310 314.8 318.3 322.4
