Game/Highland_Data/StreamingAssets/GeoData/Data/nt/NT75.asc
ncols 200
nrows 200
xllcorner 370000
yllcorner 650000
cellsize 50
[rows 35 to 69 of 200, columns 0 to 77 of 200]
209.9 208.2 206.5 204.7 202.7 201.4 199.3 197 194.5 191.4 188.9 186.4 184.5 182.7 181.1 180.3 179.8 179.4 186.8 196.5 204.3 211.9 218.7 224.9 231.5 241.4 249.2 256.1 260.9 263.8 266.9 269.4 271.3 272.1 270.7 268.2 265.7 262.9 258.3 252.6 247.5 241.5 230.9 240.5 256.1 264.5 270.7 276.1 278.9 279.8 279.5 279.5 279.9 279.9 279.9 279.7 279.6 278.7 277.2 275.8 274.9 279 283.3 286.1 289.4 292.6 295.8 298.7 302.2 305.1 307 307.4 307.7 309.3 310.3 309.9 308 305.2
208.6 206.9 205.3 203.8 201.8 199.9 198.8 196.7 194.3 191.4 188.9 186.3 184.5 182.7 180.8 180.4 180.2 179.6 185.2 195.2 203.4 210.5 216.3 222.4 229.9 237.6 246.9 255.1 260.2 263.8 267 269.6 272 273.2 272.2 270.5 268.3 266 261.7 256.2 250.7 244.1 234.8 239.1 253.9 261.9 267.7 273.1 276.3 278.7 279.6 281.7 283.3 283.9 284.1 284.4 284.6 284.8 284.2 283.1 282.6 283 286.5 289.3 292.6 296 299.4 302.6 306.3 309 310 310.3 311 312.2 312.7 312.5 311.3 308.9
206.9 205.6 204.1 202.7 201.3 199.2 196.9 195.1 193.2 191.2 188.7 186.1 184.6 182.6 181.5 181 180.4 179.2 186.6 199.4 208.2 211.9 216.4 223.8 232.3 240.2 246.4 253.5 259.1 263.4 267.1 269.4 271.7 273.5 273.3 272.9 270.6 267.9 263.7 258.8 253.6 245.9 237.4 235.2 249.6 258.3 263.6 268.5 273.1 276.2 278.8 281.4 283.8 285.5 286 286.6 287.6 288.4 288.3 289.1 289.4 289.5 291.3 294 296.3 299.2 302.6 305.8 309.7 311.3 312.2 312.8 313.4 313.9 313.8 313.2 312.3 310.9
204.7 203.9 202.8 201.3 199.8 198.2 196.2 194.1 192.3 190.6 187.8 185.5 184 182.6 181.6 181.2 180.8 180.1 190.4 202.6 212.4 217.7 221.8 227.5 233.8 241.1 246.8 252.2 257.7 262.4 266.1 268.6 271 272.7 273.6 273.7 271.6 269.2 265.5 261.2 255.6 248.7 241.4 235.6 241.3 252.7 258.8 263.4 267.8 272.9 277.3 281.2 283.6 286.9 287.7 289 290.3 291.5 292.2 293.6 294.9 295.5 296.5 297.9 300.1 302.8 305.5 308.6 312.1 313 313.5 313.3 312.9 313.4 312.8 311.5 310.3 308.7
202.5 202 201.2 199.8 198.3 196.7 195 193.1 190.9 188.3 185.6 183.1 183.4 182.2 181.6 181.2 180.8 179.7 193.5 205.4 213.7 219.9 225.8 231.6 237.8 243 247.8 252 256.6 261.2 265.1 267.7 269.4 271.5 273.7 274.5 273 270.9 267.3 263.2 258.5 251.5 245.2 239.6 237.1 242 250.7 257 262.4 267.9 273.5 277 281.7 286.3 289.3 292.1 293.3 294.4 296.2 297.9 299.4 299.9 301 302.1 304 305.7 307.3 310.6 311.5 312.6 312.1 310.9 310.8 309.8 308.7 306.7 304.7 303.9
199.9 200.2 199.5 198.5 197 195.3 193.7 192.1 188.8 186.2 184.3 183.5 183 182.2 181.6 181 180.8 184.4 197.1 204.5 210.5 217 223.2 230.6 236.1 241.3 247 251.2 255.8 260.3 263.9 267.4 269.5 271.5 273.5 274 272.9 271.9 268.9 265.4 261.1 254.4 249.7 244 241 239.7 242.8 249.7 256.9 263.2 269.5 273.4 278.7 283.9 288.2 291.9 295.2 297.1 299 301 302.7 303.7 305.2 306.3 307.7 308.3 309.7 311.1 312.4 310.9 309.8 308 306.5 305 303.7 302.1 299.3 296.8
200.2 198 197.5 196.8 195.6 194 192.4 191.2 186.6 184.6 184 183.6 183.1 182.2 181.8 180.7 182.5 186.9 192.9 198.2 203 209.8 216.1 223.4 229.8 236.1 243.6 249.8 254.8 258.1 261.5 265.4 269.2 271.8 272.4 272.7 272.3 271 269.3 266.5 262.4 257.5 252.2 247.4 244.2 241.1 244.7 245.8 252.2 259.9 266.9 271.6 276.2 281.4 286.2 290.9 294.2 297.7 300.8 302.5 304.2 305.4 307.2 309.1 310.9 311.7 312.2 313.2 312.4 309.9 307.1 303.7 301.4 299 297.3 295 291.5 288.4
200.2 198.1 195.4 194.5 193.6 192.9 191.6 185.4 184.9 184.5 184.1 183.7 183.2 182.7 182.4 181.7 183.2 186.8 189.2 194.8 200.3 206.1 211.2 216 220.1 224.7 232.7 242 251 255 259.2 262.3 265.9 268.6 271.2 272 271.9 270.9 269.6 267.5 264.2 259 254.7 250.3 248.1 244.7 245.3 246 251.6 258.5 264.8 269.1 273.9 279 284.1 289 292.6 296.6 300.9 302.7 305 306.7 308.7 310.7 313.1 314.5 314.6 314.8 311.8 308.5 304.2 299.2 294.9 290.8 288.1 285.7 281.6 278
200.1 198.2 195.6 192.6 191.9 191.3 185.9 185.1 184.6 184.3 184.1 183.8 183.4 183 182.4 181.8 184.8 190.6 198.3 203.7 207.1 202.7 206.3 212 215.8 218.3 222.6 226.1 235.2 244.3 251.7 258.8 262.7 266.3 269.7 271.5 271.4 271 270 268.5 265.5 261.1 258.7 256.2 252.5 249.1 247 248 250.8 256.6 261.9 265.7 271.3 276.3 281.2 286 290.6 295.2 299.9 302.6 305.5 307.5 310 312 314.3 315.3 315.7 315.2 311.3 307.7 303.1 297 287.8 279.1 277.1 275.2 270.9 266.8
199.5 197.8 195.9 192.3 188.7 186.2 185.4 185 184.5 184.3 184.2 183.9 183.5 183.1 182.8 182.7 184 193.4 201.1 204.9 210.7 215.4 214.9 213.6 217.3 218.8 218.9 221.7 226 233.1 246.8 255.9 261.1 263.9 267 269.6 270.5 271 270.7 269.7 267.3 264.3 261.7 258.7 255.2 252.1 250.4 251.1 252.5 254.1 258.4 263.1 269 273.9 278.5 282.8 287.6 292.5 297.4 300.8 305.5 307.3 309.9 312.3 313.5 314.9 315.3 314.5 311 306.9 302.3 296.5 289.4 279.1 271.2 258.8 254.8 252
199 196.9 194.7 192.8 186.5 186.3 185.6 185.2 185.1 184.7 184.2 184 183.6 183.3 183.1 183 182.8 193.5 201.4 207.6 212.2 216.5 219.3 220.8 223.3 227.1 229.2 229.5 226 230.6 243 253.7 258.4 260.9 263.5 266.3 269.1 270.8 270.9 270.5 268.7 266.6 263.8 261.2 257.6 254.1 253.1 253.7 253.7 254.7 257.3 262.1 267.1 272 276.9 281.2 285.1 289.7 294.2 298.2 302.7 306.6 308.3 309.6 311.9 313.7 315.2 314.1 310.3 306.1 301.3 296.1 289.4 280.1 271.3 260.4 249.4 242.1
198.4 196.2 194 190.4 186.7 186.2 185.8 185.4 185.6 185.2 182.2 184 183.7 183.5 182.9 183.4 190.7 194.5 199.6 207.2 214.6 219.2 223.3 226.2 231.4 235.6 237.7 238.6 239.3 238.7 235.6 246.6 253.5 256.2 259.6 262.6 267.7 270.4 272.1 272.2 270.5 268.9 267.4 264.4 261.1 257.7 255.9 255.4 254.9 254.8 256.8 260.6 265.7 270.8 275.6 279.2 282.8 286.7 290.2 295.2 299.6 303.3 304.5 306.3 309 312.2 314 312.5 309.3 305.3 301.5 296.7 290.3 282.6 275 264.1 254.1 245.6
197.3 195.9 191 187.5 187 186.4 186 185.3 185 184.9 184.4 183.8 182.1 184.2 183.8 183.3 194.1 200.5 203 206.9 212.5 218.5 223.7 228.6 234.8 239.6 243.2 246 246.5 247.4 246.3 246.4 248.9 251.9 257.8 263.7 268.1 270.7 272.8 273.3 272.9 271.6 270.3 267.3 264.4 261.5 259.4 257.5 256.4 256.5 258.2 259.5 264.3 269.8 273.4 276.9 280.5 283.9 287.4 291.5 296.2 299.4 301.4 303.5 306.2 310.2 310.9 310.7 307.5 303.9 300 295.5 291.1 285.5 278.8 271.5 261.5 252.1
194.5 191.9 188.2 187.5 187.5 186.4 186 186.6 186.2 186.1 185.2 184.5 184.4 184.9 185.9 194.1 201.5 207.2 210 211.3 213.9 217.7 223.3 228.9 235.4 241.5 246.1 249.5 251.6 253.7 253.7 255.8 256.8 259.8 262.6 265.6 269.4 272 273.4 273.3 273.3 272.4 271 269.3 266.7 264.2 262 259.8 257.6 257.1 258.2 259.7 262.1 267 270.9 274 278.2 282 285.2 288.5 292.5 296.2 298.7 301.3 304.2 308.1 309.2 307.6 305 301.4 298.1 294.2 290 285 279.9 274.5 268.1 260.8
191.4 189.7 187.7 188 185.9 187.2 187.6 187 186.7 186.6 186 185.2 184.4 186.7 193.6 201.6 209.3 212.4 215.2 217.1 218.5 221.1 223.8 228.7 236.5 243.6 248.2 251.9 254.5 257.4 258.8 260.3 262 264.1 265.9 268.4 270.6 272.5 273.5 273.4 273.4 272.4 271 269.4 267.1 264.8 263.1 261 258.3 256.6 257.6 259 260.5 264.6 268.8 272.1 275.2 278.6 282 285.6 289.6 293.5 296.6 299.4 302.2 304.8 305.2 304 301.1 297.7 294 290.1 286.6 282.9 278.7 275 270.2 264.4
189.3 188.2 187.6 187.7 187.9 188 187.6 187.1 187.6 186.2 185.7 185.3 184.7 188.4 194.5 203.6 211.8 216.5 219.9 221.8 224.9 228.4 230.7 234 240.9 246.2 251 254.1 256.9 259.3 261.7 263.7 265.4 266.8 268.3 270.5 272 273 273.7 273.4 273.4 272.1 270.5 268.6 266.9 265.1 263.3 261.5 259.1 257.6 257.9 258.7 260.4 263.6 266.6 269.5 272.4 275.5 279.2 282.9 286.6 290.6 294.2 297.5 300.1 301.3 301.1 299.4 296.2 292.9 289.4 284.9 281.7 278.1 275.3 272.2 267.6 261.7
189 189.2 189.2 189.3 188.8 188.3 187.7 187.3 187.3 186.6 186.3 185.5 184.8 188.4 196 204.6 211 218.4 223.1 227.1 230.3 234 237.5 240.8 245.1 249.3 253 256.1 259.2 261.7 263.5 265.4 267.3 268.9 270.5 272 272.8 273.4 273.6 273 272.5 271.2 269.4 267.8 266.2 264.9 263.4 261.8 259.8 258.2 258.1 258.4 259.1 261.5 264.3 267.4 270 272.8 276.2 280.2 283.5 287.5 292.3 295.2 297.5 297.8 297.2 295 290.9 287.4 282.7 278.4 272.7 267.8 264.3 261.7 257.8 252.1
190.8 190.1 189.9 189.6 189.3 188.6 188 187.6 188.4 189.2 188 185.9 185.4 186.2 196.3 204.6 209.9 217.3 224.4 229.7 233.7 237.2 240.7 244.1 247.3 251.1 254.4 257.8 260.3 262.9 264.8 266.6 268.6 270 271.2 272.3 272.5 272.8 272.4 271.7 271.6 270 268.2 266.6 265.1 263.8 263.2 262 260.7 259.4 258.4 258.2 259.1 260.2 262.3 265.2 267.9 270.7 273.2 277.6 282.1 286.4 290.8 293.3 294.3 295 293.3 290.6 286.4 280.4 274.2 269.1 262.4 256.7 251.4 248.7 245.4 241.2
193.6 192 191 190.2 189.2 188.5 189.9 192.9 192.8 191.1 189.1 186.5 185.4 186.3 194.9 204.2 210.9 216.7 224.1 230.8 235.9 239.7 242.6 245.6 248.7 251.7 254.8 258.6 261 263.3 265.3 267.1 268.6 270.3 271.4 271.8 272 271.5 270.8 270.1 269.2 268 266.5 265.2 263.9 262.9 262.3 261.6 260.4 260.1 259.5 259.7 260 260.5 261.4 263 265.9 268.9 272.1 276.8 281.5 285.6 289.4 291.5 292.5 292.4 291 287.1 281.3 275.5 269.7 264.5 259.7 251.2 247 241.8 234.9 231.1
200.1 198.9 199.1 194.8 193.4 194.3 194.7 195.2 194.8 193 191.1 188.1 186.1 186.8 193.9 202.1 210.9 219.9 226.4 232 236.5 240.4 243.5 246.6 248.9 251.8 254.9 258 260.7 263.1 265.2 267.2 268.7 270.2 271.2 271.5 271.5 270.7 269.5 268.3 266.7 265.6 264.6 263.5 262.4 261.9 261.5 260.7 261 261.3 261.2 261.1 261.2 261.9 262.4 263.5 265.1 269.3 272.7 276.5 281 285.1 288.6 291.3 291.7 291 290.2 285.4 279.3 274 271.2 270.3 265.8 260.4 257.6 254.5 251.1 245.9
205.5 205.3 204.6 203.2 201.3 200.6 198.8 197 196.5 195 192.6 190.1 186.5 186.9 191.8 200.5 211.6 221.3 227.6 231.6 235.7 239.1 242 245.1 247.8 250.8 254.6 257.8 260.2 262.6 264.6 266.5 268.5 269.7 270.6 270.2 270 269.2 267.6 266.1 264.4 263.3 262.2 261.4 261 260.8 260.6 260.8 262.1 262.7 262.9 263.3 263.9 264.3 264.9 265.7 266.7 268.7 273.2 276.9 281 284.6 288 290.7 291.3 290.7 290 287.1 284.4 282 279.7 277.3 273.4 268.6 265.8 266.5 263 258.8
210.4 209.7 208.6 206.5 205.3 203.3 202 199.3 197.3 195.3 193 190.8 188.2 186.8 187.8 199.2 211.4 219.5 225.6 229.4 233.4 237.2 239.9 242.3 244.7 247.4 251.8 256 258.7 261.2 263.3 265.2 267 268.4 268.8 269 268.3 267 265.6 264.1 262.5 261.4 260.1 259.5 259.8 259.4 259.7 260.7 263.1 265.3 266.4 267.2 267.7 268 268.1 268.7 270.4 271 273 277.2 281.6 285.2 288.1 290.6 291.5 291.9 292 291 289.4 287.2 284.7 282.9 280.2 275.6 272.4 273 269.3 265.6
214.2 213.2 211.3 209.2 207.7 205.5 203.7 201.1 198.4 196.2 194.1 192.2 189.8 186.6 187.1 194.2 205.9 214.8 221.7 226.6 230.3 233.2 235.8 238.2 240.6 243.4 247.4 251.3 255.3 258.4 260.7 263.3 265.3 265.6 265.9 266.1 265.7 264.5 263.3 262.2 260.9 259.2 258.5 257.9 258.3 259.2 261.4 263.4 265.6 267.6 269.1 270.3 270.8 271.1 271.5 271.8 273.2 274.7 276.2 278.7 282.7 285.9 288.5 290.9 292.6 294 294.3 293.7 292.6 290.6 289.1 287.1 283.9 281 277.1 275.6 271.4 268.5
216.2 214.7 212.9 211.1 210 207.7 205.7 202.9 200.1 197.2 194.6 192.9 190.4 188.1 187.8 189.3 198.5 208.5 215 221 225.3 228.8 231.3 233.9 235.8 238.7 242 245.7 249.8 253.9 256.8 259.5 261.7 262.5 262.8 262.9 262.6 262.2 261.2 260.1 258.7 257.4 256.5 255.8 256.7 261.1 263.9 266.3 268.3 269.9 271.7 272.9 273.5 273.9 274.1 274.8 276.1 277.5 278.8 281.1 283.8 287.4 290.6 293.2 295.5 296.5 296.4 295.9 294.6 293 290.8 288.1 285.1 281.4 277.6 275.3 271.9 267.9
217.5 215.9 214.3 212.4 211.2 210.4 208.3 205.1 202 199 195.9 193.2 190.9 189.1 188.5 188.4 194.1 200.7 207.6 213.2 218.4 221.7 224.9 227.4 230.1 233.4 236.7 240 244.3 248.5 252.9 255.9 258.1 259.5 259.6 259.5 259.4 259.3 259.2 258.3 257 255.8 252.4 253 257.7 263.5 266.8 269.2 271.4 273.1 274.6 275.4 276.3 277 277.2 278 279 280.5 282.3 284.1 286.8 289.9 293.1 295.4 297.3 298.2 298 296.8 296 293.8 290.9 288.3 284.6 279.6 276.4 271.8 267.3 262.2
218.7 217 215.5 214.4 213.8 212.4 210.1 206.7 203.7 200.4 197.2 193.9 191.3 189.7 188.6 188.9 192.8 197.7 202.8 208.1 211.9 215.8 219 221.4 223.8 226.4 229.7 233.7 239.3 244.5 249.5 253 255.5 256.6 256.6 256.6 256.5 256.3 255.9 255.5 255 253.1 249.8 254.4 262.3 266.3 269.4 272 274.3 276.7 278.2 279.1 279.7 280.3 280.8 281.5 282.8 284.5 286.4 288.2 290.5 293.1 295.6 297.6 298.9 299.7 298.8 297.5 295.5 293.3 290 286.1 281.6 275.7 269.4 262.5 255.6 249.9
219.8 218.4 216.6 215.5 214.8 213.3 211.4 208.2 205.4 202.6 198.9 195.4 192.8 190 189.6 189.5 193.3 196.6 200.4 204.8 208.6 211.9 214.9 217.3 218.7 220.6 223.2 227.8 233.9 241 246.4 250.1 252.3 253.5 254 253.8 253.8 253.5 253.1 253.1 251.5 249.1 251.7 258.5 264.5 268.4 271.6 274.5 276.9 279 280.7 282.2 283.1 283.9 284.3 285.1 286.8 289 290.8 292.6 294.6 297.2 297.9 299.8 300.9 300.5 299.1 296.4 293.2 289.7 284.7 279 271.2 263.4 253.7 247.4 241 234.6
221 219.4 217.8 216.7 215.7 214.7 212.7 209.9 207.4 204.3 201 197.5 194.4 192.1 190.5 190 189.4 194.8 198.7 202.5 206.4 209.8 212.1 214.6 216.3 219.9 223.5 228.2 232.9 239.3 244.5 247.8 249.1 250.6 251.1 251.3 251.2 250.8 250.5 250.1 249.5 245.7 251.3 261.3 266.6 270 273.2 276.5 279 281.3 283.3 285.5 287 287.6 288.2 289.2 291.2 293.4 295.3 297.1 298.8 299.8 300.7 302.2 301.7 300.2 297.3 293.2 287.5 279.8 271.1 262.6 255.3 249.6 243.2 238.6 232 221.2
222.2 220.7 219 217.8 216.8 215.5 212.9 210.4 208.7 205.8 202.4 199.4 196.5 194.1 191.2 190.5 190.1 193.7 197.7 201.1 205.5 209.9 212.9 216.3 220.1 225.1 228.7 232.3 235.3 238.7 242.7 245.5 246.5 248 248.9 248.8 249 249.1 248.9 248.1 245 249.4 256.5 263 267.8 271 274.9 278.5 281.2 283.8 286.2 288.4 290.8 291.8 293.4 294.7 296.4 298.5 300.2 301.6 302.7 303.9 305.3 303.4 301.6 298.6 293.9 286.7 275.6 266.6 259.8 253.7 246.5 237 235.8 236.9 235.9 237.1
223.5 221.9 220.4 218.8 217.3 215.3 212.8 210.6 209 206.6 203.6 200.6 197.8 195.2 192.5 190.2 190.4 192 198.2 204 209.9 214.6 218.4 220.7 223.6 227.3 230 232.5 235 237.6 239.7 241.7 243.8 245.5 245.9 246.3 246.5 246.8 246.6 243.6 245.2 251 258 263.4 268 271.4 275.6 279.8 283.1 286 289 291.4 293.9 296 297.9 300.1 302.3 303.4 304.8 306.2 307 307.4 306.3 303.9 300.1 294.6 285.1 275 266.4 259.8 248 249.3 251.1 250.9 251.4 252.7 254.5 254.4
224.5 222.9 221.1 219.5 217.3 215.1 212.6 210.8 209.2 207 205.7 201.7 199.1 196.2 193.4 190.9 191.3 192.8 196.7 202.6 208.3 213.7 218.2 222.2 224.5 226.9 229.3 231.2 233.1 235.3 237.2 239.2 241 242.2 242.9 243.7 243.9 243.9 243.3 239.7 245.6 250.9 257.3 262.1 266.2 270.7 275.7 280.1 284.6 287.8 291 294.4 297.4 300.1 302.4 304.5 306.9 308.6 309.6 310.2 310.4 309.2 306.6 302.3 295.9 285.9 276.5 266.9 264.9 266.8 266.8 265.4 265.6 268 269 270.1 270.1 268.7
225.6 223.9 222 219.7 217.5 215 212.5 210.1 208.5 206.9 205 202.6 200 198 195.3 191.2 192.3 193.8 195.7 199.9 205.4 211.2 216.9 221.2 223.9 225.8 227.6 229.4 231.2 233.4 234.7 236.3 237.3 238.2 239.5 240.3 239.9 240 237.7 239.4 243.1 247.5 254.3 259.1 263.2 268.7 274.5 280.8 285.3 289.5 293 296.8 299.8 303.3 306.2 308.2 311.2 313 313.9 313.7 312.6 309.8 305.2 297.1 287.6 277.4 275 277.3 279.5 281.1 281.1 279.8 279.2 278.9 279 278.2 277.7 276.6
226 224.5 222 219.7 217.7 215.1 212.4 209.6 207.5 205.9 204.4 203.1 201.8 200 196.8 190.8 192.4 194.8 195 197.8 203.2 208.7 213.6 218.4 222.1 224.8 226.9 228.1 229.2 230.2 231.9 232.9 233.7 234.2 234.2 234 233.5 232.5 234.4 236.9 240 242.9 248.5 254.6 261.4 266.8 274.7 281.4 286 290 294.3 298.1 302.4 306.2 309.3 312.1 314.7 316.2 317.3 316 314 308.8 300.4 289.5 286.5 288.9 291.3 292.7 292.6 291.6 290.6 288.5 287.7 286.4 285.3 284.1 282.8 280.7
224.1 223.3 221.3 219.1 216.9 214.5 212.2 209.5 206.9 204.7 203 201.6 201.8 200.7 197.9 191.3 193.4 201.3 202 200.5 198.5 205.7 210.2 216.4 220.4 223.2 226.2 227.1 227.1 227.9 228.3 228.8 229.1 228 227.4 227.9 231.1 237.2 243.4 247.2 248.1 247.2 246.3 251.5 259.2 268.2 274.7 280.4 286 290.2 294.7 299.7 304.6 308.6 312.7 315.5 318.1 319.6 319.8 318.7 314.3 306.8 299.6 300.4 302.5 303.2 303.2 302.4 301 299.6 297.8 295.5 294 292.3 289.7 288.1 285.4 283.1
222.6 221.6 220.1 218.4 216.2 214.1 211.9 209.5 206.7 204.4 202.4 200.1 199.3 199.3 193.8 192.7 197.7 203.3 207.3 207.8 206.2 200.8 207.2 213.8 218.1 221.5 224 225.7 225.2 224.2 223.8 223.7 222.8 224.1 227.3 233.9 240.5 246 250.1 252.2 254.5 257.8 257.9 255.8 256.7 266.6 273.8 278.9 284.2 289.3 294.7 301 307 311.2 315.2 318.2 320.9 322.4 322.5 321.1 317.6 313 311.5 311.9 312.4 312.3 311.7 310.3 308.5 306.1 303.1 300.7 298.1 295.3 292.6 290 286.9 284.2
