Game/Highland_Data/StreamingAssets/GeoData/Data/nt/NT77.asc
ncols 200
nrows 200
xllcorner 370000
yllcorner 670000
cellsize 50
[rows 42 to 83 of 200, columns 0 to 93 of 200]
17 20.2 23.4 23.6 22.2 20.8 18 13.1 10.7 12.5 12.2 7.1 7.4 6.5 5.8 1.7 0.7 -0.2 -1.2 -2 -2 -2 -2 -2 -2 -2 -2 -2 -2 -2 -2 -2 -2 -2 -2 -2 -2 -2 -2 -2 -2 -2 -2 -2 -2 -2 -2 -2 -2 -2 -2 -2 -2 -2 -2 -2 -2 -2 -2 -2 -2 -2 -2 -2 -2 -2 -2 -2 -2 -2 -2 -2 -2 -2 -2 -2 -2 -2 -2 -2 -2 -2 -2 -2 -2 -2 -2 -2 -2 -2 -2 -2 -2 -2
18.7 20 21.3 21.2 20.8 21.1 20.8 18.1 13.6 10.5 12.3 9.1 6.8 6.2 5.3 1.8 0.8 -0.2 -1.2 -2 -2 -2 -2 -2 -2 -2 -2 -2 -2 -2 -2 -2 -2 -2 -2 -2 -2 -2 -2 -2 -2 -2 -2 -2 -2 -2 -2 -2 -2 -2 -2 -2 -2 -2 -2 -2 -2 -2 -2 -2 -2 -2 -2 -2 -2 -2 -2 -2 -2 -2 -2 -2 -2 -2 -2 -2 -2 -2 -2 -2 -2 -2 -2 -2 -2 -2 -2 -2 -2 -2 -2 -2 -2 -2
20.7 20.7 20.4 20 20.2 20.2 21.1 20.5 16.9 10.3 10.4 8 6.3 5.5 4.9 2.1 1.1 0.1 -0.9 -2 -2 -2 -2 -2 -2 -2 -2 -2 -2 -2 -2 -2 -2 -2 -2 -2 -2 -2 -2 -2 -2 -2 -2 -2 -2 -2 -2 -2 -2 -2 -2 -2 -2 -2 -2 -2 -2 -2 -2 -2 -2 -2 -2 -2 -2 -2 -2 -2 -2 -2 -2 -2 -2 -2 -2 -2 -2 -2 -2 -2 -2 -2 -2 -2 -2 -2 -2 -2 -2 -2 -2 -2 -2 -2
20.4 20.2 19.9 19.4 19.4 19.2 15.8 8.4 6.9 8.1 7.9 7.7 6.3 5.4 4.7 3.4 1.5 0.6 -0.3 -1.1 -2 -2 -2 -2 -2 -2 -2 -2 -2 -2 -2 -2 -2 -2 -2 -2 -2 -2 -2 -2 -2 -2 -2 -2 -2 -2 -2 -2 -2 -2 -2 -2 -2 -2 -2 -2 -2 -2 -2 -2 -2 -2 -2 -2 -2 -2 -2 -2 -2 -2 -2 -2 -2 -2 -2 -2 -2 -2 -2 -2 -2 -2 -2 -2 -2 -2 -2 -2 -2 -2 -2 -2 -2 -2
20.5 20.6 20 19.1 17.3 14.4 10.1 6.9 6.5 6.3 6.8 6.7 5.6 5.3 4.7 4.3 1.9 1 0.2 -0.7 -1.6 -2 -2 -2 -2 -2 -2 -2 -2 -2 -2 -2 -2 -2 -2 -2 -2 -2 -2 -2 -2 -2 -2 -2 -2 -2 -2 -2 -2 -2 -2 -2 -2 -2 -2 -2 -2 -2 -2 -2 -2 -2 -2 -2 -2 -2 -2 -2 -2 -2 -2 -2 -2 -2 -2 -2 -2 -2 -2 -2 -2 -2 -2 -2 -2 -2 -2 -2 -2 -2 -2 -2 -2 -2
21.1 21.2 20.6 19.1 16.3 12.8 8.4 3.2 3.2 3.2 3.2 7.2 6.3 5.1 4.7 4.3 2 1.1 0.2 -0.8 -1.7 -2 -2 -2 -2 -2 -2 -2 -2 -2 -2 -2 -2 -2 -2 -2 -2 -2 -2 -2 -1.5 -1.4 -1.4 -2 -2 -2 -2 -2 -2 -2 -2 -2 -2 -2 -2 -2 -2 -2 -2 -2 -2 -2 -2 -2 -2 -2 -2 -2 -2 -2 -2 -2 -2 -2 -2 -2 -2 -2 -2 -2 -2 -2 -2 -2 -2 -2 -2 -2 -2 -2 -2 -2 -2 -2
21.4 21.1 20 17.5 14 10.3 6.7 3.2 3.2 3.2 3.2 3.2 7.1 5.5 4.7 4.3 2.2 1.2 0.2 -0.8 -1.7 -2 -2 -2 -2 -2 -2 -2 -2 -2 -2 -2 -2 -2 -2 -2 -2 -2 -2 -2 -1.2 -0.7 -0.8 -0.9 -1.1 -2 -2 -2 -2 -2 -2 -2 -2 -2 -2 -2 -2 -2 -2 -2 -2 -2 -2 -2 -2 -2 -2 -2 -2 -2 -2 -2 -2 -2 -2 -2 -2 -2 -2 -2 -2 -2 -2 -2 -2 -2 -2 -2 -2 -2 -2 -2 -2 -2
21.9 21.3 19.8 16 12.4 8.8 3.2 3.2 3.2 3.2 3.2 3.2 8.1 6.2 4.6 4.3 4.3 1.6 0.6 -0.4 -1.3 -2 -2 -2 -2 -2 -2 -2 -2 -2 -2 -2 -2 -1.4 -1.4 -2 -2 -2 -2 -1.8 -0.9 -0.1 -0.1 -0.2 -0.4 -2 -2 -1.2 -1.7 -2 -2 -2 -2 -2 -2 -2 -2 -2 -2 -2 -2 -2 -2 -2 -2 -2 -2 -2 -2 -2 -2 -2 -2 -2 -2 -2 -2 -2 -2 -2 -2 -2 -2 -2 -2 -2 -2 -2 -2 -2 -2 -2 -2 -2
22.4 21.5 19 14.8 11.1 7.7 3.2 3.2 3.2 3.2 3.2 3.2 3.2 7.5 5.5 5 5.1 2.1 1.2 0.2 -0.9 -2 -2 -2 -2 -2 -2 -2 -1.8 -1.6 -1.4 -1.3 -0.9 -0.6 -0.4 -1.7 -2 -2 -2 -1.5 -0.6 0.2 0.6 0.5 0.4 -2 -1.6 -0.5 -1 -2 -2 -2 -2 -2 -2 -2 -2 -2 -2 -2 -2 -2 -2 -2 -2 -2 -2 -2 -2 -2 -2 -2 -2 -2 -2 -2 -2 -2 -2 -2 -2 -2 -2 -2 -2 -2 -2 -2 -2 -2 -2 -2 -2 -2
22.2 21.1 17.8 13.8 10 6.7 3.2 3.2 3.2 3.2 3.2 3.2 3.2 5.6 7.4 5.6 5.6 5.4 1.8 0.7 -0.2 -1.1 -1.7 -1.5 -1.4 -2 -1.2 -0.9 -0.7 -0.5 -0.4 -0.3 0 0.2 0.4 -0.1 -2 -2 -2 -1.2 -0.3 0.5 1.3 1.2 0.7 -2 -0.3 0.1 -0.4 -1 -1.7 -2 -2 -2 -2 -2 -2 -2 -2 -2 -2 -2 -2 -2 -2 -2 -2 -2 -2 -2 -2 -2 -2 -2 -2 -2 -2 -2 -2 -2 -2 -2 -2 -2 -2 -2 -2 -2 -2 -2 -2 -2 -2 -2
22.1 20.8 17 13 9.2 4.1 3.2 3.2 3.2 3.2 3.2 3.2 3.2 3.2 3.2 7.1 5.5 5.7 3.5 1.8 0.9 0.1 -0.5 -0.3 -0.4 -0.6 -0.3 0.2 0.4 0.6 0.7 0.8 1 1.1 1.1 1.2 -0.4 -2 -1.8 -0.9 0 0.8 1.7 1.9 0.5 -2 1.1 0.8 0.2 -0.5 -1.2 -2 -2 -2 -2 -2 -2 -2 -2 -2 -2 -2 -2 -2 -2 -2 -2 -2 -2 -2 -2 -2 -2 -2 -2 -2 -2 -2 -2 -2 -2 -2 -2 -2 -2 -2 -2 -2 -2 -2 -2 -2 -2 -2
22.3 20.9 17 12.9 8.8 4.5 3.2 3.2 3.2 3.2 3.2 3.2 3.2 3.2 3.2 3.2 8.3 6.7 4.9 5.9 2.1 1.4 0.9 0.9 0.7 0.5 0.7 1.2 1.5 1.7 1.8 1.9 2 2.1 2 2 1.2 -2 -1.6 -0.7 0.2 1.1 2 4.7 1.7 -1.2 2 1.4 0.7 -0.1 -1 -2 -2 -2 -2 -2 -2 -2 -2 -2 -2 -2 -2 -2 -2 -2 -2 -2 -2 -2 -2 -2 -2 -2 -2 -2 -2 -2 -2 -2 -2 -2 -2 -2 -2 -2 -2 -2 -2 -2 -2 -2 -2 -2
23.3 20.9 17.1 12.8 8.5 4.5 3.2 3.2 3.2 3.2 3.2 3.2 3.2 3.2 3.2 3.2 3.2 8.4 6.1 5.6 5.2 5.7 2.2 2 1.8 1.6 1.7 2.1 7.2 7.6 9.4 10.6 10.3 6.8 3.4 3.4 6.4 -2 -2 0.1 0.9 1.7 2.3 5.4 5.1 4.9 4.3 1.9 1 0.2 -0.7 -2 -2 -2 -2 -2 -2 -2 -2 -2 -2 -2 -2 -2 -2 -2 -2 -2 -2 -2 -2 -2 -2 -2 -2 -2 -2 -2 -2 -2 -2 -2 -2 -2 -2 -2 -2 -2 -2 -2 -2 -2 -2 -2
24 20.9 17.3 13 8.6 4.3 3.2 3.2 3.2 3.2 3.2 3.2 3.2 3.2 3.2 3.2 3.2 3.2 7.2 11.9 7.6 5.4 5.4 4.9 5.1 5.9 5.7 11.3 15 13 13.5 13.8 12.4 11.7 10.6 9.4 6.2 4.8 2.3 1.4 1.9 2.3 5.8 5.5 5.4 5.2 5.1 2.2 1.3 0.5 -0.4 -1.1 -2 -2 -2 -2 -2 -2 -2 -2 -2 -2 -2 -2 -2 -2 -2 -2 -2 -2 -2 -2 -2 -2 -2 -2 -2 -2 -2 -2 -2 -2 -2 -2 -2 -2 -2 -2 -2 -2 -2 -2 -2 -2
24.2 21.4 17.6 13.4 9.1 4.3 3.2 3.2 3.2 3.2 3.2 3.2 3.2 3.2 3.2 3.2 3.2 4.4 6.2 9.3 12.2 9.9 7.9 7.2 5.4 6.2 10.6 20.1 17.5 16 15.5 17.8 16.7 13.7 12.6 5 4.6 5.3 5.5 5.2 5.2 5.4 5.9 5.7 5.7 5.5 5.3 5.1 1.6 0.8 0.1 -0.8 -1.7 -2 -2 -2 -2 -2 -2 -2 -2 -2 -2 -2 -2 -2 -2 -2 -2 -2 -2 -2 -2 -2 -2 -2 -2 -2 -2 -2 -2 -2 -2 -2 -2 -2 -2 -2 -2 -2 -2 -2 -2 -2
24.2 21.4 18.1 14 10.1 6.3 3.2 3.2 3.2 3.2 3.2 3.2 3.2 3.2 3.2 3.2 3.5 6.7 6.3 8.3 11.2 14.4 14.8 15 11.3 13.6 21.8 21.8 21.4 19.4 19.6 19.2 17.6 15.5 14.1 13.1 6.8 5.9 6 5.8 5.9 6.1 6.6 6.5 6.1 5.8 5.4 5 1.9 1 0.2 -0.7 -1.6 -2 -2 -2 -2 -2 -2 -2 -2 -2 -2 -2 -2 -2 -2 -2 -2 -2 -2 -2 -2 -2 -2 -2 -2 -2 -2 -2 -2 -2 -2 -2 -2 -2 -2 -2 -2 -2 -2 -2 -2 -2
24.4 21.7 18.7 15 11.3 7.1 3.2 3.2 3.2 3.2 3.2 3.2 3.2 3.2 3.2 3.2 6.5 7.8 8.9 9.7 10.8 12.4 13.7 15 18.1 20.1 23.8 23.9 23.2 22.1 19.8 18.3 16.4 15.6 14.4 11.7 11.8 7.4 6.5 6.4 6.6 7.3 7.7 6.9 6.3 5.8 5.2 4.8 2.1 1.2 0.3 -0.6 -1.5 -2 -2 -2 -2 -2 -2 -2 -2 -2 -2 -2 -2 -2 -2 -2 -2 -2 -2 -2 -2 -2 -2 -2 -2 -2 -2 -2 -2 -2 -2 -2 -2 -2 -2 -2 -2 -2 -2 -2 -2 -2
24.8 22.1 19.3 15.9 12.4 8.8 5.9 3.2 3.2 3.2 3.2 3.2 3.2 3.2 3.2 7 8.5 9.6 10.4 11.1 12.1 13.7 16.3 21.4 24.7 26.7 26 25.1 24 22.4 19.9 16.8 15.7 12.9 10.8 9.5 8.9 12.5 8.7 7.8 7.5 8.7 8.5 7.6 6.5 5.9 5.2 4.8 2.3 1.4 0.5 -0.5 -1.4 -2 -2 -2 -2 -2 -2 -2 -2 -2 -2 -2 -2 -2 -2 -2 -2 -2 -2 -2 -2 -2 -2 -2 -2 -2 -2 -2 -2 -2 -2 -2 -2 -2 -2 -2 -2 -2 -2 -2 -2 -2
25.9 22.7 20.1 16.5 13.1 9.9 6.9 3.2 3.2 3.2 3.2 3.2 3.2 3.2 7.1 8.9 10.4 11.9 13.7 14 14.7 18.7 23.4 28.1 28 27.5 27.3 25.8 24.2 22.3 18.6 17 13.5 12.6 9.8 7 5.7 6 14.3 13.3 11.6 10.1 9.6 8.3 6.8 5.9 5.5 5.1 4.7 1.7 0.8 -0.1 -0.9 -1.6 -2 -2 -2 -2 -2 -2 -2 -2 -2 -2 -2 -2 -2 -2 -2 -2 -2 -2 -2 -2 -2 -2 -2 -2 -2 -2 -2 -2 -2 -2 -2 -2 -2 -2 -2 -2 -2 -2 -2 -2
27.3 24.4 20.8 17.7 14.4 11 7.2 3.2 3.2 3.2 3.2 3.2 3.2 6.1 8.7 10.7 12.3 14.6 16.9 18.1 17.6 23.4 27.4 28.1 28.7 27.5 27.5 25.6 23.5 21.3 17.1 15.2 12.7 10 6.9 4.8 3.4 -5.6 6.7 6.6 9.2 10.7 10.7 9.3 7.7 6.6 5.9 5.4 5 2 1.1 0.3 -0.4 -1.1 -1.9 -2 -2 -2 -2 -2 -2 -2 -2 -2 -2 -2 -2 -2 -2 -2 -2 -2 -2 -2 -2 -2 -2 -2 -2 -2 -2 -2 -2 -2 -2 -2 -2 -2 -2 -2 -2 -2 -2 -2
27.6 24.7 21.1 18.2 15.4 12.7 9.4 7.6 7.5 7.4 7.8 8.1 8.1 8.1 9.9 12.2 14.8 17.6 21.7 21.8 23.2 27.6 23.6 23.5 23 22.6 22 20.3 19.8 20.1 19.2 13.9 12.2 7.1 6.1 1 -11.1 -21.8 -24.2 -14.1 -9.9 -6.1 5.3 9.5 8.8 7.3 6.3 5.8 5.2 3.5 1.6 0.8 0.1 -0.6 -1.4 -2 -2 -2 -2 -2 -2 -2 -2 -2 -2 -2 -2 -2 -2 -2 -2 -2 -2 -2 -2 -2 -2 -2 -2 -2 -2 -2 -2 -2 -2 -2 -2 -2 -2 -2 -2 -2 -2 -2
27.9 24.7 21.4 19.1 17.3 15.6 13.5 11.7 11.2 11.3 11.6 11.3 11.5 11.2 11.8 13.4 17.3 20 23.3 23.7 23.8 23.4 22.6 21.5 20.8 19.8 18.7 19 18.3 14.2 15.7 14.2 11 6.8 6.8 -10.9 -23.5 -27.5 -29.5 -29.9 -17.8 -2.5 -0.9 9.1 9.7 8.3 7.3 6.6 5.7 4.9 1.7 0.9 0.2 -0.5 -1.1 -1.9 -2 -2 -2 -2 -2 -2 -2 -2 -2 -2 -2 -2 -2 -2 -2 -2 -2 -2 -2 -2 -2 -2 -2 -2 -2 -2 -2 -2 -2 -2 -2 -2 -2 -2 -2 -2 -2 -2
28.4 25.4 22.6 20.6 19.5 18.3 16.9 15.6 15.8 15.7 15.9 15.5 15.1 14.2 14.7 15.8 20.2 22.8 24.6 21.2 24.3 22.1 22.4 23.4 24.2 23 21.2 14.4 9.1 6.6 7 12.7 7.6 7.2 1.4 -22.5 -24.1 -30.9 -32.1 -18.1 -6.2 -3 -2.5 5.4 10.6 9.3 8.1 6.5 5.4 5.3 1.8 1.1 0.5 -0.2 -0.9 -1.6 -2 -2 -2 -2 -2 -2 -2 -2 -2 -2 -2 -2 -2 -2 -2 -2 -2 -2 -2 -2 -2 -2 -2 -2 -2 -2 -2 -2 -2 -2 -2 -2 -2 -2 -2 -2 -2 -2
29.6 28.3 25 22.6 22.1 21.2 20.5 19.7 19.9 20.1 20.3 19.9 19.1 18.1 18.5 21.5 23.2 25.6 23.4 21.7 18 23.9 23.5 27.5 27.3 25.9 23.6 19.6 13.6 8.1 1.7 3.6 8.4 3.3 -11.4 -20.4 -21.4 -31.6 -18.9 -9.7 0 -2 7 10.4 11.1 10 8.4 6.7 5.9 4.7 2.1 1.4 0.7 0 -0.7 -1.4 -2 -2 -2 -2 -2 -2 -2 -2 -2 -2 -2 -2 -2 -2 -2 -2 -2 -2 -2 -2 -2 -2 -2 -2 -2 -2 -2 -2 -2 -2 -2 -2 -2 -2 -2 -2 -2 -2
31.9 32.6 29.2 27.4 25.6 24.8 24 23.6 24.2 24.8 25.8 24.9 23.8 23.8 24.9 26.1 26.7 26.4 26.1 26.1 20.3 24.8 24.7 27.9 27.7 25.5 23.7 20.6 19.3 17.3 7.6 -3.3 -6.5 -2.4 -13.9 -19 -21.6 -23.9 -11.3 4.2 3.8 5.2 10 11.9 11.5 10.8 9.3 7.7 7 5.9 4.2 1.7 1 0.2 -0.6 -1.4 -2 -2 -2 -2 -2 -2 -2 -2 -2 -2 -2 -2 -2 -2 -2 -2 -2 -2 -2 -2 -2 -2 -2 -2 -2 -2 -2 -2 -2 -2 -2 -2 -2 -2 -2 -2 -2 -2
39.1 38.5 36.1 30.3 29.1 28.4 28.4 27.9 29 30.7 32.2 30.2 28.8 29.2 28.8 28.7 28.2 27.2 27.2 27 26.6 25.8 26.7 29 27.2 25.4 23.1 22 20 14.2 13.7 1.8 -6.5 -8.5 -5.1 -16.5 -20.1 -11.8 2.2 9.4 7.1 11.8 13.2 12.3 12.1 11.4 10.2 8.8 7.6 6.3 6.4 2 1.3 0.4 -0.3 -1.1 -2 -2 -2 -2 -2 -2 -2 -2 -2 -2 -2 -2 -2 -2 -2 -2 -2 -2 -2 -2 -2 -2 -2 -2 -2 -2 -2 -2 -2 -2 -2 -2 -2 -2 -2 -2 -2 -2
40.2 39.5 37.6 34.1 30.3 31.3 34.1 30.3 33.3 33 33.2 33.5 31.3 30.8 30.6 30.4 30.1 29.1 29.2 26 27.9 27.5 29.5 29.1 26.5 25.2 22.3 21.7 18.3 15.7 4 -2.7 -4.4 -12.4 -3.4 -4 -6.5 -0.5 8.5 10.4 11.9 17.7 15.1 13.1 13 11.8 10.8 9.8 8.5 7 5.8 7 1.7 0.9 0.2 -0.4 -0.9 -1.4 -2 -2 -2 -2 -2 -2 -2 -2 -2 -2 -2 -2 -2 -2 -2 -2 -2 -2 -2 -2 -2 -2 -2 -2 -2 -2 -2 -2 -2 -2 -2 -2 -2 -2 -2 -2
40 39.4 38.3 33.7 31.2 33.3 34.4 34.5 35 35.1 34.7 31.1 32.4 31.8 32.5 32.4 31.2 30.7 30.5 29.7 29.5 29.9 31.2 29.6 27.4 24.2 23 22.3 16.9 9.2 0 -5.6 -11 -10.8 3.9 -2 1.5 7.5 11.6 11.8 17.1 17.2 15.6 14.3 14 12.5 11.7 10.8 9.8 8.4 6.6 6.5 2.1 1.4 0.8 0.3 -0.3 -0.8 -1.4 -2 -2 -2 -2 -2 -2 -2 -2 -2 -2 -2 -2 -2 -2 -2 -2 -2 -2 -2 -2 -2 -2 -2 -2 -2 -2 -2 -2 -2 -2 -2 -2 -2 -2 -2
35.3 35 34.1 32.2 33 35 35.6 36.9 35.6 35.1 34.8 34.8 34.6 32.8 31.6 31.2 31.3 31.2 30.5 30.4 30.4 31 31.3 28.7 26.9 23.2 23.7 19.4 17.1 0.8 -2.7 -4.5 -14.4 1.8 5.5 4.9 8 13.5 17.4 18.6 20.9 17.2 15.8 15.9 14.2 13.6 12.7 12 11 9.6 7.8 6.2 6.8 2.1 1.5 0.9 0.4 -0.2 -0.8 -1.4 -2 -2 -2 -2 -2 -2 -2 -2 -2 -2 -2 -2 -2 -2 -2 -2 -2 -2 -2 -2 -2 -2 -2 -2 -2 -2 -2 -2 -2 -2 -2 -2 -2 -2
35.6 32.7 32.1 31.4 34.3 36.7 36.7 36.4 35.5 35.8 35.9 34.7 33.7 32.8 31.8 31.5 31.4 31.3 31.2 31.1 31.4 33.3 31.1 29.8 28.2 23.6 21.5 18.8 9.9 -0.3 -2.8 -12.6 3.2 8.7 6.4 6.8 9.9 17.4 20 19.4 22.6 19.6 17.9 16.3 16.1 14.8 14 13.2 12.7 12.4 9.2 7.6 6.7 6.9 2 1.5 1 0.4 -0.1 -1.3 -2 -2 -2 -2 -2 -2 -2 -2 -2 -2 -2 -2 -2 -2 -2 -2 -2 -2 -2 -2 -2 -2 -2 -2 -2 -2 -2 -2 -2 -2 -2 -2 -2 -2
38.1 34.9 33.7 32.8 35.6 38.6 37.4 36.7 35.9 35.5 35.5 33.9 32.9 32.9 32.9 32.6 31.4 30.5 31.5 31.2 30.9 32.1 31.7 31.9 27.8 25.7 20.1 15.8 0.9 -1.8 -9.7 2.3 9.7 8.4 7.1 11.8 16.8 19.3 18.9 18.6 19.5 20.1 20.2 18.5 16.8 16.3 16.5 16.9 16.6 16 15.3 10.6 8.4 7.2 6.4 2.1 1.6 1.1 0.3 -1.3 -2 -2 -2 -1.8 -2 -2 -2 -2 -2 -2 -2 -2 -2 -2 -2 -2 -2 -2 -2 -2 -2 -2 -2 -2 -2 -2 -2 -2 -2 -2 -2 -2 -2 -2
45.6 39.6 35.1 34.1 36.3 38.4 38.4 37.6 36.9 36.5 36.9 33.2 32.5 33 33.1 32.5 22.8 15.7 14.1 31.8 31.6 34.1 31 31.5 30.8 28.4 24.4 5.9 -0.5 -1.8 -11.3 6.2 10.6 7.8 13.8 22.4 23.7 22 21.1 20.6 21.3 21.7 21.7 20.7 18.6 19.8 21.1 21.3 20.1 19.1 18.3 18.8 12.6 8.3 6.9 7.1 2.3 1.8 0.3 -0.4 -2 -1.9 -1.2 -0.4 -0.8 -1.4 -2 -2 -2 -2 -2 -2 -2 -2 -2 -2 -2 -2 -2 -2 -2 -2 -2 -2 -2 -2 -2 -2 -2 -2 -2 -2 -2 -2
43.7 46.5 41 38.3 39.5 39.8 40 39 38 37.8 37.2 35.6 34.2 33.4 33.3 33.3 21.2 15.6 13.9 12.7 11.8 19.9 31.8 32.6 31 30.9 30.1 14.2 -1.2 -10.6 6.8 10.8 9.8 13.5 20.4 25.9 25.2 24.2 24.3 24.5 23.8 23.3 22.8 22.2 21.2 22 22.6 22.1 20.7 21.1 20.4 17.9 15.7 11.8 8.5 7.8 7.6 6.5 5.8 3.7 1.3 -0.1 0.2 0.6 0 -0.6 -2 -2 -2 -2 -2 -2 -2 -2 -2 -2 -2 -2 -2 -2 -2 -2 -2 -2 -2 -2 -2 -2 -2 -2 -2 -2 -2 -2
45.3 45.9 47.5 44 42.4 42.1 41.5 40.3 39.1 39.3 39.5 37.6 37.1 34.2 33.7 34.2 40.7 41.9 36.7 30.1 17.5 11.5 11.3 10.7 31.5 31.6 28.3 26.1 16 8.2 16.6 15 11.2 14.6 25.9 25.8 25.3 25.9 26.6 26.3 25 24 23.2 22.6 22.2 21.8 22.3 21.6 20.4 20.6 19.6 16.9 14.1 12.6 11.8 9.2 8.4 7.3 6.5 6.3 6.3 2.7 1.6 1.4 0.8 -0.1 -0.8 -1.4 -2 -2 -2 -2 -2 -2 -2 -2 -2 -2 -2 -2 -2 -2 -2 -2 -2 -2 -2 -2 -2 -2 -2 -2 -2 -2
48.2 48.1 47.5 48.2 46.7 44.4 43.4 42.5 41.3 40.4 41.4 42.5 42.9 39.4 39.4 37.6 43.2 46.8 48.8 45.5 43.1 36.5 26.2 10.4 9.3 17.7 28 31.5 26.2 25.1 17.9 17.5 16.3 24.3 26.9 26.1 26.4 26.9 27.4 26.8 25.7 24.6 24 23.2 22.5 22 22 23 22.1 22.1 20 19.1 15.9 15.6 14.8 13.6 10 8.9 7.9 7.6 6.9 6 5.8 2.2 1.4 0.6 0 -0.8 -2 -2 -2 -2 -2 -2 -2 -2 -2 -2 -2 -2 -2 -2 -2 -2 -2 -2 -2 -2 -2 -2 -2 -2 -2 -2
50.5 49.8 48.9 48.6 48.2 49 45.7 45.1 43.7 42.5 41.9 42.6 42 40.2 40.8 44.3 41.2 47.6 52.1 52.9 51 40.4 24.9 24.1 23.3 14.6 8.6 17.6 27 31.5 27.5 26 24.2 26.4 27 27.4 27.8 28.4 28.8 28.5 28 26.7 25.3 24.2 23.5 22.7 22.2 22.6 22.9 22.4 20.6 20.9 19.2 18.5 17.1 16.5 15.2 12.2 9.9 8.7 7.6 7.1 6.5 5.9 2.1 1.4 0.6 -0.2 -1 -2 -2 -2 -2 -2 -2 -2 -2 -2 -2 -2 -2 -2 -2 -2 -2 -2 -2 -2 -2 -2 -2 -2 -2 -2
54.3 53.7 52.8 52.4 51.9 51.1 51.1 47.9 47.2 46.3 45.5 44.1 45 48 45.1 47.3 49.4 51.8 54.2 52 42.7 33.5 23.3 23.4 23.4 22.7 19.5 9.8 9.2 21.8 28.7 31.5 28.2 29.2 28.7 29.1 29.3 29.7 29.7 29.6 28.8 28.1 27.4 25.8 25.5 24.9 23.4 22.6 22.3 21.7 21.3 20.4 19.7 20 19.2 19.2 18.6 16.9 15.7 9.8 8.7 8 7.3 6.7 6 2.1 1.3 0.6 -0.8 -2 -2 -2 -2 -2 -1.7 -1.4 -1.1 -1.1 -1.4 -1.9 -2 -2 -2 -2 -2 -2 -2 -2 -2 -2 -2 -2 -2 -2
60.4 60.8 58.7 57.3 58.5 57.9 54.1 52.1 50.2 49.4 48.4 47.7 47.4 47.7 48.4 51.6 53.9 53.6 54.3 49.2 41.5 27.2 23.3 23.3 23.9 23.4 22.8 22.3 18 8.6 11.3 18.4 31.3 31.7 31.5 30.8 30.9 30.9 30 29.4 28.8 27.9 27.1 26.9 26.7 26.5 25.2 24.6 23.9 23.6 23 22.6 21.4 21 21 21.1 21.3 19.9 18.5 18.4 11.7 8.9 8.2 7.5 6.8 6 2.1 0.8 -0.3 -1.8 -2 -1.9 -2 -1.3 -1 -0.7 -0.5 -0.5 -0.8 -1.3 -2 -2 -2 -2 -2 -2 -2 -2 -2 -2 -2 -2 -2 -2
69 72.3 67.5 64 68.4 67 58.7 55.2 53.2 52.2 50.9 50 49.6 49.6 49.8 53.1 55.7 54.9 54.9 50.7 36.1 27.5 24.7 23.8 24.3 23.8 23.4 22.9 22.8 22.4 16.4 13.2 16.2 26.3 33.2 32.7 32.3 31.7 30.8 30.1 29.5 28.7 27.3 26.7 27.1 26.6 25.8 25.7 25.6 25 24.8 24.5 24.7 24 23.4 22.8 22.9 21.7 20.4 20.2 20.8 15 9 8.3 7.6 6.9 6.2 5.4 1.7 0.4 -0.2 -0.3 -0.3 -0.5 -0.2 0.1 0.2 0.2 -0.3 -0.7 -1.1 -1.5 -2 -2 -2 -2 -2 -2 -2 -2 -2 -2 -2 -2
71.6 78.1 75.7 71.9 73.8 72.8 65.5 60.3 59.3 54.4 52.8 52 52.4 53.4 53.2 55.2 57.9 57.9 58.3 46.6 31.8 29.4 28.9 28.4 25.6 25.7 24.5 23.8 23.8 23.3 22.5 22.1 18.5 16.4 16.2 28.3 33.5 33.2 32.2 31.4 30.6 29 28.1 27.2 26.7 26.6 26.3 25.8 25.5 24.6 24.7 24.9 25.8 26.1 25 24.3 24 23.3 22.4 21.8 21.3 21.3 19 9.3 8.7 8 7.2 6.3 3.8 -2 1.9 1.2 0.9 0.6 0.5 0.8 0.9 0.7 0.3 0 -0.3 -0.8 -1.8 -2 -2 -2 -2 -2 -2 -2 -2 -2 -2 -2
73.7 80.8 81.3 78 75.9 73.8 68 65.1 64.8 61.9 56.5 54.5 54 55.7 57.4 61.1 61.6 59.8 57.7 41.4 32.6 30.6 29.8 27.9 29.8 29.5 26.6 25.6 24.8 24.4 23.1 22.6 22.3 21.8 18.1 15 12.9 28.8 33.3 32.9 30.6 29 28.3 27.6 26.9 26.5 26.3 26 25.5 24.7 24.6 24.7 25.1 26 25.7 24.6 24.8 25.1 24.7 23.2 22 21.4 21.1 21 13.5 9.2 8.5 6.6 -2 4.9 5.4 5.8 2 1.7 1.5 1.5 1.6 1.3 1 0.9 0.5 -0.5 -1.6 -2 -2 -2 -2 -2 -2 -2 -2 -2 -2 -2
76.5 81.1 83.3 81.9 78.6 76.4 73 70.5 67.4 64.1 61.7 58.6 56.4 57.7 59.2 66.2 64.1 59 51.3 34.3 32.2 27.4 30.5 29.7 33.1 30.3 28.5 27.6 26.9 26 24.1 23.8 23 22.3 24.1 20.5 10.2 10.2 16.3 28.3 30.8 29 28.9 28.3 27.5 27.4 26.8 26.7 26 25.3 25.1 25.5 25.2 25.9 25.5 24.6 24.6 25.5 25.6 25.1 24.8 24.3 23.3 22.3 22 18.9 10.7 9.1 -2 6 5.5 5.3 6.1 6.1 4.2 2.3 2.2 2 1.9 1.7 0.7 -0.3 -1.3 -2 -2 -2 -2 -2 -2 -2 -2 -2 -2 -2
