Game/Highland_Data/StreamingAssets/GeoData/Data/nt/NT80.asc
ncols 200
nrows 200
xllcorner 380000
yllcorner 600000
cellsize 50
[rows 70 to 104 of 200, columns 78 to 155 of 200]
323.1 323.6 323.9 327.3 325 320.4 315.1 311.4 307.1 300.5 296.8 295.5 290 289.5 297.5 302.3 301.2 297.4 293 289.9 290.8 292.5 295.7 292.7 289.1 268.2 253.8 259.3 267.9 277.8 285.9 288 287.1 287.6 282.5 279.4 275.7 270.1 258.1 243.2 243.5 258.3 284.7 293.2 298.6 299.9 299 296 293.6 291.7 287.7 284.8 280.9 276 270.7 264.4 258.7 251.7 245 240 234.2 234.5 246.1 254.9 263 269.3 272 273 266.4 265.2 261.7 254 251.5 247.6 259.7 253.2 255.8 258.5
317 319.8 322.3 326.2 324.5 320.2 316.6 311.6 306.8 302.1 300.5 298.1 297.5 293.1 286.5 298 299.4 296.2 293.6 290.8 286.1 290.3 289.9 282.5 266.6 254.4 266.2 276.6 286.7 296.3 297.9 294.6 291.2 290.1 285.2 283.5 282.9 280 271.2 255.9 241.5 243.9 265.3 277.3 289.3 291.3 292 291 285.7 285 281.9 278.8 273.4 267.5 261.5 256.1 250.5 245 239.7 234.2 230.2 231.3 240.4 244.7 246.1 246.3 249.2 255.3 253.4 250.7 243.1 236.5 237.8 234.2 238.5 234.9 235.2 237.8
309.3 313.9 317 321 321.7 319.6 315.5 310.6 304.9 301.6 300 297.3 295.2 295.2 285.2 291.9 293.4 293.1 293.7 290.4 283 285.4 284.9 270.1 256 270.4 281.4 292 300.4 303.8 302.8 298.2 295.3 292.5 287.7 285.9 284.8 283.5 277.9 272.9 249.9 241.2 241.8 256.5 273.3 270.8 268.6 268.3 264.1 267.2 268.9 265.3 263.7 259.5 252.6 246.3 241.3 234.4 229 228.6 225.2 224.9 230.2 232 231.7 232.5 235.5 237.8 239.3 231.8 218.3 217.8 215.9 213.6 213.6 212.9 212.9 219
295.9 305 312.3 315.3 316.9 316.5 313.6 309 303.9 301.1 299.4 296.3 294.5 291.7 289.3 280.9 290.4 289.2 287.4 278.4 265.3 263.9 266.6 258.7 267.3 282.6 293.5 298.3 304.8 304.6 303.8 299.4 296.1 292.7 290.2 288 285.1 279.9 277.1 274 265.8 249.9 240.2 238.1 249.1 251.2 248.8 241 239.2 242.6 248.9 241.7 239.9 237.9 236.8 230.9 229.2 227.4 226.8 225.3 224.1 223.7 223.3 222 220.7 220.3 218.1 218.4 216.7 216.4 215.8 214.7 222.5 225.1 221.1 218.4 216.4 210.7
286 287.2 296.9 310 311.7 312.5 310.8 308.1 303.5 300.8 299.5 296.6 294.2 290.8 280.1 285.4 284.1 287.6 285 263.4 263.6 261.7 259.4 264.2 278.1 289.4 296.6 300.4 302 304.8 304.9 299.9 297.3 293.9 290.5 287.5 284.8 283 280.1 276.8 274.7 267.9 255.7 240.3 237.8 238.3 237.2 235.9 235.8 234.8 232.7 232.4 231.3 230.8 229.9 229.9 228.7 227.6 225.5 224.5 223.2 222.4 221.5 221.8 221.3 226.7 233.8 229.4 229.1 233.8 232.3 238.5 241.6 242.3 238.7 231 225.8 223.4
294.9 287.6 286 297.7 305.3 307.3 308.2 307.2 303.7 299.2 296.6 293.9 291.6 288.6 277.7 285.4 279.3 278.7 279.4 264.4 269.2 267.7 271 275.3 283.5 288.9 293.9 298 301.3 304.8 303.2 299.3 297.3 293.1 290.3 288.6 285.5 283.8 281.8 278.8 275.9 271.1 267 262.8 255.2 249.1 241.2 238.6 238.8 236 236.6 235.2 234.2 232.9 229.1 228.6 228 226.1 226.3 224.5 226.8 227.6 227.7 228.3 231.5 232.8 236.2 237.5 240.3 241.2 243.9 244.3 251.4 251 247.6 240.4 234 230.8
299.1 295.3 285.2 282.3 290.1 301.6 304 304.7 304 301.2 296.9 293.8 291.3 288.4 273.4 274 268.5 267.2 268.4 263.9 278.7 276.9 276.8 282.8 287.2 289.6 295.4 299.3 303.3 305.3 303.4 299.1 296.3 293.9 291 287.4 285.1 282.4 280.3 278.6 277.1 271.9 268.1 265.7 264.7 260 255.2 253.6 252.8 252.7 252.6 252.3 250 247.1 244.7 241.2 228.1 231.4 236.3 234.7 235.1 235.6 236.9 236.7 237.7 237.7 237.9 238 239.4 242.5 243.7 246 249.8 249.4 246.6 242.6 238.8 234.3
304 299.4 295.1 289.3 281.9 283.2 296.9 296.3 298.8 298.6 297.8 294.8 291.6 288.5 274.7 268.1 267.4 269 275 278.1 280.9 280.8 280.7 287.7 288.2 291.5 295.8 301.5 304.9 304.8 302.2 299.6 296.6 293.9 290.8 287.4 283.5 281.2 279.5 278.3 275.7 273.1 269.9 267.8 265.8 262.3 259.6 256.1 252.7 251.2 249.8 248.9 247.5 245.8 244 240.2 237.4 242.2 243.4 243.3 244.7 245.5 244.1 245.2 245.3 243.9 243.6 242.3 242.4 242.9 244.7 248.7 247.9 247.4 245.7 242.3 240.3 236.4
308.3 305.1 300.5 297.3 289.9 280.4 279.5 277.8 279.2 290.1 286.4 284.3 290.1 272.9 269.7 270 273.1 278.6 282.3 282.8 282.4 283 282.6 287.7 290.2 293.3 296.3 301.5 303.5 302.5 300.8 299.3 297.7 295.6 292.3 287.7 283.4 280.9 279.2 277.3 274.3 271.7 269.1 266.6 263.3 261.2 259.8 257.1 255.4 251.9 250.1 247.9 245.9 244.5 242.8 237.1 246.2 252.5 254.3 255.4 255.7 253.6 251.5 252.2 250.9 250 249.2 247.7 246.2 245.3 246.3 248.8 248.4 248.3 247.2 245.4 243.5 242.1
311.8 308.8 305.9 302.9 300 296.4 282.9 283.3 280.8 275.1 275.2 273.9 285 272.3 271.4 284.1 285.5 285 286.2 286.2 285.7 285.5 284.7 288.6 291.2 295 298 301.3 302.7 302 299.5 296.2 296.6 292.9 289.5 286.3 282.7 280.5 277.1 274 271.6 269.4 267.8 264.9 261.8 260.8 257.5 254.9 252.9 252.5 249.5 247.9 246.4 243.2 241.8 243.5 249.5 256 260.7 263.1 262 260.2 259.7 258.9 257.1 255.3 254 252.9 250.8 249.1 248.6 249.2 250.8 253.4 252.2 250.5 249.2 247.1
312.7 309.6 307.4 304 302.2 298.8 296.2 292.9 289.4 285 278.3 273.9 271.6 272 283.8 291.8 291.1 289.7 289.1 289.1 289.5 289.8 285.2 291.7 294.5 297.7 301.1 302.5 303.4 301.8 299.4 296.4 294.9 291.9 288.7 285.1 281.6 278.1 275.7 274.3 273.2 272.3 270.3 267.4 263.9 262.1 259.3 256.9 254.3 252.3 249.5 247.4 246.3 246.8 247.8 246.9 251.2 260 266 269.3 269.7 269.3 269.5 268.6 265.8 264 261.6 259.7 256.8 255.5 254.4 254.7 254.2 256.3 256.6 255.8 254.5 253.4
313.6 310.4 308.3 305.3 302.5 299.5 296.7 293.4 290.8 287.7 283.3 274.7 272.6 279 292 296.1 295 295 295.6 294 292.7 292.8 290.2 294.2 298.2 303.7 307.2 307.5 307.5 305.1 301.2 298.8 296.8 293.1 289.2 285.6 282 279.4 278.9 280 279.2 277.8 274.6 270.2 268.5 264.8 261.6 259 256.9 254.3 252.9 251.4 250.7 251.3 251.9 251.7 251.1 258.7 266.8 273.2 276.4 275.4 278.1 275.3 274.2 272.6 270.7 269.2 268.8 268.1 266 263.1 260.9 260 260.9 261.5 261 260.7
311.5 309.9 308.2 305.3 303 300.1 297.4 295.1 291.8 288.3 284.4 273.6 290.3 293.4 296.1 300.1 303.6 303.4 301.3 300.1 299.1 298.6 295.6 298.4 304.2 309.8 313.3 312.8 311.3 308 305.5 302.5 298.1 295.2 291.5 287.7 285.4 283.9 284 284.7 283.3 282.3 278.8 276.5 272.2 268.4 266.5 266.1 262.7 260.8 259.3 257.4 256.9 257.1 256.6 256.6 258.3 260.2 268.2 274.5 279.4 280 283.6 283.9 284.3 284.4 285.3 283 279.6 280.4 277.2 274.4 272.1 270.3 268.5 268.3 268.6 268.1
307.9 306.4 304.8 304.1 302.2 300.4 298.2 294.8 291.6 286.2 287.9 274.9 292.8 298 302.6 308.4 309.9 310 308.5 307.2 306 304.6 300.3 303.9 310.5 316.1 317.3 316.8 315.3 313.7 311.9 307.9 302.6 301.2 297.4 294.4 292.5 290.5 290.9 290.9 288.4 287.1 285.8 283.2 280.1 277.2 275.1 273.7 271.3 269.7 268 265.6 267.2 265.1 265.4 266.1 266.7 269 273.3 276.4 282.2 285 286.9 288.3 288.6 289.3 290.9 291.6 291.2 292.8 291.4 287.8 283.6 281.1 279.6 279.8 277.6 277.3
306.7 304.9 303.2 302.1 300.8 299 296.6 294.1 288.1 277.3 275.6 290.4 298.9 305.9 310.6 314.2 316.1 315.9 315 312.9 311.6 310 306.5 309.5 315 319.7 321 320.7 319.3 317.6 314.9 312.1 310.2 307.5 303 301.8 299.7 299.5 300 297.9 297.2 295.7 293.6 291.6 288.5 286.2 283.8 281.7 280.5 279.5 277 275.6 274.9 273.7 274.7 275.7 276.5 279.4 281.8 282.3 282.9 286.6 288.9 290.3 291.5 292.1 294.6 296.9 297.2 301.7 298.8 298.3 293.8 295.1 294.3 293.6 291 288.9
306.1 304.2 302.7 301.2 299.5 296.4 291 287.1 282.2 285.1 290.4 298.4 306.5 311.5 315.1 318.8 320.1 319.8 318.9 316.7 315.6 313.8 310.3 312 318.1 321.7 323.8 323.9 322.1 319.5 316.9 316 315.7 312.5 310.2 309 308.5 308.9 309.1 308.4 306.7 304.8 302.5 300.4 297.7 295.5 293.2 290.8 289.5 287.4 286.4 284.4 282.2 281 281.9 283.5 283.7 286 289.6 290.7 290.9 290.8 292 294.6 296.1 297.3 300.6 300.9 302.3 306.3 304.3 305.6 305.3 305.4 306 306.7 307.5 302.9
305.4 303.6 301.5 299 297.3 295.4 287.5 282.5 287.2 292.5 298.1 306.1 312 316.2 320 323.3 324.3 323.9 323 321.4 318.8 315.5 311.4 315.8 321.1 323.8 326.2 326.3 324.5 322.6 320.7 320.2 318.5 316.8 315.3 315.1 316 316.9 317.4 316.4 315.1 313.7 311.5 309 306.3 303.5 301.1 299.6 299.2 298 294.8 291.4 289.4 289 288.8 289.6 291.2 295.9 297.2 296 295.3 294.6 296 297.3 302.4 303.7 305.7 306.4 307.5 309 309 311.5 310.9 312.2 314.5 317.7 319.8 318.7
303.9 301.7 299.7 297.5 294.5 287.1 283.8 290.1 294.9 300.3 306.1 311.8 316.8 320.6 324.3 326.4 327.9 327.1 325.1 322.8 320.5 316.9 312.2 318.2 323.2 326.6 329 329.1 326.1 325 325.2 325.3 323.1 320.6 321.4 321.2 321.5 322.6 324.1 323.2 322.4 321.2 319.2 316.8 314.3 311.6 309.8 310.6 310.4 306.8 302.4 300.2 296.7 296.2 296.1 295.9 302.3 303.1 302.8 301.5 299.8 299.3 300.5 305.4 309 311.4 311.4 310.8 311.3 312.1 312.7 313.7 314.5 316.5 320.7 323.7 325.2 323.8
302 300.2 298.4 295.5 291.3 284.3 293.3 295.3 299.4 306.2 312.2 317.1 320.7 324.8 328.2 330.6 330.4 329.8 327.6 323.9 321.7 318.8 314.2 317.5 323.5 327.1 329.6 330.2 329.5 330.3 330 329.3 328.3 328.1 326.8 327 327.9 329.3 329.4 329.3 328.5 327.8 326.7 324.2 321.9 320.1 323.5 323 321.1 317.9 314.6 310.6 308.7 304.7 301.4 300.9 305.6 308.3 307.6 306.2 304.5 304 305 308.7 312.7 315.8 319.2 319.6 318 317.2 316.8 317.3 317.2 319.6 325.6 326.9 326.3 324.3
300.6 298.8 297 294 286.8 292.8 296.2 300 303.9 311 316.8 320.8 324.7 329 331.5 333.2 332.6 332.1 331.4 328.9 325.6 320.7 319.5 322.4 323.4 327 329.2 330.8 331.6 332.7 332.6 333.2 332.3 332 333.6 333.1 334.7 336.9 338.2 338.9 341 340.9 339 337.9 335.8 336.2 339 338.8 335.9 332.4 327.9 325.2 317.2 312.7 309.6 310.7 309.4 309.4 308.8 308.2 306.8 306.4 307.3 309.8 314.4 318.2 320.9 322.6 322.8 322.4 322.3 322 320.7 321.4 324.6 326.9 326.8 323.6
300 298.5 296.8 287.9 294.1 297.6 301.3 305.4 310.2 315.1 320.6 324.7 328.3 330.4 332.8 333.7 333.1 332.4 330.9 329.9 328.2 326.1 324.9 325.5 325.5 326.6 329.4 332.1 333.5 334.8 335.9 337.5 337.6 338.8 340.7 343.8 347.3 351.9 355.3 357.6 359 358.7 354.5 350.9 349.7 351.1 350 352.1 347.6 344.5 339.5 332.3 323.8 320.9 318.9 316.4 313.2 310.5 310.1 309.2 308.5 309 309.6 311.6 314.9 317.5 320 322.3 323 322.6 322.6 322.8 322.7 322.2 323 324.8 323.7 320.8
298.8 297.5 292.4 294.8 300.4 305.3 310.9 314 316.3 319.7 324.2 326.2 329.1 331 332.4 334.4 334.8 335 333.3 332.4 333 332.2 332.8 331.4 331.8 332.4 334.7 334.7 336.4 338.3 340.8 342.3 343.6 345.6 348.7 356.3 367.3 371.7 371.9 373.1 371.6 369.7 366.9 364.6 363.3 362.8 363.5 360.4 354.5 351 345.7 341.6 335.3 331.2 326.8 320.9 315.9 312.4 310.8 310.7 310.6 310.6 310.6 312 314.6 316.9 319.1 321 321.7 321.8 321.5 321 320.3 320.5 322.1 322.8 322.7 320
296.4 293.5 294.8 302.9 309.3 313.9 317.5 319.5 322.4 324.8 327.5 329.8 331.6 334.3 336.1 337.5 338.1 338.9 337.6 337.1 336.7 334.7 335 337 337.2 336.8 336.8 336.9 338 339.5 341.7 344.1 348.4 354.8 361.3 364.9 371.3 375 376.6 376.7 376.2 374.5 372.6 373.1 373.2 375 369.9 363.4 357.3 352.5 347.7 343 339 334.5 330.2 325 320.3 316 311.6 310.9 310.7 310.6 310.4 310.7 311.5 314.3 316.6 318.2 319.4 319.7 319.5 319.7 318.7 318.8 321.1 324.1 325.3 324.4
293.9 298.2 305.6 310.7 314.9 319.4 322.8 324.9 326.9 328.8 331.6 336.9 336.9 339.1 339.2 338.9 338.7 338.9 339 338.9 338 337.2 336.7 337.7 338.8 338.9 338.6 338.7 339.5 340.6 342.4 345.3 355.3 365.3 367.7 369.7 371.1 373.7 375.9 376.9 376.3 377.7 378.9 377.4 378.3 376 370.9 366 359.8 352.5 346.9 342.9 338.7 334 330.2 326.3 322.1 317.5 313.4 311.1 310.7 310.2 309.7 309.5 309.3 311.1 313.3 315.1 316.5 317.4 317.2 317.8 317.8 318 321.2 325.2 327.3 328.5
304.4 306.8 312.6 315.4 320.1 324.9 327.7 329.3 331.2 336 337.9 338.3 338.5 338.9 339.5 340.1 339.6 339.5 339.4 340.1 339 338.3 338.6 339.2 339.7 340 340.1 340.2 340.6 341.6 342.7 345.9 356.5 366.6 370.5 371.1 372.2 373.1 373.5 373.7 373.7 373.7 374.9 376.9 378.5 376.4 372.3 366 359.8 353.6 347.5 343.5 339.2 333.2 329.3 324.3 320.5 316.7 313.3 311 310.2 309.5 308.8 307.9 307.7 308 309.8 311.6 313.4 314.5 314.9 316 317 318.7 322.3 326.3 329.5 330
312.5 314 317.6 321.8 323.5 326.8 330.2 331.6 336.1 337.1 338.5 339 339.1 339.7 340.1 341.1 341.2 340.8 340.1 341.3 340.1 339.7 339.7 340.2 340.7 341.1 341.4 341.5 342.5 342.8 343.1 348.5 356.5 362.5 366.7 369.1 370.6 371.2 371 370.5 370.1 370.8 372.6 373.2 373.8 373.3 370.3 365 359.6 354.7 349.5 344.1 339.4 333.2 328.1 322.9 319.1 315.7 312.3 311 310.1 309.4 308.7 307.6 306.7 307.1 307.3 308.2 310.1 311.3 314 316.1 318.8 323.1 325.7 327.4 328.4 324.6
320.7 321.7 323.3 324.5 327 329.4 332.1 336 337.2 337.9 339.1 339.6 339.8 341.4 344 345.6 346.7 347.6 348.2 347.5 346.2 341.6 340.6 341.3 341.7 342.1 342.5 342.9 343.4 343.4 343.6 347.5 355 360.5 362.3 364.4 366.1 366.8 367.9 367.8 367.9 368.8 370.5 372.7 371.6 370.2 368.8 364.9 360.6 356.4 350.4 343 336.9 332.5 327.3 321.9 317.6 314.7 312.3 311.1 310.1 309.2 308.4 307.3 306.4 305.8 306.5 307.1 307.9 310.6 313.5 317.8 322.5 325.1 324.9 324 319.3 314.4
325.1 326.1 326 328.9 331.7 334.3 334.7 335.9 337.6 338.4 339.3 341.5 344.1 347 349.5 350.3 353.2 359.1 359.7 359.1 358 353 345.2 342.2 342.5 342.8 343.1 343.3 343.5 343.8 345.1 347 352.4 357.4 359.6 361.4 362.7 362.4 363.6 363.2 363 367 367.5 369.1 371.1 371.4 370.5 366.6 362.2 356.3 350.4 343.3 335.7 329.8 324.6 320.2 316.5 314 312.8 311.7 310.5 309.1 308.3 306.8 305 305.2 304.3 306.6 308 312.3 315.2 318.4 321.1 321.2 318 311 307.2 303.4
329.2 330.5 330.7 332.9 334.7 335.9 336.3 336.8 339 340.9 343.7 347.6 353.2 355.7 356.8 361.2 362.8 367.8 368.2 366.4 363 358.6 351.4 346.7 344.5 343.4 343.6 343.9 344.1 345.1 346.1 348.1 348.8 352.9 355.7 356.5 357.9 358.6 358.6 358.5 357.4 363.2 363.8 367.2 374.1 377.4 375.9 370.2 363.6 356.7 348.7 342.6 334.1 329 323.7 319.4 316.1 314.3 313.3 312.2 311.2 310.1 308.9 307.9 306.1 303.6 305.5 308.6 311.9 314.4 316.4 317.3 313.2 310.7 308.1 308 304.9 300.6
333.6 335 335.2 334.5 336.2 337.3 337.9 340.3 343.2 345.5 350.9 355.8 361.1 362.5 364 369.4 371.1 371.7 371.3 368.7 366.2 361.7 355.1 349 346.2 344.5 344.3 344.5 344.9 347 348.8 348.3 348.5 350 350.7 351.4 352.1 353.3 353.8 353.2 352.2 351.4 355.1 362.6 366.6 365.7 364.9 361.3 358.3 355.2 347.9 341.5 334.8 328.6 323.1 319.2 315.9 314.7 313.5 312.4 311.3 310.3 309.1 307.9 306 300.9 305.4 309 311.6 308.3 304.2 304.3 304.7 305.4 303.5 301.9 300.1 295.6
336.2 337.6 337.7 337.1 337.6 338.5 340.5 345.2 349.6 354.3 358 364.2 366.7 367.4 369.5 375.5 374 371.9 369 366.7 363.7 360.7 357.1 353.1 348.7 345.3 345.2 344.5 343.5 346.4 349 347 347 347.7 347.9 347.6 347.3 347.8 349 349.1 348.7 349.6 348.8 351.3 357.9 362.3 362.4 359.7 353.9 349.9 347 339.8 333.4 327.9 323.1 319.6 316.8 314.3 313.3 312.3 311.3 310.4 309.6 309 306.8 302 300.7 299.4 297.9 297.4 297.2 298.3 299.7 300.1 299.4 296.8 294.1 289.6
340.5 343.1 345.4 345.5 343.2 341 343.1 348.3 355.3 364 366.1 370.2 372 373.3 376 375.1 374 370.7 367.8 365.2 362.9 360 357.3 354.3 350.2 347.7 345.3 344.4 342.7 342 342.9 342.3 343.5 344.4 345.4 345.5 345.8 345.3 344.6 343.8 344.4 345 346 348.4 352.2 353.7 354.8 354.1 350.7 348.8 349.8 339.8 332.6 327.9 323.1 320.2 317.4 315.1 313.8 313.1 313.2 312.6 311.8 309.5 307.3 302.7 290.2 291.8 294 291.9 290.9 292.2 294.4 294.9 294.8 289.8 288.2 285.4
346.1 349.5 351.8 352.9 351.3 350 352.2 354.6 363 370 374.1 379.3 381 376.9 375.1 374.6 372 369.8 366.9 364 362.5 360.1 357.8 355.2 353.4 351.2 346.4 342.6 340.4 338.9 336.8 336.7 339.3 341 341.9 342.9 343.7 344 343.2 342.8 342.4 342.4 343 347.2 349.9 350.3 349.2 347.2 344.2 343.1 340.7 335 330.1 326.3 323.5 321.1 318.2 316.3 315.2 314.4 314.3 313.2 310.8 309 306.6 302.9 297 284.9 288.2 287.4 286 285.2 285.1 284.8 282.2 280.6 280.2 278.3
350.8 354.6 359.1 359.5 359.3 360.6 360.1 360.3 367.2 374.5 379.5 382.5 380.9 377 375.6 373.9 370.7 367.6 365.1 362.9 362.3 358.6 356.3 353.7 350.4 346.9 343.4 340.7 338.4 335.7 334.3 333.1 335.9 337.5 337.8 339 340.1 341.1 341.8 341.1 341 340.1 340.4 342.3 344.1 344 343.1 340.8 338.4 337.4 335 330 327.5 326.5 324.9 323.2 320.2 317.8 315.8 315.1 313.1 311 309 306.9 304.3 300.8 296.8 291 280.1 283.2 281.3 279.3 276.1 274.8 274.8 275.7 275.4 275.4
357 359.7 360.5 362.6 363.6 368.5 366.4 366.1 369.9 375.3 379.4 382.9 383.4 378.2 377 374.7 373.1 372.1 370.1 367.8 366.6 364.6 362.6 360.9 358.5 354.4 348.9 343.1 339.2 335.8 333.3 332.2 331.2 333.8 333.9 335.1 336 336.6 338.6 339.4 339.3 337.6 337.1 335.3 334.8 334.7 334.2 333.6 332.1 331.2 329.7 329 327.4 326.8 325.6 324.8 323.1 320.3 317.6 316.8 313.4 311.4 308.6 303.3 299 295 291.9 288.8 282.3 276.2 276.6 274.2 273.2 270.9 270.6 270.1 270.8 271.2
