Game/Highland_Data/StreamingAssets/GeoData/Data/nt/NT83.asc
ncols 200
nrows 200
xllcorner 380000
yllcorner 630000
cellsize 50
[rows 108 to 143 of 200, columns 80 to 159 of 200]
136.7 130.3 126.6 121.1 115 111.6 108.1 104.4 100.9 97.8 94.4 91.3 89.5 88.9 88.4 87.5 87.4 88.2 88.8 88.3 88.4 88.8 89 88.6 88.3 87.5 86.9 86.6 85.2 83.3 81.1 81.1 83.9 84.6 85.4 86.5 87.7 91.2 95 100.8 104.6 110.1 115.3 120.4 134.8 155.4 165.4 170.7 174.7 176.8 177.1 176.1 174.4 173 174.5 180.8 191.3 199.9 206 211.7 217.2 222.2 226.8 232.6 236.4 237 235.9 233 230 223.9 218.4 212.3 210.7 211.5 212.1 211.9 210.8 208.9 206.9 203
123.1 121 118 114.7 111.5 108.3 105.3 102 98.4 94.9 91.6 89.6 88.2 88.3 88.1 87.3 86.8 87.7 87.6 87.6 87.1 88.2 88.4 87.4 86.2 86.2 86 86.4 85.6 84.7 82.9 84.1 87.9 86.7 85.3 86.4 90 95.1 100.9 107.3 111.5 116.5 122.3 130.9 144.8 158.1 165.3 171.9 177 178.6 177.8 175.9 173.6 172.5 173.8 180.5 192.4 201.3 207 211.6 216.2 219 222.9 227.5 230.7 231.1 230.4 227.3 222.4 218.3 213 206.9 205.2 207 209.1 208.6 207.1 204.6 201.4 197.8
117.8 115.8 113.4 110.8 107.9 104.9 101.8 98.7 95.2 91.8 89 87.3 87.4 87.6 87.4 86.9 86.9 87.3 87.8 87 87.4 88 87.7 85 83.3 84.1 85.5 86.2 86.9 86 85.3 85.9 86.8 86.4 85.2 88 93 98.3 105.9 111.7 117.3 122.5 129.6 139.2 149.1 156.8 162.5 170.4 178.1 178.2 177.1 175.1 172.7 170.9 171.4 177.4 190.3 199.3 205.4 211 213.9 215.4 217.4 222.3 225.8 227.1 224.8 220.9 216.9 211.7 204 200.5 200.8 203 204.1 204.3 201.7 199.5 195.8 191.5
112.7 111.7 110.1 107.7 104.7 101.7 98.4 95.2 92.1 89.6 87.4 85.5 85.6 86.9 86.7 86.6 86.5 86.8 87 86.7 86.5 87 85 82.8 82.5 84.2 86 86.7 86.8 85.3 86.3 85.8 84.9 85.2 85.9 89.7 94.8 101.6 108.7 115.9 122.8 129.8 137.7 145.1 151.5 156.3 160.8 168.2 176.8 177.4 175.3 172.9 169.6 166.6 166.4 171.1 184.6 195.2 202.3 206.9 209.6 210.3 214.8 220.1 221 222.7 223.9 218.7 208.5 200.2 194.5 193.5 195.8 198 198.8 197.9 195 192.4 188.8 184.5
108.6 107.9 107 105.5 102.6 98.7 95.6 92.7 90.4 88.6 86.4 85.6 85.8 86.7 86.6 86.5 86.3 86.4 86.8 86.8 86.1 84.2 83.3 83.6 82.6 86.4 87 86.8 85.5 85.9 86.2 83.8 84.2 85.4 86.3 91.2 96.8 104.3 112 121.6 128.3 136 142.7 148.4 152.9 156.2 160.3 170.6 176.4 176.2 171.6 166.9 162.6 159.9 160 164.5 177.4 188.2 193.4 198.1 200.8 202.4 208.2 213.9 220.7 224.9 220.7 209.4 197.6 190.1 188.4 187.7 190.8 191 190.3 189 186.2 183.4 180.6 177.5
105.7 105.3 104.3 102.7 100 96.3 93.4 91.3 89.9 88.4 87.4 86.3 84.9 86.1 86.5 86.4 86.2 86.4 86.8 86 85.1 84.6 82.9 83 84.6 87.3 87.1 86.8 88.2 86.7 85.6 84 84 86.6 87.3 91.6 100.1 108.2 116.6 126.3 133.7 140.8 146.4 151.3 154 156.3 162.5 171.5 176.3 171.4 162.8 158.2 155.2 153.7 155.1 159.7 170.3 179.3 183 186.4 190.1 195.1 201.2 209.6 217.7 216.6 209 199.2 188.7 184.1 181.1 184.2 185.6 184.8 184.8 182.7 180.5 178 175.5 172.5
103.3 102.8 101.5 99.6 96.9 94.5 92.1 90.6 89.6 88.6 87.8 87.1 86.4 86.2 86.9 87.2 86.5 86.7 86.7 86.1 85.5 85 85.1 84.4 86.3 87 87.2 87.4 87.2 86.8 85.5 84.1 85 86.8 88 94.2 102.9 110.5 119.7 129.2 136.9 144.5 149.2 152.6 154.4 159.4 164.3 169.1 168.8 161 154.7 151 149.5 149.5 152.8 157.3 164.5 171.8 175.8 179.5 185 191 195.3 199 202.4 203.6 197.8 190 180.1 176.4 175.5 179.5 180.9 180.6 179.9 178.6 177.4 174.2 171.6 168.3
99.8 99.8 98.3 96.8 94.1 92.8 91.2 90.7 90 89 88.2 88 87.8 87.9 87.8 87.5 86.8 87.1 86.6 86.4 86.3 86.6 86.9 86.2 87 86.9 86.8 87 87.2 87.5 85.8 85.5 85.6 86.4 88.5 95.1 103.6 113.3 123.2 131.6 139.9 146.7 150.8 153.6 157.5 163.5 166 164 158.9 153.5 148.3 144.9 145.6 149.6 153.2 158.8 164 170.6 175 179.5 183.6 188.1 190.7 193.1 196.7 193.6 187.3 179.2 170.5 167.9 169.4 175 177.6 176.9 176 174.1 172.6 171.2 167.5 165.2
97.4 97 95.8 94.2 93 92.2 91.7 91.1 90.4 90.1 90.1 90.2 90 89.7 89.8 89 88 86.7 86.4 87.4 87.7 88.2 87.9 88.2 87.1 86.9 86.7 86.6 84.9 85.3 85.8 85.3 85.2 86 88.8 95.3 106 116.2 125.3 133.9 143.1 149.2 152.2 156.8 163.4 163.8 163.1 159.9 153.9 147.6 142.7 140.5 147.4 151.9 156.6 162.3 165.6 172.4 176 178.4 180.5 182.6 184.4 192 192.5 185.6 175.4 170.5 163.5 162.6 169.8 175.3 176.2 175.3 173.9 172.1 169.7 167 164.5 162.2
96.4 95 94.7 93.6 93 92.6 92.1 91.6 92 92.5 92.8 92.9 93.1 92.6 91.8 90.4 89.1 88.6 89.3 89.6 90.3 89.8 88.5 88.1 87.4 85.6 85.7 86.2 86.5 83.7 85.2 85.4 85.5 86.2 89.5 97 107.2 118.3 127.6 137.9 146.6 151.6 153.2 159 162.2 163.6 156.9 155.4 149.9 143.8 139 137.8 146 153.8 158.2 160.6 167.8 171.9 171.4 171.5 174.3 176.1 180.8 184.6 181.3 173.7 167.5 163.8 158.9 165.1 171.1 172.8 174.1 173.9 172.8 170.7 169.3 167.7 165.9 162.9
95 94.2 93.6 93.1 93.1 92.8 92.8 93.3 93.9 94.7 95.7 96.2 95.8 94.6 93.3 92.4 92 93 93.5 93.6 92.3 89.3 88.4 87.9 87.7 85.5 85.8 86.6 86.5 83.2 84.4 85.4 85.6 86.8 91.1 99.2 107.7 118.6 128.7 140.2 149.6 152.2 154.5 161 161.2 162 155.2 148.9 145.4 142.3 138.7 134.8 141.2 148.4 155 167.2 166.7 163.1 160.8 161.3 164.3 167.2 171 172.3 170.3 162.5 157.6 156.7 155.7 163.4 167.3 169.4 170.1 170.9 170.1 170.5 171.1 170.6 168 162.9
93.8 93.4 92.9 92.6 92.6 93 93.8 95.6 97 98 98 97.6 97 95.7 94.7 96.1 96.2 97.3 96.1 93.8 91.1 88.6 88.1 87.6 87.9 86.2 85.7 86.3 86.1 83.4 84.8 85.5 85.6 86.8 91.7 101.1 110.8 119.4 132.1 142.9 149 154 161.1 166.7 165.3 160.4 154 147.9 143.3 141.5 138.3 131.9 135 141 148.4 151.7 152.1 150.5 148.7 148.3 148.8 155.2 159.6 159.9 157.1 150.5 148.9 146.4 153.8 159.3 163.7 165.2 165.9 167.3 169.2 172.1 173.2 172.2 168.4 163.7
93.2 93.1 92.9 92.2 92.1 92.9 94.9 97 98.3 99 98.4 98.1 97.4 96.8 97 99.5 100.4 98.6 94.6 91 89 87.5 87.4 87.3 87.5 85.8 84.5 85.8 86 84.8 83.4 85.4 85.4 86.3 92.1 102.4 112.7 123.7 141.2 146.8 152.9 161.4 168.3 170.1 166.3 160.1 152.8 146 142.4 140.3 137.3 132.6 123.6 130.9 134.2 136.8 139 137.3 135.6 134.7 134.9 139.3 142.9 144.5 142.1 140.9 140.3 144.3 150.4 154.7 158.8 160.2 161.2 164.1 168 171.6 172.4 169.4 166.6 164.1
92.5 92.4 92.4 92 91.7 93.9 96.3 97.8 98.3 98.4 98.1 97.8 97.6 97.3 98.9 101.7 99.4 94.8 90.5 88.9 88 85.8 87.1 87 86.9 85.6 83.3 84.1 85.4 84.9 83.4 85.3 85.8 86.1 92.2 103.5 116.9 128.7 144.2 151 157.7 166.5 170.1 168.9 165.6 159.8 152.8 146.6 139.4 136.2 134.4 132 127.3 120.2 125.4 126.9 127 125.8 124.6 123.7 124 126 127.5 128.5 129.9 131.1 130.5 139.7 145.9 149.2 149.3 150.3 151.9 157.7 164.3 170.1 171.8 170.1 167.8 164.6
92.3 91.7 91.6 91.5 91.2 94.3 95.3 96 96.8 96.6 96.6 97.1 97.4 97.3 99.1 100.1 93.9 89.7 88.3 87.8 86.6 83.9 85.4 86.1 85.5 84.7 83.2 81.7 83.3 84.1 83.2 85.2 86 86.5 93 106.3 120.4 134.6 147 151.3 160.8 165.3 167.6 166.7 163.9 158.6 151.8 146 138.8 130.9 126.9 125.5 122.4 116.4 117.7 118.2 117.3 117 116.3 116.3 116.3 117.2 118.3 119.4 121 117.6 126.9 131.8 136 138.2 139.3 140.6 146.1 155 163.9 170.5 172.6 170.6 166.8 161.3
91.8 91.5 90.8 90.7 90.5 91.7 92.6 93.8 94.5 95.2 95.8 96.8 97.2 96.2 95 90.9 88.6 87.8 87.2 86.9 85.1 83.2 83.5 85.1 84 82.3 81.3 80.2 80.4 83.3 83.5 85 86.8 87.1 93.3 106.8 118.8 127.7 137.9 145.9 153.2 158.6 162.8 161.9 157.9 151.5 144.9 138.5 132 127.4 121.7 118.6 115.2 112.8 109.7 111.6 110 109.1 109.1 109.4 109 109.3 110.3 112 114.7 113.7 120.9 123.3 125.9 127.9 130.9 137.1 146.3 155.8 164.4 169.8 173 168.2 163.4 157.8
90.3 90.1 90.2 89.9 89.8 90.2 91.2 92.4 93.2 94.2 95.4 96.4 96.4 94.7 91.2 88.3 87.2 87.1 86.8 86.4 85 83.9 83.2 83.2 82.7 81.7 81.2 80.3 80.8 83.1 83.7 83.3 84.9 85.3 90.7 103.1 112 118.9 123.1 129.5 138.1 143.9 146.3 148.2 145.7 140.1 133.1 127.7 122.7 118.1 115.4 112.7 109.7 106.7 101.5 104.6 103.9 102.6 101.9 102.6 102.3 101.6 102.5 105.4 109 111.3 113.6 115.7 117.8 120.4 127.6 137.1 147.5 156.6 162.6 165 165.1 162 156.4 149.6
88.9 88.5 88.8 89.2 89.1 89.2 90.2 91.3 92.6 93.9 95.1 95.2 94.4 92.2 89 87.1 86.8 86.9 86.7 85.8 84.7 83.9 83.1 83 83.4 82.3 81.7 80.9 80.2 81.6 81.2 80.2 80.9 84.3 85.7 91.4 98.3 106.7 112.4 116.7 123.1 130.8 132.1 133.4 131.5 127.3 121.8 117.5 113 110.1 108.1 105.7 103.5 101 96.2 97.6 96.4 95.5 94.8 95.6 95.7 94.5 96.4 99.7 95.9 105.1 107.2 108.9 111.1 116.7 124.9 135 145.9 153.7 156.8 158.5 156.8 153.5 147.7 142.2
87.7 86.9 87.3 87.7 88.4 88.9 89.4 90.7 92.4 93.5 93.8 93.1 91.6 89.8 87.3 86 86.2 86.3 86.4 85.6 84.8 84.1 82.5 82 81.8 81.4 80.4 79.3 79.5 79.5 80.7 84 84 82 83.4 83.9 88.1 92.7 99.3 104.6 109.7 113.7 118.5 119.9 116.6 113.6 110.3 106.8 103.7 101.1 99.7 97.8 96.4 94.7 92.3 87.3 89.5 88.4 88.1 89.1 88.9 88 91.3 94 95.2 97.5 100 102 107 113.2 119.9 128.7 137 143.4 146.6 147.8 146 141.8 136.3 133.9
86.7 85.7 84.9 84.8 83.7 84.7 89.2 90.5 91.7 92.1 91.7 90.3 88.9 87.1 85.8 84.4 83.8 83.3 84.1 84.5 83.7 82.9 81.6 77.6 78.2 78.8 77.9 76.7 77.9 77.7 75 76.9 79.3 78.6 78.7 79.4 81.7 85.8 89.7 94.8 98.4 99.5 100.7 101.5 101.8 101.4 99.5 96.6 94.6 92.6 91.5 90.7 89.2 88.5 86.8 83.9 83.9 82.5 82.1 82.5 82.5 82.7 85.9 86 88.9 90 91.2 93.7 100.6 107.9 113.2 118.8 126.4 130.1 133.2 132.8 131.4 129.4 126 124.4
85.9 85 84 84.3 84.5 83 85.8 90.1 90.3 90.2 89.5 87.8 86.2 84.5 83 81.4 80.9 81 81.5 79.7 78.6 75.5 75.2 75.3 74.6 77.7 77.5 77.2 78.8 76.5 74.6 76.1 77.3 75.7 74.8 73.6 75.7 78.1 81.8 85 88 88.8 91.3 92.4 92.2 91.6 90.3 88.4 86.8 85.7 84.6 84.6 82.9 82.1 81.1 79.3 78.7 77.1 76.5 75.9 74.4 77.3 79.2 79.6 81.3 82.5 83.7 86.7 92.7 98.3 102.7 107.9 111.9 116.7 117.7 115.5 115.5 116 115.9 115.2
84.3 84.1 83.7 86.4 86.5 83.9 83.1 86.5 88.3 87.5 86.8 84.8 83.5 82.1 80.3 80.5 81.2 80.2 78.1 75.6 75.5 75.5 75.5 75.6 75.4 75.5 76.3 77.8 77.3 75 74.5 74.6 74.8 74.7 74.2 73.3 72.9 73.6 73.8 75.4 78.5 80.2 80.7 82.6 83.6 83.6 82.7 81.8 81.1 80.3 79.2 78.1 76.8 75.1 74.6 74.7 74.5 71.8 71.3 71.4 70.5 70.5 70.4 73.2 75.8 77.9 78.6 80.1 83 85.6 89.2 93 96 99.1 100.8 100.6 101.4 101.7 103.3 103.2
84.2 82.9 85.1 87.1 87.5 86.2 82.7 82.1 82.9 83.3 82.5 81.2 81 79.9 81 80.7 79.1 76.9 76.1 75.1 75.8 75.3 74.6 75.5 75.4 74.9 75.3 74.7 74.9 74.7 74.5 74.3 74.4 74.4 74.5 73.9 73.1 73 72.8 73.2 72.2 74.8 74.5 74.9 77.7 77.9 78.1 77.4 76 75.3 73.5 72.5 71.7 70.7 71.2 71.1 70.3 71.5 70.9 71.7 70.6 70.4 69.1 70.9 70.7 69.2 69.9 72.9 75.6 75.6 77.2 78.6 81.6 83.7 86.4 88.2 89.2 90.4 90.2 91.4
82.2 84.1 85.5 87.3 87.4 87.1 84 82.2 80.5 81 79.7 79 79.1 78.3 79.6 77.2 76.6 76.4 76.4 76.4 75.8 73.9 75.8 75.6 74.9 75 74.8 75.2 75 74.8 74.6 74.4 74.3 74.2 74 74.4 73.4 73.3 73.1 71.4 72.8 72.9 71.3 72.1 72.3 73.1 73.7 73 71 72 70.7 71.8 71.4 71.4 71.5 71.3 71.1 71 70.7 71.2 70.7 70.7 70.9 68.5 68.2 70.6 70.5 68.2 69.7 69.8 69.7 69.2 70.8 73.5 75.1 77.6 78.4 79.3 80.3 82.1
82.8 83.8 86 87.2 87.2 86.3 84.3 82.9 82.2 83.2 81.6 79.6 80.6 78.8 78.4 76.8 76.6 76.5 76.6 76.3 75.6 75.8 75.9 75.6 75.3 73.2 73 74.6 74.5 74.8 74.7 74.6 74.5 74.4 74.1 73.7 73.4 73.5 73.2 73.5 73.1 72.7 72.6 72.4 72.5 72.5 71 72 71.9 71.7 71.4 71.2 71.2 71.3 71.1 70.9 70.7 70.5 70.6 70.9 70.7 70.6 70.5 70.3 70.3 70.2 70 69.8 70.1 69.7 69.8 69.6 69.4 69.3 70 70.1 72 72.7 74 74.5
83.9 85.5 87.8 87.4 87.1 86 84.1 83.3 82.8 81.6 81.8 81.3 81.7 78.7 76.9 76.7 76.5 76.5 76.5 74.6 75.6 76.2 75.8 75.5 75.6 75.8 77.7 77.4 75.4 73.3 74.8 74.7 74.6 74.5 73.8 73.3 72.1 73 73.8 73.5 73.2 72.8 72.5 72.3 72.3 72.3 72.2 72 71.9 71.7 71.5 71.2 71.1 71 70.8 70.7 70.8 70.8 70.9 70.7 70.5 70.5 70.4 70.3 71 71.5 71.7 69.4 70.3 69.9 69.3 69.2 69.3 69.2 69.1 68.9 68.8 68.6 68.7 68.7
86.4 87.7 88.2 87.9 87.6 86.1 83.9 83.2 82.1 81.4 80.8 79.8 79.1 77.2 76.9 76.7 76.5 76.5 76.6 76.7 76.2 76.1 75.7 77.2 79.2 79.8 79.7 79.5 78.3 75.7 74.8 74.5 74.3 74.3 73.6 73.2 73.5 73.6 73.8 73.6 73.3 73 72.7 72.2 72.2 72.1 72.1 71.9 71.9 71.8 71.6 71.3 71 70.9 70.9 70.9 70.9 70.9 70.8 70.5 70.3 70.3 70.4 73.1 74.4 74.4 73.8 72.5 70.8 69.4 69.3 69.1 69.4 69.3 69.1 68.9 68.8 68.6 68.4 68.2
87.7 87.8 88.4 88.5 87.7 86 82.9 82.4 81.8 81.4 80.4 78.6 77.3 77.3 77.1 76.9 76.8 76.6 76.6 74.6 76.9 78.2 80.7 80.9 81.2 80.7 80.2 79.8 79.3 78.3 75.2 74.5 74.7 73.7 73.8 73.3 73.3 73.4 73.5 73.4 73.4 73.2 72.9 72.4 72.1 72 71.9 71.9 71.9 71.7 71.6 71.4 71.1 71.1 71.1 71 70.9 70.8 70.7 70.4 70.5 70.7 73.1 75.2 74.8 74.1 73.9 72.9 71.5 69.5 69.3 69 69.2 69.2 69 68.7 68.8 68.7 68.5 68.4
88.4 88.5 88.6 88.9 87.6 85.3 82.8 82.4 82.4 82 77.7 77.6 77.2 77.1 77.3 77.2 77.1 76.9 76.7 80.3 81.5 81.8 82.5 84.6 85.8 84.7 82.9 81.7 80.8 80.2 78.4 76.6 75.5 74.8 73.6 73.2 73.1 73.2 73.2 73.1 73.1 73 73 72.8 72.5 72.1 71.8 71.9 71.9 71.8 71.7 71.4 71.1 71.2 71.2 71.2 71.1 71 70.8 71.1 70.7 73.6 73.3 74.5 73.7 73.4 73.8 73.5 72.5 70.2 69.6 69.3 69.1 67.8 68.6 68.4 68.9 68.8 68.5 68.4
87.3 89 89 88.9 87.3 84.3 83.2 83.1 82.7 81.8 77.3 77.4 77.4 77.3 77.3 77.5 77.1 75.3 80.5 83.2 84.3 86.6 88.6 90.5 91.2 90.8 88.3 85.8 84.3 83.2 81.8 80 77.8 75.6 74.2 73.2 73.1 73 72.9 72.8 72.7 72.7 72.8 72.7 72.6 72.4 72.3 72.3 71.9 71.9 71.8 71.6 71.2 71.2 71.3 71.4 71.4 70.8 73.3 72.5 72.4 73.2 73.8 74.2 74.5 74.3 74 73.6 73.5 73.3 72 70.2 71.5 70.1 69 68.1 68.4 68.1 68.4 68.7
87.5 88.8 89.3 88.3 87.2 87.3 84.1 83 82.4 78.2 77.1 77.2 76.4 77.3 76.5 76.6 77.2 81.9 84.1 88.5 91.2 92.9 94.6 95.4 95.5 92.5 91 87.7 86.1 85.3 82.6 80.5 79.6 78.2 76.6 76.3 76.2 76.2 77.3 76.6 72.9 72.5 72.5 72.5 72.4 72.2 72 71.8 71.9 71.1 71.8 71.7 71.3 71.3 71.4 71.5 72.4 75.1 75 74.4 73.4 71.1 72.3 73.9 74.2 74.3 74 73.7 72.2 72.7 73.6 71.7 72.2 72.6 71.2 71.4 71.5 69.7 68.2 68.3
88.3 89.1 89.3 88.5 86.7 87.5 84.7 83.4 80.4 77 76.6 77.5 76.2 76.1 78.9 81.3 83.7 86.1 91.3 95.4 98.1 99.7 100.6 100 98.4 95.1 91.5 87.7 85.8 84.7 81.8 81.6 80.7 80.2 80.6 80.7 81.1 82.5 82.4 78.2 73.2 72.4 72.2 72.1 71.9 71.9 71.3 72.3 71.9 71.9 71.8 71 71.9 70.2 71.1 71.7 73.6 74.6 74.3 73.8 73.2 72.3 73 72.7 75.4 75 73.5 72.8 71.8 71.9 73.6 74.3 75.3 76.2 75.8 76.5 77 75.8 70.1 68.3
89.6 89.6 89.7 88.8 88.2 86.8 84.9 82.9 79.4 78.3 77.3 75.5 76.9 79 82.5 84.2 87.9 94 98.8 102.3 104.6 104.9 104.3 101.4 99 94.9 90.5 86.6 84.8 83.2 83 82.8 82.5 82.9 83 83.3 83.8 83.7 81.4 76.8 73.3 72.4 72.4 72.5 72.5 72.3 72.3 72.1 71.8 71.8 71.7 71.6 71.7 72.6 72 73.1 74.3 74.4 74.4 74.1 73.2 72.6 73.5 73.3 74.3 72.5 70.9 68.8 71.5 74.4 76.7 79.2 80.8 82.3 82.8 85 85.5 85.2 82.8 72.7
90 90 89.5 88.7 88.5 88.5 85.2 82.5 78.9 77.8 76.9 77.9 81 83.9 85.2 90.1 96.3 100.9 105 107.5 108.4 106.7 104.3 101.3 97.6 93.2 89.3 86.2 85 84.8 84.8 84.9 85.1 85 85.4 84.9 84.5 83.7 81.4 77.2 73.8 72.8 72.3 72.4 72.4 72.2 72 71.8 71.6 71.8 71.8 73.2 76.3 75.9 75.1 74.4 74.6 74.6 74.7 74.5 73.7 73.4 73.5 72.7 72.7 71.4 71.2 71.5 81.2 81.1 83.9 86.3 87.9 88.7 88.9 89 87.6 85.3 82.6 83.7
89.8 90.1 89.2 88.6 88.6 88.5 85 80.5 77.9 75.5 82.4 82.8 84.1 86.5 91.4 97.8 103.2 107.2 110.1 109.9 109.5 106.8 103.8 100.1 96.2 92.1 89 87 86.6 87 88 86.7 86.1 86 86.2 85.3 84.4 83.3 80.2 76.8 74.1 73.1 72.3 72.3 72.2 72 71.8 71.6 71.4 71.6 75.8 77.6 78 78.1 77.9 76.7 75.8 75.2 75 75 74.4 73.8 73.1 72.5 73.6 75.3 76.8 80.4 86.8 85.6 88.4 89.7 90.6 90.1 89.7 88.6 86.9 84.6 82.6 80.2
89.8 90.1 89 89.2 88.9 88.2 82.2 77.1 75.5 82.1 83.9 84.3 87.4 92 98.5 104.4 109.5 112.1 112.6 110.7 108.3 105.6 102.4 98.4 94.6 92.3 90 90.1 90.7 92 93.1 92.3 90.3 88.9 86 84.6 83.4 81.4 79 76.4 74.9 73.6 72.5 72.2 72.5 71.7 71.9 73.9 76.8 80.6 81.9 84.4 85.5 85.6 83.9 82.2 79.9 77.6 76.8 76.3 75.9 75.4 75.5 78.3 81.4 85.6 89 90.1 91.1 91.8 93.2 94 94.1 92.3 90.4 88.8 86.1 83.8 81 78
