Game/Highland_Data/StreamingAssets/GeoData/Data/nt/NT92.asc
ncols 200
nrows 200
xllcorner 390000
yllcorner 620000
cellsize 50
[rows 35 to 69 of 200, columns 0 to 77 of 200]
130.2 131.3 134.3 136.6 139.4 139.9 140.2 142.4 146.6 151 154.4 158 161.8 169.5 176.6 178.8 181.9 193.3 208.8 230.1 255 281 303.5 321.9 340.2 358.6 375.9 389.1 401.2 408.8 408.8 405 399.5 395.1 388 385.6 385 388.4 387.8 386.4 386.4 388.1 389.9 386.8 380.3 372.9 364 356.6 348.5 337.9 335.1 332.7 329 326.8 324.1 322.3 321.2 321 321.8 324.1 326.1 328.1 333.4 337.6 340.7 344.4 346.8 347.1 343.3 338.8 332.8 327.6 320.8 315.6 309.5 301.1 294.5 289.5
133.4 133.8 138.1 142.8 146.4 148.3 149.4 151.7 155.3 160.1 165.2 169.7 175.1 182.6 187.9 190.7 192.9 189.4 204.7 229.5 256.6 284 311.1 333.6 352.2 371.4 387.7 403.8 418.6 428 425.5 418.4 411.1 404.7 399.7 396.4 395.2 396.2 394 393.4 392.4 391.6 392.2 389.7 384.5 379.2 372.1 363.7 357.3 350.9 348.4 344.5 338.4 334.6 331.8 329.3 327.5 326.1 325.8 327.3 329.1 331.1 335.7 339.2 342.3 346.9 350.2 349.1 346.2 340.8 336.3 329.6 320.9 316.4 307.9 300.2 292.8 287.4
137.4 138.9 141.2 146 151.9 156.2 158.7 160.4 163.5 170.9 176.4 182.2 188.5 193.1 200.7 204 205.2 199.3 198.7 221.1 251.8 281.6 312 338.2 358 380.2 397.2 413.2 430 436.7 436.8 434 421.6 414.7 408.2 404.1 401 400.4 400.4 399.5 396.9 396 394.4 392.9 388.7 384.6 380.2 375.4 370.6 363.5 360.3 355.3 348.6 343.9 339.8 336.2 333.4 330.8 328.8 329.3 331 333 336.7 340.6 344.3 349.2 351.6 349.7 346.3 341.2 335.2 328.5 321.4 314.5 306.4 299.2 292.7 285.7
144.7 145.7 149.4 153 158.4 163.5 166 169.3 173.7 181.3 188.9 195.9 202.6 210.2 213.2 219.6 220.2 206.4 199.9 211.6 242.3 274.6 307.2 336 360.1 380.4 397.6 412.9 430.5 434.4 435.9 435.3 428.5 420.3 413.3 409.7 406 404.4 403.8 402.7 401.3 399.5 397.7 395.7 392.4 389.4 386.9 383.2 378.7 373.9 368.1 362.9 357.9 352.1 346.2 341.9 338 334.5 331.9 330.9 331.3 332.8 336.8 340.2 344.2 347.8 350 347.4 343.9 339.3 333 326.5 318.9 312.1 304 297.3 291.2 284.1
155.4 157.8 159.6 161.2 165.6 171.7 177 184.3 190.6 195.1 200.9 208.5 217.8 224.7 226.7 231 232.7 218.5 208.8 207.7 230.9 263.5 296.2 329.1 355.8 377.1 392.1 403.7 415.2 424.8 424.6 426.3 425.4 421.8 417.2 411.2 411.2 410.6 409 407 404.6 402.5 400.1 398.1 395.7 393.4 391 387.4 383.7 377.9 373.8 368 362.8 355.5 350.4 345.2 341.1 337 333.8 332.3 331.4 331.7 335.4 338.7 342.1 345.1 346.2 343.9 340.6 335.8 329.7 322.5 315.1 308.6 301.5 295.3 288.9 281.4
166.9 169.2 171.3 173.3 175.9 182.3 190 197 205.7 212.9 219.6 228.4 235.5 239.5 241.6 245.1 247.6 237 220.9 213.6 225.6 253.5 286.7 321.4 349.3 369 382.2 392.7 403.4 411.5 417.6 421 422.4 421.3 420.4 419 418 416.6 414.8 411.9 409.4 405.6 402.3 400.2 397.3 394.6 392.3 389.3 385.5 380.3 376.4 371.6 365.3 357.4 352.2 347.5 343.3 339.6 336.1 334 332.2 331.2 331.9 336 338.1 340.7 342.2 338.8 336.1 331.1 324.9 317.7 310.8 304.7 299.4 292.9 286.4 279.6
178.3 180.7 184.2 186.5 189.7 195.5 203.4 211.4 221.7 229.3 239.9 251.4 260.4 259.3 257.6 259.6 261.2 254.5 239.1 227.7 226.3 247.4 277 307.6 337.3 356.2 372.6 383.4 394.5 404.9 412.8 418.2 423 425.4 425.3 425.7 424 422 420 417.5 414.7 410.3 405.4 401.9 398.5 396.1 393.2 389.5 386.3 381.7 377.4 372.5 365.8 358.3 353 348.9 345.6 341.5 337.2 334.5 332.2 331.3 329.2 331.3 334.2 336.5 337.5 335.7 331.1 324.4 319.9 312.5 306 301.1 295.8 290.8 284.6 278.3
190.4 193.8 198.3 201.6 204.2 210.2 219.3 227.8 237.6 247.5 263.1 272.7 280.9 286 283.8 279.2 277.2 276.7 260.3 248.1 237.1 250 265.4 286.4 314.8 341.5 363.7 379.1 391.7 402.1 410.3 417.8 423.3 427.7 429.9 430.4 429.4 427.3 425 422.5 418.8 414.6 408.1 403.3 399.6 396.7 393.9 390 386.6 382.5 377.9 372.9 366.5 358.5 351.8 348.2 345 342.1 338 334.3 331.7 329.8 328.1 326.6 328.5 331.4 331.6 329.3 324.8 318.9 311.1 307.5 302.9 298.8 294.7 289.2 283.1 276.9
206.6 210.3 215.2 217.6 219.5 226.4 235.5 246.5 258.8 273 285.2 294.5 305.9 313.3 309.8 305.6 301.1 292.9 278.9 266.5 250.7 262.9 287.9 311.3 332.6 351.1 367.1 379.7 389.6 402.6 411.9 419.5 427 431.3 433.1 433.3 433.2 432.8 430.6 426.3 421.8 417.5 408.6 403.2 398.8 395.9 392.8 389.3 386 382 377 372.1 366.5 360 352 348.1 344.6 342.3 337.4 334 331.6 329.3 327.3 325.4 323.9 321.8 321.5 322.8 318.4 312.2 308.4 305.3 301.3 297.9 293.4 287.9 282.1 276.1
226.7 230.2 235.2 236.4 238.1 244.8 257.1 266.9 279 293.3 306.3 317.5 330.3 337.4 334.3 325.5 320.5 312.2 298.5 286.4 274.3 272.8 302.3 324.1 342.8 361.1 373.8 387.2 397.4 406.5 415.7 423.4 430.8 433.7 435.9 436.8 436.3 435.6 433.4 429.3 425.2 418.3 408.1 402.5 397.3 393.2 390 386.8 382.5 378.2 374.3 369.5 364.4 359.9 353.7 349.1 345.3 342.8 339.1 335.4 331.8 329.4 327.6 325 322.5 320 315.7 312.1 312.6 308.6 305.9 303.6 300.5 297.1 292.3 287 282.1 274.5
243.7 250.1 254.4 258.5 261.2 266 277 288.3 299.8 313.7 327.9 340.3 353.4 359.5 360 351.5 343.3 334.8 322.6 310.3 300.1 290.7 317.6 338.3 356.7 373.1 384.5 397.4 406.3 415.2 422.3 427.9 432.8 434.8 436.7 436.5 435.3 433.5 431.5 427.5 422.4 416 405.2 400.1 393.7 388.9 385.3 381.4 377.4 373.3 369.2 365.3 361.6 357.9 353.4 349.4 345.2 341.8 338.5 335.2 332.5 330.3 327.9 326 322.9 319.9 312.9 311.6 307.5 306.2 304.5 302.9 299.5 295.8 291.8 287.1 282.9 277.3
263.5 270.1 278.2 278.7 279.9 286.1 296 309.7 323.1 333.5 346.1 362.5 376 383 383.9 379 371 359.3 348.6 335.8 323.1 304.6 330.8 350.9 371.3 384.5 394.4 406.3 416.4 423.6 428.7 431.8 433.8 435.1 435 433.9 431.3 429 425.7 421.8 417.4 410.1 400.4 395.4 389.4 383.8 379.6 375.8 371.5 367.3 363.3 359.6 357 353.6 351.2 347.6 344.9 341.6 338.6 335.8 333 329.7 327.2 325.6 322.7 319.9 315.8 311.7 307.2 304.1 303 300.8 297.8 294.6 291.1 287.3 281.9 282.7
283.9 292.1 297.7 297.7 299.5 303.9 314 327.6 340.2 351.6 365.8 382.2 396 402.4 403.8 399.6 394.4 383.4 372.3 359.1 345.9 331.4 342.9 365 381 395.2 407.4 418.7 427 431.4 434 433.8 433.3 432.3 431 426.7 423.6 421.2 417.9 412.9 405.6 400.8 394.1 389.4 384.7 378.9 374.7 370 366.6 363 359.2 355.5 352.5 349.7 348 346.1 344.6 342 339.2 336.4 333.5 330.1 327.4 325.2 321.5 318.7 315.4 310.8 307.8 304.8 302.1 299.1 294.8 291.1 288.6 287.3 285 286.6
305.5 313.4 315.3 315.6 319 326.2 334.5 345.6 356.5 370.5 385.7 399.7 411.6 419 418.9 417.6 412.7 404.6 394 382.5 369.8 356 351.6 372.5 388.2 404.8 417.1 430.1 438.5 439.5 437.7 434.7 430.9 427.5 423.3 419.8 415.6 412.5 409 403.9 399.2 394.4 389.1 384.5 379.9 374.9 370.6 365.9 362 358.1 354.3 351.6 349.5 348.1 346.7 345.6 344.3 343 341.1 338.4 335.9 332 328.9 325.6 321.7 318.9 315.7 312.3 308 304.9 302 298.8 296.6 293.7 291.6 289.9 288.8 289.4
323.7 330.1 331.7 336.8 340.6 344.7 352.9 362.3 373.9 387.1 403.9 416.8 429.1 435.2 437.6 436.6 432.3 423.7 413.5 401.4 390.3 379.8 363.5 379 398.1 413.9 426.7 438.6 444 444.1 438.5 432.2 427.8 423.4 417.8 412.3 408.9 404.5 400.6 397.7 393.5 389.3 385 380.5 375.8 371.3 366.2 362.6 359.1 355.2 351.1 349.5 347.9 346.8 346 344.9 343.3 342.7 341.3 340.4 337.9 332.9 329.6 326.5 323.2 319.4 316.5 312.3 309.2 305.9 302.7 300.7 299.1 296 293.8 292.4 291.8 291.8
341.5 348.1 353.3 356.3 359.2 363.8 370.4 380.6 392.5 404.9 422.4 435 447.2 456.1 459.2 457.7 454.5 443.5 433.6 424 411 402.2 392.4 388.1 404.4 421.3 431.5 439.7 444 443.9 434.9 428.9 424.5 419.4 413.4 407.9 403.5 397.8 393.3 391.1 387.5 383.1 380.2 376.1 372.2 368 362 358.2 354.7 351.8 348.7 346.7 345.2 344 342.8 342.1 341.4 341.1 341.3 340.2 337.2 332 329.1 326.7 324.8 320.9 317.3 314.9 312.3 309 306.1 302.4 301.3 298.3 296.2 295.1 293.7 293.8
356.5 361.4 370.1 371.2 374.3 379.8 386.4 397.3 409.8 422.6 437.5 449.6 463.2 472.3 477 476.8 471.7 462.1 450 440 429.3 418.8 412.9 410.5 407.5 425.5 432.6 439.8 442.8 440.6 432.6 426.7 421.7 416.2 409.5 405.2 401.2 395.7 389.4 384.4 381.4 377.6 374.2 371.7 368.5 364.7 358.3 353.8 351.9 349.6 346.6 344.3 343.1 341.6 340.6 340.6 339.9 339.8 339.9 338.5 335.6 332.1 330.1 327.5 326 322.9 319 318.1 316.4 313.1 310 305.5 303.4 300.2 298.4 297.2 295.5 295.9
368.7 375.8 382.7 388.7 391.9 394.6 402.6 413.6 425.8 437.7 448.4 460.8 474.9 484.3 488.9 492.6 488.5 477.1 463.5 454.7 445.2 433.8 426.1 426 426.5 430.7 434.7 439.7 441.9 439.7 431.9 425 418.3 414.1 407.7 402.7 398 393.2 386.9 381.7 377.9 374.3 370.2 367.3 364.9 360.4 355.3 351.1 348.7 347.4 344.8 342.4 341.3 340 338.2 338.5 338.7 338.9 339.2 338.1 337.1 333.8 331.9 328.9 327.2 324.9 321.3 320.9 320 316 311.9 308.6 305.7 301.8 299.3 297.9 297.8 298.3
371.3 381.9 388.4 397.5 403.2 408 416.1 429 438.3 448.2 459.6 471.2 483.5 494.5 505 504.7 500.5 491.1 475.7 468.1 459.5 450 438.9 435.6 435 435.1 438 441 441 439.2 432.9 426.2 417.8 411.1 406.2 400.9 396.1 391.3 385.5 379.8 375.5 371.8 368 364.5 361.4 356.6 352.1 348.9 346.4 344.2 342.8 340.7 339.5 338.2 336.6 336.7 337.3 339.2 340 340.1 339.4 336.2 333.2 330 327.9 326.1 324.4 323.4 321.8 318.7 314.8 310.5 307.3 303.7 300.7 299.8 299.7 300.4
364 377.2 392.5 404.9 410.4 418 426.6 440 449.8 459.4 468.2 482.8 489.9 503.4 516.3 512.2 504.7 498.1 484.8 474.5 466.5 456.4 446.7 441.8 439.4 439 440.1 442.1 441.9 439.2 433.5 427.6 421 412.6 405.4 400.2 395.9 389.9 384.6 379.5 374.2 369.7 366.6 363.1 359.4 355.5 351.1 347.2 344.8 342.1 340.7 338.2 337.1 336 334.7 334.8 335.5 337.4 339.4 340.4 340.9 337.4 333.6 331.3 328 326.1 325.5 324.6 324.9 322.4 317.1 311.9 307.9 305.5 302.5 300.9 301.1 301.8
355.7 371.1 387.7 400.7 409.4 420.4 433.3 445.5 456.8 465.9 474.4 488.2 494.4 509 514.8 515.8 509.7 500.2 491.2 479 473 465.6 455.1 449.5 444.6 442.7 443 444.3 442.9 439.8 434.5 430 424.1 416.1 406.2 401.1 395.7 389.7 384.1 378.9 373.7 369.1 365.1 361.3 357.4 353.4 349.8 345.5 343.3 340.5 337.9 335.9 334.6 333.5 332.2 331.9 333.4 335.4 337.9 339.4 340 337.2 332.5 329.8 327 325 324.1 323.9 324.3 322.6 317.7 313 308.1 304.8 302.5 301.2 301.3 302.1
346.4 363.1 379.5 392.2 405 418 432.9 446.7 458.8 468.9 477.9 488.9 497.4 506.6 514.1 516.9 514.3 504.8 495.9 484.8 478.3 473.5 464.9 458.2 452.1 448.3 447.2 446.3 444.2 441.1 437.5 433.1 426.9 419.9 410.4 403.4 397.3 391 384.8 378.2 373 368.2 364 360.1 356.2 352.2 348.2 344.3 340.9 338.1 335.1 333.5 331.9 331 329.2 329.4 331 332.8 335.4 337.3 337.7 335.5 331.4 327.1 323.9 321.8 320.8 320.3 320.2 319.2 315.4 309.6 307.6 304.1 302.3 301.6 301.1 302.3
335 354 370.4 384 398.6 416.1 431.5 445.2 457.6 468.7 478.9 488.6 498.2 507.7 514.4 518.2 517.7 511.3 502.1 491.9 486.6 479.7 472.8 465.4 459.1 454.7 452.4 449.6 446.9 444.7 441.8 437.4 432.2 425.3 416 407.3 399.8 393.3 386.1 377.9 371.9 366.5 361.7 358.6 355.4 352.3 348.1 343.4 339.5 336 333.1 331 329.5 328.2 326.7 326.1 327.3 329.7 332.1 333.8 334 332.2 328.2 323.4 321 317.5 314.9 313.1 312 312.9 311.4 308.3 306.4 303.5 301.8 301.5 300.9 302.5
342.1 344.8 363.5 380 395.8 414 429 441.8 457.5 467.3 477.8 488.5 500.2 509.3 516.9 522.9 524 520.1 509.2 504.1 495.2 487.7 480.9 471.4 464.7 460.1 456.5 453.5 450.9 448.2 445.2 441.5 436.1 429.9 422.2 412.5 404.5 396 387.4 378.7 373.7 366.9 360.9 357.1 354.3 351.4 347.9 343.1 339 334.4 331.2 328.9 326.9 325.6 324 323.1 323.6 325.8 327.8 328.9 328.9 327.2 322.4 319 317.6 313.8 311.3 309.3 308.2 308.4 308.2 306.6 304.6 303.5 301.7 300.4 300.2 302.1
355 364.1 371.5 382.2 398.3 416.7 430.9 442.6 456.9 469.3 480.8 493.4 502.4 510.9 523.4 528.4 529.8 526.8 516.2 510.5 501.5 492.2 483.9 476.5 468.8 462.9 459.2 456.1 453.1 450.3 447.2 443.6 438.5 431.9 424.8 416 407.5 398.3 388.2 381 376.8 369.6 361.8 357.3 354 350.5 347.4 342.1 337.4 333.4 329.5 326.8 325.1 322.6 321.2 319.9 319.3 321.2 322.4 322.8 322.4 320.7 316.5 314.7 313 311.4 308.7 307.7 306.5 305.7 305 304 302.8 302.5 302.2 301.1 298.1 300.4
370 379.6 389.3 397.4 408.3 422.4 433.8 447.1 461.4 476.1 486.2 494.8 507.8 517.9 526.2 532.8 534.2 531.7 522.3 515 505.5 496.9 485.9 477.9 472 464.6 460.1 457.2 453.9 450.8 448 444.9 440.4 434.3 427.4 417.7 410 401.3 390.7 383.7 377.1 371.1 364.3 359.9 355.6 351.4 348.2 342.6 337.8 332.6 328.6 325.2 321.7 318 319.1 317.2 313.9 314.9 315.5 315.3 315.5 311.8 309.7 308.1 307.5 307 305.8 305.2 304.7 303.4 301.4 299.8 299.8 300 300.3 300.1 296.6 297.7
390.3 397 403.5 410.5 419.4 429.7 440.2 455.2 467.6 479 489.7 496.9 512.5 521.7 529.1 535.6 536.4 533.5 524.3 517.3 507.2 497.4 488.2 478 472.4 465.5 460.5 456.3 453.1 449.6 446.4 443.8 439.9 435.2 429.5 418.1 411.4 402.2 393.4 386.4 379.1 372 366.7 362.5 358.3 353.7 349.5 343.3 338.2 333.2 328.1 325.2 323.1 321 314.1 313.9 311 309 307.4 307.2 306.3 305.9 305.2 303.4 304.1 304 303.4 302 301.4 300 298 297 297.3 297.7 298 296.5 294.3 295
404.9 414.3 419.1 424.9 430.9 441 452.8 465 473.4 484.1 494.6 502.6 514.1 524.3 531.2 535.6 536 532.7 524.8 516.3 508.6 497 489.3 478.3 471.7 465 459.5 455.1 451.2 447.8 444.7 441.9 438.5 434.7 428.9 418.9 411.6 402.9 395.6 388.3 382.8 377.1 371.9 366.7 361 356.3 350.5 344.5 338.6 332.2 328.1 325.1 322.6 320.4 317 306.5 303.5 301.3 302.6 296.8 300.4 300.5 300.9 299.8 299.9 301.8 302 299.5 297.4 295.3 294.3 293.8 294.2 294.9 295.8 294.7 292.5 292.7
418.4 430 440.4 441.9 449.1 455.7 463.1 471.8 479.1 489.4 498.4 506.2 514.5 523.5 530.3 533.4 533 529.5 522.7 514 506.2 496.2 489.6 479.4 471.7 464.8 458.4 453.6 449.5 445.9 442.9 439.1 435.7 432.1 427.1 418.5 411.7 404.2 397.4 390.9 386.2 381 375.8 370.3 364.1 357.9 352.3 346.5 338.8 332.7 327.3 324.9 322.5 320.4 316.4 315.5 312.3 309.2 305.8 302.6 293.4 296.1 295.8 296.1 297 298.6 297.4 295.7 292.7 290.6 290 289.4 290.4 292.2 293.1 293.1 291.2 290
433.1 447.8 457.5 458.7 462.6 466.4 472.4 479.8 485.6 492.6 500.9 508.3 514.6 520.3 525.7 529.1 528.4 525 518.2 510.5 503.4 496.2 488.1 479.5 472.1 464 457.3 452.5 448.3 444.3 440.6 436.7 432.3 428.3 424.3 418.2 412.1 405.2 399.3 392.9 388.3 383.4 378.4 373.9 367.5 359.6 354 348.4 340.7 332.1 327 325 322.2 321.1 319.8 316.3 313.6 310.6 307.8 304.1 299.8 292.1 290.6 293.6 293.8 293.2 294.1 293.4 290.3 285.4 282.9 282.1 283.8 289.8 292 291.3 289.5 286.6
445.3 458.2 468.2 472.9 475.2 475.7 479.9 485.6 491.4 497 502.6 508.1 513.2 517.5 521 521.9 520.5 517.8 512.9 506.5 500.9 495.4 488.5 479.9 472.5 463.6 456 450.3 446 441.9 438.3 434.3 429.8 426.1 421.6 417.4 411.5 406.1 400.3 394.5 389.4 385.2 381.1 375.8 369.5 362.6 357.4 350 340.5 330.5 328.7 327 325.1 322.8 320.7 317.9 314.6 310.9 307.8 304.2 298.6 294.4 292.5 286.6 288.5 286.5 283 285.1 281.1 276.6 277.2 274.8 274.5 288.4 291.6 292.4 289.9 279
453.9 468.1 478 485.3 487.1 488.8 490.2 492.1 494.9 498.8 502.9 505.9 510.2 514 515.9 516.3 515.5 513.3 510 504.5 499.6 494.4 488.1 479.9 472.7 462.8 454.8 448.7 443.8 438.8 434.8 431.4 427.7 423.6 419.6 415.5 410.9 406.2 400.6 395.4 390.6 386.2 381.8 376.5 370.9 364 358.4 351.6 341.3 334.3 331.9 330.1 327.4 324.5 320.5 316.6 313.8 311 307.1 302.4 296.9 293.4 291.4 290 287.4 281.9 282.2 283.1 282.9 282.2 280.9 277.7 275 272.4 274.5 278.7 280.1 272.4
459.3 473.8 486.5 495.6 501 500.2 499.9 498.5 498.5 500.3 501.6 503.7 505.6 507.5 510.8 511.5 510.7 509.3 507 502.7 498.9 494.3 488.4 480.1 472.1 462 453.1 446.7 441.2 436.4 431.5 428.1 424.7 421.2 416.7 412.7 409.1 404.5 399.5 394.3 390.2 386.2 381.7 376.6 370.4 365.9 360.9 353.9 345.6 338.8 335.1 332.6 329.1 325.6 321.2 317.2 313 310.6 306.1 300.9 295.5 292.6 289.7 285.8 284.5 284.6 287.9 289.3 288.8 288.1 286.3 283.8 279.6 276.4 273.2 268.5 269.8 270
458.5 477.6 493.7 504.4 514.6 506.1 504.6 501.9 500.9 499.7 499 499.7 500.3 502 503.1 505.1 505.5 505.2 503.3 500.3 497.8 494.2 489 481.3 471.6 460.8 451.7 444.3 438.2 433 428.2 423.8 421.2 417.9 414.4 409.6 405.2 401.2 396.5 391.9 389 384.9 380.4 377.6 374.5 369.7 364.9 359.9 350.2 343.3 339.5 335.2 330.9 327.2 323.1 318.5 312.3 308.9 303.8 299.4 294.9 289.6 287.6 287.5 288.8 291 292.8 293 292.2 290.8 288.6 285.8 283.3 284.1 283.8 282.7 281.1 281.9
460.2 480.8 496.8 510 518.4 513.7 505.2 502.6 499.3 497.3 496 495 493.4 493.4 495 497.5 499.3 500.1 499.1 497.8 496.8 494 490.5 483.6 471.3 462.5 450.3 441.5 435.4 430.5 425.1 420.5 416.5 413.2 409.7 404.4 399.8 396.7 393.5 389.7 387.1 384.9 382.8 380.1 377 372.1 367.2 362.2 352.5 345.6 341.4 337 332.7 328.2 323.6 318.9 310.9 306.1 301.5 298 291 287.7 290.9 292.8 294.4 295 295.6 295 293.6 292.3 288.9 288.1 289 288.6 288.4 287.5 286.4 285.6
