Game/Highland_Data/StreamingAssets/GeoData/Data/sh/SH12.asc
ncols 200
nrows 200
xllcorner 210000
yllcorner 320000
cellsize 50
[rows 74 to 110 of 200, columns 85 to 169 of 200]
59.5 76.1 96.1 98.5 89.9 82.7 76.5 70.7 59.7 57.8 59.8 61.6 62.6 62.7 62.4 61.5 60.8 60.1 60.6 60.5 60.6 60.6 61.9 65.2 67 71 70.2 61 57.3 55.4 54.6 54.1 54.8 54.9 54.1 53.3 53 53.4 53.4 54.2 55.5 56.9 58.3 58.6 59.1 59.2 56 37.3 2.1 1 0.5 0.2 -0.1 -0.2 -0.2 -0.3 -0.3 -0.3 -1.2 -1.2 -0.3 -0.1 0.4 0.7 1.1 1.5 2.4 3.1 5 18 25.7 27.6 27.9 28.4 29.1 29.9 30.3 31.7 32.4 31.9 33.1 34.9 37.4 38.7 39.2
92.6 106 118.6 113.4 103.3 92.6 81.7 73.3 64.1 60.7 63.1 64.2 65.1 64.3 63.3 62.3 61 59.4 58.2 58.1 57.2 56.1 56.3 57.2 58.8 62.4 60.1 54.7 52.9 52.5 51.8 52.1 53.2 53.4 53.1 52.1 51.4 51.5 52.7 54 55.4 56.9 58.4 58.8 58.6 57.8 53 34.9 0.4 -1.2 -1.2 -1.2 -1.2 -1.2 -1.2 -1.2 -1.2 -1.2 -1.2 -1.2 -1.2 -1.2 -1.2 -1.2 -1.2 -1.2 0.1 0.5 0.8 1.2 1.9 3.4 11 26.6 27.4 28.6 28.7 29.9 30.7 27.2 33.1 35.1 37.4 38.3 39
116.9 125.5 130.1 121.9 113.2 98.5 86 75.6 68.3 65.1 68.1 68.4 68.2 66.8 64.8 63.4 62.4 60.5 58.6 57 55.7 54.1 53.1 52.9 52.9 51.9 51.9 50.8 50 49.3 49.5 50.2 51.3 51.5 51 50.6 51.3 52.3 53.2 54.2 55.4 56.9 58.3 58.8 58 55.1 48.7 25.1 -1.2 -1.2 -1.2 -1.2 -1.2 -1.2 -1.2 -1.2 -1.2 -1.2 -1.2 -1.2 -1.2 -1.2 -1.2 -1.2 -1.2 -1.2 -1.2 -1.2 -1.2 -1.2 0.1 0.6 1.1 2.2 4.7 11.3 25.1 29.7 22.4 30.7 33.6 35.1 37 38.2 38.9
120.6 128.6 135.4 127.5 120.1 105.1 89.4 74.6 71.4 70.4 72.9 74.6 75.3 71.8 68.7 66.3 63.8 62.1 59.9 58.4 57.1 56.6 53.7 51.7 50.3 49.6 48.6 47.9 47.1 46.8 46.9 48.1 49.3 48.9 48.2 49.2 51.4 52.9 54.2 55.2 56.3 57.5 59 59.1 58.3 55.2 47.4 21.1 -1.2 -1.2 -1.2 -1.2 -1.2 -1.2 -1.2 -1.2 -1.2 -1.2 -1.2 -1.2 -1.2 -1.2 -1.2 -1.2 -1.2 -1.2 -1.2 -1.2 -1.2 -1.2 -1.2 -1.2 -1.2 0.2 0.8 1.3 2.4 22 15 30.6 32.7 34.5 36.1 37.5 38.8
116.5 126.5 130.6 128.4 118.6 105.4 98.1 81.8 74.3 73.3 74.5 76.6 79.3 83.1 78.3 71 66.8 63.9 62.3 60.9 59.3 56.8 54.3 52.8 51.3 50.2 49.6 47.6 46.8 45.3 43.3 44.3 47.1 45.9 46.6 49.6 51.5 53.5 55.5 56.7 57.8 58.9 59.8 60.3 60.1 58.7 44.5 -1.2 -1.2 -1.2 -1.2 -1.2 -1.2 -1.2 -1.2 -1.2 -1.2 -1.2 -1.2 -1.2 -1.2 -1.2 -1.2 -1.2 -1.2 -1.2 -1.2 -1.2 -1.2 -1.2 -1.2 -1.2 -1.2 -1.2 -1.2 -0.2 0.4 1 3.1 11 10.4 23.4 35.3 36.8 38.9
115.3 121.3 127.2 123 113.5 105.8 98.5 84.2 78 75.7 76.1 77.3 78.8 84.3 85.4 78.7 72.5 66.5 64.4 62.3 60.4 58.5 56.1 54.5 53.2 52.1 51.3 49.5 47.8 46.5 46.1 43.4 42.8 41.4 44.9 48.9 51.5 54.1 56.4 58 59.2 60.3 60.9 61.4 61 58.2 44.2 -1.2 -1.2 -1.2 -1.2 -1.2 -1.2 -1.2 -1.2 -1.2 -1.2 -1.2 -1.2 -1.2 -1.2 -1.2 -1.2 -1.2 -1.2 -1.2 -1.2 -1.2 -1.2 -1.2 -1.2 -1.2 -1.2 -1.2 -1.2 -1.2 -1.2 -1.2 0.3 1.2 4.4 11 25.4 31.8 32
117.8 114.6 119 118.1 112.3 104.7 98.2 91.8 81 77.9 77.2 76.1 78.1 83.6 85.4 81.4 74.7 69.5 65.6 63.5 62.6 61.2 58.6 57.3 56.1 54.8 52.8 50 48.7 47.5 46.2 44.8 41.6 41.6 46.1 48.5 51.4 54.4 56.8 58.6 59.8 60.8 61.6 61.2 59.6 52.5 -1.2 -1.2 -1.2 -1.2 -1.2 -1.2 -1.2 -1.2 -1.2 -1.2 -1.2 -1.2 -1.2 -1.2 -1.2 -1.2 -1.2 -1.2 -1.2 -1.2 -1.2 -1.2 -1.2 -1.2 -1.2 -1.2 -1.2 -1.2 -1.2 -1.2 -1.2 -1.2 -1.2 -0.2 0.7 1.4 7.7 9.5 22.8
122.2 109.6 113 111.8 107.9 100.9 98 95.6 80.8 77.9 76 75.5 77.6 83.5 84.5 80.9 74.8 70.1 67.2 65.6 65.6 64.7 61.6 60.1 58.3 56.5 54.1 51.6 50.3 48.9 46.6 45.2 39.8 41.4 45.9 48.3 51.2 54.4 56.9 58.8 60 60.9 61.2 60.5 56 38.7 -1.2 -1.2 -1.2 -1.2 -1.2 -1.2 -1.2 -1.2 -1.2 -1.2 -1.2 -1.2 -1.2 -1.2 -1.2 -1.2 -1.2 -1.2 -1.2 -1.2 -1.2 -1.2 -1.2 -1.2 -1.2 -1.2 -1.2 -1.2 -1.2 -1.2 -1.2 -1.2 -1.2 -1.2 -1.2 0.1 0.8 1.4 13
121.4 106.5 104 103.3 99.6 95.3 94.9 93.4 81.8 77.2 76 75.7 77.9 83.6 84.3 81.6 74.4 70.3 69.2 68.4 68.6 68.2 64.6 62.2 60.1 57.7 55 52.5 50.6 48.5 46.6 44.9 35.6 37.3 46.5 48.8 51.7 55.3 57.4 58.9 59.6 60.3 59.9 57.8 46.1 -1.2 -1.2 -1.2 -1.2 -1.2 -1.2 -1.2 -1.2 -1.2 -1.2 -1.2 -1.2 -1.2 -1.2 -1.2 -1.2 -1.2 -1.2 -1.2 -1.2 -1.2 -1.2 -1.2 -1.2 -1.2 -1.2 -1.2 -1.2 -1.2 -1.2 -1.2 -1.2 -1.2 -1.2 -1.2 -1.2 -1.2 -1.2 0.2 0.9
115.4 100 97.2 96.3 91.8 89.5 90.9 85.7 78.4 76.2 75.8 76.4 78.3 81 84.3 81.1 74.3 72.1 71.9 71.6 71.3 70.8 67.6 63.5 61 58.2 55.6 52.2 50.1 48 45.3 39.7 30.5 44.1 46.7 49.2 52.5 56.2 57.8 58.6 59 58.4 56.3 50.5 40.5 -1.2 -1.2 -1.2 -1.2 -1.2 -1.2 -1.2 -1.2 -1.2 -1.2 -1.2 -1.2 -1.2 -1.2 -1.2 -1.2 -1.2 -1.2 -1.2 -1.2 -1.2 -1.2 -1.2 -1.2 -1.2 -1.2 -1.2 -1.2 -1.2 -1.2 -1.2 -1.2 -1.2 -1.2 -1.2 -1.2 -1.2 -1.2 -1.2 -0.2
107.1 94.5 90 88.4 86.2 82.7 83.1 78.9 76.8 75.3 74.9 76.4 78.1 82.4 86.2 80.9 74.9 74.2 75.8 76.2 74.2 72.9 70.1 64 61.2 58.1 55.1 52.2 50.3 48.3 45.9 42.8 28.8 43.8 47 49.7 53.5 56.4 57.3 57.6 56.7 54.9 49.5 43.9 38.4 -1.2 -1.2 -1.2 -1.2 -1.2 -1.2 -1.2 -1.2 -1.2 -1.2 -1.2 -1.2 -1.2 -1.2 -1.2 -1.2 -1.2 -1.2 -1.2 -1.2 -1.2 -1.2 -1.2 -1.2 -1.2 -1.2 -1.2 -1.2 -1.2 -1.2 -1.2 -1.2 -1.2 -1.2 -1.2 -1.2 -1.2 -1.2 -1.2 -1.2
99.1 89.1 84.6 82.2 79.5 78 76.3 76.1 74.1 73.7 74.4 76 77.6 82.7 85.8 78.1 74.4 74.2 75.7 77.4 74.8 72.9 70.7 66.2 61.4 57.9 54.8 52.4 49.9 46.9 44.1 41 33.1 43.4 45.4 48.7 53.2 55.1 55.7 55.6 53.9 50.2 45 42.1 33 -1.2 -1.2 -1.2 -1.2 -1.2 -1.2 -1.2 -1.2 -1.2 -1.2 -1.2 -1.2 -1.2 -1.2 -1.2 -1.2 -1.2 -1.2 -1.2 -1.2 -1.2 -1.2 -1.2 -1.2 -1.2 -1.2 -1.2 -1.2 -1.2 -1.2 -1.2 -1.2 -1.2 -1.2 -1.2 -1.2 -1.2 -1.2 -1.2 -1.2
93.8 83.5 79.4 77.4 75.9 74.9 74.6 73.4 73.5 73.2 73.8 75.3 76.8 79.1 79.7 76.3 73.7 72.9 73.2 72.6 72.6 72.3 70.4 66.2 61.3 57.2 54.1 51.7 49.1 46.2 43.6 41.9 29.6 38.3 40.7 44.6 47.7 50.9 52.1 52.8 51.3 46.9 41.4 35 -1.2 -1.2 -1.2 -1.2 -1.2 -1.2 -1.2 -1.2 -1.2 -1.2 -1.2 -1.2 -1.2 -1.2 -1.2 -1.2 -1.2 -1.2 -1.2 -1.2 -1.2 -1.2 -1.2 -1.2 -1.2 -1.2 -1.2 -1.2 -1.2 -1.2 -1.2 -1.2 -1.2 -1.2 -1.2 -1.2 -1.2 -1.2 -1.2 -1.2 -1.2
87.7 78 75 73.8 72.8 72.5 72.8 72 72.1 72.6 73.3 74.4 74.6 75.1 74.6 73.7 71.8 70.9 70.5 68.7 68.7 69.5 69.2 65.1 59.4 56.4 53.2 50.8 48.1 45.6 44 42.2 29.5 21.6 24 23.2 20.1 30.6 42.8 45.5 46.2 42.6 36.8 33.3 -1.2 -1.2 -1.2 -1.2 -1.2 -1.2 -1.2 -1.2 -1.2 -1.2 -1.2 -1.2 -1.2 -1.2 -1.2 -1.2 -1.2 -1.2 -1.2 -1.2 -1.2 -1.2 -1.2 -1.2 -1.2 -1.2 -1.2 -1.2 -1.2 -1.2 -1.2 -1.2 -1.2 -1.2 -1.2 -1.2 -1.2 -1.2 -1.2 -1.2 -1.2
80.9 72.5 71.3 70.6 70.1 70.1 70.6 70.5 70.4 70.7 71.5 72.5 72.1 72 72 71 69.3 68.1 67 64.6 64.9 65.8 66.2 63.5 59 56 52.9 50 46.5 43.6 41.7 40.5 20.5 35.6 33.8 31.4 30.6 16.7 15.3 31.2 35.3 29.4 -1.2 -1.2 -1.2 -1.2 -1.2 -1.2 -1.2 -1.2 -1.2 -1.2 -1.2 -1.2 -1.2 -1.2 -1.2 -1.2 -1.2 -1.2 -1.2 -1.2 -1.2 -1.2 -1.2 -1.2 -1.2 -1.2 -1.2 -1.2 -1.2 -1.2 -1.2 -1.2 -1.2 -1.2 -1.2 -1.2 -1.2 -1.2 -1.2 -1.2 -1.2 -1.2 -1.2
74.8 70.1 66.9 66.1 66.8 68.9 70.3 70.1 69.7 68.5 69 69.7 69 69 68.7 68 66.7 64.9 63.1 61.5 60.9 60.6 61.5 59.9 57 54.6 51.4 48.4 44.8 39 34.9 28.5 40.4 41.6 42.1 41.1 41.1 39.7 26.7 5.9 5.1 -1.2 -1.2 -1.2 -1.2 -1.2 -1.2 -1.2 -1.2 -1.2 -1.2 -1.2 -1.2 -1.2 -1.2 -1.2 -1.2 -1.2 -1.2 -1.2 -1.2 -1.2 -1.2 -1.2 -1.2 -1.2 -1.2 -1.2 -1.2 -1.2 -1.2 -1.2 -1.2 -1.2 -1.2 -1.2 -1.2 -1.2 -1.2 -1.2 -1.2 -1.2 -1.2 -1.2 -1.2
73.2 65.7 63 62.2 63.4 67.7 69.6 69.7 69.2 68 66.7 66 65.8 65.4 64.9 64.8 63.8 62.2 62 61.3 60.3 58.5 56.4 55.8 53.2 51.3 49.6 45.9 41.2 44.4 41.9 37.2 44.5 45.4 45 44 43.7 43.2 41.3 34.5 25.6 -1.2 -1.2 -1.2 -1.2 -1.2 -1.2 -1.2 -1.2 -1.2 -1.2 -1.2 -1.2 -1.2 -1.2 -1.2 -1.2 -1.2 -1.2 -1.2 -1.2 -1.2 -1.2 -1.2 -1.2 -1.2 -1.2 -1.2 -1.2 -1.2 -1.2 -1.2 -1.2 -1.2 -1.2 -1.2 -1.2 -1.2 -1.2 -1.2 -1.2 -1.2 -1.2 -1.2 -1.2
72.6 61.4 58.8 58.5 60.4 65.9 68.6 68.1 67.3 66.5 65.2 64.5 63.5 63.5 63.6 63.6 62.7 61.4 61 59.6 58.5 56.9 55.8 54.6 53.8 52.1 49.7 45.5 45.9 47.1 45.6 45.2 47.3 48.4 47.4 46.4 46.2 47.3 43.4 41.3 38.3 34.4 -1.2 -1.2 -1.2 -1.2 -1.2 -1.2 -1.2 -1.2 -1.2 -1.2 -1.2 -1.2 -1.2 -1.2 -1.2 -1.2 -1.2 -1.2 -1.2 -1.2 -1.2 -1.2 -1.2 -1.2 -1.2 -1.2 -1.2 -1.2 -1.2 -1.2 -1.2 -1.2 -1.2 -1.2 -1.2 -1.2 -1.2 -1.2 -1.2 -1.2 -1.2 -1.2 -1.2
75.4 59.2 53.5 55 57.5 63.2 65.1 65.9 65.1 64.3 63.9 63.2 62.6 62.2 61.8 61.9 61.5 60.5 60.8 59.3 58.3 58.7 57.8 57 55.6 53.7 50.3 45.1 48.3 47.6 45.6 49.7 50.7 51.1 51.2 51.5 51.9 51.8 50.9 47.4 42.3 37.2 26.1 -1.2 -1.2 -1.2 -1.2 -1.2 -1.2 -1.2 -1.2 -1.2 -1.2 -1.2 -1.2 -1.2 -1.2 -1.2 -1.2 -1.2 -1.2 -1.2 -1.2 -1.2 -1.2 -1.2 -1.2 -1.2 -1.2 -1.2 -1.2 -1.2 -1.2 -1.2 -1.2 -1.2 -1.2 -1.2 -1.2 -1.2 -1.2 -1.2 -1.2 -1.2 -1.2
75.4 57.5 50.3 52.8 55.2 59.1 61.6 62.2 62.9 62.9 63 64 63.4 62.8 62.2 61.2 60.5 60.2 59.6 58.6 58.7 59.3 58.7 57.4 55.7 52.8 48 49.8 51.6 49.1 49.9 52.8 54 55.1 57.6 57.5 57.1 55.9 53.9 51.5 46.1 39.2 -1.2 -1.2 -1.2 -1.2 -1.2 -1.2 -1.2 -1.2 -1.2 -1.2 -1.2 -1.2 -1.2 -1.2 -1.2 -1.2 -1.2 -1.2 -1.2 -1.2 -1.2 -1.2 -1.2 -1.2 -1.2 -1.2 -1.2 -1.2 -1.2 -1.2 -1.2 -1.2 -1.2 -1.2 -1.2 -1.2 -1.2 -1.2 -1.2 -1.2 -1.2 -1.2 -1.2
78.2 57.9 46.1 48.9 50.8 52.9 57.2 58 59.9 60.6 62.6 64 64.4 63.7 62.6 61.6 60.2 58.9 58.3 57.8 57.6 58.1 57.6 56.4 53.7 50.5 49.2 52 53.2 53.8 55.5 55.8 56.9 59.4 61.7 61 59.9 58.2 55.7 52.5 47.6 37.3 -1.2 -1.2 -1.2 -1.2 -1.2 -1.2 -1.2 -1.2 -1.2 -1.2 -1.2 -1.2 -1.2 -1.2 -1.2 -1.2 -1.2 -1.2 -1.2 -1.2 -1.2 -1.2 -1.2 -1.2 -1.2 -1.2 -1.2 -1.2 -1.2 -1.2 -1.2 -1.2 -1.2 -1.2 -1.2 -1.2 -1.2 -1.2 -1.2 -1.2 -1.2 -1.2 -1.2
79.2 57 42 44.2 46.2 48.5 52.4 54 56.1 58.5 61.2 63.5 64.2 64 63.4 62.3 61.3 60.7 59.5 57.6 56.2 55.8 55 53.4 52.2 51.3 51.2 49.2 54.6 57.2 58.1 58.6 60.3 62.4 63.4 62.9 61.7 59.5 56.4 51.9 46.4 33.6 -1.2 -1.2 -1.2 -1.2 -1.2 -1.2 -1.2 -1.2 -1.2 -1.2 -1.2 -1.2 -1.2 -1.2 -1.2 -1.2 -1.2 -1.2 -1.2 -1.2 -1.2 -1.2 -1.2 -1.2 -1.2 -1.2 -1.2 -1.2 -1.2 -1.2 -1.2 -1.2 -1.2 -1.2 -1.2 -1.2 -1.2 -1.2 -1.2 -1.2 -1.2 -1.2 -1.2
78.4 52.9 39.4 39 42 44.1 46.4 49.9 52.1 56.2 59.3 63.2 64.3 64.1 63.8 62.4 63.6 63 61.5 59.8 57.7 55.7 54.6 54.1 54.5 54.7 54.3 52.6 55.5 58 59.5 62.1 62.5 64.2 65 64.8 63.5 61.7 57.1 49.5 41.6 31 -1.2 -1.2 -1.2 -1.2 -1.2 -1.2 -1.2 -1.2 -1.2 -1.2 -1.2 -1.2 -1.2 -1.2 -1.2 -1.2 -1.2 -1.2 -1.2 -1.2 -1.2 -1.2 -1.2 -1.2 -1.2 -1.2 -1.2 -1.2 -1.2 -1.2 -1.2 -1.2 -1.2 -1.2 -1.2 -1.2 -1.2 -1.2 -1.2 -1.2 -1.2 -1.2 -1.2
75.1 51 35.2 35.7 38.5 40.9 44.3 46.3 50.5 54.2 57.6 61.6 64.4 65 64.8 64.2 64.7 65.5 64.3 62.3 60 58 56.6 55.9 56.4 57.1 56.5 55.6 56.6 58.8 60.6 62.3 63.7 65.2 65.5 65.3 64.7 63.5 57.9 48 34.3 27 -1.2 -1.2 -1.2 -1.2 -1.2 -1.2 -1.2 -1.2 -1.2 -1.2 -1.2 -1.2 -1.2 -1.2 -1.2 -1.2 -1.2 -1.2 -1.2 -1.2 -1.2 -1.2 -1.2 -1.2 -1.2 -1.2 -1.2 -1.2 -1.2 -1.2 -1.2 -1.2 -1.2 -1.2 -1.2 -1.2 -1.2 -1.2 -1.2 -1.2 -1.2 -1.2 -1.2
59.1 46.4 30.1 31.1 33.7 38.1 42 45.4 49.3 53.8 58.2 62.2 63.9 65.1 65.7 66.2 67.5 68.1 66.9 64.9 62.8 61.5 60.1 59.2 58.6 58.9 58.7 58.1 58.4 59.7 61.4 62.9 64.2 65 65.1 64.9 63.9 61 56.6 47.5 -1.2 -1.2 -1.2 -1.2 -1.2 -1.2 -1.2 -1.2 -1.2 -1.2 -1.2 -1.2 -1.2 -1.2 -1.2 -1.2 -1.2 -1.2 -1.2 -1.2 -1.2 -1.2 -1.2 -1.2 -1.2 -1.2 -1.2 -1.2 -1.2 -1.2 -1.2 -1.2 -1.2 -1.2 -1.2 -1.2 -1.2 -1.2 -1.2 -1.2 -1.2 -1.2 -1.2 -1.2 -1.2
45.5 38.5 18 26.9 31.5 35.6 40.3 44.3 48.3 53.1 57.7 61.3 64.8 67.4 67.5 69.1 69.6 69.8 69 67.9 67.6 65.7 63.7 61.6 60.4 60.2 60.1 59.6 59.7 60.8 62.2 63.4 63.4 63.3 63.5 63.3 62 59.1 55.2 46.4 -1.2 -1.2 -1.2 -1.2 -1.2 -1.2 -1.2 -1.2 -1.2 -1.2 -1.2 -1.2 -1.2 -1.2 -1.2 -1.2 -1.2 -1.2 -1.2 -1.2 -1.2 -1.2 -1.2 -1.2 -1.2 -1.2 -1.2 -1.2 -1.2 -1.2 -1.2 -1.2 -1.2 -1.2 -1.2 -1.2 -1.2 -1.2 -1.2 -1.2 -1.2 -1.2 -1.2 -1.2 -1.2
49.6 35.1 -1.2 -1.2 24 34 38.9 43.1 47.1 51.9 57 60.6 65 69.2 70.8 71.5 71.9 71.9 71.6 71.9 71.6 69.4 67.1 64.8 62.6 61.8 61.5 61 61 61.7 63.4 63.2 62.5 61.5 61.4 60.7 59.7 57.4 55 45.2 -1.2 -1.2 -1.2 -1.2 -1.2 -1.2 -1.2 -1.2 -1.2 -1.2 -1.2 -1.2 -1.2 -1.2 -1.2 -1.2 -1.2 -1.2 -1.2 -1.2 -1.2 -1.2 -1.2 -1.2 -1.2 -1.2 -1.2 -1.2 -1.2 -1.2 -1.2 -1.2 -1.2 -1.2 -1.2 -1.2 -1.2 -1.2 -1.2 -1.2 -1.2 -1.2 -1.2 -1.2 -1.2
53.6 -1.2 -1.2 -1.2 22.6 31.9 37.9 43 47.1 50.7 55 59.2 63.8 70.6 72.7 73.2 74.3 74.9 75 75 74.4 72.6 70 67.3 64.8 64 63.3 62.3 62.2 63.3 64.6 64.1 62.1 59.7 58.6 57.9 55.6 54.6 54.4 45.6 -1.2 -1.2 -1.2 -1.2 -1.2 -1.2 -1.2 -1.2 -1.2 -1.2 -1.2 -1.2 -1.2 -1.2 -1.2 -1.2 -1.2 -1.2 -1.2 -1.2 -1.2 -1.2 -1.2 -1.2 -1.2 -1.2 -1.2 -1.2 -1.2 -1.2 -1.2 -1.2 -1.2 -1.2 -1.2 -1.2 -1.2 -1.2 -1.2 -1.2 -1.2 -1.2 -1.2 -1.2 -1.2
39.1 -1.2 -1.2 -1.2 20.6 32 36.9 42.5 47 50.5 54.1 58.2 62.7 69.4 73.7 75.9 77 77.6 78.7 78.8 77.2 76 72.2 69.3 66.4 66.1 65 63.9 63.5 64.9 66.1 65.5 62.3 58.4 56 53.8 50.8 49.1 48.9 34.8 -1.2 -1.2 -1.2 -1.2 -1.2 -1.2 -1.2 -1.2 -1.2 -1.2 -1.2 -1.2 -1.2 -1.2 -1.2 -1.2 -1.2 -1.2 -1.2 -1.2 -1.2 -1.2 -1.2 -1.2 -1.2 -1.2 -1.2 -1.2 -1.2 -1.2 -1.2 -1.2 -1.2 -1.2 -1.2 -1.2 -1.2 -1.2 -1.2 -1.2 -1.2 -1.2 -1.2 -1.2 -1.2
28 -1.2 -1.2 -1.2 -1.2 29.3 35.9 41.8 47.6 50.9 53.7 57.3 61.8 67.6 74.9 79.2 79.8 80.9 82 85.7 86.4 78.4 75.4 71.1 69.4 67.9 66.8 65.8 65.9 67 68.4 65.6 61.7 58.1 54.2 50.1 46.7 42.8 31.2 -1.2 -1.2 -1.2 -1.2 -1.2 -1.2 -1.2 -1.2 -1.2 -1.2 -1.2 -1.2 -1.2 -1.2 -1.2 -1.2 -1.2 -1.2 -1.2 -1.2 -1.2 -1.2 -1.2 -1.2 -1.2 -1.2 -1.2 -1.2 -1.2 -1.2 -1.2 -1.2 -1.2 -1.2 -1.2 -1.2 -1.2 -1.2 -1.2 -1.2 -1.2 -1.2 -1.2 -1.2 -1.2 -1.2
-1.2 -1.2 -1.2 -1.2 -1.2 -1.2 32.4 44.6 47.7 51.2 53.3 56.3 60.5 65.6 73 80.4 84.1 85.2 85.7 87.4 88.4 83.7 79.6 75.9 72.3 69.3 68.7 68.2 68.7 70.8 71.1 65.9 59.8 56.9 54.1 50.2 39.2 -1.2 -1.2 -1.2 -1.2 -1.2 -1.2 -1.2 -1.2 -1.2 -1.2 -1.2 -1.2 -1.2 -1.2 -1.2 -1.2 -1.2 -1.2 -1.2 -1.2 -1.2 -1.2 -1.2 -1.2 -1.2 -1.2 -1.2 -1.2 -1.2 -1.2 -1.2 -1.2 -1.2 -1.2 -1.2 -1.2 -1.2 -1.2 -1.2 -1.2 -1.2 -1.2 -1.2 -1.2 -1.2 -1.2 -1.2 -1.2
-1.2 -1.2 -1.2 -1.2 -1.2 -1.2 14.1 40 49.7 48.5 50.7 53.4 57.9 62.8 70 79 84.3 87.9 89.2 90.1 89.1 86.8 83.7 80.1 78.2 76.1 73.7 72.9 73.2 74.6 72.3 66.2 57.9 54.7 52.6 49.7 37.5 -1.2 -1.2 -1.2 -1.2 -1.2 -1.2 -1.2 -1.2 -1.2 -1.2 -1.2 -1.2 -1.2 -1.2 -1.2 -1.2 -1.2 -1.2 -1.2 -1.2 -1.2 -1.2 -1.2 -1.2 -1.2 -1.2 -1.2 -1.2 -1.2 -1.2 -1.2 -1.2 -1.2 -1.2 -1.2 -1.2 -1.2 -1.2 -1.2 -1.2 -1.2 -1.2 -1.2 -1.2 -1.2 -1.2 -1.2 -1.2
-1.2 -1.2 -1.2 -1.2 -1.2 -1.2 -1.2 28.5 38 39.6 41.5 45.4 53.8 61.5 69.1 75.3 82.9 87.3 90.8 92.4 93 92 90.4 89.7 89.8 89.9 83 80.3 79 79 74.1 65.2 56.1 52.6 50.7 48.5 26.7 -1.2 -1.2 -1.2 -1.2 -1.2 -1.2 -1.2 -1.2 -1.2 -1.2 -1.2 -1.2 -1.2 -1.2 -1.2 -1.2 -1.2 -1.2 -1.2 -1.2 -1.2 -1.2 -1.2 -1.2 -1.2 -1.2 -1.2 -1.2 -1.2 -1.2 -1.2 -1.2 -1.2 -1.2 -1.2 -1.2 -1.2 -1.2 -1.2 -1.2 -1.2 -1.2 -1.2 -1.2 -1.2 -1.2 -1.2 -1.2
-1.2 -1.2 -1.2 -1.2 -1.2 -1.2 -1.2 -1.2 -1.2 9.6 30.6 35.9 47.1 58.3 67.1 74.1 80.1 84.9 90.1 93.2 95.1 96.1 96.2 95.3 94.7 93.1 91.5 85.7 84.1 81.7 75.6 65.9 55.5 50.7 49.3 48.5 -1.2 -1.2 -1.2 -1.2 -1.2 -1.2 -1.2 -1.2 -1.2 -1.2 -1.2 -1.2 -1.2 -1.2 -1.2 -1.2 -1.2 -1.2 -1.2 -1.2 -1.2 -1.2 -1.2 -1.2 -1.2 -1.2 -1.2 -1.2 -1.2 -1.2 -1.2 -1.2 -1.2 -1.2 -1.2 -1.2 -1.2 -1.2 -1.2 -1.2 -1.2 -1.2 -1.2 -1.2 -1.2 -1.2 -1.2 -1.2 -1.2
-1.2 -1.2 -1.2 -1.2 -1.2 -1.2 -1.2 -1.2 -1.2 -1.2 -1.2 -1.2 38.8 51.8 62.4 71.8 77.3 81.8 85.9 90.9 95 98.8 100.2 99.1 97.8 96.3 94.8 89.3 86.1 82.2 75.4 64.9 53.4 48.8 47.7 41.8 -1.2 -1.2 -1.2 -1.2 -1.2 -1.2 -1.2 -1.2 -1.2 -1.2 -1.2 -1.2 -1.2 -1.2 -1.2 -1.2 -1.2 -1.2 -1.2 -1.2 -1.2 -1.2 -1.2 -1.2 -1.2 -1.2 -1.2 -1.2 -1.2 -1.2 -1.2 -1.2 -1.2 -1.2 -1.2 -1.2 -1.2 -1.2 -1.2 -1.2 -1.2 -1.2 -1.2 -1.2 -1.2 -1.2 -1.2 -1.2 16
-1.2 -1.2 -1.2 -1.2 -1.2 -1.2 -1.2 -1.2 -1.2 -1.2 -1.2 -1.2 -1.2 41 55.1 66.5 71.4 77.1 81 87.7 91.8 99.4 101 100.4 99.4 97.4 95.6 93.1 88.4 82.5 74.8 62 50.6 46.5 44.9 -1.2 -1.2 -1.2 -1.2 -1.2 -1.2 -1.2 -1.2 -1.2 -1.2 -1.2 -1.2 -1.2 -1.2 -1.2 -1.2 -1.2 -1.2 -1.2 -1.2 -1.2 -1.2 -1.2 -1.2 -1.2 -1.2 -1.2 -1.2 -1.2 -1.2 -1.2 -1.2 -1.2 -1.2 -1.2 -1.2 -1.2 -1.2 -1.2 -1.2 -1.2 -1.2 -1.2 -1.2 -1.2 -1.2 -1.2 -1.2 23 -1.2
-1.2 -1.2 -1.2 -1.2 -1.2 -1.2 -1.2 -1.2 -1.2 -1.2 -1.2 -1.2 -1.2 32.1 48.2 56.7 64.2 70.7 75.9 81.6 87.7 94.8 97.8 98 98.2 97.8 98.2 99.3 89.7 81.7 70.7 59.3 47.8 -1.2 -1.2 -1.2 -1.2 -1.2 -1.2 -1.2 -1.2 -1.2 -1.2 -1.2 -1.2 -1.2 -1.2 -1.2 -1.2 -1.2 -1.2 -1.2 -1.2 -1.2 -1.2 -1.2 -1.2 -1.2 -1.2 -1.2 -1.2 -1.2 -1.2 -1.2 -1.2 -1.2 -1.2 -1.2 -1.2 -1.2 -1.2 -1.2 -1.2 -1.2 -1.2 -1.2 -1.2 -1.2 -1.2 -1.2 -1.2 -1.2 -1.2 -1.2 -1.2
