Game/Highland_Data/StreamingAssets/GeoData/Data/sh/SH22.asc
ncols 200
nrows 200
xllcorner 220000
yllcorner 320000
cellsize 50
[rows 0 to 37 of 200, columns 0 to 83 of 200]
92 92.5 92.1 91.2 89.4 86.2 83.8 85.5 88.1 91 91.2 89.6 88.4 89.9 95.4 96.1 96.4 95.9 97.4 98.8 101.7 105.1 108.8 112.2 116.6 121 123.3 123.3 123.5 123.6 125 124 123.1 124.4 126.5 130.1 133.4 135.6 136.3 137 139.5 143.6 147.3 150.2 152.4 159.2 160.2 160.8 164 166.9 166.6 167.2 168.9 171.3 174.5 177.7 181.6 188.1 194.4 199.9 205.5 210 215.9 223.3 232.8 246 250.4 248.8 245.2 242.6 237.3 230 223.4 214.9 207.9 202.1 197.6 192.9 187.3 182.2 160.7 133.4 112.2 94.7
90 90.9 90.9 90 88.2 85.1 83.7 85.4 88 90.4 90.9 88.3 86.7 91.2 93.8 94.6 95 94.9 96.4 98.1 100 103.2 107.2 110.7 114.4 118.6 120.3 121 122.1 122.3 121.7 119.8 123.3 127.7 130.3 132.7 135.8 138.1 139.9 140.8 140.4 142.9 146.3 150.7 156 159.9 163.7 166.1 168.5 170.7 170 171.6 172.7 174.8 178.1 182.7 188.9 194 198.9 205.2 210.3 215 225.2 235.1 243.2 255.6 256.2 253.8 250.1 246.2 238.5 232.4 225.8 219.6 213.5 209.3 205 200.9 195.3 191.4 164.9 136.7 114.3 96.9
88.2 88.5 88.4 88.1 85.2 82.8 83.7 85.9 87.9 89 89.9 88.6 87 91.8 92.4 93.4 93.9 95 96.7 98.5 99.7 101.3 104.8 109.8 112.9 115.8 117.1 117.4 118.6 118.7 118 120.9 124.4 128.4 131.4 133.2 135.5 137.8 141.2 143.5 145 144.7 146.3 151 156 160.9 165.3 169.7 172.9 174.8 174.6 175.3 176.8 179.5 185.4 190.4 194.4 198.6 207.5 213.7 216.8 225.5 233.7 245 251.8 262 261.2 259 253.6 248.1 240.3 235.5 228.8 223.6 219.5 215.3 209.8 205.4 195.9 186.2 166.1 142.7 118.1 100.4
86.4 87.1 86 85.1 83.5 81.9 83.6 85.5 86.7 87.8 88.5 87.8 87.9 90.6 91.5 92.5 93.4 94.6 95.4 97.7 98.7 100.6 102.4 105.7 109.8 112.2 112.4 111.7 114 117.5 121.6 123.9 123.8 125.5 131.7 134.4 136.2 138.6 141.9 145.4 147.4 150.3 149.6 150.8 157.4 162 166.7 170.5 175 177.1 177.8 179.5 181 185.9 190.3 195.3 200.5 208.5 218.1 222 225.5 236.2 245.7 250.9 263.5 266.9 265.8 265.9 258.4 248.7 242.7 237.7 232.5 228.1 223.8 218.9 212 204.9 190.5 177.7 159.6 137.3 119.5 102.3
84.2 85.3 83.6 82.3 80.9 81.8 83.3 86 87.7 87.5 87.4 85.9 88.6 90.6 90.7 91.5 92.5 93.5 95.9 96.6 98.8 101.1 102.7 105.1 107.8 109.2 108.7 111.7 115.1 117.8 120.6 125.1 128.3 129.3 129.9 132.2 133.5 137.9 142.8 147.4 149.5 153.1 154.6 152.1 156.9 162.9 166.3 171.1 175.4 177.5 180.9 183.3 188 191.8 196 200.2 208.3 217 224.8 231.7 236 248.5 252.7 266.8 270.4 269.6 269 266.9 258.4 250.8 244.4 239.7 234.7 231.2 226.2 219 211.6 200.2 184.6 169.6 154.8 137.1 119.4 100.6
82.7 82.9 82.3 80.9 79.5 81.3 83.1 85.8 86.9 87.2 86.8 86 88.5 89.2 90.4 91.1 92 93.1 95.1 96.8 99 102.2 104.2 105.2 106.3 106.8 109.3 112.2 114.7 117.8 122 125.4 129.6 133.1 135.4 134.9 136.3 137 143.8 147.8 151.6 155.9 156.8 154.9 159.1 165.1 168.7 172 175.2 178.1 182.5 188.2 193.7 198.9 205.6 214.4 220.4 225.4 231.2 241.2 249.1 259.6 262.6 274.5 274.6 273.9 273.7 267.5 258.7 252.3 246.9 241.6 237 231.9 224.9 217.1 207 193.8 181.6 168 154 138.2 120.3 100.4
80.9 80.5 79.9 78.9 80.7 81.7 83.5 84.6 85.8 86.3 84.9 86.3 88.2 87.4 89.3 89.9 92.4 93.3 95.7 96.9 98.2 101.3 102.8 105.1 105.2 104.7 108.8 112.1 115.1 118.9 122.4 126.1 130.5 134 137.5 141.2 144.8 141.6 143 149.9 154 157.9 160.1 157.2 160.3 165.9 171.1 174.8 178.1 181.8 186.8 193.1 202 208.1 215.3 225.2 232.7 240 249.2 255.9 263.8 267.5 274.9 282.2 281.1 281 277.5 269 261.2 253.4 248.6 243.6 237.1 231.5 223.5 214.4 203 191.9 180.7 168.6 154.3 138.3 121.2 97.5
79 79 78.5 78.3 80.9 82.6 84.3 85.4 85.5 85.9 84.8 85.2 86.1 87.7 88.7 90.8 93.6 95 94.7 96.3 98.6 101 103.1 105.4 104.5 103.6 107.7 111.2 114.3 118.2 123.1 127.4 131.3 135.2 139.8 145.5 150.7 150 143.1 151.4 155.6 158.9 160.6 159.9 162.3 167.4 173 178 181.3 185.7 191 199.5 210.5 215.5 221 232.6 246.2 260.5 266.3 269.8 274 277.4 282.5 285.7 286.2 289.8 278 270.9 263.7 254.1 249.9 242.7 235.3 227.8 218.4 209.3 202.9 191.8 179.6 172.3 154.4 136 114.6 95.1
78.1 77.7 76.9 77.8 79.9 82.7 84.7 85.9 85.7 85.6 84.3 84.6 85.2 87.2 88.7 91.7 93.9 95.3 95.7 97.5 99.5 101.5 102.4 104 101.7 102.7 106.5 110 113.3 117.4 121.8 127 133.4 139.1 143.1 147.1 153.5 154 149.2 144.7 154.7 159.3 160.6 162.2 164 168.7 174.4 179.9 184.9 189.1 194.9 204.1 215.8 222.2 229.7 244.9 266.3 279.9 281.4 282.6 282.6 282.9 286.2 287.3 288.4 285.7 278.5 272.8 264.5 254.7 249.5 241.4 233.5 223.9 213.9 206.3 199.9 190.2 181.4 168.9 150.5 128.7 113.1 96.5
77.3 76.6 76 77.6 80.2 82.4 84.2 85.6 86 85.2 84 84.4 85 87.2 88.9 92 93.7 94.4 95.2 96.6 99.5 101.9 102.5 101.9 100.9 102.9 105.9 108.2 111.6 116.2 121.3 127.1 135.4 142.4 146.4 149.9 153.4 155.9 156.5 152 149.5 160 162.4 164.2 166.1 171.9 176.5 182.2 187.8 191.8 198.9 210.9 221.7 228.8 239.7 259.8 281.1 288.5 290.3 296.5 288 287.3 287.6 288.6 290.1 287.3 278.2 273.2 263.4 253 246.9 238.4 230.3 220.6 209.8 202.8 195.7 187.5 182.1 161.4 141.8 125 111 98.6
77.5 75.4 76 77.3 80.1 81.7 83.5 85.2 84.6 84.1 83.9 85.1 86.3 87.5 90 92.5 93.8 93.4 93.9 96.1 99.8 101.5 101.3 100.1 99.3 101.4 104.4 107.3 111.8 116.9 121.6 127.6 136.4 144.2 149.5 153 156.6 158.8 160.2 158.3 153.9 154.8 164 165.9 170.2 174.7 178.3 184 188 193.5 202.3 214.7 225.3 235 249.7 273.5 289.2 293.1 298.1 297.3 289.6 287.9 287.8 289 291.1 286.7 276.7 273.7 258.7 248.4 242.5 232.7 224.2 214 207.8 202 192 183.9 169.4 152.3 137 121.3 107.3 97.4
77.1 75.4 75.5 77.5 79.3 81 83.2 85.4 84.7 83.8 83.4 85 86.2 86.6 88.7 91.8 92.7 91.6 92.6 97.1 99.4 99.5 98.4 97.6 98.4 100.1 102.3 107.2 111.6 117.1 121.9 127.5 136.1 144.4 151.6 156.7 160.2 162.1 162.7 163 160.7 156.4 160.8 167.2 173.4 176.7 180.1 185.6 188.1 193.8 203.4 217.4 229.8 240.5 262 285.9 293.4 298.4 298.1 292.9 289.4 288.2 287 287.8 289.1 282.6 275.6 270.6 255.4 243.8 237.1 226.6 217.7 211.7 205.8 199.8 184.4 174.7 161.1 148.7 134.7 120.6 105.4 97.7
76.8 74 76.2 77.9 79.6 81.4 83.5 84.9 85 84.2 82.5 84.3 85.9 87.5 89 90.9 90.5 90.1 92.6 95.9 97.4 96.6 96.2 96.9 98 99.6 102.4 106.5 109.5 115 122 128.2 134.7 144.7 152.9 159.5 163.6 165.7 165.7 166.2 167.3 164.4 158.9 168.2 175.5 178.6 182 185.5 188.8 195.3 206.1 223.1 234.8 247.1 272.7 292.2 296.7 298.9 295.1 289.5 288.7 286.9 285.9 285.6 287.8 279.6 273.2 268.4 245.9 237.2 229.8 221 213.3 209.2 200.6 190.6 178.7 167.7 157.4 144.8 132.4 116.3 105.4 97.3
74.7 74.6 75.9 77.7 79.6 81.4 83.5 84.1 83.4 81.6 83.3 84.4 86.3 87.5 89.6 89.7 88.4 90.1 91.7 93.4 93.1 94.3 95.4 97.1 97.9 99.8 102.5 106.7 110.3 115.5 121.8 127.7 134.8 142.4 153.5 162 168.2 171.4 173 171.5 174.3 171.8 164.2 167.9 173.2 177.9 182.3 186.1 190.5 198.4 209.2 222.1 235.8 254.6 283.5 294.5 296.9 297.2 291.5 286.1 286 283.9 281.1 280.8 283.9 276 268.3 259.6 238.9 231.2 224.5 217.2 210.1 203.1 195.1 183.7 174.4 164.5 153.1 141.7 129.8 111.5 102.8 97.8
72.5 74.9 76.8 78.5 80.8 82.8 83.3 83.4 83 82.7 84.2 84.6 85.7 86.9 87.5 87 87.8 88.7 89.3 91.1 93.1 95.1 96.6 97.2 96.2 98.7 102.8 107 111.4 116.4 121.6 127 133.8 141.7 152.7 163.8 172.1 176.7 178 177.1 177 173.7 166.4 170.3 174.1 179.1 183.4 187.8 193.8 200.8 210.8 222.6 236.8 258.5 290.7 293.8 295.4 295.8 285.3 281.5 279.7 278.4 276.2 275.3 275.2 267.5 261.1 253.9 235 226.7 220.9 214.6 207.6 200.2 193 182 170.1 160.2 149.5 139.4 127.1 114.9 103.8 95.8
72.6 75.2 78.1 80 81.5 82.9 83.1 82.6 81.2 83.4 84.7 85.5 86.1 85.7 86 87.3 87.6 88.7 91 93 94.9 96.8 97 97.1 96.5 99.5 101.7 106.4 111.7 117.2 121.9 127.6 132.5 139.6 149.8 163.1 180.9 185.1 182.4 179.8 178.5 175.6 171.6 173.4 176.9 181 185.4 190.1 195.7 202.4 212.3 223.4 239.8 261.1 287.6 291.3 292.9 294.8 282.8 275.5 272.8 271.1 269.6 268.8 266.8 262.1 252.2 243.7 230.5 223.2 217.8 212.4 207.1 198.8 191.7 177.8 166.9 156.3 145.2 135.7 125.6 115.6 106.3 97.6
73.2 75.8 78.5 80.9 82.8 83.3 82.9 81.7 81.6 83.2 83.4 84.7 84.4 85.5 85.6 85.8 87 89.4 92.5 93.6 95 96.3 96.7 95.7 97.8 99.1 102.5 106.3 111.4 117.2 121 126.8 131.6 137.1 149.3 166.9 183.1 188.1 185.5 182.2 180.4 178.4 176.4 176 180.3 183.7 188 192.5 198.4 206.2 215 226.1 240.4 264.8 284.7 286.6 290.9 293.9 274.1 267.2 267.1 265.3 263.6 261.6 258.8 252.3 244 235.3 226.9 220.1 214.8 210 205.6 194.1 186.8 175.7 160.1 150.6 142.2 133.3 124.8 116.5 109.8 101.5
74.1 76.8 79.7 82.1 83.5 83.6 83.3 81.4 80.5 82.2 82.8 83.4 84 84.7 85.1 85.3 86.8 89.5 92.2 92.7 94.1 95.1 95.7 94 97.8 99.5 101.5 105.8 111 116.7 121.3 126.9 132.5 137.5 151.4 169.6 183.5 189.7 187.3 183.8 182.1 181 179.9 180.6 183.1 186.6 190.8 196.1 201.8 209.3 218.2 228.4 245.7 270.3 282 282.8 283.7 279.3 267.4 262.5 262.6 260.7 258.7 257.6 255.1 246.8 237.2 229.3 221.3 215.8 210.7 203.8 197.2 186.1 179.3 165.1 154.9 147.7 139.9 129.4 122.9 117.4 112 106.3
74.4 77.2 80.2 81.8 84.2 84 83.3 81.2 80.8 81.2 81.4 82.2 82.5 83 84.5 84.7 86.2 87.9 87.6 90.5 92.6 94.2 94.1 95.6 98 99.3 100.8 104.6 109.3 115.8 120.7 126.3 132 137 151.6 169 184.9 189.9 187 184.1 183.3 182.9 183.2 184.5 186.9 190.8 194.5 199.7 206.6 214.4 222.5 232 249 274 279.7 278.2 276.6 270.5 261.9 258.4 258.4 256.1 255.4 256.7 251.9 239.5 232.1 221.7 214.8 209.4 203.5 195.4 185.8 176.6 168 158.3 151.7 142 135.3 126.6 121.8 117.5 112.4 98.4
75.9 77 79.5 81.8 83.5 84.1 83.4 81.2 80.2 80.3 79.6 79.9 81.3 82.6 83.9 84.1 84.6 85.8 89.6 90.5 90.8 93.1 92.4 97.1 99.4 99.6 100.3 104.6 109.5 113.7 119.3 124.7 130 135.8 152 169.3 183.4 188.6 186 184.4 184.8 186.2 187.4 189.5 193 196 199.3 203.5 211.5 220.2 227.2 236.8 252.7 274.1 275.7 274.5 271.1 262.4 256.7 254 253.2 251 250.4 253.5 246.9 232.5 225.1 215.8 208.5 201.4 194.3 187.1 178 170.1 162.5 154 146.3 138.5 130.4 124.6 119.5 115.3 106.6 80.7
77.4 79.8 80.9 82.2 83.6 83.7 82.4 80.7 77.9 78.3 79.9 81.1 82.2 83.6 84 84.1 85 86.7 90.1 91.7 91.8 91.5 93.8 96.6 98.4 99.6 100.5 104.7 107.9 112.1 118.1 123.2 128.6 134.6 150.3 168.2 181.5 185.8 185.1 186.4 189.3 191.7 194.4 197.1 199.6 202.4 205.3 209.7 220 225.4 230.9 238.6 251.8 272.2 270.5 269.7 268.4 255.9 251.2 248.5 248.2 246.1 243.3 242.8 235.3 226.5 217.2 209.2 200.2 192 186.7 181.3 174.2 164.1 155.6 148.5 142.2 136.1 127.2 121.8 117.1 112.8 98.4 70.7
77.4 80.1 81.2 82.6 82.9 82.9 81.7 80.4 78 79.4 80.7 80.6 82.2 83.8 84 84.2 84 86.6 89.9 92.6 92.8 91.7 93.3 96 97 98.7 102 105.4 108.3 111.3 117.2 123.2 127.9 134.8 149.2 168.2 179.5 183.1 184.7 188.5 192.3 196.6 199.4 202.5 205.7 208.6 211.7 215.5 223.2 230.6 234.4 240.9 253.2 265.2 266.5 265.3 260 249.6 245.1 242.5 240.6 239 235.6 234.7 229.5 217.8 210.5 202.5 192.1 184.2 179.4 174.3 166 158.8 150 143.3 136.8 131.1 122.1 117.2 114 107.1 92.9 63.2
78.2 80.4 81.8 82.8 83.3 83 82 79.9 77.5 79 80.1 81.2 81.9 84.1 83 84.2 84.8 86 88.7 93 93.6 93.1 95.2 95 96.8 97.7 100.6 105.9 108.8 112.8 117.6 122.5 126.8 135.6 145.6 168.2 175.7 179 183.2 188.9 194.6 198.9 203.5 207.8 211.5 215.1 219 226.1 232.8 234.9 238.2 242.9 252 262.6 261.6 259.6 250.6 242.4 239 237.1 234.1 230.2 226.5 224.9 218.2 211.3 202.1 194.5 184.8 176 171.9 166.1 159.7 152.6 144.8 138.2 131.3 126.3 117.8 113.5 109.4 102.8 86 60.6
77.8 79.9 81.3 82.7 83.1 83 81.5 80.1 76.4 78.6 80.8 80.6 82.2 82.2 84.5 85.5 85.9 86.5 88.7 93.8 94.6 94.1 95.4 96.1 97.5 99.7 102.5 104.7 108.4 113.7 118.1 121.3 128 138 151.9 165.2 172.2 176.4 181.4 188.4 195.5 201.8 207 212.2 217.8 221.5 226.3 232.1 235.8 236.4 239.2 243.7 252.3 260.7 258 252.9 246.4 237.1 232.3 230.3 228 224.3 220.8 218.6 214.2 200.5 193.5 183.1 175.7 169 165.1 160.5 154.9 148.7 141 131.7 126.2 120.3 113.9 109.9 105.7 100 83.2 57.1
76.8 78.6 79.1 82 82.6 82 80.4 78.6 75.2 78.8 80.3 80.6 81.6 82.4 84.1 85.9 85.9 85.9 88.6 93.5 94.2 94.9 96.6 98.1 100 102.2 103.6 106.5 109.9 113.9 118 121.7 130 139.4 149.2 161.3 167.3 172.3 178.9 187.2 195.4 204 211 217 223.4 227.5 232.8 236.7 238.6 237.9 240.2 244.3 251.6 256.5 254.9 249.2 241.1 231.7 227.7 226 225.2 219.2 213.7 210.8 203.3 192.8 184.2 176.5 169.9 163.4 159.9 155.8 151.4 146.5 135 126.8 119.8 114 110 106.3 102.4 97.8 79.1 51.8
76.2 76.6 78.8 80.7 81.1 80.3 79.2 77.7 75.4 78.4 79.6 81.7 82.2 83.6 83.6 84.5 84.3 84.3 87.8 91.2 93.1 95.1 96.6 98.5 100.7 103.1 105.5 109.4 111.3 114.7 118.7 123.5 132.4 138.8 146.2 156.4 165 170.3 176.7 185.2 193.3 204.9 213.1 220.9 226.8 231.2 237.2 240.3 239.6 238.5 239.9 243.2 248.7 253.4 251.4 243.6 233.9 225.9 224 224.1 222.8 213.4 205.4 201.8 193.3 183.8 176.8 169.5 162.8 157.5 154.6 152.4 148.2 142 130.3 121.7 115.1 107.9 104.6 99.8 97.2 93.4 74.6 50.5
75.9 77.8 76.7 78.5 79 78.1 77.5 74.7 77.4 79.4 81.3 83.1 83 83.2 83 82.8 82.9 84.3 87.1 90.7 92 95.3 97.8 100.1 102.1 103.8 106.5 109.6 111.8 114.8 120.5 125.5 131.3 138 145.4 153 161.9 168.8 174.1 181.6 191.6 202.8 212.9 221.9 228 233.2 238.7 239.9 238.9 238.9 241.2 242.8 247.4 251.6 248.9 236.8 224.9 221.4 220.4 220 215.8 204.9 197.6 193.4 188.5 178.6 169.7 163.3 155.7 152.1 150.6 149 147 141.3 128.8 117.5 109.6 102.8 98.2 91.4 89.2 84.7 78.8 47.8
75.8 74.8 75.6 76 76.4 76.3 74.5 73.6 78.3 80.5 82.3 84.2 84.3 83.6 82.1 82.5 82.4 84 86.8 88.7 92.3 95 98.4 100.6 103.7 105.3 107.5 108.9 112.9 117.4 121.8 126.9 131.2 136.7 143.1 150.6 160.5 164.7 169.9 177.8 188.6 199.5 209.6 220.7 227.6 233.2 237 237.5 239.1 239 240.9 243.5 248.9 248.8 242.8 224.7 217.1 217.4 215.1 214.2 204.6 195.8 189.5 185.5 181.6 172.1 163.5 154.7 149.6 147.1 145.9 146.5 147 143.4 130.8 111.7 102.2 95.3 87.5 79.4 80.7 76 64.5 41.7
75.3 74 73.5 73.2 74.1 73.1 74.3 77 79.4 81.6 83.7 84.5 83.5 82.8 82.4 82.7 82.6 83.3 86 88.4 92.1 97 100 102.3 104.6 106 107.4 110.2 114.6 118.6 123.3 126.6 130 134.4 139.9 147.1 154.2 160 166 174.8 184.2 195.6 207.4 217.9 226.2 231.4 235.9 238.8 240.8 239.9 240 241.6 245.5 244.8 228.6 217.9 212 212.2 206.9 203.6 197.4 188.8 183.9 181.4 174.9 165.2 155.7 148.4 144.7 142.3 142.1 144.3 147.6 143.3 125.8 105.6 92.1 82.8 70.4 62.4 55.3 51.3 42 43.7
75.3 76 73.3 72.5 71.8 72.2 75.9 78.6 80.8 82.5 84.1 85.6 83.7 82.5 82.6 82.8 83.5 84.2 87.6 91.7 94.4 97.7 100.6 102.9 105.2 106.4 107.6 111.6 115.9 120.3 123.4 125.4 128.2 131.8 137.1 142.8 148.4 155 162.5 172.3 180.9 192.1 204.5 214.9 224.5 230.4 235.8 241.2 243.4 242.1 240.7 240.4 241.1 235 218.7 211.2 207.1 205.4 202.2 197.5 192.2 185.4 182 180.1 171.7 159.1 150.7 144 139 137.6 136.1 137.7 139.7 134.4 116.6 97.1 79.3 65 52.1 43.8 43.1 39 38 31.9
77.6 77 74.2 72.3 71.5 73 77.3 79.7 81.2 83.2 85.5 85.6 83.3 82.5 82.7 82.9 84.8 86.2 90.1 92.6 95.1 98.1 101 101.4 104.3 106 107.8 111.6 115.9 120 122.6 123.9 126.6 130.3 135.8 140.1 146.3 153.4 162.9 169.8 180.4 189.7 202 212.9 222.3 229.5 237.3 254.9 249.9 242.3 239.3 239.2 236.9 224.8 212.6 205.6 202.8 200.4 197.4 193.7 188.3 183.4 178.9 175.1 163.2 153.3 146 139.6 134.4 131.2 129.3 128.6 124.7 116.8 104.4 85.5 68.1 51.6 43.6 37.8 34.1 27.4 24.6 19.4
78.4 76.7 74.4 69.9 69.9 73.1 78.4 82 83.9 85.1 85.6 85.2 83.3 83 82.7 83.4 86.7 89.8 91.6 92.9 95.1 97.5 99.6 102.3 104.6 105.3 107.4 110.8 114.6 118 120.3 122.5 125.7 129.3 134 138.5 144.1 151.6 159.2 166.6 178 186 197.1 208.8 221 228.7 242.1 251.9 245.8 239.8 236.8 237.2 230.3 213.7 205.8 201.2 198.5 196.9 193.9 190.1 185.8 181.8 174.6 166.1 157.8 149.3 139.3 133.8 129 124.4 122 118.4 115.2 105.7 91.7 73.8 59.2 45.6 38.6 30.3 26.2 21 14.2 2.6
78.8 76.5 73.3 69.1 69.4 75.5 78.5 82.4 84.3 85.5 85.2 83.8 82.4 82.3 83.3 84 87.5 91 92.6 93 96.9 99.3 100.7 101.7 103.4 104.6 107 109.6 112.9 116 119.1 122 125 128.4 132.1 136.4 141 147.3 154.9 162.9 172.3 180.4 190.7 203.5 214.8 225.5 247.2 243.4 237.9 234.1 230.6 233.3 216 206.5 202.1 197.7 195.6 193.3 191 188 186.1 180.8 171.7 161.4 149.1 141.2 134.8 128.4 123.4 117.7 114.9 110.4 104.1 95.6 79.9 66.3 55.1 44.2 32.6 25 19.7 13.7 1.5 1
78.1 76.3 71.3 68.9 70.8 75 78.2 82.2 83 83.6 83.3 81.6 83.2 83.9 83.3 84.8 86.3 89.2 91.9 95 97.1 98.4 99.7 100.5 102.4 104 106.2 109.9 113.3 116.5 118.8 121.1 123.4 127.3 130.9 134.8 140.3 145.8 152 158.7 168.2 175.9 184.2 194.6 206.4 222.2 238.5 235.8 230.2 225.8 224.2 219.2 206.5 201.3 198.5 195.3 192.7 190.4 188.7 188.5 187.7 180.2 166.6 155 144 137.1 130.7 124 119 113.2 109.5 103.8 96.9 85 72 59.5 49.4 33.1 23.2 18.4 12.9 1.4 0.9 0.2
76.5 74.2 70.7 67 71.7 72.2 76.9 77.7 79.9 80.4 80.8 82.8 85 85.8 83.8 85.2 88.2 91.7 92.1 93.6 96.7 97.6 98.7 99.7 101.1 104.3 107.6 110.5 113.6 116.4 118.2 119.2 121.7 125.7 129.5 133.5 138.7 143.7 149.8 154.2 162.2 170.7 178.9 189.3 200 221.3 230.5 225.9 222.2 218.9 216.4 207.9 201.8 198.5 196.1 193.1 190.1 187.5 186.6 188.3 183.3 171.2 157.2 147.6 141.2 133.3 126.8 121.6 115 108.5 103.1 96.2 84.9 75.6 61.5 51.9 39.3 26.4 20.3 8.2 1.2 0.3 -0.1 -0.4
73.3 71.1 67.4 69.1 73.3 77.3 78.7 79.3 79.1 80.9 80.8 82.7 84.2 85.2 83.9 87.8 89.8 92.5 94.1 95 95.8 97.3 97.9 99.1 100.8 104 107.7 109.9 113.7 116.1 116.8 117.4 120.1 123.8 127.8 132 136.4 140.8 146.2 151 157.3 164.5 172.9 175.1 192.5 213.8 218.5 216.4 214.3 212.4 209.9 203.9 199.8 196.2 193.5 191 188.1 184.3 183.1 181.7 175.5 161.5 152.1 144.8 137.1 131 124.2 117.9 111.7 104.1 97.8 88.1 77.3 66.3 51.7 45.6 25.6 21.2 12.7 2.1 0.1 -1.2 -1.2 -1.2
68.3 66.9 66.9 70.5 74.4 78.1 80 79.8 78.8 78.3 79 80.6 81.4 84.7 86.6 89.6 91.7 93.3 96.3 95.8 96 97.7 97.9 98.5 100.1 103.7 107.1 109.3 113.1 115.3 115.9 116.7 118.7 122.2 126.5 130.5 134.9 139.4 143.5 149.1 154.1 159 166.1 167 185.9 202.5 209.3 209.1 207.8 206.6 201.6 199.9 197.2 195.2 192.2 189.4 186.4 182.2 179 174.9 167.5 156.3 147.8 140.6 135.1 128.4 120.9 115.2 108.8 98 90.5 80.1 71.7 58.2 49.1 34.6 22.9 10.2 3.4 1.1 -1.2 -1.2 -1.2 -1.2
66.6 69 70.4 71.4 73.8 74.7 77 76.2 77.5 79.8 81 82.8 82.8 84.7 86.6 89.9 93.3 95.3 96 95.9 96.8 97.6 98.2 98.9 100.7 103.7 106.1 107.9 111.5 113.2 114.5 116.2 117.7 121.2 125.4 129 133.5 138 141.6 146.6 151.9 155.9 164.2 166.1 180.1 194.7 200.6 200.6 199.9 198.6 197 196.4 195.4 194.8 192.1 188.6 185.1 181.8 177.2 170.4 158.5 149.9 143.6 137.2 131.8 124.4 118.3 111.3 101.3 93.2 84.1 74.9 63.1 55.1 48.4 39.2 12.9 1.6 0.9 0.2 -1.2 -1.2 -1.2 -1.2
