Game/Highland_Data/StreamingAssets/GeoData/Data/sh/SH49.asc
ncols 200
nrows 200
xllcorner 240000
yllcorner 390000
cellsize 50
[rows 148 to 184 of 200, columns 85 to 169 of 200]
33.9 33.8 33.8 32.4 32 27.9 26.5 27.8 30.9 28.1 30 32 35.3 35.4 35.8 38.1 41.2 39.8 40.1 40.5 40.3 41.6 42 39.8 37.6 35.9 34 33.8 37.4 38.3 49.3 50.1 50.9 44.7 41.6 38.1 36.6 38.2 37.8 36.2 34.2 34 33.8 33.7 33.9 33.6 34 33.8 34 33.9 33.9 33.9 33.8 34.4 34.6 34.5 34.6 34.7 34.7 35.2 35.1 34.5 33.3 36.4 36.1 36.4 37.2 38.4 38.9 41 43 49.4 56.1 58.6 57.7 54.1 50.5 43.6 36.2 11.5 -2.2 -2.2 -2.2 -2.2 -2.2
33.2 33.1 32.9 32.2 31.8 28.2 27.3 27.9 27.8 29 31.7 35.2 34.9 37.7 38.6 39.6 42.1 41.7 45.2 46 46.3 42.7 45 39.6 41.5 40.4 39.4 39.6 39.6 47.4 48.9 48.9 46.3 42.6 41 38.5 35.8 34.8 35 33.8 34.1 33.8 33.7 33.8 34.2 34.1 33.7 33.8 33.9 34.7 33.7 33.7 33.7 34.5 34.7 34.8 34.9 35.1 35.3 35.7 36.1 36.1 37.6 39.2 39.1 40.2 40.5 42.7 44.8 50.4 56.3 60.9 67 68 66.8 62 54.8 45.6 26 -2.2 -2.2 -2.2 -2.2 -2.2 -2.2
34.9 36.4 33.1 30.7 30.6 30.1 33.3 30.6 28.6 29.8 31.3 36.7 37.3 39.9 40.5 40.5 42 43.9 49.4 50.7 47 46.5 44.2 44.2 48.5 41.7 40.4 40.8 45.4 47 48.6 47.6 45.2 43.6 42.6 36.1 34.7 34.5 34.6 34.4 34 34.2 33.5 34 33.8 33.9 33.8 34.4 34.2 34.1 34.1 34.2 34.4 35.6 36.8 37 37.8 37.8 38 37.7 39.5 40.8 42.1 42.7 43.1 44.6 46.4 49 55.8 59.7 65.2 70 72.9 72.8 70.2 64.5 57.4 53.3 39.2 2.6 -2.2 -2.2 -2.2 -2.2 -2.2
36.1 37.4 34.2 35.1 31.5 33.4 32.6 33.3 32.9 32.1 33.8 35.4 40.1 38.4 39.7 41.4 41.7 46.2 47 48.9 51.5 49.3 49 48.4 46.4 40 41.7 44.4 47.4 46.3 48 46.5 43.9 42.8 41.5 36.9 35.1 35.7 34.4 34.3 33.8 33.7 33.8 34.3 33.9 34.5 35 35.5 35.3 35.3 35.3 36.5 40.5 41.2 43.5 42.1 43.7 45.5 44.3 45.6 45.6 44.2 45.7 46.6 48.4 51 54 58.4 63.4 69.2 73.2 76.3 77.7 78.8 75.3 72.5 64.7 58.2 48.3 16.7 -2.2 -2.2 -2.2 -2.2 -2.2
35.5 35.8 36.6 37 36.8 36.2 34.9 34.5 35.6 39.3 37.5 39.4 37.8 38.2 39.5 44.5 43.3 43.8 44.3 48 53.1 54.9 52.8 46.2 39.9 40.2 45.2 45.2 48.6 46 47.2 45.3 43 41.9 39.7 37.8 36.4 35.4 34.5 34.1 34 34 33.7 34.3 34.4 36.5 38.7 37.7 38.1 40.4 41.2 45 50 51.7 51.8 51.9 52.3 50.5 49.4 50.8 49.2 50.3 53 52.9 54.6 57.2 63.2 68.7 71.6 75.8 79.2 83.4 86.1 87.6 85.5 82.3 76.5 71.3 66.2 54.6 38.4 -2.2 -2.2 -2.2 -2.2
34.3 35.5 36.3 37.5 38.1 36.9 36.9 38 39.9 40.2 42.5 42.6 40.8 40.5 41.6 43.2 44.7 44.5 44.2 51.4 52.7 51.4 43 40.9 40.2 43 43.7 46.1 47.1 45.6 46.1 43.5 41.8 39.2 38 36.9 36.4 35.9 34.8 34.5 34.4 34.3 35.9 36.8 39.6 40.1 40.4 40.7 43.6 47.1 51.9 56.5 58.1 59.5 60 61.3 58.8 60.5 60 59.9 60.3 59.7 58.7 58.3 60.9 65.2 71.5 75.5 78.8 81.1 84.8 92.1 97.5 97.5 94.1 89.7 84.3 81.9 73.1 67.8 56 42.7 31.3 21.2 -2.2
35.2 35.9 35.7 36.5 37.6 42.2 44.7 41.3 42.1 42.7 44.5 44.9 44.5 44.8 43.6 47 46.2 46.4 47.3 51.3 48.9 45.2 43.5 42.5 41.7 42.1 41.7 41.4 44.3 45.5 43.1 41.6 41.7 41.1 40.3 37.6 36.7 36.2 35.6 35.5 35.8 36.9 39.8 41.4 42.4 42.2 45.3 47 51.6 55.9 61.3 65 67.3 69.1 70.7 71.4 70.9 67.4 64.6 64.8 65.4 65.6 64.2 66.8 70.5 73.8 79.4 84.2 89.4 94.5 100.6 103.5 105.2 104.2 100.6 97.4 91.5 86.4 82 75.4 69.1 58.5 48.8 33.7 33.3
36.9 36.5 36 37 39.3 45.1 44.2 44.3 44.9 47 46.3 46.9 48.8 47.8 46.1 46.5 50.1 48.6 47.8 47.8 46.1 45.4 46.4 45.6 43.9 44.1 43.1 42.8 43 42.8 41.6 42.5 42.5 42.4 40.1 38.5 38.7 38.3 38.3 41 41.6 43.9 45.2 45.6 46 48.2 52.2 57 60.6 64 67.5 71.2 76.6 77.9 80.4 79.7 79.2 76.7 74.3 72.6 69.7 70.3 71.1 75.5 78.2 82.8 89.7 91.7 97.7 103.7 108.8 111.9 113.1 110.2 106.1 99.6 96.3 91.4 87.4 82.9 74 63.5 49.6 54.8 51.1
37.9 37.5 37.5 38.1 39.8 47.7 51.7 54.5 51.8 51 49.7 50.6 52.2 51.7 49.8 51.3 50.8 49.3 48.4 48.1 48.3 47.4 48.2 49.9 44.1 42 42.9 44.1 42.5 41.8 43 44.1 42.7 41 40 41.6 42.6 44.2 47.6 48.4 48.2 52.4 51.9 52.5 56.1 59.7 63.1 66.7 68.3 70.6 73.4 79.2 83.8 87.4 87.8 86.4 85.8 84.4 81 78.2 76.5 79 82.2 84.5 89.4 94.1 100.2 105.7 109.7 110.6 109.3 114.6 112.2 110.8 104.4 100 96.9 93.3 88.5 83.4 72.9 61.6 65.7 61.8 55.3
40.4 39.2 39 39.5 41.4 46.3 50.9 52.2 54.3 53.2 53.6 56.8 58.5 57 53.2 54.1 53.6 52.1 51.2 50.7 50.2 48.8 50.5 45.2 43.3 43.6 43.6 42.4 44.2 44.3 45.3 43.8 42 42.5 41.3 43.6 48.5 50.8 52.5 53.6 56.9 59.1 63.7 63.5 65.6 68.8 70.7 72.3 74.9 78.5 81.3 85.8 91.3 93.4 93.6 92.8 91.8 91.1 88.4 86.4 89.2 91.4 93.5 95.9 101.8 106.2 110.5 113.6 117.7 121.2 119.5 114.9 110.1 104 102.4 99.7 96 90.1 85.7 78.1 73.5 71 71.5 66.4 63.1
46.3 46 44.6 40.7 41.5 48.6 53.2 54.1 54.3 57.7 58.7 59.7 61.8 56.7 54.9 55.1 54.9 54.4 54.6 53.7 51.8 47.6 45.4 44.4 45.9 47.1 46.4 45.9 48 46.6 47.3 47.6 47.2 45.4 44.9 47.3 50.2 51.9 55.7 61.9 63.8 65.6 68.3 71.6 74.3 79.8 77.8 78.8 82.5 84.3 88.1 91.6 95.7 98.9 100 99.4 98.6 99.2 103.1 100.7 104.1 106.9 112.3 117.8 120.2 121.4 125.9 127.3 127.8 126.5 124.5 121.2 117.1 110.1 103.7 99.9 92.2 86.9 82.3 81.3 81.5 78.6 77.5 73.7 70.6
51.1 50.9 48.4 42.8 44.1 50.2 56.1 54.8 58.3 62 62.3 63.9 64.2 57.5 55.7 55.9 56.2 57 56.9 55.7 52.5 48.1 48 48.7 48.1 48.4 50.2 51.2 50.8 50.5 51.6 50.7 49 46.1 48.4 50.3 51.7 53.5 57.9 62 64.6 68.2 69.9 74.5 81.6 84.6 86.6 86.5 88.2 89.4 94.5 98.6 103.3 103.5 104.6 106.5 109.3 113.3 115 117.8 121.6 127.3 132.5 135.1 134.2 135.6 137.9 138.4 135.7 132 129.1 123.9 116.3 112.2 105.6 101.4 102.8 93.1 88.1 86 86.9 85.3 83.1 78.9 74.1
53.7 53.8 50.4 49.5 47 49.7 53.5 59 64.6 66.3 68.8 68.8 65.3 60.3 57.5 57.4 61 60.1 57.8 54.3 51.5 51.8 51.9 50.6 48.7 49.1 50.5 52.7 56.1 58.3 56.4 51.7 47 50.4 53.6 52.1 52.8 55.4 59.9 62.9 65.7 68.2 68.3 74.8 82.7 88.5 85.2 85.1 88.8 92.1 97.8 100.6 103.6 105.7 110.5 111.3 118.5 126.3 125.3 130.8 138.8 141.9 145.6 148.6 144.4 143.3 142.3 140.2 133.3 130.6 124.4 107.3 105.3 109.4 106.3 100.9 94.9 91.1 89.9 91.6 91.3 89 85.7 80.4 75.7
56.4 55.4 49 51.2 52.4 52.5 53.5 58.1 65.5 70.5 69.9 68.3 67 63.1 62.5 63.8 63.1 59.8 54.7 52.6 53.5 54.1 54.2 53.7 52.6 52.4 53.1 61.8 58.8 55.8 51 53 56 56.8 57.4 55 54.3 56.9 58.7 62.4 64.4 65.5 66.7 71.6 80.9 82.2 83.1 84.7 88.4 91.4 96.2 103.3 105.1 106.1 109.4 112.9 122.6 126.5 132 143.3 145.5 148.5 152.3 156.7 153.2 149 143.3 135.8 131.1 125.2 115.8 102.4 101.8 101.5 102.2 99.1 94.8 90.8 94.2 97.3 95.8 93 88.2 83.9 77.3
59.8 57 53.4 56.2 57.2 57.9 57.9 60.6 63.9 67.8 68.4 69.8 66.4 65 64.7 64 63.3 57.3 54.7 55.4 56.5 57.8 59.1 58.8 58.6 58.4 58.2 57.5 56.4 54.4 55.5 59.2 59.5 60.4 60.6 58.6 59.5 61.6 62.9 62.9 62.3 63.2 65.5 71.2 77.8 80.7 83 84.9 86.5 91.9 100 102 109.1 112.4 113.1 122.4 125.2 132.9 143.7 155.1 156.4 161 161 161.6 158.6 152.5 146.6 140.4 129.2 120.8 112.8 97.9 98.7 100 100.8 99.8 97.3 91.8 95.9 99.4 99.4 97.4 92.1 86.9 80.6
60.9 58.5 55.7 59 59.8 60.8 61.3 63 65.2 66.9 65.6 65.8 65.2 63.3 65.6 64.9 60.2 59 58.7 59.9 61.1 61.9 63.7 62.7 61.4 60.9 59.5 56.8 56.2 52.8 59.9 61.2 62 63.5 63.9 61.7 63.1 64.2 65.7 65.3 63.4 64.2 67.9 73 76.6 80 83.2 84.1 86.2 90.6 97.5 105.7 109.1 112.5 117.9 123.8 131.7 144.3 153.2 159.1 162.8 167.8 166.4 167.4 163.4 158.1 151.8 143.1 128 115.7 103.2 97.5 95.7 96.6 95.8 94.2 94.5 96.9 99.9 102.1 101.1 97.7 92.7 86.7 80.7
60.6 59.2 59.9 62.3 63 63.3 61.9 62.7 65.5 67.4 64.6 62.5 62.8 64.2 63.6 62.2 61.5 61.3 62.6 64.5 65.8 67.4 63.5 62.4 61.6 60.8 61.5 59.2 55.3 56.4 61.4 63.4 64.9 67.7 66.7 64.1 65.8 67.2 68.8 67.4 65.4 65.6 69 73.1 76.5 79.8 82.6 82.9 87.7 94.1 102.4 108.2 117 114.3 118.5 126.4 143 150.5 158.1 165 168.7 170.5 169.9 165.6 166.3 159.7 146.8 135 123.9 109.8 100.3 97.9 97 96 94.9 97.6 102.9 102.8 104.2 103.2 100.9 97.8 92.5 85.9 79
60.5 59.9 61.9 64.9 67.3 65.7 62.8 61.3 64 65.2 63.2 63.6 62.6 62.5 62.3 61.6 62.3 64.4 66.3 69.2 69.7 68.3 66.8 64.6 62.7 61.8 60.8 58.5 54.6 57.3 61.4 64.7 67.8 70.5 67.8 65.5 67.6 69.8 71.2 68.1 65.4 65.7 69 72 75.6 79.3 81 82.9 88.2 95.8 105.6 115.1 121.7 119.3 123 133 145.8 152.8 159.8 165.9 175.4 173.7 170.8 169.2 163.8 152.9 138.6 126.7 113.9 113.7 104.3 103.3 98 96.5 97.7 104.4 106.5 105.1 104.4 102.9 100.5 96.3 90 81.6 75.1
59.9 60.5 63.7 67 68.3 65.4 62.5 61.7 62.3 62.8 64 64.2 64.7 64.1 63.5 64.3 66.8 68.1 70.5 70 70.6 71.3 70.9 69.1 68 62.8 59.4 56.4 55.1 57.9 62.3 66.4 70.4 70 67.1 66.3 68.7 71.9 70.5 67.2 63.9 63.8 67.3 70.8 74.5 78 79.2 84.5 91.4 103.6 109.7 115.4 123.9 132.9 135.8 133.3 148.4 154.5 163.8 169.7 171.9 168.7 168.7 160.6 144.6 129.6 120.2 112.1 108.9 105.1 103 103.8 106.5 106.7 108.2 110.8 111.4 108 104.8 95.8 89.5 83.6 77.2 69.5 63.5
59.6 61 64.1 66.3 65.9 63.2 61.3 61 61.6 62 63.2 65 66.1 67.2 66.8 68.1 70.8 72.5 72.7 72.3 74.1 74.2 73.5 73.2 71 65.9 59.9 56.3 56.4 60.5 61.9 65.4 66.5 65.6 62.9 65.6 68.4 69.6 68.3 65.2 62.5 62.2 65.4 69 72.7 75.7 79.1 84.6 91 105.5 115.2 122.5 125.2 134.1 137.5 138.3 149.1 162.5 166.6 168.6 167.1 162.3 148.5 137.2 127.6 123.8 115.4 110.2 109.6 108.6 115.3 112.4 113 109.9 111 113.3 111.9 108.9 103.9 96.7 84.2 77.3 73.2 68.7 62.3
60 61.1 62.6 63.9 63.4 60.7 61.3 61.5 61.8 63.7 65.8 67.8 68.6 69 69.6 71.3 73 74.3 74.5 76.7 77 76.4 77.4 75.8 72.7 67.3 61.9 57.7 56.2 57.2 59.5 61.8 61.8 60.1 60.9 62.9 65.4 66.1 65 63.8 61.7 61.6 63.9 65.8 70.3 77.8 84.3 91 94.3 106 113.7 121 125 132.1 136.6 141.7 152 163.6 165.9 162.4 155.4 145.9 133.9 128 121.4 117.2 115 111.9 114.4 118.2 117.6 118.3 119.9 119.5 118.2 117.7 115.6 111.8 104.7 87.1 80.8 76.2 71.1 64.7 54.8
60.2 60.5 60.3 61 61.8 61.4 61.8 62.5 64.8 66.2 68 69.1 69.8 71.2 72.2 73.6 74.1 75.5 77.8 79 79.4 81 80.9 77.7 72.5 67.2 64.2 59.9 57 55.7 55.7 55.7 56.3 56 58.7 60.7 62.1 62.5 62 60.9 60.6 60.8 63.2 67 73.5 79.6 84.5 94.5 98.2 105.9 114.6 128.2 137 139.3 139.5 145.2 154.2 162.1 155.8 153.7 145.1 135.7 128.7 123.1 118.5 115.4 114.1 118.3 117.6 122.5 124.2 127.6 126.8 121.1 122.3 118.6 114.5 104.9 90.8 84.4 79.1 72 66.5 58.6 49.5
60.2 59.8 60.1 60.2 61.2 61.9 63.1 63.5 64.1 66.7 67.3 68.8 70.7 72.9 74.5 75 77 79.6 79.9 81.3 82.2 85.2 82.4 78.6 72.8 67.9 65.5 61.3 57.8 56.5 56.3 56.3 55.7 55.6 55.8 56.8 58 59 58.2 58.2 59.4 61.8 64.8 68.5 73.7 79.9 85.4 94 101.7 111.5 121.8 133.4 140.7 137.8 138.4 144.6 154.4 152.4 150.3 142.9 136.6 129.6 125.8 120.2 117.2 115.7 115.3 120.8 120.5 122.8 125 126 125.8 123.4 120.7 119.6 104.3 95.1 87.5 81.6 75 67.2 60.6 53.2 45.5
59.3 59.6 61.1 61.9 60.8 62.3 63.8 65.2 65 66.3 68 69.6 71.9 73.9 75.9 76.2 78.1 79.8 81 82.3 85 87.1 83.9 78.8 72.6 68.1 65.1 63 61 58.5 57.5 56.7 56.9 56.3 55.9 56.1 55.9 56.3 56.5 57.4 60.2 62.9 65.8 70.4 75.9 81.7 88.8 101.2 103.3 115.4 122.4 128.2 137 132 136.9 145 148 147.6 145.3 139.5 132.1 126 124.8 124.6 120.4 118.3 116.7 119.6 122.7 127.2 125.4 125 122 122.6 120 110.1 102.8 96.5 90.3 88.5 74.8 66.7 56.8 50.5 46.2
59.6 60.4 61.6 61.7 61.7 62.9 64.2 66.5 67.8 67.9 69.4 70.8 74.1 75.6 75.5 76.9 79.3 81 82.4 84 84.4 84.4 83 77.7 71.8 69.7 65.6 67.8 63.8 61.8 60.8 60.9 61.9 58.7 56.4 56.4 56.2 56.6 56.7 57.2 61 63.7 67.5 71.9 77.5 83.2 87.9 96.1 100.6 111.3 121.2 126.4 130.7 128.8 139.9 142 146.3 145.3 143.7 138.2 132.6 125.4 125 124.1 127.6 119.5 117.6 121.7 125.4 129.2 128.9 124.1 119.9 118.2 114.2 110.7 108.5 113.6 95.4 82.1 74.3 64.9 60.3 56.3 51.3
59.8 60.2 61.9 62.1 63 65.2 66.2 67.4 68.3 70.2 70 71.9 75 76.6 75.7 77.5 79.1 81.3 83.6 81.6 81.9 81.9 79.5 75.2 71.2 69.5 71.6 72 69.3 66.9 66.4 65.6 65.7 61.2 57 57.8 56.1 56.8 57.4 58.8 61.5 65.8 70.7 76.3 80.2 86.2 90.1 91.7 96.8 107.6 114.4 116.6 120.9 132 136.7 138.9 145.4 144.9 142.4 136.9 131.3 126.3 123.3 124.2 124.8 120.5 119.6 123.9 128.2 128.5 126.4 122.3 118.2 114.9 113.3 110.1 109.1 96.1 89.2 84.6 79.1 70.1 62.3 57.5 54.8
62.8 63.3 63.6 64.1 64.3 66.8 67.4 68 69 70.3 70.9 73.3 74.9 75.5 75.8 77.2 78.5 79.7 80.5 78.4 81.9 79.5 77.1 76 74.2 72.2 73.9 75.2 74.1 72.8 71.9 71.3 67.5 63.4 58.9 57.9 58.3 59.2 59.1 60.3 63.7 68.2 72.9 78.3 80.6 82.6 85.6 91.4 95.1 101.7 105.9 109.4 115.4 125.8 129.6 140.9 146.2 147.5 140.6 135.5 131.4 131 124.3 122.1 121.5 121.4 125.8 129 128.4 128.5 126.3 121.1 116.1 113.1 110.3 104.8 100.7 96.1 91.1 84.9 75.6 66.8 63.7 58 54.8
68.4 67.5 65 66 66.6 68.1 68.9 69.7 70.4 71.5 73.4 75.4 77.4 76.8 76 77.4 76.9 76.9 77.3 79.9 81.5 81.9 77.4 77 78.5 76.5 77.7 77.7 76.9 75.4 73.6 70.9 68.4 65.4 62.6 59.1 58.7 59 60.2 62.9 65.4 68.8 75 78.8 79.8 82.3 87.7 90 92.5 98.2 104.3 109.7 115.4 121.9 128.8 139.1 145.9 145.3 138.7 134.7 131.8 131.1 126.9 125.6 130.6 135.2 137.7 134.6 129.3 127.1 126.1 116.4 114.9 115.1 110 105.5 100.7 95.4 90 80.8 74.5 77 78.9 71.4 65.4
70.9 69.6 68.5 69.2 69.7 69.5 71.1 72 73.4 74 74.6 76.4 77.8 78.3 77.4 78 76.9 76.9 77.8 79.3 80.5 81.6 81.3 81.4 81.9 82.1 81.7 80.4 78.9 76.6 75.6 72.5 70.8 66.8 64.3 62.7 59.3 59.1 62.9 70.5 72.4 71.7 75.7 78.2 81.1 85.5 89.3 92.5 96.4 102.5 109 112.4 118 126.5 134.8 140.9 143.4 140.7 138.3 136.1 134.4 133.3 129.6 129.4 132.5 139 138.1 133.6 126.5 121.8 118 116.6 114.4 111.1 108 103 96.4 89.2 82.7 80.2 78.3 85.7 83.7 80.9 78.9
75.9 76 72.2 72.3 72.7 72.8 73.6 75 75.3 75.2 76.6 78.1 77.3 78.3 77.6 76.9 77.2 76.9 77.1 77.3 77.7 81.3 83.5 84.7 85.5 86.1 85.2 83.3 82.3 80.8 78.3 76.2 74.8 69.1 66.6 64.4 60.5 62.7 68.2 70.5 72.3 73.3 77 78.8 82.6 86.4 90.1 94.2 100.9 106.9 112.3 118.1 125.2 131.8 136.3 140.6 142.7 141.7 142 137.1 137.7 135.5 133.7 134.5 134.6 137 134.4 131.4 122.5 117.9 116.6 115 113.3 108.6 104.6 99.8 92.4 86.5 83.2 81.8 86.2 85 88.5 86.7 84.7
75.6 76.3 75.3 75.2 75.4 76.7 78.7 80 78.5 78.3 78 78.9 77.5 78.3 78.4 78.4 79.1 78.7 77.5 80.7 80.3 82.1 84.8 87.1 88.7 89.4 88.4 85.9 85.6 83.3 81.2 79.5 78 72.6 68.4 65.2 62.1 64.6 72.4 71.5 72.8 75.7 77.9 80.5 84.2 88 91.6 98.9 105.8 111.2 118.5 126.3 130.8 135.5 138.8 140.6 143.7 146.2 146.4 140 138.7 136.8 136.9 137.9 135.8 133.9 129.2 129.2 121.8 114.5 112.5 115.2 112.1 107.7 104.2 100.6 95.1 92.4 89.6 91.8 93.7 91 89.1 86.6 85.2
77.2 78.4 79.1 78.6 80 82.9 84.2 83.5 83.1 80.8 80.2 81.9 82.7 78.3 77.7 81.3 84.7 80.7 81.9 83.1 83.9 85.9 87.8 89.6 91.9 94.1 91.9 89.5 88.4 85.5 83.5 82 80.7 76.6 70.1 67.5 63.5 64.6 69.2 69.6 73.4 76.6 79.5 82.3 86.3 92.4 99 104.5 109.3 116.3 123.9 129 133.7 138.2 141.3 144 146.6 149.3 147.1 145 141.6 140.4 141.6 137 134.1 131.6 127.2 125.7 115 110.3 111.1 113.2 112 110.1 107.8 108.4 106 103.6 100.8 97.9 92 90.1 89.7 89.6 87.2
81.8 82.5 82.6 82.8 84.1 86.9 86.2 86.6 85.7 84.2 82.6 84.2 86.2 82 88.8 79.2 80.8 78.8 82.3 83.8 85.8 88.6 90.5 92 92.7 93.5 94.9 93 92.2 88.7 86.6 84.1 82.4 79.1 73.4 70.6 68.8 66.2 68 70.5 75.4 78.4 80.7 85.3 91.3 97.4 103.3 107.6 113.1 120.7 126.2 131.3 136.8 141.7 144.9 148.4 149.7 149.2 148.5 147 144.8 146.1 143 137.3 134.2 130.9 125.1 115.2 111.3 107.4 108.9 113 111.8 112.4 109.9 111.3 108.1 103.7 101.9 99.5 96.8 93.1 90.7 90.6 88
92.1 92 91.9 90 89.2 89.2 89.8 88.6 87.3 86 85 84.4 82.2 81.7 79 78.5 78.4 79 80.8 83.3 86.7 89.7 89.1 88.7 88.8 89.8 91.7 91.3 91.5 92.3 89 86 84 79.8 75.5 73.5 72.6 73.5 70.8 73.8 78.1 81.1 84.8 89.3 94.4 100.3 106.4 111.2 118.5 124 129 136.1 141.9 146.4 151 152.9 152.1 151.4 151.1 150.9 150 148.2 144 140 135.7 125.9 118.5 110.8 107.2 102.3 106.7 107.2 109.1 113.1 110.5 108.9 110.1 104.6 103.1 104.6 99.5 95.9 92.2 93 86.9
103.1 102.2 98.9 96.3 94.3 92.7 91.6 90.2 89.3 87.7 87.3 87 87.4 84 82.5 80.1 78.4 79.2 81.7 84.2 87.2 86.2 86 85.6 85.2 86.2 87 88.5 89.5 90.7 92.2 89.4 84.9 79.7 76.9 76.7 84.4 85.6 75.4 76.2 79.7 85.2 89.8 93 98.2 104.2 110 115.7 122 127.1 134.6 141.7 147 152.9 156.6 156.6 156.2 156 155.9 154.1 153.2 151.9 147.1 142.2 135.5 121 114.2 110.8 104.8 100.3 102.7 102.4 109 110.9 110.2 109.8 114.3 108.5 106.8 106.8 104.7 96.3 94.5 93.2 84.6
113.7 110.5 107.1 103.9 101.3 99.4 95.7 93.6 91.9 89.4 88.2 88.8 89.3 86.5 86.4 85.5 79.8 78.6 80.8 84.5 86.4 84 81.9 81.2 80.7 80.5 81.9 84.2 87.2 88.7 90.1 88.3 84.2 78.8 77.2 77.1 82.1 80.3 76.4 80.3 83.7 88.1 92.3 96.2 102.4 108.7 113.8 121.6 127.6 135.1 141.9 148 153.8 157.1 159.3 159.4 160.2 159.7 159.6 159.3 156.7 153 148 142.8 130.7 119.2 114.1 110.2 103.7 98.9 98.3 100.5 106.5 107 107.9 108.2 108.1 108.5 106.3 102.9 100.1 96.5 93.5 88.2 85.9
122.5 120.5 118.5 113.7 109.8 106.3 103.3 101.8 98.8 95.8 95.9 91.2 89.4 86.5 85.5 82.6 80.8 81.3 82.3 84.8 84.5 81.7 79.4 77.6 77.3 77 79 82.5 84.8 86.2 87.4 87.4 82.6 79.9 78.1 77.7 78.1 77.1 79 83.3 86.9 89.9 94.2 100.4 105.4 111.4 118.6 122.5 131.9 139.7 147.2 152.7 156.9 158.7 159.3 162.4 162.7 161.9 162.8 162.1 158.3 153.5 147.7 138.6 128.8 120 114.6 108.5 101.7 97.5 96.4 98.4 101.2 105.7 105.2 105.1 105.2 107.7 107 103.7 99.2 97.1 96.3 91.1 87.9
