Game/Highland_Data/StreamingAssets/GeoData/Data/sh/SH52.asc
ncols 200
nrows 200
xllcorner 250000
yllcorner 320000
cellsize 50
[rows 104 to 155 of 200, columns 96 to 191 of 200]
0 0 0 0 0 0 0 0 0 0.2 0.5 0.8 1.1 1.5 1.8 8.6 9.3 4.4 6 6.3 6.6 22.1 9.7 7.6 9.5 8.1 6.8 8.1 7.8 8.3 10.1 14.2 11.9 9.3 8.2 8.5 8.8 8.7 8.3 8.4 8.2 8 7.8 7.7 7.5 7.2 6.6 6.1 5.2 2.5 2.3 2.5 2.8 2.1 2.8 2.8 3.8 4.6 5.5 6.3 7.2 8.9 11.3 12.8 17.5 20.1 21.9 23.5 24.7 25.3 27.5 29.8 32.4 35.2 38.7 40.5 46.3 55.9 64.8 69.5 73.3 76.5 79.1 83.6 88.1 92.4 96.9 102.1 106.4 110.5 116.7 124 132.5 137.4 139.6 141.9
0 0 0 0 0 0 0 0 0 0 0.3 0.7 1 1.3 1.6 3.5 15.4 5.6 5 5.8 15.5 18.7 18.9 20.3 14.4 13.5 9.6 8.7 9.6 8.1 14.5 9.6 12.9 8.9 8.7 8.9 8.7 8.2 8.3 8.4 8.2 8 7.7 7.6 7.4 7.2 6.7 6.2 5.4 2.6 2.8 2.4 2.2 2.6 3 2.2 3.9 4.6 5.7 6.6 8.3 10.3 13.6 17.4 20.1 22.5 24.2 25.3 27.7 31 36.3 35 37.3 38.8 40.7 47.8 53.7 60.7 67 72.2 74.7 78.2 81.9 85.5 89.7 94.7 98.6 104.4 110 115.6 122.2 129.3 138 141.3 143.5 145.4
0 0 0 0 0 0 0 0 0 0 0 0.5 0.8 1.1 1.5 1.8 4.9 13.3 8.4 9.2 7.3 15.7 24.6 10.5 6.3 10.5 10.5 8.9 9 7.6 12.5 17.8 10.9 9.1 8.8 8.6 8.2 8.1 8.3 8.4 8.3 8 7.8 7.5 7.3 7.1 6.8 6.3 5.4 2.2 2.5 2.7 2.4 2.4 3.1 3.2 4 4 5.6 7.8 9.7 13.2 16.4 19.1 22 24.3 24.6 27 30.4 34.4 38.9 41.7 43.9 45 48.2 51.5 56.3 62.2 67.9 72.8 75.5 78.4 82.5 88.1 91.9 97 103.3 110.9 117.8 123.3 130.8 135.9 142.6 146.1 147.4 148
0 0 0 0 0 0 0 0 0 0 0 0.3 0.6 0.9 1.3 1.6 2.6 10.2 13.2 6.2 13.5 6.9 9.6 6 8.8 14.9 9.3 8.9 8.3 7.7 14.2 20.3 15.9 9.7 8.8 8.1 8 8.1 8.2 8.4 8.3 8.1 7.8 7.6 7.3 7.1 6.9 6.3 5.5 2.5 2.3 2.6 2.8 2.8 3.2 4.2 5.3 6 6.5 8.2 11 13.8 18.5 20.5 22.2 22.7 24 26.6 30 34 38.1 41.8 45.6 48.7 50.7 54.5 58.3 63 67.2 72.2 75.9 80.6 85.5 91.7 96.1 102.2 108.9 114 122.7 128.4 135.2 140.9 145.1 148.9 150.5 151
0 0 0 0 0 0 0 0 0 0 0 0 0.4 0.8 1.1 1.4 1.7 3.8 13.8 8.4 8.4 5.3 5.6 8 11.2 19.7 12.2 12.8 8.7 10.6 16.6 8.8 20.2 16.8 9.1 8.2 8.1 8.1 8.2 8.4 8.4 8.1 7.9 7.6 7.4 7.1 6.9 6.2 5.5 3.2 1.8 2.3 2.7 2.7 3.8 4.7 5.9 6.6 7.9 10.6 13.4 17.3 19.1 20.3 20.5 21.2 23.4 26.2 29.5 32.7 37.5 41.4 45.4 49.6 52.7 56.1 59.1 62.4 65 71.1 76.8 81.8 89.3 96.1 101.8 106.9 112.5 119.7 125.3 131 135.6 141.1 145.3 148.4 151.7 153
0 0 0 0 0 0 0 0 0 0 0 0 0.3 0.6 0.9 1.2 1.6 2.2 8.7 11 6.6 5 6 6.1 5.8 21.3 18.8 16.1 15.2 12.4 9.9 8.7 9.6 9.7 10.3 8.3 8.2 8.2 8.3 8.3 8.4 8.2 7.9 7.7 7.5 7.3 7 6.4 5.3 3.8 3.1 3.2 3.3 3.7 4.5 5.2 6.7 7.9 9.2 11.5 14 15.4 16.4 17 18 19.5 22.2 24.4 27.7 31.2 36.3 40.8 44.6 48 51.5 54.3 57.5 58.6 62.1 67.4 77.2 83.8 90.4 96.9 103.5 107.3 113.1 119.1 125 130.6 134.1 138.4 142.3 145.8 148.4 149.8
0 0 0 0 0 0 0 0 0 0 0 0 0 0.4 0.7 1.1 1.4 1.7 4.2 16.3 9.5 6.4 8.5 4.9 5.8 17.3 9.3 12.8 20 21.7 16.7 8.3 8.7 11.1 9.4 8.4 8.4 8.4 8.4 8.4 8.4 8.3 8.1 7.9 7.7 7.5 7 6.5 5.4 4.3 2.6 3.4 3.6 4.5 5.3 6.9 7.2 8.6 10.3 12.2 14.5 14.9 13.6 14.3 15.4 18.3 21.3 22.9 25.7 29.3 33.1 38.1 41.5 44.9 47.9 50.1 52.3 56.7 66.1 71.1 77.7 83.2 90.1 96.9 103.7 108.4 112.5 116.1 121.3 126 131.4 135.3 138.6 142.3 144.6 145.7
0 0 0 0 0 0 0 0 0 0 0 0 0 0.2 0.5 0.9 1.2 1.5 1.8 5.6 14.7 7.9 8.6 8.8 5.4 7.9 7.5 8.2 11.6 21.9 16.5 19.1 14.2 20.7 9.6 8.3 8.6 8.6 8.7 8.7 8.5 8.5 8.3 8.1 7.9 7.6 7 6.5 5.6 4.4 2.9 3.6 3.6 4.3 5.7 5.9 6.7 7.7 8.4 9.6 11.2 12.6 13.7 14.6 16.5 18.1 20.7 22.8 24.3 28.2 31.6 34.8 37.7 40.5 44.9 48.5 53.4 61.5 66.9 71.9 76.1 82.6 88.8 93.8 99.2 103.6 107.6 111.9 117.2 122.5 127.1 130.7 134.3 137.5 139.7 138.7
0 0 0 0 0 0 0 0 0 0 0 0 0 0 0.3 0.7 1 1.3 1.6 2.6 15.5 11.9 8.1 13.4 6.2 5.3 7.2 7.9 6.3 7.8 7 17.9 12.7 19.8 9.3 10.6 9 8.9 8.9 8.4 8.5 8.5 8.5 8.3 8.1 7.6 7.1 6.6 5.8 4.5 2.6 3.9 3.7 3 4.1 4.2 5 5.8 7.7 9.4 10.9 13 14.4 15.8 17.6 18.6 20.9 23 24.9 27.6 30.7 33.2 36 42.2 47.6 52.7 57.5 62.1 66.7 71 73.9 80.2 85.7 89.9 94.8 98.7 103 107.9 112.9 118.7 123.3 127.5 131.1 133.6 134.6 133.9
0 0 0 0 0 0 0 0 0 0 0 0 0 0 0 0.5 0.8 1.1 1.4 1.7 5 19.2 10.8 6.4 5.7 6.4 5.5 6.3 7.6 6 7.1 15.4 8.5 14.1 12.8 8.2 8.2 9.1 8.2 8.5 8.5 8.5 8.5 8.5 8.1 7.6 7.1 6.6 6 4.9 2.9 3.8 3.4 2.6 3.1 3.8 5 8 9.7 11.6 12.6 14 17.5 17.6 18 19 21 23 24.5 27.5 29.5 32.4 37.5 43.9 50.2 55.2 59.8 63.1 65.3 69.2 72.6 78.6 82.7 86.7 91.1 95 99.4 104.5 109.5 115.9 120.7 124.4 126.6 130.1 130.1 127.2
0 0 0 0 0 0 0 0 0 0 0 0 0 0 0 0.3 0.6 0.9 1.2 1.5 1.8 8.7 15.9 11.1 6.7 5.4 6.5 6.2 6 6.7 6.8 13.9 13.4 11.6 15.7 9.8 9.2 8.1 8.3 8.5 8.5 8.8 8.8 8.5 8.2 7.6 7.1 6.6 6.1 5.2 2.7 4 3.7 3.3 4.4 6.2 8.9 11.3 13.3 14.9 15.4 16 16.2 17.2 18.8 19.4 21.2 22.8 24 26.5 28.3 32.4 38.5 43.5 49.1 54.7 58.8 61.8 63.9 66.8 70.3 74.5 79.5 84.4 88.8 92.3 96.8 102.2 107.4 112.8 117.6 121.2 123.8 125.9 124.8 119.8
0 0 0 0 0 0 0 0 0 0 0 0 0 0 0 0 0.4 0.7 1 1.3 1.6 3.4 8.6 14 5.6 6.1 5.3 7 6 6.4 5.8 20.7 20.5 12.1 16.7 9.8 10 9.8 8.5 9.1 9.4 9 8.6 8.4 8.2 7.7 7.2 6.7 6.2 5.4 2.6 3.7 4 4.1 5.1 8.1 11.4 13.3 14.9 15.5 15.3 15.7 16.3 16 18 19.6 21 22.3 23.5 25.3 27.3 32.1 36.5 40.4 46.7 52.7 56.9 60.3 61.9 64.4 68 71.8 76.9 82.1 86.8 91.3 94.8 97.8 103.3 109.4 114.6 118.2 121.5 123.9 122.1 110
0 0 0 0 0 0 0 0 0 0 0 0 0 0 0 0 0.2 0.5 0.8 1.1 1.4 1.7 3.9 11.9 8.6 6.6 5.2 6.9 6.1 6.8 6.3 6.7 19.2 14.2 10.3 10.9 10.2 9.5 9.9 9.6 9.2 8.9 8.5 8.4 8.2 7.8 7.3 6.7 6.2 5.6 3.8 2.4 2.6 4.9 5.6 9 10 11.4 12.9 14 13.9 14.5 14.7 15.1 16.8 18 20.2 21.6 21.8 23.2 26.4 30.7 34.5 38.4 43.2 51.3 55.7 58.8 59.8 62.1 65.6 70.1 75.4 80.8 85.8 89.7 93.1 94.9 101 105.7 111.2 115.2 118.6 119.5 113.4 106.4
0 0 0 0 0 0 0 0 0 0 0 0 0 0 0 0 0 0.3 0.6 0.9 1.2 1.5 1.8 10.1 12.6 7.1 7.1 5.4 8.3 9.1 6.9 5.9 18.4 23.1 20.9 20.7 8.8 10.3 9.4 9.5 9.1 8.7 8.5 8.3 8.2 7.8 7.3 6.8 6.3 5.8 5 4.3 3.6 2.8 4.7 5.8 6.7 8.6 10.1 10.7 10.3 12.3 13.2 13.5 14.9 16.2 17.9 19.1 19.6 21 22.8 28.8 33.7 38.3 41 48.5 55.6 58.5 59.4 61.2 64.4 69.5 74.5 79.3 83.9 87 89.3 91.1 96.6 101.5 106.3 111.4 113.6 113.5 98.3 116.3
0 0 0 0 0 0 0 0 0 0 0 0 0 0 0 0 0 0 0.4 0.7 1 1.3 1.6 3.6 14.9 9.2 6.9 6.1 5.6 7.1 7.7 7.1 9.3 11.9 12.2 15.2 9.1 8.9 9 9.2 8.9 8.6 8.4 8.3 8.2 7.9 7.4 6.9 6.3 5.8 5.3 5 4.6 4.1 3.1 4.5 4.6 4.3 5.9 6.9 8 8.7 10.6 11.5 12.7 14 15.2 16.5 17.5 19.3 21.3 26.8 31.7 36.9 41 48.8 55.1 57.8 59 61.7 65.2 69.8 74.2 77.2 79.3 82.5 84.9 84.5 88.4 96.4 100.7 104.8 104.9 99.9 99.3 114.6
0 0 0 0 0 0 0 0 0 0 0 0 0 0 0 0 0 0 0.2 0.5 0.8 1.1 1.4 1.7 4.7 16 9.3 7.4 5.9 7 7.5 5.8 6 8.1 18 15.3 16.2 9.8 8.6 8.8 8.8 8.5 8.4 8.2 8.1 7.9 7.4 6.9 6.3 5.7 5.2 4.9 4.5 4.2 3.9 4.4 4.7 3.6 4.4 4.8 5.9 7 9.7 11.2 10.4 12.1 13.4 15.6 17.5 19.8 21.7 26 29.8 35.1 41 47.6 54 58.5 60.7 63.9 67.5 71.8 72 71.4 73.1 74.9 74.4 74.2 77.9 87.1 93 96 95.2 92.9 95.1 104.8
0 0 0 0 0 0 0 0 0 0 0 0 0 0 0 0 0 0 0 0.3 0.6 0.9 1.2 1.5 2.8 5.9 16.5 14.1 6 6.8 5.8 7.1 6.7 6.3 7.1 17.3 15.1 10.5 8.5 8.5 8.6 8.5 8.3 8.2 8.1 7.9 7.5 6.9 6.3 5.7 5.2 4.7 4.4 4.1 3.8 4.1 4.5 3.7 4.6 5 5.6 5.8 7.1 8.3 9.8 11.1 12.2 15.1 17.9 20.5 23 25.3 28.5 34.5 39.6 45.2 52.4 58.8 62.8 66 70.3 73.7 66.7 64.1 65.2 66.6 68.5 72.9 79.9 82 85 86.8 88.7 90.5 100.8 112.2
0 0 0 0 0 0 0 0 0 0 0 0 0 0 0 0 0 0 0 0 0.4 0.7 1 1.4 1.7 3.5 17.6 7.2 5.4 5.8 6.2 6.6 7 6.5 6.5 16.5 9.7 10.5 9.6 8.2 8.5 8.3 8.1 8 8.2 8 7.7 6.9 6.3 5.7 5.1 4.6 4.3 3.9 3.9 4.1 2.7 3.4 3.7 4.3 5.5 6.2 7.2 8.1 11.9 12.3 12.9 15.6 18 20 22 25.7 28.1 33.2 37.2 43.7 52.3 57.6 64.2 67.7 73.3 69.5 60.1 61 62.3 66.6 72.8 84.9 93.7 91.1 90.3 94.8 97.9 104.5 113.2 118.7
0 0 0 0 0 0 0 0 0 0 0 0 0 0 0 0 0 0 0 0 0.2 0.5 0.8 1.2 1.5 2 5.9 11.1 13.8 6.1 6.8 5.9 7 11.7 19.5 18.8 10.6 10.6 12.7 8.9 8.2 8 8.6 8.4 8.2 8.1 7.7 7.4 6.4 5.7 5.1 4.6 4.1 3.8 4 3.9 3.6 3.2 3.7 4.6 6.2 7 8 8.9 11.2 12.2 14.6 16.3 18 19.8 20.7 24.3 26.4 30.3 34.6 41 48.4 55.6 62.1 67.5 71.7 61.3 57.5 62.3 72.2 78.4 86 92.2 97.1 101.3 103 105.2 112.5 118.4 122.5 125.2
0 0 0 0 0 0 0 0 0 0 0 0 0 0 0 0 0 0 0 0 0 0.3 0.6 1 1.3 1.6 2.8 12.4 9.9 5.4 6.9 7.1 7 11.3 6 18.7 14.8 10.8 7.8 10.5 8.8 8.8 8.6 8.4 8.2 8.1 7.8 7.5 7.1 6.2 5.2 4.5 4 3.9 3.7 3.7 4.1 4.4 4 4.9 6.2 7.8 8.6 9.3 10.2 11.9 13.9 15.3 17.6 19.8 19.9 22.5 25.4 28.1 33.2 39.6 46.7 52.4 58.5 66.7 64.2 55.9 55.9 73 82.6 88.1 92.5 96.4 100.8 104.7 107.6 113.3 117.9 121.8 125.7 129.4
0 0 0 0 0 0 0 0 0 0 0 0 0 0 0 0 0 0 0 0 0 0 0.4 0.8 1.1 1.4 1.8 3.7 17.1 6 5.9 5.6 6.6 7.6 5.8 6.2 9.6 9.2 6.9 8.7 9.3 7.9 7.8 8.4 8.2 8.2 7.9 7.5 7.2 6.9 5.9 4.9 4 3.8 3.9 4.1 4.3 4.5 4.2 5.9 7.1 8 8.7 9.5 11.1 12.1 13.9 15.8 17.2 18.9 20.1 21.8 23.5 26.8 31.3 37.8 44.4 49.6 55.9 61.8 57.7 53.9 66.4 80.3 87.6 91.9 95.9 98.7 102.9 106.4 111.4 115.8 119.8 124.2 128.1 131.6
0 0 0 0 0 0 0 0 0 0 0 0 0 0 0 0 0 0 0 0 0 0 0.2 0.5 0.9 1.2 1.6 2.3 5.1 16.4 9.3 8.4 6.1 5.9 7.1 6.5 6.5 8.4 8.7 10.2 8.3 7.6 7.2 7.1 8.1 8 7.9 7.6 7.3 6.9 6.6 5.6 4.3 4 4.1 4.3 4.4 4.6 5.1 6 7.1 8 8.8 10.1 12 13 14.8 16.4 17.1 19 20.4 21.3 22.5 23.8 27.4 33.3 41 47.5 53.9 55.4 52.9 55.1 70.7 83.3 88.3 91.5 95.4 98.8 102.6 107.6 111.5 116.3 121.8 126.3 130.5 133.8
0 0 0 0 0 0 0 0 0 0 0 0 0 0 0 0 0 0 0 0 0 0 0 0.3 0.7 1 1.3 1.7 2.7 6.3 20 9.3 9.9 5.6 5.6 6 15.2 9.9 9.9 7.8 8.2 7.1 7.3 7.5 7.1 7.7 7.9 7.6 7.3 7 6.5 5.7 4.6 4.9 4.9 4.3 4.5 4.5 5.8 6.3 7.1 8 9.2 11 12 13.4 14.4 15.7 17.5 19.5 21.2 22 22.9 24 27.4 31.5 38.3 47.1 49.1 49.6 51.7 58.4 70.8 81.7 87.6 91.6 95.1 99.4 103.3 108.4 113.2 117.8 121.6 126.9 132.5 135.9
0 0 0 0 0 0 0 0 0 0 0 0 0 0 0 0 0 0 0 0 0 0 0 0 0.5 0.8 1.1 1.5 1.8 3 12.3 11.3 13.9 9.1 9 6.2 12.2 10.3 7 7 6.9 7 7.2 7.4 6.8 7.5 7.9 7.6 7.3 6.8 6 5.7 5.9 6.3 5.2 4.6 4.9 5.5 5.7 6.5 7.4 8.9 10.1 11.2 12.6 13.6 14.9 16.1 17.8 19.9 21.8 22.8 23.8 25.5 27.1 32.6 39.6 46.8 47.5 48.6 51.3 57.9 73 83.2 87.7 91.4 95 98.8 103.3 107.2 113.1 119.1 123 129 134.3 136.4
0 0 0 0 0 0 0 0 0 0 0 0 0 0 0 0 0 0 0 0 0 0 0 0 0.3 0.6 0.9 1.3 1.6 2.2 3.7 6.7 9.6 13 10 7.5 5.8 9.9 7.8 7.5 6.8 6.9 7.1 7.3 7.5 7.2 7.8 7.6 7.1 6.6 6.2 5.9 6 5.9 4.9 4.5 4.8 5.6 4.8 7.1 7.9 8.7 10.7 11.2 12.4 14.3 15.4 16.5 18 20.2 22.3 23.6 25 26.4 27.6 35 43.9 45.6 44.4 47.1 57.6 68 76.5 81.9 86.9 90.6 93.9 97.5 101.6 106.9 116.1 121.3 126.5 131.7 135 136.7
0 0 0 0 0 0 0 0 0 0 0 0 0 0 0 0 0 0 0 0 0 0 0 0 0 0.4 0.7 1.1 1.4 1.7 2.4 2.9 7.1 8.5 12.6 15.4 13.2 12 7.7 7 6.8 6.9 7 6.2 6.1 6.8 7.7 7.6 7.2 6.9 6.5 6.1 5.8 5.4 4.7 4.5 4.8 5.1 4.4 7.5 8.2 9 10.4 11.8 12.6 14.5 16.2 17.2 18.3 20.4 22.4 24.3 25.8 27.2 29.4 35.8 41.4 40.2 41.5 49.5 66.5 71.6 78.1 82.2 85.8 86.9 90.3 94.8 99.8 109.9 117.2 122 127.2 132.1 134.8 136.9
0 0 0 0 0 0 0 0 0 0 0 0 0 0 0 0 0 0 0 0 0 0 0 0 0 0.2 0.5 0.8 1.1 1.4 1.7 2.1 12.8 6.3 6.5 5.2 16.7 20.8 12.9 7.3 6.7 6.5 6.2 6 6.1 6.7 7.2 7.6 7.6 7.3 6.9 6.6 5.6 5.1 4.7 4.4 4.8 4.2 4.8 6.6 8.2 9.2 11 12.4 13.3 14.6 16.3 17.7 19.5 20.9 22.4 24.3 25.9 27.9 30 32.3 37.1 38.9 45 53 62.4 72.6 78.9 80.1 82.2 84.7 90.7 97.6 103.3 110.3 117.3 121.4 126.5 131.5 134.6 137.3
0 0 0 0 0 0 0 0 0 0 0 0 0 0 0 0 0 0 0 0 0 0 0 0 0 0 0.3 0.6 0.9 1.2 1.5 1.7 7.5 9.5 8 13.6 7.7 10.6 23 9.9 7.7 6.5 6.2 6 5.9 6.4 6.8 7.2 7.6 7.7 7.4 6.3 5.6 5.1 5 4.4 4.4 5.3 6.1 7 8.7 8.8 10 11.6 13.6 14.6 15.9 18 20.7 21.8 22.9 24.1 25.6 27.4 29.3 31.2 34.1 37.5 45.5 53.8 61.5 73.1 76.9 76.4 80.9 86.7 92.9 97.7 102.6 109.2 117 121.1 125.5 130.4 134.5 137.1
0 0 0 0 0 0 0 0 0 0 0 0 0 0 0 0 0 0 0 0 0 0 0 0 0 0 0 0.4 0.7 1 1.2 1.5 1.8 10 10.5 3.9 4.6 4.7 15.2 15.3 13.1 6.6 6.3 5.9 5.9 6.2 6.5 6.9 7.2 7.5 7.9 6.4 6 5.7 5.9 5.8 4.5 5.3 6.2 6.3 6.9 9.2 10.4 11.5 13.6 14.6 15.5 17 20.2 21.5 22.6 23.8 25.3 27.1 29.2 31 33.1 36 43.6 54.2 60 67.4 72.6 73.7 80.6 85.8 91.3 96.4 101.6 108.7 116.5 120.9 125.1 129.7 134.3 136.8
0 0 0 0 0 0 0 0 0 0 0 0 0 0 0 0 0 0 0 0 0 0 0 0 0 0 0 0.2 0.4 0.7 1 1.3 1.6 2 5.8 7.7 4.2 4.1 5.3 9.3 13.7 6.4 6 5.8 6 6.1 6.5 6.8 7.1 7.5 7.7 7 6.4 6.2 6.4 6.3 5.9 4.7 5.2 5.6 7.3 9.8 10.8 11.9 13.4 14.5 15.8 16.8 19.6 20.9 22.2 23.6 25.4 27.2 29.1 30.8 32.1 34.6 43.4 50.4 57.8 60 65.7 74 79.7 83.7 89.3 95.1 101 107.9 115.9 119.8 124.1 129.2 133.6 136.6
0 0 0 0 0 0 0 0 0 0 0 0 0 0 0 0 0 0 0 0 0 0 0 0 0 0 0 0 0.2 0.5 0.8 1.1 1.3 1.6 2.8 9.9 4.2 4.5 4.4 8.2 8.9 6.8 5.8 5.8 6 6.2 6.4 6.8 7.1 7.3 7.5 7.3 6.6 6.4 6.2 6 5.9 5.7 5.4 6.5 7.5 8.3 10.2 12 13.4 14.6 15.5 15.8 17.7 19.4 21.1 22.8 24.7 26.7 26.7 28.9 31.4 35.3 39.8 45.6 53.7 58.8 66.5 72.8 77.5 81.8 86.4 93.3 100.5 108.9 114.4 118.3 122.8 127.6 132.5 135.5
0 0 0 0 0 0 0 0 0 0 0 0 0 0 0 0 0 0 0 0 0 0 0 0 0 0 0 0 0 0.3 0.6 0.8 1.1 1.4 1.7 6.1 8 5.1 5.2 5.9 10.3 7 6 5.9 6.1 6.2 6.4 6.7 7 7.2 7.4 6.8 6.7 6.6 6.5 6.2 5.9 5.7 5.4 6.6 7.6 8.4 9.6 11.7 12.6 14.2 15 15.6 16.9 18.5 20.2 22.1 24.2 25 26 28.4 30.6 32.7 38.4 42.6 52 60 67.1 72.1 75.7 79.3 83.4 93 99.7 108 114.3 118.6 122.6 126.7 131.3 134.1
0 0 0 0 0 0 0 0 0 0 0 0 0 0 0 0 0 0 0 0 0 0 0 0 0 0 0 0 0 0 0.3 0.6 0.9 1.2 1.5 1.9 3.3 12.2 11.6 6.2 6.9 6.1 6.8 6.1 6.2 6.3 6.4 6.6 6.8 7 7.1 7.3 6.7 6.7 6.7 6.5 6.2 6 5.8 5 7.4 8.6 9.6 10.5 12 13.5 14.4 15 16.1 17.7 20.3 21.6 22.6 23.4 24.8 26.7 29.8 32.2 35.5 41.8 49.4 59.5 64.1 70.3 72.9 78.3 85.1 93.7 99.1 107.2 113.7 118.3 122.7 126.7 130.4 133.6
0 0 0 0 0 0 0 0 0 0 0 0 0 0 0 0 0 0 0 0 0 0 0 0 0 0 0 0 0 0 0 0.4 0.7 1 1.3 1.6 3.9 5.2 7.6 13.2 10.7 8.9 9.7 6.2 6.1 6.1 6.2 6.3 6.5 6.7 7.4 7.8 6.8 6.8 6.8 6.7 6.6 6.3 6.1 5.6 6.2 7.9 8.3 9.6 11 12.5 13.7 14.4 15.2 16.8 18.7 19.9 21.4 22.5 23.4 25.1 27 31.7 33.8 40.8 47.2 56.4 62.1 67.2 71.3 80.4 84.3 92.6 98.4 105.7 112.9 117.7 122.5 126.5 129.9 133.1
0 0 0 0 0 0 0 0 0 0 0 0 0 0 0 0 0 0 0 0 0 0 0 0 0 0 0 0 0 0 0 0 0.5 0.8 1.1 1.4 1.8 2.8 5 15.6 10.4 10.5 15.7 7.1 5.7 5.8 5.9 6 6.2 6.7 7.5 7.5 6.9 6.9 6.9 6.8 6.8 6.6 6.5 5 6.3 7.6 7.5 8.6 10.1 11.6 13 13.6 14.3 16.2 18 18.7 20.2 21.5 22.4 23.6 26.2 30 33.6 38.4 43.5 50.5 60.3 64.4 70.2 77.2 82.7 91 97.2 103.9 111.1 116.3 121.8 125.9 129.4 132.1
0 0 0 0 0 0 0 0 0 0 0 0 0 0 0 0 0 0 0 0 0 0 0 0 0 0 0 0 0 0 0 0 0.3 0.6 0.9 1.2 1.5 2 5 11.5 8.5 8.7 7.8 10.1 6.2 6.4 6.4 5.8 6 6.7 7.4 7.8 7.2 7 7 6.9 6.9 6.9 6.2 5.3 6.1 6.8 7.3 8 9.4 10.7 12.1 13 13.6 15.4 16.6 18.3 18.3 19.9 21 24.3 25.4 29.3 32.5 36.8 42.7 51.1 57.6 62.3 68.9 77 82 89.9 97.8 102.3 109.6 115.6 120.9 125.2 127.8 130.8
0 0 0 0 0 0 0 0 0 0 0 0 0 0 0 0 0 0 0 0 0 0 0 0 0 0 0 0 0 0 0 0 0 0.3 0.7 1 1.3 1.6 2.5 4.4 6.3 4.2 5.2 9.9 6.5 6.4 6.6 6.9 6.9 7.3 7.4 8.1 7.8 7.6 7.1 7 7 6.7 6.3 5.1 6.1 5.8 7 7.6 8.2 9.4 10.6 11.8 13.1 14.1 15 15.9 17.1 19.5 20.9 23.2 24.5 27.1 29.9 37.6 44.2 49.6 54.1 61 72.3 76.1 84.2 90.3 97 101.7 108 114.1 120.2 123.7 125.8 129.6
0 0 0 0 0 0 0 0 0 0 0 0 0 0 0 0 0 0 0 0 0 0 0 0 0 0 0 0 0 0 0 0 0 0 0.5 0.8 1.1 1.4 1.7 3.8 11.8 8.3 5 11.4 6.5 5.5 5.6 5.8 6.1 6.6 6.9 8.1 8 7.7 7.5 7.3 6.8 6.3 6 5.6 6.2 6.6 6.5 7 7.7 8.5 9.1 10.4 11.8 13 13.8 14.9 16.2 18.1 19.2 20.9 23.3 26.1 28.8 35 44.1 48.5 53 62.4 71 74.8 83.6 88.8 93.9 102.5 105.7 111 115.3 120.5 124.1 129.7
0 0 0 0 0 0 0 0 0 0 0 0 0 0 0 0 0 0 0 0 0 0 0 0 0 0 0 0 0 0 0 0 0 0 0 0.5 0.9 1.2 1.5 1.8 5.1 6.9 13.5 9.2 11.8 5.5 5.6 5.7 5.9 6.3 6.8 7.9 8.3 8.3 8.1 7.8 7.2 6.7 6.2 5.7 5.9 6.6 6.7 6.7 7.6 8.2 8.7 9.2 9.6 11.2 13.1 14.2 15.3 17.1 18.8 20.6 22.5 25.7 28.9 33 40.5 46.1 51.3 59.8 68.2 74.4 80.4 85.4 92.6 97.4 101.2 105.9 111.3 118.6 123 128.4
0 0 0 0 0 0 0 0 0 0 0 0 0 0 0 0 0 0 0 0 0 0 0 0 0 0 0 0 0 0 0 0 0 0 0 0.3 0.6 0.9 1.3 1.6 2.9 6 10 11.3 13 5.8 5.8 5.5 5.9 6.3 6.7 7.5 7.9 8.3 8.6 7.7 7.7 7.1 6.6 5.7 5.1 6.5 6.4 6.7 7.3 7.9 8.5 9 9.2 11.8 12.5 13.8 15.2 18.4 20.2 21.9 24.6 27.8 31.4 34.8 39.5 44.3 49.1 57.4 65 69.7 76.4 83.4 88.1 91.6 96.1 103.3 111.1 116.5 121.7 126.6
0 0 0 0 0 0 0 0 0 0 0 0 0 0 0 0 0 0 0 0 0 0 0 0 0 0 0 0 0 0 0 0 0 0 0 0 0.4 0.7 1 1.3 1.7 4 7.6 5.5 9.9 12 6.4 5.5 5.9 6.2 6.6 7 7.2 7.4 7.7 8.4 7.9 7.6 7.2 5.7 5 5.6 6.2 6.6 7.2 7.8 8.4 8.7 8.9 9.9 12.2 13.6 15.1 18.2 21.5 23.5 26.3 29.1 32.1 35.5 38.9 41.4 45.2 52.2 59.7 65.3 71.6 78.3 83 87.5 95.6 103.3 109.8 114.4 120.4 124.6
0 0 0 0 0 0 0 0 0 0 0 0 0 0 0 0 0 0 0 0 0 0 0 0 0 0 0 0 0 0 0 0 0 0 0 0 0 0.4 0.8 1.1 1.4 1.7 5.1 6 8.2 10.4 7.3 7.6 6.2 6.5 6.5 6.9 7.2 7.5 7.8 9.8 9.9 7.8 6.9 6 5.5 5.5 5.9 6.4 7 7.6 8.2 8.5 9.1 9.1 12 13.5 15.1 16.4 18.7 24.8 27.5 30.9 33.4 36.7 38 40.8 45 51 60.3 65.8 71.7 77.2 82.6 88 95.7 102.4 109.6 113.1 119.1 123.5
0 0 0 0 0 0 0 0 0 0 0 0 0 0 0 0 0 0 0 0 0 0 0 0 0 0 0 0 0 0 0 0 0 0 0 0 0 0 0.5 0.8 1.1 1.5 1.9 5.4 11.8 4.4 5 6.3 6.5 6.4 6.4 6.8 7.3 7.7 8.1 11.1 10.7 10.5 9.9 9 8.1 7.1 6.8 6.6 7.2 7.7 8.1 8.5 8.9 9.1 12.6 14.2 15.3 16.2 18.7 24.2 27.4 30.1 33.8 36 37.8 43 47.6 55.2 60 66.1 72.6 77.9 83.3 89.3 95.5 102 108.1 112 117.2 122.4
0 0 0 0 0 0 0 0 0 0 0 0 0 0 0 0 0 0 0 0 0 0 0 0 0 0 0 0 0 0 0 0 0 0 0 0 0 0 0.2 0.5 0.8 1.2 1.5 3.9 4.9 7.2 11.9 7.8 6.2 6.1 6.4 6.7 7.2 7.7 9.3 10.4 11.8 11.2 11.5 10.9 9.9 8.9 8.2 7.5 7.9 8.3 8.6 8.9 9.1 10 12.8 14.7 15.4 16.1 18 23.6 27.2 29.2 32.1 35 39.6 47.9 51.2 54.5 59.7 66.3 73.4 78.8 83.9 88.6 94.5 100.5 105.2 110.8 116.7 121.8
0 0 0 0 0 0 0 0 0 0 0 0 0 0 0 0 0 0 0 0 0 0 0 0 0 0 0 0 0 0 0 0 0 0 0 0 0 0 0 0 0.5 0.9 1.3 1.7 4.9 11.9 5.3 5.4 9.5 6.9 6.3 6.6 7.1 7.6 8 9.1 10.6 11.4 12.4 11.9 11.8 11.7 10.4 9.2 8.6 8.8 9.1 9.7 10.4 11.2 13.5 15.5 16.3 15.9 18.1 21.7 25.7 27.9 30.9 33.9 38.6 45.5 49.9 53.5 57.9 66.3 70.7 77.9 83 87.9 93.9 99.9 104.8 109.5 115.7 120.9
0 0 0 0 0 0 0 0 0 0 0 0 0 0 0 0 0 0 0 0 0 0 0 0 0 0 0 0 0 0 0 0 0 0 0 0 0 0 0 0 0.3 0.6 1 1.4 1.8 5.8 9 8.6 8.9 7.5 6.9 6.6 7.2 7.4 7.8 8.2 10.3 11.4 12.5 13 12.8 12.5 11.5 10.7 11.4 11 10.7 11 11.8 12.5 14.2 14.7 15.2 16.1 17.8 20.9 24.4 27.2 29.7 33.3 36.7 42.3 46.8 51.2 56.4 63.7 69.1 73.6 80.3 86.3 91.8 100.9 103.2 108.2 113.4 119.4
0 0 0 0 0 0 0 0 0 0 0 0 0 0 0 0 0 0 0 0 0 0 0 0 0 0 0 0 0 0 0 0 0 0 0 0 0 0 0 0 0 0.3 0.7 1.1 1.5 2.8 6.3 5.3 8.1 8 6.2 6.7 7.7 7.2 7.5 7.8 9.1 10.9 11.8 12.1 11.9 11.3 11.3 11.6 12.3 13.2 13.3 13.1 13.1 14 14.6 15.7 17.1 16.9 17.5 20.4 22.8 24.6 27.5 32 34.5 38.1 43.7 50.7 59.2 65 68.5 74.7 79.9 85.7 91.7 98.9 104.3 108.7 113.7 117.8
0 0 0 0 0 0 0 0 0 0 0 0 0 0 0 0 0 0 0 0 0 0 0 0 0 0 0 0 0 0 0 0 0 0 0 0 0 0 0 0 0 0 0.4 0.8 1.2 1.6 5.6 8.5 7.8 7.5 8.3 7.9 6.7 7 7.3 7.6 8.1 10.1 10.6 11.1 10.8 10.2 10.4 11.9 12.7 13.4 14.1 15.7 15.7 15.1 15.2 15.8 17.1 17.5 18.6 20 23.1 24.9 27.7 30.8 33.9 38.6 46.5 52.2 57.6 63.2 69.7 74.1 78.7 84.6 90.5 100 104.7 109.1 113.3 117.4
0 0 0 0 0 0 0 0 0 0 0 0 0 0 0 0 0 0 0 0 0 0 0 0 0 0 0 0 0 0 0 0 0 0 0 0 0 0 0 0 0 0 0 0.5 0.9 1.3 1.7 5.7 6.4 9.4 13.3 7.1 7.6 7.2 7.5 7.4 8.1 9.1 9.5 10 10 10.3 10.5 12 12.7 13.4 14 14.8 15.6 17.9 17.5 16.8 17.6 18.8 19.7 20.6 22.9 27.4 28.7 31.5 34.6 40.3 45.1 50.7 57.9 62.9 69 73.4 77.7 84.4 90.5 99 104.5 107.7 112 116.3
0 0 0 0 0 0 0 0 0 0 0 0 0 0 0 0 0 0 0 0 0 0 0 0 0 0 0 0 0 0 0 0 0 0 0 0 0 0 0 0 0 0 0 0 0.6 1 1.4 1.8 10.2 5.8 5.4 10.3 7.5 7.5 6.7 7.2 7.2 7.5 7.4 8.6 10.3 10.6 10.9 12 12.7 13.4 13.9 14.6 15.5 17 17.6 17.4 18.1 19.2 20 21 24.9 28.9 29.8 32.2 35.2 40.9 44.4 49.4 54.3 61.1 67.7 72.3 77.9 85.3 91.6 97.3 102.1 106.3 109.8 113.4
0 0 0 0 0 0 0 0 0 0 0 0 0 0 0 0 0 0 0 0 0 0 0 0 0 0 0 0 0 0 0 0 0 0 0 0 0 0 0 0 0 0 0 0 0.4 0.8 1.2 1.5 3.5 4.6 11.8 6.7 6.3 6.8 7.1 6.8 7 6 5.8 7.5 9.2 10.9 11.2 12 12.8 13.2 13.8 14.6 15 15.9 16.9 17.4 18.6 19.8 21.1 21.3 25.5 27.7 29.5 32.4 35.3 40.9 44.5 48 53.5 61.7 66.5 71.2 77.7 83.1 88.8 94.4 99.3 104.3 108.2 111.5
0 0 0 0 0 0 0 0 0 0 0 0 0 0 0 0 0 0 0 0 0 0 0 0 0 0 0 0 0 0 0 0 0 0 0 0 0 0 0 0 0 0 0 0 0 0.5 0.9 1.3 1.6 3 4.4 9.5 6.5 6.4 6.3 7.2 6.2 5.4 4.9 6.5 8.2 9.9 11.5 12 12.7 13 13.7 14 14.7 15.2 16.1 17.1 19.8 22.4 22.2 22.2 23.7 26.1 28.5 32.6 35 40.5 44.2 47.3 55.6 61.8 66.8 71.1 75.2 81.7 86.8 92.2 97.8 102.6 106.2 107.6
