Game/Highland_Data/StreamingAssets/GeoData/Data/sh/SH53.asc
ncols 200
nrows 200
xllcorner 250000
yllcorner 330000
cellsize 50
[rows 84 to 125 of 200, columns 94 to 187 of 200]
0.6 0.6 0.6 0.6 0.6 0.6 0.6 0.6 0.6 0.6 0.6 0.6 0.6 0.6 0.6 0.6 0.6 0.6 0.8 0.9 1 1.1 1.2 1.3 1.4 1.5 1.6 1.6 1.7 1.7 1.7 1.7 1.7 1.8 1.8 1.8 1.8 1.8 1.8 1.8 0.6 0.6 0.6 0.7 0.7 0.7 0.6 0.6 0.6 0.6 0.6 0.6 0.6 0.6 0.6 0.6 0.6 0.6 0.6 0.6 0.6 0.6 0.6 0.6 0.6 0.6 0.6 0.6 0.6 0.6 0.6 0.6 0.6 0.6 0.6 0.7 0.7 0.6 0.8 0.9 1 1.1 1.1 1.1 1.3 1.3 0.6 0.6 0.6 0.6 0.6 0.6 2.7 6
0.6 0.6 0.6 0.6 0.6 0.6 0.6 0.6 0.6 0.6 0.6 0.6 0.6 0.6 0.6 0.6 0.6 0.8 0.9 1 1.1 1.2 1.3 1.4 1.5 1.6 1.7 1.8 1.8 1.8 1.8 1.8 1.8 1.8 1.8 1.8 1.8 1.8 1.8 1.8 1.6 1.2 0.8 0.8 0.8 0.8 0.8 0.7 0.7 0.7 0.6 0.6 0.6 0.6 0.6 0.6 0.6 0.6 0.6 0.6 0.6 0.6 0.6 0.6 0.6 0.6 0.6 0.6 0.6 0.6 0.6 0.9 0.9 0.9 0.9 0.9 0.9 0.9 1 1.2 1.3 1.3 1.4 1.4 1.6 1.8 0.6 1.2 1 0.6 0.6 5 9 11.2
0.6 0.6 0.6 0.6 0.6 0.6 0.6 0.6 0.6 0.6 0.6 0.6 0.6 0.6 0.6 0.6 0.8 0.9 1 1.1 1.2 1.3 1.5 1.6 1.7 1.7 1.8 1.8 1.8 1.8 1.8 1.8 1.8 1.8 1.8 1.8 1.8 1.8 1.8 1.8 1.8 1.4 1 0.9 0.9 0.9 0.9 0.9 0.9 0.9 0.7 0.6 0.6 0.6 0.6 0.6 0.6 0.6 0.6 0.6 0.6 0.6 0.6 0.6 0.6 0.6 0.6 0.6 0.6 0.6 0.8 1.1 1.1 1.1 1.1 1.1 1.2 1.2 1.3 1.4 1.5 1.6 1.7 1.7 1.8 4.3 0.6 2.2 2 2.6 7.2 13 16.9 22.3
0.6 0.6 0.6 0.6 0.6 0.6 0.6 0.6 0.6 0.6 0.6 0.6 0.6 0.6 0.6 0.6 0.9 1 1.2 1.3 1.4 1.5 1.6 1.7 1.8 1.8 1.8 1.8 1.8 1.8 1.8 1.8 1.8 1.8 1.8 1.8 1.8 1.8 1.8 1.8 1.8 1.6 1.1 1.1 1.1 1.1 1 1 1 1 0.8 0.6 0.6 0.6 0.6 0.6 0.6 0.6 0.6 0.6 0.6 0.6 0.6 0.6 0.6 0.6 0.6 0.6 0.9 1 1.1 1.3 1.4 1.4 1.3 1.4 1.4 1.4 1.5 1.6 1.7 6.4 10 8.4 8.1 7.3 2.9 4.3 4.5 10.5 14.8 25.4 29.4 30.9
0.6 0.6 0.6 0.6 0.6 0.6 0.6 0.6 0.6 0.6 0.6 0.6 0.6 0.6 0.6 0.8 1 1.1 1.3 1.4 1.5 1.6 1.7 1.8 1.9 1.9 1.9 1.9 1.9 1.9 1.8 1.8 1.8 1.8 1.8 1.8 1.8 1.8 1.8 1.8 1.8 1.7 1.3 1.2 1.2 1.2 1.2 1.2 1.1 1.1 0.9 0.7 0.6 0.6 0.6 0.6 0.6 0.6 0.6 0.6 0.6 0.6 0.6 0.6 0.6 0.6 0.6 0.6 1.1 1.3 1.4 1.5 1.6 1.6 1.6 1.6 1.6 1.6 1.7 4.3 12.9 14.2 15.9 14.8 9.6 8.1 4.9 9.7 13 17.9 26.4 34.6 38.4 37.1
0.6 0.6 0.6 0.6 0.6 0.6 0.6 0.6 0.6 0.6 0.6 0.6 0.6 0.6 0.6 0.9 1.1 1.2 1.4 1.5 1.6 1.7 1.8 1.9 1.9 2 2 2 2 2 1.9 1.9 1.8 1.8 1.8 1.8 1.8 1.8 1.8 1.8 1.8 1.8 1.5 1.4 1.4 1.3 1.3 1.3 1.3 1.3 1.1 0.9 0.7 0.6 0.6 0.6 0.6 0.6 0.6 0.6 0.6 0.6 0.6 0.6 0.6 0.6 0.6 1.1 1.4 1.7 1.8 6.2 13.1 3.6 2.5 2 2.2 2.3 11.4 16.4 19 20.7 21.5 17.1 11.1 10.8 8.3 13.3 19 27.2 35.4 41.8 42.2 39.8
0.6 0.6 0.6 0.6 0.6 0.6 0.6 0.6 0.6 0.6 0.6 0.6 0.6 0.6 0.6 1 1.2 1.3 1.5 1.6 1.8 1.9 2.1 2 2 2.1 2.1 2.1 2.1 2.1 2 1.9 1.9 1.8 1.8 1.8 1.8 1.8 1.8 1.8 1.8 1.8 1.7 1.5 1.5 1.5 1.5 1.4 1.4 1.4 1.2 1 0.8 0.6 0.6 0.6 0.6 0.6 0.6 0.6 0.6 0.6 0.6 0.6 0.7 0.9 1.1 1.6 14.9 13.7 25.5 22.6 19.6 13.6 6.7 8.2 8.7 14.7 20.1 24.8 25 24.6 22.1 15.5 15.2 12.3 14.1 17.1 24.6 33.3 43.5 44.6 40.5 35.7
0.6 0.6 0.6 0.6 0.6 0.6 0.6 0.6 0.6 0.6 0.6 0.6 0.6 0.6 0.8 1 1.3 1.5 1.6 1.8 1.9 2.1 2.3 2.4 2.1 2.1 2.2 2.2 2.2 2.2 2.1 2 2 1.9 1.8 1.8 1.8 1.7 1.7 1.8 1.8 1.8 1.8 1.7 1.6 1.6 1.6 1.6 1.5 1.5 1.3 1.1 0.9 0.7 0.6 0.6 0.6 0.6 0.6 0.6 0.6 0.6 0.6 0.9 1.2 1.4 1.7 16.3 22.4 26.3 34.6 29.7 22.6 16.8 11 13.9 14.1 23 26.9 31.1 30.4 26.4 20.9 19 17.4 13.7 19.3 23.3 29.1 37.9 39.6 38.6 38.3 38.3
0.6 0.6 0.6 0.6 0.6 0.6 0.6 0.6 0.6 0.6 0.6 0.6 0.6 0.6 0.9 1.2 1.4 1.6 1.8 1.9 2 2.1 2.4 2.6 2.5 2.2 2.3 2.3 2.3 2.3 2.2 2.1 2 2.3 2 1.7 1.7 1.6 1.6 2.2 2 1.8 1.8 1.8 1.8 1.8 1.7 1.7 1.7 1.7 1.5 1.3 1.1 0.6 0.6 0.6 0.6 0.6 0.6 0.6 0.6 0.6 0.6 1 1.4 1.7 2.4 12.5 29.1 31.4 40.6 35.3 24.1 16.5 15.4 15.6 28.2 31.8 37.2 36.9 32.1 26.6 23 20.3 18 19.4 26 30.3 33.6 34.4 34.9 35.3 36.8 31
0.6 0.6 0.6 0.6 0.6 0.6 0.6 0.6 0.6 0.6 0.6 0.6 0.6 0.6 1 1.3 1.5 1.7 2 2.2 2.2 2.3 2.4 2.7 3 2.7 2.3 2.4 2.4 2.3 2.3 2.2 3.1 2.5 2.2 2.3 1.9 1.9 1.9 2.2 2.1 1.9 1.8 1.5 1.6 1.9 1.7 1.7 1.8 1.8 1.5 0.6 0.6 0.6 0.6 0.6 1.1 0.6 0.6 0.7 0.8 0.8 0.6 1.3 1.7 2.4 4 5.6 18 27.3 42.7 35.5 23.2 17.6 15.5 24.8 38.1 40.9 45.5 42.7 35.1 31 25.5 21.6 20.2 25.1 30.4 32.3 32.2 31 31.7 31.8 27.1 23.1
0.6 0.6 0.6 0.6 0.6 0.6 0.6 0.6 0.6 0.6 0.6 0.6 0.6 0.6 1.1 1.4 1.7 1.9 2.2 2.5 2.5 2.4 2.5 2.7 3 3.3 2.9 2.5 2.5 2.4 3 3.2 3.3 2.7 2.8 2.9 1.4 2.2 2.3 2.3 2.1 1.9 1.7 1.6 1.6 1.8 1.8 1.6 2.2 1.7 1 0.6 0.6 0.6 0.6 0.6 1.8 1.8 0.6 1.3 1.3 1 0.6 1.7 2.6 3.3 5.6 5.3 13.6 19.1 25.2 16 10.8 15.1 23.1 39.1 46.7 52.6 55.4 48.1 42.2 35.9 28.3 25.5 26 29.6 30.8 30 29 29.1 28.5 24.4 21.4 20.6
0.6 0.6 0.6 0.6 0.6 0.6 0.6 0.6 0.6 0.6 0.6 0.6 0.6 0.8 1.2 1.5 1.8 2 2.4 2.7 3 2.8 2.7 2.8 3 3.3 3.6 3.8 4 3.5 3.1 3 3.4 3.5 2.7 1.9 2.3 2.3 2.3 2.1 2.2 1.9 1.7 1.9 2 1.7 2.4 2.5 2.3 1.7 2.1 2 0.6 0.6 0.6 2 0.6 0.6 0.6 1.8 1.5 0.6 0.6 2.1 3.1 4.8 4.2 5.9 7.4 13.3 9.8 9.8 14.9 19.3 34.7 49.6 56.8 60.8 60.7 55.1 48.6 39.8 32.4 29.7 31.4 33.2 30.5 28.7 28.2 26.8 23.6 21.7 20.1 19.5
0.6 0.6 0.6 0.6 0.6 0.6 0.6 0.6 0.6 0.6 0.6 0.6 0.6 0.9 1.3 1.7 1.9 2.1 2.2 2.9 3.2 3.3 3.2 3 3.3 4 3.5 3.5 3.6 3 2.8 3.1 3.3 3.1 2.9 2.5 2.4 2.2 2.1 2.5 1.8 1.9 2 2.2 1.9 2.4 2.6 1.8 1.7 2.3 1.9 2.1 0.6 1.8 0.6 1.7 0.6 0.6 2.3 2.3 1.7 0.6 2.6 2.6 3.5 3.6 4.6 5.6 6.7 9.6 10 13.7 21.6 31.2 45.7 57.5 63.2 69.6 66 59.3 51.4 42.2 34.6 32.9 32.9 33.8 29.6 27.2 23.8 22.9 22.1 20 19.4 16.3
0.6 0.6 0.6 0.6 0.6 0.6 0.6 0.6 0.6 0.6 0.6 0.6 0.6 1 1.4 1.8 2.1 2.1 2.3 2.5 3.1 3.7 3.6 2.8 4.1 3.8 2.9 3.2 3.4 3.2 2.8 3.1 3 2.8 2.6 2.4 2.3 2.4 2.4 2.5 2.5 2.4 2.5 2.4 2.2 2.4 2.3 2.2 2.3 2.3 2.4 0.6 0.6 1.7 1.9 0.6 0.6 0.6 2.4 2.5 2.4 1.5 0.6 3.2 3.7 3.7 4.1 5.1 6.8 13.3 15.4 22.9 24.4 35.8 49.3 63.1 67.6 70.3 67.9 61.1 52.7 42.5 34.9 32.2 33.7 31 25.8 21.9 21.2 21 19.5 18.7 16.2 9.4
0.6 0.6 0.6 0.6 0.6 0.6 0.6 0.6 0.6 0.6 0.6 0.6 0.6 1.1 1.5 1.9 2.1 2.5 2.7 2.6 2.7 3.3 3.7 2.9 3.6 3.7 3.7 3.1 2.9 2.9 2.8 2.8 2.9 2.5 2.5 2.7 2.2 2.2 2.4 2.1 2.1 2.2 2.3 2.5 2.5 1.9 1.9 2.1 2 1.9 2.2 0.6 1.9 2.3 2.4 1.6 2.3 0.6 2.3 2.5 2.4 2.5 0.6 0.6 3.1 3.8 4.4 5.1 22.5 22.7 23.9 26 35.5 47.6 54.3 62 64.1 68.7 68.1 61.8 52 42.9 34.3 30.4 28.5 23.6 21.3 19.8 19.6 19.7 20 17.2 14.9 7.9
0.6 0.6 0.6 0.6 0.6 0.6 0.6 0.6 0.6 0.6 0.6 0.6 0.6 1.2 1.6 1.9 2.2 2.4 2.6 3.1 3.3 4 3.5 3.1 3.9 3 3.5 3 3.1 3.1 3 2.7 2.5 2.7 2.6 2.3 2.5 2.6 2.6 2.5 2.2 2.1 2.3 2.4 2.3 2.2 2.2 2.3 2.2 2.4 2.3 2.1 2.2 2.3 2.4 2.5 2.2 0.6 2.4 2.5 2.7 2.9 3.1 0.6 3.2 4.1 4.5 17.8 32.9 35.8 30.5 23.8 41.9 49.7 54.3 56.5 59.7 66.9 66.2 60.3 50.4 42.6 32.8 25.7 24 22.5 20.3 20.2 19.7 21.2 22.4 20.8 14.1 5.3
0.6 0.6 0.6 0.6 0.6 0.6 0.6 0.6 0.6 0.6 0.6 0.6 0.9 1.3 1.7 2 2.3 2.7 2.9 3 3.1 3.7 3.1 5.1 3 3.9 3.5 3.2 3 3.4 3.1 2.9 2.6 2.3 2.1 2.3 2.5 2.7 2.4 2.5 2.5 2.4 2.3 2.4 2.3 2.4 2.5 2.5 2.4 2.5 2.3 1.9 2.1 1.9 2.3 1.9 2.1 1.9 1.6 1.7 2.4 3.4 3.5 2.7 2.8 3.4 4.9 34.5 45.8 42.9 28.2 38 42.5 47.6 51.5 55.4 60.3 58.9 60.6 57.7 49.8 41.5 30.5 25 23.6 21.7 20.7 20.8 23.1 27.1 26.4 20.2 12.4 3
0.6 0.6 0.6 0.6 0.6 0.6 0.6 0.6 0.6 0.6 0.6 0.6 1 1.4 1.7 2 2.3 2.6 2.9 3.2 5 3.4 3 3.7 3.2 3.9 3.6 3.3 3.1 3 3.2 3.1 2.9 2.6 2.4 2.4 2.6 2.8 2.7 2.5 2.8 2.7 2.6 2.5 2.4 2.2 2 2.2 2.3 2.4 1.8 1.9 2.1 1.8 1.9 2.3 2.2 2.1 2.4 2.8 2.9 3.1 2.4 2.5 3 3.8 14 43.6 51.6 32.1 38.5 48.7 51.7 48.6 49.2 56.7 58.2 59.1 57.5 53 47.9 40.7 27.1 24.8 24.1 22.9 21.5 21.9 26 31.7 25.4 17.5 9.4 2.2
0.6 0.6 0.6 0.6 0.6 0.6 0.6 0.6 0.6 0.6 0.6 0.9 1.1 1.4 1.7 2.2 2.8 3.4 4.2 5 3.9 3.2 3.9 3.5 3.4 3.3 3.6 3.4 3.2 2.9 3.2 3.2 3.1 2.9 2.8 2.6 2.7 2.9 2.8 2.6 3 3 2.7 2.5 2.5 2.4 2.2 2.3 2.3 2 1.6 2.5 2.1 2.3 2 2 2.4 2.4 2.5 3.2 2.8 2.2 2.3 2.6 3 3.6 21.6 53.9 43.2 38.6 42.7 49.5 51.9 52.3 54.6 54.9 58.2 59.3 57.7 51.9 46.6 35.8 26.5 24.8 23.2 22.9 22.9 23.2 26 28.5 21.7 14.8 5.4 6.5
0.6 0.6 0.6 0.6 0.6 0.6 0.6 0.6 0.6 0.6 0.6 0.9 1.2 1.4 1.7 2 2.3 2.9 3.5 4 5.3 3.1 4.4 3.1 3.1 3.6 3.6 3.4 3.2 3 3.4 3.4 3.2 3.2 3.1 2.9 2.8 3.3 3.5 3.2 3.1 2.8 2.6 2.7 2.7 2.6 2.5 1.8 2.1 2.2 2.1 2.4 2.4 2.2 2.1 2.2 2.4 2.5 2.7 2.8 2.8 2.7 2.9 3.5 3.8 3.4 31.7 41.3 36.2 44.9 50.8 53.6 57.4 60.9 63.2 63.4 62.1 59.1 55.8 50 41.9 32 29.1 24.2 23.4 24 27.2 25.7 25.3 22.3 16.4 12.1 2 2.4
0.6 0.6 0.6 0.6 0.6 0.6 0.6 0.6 0.6 0.6 0.8 1 1.2 1.5 1.7 2 2.3 2.6 3 5.8 3.9 4.1 3.5 3.9 3.8 3.5 3.3 3.3 3.2 3.1 3.6 3.2 3.1 3 3.2 3.1 3.4 3.1 3.1 2.9 2.7 2.7 2.8 2.9 2.9 2.8 2.2 1.9 2.3 1.9 1.8 1.8 2.1 2.4 2.3 2.3 2.6 2.6 2.7 2.8 2.2 2.8 3.4 4.1 4.4 4.4 14.4 31.1 38.3 50.3 56.3 60 64.2 66 65.9 69.6 68.8 63.8 55.1 45.4 37 29 28.7 24.1 25.3 24.8 26.8 23.1 21.9 18.9 15.1 9.7 2.6 2.3
0.6 0.6 0.6 0.6 0.6 0.6 0.6 0.6 0.6 0.7 0.9 1.1 1.3 1.4 1.6 1.9 2.4 3 3.9 4.7 3.7 4.2 4.2 3.4 3.3 3.2 3.2 3.3 3.3 3.2 3.1 3 3 2.9 2.9 3.2 3.6 3.1 2.6 2.6 2.8 2.8 2.9 3 3.1 2.7 2.6 2.5 2.4 2.2 2.1 2.1 2.1 2.2 2.4 2.4 3 2.8 2.5 2.6 2.8 3.3 3.9 4.2 4 4.6 11.8 32.3 39.1 54.9 62.8 69 74.6 73.3 70.8 73.4 69.7 65.2 56.7 43 34.2 26.7 24.9 25 27.1 23.7 23.5 23.5 21.2 18.9 11.6 4.3 2.4 2.2
0.6 0.6 0.6 0.6 0.6 0.6 0.6 0.6 0.6 0.8 1 1.1 1.3 1.5 1.6 1.9 3.1 4.4 5.5 4.6 4.2 4.4 3.4 3.9 3.3 3.2 3.2 3.2 3.5 3.7 3.4 3.2 3.1 3 3.2 4.6 3.3 3.5 2.9 2.9 3 2.9 3 3.2 3 2.9 2.5 2 1.9 2.5 2.5 2.4 2.4 2.3 2.4 3.1 3.5 2.4 2.1 2.9 2.8 3.8 4.3 4.2 4 5.3 8 20.5 41.7 54.4 65.2 71.4 75.6 75.5 73.7 72.4 66.2 60.5 51.6 40.6 29.4 23.9 22.7 24.6 21.8 20.4 21.5 19.8 18.7 14.5 7.6 2.6 2.3 1.6
0.6 0.6 0.6 0.6 0.6 0.6 0.6 0.6 0.7 0.9 1 1.2 1.3 1.5 1.6 1.8 2.3 2.8 3.6 4.9 3.6 5.6 4.4 3.5 3.3 3.2 3.2 3.1 3.3 3.5 3.4 3.3 3.4 3.2 4.3 3.2 3.3 3.3 2.9 3.3 3.1 3 3.2 2.9 2.9 2.8 2.6 2.4 2.5 2.6 2.6 2.6 2.8 2.7 4 2.6 2.2 2.5 3 3.3 4 4.1 3.7 4.3 4.3 4.8 6.5 8.6 28 51.5 63.6 71.9 74.4 71.8 71.7 67.5 61.9 53.1 46.2 34 24.6 22.4 18.6 16.7 16.6 17.4 17.2 14.8 13 11.9 3.3 2.4 1.8 2.5
0.6 0.6 0.6 0.6 0.6 0.6 0.6 0.6 0.7 0.9 1 1.2 1.3 1.5 1.6 1.8 2.5 3.6 4.7 5.1 3.9 5.6 3.4 3.7 3.7 3.5 3.3 3.2 3.9 3.5 3.5 3.3 3.5 5.5 3.2 3.1 3.3 3.4 3.6 3.3 3.3 3.1 3.3 2.7 2.8 2.7 2.5 2.3 2.6 2.9 3.3 3.2 3.1 3.6 2.6 2.8 2.8 3.1 3.3 3.6 4.4 3.8 4.4 4.6 4.9 10 9.9 7.6 15.2 33.3 48.4 57 61.9 68.6 64.7 60.2 53.2 45.5 37.3 28.7 21.1 20.5 11.8 12 13.8 16.6 12.6 10.6 7.4 3.7 2.3 1.6 1.5 1.6
0.6 0.6 0.6 0.6 0.6 0.6 0.6 0.6 0.7 0.8 1 1.1 1.3 1.4 1.6 1.7 2.2 3.1 4.2 5.9 4.7 4.4 3.4 3.9 3.5 3.5 3.4 3.6 3.4 3.6 3.6 3.2 5 3.8 3.6 3.3 3.2 3.4 3.7 3.3 2.9 3.2 3.2 3.3 3.1 3.1 3 4 3.4 3 3.3 3.3 3.9 2.9 2.9 2.4 3.1 3.2 3.5 3.9 4.1 4.4 4.4 5.1 11.6 17.2 9.2 8.3 8.9 22.7 35.6 50.1 58 55.8 51.8 49.6 43.8 36.8 31.8 18.8 14.3 10.4 9.8 10 11.9 14 13 11.1 3.4 2.8 2.4 2.1 2.5 2.6
0.6 0.6 0.6 0.6 0.6 0.6 0.6 0.6 0.7 0.8 1 1.1 1.2 1.4 1.5 1.7 1.9 3 4.2 6.9 5.9 4.3 4.2 3.4 3.7 3.6 3.4 3.5 3.5 3.7 3.7 5.5 3.6 3.6 4 3.7 3.1 3.6 3.2 4.2 3.9 5.5 3.9 3.4 4.1 4 3.6 2.9 3.5 3 3.1 3.3 3 2.6 2.9 2.8 3 3.3 3.7 4.1 4.6 4.4 4.2 16.4 24.2 18 8 7.7 7.3 12 25.5 38.1 40.5 39.2 37 39.7 32.3 25 19.4 12.8 9.3 8.5 8.1 8.5 9.1 10.7 12.7 9.7 2.7 2.6 2.7 2.4 2.5 2.8
0.6 0.6 0.6 0.6 0.6 0.6 0.6 0.6 0.6 0.8 0.9 1.1 1.2 1.3 1.5 1.6 1.8 3.3 5.1 6.4 5.3 4.6 3.6 3.8 3.6 3.3 3.4 3.5 3.6 3.5 4.6 3.9 3.7 4.5 3.5 3.3 3.1 3.5 3.8 8.6 3.6 4.1 4 3.8 3.4 3.5 3.3 2.2 3.2 4 2.6 2.5 2.4 3 3.4 3.2 3.4 3.8 3.9 4.7 4.8 5.2 5.2 21.9 20.5 8.2 7.7 7.8 7.7 10.4 11.2 24.2 27.5 24.8 22.7 21.7 16.3 10.7 8.3 7.7 7.6 7.4 7.2 7.3 6.3 6.3 3.8 2.8 2.6 2.4 2.3 2.5 1.9 2.6
0.6 0.6 0.6 0.6 0.6 0.6 0.6 0.6 0.6 0.7 0.9 1 1.2 1.3 1.4 1.6 1.7 2.7 4.6 6.6 5.8 4.8 4.6 4.7 3.5 3.3 3.3 4 3.6 4.8 4.9 3.5 3.7 3.4 3.9 3.9 3.1 3.4 5.3 4.3 7.6 5.5 4 3.1 3.7 2.7 2.6 3.3 3.6 4 5 2.9 3 3 3.4 3.5 4 4.5 4.7 4.7 4.9 5.3 14.5 20.2 7.8 6.7 7.8 8.4 7.6 7.4 7.6 14.8 22 13.1 10.5 9.3 7.5 7.2 7.6 7 7.2 7.1 6.5 6.6 5.4 3.6 2.6 2.8 2.5 2.3 2 1.9 2.4 2.6
0.6 0.6 0.6 0.6 0.6 0.6 0.6 0.6 0.6 0.7 0.8 1 1.1 1.3 1.4 1.5 1.7 2.3 4.5 6.6 5.5 4.8 3.6 4.8 3.7 3.4 3.4 3.9 4.3 6.5 4.3 4.2 3.9 3.4 3.4 4.6 3.6 5.8 3.7 3.8 5.1 4.1 3.2 2.7 3.8 3.6 3 3.6 3.6 3.6 5.1 3.2 3.1 3.8 4.3 4 4.2 4.5 5.2 5.3 5.4 5.1 12.9 8.2 6.6 6.6 7.4 7.5 7 7.4 7.8 8 7.8 8 6.8 7.1 7.3 6.9 6.9 6.8 6.8 6.7 6.6 5.6 4 2.8 2.5 2.8 2.4 2.2 1.9 1.9 2.5 2.3
0.6 0.6 0.6 0.6 0.6 0.6 0.6 0.6 0.6 0.6 0.8 0.9 1.1 1.2 1.3 1.5 1.6 1.8 3.7 7.9 6.4 6 3.8 5.2 4.1 3.7 3.5 3.4 4.6 5.7 3.9 4.4 3.4 4 3.8 3.2 6.3 10.5 5.1 4 3.9 4.2 4.8 2.9 3.8 3.5 3 3.6 3.8 3.9 5.5 2.7 3 3.9 4.3 4.3 4.7 4.9 5.2 5.8 6 5.6 8.4 6.5 6 6.6 7.6 7.2 7.1 7.8 7.4 7.6 8 7.8 7.1 6.9 7.3 6.9 6.9 6.9 6.7 6.5 6.4 7.6 6.2 3.5 3.1 2.7 2.4 2.3 2.5 2.4 2.6 2.6
0.6 0.6 0.6 0.6 0.6 0.6 0.6 0.6 0.6 0.6 0.6 0.8 1 1.1 1.3 1.4 1.6 1.7 3.5 6.9 6.7 7.2 3.9 4.5 3.8 4.1 3.5 4.1 6 7.2 4.5 4.3 3.8 3.5 4.7 4.2 5.8 5.8 6 4.1 3.7 3.6 3.6 3.4 3.6 3.7 3.2 3.7 3.9 3.8 4.4 3.3 3.6 4 4.3 4.7 5 5.5 5.2 5 5.3 5.6 6.5 6.5 6.5 7 7 7.4 7.3 7.7 7.5 7.3 7 7.9 7.3 8 6.7 6.8 7 7 7.7 6.6 6.6 6 4.1 3.4 3 2.6 2.1 2.4 2.7 2.6 2.7 2.7
0.6 0.6 0.6 0.6 0.6 0.6 0.6 0.6 0.6 0.6 0.6 0.8 0.9 1.1 1.2 1.4 1.5 1.7 2.4 6.5 8.4 7.6 4.4 5.4 4.7 4.5 4 5.2 6 6.6 4.4 3.9 3.6 4.6 3.9 3.5 4.9 5.2 5.3 5 4.4 3.5 3.9 5 3.7 3.6 3.6 3.6 4 3.7 3.3 3.3 3.7 4.1 4.5 4.7 5 5.5 6.3 5.4 5.9 6.3 6.5 6.8 6.6 7.1 7 7.6 7.5 8 7.2 7.1 7.4 7 7.2 7.3 7.1 6.7 6.6 6.8 6.8 6.2 6 4.9 3.5 3.3 2.5 2.6 2.5 2 2.7 2.8 2.6 2.7
0.6 0.6 0.6 0.6 0.6 0.6 0.6 0.6 0.6 0.6 0.6 0.6 0.9 1 1.2 1.3 1.5 1.6 1.8 5.6 8.6 6 3.9 7 4.9 4.5 3.8 7 5.6 5.7 4.2 3.6 4.7 4 3.5 4 4.4 5.4 6.2 5 4 3.6 3.5 5.6 3.3 3.9 4 4 4.1 4.3 3.1 3 3.9 4.2 4.5 4.7 4.9 5.3 5.2 6.3 6.4 6.3 6.7 7 7.5 7 7.1 7.1 7.2 7.2 7.2 7.5 7.3 6.8 7.3 7.2 7.1 7.1 6.8 6.7 6.7 6.3 6 4.8 3.7 3.2 2.7 2.6 2.2 2.9 2.8 2.8 3 1.8
0.6 0.6 0.6 0.6 0.6 0.6 0.6 0.6 0.6 0.6 0.6 0.6 0.8 0.9 1.1 1.2 1.4 1.5 1.7 4.5 9.5 8.7 4.9 5.6 5.4 3.8 4.1 6.2 5.7 5.6 6.7 4.2 4.3 4.2 3.6 5 4.5 4.3 6.3 3.7 4.3 3 3.5 4.3 3.3 4.1 4.1 4.1 4 5.4 3.4 3.7 4 4.2 4.4 4.6 4.8 5.3 5.9 6.4 6.3 6.6 5.9 6 7.1 7.2 7.2 7.3 8 7.1 7.3 7.5 6.9 7.3 7.3 6.8 7.1 7.1 6.9 6.6 6.5 6.3 5.7 4.5 3.8 3.2 2.7 2.8 2.6 2.7 2.7 2.7 2.3 2.1
0.6 0.6 0.6 0.6 0.6 0.6 0.6 0.6 0.6 0.6 0.6 0.6 0.7 0.9 1 1.2 1.3 1.5 1.6 1.8 8.4 7.9 4.8 3.8 5.1 3.8 4.9 7.7 6.2 5 6.8 4.5 4.1 3.8 3.7 6.9 4.7 6.1 6 4 4.3 3.6 4 4.4 3.6 4 4.2 4.1 4 4.7 3.5 4 4.1 4.2 4.4 4.6 4.8 5.9 5.5 6 6 6.3 5.8 6.5 6.9 7 7.4 7.5 7.4 7.1 7.5 7.6 7.5 6.7 6.7 6.7 7.1 7.1 6.9 6.5 6.5 6.3 5.2 3.8 3 3.2 2.9 2.6 2.7 2.5 2.5 2.5 2.3 2.5
0.6 0.6 0.6 0.6 0.6 0.6 0.6 0.6 0.6 0.6 0.6 0.6 0.6 0.8 1 1.1 1.3 1.4 1.6 1.7 5.4 10 5 4.6 5 3.9 5.9 5.8 7.6 6 6.5 5.6 4.2 3.5 6.2 5.1 6.5 5.7 7.4 3.8 4.4 3.3 4 6.1 4 4.2 4.1 4.4 4.1 4.9 3.5 3.8 3.8 4.3 4.1 4.3 4.8 5.1 6.1 6.5 6.3 6.8 7.3 7.9 7.3 6.8 7.1 7.3 7.7 7.3 7.3 7.3 7.5 7.2 7.2 7 6.6 6.5 6.7 6.5 6.6 6 4.7 4.1 3.5 2.8 2.9 2.8 2.7 2.6 2.5 2.4 1.9 2.3
0.6 0.6 0.6 0.6 0.6 0.6 0.6 0.6 0.6 0.6 0.6 0.6 0.6 0.6 0.9 1 1.2 1.4 1.5 1.7 3.6 10.7 5.4 4 5 4 6 6.6 7.4 7.5 7.1 6.2 5.2 4.1 5.1 4.1 7.1 5.3 7.9 4.7 4.3 4 4.5 4.2 4.1 4 4.4 4.4 4.1 4.5 3.9 3.7 3.7 3.9 3.9 4.5 5.1 6.1 5.9 5.9 6.4 7.9 7 7 7.4 7.3 7.3 7.9 7.5 7.4 6.9 6.8 6.6 7.1 7 6.8 7.1 6.8 7 6.5 5.9 5.8 4.3 3.7 3.6 3.3 3 2.9 2.8 2.3 2.2 2.4 2.6 2.9
0.6 0.6 0.6 0.6 0.6 0.6 0.6 0.6 0.6 0.6 0.6 0.6 0.6 0.6 0.8 1 1.1 1.3 1.5 1.6 1.8 8 6.8 3.9 6.6 5.7 5.7 5.2 6.7 7.3 7.5 4.4 4.6 3.7 4.5 4.2 7 5.2 4.7 4.2 4.6 4.4 6.8 3.2 4 3.9 4.4 4.3 4.1 5.1 3.3 3.7 3.9 4.5 4.7 4.5 6.5 10.7 12.3 6.2 6.9 10.9 12.4 9.5 8.2 7.3 7.3 7.5 7.1 7.5 7.7 6.9 6.6 6.8 7.1 6.9 6.7 6.5 7.2 6.4 5.5 5 4.1 3.3 2.8 2.6 2.2 2.8 2.8 2.1 2.4 2.5 2.8 2.9
0.6 0.6 0.6 0.6 0.6 0.6 0.6 0.6 0.6 0.6 0.6 0.6 0.6 0.6 0.8 0.9 1.1 1.3 1.4 1.6 1.7 4.3 11.4 4.6 4.8 6.4 7 5.7 7.8 9.6 5.6 6.5 4.8 4.1 4 4.4 5.6 4.6 5 4.7 5.7 4.9 4.2 3.6 4.5 4.5 4.4 4.3 4.4 3.9 3.4 3.6 3.7 4 4.3 4.1 5.1 13.4 14.7 11.1 6.7 12.7 15.1 14.4 13.4 10.3 7.3 8.2 7.9 7.8 7.9 7.7 7.1 7.3 7 7 6.6 6.6 6.9 5.8 5.3 5 4.7 4.4 3.1 3 2.7 2.5 2.9 2.6 2.3 2.3 2.7 2.9
0.6 0.6 0.6 0.6 0.6 0.6 0.6 0.6 0.6 0.6 0.6 0.6 0.6 0.6 0.7 0.9 1.1 1.2 1.4 1.5 1.7 2.1 11 4.7 5.5 6.3 6.7 6.3 7.9 7 9.4 7.4 7 4 4.7 4.2 4.6 4.4 4.8 5.3 4.3 5.3 3.3 4.3 4.5 4.5 4.4 4.3 4.1 3.1 3.8 3.9 3.9 4.2 4.4 4.7 8.8 15.1 15.8 14.4 9.4 14.5 16.3 16 15.1 12.3 8.1 6.8 7.4 7.4 7.8 7.5 7.1 7.2 6.5 7 6.4 6.6 7 6.1 5.9 4.8 4.6 3.9 3.3 3 2.8 2.7 2.8 2.6 2.1 2.2 2.4 3
0.6 0.6 0.6 0.6 0.6 0.6 0.6 0.6 0.6 0.6 0.6 0.6 0.6 0.6 0.6 0.8 1 1.1 1.3 1.4 1.6 1.7 5.3 7 4.1 6.9 3.9 7.3 9.8 10.2 4.1 5.9 5.1 3.9 4.5 4.3 4.2 4.2 4.3 5.7 4.6 4.6 3.4 4.4 4.4 4.4 4.4 4.4 5.7 3.6 3.9 4.2 4.2 4.4 4.6 5.5 11.4 14.4 14.8 15.9 12.1 14.8 16.6 16.8 14.2 10 7.6 6.8 7.3 6.9 7.5 7.6 7.3 7 6.6 6.8 7.2 7.3 6.9 5.6 5.5 4.8 4.3 3.1 2.8 2.1 2.7 2.7 2.6 2.3 2.6 2.6 2.3 3.1
