Game/Highland_Data/StreamingAssets/GeoData/Data/sh/SH54.asc
ncols 200
nrows 200
xllcorner 250000
yllcorner 340000
cellsize 50
[rows 70 to 104 of 200, columns 79 to 157 of 200]
200.8 200.8 202.3 206.5 208.9 220.1 234.4 243.8 251.9 259 265.4 271 277 283.8 291.5 300.2 308.8 319.6 330.2 342 355.8 366.1 372.5 375.9 383.3 387.6 392.9 399 406.3 423.7 441.2 462.1 483.4 504.8 519.7 535.9 553.5 570.5 588.4 604.3 617.5 633.8 648.7 661 673.6 691.1 703.4 713.4 718.3 721.9 721.6 717.2 700 671.5 647.6 611.7 575.5 545 522.4 512.1 501.2 495.6 489.6 482.6 480.5 467.6 452.2 448 426.2 426.4 432.4 429.1 412.9 396.9 378.5 368.1 358.5 343.2 335.1
196.1 197.7 199.8 207.1 215 224.4 236.2 244.4 252.1 258.9 265 271.1 277.4 283.6 293.1 302.9 310.9 321.1 334.1 348.7 362.9 371.5 377.7 381.4 386.4 390.7 395.6 401.5 410.3 426.3 442.1 462.3 485.4 505.5 521.4 538.6 554.9 573.9 591.6 605.5 619.7 634 646.7 659.5 670.7 684 693 701.9 708 712.6 712.4 705.1 687.3 668.6 641.1 616.3 582.2 541 519.2 508.7 496.7 493.2 484.6 474.9 477.1 468.1 451.5 440.3 430 435.9 434.9 425.2 404.4 391.3 384 374.3 361.8 350.4 335.9
194.2 194.5 201.2 208.2 217.2 226.6 236.5 245.3 252.8 260.1 265.4 271.4 277.5 285.4 295.4 305.3 315 325 342.9 357.1 367.2 375.4 380.4 384.9 389.5 393.9 398.4 404.5 414 430.4 447.5 468.2 486.5 508.4 525.6 541.2 556.9 576.1 591.8 605.4 616.7 633.6 645.1 656.9 665.3 674.7 682.3 690.6 697.9 702.8 698 685.5 673.7 655.6 635.2 610.6 573.5 541.3 520.7 507.6 496.4 486.7 476.2 469.3 465.1 461.6 452.7 441.9 436.7 437.6 430.8 416.1 410.6 403.6 390.2 384.9 375.7 366.1 343.9
189.8 194.9 201.7 209.9 219.9 228.5 237.5 246.1 253.3 259.9 265.4 271.8 278.6 286.3 297.2 307.6 319.6 331.7 349.1 361.3 371.3 378.3 382.2 387.2 391.2 395.2 401.1 408.1 421.2 437 455.5 473.5 493.1 510.9 529.8 545.6 558 578.2 589.5 604.1 617.6 630.2 640.8 650.7 656.8 663.4 671.6 680.3 686.9 682.2 673.7 665.3 654.2 640.3 623.7 596.6 559.6 529.9 517.2 498.7 492.1 479.7 471.8 463.9 456.1 447.8 445 445.4 439.3 435.8 427.2 425 420.9 416.2 409.7 403.6 387.8 372.9 356.2
191 195.9 203.1 212.2 221.4 229.9 238.5 246.4 252.8 259.4 264.2 270.9 278.9 288.8 298.9 312 323.5 337.1 351.8 366.5 373.1 379.1 382.5 386.5 390.6 394.9 402.7 411.4 427.8 444.5 461 480.3 495 515.2 532.1 547.3 559.7 573.7 588.1 598 614.7 624.7 632.6 640.1 644.1 650.4 659.1 664.6 661.5 652.9 649.5 642.1 631.3 615.1 597.3 570.6 543.3 518 505.3 487.7 489.8 471.9 468 464.6 458.6 450.9 449.1 446.2 441.2 438.4 435.6 436.5 439.4 440.9 433.8 423 403.9 384.6 366.1
190.3 195.5 203.7 215.1 223.4 230.3 239.7 246.4 252 258.3 263.1 269.7 280 289.5 301.3 314.4 327 339.3 354.9 367.2 375 379 382.8 385.8 389.3 394.3 403.9 415.3 431.9 449.5 467.1 484 501.2 519.3 535 548 558.5 568.9 581.6 591 602.6 613.6 618 623.1 628.7 634.6 640.4 642 631.4 629.5 622.7 613.8 604.9 579.3 560.9 543.8 529.7 505.6 492.9 487.9 485.3 475 468.5 466.7 459.2 455.7 448.3 444.9 443.5 443.2 441.7 443.4 449.8 455.2 458.8 445.4 420.4 394.2 383.2
190.6 198.2 208.9 218.7 225.4 232.8 240.9 246.6 251.8 256.4 261.9 269.1 279.7 288.8 300.9 314.5 327.7 340.8 356.4 367.5 374.9 378.5 381.9 383.4 386.9 394.1 402.6 418.3 434.8 451.7 469.8 488.7 507.1 522.4 538.3 546 554.2 562.6 570.6 578.9 589.5 594.3 599.7 602.5 608.3 615.4 615.3 609 605.6 599.4 591.8 582.9 567 548.4 532.4 524.8 513.5 487.9 487 493.5 490.8 483.8 478.9 475.8 466.6 465 451 448.2 447.5 445.7 445.9 452.4 457.6 466.8 474 463.6 435.7 409 387.5
193.6 204.8 213 219.6 226.5 236.4 241.7 246.1 249.8 253.5 258.8 268.9 279.5 289.3 298.7 314 325 342.4 356.5 365.8 372.9 376.2 379.1 380.6 383.9 393.2 402.8 418.4 434.8 453.8 469.7 490.6 510.3 523.6 536.4 542.1 546.7 551.8 557.4 565.5 569.5 577.3 580.3 585.1 590.3 590.9 588.9 585 576.1 561.7 554.5 533.7 528 516.6 507.3 504.3 491.8 477.5 486.3 495.3 491.5 484.9 479.4 480 476.6 470.3 460.3 457.9 455.5 452.1 452.5 458.5 467.4 477.8 487.5 467.3 440.6 408.9 387.2
198.1 209.7 215 220.8 229.5 237.1 242.2 245 247.6 250.9 257.4 266.3 279.5 289.6 298.5 312.8 321.1 339.6 354.9 363.3 368.4 370.6 373.5 376 379.9 388.4 400.3 416.1 430.7 450.3 467.5 487.5 507.3 520.2 528.5 531.6 536.4 541.4 544.6 549.8 553.2 560.7 567.3 569.9 567.7 569.4 564.5 556.2 543.3 517.2 508.6 500.4 496.9 488.9 478 470.2 467.1 465.4 466.8 482.6 477 455.8 450.3 455.2 468.5 474.5 465.7 466.3 460.8 456.1 459.7 462.5 473.8 486.8 488.6 471.2 439.2 410.9 391.5
202.6 210.5 215.3 223.8 231.4 237.6 242 242.9 244.7 248.8 255.9 267 280.7 289.7 297.6 310.4 317.9 335.1 350.4 354.9 358.5 359.9 362.2 367.1 374.6 384.3 395.7 409.4 426.2 444.8 460.8 478.8 498.5 510.7 515.6 519.7 523.4 526.1 527.9 534.8 539.8 549.1 553.6 553.5 549.7 547.1 534.6 520.5 496.3 482.3 479.2 473.3 467.8 464.6 447 445.4 451.8 452.9 458.2 440 434.3 421.1 424.3 435.2 467.6 476.9 474.8 468.2 462.3 457.8 461 466 474.4 491.2 493.1 474.4 439.8 412.8 391.9
205.2 210.4 216.6 224 231.7 237 240.1 241.8 243.2 247.3 256.7 268.9 280.5 289.8 297.2 307.4 313.8 328.6 340.1 344.2 348.1 348.9 353.8 357 366 376.3 387.7 406.1 423.6 436.7 452.9 468.8 486.6 496.2 499.5 504.2 509.1 513.1 519 524.6 530.9 534.9 535.9 534.5 531.1 517.8 497 482 467.2 451.9 444.8 435.5 435.9 427 413.9 428.3 434.3 432.1 436.7 413.7 402.9 397 406 413.2 436.8 478.2 480.5 467.2 456.6 456.5 457.8 467.4 479.2 495.1 493.8 474.8 440.1 413.7 390.6
205.2 210.6 218.5 224.6 231.9 236.1 238.5 240.4 243 247.9 259 270 279.9 289 296.6 304.4 310.3 323.3 331.1 333.6 338.5 342.2 344.4 348.1 358 362 378 397.7 416.5 430.9 443 455.4 470.7 482.9 486.8 489.8 494.9 500.9 507 514.6 515.5 519.1 519.3 512.5 506.9 480.9 461.7 449.8 442.8 421 410.6 399.1 394.5 378.9 376.1 383.2 396.2 396.2 392.6 387.2 378.7 375.9 389.5 390.4 416.4 446 460.9 457 452 454.4 459.5 470.4 487.3 501.5 494.9 471.4 441.5 416.1 394
204.2 210.1 218.1 225.4 230.5 235 237.5 239.9 243.3 251.4 262 270.2 280.2 289.2 295.8 301.3 307.5 318 323 325.9 331.4 333.8 336.5 339.2 345.7 350.2 367.8 383.4 406.7 422.6 433.6 443.4 452.6 463.8 470.3 474.5 480.5 487.3 494.7 498 500.8 503.4 499 489.7 468.9 449.3 432 422.7 406.8 394.9 391.1 371.8 358.4 347.7 347 352 357.2 360.3 369.3 357.9 361.6 367.6 371.1 385.2 397.4 415.9 436.3 437.6 443.6 460.9 472 479.8 492.7 501.2 491.7 469.8 443.9 417.4 391.7
204 211.3 218.5 226.5 230.6 234.1 236.9 239.7 245.1 255.4 262.4 271.6 280.7 287.2 295.7 301 306.9 312.1 315.6 319.1 324 327 329.4 333.3 337.7 342 358.1 375.6 391.3 411.4 423.6 431.2 440.5 447.7 455.2 461.5 466.7 473.9 477.4 482.6 484.8 481.1 474.5 447.8 435.4 422.1 404.3 390.9 378.2 371.5 361.9 352.2 342.3 334.4 329.4 332.8 333.8 329.8 336.4 342.1 349.3 358.9 371.4 381.2 386.9 405.5 422.1 435.6 458.4 468.9 478.7 480.9 493.2 507.9 493.9 470.7 443.3 416 390.5
205.6 213.4 219.8 228.2 231 234 237.2 241.4 248.6 257 264.8 273.2 279.9 286.1 295.8 299.9 304.2 307.8 310.9 313.2 318.1 322.3 324.1 327 331.3 336.8 348.2 367.3 385.7 401.6 413.6 423.5 428.5 436 441.9 447.2 454.8 457.6 463.2 466.3 462.6 460.4 439.9 422.6 409.5 397.6 383.7 368.4 356.6 348.4 341 336.6 329.2 325.9 321.8 318.9 316.9 318.9 322.4 327.5 336.9 350.8 359.9 373.4 389.7 404 428.9 446.6 454.7 466.7 475.8 482.3 496 515.3 496.8 469.4 442.8 414.3 390.3
208.9 214.7 224.1 228.9 232.4 235.1 239.3 244.1 251.8 260.8 267.5 274.4 279.4 286.2 293.7 299.1 302.1 305.3 307.3 310.2 314.6 319 321.2 324.8 330.2 336.5 345.4 357.1 377 391.9 403.7 413.6 420.5 425.8 432.7 437.6 440.4 444.5 444.2 436.7 438.1 430.9 420.5 402.8 389.3 374.5 363.8 352.7 342.4 332.4 332.5 325.8 317.1 316.5 312.8 310.6 307 309.9 313.7 318.5 324.5 339.7 358.3 379.1 405.9 419.5 433.5 452.5 474.1 486.2 485.3 494.9 508.5 515.9 497.2 465.5 441.4 413.2 389.2
210.5 220.6 227.7 230.5 232.9 236.7 241.4 248.1 255.5 263.3 270.2 275.8 280.3 287.1 291.3 296.3 299.7 302 304.1 307.8 312.4 317.5 320.8 325.6 331.1 337.5 345.5 355.6 365 382.6 394.8 404.4 412.2 420.9 424.9 427.5 424.8 423.9 416.6 421.9 410.1 403.2 391.3 379.7 365.5 351.2 341.4 332 329.7 326.4 318.7 314.8 310.2 307.1 304.7 301.6 297.3 299.7 301.6 307 315.9 329.7 352.9 378.5 413.1 438 454.9 472.4 486.9 488.2 489.1 491.8 509.9 512.7 492.6 460 433.6 407.8 391.2
214.1 225.3 229.4 231 234.1 238.1 244.2 251.1 257.8 264.8 270.5 275.4 280.2 285 288.4 293.3 296.3 298.8 300.3 307.2 312.4 317.2 320.4 326.6 332.4 339.6 348 356.5 366.9 379.8 389.1 398.4 404.7 409.1 412.8 413.5 412.2 407.1 408 397.8 385.1 372.5 371.9 356.8 343 337.5 330.3 323.9 318.6 313.3 308.5 305.4 303.4 302 297.2 291.6 287.5 288.9 293.4 297.5 311.6 325.1 346.2 386.8 423.3 445 450 456.1 470.7 480.3 495.5 506.5 516.2 508.2 490.2 456.6 433 414.9 389.7
216.6 228.2 230.3 231.4 233.8 239.8 247 252.3 259.2 265.1 269.6 272.9 277.1 280 285.6 290.1 292.7 296.3 301.7 306.8 313.5 317.7 322 327.4 334.6 342.2 350.4 358.2 367 378.3 388.9 397.3 400.7 403.3 404 403.6 397.8 391.7 380.3 373.4 365 357.2 350.6 337.2 331 327.4 323 317.4 308.9 304.9 302.5 296 292.4 287.6 284.9 279.1 277.8 285.6 286.6 285.6 295 311.8 344.3 381.4 407.1 423.8 423.5 434.9 450.5 459.3 475.3 498.7 512.9 506.4 482.3 454.5 435.8 413.3 388.3
216.4 228.2 229 230.1 233.7 241.7 248.5 253 257.5 263.3 267.9 270 273.2 277.4 282.4 286.6 293.1 297.1 301.8 308 313.3 319.5 324.3 328.3 335.5 343.9 352.7 360.9 370.3 381 388.9 394.3 396.4 396.9 395.3 390.5 383.1 373.8 361.2 350.4 347.8 337.5 331.7 331 328.2 321.9 312.9 306.6 303.6 302.7 298.4 290.7 285.7 280.3 272.5 270.1 273.5 277.3 280.8 288.1 293.9 307.9 335.7 362.3 391.9 397.2 398.1 416.9 432.7 444.1 457.7 478.9 504.6 497 473.2 450.2 433 410.2 388.7
217.7 223.6 227.3 230.3 234.9 244.5 248.2 252.8 256.6 260.1 263.6 267.1 271 274.6 281.3 287.2 292.4 297.8 302.5 307.4 313.7 320.2 326.2 331.6 340.6 347.6 357.6 365.9 374.6 381 387.8 390.6 392 390.6 384.6 374.9 368.4 360.7 346.6 343.1 335.1 324.7 320.9 323.8 313.9 313.2 305 300.5 298 296.2 290.4 286.5 281.3 276.1 268.7 268.6 272.9 279 277.7 279.9 286.1 300 336.2 351.3 366.7 372.8 384.5 407.6 421.4 431.9 448.3 468.1 491.8 483.1 460.2 441.4 428.7 405.5 386.3
219.4 222.9 227.4 230.4 237.4 243.8 247.2 251.7 255 257.1 260 265.3 269.5 273.3 278.9 287.2 292.6 298.3 302.4 307.4 314.7 322.6 330 337.1 347 355.8 364 370.1 376 381.6 385.2 387.1 387.5 384.8 377.1 367.4 359.4 344.7 333.6 324.4 318.6 312.5 309.9 306.4 305 300.2 299.4 294.8 290.4 288.8 283.9 281 278 267.4 265.9 267.2 262.7 257.5 260.3 267.5 271.8 291.6 325.6 334.7 344.3 361.8 381.7 391.7 406.5 417.7 435.8 456.6 484.7 468.5 446.9 434.4 422 400.2 382.3
221.9 224.3 227.5 230.7 237.9 242.5 246.1 249.8 250.8 256.7 261.6 265.7 269.9 273.8 281.6 289.6 294.8 299.6 304.3 309.5 317.7 328.4 335.3 343.2 354.2 360.3 366 371.4 377.3 381.5 382.9 382.5 380.8 377.6 368.8 361.5 351.5 337.1 323.9 315 307.9 308.7 307.5 303.6 299.8 294.1 287.7 286.4 283.5 281.6 275.6 274.1 268.9 262.3 263.1 260.1 258.6 255.7 255.8 257.6 264 282.7 311.5 321.9 328.2 335.4 330.4 351.7 387.4 395.8 418.7 442.9 467.4 451.5 430.9 416.6 411.7 393.5 378.2
221 225.7 228.1 231.3 236.6 241 245 246.4 250 256 259.2 265.2 270.1 277.4 286.1 291.7 296.7 301.4 307.8 317.3 324.6 336 341.4 348 357.7 364.6 369.4 373.5 379.2 381.9 380.4 378.2 375.1 373.2 364.8 353.5 342 330.7 320.8 308.5 303.4 300.2 297 294.6 288.2 283 279 277.8 278.4 274.3 273.9 268 260.2 257.4 256.1 255.5 255.1 255.2 256.8 259.6 261.1 271.3 297 303.2 313.4 317.1 315 329.6 346.1 371.2 398.6 423.2 444.8 433.8 417.7 406.4 400.4 385.9 371.2
219.3 229 228.9 230.8 235.2 238.8 241.1 245.5 249.1 253.8 258.8 265.2 272.4 279.5 286.9 293.3 298.4 304.6 313.5 322.7 332.4 341.4 346.8 354.5 362.6 368.5 372.5 374 381.3 382.8 377.2 373.5 368.9 362 354.5 345.6 332.9 322.9 316.8 305.5 299.4 293.8 290.5 286.1 279.9 276.5 270.5 269 270.7 268.7 266.6 262.5 256.5 254.3 254 254.4 254.1 255 257.2 264.2 266.2 272.2 278.3 285.7 294.6 302.7 302.6 303.3 335.5 349.2 374.3 391.4 418.2 416.8 406.7 394.9 386.5 378.9 369
217.2 224.4 225.7 229 230.5 236.8 240.6 244.6 248.9 254.2 258.7 265.6 272.5 279.1 286.8 294.3 300.2 307.3 318.1 330.7 340.6 347.4 355 362.3 366.8 371.3 373.7 374 381.7 381.9 374.1 368.9 362.7 355.8 346.5 336.7 323.4 314.9 310.1 303.8 296.2 285 278.6 276.1 273.7 268.2 264.8 265.4 262.1 261.5 258.7 253 252.1 251.4 251.8 253 254.5 254.9 255.8 259.2 264.7 273.3 275.4 277.6 279.5 291.1 291.1 306.5 324.8 339.5 359.8 378 397.4 399.8 391.1 383.5 376.7 369 365
212.6 220 224.9 228.7 235.4 240.6 242.1 247.4 252.2 256.2 260.5 266.7 274.6 281.9 288.5 295.2 302.2 310.1 324.2 337.5 346.9 354.4 361.8 365.9 370.9 373.7 374.9 374 376.4 376.1 369.6 361.9 353.3 344.6 336 326.7 316.3 308 304.7 299.3 290.7 281.3 271.8 268.6 262 260.8 259.8 259.2 257.8 257.1 254.4 250.6 249.8 249.1 248.1 248.1 250.1 256.4 258.5 260.4 261.2 268 273 276.1 279.3 289.9 290.9 304.2 316.2 330.2 354.2 365.9 384.9 390.7 377.7 372.7 365.4 365.3 361.7
221.3 225.4 227.3 232.8 237.8 243.1 245.9 250.5 255.7 261.2 265.1 272.8 279.8 285 290.2 297.1 304.8 313.1 329.2 343.8 351.3 358.5 364.2 368.4 373.1 377.4 375.6 370.9 366.8 366 360.6 351.4 343.9 334.8 328.1 320.6 313.4 305.6 300 293.4 284 275.2 265.3 258.3 257.3 253.5 252.7 250.4 248.2 251 249.2 246.9 247.6 247.6 246.3 245.8 247.7 251.7 255.2 257.1 262.7 268.4 274.5 277.9 288.1 287.9 299.7 298.6 313 328.6 344.3 358.1 369.6 380.8 375.9 364 364.2 363.6 360.6
225.9 230.5 232.9 237 240.4 244.1 247.3 255 261.2 264 270.6 277.6 281.8 284.9 289.8 300 307.3 317.5 331.7 348.2 357.2 362.2 366.4 370.4 378 379.8 372.7 365.1 359 352 348.9 341.2 330.1 324.7 320.5 314.7 310.7 302 293.3 285.1 277.7 268.5 258.7 251.5 250.2 250.1 248.6 245 243.4 243.2 240.1 238.7 240 239.8 241 243.6 248.3 252.4 254.9 260.4 267.1 272.7 279.4 283.2 287.7 290.8 300.6 312.9 315.8 335.8 342.4 353.5 365 373 369.6 354 360.4 358.7 355.2
227.8 232.5 237.3 240.5 243.4 246.2 249.3 251.4 263.6 276.4 280.1 281.9 284.7 287.7 293.1 302.7 309.4 320.7 333.1 347.2 358.2 364.4 365.2 372.7 380.3 375.3 363.1 352.7 347.4 344.3 336.6 327.4 322.3 318.2 315 312.3 304.8 293.8 283.2 276.9 269.3 261.6 252.7 246.5 244.6 242.5 241 238.1 235.7 234.6 232.2 230.7 230.6 234 239 242.3 245 252 260 264.7 274.1 281.4 289.4 294.1 295.1 299.3 309.1 317.6 320.5 331.1 340.1 353.2 357.5 365.9 359.3 349.1 352.9 352.2 351.3
230.7 235.5 241.3 245 248.1 251 253.1 263.6 274.1 281.2 280.2 281 283.7 289.8 294.8 303.2 306.9 323 335.8 352.7 362.2 362.7 361.4 366.6 377.1 365.6 349.9 338.7 330.4 327.2 320.1 314.1 310.9 307.9 303 299.1 291.2 282.5 275 268.5 260.9 256.3 247.3 239.8 238.9 236 232.3 228.3 225.8 224.6 222.7 223.4 224.2 234.4 234.9 241 245.9 255.2 265.9 272.5 281.7 288 304 313.5 320.4 325.9 327.2 325.6 332.2 342.7 349.4 354.3 355.2 355.1 352.2 347.9 348 346.6 350.7
233 238.3 243.2 248.6 256.7 262.6 263.4 267.9 272.6 275.7 274.8 277.1 281 287.3 293 298.6 301.9 316 333.8 349.7 360.8 359.1 357.7 362.7 369.1 353.1 333.7 324.8 314.4 306.3 298.8 298.4 300 294.6 289.5 283.6 275.5 271 265 258.4 253.4 247.9 239.7 233.5 231.5 224.9 223.1 219 215.9 215.1 215.8 217.2 219.9 231.1 231.6 245.6 250.2 258.1 268.9 275.7 284.5 292.8 310.3 321.5 330 334.8 342 347.3 344.7 348.5 353.6 354.5 353.8 351.1 349.8 357.9 347.5 343.2 343.1
237.3 241 248.7 258 265.9 270.1 269 265.4 265.5 267 268 271.7 276.1 281.8 288.8 292.2 296.2 307.5 323.5 345.7 357.8 353.4 349.8 359.7 362.2 341.3 324.1 314.5 302.3 292.4 286.7 283.5 284.9 283.3 276 270.4 264.6 258.6 253.6 246.8 239.1 237.8 234.9 228.9 223.3 217.5 213.8 210.9 206.9 207.3 211.5 213.4 214.7 220.7 229.6 243 252.5 260.6 267.4 277.9 295.6 311.6 322.4 336.3 347 350 347.8 348 355.4 361.8 362.1 360.5 354.9 348.9 348.4 348.8 343.3 338.8 335.1
240.1 245.9 255.3 262.2 269.5 270.9 267.3 259.9 257.7 258.9 261.8 265.1 269.9 274.6 278.9 283.8 288.2 300.5 319.8 337.1 349.7 346.1 343 353.7 349.8 329.4 316 306.9 295.2 280.5 273.2 269.4 268.8 266.8 262.8 255.6 252.8 250.4 243.7 238.9 235.5 229.1 227.8 216.6 214 208.8 206.9 204.9 204.9 204.9 204.9 204.9 210.6 218.8 226.5 237.6 252.7 269.6 281.6 292.5 305.3 322.3 338.9 357 366.3 372 376.7 379.9 380.3 376.5 368.2 368 373.1 357 350.3 346.1 337.9 332.5 332
244.5 249.6 254.5 261.3 265.9 266.1 262.6 255.8 252.2 252.5 255.2 259.2 263.1 266.9 269.5 273.3 277.3 292.7 312.6 329.4 340.1 339.5 335.7 338.3 336.7 320.5 309.3 299.6 287 273.4 266.6 262.2 257.3 253.7 249.3 246.6 244.5 241.2 235 233 229.7 222.8 218.3 211.2 207.6 204.9 204.9 204.9 204.9 204.9 204.9 204.9 211 218.5 227.8 244.7 261.4 270.6 282.2 295 306.3 327.8 347.5 363.3 370.8 381 389.7 397.2 405.3 410.5 400.5 396.8 382.4 371 356.5 350.7 341 333.1 333
