Game/Highland_Data/StreamingAssets/GeoData/Data/sh/SH58.asc
ncols 200
nrows 200
xllcorner 250000
yllcorner 380000
cellsize 50
[rows 114 to 151 of 200, columns 0 to 84 of 200]
85.9 87.5 84.6 86.3 87.6 80.1 76.4 82.5 84.6 83.8 82 77.9 74.9 72.9 69.6 65.5 62.1 58 54.8 54.7 59.6 60.3 58.5 56.8 53.1 49.6 46.3 43.7 37.6 33.5 31.1 27.7 25.6 20.5 23.2 39.6 45.8 42.6 38 32.6 -2.3 -2.3 -2.3 -2.3 -2.3 -2.3 -2.3 -2.3 -2.3 -2.3 -2.3 -2.3 -2.3 -2.3 -2.3 -2.3 -2.3 -2.3 -2.3 -2.3 -2.3 -2.3 -2.3 -2.3 -2.3 -2.3 -2.3 -2.3 -2.3 -2.3 -2.3 -2.3 -2.3 -2.3 -2.3 -2.3 -2.3 -2.3 -2.3 -2.3 -2.3 -2.3 -2.3 -2.3 -2.3
89.1 88.2 86.5 91.6 91.9 84 78.7 78.4 83.3 82.2 78.8 77.5 73.5 71.4 68.5 66.5 63.1 59.6 57.1 57.4 60.4 59.6 57.9 56.1 51.7 47.8 44.2 41 36 33.2 31.1 29 25.8 26 29.6 37 46.1 44.2 39.1 34.3 3.6 -2.3 -2.3 -2.3 -2.3 -2.3 -2.3 -2.3 -2.3 -2.3 -2.3 -2.3 -2.3 -2.3 -2.3 -2.3 -2.3 -2.3 -2.3 -2.3 -2.3 -2.3 -2.3 -2.3 -2.3 -2.3 -2.3 -2.3 -2.3 -2.3 -2.3 -2.3 -2.3 -2.3 -2.3 -2.3 -2.3 -2.3 -2.3 -2.3 -2.3 -2.3 -2.3 -2.3 -2.3
84.1 89.6 87.7 91.4 90.2 83.3 78.2 76.8 81.7 82.9 79.4 75.9 71.7 69.6 68.2 67.3 64.6 62.3 59.4 59.4 60.1 57.7 55.2 52.5 51.4 49.2 47.4 45.6 43.7 40.9 37.4 31.7 31.3 33.8 29.8 36.2 43.2 42.5 38.6 29.5 1.5 -2.3 -2.3 -2.3 -2.3 -2.3 -2.3 -2.3 -2.3 -2.3 -2.3 -2.3 -2.3 -2.3 -2.3 -2.3 -2.3 -2.3 -2.3 -2.3 -2.3 -2.3 -2.3 -2.3 -2.3 -2.3 -2.3 -2.3 -2.3 -2.3 -2.3 -2.3 -2.3 -2.3 -2.3 -2.3 -2.3 -2.3 -2.3 -2.3 -2.3 -2.3 -2.3 -2.3 -2.3
80 85.4 87 89.1 86.9 81 77.9 77.1 77.4 82.8 79.3 76.1 72.4 70.4 68 67.7 65.7 64.1 61.4 59.8 58.7 56.7 55.8 55.8 59.2 61.2 51.2 48.8 45.7 42.1 36.9 34.3 34.2 32.3 29.9 34.3 41 40.3 35.8 30.5 2.2 -2.3 -2.3 -2.3 -2.3 -2.3 -2.3 -2.3 -2.3 -2.3 -2.3 -2.3 -2.3 -2.3 -2.3 -2.3 -2.3 -2.3 -2.3 -2.3 -2.3 -2.3 -2.3 -2.3 -2.3 -2.3 -2.3 -2.3 -2.3 -2.3 -2.3 -2.3 -2.3 -2.3 -2.3 -2.3 -2.3 -2.3 -2.3 -2.3 -2.3 -2.3 -2.3 -2.3 -2.3
82.8 87.4 93.6 90.7 88.4 86.8 78.6 77.7 78.3 77.9 74.2 72.5 68.4 67.4 69 68.4 66.5 64.5 61.9 59 59.3 60.3 57.4 57.5 61 60.5 57.3 51.5 45.8 41.7 40.5 39.1 37.6 35.4 31.5 32.9 37.2 37.6 35.2 29.3 2 -2.3 -2.3 -2.3 -2.3 -2.3 -2.3 -2.3 -2.3 -2.3 -2.3 -2.3 -2.3 -2.3 -2.3 -2.3 -2.3 -2.3 -2.3 -2.3 -2.3 -2.3 -2.3 -2.3 -2.3 -2.3 -2.3 -2.3 -2.3 -2.3 -2.3 -2.3 -2.3 -2.3 -2.3 -2.3 -2.3 -2.3 -2.3 -2.3 -2.3 -2.3 -2.3 -2.3 -2.3
87.2 93.4 94.8 92.5 90 90 81.2 82.7 80.3 76.3 72.6 68.1 67.3 66.8 69.9 67.9 66.7 64.7 61.1 60.2 62.8 61.3 58.5 59 60.1 60 58.7 55.6 47 44.7 43.7 42.4 39.9 35.8 33.4 34.1 34.4 35.1 31.1 24.1 0.7 -2.3 -2.3 -2.3 -2.3 -2.3 -2.3 -2.3 -2.3 -2.3 -2.3 -2.3 -2.3 -2.3 -2.3 -2.3 -2.3 -2.3 -2.3 -2.3 -2.3 -2.3 -2.3 -2.3 -2.3 -2.3 -2.3 -2.3 -2.3 -2.3 -2.3 -2.3 -2.3 -2.3 -2.3 -2.3 -2.3 -2.3 -2.3 -2.3 -2.3 -2.3 -2.3 -2.3 -2.3
92.1 93.7 101.7 100.5 98.9 85.2 84.6 82.5 80.1 77.5 76.7 73.7 72.9 73.8 64.9 63.4 65.6 64 60.4 64.7 65.2 62.8 60.1 60.6 60.3 59.5 58.4 55.8 51.2 48.3 46.1 43.3 39.2 34.6 37.4 37.3 37.2 32.5 25.3 14 0.5 -2.3 -2.3 -2.3 -2.3 -2.3 -2.3 -2.3 -2.3 -2.3 -2.3 -2.3 -2.3 -2.3 -2.3 -2.3 -2.3 -2.3 -2.3 -2.3 -2.3 -2.3 -2.3 -2.3 -2.3 -2.3 -2.3 -2.3 -2.3 -2.3 -2.3 -2.3 -2.3 -2.3 -2.3 -2.3 -2.3 -2.3 -2.3 -2.3 -2.3 -2.3 -2.3 -2.3 -2.3
90.2 93 103.2 99.2 96.1 85.5 85.6 90.6 87.6 84.7 82.4 78.8 75.5 72.5 70.1 64.1 63.5 64.3 60.8 66.2 68.3 65.7 60.6 60.2 59.8 59.4 58.2 57.2 55.6 51.2 47.4 43.2 38.6 35.7 38.4 38.8 37.1 32.6 26.8 19.8 1.3 -2.3 -2.3 -2.3 -2.3 -2.3 -2.3 -2.3 -2.3 -2.3 -2.3 -2.3 -2.3 -2.3 -2.3 -2.3 -2.3 -2.3 -2.3 -2.3 -2.3 -2.3 -2.3 -2.3 -2.3 -2.3 -2.3 -2.3 -2.3 -2.3 -2.3 -2.3 -2.3 -2.3 -2.3 -2.3 -2.3 -2.3 -2.3 -2.3 -2.3 -2.3 -2.3 -2.3 -2.3
88.3 92.5 102.5 98.4 97.1 88.6 88.9 94.5 90.8 88.1 85.9 78.9 73.1 72.2 68.8 64.4 63.7 62.6 61.3 67.2 69.4 66.3 59.9 60 60.5 60.3 59.2 57 55.2 51.7 47.9 43.1 39.2 36 40 40.2 37.7 32.1 25.3 15.2 1.6 -2.3 -2.3 -2.3 -2.3 -2.3 -2.3 -2.3 -2.3 -2.3 -2.3 -2.3 -2.3 -2.3 -2.3 -2.3 -2.3 -2.3 -2.3 -2.3 -2.3 -2.3 -2.3 -2.3 -2.3 -2.3 -2.3 -2.3 -2.3 -2.3 -2.3 -2.3 -2.3 -2.3 -2.3 -2.3 -2.3 -2.3 -2.3 -2.3 -2.3 -2.3 -2.3 -2.3 -2.3
84.9 91.1 102.4 98.4 95.7 91.6 92 95 92.3 88.4 85.7 79.4 72.5 70.3 66.5 67.3 64.5 62.3 62.8 67.2 70.7 64.7 60.2 60.3 61.6 61.7 58 55.2 53.5 51 47.7 44.2 40.9 37.8 41 40.8 37.3 32.7 31.9 33 28.9 3.8 -2.3 -2.3 -2.3 -2.3 -2.3 -2.3 -2.3 -2.3 -2.3 -2.3 -2.3 -2.3 -2.3 -2.3 -2.3 -2.3 -2.3 -2.3 -2.3 -2.3 -2.3 -2.3 -2.3 -2.3 -2.3 -2.3 -2.3 -2.3 -2.3 -2.3 -2.3 -2.3 -2.3 -2.3 -2.3 -2.3 -2.3 -2.3 -2.3 -2.3 -2.3 -2.3 -2.3
81.4 91 103.4 98.7 97.4 94.6 91.5 95.4 91.1 87.6 85.8 78.3 72.7 72.4 66 65.9 63.7 62.4 63.2 66.4 70.5 62.2 60.6 60.7 62.1 62.6 59 54.6 52.4 50.5 48.2 45.6 41 38.2 42 42.3 39.9 45.7 44.1 38.7 35.2 3.3 -2.3 -2.3 -2.3 -2.3 -2.3 -2.3 -2.3 -2.3 -2.3 -2.3 -2.3 -2.3 -2.3 -2.3 -2.3 -2.3 -2.3 -2.3 -2.3 -2.3 -2.3 -2.3 -2.3 -2.3 -2.3 -2.3 -2.3 -2.3 -2.3 -2.3 -2.3 -2.3 -2.3 -2.3 -2.3 -2.3 -2.3 -2.3 -2.3 -2.3 -2.3 -2.3 -2.3
85 90.6 101.9 100.2 96.6 93.3 91.8 93.1 90.2 88 85.3 78.3 73.6 71.9 66.2 64.8 63.5 61.9 63.8 65 66.3 63.5 60.5 61.1 62.7 62.5 59.3 54.5 51.6 50.3 49 46.1 40.3 41.1 43.5 43.7 44.8 47.2 44 40.6 36.4 32.8 3.2 -2.3 -2.3 -2.3 -2.3 -2.3 -2.3 -2.3 -2.3 -2.3 -2.3 -2.3 -2.3 -2.3 -2.3 -2.3 -2.3 -2.3 -2.3 -2.3 -2.3 -2.3 -2.3 -2.3 -2.3 -2.3 -2.3 -2.3 -2.3 -2.3 -2.3 -2.3 -2.3 -2.3 -2.3 -2.3 -2.3 -2.3 -2.3 -2.3 -2.3 -2.3 -2.3
87.2 88.9 101.2 98.9 95.3 90.9 88.6 89.4 88.2 85.6 81.8 77.9 74.8 72.7 68 65.5 62.8 62.4 66.2 64.6 65 65.1 62.9 63.2 62.8 62.5 58.6 54.6 50.7 48.5 47.4 45.2 39.7 42.6 44.4 46 49.4 48.4 45.4 43.6 41.2 34.1 25.3 -2.3 -2.3 -2.3 -2.3 -2.3 -2.3 -2.3 -2.3 -2.3 -2.3 -2.3 -2.3 -2.3 -2.3 -2.3 -2.3 -2.3 -2.3 -2.3 -2.3 -2.3 -2.3 -2.3 -2.3 -2.3 -2.3 -2.3 -2.3 -2.3 -2.3 -2.3 -2.3 -2.3 -2.3 -2.3 -2.3 -2.3 -2.3 -2.3 -2.3 -2.3 -2.3
87.1 89.3 101.8 99.3 94.7 88.7 87.5 88.2 93.2 83.8 80.7 77.8 75.2 72.9 69.6 66 66.9 67.6 67.9 67.7 65.5 65.6 65.5 65.1 63.7 61.4 57.8 53.6 49.2 46.8 46.1 44.2 40.3 43.5 46.4 49.1 50.7 49.5 48 51.3 50.3 51 36.9 -2.3 -2.3 -2.3 -2.3 -2.3 -2.3 -2.3 -2.3 -2.3 -2.3 -2.3 -2.3 -2.3 -2.3 -2.3 -2.3 -2.3 -2.3 -2.3 -2.3 -2.3 -2.3 -2.3 -2.3 -2.3 -2.3 -2.3 -2.3 -2.3 -2.3 -2.3 -2.3 -2.3 -2.3 -2.3 -2.3 -2.3 -2.3 -2.3 -2.3 -2.3 -2.3
87.3 91.2 99.9 99.3 95.6 89.7 88 99.1 97.3 96.3 81.5 78.2 75.7 72.6 69 67.6 68 68.3 69.2 68 68.1 65.8 66.1 65.7 63.5 59 56.8 52.1 48 45.2 44.4 43.7 40.9 44.8 48.4 51.1 50.9 50.5 55.7 53.3 53.2 50.9 29.9 -2.3 -2.3 -2.3 -2.3 -2.3 -2.3 -2.3 -2.3 -2.3 -2.3 -2.3 -2.3 -2.3 -2.3 -2.3 -2.3 -2.3 -2.3 -2.3 -2.3 -2.3 -2.3 -2.3 -2.3 -2.3 -2.3 -2.3 -2.3 -2.3 -2.3 -2.3 -2.3 -2.3 -2.3 -2.3 -2.3 -2.3 -2.3 -2.3 -2.3 -2.3 -2.3
87 92.5 102.1 99.7 97 93 90.9 100.1 98 94.6 88.3 77.8 74.3 70.5 68.3 69.6 68.8 68.6 69.1 70.9 69.5 66.2 64.4 63.9 61.9 57.9 54.1 50.4 47.4 45.4 43.2 42.4 40.7 44.1 46.9 50 51.4 52.3 52.6 52.8 50.3 48.6 33.8 -2.3 -2.3 -2.3 -2.3 -2.3 -2.3 -2.3 -2.3 -2.3 -2.3 -2.3 -2.3 -2.3 -2.3 -2.3 -2.3 -2.3 -2.3 -2.3 -2.3 -2.3 -2.3 -2.3 -2.3 -2.3 -2.3 -2.3 -2.3 -2.3 -2.3 -2.3 -2.3 -2.3 -2.3 -2.3 -2.3 -2.3 -2.3 -2.3 -2.3 -2.3 -2.3
86.7 97.8 100.6 99.5 98.9 96.9 94.8 101.3 97.5 94.3 90.7 76.7 72.6 70.2 68.3 69.4 68.9 68.5 69.8 71.4 68.5 64.7 61.4 60.3 59.7 56.6 52.2 49 47.1 45.9 43.1 42 41.1 43.4 45.8 48.6 51.5 53.2 51.8 48.6 41.6 35.7 23.3 -2.3 -2.3 -2.3 -2.3 -2.3 -2.3 -2.3 -2.3 -2.3 -2.3 -2.3 -2.3 -2.3 -2.3 -2.3 -2.3 -2.3 -2.3 -2.3 -2.3 -2.3 -2.3 -2.3 -2.3 -2.3 -2.3 -2.3 -2.3 -2.3 -2.3 -2.3 -2.3 -2.3 -2.3 -2.3 -2.3 -2.3 -2.3 -2.3 -2.3 -2.3 -2.3
87.6 98.8 99.3 100.2 106.8 102.3 100.4 99.2 96.9 93.2 88.9 76.7 73.7 70.6 69.7 68.9 68.6 68.5 69.5 70.6 68.4 65.7 59.9 56.3 56.5 54.9 50.5 48.7 46.5 45.3 43.5 42.5 41.5 43 45.9 48.7 50.7 51.5 50.4 45.4 39.3 32.4 22.5 -2.3 -2.3 -2.3 -2.3 -2.3 -2.3 -2.3 -2.3 -2.3 -2.3 -2.3 -2.3 -2.3 -2.3 -2.3 -2.3 -2.3 -2.3 -2.3 -2.3 -2.3 -2.3 -2.3 -2.3 -2.3 -2.3 -2.3 -2.3 -2.3 -2.3 -2.3 -2.3 -2.3 -2.3 -2.3 -2.3 -2.3 -2.3 -2.3 -2.3 -2.3 -2.3
87.3 98.6 99.5 103.9 105.6 104.2 94.7 97.2 94.1 89.2 84.4 76.8 75.3 74.9 71.9 69 68 68.8 69.2 69.4 69.8 65.9 59.8 54.7 53.1 52.3 49.1 47.8 45.8 44.4 43.7 42.6 42.2 42.8 45.8 47.4 49.3 49.4 48.7 49.7 48.6 36 29.5 17.7 -2.3 -2.3 -2.3 -2.3 -2.3 -2.3 -2.3 -2.3 -2.3 -2.3 -2.3 -2.3 -2.3 -2.3 -2.3 -2.3 -2.3 -2.3 -2.3 -2.3 -2.3 -2.3 -2.3 -2.3 -2.3 -2.3 -2.3 -2.3 -2.3 -2.3 -2.3 -2.3 -2.3 -2.3 -2.3 -2.3 -2.3 -2.3 -2.3 -2.3 -2.3
86.9 95.6 99.6 107.8 105.8 102.1 98.7 93.8 90.4 85.2 81.9 76.5 76 74.2 70.7 68.9 68.7 69.2 72 69.8 68.9 66 59.2 54.2 50.5 48.8 49.3 50.7 49.5 47.3 45 42.5 42.7 43.2 43.8 45.7 46.9 48.2 48.5 51.4 52 50.9 48.2 23.5 -2.3 -2.3 -2.3 -2.3 -2.3 -2.3 -2.3 -2.3 -2.3 -2.3 -2.3 -2.3 -2.3 -2.3 -2.3 -2.3 -2.3 -2.3 -2.3 -2.3 -2.3 -2.3 -2.3 -2.3 -2.3 -2.3 -2.3 -2.3 -2.3 -2.3 -2.3 -2.3 -2.3 -2.3 -2.3 -2.3 -2.3 -2.3 -2.3 -2.3 -2.3
87.1 95.4 98.9 99.1 104.1 100.3 93.9 89.2 87.1 83 80.8 76.6 77.4 75.7 71.6 69.3 69.6 73.4 72.4 66.5 67.6 63 57.9 53 50.4 50.3 52.7 53.5 51.3 48.7 45.9 42.8 42.5 42.4 43.1 43.8 44.4 45.7 47.9 50 52 50 47.9 45.1 2.1 -2.3 -2.3 -2.3 -2.3 -2.3 -2.3 -2.3 -2.3 -2.3 -2.3 -2.3 -2.3 -2.3 -2.3 -2.3 -2.3 -2.3 -2.3 -2.3 -2.3 -2.3 -2.3 -2.3 -2.3 -2.3 -2.3 -2.3 -2.3 -2.3 -2.3 -2.3 -2.3 -2.3 -2.3 -2.3 -2.3 -2.3 -2.3 -2.3 -2.3
87.1 98.2 98.6 95.3 93.3 96.7 91 83.2 80.4 81.6 82 77.1 76.6 76.4 73.1 70.6 70.2 70.1 70.6 64.1 63.1 59.5 56.7 52.9 53.8 51.8 54.3 55 52.5 49.5 46.1 43.8 43.7 42.8 43.1 44.5 44.1 45.7 46.7 46.9 45.9 47.7 47 32.9 2.6 -2.3 -2.3 -2.3 -2.3 -2.3 -2.3 -2.3 -2.3 -2.3 -2.3 -2.3 -2.3 -2.3 -2.3 -2.3 -2.3 -2.3 -2.3 -2.3 -2.3 -2.3 -2.3 -2.3 -2.3 -2.3 -2.3 -2.3 -2.3 -2.3 -2.3 -2.3 -2.3 -2.3 -2.3 -2.3 -2.3 -2.3 -2.3 -2.3 -2.3
87.6 101.1 97.2 94.7 91.9 89.2 84.2 80 78.9 78.6 78 76.7 76.7 75.3 72.1 70.5 69.8 69.3 70.3 61.4 60.5 56.9 55.1 55.1 53.5 53.7 55.8 56.5 54.1 51.1 48.3 44.8 44.9 47.5 46.1 46 45.2 45.9 45.7 43.3 41.2 36.3 25.5 22.8 2.5 -2.3 -2.3 -2.3 -2.3 -2.3 -2.3 -2.3 -2.3 -2.3 -2.3 -2.3 -2.3 -2.3 -2.3 -2.3 -2.3 -2.3 -2.3 -2.3 -2.3 -2.3 -2.3 -2.3 -2.3 -2.3 -2.3 -2.3 -2.3 -2.3 -2.3 -2.3 -2.3 -2.3 -2.3 -2.3 -2.3 -2.3 -2.3 -2.3 -2.3
89.8 99.9 96.3 93.3 91 88.2 82.9 79.1 79.3 79.7 78.5 77.3 76.3 75.5 71.7 70.4 70.3 67.9 65.2 59.2 58.8 59.1 59.9 58.7 62.8 60.6 59.2 57.8 54.6 50.8 47.2 47 53.3 55.1 51.7 48.5 46.8 46.6 46.8 43 38.6 26.9 20.6 2.9 -2.3 -2.3 -2.3 -2.3 -2.3 -2.3 -2.3 -2.3 -2.3 -2.3 -2.3 -2.3 -2.3 -2.3 -2.3 -2.3 -2.3 -2.3 -2.3 -2.3 -2.3 -2.3 -2.3 -2.3 -2.3 -2.3 -2.3 -2.3 -2.3 -2.3 -2.3 -2.3 -2.3 -2.3 -2.3 -2.3 -2.3 -2.3 -2.3 -2.3 -2.3
91.3 99 97.9 92.3 89.9 87.6 82.8 79.3 85 82.3 80.3 78.6 77.8 76.4 71.2 70.7 70.7 67.6 65.9 60.8 64 66.7 63.8 64.2 64.2 61.3 60.7 59.5 56.2 52.4 51.4 50.1 51.8 54.9 54.4 51.8 49.6 47.8 46.2 42.3 37.4 33 21.2 1.8 -2.3 -2.3 -2.3 -2.3 -2.3 -2.3 -2.3 -2.3 -2.3 -2.3 -2.3 -2.3 -2.3 -2.3 -2.3 -2.3 -2.3 -2.3 -2.3 -2.3 -2.3 -2.3 -2.3 -2.3 -2.3 -2.3 -2.3 -2.3 -2.3 -2.3 -2.3 -2.3 -2.3 -2.3 -2.3 -2.3 -2.3 -2.3 -2.3 -2.3 -2.3
91.1 97.4 99.4 93.8 89.9 87 83.7 80.9 81.4 85.5 84 81.8 80.9 79.4 72.4 74 72.9 67.4 65 62.6 69 66.7 65.8 65.8 62.9 61.8 61.7 59.8 57.9 54.8 53.8 53.6 55.5 54 54.1 52.7 50.4 47.1 44.4 40.9 36.4 29.5 23.1 10.7 1.9 -2.3 -2.3 -2.3 -2.3 -2.3 -2.3 -2.3 -2.3 -2.3 -2.3 -2.3 -2.3 -2.3 -2.3 -2.3 -2.3 -2.3 -2.3 -2.3 -2.3 -2.3 -2.3 -2.3 -2.3 -2.3 -2.3 -2.3 -2.3 -2.3 -2.3 -2.3 -2.3 -2.3 -2.3 -2.3 -2.3 -2.3 -2.3 -2.3 -2.3
92.2 101.9 100.5 94.8 91.1 88.7 85.9 83.6 87.7 86.7 82.8 80.3 78.9 76.6 74.2 72.2 69.3 63.8 66.9 70.7 77.9 74.1 68.6 65 64 68.8 63.5 61.4 60.3 58.4 56.5 55.6 55.4 54.3 52.6 50.6 48.3 45.3 40.9 38.2 33.3 28.1 21.9 18.4 2.5 -2.3 -2.3 -2.3 -2.3 -2.3 -2.3 -2.3 -2.3 -2.3 -2.3 -2.3 -2.3 -2.3 -2.3 -2.3 -2.3 -2.3 -2.3 -2.3 -2.3 -2.3 -2.3 -2.3 -2.3 -2.3 -2.3 -2.3 -2.3 -2.3 -2.3 -2.3 -2.3 -2.3 -2.3 -2.3 -2.3 -2.3 -2.3 -2.3 -2.3
93.3 99.5 98.4 95.2 90.5 88.8 86.4 85.5 86 85.4 83.1 80.3 78.3 75.3 69.3 65.7 65.2 66.4 68.8 71.5 75 73.6 68 66.1 69.5 71.7 71.1 64 63.4 61.5 58.1 55.1 55.7 53.1 50.9 49.5 46.9 44.2 38.8 35.8 32.2 29.1 20.5 16.5 2.5 0.2 -2.3 -2.3 -2.3 -2.3 -2.3 -2.3 -2.3 -2.3 -2.3 -2.3 -2.3 -2.3 -2.3 -2.3 -2.3 -2.3 -2.3 -2.3 -2.3 -2.3 -2.3 -2.3 -2.3 -2.3 -2.3 -2.3 -2.3 -2.3 -2.3 -2.3 -2.3 -2.3 -2.3 -2.3 -2.3 -2.3 -2.3 -2.3 -2.3
93.6 98.3 97.7 94.3 90.6 88.8 86.9 85 83.7 85.6 83.5 78.4 75.5 71.4 67.5 71.3 74 71.5 73.6 76.9 75.7 78.7 78.6 78.7 75.8 72.4 70.6 67.7 65.1 61.8 57.3 53.9 55.1 55.4 52.2 49.5 47.1 42.7 39.5 36.1 31.9 26.5 20.6 14.9 3 1 -0.5 -2.3 -2.3 -2.3 -2.3 -2.3 -2.3 -2.3 -2.3 -2.3 -2.3 -2.3 -2.3 -2.3 -2.3 -2.3 -2.3 -2.3 -2.3 -2.3 -2.3 -2.3 -2.3 -2.3 -2.3 -2.3 -2.3 -2.3 -2.3 -2.3 -2.3 -2.3 -2.3 -2.3 -2.3 -2.3 -2.3 -2.3 -2.3
93.6 97.3 97.4 93.8 91.3 88.9 86.3 83.9 82.3 84.1 81.1 76.7 75.3 79.4 77 79.4 83.4 80.4 91.9 84.8 79.6 79.4 82.3 77.5 74.4 70.7 68.3 65.2 63 60.4 55.7 52.5 53.7 53.3 51.2 48.7 45.8 41.5 39.3 36.2 30.9 25.3 21.3 17 4.7 1.7 0.3 -0.8 -2.3 -2.3 -2.3 -2.3 -2.3 -2.3 -2.3 -2.3 -2.3 -2.3 -2.3 -2.3 -2.3 -2.3 -2.3 -2.3 -2.3 -2.3 -2.3 -2.3 -2.3 -2.3 -2.3 -2.3 -2.3 -2.3 -2.3 -2.3 -2.3 -2.3 -2.3 -2.3 -2.3 -2.3 -2.3 -2.3 -2.3
93.6 97.2 96.8 93.9 92.3 89.2 86.5 83.6 81.1 80.4 80.2 82.6 78.9 77.3 78.7 82.6 83.1 93 87.8 85.6 80.4 80.4 80.1 77.5 73.5 70.8 66.5 64.1 61.7 58.3 53.8 50.9 50.5 51.5 48.1 45.2 41.8 39.8 34.6 30.3 26.9 22.8 19.5 14.8 10.7 2 0.8 -0.4 -1.6 -2.3 -2.3 -2.3 -2.3 -2.3 -2.3 -2.3 -2.3 -2.3 -2.3 -2.3 -2.3 -2.3 -2.3 -2.3 -2.3 -2.3 -2.3 -2.3 -2.3 -2.3 -2.3 -2.3 -2.3 -2.3 -2.3 -2.3 -2.3 -2.3 -2.3 -2.3 -2.3 -2.3 -2.3 -2.3 -2.3
93 94 95.1 94.1 92.6 89.7 86.3 83.1 79.8 83.8 84.5 83.3 79.9 78.5 79.6 84.2 94.2 90.7 85.2 82.7 81 82.6 79.9 75.2 73.4 70 63.7 61.2 59.1 55.1 52.4 49.5 48.7 48.2 45.9 42.3 39.8 33.4 29.9 26.6 22.8 18 16.2 8.8 5.2 1.9 0.8 -0.3 -1.3 -2.3 -2.3 -2.3 -2.3 -2.3 -2.3 -2.3 -2.3 -2.3 -2.3 -2.3 -2.3 -2.3 -2.3 -2.3 -2.3 -2.3 -2.3 -2.3 -2.3 -2.3 -2.3 -2.3 -2.3 -2.3 -2.3 -2.3 -2.3 -2.3 -2.3 -2.3 -2.3 -2.3 -2.3 -2.3 -2.3
93.4 94.4 94.1 93.1 91.1 88.1 84.5 81.3 83 86.4 86.6 90.1 88.2 81.9 80.9 87.2 88.3 86.5 84.9 82.3 80.9 80.7 76.5 72.7 71.8 67.5 60.9 58.7 55.8 54.6 52.1 50.7 52.1 51.9 49 46.3 42.7 35.9 31.1 25.6 22 16.3 13.6 9.8 3.2 1.8 0.9 0 -0.6 -1.3 -1.8 -2.3 -2.3 -2.3 -2.3 -2.3 -2.3 -2.3 -2.3 -2.3 -2.3 -2.3 -2.3 -2.3 -2.3 -2.3 -2.3 -2.3 -2.3 -2.3 -2.3 -2.3 -2.3 -2.3 -2.3 -2.3 -2.3 -2.3 -2.3 -2.3 -2.3 -2.3 -2.3 -2.3 -2.3
93.9 94.1 93.3 93.6 90.3 86.5 82 80.9 84.5 90.5 90 90.1 92 90.2 86 87.5 86.5 86.4 85.7 83.8 80.3 76.6 73.5 68 63.9 60.8 58.6 58 58 58.2 56.5 53.1 55.4 52.3 48.5 44.7 41.5 35.1 27.7 27.1 23.8 16.6 13 11.7 4.8 2.1 1.3 0.6 -0.1 -0.6 -1.2 -1.7 -2.3 -2.3 -2.3 -2.3 -2.3 -2.3 -2.3 -2.3 -2.3 -2.3 -2.3 -2.3 -2.3 -2.3 -2.3 -2.3 -2.3 -2.3 -2.3 -2.3 -2.3 -2.3 -2.3 -2.3 -2.3 -2.3 -2.3 -2.3 -2.3 -2.3 -2.3 -2.3 -2.3
93.2 92.9 93.3 87.2 82 81 80.9 81.9 85.7 90.7 91.8 94.3 98.5 94.2 87.2 85.8 86.3 84.4 84.8 90.1 87.8 79 70.7 65.6 63.8 64.5 64 61.3 63.7 65.6 61.1 56.4 55 50.9 46.4 42.4 38.9 31.7 32.4 29 22.4 22.9 21.2 19.7 17.6 2.6 1.8 1.1 0.6 0.1 -0.4 -1 -1.7 -2.3 -2.3 -2.3 -2.3 -2.3 -2.3 -2.3 -2.3 -2.3 -2.3 -2.3 -2.3 -2.3 -2.3 -2.3 -2.3 -2.3 -2.3 -2.3 -2.3 -2.3 -2.3 -2.3 -2.3 -2.3 -2.3 -2.3 -2.3 -2.3 -2.3 -2.3 -2.3
93.9 90.6 91.5 90.4 88.6 90 92 86.9 87.3 92.1 95.6 97.1 94.8 90.3 83.8 84.2 84 85 87.3 88.3 89.2 80.7 70.5 66.1 68.8 67.6 67.1 71.8 68.7 66.1 62.9 56.9 53.8 48.9 42.7 41.5 39.2 37.5 33.8 27.5 23.5 25.7 24.2 19.9 6.5 2.7 2.3 1.8 1.3 0.8 0.2 -0.4 -1 -1.5 -2.3 -2.3 -2.3 -2.3 -2.3 -2.3 -2.3 -2.3 -2.3 -2.3 -2.3 -2.3 -2.3 -2.3 -2.3 -2.3 -2.3 -2.3 -2.3 -2.3 -2.3 -2.3 -2.3 -2.3 -2.3 -2.3 -2.3 -2.3 -2.3 -2.3 -2.3
90.5 95.7 95.1 91.3 95.3 97.8 94.1 97.8 87.3 96.3 96.7 91.6 86.1 82 80.9 83.3 89.7 88.3 88.5 91.8 87.7 83.1 75.7 70.6 74.2 80 76.2 72.5 70 68.1 64.3 54.6 51.4 48.9 46.8 44 42.6 39.6 35.3 32.4 29.3 28.8 27 17.6 6.5 5.1 2.9 2.5 2.1 1.5 0.9 0.3 -0.2 -0.7 -1.3 -2.3 -2.3 -2.3 -2.3 -2.3 -2.3 -2.3 -2.3 -2.3 -2.3 -2.3 -2.3 -2.3 -2.3 -2.3 -2.3 -2.3 -2.3 -2.3 -2.3 -2.3 -2.3 -2.3 -2.3 -2.3 -2.3 -2.3 -2.3 -2.3 -2.3
91.4 90.8 92.6 94.4 99 93.6 96.2 91.5 87.4 88 83.4 82 80.8 79.6 80.5 87.6 89.5 93.5 89.5 88.3 85.2 82.2 76.1 71.7 83.7 87 82.3 74.9 71.4 68.1 63.1 53.1 52.4 51.4 48.3 46 44.7 41.9 39.3 35.7 32.4 30.5 28.9 26.5 22.4 6.7 5.1 3.7 2.7 2.1 1.6 1 0.5 0.2 -0.4 -1.2 -2.3 -2.3 -2.3 -2.3 -2.3 -2.3 -2.3 -2.3 -2.3 -2.3 -2.3 -2.3 -2.3 -2.3 -2.3 -2.3 -2.3 -2.3 -2.3 -2.3 -2.3 -2.3 -2.3 -2.3 -2.3 -2.3 -2.3 -2.3 -2.3
