Game/Highland_Data/StreamingAssets/GeoData/Data/sh/SH62.asc
ncols 200
nrows 200
xllcorner 260000
yllcorner 320000
cellsize 50
[rows 70 to 104 of 200, columns 0 to 77 of 200]
117.5 115.9 113.9 113.1 111.9 111.1 112.9 113.7 114.8 115.5 115 111.9 108.2 105.9 108.8 116.2 119.5 118.7 122.9 119.4 120.7 131.1 134 131.2 136.8 141.2 138.7 137.4 147.1 156.3 161.2 158.7 164.4 166 164.4 159 153.7 149.4 149.2 144.8 141.6 139.5 138.5 138.3 138.5 138.7 138.7 137.7 138.8 139 138.8 137.9 138 139.4 155.1 164.3 174.9 188.3 189.2 202.5 203.5 215.3 217.9 221.2 217.2 212.8 214.9 214.5 209.9 197.6 197.8 190.6 183.8 180.5 175.2 171.4 171.2 171.9
119.9 118.9 116.6 114.5 113.2 113.3 114 114.7 115.6 115.8 115 113 108.4 106.2 114.5 117.4 123.4 125.9 126.6 125.3 130.1 137.3 138.9 134.2 136.1 142.9 142.2 150.9 163.3 163.1 170.4 170.2 175.4 178.6 170.3 166.2 162.4 157.8 154.3 150.3 143 140.5 138.7 138.6 138.7 138.8 138.8 138.3 138.3 139.1 139.2 138.4 138 139 147.3 154.6 155.8 157.3 163.1 171.2 187.6 177.8 183 190.1 196.6 202.7 211.7 210.2 202.9 194 187.5 184.6 179 172.8 171.5 171.1 171 171.2
121 119.5 117.3 115.3 114.1 113.9 114.3 115 115.6 115.5 114.7 112.2 108.9 110.3 115.9 120.8 127 128.3 127.3 127.4 130.9 145.9 142.8 135.8 139.2 145.7 149 160.4 174.2 173.5 175.8 181.8 187.9 184.3 176.8 171.4 166 162.9 159.2 152.7 144.7 141.6 140 139.5 139.2 139 138.9 138.9 138.9 138.9 139.2 139.1 138.6 138.7 139.1 139.5 139.6 140.4 154.3 160.1 165.3 168.1 172.4 182.4 179.9 193.7 195.3 197.6 194.3 186.4 181.2 179.2 174 171.2 171.1 170.9 170.7 171.5
121.8 119.8 117.6 115.7 114.6 114.3 114.8 115.2 115.2 114.5 113.6 110.3 109.2 109.6 117.6 125.5 130.9 131.9 129.2 129.8 134 153.8 146.8 143.5 146.1 145.7 153.5 164.4 175.3 180.8 187.3 191.2 201.3 188.9 182.2 175.9 171.3 168.3 161.9 155.5 147.4 143.6 140.8 140.9 140.4 140 140.1 140 139.8 139.5 139 139.3 139.2 139 139.5 139.3 139.4 140.2 151 159.7 165.1 169.2 173.1 176.8 178.7 182.4 180.4 183 183.8 177.1 172.4 171.4 170.3 170.5 170.7 170.5 170.5 170.7
119.1 119.9 118.2 116.1 115.1 114.8 115 114.8 114.5 113.6 111.9 109.2 108.6 111.2 122.3 131 132 134.2 131.8 143.4 139.1 149.1 148.8 148.5 150.3 147.8 155.5 166.7 174.7 183.5 191.9 200.3 203.9 192.6 183.7 180.6 176.5 173.8 167.2 161.9 150.8 149.3 144.1 141.4 141.7 141.6 142.4 141.5 142.3 140.6 139.7 139.3 139.3 139.4 140 140.2 140.4 145.4 154 161.8 168.6 179.9 177.3 174.3 176.2 184.6 174.8 175.8 179 171.5 170.5 170.4 169.6 169.7 170.8 170 171.1 171.4
116.6 120.5 118.3 116.1 115.3 115 115 114.9 113.9 111.5 109.7 109 108.6 113 129.9 134.1 135.7 136.6 137.2 143.8 143.7 150.8 149.2 150.4 154.5 153.5 158 169 174.7 180.1 191.3 203.6 204.3 194.5 188.1 185 181.5 178.3 171.9 165 157.8 156.7 155 150.5 149.5 148 149.2 148.9 147.9 144.9 141.7 140 140 140.2 140.9 140.4 145.1 152.6 157.1 158.3 165.7 177.9 177.6 173.9 175.8 181 172.6 173.1 174.8 170.8 170.4 169.4 170.4 170.3 171.7 171.7 172.7 175.7
112.6 118.4 118.3 116.2 115.5 115.3 115.4 115 112.7 110.9 109.9 109.3 109.1 115.2 132.3 138.3 139.7 141.2 146.2 146.6 146.4 150.9 149.5 153.9 157.3 158.3 159.4 169.3 174.9 178.1 196.1 212.4 206.5 201.5 194 191.9 187.1 182.1 175.2 171.1 164.7 162.3 162.2 159.8 158.6 161 159.5 157.6 155.2 151.1 148.9 146.5 143.2 142 142.1 142.1 147.5 152.2 159.5 158.2 164.5 171.1 171.9 178.1 170.4 173.2 170.3 170.3 170.1 170.1 169.8 170.6 170.7 171.4 173 176.1 179 183.7
111.4 116.9 116.5 116.5 115.8 115.7 116 115.1 113 111 110.3 109.5 111.2 119.6 131 140.1 141.6 144.4 151.8 152.7 150.9 151.7 153.8 157 159.8 158.9 160.3 171.9 177.4 182.7 200.8 212.7 209 206.5 202.4 197.5 192.9 187.8 181.1 176.6 171 170.7 173.1 172.7 171.4 170.2 168.4 165.7 164.9 159.6 157.2 156.5 153.3 148.7 145.2 146.8 147.9 155.9 155.6 157.1 159.9 162.8 164.9 170.8 166 167.7 169.6 170.7 170.6 170.4 170.7 170.9 171 176 183.6 183.7 189.2 196.9
115.5 117.1 118 117.3 117 117.1 117.3 116.2 114.6 112.2 111.1 110.2 109.8 121.5 141 142.6 142.2 146.7 158.8 156.9 152.8 151.7 155.6 161.4 160.2 158.5 169.8 177.9 180.3 188.1 199.7 215.3 214.6 212.4 209.6 205 200.1 196.4 189.8 183.1 177.2 181.8 183.2 182.5 181.8 179.1 177.2 174.7 172.8 170 167.4 164 162.8 160.3 156 153.5 154.5 152.7 154 155.3 156.1 159.8 162.7 166 170 169.7 172.7 172.3 172.9 171.8 171.8 172.9 178.7 183 189.7 192.4 202.1 208.2
119.3 119.1 118.7 118.3 118.6 119 119.4 118.6 117.3 114.5 111.7 110.8 111.1 121.1 143.3 141.7 146.1 149.4 161.2 158.8 154.9 153.2 157.9 165.3 163 161.1 174.4 180.9 184.8 197.9 217.9 223.5 218.5 218.5 214.8 210.5 205.8 202.2 196.5 188.8 186.4 189.9 190.6 190.6 189.5 188.3 185.7 185 183.6 180.6 179 175.1 171.2 168.7 167 163.6 161.9 158.5 157.3 158.2 160.5 163.3 165 167.9 169.7 171.8 173.7 174.1 174.8 174.3 176.2 182.1 182.1 190.5 193.5 196.2 214.9 220.9
122.4 120.5 120.1 119.9 120.9 121.7 122.3 122.2 120.7 117.9 115.3 112.6 111.4 117.9 132.7 145.4 149.8 153.6 160.3 156.9 154.9 155.8 158.5 167.2 164.5 164.5 178.6 186.8 195.4 220.3 229.3 230 225.4 224.7 221 216.2 211.9 207 203.5 198.5 196.1 197.2 197.9 198.2 197.2 195.9 193.9 193.3 189.7 188.1 185.8 182.9 180.4 176.2 174.4 170 167.2 163.8 161.1 160.5 163.1 166.1 168.2 169.4 170.2 173.8 174.5 176.4 177.5 176.8 183.5 186.5 190.2 192.8 195.1 200.3 219.2 229.3
125.5 122.2 121.5 121.6 121.8 123.2 124.7 125.6 124.2 121.5 118.1 114.1 112.9 115.1 126.8 143.6 149.4 154.3 157.3 152.8 158.6 158.9 165.7 171.1 170.7 174.1 192.7 199.4 200.9 219.2 234.4 239.6 234.7 231.2 227.3 221.1 216.6 211.6 208.3 203.8 201.8 202.1 203.4 203.7 203.5 202.7 201.7 200 199.3 197 194.9 189.9 189.6 186.7 184.5 180.3 177.8 172.1 168.2 166.9 167.6 170.7 172.6 173.5 177.1 176.9 176.1 179.1 182.5 181.9 187.5 194 194.8 195.4 201.8 213.2 224.5 232.9
126.5 125.3 123.7 125.2 124.1 123.8 125.3 127 126.9 124.1 119.3 116.2 114 119.8 136.7 146 150.6 152.3 151.8 152.1 159 163.2 170.6 177.8 181.8 182.3 196 197.8 203.5 220.6 240.3 244 243 236.8 230.9 226.5 221.8 215.6 211.4 207.1 205.4 205.5 207.4 208.6 209 208.8 207.8 207.4 206 203.9 201.4 200.2 196.9 195.5 193.7 191.2 186.6 183.9 179.1 174.6 175 178 179.1 183.4 185.6 186 181.7 180.8 184.7 188.2 190 193.1 199.8 202.5 215.6 220 232.6 242.7
127.3 127 128.4 128.8 127.1 126.5 126.6 128.3 127.7 124.4 120.3 119.4 117.1 118.6 134.3 147.2 147.1 152.6 150.3 150.9 160.5 168.5 171.8 179.1 186.2 186.6 200.2 201.7 211.4 226 249.6 251.5 249 242.9 236.7 230.5 225.1 219.7 213.4 209.5 208.1 207.8 208.8 210.6 212.6 213.4 212.6 212.9 212.1 211 208.6 206.7 206.1 203.7 201.5 199.5 195.5 192.1 191 188.8 187.1 187.4 191.4 194 196.1 195 191.2 191.1 189 190.7 192.8 203 216.1 217.8 219.7 230.3 244.1 252.8
127.1 128.2 131.9 131.6 130.2 129.2 129.4 129.7 128.5 125.7 122.6 122.7 119.8 120.4 135.1 148.5 149.4 149.6 149.6 150.7 164.3 170.9 174.2 183.9 197.3 192.4 201.9 204.9 215.6 232.6 259.3 255.9 251.9 247.3 240.8 234.9 230.5 224.2 218.2 212.8 211.3 209.8 211.1 218.1 223.1 219.5 217.1 217.5 216.9 216.1 214.8 214 212.5 210 207.3 205.6 204.1 200.8 199.1 197.6 197.2 197.6 199.8 202.4 203 204.4 204.5 202.2 200.1 199.6 200.4 209.5 220.1 222.6 226.5 241.3 250 260.7
127.1 129.7 133.4 134 133.9 132 132 131.5 129.5 129.4 129.3 127.4 124.8 126.7 132.6 146.5 151.3 150.8 149.6 150.9 165.9 171.5 175.5 189.8 194.1 192.2 200.3 206.3 216.1 235.2 261.5 256.3 257 251.6 245.3 241.2 236.5 229.6 219.9 215.5 212.5 212 222.4 228.5 221.6 218.9 217.9 219 220.4 220.4 219.2 218.6 217.5 215.8 213.2 211.7 210.5 208.6 209 209.9 210.7 210.1 210 211 213.8 214.9 215 213.5 209.9 211.8 211.6 219.2 227.2 232.4 237.1 248.1 260.4 282.8
125.6 128.5 135.3 135 135.8 136.1 134.2 133.6 133.2 133.2 133 132.8 129.5 127.7 136.1 151.2 152.3 151.7 151.2 153.7 169.6 172.4 178.7 183.9 188.9 193.8 201.3 211.4 219.1 235.1 254.7 260.7 263.1 258.8 251.1 250.2 245.7 238 228.4 218.9 216.5 225.1 229.2 225.1 221.9 222.1 222.1 225.5 231.3 232.4 230.2 228.7 223.3 223.5 219.7 218.1 218.4 219.8 222.3 224.6 220.9 219.3 219.9 221.1 222.3 224.9 225.1 224 222.5 223.6 224.8 231.4 240.7 247.8 251.4 258.8 284 291.9
127 138.7 136.9 136.4 137.1 138.3 138 137.3 137.2 136.4 136.5 135.9 133.5 133.5 146.4 154.1 154.6 153.1 152.6 153.5 169.2 172.6 180.7 181.7 188.3 199.6 203.9 212.2 221 231.9 248.9 264.7 269.8 265 257.6 259.4 255.6 248.4 234.2 225.5 224.8 227 227.7 230.7 230.2 232.8 236.2 240.8 246.1 253.9 252.2 246.4 231.1 231.3 228.3 229.8 234.3 232.2 231.4 231.6 229.3 228.6 229.3 231.4 233 233.4 235 234.7 233.1 236.2 237.7 248.8 257.4 265.7 270.8 277.7 293.2 303.4
133.3 139.3 139.4 138.3 138.6 139.1 140.1 141.1 140.4 139.9 139.8 139 138.4 139 154.1 158.3 157.6 154.8 154 158.2 166.8 174.7 181.4 184.5 189.7 202 206.9 214.9 222.9 239.2 247.3 268.3 273.7 270.9 267.2 271.2 267.8 260.7 243.9 236.7 239.8 237.6 241 244.2 248.4 255.9 259.3 265.4 263.3 266.7 266.6 258 251 248.2 250.8 246.1 240.6 236.6 236.3 238.8 239.3 240.8 242.1 244.6 243.8 247 247 248.6 249.7 253 260.5 272.1 279 286.6 293.3 301.3 310 314
136.9 136.9 139.6 141.3 140.8 142 143.1 142 142.4 143 142.7 144.4 142.9 144.3 154.4 160.9 160.7 161 162.8 166.6 174 183.1 185.4 191.2 192.5 205.5 209 220.4 228.3 246.3 253.2 271.9 278.7 276.9 280.6 282.5 280.8 275.3 266.3 261 254.8 259.8 273 273.3 288.4 295.1 299.6 302.5 307.7 299.5 288.4 280 278.4 276.8 268.4 261.4 253.1 252.7 252.5 248.6 252.2 255 257 256.2 256 257.9 260.3 263.7 269.2 273.9 281.2 289.4 299.7 305.8 310.1 317 322 325.8
136.3 142.2 144.8 146.8 145.9 144.6 145.1 144.8 144.4 145.1 146.3 146.6 146.3 145.7 151.3 160.8 164.5 166.6 169 172.2 181.1 189.4 191.1 197.6 201.1 211.1 223.2 225.6 235.9 252.8 265.4 277 284.6 286.6 286.8 297.4 292.9 287.4 283.6 267.6 268.1 279.2 292.5 303.3 320.4 333.1 336.2 338.7 349.7 344.5 326 333.8 318.1 300.9 293.7 281.1 271.7 263.6 265.1 265.7 266.1 267.4 267.1 266.5 268.2 270.6 273.7 278.8 284.6 291.5 296.7 293 310.9 316.6 322.7 327.6 332.5 340.3
146.9 151 156.2 156.4 153.9 151.7 151.7 154.6 155.4 155.7 153.2 150 149.6 147.7 157.9 164.2 168.8 171.3 173.7 175.3 183.5 195.5 196.3 200.4 207.2 218.6 228.2 228.5 241.8 263.7 273 286.1 294 291.7 295.8 305.6 304.1 295.8 281.3 270.5 289.9 298.3 307.6 325.3 337.1 344.4 358.7 367.6 376.1 378.3 368.3 352.1 342.2 318.9 301.5 292.1 286.4 282.8 278.3 277.2 278.1 279.6 276.1 277.3 278.9 283.7 290.5 295.9 300 305.4 310.1 302 320.2 327.3 332.5 337.5 342.5 348.7
153.5 158.5 162.5 164.5 162.8 161.2 161.3 162 164 164.6 163.8 161.4 157.9 153.2 164.1 171.7 176.7 176.7 176.4 177.8 188.6 196.6 203.6 203.5 210.4 223.9 230 235.1 250.4 271 279 296.3 299.7 302.6 305.6 309.9 312 304.5 290 292.9 310.7 322.8 334.9 352.4 355.3 366.9 382.6 398.5 406.3 400.6 384.7 368.3 345.5 322.8 309.9 303.9 298.9 294.7 287.6 285.7 286.3 287.3 284.4 289 293 297.4 302.3 304.6 310.1 315.4 319.9 323.8 328.8 335.2 339.2 343.5 349.7 355.7
154.9 160.8 167.5 169.2 167.7 167.1 167.6 170.6 171.2 171.8 171.3 169.3 165.5 161.4 172.9 181 186.4 188 185.1 182.3 188.2 202.2 209.5 208.4 215 222.4 232.2 243.8 258.8 274.7 287.3 299.9 303.3 305.3 309.2 311.8 314.2 314.5 305.1 319.6 335 344.2 359.3 370.9 373.2 383 404.8 421 420.9 408.8 393.6 373.9 352.6 337.6 324.3 316.7 310.8 303.2 297.4 295.1 295.1 295.5 296.7 300 302.7 307.4 311.1 314.5 318.9 323.8 328 332.3 335.6 339.4 344.8 349.5 355.6 361.1
150.6 156.3 161.8 166.1 169.1 167.8 166.8 166.1 169.2 173.8 175.5 176.5 171.2 171.6 178.8 185.9 191.5 193.5 192.4 188.6 192.8 206.4 210.3 209.2 220.8 227.6 237.9 249 266.8 284.2 295 299.6 304.3 311.6 315.1 320.2 320.7 325.7 320.9 344.5 352.9 361.4 371.8 385.2 401.2 419.4 435.3 436.7 428.2 416.5 402.7 383.8 367.1 354.5 341.2 331 323.6 316.9 319.3 312.2 308.1 305.1 302.1 308.8 312.4 314.4 317.8 321.2 325.8 330.2 334.7 338.1 341.2 342.8 348.8 354.4 359.6 364.1
149 155.1 159 161.7 161 161.8 162.2 161.2 161.8 163.1 164.9 166.2 168.9 170.3 172.8 180.2 186.2 189.7 192.8 194 196.2 199.9 202.3 207.8 222.3 231.4 240.8 256.8 274.8 287.7 298.9 300.4 308.7 316.8 322.8 328.1 331.7 339.1 341.3 351.5 369.2 376.4 393.1 410.4 431.5 446.6 453 458 449.3 440.8 428.2 407.2 387.6 372.9 354.8 343.1 334.9 330.7 330.8 323.3 318.2 313.7 311.7 314.9 317.4 320.7 324 327.5 331.7 336.5 340.3 343.8 346.8 350.9 355.1 360 363 370.9
148.7 153.6 157.4 159 157.8 158.6 159.6 159.4 160.9 161.9 162.9 163.9 165.1 167 170.7 182.6 186.4 188.9 190.4 192.1 193.9 195.6 198.3 219.5 225.5 233.1 245.6 259.8 276.9 287.9 299.4 304.5 316.9 325.6 333.5 337.5 341.4 352.3 353.5 362.8 379.6 396.4 412.9 430 452.3 467.9 478.6 480.5 475.2 465.4 449.9 427 401.8 383.6 362.8 353.4 347.5 343.3 339.7 333.4 326.7 321.6 319.3 321.5 323.3 326.3 330.2 334 338.5 342.5 346.8 350.6 355.2 358.8 361.9 363.3 372.4 380.7
148.8 150.5 153.5 155.7 155.8 157.2 158.3 159.3 160.4 161.3 162.5 163.7 165 166.6 172.7 184.2 188.2 190.1 192 193.6 196.4 197.9 205.2 221.2 230.3 237.1 247.7 258.6 273.5 286.2 299.4 311.5 325.7 337.3 344 349.1 358.7 366.4 365.3 389.8 400.6 410.5 430.1 449.9 470 487.2 498.9 500.4 496.6 484.6 467.2 439.2 410 385.4 371.4 365.3 356.4 351.7 345.8 339.8 332.4 326.6 325.2 326.6 329.1 333.4 337.8 341.6 346.5 349.5 356.2 360.1 362.8 364.8 367.9 373.9 378.8 383.4
150.4 152.5 153.2 154.6 157.1 158.3 159.3 160.4 161.6 162.2 163.1 163.9 165 168.1 179.1 189 192.1 194 195.5 198.5 202.4 205.2 212.4 221.7 232.5 239.7 247.3 256.4 272.7 289.5 304.8 324.9 335.4 347.6 355.8 358.3 368.9 372.6 379.1 399.3 411.1 422.6 442.6 463.3 487 505.2 517.6 521.3 515.6 501.2 482.2 453.7 422.6 401.5 384.5 374.2 366.7 360.2 354 346.3 336 328.2 328.5 331.3 335.4 340.7 344.5 349.8 354.3 358.8 362.8 366.4 370.4 371.3 376.1 379.7 383.2 388.8
153 154.3 157.2 156.8 158.2 159.3 160.4 161.6 162.8 164.1 163.7 164.6 165.5 170.6 182.8 190.1 194.2 196.8 199.5 203 207.6 213.8 217.7 225.6 234.5 240.4 245.2 260.1 279.8 297.8 314.7 331.7 344.1 353.9 361.2 364.8 375.7 378.4 381.9 405.4 417.2 427.8 454.2 482.6 502.9 520.5 533.9 537 530.2 514.7 495.7 472.1 436.4 408 393.9 391.5 385.2 373.5 361.3 349.8 334.6 328.4 328.7 331 337 344.5 351.4 356.4 360.7 364.4 368.6 374.8 377.6 381.6 385.5 386 390 394.2
156.5 156.6 158.5 158.9 158.7 160.2 161.5 162.3 163.1 164 164.5 164.4 168.1 177.1 183.3 188.3 193.6 197.7 202.5 207.6 213 218.8 223.8 230.7 235.6 241.2 249.5 266.6 286.2 303 319.8 337.1 350.9 358.1 365.1 369.6 382.4 385.7 393.9 410.1 425.3 445.3 469.6 493.6 514.5 533.5 547.3 550 541.2 529 513.9 488.6 453.7 427.2 411.3 407.7 401.6 388.6 370.3 350.4 333.9 328.8 328.5 329.6 335.3 345 355.4 360.9 365.3 369.7 375.5 380.4 385.6 390.1 390.1 390.8 395.6 400.2
158.2 158.7 159.1 158.9 157.8 158.9 159.7 160.5 161.4 162.2 162.7 163.3 172.6 178.7 184.1 190.8 197.3 203.7 207.3 212.2 216.3 220 227.9 232.5 239.5 250.1 259 273.2 290.1 305.8 323.4 341.2 354.7 362.8 371.1 375.8 389.7 397.9 408.4 420.4 435.4 456.6 479.9 500.4 522.5 543.9 558.7 562.5 557.8 547.4 532.8 508.2 475.5 447.8 432.5 427 412.9 395.5 380.6 360.8 345.6 339 332.8 346.2 347.1 352.8 361.6 366.2 370.5 375.9 381.3 386.8 391.6 390.7 391.9 394.4 401.8 403.8
158.3 157 155.4 154.1 154.1 154.7 155.7 157.3 159.8 161.7 162.4 166.7 175.6 184.2 191 196.6 201.6 203.3 207.5 209.5 218.7 224.6 229.9 237.1 248.1 257.5 263.5 277.2 292.8 309.9 330.1 344.1 356.6 366.2 373.8 385.7 397 403.7 417.7 428.6 442.6 462.4 484.5 508 529.7 552 567.8 573.4 569.6 562.1 549.3 527.7 497.4 472.1 451.8 444.7 430.3 410.8 403 389.5 371.9 375.9 376 368.8 362.2 361.3 367.7 371.6 376.2 381.8 385.9 390.1 395.2 395.3 396.5 401.6 405.1 406.8
157.9 155.4 152.8 150.8 150.6 152.3 155.6 158.9 164.1 166.6 170.6 175 178.4 182.7 188.1 193.2 196.3 199.6 204.3 212 220.7 226.7 234.4 242.2 252.4 262.8 269.5 283.3 297.8 314.8 332.8 345.4 357.2 365.2 377.7 389.3 397.1 406.9 419.6 430.1 448.6 466.7 489.1 512.3 533.4 554.7 572 577.9 578.6 574.3 564.8 547.9 522.7 499.6 483.1 476.8 468.3 444.9 439.6 416.9 418.7 404.8 394.7 390.2 382.9 381.3 386.8 381.2 379.1 387.6 391.8 395.6 401.1 402.4 405.3 406.4 408.2 410.4
152.8 150.1 150 148.9 153.1 156.1 159.8 163.7 168.4 171.8 175.8 176.3 177.6 182 186.4 191.2 197.1 202.8 209.5 215.1 222.7 229.6 236.4 245.6 256.8 267.1 274.2 287.8 300.5 317.3 334.1 346.5 356.9 366.4 378.5 386.9 395.3 405.2 417.9 432.3 448.7 468.7 492.3 512.8 532.3 553 570.8 579.2 582.1 581.3 574.3 563.9 547.5 530.4 519.7 510.1 504.2 496.6 477.9 473 458.4 438 431.8 431.1 416.2 419.3 413.9 403.3 394.4 394.8 398.3 401.9 403.8 405.8 408.2 410.3 413 416.1
