Game/Highland_Data/StreamingAssets/GeoData/Data/sh/SH65.asc
ncols 200
nrows 200
xllcorner 260000
yllcorner 350000
cellsize 50
[rows 105 to 139 of 200, columns 0 to 77 of 200]
538.8 550.4 569.7 601.5 634.6 672.2 734 773.1 799.8 835.6 869.1 902.5 926.9 950.4 971.8 997.1 959.3 927.8 876.6 846.7 818.3 800 784.3 773.7 768.6 756.3 730 695 660 644.2 634.9 633.4 632.8 613.4 599.6 599.6 605.8 626.1 645.7 665.4 662.1 645.3 633.2 623.6 613.1 620.8 631.7 641.9 648.5 633.2 617.1 603.7 593.8 571 532.9 511.5 497 501.3 496.9 488 466.2 460.2 445.9 428.8 428.8 428.8 428.8 440.7 435.4 435.2 435.9 443.8 460.7 471.7 472.6 447.2 425.7 405.9
531.1 537.4 558.3 584.9 620.6 659.1 711.3 739.4 783.9 826.2 857.1 880.5 912.1 944.9 970 994.3 1002.8 944.9 893.8 858 828.1 805.6 785.1 776.6 768.9 739.7 701.1 676.3 636.2 618.5 610.8 599.6 599.6 600.9 599.6 599.6 611.3 614.6 633.5 645 636.6 624.6 600.6 583.7 577.6 590 600.8 630.1 627 614.3 598.9 581.6 560.5 535.7 510 481.4 468.6 470.1 476.2 469 467.1 457.7 453.8 438.7 428.8 428.8 428.8 432.6 433.6 435.9 449.7 461.6 469.5 478.7 460 422.7 405.9 398
528.6 532.6 547.4 575.3 608.6 641.6 681.2 729.3 768.7 800.8 829.4 858.9 898.7 934.2 964.6 991.2 1015.7 1010.7 945.6 891.1 861.9 835 805.7 800 784.8 741.8 694.4 657.1 627.5 605 599.6 599.6 599.6 599.6 599.6 599.6 599.6 601.8 614.1 616.8 617 592.2 570.3 553.4 550.1 557 569.1 590.1 604.7 591.6 580.2 561.2 535 505.6 488.4 468.7 454.6 457.2 455.7 445.6 444.1 439.3 431.9 435.3 428.8 428.8 428.8 428.8 428.8 442 460.1 470.7 473.8 467.4 447.3 418.6 405.5 387.5
528.6 532.6 541.1 561.3 589.4 619.4 659 712.4 749.4 760.4 809.6 848.1 886.1 924.5 960 987.5 1014.1 1037.6 994.8 921.7 888.8 859.1 835.7 816 789.2 737 695.3 647.2 612.3 599.6 599.6 599.6 599.6 599.6 599.6 599.6 599.6 599.6 599.6 593.9 585.6 571.9 552.7 538 534.4 533.3 541.2 559.9 574.2 574.5 554 539.7 515.6 491.1 474 461.1 450.8 447.4 436.9 428.8 428.8 428.8 428.8 428.8 428.8 428.8 428.8 428.8 429 441.1 448.4 455.3 457.1 452.1 429.2 411.2 393 383.3
530.5 540.5 544 555.5 579.3 606.4 637.8 670.9 721 764.7 807.9 846.6 887.6 927.7 961.8 988.8 1016.1 1038.8 1026.8 966.3 942.9 920.9 873.4 829.3 790.8 732.5 684.3 645.8 614.2 599.6 599.6 599.6 599.6 599.6 599.6 599.6 599.6 604.5 609.7 609.9 603.5 576.8 549.7 530.9 518.9 516.1 523 537.2 550.7 556.9 540.2 526.3 496.9 479 467.6 460.5 456.8 451 428.8 428.8 428.8 428.8 428.8 428.8 428.8 428.8 428.8 428.8 436.9 438 432.6 430.6 432.1 428.4 417.7 396.4 384.2 381.8
529.5 532 538.7 554.5 574.9 600.5 626.4 658.9 694.1 747.9 811.9 856 892.9 937.8 962.6 990.1 1015.7 1043.3 1047.5 1001.8 996.9 980.4 933.7 869.6 800.8 731.5 692.4 655.6 618.3 600.1 599.6 599.6 599.6 599.6 599.6 607.4 615.4 625.8 636 607.2 587 568.2 554.4 543 522.5 505.5 496 521.3 532 534.6 530.9 518.7 510.9 478 468.1 468.4 463 439.1 428.8 428.8 428.8 428.8 428.8 428.8 428.8 428.8 428.8 434.3 439.4 442.8 438.5 433.6 424.1 407.1 392.8 384.8 379.7 378.5
529.1 533.8 537.9 550.6 565.7 588.3 615.4 646.9 683.7 754.9 805.5 841.9 888 929.5 961.6 987.1 1013.3 1038.2 1058.6 1049.1 1031.7 1021.3 980.1 917 841.4 746.2 697.3 660.1 632.6 614.8 608.7 604 604.9 605.6 607.8 615 633.8 638 615 574.7 538.4 523.1 506.1 492 483.3 487.6 480.8 492 501 505.6 501.9 496.8 493.7 485.5 478.8 469.4 445 428.8 428.8 428.8 428.8 428.8 428.8 428.8 428.8 428.8 429.7 435.9 437.7 440.8 442.1 441.1 425.8 412.6 399.7 387.1 376.3 365
533.6 535.5 538.2 551.9 564 587.6 614.9 648.2 684.6 725.4 789.8 831.8 882.4 932.3 952.5 975.2 1007 1035.2 1059.1 1080.7 1069 1046.5 993.3 934.8 869.8 768.6 724.1 692.6 662.1 644.8 638.5 637.2 625.7 626.7 627.1 630.1 650.1 591.8 561 527.9 506.8 487.5 473.3 466.4 460.9 463.3 466.7 471.4 477.8 481.6 479.4 474.8 462.9 453.6 443 434.5 428.8 428.8 428.8 428.8 428.8 428.8 428.8 428.8 437.8 435.3 437.1 435.5 439.9 437 438.6 436.4 426.8 420.5 417.4 408 403.9 388.4
543.9 542.2 545.3 554 568.2 588.6 614.8 645.2 673.2 732.1 777.5 825.9 866.4 915.1 946.7 971.4 1000.6 1030.6 1056.9 1058.5 1044.4 1029.5 1003.6 949.8 874 810.8 753.1 728.4 701 678.8 677.3 677.2 657.9 665.8 653.9 650.7 651.7 581.1 538 510.3 480.9 468.8 455.2 447.6 445.9 448.5 452.3 457.1 465.6 463.5 457.5 450.8 443.5 431.7 428.8 428.8 428.8 428.8 428.8 428.8 428.8 428.8 428.8 433.2 438.6 438.3 432.7 432.9 433.2 432.5 429.8 427 422.3 421.7 425.4 432 426.9 421.8
549 552.8 554 563.5 571.8 586 623.8 653.8 688.6 727.6 775 818.8 872.9 925.2 953.3 981.1 1003.5 1028.9 1050.7 1027.7 1009.5 990 969.7 947.5 891.2 835.7 783.3 760.4 747 727.5 729.6 732.8 699.5 699.6 700.6 692.4 640.2 557.5 519.5 495.2 470.8 452.9 444 438.6 438.1 438.6 439.3 440.6 450.5 450.1 448.5 443.7 435.5 428.8 428.8 428.8 428.8 428.8 428.8 428.8 428.8 428.8 436.6 441.1 444.3 450.9 433 429 425 421 410.2 406.6 411.7 415.2 415.3 401 378.6 367.2
552.7 557.3 562.5 569 580.4 601 628.9 658 691.8 730.8 789.3 843.6 877.9 921.4 956.8 980.2 999.7 1023.7 1013.7 994 971.8 949.7 929.6 908 884.4 853.5 821.6 792.5 793.7 776.3 763.3 766.4 750.5 752.8 749.3 704.7 618.6 556.1 513.7 485.4 461 444.4 439.9 437.1 428.8 428.8 428.8 428.8 428.8 428.8 428.8 428.8 428.8 428.8 428.8 428.8 428.8 428.8 428.8 428.8 440.6 452.4 443.4 446.9 456.9 463 439 440.2 436 419.7 384 371.9 372.7 382.4 391.9 380.3 363.8 356.2
555.3 559.3 567.8 577 588.8 608.6 633.5 663.9 698 733.4 791 820.6 867.9 918 965.5 985.8 1003.6 1007.6 980.4 959.9 937.5 915.8 896.6 873.9 849.9 836 829 819.7 817.4 820.1 802 795.2 792.3 786.1 763.5 681.8 622.7 561.3 532.7 483.1 463.1 454 442.9 434.6 428.8 428.8 428.8 428.8 428.8 428.8 428.8 428.8 428.8 428.8 428.8 428.8 428.8 428.8 428.8 441.6 457.8 468.4 456.8 466.2 470.9 468.4 472.1 457.6 455.7 407.1 389 362.7 345.5 344 346.5 348.3 347.6 342.2
557.1 562.9 572.5 584.9 596.8 617.9 640.5 669.8 705.8 743.6 794.3 841.9 900.5 942.9 970.7 990.3 999.6 977.5 941.9 917.9 903.8 882.7 850.3 834.1 822.2 807.9 801.8 805.8 804.4 808.5 812.2 797.6 799.7 804.8 772.9 696.3 631.2 592 546.6 500.4 479.5 464.5 448.4 430.4 428.8 428.8 428.8 428.8 428.8 428.8 428.8 428.8 428.8 428.8 428.8 428.8 428.8 428.8 430.4 450.8 467 469.7 476.9 483 491.4 495.9 489.9 480.3 449.2 415.5 393.9 381.4 352.3 330.5 327.9 328.4 331.4 329.7
569.9 571.7 579.5 593.2 610.6 628.6 652.4 677 709.1 747.9 801.9 834.9 893.1 947.2 978.8 976.9 948.3 924.5 899.2 880 865.5 833.9 815 800 787.3 778.5 771.4 776.9 781.1 788 796.2 786.1 785.8 797.8 773.9 727.8 658 602.9 554.5 518.8 499.2 477.2 452.4 428.8 428.8 428.8 428.8 428.8 428.8 428.8 428.8 428.8 428.8 428.8 428.8 428.8 428.8 428.8 439.7 457.4 470.1 481.8 493.4 505.4 504.6 503.5 497.5 475.1 449.6 409.8 392.3 384.5 346.7 326.8 324.3 325 326 322.9
591.9 592.7 600.6 612.9 626.7 643.2 666.6 691.2 721.8 758.2 798.5 844.5 890 952.5 957.1 928.5 905.2 880.9 858.7 839.8 820.5 800.6 782.2 765.1 756.6 744.9 735.9 740.4 743.8 757.7 772 783.3 792.3 803.6 754.8 702.2 665.7 623.2 600.5 545.7 524.7 493.8 465.8 443 428.8 428.8 428.8 428.8 428.8 428.8 428.8 428.8 428.8 428.8 428.8 428.8 428.8 438.9 451.6 466 484 497.1 515 519.2 513.2 504 481 447 416.8 391.9 373.6 356 331.3 326.7 323.5 322.6 323.1 320.9
611.1 613.6 622 632.3 645 661 679.2 702.5 732.3 776.4 818.3 854.9 907.9 952.2 925.2 891.3 866.8 840.5 819.6 802.8 781.5 759.4 750.2 735.6 722.5 715.9 708.2 706.5 716.6 731.1 750 770.1 784.2 797.9 782.3 732.7 677.1 655.1 642.2 580.2 554.5 527.5 490.7 467.8 441.9 428.8 428.8 428.8 428.8 428.8 428.8 428.8 428.8 428.8 428.8 428.8 444.1 451.6 466.2 479.3 498 511.2 524.9 521.5 514.6 503.4 476.1 444.4 410.1 394.2 367.1 352.6 346 331.3 329 326.9 330.5 325.7
630.4 635.7 644.2 651.4 662.3 676.2 698 721 747.7 784.2 826.6 868.4 912.1 929.5 898.9 867.3 834.3 809.1 787.3 770.3 746.6 727 716.2 703.1 692.3 687.2 679.9 683.7 691.2 709.1 729.4 742.7 756.8 774.4 791.9 758.5 705.5 679.1 672.1 627.1 582.1 553.2 526.1 491.2 456.7 429.8 428.8 428.8 428.8 428.8 428.8 428.8 428.8 428.8 428.8 436.1 449.9 463.5 475.3 492.2 506.6 518.7 528.5 527.9 520.2 518.9 496.3 453.5 428.7 417.9 384.7 377.8 372.9 348.5 339.3 335.1 337.6 335.3
650.9 667.1 676.8 674.9 680.2 697.5 718.1 742.7 768.9 803.3 843.1 881.3 925.2 909.3 874.3 839 807.8 783.9 758.8 738.3 721 706.2 685.4 674.6 661.6 658.4 652.8 653.6 665.2 683.6 697.5 711 727.3 746.6 758.9 776.4 746.2 732.5 691.9 647.8 608.2 571.7 541 499.1 471.8 448.1 430.1 428.8 428.8 428.8 431 442.8 433.3 455 446.4 449.3 461.8 472.3 488.2 505.9 519.4 531.7 539.9 545.5 539.2 536.3 510.3 481.6 449.9 440.5 409.6 401.9 387.4 372.7 360.9 357.1 355.1 363.4
661.6 681.2 697.2 721.2 730.4 749.3 762.1 769.1 791.2 828.1 863.7 905.6 920.6 885.6 849.9 808.6 765.4 724.6 709.8 700.4 688.3 674.4 660.1 645.2 630.6 630.5 638.4 641.4 645.6 659.1 672.9 686.4 703.2 717.8 731.6 744.3 765.1 760.4 706.1 660.2 631.5 600.1 568.8 528.5 486.5 461.2 450.7 450.9 453.2 451.1 465.2 479.9 467.6 471.1 466.1 468.2 475.7 484.5 502.3 519.5 535.1 548.2 555.8 555.5 552.3 532.6 509.9 473.6 461.7 453.2 435 425.3 407.3 396.5 388.9 385.7 385 388.7
662.1 676.8 698.9 727.9 755.2 775.9 792.3 808.3 818.8 859 886.5 920.8 893.7 857.2 818.7 775.1 727.1 686.9 662.7 648.3 633.6 623.2 620.2 605.6 603 611.7 617.6 624.5 628 634.7 640.8 657.3 675.5 693.1 700.3 720.9 742.5 758.1 727.2 679.4 652.9 629.2 593.8 558.9 511.6 486.8 476 476 481.2 479.7 490.1 497 499.5 488.7 499 486.8 497 505.1 516.7 536.7 555.8 575.1 579.9 579.5 570.1 547.4 522 501.1 488.7 476.1 472.1 462.4 433.4 427.3 414.4 406.9 402.8 411.4
673.3 682.9 704.6 736.9 768.9 795 815.3 837.2 862 890.2 918.1 900.9 863.9 825.5 774.4 731.6 694.6 648.3 626 605.2 583.3 575.5 571.2 573 579.5 588.8 598.4 604.5 607.6 603 598.2 625.8 644.9 660.7 681.7 703.4 729.1 741 747.1 722.2 681.2 649.5 626.7 582.7 530.6 512.9 497.5 492.5 501.2 500.9 509.4 515.7 513.5 511 509.3 519.5 529.1 543 555.4 565.5 583.4 600.5 611.2 608 587.7 564.8 541.9 527.8 518.5 498.7 494.2 485.4 472.2 466.7 444.4 430.2 431.4 434.1
698.8 700.5 719.5 751.2 784.8 815.5 838 860.4 882.9 907 921.2 882.4 825 774.8 738.5 693.8 644.2 608.4 580.7 567.2 550.6 543.2 538.7 545.2 552.5 563.8 558.9 581.7 590 585.3 576.4 594.7 616.8 630.7 660 684.9 705 718.6 731.3 745.5 712.8 670.7 636.8 603.8 563 531.1 515.8 514.8 517.7 519.3 524.5 523.4 525.2 528.2 533 541 554.4 569.5 584 594 616.5 625.1 643 639 622.9 600.3 587.5 566.3 552.5 530.6 519.9 512.3 510.7 497.3 481.9 481.4 470 458.8
751.5 749 751.8 770.3 803 844.3 864.3 879.2 896.3 911.2 902.6 856.7 794.9 733.1 690.1 646 610.4 565 550.9 546.1 535.5 527.8 523.2 526.5 536.7 521 525.6 531 549.6 554.2 559.9 575.8 594 612.3 642 666.8 694.6 710.2 726 746.7 754.2 693 660.4 637.1 584.4 552.6 534.3 531.8 536.7 539.2 540.3 547.7 544.7 557 554.8 557.8 570.2 588.6 603.6 619.3 634.8 659.3 675 678 681.6 677.4 653.2 628.4 612.8 578.2 555.9 548.7 549.7 539.1 523.6 526.5 512 489.4
772.9 781.7 793.1 809.3 824.8 842 857.2 869.4 881.5 891.4 870.1 836.5 767.6 704.6 654.2 610.7 572.6 549.6 535.9 529.6 527.3 520.4 515.7 514.4 504.4 487.1 481.5 490.4 506.6 531.1 553.7 570.3 587.5 607 629.9 654.4 679.8 699 723.3 744.5 775.9 717.2 688.9 650.4 619.9 586.4 560 551.5 551.7 550.4 559.7 571.7 568 580.5 572.8 572.8 581.6 599.7 615.8 636.7 666.1 690.6 694.7 693.9 684.7 680.8 689.8 683.6 655.6 623.8 597.2 593.5 604.2 586.2 569.5 553 535.4 523.6
749.5 761.9 777.7 793.8 811.3 827.7 841.6 854.1 865.1 869.4 831.4 796.9 751.5 664.4 620 585.7 561.7 540.8 529 519.8 517.9 511.5 509.8 510.7 498.2 481.4 470.4 479 504.5 527.1 547.9 563.9 579.5 605.5 629.6 647.7 667.5 680.9 702.9 741.7 780.6 754.6 730.5 677.4 655.6 635.7 592.1 575.3 570 566.6 571.5 578.6 577.4 582.9 582.5 583.8 603.4 621.7 631.5 664.1 703.4 702.8 701.9 700.8 686.6 673.2 680.4 682.6 678.8 657.9 641.9 639.3 636.2 620.4 599.3 580.8 570.9 562.4
727.8 742.3 760.5 778.7 796.2 812.2 827.5 840.3 849 854.1 800 742.9 696.3 643.3 596 566.8 549.4 531.5 521.5 512 510.5 506.5 507.9 513.6 486.3 463.2 457.1 476.7 503.9 525.5 545.4 557.6 572.4 595.7 618.6 642 660.9 679 701.5 730.3 769.4 804.8 815.6 742 727.5 672.3 627.5 607.1 592.5 585.5 589.1 592.4 595.1 601.6 613.5 627 637.7 648.7 662.7 704 708.6 705.1 706.5 697 685.7 669.9 670.6 664 661.4 649.3 636.2 640.9 642.8 628.8 615.7 604.9 601.3 602.6
702.8 723.7 744 763.1 780.9 797.4 812.3 824.5 835.8 838.4 791.9 746.5 691.5 623.9 590.6 561.3 537.5 524 512.6 507 503.5 504.9 515.5 490.9 466.5 447.3 456.1 473.2 497.8 520.8 540.7 550.1 563.6 586.7 608.9 633.6 653.7 677 698.8 724.5 760.5 795 827.5 823.1 810.7 746.6 679.2 641.2 622.6 616 612.2 619.5 626.7 633.5 641.6 656.1 664.2 678.5 707.2 722 709.1 703.3 693.6 679.6 672 657.6 654.7 650.7 640.1 626.7 621.2 615.9 613.6 601.8 601.6 606 610.4 610
676.5 700.5 723.3 744.5 763 780.1 795.2 810.3 821.6 827.3 801.3 758.2 702.1 626.7 580.7 555.4 533.4 514.7 506.8 502.8 500.7 502.1 500.2 474.4 452.4 441.8 453.1 474.3 504.9 522.3 532.4 542.5 554.7 585.2 605.7 625.7 646.8 669.2 692.2 723.8 750 783.4 823.4 860.6 883.1 827.4 748.5 709.2 681.1 658.2 649.3 653.5 657.8 663.1 671.5 685.1 707.2 739.4 745.3 724 705.6 694 682.5 665.3 647.6 630.3 622.4 618 606 600 589.9 591.4 582.2 596.4 588.2 576.9 579.2 579.8
644.8 669.5 695.6 720.4 745 764 780.3 793.7 805.5 813.6 796.8 756.6 708.6 645.5 578.6 540.9 526.8 511.9 507 496.7 499.5 504.9 483.3 459.7 440.6 438.7 449.1 462.5 486.7 508.8 519.2 529.9 549.9 578.4 598.2 616.5 637.5 659.4 684.4 714.6 747.3 773.4 813.1 855.2 886.9 861.9 802.2 788 793.4 715.1 687.5 685.3 686.8 692.9 704 729.5 778 776.8 745.1 716 700.4 683.8 664.7 643.2 629.3 615.8 594.2 576.8 573.7 574.5 571.6 562.4 564.9 564.3 561.6 565.3 568 563.5
633 652.1 675.5 697 716.7 743.2 761.5 776.9 788.7 798.6 768 735.4 689.5 634.9 576.1 543.7 520.5 503.7 495 492.1 496.6 486.5 466 444.6 434.7 438.6 447.9 460 474.6 490.9 505.5 521.4 543 573 590.9 607.7 630.6 653.6 677.4 706.3 738.6 767.2 803.7 839 862.7 873.2 876.1 865.1 848.2 799.6 771.1 727.1 723 730.6 748.5 790.3 795.2 766.5 733.1 703.8 689 660.2 641.6 623.5 609.7 590.6 562.5 562.4 563.9 553.6 548.4 547.3 545.3 543.4 535.3 545.8 557.3 561.6
618.6 635.1 655 678.9 703.2 726.4 743.6 757.3 770.8 780.4 747.3 696 659.9 614.3 561.5 527.8 512.1 494.8 485.4 478 482.5 465.7 444.3 432.8 430.4 434.6 445.7 463.8 463.7 478.8 494.7 508.9 529.3 559.7 578 603.1 623.4 646.5 670.9 696.5 731.6 762.4 789.5 813.6 833 848.2 861.8 876.3 872 864.2 848.2 783.3 765.9 782 802.4 805.7 776.5 753.4 722.2 690.3 666.5 637 620.6 603.4 581.5 564.6 547 532.2 531.7 537.2 534.4 522.9 526.4 527.6 531.4 545.8 543.2 539.4
611.8 624.5 641.1 659.4 682.1 703.3 724.6 738.2 755.1 770.7 764.2 673.4 631.8 596.8 545.8 513.7 492.2 480 466.1 470.7 465 446.7 436.6 427 424.1 427.6 438.4 440.2 445.6 458.7 482 503.7 523.4 556.8 567.6 594.8 616.7 635.7 660.3 683.4 719.3 751 769.5 784 799.2 816.3 833.1 847.5 855.5 844.2 827.7 813.1 808.7 795.9 797.4 778 753 729.7 704.7 674 647 620.3 601.6 586 572.4 556.3 528.3 508.3 506.5 504.3 504.4 501.3 509.1 511.8 521.6 523.8 526.5 531.2
595.2 616.4 632.1 645.2 660.2 683.1 700.4 720.7 738.1 761.1 750.4 660.8 608.1 575.7 539.1 510.1 488.2 467.5 459.7 460.6 443.5 438.5 424.6 418.6 417.2 419.4 426.8 433.5 444.8 455.4 472.5 496.9 513.5 527.9 550.9 581.6 604.4 618.4 651.8 679.9 710.1 732.7 747.3 756.6 770.1 785.9 802.5 821 828.9 820.7 813 791.6 784.1 780.6 766.9 751.6 730.4 707 681.3 655.8 623.5 607.2 586.7 566.4 548.4 525.1 506.7 488.4 488.5 476 482.8 473.3 485.4 495.4 498.5 505.2 508.1 525.8
588 607.5 623.1 632.7 650.5 667.6 685.2 706.2 725.9 748 711.7 652.4 602.2 572.3 541.2 513.2 489.6 464.7 459.9 444.8 428.4 424.6 416.8 413.7 415.8 419.7 425.4 433.9 444.5 451.1 476.5 485.4 502 522.8 551.6 569.8 590.5 616.4 644.7 676.9 696.9 712.7 719.2 729.4 741.8 757.2 773 793.9 808.9 802.5 799.2 776.1 763.7 752 738.5 722.4 710.2 685.6 664.1 634.9 618.5 594.8 568.1 547.6 525.7 497.9 487.5 474.4 460.9 459.2 454.2 463.4 466.5 469.1 476 488.9 502.1 514.8
579.2 591.9 605.1 615.8 637.8 655.7 667.7 686 707.5 727.3 697.4 653.1 608.2 575.1 542.3 510.7 484.3 467.8 454 445 433.1 424.9 413.8 410.1 414.6 420 429.5 436.6 437.8 444.4 455.9 476.1 497.1 520.9 541.2 561 577.8 610 641.9 664.9 681.6 686.4 695.9 702.3 715.8 728 748.6 764 778.5 778 771 754 738.9 731.1 713.5 702.4 688.4 667.8 639.6 623.5 602.8 579.1 550.5 524.2 500.2 484 472.4 452.2 434.2 438.2 442.4 440.8 443.8 450.5 464 482.7 497.7 518.2
