Game/Highland_Data/StreamingAssets/GeoData/Data/sh/SH66.asc
ncols 200
nrows 200
xllcorner 260000
yllcorner 360000
cellsize 50
[rows 140 to 174 of 200, columns 78 to 155 of 200]
201.6 207.8 220.1 233.9 255.5 279.6 303.5 333 357.1 382.5 410.6 436.8 458.4 488.7 525.4 548.2 575.4 597.6 616.2 644.9 672 684.6 692.9 700.4 699.2 702.6 708.2 717.5 732.7 753.1 771.8 787.1 802.1 815.7 826.9 847.6 865.1 889.7 911.8 928 944 958.4 977.1 993.7 1007.7 1020 1030.8 1034.8 1033.7 1024.2 1015.1 1008.8 1003.5 995.6 990.9 985.1 981.2 975.2 973.5 970.2 967.6 966.4 966.8 967.3 965.9 963.5 960.8 956 952.7 948.2 945 937.9 933.7 925.6 915 905.6 899.4 897.4
200.5 204.6 210.5 223.8 242.8 264.9 285.9 316.5 339.2 366.7 388.3 412.2 439 472.8 502.6 529.2 563.5 587 613.7 649.7 682.6 693.6 709.9 720.2 725.3 727.3 734.6 743.9 757.4 771.8 786.5 800.2 816.7 827.4 839.8 858.7 876.6 897.4 922.2 942.7 956.7 972.4 985.5 998.6 1012.4 1018.8 1026.5 1025.9 1018.5 1010.1 1005 992.9 984.9 979.6 976.3 973.3 969.4 965.3 962 959.1 958.1 958.1 957.8 957.4 956 954.1 950.5 946.7 945.2 940.8 935.8 925.4 921.4 912.2 898.9 885.2 877.9 875.7
199.8 201.5 205 216 232.4 252.1 275.4 298.5 323.3 346.6 370.4 393.7 416.1 448.6 484 513.7 553.1 579.4 608.2 650.7 687.1 701.8 721.2 733.6 740.1 746.9 752 765 774.4 789 801 813.1 825.6 839.4 856.3 870.9 891.1 909.6 928.7 948.9 966.3 978.2 987.9 997.5 1004.8 1005.9 1011 1007.9 1006.9 1000.2 993.5 981.7 975.3 969.8 964.3 959.3 955.3 952.1 948.3 944.9 943.7 944.2 942.1 940.7 942.9 941.3 936.6 932.8 933.1 927.1 920.7 912.5 904.5 899 878.3 859.4 852.4 853.2
198.9 200.4 203.1 211.1 226 245.9 266.1 287.3 310.3 331.3 353.9 377.2 405.2 437.1 471.5 507.9 540.9 571.8 606 643 679.5 710.5 733.1 745.1 752.6 761.1 770.1 783.5 793.4 806 816.5 828 841.4 859.3 869.8 886.7 904 921.1 937.5 952.6 971.3 980.9 985.3 991.3 994.4 994.5 991.7 992.5 991 982.7 975.1 966.5 963 953.2 948.1 944.1 938.6 934.7 930.4 927 927.4 925.9 929.3 929.2 927.2 923.2 920.7 916 911.4 911.1 906.1 897.1 885.3 876.6 851.2 834.1 827.5 831.8
199.4 200.2 202.2 207.7 222.6 241.8 257.5 275.4 295.8 317.6 340.7 364.3 390 425.4 456.6 495.6 525.1 555.3 594 638.2 669.4 706.3 742.3 766 775 780.3 787 800.4 811.8 823.6 832.7 845 859.9 875.2 889.7 902.5 916.7 931.7 945.3 958.4 970.3 977.1 979.7 979.4 978.3 975.1 978.1 976.3 970 965.1 959.1 952.3 942.4 935 933.4 928.5 919.8 917.5 913.7 910.2 909.5 912.6 914.6 915.1 910.1 907.3 901.8 896.2 892.6 893.5 886.4 878.6 863.3 846.4 819.6 810.2 808.8 813
199.3 199.5 201.1 206.9 219.6 232.2 246.8 263.8 284.3 307 330.7 355.3 381.8 413.2 445.1 478.2 509.5 542.1 578.4 623 659.5 695.9 728.6 774.8 791.4 800.6 808.9 818 827 836.3 847.5 860.8 872.7 887 898.1 913.6 924.4 939.8 951.7 956.4 961.9 967.5 967.2 961.7 957.9 956.3 954 951.3 946.1 940.6 935.3 930 927.6 920.4 915.6 909.8 906.4 901.2 895.2 893.8 895.3 896.9 897.4 894.4 889.9 886.4 881.7 876.8 877 874.3 866.3 856.9 843.6 815.6 795.1 785.7 784.2 788.3
199.9 200.8 202.1 208 216.6 224.4 238.2 253.4 274.1 295.6 319.6 345.3 375.3 406.4 436.8 468.6 500.5 528.4 565.2 606 643.2 675.6 718.7 761.8 802.6 815.6 824.4 834.7 843.8 851.1 865 876.7 889.3 901.6 914.6 926 936.1 946.7 955.3 956.2 952.2 947 938.6 934.1 934.3 935.4 932.5 932.5 928.9 926.1 923.1 915.5 908.9 905 900.5 894 887.8 882.8 876.8 872.2 876.1 877.8 878 876 873.3 869.6 862.8 859.8 855.3 852.8 843.7 836.1 815.6 789.8 776 767.9 765.4 766.9
200.4 201.7 203 205.8 208 217.4 230.9 245.6 263.6 286.4 312.7 338 366.3 398.3 428 456.8 484.5 516.3 551.6 589.2 630.2 671.5 718.8 777.2 809.5 828.2 839.3 849.7 858.5 866.4 876.9 888.1 902.5 914.7 925.7 937.9 947 957.7 956.8 933.1 919.4 910.8 903.4 898.3 906.9 914.6 912.7 909.8 910 908.7 906.5 901.7 892.8 884.7 878.3 874.9 868.4 863.4 861 857.7 857.5 857.3 861.2 860.1 858.2 851.5 843.3 841.3 834.9 826.6 815.8 806.2 776.3 762.9 750.5 750.2 749.3 748.7
200.4 201.1 201.9 203 205.7 215.4 224.3 235.6 253.1 275.9 300 329.7 362.9 390.6 416.3 444.1 476.6 507 541.2 576.7 619.8 665 712.3 775 811.8 835.2 850.9 860.6 870.2 880.5 892.7 905.2 916.3 927.2 937.9 948.4 953.9 947.8 931.5 919 897.3 885.2 873.4 863.1 869.3 881.7 880.8 875.1 871.9 879.8 884.5 881.5 873.5 866 862.4 857.3 849.4 842 844.2 842.3 844.6 843.6 841.3 839 838.7 833.6 828.2 823 811.3 801.6 783.1 770.1 755 741.4 736 735.4 736.4 737.8
200.3 200.7 201 202 203.8 209.8 220.3 228.2 244.4 267.6 301.7 335.4 361.9 377.9 403.9 431 460.8 493.4 528.6 569.4 606.2 642.4 685.8 766.4 809.7 840.6 854.6 866.4 881.6 892.5 905.6 916.4 929.5 940.2 947.6 950.9 948.8 926.1 908.8 891.1 871.1 853.7 839.5 833 834.2 839.9 843.7 840.5 834.5 841 845.4 843.2 845.6 839.3 837.7 833.7 827.7 830.2 829.1 831.9 831.1 830.4 827.2 827.2 823.1 817.8 811.8 802.3 785.8 769.3 759.1 745.4 731.9 726.2 722.3 722.2 725.4 727.6
199.5 200 200.9 201.6 202.5 208.3 214.8 221.7 238.4 269 304.3 339.8 352.6 364.4 387.7 415.8 448.7 484.2 520.5 555.6 589.4 633.4 682.5 739.6 769.2 818 847.3 869.8 887.2 900.7 913.7 926 937.5 948 954 948 919.5 895.5 879.9 858.2 838.3 819.3 810.3 807.9 807.6 801.9 796 797.2 794.8 794.3 797.3 800.9 805 804.5 803.8 806.6 808.4 813.8 814 821.5 821.6 819.5 819.1 818.1 813.4 805.3 794.5 782.9 766.2 748.7 738.2 723 715.9 711.7 708.6 709.5 713.8 716.1
200.2 199.6 199.3 199.9 201.5 207.2 214.7 217.9 236.5 268 303.2 337.1 357.2 361.2 382.5 411.1 442.6 476.4 510 545.8 587.2 639.9 692 738.8 778.3 815.1 844.6 869.8 887.2 904 916.8 929.9 940.3 951.8 951 922.5 894.3 868.5 847.7 824.3 804.4 785.3 782 784.8 776 764.4 759.9 758.6 757.2 759.6 761.1 766.2 770.8 772 777.2 781.3 788.3 796.9 799.6 802.8 803.5 807.8 808 804.7 799.1 791.9 775.4 758.9 742.8 730.1 718.9 705.4 698.1 698.1 697.2 698 702 704.8
201.7 200.2 199.1 200 204.7 206.2 214.5 219.8 234.5 257.1 296.1 332.4 358.2 362.4 382.2 404.9 432.2 462.8 499 542 592.9 628.9 702.1 745.8 758.8 792.5 826.4 864.8 888.4 905.5 920.1 930.6 943.3 952.3 932.2 897.2 864.2 835.3 819.3 804.8 774.7 754.5 748.5 753 750 746.6 732.5 727.9 727.8 730.9 742.5 747.1 752.4 753.7 756.3 759.6 762.4 773.1 782.4 789.6 792.4 791.1 790.2 786.3 779.4 771 761.6 749.2 731.3 716.1 702.9 692.3 685.2 686.1 687 688.7 693.3 694.9
203 201.9 200.2 199.9 202.8 203.5 208 212.2 229.7 260.6 295.4 331.1 351.8 358.2 376 400.3 427.5 457.7 486.4 536.8 557.8 599.8 651.6 686.3 731.7 764.7 817.8 867.8 891.2 908.8 924.4 936 943.4 934.6 897.6 870.8 829.2 808.8 795.8 779 761.1 729.9 720.3 720.8 722.8 715.4 701.6 698.5 708.2 716.1 719.1 723 728 726.3 728.6 732.7 739.9 757.5 768.3 775.1 779.2 779.8 779 775.7 769.3 752.6 748.9 741.8 721.3 704.1 690.1 679.9 674.6 675.1 674.5 680 682.9 687
205.2 203.3 201.9 200.1 200.1 201 202.5 206.8 230.4 256.3 291.5 326.7 341.8 353.9 374.3 400.2 421.2 451.4 503 541.8 587.1 642.4 675.8 719.6 737.1 772.3 824.3 869.4 892.6 912 927 936.8 938 910.8 874 832.5 801.9 787.8 778 762.6 744.4 711.1 697.8 691 691 686.4 683.5 681.1 680.9 683.8 691.2 696.8 693.4 702.8 708.1 715.5 729.8 745.5 752.6 762.6 765.8 766.7 771.3 765.8 755.1 734.7 731.2 724.1 707.8 689.2 677.1 666.8 661.2 661.9 661.3 668.6 673.4 679.5
207.6 204.6 202.8 201.4 198.6 200.3 201.1 202.6 224.1 248.5 282.9 314.1 332.1 349.7 366.2 384.6 411.7 448.1 502.7 558.9 603 670.4 709.8 744.2 768 797.8 834.1 870.9 894.8 912.3 926.9 933.6 919 882.6 845.4 810.7 792.8 779.6 764.8 729 704.6 686.6 679.7 678 672.7 673.1 670.8 665.4 661.9 665.7 671.3 670.7 680.5 689.7 696.7 703.5 722.5 726.6 738.8 747.8 753.2 759.8 760.4 746.4 732.2 718.5 712.2 700.7 690.2 674.1 664.5 651.7 647.1 649.2 651.6 659.9 664.9 668.5
209.1 205.3 203.3 201.1 199.7 200.2 200.9 202.2 213.5 236.5 272.7 302.3 327.7 339.2 352 379.3 405.8 445.1 490.3 533.1 604.4 654.5 691.6 722.5 760.1 799.6 840.4 872.6 895.3 913.6 929.7 939.2 908.3 867.2 832.4 801.7 778.8 759.7 737.6 713.1 692 678 669.4 666.1 668.4 666.5 657.7 655.6 655.6 659.3 662.9 666.8 678.6 685.9 687.7 693.6 706.5 716.7 723.9 736.4 751.6 752.4 741.8 726.8 711 704.5 696.7 684.4 677.3 654.4 645.1 631.3 633.7 637.3 640.4 648.2 654.6 661.1
209.8 205.2 202.7 200.6 199.6 200.6 201 203.9 211.5 229.7 253.6 280.4 303.4 319.8 343.8 365.6 399.2 465.8 497.7 540 596.9 628.4 683.3 713.6 755.1 805 836 864.1 891.6 914 936 945.4 906.5 872.9 843.4 820.8 809.3 793.2 734.5 711.2 688.3 671 668 664.7 657 656.4 655.6 655.6 655.6 661.7 664.9 668.6 679.9 685.1 674.6 677.3 683.1 696.2 710.4 729.2 736.3 731.5 719.5 703.9 686.2 683.6 679.8 671.9 660.5 636.7 628.5 614.8 622.2 624.4 630.1 638.9 641.7 645.2
208.8 205 202.4 201 199.6 200.5 201.3 204.7 212.5 226.3 242.1 267.2 291 312 333.8 358.5 396.6 441.1 488.7 546.2 600.1 635.9 669.5 701.5 759.2 786.3 808.4 837.1 875.8 911.7 940.6 951.6 917.9 892.1 872.7 858.7 845.3 780.5 740.9 705.6 687.2 672.3 666.2 660.3 655.6 655.6 655.6 655.6 655.6 659.5 672 674.5 673.6 672.6 659.2 654.7 658.7 672.4 691.5 697.8 705.5 697.2 684.5 673.7 665.2 665.9 656.3 652.1 646.5 619.8 607.7 602.2 607.7 612 616 626.2 631.5 634.8
209.8 203.7 201.9 201.1 199.8 200.8 201.3 203.4 213 227.4 245.1 268 286.7 309.4 335.7 360.3 395 436.8 477.7 543.1 573.1 622.7 661.5 682.3 715.2 753.3 782.3 820.9 855.2 890.4 930.5 959.2 945.1 920.4 904.3 892.8 879.4 836.2 770.1 723.2 701.8 681.1 667.3 665.4 673.2 670.3 666.3 655.6 655.6 655.6 661.3 666.4 663.5 656.9 642.8 639.1 648 654.3 664.5 678.6 688.2 669.5 660.2 646.9 644.5 648.3 639.3 634 621.7 602.2 587.2 590.4 596.9 598.5 605 615.3 618.1 620.9
206.7 202.3 201.2 200.7 199.8 200.6 201.3 204.9 210.8 226.4 246.7 268 290.4 313.2 332.8 361.3 399.9 437.3 461 502.8 554.6 593.9 625.4 670.4 700.2 738.1 776.3 818.7 865.9 899.7 941.5 963.9 972.8 971.1 946.4 931.3 899.8 861.2 797.5 769.5 738.1 701.6 683.1 681.2 674.2 678.2 679 660.5 655.4 655.2 650.4 645 644.8 627.3 622.5 627.8 635.7 640.9 647.1 660.6 669 644.1 633.9 630.4 629.7 634 618.9 614.4 591.5 583.9 574.5 583.8 587.3 588.6 594.3 602.7 605.1 609.8
204.4 202 200.8 200.3 199.1 200.6 201.6 205 213.4 226.5 243.4 260.5 286.7 310 332.2 368 405.4 442.7 487.5 522.9 569 600.7 643.9 676.7 712.2 760.8 795.7 832.2 864.6 904.4 946.5 967 974.3 976.9 974 958.1 921.6 867.6 822.1 809.8 770.8 730.3 727.8 707.8 703.3 688.2 679.8 679 663.8 657.4 652.5 638.7 628.2 617 612 616.9 617.7 623 637 651.2 649.2 628.6 616.8 621.1 616 616.2 613 594.7 584.8 572.3 566.5 574.2 576.9 574.5 582.7 588.5 594.2 600.4
204.1 201.6 201 200.8 200.4 200.4 200.5 203.8 210.3 221.8 243.5 264 291.4 314.9 340.6 370.1 406.5 455 491.8 531.1 597.7 616.5 651.9 691.3 733.5 766.8 813.5 855.4 886.9 929 955.6 967.8 967.7 965.6 961.8 952.2 932.7 883.1 865.2 830.7 785.3 767.2 758.7 752.5 744.1 735.3 727.4 696.5 671.2 667.7 658 637.8 629.3 620.7 613.6 598.6 603.2 610.2 627.4 639.7 631.7 615.8 603.8 595.4 594.9 591.5 601.4 584.6 574.5 561.5 558 566 565.7 563.3 572 578.1 586.7 587.6
205.2 201.6 201.1 200.9 200.8 200.4 200.6 201.9 209.6 221.5 244.5 267.6 291.9 318.4 345.6 376.1 409 446 484 522.6 564 597.7 635.7 680.4 723.7 762.4 804.6 847 889.8 930.8 960.6 963.2 957.6 950.2 943.9 938.8 923.9 909.8 889.5 841.8 810.7 799.2 793.5 798.4 783.9 762.5 751.6 736.2 692.6 669.1 647.7 634 622.6 611.1 601.4 581.7 583 590.8 615 614.9 609 604 595.4 585.9 583.5 588.1 588.3 575 565.5 554.6 554.5 554.3 552.6 555.1 563.6 568.4 572.1 576.3
204.9 201.7 200.9 200.8 200.6 200.3 201.2 202 206.5 221.7 245.4 267.4 290.6 316.9 346.6 376.8 414.2 447.5 480.9 516.1 559 595.7 656.2 707.1 739.6 777 829.3 858.9 897.9 946 961.4 959.2 948.5 935.8 928.8 921.2 910.7 900.4 887.2 869.6 861.7 840.8 815.5 794.1 771.4 753.8 738.2 724.7 686.2 664.6 637.9 629.2 608.9 595.5 583.5 568.4 570.3 568.4 582.7 591.8 593.2 590.6 586.6 580.4 576 577.8 576.3 565.3 557 551.4 549.2 547.4 543.6 550.2 554.8 559 562.9 568
205.5 201.8 201.3 200.8 199 200.1 201.1 202.2 208.6 220.9 244.5 263.4 280.5 309.8 339.8 373.3 416.7 451.4 487 523.9 561.9 600.8 640.1 702.8 746.1 788.7 820.8 873.1 920.4 950.5 946.5 942.5 929.7 921.3 913.4 906.5 899.6 890.4 876.7 864.8 849.7 830.2 804.8 778.7 755.5 736 715.5 695.3 666.9 639.2 629.6 612.1 589.9 574.5 563.6 553.4 550.4 562 573.2 584.2 579.8 576.5 574 572.9 568.2 566.2 562.4 555.2 551.4 548 543.8 542.2 537.1 544.1 548.1 551 552.8 556.9
205.1 202.2 201.1 200.8 199.9 200.2 201.4 202 205.7 219.1 235.2 256.7 280.1 303 333.8 373.9 411 443.1 478.7 523.3 557.5 601.1 656.1 693.8 728.7 767.1 808.1 853.5 885.1 936.1 927.3 917.2 908.2 901.8 896.5 895.6 885.9 877.4 866 850 831.9 812.7 789.6 759.7 731.9 705.5 685.2 663.8 645.3 627.8 606.7 594.9 574.5 551 542.3 537.9 540.3 551.8 564.8 572.5 570.7 568.6 568.5 564.3 560.2 559.9 553.2 550.7 547.5 541.1 539.5 534.5 532.2 538.8 539.2 541 541.9 546.2
205.3 202.6 201.5 201.1 200.7 201 201.4 202 202.8 216.2 232.9 252.8 280.1 304.2 334.2 368.2 398.8 432 471.6 504.5 535.9 574.8 636.7 668.7 709.9 745.4 783.9 826.2 871.6 912.1 902.9 893.5 888.5 884.9 880.4 875.9 868 859.4 845.7 830 800.2 789.2 769.3 730.1 703.6 673.5 658.6 652.1 620.6 600.7 592.3 578.8 549.6 533.2 527.3 521.6 519.2 526.8 543.5 551.4 554.1 560.9 560.2 557.1 550.2 547.6 548.7 547.8 543.2 535.8 534.1 527.6 527 527.3 526.9 532.9 530.8 534
208.6 203.6 202.4 201.6 201.1 201.1 201.5 202 203.4 213.6 231.6 249.9 277.7 305.1 335.2 366.9 397.9 425.5 462.9 500.3 549.3 595.1 635.9 684.4 717.3 752.8 801.5 840.1 886.2 893.6 878.2 869.5 863.8 862.3 859.1 850.6 843.8 828.3 813.9 793.1 760.6 745.1 721.6 690.4 666.7 643.9 624.2 621.7 587.3 579.4 569.4 543.7 522 515 512.5 508.8 499.7 510.3 517 521.8 540.6 547.9 549.5 545.7 541.7 543.1 545.7 542.9 536 530.4 525 519.9 518.7 516.6 517.7 518.1 518.8 520.8
216 211.4 205.3 203.1 202.2 201.7 202 202.3 207.5 213.8 231.3 253.6 278.7 304.3 331.3 359.7 387.1 420.5 457.7 498.1 549.3 593.6 633 688.2 741.2 777.5 814.6 865.5 876.2 865.7 852.4 843 841.4 837.9 827.9 821.6 808.8 788.4 775 752.1 736.9 701.2 676.1 655.7 633 610.1 595.3 593.7 571.5 557.3 530.4 518.9 505 501.6 496.4 492.8 479.5 487.2 500 507.5 521.1 532.4 537.3 532 535.5 539.8 538.2 534.2 527.9 520.6 514 510.5 508.1 506.7 503.8 505.7 507.7 507.8
228.8 218.4 211.6 205.2 202.8 202 202.2 202.7 208.2 218.4 232 251.5 275.6 299 325.8 355.5 387 422.3 452.5 490.2 527.8 567.7 607.9 659 703.9 754.8 791.3 847.7 855.4 846.7 834 822.1 813.7 801.8 799 788.7 773.2 752.3 731.3 720.4 699.1 665 648.1 625 604.7 582.3 560.4 546.6 542 521.3 510.3 496.2 490.5 490 484 476 470.3 468.3 482 494.8 507.5 518.8 527.3 524.6 531.2 530.9 526.6 522.6 517.4 509.5 504 500.6 497.5 493.4 494.3 491.4 494.5 488.7
241 229 212.6 205.2 202.8 202 202.7 203.1 206.7 216.6 228.2 249.1 266.1 293 322.5 349.6 392.1 426.6 461.6 495.4 535.5 573.1 623.8 663.7 702.4 743.9 787.6 835.4 830.8 823.3 813 800 789.4 776.8 766.8 754 733.3 707.6 691.8 676.5 655.8 631.4 619.6 607.2 579.6 560.3 547.2 530.8 518 504.4 490 482 474.7 471.8 467.8 462.4 457.3 457.8 467.4 479.1 497.5 505.3 506.5 512 513 514.1 512.3 507.7 502.9 496.1 494 486.9 479.4 477.7 476.3 474.6 472.6 466.7
260.3 242.1 219.6 206.8 203.1 202.3 202.5 203 206.5 212.3 220 238.6 262 287.5 310 344.6 391.2 428.4 469.3 501.3 535.9 574.9 621.2 653.7 700.4 743.6 798.8 814.8 810 800.3 788.7 777 761.3 750.7 732.8 717.2 692.4 672.9 657.1 633.9 619.2 603.9 589.6 578.3 548.7 530.3 517.4 507.4 499.7 487.8 474.3 466.7 459.3 455.9 449.2 447.3 444.1 444.1 451.8 459.3 470.2 479.7 488 487.6 492.3 494.6 494 490.9 484.5 476.8 473.3 467.4 463.3 460.5 463.8 458.6 450.4 448.7
267 251.5 228.6 210.2 203.6 202.6 202.7 202.7 205 209.2 213.5 232.9 258.2 277.9 308.1 337.9 371.7 437.4 472.5 499.9 532.5 572.1 642.4 673.2 710.8 773.3 789.5 794.3 785.3 778.9 762.6 745.3 729.2 705.2 687.8 671.3 653.8 637.5 621.5 600.5 586.4 575.8 562.8 542.4 517.3 507 495.9 489.1 482.3 468.4 459.7 453.4 446.4 441.3 435.2 431.7 429 427.8 438.3 443.8 452.9 462 462.1 466.8 469.3 471.9 471.7 468.3 462.1 455.3 453.3 448 444.5 441.5 438.5 437.3 436.2 430.9
267.7 250.3 230.8 214.3 205.4 201.8 202.6 202.7 204.6 206.6 210.8 224.5 253.9 272.7 307.5 332.8 365 433.5 475 501.2 530.1 567.7 615.2 656 688.3 735.9 783.9 770.9 759.9 746.8 729.4 709.2 689.2 660.2 645.3 633.9 622.7 605.4 583.4 567.4 556 543.8 529 512.5 497.7 486.5 478.4 473.7 458.5 448.6 443.5 439.2 433.7 426.3 424.2 418.5 411.8 412.9 419 428.5 428.7 435.7 441.3 445.8 449.7 448.8 448.5 444.1 441.6 437.8 434.1 429.8 429.8 426 424.6 420.1 419.6 415.4
