Game/Highland_Data/StreamingAssets/GeoData/Data/sh/SH67.asc
ncols 200
nrows 200
xllcorner 260000
yllcorner 370000
cellsize 50
[rows 114 to 151 of 200, columns 0 to 84 of 200]
-2.3 -2.3 -2.3 -2.3 -2.3 -2.3 -2.3 -2.3 -2.3 -2.3 -2.3 -2.3 -2.3 -2.3 -2.3 -2.3 -2.3 -2.3 -2.3 -2.3 -2.3 -2.3 -2.3 -2.3 -2.3 -2.3 -2.3 -2.3 -2.3 -2.3 -2.3 -2.3 -2.3 -2.3 -2.3 -2.3 -2.3 -2.3 -2.3 -2.3 -2.3 -2.3 -2.3 -2.3 -2.3 -2.3 -2.3 -2.3 -2.3 -2.3 -2.3 -2.3 -2.3 -2.3 -2.3 -2.3 -2.3 -2.3 -2.3 -2.3 -2.3 -2.3 -2.3 -2.3 -2.3 -2.3 -2.3 -2.3 -2.3 -2.3 -2.3 -2.3 -2.3 -2.3 -2.3 -2.3 -2.3 -2.3 -2.3 -2.3 -2.3 -2.3 -2.3 -2.3 -2.3
-2.3 -2.3 -2.3 -2.3 -2.3 -2.3 -2.3 -2.3 -2.3 -2.3 -2.3 -2.3 -2.3 -2.3 -2.3 -2.3 -2.3 -2.3 -2.3 -2.3 -2.3 -2.3 -2.3 -2.3 -2.3 -2.3 -2.3 -2.3 -2.3 -2.3 -2.3 -2.3 -2.3 -2.3 -2.3 -2.3 -2.3 -2.3 -2.3 -2.3 -2.3 -2.3 -2.3 -2.3 -2.3 -2.3 -2.3 -2.3 -2.3 -2.3 -2.3 -2.3 -2.3 -2.3 -2.3 -2.3 -2.3 -2.3 -2.3 -2.3 -2.3 -2.3 -2.3 -2.3 -2.3 -2.3 -2.3 -2.3 -2.3 -2.3 -2.3 -2.3 -2.3 -2.3 -2.3 -2.3 -2.3 -2.3 -2.3 -2.3 -2.3 -2.3 -2.3 -2.3 -2.3
-2.3 -2.3 -2.3 -2.3 -2.3 -2.3 -2.3 -2.3 -2.3 -2.3 -2.3 -2.3 -2.3 -2.3 -2.3 -2.3 -2.3 -2.3 -2.3 -2.3 -2.3 -2.3 -2.3 -2.3 -2.3 -2.3 -2.3 -2.3 -2.3 -2.3 -2.3 -2.3 -2.3 -2.3 -2.3 -2.3 -2.3 -2.3 -2.3 -2.3 -2.3 -2.3 -2.3 -2.3 -2.3 -2.3 -2.3 -2.3 -2.3 -2.3 -2.3 -2.3 -2.3 -2.3 -2.3 -2.3 -2.3 -2.3 -2.3 -2.3 -2.3 -2.3 -2.3 -2.3 -2.3 -2.3 -2.3 -2.3 -2.3 -2.3 -2.3 -2.3 -2.3 -2.3 -2.3 -2.3 -2.3 -2.3 -2.3 -2.3 -2.3 -2.3 -2.3 -2.3 -2.3
-2.3 -2.3 -2.3 -2.3 -2.3 -2.3 -2.3 -2.3 -2.3 -2.3 -2.3 -2.3 -2.3 -2.3 -2.3 -2.3 -2.3 -2.3 -2.3 -2.3 -2.3 -2.3 -2.3 -2.3 -2.3 -2.3 -2.3 -2.3 -2.3 -2.3 -2.3 -2.3 -2.3 -2.3 -2.3 -2.3 -2.3 -2.3 -2.3 -2.3 -2.3 -2.3 -2.3 -2.3 -2.3 -2.3 -2.3 -2.3 -2.3 -2.3 -2.3 -2.3 -2.3 -2.3 -2.3 -2.3 -2.3 -2.3 -2.3 -2.3 -2.3 -2.3 -2.3 -2.3 -2.3 -2.3 -2.3 -2.3 -2.3 -2.3 -2.3 -2.3 -2.3 -2.3 -2.3 -2.3 -2.3 -2.3 -2.3 -2.3 -2.3 -2.3 -2.3 -2.3 -2.3
-2.3 -2.3 -2.3 -2.3 -2.3 -2.3 -2.3 -2.3 -2.3 -2.3 -2.3 -2.3 -2.3 -2.3 -2.3 -2.3 -2.3 -2.3 -2.3 -2.3 -2.3 -2.3 -2.3 -2.3 -2.3 -2.3 -2.3 -2.3 -2.3 -2.3 -2.3 -2.3 -2.3 -2.3 -2.3 -2.3 -2.3 -2.3 -2.3 -2.3 -2.3 -2.3 -2.3 -2.3 -2.3 -2.3 -2.3 -2.3 -2.3 -2.3 -2.3 -2.3 -2.3 -2.3 -2.3 -2.3 -2.3 -2.3 -2.3 -2.3 -2.3 -2.3 -2.3 -2.3 -2.3 -2.3 -2.3 -2.3 -2.3 -2.3 -2.3 -2.3 -2.3 -2.3 -2.3 -2.3 -2.3 -2.3 -2.3 -2.3 -2.3 -2.3 -2.3 -2.3 -2.3
-2.3 -2.3 -2.3 -2.3 -2.3 -2.3 -2.3 -2.3 -2.3 -2.3 -2.3 -2.3 -2.3 -2.3 -2.3 -2.3 -2.3 -2.3 -2.3 -2.3 -2.3 -2.3 -2.3 -2.3 -2.3 -2.3 -2.3 -2.3 -2.3 -2.3 -2.3 -2.3 -2.3 -2.3 -2.3 -2.3 -2.3 -2.3 -2.3 -2.3 -2.3 -2.3 -2.3 -2.3 -2.3 -2.3 -2.3 -2.3 -2.3 -2.3 -2.3 -2.3 -2.3 -2.3 -2.3 -2.3 -2.3 -2.3 -2.3 -2.3 -2.3 -2.3 -2.3 -2.3 -2.3 -2.3 -2.3 -2.3 -2.3 -2.3 -2.3 -2.3 -2.3 -2.3 -2.3 -2.3 -2.3 -2.3 -2.3 -2.3 -2.3 -2.3 -2.3 -2.3 -2.3
-2.3 -2.3 -2.3 -2.3 -2.3 -2.3 -2.3 -2.3 -2.3 -2.3 -2.3 -2.3 -2.3 -2.3 -2.3 -2.3 -2.3 -2.3 -2.3 -2.3 -2.3 -2.3 -2.3 -2.3 -2.3 -2.3 -2.3 -2.3 -2.3 -2.3 -2.3 -2.3 -2.3 -2.3 -2.3 -2.3 -2.3 -2.3 -2.3 -2.3 -2.3 -2.3 -2.3 -2.3 -2.3 -2.3 -2.3 -2.3 -2.3 -2.3 -2.3 -2.3 -2.3 -2.3 -2.3 -2.3 -2.3 -2.3 -2.3 -2.3 -2.3 -2.3 -2.3 -2.3 -2.3 -2.3 -2.3 -2.3 -2.3 -2.3 -2.3 -2.3 -2.3 -2.3 -2.3 -2.3 -2.3 -2.3 -2.3 -2.3 -2.3 -2.3 -2.3 -2.3 -2.3
-2.3 -2.3 -2.3 -2.3 -2.3 -2.3 -2.3 -2.3 -2.3 -2.3 -2.3 -2.3 -2.3 -2.3 -2.3 -2.3 -2.3 -2.3 -2.3 -2.3 -2.3 -2.3 -2.3 -2.3 -2.3 -2.3 -2.3 -2.3 -2.3 -2.3 -2.3 -2.3 -2.3 -2.3 -2.3 -2.3 -2.3 -2.3 -2.3 -2.3 -2.3 -2.3 -2.3 -2.3 -2.3 -2.3 -2.3 -2.3 -2.3 -2.3 -2.3 -2.3 -2.3 -2.3 -2.3 -2.3 -2.3 -2.3 -2.3 -2.3 -2.3 -2.3 -2.3 -2.3 -2.3 -2.3 -2.3 -2.3 -2.3 -2.3 -2.3 -2.3 -2.3 -2.3 -2.3 -2.3 -2.3 -2.3 -2.3 -2.3 -2.3 -2.3 -2.3 -2.3 -2.3
-2.3 -2.3 -2.3 -2.3 -2.3 -2.3 -2.3 -2.3 -2.3 -2.3 -2.3 -2.3 -2.3 -2.3 -2.3 -2.3 -2.3 -2.3 -2.3 -2.3 -2.3 -2.3 -2.3 -2.3 -2.3 -2.3 -2.3 -2.3 -2.3 -2.3 -2.3 -2.3 -2.3 -2.3 -2.3 -2.3 -2.3 -2.3 -2.3 -2.3 -2.3 -2.3 -2.3 -2.3 -2.3 -2.3 -2.3 -2.3 -2.3 -2.3 -2.3 -2.3 -2.3 -2.3 -2.3 -2.3 -2.3 -2.3 -2.3 -2.3 -2.3 -2.3 -2.3 -2.3 -2.3 -2.3 -2.3 -2.3 -2.3 -2.3 -2.3 -2.3 -2.3 -2.3 -2.3 -2.3 -2.3 -2.3 -2.3 -2.3 -2.3 -2.3 -2.3 -2.3 -2.3
-2.3 -2.3 -2.3 -2.3 -2.3 -2.3 -2.3 -2.3 -2.3 -2.3 -2.3 -2.3 -2.3 -2.3 -2.3 -2.3 -2.3 -2.3 -2.3 -2.3 -2.3 -2.3 -2.3 -2.3 -2.3 -2.3 -2.3 -2.3 -2.3 -2.3 -2.3 -2.3 -2.3 -2.3 -2.3 -2.3 -2.3 -2.3 -2.3 -2.3 -2.3 -2.3 -2.3 -2.3 -2.3 -2.3 -2.3 -2.3 -2.3 -2.3 -2.3 -2.3 -2.3 -2.3 -2.3 -2.3 -2.3 -2.3 -2.3 -2.3 -2.3 -2.3 -2.3 -2.3 -2.3 -2.3 -2.3 -2.3 -2.3 -2.3 -2.3 -2.3 -2.3 -2.3 -2.3 -2.3 -2.3 -2.3 -2.3 -2.3 -2.3 -2.3 -2.3 -2.3 -2.3
-2 -2.3 -2.3 -2.3 -2.3 -2.3 -2.3 -2.3 -2.3 -2.3 -2.3 -2.3 -2.3 -2.3 -2.3 -2.3 -2.3 -2.3 -2.3 -2.3 -2.3 -2.3 -2.3 -2.3 -2.3 -2.3 -2.3 -2.3 -2.3 -2.3 -2.3 -2.3 -2.3 -2.3 -2.3 -2.3 -2.3 -2.3 -2.3 -2.3 -2.3 -2.3 -2.3 -2.3 -2.3 -2.3 -2.3 -2.3 -2.3 -2.3 -2.3 -2.3 -2.3 -2.3 -2.3 -2.3 -2.3 -2.3 -2.3 -2.3 -2.3 -2.3 -2.3 -2.3 -2.3 -2.3 -2.3 -2.3 -2.3 -2.3 -2.3 -2.3 -2.3 -2.3 -2.3 -2.3 -2.3 -2.3 -2.3 -2.3 -2.3 -2.3 -2.3 -2.3 -2.3
-1.7 -2 -2.1 -2.2 -2.2 -2.3 -2.3 -2.3 -2.3 -2.3 -2.3 -2.3 -2.3 -2.3 -2.3 -2.3 -2.3 -2.3 -2.3 -2.3 -2.3 -2.3 -2.3 -2.3 -2.3 -2.3 -2.3 -2.3 -2.3 -2.3 -2.3 -2.3 -2.3 -2.3 -2.3 -2.3 -2.3 -2.3 -2.3 -2.3 -2.3 -2.3 -2.3 -2.3 -2.3 -2.3 -2.3 -2.3 -2.3 -2.3 -2.3 -2.3 -2.3 -2.3 -2.3 -2.3 -2.3 -2.3 -2.3 -2.3 -2.3 -2.3 -2.3 -2.3 -2.3 -2.3 -2.3 -2.3 -2.3 -2.3 -2.3 -2.3 -2.3 -2.3 -2.3 -2.3 -2.3 -2.3 -2.3 -2.3 -2.3 -2.3 -2.3 -2.3 -2.3
-1.4 -1.7 -1.7 -1.8 -1.9 -2 -2.1 -2.1 -2.3 -2.3 -2.3 -2.3 -2.3 -2.3 -2.3 -2.3 -2.3 -2.3 -2.3 -2.3 -2.3 -2.3 -2.3 -2.3 -2.3 -2.3 -2.3 -2.3 -2.3 -2.3 -2.3 -2.3 -2.3 -2.3 -2.3 -2.3 -2.3 -2.3 -2.3 -2.3 -2.3 -2.3 -2.3 -2.3 -2.3 -2.3 -2.3 -2.3 -2.3 -2.3 -2.3 -2.3 -2.3 -2.3 -2.3 -2.3 -2.3 -2.3 -2.3 -2.3 -2.3 -2.3 -2.3 -2.3 -2.3 -2.3 -2.3 -2.3 -2.3 -2.3 -2.3 -2.3 -2.3 -2.3 -2.3 -2.3 -2.3 -2.3 -2.3 -2.3 -2.3 -2.3 -2.3 -2.3 -2.3
-1.2 -1.4 -1.4 -1.4 -1.5 -1.6 -1.7 -1.6 -2 -2.3 -2.3 -2.3 -2.3 -2.3 -2.3 -2.3 -2.3 -2.3 -2.3 -2.3 -2.3 -2.3 -2.3 -2.3 -2.3 -2.3 -2.3 -2.3 -2.3 -2.3 -2.3 -2.3 -2.3 -2.3 -2.3 -2.3 -2.3 -2.3 -2.3 -2.3 -2.3 -2.3 -2.3 -2.3 -2.3 -2.3 -2.3 -2.3 -2.3 -2.3 -2.3 -2.3 -2.3 -2.3 -2.3 -2.3 -2.3 -2.3 -2.3 -2.3 -2.3 -2.3 -2.3 -2.3 -2.3 -2.3 -2.3 -2.3 -2.3 -2.3 -2.3 -2.3 -2.3 -2.3 -2.3 -2.3 -2.3 -2.3 -2.3 -2.3 -2.3 -2.3 -2.3 -2.3 -2.3
-0.9 -1.1 -1 -1.1 -1.2 -1.2 -1.3 -1.2 -1.4 -1.8 -2.2 -2.3 -2.3 -2.3 -2.3 -2.3 -2.3 -2.3 -2.3 -2.3 -2.3 -2.3 -2.3 -2.3 -2.3 -2.3 -2.3 -2.3 -2.3 -2.3 -2.3 -2.3 -2.3 -2.3 -2.3 -2.3 -2.3 -2.3 -2.3 -2.3 -2.3 -2.3 -2.3 -2.3 -2.3 -2.3 -2.3 -2.3 -2.3 -2.3 -2.3 -2.3 -2.3 -2.3 -2.3 -2.3 -2.3 -2.3 -2.3 -2.3 -2.3 -2.3 -2.3 -2.3 -2.3 -2.3 -2.3 -2.3 -2.3 -2.3 -2.3 -2.3 -2.3 -2.3 -2.3 -2.3 -2.3 -2.2 -2.2 -2.2 -2.2 -2.1 -2.1 -2.1 -2
-0.6 -0.8 -0.7 -0.7 -0.8 -0.9 -1 -0.8 -0.9 -1.3 -1.6 -2 -2.3 -2.3 -2.3 -2.3 -2.3 -2.3 -2.3 -2.3 -2.3 -2.3 -2.3 -2.3 -2.3 -2.3 -2.3 -2.3 -2.3 -2.3 -2.3 -2.3 -2.3 -2.3 -2.3 -2.3 -2.3 -2.3 -2.3 -2.3 -2.3 -2.3 -2.3 -2.3 -2.3 -2.3 -2.3 -2.3 -2.3 -2.3 -2.3 -2.3 -2.3 -2.3 -2.3 -2.3 -2.3 -2.3 -2.3 -2.3 -2.3 -2.3 -2.3 -2.3 -2.3 -2.2 -2.2 -2.2 -2.1 -2.1 -2.1 -2 -2 -2 -1.9 -1.9 -1.9 -1.9 -1.8 -1.8 -1.8 -1.7 -1.7 -1.7 -1.6
-0.4 -0.4 -0.4 -0.4 -0.4 -0.5 -0.6 -0.4 -0.3 -0.7 -1.1 -1.5 -1.9 -2.2 -2.3 -2.3 -2.3 -2.3 -2.3 -2.3 -2.3 -2.3 -2.3 -2.3 -2.3 -2.3 -2.3 -2.3 -2.3 -2.3 -2.3 -2.3 -2.3 -2.3 -2.3 -2.3 -2.3 -2.3 -2.3 -2.3 -2.3 -2.3 -2.3 -2.3 -2.3 -2.3 -2.3 -2.3 -2.3 -2.3 -2.3 -2.3 -2.2 -2.2 -2.2 -2.2 -2.1 -2.1 -2.1 -2 -2 -2 -1.9 -1.9 -1.9 -1.8 -1.8 -1.8 -1.7 -1.7 -1.7 -1.6 -1.6 -1.6 -1.6 -1.5 -1.5 -1.5 -1.4 -1.4 -1.4 -1.3 -1.3 -1.3 -1.2
0 -0.1 -0.1 0 -0.1 -0.2 -0.2 -0.1 0.1 -0.2 -0.6 -0.9 -1.3 -1.7 -2.1 -2.3 -2.3 -2.3 -2.3 -2.3 -2.3 -2.3 -2.3 -2.3 -2.3 -2.3 -2.3 -2.3 -2.3 -2.3 -2.3 -2.3 -2.3 -2.3 -2.3 -2.3 -2.3 -2.3 -2.3 -2.3 -2.3 -2.3 -2.3 -2.3 -2.3 -2.3 -2.3 -2.1 -2 -1.9 -1.9 -1.9 -1.9 -1.8 -1.8 -1.8 -1.7 -1.7 -1.7 -1.6 -1.6 -1.6 -1.5 -1.5 -1.5 -1.4 -1.4 -1.4 -1.3 -1.3 -1.3 -1.2 -1.2 -1.2 -1.2 -1.1 -1.1 -1.1 -1 -1 -1 -0.9 -0.9 -0.9 -0.8
0.4 0.2 0.3 0.3 0.3 0.2 0.2 0.3 0.5 0.4 0 -0.4 -0.8 -1.1 -1.5 -2.3 -2.3 -2.3 -2.3 -2.3 -2.3 -2.3 -2.3 -2.3 -2.3 -2.3 -2.3 -2.3 -2.3 -2.3 -2.3 -2.1 -2.1 -2.1 -2.2 -2.2 -2.3 -2.3 -2.3 -2.3 -2.2 -2.3 -2.3 -2 -1.9 -2.3 -2.3 -2 -1.7 -1.7 -1.6 -1.6 -1.5 -1.4 -1.4 -1.4 -1.3 -1.3 -1.3 -1.2 -1.2 -1.2 -1.1 -1.1 -1.1 -1 -1 -1 -0.9 -0.9 -0.9 -0.9 -0.8 -0.8 -0.8 -0.7 -0.7 -0.7 -0.6 -0.6 -0.6 -0.5 -0.5 -0.5 -0.4
0.7 0.5 0.6 0.7 0.6 0.6 0.6 0.7 0.9 0.9 0.5 0.2 -0.2 -0.6 -1 -1.7 -2.3 -2.3 -2.3 -2.3 -2.3 -2.3 -2.3 -2.3 -2.3 -2.3 -2.3 -2.3 -2.3 -2.3 -2.3 -1.9 -1.8 -1.9 -1.9 -1.9 -1.9 -1.9 -1.9 -1.8 -1.8 -1.8 -1.7 -1.6 -1.6 -1.8 -2.3 -2.1 -1.4 -1.4 -1.4 -1.3 -1.2 -1.2 -1.1 -1 -0.9 -0.9 -0.9 -0.8 -0.8 -0.8 -0.7 -0.7 -0.7 -0.6 -0.6 -0.6 -0.6 -0.5 -0.5 -0.5 -0.4 -0.4 -0.4 -0.3 -0.3 -0.3 -0.2 -0.2 -0.2 -0.1 -0.1 -0.1 0
1 0.9 0.9 1 1 0.9 0.9 1.1 1.3 1.4 1.1 0.7 0.3 -0.1 -0.7 -1.3 -2 -2.3 -2.3 -2.3 -2.3 -2.3 -2.3 -2.3 -2.3 -2.3 -2.3 -2.3 -2.3 -2.3 -2.1 -1.7 -1.5 -1.6 -1.6 -1.6 -1.6 -1.6 -1.5 -1.5 -1.4 -1.4 -1.4 -1.3 -1.2 -1.2 -2.3 -2.2 -1.1 -1.1 -1.1 -1.1 -1 -0.9 -0.8 -0.8 -0.7 -0.6 -0.5 -0.4 -0.4 -0.4 -0.3 -0.3 -0.3 -0.3 -0.2 -0.2 -0.2 -0.1 -0.1 -0.1 0 0 0 0.1 0.1 0.1 0.2 0.2 0.2 0.3 0.3 0.3 0.3
1.2 1.2 1.3 1.3 1.4 1.3 1.3 1.5 1.6 1.8 1.6 1.2 0.9 0.3 -0.4 -1 -1.7 -2.3 -2.3 -2.3 -2.3 -2.3 -2.3 -2.3 -2.3 -2.3 -2.3 -2.3 -2.3 -2.3 -1.9 -1.5 -1.3 -1.3 -1.3 -1.3 -1.3 -1.3 -1.2 -1.1 -1.1 -1 -1 -0.9 -0.9 -0.8 -2.3 -2.3 -0.8 -0.8 -0.8 -0.7 -0.7 -0.7 -0.6 -0.5 -0.4 -0.4 -0.3 -0.2 -0.1 0 0 0.1 0.1 0.1 0.2 0.2 0.2 0.3 0.3 0.3 0.4 0.4 0.4 0.5 0.5 0.5 0.6 0.6 0.6 0.6 0.7 0.7 0.7
1.4 1.5 1.6 1.7 1.7 1.7 1.7 1.8 2 2.2 2.2 1.8 1.3 0.6 -0.1 -0.8 -1.5 -2.3 -2.3 -2.3 -2.3 -2.3 -2.3 -2.3 -2.3 -2.3 -2.3 -2.3 -2.3 -2.1 -1.7 -1.4 -1 -1 -1 -1 -1 -1 -0.9 -0.8 -0.7 -0.7 -0.6 -0.6 -0.5 -0.4 -2.3 -2.3 -0.6 -0.4 -0.4 -0.4 -0.4 -0.4 -0.4 -0.3 -0.2 -0.1 0 0 0.1 0.2 0.3 0.4 0.5 0.5 0.6 0.6 0.6 0.7 0.7 0.7 0.8 0.8 0.8 0.9 0.9 0.9 0.9 1 1 1 1.1 1.1 1.1
1.8 1.8 1.9 2 2 2 2.1 2.2 2.4 2.6 2.7 2.2 1.5 0.8 0.1 -0.5 -1.2 -2.3 -2.3 -2.3 -2.3 -2.3 -2.3 -2.3 -2.3 -2.3 -2.3 -2.3 -2.3 -1.9 -1.5 -1.2 -0.8 -0.7 -0.7 -0.7 -0.7 -0.7 -0.6 -0.4 -0.3 -0.3 -0.3 -0.2 -0.1 -0.1 -2.3 -2.3 -0.8 -0.1 -0.1 -0.1 -0.1 -0.1 -0.1 0 0 0.1 0.2 0.3 0.3 0.4 0.5 0.6 0.7 0.8 0.8 0.9 1 1.1 1.1 1.1 1.2 1.2 1.2 1.2 1.3 1.3 1.3 1.4 1.4 1.4 1.5 1.5 1.6
2.1 2.2 2.2 2.3 2.4 2.4 2.4 2.6 2.8 2.8 2.8 2.5 1.8 1.1 0.4 -0.2 -0.9 -1.5 -2.3 -2.3 -2.3 -2.3 -2.3 -2.3 -2.3 -2.3 -2.3 -2.3 -2.1 -1.7 -1.4 -1 -0.6 -0.4 -0.4 -0.4 -0.4 -0.4 -0.2 -0.1 0 0 0.1 0.1 0.2 0.3 -1.7 -2.3 -0.9 0.2 0.2 0.2 0.2 0.2 0.3 0.3 0.3 0.3 0.4 0.5 0.6 0.7 0.7 0.8 0.9 1 1.1 1.1 1.2 1.3 1.4 1.5 1.5 1.6 1.6 1.6 1.7 1.7 1.7 1.8 1.8 1.8 1.9 1.9 2.1
2.4 2.5 2.6 2.6 2.7 2.8 3 2.8 2.8 2.8 2.8 2.8 2.1 1.4 0.7 0.1 -0.5 -1 -1.6 -2.3 -2.3 -2.3 -2.3 -2.3 -2.3 -2.3 -2.3 -2.3 -1.9 -1.5 -1.2 -0.8 -0.5 -0.1 -0.1 -0.1 -0.1 -0.1 0.1 0.2 0.3 0.4 0.5 0.5 0.6 0.6 -1.1 -2.3 -1 0.5 0.5 0.5 0.5 0.5 0.6 0.6 0.6 0.6 0.7 0.7 0.8 0.9 1 1.1 1.1 1.2 1.3 1.4 1.5 1.5 1.6 1.7 1.8 1.9 2 2 2.1 2.1 2.1 2.2 2.2 2.2 2.3 2.4 2.6
2.8 3.3 3.3 4 4.8 8.7 12.6 10.6 3.8 6 2.8 2.8 2.4 1.7 1 0.5 0.1 -0.6 -1.3 -2.3 -2.3 -2.3 -2.3 -2.3 -2.3 -2.3 -2.3 -2.1 -1.7 -1.4 -1 -0.6 -0.3 0.1 0.2 0.2 0.2 0.2 0.3 0.5 0.7 0.8 0.8 0.9 0.9 1 -0.5 -2.3 -1.1 0.7 0.9 0.9 0.9 0.9 0.9 0.9 0.9 0.9 1 1 1.1 1.1 1.2 1.3 1.4 1.5 1.5 1.6 1.7 1.8 1.9 1.9 2 2.1 2.2 2.3 2.4 2.5 2.5 2.6 2.6 2.7 2.8 3 6
9.6 9.3 7.7 8.8 9 10.7 14.5 15.3 14.9 9.2 5.5 2.8 2.7 2 1.5 1.2 0.5 -0.2 -1 -2.1 -2.3 -2.3 -2.3 -2.3 -2.3 -2.3 -2.3 -1.9 -1.5 -1.2 -0.8 -0.5 -0.1 0.3 0.5 0.5 0.5 0.5 0.6 0.8 1 1.1 1.2 1.2 1.3 1.4 0.1 -2.3 -1.3 0.5 1.2 1.2 1.2 1.2 1.2 1.2 1.2 1.3 1.3 1.3 1.3 1.4 1.4 1.5 1.6 1.7 1.8 1.9 1.9 2 2.1 2.2 2.2 2.3 2.4 2.5 2.6 2.7 2.8 4.7 7 7.8 8.1 8 7.5
14 13.9 13 13 13.3 13.6 16.5 18.5 18 17.5 13.4 10.2 2.6 2.6 2.2 1.6 0.8 -0.2 -1.3 -2.3 -2.3 -2.3 -2.3 -2.3 -2.3 -2.3 -2.1 -1.7 -1.4 -1 -0.6 -0.3 0.1 0.4 0.7 0.8 0.8 0.8 0.9 1.1 1.3 1.4 1.5 1.6 1.7 1.7 0.7 -2.2 -1.4 0.4 1.5 1.5 1.5 1.5 1.5 1.5 1.5 1.6 1.6 1.6 1.6 1.6 1.7 1.8 1.8 1.9 2 2.1 2.2 2.2 2.3 2.4 2.5 2.6 2.6 2.7 3.4 5.1 6.8 7.8 8.5 9.2 9.2 8.9 9
16.3 16.8 17.1 17.1 17.5 17.9 18.5 21.3 20.5 19.5 18.6 16.3 13 9.2 2.6 1.6 0.6 -0.5 -1.5 -2.3 -2.3 -2.3 -2.3 -2.3 -2.3 -2.2 -1.9 -1.5 -1.2 -0.8 -0.5 -0.1 0.3 0.6 1 1.1 1.1 1.1 1.2 1.4 1.5 1.8 1.9 2 2 2.1 1.3 -1.6 -1.5 0.3 1.9 1.8 1.8 1.8 1.8 1.8 1.8 1.9 1.9 1.9 1.9 2 2 2 2.1 2.2 2.2 2.3 2.4 2.5 2.6 2.6 2.7 2.9 3.6 5.8 6.7 7 7.3 8 8.6 9.3 9.4 9.5 9.7
18.5 20.7 21.3 21.3 21.7 22.1 22.6 24 22.7 20.4 19.4 18.1 15.7 12.3 4.5 1.6 0.4 -0.8 -2.3 -2.3 -2.3 -2.3 -2.3 -2.3 -2.3 -2.1 -1.7 -1.3 -1 -0.6 -0.3 0.1 0.4 0.8 1.2 1.4 1.4 1.4 1.5 1.7 1.8 2.1 2.2 2.3 2.4 2.4 1.9 -1 -1.6 0.2 2 2.2 2.2 2.2 2.2 2.2 2.2 2.2 2.2 2.2 2.3 2.3 2.3 2.3 2.3 2.4 2.5 2.6 2.6 2.7 2.8 2.8 4.1 5.7 5.2 5.8 6.5 7.3 7.9 8.3 8.7 9.4 9.7 10.4 9.9
22 24.1 26.2 29 29.1 28.7 28.3 27 24.3 21.3 18.5 17.4 15.6 12.8 6 1.7 0.3 -1.1 -2.3 -2.3 -2.3 -2.3 -2.3 -2.3 -2.3 -1.9 -1.5 -1.2 -0.8 -0.5 -0.1 0.3 0.6 1 1.3 1.6 1.7 1.7 1.8 2 2.1 2.3 2.6 2.7 2.8 2.9 2.5 -0.4 -1.7 0.1 1.8 2.5 2.5 2.5 2.5 2.5 2.5 2.5 2.5 2.5 2.6 2.6 2.6 2.6 2.6 2.7 2.7 2.8 3 4.6 5.7 6.2 6.7 6.3 6 5.9 6.4 7.1 8.2 8.7 9.3 10.2 10.5 11.1 10.8
24.8 27.1 29.6 32.6 35.9 37.3 34.4 30.2 25.5 22.1 19.2 16.9 15.8 13.1 4.4 1.6 0.3 -1.1 -2.3 -2.3 -2.3 -2.3 -2.3 -2.3 -2.3 -1.6 -1.4 -1 -0.6 -0.3 0.1 0.4 0.8 1.2 1.5 1.9 2 2 2.1 2.3 2.4 2.6 3.5 12.7 10.2 7.7 4.7 3.9 3.2 2.8 3.9 3.8 3.1 3.3 3.2 2.9 3.1 3.1 3.4 2.9 3.6 5.2 3.6 4.8 4.7 4.9 5.3 5.4 5.7 5.9 6.5 7.4 7.7 7.1 6.8 6.7 7.3 7.8 8.7 9.4 10.3 10.9 11.3 11.9 11.3
29.2 31.8 33.4 37.1 40.7 41.3 37.3 33.3 28.2 24 20.2 17.2 15 8.8 2.5 1.3 0.1 -1 -2.3 -2.3 -2.3 -2.3 -2.3 -2.3 -2.3 -1.3 -0.9 -0.6 -0.4 0 0.3 0.6 1 1.3 1.7 2.1 2.2 2.3 2.4 2.6 2.7 3.8 13.3 11.3 9.1 6.9 4.3 3.6 3.8 3 4.4 4 4.7 4.4 4.9 5.1 4.9 4.9 4.7 3.8 5.1 4.8 4.2 4.5 4.6 5.7 6.5 6.4 6.6 7 7.2 7.8 8.3 8.5 8.6 8.7 8.7 8.9 10.3 10.6 10.7 11.3 11.5 11.6 13.2
33.2 35.3 37 41.3 44.8 44 41.6 36.8 29.7 26.3 22.1 18 14.2 9.1 2.8 1.7 0.6 -0.4 -1.3 -2.3 -2.3 -2.3 -2.3 -2.3 -2.3 -1.3 -0.3 0 0.2 0.4 0.6 0.9 1.2 1.5 1.9 2.2 2.5 2.6 2.7 4.4 10.9 13.5 11.5 9.7 7.5 5.4 3.7 3.2 3.4 3.5 4.1 3.5 4.4 4.5 4.4 4.5 4.5 4.4 4.5 4.7 4.8 4.5 4.7 5 5.7 7 7.7 7.5 7.5 8.1 8.2 8.9 9.6 10.5 10.7 10.7 10.8 10.9 10.6 12.3 11.5 11.8 12.3 12.3 14.3
36.5 38.3 40.7 43.9 46.1 44.4 43 38.4 32.1 28.2 24.5 20.2 15.3 11.2 2.8 2.1 1.1 0.3 -0.8 -2.3 -2.3 -2.3 -2.3 -2.3 -2.3 -1.3 -0.3 0.7 0.8 1 1.2 1.4 1.6 1.9 2.2 2.4 2.7 5.3 10.4 12.9 13.6 12.2 10.2 8.1 6.2 4.5 3.5 3.1 3.1 3.3 3.4 4.1 3.4 3.4 3.9 4.1 4.3 4.1 4.2 4.3 4.4 5.2 5.8 6.3 7 8.5 8.9 8.7 8.5 9.1 9.9 10.2 10.9 11.8 12.7 12.7 12.9 13.1 12 12 12.4 12.6 13.6 15 16
37.4 39.6 41.2 45.8 46.7 46.1 45.3 38.5 33.2 29.2 26.2 22.3 17.2 14.6 8.4 2.7 1.9 1 0 -1.1 -2.3 -2.3 -2.3 -2.3 -2.3 -0.8 -0.3 0.7 1.6 1.7 1.8 2 2.2 2.4 2.6 4 8.7 10.6 12.1 12.7 12.2 10.6 8.6 7.5 6.3 4.4 3.4 3.1 3.2 3.5 3.3 4.2 3.2 3.5 4 4.1 4.3 3.9 3.5 3.7 4.2 5.5 6.8 7.8 8.6 10 10.2 10 10 10.2 10.3 11.5 12.2 13.1 13.8 13.6 14.1 14.6 13.1 12.9 13.2 13.5 15.1 17.2 18.1
38.5 40.8 43.2 46.6 48.3 48.9 46 39.3 33.3 30.7 28.4 25.4 18.6 15.5 11.5 9.4 3.9 2 1 -0.2 -1.2 -2.3 -2.3 -2.3 -2.3 -0.1 1 1.4 1.8 2.5 2.6 2.7 2.8 5.6 7.7 8.8 10.6 11.6 11.5 10.5 9.9 9 7.8 6.8 6.3 4.4 3.6 3.4 3.4 3.7 3.5 3.4 3.6 3.7 4 4.1 4.2 4 3.4 4.2 4.6 5.9 7.1 8.4 10.3 11.4 12.3 12.3 12.2 12.9 13.2 13.3 14.5 15.1 15.5 16 15.7 17.3 16.2 15.5 14.9 14.9 16.5 18.6 20.5
