Game/Highland_Data/StreamingAssets/GeoData/Data/sh/SH76.asc
ncols 200
nrows 200
xllcorner 270000
yllcorner 360000
cellsize 50
[rows 108 to 143 of 200, columns 81 to 161 of 200]
437.4 415.4 390 375.7 370.3 361.2 342.7 338.1 334.8 335.3 329.9 324.5 319.5 318.3 318.1 318 318.5 319.3 319.8 320.1 320.2 321.3 322 323 322.9 326.6 326.3 326.2 321.9 321.6 329.6 341.5 344.6 351.9 360 363.2 369 367.6 366.7 360 356 360.8 362.6 362.5 367.6 373.3 376 376.8 377.4 375.8 371.7 365 359.1 357.8 354.5 351.5 349 345.1 344.3 346.6 346.8 339.7 332.2 336.5 332.6 321.5 301.1 290 271.3 258 233.9 213.3 185.4 146 109.5 79.6 51.6 31.3 13.8 4.6 3.7
425.1 400 381.6 376.2 367 352.2 338.6 334.7 330.7 328.7 324.5 321.6 319.5 318.5 317.9 318.5 318.7 319.3 320.6 321.2 321.9 322.5 323.6 325.2 329.8 332.3 331.6 331.4 335.3 338.4 344.9 349.6 353.8 361.6 368.2 372.4 378.5 375.6 370.1 365.6 368.1 366.8 366.5 369.2 374.5 379.6 381.9 382.8 382.9 380.2 374.9 369.1 370.6 369.4 360.5 359.9 355.8 356.6 356.8 353.8 352 347.8 340.6 337.9 331.6 317.3 298 275.4 261.6 244.8 226 205.4 181.2 143.9 108.5 79.4 50.2 30.7 10.1 4.6 3.1
416.4 391.9 379.9 370 363.1 353.7 336.9 332.2 327.8 324.4 322.3 320.7 321 318.2 318.4 318.6 318.8 319.6 320.4 322.2 324.1 323.7 325 326.6 333.5 336.8 333.8 337.6 345.1 346.8 351.1 355.9 362.1 369.2 375.8 378.2 381.9 378 377.8 377 377.3 375.8 375.5 378.6 382.2 385.4 388 389.3 388.2 384.8 378.8 377.4 379 378 373.6 368.7 370.5 370.3 365.8 360.7 360.4 356.2 344.6 336.3 322.9 311.9 289.9 268.9 250.7 237.6 219.7 201 181.8 145.1 114.2 83.1 53.7 31.5 10.8 4.7 3.6
412.8 393.4 382.5 373.3 368.5 356.8 339.2 328.6 325.5 323.5 322.6 321.4 319.3 318 319.1 318.8 319 319.8 321.2 323.9 325.7 326.1 329.2 331.6 335.3 337 339.2 344.4 350.5 353.5 357.9 363.4 369.7 378.8 383.8 386.7 387.6 386.3 386.9 384.6 383.3 383.8 385.5 387.8 389.2 391.2 393.8 394.7 394.8 392.4 386.7 388.5 392.1 393.2 388.8 381.6 375.8 378.9 372.5 365.4 364.6 353.5 334.4 324.6 307.4 295.5 277.8 259.7 245.1 228.7 212.1 194.6 182.8 145.1 116.7 88.2 64 42.8 20.6 5.7 3.6
413.1 393.3 384.7 377.7 368.2 357.7 337 327 328.7 325.9 323.2 320.7 319.1 318.9 318.9 320.8 320.1 320.4 321.8 323.9 327.6 331 335.4 338.1 337.2 339.4 342 345 352.8 357.7 364.6 369.9 379 384.8 388.4 394.8 396.1 394.1 394 392.2 392.4 393.3 395.4 396.6 396.5 397.5 399.8 404.3 407.5 400.1 393 397.5 403.9 405.5 400.3 394.5 383.2 372 367.8 360 348.8 336.3 321.5 313.3 295 277.4 265.4 251.8 236.4 220.7 202.9 185.8 164.5 134.2 112 102 79.7 58.2 39.4 26.3 8.2
404.2 394.2 385.5 376 366 353.3 333.6 330.4 330.9 325.3 323.1 319.6 319.8 319.6 319.4 321.2 320.9 321.7 325.7 332.3 332.6 337.5 341.9 343.7 341.8 343.5 346.6 353.7 355.2 361.1 369.4 377.2 384.4 389.4 395.4 401.7 403.9 405.6 407.5 404.1 402.2 403.5 405.2 405.5 403.2 404.3 410.4 414 412.1 404.9 400.3 400.5 402.8 402 397.6 388.1 375.1 365.3 353.1 342.8 333.8 320.8 310.9 297.8 281.4 270.1 257 241.9 228.8 215.2 197.4 174.4 155.1 132.9 117.7 101.4 85 70.2 53.7 41.7 21.1
397 386.5 377.9 368.4 359.8 344.9 334.1 330.2 327.8 324 320.2 319.7 319.8 320.1 319.9 322.9 322.4 326.5 330.4 338.6 339.2 345.3 350.3 351.2 352.2 351.7 352 358.3 360.8 365.9 374.4 382.8 389 394.2 402.5 407.3 412.5 415.1 415.9 414.4 416.7 415.7 413 411.6 409.8 412.4 418 417.1 412.3 407.1 401.6 395.4 387.5 385.5 382.7 371 361.2 346.4 337.5 329.3 320.6 314.1 298.6 288.3 275.1 262.6 248.4 232.4 218.1 202.7 186.6 169.6 150.4 130 117 103.6 87.7 74.2 58.2 40.4 24.7
394.3 385.7 375.9 364.1 351.4 342.2 336.2 328.6 325.4 321.5 320.6 320.6 322.6 321.7 324.7 326.3 327.3 334.1 339.2 353 350.7 354.3 357 358.2 362.2 364 362.2 368.1 370.5 373.9 381 386.9 393.1 401.2 408.3 414.9 419.4 422.9 422.2 422.7 422.8 421.3 416.4 414 413.8 415.9 414.3 411.9 407.4 401.7 394.8 390.2 380.8 377.4 373.2 362.4 353.6 339.1 331.7 323.5 313.9 298.2 293.8 278.7 269.5 256 240.1 227 209.5 194.5 172.8 158.3 141.5 124.3 114 101.9 89 69.8 57.4 37.1 20
390.6 379.4 365.4 356.2 349.2 341.4 330.3 326.8 323.7 322.1 323.4 324 323.5 326.4 332.3 329.7 336.8 344.7 358 367.6 361.2 363 364.3 366.8 368.4 371.7 375.2 376.7 382.4 385 387.8 392.5 401.7 411.4 416.2 421.3 425.1 425.8 428 423.7 422.2 417.4 415.1 413.7 414.3 412.4 409 403.8 397.3 392.4 385.2 376.7 371.8 370 363.8 356.8 348.4 341.1 331.6 322.2 310.4 294.6 281.8 270.2 259.5 247.4 233.2 219.5 203.3 186.2 175.4 159.7 143.9 131.5 118 101.6 82.2 68.3 49.7 29.6 14.7
383.8 371.5 358.4 352.9 348.4 336.1 329.2 324.6 322.5 326.6 327.7 330.8 327.9 332 335.4 337 348.7 356.2 375.6 370.3 370.8 371.6 371.8 373.7 376.9 380.3 382.8 385.3 389.9 392.7 395.3 404.2 412.9 417.6 423.2 425.6 426.2 429.5 429.6 421.2 421.2 416.6 415.5 414.2 412.2 408.6 403.8 397.6 392 387 378.9 369.6 358.5 356.5 352.2 350.5 339.8 332.7 323.8 315.3 306.6 293.9 279.9 265.4 254.9 239.5 224.5 205.6 193.7 187.5 179.4 162.6 146.7 136.3 123.4 105.2 87 71.2 54.6 28.5 17.7
371.2 362.9 356.7 349.3 340.2 332.2 327.3 324.2 326.4 332.9 334 338.5 330.8 333.8 339.4 342.9 351.2 361.5 372.2 372.9 376.3 379.2 380.3 382.4 384.5 387.3 391.1 395.4 396 400.1 405.4 413.8 419.6 424.9 427.8 428.8 430.8 431.4 424.9 420.2 414.1 415.4 414.1 411.7 408.1 403.6 398.8 391.4 385.1 380.9 374 364.7 356.7 347.7 342 339.2 332 326.3 316.2 307 296.4 285.2 275.2 262.2 250.1 237.1 221.9 197.9 191.5 189.5 180.2 163.9 148.8 135 125.8 109.8 92 72.2 50.8 34.7 17.2
365.4 358.9 352.6 343.4 335.8 329.4 326.1 326.3 327.8 334 337.9 341.2 333 337.7 344.8 348.4 355.2 364.8 371.5 382.1 386.7 389.5 389.1 388.9 390.6 394.1 399.6 404.5 403.8 408.3 414 419.6 425.6 429.1 429.4 429 428.3 431 424.3 416.3 413.4 413.4 411.8 408.2 402.8 398.2 391.5 381.8 375.8 371.6 365.2 359.5 349.9 340.4 331.1 324.2 318.5 315.5 306.5 296.5 287.3 275.4 265.7 254.7 243.3 231.5 215.3 203.1 199.9 195.2 180.8 166.6 150 132.1 122.7 111.4 93.8 74.1 55.4 34 19.6
361.5 355 348.9 341 335.2 328 329.1 328.3 328.7 334.7 340.4 344.2 337.9 345.6 351.9 356.1 363.3 371.4 380.7 391.8 398.4 399 397.4 397.2 404.2 408.2 407.6 411.6 411.4 416.8 420.7 424.5 428 429.2 433.6 430.1 427.5 426 417.7 416.3 412.6 410.6 408.1 403.8 397.5 390.7 382.4 373.9 370.8 366 360.7 352.6 342.5 334.2 328.4 318.9 313.3 304 298.7 288.2 277.4 268.1 255.2 245.5 234.4 222.5 216.2 211.2 202.7 196 182.8 164.9 148.8 129.6 119.5 104.3 88.1 72.3 56.4 36.3 17.7
358.1 352.1 345.9 340.2 334.9 332.6 332.4 332.6 333.5 339.1 344.6 348.1 344.8 353.9 360.1 365.9 371.9 379.2 389.6 401.3 406.3 404.2 405.6 409.2 418.1 416.3 417.4 420 421.1 423.1 426 428.1 428.5 431.1 433.4 431.6 427.8 421.2 413.5 412.5 407.7 407.2 402.7 398.6 392 384.3 377.5 369.7 365 361 355.2 346.7 336.1 325.6 320.4 309.7 300.7 295.6 283.9 274.8 265.4 255.7 245.2 234.4 225.1 218.1 215.2 211.9 202 191.8 179.7 164.3 146.1 124.1 113.6 97.2 82.5 67.6 51.2 32 15.3
354.3 349 342.4 338.2 333.6 337 334.1 333.1 338.1 344.9 352.5 359 359.3 360.4 365.2 374.4 385.2 390.4 400.8 408.7 411.8 412.6 415.1 420.1 425.7 430.2 435 433.5 428.5 428.3 431.3 431.6 432.4 432.3 431 429.6 426.8 415 410.5 409 405 401.1 399 393.2 386.1 378.2 370.4 361.3 350.6 345.5 339.4 332.3 325.9 317.1 308.4 297.6 286.9 277.1 267.2 260.9 254.2 245.3 236.1 224 215.7 213.7 216.7 209.1 199 185.4 172.6 157.5 139 119.4 104.9 92 78.2 61.2 44.4 24.2 -2.3
351.1 346.4 339.8 336.7 336.6 335.2 336.1 339.2 344.4 351.7 359.8 369.9 368.2 370.5 374.8 382.6 394.9 399.5 408.4 415.8 420 424.2 427.6 431.1 438 442.9 446.6 438.8 435.3 434.3 435.2 434.3 436.1 434.1 432 429.9 424.2 412.3 410.2 408.8 400.8 396.7 392.8 387.4 381.2 372.8 364.3 354 342.6 331.4 325.6 319.4 316.3 301.9 295.1 282.9 276.8 268.9 260.5 255.1 243.7 233.9 225.7 217.2 211.8 210 212.2 200.7 189.8 177 164 147.9 131.7 115.3 100.2 82.6 70.5 52.1 31.3 11.7 -2.3
347.8 343.6 340.8 339.7 339.3 342.6 342.4 346.2 350.1 356.6 371.8 381 373.4 380.1 384.7 391.7 400.9 409 416 423.6 432 435.3 440.2 444.5 449.3 449.4 447 441.2 437 441.1 441 436 435.7 434.2 436.2 432.4 423.7 409.9 406.8 401.9 396 393.6 387.3 382.3 375.8 367.7 359.1 348.6 338.1 324.8 316.2 315.9 305.7 296.6 282.2 275.8 271.1 265 258.3 248.5 238.7 222.4 216.1 205.4 208.4 207.8 199.8 190.5 183 171.1 160.7 146.2 129.9 113.6 93.6 76.8 58.4 44.2 23.9 11.5 4
344.4 342.6 343.2 344.1 346.4 351.5 351.8 356.1 356.5 361.8 378.4 381.2 381 387.5 393.5 398.5 405.2 413.9 422.6 431.2 435.4 440.4 447.3 453.2 455.1 452.1 444.3 440 441.3 445.5 442.3 438.3 437.9 433.9 429.5 427.1 417.4 401.4 397.6 395.7 394.2 389.9 383 377.3 369.9 358.4 352.2 342.2 330.3 320.7 312.6 300.7 298.5 288 278.2 267.8 263.6 256.6 249.1 240 229.3 215.6 204.7 201.2 201.9 201.6 190.4 186.4 177.8 169.2 160.3 143.4 126.1 109.2 90.2 73.7 58.6 42.2 23.6 11.6 4.3
345.7 345.3 346.4 350.2 354 359.2 361.8 364.3 366.5 368.6 382.6 385 387.6 391.3 397.8 402.4 408.9 418.3 426 435.3 441.2 446.5 453 455.4 455.2 451.9 444.8 442.1 442.4 445.2 444.4 442.5 440.8 432.8 423.2 415.3 406.6 399.9 395.9 392.8 391.1 385.6 378.9 372.6 364.9 353.9 341.3 332.6 323.4 312.4 301.7 296.8 288.4 279.1 271 258.7 254 244.9 235.5 227.7 217.4 205.2 197.7 193.2 194.1 190.2 193.6 187 176.9 171.9 156.7 139.7 122.8 105.7 88.8 77.8 63.3 49.5 34 17.2 4.8
355.1 349.2 349 352.2 356.9 362.6 365.2 371.9 372.8 376.4 396.4 390.4 389.6 392.9 401.6 407.6 417.1 424.1 430.8 436.1 443.6 448.9 454.9 455.2 454.1 450 446.7 443.8 443.6 448 449.2 448.1 443.7 435.4 422.5 409.6 404 399.3 393.6 390.7 384.5 380.7 375.5 367.6 359.4 347.7 335.5 324.2 314.2 303.9 297.7 290.6 282.9 272.8 260.4 252.7 243.5 231.6 220.2 211.3 202 195.6 187.7 181.8 182.8 185.4 184.6 178.1 168.6 160.7 150.3 135.6 118.5 101.5 87 81.2 67.6 53.9 38.4 17.5 3.6
351.8 354.1 353 357.5 362.6 366.6 369.1 373.2 379.1 386.6 406.9 392.7 393.5 396.9 403.7 410.6 419.4 426.6 432.7 439.5 444.7 452.9 456.3 456 455.7 453.2 450 446.6 447.5 456.5 454.9 452.1 446 437.9 425.9 412.3 402 399 393.7 389.7 384 374.6 366.1 363.8 355.1 343.8 330 314.3 304.7 296.3 289.3 283.4 274.9 265.4 252.2 240.6 230.7 220.4 208.1 197.3 190.8 184.7 176.1 172.8 173.5 175.9 167.1 158.6 150.7 141.6 132.2 122.3 109.7 96.9 87.3 82.7 70.1 55.4 40 15.2 5
353.5 357 360 360.6 363.2 369.9 372.6 379.7 388.5 391.8 408.2 398 398.5 402.4 409 415 422.1 429.2 435.6 441.9 449.7 455.5 456.5 458.8 461.2 457.9 455 450.9 451.8 459.4 459.6 453.8 447.3 436.2 427.4 415.5 408.1 400.1 395.2 387.2 381.8 374.5 364.8 356 351.4 336.4 323.8 306.1 296.1 287.8 281.6 273.3 262.3 251.9 240.6 228.5 215.5 201.1 193.6 184.1 175.2 167.8 165.7 159.6 160.9 158.4 153.9 144.9 135.9 129.4 127.2 124.6 110.1 97.4 87.5 85.2 76.2 60.3 41.1 16.5 5.6
355.4 361.4 363.7 364.8 367.9 371.7 378 385.4 391.6 397.2 408.8 405.7 402.5 407.2 412.8 418 423.9 430.9 437.4 443.2 450.8 456.6 458 463.4 462.3 461.9 459.3 458.4 453.5 460.3 458.7 455.4 448.5 437.1 429.1 416.4 406.2 399.7 394.9 386.2 379.6 368.7 358.2 352.1 344 325.7 311 296.9 285.3 277.9 271.9 262.2 249.4 237.7 226.1 214.3 204.6 191.3 176.6 173 162 156.3 153.7 150.2 148.5 145.9 136.9 129.2 122.9 119.6 122.5 126.8 115.3 99 87.8 86.4 82 66.1 45.9 27 6.2
360.2 363.9 368.6 372.9 376.5 375.8 381.3 387.3 393.3 399 420.6 415.5 411.9 410 415.8 420.5 426.2 431.8 437.1 442.6 454.5 459.3 461 462.4 461.9 461.2 461 461.1 457.6 460.9 461.3 453.3 447.8 435.7 424.8 415.9 409.4 403 394.7 384.2 371.6 358.3 353.1 351.8 335.8 319.8 302.3 287.6 276.7 263.9 256.8 246.1 234 224.2 214 203.6 191.5 178.3 163.7 154.8 150.9 144 145 141.9 135.2 128.8 121.9 117 111.7 109 114.4 117.5 111.5 99.8 88.5 84.2 78.8 67.9 52 28.9 4.9
367.3 375.5 381.2 378.6 381.1 381.4 383.8 388.9 397.9 405.1 415.6 419.4 418.3 417.7 420.2 422.1 426.6 432.3 437.1 448.7 457.3 464.6 462.7 462.7 462.3 461.8 461.3 464.6 462 461.8 461 454.5 447.7 436.5 423.3 415.1 410.1 404.3 390.8 383.3 369.9 356.9 351.3 347 332.7 319 301.1 286.5 268.7 253.3 238.8 230.2 219.7 209.1 201 190.9 177.6 166.5 153.1 143.7 138.2 136.2 134.5 128.1 123.9 116 109.8 104.8 100.9 101.2 102.9 97.6 95.1 92 87.1 80.5 76.4 66.2 53.9 29.4 10.7
373.2 385 389.6 387.3 387.3 386.8 398.4 404 406 410.8 415.3 418.8 420.1 421.9 422.5 423.8 426 433.1 439.3 449.5 460.3 463.9 465.4 465.7 464.9 463.2 463 467.4 468.4 464.4 458.1 452.8 442.1 433.4 426.8 416 405.5 398.1 389.4 378.4 368.7 357.3 350.2 342.2 326.2 310.5 294.2 278 263.5 246.4 229.5 215.1 207.2 197.3 184.9 176.8 162.3 152.7 139.6 133.8 130.5 126.3 120.8 118.3 109.5 97.5 95.5 93 93.8 94.7 93.9 91.2 87 82.4 82.6 74.9 70.1 61.2 46.4 27.8 15.4
379.1 391.6 396 394.4 400 402 410.3 409.7 409.9 414.1 417.9 420.5 423.2 427.4 434.9 434.5 433.6 438.3 443.4 450.6 463.6 469.3 475.6 480.5 478.3 474.9 474.7 476.8 468.6 465.1 455.9 447.9 439.3 430.9 421.8 410.6 400.7 393.3 383.4 371.9 363.5 353.6 343.6 334.4 319.3 304.8 285.5 268.3 254.1 240.6 222.8 207.3 193.3 183.4 168.2 160.7 151.1 139.2 125.1 119.1 117.9 110.4 105.2 97.7 88.5 83.1 79.7 83.6 84.8 85.6 86.5 84.8 83 77.2 69.6 62.2 58.8 55.4 40.3 28.9 18.7
382 395.5 407.4 412.5 410.1 412.7 411.7 412.5 414 418 419.5 423.8 428.6 439.1 441.6 442.5 440.4 443.6 447.9 453.6 466.4 477.3 487.3 492.2 488.4 484.7 481.6 476.6 469 462.5 451.9 444.1 434 426.8 414.4 404.7 396.6 388.8 375.8 365.5 356.1 342 337.8 323.1 309.4 294.5 275.7 258.6 246.4 228.2 214.8 196.2 181.4 172.2 154.9 142.4 137.1 129.4 111.7 105.5 97.1 92.4 86.7 80.2 74.1 71.5 69.2 68.3 68.8 74.5 77.6 75.7 75.4 72.4 64.6 56.8 54.6 46.8 36 25.4 15.4
387.2 402.2 421.5 428.2 427.4 421.5 417.1 415.9 419.7 426 429 434.2 443.9 449.1 451.3 452.1 446.4 449.4 452.3 460 471.5 483.6 495.3 499.8 492.9 488.1 481.6 471.5 463.9 455.4 445.1 435.5 425.6 414.9 402.8 395.7 387.8 379.9 369.7 357 347 337.8 328.3 313.5 301.5 286.7 266.4 249.1 235.8 219.8 200.5 181.1 169.7 153.9 138 128.1 119.6 110.1 97.5 89.7 81.5 75.6 71.2 70.1 67 65.7 65.8 68.1 66.3 63.1 65.9 65.1 65 59.3 56.4 51.2 49.2 42.6 32.9 21.7 12.7
392.9 406.2 425.3 432.8 430.9 431.2 429.3 428.5 428.9 436.7 440.6 448.6 453.2 456.6 462.9 463 453.4 454.4 461.8 470.3 478.5 493.6 497.5 495.9 493.8 487.1 478.4 463.6 455.7 450.3 438.1 429 417 403.4 395.7 389 376.6 371.2 360.7 352.3 339.5 333.1 319.9 303.5 293.6 278.8 254.5 238.9 227.7 212.2 183.3 166.7 152.5 139.7 125.1 112.5 101.2 92.3 84.7 76.5 70.2 66.5 64.6 64.3 63.5 62.9 63.2 61.4 63.3 56.4 58.3 55.7 52.4 51.5 48.9 43.9 40.5 36.7 32.9 23.8 12.9
396.4 407.8 424.8 437.6 442.1 439.2 435.6 434.6 441.7 450 453.2 458.2 462.7 467.8 468.7 463 460.5 461.6 468.7 475 484.4 493.6 500.6 500.2 490.4 482.3 468.5 457.2 448.4 439.7 427 419.9 408.7 393 388.1 377.6 367.6 360.5 352.9 343.3 332.3 321.1 309.4 296.7 282.2 265.8 241.5 226.9 211.2 192.2 172.1 155.5 142.6 127.3 113.9 101.9 89.4 79 75 71.9 68.8 66.9 70.4 73.3 69.4 67.1 63.2 66.2 66.3 62.6 57.9 52.7 51.5 46.9 40.8 39.9 41.1 38.7 26.3 17.7 9.1
405.4 412.2 425.2 432.8 439.7 442.6 446.6 443.4 448.2 454.8 458.6 462.9 471.8 473.5 468.4 463.5 467.6 469.3 473.3 479.8 487.3 493.4 496.4 493.4 480.4 470.5 459.2 448 440.4 428.4 420.9 408.3 394.2 385.3 373.7 363.8 360.5 351.3 339.6 325.9 318 307.9 298.2 288.6 269.8 245.6 230.5 213.7 201.1 178 165 152.5 138.8 123.6 108.8 93.5 82.2 78.4 74.6 70.2 68.6 73.9 84.8 90.8 75.3 68.7 67.1 68.2 69.4 68.4 67.9 57.3 54.6 52.7 49.8 45 39.2 37.9 30.6 22 9.3
413 411.4 424.2 435.1 438.2 442.8 448.5 449 454.3 456.1 463.1 467.4 478.4 476.8 465.6 464.3 470.1 474.6 477.7 482.7 486.1 485.9 480.7 475.1 467.2 457.9 448.4 437.5 428.6 420.1 408.6 393.1 381.2 372 364.1 358.1 348.1 338.2 329.1 317.4 308.6 294.4 284.7 276.9 254.4 233 217.8 204.6 186.9 170.8 159.8 145.4 132.3 119.6 105.8 83.7 76.1 73 69.1 67.9 72.7 84.1 104.1 101.4 83.9 72.8 71 74.9 76.7 77.7 71.1 64.9 63.1 62.9 55.2 49.2 40.3 38 32.5 24.7 11
420.8 419 426.4 439.5 448.5 447.6 450.2 453 458.3 465.6 470.6 475.6 478.7 466.4 466.3 467.2 474 474.3 477.4 479.2 480.6 477.1 469.7 461.4 453.9 443.6 436.1 429.3 420.9 412.9 395.9 388.3 374 367 360.6 353 341.4 331.9 321.6 311.5 294.8 282 275.1 270.7 239.1 222 207.9 191.9 178.1 164.9 152.4 137.5 125.1 112.8 93.9 78.4 72.4 73.6 72.9 75.1 83.3 109.3 127.5 114.3 91.4 76.1 77.6 82 89.9 88.2 77.5 72.1 70.3 67.7 62.6 54.7 49.5 40.9 37.7 26.4 11.6
427.4 431.8 437.2 453.5 461.7 462.5 462.9 462.9 467.7 472.8 477.2 479.9 470.4 469 469.8 474.8 475.1 470.9 470.3 471.2 473.4 469.1 460.8 452.2 441.8 434.8 426.2 420.3 409.1 393.1 387.2 379.1 364.9 357.8 349.9 341.1 333.9 323.5 311.5 297.3 284.3 273.2 258.6 240.2 222.9 207.5 195.8 182.3 165.3 150.9 136.4 128.6 117.4 102.9 83.6 76.1 73 77.6 82.6 87.9 105.2 130.3 138.1 126.8 106.4 93.8 101.8 94.2 94.1 92.3 87.3 83.6 77.4 73.6 71 65.3 56.8 54.6 49.7 37.5 15.9
445.8 448.3 452.2 467.5 474.7 476.4 480.2 476.4 474.1 482 482.5 476.1 470.5 470.7 474.8 476.1 471.6 467.8 465.4 468.1 466.5 461.4 454.9 448.1 439.3 427.4 416.4 411.2 399 390.8 382.7 368.6 351 347.2 335.5 329 320.4 308.8 298.9 288.1 280.7 257.1 240.6 223.9 207.4 197.5 184.7 166.6 151.8 135.5 126.6 117.4 110.7 87.6 78.1 75.2 78.5 85.3 94.7 109.2 127.6 147.3 158.3 146.7 130.9 122.6 118.2 111.5 104.7 101.9 101.9 103.6 100.4 95.8 89.8 80.9 72.2 68.9 56.5 40.7 23.5
