Game/Highland_Data/StreamingAssets/GeoData/Data/sh/SH78.asc
ncols 200
nrows 200
xllcorner 270000
yllcorner 380000
cellsize 50
[rows 114 to 151 of 200, columns 84 to 167 of 200]
-2.3 -2.3 -2.3 -2.3 -2.3 -2.3 -2.3 -2.3 -2.3 -2.3 -2.3 -2.3 -2.3 -2.3 -2.3 -2.3 -2.3 -2.3 -2.3 -2.3 -2.3 -2.3 30.2 46.8 96.6 96.3 85.5 124.2 144.6 148.2 146.9 143.1 149 145.6 130.5 112.3 102.5 92.5 66.8 56.3 51.9 -2.3 -2.3 -2.3 -2.3 -2.3 45.4 46.2 39.9 -2.3 -2.3 -2.3 -2.3 -2.3 -2.3 -2.3 -2.3 -2.3 -2.3 -2.3 -2.3 -2.3 -2.3 -2.3 -2.3 -2.3 -2.3 -2.3 -2.3 -2.3 -2.3 -2.3 -2.3 -2.3 -2.3 -2.3 -2.3 -2.3 -2.3 -2.3 -2.3 -2.3 -2.3 -2.3
-2.3 -2.3 -2.3 -2.3 -2.3 -2.3 -2.3 -2.3 -2.3 -2.3 -2.3 -2.3 -2.3 -2.3 -2.3 -2.3 -2.3 -2.3 -2.3 -2.3 -2.3 -2.3 51.5 105 110.4 114.9 106.5 123.2 149 151.3 154.5 154 152.2 150.6 147.7 142.6 133.1 116.2 96.7 88.3 86.3 66.4 47.2 47.8 48.1 54.2 60.1 65.6 60.4 46.7 28 -2.3 -2.3 -2.3 -2.3 -2.3 -2.3 -2.3 -2.3 -2.3 -2.3 -2.3 -2.3 -2.3 -2.3 -2.3 -2.3 -2.3 -2.3 -2.3 -2.3 -2.3 -2.3 -2.3 -2.3 -2.3 -2.3 -2.3 -2.3 -2.3 -2.3 -2.3 -2.3 -2.3
-2.3 -2.3 -2.3 -2.3 -2.3 -2.3 -2.3 -2.3 -2.3 -2.3 -2.3 -2.3 -2.3 -2.3 -2.3 -2.3 -2.3 -2.3 8.2 -2.3 -2.3 50.5 105.8 116.9 125 126.7 124 144.1 151.5 153.8 157.8 157.3 153.6 150.8 151 144.5 139.8 132.3 132.7 126.1 106.8 79 74.1 74 74.8 80 89.3 94.7 99 96.5 49.3 3.9 -2.3 -2.3 -2.3 -2.3 -2.3 -2.3 -2.3 -2.3 -2.3 -2.3 -2.3 -2.3 -2.3 -2.3 -2.3 -2.3 -2.3 -2.3 -2.3 -2.3 -2.3 -2.3 -2.3 -2.3 -2.3 -2.3 -2.3 -2.3 -2.3 -2.3 -2.3 -2.3
-2.3 -2.3 -2.3 -2.3 -2.3 -2.3 -2.3 -2.3 -2.3 -2.3 -2.3 -2.3 -2.3 -2.3 -2.3 -2.3 29.2 -2.3 40.9 -2.3 50 84.9 113.8 122.2 127.7 128 130.6 144.1 148.1 152.2 155.2 156.3 151.5 150.2 150.2 148.4 145 138.9 140.2 139.1 125.6 94.8 114.6 116.9 117.4 113.3 113.1 110.3 109.5 106.3 86.9 48.2 37.1 20.5 -2.3 -2.3 -2.3 -2.3 -2.3 -2.3 -2.3 -2.3 -2.3 -2.3 -2.3 -2.3 -2.3 -2.3 -2.3 -2.3 -2.3 -2.3 -2.3 -2.3 -2.3 -2.3 -2.3 -2.3 -2.3 -2.3 -2.3 -2.3 -2.3 -2.3
-2.3 -2.3 -2.3 -2.3 -2.3 -2.3 -2.3 -2.3 -2.3 -2.3 -2.3 -2.3 -2.3 -2.3 -2.3 16 46 56.8 70.2 71.7 102.9 111.2 118.5 127.9 132.4 142.3 141.2 145 149.5 153.5 157 157.4 153.8 153.2 151.2 147.9 145.1 144 144.7 143.1 130.9 116.8 130 131.3 127.1 123.6 119.3 114.5 113.2 111 103.6 81 59.5 50 36.9 18.7 -2.3 -2.3 -2.3 -2.3 -2.3 -2.3 -2.3 -2.3 -2.3 -2.3 -2.3 -2.3 -2.3 -2.3 -2.3 -2.3 -2.3 -2.3 -2.3 -2.3 -2.3 -2.3 -2.3 -2.3 -2.3 -2.3 -2.3 -2.3
-2.3 -2.3 -2.3 -2.3 -2.3 -2.3 -2.3 -2.3 -2.3 -2.3 -2.3 -2.3 -2.3 -2.3 -2.3 18.7 57.7 73.4 101.1 100.9 115.6 127.1 139.5 146 151.1 149.5 145 148.3 152.2 156.3 157.3 156.2 153.7 153.7 152.7 149.2 147.8 148.7 146.6 141.1 132.2 130.9 137 137.2 133.8 133.8 131.7 126.1 118.7 114.8 104.5 97.5 87.9 79.9 71.9 53.4 32.5 -2.3 -2.3 -2.3 -2.3 -2.3 -2.3 -2.3 -2.3 -2.3 -2.3 -2.3 -2.3 -2.3 -2.3 -2.3 -2.3 -2.3 -2.3 -2.3 -2.3 -2.3 -2.3 -2.3 -2.3 -2.3 -2.3 -2.3
-2.3 -2.3 -2.3 -2.3 -2.3 -2.3 -2.3 -2.3 -2.3 -2.3 -2.3 -2.3 -2.3 -2.3 -2.3 37.3 61.5 78.3 107.3 121.1 125.7 134.4 145.1 152.1 155.7 152.7 152 152.7 156.3 159.3 157.6 153.3 151.5 150.7 150.3 149.5 148.1 148.3 142 138.5 136.7 138.8 143.1 143.8 141.8 138.7 135.1 131.6 128.1 121.1 110.1 104.4 96.1 81.7 78.6 74.6 48.5 43.7 35.6 -2.3 -2.3 -2.3 -2.3 -2.3 -2.3 -2.3 -2.3 -2.3 -2.3 -2.3 -2.3 -2.3 -2.3 -2.3 -2.3 -2.3 -2.3 -2.3 -2.3 -2.3 -2.3 -2.3 -2.3 -2.3
-2.3 -2.3 -2.3 -2.3 -2.3 -2.3 -2.3 -2.3 -2.3 -2.3 -2.3 -2.3 -2.3 -2.3 -2.3 33.7 50.8 68.5 88.6 120.3 125.7 136.5 149.2 155.9 156.5 154.6 156.4 158.2 160.3 161.3 159.1 153.7 151.6 150.8 149.8 147.4 145.6 143.3 141 139.8 141.7 145.5 150.4 147.1 148.2 147.8 142.2 136.6 134 132.3 116.5 107.7 100.3 90.2 82.8 77.9 73.5 66.2 70.1 47.8 20.4 -2.3 -2.3 -2.3 -2.3 -2.3 -2.3 -2.3 -2.3 -2.3 -2.3 -2.3 -2.3 -2.3 2.7 9.3 -0.5 -2.3 -2.3 -2.3 -2.3 -2.3 -2.3 -2.3
-2.3 -2.3 -2.3 -2.3 -2.3 -2.3 -2.3 -2.3 -2.3 -2.3 -2.3 -2.3 -2.3 -2.3 -2.3 5.4 34 55.7 71 88.9 110.4 130.5 147.7 160 158.9 158.8 162 163.8 162.8 162.4 160.2 154.7 154.2 155.8 152.9 149.1 146.3 144.4 144.3 144.2 145.8 149.2 151 150.6 152.3 149.9 146.2 144.2 141.6 139.6 119.4 106.5 102.7 99.4 97.8 91.2 85.9 80.3 81.6 75.2 58.6 40.9 20.3 2.7 -2.3 -2.3 -2.3 -2.3 -2.3 -2.3 -2.3 -2.3 -2.3 -2.3 24.6 35.1 32.6 -2.3 -2.3 -2.3 -2.3 -2.3 -2.3 -2.3
-2.3 -2.3 -2.3 -2.3 -2.3 -2.3 -2.3 -2.3 -2.3 -2.3 -2.3 -2.3 -2.3 -2.3 -2.3 1.1 13.4 40.4 63.4 80.6 93.8 114.9 139.8 155.1 159.4 163.4 166.8 167.4 164 160.6 157.9 156.1 155.9 156.1 155.3 152.9 149.4 148.4 147.3 148.9 150.8 153.8 156.9 158.4 160.2 162.1 160.1 153.5 146.9 139.2 114.4 107.6 105.4 103.4 103.3 101.4 98.3 87 79.4 72.9 71.3 70.7 52.6 44.7 23.7 4.7 1.4 1 1.7 8.3 19.1 25.4 3.4 36.4 75.7 76.7 77.3 50.3 -2.3 -2.3 -2.3 -2.3 -2.3 -2.3
-2.3 -2.3 -2.3 -2.3 -2.3 -2.3 -2.3 -2.3 -2.3 -2.3 -2.3 -2.3 -2.3 -2.3 -2.3 0.3 4 42.8 54 69.4 81.3 108.1 130.7 145.2 156.5 164.5 168.9 170.1 165.9 161.8 160.7 161.4 156.8 155.3 153.6 152.6 152.3 150.9 150.9 152.8 155.5 159.3 162.7 164 165.8 166.2 166.4 163.4 154.4 141.4 119.8 111.3 110.5 111.6 110.6 109.5 106 92 78.9 75.1 74.8 82.5 77.9 78.2 55.3 44.7 35.3 34.6 74.1 78.1 80.1 82.9 82.6 81.4 81.2 84 85.3 84.1 45.5 -2.3 -2.3 -2.3 -2.3 -2.3
-2.3 -2.3 -2.3 -2.3 -2.3 -2.3 -2.3 -2.3 -2.3 -2.3 -2.3 -2.3 -2.3 -2.3 -2.3 0.1 3.4 32.4 46.5 58 70.1 82.5 107.9 125.8 146 166.8 171.4 174 168.4 164.7 165.5 164.6 159.8 157 156.3 154.8 152.7 152.3 154.3 157.1 160.4 164.7 167.6 169.4 170.7 170.7 173.1 171.4 161.1 143.9 131.7 122.9 119.4 120.5 125.7 124.6 115.6 100.3 83.1 78.8 79.9 84.9 84.2 83.9 80.5 71.8 65.9 85.8 87.5 88.9 91.1 90.8 89.4 88.2 85.5 87.8 90.9 80.9 23.7 -2.3 -2.3 -2.3 -2.3 -2.3
-2.3 -2.3 -2.3 -2.3 -2.3 -2.3 -2.3 -2.3 -2.3 -2.3 -2.3 -2.3 -2.3 -2.3 -2.3 0.1 4.5 33.7 38.9 47.9 58 72.1 88.3 111.7 142.9 167.8 177.2 178.3 173.1 170 169.5 167.7 163.8 158.7 155.6 154.3 153.4 153.6 156.2 159.9 164.2 165.8 169.8 171.1 171.6 170.4 172.3 171.4 161.7 147.7 138 131.9 130 129.4 132.3 136.1 124.9 114.4 96.9 89 89.5 91.8 90.2 89.1 88.3 90.2 92 95.4 96.5 98.8 100.3 99.5 99.1 98.1 94.6 94.3 95 49.2 2.5 -2.3 -2.3 -2.3 -2.3 -2.3
-2.3 -2.3 -2.3 -2.3 -2.3 -2.3 -2.3 -2.3 -2.3 -2.3 -2.3 -2.3 -2.3 -2.3 -2.3 0.2 3.6 29.8 33.5 39.4 49.5 61.4 76 93.3 116.4 147.6 173.9 180.7 176.2 173.8 174 174 168.1 159.1 155 153.3 153.2 153.4 156.2 160 162.8 163.9 166.4 167.5 168.1 168.6 168.9 171.2 164.3 154.2 146.7 141.2 138.5 135.9 136.2 137.8 138 123.4 114 104.4 101.1 101 101.5 100 99.4 99.4 99.6 101.4 103.1 106.5 106.3 105.6 106 106.2 112.1 108.3 89.5 31.1 0.7 -2.3 -2.3 -2.3 -2.3 -2.3
-2.3 -2.3 -2.3 -2.3 -2.3 -2.3 -2.3 -2.3 -2.3 -2.3 -2.3 -2.3 -2.3 -2.3 -2.3 0.2 3 25 28.4 34.2 40.8 50.2 63.5 80.1 97 123.1 153.1 178.2 180.3 176.6 175.5 173.7 166.7 158 154.5 153.3 153.1 153.3 155.1 157.2 161.3 164.3 164.8 167.1 167.1 168.2 167.5 168.7 169.8 161.8 153.5 147.8 144.6 142 140.7 140.5 140.5 135.2 122.7 114.8 110.3 110 110.1 109.7 108.7 110.1 110.6 111.1 115.3 116.8 116.3 115.3 112.5 113.2 118.1 114.5 55.6 2.5 0.3 -2.3 -2.3 -2.3 -2.3 -2.3
-2.3 -2.3 -2.3 -2.3 -2.3 -2.3 -2.3 -2.3 -2.3 -2.3 -2.3 -2.3 -2.3 -2.3 -2.3 0 2.9 21.6 24.2 30 31.8 34.3 51.3 66.4 81.5 100.4 127.3 146 175.7 178.4 177.5 173.6 166.4 158.6 155.7 154.1 154 153.8 155.1 161.2 167.5 170.6 169.6 171 173.2 168.7 168.9 169.4 169.7 165.9 160.9 155.8 151.3 148.3 145.1 144.9 143.8 141.7 129 123.9 118.9 118.5 116.6 115.2 116.1 118.8 121.4 122.4 124.7 135.6 139.1 138.5 120.7 118.1 119.2 112.1 48.5 3.1 0.6 -2.3 -2.3 -2.3 -2.3 -2.3
-2.3 -2.3 -2.3 -2.3 -2.3 -2.3 -2.3 -2.3 -2.3 -2.3 -2.3 -2.3 -2.3 -2.3 -2.3 -2.3 1.7 13.2 20.8 23.3 29.4 30.7 41.5 52.8 66.4 80.8 100.7 119.7 147.2 174.4 179.2 175.8 169.2 159.9 157.2 156.8 157.5 154.6 157.3 162.2 166 170.4 173 175.6 176.3 174.6 175.8 178.6 179.9 183.1 173.2 162.8 156.7 153.7 154.5 150.8 150.9 148.3 135.9 130.8 127.8 125.3 122.3 120.7 123 125.9 128.1 129.8 135.3 141.5 144.2 145.2 140.7 126.1 125.5 123.3 60.7 20.1 1.1 -2.3 -2.3 -2.3 -2.3 -2.3
-2.3 -2.3 -2.3 -2.3 -2.3 -2.3 -2.3 -2.3 -2.3 -2.3 -2.3 -2.3 -2.3 -2.3 -2.3 -2.3 0.5 3.4 18.5 21.1 23.8 26.6 33.9 45.4 56.6 68.8 82.2 104.5 126.9 155.2 171.6 174.1 171 165.4 160.7 159.7 158.8 156.9 157.6 160.9 167.8 175.3 176.5 179.8 183.3 183.5 183.6 187.7 194.3 191.8 188.9 172.5 165.1 161.2 161.3 160.5 159 154.9 142.4 137.7 135.6 132.2 128.5 126.2 128.6 132.1 135.1 137.6 144.6 147.2 150.1 149.8 137.3 134.2 135.9 136.6 91.6 32.3 1.8 -2.3 -2.3 -2.3 -2.3 -2.3
-2.3 -2.3 -2.3 -2.3 -2.3 -2.3 -2.3 -2.3 -2.3 -2.3 -2.3 -2.3 -2.3 -2.3 -2.3 -2.3 -2.3 1.2 2.4 5.5 21.1 22.1 27.7 35.7 48.7 58.3 68.1 85.9 102.9 127.9 151.2 163.6 165.9 164.6 162.4 160.9 162 161.3 161 162.8 167 173.5 180.2 186.4 193 195.7 190.8 192 198.5 200 195.1 190.4 178.3 169.1 166.9 167.2 167.4 163.7 153.4 143.7 140.8 136.5 133.5 131.8 133.9 138.2 142.2 145.7 150.9 154.1 150.2 143.5 139.2 136.4 138.3 141.4 127.5 69.8 2.8 0.3 -2.3 -2.3 -2.3 -2.3
-2.3 -2.3 -2.3 -2.3 -2.3 -2.3 -2.3 -2.3 -2.3 -2.3 -2.3 -2.3 -2.3 -2.3 -2.3 -2.3 -2.3 -2.3 -0.3 0.4 1.7 2.8 16.4 27.9 35.6 43.7 50.6 63.1 76 86.8 107.8 136.3 146.8 148.1 150.7 148.3 154.8 160.4 163.4 164.3 166.9 168.4 174.1 185.3 190.2 195 196.9 196.2 196.9 200.7 204.6 203.3 188.2 177.1 166.9 166.6 168.9 170.2 164.4 155.8 145.7 142.8 136.7 135.2 140.4 144.9 149.4 151.9 155.7 153.7 148.2 143.3 137.3 122.5 125.5 137.2 127.2 94.7 28.5 2.1 -2.3 -2.3 -2.3 -2.3
-2.3 -2.3 -2.3 -2.3 -2.3 -2.3 -2.3 -2.3 -2.3 -2.3 -2.3 -2.3 -2.3 -2.3 -2.3 -2.3 -2.3 -2.3 -2.3 -2.3 -2.3 -2.3 2 14.2 26.8 29.2 35.8 43.8 54.9 65.8 77.5 89.4 111.7 110.7 117.3 119.5 130.4 142.8 155.7 163 165.6 168 172.4 176.8 179.9 186 190.8 191 192.1 192.2 196.8 198.7 194.7 177.2 166.5 164.6 165.4 164.9 163.6 157.4 149.5 147 141.7 138.3 142.3 149.9 155.3 157.3 157.5 159.8 149.9 146 116.9 112.4 118.7 130 116.8 103.2 45.4 13.6 0.7 -2.3 -2.3 -2.3
-2.3 -2.3 -2.3 -2.3 -2.3 -2.3 -2.3 -2.3 -2.3 -2.3 -2.3 -2.3 -2.3 -2.3 -2.3 -2.3 -2.3 -2.3 -2.3 -2.3 -2.3 -2.3 -2.3 1.5 4.5 24.3 26.8 30.5 37.6 44.9 52.1 61.3 70.5 75.2 80.1 89.2 101.4 119 135.8 152.9 163.8 166.5 166.3 169.1 174.8 179 181.2 181.9 183.7 184.6 186.6 189.1 192.3 179.6 167 161.3 161.3 162.9 159.4 153.3 149.7 145.8 144.3 142.6 147.9 152.7 158.6 162.2 164.1 155.9 153.9 131.2 110.3 103.1 106.2 114.8 110.2 103.5 63.1 26 2.7 0.1 -2.3 -2.3
-2.3 -2.3 -2.3 -2.3 -2.3 -2.3 -2.3 -2.3 -2.3 -2.3 -2.3 -2.3 -2.3 -2.3 -2.3 -2.3 -2.3 -2.3 -2.3 -2.3 -2.3 -2.3 -2.3 -2.3 0.9 2.8 14 24.6 25.7 28.1 35.5 38.1 46.7 50.5 55.7 62.7 75 92.3 115.4 137.6 153 162.7 161.8 162 163.9 167.6 170.5 172.8 176.4 179.2 182.8 181.9 181.8 173.4 159.9 153.8 152.3 150.7 152.2 150.7 149.5 148.5 147.9 148.1 151.3 157.1 160.4 162.1 162.1 159 152.5 131.5 107.8 97.2 94.6 108.2 94.2 74.8 53 30.9 2.8 0.7 -0.8 -2.3
-2.3 -2.3 -2.3 -2.3 -2.3 -2.3 -2.3 -2.3 -2.3 -2.3 -2.3 -2.3 -2.3 -2.3 -2.3 -2.3 -2.3 -2.3 -2.3 -2.3 -2.3 -2.3 -2.3 -2.3 -2.3 0.1 1.6 3.2 18.7 22.1 24.1 28.5 30.4 33.8 36.3 40.7 54.2 71.5 93.2 117.7 138.7 150.5 159.2 156.8 157.7 162.9 168.1 172.5 176.8 179.9 181.7 177.2 171.6 163.7 154.3 147.8 145 137.4 149.2 149.2 150.7 149.5 151.6 149.9 149.9 156.1 158.7 164.6 161.5 158.2 148.2 120.4 104.2 96.2 89.4 81.8 70.7 58.6 49.1 31.6 6.5 1.4 -0.1 -2.3
-2.3 -2.3 -2.3 -2.3 -2.3 -2.3 -2.3 -2.3 -2.3 -2.3 -2.3 -2.3 -2.3 -2.3 -2.3 -2.3 -2.3 -2.3 -2.3 -2.3 -2.3 -2.3 -2.3 -2.3 -2.3 -2.3 -2.3 0.6 1.8 2.9 13.2 20 23.6 24.9 27.8 28.4 36.8 51.3 71.6 98.3 121.7 135.2 142 144 152.8 160.1 170.7 183.3 189.1 192 183 181.1 176.2 161.2 151.3 144.4 138.3 130.8 139.2 144.9 148.8 146.3 147.1 146.1 145 152.7 155.2 160.3 157.5 148.9 128 110.4 106.2 109.8 97 77 61.2 48.6 39.4 28.9 20.1 2.2 0.6 -1.3
-2.3 -2.3 -2.3 -2.3 -2.3 -2.3 -2.3 -2.3 -2.3 -2.3 -2.3 -2.3 -2.3 -2.3 -2.3 -2.3 -2.3 -2.3 -2.3 -2.3 -2.3 -2.3 -2.3 -2.3 -2.3 -2.3 -2.3 -2.3 0.1 1.1 2.4 3.7 13.7 20.3 22 25.3 28.7 33.3 48.3 71.1 95.4 113.9 124.7 135.1 144.9 157.4 171.2 181.2 192.1 195.4 187.3 186.6 182.5 174.8 160.8 149.4 141.3 134.3 135.8 135.2 138.2 140 147.4 146.2 137.2 146.5 157.1 159.6 150.3 134.6 105.8 100.4 110.2 118.9 118 82.3 65.1 51.2 39.5 31.1 26.3 5.6 1.2 -2.3
-2.3 -2.3 -2.3 -2.3 -2.3 -2.3 -2.3 -2.3 -2.3 -2.3 -2.3 -2.3 -2.3 -2.3 -2.3 -2.3 -2.3 -2.3 -2.3 -2.3 -2.3 -2.3 -2.3 -2.3 -2.3 -2.3 -2.3 -2.3 -2.3 -2.3 0.3 1.5 2.3 2.8 15.5 20.3 21.2 23.8 33.1 46.6 69.5 93.9 111.5 123.6 141.7 160.3 170.2 182 194.2 195.4 189.2 186.9 184.8 184 182.5 162.8 151.4 146.9 138.6 133 133.9 135.9 141.2 138.8 128.5 142.4 150.4 146 138 105.2 94.2 93.9 107.4 122.9 122.6 111.5 74.9 63.8 59.9 44 29 31.8 11.3 -2.3
-2.3 -2.3 -2.3 -2.3 -2.3 -2.3 -2.3 -2.3 -2.3 -2.3 -2.3 -2.3 -2.3 -2.3 -2.3 -2.3 -2.3 -2.3 -2.3 -2.3 -2.3 -2.3 -2.3 -2.3 -2.3 -2.3 -2.3 -2.3 -2.3 -2.3 -2.3 0.3 1 1.7 2.3 5.2 17.8 19.3 22.6 33.7 47.9 73.5 98 116.6 137.7 153.8 170.1 181.6 188.4 188.6 188.3 185.8 186.6 190.9 182.7 169.9 154.9 155.3 155.6 136.1 135.4 135.2 142.7 130.6 114.5 111.9 110.5 112.5 98.3 83.2 78.5 83.8 95.7 119.8 120.4 109.4 82.9 82.4 72.1 51.1 39.9 43.1 9.4 2
-2.3 -2.3 -2.3 -2.3 -2.3 -2.3 -2.3 -2.3 -2.3 -2.3 -2.3 -2.3 -2.3 -2.3 -2.3 -2.3 -2.3 -2.3 -2.3 -2.3 -2.3 -2.3 -2.3 -2.3 -2.3 -2.3 -2.3 -2.3 -2.3 -2.3 -2.3 -0.7 0.1 0.8 1.5 2.2 3.2 18.8 17.1 25.8 35.7 54.7 87.9 103.2 126.1 148.3 165.2 175.7 184.9 185.9 184.6 190.7 189.1 188.9 184.9 170 161.5 164.7 168.2 150.6 142.1 141.1 134.7 127.1 105.9 99.3 93 87.2 78 68.5 66.2 68.3 79.1 99.4 103.4 83.6 79.2 70 66.8 47.5 42.9 27.9 2.8 2.8
-2.3 -2.3 -2.3 -2.3 -2.3 -2.3 -2.3 -2.3 -2.3 -2.3 -2.3 -2.3 -2.3 -2.3 -2.3 -2.3 -2.3 -2.3 -2.3 -2.3 -2.3 -2.3 -2.3 -2.3 -2.3 -2.3 -2.3 -2.3 -2.3 -2.3 -2.3 -1.5 -0.7 0.1 0.8 1.6 2.4 2.7 4.4 17.4 24.7 35.2 58.2 91.3 107.8 125.5 153.8 170.9 183.9 186.8 188.1 188 188.8 186.4 180 165.9 159.9 159.8 156.6 152 150.9 148.5 127.2 109 99.9 95.2 91.4 86.1 78.2 65.8 56.5 54.9 53.9 55.6 48.6 56.1 48.1 41.8 27.4 32.2 25 7.9 2.8 2.8
-2.3 -2.3 -2.3 -2.3 -2.3 -2.3 -2.3 -2.3 -2.3 -2.3 -2.3 -2.3 -2.3 -2.3 -2.3 -2.3 -2.3 -2.3 -2.3 -2.3 -2.3 -2.3 -2.3 -2.3 -2.3 -2.3 -2.3 -2.3 -2.3 -2.3 -2.3 -1.7 -0.8 0 0.8 1.5 1.8 2.2 2.6 4.1 14.3 22.5 38.5 56.2 78 99.9 125.6 153 171.3 180.7 184.1 187.3 185.1 180.9 177.4 158.1 153 153.3 153.4 154 152.2 151.1 125 106.1 100.5 104.9 101.5 102.3 92.5 73.1 60.8 41.1 37.1 35.5 31.6 23.7 19.2 18.9 16.4 12 3.7 2.8 2.8 1.3
-2.3 -2.3 -2.3 -2.3 -2.3 -2.3 -2.3 -2.3 -2.3 -2.3 -2.3 -2.3 -2.3 -2.3 -2.3 -2.3 -2.3 -2.3 -2.3 -2.3 -2.3 -2.3 -2.3 -2.3 -2.3 -2.3 -2.3 -2.3 -2.3 -2.3 -2.3 -1.5 -0.8 0 0.6 0.9 1.3 1.8 2.2 2.6 3.5 13 24.1 41.9 57.9 76.1 99.5 123.9 153.8 169.1 176.2 177.4 175.6 168 162.4 155.8 147.6 152.6 150.3 149.4 153.3 136.4 108.1 103.7 104.1 101.4 99.2 111.1 108.6 83.6 64.4 33.4 30.5 25 22.1 18.7 15.3 13.3 11.1 7.5 2.8 2.8 2.8 0.9
-2.3 -2.3 -2.3 -2.3 -2.3 -2.3 -2.3 -2.3 -2.3 -2.3 -2.3 -2.3 -2.3 -2.3 -2.3 -2.3 -2.3 -2.3 -2.3 -2.3 -2.3 -2.3 -2.3 -2.3 -2.3 -2.3 -2.3 -2.3 -2.3 -2.3 -2.3 -1.6 -0.8 -0.3 0.1 0.6 1 1.4 1.9 2.3 2.7 10.5 16 29.6 48.1 65.9 83.6 105.4 123.2 146.3 160.5 161.9 161.4 157 155.9 150.5 144.6 144.4 144.3 145.2 145.6 110.7 104.4 104 108.7 107.6 91.2 87.9 80.5 78 46.1 28.6 23.4 20.5 17.1 15.1 11.8 9.2 8.2 7.3 2.8 2.8 2.6 1.3
-2.3 -2.3 -2.3 -2.3 -2.3 -2.3 -2.3 -2.3 -2.3 -2.3 -2.3 -2.3 -2.3 -2.3 -2.3 -2.3 -2.3 -2.3 -2.3 -2.3 -2.3 -2.3 -2.3 -2.3 -2.3 -2.3 -2.3 -2.3 -2.3 -2.3 -2.3 -1.6 -1.1 -0.6 -0.2 0.2 0.7 1.1 1.6 2 2.5 3.9 11.2 20.7 39 54.5 72.8 97.8 115.8 123.5 133.9 150 153.4 152.8 145.3 138.2 135.9 129.2 126.1 131.7 129.5 107.2 105.7 107.4 112.3 115.4 95.6 71.4 56.7 40.4 27.5 21.9 19.4 15.4 13.8 11.6 9.1 7.6 7.1 6.5 2.8 2.8 2.5 1.2
-2.3 -2.3 -2.3 -2.3 -2.3 -2.3 -2.3 -2.3 -2.3 -2.3 -2.3 -2.3 -2.3 -2.3 -2.3 -2.3 -2.3 -2.3 -2.3 -2.3 -2.3 -2.3 -2.3 -2.3 -2.3 -2.3 -2.3 -2.3 -2.3 -2.3 -2.3 -1.8 -1.4 -0.9 -0.4 0 0.5 1 1.5 1.9 2.3 2.7 6.8 17.4 32.2 47.8 63.4 86.5 103.9 121.5 123.1 123.6 126.5 132 119.8 115.1 115.2 113.1 113.2 119.3 122 106.9 106.8 112.7 119.6 111.5 77.5 58.2 38.6 27.2 22.1 18.9 14.7 12.6 11.3 8.6 6.7 7 5.7 6.5 5.9 2.8 2.4 1.1
-2.3 -2.3 -2.3 -2.3 -2.3 -2.3 -2.3 -2.3 -2.3 -2.3 -2.3 -2.3 -2.3 -2.3 -2.3 -2.3 -2.3 -2.3 -2.3 -2.3 -2.3 -2.3 -2.3 -2.3 -2.3 -2.3 -2.3 -2.3 -2.3 -2.3 -2.3 -1.9 -1.4 -0.9 -0.4 0 0.5 0.9 1.3 1.7 2.2 2.5 2.6 7.9 24.5 46.2 63.3 76.7 92.5 109.8 117.9 105.2 114.5 109.2 106.8 106.7 107.6 108.2 110.7 118.1 116.4 109.3 107.2 108.6 117.6 98.2 71.7 43.7 25.6 20.1 18 14.9 11.4 8.7 8 7.6 7.1 5.5 5.9 5.7 6.2 4.8 2.3 1.5
-2.3 -2.3 -2.3 -2.3 -2.3 -2.3 -2.3 -2.3 -2.3 -2.3 -2.3 -2.3 -2.3 -2.3 -2.3 -2.3 -2.3 -2.3 -2.3 -2.3 -2.3 -2.3 -2.3 -2.3 -2.3 -2.3 -2.3 -2.3 -2.3 -2.3 -2.3 -1.9 -1.4 -0.9 -0.5 -0.1 0.4 0.8 1.3 1.7 2 2.2 2.1 2.5 5.7 23 40.5 65 80.5 76.1 77.2 79.3 90.2 98.2 99.1 101.2 103.7 107 110.4 115.6 116.7 112.4 111.8 111.4 108.1 85.3 51.3 28.6 20.5 17.5 13.3 11.6 9.7 7.2 6.2 6.3 5 5.7 5.2 4.8 4.9 6.2 4.4 2.4
-2.3 -2.3 -2.3 -2.3 -2.3 -2.3 -2.3 -2.3 -2.3 -2.3 -2.3 -2.3 -2.3 -2.3 -2.3 -2.3 -2.3 -2.3 -2.3 -2.3 -2.3 -2.3 -2.3 -2.3 -2.3 -2.3 -2.3 -2.3 -2.3 -2.3 -2.3 -1.9 -1.4 -1 -0.5 -0.1 0.4 0.8 1.2 1.4 1.7 1.8 1.7 2 2.4 2.6 3.9 27.1 39 51.6 58.9 69.7 81.4 86.5 92.1 95.5 93.7 98.2 103.3 108.7 103.7 105.3 101.9 89.9 80 60.6 36 19.5 15.6 11.8 9.8 8.3 7.2 6.4 5.9 5.6 4.5 4.5 5.3 5.4 5.4 5.5 6.7 6.1
