Game/Highland_Data/StreamingAssets/GeoData/Data/sh/SH80.asc
ncols 200
nrows 200
xllcorner 280000
yllcorner 300000
cellsize 50
[rows 144 to 179 of 200, columns 0 to 79 of 200]
65.8 70.6 78.7 84.8 78.3 78.6 80 84.1 90.4 96 99.6 102.4 102.7 104.2 105.8 108.6 109.8 111 115.6 120 125.2 127.3 129.3 145.9 160.7 173.7 186.4 192.6 201.8 211.5 222.4 230.3 237.9 244.3 250.9 257.1 263.1 263.5 261.8 264.2 266.5 266.9 261.7 255.2 250.3 250 252.1 255.1 261.9 265.1 264.5 262.7 259 257.3 257.2 259 257.6 251.4 242 238.5 233 225.4 218 213.8 206.6 203.1 193.6 184 177.1 164.5 153.6 142.8 137.3 141.7 151.2 164.6 179.8 186.4 201.2 211
61.1 66.1 68.1 67.5 67 64.8 66.5 70.1 75 80.9 83.7 86.4 86 86.5 88.3 93.1 99.9 104.2 113.7 114.7 120.9 124.1 143 160.1 174.4 187.4 199 205.5 216.4 228.9 240.8 248.1 254.3 257.9 262.4 266 268.2 264.8 262.7 264.1 261.7 257.2 250.3 245.7 242.9 244.9 249.7 256.5 266 270.4 268.2 263.5 259.1 257 255.1 257.2 253.8 244.4 236.3 230.3 222.6 214.2 206.1 199.8 197 189.8 181.8 174.5 167.5 157.5 148.4 140.8 141 149.5 163.6 180 192 200.8 209 218.2
52.8 56.8 55.8 55.4 58.8 64.4 67.5 69.3 71.9 74.9 75.5 79.3 82.8 86 92.9 98.2 103.4 108.5 115.1 120 124.1 145.5 161.2 175.9 189.5 202.9 208.8 218.5 230.5 243.8 256.3 264.6 270.2 268.2 269.3 272 272.5 265 255.5 251.6 247.9 240.7 238.4 236.9 238.1 240.4 247.3 256.9 267.8 271.2 267.4 261.5 256.6 252.5 249.1 248.6 243.4 236.4 229.8 220.6 211.1 198.9 190.9 188 182.6 176.2 170.5 167.5 161.5 152.4 145.7 141.5 146.4 158.3 175.7 189.2 201.2 207.9 217.3 227.4
46 46.5 54.1 62.9 71.5 77.7 83.2 86.7 87.8 86.5 88.1 90.6 91.5 92.9 94.9 98 103.8 109.2 117.4 127.5 145.5 161.9 176.4 191 204.6 217.4 220.2 229.9 245.5 260.6 270.7 277.3 275.9 275.8 272.5 269.9 260.8 248.5 240.9 234.1 231.6 226 226.9 227.8 228.3 233.9 244 256.2 265.9 265.6 261.4 255.3 249.7 245.6 242.5 239.2 231.3 224.7 217.1 207.3 194.6 183.4 175.7 173.7 170 166 163.4 162.9 155.7 149.3 143.4 143.3 152.3 167.9 183.6 196.4 207.9 216.7 227 236.1
40 50.4 58 72.4 79.5 91.5 98.5 105 105.5 107.6 107.9 108.3 113.9 115.6 117 114.8 120.2 124.5 129.3 139.2 159.2 172.7 188.3 201.4 215.8 228.7 230.6 241.6 256.7 270.1 279.4 284 275.1 270 259.8 246.2 235.8 226.2 219.8 215.2 213.3 211.9 215.1 209.4 202.1 215.3 238.7 252.3 259.2 256.4 253 246.1 240.9 236.4 234.1 226.7 216.7 211.8 199.7 189.7 175.7 167.1 161.7 161.1 158.1 157.4 157.3 156.9 151.1 145.3 142.5 147.9 158.8 176.8 190.1 202 211.5 220.2 228.4 239.2
41.5 51.3 63.5 76.8 89.3 101.1 107.4 115.4 118.2 125.4 132.6 134.3 139.7 141.8 144.4 150.3 153.6 158.3 160.1 151.8 159.3 173.8 194.2 207.7 222 228.8 236 248.4 264.9 277.4 280.6 274.4 260.5 245.2 233.8 221.1 209 200.7 193.7 190.6 189.9 192.7 195.2 192.3 180.1 196.8 225.8 241.6 247 245.7 242.6 236.2 231.2 226.3 222.8 212.6 200.9 192 179.3 167.7 159.1 152.3 149.9 150.5 150.7 150.9 150.8 149.5 146.6 144 145.3 153.9 169.9 183.5 194.1 204 212.5 219.8 227.4 237.2
41.8 49.7 65.1 78.5 93.7 106.9 113.8 121.9 133.2 142.9 143.9 147.8 154.5 158.8 166.3 174.6 180.1 185.1 186 180.7 177.8 182.6 190.6 211.1 222.5 229.8 239.2 253.4 269.5 276.1 267.9 250.9 233 219.8 206.8 195.3 184.5 175.8 166.1 164.1 164.5 168.9 174.9 174.4 166.8 182.2 210.5 227.5 233.7 235 229.8 223.1 217.3 213.2 206.7 195.9 184.1 171.7 161.5 150.1 143.4 140.3 140.6 141.6 143.2 143.9 145.5 146.1 145.9 146 150.7 162.9 176.7 186.1 196.2 205.7 212.2 217.4 224.7 233.3
41.2 47.9 64.1 80.2 97.3 107.7 118.5 130.6 141.6 149.5 153 163.1 168.5 174.8 182.5 189.1 194.9 199.8 203.6 204.3 200 199.8 204.6 213 223.5 230.1 240.3 255.9 268.6 262.7 242.3 225.2 208 194.4 179.4 166.9 155.9 148.3 141.8 139.9 143.7 149.8 157.1 158.2 153.2 173.1 200.9 213.8 221.3 221 215.6 208.3 201.5 196.2 188.6 177.1 165.2 153.4 143.2 135.5 133.7 133.6 134.5 135.3 137.4 139.3 142 143.5 144.9 148.3 155.3 168.8 179.3 189.4 196.9 201.9 207.7 213.8 221.4 229.1
41.6 45.1 59.3 77.1 94.2 110.7 124.4 137 146 155.5 164.2 173 180.3 188.7 195 201.1 207.2 211.7 216.7 219.5 217.7 217.3 216.8 221.4 226.5 232.6 239.6 254.3 251.4 235.3 218.2 197.6 181.6 167.5 153.4 141.6 131.2 125.8 121.8 122.2 126.3 134.7 143.2 144.3 140.5 168.4 190.1 199.8 205.6 205.6 198.7 191.4 184.3 179.7 171.4 158.1 145 134.8 129.7 128.4 128.1 130.1 131.2 132.2 134.2 137.4 138.2 140 144.8 149.7 157.8 170.4 178.1 185.1 191.9 196.8 203.1 209.4 216.1 222.9
41.7 44 52.6 69.7 89.8 109.7 125.7 137.9 149.8 160.9 172.4 182.6 192 199.4 207 212.3 217.3 220.9 226.6 230.5 229.1 228.2 228.2 228.7 231.7 234.2 233.8 233.2 220.4 205.2 190.6 172.6 157.5 141.7 129.8 120.3 113 108.5 104.6 106.3 109.9 116 125.1 130.9 138.8 164.1 177.8 184.4 188.1 188.8 182.3 174.6 168.6 163.1 152.1 138.3 127 125.1 123.5 126 127.9 129.2 131.7 134.8 137.5 137.9 140.5 143.6 147.7 150.8 154.2 163.5 169.6 177 185 191 197.5 203.7 209.9 217.2
39.9 43.9 48.5 62.8 82.2 102.5 120.7 135.6 150.8 166.4 180.2 192.2 202.2 208.1 215.4 222.7 227.3 229.4 233.6 234.4 238.5 239.6 238.4 237 236.7 231.8 220 203.6 189.1 176 161.1 146.6 132 119.3 110.5 102.9 99 95.1 95 96.8 101.1 105.5 109.1 113 134.5 151.7 161.6 168.8 172.2 170.4 165.2 158.4 152.8 145.9 132.7 124.4 122.2 121.9 124.9 127.3 131.1 134 137.9 142 144.6 150.2 153.5 147.6 148.6 154.1 154.2 162.2 169 176.7 182 189.2 195 200.6 205.3 211.9
42 43.3 47.7 60.2 78.2 94.5 114.3 131.9 153.2 170.2 184.6 196.6 206.1 212.7 220.5 227.4 232 233.3 238.5 233.8 237.1 239.5 237.2 231.9 228.1 212.1 195.8 179.6 163 148.6 134.6 122 110.6 101.5 93.3 87.7 86.7 88.1 89 91.7 91.8 94.4 100.9 106 119.8 134.3 143.9 150.9 154 151.2 147.4 142.7 137.4 128.9 120.9 119.2 121.9 125.6 130.6 138.7 142.6 144.7 149.2 154 161.7 166.3 160.3 162.6 152.9 155.5 161.1 164.9 167.7 177.7 186 193.4 197.2 203.6 213.3 220.3
45.3 39.5 47.4 60.4 76.7 90.3 109.7 128.7 150.5 169.6 185.8 197.7 208.2 215.8 223.3 228.5 230.3 230.1 229 230 219.1 219.8 213.3 211.7 203.3 191.6 173.3 156 137.8 124.5 112.5 102.1 93.7 83.7 84.2 87.5 93.2 99.2 101.9 106.1 110.6 111 97.4 100.1 106.5 112.9 122.2 129.5 132.3 129.2 126 122.8 119.4 116.9 115.9 121.7 127.8 136.3 146.1 155.3 153.6 156.6 161.8 166.6 171.6 172.7 172.6 169.6 164.8 157.9 163.3 168.9 176.3 184.8 193 201.5 207.2 213.5 221.4 228.5
46.7 41.9 47.2 58.9 75.1 87.5 102.6 122.1 144.2 166 184.3 199.1 209 219 221 220.7 218.8 216.1 209.1 201.1 196 193.7 194.5 191.8 182.1 168.5 151.3 135.1 119 106.1 95.7 86.3 81.4 85 92.5 101.1 111.6 118.4 121.7 126.6 132.1 128.5 113.9 98.7 98.8 102.6 106.2 109.2 110.7 108.9 109.2 111.2 115.5 120.3 124.5 130.1 143.2 155.5 161.9 162.8 165.4 168 171 175.9 179.2 178.4 180.1 176.4 175.1 166.9 167.2 174.7 183.4 191.8 200 207.5 213.4 220 229 234.9
47.8 42.5 47.9 58.4 71.3 84.2 100.4 115.3 135.3 161.1 180.8 193.2 202.6 202.7 202.3 197.6 195.1 190.7 183.6 177.9 174 170.1 169.1 169.2 160.9 147.5 133.9 116.7 101.9 90.1 80.5 80.6 87.1 97.2 107.9 121.3 132.8 135.1 142.1 145 149 147.4 139.4 124.3 108.8 103.3 102.8 104.5 106.4 110.7 114.9 117.8 122.3 126.5 131.2 142.6 160.2 166.7 170.3 174.3 176.7 177.1 179.1 182.7 184.5 185.1 187.3 184.5 182.9 178.9 174.5 181.5 190 197.6 204.5 211.7 219.3 227 234.7 240.1
50.6 46.1 47.1 57.4 70.5 81.6 96.9 109 129 151.1 171.7 177.5 179.5 177.1 178 175.3 169 162 156.3 151.8 146.9 145.7 146.5 146 138.8 129.5 114.7 99.9 86.1 78.7 79.5 86.6 98.6 112.6 125.5 142 151.8 147.9 155.4 157.6 162 160.9 158.4 145 126 118.7 120.1 114.5 116.2 120.5 121.8 129.1 132.4 139 147.6 153.2 160.7 169 173.4 176.8 179.8 181.3 183.7 187.1 188.4 191.2 192.4 191.2 190.8 185.2 185.6 189.1 196.2 203.5 209.5 216.2 225 232.8 238.6 244.3
53.6 46.4 45 61.8 70.2 81.6 99.2 109 126.2 136.8 157.7 158.3 157.8 154.6 155.1 149.4 141.1 135 130.1 124.9 123.8 122.7 122.4 121.2 117.3 109 97.2 83.2 76.5 79.8 89 99.7 113.6 131.1 143.3 158 160.2 157.8 164.1 167.1 169.8 170.1 167.5 158.3 140.3 144.2 150.3 150.2 147.1 143.5 143.4 144.9 145.8 151.7 156.7 160.4 163.1 167.4 175.1 178.5 181 183.4 186.5 190 191.9 196.6 195.6 196.3 197.5 198.3 197 198.7 205.3 208.9 215.1 222.8 230.6 237.3 242.6 248.6
55.4 45.1 47.9 60.6 67.2 81 93.5 101.8 116.9 120.6 132.5 133.9 133.1 130.9 128.8 121.8 115.5 110.7 106.1 101.4 99 98.7 98.6 97.6 95.4 88.7 80.2 75 77.5 89.2 101.9 113 131.8 150.5 155.9 167.6 169.6 168.7 173 174.6 176.1 177.1 175.4 169 153.9 167.6 174.4 175.8 174.6 173.4 172.2 169.6 170 172.2 175.2 176.7 176.7 177.6 178.9 180.9 183.1 184.4 188.1 191.5 195.3 199.4 198 201 203.5 205.2 205.9 209 212.2 215.4 221 228.4 235.5 244.1 246.4 251.9
57.1 43.4 49.8 59.7 65.4 81.8 86.6 95.3 100.5 100.3 106.3 108.8 110.1 108.5 104.4 97.4 92.9 88.5 84.5 81.3 79.4 77.9 78.4 77.1 74.5 73.8 74.3 79.5 87.3 100.7 116.2 130.9 149.9 160.8 168.6 174.5 175 175.5 178.2 181.4 182.6 183.2 181.6 175.4 165.7 181.1 187 191.3 194.6 195.1 195.3 193.8 192.1 190.3 189 186.4 183.6 183.4 182.6 183.2 184.6 185.5 188.5 192.6 196.4 199.1 200 204.5 208.1 211.7 213 214.9 217 219.8 225.4 232.9 240 247.4 250.1 254.8
57.4 45.7 49.8 58.6 64.7 77.1 76.8 84.3 80.8 80.9 84.6 87.8 90.3 88.8 84.6 79.1 74 69.9 68.6 64.3 67.1 68.6 68 71.9 75.2 79.1 82.2 87.6 98.9 115.2 130.9 148.3 166.4 172.9 175.2 178.8 180 181.7 183.5 185 187.6 189.5 189.3 182.5 182.3 193.4 200.7 205.6 209.3 210.2 207.1 205 202.6 200.8 198.3 193.4 189.1 186.5 184.1 184.4 185.7 185.7 187.7 191.7 194.5 196.3 200.8 206.9 211.6 215.2 215.4 217.1 219.4 222.3 228.1 235.6 244.6 251.5 253.2 258.4
60.3 47.9 49.2 52.7 60.5 64.4 64.1 60.4 61 65.2 72 73 75.1 72.9 68.9 62.6 61.1 62.3 63.3 66.8 70.4 73.3 77.2 80.1 85.1 86 86.2 97.9 113.3 129.8 144.5 165.8 175.5 176.1 180.1 183.3 184.1 185.5 187.1 190.3 194.9 197.4 197.5 197.5 200.7 205 211.9 216.7 220.1 218.6 216.6 214 211.9 209.1 204 197.7 192.2 188 185.7 185.1 183 182.7 185.5 188.2 190.6 194.3 200.8 207.1 210.4 211 213.7 215.1 217.3 221.9 229.2 237.6 247.9 255.3 254.1 258.6
66.3 56.9 48.3 48.2 49.3 55.9 49.4 53.3 53.6 58.7 61.1 63.8 62.7 58.4 59 59.5 62.9 67 69.5 73.1 78.5 87.4 95.5 100.7 102.5 100.5 93.5 107.7 129.7 143.4 156.2 170.3 175.1 176.1 180.4 184.6 186.7 189.3 192.1 197 202 205.9 207.9 210.4 213.9 216.9 220.6 224.6 225.7 224.3 222.6 220.3 217.2 213.2 206.6 199.2 192.5 187.6 185.5 181.8 177.1 177.7 179.3 182.1 184.6 189.7 196.3 198.6 202.7 204.9 209.1 210.4 214 220.6 228.4 238 249.3 256 251.5 254.9
81.9 64.8 56.8 58.6 59.1 58.9 55.6 52.9 52.7 53.4 54.5 55.9 56.6 61.7 66.3 72 76.8 82.3 87.8 89.9 101 110.4 119.7 120.9 120.6 112.6 100.5 110.9 131.4 141.2 152.7 161.9 167.4 173.6 179.4 183 187.2 191.8 198 204.9 210.6 213.6 218.6 222.9 225.6 227.1 229.4 231.4 231.4 229.9 227.3 224.4 220.9 215.1 203.7 198 190.2 185.5 180.9 172.1 167.5 167.4 171.1 174.7 173.3 180.1 185 190.1 196.1 197.2 199.3 203.8 208.3 216.6 225.9 237 249.2 248.7 243.1 239
98.6 79.2 67.2 64.1 65.9 64.7 62.6 59.4 59.5 57.6 56.7 61.5 68.2 81.6 83.6 90.1 95.2 100.4 106 110.1 119.9 129.4 136.4 138.5 136.4 127.4 112 113.6 120.6 130.5 136.4 145.1 151.3 159.8 168.8 178.5 187.2 195.3 203.7 213.1 221.5 227.3 230.6 234.9 237.9 239.8 240.9 240.8 238.7 234.4 228.8 224.2 219.3 209.2 198.2 191.9 186.8 181.7 174.9 162.5 160.4 159.3 161.3 161.6 165.2 172.3 177.5 183.9 185.4 185.4 191.8 195.5 200.8 211.3 221.2 234 235.5 229.3 224.7 222.8
117.6 98.4 84.1 75.1 72 70.2 67.6 68.1 67.6 62.7 56.4 62.1 80 87.9 97.6 105.5 114.5 121.5 127 125.8 133.5 141.8 151.7 155.7 156.1 148.2 134 125.2 125.3 122.5 134 134.6 140.1 145.5 152.3 161.1 182.3 196.9 210.4 221.4 231.1 234.6 239.1 245.1 249.1 251.5 252.1 249.5 244.7 234.6 224.8 217.1 208.1 198.9 192 186.8 180.6 175.6 163.2 155.7 152.8 151.7 153 153.6 159.4 163.8 169 171.1 174.3 178.6 182.5 186.8 194.4 205 215.7 220.7 220.3 216 211 211.4
135.4 118.1 102.4 86.2 81.8 78 73.2 72.8 70.3 66.4 56.7 62.5 74.3 89.6 104.6 116.5 126.3 136 139.2 137.7 145.8 155.2 164 168.8 170.5 170.4 163.1 151.5 143.4 137.6 138 140.6 142.8 146.5 152 159.2 172.9 197.2 215.1 227.3 235.5 239.2 246.5 254.3 258.8 262 262.3 254.9 241.4 227.8 216 207.2 199.3 190.4 185 179.8 174.7 164.2 152.1 148.5 146.7 146.2 147.1 149.7 152.8 156.3 162.3 167.9 171.6 174.8 178.2 182.3 188.1 198.1 205.9 208.3 209.5 203.9 203.8 205.4
159.1 141 123.2 107.3 94.9 86.7 80.7 79.2 78 69.9 62.3 60 68.6 84 103.6 121 131.1 140.6 141 148.1 156.7 166.9 173.5 174.6 175.4 179.8 188.7 180.7 171 170.1 166.3 157.4 153.7 158.8 164.6 171.2 171.4 192.2 218.4 230.9 237.7 245.5 253.8 261.3 266.2 273.3 269.6 252.4 233.8 218.3 204.9 196.9 190.4 182.5 175.7 170.6 162.3 150.1 144.7 141.8 140.5 141.6 135.6 147.1 151.9 155.4 159.9 159.2 169.7 174.2 177.8 180.7 184.7 189.9 192 196.6 197.7 196.3 199.2 202.5
182.1 168.1 148.6 129.5 113.8 101.5 87.2 90.2 91.2 83 67.8 56 64.2 71.7 89.1 107.1 123.5 132.3 140.5 150.3 162.7 172 182.8 180.2 181.8 190.4 200 203.2 192.7 197.8 193.8 185.2 180.4 184.1 187.3 195.9 202.2 210.7 223.9 233.7 243.1 252.2 261.6 270.9 279.7 282.5 265.8 243.6 223.8 205.3 191.5 184.8 178.2 170.3 164 157.5 150.7 142 139.1 137.2 134.7 132.3 132.3 146.9 145 140.7 159.1 163.2 168.9 174.1 178.3 181.3 184.3 188 190.7 194.5 192.8 193.4 198.5 201.3
194.7 185.3 171.5 149.2 128.8 111.5 94.4 104.1 104.7 98.6 79 66 60.7 68.7 80.9 96.9 112.8 125.6 135.2 146.8 159.4 171.7 177.4 181.7 187.9 197.5 210.6 212.9 208.8 209.9 209.7 206.1 205.5 206.9 206.8 209.8 215.8 225.4 234.5 244.1 253.2 261.2 271.4 281.5 286.9 276.5 255.7 233.4 210.8 191 178.4 171.9 165.4 159.5 153 147.3 140.7 136.1 134 131.9 120.2 139.2 143.2 147.7 151.8 155.4 158.9 162.4 167.3 172.3 177.6 183 186.7 189.5 191.7 192.6 185.2 190.6 192.6 193.1
199.6 192.6 182.1 160.5 134.2 116 107.1 116 117.1 113.5 92 73 65.4 63.2 76.2 88.6 99.4 110.2 122.5 135.7 146.8 158.1 168.9 173.9 184.3 198.7 208.6 215.5 216.6 217.8 217.6 214.9 212.9 214.8 216.6 219.3 227 236.3 245.3 252.7 260.8 267.2 275.6 283.7 283.5 267.3 244.5 220.3 198.1 179.1 164.7 159 153.7 148 143.1 138.1 134.2 130 125.3 118.1 133.1 138.4 142.8 147.1 151.6 155.6 159.4 163.9 169.3 174 179.3 182.5 185.2 185.8 184.1 180.1 169.2 177.1 178.3 176.5
196.5 192.9 185.2 168.9 141.8 119.7 119.6 127 128.4 122.8 102.3 78.1 68.8 59.7 67.2 79.1 89.6 98.4 113.1 125.3 132.9 141.7 155.4 165.8 176.2 192.3 215.6 221.2 218.6 220.8 222.8 216.8 216.7 217.1 221.1 225.7 235.3 245.4 252.9 257.8 265.3 270.3 274.3 270.7 267.5 251.3 227.8 204.6 184 165.1 141.7 147.5 140.6 134.9 129.9 126 122.9 120.6 119.6 121.8 129.3 135.9 141 145.7 147.3 152.8 156.7 162.1 167.4 172.6 177 178.1 173.8 167.6 158.8 152.9 146.9 154.7 156.6 161
210.1 204.6 194.2 170.5 143.5 122.2 133.3 137.6 139.7 130.8 106.8 82.4 70.8 57.5 63.5 70.8 82.1 89.5 99.2 112.4 126.8 135.8 145.9 156.6 165.5 181.6 203.4 210.1 212.5 218.3 216.4 213.8 214.3 216.4 221.4 228.4 239.9 250.1 253.7 258.4 265.9 267 263.1 256.1 251.2 232.9 209.8 188.4 168.4 151.4 134.3 133.5 126.6 120.6 116.3 114.1 114.5 112.9 107.4 115.3 115.7 115.8 121.6 127.5 131 137.1 145.4 154.3 161.2 166.2 167 160.6 146.2 137.1 131.4 130.1 130.1 131 132.6 136.8
219.1 215.6 202.6 184.1 157.4 136 146.8 149.1 152.6 142.8 118 93.1 73.7 61.6 61.2 69.4 78.5 86.2 94.1 108.4 118.6 124.9 130.4 140.2 155.9 168.2 185.6 193.7 201 205.6 207.1 206.3 208.4 212.1 217.8 224.7 237.7 243.1 244.5 249.1 254.8 251.9 246.6 239.1 234.4 215.6 193.4 173.4 154.4 138.4 126.7 115.8 115.3 111.3 105.7 103.6 104.4 106.7 108.3 106.3 107.5 109.2 109.9 111.5 112 114.4 119.1 131.8 145.3 149.7 146.2 132.9 125 123.6 129.1 136.3 142.2 144 142.6 141.1
225.9 220 207.5 193 172.1 153.6 158.6 161.1 164.7 158.2 134.7 111.2 91.8 73.5 65.4 60.9 67.9 75.8 87.8 97.7 105.5 113.4 117.6 123.3 137.8 156.8 167.1 178.1 187 192.6 195.8 195.1 199.1 203.4 207.2 214.1 223.7 227.6 229 231.7 235.2 229.4 223.1 216.8 211 195.6 175.1 157.9 140.9 127.9 115.9 109.4 107.2 102.8 101.5 104.4 103.6 104 106.4 111.4 113.6 115.1 114.5 120 117.2 118.2 115.4 115.9 124.7 130.2 124.9 119.3 133.3 147.2 153.2 157.8 161.9 166.8 168.8 168.3
229.9 222.5 212.1 202.7 182.5 172.3 171.2 172.4 175.4 173.4 157.6 135.6 112.9 92.7 78.3 70.6 62.7 67.1 72.9 80.8 90.5 99.7 104.2 108.3 125.2 146.4 152.9 164.1 172.6 177.7 179.4 180.5 184.7 189.2 193.3 198.2 205.5 208.3 209.9 215.1 211.5 206.4 199.2 193.9 187 173.9 158.2 142.5 129.7 118.8 107.7 101.7 96.3 99.1 108.9 111.8 115.4 115.5 119.5 121.9 124.5 127.2 125.8 129.9 128.1 125.7 127 126 118.1 118.3 122.4 137.6 146 155 161.1 166.8 172.5 177.9 182 184.9
233.1 223.5 217 210.5 191.7 188.6 182.9 186.2 186.5 184.8 185.1 160.5 135.8 114.8 96.5 82.7 76 69.9 66.9 70 75.2 85.3 93.4 96.3 111.3 128.9 138.8 148.5 157.9 163 165 165.7 169.2 174.3 178.3 182.4 187.7 190.1 191.5 193.1 187.6 185.5 177.1 171.2 165.7 155.5 142.6 129.8 119.4 108.5 99.4 95.4 102.4 105.5 113.1 117.3 121.1 124.5 128.8 131.2 133.9 138.5 138.5 138.7 137.3 137 137.6 136.5 135.5 131.5 125.9 142.2 155.3 162.3 167.6 173.1 179.3 184.7 190 193.6
