Game/Highland_Data/StreamingAssets/GeoData/Data/sh/SH81.asc
ncols 200
nrows 200
xllcorner 280000
yllcorner 310000
cellsize 50
[rows 70 to 104 of 200, columns 79 to 157 of 200]
123.5 128.1 134.1 135.1 135.9 136.6 139.5 142.9 143.8 148.6 158.3 168.2 183.9 199.4 217.2 238.3 257.7 277.2 299.5 323.3 347 370.6 395 422.2 448.5 480 515.5 538.2 538.1 537.8 536.5 532.7 495.6 462.3 440 418.2 404.1 385.4 375.6 368.7 355.7 334.7 310.6 288.6 271.3 239.5 206.8 176 151.9 128.5 110.1 104.7 103.1 108.3 113.6 123.2 132 149.2 161 178.6 199.7 222.7 244.2 264.7 281.1 281.4 273.7 264.9 257.5 253.4 250.6 253.2 262.2 273.6 279.8 277.4 267.2 277 284.4
121.7 125.2 129.8 130.5 131.4 133 132.9 134.9 129.7 141.2 148.3 157.5 170.1 184.9 200.9 219.4 237.7 260 283.7 307.7 331.8 356.4 382.7 411.1 439.7 470.6 510.7 529.5 534.9 534.6 536.8 534.1 525 503.8 481.9 456.4 438.6 429.9 422.6 410.9 387.4 362.2 330.4 308.6 291.3 264.5 229.9 197.1 167.4 142.8 117.2 104.6 103.7 106.2 108.3 119.3 129.4 143.6 158.8 176.3 198.3 221.2 241.6 266.4 284 289 286.1 288.7 282.8 276.6 270.1 265 264.4 271.4 273.2 258.2 245.7 264.2 264.1
122.5 124.8 122.4 120.3 125.6 128.5 129.4 126.5 123.1 134.4 139.8 147 156.6 170.2 182.9 201.2 222.9 245.1 269 293.1 317.8 345 372.1 400.7 429 462.6 499.7 523.4 529.1 531.6 531.6 527.7 522.2 519.7 513.4 499.3 484 476.1 463.5 438.3 409.4 376.2 348.1 328.4 307 278.1 248.9 215.2 183 155.7 128.7 111.6 102.6 103.1 104.2 113.4 126.7 139.9 156.4 175.1 196.6 219.5 246.3 265.7 278.2 281.9 286.7 294.8 298.7 298.3 298.2 289.6 282.1 271.8 269.8 252.8 238.1 248.1 243.9
117.9 118.6 115.5 115.5 117.5 123.3 125.9 119 119.1 131.1 131.6 137.7 145.5 149.3 166.4 185.6 207.3 230.4 255.1 280.1 304.8 332.5 361 389.4 417.5 452.8 488.8 516.2 521.5 525.2 523.3 521.7 519.8 520.2 517.2 513.7 507.4 496.5 482 453.1 419.6 387.1 359.7 337.2 314.7 286.4 259.2 229.3 194.6 165.7 139.2 120.7 106.5 102.4 103.6 107.3 121.9 138.7 155.6 176.6 201.1 225.5 252.1 265.1 268.6 272.2 283.2 292.1 296 297.4 298.4 286 273.1 260.9 257.7 239.8 219 226.5 223.3
121.6 117.5 113.1 112.9 114.8 117.9 118.8 113.8 116.6 127.1 124.9 130.6 135 143.5 153.4 170.9 192.8 215.8 241.1 266.4 291.9 320.6 349 376.8 406.9 440 476.8 504.3 510.8 513.6 512.7 517 518 518.5 521 518.8 512.5 499.4 490.4 462.4 427.9 394 367 342.5 319.8 293.2 265.4 234.6 204 175.7 148.6 126.9 106.3 102 102.1 107 122.6 136.8 155.5 179.5 204.2 229.7 249 259.4 256.1 265.1 274.2 284.4 284.3 283.1 285.5 271.1 258.5 246.4 236.9 224.3 186.9 197.2 194.9
130.6 122.4 117.9 113.1 111 110.6 110.8 109.3 115.5 119.8 120.6 125 128.3 135 149.2 164.5 183.9 204.8 227.4 252.7 278.5 307.1 335.4 363.5 395 429.1 465.5 486.3 494.3 498.2 501.8 510 513.3 519 520.3 519.6 509.6 499.4 490.8 473.5 436.9 404.5 374.3 348.3 322.9 295.9 268.4 240.6 212.8 182.6 155.9 132.7 112.8 102.7 102.6 106.5 119 136.8 158.7 184.4 205.8 232 243.5 247.6 238.7 246.7 256.4 261.9 263 263.4 262.4 254.6 243.4 230.8 220.4 207.5 191.4 165.2 178
147.4 134.4 124.4 117.2 114.1 111.6 110.2 108.3 109.8 110.1 112.4 118.3 123.5 130.8 141.6 154.3 172.9 191.8 215 240 265.2 294 321.5 351.9 383.2 419.8 452.7 466.9 477.6 484.6 490.8 500.8 506 513 517.5 517.4 510.3 499.9 492.3 483.4 454.5 414.6 380.2 354.3 332.4 303.9 275.6 247.8 219.5 189.8 160.9 136.7 115.1 102.2 102.3 103 118.4 137.2 161 185.7 209.2 228 232.1 227.8 223.9 230.3 237.7 243.4 245.8 246.5 244.6 235.8 225.9 215.7 203.7 192 180.2 158.8 157.5
160.4 143.5 129.3 120.5 116.6 112.9 110.3 108 108.1 107.4 106.7 109 117.2 125.5 130.9 142.4 161.7 180.8 203.5 228.4 252.9 279 307.8 338.8 372 408.6 437.7 445.1 458.8 466.7 476.8 486.8 496.5 504.4 510.4 511.9 507.4 497.2 494.7 480.4 460.5 427.6 392.4 362.7 337.2 309.6 284 255.1 226.2 196.9 167.5 141.2 118.8 101.2 101.6 101.6 120.5 138 165.2 183.3 208.3 221.2 216.4 209.8 207.4 213.7 220.5 226.2 229.3 228.7 225.5 218.5 208.6 199.1 188.7 176.9 165.2 154.1 129.6
175.4 152.6 134.1 123.1 117.1 114.1 114.2 115.7 113.6 107 106.2 105.6 108.8 115.3 121.8 133.4 151.1 170.4 192.3 216.8 239.9 264.6 294.6 327.3 359.8 397.7 414.8 422.1 435.7 447.6 461.4 474 483.4 495.6 502.4 503.3 501.9 495.8 494.1 482.9 465 441.8 413.6 377.4 347.3 317.2 289.6 262.6 232.1 202 171.9 145.1 121.8 101 100.4 106.6 121.7 139.1 161.8 180.1 206 202 197.1 191.6 190.3 196.8 204.3 211.6 213.1 210.7 205.9 199.5 193.2 184.2 174 162.2 151.1 139.4 130.9
191.3 165.2 145 128.8 119.9 116.5 116.3 115.9 114 109.7 105.5 105.1 105 107 117.3 124.2 138.4 159.3 180.6 203.7 226.8 250.2 281.6 313.7 347.5 380.8 392 399.3 411.2 427.3 442.8 457.5 468.9 483.6 491.5 490.6 491.5 494.4 489.2 478.4 456.9 449.1 425.5 390.5 362.1 328.1 298.3 273.3 236.7 206.2 176.2 148.2 123.4 100.9 99.4 106.6 121.8 140.1 156.1 177 187.3 183.7 176.7 170.6 172.7 178.9 187.3 196 195.9 192.8 188.2 183.7 177.5 169.1 159.1 148.1 137.2 124 119.5
203 179.6 156.8 136.8 125.5 117.8 115.8 115.6 114.7 113 111.1 105.9 104.7 104.1 108.2 115.5 130 148.1 168.9 189 213 236.3 268.1 301.2 337.7 355.8 364.5 373.5 388.5 406.7 421.7 437.4 452.8 466.1 476.9 480.1 487.5 486 480.6 467.5 448.1 440.6 420.4 385.6 364.3 342.9 311.2 284.2 244.8 206.8 179.6 153.5 129.5 111.5 100.5 101.1 118.8 140.4 151 163.9 171.2 164.7 160 147.9 153.8 162.6 173.2 180.1 178.8 177.4 174.2 169.6 163.7 155.1 145.5 134.8 122.6 116.1 107.1
213.2 187.8 166.1 146.9 133.4 123.4 116.1 114.9 114.8 113.2 111.2 106.4 103.8 102.6 106 111.4 120.3 137.4 158.5 175.4 196.6 223.1 255.3 288.8 324.1 330.5 333.9 348.5 361.8 381.9 398.4 414.6 430.9 442.7 456.9 461.6 466.9 473.7 470.4 451 442.1 423.4 402.6 376.9 354.1 329.5 304.9 272.3 236.3 204.8 178.9 155.9 135.2 115.7 100.7 99.8 117.7 133.6 143.7 153 151.7 147.2 140.4 129.2 137.1 145.2 156.8 162.3 160.2 161.6 160.2 155.1 150.1 143.3 134.8 124.8 113.9 105.5 115.7
224.5 200.9 178.7 159.2 142.6 127 118.8 115 114.3 113.5 111.1 108.3 105 103.8 104.3 106.8 113.3 126.5 142 164 182.9 208.4 236.6 268.7 298.4 307.3 308.7 322 340 360.1 376 391.3 407 416.4 432.7 441.7 449.8 454.8 452.1 433 424.7 405.3 381.1 361.6 338.5 311.1 289.1 257.3 226.4 196.9 175.3 155.4 136.7 120.9 104.1 100.7 115.4 125.7 132.2 134.2 132.9 129.2 121 112.7 121 132 142.1 147.4 149.2 148.7 146.3 142.8 137.2 131.8 124.8 117.2 104 110.5 124.1
245.1 216.1 193 172.2 150.3 134.6 121.6 116.5 115.1 115.3 114.2 114.7 108.3 105.9 105.2 103.7 104 118.7 133.6 150.2 165.9 186.9 210.9 235.8 260.1 269.7 279.5 296.1 317.8 332.6 347.9 364.1 377.3 387.1 400.7 417.1 430.2 430.8 426.3 415.1 399.2 380.7 356.2 335 314.9 291 268.2 240.9 210.1 186.5 168.5 150.7 135.6 122.5 107.2 98.1 102.1 108.5 114.6 116.5 114.5 113.3 104.2 105.6 110.1 121 131 135.2 137.6 136.8 133.7 130.9 127 120.9 115.4 107 114.3 125.5 136.3
265.2 233.2 208.3 182.6 159.4 141.6 127.3 118.6 117.7 116.6 114 115.3 114.3 106.5 105.9 104.8 97.7 107.6 121.7 132.2 150.2 168.7 187.8 205.8 229.4 241.5 247.6 267 288 305.1 322.3 334.4 348.2 353.6 371.8 384.2 397.2 402.9 399.8 388.2 372.9 355.4 332.8 310.1 289.2 269.5 243.7 221.1 198.3 176.5 159.5 144.2 132.3 121.4 113 103.6 99 96 97.7 100.3 100.2 98.2 97.9 100 104.8 113.4 121.4 124.2 126.1 125.8 124.5 121 115.9 108.8 101.9 118.3 131.2 143.2 154.9
280.8 250.2 221.7 194.9 168.8 148.6 133.7 121.7 119.6 117.8 117.5 112.2 115.5 109.3 106.6 104.9 93.4 100.8 108 116.9 131 148.5 163.3 178.6 196.5 212.6 221.3 240.4 253.7 271.8 296.6 305.5 310.2 315.2 335.1 350.3 359.1 364.3 368.4 360.1 345.1 327.5 306.9 286.6 265.5 248.1 222.1 201.5 182.5 164 150.5 136.4 125 117.3 109 100.3 95.3 93.6 96.9 97.9 97 98.8 98.7 98.7 96.8 101.4 110.8 115.2 115.3 114.8 114.1 111.5 100.3 113.9 123.3 138.3 150.4 161.3 175.8
275.1 255.1 231.7 206 179.3 155.6 137.5 125.8 121.5 119.8 118.2 117.3 111.5 108.2 106.6 94.2 94.8 95.4 98.2 102.4 115.4 128.4 142.6 155.6 170.6 186.4 198.5 207.6 223.5 242 266.7 272.1 277.1 277.9 295 310.4 315.3 323.5 323 324.1 315.5 299.2 280.2 262.4 242.1 221.6 201.2 183.4 166.4 153.9 140.4 127.7 118.3 109.2 101 97.6 94.5 98.7 99.4 103.9 104.6 106.9 109.8 109.9 111.3 110.4 99.7 100.8 100.1 100.2 100.5 112.4 119.3 129.9 142.5 155.6 167.8 180 196.9
263.8 245.6 224.2 203.6 181.2 161 143.8 129.4 123.1 121.2 119.3 113.8 108.7 111.1 102.6 93.4 90.8 92 91.3 92.3 99.1 108.8 121.7 133.9 144.8 160.5 172.7 179.9 195.1 209.2 230.2 236.5 238.1 243.2 259.8 268.7 273.8 282.1 285.7 289.2 288.2 272.2 257.4 240.9 221.8 201.1 182.5 167.4 152.5 141.6 129.9 119.1 112 105.9 99.5 95.1 92.2 99.9 111.9 118.9 121.9 124.7 128.6 127.9 127.5 125.2 119.4 117.9 115.7 118 124.2 131.5 140.3 152.1 165.2 178.1 188.9 202.9 218.2
248.7 231.9 213.3 194.1 175.5 158.4 143.3 129.3 122.9 119.7 115.8 111.1 107.1 106.6 111.1 111.6 109.9 94.9 90.6 90.6 89.8 94.2 103.3 112.9 117.6 133.7 146.5 155.1 167.5 181 195.2 203.1 205.7 212.8 223 234.6 241 249 253.5 258.1 257.2 247.2 234.1 221.2 200.4 181.6 165.4 151.4 139.4 128.3 118.6 112.1 103.4 95.3 95 89.1 100.7 116.9 127.1 133.6 139.1 146.3 150.2 146 147.8 146.9 143.3 141 140 143.9 149.8 156.3 165.8 177.2 188.6 197.7 210.8 225.6 236.4
230.6 215.3 198.6 181.8 164 150 138.4 129.7 122.5 117.4 113.8 111.4 114.7 115 114.7 111.9 112 110.4 98.2 90.3 90.3 88.5 89.5 93.3 103.1 113.4 123.3 132.7 143.1 153.6 161.6 170.6 177.6 184.9 193.2 202.8 211.7 217.8 223.2 222.6 220.9 218.1 207.5 196.4 180.6 165.2 150.8 139 128.7 120.1 111.6 106.1 96.9 92.2 92.2 100.6 119 130.5 140.6 148.4 161 170 175.8 165.5 172.2 172.7 171.7 169.1 166 169 175.5 182.5 192.6 202.2 210.8 222.1 234.4 245.4 256.3
211.3 196.9 182.9 168 152.6 141.2 129 123.3 122.3 122.5 122.1 122.8 121.2 119.7 118.1 116.1 113.2 112.1 110.1 105.2 91.6 89.6 88.1 86.7 89.7 95.4 102.8 106.3 119.7 129.5 137.6 144.2 152.8 159 166.2 176.2 183.4 188.9 193.2 195.1 192.6 188.2 182.1 173.6 160.8 149.2 138.3 127 118.9 111.7 105.1 99.1 93 88.7 99.2 114 132.3 144.4 154.9 170.1 183.7 194.2 196.5 188.3 196.3 197.9 198.7 199.1 194.9 198.2 204.9 210.6 219.2 227.7 236.3 247.4 256.8 267.6 277.3
191.8 178.4 164.4 150.9 142.2 128.2 132.3 132.1 127.8 127.8 128.3 129.5 128.2 126.3 123.9 122.4 119.5 116.3 111.7 106.3 95.8 91.4 90.8 89.7 87.5 87.4 88.6 90.9 97 106.4 111.3 122.1 128.9 133.8 140.3 150.5 157.7 161.8 166.1 167.1 166.5 163.7 161.1 154.2 146.4 136.9 126.9 117.7 110.5 103.2 99.4 95.9 87.9 96.4 111.4 126.5 142.6 158.1 173.7 190.5 204.2 212.3 211 210.5 215.6 218 222.5 226.2 226.6 230.3 236.8 240.1 248.2 254.6 262.5 271.4 280.8 287.9 291.4
172.7 160 150.1 141.5 132.8 140.4 141.3 135.7 135.3 139.1 138 138.2 136.9 134.5 132.1 129.7 126.3 122.5 117.4 111.7 109.3 107.6 100.5 89.5 87.1 87.2 86.5 86 85.5 86 88.1 98.5 106.1 110 117.9 125.4 133.1 137.6 140.4 142.6 144.3 143.1 142.2 137.2 131.5 125.6 117 108.8 104.8 99.5 94.1 88.9 93.4 108 123.9 139.6 157.9 175 192.3 208.7 222.2 230.1 228.9 229 233.1 237.2 243.1 248.7 254.6 260.1 266.7 270.9 277.4 282 287.8 294.1 295 293.9 291.7
154.1 147.1 140.5 134.4 138.3 147.5 149 145.7 146.9 149.9 149.6 151.5 150.8 147.9 144.9 141.9 137.7 132.6 127.5 121.1 115.6 108.6 106.8 101.4 88 86.9 85.9 86.1 85.4 84.7 84.7 84.7 86.1 93.7 95.3 101.6 111.4 117.7 120.4 124.1 127 128.2 128 123 119.6 114.4 107.7 102.1 97.9 94.6 87.5 95.4 106.1 119.4 136.2 156.3 174.3 192.5 210.5 227.7 241 245.6 244.7 246.9 251.6 256.3 262.6 269 276.6 285.2 292.6 298.4 300.9 301.7 300.2 300.9 295.1 288.6 279.8
141.5 138.5 133.6 141.9 152.9 158 160.1 158.9 160.7 164.9 164.9 165.5 164.8 162.8 161.7 159.2 155.2 150.1 143.5 136.8 121 124.9 114.4 107.6 104.8 102 96 85.6 83.9 85.7 85 83.9 83.5 83.1 84.7 86.8 94.4 102.4 109.3 110.3 112.5 114.7 113.7 110.6 106.9 101.7 97.4 94.2 92.2 87.3 94.9 106.8 117.7 132.4 153.3 175 187.1 207 226.4 245.2 252.2 252.8 255.1 259.9 264 271.5 278.2 284.3 296.5 305.9 313.4 314.7 313.5 311.5 307.8 299.9 284.5 276.6 266.5
139 138.5 150 158 163.6 169.1 173.3 177.3 177.1 182.9 181.9 182.6 183.3 182.2 179.9 178.9 175.3 169.9 163.3 154.6 138.3 138.2 134.4 126.9 117.1 107.3 105.2 102.8 98.7 96.7 91.1 82.7 83.5 82.8 82.6 82.3 86 91.1 98.6 100.9 103.4 103.7 97.9 95.3 90.1 91 92.1 89.5 86.6 92.7 103.2 114.5 127.8 147.5 165.6 180.6 194.4 218 240.2 254.5 259.1 259 262.1 269.3 275.1 283.4 286.6 296.3 312.8 325.6 327.5 325.5 320 314.7 307.2 290 272.6 262.3 252
139.7 151.8 161.7 169.3 179 185.9 191.9 195.3 196.8 200.2 202.6 202 203.5 203.8 202.9 202 198.6 192.4 185.3 175.9 158.4 162.4 157 149.8 141 132 119.6 108.9 107.7 100.5 97.4 95.1 89.8 83.6 83.1 81.5 81.9 81.9 81.6 87.1 92.8 91 88.2 85.7 86.4 85.9 85.7 80.3 94.6 99.8 111 121.8 138.9 159.2 174.7 181.8 199.3 226.2 242.5 248.2 249.1 250.5 257.6 264.9 272 283.3 298.6 313.2 326.6 339 332.8 325 315.8 309.1 296.9 277.9 260.2 248.8 237.8
150.4 162.1 173.9 185.1 196.5 203.9 210 213.2 215.7 219.7 222.5 224.9 226.4 227.1 228.9 228.8 225.5 220.2 212.8 201.6 180.7 181.7 180.5 174.9 165.7 156.9 145.6 128.6 123 110.4 103.9 98.5 95.8 94.4 93 88.7 81.8 81 80.7 80 80 80.3 82.7 83.9 85 81.5 77.7 92 99.1 102.4 115.1 127.8 148.7 165.7 172.1 180.6 202 223.7 232.5 233.5 233.4 238.2 246 256.4 271.4 290.4 308.8 322.6 331.1 334.2 329.9 319.4 308.2 298 283.3 266 249.2 234 224.1
159.5 173.4 189.3 201.8 212.6 219.6 225.7 230.5 235.6 239.9 244.4 249.6 252.8 255.6 259 259.6 257.4 252.4 244.2 226.4 211.5 206.8 204.9 199.6 191.8 182.1 169.5 156.4 144.5 131.5 114.2 107.5 100.2 97.3 95.8 93.9 92.3 91.4 85.5 81.1 79.4 78.2 79.7 80.7 80.4 79.3 83.1 89.1 96.8 106.4 119.8 129.2 147.8 160 163.9 180.7 196.6 205.3 210.7 215.5 223.7 232.5 241.2 250.8 266.3 294.7 316.1 324.4 327.2 327.7 319.9 311.6 298.3 285.7 272.1 254.9 237.4 222.2 211.9
169.4 186.4 203.5 218.2 226.8 234.4 241.5 249.4 254.7 263.7 270.5 276.3 283.9 288.8 294.1 293.8 293.1 290 278 254.6 249.8 243.3 239.3 230.8 220.3 210.1 197.4 183.6 167.5 153.5 137.6 124 112.4 103.5 98.5 96.3 95 93.3 92.2 86 80.8 80 78.9 79 80.6 81.7 83.1 84.6 96.2 104.3 117.1 126.3 139.4 154.1 167.6 181.5 193.7 203.3 216.5 229.6 237.4 248.8 261.1 275.9 291 308.9 323.5 324.3 321.5 318.3 309.3 299.9 288.9 276.2 259.4 241.2 223.5 209.9 201
179.9 199.6 218.3 230.5 239.8 249.3 259.1 267 278.2 287.5 296 305.1 315.3 325.8 332.4 335 333.7 329.6 308.5 292.6 290 282.4 276.2 267.4 255.6 247 234.1 219.3 197.7 178.1 161.3 143.7 126.1 113.9 105 98.7 96.9 94.5 93.7 90.7 80.6 79.5 78.5 78.4 80.5 82.1 83.5 84.5 88.5 102.2 116 128.8 139.2 154.2 169.2 181.1 194.7 214.2 233.3 247.6 256 266.2 278.7 294.1 307.8 316.4 318.4 317.6 312.8 305.7 299.4 290.7 277.6 264.9 247.3 229 210.9 198.9 196.7
192.1 211.9 227.7 241.2 253.8 264.8 277.3 288.6 299.9 313.3 324.7 338.6 352.9 365.9 373.9 376 376.9 369.1 350.8 336.5 330.3 322.2 315.4 306.2 295.4 285.3 275.5 264.2 239.2 210 182.3 162.4 139.6 128.7 114 103.4 99.3 96 93.8 90.8 82.3 78.8 77.6 78.1 80.4 84 82.2 83.6 92.6 106.1 121.2 131.4 144 160.5 170.4 180.7 198.7 225.5 241.3 251 264.4 273.9 284.7 303.1 307.6 310 309.1 306.7 300 290.8 286.4 274.7 262.2 250.5 236.4 217.3 201.6 191.7 198.8
204.3 222.7 239 254.7 269 282.3 297.4 311.4 325.4 339.9 356.6 375.5 390.9 405.2 416.8 415.6 408.6 399.4 388.4 381.2 371.9 370.1 370.2 358.8 339 325.8 328.3 305.3 281 247.7 212.5 175.1 163.2 143.8 125.9 113.7 102.1 96.7 93.4 91.1 79.9 78.2 78.6 78.8 78.9 79.8 82.8 86.9 102.7 115.9 127.5 136.3 147 158.7 168.7 178.8 200.8 223.5 239.4 248.3 258.3 268 280.5 295.3 299.8 299.4 295 290.5 284.8 276 268.1 257.1 246.7 237.7 224.9 207.2 189.2 193.3 203.6
214.2 233.2 251.6 269.6 284.8 301.3 318.6 336.2 351.4 370.3 392.6 408.9 425.8 435.8 432.6 426.3 420 413.9 405.7 404.1 401.6 398.5 396.7 385.7 376.1 370.9 374.7 350.9 322.5 284.9 239.7 204.8 177.5 158.7 138.5 121.5 111 99 93.4 78 76.9 78.8 78.7 78.7 78.5 78.2 84.3 91.1 107.4 121.7 137.1 147.1 149.3 154.9 163.9 177 195.4 212.6 229.5 239.3 249.7 261.3 272.5 284.2 288.9 285.8 281.2 274.1 267.1 259.1 249.2 240.5 231.8 223 211.6 194.6 185 197.3 213.3
224.1 244.6 265.9 283.9 304 322.4 341.3 360.3 381.7 403.4 428.3 443.6 450.6 446.4 437.7 433.3 428.4 423 417 413.9 411.3 408.5 403.9 397 388.1 381.2 377.3 367.5 342.5 311 271.5 228.4 196.6 170.6 148.9 129.5 113.2 102.7 92.5 76.3 78.2 78.6 78.5 78.4 78.2 77.9 78 92.1 109.2 130.4 148.5 158.4 161 162 169.8 177.2 189.7 204.2 217.3 227.7 243.7 256.7 268.3 276.3 275.5 271.4 264.9 257.1 249 241.3 232.4 223.9 215.7 208.7 200.6 183.2 188.4 199.5 215.2
