Game/Highland_Data/StreamingAssets/GeoData/Data/sh/SH82.asc
ncols 200
nrows 200
xllcorner 280000
yllcorner 320000
cellsize 50
[rows 105 to 139 of 200, columns 78 to 155 of 200]
303.5 319.9 338.8 358.6 379.7 396.6 415.5 430.3 446.7 445.8 438.3 431.2 429.2 429.1 428 427.3 430.9 441.8 450.3 454.5 459.4 463.4 467.3 472.6 478.9 484.7 487.7 500.4 510.9 522.1 530.5 541.5 550.5 557.4 570.4 580.6 592.6 598 605.2 616.4 626.9 635.7 642.1 649.6 657.4 665.6 674 679.1 695.8 710.4 728.6 739.8 754.2 766.9 786.4 801.1 814.8 826.2 834.7 835.6 840.5 817.4 770.1 738.1 705.5 672.7 638 617 599.6 585.8 573.5 559.4 544.4 531.2 518.9 506 493.1 481.1
316.6 335.5 357.6 382.3 400.7 413.9 433.6 443 450.5 443.2 437.5 432.7 431.4 431.3 433.1 436.4 440.7 449.1 457.6 464.6 470.7 473.5 480.2 482.4 490.4 494.4 501.5 505.7 520.9 531.9 541.1 553.5 563 572.4 583 591.3 599.8 607.1 617.2 627.8 633.8 641.3 651.3 661.5 668.6 678 685.2 695.9 714.7 723.5 738.4 751 761.7 778.9 794.2 803 816.5 829.4 834.5 834.1 837.8 813.5 758 730.7 697.3 667.9 630.6 612 592 579.8 566.4 550.4 534.6 521.1 508.6 495.9 483 472.9
328.2 353.3 382.2 398.6 413.8 430.6 447.1 453.4 449.2 443.4 437.6 434.5 433.3 435 438.5 443.1 447.2 456.3 465.8 475.2 482.1 489.4 490.3 501.9 501.5 502.4 513.1 521.6 527.5 540.1 552.2 561.8 570.7 581.8 590.2 598 607.1 615.8 625.4 633.6 645.9 653.2 664.2 672.5 682.8 690.1 695.8 708.3 723.5 738 751.2 761.2 770.4 789.4 804.9 812.1 822.4 833.9 835.1 831.3 811.6 786 745.3 715.1 684.6 650.7 620.7 601.8 582.5 568.2 554.2 538.7 523 509.3 497.2 485.4 474.4 465.9
342.1 370.5 396.7 415.1 430.6 443 452.7 451.7 446.7 444 439.8 435 435.8 438.7 441.2 445.7 453 462.7 473 486.2 494.7 501.4 502.5 513.8 516.4 518.8 525.7 533.5 540.6 544.8 557.7 566.7 576.3 587 595.6 605.2 614.9 624.2 633 644 655.3 663.5 673.9 682.7 692.7 699.7 709 723.6 738.3 754.8 762.7 771.2 781.4 796 810.1 818.6 829.5 835 835 825.8 787.3 758.4 729.6 698.9 664.1 628.1 610.5 587.2 570 553.4 538.7 525.3 511 497.5 485.6 475.1 466.4 458.6
357.5 385.1 409.5 419.8 435.7 443.2 446.9 443.7 447.1 449.3 443.2 435.2 435.7 438.8 443.8 454.2 462.5 472.7 484.5 498 508.9 514.6 518.2 526.1 527.7 531.1 538.4 544 553 558.9 563.9 571.2 581.3 592 600.9 609.8 618.5 626.8 638 650.9 662.1 671 681.1 688.5 699.6 716.8 728 739.5 752.5 762 774 782.1 788.1 800.1 816.7 825.2 840.8 840.6 840.5 801.3 764.6 733.1 706.1 674.6 638.1 616 595.5 574.3 555.5 540.3 524 508.9 497.9 485.9 476 465.5 455.8 445.9
366.2 390 408.3 422.2 433.5 437.1 440.5 441.4 449.8 443.5 437.5 432.4 434.5 439.5 444.9 462 472.3 482.9 495 507.6 519.8 528.1 534 540.1 543.2 550.1 556.7 559.7 563.5 567.9 571.7 576.4 586.2 595.4 604.9 613.9 622.2 631.3 640.8 657.2 668.5 680.5 688.8 699.7 718.3 730 744.8 753.6 765.1 772.7 782.8 791.1 799.9 819 826.9 838.9 847.4 850.2 809.3 772.2 751.7 710.8 673.1 640.8 622.6 599.4 580.2 561.4 543.6 527.7 510.1 497.1 485.8 475.4 464.3 454.9 443.7 433.4
371 387 404 418.6 427.6 427.7 433.6 441.3 441.9 433.7 425.8 428.4 433.2 438.4 454.3 468.6 478.9 488.9 503.6 519.8 534.6 540.7 546.9 556.6 560.5 567.3 571.6 572 573.3 575.5 581.6 584.8 589.3 598.1 607.9 618.4 629.1 638 645.4 663 679.3 691.1 696.8 710.8 720.8 738.7 755.7 767.7 775.5 787.1 798.9 807.1 819.3 831 843 853.6 854 855.6 819 761.3 719.7 701.1 647.9 621.9 603 584.7 568.5 548.9 530 514.1 501.1 487.2 476 466.2 454 443.2 431.7 421.2
371.5 386.1 400.7 409 413 420.9 427.5 425.2 423.4 420.2 419.9 420.6 425.9 442.1 457 470.1 482.5 495.9 514 532.7 546.1 557.4 563.4 568 578.4 582.7 583.1 583.4 582.2 586.2 590.6 589.5 593.3 602.6 613.4 624.6 632.3 640.5 655.2 673.2 687.4 696.3 708.3 716.5 726.9 748.2 768.6 780.3 792.5 802.3 814.8 827.8 834.8 849.6 860.9 866.6 867.5 852.7 800.4 747.2 722.3 663.2 625.3 605.7 587.7 571.2 554.7 534.7 518 503.2 489.6 477.9 468.1 458.2 445.4 431.7 419.6 409.8
369.6 380.2 385.5 392.8 403.9 406.9 406.5 408.3 406.9 405.7 406.7 409.9 422 436.3 454.3 467.6 481.6 501.7 521.6 542.9 559.5 571.1 580.3 583.2 587.5 592.1 592.5 591.3 589.5 593.6 596.3 598 601.6 614.6 621.7 628.4 633.4 642.3 660.6 674.1 693.5 702.4 714.6 724.8 732.5 758 775.1 792.4 807.7 820 830.6 837.3 854.2 861.3 868.3 873.8 881.2 850.4 777.2 721.9 692.7 647.5 620.6 594.7 575.7 558.7 540.6 524.9 509.1 493.9 479.6 469.3 458.7 448.7 435.9 420.6 408.5 398.9
362.9 364.8 372.7 388.9 389.7 392.5 391 391.4 392.3 393.2 397.6 406.9 416.8 428.1 447.1 460.7 477.2 500.9 522.2 543.6 566 578.9 587.4 593.3 596.8 600 599.2 597.9 599.4 599.4 602.2 613.5 618.6 628.9 632.5 636.1 641.5 648.7 672.5 684.9 697.2 712.3 726.6 736.3 747.2 765.1 782.5 803.6 819.1 829.1 840 852.1 867.5 870.3 867.9 882.3 877.5 807.1 759.1 702.5 665.3 637 611.8 585.5 564.9 546.4 529.7 511.8 496.8 484.6 471.2 459.7 447.9 437.4 423.2 408.5 396.8 387.7
350.4 354.3 368.7 371.6 373.5 374.3 375.2 378.5 382.6 388.1 395.6 402.7 412.1 422.1 438.5 452.6 469.5 492.8 515.9 541.1 566.7 581.2 592.2 600.9 605.3 608.4 609 609 609.1 609.3 611.7 618.2 630.1 638 640.7 645 650.3 663.4 682.5 694.5 702.5 720.3 732.3 744.9 759.3 775.1 795.4 810.5 827.2 836.7 842.3 858.1 866.3 873.4 872 874.3 857.3 768.1 716 684.1 647.7 619.7 597.2 572.7 554.5 535.7 519.6 502.9 485.8 469.6 461.3 448.2 436.8 426.1 411.3 397.7 386.2 375.9
344.1 349.6 350.5 355 359.7 362.7 366.4 370.8 376.4 384.6 392.4 399.5 408.9 419.9 432.6 447.5 462.6 486.6 508.8 536.9 564.1 584.3 598.5 607.1 614 618.1 619.5 620.1 620 627.2 635.5 642.8 643 645.6 649.9 655.2 662.3 674.4 689.7 703.7 710.1 728.4 736.6 753.6 772.6 789.2 807.5 821.5 833.5 838.3 845.4 859 866.3 867.6 865.6 841.4 828.2 739 690 661.1 633.1 607 583.4 564.6 545.6 527.1 508.2 491.5 475.1 460 447.6 437.5 423.8 412.1 400 388 377.7 371.9
337.5 341.7 343.2 345 350.9 356.1 360.7 366.9 374.6 380.2 388.9 397.3 408.1 420.2 431.4 446.1 462.5 482.4 506.9 531.9 558.7 582.5 600.9 611.1 620 627.9 630.9 633.8 637.2 636.1 644.5 650.4 652.6 654.7 658.4 666.4 675 682.7 698.3 708.3 717.5 736.1 747.5 759.7 778.1 797.7 813.5 824.1 830 837.5 850.3 867.2 865.8 864.7 851.5 803.3 761.8 715 668.3 642 617.5 593.8 572.6 553.3 533.2 514.3 495.2 478.7 463.3 449.1 436.2 423.2 410.9 404.4 390.4 381.5 372.9 367.8
328.8 333.2 335.7 339.9 345.1 350.1 354.1 364.7 371.7 379.1 388.4 397.5 408.7 420.3 433.1 446.9 463.9 483.5 507.9 530.4 556.6 581.2 601.5 615.2 625.3 634.4 639.4 642.8 646.4 648.8 652.9 655.3 659.1 663.5 671.1 677.6 686.8 694.2 706.7 715 726.5 741.1 754.1 770.1 786.5 800.6 815.9 826.7 830.1 841 857.6 867.5 865.2 862.6 837.6 782.9 737.7 691.3 648.2 621.4 600.8 581.1 560.2 539.6 519.7 499.4 481 464.9 447.7 435.4 425 411.8 404.4 394.7 385.9 379 370.9 360.5
320.2 323.9 329.3 334.2 339.9 344.1 353.7 361.5 368.4 376.6 386.7 395.9 406.6 419.9 433.3 449.2 466.3 487.7 508.9 532.4 552.9 579.6 601 615.5 629.2 638.2 644.8 649.5 654.1 657.3 659.6 663.4 664.2 676.1 683.7 689.2 695.2 701.3 710.6 719.9 732.5 743.5 758.7 773.2 790.4 807.8 818.9 819.6 827.8 835.9 852.3 863.4 871.9 843.9 806.3 762 716.8 658.4 627.2 608.1 584.5 566.5 547 526.9 504.7 485.4 467.1 450.9 437.2 425.5 413.9 403.5 397.3 391.1 383.7 376.4 363 373.7
312.3 317.8 323.8 330.1 335.2 341.6 349.6 356.5 364.1 373.2 383.5 395.5 408.2 420.8 436.7 451.9 467.8 488.4 510.2 531 553.8 580.7 603.6 618.6 633.9 644.3 649.3 654.1 657.8 659.7 663.8 666.8 667.9 678.9 686.2 694.5 700 704.7 711.8 716.7 731.6 745.5 756 777.7 791.9 810.3 819.2 826.4 823.7 836.9 848.8 855.3 862.9 821.1 778.1 727.1 676.6 637.8 608.7 587.3 570.2 551.8 534.5 514.2 492 474.2 456.3 440.9 427.8 415.2 405.5 396.7 390.8 385.9 377 370.4 378.6 380.1
304.9 314.3 319.6 326.3 330.6 337.2 343.8 351.2 359.2 367.9 380.6 393.2 406.2 421 436.4 454.6 473.5 492.1 513.7 541.6 562.3 585.2 606.9 621.9 637.7 643.9 651.5 656.4 663 667.9 669.4 670.9 671.1 676.1 684.8 693 698 701.7 709.7 710.2 728.5 742.6 755.1 776.1 793 802.9 813.6 820.1 819.4 829.2 841.5 848.4 839.7 801.8 740.5 685.4 644.7 616.5 592.1 569.8 552.7 536.7 519.2 501.6 482.1 464.3 444.6 431.8 418.7 407.3 397.3 390.6 386 376.2 376.6 383.7 385.5 392.3
305.5 311.8 317.4 322.6 326.3 331.3 337.3 345.2 353.9 363.4 377.9 390.2 403.4 420 433.5 452.8 470.9 493.6 519.9 547.5 569.4 592.1 610.3 623.8 637.4 645.2 652.3 658.7 663.3 667.1 668.2 667.6 668.4 669.7 680 685.2 689.4 694.3 702.2 705.4 724.8 735.6 754.2 766.6 789.7 796.3 805.7 810.1 815.6 825.7 838.1 844.9 818.9 761.1 719 682.3 631.1 608.2 581.6 559.7 541 526 509.9 488.5 471.1 451.3 437.9 424.9 409.8 400.3 391.9 382.9 376 383 385.5 394.5 400.8 406.8
302.7 308.4 314 319 322 328 333.4 341 350.8 362.1 375.3 387.3 400.8 416 430.6 450 468.2 492.1 519.1 548.1 573.2 596.8 612.3 627.3 639.4 649.3 657.8 662.5 660.9 660.6 659.3 661.2 659.3 663 670 676.9 678 685.9 694.4 701.6 716.8 734.1 748.1 762.9 784.8 790.7 798.9 802.9 806.5 816 835.7 842.9 815.5 790.6 716 676 634.2 598.1 576.1 553.3 535.3 519.4 501.1 480.7 464.3 445 431.9 417.3 401.9 391.5 384.5 379.4 385.7 392 397.8 404.8 412.7 419.7
293.8 302.8 310.3 316.5 322.8 327.1 334.2 341.2 352 363.6 374.6 385.7 399.2 413 426.9 440.9 462.8 486.3 510.4 546.1 572.7 592.9 608.9 623.3 637.3 650.4 661.1 656.7 650.1 646.1 643.6 645.2 647.3 652.7 660.4 665.8 673.5 681.4 690.1 699.3 710.6 727.8 743.7 761.5 775.7 780.8 795.6 804.2 815.8 822.4 834.9 835.1 818.2 786.2 726.7 671.6 633.7 600 575.3 550.9 530.5 512.6 494 473.7 455.9 438.6 427 415.8 404.9 390.5 383.8 383.8 393 400.3 406.7 417.1 427.9 438
287.9 296.7 307.9 318.3 324.4 330.3 337.3 344 353.1 363.5 374.5 385.8 396 408.5 421.7 433.4 453.8 476.7 503.6 539.4 564.9 582.7 599.4 612.7 622.1 635.9 645.1 640.7 633.7 627.2 628.4 632.1 635.5 642.6 651.3 658.9 668 676.3 687.4 696.2 708 726.3 742 757.1 767.7 778.8 794.5 805.9 817.9 829.1 833.1 832.6 813.7 763.2 719.5 677.6 641.7 605.7 571.9 550.2 530.1 509.2 490.7 471.3 452.7 437.5 423.6 415 406.7 391.3 394.5 388.2 400.6 408.8 418.6 431.3 445.6 457.9
312.7 301.5 305.3 317.1 324.2 333.6 340.4 347 355.1 364.4 375.7 386.3 395.4 404.5 415.8 428 445.4 466.9 489.2 514.8 542.6 562.3 580.3 593.7 602.3 613.6 622.4 620.6 614 614.3 612.9 617.5 625.2 634.5 645.2 654.1 662 673.5 687.6 697.4 708.8 726.4 741.5 756.4 764.5 784.3 798.3 811 824.1 833.2 839.5 834.4 819 792.3 724.5 683.2 648.6 608.8 581.3 555.7 531.4 509.2 488.5 470.6 453.6 438.1 426.3 414.4 401.9 399.8 400.3 395.5 407.5 417.8 431.7 446.6 462.6 479.6
330 321.4 313.2 312.8 316.7 329.1 342.4 350.3 358.6 368.8 375.9 385.4 393.1 401 410 420.7 431.3 449.2 471.7 492.5 516.3 536.5 554.4 567.4 576.7 587.9 597.3 596 594.9 594.5 598.9 606.3 616.6 629.1 640.6 649.9 657.4 670.2 685.2 695.6 712.6 727.8 746.1 757.4 762.5 785 800.4 810.4 827 831.9 840.5 843.7 811.5 775.8 724.2 690.3 652.9 615 582.4 558.2 541.9 519.6 493.6 472.9 456.1 440.7 425.2 414.3 411.1 412.4 403.7 404.4 417.6 429.3 445.7 462.4 484 501.5
341.4 337.6 334.4 330.7 328.9 328.1 342.8 351.6 360.1 368.6 375.3 382.1 389.5 396.3 404.9 412.2 419.8 433.1 451 471.1 490 506.2 524.4 537.5 548.2 558.9 565.7 571.2 571.6 575.4 586.3 597.4 608.9 621.3 631.2 643.6 653.6 664.7 684.2 700.1 712.9 730.8 754.5 766.8 768.3 796.7 806.5 819.7 833.6 842.6 849.5 852.4 832.8 787.3 742.4 698 661.6 617.5 589.8 569.7 550.1 529 504.8 476.1 456 439.6 434 425.8 423.4 420.3 407.2 411.8 426.9 440.5 457.9 479.1 505 523.2
362.1 357 350.5 343.2 340.4 329.6 331.9 346.6 357.6 364.3 369.4 377.3 383.8 390.5 397 404 411 418.7 431.5 446.6 463 478 491.9 505.9 517.6 528.4 533.4 538.6 550 562.4 573.9 588.7 601.9 612.4 624.7 636.9 649.8 666.8 687.6 703.8 713.8 735 759.1 770 782.5 791.6 806.4 826.5 841.5 852.5 859.3 858.6 851.6 800.8 749.9 706.5 658.9 620 591.2 573.6 554.1 533.7 507 482.6 465.2 446.9 444.1 437.9 434.1 427.6 411.1 422 434.9 451.9 474.3 494.8 521.4 545
381 376.8 369.5 360.2 351.3 350.2 345.9 340.7 347.2 356.9 364.6 370.7 376.5 382.3 388.8 396.1 403.8 411.6 418.9 428.5 439.6 452.2 464.7 475.7 487.2 500.3 513.3 525.3 537.8 550.6 562.3 580.5 599.2 613.4 626.2 638.1 653.8 669.9 691.3 706.7 721.7 744.6 765.8 776.1 790 803.4 818.4 826.4 842 854.7 862.6 865.4 864.9 838.8 785.5 720.1 660.7 628.1 599.8 581 570.8 547.5 523.1 496.2 482.5 469.1 447.9 451.9 444.2 434.3 416.6 430.7 443.9 460.7 483.2 506.1 534.6 554.3
399.6 396.1 389.1 383.8 375.9 364 357.9 351.5 346.6 355.1 360.6 364.1 367.6 373.2 379.8 390 397.7 403.2 409 417 426.6 435.2 447.1 460.7 475.6 488.7 504.4 517.9 525.7 545.2 560.8 582.5 599.8 616 630 643.8 660.2 675.3 695 713.3 732.3 758.7 774.7 785.8 802 817.4 828.5 836.2 844.3 855.3 859.9 869.3 865.2 848.2 805.9 727.3 687.2 638.3 614.1 599.2 579.6 563.6 541.2 520 500.7 475.5 466.1 464.8 452.8 439.8 421.7 438.3 453.4 471.8 493.3 516.6 546.4 564.5
419 418.9 409.2 405.3 396.8 382.8 367.5 362.8 357.2 354.6 357.1 360.1 361.9 364.5 369.9 379.9 388.9 395.8 402.3 411 421.5 430.6 438.2 453.1 466.7 477.9 501.7 516.6 537.8 550.7 562.4 582 602.3 621.6 636.6 651.7 668.1 687.2 705.5 722.1 739.2 763.7 786.5 798.3 812.9 824.9 837 843.9 850.2 855.3 860.4 870.8 858.6 846.3 803.1 762.5 708.8 666.9 642 633.3 610.7 582.8 559.5 536.4 505 499.7 488.7 475.6 460.4 445.1 429.5 449 462.1 482.1 503 528.4 559.8 570.8
435 438 427.2 420.3 412.9 400.4 388.1 375.8 367.7 361 355.8 358 358.8 360.6 365.2 371.1 380.6 387.9 396.8 402.5 410.7 423.8 441 455.6 474.4 491.4 514.2 530.6 546.2 561.6 575.6 590 605.5 626.9 640.9 659.8 677.3 694.8 713.6 729.4 751.8 783.1 806.1 815.6 824.1 832.9 839.9 845 852.6 857.1 864.2 865.8 853.5 841 826.8 793.1 744.8 707.1 686.1 681.5 651.6 615 579.7 551.5 534.9 518.7 503.9 484.3 465.7 449.1 443.8 461.8 474 492.4 513.3 542.6 571.4 568.6
457.3 458.6 457.1 437.2 426.6 415.3 405.1 395.1 383.3 371.3 361.9 358.6 359.7 361.5 364.7 367.7 375.2 383.6 388.4 397.3 417.5 431 448.2 468.3 484.8 503.6 521 538 559 570.1 585.7 598.1 613.6 631.3 647.5 666.7 684 699.6 720.5 745.3 771.6 817.2 824.4 825.4 831.1 836.1 840.8 846.4 854.4 858.6 863.9 859.2 843.9 831.2 816.6 801.2 776.3 742.9 745.4 731.8 702.2 656.5 617 586.4 560.3 541.6 514.7 490.7 471.4 446.4 457.4 473.8 486.5 503.3 524.9 557.2 564 555.5
486.3 482.5 482.1 457.3 443.4 430.9 420 410.8 399.1 378.1 370 363 361 362.3 366 368.9 372.7 378.7 390.4 404.6 420.5 435.6 455.6 474.2 487.9 508.2 526.7 543.2 563.8 578.6 595.2 607.5 617.1 632.8 652 670.4 686.5 711.6 731.9 757 791.4 828.9 831.8 833 835.2 836 848.8 849.7 854.2 856.3 858.9 842.4 823.2 811.7 800.1 787 770 754.5 742.2 730.3 718.9 694.2 654.4 623.9 586 550.4 518.8 494.8 475.1 456 473.3 485.4 499.5 517.2 541.3 569.3 561.8 550.6
499.4 506.2 505.2 477.4 459.9 448.9 436 425.4 412.4 394.9 377.5 372.1 366.4 363.8 366.7 370.3 375.1 383 395.5 408.7 422.9 439.6 460 479.2 494.8 513.4 531.1 550.4 568.4 584.3 599.3 610.1 621.5 636.9 656.8 674.4 695.9 718.7 738.9 766.1 805.1 828.3 827.7 830.4 838.3 844.2 846.9 850.3 852.4 852.4 848.1 816.1 793.1 785 775.7 766.9 753.6 741.7 732.6 723.7 713.2 700.6 654.9 615.4 578.7 546.8 519.6 496.7 478.5 471.1 489.8 499 514.4 533.2 560.5 574.8 566.7 557.8
511.6 518.4 518.7 495.8 477 463.6 450.5 438.2 425.9 410.2 393.7 380.1 374.5 371.9 370.4 373.2 379.4 388.1 397.9 410.7 425.4 441.3 461.7 481.2 499.1 516.7 535.3 556 573.7 589.5 606.3 618.6 629.4 644.1 662.4 680.9 706.3 725.5 740.7 774 806.4 825.5 824.8 829.8 841 846.5 848.8 849.1 843.9 824.2 813.6 797.4 764.7 753.1 747.7 744 736.6 727.3 722.1 713.6 703.8 686.5 642.8 602.1 570.7 544.8 518.8 498.4 479.7 492.1 504.1 517.6 530.6 550.8 577 580.3 572.4 560.1
523.1 533.7 529.5 511.8 493.1 478.1 463.9 451.7 440.2 426.4 412.8 395.8 383.7 380.8 377.8 378.4 385.1 392.1 400.6 411.4 427 442.2 459.2 480.6 499.3 518 540 561.5 577.3 594.5 611.9 625.3 638.5 652.6 666.9 681.8 701.7 720.6 740.9 770.5 801.5 818.7 819.8 824.5 837.1 846.4 850.5 844 827.9 791.8 769.1 753.8 732.1 717.2 713.2 720.9 718.9 715 710 703.6 694 653.2 618.1 589.1 562.4 538.6 515.9 495.4 497.9 509.2 521.9 535.9 550.5 569.4 591.9 590.1 582.1 577.4
523 545.3 540.3 526 502.8 490.7 477 465.7 454.5 445.3 433 418.5 403.2 390.5 386.8 387.1 395.2 403 410 417.8 423 444 463 480.8 501.6 520.2 540.9 565.9 585.2 600.8 617.7 631 643.8 655.2 667.1 680.8 696.5 721 747.3 771.8 806 811.9 813 821.8 835.2 841.1 844.3 841.4 823.3 781 752.2 727 710.1 700.2 695.5 692 699 699.5 697.8 691.6 678.4 637.9 604.6 579.8 555.7 532.7 511.3 509.7 516.8 526.2 539.5 554.3 570.5 589.9 609.9 604.7 597.8 592.8
