Game/Highland_Data/StreamingAssets/GeoData/Data/sh/SH88.asc
ncols 200
nrows 200
xllcorner 280000
yllcorner 380000
cellsize 50
[rows 152 to 189 of 200, columns 0 to 83 of 200]
-2.3 -2.3 -2.3 -2.3 -2.3 -2.3 -2.3 -2.3 -2.3 -2.3 -0.8 -0.3 0.3 1.1 2 2.7 7.5 13.6 13.1 16.6 14.4 45.8 70.2 92.4 112 135.6 139.7 118.9 103.5 99 93.5 92.7 87.2 84.7 75 68.7 33.9 30.3 28.5 15 2.1 0.7 -0.4 -2.3 -2.3 -2.3 -2.3 -2.3 -2.3 -2.3 -2.3 -2.3 -2.3 -2.3 -2.3 -2.3 -2.3 -2.3 -2.3 -2.3 -2.3 -2.3 -2.3 -2.3 -2.3 -2.3 -2.3 -2.3 -2.3 -2.3 -2.3 -2.3 -2.3 -2.3 -2.3 -2.3 -2.3 -2.3 -2.3 -2.3 -2.3 -2.3 -2.3 -2.3
-2.3 -2.3 -2.3 -2.3 -2.3 -2.3 -2.3 -0.2 0.3 1 1.7 2.3 3.2 4.9 12.3 18.7 21.2 21.5 22.9 27.2 34.7 44.9 59.7 79.5 105.8 118 132.1 112 97 93.2 87.2 82.8 81.5 83.5 76.5 70.4 41.9 30.9 24.5 29.1 13.7 2.1 0.8 -0.7 -2.3 -2.3 -2.3 -2.3 -2.3 -2.3 -2.3 -2.3 -2.3 -2.3 -2.3 -2.3 -2.3 -2.3 -2.3 -2.3 -2.3 -2.3 -2.3 -2.3 -2.3 -2.3 -2.3 -2.3 -2.3 -2.3 -2.3 -2.3 -2.3 -2.3 -2.3 -2.3 -2.3 -2.3 -2.3 -2.3 -2.3 -2.3 -2.3 -2.3
-2.3 -0.7 -0.2 0.2 0.7 1.4 2.1 2.7 3.7 4.2 5.1 7.5 13.5 16.8 19.6 22.1 22.7 25.3 25.5 27.6 31.6 39.8 53.9 75.1 97.6 110.5 123.3 112 91.3 86 81.2 78.6 79 85.9 77.3 75.2 48.8 31.7 23.9 30 22.8 11 2.2 0.9 -0.9 -2.3 -2.3 -2.3 -2.3 -2.3 -2.3 -2.3 -2.3 -2.3 -2.3 -2.3 -2.3 -2.3 -2.3 -2.3 -2.3 -2.3 -2.3 -2.3 -2.3 -2.3 -2.3 -2.3 -2.3 -2.3 -2.3 -2.3 -2.3 -2.3 -2.3 -2.3 -2.3 -2.3 -2.3 -2.3 -2.3 -2.3 -2.3 -2.3
1.7 2.1 2.5 3.1 3.9 5.2 6.2 7.3 6.6 10.2 10.9 12.1 14 17.2 20.5 24 27.3 27.6 28.9 30.5 31.2 35.4 43 59.3 93.3 101.7 106.7 105 82.8 75.8 73.7 75.1 77.4 75.4 72.7 73.3 66.5 31.8 24 30.4 22.4 20.3 12.2 2.3 0.4 -2.3 -2.3 -2.3 -2.3 -2.3 -2.3 -2.3 -2.3 -2.3 -2.3 -2.3 -2.3 -2.3 -2.3 -2.3 -2.3 -2.3 -2.3 -2.3 -2.3 -2.3 -2.3 -2.3 -2.3 -2.3 -2.3 -2.3 -2.3 -2.3 -2.3 -2.3 -2.3 -2.3 -2.3 -2.3 -2.3 -2.3 -2.3 -2.3
5.8 7.2 7.5 8.1 8.4 7.9 9.3 9.9 10.1 9.9 11.2 12.4 14.1 18.1 22.1 26.3 35.1 34.5 37 36.8 36.3 37.6 40.4 43.7 54.8 76.9 97.1 97.5 76.6 70.8 71.2 73.6 80.6 70.1 69.1 69.9 39.4 32.9 24.3 30.3 23.1 20.2 18.9 5.6 1.7 0.1 -2.3 -2.3 -2.3 -2.3 -2.3 -2.3 -2.3 -2.3 -2.3 -2.3 -2.3 -2.3 -2.3 -2.3 -2.3 -2.3 -2.3 -2.3 -2.3 -2.3 -2.3 -2.3 -2.3 -2.3 -2.3 -2.3 -2.3 -2.3 -2.3 -2.3 -2.3 -2.3 -2.3 -2.3 -2.3 -2.3 -2.3 -2.3
5.8 7.9 7.8 8.3 8.3 8.8 10.2 11.1 11.2 10.4 10.9 13.1 14.9 19.1 23.5 27.7 32.4 36.9 49.2 55.9 57 54.6 51.5 48.7 48.6 52.2 56.5 70.7 69 67.5 68.8 70.2 72.3 64.6 62.9 63.3 34.5 27.7 28 25.4 22.7 20.2 18.3 17.8 3 1.4 0 -2.3 -2.3 -2.3 -2.3 -2.3 -2.3 -2.3 -2.3 -2.3 -2.3 -2.3 -2.3 -2.3 -2.3 -2.3 -2.3 -2.3 -2.3 -2.3 -2.3 -2.3 -2.3 -2.3 -2.3 -2.3 -2.3 -2.3 -2.3 -2.3 -2.3 -2.3 -2.3 -2.3 -2.3 -2.3 -2.3 -2.3
6.4 8.1 8.8 9.1 8.9 9.8 11.1 12.4 12.1 12.7 13.4 15.1 17.2 18.9 22.9 26.9 31.2 34.7 38.4 54.5 70.8 69.4 66.8 60.8 50.7 51.8 52.8 54.3 61.5 66.2 69 69.1 66.5 58 55.2 54.8 27.8 26.2 28.2 24.4 22.3 20.8 18.9 18.1 6.5 2.3 0.9 -0.7 -2.3 -2.3 -2.3 -2.3 -2.3 -2.3 -2.3 -2.3 -2.3 -2.3 -2.3 -2.3 -2.3 -2.3 -2.3 -2.3 -2.3 -2.3 -2.3 -2.3 -2.3 -2.3 -2.3 -2.3 -2.3 -2.3 -2.3 -2.3 -2.3 -2.3 -2.3 -2.3 -2.3 -2.3 -2.3 -2.3
6.9 8.3 9.2 9.4 9.8 10.4 11.7 14.6 14.4 14.8 16.4 18.1 19.4 19.8 21.6 24.4 27.8 32.3 34.6 38.6 55.9 68.6 68.1 62.6 57.9 54.2 54.5 54.2 54.4 62.3 66.6 68.8 62.3 56.6 52.3 49.8 36.6 26.7 27.4 22.7 21.1 20.7 18.9 17.7 16.4 3.5 1.4 -0.4 -2.3 -2.3 -2.3 -2.3 -2.3 -2.3 -2.3 -2.3 -2.3 -2.3 -2.3 -2.3 -2.3 -2.3 -2.3 -2.3 -2.3 -2.3 -2.3 -2.3 -2.3 -2.3 -2.3 -2.3 -2.3 -2.3 -2.3 -2.3 -2.3 -2.3 -2.3 -2.3 -2.3 -2.3 -2.3 -2.3
8.2 9.3 9.7 10.1 11 11.4 13.1 14.5 15.9 15.7 18.1 20.1 21.2 21.8 23.1 25.1 27 29.8 33.1 36.6 38.6 41.9 60.4 59.1 57.4 58.9 74.7 71.4 58.6 56.1 57.2 60.4 60.5 56 58.2 44.8 35.9 26.8 24.2 22 21.4 20.1 18.5 16.9 16.3 7.9 2.8 2.8 2.8 2.8 2.4 -2.3 -2.3 -2.3 -2.3 -2.3 -2.3 -2.3 -2.3 -2.3 -2.3 -2.3 -2.3 -2.3 -2.3 -2.3 -2.3 -2.3 -2.3 -2.3 -2.3 -2.3 -2.3 -2.3 -2.3 -2.3 -2.3 -2.3 -2.3 -2.3 -2.3 -2.3 -2.3 -2.3
6.9 10 10.5 11.3 12.2 13.2 15.2 15.7 17.1 17.5 18.8 21.2 23.6 24.3 25.8 27.7 29.1 31.4 34.1 36.9 39.2 43.8 43.4 45.8 50.7 54 73.6 69.9 67.5 62.4 68.5 61.9 60.4 54.7 51.7 35.5 30.9 27.2 23.4 22.3 20.6 19.8 19.3 18.6 16.7 15 3.9 2.4 2.8 2.8 1.3 -0.5 -2.3 -2.3 -2.3 -2.3 -2.3 -2.3 -2.3 -2.3 -2.3 -2.3 -2.3 -2.3 -2.3 -2.3 -2.3 -2.3 -2.3 -2.3 -2.3 -2.3 -2.3 -2.3 -2.3 -2.3 -2.3 -2.3 -2.3 -2.3 -2.3 -2.3 -2.3 -2.3
9.7 11 12.4 13.9 14.7 15.4 15.8 15.3 17.3 19.8 20.2 21.5 25.3 27.1 28.8 31.3 32.9 35.6 39.7 42.8 45.8 51.9 57.5 64.4 62.7 68.2 61.1 63.1 62.3 60 77.1 79.4 78.7 67 51.2 34.4 29 26.1 23.3 22.8 21.3 20 19.7 18.7 17.2 15.2 4.2 2.8 2.8 2.2 0.4 -1.1 -2.3 -2.3 -2.3 -2.3 -2.3 -2.3 -2.3 -2.3 -2.3 -2.3 -2.3 -2.3 -2.3 -2.3 -2.3 -2.3 -2.3 -2.3 -2.3 -2.3 -2.3 -2.3 -2.3 -2.3 -2.3 -2.3 -2.3 -2.3 -2.3 -2.3 -2.3 -2.3
11.9 13.4 14.5 16.5 17 17.7 17.6 17.8 18.9 21.1 23 23.2 25.2 28.8 32.5 35.1 37.9 41.2 49.9 66.5 81 87.4 70.6 70.3 77.4 86.7 87.9 77.8 71.4 55.2 71.2 81.1 83.3 77.4 61.3 37.3 28.1 25.9 24.3 22.6 21.3 20.7 19.6 19.1 17 14.3 13.5 2.8 2.8 1.3 0.4 -0.4 -1.1 -2.3 -2.3 -2.3 -2.3 -2.3 -2.3 -2.3 -2.3 -2.3 -2.3 -2.3 -2.3 -2.3 -2.3 -2.3 -2.3 -2.3 -2.3 -2.3 -2.3 -2.3 -2.3 -2.3 -2.3 -2.3 -2.3 -2.3 -2.3 -2.3 -2.3 -2.3
15.3 15.8 17.1 18.7 20.3 21 21.7 21 22 23.2 26 26 26.8 30.2 34.3 38.2 43.5 50.5 71.2 93.5 108.8 109.8 104.7 93.3 90.2 96.5 91.8 85 77 58.6 50.6 67.9 75.5 71.2 62.9 34.8 26.9 25.6 24.7 23.9 21.9 21.1 19.7 17.6 15.9 14.8 14.6 9.5 2.7 1.9 1.1 0.4 -0.2 -0.8 -1.5 -2.3 -2.3 -2.3 -2.3 -2.3 -2.3 -2.3 -2.3 -2.3 -2.3 -2.3 -2.3 -2.3 -2.3 -2.3 -2.3 -2.3 -2.3 -2.3 -2.3 -2.3 -2.3 -2.3 -2.3 -2.3 -2.3 -2.3 -2.3 -2.3
20.1 19.9 21.7 24 25.1 26.1 26.5 25.5 25.6 26.1 27.7 29.6 30.4 33.5 36.8 41.9 48.8 66.1 92.3 114.1 121.9 118.5 117.1 113.9 106.9 100.5 93.5 86.1 78.2 59.3 40.9 45.7 59.5 64.2 60.2 47.7 26.5 25.6 24.9 24.1 22.3 21.5 18.9 17.9 15.7 15.1 14.4 15.4 7 2.6 1.9 1.2 0.7 0.1 -0.4 -0.6 -1 -1.5 -2.3 -2.3 -2.3 -2.3 -2.3 -2.3 -2.3 -2.3 -2.3 -2.3 -2.3 -2.3 -2.3 -2.3 -2.3 -2.3 -2.3 -2.3 -2.3 -2.3 -2.3 -2.3 -2.3 -2.3 -2.3 -2.3
33.5 31 23.8 32.5 33.8 33.9 34.6 31.4 29.9 32.4 33.8 36.1 36.5 38.1 41 47.2 66.2 90.1 104 121.6 128.7 123.9 121.5 114.3 109.9 104.6 94.1 84.5 77.5 65.3 38.6 35.1 39.1 49.1 51.5 34.6 25.5 25.5 25.6 23.8 23 20.5 17.5 17.3 17.2 16 15.4 15.1 14.6 7.1 2.7 2.1 1.6 1.1 0.7 0.5 0.1 -0.4 -0.4 -0.7 -2.3 -2.3 -2.3 -2.3 -2.3 -2.3 -2.3 -2.3 -2.3 -2.3 -2.3 -2.3 -2.3 -2.3 -2.3 -2.3 -2.3 -2.3 -2.3 -2.3 -2.3 -2.3 -2.3 -2.3
37 37.5 44.6 62.5 57.6 61.4 51.7 43.9 39.3 43.9 50.1 46.6 42.5 44.4 51.1 62.6 82.7 98.6 111.7 121.8 129.7 124.1 116.5 111.9 108.2 103 94.8 82.2 72.2 66 43 29.7 28.1 29.9 32.5 25.7 25 25.1 25.1 23.6 22.9 21.6 18.1 17.3 16.6 16.5 15.5 15.2 14.2 12.3 10.5 2.6 2.7 2.2 1.9 1.5 1.1 0.6 1.3 1.2 -2.3 -2.1 -2.3 -2.3 -2.3 -2.3 -2.3 -2.3 -2.3 -2.3 -2.3 -2.3 -2.3 -2.3 -2.3 -2.3 -2.3 -2.3 -2.3 -2.3 -2.3 -2.3 -2.3 -2.3
45.7 38.2 56.4 75.2 87.2 91 81.7 60.5 58 58.6 56 56.1 57.4 68.2 77.9 78.2 87.9 98.4 107.8 116 122.1 121.7 115.2 108.3 104 101.4 90.6 77 65 56.8 44 31.3 24.8 25.3 25.1 25.6 25.4 25 24 23.5 23.4 21.4 18.9 18.1 17.6 16.1 14.6 13.5 11.9 11.5 11.1 9.6 9.3 7.8 2.7 2.6 2.2 2.1 2.8 -2.3 -2.3 0.5 -0.5 -0.9 -1.3 -2.3 -2.3 -2.3 -2.3 -2.3 -2.3 -2.3 -2.3 -2.3 -2.3 -2.3 -2.3 -2.3 -2.3 -2.3 -2.3 -2.3 -2.3 -2.3
53.2 51.2 66.7 86 107.3 112.9 92.1 70.2 80.1 84.5 67.7 62.3 75 71.9 80.7 87.5 90.3 95.5 101.8 110.2 113.1 112.9 109 104.2 98.6 91.7 79.9 66.7 57.6 45.6 32.2 24.9 23.7 23.5 23.5 24.7 25.2 24.9 24.2 24 23.6 21.9 20.2 19.2 18.9 16.8 13.6 11.3 10.4 10.3 9.7 10.9 9.1 7.9 5 5 4.7 4.1 3.7 -2.3 2.6 1.4 0.6 0.2 -0.2 -0.7 -1.2 -2.3 -2.3 -2.3 -2.3 -2.3 -2.3 -2.3 -2.3 -2.3 -2.3 -2.3 -2.3 -2.3 -2.3 -2.3 -2.3 -2.3
59.2 63.9 65.3 100.7 113.2 113.3 94.8 86.5 96.5 100.8 78.2 69.9 86.1 75.2 78.1 90.3 89.6 91.7 96.2 100.9 106.1 108.3 103.2 96.4 90.6 85.8 70.5 57.9 50.1 38.5 28.4 23.9 23.1 22.4 23.7 24.6 24.6 26 24.2 23.2 23.7 22.8 20.6 19.3 17.6 15.4 12.6 10.6 8.4 7.9 9.3 9 9.2 7.6 4.5 3.4 3.5 4.7 6.1 2.8 2.8 2.2 1.7 1.3 0.9 0.4 0 -0.4 -0.7 -1 -1.2 -1.4 -1.6 -2.3 -2.3 -2.3 -2.3 -2.3 -2.3 -2.3 -2.3 -2.3 -2.3 -2.3
67.2 63.3 70 107.1 107.8 106.9 100.9 102.1 107 109.2 93.6 78.8 81.3 77 79.4 88.7 87.2 89.7 93.1 95.3 97.7 102 97.3 89.8 83.1 76.2 62.2 52.7 46 33.2 27.2 22.9 21.2 21.6 22.5 24.6 24.5 24.1 23.1 22.3 22.7 23.5 22.1 20.4 16.8 16 13.3 10.2 9.1 7.6 6.8 8.3 7.9 5.7 3.9 2.7 1.9 2.5 3 4.5 5 6.5 2.7 2.4 2 1.6 1.2 0.8 0.5 0.2 0 -0.2 -0.4 -0.5 -0.8 -0.9 -0.7 -0.8 -1.1 -1.3 -2.3 -2.3 -2.3 -2.3
78 78.2 102 109.5 105.1 102.7 103.1 109.5 113.4 113.2 108.4 100.8 85.1 80.4 82.2 84.4 85.8 88.9 90.8 91.9 93.3 91.9 82.4 77.5 72.1 66.1 56 48.2 43.5 29.1 24.7 21.2 20 21 24 23.9 24.1 23.8 22.2 21.1 21.5 22.9 22.4 20.9 17.6 14.5 13.1 10.9 8.7 7.8 6.2 6 5.5 4.2 3.7 3.3 1.5 2.7 2.8 3.3 3 3.7 5.8 6.4 5.7 2.8 2.4 2 1.7 1.4 1.2 1.1 0.9 0.7 0.6 0.5 0.6 0.4 0.2 0 -0.6 -1.1 -1.5 -1.7
85.2 96.7 109.4 110.1 105.5 106.1 109.8 113.6 114.8 116.3 112.2 108.3 101.9 87.1 85.5 86.1 89.1 91.1 90.1 90.4 87.5 82.5 76.1 68 64.8 56.8 45 36.9 29.2 26.7 22.2 20.1 20.2 21.4 22.5 23.2 23.8 23.2 21.9 20.4 20.3 20.7 20.9 19.4 16.4 14.8 13.1 10.9 9.2 6.2 5.2 3.9 3.7 3.3 3.3 2.5 2.3 2.3 3.1 3.4 3.2 4 2.9 4.7 4.8 5.1 6 6.5 3.2 2.6 2.4 2.3 2.1 2 1.9 1.9 1.9 1.7 1.5 1.2 0.6 0.1 -0.2 -0.6
97.4 99.8 108.9 108.1 107.7 109.5 114.1 114.4 114.4 115.5 114.2 113.1 105.3 94.7 90.9 89.1 90.6 91.7 90.8 86.9 82.6 76.1 69.5 63.6 51.9 38.9 35.6 32.1 27.5 23.8 20.6 18.9 19.1 20 21.6 22.3 22.8 22.3 21.4 20.5 19.5 17.4 16.4 15.6 14.7 15.4 14.4 11.6 7.7 4.6 3.4 3.4 3.6 2.9 2.7 2.6 1.7 2.7 2.2 2.5 3.2 3.6 2.9 4.1 3.3 4.3 4.4 5 6.1 6.3 6.1 6.1 5.6 5.7 6.2 6.6 5.8 4.6 2.8 2.4 1.8 1.3 1 0.5
106.3 106.4 111.2 112.6 112.4 114.9 116.3 119 119.6 119.4 116.9 110.9 104.9 100.6 92.8 88.2 85.1 85.2 85.9 83.6 80.8 75.6 63.3 55.8 39.5 33 32 27.6 24.5 21 19.2 17.4 18.5 19.3 20.2 20.7 21.9 21.5 21.2 21.5 21.3 20.8 18.6 13.9 12.3 13 12.5 9.4 7.3 3.6 3.6 3.5 3 3.1 2.8 1.8 2.3 2.7 3.3 3.5 3 2.6 2.7 2.9 2.8 3 3.5 4.6 5.6 7.4 7.5 8.4 8.2 8.3 8.5 9.9 10.1 10 10 9.5 4.8 2.5 2.1 1.5
111.1 112.7 117.6 114.5 117.1 117.6 117.7 120.9 122.9 120.8 111.1 103.9 98.4 95.3 91.9 81.9 76.8 75.8 76.3 74.7 73 67.4 57.2 43.8 31.6 28.4 26.3 23.9 20.9 18.1 16.7 16.8 17.5 17.5 18.2 20 20.5 21.2 21.6 21.3 21.6 21.7 20.7 16.3 11.4 11.8 11.8 8.1 4.8 2.7 3.1 3.4 2.9 3.4 2 1.8 3.3 3.5 2.9 2.9 3.2 3 2.7 3.1 3.3 2.8 3.1 3.3 4 5.3 6.9 7.2 8.4 9.4 10.3 11.2 11.9 11.8 11.7 10.8 9.7 9.6 5.8 2.4
117.5 122.1 120.1 120.6 121.8 120.4 120.4 122.1 121.9 115.8 104.2 94.7 88.6 82.6 78.5 68.2 65.9 62.9 63 62.8 60 55.8 46.3 31.2 27.2 24 21.2 19.1 18.1 15.7 14.7 15.9 16.3 16 17.8 18.1 20.1 20.1 20.5 20.9 21.3 20.2 20.2 15.4 11.1 7.9 7.2 4.9 3.3 2.9 3.4 3.5 3.2 3.4 2.7 2.7 2.2 3.2 2.7 3.4 2.8 3.3 2.4 3.6 3.2 3.4 3.2 3.2 3.8 4.2 4.7 5.5 6.9 8.4 10.6 12.1 11.9 12.7 12.7 11.6 11.3 11.3 10.8 5.1
127.5 124.2 123.3 124.9 126.4 123.7 122.4 120.8 116.6 105.5 94.3 82.2 75.1 71.1 64.9 58 56.9 56.8 57 56.7 52.3 48.1 34.7 26.6 22.8 19.9 17.7 15.8 14.6 13.8 14 13.1 14.1 15.2 16.5 17 18.4 18.9 17.9 18.7 18.7 18.5 17.4 16 10.8 7.3 4.9 3.6 3.1 3.1 3.2 3.2 3.4 3.4 2.4 1.9 2.1 3.2 2.5 3.1 4.5 7.4 8 7.8 6.8 4 3.1 3.6 3.5 3.4 3.7 3.7 4.5 8.1 9.2 11.6 12.5 13.7 14.2 13.5 13 13.3 12.5 9.2
126.8 124.8 124.7 126.1 127.8 125.9 122.5 117.5 106.3 93.4 81.9 71.7 61.3 60.2 55.3 51.3 50.7 50.4 52.3 53 48.9 44.1 26.5 22.8 19.5 17.4 15.7 14.1 14.2 13 12.5 12.6 13.9 14.9 16.4 16.5 17.5 17.6 16.1 14.1 14.2 15.3 14.6 10.7 6.8 4.3 3.4 3.6 4.2 3 3.5 3.7 3.4 2.6 1.7 3.2 3.3 4.3 3.3 3.9 5.7 7.7 8 8.1 8.1 11 10.4 7.6 6.2 3.4 4.3 3.9 4 4.1 7.5 9.8 12.3 14.6 15.5 15.3 14.5 14.3 14.5 12.3
125.3 124.1 124.9 126 126.8 126.2 117.8 106.3 95 82.4 71.4 62.2 56.2 51.7 48.3 46 45.1 45.2 45.3 44.8 44 30.8 23.7 20.3 17.8 15.4 13.6 13.5 13.3 12.1 12.5 14.1 14.2 14.7 15.8 16.8 17.2 17.4 14.9 11.4 11.4 9.3 8.5 5.1 3.1 3.2 3.7 3.4 4.5 4.2 3.1 2.8 2.3 1.8 2.9 3.2 3.7 3.6 3.6 4.8 5.5 8.6 9.2 11.1 11.4 13.7 12.7 11.2 11.6 5.5 4.4 4.1 3.8 4.3 4.3 6.6 10 14.3 14.4 16.1 15.1 13.5 14.5 11.8
126 124.1 124.3 125.7 126.3 116.9 105.5 94.7 83.8 71.2 61.1 56.7 51.6 47.3 43.9 41.7 40.1 39.3 38.9 36.1 28.9 24.7 22.7 18.3 15.9 14 13.4 13.4 12.9 11.8 12 14.5 12.7 14.8 14.8 15.6 15.3 16.8 14.7 8.1 6.7 4.7 3.7 3.1 3.2 3.2 3.3 3.3 3 2.8 4.1 3.4 3 3.6 3.4 3.6 3.5 3.6 4.9 5.1 6.8 9.8 11.4 13.7 14.9 15.8 16.2 15.3 14.1 11.9 5.4 3.7 4 3.6 3.7 4.3 6.4 10.9 11.6 13 12.2 11.9 10.4 11.4
128.6 122.9 119 119.1 115.7 105.8 94.3 83.3 71.4 59.9 53.6 51.6 47.3 42.2 40 37.2 34.6 32.5 31 28.4 25.8 22.7 19.7 17.1 14.6 13.4 12.9 12.9 11.9 10.7 11.8 13.6 12.6 13.3 13.5 12.6 12.5 14.2 14 9.4 4.9 3.5 3.1 3.1 3.2 3.2 3.2 3.1 3.2 3 3.2 3.2 3.4 3.7 3.2 3.4 3.6 3.8 5.4 8.4 9.4 13.2 15.6 17 16.9 18 17.6 17.5 16.8 14.3 10.8 6.9 5.4 4 3.3 3.4 4 5 8.3 8.9 9.2 8.8 8.6 9.2
120.3 116.9 112.7 109.9 103.4 95 85 74 59.5 51.3 48.2 45.3 41.8 37.7 35.5 32.4 30.1 29.9 28.1 26.1 23.5 20.8 18.5 16.4 13.8 12.9 12.6 11.8 10.5 9.1 10.4 11.3 11.7 12.6 10.6 9.9 10.3 11.2 11.4 9.3 6.5 3.4 3.3 3.2 3.3 3.3 3.3 3 3.3 3.3 3.2 3.3 3 3 3.2 3.1 3.8 5.2 6.5 9.2 9.9 18.5 19.9 20.7 20.7 20.3 19.7 19.3 18.5 18 14.6 10.2 6.8 5.4 3.2 3.5 3.4 3.7 3.9 4.5 5.9 6.6 7.1 7.2
108.9 107.5 101.3 97.9 90 78.7 72.7 62.2 50.2 46 42.5 40.6 37.2 33.9 31.8 29.8 27.8 27.6 25.6 23.5 21.7 19.2 16.6 14.3 12.8 12.6 12.4 10.7 9 9.1 8.8 8.4 9.2 9.9 8.7 7.2 7.3 7.7 8.2 8.1 6.2 3.1 3.4 3.3 3.3 3.3 3.3 3.3 2.8 3.4 3.3 3.2 3.2 3.2 3.5 3.6 4.5 6.8 7.4 11.1 17.4 20.4 22.2 22.8 23.3 23.9 23.7 22.4 20.4 19.4 18.3 16.1 12 8.3 3.4 3.5 4.1 4.2 3.8 4.5 4 4.6 5.2 5.8
93.2 91.5 88.2 83.2 74.3 64.4 59.1 55.1 43.9 39.7 37.9 36 33 31.6 29.8 27.4 26.4 25.6 22.9 20.8 18.9 16.7 14.5 12.8 12 12 11.3 11.2 10.1 9.3 8.5 7.8 7.8 7.2 7.3 6.3 5.4 5 4.8 5.8 4.2 2.8 3.2 3.5 3.4 3.5 3.5 3.4 3.2 3.4 3.2 3.4 3.4 3.5 3.5 3.9 6.5 9.7 12.4 13.4 16.4 20.3 21.6 22.5 23.6 25 26.7 23.9 24 22.1 21.4 19.2 18 15.6 11.7 6.2 4.3 4.3 4.7 4.4 3.7 4.4 4.9 5.4
78 76.3 72.2 65.8 60.4 58.5 54.1 45.8 36.8 35.8 34.4 33.1 30.5 29.5 27.3 25.6 24.2 21.3 20.2 18.1 16 14.4 12.5 12.2 12.4 12.5 11.9 11.2 11 10.1 9.7 9.5 9.4 8.3 7.6 6.4 6.1 5.9 5.1 4.2 3.5 3.3 3 3.3 3.5 3.6 3.7 3.2 2.8 3.3 2.8 3.2 3.5 3.4 4 6.2 10.1 13.8 15.2 15.8 17.4 21.2 24.4 28.5 27.6 28.2 28.7 27.8 26.5 25.4 24.8 22.7 21.9 19.3 17.8 13.9 9.8 5.1 4.1 4.4 3.9 4 5.3 4.9
63.6 61.4 58.8 56.6 56.6 52.5 43.4 37.2 34.1 33.9 31.6 30.4 28.1 27.1 25.8 23.7 20.4 19.2 17.3 15.7 13.9 12.8 12.2 11.7 12.6 12.5 12.4 12.2 11.8 11.4 10.9 10.7 10.9 10.4 8.7 7.8 7.1 6.6 4.8 3.6 3.2 2.7 2.7 2.8 3.4 3.8 3.9 3.4 3.4 3.3 3 3.2 3.9 4 6.1 9.2 12.3 15.9 17.8 18.8 19.9 22.9 28.7 33.9 37.8 31.7 31.8 30 29.7 28.7 27.6 26.9 25.5 24.1 21.3 17.9 16.3 12 10.8 9.2 6.1 4.8 5.1 5.6
57.6 54.8 49.7 44.8 48.4 41.1 35 33.6 32.2 30.5 29.1 27.9 25.7 24.5 23.1 20.8 18.3 16.8 15.1 13.9 13.4 12.4 12 12.9 13.2 14.2 13.6 13 13.1 12.5 12.4 12.9 12.8 12.1 10.2 8.4 6.6 4.9 4.2 4.7 3.9 3.5 2.8 3.1 3.4 3.4 3.5 3.7 3.7 3.6 3.4 3.2 3.6 6.1 8.3 11.3 15 18.8 20.8 22.6 22.3 25.5 29.5 33 35.2 34.4 33.2 32.8 33 32.5 31.4 30.3 29 26.7 24.5 21.3 19 16.3 15.2 15.3 12.6 10.2 7.6 6.2
55.7 50.2 42.5 39.5 36 33.7 32.1 30.9 29.7 28.6 27.4 25.6 23.6 21.7 20.2 18.7 16.9 15.8 14.1 13.9 12.8 12.9 13.4 14.8 15.3 14.8 14.9 14.2 13.9 13.2 13.2 13.7 13.7 13.4 12.1 7.3 5.3 5.1 6.5 5.5 3.7 3.8 3.6 3.3 2.9 3.3 3.5 3.5 3.3 3.2 3.3 3.4 6.4 7.6 9.7 13.1 18 21.8 23.9 25.6 27.3 28 30.2 33.3 35.1 36.2 36.9 35.5 36.6 36.7 35.8 33.9 31.5 28.9 26 23.2 21.1 19.3 18.4 17.9 16.5 13.9 11 7.9
