Game/Highland_Data/StreamingAssets/GeoData/Data/sh/SH90.asc
ncols 200
nrows 200
xllcorner 290000
yllcorner 300000
cellsize 50
[rows 0 to 34 of 200, columns 0 to 77 of 200]
457.4 459.1 459.2 455.5 453.5 455.2 458.6 464.2 466.9 469.8 474.7 482.9 491 497 499.5 500.4 500.8 502.3 502.4 500.5 499.1 497.1 493.3 487.3 478.8 473.1 468.8 464.9 463.4 464.5 465.9 468.8 470.7 475.2 478.7 481.1 484.3 487.1 490.7 495.2 497.1 498.4 501.3 507.5 514 518.1 520.5 522.5 522.2 519.6 513.4 509.9 507.6 505.6 504.1 508.9 509.9 512.2 511.3 508.8 506.3 505.4 502.9 504.1 504.7 503.3 501.5 499.1 497.5 494.9 491.7 479 480.9 476.3 470.8 466.5 463.1 461.2
458.6 460.3 456.5 450.8 449.5 451.7 457 460.5 464.9 468.4 473.1 479.6 495.6 497.2 499.4 499.6 500.6 501.7 499.4 498.6 498.1 496.3 492.8 487.1 480.9 473.1 467.1 462 460.1 462.1 462.8 466.4 466.5 472.1 476.2 480.3 484 487.6 491.4 494.8 496.3 498 501.9 507.6 513.5 517.8 519.9 521.8 523.4 517.1 511.5 508.6 506 502.9 508.1 509.6 510.4 508.8 506.5 505.7 503.6 502.4 502.8 504.9 504.1 501.6 501.3 497.3 492.7 490.9 480.3 474.8 476.8 472.8 467.7 463.8 461.3 460.6
458.2 461.7 456.9 449 444.4 449.6 454.4 459.7 465.6 469 473.7 481.8 494.4 496.9 498.6 497.9 498.9 498.3 496.6 496.8 497 493.1 489.8 484.8 479.3 473.9 468.3 461 457.9 457.6 459.7 464.5 468 473.3 478 481.4 484.8 489.2 491.7 496 500.1 505.8 512.7 518.3 520.6 519.7 518.6 519.2 516.4 512.1 507.8 504.6 502 502.7 505.7 507.8 507.8 506.7 504.1 502.5 501.3 498.7 502.5 502.9 501 499.2 495.5 492.4 488.4 486.9 480.4 476.1 471.3 467.8 465 461 459.7 459.1
453.8 452 447 441 443.7 449.2 455.4 459 465.9 469.2 473.3 483.5 494.7 497 497.8 496.3 494.8 493.1 493.3 494.1 493.2 489.9 485.7 480.9 477.5 474.2 468.3 461 460.3 456.9 457.8 463.1 467.9 471.7 476.2 481.2 485.8 491.3 491.3 496.3 501.7 509.3 516.3 518.7 517.3 515.8 514.7 514.6 511.2 507 503.7 499.7 497.2 499.4 499.2 500.1 501.3 501.8 501.5 500.5 498.2 500 500.7 499.1 496.5 494.2 490.1 488 485.2 481.5 475.3 471.4 466.3 463.4 461.5 458.6 459 457.3
440.3 440.2 435.4 432.4 438.4 445 454.7 459.3 464.3 468.5 472.8 481.3 493.1 495.9 497.4 493.2 489.7 489.7 490.7 490.5 491.1 487.4 484 476.5 474 469.9 466.7 457.8 457.6 455.1 454.8 462.3 465.3 470.8 473.3 477.5 485.2 489.4 489.3 493.4 501.5 510 512.1 512 508.6 506.7 505.8 505.8 504.2 499.5 497.7 494.2 491.8 494.1 494.7 495.7 496.8 497.7 497.7 496.8 496.8 496.9 496.1 493.5 491.4 490.2 485.6 481.4 479.7 474 468.7 464.4 462.6 460.2 458.5 456.7 456.7 455.4
424.4 422.9 421.9 422.4 431.6 443.3 454.3 459.3 465 468.7 473.5 482.3 491.9 493.6 494.7 489.1 486.2 485.9 488.2 488.2 488.4 486.3 481.3 473.1 467.8 463.6 460.3 455.4 454.7 445.4 454.1 457.9 462.1 467.9 472.1 478.3 482.8 484.2 485.8 491.4 499.9 502.9 502.9 500.4 496.1 493.5 492.9 491.7 489.2 489.8 489.8 487.4 486.8 489.8 491.7 492.9 493.6 494.6 496 496.3 494.7 494.4 492.9 490.6 489 486.7 481.7 477.1 473.6 469.8 464.8 461 459 458.3 456.3 454.1 453.3 453.7
402.3 404.4 407.3 413.2 422.6 439.4 452.2 460 465.8 471.1 476.6 486 492.5 493.1 493.3 487.1 484.1 484.3 485.1 486.8 488.8 489.1 481.9 473.8 466.5 459.5 453.5 448.8 437.1 431.9 452.7 455.6 459 463.3 467.5 472.3 477.1 481.5 481 489 490.6 488.8 484.9 481.4 479.7 478.3 477.4 475.7 474.7 477.8 480 478.9 480.5 484.1 489.4 491.6 494 495.6 495.4 494.7 494 490.1 489.2 487.4 485.9 483.7 478.2 471.7 469.1 465.2 461.2 457.8 455.9 455.4 453.5 451.3 451.4 450.8
395 393.6 403.7 414 424.8 440.9 452.8 460.6 467.5 473 479.1 490.9 493.3 493.1 490.5 484.8 482.6 482.8 483.3 485.1 488.3 489.1 483 476.3 471.3 465.8 455.2 438.9 425.9 416.6 432.2 439.7 444.9 449.3 458.9 466.2 471.6 476.4 476.8 480.8 479 474.4 467.6 463.7 463.9 464.4 465.1 463.8 462.7 467 470.5 474.1 477.3 482.4 487.4 491.5 493 492.8 492.4 492.2 490 486 482.7 482.3 481.1 480.8 476.2 472.8 470.2 466 460.4 456.6 454.3 452.8 451 451.2 448.3 449.5
385.9 393.7 403 417.4 432.5 445 455.2 463.5 470.7 475.6 480.3 491 494.1 492.5 489.6 484 480.9 481.7 482.3 483 486.8 487.6 481.5 475.6 470.3 464.2 449.8 433.9 421.5 409.9 415.5 418 422.5 427.9 440.4 456.9 465.5 467.6 468.1 468.1 461.1 455.2 450.8 449.8 452.3 453.3 454.5 456.3 458.7 464.4 469.9 473.1 478.5 482.3 485.6 488.3 489 488.3 488.4 486.9 484.9 481.6 478.2 477.6 476.7 475.9 472.9 470.6 468.7 465.6 459.7 454.6 452.6 451.6 450.5 449.1 448 448.5
385.7 393.1 407.6 424.4 436.4 446.6 457.1 465.2 471.6 477.1 483.7 490.7 493.3 491.2 487.5 483.1 480.7 477.4 480 481.2 483.2 484.5 479.8 473.9 465.6 455.7 436.5 422.1 411.5 407.7 403 405.8 408.5 414.4 424 444.3 458.6 461.2 459.2 455.4 448.3 445.7 444.4 444.7 446.9 447.6 448.9 451.4 457.9 467.1 470.5 476.6 482.2 484.6 485.1 485.5 485.3 484.9 482.6 481.1 479 477.5 474.4 473.6 472.4 471.7 471.7 472 468.7 465.6 459.1 454.2 451.3 449.8 448.5 447.5 447.2 447.6
389.7 399.9 414.3 428.1 437.9 448.8 460.3 468 475 478.8 484.7 490.4 491.5 489.1 486 482.6 479.6 475.4 475.1 477.3 479.5 480.2 476.7 469.3 459.1 436.2 412.4 411.8 402.5 397.5 392.9 397.2 402 408.3 417.7 433 448.5 450.4 449.3 445.9 441.8 442.5 441.8 442.2 443.6 445.6 447.8 452 459.3 465.1 472.2 482 484.4 483.6 483.4 482.9 482 481.3 479.2 476.8 474.2 471.9 469.6 469.6 468.6 470.6 470.2 471.2 471.2 466.9 460.1 455.3 451.2 449.3 448.3 447.8 445.5 446.7
394.2 405.7 415.4 426.2 436.9 450.1 458.2 466.7 474.4 478.9 485.3 490.5 493.1 489.2 486 482.6 478.4 473.1 471.1 473.5 474.5 474.1 471.7 463.8 444.9 415.2 399 396.5 393 385.9 383.5 392.3 397.5 404.8 416.4 435.4 444.1 443.6 442.4 442.1 440 440.2 440.4 441.4 442.6 444.3 445.4 454.2 462.2 471.4 479.8 484.8 483.7 482.8 482 479.8 478 476.8 474.6 470.5 468 466.6 465.4 465.4 467.2 470.1 470.6 472.9 470.4 466.4 460.1 456.8 452.2 449.6 448.7 447.6 445.4 444.4
400.6 408 417 426.8 435.5 445.4 452.2 460.8 469.2 477.1 484.3 489.7 493.1 489.7 486.3 482.6 478.8 472.6 467.1 469.7 470.5 468.6 466.4 457.3 427.5 403.4 392.1 384.9 380.9 378.7 376.3 386.7 393.9 403.7 417.9 432.9 439.3 441.8 441 440.2 439.5 438.4 438.9 440.1 441.5 443 444.9 458.8 467.7 479 484.3 484.3 483.2 482 478.9 475.8 473.4 471 466.5 463.1 463.8 462.6 463.4 464.2 466.6 466.1 467.3 470.8 468.9 462.4 457.6 454.9 450.2 446.8 445.1 444.2 442.5 442.8
409.7 416.5 421.6 428.4 437.2 443.8 453 459.1 463.9 475.8 480.7 487.9 493.4 491.8 489.2 483.1 478.9 472.3 468.4 465.4 465.1 459.1 456.6 438.8 409.7 391.8 385.1 377.7 374.1 372.2 368 386.5 400.6 414.5 422.3 434.3 448.9 449.6 440.4 439.2 438.7 437.5 437.6 438.8 440.4 442.2 446.3 464.7 475.9 481.3 482.8 483.6 483.1 480.1 476.1 471.5 467.2 464.1 461.6 460.8 460 460.2 461.5 462.4 464.6 464.4 463 461.4 460.1 456.2 452.9 448.5 445.5 442.3 440.1 439.9 439.3 439.4
420.6 425.1 427.6 434.2 438.9 445.2 454.1 458.8 466.4 476.6 480 487.3 492.4 490.8 489.1 484.8 480.1 474.3 470.8 469 465.2 459.4 417.6 404.7 389.8 382.7 377.8 371.7 366.8 362.9 364.5 392.6 410.7 423.5 429.2 445.6 455.7 453.7 439.6 438.2 437.4 436.8 436.7 437.5 438.7 440.8 458.4 469.5 476.3 479 480.4 482.3 479.3 475.8 472.3 467.1 462.8 458.2 457.8 457.6 458.3 458.4 459.6 459.9 461.5 461.8 459.9 455.9 453.9 450.9 446.3 445.4 440 438.5 437.6 435.5 434.6 435.8
429.3 434.6 435 440.5 444.5 451.2 456.8 463.1 470.8 478.2 481.2 487.9 492 490.6 488.8 485.2 480.8 475.8 472.3 470 466.9 461.4 430.7 397.6 383.5 373.4 372 367.5 359.2 347.2 362.9 393.3 416.2 427.4 437.7 455 456.7 447.9 437.4 436.3 434.9 435.7 435.9 437 440.4 457.9 467.2 472.3 474.9 476.9 477.7 477.3 473.1 470.2 466.1 461.4 457.1 454.4 454.1 455.4 456.3 456.5 457.4 457.8 459.4 459.8 459.4 454.4 449.5 447.6 444.1 442.8 438.8 436.6 435.8 434.3 433.1 432.5
437 439.6 445.8 447.3 453.4 458.4 463.4 468 472.7 476.5 480.4 485.2 489.6 489.4 487.6 485.3 480.3 476.8 473.9 470.8 469.7 462.2 429 401.1 383.4 372.2 364.6 359.7 353.1 344.4 365.6 398.9 421.9 432.6 448.1 457.6 449.6 437.5 432.7 434.4 435.7 436 436.6 447.7 460 467 471.7 473.8 474.4 472.5 470.7 469 465.4 462.7 458.8 455 452.1 451.2 453.1 453.4 454.2 454.4 456.6 457.8 459.4 459.5 457.7 453.8 448.6 445.5 441.8 440.1 437.5 435.9 435.3 434.5 433.9 432.9
441.1 445.4 451.9 455.2 461.1 463.8 465.5 467.2 469.8 475 479.8 484.6 489.2 491.3 487.9 485.8 480.5 476.7 475.6 473.7 472.1 459 425.4 397.5 381.8 368.3 362.4 353.4 348.3 337.3 360.2 395.1 422 433.5 448.3 440.7 428.4 433.5 441.9 441.4 437.5 438.2 451.3 459.5 465.4 469.4 473.1 474.7 471.2 469.1 466.2 462.3 458.9 454.4 451.3 449.6 449.1 451.4 451.1 451.2 452.3 455.1 457.2 461.2 461.3 460.1 456.5 453.2 449.2 445 441.6 439.1 437.5 436.5 435.3 435.9 435.3 433.2
445.6 449.8 452.8 460 462.8 463.1 463.7 464.4 465.3 468 474.6 480 484.9 487.6 487.6 486.7 482 478.6 477.3 475.7 473.3 464 425.7 397.8 378 366.5 358.9 351.5 339.9 334.1 350 378.9 412.5 425 430 413.1 427.7 442.6 450.8 448.1 443 450.7 457.6 465 468.2 471.4 470.9 468.2 467.2 465.1 461.3 456.4 454 450.8 449.2 447 448.6 450.1 448.8 449.4 453.1 457.7 464.9 465.9 465.6 461.4 456 451.3 448.8 445.2 441.2 439.3 437.8 437 436.6 437 437 434.7
448.3 451.2 453.5 454 455.6 455.9 456.2 456.9 459.4 465.1 471 475.8 479.6 486.4 486.4 484.9 481.9 478 475.4 474.8 473.4 466.2 431.8 399.4 377.3 362.1 355.1 348.8 341.5 333.1 336.4 358.8 383.5 404.2 408 405.5 436.1 449.2 453.3 450.6 452.1 454.1 458.7 464.8 468.5 468.7 466.3 464.3 461.1 457.3 454.2 451.8 448.7 447.9 446.4 444.8 445.7 447.6 448.5 450.4 461.7 465.3 469.3 470.6 466 461.7 456.8 452.1 449 445.3 440.3 439.7 439.5 438.5 438 437 436.7 435.7
441.2 440.7 442.2 444.2 445.8 448.4 451.3 453.2 456.4 461.8 468.8 474.8 477.9 485 486.7 485 481.9 477.8 473.1 470.6 470.8 467.1 435 398.7 372.6 358.1 352 346.6 340.6 329.9 325.8 339.8 360.6 373.7 364.9 393.5 436.6 448.4 450.9 451.6 452.3 450.8 457.6 466.2 467.9 465.8 462.8 462.5 458.9 454.4 450.6 447.4 445.1 445.3 443.3 441.5 440.7 444.4 446.2 456.2 464.1 468.2 471.4 469.2 463.1 457.8 455.3 452.7 450 446.5 443.5 440.4 440 439.5 438.6 438 436.9 436.2
437 439 441.4 444.3 447.3 449.2 451.3 454.3 458.7 465.3 468.4 472.7 479.6 485.5 490.2 487.8 482.9 478.1 473.2 469 465.1 461.3 435.9 399 370 356.8 349.9 343.9 338.1 332.8 319.3 325.4 337.5 338.7 376.4 411.7 439.9 447.6 450.1 449.5 447.6 447.2 461.5 466.6 466.6 463.8 460.2 458.8 454.8 450.1 447.1 443.9 441.5 440.9 438.8 437.9 437.9 439.7 448.6 457.7 463.8 470.1 468.6 462.6 458.1 455.1 453.9 452.7 450.5 446.6 444.2 444.1 441.5 440.8 440.1 439.9 438.3 436.3
446.1 445.9 451.6 455.1 456 460.8 461.8 461.1 463.5 466.5 467.9 469 476 481.4 482.4 486.3 486.3 480.9 477.7 473.5 467.7 460.1 438 396.3 371.2 356.5 349 343.8 340.3 333.3 320.7 314.9 322.4 343.7 378.8 412.1 435.8 444.6 447 444.7 435.5 452.1 465.2 466.7 464.4 460.4 458.1 455.9 451.3 448.6 444.8 440.9 436.5 432.8 432.9 433.1 433.6 434.4 446.5 457.5 469.6 468.6 464.4 459.6 455.7 453.6 452.9 451.1 449.4 447.3 446.1 444.8 443.4 442.3 441.8 440.6 438.4 436.3
452.7 454.2 455 461.5 465.6 469.4 469.5 469.2 470.7 468.1 467.4 467.9 470.2 474.2 478.5 480.1 479.4 477.2 477.1 476 470.1 465.3 434.1 397.9 371.3 353.3 345.9 341.2 336.1 328.8 318.3 311.7 320.5 347 379.4 405.2 425.3 435.1 431.2 429.9 439.1 457.9 464.4 464.4 461.9 456.9 454.8 452 447 444.2 439 435.1 427.1 427.5 428.5 426 427.2 431.8 438.4 449.9 461.2 458.5 457.3 456.2 455.2 453.5 452.4 450.7 450.3 449.7 447.9 445.7 443.1 441.3 440.3 439.7 437.9 435
452.3 454 457.5 467.4 474.5 475.9 473.1 470.4 467.7 466.4 465.9 466.4 468.5 472.1 475.5 475.6 474.9 474.7 474.9 475.5 470.8 462.5 424.7 393.5 367.2 352.7 345.2 338.6 333.4 326.9 317.5 309.4 319.1 346.5 379.1 400.9 413.1 415.8 414.6 431.2 447 460.3 462.2 461.4 457.6 452 446.4 444.7 439.8 435.7 431.7 426.7 423.1 421.9 419.5 418.7 423.8 427.4 435.6 443 448.8 452.9 453.5 453.3 453.4 453.1 452.1 451.4 451.2 451 449 446.8 444.4 442.2 439.6 438.8 435 433.6
452.6 455.2 462.9 468.5 476.4 477.1 473.4 470.9 466 463.6 462 462.9 465.7 469.4 471.8 471.9 471.6 472.1 474.1 473.4 467.6 456 417.8 387.5 364.3 351 344.5 338.1 329.8 324.3 314.1 305 316.3 345.4 371.7 385.9 394.6 393.6 413.9 437.1 452.6 458.7 458.7 456.4 451.6 446.6 442 437.6 432.4 427.5 423.3 420.5 416.8 411.1 414.4 414.9 417.7 423.3 435.8 444.5 448.2 452 452.1 451.9 451.8 451.9 451.9 451.6 451.1 449.6 447.4 445.1 442.7 439.7 436.4 433.6 432.3 431
456.5 459.9 465.6 471 474.2 474 473.4 468.6 463.4 460.2 458.2 458.9 462.4 465 469.1 470.5 470.2 471.2 473.3 472.1 466.7 447.6 410.6 380.7 361.5 348.2 341.5 336.8 330.5 321.5 313.9 302.8 311 336.4 355.8 367.1 372.7 385.2 409.9 437.3 451.6 457.1 455.7 451.8 445.9 441 436.2 431.9 427.4 422.7 417.7 414.2 405.6 404.9 406 410.9 414 421.2 429.4 440.1 446.6 450.5 450.9 450.6 451.2 451.7 454.5 453.8 452.6 450.4 447.8 443.8 441.4 440.2 436.5 434.1 430.9 428.8
456.8 460.7 464.5 468.9 472.8 472.8 468.3 464.3 460.8 457.8 454.9 457.1 459.4 462.3 465.4 468.3 469.3 470.8 473.3 473.3 459.3 435.9 402.5 373.9 358.4 347.7 341.4 336 327.8 317.9 310.5 300.2 309.6 326.7 345.7 351.9 365.1 386.8 413.7 437.2 450.1 451.1 451.9 448.9 442.9 438.5 433 426.9 420.5 415.3 410.8 402.2 401.4 400.3 406.2 413 418.6 426.9 433.7 441.8 446.5 449.2 449.2 449.9 451.7 452.7 456.8 456.6 457 454.4 449.9 445.5 442.6 440 437.5 434.4 432.3 429.2
454.4 459.6 465 470.2 472.9 470 465.8 459.4 458.9 454.7 451.4 454.6 458.1 460.5 462.9 465.3 467.6 470.8 472.4 470.2 457.7 436.6 406.5 374.7 355.1 346.4 338.6 331.7 324.5 317.9 308.4 297.8 308.9 318.9 334.1 346.5 369.8 399.3 417.1 432.5 440.8 443.7 446.9 445.9 440.7 434.5 427.2 420.6 409.7 403.9 400.4 398.7 398.5 407.7 413.1 417.4 422.8 427.5 437.4 442.9 446.5 447.5 447.6 449.6 452.2 453.9 456.4 457.9 457.3 454.8 449.7 445.2 440.7 439.2 436.5 433.5 430.3 427.7
455.7 461.2 469.3 474.7 474.1 467.3 461.1 454.3 451.6 452.5 449.6 448.9 454.8 457.6 460.1 463.7 467 470.5 471.8 469.9 464.9 442.7 408.7 375.3 352.4 341.7 335.7 330.8 323.8 315.8 306.4 296.8 308.5 314.4 325 344.8 372.9 400.6 412.1 424.7 443.5 443.6 443.4 441.1 435.2 427.6 421.7 413.5 402.9 399.7 396.8 395.4 409.8 416.3 419.3 422.9 426.5 431.1 442.7 447.1 447 445.3 447.1 448.3 451.7 453.4 456 456.4 454.9 452.2 445.8 442.3 437.6 435.5 433.2 430.6 427.8 426.2
457.1 465.4 475.2 474.8 473 467.5 459.6 452 446.2 444.1 445.4 445.3 449.2 452.5 456.3 462.4 466.7 470.6 471.5 469.9 468.2 451.2 408.1 376.1 347.8 337.8 331.4 327.7 321.1 315.1 305.3 294.4 305.1 310.6 319 338.3 361.4 382.4 402.6 419.7 436 439.5 438.6 436.1 430.3 423 415.9 404.3 399.5 396.3 395.3 405.5 415.8 421.2 425.7 428.9 431.4 432 438.3 441.8 443.4 443.1 446.3 446.9 451.8 453.4 455.8 455.8 452.1 446.3 443.1 440 435.5 432.3 429.8 427.3 425.2 423.7
455.3 463.9 475.3 473.9 470.9 466.2 459.7 451.7 443.2 441.4 439.5 442.1 445.3 448.1 454.6 461.2 465.6 467.8 469.4 469.4 464 441.8 407.7 375 344.9 332 326.2 322.7 318.6 313.8 307.7 291 298 304.8 315 330.3 348.8 367.6 390.7 409.7 422.5 433.1 433.7 431.7 427 420.1 411.9 400.7 396.6 391.5 408 413.8 422.8 426.2 427.4 431.4 436.5 437.3 438.7 439.7 440.5 440.2 444.8 445.2 451.7 453.6 455.8 454.3 452.3 446.3 442.2 438.5 435.3 431.5 428.8 425.9 424 421.7
453.4 459.9 470.2 470.4 467.7 462.8 455.7 448 441.9 439.3 436.2 440 441.7 447.7 454.5 458.8 463 465.8 467.5 466.1 460.2 432.8 392.7 360.8 339.9 325.5 319.9 316.7 313.8 309.3 305.5 300.4 289.3 295.2 310.1 322.8 344.2 361.1 377.9 394.4 408.4 425.5 431.3 429.8 425 417.5 405.9 394.3 386.4 394.8 408.1 417 421.5 424.3 427.7 431.6 434.9 436.5 437.8 439.1 439.4 436.6 440.6 442.2 451.4 453.5 455.3 454.8 453 446.5 443 439.5 436.7 432.9 429.5 426.3 423.9 422.1
451.1 457 465.1 464.5 463.8 459.7 453.7 444.6 437.9 435.9 433.7 437.6 441.9 448 455 458.5 462.1 465.9 466.9 463.4 459.9 449 407.7 375 341.9 321.8 313.9 310 305.4 303.5 301.7 299 293.6 288.5 303.9 314.9 329 342.7 369.9 393.8 410.8 422.2 429.4 427.5 423.3 416.5 403.5 388 377.9 389.4 398.3 407.4 409.4 413 421.4 422.7 423.1 425.5 429.9 431.9 432.2 431.2 435.9 441.3 453.6 460.4 457.5 455.6 449.6 445.7 442 439.7 437.5 432.1 429.2 426.6 424.7 423.7
448.4 450.3 459.2 458.2 460.2 457.7 449 442.6 437.2 434 432.4 437 441 448.2 454 457.4 462.6 464.7 464.9 463.1 460 454.8 408 377.4 345.8 323.1 311.9 304.6 298.9 296.4 297.1 295.9 291.6 286.4 297.1 309.1 320 335.3 360.1 382.9 406.2 431.6 433 429 423.5 415.1 398.4 374.7 379.6 385.1 391.1 403 406.7 409.5 408.6 410.4 413.7 418 419.1 423.1 422.3 425.8 430.7 454.5 466.4 466.1 463.4 458.7 451.7 445.7 441.7 440 437.4 431.1 428 427 428.1 428.2
