Game/Highland_Data/StreamingAssets/GeoData/Data/sh/SH91.asc
ncols 200
nrows 200
xllcorner 290000
yllcorner 310000
cellsize 50
[rows 70 to 104 of 200, columns 78 to 155 of 200]
445.9 444.1 442.9 441.8 440.2 435.9 433.7 430.4 427.3 429 429.8 429.7 430.8 431.5 431.2 430.3 429.1 426.7 423.5 421 414.7 408.2 404 396.9 379.5 370.1 357.3 345.7 331.3 323.5 321.2 317.7 319.1 323.8 332.5 341.1 348.1 356.8 367.9 377.2 386.4 393.9 398.4 403.1 411.2 418.2 423.9 426.3 429.4 430.6 428.9 428.3 429.6 426.2 424.8 425.3 421.7 415.8 411.1 400.6 393 386.7 381 387.2 389.5 389.9 393.1 396 396.9 398.7 400.6 402.5 403.3 403.1 404 404.5 405.7 406.6
444.5 442.8 439.4 438.3 435.9 432.3 429.1 422.9 418.5 421.9 424.3 425.8 427.7 429.7 430.4 430.9 430.9 429.9 427 422.9 416.3 409.2 404.8 398.7 381.1 369.8 357.1 349.9 332.6 325.6 324 321 314.3 321.8 327.7 332.1 340 348.8 357.8 366.6 376.6 383.8 389.6 395 402.2 413 422.2 418.7 420.1 426.4 424.8 424.7 426.6 424.4 423.6 423.9 421.2 416.9 412.7 402.7 393.2 388.4 380.4 380.9 384.2 384.4 385.6 387 388.5 391.7 394.5 396.8 397.5 398.6 399.7 399.9 400.1 398.6
442.1 440.7 438.1 436.4 433.4 431.1 423.3 416.4 415.9 417.3 418.8 420.9 424.2 426.1 427.8 429.8 432 431 428.9 423.9 416.1 410.7 405.9 398.9 384.8 370.5 361.3 352.6 339.9 335.6 329.2 325.9 315.6 314.9 320.5 324.5 332.4 339.3 345.1 353.9 362.8 369 375.6 383.1 392.4 403.8 414.6 415.3 416.7 420 419.4 422.3 421.1 421.7 420.9 423.3 419 415.9 413.3 405.5 393.6 389.2 384.7 372.8 377.3 378.5 380.5 381 382.6 386.5 389.2 390.9 392.9 395.3 397.6 398.8 398.7 397.8
439.5 438.3 438.1 434.8 430.8 426.3 417 409.2 412.2 413.8 414.9 416.4 417.7 420.8 424.4 427.5 430.2 429.7 426.6 422.6 416.2 412.9 407.7 399.6 388.8 374.6 366.1 362.4 355.8 345.2 336.1 329.8 320.9 312.1 315.4 319 323.5 331.7 333.9 339.8 348 354.9 361.7 372.3 383.8 396.2 408.3 411.2 413.7 415.1 412.6 411.5 415.9 417.2 418 420.5 417.3 414.2 411.7 407.3 394.5 389.7 385.1 372.4 367.4 365.3 373.8 375.1 377.2 381.4 384.3 385.9 390.3 394.5 397.6 398.5 398.2 397.7
435.2 436.4 434.5 431.6 426.9 421.6 412 407.9 409.7 411 409.7 412.2 414.2 416.3 420.2 424.7 428.2 426.4 423.7 420 415.9 412.1 407.5 400.5 387.9 378.2 370.7 369.4 361.3 349.8 341.7 336.8 330.5 320.4 309.7 310.7 314.9 319.3 322.3 329.1 332.8 339 348.1 358.2 371.4 388.6 398.5 402.1 407.4 407.4 406.7 402.1 406.2 410.5 414.7 417.3 414.7 412.1 409.8 405.8 395 389.8 386.3 382.9 378.8 369.3 361.6 368.4 371.1 375 376.5 385 393 397 398.2 399.1 398.7 397.1
432.1 434.4 430.6 427.1 421 412.6 408.3 406.2 407.5 407.7 407.1 407.3 410.3 412.9 415.8 420.4 422.7 421.8 420.1 417.5 414.4 410.2 406.2 399.2 392.2 384.6 375.9 372.4 362.6 358.7 354.9 350.7 338.9 330.1 321.7 306.1 301.5 308.2 312.6 318.9 322.9 327.1 334.5 343.4 355.5 371.2 380.8 387.8 391.3 396.3 398.4 395.4 397 405 407.3 407.6 410.1 409.9 407.1 403.3 393.8 389.1 384.3 380.7 378.1 374.1 368.1 349 362.6 370.4 377 383.2 389.5 395.6 402.3 402.1 400.7 398.7
428.6 431.1 425.4 419.8 413.7 410.7 411.5 405.1 405.9 405.2 403.9 403 403.4 408.5 411 414.2 414.9 415.5 414.7 413.8 411.7 409.7 405.2 400.5 394.1 386.7 380.6 374.2 368.5 365.7 360.8 357.6 353.9 339.8 331.2 323.9 308.5 297.5 302.8 306.8 313.4 315.3 320.7 327.3 334.8 344.1 355.9 369.7 374.7 379.6 381.2 383.7 380.1 390 399.9 400.3 403 399.3 399.7 398.9 392.4 387.5 383.3 378.5 374.6 372.1 365.7 350 362.2 370.4 375.9 381.5 387.5 394 399 406.7 405.9 403.5
422.5 425.3 421.4 413.2 409.4 412.9 406.2 404.5 403.2 403.2 401.8 401.8 402.1 403.4 406 407.5 407.8 408.4 408 406.7 405.9 407.4 406.7 402.5 397.3 390.7 385.1 379.6 375.7 373.4 370.1 364.8 361 354 340 331.6 319.6 305.9 296.3 298.4 303.6 307.4 310 313.2 316.3 321.9 332.6 343.7 349.4 353.3 357.7 360.9 361 369.7 378.2 385.5 390.7 385.7 384.5 383.9 386.3 384.7 380.3 376 372.5 369.2 363.6 348.6 356.8 368.4 373.9 380.6 386.6 392.3 397.6 405.4 405.8 404.8
424.6 417.7 416.3 409.1 408.7 410.2 406.1 404.5 401.7 400.3 399.2 399.6 399.4 398.5 398.6 398.8 399.5 401.5 401.1 401.5 402.1 403.3 405.7 403.8 399.6 395.1 390.3 384.6 380.1 376.5 372.2 368.8 362.4 356.7 347.8 335.5 323.5 311.5 306.3 297 295.7 296.7 297.5 303 306 309.2 315.7 324.1 330.4 337.2 341.3 345.6 345.8 346.5 351.3 362.1 368.4 368 369.4 374.2 379.5 378 374.6 371.2 368.4 365.2 360 342.7 357.9 364.4 372 378.8 385 390.2 395.7 401.8 399.7 397.7
423.1 418.7 410.6 409.3 407.6 406 404.2 403 401.3 399.5 397.6 395.1 391.2 390.4 390.7 390.2 391.3 393.8 396.1 397.6 399.4 400.2 400.6 400 397.3 393.2 388 382.2 378.1 371.8 366.8 363 357.5 353.6 343.6 333.6 324.6 314.3 307.3 303.5 295 292.2 290.4 288.9 292.8 295.8 299.1 306.1 313.6 322.4 325.9 328.1 325.9 329.5 328.9 335.5 342.2 347.1 353.9 364.2 371.6 369.9 365.9 363.2 360.2 359 354.3 336.9 352.9 359.6 367.7 374.6 380.2 385.8 392 394.7 392.4 390.1
421.5 416.1 411.5 414.4 407.1 405.3 410.6 405.7 404 402.3 400.9 394.9 391.7 386.6 385.9 385.6 388.1 390.2 392.5 394.6 396.4 396.9 396.8 394.7 392 388 382.1 376.2 371.1 364.3 359.3 355.5 349.9 341.7 334.1 326 317.1 310.6 306.6 298.9 297.9 299.1 297.5 296.1 292 288.2 288.9 291.8 296.9 305.4 308.3 305.5 307 310.2 314.2 316 321 329.5 338.3 349.1 359.8 360.5 356.8 354.2 352.1 352.3 346.8 333.5 347.9 352.9 361.7 367.5 373.4 378.9 384.8 388 386.2 382.7
418.9 416.6 417.2 411.9 408.8 413.9 413.6 411.5 408.4 404.8 400.3 395.1 391.8 389.4 385.2 383.2 385.4 387.7 389.1 391.8 393.6 393.8 393 390.8 387.7 382.6 376 370.1 363.3 357.8 348.8 344.3 337 329.2 320.8 311 305.6 310 308 307.2 304 302 302.2 303.1 300.6 296.7 291.6 285.3 284.7 284.5 292.5 285 285 291 292.9 298.5 304.1 314.2 325.8 336.2 345.6 348.1 348.2 345.4 345.4 345.4 339.4 339.6 344.2 347.5 352.8 361.5 365.7 373.9 380.1 382.9 380.9 374.5
418.8 419.6 418.7 410.5 415.6 416.5 415.7 411.5 409.7 407.4 404.7 397.9 394.2 389.3 384.2 380.6 382.4 384.4 386.1 388 390.7 390.8 389 386.4 381.6 377.7 369 363.1 348.9 343.4 339.5 337.8 331.8 327.5 327.3 322.7 323.3 324.7 319 317.2 315.7 311.5 309.8 309.6 305.5 302.3 298.9 296.6 292.6 284.7 283.2 279.8 281.3 277.8 272.5 278.7 286.2 296 304.8 316.1 326.9 334.4 338.2 337 339.6 340.6 334 334.8 341.7 344.7 349.4 356 360.7 368.8 376.8 378 373.6 368.5
421.5 419.9 414.2 417 419.1 417.4 416.5 412.4 411.3 409.3 405.7 400.1 396.9 393.2 385.3 380.2 380.4 382 383.2 384.5 386.1 383.2 371.6 370.3 365.4 365.6 354.9 356.7 355.4 353 350.5 348.3 347.5 340.5 332.8 332.8 331.6 332.8 330 327.7 325.7 321.3 318.9 318.5 315.2 312.7 309.2 308.3 300.3 298.3 296.5 295.6 296.5 284.3 274.8 272 273 273.8 283.9 297.2 307.4 315.9 323.8 326.9 330.4 333.1 313.8 329.6 338.8 341.5 345.9 350.9 357.4 363.6 371.6 374.4 367.1 363.1
423.4 419.4 417.9 423.3 422 418.2 416.1 415.5 414.2 412.6 408.6 402.8 399.6 394.3 386.5 381.4 379 380.1 381 381.9 375.7 369.2 368.3 367.9 363.9 364.4 369.2 366.9 366.3 363.9 363.6 362.3 359.5 355.2 339.3 337.7 336 338.4 340.6 340.3 335.5 334.5 334.9 334.1 330 329.4 325.8 321.3 315.8 313.4 306.7 307.3 302.5 289.7 279.4 273.5 269.8 271 272.7 283.5 292 299.5 307.3 310.9 315.5 319.8 304.5 320.5 329.4 338.7 342.3 347.1 354.6 362 366 367.5 363.5 361.5
423.9 419.6 423.5 424.3 423.6 421 416.9 417.3 416.7 416.1 412.8 407.7 405.2 398.3 395.3 382.9 377.7 377.6 375.2 376.6 381.2 382.6 382.4 381.1 380.9 379.6 376 375.4 375.4 374.3 371.8 372.4 369.6 365.6 353.2 348.1 339.6 346 352.8 349 348.7 349.8 348.5 347.4 344.8 344.5 344.2 337.4 328.9 322.5 318.2 312.1 306 297.5 288.6 281.9 266.7 268.6 269.7 274.8 281.7 284.7 293.7 298.6 299.4 294.5 304.5 313.2 320.5 327.6 333.8 341 349.1 354.9 354.6 361.1 361.1 357.9
421.4 421.3 425.1 425.4 424.8 422.4 419.2 419.5 418.6 416.8 414.6 411 409.1 405.1 404.8 394.5 383 383.4 383.1 385.8 387.9 388.4 387.3 387.3 386.6 386.8 385.1 383.4 384.2 383.2 382.7 379.9 377.3 374.1 362.8 357.3 346.3 354.6 362.1 362.3 359.2 362.1 362.5 360.9 357.6 366.4 359.9 348.1 341.3 337.4 331 325.4 318 309.4 296.2 287.4 279.8 268.5 263.8 269.9 277 280.2 283.3 284.9 279.2 283.8 295.6 298.4 313.4 326.5 337 343 354.6 352.9 358 359.7 359.6 360.9
421.9 424.8 426 426 425.2 421.6 421.1 422.4 422.3 419.7 416.8 413.3 411.8 412.3 412.4 398.8 396.6 396.9 393.7 392.8 393.9 393.8 396 393.6 392.1 391.7 392.1 391.4 393.6 394.2 391.7 388.1 384.4 381.3 371.4 365.5 356.5 365.5 369.7 371.5 371.1 372.8 372 371.8 371.1 377.5 366.1 357.4 350.2 346.1 342.3 330.6 326.5 314.2 302.8 292.2 288.4 274.4 264.9 266 276 275.2 275.4 274.6 279.3 295.4 304.1 316.4 337.2 353.6 366 374.9 380.8 381 375.8 368.7 363.2 362.8
422.9 423.7 428.9 428.5 426.8 422.8 422.7 424.5 423.9 420.9 416.2 415.5 419.2 420.8 413.9 410.3 409.4 405.1 401.1 399.5 400.9 403.4 405.6 403.4 398.2 396.8 397.7 399.1 400.1 400.4 399.3 395.2 390.5 387.2 380.4 375.2 368.7 374.8 377.8 377.2 375.7 377.4 377.8 379.9 377.4 378.5 369.9 362 355.5 349.3 344.8 332.1 327.3 314.5 304.4 292.7 289.4 284.6 276.1 263.8 266.2 269.2 270 276.3 287.5 297.2 310.9 331.6 348.6 366.5 385.7 393.6 397 396.8 393.1 379.9 368.8 366.1
424.4 431 430.4 430.4 429.2 426.2 425.9 426.2 424.5 422.2 419.7 420.9 427.6 426.4 418 420 418.7 412.2 409.3 409.6 411.3 412.4 414.3 409 405.4 405.2 402.7 404.6 405.4 405.9 406.2 404.2 399.1 394.5 387.1 381 375.5 383.5 382.3 377.1 377.4 378.4 380 380.4 379.2 376.8 371.8 361 352.2 348.2 338 326.6 313.5 307.2 297.6 294.5 292.2 290.4 283.1 272 260.7 264.4 263.9 277.8 285.9 296 309.1 331.7 353.4 376.3 394.1 400.8 403.3 403.1 398.9 391.2 381.2 371
428.2 430.1 431.1 432 429.9 430.5 432.1 430.2 425.6 424.4 424.7 428.9 430.7 428.9 422.8 424.1 424.7 419.8 417.2 415.3 418 419.9 420.6 415.6 411.2 411.6 407.3 408.8 411.2 412.9 415 411.3 404.6 399.3 389.6 380.3 381.2 389.1 383.8 377.5 379.6 379.2 378.2 377.3 374.8 371.3 364.3 354.2 347.6 339.8 331.6 318.9 309.3 303.2 301.3 299.2 293.2 292.4 288.1 278 267.9 260.8 266.4 274.9 285.1 296.9 309.4 331.1 352.6 371.7 398.3 404.4 404.9 401.9 397.6 391.5 383.5 375.6
428.8 430.3 432.1 431.9 432.1 435.8 432.7 431.7 433.5 430.6 430.7 432.2 431.8 429.6 429 426.4 427.2 424.3 421.9 421.6 423.1 422.8 422.2 420.3 415.7 413.4 412.8 414.8 416.7 417.1 416.8 412.6 407.8 401.4 390.8 382.4 389.3 389.5 379.8 373.2 372.4 370.9 369.4 367.3 365 359.8 354.2 347.6 340.4 333.5 326.5 319.8 312 307.3 303.8 301.9 297.3 294.7 289.7 274.9 267.7 259.5 261.9 271.6 281.4 293.1 305.9 328.9 351.7 378.3 396.3 400.5 399.9 396.8 394.3 387.3 381.7 376.1
426.8 427.8 430.9 434.4 436.3 434.7 433.7 434 436.2 437 436.4 433.8 431.3 430.5 428.4 428.4 426.6 427.4 423 424.2 425.6 424.5 424.4 423.4 420.5 420.8 417.7 419.3 418.4 418.5 419.9 416.2 409.3 399.9 390.7 384 388.4 386.3 375.9 370.1 366.4 363.8 362.1 360.2 355 350.5 346.8 340.3 332.6 324.9 320.2 315.7 310.7 304.5 299.2 296.2 293.2 287.5 286.2 276.5 264 258.3 257.8 269.3 277.1 287.6 303 326 354.9 378.3 391.4 396.7 396 392.5 388.8 385.7 379.9 375.4
427.7 428.2 428.1 434.9 437.5 437.8 436.7 436.2 435.6 432.4 431.9 429.3 428.8 426.9 426.7 429 424 424.7 422.7 424.8 425.7 426.5 425.6 425 421.7 421.8 422.4 422.9 422.6 420.3 416.8 412.3 405.7 396.2 387.9 386.7 384.6 380.2 375 371.8 369.2 362.6 358 355.6 353.4 352.4 350.4 348.3 336.5 332.2 325 315 305.9 299.7 294.7 290.7 283.6 280.1 277.3 270.4 262.1 255.5 256.7 264.3 273.7 284.9 300.1 323.8 353.3 373.5 381.3 385.6 386.7 386.3 383 378.6 373.4 372.2
426 426.6 428.2 433.1 438.2 439.5 443 441 432.8 430 425.6 424.5 424.3 423.8 424.6 426.1 423.2 421 420.7 424.2 425.1 426.4 424.6 424.5 422.7 422.2 422 420.9 417.3 408.5 402 395.4 393 391.8 390.1 388.9 387.7 378.8 376.1 375.9 369.9 361 359.2 355.3 353.3 351.5 347.7 343.2 341.1 339.2 333.5 322.7 311.6 303.7 299.1 294.7 287.5 277.2 266.3 263 260.3 256.9 253.7 255.7 271.2 280.3 301.7 325.3 348.3 365.4 372.3 375.1 375.7 374.6 374.1 369.5 365.3 366.4
424.9 425.3 425.6 433 434.5 438.4 440.3 434.8 431.2 429 424 422.5 421.6 418.5 419.1 420.8 418.3 418.6 419.4 421.3 423.4 424.1 420.3 418.2 417.8 415.9 414.6 412.6 407.9 402.6 399.5 396.5 394.5 394.6 394.4 389.6 385.2 380.7 378.7 377.9 369.7 361.4 359.4 357.3 357.7 357.6 353 347.9 346.5 343.2 338.7 327.9 319.9 310.7 304.4 299.4 294.5 283.7 271.8 264.8 258.3 255.6 254 253.7 265.5 275.5 303.2 339.1 364 366.7 367.4 368.3 368.9 367 366.2 364.4 362.6 358
422.2 421.3 421.2 423.9 427.8 430.4 430.5 426.1 425.9 423.5 418.7 416.3 417.3 416.9 416.2 415.7 415.5 415.9 417.4 417.8 419.4 417.9 415.2 414.3 412.4 412.6 413.5 411.8 404.8 402.4 401.5 399.7 400 399.5 398.3 393.1 389.1 386 382.1 379.3 370.3 363.4 361.8 363.5 362.9 361 357.2 354.8 353.1 350.8 347.9 333.5 325.7 319.2 310.4 303.5 297.3 288.7 278.7 265.8 256 253.7 252.5 253.3 260.6 272.2 299.5 332.5 361.1 365.8 365.7 364.4 367.6 365.6 365.8 366.2 366.4 364.6
420.7 420.2 418.8 420.5 416.3 416 420.3 420.9 419.1 413.6 414.2 414.7 414.6 415.9 415 414.8 414.3 414.2 413.5 414.7 416.7 415.8 410.9 410 410.4 410.1 411.9 410.6 402.8 402.5 403.1 404.2 405.1 404.7 404 400.5 394.6 389.6 384.5 379.6 371.4 366.4 367 366.1 363.5 362 360.6 360 356.6 354.7 355.8 342.2 336.8 330.7 318.2 309.7 305.7 291.4 280.8 268.9 254.2 251.9 250.9 252.1 258.4 269.3 291.5 324.3 354.6 361.3 363.7 362 362 363.5 364.3 363.9 362.5 360.8
415.2 414.7 417.3 415.7 412.9 414.1 418.4 416.7 413.5 412.4 412.6 413.4 412.3 413.3 414.8 414.5 413.8 413.1 411.6 411.1 411 408.8 408.3 408.6 408.4 407.5 408.9 406.9 401.9 401.6 403.5 406.8 409.1 409.5 409.4 406.8 401.4 394.9 386.2 381.1 375.3 370.9 367.7 365.6 364.9 364.3 360.3 358.9 358.6 359.3 358.2 350.1 340.9 337.1 329.2 315.3 307.8 296.8 285 271.2 259.1 250.6 248.6 250.6 254.2 265.9 284.4 313.8 346.1 355.9 358.6 358.9 357.9 357.6 357.7 355.9 353.3 349.8
411.1 412.4 415.2 410.2 410.8 413.7 413.1 414.3 410.3 410.5 411 410.8 410.7 410.9 412.8 413.6 413.4 413.1 411.5 410.2 408.5 407.1 406.2 406.3 404.6 403.3 404.1 402.2 397.3 399.3 402.7 406.1 408.8 411.5 414.5 410.9 405.7 398.1 388.9 380.6 374.6 370 365.8 364.3 362.7 362.3 361.8 363.1 363.2 363.9 361.4 353.6 348 341.8 334.9 325.7 311.2 300.4 288 272.6 258.7 249.9 249.1 252.1 253.3 260.1 276.5 302.5 333.9 347.6 352.4 353.2 352.4 351.6 348.8 346 344.7 344.1
402.6 409.5 409.7 409.1 409.7 412.5 411.4 408.9 408.9 409.1 410.3 410.4 409.7 409.1 409.7 410.9 411.7 412.4 413.3 413 410.5 406 402.4 401.8 400.6 399.2 398.9 397 394 397.1 401.6 404.5 407.2 409.4 411.5 409 403.6 398.3 391.2 380 371.9 366.7 363.5 362.2 361 361.2 361.4 363.2 363.1 365.2 362.5 355.8 354 345.9 340.4 331.3 318.2 301.8 289.2 274.1 260.4 249.8 248.2 250.9 251.7 258.2 269.6 290.8 319.7 338.3 344.6 345.2 344.8 344.1 343.5 342.1 342 342.9
396.3 406.7 406.2 407.1 411.3 411.7 408.5 407.3 408 408.3 408.8 408.5 407.2 407.4 406.8 407.7 409.1 410.4 410.9 412.3 412.9 411.9 406.3 400.3 397.6 395.1 393.8 391.7 390.7 393.1 398.6 402.4 404.4 406.6 408.5 408.2 402.2 397.1 391.2 382.8 371.4 362.1 358 355.8 354.5 353.6 355.4 357.5 359.2 358.5 356.5 356.2 352.5 346.5 341.3 334.3 324.3 308.5 292.3 275.1 260.3 249.4 248 248.6 250.6 253.9 263.5 277.5 295.1 312.8 320.3 326.7 330.1 332.7 335.2 336.6 339.1 339.1
394.7 399.6 400.1 403 407 407 403.9 405 408.2 408.1 409 407.8 408.2 406.7 405.7 404.9 406 407.8 408.9 410 410.3 410.2 409.8 408.1 402 393.4 389.4 389.3 388.4 388.8 395.4 398.4 401 403.3 404.7 404.5 401 394.9 388.9 380.8 373.6 361.7 356.5 353.1 351.9 351.4 351.9 353.3 354.7 354.6 352.7 349.7 345.9 343 341.4 337.7 331.6 318.8 299.3 280.4 265.9 251.2 246.8 247.5 249.4 251.2 261.4 270.7 299.4 321 320.9 322.3 324.6 326.6 333.2 332.6 333.2 335.1
386.2 390.9 393.7 400.7 402.2 402.3 401.3 404.4 408 407.3 408.3 408.3 406.9 404.1 404.6 402.9 402.5 404.6 406.3 406.7 407.7 407 405.8 404.8 403.9 401.7 389.6 386.8 384.8 386.6 393.6 395.1 398 400.1 401.2 399.8 396.8 390.8 383.6 376.8 370.3 361.6 353.8 350.2 348.4 348.3 349.4 348.2 347.6 348.5 348.3 350.1 351.8 350.5 346.8 342.2 335.3 325.3 316.2 297.5 275.3 259.7 245.2 247 247.6 249.6 258.9 273.2 302.5 320.6 322.1 324.4 323.7 324.2 324.4 325 326.7 328.9
372.6 379.7 386.5 394.7 395.7 394.5 399.9 405.6 405.3 406.3 406.8 407 404.7 402.4 401.9 401.2 401.3 402.5 402.8 402.9 403.8 403.5 402.7 401.7 401 401.3 398.8 388.3 383.5 381.3 388.1 390 394.2 398.2 397.8 396.3 391.4 385.2 378.3 373.2 368.5 360 352.5 348.3 346.8 344 343.4 343.6 345.7 351.7 352.9 354.7 357 354.1 347.9 341.7 333.6 323.2 314.9 301.4 284 264.2 248.6 244.9 246 248.1 253.9 271.5 297.2 314 319 323.9 324.6 324 323.5 322.8 324.4 322.4
