Game/Highland_Data/StreamingAssets/GeoData/Data/sh/SH95.asc
ncols 200
nrows 200
xllcorner 290000
yllcorner 350000
cellsize 50
[rows 0 to 34 of 200, columns 78 to 155 of 200]
421.2 418.4 415.6 417.5 412.9 407.7 398 397.8 396.2 389.8 388.9 390.1 395 399.9 402.3 399.7 400 402.4 404.2 408 409.6 412.3 414.7 416.2 419.7 422.1 423.4 426.2 428.3 430.6 433 433 430.9 431.8 434.2 441.3 444.2 445.7 444.8 443.4 441 437.9 438.5 435.7 431.8 429.6 420.4 414.7 413.4 419.6 424.9 429.2 434.8 439.4 440.2 441.5 450.4 462.3 471.2 484.3 491.6 495.5 499.3 501.7 502.1 500.3 498.9 495.2 490.7 488 483.2 479.3 473.1 472.6 472.1 472.3 473.9 476.1
424.3 421.8 417 414.9 411.6 405.5 400.3 403.4 400.9 395.3 396.3 398 402.9 407 406.5 404.5 406.1 408.7 409.3 411.8 414.4 417.4 420.5 422.3 425.2 426.4 427.5 428.6 432 435.7 437.5 436.5 435.6 437.7 439.6 448.1 448 451 450 447.6 444.8 442.9 444.5 441.7 437.3 431.9 423 420.5 422.3 427.5 435.5 438.3 445.1 447.5 447 451.9 462.3 473.6 480.9 494.3 499.7 502.4 505.2 505.5 503.3 499.2 493.9 490.2 486.9 483.2 478.8 474.3 472.2 470.8 468.9 468.2 470.1 473.1
425.7 424.9 419.2 414.5 412.8 410.8 404.3 407.6 403.7 400.5 403.3 405.3 408.7 410.7 408.3 409.9 414.3 414.9 416.4 419.1 419.8 422.3 425.8 427.7 429.9 431.6 433.2 434.3 436.6 441.8 441.9 440.6 442.7 444 446.4 450.5 451.6 454 454.4 451.7 448.9 448.2 449 446.7 442.2 435.9 432.8 428.7 429.9 437.7 445.1 447.2 452.4 453.8 456 461.9 470.6 479.7 490.4 501.9 507 507.6 510.1 508.9 502.2 496.7 491.3 484.7 481.5 479.3 474 471.3 470.8 469.7 467.1 463.9 464.1 466.8
425.2 426.1 421.9 415.2 413.6 412.4 410.2 411.3 409.5 405.7 409.3 411.7 412.2 413.4 413.8 416.6 419.6 419.6 421.9 424.9 427.1 428.6 431.3 433.9 435.4 436.8 438.2 439.3 441.6 447.5 446.9 446.3 449.7 450.5 452 453.9 456.1 458.2 458.4 456.1 453.5 452.5 452.1 450.8 444.3 439.4 438.4 436.8 435.4 445 451 455.5 459.8 460.5 463.7 469.9 478.7 486.9 498 509 511.3 512.9 508.3 506.1 501.7 494.7 489.6 483.4 476.5 474 470.9 468.2 466.5 465.8 463 461.3 457 459.1
427.3 426.3 422.3 417.5 413.9 414.1 413.4 413.8 412 411.2 410.6 414.6 416.3 416.6 418.8 423.7 424.1 427.2 428.4 431.9 433.6 435.1 438.5 440.1 441.1 443.2 443.8 444.1 446.6 450.4 450.8 454.3 456.1 456.1 456.7 456.2 458.7 461.5 462.9 460 458.1 455.6 453.8 451.6 446.7 444.5 443.4 440.7 438.3 446.2 454.8 460.9 464.4 466.4 470.6 478.5 487.2 493.8 503.7 511.3 515.6 511.8 507.7 503 499.9 494 486.8 479.7 472.7 470.1 467.2 464.2 460.8 458.9 458.6 451.3 451.7 449.6
430.4 427.8 422.7 417.5 422 422.3 418.1 415.9 415.5 416.7 414.5 416.9 419.3 420.2 425 429.1 431.2 433.5 435.7 437 439.2 441.4 445.4 446.4 446.8 448.5 450.1 449.3 451.8 453.2 456.2 462.4 461.3 459.7 460.3 461.3 463.4 464.6 464.9 462.8 460.5 457.2 454.2 450.1 450 450 446.5 444.6 441.7 446.3 456.2 466.3 468.3 471.1 477.9 485.3 491.9 499.6 507.3 513.1 514.9 510.9 505.3 501.4 498.4 491.8 484.1 476 469.5 466 463 460 456.5 453.1 451.6 449.9 444 441.5
433.3 431.3 427 422 433 433.6 430 422 421 420.2 419.6 420.8 424.2 427.7 435.3 434.9 436.7 440.2 441 441.9 446 450.3 451.5 450.6 452.6 455.1 454.6 453.7 455.2 455.8 460.7 466.5 462.8 462.7 464.2 465.8 467.7 466.8 467.2 466.3 461.2 458.2 453.8 453.2 452.5 452.9 448.8 446.6 446.7 449.9 457.9 467.4 472 475.4 484.8 488.5 495 502.6 510 512.1 509.2 506.8 502.1 499.1 494.9 487.4 479.4 473 466.5 461.7 458.8 455.7 452.2 449.1 446.2 444.7 440.7 439.1
434.7 431.9 428.5 430.6 431.2 434.9 436.7 432.4 428.7 425.3 424.6 425.8 431.5 439.5 442.4 443.5 444 446.8 447.5 448.1 451 460.3 458.6 456.8 458.3 459.5 459.2 457.7 458.4 458.6 464.2 468.1 465.2 463.5 464.2 467.7 469.9 467.9 468.2 466.4 462.8 457.9 451.8 450.4 449.1 451.4 448.8 446 447.7 453.5 461 468.4 474.1 480.7 486.6 491.7 496.9 502.2 508.3 510.1 507 502.6 497.1 493.5 487.8 482.2 477.3 472.1 464.9 458.2 454.7 451.1 447.7 444.2 441.3 440.7 437.7 437.7
435.4 434.2 434.9 435 435.4 437.3 438.8 437.2 433.2 434.1 430.3 432.6 438.9 450.2 450.9 453.5 452.1 453.8 453.5 453.3 455.2 458 461 462 466 464.1 463 462.3 461.9 460.9 463.3 468.6 468.8 464.7 465 469.6 470.5 469.8 467.6 464.7 461.7 454.2 446.5 440.6 438.7 442.9 442.4 444.7 446.6 453.6 458.8 466.4 473.5 478.6 484.2 493.6 499.3 503.1 507.5 507.1 504 500.8 496.6 490.9 485.2 479.8 475.5 469.6 462.7 455.6 452.3 447.9 444.7 441.3 437.1 436.6 435.8 436.1
441.9 437 437.9 437.4 439.6 444.1 447.4 446.9 441.9 446.5 446.3 441.6 449 455.3 459.1 459.5 459.1 460.3 460.9 459.6 459.5 460.2 462.7 464.7 465.8 467.8 466.5 465.2 464.2 463.3 464.1 464.9 467.5 467.2 464.7 467.5 468.1 468.4 466.2 462.7 458.2 450.1 442.8 436.2 434.8 434.8 440.2 442.6 445 452.1 456.3 464.2 471.2 477.2 482.5 490.9 494.5 496.7 502.1 501.9 498.4 495.6 492 488.8 483 477 473 466.7 460.3 453.7 448.9 444.7 440.9 438 435.7 434.9 434.8 434.9
444.9 440.6 441 441.6 445 451.8 454 454.9 452 454.2 456.8 456.6 457.9 460.1 467.1 466.3 464.3 465.2 467.1 465.4 464.2 464.1 466.8 465.8 466.8 467.7 467.5 466.4 465 464.1 465 466 464.4 463.2 463.6 464.1 464.1 463.2 460.5 458.9 454.8 448.5 441.8 434.8 434.8 434.8 435.4 440.6 441.8 447.1 451.8 457.3 465.3 475.7 480.1 485.4 488.2 488.8 492.6 491.9 491.4 487.8 487.6 483.7 480.5 474 468.6 463.1 457.7 450.5 445.8 441.6 437.4 435.8 434.2 433.4 433.2 434.4
445.9 446.2 444.5 445.9 450 454.9 459.3 460.6 460 459.9 460 459.5 465.6 466.2 466.2 467.8 469.5 470.4 473.3 470.3 469.4 468.5 468.2 468.5 467.6 467.6 466.9 466 464 464.3 466 467.1 463.8 460.7 459.6 459.9 460.8 459.6 455.1 453 448.1 443.7 438 434.8 434.8 434.8 434.8 437.1 439.3 441 445.4 453.1 462.1 465.6 475.7 480.8 483.8 484.6 486.6 484.1 485 482.4 481.9 478.4 473.3 467.4 463.8 458.2 452.1 448.1 444.8 441 436.1 435.1 433.4 433.6 433.4 432.5
453.6 453.1 450.9 450.1 453.4 458.3 463 464.3 464.9 462.7 462.3 462 467.6 469.7 470 471.6 473.2 475.7 477.1 475.3 473.4 472 470.9 469 467.1 466.5 465.7 463.9 462.6 463.4 465.9 465.8 460.5 455.8 455.1 455.5 455 453.6 451.7 450.7 445.3 441.3 437.8 434.8 434.8 434.8 434.8 434.8 434.3 438.6 443.4 449.3 456.3 462.5 471.9 476.4 479.3 481.8 483 479.9 479.4 476.6 475.6 470.6 466 460.4 457.9 454.3 449.4 444.4 440.2 437.5 434.6 433.4 432.2 428.9 433.1 431.2
457.5 457.9 455.8 460.2 458.6 461.3 463 465 467.2 466.5 465.2 467.1 470 472.9 475 475.9 478.5 478 478.7 477.9 474.3 472.3 469.6 467.3 465.6 464.3 463.3 461.2 460 461.3 463.5 460.4 454.7 448 447.7 448 447.1 445.2 448.8 448 441.5 442.2 437.7 434.8 434.8 434.8 434.8 434.8 434.8 434.7 443.8 452.6 454.4 457.3 462.9 468.6 473.7 478.2 477.2 476.4 476.2 474.2 470.8 467.3 461.7 458.4 456.7 454.5 450.4 443.5 436.5 432.9 432.2 431.1 430.5 428.8 426.6 426.2
459.7 460.4 462.2 463.8 463.9 463.6 464.7 466.2 470 469.4 469.3 471.4 473 477.5 478.8 482.3 481.9 481.2 480.6 478.5 476.3 473.3 469.8 466.2 464.1 462.1 460.4 458.5 457.8 458 459.8 454.8 447.5 439.7 437.8 438.1 440.2 439 437.6 440 441.4 444.3 438.9 434.8 434.8 434.8 434.8 434.8 434.8 434.8 448.5 456 453.7 456.6 459.8 466.2 474.1 474.8 474.6 474.6 474.6 472.9 469.5 467.6 459.8 456.4 456.7 454.2 450.3 444 437 431 428 428.4 429.3 428.7 425.6 427.5
461.1 462.3 464.1 462.9 468.4 465.4 466.4 468 469.2 471.9 473.1 474.2 477.8 482.9 485.6 485.1 484.6 484.5 484.3 480.2 476.6 474.8 471.1 467.2 463.4 461.2 457.7 454.9 454.3 454.5 453.8 447.6 439 434.9 432.3 432.2 431.6 433.8 436.4 439.1 442.1 446.3 441.2 434.8 434.8 434.8 434.8 434.8 434.8 434.8 446.5 456.4 453.5 457.2 460.7 469.9 473.6 475.4 473.4 473.1 472.6 472 468.4 463.1 456.7 454.2 453.8 453.5 450.6 446.5 441.3 432.3 428.2 425.6 426 424.4 422.2 421.3
463.6 463 463 466 469.6 466.8 466.7 467.7 470.2 476.7 477.1 479.1 481.1 484.9 486.8 487.2 488.3 489.5 485.6 481.7 479.3 476.1 472.1 468 465.7 461.5 457.3 454.1 451.1 450.3 448.1 441 434 432.3 431.8 430.7 431.3 434 436.6 440.5 444.9 448.5 442.9 435.1 434.8 434.8 434.8 434.8 434.8 437 445.5 447.6 455.3 459.5 464.6 470.4 473.5 473.7 474.1 475.3 473.1 470.6 465.8 460.8 455.6 453.5 450.5 452.5 450.5 446 441.5 434.1 429.4 423.8 422.4 421.9 421.1 419.5
467.8 467.1 465.2 464.5 465.5 464.9 466.6 468.7 471.8 478.8 481.5 482.3 483.7 486.9 488.4 490.4 493.4 492.1 487.2 483.8 481.9 478.1 473.9 469.9 466.3 461.6 457 453.2 450 445.8 441.9 436.2 433.5 432.1 431.3 429.7 431.4 433.9 437.3 441.6 446 449.3 443.7 438.4 434.8 434.7 434.8 434.8 434.8 441.5 449.5 451.6 459 462.8 467.1 469.9 472.6 473.7 475.2 475.6 476.2 471.7 466.1 461.9 455.6 451.5 448.8 449.2 448 444 439.5 433 427 423.3 418.4 419.4 420.2 420.7
466.7 466 464.2 458.1 463.9 463.9 464.5 467.8 470.5 473.4 478.4 481.9 482.9 487.4 490.8 492.4 495.7 491.8 489 485.9 483.4 480.2 475.8 471.6 466.8 461.7 456.2 452.9 448.8 445.2 439.9 439.5 436.7 431.5 430.3 429.5 430.4 433.3 436.6 441.4 446.7 448.8 443.7 440.3 436 434.8 434.8 434.8 437.5 447.2 450.2 453.7 459.9 464.6 469.2 470.3 473 474.7 476.1 475.5 474 472.3 468.1 462.2 458.6 453.3 448.6 444.6 440.1 437.4 435.8 431.2 426.5 422.6 419.5 417.5 417.8 418.3
457.8 454.7 452.1 451.5 459.5 460 461.5 463.5 466.2 469.5 473.7 478 479.7 487.3 491.6 492.7 494.1 492.4 489.3 486.5 482.5 480.6 476.3 471.9 466.6 461 456.5 451.8 447 444.6 444.6 443.2 438 431 429.3 429 429.5 432.3 436.5 441.5 446.4 446 444 440.9 436 434.8 434.8 434.8 443.1 451.6 449.6 454.6 460.4 464 469.5 471.7 473.1 474.8 476 475.7 472.4 469.2 466.3 465.1 461.4 456.9 452.7 447.6 441.9 438.6 435.3 431.3 425.6 421.7 419.4 417.9 415 413
456.4 452.7 449.1 447.1 452 455.4 457.1 458.9 463.9 468.7 472 474.5 477.5 484.1 489.4 490.9 492.4 491.8 488 484.6 481.9 480.5 476.6 471.4 465.4 460.6 456.2 450.9 448 446.5 446.2 441.5 435.1 430.4 430.2 429.6 429 432.3 439.7 442.8 445.9 445.8 444.8 441.3 436.7 434.8 434.8 435.3 438.8 444.1 449.1 453 456.1 461 468.6 473.5 475.5 476.4 477.6 474.5 470.8 468.7 466.8 465.2 462.6 459.5 454 448.7 444.2 441.9 437.2 433.9 427.4 421.4 415.7 415.2 412 410.9
454 451.2 444.6 443 446.6 451.5 451.8 453.7 457.6 467.6 471.9 472.8 475.7 480.9 486.4 490 490.2 489.2 487.1 483.1 479.6 478 475 470.1 464.9 459.9 454.7 450.7 448.4 446.9 443.6 438.5 431.9 430.8 430.6 430.3 428.9 436.7 443.2 446.8 448.3 447.5 444.9 441.8 437.9 435 434.8 437.4 440.4 444.9 448.4 451.1 453.9 461.8 467.3 471.4 475.3 476.4 476.8 472.6 471.7 468.8 464.4 463 461.3 460 454.5 450.3 447.4 443.5 437.9 433.1 427.3 421.6 415.1 412.1 409.4 408.8
440 439.1 438.4 437.9 445.7 445.8 444.5 448.3 452.4 461.4 468 469.8 474 480.1 484.3 487.1 488.1 486.3 485 481.9 477.8 474.9 471.9 468.7 464.4 459.3 453.6 450 447.8 444.5 439.4 433 432.3 432.4 433.4 431.5 432.5 438.7 446.3 448.2 449.4 447.6 444.6 441.2 439.6 436 435.4 439.5 441.8 443.9 446.6 450 456 465.3 466.5 468.5 470.6 472 471.7 471.9 469.2 468.2 464.7 463.2 461.2 458.9 456.5 452.2 449 444 439.4 433.8 427.4 420.7 416.1 411.2 409.4 412.1
433.3 433.4 434.2 435.3 436.8 438.8 441 448.4 450.5 456.2 461.6 466.6 471.7 478.1 482.4 483.8 483.6 482.4 481.1 479.9 477 473.4 470.8 468.4 463.3 458.1 452.3 448.1 444 438.4 434.3 435.2 435.1 435 435.1 431.2 432.7 438.6 443 447.3 448.4 446.6 443.6 442.1 440.7 434.5 435.4 438.2 440.3 442.2 446.8 453.5 459.6 463.1 465.7 466.4 466.6 467.5 466.9 467.8 467.4 466.3 464.1 463.6 462.3 459.3 457.6 453.9 450.3 446.1 439.9 432.2 425.8 420.5 414.7 408.9 411.1 410.6
431.6 432.2 433.3 434.5 435.6 437.3 439.8 443.3 446.9 454.3 460.3 465 468.9 472.5 478.5 480 479 481.8 479.2 476.3 474.3 471 468.3 464.3 459.7 453.7 448.9 445.2 439.4 436.4 439.2 438.9 437.4 437.1 435.8 430.5 432.2 437.2 440.8 445.6 446.9 444.9 441.8 440 438.4 432.4 434.4 437.5 439.3 444.5 449.3 454.2 459.1 462.9 463.4 463.3 463.3 463.5 461.9 462 462.1 464.1 461.7 461.8 461.1 459.8 458 453.9 448.7 444.3 438.6 432.5 425 418.6 411.3 406.2 407.1 408.1
430.8 431.7 432.9 433.7 434.6 436.7 438.8 441.6 445.3 453.9 459.5 462.4 465.8 468.5 472.3 478 475.5 475.9 476.3 471.5 470.1 468 464.6 460.7 454.9 450.9 446.9 442.4 440.2 442.4 444 443 441.6 440.2 437.2 429.1 428.5 435.9 438.7 442.2 443.5 442.8 440.1 437.7 437.2 433.8 435.8 437.6 441.4 446.1 450.6 454.7 459.1 460.3 460.1 459.1 458.7 458.6 458.9 456.4 457.4 461.1 461.2 460.9 461 458.7 456.9 452.7 447.1 440.6 434.5 429.2 423.3 416.2 408.9 405.3 404.5 399.1
430.7 430.8 432.1 433.1 434.4 436.4 438.6 441.1 447.6 453.5 458.7 461.4 464 466 469.9 473.9 469.7 467.8 466.4 465.4 465.4 464 460.2 455 450 446.8 443.8 441.2 444.2 446.6 446.5 445 443.7 440.5 437.2 430 426.9 433.7 437.1 439.1 439.8 439.2 438.2 437.3 434.5 433.1 436.3 439.9 445.5 449 452.1 455.1 458.1 457.3 456.6 455.3 452.9 452.8 451 451.2 454.8 458.6 459.1 462.8 461.9 458 455.1 449.4 444 437.9 431.5 425.1 419.9 414.3 407.6 404.9 404.1 399.5
431.9 430.8 431.5 432.8 434.4 436.4 438.5 440.7 448.7 455.5 458.7 461.4 463.1 464.6 465.6 466.2 465.5 464.6 463.9 462.1 460.5 457.9 453.6 451.2 449.1 446.5 443.9 445.9 447.8 448.7 447.7 445.7 442.5 439.6 435.4 430.3 423.7 430.6 434.2 436.1 437.4 436.5 436.7 436.2 434.1 433.6 437.7 443.1 447.5 450.3 452.8 454.5 455 454.9 453.1 450.9 448.1 444.5 442.7 445.3 450.2 451.8 457 461.5 461 458.6 452.9 446.2 440.4 434.6 428.4 422.4 416 410.6 405 399.7 398.8 400.6
433.1 432 432.1 433.2 434.8 436.9 438.3 441.4 451.3 455.1 458.3 460.6 462.7 464.2 464.9 465.3 464.5 463.8 462.4 459.9 457.1 453.8 452.1 450.2 448.2 445.9 446.5 448.2 449.3 448.5 447.4 444.1 440 438.3 433.9 429.5 422.2 428.3 430.8 432.4 434.6 434 434.2 433.5 430.3 435.1 439.3 443.8 446.9 448 451.2 451.7 451.6 450.6 448.6 446.2 441.2 438.4 439.1 441.8 443.9 447.7 451.9 455.7 458.4 457.6 450.7 442 435.9 430.3 425.2 419.4 413.3 406.8 401.9 399 396.3 394.6
433.8 432.6 433.3 435 436.1 437.3 438.5 446.3 452 454.9 457.8 460.3 462.2 462.9 463.8 465.1 464.7 463.8 461.8 459.2 455.2 453 451.1 449.1 447.6 447.4 447.3 448.6 448.8 447.6 445.9 442.4 439.1 435.9 431.9 430 426.9 421.5 426.8 429.2 431.2 429.9 430.1 426.6 431.6 437 441.3 444.4 446.3 446.5 448.2 444.2 443.5 442.7 439.6 436.2 433.3 433.9 440 442.2 445.4 448.1 452 456.9 455.8 453.7 447.5 439.2 431.4 425.8 421 415.7 410.9 405.3 400.1 396.7 394.9 393.2
434.4 434.5 436.2 437.4 437.6 438 439.4 448.4 452.2 453.5 456.2 458.5 461 461.9 463.7 464.2 463.5 462.5 461.7 458 454.1 452.8 451.1 449.9 449.2 449.3 448.6 449.1 448.3 447.3 444.4 441.3 437.2 433.5 430.5 428 426.9 419.7 422.2 425.9 427.1 422.9 423.7 428.5 434.4 436.4 438.3 440.5 439.8 445.2 444.1 436.5 434.3 436.6 432.1 428.5 423.2 427.9 433.8 444.2 449.7 454.3 454.9 456.4 456.8 451.6 444.6 436.4 428.3 420.6 415.3 412 407.3 401.5 398.2 394.9 393.2 391.9
435.6 436.9 438.1 438.4 438.4 438.9 439.9 447.5 450 452.1 455 457.7 459.2 461.5 462.4 461.7 461.1 460.8 459.8 456.5 454.1 453.8 451.5 451.1 450.4 450.6 450.4 450 448.6 446.9 444.4 440.3 436.6 433.2 430.7 428.8 426.8 424.7 417.1 421.3 421.5 422.1 428 430.4 434.7 435.6 434.8 436.7 436.1 436 429.8 425.1 424.7 425.9 425.1 423.3 421.2 424.7 428.3 438.9 450.3 454.1 458.5 456.4 453 448.9 441.8 433.7 425.6 417.5 413.2 409.8 407.1 401.9 401.3 398.4 392 390.5
437.3 438.2 438.6 438.8 439 439.5 440.7 445.6 448.9 450.9 454.6 456.7 458.2 460.1 459.9 459.2 458.9 458.4 457.6 455.6 454.4 454.3 452.5 452.2 451.7 451.7 451.4 450.2 448 445.7 443.4 440 437.6 434.4 431.8 428.9 426.8 424.2 417.9 417.4 420.6 421.6 425.5 429.9 434 435 433.9 433.3 432 426.1 421 420.6 419.8 417.4 417.3 417.9 419.8 422.2 427.6 435.7 447 455.4 456.1 457 453.8 446.1 440.5 434.5 425.4 417.9 414.6 411.7 409 405.1 400.1 395.6 391.9 389.6
437.5 438 438.5 439 439.2 439.7 440.5 444.1 447.9 451.1 453.6 455.4 457.3 457.5 457 457.4 457.6 457.3 457.3 456.3 455.6 454.7 453.5 453.1 452.6 451.8 451.3 450.4 448 445.1 442.3 439.3 436.6 434.3 431.5 429.3 426.8 424 421.4 414.8 414.5 418.6 421.8 426.4 431 433.9 433 430.1 424.4 417.9 414.6 415.4 416.6 415.2 415 415.9 417.6 419.3 427.4 435.1 445 452.2 454.5 455.8 453.9 444 436.6 432.8 426.6 421.3 418.2 414.6 410.4 409.7 407.6 403.6 397.1 391.2
437.3 437.8 438.3 438.8 439.2 439.8 440.7 444 447.7 450.2 454.3 455 455.1 455.4 456.1 456.6 457.1 457.3 457.2 458.7 458.1 455.5 454.3 453.9 453.3 452.7 451.2 449.6 446.8 444.4 441.1 438.4 436 433.4 430.9 427.9 425.5 423.1 420.9 418.3 413.6 415 417.3 421.8 425.4 428.2 429.2 424.3 418.4 413.6 410.5 413.5 414.3 413.4 413.3 415.1 417 418.1 425 434.1 443 449.4 449.9 453.7 451 442.4 437.6 434.2 430.1 425.7 422.3 419.6 416.2 415.8 409.8 404.2 402.2 394
