Assets/StreamingAssets/GeoData/Data/nd/ND29.asc
ncols 200
nrows 200
xllcorner 320000
yllcorner 990000
cellsize 50
[rows 72 to 107 of 200, columns 0 to 79 of 200]
-0.9 -0.9 -0.9 -0.9 -0.9 -0.9 -0.9 -0.9 -0.9 -0.9 -0.9 -0.9 -0.9 -0.9 -0.9 144.5 153.2 161.3 167.4 172.3 178.4 182.2 182.6 179.6 181.8 190.1 194 198.8 204.9 210.7 216 220.5 225.2 229.8 233.2 237.6 242.5 246.1 245.8 247.2 250.3 253 253 250.2 243.5 237.6 230.8 224.6 217.6 209.9 204.3 199.8 195.4 192.4 188.7 187 191.3 194.2 198.3 202.6 206.5 209.8 213.7 219.7 227.1 232.9 237.5 245.1 252.1 259.2 266.4 272 278.5 282.5 284.9 288.2 291.1 292.4 295.1 297.8
-0.9 -0.9 -0.9 -0.9 -0.9 -0.9 -0.9 -0.9 -0.9 -0.9 -0.9 -0.9 -0.9 -0.9 -0.9 141.3 162 167.8 173 177.7 183.2 188.6 189.9 190.7 192.4 195.9 199.2 202.3 206.3 210.5 215.8 219.3 221.9 225.2 228.2 231.9 235.7 239 241.7 244.8 246.9 250.4 249.6 244.4 240.7 234.8 228.5 222.5 215.4 207.4 202.5 196.6 190.7 188.1 191.1 192.6 193.1 194.2 198.4 202.6 206.9 210.7 215.6 223.9 230.8 236.3 243.8 252.2 259.4 266.2 274.8 280.9 284.9 287.1 288.6 289.5 291.8 292.1 292.2 292.6
-0.9 -0.9 -0.9 -0.9 -0.9 -0.9 -0.9 -0.9 -0.9 -0.9 -0.9 -0.9 -0.9 -0.9 -0.9 162.6 167.2 171.8 175.7 179.9 185.5 190 193.1 195.4 198.7 201 204.6 205.5 208.3 212.4 215.5 217.3 219.2 221.6 224.1 227.3 231 235.6 239.4 240.4 241.4 239.8 238.7 236.7 234.4 230.2 224.8 218.8 209.6 201.5 196 189.8 186.3 188.5 193.5 194.1 194.6 196.1 198.7 203.3 207.4 212.4 219.6 226.8 232.8 240.1 247.8 256.7 264.4 272.9 280.4 288.7 292.8 294.2 293.3 290.3 289.2 287.6 287.4 283.8
-0.9 -0.9 -0.9 -0.9 -0.9 -0.9 -0.9 -0.9 -0.9 -0.9 -0.9 -0.9 -0.9 -0.9 -0.9 165 129.6 166.5 177.6 181.1 186 190.9 194.8 198.1 201.6 204.2 206.3 208.5 210.1 211.4 213.1 214.6 216.1 218.4 222 224.3 228.1 229.5 231.4 229.3 226.8 226.2 226.8 226.3 225 222.8 216.6 209.7 201.5 195.4 189.7 185.8 181.7 187.7 191.2 191.5 193.2 196.6 199 203.8 209.5 217 223.8 228.6 236.2 243.3 250.5 259 265.7 275.5 282.6 291.6 295.2 296.6 292.1 287.9 285 280.3 275.5 274.7
-0.9 -0.9 -0.9 -0.9 -0.9 -0.9 -0.9 -0.9 -0.9 -0.9 -0.9 -0.9 -0.9 -0.9 -0.9 47.7 101.3 137.8 177.9 181.7 185.9 190.7 195.2 198.5 201.9 204.9 207.1 208.8 210 211.4 211.8 211.9 213 213.7 216.2 216.7 218.6 218.4 216.1 214.7 216.5 216.9 215.7 214.1 211.6 208.3 203.4 197.2 192 189.4 185.9 182.5 181 184 186.8 187 191.1 195 199.1 205.1 212.6 219.3 225.8 231.5 237.9 245 252.8 259 264.7 273.6 279.6 287.4 289 287.8 283.2 277.2 271.5 269.5 266.6 266.3
-0.9 -0.9 -0.9 -0.9 -0.9 -0.9 -0.9 -0.9 -0.9 -0.9 -0.9 -0.9 -0.9 -0.9 -0.9 49.7 170.8 173.7 176.6 180.9 185.8 190.4 194.3 197.9 200.9 203.4 205.4 207.2 209 209.9 210.3 209 208.5 209.1 209.7 206.6 205.3 199.4 201.1 202.1 203.6 203.3 202.7 201.7 199.2 195.5 192.6 187.1 184.6 184.6 183 180.3 179.9 181.5 183.1 184.7 189.4 194.2 200.6 206.5 214.4 222 229.5 235.3 241.8 247.9 252.8 258.3 263.5 269 275 279.2 278 273.8 269.9 266 263.9 262.9 260.4 260.4
-0.9 -0.9 -0.9 -0.9 -0.9 -0.9 -0.9 -0.9 -0.9 -0.9 -0.9 -0.9 -0.9 -0.9 -0.9 14.8 170.2 171.9 174 172.4 182.2 186.1 189.6 194.8 198.3 201.3 203 204.8 207 207.2 207.2 205.8 202.1 201.5 200.4 194.1 192.1 190.5 191.3 192.9 192.1 192.1 190.7 190 186.5 185.1 181.6 182.4 180.2 181.5 179.1 176.7 178.6 181 182.8 185.5 190.4 196.2 203.7 210.6 217.7 225.4 233.5 239.6 246.4 251 255.4 258.3 262.2 266 267.2 266.5 264 260.9 259.1 258 257.1 258.3 258.5 259.4
-0.9 -0.9 -0.9 -0.9 -0.9 -0.9 -0.9 -0.9 -0.9 -0.9 -0.9 -0.9 -0.9 -0.9 -0.9 -0.9 13.6 77 109.9 147.7 178 181.4 185.6 190.8 195 198.7 201.5 203.5 205.1 204 203.1 201.1 196.1 188.3 186.8 185.6 185 184.1 183.9 183.6 183.6 181.9 180.6 179.4 179.2 177.7 177.6 178.5 178 177.1 176.1 176.3 179.4 181.9 183.7 187.8 193 200.1 207.3 215 222.5 230.9 239.1 245.5 250.6 254.4 257.6 259.7 260.9 261.8 261.6 259 257.7 254.6 252.9 253.4 253.5 253.4 250.6 252.4
-0.9 -0.9 -0.9 -0.9 -0.9 -0.9 -0.9 -0.9 -0.9 -0.9 -0.9 -0.9 -0.9 -0.9 -0.9 -0.9 1.8 54.3 94.7 167.9 175.8 178.5 181.9 186.3 190.6 195.2 199.1 202.9 203.1 201.8 199.5 195 188.7 181 179 179.8 180.1 179.3 177.8 176.2 175 175 175.3 174.9 174 174.1 174.5 175.2 174.8 174.8 175.4 177.9 179.7 181.7 184.6 189.1 196.4 204.8 210.8 218.3 228.2 236.9 242.5 248.5 252.3 256.7 259.4 261.3 260.2 259.8 255.1 252.8 250.6 250.6 250.3 249.6 245.7 244 243.5 244.2
-0.9 -0.9 -0.9 -0.9 -0.9 -0.9 -0.9 -0.9 -0.9 -0.9 -0.9 -0.9 -0.9 -0.9 -0.9 -0.9 -0.9 53.7 82.1 151 176.5 177.5 180.9 185 188.2 192.3 196.5 199.2 199.5 197.3 192.2 184.3 180.5 176.7 175.4 174.3 173.9 171.7 170.3 169.4 169.4 170.5 171.2 170.3 170.6 170.9 173.4 172.7 171.5 172.9 176.8 179.4 180.8 182.7 185.8 191.1 200.4 209.1 216.1 225 233.3 240.5 246.1 251 256.4 258.3 260.1 258.7 256.9 252.4 249 247.5 247 247.4 246.3 244.9 238.8 233.8 237.7 240.9
-0.9 -0.9 -0.9 -0.9 -0.9 -0.9 -0.9 -0.9 -0.9 -0.9 -0.9 -0.9 -0.9 -0.9 -0.9 -0.9 -0.9 44.6 89.8 142.8 170.4 175.5 178.1 182.8 186.3 189 192.6 194.4 194.3 188.8 182.6 177.9 174.5 173.5 170.5 168.6 166.7 164.9 165 165.6 166.3 166.6 166.1 166.5 167.1 167.7 169.5 172 175.7 177.9 179.8 181.9 182.5 184.9 189.6 197.2 206.2 214.9 222.1 230.5 237.4 244 248.5 255 258.3 257.1 257.5 255.1 251.4 246.7 245.6 244.5 244.1 240.9 236.4 233.4 229 223.6 227.3 237.2
-0.9 -0.9 -0.9 -0.9 -0.9 -0.9 -0.9 -0.9 -0.9 -0.9 -0.9 -0.9 -0.9 -0.9 -0.9 -0.9 -0.9 15.4 109.9 129.2 165.3 167.8 173.5 178.2 182.9 184.7 186.6 186.6 182.5 180.4 176 173.5 169.4 167.8 165.9 162.7 161.5 160.8 162.1 162.7 162.6 162.2 164.3 168.9 171.7 173.1 171.1 176.5 177.9 180.2 182.7 185.2 187.5 190.3 196.2 206.3 212.6 221.4 229 234.6 240.8 245.3 251.9 256.5 256.5 255.1 253.3 250.1 245.9 242 239.9 239.3 234.6 229.1 224.1 220.5 218.2 216.6 220.5 226.5
-0.9 -0.9 -0.9 -0.9 -0.9 -0.9 -0.9 -0.9 -0.9 -0.9 -0.9 -0.9 -0.9 -0.9 -0.9 -0.9 -0.9 -0.9 1.9 20.5 133.7 164.9 170.8 173.2 176.7 178 175.1 176.3 174.9 174.8 172.4 169.9 164.9 162.3 159.7 158.6 159.2 157.9 156.7 159 161.8 165.9 168.3 171.7 174.6 175.4 177 179.6 182 183.9 186.2 190.1 192 198 205.7 213.6 220.3 228.1 233.9 237.9 244.1 247.3 252.1 254.2 253.3 252.7 249.4 245.4 241.8 237.2 233.4 227.9 222.9 218 216.2 212.5 206.2 200.6 208.4 213.9
-0.9 -0.9 -0.9 -0.9 -0.9 -0.9 -0.9 -0.9 -0.9 -0.9 -0.9 -0.9 -0.9 -0.9 -0.9 -0.9 -0.9 -0.9 -0.9 154.1 158.8 162.6 165.6 168.2 167.1 165.3 167.7 168.8 169.4 169 167.1 163.8 159.7 153.7 153 154.2 153.5 157.4 161.2 164.7 166.3 169.6 172.6 175.2 176.5 180.2 181.7 184.3 185.3 188.8 191.5 196.5 202.5 209.4 216.4 222.5 229.1 233.8 238.6 241.3 246 248.6 249.8 251.6 251.6 249.2 243.4 239.1 234.8 227.4 220.5 215.7 210.5 208.5 204.4 198.1 195.4 192 197.1 200.2
-0.9 -0.9 -0.9 -0.9 -0.9 -0.9 -0.9 -0.9 -0.9 -0.9 -0.9 -0.9 -0.9 -0.9 -0.9 -0.9 -0.9 -0.9 -0.9 1.9 153.6 156.9 158.1 122.3 159 160.4 162.6 164.2 164.4 162.9 161.3 156.3 145.5 155.3 162 160.6 163 162.9 165.7 168 170.1 173.7 176.7 179.8 183.4 186 187.6 189.2 193.1 196.3 200.7 205.9 213.8 219.9 228.3 233.3 236.6 238.9 242.2 244.6 247.3 249.1 249.1 248.4 247.6 242.3 236.3 231 222 213.6 208.4 203.1 202.5 199.9 193.4 190.3 187.3 182.9 184.5 193.1
-0.9 -0.9 -0.9 -0.9 -0.9 -0.9 -0.9 -0.9 -0.9 -0.9 -0.9 -0.9 -0.9 -0.9 -0.9 -0.9 -0.9 -0.9 -0.9 -0.9 1.2 97 67.2 134.6 155.8 156.8 157.8 158.3 158.5 157.3 156.4 146.4 152.7 158 161.4 164.2 166 167.6 170.8 174.8 176.9 179.4 183.4 186.6 190 193.2 195.4 198.9 203.1 207.6 213.3 219.9 226.4 231.8 235.4 239.5 242.1 243 244.3 245.8 247.7 246.9 245.5 242.7 239.5 233.7 227.1 217.6 208.4 203.1 200.1 195.7 192.4 188.1 184 180.6 177.1 175.1 179.5 186.2
-0.9 -0.9 -0.9 -0.9 -0.9 -0.9 -0.9 -0.9 -0.9 -0.9 -0.9 -0.9 -0.9 -0.9 -0.9 -0.9 -0.9 -0.9 -0.9 -0.9 0.2 1.9 75 136.5 150.3 151.6 152.4 153 153.2 151 141.4 149.9 157.1 160.1 163.2 166.4 170.4 173.6 176.4 181 185.6 189 193.1 197.6 200.5 203.5 206 209.7 216 219.3 225.8 231.4 235.9 240 243 245.1 246.1 246 243.9 245 245.2 242.8 239 234.7 226.6 219.6 210.6 203.1 199.1 194.5 190.6 185.7 182.9 179.6 176.4 174.4 167.7 166.2 174.7 181.6
-0.9 -0.9 -0.9 -0.9 -0.9 -0.9 -0.9 -0.9 -0.9 -0.9 -0.9 -0.9 -0.9 -0.9 -0.9 -0.9 -0.9 -0.9 -0.9 -0.9 -0.9 1 45.2 90.5 142.7 144 145.4 141.9 138.9 140.8 149.2 157 159.2 162 166.4 170.3 174.1 178.9 183.6 188.2 194.5 200.6 203.3 206.4 209.4 213.2 215.8 220.3 224.9 228.9 232.9 238.2 242.2 244.9 247.3 248.3 247.4 245.4 241.2 239.6 238.4 235.8 229.3 218.7 209.6 202.7 196.6 193.7 184.6 181.4 179.2 175.6 171.4 170.6 169.6 165.3 159.2 159.2 164.7 174.9
-0.9 -0.9 -0.9 -0.9 -0.9 -0.9 -0.9 -0.9 -0.9 -0.9 -0.9 -0.9 -0.9 -0.9 -0.9 -0.9 -0.9 -0.9 -0.9 -0.9 -0.9 12.2 48.3 60 118.6 126.8 139.4 147 152.7 157.1 158 160.1 162.4 165.3 169.8 173.7 180.7 185.6 190.6 197.1 203 207.8 209.5 213 216.7 220.1 223.6 226.5 229.7 233.9 239.3 243 246.2 248.9 248.7 248.7 246.9 241.2 237.8 230.4 230.2 221.9 213.1 202.5 195.5 191.4 185.4 177.8 175.4 173.7 168.2 164.1 161.6 161.9 160.9 157.3 155.5 155.8 158.2 167
-0.9 -0.9 -0.9 -0.9 -0.9 -0.9 -0.9 -0.9 -0.9 -0.9 -0.9 -0.9 -0.9 -0.9 -0.9 -0.9 -0.9 -0.9 -0.9 -0.9 -0.9 33.8 103 112.7 146.1 148.7 153 155.5 158.1 161.5 163.7 165.2 168 171.4 176.6 181.7 184.8 191.4 197.4 201.3 207.4 212.6 214.3 216.6 220.3 224.5 228.3 231.3 234.1 237.9 241.8 246.1 248.2 249.7 249 245.6 241.9 235.8 231.8 221.4 210.8 204.7 197.2 190 183.7 175.2 172.5 168.1 166.6 163.8 160.1 156.6 155.8 155.2 155.1 153.2 152.4 152.9 153.9 162.1
-0.9 -0.9 -0.9 -0.9 -0.9 -0.9 -0.9 -0.9 -0.9 -0.9 -0.9 -0.9 -0.9 -0.9 -0.9 -0.9 -0.9 -0.9 -0.9 -0.9 -0.9 8.5 73.2 152.3 152.2 153.1 156.3 157.9 160.4 162.9 165.8 168.6 173 178.6 183.6 187.8 192.2 196.6 201.7 206.6 211.4 215.1 218.1 220 223.3 227.7 231.2 234.4 237.1 240.3 243.8 245.4 246.8 246.6 245.5 241.4 236.1 229.7 218.6 206.1 195 189.1 183.7 176.8 168.9 163.5 160.3 156.3 154.5 153.2 152.2 150.8 148.4 149.9 150.9 150.8 151 153.1 155.7 163.2
-0.9 -0.9 -0.9 -0.9 -0.9 -0.9 -0.9 -0.9 -0.9 -0.9 -0.9 -0.9 -0.9 -0.9 -0.9 -0.9 -0.9 -0.9 -0.9 -0.9 -0.9 94.2 106.4 158.1 156.9 156.6 157.3 158.9 161.2 164.8 167.9 172.9 179.2 184.7 188.4 192.8 195.6 200.1 205.3 208.5 211.5 214.3 217.8 221.9 226 229.7 232.9 235.2 236.9 240.7 242.4 243.5 243.3 241.6 239.2 234.5 228.3 216.3 203.2 194.3 184 178.2 171.4 162.4 159.7 154.7 149.9 146 144.2 147.9 145.7 144 143.9 145.8 147.9 149 150.7 151.9 154.2 156.1
-0.9 -0.9 -0.9 -0.9 -0.9 -0.9 -0.9 -0.9 -0.9 -0.9 -0.9 -0.9 -0.9 -0.9 -0.9 -0.9 -0.9 -0.9 -0.9 -0.9 9.6 108.4 134.4 163 160.3 158.4 158.8 159.9 163.5 167.3 172.4 178 183.3 187.4 192 197.4 200 204.7 204.7 206.3 209.3 212.3 216.4 221.6 225.4 229.1 231.7 233.9 235.8 236.9 237.9 238.6 237.6 235.3 231.7 223.9 213.2 202.4 192.3 182.9 172.5 167.3 161.4 158.8 154.1 146.4 143 138.5 139.1 139 140.1 139.4 139.6 144.1 144.6 148.7 149.2 148.8 148.7 150.9
-0.9 -0.9 -0.9 -0.9 -0.9 -0.9 -0.9 -0.9 -0.9 -0.9 -0.9 -0.9 -0.9 -0.9 -0.9 -0.9 -0.9 -0.9 -0.9 -0.9 -0.9 115.2 156.9 151 164.9 163.3 163 164.8 170.5 175.6 180.1 184.2 188.8 192 196.1 200.7 201.6 200.8 200.6 203.9 207.7 210 213.6 218 221.2 224.6 227.1 229.6 231.7 231.6 231.5 230.9 229.3 225.5 219.7 211.6 202.3 193.7 185 173.5 165.1 161.1 157.4 154.8 147.4 141.6 137.3 135.7 134.2 136.1 136.2 134.4 137.5 139.4 145.2 145.6 144 141.7 144.8 149.2
-0.9 -0.9 -0.9 -0.9 -0.9 -0.9 -0.9 -0.9 -0.9 -0.9 -0.9 -0.9 -0.9 -0.9 -0.9 -0.9 -0.9 -0.9 -0.9 -0.9 -0.9 13.8 117.1 74.8 78.3 149 170.8 172.2 175.7 181.9 186.5 190.6 194.8 196.6 199.7 199.7 197.2 197.3 199.8 202.1 203.6 205.7 207.5 211.2 214.3 216.1 217.1 219.4 221.2 222.3 221.1 221.1 219.9 216 209.6 202.7 196.6 186.9 176.4 166.2 158.7 152.6 149.6 143.7 138.4 134.3 133.1 133 132.8 133.8 131.7 130.1 132 135.9 137.1 137.6 138.5 142.4 145.3 149.9
-0.9 -0.9 -0.9 -0.9 -0.9 -0.9 -0.9 -0.9 -0.9 -0.9 -0.9 -0.9 -0.9 -0.9 -0.9 -0.9 -0.9 -0.9 -0.9 -0.9 -0.9 -0.9 5.3 18.3 24.5 59 143.8 181.7 184.3 187.1 192 196.6 199.3 197.5 195.5 195.4 194.6 194 194.5 195.2 195.3 196.7 199.9 202.9 204.8 206.1 208.4 210.6 212.8 214.2 214.7 213.5 210.6 207.4 202.7 197.3 187.1 175.2 164.9 154.2 149.1 145.3 138.9 132.6 129.5 128.2 129.4 130.5 131.7 131.5 128.3 127.9 128.1 128.6 131.2 135.6 139.8 144.4 149.4 157
-0.9 -0.9 -0.9 -0.9 -0.9 -0.9 -0.9 -0.9 -0.9 -0.9 -0.9 -0.9 -0.9 -0.9 -0.9 -0.9 -0.9 -0.9 -0.9 -0.9 -0.9 -0.9 -0.9 -0.9 0.5 1.1 36.8 66.5 171.1 182.7 194.7 196.7 196.3 193.9 190.2 187.9 187.4 187.7 186.5 186.1 187.7 190 192.9 194.6 198.4 202.2 204.6 206.7 207 206.4 204.6 203.6 203.3 199.4 195.5 185.9 175.5 164.4 155.5 149 142.9 136.2 129.9 125.7 123.3 123.1 123.5 124.6 126.4 126.1 125.9 125.8 125.7 127.2 130.3 134.3 139.1 145 153.9 162.4
-0.9 -0.9 -0.9 -0.9 -0.9 -0.9 -0.9 -0.9 -0.9 -0.9 -0.9 -0.9 -0.9 -0.9 -0.9 -0.9 -0.9 -0.9 -0.9 -0.9 -0.9 -0.9 -0.9 -0.9 -0.9 -0.9 6.4 41.2 71.6 130.2 184.8 191.2 189.2 185.5 184 183.5 183.2 184 183.1 183.3 184.1 183.8 185.2 186.8 190.8 193.3 194.3 194.7 194.3 194.7 195.9 196.4 196 193.4 184.7 177.2 167.3 158 148.8 138.9 132.3 125.1 121.6 120.3 118 118.6 119.9 120.5 122.8 125.8 125.4 124.4 123.7 125.3 129.6 134.9 147.1 153.3 159.3 165.9
-0.9 -0.9 -0.9 -0.9 -0.9 -0.9 -0.9 -0.9 -0.9 -0.9 -0.9 -0.9 -0.9 -0.9 -0.9 -0.9 -0.9 -0.9 -0.9 -0.9 -0.9 -0.9 -0.9 -0.9 -0.9 -0.9 1.2 30.8 54.5 100.6 172.7 184.5 174.8 182 181.2 181.1 181.2 182.3 181.1 181.6 180.1 177.6 175.8 175.1 174.8 177.3 179.5 181.1 182.7 183.2 184.8 184.7 182.4 178.3 171.1 162.4 154.2 144.1 134.3 128.9 120.9 117.1 114.9 113.6 112.2 115.1 115.4 118.3 122.3 125.5 123.5 122.8 123.2 126.1 132.5 144.7 154.4 159.2 163.6 170.8
-0.9 -0.9 -0.9 -0.9 -0.9 -0.9 -0.9 -0.9 -0.9 -0.9 -0.9 -0.9 -0.9 -0.9 -0.9 -0.9 -0.9 -0.9 -0.9 -0.9 -0.9 -0.9 -0.9 -0.9 -0.9 -0.9 -0.9 2.2 55.7 90.7 175.8 155.6 149.9 178.6 178.5 177.5 176.9 176.7 177.7 176.4 172.8 169.9 169.2 168.4 170.8 168.7 165.6 165 168.5 168.8 170.1 169.5 164.9 159.7 155.5 148.8 140.8 130.5 124.3 117.4 113.7 112.2 108.9 109.1 109.1 110 111.6 117.2 121.2 121.9 122 124.5 126.9 133.5 141.8 153.1 160.6 164.5 170.9 179.8
-0.9 -0.9 -0.9 -0.9 -0.9 -0.9 -0.9 -0.9 -0.9 -0.9 -0.9 -0.9 -0.9 -0.9 -0.9 -0.9 -0.9 -0.9 -0.9 -0.9 -0.9 -0.9 -0.9 -0.9 -0.9 -0.9 -0.9 -0.9 46.1 75.1 128.3 81.9 151.1 172.9 171.3 169.8 168.9 167.6 165.1 164.5 163.6 161.1 158.5 159.4 157.2 157.2 157.8 153.4 153.9 154.5 154.7 154.4 152 149.4 142.9 134.9 128 121.2 114.8 110.8 108.7 106.9 106.6 107.3 107.7 107.6 110.9 118 120.6 122.5 124.4 128.1 132.4 139.9 149.4 158 166.3 174.4 181.1 187.7
-0.9 -0.9 -0.9 -0.9 -0.9 -0.9 -0.9 -0.9 -0.9 -0.9 -0.9 -0.9 -0.9 -0.9 -0.9 -0.9 -0.9 -0.9 -0.9 -0.9 -0.9 -0.9 -0.9 -0.9 -0.9 -0.9 -0.9 -0.9 -0.9 64 49.3 82 144.4 162.5 159.7 158.4 158.7 157 156.3 151.2 147 143.8 141.8 139.6 141.9 145.5 147.6 147.4 147.2 148.7 148.6 145.9 142.5 136.1 129.8 124.5 118.6 112.7 109.4 106 104.4 104.2 104.8 104.9 105.4 107.5 114.2 119.8 123.6 126.8 127.1 131.1 136.3 144.4 152.3 162.5 172.5 180 185.7 190.6
-0.9 -0.9 -0.9 -0.9 -0.9 -0.9 -0.9 -0.9 -0.9 -0.9 -0.9 -0.9 -0.9 -0.9 -0.9 -0.9 -0.9 -0.9 -0.9 -0.9 -0.9 -0.9 -0.9 -0.9 -0.9 -0.9 -0.9 -0.9 -0.9 -0.9 1.5 15.2 56.7 112.5 132.1 145.9 146.2 143.5 138.4 133.9 129.8 129 133 135.7 139.8 144.4 146.2 146.4 146.1 145.9 144.3 139.9 131.3 125 120.3 116.2 110.9 108.5 105.9 102.3 101.4 101 102.5 103.6 105.6 110.4 115 121.2 126.1 128.5 129 133.9 139.1 147.7 156.8 167.6 176.4 183 188.6 192.1
-0.9 -0.9 -0.9 -0.9 -0.9 -0.9 -0.9 -0.9 -0.9 -0.9 -0.9 -0.9 -0.9 -0.9 -0.9 -0.9 -0.9 -0.9 -0.9 -0.9 -0.9 -0.9 -0.9 -0.9 -0.9 -0.9 -0.9 -0.9 -0.9 -0.9 -0.9 0.7 12.6 49.4 135.4 131 125.9 123.2 121.4 121 121.6 125.4 132.6 135.6 139.5 144.2 146.2 145.2 144.1 143 139.3 130.8 122.8 117.7 113.3 109.1 106.2 104.2 102.1 99.6 101.2 102.9 104.7 106.2 110.5 112.7 117.6 124 126.6 129.6 132.2 139.3 144 154.2 163.9 174.5 182.1 186.6 190.2 192.4
-0.9 -0.9 -0.9 -0.9 -0.9 -0.9 -0.9 -0.9 -0.9 -0.9 -0.9 -0.9 -0.9 -0.9 -0.9 -0.9 -0.9 -0.9 -0.9 -0.9 -0.9 -0.9 -0.9 -0.9 -0.9 -0.9 -0.9 -0.9 -0.9 -0.9 -0.9 -0.9 0.6 4.8 117.7 116.1 95.9 95.2 112.1 111.6 114.1 119.1 129.4 134.5 139.5 142.8 144.6 143.5 141 137.7 130.4 122.6 116.9 110.8 106.7 103.6 101.9 100.5 98 100.5 102.5 104.8 106.6 111.3 114.6 117.1 121.2 125 129.3 133.3 136.9 143.6 152 160.2 170.8 180.3 185.5 188.5 190.6 194
-0.9 -0.9 -0.9 -0.9 -0.9 -0.9 -0.9 -0.9 -0.9 -0.9 -0.9 -0.9 -0.9 -0.9 -0.9 -0.9 -0.9 -0.9 -0.9 -0.9 -0.9 -0.9 -0.9 -0.9 -0.9 -0.9 -0.9 -0.9 -0.9 -0.9 -0.9 -0.9 -0.9 0.7 91 67.3 40.8 99.4 106.3 107.7 110.6 117.2 123 127.4 132.4 135.7 139.8 139.2 134.6 127.7 122.4 115.7 108 102.7 101.5 100.5 98.4 97.2 101.7 104.4 106.3 107.6 110.9 115.1 118.8 122.1 125.2 128.4 133.1 136.5 143.7 150.1 160.9 170.4 178.5 183.6 187.4 189.9 192.8 196.1
