Assets/StreamingAssets/GeoData/Data/nd/ND38.asc
ncols 200
nrows 200
xllcorner 330000
yllcorner 980000
cellsize 50
[rows 0 to 36 of 200, columns 0 to 84 of 200]
28.2 34.3 39.6 45.6 49.3 52.2 51.4 51.5 51.4 50.8 47.2 43.8 40.9 40.7 40.6 39.9 38.8 38.2 38 38.4 40.2 41.5 42.9 43.4 45.3 46.5 47.7 48.2 48.1 47.4 48.5 48.3 46.4 43.3 39.4 37.8 35.2 33.5 33.9 34.3 35 33.9 33.6 34.6 37 37.7 38.2 37.3 34.8 31.9 30.4 29.6 29.2 28.8 27.4 26.9 26.4 26 24.3 23.7 24.6 25.1 23.8 22.8 21.5 20.5 19.1 14.6 13.6 12.1 11.4 10 10.3 9.9 8.5 6.2 0.7 -0.9 -0.9 -0.9 -0.9 -0.9 -0.9 -0.9 -0.9
29.7 34.9 40.5 46.9 52 53.8 53.5 53 53 51.3 48.7 45.5 43.1 42.9 43.2 42.6 40.9 41 39.8 39.9 41.1 42.8 44.3 45.3 45.9 46.9 47.8 48.8 48.1 48.3 49.7 48.8 47 43 40 38.6 37.3 36 34.2 34.4 34.4 33 32.4 33.6 34.5 36 36.4 36.5 34.3 32.6 29.9 29.8 29.4 28.9 28.3 28.3 27.8 27.4 26.3 24.9 26.5 27.7 25.1 22.9 21.9 20.1 17.6 15.2 13.3 11.8 9.9 9.9 9.2 8.7 7.8 4.3 0.6 -0.9 -0.9 -0.9 -0.9 -0.9 -0.9 -0.9 -0.9
30.3 35.6 42 48.7 53.8 55.6 54.9 54.3 53.9 52.8 50.5 47.8 46.2 46.2 46 45.5 44.1 42.8 41.6 41.4 42.5 43.4 44.9 45.2 45.6 46.4 47.7 48.6 47.8 50 49.6 49.5 47.2 42.8 40.5 38.7 36.8 35.6 35.5 33.9 32.9 31.8 31 31.8 32.2 32.9 34.1 34.2 34.3 31.9 29.8 30 29.6 29 28.4 29.6 29.2 28.9 28.2 27 27.6 26.9 25.2 22.4 20.8 18 15.7 13.4 12.2 11 9.8 8.9 7.7 7.5 6.1 2 -0.9 -0.9 -0.9 -0.9 -0.9 -0.9 -0.9 -0.9 -0.9
31.2 36.9 42.6 49.7 54 55 54.5 55.1 54.1 53.9 51.9 50.8 49.5 48.7 48.5 48.2 47.8 46.6 44.1 42.4 43.8 44.3 44.7 45.1 45.5 45.8 47.8 47.3 48.8 49.9 48.4 47.7 45.4 41.9 39.9 38 36.8 36.4 35.3 33.8 31.3 30 29.5 29.8 30.7 30.5 31.3 31.3 31.4 30.4 29.5 30.2 29.9 30.1 30.2 30.8 30.7 29.9 28.9 28.4 27.4 26 24.5 21.4 18.6 15.9 13.7 12.1 11.4 10 9.6 8 6.7 6 2.2 0.4 -0.9 -0.9 -0.9 -0.9 -0.9 -0.9 -0.9 -0.9 -0.9
32.6 38.5 44.7 49.8 53.2 53.5 54.3 54.3 54.3 54.2 54.6 53.6 52.7 51.7 51.2 50.3 49.6 49 46.4 44.7 43.8 44 44.5 44.7 44.9 45.3 45.7 46.5 46.5 46.8 46.8 45 43.5 40.9 38.9 37.1 35.6 34.3 32.7 31.7 29.1 28.3 27.9 28 28.9 28.7 28.8 29 29.3 29.6 30.4 31 30.8 31.2 31 31.3 31.1 30.4 30.1 29.8 28.6 26.8 22.9 19.6 16.6 14.5 12.9 11.6 10.2 9.6 9.2 7.7 6.2 4.9 0.9 -0.9 -0.9 -0.9 -0.9 -0.9 -0.9 -0.9 -0.9 -0.9 -0.9
33.4 38.9 45.1 49.2 51.5 52.6 53.9 54.6 54.5 54.2 55.1 54.6 53.9 54 53.6 52.4 51.4 51.2 48.6 46.1 45.1 44.1 44.2 44.4 44.5 44.1 43.9 45.3 45.9 45.5 44.7 43.4 40.4 37.7 35.6 34.4 33.3 31.9 30.6 29.4 27.3 26.6 26.2 26.4 26.6 27.4 28.1 28.2 28.8 30 30.9 31.5 31.1 29.9 30.7 31.8 32.6 32.8 31.9 31.7 28.7 24.8 20.9 18.2 17.4 16 13.9 12.2 10.6 9.4 8.8 7.3 5.9 1.7 0.3 -0.9 -0.9 -0.9 -0.9 -0.9 -0.9 -0.9 -0.9 -0.9 -0.9
32.9 38.5 44.6 47.7 49.4 52.5 53.3 54.5 54.9 54.5 55.5 54.8 54.6 54.1 53.8 52.4 51.7 51.1 49.6 46.5 45.8 45.2 44.7 43.8 43 42.5 42.9 43.6 44.4 44.1 43.1 41.1 37.4 35.2 34.1 32.6 31.1 29.9 29.1 27.3 26.2 25.8 25.7 25.8 25.8 26.1 27.1 27.2 27 27.9 28.7 29.2 29.5 29.1 30.6 32.3 34.6 34.4 32.3 31.1 27.3 23.9 21 19.1 19.3 18.2 16.1 13.9 12 10.1 7.9 6 1.8 -0.9 -0.9 -0.9 -0.9 -0.9 -0.9 -0.9 -0.9 -0.9 -0.9 -0.9 -0.9
32.3 38.2 42.6 46.1 49.4 52.5 53.7 54.6 55.4 56.4 57.4 55.4 53.8 53.6 53.4 52 50.5 49.6 48.9 47.8 46.8 45.3 44 43 42.1 41.6 42.3 42.9 43.1 43 41.1 39.2 36.1 33.8 32.6 31.3 29.7 28.6 27.8 27.1 26.5 26 25.5 25.1 24.9 25.5 25.3 25.5 25.2 26.1 26.7 27.6 28.7 30.1 29 31.3 32.9 32 29.9 28.2 27.1 25 23.4 21.2 19.9 18.6 17 14.2 11 8.1 5.6 1.1 -0.9 -0.9 -0.9 -0.9 -0.9 -0.9 -0.9 -0.9 -0.9 -0.9 -0.9 -0.9 1.4
33.4 37 40.7 44.8 48.1 52.2 53.3 54.6 56.7 57.8 57.4 55.1 53.2 53 51.9 50.5 49.4 48.9 48.3 47 45.6 44.1 43.2 42.2 41.3 41.1 41.7 41.9 42.2 41.5 39.7 37.6 34.8 33.1 31.8 30.5 29.7 28.8 28.3 27.9 27.4 26.9 26.1 25.3 25 25.3 25.1 24.9 24.6 25 25.6 26.8 27.3 27.7 28.4 29.1 29.8 28.3 26.7 25.6 26 26.2 23.5 20.9 18.6 17.1 14.9 11.6 8.4 5.2 0.7 -0.9 -0.9 -0.9 -0.9 -0.9 -0.9 -0.9 -0.9 -0.9 -0.9 1.1 1.9 5.6 7.8
32.5 35.8 40.4 43.8 48.1 50.9 53.8 55.3 56.9 57.6 55.8 54.1 52.5 51.9 50.7 49.2 48.7 48.2 46.9 45.6 44.3 43.4 42.4 41.5 40.7 40.5 40.7 41 41.2 39.8 38.4 37.2 35.5 33.3 32 30.8 30.2 29.8 29.2 28.8 28.3 27.8 26.7 25.6 25.1 25.2 25.4 25.2 24.2 22.7 23.8 24.6 25.2 25.8 26.5 27.2 26.8 26.2 25.5 24.6 24.9 25 22.6 19.8 17 14.4 11.7 9.2 6.1 -0.9 -0.9 -0.9 -0.9 -0.9 -0.9 -0.9 -0.9 -0.9 -0.9 -0.9 -0.9 4.3 6.2 7.8 8.1
32.2 35.6 40.3 43.7 47.1 49.1 53.1 55.6 56.8 56 53.6 52.2 50.6 50.2 50.5 48.2 47.6 47 46.4 45.1 44.1 43.3 42.4 41.5 40.7 40.1 39.7 40 40.2 39.6 38.5 36.7 36.3 34.3 33.9 33 31.8 31.3 31.6 30.6 29.6 28.4 27.3 26.2 25.3 25.2 25 25 23.7 21.4 22.1 22.7 23.3 23.9 24.6 24.9 24.7 24.2 23.9 23 23.4 22.6 18.9 16.3 13.8 11.5 8.8 5.3 1.3 -0.9 -0.9 -0.9 -0.9 -0.9 -0.9 -0.9 -0.9 -0.9 -0.9 -0.9 4 5.6 7.6 9.5 10.6
32.8 37.5 41.3 44.1 46.1 47.3 51.2 55.9 56.5 54 51.4 49.8 48.2 48.2 47.2 47.5 46.4 45.8 45.8 45.4 43.8 43 42.2 41.5 40.7 40.1 39.5 39 39 38.8 38.2 37.1 36.5 35.5 35 34.3 33.4 33.3 33.5 33.3 31.9 29.4 28.1 27.3 25.5 25 24.5 24 22 19.8 20.2 20.8 21.4 22.1 22.2 22.2 22.1 23 22.6 20.6 20 18.9 15.3 12.6 10.4 8.2 4.4 4.1 0.6 -0.9 -0.9 -0.9 -0.9 -0.9 -0.9 -0.9 -0.9 -0.9 -0.9 4.4 6 7.5 9.5 10.5 13.8
33.9 38.6 41.6 41.7 44 46.8 51.9 54.3 53 50.5 48.7 46.6 44.7 44.4 44.6 44.5 44.6 44.2 44.4 45.3 43.8 43.6 43.2 42.6 41.8 41.4 40.7 39.2 37.5 36.9 36.3 36 36 35.9 35.4 35.1 35.4 35.4 35.2 34.4 33.1 30.9 29.1 27 25.8 25.3 23.7 21.3 20 19.4 18.7 18.9 19.5 19.5 19.6 19.9 21.1 21.7 21 19.7 17.7 15 12.2 10 7.3 4.9 2.6 3.8 1.2 0.1 -0.9 -0.9 -0.9 -0.9 -0.9 -0.9 -0.9 -0.9 2.3 5 7.3 8.9 10.5 13.6 17.9
34.4 37.4 39.6 41.1 43.4 48.3 50.9 50.4 49.1 46.6 45.9 42.8 41.5 41 41.1 41.5 42.1 42.9 43.8 44.6 44.1 44 43.8 43.6 43.5 43.5 40.9 38.7 36.4 35.4 35.1 34.8 34.8 35.2 35.7 36 36.1 36.2 35.4 34.6 33.7 31.8 29.3 27.3 25.8 24.3 22.2 20.1 18.9 18.2 17.6 17.1 16.7 17 17.7 18.9 20.2 19.8 18.9 17.5 15.4 12.7 10.5 8.4 6 4.2 2.8 3.4 3.7 1.7 1.6 2.3 1.6 1 1.3 3.7 3.4 3.2 4.2 6 7.6 9.2 12 17 20.5
33.9 36.2 38.2 40.3 44.5 48.2 47.6 47 45.1 42.8 39.3 37.7 37.6 38 39 40.1 41.3 42.9 43.5 44.1 44.4 43.7 43 42.8 42.9 41.9 40.2 38.1 35.9 34.1 33.8 33.6 34.4 34.9 35.7 36.3 36.8 36.5 35.6 34.8 33.8 32.4 29.9 27.4 25.2 23 21 18.9 18 16.9 16.1 16.1 16 16.3 17.8 18.2 18 17.2 16.1 15 12.2 11.3 8.8 6.9 5.2 4.9 4.3 4.9 6.4 5.9 5.6 5.1 4.1 3.3 4.5 5.6 6.3 6.2 6.1 6.5 8.5 11.7 15.8 20.3 23.2
33.1 35.2 37.5 41.7 45.4 47.5 44.2 42.8 39.1 36.1 34.2 34.8 34.7 36.3 37.7 39.1 40.4 41.7 43.5 44.2 43.2 42.4 42.2 42.2 41.6 39.9 38.4 36.5 33.2 32.7 32.5 33.1 33.7 34.4 35.3 35.6 35.7 35.3 34.8 34.1 32.9 31.1 29.9 27.7 24.2 22.1 19.9 17.6 16.5 15.8 15.4 15.5 15.6 15.7 15.8 15.6 15.2 14.3 13.1 11.8 10.2 9.1 8.3 6.9 8.2 8.1 7.4 6.6 6.3 6 5.7 5.2 4.6 4.6 6.5 7.6 8.5 7.9 7.2 7.3 10.3 16.1 20.2 23.3 25.1
33.4 35.9 39.4 42.5 44.8 43.8 41.9 38.3 34.8 32.2 31.6 31.9 33.6 35.7 37.1 38.5 39.7 41.4 41.5 42.1 41.7 41.6 41.6 41.2 39.6 37.9 36.2 34.3 32.4 31.8 31.6 31.6 32.2 32.7 33 33 33.3 33.4 32.9 32.1 31.2 29.7 27.9 26 22.7 20.4 18 16.3 15.6 15.1 14.7 14.8 15 14.7 14.3 13.4 12.4 11.4 10.3 9.8 9.2 8.8 8.5 10.9 12.8 11.8 10.7 9.3 8.1 7.6 7.1 6.7 6.8 7.6 8.7 8.7 9.3 7.9 7.8 8.8 13.5 19.4 23.1 26.2 28.4
34.2 37.3 40.8 42.9 42.9 41.8 38.9 34.8 31.3 29.2 28.8 30.1 33 35.2 36.7 37.9 39.7 41.9 41.7 41.7 41.8 41.7 41.5 40.4 39 37.6 36.1 33.1 31.5 31 31 31 30.9 30.4 30 30.1 30.4 30.5 30.5 30 28.4 27.6 26 23.9 20.6 18.3 16.6 15.8 15.3 14.5 15 14.3 16.1 14.7 13.2 12 11.3 10.1 9.7 9.1 8.8 9.4 10.6 13.5 15.4 14.1 12.6 10.9 9.3 9 8.5 8.7 9.7 10.4 10.1 10.4 9.5 8.5 8.2 11.8 15.8 21.6 25.7 28.5 30.7
35.9 39.3 42.4 42.4 41.2 38.6 35 31.2 28.3 26.4 26.7 28.9 31.5 34.7 36.3 38.2 39.9 42.4 42.1 43.8 43.2 42.5 41.6 40.9 39.7 38.2 36 32.7 31 30.5 30.1 29.9 29.4 28.9 28.3 27.8 27.6 27.7 27.4 26.7 25.6 24.8 24.1 21.6 18.7 17.4 16.8 16 15 14.7 14.9 14.4 14.2 13.8 12.3 11.1 9.9 9 9.6 9.4 10.9 11.1 13.2 14.6 14.8 14.5 13.4 11.9 10.7 10.6 10.2 11.2 11.3 10.6 9.9 9.4 8.4 4.5 6.1 9.5 18.6 23.2 24.6 -0.9 -0.9
37.1 40.8 43.4 41.4 39.5 35.7 32.3 29.3 25.8 24.5 25.6 27.9 30.3 33.4 36.4 39.3 40 40.9 42 44.4 42.9 41.8 41.7 43 43 39.7 35.7 33 30.3 29.7 29 28.5 28 27.4 26.7 25.9 25.9 25.6 25.9 24.9 23.9 23.7 22.9 21.7 21.1 20.3 18.5 18.2 16.4 14.9 14.8 13.9 13.6 11.8 10.6 10.3 10 9.3 9 10.2 11.7 13.3 13.8 14.3 14.3 14.3 13.5 12.1 12.1 12.3 12.2 11.5 10.5 10 10.1 3.9 -0.9 -0.9 -0.9 -0.9 -0.9 -0.9 -0.9 -0.9 -0.9
35.7 38.3 40 37.9 35.5 33.8 32.5 29.2 24 24 24.7 27.7 30.6 34.9 38.2 39.1 39.1 40.2 42.8 44.4 43.2 43.7 43.1 44.2 42 39.1 36.9 34.1 30.8 28.4 27.3 27.1 26.5 26.2 26.4 26.4 25.8 26.5 27.1 27.3 26.4 25.8 24.9 25.7 25.7 25.7 21.8 20.3 19.3 17.4 14.5 13.9 13.2 12.1 10.6 10.5 10.5 10.5 10.5 11.7 12.4 13.2 13.4 13.9 13.9 13.9 12.7 12.1 12.1 12 11.6 10.9 11.2 10.3 1.4 -0.9 -0.9 -0.9 -0.9 -0.9 -0.9 -0.9 -0.9 -0.9 -0.9
31.8 33.8 34.9 31.8 28.8 29.5 30.4 24.8 21.9 22.4 24.2 27.6 31.1 34.7 36.6 37.6 38.1 40.2 42.7 43.6 43.8 45.4 45.7 43.2 41 39 37 34.9 30.2 27.8 27 26.2 26.5 26.7 27.3 27.4 27.7 28.2 28.4 28.4 28.6 27.9 26.6 27.5 28.3 27.1 23 20.2 19.3 16.9 14.5 13.4 12.7 12 11.1 10.9 10.5 10.7 10.7 10.3 10.9 11.6 11.9 12.8 13.3 13 12.5 12.2 12.2 11.6 11.2 11.4 12.1 -0.9 -0.9 -0.9 -0.9 -0.9 -0.9 -0.9 -0.9 -0.9 -0.9 -0.9 -0.9
26.9 27.6 26.9 24.3 25.1 25.9 24.9 20.3 20.6 21.5 23.8 27.2 30.4 32.9 34.5 35.6 38.3 40.7 42.2 42.6 46.5 49.1 47.9 43 40.4 38.7 36.9 33.9 30.1 27.3 26.4 26.2 27 27.2 27.9 28.7 29.2 29 28.9 28.6 27.7 27.8 28.4 26.2 25.4 24.6 21.3 19.2 16.9 15.1 14 13.2 12.9 12.7 11.9 11.3 10.3 10 10.5 10.3 -0.9 -0.9 -0.9 -0.9 12.5 14.1 14 14.1 12.3 -0.9 10.1 1.7 -0.9 -0.9 -0.9 -0.9 -0.9 -0.9 -0.9 -0.9 -0.9 -0.9 -0.9 -0.9 -0.9
18.9 21 20.8 21.5 21.9 21.2 19.9 18.6 20.4 22.2 24.7 28.2 29.5 31.1 32.9 35.7 38.4 40 41.2 44.1 48.3 51 49.3 43.6 39 37.7 35.6 31.2 28.5 27.3 26.2 26.1 26.9 27.9 28.9 29.7 29.8 29.3 29.2 28.2 28.6 28.6 26.8 23.3 22.9 21.4 19.7 17.5 15.3 14.6 14.1 13.7 13.5 13.5 12.7 12.8 11.9 10 9.2 1.1 -0.9 -0.9 -0.9 -0.9 13.3 14.4 13.7 12.2 4 -0.9 -0.9 -0.9 -0.9 -0.9 -0.9 -0.9 -0.9 -0.9 -0.9 -0.9 -0.9 -0.9 -0.9 -0.9 -0.9
1.8 16 14.1 18.8 18.9 18.1 17.4 18.8 20.9 23.3 26.4 28 28.8 30.8 33.3 36.2 38.9 40.8 42.3 45.8 48.9 49.8 47.9 42 36.4 34.5 31.2 29.7 28.5 28.2 26.9 25.8 26.9 28.3 29.5 29.9 29.9 28.4 27 27.2 28.6 27.3 23.2 21.4 19.4 18.4 16.9 15.4 15.2 15.8 15.7 15 14.6 -0.9 13.9 13.9 13.3 10.8 1.7 -0.9 -0.9 -0.9 -0.9 -0.9 5.7 10.8 2.4 -0.9 -0.9 -0.9 -0.9 -0.9 -0.9 -0.9 -0.9 -0.9 -0.9 -0.9 -0.9 -0.9 -0.9 -0.9 -0.9 -0.9 -0.9
-0.9 -0.9 -0.9 -0.9 -0.9 -0.9 15 19.6 21.9 25 26.4 27.2 29.1 31.8 33.9 36.6 39.3 41.7 43.7 46.1 47.4 46.2 42.3 38.8 34.4 32.3 30.9 29.6 29.5 28.9 27.9 25.6 26.4 26.8 28.4 28.7 28.5 26 25.7 24.5 25.5 24.5 22.5 19.7 17.4 15.4 14.2 3.7 17.1 18.5 17.5 2.6 -0.9 -0.9 -0.9 -0.9 -0.9 -0.9 -0.9 -0.9 -0.9 -0.9 -0.9 -0.9 -0.9 -0.9 -0.9 -0.9 -0.9 -0.9 -0.9 -0.9 -0.9 -0.9 -0.9 -0.9 -0.9 -0.9 -0.9 -0.9 -0.9 -0.9 -0.9 -0.9 -0.9
-0.9 -0.9 -0.9 -0.9 -0.9 -0.9 -0.9 21 24.8 26.5 26.2 27.4 29.3 31.8 34.2 36.7 39.3 41.4 42.6 43.2 43.8 44.2 42 38.3 33.3 32.2 30.7 30.5 30.8 29.7 27.9 25.5 26.1 26.4 26.4 26.3 25.8 24.4 25 22.4 21.3 21.1 20.1 16.7 14.8 13.1 -0.9 -0.9 -0.9 19.7 19.9 -0.9 -0.9 -0.9 -0.9 -0.9 -0.9 -0.9 -0.9 -0.9 -0.9 -0.9 -0.9 -0.9 -0.9 -0.9 -0.9 -0.9 -0.9 -0.9 -0.9 -0.9 -0.9 -0.9 -0.9 -0.9 -0.9 -0.9 -0.9 -0.9 -0.9 -0.9 -0.9 -0.9 -0.9
-0.9 -0.9 -0.9 -0.9 -0.9 -0.9 -0.9 -0.9 24.7 26.9 27.8 27.8 29 31.4 33.9 36.4 38.7 40.5 41.7 42.4 43.1 43.6 40.4 36.4 33.3 31.7 31.5 31.1 30.6 30.4 29.4 26.8 25.5 25.9 26.5 23.9 22.8 23 23.2 21 19.2 17.7 15.4 5.9 12.5 5.9 -0.9 -0.9 -0.9 -0.9 -0.9 -0.9 -0.9 -0.9 -0.9 -0.9 -0.9 -0.9 -0.9 -0.9 -0.9 -0.9 -0.9 -0.9 -0.9 -0.9 -0.9 -0.9 -0.9 -0.9 -0.9 -0.9 -0.9 -0.9 -0.9 -0.9 -0.9 -0.9 -0.9 -0.9 -0.9 -0.9 -0.9 -0.9 -0.9
-0.9 -0.9 -0.9 -0.9 -0.9 -0.9 -0.9 -0.9 -0.9 -0.9 26.9 28.3 29.3 31.1 33.6 36.1 37.9 39.7 40.8 41.6 42.6 41.1 37.9 36 33.2 30.9 30.7 29.8 30 30.5 31.5 28.1 23.2 24.1 23.7 21.6 22 22 21.2 19.2 16.6 1.3 -0.9 -0.9 -0.9 -0.9 -0.9 -0.9 -0.9 -0.9 -0.9 -0.9 -0.9 -0.9 -0.9 -0.9 -0.9 -0.9 -0.9 -0.9 -0.9 -0.9 -0.9 -0.9 -0.9 -0.9 -0.9 -0.9 -0.9 -0.9 -0.9 -0.9 -0.9 -0.9 -0.9 -0.9 -0.9 -0.9 -0.9 -0.9 -0.9 -0.9 -0.9 -0.9 -0.9
-0.9 -0.9 -0.9 -0.9 -0.9 -0.9 -0.9 -0.9 -0.9 -0.9 -0.9 14 29.7 31.1 29.1 35.2 37 -0.9 36.6 41.1 41.6 37.4 21.2 34.4 32 31 30 29.5 29.4 29.3 28.8 26.7 16 23.3 22.3 21.6 21.5 20 17.6 -0.9 -0.9 -0.9 -0.9 -0.9 -0.9 -0.9 -0.9 -0.9 -0.9 -0.9 -0.9 -0.9 -0.9 -0.9 -0.9 -0.9 -0.9 -0.9 -0.9 -0.9 -0.9 -0.9 -0.9 -0.9 -0.9 -0.9 -0.9 -0.9 -0.9 -0.9 -0.9 -0.9 -0.9 -0.9 -0.9 -0.9 -0.9 -0.9 -0.9 -0.9 -0.9 -0.9 -0.9 -0.9 -0.9
-0.9 -0.9 -0.9 -0.9 -0.9 -0.9 -0.9 -0.9 -0.9 -0.9 -0.9 -0.9 -0.9 32 33.1 -0.9 -0.9 -0.9 9 39.1 38 -0.9 9 35.8 33.2 31.3 31.1 30.7 30.1 29.4 27.5 26.5 -0.9 -0.9 2.4 21.5 22 19.5 18.6 -0.9 -0.9 -0.9 -0.9 -0.9 -0.9 -0.9 -0.9 -0.9 -0.9 -0.9 -0.9 -0.9 -0.9 -0.9 -0.9 -0.9 -0.9 -0.9 -0.9 -0.9 -0.9 -0.9 -0.9 -0.9 -0.9 -0.9 -0.9 -0.9 -0.9 -0.9 -0.9 -0.9 -0.9 -0.9 -0.9 -0.9 -0.9 -0.9 -0.9 -0.9 -0.9 -0.9 -0.9 -0.9 -0.9
-0.9 -0.9 -0.9 -0.9 -0.9 -0.9 -0.9 -0.9 -0.9 -0.9 -0.9 -0.9 -0.9 -0.9 -0.9 -0.9 -0.9 -0.9 -0.9 -0.9 -0.9 -0.9 -0.9 -0.9 -0.9 -0.9 32.4 27.6 33 32.2 32.2 31.8 -0.9 -0.9 -0.9 -0.9 -0.9 -0.9 -0.9 -0.9 -0.9 -0.9 -0.9 -0.9 -0.9 -0.9 -0.9 -0.9 -0.9 -0.9 -0.9 -0.9 -0.9 -0.9 -0.9 -0.9 -0.9 -0.9 -0.9 -0.9 -0.9 -0.9 -0.9 -0.9 -0.9 -0.9 -0.9 -0.9 -0.9 -0.9 -0.9 -0.9 -0.9 -0.9 -0.9 -0.9 -0.9 -0.9 -0.9 -0.9 -0.9 -0.9 -0.9 -0.9 -0.9
-0.9 -0.9 -0.9 -0.9 -0.9 -0.9 -0.9 -0.9 -0.9 -0.9 -0.9 -0.9 -0.9 -0.9 -0.9 -0.9 -0.9 -0.9 -0.9 -0.9 -0.9 -0.9 -0.9 -0.9 -0.9 -0.9 1.8 31.5 36.5 34.1 -0.9 -0.9 -0.9 -0.9 -0.9 -0.9 -0.9 -0.9 -0.9 -0.9 -0.9 -0.9 -0.9 -0.9 -0.9 -0.9 -0.9 -0.9 -0.9 -0.9 -0.9 -0.9 -0.9 -0.9 -0.9 -0.9 -0.9 -0.9 -0.9 -0.9 -0.9 -0.9 -0.9 -0.9 -0.9 -0.9 -0.9 -0.9 -0.9 -0.9 -0.9 -0.9 -0.9 -0.9 -0.9 -0.9 -0.9 -0.9 -0.9 -0.9 -0.9 -0.9 -0.9 -0.9 -0.9
-0.9 -0.9 -0.9 -0.9 -0.9 -0.9 -0.9 -0.9 -0.9 -0.9 -0.9 -0.9 -0.9 -0.9 -0.9 -0.9 -0.9 -0.9 -0.9 -0.9 -0.9 -0.9 -0.9 -0.9 -0.9 -0.9 -0.9 -0.9 -0.9 -0.9 -0.9 -0.9 -0.9 -0.9 -0.9 -0.9 -0.9 -0.9 -0.9 -0.9 -0.9 -0.9 -0.9 -0.9 -0.9 -0.9 -0.9 -0.9 -0.9 -0.9 -0.9 -0.9 -0.9 -0.9 -0.9 -0.9 -0.9 -0.9 -0.9 -0.9 -0.9 -0.9 -0.9 -0.9 -0.9 -0.9 -0.9 -0.9 -0.9 -0.9 -0.9 -0.9 -0.9 -0.9 -0.9 -0.9 -0.9 -0.9 -0.9 -0.9 -0.9 -0.9 -0.9 -0.9 -0.9
-0.9 -0.9 -0.9 -0.9 -0.9 -0.9 -0.9 -0.9 -0.9 -0.9 -0.9 -0.9 -0.9 -0.9 -0.9 -0.9 -0.9 -0.9 -0.9 -0.9 -0.9 -0.9 -0.9 -0.9 -0.9 -0.9 -0.9 -0.9 -0.9 -0.9 -0.9 -0.9 -0.9 -0.9 -0.9 -0.9 -0.9 -0.9 -0.9 -0.9 -0.9 -0.9 -0.9 -0.9 -0.9 -0.9 -0.9 -0.9 -0.9 -0.9 -0.9 -0.9 -0.9 -0.9 -0.9 -0.9 -0.9 -0.9 -0.9 -0.9 -0.9 -0.9 -0.9 -0.9 -0.9 -0.9 -0.9 -0.9 -0.9 -0.9 -0.9 -0.9 -0.9 -0.9 -0.9 -0.9 -0.9 -0.9 -0.9 -0.9 -0.9 -0.9 -0.9 -0.9 -0.9
-0.9 -0.9 -0.9 -0.9 -0.9 -0.9 -0.9 -0.9 -0.9 -0.9 -0.9 -0.9 -0.9 -0.9 -0.9 -0.9 -0.9 -0.9 -0.9 -0.9 -0.9 -0.9 -0.9 -0.9 -0.9 -0.9 -0.9 -0.9 -0.9 -0.9 -0.9 -0.9 -0.9 -0.9 -0.9 -0.9 -0.9 -0.9 -0.9 -0.9 -0.9 -0.9 -0.9 -0.9 -0.9 -0.9 -0.9 -0.9 -0.9 -0.9 -0.9 -0.9 -0.9 -0.9 -0.9 -0.9 -0.9 -0.9 -0.9 -0.9 -0.9 -0.9 -0.9 -0.9 -0.9 -0.9 -0.9 -0.9 -0.9 -0.9 -0.9 -0.9 -0.9 -0.9 -0.9 -0.9 -0.9 -0.9 -0.9 -0.9 -0.9 -0.9 -0.9 -0.9 -0.9
-0.9 -0.9 -0.9 -0.9 -0.9 -0.9 -0.9 -0.9 -0.9 -0.9 -0.9 -0.9 -0.9 -0.9 -0.9 -0.9 -0.9 -0.9 -0.9 -0.9 -0.9 -0.9 -0.9 -0.9 -0.9 -0.9 -0.9 -0.9 -0.9 -0.9 -0.9 -0.9 -0.9 -0.9 -0.9 -0.9 -0.9 -0.9 -0.9 -0.9 -0.9 -0.9 -0.9 -0.9 -0.9 -0.9 -0.9 -0.9 -0.9 -0.9 -0.9 -0.9 -0.9 -0.9 -0.9 -0.9 -0.9 -0.9 -0.9 -0.9 -0.9 -0.9 -0.9 -0.9 -0.9 -0.9 -0.9 -0.9 -0.9 -0.9 -0.9 -0.9 -0.9 -0.9 -0.9 -0.9 -0.9 -0.9 -0.9 -0.9 -0.9 -0.9 -0.9 -0.9 -0.9
