Game/Highland_Data/StreamingAssets/GeoData/Data/hu/HU24.asc
ncols 200
nrows 200
xllcorner 420000
yllcorner 1140000
cellsize 50
[rows 0 to 37 of 200, columns 86 to 171 of 200]
13.9 12.3 9.1 8.5 7.3 6.8 6.4 6.4 9.4 10 12.6 16.5 22.2 26.1 27.1 34.5 34.7 35.5 46 50.3 50.9 52.3 58.1 60.1 57.5 56.8 54.5 49.3 46 42.2 39.2 38.2 34 28.2 21.1 14.1 7.4 -0.6 -0.6 -0.6 -0.6 -0.6 -0.6 -0.6 -0.6 -0.6 -0.6 -0.6 -0.6 -0.6 -0.6 -0.6 5.3 8.3 10.3 13.1 15.9 17.2 18.8 19 19.4 21.5 20.5 19.8 20.4 20.3 20.5 22.6 19.8 20.4 20.7 18.9 20.6 23.6 28.4 31 35 38 38.5 38.4 39.9 43.3 52.7 48.4 41.2 33.2
11.3 9.8 8.4 7.9 7.1 5.8 5.9 7 11.9 16.7 16 18.8 24.1 27.1 30.6 33.5 36.3 38.8 44.1 50.2 53.5 59.5 59.5 60.2 58.4 58.2 54.3 49.7 44.3 41.1 40 36 30.2 24.6 19.5 17.5 14 8 -0.6 -0.6 -0.6 -0.6 -0.6 -0.6 -0.6 -0.6 -0.6 -0.6 -0.6 -0.6 -0.6 -0.6 -0.6 5.2 7.1 8.9 12.8 13.4 12.1 12.1 12.3 11.8 11 10.4 11.5 12.2 10.8 12.1 13.5 10.4 12.3 9.4 10.6 13.4 15.1 16.2 18.1 22.9 27.3 31.6 33.3 43 41 39.4 34.6 28.2
9.4 8.7 9.2 11 8.6 5.5 5.9 7.3 14.2 22.4 19.7 21.7 29.3 34.5 38.3 38.9 40.7 46.3 51.6 54.2 58.2 63.2 62.4 60.1 56.9 56.4 52.4 47.3 43 40.3 36.3 33.6 29.9 26 23.7 22.9 17.8 14.6 10.3 -0.6 -0.6 -0.6 -0.6 -0.6 -0.6 -0.6 -0.6 -0.6 -0.6 -0.6 -0.6 -0.6 -0.6 -0.6 -0.6 -0.6 6.5 6.6 6.4 7.5 7.5 6.1 5.2 4.3 4.1 4 3.4 4.6 -0.6 -0.6 -0.6 3.2 3.2 4.4 9 6.6 7 10.4 16 23.1 24.6 26 25.9 26.8 24.2 20.2
9.1 9.7 10.4 9.6 6.5 5.9 8.7 9.1 11.7 22.4 24.9 25.9 32 37.8 42 43.3 43.3 47.9 54.9 57.7 59.3 62.2 59.5 59.2 58.1 55.1 52.2 48.5 43.6 40.7 37.5 33.3 33.5 30.2 28.3 24.1 20 19.1 16.3 11.2 7 -0.6 -0.6 -0.6 -0.6 -0.6 -0.6 -0.6 -0.6 -0.6 -0.6 -0.6 -0.6 -0.6 -0.6 -0.6 -0.6 -0.6 -0.6 -0.6 -0.6 -0.6 -0.6 -0.6 -0.6 -0.6 -0.6 -0.6 -0.6 -0.6 -0.6 -0.6 -0.6 -0.6 -0.6 -0.6 2 4 8.8 11.9 14.3 12.5 16.7 17 15.7 14.4
12.6 11.5 9.7 7 5.2 10.9 9.6 11.2 14 22 29 31 32.2 38.5 42.4 42.9 45.5 49.7 56.8 58.3 57.3 56.6 57.4 56.7 54.8 50.9 48.2 46.9 40.4 37.4 34.1 33.5 35.1 36.1 32.9 28.3 22.7 22.8 20.7 17.1 12.7 6.1 -0.6 -0.6 -0.6 -0.6 -0.6 -0.6 -0.6 -0.6 -0.6 -0.6 -0.6 -0.6 -0.6 -0.6 -0.6 -0.6 -0.6 -0.6 -0.6 -0.6 -0.6 -0.6 -0.6 -0.6 -0.6 -0.6 -0.6 -0.6 -0.6 -0.6 -0.6 -0.6 -0.6 -0.6 -0.6 -0.6 3.1 4.7 8.1 10.3 10 9.9 10.7 13
10.8 11.3 8.6 5.3 4.6 9.4 7.2 9.1 20.6 28 33.7 36.3 36.1 37.9 41 42.6 45.8 49.4 53.9 57.7 54.2 52.9 55 52 48.1 45.3 42.1 39.9 35.2 32.4 34.7 33.6 33.7 34 33.3 29.4 25.5 24.5 24.3 21.2 15.6 12.2 7.5 -0.6 -0.6 -0.6 -0.6 -0.6 -0.6 -0.6 -0.6 -0.6 -0.6 -0.6 -0.6 -0.6 -0.6 -0.6 -0.6 -0.6 -0.6 -0.6 -0.6 -0.6 -0.6 -0.6 -0.6 -0.6 -0.6 -0.6 -0.6 -0.6 -0.6 -0.6 -0.6 -0.6 -0.6 -0.6 1.3 1.9 2.5 5.8 10.5 14.3 14.4 16.8
8 8.2 6.8 4.4 4.7 8.7 6.8 13 27.3 34 41.9 44.7 43.1 41.8 41 41.9 46.2 49.1 51.2 52 50.8 48.6 47 43.7 39.6 36.1 32.9 31.1 29.6 27.3 27.5 25.3 26.7 27.7 27.7 29 27.3 24.4 23.2 21.7 22.5 17.6 14.7 8.2 -0.6 -0.6 -0.6 -0.6 -0.6 -0.6 -0.6 -0.6 -0.6 -0.6 -0.6 -0.6 -0.6 -0.6 -0.6 -0.6 -0.6 -0.6 -0.6 -0.6 -0.6 -0.6 -0.6 -0.6 -0.6 -0.6 -0.6 -0.6 -0.6 -0.6 -0.6 8.9 7.7 5.8 -0.6 4.4 6.4 7.9 12.7 15.3 17.5 20.3
7 6 4.8 4.2 6.3 9.3 12.5 19 36.1 44.2 51.8 52.5 51.5 49.6 48.9 47.5 47.1 49.2 50.8 50.6 48.8 45.5 42.4 39.5 37.5 34.2 30.2 24.9 22.1 21.2 21.2 21.1 23.5 24.5 24.9 29.5 28.7 25.9 24.6 27.2 26.8 23.7 21.1 15.5 13.5 4.2 -0.6 -0.6 -0.6 -0.6 -0.6 0.1 1.5 -0.6 -0.6 -0.6 -0.6 -0.6 -0.6 -0.6 -0.6 -0.6 -0.6 -0.6 -0.6 -0.6 -0.6 -0.6 -0.6 -0.6 -0.6 -0.6 -0.6 3.8 5.3 11.4 10.7 10.9 12 11.9 11.9 13.3 14.6 18.3 22.7 25.1
4.3 4.2 4.3 4.3 10.9 17.7 21.8 27.8 44.3 51.3 54.7 57.7 61.2 56.4 53.4 50.7 48.3 48.8 49.8 49.2 46.3 42.8 39.4 36.2 33.6 31.2 26.9 22 17.9 16.7 16.5 17.3 18.2 19 22.1 25.7 28.7 30.2 27.7 30.7 31.6 27.2 25.5 17.1 10 2.5 -0.6 -0.6 -0.6 -0.6 3.5 3 2.6 -0.6 -0.6 -0.6 -0.6 -0.6 -0.6 -0.6 -0.6 -0.6 -0.6 -0.6 -0.6 -0.6 -0.6 -0.6 -0.6 -0.6 -0.6 2.1 4 7.4 10.1 14.8 14.2 17.4 18.3 17.2 17.3 18.1 19.2 22.1 24.9 28.2
3.1 4 4.6 6.2 12.8 20 24.7 31.2 43.5 49.3 49.8 50.1 51.1 54 52.6 51 49.8 49.1 49.2 45.2 42.3 38.6 34.5 31.7 28.5 24.9 20.7 17 15.4 15 14.6 14.8 15.2 16.3 19.5 26.3 30.2 30.5 30.2 31.1 25.3 24.6 22.9 15.7 8.9 1.9 1.4 2.1 5.2 5.1 6.1 5.1 3 -0.6 -0.6 -0.6 -0.6 -0.6 -0.6 -0.6 -0.6 -0.6 -0.6 -0.6 -0.6 -0.6 -0.6 -0.6 -0.6 -0.6 6.8 7.7 8.8 11.2 17 17.8 20.2 25 26 24.2 24.9 26.3 28.5 25.9 30 31.9
5 4.9 5 6.6 11.5 16 20 26.9 44.8 47.8 49.5 49.2 47 49.5 50.2 52.1 51.4 48.8 44.3 42 38.7 34.3 32.8 30.5 26.1 22.4 17.7 14.1 12 12.8 13.7 15.2 14.8 16.2 17.4 19.4 22.1 23.5 22.6 21.7 20 17.6 15.7 13.5 9.6 5.1 2.3 1.8 3.2 5.2 5.7 5.4 -0.6 -0.6 -0.6 -0.6 -0.6 -0.6 -0.6 -0.6 -0.6 -0.6 -0.6 -0.6 -0.6 -0.6 4.4 2.9 5.4 10.9 14.2 13.7 17.1 22.7 24.8 28.4 29.9 33.4 33.6 33.1 34.3 35.2 36 34.7 36.1 38.5
4 5.5 4.9 8.1 9.9 14.4 21.3 28.2 35.6 40.8 44.3 41.4 45.5 47 48.5 51.2 49.8 46 43 38.3 32.8 28.4 30.3 29.6 27.5 20.8 15.6 10.1 9.4 8.6 11.9 15.6 17.7 20.7 17.3 16 15.1 13.4 12.3 11.4 13.7 13.1 13.2 12.9 15.6 7.4 3.1 1.6 1.7 2.1 2.2 2.5 -0.6 -0.6 -0.6 -0.6 -0.6 -0.6 -0.6 -0.6 -0.6 -0.6 -0.6 -0.6 4.6 6.3 10.9 9.8 12.3 15.4 18.9 21.9 25.1 28.1 34.1 37.4 41.1 40.4 41.4 41 41.6 43.1 42.7 42.2 41.8 44.7
1.4 3.4 7.7 11.4 15.3 18.8 20.7 25.9 29 30.9 33.9 33.6 35.5 38.9 44.2 47.1 44.6 40.9 34 30.4 26.2 24.1 24.1 26.9 24.5 18.9 13.3 8.1 8.3 8.3 8 11.2 13.2 13.8 14.3 13.2 11.6 10.1 10.9 11.8 10 13 19.7 18.5 16.6 7.3 3.1 1.3 0.6 0.6 0.6 -0.6 -0.6 -0.6 -0.6 -0.6 -0.6 -0.6 -0.6 -0.6 -0.6 -0.6 -0.6 -0.6 6.3 13.2 14.5 18.2 17.6 18.7 23.9 29.1 28.8 33 39.9 45.1 48.9 47.1 45.6 46.4 48.2 49.7 49.5 48.1 51.1 53.1
-0.6 1.9 7.1 12 18.9 22.9 22.6 26.2 27.9 30.2 30.2 28.5 28.3 28.8 30 27.7 26.5 24.4 24.1 24.9 22.4 24.7 22.9 20.2 19.6 14.8 9.9 8.3 8.3 8.3 8.3 8.3 8.3 7.4 6.9 7.8 8.1 8.4 8.4 9.1 12.2 16.2 20.5 20.3 14.1 7.4 3.2 1.5 0.6 0.6 -0.6 -0.6 -0.6 -0.6 -0.6 -0.6 -0.6 -0.6 -0.6 -0.6 -0.6 -0.6 -0.6 -0.6 7.1 16.8 21.8 23.9 25.9 24.5 26.8 32.3 34.4 35 39.9 45.4 51.7 49.6 48.1 48.2 50.3 52.4 52.1 51.9 56.2 58.9
-0.6 0.7 8.3 18.6 23.3 22.4 27.1 30.7 33.9 35.9 32.9 27.5 25.5 22.6 21.2 18 15.5 15.5 17.6 19.6 19.6 21.6 20.1 16.8 14.4 9.7 8.3 8.3 8.3 8.3 8.3 8.3 8.3 8.3 8.3 8.3 8.3 8.3 9.7 11.4 13 17.1 21.1 21.4 16.5 9.6 4.8 2.8 3.4 2.7 -0.6 -0.6 -0.6 -0.6 -0.6 -0.6 -0.6 -0.6 -0.6 -0.6 -0.6 -0.6 -0.6 -0.6 8.7 15.8 24.5 29.4 35 34.2 33.5 35.4 36 39.5 41.3 45.9 50.4 52.3 51.2 51.4 51.6 52.6 54.4 57.2 59.4 63.1
-0.6 -0.6 8.5 15 22 24.7 32.7 33.9 33.7 35.6 32 25.2 22.5 19.5 16.6 15.1 11.8 10.7 12 14.7 17.8 20.2 22.6 17.7 11.3 8.4 8.3 8.3 8.3 8.3 8.3 8.3 8.3 8.3 8.3 8.3 8.3 8.3 8.3 10.2 12.8 16.4 17.9 18.1 16.3 12 5.9 3.5 6.1 5.2 -0.6 -0.6 -0.6 -0.6 -0.6 -0.6 -0.6 -0.6 -0.6 -0.6 -0.6 -0.6 -0.6 -0.6 9.5 18.1 27.2 34.6 41 43.7 42 41 38.9 40.5 42.8 45.1 49.4 53.5 54.8 55.8 56.2 55.1 56.4 61.6 62.9 65.4
-0.6 3.1 9.4 13.2 20.1 22.8 28.1 33.1 35.1 32.7 29.1 23.5 18.7 16 13.3 11.6 9.5 8 8.8 10.7 12.5 16.1 16.6 15 7.7 8.3 8.3 8.3 8.3 8.3 8.3 8.3 8.3 8.3 8.3 8.4 10.4 10.1 8.5 9 11.5 14.6 15 14 14.4 13.2 5.4 1.5 2.2 -0.6 -0.6 -0.6 -0.6 -0.6 -0.6 -0.6 -0.6 -0.6 -0.6 -0.6 -0.6 -0.6 -0.6 -0.6 8.7 18.4 31.7 36.3 44.1 46.6 45.9 45.5 43.4 43.6 45.3 50.1 53.5 56.3 58.5 58.8 58.7 57.3 57.4 60.1 63.5 66.9
-0.6 4.1 7 12.3 17.1 23.3 30 33.1 34.3 30.9 25.3 20 14.2 13.6 14 12.4 7.6 8.6 7.1 8.8 7.9 8.2 8.8 8.3 8.3 8.3 8.3 8.3 8.3 8.3 8.3 8.3 8.3 8.3 8.3 8.3 9.8 9.7 7.7 8.3 13.5 14.8 12.2 9.5 8.5 7.1 3.8 -0.6 -0.6 -0.6 -0.6 -0.6 -0.6 -0.6 -0.6 -0.6 -0.6 -0.6 -0.6 -0.6 -0.6 -0.6 -0.6 -0.6 8.6 18.9 29.8 37.5 42.9 47.3 49.3 48.4 47.1 47.7 50.5 53.5 55.7 58.6 61.3 63 61.8 58.2 58.5 60.2 63.4 66.9
-0.6 -0.6 6 11.1 15.8 23.5 27 32.3 34.7 32.8 24.9 19.2 13.5 10.4 9.2 6.9 8.3 12.8 8.7 7.4 8.3 8.3 8.3 8.3 8.3 8.3 8.3 8.3 8.3 8.3 8.3 8.3 8.3 8.3 8.3 8.3 8.3 8.3 8.3 7.9 12.9 14 10.3 7.1 6.7 5.5 -0.6 -0.6 -0.6 -0.6 -0.6 -0.6 -0.6 -0.6 -0.6 -0.6 -0.6 -0.6 -0.6 -0.6 -0.6 -0.6 -0.6 3.7 11 18.4 29.4 39.9 44.9 48.8 52.5 51.9 52 52 52.7 54.3 55.7 59.8 62.7 62.7 64.4 64.7 62.6 62.2 65.2 68
-0.6 -0.6 7.2 10.8 13 20.2 29.5 33.9 33.4 29.8 25.5 20.7 14.6 10.3 7.3 6.3 6.3 7.6 7.7 8.3 8.3 8.3 8.3 8.3 8.3 8.3 8.3 8.3 8.3 8.3 7.6 8.4 9.3 9.9 8.1 8.3 9 8.3 8.3 7.5 8.9 9 8 6.1 5.1 3.5 -0.6 -0.6 -0.6 -0.6 -0.6 -0.6 -0.6 -0.6 -0.6 -0.6 -0.6 -0.6 -0.6 -0.6 -0.6 -0.6 -0.6 4.4 12.6 19.9 28.2 36.2 42.2 48.2 52.5 56.4 57.3 57.4 57 55.4 56.1 58.1 61 63 64.7 65.8 65.7 65.2 68.7 69.8
-0.6 -0.6 6.7 12 14.2 19.8 24.8 30.5 28.8 28.1 25.4 20.5 16 9.8 5.9 5.7 5.9 6.2 7 8.4 8.3 8.3 7.9 7.8 8.3 8.3 8.3 8.3 8.3 8.3 8.8 9.9 12.6 14.4 16 13.1 13.4 13.1 13.7 11.6 10.1 8.9 6.6 4.4 3.1 1.4 -0.6 -0.6 -0.6 -0.6 -0.6 -0.6 -0.6 -0.6 -0.6 -0.6 -0.6 -0.6 -0.6 -0.6 -0.6 -0.6 -0.6 4.9 13.6 22.9 28.7 33.6 39.3 45.8 49.6 52 55.7 59.1 60.6 59 60.3 63 62.5 62.5 62.9 64.8 65.8 66.5 69.4 69.9
-0.6 -0.6 4.7 10 15.7 21.6 24.8 25.9 26 25.8 23.7 18.6 13.6 7.8 5.9 8.1 9.4 10.5 11.4 9.3 9 8.3 9.1 11.2 8.6 9.6 12.1 11.4 11.2 14.5 15.2 15 15.2 18.2 20.7 20.8 18.8 20.9 18.4 14.2 12 10.9 8.3 4.7 2.4 -0.6 -0.6 -0.6 -0.6 -0.6 -0.6 -0.6 -0.6 -0.6 -0.6 -0.6 -0.6 -0.6 -0.6 -0.6 -0.6 -0.6 -0.6 4.9 12.4 22.3 27.3 30 35.8 40.2 44.5 48.9 51.2 55 56.9 58.2 64 66.2 66.1 64.1 63.7 65.8 66.1 67.3 66.2 65.8
4 3 9.5 13.8 17.9 20.6 24.8 25.1 24.1 22.4 19.1 13.8 8.1 5.7 10.3 12.2 13 13.4 13.2 13.1 14 12.1 12.9 15.8 13.5 14.3 13.8 14.8 14.9 17.7 20.2 21.8 22.2 23.5 23.1 23.7 22.8 22.4 20 18.3 15.9 13.4 10.4 7.4 3.5 -0.6 -0.6 -0.6 -0.6 -0.6 -0.6 -0.6 -0.6 -0.6 -0.6 -0.6 -0.6 -0.6 -0.6 -0.6 -0.6 -0.6 -0.6 3.6 10.6 17.6 23.4 27.1 31.8 36.3 39.6 44.1 48.6 51.7 53.4 56.9 61.7 64.6 65.2 64.8 64.6 63.3 64.7 66.1 66.3 64.8
5.4 5.2 11.2 18.6 22.6 22.2 22.9 22.5 20.7 17.3 13.7 8.8 2.9 5.3 9.2 13.8 17.3 17.2 17.2 17.6 18.6 20.9 21.6 20.7 18.4 16.3 17 17.5 18.8 19.9 23.5 25.1 26.2 27.6 28.5 28.2 26.9 25.6 24.3 22.2 19.2 15.9 13.2 8.7 4.1 -0.6 -0.6 -0.6 -0.6 -0.6 -0.6 -0.6 -0.6 -0.6 -0.6 -0.6 -0.6 -0.6 -0.6 -0.6 -0.6 -0.6 -0.6 3.3 6.9 14.1 20.9 25.7 29.7 33.9 37.1 40.6 44.9 49 51.8 55.2 60.1 63.6 65.5 65.8 64.9 62.6 61.6 62.5 65 63.2
3.1 7 7.7 12.1 18.2 19.6 21.5 19.5 17.5 12.8 6.8 1.5 -0.6 3.3 6.9 9 13 16.4 18.4 23.1 26.7 28 30.2 29.7 28.1 26.6 25 24.9 24 26.3 28.5 31.1 31.2 32.3 31.6 31.3 30.8 28.1 25.2 22 20.7 17.8 14.4 9.9 5.7 2.1 -0.6 -0.6 -0.6 -0.6 -0.6 -0.6 -0.6 -0.6 -0.6 -0.6 -0.6 -0.6 -0.6 -0.6 -0.6 -0.6 -0.6 2.9 6.7 12.7 19.7 24.9 29.2 32.9 35.6 38.7 43.1 49.9 55.3 59.1 63.3 66.7 68.6 66.8 63.9 61.4 58.8 59.6 61.2 60
-0.6 6.4 7.7 10.4 14.4 16.9 17.2 16.1 11.1 6.6 2.2 -0.6 -0.6 3 3.5 6.6 11.2 16.2 22.9 30.6 34.9 37.1 38.4 38.9 37.6 35.6 31.9 30.5 30.8 31.4 31.3 32.9 34.7 36.5 36.5 36.1 33.8 29.4 26.9 22.6 20.5 18.5 15.7 11.5 7.7 3.6 -0.6 -0.6 -0.6 -0.6 -0.6 -0.6 -0.6 -0.6 -0.6 -0.6 -0.6 -0.6 -0.6 -0.6 -0.6 -0.6 -0.6 6.7 11.6 13.6 18.5 24.3 28 31.1 34.2 37.9 44.2 52.2 59.2 62.9 67.7 70.5 70 67.3 63.4 59.9 57.4 54.8 55.3 57.5
-0.6 -0.6 2.3 5.9 10.4 11 10.1 8.6 8.8 4.5 -0.6 -0.6 -0.6 2.4 2.5 6.5 11.1 18.7 26.2 30.8 38.4 44.1 47.9 44.8 42.5 42 42.2 41.9 40.6 41.3 39.5 38.7 38.5 36 36.7 37.1 34.8 33.9 30 26.9 23.5 20.5 18 13.7 9.8 4.5 -0.6 -0.6 -0.6 -0.6 -0.6 -0.6 -0.6 -0.6 -0.6 -0.6 -0.6 -0.6 -0.6 -0.6 -0.6 -0.6 -0.6 7.2 12.7 15.1 18.3 23.9 28 32.3 36.4 39.1 45.5 54.3 61.5 66.6 70.6 72.2 71.4 68.2 63.6 59.1 55.5 53.8 52.3 52.1
-0.6 -0.6 -0.6 -0.6 -0.6 4.1 6.8 2.8 1.4 -0.6 -0.6 -0.6 -0.6 2.3 1.6 7.4 13.2 18.4 23.5 28.1 37.6 45.4 49.1 48.4 44.4 44.2 47.7 48.6 48.8 48.6 45.9 42.9 40.9 39 37.1 37 36.8 36.2 33.5 31.8 29.5 26.7 22 18.2 14.4 6.9 -0.6 -0.6 -0.6 -0.6 -0.6 -0.6 -0.6 -0.6 -0.6 -0.6 -0.6 -0.6 -0.6 -0.6 -0.6 -0.6 -0.6 5.8 13.4 16.8 19.9 23.8 28.7 34 38.6 42.6 48.2 54.3 60.7 67 71.6 73.5 70.4 66.2 61.8 57.1 53 51.6 49.5 47.8
-0.6 -0.6 -0.6 -0.6 -0.6 0 1.7 -0.6 -0.6 0.7 1 -0.6 -0.6 1.1 4.8 3.8 10.7 16.8 19.6 27.2 35.7 44.2 46.8 48.1 49.7 49.7 51.9 53.9 52.3 50.3 48.7 48.1 45.5 42 40.2 38.5 37.9 37.6 33.6 33.3 30.4 31.7 29.6 24.9 19.6 12.4 3.2 -0.6 -0.6 -0.6 -0.6 -0.6 -0.6 -0.6 -0.6 -0.6 -0.6 -0.6 -0.6 -0.6 -0.6 -0.6 -0.6 -0.6 12.2 17.8 22.3 25.2 27.7 34.2 39.3 45 52 57.1 62 67.3 71.1 71 66.7 60.3 57 53.2 50.6 48.1 43.8 42.1
-0.6 -0.6 -0.6 -0.6 -0.6 -0.6 -0.6 -0.6 1 3.2 3.8 -0.6 -0.6 3.6 6.7 6.7 6.9 12.4 21.1 28.9 36 40.5 46.3 47.1 49.1 54.8 54.1 55.1 56.4 55.1 53 50.2 46.2 43.7 43.5 41.3 39.6 37.2 35.1 35 32.6 35.9 33.9 29.5 24.1 15.5 6 -0.6 -0.6 -0.6 -0.6 -0.6 -0.6 -0.6 -0.6 -0.6 -0.6 -0.6 -0.6 -0.6 -0.6 -0.6 -0.6 -0.6 12.3 20.6 24.3 27.4 29.5 33.5 39 45.2 51.7 57 62.9 67.8 68.3 64.3 58.6 54.2 51.9 49.4 46.7 41.7 37.9 37.1
-0.6 -0.6 -0.6 -0.6 -0.6 -0.6 3.8 4.7 3.9 2.9 3.7 4.1 5.8 9.6 13.5 16 15.9 16 19.6 30 34.9 38.2 40.1 43.2 47.2 48.9 50.9 52.3 52 49.5 48.2 45.4 42 40.2 38.9 39.5 36.1 32.2 33.2 34.9 34.1 34.1 32.7 29.2 24.2 15.3 6.1 -0.6 -0.6 -0.6 -0.6 -0.6 -0.6 -0.6 -0.6 -0.6 -0.6 -0.6 -0.6 -0.6 -0.6 -0.6 -0.6 -0.6 14.6 20.9 24.1 25.6 32.1 36.5 42.1 45.6 49.8 55.6 61.6 66.3 62.6 56.9 52.8 50.4 47.1 44.5 42 35.3 32.2 31.8
-0.6 -0.6 -0.6 -0.6 -0.6 -0.6 2.2 5.1 7.2 6.6 3.9 6.2 10.1 14.8 15.4 19.6 24.1 26.6 30.1 32.6 37.4 41.3 38.7 39.3 43.3 44.2 44.3 44.6 44.2 43.1 42.9 38.6 35.2 33.5 32.6 32.7 31.3 31.1 31.8 34.1 33.7 32.3 29.4 25.1 19 10.3 -0.6 -0.6 -0.6 -0.6 -0.6 -0.6 -0.6 -0.6 -0.6 -0.6 -0.6 -0.6 -0.6 -0.6 -0.6 -0.6 -0.6 -0.6 -0.6 17.7 22.5 24.9 33.5 40.1 43.4 47.2 50.9 55.5 58.7 59.9 55 49.3 48.4 45.9 42.5 39.2 34.9 29.2 26 24.1
-0.6 -0.6 -0.6 -0.6 -0.6 -0.6 2.4 5.5 6.2 4.7 3 4.8 10.4 15.2 19.7 23.4 26.4 29.6 34.3 37.5 38.7 40.9 42.7 41.5 39.5 38.8 38.5 38.7 38 37.8 36.3 32.5 29.9 28.5 26.3 25.6 26.1 29.4 31.6 33 29.7 27.2 26.3 21.5 14.3 8 -0.6 -0.6 -0.6 -0.6 -0.6 -0.6 -0.6 -0.6 -0.6 -0.6 -0.6 -0.6 -0.6 -0.6 -0.6 -0.6 -0.6 -0.6 -0.6 17 23.6 29.8 31.1 34.1 37 41.8 49.8 55.7 58.5 51.7 48.4 46.3 44.2 40.3 35.9 33 28 23.7 20.8 17
-0.6 -0.6 -0.6 -0.6 -0.6 -0.6 3.2 1.8 2.8 2.1 2.3 3.2 9.7 18.6 24.3 28.9 33.9 37.9 38.2 40 41.8 44.4 47.6 46.2 42.9 38.8 38.1 37.6 36.1 36.1 32.7 31 28.1 25.3 21.9 21.3 22.8 22.8 26.2 28.5 25.6 26.4 21.5 16.8 9.3 -0.6 -0.6 -0.6 -0.6 -0.6 -0.6 -0.6 -0.6 -0.6 -0.6 -0.6 -0.6 -0.6 -0.6 -0.6 -0.6 -0.6 -0.6 -0.6 8.4 14.3 21.7 28 31.1 30.1 28.2 35.1 40.5 45.5 47.5 47.6 47 41.9 37.5 32.9 28.7 25.3 21.9 16.9 14.2 10.9
-0.6 -0.6 -0.6 -0.6 -0.6 -0.6 -0.6 -0.6 -0.6 1.2 1.9 4.4 9.3 15.9 24.5 28.4 31.9 34.2 39.3 43.9 45.9 46.7 48.3 46.8 41.9 39 39.9 37.1 33.3 31.2 29.6 25.9 21.9 16 14 16.8 18.7 22.2 27.3 24.4 18.3 16 13.4 8.9 -0.6 -0.6 -0.6 -0.6 -0.6 -0.6 -0.6 -0.6 -0.6 -0.6 -0.6 -0.6 -0.6 -0.6 -0.6 -0.6 -0.6 -0.6 -0.6 -0.6 12.3 16.1 19.8 24.6 27.7 23.8 21.4 25.9 31.4 31.6 41.1 41.9 38.9 33.8 29.3 24.8 19.2 16 13.6 9.5 6.1 4.7
-0.6 -0.6 -0.6 -0.6 -0.6 -0.6 -0.6 -0.6 -0.6 -0.6 3 4.1 10.4 18.2 20.2 22.4 26.7 33.8 40.2 46.5 50.4 52.4 52.7 48.3 42.8 37.3 36.9 33.5 29.9 26.4 22.4 17.4 12.4 6.9 6.2 9.9 14.5 17.6 23.4 20.7 14.8 11.4 6 -0.6 -0.6 -0.6 -0.6 -0.6 -0.6 -0.6 -0.6 -0.6 -0.6 -0.6 -0.6 -0.6 -0.6 -0.6 -0.6 -0.6 -0.6 -0.6 -0.6 -0.6 14.8 21.8 25.5 26.6 25.3 19.6 15.1 19 23.5 25.1 33 32.9 29.1 23.6 20.7 16.3 7.8 4.6 -0.6 -0.6 -0.6 -0.6
-0.6 -0.6 -0.6 -0.6 -0.6 -0.6 -0.6 -0.6 -0.6 -0.6 4.3 5.4 8.5 12.6 18.3 20.3 22.8 26.4 33.4 41.8 47.4 49.8 49.3 45.5 42.5 37.5 31.1 26.9 25 22 16.8 10.5 -0.6 -0.6 -0.6 -0.6 -0.6 -0.6 13.9 12 10.1 -0.6 -0.6 -0.6 -0.6 -0.6 -0.6 -0.6 -0.6 -0.6 -0.6 -0.6 -0.6 -0.6 -0.6 -0.6 -0.6 -0.6 -0.6 -0.6 -0.6 -0.6 -0.6 -0.6 21.6 33.1 34.7 29.2 20.9 14 10.1 12.8 15 17.5 21.4 20.9 17.1 13.3 11.6 8.4 -0.6 -0.6 -0.6 -0.6 -0.6 -0.6
-0.6 -0.6 -0.6 -0.6 -0.6 -0.6 -0.6 -0.6 -0.6 -0.6 3.7 8.1 10.9 12.7 16.8 17.7 19.5 20.4 26.4 36.7 39.2 40.7 42.8 43.3 39.5 33.7 31 24.2 21 20.9 13.4 -0.6 -0.6 -0.6 -0.6 -0.6 -0.6 -0.6 -0.6 0.1 -0.6 -0.6 -0.6 -0.6 -0.6 -0.6 -0.6 -0.6 -0.6 -0.6 -0.6 -0.6 -0.6 -0.6 -0.6 -0.6 -0.6 -0.6 -0.6 -0.6 -0.6 -0.6 -0.6 11.2 26 32.4 33.4 23.1 15.3 9.4 7 6 5.9 -0.6 11.3 8.9 -0.6 -0.6 -0.6 -0.6 -0.6 -0.6 -0.6 -0.6 -0.6 -0.6
