Game/Highland_Data/StreamingAssets/GeoData/Data/hu/HU25.asc
ncols 200
nrows 200
xllcorner 420000
yllcorner 1150000
cellsize 50
[rows 76 to 113 of 200, columns 85 to 169 of 200]
27.3 27.8 27.6 26 27.7 30 36.1 41.5 45.1 51.5 45.5 47.2 44.3 39.3 43.6 52.8 66.7 71.4 78 83.2 87.2 88.8 89.5 75 63.3 51.5 51.5 45.4 31.6 18.4 12.6 7.7 8.1 11 15.9 18.9 23 24.6 27.8 33.3 45.2 50.7 54.3 63.3 65.3 71.7 74.6 79.2 84.2 86.6 81.7 89.1 83.7 86.4 88.2 88.9 86.3 80.7 68 70.9 67.9 68.2 63.2 60 57.5 54.5 51.9 50.2 50.2 53.2 60.2 65.1 63.7 66.8 66.2 61 53.4 47.6 42 37.6 33.9 29.5 26.6 24.1 19.7
22.4 18 19.3 19.3 21 31.8 36.1 40.1 46.2 53.7 54.2 46.6 37.9 37.1 51.9 57.2 63.1 66.6 75.5 77.3 81.1 83.5 77.8 68.3 50.3 44.2 54 43.7 31 17.7 13.3 8 8.1 8.1 11.3 9.8 14.8 20 26.7 32.5 40.6 44.9 50.9 56 64.3 69.9 73.8 74.7 75 74.8 83.5 89.7 86.2 85.5 86.9 82.6 76.9 67.6 66.9 66.9 63.1 63.5 64.8 64.8 61.8 57.3 53 51.5 49.7 50.8 56.8 60.4 61 59.7 61.3 57.3 52.5 49.7 45.7 37.7 36.2 31.7 26.3 22.7 22.4
12.2 11.7 9.8 15.3 20.6 28.8 37.3 42.4 49 55.3 49.5 44 40.5 38.8 49.1 54.5 59 67.3 74.5 74.6 79 75.4 66.8 53.6 43.1 43.5 45.7 43.7 28.2 19.9 16.4 9 8.1 8.1 8.1 8.1 10.6 17.5 21.6 26.5 31.4 42 49.6 57.9 62.5 68.6 69.6 68.1 69.1 69.7 77.9 82.6 81.4 79.4 77 70 63.9 62.6 66.9 66.8 65.2 64.2 64.2 66.5 66.4 58.5 54.3 52.5 46.7 45.2 48.6 50.2 52.9 53.9 54.2 55.5 53.6 51.2 47.8 39.2 37 36.8 29.2 28 21.9
1.6 1.5 6.7 9 16.4 26.4 33.8 39.6 46.2 48.8 38.9 37 35.5 40.3 52.4 54.8 61.9 65.1 67.3 73.7 72.6 68.9 62.3 49.8 42 39.5 40.2 35.3 27 20.8 23 10.3 8.1 8.1 8.1 8.1 12.6 14.4 18.2 26.8 36.2 40.5 42.9 52.1 56.9 60.9 65.3 63.1 57.9 66.5 69.9 71.5 69.9 68.9 66.2 61.4 59.6 63.9 62.9 66.5 64.9 63.7 65.1 66 63.1 56.8 54.7 50.3 45.1 40 43.3 45.6 49.3 50.6 50.3 53.1 54 51.5 46 40 35.3 32.3 27.7 27.1 21
1.4 1.4 1.4 1.4 8.6 20.3 26.1 35.1 38.9 36.7 35.4 32.4 32.1 38.6 46.9 50.9 61.3 66.2 68 67.7 63.4 60.6 52.2 43.9 38.5 39.8 38.1 34.7 29.9 23.5 15.8 9.3 8.1 8.1 8.1 8.1 15.1 17 19.9 28.6 30.7 36.6 42.4 47.3 48.5 56.7 62.1 55.9 56.3 55.7 58.2 56.5 57.7 60.2 57.8 55.4 55.8 59.6 61.4 63.7 67 63.7 65.2 60.4 56.4 50.3 42.5 38.6 38.6 38.6 38.6 43.2 43.4 45.3 46.3 48.6 50.7 47.3 44.5 38.1 30.7 27.6 25.2 23 20.2
1.4 1.4 1.4 1.4 11.3 18 24.5 27.6 29 31.2 31.4 38.3 29.6 30.5 39.2 44.1 52.4 65.2 62.4 57.9 56.4 43.3 43.3 39.4 33.7 36.9 36.1 34.7 32.2 22.6 14.9 8.1 8.1 8.1 8.1 7.8 16.2 26.8 31.5 29 29 31 33.9 37.9 43.1 48.8 53 50.9 47.5 47.6 48 46.2 49.9 52.4 52.4 51.7 55.6 57.4 60.3 65.8 66.8 62.6 62 56.6 47.7 38.8 38.6 38.6 38.6 38.6 38.6 40.1 41.9 45.1 45.5 45.2 45.5 38.8 37.2 34.6 32.3 29.1 23.8 21.3 16.8
1.4 1.4 1.4 1.4 3.2 14.3 19.4 22.4 27.9 29.9 29.7 31.1 28.8 28.4 41.2 39.5 43.7 49.3 51.1 53.9 43.2 38.2 37 35.6 28.6 33.5 31.7 31.5 30.4 25.6 12.9 8.1 8.1 8.1 8.1 7.6 15.6 33.8 31.1 29 29 29 29 36.8 36.6 37.6 47.3 49.7 46.6 44.5 43.7 41.7 41.3 44.9 44.9 49.6 50.2 55.8 55.1 60.5 61.3 55.9 53.6 47.5 41.9 38.6 38.6 38.6 38.6 39.9 41.8 45.3 45.9 46.5 41.4 40.9 39.8 39.9 39.2 36.3 33 27.5 22.5 17.3 14
1.4 1.4 1.4 7.3 6.9 6.7 15.4 24.1 26.4 26 25.2 25.3 25.1 30.7 39.1 36 34.4 45.4 54.7 47.1 33.3 35 35.9 35.2 27.7 28.5 28.1 29.2 25.8 25.9 14.5 12.5 8.1 8.1 8.1 8.1 16.2 30.2 29 29 29 29 29 30.3 31 30.7 39.9 44.5 43.4 43 41.4 40.7 39.8 40.4 41.7 46.1 45.4 49.8 55.1 53.7 48.7 48.4 46.5 39 38.6 38.6 38.6 38.6 38.6 41.4 42.4 43.9 42 41.2 44.7 43 41.9 41.7 40.6 36.6 32.5 25.9 20.6 15.1 10.1
1.4 7.1 18.3 18.1 13.1 18.4 15.7 20.7 21.1 21.9 22.8 24.3 28 25.3 27 29.1 24.9 46.3 43.2 34.4 27.4 34.9 40.8 36.1 26.1 26.9 30.6 25.6 27.6 26.6 16.9 8.2 8.1 8.1 8.1 6.9 17.1 31.1 29 29 30.8 29.1 33.9 31.4 30.2 32.4 35.4 36.1 38 38.7 38.7 39 36.6 39.6 43.1 45.9 45.9 47.1 49.9 48.2 46.5 40.7 38.8 38.6 38.6 38.6 38.6 38.6 42.8 45.4 45.8 47.8 49.3 49.7 48.8 44.7 43.7 42.6 41.9 38.9 30.7 24 19.1 13 8.9
12.8 18.2 26.8 28.6 27 18.8 18.9 22.9 26.5 25.2 29 27.4 22 28.7 28.7 28.7 28 30.7 30.2 28.7 26.1 34.4 42.5 42.6 26.6 26 27.3 25.7 28.1 20.5 11.8 8.1 8.1 8.1 8.1 13.4 23.2 32.3 33.7 38 36.1 36.7 34.9 33.9 31.6 37.3 38.6 43.5 39.8 38.7 38.7 38.7 40 38.7 42.8 45 46.5 44.3 45.6 41.8 38.6 38.6 40.4 38.8 38.6 38.6 38.6 42.1 47.4 50.1 50.8 52.7 52.9 52.2 49.7 47.9 46 43.8 41.1 36.9 30.1 21.1 16 13.6 13.3
24.1 27.4 33.6 37.6 34.5 26.4 25.6 31.5 29.7 29 24.4 27.8 29.4 28.7 28.7 28.7 28.7 28.7 28.7 28.7 27.5 36.8 44.7 44.1 29 29.6 28.6 26.2 20.8 17.2 9.2 8.1 8.1 8.7 15.1 26.6 29.7 36.4 33.7 35.8 36 36.9 36.1 31.8 32.5 37.7 47 53 44.3 38.5 39.9 38.7 38.7 38.7 42.1 44.4 45.1 41 38.6 38.6 38.6 39 42.6 42.1 40.6 40.2 41 42.9 49.7 53.5 55.2 54.3 55.5 55.1 54.4 51.3 48.8 46 42.5 36.5 29.6 25.9 22.3 22.2 20.1
33 36.7 42.5 44.9 44.3 41.8 32.3 38.9 40.4 25.6 24.4 28.8 25.7 28.7 28.7 28.7 28.7 28.7 28.7 28.7 34.4 39.1 41.6 38.7 29.4 28.4 28.7 23.9 14.7 12.4 7.9 8.1 13.5 12.8 23.3 35.2 41.2 41.9 43.2 41.7 37.1 35.4 33.2 31.5 30.9 42.6 48.4 49.9 43.4 41.1 42.6 39.4 38.7 38.7 38.5 44.6 41.6 39 38.6 38.6 38.6 42.5 43.2 45.3 47 47.2 49.2 48.4 45.7 52.3 57.4 57.3 55.8 56 57.2 56.2 50.9 47.7 42.7 38.1 33.5 28.9 27.7 26.2 23.4
38.2 51.6 51.4 52.6 48.3 42.4 37.6 41.6 44.6 33.4 30.5 25.1 27.6 28.7 28.7 28.7 28.7 28.7 28.7 26.7 35.7 42.1 38.5 34.4 30 29 27.4 26.7 14.8 14.8 8.1 8.1 6.7 17.9 31.9 38.2 42.9 47.1 44.7 38.2 33.3 33.3 36.1 34.2 34.4 36.9 42.6 42.7 41.6 39.7 43.2 46.7 38.7 38.7 38.8 40.6 39.4 40.3 42.7 43.9 45.6 50 52.5 54 57.7 57.9 56.8 54.6 55.2 49.1 50.3 52 54.5 58.2 59.7 58.5 54.4 49.4 43.6 39.3 33.8 32.4 26.8 25.9 24.4
41.3 58.6 60.1 61.1 62 52.7 43.2 37.7 36.3 34.9 30.7 34.2 27.1 22.8 28.7 28.7 28.7 28.7 28.7 28.6 36.4 40.8 36.9 35.8 29.7 29 27.1 19.7 15.3 11.6 8.2 8.1 12.9 20 26.3 32.9 41.8 43.4 40.5 36.4 29.5 32.2 36.5 39.9 39.4 34.7 37.5 46.7 48 43.7 44.9 47.1 44.4 40.2 38.7 38.7 43.5 47.3 54.5 58.5 55.6 54.8 59.6 60.2 62.2 60.9 59.5 58.4 52.3 48.7 46.2 47.3 48.8 55 57.1 54.7 50.8 46.4 40.8 37.4 34.5 29.5 24.1 24.2 25.1
50.1 57.1 65.1 65.6 68.4 64.1 52.6 39.1 37.8 36.3 38.9 33.9 28.2 24.9 28.7 28.7 28.7 28.7 26.4 31.6 37 37.7 36.5 35.3 33 29.7 33.4 26.8 24.7 15.3 8.6 8.1 7.6 21.7 24.8 30.8 39.2 36.6 32.3 26.6 31.4 33.9 37.6 45.2 45 33.6 34.5 39.1 42.7 38 47.1 49.1 47.2 41 38.7 42.1 49.9 55.8 59.7 62.5 60.5 58.8 59.8 60.6 61.6 60 53.7 49.2 46.7 43.3 43.1 39.8 42.2 45.9 49.2 46 42.3 39.3 35.1 30.9 30.4 24.1 22.2 25.8 22.6
53.1 65.9 66.9 75.9 69.3 65.2 60 43.3 45.5 44.7 39.7 30.1 28.9 28.7 28.7 28.7 28.7 28.7 34 33.2 35.2 38.2 35.2 38.1 35.2 29.7 35.6 39 29.4 13.2 8.1 8.1 8.1 8.4 21.6 25.9 26 28.6 23.4 26.2 27 28.2 34.2 34.3 29.5 26.6 29.9 36.1 33.2 29 39.6 43.5 40.5 38.9 41.6 42.5 52.6 56.1 59.7 61.6 64 60.8 56.9 55.6 52.5 49.1 44.5 43.2 43 41.6 40.2 38 38.2 37.9 35.9 33.5 29.9 30 26 24.5 24 21.9 22.4 27 23
59.9 68.8 74.5 83.5 77.8 73.7 62.1 51.6 49.2 52.7 42.5 36.2 29.4 27.5 26.7 28.7 28.7 33.5 33.4 39.6 42.9 40.2 32.9 31.7 33.6 27.8 33.3 32.7 28.4 13.4 8.1 8.1 9.1 9.5 12 18.6 20.7 22.8 15.4 19 18.9 19.1 18.3 16.3 14.6 15.5 18 24.3 22.4 24.9 33.3 36.6 41 48.2 49.9 49.2 48.9 51 60.1 61.6 58.3 53.8 50 45.8 45.4 44 43.5 42.5 40.9 39.6 36.9 36.8 36.7 34 28.7 21.8 19.5 17.1 17.1 20.1 20.5 20.8 20.9 25.5 20.9
65.5 75.7 76.1 80.5 79.5 77.4 72 62.7 60.1 65.5 52.7 40.3 32.1 27 26.3 28.7 28.1 32 37.6 43 46.8 44.9 40.2 33.7 27 26.2 27 27.4 23.8 12.5 8.1 8.1 7.6 10.3 10.7 9.6 9.3 8.1 8.1 8.1 7.9 7.2 7.6 8.5 8.8 14.1 17 18.1 22.9 29.3 32.5 37.7 46.6 49.6 49.6 48.6 51.4 48.4 49.9 46.8 49.1 47.9 44.3 43.3 41.4 40.6 41.4 40.7 39.4 38.4 36.7 35.9 35.6 32.5 24.2 20.3 16.6 17.1 18.6 20.2 20.5 18.8 20.4 22.7 18.6
70.5 80.1 78.5 79.8 79.2 81.8 77.3 67.6 67.5 65.2 46.7 41.8 36.5 33.9 28.7 28.7 30.3 31.8 45 50.3 56.4 52.7 47 36 31.9 26.3 25.4 30.2 25.7 15.7 8.1 9.7 8.3 8.1 6.4 8.1 8.1 8.1 8.1 8.1 8.1 8.1 9.2 8.9 8.6 15.6 17.4 23 21.5 23.8 29 36 47.8 53.1 52.7 47.8 44.6 38.9 41.1 42.4 44.1 42.2 41 38.9 39 37.9 38.1 38.9 38.5 37.1 38.1 37.6 32.5 27 24.6 17.7 16.9 18.1 19 17.8 18.9 17.4 19.5 19.8 15.4
72.6 79.1 78.7 83.3 79.5 85.6 81.3 79 66.8 52.2 49.7 44 43.8 34.2 26.7 28.4 37.4 40.6 46.9 56.1 59.6 61.2 55.8 38.3 39.4 36.7 26.3 25.9 23.9 16.6 8.1 8.1 8.1 8.4 8.1 8.1 8.1 8.1 8.1 8.1 8.1 8.1 8.1 8.1 8.1 8.5 12.7 16.3 16.7 20 28.6 38.9 45.1 46.3 42.9 37.7 36.2 37.1 38.1 39.4 41.7 38.9 37 34.9 33.2 33.9 33.7 35.5 38.8 40.4 40.6 36.8 30.4 22.7 18.3 16.3 18.1 15.9 16.8 17.3 19 17.9 18.7 18.2 14.7
78.6 76.8 80.1 80.8 80.7 82.2 82.5 72.4 62.5 59.4 51.3 49.8 42.4 30.8 29.3 36.9 40.8 41.8 47.3 55.9 54.6 50.1 51.6 38.6 38.7 40.9 34.9 28.7 20.7 9.3 8.1 8.1 8.1 9.1 11.6 11.1 8.1 8.1 8.1 8.1 8.1 8.4 7.4 6.6 8.6 8.3 12.3 13 19.8 23.9 32.5 34.9 37 33.9 33.9 29.5 31.5 28.9 30.6 32 32.1 30.4 28.5 28.8 28.5 28.7 31.3 34 38 40.6 38.5 31.8 23.8 20.8 17 16.1 18.1 16.7 16.6 17.5 18.8 16.5 16.9 13.5 11.6
76.6 76.1 84.2 86.4 80.3 77.6 77.3 71.9 66 63.9 54.5 51.5 39.3 37.7 31.6 38.3 44 40.1 43.4 45.1 49 49 51.5 39.4 45.9 48.8 43.7 30 22.6 9.4 8.1 8.1 8.1 13.7 13.8 8.1 8.1 8.1 8.1 8.1 8.1 8.1 8.2 8.2 8.1 8.1 14.6 15.7 18.6 23.6 23.8 26.4 27 26.4 25.6 22.4 23.5 22.4 24.6 25.5 26.3 25.9 24.6 25.7 26.1 26.6 29 32.4 34 34.3 31.7 26.6 22.1 19.3 18.4 17.6 18.1 18 17.6 17.2 19.4 18.1 17 16.8 10.6
75.1 78.2 85.3 85.4 79.6 77.3 75 73.3 69.6 70.1 56.8 46 47 45.2 35.4 36.9 37.2 41.8 44.2 50.5 49 51.6 50.2 42.7 47.7 50.2 53 34.1 27.4 13.2 8.1 8.1 9.7 9.7 8.1 8.1 8.1 8.1 8.1 8.1 8.1 8.1 8.1 8.1 8.1 9.2 14.4 14.8 16.3 22.2 23.8 23 18.8 18.9 21 20.3 20.5 20.4 21 24.5 23.3 24.6 25.7 24.5 26.2 25.1 25 28.5 27.9 24.8 22.7 20.7 19 19 19 17.7 17 18.1 16.4 18.1 16.9 18.1 15.6 15.9 11.6
74.8 81.5 83 81.3 79.8 77.8 77.1 73.2 70 74.2 60.1 49.4 54.2 49 45.8 43.6 38 41.3 46.2 51 50.6 56.3 50.7 46.8 46.6 47.6 49.5 39.2 27.2 11.5 8.1 8.1 8.1 8.1 8.1 8.1 8.1 8.1 8.1 8.1 7.8 8.1 8.1 8.1 8.1 7.4 9.4 17.1 14.9 18.4 19.3 18.7 19.4 16.1 18.2 19 19 19.5 20.6 22.2 22.6 21.6 21 23.4 25.2 25 23.6 22.5 23.7 17.9 19 19 19 19 19 20.6 18.2 18.1 18 18.1 18.1 17.3 17.8 19.1 18.6
82.1 82.7 76.6 78.8 76.2 77.9 74.5 72.3 68.4 62.4 54.1 51.5 59.4 55.2 54.5 55.2 45.8 55.1 57.2 49.1 57.8 70.5 52.5 50.2 47.5 41.9 36.9 33.8 23.5 11.9 8.1 8.1 8.1 8.1 8.1 8.1 8.1 8.1 8.1 8.4 8.1 8.1 8.1 8.1 8.2 11 13.9 18.9 18.9 18.9 11.7 11.6 18 16.3 17.8 20 19 18.8 17.7 20 20.2 20 19.9 22.4 23.2 25.4 25.7 23 19.1 17.3 19 19 19 19 19 18.6 20.3 18.1 18.1 18.1 17.1 17.8 17.1 19.2 27.8
82.6 81.6 72.2 75.7 76.7 74.5 71.7 70.4 65.8 59.3 52.8 53.6 56.5 58.9 61.6 62.4 58.4 61.2 59.6 58.3 63.2 69.6 61.2 50.9 45.1 41.4 39.3 29.9 19.5 6.4 8.1 8.1 8.1 8.1 8.1 8.1 8.1 8.1 7.9 8.1 8.1 20.3 17.8 13.8 15.5 14.7 18.9 18.9 18.9 15.7 15.2 16.8 14.6 18 17.5 16.5 18.7 19 17.5 19.9 20 20 21.8 22.2 23.8 26.2 27.2 20.9 18.2 17.3 19 19 19 19 18.4 18.2 17.1 17.4 17.8 16.9 16.6 18.5 17.3 21.2 26.4
83.4 72.3 69.2 71.6 73.5 73.6 70.3 62.6 60.6 59.7 60.3 58 60.3 66.1 65.6 68.5 65.1 69.1 64.3 67.4 66.9 66.8 59.7 48.5 41.4 41.3 36.1 30 23.9 8.1 8.1 8.1 8.1 8.1 8.1 8.1 8.6 12.3 14.2 12.5 20.7 26.3 26.5 24 21.5 20.9 18.2 12.1 15.1 15.2 16.5 17.9 16.2 18 18 18 18.5 17.6 19 20 20.2 20 22 23.9 25.3 27.3 30.7 23 17.7 17.6 20.1 19 19.1 21.3 21.7 20.4 18.9 17.2 17.8 19.2 18.4 20.8 19.1 22.2 27.7
78 75.7 70.5 67.8 68.6 65.9 61.7 58.9 57.1 58.2 61.8 64.3 66.2 72 72.5 70.6 75.6 68.6 67 68.8 64.4 64.4 56.1 46.1 40.4 36.6 37.6 28.2 27 7.1 8.1 8.1 8.1 8.1 7.4 13.3 16.1 18.8 18.8 26.6 29.4 30.6 31.2 28.7 28.9 27.8 27 23.3 18.3 14.7 18 18 18 18 18 18 15.9 17.6 16.5 16.6 19.4 22.8 22.6 24.9 25.7 27.8 35.1 28.7 18.9 20.3 19.1 17.8 19.7 23.1 25.3 22.3 20.4 17.8 18.3 18.2 17.5 18.3 19.6 23.5 29.4
70 66.7 66.6 68 68.8 69.9 60.5 57.5 56.1 56.3 58.7 66.5 69.7 74.4 76.2 72.7 73.7 65.7 60.5 60 55 49.1 45.3 41.4 37.9 30 25.8 24.4 25.5 12 7.5 8.1 8.5 10.6 14.3 17.9 21.2 24.8 30.1 34.3 35.3 35.9 34.8 32.9 32.7 31.5 34.4 27 21.5 19.1 14.6 18 18 18 18 18 18 15.6 17.1 17.9 20 21.6 28.8 27.9 31.2 32.3 29 22.6 24.2 22.6 20.3 21.5 23.4 26.8 26.8 24.8 25.4 19.8 17.8 18.5 16.8 18.2 20.2 24.2 28
68.7 68.7 64.8 65.4 67.8 65 58.2 56 55.7 51.4 52.9 63.6 71.1 74.5 78.9 66.5 63.4 58.1 53.8 52 49.2 44.1 37.8 31.8 31 27.1 24.3 23.5 20.3 8.7 10.7 14.5 14.5 15.8 18.6 22.1 30.2 33.1 34.3 37.6 36.3 36.4 36 35.5 34.2 37.2 36.5 35.5 23.4 18.9 17.4 18 18 16 18 18 18 14.3 16.7 18.7 20.5 25 32.9 36.3 39.7 39 28.1 24.5 29.8 27.2 27 26.1 29 30.2 27.3 25.7 25.1 23.3 18.8 17.8 16.6 17.7 22.9 26.7 27.1
68.7 68.7 67.9 62.7 63.1 61.9 59.5 56.6 52.9 45 42.8 48.1 61.5 66.6 60.2 55.6 53.5 50.8 51.5 54.8 53 40.1 29.3 25.5 23.6 21.7 17.8 18.4 16.5 12.6 10 16.4 15.6 22.4 27.7 32.4 36.1 39.8 39.7 39 39 39 36 38.5 37.4 38.2 39.6 37.7 28.7 19.2 20 20.2 17.3 17.1 18 18 18 17.8 16.4 19 20.4 26.8 34.7 40.3 40.6 36.2 31.5 29.3 33.2 32.9 35.1 31.2 32.6 35.6 30 26.5 26.6 24.5 22.9 18 16.5 19.2 22.1 27.2 26.6
68.7 67.9 63.1 64.2 65 57.7 56.9 53.2 44 38.8 36 34.7 35.6 42.6 45.2 45.8 50.3 53.3 46.1 42.6 37.2 31.1 28 24.1 20.8 18.2 15.6 15.3 15.4 12.5 11.7 15.9 24.7 23.9 31.5 36.6 38.2 38.3 39 39 39 39 36.9 40.1 40.1 42.1 40.4 39.7 33.1 20.1 20.4 23.7 17 15.3 17.9 18 18 18 17.2 22.7 26.3 30.9 37.1 42.3 39.6 43.3 37 34.1 36.6 35.4 36.2 35.1 37.2 37.8 34.6 28.7 27.6 26.5 23.2 18.4 16.8 18.8 23.4 24.9 23.9
62.1 64.9 64.5 60.4 53.8 51.5 45.9 44.6 39.4 36.8 33.8 33.3 34 36.5 40.2 38.9 36.7 35.4 35.4 31.3 28.7 27.2 25.6 23.3 22.6 15.5 15.2 13 14.3 18.7 24.4 30.7 30.8 28 31.8 38.1 37.4 39 39 39 34.7 37 37.5 35.2 39.3 43.7 43.7 40.3 33.7 22.5 22.4 23.8 18.1 15.5 17.8 18 18 18 13.6 22.3 31 34.6 40.2 41 39.5 46.6 40.6 41.1 36.6 38.3 41.9 43.2 45.8 41.2 37.2 31.4 28.8 26.8 22.3 21 16.2 17.5 21.7 22.2 19.5
61.9 63.3 65.9 65.5 50.8 46.4 39.6 39.1 39.3 37 35.2 34.1 32.7 35.2 37.9 37.3 32.2 30.8 29.1 26.7 25.6 25.1 27 24.8 19.4 16 14.9 17.5 25.7 31.5 33 33.4 32.3 29.7 31 34.2 38.9 39 39 39 35.2 37.2 39 39 39.4 44.2 46.7 41.9 36.5 37.2 24.2 25.8 22.7 19.5 18.2 17.8 18 18 14.9 24.1 32.9 36.1 42.4 49.6 48.6 47.3 42.5 44.7 39.6 41.2 47 50.6 52.2 54.5 43.1 33.6 29.4 26.2 25.9 22.7 13.6 13.4 15 17.9 17.5
65.2 63.1 63.2 60.1 48.8 45.8 41.7 40.4 35.2 36.1 35.9 38.5 38.5 38.5 38.5 38.5 31.2 32.8 33.3 31.3 30.2 30.4 27.1 21.7 18.8 15.3 16.1 24.8 30.1 33.6 35.1 34.3 35.7 34.8 33.4 37.5 39 39 39 34.9 38 37 38.6 35.8 38.8 43.4 50 46.7 39.1 41.3 32 25.4 25.5 26 20.8 17.7 13.4 13.6 14.7 26.7 34.4 39.5 42.6 48.1 55.5 51.5 45.8 46.4 42.8 43.3 49.9 56.2 56 59.4 48.4 38.3 32.1 29.9 25.4 21.4 14 11.8 9.7 9.8 8.4
68 64.8 57.2 48.3 45.9 48.1 46.3 42.4 36.3 37.6 38.5 38.4 38.5 38.5 38.2 36.3 39.6 37.5 39.5 35 34.8 30.9 30.5 27.8 22 15.7 20.2 27.7 32 36.9 35.9 34.8 36.9 39.7 39.1 37.4 36.7 37.6 38.3 39.3 40.9 38.8 38.5 40.9 41.9 45.3 52.2 53.6 41.7 41.8 36.1 25.7 26.5 26.8 19.7 16.4 16.4 19 16.8 25.9 34.7 42.4 47.6 46.6 54.2 54.3 49.7 50 48.2 45.8 51.6 60.8 60.5 62.3 49.7 41.9 36.7 32.2 29.1 23.2 18.5 12.8 9.2 8.5 6.2
66.3 60.2 49.6 43.9 41.3 39.6 33.3 38.5 38.5 38.4 38.5 38.5 38.5 38.5 36.5 34 38 37.4 35.5 34.6 34.8 32.9 31.9 30.6 17 18.4 22.4 28 33.9 37.3 35.8 35 37.9 43.1 43.3 42.4 41.1 39.4 42.4 41.6 46.5 40.9 40.9 43.2 44.5 46.4 54.1 56.6 45.5 43.6 34.5 28 28.3 30.9 24.7 20 19.4 21.3 20.4 26.1 34.3 42.6 54.1 59 57.3 56.5 53.1 51.3 52.2 48.4 54.1 63.2 64.1 62.6 52.4 43.4 40.7 36.1 30.8 24.1 19.9 14.2 9.4 6.5 5.5
51.6 50.7 48.5 40.5 33.5 32.4 38.5 32.9 34.9 34.3 38.5 38.5 38.5 38.5 38.5 33.4 32.9 33.5 31.8 28.5 30.7 30.8 31.2 33.4 22.9 17.1 21.3 25.4 31.9 32.5 34.7 35.3 38.8 42.4 43.9 45.3 47.8 45.2 42.2 41.7 47.4 44.8 42.9 44.7 46.8 49.8 53.7 56.3 46.9 46.4 40.5 32.4 31.1 34.5 28.8 25.4 24.9 24.3 25.4 31 37.3 43.8 54.5 62.2 67.4 55.5 53 52.9 52.8 49.5 52.9 61.6 66.1 67.6 52.2 47.2 45.4 41.7 32.7 27.2 22.7 19.3 14.9 8.2 8.2
