Game/Highland_Data/StreamingAssets/GeoData/Data/hu/HU27.asc
ncols 200
nrows 200
xllcorner 420000
yllcorner 1170000
cellsize 50
[rows 0 to 37 of 200, columns 0 to 83 of 200]
-0.9 -0.9 -0.9 -0.9 -0.9 -0.9 -0.9 -0.9 -0.9 -0.9 -0.9 -0.9 -0.9 -0.9 -0.9 -0.9 -0.9 -0.9 -0.9 -0.9 -0.9 -0.9 -0.9 -0.9 -0.9 25.6 24.8 21.7 17.6 13.4 11.2 11.2 11.2 11.8 15.9 28.3 40 44 46.7 46.5 45.1 40.7 39.1 37.5 34.9 35.2 37.2 38.1 39.1 38.6 39.6 38.8 33.1 26.1 24.1 30.3 36.3 32.7 25.8 24.5 22.8 25.7 28.8 27.2 24.1 19.7 9.8 -0.9 -0.9 -0.9 -0.9 -0.9 -0.9 -0.9 -0.9 -0.9 -0.9 -0.9 -0.9 2.1 15.1 24.4 27.8 28.4
-0.9 -0.9 -0.9 -0.9 -0.9 -0.9 -0.9 -0.9 -0.9 -0.9 -0.9 -0.9 -0.9 -0.9 -0.9 -0.9 -0.9 -0.9 -0.9 -0.9 -0.9 -0.9 -0.9 -0.9 -0.9 -0.9 24 18.1 14.2 12.7 11.2 13.2 13.1 12.6 17.3 27.4 38.8 44.2 46.1 47.7 46.1 41.1 40.1 38.2 37.5 38.5 40.5 42.7 42.7 42.2 41.4 41.1 35.8 28.7 27.1 34 40.4 36.5 28.4 24.1 23.7 25.3 29.4 31.4 29.4 24.9 16.6 -0.9 -0.9 -0.9 -0.9 -0.9 -0.9 -0.9 -0.9 -0.9 -0.9 -0.9 -0.9 11.4 17.5 27.5 31.6 31.8
-0.9 -0.9 -0.9 -0.9 -0.9 -0.9 -0.9 -0.9 -0.9 -0.9 -0.9 -0.9 -0.9 -0.9 -0.9 -0.9 -0.9 -0.9 -0.9 -0.9 -0.9 -0.9 -0.9 -0.9 -0.9 -0.9 21.1 18.4 13.4 11.5 13.7 17.3 17.9 14.4 18.1 27.7 38.3 42.2 44.7 47.2 45.6 41.4 42.1 40.2 40.5 43.4 44.2 46.3 47.5 47 43.9 43.4 38.5 31.3 31.5 37.1 42 40.2 34.6 29.6 25.6 26.1 31.5 34.9 32.8 30.1 22.4 10.1 -0.9 -0.9 -0.9 -0.9 -0.9 -0.9 -0.9 -0.9 -0.9 -0.9 5.6 11.9 20 28 34.2 34
-0.9 -0.9 -0.9 -0.9 -0.9 -0.9 -0.9 -0.9 -0.9 -0.9 -0.9 -0.9 -0.9 -0.9 -0.9 -0.9 -0.9 -0.9 -0.9 -0.9 -0.9 -0.9 -0.9 -0.9 28.6 27.7 20.8 18.7 13.8 12.8 15.7 18.8 24.3 22 17.1 27.8 34.9 39.5 41.2 44 42.8 42.8 43 44.6 46.2 47.9 48.7 50.2 51.6 50.4 46.7 44.5 39.4 33.8 35.6 40.7 43 44.1 40 38.5 35.2 30.7 32.2 34.9 34 32.6 29.5 17.4 -0.9 -0.9 -0.9 -0.9 -0.9 -0.9 -0.9 -0.9 2.7 6.8 8.3 13.2 20.4 28.1 33.3 34.7
-0.9 -0.9 -0.9 -0.9 -0.9 -0.9 -0.9 -0.9 -0.9 -0.9 -0.9 -0.9 -0.9 -0.9 -0.9 -0.9 -0.9 -0.9 -0.9 -0.9 -0.9 -0.9 -0.9 -0.9 11.7 28.4 22.9 18.3 15.3 17.3 17.1 21.2 26.3 22 19.9 27 32.4 36.6 38.8 41.9 42.5 43.2 44.5 47.7 50.4 53.5 54.7 53.2 52.6 50.5 45.6 43.3 38.4 37.2 39 44.6 44.7 45.1 47.5 44.9 41.9 37.4 34.1 35.3 35.4 33.2 30.4 21.5 -0.9 -0.9 -0.9 -0.9 -0.9 -0.9 -0.9 -0.9 -0.9 6.8 8.3 13.7 19 23.7 29.7 33.6
-0.9 -0.9 -0.9 -0.9 -0.9 -0.9 -0.9 -0.9 -0.9 -0.9 -0.9 -0.9 -0.9 -0.9 -0.9 -0.9 -0.9 -0.9 -0.9 -0.9 -0.9 -0.9 -0.9 -0.9 -0.9 24.7 22.3 15.6 17.4 20.2 21.7 23.4 24.4 23.4 21.3 27.2 30.6 34.8 36.2 40.1 42 44.2 48.2 51.1 55.2 57.6 59.4 57 53.6 50.2 45.9 43.5 39.5 40.3 42 46.2 49.4 48.8 50.8 50.6 47.7 44.2 37.5 37.9 37.7 34.4 29.4 22.9 9.8 1.9 -0.9 2.4 4.2 7 12.4 -0.9 5.7 11.6 11.9 13.2 17.5 20.6 27.5 32.3
-0.9 -0.9 -0.9 -0.9 -0.9 -0.9 -0.9 -0.9 -0.9 -0.9 -0.9 -0.9 -0.9 -0.9 -0.9 -0.9 -0.9 -0.9 -0.9 -0.9 -0.9 -0.9 2.2 -0.9 -0.9 12 21.7 16.3 18.1 22.1 26.9 24.3 24.6 24.3 22.1 24.7 31.2 33.3 34.2 36.7 41.8 44.5 49 53.8 56.5 58.9 59.9 57.6 56 53.2 46.4 42.8 40.6 42.5 45.1 48.2 52.1 51.3 52.6 55.5 54.6 50.3 42.9 40.9 39.8 37 29.6 22.4 11.2 4.3 -0.9 5.5 9.2 9.9 12.8 8.1 12.5 15.9 16.5 16.6 22.5 26.4 29.7 31.2
-0.9 -0.9 -0.9 -0.9 -0.9 -0.9 -0.9 -0.9 -0.9 -0.9 -0.9 -0.9 -0.9 -0.9 -0.9 -0.9 -0.9 -0.9 -0.9 -0.9 -0.9 -0.9 -0.6 -0.9 2.3 26.8 18.3 16.6 17.5 21.4 29.9 28.3 27 26.9 26.1 26.8 28.6 31.4 32.8 36.7 41.5 44.3 49.4 52.5 53.8 57.4 59.8 56.8 55.4 53.1 48.8 42.7 41.5 42.6 47.7 49.6 50 50.5 54.2 57.4 59 54.4 48 43.4 42.5 39.6 32.4 22.2 14.7 7.5 6.2 8.6 10.3 14.3 14.8 12.1 18.7 22.8 25.7 25.2 26 31.1 33.5 32.1
-0.9 -0.9 -0.9 -0.9 -0.9 -0.9 -0.9 -0.9 -0.9 -0.9 -0.9 -0.9 -0.9 -0.9 -0.9 -0.9 -0.9 -0.9 -0.9 -0.9 -0.9 -0.9 -0.9 -0.9 29.4 25 18.6 17 18 23.7 29.2 30.3 30.4 32.5 31 31.2 31.4 31.5 33.1 37.2 39.2 43.3 47.3 49.6 51 53.7 55.4 56.4 53.2 52.1 49.7 43.9 41.9 43.2 48.6 48.8 47.1 50.4 54.4 56.4 58.2 56.8 51.9 45.5 44 41.1 34.4 24.5 15.2 9.7 6.4 11.1 13.2 15.8 16.2 15.3 22.1 28.4 33.6 35.2 32.9 34.8 36 33.7
-0.9 -0.9 -0.9 -0.9 -0.9 -0.9 -0.9 -0.9 -0.9 -0.9 -0.9 -0.9 -0.9 -0.9 -0.9 -0.9 -0.9 -0.9 -0.9 -0.9 -0.9 -0.9 -0.9 18.7 29.7 26 20.9 17.4 17.8 26.4 27.2 29.4 32.5 38.5 35.5 35 33.1 31.8 32.2 36.5 37 39.1 43.9 48 49.2 50.1 51.5 53.3 52.9 51.5 48.7 43.2 41.7 44.2 47.2 46.1 46.1 49.6 52.4 53.3 54.5 55.4 51.4 46.7 43.7 39.8 33.2 25.4 16.3 10.3 6.9 11 14.4 15.3 19.9 18.3 25 35 37.4 38.1 37.6 38.2 37.7 34.7
-0.9 -0.9 -0.9 -0.9 -0.9 -0.9 -0.9 -0.9 -0.9 -0.9 -0.9 -0.9 -0.9 -0.9 -0.9 -0.9 -0.9 -0.9 -0.9 -0.9 -0.9 -0.9 -0.9 23.8 28.8 25.5 20.3 19 18.4 23.5 29.6 30.8 33.9 41.1 39.2 37.8 34.1 31.8 31.7 36 36.9 40.6 45.8 51.3 51 50.9 49.8 51.5 50.4 49.6 46.8 44.2 43.2 46.3 46.6 46.1 46.5 49.8 50.5 50.8 52.3 53.6 51.4 47.1 43.2 38.3 32.2 25.6 17.6 10.4 9.1 9.2 14.9 15.2 18.5 19.5 27.4 36.4 38.4 38.4 39.9 38.2 37.3 37.1
-0.9 -0.9 -0.9 -0.9 -0.9 -0.9 -0.9 -0.9 -0.9 -0.9 -0.9 -0.9 -0.9 -0.9 -0.9 -0.9 -0.9 -0.9 -0.9 -0.9 -0.9 -0.9 -0.9 29.6 27.8 -0.9 23.4 23.1 23.5 22.6 31.8 33.8 34.9 36.6 37.5 37.6 34.1 31.2 31.2 34.1 37.2 43.7 48.3 52.8 53.8 54.7 50.6 50.8 50.5 48 46.8 45.7 44.6 47.5 46.1 46 46.6 47.9 48.3 48.7 50.6 51.4 50.6 46.3 41.3 35.6 31.3 24.7 17.6 11.2 10.7 10.8 12.2 14.5 19.2 23 26.4 38 38.8 38.3 38.8 38.2 38.1 37.2
-0.9 -0.9 -0.9 -0.9 -0.9 -0.9 -0.9 -0.9 -0.9 -0.9 -0.9 -0.9 -0.9 -0.9 -0.9 -0.9 -0.9 -0.9 -0.9 -0.9 -0.9 -0.9 -0.9 31.7 29.7 -0.9 20.5 22.8 26.8 26.5 29 34.6 35.5 35.1 34.8 36.2 36.5 30.5 30.8 35.8 40.8 46.6 49.7 53 56.4 55.3 54.6 50.7 50.8 48.4 46.6 43.1 44.2 47.1 46.1 46.8 48.1 47 46.2 46.8 48.2 48.5 47.8 44.1 39.1 33.1 28.4 23.6 18.8 12.2 10.8 11 11.5 13.4 17.1 27.3 25.4 35.7 40 39.8 39.9 37.6 37 35.1
-0.9 -0.9 -0.9 -0.9 -0.9 -0.9 -0.9 -0.9 -0.9 -0.9 -0.9 -0.9 -0.9 -0.9 -0.9 -0.9 -0.9 -0.9 -0.9 -0.9 -0.9 31.9 32.5 32.9 32.1 28 20.1 23 26.6 27.8 24 29.7 32.9 35.4 32.6 29.9 28.9 29.8 30.1 37.4 44 46.2 48.8 51.5 56 54.9 53.3 50.8 50 47.6 44.4 42.3 43.4 45.3 46.2 45.7 47.1 45.3 44.2 44.7 45 45.5 45.2 41.9 37.8 31.2 25.6 20.8 17 13.4 12.3 12 12.2 12.7 17.6 23 27.5 28.8 36 38.5 42.9 42.1 35.6 32.5
-0.9 -0.9 -0.9 -0.9 -0.9 -0.9 -0.9 -0.9 -0.9 -0.9 -0.9 -0.9 -0.9 -0.9 -0.9 -0.9 -0.9 -0.9 -0.9 -0.9 29.6 31.7 33.4 34.3 35.2 30.6 25.8 23.8 23.9 23.9 24 23.9 29.8 34.2 31.8 29.9 28.7 28.7 32.5 38.4 45.6 47.2 48.5 50.6 52 51.6 50.5 49.4 49 48 43 42.4 43.2 44.1 44.2 44 43.3 42.5 42.9 43.5 42.7 42.9 42.7 40.9 35.6 30.4 22.9 18.1 14.6 13.8 14.1 13 12.1 13.5 18.6 22.8 25.7 28.6 36.2 39.2 43.2 42.1 36.4 30.3
-0.9 -0.9 -0.9 -0.9 -0.9 -0.9 -0.9 -0.9 -0.9 -0.9 -0.9 -0.9 -0.9 -0.9 -0.9 -0.9 -0.9 7.4 -0.9 -0.9 -0.9 10.2 34.8 36.2 35.8 34.8 28.8 23.9 23.9 23.9 23.9 23.9 28.2 30.2 30.4 28.7 28.6 30.7 37.3 43.6 47.2 49.5 51.6 49.8 48.6 48.3 47.7 46.1 46.5 47.2 42.4 40.8 43.6 41.9 39.9 38.6 38.4 39.6 39.8 41.6 40.7 39.8 39.7 39.1 33.3 26.4 20.3 16.3 15.6 15.4 15.9 15.8 12.9 13.8 20 24.5 26.8 26.9 35.3 39.7 43.4 39.4 35.2 32.2
-0.9 -0.9 -0.9 -0.9 -0.9 -0.9 -0.9 -0.9 -0.9 -0.9 -0.9 -0.9 -0.9 -0.9 -0.9 -0.9 -0.9 -0.9 -0.9 -0.9 -0.9 31.2 33.7 34.1 34.3 33 27.3 24 23.9 23.9 23.9 23.9 25.2 29.3 29.7 29.6 28.5 33.4 40.9 47.7 50 49.5 53.9 49 46.5 47.3 47.4 47.6 46.7 46.4 41.1 38.4 42.3 41.8 37.2 34.3 34.4 36.1 37.8 37.3 35.4 34.1 33.8 32.9 30.8 24.1 18.5 16.4 17.2 17.7 17.9 18.4 14.4 14.8 19.7 23.2 26.2 26 35 41.4 44.5 39.1 36 34.2
-0.9 -0.9 -0.9 -0.9 -0.9 -0.9 -0.9 -0.9 -0.9 -0.9 -0.9 -0.9 -0.9 -0.9 -0.9 -0.9 -0.9 -0.9 -0.9 -0.9 25 29.6 31.6 32.9 30.4 27.9 23.9 23.9 23.9 23.9 23.9 23.9 24.7 29.9 32.5 30.6 28.3 37.4 45 50.8 53 51 51.4 49.6 46.7 45.6 45.7 45.7 45.7 44.9 40.2 36 36.7 37 34.8 32.5 31.9 34.8 35.9 35.2 32.5 29.6 27.9 26.9 29.4 23.2 17.4 18.1 19.9 20.6 20.9 20.4 16 17.4 20.1 24.1 27.6 27.4 27.4 38.8 44 40.6 36.6 33.7
-0.9 -0.9 -0.9 -0.9 -0.9 -0.9 -0.9 -0.9 -0.9 -0.9 -0.9 -0.9 -0.9 -0.9 -0.9 -0.9 -0.9 -0.9 -0.9 23.9 23.6 25.6 31 31.5 28.7 24.4 23.9 28.2 23.9 23.9 23.9 23.9 26.2 27.2 32.5 30.7 29 40.6 48.1 51.9 51.6 53.5 50.2 52.3 51.5 45.9 44.5 44 43.5 41.8 36.7 34.8 32.8 32.1 32.7 31.8 31.8 32.4 34.6 34.9 31.1 27.1 24.9 23.5 24.1 21.3 17.7 19.5 22 23 24.1 21.8 18.4 19.4 23.3 26.7 31.6 31.8 29.2 34.6 38.8 35.9 36.9 34.1
-0.9 -0.9 -0.9 -0.9 -0.9 -0.9 -0.9 -0.9 -0.9 -0.9 -0.9 -0.9 -0.9 -0.9 -0.9 -0.9 -0.9 -0.9 -0.9 -0.9 23.6 23.6 27.1 29.5 26.9 23.9 23.9 24.5 24.5 23.9 23.9 23.9 23.9 23.9 24.2 24.9 30.8 40.8 45.2 47.1 51.5 52.4 52.5 53.7 52.1 46 42.7 41.7 40.4 38.2 32.1 31.5 31.3 31.1 31.2 32.6 31.1 30.8 32.1 33.3 30.1 25.2 21.8 21 22.2 21.3 19.6 21.3 23.7 26.3 26.3 24.6 19.4 21.6 26.1 30 33.4 38.1 36.7 34.9 31.7 30.3 31.8 34.1
-0.9 -0.9 -0.9 -0.9 -0.9 -0.9 -0.9 -0.9 -0.9 -0.9 -0.9 -0.9 -0.9 -0.9 -0.9 -0.9 -0.9 -0.9 -0.9 -0.9 29 23.6 23.6 27.4 29.2 26.8 23.9 23.9 23.9 23.9 23.9 23.9 23.9 23.9 26.5 28.6 33.2 39.7 43.8 47.7 51.8 50.6 51.9 54.6 50.7 45.3 41.2 38.5 36.5 33.5 30.4 30.6 31.7 31 31.2 33.7 31.1 29.6 30.6 30.4 27.7 23.1 19.5 18.8 21.5 23 21.8 23.2 25.6 28 28.5 27 19.8 21 27.3 30.6 35.4 40.4 41.7 39.9 37.1 30 29.9 31.9
-0.9 -0.9 -0.9 -0.9 -0.9 -0.9 -0.9 -0.9 -0.9 -0.9 -0.9 -0.9 -0.9 -0.9 -0.9 -0.9 27.1 25.9 32.7 28.6 29.6 28.2 27.4 28.4 29.7 29.6 26 23.9 24.3 26.1 27.8 27.8 25.6 23.9 28.1 32.4 35.1 39.4 45.8 50.8 56.1 57.2 52.2 55.8 50.3 45.1 40.6 36.2 34.4 30.8 28.6 29.1 30.8 31.1 29.3 31.9 28.5 28.9 29.5 30.5 25.3 21 17.4 18.7 21.1 23.2 22.6 24.7 27.2 29.8 28.9 25.3 19.9 21.5 28.7 32.5 36.9 41.2 43.1 40.3 37.9 32.8 29.9 31.1
-0.9 -0.9 -0.9 -0.9 -0.9 -0.9 -0.9 -0.9 -0.9 -0.9 -0.9 -0.9 -0.9 -0.9 -0.9 -0.9 30.1 39.1 35 28.6 28.6 29.6 30.5 29.1 30.5 28.7 28.2 28.1 27.4 29.1 31.6 31.7 31.4 27.6 27.3 34.5 37.3 40.4 46.8 51.4 55.1 57.2 52.6 54 51.1 46.2 39.9 34.7 31.5 28.3 28.2 28.2 29.1 28.7 27.7 27.9 28.6 28.4 28.5 29.7 24.9 20.9 16.9 17.2 21.5 22.9 23.8 26.1 28.9 31.2 27.9 23.3 20.9 24.2 30.9 34.1 38.5 41.1 41.1 39 35.1 32.5 29.9 29.9
-0.9 -0.9 -0.9 -0.9 -0.9 -0.9 -0.9 -0.9 -0.9 -0.9 -0.9 -0.9 -0.9 -0.9 -0.9 -0.9 -0.9 46.2 41 33.3 31 33.4 32 30.1 33.8 33.6 29.6 30.1 30.8 32.4 33.8 34.2 35.9 32.2 29.4 33.7 38.8 40.3 45 48.7 52 53.6 49.8 52.3 50.7 46.4 41 34.4 31 28.3 28.2 28.2 29.1 29.3 27.5 28.2 28.9 29.4 30.1 27.5 24.2 19 16.5 16.3 17.5 23.2 23.4 27.4 29.8 28.7 27 24.1 21.9 26 33.9 36.3 39.1 39.3 38.8 35.3 33.7 32.2 29.5 29.6
-0.9 -0.9 -0.9 -0.9 -0.9 -0.9 -0.9 -0.9 -0.9 -0.9 -0.9 -0.9 -0.9 -0.9 -0.9 -0.9 -0.9 45.2 40.7 37.5 36.1 36.6 36.4 32.5 36.2 40.6 37.6 33.2 32.6 34.3 33.5 33.9 35.1 34.2 28.6 32.3 37.6 38.9 40.8 44 47.4 48.9 46.3 47.7 48.7 45.4 41.8 35.9 31.1 28.2 28.2 28.2 28.2 30.4 28.2 28.2 28.3 27.5 28.2 26.4 22.5 19 16 16 16.4 19.3 22.3 27.9 28.2 28 27.4 25.1 23.2 25.6 35.5 38.2 37.1 36.9 36.6 33.9 32.8 32.2 30.3 28.5
-0.9 -0.9 -0.9 -0.9 -0.9 -0.9 -0.9 -0.9 -0.9 -0.9 -0.9 -0.9 -0.9 -0.9 -0.9 -0.9 47.4 45 40.6 39 39.4 40.7 39.9 37.6 37.3 44.2 44.8 36.2 35 32.4 27.8 31 32.9 30.7 27.7 30.4 37.7 38.8 39.8 41.5 44.7 46.1 45.4 44.4 45.8 43 40.4 37.2 32.6 29.5 28.2 28.2 28.2 30.5 29.9 28.2 28.2 27.7 26.6 25.4 21.3 17.1 17.1 16.3 16.1 19.3 20.4 26.3 25.5 26 27.1 26.7 25.2 28.3 34.9 36.9 37.1 39.4 35.9 31.3 29.8 31.9 28.2 26.9
-0.9 -0.9 -0.9 -0.9 -0.9 -0.9 -0.9 -0.9 -0.9 -0.9 -0.9 -0.9 -0.9 -0.9 -0.9 55 51.2 -0.9 43.3 42.7 40.8 41.5 41.8 38.6 39.8 45 46.2 41.5 36.8 37.2 27.6 26.1 28.8 28.9 27.9 29.7 35.9 40.6 41.2 42.9 44.9 46.9 45 42.5 42.4 41.8 39.5 37.1 34.3 31.4 28.8 28.2 28.2 29.5 30.7 29 28.2 29 26.1 23.6 21.3 17.2 16.1 15.4 15.9 20 22.1 22.2 23.4 25.4 27.9 26.6 28.9 29.5 35.1 37.1 37.7 38.8 36.8 31 26.5 29 27.7 25.8
-0.9 -0.9 -0.9 -0.9 -0.9 -0.9 -0.9 -0.9 -0.9 -0.9 -0.9 -0.9 -0.9 -0.9 -0.9 -0.9 -0.9 -0.9 -0.9 0.9 28 44.9 43.3 41.9 43.6 44.1 42.1 39.8 35.5 32.7 27.3 23.9 24.9 26.9 30.2 30.6 35.5 40 42.5 44.5 45.9 46.2 44.2 41.3 40.7 41.2 39.2 37.8 35.1 32.9 31.2 29.9 28.2 28.2 29.8 28.9 28.2 28.3 26.4 22.9 19.1 15.9 14.8 14.9 15.3 19 25.9 23.2 24.2 26 26.8 25.9 26.8 30.5 36.4 37.2 38.3 38.1 30.6 26.2 25.9 26 26 26
-0.9 -0.9 -0.9 -0.9 -0.9 -0.9 -0.9 -0.9 -0.9 -0.9 -0.9 -0.9 -0.9 -0.9 -0.9 51.4 48.9 44.8 45 47.6 49.7 48.2 47.1 45.6 44.3 43.3 40 34.9 30 26.1 23.4 23.4 25.6 28.2 32.9 33.2 35.6 39 42.7 44.3 45.1 45 42.1 40.3 39.6 39.1 39.5 38.4 36.3 34 32.8 31.8 28.8 28.2 28.9 28.1 27.5 28.9 25.7 21.5 17.8 15.3 14.7 14.6 14.9 16.6 24.9 26.1 26.3 27.4 26.6 27.1 26.6 30.5 37 39.3 36.3 32.2 25.2 25.8 26.8 26.5 26 26
-0.9 -0.9 -0.9 -0.9 -0.9 -0.9 -0.9 -0.9 -0.9 -0.9 -0.9 46 48.1 50.2 49.4 50.2 48 40.8 40.8 40.8 46.7 47.7 47.2 46.4 42.9 41.2 37 30 25.7 22.2 21.7 22.7 26.5 30.8 32.9 33.6 35.7 38.8 41.7 43.9 44.5 42.5 40 39.5 39.2 39.3 39.6 38.7 37.2 34.9 32.6 32.5 30.3 28.2 28.2 27.3 27 27.2 24.9 20.7 17.2 14.6 13.9 14.9 14.9 17 22.3 24.6 26.8 28.7 27.6 29.3 30.8 29.1 35.9 40.1 34 26.7 23 25.1 27.4 29.3 27.8 26.3
-0.9 -0.9 -0.9 -0.9 -0.9 -0.9 -0.9 -0.9 -0.9 -0.9 47.3 50.7 51 50.4 51.6 49.9 42.9 40.8 40.8 40.8 40.8 44.8 46.6 45.4 42.6 40 36.7 27.7 23.5 20.7 22.2 23.3 28.4 33.5 35.3 35.6 37.3 40.1 42.2 43.9 42.7 40 38.7 38.8 38.7 39.3 39.7 39.1 38 35.8 33.5 31.6 31.7 29.5 28.5 28.5 26.8 24.8 23.7 20.2 16.8 15.2 14 14.2 15.2 19 20.2 22.5 26.7 28.8 28.6 29.2 29.2 27.7 34.1 31.9 28.8 24.8 23.4 25.1 28.2 31.3 31.7 28.2
-0.9 -0.9 -0.9 -0.9 -0.9 -0.9 -0.9 -0.9 -0.9 -0.9 47.1 51.2 52.2 52.9 52.3 48.7 40.8 40.8 40.8 40.8 40.8 40.8 45.5 45.9 42.6 38.7 35.1 27.8 21.9 21.3 23.7 25.3 28.8 34.1 38.3 38 37.5 38.8 42.7 42.4 41.2 38.7 37.7 38 38.8 39.3 39.6 39.3 37.7 36.3 35 33.1 29.9 29.9 29 28.2 25.8 25 23 20 17 14.7 13.4 13.9 15.4 19.5 20.7 22.1 28 29.5 29.3 30.6 28.3 28.9 31.7 28.4 26 23.2 21.5 23.9 26.9 31 33.1 31.3
-0.9 -0.9 -0.9 -0.9 -0.9 -0.9 -0.9 -0.9 -0.9 42.8 46.3 47.1 48.7 50.3 52.1 50.5 40.8 40.8 40.8 42.1 43 46.3 45.9 44.4 40.2 36.2 34.5 29.5 20.9 22.4 25.4 28.2 30.8 33.3 36.2 37.4 37.8 38.8 40.6 40 39.7 38.9 38 37.3 37.7 37.8 38.6 39.1 37.5 35.8 34.9 33.5 28.9 28.5 28.8 27.5 26.2 25.1 23.6 22 17.8 14.7 13.2 13.6 16.8 20.1 21.7 22.2 26.4 28.9 28.9 29.4 28.6 28.3 29.6 24.4 24.1 22.8 21.1 21.9 26.4 30.1 32.1 29.8
-0.9 -0.9 -0.9 -0.9 -0.9 -0.9 -0.9 -0.9 -0.9 41.3 44.6 45 44.8 46.8 48.1 48.2 43 45.4 46.7 49.2 46.7 47 45.7 42.8 38.4 34.8 30.7 25.3 19.5 23.1 26.5 29.3 29.6 32.2 34.2 36.1 37.7 39 40.8 40.7 40.3 39.4 38.3 36.8 36.9 37.1 37.8 38.4 38.7 36.2 36 34.2 28.5 25.9 26.8 27 26 24.5 23.2 21.7 18.4 13.2 13.7 13 16.5 21.2 23 23.9 25.7 28.3 29 27.3 26.8 28.1 26.8 22.1 22.8 23.3 20.2 19.8 25.5 28.6 29.9 26.9
-0.9 -0.9 -0.9 -0.9 -0.9 -0.9 -0.9 -0.9 -0.9 39.8 41.8 42.4 42.5 43.6 43.5 43 41.4 45.6 50.6 51.3 48.5 44.6 43.8 43.9 36.9 30.7 26.2 21.5 17.4 23 27.4 29.1 28.5 31.3 33 34 36.5 39.4 40.5 41.4 40.1 40.8 38 36.5 36 36.9 35 35.3 37.7 36.2 34.2 32.9 29.2 25.9 23.7 24.8 24.9 23.2 21 20 17 12.6 10.2 12.2 16.3 21.8 24.6 25.5 25.8 27 28.6 27.5 26 25.9 23 21.3 22.7 22.9 21 17.8 24.2 28.4 26.5 21
-0.9 -0.9 -0.9 -0.9 -0.9 -0.9 -0.9 -0.9 41.2 41.1 40.7 40.3 40.4 38.3 39.1 36.9 38.8 47.7 50.9 52.3 50.4 45.4 43.4 42.9 38.7 26.4 20.6 17.3 16.3 21.1 27.8 27.3 25.1 27.3 30 31.7 33.6 38 40 39.1 38.4 39.4 37.9 35.3 32.8 35.2 32.2 33.6 35.4 34.7 31.4 29.7 28.6 25.2 21.9 22.7 22 19.3 18.4 17.7 15.7 10.7 9.7 12.6 16.2 22.4 25.9 26.2 25.4 26.6 26.9 26.6 25.6 23.9 21.9 20 21.4 22.3 22.3 16.1 20.1 25.3 20 17.9
-0.9 -0.9 -0.9 -0.9 -0.9 -0.9 -0.9 41.3 43 40.3 38.5 36.9 34.4 33.2 31.1 29.3 36.8 43.5 47.2 48.9 48.9 47.8 44 41.5 37.5 23.2 16.7 15.3 15.1 17.2 23.6 23.5 21.9 24.7 27.1 29.6 31.8 34.9 38 38.4 37.7 38.5 37.7 33.8 30.8 31.4 29.3 29.5 31.5 33.3 29.7 28.2 28.1 25.2 22 18.8 18 15.8 15.8 15.4 10.9 8.3 9.1 14.1 17.4 19.9 25.1 26.2 25.1 24.7 24.3 23.3 25.2 24.9 20.7 19.5 19.4 20 19.5 14 17.3 15.2 15.4 14.4
-0.9 -0.9 -0.9 -0.9 -0.9 -0.9 -0.9 2.3 41.2 40.2 37.6 32.4 30.6 29.8 29.3 29.3 34.4 39.5 44.7 52 55.4 49.6 41.7 39.9 34.9 22.4 15.2 14 15.3 15.3 18.3 22.5 21.7 22.5 26.5 27 28.6 32.7 36.1 37.6 37 37.9 37.4 32.6 28 26.9 26.4 27.4 30.3 31.7 28.8 27.5 27.4 25.3 22.1 18.9 14 12.6 13.1 11.9 10 7.1 8.4 9.4 16.9 17.9 23 24.4 23.1 22.3 20.7 21.5 25.1 23.2 19 18.2 18.3 15 16.7 12.9 14.6 12.9 12.6 12.5
