Game/Highland_Data/StreamingAssets/GeoData/Data/hu/HU31.asc
ncols 200
nrows 200
xllcorner 430000
yllcorner 1110000
cellsize 50
[rows 76 to 113 of 200, columns 85 to 169 of 200]
-0.3 -0.3 -0.3 -0.3 -0.3 -0.3 -0.3 -0.3 -0.3 -0.3 -0.3 -0.3 -0.3 -0.3 -0.3 -0.3 -0.3 -0.3 -0.3 -0.3 -0.3 -0.3 -0.3 -0.3 -0.3 -0.3 -0.3 79.5 76.3 77.4 74.8 64.7 67.6 65.7 56.3 49.6 49 46 48.4 48.7 50.9 52 51.9 50.5 48.8 47.7 44.1 37.3 29.4 26.5 23 19.6 14.4 8.2 3.3 0.9 0.9 0.9 0.9 0.9 0.9 0.9 0.9 0.9 0.9 2.4 10.5 17.7 21 20.4 20.7 21.1 20.9 19.8 18.1 21.6 24 28.7 33 34.5 35.7 35.6 32.8 31.5 30.8
-0.3 -0.3 -0.3 -0.3 -0.3 -0.3 -0.3 -0.3 -0.3 -0.3 -0.3 -0.3 -0.3 -0.3 -0.3 -0.3 -0.3 -0.3 -0.3 -0.3 -0.3 -0.3 -0.3 -0.3 -0.3 -0.3 92.4 85.4 82.2 79.6 72.7 68.2 68.3 64.5 59.3 58.3 55.6 55.1 55 55.7 54.8 56.1 55.9 55.4 53.5 49.7 45.5 38.3 31.4 26 22.1 19.5 15 10.1 6.6 3.1 1.6 1.7 1.2 0.9 0.9 0.9 0.9 0.9 0.9 1.7 6.2 12.4 15.1 16.1 16.3 16.7 17.4 16.4 15.4 17.7 18 22.6 27.3 26.6 28 29.7 27.6 24.3 23
-0.3 -0.3 -0.3 -0.3 -0.3 -0.3 -0.3 -0.3 -0.3 -0.3 -0.3 -0.3 -0.3 -0.3 -0.3 -0.3 -0.3 -0.3 -0.3 -0.3 -0.3 -0.3 -0.3 -0.3 46.6 100.1 94.9 88.8 87.2 85.1 73.9 69.6 67.8 65.5 64 62.8 59.6 59.6 60.3 61.1 61.7 61.1 58 55 52.5 46.7 41.4 37.1 32.8 26.5 21.8 18.7 16.1 12.1 7.7 4.5 3.3 2.1 3 2.1 0.9 0.9 0.9 0.9 0.9 1.4 5.7 8.7 11.5 11.9 12.2 12.8 13.1 13.2 12.1 11.8 11.9 15.6 19.6 22 23.5 22.8 20.1 19 17.1
-0.3 -0.3 -0.3 -0.3 -0.3 -0.3 -0.3 -0.3 -0.3 -0.3 -0.3 -0.3 -0.3 -0.3 -0.3 -0.3 -0.3 -0.3 -0.3 -0.3 -0.3 -0.3 -0.3 -0.3 -0.3 95.3 96.5 89.6 86.2 84.1 75.7 69.8 68.6 66.4 66.3 65.9 63.6 63.7 63.6 62.9 61.9 61.1 60.8 59.4 56.1 51.4 46.9 38.5 33.1 28.1 22.2 19.6 17.2 14.4 8.7 5.2 3.2 1.8 1.4 2.5 0.9 0.9 0.9 0.9 0.9 0.9 5.9 8.6 10.2 10.3 11.6 11.6 10.6 9.1 8.1 7.7 6.7 12.6 14.1 15.4 18.7 18.5 16.3 12.9 12.9
-0.3 -0.3 -0.3 -0.3 -0.3 -0.3 -0.3 -0.3 -0.3 -0.3 -0.3 -0.3 -0.3 -0.3 -0.3 -0.3 -0.3 -0.3 -0.3 -0.3 -0.3 -0.3 -0.3 -0.3 -0.3 94 97.5 89.4 86.4 84.1 79.9 68.8 68.8 69.2 70.2 68.9 66.5 65.7 67.8 70.2 73.6 73.6 74.7 75.6 71.6 65.8 57.4 47.4 35.8 29.2 23.6 20.6 17.9 14.8 8.9 3.9 1.5 0.9 0.9 0.9 0.9 0.9 0.9 0.9 0.9 0.9 0.9 4.8 8.7 8.4 8.8 8.4 6.6 5 4.1 3.4 3.6 8.5 9.4 10.9 12.9 12.8 11.3 7.4 5.8
-0.3 -0.3 -0.3 -0.3 -0.3 -0.3 -0.3 -0.3 -0.3 -0.3 -0.3 -0.3 -0.3 -0.3 -0.3 -0.3 -0.3 -0.3 -0.3 -0.3 -0.3 -0.3 -0.3 -0.3 53.8 103.1 95.9 89.7 86.3 84.8 81.5 71 69.6 69 68.9 68.3 68.6 69.1 71.4 76 78.6 79.9 83 84.5 82 75.4 67 57.8 44.3 32 25.3 21.5 18.4 14.8 9.9 4.9 1.8 1.5 0.9 0.9 0.9 0.9 0.9 0.9 0.9 0.9 0.9 1.9 4.6 5.2 3.2 2.1 2.1 2.2 2.7 2.7 2.7 4.1 6.1 7.8 11 9.4 6.6 2.7 2.3
-0.3 -0.3 -0.3 -0.3 -0.3 -0.3 -0.3 -0.3 -0.3 -0.3 -0.3 -0.3 -0.3 -0.3 -0.3 -0.3 -0.3 -0.3 -0.3 -0.3 -0.3 -0.3 -0.3 -0.3 65.5 101.7 95.6 91.4 86.6 85.5 84.4 77.6 71.1 69.5 71 72.3 72.6 75.5 76.2 76.9 79.2 81.5 85.4 89.1 87.3 82.6 74.9 65.3 50.3 36.1 27.8 24.8 20.1 16.7 11.4 7.3 3.3 2.2 1.4 0.9 0.9 0.9 0.9 0.9 0.9 0.9 0.9 0.9 2 1.4 1.2 1.3 1.6 1.9 2.3 2.1 2.3 2.8 4.9 6.1 5.9 4.6 2.3 2.3 2.3
-0.3 -0.3 -0.3 -0.3 -0.3 -0.3 -0.3 -0.3 -0.3 -0.3 -0.3 -0.3 -0.3 0.7 -0.3 -0.3 -0.3 0.8 -0.3 -0.3 -0.3 -0.3 -0.3 33.6 105 102 95.6 92.3 87.7 88.2 87.1 77 72.3 71.5 74.4 75.9 77.1 80.7 82.7 83.4 85.1 86.5 88.9 91.5 90.4 84.9 77.8 67.9 56 43 32.8 29.5 24.7 18.8 18.6 11.1 6.8 5.8 5.4 3.9 3.1 0.9 0.9 0.9 0.9 0.9 0.9 0.9 0.9 0.9 0.9 1.2 1.6 1.9 2.3 2.3 2.3 2.4 3.3 3.5 2.3 2.3 2.3 2.3 2.3
-0.3 -0.3 -0.3 -0.3 -0.3 -0.3 -0.3 -0.3 -0.3 -0.3 -0.3 -0.3 -0.3 -0.3 -0.3 -0.3 -0.3 -0.3 -0.3 -0.3 -0.3 -0.3 -0.3 65.3 107.4 100.5 93.5 90.1 89.8 91.7 86 78.9 74.4 75.1 78.7 80.9 82.1 86.3 88.8 90.8 92 92.9 94.9 95.5 92.9 87.2 78.4 67.4 56.3 46 38.9 35.4 28.9 23.8 26.4 21.1 13.4 12.9 12.7 9.9 5.7 3.9 4.6 4.9 4.3 3.4 1.6 0.9 0.9 0.9 1.1 1.4 1.6 1.9 2.2 2.3 2.3 2.3 2.3 2.3 2.3 2.3 2.3 2.3 2.3
-0.3 -0.3 -0.3 -0.3 -0.3 -0.3 -0.3 -0.3 -0.3 -0.3 -0.3 -0.3 -0.3 -0.3 -0.3 -0.3 -0.3 -0.3 -0.3 -0.3 -0.3 -0.3 77.9 99.3 105.7 99.5 93 89.5 87.6 90.3 82 78 79.5 82 86.9 91.8 94.9 95.2 98.6 99.1 99 97.2 97 95.4 93 87.2 78 66.5 56.6 48.1 42.4 38.5 34.2 28.1 27.8 26.1 19 17 17.2 15.1 11.6 10.3 9.7 8.9 7.9 6.9 5.4 2.5 0.9 1.1 1.6 1.8 2.1 2.3 2.3 2.3 2.3 2.3 2.3 2.3 2.3 2.3 2.3 2.3 2.3
-0.3 -0.3 -0.3 -0.3 -0.3 -0.3 -0.3 -0.3 -0.3 -0.3 -0.3 -0.3 -0.3 -0.3 -0.3 -0.3 -0.3 -0.3 -0.3 -0.3 -0.3 -0.3 29.4 58.7 92.7 96.2 88.6 84.3 83.8 82.9 78.6 81.3 83.4 85.9 90.6 97.5 103.6 105.5 105 103.5 102 99.2 97.1 95 91.8 85.2 75.5 65.8 55.9 50 44.8 42.5 38.4 32.9 31.5 29.7 25.2 20.7 22.6 23.7 19 17.2 16.2 11.9 10.7 9.8 7.6 5.4 3.8 1.7 2.1 2.2 2.3 2.3 2.3 2.3 2.4 2 2.3 2.3 2.3 2.3 2.3 2.3 2.3
-0.3 -0.3 -0.3 -0.3 -0.3 -0.3 -0.3 -0.3 -0.3 -0.3 -0.3 -0.3 -0.3 -0.3 -0.3 -0.3 -0.3 -0.3 -0.3 -0.3 -0.3 -0.3 -0.3 -0.3 47.6 92 86 80.8 79.3 78.3 79.5 82 84.5 86.8 91.8 98 103.9 109.3 107.8 106.2 104.4 101.1 96.8 94.2 89.3 81.7 71.7 61.8 54.2 49.3 47.5 46.1 43.4 38.5 39 39.7 35.2 30.1 34.4 34.5 30.5 24.3 19.5 15.4 11.7 10.5 9.5 7.5 5.5 2.9 2.3 2.3 2.2 2.2 2.2 2.3 3.1 2.3 2.3 2.3 2.3 2.7 2.3 2.3 2.3
-0.3 -0.3 -0.3 -0.3 -0.3 -0.3 -0.3 -0.3 -0.3 -0.3 -0.3 -0.3 -0.3 -0.3 -0.3 -0.3 -0.3 -0.3 -0.3 -0.3 -0.3 -0.3 -0.3 -0.3 -0.3 48.1 82 79.5 78.2 78.7 81.1 82.4 84.3 88.2 93.5 99.5 104 107.7 106.8 105.3 102.7 99.8 96.6 92.2 86 77 66.6 57.8 53.2 50.4 48.5 48.3 46 43.1 44.6 44.5 41.9 38.9 41.6 45.8 43.8 36.7 26.9 21.7 16.3 13 9.9 8.1 6.6 3.8 2.7 2.4 2.4 2.3 2.3 2.9 3.7 3.4 2.2 2.3 2.3 2.3 2.3 2.3 2.3
-0.3 -0.3 -0.3 -0.3 -0.3 -0.3 -0.3 -0.3 -0.3 -0.3 -0.3 -0.3 -0.3 -0.3 -0.3 -0.3 -0.3 -0.3 -0.3 -0.3 -0.3 -0.3 -0.3 -0.3 -0.3 -0.3 59.7 76.8 75.2 75.2 81.4 84.2 83.3 85.7 90.6 96.4 101.2 104.3 103.5 99.8 96.9 95.4 92.5 87.6 81.1 72.2 62.3 55.2 51.9 48.7 47.4 47.1 44.2 45.7 46 47 46.7 46.7 48.1 50.7 50.3 43.9 35.5 28.1 20.5 15 11.2 8 6.7 4.9 3.6 2.7 2.6 2.8 3.6 4.6 6.5 7.5 6 4.8 4.5 5.5 5.2 4.7 3.5
-0.3 -0.3 -0.3 -0.3 -0.3 -0.3 -0.3 -0.3 -0.3 -0.3 -0.3 -0.3 -0.3 -0.3 -0.3 -0.3 -0.3 -0.3 -0.3 -0.3 -0.3 -0.3 -0.3 -0.3 -0.3 -0.3 42.8 68.8 68.7 66.2 70.7 75.8 78.1 79.5 85 90.8 95.3 97.4 96.5 93.4 90.8 89.4 85.9 81.6 75.4 66.2 56.1 53.3 50.8 48.8 47.2 46.6 45 45.9 46.2 48.1 48.4 47.5 48.5 50.1 50.4 44.6 37.3 29.3 20.4 14.4 11.3 8.4 6.3 4.4 3.9 3.8 3.1 2.8 5.6 7.4 10.1 11.7 11.8 10.9 10.1 10.6 9.2 9.4 6
-0.3 -0.3 -0.3 -0.3 -0.3 -0.3 -0.3 -0.3 -0.3 -0.3 -0.3 -0.3 -0.3 -0.3 -0.3 -0.3 -0.3 -0.3 -0.3 -0.3 -0.3 -0.3 -0.3 -0.3 -0.3 -0.3 -0.3 63.8 62.8 59.8 64.8 67.7 67.7 73.5 77.4 82.3 85 86.9 86.4 85.4 84.3 82.9 78.4 73.2 65 59.6 54.5 52.4 49.4 48.2 46.3 45.9 45.2 44.9 45.4 46 46.9 45.1 44.6 45.8 45.8 42.6 35.7 27.8 19.8 12.9 9.5 7.5 5.6 5 4.1 4.2 4.8 3.5 5.8 8.9 12.7 13.9 15.7 16.1 15.9 15 12.1 10.9 8.8
-0.3 -0.3 -0.3 -0.3 -0.3 -0.3 -0.3 -0.3 -0.3 -0.3 -0.3 -0.3 -0.3 -0.3 -0.3 -0.3 -0.3 -0.3 -0.3 -0.3 -0.3 -0.3 -0.3 -0.3 -0.3 -0.3 -0.3 47.8 65.1 60.6 57.6 61.1 59.9 61.9 66.1 71.3 75 77.3 78.7 78.4 76.6 72 68.4 64.4 60.1 54.5 52 49.2 46.7 45.8 44.6 44.1 43.7 42.4 43.2 43.8 43.3 42.2 41.5 40.9 38.9 35.6 31.6 24.9 18.3 12.4 9.2 7.3 5.7 6.6 4.9 4.2 3.6 3.8 6 10.3 13.8 16.8 19.3 20.1 19.3 19.6 17 14.4 12.9
-0.3 -0.3 -0.3 -0.3 -0.3 -0.3 -0.3 -0.3 -0.3 -0.3 -0.3 -0.3 -0.3 -0.3 -0.3 -0.3 -0.3 -0.3 -0.3 -0.3 -0.3 -0.3 -0.3 -0.3 -0.3 -0.3 -0.3 -0.3 52 62.8 56.3 53.5 55.2 56.4 57.2 59.3 64.3 69.1 70.3 67.2 64.3 60.8 56 56.3 54.6 50.8 47.3 44.5 41.8 41.8 42.1 41.8 40.5 38.3 38 38.8 37.7 34.4 35.4 34.7 31.8 29.5 27 20.9 14.4 10.7 8.1 7.2 6.6 8.1 6.2 4.9 3.5 4.1 5.8 10 14.1 17 21.5 22 22.2 23.7 23.3 20.7 18.9
-0.3 -0.3 -0.3 -0.3 -0.3 -0.3 -0.3 -0.3 -0.3 -0.3 -0.3 -0.3 -0.3 -0.3 -0.3 -0.3 -0.3 -0.3 -0.3 -0.3 -0.3 -0.3 -0.3 -0.3 -0.3 -0.3 -0.3 -0.3 -0.3 58.8 57.8 53.4 50.2 49.2 49.5 50.9 55.2 58.3 59.9 56.5 56.1 53.6 49.2 46.4 46.3 44.5 40.8 37.6 35.9 35.4 35.8 36.3 35.6 34.1 33.5 32.9 28.7 27.5 29.6 27.8 25.3 23.6 20.9 17 11.6 8.7 8.3 8 7.6 8.2 6.8 5.1 4.5 5.1 6.3 9 12.6 16.3 20.9 23.9 25.8 27.5 29.3 27.4 23.3
-0.3 -0.3 -0.3 -0.3 -0.3 -0.3 -0.3 -0.3 -0.3 -0.3 -0.3 -0.3 -0.3 -0.3 -0.3 -0.3 -0.3 -0.3 -0.3 -0.3 -0.3 -0.3 -0.3 -0.3 -0.3 -0.3 -0.3 -0.3 -0.3 58.3 58.8 54.2 50.5 48.3 47 47 51.8 53.2 49.5 48.4 47.8 45.8 41.8 37.9 36.3 34.8 31.1 29.2 30.3 28 26.7 27.9 27.6 27.1 25.9 25.8 23.5 22.3 23.1 22.2 20.9 18.5 15.2 13 11.6 9.1 8.4 8.1 8.2 7.8 6.5 6.5 6 5.9 7 9.5 13.1 17.1 21.6 25.9 30.6 32.6 33.2 31.9 26.6
-0.3 -0.3 -0.3 -0.3 -0.3 -0.3 -0.3 -0.3 -0.3 -0.3 -0.3 -0.3 -0.3 -0.3 -0.3 -0.3 -0.3 -0.3 -0.3 -0.3 -0.3 -0.3 -0.3 -0.3 -0.3 -0.3 -0.3 -0.3 -0.3 61.7 58.3 55.1 51.8 49.3 46.9 44.6 43.5 43.4 43 40.5 38.7 37.4 35.4 33.5 31.3 28.4 26.3 24.2 22.6 21.2 20.2 19.7 19.3 18.8 18.2 17.6 16.5 16.3 18.8 18.5 17.5 15.7 12.8 10.7 10.9 9.8 8.4 8.1 8.8 7.6 6.4 6.3 5.6 6 7.6 11.4 14.2 18.2 22.7 27.3 32.5 36.7 37.1 33.6 28.5
-0.3 -0.3 -0.3 -0.3 -0.3 -0.3 -0.3 -0.3 -0.3 -0.3 -0.3 -0.3 -0.3 -0.3 -0.3 -0.3 -0.3 -0.3 -0.3 -0.3 -0.3 -0.3 -0.3 -0.3 -0.3 -0.3 -0.3 24.9 64.9 60.1 56.9 52.3 49.5 47.9 46.4 45.3 44.7 44.5 44.6 44.1 43.9 39.2 35.8 30.2 27.5 25 24.9 23.4 22.9 21.9 19.2 18.6 17.7 17.8 17.2 16 14.9 14.3 14 13.9 13.9 13.5 12 11 10.8 10 8.5 8.9 9 8.7 8.7 7.7 7.5 7.1 8.4 11.7 15.6 19.3 24 28.8 34 39.3 40 36.6 32.9
-0.3 -0.3 -0.3 -0.3 -0.3 -0.3 -0.3 -0.3 -0.3 -0.3 -0.3 -0.3 -0.3 -0.3 -0.3 -0.3 -0.3 -0.3 -0.3 -0.3 -0.3 -0.3 -0.3 -0.3 -0.3 -0.3 -0.3 22.2 70.4 60.7 57.7 54.1 50.8 49.2 48.1 48.3 50.5 49.7 48.9 48.1 45.8 43.2 37.4 30.2 25.9 23.8 22.6 21.8 20.7 22.6 22.8 21.7 20.1 19.3 17.3 16.2 15.9 15.2 14.1 13.1 12.4 12 11.7 11.3 10.7 9.8 8.8 9.1 9.8 9.6 10.3 9.7 8.8 8.4 9.6 12.7 17.2 21.8 25.4 30.3 35.5 40.5 42.7 41.1 35.9
-0.3 -0.3 -0.3 -0.3 -0.3 -0.3 -0.3 -0.3 -0.3 -0.3 -0.3 -0.3 -0.3 -0.3 -0.3 -0.3 -0.3 -0.3 -0.3 -0.3 -0.3 -0.3 -0.3 -0.3 -0.3 35 49.1 74.1 69.8 60.2 56.5 53.3 50 48 49 54.3 57.6 57 53.6 50.9 49.4 43.5 33.8 28 24.9 24 25.3 28.1 29.5 29.9 28.4 26.3 25 23 20.1 17.5 16.7 15.4 14.2 13 12.4 11.9 11.5 11.1 10.7 10.2 9.7 9.2 9.5 9.7 11 10.5 9.7 10 10.9 14.2 19.3 23.9 27.3 32.6 37.7 42 45.4 43.9 38.7
-0.3 -0.3 -0.3 -0.3 -0.3 -0.3 -0.3 -0.3 -0.3 -0.3 -0.3 -0.3 -0.3 -0.3 -0.3 -0.3 -0.3 -0.3 -0.3 -0.3 -0.3 -0.3 -0.3 -0.3 31 82.7 82.2 70.8 64.2 58.1 53.6 49.1 46.9 45.6 49.9 54.8 58.7 58.3 55 48.9 42.7 36.2 29.6 26.2 25.1 28 30.1 31.6 31.9 32.3 32.1 30.6 29 25.8 21.4 18.4 16.8 15.6 14.3 12.9 12.3 11.8 11.4 11 10.5 10.3 9.9 9.7 9.4 9.3 11 11 10.5 11.3 12.6 14.7 21.1 25.8 29.8 35.6 40.6 42.9 44.5 45 41.6
-0.3 -0.3 -0.3 -0.3 -0.3 -0.3 -0.3 -0.3 -0.3 -0.3 -0.3 -0.3 -0.3 -0.3 -0.3 -0.3 -0.3 -0.3 -0.3 -0.3 -0.3 -0.3 -0.3 -0.3 39.3 85.1 74.4 65.5 55.8 51.1 48.2 44.7 43.4 45 48.9 53.9 58.3 58.1 52.8 45.8 38.4 32.3 27.3 25.9 28.1 30.8 31.5 33.7 34.3 34.9 35.9 35.2 32.5 27.5 22.4 19.6 18.3 17.1 15.6 13.1 12.2 11.7 11.3 10.3 10.4 10.2 9.5 9.5 8.9 10 11 11.3 12.2 13 14.6 18.6 23.4 28.1 34.7 39.7 43 44.5 44.5 45.1 44.8
-0.3 -0.3 -0.3 -0.3 -0.3 -0.3 -0.3 -0.3 -0.3 -0.3 -0.3 -0.3 -0.3 -0.3 -0.3 -0.3 -0.3 -0.3 -0.3 -0.3 -0.3 -0.3 -0.3 -0.3 55.2 94.3 79.2 64.3 52.4 47.2 43.9 42.2 41.5 42.4 45.5 50.9 55.7 55 49 40.9 34.6 28.2 27.2 26.5 28.8 31.8 34.1 37.5 37.4 37.7 39.7 39.8 35.4 31.1 28.2 22.9 21.6 19.9 15.6 15.9 15.9 12.8 10.4 10.1 10.3 10.1 9.9 8.7 9.4 10.7 12.4 12.8 14.7 14.6 16.5 20.6 25.2 32.6 39.1 43.5 46.2 45.5 45.5 45.4 45.8
-0.3 -0.3 -0.3 -0.3 -0.3 -0.3 -0.3 -0.3 -0.3 -0.3 -0.3 -0.3 -0.3 -0.3 -0.3 -0.3 -0.3 -0.3 -0.3 -0.3 -0.3 -0.3 -0.3 -0.3 86.1 97.1 81.6 67.7 57.7 48.6 43.9 41.2 40.6 41.6 44.2 46.9 50.9 49.2 42.7 36.2 29.3 27.1 28.5 30.2 32.9 34.7 35.4 38.5 39.8 40.7 41.7 42.9 38.8 34.7 29.9 26.1 24.8 22.1 19.3 22.5 22.6 18.5 11.9 10.1 10.1 9.9 9.8 9.6 9.6 11.5 13.7 14.7 17.2 18.1 21.6 25 29.7 37 41.9 46.2 47.1 46.4 46.6 46.6 45.9
-0.3 -0.3 -0.3 -0.3 -0.3 -0.3 -0.3 -0.3 -0.3 -0.3 -0.3 -0.3 -0.3 -0.3 -0.3 -0.3 -0.3 -0.3 -0.3 -0.3 33 31.7 48 49.4 82 97.7 81.9 69.1 60.5 52.1 46.4 41.3 39.3 39.6 41.6 44.6 49.3 46.7 38.8 32.9 29.7 28.7 31.9 34.7 37.2 38.4 37.1 38.9 40.7 41.3 42.1 43.1 38.8 35 30.1 27.6 25.6 25.6 22.5 27.3 25.6 19.1 12.8 10.3 9.9 9.7 9.5 8.6 10.5 12.6 14.8 16.5 19.9 22.1 24.5 28.9 35.1 39.6 43 46.1 47.3 47.2 46.9 46.6 46.6
-0.3 -0.3 -0.3 -0.3 -0.3 -0.3 -0.3 -0.3 -0.3 32.3 74 -0.3 -0.3 -0.3 -0.3 -0.3 -0.3 41.2 43.1 47.6 63.4 67.2 79 95.4 110.7 97.9 83.7 69.4 60.3 54.2 47.8 42.3 38.8 37 38 40.1 46.2 40.9 33.4 29.6 29.2 31.5 34.8 38 40.8 39.3 38.3 39.7 41.5 42.2 43.1 42.9 38.6 33.5 30.3 28.2 27.1 25.7 24.8 26.4 25.1 18 13.3 10.1 9.8 9.5 9.2 10.1 11.6 14.1 16.1 18.8 22.6 25.4 28.9 32.9 35.8 39.1 42.2 43.5 45.3 46 45.4 45.2 45
-0.3 -0.3 -0.3 -0.3 -0.3 -0.3 -0.3 -0.3 -0.3 44.2 81.3 -0.3 -0.3 -0.3 20.1 62.1 78.7 76.9 89.5 114.3 109 116.9 132.6 121.5 110.9 98.7 83.8 69.1 61.3 53.6 46.5 42.4 40.1 38.3 37.5 35.4 34.2 32.6 31 34.8 34.4 35 37.6 40.9 42.4 40.2 39.6 41.2 43.2 44.3 44.4 44.3 40.7 35 30.7 28.8 28.5 28.3 29.5 27 23.8 16.8 13.4 10 9.7 9.4 9.1 11.4 13.2 16.1 18.9 21.8 25 28 30.1 32.7 34.4 37.5 39 40.1 41.5 43.1 43.1 43.9 44.5
-0.3 -0.3 -0.3 -0.3 -0.3 -0.3 -0.3 -0.3 -0.3 53.3 90.6 54.4 40.7 60.5 90.8 125.7 131.2 130.9 147.8 151.6 144.5 137.8 130.7 120.5 110.2 97.9 85.2 73.1 63 55.5 47.7 45.6 41.8 40.8 40.3 39.1 35.7 32.5 36.1 36.6 36.8 37.6 40.2 42.8 43.9 41.9 43.2 44.4 45.5 45.6 45.9 46.1 42.1 37.3 31.7 29 29.7 30.3 30.4 27.7 21.4 16.1 12.7 9.9 9.6 9.2 9.9 12 15.4 18.4 23.9 26.9 29.3 28.8 28.9 29.8 30.6 35.1 36.1 36.6 37.9 40.1 42.6 43.7 44.3
-0.3 -0.3 -0.3 -0.3 -0.3 -0.3 -0.3 -0.3 -0.3 56.2 100.9 102.6 104.5 138.3 169.1 166.7 166 161.4 155.6 148.7 142.1 135.6 127.7 118 108.3 95.5 85.3 74 63.6 58.1 53.3 48 42.9 41.9 42.7 42.4 40.4 34.9 36.2 37.1 38.4 40.8 43.7 45.4 45.6 44.3 45.2 46.4 47.4 46.9 46.6 44.7 42.2 37.9 33.7 30.4 28.6 28.8 28.2 25.3 20.4 15.5 12.5 10.3 9.6 9.2 10.2 13.7 17.6 21.3 27.6 29.8 31.4 31.7 29.3 26.7 27.5 30.5 32.5 32.9 35.4 38.8 40.9 43.3 44.2
166.9 106.2 -0.3 -0.3 -0.3 -0.3 -0.3 -0.3 -0.3 73.3 112.7 145.6 161.9 168.7 164.4 164.8 163.6 158.6 152.2 145.8 139.4 131.4 123.9 114.7 105.3 94.2 85 77.9 67.9 60.7 56 49.3 44.8 45.9 45.5 44.8 42.2 36.2 35.6 38.4 40.6 44.4 47.1 47.8 47 46.1 47.1 48.3 49 48.2 46.8 45.3 44.2 39 34.3 29.6 28.2 27.7 25.8 23.5 19.3 16.5 13.7 11.3 9.6 9.4 13.1 16.1 19.6 24.2 28.6 30.8 31.5 32.5 29.7 27.3 25.6 25.3 29 31.1 34.2 37.6 39.9 42 44
165.5 173.3 140.8 -0.3 20.7 26.5 -0.3 -0.3 24.7 69.7 108.9 148.9 166 164.2 162.3 161.8 158.3 152 145.4 141 134.6 126.8 119.3 111.5 102.8 92 84 78.3 69.4 60.7 56.7 52.1 48.5 49.8 49.9 47 43.1 36.4 37.5 38.9 42 45.4 47.7 49.2 48.2 49.5 49.7 50.8 51.1 48.8 46.5 45.1 42.9 37.6 32.3 29.9 28.4 26.2 24.7 22 18.9 15.9 13.3 12.4 11.5 10.3 14.5 18.7 22.3 25.7 28.6 30.2 31.4 33.4 31 27.4 25.2 25.3 26.3 29 33.6 36.3 38.9 41.1 43.4
162.9 173.5 158.3 111.9 150 137.6 -0.3 -0.3 48.2 76 112.7 154.7 157.8 159.5 159.3 156.4 152.5 145.3 140.4 136.1 130.4 122.4 114.9 108.6 101 91.5 83.2 76.8 69.8 62.3 59.1 54.6 50.6 50.6 51.4 47.6 43.2 37.3 39.2 42.1 43 45.3 47.5 50.5 52.3 54.8 56.2 55.7 54.9 52.7 49.1 45.3 41.5 35.6 32.1 29.9 27.6 25.7 23.7 20.7 17.9 16.2 13.9 12.2 11.6 11.2 14.4 19.3 23.6 27.2 29.4 32.1 33.8 33.9 31.9 27.2 25.1 25.7 26.7 27.5 31.3 34.7 38 41.6 42.8
162.9 174.6 166.7 136.6 164.1 175.8 164.8 121.8 88.2 100.4 132 161.4 154.9 152 154.4 150.1 145.7 140.1 134.6 128.1 124.7 118.4 110.9 105.9 100.1 90.3 82.1 75.2 71.1 66 60.9 56.5 53.3 51.2 49.7 47.6 41.4 39.2 39.3 40.5 42.9 46 48.5 52.5 55.8 59.2 60.9 59 56.9 55.4 51 47 41.7 37.4 34.9 32.3 29.8 28.1 24.1 21.7 20.2 18.4 15.9 12.1 11.9 11.8 14.2 19.3 24.3 28 30.7 31.5 32.6 32.7 30.3 26.4 25.2 25.9 26.6 27 30.7 32 36.2 40.8 42.6
167.4 175.4 168.9 163.9 169.7 180.4 187.3 193.1 164.4 149.1 154.1 170.4 163.4 148.2 143 140.1 137.2 129.8 124.7 121.6 118.3 113.6 109.2 106.7 100.7 91.8 82 74.2 71.6 68.5 62.5 58.2 53.9 52.3 49.4 47.8 45.2 40.8 39.8 41.6 45.7 47.9 49.5 54.3 59.2 62 62.1 60.7 59.5 58.9 55 50.7 46.3 43.2 41.3 38.1 34.7 31.4 27.8 23.3 22.8 20.9 17.3 12.6 11.5 11.4 12.5 17.8 23.3 27.1 29.8 31.8 31.5 31 29.1 24.2 24.7 25.5 26.5 26.4 29 31 32.3 39.5 42.9
