Game/Highland_Data/StreamingAssets/GeoData/Data/hu/HU38.asc
ncols 200
nrows 200
xllcorner 430000
yllcorner 1180000
cellsize 50
[rows 36 to 71 of 200, columns 0 to 81 of 200]
-0.9 -0.9 -0.9 -0.9 -0.9 -0.9 -0.9 -0.9 -0.9 -0.9 -0.9 -0.9 -0.9 -0.9 -0.9 -0.9 -0.9 -0.9 -0.9 -0.9 -0.9 -0.9 66 67.4 71.6 76.9 90.1 106.4 115.1 127.7 137.1 141.3 139.8 141.2 143.3 146.2 148.1 148.6 140.7 139.1 139.1 142.5 143.4 145.8 147.8 147.4 147.4 147.5 150.8 149.8 145.2 141.4 141.3 141.3 141.3 141.3 141.3 141.3 141.3 145.9 150.5 152.1 151.5 151.2 150.5 148.5 147 144.2 143 141.8 141.6 139.7 137.9 136.5 134.7 134.7 134.7 134.7 134.3 136.9 135.9 135.8
-0.9 -0.9 -0.9 -0.9 -0.9 -0.9 -0.9 -0.9 -0.9 -0.9 -0.9 -0.9 -0.9 -0.9 -0.9 -0.9 -0.9 -0.9 -0.9 -0.9 -0.9 -0.9 66.9 69 74 79.3 88.6 101 115.3 128 137.4 138.7 138.5 139.7 139.4 140.5 140.9 144.5 140.3 139.1 139.1 141.6 143.9 146.3 146 146.4 147.7 149.5 149.9 150.2 147.5 143.5 141.3 141.3 141.3 141.3 141.3 141.3 141.3 145.7 148.7 150.2 151.4 149.6 150.2 146.7 145.4 144.7 143.2 142.1 141.5 140.2 138.8 136.6 135.7 134.1 134.8 134.7 134.7 134.7 134.5 134.8
-0.9 -0.9 -0.9 -0.9 -0.9 -0.9 -0.9 -0.9 -0.9 -0.9 -0.9 -0.9 -0.9 -0.9 -0.9 -0.9 -0.9 -0.9 -0.9 -0.9 -0.9 -0.9 -0.9 69.5 74.6 80.7 90.4 103.5 117.4 131.9 134.9 137.7 139.2 141 140.9 140 142.9 145.3 142.1 140.8 139.1 139.2 146 147.4 146.2 144.9 147.5 147.9 150 148.4 146.9 145.1 141.3 141.3 141.3 143.8 141.3 141.3 142.2 148.4 149.6 149.2 148.8 149.2 146.9 146 145.7 144 143 143 140.7 141.3 138.9 137.4 137.3 136.1 137.9 135.8 134.7 134.7 134.4 134
-0.9 -0.9 -0.9 -0.9 -0.9 -0.9 -0.9 -0.9 -0.9 -0.9 -0.9 -0.9 -0.9 -0.9 -0.9 -0.9 -0.9 -0.9 -0.9 -0.9 -0.9 -0.9 -0.9 67.9 77.4 85.1 92.3 105.2 120.7 129.4 135.5 133.1 134.8 136.3 133.1 137 140.6 140.5 145.3 141.1 139.1 141.9 145.7 145.7 144.4 143.5 144.9 146.9 149.1 148.4 146.9 144.3 141.3 141.3 144.7 145 146.4 143.5 145.3 148.5 151.2 147.6 147.6 146.6 146.4 146.1 144.8 145.1 143 143 141.5 141.2 140.1 137.2 137.6 137.9 138.7 137.2 134.6 136.2 135.4 134.6
-0.9 -0.9 -0.9 -0.9 -0.9 -0.9 -0.9 -0.9 -0.9 -0.9 -0.9 -0.9 -0.9 -0.9 -0.9 -0.9 -0.9 -0.9 -0.9 -0.9 -0.9 -0.9 33 76.1 81.3 91.9 100.1 113 130.4 133.7 140.2 140.5 133.8 129.4 130.6 133.3 135.8 142.7 145.9 139.1 141 142.9 145.7 147.7 144.4 142.8 142.4 147.8 149.5 146.1 145.4 141.5 141.3 141.3 141.7 146.1 145.8 145.5 148.3 148.6 147.4 147.6 145.8 145.4 144.9 144.1 144.4 143.3 143.2 141.9 141.6 140.6 139.8 139.9 140.1 141.9 139.8 138.7 137.1 137.6 136.1 134.7
-0.9 -0.9 -0.9 -0.9 -0.9 -0.9 -0.9 -0.9 -0.9 -0.9 -0.9 -0.9 -0.9 -0.9 -0.9 -0.9 -0.9 -0.9 -0.9 -0.9 -0.9 -0.9 41 86.6 93.1 103 116.8 126.3 137.3 134.2 136 135.4 128.5 129.6 132.1 134.1 134.9 142 146 139.1 139.4 142.2 145.8 148.4 143.1 141.9 141.2 143.8 144.1 143.3 144.1 142.1 141.3 141.3 141.3 146.2 145.8 147.1 147.3 148.2 145.4 143.9 144.6 142.7 142.6 142.3 142.3 141.6 141.4 141.1 141.2 141 141.1 141.1 141.7 142.5 141.3 140.4 139.5 138.3 136.5 135.3
-0.9 -0.9 -0.9 -0.9 -0.9 -0.9 -0.9 -0.9 -0.9 -0.9 -0.9 -0.9 -0.9 -0.9 -0.9 -0.9 -0.9 -0.9 -0.9 -0.9 -0.9 32.8 97.2 97.4 100 117.5 127 129.8 130.8 132.9 129.1 126.1 129.9 131.8 131.5 130.3 133.4 139.8 144.2 138.6 140.3 142.8 144.9 143.4 141 142.7 137.7 137.4 139.7 142.6 144.8 141.9 141.4 141.3 141.3 144.3 146.2 146.4 148.2 148.2 144.4 140.9 141.1 139.5 141 140.7 140.3 139.6 140.1 139.6 140.6 139.6 141.4 141.8 143.5 142.9 143.1 142.1 142.6 141 136.3 135.6
-0.9 -0.9 -0.9 -0.9 -0.9 -0.9 -0.9 -0.9 -0.9 -0.9 -0.9 -0.9 -0.9 -0.9 48.1 -0.9 -0.9 -0.9 -0.9 -0.9 101.5 99.2 97.6 97.5 101 116.8 123.9 130.1 126.4 120 120 121.3 128.9 129.5 129 129.3 136.2 135.4 138.6 135.8 142.9 143 142.2 139 138.2 137.5 135.6 136.2 140.2 143.4 146.1 141.3 141.3 141.3 141.3 143.6 146.2 144.7 144.8 144.3 142.2 140 138.5 137.2 138.5 137.4 138.6 138.2 138.6 139.5 139.4 138.8 140.9 142.1 144.5 143.9 144.2 143.5 142.7 141.2 137.9 133.9
-0.9 -0.9 -0.9 -0.9 -0.9 -0.9 -0.9 -0.9 -0.9 -0.9 -0.9 -0.9 -0.9 19.5 90.6 101.7 110.9 96.8 97.3 99.1 97.5 97.5 97.5 97.5 97.6 108.9 115.6 120.9 115.1 115.3 116.5 118 130.1 128.8 129.8 133.2 132 129.4 130.2 134.6 137.9 137.3 136.9 139 137.9 136.7 135.6 140.9 139.5 143.9 148.8 141.3 141.3 141.3 142.6 145.5 145.2 144 142.2 142.2 142.3 140.5 137 135.7 136 134.8 135.7 135.9 136.2 138 138.2 138.4 140.8 142.9 144.9 146.2 146.2 145.8 143.2 141.4 137.1 136
-0.9 -0.9 -0.9 -0.9 -0.9 0.7 -0.9 -0.9 -0.9 -0.9 13.6 70.2 100.4 97.1 103.4 117.5 111.1 104.1 99.4 100.7 104.8 101.2 97.5 97.5 97.5 100.4 102 107.6 110.4 111.2 113.5 116.3 129.8 128.1 124 124.2 126.1 129 131.3 135 136.6 137.7 136.1 137 139.3 134.6 133.7 136.9 141.9 144.2 146 141.3 141.3 141.3 143.3 145.8 145 141.4 139.8 141.9 142.6 139.8 135.7 133.9 133.5 133.5 133.1 133.3 135 136.8 137.2 138.6 141.3 143.3 145.3 146.9 147.8 146 144.1 142.3 138.3 138.6
-0.9 -0.9 -0.9 -0.9 -0.9 2.1 -0.9 -0.9 39.4 82.2 80.4 97.8 100.6 110.9 113.8 109.7 110 112.5 104.3 100.9 104 105.1 103.8 99.4 97.5 97.5 97.5 100.5 104.2 108 111.7 117.9 129.3 124 123.2 123.2 123.3 127.4 128.7 131.7 137 137.5 137.3 137.1 136.3 132 131 133.5 139.4 144.2 145 141.3 141.7 142.5 145.7 143.1 140.9 140.5 138.9 140 141.3 137.8 135.7 133.3 133.5 133.5 133.5 133.5 134.7 136.6 137.1 138.9 143 144 146.3 147.8 147.1 146.5 144 142.3 138.4 139.4
-0.9 -0.9 -0.9 -0.9 -0.9 49.6 78.7 118.3 84.4 111.6 109.3 107.2 102.6 108.9 109.7 109.7 109.7 112.5 105.3 104.4 107.2 102.4 103 105.3 98 99 99.4 101.5 105 116.5 120.5 122.1 129 123.5 123.2 123.2 127.6 125.9 126.4 131.9 140.3 142.3 137.8 137.7 136.7 130.8 129 132.8 138.5 142.8 143.1 143.5 143 142.2 142.4 138.2 138.1 138.2 137.8 137.9 138.8 137.5 133.6 133.5 133.5 133.5 133.5 133.5 133.2 136.7 137.4 139.9 141.4 143.2 146.7 147.3 146.3 145.5 143.8 142 140.4 139.9
-0.9 -0.9 -0.9 -0.9 -0.9 47.3 96 127.3 126 122.7 117 111.7 113.5 109.4 109.7 109.7 109.7 114.3 111.9 113.9 106.8 104.3 114 119.4 105.9 106.2 111.1 109.8 108.6 117.1 122.8 133.4 129.4 123.2 123.2 123.3 128.2 124.5 129.9 134.5 140 141.4 141 140 135.7 127.3 127.6 133.3 138 142.5 145.2 148.4 144.7 138.2 139 138.8 137.6 137 137 135.5 136.5 134.9 133.5 133.5 133.5 133.5 133.4 133.5 132.9 136.3 137.2 142 143.4 144.1 145.8 147.1 146.1 144.8 143.4 141.8 140.8 140.9
-0.9 -0.9 -0.9 -0.9 0.7 15 113.1 124.1 128.6 130.9 129.2 121.6 116.6 111.8 110.9 114.4 113.7 113.7 109.7 109.7 119.8 118.5 108.5 115.9 118.7 127.9 129.7 127.5 122.7 129.3 117.9 126.2 125.3 123.2 123.2 123.2 124.9 130.3 132.4 130.8 134.6 135.4 137.8 138.1 135.5 127.3 128.9 136.5 139 141 144.4 144.4 142.8 137.5 137.7 138.7 136.7 136.4 133.2 135.3 134.1 133.5 133.5 133.5 133.5 132.4 133.7 131.7 133.7 137.5 139 142 142.7 144.1 146.3 146.5 146.3 144.3 142 142.5 141.7 139.7
-0.9 -0.9 -0.9 1.7 74.8 88.3 123.7 129.8 139.4 142.4 135.2 126.8 126.9 124.7 122.7 112 110.7 109.7 112.3 109.7 115.2 117.5 111.4 112.7 120.7 130.7 131.7 137.6 124.7 126.1 128.2 128.7 123.2 123.2 123.2 123.2 123.2 129.3 132.6 128.9 138 135.1 136.9 136 132.9 127.3 127.3 135.8 141.5 142.1 142.1 142 143.5 138.7 141.3 138.6 136.4 135.5 133.6 134.4 134.6 133.5 132.4 133.5 133.5 134.4 134.7 133.8 135.6 138.3 139.7 141.7 144.2 144.5 146.2 146.1 145.5 144.4 142.5 142.1 140.4 139.3
-0.9 -0.9 6.8 87.6 112.5 129.9 131.1 146.1 148 146.5 135.5 138.2 137.7 129 125.8 119.7 116.2 111 119.1 129.1 123.6 119.5 121.1 112.8 114.1 117 127 127.2 130.4 125.5 129.7 123.2 123.2 123.2 123.2 123.2 123.2 128 126.7 127 126.7 131 135 133.6 129.5 127.3 127.3 137 140.4 141.8 140.3 139.2 137.3 137.3 139.4 135.6 133.5 134.2 133.5 133.5 133.5 133.5 131.7 133.6 133.5 133.5 135.1 134.6 137.6 140.1 142.6 142.9 145.7 146.2 146.2 146.6 143.8 143.2 141.6 142 139.9 141.4
-0.9 17.5 77.1 103.4 136.2 140.7 144.1 149.9 146.6 138.3 142.2 140.4 132.1 134.4 128.3 130.1 128.1 119.3 117.6 121 120 121.1 122.7 126.8 118.7 122.8 118.4 119.6 120.8 126.5 123.2 123.2 123.2 123.2 123.2 123.2 122.7 127 131.1 130.4 127.7 129.7 133.6 130.9 126.8 127.3 129.4 135.9 139.9 138.7 134.6 132.6 133.8 133.4 134.6 133.6 133.5 134 133.5 133.5 133.5 133.5 136 133.9 133.5 133.5 134.6 136.9 138.8 141.4 143.2 144.7 145.3 146.3 146.7 144.9 143.7 143.5 143 142.3 141 143
-0.9 51 103.8 124 146.5 146 145.4 145.8 147 146.5 151.4 149.9 147.2 138.8 134.1 141.2 133.9 124.8 119.2 126.4 127.4 122.6 124.5 131.4 129.3 121.4 121.5 122.4 128.3 128.6 123.2 123.2 123.2 123.2 123.2 123.2 125.4 135.3 130.7 130.7 132.4 130.7 127.9 127 126.4 129.4 130.3 131.8 137.1 136.8 132.1 130.6 129.3 128.9 130.5 133.9 134.8 135.9 133.5 133.8 134.6 133.4 135.3 134.2 133.5 133.5 133.5 136.8 140.9 143.9 144.5 145.3 145.5 146.7 147 146.2 143.1 142.4 142.3 142.3 141.8 143.4
1.6 72 120.8 152.8 148.2 150.9 149.8 152 146.7 151.8 159.9 158.6 149.7 149.2 146.4 148.7 136.6 125.8 128.1 134.1 135.8 130.2 131.9 129.9 126.2 125.6 129.6 127.8 125.9 123.2 123.2 123.2 123.2 123.2 123.2 123.2 126.8 131.4 136.2 135 134.8 132.9 128.2 126.1 125.7 132.8 132.9 128.2 134 131.9 129.6 129.7 127 127.5 127 129.7 134.4 137.2 132.6 135.5 134.7 135.6 133.8 133.5 133.5 133.5 133.5 137.5 143.5 146.6 146.3 145.6 146.8 146 147.1 142.3 142.3 142.3 142.2 143.1 143.3 143.7
17.8 75.3 111.6 156 153 151.7 150.9 149.5 148.2 158.2 160.3 157 154.4 152.7 149.1 143.3 142 134.5 142.9 136 138.4 142.6 136.7 131.7 130.5 128.9 127.8 135.4 126.6 123.2 123.2 123.2 123.2 123.2 123.2 123.2 125 132.1 140 136.9 142.7 134.8 129.6 126.7 124.4 132.3 127 130.8 128.5 128.1 127.5 126.9 128.1 125.6 125.7 131.2 130.1 130.9 131.1 134.1 135 135.9 134 133.5 133.5 133.5 137.7 139.6 144.8 148.4 148.1 147.2 148 145.9 145.6 142.3 143.8 141.9 142.3 143.4 145.6 145.4
45.9 90 135.4 156.7 157.1 152.5 152 149.7 151.5 159.6 158.5 160.2 156.6 151.6 145.7 142.2 139.5 143.9 146.7 142.9 145.6 144.7 136.7 136 131.5 130.6 133.8 126.4 135.8 134.4 125.6 123.2 126.4 131.8 124 127.4 132.6 132.9 133.7 137.1 139.7 137.7 133.7 124.9 124 124.3 123.5 126.8 125.1 127.8 126.8 123.6 126.1 125 124.6 128.6 130.7 126.4 126.8 131.7 130.8 131.5 132.3 132.9 133.6 134 138.2 141.4 145.6 148.6 149.1 147.9 148 146.1 144.2 142.3 143.1 142.7 144.2 143.9 147.2 147.9
59.8 105 140.5 162.8 156.8 150.1 150.3 150.2 151.1 158.5 160.6 162.1 156 153.7 145.4 144.1 141.3 143.2 144.6 145.2 141.6 142 142.1 137.1 134.2 132.7 136.8 130 138.2 135.1 139 128.4 136.4 132.1 131.5 131.2 135.4 134.1 131.6 132.7 134.6 134.7 128.4 123.5 124.6 121.3 120.2 122.3 122.5 129.1 124.3 119.8 124.1 124 120 122.3 122.1 122.5 123.5 127.2 127.3 127.4 129.7 130.8 134.4 133.8 138.6 142.2 145.7 147.7 148.4 148.3 147.6 146.3 143.2 142.3 142.4 143.2 143.9 145.2 147 148.2
82.1 114.2 154.9 160 153.9 150.4 150.3 152.1 150.9 158.7 160.3 159.7 156.8 153.3 147.5 142.3 140.7 142.6 142.6 143.7 142.8 140.3 141.2 138.3 136 140.1 136.3 137.5 141.4 138 138.3 139.7 136.6 138 141 141.9 138.4 133.1 130.2 134.9 134.4 125 123 122.2 128.8 120.2 117.9 116 116.3 119.8 119.3 114.4 117.6 121.3 114.4 114.6 121.6 123 121.3 122.1 120.4 122.1 124.6 128.1 131.8 135.1 138 142.9 145 146.4 147.9 147.4 147.5 145.1 142.2 141.5 142.3 142.8 141.9 143.9 146.1 147.6
85.1 134 153.1 154.4 153.5 151.3 150.3 150.6 151.4 153.8 159.1 159 156.5 150.6 147.8 147.6 142.6 142.3 140.6 142.8 144.1 142.3 136.5 140.7 136.9 136 135 146.2 139.2 138.1 137.7 136.6 137.2 140.6 138.2 138.6 136.9 131.7 130.8 128.2 124.6 123.1 123.9 121.5 122.1 116.8 114.8 114.4 114.4 114.4 114.4 114.4 116.2 114.4 114.4 118.5 116.4 116.1 119.2 116.8 117.9 120.1 122.3 123.8 125.3 130.8 136.3 141.3 144.3 144.4 145.2 147.1 146.4 143.5 142.7 142.8 141.4 140.9 140.5 142.8 143.3 145.1
105 150.6 153.1 154.2 153.2 151.3 150.3 152.6 152 158.6 160.6 159.8 155.7 151.7 149.9 146 146.7 146.8 145.1 141.9 144.8 137.7 137 140.9 138.7 136.3 140.2 141.7 139 136.6 136.6 141.4 137.2 137.3 137.3 134.1 129.3 125.2 124.9 125.5 128.1 121.5 121.5 124.9 118.2 116.6 115.4 114.6 114.4 114.4 114.4 114.4 114.4 114.4 114.3 114.4 115 113.5 115 112 114.9 117.7 119.8 119.3 120.7 124.8 131.6 140.1 142.5 143 142.5 144.2 144.6 142.1 142.1 141.4 141.5 140 139.7 139 140 143
151.3 155.6 156 155.4 157.1 155.6 150.8 155.5 156.3 158.6 160.6 161.1 156.7 154.3 152.5 151.4 154.3 154.9 148.2 143 143.8 144.8 147.9 147.5 142.8 134.8 138.4 136.6 136.6 135.8 136.6 133.9 132.5 132.5 132.5 129.8 125.2 126.2 130.1 131.5 130.5 122.2 122.4 123 121.7 117.9 114.8 114.6 115.1 114.4 114.4 114.4 114.4 115.6 114.4 115.3 115.2 112.7 109.8 109.3 109.3 112.2 114.7 119.3 118.5 124 126.7 132.9 137.6 140.2 141.1 142.1 141.1 138.8 138.3 139 138.4 138 137.8 137.1 138 141.8
161.3 157.5 155.5 155.8 156.5 154.5 152.3 154.3 159 160 162.9 157.4 156.8 158.6 157.5 157.6 160.1 158.5 151.3 150.2 149.1 150.9 151.2 144.2 141.4 136.1 136.6 138 137 137 132.5 132.5 132.7 139.5 135.1 130.5 126 132.4 131.2 136.7 127.9 127.8 125.6 124.5 124.1 121.9 115.9 117 117.7 114.4 114.4 114.4 114.4 116 114.5 114.3 112.6 109.9 108.3 109.3 109.3 109.3 110.9 114.3 116.8 122.6 124.5 125.7 128.6 133.7 137.7 138.5 136.7 136.5 137.3 137.2 136.9 136.6 136.1 137.1 138.2 139.6
161.2 157.5 155.7 154.4 153.7 152.9 152.6 155.6 159.8 160.8 160.3 156.7 160 158.9 158.8 160 160.4 158 155 153.9 151.6 152.6 151.7 145.4 139.7 135.5 136.4 135.9 133.8 133.9 132.5 133.2 132.5 137.7 137.8 128.2 138 137.2 137.8 132.6 132.7 140.1 131.2 128.4 124.7 125.2 120.2 118.8 118.7 121.3 116.8 117.7 121 119.5 115.6 117.5 111.7 111.6 110.9 111.5 109.3 109.3 109.5 109.3 111.8 113 118.8 121.1 124.8 126.8 130.6 132.3 131.9 132.7 134.9 134.6 134.8 135.5 136.6 136.8 137.1 138.9
161.4 157.4 154.5 153.3 153.9 155.2 151.3 159.8 155.9 156.1 158.3 159.3 164.2 161.3 159.2 158.3 158.3 157.3 154.3 152.8 148.6 147.1 150 144.5 138.3 139.9 138.1 134.6 132 133.2 134.2 137.4 138 147 138.9 132.2 139.3 141.6 138.8 135.1 138.3 144.7 144.3 134.9 131.2 127.5 127.4 125.7 125.4 121.1 119 122 124.8 121.4 119.9 120.1 111.4 110.6 109.6 109.3 111.5 109.3 109.3 109.3 109.3 109.3 109.3 114.8 121 125.8 127.5 126.6 128.1 129.7 132.6 132.8 133.5 133.2 135.2 135.6 136.8 136.4
161.6 156.8 153.9 153.9 153.2 153.9 151.6 153 153.4 155.6 159.2 159 159.8 161.2 161 157.6 157.5 154.9 151.2 146.9 147.5 147 146.3 143.9 138.8 138.8 138 135.7 135.1 136.5 137.3 142.1 145.7 142 139.9 137.3 142.9 144.4 141.5 138 141.5 145.1 145 136.7 137 130.8 129.4 127.1 129.8 128.7 125.9 125.1 127 124.1 118.7 117.7 110.9 111.2 108.4 110.4 109.2 109.3 109.3 109.3 109.3 109.3 109.3 110.9 112.7 118.7 121.3 123.4 122.9 123.8 126.6 129 130 130.9 133.1 133 132.8 133.4
162 158.4 157.6 155.9 154.5 152.4 151.6 151.6 151.6 152.6 154.7 156 159.1 156.4 157 155.4 155 154.2 151.5 148.8 147 147.4 147.4 143.4 141.6 143 140.4 139.5 143.7 142.4 138.7 140.5 141.5 143.6 146.8 149.5 148.4 145.6 144 145 144.1 143 140.8 139.5 139.1 134.8 132.7 134.3 134.1 133.4 128.1 128.3 129.8 125.6 123.6 121.2 112.4 111 108.5 110.6 112.2 109.3 109.3 107.4 109.3 109.3 109.3 109.4 112.6 119.5 116.3 116.8 117.7 118.5 121.4 126.1 127.8 127.6 130 130 129.3 129.8
162.9 160.7 161 161.6 155.6 151.8 151.6 151.6 151.6 151.6 151.6 151.6 151.6 151.6 155.5 153.1 151.9 151 149.6 148.6 146.9 149.3 147.7 144.1 142.1 143.8 143.4 143 143.7 146.5 143.9 143.3 152 154.5 157.2 154.2 152.9 149.5 147.2 151.8 146.5 144.3 144.1 141.6 136.7 139 133.6 139.4 136.3 132.6 132 131.2 132.1 128.5 126 120.5 118.3 116.5 110.8 114.5 110.5 109.3 109.3 109.3 109.3 109.8 110.9 110.8 112.3 115.7 116.1 112.4 115.8 117.2 117.9 121.3 122.9 123.8 125.9 125.4 126.5 125.5
162.7 161.9 160.5 159.8 155.2 152.6 151.6 151.6 151.6 151.6 151.6 151.6 151.6 151.6 151.7 151.9 151.5 150.2 149.3 145.9 145.1 146.5 147.1 145.1 148.9 143.5 144.5 145.4 144.7 147.9 144.4 152 160.5 160.4 158.3 155.1 158.6 151.6 150.3 152.5 149.7 152.3 151.4 144.9 139.3 137.4 138.3 139.2 136.4 139.8 135.1 135.2 135.2 133.6 126.4 124.3 120 120.1 120.6 119 111.6 111.6 110.7 107.3 109.3 111.6 110.6 109.6 110.7 110.2 109.3 110.5 113.7 112.5 112.4 115.7 120.3 119.7 121.4 121.8 122.3 122.9
163.1 162.6 161.7 158.6 153.8 151.6 151.6 151.6 151.6 151.6 151.6 151.6 151.6 151.6 156.3 151.5 150.3 148.5 146 144.8 144.8 144.8 145.9 143.4 148.9 144.3 143.2 144.1 143.6 145.5 147.2 154.8 160 160.9 159.3 160.3 158.7 156.8 152.6 157.3 154.9 158.6 156.6 150.6 145.2 144.1 147.8 145.2 138.1 137.6 140.1 140 137.5 132.3 130.3 126.9 123.7 126.5 122.7 117.6 114.1 114 114.4 111.2 112.3 112.5 111.7 109.3 109.3 109.3 109.6 109.8 109.4 109.3 111.1 113.9 116.6 117.2 117.7 119.2 119.8 119.4
163.6 164 163.6 161.3 154.6 151.6 151.6 151.6 151.6 151.6 151.6 151.6 154 152.6 151.6 151.4 150.1 147.7 146 146.2 144.8 144.8 144.8 143.3 146.7 148.9 148.9 148.9 143.8 144.8 151.6 157.4 160.7 161.8 164.8 165.1 164.5 162.5 157.9 159.4 160.9 165 160.9 158.7 152.6 151.2 148.6 147.9 147.1 144.3 145.8 145.2 138.8 135.6 131.2 129.1 128.6 127.1 123.2 117.9 115.9 115.8 113.8 113.7 113.5 114.1 113.5 109.3 109.3 109.3 109.3 109.3 109.3 109.3 111.3 112.9 114.2 112.5 114.6 116.3 117.5 117.9
164.4 165.8 165.7 162.1 156.8 152.6 151.8 151.6 151.6 151.6 151.6 151.6 151.6 151.6 151.5 153.3 153.7 148.7 150.7 150.3 144.8 144.8 146.4 148.9 147.5 143.6 144.7 148.9 146.1 144.5 150.4 158.7 159.1 161.9 166.5 167.4 167.1 167.2 162 164.1 166.2 167.2 165.8 161.5 161 158.4 156 155.5 153.6 150.8 152.8 146.2 142.4 139.6 134.8 133.3 130.3 126.8 123.6 119.4 118.3 115.7 113.6 117.2 115.7 113.7 110.7 109.3 109.3 109.3 109.3 109.3 109.3 109.3 109.3 109.3 112.3 110.8 113 113.9 114.7 116.8
