Game/Highland_Data/StreamingAssets/GeoData/Data/hu/HU44.asc
ncols 200
nrows 200
xllcorner 440000
yllcorner 1140000
cellsize 50
[rows 38 to 75 of 200, columns 0 to 84 of 200]
-0.7 -0.7 12.2 16.2 25.5 35.4 47.1 61.6 74 82.4 95.9 118.7 138.8 146.4 144.4 137.8 130.6 126 125.3 124.4 120.5 118.5 117.6 118.1 121 119.5 117.8 117.8 115.6 112.4 109.9 103.3 95.3 91.5 86.9 81.4 74.9 68.7 62.9 64.2 67.9 69.6 73.6 81.1 85.1 83.8 76.8 66.2 57.7 49 36.5 30.3 23.8 19.3 23.1 23.3 21.2 18.1 15.8 16.1 14.5 16.2 21.2 30.3 35.3 43 44.4 44.1 44.9 46.1 45.4 44.8 42.7 42.1 40 38.7 36.6 33.1 29 25.8 22.9 18.7 13.7 8.6 4.9
-0.7 -0.7 15.9 21.3 32.4 43.4 56.4 68.9 80.1 87.3 101.2 122.5 139.4 143.2 139.6 129.7 124 121.8 119.8 117.8 117.8 116.1 115.5 115.7 122.3 118.2 116.1 113.5 109 109.5 107.6 101.9 96.5 93.6 86.3 78.3 69.7 61.2 59.1 64.5 67.9 68.8 72.8 80.5 82.8 83 77.8 66.3 55 46.7 34.8 29.9 24 22.6 24.8 23.8 21.2 17.8 17.7 16.3 17 19.8 26.5 35 43.1 49.4 46.5 54.1 51.6 48.9 48.5 46.5 45.1 42.8 41.1 39.4 35.4 32.2 28.1 25.3 23 19.6 14.8 9 5.9
-0.7 10.7 19.1 28 40.7 52.4 62.8 74.9 84.8 93.1 105.9 124.8 138.6 139.1 133.6 123.6 118.1 115.9 114.7 114.3 113.9 113.9 111.3 115.3 119.8 113.1 111.2 107.3 104.2 102.5 101.2 94.8 92 91.8 83.4 75 67.2 59.2 59.1 65.2 67.4 67.4 73.4 79.9 83.6 82.5 75.1 64 51.6 43.6 35.3 29.6 26.5 27.5 28.1 24.1 20.6 18 17.5 17.7 22.4 26.7 34.9 44.5 52.2 55.5 47.7 48.6 59.8 56.8 50.2 49.5 48.7 43.6 42.2 38.6 35.3 32.2 28 25.2 22.6 19.6 13.7 7.9 5.9
-0.7 20.9 25.9 35.5 45.7 58.6 69.4 80.7 89.1 97.8 108.7 127.3 133.6 131.6 125.4 117.1 112.1 110.9 109.8 110.6 109.2 109 108.4 110.8 113.9 109.2 106.3 103.2 100.6 98.1 93.2 88.6 88.1 84.9 76.8 69.2 59.7 59.1 59.1 63.7 65.8 67.5 73.9 79.9 84.9 83.7 73.1 62.5 51.8 42.4 34.8 29.6 28 34.5 29.4 24.8 21.1 18.6 18.1 19.9 29.7 38.3 49.6 55.1 56.6 51 48.7 49.1 49.8 57.1 53.7 52 48.7 45.4 42.1 38.2 35.8 31.5 28.6 25.2 21.4 16.3 10.6 7.1 3.4
13 25.4 31.2 41.1 49.2 65 74.7 86.5 94.5 101.2 113.1 124.3 127.8 125.5 118 111 108.2 105.9 107.1 107.2 107.2 108.9 104.5 106.5 106.9 102.8 99.9 100.1 99.4 92.1 88.7 85.7 83 78.6 72 63.9 59.1 59.1 60 63.4 65.6 68.4 74.9 79.5 84.4 83.3 70 61.6 50.1 41.7 34.3 29.1 30.9 33 27.8 24.4 20.7 19.2 19 30.5 41.1 51.5 57.1 59.8 59.9 49.5 49.3 49.6 66.3 60.3 56.9 54.8 50.2 47.3 43.1 40.2 35.4 32.1 29.2 26.8 22.2 15.9 10 5.4 3
16.4 26.4 32.3 42.6 55.3 69.4 82.1 92.3 97.3 106.3 113.1 117.8 121.3 120.2 112.4 107.4 106 103.6 105 104.1 105.6 104.7 100.8 101.9 102 97.4 98 97.8 93.5 88.8 86.8 85.7 80 75.3 69.7 62.4 59.1 59.1 63.1 64.8 66.1 70.5 77.2 80.4 82.3 78 66.4 58.8 47.4 40.5 32.3 28.4 34 32 27.6 22.7 19.5 19.6 26.6 38.7 48.5 56.3 63 66.1 64 54.4 50.4 50.4 69.3 64.6 61.7 61.7 57.6 50.9 44.7 40.3 33.2 30.7 28.5 27.1 22.2 15 8.8 3.7 1.9
16.3 24 31.7 50.4 59.4 71.7 83.3 91.7 96.4 106.8 111.2 114.3 115.1 113.9 109.2 105.8 103.7 102.7 102.6 100.9 102.3 101.1 97.6 96.6 95.5 93.8 95.3 94.4 91.7 89.6 84.5 82.1 77.6 73.7 66.8 59.1 59.1 59.1 64 66.4 66.9 73.3 78.3 81.5 82.5 77.6 65.1 57.6 45.5 35.2 29.8 29 34.7 31.1 25.4 21.6 21 25.2 33.3 44.5 54.7 62.3 67.4 72.8 72.9 67.5 69.3 76.1 76.1 68.8 65.7 62.5 56.2 48.8 43.4 35.8 30.4 27.5 25.7 22.6 18.4 12.4 6.1 1.8 -0.7
13.7 22.1 33.3 43.8 57.2 68.1 79.1 88.1 94.8 102.3 106.8 109.4 110.3 109.6 107.8 106.3 102.9 101.5 101.4 100 99.3 97.9 95 95.6 93.4 92.7 95.6 93.3 89.6 85.1 81.6 79.8 74.9 70.6 64.2 59.1 59.1 59.1 62.8 64.7 67 72.9 78 81.3 82.8 73 60 50.7 40.9 31.9 29.1 29.8 32.8 29.4 25.1 22.5 22.7 30.9 39 50 58.8 67 72.1 76.4 79.3 81.7 79.4 78.3 74.7 69.2 65.8 60.8 52.4 47 39.3 33.3 27.6 24.8 21.8 19.6 12.6 7.7 2.9 -0.7 -0.7
12.8 25.2 36.5 51.3 63.6 73.3 82.1 88.2 95.2 102.4 106 110.3 112 111.7 110.8 106.1 102.6 100.4 99.4 99.1 96.8 94.6 93.4 93.4 92 90.4 94.9 91.7 88.7 85.2 81.8 78 72.9 67.6 62.9 59.1 59.1 59.1 63.7 65.3 67.5 72.5 77.5 81.5 82 67.8 54.4 46 38.3 31.6 28.5 29.3 32.1 28.7 25.5 24.1 28.4 34.9 44.5 54.5 63.5 71 76.2 80.9 84.1 85.5 83.2 80.7 75.5 67.6 63.5 58.4 51.9 45.6 39.1 31.4 26.4 22.7 17.7 12.9 8.4 4 -0.7 -0.7 -0.7
21.5 35.4 49.3 60.4 71 78 85.2 92.7 98 104.4 110 113.4 114.6 113.6 114.2 108.9 103.3 101.2 99.5 97.1 96.9 93.9 92.8 92.4 91.3 89.9 91.5 89.5 86.7 85.9 85.9 79.9 73.1 67.4 59.6 59.1 59.1 60.5 64.1 65 67.8 71.4 74.8 79.4 76.6 63.1 52.1 44.8 35.5 28.9 27.4 30 30.9 28.8 26.8 27.2 33.4 41.7 50 58.4 67.1 74.1 78.4 82.8 83.2 84 81.2 80.5 73.4 64.5 60.5 56.4 52.8 43.4 36.3 29.7 23.8 17.9 14.1 9.8 5.8 3 -0.7 -0.7 -0.7
32.6 46.6 60.7 73.9 78.6 84 90.8 97.1 103 110.5 115.1 116.9 117.8 116.3 115.1 111.3 105 105.1 101.6 96.2 96.4 93.6 92.4 90.8 89.9 89.9 89.9 90.5 88.7 84.1 84.2 81 74.5 68 59.1 59.1 59.1 59.1 64.1 64.9 66.2 68.6 69.9 72.2 65.5 55.9 48.8 42.4 31.3 26.7 26.3 30.2 30.9 29.5 29.2 31.6 38.6 46.1 53.7 62 70 76.7 79.2 80.8 79.7 79.3 77.6 73.5 66.7 62.1 56.4 55.4 47.3 40.5 33.6 28.3 22 15.1 10.5 7 5 0.2 -0.7 -0.7 -0.7
44 58.3 73.1 83.7 85.2 86.6 92.8 100.6 109.1 114.6 118.9 121.6 121.2 119.5 116.9 113.5 109.7 108.8 104.9 100.5 96.8 94 93.8 91.3 89.9 89.9 90.4 90.6 90.6 84.1 80.2 79.2 73.6 67.2 60.5 59.1 59.1 59.1 62.9 64.7 65.9 66.5 66.4 64.8 60.3 55.2 47.7 37 28.4 25.5 25 29.1 30.8 31.1 31.9 35.4 41.2 48.8 56.2 64.5 71.5 76.7 78.1 78.7 76.5 75.1 71.9 67.4 63.2 57.7 50.4 47.3 42.2 36.6 32.1 26.2 21 12.9 10 8.7 6.1 -0.7 -0.7 -0.7 -0.7
57.2 72.1 87 92.2 88.1 89.7 95.7 106 113.3 118.6 123.2 125.6 126.7 125.3 122.1 118.3 114.7 111.3 106.3 103.4 101.2 98.5 94.6 95.2 92.1 91.5 91.4 90.3 88.3 85.7 79.8 75.1 71.6 66.4 60.9 59.1 59.1 59.1 61.6 63.1 64.2 65 64.9 65.7 61.5 54.3 44.7 33.8 26.3 24 26.1 30.3 31.2 33 35.5 38.9 44 51.7 60 67.4 74.5 80 80.3 78.2 75.1 71.4 68 63 58.7 51.2 45.2 40.8 36.8 34 32.2 25.9 18.1 13.2 13.1 11.7 4.6 -0.7 -0.7 -0.7 -0.7
68.8 86.7 97.1 98.5 92.1 94.2 100.8 110.3 118.6 124.3 128.4 130.8 131.5 130.3 126.9 124 120.5 116.2 112 107.5 104.1 101.7 98.8 96.5 94.7 93.6 91.3 89.8 90.8 84.7 80.7 75.6 71.2 68.2 63.9 59.1 59.1 59.9 60.1 61.3 61.9 63.7 65.4 67.1 58.2 50.2 40.9 33 24.7 23.5 27.3 30.9 32.4 34.8 37.8 41.6 48.1 56.2 63 70.7 77.6 82.3 83.9 78.4 72.5 70.1 68.1 60.9 54.4 46.4 40.5 36.3 33.5 29.8 26.2 19.5 13.9 11.2 13.8 8.3 1.9 -0.7 -0.7 -0.7 -0.7
77.1 96 103.8 101 96.7 99.5 107.2 115.1 124.5 129.4 134.2 136.6 135.6 134.6 133.5 128.4 123 119.5 115.3 109.7 107 104.8 101.7 97.9 96.4 93.9 90.6 88.3 85.1 80.9 79.3 74.6 71.3 68.1 64.3 59.1 59.1 59.2 59.2 59.1 60.1 62.3 65.8 68.3 55.1 46 37.3 28.9 23 22.9 28 31.5 32.3 34.9 39.4 44.3 52.2 59.8 66 73.2 80.2 85.7 83 76.9 70.7 67.2 61.6 55.9 48.8 41.6 35.7 32.8 29.8 24.6 19.6 14.6 10.5 10.2 10.9 4.5 -0.7 -0.7 -0.7 -0.7 -0.7
84 104.3 108 100.1 99.9 103.7 112.5 119.8 128.8 135.1 139.1 140.7 136.9 135.6 137 131.7 125.2 120.9 117.2 112.2 108.6 107.3 104.2 101.3 99.7 96.5 92.3 88.2 82.9 79.6 76.9 74.3 70.4 67 64.4 62.7 60.9 60.4 59.8 56.3 57.7 59.9 63.7 60 51 43.2 34.4 26.2 22.1 22.5 27.4 30.7 32.5 35.6 40.5 47.4 54.9 61.7 68.1 75.3 82.7 87.5 83.3 77.6 68.2 65.3 59.1 52 45.8 39.1 32.1 28.9 25.8 20.1 15.2 11.1 8.6 7.1 5 -0.7 -0.7 -0.7 -0.7 -0.7 -0.7
87.6 109.8 109 101.4 102.2 107.5 116.1 123.7 132.6 140.1 144.1 143 137.7 137.3 135.7 129.7 124.9 121.2 119 114.1 110.9 107.7 106.4 106 102.6 97.9 94.4 88.2 82.9 79.6 77.5 74.4 70.1 66 63.3 62.5 60.9 60 55.1 51.3 54.2 55.6 59.2 56.6 48.4 40.3 32.7 24.6 21.3 22 26.4 31.1 33.3 36.9 42.7 50 56.6 63.7 70.2 77 84.4 89 83.6 73.8 64 59 53.1 49.2 42.2 35.7 30.4 25.3 21.1 15.6 9.6 8 6.3 4.1 -0.7 -0.7 -0.7 -0.7 -0.7 -0.7 -0.7
91.3 110.5 108.6 102 102.9 109.4 117.6 126 134.7 144.3 146.6 144.4 138.1 136.6 132.3 130.7 126.9 122.5 120.9 116.9 111.7 108.7 108.2 110.9 105 100.4 95.2 88.7 83.3 78.9 77.3 74.2 68.7 64.9 63 60.1 56.5 53.6 50.8 48.9 49.8 50.7 53.6 51.7 45.4 38.3 30.7 23.1 21.2 22.8 25.1 29.9 33.2 39.1 45.2 51.7 58.4 66.2 72.6 79 87.8 92.8 82.9 71.8 62.5 55.2 51.8 46.5 41.7 33 27.7 21.5 17.7 12 8 4.7 3.6 0.8 -0.7 -0.7 -0.7 -0.7 -0.7 -0.7 -0.7
97.5 110.7 106.9 102.3 102.6 108.2 117.2 127.5 137.6 148.2 146.3 142.1 137.1 133.2 130.3 129.7 127.5 125.2 123.9 118 112.8 109.7 112 115.3 110.2 104 97.3 88.7 82.1 78.6 73.4 69.5 66.1 64.2 62.5 59.2 55.6 50.7 46.4 44.9 45.4 46.2 46.6 45.4 41.9 34.5 27.9 21.2 20.4 22.4 25.3 31.3 35 40.2 46.1 52.7 60.5 67.8 74.9 81.5 90.8 94.5 79.1 70 60 53 48.8 44 38.2 29.1 23.3 17 11.5 6.5 3.4 1.8 2.3 -0.7 -0.7 -0.7 -0.7 -0.7 -0.7 -0.7 -0.7
103 112.9 105.5 102.7 101.1 107.1 116.3 127.6 138 146.5 145.3 140.3 136.1 132.7 132.1 130.4 129.3 127.7 124.5 118.2 112.9 110.5 112.8 114.4 110.9 106.5 96.5 89.9 80.4 74.6 70.5 67.2 65.1 64 63.6 59.7 56 51.3 47.1 39.9 39.8 42.2 41.7 40.8 40 31.6 24 21 19.8 23.1 27.4 32.4 35.5 40.6 46.6 53.9 61.7 68.6 75.9 84.3 92.4 87.6 77.5 64.8 54.9 48 44 37.7 30.9 25.4 18.3 11.7 7.2 3 1.6 -0.7 -0.7 -0.7 -0.7 -0.7 -0.7 -0.7 -0.7 -0.7 -0.7
107.3 111.6 103.5 101.8 100.7 106.4 115.8 126.6 138.4 144.1 144.5 140.6 133.2 131.1 131.8 131.6 129.8 126.8 124.7 120.1 115.4 112.2 111.8 113.4 111.2 103.5 95.5 87.8 80 72.3 69.1 67.2 66.1 66 64.2 61.4 56.3 52 47.1 40.2 33 35.5 37.9 36.2 36.1 30 22.4 19.7 19.8 24.3 29.2 33.7 36 41.5 47 54.9 62.1 69.3 76.4 81.8 86.1 83.1 70.6 57.4 49.9 43.8 40 33.9 27.8 20 12.5 7.1 3.2 1.3 -0.7 -0.7 -0.7 -0.7 -0.7 -0.7 -0.7 -0.7 1.6 1.1 -0.7
112.9 109.3 101.8 99.8 99.3 106.7 116 126.1 135.9 142.5 144.1 139.5 132.6 131.5 131.6 132.2 129 126.4 124.1 120.8 115.9 111.3 112.2 112.3 110.7 101.4 92.4 85.3 77.1 69.7 67.1 66.5 66.8 65.6 64 61.5 57.5 51.7 48 42.7 37 29.2 32.7 32.2 32.2 28.6 23.3 19.4 20.7 24.6 29.3 34.1 37.8 42 47.5 54.7 61 67.2 73.9 79.8 80 75.8 62.9 51.7 46.2 40.4 34.5 28.6 20.6 12.4 8 4.2 -0.7 -0.7 -0.7 -0.7 -0.7 -0.7 -0.7 -0.7 -0.7 0.2 0.7 1 1
115.2 107.8 99.7 97.9 97.1 106.1 116.8 126.3 135.6 141 145.1 139 133.1 130.6 132.4 131.4 127.1 125.4 122.2 120.1 115.6 111.4 110.5 110.7 106.7 97.7 89.1 82 72.6 66.9 64.7 64.8 65.2 64.4 63.7 61.9 58.1 50.8 46.8 41.6 36.6 28.7 26.1 28.5 30.8 28.2 23.7 19.3 21.3 24.7 29 33.3 37.8 42 47.2 54.3 60.6 66.1 72 75.1 74 69.8 58.3 48.6 43 38.4 33.6 23.3 14.7 7.3 4.3 1.7 -0.7 -0.7 -0.7 -0.7 -0.7 -0.7 -0.7 -0.7 -0.7 -0.7 0.7 1 4.1
114.8 107 96.6 93.7 96.6 104.6 116.6 126.4 134.6 142.2 145.5 138.7 133.5 130.5 134.3 133.5 126.3 120.7 118.1 117.5 114.4 114.3 109.1 106.3 103.5 95.3 87.1 78.2 69.6 64.9 62.7 62.9 63.3 63.8 63.9 61.1 56.8 51.7 44.1 40 34.7 26.2 24.3 23.9 27.2 27.2 21.9 18.4 19.9 24 28.4 32.8 37.7 41.6 46.9 53.7 59.6 64.8 68.9 71 67.9 62.6 53.2 45.2 40.2 35.3 27.8 19.7 8.9 3.2 2.2 0.9 -0.7 -0.7 -0.7 -0.7 -0.7 -0.7 -0.7 -0.7 -0.7 -0.7 -0.7 1 10.4
114 105.6 93.6 92.1 95.9 104.7 115.5 125.7 134.2 144.7 145.2 138.7 133 130.1 130.4 128.6 121.9 118.4 117.9 115 111.3 109.4 105.4 102.9 102.3 93.1 84.1 76.7 68.2 63.6 61 62.8 63.3 62.8 63.3 60.5 54.2 49.5 43.7 36.8 31.7 25.2 25.6 25.9 20.3 22.6 17.6 16.8 19.4 24 28.4 32.5 37.6 41.9 47.1 53.1 58.7 63.7 65.7 66.6 64.1 58.1 49.5 41.3 38.1 30.1 24.2 14.8 6.4 4.7 3.7 -0.7 -0.7 -0.7 -0.7 -0.7 -0.7 -0.7 -0.7 -0.7 -0.7 -0.7 -0.7 5.9 14.3
111.1 100.7 91.3 90.6 94 104.1 112.6 125.4 134 142.1 144.1 138.6 133.9 131.2 128.4 125.1 120 116.5 114.3 109.6 105.1 103.4 101.1 99.5 96.4 89.7 81.1 74.8 66.5 61.9 60.1 60.8 60.5 61.2 62.4 59.4 53.9 47.6 41.8 35.3 29.2 24.6 25.6 24.2 19.9 18.7 17.5 16.4 19.3 25.2 28.5 33.3 36.7 42.2 47.2 51.7 56.9 60.9 62.6 62.5 61.1 54.8 46.2 40 34.1 26.4 21.4 17 8.3 4.9 3.8 -0.7 -0.7 -0.7 -0.7 -0.7 -0.7 -0.7 -0.7 -0.7 -0.7 0.4 1 8.8 18.3
106.6 96 90.8 90 93.3 103.6 110.7 122.7 133.5 142.4 143.8 137.9 135.2 132.6 126.9 123 117 113.6 109.9 106.4 102.4 101.5 98.8 94.6 90.2 83 76.7 72.2 62.5 60.7 59.9 58.4 58.3 59.2 58.9 56.6 50.2 45.2 39.4 33.4 26 23.2 25.4 21.8 18.7 17.3 16.9 15.8 21.3 25.2 29 32.9 35.4 41.4 45.8 50.2 56 58.7 59.9 58.3 56.9 50.9 42 34.1 25.9 21.5 22.4 13.6 6.3 3.1 2 -0.7 -0.7 -0.7 -0.7 -0.7 -0.7 -0.7 0.5 2.6 3.7 3.1 3.2 14.9 22.4
102.8 92 88.9 88.4 92.4 102.1 109.4 119.5 135.4 145.1 143.8 137.3 132.9 130.7 124.6 119.6 115.5 111.3 108.1 104.8 101.9 101.6 99.7 93.7 89.8 83 76.1 70.5 61.8 59 59.3 58.3 57.1 56.8 56.1 52.5 48.7 42.3 36.1 30.3 23.7 23.3 24.6 20.8 16.9 15.8 15.8 16.2 21.1 24.8 28.5 32.4 35 41.1 45.3 49 53.8 55.6 56.1 54.3 49.4 40.9 31.2 24.8 19.9 19.7 20.6 11.2 4.6 1.5 -0.7 -0.7 -0.7 -0.7 -0.7 -0.7 -0.7 3.6 3.8 4.1 3.7 3 8 19.2 24.8
98.7 88.7 83.7 85.8 92.8 100.7 108.7 119.3 134.1 144.1 140.9 136.8 130.1 124.9 120.4 116.5 114.4 110.5 106.2 103.9 101 103.2 104.4 95.5 89.5 82.3 75.3 68.1 61 59 58.6 58.6 57.2 56.7 54.9 52.3 46.2 40.7 34.7 28.2 21.7 22.8 23.5 19.7 15.1 14.2 15.2 17.4 21 24.4 28.1 31.1 34.1 39.8 44.2 47.7 51.8 52.2 51.4 50.3 43.8 35.6 26.4 19.2 17 16.2 12.8 6.6 3.1 0.5 -0.7 -0.7 -0.7 -0.7 -0.7 -0.7 1.4 3.9 4.5 4.2 3.8 7.3 15.1 19.6 25.2
94.7 82.9 83.3 86.3 92.2 98.4 107.7 119.5 132.4 141.3 136.8 132.3 125.7 120.4 116.3 114.5 112.3 108.8 105.7 100.3 99.1 101.3 101 92.7 87.2 79.9 72.9 65.3 60 58.1 58.6 58.2 57.3 55.5 54 49.7 43.7 38.3 32.1 25.5 20.3 21.2 21.5 17.1 14.1 13.8 15.4 18 21.7 24.3 27.3 30.9 33.4 38.9 43.6 47.3 47.3 47.3 47.1 43.5 42.1 30.4 21.7 17.2 13.9 13 8.7 3.6 3.6 -0.7 -0.7 -0.7 -0.7 -0.7 -0.7 2.1 3.2 5 5.5 5.7 5.9 12.7 19.4 22.9 27
85.4 80.3 81.8 86.3 90.6 98.2 106.4 118.6 128.6 135.3 131.6 127.3 122.3 117.7 113.1 111.2 110.5 104.9 101.2 96.4 93.8 93.9 92.6 90.4 82.8 76.6 70.1 62.5 56.7 56 56 56.5 55.5 53.6 52.2 47.5 42 36.1 29.1 23 19.6 20.2 19.1 15.8 13.6 13.3 14.8 16 19.1 22.4 26.7 30.8 33.8 37.5 42 45.6 43 43.2 42.2 39.7 35.3 22.5 17.7 14.3 11.1 10.3 5 1.2 5.6 -0.7 -0.7 -0.7 2.9 3.2 3.1 2.9 4.3 6.7 7.5 8.2 10.4 16.4 22.4 27 30.9
77.1 76.3 81 86.6 92.1 99.2 109.1 119.3 125.4 132 135.9 129.5 122.6 116.6 112.1 108.1 104.5 102 99.2 93.2 91.3 89.9 89.5 86.2 78.6 74.5 67.7 59.3 55.6 55.1 56.2 57.7 56.7 54.4 51.8 46.4 39.7 34.4 27 21 18.8 18.3 16.4 12.6 12.7 13.2 13.8 15.8 18.5 21.9 26.5 30.7 31.8 36.5 39.8 43.2 41.8 41 35.8 35.7 26.8 18.5 13.1 10.1 7.8 5.1 -0.7 -0.7 -0.7 -0.7 -0.7 1.7 3 3 3.9 5.8 7.7 11 12.1 13.1 15.3 18 24.4 29.1 32.9
73.8 75.2 81.1 86.3 92.3 100.7 112.1 121.3 126.9 133.7 137.4 131.5 122.5 117.6 110.3 102.9 99.7 97.1 92.3 89.7 88.7 86.2 85.8 82.9 76 70.4 63.3 56.9 54.7 54.2 56.3 57.8 56.4 54.1 51.4 47.6 40.1 33.2 25.4 20.1 18.3 16.7 14.2 11.2 11.1 11.9 13 15.1 17.1 20.6 24.6 28.6 31.3 35.2 37.8 40.8 38.4 36.2 30.8 26.1 20 13.7 10.8 8.7 6.7 3.3 -0.7 -0.7 3.4 0.7 0.6 2.6 3.1 3.2 4.2 6.6 10.2 14.2 13.6 14.9 18.3 24.1 29.5 33.2 37.7
65.9 75 79.6 85.2 95.3 102.4 116.2 123 129.5 131.7 136.7 130.4 123.1 116.8 108 101.6 94.6 91 86.2 84.5 83.4 82 82.7 82.2 73.4 66.7 60.7 55 53.2 52.4 57.2 57.7 55.1 54 51.5 46.2 39.6 31.8 24.1 19.2 17.5 15.7 12 10.6 11.3 11.8 12.7 14.4 17.7 19.9 23.5 27 29.3 34.4 36.6 37.2 35.1 34.2 26.8 19.6 15.2 13.9 10 7.6 4.9 -0.7 -0.7 2.4 3.7 2.3 0.5 2.4 3.6 3.6 4.9 6.7 8.8 11.3 12.4 14.4 20.2 28.1 33.7 38 43.5
62.3 72.4 75.1 84 94.7 102.8 118.1 123.7 126.6 130.8 133.2 126 119.4 111.3 103 96.3 90.6 85.6 81.3 80.1 79.1 79 79.4 76.7 69.2 63.6 57.3 52.6 51.7 52.9 56.8 57.8 54.9 53 48.4 44.4 38.1 30.3 23.9 17.8 16 12.8 11.1 10.1 10.8 11.6 13.3 16.1 18.4 20.4 21.6 24.4 28.7 31.2 32.6 33.4 32.3 28.5 22.2 17.2 14 11.1 8.8 7 3.5 -0.7 -0.7 2.6 3.4 2.6 1.9 3.2 4.6 4.7 5.8 7.5 8.3 9.5 11.4 17.1 22.7 31.2 37.9 42.5 47.4
62.9 66.3 71.3 86.1 92.6 104.9 118 123.7 125.4 132.1 127.4 120.6 114.1 103.7 97.2 93.8 88.6 83.7 77.6 78.1 76.2 77.9 78.3 72.4 65.6 60.6 54.7 52.4 49.2 53.2 56.3 59.1 54.7 51.1 48.3 43.6 36.5 30.2 23.8 17.9 16.2 13.5 10.1 9.9 10.3 11.5 13.5 15.2 16.7 17.2 19 21.9 25 27.7 29.3 30.7 28.6 25.1 18.8 13.2 10.5 8.6 7.1 4.5 1.3 -0.7 2.4 3.4 3 3 2.9 3.6 4.6 6.9 6.3 7.1 8.2 9.7 14.3 20.7 29.3 37.4 43 49.1 53.5
53 58.2 70.6 83.9 87.8 104 117.7 122.8 125.4 126.5 121.3 118.1 109.9 100.3 94.7 90.4 87.5 82.1 74.1 74.4 74 74 73 67.8 63 57.9 52.4 50.4 48.1 51.9 54.3 55.4 53.1 49.2 46.4 42.3 36.6 29.9 24.5 19.3 16.7 12.7 9.7 9.7 9.9 11.7 12.4 12.4 13.2 15.4 18.4 21.7 24.2 25 26 25.8 23.8 20.6 14.4 10.5 8.8 7.7 4.8 0.3 1.3 2.2 3.4 3.2 3 2.8 4.4 5.8 7.1 8 8.4 8.2 8.6 10.5 15.5 24.3 34.1 43.2 50.2 53.9 53.4
45.6 51.5 66.5 77.6 86 107 113.5 119.6 124.7 123.9 118.8 115.7 106.3 97.8 92.1 87.4 81.6 76.6 70.7 69.8 69.3 70.8 68.1 64.7 60.1 55.1 52.4 48.2 47.3 49.7 51.9 54 49.9 46.6 45.3 42.3 36.4 30 25.1 20.6 17.1 11.2 9.5 8.8 9.3 10.4 10.9 11.8 11.7 14.3 17.5 20.6 22 21.6 22 22.9 22 16.9 10.9 8.7 7.8 7 2.9 1.8 2.4 3.3 3.8 3.6 3.5 2.9 4.2 5.8 8.1 7.7 8.6 9.4 9.5 11.3 20.6 30.4 40.3 48.5 55.3 58.4 54.1
