Game/Highland_Data/StreamingAssets/GeoData/Data/hu/HU56.asc
ncols 200
nrows 200
xllcorner 450000
yllcorner 1160000
cellsize 50
[rows 114 to 151 of 200, columns 86 to 171 of 200]
9.5 17.6 27.1 32 37.7 43 46.1 39.6 31.6 28.8 32.6 34.3 36 39.9 39.5 47.8 45 39.2 36.1 35.1 36.6 47.5 44.5 38.9 35 35 35 35 35 35 37.2 38.6 42.2 45.8 50.5 58.9 62.7 65.8 68.7 67.2 63.2 60.7 55.5 52.8 48.9 45.6 44.4 42.8 42.9 42.7 41.5 40.7 40.2 40.7 39.3 38.5 37.4 37.4 36.7 33.8 32.1 31.1 31.8 31.8 31.8 31.8 31.8 31.8 31.8 31.8 31.8 31.6 27.5 27.7 29.5 28.5 26 21.8 20.1 19.2 17.1 15.3 12.3 -0.8 -0.8 -0.8
13.7 20.8 28.6 31.6 38.1 44.3 43.5 38.4 31.2 40.3 40.6 39.9 41.8 43.9 41.5 40.6 38 36.9 35.5 35.3 35.9 40.9 38.3 35 35 35 35 35 35 35 34.8 39.5 45.2 47.7 49.9 54.8 63.4 67.5 69.2 67.8 64.5 59.8 55.7 53.7 51.7 49 48.5 46.7 46.4 43.4 42.5 41.6 42 39.8 39 38.9 39.6 39.2 37.9 34.1 33.4 31.1 31.6 31.3 31.8 31.8 31.8 31.8 31.8 31.5 31.1 29.8 26.5 26.2 26.2 24.2 20.8 17.9 16.2 16.2 15.5 12.5 -0.8 -0.8 -0.8 -0.8
16.6 23.1 29.8 32.4 35.7 39.1 36.2 34 36.7 42.9 48 46.5 46.6 47.5 42.9 38.6 38 37.4 36.2 37.7 36.5 36.7 37.9 37.1 35.7 35 35 35 35 35 35 39.5 46 46.7 49.4 53 62.7 66.6 66.6 66.7 64.9 63 60.6 58 57.4 53.6 51 50.1 49.8 46.5 45.1 43.5 44.2 41.5 42.2 43.8 42.7 41.1 39 35.8 32.5 32.1 30.8 31.1 31.8 31.8 31.8 31.8 30.6 29.1 29.9 28.2 26 25.7 25.5 20.8 16.3 12.7 11.7 11.6 10.6 6.1 -0.8 -0.8 -0.8 -0.8
15.9 24.3 30.6 33.3 33.4 32.1 31.7 33.5 41.9 48.3 53.5 51.2 49.1 48.8 43.1 39.6 38.3 40.5 40.6 42.1 38.4 39.8 43.4 41.8 39.3 35 35 35 35 35 35 37.9 43.9 46.3 51.2 54.1 57.9 64.6 66.7 67.9 66.7 66.3 65.8 61.8 62.5 58.2 56.1 53.8 52.9 50.4 46.3 46.6 44.3 45.2 47.5 48.6 48 45.6 42.8 36.3 32.4 31.7 30.4 29.3 30.9 31.8 31.8 30.2 32.8 31.2 29.6 27 26 26.1 25.8 18.5 11.6 8.8 8.8 10.5 3.6 -0.8 -0.8 -0.8 -0.8 -0.8
14.8 23.1 30.2 30.5 31.6 29.7 32.7 43.3 56 62.1 62.5 58.8 52.5 47 45.6 42.3 41.8 47.8 45.1 43 41.7 43.6 47.2 47.7 43.2 36 35 35 35 35 35 35 39.7 48 53.2 55.1 55.5 62 66.2 68.9 67.8 69.1 67.9 65.7 65.9 61.2 60.4 57.2 57 52.8 49.2 47.9 50.5 52.2 52.3 52.3 53.3 51.1 45.3 41.1 36.8 35.6 37.4 33.5 31.1 29.6 31.8 31.7 34.4 31.5 30.6 28.3 25.4 25.1 21.6 15.2 8.4 4.8 6.1 8.6 4.8 -0.8 -0.8 -0.8 -0.8 -0.8
17.7 25.2 29.7 29 29.5 35.5 49 64.4 70.1 74.1 69.4 62.8 55.5 52.8 52.8 48.4 45.5 46.1 45.1 45.2 47.5 48.7 53.4 53.3 45.2 39.2 35 35 35 35 35 35 34.7 45.1 50.5 52.1 52.8 57.5 62.3 65.6 70 70.8 69.5 68.6 66.7 63.2 62.9 59.9 59 56.2 52.3 51.5 54.6 55.6 56 56.6 56.5 51.6 48.7 44 40 40.7 42 38.1 32.7 31.1 29.1 29.4 30 31.7 32 28 25 21.5 17 11.9 5.4 4.2 4.1 6.2 -0.8 -0.8 -0.8 -0.8 -0.8 -0.8
21 23.5 26.3 33.5 40.6 49.5 66.1 74.2 75.3 77 74 68 60.8 61.9 58.4 53.1 48.2 46.4 46.8 49.6 53.9 56.3 60 55.4 47.1 41 35.4 35 35 35 35 35 35 39.7 46.3 49 50.5 53.8 59.4 66.8 68.7 70.9 69.6 66.8 67 65.4 64.9 59.9 57.8 55.9 55.3 56 57.5 56.7 57 61.1 57.8 54.2 49 46.2 43 45.7 45.3 39.9 35.9 32.6 32.5 30.6 30.6 29.9 27.4 25.6 23.8 18.5 11.7 8.2 -0.8 -0.8 -0.8 -0.8 -0.8 -0.8 -0.8 -0.8 -0.8 -0.8
20.1 20.8 29.2 43.1 49.9 55.5 70.4 76 80.1 81.3 77.6 73.9 65.9 64.6 58.3 53.9 48.8 49.5 51.1 56.5 59.1 61.3 64.2 55.4 49.4 41.8 36.8 35 35 35 35 35 35 37.3 42.6 45.1 48.6 52.1 58.2 62.8 65.8 66.7 66.4 63.4 64.2 65.5 62.2 58.6 58.5 58.6 59.6 59.5 58.1 58 59.1 60 57.6 54.7 50.6 46.6 44.8 47.5 46.3 41.5 40 38.1 37.3 36.3 34.2 30.3 27.5 26.3 26.5 16.8 9 -0.8 -0.8 -0.8 -0.8 -0.8 -0.8 -0.8 -0.8 -0.8 -0.8 -0.8
19.4 21.7 34 46.5 53.7 56.6 65.2 69.4 77.9 81.6 79.9 73 68.6 64.6 59.2 52.9 54.1 55.8 58.2 61.4 60.5 62.6 61.4 54.7 49.5 44.1 38.6 35 35 35 35 35 35 35.4 38.6 41.7 46.9 49.1 53.6 60.2 62.4 62 61.6 62.9 62.6 62.8 60.6 59.7 59 61.5 62 61.8 60.2 60.3 60.5 58.6 55.6 53.9 51.1 47 47.5 45.5 43.9 44.7 45.9 44.2 44.3 40.5 40.5 35.4 28.8 27.1 21.9 12.2 5.6 -0.8 -0.8 -0.8 -0.8 -0.8 -0.8 -0.8 -0.8 -0.8 -0.8 -0.8
20 25.1 32.5 43.3 52.4 57.7 63.6 66.7 67.8 67.8 69.9 68 73.2 64.5 58.6 54.2 62.1 63.3 64.1 65.7 66.3 65.6 60.9 57.5 50.2 43.5 37.7 35 35 35 35.4 35.4 35.4 35 38.7 41 45.7 47.4 51.7 58.4 61.9 59.1 62.7 64.1 61.8 62.5 61.5 59.9 58.6 63.1 63.3 61.2 62.4 60.5 60 56.2 54.1 52.9 49.3 47.3 47.1 45.4 44.4 47.2 47.2 49.2 48.1 43.8 44 37.6 32.6 23.5 15.6 7.8 3.2 -0.8 -0.8 -0.8 -0.8 -0.8 -0.8 -0.8 -0.8 -0.8 -0.8 -0.8
28.4 31.7 33.7 40.4 47.1 55.1 60.8 65.8 68.4 67.3 64.3 73.6 70.6 61 57.5 66.2 69.3 66.2 69.7 70.7 71.3 69.2 63.7 56.9 51.3 42.9 37.7 35 37.8 45.4 44 40.5 39 38.4 38.5 42.8 46 47.9 49.6 56.6 57.2 57.5 62 60.9 61.3 63.7 60.8 58.8 57 61.4 61.8 60.1 61.2 58.6 56.3 54.2 52.8 50.6 47.5 46.6 47 45.2 47.6 49.2 50.5 50.3 47.7 47.1 46.9 40.3 31 23 11.3 4.9 -0.8 -0.8 -0.8 -0.8 -0.8 -0.8 -0.8 -0.8 -0.8 -0.8 -0.8 -0.8
35.6 38.7 40.6 42.1 43.2 47 55 65.4 66 65.4 63.2 63.5 63.7 59.2 63.3 72.1 69.9 69 73.5 76.6 76.2 72.8 66.1 58.8 49.7 44.1 40.3 39.1 47.3 52.3 49.8 44.6 44.2 42.6 39.9 43 49.4 50.2 50 51.4 53 56.8 57.7 58.3 57.6 59 57.8 56.1 57 57 59.6 58.7 57.2 54.6 52.4 52.4 50.1 47.8 46.8 46.2 46.6 49.6 49.9 51.5 52.9 50.1 47.1 48.5 45.1 39.8 29.6 18.5 8.3 3.6 -0.8 -0.8 -0.8 -0.8 -0.8 -0.8 -0.8 -0.8 -0.8 -0.8 -0.8 -0.8
41.4 45.2 46.8 46.5 47.8 48 50.1 57.5 60.8 62.5 61.2 63.2 61.2 59.7 68.8 74 72.3 73.7 77 79.8 78.6 71.4 65 57.8 50.1 45.4 43.6 45.8 54 55.5 51.6 49 46.5 44.8 48.6 51.7 51.9 52.3 50.9 54.8 57.5 56.3 57.9 57 53.3 53.1 52.9 52.2 54.8 53.6 54.3 53.8 52 49 48.7 48.7 46.8 46.7 46.8 47.8 51.1 51.7 51.8 52.9 54.5 52.7 48.6 47.4 43.8 37.4 27.8 15.5 6.7 2.4 -0.8 -0.8 -0.8 -0.8 -0.8 -0.8 -0.8 -0.8 -0.8 -0.8 -0.8 -0.8
43.6 44.6 44.3 49.7 51.5 52.5 51.4 50.3 51.5 56.8 60.4 64.2 62.8 64.2 71.6 75.5 74.9 74.9 74.9 72.7 73.9 68.9 59.7 54.6 50.3 48.2 50.1 51.1 55.8 56.5 52.4 52.3 52.3 51.2 54.6 54 52.3 51.1 52.8 58.2 59.8 60.8 62.8 59.2 55.1 49.7 49.2 48.4 50.2 47.7 48.2 48 44.7 44 44.4 44.8 43.9 45 48.3 52.7 55.1 55.7 56 55.8 55.3 56.1 47.5 44.1 37.2 29.2 21.5 12 5.3 1.6 -0.8 -0.8 -0.8 -0.8 -0.8 -0.8 -0.8 -0.8 -0.8 -0.8 -0.8 -0.8
37.3 43 48.6 54.8 55.2 56.1 54.4 50.8 50.7 54.2 61.4 65.4 65.5 69.2 70.5 75.5 78.2 74.7 72.5 70.2 67 61.8 57.7 55.3 52 50.9 53.6 55.6 56.8 54.8 55.1 61.4 58.1 55.9 59.9 56.1 52.6 55.3 57.7 59.6 63.1 65.8 66.4 62.4 53.8 49.1 47.8 46.1 42.3 42 42.3 38.9 38.9 39.9 40 41.4 42.8 45.4 49.8 54.2 55.6 58.8 59.2 59.1 58.7 56.4 48.9 42.8 33.5 25.2 18.6 9.1 4.5 1.9 -0.8 -0.8 -0.8 -0.8 -0.8 -0.8 -0.8 -0.8 -0.8 -0.8 -0.8 -0.8
34 40.4 52.3 55.1 54.3 57.1 55.5 53.3 50.8 51.3 56.5 61.7 68.4 71.8 74.8 73.1 74.8 72.5 70.3 67.6 63.4 60.4 58.6 58.2 54.7 55.7 58.7 61.1 60 59.4 65.9 67.6 60.1 58.8 59.5 54.3 53.7 62 61.7 60.1 60.8 66.3 66.6 64.1 57.8 51.2 46.6 43.4 42.4 40.7 38.9 38.9 38.9 38.9 38.9 38.9 42.5 48.9 50.3 53.3 59.8 59.3 58.8 61.8 62.5 55.7 49 43.6 32.4 22 16.7 8 5.9 5.6 -0.8 -0.8 -0.8 -0.8 -0.8 -0.8 -0.8 -0.8 -0.8 -0.8 -0.8 -0.8
33.7 38.2 44.5 46.9 50.3 54 54.8 54.2 52.2 54.5 56.8 61 68.4 76.2 76.7 75.1 72.1 71.9 71.5 73.6 68.1 69.6 64 61 59 58.9 59.4 59.5 58.8 68.3 71.9 68.1 63.4 61.7 58.5 54.3 56.4 60.7 60.1 60.1 60.1 64.1 64.9 61.5 56.6 50.4 46.4 42.4 42.7 38.9 38.9 38.9 38.9 38.9 39.5 44.8 48.2 51.2 51.5 53.5 57.9 57.8 58.1 60.5 65.4 56 47.3 39.4 30 18.5 11.1 8.5 7.8 5.8 -0.8 -0.8 -0.8 -0.8 -0.8 -0.8 -0.8 -0.8 -0.8 -0.8 -0.8 -0.8
34.7 34.8 38.3 44.8 47.3 50 51.8 54.7 58.8 60.2 61.4 66.5 69.1 72 73.6 74.1 74.1 75.6 77.5 75.5 79.6 78.8 72.5 69.7 65.1 59.8 58.8 58.8 61.6 67.1 68.1 64.1 66.1 63.4 56.8 54.7 58 58.7 60.1 60.1 61.8 66.9 62.8 59.1 56.6 52.3 49.1 44.7 40 38.9 38.9 39.2 38.9 38.9 44.3 46.8 48.3 50 56 53.9 53.7 54.1 57 57 57.9 52 43.4 34.1 24.4 11.9 7 7.6 3.7 -0.8 -0.8 -0.8 -0.8 -0.8 -0.8 -0.8 -0.8 -0.8 -0.8 -0.8 -0.8 -0.8
33.9 35.4 38.8 41.3 43.4 46.9 48.8 57.7 62.7 62.3 67.5 71.4 72.3 74.5 76.2 75.4 81 83.4 80.2 84.4 86.5 82.7 75.8 73.9 69.9 61.4 59.2 63 62.4 59.5 59.4 60.9 65.3 61.7 58.3 58.1 59.7 60.5 60.1 60.1 63.3 67.9 64.2 60.7 55.9 56 49.9 46.1 42.4 39.8 42.8 39.4 38.9 45.9 49.3 44.9 43.4 51.3 59.1 54.4 50.6 54.3 53.7 51.7 53.2 47.2 37.4 26.4 15 -0.8 -0.8 -0.8 -0.8 -0.8 -0.8 -0.8 -0.8 -0.8 -0.8 -0.8 -0.8 -0.8 -0.8 -0.8 -0.8 -0.8
32.5 33.7 34.1 37.1 40.1 44.1 50.5 58.7 61.9 67.8 68.7 70.1 70.3 71.4 74.1 79.1 84.3 82.3 83.5 85.1 81.2 79 75.7 72.1 67.4 61.9 72 68.7 62.4 58.5 56.8 56.4 60.7 58.9 58.7 62.5 63.5 61.3 64.8 66.5 70.5 70.8 68.9 59.8 57.1 54 49.7 45.5 42.9 43 41.6 38.9 43.4 48.5 41.5 38.2 39.5 46.7 49.4 49.6 49.6 51.8 48.7 46.6 48.2 39 28.9 -0.8 -0.8 -0.8 -0.8 -0.8 -0.8 -0.8 -0.8 -0.8 -0.8 -0.8 -0.8 -0.8 -0.8 -0.8 -0.8 -0.8 -0.8 -0.8
25.4 27.9 28.4 31.8 34.8 39.6 49.5 57 66 67.5 68.1 68.1 69 72.4 70.5 71.7 75.5 79.3 80 78.3 73.7 73 71.9 68.7 68.1 71 76 69.6 61.8 57.5 53.8 56.6 59.4 61.3 59.6 61.8 64.5 67.3 69.3 72.5 75.6 73.3 65.6 57.6 55.1 52.7 47.5 45 43.9 43.4 39.4 38.9 39.7 37.7 32.8 32.1 34.1 39.4 41.7 43.1 45.5 47.3 43.6 43.7 37.6 32.4 -0.8 -0.8 -0.8 -0.8 -0.8 -0.8 -0.8 -0.8 -0.8 -0.8 -0.8 -0.8 -0.8 -0.8 -0.8 -0.8 -0.8 -0.8 -0.8 -0.8
23.5 25.1 25.6 28.8 32.8 36.7 44.8 52.4 57.9 59.8 65 63.9 64.5 66.3 64.8 64.5 65.9 66.7 68 66.5 68.6 74.8 75.3 72.9 68.6 77.8 76.6 68.3 58.8 53.6 50.4 56.7 60.1 60.3 61.7 62 61.2 62.5 64.9 68.1 68.8 66.3 59.6 52.1 50.5 47.3 46.2 43.8 44.1 46.1 40.6 37.7 33.8 32.6 32 30.5 30.9 33 36 37.6 39.4 39.5 36.6 34 28 -0.8 -0.8 -0.8 -0.8 -0.8 -0.8 -0.8 -0.8 -0.8 -0.8 -0.8 -0.8 -0.8 -0.8 -0.8 -0.8 -0.8 -0.8 -0.8 -0.8 -0.8
20.2 20.8 22.2 26.4 30 36.6 38.4 44.6 49.5 53 58.3 63 61.9 62.1 62.1 62.1 63.6 66.2 66.1 63.2 65.9 71.8 73.4 71.6 78.6 76 71.4 62.5 53.7 47 46.5 51.8 54.2 55.2 59 61.5 60.2 62.3 64.2 65.2 63.3 63.7 55.1 48.3 44.7 43.5 43 43 43.2 41 37.1 34.6 31 33.3 29.9 28.8 30 32.2 35 34.5 34.2 30.7 28 21.8 15.9 -0.8 -0.8 -0.8 -0.8 -0.8 -0.8 -0.8 -0.8 -0.8 -0.8 -0.8 -0.8 -0.8 -0.8 -0.8 -0.8 -0.8 -0.8 -0.8 -0.8 -0.8
12.1 14.9 16.9 19.5 30 33.1 32.5 36.7 43.1 48.8 56.8 57.7 61.2 63.3 62.6 61.4 60.2 61.9 61.9 61.1 63.6 69.6 72.9 75.2 83.9 73.5 64.3 56.9 47.1 46.5 46.5 48.2 49.8 52.4 54.1 54.9 57.4 62.7 64.8 65.6 62.4 60.6 51 48.7 43.8 43.1 42.6 46.1 43 38.6 35.4 30.7 30 31.6 27.7 28 28.1 31 30 29.2 29 23.8 18.5 12.9 -0.8 -0.8 -0.8 -0.8 -0.8 -0.8 -0.8 -0.8 -0.8 -0.8 -0.8 -0.8 -0.8 -0.8 -0.8 -0.8 -0.8 -0.8 -0.8 -0.8 -0.8 -0.8
-0.8 -0.8 -0.8 10.9 15.8 21 27.6 32.4 35.9 46.3 51.6 54.5 57.7 59.3 57.5 56.3 57.2 57.4 58.2 60.9 63.7 68.4 75.2 81.8 76.6 66.8 59.6 49.6 46.5 46.5 46.5 46.5 48.3 50.7 51.1 54.7 54.8 59.1 63.2 65.6 61 52.7 49.7 46.8 42.6 42.2 42.1 40.7 37.6 33.8 29.4 27.5 26.3 25.7 24.6 24.3 23.1 23.3 25 27.1 23.9 18.9 12.1 8 -0.8 -0.8 -0.8 -0.8 -0.8 -0.8 -0.8 -0.8 -0.8 -0.8 -0.8 -0.8 -0.8 -0.8 -0.8 -0.8 -0.8 -0.8 -0.8 -0.8 -0.8 -0.8
-0.8 -0.8 -0.8 -0.8 8.6 15.3 22.1 24.5 34.9 42.6 47.6 49.9 51.1 52.3 50.1 49.9 52.3 53.6 55.9 59.2 70.4 74.8 78.1 74.7 69.2 62 54.7 46.1 46.5 46.5 46.5 46.5 46.5 47.4 51.3 54 55.8 56.6 56.9 56.3 56 55.3 55 47.2 41.2 39.7 39.2 33.9 32.4 29.2 25 24.7 23.9 24.4 23.6 23.2 21.9 18.5 20.6 21.3 17.7 13 7.7 -0.8 -0.8 -0.8 -0.8 -0.8 -0.8 -0.8 -0.8 -0.8 -0.8 -0.8 -0.8 -0.8 -0.8 -0.8 -0.8 -0.8 -0.8 -0.8 -0.8 -0.8 -0.8 -0.8
-0.8 -0.8 -0.8 -0.8 3.6 10.2 14.6 21.5 27.2 31.3 35.7 40.6 43 43.2 43.7 45.5 47.9 50.9 59.7 64.9 72.5 75.5 76.5 72.7 65.5 57.3 51.9 46.7 46.5 46.5 46.5 45.8 50.2 51.4 56.7 59.3 59.5 59.7 58.6 57.7 57.3 59.7 51.9 44.2 40 37.5 34 28.2 25.3 24 22.3 22.7 25.4 23.5 22.9 22.3 18.9 15.7 15 13.8 10.3 7.7 3.2 -0.8 -0.8 -0.8 -0.8 -0.8 -0.8 -0.8 -0.8 -0.8 -0.8 -0.8 -0.8 -0.8 -0.8 -0.8 -0.8 -0.8 -0.8 -0.8 -0.8 -0.8 -0.8 -0.8
-0.8 -0.8 -0.8 1.8 2.2 8.2 13.2 19.1 22.8 23.4 25.5 28.6 35.7 38.4 39.5 41.3 47.5 60.5 67.2 66.9 72.7 72.7 72.8 70.4 62.8 57.6 56.2 49.3 46.5 46.5 46.5 51.2 54.7 58.3 62.7 65.3 62.3 61.1 60.4 61.8 59.5 51.9 44.7 41.1 39.9 37.2 31.8 25.9 23.3 21.9 21.4 21.4 22.3 22.4 21.5 21.7 17.6 14.1 12.7 11.2 10.7 8.1 2.4 -0.8 -0.8 -0.8 -0.8 -0.8 -0.8 -0.8 -0.8 -0.8 -0.8 -0.8 -0.8 -0.8 -0.8 -0.8 -0.8 -0.8 -0.8 -0.8 -0.8 -0.8 -0.8 -0.8
-0.8 -0.8 -0.8 2.2 2.6 6.1 10.4 13.7 16.3 18.4 20.4 21.9 26.6 34.1 36.9 41.6 50.4 58.4 61.8 65.2 68.1 66.7 65.1 61.4 56.6 57.7 53.4 47.7 46.5 47 49.6 53.7 56.5 66.5 68.6 64.6 66.2 62.8 61.9 60.1 53.2 44.1 41.8 36.7 35.1 34.2 32.9 25.7 23.5 21.8 21.2 19.6 18.7 17.9 18.1 18.9 15.1 15.4 12.8 11.5 13.1 9.2 3.9 -0.8 -0.8 -0.8 -0.8 -0.8 -0.8 -0.8 -0.8 -0.8 -0.8 -0.8 -0.8 -0.8 -0.8 -0.8 -0.8 -0.8 -0.8 -0.8 -0.8 -0.8 -0.8 -0.8
-0.8 -0.8 1.3 2.2 2.5 3 7.7 11.4 14.9 17.6 19.4 20.1 22.7 29.5 34 39.7 48 52.1 54.8 66.2 66.7 63.6 59.3 55.7 52.4 49.1 46.9 46.5 47.2 48.4 51 55.3 60.2 67.1 68.8 65.7 66 64.2 62.4 56.2 46.2 42.5 39.3 36.6 36.9 42.7 39.4 30.4 28.9 26.9 24.5 20.7 18.5 18.1 18.4 16.8 13.9 11.4 8.7 12.9 13.1 6 -0.8 -0.8 -0.8 -0.8 -0.8 -0.8 -0.8 -0.8 -0.8 -0.8 -0.8 -0.8 -0.8 -0.8 -0.8 -0.8 -0.8 -0.8 -0.8 -0.8 -0.8 -0.8 -0.8 -0.8
6.6 4.5 3.1 3.5 3.6 3.9 6.1 13.4 13.8 16.7 18.3 18.7 20.4 21.6 29.5 37.9 46.7 49.4 57.5 62 61 58.2 55.8 51.8 51.8 47.4 45.2 45.2 45.4 46.7 52.4 57.9 62.4 63.9 67.1 68 64.3 62.4 63.6 54.9 46.4 43.5 42.6 46.1 43.6 43.1 41.2 34.9 34.7 35.4 30.1 24.7 23.2 21.4 19.4 22.1 18.2 11.7 8.1 5.7 1 -0.8 -0.8 -0.8 -0.8 -0.8 -0.8 -0.8 -0.8 -0.8 -0.8 -0.8 -0.8 -0.8 -0.8 -0.8 -0.8 -0.8 -0.8 -0.8 -0.8 -0.8 -0.8 -0.8 -0.8 -0.8
9.2 9.3 8.2 9.8 7.4 7.5 11.9 20.5 19.7 16.8 17.3 18.3 19.4 21.2 27.5 34.6 43.6 47.4 53.3 55.7 52.4 51.4 51.4 49.5 48.3 45.5 45.1 45 46.5 46.4 53.1 59.6 62.1 66.2 66.7 67 64.4 64.6 63.1 58 51.4 50.8 52.1 51.3 49.4 46.9 48.5 45.4 44.6 44.6 38.2 29.3 28.4 23.2 23.5 22.7 20.7 17.2 14.8 7.4 0.8 -0.8 -0.8 -0.8 -0.8 -0.8 -0.8 -0.8 -0.8 -0.8 -0.8 -0.8 -0.8 -0.8 -0.8 -0.8 -0.8 -0.8 -0.8 -0.8 -0.8 -0.8 -0.8 -0.8 -0.8 -0.8
14 14.8 15.1 13.6 11.9 10.9 12.9 14.8 16.9 18.7 18 18.4 19 20.9 22.8 29.3 37.1 46.1 48 47.8 48.6 49.9 48.1 48.9 47.2 46 44.8 44.8 46.9 47.7 51 56.1 61 64.5 67.4 65.5 63.8 65.9 65.1 63 60.7 59 58.1 59.3 57 54.2 57.7 54.2 51.9 48.7 44.1 36.9 31.3 26.4 22.6 21.7 25.5 18.8 17.1 8.5 -0.8 -0.8 -0.8 -0.8 -0.8 -0.8 -0.8 -0.8 -0.8 -0.8 -0.8 -0.8 -0.8 -0.8 -0.8 -0.8 -0.8 -0.8 -0.8 -0.8 -0.8 -0.8 -0.8 -0.8 -0.8 -0.8
17.5 17.5 17.6 18.3 18 17.2 16.5 16.1 18.7 19.4 18.8 18.8 19.4 20.2 22.3 27.9 29.6 34.3 37.2 41.3 44.9 44.9 44 44 47.3 47.3 45 44 45.6 48.6 52.2 56.3 61.5 64.2 64.8 64.4 66.7 71.1 72.2 70.9 69.2 66.3 64.1 63.1 59.8 63 62.1 57.7 56.3 49.8 42.6 40.6 38.4 32.1 25.5 27.2 24.1 21.7 16 5.7 -0.8 -0.8 -0.8 -0.8 -0.8 -0.8 -0.8 -0.8 -0.8 -0.8 -0.8 -0.8 -0.8 -0.8 -0.8 -0.8 -0.8 -0.8 -0.8 -0.8 -0.8 -0.8 -0.8 -0.8 -0.8 -0.8
21.5 22.5 22.9 22 22.3 21.8 20.2 21.2 25.7 24.7 23.7 20.9 21 21 21 24 26.6 29 31.8 37.2 38.9 40 40.9 41.6 42.4 43.6 42.9 41.3 43.3 46.1 48.9 51.4 55.3 57.3 63.6 65.4 71.3 75.5 77 78.7 73.6 71.2 68.2 65.7 63.3 69.5 68.1 58.1 52.5 51.1 47.6 42.7 37.6 30 29.9 31.9 25.7 25.3 12.6 -0.8 -0.8 -0.8 -0.8 -0.8 -0.8 -0.8 -0.8 -0.8 -0.8 -0.8 -0.8 -0.8 -0.8 -0.8 -0.8 -0.8 -0.8 -0.8 -0.8 -0.8 -0.8 -0.8 -0.8 -0.8 -0.8 -0.8
27.7 28.5 27.2 28.5 26.1 26.2 25.3 27 29.3 31.3 29.7 25.8 23.1 23.1 23.4 24.7 28.6 29.5 29.9 32 34.8 37.6 37.2 38.5 39.7 38.4 36.8 35.5 37.1 38.5 41 45.4 50 59.9 67.6 66.9 73 74.6 76.5 77.2 72.7 70.1 68.4 63.8 64.5 63.4 59.1 52.5 49.9 46.3 46 40.7 29.7 28.3 32.4 29.3 29.7 20.5 8.4 -0.8 -0.8 -0.8 -0.8 -0.8 -0.8 -0.8 -0.8 -0.8 -0.8 -0.8 -0.8 -0.8 -0.8 -0.8 -0.8 -0.8 -0.8 -0.8 -0.8 -0.8 -0.8 -0.8 -0.8 -0.8 -0.8 -0.8
36.8 36.4 35.1 35 34.1 33.6 37.1 34.4 34.4 37.7 35.9 32 28.4 27.6 26.3 28.2 28.5 29.1 31 31.6 33.7 36.6 36.7 34.5 34.2 32.7 30.9 30.9 30.9 33.4 38.3 42.9 50 59.3 62.1 63 66.5 69.7 68.6 68 65 60.6 56.5 56.7 54.5 50.9 48.2 45.7 42.7 40.4 38.2 32.1 28.7 27 26.4 25.6 22 -0.8 -0.8 -0.8 -0.8 -0.8 -0.8 -0.8 -0.8 -0.8 -0.8 -0.8 -0.8 -0.8 -0.8 -0.8 -0.8 -0.8 -0.8 -0.8 -0.8 -0.8 -0.8 -0.8 -0.8 -0.8 -0.8 -0.8 -0.8 -0.8
41.9 41 38.2 35.2 36.7 45.5 47.6 42.1 40.9 42.4 39.9 37 34.3 32.1 31.4 32.9 31.6 31.7 31.6 32.8 34.4 38.9 40 37 34.3 31.8 30.9 30.9 30.9 34.6 39.1 43.9 50.7 56.5 59.6 59.7 60.6 60.6 59.5 57.3 54.7 52 51.7 52.3 52.7 44.7 42.3 38.3 34.4 32.7 28.5 24.5 20.3 1.3 14.9 -0.8 -0.8 -0.8 -0.8 -0.8 -0.8 -0.8 -0.8 -0.8 -0.8 -0.8 -0.8 -0.8 -0.8 -0.8 -0.8 -0.8 -0.8 -0.8 -0.8 -0.8 -0.8 -0.8 -0.8 -0.8 -0.8 -0.8 -0.8 -0.8 -0.8 -0.8
