Assets/StreamingAssets/GeoData/Data/no/NO00.asc
ncols 200
nrows 200
xllcorner 300000
yllcorner 700000
cellsize 50
[rows 70 to 104 of 200, columns 0 to 77 of 200]
379.3 378 375.1 369.4 363.3 355.6 347.1 340.1 333 330.7 333 332.2 329.8 326.2 319 317 313.9 311.2 305.8 299.5 292.5 282.2 277.1 268.9 266.6 287 301.6 308.3 312.4 315.8 321.8 330.8 340.1 350.6 353.3 350.7 347.9 344 343.2 354.4 370.5 387.2 400.1 412.9 423.9 433.3 437.9 440.3 442 440.5 435.4 431 425.5 419 412.8 405.9 394.8 385.9 377.2 370.4 364.4 361.7 361 359.9 361.7 364.1 372.8 380.5 381.4 384.4 384.5 381.9 375.4 371.4 368.2 363 357.4 351.6
376 374.6 372.4 367.7 362.3 354.4 345.6 338.7 333 326.7 324.2 322.3 321.8 319.5 316.3 309.4 308.3 303.7 300 296 290.1 281 273.7 271.1 265.7 281.1 294.4 302.1 307.2 312 317.7 326.3 335.6 341.6 344.3 343.4 340.1 333.4 345.7 359.7 376.9 393.9 409.9 422.2 432 437.6 441.7 443.5 444.5 443 438.7 433.4 427 419.1 412.4 405.6 396.8 387.9 377.7 369.7 363.8 358.5 355.2 354.8 352.5 359.4 370 377.8 376.7 376.4 376.4 379 372.5 370.2 367.8 362.8 356.9 351
373.5 373.3 372.9 369.2 364.1 356.4 349.6 343.4 336 330 323.8 319.3 314.9 310.4 308.7 305.4 298.6 294.4 295.2 286.7 281.4 275.4 273.7 274 265.5 272.2 284.2 293.3 300 306.3 312.2 319.9 329.5 336.1 338.7 336.4 326 340.6 351.9 371.6 390.4 407.4 420.3 431 440.5 447.1 448.3 448.8 446.9 445.5 439.9 433.3 426.2 418.3 409.9 401.7 395.6 388.2 378.4 369.4 363.6 357.1 351.4 348.3 345.1 354.4 363.2 370.8 372.4 372.2 372 371.8 371.2 369.1 366.9 362 356.1 350.2
371.8 373.2 374.1 378.7 372.6 365.7 357.6 349.5 341.3 333.9 329 324.6 320.5 316.2 311.1 305.1 298.8 296.8 292.4 289 284.4 279.5 277.3 274.7 268.1 262.5 277.2 285.4 294.2 300.5 306.9 314.4 320.9 330.7 329.5 321.6 329.7 343.6 359.5 383.1 404.5 423.1 435.7 443.4 448.3 452.6 452.8 451.9 450.3 444.7 438.1 429.1 422.2 414.3 404.7 397.2 390.9 385.8 379.7 370 361.2 356.5 349.8 344.6 340.2 348.5 356.3 363 368.4 368.2 368 367.8 368.1 367.8 364.7 359.7 355 349.1
372.2 372.8 379.4 385.8 384.3 376.2 366.5 355.2 346.6 339.9 333.1 327.9 323.4 318.9 314.1 308.4 305.2 303.1 300 298.5 293.2 286.4 278.4 276.7 272.7 262.2 274.2 280.7 286.3 294.7 302.5 310.9 315.9 318.1 316 317.8 334.5 347.9 369.7 393.3 415 434.9 449.9 456.4 459.7 456.1 454.5 453.2 452.1 446 435.4 424.8 416.8 408.8 399.6 390.6 385 380.6 375.2 368.4 360.2 352.2 348 343.3 335.3 342.1 348.6 354.1 360.4 365.7 365.6 365.7 365.8 365.7 361.6 357.5 353 348.4
368.8 373.3 382.6 391.5 398.1 385.9 374.1 364.4 351.7 343.8 337.4 330.8 326.2 321 317.2 312.1 309.9 309.1 308.3 305.9 301.2 292.7 283.3 277.7 275.4 265.5 261 273.9 280.3 287.6 298.9 307.7 311.1 312.4 301.2 321.9 334.9 354.1 375.5 399.4 420.9 442.3 459.2 463.2 467.6 462.5 458.2 454.6 450.4 443.8 434.3 422.2 410.8 404.1 395.2 385.7 378.2 371.9 366.4 362.3 356.2 351.1 343.6 340.7 333.4 337.1 342 346.7 351.3 358.2 362.6 363.3 364.3 362.2 358.5 354.4 350.3 346.6
366.1 376.3 385.9 395.4 400.9 393.7 382 370.3 358.3 348.7 340.1 334.5 328.8 323.6 320.3 316.1 314.5 313.7 312.6 310.5 305.8 297.2 289.6 282.2 276.2 268.2 258.9 266.7 277.3 281.7 291.1 301.7 304.8 290.7 306.2 319.8 337.2 358 378.9 398.8 417 435.7 454.8 465.1 469.3 471.8 466.6 457.6 450.5 442.1 430.2 419.4 407.9 398.6 390.8 382 371.6 363.5 359.6 355.9 352 347 342.6 337.7 328.6 328.6 335.9 341.2 346.2 350 352.8 355.8 357.5 357 353.6 349.9 346.2 342.6
363.9 372.9 387 396.4 399.3 394.2 383.4 373.5 361.9 352.6 344.2 335.4 329.9 324.3 321.2 318.1 315.6 314.4 313.6 312 308.4 302.4 294.4 285.3 278.2 269.3 257.9 265.9 274.5 277.4 283.1 290.7 284.1 291 307.7 319.2 336.6 355.8 374.7 389.3 407.8 422.7 439.4 455.3 465.6 473.8 475 466.4 452.9 442.1 431.8 416.9 404 392.3 381.8 374 364.7 357.9 353.7 348.5 345.2 342 338.2 336.2 330 322.8 330.8 336.1 340.5 343.7 346 348.7 350.4 350.4 348.7 345 341.3 339
359.8 372.7 387.8 393.5 393.4 389.9 379.4 370.5 361.6 353.3 344.4 336.9 329.9 323.8 320.7 317.2 314.4 313.3 312.5 310.2 307.4 300.9 293.6 286.6 279.6 271.6 261 266 268.8 270.6 280 272 280 295.9 305.6 318.1 334.5 351.1 366.1 380 393.1 405.7 422.2 444.2 463.8 471.3 477.3 476.9 460 447.9 434.5 419.1 401 388.1 374.9 362.8 356.4 352.6 346 342 338.8 335.5 333 331.2 329.2 315.6 326.1 330.5 333.5 336.5 339.3 341.7 343.5 342.9 342.5 340.3 338.6 336.8
356 369.5 386.5 385.9 384.9 381.2 372.6 365.3 357.2 349.8 342.4 334.7 328.5 323.3 319.4 315.8 313.1 312.1 311.8 311 306 301.9 294.5 287.6 280.6 273.4 256.5 253.6 257.5 260.4 269.4 280.1 285.6 288.2 299.7 314.2 328.6 343.8 354.8 366.7 381 394.8 413 432.8 455.1 467.3 472.6 474.3 463.5 450.5 437.6 424.5 406 387.2 370.4 360.4 351.8 343.5 341.8 337.1 333.1 330.4 326.8 326.1 325.4 319.9 320.1 324.4 327.4 330.5 332.2 333.1 334.6 336.3 337 336.5 336.5 334.1
353.4 364.4 375.4 377.5 376.4 371.7 365.3 357.8 351.1 345.7 338.7 331.1 326.6 321.2 316.7 312.8 310.4 310.1 310.6 310.9 306.7 302.8 295.4 288.2 280.7 273.7 262.9 252.3 260.5 275.8 281.7 290.5 294.4 300.6 304 308.6 322.8 334 345.3 354.8 369.5 386.6 405.3 425.1 449.8 461.9 464.9 465 463 450.1 437.8 423.7 410.9 392.7 373 359.6 352.4 345.9 340.1 331.9 330.4 326.7 322.9 322 321.2 318.6 310 319.4 321.6 323.1 324.6 326.5 328.4 331.1 331.2 330.9 330.6 330
348.6 362.5 374.9 370.8 368.8 364.5 356 350.1 344.8 339.5 333.6 328.6 323.1 318.2 314.5 310.6 306.5 306.3 307.9 309.1 303.2 305.6 296.7 288.8 282.6 275.5 264.1 250.3 267.9 286.1 293.7 297.9 303.8 307.9 311.6 313.1 322.5 331.1 339.3 349 361.1 378.6 398.1 417.3 441.2 453.3 458.2 458.9 454.8 446.6 433.6 420.2 407.8 393.3 379.1 363.3 353.3 346.3 341 335.3 328.3 323.3 321.4 318 317.4 316.8 310.1 314.6 314.8 316.2 317.6 320.5 321.8 325.2 325.6 325.4 325.1 325.7
346.9 360.5 370 365.2 362.8 356 349.1 344.4 338.9 333.3 328 322.7 319.1 315.8 312.3 308.3 304.3 302.1 304.4 299.6 301.8 303.5 296.5 289 282.8 276.5 260.9 250.4 273.7 291.9 303 308.2 315.8 319.8 321.7 322.6 325.7 333.5 339.3 347.6 357.5 371.3 389 406.8 432.3 444.9 449.7 450.9 445.6 436.1 425.2 414.2 401 387.5 376.6 366 356.5 347.2 341.1 335.9 330.5 323.4 315.4 314.1 308.7 312.2 307.1 310.9 310.8 310.9 312.9 314.9 316.2 318.5 319.3 319.7 320.1 320.7
350.8 354.7 361.5 359.2 354.6 347.1 341.9 337.9 334 329.5 324.2 318.6 314.2 311.8 309.3 305.6 302.4 298 299.1 292.1 300.8 298.5 295.8 289.2 282.9 274.4 254.1 252.6 275.6 295.1 309.2 317.5 327 333.8 334.8 334.4 335.4 337.1 342.2 349.6 358.3 369 384.1 401.4 417 431.1 439.1 437.3 433.1 424.1 414.3 406.2 396.1 383.4 372.3 363.3 356.5 350.8 342.9 337.4 331.2 323.6 320.7 313.3 308.1 300.5 302.2 304.5 305.7 308.3 308.7 310.4 311.9 314.2 314 314.8 316.1 317
343.4 350.4 353.3 352 347.5 342.2 337.4 330.2 328.7 325.5 321.2 317 313.2 308.8 305.5 300.3 298.1 294.7 294 288.6 293.3 291.6 289.5 287.1 281.5 264.9 247.5 254.2 275.8 296.5 312.8 322.1 328.7 340.6 344.4 342.5 344 347.5 348.4 353.7 359.6 365.9 379.2 393.5 408 414.5 421.7 423.4 419.2 412.3 404.5 397.1 389.8 383.1 376.6 364.1 355.8 350.9 345.5 339 332.5 327.9 323.2 318.7 312.8 308.8 299.3 294.7 298.5 302.2 304.3 306.6 308.9 309.1 308.9 310.4 311.8 313.5
341.4 348.9 347.7 343.9 340.7 337.9 332 329.3 324.7 322.3 318.8 315.1 311.9 309.9 306.1 301.8 294.7 289.8 287 283.2 288.5 287.3 285.4 283.7 275.6 256 247.7 261.4 273.3 293.3 312.1 322.4 329.3 341.4 351.4 351.5 353.7 354.8 353.8 355 357.5 361.3 368.1 382.8 394.5 401.7 407.4 405.3 406.6 403.5 397.6 393 386.3 380.8 375.6 371.3 361 352.3 346.6 338.9 332.2 326.9 322.1 317.9 313.4 308.5 304.2 297 290 294.7 299.8 302.3 304.9 308.1 307.3 305.7 307.1 309
340.1 341.3 340.7 338.4 336.1 333.1 328 324.8 323 320.2 317.1 313.7 313.3 311.7 307.3 302.7 297.8 292 286.9 278.6 284.9 285.6 284.4 281.6 272.5 254.4 248.9 262.5 274.5 287.4 306 319.1 325.2 340.3 346.7 352.6 357.8 358.7 354.5 353 353.3 356.4 361.8 372.3 383.2 393.8 397.2 396.3 393.7 393.5 390.3 386.2 380.3 377.4 374.1 369.8 361.9 353.3 342.7 335.9 329.9 326.9 320.4 317.1 313.1 308.5 304.2 301.6 297.2 286.8 295.9 298.6 302 304.9 305.5 303.5 302.9 302.3
341.6 339.8 337.3 333.8 332.8 329.3 324.8 321.2 318.9 317.1 315.1 313.9 313.2 312.1 307.5 302.8 298.1 291.7 285.9 275.8 280.4 281.1 279.4 278.5 273.3 255.3 238.9 257.1 268.2 280.1 299.4 310.1 322.2 333.8 343.8 346.9 355.1 355.6 352.2 349.5 348.1 351.4 357.5 364.6 375.8 385.6 389 388.7 387 382.5 380.6 377.8 371.7 370 367.2 363.6 360 356 353.7 346.6 338 330.7 323.8 319.4 313.7 308.8 304.6 299.5 294.4 289.6 285.4 295.5 299.3 300.1 301.7 303.1 301.3 298.8
340.4 338.2 335.4 332.1 329.5 326.4 321 317.6 315 313.9 311.6 311.6 310.5 309.5 308.5 304.4 299.7 292.6 287.5 279.6 275.9 274.4 273.7 273.8 273.8 261.3 241.7 241 254 271.6 288.3 300 314.4 326.4 339.9 340.6 346.4 347.2 343.1 340.8 340.3 345.4 353.4 361.6 369.1 379.1 381 381.9 379.3 376.1 372.3 370.8 369.2 368.7 368 369.9 369.4 362.9 361.9 361.4 351.3 340.6 330.7 323.8 317.4 310.3 305.8 300.7 296.1 292.1 281.5 291.6 294.9 296.7 298.8 300.5 300.3 298.1
338.6 336.6 332.8 329.7 326.4 321.6 318.3 314.7 311.6 309.4 307.1 306.6 305.9 305.4 304.7 302.9 299.8 295.9 290.4 284.8 271.3 268.4 268.5 269.6 270.5 269.1 251.9 237.7 244.8 262.5 279.8 290.1 302.9 314.6 328.8 332.9 337.5 334.7 334.1 332.4 336.1 340.8 349.4 358.5 365.9 371.5 374 374.2 373.9 371.1 367.7 365.7 365.5 367.9 371 372.7 373.2 373.3 371.3 369 365 353.5 340.3 328.2 320.8 313.6 306.1 301.1 296.5 292.9 284.2 283.2 290.4 292.4 294.6 296.4 297.8 297.2
341.3 334.8 330.9 327.4 323.5 319.9 316.2 311.9 309.1 306.8 302.8 301.2 300.8 300.5 298.6 297 296 295.4 291.5 287.4 278.2 268.2 258.9 263.7 267.3 268.3 259.8 236.4 239.5 253.9 275.3 285.3 298.6 308.5 314.5 320.7 325.7 324.5 322.4 323.6 333.7 341.1 347.9 356.6 363.1 367.7 369.7 369.3 368.3 367.5 363.7 360.2 365.2 368.7 372.5 375.7 377.2 377.3 382.1 378.7 374.7 367.8 354.3 338.4 324.2 316 308.6 301.6 297 292 287.7 276.4 283.1 287.6 290.3 291.9 293.6 293.8
336.5 332.8 328.8 325.2 321.6 318 314.3 310 306.9 304.6 302.4 297.1 293.9 295.4 293 291.9 291.8 293.2 292 287.4 281.7 272.3 268 254 263.2 262.7 261.4 242.7 236 248.4 268.6 279.7 290.6 300.7 305.3 308.1 313.6 313.4 318.5 327.2 334.9 343.2 351.7 356.5 359.8 362.6 365 364.5 362.4 360.8 358.3 357.3 363.4 368 376.4 377.1 377.9 380.8 386.8 390.7 388.9 373.2 362.6 351 334.5 319.9 312.7 305.9 297.7 292.3 288.6 275.9 275.9 279.3 282.5 285.7 287.9 288.3
333.5 330.8 326.8 322.7 320.6 316.8 312.6 308.6 305.5 303 300.7 297.9 293.8 286.7 286.6 286.3 287.2 288.6 288.6 287.1 284.3 277.7 268.2 258.3 253 257.7 253.8 235.1 235.6 250.6 263.9 276.1 282.2 289.8 294.4 297.7 303 315.2 323.8 333.6 341.2 348.9 356.8 360.4 359 359.7 359.7 359.8 358.9 357 356.1 354.5 355.3 361.3 372 377.5 378.8 382.1 394.2 401.7 399 390 370.1 355.2 343.8 328.8 316.6 307.4 300.8 293.7 288.4 280.9 270.6 272.3 275.5 278.7 281 283.6
331.9 328.8 324.8 321.7 321.2 316.5 311.3 307.3 304.2 301.6 298.8 294.6 291 288.3 281 282.1 282.9 284 283.4 282.6 282.3 275.4 265.7 254.7 241.5 245.8 244.9 233.1 241 252.1 263 272.4 276.7 283.3 282 296.2 309.2 319.8 329.7 338.6 345.1 353.2 360.3 361.9 359.6 360.2 359.7 359.1 358.2 356.1 354.8 352.4 352.4 354.7 363 371.6 377.9 382.6 395.2 406.5 405.3 397.9 383.6 365.1 348.6 335.8 321.9 309.8 302.6 296.3 291.1 286.2 280 269.1 269.5 271.9 273.3 274.9
332.5 328.7 323.2 320.9 321.3 318 310.9 306 302.7 299.7 295.6 291.4 288.7 285.9 282.5 273.2 276.3 278.5 276.7 275.5 271.7 263.9 255.8 244.3 240.4 236.3 234.7 232.8 239.9 250.3 260.8 266.3 271.4 273.2 285.7 300.2 311.6 320.9 332.6 341.2 348.3 355.9 361.1 360.5 359.7 360.3 359.8 359.4 358.3 357.8 354.9 352.6 350.7 350.9 353.8 359.9 366.6 377.9 390.2 401.7 404.6 398 388.1 372.1 358.1 342.2 328.8 316.7 304.7 299.2 294.9 289.2 284.5 277.7 266.7 264.7 264.9 267
329.2 326.5 324.8 319.6 317.7 315 309.6 304.1 300.4 296.7 292.4 288.9 286.1 283.4 280.2 273 267.4 269.9 265.3 262.4 255.9 249 240.5 234.2 234.6 235 233.2 232 233.1 244.6 254.5 259.5 264.2 271.6 286.3 301.3 310.7 319.3 330.7 339.4 347.6 354.8 360.3 360.4 359.5 360.3 359.8 359.7 358.4 358.4 356.5 353.6 351 348.9 351.1 355.3 360.9 369.5 380.4 391.2 396.4 393.1 385.2 376.3 362.2 349.2 334.9 321.6 309 300.2 296.1 292.3 287 281.1 275.9 270.3 262.9 260.4
327.8 327.3 323.6 319.4 313.7 310.9 306.8 301 297 293.4 289.5 286.4 283.8 281 280.9 273 258.7 259.8 253.4 247.9 242.3 235.4 232.7 232.6 233.9 233.1 232.8 231 231 235.4 245.7 245.3 258 267.4 281.3 298.7 308.9 318.3 329.1 335.9 344.2 351.1 356 359.1 359.1 358.7 359.6 359.6 359.2 359.8 358.5 354.9 352.7 348.1 348.3 351.9 358.4 367.2 376.5 380.1 382.6 382.7 380.4 373.6 363.3 349.9 337.7 324.3 313 302.1 295.4 292.8 289.4 284.2 279.2 274.3 269.4 264.2
325.7 324.2 323 318.1 312 307.1 302.6 298.2 294 289.8 285.6 283.2 281.1 281.5 278.9 272 264.3 248.6 240.4 236.3 234 232.9 233.7 245.5 249 247.7 240.8 232.2 230.3 230.3 234.8 251.6 255.5 265.5 276.1 292.5 304.6 315.1 326.6 333.3 337.9 345.5 352.3 355.9 356.9 357.1 357.9 359.6 360.6 362.9 361.6 357.8 354.4 349.9 345.5 347.8 356 364.9 372.6 377.1 374 371.7 370.6 369.1 363.2 349.6 337.7 325.1 315.9 304.4 295.3 289.4 289.5 286.7 281 276.5 272.5 268.1
322.7 320.5 319 314 308.7 303.2 299.4 294.7 290.2 285.3 281.4 277.7 275.1 275.1 273.3 270.3 263.3 255 237.7 234.1 233 233.5 248.2 256 259.3 257.2 253 246.8 237.3 229.5 229.5 235.1 248.9 262.2 269.1 282.1 296.5 309.2 317 328.8 334.8 340.8 348.6 351.3 353.7 355.3 358 361.3 362.6 363.7 366.1 362.8 359.4 354.1 348.9 342 348 357.3 366.3 371.9 370.9 365.8 361.7 360.7 359.7 349.8 338.1 327.9 317.3 306.8 297.4 289.4 284 284.2 282 277.5 273.9 270.3
321.6 317.2 314.1 309.7 304.6 299.3 296.3 289.8 284.4 280.9 277 272.9 268.4 267.7 268.7 265.8 259.8 248 233.5 232.7 234 244.7 255.2 262.8 267.7 268.9 266.4 257.4 248 233 227.9 228.2 242.3 255.1 262.9 274 285.8 298.4 309.4 317.8 328.2 334.2 342.5 348 349.9 353.3 358.3 361.9 364 365.7 366.6 366.1 363.5 361.9 354.8 346.3 340.6 348.2 356.7 362.6 364.4 362.5 356.3 351.8 351.4 348 339 328.4 318.2 308 299.1 291.8 286.4 280 278.7 277.1 273.5 270.1
316.5 314.1 309.7 305.1 300.5 295.6 290.6 285.5 279.9 276.6 271.8 267.4 262.8 261.2 263 260.6 254.2 239.5 232.1 232.4 241.7 251.4 262.3 270 275.6 280.8 279.7 270 259.7 250.2 228.1 226.9 229.5 242.2 255.3 265.8 274.8 287.6 301.9 311.7 320.5 325.9 332 339.1 346.4 352.4 358.1 362.8 366.1 368.2 369.6 369 368.2 364.2 359.2 351.1 337 337.8 345.4 352.6 354.4 353.5 348.3 344.2 340.3 340 336.8 326.9 317.5 307.7 298.5 290.9 286.7 280.8 276.3 273.9 270.6 268
313.4 311.2 306.8 302.2 295.1 291.2 286.1 281.5 277.7 271.7 264.9 260.5 256.2 257.3 258.1 254.1 246.2 233.6 231.9 233.3 243.8 258.6 271.2 278.9 286.8 294.6 295.3 284.6 272.5 262.6 246.2 226.9 226.6 229.5 243.4 258.3 266.4 279.9 293 303.6 312.4 321.1 325.9 334.2 343.5 349.8 357.4 363.2 368.2 374.8 378 376 372.8 367 361.2 355.1 346.3 333.5 331.5 340.1 343.3 342.3 338.6 335 331.7 329.8 330.3 324.5 315.1 306.6 296.8 288.6 280.5 276.8 273.5 269.8 265.6 258.6
313 311.3 307.8 301.8 295.5 288 282.2 279.1 274.8 270 258.8 250.8 245.9 248.4 250.7 247.5 236.2 232.5 231.4 236.3 253.5 267.2 280.9 294.8 302.9 310.8 311 303.2 287.3 274.4 263.3 246.3 225.7 225 236 249.8 258.2 270.2 283.2 294.7 303.4 312.1 322.1 329.5 341.4 347.1 353.9 360.9 368.5 377.6 381.9 377.4 373.1 368 361.3 354.5 347 339 327.6 322.1 327.9 328.2 327.5 324.4 321.5 320.9 320.4 317.3 311 302.8 294.7 285.9 276.9 268.9 267.9 265.9 267.6 267
313.8 311.2 306.8 300.8 294.8 288.6 282.7 276.4 271.8 267.4 259.1 250.9 246.3 244.8 240.5 240.4 235.4 232.3 231.1 242 260 273.7 289 303.2 317.1 326.6 327.5 316.8 301.1 284.9 274.5 259.9 237.6 225.1 224.1 238.7 249 262.1 271.9 285.4 295.8 303.4 313 325.3 338 344.8 352.4 360.2 369 373.6 377.2 375.2 370.6 366.5 362 355.5 347.3 339.5 332.9 325.8 315.6 314.6 315 313.7 311.8 311.4 311.5 310 305.4 298.9 291.1 283.6 272.7 275.9 274.3 269.3 268 267.8
313.8 309 304 298.2 292.3 286.3 279.9 274.1 269.4 264.2 257.4 251.2 252.9 258.2 255 250.4 242.5 231.5 230.3 248.6 263.5 276 290.6 306.1 321.6 336.4 341.6 328.3 313.4 298.3 284 270.5 254.4 231.7 223.4 223.3 228.1 244.2 261.4 271.6 285.9 297.5 308.1 319 331.2 338.7 347.9 357.1 366.6 370.8 371.3 369.8 367.2 364.2 360.6 353.7 346.4 338 331.6 325.9 319.9 312.6 304.8 302.8 299.5 302.1 303 302.6 298.6 292.6 282.2 276.6 285.6 288 288.5 279.1 271.9 268.3
