Assets/StreamingAssets/GeoData/Data/no/NO01.asc
ncols 200
nrows 200
xllcorner 300000
yllcorner 710000
cellsize 50
[rows 72 to 107 of 200, columns 82 to 163 of 200]
36.1 36.2 35.6 34.4 35.1 34.7 28.7 26.6 27.1 27.1 27.7 28.3 29 29.6 29.8 29.2 28.5 28.5 28.6 28.7 25.7 28.9 28.3 29 30.4 32.6 40.2 43.8 48.4 49.2 50.6 51.1 50.7 50 48.8 51 57.9 66.1 57.9 43.6 35.9 49.6 65.2 65.5 69.9 72.2 75.3 78.1 80.8 82.6 86.7 89.7 91.6 93.6 95 96.1 96.5 95.8 94.8 95.5 95.8 96.2 94.4 87.4 92.3 99.6 106.1 106.2 104.1 104.6 106.5 122.6 129.8 134.2 136.5 139.4 145.5 149.8 138.3 133.9 137.3 158.5
37.6 36.4 34.4 35.2 35.9 35.3 31.2 27.7 27.3 27.6 27.7 28.4 29 29.7 30.3 30.8 30 30.1 29.9 29.7 28.6 25.9 22.3 27.1 30 31.7 38.3 43.7 46.4 47 45.2 47.2 48.9 48.6 48.4 50.4 55 60.1 42.1 36.8 39.6 35.4 57.5 64.6 66.6 68.3 72 76.3 80.5 84 86.2 88.2 90.5 91 91.6 92.4 92.6 92.3 92.8 93.2 92.8 89.9 86.8 88.2 94.9 103.5 106.8 105.3 103.6 103.3 104.1 115 129.3 134.8 140.7 145 149 152 135.9 138.8 143.5 171.3
37.4 36.7 35.1 35.7 36.2 35.7 29.9 27.6 27.9 28.1 28.6 28.8 29.7 30.2 30.6 31.1 31.6 31.8 32 32.8 32.4 30.6 29.2 28.5 25.3 29.6 31.1 31.8 33.5 34.3 36.9 39.7 39.8 44.9 48 50.5 54.7 47.2 41.3 56.9 48 37 58.8 63 65.4 67.9 71.1 76.3 79.8 82.5 84.4 86.6 87.8 88.8 89.5 90.2 90.5 91.2 91.3 90.9 89.5 85.1 88.1 94 100 102.9 102.8 101.3 100.1 98.7 102.2 110 125.1 132.9 140.7 147.4 153.7 140.5 138.5 143.2 161.5 179.1
37.4 37 35.7 36.1 36.1 31.4 28.7 28.2 29.3 30 29.3 29.4 30 30.4 30.8 31.4 31.9 32.3 33.9 37.2 37.9 39.9 41.6 36.7 31.7 28.8 27.5 28.4 29.2 30.9 36 33.7 32.6 38 47.1 51.7 50.5 37.5 59.1 62.6 60.7 35.7 58 63.4 65.7 68.3 71.3 74.4 78.2 80.3 82.5 84.7 86.2 86.6 88.1 88 88.9 90 90.7 90.1 86.2 84.8 91.4 94.7 95.3 97.3 96.1 95.9 96.2 97 101.1 112.5 121.4 130.9 142.3 152.3 148 138.6 143.7 156.5 176.7 183.1
37.8 37.2 36.1 36.2 33.1 29.5 29.1 29.3 31.3 32.5 33 30.1 30.6 31.1 34.7 35.2 34.7 36.1 38.9 39.9 40.8 41.3 41.8 42.7 43.3 40.3 39.8 38.4 39.2 39.8 41.4 40.8 40.8 37.9 31.8 31.4 33.5 51.2 61.5 62.9 55.7 39.6 59.9 50.5 61.7 68.5 71.3 46.2 67.2 76.7 76.1 69 49.9 51.6 57.4 63.3 59.8 60.2 87.8 87.7 80.4 65 69.3 77.4 73.5 88.1 95.3 93.2 92.9 93.6 103.5 113.5 131.3 132.7 142.3 151.5 137.1 138.6 145.1 168.2 182.5 187.4
37.9 37.8 37.9 35.6 32.2 29.7 31.9 33.2 34.6 35.4 35.2 33.1 30.8 31.4 33 37.1 38 38 39.4 40 40.5 41.2 41.6 43.7 45.7 46.3 45.3 48.6 48.4 48.3 47.6 46.6 47.2 46.2 46.5 46.2 54.1 62.6 64 64.7 52.9 40 41.4 50.4 47.7 44.4 52.3 66.5 56.7 50.7 57.5 48.9 59.1 60.7 58.4 53.1 61.8 61.6 57.4 54.4 61.6 58.7 60.8 60.6 57.4 75.8 85.8 87 88.6 92.7 99 113.2 126.7 138.5 143.3 140.5 132.3 138 149.4 172.2 182.1 188.8
38.3 38.3 38.1 37.3 34.9 30 35.9 37 37.2 37.1 36.6 35.4 33.1 31.7 31.7 33.7 37.6 38 38.9 39.8 40 40.7 42.1 45.1 46.7 46.1 49.2 50.7 50.5 50.3 49.7 48.6 48.5 48.9 48.9 47.9 58.6 64.1 66.4 66 54.3 53.3 58.4 60.6 61.6 66 70.5 76.8 78.8 69.9 72.7 71.7 74.5 73.5 73 72.5 79.4 83.3 70.9 56.6 55.4 66.1 69.3 68 57.8 66.8 76.4 83.9 86.7 89.8 98 112.6 119.2 131.6 135.1 126.7 129.5 138.3 160.8 172.4 181.4 187.9
38.5 38.5 38.3 36.7 31.4 32.8 36.7 37.8 38.1 38.1 37.3 37.3 36.3 34.4 33.6 33.4 34 37.6 38.4 39.6 39.6 41.1 43.7 46.2 45.9 49.2 51.5 52.4 52.4 51.7 50.3 48.5 49.2 49 47.4 51.4 61.4 67.2 67.6 66.9 55.2 65.4 64.6 62.1 66.4 70.7 73.7 79.2 81.5 83.2 82.9 83.1 84.1 83 83.6 84.8 86.5 86.6 84.3 81 79.1 77.2 74.7 72.2 59.2 62.4 78.5 82.1 85.3 88.2 95.5 109.5 121.9 123.7 125 121.3 127.7 145.8 163 171 178.2 180.1
39 38.7 38.2 34.5 30.7 32 34.9 36.6 38 38.2 38.3 38.1 37.6 37.2 37.3 35.2 34.4 35.5 38 39.4 39.2 41.7 45 45.7 49.3 52.8 53.6 53.5 51.9 51.5 49.9 50.2 52 50.8 48.6 58.3 64.6 70.9 72.2 70.9 60 68.5 66.4 65.4 68.2 75.4 79.8 82.3 85.4 87.7 87.6 87.1 86.8 87.4 87.2 88.4 89.7 89.9 89.8 91 86.8 84 77 74.7 58.3 67.7 74.9 77.3 81.5 80.6 86 98.9 112.4 118.9 118.2 119.4 126.4 142.1 153.3 160.8 161.2 159.4
39.3 37.6 35.3 31.4 31.3 30.7 32.8 35.9 37.9 38.6 38.8 38.9 38.6 38.1 36.9 36 35.5 36 37.2 38 40.4 42.1 45.3 46.3 52.8 54.5 52.8 52.6 54.6 55.4 54.5 55.3 56.2 52.5 52 61.7 67.6 72.5 74.1 71.4 67.9 69.8 68.1 70.8 73.4 77.6 83.4 86.8 90.6 93 92.4 93.1 93.9 93.5 92.6 92.3 92.6 92.3 92.1 91.9 88.1 86.4 78.8 75.3 59.6 75.5 85.4 87 87.1 85.2 80.3 84.9 98.6 109.4 112.8 114.1 128.6 140.4 144.8 148.2 150.8 155.8
39.4 39.5 37.6 32.1 31.9 32 32.5 37.7 38.7 39.1 39.3 39.2 38.8 38.1 36.9 37.4 37 37 37.4 38.8 41.1 42.8 44.7 48.9 53.1 53.6 53.8 56.2 58.1 57.3 56.9 61.4 59.8 57 56.1 61.3 68.7 73.8 75.1 73.7 69.3 70.9 71.8 75.4 77.4 80.6 84.2 92.3 99.7 101.3 101 100.5 100.5 99.4 97.5 96.8 96.1 95.4 94.6 92.4 91.2 90.4 82.7 78.2 63.2 80.7 90 88.9 88.2 90.6 88.5 87.1 89.7 98.6 104.2 112.8 125.7 135.7 141.2 145.7 146.2 148.9
41 40.3 38.6 37.7 34.4 32.1 33.5 37.8 39.2 39.6 39.5 39.4 39.2 36.7 38.1 38.4 37.7 38.2 38.7 40.6 42.8 44.9 47.9 50.8 52.9 54.7 57.5 59.5 59.6 59.9 62.4 64.1 65.6 62.9 60 64.5 70.4 76.7 77.6 77.1 70.8 73.1 74.5 80 82 84.1 86.4 92.9 100.8 106.1 107.2 106.5 106 105 103.7 102.7 100.3 98.2 97.3 93.2 92.2 91.9 89.2 80.4 61.9 71.9 85.4 89.5 88.8 92.9 95 93.9 91.1 90.6 99.9 110.9 119.1 129 134.9 142.8 141.3 144.5
41.4 40.3 40.1 38.7 33.6 32.7 33.5 36.9 38.7 40.2 40.6 40.9 39.8 37.6 38.3 38.9 39.4 39.7 40 42.5 44.7 47.8 51.5 52 56.1 59 59.8 62.5 65.7 68 67.6 67.1 70.2 69.1 65.4 69.7 76.6 79.9 81.9 80.2 71.8 76 78.2 82.5 86.5 86.7 91.5 96.8 102.3 107.1 110.6 110.3 109.9 109.5 108.6 107.5 105.3 102.3 101.8 98.4 95.1 95.8 93.4 88.4 81.8 67.3 84.4 89.9 89.9 92.2 96.2 95.7 97 100.8 103.1 101.2 113.1 120.6 129.5 131.2 136 140.3
41.3 40.2 39.5 37.9 33.2 33.5 34.1 35.1 37 39.6 41.1 42.5 41.7 39.9 38.5 40.2 40.8 41.7 43.2 43.4 45 49.5 55.2 58.3 63.6 67.2 66.9 69.3 72.1 73.4 71.4 73.2 76.5 75.9 73 73.4 79.4 82.7 84.6 82.4 73.6 78.7 79.2 85.2 87.1 91 96.9 101.5 106.2 109.4 112.1 115.3 114.3 113.3 112.3 111.1 108.9 106.6 105.5 100.7 97.1 97.4 96.9 94 90.9 86.5 70.6 79.8 89.3 95.1 102.3 103.3 105.1 107.8 108 112 111.5 110 117.5 124.6 129.3 135.8
42.7 41.1 39.2 36 33.8 35.4 37.1 38.5 37.7 38.7 42.7 43.8 43.4 41.7 39.7 41.4 42.7 41.6 45.3 47.3 48.7 55.7 62 66.2 70.4 72.7 70.3 70.4 72.9 72.3 73.3 79 81.6 81.1 78.8 77.1 82.1 85.7 87 85.4 76.9 78.3 84.1 87.7 88.6 95.6 102.1 106 109.5 111 113.8 117.8 118.2 116.9 117.1 115 112.5 110.3 107.1 102.9 100.4 101.2 99.6 97.6 95.9 90.4 77 72.3 87 102.9 115.5 120 118.4 119.4 118.7 117.1 118.8 120.3 120.3 119.3 123.1 127.2
43.6 41.5 38.8 34.4 35.6 38.3 39.6 40 38.2 40.3 43.9 46.4 46.4 44.3 42.7 43.9 47.8 47.4 45.6 49.1 52.5 62 69.7 75.4 78.3 77.6 74.2 70 71.5 73.7 80.3 84.4 85.7 85.6 82.3 78.9 84.1 88 91.4 88.6 80.2 79 85.2 91.1 95.3 100.2 104.5 105.6 112.9 114.4 115.7 114.8 115.7 116.2 116.4 115.9 114.7 113.3 110.7 108.1 106.1 105.4 103.1 99.4 96.3 88 79.6 75.5 88.7 111.2 120.2 125.8 128.4 129 127.8 125.6 127.4 128 129.7 133.3 134.6 137
43.6 41.4 36.9 35.9 41 41.6 43.2 43 42.7 41 45.2 47.2 47.3 44.3 44 49.1 52.2 52.3 47.2 52.7 57.8 65.8 75.8 80.8 82.6 82 81.3 76 82.5 83.4 87.2 88.4 88.3 88.5 87.8 85.3 86.7 89.3 91.1 90.1 87.6 81 81.6 91.4 95.1 100.8 106 106.5 111.2 114.6 114.4 113.4 113.3 113.6 113.6 113.5 113.4 113.7 112.9 111.5 108.4 107.8 105.2 100.6 96.8 90.5 85.3 78.7 84.6 105.8 121 128.1 132.1 131.4 132.5 130.6 131.8 132.7 134.8 141.7 149.1 151.8
42.2 38.8 36.5 39.4 41.8 43.5 45.4 43.8 43.1 43.1 44 45 45.4 46.3 49.4 52.6 57.3 53.2 51.9 58 63.5 70.9 76.2 82.2 83.8 83.2 81.5 86.4 88.6 89.5 89 89.4 89.2 89.1 88.8 89.1 89.8 92.8 92.8 92.2 90.7 84.5 83.5 91.2 95.8 100.7 102.4 106.2 110 113.6 115.1 114.8 112.2 109.3 110.5 109.8 111.1 111.2 110.9 109.4 103.6 100.9 100.4 100.8 98.2 91.8 89.7 85.6 77.1 97.5 110.1 121.7 128.1 131.3 131.4 132.4 132.7 135 137.8 144.1 153.8 163.7
39.5 38.7 37.8 40.9 42.9 45.4 45.6 44 44.1 45.2 45.7 45.7 47.8 51.3 53.8 58.2 60.4 53.3 57.8 63.2 71.2 80.1 82.2 84 87.5 90 94.1 94.3 94.1 94 93.6 93.2 92.3 91.5 91.1 92.7 94.7 96 96.2 94.5 92.6 87.8 88.9 92.6 97.8 99.2 101.3 105.4 109.4 112.4 114.6 113.6 112.6 112.9 111.3 109.7 107.6 104.6 103.4 102.5 98.3 95.5 94.5 94.8 96.7 92.1 92.3 93 76.6 89 103.5 113 119.7 123.9 126.7 129.3 130.7 134.3 137.8 143.6 154.5 164.8
41.6 41.1 39.2 41.3 44.2 46 45.6 45.5 47.4 49.3 50.1 51.3 53.1 56.1 57.7 65.2 65.1 54.3 64.3 68.9 81 85.6 89.3 92.1 94.2 95.8 97.9 97.9 97.7 97.6 98 97.9 97.7 96.9 95.7 96.7 98.3 97.2 95.9 94.7 92.6 87.3 93.3 97.1 100.1 101.5 103.5 106.4 109.4 113.6 112.9 112 114 113.6 112.2 110.6 105.7 105 105.8 105.1 107.8 101 98.8 94.3 91.9 93.3 97.2 93.7 76.2 83 90.6 98.4 107.7 113.9 119.8 121.5 129.5 132.7 137.3 140.3 145.1 155.3
42.6 41 42.2 42.5 43.8 46.6 47.8 49.5 50.1 50.7 54.7 56.1 58.9 60.8 62.3 63.9 61.8 65 70.9 78.7 85.2 91.1 98.3 104.1 103.1 104.1 103.1 101.9 101.5 101.1 101.2 101.4 101.5 101.1 101.1 98.8 95.7 93.9 93.9 97.5 91.6 96.8 98.6 99.3 100.9 105 105.9 105.1 108.7 110.5 110.4 109.8 112 110.1 109.8 106.8 106.1 110 110.6 109.6 111 106.1 103.7 101 97.6 96.9 94 91.5 77.4 85.1 96.8 105.9 111.1 116.4 119.2 123.9 128.1 133.1 140.3 143 143.9 148.7
43.6 42.5 44.6 45.5 47.4 49.8 51.5 52.2 53.1 51.2 54.1 57.5 60.4 63.5 64.9 65.8 65.6 69.5 71.6 81.1 87.4 96.7 104.4 107.4 108 107.7 106.6 105.1 105.2 104.9 104 104.3 104.1 104.5 104 100.2 101.4 101.4 100.9 99.2 96.1 100.9 101.8 102.3 104.2 106.1 106.8 107.7 107.7 108.3 108 107.2 105.8 105.8 107.2 108.2 110.6 111.7 109.6 109.2 105.5 100.6 99.5 100.3 96.3 93.8 90.8 93.8 78.9 87.4 101.3 109.2 116.1 122.4 126 133.6 138.1 137.5 141.2 148.2 150.6 153.5
43.2 44.8 47.1 49 50.3 51.4 52.3 53.8 54 55 58.4 61.1 63 64.9 66.2 67.9 70.1 70.9 70 80.1 86.6 95.3 102.7 105.4 106.2 106.9 106.9 106.6 106.6 106 105.6 105.8 105.5 105.5 101.8 100.2 104.9 100.7 97.7 94.9 101.3 104.1 104.6 105.2 105.8 105.9 106.2 106.8 106.9 106.8 107.6 108.3 109.9 113.7 116.5 116.8 114.7 113.2 108.8 101.3 99.6 98 96.6 96.4 97.1 96.9 99.5 94.3 79.5 84.7 103.2 111.8 120.1 128.1 132.4 137.8 146.9 148.5 147.3 151.2 155.7 158.9
46.3 49.6 49.9 50.5 51.7 52.4 53.5 54.6 56.2 59.6 62.1 64 65.6 67.1 68.6 70.4 72.6 73.9 69.4 78.6 85.1 89.1 94 98.4 101.1 103.2 104 104.2 104.8 103.8 103.3 100.4 100.2 100.2 100.2 105.4 100.5 96.7 97.2 100.1 105.6 107.5 107.2 109.4 111.3 110.2 113.9 113.9 113.8 111.8 114.7 116.1 119.2 120.5 120.3 118.8 115.9 112 103.2 105 103.7 102.2 101.5 104.8 105.6 101.3 100.1 90.2 79.5 80.8 106 116 126.6 133 138.5 149.8 157.2 159.4 159.1 156.8 161 165.5
47.1 50 50.7 51.7 52.7 53.6 54.8 56 57.6 61.2 63.2 65.6 67.8 69.9 71.3 72.8 74.7 76.8 77.5 73.7 81.7 86.8 90.4 94 97.2 99.5 101.1 102 101.5 101.6 102 103.5 105 104.5 106.5 104.6 98.3 98.9 103.5 107.8 110.8 111.7 111.2 112 115.7 119.3 120.9 120.5 119.4 118.9 122.3 124.9 125.2 124.2 123.2 119.9 116.8 107.1 110.4 112 111.2 111.7 108.9 107.9 105.8 102.5 101.6 88.5 79.9 85.6 105.4 118.2 128.8 135.2 150.6 163 170.7 170.6 169.6 166.6 165.1 170.2
48.9 50.2 51.1 51.5 53 54.2 56.2 58.2 60.4 63.1 65.6 67.4 70 72.6 74.5 76.2 77.5 80.1 82.4 83.7 84.4 88 86.7 85.5 89.6 95.9 100.3 101.8 102.4 103.7 105.4 107.4 109.5 110.2 108.5 101.4 101.4 106.7 112.2 115.7 118.1 118.3 117.6 117.3 122.8 126.5 127.7 127 125.1 124.3 128.2 130.1 129 127.4 124.4 120.1 114.3 106.8 117.8 121 126 124.5 117.9 116.9 107.3 104.8 101.1 80.5 79.7 94.8 109.6 119.3 133.2 149.3 163.5 175.7 182.7 179.5 180 179.2 173.1 174.3
51.7 52.7 53.9 55.2 55.9 57.8 59.8 62.7 63.8 67.5 69.7 70.8 72.5 75.3 77.5 79.7 81.9 84.9 87.3 87.1 88.2 92.7 93.9 95.5 96.3 91.9 97.7 101.8 103.9 105.8 107.5 109.7 112.1 111.3 104.9 103.5 107.8 115.9 122 126.4 130.4 131.3 129.1 127.7 129.9 133 133.8 133 132.5 133.2 134.5 133.7 132.4 127.5 122.8 118.5 111.3 112.4 129.4 136.6 134.1 128.4 126.5 124 115.6 109.1 104.5 81.4 81.2 93.9 108.8 116.6 127.6 152.9 164.3 175.3 184.9 185.1 184.9 184.7 184.2 178.2
53.1 54.5 56 57.3 58.7 60.8 63.1 65.6 66.7 67.4 71.6 73.9 74.9 77.6 79.7 81.8 85.2 88.7 91.4 90 95.6 98.3 99.4 100.8 101.2 100.1 95.6 101.3 103.8 106.3 108.2 111.1 113.6 110.4 111.5 109.1 114.6 124.8 131.1 137.4 141.8 141.4 140.4 139.1 136.9 139 140 138.8 138.8 139.2 136 132.1 126.7 120.2 122.3 119.2 113 128 136.5 141.3 140.2 134.2 133.2 128.5 119.5 114 108.6 87.1 82.4 80.5 98.5 110.7 121.7 139.1 159.2 173.2 182.7 187.8 187.7 187 195.8 187
55.3 56.3 58.3 60.4 62.9 64.6 66.6 68.6 70.3 71.3 72.4 75.8 77.5 78.9 81.1 84.2 88.4 92.7 91.9 95.2 100.1 102.2 103.6 104.4 104.4 103.1 101.2 101.5 103.6 105.7 107.2 110.2 111.6 111.2 117 114 121.1 132.1 138.6 148 148.7 147.2 147.3 145.4 145.1 145.6 145.2 142.4 139.6 135.2 128.8 127.2 128.8 129.4 128.2 127.2 122 132.4 139.6 140.8 140.2 139.8 138.6 131.4 124.1 118.7 109.3 102.7 84.1 84 82.2 92.9 116.7 132.9 148.1 164.4 180 189.5 188.1 192.4 196.9 199.3
57.5 59.3 61.4 64.6 67.4 68.4 69.5 71.4 73.3 74.9 75.3 78.3 80.5 82.6 85.2 86.3 88.7 91.6 94.7 99.3 102.4 103.9 105.1 106 105.7 104.5 104.6 103.7 105.2 106 106 107 109.1 115.6 122 116 125.1 136.4 147.4 153.4 151.6 151.7 152.3 151.9 151.7 150.9 147.4 135.4 132.4 133.1 133.1 134.4 134.3 135.2 135.3 136.9 132.2 138.3 141.1 140.5 140.6 139.9 139.8 134.4 128.6 122.5 114.6 105 91.6 86.5 82.1 84.9 108.3 128.4 144.6 157 175.7 187.1 188.9 192.7 198.3 197.7
60.8 62.5 65.3 67.9 69.1 70.9 72.2 73.7 75.2 76.8 78.2 81 83.5 86.3 88.9 91.6 93.6 96.9 99.5 101.2 102.2 105.1 106.4 107 106.7 106.8 107 107 107.5 108 108 110.4 115.8 122.3 126 118.2 123.8 135 145.6 154.1 154.3 155.5 155.6 155.9 154.8 150.7 142.6 139.3 141.3 142.3 142.3 143.6 143.6 142.9 143.4 146.2 143.8 141.9 143.3 143.2 144.8 143.9 143.1 136.5 132 125.4 115.8 106.5 96.3 88.4 83.5 84.8 106.5 127.9 143.5 153.6 171.1 181.3 185 189.6 193 193.7
64.8 66.4 68.7 69.7 71.4 73.6 75.2 76.7 78.8 80.4 81.7 82.9 87.2 90.6 93.4 95.8 97.8 100.9 102.5 103.3 105.3 106.7 107.7 108.3 108.4 108.5 108.8 108.8 108.9 110.4 113.3 117.4 122.3 126.9 127.7 120.2 124.4 134 144.9 148.6 152.6 153.2 154.4 154.5 150.5 141 142 145.6 148.7 150.4 149.6 149.9 151.9 151.8 152.6 149.5 146.5 149.1 149.8 151.2 150 149 146.1 138.9 134.6 126.9 117.5 108.7 102.9 91.1 85.3 87.8 113.5 130.2 142.4 154.1 169.9 180.6 183.2 185.2 187.2 189.3
67 69.2 70.6 73.3 75.2 77.3 79.3 80.8 83.1 84.3 86.7 87.7 90.4 93 96.1 99.5 102.2 104.6 105.7 107.1 108.4 108.9 110 110.1 109.6 111.8 112.7 112.3 110.8 113.9 119.1 123.9 127.4 128.5 127 121.8 124.6 136.9 144.4 148.4 150.2 151.8 152.1 150.6 142.4 145.6 147.8 149.7 154.6 160.6 160.4 158.5 160.3 159.2 155.9 153.9 154.2 157.6 159.9 162.5 160.5 154 148.6 143.3 137.4 129.5 119 109.1 104.2 99 85.7 92 118 136.7 149.2 160.7 173.1 181.6 187 186.9 185.9 187.1
68.9 71.4 73 76.3 79.8 82.2 84.8 86.4 86.8 88.6 92.2 93.3 93.4 96 100 102.5 105.1 106.3 108.5 109.9 111.2 111 112.1 112.2 113.4 116.3 116.7 116.6 116.2 116.7 123.1 127.1 127.9 125.5 129.1 130.7 127.1 133.3 142.4 145.7 145.8 146.5 148.2 143.9 145.1 148.8 152.4 155.9 163.8 165.5 165.2 163.4 161.8 161.9 161.4 160.1 164.1 173.5 172.9 174 173.8 162.3 152.6 146.9 141.1 132.8 121.9 113 109.5 104.4 86 93.9 121.4 136.1 150.3 163.6 172.3 184 189.6 191.2 188 188.6
65.9 72.1 77.2 80.6 84 86.8 89.4 89.8 90.7 95.2 94.7 95.7 95.8 98.9 102 104.9 106.7 109.1 110.9 112.4 113.8 113.9 114.3 115.7 119.4 120 121.7 122.6 123.4 116.5 122.5 125.4 126 130.2 135.1 135.4 132.9 136.7 140.1 141.7 144.3 145.7 148.1 147.8 150.8 156.6 161.1 165.9 167.9 168.2 169.8 170.3 166.8 166.5 165.8 167.9 173.9 178.2 187.5 188.7 182.4 171.1 158.6 152 144.7 136 126.4 117.9 111.6 98.3 84.1 89.2 121.6 133.7 145.9 158.6 165.6 174.2 181.7 185.7 187.6 190.1
76.1 74.4 79.6 85.4 87.5 90.7 90.9 92.5 96.2 97.6 96.2 97.2 98.7 100.2 102.9 105.6 109 111 113 114.9 116.4 118.3 119 118.9 122.5 123.9 124.6 125.3 124.5 123.4 122.9 127.8 130.1 132.4 133.6 138.3 141.1 142.6 144.8 146.7 147.5 149.3 154.4 158.4 161.3 160.2 167.9 170 174.2 180.3 181.5 181.8 177.1 170.9 170.9 173.3 180.3 182 189.7 188.7 185.6 173.3 159.3 151.5 144.7 137.2 128.9 120.2 108.5 91.9 87 89.5 119.6 128.2 138.5 149.5 159.6 167.9 174 179.2 184.3 187.9
