Assets/StreamingAssets/GeoData/Data/no/NO04.asc
ncols 200
nrows 200
xllcorner 300000
yllcorner 740000
cellsize 50
[rows 105 to 139 of 200, columns 0 to 79 of 200]
61.7 58.8 57.2 57.6 54.5 54.4 55.7 47.4 47.4 58.3 64 81.9 89.6 103.7 119.2 142.7 162.8 183.9 205 218.9 231.6 240.8 256.3 268.7 279.6 296.7 314.8 324.5 334 337.7 333.3 326 323.5 320.6 311 307.2 306.7 303.6 290.8 275.9 260.3 244.2 242.6 242.7 237.3 218.8 203.3 191.3 182.8 184.2 185.6 184.1 165.5 145.8 138.9 129 125.3 122 119.3 114.8 110.8 109.9 113 112.9 111.1 109.8 105 103.3 103.3 103 107.3 115.9 120.2 121.4 124.7 123.2 121.1 118.4 118.4 119.5
62.6 60.1 58.6 56.4 54.3 53.6 53.1 47.3 47.3 59.6 59.3 73 92.2 105.4 120.2 144.1 164.3 186.5 206.3 221.2 231.7 243.4 257.2 268.6 282 297.4 312.2 325.2 333.7 338.1 327.3 325.5 326.8 324.3 314 307.6 308.1 308.5 305.5 298.7 279.6 259.4 244.4 241.9 243.1 232 211.7 194.1 184.6 181.7 177.2 174.7 165.7 149.5 136.1 129.5 126.6 124 119.9 115.3 110.7 107.4 106.2 106.5 104.8 104.2 103.1 102.6 102.8 102.9 101.4 106.2 113 117.8 117.2 117.9 117.1 116.2 115.4 119
62.4 60.6 56.4 56.1 52.8 53.1 52.6 49.7 47.2 53.8 58.6 70.2 81.3 105.1 121.6 143.8 165.2 188.9 206.5 220.2 231.6 244.4 257.8 268.1 282.8 299.2 310.9 323.8 318.9 318 320.7 329 327.1 318.1 311.3 309.3 309.3 308.8 306.3 305.2 299 278.1 261.5 238.1 231.6 228.3 221.7 195.3 186.4 178.9 171.5 166.4 161.1 149.6 137.7 128.3 126.2 126.3 121.7 116.6 108.5 105.4 104.6 104.1 103.7 103.2 102.7 102.3 102.4 102.3 100.8 102.5 108.2 114 120.7 122.3 117.5 111.9 115.5 115.7
61.2 56.1 56.3 54 54.9 52.7 52.2 49.7 47.2 47.2 57.4 73.4 88.7 105.7 124.5 144.2 167.7 190.5 208.2 225 237.7 245.7 258.6 267.7 286.4 297.7 311.6 317.1 314 313.3 322.3 329.2 328.9 325.9 312.9 308.9 308.9 307.4 312.5 303.4 304.9 295.4 272.3 246.7 226.8 223.2 225.3 212.3 189.3 182.2 167.9 163.3 153 144 137.2 125.8 121.8 120.3 119.2 116.7 110.6 104.5 103.9 103.3 103.3 103.3 102.7 104.7 104.9 102.9 101.6 100.7 104 106.7 117.7 116.7 110.9 112.8 112.4 110.5
61.1 59.7 57.8 56.5 55 53.8 52 51.5 49.2 47.1 53.3 65.3 92.3 108.3 127.5 146.9 168 188.9 206.7 230.7 248 261.7 260.3 269.5 283.1 296.8 309 315.7 314.3 313.5 314.3 326 330.5 332.4 322.2 308.2 302.6 303.5 312.8 311.5 301.4 296.9 279.6 252.3 230.3 216.5 194.8 200.7 184.7 176.9 164.7 161 149 143.2 139 125 121.6 122.2 123.4 121.8 113.6 105.8 103 103.3 103.7 103.4 105 107.7 106.9 103.2 102.2 101.9 101.2 102.9 101 102 102.5 106.1 106.7 111
65 60.8 58.1 55.5 54.6 54.1 52.1 51.9 51.9 47 54.8 64.2 87.8 107.8 129.4 148.3 168.7 189.4 207.8 232.9 258.6 275.1 277.3 269.7 281.1 298.2 304.2 319.1 319.3 314.6 313.4 322 333.7 333.2 326.1 316.2 302 293.9 305.6 311.8 302.1 281.7 280.1 260.8 236.8 210.2 193.8 171 168.4 169.8 162.6 153.9 146.8 146.4 139.7 129.5 124.2 125 124.7 120.4 114.1 107 103.1 102.9 102.7 104.3 105.3 107 107.4 105.7 102.6 101.7 101.6 101.3 101.1 101.5 101.8 105.3 104.7 104.5
77.1 60.5 56.8 54.7 53.2 52.4 52 52 50.3 47 59.4 63 85.6 107.9 130.9 151.1 172.9 193.7 207.4 226.9 260.2 280 286.6 281.5 274.3 288.6 305.4 317.7 322.8 323.5 316.3 321.8 334.8 335.6 325.9 318.9 310.4 296 287.2 303.3 302.2 279.8 277.6 263.8 240 218.2 190.2 167.5 156.8 155 148.6 143.9 144.1 143.5 142.2 132.9 127.2 123.6 122.1 116.7 112.1 107.2 107.9 109.1 107.9 107.7 107.5 106.6 104.9 103.2 102.7 102.4 100.9 101.5 101.1 101.4 100.4 101.1 101.3 103.5
88.4 61.9 55.8 53.8 51.9 51.8 51.9 52 50.3 46.9 60 61.6 84.9 106.8 132.3 152.5 175.3 197.8 207.5 222.9 256.7 272.9 278.4 278.6 269.2 277.5 303.3 313.4 323 325 325.3 322 323.7 334.2 332.1 319.8 312 301.6 283.2 283.1 284 275.6 266.7 260 239.8 228.3 203.4 173.1 151.4 154.4 146.3 139.5 140.8 141.9 141.8 134.5 126.8 121.5 118.1 114.6 112.7 115.9 118.1 119 117.6 116.9 113.8 111 111 109.8 107.6 102.9 101.5 101.4 101.8 101.1 101.4 101.1 101.1 101.8
74.5 59 53.2 52.7 50.7 51.7 52 52.4 49.3 46.8 61.8 60.4 83.2 107 130.9 154.2 173.7 190 205.2 218.7 237.6 254 257.8 259.8 266.6 270.7 284.4 305.8 320.1 323.7 331.3 330.7 329.3 321.3 333.4 331.3 323.1 298.3 283.4 275.7 269.2 267.5 268.1 264.2 243.1 234.5 209.6 177.1 153.1 144.5 142.1 137.1 135.5 134.7 134.9 133.3 128.8 124.2 116.1 116.3 119.4 122.6 126.9 126 126.2 128.4 128.7 129.6 130.3 127.6 122.8 105.8 103 100.7 101.7 100.5 101.3 101.2 101.2 100.5
63.1 54.8 53 52.2 52.2 55.5 52 52.3 46.7 46.7 60.2 62.7 84.1 106.3 128.9 153.6 176.2 189.4 205.9 221.4 233.4 241 248.6 257.9 267 271 274.8 294.1 312 320.9 325 331.4 326.9 326.9 314.4 321.6 325.7 317.7 281.1 271.3 266.5 268.6 262.6 252.6 240 229.6 210.2 177.5 155.1 137.9 135.3 133.9 134.3 133.9 133.5 131.2 128.9 121 121.8 123.8 125.6 128.9 136.1 138.9 138.1 146 147.6 151.3 147.4 145.3 134.7 121.3 103.8 101.7 101.2 101.4 101.4 101.2 101.1 101.1
65.8 56.7 53.3 52 51.9 51.8 52 52.4 46.7 54.5 57.8 65.7 84.1 105.1 127.5 152.4 177.1 192.2 207 221.9 231.4 240.1 252.2 262.3 271.3 276.6 279 282.7 306.8 313.6 326.8 325.3 327.3 322.9 325.2 308.9 312.3 315.1 298.4 277.7 266.3 272.5 274.5 257.7 230.5 209.8 196.8 182.1 160.3 137.9 134.5 133.6 133.6 135.1 136.8 135 126.8 126.9 131.4 132.5 134.6 138.9 147 150.6 153.7 160.6 161.8 166.7 169.5 159.8 139.1 116.8 107.6 102.3 100.5 101.1 101.7 101.3 101.1 100.9
83.2 69.2 60 51.9 51.3 51.3 51.3 49 46.6 57.4 58.9 68 85.1 103.2 127.1 153.6 175.9 194.7 207.6 220.7 233.8 243.9 254.5 266.4 278.7 287.9 291.4 281.4 294.4 311.9 320.7 323.8 320.3 315.9 308.1 310.3 296.3 296.8 295.3 282.3 266.3 265.5 279.8 273.2 234.6 213.2 187.3 169.5 158.4 142.9 134.8 135.1 134.2 132.5 132.1 128.6 129.4 134 139.4 141.4 144.8 149.5 161.1 162.4 163.6 169.6 181 176.3 166.9 161.4 144.8 123.9 115.3 105.8 102 100.4 101.8 101.1 100.7 100.5
80.3 78.1 72.6 62.8 51.3 51.5 51.4 46.6 46.6 55.7 59.2 68.2 80.5 100.8 124.7 151.6 176.9 196.9 208.8 219.3 229.9 243.2 257.8 272 281.1 295.7 300.4 292.1 280.5 302.7 313.9 313.3 314 313.6 305.2 297.8 289.5 288.3 288.2 281.2 272.7 256 250.7 240.4 219.8 197.8 181.1 163.6 151.7 142 137.2 138.8 133.5 129.4 127.9 129.1 133.4 139.8 146.7 149.9 152.7 157.6 163.5 171.1 170.6 177.9 178.7 180.2 172 166.1 150.3 129.2 118.7 108.9 101.9 100.9 100.8 101.3 101.1 100.1
78.6 85.8 88.7 75.9 55.8 51.6 56.2 46.6 46.6 54.2 58.7 66.9 78.4 101.5 122.3 147.9 176.5 198.1 211.8 222.3 232.1 242.7 258.6 274.2 285.7 297.8 306.8 304.3 285.1 273 290 292.7 297.6 300.5 300.5 307 296.8 281.9 275.7 278 278.1 261.4 219.9 206.3 193.2 187.1 178.9 161.9 152.4 141.8 139.8 131.6 128.8 127.9 129.4 133.2 139 144.4 153.1 156 159.8 162.6 164.4 172.6 174.3 172.8 181.4 185.1 171.6 163.1 154.4 136.1 124.1 111.8 101.8 101.1 100.8 101 100.6 100.2
84.9 84.7 89.4 78.2 57.9 51 52 46.6 47.2 54.4 57.2 68.7 78.4 99.4 118.8 142.1 170.2 193.8 213.2 225.5 237.2 247.4 264 279.8 293.7 296.7 310.4 319.4 290.6 274.4 261.5 268.1 282.1 290.6 293.4 310.1 301.3 290 274.7 262 263.2 244.5 214.3 199.8 189.1 177.3 167.4 159.5 150 136.7 131.3 128.8 127.9 129.3 133.2 137.5 142.5 148.4 155.3 160 164.5 169.5 168.8 167.6 172 175.5 185.2 189.4 175.1 171.1 165.8 154.8 137.4 119.1 105 101.1 101.2 100.9 100.5 100.8
98.4 85.8 79.7 75.3 60.1 53.5 52 46.6 46.6 54 56.8 70.1 77.2 93 109.3 134.3 163 184.8 204.2 224 239.6 253.2 269.6 286.1 300.4 305.6 311.3 316.1 295.9 275.8 265.4 242.9 266.5 278.7 288.1 298.1 302.8 295 282.8 263.8 246 220.1 202.3 190.9 184 172.6 159.5 148 138.6 130.7 127.9 127.9 128.6 131.2 136.7 141.3 144.6 149.9 155 158.8 165.1 175.5 170.9 173.2 181.7 181.1 176.6 175.9 173.8 171.2 167.4 159.9 145.1 124.9 111.2 102.8 105.4 102.4 100.7 100.8
112.9 96.4 78.9 69.3 64.1 61.2 59.6 53.9 46.6 53 55.8 65.2 74.8 85.2 102.9 126.8 157.2 178.8 199.9 221.6 241.7 258.3 274 290.4 302.5 314.9 311.6 317.2 293.7 286.3 272.5 249.6 237.6 259.3 281 273.1 282.2 286.3 275.7 246.5 232 217.9 197.3 182.9 169.8 170.1 157.1 141.7 134.1 131.8 127.9 129.2 130.7 134.7 138.9 143 148.5 152.6 155.3 157.6 160.9 167 168 174.5 180.8 176.4 172 183.1 179.8 173.8 160.5 156 144.7 134.7 122.2 106.7 102.3 100.7 100.9 100.5
119.8 106.1 87.2 71.3 64.2 60.5 57.8 59.4 46.6 49.8 53.7 59.9 67.3 82.3 98.6 119.2 151.9 177.3 200.7 221.9 243.2 261.7 278.7 292.6 306.3 315.6 315.5 311.2 303.2 289.1 278.4 255.1 233.9 222.2 230.3 225.6 259.5 264.1 234.2 223.7 218.6 211.6 195.3 177.2 166.6 156.1 150.8 140.4 135.7 130.9 131.9 135.2 136.6 138.9 141.5 145.2 148.7 153.7 155.8 158.1 162 165.2 170.1 183.2 167.9 168.3 173.2 177.9 178 176.1 164.8 155.8 149.6 140 130.9 117.1 104.1 101.6 100.8 100.6
128 109.2 96.4 74.7 62.7 59.2 60 58.7 46.6 46.6 51.8 58.2 66.2 75.7 92.8 114.7 147.9 174.6 196.7 219.9 243.1 262.8 284.8 298.5 307.3 317.6 316.2 311.9 306.2 299 274 259.9 236.3 221 203.8 198 211.1 215.1 200.7 198.7 193.4 187 175.4 164.6 157.3 146.3 138 133.5 130.9 130 136.1 139.6 141.9 143.6 146.2 148.3 151.9 155.4 156.3 158.2 162.1 169.1 168.1 162.2 165.1 170.5 174.8 176.3 173.5 170.6 163.2 164.8 158.4 138.6 128.2 118.9 107.3 101.5 100.8 100.7
129.8 108.2 92.1 73.8 65.3 60.1 60.8 59.1 53 46.6 46.6 54.7 60.6 74.2 88 109.9 144.3 171.4 195.1 220.9 243.2 263.3 287.1 301.6 308 321 324.4 311.4 317.4 300.4 271.7 265.4 237 216.3 199.6 186.3 163 158.3 158.2 162.7 157.6 163.2 158.1 152.3 144.2 135.7 129.6 123.8 122 129.1 135.8 142.5 145.8 147.5 148.8 151 153.7 156.6 156.1 156.4 158.2 155.3 155.5 159.1 166.6 175.7 179.8 174.8 172.8 170.7 169.7 162.9 150.7 136.9 128.7 118.3 108.2 100.8 100.8 101
115.9 90.1 79.2 70.1 66.9 62.2 59.1 56.7 57.7 46.6 46.6 51.2 58.8 70.1 83.1 105.3 141.8 167.6 194.7 219.7 242.8 262.8 284.8 303 316.2 328.6 326.1 312.3 324.6 315.8 282.5 264.8 241.7 212 190.7 175.1 156.5 141.9 134.3 134.2 133.5 141.2 141.5 137.3 130.7 124.4 121.9 118.9 118.8 122.3 131.8 142.6 146 146.7 146.9 147.1 149.9 150.1 151.2 146.6 146.4 150.3 154.3 160.7 166 171.6 175.8 176.8 179 176.2 172.3 159.6 143.9 134.7 128.6 120.7 109.9 102.8 102.3 101.3
107 94.9 86.3 76.3 70.6 66.5 65.2 62.5 63.5 48.9 46.6 46.6 54.5 63.1 77.6 106.1 141.2 164.7 193.8 220.7 243 263.2 284.6 305.6 320.7 330.8 330.8 314.9 314.7 315.5 286.5 268.8 242.8 213.8 186.5 169.5 155.8 140.1 126.6 121.4 117.8 119.1 116 117.9 118.4 119.3 121.3 116.7 116.2 120.1 125.6 135.1 141.4 143.3 141.8 143.4 147.5 145.1 142.1 141.7 145.9 155.2 161 163.1 164.8 172.4 180.5 180.1 178.7 173.9 165.2 151.5 140.9 133.6 127.1 120.2 112.6 106.4 105.1 103.8
109.9 104.3 99.1 89 78.7 74.8 71.2 66 62 60.4 49.2 46.6 50.7 56.7 76.4 106.5 140.2 161.7 190.3 225.7 248.5 265.6 285.1 306.6 322.5 330.8 334.5 317.5 275 264.4 260.6 255.2 237 212.8 189.1 169.3 152.7 138 122.6 114.2 107.7 105.3 104.2 109.2 112.5 116.5 122.9 116.3 109.5 115.9 121.8 129.2 139.7 139.7 138.7 140.8 142.7 140.1 140.8 143.3 150.4 159.4 164.6 162.8 169.6 173.3 173.5 171.3 168.5 160.1 152.9 143.9 136.9 133.1 128.7 120.7 114.2 110.6 106.8 102.5
111.2 107.4 106.7 96.9 82.9 78.7 70.4 63.7 58.3 57.1 53.4 46.6 46.6 56.7 73.9 104.9 137.6 159.7 187.5 220.6 249.4 266.8 283.5 311 323.3 328.7 322.6 275.1 252.8 237.4 240.1 234.7 219.9 206.4 184.4 164.5 147.3 131.5 117.2 106.5 98.6 94.8 95.2 103.6 106.8 106.1 117.5 106.8 101.2 111.6 119.4 122.5 132 131.6 134.6 136.9 140.9 139.8 144.3 148.3 152.7 159.4 163.2 163.7 163.7 166.2 165.7 160.2 152.2 146.5 142.2 137.8 130.3 124.4 119.6 119.3 115.9 113.4 108.2 103.3
110.1 106.3 100.9 91.1 73.9 71 65.8 63.6 56.6 55.3 55.8 47.5 46.6 57.2 74.5 99.8 129 153.9 191.2 221 243.2 267.9 284.5 304.5 317.5 313.1 297 279.1 229.2 216.7 218.2 217.4 206 189 172.2 154.1 136.5 121.6 108.3 97.1 91.7 92.5 91.3 91.9 98 97.9 94.2 90.9 94.1 106.6 118.7 121.4 123.5 127.2 127.2 129.9 136.6 143 148 151.6 155.7 161.7 163 161.9 156.5 148.1 142.5 142.7 144.1 145 136.8 128.9 123.2 117.2 115 118.2 112 110.5 110.2 106.2
106.7 101.8 94.1 87.3 72.8 66.3 58.2 63 54.8 54.8 55.8 49.1 46.6 59.4 73.8 95.8 121.2 150.2 177.9 216.2 242.2 273 285.6 283.8 291.1 285.5 254.6 231.2 206.7 206.1 206.1 195.3 188.6 173.3 155.4 138.4 124.3 109.8 95.3 91.4 91.1 91.4 90.5 89.2 88.7 89.4 88.9 89.3 90 101 111.1 117.1 123 126.8 127.1 131.7 137.3 138.9 142.8 146.9 150.5 155.5 155 151.6 140.8 135.9 137.8 140.6 142.7 137.4 131.6 124.9 120.7 114.3 109.5 108.3 107.9 108 109.2 107
103.9 93.6 85.3 83.8 69 59.6 55.6 62.3 53.3 54.8 55.2 49.5 46.6 62.5 75.8 94.1 120.6 146.3 173.8 217.1 240.6 273.3 293.5 278.6 268.5 248 219.7 202.6 191.4 193.9 192 184.7 173 151.1 131.2 119.1 108.4 96.7 91.7 91.6 91.4 90.8 90.3 87.5 89.6 88.2 89.2 88.6 88.7 93.4 106 116.2 120.1 124 121.7 127.3 130.3 133.5 139.9 146.6 149 143 144.4 138.3 132 133.9 143 149.4 149 136.7 128.6 123.2 118.2 112.3 108.3 107.8 108.6 108.5 107.3 105.7
101.1 85.8 76.1 65.7 59.4 57.7 55.6 61.3 53.5 54.6 55.9 46.6 46.6 66.9 80.6 96.2 116.2 141.5 170 211.9 237.8 284.2 295.1 279.3 238.3 207.6 192 180.6 175.7 179.7 179.2 169.5 152.2 125.8 112.8 105.7 96.3 92 91.8 91.8 91.7 86.5 84.5 80.6 82.3 83 89.3 88.8 87.6 89.6 103.6 112.9 113.4 112.8 114.3 116.7 125.3 132.9 139.3 142.9 140.7 139.9 132.9 127.7 131 138.3 146.7 143.1 142.1 139.5 135 125.5 121.2 112.1 108.2 112.9 112.9 111.6 110 109.5
99 82.8 72.9 62.9 60.5 58.9 56.7 56 53.4 54.6 53.5 46.6 58.1 73.4 83.6 97 115.6 132.1 162.4 200.1 229.9 259.8 276.7 256.1 224.4 194.4 163.8 157.8 151.7 156.9 146.6 144.7 131 114.6 108.8 101.7 92.8 91.8 90.8 91.3 89.1 83.1 82.7 77.3 74 76.5 81.2 83.7 85.2 87.2 97.8 103.3 101 101.8 111.1 120 128.2 131.8 134.9 136.3 138.7 130.6 123.2 127 135.9 144.4 143.1 144.5 145.3 145.2 138.8 131.9 123.8 114.9 111 114.4 114.6 112.6 111.2 110.2
96.4 82.8 70.7 64.5 62.1 60.4 57.9 55.6 52.7 53.2 46.3 47 67.3 78.1 87 101.3 115.2 124.4 153.1 191.1 223.9 241.1 244.4 217.6 191.4 168.6 148.4 139.1 134.4 129.3 123.8 121.3 111.3 108.4 108.2 101.8 91.6 91.7 90.8 88.6 82.6 79.5 77.1 72.9 71.1 70.5 71.3 75.2 79.9 84.7 86.2 90.7 88.5 104.4 118.2 125.6 128 126.6 126.3 126 125.2 121.1 122.9 129.8 139.8 145.5 146.1 149.7 152.9 148.9 141.9 131.7 124.1 116.6 113.3 114.9 113.8 112.3 111.2 109.1
95.3 89.1 76.7 64.7 63.8 60.8 59.5 54.1 51.9 46.3 46.3 62.3 74.4 81.9 90.2 105.3 116.4 120.9 136.8 166.1 198.9 231.1 213 189.3 161.6 149.1 136.3 126 113.3 107.8 104.1 105.9 104.9 105.6 97.3 92.1 91.8 91.1 86.2 87.2 81.3 79 77 70.7 72.8 74.1 69.7 71.4 74 81.6 81.7 86.5 84.6 103.7 107.5 108.7 110.1 112.9 109.2 112.8 114 120.4 126.7 132.7 135.2 140.5 145.7 152.8 148.1 143.5 138.6 132.5 126.7 120.9 116.9 113.9 112.2 112.1 109.2 106.2
89.4 84.6 74.2 68.6 64.5 60.5 60.3 54.9 51.2 46.3 46.4 68.4 78.3 84.9 95.4 111.4 124.6 120 121.7 158.8 193.4 227.7 200.6 159.3 147.5 141.3 126.7 111.3 106.4 101.8 101.9 106.5 107.7 102.3 93.5 91.5 89.8 88.2 78.9 72.6 74 71.5 64.3 64.8 73.9 81.3 76.2 65.5 67.2 74.8 76.5 77.9 77.7 88.9 88.6 93.8 102.3 102.7 105.5 107.2 116.8 124.7 133.1 138.4 146.7 148.1 143.8 137.1 131.1 132.4 128.6 127.6 123.9 121.9 117.7 115.2 112.3 111 108 103.6
87.4 79.5 75.7 71.5 70.3 63.7 61 54.8 46.3 46.3 53.5 71.7 80.5 85.9 97.8 115.4 129.5 138.3 121.4 128.1 164.2 195 151.4 133.7 140.3 136.1 110.2 101.9 101.9 101.9 103.6 106.8 99.6 92.8 92.3 91.9 89.2 86.2 78.1 72.2 71 70.4 60 68.2 75.5 77.4 75.6 71.5 63 65.8 67.7 72.8 81.8 87.1 87.6 92.9 101.2 105.2 107.9 113.3 122.9 130.4 136.3 139.1 146 149.1 140.6 133.1 130.5 128.2 127 125.6 124 123.7 120.1 117.6 114.7 110.8 107 103.9
89.7 79.2 74.2 81.3 93.4 70.5 61.9 58.4 46.3 46.3 53 65.6 80.3 84.8 100.1 118.7 133.9 140.1 142.6 121.8 125.1 131.1 123.4 119 120.9 114.1 101.9 101.9 101.9 99.5 99.9 95.2 93.5 93.3 93.1 92.7 88.3 83.7 77.5 72.8 71.6 70.1 63.4 71.6 75 69 66.6 67.1 63.9 61.9 68.5 71.6 76.5 86.8 86.7 89.8 95 98.5 108.8 119 128.9 133.9 135.6 136.1 133.5 133.2 133.5 133.8 134.1 132.9 131.1 129.4 128 125.8 124.9 122.3 118.9 113.2 105 103.5
95.8 88 79.3 82.1 96.1 83.5 62.1 60.9 46.3 47.8 52.9 56.5 67.3 79.4 101.3 117.7 129.2 144.4 159.1 144.7 117.9 110.8 108.8 103.4 97.2 97.2 100 103.2 98.2 96.3 95.7 95 93.8 93.3 93.6 93.4 89.7 85.5 85.1 84.6 84.5 83.2 72.5 69 73.5 62.1 60.3 62.1 63.8 56.7 56.6 57.5 62.3 72.3 86.6 83.4 87.5 97.7 112.7 126.1 134.3 137.2 138.5 133.3 132.9 134.6 137.5 139.3 138.2 137.5 136.8 135.3 133.4 132.3 131.3 129.9 123.8 113.7 105.2 105
