Assets/StreamingAssets/GeoData/Data/no/NO05.asc
ncols 200
nrows 200
xllcorner 300000
yllcorner 750000
cellsize 50
[rows 35 to 69 of 200, columns 0 to 77 of 200]
376.8 372.3 367.4 364 363.9 363.2 363.1 361.7 362.9 362.4 361.9 360.8 359.6 358.3 356.9 353.8 351.2 351.4 349.3 348.4 348.4 348.4 348.4 348.4 348.4 348.4 348.4 348.4 348.4 348.7 350.4 351.8 353.8 355.7 357.9 359.9 361 362 363 364.2 366.1 368.2 370.3 372.6 374.8 377.6 380.6 383.6 387 390.4 395.7 398.7 403 406.4 409.9 412.4 415.6 418.8 421.5 423.3 422.1 427.5 430.9 434.4 424.1 420.9 415.8 411.7 406.2 396 394.9 386.8 378.3 371.2 367.2 359.5 352.7 348.8
372.9 369.7 367.2 364.3 364 362 359.2 358.5 360.5 360 358.6 357.5 356.3 355 353.2 350.3 348.9 348.4 348.4 348.4 348.4 348.4 348.4 348.4 348.4 348.4 348.4 348.4 348.4 349 351.1 352.8 355.5 356.8 359.6 361.5 362.9 364 365.1 366.5 368.6 371 374 376.6 378.8 381.8 385.3 389.7 392.7 396.1 400.7 405.3 409.5 412.5 416.2 418.4 420.7 423.2 425.6 426.5 428.6 432.3 435.5 435.6 424.7 419.5 416.6 412.6 403.8 401.6 392.3 386.8 380.4 370.7 365.5 358.6 353.6 348.7
369.5 367.8 365.2 364.5 363.4 360.9 358.3 357.2 357.4 357.1 355.1 353.6 352.1 351 350.4 348.8 348.4 348.4 348.4 348.4 348.4 348.4 348.4 348.4 348.4 348.4 348.4 348.4 348.4 350.1 353.1 355 356.3 357.9 360.5 362.8 364.8 366.2 367.3 368.7 371.1 373.8 376.7 379.6 382.7 386.5 390.7 394 398.9 403.2 406.1 411.9 415.8 420.6 424.3 427.6 434.1 442.5 438.3 434.7 435.2 436.4 439.3 431.9 429.7 423.3 422.1 418.5 409.8 400.4 394.5 388.3 379.9 373.2 363 360.5 353.4 347.7
368.2 365.4 364.6 363.9 362.5 360.6 358.8 356.1 356.3 354.9 353.2 351.1 349 349.3 348.2 348.4 348.4 348.4 348.4 348.4 348.4 348.4 348.4 348.4 348.4 348.4 348.4 348.4 348.4 352.4 353.9 356 358.4 360.7 363 364.7 366.4 368.1 369.7 372 374.7 377.3 380.4 383.6 385.2 389.5 396.5 399.5 405.5 409.4 413.6 418.7 423.6 429.5 436.6 458.1 466.6 473.8 467.4 450.7 446.2 442.4 441.2 436.5 434.3 434.2 425.1 418.6 409.1 400.9 397.7 389.2 382.8 372.8 365.1 359.6 355.1 348
367.5 364.3 362.6 363.1 362.1 360.3 358.7 356.1 353.1 353.7 352 350.3 348.5 348.4 348.4 348.4 348.4 348.4 348.4 348.4 348.4 348.4 348.4 348.4 348.4 348.4 348.4 348.4 350.8 353.2 355.2 358.1 361.2 363.3 365.3 367.2 368.9 370.9 373.8 376.5 378.9 381.7 385 389.1 392.1 391.7 397.8 406 411.1 415.4 419.4 424.4 431.9 442.1 456 472.9 492.3 489.1 480.3 460.6 449.6 445.6 445.6 443.7 442.4 437.5 427.2 428 418.5 407.8 400.5 392.7 382.6 373.8 364.2 357.1 354 347.8
367.2 362.5 361.9 362.6 360.6 359.5 358.5 357.8 353 351.5 350.8 349.3 348.8 348.4 348.4 348.4 348.4 348.4 348.4 348.4 348.4 348.4 348.4 348.4 348.4 348.4 348.4 351 353.4 355.7 357.9 359.1 362.3 365.2 367.6 369.8 371.8 374.2 377.4 380.4 383.8 386.9 390.2 393.9 398.3 399 400.6 411.6 417.5 421.7 429.3 436.2 446.1 456.8 469.8 486.8 496.8 494.2 477.9 457.6 453.7 465.8 469 460.2 456.4 445.7 436.9 436.6 428.1 416.1 403.5 392 383.4 377.7 370 358.6 350.8 343.6
364.9 361.7 361 362.9 360.5 358.4 358 358.1 355.2 352.3 350 348.9 348.4 348.4 348.4 348.4 348.4 348.4 348.4 348.4 348.4 348.4 348.4 348.4 348.4 351.6 353.4 354.8 356 358.3 361.1 361.3 362.9 365.8 368.7 372.3 375 377.7 381 384.4 387.7 391.8 395.1 399.7 404.6 407.7 410.1 418.7 427 432.5 439.9 447.2 456.5 468.4 478.5 493.7 502.4 487.5 467.9 454.3 458.3 474.6 469.9 464.5 468.9 463.4 448.9 440.5 431.9 420.9 407.9 401.6 393.3 383.4 378.3 369 361.3 352.4
363.4 360 358.9 360.7 360.1 357.8 357.4 357.4 353.6 352.7 351.6 349.6 349.1 348.4 348.4 348.4 348.4 348.4 348.4 348.4 348.4 348.4 348.4 351.1 352.6 354.7 358 359.9 362 364 364.3 364.8 366.7 369 372.9 373.1 376.8 380.8 384.4 388.1 391.9 395.6 400.4 405 408 413.5 420.8 429.6 437.8 442.5 448.6 454.9 466.1 478.1 487.3 500.1 493.4 472.4 453.8 452.2 464.2 472.6 474.9 468.3 472.6 468.5 462.7 442.5 435.2 425.2 418.5 411.6 400.8 391.6 387.8 376.2 371.8 365.2
362.9 358.9 358.1 357.9 357 355.8 356 355.3 353.4 352.7 352.5 351.9 349 348.4 348.4 348.4 348.4 348.4 348.4 348.4 348.4 348.4 348.7 352.5 355.5 358.5 362.1 364 365.8 367.7 370 370.3 372.1 373.3 377 378.9 379.5 383.3 387.2 391.3 395.3 399.8 405.3 410.5 415.1 419.5 425.6 435.4 442.6 448.7 455.3 463.2 472.9 484 488.9 492.4 481.4 455 447.4 456.7 462.8 474.3 474.8 470.1 469.9 466.9 461.1 446.6 437.5 435.4 424.6 417.3 404.7 398.7 390.3 382.7 373.9 370.6
361.5 358.4 357.9 358.8 357.8 354.8 354.2 353.7 352.1 352.2 352.6 351.1 348.6 348.4 348.4 348.4 348.4 348.4 348.4 348.4 348.4 348.4 348.7 353.5 356.8 360.1 363.7 366.6 368.5 371.7 373.6 374.2 376.7 377.7 380.9 383 384.5 385.5 391.9 394.5 398 404.3 411.3 416.8 421.8 426.8 433.5 442.1 449 453.4 458.1 468.3 480.8 485.3 488.4 481.4 452.9 437 443.4 455.3 461 470.3 476.9 474.5 468.3 464.5 455.9 445.7 445.5 438.4 430.9 428.5 423.5 414.8 399.2 391 382.5 376.2
357.7 357.2 357.9 358.2 355.8 354.1 353.8 353.1 351.8 351.4 350.1 348.9 348.4 348.4 348.4 348.4 348.4 348.4 348.4 348.4 348.4 348.4 348.7 352.9 357.3 361.6 365.2 368.5 370.4 373.3 376.3 375.4 378.7 382.5 384.8 387.1 387.6 386.8 395.4 402.8 406.8 411 415.2 420.6 425.4 431.7 439.3 446.9 454.5 462.8 465.9 470.4 481.1 486.3 478.5 454.8 435.4 433.1 437.5 453.1 459.7 471 472.2 469.6 461.1 457.6 454.3 452.7 450 442.4 437.5 439.9 435.7 427.3 409.5 392.8 387.8 380
356.3 356.4 356.7 356.8 353.3 352.8 352.7 351.2 351.3 350 348.7 348.4 348.4 348.4 348.4 348.4 348.4 348.4 348.4 348.4 348.4 348.4 348.7 353.1 357.4 361.4 365.5 369.4 372.2 374.8 377.1 379.9 382.3 384.4 386.7 389.9 394.4 397.1 399.3 408.5 413.9 416.5 419.7 423.6 428.5 435.8 442.2 450.7 456.4 469.1 476.8 472.4 477.6 479 459.2 441.8 430.7 431 435.2 449.2 461.6 467.3 467.5 465 462.8 458.1 454.9 454 449.1 443.1 441.5 442.8 441 426.4 413.9 397.4 391.5 388.1
354.8 354.8 355.3 355.6 351.7 351.5 351.7 351.2 350.1 348.9 348.5 348.4 348.4 348.4 348.4 348.4 348.4 348.4 348.4 348.4 348.4 348.4 350.5 353.5 357.6 361.8 366.3 369.9 373 376 378.7 381.3 384.1 386.6 390.2 391.4 397.4 399.7 402.2 408.8 415.2 418.3 422 426 432.4 438.8 444.2 453.6 462.6 475.4 489 476.6 472.5 462.7 440.5 432.4 429.9 430.5 436 444.2 464.3 465.4 467.3 467 471.4 466.2 457.2 458.1 452.6 447.1 444.2 443.2 438.9 427.4 418.3 404 394.6 391.7
354.3 353.4 353.8 354.1 350.9 351.6 351.4 350.3 351.2 349.1 348.7 351.4 348.4 348.4 348.4 348.4 348.4 348.4 348.4 348.7 349.4 351 352.9 355.7 359.6 364.1 367.9 370.7 373.4 376.5 379.2 382.2 384.3 388.1 392.4 393.1 397.2 401.9 406 412.1 416.6 421.3 425.8 430.6 436 441.5 448.3 458.4 470.8 481.3 490.9 469.7 461.9 447.7 434.9 430.5 430.2 430.6 436.1 445.4 460.1 464.1 466.1 474.1 478.7 474.2 461.5 458.6 455.3 452 448.3 449.8 442.2 428.7 418.5 403.7 400.9 400.9
352.3 351.6 351.9 350.2 350.4 350.1 350.9 350 350.2 349.3 349.3 349 348.4 348.4 351.6 348.8 348.4 348.4 348.3 349.6 350.6 352 354.2 357.3 361.9 365.8 369.3 372.1 374.8 377.3 379.3 382.7 385.6 389.3 392.8 395 399.8 404.8 410.7 414.9 419.6 424.3 432 436.7 440.8 446.2 453.6 459.4 473.9 483.2 475.6 460.5 450.5 439.3 431.9 430.8 429.5 431.3 436.3 445 458.2 461.4 466.5 474.9 477.1 474.6 466.2 459.4 459.9 460.2 457.6 455 447.8 438.1 420.1 413.7 405.2 403.3
351.6 350.2 349.4 349.3 349.1 349.2 349.4 349.7 350 350.3 349.1 348.8 348.4 348.6 349.4 349.4 349.8 348.9 348.7 349.1 351.3 352.2 354 357.4 362.6 367.1 370.6 373.8 376.4 378.8 381.3 384.3 386.2 390.4 394.9 398.2 403.3 410.7 415.8 418.5 421.5 426.9 433.9 438 442.4 445.2 451.4 461.2 473.3 478.3 460 452.9 442.8 434.2 430.6 430.6 429.6 433 437.1 446.8 455.2 459.1 465.5 469 474.1 474.3 467.8 467.2 467.2 463 462.4 457.3 447.4 439 429.5 417.5 411.3 405.3
351.4 349.4 348.6 348.6 348.4 348.3 348.6 349.4 350.6 350.1 350 353 348.4 350.2 349.7 350.3 351.6 350.1 350 349.7 350.6 352.7 353.8 357.8 362.8 367.6 371.7 374.9 377.8 380.3 382.7 385.1 386.9 389.6 395.6 401 408.1 414.3 418.3 421.7 427.2 433 437.7 438 441.7 444.3 447.9 459.2 467 462.1 445.7 441.3 429.9 427.7 428.4 428.7 430.5 434.3 437.7 444.7 451.9 456.9 465.1 470.6 471.3 474.7 471.8 477.6 473.8 473.8 469.1 458.6 451.2 444.4 433.4 417.8 415.8 409
350.2 348.9 347.9 347.9 347.3 347.8 348.2 348.4 350.3 348.5 350.7 349.9 349.1 350.1 351 351.5 351.7 351.1 350.6 350.9 352.5 352.7 353.9 357.8 362.9 367.9 372.3 375.6 378.8 381.5 383.9 386.1 389.1 392.4 397.5 405.7 413.9 419.7 421.1 423.9 428.4 438.6 441.9 441.1 441.2 440.7 446 455 457.1 441.7 435 426.7 425 425.1 428.9 430 432.3 436.7 440.6 443.5 448.4 455.7 464.6 468.7 470.3 471.9 476.3 479.9 479.9 479.3 472.1 465.2 454.6 445.6 436.1 424.8 415.5 411.9
349.5 348.7 347.4 346.6 346.3 349.3 348.3 349.4 346.1 350.1 348.6 350.6 345.8 348.9 350.6 351.8 352 351.4 350.8 351 352.5 353.1 354.3 357.9 362.1 367 371.5 376 379.4 382.1 384.4 387.9 391.1 397.3 400.4 411.4 416.9 419.8 421.6 421.5 428.6 439.3 441.3 436.7 435.4 433.4 439.4 445.7 435.1 427.7 426.1 421.8 421.5 428.3 428.8 431.3 436.4 442.2 441.5 443.3 447.9 455.4 465.8 469 471.4 476.6 479.8 480.7 483.1 481.2 473.3 465.7 457.4 446.8 433 426 420.5 423.7
349.2 347.5 346.8 345.3 345 345 348.6 347.6 345.9 346.5 347 348 347.4 346.3 349 350.6 350.8 350.7 351.3 352 352.7 353.5 354.7 357.7 361.5 365.8 370.8 375.9 379.3 382.2 386.5 389.7 395.7 399.6 406.1 413.4 417.3 415.4 418 422.5 428.6 434.7 432.8 427.4 425.7 429.3 432.9 432.8 422.5 419.1 417.2 418.5 421.6 429.4 429.8 431.7 437.6 438.9 440.2 443.5 448.1 459.9 464.9 470 475.2 479.8 482.2 483.3 484.4 481.3 475.4 469.2 463.1 444.9 433.8 429.1 427.1 432.9
348.3 346.7 345.8 344.1 343.2 344.9 347.1 346.5 345.4 345.5 346.5 345.6 348.6 343.3 346.8 348.6 349.6 350.1 351.6 352.7 353.4 354.1 355.6 357.9 361.7 365.7 369.9 374.6 378.5 381.5 385.2 389.7 397.7 402.3 404.2 410.7 412.7 414.6 418.3 420.8 426.3 428.7 427.2 424.4 420.9 423.5 425 418.5 415.1 414.7 413.8 417 422.2 426.9 428.4 429.7 433 435.9 438.5 443 449 458 466.8 475.8 480.4 481.6 482.6 483.4 487.1 481.3 480.6 478.6 467.6 447.9 441.6 434.9 441.2 435.7
347.3 345.5 344.2 342.6 342.4 342.8 345.5 345 344.4 346.5 346 344.7 347.2 341.7 343.6 346.5 348.2 350.3 351 352.3 354.7 355.8 357.6 359.3 362.5 365.1 368.3 371.6 376.4 380.9 385 390.3 396 396.8 402.6 406 410.8 413.8 417.5 422.6 429.1 430 424.8 419.3 416.5 416.4 414.2 411.3 411.6 409.6 413.6 417.4 420.7 422.9 427.4 431.3 433.6 436.6 439.1 444.9 452.8 460.9 471.5 482.1 484.5 483.5 483.2 483.7 484 483.2 483.8 484.7 473.4 452.6 446.2 445.4 450.3 442.2
346.5 345.3 342.8 342.6 342 342 341.5 341.9 345.6 344.6 343.9 344.5 343 340.2 339.8 341.8 345.6 347.8 349.4 351.8 354.4 357.3 359.5 361.3 363.2 365.3 368.6 372.2 376.7 382.9 386.6 389 395.1 397.3 401.5 406.9 409.6 413.9 418.3 427.6 434.2 432.6 423 417.5 413.3 410.4 405.8 405.8 407.8 411.4 415.8 416.6 419.3 423 428 433.5 438.5 440.8 443.5 447.7 455.1 464.2 476.7 487.4 488.7 485 484 484.1 486.4 501.2 496.2 489.4 480.7 462.1 455 456.9 448.3 444.7
345.8 344.9 343 342.6 341.5 341 340.8 340.7 341.1 342.5 342 342.1 340.2 339.7 338.5 340.1 343 345.4 348.9 351.1 354 357.3 360 362.2 364 366.3 370.1 374.5 378.8 385.4 386.7 388.3 392.7 397.3 402.5 405.2 409.6 413.1 417 427.8 431.2 423.1 417.1 413 409.2 405.5 402.9 404.1 404.1 411.7 415.2 415.8 418 422 430.4 441.2 444.1 444.1 445.9 447.8 459.4 468.3 484.7 491 487 485.6 488.7 501 509 507.6 504.3 501.5 484.5 465.7 462.8 460.7 454.3 446.6
346.7 345.8 344.4 344.7 342.1 341.4 341.5 343.1 340.6 339.8 339.5 338.3 338.4 338.1 338.4 339.1 340.7 343.6 346.6 350.4 353.8 356.8 359.7 362 364.1 365.7 370.3 375.9 381.5 384.8 386 387.5 390.2 394.3 398.4 401.5 404.1 406.7 412.1 419.1 420.7 411.7 409 407.9 403.7 400.4 399.4 400.5 405.4 409 412.3 415.3 419.6 425.2 435.6 441.9 447.4 447.2 447.5 453.2 462.5 473.8 484.1 487.8 490.7 496.9 505.6 513.3 518.3 517.8 520 507 490 476.3 474.1 465.6 460 453.1
348.7 346.7 347.7 344.8 345 343.8 343 343 342.8 341.4 340.8 338.5 338.9 338.6 339 339.2 339.8 340.7 344.3 349.1 352.7 354.9 358.9 361.6 363.8 365.6 370.3 374.6 378.6 382.3 385.5 387 389.1 392.6 396.3 399.4 401.8 405.9 407.9 410.2 406.7 404.7 401.6 402.5 400.6 397.9 398.9 399.7 404.8 405.7 407.5 415.7 421.7 427.9 434.1 441 448.8 451 452.2 456.5 466.2 478.5 484.7 491.1 498.4 515.8 520.7 523.8 522.6 523.1 525.7 510.1 492.5 486.6 487.3 475.1 468.7 457
350.5 347.8 349.3 346.9 345.2 345.4 342.4 342.7 344.1 341 336.9 340.6 340.2 339.5 339.7 339.2 339.8 340.7 343.5 346.5 350.7 355.2 359.2 361.3 364.2 366.2 370.2 373.7 377.1 381.3 385.4 386.6 388.9 390.8 395 396.9 401.3 404.7 405 404.8 401.9 397.8 396.4 396.2 396.3 397.2 397.9 399.8 405.9 404.6 409.1 416.8 422.3 428.7 435.3 443.5 449.7 449.7 453.2 460.1 473 484.8 490.4 509.6 515 522.2 526.5 525.8 526.8 524.5 519.3 502.5 493.8 497.3 489.7 487 472.6 457.9
349.5 347.9 349 346.1 344.6 344.7 343 342.7 341.2 335.5 339.7 342.3 341.1 340.6 340.4 339.7 340 341.4 344.8 347.3 349.2 354 358.6 362.9 365.4 367.5 370.7 373.1 375.8 379.8 383.5 384.4 386.9 389.3 391.8 393.7 396.7 399.3 400.7 402.4 397.7 394.9 395.2 396.1 396.6 396.7 397.5 399.3 402.6 404.6 409.2 414 421.7 428.7 437.5 443.4 448 448.9 455 467.1 477.2 487.2 496 510.7 521.6 528.7 532.3 528.6 525.8 518.8 510.9 497.1 496.5 494 490.6 487.6 473 462.4
352.5 347.7 347.4 344.9 342.2 343 342.4 334.6 338.1 342.3 341.1 341.8 342.6 342.4 341.6 340.8 341.4 344.3 347.3 349.5 351.4 353.7 357.9 362.2 366 371.8 371.6 372.9 375.2 379.5 381.6 384.1 385.8 388.6 390 391.1 393.1 395.3 397.2 398.8 395.5 395.8 396.8 397.2 397.3 397.3 397.5 398.6 401.3 404.1 407.9 414.3 420.5 427.5 436.5 443 446.8 450.3 463.1 472.7 477.5 482.1 493 501.2 516 525.4 529.3 526.1 516.7 511.1 509.1 508.4 506 501.2 499.8 499.3 488.1 475.5
351.2 344.5 346 342.7 342 340 333.6 339.4 344.9 345.1 342.8 343.2 344.7 344 344.2 344.5 345.5 348.2 350.6 353.6 354.7 355.3 359.1 362.7 367.3 370.3 371.9 372.4 375 378.3 380.4 382.2 383.7 387.2 389.8 390.9 391 391.3 393 394.8 392.8 394.8 395.8 396.7 397.4 397.8 398 399.2 401.3 403.8 407.9 412.4 420.5 429.4 437 442.8 445.7 453.6 464 471.8 476.1 482.5 486.6 497 505.7 514.6 519.7 513.9 511.3 508.5 505.8 517.9 516.1 508.7 501.9 500.7 500 487.7
346.7 342.7 340 339.8 338.7 333.9 339.8 339.9 344.3 348.2 345.5 345.6 345.4 344.6 345.1 346.1 348.7 351.4 353.9 356.8 359 359.7 360.7 364.9 368.9 371 372.3 372.7 373.7 376.4 378.3 380.3 381.9 383.7 386.7 389 389.3 389.5 390.3 390.4 392.2 393 393.7 394.9 395.9 396.5 397.6 399.8 401.7 403.4 408 413.2 419.6 425.3 432.4 438.4 443.2 450.4 462.6 468.5 474.3 481.9 480.3 492.5 495.4 505.4 506.8 504.9 504.7 503.9 513.8 518.3 517 517.5 508.2 500.8 497.8 492.5
344.5 340.1 338.4 336.2 332.7 330.8 337.7 341.4 345.9 350.2 346 347.1 351.3 346.5 345.5 347.3 349.9 352.3 354.7 357.4 360.7 362.8 364.5 366.7 369.7 372.3 373.1 373.2 374 376.3 378.1 380.6 381.8 383.9 385.6 387.6 387.6 389.8 389.5 388.4 391 390.7 391 392.7 393.6 394.5 396.5 398.9 400.7 402.6 407.2 411.4 415.9 421.7 427.2 432.6 438.6 447.5 455 460.7 467.9 472.4 472.8 482.5 487.1 494.8 502.2 502.1 499.8 497.9 515.6 520.1 520.1 521.3 506.4 499.2 496.9 499.8
341 336.2 335.6 332.9 329.4 333.5 340.2 346.7 345.7 350.5 347.7 349.6 350.7 347.6 346 348 350.8 352.9 355.4 357.7 360.1 361.6 363.7 365.4 367 370.2 372.4 373.4 374.9 376.2 378.1 380.1 381.5 382.2 384 385 385.3 386.9 388.6 388.8 389.8 389.5 389.4 390.2 391.5 392.8 395.4 397.9 399.5 402.1 406 409.8 414.6 420.5 424.5 429.1 435.6 442.4 449.7 455.4 458.8 462.9 465.6 472.4 480.9 484.7 492.5 498.1 495.1 496.7 512.9 523.5 523.4 511 504.3 498.6 498.5 504.3
334.3 332.8 328 327.9 332 340.9 345.1 345.5 345.3 348.2 348.6 348.4 351 349.7 346.9 346.7 349.9 352.3 354.9 357.5 359.4 361.8 362.3 363.8 366.7 368.9 371.7 373.7 375.4 376.8 377.8 380.6 382.2 381.6 382.5 383.5 383 383.2 386.6 387.7 388.4 388.8 388.5 388.8 390.1 391.9 394.2 396.2 398.5 401.8 405.5 408.4 414.6 418.9 422.8 427.2 432.4 438.1 445.1 449.5 453.8 458.7 469.1 475.6 477.4 482.9 487.1 489.5 494.1 498.8 511.9 517.4 515.2 504.9 501.8 499.3 511.5 513.2
328.9 324.8 334.8 337.3 338.2 341.6 348 347.8 345.7 346.8 348.7 348.8 351.8 353.3 348 347.2 349 351.3 353.2 356 358.9 361.5 362.5 363.6 364.6 367.7 372.9 373.6 375.6 376.6 377.8 377.2 377.8 379.9 381.3 381.3 380.6 382.9 385.2 386.4 387.1 387.6 387.3 387.6 389.2 391.1 394.2 396.5 398.8 400.7 405.3 408.5 412.1 416.1 421.1 425.5 429.8 435.4 440.5 446.3 453.2 458.9 469.3 475.4 479.2 481.3 484.1 488.2 491.9 499.5 507.6 514.1 510.3 511.2 499 509.2 512.9 512.2
