Assets/StreamingAssets/GeoData/Data/no/NO08.asc
ncols 200
nrows 200
xllcorner 300000
yllcorner 780000
cellsize 50
[rows 70 to 104 of 200, columns 78 to 155 of 200]
698.4 686.7 677 665.5 654.1 644.4 632.6 622.7 621.8 625.9 630.1 634.5 641.1 650.9 661.9 668.9 677.2 679 677 673 665.4 656.7 645.2 632.6 617.6 595 568.6 545.9 525.9 504.6 506.7 529.4 553.1 577.5 600.6 615 625.9 635.3 644 650 657 662.1 662.4 658.8 653.5 644.1 634.7 619 602.8 589.3 574 560.1 549.8 560.9 574.5 585.2 590.9 593.4 594.8 588.3 580.2 567.8 544.8 516.2 494.7 472.3 458.9 448.8 440.6 448.3 471.7 504.2 533.8 552.9 557 555.2 548.8 540.7
685.9 673.9 665 655.6 645.9 634.3 630.8 634.4 636.7 641.1 647.5 656.8 664.2 675.7 686.3 692.6 695.3 694.2 688.3 681 670.6 659.2 647.9 630.3 612.2 588 562.5 536.9 518.3 501.9 520.8 540.2 566.5 594.8 622.3 640.8 652.7 666.8 679.6 685.1 690.7 691.1 688.9 676.4 666 652 639 622.5 609 594.9 577.4 560.4 570.4 585.3 599.8 608.6 612.8 613.3 614.3 604.5 587.7 570.5 550.1 525 499.9 476.9 462.1 453.4 445.5 445.1 464.2 494.9 525.6 544.6 548.4 545.5 540 535.2
676.7 664.5 655.6 646.9 638.6 641 643.1 646.8 653.1 661.6 669.9 679.4 690.2 700.7 708.6 711.9 709.3 705.8 695.9 684.4 669.7 656.8 640.6 620.9 595.5 574.7 554.3 534.9 513.5 512.1 531 551.5 578.5 606 635.5 659.3 674.8 684.3 694.2 701.5 703.9 701.3 697.6 686 672.4 661.5 644.7 629.6 615.2 600.6 580.5 570 590.4 608.3 625.6 632 634.1 632.1 629.9 616.5 598.8 575.1 549.5 527.7 503.7 483.5 466.4 455 449.4 441.7 460.2 486.1 515.4 535.3 537.4 535.3 532.2 526.5
668.1 658 648.1 648.7 651.6 653.8 656.5 664.9 672.5 682.5 694.2 707.3 716.1 721.7 724.1 722.8 717.9 707.7 697 677.6 661 644.8 624.4 604.4 584.8 563 544.8 522.4 511.7 523.8 537.6 561.6 589 617.8 644.6 667.1 680 691.5 704.2 711.7 715 707.9 700.5 693.3 679.3 667.5 652.8 637.2 621.4 603.9 589.3 593 613.3 630.1 641.3 648.5 652.6 653.4 645.8 627.4 602.3 575.4 550.8 523.9 507.1 490.6 472.2 457.9 454.3 443.7 457.8 477.8 505.8 525.5 527 525.5 523.1 516.2
661 657.4 658.8 660.3 662.2 670.5 676.1 685.2 697 705.8 716 724.2 728.6 733.4 733.7 729.9 718.7 705.4 685 666.5 648.9 629.1 609.1 591 571.1 554.4 534.1 514.2 520.2 534.2 551 571 598.9 627.4 651.7 667.3 681.1 696.3 709.3 715.9 719.1 717.9 705.8 696 684.1 670.3 658.4 641.6 625.7 602.9 608.6 619.2 631.1 644.4 658.3 668.4 672.3 667.4 653.5 628.4 601.4 573.4 551.1 526 509.4 495.6 478.2 463.6 454.2 445.9 454.7 473.6 498.7 515.3 521.3 519.5 520 519.2
666.3 668.2 670.1 674.6 680.3 685 696.1 703.4 711.4 721.3 730.8 737.8 742.2 742.1 740.3 731.2 715.5 693.1 668.7 648.5 631.1 617.2 599.4 577.8 558.7 538.8 522.6 523.4 531 544.8 562.4 581.2 609.1 634.4 652.1 665.9 686.4 702.8 714.6 722.2 727 727.1 714.4 700.8 692 677.4 662.7 645.2 626.4 623.7 629.5 639.6 650.9 660.8 668.8 675 671.1 662.9 655.2 640.2 626.9 585.4 562.8 537.1 511.7 500.6 487.5 469.3 457.8 449.8 455.9 473.3 493 507.7 515.6 520.6 524.4 528.1
676.4 679.2 684.4 689.2 697 702.5 709.5 718 727 736.7 745.5 751.9 755 751 742.4 726.5 700.5 675.3 651.9 632.4 616.4 602.8 583.7 564.4 545.6 529.6 524.8 535.6 541.4 549.8 570 589.8 613.6 636.7 654 671.2 691.7 708.8 720.7 729.1 734.7 734 725.1 709.1 696.2 683.9 665.5 647.6 647.2 648.1 650.8 660.9 666.7 672.7 673.2 666.3 662.9 658.7 651.4 636.6 621.9 603 572.1 546.1 516.4 498 484.5 468.8 456.4 449.8 458.4 475.3 494 507.7 517.2 523.8 531.4 539.1
689.7 692.4 695.3 701 708.7 715.2 725.3 734.4 744.2 754 762 768.1 764 753.3 737.3 710.2 684.6 661.5 640.4 622.8 605.4 586.2 568 552.6 538.6 525.8 536.5 542.7 552.5 563.6 577 592.9 614.2 636.2 653.1 674.4 694.5 712.6 727.5 736 739.1 738.3 732.6 721.6 705.8 690.7 675.1 670.2 671 669.8 670.6 673.2 675.6 669.2 660.3 661.7 656.1 650.7 639.2 624.2 605.4 579.8 559 532.7 513.9 495.9 480.3 465.9 453.7 452.2 462.4 476.8 495 509.1 519.6 529.3 539.4 548
700 704.3 708.4 713.2 720.4 730.9 742.1 751.9 760.9 768.9 775.9 779.5 772.8 759 740.5 714.3 693.4 660.5 640.1 619 598.8 578.1 561.3 547.8 533.7 539.3 552.3 556.9 567.6 573.8 588.6 604.3 623.9 643.6 663.8 686.1 702.4 718.9 731.9 742.7 747.7 748.4 741.1 730.4 717.4 705.7 694.5 690.8 687.8 683.6 680.5 676.8 666.1 660.4 655.9 650.6 644 634.8 622.9 605.6 585.4 561 540 520.7 504.5 488 473.3 457.8 452.5 456.8 468.1 480.7 498.4 513.1 524 535.1 546.6 557.7
712.8 717.6 720.7 727.4 737.1 746.8 755.2 765.3 773.7 781.6 787.9 790.8 782.1 764.6 744.2 713.8 688.7 663.3 635.4 614.9 596.8 579.5 560.3 542.1 533.1 551.6 566.2 576.4 584.4 591.7 598.3 617.5 636.7 657.5 679.5 699.7 718 731.2 744.9 755.8 759.6 760.9 754.9 745.1 735.2 725.2 713 702.7 696.4 687.2 675.1 666.9 659.3 650.3 641.1 629.5 624.7 613.2 600.6 583.5 564.5 546.5 529.4 509.9 496.4 477 463.8 457.6 454.4 463.1 473.5 485.1 504.4 520.1 532 543.6 554.9 566.9
724.1 727.9 737.3 744.8 752.8 757.8 764.8 772.8 782 790.1 794 793.8 778.7 764.8 743.7 716.2 685.9 661.5 634.9 609.2 591.1 573.8 554.4 536.7 551 569.2 584 595.4 602.6 610.9 617.8 631.2 653.9 674.3 695.7 714.8 733.3 746.3 757.4 767.3 770.2 769.6 765.6 756.9 745.5 730.4 717.2 703.2 692.9 682.3 668.7 657.2 645.5 627.1 614.3 604.1 596.6 585.1 573.5 563.2 548.2 530 512.5 498.2 483.7 469.2 462.7 456.2 456 469 481.7 498.7 513.8 527.6 539.5 551.6 565.1 578.8
735.8 743.1 749.3 756.2 761.1 767 772.3 778.9 785.3 788.3 790.2 786.2 778.7 761.9 739.2 711.9 683.3 659.8 633.7 611.3 587.6 565.9 541.4 546.2 568.1 587.5 603.2 616.7 625.5 634.7 634.1 650.8 669.7 690.1 711.1 728.7 744.4 756.7 768.2 776.1 778.5 775.9 767.4 751.5 738.2 730.9 718.1 702.1 687 671.7 653.5 640 621.1 603.3 592.7 581.7 572.5 561 549.7 540.3 531.2 516 502.4 484.3 472.4 463.6 459.2 454.9 460.8 474.1 489.6 505.1 522.6 536.4 549.8 562.3 577.5 592.6
751.1 754.2 759.1 763.2 767.4 770.7 772.3 776.3 779.7 781.9 781.3 779.4 772 755.5 732.3 707.5 682 661.1 636.3 612.9 589.1 561.1 545.1 565.8 585.2 603.9 621.4 637.4 650.7 664.8 661.3 670.2 690.3 709 723.8 740 753.5 765.8 775.1 781 776.8 765.9 752.5 743.1 732.7 722.8 708.9 689.1 672.8 656.4 640.7 623.2 600.9 585.4 574 563.1 552.5 543 532.4 523.3 509.2 497.9 487 473.1 465.4 460.2 457.2 455.4 468.8 485.2 501 516.4 531.2 546.2 561.8 578 595.1 605
760.5 762.5 765 767.2 769.8 770.3 770.5 772.2 771.9 771.3 771.2 769 759.9 744.4 723.1 700.8 674.2 653.6 631 609.8 587 556.9 556.6 581.6 601 622.8 644.8 663.5 676.3 680.9 679 690.5 705.9 719.9 735.4 747.5 758 767.3 764.4 765.2 764.8 758 747.8 735.5 722.8 709.2 690.1 669.7 654.1 637.8 622.1 608.6 588.2 572.5 558.7 549.5 539.6 529.3 519.5 508 498.6 483 471.8 465 461.6 458.5 457.9 469.7 482.2 497.2 513.2 529.1 544.6 560.5 577.2 595.5 608.2 613.5
766.2 766.3 767.8 768.9 767.5 767.2 767.2 764.7 763.4 762.5 759.8 757.5 747.1 732.7 712.1 691 665.8 644.7 626.3 603.3 575.5 551.2 571.5 592.9 614.9 642 665.4 683.8 691.6 694.4 694.6 705 716.5 726.9 740.2 749.9 753.2 753.2 756.3 757.2 757 746.2 734.4 715.9 704.7 690.7 668.9 651.1 632.6 614.6 603.4 589 574.1 560.3 543.6 535.4 531.8 514.7 505.2 493.6 482.5 472.2 466.1 462.1 459.3 460.7 468.2 484.5 498.3 511.6 528.6 543.9 559.3 577.9 594 607.8 617.5 619.8
769.1 768.8 767.2 765.1 763.7 762.1 759.4 756.9 755.3 753.6 750.2 746.7 736.3 721.1 701.1 678.7 654.1 632.6 615.3 589.9 559.7 565.2 583.1 605.5 630 656.2 681.1 697.6 704.3 710.4 712.3 713.9 726 734.3 740.7 740.5 743.6 748.3 750.3 749.1 744.4 730 712.7 698.7 686 672.4 653.2 635.8 617.5 600.7 588.4 573.3 559.5 546.9 533.9 525.6 510.4 501.9 488.9 482.2 470.8 466.8 462.5 461.9 463.6 473.1 485.3 500.3 514.5 528.8 545.4 561.4 578.6 596.1 608.2 619 624.2 625.2
768.6 767.7 764.6 762.8 759.4 754.9 751.4 748.9 746 743 739.7 734.7 723.8 707.5 685.2 663.3 639.6 618.2 597.2 575.3 563.6 579.4 597.6 619.9 642.9 670.8 693.9 707.2 718.3 725.9 728.6 727 731.9 737.6 740.5 736.4 740.5 741.3 740.6 734.3 725.3 710.5 694.8 681.7 665.1 650.8 639.8 620 600.7 582.8 569 555 545.9 535.7 518.9 516 505.1 490 478.9 469.7 467.5 463.8 462.2 468.8 474.3 486.4 498.9 513.9 530.2 548 565.3 582.3 597 609.8 622.2 630 631.2 629.7
762.4 760.9 759.4 756.5 753.4 749 744.9 740.8 736.3 732.8 729.2 722 708.5 689.3 669.3 649.1 626.5 607.8 587.5 569.1 575.8 591.2 611.2 634.5 658.6 683.6 706 721.6 733.5 739.2 739.7 739.5 739.8 740.1 735.8 736.9 737.7 736 728.4 721 707.4 692.8 678.4 660.9 645.3 633.8 621.7 602.3 581.8 567 555.5 542.6 533.8 516.8 503.5 496 485.2 477.1 471.6 467 465.2 463.5 471.6 481.5 491.5 502.6 516.9 530.6 550.8 567.7 586.1 600.4 615.6 624.6 636.6 640 639.4 633.8
753.9 750 749.5 746.2 743.6 741.1 736.5 732.9 728.3 723.8 717.1 704.8 689.3 672.2 653.1 635.1 619.9 605.1 584.8 568.2 587.1 605 625.1 647.9 671 695.5 715 734.5 742.8 746.5 747.8 747.4 745.6 741.1 737.7 737.2 733.3 726.7 717.4 706.6 692 673.6 660 641.2 627.3 621.7 602.8 585.6 566.3 554.1 541.2 529.5 515.2 504.4 492.5 484.4 476.8 470.6 467.9 466.4 465.4 473.8 486.1 497.6 507.5 520.8 535 549.7 567.4 586 604.5 621.9 639.1 647.9 650.9 647 642.2 638.5
744.2 739.9 735.8 732.7 731.4 730.1 726.1 721 713.3 705.5 694.4 683.6 670 658.6 646.2 631.6 619.6 605.7 591.8 576.8 599.6 615.2 636.3 659.2 683 705.9 723 738.8 747.8 752.6 754 752.4 749.4 742.5 737.6 734.4 727.3 718.3 708.3 692.7 673.9 654.9 640.4 622.6 610.2 604.7 587.9 571.2 555.7 540.6 528.9 515.7 503.4 494.1 483.6 477.8 470.6 469.6 467.5 468.2 477.8 489.8 501.2 513.4 524.2 538.3 553.5 570.7 592.3 614 633.6 650.2 659.5 661.5 657.1 652 646.5 635.5
733 729.5 726.8 723.3 719.1 717.1 711.6 705.7 698.1 686.8 677.8 667.4 656.3 644.9 634.4 626.2 616 601.3 590.4 592.9 611.4 626.8 648.5 671.7 693.5 713.4 730.9 743.6 751.5 755.6 756 754.9 751.4 741.9 735.9 728.8 719.9 707.2 692.6 676.6 656.9 638.3 622.2 607.6 598 586 574.8 558.7 541.4 527.4 512.9 505.3 493.4 485.4 475.8 472.6 470 469.4 470.9 483 492.7 504.6 517.9 530.7 541.3 558.4 576 595.4 617.3 640.1 658.9 667.8 666 663 659.8 655.3 647 635.6
724.4 720.5 717.3 715.2 712.5 708.1 700.4 693.1 685 675.3 665.1 653.9 644.4 633.9 625.1 616.8 603.8 595 596 608.5 620.3 638 657.4 680.5 703 720.5 734.7 745.8 752.2 752.4 753.1 751.8 748.3 742.1 732.6 723.1 711.9 694.6 678.3 663.7 646.7 626.9 608.8 601.5 585.7 569.1 559.5 545.9 533.3 518.9 503.3 495.2 488.1 477.8 474 471.6 471.2 473.2 483.9 497.3 504.7 520.3 533 547.7 562.3 579.1 600.5 622.2 643.1 662.1 671 672 669 665 659.4 652.8 643.6 632.2
717.3 713.1 708.6 707.2 704.1 699.2 689.9 682.6 673.4 665.4 655.3 645 635.2 626 616.6 608 597.1 599.5 609.7 620.4 632.3 649.9 669.6 690.9 708.2 723.5 736.7 745.5 750 750.1 749.2 745.9 742.3 736.3 725.4 714.5 701.5 684.9 668.5 652.8 638.6 620.9 602.4 592.1 580.6 559.7 544.4 531.9 523.2 510.9 498.7 491.7 480.3 474.9 473.7 472 474.8 485.4 498.7 513.3 525.3 539.3 556.7 571.5 588 604.9 627.2 650.1 665.3 670.9 672 669.3 666.9 662 654.9 647.6 637 625.6
713.4 708.2 704.9 701.4 696.2 690.2 682.1 673.3 665.3 656 647.6 638.8 628 618.8 610.4 601.1 604.7 611.1 620.3 630.6 644.2 658.9 676.6 697 712 724.9 736.5 744.5 747.3 746.6 743 739.7 734.2 727.6 719.3 707.6 694.7 679.1 662.4 645.3 630.8 615.1 596.2 579.3 568.3 553.7 536.9 524.5 513.3 502.4 494.8 485.1 477.4 475.9 474.2 474.7 483.6 497 512.9 528.7 545.6 562.4 582.9 599.6 612.1 630.4 650.9 662.4 668 668.3 665.8 663.2 661.2 656.7 650 639.4 627.7 613.9
712.2 705.6 696.9 692 687.4 682 675.4 665.3 656.7 647.2 639.9 631.9 623.9 615.2 606.7 609.9 614.2 621.4 633.6 643.7 654.8 668.7 685.6 701.6 714.4 726.4 736 742.1 742.3 739.9 736.3 731 725.2 716.5 709.2 697.9 685.2 672.4 656.2 641.4 625.4 605.7 586.8 569.5 555.8 542.1 529.6 517.6 504.5 495.9 487.6 481 477.5 476.7 474.8 481.4 495.3 510.1 530.1 548.9 566.7 584.8 606.7 626.2 637.3 654.1 665.8 667.6 666.6 662.7 659.7 657.1 655 650.5 643.4 631.4 615.3 601.1
710.8 702.8 693.4 683.9 677.3 670.6 662.1 653.4 642.7 634.4 628 622.3 615.5 611.8 616.1 620.3 625.3 633.9 642.3 652.5 663.3 677.5 692.4 706.5 718.1 727.4 733.6 736.6 736.2 731.3 726.9 720.9 714.6 705.2 696 687.3 678.2 660.8 650.4 636.1 616.1 598.5 578.2 560.3 543.5 529.8 519.8 508.6 501.2 493.8 483.3 479.5 478 476.7 480.1 486.4 505.9 525.7 547.7 568.9 588.1 608.3 630.4 649.3 661.8 667.3 668 666.3 661.5 657.3 654 651.6 647.9 642.7 633.4 618.5 603.7 591.4
712 704.4 698.3 689.1 683.1 675.4 663 653.7 644.6 634.5 624.8 617.6 618 623.1 627.5 632.4 636.2 642.7 651.6 659.2 672.4 684 695.9 708 718.3 726.3 730.3 730.9 729.1 723.2 717.5 710.7 702.8 693.3 685.1 676.8 670 652.9 644.3 628.9 610 589.1 571.1 550.7 538 527.2 514.9 505.3 498.5 486.3 483.2 479.4 478.6 479.9 488.2 498.4 524.2 546.1 567.4 588.5 610.7 632.6 652.3 665.5 669.9 670.2 666.3 662.8 657.6 652.7 648.3 643.8 639.2 630.7 620 607 593.9 581.1
715.9 710.2 703.9 696.4 687.1 677.6 666.3 653.2 643.5 633.9 623.1 624.9 630.8 634.7 641.5 644.6 647.9 652.9 658.2 667.2 678.4 689 699.2 706.7 716.7 724.3 726.2 726.1 722.6 714.9 708.3 700.4 690.9 681 671.9 662.6 652.7 643.3 634.9 621.6 602 580.8 560.7 548.3 534.8 522.6 511.4 500.2 488.6 488.6 481.1 480.4 480.1 484.8 498.2 517.5 543.3 568.4 590.5 612.4 633.4 654.1 666.5 674.4 673.3 670.3 666.4 660.3 654.9 647.9 642.1 635.8 627.7 617.4 607.3 596.8 584 564.5
720.4 713.5 707.4 700.3 690 679.2 666.9 655.2 644.4 632.5 630.4 637.2 643.8 647.9 651.5 655 655.8 660.4 663.8 672.1 683.3 692.2 699.6 707.1 716.2 721.4 721.5 718.4 715.1 704.8 696.7 687.4 678.9 667.2 658.1 649.5 642.8 634.3 626 613.6 592 572.1 553 539.4 526.5 512.6 502.8 493.3 491.6 483.4 482.3 482.3 481.5 489.9 510.8 538 564.2 589.5 620.6 635.8 654.8 667.6 673.4 675.3 673 670.1 665.5 660 652.9 643.6 636.2 630.1 619 606.8 597.2 585.3 566.4 565.2
725.7 718.8 711.1 703.2 692 680.4 667.3 655.3 643.3 633.3 640.1 650.2 655.5 657.8 661 661.9 663.3 666.1 669.9 676.6 686 693.2 699.7 708.1 715.6 717.3 716.1 710.4 702.9 692.8 682.4 670.6 661 650.9 642.5 636.5 630.9 622.5 613.9 598.6 575.7 556.7 542.3 526.5 515.6 505.4 495.1 492.1 484.4 484.1 485.7 484.9 486.4 500 527.5 556.1 584.1 612 641.5 654.9 668 672.6 677.6 677.6 675 670.9 666.4 659.5 649.7 640 632.6 624.9 613.1 599.1 582.7 568.9 572.7 582.3
731.4 723.2 714.8 704.5 692.5 681.4 669.5 655.5 642.5 640.8 651.4 659.2 665.2 667.8 667.5 669.1 669.5 671.1 677.3 682.1 688.1 693.7 700.9 708.5 712.2 711.6 708.1 699.8 689.5 680.7 668 654.5 642.1 633.8 626.3 616.6 612.4 607.6 595.4 577.6 561.1 541.9 526.6 516.1 506.6 497.7 493.5 489.1 485.9 488.4 487.2 486.7 495.1 513 541.3 571.4 599.3 629.8 653.9 665.8 671.7 679.1 682.7 680.2 676.1 671.3 665.5 657.1 647.1 637 628.8 621.1 609.9 593 573.8 581.9 588 591.6
734.1 726.2 716.8 704.1 691 679.1 667.4 657.5 646.8 647.9 657.9 666.6 672.7 674.5 674.4 675.6 676 679.6 683.2 687 690.3 696.3 702.6 707.4 708.3 705.6 698.7 688 677 665.9 650.8 636.6 622.4 614 605.1 595.3 592.4 585.3 569.6 559.9 544.2 528.6 518.6 510 502.8 494.4 491.6 488.1 489.6 490.4 489.4 492.4 503 523.1 547.1 578.9 608.2 635 657.3 669.5 679.8 683.5 685.3 681.7 677 670.9 663.2 654.4 644.8 635.7 625.5 616.7 606 586.4 585.7 593.6 597 597
735.4 726.7 715.6 703.2 690 677.7 667.1 657.6 647.2 653.5 664 671.9 678.8 680 680.4 682.2 683.4 685.2 689.9 692.7 694.3 701.2 703.7 704.5 703.7 698.5 684.5 672.2 660.3 645.1 631.9 619.7 608.5 597.8 586.8 576.3 571 564 553.6 540.1 529.2 518.6 509.8 501.9 496.2 493 492.1 493.2 492.8 492 492.4 497.9 511.9 536.8 561.8 586.1 613.9 642 663.8 676.9 688.2 691.1 688.5 681.9 675.1 667.9 660.3 652.6 643.7 634.1 623.8 612.1 600.2 585.1 597.2 602 602.1 601.1
736.6 726.4 714.3 700.7 690.3 679.2 669.3 661.1 649.4 660 667.7 677.5 684.1 686.5 687.3 688.2 689.4 692.4 695.5 698.3 701.5 702.6 702.4 700.2 692.9 679.3 664.9 652.7 637.5 623.8 613.5 603.9 594.5 584.8 574.7 564.7 555.2 544.6 538.8 529.5 519.5 510.8 500.1 498.2 494.6 495.9 494.8 494.8 494.9 494.8 496.1 507.3 523.5 548.1 575.1 599.3 626.6 655.7 672.3 688.8 694.9 693.6 688.7 679.9 672.2 664.6 656.6 649.6 642.1 631.8 617.8 605.9 594.2 597.8 604.3 607.2 607.2 609.7
736.1 725.9 713.3 700.3 689.8 679.4 671.4 659.9 659.5 665.7 672.5 682.7 690 693 694.4 695.4 695.5 699.3 700.2 702.8 703 700.7 696.7 686.2 669.9 656.7 646.9 633.4 619 607 597.9 589.6 577.3 566.8 556.8 549.6 541.3 533.3 524.9 516.6 505.8 501.8 505.7 504 502.3 500.6 498.5 497.9 500 498.1 501.9 513.7 533.6 559.4 584.9 611.5 640.8 667.3 682.8 699.4 698.6 695 690.3 680.3 670.3 662.8 655 648.4 640.1 629.7 617.1 606 597.8 606.6 610.4 613.1 614.3 616.7
