Assets/StreamingAssets/GeoData/Data/no/NO09.asc
ncols 200
nrows 200
xllcorner 300000
yllcorner 790000
cellsize 50
[rows 105 to 139 of 200, columns 78 to 155 of 200]
526.3 508.8 492.5 476.9 464 461.4 453 449.5 447.9 457.4 469.5 480.8 491.2 503.5 514.1 524.2 535.8 549.3 561.8 576.3 588.2 600.2 610.1 620.5 630.2 639.6 648.8 657 664.2 670.6 677.1 683.6 688.4 693.2 698.5 703.5 708 713.4 719.6 726.2 736.9 748.5 759.4 767.3 771.8 773.9 773.8 773.5 771.4 766.9 761.1 753.2 741.7 727.3 713 694.2 676.5 660.6 646.5 635.2 621.7 609.6 597.5 587.2 576.6 566.2 555.9 545.5 533.3 526 521.4 515.1 508.8 501.1 494.3 485.1 476.1 469.2
523.9 503.4 486.9 473.3 463.3 459 452.3 447.4 446.4 454.6 467.6 482.4 495.4 504.8 516.8 524.2 537.1 550.3 564.1 577.7 589 602.2 613 621.5 631.8 641.5 650.9 658.6 665.8 673.1 679 684.4 689.7 694.7 699.2 702.5 706 709.3 716.2 723.1 732.3 743.6 755.1 761.9 765.1 765.9 767 766.5 764.9 761.1 756.1 748.8 739.3 728.4 715.5 698.4 681.7 667 651.5 636.4 625.9 616.2 604.7 593.1 583.8 574.3 563.1 550.3 538.9 529.1 523.9 522.5 516.1 509.5 500.9 492.4 482.3 473.8
519.5 498 481.7 469 460.7 455.5 448 447.7 444.5 450.5 466.8 481.9 495 504.5 514.8 524 537.6 551.3 563.7 576.6 589.8 602.1 613.5 621.7 633.3 642.6 652.1 660.2 666.9 673.5 679.4 683.4 689 694.6 697.8 700.7 703.1 707.2 713.1 719.6 728.4 737.2 748 754.7 757.9 757.9 758 757.2 756.1 753.7 750.4 745 737.1 726.3 715.4 702 686.1 673.5 658.2 642.7 630.3 619.3 609.7 598.6 589.2 581.7 570.2 556.8 546 536.5 526.8 525.3 521.1 513.2 507.2 498.2 489.3 480.4
511.8 492.6 477.9 466.1 457.8 452.3 445.7 445.1 443 450.3 464.6 478.2 493.2 503.5 514.3 523.7 537.5 550.4 563.5 575.8 588.5 601.3 612 622.4 634.2 644.1 650.4 659.7 665.9 674.1 678.7 682.4 687 693.7 696.4 697.8 699.9 702.8 709.9 717 725.5 732.6 739.7 746.1 749.6 750.5 750.8 750.7 749.5 748 744.8 739.8 732.7 724.9 715.7 703.9 690.3 677.9 662.9 650.2 637.2 621.4 613.1 604 594.5 586.6 576 565.2 554.7 545.7 535.4 528.7 523.7 519.3 514 505.8 497.5 488.5
504.7 487.3 472.7 461.4 454.6 448.3 444.1 443.1 442.3 449.1 464.1 480 493 504.2 513.3 525.1 538.7 549.8 562.7 575.9 589.3 600 610.9 622.6 634.5 641.3 647.5 656.7 663.3 671.5 677.5 681.5 685 690.1 693.2 695.3 694.8 698.7 704.7 713.1 721.3 728.1 733.6 740.2 743.4 746.1 745.5 743.6 743.6 741.4 738.4 733.6 728.4 722 713.9 702.9 690.5 678 665.7 654.7 640.5 627.2 616.9 607.7 598.8 588.8 580.8 571.7 562.4 552.8 542.6 532.6 528.2 523 516.7 511.3 502.9 494.9
497.2 481.8 467.6 458.1 451.4 444.8 442.4 442.3 440.9 450.8 464.1 479.7 492.4 504.7 513.1 526.4 539.9 551 562.1 575.3 587.9 599.5 610.4 620.4 631.2 638.8 646.2 653.5 660.4 667.7 672.7 677 681.5 686 688.4 690.5 691.4 694.6 700.5 708.1 714.7 721 728.4 732.9 736.4 738.2 737.8 736.3 734.3 733 730.4 725.4 722 716.2 708.3 699.3 688.6 676.6 666.7 656.2 643.5 631.5 620.8 611.3 601.3 591.2 585.3 577.4 567.1 558.4 549.2 538.5 533.2 525.5 518.5 514.8 508 499.9
491.6 476 463.3 453.1 448.2 442.2 441.1 441.1 439.2 449.4 460.4 476.1 490.9 502.1 512.7 525.8 539.6 551.7 562.8 573.3 585.3 597.2 605.9 616.2 624.7 635.5 641.9 649.7 656.5 663.6 669 673.3 677.1 680 682.8 684.4 685 689.7 696 702.6 708.7 715.9 722.5 726.3 729.7 731.3 730.3 729 726.2 724.3 721.6 717.9 713.3 708.2 701.5 694.1 685.6 674.7 665.7 656.2 645 633.6 623.8 613.7 603.7 595.1 590.5 584.4 572.1 561.9 553.7 543.8 535.5 527.8 521.2 516.9 511.9 502.6
487.4 470.4 461.7 451.4 447.6 443 439 439.9 437.9 449.5 459.8 475.6 491.9 500 511.8 523.9 538.4 550.6 562.7 573.4 584.4 594 605 615.8 623.5 632.1 638.9 645.3 652.4 659.2 664 668.4 672.1 674.5 676.1 676.9 679.3 686.2 691.6 698 704.2 710.8 716.6 720.8 722.3 724.3 723.8 721.2 718.4 716 713.3 710.6 706.1 701.2 695 688.1 681.4 671.8 664.2 655 645.2 635.2 624.2 614.1 605.7 596.9 600.7 590.7 574.8 564.1 556.3 547.1 537.9 529.9 524.4 517.8 513.4 507.8
484.5 469.1 454.4 445.6 441.3 455 444.5 438.3 437.6 451.7 460.1 476.2 490.1 499.1 511 523.5 536.8 549.5 561.7 571.9 581.8 592 602 613.6 620.4 628.1 635.2 642.7 647.7 653.9 658.6 663.2 666.4 668.7 670.5 670.7 677.2 683.4 688.4 693.5 699.2 705.4 711.6 715.1 716.5 716.3 715.5 714.3 710.7 707.3 706 703.5 698.9 694.2 688.3 683.6 676.2 668.2 660.4 653.7 644.5 633.8 620.9 613.6 603.5 599.5 596.1 587.9 580.5 566.7 558.7 549.7 540.6 533.5 526.5 519.2 514.8 511.2
480.2 465.6 452.7 443.5 438.9 451.1 456.3 437.6 435.7 454.2 462.7 474.7 488.1 500 510.2 523.7 536.8 548.5 560.2 570.9 581.9 591.6 598 608.7 616 622.9 632.2 640.6 645.2 648.9 653.3 658 660.8 664.9 665.5 669.1 675.5 679.9 684.7 690 695.4 701 706.6 709.4 709.9 710.7 708.8 705.3 702.1 699.8 695.9 693.9 691.4 687.7 683.3 678.4 671.1 664 657.1 650.5 640.2 628 619 610.7 602.5 595.3 590.7 587.1 582.5 573.7 561.6 550.8 542.5 536 529.4 520.6 515.6 512.6
477 461.4 450.1 442.4 435.6 439 442.3 436.2 435.3 452.8 460.8 471.2 485.4 498.1 510 523.4 536.3 548.1 559.1 567.4 580.3 588.1 594.8 602.3 611.4 619.4 628.6 636.1 641.6 644.5 648.7 652.9 656.5 658.9 661.4 667 672.6 676.4 681 686.4 691.8 697.2 701.2 703.7 704.9 703.2 701.1 698.5 695 692.2 689.3 686.7 684.8 681.5 677.9 673.2 665.9 659.9 652.4 643.9 629.6 616.3 603.6 599.7 596 594.1 586.5 581.3 578.6 574.4 565.4 553.5 543.7 538.4 531.4 523.3 517.1 512.3
474.8 458.6 448.4 441.3 434.8 434.7 434.6 435.9 440.6 448.4 457.1 467.9 480.8 495.5 508.6 521.9 535.8 546.6 555.4 564 573.1 585.3 592.8 600.7 609.1 617.6 625.1 632.6 638.5 641.4 643.8 648 651.7 653.6 658.4 663.1 667.7 672.2 677.1 682.1 687.1 692.1 695.7 696.9 697.4 695 692.7 691.1 688.8 685.9 682.8 680.1 677.5 675.9 672.3 667.1 661.8 654.5 642.6 626.4 624.2 619.1 609.5 598.4 587.6 582.2 577.1 575.6 573.3 569 559.3 549.4 541.4 535.2 528.9 523.9 518.3 510.1
472.6 455 446 441.8 434.3 434.1 434.2 433.9 442.1 448.2 454.7 467.8 480.5 496.1 507.4 520.2 535.2 544.6 552.2 561 570.8 581 589.4 597.7 604.8 614 622.5 629.4 635.6 637 638.4 642.7 646.7 649.3 653.4 658.4 661.2 666.8 671.5 676.9 682.1 686.6 689.1 690.1 690.3 688.8 686 683.7 682.6 680 678.1 675.3 672.1 670.4 666.7 661.1 649.9 640.6 632.1 626.5 622.1 611.9 597.1 593.6 585.2 584.5 577.8 573.3 565.2 558 557.1 550 535.9 531.1 525.9 521.3 515.9 507.8
471.1 453.5 445.4 439.3 433 433 433.1 432.7 440.8 447 453.4 465.7 480.2 491.5 505.1 519.1 531.2 540.5 551.2 557.3 566 576.3 584 596 604.3 611.8 618.9 625.9 631.4 632.3 633.9 636.2 641.1 642.8 648.7 653.2 656.2 661.5 666.2 671.2 676.6 680.8 682.8 684.5 682.9 681.9 679.8 677.6 675 672.9 671.2 661.6 660.4 662.5 656.5 658.6 651.2 635.7 630.2 624.2 615.9 605.7 595.9 585.9 589.7 583.5 577.3 571.9 561.4 556.1 561.6 546.5 528.6 523.6 521.4 515.8 508.4 502.2
469.4 452.4 441.6 434 431.9 431.3 432.1 432.5 439 443.3 450.4 463.1 477.9 493.7 505.4 517.5 531 539.3 544.9 554.3 562.3 573.6 584.3 595.9 602.3 609.3 616.1 621 628 626.6 628 629.9 633.8 637.1 642.9 646.1 649.7 656.1 660.9 665.5 671 674.8 676.3 677.5 676 673.7 671.9 669.6 663 664.8 665.1 665.7 664.3 660.9 660.9 657.2 649.8 641.5 631.2 629.1 621.3 610.9 594.3 595.2 588.1 581.9 574 565 557.4 545.8 550.7 538.9 529.7 514.5 510.6 507 499.6 492
468.8 452.3 439.9 431.6 431.2 431.3 431.6 432.6 434.9 440.7 448.7 460 473.5 488 501.8 515.9 533.1 543.9 544.7 553.2 560.6 572.3 582.2 591.3 601.4 608.4 612.3 616.5 620.2 620.6 622.3 624.4 629.3 631.1 636.3 639.1 642.1 646.4 655.3 660.1 665.6 668.6 669.5 669.3 668.7 668 664 662.7 660.9 660.8 661.4 661.2 661.1 659.9 658.8 655.2 649 642.8 639.1 632.3 623.4 606.6 599.2 593 584.2 575.8 568.4 560.2 551.2 543 545.9 546.2 525.1 509.7 498.4 496.4 490 484.2
466.7 451 437.2 431.3 429 430.4 430.5 431.3 430.5 436.9 445 459.6 470.6 485.4 498.7 513.7 531.5 538.2 542.3 551.9 561.8 572.6 583.1 593.7 600 606.2 610.3 613.9 614.5 616.3 617 618.9 621.5 626.1 629.5 634 636 642 649.2 655 660.4 663.3 663.4 663.9 664.2 662.2 661 661.8 660.6 659.3 659 658.3 657.7 658 657.9 655.6 652.4 648.9 644 636.3 625.6 613.7 603.6 594.5 585.4 576.1 567.2 558 548.7 538.4 531.2 533.1 516.4 506.1 494.6 488 481.7 477.6
462.4 451.2 437.9 430.2 428.6 429 429.6 429.6 429.9 434 442.4 459.8 469.2 483.8 497 512 527.8 531.5 541.6 551.9 563 571.7 582.6 591.8 600.1 606.2 609.2 610.6 610.5 613.3 612.6 614.2 616.1 619.4 623.8 628.2 630.9 635.7 642.4 649.5 655.8 659.1 659.4 658.5 657.8 657.6 656.6 655.8 655.4 653.7 654.2 655 655.7 656.6 657.3 655.7 653.2 651.4 644.9 636.1 627.1 617.2 607.4 597 587.7 577.3 566.8 558.1 547.5 536.6 526.9 516.1 509.2 498.5 490.6 486.4 481.6 475.3
453.3 445.7 437.5 431.2 428.5 428.4 429.8 428.2 429 432.9 441.9 458 469.5 481.9 495.4 509 519.6 528.4 537.4 550.6 562.6 571.6 580.5 591.1 600.3 605 609.7 610.1 608.6 609.1 609.9 607.7 610.4 615.6 617.9 622.8 625.3 628.2 635.7 644.1 651 654.3 655.4 654.9 653.1 651.8 651.3 651.1 649.9 649 648.4 648.7 650.6 653.9 654.9 654.6 652.2 650 643.2 635.6 628.5 620.9 610.7 598.9 585.7 574.9 565.6 560.7 555.5 537.3 526 512.4 501.2 497.1 491.3 486.2 480.8 473.9
444.1 438.1 433.5 430.6 427.1 427.6 428 427.5 428.1 435.3 444.2 455 467.4 481.5 493.6 507.3 513.9 525.1 540.2 551.5 564 570.6 580.5 593.3 600.8 605.7 610.4 611.2 607.3 603.6 602.3 601.1 603.5 609 613.2 616.3 618.9 622.1 628.9 636.9 645.6 648.5 648.1 648.2 648.5 647.5 645.7 644.5 644.1 642.4 641.2 640.3 640.8 646.2 652 652.8 650.1 646.2 640.2 634.6 628.7 620.5 609.1 596.5 582.6 571.5 564.9 557.2 543.7 527.6 512.1 502.8 496.5 494.8 491.6 486.7 478.2 470.8
437.8 432.5 430.7 426.2 426.4 426.3 426.9 426.6 427.9 433 446.8 457.9 468.2 480.8 492.2 501.9 510.9 523.6 535.7 548.1 559.2 570.5 583.7 594.8 602.2 607.2 610.6 609.6 606.7 602 601.3 601.2 602.2 602.9 604.3 608.1 612.3 616.9 622.3 630.6 639.3 641.8 641.9 641.7 642 641.8 640.2 637.8 636.2 637.1 637.3 637.7 636.8 640.4 640.9 648.1 646 641.1 637 631.8 626.3 617.1 605.6 590.8 578.9 569.5 553.9 535.7 517.5 502.9 496.2 493.6 488.4 492 487.4 479.3 471.8 465.4
432.2 428.1 425.9 425.7 425.9 426.5 425.9 426.2 427.1 437.4 446.5 458.3 468.6 480.1 491.3 498.9 507.2 518.1 529.1 543.7 556.3 568.6 583.6 594.7 598.8 606.6 608.1 607.8 606 602.7 600.9 601.3 601 604.3 604.5 604.8 606 611 615.6 621.8 630.2 634.2 635.7 637.2 636.1 636.7 635.5 633.5 633.2 634.2 633.5 633.3 633.9 634.7 637 640 638.8 635.5 631.3 625.1 617.1 609.8 595.7 583.6 568.6 549.1 526.6 507.7 495.7 484.8 478.1 478.2 478.1 485.5 481.7 470.9 466.5 460.6
428.5 426 425.1 424.9 425 424.7 425.3 426.4 431 435.9 443.8 455.2 466.9 478.4 487.5 495.8 504.1 514.1 524.2 536.1 550.5 565.6 581.8 590.3 595.3 598.8 601.2 604.9 605.8 602.2 600.8 598.8 598.1 598.9 598.8 600 602.2 603.7 607.4 613.1 621.6 624.3 626.5 628.9 630.8 631.9 628.7 627.3 626.2 626.2 625.7 624.9 627.3 633.2 633.3 633 628.6 626.1 622.8 615.5 604.8 588.7 571.5 559.3 542.6 520.8 503.6 490.5 482.7 488.9 491.9 491.3 485.8 475.2 471.9 463.1 460.9 457.1
425 424.3 424.3 425.3 424.7 424.8 424.7 426.2 434.8 438.3 442.5 452.6 463.6 473.7 483.2 491.7 500.3 509.3 518.9 531.3 545.7 560.4 575.6 585.9 592.4 595.3 596.6 600.2 600 599.4 598.2 597.1 596.5 597.3 596.4 593.5 592.7 595.6 597.7 604 610.5 615.7 618.3 621.4 621.2 620.9 620.9 618.7 613.9 614.3 611.7 611.1 619.1 632.3 633.6 633 627.3 625.1 622.3 607.9 577.7 562.1 549.2 531.4 511.7 497.4 485.3 485.7 497.7 504.7 502.8 495.1 491.6 485.1 479.6 468.4 466.7 464
424.5 424.2 421.8 422.4 423.2 424 425 429.9 436.6 439.6 442.6 450.9 460.4 469.1 479.4 488.8 496.5 505.2 514.6 526.6 539.6 555.3 567.4 578.5 588.3 593.7 594.3 593.9 595.5 593.3 589.7 590 590.5 591.3 592.2 590.4 587.2 588.9 592.9 595.9 599 605.1 609.5 612.3 613.7 613.9 613.6 613 604.9 607.9 608 612.7 609.3 627.8 634 632.1 624.4 620.3 616 586.8 564.5 537.5 517.5 503 491.8 484.3 494.3 511.9 517.9 518.5 512.6 503 496.2 491.7 487.9 480.7 475.4 470
422.2 421.9 422.8 422.9 422.8 424 431.2 431.5 435.7 438.8 440.5 448.3 459.1 466.7 476.2 484.6 493.3 501.5 510.8 521.9 533.1 548.6 560.5 572.8 584.6 595.3 596.5 594.9 591.7 587.2 584.4 586.4 587.3 588.1 588.2 586 583.1 583 584.1 588.6 593.3 596.5 598.9 603.2 605.8 606 605.3 599.3 590.8 586 589.3 592.2 607.4 619.3 622.1 621.6 616 605.9 584.7 561 538.2 512.3 496.3 486.4 485.2 496.7 517.7 526.6 527.3 526.5 523.1 515.2 505.8 501.6 494.7 485.8 480.7 474.7
421.7 421.7 422 424.9 434.5 436.3 433.9 431.4 436.1 439.7 440.2 445 454.4 462.4 469.8 477.9 487.7 496 505.8 517.8 530.2 543.1 556.6 568.9 581.6 591.4 597.6 597.3 592.2 582.7 581.4 583.4 585 585 583.4 581.1 579.2 578.3 579.2 580.6 584.3 588.4 590.4 593 594.6 595.7 594.6 593.9 598.2 581.4 589.6 581 605.6 603.8 602.3 594.8 589.3 576.5 553.4 532 508.4 490.8 484.3 492.6 507.2 522.7 535.5 538 536.9 535.3 531.1 523.3 515.3 508.4 501.5 493.6 487.5 480.1
421.7 421 420.9 423.5 425.8 426.5 427.2 429 434.4 440.7 441.2 443.8 449.2 457.1 463.5 470.1 479.7 491 502.3 515.1 528 540.6 553 566.1 578.6 590.2 596.4 599 593 582.6 579.9 581.7 583.7 581.2 576.9 575.4 575 574.3 574.5 575 576.4 579 581 583.8 585.8 588.4 590.6 590.9 589.6 581.1 572.1 577.8 587.7 584.6 580 570.2 561.6 546.9 530.8 503.6 486.2 484.3 494.8 515.8 534.7 543.3 546.8 547.5 545.7 543 539.3 532.5 523.4 518.4 509.9 503.5 495.7 487.5
421.8 420.8 420.4 423.6 424.3 422.8 426.9 429.7 434.7 440 442.4 443.5 446.1 450.9 455.9 463 474.8 486.7 499.1 509.9 522.6 535.2 547.7 560.7 574.2 583.4 592.5 597.6 595.7 584 581.4 580.1 580.8 579.3 567.1 569.3 569.8 570 568.8 569 569.4 572.4 574.8 576 578.3 581.1 583.6 583 577.9 576.1 564.4 572.6 568.8 564.7 560.3 548.4 524.7 516.9 497.4 484.3 485.6 502.6 520.2 541.8 550.2 555 557.5 557.4 554.3 550.9 546.2 540.9 534.8 525.3 515.7 509.6 503.1 496.1
423.1 423.6 420.7 419.3 417.4 419.8 424.2 428.4 432.1 437.8 441.5 443.1 444.4 447 451.2 457.6 467.7 481.5 493.9 504.4 516.9 529.6 542.3 556.1 569.1 576.1 582.5 586 587.8 583.2 580.6 578.5 577.9 576 567.3 565.4 566.2 565.9 564.9 563.6 564.9 567.2 568 569 570.8 573.3 575.4 575.9 573.2 569.2 553 560 557.2 553.2 539.8 524.4 508.7 493 488.1 501 517.2 532.2 547.4 553.9 558.6 563 565.3 566.4 563.3 559.4 554.1 547.3 541 533.2 524 512.8 506.4 501
428.7 428 426.8 425.5 420.5 418.6 423.2 429 431 435.6 439.6 441.8 442.9 444.2 446.5 452.7 462.9 475.1 486.5 497.4 508.8 522.8 537.5 551.4 565.2 570.9 575.2 576.5 577.4 578.4 577.5 575.5 574.5 571.2 567.3 562.6 562.8 562.6 561 558.8 559.8 561.8 561.9 562.5 563.5 565.6 567.7 568.6 567.7 564.7 560.1 543.4 547.7 537.6 532.2 509.5 493.7 494.2 514.2 530 545.5 553.1 559.9 563.7 566.9 571.2 571.7 571.7 571.6 567.5 562.4 556.7 549.3 538.2 527.8 518.9 512.5 507.1
433.4 430.6 427.4 424.6 419.4 417.1 427.7 430.8 429.9 432.8 436.9 439.9 440.9 440.8 443.4 449.3 457.5 468.4 477.9 489.3 501.9 514.6 531.8 546 558.5 565.8 570.7 574.1 575.4 578.2 579.2 575.2 567.8 566 565.5 562.8 559.1 560.7 557.3 554.8 554.4 555.8 555.9 556.2 557.5 559 559.8 560.8 560.5 555 551.5 523.3 535.7 518.6 502.4 492.4 503.3 521.3 541.2 554 561.4 564.2 568.1 572.2 575.4 576.6 577.1 576.8 576 574 569 563.4 555.3 544.6 533.1 525.6 516.7 511.1
439.6 431.1 427.6 425.7 419.5 417 423.1 426.5 429.2 431 434.4 437.8 437.7 437.3 439.6 446.9 453 461.1 470.3 481.2 492.2 504.9 522.3 539.1 549.9 559 565.4 570 574.9 579.4 582.7 572.3 565.7 561.5 558.9 556.9 553.8 556.8 554.5 550.6 549.9 549.8 549.9 550.3 551.8 552.9 555.4 555.5 543 521.6 514.2 505.8 507.1 494.9 492.6 514.7 532.8 547.1 561.6 567.7 570.7 572.9 575.4 578.2 579.5 581 581.6 581.6 580.3 578.8 574.4 567.7 559.3 549.7 538.8 529.8 521.4 513.2
443 434.4 428.1 425.5 425.1 416.9 416.8 422.7 424.1 428.6 431.8 434.2 434.4 432.8 435.4 442.8 448.5 454.9 462.6 471.6 482.2 493.5 507.7 522.2 537 550.8 557.2 564.3 572.5 580.2 574.9 567 563.3 561.1 559.2 552.7 550.6 551.5 550.6 547.3 544.1 543.8 544 544.7 546.4 547.3 546.1 537.4 513.7 510.4 517.3 504.9 494.8 492.8 515 540.2 556.3 566.6 574.9 575.8 576.9 578 580.2 582.3 583.7 584.6 585.4 585.3 584.3 581.4 576.8 569.4 563.4 555.2 545.6 536.2 526.4 515.8
448.6 442.6 434.8 427 424.6 426.2 416.2 412.3 412.6 426 426.9 429.9 431.1 428.4 427.2 431.7 442 448.2 454.4 461.2 469.7 482.6 494.2 505.8 518.4 529.4 536.4 547.2 560.6 563 562.9 559.6 558.7 558.5 554.9 551.6 543.7 546 544 541.1 537.4 536.5 536.7 537.2 539.7 542.7 528.8 516.9 503.1 526.9 534.9 524.1 511.3 518.5 537.8 557.4 571.2 576.8 579.2 580.2 580.9 582.3 583.4 585.9 587.9 588.5 588.1 587.4 586.3 583.1 579 573 567.5 560.3 551.4 541 529.1 518.6
