Assets/StreamingAssets/GeoData/Data/no/NO15.asc
ncols 200
nrows 200
xllcorner 310000
yllcorner 750000
cellsize 50
[rows 0 to 34 of 200, columns 0 to 77 of 200]
284.6 289.4 295.1 301.2 307.9 313.7 317.9 319.3 315.5 312.4 314.3 318.4 320 317.9 315.3 313.7 309.4 304.1 298.7 292.2 287.1 281.6 277.3 273.4 277.9 279.3 281.6 278.5 273.2 272.5 270.8 268.1 267 266.3 265.9 264.5 263.6 263.1 262.9 260.7 257.4 256.2 255.7 258.8 260.9 261.2 262 263.3 268.6 270.5 273.3 277.8 282.1 287 289.6 305.5 304.2 308.7 305.2 304.5 303.8 303 301.3 299.5 296.4 292.8 288 286.2 281.5 277 273.3 271.5 268.9 268.2 267 263.3 263.7 259.9
279.1 282.9 289.2 294.6 295.8 301 305.7 311.1 315.1 314.2 311.5 312.2 312.5 311.2 310.9 310.2 309.2 305.2 301.4 295.5 290.1 285.6 280.9 274.3 283 289.3 291.6 291.7 291.2 286.3 274.6 271.1 269.3 264.7 264.9 262.3 261.4 262.1 262.4 260.8 257.2 255.3 253.8 254.1 256.7 256.1 259.5 256 256.6 259.5 263.8 269.1 271.9 274.6 277.5 280.4 287.9 298.5 299.8 298 297.8 296 294.1 293.2 294.5 292.8 286.8 284.4 281.3 277.6 273.4 270.3 267.2 267.5 265.6 263.3 264.6 261.4
275.9 278.8 284.1 283.1 285.8 291.5 294.7 299.6 306.1 309.7 309.3 307.2 305.7 305.2 305.4 305.5 304.8 302.5 299.3 294.2 289.7 284.3 277.8 278.3 285.2 293.6 301.9 311.1 316.4 303.2 286.8 281 274.5 268.6 267.5 265.4 263.4 259.4 258.9 259.5 258.6 256.1 253.5 252.3 251.8 251.9 252.1 253.1 253.1 252.1 253.4 258.6 262.3 264.5 266.6 268.6 272.1 278.4 285 288.7 289.7 289.1 286.8 285.5 286.3 289.4 287.4 282 278 274.6 272.7 269.7 267.6 267 265.5 264 263.4 265.7
273.5 275.6 277.3 278.2 278.1 284.5 287.6 291.4 296.3 299.9 302.5 302.6 300.4 299.5 299 299 298.2 295.5 291.2 285.4 279 276.5 277.6 283.6 292.5 303.1 302.6 294.3 291.7 282.7 276.5 285.3 284 275.1 272.8 266.9 264.5 262.4 259.4 257.3 255.7 254.8 252.7 251.2 250.6 250.1 250 250.4 249 249 249.1 250.4 254.6 257.6 261.1 262.1 263.7 265.7 271.3 276.1 279.7 282 281.1 278.8 277.9 281.6 280.3 279.3 276.7 273.8 271.3 267.9 265.4 264.1 264.1 263.3 262.2 262.1
272.3 272.4 273.4 274.2 275.2 277.1 281.2 281.3 284.3 288.1 291.6 292.8 293 292.4 291.3 290.2 289.1 285.9 281.8 278.2 277.6 276.5 281.6 293 301.6 303.2 297.4 291.2 282.5 276.6 279.7 299.6 293.3 284.6 275.1 268.9 265.4 263.2 261.8 260.4 258.5 257.3 255.3 253 252.4 250.2 249.4 249.8 247.9 247.8 248 247.9 249.4 250.9 254.4 256.2 257.7 260.6 261.8 266.1 269.7 272.2 274.4 275.2 273.3 272.6 273.1 274.9 273.3 272.6 269.5 266.3 264.6 263.7 265 263.1 259.8 259.8
273.1 271.6 271.4 271.9 272.5 274 274.7 275.4 276.9 279.4 280.6 281.6 282.3 283.2 283.6 282.5 281.5 277.8 276.7 277.6 277.3 280 286.2 293.6 295.2 295.8 299 300.6 304.6 306.5 303.5 300.4 297.1 291.3 284.4 275.2 267.8 264 262.7 261.8 260.5 259.5 258.2 256.3 252.2 252 250.4 249.2 248.5 247.8 248 247.5 246.7 247.5 248 250.9 252.3 255.5 256.9 259.2 262.6 263.5 265.9 268 267.8 266.8 267 267.9 267.6 269.5 268.7 266.4 263.8 262.2 267 262.2 259.7 258
274.1 272.5 271 271.6 271.8 272 272.6 273.8 274.3 273.4 274.4 274.4 274.4 274.3 275.6 276.4 275.7 276.1 276.5 278.6 279.8 284.6 291.3 292.8 291.4 291.4 293.4 293.2 294.2 295.3 295 295.4 295.1 293.5 289.3 284.9 275.2 265.7 262 261.6 260.6 260.2 260 259.1 255.7 254.6 253 251.1 249.6 248.1 247.9 247.7 247.5 247.2 247.1 247.9 249.6 251.9 252.7 254 257.7 258.4 259.1 261.8 263.6 261.8 262.1 262.3 261.9 264 269.8 265.9 262.5 261 264.7 265.4 262.1 259.4
272.9 272.6 271.9 271.3 271.6 271.9 272.2 273 272.9 273.7 273.1 273.7 273.6 273.5 274.4 274.7 276 277.3 279.7 282.1 285.8 286.5 288.2 289.3 290.9 291.1 290 289.1 289.3 288 288.2 289 290.2 289.6 288.4 287.2 282.4 275.6 266.8 262.3 260.8 260.5 260.6 260.6 258.9 257.1 256.7 256.6 255.8 251.3 248.2 247.9 247.6 247.3 247 246.8 247.4 249.6 250.5 252.1 254.8 254.4 255.3 257.2 257.8 259.6 257.8 258.5 260 262.6 267.6 264.8 262.2 260.1 263.6 263.3 263.4 261
271.5 272.5 271.8 271.5 271.7 272 272.4 272.3 272.7 273 274.8 274.1 274.8 275.6 275.8 276.2 278.9 284.3 287.2 292.1 294.3 295.4 292.2 290.7 291.7 292.2 291.8 288.5 285.1 282.6 281.8 283.2 284.6 285.4 285.4 285.9 284.1 281.4 275.9 268.1 262.4 260.6 260.9 261.2 260.4 259.7 259 258.3 257.3 254.6 252.7 248.6 247.7 247.3 247 246.9 246.8 246.9 249.1 252.6 252.7 251.1 252.2 255.5 257.3 255.5 256.6 257.4 259.2 261 260.3 260.8 261.1 261.1 260.3 263.9 263.2 260.4
273.4 274.8 274 273.4 274.2 275.1 275.8 274.4 275.3 274.9 276.6 280 280.9 283 283.5 284 284 289.1 296.5 300 304.7 307.1 308.8 306.6 303.4 296.9 296.5 292 287.9 282.9 279.4 278.3 278.6 279.5 281.3 282.2 282.1 281.4 279.5 275.4 268.9 264.3 260.8 260.9 260.7 260.3 259.6 258.9 258.1 257 255.7 253.1 249.7 247.5 247.2 247.4 247.3 246.8 246.6 251.9 252.7 252.7 253 253.6 254.8 253.8 253.8 255.3 256.6 258.5 259.4 259.9 259.6 260.6 261.1 263 260.7 258.2
277.1 277.9 278.4 278.1 280 281.6 281.7 281.5 280.9 281.1 280.6 282.2 286.2 289.2 290.9 292 294.5 299.2 305.3 310.7 317.2 331.5 341 342.3 330.6 312 305 299.2 293.7 287.3 281.2 277.5 275.1 274.7 275.9 277.2 279 278.8 278.9 277.8 273.6 268.9 263.8 260 259.9 260.8 260.2 259.4 258.7 258.3 257.8 254.7 252.5 249.7 248 247.9 247.7 246.8 246.3 246.1 248.9 254.7 253.7 252.8 251.9 251.8 252.1 252.9 255.8 256.9 258.6 259.3 259.2 259 259.2 258.5 256.8 256.3
281.5 282.9 284.5 285.5 286.7 287.7 288.5 287.8 288.5 288.8 288.8 287.3 288.7 292.5 295.1 298.5 300.9 307.4 313 321.8 331.8 345.1 361.3 358.4 347.8 323.7 312.3 304.7 298.5 292.6 286.8 280 275.3 273.1 272.7 272.8 274.5 275 276.4 276.8 276.1 272.1 266.8 262.6 259.8 260.2 259.6 260 259.3 258.9 258.4 258.3 255.9 253.9 251.1 249.4 249.9 247.9 247 246.3 246.2 248.5 254.5 254 253.4 252.1 251.2 250.6 252.4 253.2 255.3 256.8 257.5 260.4 256.7 254 256.9 259
287.1 290.8 293 294.2 294.6 294 295.9 295 294.4 294.3 294.5 293.9 293.5 294.9 297.2 301.4 307.5 312 318.7 330.9 340.3 358.3 363.9 359 345.7 334.5 322 311.3 302.4 295.6 290.3 283.9 277.2 273.4 272.5 270.8 270.4 271.3 272.6 273.3 273.6 271.2 268.7 265.3 262.1 258.9 257.8 258 258.8 258.9 258.3 257.3 256.4 255.4 252.9 250.5 249.9 248.2 247.5 249.9 246 245.5 246.2 253 254.5 253.2 251.7 249.9 249.3 250.6 251.6 254.3 255.7 255.6 255.4 253.1 255.5 256.9
290.8 294.9 301.1 303.4 302.7 304 305.8 306.1 302.2 299.8 300.1 300.2 300.1 300.1 300 303.4 310 315.1 326.5 324.1 347.3 337.4 347 341 337.3 333.3 328.9 321.8 312.2 302.3 294.7 288.4 282.1 277.1 273.6 270.3 269.3 268.4 268.4 269.3 270.1 269.9 268.1 265.7 263.3 260.9 257.8 255.6 256.3 257.4 258 257.9 257.3 256.4 253.8 252.1 251.1 248.7 246.8 247.3 247.5 246.1 245.7 246.3 251.3 251 251.7 249.2 247.9 248.1 251.3 251.3 252.4 254.5 254.8 252.5 252.8 254.4
294.2 300.1 306.6 311.2 316.2 319.2 317.7 319.2 318.7 310.8 306.8 306.7 306.7 306.9 307.1 306.3 311.1 316.5 323.3 331.1 339 337.3 336.3 332.8 328.4 324.4 319.5 316.1 314.2 310.3 303.5 293.8 286.6 281.5 276.5 272.3 269.9 268.1 267.2 267.4 266.7 266.5 265 263.2 261 259.8 257.9 254.3 254.3 255.4 256.2 257.5 257.8 256.7 254.4 252.6 251 249 248.2 246 245.5 245.6 245.7 245.5 245.5 247.3 249.8 250.6 247.7 247.3 249.1 248.7 250.5 255.2 254.5 252 252.1 251.4
297.8 302.7 310.3 322.9 332.8 335.3 332.7 328.8 323.1 321.1 316.3 313.2 313.3 313.5 312.4 312.7 314.5 319.5 324.7 331 332.8 335.4 334.3 334.1 334 327.1 320.7 316.8 311.2 307.8 304.6 299.5 293.5 287.6 281.6 276.3 271.6 269.5 268.7 266.8 265.2 262.5 261.9 259 257.9 255.6 253.5 253.2 252.6 253.3 254 256.7 255.5 255.7 254.6 252.9 250.8 249.4 249.4 247.3 245.2 245 245 245.1 245 244.6 246.8 249.6 249.2 247.3 247.2 247.2 248.6 251.9 252 251 249.4 250
304.1 307.1 312.9 324.7 336.7 342.4 341 338.9 333.4 327.4 324 319.5 319.3 318 316.7 317.3 319.9 322.8 326.6 330.5 336.8 341.4 343 347.7 347 340.3 337.8 328.4 329.8 321 311.1 304.7 299.4 294.6 288.4 284.1 278.3 274.4 272.3 269.4 266.9 263 261.2 258.7 254.6 253.2 252.5 252.2 251.5 251.4 252.4 255.7 254.8 253.9 253.3 252.7 250.7 249.9 248.5 247 245.2 244.9 244.7 244.9 245.1 244.9 244.9 246.5 248.4 248.7 247.2 247.4 247.5 248.1 248.8 248.5 248.5 249.5
306.8 312.5 317.6 323.7 331.8 338.7 345.1 345.2 339.2 334.7 330.4 325.6 323.8 322.5 321.2 322.9 325 326.9 329.4 336.7 343.8 348.2 351.3 355.2 357 352.9 347.2 347.5 341.9 334 321.8 311.1 305.3 299.9 293.1 289.9 286 281.4 277.6 272.1 270.6 267.4 265.8 262.2 257.3 253.2 252.3 251.5 250.7 250.5 251.6 250.9 253.5 252.1 252.2 251.6 250.6 249.7 248.4 247.2 245.6 244.9 244.8 245 245.2 244.3 243.8 244.2 245.7 248 247.8 247.9 247.9 247.3 247.5 247.7 247.3 248
308.9 316.1 322.3 327.3 332.5 338 344 347.9 344 340.3 335.2 330 328.1 326.9 326.5 328.4 330.3 332 335.7 342.3 347.5 352.1 359.1 363.9 365.4 362.7 359 360 351.8 342.2 332.6 319.9 310.4 304.5 297 292.2 289.6 287.9 283.2 281 278.2 274.7 271.4 268.1 264.1 259.9 256.9 253.7 251.1 250.7 250.1 250 249.7 250.7 251.5 251 250.5 249.5 248.6 248.9 246.9 246.3 245 245.2 244.7 244.8 244.6 243.4 244.2 245.5 246.9 248.3 247.5 246.6 246 245.7 247.2 249.9
310.5 316.9 322.9 330.4 334.5 340 346.8 345.5 345.2 343.2 338.9 334 332.2 330.8 330 332.2 333.1 337.7 340.8 347.6 353.4 356.5 360.3 365.9 371.5 371.8 365 360.2 354.7 346.3 337.1 327.8 318.6 310.2 302.4 296.5 292.6 291.3 286.7 288.7 286 283.2 278.3 275.8 273.1 268.7 265 260.6 257.6 253.2 250.4 249.9 249.6 249.4 250.4 250.1 249.4 249.6 248 248.4 249.2 248.3 245.3 245.1 244.9 244.7 244.2 243.5 244.1 244.1 246.9 248.3 246.4 247.4 246 246.5 246.8 247.1
309.6 317.9 323.6 329.7 335.2 340 346.5 345.2 345 343.8 341.4 338.4 336.5 337.7 336.3 335.1 335.9 340.8 345.7 350.4 355.2 360 363.2 367.5 370.7 374.7 370 363.9 358.4 353.5 341.9 333.4 325.6 316.3 308.1 301.3 296.5 293.8 290.8 293.7 293.2 291.1 287.3 284.4 282.3 279.2 274.6 270.9 265.5 259.3 254.7 250.3 249.6 249.3 249.2 249.6 248.7 249.1 248.2 247.5 247.7 246.5 245.1 244.9 244.7 244.5 243.7 243.8 243.9 243.7 244.9 246.6 245.9 247.7 246.3 246.1 246.3 246.6
310.3 316.5 322.7 328.9 334.7 340.3 342.3 343.7 344.1 343.2 342.1 341.3 341 340.2 338.7 336.7 338.3 342.9 348.7 354.4 359.7 365.6 367.7 373.3 374.9 376.6 370.7 367.5 365.3 359.5 347.2 337 328 321.4 312.9 305.8 300 296.3 294.5 295.5 295.9 296.5 294.8 293.2 290.4 286.2 283.6 278.4 273.1 267.7 265 254.4 251.3 249.1 248.7 248.1 249.2 248.3 248.3 247 245.8 245.3 244.9 244.8 244.6 244.3 243.9 244 244 244.5 244.9 244.6 247 248.4 247.9 245.4 246.1 247.7
309 315.2 320.5 328.5 334.9 339.2 339.6 340.6 342 342.1 341.4 340.2 339.1 338.3 336.1 336.9 338.6 343.1 350.1 359.2 365.1 369.4 371.7 372.2 373 373.6 372.6 372 368.5 359.8 350.9 340.5 329.9 321 313 306.3 301.5 297.7 295.8 296.6 297.9 298.5 299.4 299.5 297.3 294 290.5 286.2 280.2 275.4 271.4 258.7 255.6 253.3 250 249.1 249.8 248.8 247.5 248.2 247.7 245.4 245.4 244.6 244.5 244.1 244.2 244.2 244.3 244.3 244.1 244.2 246.5 247.3 247.1 246.2 248 248.1
306.9 312 317.2 325.6 333.3 338.9 339.1 339.4 339.2 340 341.4 342 337.9 336.4 334.5 334.7 337.6 341.9 353.8 362.8 368.3 372.4 378.3 378.1 382 378.8 374.8 373.3 368 359.2 348.7 338.1 326.6 317.7 309.7 302.9 299.5 297.2 299.3 302.7 304.4 304.1 303.1 302.5 300.9 299.2 296.9 294.8 291.9 283.5 272.2 263.4 260.6 258.4 253.9 250.9 250 248.3 249 248.6 247.2 245.5 245.4 245.2 244.3 244.3 244.3 244.3 244.3 244.1 243.8 244.1 244.2 245.3 243.3 246.8 248.6 247.5
304.1 308.6 313.3 322.2 329.6 334.2 337.2 339.1 339 338.4 340.1 341 339.1 335.3 334.4 334.8 337.9 345.1 361.4 368.4 376.1 379.3 384 385.6 387.7 387.1 381.2 371.2 361.1 352.4 342.5 331.4 322.8 313.8 308.6 302.7 300.3 301.7 304.7 310.1 312.8 312.6 309.8 306.2 304.2 303.9 302.8 302.6 300 295.4 277.7 269.5 264.7 260 255.5 251.2 249.9 248.8 248.2 248.3 246.8 245.7 245.8 245.8 244.4 244.8 244.3 244.2 244.2 244.6 243.5 244 244.3 242.7 246.1 248.4 248.2 246.4
303.5 308 313.4 317.7 323.2 328.8 333.6 336 338.2 338 338.3 338.7 337.8 335.9 333.1 335.1 336.2 345.6 361.2 368.9 380 383.6 386.5 387 387.3 384.4 378 367.2 356 345.8 335.2 327.8 321.7 316.4 314.2 312.1 309.4 313.2 313.1 315.3 322.9 321.4 318.4 311.7 309.5 309.5 309.2 309 308.3 302.3 285.9 275.3 267 260.8 256.1 252.7 249.7 249.2 248.6 248.6 247.3 247.7 246.6 245.3 244.5 245.6 245.4 244.9 244.8 245.5 244 244.5 243.1 244.6 244.8 245.9 245.2 245.2
302.5 306.9 311.6 315.9 319.8 324 329.5 333 335.2 337.4 337.1 335.3 334.8 333.8 333.1 332 333.9 340.4 356.9 366.6 375.7 384.7 390.8 388.9 390.7 379.9 371 360.9 351 344.2 336.9 327.2 322.5 325.1 322.2 323.7 320.9 323.5 326.1 329.9 332.5 329.8 326.2 318.6 317.1 317.5 318 317 312.8 301.4 287.5 277.8 268.9 261.5 256.1 252.5 249.6 248.6 247.9 247.9 247.9 248.2 248.1 246.2 244.4 245.6 246.4 246.2 245.9 246.2 245.1 242.4 243.6 244.1 244 244 245.4 248.2
305.5 308.5 312.2 314.8 317.8 322.4 324.7 329.4 331.9 333.2 335 335 333.2 332.3 331.8 331.2 331.6 336 344.6 355.6 369.2 381.1 391.1 398.3 388.4 378.8 367 356.9 349 343.9 336.6 330.2 329.9 332.9 335 335.9 335.8 339 339.6 340.8 343.3 340.2 335 328 329 325.6 324.9 321.9 314.3 300.5 289.9 278.8 269.6 262.2 256.1 251.6 250.5 248.1 247.5 247.5 248.2 249 248.9 246.4 244.7 245.2 246.5 245.3 245.7 247.1 246.1 243.8 242.9 243.7 243.7 243.8 244.4 247.2
306.6 311 314.5 317.8 320 320.7 322.9 325.8 328.6 330.5 332.3 332.8 332.1 331.2 330.9 330.6 331.4 335.4 343.7 354.6 367.7 374.9 383.2 390 385.2 376.5 366.4 357.8 354.8 347.3 345.7 337.3 336.6 339.1 341.5 348.8 352.2 354.6 350.4 350.5 351.5 349.6 339.3 334.9 337.1 333.6 330.4 329.1 309.4 299.5 289.4 279.8 271.6 262.7 256 251.6 248.7 248 247.4 246.9 247.6 248.1 246.8 246.9 246 244.7 246.2 245.4 244.2 247.2 245.6 244.6 241.4 243.5 243.3 243.6 243.4 244
308.1 313.2 319.6 320.1 321.2 320.7 321.7 324.7 326.4 327.8 329 329.5 330.5 330 329.8 329.6 330.9 339.1 348.5 362.1 369.8 375.1 378.4 374.4 375.6 371.9 364 359.4 355.3 351.6 349.7 346 342.6 344.6 356.4 359.8 360.6 359.1 357.1 358.7 355.6 356.2 353.3 344 345 342.1 331.8 327.4 314.8 300.2 288.8 279 272.2 265.1 258.2 252.2 249.4 247.9 247.4 246.8 247 247.4 246.4 247 247.1 245.6 245.2 245.5 243.5 244.1 245 243.9 242.2 243 242.9 242.7 242.5 242.3
306.5 312.2 318.1 322.9 322.4 321.9 321.8 322.5 325.4 327.2 327.4 328.4 328.7 329 328.6 329.5 331 335.3 340.7 348.2 355.9 358.8 363.2 369.3 370.3 364.2 360.9 357.3 354.7 353.9 353.2 351.6 350 362.4 370.8 369.3 370.3 367.4 365.3 367.4 364.6 365.5 361.5 358.6 354.1 349.4 341.5 324.3 311.5 300 289.3 280 271.7 266.4 260.1 254.1 250.2 248 247.4 246.7 247.2 246.8 246.4 245.6 245.8 245.8 247.4 244.3 243.7 243.3 244.8 244.8 244.3 240.9 242.6 242.5 242.4 242
307.7 311.5 316.4 321.5 322.8 322.8 321.9 321.7 322.6 325.6 326.5 326.8 327.1 327.4 328 329.7 331.4 335.4 338.2 341.3 346.1 351.1 363.8 371.6 371.1 366.6 360.9 359.6 359.7 361 365 359.3 363.7 372.6 382 385.9 380.6 377.2 375 374.9 377.7 377 372.9 369.8 363.2 359.4 354.6 343.2 309.6 296 290.1 283 271 265.2 260.2 255.6 251.6 248.2 247.4 246.7 246.6 246.2 245.8 245.4 245.6 246.9 247.9 245.6 244.2 244.2 244.5 244.5 244.4 242.6 242.3 242.4 242.2 241.6
309.8 312 315.6 319.2 320.9 323 323 322.3 321.6 322.3 325.1 326 326 326.4 327.2 328.6 330.8 334.8 336.6 339 342.4 352.2 359.9 366.5 372.4 369.2 364.3 363.9 364.9 368.2 372.8 373.3 381.6 384.8 391.9 396.8 392.7 385.7 391.4 386.7 380.6 382.9 384.5 381.9 372.3 371.6 367.4 350.2 318.4 299.2 291.9 285.2 275.3 265 259.2 255.6 251.8 249.8 248.4 246.8 246.5 246.3 246.1 245.9 245.5 246.2 246 245.9 246.3 243.7 242.9 242.7 243.9 242.9 243.1 240.9 241.7 241.5
314.2 313.7 315.4 317.1 319 321.1 323.3 323.3 321.3 320.5 320.7 323 324.8 325.5 326.3 329.1 332.4 335.4 336.8 339.1 345.3 349.8 355.5 360.2 364.9 365.8 367.5 367.2 368.5 374.1 377.7 387.1 396.7 397.5 396.3 407.4 407.8 398.5 404.5 402 392.6 390.4 389 389 385.3 382.5 374.6 358.2 330.9 307.9 295.4 286.4 278.2 267.4 258.9 255.1 251.6 250 248.7 247.4 247 246.8 246.6 246.4 246 245.5 246 247 246.8 244.9 244.9 242.5 242.1 241.4 243.7 243.7 241 240
331.1 319.5 318.2 317.9 317.4 319.3 321.1 322.3 321.4 319.9 320 320.2 321.9 323.2 325.8 328.7 331.6 336 337.8 340.9 344.3 351.3 354.9 359.2 362.6 366.1 365.9 370.2 374 377.4 382.3 398.2 409.5 412.5 414.1 405.9 413.3 410.2 413 411.6 405.9 394.4 382.6 379.6 384.7 384.1 379.6 364.7 343.3 318.5 299.4 291.5 287.6 270.5 260.5 255.7 253.2 250.7 249.3 248 247.5 247.3 247.1 246.9 246.4 245.8 245.5 247.4 247.2 245.6 245.3 242.3 241.1 240.7 241.5 242.7 244.2 242.3
