Assets/StreamingAssets/GeoData/Data/no/NO17.asc
ncols 200
nrows 200
xllcorner 310000
yllcorner 770000
cellsize 50
[rows 105 to 139 of 200, columns 0 to 77 of 200]
726.7 724.9 721.9 719.9 720.1 724 731.8 741 750.8 760.7 773.3 788.2 799.2 811.8 822.3 835.3 845.5 852.7 855.5 854.1 848 839.6 823.3 817.2 804 781.3 767.2 740.2 720.1 711.8 702.9 675.2 651.9 638.5 623.8 604.5 589.4 577.4 562.9 546.6 535.4 524.3 517.3 505.8 505.8 501.4 499.6 498.3 501.2 513.5 516.5 514.3 502.9 491.5 480.4 468.2 455.7 440.3 428.8 418.6 407.7 406.8 407.3 407.9 408.6 420.5 432.3 452.6 476.8 501.8 531.9 568.1 596.8 622 647.6 673.8 697.5 713.7
721.3 718 716.5 714.6 716.1 720.4 727.5 735.8 746.9 759.3 773.1 786.9 800 811.1 820.9 832.1 843.7 848.4 850.8 847.7 841.3 828.3 817.6 803.9 785.6 764.4 744.8 726.9 715 707.3 690.4 666.7 647.9 636.7 622.6 599.7 583.4 573.4 562.5 548.2 536.9 526.5 518.6 509.6 499.9 493.7 497.1 492.6 501 507.3 509.8 506.2 495.5 486.3 476.7 464.2 450.7 433.7 421.8 411.3 406.3 405 406.5 406.8 408.4 428 445.3 463.5 484 515.4 547 576.9 598.5 621.5 648.6 668.6 684.5 702.5
716 712.6 711.3 709.8 712.7 717.6 725.5 730.7 742.6 756.9 770 784.4 798.2 808.8 819.5 830 838.3 843.8 844.3 840.2 832.6 820.4 807.5 793.6 772.1 752.4 731.8 719.3 710.6 697.6 678.2 660.1 646.1 632.6 618.1 600 582.8 571.4 560.5 549.5 538 528.7 519.6 512.7 507.7 497.2 494.5 480.5 492.1 499.5 504.2 498.4 491.1 483.4 474.3 461.6 443.2 428.3 416.6 408 404.9 404.9 405 406.3 415.1 435.5 452.3 471.1 494 516.3 555.8 574.4 598 619.9 643 657.3 673.3 695.4
709.8 707.9 705.4 702.2 708.1 714.8 721.8 729.3 738.3 752 765.1 781.6 793.4 804.5 815.8 825.4 832.4 837.1 837.1 833.9 825.1 811.7 797.3 780.4 760.6 743.1 723.9 711.1 700.4 685.3 669.3 654.9 640.4 629.7 616 598.5 580.2 569 558.1 550.1 538.9 529.6 519.9 512.8 507.5 499.1 484.1 475.5 488.4 499.3 499.2 492 485.3 477.7 467.8 452.8 434.3 425.9 413.4 406.2 403.3 402.6 404.2 406.4 423 439.7 459 477.6 494.8 517.3 549.9 570.8 595 613.9 633.5 648.4 660.8 688.3
704.7 702.8 700 695.3 703.8 708.7 716.8 721.9 734.2 746.5 758.7 772.8 786.8 796.9 806.6 817.1 825.5 829.6 830.3 826.5 818.5 804.9 787.4 771.1 752 736 720.5 702.9 691.4 677.9 662.7 648.6 638.7 626.8 614.9 595.9 579.1 566.4 554.8 543.7 537.2 529.6 519.4 511.9 505.8 499.1 487.1 479.1 486.1 491.5 493.3 487.1 481.4 471.9 460 442.1 430.4 421.3 408.7 402.7 402.3 402.3 404.5 413.9 431.6 448.2 465.5 482.2 501.3 522.6 551.5 571.8 589.6 606 623.6 635.3 644.2 668
699 697.5 694.7 689.7 699.2 705.1 710.9 719.1 726.6 741.9 753.3 765.4 776.3 787.3 797.6 809.5 817 822.4 823.1 819.1 809.5 796.1 781.7 764 743.1 730.6 713.5 698 688.3 673.7 660 647.1 634.9 622 607.6 593.9 579.1 566.2 553.5 543.6 534.7 527.1 519 510.5 503.6 497 485.9 470.3 480.3 486.7 488 481.9 473.8 462.8 450.9 434.3 427.2 416.6 405.5 401.2 401.1 402.5 407.5 418.2 437.2 453.7 468.8 484.8 509.1 531.7 551.1 569.7 584.2 598.1 612.3 623.5 635.2 647
694.4 692.8 690.3 685.3 694.4 700.2 707 715.6 722 732.6 743.9 758.1 768.6 780.6 790.9 800.9 808.2 813 814.6 810.5 800.1 786 772.5 754 735.5 720.8 705.1 696 685 670.1 656.5 642.7 631.8 614.3 601.3 590.6 578.8 566.4 553.6 543.9 534.4 523.6 515.6 508.8 501.2 493.8 484.6 472.3 464.5 480.7 481.2 472.8 463.3 454.3 441.4 426.3 421.5 407 401.1 400.1 400.8 405.1 413.2 425.3 441.8 457.5 472.2 490.5 513.5 533 544.1 567.1 579.9 594.5 605.6 616.5 628.4 636.7
688.9 688.2 685 682.2 690.5 694.5 702.6 710 719.2 730.3 740 750.7 760.9 774.2 783.8 793.7 802 804.9 804.4 801.1 790 777.3 762.1 746.6 727.6 714.2 703.1 692.6 680.5 665.4 650.3 636.9 623.6 609.3 599.5 590 580.2 569 557.7 546.4 536.8 524 514.8 505.4 498.6 492.1 482.7 468.8 463.4 476 469.7 462.5 454.7 446.2 430.5 420 415.2 404.5 399.6 399.5 399.5 404 418.5 433 444.7 458.7 474.8 495.1 512.3 527.5 552.5 568.3 578.4 589.9 601.2 612.9 622 631.9
681.7 681.1 679.1 677.5 686.4 691.3 696.9 706.4 712.9 727 735.1 746.8 757.6 768.5 780.3 789.7 797.2 799.5 797.4 791.9 780.7 768 754.5 734.5 718.6 707 697.1 687.7 673.7 657.1 645.9 630.7 617.5 608.2 597.8 589.7 580.9 571.4 560.8 551.7 540.3 529 517.4 507.6 499.6 487.5 476.7 467.3 449.9 463.4 459.2 452.8 446.3 437.1 423.4 417.2 411.5 401.6 398.3 398.4 398.8 403.7 423.1 439.4 456 471.1 486.4 500.3 515.4 532.6 552 566.8 579.4 590.5 601.6 611.6 620.9 631.1
676.9 674.3 672.2 670.9 679.3 687.3 693.4 701.7 711.5 724 733.8 744.5 753.7 763.4 777.2 786.5 792.6 793.5 789.7 781.8 773.7 758.8 742.4 726.7 711.6 703.3 692.7 680.1 665 648.6 637.3 622.3 612.2 603.4 595.1 587.3 579.6 571.2 563.3 552.5 541.3 529.4 519.6 510.2 502.6 492.8 483 470 449.4 457.5 452.9 446.7 438 430.8 420.4 415.6 407.8 397.4 397.2 397.7 399.7 409.2 423.7 442 462.4 477.7 491.8 504.1 519.5 538.2 556.7 570.3 581.8 592.8 603.7 612.6 622.3 632.7
670.1 668.7 666.8 666.9 674.6 682.7 690.7 699.3 707.8 720.6 730 742 751.8 763.4 775.8 784.8 789.2 787.7 783.1 774.7 763.3 750.1 733.1 720.5 709.3 697.4 686.3 671.4 658.1 643.7 631.7 619.7 607.9 598.4 592.2 585.1 580 572.9 562.1 551.3 542.5 531.5 521.2 512.4 502.9 492.7 482 471.3 450.3 437.9 445.8 440.3 432 425.7 415.5 412 400 396.3 396.3 396.9 401.4 414.1 431.9 450.8 468.2 484.6 497.2 509.4 527.7 548.5 564.9 575.6 585.4 595.8 605.5 616.6 627.1 636.1
663.3 662.5 659.3 662.9 671 678.8 687.8 697.1 705.4 717.4 727.9 740.8 751.9 763.3 773.8 782.4 785.9 783.1 777.8 769.2 756.2 743.3 728.8 716.6 703.5 689.3 678.6 664.5 651.6 638.3 628.5 618.8 606.1 595.7 588.8 585.1 580.9 573.8 562.7 552.7 543.4 533.5 522.9 512.9 503.6 492.9 482.2 470.7 451.6 430.3 438.5 433.4 424.9 418.4 406.8 403.8 397.5 395.8 395.8 396.1 402.9 418 437.9 457 472.9 487.4 501.7 516.4 537.7 558.6 570.3 582 591.5 602.6 615 623.9 630.3 640.1
656.6 656.9 650.2 660.6 668.2 676.1 685.3 694.9 704.5 715.4 726.7 739.2 751.2 762.2 771.4 778.3 779.3 777.7 772.3 763.8 750.6 738.1 725.6 712.8 698.7 686.1 672.1 657.7 640.3 629.9 622.1 612.4 601.8 592 587.9 581.1 578.1 571.3 561.7 553.8 545.9 537.7 527 516.9 504.3 492.4 481.1 470.1 452.6 433.5 425.8 426.4 419.8 414.4 403.1 397.1 394.9 394.9 394.5 394.7 409.9 423.3 441.6 460.8 477.6 492.2 505.2 528.7 547.8 564.8 578.9 589.9 599.1 610.8 619.7 624.4 631.6 640.1
648.4 650.5 643.4 657.7 665.1 672.5 682.3 692.4 702.7 712.8 726.4 738.6 749.5 759.4 766.6 771.6 772.5 770.8 767.8 760.4 750.9 738.1 724.2 714 696.6 683.4 669.1 653.8 640.5 626.9 614.4 605.6 596.3 589.9 584 580.3 577.8 571 563.2 555.5 547.8 538.6 526.3 516 504.7 491.7 482.3 468.7 450.3 434.4 417.8 421.7 418.3 411.8 402.6 398.9 394.3 393.9 393.8 398.6 412.9 427 449.6 468.2 483 497.3 518 535.2 552.4 573.3 586.9 594.5 601.2 614.1 615.8 620.6 625.7 633.6
647.3 642.6 640.6 654.7 661.7 667.8 679.9 689.2 700.5 712.6 724 735.4 744.2 752.1 758.6 762.7 765.9 766.4 764.2 758.4 750.6 738.9 725.9 713.9 696.2 678.9 664.3 650.7 637.8 624.6 611.6 601.6 592.4 587.8 582.4 578.9 575.2 569.3 561.5 554.6 547.6 536.9 525.9 515.5 504.1 493.4 482.2 466.8 450.2 432.2 414.1 418.9 416.8 414.5 401.1 393.2 392.9 392.9 392.5 400.9 416.5 435.2 454.7 472.8 487.9 504.9 528.5 542.9 560.7 581.3 589.3 595.1 600.5 606.9 609.4 618.6 622.9 629
641.8 636.4 641 650.7 659.1 666.8 679.1 687.6 698 709.1 719.5 729 736.4 743.4 749.6 754.4 758.4 761.5 761.1 757.6 750.8 740.2 726.1 712 692.5 672.5 658.7 644.8 635.4 620.1 608.6 598.1 590.7 583.5 579.8 574.9 572 568.3 562.3 554.5 545.6 535.3 525.2 515.1 504.3 491.3 481.3 464 445.9 426.9 414.7 410.3 415.5 410.3 400.1 392 392.1 392.4 391.9 406.7 419.3 440.5 461 477.7 495.2 515 534.7 546.5 568.9 579.8 583.8 588.3 592.2 598.3 603.9 610.7 615.9 623.7
637.4 626.9 640 649.2 657.9 666.4 677.7 685.1 692.6 702.1 711.5 720.9 729.5 737.5 743 748.2 752.3 756.2 758.3 756.8 749.9 739.2 724 708.2 686.4 668.2 655.2 640.9 629.4 615.5 605.6 595.1 587.5 580.1 575.8 571.8 569.4 563.4 558.7 551.7 543 533.6 521.9 515.8 503.6 492 478.7 464 442 425.5 412.1 407.7 412.9 407.9 398.4 391.2 391.3 391.2 392.1 408.5 425.7 447.6 466.8 485 505.7 523.6 537.7 551.5 564.8 570.7 576.4 579.8 584.8 591.4 598.1 604.1 613.5 625.7
634.6 625 638.4 646.2 655.1 665.1 676 681.7 686.5 694.5 705.1 714.6 723.2 732 736.6 741.8 746.7 751.5 754.2 753.7 746.7 736.5 721.3 705.2 682.7 664.8 649.8 634.9 623.8 611.4 604.1 595 584 579.4 573.9 570.1 565.3 561.1 557.1 550.4 543.5 533.2 524.8 516.9 504.8 491.6 475.5 460.3 439.7 419 409.1 402.3 411 400.7 393.7 391.9 390.7 390.6 398.5 413.4 431.5 454 475.5 495.3 516.5 530.5 539.6 550.4 559.1 562.6 567.4 572.3 577 582.8 594.5 604.4 614 627.3
632.4 617.1 633.8 642 652.4 664.2 670.9 676.7 681.1 689.7 697.4 706.8 715.2 721.3 731.5 736.3 741.9 747.3 751.5 752.6 746.6 736.2 722.3 704.2 681.2 661 646.6 634.7 621.4 608.2 600.2 591.4 582.8 576.4 572.5 569.3 565.8 561.6 556.2 551.6 543.9 533.3 525.8 517.5 507 489.7 471.4 454.4 433.6 416.2 411.7 405.4 399.3 397.5 394.3 392.3 391 390.4 403.9 413.9 435.1 462.4 486.9 506.8 522.7 532.7 542 547.1 551.2 554.3 557.5 565.1 576.3 585.2 594.6 604.9 615.5 630.4
631.4 613.5 627.3 637.2 647.9 657.9 664.2 668.3 672.5 680.7 691.1 697.5 708.8 716.8 724.7 731.4 737.5 744 750 752.1 749 739.4 724.5 702.5 677.8 658.7 643 631.6 620.5 606.2 598 590.1 580 573.6 570.3 568.6 565.8 561.8 556.1 551.8 544.5 535.6 526.6 518.7 508.6 493.7 470.7 451.1 429.7 411.7 410 409.9 398 397.2 393.6 391.5 389.4 390.5 402.8 416.9 441.9 474.3 500.6 520.2 529.5 538.2 542.5 544.7 545.8 549.8 558.5 566.9 575.9 585.7 595.1 608 622.5 638.8
625 611.5 620.6 632 641.9 651.8 657.5 660.7 667.2 674.1 682 689.6 701.2 712.9 719.3 728.6 736.6 742.7 750.4 753.6 751.7 742.8 725.5 704.2 677.6 656.9 641.9 628 617.4 604.1 596.2 588.6 579.6 572.9 568.9 566.6 565.3 562.5 558.8 552.9 545.9 537.7 528.3 519.9 509.7 490.8 466.6 443.6 424.8 410.6 408.5 408.4 401 393 392.1 390.7 388.7 389.7 407.7 420.9 447.9 486.2 511 531.7 535 541.6 542.5 540.6 542.2 548.2 556.7 566.3 576.4 585.6 596.9 613.7 628.3 645.2
626.9 612.4 612.9 625 635.2 644.4 650.2 654.1 660.3 667.2 671.4 685.3 697.7 707.9 717.7 726.8 735.8 744.7 751.4 754.5 753 742.5 724.9 705 677.2 654.2 640.3 626.8 614.9 603.1 594.2 587.1 580.3 574 567.9 565 565.7 563.9 560.2 554.4 547.9 540.3 531.5 523.9 513.6 489.5 464 437 421.5 408.7 406.5 404.5 395 390.5 390.2 389.5 388.2 392.5 408 427.7 461.3 494.7 522.6 538.2 538 544.7 540.4 535.6 538.6 547.3 557.2 567 576.6 586.3 601.6 615.9 632.7 652.6
626.4 612.5 600.8 616.8 625.8 634 641.3 644 648.2 656.1 669.5 680.6 694 707.3 718 727.9 739 747.2 752.7 756.1 751 736 719.4 694 673.2 654 639.8 627.7 615.1 604 594 586.6 579.1 571.1 565.4 564.3 565 566.3 564.1 557.6 551.5 544.5 536.7 529.4 513.8 483.9 457.6 432.6 416.7 406.8 399.5 397.1 391 388.3 388 387.7 387.4 405.9 413.4 430.7 471.3 501.1 530.9 539.3 536 540.6 536.8 530.3 537.4 548.3 557.5 567.4 577.3 589.3 603.6 619.1 636.3 663
622.6 612.1 596.7 609 618.2 624.8 631.5 636.1 634.8 650.3 663.7 677.3 690 706.4 720 732.1 743 751.6 756.2 755.8 746.3 727.7 706.9 685.5 665.6 651.1 637.7 625.2 614.8 603.4 595 583.1 574.5 567.8 563.2 562.5 564.8 568.7 571.1 565.7 558.7 553.8 543.6 527.6 507.6 470.2 444.1 423.5 412 404.9 397.3 392.1 386.5 386.3 386.4 386.3 392 406.7 417.4 434.9 465.8 496.4 533.5 538 529.9 529.1 529.7 525.8 537.4 548 558.8 569.4 579.8 590.8 607.2 622.1 642.9 672.9
621.6 607.7 595.6 599.9 610.8 616.2 622.1 627.6 632.5 645.5 659.6 671.3 686.8 706.1 721.8 736.2 747.1 754.9 756.6 750.9 741.6 721.5 701.3 681.4 657.3 642.8 632.1 622.1 610.3 598.8 587.4 578.4 571.3 563.7 558.8 559.9 561 564.2 572 567.2 553.1 544.3 528.5 524.2 485.3 455.7 431.2 415.8 406.2 400.5 392.5 386.8 384.7 385.4 385.3 386.1 397.8 408.9 422.4 442.2 469.9 503.9 530.1 534.1 520.6 518.7 516.8 527.6 538.9 549.7 560.1 570.3 582 596 610.4 629.7 654.6 681.5
617.5 603.1 593 593.6 603.3 607.7 612.8 618 625.8 636.9 654.7 667.1 684.1 702.7 723.3 736.9 747.4 754.5 753.4 746.1 734.4 717.6 697.2 674.6 654.9 641.5 629.7 618.6 606.7 595.3 583.5 573.6 565 556.6 550.9 547 547.6 550 558 536.1 516 499.5 491.9 486.3 460.8 442 419.2 408.4 402.7 391.6 387.6 383.7 384 385 385.5 392.5 401 406.1 421.4 443.1 478 502.3 514.5 512.4 510.6 508.5 519.1 528.7 539.4 551.1 562.8 574.9 587.8 601.2 617.7 634.4 662.3 686.8
619.2 604.1 591.2 587.1 594.6 600.2 603.3 614.4 621.1 631.2 647.1 660.1 679.2 699.2 721.2 734.7 745.1 751.1 750.3 740.5 729.5 712.6 693.9 671.8 650.3 637.6 627 616 602.3 591.2 579.4 568.2 557.2 548.3 540.7 535.9 536.4 525.7 514.6 499.6 487.8 470.5 466.2 458.6 443 422.6 413 401.3 394 390.3 382.8 383.4 385.2 387.5 390.6 394.3 403.9 411.3 423.4 440.8 473.9 491.2 501.2 502.2 503.3 510.6 518.4 528.7 540.6 554.5 566.7 579.4 594 609 626.4 650.1 671.8 692.6
618.7 609.5 592.1 576.6 584.6 590.9 601.5 609.6 620.2 627.1 640.7 653.2 672.3 694.2 716.6 730.9 740.7 746.5 746.4 739.4 728.5 712.8 693.4 669.3 649.6 635 623.2 609.5 597.4 586.3 574.5 561.3 550.4 536.6 526.7 513.3 511.1 501.9 493.5 486.3 471.8 456 449.5 435.1 423.3 415.5 404.8 397.1 390.1 387.8 381.6 382.7 384.1 388.4 393.5 398.6 401.5 413.8 425.1 439.6 460.6 474.8 490.1 496.6 503.3 509.5 517.6 528 542.6 556.4 570.6 584.3 601.6 617.7 635.8 662.1 683.3 701.9
618.9 610.4 596.3 578.5 577.1 589.7 599.3 607 613.7 624.9 638.7 650.6 665.9 687.6 709.2 724.6 735 740.6 742.2 737 726.1 713.7 694.7 669.1 647.3 631 618.4 604.5 591 578.2 567.2 555 540.8 526.5 513.6 500.1 493.1 488.3 485 475.6 460.2 446.1 433.6 421.5 415.9 410.2 398.4 393.3 387 382.8 380.4 382.4 381.8 387.5 395.5 400.8 408.4 417.2 423.7 437.7 454.3 474.9 485.2 497.5 502.1 508.4 517.8 528.7 543.6 558.3 573.2 589.8 606.2 623.3 645.1 672.4 693.1 711.3
615.2 609.8 600 582.1 569.7 584.2 595.5 603.6 611.8 620.7 633.2 645.6 660.2 679.2 699.3 717.1 728 734.9 736.1 734.9 726 712.3 695.2 669.8 645.8 626.2 612.8 597.8 583.5 570.2 558.8 542.9 530 519.1 501.7 483.9 478.2 476.7 470.9 465.6 454.3 437.5 422.9 414.6 414.9 399.1 395.5 387.1 385.1 380.5 380.8 381.7 381.7 390.1 398.6 400.2 409.5 420.3 430.3 439.6 457.5 478 485.8 493.3 500.6 507.8 517.8 529.3 545.3 560.3 576.6 593.5 610.5 628.8 653.9 679.8 701.7 720
611.6 606.8 598.7 585.1 565.8 577.7 592.3 600.2 608.3 614.4 623.1 637.4 650.2 665.8 687.3 707.3 719.5 728.9 733.1 732.4 723.3 710.3 694 669.8 646 623.8 607.6 592.8 574.9 561.9 547.2 533.2 521.8 507 485 471.5 464.8 465.6 459.3 451.3 443.4 426 414.9 411.4 407 394.1 388.9 385.4 380 379.9 379.5 384.1 389.1 389.9 397.6 400.5 414.2 421.2 426.2 443.2 463.4 483.2 485 491.7 498.2 506.7 517.5 531.6 545.9 562.4 578.7 597 613.9 633.1 660.3 686.5 707.1 725.1
599.5 599.1 594.5 587.5 563.8 571.3 590.3 599.3 605.9 610.7 617 627.2 637.7 653.2 675.1 697 713 723.7 729.6 729 720.4 708.4 693.9 671.1 644.8 623.2 604.4 584.7 565.8 552.8 535.7 525.4 510.5 487.4 469.6 455.4 455.2 450.3 447.3 434.6 422.2 412.5 410.2 402.4 398.8 387.4 389.5 380.6 378.8 377.8 380.9 384.6 387.9 391.6 398.9 407.8 418.8 419 431.9 450.7 461.4 479.8 482.8 488 496.9 506.4 519.4 531.7 547.8 562.5 580.6 597.4 614.5 638.2 665.9 691.7 711.6 728.5
589.4 587.1 584.7 578.7 567 567.9 586.8 595.9 602.1 607.2 612.7 617.3 625 642.5 662.9 685.1 705.9 719 726.6 726.9 720.5 707.8 691.7 668 645.5 619.7 599.1 578.5 560.8 545.6 527.7 513.9 499.4 476 457.4 444.5 443.1 446.6 437 423.8 411.4 408.5 405 396.9 392.2 387.1 386.4 377.6 378.4 378.7 382.1 384.8 389 395.3 401.8 407.8 413.2 423.9 437.8 448.7 459.7 474.2 481.6 489.6 498.4 508.3 519.6 533.3 547.4 563.5 581 598.1 617.9 643.1 670.9 696.2 714.8 735.5
574.1 570.1 564.8 561.2 551.7 564.7 581.6 591.9 598.6 603.3 607.2 607 616.1 629.4 650.8 673 696.6 712.4 722.8 725.3 719.9 707.7 687.4 665 644 616.8 592.6 572 552.1 532.1 516.2 506 481.3 463.9 448.2 436 435.5 440.1 426 409 407.5 400.4 393 392.7 387.8 387.1 378.2 377 377.9 378.3 384.6 387.2 390 394.9 406.7 415.6 420.6 429.5 442.4 452.6 473.4 480.9 483.2 490.6 499.8 509.6 520.8 532.5 547.6 563.4 580.9 597.3 620.3 647.5 677 699.7 717.3 737.5
560.4 555.1 545.6 554.1 563.3 572.4 579.6 589.4 595.6 600.6 603.1 602 608.7 620.2 640.5 663.9 685.8 703.1 717.3 721.8 717.6 705.2 685.5 663.2 637 612.2 586.9 562.7 544.2 526.2 507.6 487.7 474.2 453.7 440.1 428.8 425.2 419.8 409.2 406.9 393.3 390 383.4 382.7 385.9 386.8 375.9 376.8 377.5 384 391.8 389.2 394.8 403 414.4 423.8 430 432.3 451.5 459.5 471.6 483.3 484.3 493.1 500.1 512.6 521.2 533.7 547.8 564 580 597.3 622.8 652.7 683.7 703.7 717.4 735.1
