Assets/StreamingAssets/GeoData/Data/no/NO19.asc
ncols 200
nrows 200
xllcorner 310000
yllcorner 790000
cellsize 50
[rows 140 to 174 of 200, columns 0 to 77 of 200]
500.3 504.6 504.2 504.2 506.2 508.5 508.5 506.4 502.6 503.2 502.8 491 495.6 480.7 481.1 487.3 488.1 493.2 486.7 496.4 511.1 518.4 525.7 531.9 537.9 545.4 553.7 563.5 571.8 578.6 586.6 598 606.7 614.6 623.2 627 628.5 627.6 629.3 632.3 634.5 638.8 643 646 654.8 663.7 672.5 678.7 674.4 672.7 669.6 664.6 654.7 639.5 622.8 613 603.6 596.4 587 577.6 575.7 576 575 572.1 569.1 566.6 564.9 564.6 562.4 560.4 557.4 555.7 554.1 556.4 557.3 559 570.6 578
498.7 501.2 501.6 501.5 502.6 505.4 505 503.2 499.6 498.1 497.4 494.1 486.1 484.1 472.3 484.1 482.8 478.3 476.3 497.2 507.3 515 521.4 525.8 530.4 536.7 548.7 558.6 564.9 572.3 582.8 591 599 607 612 614.4 617.1 617.4 617.7 619.7 623.5 626.8 631.8 638.6 645.8 653.4 660.3 666 668.6 668.3 665 659.4 645 631.1 613.9 601.4 594 586.8 578.4 569.1 567.4 566.4 564.7 562.4 559.6 558.2 556.7 555.2 553.5 550.1 547.4 543.1 541.2 544.6 548.9 555.2 563.1 571.6
495.9 499.9 500.5 498.9 501.5 502.5 499.6 497.7 496.3 493 491.5 488.7 485.3 478.8 469.8 472.4 477.6 467.9 480.9 492.8 503.3 511.2 518.1 519.8 525 531.5 540.8 550.4 559.4 567.2 575.2 583 589.5 595.5 599.3 602.8 605.4 607.7 608.8 611.2 613.6 618.9 624.7 631.9 637 644.7 651.9 657.9 661.7 662.9 659.3 648.5 634.7 618.7 604.3 593 583.7 575.4 566.5 560.2 553.8 555.3 554.8 551.7 549.8 547.2 546 545.3 543.6 542.2 539.8 536.9 535.4 537 542.2 550.6 558.1 565
490.2 495.9 497.2 495 499.2 496.8 495.1 495.2 492.1 488.7 486.8 483.9 483.3 481 466.6 466 468.7 466.3 470.4 486.9 496 502.3 512.2 513.1 520.7 527.3 534.5 544.6 553.7 562.7 569 576.1 583.2 586.7 590.8 593.9 598.9 600.6 600.5 602.5 606.6 611.9 616.8 624.3 630.6 637.5 644.7 651.4 655.7 656.4 651.2 636.8 622.4 607.2 592.6 582.7 573 566.3 556.1 553.3 546.4 544.6 542.5 540.2 538.5 538 537.5 536 534.7 533.9 533.5 531.9 527.4 530.9 536.7 546.1 553.9 557.7
479.6 484.4 488.6 487.8 490.6 491.2 486.8 487.2 487.5 484.3 480.8 476.5 479.3 478.8 475.3 471.6 458.8 462.9 466.1 480.4 491.9 496.8 504.5 509.9 512.5 522.4 531.7 541.3 549.9 557.2 566.2 571.6 576.2 578.9 582.9 589.9 594.9 593.4 594.9 595.8 600.2 605.6 609.2 616.7 622.2 629.5 633.2 642.3 645.4 645.2 637.4 623.8 611.4 596.1 585.7 575.8 565.7 558.2 549.8 546.6 542.4 531.3 534.6 530 527.1 525.2 526.4 526.9 526.9 526.5 527.1 524.9 520.7 524.9 533.2 540.5 547.3 551.8
465.6 470.7 470.9 472.3 473.8 476.8 478.8 477.6 476.4 475.1 472.7 470 475.2 473.9 471.6 470.3 463.3 461.4 458.3 475.8 484 491.2 495.9 502.4 509.4 518.2 528.1 538.5 545.1 554.3 559.6 566 569.5 568.6 574.7 579.3 583.5 586.2 588.8 590.7 594.5 598.5 600.7 608.6 612.5 620.4 625.5 629.6 634 633.3 622 612.1 600.1 587.7 577.9 566.7 556.7 547.6 541.7 536.7 532.1 527.6 522.4 521.1 517.9 516.6 516.6 518.1 517.7 518.4 517.7 515.6 507.3 519.1 527.1 533.5 538.3 542.6
457.2 457.4 457.9 458.9 462.6 463.5 466.6 468.9 467.8 465.5 461.8 463.6 467.2 468.2 465.4 463.9 462.5 450.8 464.4 472.7 480.8 485 491 496.4 504 513.5 523.3 531.1 540.1 548.2 552.8 558.6 559 559.4 569.5 573.2 574.1 579.7 581.6 583.9 587.4 589.8 592.1 596.1 603.3 611.8 617.4 622 623.9 616.7 607.8 602.6 589.6 574.1 567.1 557.8 546.3 538.1 531.8 528.5 526 521.8 511.4 510.2 507.7 507.9 508.8 509.4 509.4 508.3 507.1 500.3 504.1 511 518.4 524.4 529 537.3
446.1 447 448.5 449.7 453.8 454.8 456.5 457.9 459.8 458.7 454 459.6 460.7 459.4 457.7 455.7 454.1 453.7 463.3 468.6 475.2 479.8 485.5 492.6 495.8 508 517.6 527 533.6 537.5 540.3 542.6 543.3 548.6 553.3 559.2 563.4 568.2 570.5 575.3 579.8 582.5 584.1 587.5 595.8 603.8 607 612.2 610.8 602.7 597.2 587.7 576 564.9 558.1 546.1 532.9 528.4 525.7 521.6 519 514.1 501.5 499.8 498.1 498.5 500 499.9 498.8 497.6 493.3 483.5 497.8 504.6 510.4 516.5 522.2 528.1
435.6 438.8 439.4 440.8 443.8 445.5 448.4 450.1 451.8 451.3 449.3 455.2 456 454.2 450.1 446.5 446.3 450 458.6 463.7 470.9 475.9 479.8 489 492.8 499.6 508.8 515.3 520.8 524.4 528.2 529.4 531.2 534.7 540.9 546.6 552.7 557.7 562.2 565.7 569.5 574.5 578.4 582.7 589.1 592.7 593.9 596 593.6 589.3 581.2 572.2 561.9 553.7 543 532.6 525.4 521.2 515.5 512.2 508.8 505.1 498.8 481.9 486.8 489 490.2 489.9 489.5 487 481.5 471.2 486.7 495.8 501.8 507.7 513.9 519.6
426.1 428.1 426.6 432.4 433.9 433.3 435.6 438.8 440.7 443.5 446.5 448.6 450.6 449.7 443 446.2 439.3 445 450.1 458.2 464.4 470 477.3 483.4 489.6 493.9 499.5 506.3 508.4 510 512.7 516.1 523.1 528.1 534.1 537.1 543.2 548.7 553.5 556.5 561.6 565.3 572.4 577.6 582.9 585.7 586.1 584.2 577.7 573 566 560.8 551.2 543.2 531.7 526 520.3 513 508.3 504.2 499.8 495.3 488.7 482.3 469.2 477 479.9 480.6 479.8 477.4 471.9 456.7 474.9 486 491.7 499.8 504.2 509.3
417.1 415.4 417.6 421.8 425.4 427.6 428.5 429.5 433.5 430.7 437.4 439 440.3 441.1 439.6 437.3 432.8 436.3 441.9 452 458.1 464.2 472.8 478.8 484.3 489.4 491.1 495.4 497.5 499.9 504.8 510.2 515 522 527.2 531.6 536.3 541 545.1 551.3 557.1 561.3 568.1 573.4 577.2 579.3 579.1 576.4 571.1 564 556.5 548.5 541.1 534.4 526.2 518.6 513.1 507.3 502.9 496.1 491 483.9 477.2 471.7 458.3 463.1 467.6 469.5 467.6 464.6 460 445 460.6 472.9 481.2 489.8 494.3 501.2
406.9 406.7 407.6 410.3 413.4 418.2 418.7 422.1 428.5 426.8 429.8 430.4 429.9 432.5 436 433.4 421.3 426.7 431.5 439.2 451.6 457.3 465.8 473 479.7 483.4 483.2 487.6 490.6 493.6 498.9 504.8 509.2 514.8 519.3 524 528.5 533.3 538.7 545 549 555.5 560.8 565.9 568.6 571.2 571.8 570.2 564.3 555.5 547.9 540.1 531.5 521.9 516.3 511 505.2 498.1 492.2 486.1 480.1 471.4 465.7 461 454.3 448 452.3 455.1 455.2 454 443.3 435.8 449.1 461.4 473.1 478.8 485.5 491.1
405.3 405.4 404.2 404 405.6 405.3 406.9 410.6 416.5 417.4 421.9 424.9 424 423.6 425.5 429 422.7 418 425.6 432.8 442.2 451.9 459 466.7 470.7 474.8 475.1 478.8 485.8 491.7 495 499.7 504.8 507.5 510.3 515.3 520.3 524.6 530 535.2 539.9 545.7 551.4 555 559 558.4 558.4 557.7 551.4 541.6 535.7 527.2 517.6 510 504.8 497.3 492.1 486.9 479.7 472 465.9 460.2 452.8 447.5 442.5 433.9 440 440.6 442 436.8 431.3 425.6 435.4 450.5 458.6 469.1 476.5 481.6
404.7 404.2 401.4 401.2 401.4 402.4 402.9 402.8 403.3 406.9 411.6 415 417.4 416.6 416.2 416.6 417.3 412.3 422 426.8 429.8 444.5 453.7 458.9 462.6 465.5 469.9 473.8 479.2 486.1 490.4 493.5 499.1 502.9 503.2 509 512.5 516.2 520.5 526.7 530.8 535.6 540.4 542.2 545.3 544.8 542.9 539.3 532.6 525.1 517.9 511.5 505.8 497.9 490.8 483.4 478.9 474.1 466.5 460.4 452.6 446.6 438.4 432.2 429.2 421.8 427.6 428.1 428.1 428 427.1 424.3 421.9 438.4 449.1 453.9 463.5 470.3
388.9 402.3 403.2 398.6 396 396.2 400.6 396.3 402.3 396.4 400.7 402.5 406.2 406.6 408 407.3 413.8 411.3 417.4 419.9 421.9 431.7 442.7 449.2 454.2 460 462.5 467.2 473.2 478.3 485.8 486.9 491 495.7 498.8 502.1 502.2 509.2 512.7 517.3 522.2 527.5 530.2 531.9 534.9 536.1 530.9 523 517.4 513.6 506 497.5 491.8 483.1 473.7 470 463.1 456 449.9 445.8 439.1 432 425.2 419.5 417.6 414.2 415 415.7 415.5 417 417.8 411.7 418.5 427 436.8 442.5 450 454.6
388.3 388.3 400.9 396.6 389.2 382.9 381.7 384.4 389 390.3 397.9 399.2 398.8 399.8 402.5 403.5 397.9 408 411.1 416.7 417.8 427 436.5 442.3 447 447.2 452.2 460.7 464.6 471.9 474.5 480.2 484.3 487.5 492.1 495.5 497.3 502.9 506.8 510.6 513.2 517.3 519.1 522.5 524.3 526.2 519.2 511.9 504.5 498.5 489.9 485.4 476.2 468 460.7 453.5 446.5 439 433.8 428.6 423.5 417 412.6 410.5 406.3 402.3 405.1 406.1 406 406.6 406.6 401.2 409.7 413.2 423.1 431.2 433.6 438.1
388.6 386.1 391.4 384.6 383.9 383.3 382.3 380.3 380.8 379.7 381.1 388.9 398.7 397.8 400.2 395.8 404.6 404.8 410.6 414.1 411.7 421.5 427.9 434.1 441.4 445.6 446.5 454.3 459.3 464.8 470.3 471 477 483.3 485.1 487.3 492.3 494.5 498.5 501.9 505.3 508.7 510.7 512.2 513.1 514.6 511.4 501.1 491.6 488 474.9 468.2 459.5 454.2 446 438.3 432.3 425.3 418.9 415.6 409.7 406.1 403.4 401.9 399.1 391.1 395 395.2 395.2 396.2 398 394.5 395.9 404.2 406.5 407.5 409.6 416.6
396.9 392.2 394.4 391.8 383.5 382.7 385.7 394.5 384.9 379.5 378.8 377.8 377.2 394.3 393.4 386.8 401.4 402.1 408.5 406.7 407.5 406.9 415.1 425.1 435.3 431.9 444.5 449.6 450.4 458.1 463.2 469.3 472.2 478.8 482.2 484.1 482.7 488.9 493.2 496.1 499.1 501.1 503.5 503.5 500.3 492.5 490 483.3 478.1 466.5 454.4 449.1 442.9 437.5 431.2 425.4 418.3 412.6 407 401.7 398.9 393 392.3 389.9 388.9 379.4 387.5 388.4 388 388.9 391 387.2 384.9 388.8 392.6 391.3 393.6 396.7
409.9 408 402.2 400.1 399.8 397.3 394.5 393.9 393.1 393.3 379.1 378.1 377.7 375.7 378.5 387.4 397.3 398.9 404.1 404.2 404.7 406.7 416.2 421.1 427.5 437.2 439.6 439.2 444.6 453.4 458.3 462.3 467.8 475.8 479.2 481.4 481.4 481.3 482.5 489.3 493.3 496.1 497.4 489.9 485.6 480.3 474.8 467.7 460.2 453.4 446.2 435 428.1 422.2 416.5 410.4 403.3 397.2 393.1 389 384.4 382.4 380.7 379.9 378.3 367.8 377.8 377.7 379 377.8 379.8 375 374.5 376.1 377.2 379.5 378.9 383.3
417.4 415 410.7 406.1 402.7 398.3 395.5 395 393.3 393.1 387.7 379.7 376.9 375.6 379 386.1 391.6 397.7 399.8 402.3 402.5 406 408.1 419.4 428.2 432.9 432.6 434.5 440.5 449.5 455.2 459.7 464.7 470 473.9 476.3 477.3 470.5 475.3 480 483.2 486.3 480.8 479.3 471.6 463 459.9 452.3 442.7 436.2 428.8 424 413.5 405.6 403 398.1 390.5 384.5 378.9 378 372.5 370.9 368 366.2 364.3 359.8 361.1 362.3 361.2 364.5 364.1 362.6 359.4 365.7 366 365.6 364.8 365.3
427.9 422.8 418.6 417 410.7 403.2 398.3 394.9 393.3 393.3 391.9 383.5 377.5 374.9 374.4 381.4 393.7 400.7 399.1 399.3 399.5 404.6 405.2 414.1 422.8 428.4 428.7 432.4 437.5 445.2 449.4 454.1 457.8 461.1 463.7 465.8 466.3 465.7 465.5 466.7 471.4 470.1 466.6 461.4 453.2 444.8 438.7 432.9 424.2 415 408.6 407.7 401.3 394.5 389.1 384.8 379.2 373 369.4 367 363.6 358.8 353.7 350.6 348.2 342.3 342.4 341.4 345.9 346.9 340.9 339.4 340.6 345.4 347.4 350.1 354.5 351.7
439.1 435 431.3 428.7 419.9 412.2 406.3 401 395.2 394.1 392.8 390.1 383.2 375.4 373.5 380.7 399.8 399.6 398.7 399.6 396.1 402.7 409.2 409.7 415.2 422.8 425.2 426.5 430.7 437.3 444 449.9 452.9 454.3 454.4 457.6 453.3 451.8 453.5 458.8 459.3 458.3 447.8 439.3 434.7 427.2 421.1 413.8 407.2 401.3 397.8 393.5 387.1 382.1 379.5 372.6 368.3 365 360.1 359.6 355.3 347.1 342.9 342.9 338.5 335.4 331.1 329.3 329.9 330.2 328.9 330.7 328.3 325 325 329.4 333.3 333.8
454.4 449.9 444.8 439.2 434.2 427.1 420.6 412.3 406.6 401.2 393.4 391.4 389.8 374.2 372.6 373.9 390.2 395 394.1 398 397 404.8 407.6 406.4 409.8 417.4 420.8 426.8 428.9 436.9 443.7 444.4 449.8 454.2 445.3 443.2 445.2 444 444.8 443.6 440.9 435.2 426.8 420.1 414.8 407.5 404.3 398.9 392.2 388.4 385.7 384.6 378.8 371.4 366.7 360.6 358.9 353.7 352.8 345 342.1 335.1 335.7 332.8 328.6 329.1 327 324.4 324 323.8 324 325.3 324.7 322.9 322.6 322.9 325.2 323.5
467.9 465 459.3 455.1 448.7 440.4 433.4 426.2 420.7 416.2 409 402.2 393.4 385.5 373.3 371.9 372.5 394.1 392.3 393.3 388.8 392.8 400.9 403.3 406.4 412.1 415.1 422.1 426.7 436.7 433.2 436.2 436.2 435.1 435 437.3 437 437.5 439.1 431.2 426 421 409.6 405.6 398.4 394.9 392.8 389.5 385 381 378.5 375 369.6 362.4 356.9 350.6 345.6 343.4 338.5 334.5 332.7 325.5 325.7 324.5 324.6 324.5 323.8 323.6 323.4 323.4 323.1 323 323 322.5 322.5 322.3 322.3 322.4
479.7 478.1 475.3 468.3 463.6 455.8 449.1 441.6 433.3 424.7 417.8 410.8 404 399.8 387.3 375.3 371.3 375.7 389.8 390 388.1 393.5 398.5 400.9 403.2 406.2 408.2 415.4 419.6 420.7 421.6 423.2 423.2 426.4 425.4 424.3 424.6 423.6 421.3 414 406.6 403 401 396.9 392.4 389.7 387.4 382.6 378.6 376.7 372.7 364.4 359.7 356 352.9 344.7 335.1 332.7 325.7 323.6 323.2 323.4 323.8 323.3 323.2 322.8 322.7 323.2 323.1 322.9 323 322.7 322.6 322.6 322.6 322.5 322.4 322.5
490.8 488.5 485.9 480.8 476.1 471.6 464.2 456 444.5 434.2 422.2 414.8 408.8 406.2 409.7 393.5 379.3 370.8 375.4 386.3 385.7 386.8 396.8 402.5 401.2 402.8 402 410.8 406.5 407.6 411.9 412.9 413 409.6 412.4 407.4 409.2 407.4 402.9 396.9 391.3 392.4 390 387.1 384.3 383.6 382.1 377.7 372.9 368.4 362 356.5 349.7 349.6 340 332.2 324.2 323.7 323.7 323.4 323.4 323.6 322.8 323.2 323.2 323.1 323.2 323.2 323.2 323 322.7 322.9 322.9 322.8 322.7 322.6 322.6 322.7
506.1 503.7 504.1 502 494.9 487.6 479.6 470.4 457.9 446.5 433.5 424.6 416.1 413.5 410.5 409.1 395.5 377 367.2 373 382.7 382.5 385.8 396.9 398.9 397.1 395.8 399.7 396.6 399.1 400.9 404.8 403.5 401.2 397.6 396.8 397.2 396.6 393.1 387.3 383.4 384.3 380.5 377.8 377.4 375.7 372 365.9 359.3 355.3 350.4 347.4 340.2 333.6 329.6 323.7 323.8 323.8 323.8 323.3 323.7 323.6 323.5 323.4 323.3 323.1 323.1 323.1 323.1 322.9 322.9 322.9 322.8 322.7 322.7 322.7 322.7 322.8
520.7 522.8 525.1 527.3 526.2 520.9 515.2 491.7 478.7 462.3 446.9 436.8 424.5 417.5 412 410.1 407 399.8 383.8 369.3 365.5 365.8 371.7 383.7 394.6 395.3 392.2 389.7 389.8 391.5 393.7 395.5 396.7 396 392.5 390.3 389 387.7 383.3 379.1 376.5 375.1 371.4 369.8 368.6 368.2 363.8 354.3 349.7 345 342 337.6 331 325.4 324.2 323.9 323.8 323.9 323.8 323.3 323.7 323.7 323.6 323.5 323.5 323.3 323.2 323.2 323.1 323.1 323 322.9 322.8 322.7 322.8 322.8 322.8 323
537.6 542.2 545.9 549.7 558.7 560.1 549.6 522.9 507.9 486.1 461.8 446.8 434.7 424.1 416.1 410.6 406.7 406 401.5 389.8 374 368.9 361.2 360.8 378.5 390.7 389.7 385.9 383.7 386.5 391.2 392.3 389.5 390.7 389.2 383.9 381.9 378.7 375.3 371.1 370.2 367.7 362.2 359.2 359.6 357.4 349.4 344.6 338.4 335.3 329.4 324.6 324.3 324.1 324 323.8 323.8 323.8 323.6 324 323.5 324 323.7 323.6 323.3 323.4 323.3 323.2 323.2 323.1 323.1 323 322.9 322.8 322.8 322.9 322.9 322.9
556.5 560.4 564.3 577.3 586.1 591.6 589.9 564.7 548.9 535.6 484.2 457.1 441.8 427.9 419.6 413.3 406.5 399.4 394.5 393.1 391.1 380.2 371.1 363.4 366 377.8 388.1 387.9 380.7 381.1 383.6 381.5 382 382.3 380.2 377.7 376.2 373.3 370.2 364.7 362.4 357.8 353.9 347.7 345.7 342.8 340.6 333 329.4 325 324.8 324.7 324.5 324 323.7 323.8 323.9 323.8 323.7 324.3 323.8 324.2 323.8 323.5 323.7 323.5 323.4 323.3 323.2 323.2 323.2 323 322.9 322.9 322.9 322.9 322.9 323.1
572.1 577.5 587.3 597.3 607 612.9 614.8 612.6 606.8 568.1 510.3 483 452 436.3 424.7 417.6 411.5 403.8 398.9 399.4 396.8 389 379.1 368.1 354.4 360.7 362.5 364.9 374.7 372.8 374.3 372.5 373.7 374.9 372.2 368.2 367.4 365.6 363.1 359 353.8 346.6 341.7 337 335.9 334.3 329.9 327.3 325.9 325.2 325.3 324.9 324.6 324.1 323.6 323.8 324.1 324.2 324.8 324.5 323.3 324.1 323.9 323.8 323.8 323.6 323.5 323.4 323.3 323.3 323.2 323.2 323.1 323 323 323 322.9 323.1
595.6 603 609.6 616.1 624.4 627.8 627.3 625 623.1 602 540.3 505.3 463.8 447.3 432.4 421.5 415.5 408.6 403.5 406.8 401.7 397.8 386.1 376.7 372 365.2 352.4 354.8 364.1 366.5 365.7 365.5 366.4 365.6 362.7 359.9 357.7 356.9 353.2 349.4 343.3 338.7 334.1 330.5 327.6 327.6 326.8 326.4 326 325.7 325.3 324.8 324.7 324.4 323.9 325.3 324.8 324.3 324.5 324.4 323.6 324.6 324.2 323.9 323.7 323.7 323.7 323.5 323.3 323.3 323.3 323.2 323.2 323.2 323.1 323 323.9 321.9
625.1 631.1 635 638.2 640.7 641.4 640.9 638.1 627.9 616.1 579.7 531 483.7 456.3 442.3 428.8 418.2 414.8 411 410.4 405.2 397.7 386.5 381.5 376.6 371.3 369.6 350.6 352.4 361.4 364.3 359.4 355.9 355.4 352.6 351.5 349.8 348.2 345 339.1 338.5 333.4 329.2 328.4 328.3 327.5 327.1 326.7 326 325.4 325 324.9 324.3 324.5 324.1 324.1 324.2 324.4 324.4 324.6 323.8 324.4 324.3 324.1 323.8 323.7 323.7 323.5 323.2 323.4 323.3 323.3 323.2 323.1 324.7 322.6 322.1 323.8
645.6 649 652.5 653.9 651.8 649 645.7 638.8 630.4 613.4 591.8 554.7 499 475 453.3 441 427.3 422.4 415.6 411.6 406.5 396.5 386.9 380.2 376.4 374.7 370.6 364.5 353.2 347.8 353 352.1 351.3 347.3 346 344.2 341.6 340.9 336.4 334.3 330.5 330.5 329.4 328.9 328.5 327.9 327.4 326.7 326 325.4 325.2 325 324.3 324.5 324.2 324.1 324.3 324.4 324.4 324.2 325 324.6 324.5 324.3 324 323.7 323.6 323.5 323.2 323.4 323.4 324.7 323.8 322.1 322.1 322.2 322.6 323.4
651.6 652.7 655.3 656.4 655.8 652.4 643.7 635.6 627.1 614.7 603.5 580 533.3 505.7 475.9 459 444.6 432.2 418.3 412.5 402.4 393.8 386.8 379.4 378.9 374 373.4 370.1 357.1 350.3 349.6 348.5 345.6 343.2 338.4 336.8 336.4 333.9 332.2 332.1 331.3 331 330 329.4 328.7 328 327.4 326.7 325.9 325.4 325.2 325 324.8 324.6 324.2 324.2 324.3 324.6 324.8 324.4 324.7 322.7 322.5 322.5 322.4 325 324.8 324.4 324.4 322.1 322.1 322.1 322.1 324.2 329.5 329.7 323.8 324.4
