Assets/StreamingAssets/GeoData/Data/no/NO32.asc
ncols 200
nrows 200
xllcorner 330000
yllcorner 720000
cellsize 50
[rows 0 to 37 of 200, columns 0 to 84 of 200]
38.6 39.3 39.3 39 40.6 40.5 40.3 39.3 39.5 41.7 40.7 41.7 41.8 43.2 44.1 46.6 45.8 46.1 46.6 45 44.7 44.7 43 43.5 41.7 39.1 39.9 38.2 37.3 36.9 37.1 37.7 37.2 37.3 37.6 38 37.4 38.3 38.9 39.1 38.7 38.2 38.4 38.4 38 37.6 37.3 35.5 35.6 35.9 35.7 36.3 35.3 34.6 34.9 35 35.2 35.2 34.2 34.2 35.3 36.5 38.6 40.1 41.2 41.2 41.2 42.1 42.3 42.2 41.3 40.4 40.3 39.4 38.6 37.2 35.6 34.7 33.6 32.6 30.7 29.6 28.8 28.2 27.9
36.1 34 32.4 32.6 33.5 35.1 37 39.2 39.5 37.8 38 37.4 37 38.4 37.7 40.9 44.5 45.4 44.9 44.5 42.8 42.3 41.4 40.4 39.3 38.1 37.2 34.8 34.5 34.3 34.1 34.5 34.1 34 34.4 34.8 34.9 35.6 35.9 35.1 35.2 35.2 35.2 35.6 35.3 34.5 33.8 33.5 33.1 33.8 33.8 33.8 33.4 33 32.8 32.9 33 32.9 32.2 32 32.2 32.9 34.2 35.7 37.7 39.2 40.1 40.8 41.9 41.4 41.3 40.4 38.8 37.5 36.5 35.6 34.5 33.4 32.7 31.6 29.6 29.3 29.5 27.9 27.3
30.9 29.7 27.9 28.7 30.1 30.5 32.1 32.5 33.3 34.4 34.5 34.2 35 34.8 36 36 37.8 39 39.3 38.6 37.7 35.7 35.5 36.5 36.3 36.2 33.5 33.3 31 30.8 31.3 31.3 31.4 30.9 31.2 31.6 32.1 32.9 32.4 32.1 32 32.4 32.9 33.1 33 32.5 31.4 31.9 31.3 31.6 31.9 32.2 32.1 31.7 31.5 32.2 31.2 31.3 31.4 31.5 31.7 31.7 31.9 32.6 33.9 35.4 37.3 38.7 39.4 39.6 39.2 38.5 36.9 35.4 34.7 33.4 32.8 31.5 30.4 29.9 29.8 29.4 28.7 27.1 26.4
27 24.7 23.7 24.8 26.1 27.2 28.2 28.8 29.5 28.1 29.7 27.5 28.8 31.6 32.7 32.6 33.5 34.4 34.9 34.4 34 33.5 33.2 33.5 32.2 32.7 32.5 31 30.1 30.1 29.6 29.1 28.5 28.3 28.3 28.6 29.1 29.2 29 29.3 29.6 30.3 30.9 31 31.3 30.5 29.4 29.8 30.6 30.1 30.2 30.5 30.8 30.4 30.6 30.5 30.4 30.9 31.6 32.2 32.3 31.7 31.8 31.8 31.6 32.2 33.9 35.3 37.4 37.8 37 36.2 34.7 33.3 32.7 32 30.4 29.8 29.3 28.9 28.5 27.5 26.4 26.2 24.5
24 22.8 21.9 21.9 22.6 23.4 25.2 26.8 26.5 26.1 24 25 25.1 25.3 26.7 27.9 29.2 30.5 31.2 31.1 29.4 30.2 30.8 30.7 29.6 29.2 28.7 28.2 28.3 28.4 28.1 27.5 26.9 26.3 26.4 27 27.3 27.2 27.3 27.5 27.6 27.7 28.8 28.6 29 29.1 28.5 28.7 28.7 28.6 28.5 28.8 29.2 29.5 30.3 29.7 30.4 31.1 31.7 31.6 31.9 31.4 31.6 32.1 31.5 31.1 32.1 32.5 34.1 35 34.4 33.7 32.7 31.3 30.8 30.5 30.1 29.7 29.3 27.7 26.5 26.2 25.4 24.1 22.6
22.2 21.7 20.8 19.8 20.1 21 22.7 24.2 24.2 23.4 21.1 21.6 22.4 22.1 21.9 22.9 24.7 25.8 26.3 25.5 24.5 26.4 25.1 25 25 25.3 25.3 25.6 24.9 25.5 26.1 25.6 24.9 24.3 23.3 23.8 24.6 25.3 25.5 25.6 25.6 26.1 26.4 23.5 25.5 26.8 26 27.6 27.5 27.4 27.1 27.6 28.1 28.8 29.2 29.1 29.5 29.9 30.4 31.2 31.4 31.2 31.1 31.5 31.9 31.3 31.7 31.7 32 32.7 31.8 30.4 29.8 29.3 29 28.1 27.4 26.9 26.4 26.3 24.8 24.5 23.6 22.5 20.8
20.8 20.1 18.8 18.3 18.2 19.3 20.6 20.9 24 21.3 21.1 21.4 21 20.7 20.8 21.1 21.5 22.9 23.9 23.3 21.7 22 21.4 21.9 22.4 23.1 22.9 23.2 23.3 24.3 23.5 22.2 22.6 22 19.5 18.6 20.6 21.3 21.7 23 23.6 23.3 24.3 20.4 20.5 24.7 17.8 24.7 26.4 25.7 26 26.5 27 27.4 28 27.3 27.7 28.3 28.1 29.5 29.8 30 30.9 31 31 30.7 31.3 31 31 30.6 30 29.7 28.9 27.9 27.2 26.1 25.2 24.5 24.2 23.6 23.2 21.9 21 20.2 19.5
19.9 18.6 17.5 16.6 16.4 17.2 18 19.3 20.6 20.5 20.1 20.4 20.4 20 20.3 20.3 20.3 21.2 21.5 21.7 20.7 20.4 20.3 21.2 21.5 20.8 20.9 21.3 21 21.4 21.1 18.2 20.5 19.1 14.9 13.1 13.1 13.6 14.2 15.6 14.4 13.7 14.3 13.6 13.2 17.1 14.2 19.2 21.4 22.3 23.1 23.9 24.9 25.5 25.8 26.1 26.1 26.1 26.1 26.9 26.8 26.8 27.2 27.4 28.3 27.6 28.3 29.2 28.5 28.4 28.2 28.4 27.8 27.4 26.7 25 24.3 23.8 23.2 22.9 21.6 20.1 19.8 19.6 19.3
18.6 16.3 16.5 15.5 14.7 15.2 15.7 16.7 17.8 18 17.9 17.9 18.9 19.5 20.3 19.4 18.5 19.3 20.1 19.7 17.6 17.8 17.6 18.4 18.6 19.6 20 18.4 19 18.3 17.8 15.5 13.5 11.6 11.9 10.8 10.1 9.7 9.6 9.6 9.4 9.4 10.1 10.1 9.9 11 11.9 11.4 10.7 11.1 12.8 13.9 17.2 17.4 16.3 16.8 18.5 19.1 21.2 22.9 23.6 23.6 24.2 24.4 24.2 24.5 24.8 25.9 25.2 25.1 25.4 25.6 25.1 25.3 25.3 24.3 23.9 14.5 21.3 22.1 21 20.2 19.6 19.1 19.1
16.8 15.3 15.3 15.6 14.6 14.5 14.8 14.5 15 16.1 16 16 16.2 18 18.4 17.2 16.6 17.4 18 17.4 14.1 14.3 15 15.3 16.3 19 17.4 16.2 15.5 14.8 15 12.3 11 10.8 10.6 9.3 9.2 8.9 9 8.9 8.4 8.5 9.5 9.5 9.5 9.8 10.4 9.7 9.1 8.4 8.7 8.8 8.6 9.4 10 9.1 8.7 8.7 10.2 11.9 14.3 16.9 19.2 21.3 21.7 21.6 21.7 22 22.4 22.2 22.3 22.9 23 23.2 17.1 9.1 4.1 3 8.1 9 12.3 19.6 19.3 17 17.3
14 13.8 14.9 15.7 14.7 14 14.7 13.9 12.6 13.9 14.3 15.9 14.1 16.2 15.5 14.8 14.3 15.7 10.8 10.6 10.3 10.3 11 11.9 12.8 13.8 13.9 13.1 12.7 12.6 12.3 11.9 9.7 9.9 9.7 9 8.8 8.5 8.4 8.7 8.5 8.8 9.4 9.3 9.2 9 9.4 8.6 8.3 8.6 9 8.2 8.8 8.5 9.1 8.7 8.1 8.4 7.9 8 8.6 9.1 9.7 13.1 16.9 18.9 18.1 18 19.3 19.1 18.9 19.6 19.4 19.2 16.7 2.2 3.6 4 4.6 1.7 1.7 1.7 15.3 8.2 6.9
12.7 12.6 14.4 15.3 15.8 13.9 13.2 12.6 12 12.3 13.4 12.6 12.2 14.4 12.5 11.8 11.3 10.8 10.2 9.4 9.3 9.4 9.7 9.6 9.7 10.4 11 10.3 9.9 10.8 10.4 10.3 9.4 9.2 8.9 8.8 8.7 8.7 8.7 8.9 8.9 8.9 7.9 8.9 8.7 8.6 8.6 8.5 8.5 8.6 8.7 8.7 8.1 9 8.6 8.2 8.2 6.4 6.3 6.6 8.1 7.7 8.3 8.6 9.1 10.1 11.3 12.6 14.2 14.7 15.2 15.8 15.2 14.7 13.6 7.2 4.3 7.5 7.7 6.9 6.3 5.3 4.6 2.6 2.6
12.1 12.6 15.3 16.5 15.6 13.4 11.9 10.7 9.8 11 11 11.8 11.4 12.2 10 9.7 9.7 9.8 9.5 8.9 8.9 9.3 9.6 9.9 9.4 9.2 8.8 9 8.8 9.1 8.6 8.9 9.5 9.2 9 8.9 9 8.9 8.9 8.9 9 8.7 8.3 8.7 8.6 8.4 8.7 8.7 8.7 8.8 8.9 9.3 9.1 9.2 9.2 8.9 8.5 7 7 6.7 6.9 7.3 5.5 8.1 8.3 8.8 8.8 8.7 9.2 10.1 11.9 10.9 9.1 7.8 7.8 4.6 5 4.5 5.8 6.7 6.2 4.6 3.4 2.6 2.6
9.4 11.1 12.1 13.1 13.7 11.7 10.5 9.9 9.4 9.5 10.1 11.3 12.3 12.5 9.5 9.1 9 9 9.3 8.8 9 9.4 9.1 9.6 9.6 9 8.8 8.6 8.8 8.7 9.1 10.3 9.7 9.6 8.8 8.9 9 9.2 9.1 9.1 9.2 9.2 9 8.7 7.9 8.6 8.7 8.9 8.9 9 8.9 8.8 9 8.9 9 9.1 8.8 7.7 8.1 7.7 8.4 8.4 8.2 9.4 5.7 3.5 3.9 4 4.8 3.7 4.2 9.1 10.6 9.7 4.5 4 5.1 4.3 3.4 4.7 4.2 4.3 2.6 2.6 2.6
9.2 9.3 11.2 11.7 12.9 11 9.3 9.5 9.3 9.6 9.4 9.1 9.4 9 9.1 9.3 9.6 9.7 9.5 9.4 10 9.2 9.2 9.3 9.3 9.3 9.2 9.2 9.2 9.2 9.2 9.2 9.2 9.6 8.9 9 9.1 9.2 9.3 9.1 9.1 9 8.9 8.8 8.1 8.4 8.8 9 9.1 9.1 8.9 8.8 8.6 8.6 8.8 9.1 9 8.3 9.1 8.7 9.4 9.3 8.9 6.4 4.5 4.7 1.8 1.3 1.4 1.5 1.3 1.3 2.2 3.6 2.3 1.9 2.3 2.6 2.6 2.4 2.2 3.5 2.9 2.6 2.2
9 9.4 9.5 11.9 13.2 10.8 9.4 9.8 9.6 9.5 10 9.6 9.2 9.2 9.5 9.8 9.5 9.4 9.7 9.4 9.1 9.2 9.3 9.3 9.3 9.3 9.2 9.2 9.2 9.2 9.2 9.2 9.1 9.4 8.9 9 9 9.1 9.2 9.1 8.9 8.7 8.6 8.5 8.5 8.1 8.4 8.7 9 8.8 8.6 8.5 8.5 8.7 8.8 8.9 9.1 8.9 9.7 9.3 9.2 9 4.9 2.7 1.1 0.7 0.1 -0.3 -0.3 -0.3 -0.5 -1.9 -1.9 -1.9 -1.9 -0.4 0.5 2.1 1.9 0.6 0.6 1.3 2.2 2.6 1.9
8.9 10.7 9.8 18 17.6 13.2 12.5 9.8 9.9 9.7 9.6 9.3 9.2 9.5 9.6 9.7 9.8 9.5 9.7 9.4 9.2 9.3 9.4 9.3 9.3 9.3 9.2 9.2 9.2 9.1 9.1 9.2 9.1 8.9 8.8 8.8 8.9 9 9.1 9.1 8.9 8.7 8.4 8.2 8.2 8 8.2 8.4 8.5 8.4 8.5 8.6 8.6 8.7 8.8 9.1 9.2 9.4 9.3 8.7 8.8 3.5 -1.9 -1.9 -1.8 -1.9 -1.9 -1.9 -1.9 -1.9 -1.9 -1.9 -1.9 -1.9 -1.9 -1.9 -1.9 0.1 -1.9 -1.9 -1.9 -0.1 0.5 0.9 1.3
9.3 9.8 10.5 16.4 22.5 19.4 15.3 9.9 9.4 9.7 9.6 9.2 9.3 9.4 9.6 9.7 9.8 9.7 9.7 9.5 9.3 9.4 9.4 9.4 9.3 9.3 9.2 9.2 9.2 9.1 9.1 9.1 9 9.1 8.8 8.8 8.9 9 9.1 9.2 8.9 8.7 8.4 8.2 8 8.4 8.4 8.4 8.4 8.5 8.6 8.6 8.7 8.8 8.9 8.7 9.2 8.9 8.7 8.3 7.3 3.4 -1.9 2.9 1.5 0.2 -1 -1.9 -1.9 -1.9 -1.9 -1.9 -1.9 -1.9 -1.9 -1.9 -1.9 -1.9 -1.9 -1.9 -1.9 -1.9 -1.9 -1.9 0.2
9.4 9.8 9.9 10.8 22.1 17.4 10.9 9.7 9.3 9.5 9.8 9.3 9.4 9.5 9.6 9.7 9.6 9.4 9.6 9.6 9.4 9.4 9.4 9.4 9.3 9.3 9.2 9.2 9.2 9.1 9.1 9 9 9 9.2 8.7 8.8 8.9 9 9.1 8.9 8.7 8.4 8.2 8.4 8.1 8.5 8.5 8.4 8.6 8.7 8.7 8.8 8.8 9.3 8.6 8.1 -1.9 -1.9 -1.9 -1.9 -1.9 -1.9 1.5 0.2 -0.7 -1.2 -1.6 -1.9 -1.9 -1.9 -1.9 -1.9 -1.9 -1.9 -1.9 -1.9 -1.9 -1.9 -1.9 -1.9 -1.9 -1.9 -1.9 -1.4
8.3 9.7 10.1 9.6 10.1 10 9.4 9.7 9.3 9.2 8.6 9.3 9.5 9.5 9.3 8.9 9.5 9.4 9.4 9.3 9.4 9.5 9.4 9.4 9.3 9.3 9.2 9.2 9.2 9.1 9.1 9 9 8.9 9.2 8.6 8.7 8.8 8.9 9 9 8.7 8.4 8.4 8.2 7.9 7.8 8.3 8.5 8.4 8.7 8.8 8.9 8.9 -1.9 -1.9 -1.9 -1.9 8.5 3.3 2.6 2.5 1.3 0.3 -0.2 -0.6 -1.1 -1.5 -1.9 -1.9 -1.9 -1.9 -1.9 -1.9 -1.9 -1.9 -1.9 -1.9 -1.9 -1.9 -1.9 -1.9 -1.9 -1.9 -1.9
9.3 8.7 9.4 8.6 8.8 9.3 9.1 9.4 9 8.7 7.9 9 9.1 8.8 8.6 8.8 8.9 8.7 8.6 8.6 9.3 9.3 9.3 9.4 9.3 9.3 9.2 9.2 9.2 9.1 9 8.8 8.9 9.1 9.3 8.6 8.7 8.8 8.8 8.9 9 8.7 8.4 8.3 8.3 8.3 8.3 7.4 8.1 8.7 8.4 8.9 -1.9 -1.9 -1.9 8.4 8.2 8.3 4 3.1 2.5 1.3 0.8 0.4 -0.1 -0.5 -1 -1.5 -1.9 -1.9 -1.9 -1.9 -1.9 -1.9 -1.9 -1.9 -1.9 -1.9 -1.9 -1.9 -1.9 -1.9 -1.9 -1.9 -1.9
8.8 9.3 8.4 8.7 8.5 8.5 8.2 8.4 8.8 8.9 9 8.7 8.5 9 9 8.7 8.9 8.8 8.5 8.7 6.8 8.2 8.5 8.8 9.1 9.3 9.2 9 8.8 8.6 8.4 8.7 8.8 9 8.5 8.4 8.5 8.6 8.7 8.9 9 8.7 8.6 8.6 8.6 8.6 8.5 8 7.5 8.8 8.3 6.1 -1.9 8.2 8.4 8.5 8.1 7.3 3.2 2.5 1.8 1.4 0.9 0.5 0 -0.5 -0.9 -1.4 -1.8 -1.9 -1.9 -1.9 -1.9 -1.9 -1.9 -1.9 -1.9 -1.9 -1.9 -1.9 -1.9 -1.9 -1.9 -1.9 -1.9
8.9 9 9.2 9.1 8.6 9.1 9 9.1 9.7 9.3 9.2 9.2 9.3 9.2 9.2 9.4 9.4 9.5 9.4 9.3 8.8 8.2 9.1 8.7 8.7 8.9 8.5 8.5 8.3 8.1 8.1 8.4 8.6 8.8 8.8 8.3 8.6 8.7 8.9 8.8 9 8.7 8.6 8.8 8.8 8.8 8.6 8.6 8 6.2 3.8 6.7 7.9 8.1 8.4 8.5 7.4 3.8 2.6 2.4 1.9 1.5 1 0.5 0.1 -0.4 -0.8 -1.3 -1.7 -1.9 -1.9 -1.9 -1.9 -1.9 -1.9 -1.9 -1.9 -1.9 -1.9 -1.9 -1.9 -1.9 -1.9 -1.9 -1.9
9.3 8.8 9.2 9.3 8.6 9.3 9.2 9.2 9.8 9.2 9.2 9.3 9.4 9.5 9.4 9.3 9.4 9.6 9.6 9.5 9 8.8 7.7 7.9 8 7.9 7.1 7.6 8.1 7.6 7.2 7.7 7 6.4 7.5 8.3 8.7 8.9 8.8 8.8 9 8.7 8.7 8.9 9 8.6 8.9 8.4 8.3 8.5 6.2 6.5 7.9 8.2 8.4 5.3 3.6 2.8 2.5 2.3 2 1.5 1.1 0.6 0.2 -0.3 -0.7 -1.2 -1.7 -1.9 -1.9 -1.9 -1.9 -1.9 -1.9 -1.9 -1.9 -1.9 -1.9 -1.9 -1.9 -1.9 -1.9 -1.9 -1.9
9.4 8.6 9.1 9.4 9.2 9.5 9.4 9.2 9.4 9.2 9.2 9.1 9.4 9.5 9.4 9.2 9 9.6 9.4 9.3 9.1 8.7 9.2 8.5 8.7 6.6 8.5 8.3 8 8.1 8.1 7.9 8.6 8.6 8.7 8 8.9 8.7 8.5 8.8 9 8.7 8.7 8.9 8.6 8.9 9 8.7 8.7 8.5 7.7 2.1 7.6 7.9 7.6 3.4 2.7 2.6 2.4 2.2 2.1 1.6 1.2 0.7 0.3 -0.2 -0.7 -1.1 -1.6 -1.9 -1.9 -1.9 -1.9 -1.9 -1.9 -1.9 -1.9 -1.9 -1.9 -1.9 -1.9 -1.9 -1.9 -1.9 -1.9
9.5 9.1 9.1 9.1 9.1 9.4 9.3 9.4 9.4 9.9 9.5 9.2 9.3 9.4 9.5 9.2 9.5 9.4 9.2 9 9.4 9.3 8.4 9.1 9.4 8.7 8.7 8.7 8.4 8.6 8.5 8.5 8.4 8.4 8.3 8 6.7 8.4 8.5 8.8 9.1 8.6 8.8 8.9 8.7 8.9 9.1 9 8.8 8.4 8.1 6.5 6.8 7.3 4.9 3.3 2.6 2.4 2.3 2.1 2 1.7 1.3 0.8 0.3 -0.1 -0.6 -1 -1.5 -1.9 -1.9 -1.9 -1.9 -1.9 -1.9 -1.9 -1.9 -1.9 -1.9 -1.9 -1.9 -1.9 -1.9 -1.9 -1.9
9.5 9.5 9.4 9.2 9.1 9 9.1 9 9.1 9.6 9.1 9.1 9.2 9.4 9.5 9.4 9.3 9.3 9.2 9 8.8 8.6 9.5 9 9.2 8.6 8.8 8.9 8.9 8.9 8.5 8.7 8.5 8.3 8.3 8.2 7.8 7.5 8 8.5 9.5 9 8.6 8.9 8.8 9.1 8.8 8.5 8 8.1 8.1 6.1 7.8 3.3 2.8 2.7 2.5 2.3 2.2 2 1.8 1.7 1.3 0.9 0.4 0 -0.5 -1 -1.4 -1.9 -1.9 -1.9 -1.9 -1.9 -1.9 -1.9 -1.9 -1.9 -1.9 -1.9 -1.9 -1.9 -1.9 -1.9 -1.9
9.6 9.4 9.5 9.3 9.1 9.2 9 9 9 9.2 9.2 9.5 9.6 9.5 9.4 9.4 9.3 9.1 9 8.9 8.8 9 9.6 9.7 8.7 8.5 8.9 9 9.1 8.8 8.7 8.9 8.8 8.5 8.4 8.4 8.4 8.5 7.8 9.2 8.9 9 8.6 8.7 9.1 8.8 8.7 8.5 8.2 8 7 4.6 3.7 3.2 2.6 2.5 2.3 2.2 2.1 1.9 1.7 1.6 1.4 1 0.5 0 -0.4 -0.9 -1.3 -1.8 -1.9 -1.9 -1.9 -1.9 -1.9 -1.9 -1.9 -1.9 -1.9 -1.9 -1.9 -1.9 -1.9 -1.9 -1.9
9.4 9.4 9.6 9.4 9.2 9.4 9.6 9.5 9.5 9.4 9.4 9.6 9.5 9.5 9.3 9.4 9.4 9.2 9.1 8.9 8.8 9.4 9 8.8 8.9 8.7 8.6 9 8.6 8.5 8.8 9.1 9.1 8.7 8.5 8.5 8.7 9 5.6 8.7 8.9 9 9 8.8 8.9 8.9 8.5 7.1 5.1 7.2 7.6 6.5 3 2.6 2.6 2.4 2.2 2.1 1.9 1.8 1.6 1.4 1.4 1 0.6 0.1 -0.3 -0.8 -1.2 -1.7 -1.9 -1.9 -1.9 -1.9 -1.9 -1.9 -1.9 -1.9 -1.9 -1.9 -1.9 -1.9 -1.9 -1.9 -1.9
9.3 9.4 9.7 9.6 9.4 9.6 9.3 9.3 9.3 9.3 9.4 9.1 9.7 9.5 9.2 9.3 9.4 9.3 9.1 9 8.9 8.8 8.8 8.8 8.8 8.9 8.9 8.9 8.6 8.4 8.8 9.1 9.2 8.9 8.6 8.7 9 9.1 4.3 8.4 8.6 8.9 8.8 8.8 8.8 8.8 8 4 8.6 8.3 8.5 3.3 2.6 2.6 2.5 2.2 2 1.9 1.8 1.7 1.5 1.3 1.2 1.1 0.7 0.2 -0.2 -0.7 -1.2 -1.6 -1.9 -1.9 -1.9 -1.9 -1.9 -1.9 -1.9 -1.9 -1.9 -1.9 -1.9 -1.9 -1.9 -1.9 -1.9
9.2 9.4 9.7 9.7 9.4 9.3 8.9 8.9 9.1 9.3 9.6 9.7 9.6 9.4 9.2 9.2 9.4 9.3 9.2 9.1 9 9 9 9.1 8.9 8.9 8.8 8.8 8.8 8.5 8.9 9.1 9.4 9.1 8.8 9.2 9.1 8.9 8.5 4.1 3.5 8.3 8.6 8.7 8.6 8.7 8 9.6 8.7 8.6 8.1 2.9 2.6 2.5 2.3 2.1 1.9 1.7 1.6 1.5 1.4 1.2 1 1 0.8 0.3 -0.2 -0.6 -1.1 -1.5 -1.9 -1.9 -1.9 -1.9 -1.9 -1.9 -1.9 -1.9 -1.9 -1.9 -1.9 -1.9 -1.9 -1.9 -1.9
9.1 9.2 9.2 9.2 9.4 9.7 8.8 9.1 9.4 9.6 9.6 9.3 9.3 9.3 9.1 9.1 9.3 9.4 9.3 9.1 9.1 9.1 9.1 9.4 8.9 9 8.9 8.9 8.8 8.8 8.9 9.1 9.5 9.3 8.8 9 9 8.9 8.8 8.9 9.1 4.4 5.5 8.2 8.3 8.6 7.9 7.1 8.5 8.2 3.3 2.7 2.6 2.4 2.2 1.9 1.7 1.5 1.4 1.4 1.3 1.1 0.9 0.8 0.8 0.4 -0.1 -0.5 -1 -1.4 -1.9 -1.9 -1.9 -1.9 -1.9 -1.9 -1.9 -1.9 -1.9 -1.9 -1.9 -1.9 -1.9 -1.9 -1.9
9.2 9.2 9.2 9.1 9.6 9.6 9.1 9.4 9.6 9.3 9.2 9.1 9.6 9 9 9 9.1 9.3 9.3 9.2 9.3 9.3 9.3 9.1 8.8 8.9 9 9 8.8 9.1 8.9 8.8 9.4 8.5 9.2 9.2 9.4 8.9 8.8 8.9 8.8 8.6 5.9 5.6 7.4 6.6 5 8.2 8 5.3 3.8 2.6 2.4 2.2 2 1.8 1.6 1.4 1.2 1.2 1.1 1 0.8 0.6 0.6 0.5 0 -0.4 -0.9 -1.4 -1.8 -1.9 -1.9 -1.9 -1.9 -1.9 -1.9 -1.9 -1.9 -1.9 -1.9 -1.9 -1.9 -1.9 -1.9
9.2 9.2 8.8 9.1 9.5 9.3 9.3 9.4 9.3 9.3 9.2 9.1 9.5 9.1 8.8 8.9 9 9.2 9.4 9.4 9.4 9.4 9.3 9 8.8 8.9 9 9.1 9.7 8.8 8.9 8.9 9.2 9.5 8.7 9.2 9.1 9 8.6 8.8 8.6 8.4 7 7.7 6 4.2 7.6 8 7.4 3.7 2.7 2.5 2.3 2.1 1.9 1.7 1.4 1.2 1 0.9 0.9 0.9 0.7 0.5 0.4 0.4 0.1 -0.4 -0.8 -1.3 -1.7 -1.9 -1.9 -1.9 -1.9 -1.9 -1.9 -1.9 -1.9 -1.9 -1.9 -1.9 -1.9 -1.9 -1.9
9.2 9.2 8.6 8.8 9 8.9 9.4 9.4 9.5 9.4 9.1 9 9.3 9.4 10 9.6 8.9 8.9 8.9 8.8 9.2 8.9 9.5 9.1 9.2 9.2 9.1 9.3 9.6 9.2 9.2 9.3 9.1 8.9 9 8.7 8.6 8.7 8.7 8.7 8.8 8.7 7.4 8.1 8.1 8.7 8.2 7.8 3.9 2.7 2.6 2.3 2.1 1.9 1.7 1.5 1.3 1.1 0.9 0.7 0.7 0.7 0.6 0.4 0.3 0.2 0.2 -0.3 -0.7 -1.2 -1.7 -1.9 -1.9 -1.9 -1.9 -1.9 -1.9 -1.9 -1.9 -1.9 -1.9 -1.9 -1.9 -1.9 -1.9
9.2 9.1 8.5 8.5 8.5 9 9.1 9.2 9.3 9.5 9.6 9.3 9.3 9.2 9.3 9.4 9.7 9.3 9.4 9.4 9.2 8.6 9.1 9.3 9.2 8.8 8.9 9.5 9.2 9 9.2 9.2 8.5 8.7 8.7 8.8 8.7 8.6 8.5 9.1 8.7 8.2 7.8 8.1 8.4 8.4 8.1 7.6 3.2 2.6 2.4 2.2 2 1.8 1.6 1.4 1.2 0.9 0.7 0.5 0.5 0.5 0.4 0.3 0.1 0 0 -0.2 -0.7 -1.1 -1.6 -1.9 -1.9 -1.9 -1.9 -1.9 -1.9 -1.9 -1.9 -1.9 -1.9 -1.9 -1.9 -1.9 -1.9
9.1 9 8.6 8.6 9.1 8.9 9.1 9.1 9.2 9.4 9.5 9.8 9.8 9.2 9.6 9.8 9.6 9 9.6 9 9.1 8.6 8.9 9.2 9.2 9.1 8.8 9.4 8.9 9.4 9 9.4 8.5 8.6 8.7 8.9 8.8 8.7 8.9 8.8 8.4 8.2 8.4 8.5 8.6 8.6 7.2 2.7 2.7 2.5 2.2 2 1.8 1.6 1.4 1.2 1 0.8 0.6 0.4 0.3 0.2 0.2 0.2 0 -0.1 -0.2 -0.2 -0.6 -1 -1.5 -1.9 -1.9 -1.9 -1.9 -1.9 -1.9 -1.9 -1.9 -1.9 -1.9 -1.9 -1.9 -1.9 -1.9
9 8.8 8.8 9.5 9.6 9.6 9.4 9.4 9.4 9.3 9.4 10.3 10 9.7 9.8 8.9 8.9 8.9 9.3 9 9 9 8.8 8.8 9 8.9 8.6 9.1 8.7 9.1 8.7 9.1 8.8 8.1 8.1 8.7 8.9 8.8 8.7 8.5 8 8.1 8.4 8.4 8.4 8.5 7.9 2.7 2.6 2.3 2.1 1.8 1.6 1.4 1.2 1.1 0.9 0.6 0.4 0.2 0 0 0 0 -0.1 -0.3 -0.3 -0.4 -0.5 -0.9 -1.4 -1.9 -1.9 -1.9 -1.9 -1.9 -1.9 -1.9 -1.9 -1.9 -1.9 -1.9 -1.9 -1.9 -1.9
