Assets/StreamingAssets/GeoData/Data/no/NO35.asc
ncols 200
nrows 200
xllcorner 330000
yllcorner 750000
cellsize 50
[rows 105 to 139 of 200, columns 0 to 77 of 200]
201.9 202.6 203.7 204.5 205.3 205.1 204.6 204.8 203.8 202.4 201 196.7 190 188.8 187.9 186.8 186.2 185.9 185.7 185.6 185.6 185.4 185 185.1 185.3 185.2 184.4 184.9 187.3 188.9 190.8 190.6 189.8 186 184.4 182.8 182 180.9 179.9 180.5 182.8 185.9 188.2 189.2 190.1 190.9 192.1 193.7 197.8 206.1 217.8 227.3 232.9 233.6 232.2 228.9 224.1 219.8 216 209.7 204.6 198 193.4 188.8 185.3 182.9 180.3 178 174.4 169.8 165.1 165.6 164.3 163 161.7 160.7 159.8 158.7
204.8 206.3 207.2 207.5 208.7 207.5 205.9 206 205.3 203.1 196.8 189.9 192.7 192 189.6 186.8 186.9 186.7 186.5 185.4 184.6 184.1 184.2 184.2 184.5 184.2 184.1 184.9 186.9 186.9 187.8 184.9 184.5 183.2 181.3 180.9 180.5 180.9 181.8 188.4 191.4 192.2 192.3 192.8 194.1 195.9 197.2 201.4 211.2 225.5 238 239.6 237.6 234.3 229.2 225.6 220.9 213.8 208.9 203.5 196.7 191.3 186.6 182.7 179.7 177.4 174.8 171.9 169 164.4 160.7 161 160 158.8 158.2 159.8 158.2 156.3
200.5 201.4 202.1 202.3 203.3 202.9 203.2 203.5 202.6 198.3 191.8 194 195.3 193.3 191.2 189.3 188 187.3 185.9 184.9 184.1 184.1 183.9 183.5 183.7 184 183.1 184.3 184.4 184 183.7 184.4 184.4 182.6 181.3 181.2 182.9 186.7 193.3 193.6 194.2 194.5 194.7 195.3 197.8 200.5 205.8 216.2 229.1 236.7 237.9 234.1 230.3 224.9 220.9 216.9 211.8 205 199.5 195 190.4 186.3 180.9 176.8 174.5 170.6 167.5 165.6 163 158.8 156.6 156.5 155.6 156 158.8 158.4 157.1 152.9
192.6 191.9 193.4 193.6 194.5 195.6 196.9 196.8 194.7 192.6 196.8 197.6 196 194 191.7 189.8 188 186.6 185.2 184.5 183.7 184 183.6 183.2 182.9 183.3 183.2 182.7 182.4 182.4 182.8 182.6 182.6 182.1 182.4 186.3 190.8 192.3 192.9 193.6 194.9 196.4 197.6 199 201.8 208.7 218.6 231.2 234.9 233.9 230.2 225.7 220.3 215.6 211.9 208.2 202.2 196.7 190.3 187.4 183.4 179.5 175.2 170.3 166.2 163.1 161.2 159.3 156.6 153.7 153.4 154 153.1 154.1 156 152.9 150.8 147.8
186.3 186.2 186.2 186.6 188.4 189.2 190.7 191.1 195.5 198 198.8 197.3 195.5 193.7 191.5 188.6 187 185.9 184.8 184.1 183.8 183.3 183.4 182.9 182.4 182.6 182.6 182.3 182.4 182.2 182 180.6 181.9 183.7 186.4 189.3 191.1 192.3 193.8 196.1 198.6 199.9 201.9 204.5 210.8 222.1 229.6 231.9 230.8 227 220.4 214.9 210.4 206.9 203.5 199.6 194.2 188.1 184.1 180.2 176 171.5 167.1 162.1 158.6 156.6 154.6 153.6 152.2 150.7 152.2 152.7 152.7 151.1 151.1 148.4 145.8 143.9
184.6 184.4 184.9 185.2 186.3 187.3 188.9 193 196 197.2 196.5 195.9 194.6 192.7 189.8 188.5 187 186 185.5 184.7 184.4 183.9 183.3 183.2 183.2 182.9 182.4 182.4 181.9 181.6 182.7 183 184.7 186.8 189.1 191.2 192.9 194.6 197.6 200 202.8 204.7 207.7 211.1 217.1 223.9 226.2 225.6 219.4 214.7 210.9 206.3 202.7 198.9 195.2 191.2 186.4 180.8 176.2 171.1 166.9 162.8 158.8 155.9 152.6 150.7 150.6 149 149.9 152.8 152 154 148.6 147.6 145.7 143.2 141.2 141.3
183.3 184 184.6 185.1 185.9 186.8 188.2 190.8 194 194.3 193.5 193.2 193 191.4 189.8 188.5 188.1 187.6 187.1 186.5 185.7 185 184.7 184.5 184.4 184.2 183.6 183.1 182.4 183 183.8 184.8 187 189.1 191.5 193.6 196 199.3 202.7 205 207.8 211.7 214.5 215 217.4 218 217.1 215 211.3 207.5 203.6 198.9 195.2 191.4 187.2 181.6 176 170.7 164.7 160.5 157.6 153.6 150.9 148.8 148.5 148.3 148.2 146.9 149.2 151 148.5 147.5 144.1 143.1 141 139.4 139 140.4
183.8 184.5 185.1 185.5 185.8 187.2 188.9 190.5 192 192.8 193.4 193.1 192.7 191.3 189.8 189.8 189.8 189.2 188.7 188.2 187.5 186.8 186.5 186.3 185.1 184.6 184 183.5 183.3 184.4 185.2 187.2 189.9 192.5 195.3 198.3 201.9 205.1 207.8 211.2 215.6 218.4 218.5 217.2 215.8 215.2 211.9 208.7 204.8 200.4 195.9 190.8 186.9 182.8 176.8 170.9 165.1 159.5 155.1 151.6 148.8 146.6 144.8 144.9 145.5 144.3 146.3 146.3 145.2 143.9 142.2 140.3 137.9 137.5 137.4 137.4 137.5 139.2
184.3 185 185.5 185.8 186.8 188.1 189.6 191.7 193.6 194.3 194.7 193.8 192.8 191.3 191.5 192.3 191.4 190.8 190.3 189.7 189.2 188.6 188 186.4 185.4 184.8 184.3 183.9 184.7 185.8 188 190.6 193.9 196.9 200.3 203.5 208 211.5 216.5 219.1 222.7 223.2 220.2 217.9 212.2 209.3 205.6 201.5 195.9 190.7 185.4 181.9 177 170.2 164.6 159.7 156.2 152.1 147.7 145.6 144.3 143.7 142.8 142.4 141.1 143.4 150.7 150.2 142.8 139.4 137.3 135.7 135.4 136 136.7 136.4 137.1 137.4
184.7 185.3 185.8 186.8 188.2 189.5 191.3 193.5 195 195.4 194.7 194 193.4 193.7 193.9 194 193 192.5 191.9 191.4 190.8 189.6 187.9 186.6 185.7 185.7 185.9 186.7 189.3 191.2 194.3 197.2 200 203.4 206.7 211.1 214.7 220.6 226.3 229 228.3 224 217.7 211.4 205.5 201.9 196.4 190.6 185.3 179.9 175.1 170.5 164.2 158.5 153.9 150.1 147.5 144.8 144.1 143 141.4 140.2 140.7 138.3 137.1 141.2 148.3 150 148.4 141.8 135.1 134.8 134.8 135.9 137.1 138.2 138.6 139
184.8 185.6 187 188.4 189.8 191.3 192.9 195.2 195.3 194.7 194.4 195.3 197 196.8 196.2 195.6 194.7 194.1 193.4 192.2 191.1 190 188.1 187.9 187.5 189 189.9 192.5 195.6 198.8 201.8 204.7 207.5 210.5 214.1 220 229.7 236.4 236.2 233.8 223.4 214.8 207.9 202 196.7 190.4 185 179.6 174 169.5 163.1 157.7 153 148.4 144.7 142.1 141.4 142 141.8 139.6 136.2 136.8 136.4 134.6 130.3 130.5 138.3 142.2 140.2 136.4 133.8 135.3 137.7 138.7 140.3 140.4 140.7 141
185.4 186.5 188.2 190.1 191.4 193.1 194.4 194.5 194.7 195.8 196.8 197.8 198.5 197.9 197.2 196.7 195.8 194.7 193.5 192.3 191.5 190.5 189.5 189.4 191.3 193.6 196.8 199.6 202.8 206.3 209.2 212.1 215.1 221.5 230.4 243.3 241.2 236.6 227.9 221 212.7 204.1 197.4 191.1 184.3 177.7 173.7 167 161.6 156 152.6 147.2 142.9 139.9 138 137.9 137.8 138.2 136.9 134.4 131.7 129.9 130.2 129.3 134.5 134.2 132 135.1 134.4 138.4 140.5 140.2 140.7 141.6 142 141.8 141.4 141.7
184.2 186.5 188.9 191.1 192.7 193 193.3 195.7 196.2 197.5 198.9 199.8 199.5 198.9 198.3 197.1 195.5 194.5 193.5 192.7 191.8 190.8 190.9 192.4 195 198.1 202.1 206.1 209.3 211.8 216.6 221.8 228.7 238.3 241.1 240 236.3 226.2 216.3 206.9 199.5 192.1 185.8 178.9 172.2 166 158.9 154.2 151.1 145.7 141.5 137.9 136 134.8 136.8 130.5 123.8 125.4 125.3 126.2 133.9 134.8 136.2 136 137.6 138.3 140 139.1 142.8 144.5 144.2 143.7 143.2 143.3 143.4 143.2 142.4 142.4
182.8 185.5 189 190.5 192.5 192.9 194.9 196.8 197.7 199 199.8 200 199 198 197.4 196.5 195.2 193.9 192.5 191.7 192 191.5 192.3 194.4 197.1 199.4 204.1 209.4 214 219.3 224.4 232.6 235.4 236.2 234.8 230.9 221.1 210.6 201.2 194.3 186.6 180 173.2 166.4 159.7 151.5 150.1 149.4 148.2 141.3 135.3 131.7 129.5 129.4 126.4 123.5 129.8 136.1 139.3 139.9 138.8 137.8 137.9 138.1 140.4 143 145.1 147.2 147.4 146.2 146.4 145.3 145.1 144.8 144.8 144.5 143.8 143
182.3 185.5 188.3 188.8 190.6 192.5 194.6 196.1 197.2 197.4 197.8 197.9 197.3 196.4 195.2 193.6 193.3 192.7 191.6 190.7 190.3 190 191 193.2 196.3 200.5 206.6 212.3 217.5 222.5 227.1 230.9 230.1 229.1 224 214.7 206.2 196.9 187.8 181.9 174.7 166.8 159.4 152.8 148.1 148.4 142.7 143.6 137.3 132.6 126.6 125 124.5 123.2 123.9 135.7 138.5 139.6 140.2 140.2 139.8 139.3 139 140.9 144 147.5 149 149.5 149.8 148.8 147.9 146.9 147.1 147.2 146.2 145.9 145.2 144.7
180.5 183.8 184 186.3 188.5 190.4 193.2 194 194.9 194.7 193.8 193.1 192.6 191.6 191.2 189.8 189.2 189.2 188.8 188.5 188.6 188.6 190.1 192.7 196.6 201.5 208.3 213.8 218.6 220.8 222.3 223.2 221.3 216.4 208.4 200.2 193.8 185.1 175.9 168.4 162.2 151.7 145.8 140.9 138.8 135.7 135.1 130.6 126.3 122.9 122.1 121.9 124.8 130.6 134.3 137.8 140.9 141 141 140.9 140.5 140.1 140.3 143.9 147.4 149.3 150.6 150.5 151.3 151.9 151.2 150.3 150.3 149.4 148.4 147.8 147.6 148.4
176.8 178.8 180.4 182.4 184.6 186.2 187.8 186.8 187.8 188.2 187.8 187.5 187.2 187 187 186 185.4 184.9 185.1 185.4 185.6 188.2 190.8 194.2 198.2 203.2 209.6 214.1 217.5 218.8 218 214.4 209 202.9 194.6 188 181.2 174 160.1 152.1 149 140.2 135 133 131.9 128.5 123.9 120.4 120.6 121.6 123.8 128.9 131.1 134.5 137.6 141.3 142.7 142 141.9 141.7 141.8 142 143.4 146.9 149.3 150.1 151.8 153 153.5 154.2 154.1 153.6 152.4 151.5 151.3 151.1 150.8 151.8
174.6 176 177.4 178.6 179.8 180.5 181.5 181 181.1 181.7 182.7 182.8 182.6 182.9 182.6 182.1 181.6 181.1 181.3 182.5 185.5 188.5 191.9 196.9 201.7 206 208.5 210.1 211.1 210.9 207.4 204.2 197 188.9 180.9 171.9 162.6 155 145.8 143.2 137.1 129.7 127.6 127 125.7 124.9 119 119.2 119.4 124.6 131.1 134.1 135.2 138.3 140.9 142.1 143.7 144.1 144.8 144.7 144.3 144 146 148.9 151.6 153.8 155.1 155.6 156 156.3 155.7 156.4 155.5 155.4 155.1 154.9 154.6 154.3
172.6 173.9 173.6 173.6 174.2 174.9 175.4 175.4 175.8 176.7 177.7 178.1 178.6 178.8 178.5 179 178.3 177.9 179.6 182.7 185.5 190 194.8 199.9 203.1 205.6 204.6 203.3 201.7 200.4 194.3 190.5 184.8 170.9 162.3 154.6 147.3 143.2 137.5 131 125.8 124.5 123 122.1 119.5 120.7 118.6 119.7 128.1 132 135.9 138.8 140.9 141.6 143.3 144.6 145.7 146.4 147.1 147.6 147.2 148.3 149.9 152.5 154.6 156.5 157.1 157.1 157.4 158.6 158.3 158.4 158.7 159.1 159 158.7 158.1 156.7
168.2 168.8 169.2 169.6 169.3 168.9 169.8 170.1 170.9 171.8 172.7 174 174.6 174.7 174.6 175.4 174.8 176.3 179.5 182.6 188.1 193.2 195.8 197.2 198.2 197.6 195.6 192.6 190.4 187 181.2 172.7 162.5 153.5 147.5 142.4 137.5 133.5 128.1 120 119.3 120.2 118.5 117.9 117.5 117.9 121.4 127.1 130.4 134.7 137.3 140.1 142.2 144.1 145.6 146.6 147.6 148.3 149.3 150.6 152.2 153.2 153.8 155.6 157.6 159.2 158.7 158.9 159.8 161 161 161.1 161.1 161.8 162.1 161.1 159.7 157.9
161.6 161.7 161.8 161.4 161.8 162.8 163.7 165.2 166 167 168.6 169.3 169.9 170.3 170.5 172.2 174.4 177.1 180.6 184.2 187.4 189.9 190.7 190.1 189.3 187 185.2 181.8 177.3 171.1 164.3 154.3 147.8 142.3 137.9 133.2 127.2 123 117.1 116 116.2 116.7 116.9 116.9 117.7 121.3 126.8 129.5 132.5 136.4 139.1 141.6 143.4 145 146.9 147.6 148.9 151.3 153.4 155.4 156.7 157.4 158 159.2 160.5 160.9 161.4 161.5 162.1 163 162.9 163 163.1 163.5 164 162.8 159.1 158.6
156.9 156.5 156.1 155.6 155.6 156.4 157.1 157.7 159.9 160 161.2 162.6 165 165.8 169.2 170.4 173.2 177.3 178.6 179.7 182.9 183.7 183.1 181.2 178.5 175.8 174.8 169.4 162 152.7 147.6 141.9 137.7 132.2 127.8 123.7 117.3 115 115.1 115.3 115.8 116.4 116.7 117.7 120.4 124.7 129.5 132.4 135.3 138.2 140.4 142.4 143.7 145.1 147.2 149.4 151.2 155.6 158.4 159.7 160.6 161.4 162.1 162.7 163.1 163.5 164 164.1 164.4 165 164.9 164.9 165.1 165.5 164.8 163.5 162.7 163.4
153.1 152.5 151.9 150.5 146 139.6 140.2 145.2 146.6 150.7 156.6 158.8 162 167 169.8 170.5 170.7 176.6 175.9 174.1 173.9 172.4 172.6 169.8 167 163.4 160.4 151.6 146.8 143.3 137.8 132.6 127.1 121.8 119.4 117.8 114.5 114.5 115.3 116.3 116.4 118.4 118.1 118.9 122.9 127.1 132 135.2 138.2 139.7 141.1 143 144 145.2 149.2 153.1 154.1 157.7 162.2 163.8 163.9 164.1 164.9 165.5 165.8 166.1 166.6 166.7 166.7 167 166.9 166.8 167 166 165.3 167.5 168.8 168.1
142.4 139.1 139.9 140.3 139.4 139.7 139.2 143.9 156.1 157.3 157.9 159.9 163.7 167.5 168.8 168.3 164.4 167.7 166.7 162.3 160.2 162.6 161 155.9 151.9 148.7 144.2 140.2 136.5 132.7 127 120.4 116 114.7 114.6 114.2 114.6 114.2 117.2 118 119.2 120.8 120.8 121.1 126.7 131.7 134.5 138.1 139.6 141 142.1 143.6 144.7 146.8 149.5 153.5 157.8 160.8 165.5 167 166 166.8 167.6 168.2 168.5 168.9 169.2 169.2 169 169.1 168.9 168.9 168.7 168.2 169.3 171.1 170 168.8
159.2 161.2 152.1 149.2 148.1 152.4 135.5 152.4 156.1 158.3 158.1 161 165.3 165.8 162.1 161.6 157.7 156.9 157.3 157.2 155.1 151.3 148.9 146.1 143.5 139.7 135.9 132.9 127.8 123.6 118.5 113.5 112.9 113.3 113.3 112.3 113.9 116 119.1 120.3 121.9 123.8 125.4 126.1 130.1 134.2 137.9 139.5 140 141 142.7 144.5 146.8 149.3 151.8 156 160.3 164.3 167.5 169 170.2 169.5 169.5 170.8 171.2 171.5 171.8 171.7 171.3 171.5 171.6 170.4 172 174.5 173.5 172.9 172.2 171.4
159.4 158.2 157.3 157.7 155.8 156 147.9 142.9 156.8 157.8 158.1 157.1 156.8 156.8 155.8 154.4 153.2 152.7 152.6 152.4 149.1 144.9 140.7 137.9 134.5 130.7 126.8 127.3 121.1 114.5 113.4 112.1 112.3 112.6 112.1 112.8 113.8 118.7 121.6 123.6 125.6 127.5 129.7 130.7 133.4 136.8 138.7 139.8 141.2 142.9 144.6 147 149.6 152 155 159 163.1 167.3 168.5 170.1 172 172.7 172.9 173.3 172.8 172.4 172.1 172.7 174.5 174.6 174.4 177 175.7 176.5 175.8 175.3 174.7 174.1
160.4 160.7 160.5 160.9 160.4 159.6 159.2 139 156.1 156.8 156.4 155 154 154.6 154.4 152.6 153 152.4 148.7 146.2 143.7 139 133.9 129.8 125.8 123.4 121 123.4 116.6 111.5 111.6 111.7 111.9 112 112.5 113.7 116.7 121.9 125.4 127.3 129.3 131.3 133.2 135.4 135.9 138.2 140.6 142 143.3 144.8 147.2 149.8 152.4 155.4 159.3 163.1 166.8 170.1 172.2 173.5 174.5 174.1 173.5 173.4 173.4 172.7 173.5 175.3 177 179.3 179.8 179.6 178.7 178.9 178.3 177.6 176.7 175.4
162.7 162.3 161.9 161.9 161 160.1 159.2 125.9 152.6 154.4 154.2 153.6 153.3 152.3 152.3 150.8 148 148.8 144.3 137.9 135 132.8 129.2 124.5 119.6 122.1 119.2 116.8 112.6 111.2 111.4 111.9 113.4 113.8 115.4 119.7 123.2 127.3 129.5 131.4 133.2 135 137 139.1 140 141.1 143.2 144.4 145.8 147 149.5 152.7 156.2 160.1 164.3 166.9 170.5 172.4 174.8 176.2 176 176.1 174.6 175 175.2 177.1 178.5 181 182.9 182.7 182.8 183 181.4 180.4 179.5 177.6 176.5 174.6
163 162.7 162.3 161.4 160.7 159.2 157.4 139.4 131.6 153 153 152.5 152.1 150.8 147.3 144 140.8 139.3 136.5 131.2 127.8 124.6 122.6 118 113.2 111.1 110.4 111.8 110.1 111.1 112.7 115.6 117.8 119.8 122.6 126.6 130.4 133.5 136 137.6 138.5 140.6 142.7 143.8 143.5 144.6 145.8 146.9 148.1 149.7 152.8 156.4 161.6 165.3 168.3 171 173.1 174.5 176 176.6 176.4 178.1 178.1 180 181.4 183.6 185.3 185.9 185.7 185.1 184.3 183 180.6 178.8 177.9 175.8 172.9 171.8
161.6 161.7 161.1 159.5 157.3 156.1 155.3 153.3 124.5 132.3 153.5 151.1 147.4 144.4 141.1 135.3 131.5 132.1 129.9 128.4 127.4 125.4 114.5 109.7 109.6 110 111.1 113.2 112.7 117.2 120 122.4 125.2 129.1 131.5 133.9 136.8 139.7 142.2 144.2 145.1 146 146.3 146.8 146.4 147.1 148.4 149.8 152.2 153.6 157.3 162 166.6 169.2 170.9 173.5 175.4 176.1 176.8 177.7 180.8 184.2 185.1 187.1 190.3 190.2 188.5 186.4 185.2 183.2 180.9 179.2 177.5 175.8 173.7 170 166.9 164.4
159.7 158.4 156.4 155.4 154.3 153.6 152.9 152.1 144.8 106.5 137.2 144.7 139.7 135.7 128.3 124.2 132.7 129.2 127 123.5 119.9 117.3 110.1 109.2 112.9 114.9 119.9 120.1 121.4 125.7 126.9 131.4 134.4 137.4 139.9 142.5 144.2 145.9 148.3 152.2 151.1 150.9 149.9 149.8 149.7 150.1 151.8 153.6 155.6 159.8 164.9 167.8 170.4 173.2 174.9 176.6 177.8 179.6 181.9 186.5 189.7 191.7 190.9 192 191.5 189.3 186.9 183.8 181.2 179.2 177.5 175.7 173.5 170.3 166.2 161.8 157.6 153.8
155.1 153.9 152 150.1 149.4 147.6 146.6 144.4 140.8 106.9 125.5 129.2 123.9 119.1 118.8 121.1 135.4 127.3 124.9 123.9 117.3 111.9 111.8 117.2 120.5 122 123.3 125.5 128.3 132.7 135.6 138.4 141.5 144.2 146.7 148.8 150.7 151.1 154.9 155.2 154.6 155 154.7 154.5 154.5 155.8 157.2 158.7 161.6 166.4 170.6 173.3 175.8 178.9 180.8 182.6 183.4 187.8 192.7 195.6 198.3 195.3 193.2 189.7 186.8 183.9 181 178.1 176.2 174 172.1 169 164.8 160.1 155.3 152 150.4 148.4
149.8 149.3 147.1 144.9 142.1 139.3 135.2 132.5 133.1 113.9 108.2 112 114.1 111.4 113.8 117.9 128.1 128.2 120.2 118.9 110.3 109.2 117.6 123.1 125.6 125.9 127.2 130.7 134.6 138.6 141.3 143.6 146.7 149.3 151.9 154.3 156.1 157.6 158.1 156.6 159.3 160.7 161.5 161.4 161.3 161.8 163.5 165.4 168.4 173.1 176.1 179.8 182.9 184.5 186.6 190.3 192.6 195.3 197.1 198.1 197.8 190.7 186.9 183.6 180.4 177.8 174.9 172.1 171 167.9 163.9 158.6 153.7 150.9 148.8 147.2 146.6 144.9
144.7 141.8 140 136.8 132.7 129.2 129.9 128.8 129 117.6 104.2 106.2 105.9 105 107 113.3 116.9 113.4 105.9 110.9 106.8 114.4 126.3 127.1 128.7 130.2 131.3 134 138.1 142 145.1 147.6 151.3 154 156.6 158.6 160.1 161.7 163.2 163.9 165.5 166.6 167.6 168.8 168.7 169 170.9 172.9 176.8 181.3 185.7 189.6 191.3 194.6 198.1 197.8 198.7 198.4 196.8 192.1 187.4 183.9 180.7 177.3 174 171.4 168.7 166 162 156 150.9 148.8 148.4 146.7 145.3 143.7 142.7 142.1
134.6 131.1 126.4 127 125.4 124.7 126.6 126.1 122 113.3 103.6 104.7 104.8 104.4 106.8 104.9 106.9 104.8 116.3 119.5 125.3 128.4 131.2 132.7 134.2 135.2 135.5 137.4 141.2 145 148.2 151.5 155.5 158.7 161.4 163 164.5 166.4 168.4 170.3 172.2 173.9 174.5 175.2 176.4 178.1 180.1 184.5 190.4 193.1 195.7 196.2 198.7 200.2 200.5 200.4 197.8 193.2 189.4 185.6 181.8 177.5 174.4 170.9 167.8 164.9 160.9 155.4 149.2 144.8 144.9 145.1 144.9 144.6 142.9 141.5 141.2 141.2
