Assets/StreamingAssets/GeoData/Data/no/NO36.asc
ncols 200
nrows 200
xllcorner 330000
yllcorner 760000
cellsize 50
[rows 105 to 139 of 200, columns 0 to 77 of 200]
483.6 470.5 472.3 480 490.3 498.3 505.1 508.8 510.3 509.7 507.7 503.9 497.8 489.3 478.2 461 441 421.4 404.6 391 388.6 395.9 413.5 431.3 448.6 465.2 480.3 492.3 500.4 505.6 506.5 504 501.3 498.3 494.8 491.5 487.9 485.1 481.9 476.2 470.2 463.1 454.6 443.9 431.9 419.8 408.9 400.6 393.3 386.3 377.3 367.4 355.6 342.7 330.3 317.9 308 299.6 291.3 281.1 271.5 261.7 250.1 239.1 231.5 227.8 219.3 218.3 217.8 216 215.7 214.4 224 229.9 238 244.3 254.2 265.1
476.2 465 461.9 472.9 484.8 493 499.2 502.8 504.6 504.2 502.5 499.3 493.6 486 475.2 458.2 435.7 415.2 399.3 388.9 379.3 389.7 408.6 426.8 444.3 460.3 475.7 489.6 501 506.1 508.7 508.1 506.3 503.4 500.2 497.6 494.8 491.2 487.7 483.3 479.1 473.6 466.4 458.9 448.6 436.9 427.2 419 411.1 403.1 394 380.2 368.6 354.6 342.3 329.3 316.9 308 299.3 289.5 278.5 270.4 260.8 250.5 239.9 229.8 220.7 217.5 217.8 216.4 215.4 214.9 212.5 223.5 231.7 238.6 248.6 257.2
469.6 454.1 454.5 467.8 478.4 486.5 492.8 495.9 497.2 496.8 495.2 492.5 487.9 481.3 471.2 455.1 432.2 411.8 394.9 385.2 376.5 383.9 403.7 422 440 455.7 471.3 486.9 498.3 504.8 507.3 507.9 505.7 503.6 500.3 499.4 496.7 493.8 490.1 487.5 484.5 480.9 475.8 469.5 462 452.5 444 435.7 428.9 419.6 406.6 393.6 378.5 364.8 350.8 338.5 326.8 317.2 306.2 296.5 288.4 279.6 271.2 260.8 249.4 240.6 233.3 218.5 217.3 216.2 215.1 214.3 213.4 214.2 226.9 232.7 238.2 249.2
456.9 437.7 447.4 463.1 473.1 480.4 485.4 487.5 487.8 487.2 486.2 483.3 479.9 474.4 465.5 450.7 431.1 408.5 392.1 381.6 370.3 378.2 397.7 417 434.8 451.8 467.9 483.3 494.7 501 503.8 504.3 502.9 501 498.8 496.6 493.9 491.8 489.3 486.8 485.1 482.7 480.2 477 471.5 463.6 454.6 447.9 439 430.1 418.3 402.7 387.9 373.9 359.7 342.1 333.4 324.7 314.4 304.7 296.1 287.5 278.7 270.1 261.5 251.3 241.7 234.5 220.5 215.8 215 214.6 214.1 213.7 213.2 219.9 233.8 242.2
440.2 426.8 433.9 455.6 467.3 473.4 477.4 478.3 476.4 474.7 473 472.2 470.7 466.1 458.6 445.2 428.8 405.4 387.4 376.4 365.9 372.4 390.8 410.7 429.6 446.4 462.4 478.4 489.7 495.6 498.3 499.1 498.7 496.4 493 489.8 487.5 485.9 483.5 482.6 480.4 480.2 480.3 479.6 476 469.1 463.5 458.2 449.4 439.9 427.9 413 397.1 383.2 368.3 350.3 343.2 333.6 323.6 313.1 303.3 293.6 285.9 278.5 269.6 259.6 251.5 244.4 236.3 227.5 215.1 214.6 214 214.1 212.6 211.8 227.2 233.4
421.1 419.7 425.2 450.6 461.2 465.9 467.7 465.8 458.9 451.8 450.9 456.6 457.6 454.8 449 438.5 424.6 403.5 384.5 372.8 362.2 364.1 383 403 423.1 440.5 455.2 468.8 482.5 489.1 491.9 492.8 492.3 490.2 486.4 482.4 478.2 474.6 473.3 473.2 472.6 474.5 476.5 479.2 478.4 474.2 470.5 465.8 460 449.9 438.1 424.6 407.8 391.7 376.7 359.5 350 342.3 332.2 321.2 310.1 300.8 293.9 286.4 277.6 267.2 259.3 252.3 244.1 235.6 225.5 214.4 214.2 213.9 213.5 212.4 211.9 228.5
401.9 410.5 429.6 448.3 455.5 457.6 453.6 440.8 427.3 421 420.9 428.8 439 441.4 438.7 430.1 419.6 405.1 383.2 369.2 358 355.8 376.8 396.3 415.3 432.4 446.7 459.8 471.6 480.3 483.6 485.4 484.8 481.7 476.9 470.6 465.3 461.9 461.8 462.5 463.7 467.6 472.5 477.3 480.3 478.6 477.1 474.5 469.4 459.9 447.4 433.8 419.3 402.3 383.2 367.7 357.7 351.8 342.8 331.2 320.3 309.7 302.5 294.8 285.4 275.2 265.4 258.1 251.2 242.1 232.9 220.2 214.2 213.7 213.3 212.8 212.1 223.3
394.3 415.6 431.2 442.7 445.9 443.5 429.3 411.5 401.5 396 395.6 405.3 414.6 420.3 422 419.9 413.4 402.2 383.7 365.2 353.8 344 368.2 388.5 407.2 424.8 439.7 452.9 464.2 471.4 475.4 477 475.6 471.7 466.3 459.5 452.5 447.6 445.4 446.3 452 459.9 466.9 474.5 480.1 481.7 481.4 480.4 476.2 468.2 455.6 441.4 426.9 411.2 393.3 380.5 369.2 360 352.4 341.2 330.4 319.7 311.5 303.4 294.7 282 274 265.1 257.4 251.1 242.4 234 220 213.4 212.9 212.5 212 215.2
393.2 412.2 425.5 431.3 430.4 421.7 404.8 389.4 379.7 370.8 372.6 384.4 392.5 399.5 405.1 406.5 404.7 396.2 382.3 360.7 349.1 336.7 359.7 379.4 399.3 417.1 431.5 444.9 454.5 461.9 465.9 467.3 465.7 461.1 454.6 447.9 439.8 433.4 430.6 431.9 439.8 451.1 462.1 470.8 478.5 482.2 483.3 481.7 478.6 471.5 462.8 450.4 435.9 421.5 406.9 394.8 382.7 371.4 361 351.7 340 331.7 321.8 314.6 304.6 296 288.4 277.9 268.7 261 253.5 245.6 237.1 221.3 212.3 211.9 211.5 208.8
378.5 399.6 409.2 411.9 409.1 399.6 381.4 365.7 358.2 344.2 345.4 357.8 370 378.3 385.2 389.6 390.8 388 379.2 358.2 342.9 332.3 352.1 370.9 390.7 408.9 422.3 435.5 445.3 453.1 457.6 459.4 456.5 451.3 442.5 433.8 425.4 420.6 421.1 425.3 433.9 447.5 458.4 468.4 476.2 480.5 481.9 482.1 479 474.1 466.5 457.6 447.6 435.6 422 409.9 397.1 383.6 371.1 361.5 349.7 342.2 332.4 326.1 321.2 314 306.3 295.5 284.9 275.7 265.3 257.4 248.5 236.8 223.2 211.7 211.3 210.6
354.8 367.6 381.8 383.8 382.6 370.5 353.3 338.9 330.1 324.1 319.5 332.4 346 355.3 360.1 368 370.9 371.7 369.9 355.3 338.8 324.8 345.6 366.3 383.5 401.9 415.4 426.4 436.6 444.1 449.3 449.5 446.8 438.3 427.7 418.5 412 410.2 413.3 418.7 430.1 444.9 455.8 465.4 473.1 478 480.1 480.2 479 475.6 470.6 463.4 455.1 446.4 435.7 421.7 409.1 395.6 382.4 371.2 360.3 354.1 347.8 343.1 336.9 331.2 324.7 316.1 304.7 291.8 280.8 269.4 259.6 248.5 239.3 225.1 211.3 211
369.8 348.6 348.5 354.7 355.5 345.3 328.8 325.1 332.8 327.9 322.4 312.1 322.1 330.9 330.9 340.7 349.6 355.5 358.1 352.3 332.5 321.8 339.8 360 378.7 396.7 408.8 418.8 427 433.6 438.2 439.3 433.6 426.8 414.8 404.1 400.8 402.3 405.1 414.3 427.7 441.3 452.6 462 469.2 473.4 476.1 476.4 475.7 474.5 471.7 467.1 460.1 454.6 446.4 434.9 420.8 407.9 393.5 379 368.7 363 362.1 360.4 355 349.6 342.7 333.7 323.2 309.8 294.8 282.1 270.8 260.7 249.5 238.2 227.4 212
391.2 373.3 354.3 345.3 336.1 332.1 345.7 355.2 363.9 359.1 345.8 323.1 308.5 306.2 306.9 315.6 323.9 337.3 342.4 344 327 318.7 340.2 361.3 378 390.9 401.5 410.5 417.4 423.4 426.3 424.9 421.7 413.4 403.7 394 389.8 390.8 394.9 410.1 423.7 437.2 449.7 458.2 463.2 466.2 468.7 469.5 469.9 469.3 468.5 468.1 463.8 461.8 455.6 446.3 433.5 420 403.8 392.7 386.3 382.2 379.1 377.2 373.5 368 360.6 350.8 341.5 329.1 312.5 296.7 283.5 271.4 261.1 250.2 240.6 229.2
414.2 399.3 385.4 374.6 365.1 366.3 375.3 385.5 389.5 381.8 366.3 348.8 331.3 321.3 309.3 300.1 303 314.2 322.4 331.6 321.8 309.6 338.3 361 375.7 384.9 393.6 401.3 407.6 412.5 414.6 411.4 407 402.9 390.3 381.3 380.4 380.5 387.5 405.4 420.8 433.8 444.8 452 455.8 457.2 459.2 460.5 461.3 462.6 462.4 464.8 465.2 464.8 461.4 454.2 443.8 431.6 420.1 409.6 402.8 399.4 396.8 393 390.1 384.4 377.1 368.2 358.1 346.4 331.5 311.5 294.6 281.1 270.4 259.6 250.2 240.5
439.2 426 413.2 405.4 399.3 400.8 407 412.2 412.4 404.2 388.2 372.2 356.1 344.1 333 321.3 303.7 295.4 302.7 317.8 312.8 311.8 338.1 356.4 366.5 375.1 381.5 387.7 392.9 398.4 400.5 399.6 397.4 389.9 378.2 372 370.6 364.7 380.8 399.6 417.1 431 439.3 444.2 447.1 447.5 445.6 447.1 449.3 451.6 455 457.1 461.1 461.4 461.9 458.1 451.5 442.8 434.4 426.5 420 415.1 412.3 408.4 403.9 398.2 391.5 383.1 372.6 362 349 328.8 307.8 291.9 279 268.1 257.9 247.6
462.2 449.9 439.3 432.2 429.2 430.5 433.5 433.9 430.5 420 404.8 391 376.1 362.6 352.5 340.9 327 309.3 292 298.7 300.7 311 330.6 344.8 354.4 361.6 366.1 370.5 376 382.6 386.8 387.7 386 377.9 368.4 363 357 360 374 393 409 421.5 429.7 433.6 435.3 434.5 432.6 432.5 433.6 435.2 441.2 447 453.4 459.4 461.4 460.9 457.6 452.9 447.4 440.7 435.1 429.6 423.8 419.2 411 406.7 401.4 393.5 382.5 370.5 360.5 344.4 322.6 303.3 290 276.7 265.5 255.6
481.7 471.5 461.6 456.9 455.1 455 454.7 450.7 441.9 432.7 418.8 406.2 392.6 378.6 366 355.7 340.6 326.2 304.6 289.3 290.2 307.1 317.5 326.4 335.6 340.5 345.1 351.1 359.2 367.5 372.6 374.1 373.1 367.1 359.1 353.6 342.9 353.2 368 389.1 402 410.7 417.5 423.1 422.4 418.8 416.5 413.7 412.4 414.6 423.2 434.6 444.7 452.9 458.7 461.5 459.4 457.3 451.9 446.5 441.4 435.8 429.1 423 417.4 410.6 402.1 395.5 387.2 374.8 364.1 352.6 336.3 316.5 300.3 285.2 272.3 263
494.8 487.2 479.5 473.7 470.5 467.7 464.1 456.8 447 435.8 425.2 412.2 400.6 386.3 373.7 359.1 347.2 335 319.2 300 286.5 291.7 300.7 306.8 313.3 321.3 327.6 335 341.7 350.5 355.9 358.8 358.9 354.4 346.3 342.4 339.5 347.2 364.4 383.1 393 401.8 406 408.3 407.8 404.2 399.3 396.7 399.3 405 411.9 425.1 437.3 447.6 454.1 458.7 459.4 456.9 453.1 447 440.3 433.4 427.3 421.9 417.4 411.4 401.5 393.1 385.3 376.5 364.4 352.6 340.9 326.4 310 292 280.2 269.2
501.8 494.3 486.9 478.4 474.5 470.8 464.8 455.9 446.2 434.3 426 414.1 400.8 387.7 373.5 358 343 329.9 319.6 308.7 289.2 284.2 282 290.2 296.7 304.6 311.6 320.1 326.3 335.2 339 343.3 342.9 337.6 330 325.5 335.1 347 363.4 376 384.1 389.9 392.4 392.3 389.2 385.1 384.4 386.7 390.9 398.2 406.2 419.3 431.3 441.9 448.9 453.6 455 452.8 447.8 442.1 434.9 428.1 420.8 415.1 411.6 406.1 399.5 388 379.3 370.2 360.2 349.4 340.3 328.2 316.2 300.7 286.4 275
505.6 498.2 489.4 480.4 472.9 467.6 460.3 450.1 439.2 430.3 421.6 407.7 394.7 378.2 362.5 346.2 331.5 318.7 305.2 295.4 302.1 294.9 287.7 279.5 278.7 286.9 297.3 305.2 313 317 322.5 324.4 325.4 319.3 316.1 318.7 333.4 347.6 362.9 370.4 374.8 378 378.3 376.1 374.5 371.8 372.5 376.1 382.3 390.6 403.1 415.2 425.6 435.3 442.1 446.4 446.7 444.5 438.7 432.3 424.7 417.7 410.7 408 404.5 397.1 389.9 380.9 371.6 363.4 357.1 350 340.1 328.7 318.7 306.6 292.4 280.5
506.2 498.2 488.7 478.3 467.8 460.8 452.5 440.4 431.8 421.7 409.8 395.4 380.5 365.4 350.8 330.6 329.1 331.4 329.1 326.3 320.7 314.1 306.7 297.6 286.2 275.8 276.4 285.9 292.3 300.6 306.9 310.8 310 306.7 301.9 321 337.9 349.7 358.6 362.5 365.4 364.6 364.8 362.9 361.4 361.3 362.6 366.4 372.1 386.1 399.5 410.7 420.1 428.4 434.1 436.1 435 430.5 425.4 418 411.3 404.9 399 396.1 391.8 386.9 379.5 371.3 361.8 356.1 351.3 346.2 340.3 330.6 318.5 307.6 295.7 285.8
503.1 494.7 485.1 473.3 461.2 451.3 442.3 432.6 421.3 406.5 392.6 380 368.3 356 343.4 336.4 348.7 352.2 351.7 346.9 339.9 331.7 323.4 315.6 304.7 292.1 277 272.5 274.2 285.6 292.8 297.6 297.8 293.3 304.8 322.3 335.5 345.9 351 353.7 354.9 355.1 353.6 352.5 352 351.7 353.7 358.1 367 381.2 393.6 403.1 412.1 418.5 423 423.5 420.4 414.6 408 401.2 394.6 389 384.4 381.1 376.4 373.8 366.9 357.9 352.4 350.5 344.6 338.9 335 328.1 317.5 307.5 297.9 290.2
498.6 488.4 478.1 465 449.7 436 429.7 420.6 406.7 390.9 379.7 369.6 358.4 346.4 348.7 357.5 365.6 368.9 368 364.9 357.6 349.2 341.1 331.9 323.3 310.3 294.4 284 270.8 269.9 277.3 283.9 279.6 288.5 306.5 321.1 332.6 340.4 344.4 345.2 344.9 345.3 344.4 341.8 341.6 341.4 345 350.5 363 375.6 386.4 395.5 401.9 407.7 409 407.1 402.5 397 389.4 383.2 376.3 373.9 369.4 360 354.9 352.3 346.6 338.4 338.8 338.4 335.7 333.1 328.7 323 314.7 303.6 297.4 291.9
493.6 482.8 470.1 454 437.7 420.4 413 405.7 393.4 380.3 371.9 360 360.9 361.8 361 374.1 382.2 386 385.3 381.9 374.3 367.5 357.7 348.6 338.5 326.7 312.9 302.1 288.7 273.2 267 268.4 271.4 285.7 301.7 315.7 326.3 333.8 336.3 337.3 336.9 334.8 334.1 332.4 332.5 331.8 336.1 344.5 356.7 368.4 378 384.8 391.5 395.2 392.7 387.9 382.5 376.9 370.6 362.5 355.2 350.4 344.3 338.4 336.5 335.1 330.2 327.6 325.4 326.2 324.1 322.2 319.7 315.3 310 301.1 294.7 290.7
489.8 478.7 463.1 444.1 424.7 413.5 403.3 394.4 384.6 372.5 377 378 380.7 378.1 376 388.5 398.1 402.2 402.6 400.6 393.9 383.5 375.7 365.9 355.7 343.8 331.6 320.3 307.5 293.8 282.7 265.2 265.7 274.5 292.5 307 317.4 324.6 327 329 327.2 324 322.8 322.9 322.5 321.7 327.7 336.6 350.7 359.8 367 374.7 380.1 381.1 377.5 370.7 364.1 358.4 352.4 345.2 336.2 330.6 326.2 324.8 321.5 317.3 317.4 318.7 318 317.7 317.1 313.6 307.7 305.9 301.4 296.2 290.4 286.4
488.5 477 460.3 440.7 420.9 410.3 397.8 388.7 381.4 382.1 389.8 394.5 395.7 392.2 391 403.4 412.3 417.9 418.6 415.8 410.7 402.5 393.2 382.7 371.8 359.2 346.7 334.6 320.6 307.2 293.9 279.3 263.1 265.3 278.8 295.1 307.4 314.9 317.9 319.2 317.1 313.8 312.3 312.6 312.3 311.5 319.1 329.9 341 347.5 355.1 364.1 368.3 366.6 362.3 355.5 345.3 341 334 325.9 319.6 314.6 312.2 309.7 306.7 306.6 308.6 309.7 308.1 308.7 308.5 306.8 299.7 294.6 292.6 289.3 283.8 278.3
487.9 477.6 463.2 443.7 424.5 408.1 399.2 389.8 383.2 393.4 401.6 406.4 408.3 404.3 403.3 414.9 425.8 430.1 433 431.1 427 419 408.2 397.5 386.8 373.7 359.1 343.9 330.2 315.9 300.1 286.9 275.3 261.2 266 282.6 295.7 303.5 307.9 309.5 306.4 302.7 302.7 301.4 300.4 303.8 312.1 320.9 328.1 336.4 342.7 351.3 357.6 356.9 349.8 342.8 333.6 323.9 314.5 308.7 304.4 301 297.8 295.9 294.3 294.8 298.4 300.2 298.5 296.6 294.4 292.3 290.2 286.7 283.7 280.5 276.9 272.1
489.2 479.9 466.9 448.5 428.4 411.5 401.3 393.1 389.8 402.6 411.9 417.3 418.4 415.2 414.7 426.1 435.7 441.9 445.6 444.9 439.8 432 421.9 410.9 399.8 385.2 371.3 351.8 336.8 321.7 305.4 292.1 281.3 269 259.3 271.5 279.8 288 293.1 293.5 293.6 292.2 293 291.4 290.1 294.2 300.7 308.8 315.5 322.8 329.5 335.8 342.2 344.8 335.4 328.1 319.8 309.5 302.2 296.5 290.6 287.9 286.2 283.8 284.7 284.6 285 287.4 286.2 285.1 284.8 283.2 280.6 279.1 276.5 272.6 268.5 264.3
491.2 482 469.4 452.2 431.8 415.7 405.2 397.4 397.1 411.4 422.5 427.2 428.9 427.9 428.2 438.4 446 452.9 456.8 455.4 450.7 441.8 430.4 420.8 407.4 391.5 379.2 360.5 340 325.6 309.4 295.8 285.3 276.2 264.1 257.8 263.6 269.9 274.2 278.1 280.4 282.8 283.7 281 278 282 287 294.6 301.8 311.1 316 323 327.5 327.1 323.3 314.6 307.3 299.1 290.5 284.2 279.9 278.4 276.4 276 275.5 275 274 274.1 275.4 275 276.2 275.6 274.3 272.3 269.7 266 261.4 257.8
491.6 483.3 470.6 453.3 433.3 420.2 409.9 401.8 403.9 419.4 431.6 436.3 439.2 439 441.2 448.6 455.8 461.8 465.3 463.2 458.2 450.5 439 425 411.4 395.4 381.8 362.9 344.5 330.5 313.3 299.6 289 278.2 263.6 260.2 256.1 258.2 261.4 266.1 270 273.2 272.8 271.4 270.2 272.6 274.6 280.4 288.7 295.9 303.5 307.9 311.1 312.2 309.1 304.8 296.8 290.1 284.7 278.8 271.7 269.4 267.8 267.8 267.5 266.9 265.8 266.2 267.7 267.4 267 266.2 265.6 264.6 261.9 258.5 254.4 251.3
491.4 484 471 453.6 437 424.3 416.2 409.8 413.1 429.4 439 445.7 448.4 450.8 453 459 464.7 469.9 470.8 468.4 462.7 455.3 442.8 428.3 410.6 396.3 380.8 363 347 330.6 315.3 303 291.2 276.2 275.3 270.2 264.5 257.9 252.4 252 255.5 261.5 262.4 262.2 260.6 263.1 265.2 267.7 271.7 277.9 285.4 293 298.4 299.3 298 295 289.1 281.2 276.4 271.8 265.3 261.2 259.6 259.9 260.2 259.9 260.9 260.6 259.1 259.4 259.1 257.7 256.3 255 253.4 250.5 248 243.4
493.8 485.5 476 462.2 445.1 431.3 423.5 420.1 424.9 438.9 449.3 455.7 459.1 462.4 465.4 469.5 474 476.1 473.6 470.1 464.1 455 441.7 427.1 409.4 391.6 373.9 358.3 342.8 328.9 316.7 304.9 285.9 290.7 290.1 284.2 275 266.4 260.2 254.2 249.7 248.8 249.1 251.6 251.7 254.8 257 257.2 259.2 262.2 267.4 275.9 282.6 285.2 284.4 281 277.6 273.2 268.1 263.5 259.9 256.2 252.9 253.1 252.8 253.1 254.1 253.8 251.8 249.8 250.7 249.9 248.8 247.4 245.2 243.2 241.3 239.2
495.2 488.5 480 468.7 458.3 444.8 432.6 432.5 440.4 450.9 460.6 466.7 470.5 473.6 476.4 477.9 481.3 480.6 477.9 472 462.8 452.2 438.6 422.3 404.4 384.5 366.8 352 338.6 326.1 315.4 302.5 305.3 308.3 302.5 295.6 289.1 280.2 273.4 266.8 259 255 247 245.6 245.5 245.4 247.1 246.9 249.2 253 256.3 259.1 264.5 270.9 272.3 270.2 267.3 264.1 260 256.8 254.1 249.2 244.9 244.3 244.3 245.3 246.3 246.6 245 242.7 242.2 241.7 240.7 239.8 238.1 237 235 233
494.9 488.8 483 474.6 466.3 456.6 446.5 450.4 456.9 463.5 471.8 477.7 481.4 483.6 484.7 484.7 486.1 484.7 479 469.7 459.6 448 433 414 394.4 376.9 358.6 345.4 334.1 322 307.3 311.8 320.6 321.8 317.4 310.5 301.6 294 288.4 282.5 274.1 266.7 260.4 254 247.1 243.2 241.6 240.8 239.7 240.9 243.6 246.2 251 256 257.4 258.1 257.9 255.8 253.1 250.8 247.2 242.4 239.3 238.4 236.8 237.5 238.1 237.9 236.4 236 234.9 233.3 231.9 231.4 231.5 230.8 228.7 226
492.2 488.7 484.3 478.2 472.3 468.2 466.5 469 471.9 477 482.4 487.4 490.6 492.4 493 491.6 489.3 485.1 477.3 467 456.1 442.5 426.2 404.7 388.2 369 349 338.3 327.6 324.7 316.6 327.1 335.3 335.4 333.3 325.6 318.2 310.2 301.8 296.3 289.9 283.1 276.4 269.5 264.4 258.7 253.7 249 242.4 237.8 236.5 235.5 237.9 242.9 243.6 246.2 246.4 246.5 245.8 243.1 240 236.7 233.4 231 231.2 230.8 230.9 230.7 229.7 228.9 228.1 225.7 224.8 222.9 222.9 222.3 221.2 220.8
