Assets/StreamingAssets/GeoData/Data/no/NO37.asc
ncols 200
nrows 200
xllcorner 330000
yllcorner 770000
cellsize 50
[rows 140 to 174 of 200, columns 0 to 77 of 200]
675.5 662.8 658.2 656.2 652.9 654.8 654.1 649.2 648.6 651 653.4 650.1 614 588.1 561.5 519.6 495 464.7 451.6 428 407.1 395.3 385.2 393 389.6 365.1 348.5 343.8 332.5 305.2 287 277.1 271.3 264.1 252.1 237.1 231.9 235.3 234.4 230.5 229.4 229.8 229.7 229.2 229.4 229.5 227.4 229.2 229.3 229.1 229.4 230.7 232 235.2 234.4 234.6 234.4 235.3 239.4 241.7 241.8 240.9 240.4 247.7 246.3 250.2 250.5 255.8 256.7 265.3 268 270.9 277.3 284.6 292.4 299.8 304.5 312.5
716.7 699.8 690.4 688.2 683.5 681.6 680.1 673.2 669.2 673.7 675.4 666.4 631.6 620.6 591.6 549.5 522.1 488.7 471 444.6 429.3 415.8 404.4 410.8 406.4 382.8 367.2 359.7 348.8 312.4 301.9 290.8 280.7 266.2 256.1 250.5 243.7 243.6 240.1 237.1 232.8 230.9 229.7 229.4 229.4 229.5 229.3 228.6 228.9 228.6 228.7 230 230.8 231.2 231.9 232.6 232.3 232 234.8 237.2 238.7 236.3 239.7 238.4 244.8 250.8 246.7 248.8 256.1 258.1 263.8 263.2 271.9 276.3 281.7 285.8 293.4 303.1
750.4 743.5 722.2 718.4 713.2 708 700.4 693.8 690.7 691.7 691.9 688.3 665.1 644.4 614.6 581.7 541.6 515.5 484.5 468 444.4 432.8 425.9 422.6 410.6 396.4 385.1 374.5 350 327.5 317.2 309.7 289 272.6 270.8 269.4 259.1 252.3 246.5 243 237.4 232.1 232.3 230.6 230.3 229.6 228.9 228.7 229.2 228.2 227.4 229.6 230.2 230.2 230.5 230.8 231 231 230.4 230.9 232.8 233 235.7 236.6 236.4 242.6 242.3 246.4 246.1 249 253.3 256.5 257.2 267.1 271.3 276.3 284.5 293.2
763.6 758 748.9 741.6 734.5 726 720.7 713.6 712.2 710 711.7 704.9 684.4 673.9 639.2 600.1 576.4 537.3 500.6 475.9 460.5 443.6 440.4 433 418.6 406.5 402 383.9 374.8 351.4 334.9 320.1 292.5 285.6 280.7 275.8 271.5 265.3 262.2 256.5 242.8 243.5 240.6 238.8 233.7 232 231 230 229.4 232.3 232.5 229.3 230.2 229.2 229.5 229.7 230 229.8 229.3 229.5 230.5 231.5 232.8 233.3 234.6 236 237.6 244.4 238.1 243 242.7 248.3 250.9 253 263.1 269.8 272.1 277.2
767.6 763.2 756 749.9 741.6 733.7 730 729 728.4 728 724.1 715.8 704.6 692 656.9 621.3 592.1 546.1 511.7 491.1 471.3 467.4 454.5 440.3 433.1 419.3 409.4 400.2 380.7 358 332.9 309.9 299.6 292.6 286.2 284.8 280.8 274.7 270.1 259.8 257.5 250.3 248.9 247.1 240.7 237.7 233.1 231.2 230.6 235.4 235.9 233.5 228.5 228.8 228.5 228.5 229.2 228.9 228.9 229 229.4 231.4 230.7 237.4 238.9 239.2 238.4 240.5 236.5 234.7 236.2 238.6 246.4 246.8 252.6 262.7 266 269.1
767.1 767.1 760.3 753.8 747.5 740.3 739.6 741.2 740.9 738.8 734.6 729.2 723.6 711.4 676.3 642.4 606.3 564.8 530 505.6 493.4 482.7 471 457.6 446.9 430.3 420.5 403.2 382.9 356.3 333.8 313.6 304.6 295.7 289 284.8 280.9 277.4 270.3 267 267.9 254.4 252.5 249 245.8 242.4 235.6 235.2 232.3 235.2 236.2 236.6 234.4 227.8 228.7 228.3 227 228.7 228.9 228.5 228.7 228.6 228.6 231.9 237.1 240.7 235.4 241.4 235.7 237.2 239.3 234.2 243.9 241.6 244.7 252.9 256.5 264
770.7 767.5 763.3 757.8 753.7 750.6 750.5 750.6 748.9 747.7 747.3 744.9 738.6 723.8 690.3 653.4 609.5 576.4 544.5 530.1 518.2 507.8 488.5 475.6 461 449.1 436.2 409.4 387.7 363.1 340.1 326.3 314 306.5 295.6 290.5 284.3 278.6 273.3 271.7 270.4 263.1 260.3 255.7 248.7 244.5 240.2 242.3 235.8 240.6 237.4 235.3 232.1 231.8 229.7 228.8 226.3 229.2 228.7 227.5 226.3 226.3 226.6 226.8 236.5 239.9 231.4 235.2 239.2 234.7 231.5 235.5 234.3 238.5 241.7 242.6 250.7 258.4
767.9 768 766.6 763.1 758.1 756.1 757 757.2 755.6 756.1 758.7 757.8 751.5 729.5 692.9 653.6 620.8 588.8 564.7 553.3 540.1 528 511.5 497 485.7 470.2 457.9 426.8 397.7 375.3 358.2 347.6 333 321.5 309.1 298.9 292.4 285.5 282.8 282 278 271.6 267.4 263.4 258.4 254.2 248.9 247.1 241.8 241.2 236.5 234.7 233.3 234.7 231.8 228.9 226.3 226.3 226.3 230.2 231.8 231.3 229.6 227.6 229.5 239.8 231.9 230.6 233.4 237.1 235.2 231.5 232.2 241 238.3 237.8 244.1 252.9
759.9 765.1 765.9 763.2 759 757.6 757.8 758.6 758.9 762.9 765.8 764.7 759.1 728.8 698.4 662.9 639.4 608.8 588.7 577.6 569 556.1 537.5 523.8 510.3 499.4 487.8 452.3 416.7 390.7 376 368.1 347.7 329.1 317.9 309.6 301.2 292.9 289 286.7 284 278.5 273.9 268.9 268.2 263.5 259.8 253.8 244.2 240.9 240 239.6 240.4 237.4 231.3 230.5 230.9 232.7 232.2 235.4 236.6 233.6 233.1 231.5 226.3 230.3 231.4 230.9 230.9 233.3 237.8 233.5 231.5 231.5 235.6 236.9 242 240.5
752 756.4 759.4 758.3 756.6 754.9 755.2 757.5 759.5 764.7 767.5 766.2 760.8 737.2 708.8 687.3 656.9 629.1 616.3 606.1 594.8 581.5 564.1 555.5 542.7 531.1 512.7 473.8 439.2 406.4 392.2 383.9 354.8 337.6 326 316.1 308.3 302.1 298.7 294.6 289.9 284.4 279.4 276.6 276.2 272.3 266.4 257.9 250.8 251.1 248.4 245.1 243.7 233.9 236.4 234.4 230.6 234.1 237.7 241.6 239 235.9 234.4 233.1 232.6 228.9 229 228.6 230.4 231.9 236.7 234.5 231.5 231.5 231.5 241.2 242.8 240.5
745.1 748.1 751.1 750.1 749.4 747.8 750.2 753.5 757 761.9 764.9 763.6 760.6 752.8 732.1 705.7 675.9 650.9 641.5 632 625.6 603.6 588.4 579.5 565.3 553.5 529.9 486.6 441.5 417.4 409.1 386.6 363.3 350.1 340.5 326.9 320.3 315.1 311.4 306.9 301.6 296.7 289.6 282 279.9 277.5 272.5 265.3 265.7 263.2 254.5 249.6 239.8 239.5 238.3 236.2 236.3 234.4 239.4 240.4 242.1 244.7 237.9 237 233.7 229.6 228.5 226.7 229.1 229.6 233.6 239.6 230.5 232.5 231.6 242.1 241.1 241.1
732.6 733.5 736.5 736.5 736.7 738.3 742 745.6 749.4 754.3 758.1 760.2 760.4 760.3 749.4 724.9 698.5 681.7 673.7 661.5 651.7 623.9 610 600.2 586.8 573.1 535.6 479.1 452.5 434.7 423.1 397.6 374.5 362.3 353.5 342.4 333.2 328.3 326.1 321.1 317.5 311.4 301.4 291.6 287 281.9 277 275.3 276.2 273.3 267.7 262 255.4 252.9 251.1 243.6 238.9 240.6 239.9 244.3 245.5 245.3 242.6 238.4 234.3 230.2 228.9 226.5 227 228.3 228.8 233.7 237.9 229.4 233.2 239.7 241.1 251.2
720.2 721.3 720.1 719.7 722.6 724.4 730.2 734.2 739.5 745.5 750.2 754.7 757.6 762.5 763.8 744.6 721.9 709.7 704.3 680.8 666.6 643.9 635.2 624.8 606.7 587.8 538.5 492.5 466 448.2 435.9 414.5 395.4 379.9 366.6 355.3 348.1 343.1 339.6 333.8 328.2 324 312.1 300.9 294.9 291.4 286.7 284.8 283.3 280.5 277.4 275.1 268.6 264.6 261.3 253.7 247.1 248.1 250.9 250.6 245.6 246.8 243.7 238.6 234.4 230.4 229.5 228.6 226.3 227.4 228.7 228.5 234.6 229.6 231.5 235.7 244.5 242.3
708.7 710.2 709.6 706.1 706.6 706.9 715.2 721.3 728.3 734.2 739.9 746.6 752.8 758.3 760.9 758.6 748.7 735.3 726.1 701.1 680.2 664.1 652.2 636.1 619.1 588.9 545 509 481.2 463.1 448.2 430.9 410 393 382.1 372.5 361.7 356.5 352 344.2 335.2 327.4 318.3 309.1 304.3 300 295.9 292.5 291.9 287.7 285.2 286.2 278.6 271.2 267.5 263 257.6 257 258 255 251.6 248.6 243.2 240.5 236.6 235.5 237.2 233.4 229.9 228.6 227.9 226.3 228.8 229.8 228.7 228.6 234.4 233.5
696.4 696.6 696.3 694.4 690 693.2 700.7 707.3 714.5 720.8 729.5 737.2 743.6 748.9 752.7 756.6 757.1 748.5 736 715.5 694.4 678.2 664.7 643.1 622 586.9 551.1 519.9 492.8 475.4 463.8 448.4 424.4 408.1 394.5 387.9 374.1 368.8 364.7 356.7 346.1 336.1 331.5 324.6 314.1 307.3 302.4 300.3 298.2 294.8 294.2 292.8 285 279.8 276.6 274.1 269 266.4 264.9 260.3 254.6 252.5 250.7 247.3 244 241.6 241.5 245.9 247.2 242.3 238.9 230 227 231 228.7 228.3 231.2 232.1
683.8 683 682.4 679.8 676.7 676.9 683.8 691.1 698.8 707.7 715.7 723.5 730.8 738.8 745.8 749.9 752.3 749.5 737 721 702.5 683.7 668.4 646.9 618.1 590.3 551.2 525 502.6 484.9 473 459.7 439.2 420.5 412.8 405.1 392.6 381.3 377.6 369.6 357 352 350.2 333.9 327.3 320.7 317.9 314.5 309 306.4 305.3 303.1 297.3 292.5 289.1 284.3 279.4 275 271.9 267.6 263.5 260.4 257.1 253.1 250.2 249.3 251.5 248.8 247.1 243.1 234.1 229.6 228.5 226.3 227.9 228.1 228.6 230.1
669.2 670 667.9 665 660.9 664.2 669.3 678 685.7 694.7 701.9 709.2 717.3 726.5 736.9 739.7 742.8 741.3 732.8 718.9 705 686.8 667 646 613.6 586.3 555.5 528.8 508.9 494.5 481.3 464.9 448.7 435.4 429.3 422 405.5 395.5 389 379.5 368.2 371.5 360.6 349 343.1 338.8 335.4 331.6 328 324.3 320 315.7 311.2 307.3 302 296.5 290.7 284.9 280.8 277.3 274.1 270.8 263.7 258.1 256.2 255.6 253.8 248.2 244.5 240.3 237.3 232.8 228.4 226.4 228.3 228.4 228.3 230.6
653.5 652.3 651.3 649.1 648.5 653.7 660.1 668.6 676.4 684.9 692.4 698.6 704.8 714.2 724.6 729.3 731.8 732.5 727.1 718.4 705.9 686.2 664.2 643.1 610.6 574 547.7 529.1 514.8 501.9 487.9 473 458.7 450.4 444 428.5 417.8 411.2 401.8 397.9 388.3 387.7 374 366.9 357.6 355.3 354.1 349.7 346.3 341.9 335.5 332 328.1 323.5 316.3 308.5 301.6 294.4 289.9 286.4 283.2 280.3 276.7 263 260.8 258.3 253.4 249.8 246.9 239.2 233.7 232.8 229.2 229 226.2 226.9 228.9 233.4
636.9 636.7 635.9 637.8 641.9 647.7 652.8 659.3 668.1 674.8 680.6 687.4 693 701 710 717.5 721.2 722.9 721.4 716.6 706.7 686 660.9 629.9 597 570.7 546.1 530.3 515.9 505.4 494.7 482.9 470.5 461.3 455.6 443 435.3 430.5 420.6 415.5 409.5 403.4 389.2 381 378.8 374.2 372.3 371.1 365.4 364 357.5 354.1 346.7 342.3 333 322.2 314.5 306.9 299.4 294.2 289.6 287.2 285.1 274 265.9 259.9 255.3 251.2 245.6 238.8 233.5 232.1 230.4 229 229.7 227.9 225.4 230.2
624.4 624.7 625.8 628.9 635.8 644.3 649.9 654.2 660.2 664.9 669.9 674.8 680.8 688.5 695.2 702.4 709.7 714.6 716.1 712.5 704 684.7 654.5 620.7 594.8 570.2 547.1 532.7 519.1 509.3 501.7 494.4 483 475 468.3 460.4 451.1 446.9 439.3 432.7 419.3 412.5 412.9 403.5 401 398 396.5 392.9 392.2 395.9 401.2 389.1 377.8 368.2 360.9 342.5 330.7 321.5 312.6 304.4 297.3 291.5 287.8 280.2 273.2 265.9 259.2 254.1 246.8 239.5 233 230.2 229.6 229.2 232.2 231.4 229.3 225.4
612.6 613.5 614.8 624.6 635 641.4 646.7 649 652.9 656.9 660 662 668.7 675.5 680.1 688.2 698.6 707 710.8 707.5 700.6 683 650.9 619.8 592.1 571.7 551.7 539.6 527.8 519.3 514 503.9 496.3 487.7 480.9 472.6 465.6 462.3 452.5 443.4 437 435.7 428.3 421 424.4 424 427.6 423.1 423.2 420.2 407.4 394.7 381.5 372.7 367.4 357.7 347.3 338.2 328.5 319.6 310.1 299.4 292 287.7 281.4 275.3 269.1 262.5 254.7 247 238.9 234.2 232.7 233 232.1 231.8 228.4 227.8
600.2 594.5 612.5 625.6 635.8 640.9 642.6 642.6 644.5 646.7 647.8 650.8 657.5 665.9 670.3 678.1 688.9 697.8 702.6 699.9 695.3 679.5 648.6 621.1 593.2 575 557.5 550.1 539.5 529.1 522.8 515.8 508.3 498.1 487.6 480.2 472.1 465.5 456.2 449.1 449.9 447.2 441.2 439.7 443.2 445.7 449.8 452.6 451.1 438.6 428.5 413.7 399.5 388.1 379.9 371 362.2 353 344.4 334.9 325.4 313.3 304.7 296.9 290.7 285.6 279.8 273.9 266 256.8 249.5 241.1 236.3 235.2 230.9 229.7 228.9 228.3
579.6 600.5 615.4 627.1 635.2 639.4 638.3 634.7 633.9 633.7 637.3 641.1 648.7 656.8 664.5 670 679.3 687.3 692.1 688.3 684.3 671.2 648.2 621.3 599.5 581.6 567 559.1 550.9 541.2 532.1 525.2 512.6 502.6 496.3 486.9 479.8 473.3 463.9 458.7 459.6 461.4 459 458 464 464.7 468.8 471.8 465.9 459.5 449.8 437.4 423.2 413.3 398.3 384.5 379.2 367 363.6 352.1 339.8 329.5 318 309 301.5 294.8 288.3 283.1 273.3 266.8 259.1 249.8 241.9 237.1 232.4 229.8 229.6 229.4
582 600.9 613.8 623.4 629.7 631.7 627.5 621.6 619.5 619.5 624.5 631 641.2 650.8 657.9 663.2 671.4 677 679.3 675.6 670.7 662.6 647.1 624.8 604.3 588.9 577.1 569.9 561.9 550.3 540 533 518.6 508.4 501.6 493.1 486.5 482.5 475.7 469.8 468.2 479.3 482.2 480.1 482.5 485.1 486.1 486.4 480.8 475.5 470.6 461.4 451.2 436.9 416 400 391.7 379.2 378.3 372.6 354 345.2 333.3 323.3 314.8 306.9 298.6 289.4 279.7 275.3 263.3 255.2 248 242 236.8 231.5 230.7 231.6
578.8 596.6 609 616 619.4 620.4 615.9 609.6 608.4 610.1 615.2 623.8 635.4 645.9 651.6 657.4 662.9 666.4 665.7 664.3 660.5 653.7 643.6 628.9 606.3 592.9 584 576.7 567.8 558.6 548.5 539.8 534.9 515.7 507.7 500.8 495.3 487.6 489.7 487.2 485.5 496.2 501.7 501 501.8 503.2 505.2 507.1 503.4 502 493.8 481.5 472.7 454.8 431 417.5 408.4 393.7 397.7 393.4 369.9 360.7 347.1 335.7 328.4 319.5 307.2 295 288.7 282 268 258.8 253.8 248 243.1 239.7 235.2 231.9
576 587.8 597.3 606.5 608.2 606.6 603.7 599.6 599 601.3 608.6 618.9 629.6 639.3 645.9 650.7 653.9 654.5 653.1 652.7 651.3 645.2 638.6 629.7 605.8 592.7 587.1 577.3 569.1 561 552.9 545.6 541 528.4 515.1 509.6 504.8 499.8 502.3 502.4 505.2 512.4 518.3 521 522.3 523.5 523.9 523.2 520.8 518.2 511.9 502.8 492.5 482.6 451.5 443.1 434.8 417.9 415.5 411.1 392.3 379.7 369 357.5 344.9 334.8 321.5 305.6 297.5 287 277.4 267.1 260.8 255.2 248.8 247 241.5 235.4
569.5 579.8 586.5 594 596.4 594.6 593.2 591.1 590.3 594.4 601 613.9 624.7 634 640.5 643.7 644.5 643.5 641.8 641.1 640 638.1 628.5 617.7 601.7 591.2 585.2 577 570 562.8 555.6 549.6 545.4 542.2 535.2 522.6 520.7 514.5 517.5 520.3 524.5 529.7 535.9 539.5 542.9 544.4 545.6 544.3 541.3 534.3 527.9 518.8 513.3 497.2 478.2 460.7 448.1 448.2 430.2 423.6 411.3 397 383.3 381 365.7 353.8 339.9 321.4 307.9 295.5 285.2 277.3 270.2 263.1 257.8 252.5 249.2 239.1
561.4 572.1 580.3 583 585.6 585.3 584.6 580.8 581.3 587.3 598.8 610.2 621.2 629.7 635.1 636.4 634.6 631.6 629.3 629.3 625.9 624.9 614.6 605.2 595.2 586.8 581.4 575 568.4 562.4 556.4 552.2 549.4 548.2 545.6 540.8 533.4 530.8 532.5 537.2 543 547.8 553.2 558.8 561.3 562.8 565.2 566.3 561.7 550.3 543 539.9 533.3 517.2 502.7 485.7 474.1 462.5 447.5 440 427.6 421.2 408.3 397.2 387.7 380.2 364.3 345 325.1 305.8 295.2 288.4 282.5 273.7 265.7 259 253.8 248.9
555.5 565.4 572.2 575.3 576.5 575.7 574.5 572.7 572.7 582.2 596.3 607.9 618.5 626.6 629.8 628.8 623.8 620 616.4 614.2 610.1 606.6 601.3 594.7 587 582.1 577.1 573.1 565.3 559.8 554.9 552.3 552.8 552.7 552.9 550.6 549.3 549 552.2 554.8 558.9 565.1 571.3 575.8 577.3 580.6 581.3 581.6 578.4 571.9 559.5 553.7 545.4 531 522.3 511 496.4 484.4 467.6 459.5 453.3 443.9 429.1 419.3 408.5 403.4 401.4 370.2 345.2 325.1 310.4 299.6 292.2 284.4 276.8 269.7 263.3 257.3
548.6 556.9 563.2 565.9 566.6 567.2 566.1 563.2 566.8 577.2 593 605.5 615.7 623 624 621.1 613.8 609.6 604.2 598.2 593.4 596.3 590 584.1 579.5 576.4 572.2 567.5 559.6 556.2 552.2 554.9 556.9 558.1 561.1 562.1 561 563 570.8 574.4 576.7 581.4 587.5 591.1 593.8 595.7 597.9 597.2 591.7 588.2 574.8 569.2 559.4 548.9 536.5 529.1 513.1 503.9 491.9 481.1 479.3 475.3 470.8 449.9 437.9 428.4 419.7 394 365.2 344.8 326.7 313.5 302.4 294.4 287.9 280.7 273.9 267.8
539.9 548.2 553.9 556.6 558.3 558.4 557.1 555 560.4 574.5 588.8 602 611.3 617.9 617.7 613.2 607.1 599.8 591.7 588.6 584 579.9 575.9 573.4 570.9 568.8 563.9 558.9 554.2 552.3 550.2 556.2 559.4 564.3 569.1 572.4 571.6 579 588.1 593.8 596.6 598.5 601.9 607.5 609.8 607.7 607.4 609.1 603.4 596.9 589.9 581.4 573.9 567.1 550.9 543.3 527.3 521.6 513.6 508.3 514.2 509.9 494.5 474.3 451.9 438.3 426 405.2 386.8 360.3 340.3 327.8 316 305.4 297.2 291.6 284.8 278.5
531.3 540.1 545.6 549.2 551.1 550.8 548.1 547.4 556.4 569.7 586.1 597.8 606.4 612.8 611.9 606 600 592.6 584.8 578.3 572.2 565.4 565.3 564.3 562.1 559.5 555.2 550.9 548.8 546.5 548.2 555.6 561.3 568.4 574 578.4 582.5 596 610.5 613.3 612.3 612.8 614 619.3 618.3 615.4 612.6 613.9 611.4 607.3 599.7 590.7 583.8 577.3 563.7 553.3 544.5 538.3 544.3 540.4 535.9 528.5 509.2 478.4 462.8 441.7 422.8 411.6 417.1 374.6 353.6 342.1 331.4 319.4 310.3 302.8 295.7 289.2
524.4 533.6 539.3 543.2 544.3 543.8 541.3 542.8 552.9 569.1 584.2 594.5 603.2 607.4 606.5 599.1 592.5 585.3 575.3 569.3 562.4 558 554.3 555.3 552.9 550.2 546.6 543.3 542 536.1 545.9 553.2 561.4 570.4 577.6 584.3 593.7 607.7 625.8 631.2 626.9 623.7 624.5 623.3 620.6 617.8 616.8 614.6 614.1 613.9 609.5 600.2 592.3 586.5 572.6 567.7 560.1 562.3 557.8 549.5 540.7 537.8 517.1 490.5 460.4 437.2 419.4 415.3 408.4 383 365.6 355.7 343.2 333.1 327.3 322.2 308.3 298.8
518.4 528.2 533.9 536.1 537.8 538 535.7 538.8 552 567.5 581.5 591.2 599.5 602.2 600.4 592.7 584.1 576.5 566.3 562.2 555.5 548.7 548.2 546.7 542.8 541.9 537.7 535 534.9 533.2 542.7 550.5 559.7 569.6 578.6 589.7 601.1 611.7 629 643.8 638.2 632.9 629.6 623.4 619.4 615.3 613.7 612.7 612.8 612.8 610.8 604.8 595 592.3 580.2 575.7 571.6 573 567.4 557.5 543.9 530.2 512.8 486.5 464.8 437.8 417.7 410.1 403.6 381.7 366.3 360.8 350.2 344.2 340.7 331.5 315 304.7
512.4 521.2 528 528.7 530.7 531.2 528.9 537.4 551.4 565.1 578.1 587.6 594.8 596.6 593.1 585.4 576.2 566.3 559.6 555 549.5 536 539.7 539.7 534.1 533.3 527.2 527 526.5 530.5 539.3 546.4 557.3 567.4 577.7 590.8 603.1 612.8 630.6 645.5 646.3 635.1 628.1 622.1 614 608.9 606.2 608.1 608.9 609 608.7 605.2 599.6 596.1 587.2 584.4 581 577.1 575.2 560.3 539.9 520.3 511.9 488.3 465.5 435 418.7 406.1 399 381.6 368.9 362.6 354 346 335.2 327.2 318.1 313
