Assets/StreamingAssets/GeoData/Data/no/NO38.asc
ncols 200
nrows 200
xllcorner 330000
yllcorner 780000
cellsize 50
[rows 70 to 104 of 200, columns 78 to 155 of 200]
658.7 655.1 653.6 646 634.2 625.8 620.4 622.5 624.5 633.5 645.7 653.2 657.6 658.3 660.8 660.1 657.9 653 646.5 643.6 639.8 642.2 645 645.5 646.9 644.8 641.9 634.1 636.3 644.1 645.8 645.9 645.1 650.5 652.7 653.3 653.1 653.3 653.6 652.5 648.8 637.6 643.4 649.8 650.6 650.9 651.2 653.2 656.8 658.5 660.3 661.4 660.9 658.6 656.5 655.5 653.4 649.6 646.4 642.6 638.4 636.6 634.7 632.9 630.6 626.4 624 614.7 603.4 594.9 589.6 591.2 595.8 592.7 601.4 616.1 622.9 629.1
661.7 659.3 657.1 647.6 638.6 626.8 622.2 626.1 634.7 643.7 644.5 651 660.2 661.2 661.7 662.2 662.1 655.4 649.3 643.3 639.1 642.5 646.7 646.4 646.9 644.7 638.2 635.3 639.6 645.6 648.8 649.8 647.5 652 651.1 652.8 653.9 653.6 652.2 649.1 645.5 638.6 647.9 651.5 651.9 653.2 653.5 656.8 659.5 660.6 660.6 661.2 660.6 658.6 656.8 654.7 653 649.4 646.6 641.5 640.2 634.6 633.7 631.4 628.2 619.5 612.7 612.1 612.8 609.2 597.5 580.4 581.8 598.8 616 627.2 636.6 643.7
664.4 662.3 656.4 648.8 642 632.4 632.2 632.1 637.7 648.1 653.9 660.4 660.8 667.1 668.2 667 664.9 658.2 653 644.8 643.8 645.8 647.2 648.1 647 644.8 637.2 640.1 642.7 647.4 650 652.8 652.3 651.7 654.1 656 654.8 653.7 653.1 649.5 641.2 639.9 648.4 652.3 653.7 654.5 656.4 657.9 660 662 661.9 660.2 659.4 658.5 656.4 654.9 651.9 649.8 645.4 643.3 638.8 634.5 632.4 630.5 623.6 620.7 624.5 622.2 616.5 613.8 603.3 580.8 583.8 602.4 618 629.7 638.3 645.7
667.5 665.2 659.3 651.3 644.1 636 638.5 637.9 644.7 651.1 656 666.6 670.5 670.8 672.1 670.2 668 660.5 655.6 646.1 649.1 651.2 651.1 649.7 648.8 644.4 639.1 642.7 644.5 650.1 653.3 656 655.3 652.5 656.6 657.5 656.1 654.1 652.5 646.5 640.6 642.3 648.2 652.3 654.5 656.7 659.5 661.1 662.9 662.2 661.8 660.7 659.2 656.4 656.2 654.2 652.5 649.1 647.3 643.9 636.8 636.4 633.5 628.7 624.6 628.1 626.7 623.6 619.2 614.9 606 585.8 579.5 602.1 617.7 629.1 638.5 645.8
669.5 667.2 660.9 653.8 642.5 644.8 648.5 648.8 646.2 654.5 661.4 672 674.5 675.3 677.2 676.4 669.9 662.8 655.8 653.8 652.5 655.7 654.7 652.6 650.7 646.7 639.8 646.2 649.2 651.5 655 656.9 656.9 656.3 657.8 657.9 656 653.5 649.7 644.8 639.7 645.2 648.1 651.3 654.6 656.4 659.3 661.4 662.8 662.8 662.4 661.2 658.3 657.3 655.1 652.9 651.2 649.1 645.6 641.5 638.1 636.1 632.7 626.9 629.8 629.5 626.8 623.8 618.7 613.8 600.1 582 576.8 598.8 615 626.8 637 644.7
672.9 669.4 662.6 656.3 647.8 654 657.4 656.1 653.4 656.6 668.9 674.5 678.4 678.7 681.2 678.7 672.7 668 658.1 657.6 656.9 658.7 657.4 657.3 652.6 649.6 644.1 648.8 652.4 652.5 654.7 656.5 657.2 657.2 657.9 657.6 656.4 653.6 649.3 641 640.6 644.5 648.4 650.9 653.2 654.8 659.1 661.1 662.5 662.5 661.8 660.8 658.7 656.2 653.4 651.9 650 646 643.9 639.5 637.2 634.7 633.3 632 631.2 630.4 626.7 623.7 617.9 609.3 592.6 576 578.4 595.7 611.3 624.1 634.5 642.8
675.5 670.3 665.5 661.8 657.8 662.4 665.2 663 664.6 666.8 675 677.3 682.4 681.4 681.9 679.6 675.1 670.5 661.5 661.5 660.9 661.4 662.8 660.7 657.2 650.9 644 648.9 653.4 653.4 654.4 655.5 656.4 656.9 657.4 656.6 655.3 652 647.6 639.5 639.5 642.7 646.9 647.4 651.7 653.7 656.7 659.6 662.1 662.2 661.6 660.3 658.2 655.3 652.8 650.2 648.5 645.1 641.8 638 637 637.2 636.4 634.9 633.3 630.7 626.5 622.6 615.6 602.1 585.3 568 576.6 592.8 608.4 621.4 632.3 640.8
677.8 672.3 671.1 668.3 671.1 672.1 676.6 675.9 678.3 677.6 679.5 682.8 686 686.2 683.3 682.1 676.6 668.9 664.6 662.2 663.8 661.9 662.5 661.2 657.4 650.1 644.2 651.1 654 654.5 655.5 654.8 655.1 655.7 656 655.2 653.7 650.5 645.7 640.5 636.9 639 644 645.5 649.4 650.7 654.9 657.9 659.8 660.2 659 658 654 653.4 650.9 647.9 645.8 641.8 638 639.8 640 639.7 638.4 637.7 634.3 631.3 625.8 621.6 613.6 597.8 580.1 560.7 572.4 588.1 603.6 618.3 630 637.4
679.9 676 677 678.1 679.4 683.2 687 687.7 687.6 686 685.5 688.3 689.7 688.2 685.7 683.2 677.4 669.6 664.2 663 664.9 663 661.7 659.9 656 652.5 646.7 649.1 652 652.7 652.3 652.5 652 653.8 654.4 653.5 650.5 648.4 644 642.4 638.6 637.9 641 643.1 645.4 649.2 652.5 654.5 655.7 656.2 656 654.9 653.4 651 648 645.4 642.6 640 640.8 643.1 643.4 641 639.4 639 634.6 629.4 624.9 620.9 613 596.7 575.1 556.7 568.3 585 599.1 612.5 625.5 633.8
682.6 681.7 681.6 684.5 689.6 694 695.4 696.3 694.6 693.8 691 692.3 693.1 690.2 687.6 683.2 676.4 671.6 664.7 662.4 664.1 662.6 659.5 658.3 654.4 650.6 645.4 646.8 648.8 650.2 650.2 650.8 651.7 652.1 652.1 650.7 648.8 644.7 642.7 641 637.9 632.3 636.5 639.8 642.9 645.4 648.2 650.3 651 652.1 652 651.5 650.9 648.9 644.5 643.5 642.1 641.4 644.4 645.2 643.6 642.1 640.3 639.7 634.7 628.9 625.2 619.7 609.2 590 569.1 553.1 568.1 581.8 594.7 608 621.3 630.2
683.5 684.7 686.4 691.1 696.9 700.6 701.3 702.8 700.7 699.7 698.6 696.3 695.8 691.8 688.1 683.5 675.4 669.4 665.6 662.5 662.8 660.6 658 656.3 652.6 649.6 646.2 645.4 646.1 646.9 646.6 647.9 648 649.1 648.9 647.7 646.2 642.9 640.7 638.7 636.1 627.7 627.9 634.9 639.3 641.1 643.1 646.1 647.5 649.1 648.3 648.2 647.5 646.4 644.8 643.7 642.5 644.2 645.8 643.8 645.3 642.2 642.1 639.2 636 629.9 624.3 618.5 605.6 580.4 559.3 554.5 567.3 579.8 593.8 605.9 617.7 627.4
684.9 687.1 689.3 695.8 701.7 705.4 707.1 707.2 705 704.1 703.1 700.6 697.6 693.1 689.2 682.5 676.2 669.3 665 661.7 660.4 659.2 656.5 654.3 651.2 647.5 643.8 643.2 641 641.6 642.2 643 643.2 645 645.1 644.4 642.9 640.7 638.4 636.6 633.7 632.2 624 626.1 634.7 637.5 639.9 642 643.7 645.4 646.8 646.4 645.5 642.7 643.1 645.1 646.2 645.7 645.8 643.1 644.2 642.6 641.4 638.7 636.5 629.5 622.8 615.2 596.1 573.2 549.4 551.7 563.2 578.1 593.2 603.6 614.2 624.2
685.2 687.9 690.6 699 706.3 708.7 710.8 711.6 709.4 707 704.9 702.4 698.7 694.6 689 680.3 675.5 668.8 663.3 662.8 660.3 657.8 655.3 653.6 650.4 647.2 644.5 640.4 639.2 637 633.8 635.2 634.7 638.1 640.3 640.3 639.5 638.5 636.8 632.9 629.4 629.9 623.3 617.9 628.6 633 635.6 638.2 640.7 642.2 643.3 643.9 644.9 644 645.5 647 646.7 646.1 645.4 643.9 642 640.4 638.9 636.8 634.6 627.5 620.1 611.4 591.6 570.5 549.6 543.9 556.6 571.8 588.1 600.6 612.1 622.3
684 688.4 693.9 703.4 709.1 711.7 713.9 713.6 711.3 708.7 706.1 702.4 698.3 694 689.4 679.8 674.6 666.9 663.7 662.4 659.7 658.1 655.3 653.5 651.7 648.2 645.6 645.5 645.8 644.2 638.9 635.3 629 628.3 630.2 631.8 634.1 634.6 632.7 629.3 626.9 624.1 621 616.6 621.7 627.3 630.8 632.8 636.4 639.1 641.1 642.9 644.4 645.5 647.5 648.5 648.3 647 645.7 643.7 640.8 637.2 635.4 633.5 629.9 623.6 616.1 607.2 586.4 566.6 550 533.8 547.5 561.8 580.4 595 609 621.4
682.9 689.3 695.8 705.2 710.4 715.3 720.4 717.5 712 709.1 705.9 702.8 697.6 692.3 687.1 679.1 672.3 667.4 663.8 660.3 658.4 656.6 656.5 653.3 651 649.7 645.5 649.1 647.8 646.1 645.9 643.1 640.2 636.2 627.9 621.4 621.7 623.9 626.4 624.9 621.3 619.2 617.5 612.7 616.3 619.7 622.2 625.4 629.7 634.1 638.3 642.1 644.4 646.6 649.2 650.5 650.7 649.9 647.5 643.7 640 634.7 631.4 628.7 624.4 618.3 610.9 600.4 580.1 560 546.3 529.4 536.4 550.7 569.1 586.4 602.1 617.1
680.6 690.8 699.3 704.1 710.4 715.7 719.9 716.9 711.6 709.1 704.8 700.6 696.5 690.3 680.9 677.1 672.7 669.4 666.1 661.5 658.5 656.9 655.2 652.5 650.7 650.5 649.3 648.4 648.1 647.2 646.7 644.9 644.7 642.4 639 632 627.4 616.3 612.8 617.2 617 613.7 612.4 608.3 611.8 613 614.6 615.9 622.5 634.2 639.9 643 645.2 647.4 651.1 653.4 652.8 651.1 648 643.5 637.7 631.6 626.9 623.1 616.8 611.5 602.4 587.2 566.2 547.3 534.3 525.7 526.4 536.3 553.1 570.5 587.2 603.7
677.7 690 698.1 704.1 709.5 714.7 715.2 713.6 710.7 706.8 703.2 699.3 695.4 689 686.5 682.6 677.2 670.4 666.4 663.3 659 656.6 655 651.9 650.5 650 650.8 649.9 648.7 648 646.7 647.6 645.3 642.2 638.1 633.4 626.3 626.5 623.2 614.7 607.3 609.3 604.1 603.5 607.1 608.7 608.7 614.4 623.9 635.8 640.7 643.9 645.8 649.3 653.5 655.9 653.7 651.3 648.5 642.4 634.9 627.3 621.9 613.4 601.7 593.5 583.1 568.2 549.2 534.6 523.3 523.6 519.8 522.6 530.5 551.2 569.5 586.3
676.2 688.5 697.7 701.9 708.1 711.4 711.5 711.1 709 705.3 703.6 698.8 697.4 696.2 694.1 687.8 680.9 672.5 668.3 663.4 660.2 658.3 654.9 653.6 652.6 651.1 649.9 651 648.6 649.2 646.9 646.5 643.3 640.1 638.6 635.4 634.2 634.8 632.2 628.3 618 610.9 603.4 599.1 599.2 601.7 607.2 612.8 625.8 636.2 641.7 645.1 647.8 650.6 653.9 655.6 652.9 650.2 646.5 639.3 631.5 621.8 606.7 593.3 581.5 572.6 562.5 548.1 529.7 524.4 520.8 517.4 515.6 515.3 514.3 529 553.6 571.9
679.7 689.8 698.2 702.1 706.5 708.3 709.1 708.9 707.3 705.8 701.7 700.7 701.5 702 698.9 691 683.1 675.1 671.1 665.9 660.8 658.6 657.1 655.7 651.7 652.2 651.4 651.1 650.7 647.8 646.5 646.3 643.8 643.2 639.3 639.2 639.1 639.7 640.3 637.9 629.5 619.7 611.2 602.1 595.9 597.9 603.6 612.4 626.7 637.2 642 644.6 648.7 650.6 650.9 651.8 648.9 646.2 641 633.4 625.2 615.2 593.8 577.2 567.6 557.9 543.3 526.2 520.7 521.8 525.9 530.6 530 525.6 516.1 513 533 557.6
679.5 686.5 696.9 703.1 706.2 707.4 709.2 708.7 707.9 705.4 702.9 701.8 704 704.2 701.5 693.7 687 677.3 672.6 666.5 661.4 660.1 660 658.4 655.4 653.5 652.3 651.4 652 649.6 647.2 647 646.9 643.9 639.7 640.9 641.3 642.9 644.8 644.2 640 632.7 627.7 615 598.8 593.5 601.2 610.7 626.1 633.9 639.1 641.4 645.4 645.3 644 642 641.4 634.5 624.6 616.2 606.4 596.8 575.2 551.3 545.5 533 525.4 526.6 534.4 542.4 545 548.7 540.9 535.3 524.1 509.7 521.7 543.8
685.6 692.5 699.5 703.7 705.4 708.3 709.3 706.9 706.4 706.7 704.5 703.6 705.1 705.9 702.6 696.1 689 682.9 675.4 668.5 663.1 661.7 663.7 660.9 657.5 654.6 654.1 652.3 650.4 648.8 647.2 647 647.1 643.7 640.6 642.8 644 646.1 647.2 648.6 645.2 639.5 636.5 626.7 607.7 592.1 598.7 613.3 626.8 631.3 633 634.8 633.2 626.4 621.6 618.6 620.2 610.1 600 590.6 585.1 572.4 551 541 531.5 528.3 530.7 546.3 558.6 566.5 564.8 557.7 548.9 540.3 532.8 517.5 508.8 527.2
687.1 695.1 700.5 705.2 707.3 709.5 709.1 707.5 706.3 706.5 705.8 705.2 705.4 704.5 703 696.5 690.9 684.2 680.3 668.9 665.2 662.1 667.4 667.3 660.4 657.3 654.7 652.3 651 648.7 647.1 649 648.2 644.5 643.2 645.9 646 647 648.7 650.6 648 641.6 637.6 632.3 611.6 589 597.7 613.9 626 628.2 626.2 619.5 609.2 598.8 591 585.7 581.4 575.5 561.3 559.1 556.9 542.5 536.9 533.4 528.8 534.5 550.2 567.1 578.7 582.3 574.9 559.4 549 544.6 534.9 521 509.5 507.5
687 695.1 700.1 704.8 708.5 709.3 708.9 707 706.7 707 706.8 706 703.9 703.6 701.7 696.6 690.4 686.5 680.1 675.1 668.4 665.1 670.4 670.2 668 658.7 655.1 652.4 649 648.5 648.5 649.6 649.4 645.7 642.6 647.2 647.7 648.9 650.5 651.1 648.8 643.1 638 631.3 607.5 587.2 597 613.1 621.3 623.3 616 591.2 580.7 568.9 566.1 561.2 556.2 555.6 546.1 543.5 539.9 534.4 532 531.6 540.3 557.5 572.1 583.5 590.6 588.9 578.9 568.2 558.1 552 535 527.4 514 505.2
686.6 693.4 698.9 703.6 706.1 708.1 708.3 707 705 705.2 705.2 704.4 703.8 701.2 700.6 696.1 691.2 686.9 684.9 677.7 672.5 665.6 671.4 671.4 667.9 659.2 655 651.6 649.8 649.3 650.3 650.6 649.3 647 644.5 643.7 647.2 649 650.5 650 647.4 642.2 636.2 625.9 603.2 586.1 600.7 609.5 614.6 613.2 598.3 578.5 560.9 553.6 544.8 541.9 541.2 540.3 539.3 536.3 535.8 539.9 547.8 557.9 566.9 578.8 590.1 599.6 599.8 593 583.9 575 564.4 546.7 534 524 513.7 508.2
685.2 689.2 697.2 701.6 704.6 707 706.8 705.7 704.7 704.6 703.2 702.6 701.3 700.6 698.3 695.8 691.5 689.4 687.2 680.5 674.9 670.1 672.1 671.9 667.7 662.7 657 652 651.2 650.1 650.3 649.8 649.5 646.4 647.3 646.6 647.5 648.4 649.4 648.5 644.3 639.3 633.5 618.6 597.5 585.1 599.4 605.4 604.6 595.4 578.6 563.2 548.8 552.9 560.8 562.9 559.6 552.2 548.1 551.4 556.4 564.4 569.9 575.5 585.6 595.3 604.1 610.6 609 597.6 585.8 573.1 561.2 543.7 532.6 518.5 495.9 522.3
682.3 687.6 692.8 698.1 701.8 704.9 704 702.2 701.8 701.8 703.7 701.6 701.3 696.7 696.4 694.5 691.8 690.2 688.6 682.6 675.3 670.3 673.2 672.8 669.5 664.8 660.8 654 652.2 649.4 649.4 650.2 649.2 647 647.3 647.9 647.4 646.4 647.5 645.4 640.9 638 630.5 615.7 594.3 584 596.6 596.1 586.8 574.4 558.5 551.3 556.5 571.2 578.6 579.4 573.2 563.9 563.8 567.1 573.4 581.8 587.2 593.1 601 609.5 614.3 617 614.8 599.9 586.9 570.2 557.3 540.2 528.9 514 504.3 532
675.5 685.6 688.8 691.5 695.8 700.4 700.7 699.8 699.9 699 701.3 699.2 697.7 695.8 693.4 693.3 691.2 689.7 688.3 682.2 677.4 673.8 674.7 673 669.1 664.5 661.3 654.2 653.3 648.8 650.5 649.2 648.5 645.9 648.3 648.2 647.4 646.1 643.5 643.5 640.6 636 627.9 614.4 596.3 582.5 592.1 587.8 568.6 553.6 559.7 575.4 582.7 592.3 596.3 594.9 585.1 577.3 578.9 583 591.6 598.2 606.7 615.3 625.4 626.9 618.6 617.4 612.7 597.6 583.1 571.4 547.7 531.6 523.3 510.1 507.2 532.6
673.4 684.2 684.8 689.8 693 695.8 696.8 696.7 697.4 698.6 698.5 697.5 694.4 693 691.8 690.8 689.5 689.5 687.1 683.9 679.3 678.2 674.4 672.3 670.7 667.6 661.2 655.4 652.8 650.8 650.8 649 646.8 646.7 647.4 647 645.7 643.7 641.3 640.9 638.3 633.2 622.6 603.1 592.4 583.3 581.8 576.5 556.2 564.1 576.4 595.2 601.1 611.2 615.3 609.8 600.6 593.3 594.4 600.6 608.3 613.7 622.5 629.3 634.1 632.6 618 614.3 604.8 591 579.1 567.4 548.7 531.6 520.1 504.3 504.7 530.3
676.5 677.8 679.4 684.8 688.6 691.7 693.8 694.4 695.7 694.2 696.3 692.8 690.2 690.6 690 689.1 688.6 688.5 686.7 683.5 681.9 676.8 673.7 673.8 669.4 667.5 663.2 657.5 657.3 653.7 650.8 649.1 646.4 645.6 643.6 643.9 644 640.9 640 636.8 632.6 624.2 622 615.4 605.5 595.9 579.4 568 557 573.7 593.2 613.7 618.3 630.7 633.5 624.9 614.8 610 610.6 619.1 624.1 623.1 627.4 631.6 633.3 625.8 614.3 607.3 592.2 581.8 572 560.6 543.9 527.4 513.4 501.4 507 532
684.4 682.3 682.4 682.7 688.4 689.5 690.8 691.8 692.9 693.1 693.7 691.8 689.3 687.5 687.1 687.2 688.2 687.3 686.7 683.6 680.2 679.5 675.6 672.2 671.7 667 662.9 656 657.8 654.7 651 648.5 647.3 645.5 642.2 641.7 641.4 639.4 635.7 633 632.9 631.8 629.8 623.9 616.8 610.7 601.9 582.2 558.5 581.5 608.6 624.6 632.1 644 648 642.8 632.9 628.2 627 631 629.9 627.2 627.4 628.7 627.8 616.9 607.4 595.2 581.8 572 562.6 548.1 538.9 522.3 513.1 499.4 504.4 530.2
686.6 683.8 687.3 686.1 687.9 688.7 689 689.8 690 690.7 690.3 687.7 686 685.4 683.6 685 685.6 685.7 684.5 681.7 680.2 677.8 676 672.5 669.8 666.2 661.4 656.9 658.6 655.8 651.5 649.1 645.3 643.3 642.7 640 637.5 638.3 637.1 637.1 637.1 636.2 633 628.5 623.7 619.7 612.2 585.5 562.6 582.3 612.1 627.7 640.2 653.1 657.8 656.9 650 645.3 639.6 636.7 632.8 628.5 625.6 624 620.5 607 596.9 583.7 571 560.8 551 538 528.2 514.9 511.8 498.8 500.3 529.3
688.7 686 688.2 688.2 684 686.2 687.5 686.8 687.9 686.7 686.7 685.5 684.5 683.3 681.8 682.2 683 683.7 682.2 680.3 679.6 677 672.1 670.1 667.3 663.2 661.5 656.9 658 654.5 650.5 648.8 643.7 643.3 640.6 639.6 639 637.4 635.1 634.8 638.3 637.8 635.3 630.8 626.3 622.7 613.9 584.5 567 579.7 609.2 629.1 646.8 659.2 666.6 666 661.6 654.7 646.2 641 634.4 628.4 623 619.2 608.4 595.8 584.7 570.4 558.8 548.8 537.8 527.7 519.2 510.1 511.1 496.2 498.1 528
690.3 688.4 685.9 686.3 684.9 684.6 684.4 684.1 683.1 684.2 683 683 681.1 679.8 680.1 680.2 679.8 680.5 679.6 678.4 677 673.8 669.1 666 663.8 660.9 660.8 658.2 654.6 652.6 649.6 646.5 645.1 641.3 640.8 637.9 638 634.1 635 635.4 638.2 637.9 635.6 632.1 627.4 623.9 611.6 591.2 564.1 586.1 614.3 635.3 650.2 663.8 671.4 672.2 668.8 660.5 650.8 642.6 635.6 628.8 620.7 610.6 597.3 587.4 570.3 557.4 547.6 536 524.5 515.8 509.9 507.3 503.6 493.6 498.3 525.6
690.3 688.2 686.6 683.9 683.7 683.2 681.3 682.2 681.9 681 680.6 681.9 678.8 676.9 674.8 675.8 676.4 677.4 676.8 676.3 674.8 672.6 672.9 669.6 666.8 664.7 660.4 658.2 656.1 652.9 649.9 646 643.3 641.5 639.6 637.9 636.6 632.7 631.5 633.5 637.3 637.2 634.6 631.1 626.9 622.4 604.5 582.8 568.2 593.5 618.5 636.8 654.4 667.1 674.7 677.8 674 664.7 654.4 643.5 636.5 628.4 617.6 601 586.4 573.6 558.1 545.7 534.6 522.1 514.3 506.9 498.2 492.5 487.7 486.3 502.7 529
687.5 686.3 685 683.6 681.4 680.9 681.5 679 679 679 678 678.8 677.2 675.5 673.3 674.1 674.2 675.1 675 675 677.4 676.7 674.5 671.4 668.3 665.7 662.2 657.7 654 652.2 647.8 645.2 642.2 639.1 638.9 636.6 635.2 632.5 629.4 630.8 635 635 631.8 628.6 625 619 599.1 570.8 577.5 600.2 621.6 640.3 657.5 669.4 677.2 681.6 677.9 668.5 657.4 645.9 639.2 630.8 616.7 597.3 576.7 556.2 544.8 534.9 522.1 512 505.9 499.5 482.2 489.9 498.3 509.7 522.9 541
