Assets/StreamingAssets/GeoData/Data/no/NO39.asc
ncols 200
nrows 200
xllcorner 330000
yllcorner 790000
cellsize 50
[rows 70 to 104 of 200, columns 78 to 155 of 200]
223.2 223.8 224.1 223.8 221.6 221.8 222 222.3 221.3 217 220.2 227.7 230.3 229.2 227.4 224.4 222.8 220.7 219.9 220.2 219.5 219.1 219.6 219.6 219.6 217.8 217.1 216.6 217.5 217.3 217.3 216.9 216.5 215.6 215.1 215.8 213 211 210.1 207 205.5 227 243.7 259.3 271.5 285.8 303.4 316.6 330.4 345.4 360.4 376.6 386.1 388 368.3 332 287 259.4 240.5 224.6 208.1 202.7 199.3 199.2 198.7 198.1 195.3 194.6 193.7 194.1 194.3 194.6 194.7 194.5 194.2 194 194.2 193.3
223.6 223.9 224.1 222.4 222.1 222.2 222.2 222.5 217.5 218.9 224 232 233.4 233 231.1 228.4 223.4 220.7 219.6 219.4 219 218.7 219.6 219.6 219.3 218 217.8 216.4 216.7 216.8 217 216.7 215.9 215.8 215.6 215.1 213.4 209.6 211.1 207.2 205.8 214 235.8 249 266.5 282.4 299.1 313.4 327.2 338.5 350.7 365 373.4 366.3 330.7 298.5 268.5 246.9 229.1 213.3 203.4 200.7 199.7 199.4 199.3 196 195.7 195.4 193.7 194 194.3 194.5 194.6 194.6 194.3 194 194.5 190.9
224.5 224.4 222.6 222.4 222.5 222.5 222.5 217.5 217.6 219.4 230.8 235.9 238 236.8 234.8 232.1 228.1 223.7 221 218.4 219.2 219.4 219.7 219.6 219.1 217.8 217.7 216.4 216.1 216.7 217.1 216.8 215.9 215.9 215.1 215.1 213.6 209.4 212 207.6 206.7 205.8 221.7 239.9 260.4 276.8 292.3 306.1 317.7 329.5 334.3 338 340.3 325.3 299.9 276.2 250.3 230 217.3 204.4 202.9 201.1 198.7 198.5 196.6 195.6 195.6 195.7 194.5 194.2 194.3 194.6 195.3 195.1 195.1 195 194 191
224.6 223.8 223 222.9 222.9 223.1 223.1 217.6 219.9 221.9 234.4 239.5 240.2 241.5 239.5 237.1 234 230.8 226.9 220.2 218.3 219.7 219.4 219 217.8 217.4 216.8 217.1 216.7 216.1 215.1 215.6 215.7 215.5 215 213.9 212.8 209 213.9 207.6 207.1 205.8 215.1 233.6 250 267.6 282.8 296.2 307.9 315.3 319 315.3 307.6 294.3 273.7 253.5 234.5 219 205.2 203.7 200.8 199.6 199.8 199.1 196.2 196.2 196.1 196 195.3 194.5 195.5 195 195 195.5 195.2 194.6 191.9 191.6
225.2 223.9 223.4 223.5 223.4 223.5 217.6 219.8 222.3 225.2 239.5 243.5 245.2 244.6 244.7 244.3 241.9 239.1 235.9 228.3 219 218.7 219.5 219.5 217.4 217 217.1 217.1 217.1 216.4 215.7 214.9 215.5 215.2 214.2 213.8 213.2 209.5 213.8 207.5 206 204.9 208.8 222.7 240 259.8 275.2 287.4 295.9 299 298.4 298 286.7 269.2 250.8 234.2 219 206.1 203.9 202.5 200.2 200.1 199.7 197 196.4 196.4 196.4 196.4 196.1 195.7 195.4 195.4 195.2 194.4 195.4 195 191.1 196.2
224.6 224.5 224.4 224.5 223.9 222.2 218.3 224.7 223.4 230.8 244.7 247.2 251.6 253.3 251 248.1 246.8 246.3 240.1 234.1 224.8 218.9 217.3 218.9 217.5 217.1 217.1 217.1 217.3 216 216.6 215.4 215.3 215 213.9 213.8 213.1 208.6 213.2 207.1 207.5 205.6 204.7 215.3 229.7 251.3 267 276.3 282.9 282.2 279.2 276.7 261.5 246.6 230 216.1 205.9 203.7 203.2 201.6 200.1 200.3 200.2 196.6 196.8 196.6 196.6 196.7 196.3 196.7 196.2 195.8 195.3 195.2 195.5 191.2 191.8 196.5
225.1 224.9 224.7 224.1 224.1 219.6 219.4 223.5 224.8 239.9 249.8 252.3 257.5 259.1 254.7 251.5 250.1 247.5 243.3 238.4 235.9 229.1 218.4 217 216.8 217.1 217.1 217.7 216.9 216 215.6 215.6 214.8 214.5 214 213.7 213.4 209.7 211.1 207.1 206.2 205.1 204.7 208.3 225 241.6 254.9 263.7 267.6 268.5 259.9 252 237.4 224.3 212.7 205.7 205.4 204.2 201.4 201.6 201.1 201.1 200.3 197.1 197.1 196.9 196.7 196.4 196.2 196.3 196.6 196.2 195.5 195.3 191.5 191.7 193.9 196.9
225.2 224.7 222.7 222 220.9 220.3 220.1 223.9 235.5 245.3 253.6 257.1 261.2 261 259.6 258.5 256.6 252 247.2 246 242 236.3 225.2 217 216.7 217.1 217.1 216.9 216.5 216.2 215.2 214.9 215.2 215.2 214.4 213.3 212.6 211.1 208.5 206.4 206.1 206.5 204.8 207.9 214.3 227.6 239.3 245.8 248.8 247.2 238.7 227.9 217.7 208.6 207 206.4 204.4 204.2 202.3 201.6 202.1 202 200.4 199.5 197.5 198.4 197.4 196.7 196.9 196.4 196 195.7 195.5 191.7 192.4 192.6 195.7 199.6
224.4 223.8 223.6 223.1 221.8 221.1 222 234.9 243.1 247.8 259.2 262.3 264.5 264.2 266 265.6 263.6 258.4 256.6 251.2 246.4 241.9 236.4 229.6 216.6 217 217.5 215.9 215.9 210 215.9 215.9 214.9 214.7 215.1 213.9 213.3 212.1 211.1 205 206.7 206.5 204.5 207.9 208.2 214.6 221.5 224.6 223.4 222 218.3 209.9 207.3 207.7 207.3 206.2 204.4 203 202.4 202.7 202.6 202.5 200.9 198.2 199.6 199.2 197 196.9 196.9 196.7 196.2 196.1 192.3 192.2 194.3 193.9 198.9 207.5
221.5 221.8 221.9 221.9 221.1 221 234.3 245 248.2 250.7 257.2 262.4 266.2 270.5 273.4 272 268.9 265.1 262.8 260.3 255 249.9 244.4 236.6 228.4 216.1 215.3 215.6 213.8 210.5 209.8 215.4 215.3 214.3 213.7 214.3 213.1 212.4 211.1 205.7 206.3 206.5 204.2 207.9 207.4 209.5 211.4 210.4 208.8 208.9 207.6 207.4 207.4 206.7 205.7 204.7 204.1 203.3 202.6 202.4 202.6 202.4 201.2 200 199 198.4 197.6 197.2 196.6 196.5 195.5 193.9 192.5 195.1 194.5 197.4 209.9 216.1
223.7 221.9 221.9 221.8 225.8 238.6 242.9 245.4 250 253.3 260.3 265.4 271.5 276.3 280.9 281.4 278 273.8 272.1 269.6 267.1 260.3 256 249.5 240.4 232.1 216.8 215.3 215.9 213.6 210.3 214.3 215.1 214.7 213.6 213.7 213.7 212.4 211.6 205.4 206.3 205.6 204.1 207.6 206.8 208.6 209.5 209.7 209.3 208.6 207.7 206.5 206.3 205.9 205.6 204.9 203.6 203.5 203.1 202.8 201.9 200.3 200.4 198.8 198.2 197.9 197.3 197.1 196.9 196.5 193.3 192.5 195.5 194.4 195.4 212.4 218.5 222.3
222.9 222.8 225.5 231.5 238.4 245.1 245.9 245.4 252.3 258.5 265.1 271 275.6 282 291.4 293.9 293.7 290.6 289.4 281.6 278.1 272 267.6 262.1 253.8 243 230.1 216.3 215.6 214.5 213.2 213.6 212.4 213 213.2 212.6 212.2 212.9 210.5 206.7 206.9 204.2 204.1 206.8 206.5 207.3 208.5 209.5 209.5 208.3 207.7 206.6 205.5 204.5 204.8 204.3 203.6 203.9 203.7 203.2 201.4 200.4 199.9 197.9 198 197.4 197.5 197.7 197.3 195.2 192.5 195.2 194.7 195.1 208 218 223.6 225
223.8 227.3 234.8 242.2 245.3 245.7 246.7 249 253.5 261.5 269 273.7 279.4 286.9 301.1 310.5 314.2 319 313.7 302.6 292.3 288.7 281.1 273.1 263 249.8 238.1 229.6 217.3 214.6 213.8 213.6 212.4 212.6 211.8 211 212.3 209.9 209.7 205.7 206.3 204.2 204.2 206.5 206.6 207.4 207.6 207.8 209.2 209 207.7 206.4 206.5 205.2 204.7 203.7 203.4 203.4 203.5 202.2 201.8 200 199.7 199.1 197 197.8 197.3 197.3 197.1 192.6 194.9 195.2 195.2 199.8 216.5 222.6 226.1 228.4
229.8 234 241.4 245.9 247.7 248 249.7 253.6 259.9 264.8 271.3 278.2 283.7 292.6 307.9 324.3 330.8 335.3 330.6 319.5 310.5 305.7 297 288.7 278.1 264.4 251.2 237.1 223.6 214.5 214.9 213.9 213 213.1 212.6 212 210.8 211.2 211.3 206.4 206.6 204.2 205.8 207.1 205.7 206 205.7 206.7 208.4 209.2 207.8 207.7 206.3 205.4 205.5 204.4 203.3 202.7 202.3 201.6 200.6 199.8 199.5 199.3 198.8 197.8 197.2 197.5 192.9 194 195.7 195.6 197.4 213.2 222.2 227.6 235 245
235.4 239.9 245.9 248.5 249.5 249.7 252.8 259.5 264.8 268.6 275.7 281 288 297.3 313.9 332.5 342.7 345.7 346.9 334.4 328.8 333.4 325.1 304.2 296.5 286.5 267.3 249.5 235.4 222.5 214.6 214 213.6 212.7 213.1 212.4 211.2 211.4 208 205.8 205.7 204.3 205.6 205.5 205.2 205.6 205.9 204.5 206.4 207.9 208.2 206.6 207.3 205.7 205.9 205.2 204.5 204.1 202 201.1 200 199.6 199.3 199.6 198.4 198.7 197.8 196.5 193.8 196 196 195.9 210.7 218.9 225.5 238 250.9 263.2
241 244.4 253.2 253.7 252.3 252.3 256.2 260.8 266.2 271.8 277.3 284.2 291.4 300.2 321.2 343.1 352.9 352.8 355.5 345.1 339.6 336.9 328.2 310.4 302.9 295.9 282.8 265 246.2 238.2 223.7 214.1 213.6 213.4 213.6 211.6 211.2 211.3 204.6 206 205.2 204.3 205.2 205.1 204.8 205 205.7 203.4 202.7 202.1 202.2 204.1 206.9 206 205.2 204.5 204 203.8 201.4 201 200.5 199.7 198.4 198.4 198.6 198.4 197 194.1 194.6 196.1 196.3 203.1 217.1 226.7 238 253.4 267.1 280.9
245.7 249.3 253.8 253.6 253.6 256.1 259.1 263.6 268.6 275.4 279.7 286.1 294.1 307.3 330.5 346.8 352.5 348.3 341.6 332.2 330.5 325.3 318.9 310.5 303.1 296.3 281.5 275.2 264.3 251.5 242 222.6 213.4 213.2 213 212.4 212.3 211.2 204.7 205.6 204.7 204.4 205 204.6 204.7 204 204.1 203.8 203.9 203.2 202.6 201.9 201.2 201.3 201 205 203.9 202 201.4 201.1 200 199.1 198.7 198.9 198.8 197.8 194.4 194.1 196.8 196.3 201.8 216.2 226.5 238.5 252.4 264.8 281 294.9
249.4 252.1 254.6 254 254.1 257.4 261.7 267.2 272.4 277.4 280.7 288.8 295.4 314 333.3 341 341.6 338.2 325.3 316.2 314.3 317.2 311.9 303.8 295.5 295.3 289.5 281.5 278.1 265.7 250.3 234.6 220.7 212.9 212.9 212.4 211.9 211.3 204.8 204.9 203.5 203.2 204.5 204.1 204.5 204.6 204.9 204.2 203.9 203.5 202.8 202.9 202.1 201.5 201.8 200.8 201 200.9 199.9 200.7 199.6 199.1 198.6 198.5 198.7 198.2 194.1 194.6 196.8 198.6 212.3 225 233.6 250.8 264.9 280.1 296.3 312.1
250.3 253.2 257.7 256 257.1 258.4 264.9 269.3 274.6 280.4 285 291 299.6 322.5 335.9 338.1 330 325.5 318.2 310.1 305.2 307.2 307.3 296 296.7 295 292.9 291.3 288.9 280.5 258.6 244.6 231.8 218.4 212.4 212.2 211.9 211.5 209 204.9 203.1 202.8 204.6 203.7 203.4 204.8 204.5 204 203.7 203.5 202.9 202.7 202.8 202.3 201.2 201.7 201.1 200.5 199.4 199.3 199.5 199.1 198 198.3 198.5 194.8 194.1 197.4 197.9 212.1 221.4 232 245.9 263.1 279.2 300 315.6 331.4
252.6 255.5 257.4 257.2 256.8 259.3 265.8 271.8 277.8 282.8 288.2 296 306.4 330.3 336.9 331.9 321.6 318.6 313.1 307.2 302.5 299.2 299.2 292.4 296.7 292.5 293.2 289.6 287.5 289.3 274.7 257.5 239.5 224.3 213.2 212.6 212.3 211.5 210.8 203.8 203 204.3 204.6 204.1 203.3 202.4 204.6 204 203.7 203.4 203.4 202.9 202.7 202.6 202 201.6 199.9 199.6 199.2 199 198.9 198.8 197.7 197.7 197.9 194.2 197.6 197.2 206.3 221.6 230.6 239.2 255.9 277.2 292.4 318.5 332.2 348.2
253.3 255.9 257.2 257 256.7 260.6 267.1 274.2 280.7 287.8 292.7 299.5 318.8 333.5 334.6 330.9 318.5 316 313.6 303.6 297.1 292.4 290.2 289.3 292.3 290.2 287 287.3 284.4 277.5 268.7 257.8 245.3 233.2 216.5 212.6 211.8 211.4 210.7 207 202.2 202.8 204.1 204 203.3 202.5 202.2 204.7 204 203.5 203.6 203.7 203.5 202.6 201.5 200.1 199.9 199.7 199.8 199.3 198.6 198.4 197.7 197.2 197.6 194.3 197.6 199.9 218.5 230.4 237.6 247.7 265.5 283.6 306.5 329.3 345.2 360.2
253.6 256.1 257.1 258.3 259.5 264.1 271.8 277.1 283.7 291.3 298.8 304.5 327.1 336 336.1 327.8 312 308.2 305.6 296.7 288 284.9 284.4 283.2 283 282.9 284.9 282.2 274 262 254.4 248.6 239.7 231.8 227.4 214.8 211.5 211 210.7 210.5 201.6 203.3 203.9 203.6 203.2 203.7 203.2 201.8 202.3 204.2 203.1 202.9 202.1 201.7 200.8 200.6 200.1 199.4 199.7 199.2 198.5 198.5 198.2 197.7 195.1 195.6 199.8 218 227.1 236.2 242.9 254 271.7 293.2 315 340.1 353.9 370.2
252.3 255.9 260 260.4 261.7 266.4 274 279.5 285.1 293.6 301.2 309 327.7 334.6 331.3 309.5 301.5 294.9 293.3 286.6 282.7 277.9 273.5 275.4 273.7 274.3 273 266.4 259.9 248 243.8 241.4 239.6 237.7 235.4 228.9 213.6 210.8 210.5 209.9 201.7 202.6 203.8 203.5 203.7 203.4 202.5 202.4 202 201.3 201.3 201.3 201.5 201.5 201 200.6 200.1 199.6 199.7 199.6 198.9 198.3 198.2 197.9 195.2 200.4 215.6 225.4 232.4 236.8 243 254.1 277.9 299.6 319.7 340.9 358.9 374.8
249.5 256 258.9 260.9 262.9 265.8 274.6 280.6 288.6 295.1 301 310.5 324.2 325.9 312.9 300.2 292.9 287.2 283.2 280.5 278.3 274.2 271 270.4 267.3 264.9 257.3 255.8 250.1 244.7 244.1 243.1 242.2 242.6 243.3 235.6 224.6 210.3 209.8 209.6 206.1 201.7 203.3 202.5 202.5 203 203.3 202.5 201.9 201.5 201.6 201.3 200.4 200.3 201.1 200.7 200.2 199.8 199.7 199.5 198.9 198.5 198.2 197.9 195.3 204.1 221.5 230.9 235 237.1 241.9 258.3 281.3 302.1 322.4 343.6 361.6 374.8
250.6 256.9 257.9 259.9 262.2 264.8 272.5 281.7 287.3 292.2 297.6 305.3 311.6 306.7 297.3 290.3 285.7 281.3 278.6 275.8 273.7 270.9 269 267.4 261.8 258.7 254 251.8 250.3 249.8 249.6 247.9 245.9 245.8 244.7 232.1 220.9 210.8 209.2 209.6 209.7 201.6 201.7 202.9 203.4 202.9 202.9 203.2 202 202.5 201.6 201.5 201.1 201 201.3 200.8 200.2 199.7 199.2 199.5 198.9 198.8 198.8 197 195.3 208.5 224.3 232.2 234.6 235 242.9 261.1 282.4 302.9 323 344.4 359.6 371.3
248.3 253.2 256.5 257.2 261.7 264.7 272.4 281.5 284.3 288.5 293.5 298.8 299 292.5 289.4 286.5 282.8 279.5 274.1 270.6 267.6 267.9 269.8 265 260.6 258.6 256.9 255.3 254.3 256 250.7 247.2 245.3 238.8 237 228.4 216.5 211.2 209.5 209.3 209.6 209.4 201.6 202.8 203.1 201.6 203.4 202.2 202.2 200.9 201 201.6 201.5 200 199.7 200.6 200.5 200.3 199.5 199.5 199.4 198.5 198.8 195.5 195.5 213.9 225.5 231 233.2 236.3 244.7 262.6 281.4 301.4 320.5 338 352.8 364.3
243.1 248.2 253.8 258.1 260.8 264.1 271.6 280 283 284.4 289.7 294 292 286.6 283.2 281.4 280.1 271.3 270.8 269.9 268.2 269 265.7 261.6 261.4 263.1 262.6 258.5 256.9 252.3 247.7 242.7 238.5 232.4 227 218.8 211.1 210.7 210.3 208.4 209.2 208.4 209.1 201.7 201.6 201.2 200.9 202.1 201 202.1 202.5 201.6 200.1 200.2 199.6 200.8 200.4 199.8 199.7 199.6 198.5 198.4 195.8 195.8 205.3 219.1 226.5 231.4 232 238 244.7 258.1 278.5 296.8 313.9 328.9 345.6 356.2
243.2 245.9 252.5 256.4 260.4 263.5 269.7 276.5 280.7 283.3 287 290.2 286.3 281.1 279.5 278.4 276.4 269.2 264.2 267.4 269.1 267.2 264.1 261.2 260.3 263.5 260.6 255.3 250.6 247.7 243.3 236.5 234.4 226.1 217.5 211 210.1 210.4 210.2 209.4 207.9 208.7 208.7 209.1 201.7 201.7 201.6 202 202.1 201.7 200.7 199.4 199.8 200.9 200.3 199 200.5 200.3 199.8 199.7 199.6 196.6 196.1 201.7 212.4 221.4 227.4 229.3 233.4 237.9 247 257.8 276.6 292.7 306.9 321 337.8 349.6
243 246 251.5 254.8 259.6 263.3 265.8 271.9 275.2 281.2 283.2 283.4 280.4 276.2 271.2 272.3 267.5 263.7 265.3 264 268.1 266 262.9 265.7 261.1 257.1 254.6 249.1 245.9 241.4 235.4 229.9 225.8 218.7 211.8 210.1 209.7 209.7 210 209.5 208.1 209 208.5 208.9 209.1 202.5 201.4 201.3 200.6 200.2 200.2 200.1 200.5 199.7 199.7 199.5 199.7 198.8 199.5 199.1 198.3 196.9 202.2 213.8 219.8 223.4 227.7 230.1 233.5 240 247.1 258.1 274.7 289.8 300.2 316.7 331.3 345.4
243.2 245.6 251.1 253.6 255.2 259.3 261.9 264.9 269.6 273.1 275.1 278 273.8 269.8 265 265.2 264.5 260.6 264.2 263.7 263.6 259.6 259 259.6 252.9 251.8 246.3 242.1 237.9 233.5 231.8 225.4 217.9 212.4 209.6 209.8 209.5 209.1 209.9 209.7 208.5 208.1 208.3 208.6 208.6 207.5 202.3 202.8 203.3 202.6 201.5 201.9 201.5 200.1 199.5 198.8 199.5 199 199.2 199.8 197.4 202.3 216.1 218.6 222.6 224.5 227.6 230.7 234.3 240.2 247.7 256.7 270.7 285.3 299.7 313.4 329.2 343.9
245.5 249.2 255.1 248.9 248.5 250.5 253.4 260.8 266.4 266.9 267.8 269.1 266 260.9 259 258.6 259 259.7 258.1 262.3 255.9 254.6 247.4 249.5 244.9 240.1 238.2 235.4 229.7 228.1 225.1 217 210 209.2 208.9 209.2 208.8 209 209 209.1 208.2 207.2 208.2 208.4 207.8 207.4 207.2 202.1 202.4 202.5 202.2 200.5 200.5 201.5 199.9 198.5 200 199.2 198.2 197.9 204.3 212.7 218.1 221.4 222.2 227 229.6 231.4 235.1 241.2 246.7 257 271.1 285.7 300.2 314.1 328.9 345.2
248 247.4 247.4 247.4 247.4 247.4 255.2 261.7 259.4 262.6 262.6 262 260.2 259.3 258.9 258.2 256.5 256.6 259 248.9 245.8 241.8 243.2 238.5 235.1 233.2 230 227.8 223.5 219 215.9 209.1 208.9 209.2 209 209 208.2 207.7 208.5 207.9 207.6 207.4 208.4 208.1 208.4 207.7 207.5 206.6 201.7 202.2 203.3 204.9 200 201.4 198.7 198.5 197.7 197.7 203.1 209.1 210.8 216.1 219.3 222 224.8 227.9 230.4 233 236.8 240.6 247.3 257.7 271.6 287.8 300.2 317 331.5 346.6
247.4 247.4 247.4 247.4 247.4 247.4 251.3 262.9 258.9 259.4 261.4 261.2 259.7 260 260.7 259.9 257.8 252.2 249.1 247 245.8 240.7 237.7 235.3 233.6 232 229.8 224.3 223.6 217 209.8 208.4 208.2 208.2 208.5 208.8 208.3 207.7 207.3 207 207.5 206.7 208.6 207.9 207.6 207.8 207.8 207.5 207.1 207 206.1 205.7 205.9 199.7 199.5 200.5 202.2 205 208.1 213.5 217.1 219.7 220.8 222.7 225.3 228.1 230.3 233.3 238 242.1 248.3 259.1 274 289.6 303.6 320.3 334.3 349.5
247.9 247.4 247.4 247.4 247.5 249.2 251.6 260.3 266.1 269.7 268.9 266.7 267.6 267.5 267.5 270.5 259.3 255.3 255.4 251.7 251.4 246.6 243 239 233.6 228.2 228.4 220.7 217.6 213.9 210.4 208 207.8 208 208.2 208.3 208 207.1 207.5 206.8 205.7 206.1 207.3 207.5 207 207.7 207.4 207.1 206.7 206.7 206.1 205.1 204.5 204.4 203.1 198.3 206.2 204.2 218.5 215.9 219.3 220.8 222.4 223.4 225.5 227.9 231.6 234.2 237.9 243.1 251.1 264 277.5 294.5 306.9 324.3 339.2 354.2
255.5 248.9 250.8 250 251.3 256.4 264 276.3 282.8 286.5 283.6 281.2 277.3 276.7 273.5 267.1 265.6 263 258.9 252.7 248.5 244.6 240.5 234.2 231.2 227.5 224.2 218.7 214.9 213 207.2 206.4 205.9 207.8 207.8 207.1 205.2 205.6 204.5 204.5 203.5 204.5 205.7 207.1 207.5 207.5 207.3 206.5 206.5 206.8 200.4 201.5 199.4 201 200.8 206.1 220.5 219.7 211.1 219.5 220.4 221.5 223.8 225 226.9 229.6 232.2 235 240 247.6 254.3 268.4 284 299.4 314.5 328.1 343.2 359
