Assets/StreamingAssets/GeoData/Data/no/NO42.asc
ncols 200
nrows 200
xllcorner 340000
yllcorner 720000
cellsize 50
[rows 40 to 79 of 200, columns 0 to 89 of 200]
-2.2 -2.2 -2.2 -2.2 -2.2 -2.2 -2.2 -2.2 -2.2 -2.2 -2.2 -2.2 -2.2 -2.2 -2.2 -2.2 -2.2 -2.2 -2.2 -2.2 -2.2 -2.2 -2.2 -2.2 -2.2 -2.2 -2.2 -2.2 -2.2 -2.2 -2.2 -2.2 -2.2 -2.2 -2.2 -2.2 -2.2 -2.2 -2.2 -2.2 2.1 17.7 20.5 24.8 28.8 35.5 41.6 47 51.9 54.8 60.6 61.9 69.1 73.8 75.2 76.4 78.9 78.8 78.6 80.4 82.2 82.9 84.7 86.6 90.9 99.1 97.5 93.7 86.9 77.7 71.7 67.1 61.4 55 52.6 54.2 61.5 93.7 98.6 96.3 92.4 90.5 88 86.4 85.2 82.7 78.6 72.7 66.8 59.3
-2.2 -2.2 -2.2 -2.2 -2.2 -2.2 -2.2 -2.2 -2.2 -2.2 -2.2 -2.2 -2.2 -2.2 -2.2 -2.2 -2.2 -2.2 -2.2 -2.2 -2.2 -2.2 -2.2 -2.2 -2.2 -2.2 -2.2 -2.2 -2.2 -2.2 -2.2 -2.2 -2.2 -2.2 -2.2 -2.2 -2.2 -2.2 -2.2 -2.2 7.4 18.7 21.3 24.9 28.4 35.4 40.6 45.7 49.3 53.8 59 62.5 67.9 69.9 72.1 74.8 75.7 76.2 76 78.2 80 82.3 84.6 85.7 87.3 91.7 95 90.9 84.1 76.6 70.4 65.7 60.7 55.9 53.3 54 58.4 80.1 91.5 80.7 81.2 83.3 82.2 79.9 78.5 76.8 74.9 69 63.7 58.5
-2.2 -2.2 -2.2 -2.2 -2.2 -2.2 -2.2 -2.2 -2.2 -2.2 -2.2 -2.2 -2.2 -2.2 -2.2 -2.2 -2.2 -2.2 -2.2 -2.2 -2.2 -2.2 -2.2 -2.2 -2.2 -2.2 -2.2 -2.2 -2.2 -2.2 -2.2 -2.2 -2.2 -2.2 -2.2 -2.2 -2.2 -2.2 -2.2 2.6 11.8 18.8 22.9 25.5 30.7 34.1 40.1 44 49.3 53.9 58.4 63.2 66.5 68.6 70.8 72.2 74.1 73.6 73.8 75.5 77.1 81.3 82.7 84.9 85.8 89.6 90.5 86.7 81 73.1 66.2 60.1 56.5 53.4 51.5 51.4 54.5 63.4 78 75.6 75.9 71.2 71.8 69.6 72.8 69.5 68.2 65.2 61.2 56.9
-2.2 -2.2 -2.2 -2.2 -2.2 -2.2 -2.2 -2.2 -2.2 -2.2 -2.2 -2.2 -2.2 -2.2 -2.2 -2.2 -2.2 -2.2 -2.2 -2.2 -2.2 -2.2 -2.2 -2.2 -2.2 -2.2 -2.2 -2.2 -2.2 -2.2 -2.2 -2.2 -2.2 -2.2 -2.2 -2.2 -2.2 -2.2 0.4 7.1 11.4 19.9 23.3 27.6 30.7 35.6 39.1 44.2 48.9 53.6 57.2 65.1 65.8 66.8 67.9 69.5 71.1 71.7 72.4 73 75.2 77.3 81 84.2 85.5 88.7 90.3 85.7 77.5 70.7 74.5 83 68.1 57.2 51.5 51.2 50.7 51.6 55.7 63.2 63.8 70.2 70.4 72.3 71.2 65.4 62.9 60.1 56.3 49.8
-2.2 -2.2 -2.2 -2.2 -2.2 -2.2 -2.2 -2.2 -2.2 -2.2 -2.2 -2.2 -2.2 -2.2 -2.2 -2.2 -2.2 -2.2 -2.2 -2.2 -2.2 -2.2 -2.2 -2.2 -2.2 -2.2 -2.2 -2.2 -2.2 -2.2 -2.2 -2.2 -2.2 -2.2 -2.2 -2.2 -2.2 -2.2 0.9 8.6 17.1 20.9 24.9 28.7 32.1 36.5 39.3 43.3 47.8 52.5 60.1 65 65.6 66.2 67.3 68.9 69.4 69.9 71.2 71.5 73.3 75.5 79.5 83.7 91.7 97.9 94.9 90.5 82.1 90 90.3 91.2 89.1 84.9 71.6 58.9 50.7 51.4 50.4 53.2 55.4 58.3 69 72.3 68.7 66.4 61.7 59.6 52.7 47.3
-2.2 -2.2 -2.2 -2.2 -2.2 -2.2 -2.2 -2.2 -2.2 -2.2 -2.2 -2.2 -2.2 -2.2 -2.2 -2.2 -2.2 -2.2 -2.2 -2.2 -2.2 -2.2 -2.2 -2.2 -2.2 -2.2 -2.2 -2.2 -2.2 -2.2 -2.2 -2.2 -2.2 -2.2 -2.2 -2.2 -2.2 2.5 2.5 11.5 21.5 23.5 27.1 29 32.2 35.5 39.3 43.2 47.2 50.2 61.6 64.4 65 64.9 67.3 68.4 69.4 68.6 69.8 71.4 73.5 75.9 81.1 84.4 94.7 100.8 102.9 98.4 99.6 99.3 96.7 96.6 93.3 99.3 96.9 87.2 70.7 64.6 58.1 59.7 57.5 51.8 60 63.8 62 63.1 58.4 53.2 48.6 45
-2.2 -2.2 -2.2 -2.2 -2.2 -2.2 -2.2 -2.2 -2.2 -2.2 -2.2 -2.2 -2.2 -2.2 -2.2 -2.2 -2.2 -2.2 -2.2 -2.2 -2.2 -2.2 -2.2 -2.2 -2.2 -2.2 -2.2 -2.2 -2.2 -2.2 -2.2 -2.2 -2.2 -2.2 -2.2 -2.2 -2.2 5 7 17.1 23.1 26.2 28.9 30.3 33.2 37.3 40.9 44.9 48.5 52.4 60.9 64.6 64.8 64.2 66.6 67.8 68 69.1 70 70.9 73.2 76.5 81.1 87.5 91.7 97.3 100.5 100.4 100.7 99.1 98.6 101.5 104.4 100.7 97.1 92.6 85.8 76.3 69.1 69.2 68 57.6 51.5 56.9 57.6 54.6 51.1 45.8 42.8 39.9
-2.2 -2.2 -2.2 -2.2 -2.2 -2.2 -2.2 -2.2 -2.2 -2.2 -2.2 -2.2 -2.2 -2.2 -2.2 -2.2 -2.2 -2.2 -2.2 -2.2 -2.2 -2.2 -2.2 -2.2 -2.2 -2.2 -2.2 -2.2 -2.2 -2.2 -2.2 -2.2 -2.2 -2.2 -2.2 -0.1 2.4 16.6 20.4 17.3 22.1 27.9 29.6 31.2 33.5 38.8 42.8 50.7 55.3 59.1 60.6 68.3 68.3 67.3 67.4 68.7 69.6 69.4 69.5 71.4 72.9 75.9 83 89.4 91.2 94.2 96 98.2 98.2 99.2 103.8 103.3 106.2 104.7 98.9 93.5 87.5 80.3 75.2 70.7 67.9 63.1 52.6 52.2 54.4 49.8 46.1 42 39.6 38.8
-2.2 -2.2 -2.2 -2.2 -2.2 -2.2 -2.2 -2.2 -2.2 -2.2 -2.2 -2.2 -2.2 -2.2 -2.2 -2.2 -2.2 -2.2 -2.2 -2.2 -2.2 -2.2 -2.2 -2.2 -2.2 -2.2 -2.2 -2.2 -2.2 -2.2 -2.2 -2.2 -2.2 -2.2 0.1 1.7 11.8 20.9 23.3 22.9 17.9 25.1 30 32.1 34.2 39.5 47.6 53.3 57.3 66.1 60.3 72.9 72.3 70.1 70.5 71.5 71.4 71.2 70.6 70.4 74.5 79.1 85 88.6 90.3 91.1 92.7 96.4 97.7 102.1 104.5 101.4 100.9 98.2 93.1 88.4 81.8 79.4 76.2 71.9 66.9 62.8 53.6 44.9 50 46.6 43.2 40 39.4 38.5
-2.2 -2.2 -2.2 -2.2 -2.2 -2.2 -2.2 -2.2 -2.2 -2.2 -2.2 -2.2 -2.2 -2.2 -2.2 -2.2 -2.2 -2.2 -2.2 -2.2 -2.2 -2.2 -2.2 -2.2 -2.2 -2.2 -2.2 -2.2 -2.2 -2.2 -2.2 -2.2 -2.2 0.7 2.3 11.8 22.2 24.4 26.9 27.6 20.5 29.2 31.8 33.4 35.3 39.5 48.2 51 56 66.3 59.7 73.6 74.2 72.9 73.2 73.2 73.2 72.6 71.5 72.2 75.6 80.3 84 86.8 85.6 86 90.5 94.9 99.6 102 99.9 98.8 96.3 91.4 87.7 82.1 77.7 74.5 71.3 67.8 64.4 59.7 54.4 48.8 41.4 42.9 41.1 39.5 38.3 38.3
-2.2 -2.2 -2.2 -2.2 -2.2 -2.2 -2.2 -2.2 -2.2 -2.2 -2.2 -2.2 -2.2 -2.2 -2.2 -2.2 -2.2 -2.2 -2.2 -2.2 -2.2 -2.2 -2.2 -2.2 -2.2 -2.2 -2.2 -2.2 -2.2 -2.2 -2.2 -2.2 1.6 10.7 20.7 23.5 25.8 29 29.8 30.8 20.5 30.8 32.2 33.7 36 39.6 47.7 49.7 55.7 58.6 59.5 69.3 71.3 72.1 72.2 72.5 73 73.7 73.6 76.4 77.7 81.6 82.9 82.1 81.1 82.6 87.7 94 96.4 97.4 96.1 94.3 91.4 86.5 85.2 77.7 73.6 69.5 65.8 63.7 61.1 57.7 52.6 48.7 44.9 42.2 39.9 36.5 36.6 37.8
-2.2 -2.2 -2.2 -2.2 -2.2 -2.2 -2.2 -2.2 -2.2 -2.2 -2.2 -2.2 -2.2 -2.2 -2.2 -2.2 -2.2 -2.2 -2.2 -2.2 -2.2 -2.2 -2.2 -2.2 -2.2 -2.2 -2.2 -2.2 -2.2 -2.2 2.9 15.1 22.4 25.5 28.5 29.3 29.8 31.6 31.2 31.6 23 30.9 33.6 32.2 36 39.6 47.5 52.8 55.5 59.9 59 63.2 65.1 67.6 68 70.5 71.8 73.8 74.7 78.7 80.4 80.3 79.2 78.5 77.6 79.8 84 87 89.5 92 91.1 89.3 85.4 81.3 77.6 72.1 68.8 64.5 61.7 58.7 56.8 54.1 51.9 48.4 44.9 42 40.3 39.1 36.3 35.7
-2.2 -2.2 -2.2 -2.2 -2.2 -2.2 -2.2 -2.2 -2.2 -2.2 -2.2 -2.2 -2.2 -2.2 -2.2 -2.2 -2.2 -2.2 -2.2 -2.2 -2.2 -2.2 -2.2 -2.2 -2.2 -2.2 -2.2 1.4 7.1 11.9 18.7 25.9 32.3 33.7 32.9 34.5 33.5 34.4 33.4 32.7 23.7 29.3 33.9 31.8 34.6 42 48.9 53.2 54.2 53.6 58.5 57 59.2 61.4 63.1 66.1 68.9 70.1 71.3 76.5 78.7 78 76.5 73 74.1 78 81.9 84.9 86.6 86.6 86.1 84.3 81.9 77.2 72 66.9 62.9 60.1 57.2 54.9 52.4 50.8 48.4 46.1 43.9 41.6 40.2 39 38.1 35.7
-2.2 -2.2 -2.2 -2.2 -2.2 -2.2 -2.2 -2.2 -2.2 -2.2 -2.2 -2.2 -2.2 -2.2 -2.2 -2.2 -2.2 -2.2 -2.2 -2.2 -2.2 -2.2 -2.2 -2.2 -2.2 -2.2 5.9 15 17.8 19.9 27.3 34.8 37.1 37.5 38.9 38.6 39.9 41.6 40.7 36.4 26 27.4 34.8 39 45.1 49.2 53 53.2 52 51.9 58.1 52.7 54.8 56.9 58.9 60.6 63.2 65.3 66.3 71.5 73.1 74 74.1 73.5 74.7 79.6 82.1 84.1 85.2 84.4 83.2 81.3 76.9 71.5 66.7 62.9 59.8 56.5 54.1 51.8 49.6 47.7 45.7 43.8 41.9 40 39.3 38.4 37.9 34.9
-2.2 -2.2 -2.2 -2.2 -2.2 -2.2 -2.2 -2.2 -2.2 -2.2 -2.2 -2.2 -2.2 -2.2 -2.2 -2.2 -2.2 -2.2 -2.2 -2.2 -2.2 -2.2 -2.2 -2.2 -2.2 7.9 17 19.8 22.6 28.9 37.1 43 45.5 46.3 45 44.5 45.1 47 45.1 42.6 34.4 29.6 40.5 52.6 57.1 58.5 56.7 52.3 50.5 49.2 57.3 50.2 51.8 54.3 55 56.3 58.6 60.9 63 63.9 67.2 68.6 69.7 70.8 71.1 76.3 79.5 81.2 82.5 81.5 80.1 77.8 72.5 66.3 62.1 59.4 56.5 54.3 52 49.8 47.8 45.5 43.9 42 40.5 38.7 37.9 37.3 36.3 32.7
-2.2 -2.2 -2.2 -2.2 -2.2 -2.2 -2.2 -2.2 -2.2 -2.2 -2.2 -2.2 -2.2 -2.2 -2.2 -2.2 -2.2 -2.2 -2.2 -2.2 -2.2 -2.2 -2.2 0 14.8 18.1 23.2 27.2 32.5 36.6 43.7 46.6 53.4 53.2 53.5 51.4 53.7 52.2 49.2 47.2 37.2 37 45.4 53 59.8 57 54.7 52.6 49.3 47.2 56.7 48.3 49.5 51 51.9 53.4 54.8 56.5 58 59.8 61.7 63.3 65.5 67.2 68.4 72.4 75.1 76.6 78.2 77.4 74.6 71.9 67.3 62.5 58.4 56.1 54.2 52.7 50.5 48.5 46.9 45.2 43 41.3 39.8 38.2 36.9 35.3 34 31.9
-2.2 -2.2 -2.2 -2.2 -2.2 -2.2 -2.2 -2.2 -2.2 -2.2 -2.2 -2.2 -2.2 -2.2 -2.2 -2.2 -2.2 -2.2 -2.2 -1 -0.1 0.9 1.3 6.8 20.4 25.4 29.3 33.1 38 42.1 46 51.4 54.2 59.5 59.9 61.1 61.5 59.4 56.4 53.6 47.7 45.7 45.9 50.4 52.3 52.8 51.3 48.8 47.1 46.5 56.3 46.8 47.6 48.9 49.4 51.2 52 53 53.9 55.4 56.8 58.8 61.6 63.5 65.1 68.6 70.3 71.8 73.5 71.9 69.1 65.6 62.8 58.5 54.8 53.3 52.7 51.2 49.6 48.1 46.5 44.8 43.2 41.7 40.8 39.5 38.3 36.7 34.6 36.2
-2.2 -2.2 -2.2 -2.2 -2.2 -2.2 -2.2 -2.2 -2.2 -2.2 -2.2 -2.2 -2.2 -2.2 -2.2 -2.2 -2.2 -0.8 -0.1 0.6 1.4 7.5 17.4 21.1 26.6 30.8 36.4 39.9 44.4 49.5 51.7 56.3 62.4 66.4 69 70.2 69.9 67.4 62.8 60.8 56.8 54.2 52.6 46.8 47.2 48.6 49.3 49.6 50.1 47.4 55.9 46.9 47.2 47.3 48.3 48.9 50.2 51 51.4 52.6 53.9 56 58.4 60.3 61.4 63.9 65.5 67 66.5 65.8 62.7 59.9 56.8 54.1 51.8 49.8 50.1 49.6 48.7 47.5 46.4 45.2 43.7 42.8 41.9 40.6 39.3 37.9 37.4 37.3
-2.2 -2.2 -2.2 -2.2 -2.2 -2.2 -2.2 -2.2 -2.2 -2.2 -2.2 -2.2 -2.2 -2.2 -2.2 -2.2 0.3 0.9 1.8 2.3 5.7 20.5 22.5 27 32.5 39.4 44.8 46.9 49.8 54.3 57.4 62.5 68.9 73.5 77 77.2 78.3 76.9 73.1 67.7 62.5 59.8 59 54.9 48.6 47.5 52 50.7 50.2 50.6 55.4 49.7 49.3 48.3 48.1 48.2 49.5 49.9 50 50.8 52.6 53.2 55.2 56.8 58.5 59.6 60.3 60.7 59.3 57.8 55.8 53.6 51.2 49.5 47.7 47 46.7 47.2 46.7 46.7 45.8 45.5 44.1 43.6 43 41.5 39.8 39.3 39.6 38.4
-2.2 -2.2 -2.2 -2.2 -2.2 -2.2 -2.2 -2.2 -2.2 -2.2 -2.2 -2.2 1.5 0.8 1.7 2.5 2.5 2.9 13 17.2 20.5 21.2 29.2 31.1 40.1 45.2 47.4 50.6 54 56.9 60.7 66.3 73.1 75.8 78.4 80.7 81.3 80.8 78.8 75.4 69.5 66.1 64.4 62.2 54.3 50.8 48 54.9 55.3 55.2 54.9 53.6 51.9 50.8 51 51 51.1 51.7 51.9 51.9 52.1 52.5 52.6 53.3 54.7 55.8 55.9 54.2 52.9 51.7 50.3 48.5 49.1 49.6 49.1 48.7 48.6 47.3 45.4 44.5 45.4 45.5 45.3 45 44.1 43 41.1 39.7 40.9 39.8
-2.2 -2.2 -2.2 -2.2 -2.2 -2.2 -2.2 -2.2 -2.2 4.1 9.4 13.5 14.3 10.4 6 4.8 11.7 17.7 18.5 23.3 26.5 31.5 34.2 39.6 44.8 46.3 48.8 51.9 55.6 57.7 62.8 67.3 72.6 74.9 77.6 77.4 77.7 77.9 77.8 76 71.6 69.6 69.3 67.8 62.2 56.8 53.2 55.1 57.5 57.5 57.4 56.2 54.4 52.9 53.2 53.1 52.7 53.4 53.3 53 53.2 53.5 53.3 52.7 53.1 51.8 51.8 51.8 50.1 50 50.6 50.7 51.1 51.4 50.9 49.6 49.3 48.1 46.8 46.4 44.6 44 42.7 42.6 41.8 41 40.2 41 41.9 41.3
-2.2 -2.2 -2.2 -2.2 -2.2 -2.2 -2.2 1.8 8.7 13.8 17.1 17.2 17.7 16.5 16 17.9 21.9 24.9 27.1 29.4 33 37.1 39.9 42.4 46.1 47.9 50 51.5 54.3 59.6 65.6 71.2 73.2 75.5 77.7 77.6 75.7 74.4 75.1 73.8 70.5 69.7 68.2 67.7 64.7 58.6 52 53.8 56.2 56.5 56.2 55 55.2 54.7 54.2 53.6 53.1 53.7 53.2 54 53.9 53.7 53.8 53.2 52.2 53.4 51.3 51.1 50.9 51.4 52.3 52.9 54.7 54.1 52.9 52.1 50.5 50.7 49.8 48.8 49 48.3 49.4 47.1 46.4 45 44.6 45.3 45.6 45
-2.2 -2.2 -2.2 -2.2 -2.2 -2.2 1.9 6.8 13.1 18.2 19 20.9 20.5 20.5 23.1 30.3 33.7 34.3 35.2 38.5 41.8 43.7 50.3 55.1 53.3 52.4 51.5 52 53.8 60.6 67.1 71.3 75.9 77.1 76.5 75.8 73.4 72.3 70.8 68.4 65.9 64.4 63.3 61.6 61.4 57.5 53 51.7 51.6 55 54.5 53.7 53 53.5 54.6 54.2 53.6 53.9 53.7 53.9 53.8 53.4 52.2 51.7 51.9 52.6 54.3 53.9 54.4 55.2 58.3 62.4 63.2 61.8 59.3 56.8 55.7 55.4 54.8 53 54 53.8 54.6 53.7 52 52 52.3 50.9 50.9 50.5
-2.2 -2.2 -2.2 -2.2 -2.2 4.7 10.3 14.5 18.1 19.7 20.6 24.9 25 26.3 34.7 38.5 42.8 45.5 46 48.4 58.8 61 64.1 62 66.1 67.4 69 70.7 69.6 68.5 64.6 61.9 66.9 69.8 72 70.1 68.1 66.1 64 63.8 62.7 61.5 60.6 60.7 59.4 59.2 56.5 55.1 52.2 51.2 53.3 52.6 51.4 51 52.3 53.6 54.1 54.4 54.7 54.5 54.7 54.5 54.7 54.5 54.5 55.4 56.7 58 57.8 61 66.1 68 67.2 66.1 63.7 61.5 59.4 58.1 56.5 55 55.9 56.3 56.7 56.7 57.8 58.4 58.2 56.3 55.6 55.1
-2.2 -2.2 -2.2 1 7.1 17.5 18.6 19.3 21.5 25.9 28.8 30.9 34.5 35.8 43.7 49.1 51.5 52.7 55.7 60.5 73.8 77.5 83.5 85.4 87.7 87.7 87.1 87.6 87.2 85.5 83.5 81.6 79.4 67.3 63.6 62.8 61.5 61.4 61.4 62.7 64.4 62.4 62.4 63.7 62.8 60.9 58.3 55.7 53.5 51.5 51.7 51.4 50.3 50.1 50.7 51.5 53.3 54.7 55.5 56.5 56.7 57.1 57.4 57.4 57.9 58.6 59.4 61.1 64.6 68.8 72.4 72.2 72.4 68.3 65.6 63.6 61 58.3 56.5 54.9 55.4 56.7 57.7 58.3 58.6 59.8 60.7 60.5 60.2 59
-2.2 -2.2 1.9 12.3 19.9 22.7 24.8 28.8 31.1 34 37.8 37.1 38.6 43.7 49.9 55.3 58.7 61.1 68.6 78 85.3 88.8 94.2 99.2 102.9 104.6 104.4 102.8 101.4 98.5 95.8 92 88.9 85.3 81.1 78 72.8 70.1 67.8 68.5 67.7 64.8 66.2 68.3 69 66.9 64.1 59.3 56.7 54 54.4 55.2 49.9 50.4 50.8 51.3 52.4 53.9 55.4 56.1 57.9 59.1 59.8 60 60.8 62.1 63.2 64.5 69.3 75 78.3 76.6 75.1 71.9 68.5 65.2 61.6 57.8 55.7 54.1 55 55.8 56.9 59 60.7 61.2 61.7 62.5 60.8 60.4
-2.2 1 12 19.6 24 29.6 34 36.6 43.4 45.2 43.6 41.5 43.3 51.2 58 62.1 66.4 71.8 79.8 87.6 92.5 98.7 104.9 110.5 113.8 116 115.7 113.1 111.2 108.6 106 101.9 96.6 93.9 89.7 86 83.1 80.1 76.7 79.5 76.9 67.8 73.6 74 74.9 73.6 68.7 64.3 61.2 59.1 55.8 54.7 50.5 51.7 52.6 53.5 54.2 53.8 54.7 55.2 56.5 58 59.9 60.9 61.9 64.7 68.5 73.4 79.2 79.9 80.5 77.9 75.6 72.4 67.9 64.6 62 58.2 55.7 53.4 53.3 54.6 55.8 57.1 59.5 61.7 63.3 63.6 62.2 61.4
0.3 2.2 21.4 25.5 33.9 41.9 43.7 44 47.1 48.9 49 48.4 50.6 53.8 61.4 66.6 72 83.4 88 94.1 99.8 106.4 110.9 116.9 119.3 119.6 117.7 119.1 117.9 114.9 113.6 110.7 106.2 103.7 99.9 96.5 92.6 89.5 87.3 85 77.6 70.3 75.6 73.4 74.6 77.3 75.3 72.8 69.5 65 56.8 56.3 54.2 53.9 54.8 55.8 56.8 56.7 55.7 54.7 55.4 56.5 58.5 60.3 63.2 68 76 80.8 80.8 80.1 77.5 76 72 68.8 65.4 62.5 59.8 57.5 55.1 52.8 52.9 54.1 54.5 55.4 56.4 58.1 58.9 60.1 61 61.2
2 22.2 31.6 42.3 46.6 49.9 54 53.6 53.8 54 52.3 57.8 60.8 61.8 66.2 71.8 79 86.7 93.6 99.7 105.6 111.3 115.1 118.8 120.6 120.6 120.7 120 117.9 115.8 114.7 113 111.2 109.3 106.3 104.8 103.1 101.9 99.1 96.3 89.6 80.1 84.1 87.7 88.6 86.4 83.8 81 77 71.8 58.8 60 58 55.7 56.3 56.4 57.4 57.5 56.7 56.7 55.9 56.5 58 60.2 63.4 75 80.5 83.4 81.2 77.5 73.6 69.6 66.7 63.6 60.9 58.8 56.8 55.4 53.4 51.2 51.1 51.7 53.5 53.1 57.7 55.8 55.2 55.9 55.7 56.9
26.3 33.9 43 47.7 53.5 56.9 62.5 65.8 68 64.6 62 66.1 70.4 69.2 69 76.4 84.8 90.8 97 104.2 110.6 114.3 117.5 120.4 120.6 121.2 120.6 119 116.2 117.6 115.6 114.7 113.6 110.7 110.2 111.1 109.5 108.1 104.3 101.3 97 86.2 86.5 90.7 89.7 89.6 86 82 77.4 68.4 64.2 64.6 61.4 59.3 57.5 56.4 58.2 57.7 57.6 57.3 57.4 57.4 59.1 61.4 63.2 79.1 80.6 82.6 77.9 72.8 68.9 65.4 62.8 59.7 57 55 54 52.5 51.3 49.3 48.1 48.8 50.5 50.6 50.4 51.2 51.9 53.5 52.2 51.8
36.5 42.9 48.5 52.2 59.4 66.4 70.3 74.2 73.8 69.9 66.7 71.7 73.7 74.4 74.2 81.7 88.1 93.4 100.4 107.6 112.3 116.4 119.7 121.1 121.5 121.5 119.9 119.3 118.3 115.9 114.5 113.1 112.2 111.9 110.9 109.5 108 107.1 106.5 102.3 98 91.6 86.2 87.1 87.8 86.7 84.9 82.2 79.6 64.7 67.9 66.3 64.1 62 59.6 57.8 57.1 57.4 57.6 57 57.3 57.9 59.3 60.6 66.4 75 74.8 75.1 71.9 68 64.5 61.5 59.1 56.2 54.1 52.2 50.3 48.7 47.6 46.9 45.7 46 45.8 45.7 46.5 47 47.4 47 47.7 47.6
45.6 49.1 55.9 62.4 72.7 74.4 77.7 81.3 79 73.8 69.8 73.9 74.3 75.7 78.3 83.9 88.6 95.9 101.8 107.3 111.3 115 118.6 119.6 120.9 120.8 119.8 118.8 117 113.6 111.6 110.2 109.2 109 107.9 105.8 104.6 103.3 100.8 98.3 94.5 91.7 86.8 86.5 86 83.2 80.6 76.8 63.1 70 68.5 65.7 63.8 62.5 61.1 59.4 58.5 58 56.3 56 55.3 55.8 57.4 59.1 65 67.8 68.9 67.8 64.9 62.1 60.2 57.6 54.9 52.7 50.3 49.1 46.9 45.6 44.5 44 42.3 42.6 42.4 42 42.9 43.6 43.4 43.3 43.5 42.1
54.6 61.6 66.3 75.6 80.5 82.9 86.8 87.5 82.2 76.8 72.1 73.6 75.8 77.7 80.5 84.5 90 95.8 100.8 106.8 111 114 116.6 118.2 118.5 117.4 117.4 116.8 114.5 111.8 108.7 107.8 105.7 105.2 104.5 102.2 101 97.9 94.9 93.1 90 85.9 82.7 82.4 82.1 79.6 74.5 65.1 69 67.7 66.2 63 61.4 61.1 60 58.5 57.5 56.3 55.5 54.5 53.2 53.6 54.2 56.6 61.6 64.4 66.1 64.7 62.7 60.1 56.2 54 51.4 49.1 47.1 45.9 44 42.6 41.6 40.9 39.5 39.2 39.1 38.9 39.6 39.7 40.1 39.8 39.1 38.5
63.4 75.8 81.5 86.2 89.7 92.8 92.9 92.2 85.1 79.2 74.8 76.3 78.7 81.2 84.7 88.2 92.6 96.1 100.8 106.5 109.7 111.9 114.1 116.3 115.6 116.9 114.8 113.7 111.4 109 106.4 105.4 102.2 101 101 98.1 94.7 92.1 88.9 87.6 84.1 80.5 78.5 77.1 76.6 72.3 66.9 64.1 62.7 63.4 63 60.7 59.2 58.8 56.8 55.7 54.7 53.4 52.5 52.2 50.5 48.7 50.7 54.3 57.6 61.5 64.9 64 63.2 60 56.2 53.4 49.6 47.2 44.1 43.4 41.6 40.4 38.7 37.5 36 36 35.6 38.2 37.5 36.7 37.3 37 35.2 35.3
75 82 89 93.5 96.4 97.9 96.8 92.9 86 81 78.8 82.1 85.4 87.6 89.2 92.2 92.5 96.2 101.5 105.3 107.4 110.1 112 113.4 113 112.9 112.1 110.6 108.9 105.2 103.3 100.8 97.6 97.8 94.9 91.9 89.4 86.2 82.1 79.6 77.5 74.6 72.4 70.9 67.8 63.5 58.6 58.9 58.3 57.4 58.2 57.3 57 55.6 53.6 52 51.8 50.6 49 48.7 47.5 45.6 46.5 50.5 54.5 58.2 60.7 61 58.7 56.4 55 52.3 50 46.4 43.3 40.2 39.1 37 35.2 34.2 33.8 32.4 33.5 33.7 33.1 32.5 33.2 32.6 32.2 32.8
80.6 88.8 94 96.8 98.1 97.4 94.9 90.1 86.1 82.7 84.9 87.9 89.7 91.5 92.9 93.3 94.6 95.6 99.5 102.3 104.8 108 109.7 110.5 110.4 110.3 109.4 107.6 103.5 99.9 98.9 96.2 94 91.6 87.8 83.4 81.8 78.7 75.4 72.1 70.2 67.1 64.2 62.3 60.5 58.6 54 51.5 51.5 51.5 51.4 51.6 50.4 50.5 50.2 48.3 47.7 46.2 44.5 44.3 43.3 42.5 43 45.8 50.9 52.7 53.8 53.2 52.1 49.9 48.4 46.4 44.6 42.5 40.1 38.2 35.6 33.1 32.9 32.4 31.8 29.5 30.3 30.1 29.8 28.7 28.4 27.9 28.7 29.4
85.9 90.6 93.3 96 95.6 93.2 89.9 86.4 83.7 84.4 87.2 88.6 90.8 92.8 93.5 94 94 95.1 97.9 100 103.1 106.2 105.8 107.4 107.9 108.4 106.7 103.9 102.4 99.7 95.2 93 89.3 86.7 84.1 79.9 76.4 72.1 68.7 65.6 63.3 60.7 58.1 55.3 57.5 51 49.2 47.7 46 45.2 45.4 45.8 45.3 46.1 46.8 45 43.7 41.9 40.5 39.9 40.2 39.8 39.9 41 42.8 43.6 44.5 45.3 43.7 41.8 40 38.2 37.4 35.3 34.5 33.7 31.7 30.5 29.1 30.3 30 25.7 26.6 26.7 26.4 25.9 25.1 23.7 24.2 24.4
93.2 92.6 93.4 93.8 93 89.5 85.6 83.5 82.9 85.2 86.4 87.1 88.5 89.3 92.5 92.7 93.1 93.4 94.3 97.9 100.5 103.5 103.9 103.9 103.4 103 101.8 98.5 97.9 95.5 92.3 88.9 85.6 81 79.9 76.7 72 67.7 64 60.7 58.2 55.7 54.1 56.9 47.6 45.8 43.9 42.8 41.3 41.9 41.1 40.7 41.3 41.9 41.5 41.3 39.8 39.1 38.4 37.3 36.4 36.7 37.1 37.4 37.9 37.6 38.4 39.3 37.5 35.1 32.7 31.3 30.1 30.3 30.1 30.2 27.7 28.3 25.4 26.5 25.8 23.1 22.7 23.9 23.7 23.9 22.1 21.6 20.3 19.5
96.2 96.6 95 93 90.1 86.4 83.5 82.2 82.3 83.3 84.1 84.7 85.2 89.1 89.7 88.2 90.2 89.6 92.9 94.7 96.1 98 98.7 98.9 98.2 97.2 95.6 94.3 92.4 90.5 88.5 85.6 82.5 77.6 77.2 73.2 68.6 63.9 59.9 57 54.6 52.5 56.2 47.1 44.4 41.8 40.5 39.1 38.7 38 37.2 37.2 37.6 37.6 36.9 36.9 37.4 36.1 34.5 33 32.8 34.9 35.4 35.1 36.4 36.9 37.5 37.6 35.2 32.5 30.5 28.8 27.5 27 27.2 26.7 24.3 24.2 23.1 20.9 22.4 20.9 20 21.3 20.2 19.1 18.6 20.3 20.8 19
96.7 96.4 95.4 93 88 85.2 82.7 82.5 81.4 82.1 82.6 84.8 86.3 88.1 87 87.9 87.3 87.5 89.1 88.9 90.2 92.3 92.7 92 91.6 90.6 90.6 88.6 86.4 84.5 83.1 80.8 79.7 75.6 72.8 70.5 65.9 61.3 57 53.7 51.2 53.9 46.8 44.2 41.6 39.3 37.7 36.1 35.6 36 36.2 37.8 37.5 38.1 36 35 32.2 31.6 30.8 30.5 29.3 30.1 30.8 31.6 33.4 36 36.4 35.3 33.5 31.5 29.4 28.6 26.7 26.2 25.4 23.2 21.4 22.6 20.8 19.9 18 16.5 15.8 16.2 16.1 18.9 18.9 17.5 17.8 17.2
