Assets/StreamingAssets/GeoData/Data/no/NO46.asc
ncols 200
nrows 200
xllcorner 340000
yllcorner 760000
cellsize 50
[rows 35 to 69 of 200, columns 0 to 77 of 200]
382.5 376.9 372.2 366.4 368 379.2 392.4 410.6 429.5 453.3 472.3 493.8 511.7 525.2 538 549 557.7 560.6 557.9 549.3 535.9 519.5 499.8 479.2 462 451.2 440.1 431.8 436.4 439.2 440.1 439.9 433.8 423.2 436.7 457.4 476.5 496.5 517.2 539.8 561.2 578.3 589.7 590.2 583.9 568.6 550.8 531.1 513.9 498.6 485.6 473.7 459.4 446.6 452.8 454.2 455.3 457.5 460.3 463.4 469.6 478.4 488.8 499.5 509.2 517.2 523.8 527.7 526.1 518.6 505.5 485.3 464.1 444.2 424.8 404.7 386 363.6
378.3 372.4 367.8 361.1 366.6 377.5 390.7 407 427.2 450 472 491.7 507.2 520.8 534.1 545.3 555 558.6 556.4 547.7 536.7 519.7 498.8 479 461.4 447 433 417.2 424.1 425.4 425.2 424.5 417.5 421.7 441.1 460.2 479.1 499.7 521 544.8 564.7 578.8 587 589.5 585.3 570.6 553 532.7 515 499.3 486.1 472.8 461.5 445.2 440.5 444.8 445.9 449.6 452.4 457.2 463.7 472.4 482.7 492.9 502.2 511.2 519.3 525.6 526.3 520.1 507.9 490.4 467.9 446.6 427.1 406.7 389.9 375
373.7 367.9 360.8 358.7 366.5 376.3 387.9 403.5 426 445.4 465.8 483.5 501.1 513.8 527.7 540.7 549.8 553.8 552.7 547 537.5 520.3 500.7 481.2 464 448.5 433 411 413.7 414.8 413.9 412.9 403.4 424.6 443.5 461 480.1 499 523.4 545.3 563.1 574.7 582.7 585.6 582.1 571.5 555.5 536.4 517.3 500.6 486.6 473.4 462.4 447.2 432.8 435.9 438.9 441.9 444.8 450.8 457.8 466.1 475.9 486.1 495.2 505 514 520.8 523.2 520.3 506.7 490.5 471.2 448.9 428.6 408.8 388.5 376.6
370.9 364.9 356.4 356.8 365.1 374.3 385.3 398.5 420.1 439.6 458.2 476.9 492.9 506.3 521.2 535.1 543.2 547.6 547.9 545.1 537.3 521.9 503.6 483.7 466.5 449.4 433.1 415.3 398.4 405.1 405 399.3 406.6 425.4 442.5 459.8 479.3 500.9 522 540.3 555.7 567.4 574.4 578.9 576.8 568.6 555.3 539.6 521.6 502.9 487.2 475.3 464.6 448.5 433 426.8 430.1 434 437.6 443.4 451.5 460.2 469.9 479.6 488.4 497.3 506.7 515.3 517.7 514.9 503 488.2 470.5 448.9 431.1 411.1 392.1 376.9
368.1 360.2 354.9 355.9 363.7 372.4 382.6 395.9 414.8 432.3 451 467.5 485 499.1 512.7 524.7 534.3 539.9 541.7 538.8 531.7 520 504.8 487.5 467.9 450.9 433.4 417.1 403.4 389.4 394.5 389.1 405.9 424.2 440.2 458.8 478 497.8 515.4 531.4 544.4 555.8 562.8 568.8 569.4 564.2 555.5 541.8 519.9 503.6 489.5 476.7 466 451 436.3 417.5 422.1 427.1 430.5 436.1 443.7 451.8 461.2 472.5 481.5 491 501.3 508.3 511.1 506.5 495.6 482.9 466.7 449.8 432.3 413.9 392.3 375
365.2 359.8 353.5 354.4 363 370.5 380.4 391.5 408.1 424.7 441.7 458.9 475.5 490.5 503.4 516.5 526.1 531.8 533 530.6 524.5 515.4 502.9 486.7 468.8 452 434 417.7 402.1 390.6 379.7 384.5 402.2 420.1 437.9 457 475.3 491.7 506.6 520.3 531.4 541.4 550.3 558.5 560.4 559.6 552.9 543.7 527.4 506.9 491.3 478 466.5 452.3 438.4 423.4 412.2 418.9 423.5 428.9 435.4 443.6 452.7 464.8 474.9 484.6 493.9 499.2 500.3 494.3 485.7 474.5 463.6 449.2 432.2 414.2 395.8 374.5
362.1 357.1 351.1 351.6 361.6 369 379 389.8 402.9 417 433.6 448.9 465.3 481.4 496.3 509.2 516.9 522.1 522.7 520.6 516.5 508.4 497.1 484.5 469.1 450.8 433.1 415.8 401.1 388.3 376.2 386.5 398 413 431.1 450.6 468.4 483 495.1 505.4 517.8 527.5 537.2 545.6 551.1 552.6 551.8 544.1 529.6 510.4 494.6 479.8 466.6 452.9 439.3 426.2 412.8 411.7 415.5 421.7 427.5 435.2 444.3 456.2 467.5 476.8 484.8 487.8 487.5 484.4 475.7 468.4 457.2 444.6 428.6 413.3 396.2 376
359.8 355 349.9 349.3 359.3 367.4 377.2 387.5 398.5 412.2 425.9 441 458.4 476.1 490.1 502.1 507 510.2 511 509.8 505.5 498.8 490.4 480.4 465.9 448.2 430.3 414.1 399 385.5 371.6 382.8 395.2 408.7 425.6 445.2 460.7 473.4 483.7 493 504.2 514.1 523.8 532.6 538.3 544.1 544.6 539.4 531.4 518.3 499.3 483 470.4 456.9 444.3 431.5 418.4 399.1 406.3 412 419.1 427.4 435.9 447.1 457.8 466 473.6 479.2 479.5 474.9 470.3 461.4 451.8 441.7 425.5 410.6 395.7 377
357.7 352.9 349.6 346 358.5 366.1 374.8 385.2 397.9 408.9 420.3 435.6 454.7 473.4 485.2 494.9 499.1 500.9 501 499.3 494.7 487.8 480.5 471.8 458.1 443 426.2 409.5 394.8 383.3 368.9 378.5 390.6 404.9 420.1 435.6 451.7 463.2 470.4 478.2 490.2 500.3 509.9 519.1 525.5 530.9 534.9 533.9 531.9 523.4 507.5 491.4 475.4 462.7 451.4 440.8 427 412.8 399.9 401.4 409.6 419.8 428.7 438.5 447.8 456.4 463.8 469.1 468.9 466.2 461.9 455.8 447.3 434.5 418.6 407.3 394.1 377.5
355.2 350.8 346.8 345.3 357 365.5 373.1 384.1 394.6 405.2 416.8 433.2 454.3 470.4 479.5 487 489.4 490.6 488.7 487.8 481.3 474.3 468.6 460 448.6 435.8 419.9 406.1 392.4 380 366.9 373.5 385.8 398.7 412.9 426.8 438.7 451.3 458.4 464.9 476.4 487.7 497.6 506.7 513.3 518.5 523.8 527.4 527.8 522.4 513.8 502.4 484.9 471.4 459.1 447.7 436.1 425 409.9 387.4 399.4 410.2 418.8 427.4 438.2 447.1 452.3 456.4 457.9 455.6 453.7 448.8 437.3 423.6 410.9 399.8 388.2 373.2
352.7 348.5 343.6 345.4 357.1 364.6 372.6 381.9 392 402.5 415.3 430.7 451 465.4 474.5 479.8 481.9 477.8 475.2 471.5 465.7 460.4 454.3 447.2 438.2 425.6 411 397.1 385.3 375.4 363.1 373.3 382.2 392.2 403.3 415.9 427 436.6 445.2 455.1 464.7 475.2 485.6 494.4 501.4 508.5 514.8 520.1 523.1 521.3 516.1 507.3 496.7 482.5 468.4 455.2 443.1 429.9 418.5 401.7 381.6 396.5 407.2 416.8 426.4 436.8 442.3 445.4 447.5 447.8 445.8 439.9 430.5 415.2 402 391.1 380.8 368.3
350.8 347.5 342.4 346.9 356 364.3 372.2 381.4 391.1 400.9 413.5 431.2 446.8 462.1 466.9 470.7 471.6 464.5 459.6 455.5 451.1 447.1 441.5 435 428.2 417.2 403.2 391.1 380.2 371.5 358.1 369.4 379.1 386.5 395.9 405.5 415.3 424.2 432.6 443.2 453.6 463.1 471.8 480 489.2 497.9 507.2 513.7 518.3 520.3 517.2 511.7 503.4 492.8 479.5 464.7 449.7 436.6 422.2 408.7 392.9 380.5 397.5 408 417.9 425 429.8 433.9 437.6 439.2 438.3 431.9 422.8 410.4 396.2 384.7 372.2 360
348.3 345.7 340.8 344.5 355 363.4 372.3 381.3 390.4 400 415.2 432.9 446.2 457.7 463.2 463.7 461.1 452.9 447.3 442.6 439.2 436.1 430.6 425.5 417.7 408.2 396.4 385.3 375.1 365.4 357.2 366.1 375 382.2 390.4 396.7 405.4 413.3 421.3 430.3 440.4 450 458.7 465.4 473.1 483.5 497.3 507.2 512.4 515.8 517.4 514.2 508.5 499.2 488.4 473.2 456.8 441.6 427.3 412.7 398.3 371.6 387.8 400 408.7 414.6 419.2 423.1 427.4 429.4 430 425.5 417.4 404.8 388.1 377.9 362.9 352.2
348.3 343.7 339 344.6 354.2 362.8 372.4 381.3 390.7 401.4 415.9 432.1 444.7 454.1 458.2 457.8 451.3 444.1 437.1 431.3 428.4 425.8 421.9 416.1 409.4 399.4 387.1 377.7 369.4 362.5 353.8 363.4 371.1 378.2 384 389.8 396.7 403.6 411.3 419.1 428.2 436.2 446.1 453.7 461.4 471.9 482.8 497.9 506 512.1 515.2 514.3 510.7 503.5 493.7 480.3 464 446.1 431.6 416.8 400.1 378.3 378.9 390.9 398.4 403.6 408.6 414.2 418.5 421.3 423.2 418.5 412.8 398.7 384.1 371.9 360.6 346
347.9 343.7 337.7 342.7 353.6 362.3 372.2 382.3 392 403 418 431.4 444.8 452.3 454.7 450.8 443.8 435.5 427.1 421.7 416.1 413.4 410.4 406.1 400.1 390.5 380.7 372.2 365.3 358.1 352 359.4 367.5 374 379.1 384 389.6 395.6 403.3 410.5 417.8 426.1 434.2 444.8 454.3 466.7 476 489.1 500.1 506.8 511.3 514.3 512.2 504.9 496.8 485.3 469.8 451.8 436.2 419.1 402.2 383.6 367.4 381.5 389.7 395 399.1 404 410.9 414.8 416.5 412.7 408.5 396.6 380.2 368.4 356.6 338.4
345.6 339.6 336.3 339.8 353.7 362.9 371.6 383 393.6 405.7 418.9 431.7 442.8 449.4 449.3 444.4 436 427.1 417.7 410 405 402.2 399.9 394.6 389 381.2 373.6 367.2 360.7 355.3 349.1 355.1 363.7 368.4 373.5 378.4 383.3 388.4 395.1 402.2 409.8 417.2 426.4 436.4 449.4 462.1 472.3 482.6 494.5 501.3 507.4 510.4 509.1 504 496.9 485.2 473.3 457 440.4 422.4 404.1 383.7 358.5 374.5 380.1 386 389.5 394.7 403 408.8 409.3 408.2 404.5 392.7 379.5 365.8 351.3 327.8
344.4 338.4 334.6 338.2 352.5 362 371.8 383 394.9 409.6 421.6 433 440.7 446.4 443.2 438.6 430 419.8 408.3 399.1 395.4 392.7 388.8 383.9 377.8 371.6 365.4 360.3 355.5 349.7 346.2 351.7 356.2 362.9 367.6 371.7 376.5 381.6 387.9 394.7 402.6 410.5 419.7 429.2 443.3 456.5 468.9 479 489 496.6 500.9 503.1 502.9 497.9 490.3 480.9 471.1 456.3 442.3 426.4 407.2 383.9 364.9 360.4 369.3 373.6 380.5 386 392.7 399.7 403.9 405.4 401.3 392.6 382.3 364.9 347.6 333.7
342.4 336.3 331.7 338.9 350.4 361.7 372.7 383.6 396.6 412.4 424.4 434.8 443.1 445.9 441.4 434.6 426.4 413.5 401.3 392.4 387.2 381.3 376.9 372.4 367.4 363.7 358 353.4 349.6 346.6 340.8 349 354 357.8 362.2 365.7 369.2 374.9 381.9 390.1 397.7 405.5 414 424.2 436.7 450.2 462.5 474.1 483.3 488.8 492.1 493.7 493 487.1 481.1 472.7 462.9 451.9 439.5 426.6 409.7 387.8 369.2 350.7 359.3 359.1 370.5 377.3 383.8 390.3 396.9 401.7 399.7 392.7 381.5 365.7 348.2 332.6
340.5 332 330.9 338 349 359 370.2 383.7 398.4 413.3 426.7 437.5 445.5 447.6 440.9 432.1 422.9 409.1 396.4 387.8 380.1 372.8 369.2 363.9 360.5 357.3 352.9 349.2 345.6 343.1 339.8 344.6 348.6 351.8 356.7 363.4 364.6 372.6 379.4 388.9 397.9 405.2 408.9 416.3 429.5 441.6 454.5 466.5 473.1 478 481.6 482.8 479.9 475.9 469.3 462.8 453 443.7 433.7 423.1 410.7 394.3 376.4 355.2 347.9 351.7 360.4 368.6 377.1 384 390.9 397.1 397.1 393.2 385.9 369.8 350.7 334.5
338.8 331.3 330.3 336.5 347.2 358 369 381.5 395.4 411.8 426.4 437.8 445.1 447.2 442.3 432.3 420.3 405.6 393.3 382.4 374.1 366.2 361.5 357 354.9 352.7 347.7 344.9 340.8 338.2 337.2 345.3 350 354.7 362.8 369.5 374.2 380.3 385.9 392.2 399.5 405.4 410 410.6 414.1 419.8 437.7 453 460.4 456.5 458 463.8 464 460.6 455.8 448.7 441.3 434.3 426.1 416.3 406.3 397.3 378.4 367.5 351.1 342.9 352.3 360.4 368.8 377.7 384.4 389.2 392.3 392.5 386.9 375.6 355.8 337.2
336.2 329.1 329.4 335.8 345.5 357.3 368.9 380.9 393.3 410.5 425.7 436.5 444.2 446.5 442.8 433.3 419.2 405.1 391.1 380.3 369.2 358.4 354.7 351.5 351.3 349 343.9 340.9 336 334.4 340.3 345.8 351 359.7 367 374.2 382.9 389.1 396.1 403.8 410 416.3 422.2 426.9 429.2 423 415 434.1 432.8 419.5 421.8 431.6 437.9 438.2 435.5 431.4 426.9 422.8 415.4 410.8 402.4 393.6 385.5 376.1 363.4 347.3 340.6 351 358.6 367.2 373.6 380.5 385.3 387 384 379.4 368.3 350.3
335.7 328.3 327.1 334.2 344.3 357 368 379.1 391.7 407.4 423.9 434.9 443.9 445.8 442.4 434 419.7 405.8 391 377.1 366.8 357.4 349.4 346.4 345.4 343.5 339.5 336.7 331.8 337.3 341.5 347.9 356.7 365.1 374.3 385.4 393.6 401.4 408.8 416.9 422.8 430 436.4 440.5 442.6 440.4 418.8 407.8 401 393.1 393.8 400.7 408.9 411.3 409.1 407.2 405 406.2 401.6 395.2 385.5 383.3 377.8 373.2 366.4 355.2 335.2 340.8 349.4 357.1 363.7 369.6 376.7 380.7 381.8 381.3 376.2 364.5
334.8 325.7 325.3 332.9 342.9 355 367.5 379.4 391 406.5 424.2 438.7 442.5 444.8 440.7 433 419.9 404.5 391.4 378 364.2 354.3 346.5 339.9 338 337.1 335.5 331.1 331.1 338.9 344.2 350.9 359.9 369.9 381.4 392.5 402.7 413.3 421.5 429.6 436.6 444.1 449.6 453.4 455.5 454.4 433.6 416.5 419.5 410.4 386.9 378.1 381.8 384.6 386.1 387.1 390 383.8 377.7 373 365.9 362.2 360.7 365.1 360.3 355.4 345.3 331.5 339.8 347.1 354.6 361.9 369.6 373.3 378.2 380 378.3 374.3
333.8 326.4 324.1 328.6 342.8 354.9 367.5 377.5 392.1 407.3 425.7 440 444.1 441.4 437.9 428.5 415.7 402.6 391.8 378.3 364 352.4 343.6 335.2 331.9 331.8 331.2 328.1 333.3 338.7 345.5 353 363.3 376.6 389 400.5 411.5 422.6 433.4 441.1 448.8 456 461.7 466.2 468.7 468.3 465.4 450.5 445.4 429.8 405.8 389.3 380 373.7 370.8 372.6 372.7 368.2 370.2 365.9 358.8 350 347 349 355.7 355.7 348.4 327.2 331.3 338.1 346.4 354.8 361.7 365.1 369.9 375.4 376.2 377.2
333.6 326 322.6 324.3 341.9 355 366.5 377 390.4 408.3 426.8 437.2 439.6 435.4 430.2 419.7 408.5 398.8 389.5 375.8 361.7 350.2 340.6 333.5 327.6 326.2 326.9 326.8 333.7 339.1 347.5 356.5 368 381.8 395.8 409 421.4 433.2 443.2 451 459.8 466.9 473.2 479 480.8 481.3 480.3 473.8 461.3 446 427.1 409.8 394 389.4 381 371.7 367.6 364.8 361.4 358.1 356 355.8 353.2 343.1 339.5 335.6 338.3 326.5 323.3 328.7 336.2 343.5 351.6 356.2 363.4 368.2 371.9 376.1
333 327.1 322.7 321.3 340.5 352.6 364.6 376.1 388 407.3 423.1 431.2 432.6 427.7 421.4 410.2 399.6 392.2 383.2 371.1 358.3 347 337.5 329.8 324.7 323.6 323.5 328.3 334.4 340.3 349.3 360.3 372.6 387 401.1 417 429.5 441.8 451.9 461.9 470.1 477.1 484.2 490.7 493 493.1 491.5 487.6 475.8 459.8 439.1 418.1 414.3 405.7 395.3 383.3 374.2 369.3 367.5 367.4 372 371.3 365.8 357.9 349.4 346.2 341.2 342.6 333.3 320.6 321.6 328.7 338.7 346.1 353.1 360.9 365.5 370.9
331.2 325.5 320.4 322.7 339.4 350.2 362.1 373.2 384.6 402.4 415.6 424.1 424.3 418.5 411.4 400.6 391.8 384.5 374.7 364.8 353.7 342.5 333.6 328.6 321.7 321 322.6 328.1 333.8 341.4 351.1 362.5 375.5 390.4 405.6 420.6 434.7 447.6 458.8 469.7 480.7 490.2 497 501.3 503.7 504.1 502.4 498 485.5 467.8 448.7 438 428.4 418.1 404.7 393.1 378.9 377.2 380.4 385.5 388.4 388 384.3 377.2 369.1 359.2 352.2 349 343.9 331.7 319 316.7 318.3 333.4 342.3 351 357.6 361.9
331.4 326.5 317.8 323.2 337.2 348.6 359.5 370 381 396.2 408.4 414.8 415.1 409 400.6 391.1 382.3 374.1 365.1 357.4 349 339.7 331.2 324.7 319 319.9 322.9 328.4 335.3 341 351.7 362.3 375.6 391.3 406.1 421 436.4 449.8 462.4 476.1 487.7 498.6 507.5 513.2 515.4 514.9 511.1 504.4 494.1 480 464 449.4 436.6 424.5 410 394.5 382.8 388.1 393.5 398.9 401.4 400 396.7 392.6 386.3 377.3 368.1 363.3 358.2 351.1 343.5 332.7 315.2 315.9 330.2 337.9 344.4 352
331.7 325.1 317.6 321.6 334.2 345.2 356.3 366.8 377.6 388.9 399.3 406.5 405.7 398.4 389.3 379.6 369.5 362.5 355.4 349.7 342.8 334.9 327.9 321.9 317.6 320 324 327.4 334.4 342.3 352 362.5 374.6 389.3 404.4 420.1 434.7 449.6 464.2 480 494.4 504.8 516.6 522.2 525 524.4 519 512 502.5 489.3 473.1 456 440.3 426.1 408.3 392.9 393.5 400.3 405.1 409.3 413.5 413.5 410.6 404.8 400.6 391.6 384.8 378.8 372.8 366.2 358.4 349.1 337.9 314.2 310.1 326.8 333.5 341.4
331.4 323.1 316.6 315.9 332.3 341.8 353.2 362.7 372.9 381.8 391.8 396.6 395.4 386.4 375.7 366 358.6 352 345.8 340.9 336.7 329.8 324.6 318 316.2 319.6 324.9 328.6 334.9 341.2 351.5 361.3 372 385.5 400.1 414.6 431.6 447.9 465.4 484.3 499.2 511.1 521.8 528.6 531.6 530.4 525.3 518.3 507.9 493.3 475.9 458.1 440.9 424.7 407.4 405.4 408.3 412.4 417 421.6 422.7 423.7 421.9 417.4 411.5 406.2 400.2 393.7 387.3 379.9 371.9 361.7 351.9 336.6 314.1 310.4 323.7 331.5
330.3 321.9 314.5 313.9 329 339.7 348.8 358.1 367.5 375.6 382.4 385.8 383.1 374.1 364.2 355.6 349.9 343.3 338.2 334.2 330.1 326.3 321.9 315.3 314.3 320.9 325 329 335.6 343.3 351.1 358.8 368.5 380.2 393.2 408.6 427.3 445.7 466.2 485.5 500.7 514.8 526.1 532.8 536.7 535.1 529.4 522.3 512.9 497.2 477.7 457.4 439.6 425.7 417.7 419.3 422.9 425.1 428.7 431.5 432.5 432.1 428.7 424.9 420.4 415.2 410.7 405.4 398.9 392 384.8 375.9 365.1 351.3 334.6 311.2 304.1 321
329.3 322.6 313.2 311.6 326 336.1 345.6 353.8 362 369.2 374.4 376.5 373.1 365.1 355.6 348.6 341.9 336.2 331.4 327.5 325 322.4 310.9 312.8 315.1 320 324.9 329.3 336.5 343.7 351.7 358.7 366.6 378.3 391.8 408.5 427.3 446.8 467.3 486 502.3 517.4 528.8 536.3 540.7 539.1 533.4 525.1 515.2 499.5 478.4 457.1 440.8 433.8 435 435.9 437.8 439.9 441.4 442.7 441 439.5 435.8 431.7 429.1 422.8 416.3 412.1 406.7 400.4 393.4 385 375.2 363.2 347.4 331.5 306.9 301.8
328.1 321.8 313.5 310.7 322.4 332.5 341.7 349.4 356.5 362.7 365.5 367.2 363.5 356.8 348.1 341 334.8 330 324.4 322.7 320 318 310.2 312.5 316 319.7 325.1 330 336.9 344.1 351 359.4 368.8 381.1 395.9 413.8 429.4 448.5 469.2 488.4 504.9 519.3 529.8 537.8 542.4 542.1 536.5 528.6 517.2 501.9 479.5 458.8 449.4 451.7 451.7 450.5 450.1 451.3 451.8 451.5 449 446.6 442.4 437.6 432.9 427.8 421.3 415.8 410.8 403.7 397.3 388.6 379.6 369.8 356.9 337.9 323.6 302
326 320.2 313.8 307.9 317.5 327.6 337.3 344.7 351.1 355.8 358.5 358 354.7 348.6 340.6 333.6 328.7 323.1 318.4 316.9 315.8 312.9 308.8 315 319.9 323.7 329.1 333.8 337.9 342.5 351.4 360.7 371.3 382.7 397.2 415.4 430.3 449.7 470.2 490.5 506.2 520.4 530.8 539.1 543.8 543.1 538.8 531.1 520.7 506.6 484.4 466.2 465.4 465.7 466 465 463.1 461.7 460.8 459.3 456.2 450.9 445 440.3 435.1 429.6 423.5 418 412.2 405.6 398.2 391.2 381.6 372.3 361.5 345.7 327.7 314.5
324.6 318.7 312.2 306.8 311.4 323.6 331.8 338.9 345.4 349.3 351.1 349.8 346.6 340.4 333 327.5 322.6 317.5 313.8 312.5 307 306.6 311.3 318.7 324.2 328.8 335.2 340.7 344.1 348.7 348.6 356.2 371.6 383.8 397.1 412.5 430.9 449.4 468.1 488.4 506.1 519.2 531.3 539.1 543.5 543.9 539.5 533.8 524.1 510.6 492.9 484.7 481.2 480.2 479.2 476.3 473.4 468.6 465.6 463 458.4 453.6 447.9 442.3 436.5 430.3 424.3 419.3 413.8 407.4 399.9 392.5 384.4 376 365.8 354.5 340.7 330
