Assets/StreamingAssets/GeoData/Data/no/NO53.asc
ncols 200
nrows 200
xllcorner 350000
yllcorner 730000
cellsize 50
[rows 78 to 116 of 200, columns 0 to 86 of 200]
68.6 67.5 66.5 65.9 65.2 63.8 62.9 61.7 61.4 60.8 60.8 60.2 59.8 59.4 58.7 58.1 57.4 57.5 57.8 58.9 57.8 56.4 53.8 52.6 51.4 50.1 48.9 47.5 46.6 44.6 45.6 44.8 44.7 44.8 43.9 44.2 43.8 43.5 43.4 43.2 42.7 42.1 41.5 41.5 41.3 41 40.7 39.6 40.1 40.5 40.3 40 39.4 39 39.3 40 40.9 41.9 41.1 41.4 41.1 40.8 42.3 43.8 43.2 43.3 43.4 44.5 44.8 46.2 46.4 39.5 47.3 47 47.7 48.3 47.7 46.7 47 46.2 46.4 46 45.3 45.1 45.6 45.3 44.1
67.5 66.6 65.9 65.1 64.9 64.5 64.4 63.2 62.1 61.3 61.1 60.4 60.1 60 59.4 58.4 58 57.5 57.5 56.5 55.7 54.7 54.2 53.4 51.9 50.4 48.7 46.7 45.1 43.8 43.4 44.1 44.3 44.5 44.4 42.7 43.7 42.8 43 42.9 42.2 41.8 41.2 41.3 40.7 40.8 40.3 39.3 39.5 39.5 39.5 39.6 39.1 39 38.7 39.3 40.5 39.8 39.7 40.2 39.8 40 40.6 41.1 41.9 42 41 42 43.4 44.4 47.2 45.6 45.1 47.6 47.5 47.9 47.8 46.5 46.5 47 48.5 47.4 47.4 45.8 45.4 46.2 44.1
67.2 66.4 66.9 66.4 64.9 65 66 64.9 63.4 62.6 61.7 61.4 60.5 60.7 59.7 58.8 58.5 58 57.1 57.4 56.5 56.7 54.3 53.7 52.7 51.5 50.4 47 45.2 44.1 44 43.3 43.6 43.9 44.4 43.8 43.2 42.6 42.6 42.1 41.8 41.8 41.9 41.3 40.9 40.5 39.7 37.7 38.8 38.6 38.9 39.1 38.8 38.7 38.5 38.5 39.6 39.7 38.1 38.2 39.3 39.7 40 40.2 41.7 41.3 42.5 41.3 42.5 42.9 43.8 40.3 40.4 46.2 46.6 47.6 48.7 47.5 48 48.5 49.6 48.6 48.7 48.6 47.1 46 45
66.9 66.7 67 66.7 65.5 65.4 65.7 65.4 64.5 63.7 64.9 63.1 62.5 61.1 60 59.3 58.8 58.6 57.9 58.4 57.7 57.3 55.2 54.4 53.3 53.3 52.4 48.4 45.6 44.4 43.8 43.2 43 43.5 44.1 44.1 43.5 42.7 42.5 41.9 41.6 41.4 41.3 41.6 40.9 40.6 40 38.4 38.6 38.2 37.9 38.6 38.1 37.9 38.5 37.7 38.1 37.9 36.9 36.6 38.2 39.8 39.3 39.7 40.6 40.9 38.7 40.7 42.4 41.9 43.5 44.9 44.7 44.1 46.4 46.9 47.9 49 49.7 51.1 52.5 49.8 51.4 50.7 48.9 47.2 45.3
66.2 66 66.4 66.3 65.7 65.4 64.9 65 65.2 64 64.2 63 62.3 61.4 60.2 60.3 59.1 57.9 58.2 58.7 59.1 58.1 55.5 54.5 54.1 52.4 50.1 47.9 45.5 45.2 44.6 44.5 44.2 43.5 44 43.9 43.5 42.7 42.2 41.7 41.4 41.2 41.1 40.9 40.7 40.4 40.1 38.7 37.5 37.6 37 36.7 36.7 37 37.6 37.7 36.6 36.5 35.7 37.2 37.5 37.7 37.9 39.4 39.1 38.9 38.6 39.7 40.7 40 41.7 43.1 44.4 44.2 46.7 47.2 47.9 46.7 47.6 49.8 52.2 50.3 52.2 52.1 50.2 48.8 47.1
65.1 65.1 65.4 65.9 66 66.1 64.9 64.8 64.6 63.8 63.7 63.2 62.6 61.4 61.6 60.7 59.8 59 58.5 58.5 57.9 57.2 55.4 54.2 51.7 49.6 48.1 47.1 46.9 46 45 45.9 44.1 43.1 43.7 43.6 43.2 42.6 42 41.5 41.2 41.1 40.9 41.3 41 40.4 39.9 39.6 38.3 37.5 37.5 35.4 36 35.3 36 35.7 36.6 35.6 35.8 36.5 36.7 39 37.5 37.8 38.4 37.7 37.1 38.1 38.6 39 39.6 42.2 43.5 44.5 45.3 46.5 46.7 45 46.6 48.9 50.2 50.1 51.8 51 50.6 49.7 48.3
64 64.6 64.1 64.5 65.1 65.5 65.6 64 63.7 64.3 63.8 63.8 61.9 61.4 61.2 60.8 59.9 58.7 57.7 56.9 56.5 55.4 55 53.8 51.7 49.1 48.1 46.7 46 45.4 44.1 44.4 43.7 43.1 43 43.2 43 42.5 41.9 41.3 41 41 41.3 41 40.7 40.3 39.8 39.5 39.4 39.2 38.7 38 37.1 34.7 36.5 36.6 34.5 34.9 34.7 35.5 37.5 37.2 36.7 37.5 37.6 37.2 38 37.9 37.9 39.3 38.7 39.6 41.8 42.7 43.2 44.3 45.4 44.1 45.2 47.4 47.5 50.2 52 50 49.6 50.1 49.9
62.2 63.4 65.1 64.2 62.9 63.3 63.7 63.1 62.6 63.1 63.1 63.3 62 62.4 62.2 60.4 59 57.6 56.6 56.3 55.6 54.9 54.5 53.5 51.8 50.1 48.4 47.2 46.3 45.3 44.7 45.1 44.4 43.3 42.4 43.1 42.9 42.3 41.8 41.2 41.2 41.3 41 40.7 40.4 40.1 39.6 39.4 39.4 38.5 37.8 37.7 38.5 38.7 37.4 37.1 36.2 35.9 36.8 35.6 31.6 34.6 35.8 37 36.8 36.6 37.7 37.7 38.2 39.6 39.3 39.3 39.8 41.4 42.3 41.6 42.8 42.8 45 46.9 46.6 48.8 49.8 50.4 49.8 48.7 49.7
60.9 61.4 64.5 64.6 64.5 63.6 62.5 62.6 61 61.2 62 61.1 62.1 63.1 62.3 60.5 59.8 59.2 58.1 56.9 56.4 55.8 54.2 52.8 51.4 50.7 50 49.2 48.4 46.9 45.1 45.2 44.1 43.8 43.4 42.6 42.7 42.3 42.1 41.8 41.2 41 40.7 40.4 40.1 39.8 39.5 39.3 39.3 37.8 39.2 39.8 39.9 38.6 38.8 38.9 37.9 38.6 37.3 36.6 34.2 30.5 31.9 36.8 36.6 36 36.5 36.2 36.5 38.6 40.3 39.7 39.7 41.6 40.3 41.1 40.2 41.1 43.8 45.5 46.4 47.8 48.5 50.4 49.9 48.9 49.4
63.6 60 60.9 63.8 64.2 64.2 63.3 61.8 60.2 59 58.9 60.2 61.9 62.8 63 62.2 62 60.6 59.8 58.4 57.5 55.8 54.6 53.1 52.6 52.8 52.2 50.7 49.4 47.6 45.9 44.9 44.4 44.1 43.6 43 42.8 42.2 42 41.7 41 40.8 40.7 41.1 40.3 40.1 39.9 40.3 39.6 39.5 39.9 40.2 40.3 39.9 39.2 38.1 37.4 37.3 36.8 36.6 36.7 35.1 30.4 36.4 37.3 36.8 35.8 35.7 35.4 37.6 39.2 38.8 39 40.2 39.8 39.9 39 39.7 41.7 42.3 43.7 44.3 45.4 48.3 47.4 48.2 48.3
66.1 64 59.8 59.1 62.6 61.8 61.3 61.5 60.6 60.2 60.1 56 61.2 63 63.1 62.9 62.8 63.1 60.5 58.8 56.9 55.1 54.3 54 54.2 53.8 53.1 51.4 49.9 48.3 46.9 45.3 44.5 44 43.5 43.3 42.4 42.1 42.2 42.1 41.4 41.1 42.1 41.5 44.1 43 41.8 41.9 41.5 41.2 40.8 40.6 40 39.5 39.3 39 38.2 37.3 37 36.3 36.2 35.5 32.6 28.4 37.2 37.4 35.9 36 35.8 36.7 36.9 38.4 39 38.9 38.4 38.9 39.6 39.1 39.8 40.7 41.4 41.7 42.9 44.4 43.6 44.2 44.6
67 65.3 64.1 60.6 57.8 61.3 62.3 64.3 66 66.3 60.6 53.1 59.6 62.7 62.1 61.5 61 60.7 59.7 58.2 56.3 55.1 54.1 53.8 53.4 52.6 51.4 51.1 50.5 49 47.4 45.5 45.4 44.8 44.3 42.9 42.5 42.2 42.2 42.6 42.9 43 42.9 44.3 44.5 43.7 42.7 42.8 42.8 42.4 41.8 40.8 40.5 40.6 40.3 39.9 39.1 38.2 37.3 36.5 35.6 35.5 31.8 29.8 36.4 36.2 36 35.7 35.7 35.2 35.5 38 38.8 37.8 36.9 37.2 37.5 37.9 38.7 39.2 39.3 39.2 40.1 41.1 39.9 40 41.4
66.4 65 64 62.1 59.6 56.8 59.7 63.2 69 66.5 61 57.2 52.8 61 60.5 59.2 59.3 59.1 58.4 57.5 55.8 55.1 53.7 53.3 52.6 51.5 50.3 49 49.2 48.6 47.3 45.8 45.4 45.5 44.4 43.9 43.5 42.8 42.5 44 44.1 44.1 44.2 43.8 44.3 44.9 44.3 43.5 42.8 42.3 41.9 42.3 41.4 41.5 41.4 40.8 40 38.9 37.7 36.4 35.4 35.3 32.8 30.4 34.2 35.3 34.9 36.7 36.1 35.2 35.1 37.3 37.3 36.4 35.7 36.2 36.6 37.1 37.6 37.9 38.2 38.4 37.8 38.5 38.8 39.1 39
67.2 66.7 66.1 64.7 63.4 56.5 63.2 63.1 65.6 63.6 61.6 57.1 46.9 58.5 59.4 58.6 58.1 57.6 57.3 55.6 55.7 54 53.3 52.5 51.4 50.4 48.9 47.9 47.8 47.9 46.7 46.1 45.4 45.1 45.4 44.4 44.4 44.5 43.9 44.2 44.3 44.2 44.8 44.9 43.7 44.5 43.5 43.2 43.5 43.4 43.6 43.2 42.9 42.6 42.5 41.6 40.4 39.2 38 36.8 35.1 33.2 30.7 30.4 33.4 34 34.3 35.1 35.2 34.1 34.5 37.3 36.6 36 36 34.5 35.7 36.5 35.9 37.2 37.7 37.8 36.4 36.5 36.7 37.5 38
68.3 68.5 67.9 66.8 65.1 59.6 55.1 59 59.4 56.9 52 47.7 42.5 48.7 56.5 58.7 58.6 57.7 56.4 55.8 54.9 54.1 52.4 51.4 50.3 49 48.1 47.5 46.3 46.4 46.3 45.6 45.6 45.6 44.2 45.2 44.2 44.8 44.6 45.3 44.6 44.7 44.5 43.9 44.3 44.5 44.2 44 44.5 44.5 44.1 43.7 43.3 42.7 42.7 41.7 40.4 39.3 38.1 36.9 35.9 33.9 30.9 30.3 35.5 33.9 33.6 33.3 33.4 33.5 34 35.2 35.7 36.2 36.4 34.2 35 36.2 34.9 35.3 36 35.9 35.4 35 35.6 35.9 36.8
67.7 68.1 68.8 68.6 66.6 63.1 60.2 54.4 44.8 46 43.6 45.3 47.5 41.6 42.2 54.7 58.6 57.2 55.5 54.7 53.6 52.6 51.5 50.2 49.1 48.2 47.6 47.1 46 44.9 44.9 44.7 44.8 44.7 44.1 45.1 44.8 44.1 45.4 44.5 44 43.5 43.6 44.6 44.9 45.3 45.3 44.5 44.6 44.6 44.4 44.1 43.7 43.1 42.6 41.8 40.5 39.1 37.9 36.7 35.9 35.6 32.8 26.5 29.3 32.4 34.3 34.7 33.6 33.5 32.8 32.6 33.4 36.8 36.8 35.2 34.2 34.8 34.4 33.9 33.9 33.7 34.1 34 34.5 34.4 34.7
67.3 67.7 68.5 69.3 67.7 67.5 65.5 62.5 49.2 49.7 54.5 56.1 55.8 49.7 39.4 48.3 55.8 55.1 54 53 51.9 50.8 49.8 48.8 48.3 47.7 47.2 46.5 45.4 44.1 43.6 42.4 42.9 43 44.7 45.1 44.6 43.5 45 42.8 42.4 42.6 42.8 44.5 45.6 45 44.8 45.1 44.7 44.7 44.4 44.2 44 43.6 42.9 41.9 40.6 39.3 38 36.7 35.9 35.8 35.3 27.2 24.2 25.4 34 34.8 34.7 33.8 32.7 32 31.8 34.6 35.4 35.2 33.3 33.1 32.2 32.8 31.5 31.6 32.2 33 33.2 33.5 33.4
67 67.5 67.8 66.5 67 67.5 67.5 66.7 65 61.9 60.1 56.9 54.2 54.1 42.5 51 53.3 53.6 52.5 51.2 50.2 49.1 48 47.4 47.7 46.9 45.8 45 44.2 43.2 43.2 41.6 41.1 40.7 42.7 44.3 43.3 42.3 43.1 43 42.3 41.4 43 44.3 44.2 43.6 43.8 44 44.3 44.5 44.3 44 43.7 43.1 42 40.3 39.3 38.3 37.2 36.4 36.3 36 34.9 34.7 34.3 25.8 26.3 34.4 34.3 33.6 33.3 34.2 32.5 31.7 31.6 32.2 32.1 31.2 30.3 32.7 30.9 31.4 32.6 33.4 33.3 32.8 32.4
66.3 65.5 65.5 64.7 66.2 67.3 67.4 67.4 67.1 66.3 61.6 57.1 52.8 51.6 43 42.4 50.6 52.5 51.2 49.8 48.4 47.4 46.3 46.4 46.4 45.7 44 43.6 42.9 43.2 41.9 40.8 40 39.7 40.1 41.9 42.5 41.8 41.5 41.9 41.6 41.8 42.8 42.8 42.7 42.2 42.7 43 43.4 43.7 43.8 43.8 43.2 42 40.5 39 37.6 36.6 35.9 35.6 35.8 35.3 34.9 34.7 34.6 28.7 26.1 31.6 33.4 32.9 32.9 33.4 32.7 32.5 31.8 30.3 29.6 29.3 30.1 31 31.2 31.9 32.7 32.9 32.6 32 31.6
63.3 63.3 62.5 62.9 64.7 66.6 67.4 67.3 66.9 65.5 62.1 57.7 53.7 50.7 46.4 37 36.4 48.7 48.4 47.5 46.5 45.6 45.1 45.1 45.1 44.6 43.4 43.1 42.7 41.9 41.2 40.8 40.3 39.5 38.8 39.2 40.2 40.8 40.1 40 40.1 40.1 41.3 41.2 41.1 41 41.6 42 42.6 42.8 42.8 42.7 41.8 40.5 39 37.5 36 35.4 35 34.8 35.2 34.6 33.8 34 34.1 33.5 26.7 21.7 32.4 32.2 31.6 32.2 32.8 31.5 32.2 31 28.5 30.4 31.9 32.1 32.3 32.1 32.2 32.3 31.7 31.1 30.3
62.3 61.7 60.7 60.8 61.9 63.5 65.1 65.2 65.2 63.7 61.4 58.2 54.8 51.8 48.8 43.7 37.5 35.1 45.3 45.2 44.6 44 43.6 43.5 43.7 43.7 42.5 41.3 41 40.8 40.6 40.1 39.4 38.8 38.1 37.7 37.3 37.7 38.2 38 38.4 37.8 38.9 39.9 39.5 39.6 40.2 40.6 41 41.2 41.1 40.9 40 38.9 37.4 35.9 34.8 34.3 33.8 34.1 35.4 35.8 34.5 33.4 33.1 32.6 31 20.6 20.3 31.1 30.4 30 30.8 32.2 31.3 29.5 30.8 31.2 31.3 31.7 32.1 31.6 31.1 30.9 30.6 29.8 29
60.6 59.9 58.8 58.1 58.9 60.3 62 63 62.6 60.6 59.4 57.5 54.4 51.1 49.7 47.3 41.6 34.8 34.7 42.9 43.2 42.6 42.5 42.2 42.1 42.4 41.2 40.2 39.1 38.9 38.5 38.9 38.4 37.9 37.2 36.9 36.3 35.7 36.4 36.3 36 35.4 36.3 37.3 37.2 37.6 38.1 38.1 38.5 39.5 39.1 38.7 38.1 37.1 35.8 34.3 33.6 33.1 32.9 33.4 34.1 34.8 33.2 30.7 30.6 30.7 29.6 23.8 22.2 29.4 29.2 28.6 28.5 30.8 30.5 27.1 31 31.2 31.3 31.4 30.9 30 29.8 29.5 29.3 28.7 27.7
59.2 57.9 57.2 56.4 56.3 57.1 58.7 59.4 58.5 56.8 55.8 54.8 52.4 50.5 48.4 46.5 44.4 40.7 34.3 38.7 41.4 41.7 41.7 41.8 41 40.2 39.7 38.7 38 37.3 36.9 37.9 37.3 36.9 36.3 36.1 35.5 35 34.6 34.6 34.6 33.7 34.1 34.8 35.2 35.6 35.8 35.8 36.1 35.6 35.9 36.4 36.1 35.2 34.3 33 32.5 32.9 32.3 31.7 31.7 31.9 32.1 31.2 28.4 28.8 28.3 25.7 21.6 26.7 27.1 26.2 26.8 30.4 25 30.2 30.9 30.6 29.9 29.7 28.9 28.3 28.9 28.6 28.9 28.4 27.8
57.8 56.5 55 54.5 54 54.4 55.4 55.2 54 53.5 52.5 51.6 50.1 48.7 46.7 45.2 43.2 41.5 40 30.6 33.8 41 41.1 39 39.5 39 38.6 38 37.1 36.3 35.7 35.8 36.3 35.7 35.3 35.1 34.6 33.4 33.3 32.7 34.3 34 34.4 35.1 34.8 34.7 34.6 34.5 33.4 31.7 31.8 32.3 33.7 33.8 32.7 32.1 32 32.5 31.5 31.8 31.6 32.6 33.2 31.6 29.7 28.4 28.5 27.6 21.9 21.8 22.2 21.6 20 23.8 25 30 29.3 28.8 29.3 29.2 28.2 27.8 27.7 28.9 28.8 28.2 27.5
55.7 53.7 53.4 51.8 51.9 51.8 52 51.9 51.5 50.8 49.7 48 47.3 47.1 45.6 43.9 42.5 41 39.8 37.9 39 37.4 31.1 31.5 35.6 37.8 37.8 36.9 36.1 35.2 35 34.6 34.8 35 34.8 34.3 33.6 32.6 32.3 33.3 34.4 34.3 34.6 34.7 34.7 34.7 34.6 34.1 31.9 28.6 27.8 30 32 33.3 32.4 32 32.3 31.8 32.3 31.8 31.2 32.2 32.4 29.8 29.7 28.8 28 28.3 27.4 20.1 20.1 18.6 16.1 15.9 28.6 29.2 28 28.2 28.7 28.4 28.2 27.7 27.7 28 28.2 27.5 26.7
52.9 51.7 50.6 50.2 49.5 49.5 49.7 49.6 48.8 47.8 46.6 45.6 45.4 44.7 43.6 42.7 41.9 40.6 39.2 39.6 39.3 29.7 27.1 27.3 27.7 31 34.8 35.9 35 34.2 34.3 33.3 34.1 33.6 34.8 34.2 34.3 32.3 32.2 32.5 32.8 32.6 33.1 33.5 33.9 34 33.9 33.6 31.7 28.6 28.3 29.6 30.3 31.5 32.2 31.7 32 31.9 31.9 30.9 29.9 29.9 30.7 28.9 29.4 29.9 30.9 29.6 28.8 27.5 16.9 14.4 15 13.4 25.5 27.2 29.3 30.1 29.6 29.2 28.7 28.6 28.5 28.2 27.7 26.8 25.7
51.1 50.3 49 47.8 47.9 47.3 47.3 46.4 45 44.1 43.3 42.9 42.7 42 41.6 41 40.3 39 37.3 39 38.2 35 31.2 25.4 25.3 25.8 27.6 31.4 33.9 33.3 33.4 32.6 32.7 33.2 33.6 34.6 34.2 31.4 31.3 32.4 32.2 32.3 32.3 31.8 32 32.6 33.3 33.3 31.4 29.1 28.5 29.5 30.4 31 31.5 32.1 31.8 31.8 30.8 30 29.2 29.2 32.4 30.9 32 32.6 35.1 33.3 30.6 29.7 28 27.5 19.4 14 19.3 28.6 30.5 30.5 30.8 30.2 29.4 29.2 28.4 27.6 27.1 26.3 25.1
49.4 48.3 47.4 46 45.4 44.5 44.1 43.1 42 41.4 41.1 40.6 40.8 39.7 39.3 38.8 38.2 37.2 37.6 38.7 37.8 37 35.2 33 23.5 23.7 23.4 25 29.5 33.1 33.3 32.9 32.5 32.4 32.4 32.6 33 29.8 33.1 33.1 33 33.1 32.6 31.9 31.5 31.6 31.7 31.6 31 29.4 28.3 28.9 29.7 30.1 31.3 33.9 33.4 33 31.5 29.5 28.4 31.3 35.2 34.9 35 35.8 39 35.9 32.6 30.1 29 27.4 14.1 15.1 27.4 30 30.6 30.4 30.2 30.3 29.2 27.9 27.1 26 25.4 24.7 24.2
49.1 47.7 46.5 45 43.7 43.1 41.9 41.1 40.4 39.6 38.9 39.5 39.9 38.5 37.1 36.8 36.4 36.4 37.3 37.4 37.3 36.5 34.8 34.5 32.8 28.7 22.6 22.5 22.5 32.2 32.3 31.8 31.7 31.6 31.4 31.1 31.2 30.3 32.8 32.9 32.8 32.9 32.5 32.2 31.1 31.2 31.5 31.9 30.9 28.9 27.8 28.2 28.7 29.9 32.6 34.9 35.1 33.3 30.3 27.8 29.8 35.1 36.2 34.8 35.3 37.9 36 34.4 32.3 29.7 27.2 24.8 12.6 25.3 28.7 30.5 29.7 28.5 28 27.6 26 25.4 24 24.7 24.5 23.8 23.6
51.1 48.7 46.6 45 43.4 42.7 41.5 40.7 40.2 39.6 39.3 39.4 37 37.9 36.2 36.4 36.9 36.4 35.9 35.7 35.7 35.9 35.2 34.8 34.1 33.3 28.6 22.1 22 27 30.8 31.4 31.5 31.4 30.7 30 29.3 31.7 32.5 32.5 32.3 32 33.1 33.3 31.7 30.9 31.6 32.2 30.4 28.2 26.8 27 28.2 30 33.7 35.6 35.3 32.5 27.9 25.3 29.2 36.7 37 36.8 38.1 36.2 36 36.8 35 31.5 27.1 22.5 14.3 27.6 29 27.5 26.1 25.2 24.5 24 23.5 24.2 24.3 23.8 21.4 18.6 17.1
51.3 48.9 46.4 44.7 43 42.7 42.9 40.5 40.4 39.6 39.6 39.5 39.1 37.2 36.5 35.9 35.4 35.5 35 34.9 34.8 34.8 34.2 33.8 33.3 32.5 32 28 22 22 30.2 31 31.1 30.5 28.8 30.3 31.9 32 32.5 32.7 32.8 32.7 31.7 31.1 30.8 31.8 32.6 32.8 31.2 28.1 25.8 26.2 28 29 31.6 30.6 29.8 27 24.2 24.3 28.9 37.2 37.8 37.7 37.7 37.1 39.3 38.9 38.3 35.4 31.1 23.8 14.7 11.5 26.2 24.8 23.4 23.3 23.2 23.7 21.6 18 14.4 10.3 10.2 9.3 8.6
51.1 48.4 46.1 45.4 45.8 45.6 44.3 43.2 41 39.8 39.8 39.5 38.3 37.1 36.4 36 35.6 34.4 34.2 34.1 34 33.4 33.1 32.9 32.9 33 31.7 27.8 20.2 22 22.3 29.6 29.7 29.5 27.6 30 31 32.1 32.4 31.9 31.9 31.3 30.1 30 30.3 31.6 33.1 33.3 32.2 27.8 25.2 25.8 27.3 25.3 24.7 22.8 22.4 22.9 29.8 25.5 31.5 36.4 37.7 36.6 37.9 39.2 41.3 40 39.9 35.4 29.9 24.6 15.7 10.4 21.1 23.4 22.7 23.1 16.7 11.1 9.9 10 9.6 9.4 8.1 8.8 9.1
50.7 48.6 47.3 48.3 48.6 46.2 44.4 43.2 42.1 39.9 39.9 39.1 37.4 36.6 35.2 35.1 35.3 34.9 34.2 33.2 33.4 33.6 33.6 32.7 32.4 32.3 30.3 26 29.5 21.1 22 28.6 29.1 28 26.9 29.2 29 30.3 31.2 30.6 30.7 31.2 30.6 30.4 28 31 32.3 33 32.5 27.5 23.9 24.2 26 22.5 21.2 20.8 21.8 28.4 23.2 26.1 30.3 35.3 34.8 34.8 35.9 41.2 42.6 37.4 28.9 27 23.8 22.3 14.9 12 11.5 18.6 17.5 11.2 7.5 7.2 7.2 7.3 7.5 7.9 7.9 8.3 8
52.3 50.2 49.4 49.2 47.4 45.8 44.1 42.8 40.7 37 37.3 37.6 36.7 35.7 35.2 34.5 34.7 34.7 33.9 33.6 32.4 32.8 33.2 32.1 31.8 31.2 29.7 24.5 28.5 25.9 22 23.2 24.3 27.7 27.7 28.1 27 26.6 28.3 29.7 30.3 30.7 30.6 29.1 29 31.1 32.2 31.3 30.2 25.2 20.8 19.9 20.9 19.4 21.3 20.3 18.8 20.5 13.4 12.3 31.1 31.1 27.4 30.2 32 32.7 27.7 24 22.3 22.5 21.8 19.9 13.9 9.4 10.2 10.3 8.4 7.8 6.4 6.7 6.4 6.7 6.6 7.4 6.9 7.3 7
52.3 50.4 49.5 47.9 46.3 44.8 43.1 41.7 40.6 38.9 37.5 36.8 36.1 35.2 34.6 32.9 34.4 34.4 33.1 33.1 32.5 31.8 28.7 31.6 30.9 30.6 28.6 23.7 21.4 17.5 20.3 28.9 28.9 28.9 29 29.1 29 28.2 26.7 27.5 29.9 29.9 29.9 29.9 30.6 31.6 31.4 30.7 25.5 23.4 19.8 18.3 17.9 17.5 17.4 17.5 13.7 11.8 10.3 9.6 23.4 28.3 22.7 18.8 19.5 19.5 22 20.7 21.2 18.8 12.1 9.1 8.7 8 8.7 7.8 7.4 7 6.7 6.5 6.5 7.5 6.4 6.8 7.5 6.7 6.6
50.8 48.4 47.4 45.8 44.4 42.8 41.1 39.8 38.3 37.5 37.2 32.2 34.6 35.1 34.2 33 32.8 33.1 31.9 31.5 32.2 32.3 29.7 26.9 29.3 29.4 29 22.1 16.7 26.9 28 28.7 28.3 28.1 28 28 27.9 27.9 27 27.2 28.1 29.1 29.6 28.7 28.7 29.4 29.6 27.1 20.8 19.8 17.7 16.4 16.1 15 14.9 15.3 12.1 10.8 10.2 9.3 17.4 19.3 11.7 11.2 10.9 15.6 17.2 14.3 9.7 9 8.3 7.5 7.6 7.8 7.5 8.3 8.3 7.2 9.4 6.5 6.5 5.7 5.9 5.9 6.4 6.9 7.2
46.8 45.1 43.8 42.8 41.5 40.7 39 37.9 37.5 36.7 36.4 35.1 35.1 33.6 33.3 31.8 31.4 31.7 30.5 29.7 30.6 31.5 30.2 26.4 24.5 29.5 27.8 20.5 16.6 27.2 27.5 27.6 27.6 27.2 26.6 26.6 26.8 27 26.8 25.8 24.5 26.4 26.9 26.9 26.2 25.2 22 20.3 16.9 13.5 14.4 12.9 25.3 19.9 17 11.3 10.5 9.5 9.5 10.3 16.2 10.1 9.1 9.2 8.8 8.9 9 9.5 8.6 8.3 8.1 7 6.5 6.5 6.6 7.1 9.8 9.6 8 7 6.6 6.4 7 5.7 6 6.6 7.1
43.2 41.9 40.5 39.4 38.4 37.8 36.9 35.8 36.1 35.1 35.1 34.6 31.8 31.7 31.4 30.4 29.7 30.1 29.5 29.4 31.1 30.7 29.8 26.1 22.1 26.8 25.3 18.7 14.7 26.9 27 26 26.8 26.1 22.1 19.8 17.4 17.1 17.9 13.2 11.2 13.7 21.6 23.6 22.3 19.9 18.9 17.1 14.5 11.1 8.4 9.4 13.3 13.4 14.5 12.2 9.8 8.8 9 10 10.3 10.1 8.8 8.8 8.4 8.8 8.2 8.3 8.5 8.9 7.6 6.8 6.4 6.2 6.8 6.6 6.5 6.4 6.4 7.2 7.3 6.3 6.5 6.2 6.7 6.8 7.2
40.3 39.4 38.2 36.9 36.2 35.8 35.2 35.2 35 34.4 33.1 32.7 30.9 29.7 28.8 29.3 27.6 28.2 29.1 30.9 30.3 29.5 28.9 26.9 21.8 23.4 19.1 14.7 13.8 26.5 24.9 21.1 18.7 17.5 14.1 8.8 8.2 8.3 7.8 7.8 8.1 7.9 8 15.4 17.3 17.5 16.6 15.6 18 13.5 10.5 11.9 11.5 20.4 12.7 16.4 11.7 8.8 11.5 9.2 9.2 8.4 8.4 8.5 7.9 7.9 8.1 7.8 7.6 7.4 6.7 6 6.2 9 5.7 6 6.5 6 6.3 6.1 5.9 6.3 6.3 6.7 7.1 7.1 6.6
