Assets/StreamingAssets/GeoData/Data/no/NO59.asc
ncols 200
nrows 200
xllcorner 350000
yllcorner 790000
cellsize 50
[rows 140 to 174 of 200, columns 0 to 77 of 200]
416.1 419 422.9 427.9 433.7 440 445.7 449.7 452.1 454.1 457.3 460.1 461.5 459.7 455.2 451.5 447.8 443.2 439 434.8 432.3 428.6 423 416.4 408 402.5 400.7 406.3 413.6 421.3 426.6 430.2 432.6 438.1 444.8 452.5 461.1 467 471.6 473.5 473.7 469.9 463.5 451.5 438.2 426.7 414.6 402.1 388.9 375 362.1 348.5 335.8 327.9 318.2 308.8 300.9 291.3 285.9 279.1 271.7 266.6 263.4 259.9 257 255.5 253.5 250.5 247.6 245.4 243.4 241.4 239 236.7 234.7 235 235.3 235.8
413 416.6 420.9 427.1 432.3 438.1 443.3 448 451.1 455.2 459.7 463.6 464.4 462.9 459.4 455.3 451.7 447.6 443.4 437.8 434.2 429 422.2 415.1 407.1 402.1 403.3 408.8 417.2 426.2 432.1 434.9 436.9 441.2 446.3 453.3 460.1 465.6 467.5 466.4 463.5 457.6 447.1 432.8 422.3 413.2 403.3 391.8 379.9 364.6 350.5 339.4 326.8 318.7 309.5 300.4 292.9 285.5 279.1 273.2 273.7 272.5 270.6 267.6 264.1 262.3 258.1 254 251 248.4 246.2 243.7 240.4 238.2 236.5 238.4 239.2 239.9
409.5 414.7 419.7 425.3 431.3 436.4 440.9 445.9 451.5 456.6 461.9 465.9 466.4 465.4 463 459.1 455.3 450.8 446 439.5 434 427.5 420.1 413 406.1 405.2 405.2 409.9 419.3 429.1 434.4 436 437.9 440.4 444.6 451.3 457.1 460.8 461.4 457.8 452.3 444.1 431.3 418.3 409.8 401.2 392.3 382.2 369.7 356.1 339 331.1 319.7 312.7 304.6 294.2 287.7 283.5 283.4 284.2 281.8 280.5 277.7 273.6 269.2 266.3 262.1 258.3 254.1 251.8 248 244.3 241.7 238.7 239.2 241.6 243.2 245.9
407.2 411.7 418 423.7 429.6 435 440 445.8 451.4 457.3 462 465.1 465.3 465.2 464.2 460.6 456.6 451.2 445.7 439 432.5 425.2 417.1 410.4 407.7 406.9 406.8 410.5 420.1 428.3 433.1 434.5 435.3 437.5 441.4 447.1 451.9 454.7 451.5 447.1 440.3 429.8 419.9 410.3 400.9 391.1 380.8 370.9 358.5 346.6 334.6 323.5 314.2 303.3 299 298 296.4 295.4 294.6 295.2 293.4 288.9 285.1 279.7 274.3 268.9 265.2 261.3 258.5 253.8 251.7 247.2 244.4 243.1 244.6 246.4 248.6 253.4
405.3 410.7 415.7 422.7 428.1 434.2 440.4 445.4 450.7 456.3 460.3 462.3 461.8 461.6 461 458.4 454.1 449.5 443.5 436.7 429 421 414.7 408.9 408.2 407.5 407.6 409.5 418.7 425.3 428.2 429.9 430.9 432.5 436 441 444.3 443.7 441.6 435.6 427.9 418.9 411.9 401.6 392.3 381.5 373 361.2 350.8 338.4 328.4 318.8 315 310.8 308.2 306.1 305.8 305.4 307.2 304.8 300.6 296.7 291.6 286.2 279.9 274.1 270.3 265.9 263 257.9 253.4 250.1 248.2 249.3 250 253.4 256.7 261.8
402.8 408.7 415.3 421.9 427.2 433.4 439.7 444.9 450.2 455.7 459.2 459.4 458.8 457.2 455.8 452.8 449.6 446.4 440.4 432.5 425.8 417.7 413 409.7 408.7 407.9 407.8 409.2 415.4 420.5 423.3 424 425 425.9 429.2 433 435.5 434.6 432.1 426.9 419.6 413.3 404.3 394.8 386 376.3 365.1 354.2 342.3 336.3 334.1 331.9 328.2 322.6 319.4 317.5 316.9 317.9 316.1 312.2 307.1 301.6 295.8 290 285 280.1 274.4 270 266.5 260.4 256 254 253.3 254.7 256.6 259.3 264.5 271.5
401.5 408.5 414.5 420.8 426.9 432.7 438.6 444.5 449.8 454.5 457.4 456.8 454.5 451.5 448.1 445.9 444 441.2 435.9 428.5 422 417 412.1 409.8 408.8 408.2 407.8 407.5 412 415.7 418.2 418.2 418.3 419.5 422.6 425.5 427 426.5 425 420.9 412.5 407 399.3 389.1 380 365.3 361 358.5 356.6 351.9 347.8 344 340.9 337.5 334.8 331 329 327.7 325 321.1 314.5 310.2 304.5 295.5 290.4 285.7 281.6 275.3 268.7 265.2 261.2 256.8 257.5 260.6 263.6 267.9 273.3 279.6
401.2 407.8 413 419.1 425 430.8 436.9 442.8 447.7 451.5 453.2 453.7 450.3 445.5 440.5 437.3 436.7 435.2 430.1 425 420.3 416.2 411.2 409.6 408.8 407.9 406.6 405.6 408.9 410.8 411.7 411.9 411.8 413.7 417.4 420.2 421.4 421.4 419.9 416 409.9 403.6 398.7 392 384.1 378.9 375.2 371.3 368.7 365.8 361.8 357.7 356.6 355.3 353.4 350 345 340.1 335.7 330 323.7 317.5 310.5 301.4 295.1 290.8 285.9 279 272.6 269 265.3 260.6 263.6 268.3 272.6 276.3 281.3 287.2
399.6 406 410.8 416.5 421.8 427.8 434 439.9 444.3 447.2 448.7 448.6 446.5 440.8 434.8 430 428.3 428.4 425.5 422.2 419.2 415.5 411.2 408.8 406.8 405.9 405 404.2 405.3 406.1 405.1 405.1 406.6 408.8 412.3 416.1 417.7 417.8 415.8 413.3 410.5 409.8 407.6 401.3 396.6 394.2 391.1 387.8 383.9 382.5 379.4 376.5 375.5 374.4 372.6 369.2 362.8 355.2 347.8 339.9 331.7 325.8 319.4 310.7 303.9 297.7 293.2 285.4 278.5 272.8 269.8 266.9 270.4 277.6 282.2 286.8 290.7 296.2
396.1 401.8 407.2 411.9 417.4 424.1 429.2 435.3 439.8 442.9 444.5 444.6 441.7 437.6 430.7 426.2 423.2 421.6 419.8 418.1 415.4 413.3 409.4 406.6 405.4 404.8 404.2 403 401.8 402.8 402.5 402.5 403.2 407 410 413 413.8 414.3 415 416.2 417.2 417.6 416.4 414.3 413.1 411.2 411.2 408.4 405.7 401.9 400.8 398.9 398 398.2 393.9 388.1 376.9 366 358.2 350.7 344.3 337.3 327.7 318.9 312.9 306.7 302.8 295.1 285.3 278.5 275.2 270.8 275.3 285.3 291.1 297.3 301.4 306.7
391.7 396 401.8 407 413.7 419.8 425.5 431.1 435.4 438.3 440.6 440.2 437.1 432 425.5 420.3 417.5 415.5 414.1 413.2 412.1 408.8 405.4 404.7 403.9 402.2 402.6 401.2 399.6 397.8 398.7 399.3 400.7 404.9 407.8 410.6 412.5 414.4 417 420.2 423.5 426.8 428.1 429.8 431.5 434.9 436.9 434.1 428.8 426.2 424.2 424.5 422.1 417.5 408.4 400.9 390.9 380.7 372.6 362.9 356.3 348.8 338.4 328.9 320.8 313.4 308.9 300.8 290.8 285.2 281.3 278.5 280.2 292 298.9 304.9 310 315.9
387 393.3 398.7 403.7 410.2 416.6 422.1 426 429.5 432.4 435.5 433.7 430.2 424.6 415 413 410.4 409.4 408.1 408.6 407.1 405.5 403.7 401.9 400.7 400.1 399.9 398.6 397.1 394 395.6 396.8 399.9 404.2 407.6 411.3 413.1 415.3 419.3 426.3 432 436.8 440.7 445.1 448.7 451.7 453.4 453.1 450.7 446.5 442.3 439.3 433.9 427.2 419.9 410.8 401.3 394 386.5 378.9 371.8 362.7 348.1 336.8 325.8 319.2 314.1 307.5 298 292.9 287.7 287.5 289.6 298.3 306 312.8 319 325
383.3 389 395.7 402.4 408.7 414.5 420.2 423.6 425.2 426.7 426.8 422.9 417.1 412 408.3 406.8 405.5 404.2 403.9 403.9 402.9 402.4 400.1 398.2 397.9 397.8 397.2 395.9 393.3 390 389 394.4 398.7 403.3 407.6 410.7 413.4 418 424.6 431.3 439.1 446.8 451.8 456.3 459.6 463.7 465.9 465 461 453.7 449.7 445.4 440.8 434.2 427.6 418.4 410.9 403.8 396.5 390.1 382.6 374.7 361.9 348.1 337 327.7 321.2 315.2 307.3 301.7 295.8 296.4 297.2 302.9 311.1 319.9 326 331.4
382.9 388.2 393.8 401 408.5 415.2 420.3 422.6 423.4 422.9 420.6 420.7 418.4 413.7 408.2 405.6 404 401.9 401.4 400.6 399.4 399 397.6 397 396 395.3 393.8 392.7 391.1 388.5 386.9 390 396.6 401.7 407 411.6 415.1 421.1 427.7 435.6 445.3 452.9 459.6 463.7 467.4 470.7 473 470.6 463.6 456.7 451.8 447.8 443.6 438.4 432.4 425.7 418.5 411.2 404.3 398.2 391.6 384.9 375.6 361.4 348 336.9 330.3 323.9 318.7 312.3 307.7 306.5 309.5 311.2 317.2 325.6 331.4 337.1
384.4 389.4 395.1 400.6 408.3 414.7 419.4 421.8 420.3 418.7 416.5 412.6 415.3 408.8 406.7 403.7 402 400.5 399.1 398.9 397.7 397.1 396.2 395.3 394.3 393.7 393.6 390.6 387.4 393.9 392.5 388.6 397 402.5 408.5 413.5 417 422.8 431.6 441.3 450.7 458.2 464.4 468.4 471.7 473.6 474.1 470.2 462.6 455.9 450.2 445.1 441.8 438.2 434.4 429 423.1 416.5 409.8 404.4 399.4 393.5 385.3 373.5 362 354.1 343.1 331.7 325.3 321.9 318.8 318.3 320.2 321.2 322.7 330.2 336.4 342.1
383.2 389.4 395.2 399.2 404.7 412 416.3 420.6 418.9 414.9 415.2 414.4 404.1 407.1 403.2 400.5 399.7 398.7 398.3 397.2 396 395.2 394.2 392.6 392.1 389.7 394.9 400.6 404.5 405 400.6 391 388.7 400.4 409.2 414.7 418.6 427.5 435.3 444.7 453.1 461.2 466.9 471.1 472.7 473.1 472.2 467.3 461.1 454 447.9 441 437.2 434.7 432.8 430.5 426 419.7 413.6 409.7 405.6 401.5 394.5 384.6 374.5 364.4 353 345.7 336.2 331.3 329.1 329.4 329.9 330.2 332.8 335.4 341.7 346.9
379 385.5 391.4 397.8 402.3 406.8 411.5 414.4 414.3 406.9 410.1 411 410.1 402.8 401.1 400.4 398.6 398 396.8 395.2 395.1 393 392.4 393.9 398.2 399.2 403.6 408.7 410.8 409.7 406.8 401.5 382.5 393.9 407.6 415.6 423.5 432.3 438.9 447.6 455.2 462 466.8 470.3 472.2 471.7 468.7 464.5 458.2 451.9 444.2 437.2 430.3 427.3 428 427.9 425.6 420.4 415.4 412.4 409.6 406.7 402.2 393.8 382.7 374.7 365.8 356.5 350.3 345.2 340.1 338.9 338.1 339.1 339.3 341.3 345.7 351.4
381.1 387.8 393.4 399 403.7 407.6 409.5 408.3 407.4 412.1 417.7 420.3 417.3 416.7 413.1 408.3 404.8 401.4 401.6 400.4 400.2 401.6 402.8 403.1 405.1 406.9 409.6 413.3 414.8 412.9 409.9 405.1 387.1 386.3 402.3 415.2 425.3 434.8 442.9 449.4 455.3 460 463.6 467.5 470.2 470.1 465.5 460.4 455.3 448.7 440.4 431.6 423.1 419.5 422.6 423.8 423.3 419.6 415.3 413.2 412.2 411.2 408.1 401.4 392.2 382.3 373.8 364.2 356.3 351.2 347.6 345.8 346.5 346.9 346.4 347.5 349.5 353.6
391.4 397.8 402.3 408.7 412.7 416.3 419.6 422.6 422.9 428.5 432.3 431.9 429.3 423.9 419.9 415.9 411.3 408.6 406.9 406.2 406.9 408.2 409.5 409.6 410.1 411.7 413.4 416.4 417.6 415.8 413.4 408 390.2 372.9 392.6 412.1 425 435.4 442.8 447.9 452.1 455.5 459.2 462.4 464.9 463.5 459.6 456.1 451.3 445.5 436.7 425.9 417.9 414.4 417.1 418.6 418.4 416.8 414.1 414.1 414.1 415.6 415.5 409.3 399.8 389.6 379.4 370.7 363 356.1 353.4 353.2 353.1 353.3 352.8 353.1 353.9 357.7
402.2 409.5 411.9 419.5 421.6 426.9 429.8 436.5 439.1 442.1 443.7 445.1 441.9 437.1 431.5 425.8 420 417.8 415.6 413.1 412.6 414.5 414.7 415.6 415.5 416.1 417.6 420.3 420.8 420.4 417.6 410.7 391.4 366.8 385 406.4 421 432.4 439.7 444 447.3 450.6 454 456.6 457.9 457.8 455.4 452.2 447.1 440.2 432.1 422.7 413.5 408.7 409.1 411.7 412.6 412.3 411.7 413.9 416.3 419.1 419.5 414.1 403.4 393.3 383.2 374.5 367.3 360.8 358.4 359.5 359.9 359.5 357.8 357.3 357.1 360.2
414.7 420.9 426.8 428.1 436.7 442.9 448.2 453.1 458.6 460.1 460.7 458.3 454.6 448.5 441.7 435.9 429.8 426.8 425.4 421.8 421.4 422.1 421.9 422.1 422.9 422 423 424.5 425.6 424.3 420.3 412.4 392.6 370.9 377.5 399.8 416 427 432.7 437 441.1 445.4 449.1 452.6 454.6 453.6 452 448 442 434.7 426.7 418 409.9 403.4 403 405.9 407.2 407.6 409.8 413.6 416.6 419.3 417.5 411.8 402.8 393 384.3 376.4 369.6 364.6 364.7 364.8 365 364.2 361.5 360.7 360.2 362
426.2 432.3 439.6 445 451.1 456.8 463.2 469.6 473.7 474.1 473 469.9 466.7 460.7 454.3 449.6 445.1 441.1 438.1 435.1 434 433.1 433.7 432.4 430.8 429.1 428.5 429.6 429.2 426.1 421.1 411.7 389.9 373.4 369.3 393.5 410.1 419.4 426.3 430.7 435.5 440.3 446.1 450.2 452.4 451.6 449.2 444.2 436.9 427.8 420 412.4 406.1 400.1 397.5 400.9 402.8 403.8 407.4 411.3 414.9 416.5 413.1 407.1 399.5 390.8 382.6 376.2 370.5 367.4 368.1 369.3 369.4 368 364.2 361.9 361 362.2
435 441.2 450.2 456.4 461.2 467.3 474.6 480.5 484.4 485.9 484.6 483.5 480.3 474.7 467.9 464.1 465.5 461.3 457.9 452.5 448.3 447.3 446.8 444.4 440.1 436.5 433.8 432.8 431.5 428 422.6 411.2 386.9 366.3 369.3 386.9 402.8 412.6 420 425.5 429.1 436.2 444.5 448.8 450.9 450.1 446.7 440.1 431.3 422.4 414 407.3 401.6 396.7 393 396.5 398.6 400.4 404.3 408.6 411.9 410.4 406.9 401.2 394.4 386.6 379.8 374.7 370.6 368.7 369.8 371.8 371.8 369.6 364.7 362.6 360.8 361.2
445.8 450 459 466.3 470.2 477.1 484.8 491.1 495.6 497.3 498.4 498.6 495.5 490.5 484.4 483.4 485.9 484.2 477.4 473.4 468.6 464.1 460.9 455.7 449.9 443.8 438 435 432.5 429.2 423.5 408 382.9 360.4 367.5 381.3 396.3 406 412.9 421 426.6 435.6 443.1 447.8 449.4 448.3 444.7 437.7 429.3 420.4 411.7 403.6 398.4 392.6 388.2 391.5 394.8 396.7 400.1 404.2 405.7 405 400.3 394.6 388.5 382.1 376.7 371.9 368.9 368.3 370.4 371.7 371.2 368.3 363.5 360.5 359.3 359
455.9 458.1 466 473.2 478 485.3 494.2 502.9 507.6 511.5 512.8 511.9 510.4 508.2 504.5 500.6 500.3 498.6 495 490.6 485.8 478.8 472.8 465.9 458.7 451.5 443 437.3 432.6 429.1 422 404.6 379.2 350.9 365.5 376 389.9 403.4 413.4 421 427.8 436 442.6 446.9 447.8 446.3 441.9 435.4 427.2 419.3 410.8 403.2 396.5 389.7 384.5 385.7 388.9 391.5 395.1 397.2 398.4 397.2 393.4 388.2 382.3 376.3 371.5 367.4 365.5 366.5 368.2 369.1 367.7 364.7 360.7 357 355.6 355.5
467.2 469.8 474.7 482.2 488.3 496.8 506.7 514.5 520.3 523.7 525.2 524.9 523 520.1 516.4 512.2 511.6 510.7 506.6 502.1 496.6 489.6 482.9 475.2 466.1 458.2 448.8 441.3 433.8 428 419 398.6 374 344.3 361.1 367 386.8 401.9 412.5 420 428.8 435.7 443.5 446.1 445.6 443.6 437 431 424.1 416.8 409.3 401.8 394.6 386.1 379.3 378.8 381 384.5 387.3 389.2 389.6 388.5 385.3 381.3 376 370.3 366.1 361.8 359.3 361.1 363.5 364.6 362.9 359.6 356.2 352.9 351 350.6
481.4 483.6 486.2 493.7 502.3 509.2 519.2 526.1 531.8 535.4 536.5 534.7 532.6 529.7 525.7 521.7 520.3 519.7 515.6 511.3 504.8 498.1 489.6 482.1 474 462.5 453 445.6 437.1 428 415.6 391.7 369.3 347.3 359.9 366.8 383.5 396.5 407.2 417.2 425.5 434.3 441.3 444 443.2 438.3 431.6 425.5 418.9 412.6 406.1 398.3 390 381.7 373.6 371.3 373.1 376.2 378.6 380.1 380.4 379.3 377.1 374.3 370.6 366.3 362.1 357.2 354.2 354.5 356.6 357.9 356.4 352.9 349.7 345.7 344.7 344.6
494.8 495.5 498.4 505.4 515.1 522.3 529 536.1 541.4 544.5 545.8 545.4 541.4 536.3 532.7 528 525.1 522.4 519.8 514.7 509.1 501.6 493.9 485.8 476.8 467.4 457.9 449.4 440.7 431.7 418.8 392.2 363.1 337.8 353.9 370.2 362.9 369.4 375.7 391 409.1 430 438.2 441.2 439.1 430.8 424.1 417.7 411.9 405.9 399.7 392.8 385.2 374.6 366.7 361 364.2 364.9 369.8 370.4 371 369.8 369.3 368.5 366.3 362.5 357.8 352 347.9 347.4 348.8 349.4 347.3 343.9 340.4 337.8 334.5 338.8
509.7 512 512.2 519.1 525.4 530.8 538 544.1 548.2 551.2 552.1 550.3 544.7 538.6 533.7 528.5 523.8 520.2 517.4 512.9 507.5 500.2 494.7 486.2 477.5 468.7 460.4 452.4 443.4 433.5 420.2 391.6 367 343.5 340.7 351.4 339.6 334.4 343.8 361.8 393.9 421.6 433.3 436.5 432.2 424 416.1 407.4 402 397.5 391.7 386.2 378.1 366.4 359.2 354.1 352.4 356.3 359.2 360.7 360.6 361.2 361.3 363.2 361.9 357.7 352.4 347.2 341.7 339.2 339.2 339 336.9 333.3 330.9 327.1 334.5 341.6
520.7 521.8 525.3 527.9 533.3 538.7 544.2 549.2 552.7 554.6 552.8 548.5 543 535.5 529.4 523 517.6 513.4 510.5 506.2 501.8 496.8 490.5 483.5 476.4 468.6 461.6 453.3 444.5 435.8 424.5 401.4 377.3 356.1 335.1 327.1 329.7 314.3 319.4 343.9 375.6 406 423.9 429.1 424.3 415.8 406.4 397.9 391.6 386.4 381.9 375.1 366.1 357.1 352.2 347.3 340.8 346 349.2 350.6 352.9 354.1 354.3 356.8 355.7 351.7 346.3 340 334.9 331 329 328.1 325.7 323.4 322.9 328.4 337.3 344.8
530.4 530.9 532.8 535.2 539.6 544.6 549.1 552 554.4 553.7 549.6 544 537.4 529.7 521.3 513 508.7 504.5 500.3 497.3 493 489.2 484.7 478.8 473.7 467.9 460.9 453.6 445.6 437.7 429.2 417.2 391.9 374.4 362.6 343.6 328.5 310.5 306.9 327.4 359.4 386.7 410.9 419 415.4 405.2 396.9 388.2 381 374 367.9 361.2 354.9 348.1 343.5 339.2 330.1 336.5 339.2 340.9 344 345.2 346.4 349.9 348.7 344.3 339 333.4 326.7 321.1 318.8 317.9 317.3 316.5 319.8 329.7 340.7 348.8
537.3 538 539.6 541.2 545 548.4 550.6 552.9 553 549.9 544.8 537.9 529.6 520.1 508.8 501.2 495.4 491.5 486.7 484.9 481.8 479 476.3 472.8 468.8 464.4 459.9 453.6 446.9 439.6 431.5 424.1 413.9 400.7 386.8 366.6 342.6 320.8 304.3 308.6 343.9 377.3 401.1 411.1 406.3 396.8 388.9 379.8 371.9 363.1 357.2 352 346.1 340.8 336.3 331.4 327 327 329.9 332.1 334.6 335.8 337.5 340.1 339 336.4 329.8 324.4 319.4 312.7 310.1 308.8 310.4 310.4 321 333.3 343.6 353.1
542.4 542.5 543.9 545.2 547.5 549.8 551 551.5 549.4 545 538.5 529.4 518 507.1 493 486.2 481.5 477.6 474.6 470.5 468.4 466.5 465.3 464.2 461.8 459.8 457.2 452.3 445.9 439.3 431.8 425.7 417.7 409.8 402.2 379.3 350.5 324.3 300.5 305.5 341.5 372.5 395.3 406.6 400.3 391 382.1 373.8 366.5 358.6 350.2 344.2 339.5 334.4 329.3 325.5 320.3 317.8 320.8 321.8 324.4 326.1 327.7 329.2 328.6 325.1 320.3 315.3 310.1 305.7 303 302.9 303.9 311.7 322.9 335.2 345.8 355.2
545.5 544.8 545.2 545.9 547.1 548.7 549 548.3 544.8 538.4 530.4 520.3 505 493.1 479.6 472.2 466.4 463.4 460.5 455.9 450.8 448.4 451.1 453 452.9 453.3 452.9 449.4 442.9 436.9 429.8 423.2 415.7 409.6 403.3 386.4 352.3 324.1 299.6 304.9 339.1 367.7 389.4 399.6 394.3 384.4 376.2 368.1 360.6 351.5 343 336.8 331.6 326.9 322.3 318.5 314 306.5 311.8 311.4 313.8 314.4 316.6 318.2 317.2 314.2 309 306.9 302.7 298.4 296.7 295.8 304.6 313.3 325.8 336.9 346.9 355.6
546.7 546.2 545.4 545 545.1 545.4 545.4 543.5 539 531.5 521.7 509.2 493.4 476.1 467.7 460.2 454.4 451.1 446.6 441 434.9 434.9 437.9 440.8 443.6 446.1 446.6 443.8 437.6 432 424.7 419.1 412 405.3 400.2 385.5 348.8 319.7 298 303 335.3 361.5 381 390.1 386.4 376.6 369.3 360.8 352.7 342.6 334.9 326.8 322.3 318.8 316.2 312.5 308.5 303.3 303.5 303.8 304 304.3 305.4 306.9 305.7 303.5 301.7 298.9 295.1 292.4 290.6 297.2 306.8 316.3 328 338.1 347.2 354.6
