Assets/StreamingAssets/GeoData/Data/no/NO79.asc
ncols 200
nrows 200
xllcorner 370000
yllcorner 790000
cellsize 50
[rows 108 to 143 of 200, columns 82 to 163 of 200]
148.5 147.9 145.2 142.7 139.5 136.6 134.1 131.5 128.8 126.1 123.8 121.8 119.9 118.2 117.5 116.6 114.8 114.8 113.7 112.3 110.8 109.3 107.4 105.7 105.4 104 103.3 104 104.8 105.3 105 105.3 105.9 106.5 106.7 105.5 105 103.9 103.1 101.6 99.6 97.9 96.2 94.7 93.5 92.2 90 87.6 84.5 81.2 69.7 68.1 78.2 82.7 83.7 84.7 84.4 83.1 80.6 77.8 78.7 86.8 86.8 86.6 85.9 85.3 85.7 86.2 87.1 88.6 89.9 90.2 89.1 89.3 90.5 90.1 92.4 92.2 95.4 96.5 97.8 101.8
150.2 148.5 145.7 143.7 140.8 138.2 135.7 132.8 129.9 127 125 123.2 121.7 119.1 118.2 117.3 116 115.2 113.6 111.8 110.3 108.8 107.5 106.1 106.1 106.1 105.5 105.6 106.1 106.9 108.1 108.6 108 108.2 107.8 107.2 106.3 105.2 103.4 101.7 100.2 98.5 97.1 95.6 94 92.5 91.1 87.4 75.7 70.9 67.8 78.1 85.5 89.7 90.3 88.8 89.1 87.8 84.5 79.9 81.1 87.5 87.5 88.2 88.5 88.9 90 91.1 91.8 92.1 91.8 91.5 90.8 92.9 95.5 97.6 95 94.6 104.8 107.7 107.2 111.4
151.9 151.3 147.7 144.9 142.4 139.5 136.3 133.1 130.1 127.9 125.7 124.4 122.9 120.4 119.4 118.3 116.3 114.8 113.8 112.1 110.1 109.2 108.3 107.9 107.6 107.7 107.4 108.6 109.4 110 110.9 111.4 110.5 109.7 109 108.4 107.8 106.5 105 103.6 102.3 100.5 98.8 97.2 95.5 93.9 90.8 82.9 70.2 70.9 77.9 80.9 90 92.1 91.1 90.6 93 92.4 88.8 84.7 83.1 90.2 92.9 94.5 93.7 93.5 95.3 96.7 96.9 96.9 97.5 95.5 96 99.5 102 97 97.2 108 110 110.6 114.2 118.6
153.8 151.9 149.7 147.4 143.4 140.7 137.7 134.4 131.3 128.9 127.2 125.1 123.3 121.6 120.7 119.8 118.2 116.3 115.1 114.2 112.7 111.3 110.1 110.1 110.2 110.9 112.2 113.6 114.1 114.1 114.3 114.3 113.6 112.4 110.3 109.7 109.8 108.2 107.4 106.3 105.1 103.5 101.6 99.6 98.2 96.5 91.3 83.1 70.2 73.3 81.7 85.8 94.8 96.3 95.4 95.1 95.7 95.9 94.4 91.2 84.7 93.6 99.2 98.4 96.4 97.3 99.8 100.6 101.3 101.5 100.9 96.6 100.3 104.3 103.3 96.1 103.4 110.3 115.2 116.7 118.9 123.4
156.3 153.7 151.6 148.1 145.1 142.4 139.2 135.9 132.9 130.8 128.9 127.1 125.4 123.5 122.7 121.1 118.9 117.6 116.8 116.6 115.2 114.3 113.5 113.4 113.2 114.5 116.2 117.4 118.7 119.1 118.1 117.5 116.4 115.3 113.5 112.3 111.4 109.9 109.1 108.2 107.3 106.2 104.7 102.8 101.4 99.6 94.1 84.5 71 79.9 89.6 95.7 97.8 98.3 98.9 100.2 101.1 101.9 100.7 98.5 86.7 99 100.5 99.5 98.4 101.5 104.1 104 103.2 101.9 98.9 98.5 101.8 102.7 102.1 98.9 109.2 117.3 120.5 122.9 124.7 128.4
159.3 157.3 154.4 151.9 149.2 145.6 143.5 139 136.1 133.4 131.5 129.9 128.5 126.4 124.3 124 121.6 120.4 119.4 118.9 117.5 117.4 116.7 116.3 117.4 118.1 119.2 120.3 121.1 121.2 121.2 120.5 119.4 118.4 117 115.1 113.3 111.3 110.2 109.1 108.5 107.3 105.9 105.6 103.5 102.8 96.8 86.7 71.1 84.8 92.5 96.8 98.5 100.6 104.6 107.5 108 107 107.1 106.3 98.5 97.1 102.2 103.3 105.4 106.7 105.3 103.8 102.4 99 98.6 100.9 101.9 103 101.2 103.3 115.3 124.3 127.6 128.5 133.6 135.6
163.5 161.5 161.6 159.7 155 153.5 149 143.8 139.8 136.6 134.3 132.6 130.9 129 127.3 126.8 125.5 123.8 122.8 121.2 120.4 119.9 119.7 120 121.6 122.5 123.2 123.8 123.7 123.7 124.1 124.6 123.4 122.1 120.3 117 114.8 112.6 111.1 109.9 108.8 107.2 106 104 102.5 102 99.1 89.8 72.7 83.8 90 96.7 99.5 101 106.9 110.5 112.2 112.4 111.8 110 108.7 107.8 107.4 107.4 107.1 106.7 102.9 98.3 98.7 100.1 102 104.2 104.5 103.5 101.2 110.3 121.8 129.7 133.1 137 140.6 142.8
172 166.5 169 165.8 160.9 157.3 153.2 147.7 143.2 139.9 136.8 134.1 131.7 130.1 129.1 128.2 127.5 126.2 125.6 124.9 123.9 123.1 123.9 124.7 126.3 127.1 127.6 127.3 127 127 127 126.2 127 124.1 121.2 117.9 115.7 112.6 109.8 107.8 106 103.6 101.4 100.2 99.5 98.6 97.1 84.2 74.8 72.9 89.8 97.8 101.5 101.5 106.2 110.5 113.3 112.6 112.1 110.2 105.3 108.9 108.7 107.8 105 100.1 99.1 99.4 100.3 102.4 103.7 108.8 109.4 103.2 109 117.7 127.6 134.6 139.6 144.8 147.9 150.6
177.9 175.3 171.6 168.5 164.5 159.1 154.4 150.3 144.6 142.4 139 135.4 132.4 130.1 129.1 128 126.8 126.2 126.6 128.1 129 129.2 129.3 129.8 130.2 130.8 130.9 130.7 130.3 129.3 129.1 126.6 126 123 121.6 117.4 114.3 109.7 105.7 102.5 100 98.1 96.4 95.5 96.4 96.3 92 76.9 78.9 75.5 91.3 100.8 103 105.1 107.9 109.4 110.6 111.4 111 109.7 108.8 108.7 108.2 105.4 105.6 100.9 100.8 102.9 105.5 104.5 103.6 104.9 102.3 110.7 118 124.1 131.3 139.6 147.1 150.9 155.4 158.3
182.3 178.8 174.8 170.2 165.9 160.6 155.4 150.4 145.9 142.2 139 135.7 133 130.7 128.6 126.8 126.1 126.1 127 130.3 132.6 133.8 134.5 135.1 135.1 134.7 134 133 130.9 129 127.2 125.4 124 121.6 117.9 113.7 110 105.9 101.6 98.1 96 93.7 91.9 91.7 88.6 87.4 82.7 81.3 75.4 81.9 96.3 103.1 106.4 108.2 109.7 111.1 111.7 110.7 110.1 108.6 109.9 109.7 105.4 110.3 112.4 108.8 104.2 106.5 112.1 110.9 110.3 111.7 114.1 122 127.1 131.3 137.9 141.8 150.6 155.6 161 166.2
185.8 182.3 179.1 174.1 168.1 162.9 157.3 152.2 147.9 144.2 140.2 136.8 133.5 131.2 129.4 127.6 127.2 127.2 127.2 128.9 132 134 135.4 137 137 135.9 134.3 132.4 129.9 127.1 124.3 121.6 118.8 114.9 111.9 108.1 105.2 102 98.9 96 93.7 91.3 84.9 82.2 86.3 89.7 82.8 84.5 93.3 97.9 102.6 107.2 109.4 111.2 112.1 112.5 112.1 111.5 109 110.5 110.6 106.6 106.1 113.7 115.2 114.2 107 108.4 117.8 119.6 122.8 124.9 127.3 130.7 134 140.6 145.5 150.8 156.9 162.6 169.4 174.3
190 188 183.9 179.1 172.3 166.4 160 154.7 150.7 146.3 142 138 134.8 133.6 130.5 130.3 130 129.3 129 127.9 129.5 131.5 132.4 132.7 133 132.9 131.7 129.7 127 123.7 120.7 117.1 113.8 110.1 106.6 103.5 101.1 98.3 96.2 94.8 92.9 88.2 86 88.1 91.8 92.7 99 101.6 102 104.5 108.1 110.7 112.6 113.2 113.3 112.3 111.7 111.4 109 111.5 107.4 106.8 116.6 120 119.6 109.5 109.2 113.8 126.3 129.6 131.3 133 135.2 138.6 143 148.4 154.3 160.6 165.3 171.7 176.4 181.3
196.5 193.9 189.9 182.7 174.6 169.1 163.1 157.7 153 149.1 144.3 140.5 137.1 135 133.5 132.1 131.2 130.5 129.3 130.4 130.5 129 128.3 127.9 127.7 126.7 126.7 125.1 121.5 119.2 116.3 112.7 109.6 106.4 102.7 99.9 97.5 96.2 95.3 93.9 91.9 87.1 88.9 89.3 93.2 94.8 99.9 103.1 104.6 107.2 110.8 113.4 114.7 114.8 113.5 111.7 109.6 109.6 110.2 110.4 107.1 110.7 121.6 124.1 124.7 112.2 117.8 130.4 134.4 136.3 137.7 140.1 142.8 146 150.8 155.6 162.6 169.5 175 180.2 184.1 187.4
202.1 198.9 194.1 186.4 178.5 171.9 166 160.9 155.3 151.2 146.7 141.7 138.7 136.2 134.5 133.2 131.9 131 129.5 129.9 129.8 128.9 126 123.4 121.7 121.1 120.7 119.2 117.4 114.9 112.3 108.3 105.6 103.1 100.3 98.3 96.7 95.5 94.8 94.6 91.6 88.2 89 90.8 94.5 96.6 101.7 104.3 105.7 108.4 112.1 115 116.2 115.3 113.7 110.4 107.6 108.2 110.5 111.7 113.3 118.5 123.8 128.2 132.6 133.5 131.7 137.5 140.8 143.2 144.5 147.4 151.6 154.5 158.8 165.1 171.3 177.3 184.2 188.4 191.5 194.9
206.8 203.9 198.3 189.6 181.1 175 169.3 164 157.8 152.9 147.6 141.7 138 135.4 133.7 132.3 130.8 128.9 128.8 128.4 128.4 127.4 125.2 121.3 120 119.1 118.2 116.6 113.9 111.5 108.5 106 103.9 101.7 99.9 98.4 97.4 96.6 95.9 95.5 91.7 88.7 89.2 93.3 95.8 98.6 103.7 106.1 107.1 110.1 113.7 116.2 116.7 115.5 112.9 109.4 107.8 107.9 110.1 113.7 119 123.3 128.7 134.7 139.9 143.3 142.5 144 146.4 148.5 151.3 155 158.9 162.5 167 172 178.4 184.7 190.4 196.1 201 204.5
212.4 208.4 201.5 192.8 183.6 176.5 170.1 163.5 158.3 151.8 146.5 141.3 137.6 134.4 131.9 130.1 127.5 127.5 127 126.7 126.3 125.3 123.5 119.2 119.1 118.4 117 116.1 114.2 110.9 107.7 105.6 103.9 102.2 100.8 100.2 99.2 98.1 97.5 96.8 92.6 89.3 91.8 94.8 97.8 100.1 104.2 107.3 109 112.4 115.1 116.6 116.5 114.3 111.3 108.1 107.8 107.8 110.1 117.3 123.3 128.1 134 140.5 145.6 145.4 146.5 149.1 151.6 154 159 164.1 167 170.1 174.4 179.1 184.8 190.7 196.4 203.5 208.5 211.7
217.6 212.1 203.6 193.4 182.4 176 168.3 160.8 153.8 148.5 144.8 140 136 132.3 129.6 126.8 125.2 124.2 123.9 123.5 122.3 121.1 121.1 118.5 120.5 120.5 117.7 115.6 113.9 110.9 107.9 105.6 104.2 103.2 102.9 102.3 101.3 100.2 99.4 97.8 93.9 89.5 93.9 96.2 99.3 102 105.5 108 110 114 116.2 116.4 114.7 111.5 108.9 107.7 107.9 108.3 112 118.8 125.4 132.1 139.1 143.5 145.7 146.9 148.7 151.3 155.4 161.3 166.4 170.5 173.8 177.7 182.2 187.1 191 196.9 202.1 209 214.1 217
216.5 211 201.1 189.4 180.5 171.9 164.4 156.9 150.4 145.3 139.5 135.5 132.4 129.2 126.5 124.1 122.9 121.2 120.6 119.6 118.1 115.9 116.1 118.3 119.5 120.4 117.8 115.5 113.9 111.8 109 106.9 105.3 104.3 104.3 104.6 103.1 101.7 99.7 97 90.6 89.6 94 100.1 101.4 105.1 108.3 109.2 111.5 114.5 116.1 115.5 112.3 109.4 108 108.1 108.5 109.6 114.1 119.8 127.9 134.6 138.8 142.8 145.5 148.8 151 155 161.2 168.5 171.5 175.9 179.9 185.2 189.7 194.2 198.7 202.7 207.6 213 219.1 224.9
214.5 205.1 195.9 184.9 175.5 169.2 163.4 154.4 147.6 140.6 134.5 130 127.9 125.2 122.8 121.8 120.2 118.6 117.4 116.5 116 116.1 117.9 119.9 120.7 120.4 117.5 115.1 113.6 112.7 111.2 108.7 106.3 104.5 104.4 105 103.6 99.8 94.2 90.9 90.3 90.5 99.8 102.8 105.8 109.3 110.5 110.5 112.9 115.2 115.5 114.5 111.3 108.8 108.2 108.3 109 111.6 116.1 120.8 128.6 133.7 138.5 142 145.3 149.5 154.4 159.9 166 173.7 178.5 183.4 187.5 191.8 196.9 200.9 204.1 208.1 212.6 219 226.9 233.1
209.5 199 188.4 179.4 171.9 165.1 157 147.7 141.1 135.3 130.3 126.2 122.9 120.8 119.7 118.5 117.2 116.8 116.1 116.4 117.2 118.9 120.5 120.8 120.9 119.9 118.1 115.4 114 112.7 111.3 109 107.1 104.7 102.3 99 95.6 91.6 91.1 90.9 90.5 101 103.9 106.8 109.2 111.3 111.7 112 112.7 114.3 114.1 112.9 110.5 108.9 108.9 108.8 109.2 112.8 117.1 121.3 127.5 132.8 138 141.5 145.5 151.7 158.3 165.6 171.5 178.4 183.8 189.1 194.2 199.3 201.5 205.5 210.8 216.4 221.9 227.7 234.9 241.3
203.4 193.5 183.4 174.7 165.4 157.1 148.4 142.2 135.4 130.9 126.4 122.1 119.2 117.3 116.4 115.8 115.7 116 116.9 117.8 118.6 120.2 120.7 120.8 120.5 119.5 118.4 116.5 113.8 112.1 110.5 107.9 105.3 101.6 95.1 91.5 92.6 93.5 94.6 98.4 104.3 106.3 109.5 110.2 111.6 112.5 113.4 113 113.3 113 112.8 111.6 109.8 109.2 109.3 109 109.5 112.1 117.1 121.9 126.6 132.2 137 140.7 147.1 154.1 162.8 169.6 176.4 183.2 188.9 195.9 200.8 206 209.1 214.8 220.8 225.1 232.1 239 245.3 251
196.1 186.1 175.9 167.4 158.6 150.3 142.9 136.5 130.9 126.6 122.5 118.5 117 116.4 115.9 115.7 116.5 117 118.1 119 119.8 119.4 119.7 118.1 120.3 119.6 118.3 116.2 113.7 110.9 106.2 103.4 102 95.3 90.9 93.2 96.3 99.1 102.9 107.1 110.1 111.9 113.2 113.8 114.2 114.9 114.9 113.6 113 112.9 111.8 110.9 109.7 109.2 109.3 109.3 109.9 112.2 116.5 120.4 128 131.1 136.1 142 149.1 158.6 167.7 174.5 181.3 188.2 194.6 201.3 207.3 214.3 219.5 222.4 229.4 235.2 242.4 248 252.5 258.4
189.6 178.8 171.2 162.2 154.1 146.4 139.7 133.7 128.8 124.5 120.8 117.9 116.5 116.1 116 116.2 117.9 118.6 119.2 119.6 120.2 118.7 113.6 111.4 113.4 117.7 116.5 114.1 111.4 106.2 103.2 99.6 95.4 92.2 93.6 98.8 102 106.5 110.3 112.6 114.1 115 115.9 116.7 116.4 116.1 114.9 116.1 115.4 113.6 111.2 110.3 109.4 109.4 109.4 109.5 110.5 113.5 117.3 122.9 125.7 131.2 137.1 144.6 153.8 162.1 171.7 180 186.7 193.5 201 207.3 215.1 222.8 230.2 235.1 242.4 247.7 253.4 258.4 262 266.1
184 175 167.7 160.3 152.6 146.5 139.7 134.3 129.4 125 121.3 118.2 116.7 115.9 115.9 116.4 117 118 118.8 118.6 118.6 112.2 105.8 104.2 105.1 111.2 113.9 111.6 109.5 105.9 100.7 96.4 93 98.7 97.5 104.8 109.1 112.4 114 115.1 116.1 116.9 117.8 118.2 117.7 115.9 114.6 115.8 115.9 114.1 111.3 110 109.6 109.5 109.5 109.3 109.3 113 119.4 123.6 127.7 133.2 140.8 149.3 158.3 167 176.4 184.6 192.4 199.8 207.1 215 223.3 231.4 239.3 249 256.9 258.4 264.4 268.5 269.5 274.1
179.6 174.3 168.3 161.5 154.8 149.2 141 134.5 129 124.4 121.6 119.5 117.3 116.5 115.7 114.9 115 115.8 116.4 116.1 108.7 95.4 96.2 96.2 96.8 101.9 103.7 101.7 101.8 101.7 100.3 93.7 94.7 98.7 101.9 110.9 113.6 115.5 116.1 117 117.7 118.4 118.7 118.4 117.4 116.3 114.9 115 115.1 113.3 110.1 110.1 109.5 109.3 108.7 108.5 109.8 114 120.5 124.3 128.6 133.7 143.9 153.3 162 171.8 181.8 190.9 198.8 206.8 214.2 223 232.6 240.7 249.6 260.9 270.9 273.4 275.1 278.8 281.2 281.5
176.1 172.6 167 161.9 154.4 147 140.5 133.8 127.8 122.9 120.7 117.9 116.6 116.5 118 118.6 115.4 112.6 112.5 110.5 97.7 97.4 98.3 96.4 95.6 95.2 101.8 101.4 101.8 95.9 93.7 93.3 100.6 104.2 109.5 113.5 115.4 117.2 117.6 118 118.7 119.3 119.4 118.5 116.6 116.9 115.3 114.6 114.3 112.4 110.3 110.1 109.9 109.8 109.6 109.8 110.7 114.9 120.6 124.4 128.4 138.5 148.5 157.8 166.9 177.3 187.7 197.1 205.9 214.9 223.1 232.1 241.7 250 260 272.6 281.4 285.7 287.3 288 290.6 294
175.5 170.8 165.3 160.4 152.6 144.4 138.2 132.4 126.5 122.2 118.8 116.7 116.2 117.6 119.1 118.9 115.7 109.7 105.2 104.2 101 97.1 100.2 110.7 107.8 100.2 94.5 94.2 95.5 94.6 95.2 100.3 107.4 110.9 113 115.5 117.5 118.2 118.5 119 119.6 120 120.1 119.7 118.2 116.9 115.5 114.3 114 112.1 110.7 110.4 110.3 110.3 110.2 110.7 112 116.4 120.1 124.9 132.6 142.3 151.4 161.4 171.7 182.1 192.8 203.3 212.8 222.3 231.4 240.6 250.5 258.6 269.1 280.4 287.4 290.6 294.8 294.2 294.4 298.3
174.2 169.4 164.5 157.5 148.9 142 135.5 129.3 124.5 120.4 117.8 116.7 117.5 118 118.6 118.1 115.3 109.4 109.4 107.4 103.6 97.4 103.6 116.5 115.1 115 115.4 115 112 98.4 107.6 111.6 111.1 113 115.2 117.3 118.5 119 119.6 120 120.6 120.7 120.6 120.6 119.5 117.9 115.6 114.7 113.5 112.1 110.9 110.7 110.4 110.6 110.6 111.2 113.4 117 120.4 125.4 134.7 145.4 154.2 164.9 176.2 187.3 199.1 210.7 220.4 229.7 238.9 248.3 257.2 268.1 280.8 289.9 295.2 300.8 301.9 298 297.9 298.4
172.1 167.2 161.4 153.4 146.2 139.6 134.2 128.3 123.2 119.1 117.8 117.5 118.1 118.7 118.2 117.7 114.8 110.6 119.4 107.8 100.5 97.5 109.4 116 115.2 114.9 114.7 114.3 112.4 102.8 112.8 113.6 113.1 114.4 116.7 118.5 119.5 120.1 120.6 121 121.5 121.4 121.2 120.7 119.2 117.3 115.4 114.8 113.7 112.2 111.3 111 111 110.9 110.9 111.2 112.9 117.1 121.9 127.3 137.1 147.4 157.4 169.5 181 192.6 204.9 216.7 227.5 237 246.3 256.1 264.6 277.6 287.4 297.3 303.5 309 308.7 304.3 300.4 300.5
171.3 164.8 158.4 151.1 144.3 138 132.7 127.8 123 119.5 118.2 118.3 118.3 119.3 118 116.4 112.3 118.7 118.8 104.3 98.9 100.6 116.7 115.8 115.1 114.4 113.7 111 108.7 107.7 111.3 113.1 114.9 116.5 117.9 119 120.1 121 121.4 121.8 121.9 121 119.9 118.8 117.2 116.3 115.2 113.1 112.2 111.9 111.9 111.5 111.3 111.6 111.5 111.4 113.3 118.4 123.1 129 140.7 151.5 162.2 174.8 186.5 198.3 209.6 221.4 233.5 244 253.6 260.6 275.6 285.7 295.1 303.4 309.5 314.6 314.4 310.4 304.8 302.1
168.1 162.3 156.8 150 143.3 136.9 132.4 128.6 124.5 121.5 119.3 118.8 118.8 119.3 116.9 114.4 115.2 118.2 116.9 102.9 98.6 111.2 116.6 116.3 115.4 114.3 111.5 111.1 110.2 111.8 112.8 114.4 116.1 117.6 118.7 119.4 119.8 120.2 121.4 121.3 120 117.8 117 116.4 115.6 115 113 111.6 111.6 112 112.8 113.1 112.8 112.4 111.9 112.3 115.6 119.7 124.1 133 146.2 155.2 167.4 180.5 192.8 204.9 215.4 226.9 239.2 251 260.4 270.2 280.5 291.2 300.1 308.9 314.1 318.8 318.6 315.6 308.6 302.6
164.8 159.4 154.8 148.1 142.3 136.7 132.2 128.7 125.6 122.8 120.9 119.5 119.3 118.4 116.6 114.6 118.8 118.8 108.6 100.4 104.6 118.6 119 115 115.2 113.4 112.3 112.1 112.5 113.1 114.3 115.6 116.2 116.9 117.9 118.6 119.1 119.4 118.9 119.6 117.8 118 117.4 117.1 116.8 114.8 113.5 112.1 112.1 113 113.8 114.4 114.1 113.6 113 113.6 117.5 122.1 126.2 137.4 148.3 160 173.1 188.2 199.5 210.8 221.4 232.8 245 256.1 266.9 276.8 286.4 297.8 306.2 314.7 319.6 320.8 319.5 315 309.3 304.6
161 155.9 151 146.2 141.1 136.8 133.5 129.9 126.7 123.7 121.4 120.1 119.3 117.9 115.6 114.4 118.7 115.8 104 98.6 114.5 114.6 114.8 114.8 114.5 114.4 113.6 113.1 113.4 114.1 115 115.9 117.2 118.5 118.9 119.7 120 120.1 120.4 122.1 122.7 122.5 121.6 121.3 119.3 117.1 114.6 113.7 114 114.7 114.8 115.3 115.3 114.7 114.2 115.6 119.8 123.9 129.1 142.2 153.5 165.1 178.3 192.4 204.5 215.2 226.5 238.1 249.7 261.6 272.8 282.5 292.7 303.3 311.3 319.6 323.1 321.2 318.6 313.1 307.3 303.2
158.7 152.4 148.9 144.8 141.2 137.7 134.7 131.4 128.1 124.8 121.9 120.7 119 116.8 115.1 114.8 118.4 110.7 100.6 109.9 114.1 114.6 114.9 115.1 114.8 114.8 114.7 114.3 114 114.1 116.5 117.4 118.8 120.5 120.7 121.4 123.7 124 124.9 126.7 127 126.5 125.6 123.4 122.2 119.2 117.8 118 117.2 117.4 116.1 116.4 116.4 115.4 117.1 118.4 121.5 125.4 134 145.3 158.2 169.9 182.1 195.8 208.5 219.4 230.8 242.3 254 266.3 277.2 286.7 296.5 306.3 313.2 319 320.8 319.7 316 310.3 306.7 303.1
156.8 146.7 139.3 142.9 141 138.3 135.4 132 128.8 125.5 122.1 120.4 117.6 116.3 115.5 116 118.1 109.5 100.5 114 114.2 114.6 114.9 115.1 115.2 115.1 115.1 114.6 114.2 114.4 115.8 117 119.4 120.1 121.3 123.5 126.8 128.3 129.9 131.3 131.1 130.4 128.8 128.1 124.5 124.6 123.7 122.5 121 120.1 119.4 119.1 117.9 117.5 118.3 121 124.4 128.1 136.9 148 160.2 172.3 185.3 197.7 210.6 221.7 233.3 244.9 256.7 268.2 278.6 287.7 297.4 307.2 313.7 318.1 318.6 317.7 313.5 311.8 307.9 304
162.6 158.1 153.3 146.8 137.5 134.1 131.2 132.7 129.6 124.7 121.2 119.8 118.7 119.6 117.9 118.3 115.6 107.7 98.8 113.8 114.5 114.6 114.8 115 115 115.1 115.4 114.9 114.5 115.1 116.8 119.2 120.4 121.9 124.8 127.9 130.7 132.4 134 135.7 136.2 136.5 135.4 133.3 131.4 129.8 128 126.4 124.9 123.5 122.8 120.4 120.4 120 121 124 127 130.7 138.4 150.3 162.6 174.5 186.3 199.9 212.7 224 235.4 246.8 258.4 270 279.9 288.7 297.6 306.5 312.4 316.2 316.8 316.1 314 310.4 307.1 302.4
