Game/Highland_Data/StreamingAssets/GeoData/Data/nb/NB00.asc
ncols 200
nrows 200
xllcorner 100000
yllcorner 900000
cellsize 50
[rows 148 to 184 of 200, columns 0 to 84 of 200]
-2.1 -2.1 -2.1 -2.1 -2.1 -2.1 -2.1 -2.1 -2.1 -2.1 -2.1 -2.1 -2.1 -2.1 -2.1 -2.1 -2.1 -2.1 -2.1 -2.1 -2.1 -2.1 -2.1 -2.1 -2.1 -2.1 -2.1 -2.1 -2.1 -2.1 -2.1 -2.1 9.5 14.2 13.8 8.4 9.2 13.1 -2.1 9.3 12.2 -2.1 9.7 9.1 16.2 23 34.3 37.2 35 45.6 55.9 66.7 78.7 87.4 76 69.8 74.1 89.6 94.5 102.7 103.8 107 115.2 118.7 118 107.9 126.8 150.4 160.9 141.6 134.9 147.3 152.3 150 147.5 141 136.3 130.5 124.2 114.9 106.4 96.1 86.5 75.7 57.9
-2.1 -2.1 -2.1 -2.1 -2.1 -2.1 -2.1 -2.1 -2.1 -2.1 -2.1 -2.1 -2.1 -2.1 -2.1 -2.1 -2.1 -2.1 -2.1 -2.1 -2.1 -2.1 -2.1 -2.1 -2.1 -2.1 -2.1 -2.1 -2.1 -2.1 -2.1 -2.1 8.6 15.2 19.8 16.8 15.7 20.6 20.9 16.2 17.9 9.5 11.6 10.7 21.3 30.2 36.6 40.9 42.1 46.5 57.9 66.1 76.2 89.9 84.3 79 85.6 94.4 102.7 108.7 113.4 114.3 122.3 131.2 128.3 128.4 135.5 158.7 164.8 166.5 151.8 153.9 158.9 158 153.1 147.6 141.6 131.9 121.5 118.1 110.7 101.6 89.9 76.4 59.8
-2.1 -2.1 -2.1 -2.1 -2.1 -2.1 -2.1 -2.1 -2.1 -2.1 -2.1 -2.1 -2.1 -2.1 -2.1 -2.1 -2.1 -2.1 -2.1 -2.1 -2.1 -2.1 -2.1 -2.1 -2.1 -2.1 -2.1 -2.1 -2.1 -2.1 -2.1 11.6 16.5 23.6 27.4 30.2 25.2 29.7 27.1 19.3 15.9 14.2 13.5 11.6 23.1 37.8 42.9 41.3 46.6 56.9 67.1 69.6 73.9 83.2 87.6 88.4 90.4 98.8 105 113.9 116.4 125.7 132.8 143 147.1 144.8 150.6 158 171.1 173.6 165.3 156.9 161.5 164.4 160.9 151.7 142.3 131.6 130.2 120.7 112.1 101.6 87.2 76.5 66.3
-2.1 -2.1 -2.1 -2.1 -2.1 -2.1 -2.1 -2.1 -2.1 -2.1 -2.1 -2.1 -2.1 -2.1 -2.1 -2.1 -2.1 -2.1 -2.1 -2.1 -2.1 -2.1 -2.1 -2.1 -2.1 -2.1 -2.1 -2.1 -2.1 -2.1 1.7 17.6 15.6 26.9 33 37.9 35.7 31.2 30.3 29.9 27.7 23.9 23.2 17.3 26.4 37.3 40.9 44 56.7 64.9 73.4 70.5 76.1 81.6 90 98.4 100.4 102.4 112.2 116.6 124.7 130.4 144.9 152.4 159 163.1 172.5 166 169.3 174.3 179.9 161.7 161.1 164.5 159.4 148.8 140.7 136.5 133.3 125.7 113.9 101 89.5 79.1 66.1
-2.1 -2.1 -2.1 -2.1 -2.1 -2.1 -2.1 -2.1 -2.1 -2.1 -2.1 -2.1 -2.1 -2.1 -2.1 -2.1 -2.1 -2.1 -2.1 -2.1 -2.1 -2.1 -2.1 -2.1 -2.1 -2.1 -2.1 -2.1 -2.1 -2.1 2.9 20.3 26.6 30.5 34.1 41.7 38.9 44.7 36.4 37.8 36.1 31.1 28.7 24.9 26.6 39.9 44.4 50.4 58 69.4 76.1 71.9 78.7 87.4 91.3 101.1 103.5 106.5 118.1 123.9 131.1 143.3 152.5 166.2 171.7 176.1 183.1 185.9 175.3 177.6 173.8 162.4 160.5 156 155.9 150.5 150 139.9 131.9 121.5 112.9 102.9 93.2 82.9 69.2
-2.1 -2.1 -2.1 -2.1 -2.1 -2.1 -2.1 -2.1 -2.1 -2.1 -2.1 -2.1 -2.1 -2.1 -2.1 -2.1 -2.1 -2.1 -2.1 -2.1 -2.1 -2.1 -2.1 -2.1 -2.1 -2.1 -2.1 -2.1 -2.1 -2.1 8.2 19.1 29.6 38.1 44.4 46.3 48.4 48.5 46 46.9 50.5 45.2 35.3 34.2 33.4 44.9 47.3 51.9 62.3 71.1 72.9 73.9 82 89.6 96.2 104.6 109.1 116 124.7 133.4 142.6 152.7 162.7 176.1 183.2 182.4 193.3 195 187.5 184.6 181.6 170.5 161.2 159.1 161.1 159.5 151.5 144.8 130.3 121.1 114.3 103.3 95.7 83.9 75.9
-2.1 -2.1 -2.1 -2.1 -2.1 -2.1 -2.1 -2.1 -2.1 -2.1 -2.1 -2.1 -2.1 -2.1 -2.1 -2.1 -2.1 -2.1 -2.1 -2.1 -2.1 -2.1 -2.1 -2.1 -2.1 -2.1 -2.1 -2.1 -2.1 1.2 14.4 24.6 31.7 38.9 47.7 53.2 53.2 52.1 56.5 62.5 68.6 61.6 61.7 48.5 43.7 52.2 59 62.7 64.3 70.1 78.2 78.8 87.2 94.9 100.3 109 114.5 121.8 136.9 145.3 154.1 167.6 175.7 190.3 195 195.3 197.9 203.3 207.2 199.1 194.1 188.6 180.3 165.7 166 163.7 155.7 145.3 134.2 120.1 110.7 103.3 95.6 89.1 77.9
-2.1 -2.1 -2.1 -2.1 -2.1 -2.1 -2.1 -2.1 -2.1 -2.1 -2.1 -2.1 -2.1 -2.1 -2.1 -2.1 -2.1 -2.1 -2.1 -2.1 -2.1 -2.1 -2.1 -2.1 -2.1 -2.1 -2.1 -2.1 -2.1 -2.1 17.5 29.8 37.7 39.1 49.2 57 62 63.3 72.3 74.9 79.4 76.6 72.3 60.5 59.2 65.1 70.9 77.3 73.9 73.6 78.9 87.1 93.8 96.6 102.3 114.5 122.5 131.4 139.7 149.9 164.1 180.1 188.3 201.3 205.4 201.4 212.9 219.7 226.7 219.7 208.1 195.3 197.2 184.8 172.2 163.8 152.8 142.7 128.6 120 112.2 102.5 97.1 91.2 80.3
-2.1 -2.1 -2.1 -2.1 -2.1 -2.1 -2.1 -2.1 -2.1 -2.1 -2.1 -2.1 -2.1 -2.1 -2.1 -2.1 -2.1 -2.1 -2.1 -2.1 -2.1 -2.1 -2.1 -2.1 -2.1 -2.1 -2.1 -2.1 -2.1 9.1 16.3 28.6 35.7 40.9 48.7 60.5 68.6 72 77.4 87.1 87.8 86.7 80.2 72.3 66.9 71.2 74.8 77.9 83.2 80.9 86.4 93.1 98.6 103.9 105.7 116.2 123.7 132.9 147.4 156.6 173.3 190.3 198.9 210 216.8 218.2 223 231.3 240.2 234.3 217.2 205.6 198.1 190 175.5 167.8 155.3 140.5 130.5 119.2 110.2 105.1 97.9 89.6 83.5
-2.1 -2.1 -2.1 -2.1 -2.1 -2.1 -2.1 -2.1 -2.1 -2.1 -2.1 -2.1 -2.1 -2.1 -2.1 -2.1 -2.1 -2.1 -2.1 -2.1 -2.1 -2.1 -2.1 -2.1 -2.1 -2.1 -2.1 -2.1 -2.1 15.1 22.7 31 40.2 43 51.3 65.4 71.8 80.4 86.7 97.3 95.8 95.1 91.7 82.9 83.4 78.6 79.8 85 91.4 91.9 97.2 100.5 105.5 107.3 108.4 118.2 125.2 137.5 153.1 168 177 190.1 206.6 221.9 226.9 228.3 233.8 234.9 243.8 243 234.9 221.1 211.2 195.8 185 171.4 158.9 146.1 131.2 122.4 113.5 107.5 98 92.8 84.8
-2.1 -2.1 -2.1 -2.1 -2.1 -2.1 -2.1 -2.1 -2.1 -2.1 -2.1 -2.1 -2.1 -2.1 -2.1 -2.1 -2.1 -2.1 -2.1 -2.1 -2.1 -2.1 -2.1 -2.1 -2.1 -2.1 -2.1 9 12.8 19.9 26.5 33.1 42.6 51 57.5 66.4 79.8 94.4 100.5 103.3 110 112 103.4 95.9 93.6 94 87.7 91.3 94.6 101.2 107.2 107.1 111 115.1 115.2 121 127.4 138.8 152.7 171.3 188.4 199.1 207.6 223.9 231 231.3 235.3 244 247.4 246.3 243.3 231.2 219.4 204.8 189.9 176.5 162 148.7 132.3 122.9 115.9 107.1 98.5 91 83.8
-2.1 -2.1 -2.1 -2.1 -2.1 -2.1 -2.1 -2.1 -2.1 -2.1 -2.1 -2.1 -2.1 -2.1 -2.1 -2.1 -2.1 -2.1 -2.1 -2.1 -2.1 -2.1 -2.1 -2.1 -2.1 -2.1 -2.1 13.1 23.9 29 34.4 39.1 45.8 59.3 66.1 71.7 86.7 102.3 110.6 109.5 118.6 120.9 113.8 105.1 107.9 109.3 102.4 98.9 98.9 103.7 108.3 113.4 114.6 115.8 118.5 125.9 132.9 144.7 153.2 165.6 188.1 203.4 207.4 226.6 234.4 238.4 241.3 252 250.3 253.7 249.7 239.5 225 209.1 194.9 179.1 164.5 150.6 139.6 130.4 118.4 104.8 98.3 88.3 80.8
-2.1 -2.1 -2.1 -2.1 -2.1 -2.1 -2.1 -2.1 -2.1 -2.1 -2.1 -2.1 -2.1 -2.1 -2.1 -2.1 -2.1 -2.1 -2.1 -2.1 -2.1 -2.1 -2.1 -2.1 -2.1 -2.1 6.1 21.2 31.2 33.7 44.9 52.4 54.6 57.8 70 77 85.3 97.9 108.2 115.2 121 125.5 126.5 115.8 116.3 115.9 115.3 110.3 105.6 105.7 107.8 113.9 119.6 121 121.9 133.6 137.9 145.5 156.7 171.1 183 197.4 212.5 221.8 235.2 240 248.1 257.3 260.1 258.9 256.4 245.8 231.2 212.7 196.3 179.5 166.7 151.7 138.8 129.8 116.2 104.1 96.3 87.7 80.7
-2.1 -2.1 -2.1 -2.1 -2.1 -2.1 -2.1 -2.1 -2.1 -2.1 -2.1 -2.1 -2.1 1.8 -2.1 -2.1 -2.1 -2.1 -2.1 -2.1 -2.1 -2.1 -2.1 -2.1 -2.1 14.7 22.5 22.4 32.4 37.5 47.6 58.4 63.3 64.3 69.8 78.8 86.5 98.9 106 119.4 122.8 129.1 129.6 124.9 124.3 125.1 125.2 121.5 121.5 111.9 111.5 118.9 120.7 121.8 125.9 136.6 146.5 150.3 163.4 172.2 183.9 197.5 211.9 223.3 230.1 238.5 250.1 263 267.5 266.4 261.1 250.6 233.7 213.9 198.7 179.7 166 152.9 138.6 129 117.5 105 94.3 85.7 78.9
-2.1 -2.1 -2.1 -2.1 -2.1 -2.1 -2.1 -2.1 -2.1 -2.1 -2.1 -2.1 -2.1 -1.3 -2.1 -2.1 -2.1 -2.1 -2.1 -2.1 -2.1 -2.1 -2.1 -2.1 -2.1 -2.1 25.1 29.9 38.5 42.4 50.4 61.5 69.5 69.2 71.6 74.2 83.2 96.7 103.4 115.9 129.7 133.8 134.9 133 127.8 136.5 139.6 134.2 130.1 125.1 116.7 117.2 121.2 124.6 129.4 137.1 144.4 151.5 169.6 179.7 188.3 197.8 211.4 224.7 230.5 239.4 248.3 254.8 258.6 265.4 260.6 252.2 235.6 220.3 199.9 180.3 165 149.4 136.6 126.6 115.6 106.7 94.3 84.9 74.5
-2.1 -2.1 -2.1 -2.1 -2.1 -2.1 -2.1 -2.1 -2.1 -2.1 -2.1 -2.1 -2.1 -2.1 -2.1 -2.1 -2.1 -2.1 -2.1 -2.1 -2.1 -2.1 -2.1 -2.1 -2.1 18.2 31.1 39.3 43.7 51.7 55.1 61.9 70.6 77 77.5 76.9 82.6 90.1 103.3 115.1 130.7 137.7 139.7 138 130.3 137.3 137.6 138.7 132.7 128 120.5 115.6 123 129.8 127.7 136.9 145.3 149.9 166.7 179.7 185.8 197.3 209.1 226.5 230.5 234.9 247 254.2 258.4 258.6 255.3 247.1 234.6 216.7 198.8 182.2 164.1 149.1 134.6 122.5 112.4 102 92.1 82.6 73.5
-2.1 -2.1 -2.1 -2.1 -2.1 -2.1 -2.1 -2.1 -2.1 -2.1 -2.1 -2.1 -2.1 -2.1 -2.1 -2.1 -2.1 -2.1 -2.1 -2.1 -2.1 -2.1 -2.1 -2.1 7.9 30.6 42.2 50.7 46.7 55.2 61.3 70.7 75.3 82.5 86.4 88.9 91.8 91.5 100.4 120.4 130.3 137.1 137.9 132.7 127.8 130.4 132.8 133.6 132.4 129.3 122.8 116.3 115.6 122.4 125 134 142.5 150.2 164.5 178.8 192.5 200.1 213 219.2 225.9 231.6 240.8 251.5 261.9 253.8 247.8 240.7 230.4 216.5 198.6 183.9 167.4 150.7 133.8 121.7 110.1 101.1 92.5 83.5 73.4
-2.1 -2.1 -2.1 -2.1 -2.1 -2.1 -2.1 -2.1 -2.1 -2.1 -2.1 -2.1 -2.1 -2.1 -2.1 -2.1 -2.1 -2.1 -2.1 -2.1 -2.1 -2.1 -2.1 3.4 22.1 38 51.5 55.5 50.9 54.5 64.8 76.1 81.3 87.7 94.7 99.1 98.9 97.6 99.2 108.9 120.4 128.7 131.7 129.5 121.2 120.2 123.6 125 123.9 123.8 127 120 115.9 120.1 124.1 133.4 140.4 144.5 162.3 180 191.7 201.9 213.4 218.8 221.4 227.3 233.1 245.4 254.9 255.6 249.5 238.9 226.2 214.7 197.1 181 167.9 152.5 135.9 124.9 109.8 99.7 88.2 78.8 70.8
-2.1 -2.1 -2.1 -2.1 -2.1 -2.1 -2.1 -2.1 -2.1 -2.1 -2.1 -2.1 -2.1 -2.1 -2.1 -2.1 -2.1 -2.1 -2.1 -2.1 -2.1 -2.1 -2.1 1.8 21.5 40.4 54.3 62.4 55 54.2 64.9 73.9 83.4 93.8 104.3 112.7 112.9 104.7 98.7 103.2 115.6 115.2 113.8 119.7 116.4 108.6 116.2 120.2 118.7 121.1 123.8 122 117.7 114 121.8 132.8 141.3 143.3 151.1 172.7 185.4 207.4 212.1 214.1 216.5 221.5 230.9 239.1 245.5 247.4 248.4 235.7 227.8 218.2 202.1 184 166.4 153.5 135.3 123.5 111.1 99 87.7 77.2 67.5
-2.1 -2.1 -2.1 -2.1 -2.1 -2.1 -2.1 -2.1 -2.1 -2.1 -2.1 -2.1 -2.1 -2.1 -2.1 -2.1 -2.1 -2.1 -2.1 -2.1 -2.1 -2.1 -2.1 7.8 17.8 35.7 51.5 55 60.3 64.6 64.9 79.1 90 100.1 107.7 107.5 105 99.5 95 94.2 98.1 101 100.7 106.3 108.6 104.3 111.6 114.2 115.4 115.9 119.3 119.4 116.1 112.3 117.2 127.1 138.2 142.1 144.6 161.6 178.8 195.3 205.7 207.4 211.1 218.1 223.3 232 233.5 235.8 237.4 232.8 222.9 215.7 199.2 183 165.9 153.2 138.8 123.2 110.2 98.6 89.3 78.2 67.4
-2.1 -2.1 -2.1 -2.1 -2.1 -2.1 -2.1 -2.1 -2.1 -2.1 -2.1 -2.1 -2.1 -2.1 -2.1 -2.1 -2.1 -2.1 -2.1 -2.1 -2.1 -2.1 -2.1 5.6 22.6 35.8 50.8 59.2 64.5 69 72.7 73.7 87.2 91.3 98.8 104.9 105.3 96.5 89.3 87.2 87.9 90.8 94.2 100.1 101 96.2 100.2 106.9 109.7 109.1 112.7 116.3 109.2 109.1 109.8 114.2 124.4 137.2 141.1 151 167.9 186.9 198 207.8 206.4 212.4 218.4 223.7 227.6 228.9 226.9 226.6 216.7 205.5 194.8 181.9 165.9 152.5 139.6 123.2 109.6 96.3 85.9 77.4 65.4
-2.1 -2.1 -2.1 -2.1 -2.1 -2.1 -2.1 -2.1 -2.1 -2.1 -2.1 -2.1 -2.1 -2.1 -2.1 -2.1 -2.1 -2.1 -2.1 -2.1 -2.1 -2.1 -2.1 4.6 24.7 35 51.7 68.7 71.2 74.6 72.4 77.8 78.7 86.7 94.6 96.4 97.3 85.7 86.6 80 78.3 80.5 84.9 91.7 92.7 89.9 93 99.6 108.7 105.6 109.3 109 103.3 109.2 105.2 104.3 112.3 123.6 139 144.3 159.2 179.7 192.5 205.4 209.3 206.7 213.8 221.6 225.5 226 221.9 216.9 212.9 203.7 194.7 182.4 169.8 153.8 138.7 121.9 107.7 96.2 85.6 74.8 66.7
-2.1 -2.1 -2.1 -2.1 -2.1 -2.1 -2.1 -2.1 -2.1 -2.1 -2.1 -2.1 -2.1 -2.1 -2.1 -2.1 -2.1 -2.1 -2.1 -2.1 -2.1 -2.1 -2.1 1.8 25.7 34.1 47.1 63 70.2 76.2 76 81.3 84.7 79.9 85.6 87.6 86.4 84.2 78.8 74 70.6 74.1 80.8 83 87.7 88.7 87.1 95.8 99 102.7 104.1 102.7 96.9 99.1 97.8 99.9 106.5 118 131 142 153.4 173.6 190.5 198.6 203.1 203 208.3 218 223.1 221.8 218.5 214.3 205.4 204.1 197.7 186.8 170.5 156.9 141.4 124.4 109.8 97.4 84.7 76.4 67.2
-2.1 -2.1 -2.1 -2.1 -2.1 -2.1 -2.1 -2.1 -2.1 -2.1 -2.1 -2.1 -2.1 -2.1 -2.1 -2.1 -2.1 -2.1 -2.1 -2.1 -2.1 -2.1 -2.1 12.5 27.5 31.1 46.5 60.6 72.7 79.6 82.7 86.9 86.5 82.3 81.5 85 79.3 80 72 70.6 70.6 70.6 70.6 76.7 79.5 78.9 77.2 88.9 93 97.9 96 92.8 89 91 94.2 97.7 107.8 112.7 130.4 141.1 149.6 167.5 185.7 197 199.9 199.6 203.4 212.2 213.6 213.7 213.1 207.8 198.6 193.9 192.5 183.6 171.5 155.5 140.6 123 112 98.2 83.6 75.8 65.5
-2.1 -2.1 -2.1 -2.1 -2.1 -2.1 -2.1 -2.1 -2.1 -2.1 -2.1 -2.1 -2.1 -2.1 -2.1 -2.1 -2.1 -2.1 -2.1 -2.1 -2.1 -2.1 -2.1 11.4 24 32.7 40.3 51.2 63.3 74.3 81.2 86.5 93.3 88 82.6 77.8 75.2 73.1 70.6 70.6 70.6 70.6 70.6 70.6 76.5 76 71.2 73.2 82.2 83.4 81.9 80.9 82.6 86.4 90.6 97 106.5 109.6 122.3 140.6 147.7 164.3 185.5 195.9 197.7 196.5 200 205.3 207.5 207.9 205.7 203.2 191.7 187.9 188.4 178.1 166.2 153.4 139.1 125.3 109.9 96.7 83.5 74.8 64.2
-2.1 -2.1 -2.1 -2.1 -2.1 -2.1 -2.1 -2.1 -2.1 -2.1 -2.1 -2.1 -2.1 -2.1 -2.1 -2.1 -2.1 -2.1 -2.1 -2.1 -2.1 -2.1 -2.1 1.8 19.1 30.9 37.5 53.4 60.5 73.5 75.1 79.5 82.7 86 88.9 75.6 73 78.3 70.6 70.6 70.6 70.6 70.6 70.6 70.6 74.1 67.5 66.2 72.1 74.1 72.3 72.6 80.2 83.9 92.3 102.4 110.4 112.4 120 137.6 147.7 162.2 184.4 197.5 200.8 199.1 196.2 197.3 199.9 201.4 199.2 194.9 184.3 180.1 179 172.8 163.4 152.2 139.8 123.5 111 96.9 85 74.1 64.3
-2.1 -2.1 -2.1 -2.1 -2.1 -2.1 -2.1 -2.1 -2.1 -2.1 -2.1 -2.1 -2.1 -2.1 -2.1 -2.1 -2.1 -2.1 -2.1 -2.1 -2.1 -2.1 -2.1 8.5 15.9 23.2 34.7 43.8 50.7 56.9 66.8 74.2 73.7 76.8 81.3 76.1 73.4 75.1 70.6 73.1 77.2 72.8 70.6 70.6 74.2 71.9 68.3 62.9 65.6 67.5 67.1 71.6 80.6 86 88.9 99.5 109.1 117.4 131.1 131.6 143.9 159.2 176 191.9 199.3 196.5 195.3 194.2 192.1 194.3 186.4 181.3 173.4 171.7 175.1 171.1 162.3 152.2 139.2 119.3 110.2 97.4 83.5 72.3 62.4
-2.1 -2.1 -2.1 -2.1 -2.1 -2.1 -2.1 -2.1 -2.1 -2.1 -2.1 -2.1 -2.1 -2.1 -2.1 -2.1 -2.1 -2.1 -2.1 -2.1 -2.1 -2.1 7.9 13.8 22.1 25.3 32.4 34.1 44.5 52.2 60 67.9 72.2 78 78.1 79.8 84.8 76.7 70.6 73.8 76.9 75.4 70.6 71.2 75.6 70.3 66.4 62.9 62.9 64.1 65.9 68.6 79.5 90.7 90.9 95 107.4 121.2 134.6 135.7 138.5 149.7 170.5 185.6 194.4 193.7 192 190.1 187.3 183.9 175 169.5 168.7 162.8 167.6 167.7 162.9 156.9 141.2 125.1 110.3 96.3 80.8 70.1 58.5
-2.1 -2.1 -2.1 -2.1 -2.1 -2.1 -2.1 -2.1 -2.1 -2.1 -2.1 -2.1 -2.1 -2.1 -2.1 -2.1 -2.1 -2.1 -2.1 -2.1 -2.1 -2.1 5.3 13 24 31.1 35.6 39.1 43.4 56.3 64.4 70.5 77.5 82.1 84.5 83.4 89 90.6 80.4 80.6 80.2 77.6 71.3 72 71.9 70.8 72 62.9 63 62.9 65.8 67.8 75.7 85 91.9 96.3 105.8 119.6 132.3 137.2 144.3 143.7 159.4 177.6 185 184.8 185.4 181.2 177.6 170.6 166.7 161.6 163.3 160.5 162.5 164.9 161.2 153.1 141 125.4 107.2 91.2 78.3 66.8 55.5
-2.1 -2.1 -2.1 -2.1 -2.1 -2.1 -2.1 -2.1 -2.1 -2.1 -2.1 1 4.6 8.5 -2.1 -2.1 -2.1 -2.1 -2.1 -2.1 -2.1 -2.1 3.5 14 23.4 31.2 38.5 44.2 49.2 59 68.2 75.3 80.2 86.2 91.9 89.9 85.2 91.5 92.3 87.2 83.3 80.4 77 74.7 75.8 72.4 72.1 69.1 62.9 67.1 69.7 74.3 79.3 84.7 93.7 98.5 106 118.3 130.4 139.9 151.9 140.9 145.9 166.2 172.8 174.8 174.8 172 165.1 158.5 154.9 151.5 155.1 156.6 163 163.3 156.5 148.3 135.1 119.6 103.5 85.9 72.6 63.3 51.9
-2.1 -2.1 -2.1 -2.1 -2.1 -2.1 -2.1 -2.1 -2.1 -2.1 1.8 6 8.1 6.5 5 -2.1 -2.1 -2.1 -2.1 -2.1 -2.1 3.5 6.7 14.6 24.2 28.7 34.9 46.3 45.5 63.8 78.3 80.5 86.1 87 95.2 94.3 90.8 93.4 99.6 99.4 94.9 94.2 86.9 77.9 76.2 77.9 79.2 68.3 64.2 66 71.2 77.3 82 90.7 89.2 95.1 105.1 116.1 126.8 139.7 144.7 147.2 139.2 149.5 159.1 164.9 165.2 162.5 155.1 148.8 144.1 144.3 149.2 153.8 155.6 157.8 152.4 137.5 126.9 113.2 98 82 70.1 56.4 44.9
-2.1 -2.1 -2.1 -2.1 -2.1 -2.1 -2.1 -2.1 -2.1 -2.1 7 10.7 10.9 9.8 12.5 10.8 -2.1 -2.1 -2.1 -2.1 -2.1 7.5 16.5 14.1 20.2 27.8 30.3 36.3 44.3 50.9 63.9 80.5 88.3 100.9 97.2 101.1 97 99.4 105.4 106.9 102.8 96.4 91.8 84.4 79.6 76.1 76.7 72.2 62.2 63.7 67.4 75.3 82.1 94.5 89.3 97.2 104.2 112.7 125.2 137.5 148.6 148.8 139.8 140.9 150.5 153.3 154.6 155.3 144 143.1 138.9 141.6 145.1 145.4 152.3 148 139.7 126.2 114.3 102.5 89.6 75.3 65.4 53.1 38.4
-2.1 -2.1 -2.1 -2.1 -2.1 -2.1 -2.1 -2.1 -2.1 10.2 8 12.7 15.9 10.5 10.9 4.3 -2.1 -2.1 -2.1 -2.1 -2.1 4.1 16.2 13.6 17.4 23.6 28 31.1 38.4 46.9 56.3 73.4 88 98 105.1 107.5 110.6 108.5 112.3 110.9 111 101 95.8 89.4 81.8 79.9 73.5 70 63 64.3 69 72.6 76.5 91.4 91.9 96.6 104 109.4 119.4 133.2 145.9 144.8 141.4 132.8 137.4 144.8 142.9 140.7 132.8 132.1 129.7 139.9 142.8 146.2 144.5 134.3 121.5 113 104.9 93.9 79.6 66.5 57.8 45.8 32.4
-2.1 -2.1 -2.1 -2.1 1.1 5.6 20.6 24 -2.1 16.6 15.5 19.8 19 9.6 9.2 2.1 -2.1 -2.1 -2.1 2.1 4.1 5.8 14.6 10.7 13.7 19.9 25.7 29.8 37 46.8 50.4 64 83.7 95.3 103.8 109.8 108.4 108.9 112.7 113.4 112.7 106.2 98 90.8 86.9 79.8 73 67.3 61.8 61.8 66.1 70.6 72.6 80.6 86.3 92.3 97.3 103.2 114.1 128.2 135.3 138.8 134.2 134.5 125.2 131.2 129.8 127.7 124.3 121.8 121.9 128.8 130 131 128.5 122.1 112.7 103.1 93.5 83.4 69.9 61 50.7 39.1 25.3
-2.1 -2.1 -2.1 -2.1 10.3 16 21.2 21.5 11.9 16.5 18 22.4 25 14.6 9.2 3.5 4.4 4.8 5.1 12.6 13.8 7.8 8.4 10.2 13.2 17.3 21.6 23.2 28.2 42.8 48.4 57.2 66.5 89.6 102.5 109.3 112.5 106.3 109 110.6 107.8 106.9 101.2 95 87.3 76.8 71.2 66.7 60.6 56 62.3 67.2 71 74.7 82.8 89.8 94.7 95.6 104.3 115.9 123.9 132.6 128.7 131.6 119.3 111.1 118.3 117.8 111 110.7 112.3 111 116.6 118.2 117.2 108 98.3 91.7 84.2 75.1 65.2 54.3 41.8 31.1 19.1
-2.1 -2.1 -2.1 -2.1 14.2 20.4 26.2 26 22.3 24.7 22.1 22.8 26.1 18.7 6.9 6.9 9.9 12 15.4 14.1 16.6 15.3 10 6.9 10.5 16.5 17.9 18.1 22.3 28.9 37.6 46.1 56.7 76.2 95.4 104.1 103.9 101.9 104.4 107.3 107.1 104.4 103 99.1 89.6 78.4 73.5 65.3 61.7 56.2 58.9 62.5 66.3 66.6 80.2 81.3 86.5 88.4 96.7 102.7 112.5 124.6 119.5 120 116.6 100 103.8 109.8 102.8 98.5 99.2 101.7 106.4 109.5 106.3 98.7 89.2 81.8 70.3 66.4 55.8 45.4 34.7 22.8 12.6
22.2 22.4 27.7 -2.1 19.3 23.5 25.4 32.2 29 25.7 22.1 22.4 25.3 20.9 8 7.9 7 11.1 9.1 12.6 12 13.3 15.2 9.5 9.7 12.6 15.7 12.6 17.2 26.9 32.8 39.7 51.4 66.9 83.1 92.3 94.8 102.3 106.2 110.8 112.5 106.7 104.1 99.8 87.6 80.3 71.1 60.5 57.2 52.3 49.8 54.1 59.9 64.6 68 74 81.6 84.5 88 92.6 104.8 115.5 107.9 107.8 109.7 101 88 92.4 93.3 87.2 91.1 95.2 97.5 101.7 97.3 88.8 82.5 71.7 61.6 57.9 53.5 40.1 29.1 19.6 10.8
