Game/Highland_Data/StreamingAssets/GeoData/Data/nb/NB10.asc
ncols 200
nrows 200
xllcorner 110000
yllcorner 900000
cellsize 50
[rows 0 to 34 of 200, columns 0 to 79 of 200]
60.9 58.2 56.1 54.1 54.6 74 100.8 135.6 192.1 281.1 375.3 412.2 381.5 392.3 370.8 336.6 309.3 273.7 245.1 227 211.8 201.2 189.8 192.4 202.3 212.5 222.7 241 255.7 273.6 296.4 315 332.8 355.1 375.9 398.3 424.9 448 474.2 499.5 525.5 552.9 553.3 544.1 527.4 501.8 473.5 457.6 449.4 445.6 455.5 470.8 478.8 484.3 477.9 474.3 473 447.6 410.1 377 340.7 307.2 273.9 242.4 221 202.9 192.2 185.6 174.1 174.7 165 180.8 198.5 231.9 259.9 292.8 318.5 310.7 342.6 374.8
54.6 54.2 53.5 53.4 53.6 75 105.5 139.1 191 295.6 396 456.7 433 422.4 400 371.6 328.4 295.8 266.6 244.3 227.6 217.4 204 194.1 202.6 208.1 217.3 231 245.7 264.7 286.9 308.9 325.3 344.1 363.2 383.1 408.3 430.9 457.6 481.4 513.2 548.3 557.5 554.9 544.8 526.9 503 484.6 472.3 477.5 486.2 493.4 500.2 501.9 496.8 490.6 481.7 456.3 415.5 379.4 344.1 311.3 277.9 249.4 223.9 209.4 198.3 192 183.6 175.1 172.1 186.1 205.9 236.1 269.3 306.2 335.2 354.9 365 387.5
52 51.8 51.3 52.7 56 79.9 110.5 145 188.9 292.3 388 471.6 471 451 425.1 388.1 351.2 321.5 296.9 274.8 248.4 229.4 214.4 204.6 200.7 207.2 214 220.4 243.7 261.7 279.9 298.4 316.9 334.8 353.4 372 394.5 417.2 442.4 465.9 501.8 538.7 557.7 557.9 552.2 542 531.6 514.7 502.8 497.1 505.6 513.6 518.2 517.2 510 496.2 483.9 460.9 425.2 384.3 348.4 314.6 280.1 249.7 228.6 213.4 203.1 194.4 185.1 179 178.4 192.9 212.9 244.6 282.6 317.9 346.8 373.7 391.7 407.8
52 50.4 50.8 51.8 58.4 80.3 110.3 145 201.8 299.1 390.9 458.8 487.5 471 455.1 415.2 382.1 354.8 328.1 298.8 270.5 248.4 227.5 215.6 204.1 206.9 213.9 221.7 244 258.5 277.7 290.8 308.2 323.7 342.9 361.1 382.1 406.4 429.9 455.4 488.7 520.5 553 559.9 556.8 552.5 547.1 541.4 529.1 526.8 528.5 531.8 533.9 530.8 518.3 499.2 483.2 465.8 440.1 399.8 354 317.2 283.4 251.9 229.8 218 209.4 201.2 188.4 183.1 183.7 197.4 223.3 254 289.2 327.7 360.4 384.6 406.8 420.3
51.1 49.9 50.2 50.9 57.6 80.1 108.2 139.8 192.2 294.7 382.6 441.4 484.8 481.4 470.6 451.4 422.3 392.6 354.7 323.5 294 263.3 244.9 227 214.2 212.2 228.7 236.2 242.7 255 275.8 289.5 305.6 317.4 333.1 349.5 373.3 393.3 417.1 442.6 473.3 498.6 535.1 559.2 559.8 560.8 558 554.4 552.9 551 553.7 552.9 550.1 542.8 526.6 500.3 480.1 461.4 436.9 403.4 364.4 317.3 284.8 258.3 235.7 219.3 212.2 203.8 191.7 185.9 188.4 204.8 230 249.7 292.9 330 366.2 395.2 416.3 434.9
50.3 49.3 49 48.8 59.4 74.7 99 132.2 176.2 285.3 350.6 412.2 447.8 473.7 473.1 461.9 447.9 420.5 378.6 349.2 316.5 283.5 260 245.2 228.9 220.2 239.8 250 254.4 259.1 272.3 283.8 297.5 314.8 326.4 340.4 362.1 385.3 405.3 427.7 459 482.3 512.5 539.6 562.5 569.4 570.1 571.2 572.4 572 573.8 573.8 564.5 552.4 530.8 502 481.7 460.8 430.6 404.3 368.8 331.2 291.9 262.5 240.6 222.7 212.6 205.2 194.6 190.1 194.2 212.8 235.4 260.5 296.3 334.5 370.4 403.4 429.5 445.1
48.8 48.8 48.8 48.8 55.7 73.9 92.7 124.9 162.4 263.9 331.5 379.4 416.4 462.4 463.4 459 455.2 449.6 409.7 370.7 338.6 308.9 284.1 263.6 245.5 234.5 240.1 255.3 269.5 263.7 267.8 283.5 296.3 310.3 321.3 333.2 353.9 375.9 397.5 419.3 446.7 472.2 499.7 527.6 556.6 576.4 579.1 584.9 588.1 592.7 595.2 590.8 579.9 557.1 530.1 503.8 484.6 469.9 437 404 369.5 332.7 294.7 264.2 243.7 222 211.6 204 196.5 193.5 198.9 215.7 237.9 263.6 298.6 337.4 375.5 410.5 438.9 456.6
48.8 48.8 48.8 48.8 56 73.3 85.8 119.6 157.9 245.6 298.1 335.2 394.2 438.5 452 451.3 455.4 459.9 431.8 394.2 372.7 351.3 306.3 279.4 259.6 247.8 241.9 255.3 264.9 269.3 269.4 281.9 292.8 308.9 319.5 331.2 344.6 368 390.5 410.7 436.9 462.4 492.9 522.3 551.1 577.5 588 599.5 605.3 610.3 613.1 607.8 591.8 563.8 531.3 501.6 483.2 470.3 453.3 417.2 374.8 338.1 299.1 268.1 240.3 223.6 210.2 202.7 198.6 197.1 206.3 220.3 244.2 270.8 306.8 339.4 375.5 412.4 446.6 470.4
48.8 48.8 48.8 48.8 53.1 71.4 82.2 117 154.4 211.6 260.1 306.3 376.7 410.1 438.8 436.3 444.7 444.7 432.2 417.6 413.3 392.8 336.7 314 277.9 264 254 252.5 256.1 262.9 267.5 277.2 288.8 311.8 323.5 336.9 348.3 365 386.2 409.2 432.6 460.2 486.9 519.2 550.2 575.5 594.8 611.7 619.7 624.3 627.8 623.2 599.5 567.2 533.5 503.4 480.8 472.9 461.7 430 386.5 348.7 306.4 275.2 247.4 223 210 203.7 198.2 201.8 215.1 227.6 251.3 271.9 310.7 345.4 383.2 419.3 454.7 478.1
48.8 48.8 48.8 48.8 55.6 72.3 85.6 111.3 148 189.3 234.6 280.9 342.4 388.8 419.6 412.4 415.3 425.1 419.9 415 422.7 416 377.2 351.3 303.5 284.2 265.1 258.7 259.6 265.5 270 276.4 290.1 307.1 328.2 336.4 351.5 367 387 410.9 431.4 462.3 487.9 519.5 550.2 577.9 595.8 618.6 629.2 635.1 639.8 631.6 599.2 569.4 537.6 505.5 489.6 481.2 466.5 438.2 399.2 351.7 313.4 283 256.7 233.1 213.5 205.4 203.1 209.5 216.4 231.5 256.1 282.7 316.4 351.2 385.1 421.9 458.6 483.9
48.8 48.8 48.8 48.8 55.7 67.5 83.1 107.8 140.4 170.4 210.4 266.5 305.3 363.3 379.2 380.4 386.2 395.2 401.8 405 418.4 431.9 408.6 367.6 333.8 310.6 287.6 271.4 265.3 266.4 276.3 279.7 297.3 307.8 326.8 341.5 353.1 367.2 385 410.1 432.2 465.2 492.5 518.5 547.4 575.6 597.2 618.5 633.1 643.8 647.8 634.8 603.9 568.9 544 516.3 493.6 488.3 469.7 447.3 406 362.2 322.2 289.5 263.4 239.7 221 213.1 208.1 213.6 224.4 239.8 259 286.4 321.1 356.4 389.8 424.8 456.5 487.9
48.8 48.8 48.8 48.8 56.8 72.2 82.5 99.1 134.1 159.6 200.2 248.8 285.7 322.1 344.3 345.3 357.9 377.2 399.3 396.3 424 446.2 438.8 393.1 367 344.6 311.1 295.2 285.3 278.8 282.5 286.9 301.3 302.4 323.3 338.2 357.1 369.5 386.2 407.7 431.4 459.9 488.6 514.5 540.2 564.5 589.2 612.3 633.1 649 659.1 635.2 607.1 575.6 545 526.7 502 488.4 479.6 456.8 414.6 373.9 329.9 299.7 271 244.7 227.6 217.5 213.8 218.5 231.2 244.1 266.5 289.2 324.7 363.3 398.9 424.1 460.9 491.1
48.8 48.8 48.8 48.8 56.3 68.7 87.8 97.9 121.1 152.7 183 227.7 264.1 295.4 317.1 328.6 345 368.2 379.8 392.6 426.2 453.6 453.1 432.5 404.7 368 340.4 332.6 309.7 294.6 290.1 291.3 303.6 310.6 324.8 340.4 354 371 389.2 406.3 429.8 455.3 483 509.3 531.7 552.9 575.2 598.4 623.6 646.7 662 644.6 613.6 585.3 556.5 532.3 510.2 492 479 464.5 425.2 383.5 339.9 305.5 275.8 249.9 229.9 220 216.5 223.9 238.5 254.3 272.9 293.1 336.1 371.6 409 441.6 471 493.4
48.8 48.8 48.8 48.8 53.8 64 82.8 101.1 118.3 143 165.1 208.2 242.8 272.9 289.8 310.4 340.5 360.6 371.3 394.4 427.8 464.3 468.1 453.8 429.5 407.8 380.7 377 344.7 321.8 305 309.8 312.6 323.7 333.2 343.4 356.8 370.7 388.5 405.1 423.6 446.5 474.5 501.3 522.6 542.7 566.2 588.7 614 638.6 657.5 653.2 623.4 593.2 569.8 543.9 520.2 500.1 481.3 468.3 440.9 394.5 355 311 279.9 254 233.8 228.5 221.6 229.6 245 262.3 276.2 302.2 344.1 382.1 419 452.7 480.8 500.2
48.8 48.8 48.8 50.2 54.4 64.2 86.1 97.7 115.7 137 153.1 193.8 222 251.7 274.9 301.4 331.4 355.7 369.6 396.8 429 461 477.5 471.5 462.1 438.8 415.7 410.5 381.3 351 327.2 326 333.3 337.7 347.6 352.2 360.1 372.4 386.6 403 419.4 437 459.5 489.5 513.8 533.5 557.7 582.6 609.1 632.8 652.8 659.1 634.1 609 582.6 556.7 531.8 510.5 489.1 466 444.8 411.9 363.4 321.1 284.6 260.8 244.5 229.4 227.8 240.1 252.3 269.2 288 310.3 348.2 392.2 428.8 461.2 490 505.7
49 48.8 48.8 52.7 56.7 67.9 81 97.6 114 129.4 148.3 183 208.5 240.3 263.4 301.6 335.6 355.1 372.8 395.1 432.9 468.1 485.5 481.9 477.8 476.2 452.3 441.2 412.6 371.7 345.6 340.1 343.5 359.1 362.5 366.1 371 378.9 387.3 401.3 416.8 431.2 448.5 477.1 502.7 525 551.3 578.5 606.6 631.1 653.5 665.9 644.2 620.9 595.7 569 543.2 519.5 494.4 466.7 436.4 411.2 367.9 325.7 286 260.6 241.6 233 234.6 247.8 259 275.6 301.3 323.1 370.4 405 439.3 474.6 496.7 510.6
53 48.8 51.4 53.8 61.4 73.7 91.5 102.3 117.2 129.4 146.5 178.8 210.8 240.7 268.5 310.6 338.1 360.9 380.1 402.6 442.2 483.9 492.8 498.5 490 485.4 469.3 452.5 428.7 390.1 368.9 356.4 357 373.9 374.3 379.1 382.2 385.3 393.4 403.9 415.7 429.8 444.8 463.5 494.7 519.4 548.3 577.4 606.1 633 656.9 675.9 659 633.6 607 583.8 560.2 530.1 498.2 465.5 427.5 393.9 359.8 321.3 286.7 261.3 241 233.5 236.2 247.9 260 287 309.3 338 374.2 416.3 449.9 480.4 503.9 519.8
49 48.8 53.3 59 67.5 77.2 98.1 109.2 121.6 132.3 147.6 172.6 207.4 238.4 272.6 312.5 343 366 384.4 407.8 455.3 484.1 499.5 506 510.1 503.1 483 460.7 449.4 410.4 386.4 375.1 376.2 381.7 387.3 392.7 393.5 398.8 405.1 411.4 422.7 434.3 447.1 460.2 487.4 516.1 547 576.5 607.3 636.9 661.7 686.8 672.8 644.5 617.1 592.8 570.7 536 495.3 460.1 421.2 376.6 344.3 315.1 282.1 260.1 242.8 237.5 238.8 249.3 266.3 288.2 317.1 369 401.1 438.2 467.3 490.5 514.4 531.4
51.5 55.1 57 61.7 70 86.3 102.1 112 121.6 136.3 159.9 186.1 215.6 242.9 272.1 309.5 346.4 369.8 395.1 425.4 457 481.8 497.4 508.7 512.6 509.9 500.8 489.4 472.9 435.6 407 398.3 393 397.2 400.5 407.4 412 419.2 430.7 439.2 445.7 450.2 458.1 470.4 486.3 515.9 547.8 580.3 609.1 642 667.2 688.7 689.8 658.6 628.5 601.7 568.6 528.6 486.4 447.4 409.7 361.5 329 302.9 279.9 257.8 244.1 239.2 241.3 255.9 275.6 306.2 331 378.9 417.1 453.7 483.8 505.4 527.5 543.7
52.7 56.1 59.8 67.5 78.7 91.8 103.7 113.4 120.8 138 161.2 197.8 232.3 258 292.9 314.4 340 375.9 401.6 428 441.5 466.2 482.1 497.1 505.5 500.9 511.3 513.5 509.7 474.9 438.1 422.7 420.1 417.4 422.3 430.8 440.1 449.6 462.1 463.1 468 473.1 479.5 488.9 493.2 521.5 554.2 584.7 612.7 638.4 652.8 662.3 659.1 654.3 629.6 589.7 551.7 512.9 475.1 436.9 397.8 355.5 319.6 291.8 271.7 259.9 246.3 241.1 248.2 263.4 294.1 318.5 352 395.5 432 467.5 502.8 519.8 536.1 554.6
54.8 57.6 63.6 75.9 88.5 99.5 109 111.9 120.2 137.3 165.7 195.9 237.5 273.7 303.3 331.8 370.6 385.7 401.2 414.7 428.6 449.1 460.3 479.9 491.6 502.2 519.6 519.8 515.6 496.7 470.4 457.2 452 447.6 454 459.4 470.7 481 489.4 496.1 498.2 503.3 511.1 509 512.2 536.9 564.8 590.7 602.1 606.6 607.9 625.1 617.8 616.1 600.5 579.9 542.5 501.2 463.5 427.2 377 345.2 316.8 282 265.1 252.5 246.1 244.5 253.3 276.5 303.8 329.6 362.9 407 447.5 486.4 515.5 527 545.3 558.8
52.7 58.7 69.1 83.3 98.9 107.6 107.8 111.6 122.8 140.7 163.5 195.3 241.1 277.2 308.7 339.4 370.7 388.1 403.2 414.8 418.4 429.8 442.2 462.4 487.9 510.1 522.8 520.4 513.6 501.7 497 505 496.2 486.8 485.9 498.5 504.5 515.7 522.8 527.6 530 539.2 542.9 537.7 542.9 563.4 569.6 574.6 567.8 565.1 562.9 584.1 574.4 570.3 570.9 557.9 528.5 491.4 451.3 412 364.5 338.9 310 275.7 255.4 249.2 247.5 248.2 264.4 295.4 317.7 343.8 377.5 417.1 461.7 497.7 521.5 538.5 556.1 572.6
56.8 59.5 73.9 87.7 99.2 101.7 108.3 109.8 121.7 138.9 164 194 238.7 278.7 307.2 345.9 375.7 382.8 390.2 404.2 410.3 419.3 437.2 459.6 489.1 513.2 517.7 515.2 510.1 501.4 499.1 504.3 525.4 521.1 517.4 530.5 545.4 551.3 555.1 559.8 558.5 577.6 574.2 568.8 562.9 556.5 548.2 539.2 534.1 525.1 519.2 529.6 523.7 526.2 528.8 530 510.7 472.2 435.5 399.1 349.8 325.9 289.9 272.6 247.7 247.5 247.4 255.8 283.3 304 336.8 360.4 391.2 427.8 467 500.9 520.5 543.9 564.8 580.2
57.9 65.6 79.3 92.1 91.3 99.8 108.9 111.4 120.3 135.1 151.2 190.8 230.4 262.5 306 343.4 361.1 370.9 378.1 394.2 407 421.8 447.6 464 489.3 509.1 513.2 509.8 505.5 497.4 496.7 505.2 527.7 541.8 558.7 578.5 582.5 582.7 587.7 593.5 598.4 611.3 606.2 592.6 570.3 549.6 532.3 514.5 498.1 484.9 476.9 477.1 483.2 485.1 495 486.3 478.6 441.4 410.2 379.7 337.6 311.4 286 267 249.6 247.5 246.8 264.3 286.6 313.1 347 368.1 403.3 436 473.7 506.1 532 553.1 574.8 587.7
57.1 67.2 79.1 78.5 91.2 97.8 105.3 110.7 114.6 129.1 144.2 175.3 219.1 251.1 292.8 331.6 350 362.4 374.6 389.9 406.2 426.2 447 474.4 497.3 505.2 506.1 505.2 501.3 493 490.7 505.4 521.7 537.5 565.2 598.9 620.9 618.8 621.3 626 637.2 640 636 609.2 578.9 544.6 513.6 490 469.2 454.2 444.6 438.8 440.1 445.5 455.7 463.4 429.2 411.2 390.3 365.7 323.6 300 275 263.1 247.3 241.5 245.7 264.4 294.2 318 344.8 371.1 407.8 447.9 492.8 531.1 546.3 563.2 576.7 594.1
59.8 62.7 68.5 75.5 83.9 99.4 104.8 111.3 116 125.2 146.2 174.1 206.1 244.8 285.9 320.7 342.6 357 370.6 386 405.5 427.4 450 480.3 507.7 501.5 496.8 498.8 497.5 486.7 482.5 494.6 508.6 526.4 557.2 588.4 628.8 658.1 655.5 657.5 665.6 668 657.4 626.5 583.4 544.1 507.7 479 452 429.8 419.8 411.1 407.9 408.1 414.4 425.1 396.3 377.9 361.2 346.2 302.2 282.5 266.5 258.5 239.2 238.3 250.5 270 300.2 332.2 351 383.5 417.5 451 489.2 534.1 559 574.8 589.3 605
54.4 55.8 64.9 72.4 86.8 96.8 101.6 110 122.8 128.3 142.5 177 208.6 241.9 273.4 310.9 339.2 355.9 368.7 385.9 403.8 429.8 454 477.7 500.6 499.5 493.7 490.5 489.3 480.1 476.6 484.3 499.8 518.3 545.2 580.7 611.9 655.1 681.3 685.8 690.3 690.9 671.7 636.4 593.6 549.6 507.7 475.6 448.3 423.3 404.5 391.2 382.8 375.8 374.7 372.8 361.5 343.3 326.8 312.7 284.4 269.1 258.2 254.3 236.7 238.3 250.9 275.2 312.4 332.8 357.3 392.4 421 454.4 495 534.8 566.2 590 605.6 616.9
51.2 53.8 62.7 68.4 82.5 95 103.5 109.7 121.8 134.3 151.7 179 209 233.7 270.4 307.8 336 352.3 371.8 391.7 411.3 430.5 451.1 472.9 491.9 495.9 494.1 491.5 479.8 473.7 473.2 474.7 487 507.6 534.9 565.5 601.7 632 672 706.2 715.9 713.4 683.2 645.6 597.5 560 515.6 476 447.8 421.6 400.5 381.7 365.7 357.3 348.6 344.3 335.4 317.6 297 290.4 270.8 266.4 254.5 243.5 230.9 236.1 253.5 265.9 308.5 334 354.4 398.1 423 454.3 493.1 542.9 572.4 602.1 624 637.7
48.9 52.2 58.5 67.8 75 91.2 103.8 115.5 120.5 137 151.6 176.2 201.4 229.5 262.6 304.1 332 354.4 374.6 396.1 416.3 433.9 450.1 465.3 478.4 489.7 493.8 492.2 475.4 468.3 466.8 464.9 477.1 495.5 516.3 547.2 583.8 615.5 654.5 689.9 718.3 727.6 689 648.4 602.1 564.8 523.5 485.2 449.7 421.7 398.1 377.8 361.2 341.6 331.9 322 311.3 297.2 281.5 272.5 262.3 251.3 245.2 236.7 228.6 234.9 254.4 264.5 294.6 326.9 350.2 392.8 419.3 453.7 490.7 535.1 572.1 606.3 638.6 656.8
47.9 51 56.4 65.8 73.9 90.5 101.8 114.6 124.7 142.3 153.2 172.4 196.8 221.1 257.8 297.1 324.5 350 381.8 404.2 425.1 437.1 451.7 463.7 475.8 486.4 487.8 485.9 472.2 462 459.6 455.6 457 474.1 500.5 530 562.8 599 634.4 676 707.7 721.8 698.5 654.3 612.1 572.3 529.5 491.4 452.3 421 395 375.2 357.4 344.5 327.9 309.1 295.1 283.4 272.3 262.1 251.8 239.4 237.6 232.5 222.9 231.1 237.6 258.9 279.6 309.8 342.3 377.8 415.7 450.5 493 527.9 567.9 603.9 644.9 671.3
48.9 53.6 59.9 65.8 73.6 87.6 100.1 111.9 128.7 149.3 158.5 162.2 193.3 216.6 247.7 283 324.1 353.1 383 410.1 428.3 440.5 455.9 465.4 481.3 482.5 484.1 476 464.7 452.8 442.5 434.8 445.7 461 486.7 516.6 549.5 584.5 621.6 665.1 694.8 711.1 715.9 681.1 630.1 588.8 541 496.7 463.9 428.3 398.8 377.9 357.6 342.8 326.6 312.7 294.3 276.8 263.1 249.8 249.1 236.2 230.2 224.8 220.1 228.4 235.5 258 275.3 300.8 325.7 374.1 409.8 447.9 486.6 524.7 562.7 596 648.2 683.5
49.9 53.7 60.1 65.9 75.5 88.3 98.4 110.5 137.7 145.4 159.6 161.6 179.9 211.1 238.8 276.7 311.3 349.4 387 411.1 432.4 445.9 458.9 468.2 479.8 480.8 479.2 470.5 459.8 445.4 433.9 427.9 437.9 453.2 478.5 511 545.1 578.4 613.2 654.6 682.6 699.3 708.8 699.8 648 606.6 565.3 511.8 478.4 450.6 412.7 384.4 359 343.8 328 311.7 295.7 277.4 259.7 239.9 232.5 229 226.7 216.8 215.1 221.5 229.5 250.9 266.6 293.3 317.4 364.8 399.7 436.4 479.8 515.4 555.5 588.8 648.9 678.6
47.1 52.9 57.4 62.6 75.9 83.8 93.2 110.3 139 141 158.4 167.3 180.6 200.8 229.7 266.9 299.9 346.5 385 412.2 432.6 446.3 458.8 466.7 478.3 477.4 475 465.4 454.4 438 424 425.2 428.4 444.8 476 506.6 541.2 572.9 606.7 644.5 671.6 688.9 699.1 703.8 680.6 625.2 587.8 534.7 501.7 466.9 431.2 400.5 375 350.9 332.5 312.8 296.3 278.9 261.4 243.2 225.7 222.4 218.5 212.6 212.1 216.6 227.1 242.3 257.5 283.7 309.1 340.5 376 419 466.7 512.8 552.8 589.7 625.1 665.4
49.9 53.1 55.8 63.5 72.9 79.9 89.7 108.4 134.7 147 154.8 166.7 182.7 203.8 226.6 258.3 300.2 349.1 383.7 411.1 433.3 447.1 456.3 465.3 477.3 472.7 469.8 458.9 447.4 432.1 417.3 420.4 426.9 445.8 473.4 504.7 538.5 570.2 604.2 637.3 661.7 674.9 688.6 696.7 696.8 650.8 608.6 562.5 520.7 487.1 456.5 429.1 400 370.9 344 323.5 302.8 286.6 267.3 247.8 223.7 218.6 209.1 206.8 209.7 214 221.2 235.3 251.1 272.4 299.9 333.4 363.2 403.9 469 517.1 549.5 585.1 623.1 659.5
47.2 50.8 54 59.8 66.9 78.6 89.7 108.1 127.6 148.7 155.6 166.2 184.6 202.8 230.1 254.9 297.6 340.2 386.7 414.8 435.2 448.2 458.3 462.9 469.4 468.9 466.6 456.3 445.5 425.4 408.2 412.5 419.9 439.1 473 507.7 540.1 572 600 626.5 648.1 662 674.9 682.7 682.3 675.5 638.4 590.4 555.7 514.9 479.3 453.6 424.1 395.4 366.7 339.6 311 291 272.5 251 231.3 211.2 205.1 202.5 207.9 212.6 220.3 227.4 244 262.8 289.5 319.9 353.6 392.6 444.1 489.7 540.3 594.1 633.4 666.1
