Game/Highland_Data/StreamingAssets/GeoData/Data/nb/NB20.asc
ncols 200
nrows 200
xllcorner 120000
yllcorner 900000
cellsize 50
[rows 72 to 107 of 200, columns 80 to 159 of 200]
297.3 289.9 283.4 278 273.4 268.8 261.2 262.2 262.8 266.4 279.7 291.5 302.5 315.8 323.9 328.6 327.3 318.7 285 232.6 165 123.4 90.6 61.3 36.9 14.4 7.3 -2.1 -2.1 -1.2 -2.1 -2.1 24.2 40.1 57.2 88.6 122.3 152.4 178.6 177.6 185.1 212.1 229.7 241.1 239 238.2 242.5 252.2 251.5 265.3 273.1 279.1 285.7 281.4 278.1 261 252.8 245.2 256.3 258.6 267.6 252.3 240.4 230.2 204 195.7 178.7 130.5 89.2 58.3 41.1 36.6 36.6 47.1 58.3 77.6 99.1 118.6 132.7 146.1
307.8 303.3 297.3 299.7 292.9 276.4 265.6 256.9 260.4 265.9 270.6 281.5 291.2 304.5 315.8 318.3 321 318.2 292.8 258 199.1 141.5 102.3 72.6 50.1 22.9 6 -2.1 -2.1 -2.1 -2.1 -2.1 11.2 28.9 42.9 63.1 99.7 134.8 153 152.5 177.5 194.1 218.2 229.6 228.3 229.8 240.1 249.4 251.7 265 277 270.9 272.7 265.7 264 252.8 244.8 243.4 249.8 251.8 251.4 241.2 231.9 219.7 189.7 190.1 171.5 130.7 85.1 53.5 36.6 36.6 41.3 52.2 66 87.7 107.5 119.4 137.6 144.8
304 310.9 308 314.1 307 295.1 274 258.7 256.1 266 268.8 274 281.6 289.1 308.7 314.3 318 316 307.8 274.2 219 154.4 121.6 82.9 62.8 31.5 9.8 -2.1 -2.1 -2.1 -2.1 -2.1 -2.1 18.3 26.6 44.7 80.1 114.7 124.9 138.8 156.7 176 191.3 207.4 221 234 246.8 248.9 249 256.1 271.2 266.4 252 247.7 245.4 239 238.5 242.8 232.6 229.1 230.4 231.9 221.2 196.4 171.3 181.1 159.5 117.4 85.9 54.3 36.6 36.6 44.2 56.8 66.4 97.2 114.1 124.8 138.6 147.4
308 313.9 314.3 307.4 307.4 296.4 281.1 270.5 256.1 258.5 267.3 267.5 274.9 280.8 296.8 305.9 308.1 310.3 310.7 302.3 244.4 186.7 132.7 99 73 47.3 18.2 -2.1 -2.1 -2.1 -2.1 -2.1 -2.1 8.4 19.5 31.3 48.6 85.3 95 114.4 138.3 162.5 179.1 190.3 224.7 235.7 239.8 245.8 244.6 245 254.7 256 244.4 232.6 224.8 223.5 236.9 233.3 221.5 216.6 219.6 224.1 201.3 182.5 159.5 163 143.9 112.4 92.1 52.3 36.6 36.6 48.6 59.7 73.1 99.5 118.1 123.3 139.3 151.1
302.7 306.7 310.6 306.2 300.6 292.6 279.2 275.1 263.2 256.1 262.2 264.3 269.5 272.9 283.6 297.8 302.3 307.2 310.9 304.2 291.1 216.9 145.8 109 92.6 63.9 32.4 -2.1 -2.1 -2.1 -2.1 -2.1 -2.1 -2.1 6.7 17.2 30.8 54.8 82.6 97.9 120.6 136.2 165.8 201.9 225.1 235.2 236.4 235.1 238.3 242.2 245 243 237.2 226.4 216.3 217.7 231.8 230.3 217.8 205.8 208.7 199.5 186.5 160.3 148.3 153 141.6 113.5 88.1 52 36.6 39 47.3 59.3 74.2 102.2 123.4 125.7 142.4 154.3
282 304.2 301.9 297.9 287.5 288.1 275.1 272.3 258.5 258.2 255.5 261 268.5 269.3 268.1 284.8 295.9 305.8 303.6 297.4 293.2 246.6 164.6 123.2 100.1 81.4 51.1 12.3 -2.1 -2.1 -2.1 -2.1 -2.1 -2.1 -2.1 1.7 20.8 41.1 64.4 79.4 98.4 129.5 163.4 190.2 210.6 234.7 234 230.7 235.3 238.1 234.6 232.8 232.4 217.8 212.3 212.5 226.9 215.6 207.1 191.8 186.6 177.5 164.4 143.5 140.6 145.1 127.8 99.4 82.4 47.8 37.4 40.6 43.7 56.5 70.6 96.6 118.9 126.5 137.1 155.7
255.7 282.6 282.9 288.9 277.6 277.1 269.2 271.4 254.9 258.7 252.4 253.1 261.6 260.4 265.9 267.1 283.3 289.5 292.5 284.9 285.7 264.4 175.7 132.4 105.5 92.6 64.1 31 -2.1 -2.1 -2.1 -2.1 -2.1 -2.1 -2.1 -2.1 7.6 24.7 45.4 59.1 81.8 120.3 154.1 170.7 198.5 229.8 231.4 231.2 227.6 232.2 226.2 223.8 216.1 211.8 206 207.7 208.2 208.7 195 183.9 167.9 164.2 154.7 143.4 129 133.4 113.6 87.8 72.1 42.1 39.6 42 46 51.7 71.4 87.5 109.1 135.4 142.6 164
223.5 248.2 255.8 271 261.6 262.9 262.7 261.2 255 249.8 241.7 246 247.7 254.5 256 262.6 265.2 270.3 274.4 276.8 271.9 260.3 207.3 141.1 109.4 91.2 73.8 43.8 -2.1 -2.1 -2.1 -2.1 -2.1 -2.1 -2.1 -2.1 -2.1 13.5 21.5 46.5 70.9 104.2 140.4 158.6 188.7 216.8 228.3 228.4 214.4 203.8 199.2 212.8 211.9 206.2 200.5 201.8 185.1 191.3 186 178.2 158.2 149.5 138 139.9 127 115.5 101.4 83.5 57.7 39.6 38.5 39.6 44.1 60.9 76.8 88.3 107.5 133.7 149 171.4
200.4 226.1 235.4 250.1 252.2 250.5 243.4 248.5 259 250.3 236 226.2 236.7 242.5 245.1 250 262.6 269.5 262.3 261.1 258.8 240.2 208.5 148.3 117.5 94.4 73.7 43.9 -2.1 -2.1 -2.1 -2.1 -2.1 -2.1 -2.1 -2.1 -2.1 -2.1 18.5 36 58.2 96.1 129.3 148.5 178 204 214.9 215.8 207.8 197.2 195.3 198.6 203.7 204.5 197.4 188.7 177.9 181.2 177.8 170.7 157 139.9 129.2 126.1 124.3 114.3 102.3 78.1 57 38.3 37.5 39 43.1 64.1 81.9 90.2 115.4 139.9 156.7 171.6
181.8 197.2 212.4 233.2 243.4 241.8 238.8 235.7 242 237.1 227.2 216.4 217.5 224 228.8 237.7 256.2 264.8 267.4 262 248.4 229.9 197.2 158 123.1 97.3 66.2 52.1 17.7 -2.1 -2.1 -2.1 -2.1 -2.1 -2.1 -2.1 -2.1 -2.1 10.6 20 49.4 77.9 106.5 132.4 167.2 195.7 201.7 202.2 201.2 191.6 193.2 195.7 193.2 193.9 191.6 184.5 178 167.3 167.8 159.9 151.2 132.9 115.4 116.8 117.8 108.4 96.1 74.3 55.9 37.3 33 36.3 43 59.8 85.6 89.9 125.4 148.2 164.6 170.7
167.8 175.9 195.6 215.9 231.1 238.2 230.5 217.3 218.1 215.2 213.7 203.8 207.9 210.4 215.2 222.9 239.9 253.8 263.3 264.1 250.8 227.2 191.4 163.6 154.8 101.2 67.5 44.3 19.9 -2.1 -2.1 -2.1 -2.1 -2.1 -2.1 -2.1 -2.1 -2.1 -2.1 10.2 38.4 68.6 92.1 124.4 163.7 177.2 191.1 190.4 192 190.3 191.5 195.1 193.9 178.9 183.5 178.8 170.7 153.4 152.2 150.4 141.4 123.4 117.6 100.2 105.1 99.3 88.5 64.9 49.8 37.4 33.3 34.2 41.6 59 73.2 100.7 126.2 149.6 166.6 174
154.1 161.6 169.2 196.5 200.9 215.4 210.4 202 201.8 207 204 202.2 202 200.8 200.9 210.7 228.8 247.4 259.2 263.7 252.5 244.1 210.6 176.5 157.8 119.9 68.6 37.8 22.1 -2.1 -2.1 -2.1 -2.1 -2.1 -2.1 -2.1 -2.1 -2.1 -2.1 -2.1 15.9 52.3 72.8 122.1 146.1 166.1 176.4 186.8 190.6 188.5 189.4 182.7 177.6 176.4 165.9 165 165 154.5 131.8 137.3 124.6 115.4 113.3 93.1 90.3 91.2 82.1 56.7 47.8 34.2 32 33.2 43.6 61 80.4 106.1 123.8 145.5 166.2 173.7
145.1 149.4 155.4 161.8 176.7 175.8 186.6 185 196.5 198.2 202 200.5 198.6 199 200.5 209.2 224.5 241.9 257.2 262.6 256.8 249.7 233.6 191.3 159 117.4 78.8 44.5 18.4 -2.1 -2.1 -2.1 -2.1 -2.1 -2.1 -2.1 -2.1 -2.1 -2.1 -2.1 -2.1 28.2 56.7 105.8 138.7 164.1 177.8 183.7 187.4 193.5 184.1 172.4 161.2 168 155.1 148.2 151.9 138 126 119.2 109.3 109.2 98.8 87.8 82.6 72.9 64.9 49.9 43.8 33.5 30.8 32.6 45.7 58.5 80.8 106.8 119.7 140.3 161.9 168.1
138.8 141.5 140.5 148.2 152.1 155.2 157.3 170.7 186.4 198 200.8 197.9 197.9 203.5 205.7 216.2 225.5 233.5 250.1 259.1 258.1 249.7 241 208.3 161.8 120.9 86.1 57.3 29.9 -2.1 -2.1 -2.1 -2.1 -2.1 -2.1 -2.1 -2.1 -2.1 -2.1 -2.1 -2.1 -2.1 44 88.1 134.4 156 171.1 182 187.8 188.4 182 165.2 152.4 149.4 144.3 146.4 136.6 137.2 119.8 111.8 106.9 98.4 91.8 83.2 77.7 65.4 52 44.4 38.4 33.6 29.7 32.3 45.8 59.7 78.2 105.8 117.5 134.7 148.5 160.9
136.7 135.8 134.2 137.4 141.6 150.8 152.6 155.5 175.6 187.3 193.8 197.8 200.5 207.9 213.7 222.1 231.1 239.9 248.7 252.8 256.8 244.2 232.6 219.3 168.9 131.6 101.4 70 44.6 18.2 -2.1 -2.1 -2.1 -2.1 -2.1 -2.1 -2.1 -2.1 -2.1 -2.1 -2.1 -2.1 27.8 73 119.4 137.5 158.3 178 183.3 180.6 168.1 159.9 153.7 141.6 133.9 139.4 125.1 125 114.9 106.2 102.3 96.2 86.6 75.8 76.7 68.7 52.6 44.7 39.8 33.4 29.2 31.9 43 57.5 80.5 97.6 112.4 126.9 147.9 160.6
139.3 131.9 131.7 126.6 136.7 140.1 145.7 153.8 170.1 180.2 185.2 193.6 197 202.4 222.5 219 231.5 243.1 245.8 247.7 247.3 239.2 237.3 235.8 201.4 154.1 115.8 83 54.4 31.1 -2.1 -2.1 -2.1 -2.1 -2.1 -2.1 -2.1 -2.1 -2.1 -2.1 -2.1 -2.1 17 54.1 101.3 119.6 140.8 161.6 174.4 171.5 164.5 156.3 148.7 140.4 132.9 129.3 125.9 111.7 106.6 101.6 100.6 85.4 75.5 78.6 77.1 68.2 51.5 41.1 39.1 32.2 26.6 30 40.8 54.2 77.4 95.3 111.1 130.8 147.7 163.2
141.5 134.1 126.6 126.6 126.6 135.2 140.2 145.8 163.3 168.6 175.2 182.5 190.9 204.3 218.6 226.3 233.4 234.5 238.6 237.3 236.6 231.9 236 240.1 224 179.1 143.4 109.5 71.9 43.7 21.8 -2.1 -2.1 -2.1 -2.1 -2.1 -2.1 -2.1 -2.1 -2.1 -2.1 -2.1 -2.1 41 84.1 102.9 126.4 136.5 147 157.5 155.1 155 148.1 138.9 131.6 127.8 122.2 106.2 96.7 95.3 84 74.4 74 85.8 74.6 66.4 48.9 40.5 36.1 30.3 26.7 31.4 45.7 51.2 73.7 96.5 117.8 134 151.9 165.7
142.7 137.7 130.3 126.6 126.6 126.6 134.2 140.3 149 158.9 163.1 175.1 182.9 200.8 217.5 223 220.6 224 225.1 228.2 226.7 225 233.6 237.5 228.7 199.2 177.2 145.4 98.3 64.1 38.5 -2.1 -2.1 -2.1 -2.1 -2.1 -2.1 -2.1 -2.1 -2.1 -2.1 -2.1 -2.1 20.1 65.8 84.2 102.4 113.5 119 139.6 147 150.9 147.9 142.2 125.1 118.2 115.8 100.1 93.3 85.4 74.3 72.2 76.6 77.1 63.3 58.3 44.2 40.8 35.7 27.1 28.3 34.9 43.8 57.1 78.5 99.9 123.9 142.5 158.6 165.8
146.4 139 136.7 128.7 126.6 126.6 126.6 136.4 141.1 143.7 153.3 165.7 176 188.9 213 222.5 208.1 215.9 211.9 211.3 216.2 218.4 228.5 239.2 233.7 217.4 197.3 174.7 131.3 94.6 60.1 25.7 -2.1 -2.1 -2.1 -2.1 -2.1 -2.1 -2.1 -2.1 -2.1 -2.1 -2.1 -2.1 56.3 68.7 87.6 93.2 100.7 117 127.3 139.3 139.7 148.8 126.9 113.7 108.1 101.2 99.1 85.8 76.1 66 67.2 64.2 55.4 50.1 46.1 39 32.6 26.5 28.9 35.1 42.7 64.1 85 104.1 128 151.2 164.6 177.6
164.2 142.6 136.3 134.9 131.6 126.6 126.6 131.3 139.9 140.5 142 149.1 163.7 181.4 199 213.2 206.7 199.6 194.7 196 205.4 211.5 216 217.5 230.4 226.6 203.3 190.3 157.6 125.1 83.4 52 -2.1 -2.1 -2.1 -2.1 -2.1 -2.1 -2.1 -2.1 -2.1 -2.1 -2.1 -2.1 29.1 50.1 62.1 69 73.7 86.3 100.8 119 129 137 120.1 112.2 103.9 106.9 100.2 85.4 73.6 59.1 60 59.2 51.4 48 43.6 36.4 33.6 24.6 27.7 37.2 49 73 90.7 114.4 136.9 156.8 166.9 189
182.7 156.4 141.4 136.1 134.7 126.6 127.9 127.3 131.9 136 133.5 142.7 153.1 171.9 188.2 198.4 202.8 197.4 185 188 194 201.1 200.9 210.6 212.7 214.2 203.5 193.6 180.3 153.1 110.4 72.4 -2.1 -2.1 -2.1 -2.1 -2.1 -2.1 -2.1 -2.1 -2.1 -2.1 -2.1 -2.1 -2.1 19.6 38.7 42.1 51.8 61.1 86.6 104.7 107 117.2 115.7 116.2 114.7 103.8 84.9 78.7 63.5 58.1 55.3 52.7 49 46.9 40.2 34.8 30.2 20.6 32.4 36.3 53.6 76 98.3 126.3 143.3 162.1 172.5 206.3
195.5 170.7 148.6 140.5 140.8 137.8 135.7 135.7 126.6 129.5 137.5 139 145.5 156.2 173.3 187.2 199.2 194.7 179.4 174.2 177.4 182 191.2 197.4 198 198.1 197.9 186.7 185.8 168.3 131.5 101.9 49.4 -2.1 -2.1 -2.1 -2.1 -2.1 -2.1 -2.1 -2.1 -2.1 -2.1 -2.1 -2.1 -2.1 -2.1 15 22.9 52.4 66.4 88.4 101.9 115.1 118.2 110.8 112.8 106.1 84.9 66.2 61.3 55.2 54.2 46.9 49.7 45.1 37.8 36.2 25.6 18.5 29.1 39.3 57 82.7 109.5 126.5 143.6 154.9 175.4 204
203.6 175.1 160.3 146.2 149.6 145.2 141 136.3 128.3 126.6 126.6 132.6 138.5 146.7 161.1 174 182.2 183.6 172.6 165 174.2 175.6 179.9 179.7 179.3 186.9 182.9 175.6 180.1 176.2 146.9 111.5 77.2 32.5 -2.1 -2.1 -2.1 -2.1 -2.1 -2.1 -2.1 -2.1 -2.1 -2.1 -2.1 -2.1 -2.1 -2.1 -2.1 19.6 40.5 93 102.5 111.9 112.7 111.3 108.8 100.5 84.5 64.6 58 52.8 52.1 51.7 40.9 34.8 38.3 35.6 27.6 18.9 23.6 37 59.4 81.6 111.5 123.7 138.2 152.3 169.4 191.7
215.2 190.1 175.6 163.3 165.4 157.3 151.4 142 139.6 132.5 126.6 126.6 126.6 136 144.6 168.5 176 177.1 170.4 161.6 163.1 166.7 166.1 164.7 165 163.4 171.3 160 161.9 165 156 124.7 95.8 61.7 -2.1 -2.1 -2.1 -2.1 -2.1 -2.1 -2.1 -2.1 -2.1 -2.1 -2.1 -2.1 -2.1 -2.1 -2.1 -2.1 29.3 87.9 92.9 103.8 108.4 112.9 104.9 90.5 85.4 69.7 52.9 42.3 44.4 50.1 37.6 30.3 38.1 36.3 29.9 16.1 19.5 34.1 62.7 83.4 104.6 119.4 137 156.7 165 181.3
239.7 217.3 201.5 190.4 186.9 180.4 173.8 159.6 146.4 140.1 134.8 131 130.1 132.9 136.2 153.7 166.6 175.2 174.9 168.3 162.7 153.7 156.8 155.5 153.2 149.7 145.6 147.7 146.6 150.3 154 138.7 105.6 78.6 47.9 -2.1 -2.1 -2.1 -2.1 -2.1 -2.1 -2.1 -2.1 -2.1 -2.1 -2.1 -2.1 -2.1 -2.1 -2.1 -2.1 66.7 83.8 93.7 102.8 106.5 106.3 93.1 83.2 69 47.6 36.1 35.5 38.2 27.1 22.9 31.6 34.6 29.1 14 18.8 37.5 67.7 87.2 104.9 122.7 143.6 154.2 161.8 179.2
269 251 232.8 219.7 219.5 221.8 213.5 192.1 171.4 159.8 147.2 139.5 134.1 129 132.7 146.2 154.9 168.8 174.4 179.5 166 152.8 142.3 148 139.9 131.5 127.9 132.6 141.4 145.4 138.6 131.9 122.1 99.5 65.2 35.4 -2.1 -2.1 -2.1 -2.1 -2.1 -2.1 -2.1 -2.1 -2.1 -2.1 -2.1 -2.1 -2.1 -2.1 -2.1 -2.1 56.4 74 89.9 104.2 102.8 91.2 76.3 68.3 48.2 33 21.1 22.7 13.7 23.8 25.3 30.7 27.7 12.7 21.1 45.1 80.9 92.5 110.2 128 144.2 156.5 170.5 184.1
291.9 270.8 257.3 249.8 250.1 262 263.9 222 195.7 171.8 152.7 143.5 134.7 129.5 129.5 134.5 148.1 156.3 164.3 170.2 174.5 162.4 146.7 135.1 131.3 117.7 113.7 124.5 130.3 132 128.3 122.1 130.2 118.5 84.8 55.7 26.7 -2.1 -2.1 -2.1 -2.1 -2.1 -2.1 -2.1 -2.1 -2.1 -2.1 -2.1 -2.1 -2.1 -2.1 -2.1 35.4 62.9 84.1 88.8 93.5 87.6 72.4 58.7 51.4 39.2 16.8 8.4 5.6 18.1 26.9 24.8 27.4 9.6 21.7 43.1 70.5 94.3 117 130.4 145.2 159.5 173.6 200.9
300.6 292.3 289.5 279 274.1 296.7 286.5 266.2 216.6 178.2 155.6 145.3 139.2 134 127.3 129.6 140.3 151.6 162.7 162.9 169.9 162.8 150.6 125.6 118.3 113.6 108.3 110.5 122.2 126.2 118.5 114.4 120.2 125.4 96.1 62.3 43 17 -2.1 -2.1 -2.1 -2.1 -2.1 -2.1 -2.1 -2.1 -2.1 -2.1 -2.1 -2.1 -2.1 -2.1 4.7 32.9 67.5 74.5 81.2 78.2 62.1 44.8 42.8 37.7 17.7 -2.1 1.7 13 17.1 19 17.4 9.7 30.5 47.5 73.5 98.2 119.7 125.4 144 155.5 174.8 207.1
320.7 312.6 308.7 302.6 297.1 317.2 300.4 278.6 251.4 197.5 170.5 153.4 147.3 139.6 129.6 127.9 134.4 141.9 150.6 155.1 157.8 163.5 147 124.7 113.2 106.2 109 110 115.1 120.5 112.2 114.7 124.7 123.7 108.2 66.5 49 28.6 -2.1 -2.1 -2.1 -2.1 -2.1 -2.1 -2.1 -2.1 -2.1 -2.1 -2.1 -2.1 -2.1 -2.1 -2.1 18.2 57.4 59.3 62.4 56.7 45.9 37.7 35.8 29.8 -2.1 -2.1 -2.1 6.8 8.4 16.5 10 8.1 36.8 56.4 81.8 103.2 112.9 123.5 140.3 157.2 176.1 205.4
342.5 335.3 328.1 319 317.8 335.4 320.4 294.9 267 237.1 191.9 167.5 153.2 144.9 136.4 129.4 128.1 134.2 142.7 147.3 152.7 152 135.7 116.7 104.7 102 101.7 104.2 113 112.4 109.3 117.2 132.2 120.1 104.9 74.7 51.4 37.1 20.1 -2.1 -2.1 -2.1 -2.1 -2.1 -2.1 -2.1 -2.1 -2.1 -2.1 -2.1 -2.1 -2.1 -2.1 -2.1 28.1 44.5 39.9 38.4 39.2 37.4 30.6 20.4 -2.1 -2.1 -2.1 -0.1 1.1 -2.1 12.7 21.3 41.3 63.6 92.7 100.6 120 126.2 140.6 158.3 180.7 210.4
363.1 357.4 339.9 337.9 331.8 340.8 343.2 321.9 288.1 259.6 210.4 179.8 161.5 149.9 139.7 129.5 127.2 133.3 136.8 144.6 158.5 152.4 131.3 110.1 99.7 98.8 96.6 96.6 105.7 106.3 103.9 122.3 129.8 120 97.4 73 56.6 42.7 28.3 -2.1 -2.1 -2.1 -2.1 -2.1 -2.1 -2.1 -2.1 -2.1 -2.1 -2.1 -2.1 -2.1 -2.1 -2.1 7.6 27.1 29.8 29.1 28.4 22.6 17.2 14 -2.1 -2.1 -2.1 -2.1 -2.1 -2.1 23.1 32 48.9 67.5 87.2 97.5 116 125.1 145.6 161.5 195 210
380.2 368.5 358.6 350.4 350.7 346.9 351.8 339.5 310.6 269 225 195.8 171.2 153.4 142.2 132.7 126.6 130.4 131.5 138.6 153.4 147.8 132.3 108.8 98.5 96.9 96.6 96.6 96.6 101.7 96.6 115.4 121.3 111.3 93.3 71.6 62.1 51.1 41.9 19.5 10.6 -2.1 -2.1 -2.1 -2.1 -2.1 -2.1 -2.1 -2.1 -2.1 -2.1 -2.1 -2.1 -2.1 -2.1 -2.1 19.6 25.6 14.5 10 -2.1 -2.1 -2.1 -2.1 -2.1 -2.1 11 21.4 34.2 39 52.7 72.4 89.8 102.4 117.6 127 144.4 166.5 191.4 214.1
394.1 387.9 384.7 377 364.1 356.6 362.8 351.6 322.2 294 249.8 209.2 186.7 160.6 145.2 131 124.9 126.5 127.6 132.4 138.9 142.1 135.3 118.1 101.1 100.5 96.6 96.6 96.6 96.6 96.6 104.5 110.2 98.9 87.1 71 63 54.5 43.3 33.2 15.6 -2.1 -2.1 -2.1 -2.1 -2.1 -2.1 -2.1 -2.1 -2.1 -2.1 -2.1 -2.1 -2.1 -2.1 -2.1 -2.1 11.3 -2.1 -2.1 -2.1 -2.1 -2.1 -2.1 -2.1 -2.1 15.6 30.4 42.8 47.6 56 75.3 87.6 102.7 119.1 129.3 149.7 174.9 206.2 222.3
407.3 412.7 405.7 394.5 378.4 369.1 365.8 365.9 345 307.9 269.7 229.4 195 169.8 148.8 134.9 126.4 125.6 124.9 127 131 137.8 135.4 118.9 106.7 107 104.1 96.6 96.6 96.6 96.6 96.6 103.5 102.3 89.1 73.9 67.8 55.3 48.8 35.2 27.1 -2.1 -2.1 -2.1 -2.1 -2.1 -2.1 -2.1 -2.1 -2.1 -2.1 -2.1 -2.1 -2.1 -2.1 -2.1 -2.1 -2.1 -2.1 -2.1 -2.1 -2.1 -2.1 -2.1 -2.1 24.6 29.7 32.6 43.6 53.9 59 76.9 89 103.5 118.3 130.9 159.4 181.4 208 225.9
418.8 427.2 426.1 408.8 393.2 375.5 366 370 353.4 322 268.1 231.2 206.3 179.5 150.1 137.5 125.6 120.9 122.5 124.8 125.5 130.8 130.8 121.9 117.2 113.7 112.7 105.6 101.9 96.6 96.6 96.6 109.6 106.4 91.2 76.8 73.6 66.5 54.2 33.8 26.6 12.2 -2.1 -2.1 -2.1 -2.1 -2.1 -2.1 -2.1 -2.1 -2.1 -2.1 -2.1 -2.1 -2.1 -2.1 -2.1 -2.1 -2.1 -2.1 -2.1 -2.1 -2.1 -2.1 -2.1 16.6 36.7 46.7 43 57.7 68.4 87.5 94.4 107.8 121.1 138.6 166.1 189.9 218 230.4
419.6 428.9 432.8 416.2 398.7 384.3 366.9 370.5 351.9 313.7 273 242.3 210.3 183.1 164.5 131.4 123.4 116.3 119.6 126 124.8 129.7 132.8 132.1 123 125.2 118.9 114.7 103.6 103 96.6 99.1 101.9 107.1 100.9 90.1 82.3 76.6 64.6 40.6 26.1 15.1 -2.1 -2.1 -2.1 -2.1 -2.1 -2.1 -2.1 -2.1 -2.1 -2.1 -2.1 -2.1 -2.1 -2.1 -2.1 -2.1 -2.1 -2.1 -2.1 -2.1 -2.1 -2.1 -2.1 17.2 41.8 50.8 49.3 61 70.6 89.7 106.4 112.8 128.3 149.5 175.5 206.9 226.3 231.4
