Game/Highland_Data/StreamingAssets/GeoData/Data/nb/NB22.asc
ncols 200
nrows 200
xllcorner 120000
yllcorner 920000
cellsize 50
[rows 152 to 189 of 200, columns 0 to 85 of 200]
33.9 33.9 33.9 33.9 33.9 33.9 33.9 33.9 33.9 33.9 33.9 38.9 38.3 37.7 34.8 37 39.8 41.1 33.9 34.6 33.9 33.4 32.5 31.3 33.4 32.4 30.6 31.8 29.2 31.8 27.8 33.2 37.1 41.2 42.9 43.3 43.7 42 41.8 40.6 38 27.8 44.2 49.3 44.1 38.7 36.5 34.8 34.8 37.3 37.6 41.4 42.1 40 39.5 39.3 39 37.6 38.1 38.7 36.1 35.4 39.4 40 39.3 37.4 37.3 39.3 33.3 29.7 29.7 29.7 29.7 29.7 29.7 29.7 29.7 33.7 34.7 34.4 36.2 43.7 48.9 51.9 53.9 49.5
33.9 33.9 33.9 38.7 33.9 39.2 33.9 33.9 33.9 33.9 37.6 40.3 39.8 38.9 35.8 37.2 35.3 33.8 31.7 37 33.2 29.7 32.3 34.3 33.7 32.8 30.6 32.1 27.8 29.3 31.9 36.9 38.2 40 42.4 45.9 43.9 42.4 42 41.5 40.2 27.8 39 48.4 40.6 38.5 36.8 35.7 35.8 34.3 36.3 40.5 40.4 40.5 40.1 40 39.7 39.2 39.5 37.8 37 37 39.5 39.9 39 38.6 38.4 37.9 36 29.7 29.7 29.7 29.7 29.7 29.7 31.3 31.8 35.3 36.7 36.8 38.8 47.4 51.7 57.6 57.7 55.5
33.9 33.9 33.9 39 33.9 33.9 33.9 33.9 33.9 38.7 41.8 41.9 41.5 39.6 37.9 32.7 33.1 32.5 29.7 37.8 32.9 29.7 32.3 33.5 33.8 33.2 29 27.8 27.8 28.1 32.3 38.2 39.4 44.8 46.3 47.9 45.2 42.5 42 42.6 41.8 38.2 34.8 39.9 39.7 38.6 37.2 37.5 35.3 31 27.8 37.4 40 40.2 41.4 40.9 40.4 40.1 40.1 40.1 39.7 40.5 39.9 39.6 39.5 39.4 39.3 39.9 37.7 29.7 29.7 29.7 29.7 29.7 30.1 35.1 36 41 41.1 45.9 43.5 46.2 58.7 64.6 63.7 60.2
37.6 33.9 38.8 39 34.6 33.9 33.9 33.9 33.9 39.8 43 45.3 42.9 41.8 38.4 34.9 33.2 31.7 29.7 31.2 29.7 29.7 29.7 30.2 33.6 33.8 27.9 27.8 27.8 27.8 30.6 34.5 39.6 45 48.2 51.1 45.8 42.2 41.6 41.2 41.3 39.8 30.1 38.6 38.8 38.6 37.3 37.1 35.7 34 27.8 30.7 38.5 41.6 43.1 42 41.2 41.6 42 42.6 42.6 42.2 41.1 39.2 38.6 39.5 41.2 39.2 36.3 29.7 29.7 29.7 29.7 29.7 30.4 36.2 37.6 47.6 51.9 51.5 47.7 47.4 65.6 75.8 69 63
39.1 38.3 39.7 39.4 39.1 38.2 33.9 33.9 33.9 38.2 45.2 47.4 44.3 44.1 38.8 35 32.8 31.7 29.7 29.7 29.7 29.7 29.7 29.7 30.6 33.8 32.3 27.8 27.8 27.8 30.5 33.5 40.3 46.6 53.8 57.5 51.4 42.8 40.5 40 39.7 38.8 30.2 35.7 39.3 39.1 37.1 36.4 34.3 31.3 27.8 30.4 38 43.7 43.1 42.4 42.4 44.7 44.4 46.4 45.1 43.3 41.8 39.9 38 40 38.9 36.9 31.3 29.7 29.7 29.7 29.7 29.7 33.6 35.6 45.6 57.8 63.4 58.9 52.5 50.4 63.2 78.8 75.6 67.3
38.6 42.7 40.6 40.2 39.8 39.2 37.4 37.3 36.5 36.9 44.5 45.1 44.9 42.8 38.2 35.7 33.4 33.1 32.9 30.3 29.7 29.7 29.7 33.5 34.6 37.1 30.4 27.8 27.8 27.8 29.6 32.8 38.3 46.6 57.9 57.3 48.9 43.8 40 38.8 38.9 39.5 36.5 27.8 40.7 41.5 37.5 36.2 35.7 34.3 27.8 30.5 38.3 41.6 42.3 42.9 44.3 47.3 49 48.6 47.3 44.9 43 41.5 39.4 38.1 36.9 34.7 33.1 29.7 29.7 29.7 29.7 29.7 33.4 36.2 52.4 67.6 72.8 63.2 56.4 56.2 63.4 72.3 76.4 69.7
38.3 45 40.9 40.7 40.2 39.7 37.7 38.1 37.1 38 45.2 44.7 43.8 41 38.5 36.5 33.7 33.2 33.6 29.7 29.7 29.7 29.7 34 36.8 39.2 33.3 27.8 27.8 30.7 27.8 31 38.4 47.1 56.6 58.2 49.5 43.4 39.7 37.3 36.3 39 37.5 35.3 41.6 45 37.4 36 36.1 32 27.8 35.9 40.4 42.8 42.8 43.3 45.8 49.2 51.8 50.9 49.7 46.9 44.6 42.9 44 39.3 36.7 33.5 33.1 29.7 29.7 29.7 31.9 33.6 35.9 38.2 56.4 72.5 71 66.4 61.5 58.7 64.5 75.6 75.4 70.1
40.1 41.5 41.1 41.4 45.5 40.5 38 38.9 37.4 39.6 44.2 44.3 43 41.4 39.3 36.5 34.2 34.5 34.2 29.7 29.7 29.7 29.7 29.7 37.9 38.9 34.7 27.8 27.8 30.3 32.4 31.3 38.7 46.8 59.4 56.9 51.2 45.2 42.8 30.4 27.8 34.5 33.5 34.8 40.4 35.6 35.4 35 36.2 34.7 32.8 38.7 40 41.8 42.4 43.3 46.5 52.8 59.7 55.3 51.5 48.8 46.6 45.2 48.3 40.6 39.2 36.4 37.5 32.7 29.7 29.9 35.7 42 39.3 40.6 53.1 75.6 71.6 68.2 66.7 66.7 80.1 81.2 82 73.5
43.5 42.2 41.7 42.4 45.8 40.5 39.6 38 36.7 38.5 44 43.8 43.8 42.2 39.9 37.6 35.5 36.8 32.4 29.7 29.7 29.7 29.7 29.7 37 36.1 33.4 29 27.8 29.5 33.2 33.2 37.4 47.7 58.8 58.4 51.2 46.4 44 39.7 27.8 27.8 27.8 27.8 27.8 27.8 27.8 36.1 35.7 27.8 37.9 40.7 41.6 42.2 42.2 45.7 49.9 58.7 60.9 57 54.1 55 54.9 53 55.2 51.4 41.9 44.7 45.8 40.3 38.8 35.9 48.5 47.6 44.8 43.4 50.2 71.2 75.5 75.1 73.7 74.6 90.7 92 86.1 78.9
43.3 42.5 42.9 42.4 41.8 41 39.3 37.6 38.4 38.9 41.7 42.6 42.7 42 39.9 37.8 37.8 38.5 33.6 29.7 29.7 31.6 33.1 33.2 34.7 35.3 32.2 31.3 28.6 32.5 33.9 34.7 34.9 47.6 57.6 58.2 51.4 47 44.4 38.7 27.8 27.8 27.8 27.8 27.8 27.8 27.8 35.9 31.7 27.8 37.8 40.3 41.7 42.7 43.3 46.7 53.5 63.8 66.7 61.2 59.4 63.1 65.4 64.5 67.2 66.1 55.8 56.8 54.1 50.2 46.4 42.7 57.2 51.7 50.3 49.8 52.7 67.1 81.5 85.3 81.5 85.5 96.2 95.1 89.4 86.2
42.4 42.9 43 42.1 41.4 42.8 38.2 38 39.7 39.8 38 41.6 42.5 41.3 38.8 39.2 39.7 38.6 34.6 30.6 33.9 35.2 36.3 35.7 35.2 35.1 32 30.9 31.5 32.4 34.4 36.1 32.1 44.8 53.9 54.4 53 48.5 49.2 40.2 27.8 27.8 27.8 27.8 27.8 27.8 27.8 31.4 27.8 27.8 37.8 40.6 43.1 44.1 45.6 51 55.6 63.6 70.4 70.9 68.4 74 75.2 78.4 88 92 81.2 65.2 63.3 61.1 62.5 57.1 60.5 55.4 55.6 55.3 61.4 65.5 88.9 93.9 88.3 93.4 103.1 102.3 99.2 96.4
42.2 42.5 43 42.1 41.3 40 39.5 39.2 39.4 41.7 38 41.2 43.4 41.7 38.8 41.6 40.2 39.7 36.5 34.2 37.2 37.4 38 37.7 37 35.7 32.5 31.5 33.5 34.1 34.7 38.7 32.8 41.5 51.2 54.5 50.1 50.3 46.3 39.5 35.5 27.8 27.8 27.8 27.8 27.8 27.8 27.8 27.8 27.8 38 41.3 44.1 45.9 52.1 54.6 60 67.6 78.1 79.1 82.5 93.9 97.5 97.7 100 99.7 92.6 79.2 73.2 78.6 74.9 66.5 61.2 60.9 63.9 62.5 65.2 73.4 85.8 98.5 95.4 99.5 109.3 109 106.1 104.1
43.3 42.6 42.2 42.4 41.4 39.4 39 40.1 39.1 40.5 38 38.1 44.5 43.1 39.3 41.4 42.7 40.2 38.7 37.4 37.7 39.4 39.3 38.6 37.4 35.4 32.6 33.2 34.4 35.3 38.3 36.9 32.4 37.5 46.1 56.4 48.9 45.5 41.6 40.4 37.9 27.8 27.8 27.8 27.8 27.8 27.8 27.8 27.8 27.8 34.7 41.4 44.5 48.1 56.8 56.4 65.3 73 83.9 90.2 96.5 106.1 114.5 115.7 119.7 115 105.1 94.4 99.2 97.7 86.5 71.9 64.5 70.1 75.5 73.4 74.2 81 84.7 102.6 105.4 104.6 112 111.9 110.6 105.8
43.5 42.7 42.2 43 41 39.9 39.4 39.7 38.9 40.5 40.5 40.1 45.4 42.8 38.5 40.4 44.1 41.3 42 40.2 41.4 42.5 44.5 41.5 37.9 35.1 35.4 37.5 37.4 36.9 39.2 35.8 33.5 37.4 42.4 55.8 47.3 43.4 42 41.4 37.7 27.8 27.8 27.8 27.8 27.8 27.8 32.2 27.8 27.8 34.3 40.9 44.8 57.2 58.6 59.6 69 76.8 92.1 100.2 110.5 119.6 132 141.2 148.9 145.4 132.3 138.4 117.8 110.3 95.9 79.5 69.7 75.1 84.6 85.1 87.8 90.8 96.1 100.8 110.1 110.2 112.8 114.8 116.1 111.5
44.5 43.4 42.1 42.6 43 40.8 40.4 39.7 39.4 40.7 41.9 42 43.3 42 38.5 38.5 41.7 42.1 42.8 44 47.8 46 51.1 43.2 38.6 35.8 38.1 41.2 37.9 37.6 38.2 35.6 34.4 35.7 43.2 54.7 47.1 42.9 43.2 42.3 37.8 27.8 27.8 27.8 27.8 27.8 34.5 27.8 27.8 36.2 38.3 41.6 52.9 60.6 62.2 63.9 70.4 84.3 99.8 111.8 124.1 139.7 158.1 173.6 180.8 184.7 173.2 164.8 135.2 121.3 108 89.3 77.2 78.5 96.4 99.8 97.8 103.6 105.9 99 114.5 113.2 115.4 121.6 124.1 116.6
44.9 43.5 41.3 43.1 42.6 41 41.3 40.4 40.2 40.5 42.3 42.8 42.2 38.5 38.5 38.5 38.5 41.9 43.2 46.8 48.2 50.4 50.4 43.9 39.2 39.3 40.7 40.6 39 37.2 37.8 36 34.7 34 42.6 51.9 47.4 43.2 41.3 38.7 39.4 33.2 27.8 27.8 34.3 34.6 35.3 27.8 35.1 36.8 38.7 42.8 55.5 61.6 65.2 71 74.5 91.2 109 123 139.4 156.8 180.1 197.5 213 222.3 202.3 181.8 152.2 128.3 114.5 99.8 87.1 84.7 111.5 114.7 109.2 116.5 112.5 104.8 118.1 119.4 118.7 121.2 127.7 118.1
45.1 42.6 41.9 41.8 42.2 42.2 42.2 42.2 41.1 41 44.2 44.4 42.2 38.5 38.5 38.5 38.5 42.3 45.1 48.5 47.2 46.7 48.8 44.1 40.7 43.1 43.1 42.6 40.5 35.9 37.5 35.3 34.6 27.8 41.1 44.5 45.8 42.9 39.6 36.9 34.4 27.8 27.8 33.1 36.8 37 30.4 27.8 38.6 38 39.7 45.6 55.4 62.1 67.1 72.5 84.4 100.7 117.5 133.8 154.8 176.5 195.3 218 234.5 235.7 215 191.5 168.8 137.7 124 108.8 93.9 91.7 115.6 128.9 119.8 119.2 118.7 110.3 109.8 120.7 121.1 123.3 130.6 121.7
45.3 43.3 41.3 41.4 41.4 42 44.4 42.6 41.9 42.2 47.2 46.1 41.3 38.9 38.5 39.3 43.3 44.1 45.6 46.9 45.9 46.6 47.8 44.2 44.4 47 47.2 43.5 44.7 34 27.8 27.8 27.8 27.8 34.4 39.2 42.4 38.5 40.4 27.8 27.8 27.8 27.8 27.8 39.6 39.4 35.6 35.2 37.5 38.4 40.5 46.3 56.5 68.1 76.8 76.8 93.4 112.4 128 145.3 165.9 189.2 209.2 234.6 246.6 242.8 229.3 205.1 173.5 151 129.6 108.6 107 104.7 122 132.2 126.9 122.5 121.3 114.2 112.8 123 123.6 124.8 131.5 125.3
45.5 43.3 40.8 40.7 41.4 42.1 46.2 43.7 41.5 41.9 50.4 45.4 41 39.6 40 42.5 43.4 45.6 47.6 48 46.9 46.8 46.6 45.9 45.9 46.9 47.5 42.2 41.8 27.8 27.8 27.8 27.8 27.8 27.8 27.8 33.7 27.8 38.1 27.8 27.8 27.8 27.8 27.8 47.8 40.7 35.8 35.5 39.7 39.2 41.4 47.6 57.9 73.7 82.9 85.5 103 123.2 141.3 155.4 174 195 219.2 247.4 262.9 251.9 244.4 221.4 199.1 175.5 137.1 119.2 121.9 124.1 126.9 140.7 133.9 126.6 122.8 120.5 116.8 119.7 127 127 126.8 122.8
45 43.3 42.6 40.7 41.5 41.8 45.4 43.1 41.7 42 48.7 44.7 40.6 39.6 40.7 42.6 44.5 44.8 47.2 47.8 48.7 46.5 47.2 46.5 47.9 47.7 45.5 39.7 39.5 28.1 27.8 27.8 27.8 36.7 27.8 27.8 27.8 27.8 27.8 27.8 27.8 27.8 27.8 28.6 40.7 41.8 36.1 36.4 41.6 40.6 42.9 50 60.1 71.4 84.8 91.9 111.2 131 150.7 164.3 181.3 200.4 226.6 254.6 265.6 258.5 248.5 238.1 217.8 195.3 157.5 143.8 143.3 140.5 126.6 144.3 144.2 132.8 125 123.5 121.7 119.9 127 127.3 122.4 116.3
44.9 44.3 44.2 42.7 40.6 40.5 43.4 40.1 39.9 42.8 43.5 42.3 40.2 39.4 39.8 43 45 44.3 49.3 47.3 45.6 46.5 47.2 47.4 48 45.9 42.6 38.3 37.1 31.4 27.8 27.8 27.8 27.8 27.8 27.8 27.8 27.8 27.8 27.8 27.8 33.8 27.8 38.2 40 39.9 36.6 37.6 41.7 41.8 44.9 51.6 61.9 71 83.2 98.7 116.3 136.4 158.5 169.4 184.7 204.2 229.6 255 268.8 264.2 256.7 252.2 229.2 206.3 175.8 163.5 158.3 149.7 130.6 143.2 145.6 136.1 124.9 121.9 119.9 119.7 125.6 126.6 115.9 104.3
44.8 45.7 45.4 43.2 41.1 39.9 39.1 38.4 38.8 39.4 39.6 40.3 39.2 39.1 39.6 40.6 43.4 43.5 49.1 47.4 44.5 45.1 47 51.1 47.4 47.4 44 38.3 36.2 32.3 27.8 27.8 27.8 27.8 27.8 27.8 27.8 27.8 27.8 27.8 27.8 27.8 37 40.7 40.7 38.7 37 36.7 39.4 42.4 47.6 53.8 63.2 73.3 83.4 105.6 125.6 144.7 162.5 172.5 185.9 208.8 230.9 252.4 270.9 270.8 262.3 259.4 241.9 217.1 202.4 186.4 177.5 155.1 132.6 134.8 142.9 136.6 126.8 120.5 119.2 118.6 117.9 119.5 112.4 100
46.5 46.2 45.2 43.5 41.4 39.6 38.1 36.9 37.4 38.4 38.7 39 39.3 39.2 39.3 40 41.5 42.7 44.9 47.3 43.5 43.5 45.5 49.8 45.1 42.3 38.9 36.9 35.6 29.5 27.8 27.8 27.8 27.8 27.8 27.8 27.8 27.8 27.8 27.8 27.8 27.8 40.4 48.6 42.3 38.6 37.8 37.3 39.5 46.4 48.7 56.5 68.9 76.3 88.7 105.5 133 148.3 158.8 175.2 189.6 210.6 229.6 248.9 267.8 273 270 263.4 252.6 232.8 210.2 204.9 182.4 156.7 136.9 130.4 135.2 132.9 123 120 118.1 118.4 113.9 114.1 108.3 100.6
44.1 45.7 47 45.1 41.7 39.7 37.7 37.4 35.8 37.2 37.7 38.1 39.8 38.5 39.7 41.3 41.7 41.6 42.5 43.6 43.5 43.5 45.3 45 43.7 41.1 36.7 38.1 34.9 32.2 27.8 27.8 27.8 27.8 27.8 27.8 27.8 27.8 27.8 27.8 27.8 27.8 36.5 44.4 42.7 39.3 38.8 38.2 41.3 48 50.6 61.9 72.6 83.6 97.2 107.8 129.4 145.8 159.2 173.4 185.8 208.3 228.4 243.8 262.6 273.7 278.1 271.4 257.8 242.5 226.2 208.7 183.2 160.8 143 127.6 128.1 130.6 121.7 116.6 115.3 117.7 110.2 112.1 105.3 97.7
43.6 45.5 48.3 45.8 41 39.8 37.7 35 35.2 34.8 36.8 37.6 39 37.8 40 44 41.8 41.3 41.9 41.9 43.1 43.4 44.2 44.3 43.8 40.8 35.7 30.7 35.5 28.9 27.8 27.8 27.8 27.8 27.8 27.8 27.8 27.8 27.8 27.8 27.8 27.8 27.8 40.5 41 39.3 39.1 38.8 41.9 48.1 53.2 65.8 76.8 92.4 104.6 109.3 122.3 140.3 153.5 164.9 178.1 198.8 219.6 235.3 250.9 262.4 264.4 262.5 254.7 242.4 225.9 205.2 182.8 168.7 144.8 126.5 120.3 123.3 117.4 112 109.9 109.5 104.9 103.3 98.4 96.1
42.8 48.8 47.5 43.8 40.7 39.7 38 36.2 27.8 27.8 35.5 37.2 37.1 36.1 38.8 43.2 42.3 41.1 41.8 41.8 42.2 43 43.3 43.9 42.6 39.2 35.4 27.8 28.1 27.8 27.8 27.8 27.8 27.8 27.8 27.8 27.8 27.8 27.8 27.8 27.8 27.8 27.8 35.2 38.1 38.4 38.6 38.9 41.6 47.3 52.5 66.2 78.7 95.4 103.3 112.4 122.7 132.4 143.5 157.4 169.3 185.9 206.2 226.1 238.3 248 252.3 249.8 245.9 239 219.3 200.2 181.4 162 137.2 120.6 113.6 111.6 109.3 106.8 103.5 101.9 97.8 93.9 92.2 88.5
40.3 49.2 45.4 43.9 40.6 39.5 37.9 36.1 27.8 27.8 36.4 37.5 36.7 35.4 36.8 38.6 40.2 40.3 42.6 41.7 41.1 42.2 43.1 44.3 39.4 36.9 27.8 27.8 27.8 27.8 27.8 27.8 27.8 27.8 27.8 27.8 27.8 27.8 27.8 27.8 27.8 27.8 27.8 27.8 35.5 36.8 37.2 38.4 41.7 45.7 51.5 63.6 78.5 90 101.5 109.4 119.1 129.8 137.6 148.8 161.3 170.7 189 208.6 221.7 232.7 235.7 233.1 226.8 220.2 205.5 191 168.5 149 136.4 124.1 113.1 108.1 107 110 105.7 103 98.9 94.1 83.1 81.9
38.9 41.3 42.7 43.1 40 38.5 37.6 35.6 27.8 31.7 37.4 37 36.3 33.7 34.7 38.6 39.4 39.9 41.8 40.6 37.8 40.8 41.5 38.4 36.5 27.8 27.8 27.8 27.8 27.8 27.8 27.8 27.8 27.8 27.8 27.8 27.8 27.8 27.8 27.8 27.8 27.8 27.8 27.8 27.8 35.5 36.1 39.2 41 46 51.6 60.8 73.6 85.4 95 103.5 113.4 126.1 133.4 142.8 156 163.4 171.5 185.4 199.5 211.9 217.6 217.5 213.9 209.3 198.7 187.9 170.3 157.1 144.2 136.1 123.6 110.6 109 110 107.2 103.3 99.6 91.9 81.2 77.8
35.1 37 36.7 39.2 38.4 38 36.7 34.6 27.8 34.2 36.8 36.4 35.8 27.8 36.8 38.3 39.4 39.2 39.3 39.1 36.5 37.2 37 35.3 27.8 27.8 27.8 27.8 27.8 27.8 27.8 27.8 27.8 27.8 27.8 27.8 27.8 27.8 27.8 27.8 27.8 27.8 27.8 27.8 27.8 35.1 36 39.2 43.7 49.5 54.9 62.7 70.6 80.8 90.6 98.8 107.4 117.9 126 132.5 140.7 149.5 156.9 170.4 184 197.2 205.4 207.4 205.2 200.2 197 190.8 176.7 166.4 153.8 146.4 136 122.7 109.9 108.6 105.7 103.2 99.6 89.8 77.5 76.4
27.8 27.8 27.8 27.8 36 36.9 35.2 27.8 27.8 27.8 34.3 27.8 27.8 27.8 36.1 36.3 35.5 35 27.8 35.1 27.8 27.8 27.8 27.8 27.8 27.8 27.8 27.8 27.8 27.8 27.8 27.8 27.8 27.8 27.8 27.8 27.8 27.8 27.8 27.8 27.8 27.8 27.8 27.8 27.8 36.1 37.2 40 44.1 48.4 54.5 62.5 69.5 79.3 90 98.2 110.5 119.6 128.9 132.8 138.9 140.8 148.8 158 168.5 181.7 188.9 193.5 192.4 189.9 188.3 184.8 177.9 167.7 162.2 153.9 144.8 133.5 118.5 108.9 103.2 97.9 92.9 83.3 76.6 74.1
27.8 27.8 27.8 27.8 27.8 27.8 27.8 27.8 27.8 27.8 27.8 27.8 27.8 27.8 27.8 27.8 27.8 27.8 27.8 27.8 28.6 27.8 27.8 27.8 27.8 27.8 27.8 27.8 27.8 27.8 30.1 34.5 27.8 27.8 27.8 27.8 27.8 27.8 27.8 27.8 27.8 27.8 27.8 27.8 27.8 36.8 37.2 40.8 45.9 50.5 54.8 61.1 70.8 81.2 89.8 101.3 119.5 130 138.7 144.2 144.1 144.7 148.3 153.1 156.3 159.9 166.3 171.1 168.5 166.3 167.3 166 164.8 161.6 160 160.8 150.1 141.7 125 110.6 103 95.6 88 81.3 75.1 70.6
27.8 27.8 27.8 27.8 27.8 27.8 27.8 27.8 27.8 27.8 27.8 27.8 27.8 27.8 27.8 27.8 27.8 27.8 27.8 27.8 27.8 27.8 27.8 27.8 27.8 27.8 27.8 35.2 35.4 34.5 33.7 35.9 35 27.8 27.8 27.8 27.8 27.8 27.8 27.8 27.8 27.8 27.8 27.8 27.8 28.6 37.3 40.9 46.4 50 54.7 62.4 70.9 80.4 90 107.1 123.5 136.5 143.6 147.2 146 147 149 151.9 152.7 150.7 151 153.7 153.3 153.2 152.4 151.7 156.2 160.2 163.3 156 144.5 136.7 132.1 108.4 106.2 93 86.6 84.2 71.9 68.3
27.8 27.8 27.8 27.8 27.8 27.8 27.8 27.8 27.8 27.8 27.8 27.8 27.8 27.8 27.8 27.8 27.8 27.8 27.8 27.8 27.8 27.8 27.8 27.8 27.8 27.8 27.8 37.9 41 39.7 38.4 37 31.7 27.8 27.8 27.8 27.8 27.8 27.8 27.8 27.8 27.8 27.8 27.8 27.8 34.3 38.5 40 44.6 49.1 54.7 63.2 71.8 80.2 90.3 106.9 120.4 136.4 143.2 143.8 143.8 145.6 147.5 150.1 149.6 149.5 150.1 145.2 144.4 146 143.8 144.1 145.6 149.3 150.7 144.9 136.4 133.2 121.5 101.4 94.8 84.4 83.8 80.6 66.3 67.3
27.8 27.8 27.8 27.8 27.8 27.8 27.8 27.8 27.8 27.8 27.8 27.8 27.8 27.8 27.8 27.8 27.8 27.8 27.8 27.8 27.8 27.8 27.8 27.8 27.8 27.8 34.5 39.5 41.7 41.6 41 38.6 33.1 27.8 27.8 27.8 27.8 27.8 27.8 27.8 27.8 27.8 27.8 27.8 27.8 30.6 38.7 40.2 44.7 49.1 55 63.1 70.9 79.4 87.6 104 115.2 129.7 135.8 139.8 143.2 144.3 146.4 152 148.5 145.1 148.5 143.6 139 136.2 134.1 135.3 140.5 138.1 136.7 136.7 128.4 114.6 100.4 86.5 78.3 72.7 73.8 68.1 61.4 66.4
27.8 27.8 27.8 27.8 27.8 27.8 27.8 34.8 27.8 27.8 27.8 27.8 27.8 27.8 27.8 27.8 27.8 27.8 27.8 27.8 27.8 27.8 27.8 27.8 27.8 27.8 35.7 40.1 42.3 42.7 42 40.2 36.7 27.8 27.8 27.8 27.8 27.8 27.8 27.8 27.8 27.8 27.8 27.8 27.8 35.4 37.8 39.8 43.7 47.6 54 60.3 70.7 78.7 87.2 99.3 109.4 120.2 127.2 133.9 140.8 141.8 144.7 146.1 141 136.3 137.2 139.5 137 127.9 123.2 122.3 125.6 121.5 115.6 114.7 104.1 95.1 85.6 74.6 67.3 62 57.5 55.9 54.2 66.2
27.8 27.8 27.8 27.8 27.8 27.8 27.8 36.8 28.2 27.8 27.8 27.8 27.8 27.8 27.8 27.8 27.8 27.8 27.8 27.8 27.8 27.8 27.8 27.8 27.8 27.8 40.6 42.8 45.3 44.3 43.1 41.3 37.7 27.8 27.8 27.8 27.8 27.8 27.8 27.8 27.8 29 27.8 27.8 27.8 27.8 36.8 39.2 42.7 46.6 53 62.3 69.1 78.5 86.3 95.2 105.2 109.7 116.4 126.7 129.8 131 142 138.7 132.1 128.9 130.9 131.3 129.6 124.4 118.7 113.3 110.2 109 104.7 98.8 91.3 81.6 67.3 60.1 53.3 48.9 46.9 47.3 48.5 54.8
27.8 27.8 27.8 27.8 27.8 27.8 27.8 36.7 35.7 27.8 27.8 27.8 27.8 27.8 27.8 27.8 27.8 27.8 27.8 27.8 27.8 27.8 27.8 27.8 27.8 37.3 45.7 45.8 46.8 46.6 44.9 42.4 39.2 35.2 27.8 27.8 27.8 27.8 27.8 27.8 27.8 36 27.8 27.8 27.8 27.8 38.1 39.6 42.4 46.8 51.8 59.2 65.1 74.2 83.2 89.7 96.6 102.9 105.7 110.9 116.2 118.7 122.9 121.3 118.5 118.2 117.6 116.3 115.9 114.9 110.5 106.5 100.2 92.3 81.6 74.6 70.7 61.9 55.9 51.1 49.1 48.4 48.6 47 41.7 38.2
27.8 27.8 27.8 27.8 27.8 27.8 27.8 27.8 30.3 27.8 27.8 27.8 27.8 27.8 27.8 27.8 27.8 27.8 27.8 27.8 27.8 27.8 27.8 27.8 27.8 40 43.6 46.6 48.4 48.2 46 43.7 41 36.1 27.8 27.8 27.8 27.8 30.5 35.9 35.9 36.3 34.2 27.8 27.8 27.8 36.6 39.8 42.6 46.7 49.5 55.8 61.7 68.5 73.7 76.8 83.1 92.4 94.6 101 105.2 107.6 107.5 106.3 103.4 102.1 99.3 97.9 97.8 99.5 101.5 102.1 100.2 95.1 82.1 70.5 65.3 60.7 59.8 58.7 58.4 63.3 62.6 60.5 52.8 50.7
