Game/Highland_Data/StreamingAssets/GeoData/Data/nb/NB30.asc
ncols 200
nrows 200
xllcorner 130000
yllcorner 900000
cellsize 50
[rows 37 to 73 of 200, columns 0 to 81 of 200]
281.3 281 277.4 274 273.1 273.8 272.8 270.7 272.9 273.5 247.7 227.2 214.6 203.5 202.4 205.4 206.3 206.8 205.5 206.4 206.5 205.7 198.2 191.3 188.1 188 186.2 182.2 179.6 167.5 158.4 147.6 139.3 133.7 135 134.2 135.2 134.4 127.9 130.3 138.6 147.7 150.2 157.7 164.1 170.8 175 179.8 183.8 187.5 192.1 196.8 197.8 204.6 210.8 215.6 222.7 224.6 206.1 188.4 174.1 167 160.4 152.8 139.6 134.7 136.1 134 131.6 131.1 131.9 128.9 133.8 132.6 132.8 142.9 148.5 153.3 155.4 158.5 164.1 169.6
270.5 265.5 260.7 256.3 255.1 255.2 254.8 257 256.5 256.1 239.4 226.2 215.4 203.8 201.2 205.5 204.1 204.5 202.1 202.5 203.1 202 194.7 191.5 189.9 184.5 183.2 176.8 173.6 164.2 156.6 148.9 140.3 135.5 135.3 136.8 133.7 130.9 127.9 127.9 143.2 147.5 151.7 159.3 166.2 173.3 179.2 183.8 188 193.2 198.7 202.5 206.6 211.3 219.1 221.9 222.1 218.3 208.1 197.5 182.2 172 167.3 157.6 147.6 143.1 143.8 143.8 140.3 135.7 136.1 136.4 136.4 140.9 143 148.5 155.5 162 165.4 163.3 168.4 173.1
264.6 260.3 254.2 243.4 238.1 236.4 237.9 238.2 237.6 236.8 235.5 226.8 213.9 195.3 193.3 199.9 201.1 200.8 198.5 198.3 201.1 201.9 190.9 189.5 187.7 181.8 176.9 173.2 173.4 162.7 156.8 146.7 140.3 136.8 136.6 138 127.9 127.9 127.9 127.9 141 147 153.2 160.8 168.5 175.5 182.1 187.3 193.6 198 202.8 209 213.8 221.1 228.1 231.1 227.9 219.6 212 203 189.5 183.1 173.4 163.8 156.3 153.7 152.6 151.2 147.9 144.7 141.6 141.2 144.5 146.4 149.1 152.1 158.1 165.7 168.9 171.9 172.7 174.8
262.1 257.9 256.1 256.8 258.2 255.1 245.8 229.4 218 220.6 220.7 217.3 206.7 192.3 188.7 191.2 196.7 195.8 193.9 193.3 191.5 191.9 185.9 186.9 185.6 178.7 173.7 170.4 172.8 160.3 157.9 150.3 141.9 141.5 139.9 136.4 127.9 127.9 127.9 130.4 138.7 146.2 151.7 160.1 168.8 177 184.8 191.5 197.2 204 210.5 220.1 225.5 233.1 235.9 238.4 234.9 221.3 215.1 207.2 199.7 191.3 182.8 175.8 167.4 163.6 159.1 157.2 151.9 149.8 146.7 147.7 149.2 151.6 154.7 158.3 163.5 169.7 176.5 178 177.7 175.5
266.6 264.7 267.9 271 274.3 273.2 269.9 263.8 251.4 237.1 205.2 196.9 196.1 187.8 184 184.7 187.9 189 186.2 183.7 181 184.3 182.4 182.3 178.3 176.1 173 169.5 166.9 160.9 159.9 155.6 152 145.4 141.6 137.3 127.9 127.9 127.9 127.9 135.8 143.3 149.9 156.6 166.4 176.3 185 193.7 202.3 211.4 222.8 232.3 238.2 244.2 241.7 241.1 237.6 228.1 220.6 214 207.5 199.5 191 183.9 178.5 171.7 166.2 161 157.3 153.4 154.2 153.1 152 156.4 159.1 164.8 169.3 173 182 186.7 183.1 179.5
275.9 276.7 281.3 286.5 290.1 293.5 290.4 282.8 274.8 254.9 232.6 212.7 195.1 188.1 184.5 183.1 180.8 179.7 177.6 177.9 178.2 177.6 176.3 176.4 174.3 174.6 171.6 168.2 170.3 171.4 173.1 168.6 161.7 156.3 147.4 138.1 127.9 127.9 127.9 127.9 136.6 142.4 147.2 152.2 161.9 174.3 183.2 193.7 206.8 218.4 232.3 241.5 247.4 250.5 244 241.8 239.2 234 228.7 221.9 214.5 206.3 199 190.4 184.9 178.7 173.5 169.5 163.5 160.6 159.2 159 156.8 161.6 165.5 170.4 175.2 178.3 182.8 186.7 187.2 186.6
292.3 291.8 297 303.2 307.4 311.8 312.8 308.7 281.5 265.7 241.7 216.8 200.2 192.1 183.9 182 180.1 176.5 175.3 177.9 180.9 180.9 180.6 179.2 175.8 172 171.7 171 174.1 173.7 171.9 176.2 178.1 167.2 148.9 138 127.9 127.9 127.9 138.1 141.2 140.8 144.7 151.2 159.9 170.8 180.5 193.4 207.5 222.8 235.9 243.8 247.8 248.4 246 243.1 241.8 239 235.8 228.8 221.9 214.5 205.1 198.5 192.6 186.1 180.3 176.1 169.8 167.2 164.9 163.7 159.8 165.8 170 175.2 178.8 180.5 184.5 190.4 193.4 193.9
310.1 308.6 312 321 322.8 325 325.9 318.4 300.3 279.4 257.7 226.5 208.3 196.3 185.7 179.2 176.5 175.3 175.3 181.3 182.7 182 181.8 180.1 177.1 176.6 175.3 172.1 170.3 169.8 166.2 170.7 166.9 164.7 144.4 136.9 133.1 127.9 135.3 138.1 142.5 142.6 143.9 150.8 157.6 163.3 172 187 204.3 223.9 235.6 244.6 245.8 246.3 244.9 243.4 241.6 242.4 240.4 236.1 231.7 221.9 214.9 208.9 202.2 193.7 188.7 183.6 177.1 175.9 172.6 170.4 167.4 169.4 172.2 177.6 182.7 188.1 192.1 197.9 202.7 204.2
329 327 332.4 339.6 343.5 345 342.5 336 315.2 292 267.1 236.9 220.2 204.6 189.4 176 175.3 175.3 175.3 183 185 185.5 185.7 182.4 184.2 177.7 175.3 172.6 168 165.6 162.8 162.9 162 154.2 141.2 134.5 135.5 136.8 139.8 144.3 146.2 144.6 145.5 146.4 151.2 155.5 164.3 177.3 198.1 213 231.7 242 243 244.8 244.2 243.3 244.3 244.4 244.7 243.2 239.6 233.9 224.9 217.7 210.5 202.2 195.1 189.8 184.7 181.7 177.5 175.6 178.1 178.1 181 184.1 186.1 191.8 198.3 205.1 209.5 210.1
339.4 345.5 358.3 366.7 362.9 358.1 344.8 325.1 313.6 300.3 281.4 252.3 225.8 209.8 193.3 175.3 175.3 175.3 175.3 183.6 187.8 190 191.5 189.2 186.2 179.8 175.6 169.5 165.4 163.2 163.8 160.2 155.5 149.1 140.3 136.7 136.1 138.8 144.2 150.1 151.1 149.5 146.3 144.9 143.9 151 158.2 167.8 188.2 201.1 222.1 234.9 241.2 241.3 241.5 243.5 246.4 248.1 249.2 248.7 247.5 242.8 233.1 226 218.3 208.9 202.2 196.5 192.4 187.5 183.9 180.3 184.1 186.4 188.8 191.5 193.8 196.5 204.9 211.4 214.3 217.7
353 363.8 375.7 374.2 371.8 363.9 343.3 321.5 315.3 301.6 279 256.4 232.3 213.7 197.1 178.7 175.3 175.3 175.3 182.4 189.8 192.3 194.2 194.4 191.1 187.5 180.3 171.2 166.6 163.5 158.1 158.2 152.3 148.7 140.8 139.1 140.8 144.6 148.2 154.6 159.4 150.1 146.2 143.1 142 142.9 147.4 155.6 170.6 193.4 213 227 234.4 235.5 240 243.7 247.7 250.8 252.7 253.8 253.5 250.1 243.4 232.5 224.1 217 208.5 202.3 196.8 193 188.3 189.2 191.5 192.6 196 197.9 200.5 205.4 210 215.7 220.5 224
364.4 380 384.2 376.9 369.7 359.6 338.7 316.7 304.8 298.5 280.2 263.5 236.4 212.4 192.3 181.2 175.3 175.3 175.3 181.9 189.9 194.7 198.1 199.7 198.9 197.6 192.2 182.9 174.3 164.2 156.6 157.6 153.4 148.4 143 145 148.2 152.5 157.6 162.4 156.2 149.8 143.5 140.8 141.1 139.9 140.3 147.2 159.4 182.1 204.1 216.5 225.5 232.7 240 245.7 249.2 253.5 256.2 258.2 259.9 258.4 254.4 243.3 232.3 222.6 214.4 207.1 202.1 198.1 197.7 196.5 198.2 199.8 203.2 204.5 208.3 211.4 216.5 222 228.4 231.1
373.8 381.6 384.4 376.4 368.3 351 333.2 320.7 307.8 290 279.9 251.7 228.6 203.5 191.1 182.9 175.3 175.3 183.3 185.8 191.1 194.7 200.5 209.6 206.8 211.6 213.7 194.6 181.6 171.2 165.8 161.9 158.9 154.7 154.3 156.2 161.1 165.9 166 161.6 155.1 147.8 140.5 137.9 138.6 137.5 131.5 137.3 148.9 167.4 186.3 210 225.7 235.5 241.7 248 252.9 255.7 259.4 263.9 266.5 267 263.4 255.5 242.2 231.3 221 212.7 207.8 204.4 204.7 204.5 205.5 209.7 212 214.6 217.5 219.6 221.6 228.3 231.9 231.4
377.8 382.5 387.4 375.2 359.5 339.2 329.6 315.3 302.9 280.9 257.7 243 224.1 207.1 195.9 192.9 190.3 185.5 186.9 189.9 194.8 195.1 199 205.7 212.1 213.5 214.8 207.5 188.2 176.7 170.3 166.4 159.9 161.2 162.6 169.6 171.7 173.2 171.7 164.1 152.5 143 137.1 133.5 131.2 127.7 126.1 130.4 137.9 155.3 185.1 215.9 226.6 238.5 245.8 250.8 254.8 259 264.4 269.1 272.2 273.9 269.9 262 251 238 226.7 219 214.8 212.4 211.4 211.8 214.5 215.5 220.1 223.3 227.2 231.1 234.8 235.4 235.5 232.8
380.9 378.2 378.7 365.2 348.4 336.4 326.8 320 307.8 291.6 281.8 259.7 238.6 218 201.6 194.4 199.5 202.6 192.2 193.8 194.1 194.2 198 202.5 213 212.5 216.5 223.9 208.9 187.5 176.4 167.5 168.1 166.5 171.7 174.3 178 180 177.9 173.3 165 153.5 142.4 130.4 124.7 124 125.5 131.2 135.9 145.7 171.6 203.3 222.6 238.2 244.8 253.5 260.2 263.7 269.1 274.8 278 278 273.7 267 257.1 244.1 233 227.2 220.3 219.4 220 220.2 222.2 225.9 228.9 232.3 234.9 239.3 242.4 240.3 239.3 237.2
386 380.8 372 365.4 355.9 343.4 340.2 328.4 324.8 316 309.5 289.7 253.2 221.5 203 189.4 193 208 191.8 194.7 197 193 197 201.3 204.1 209.2 205.4 226.5 212.5 188.1 179.9 174.5 173.1 172.6 176.8 182.2 182.1 187 187.7 184 179.1 164.1 152.5 138.8 128.4 124.1 124.6 126.3 127.7 140 158 189.6 215.2 231.3 244.2 255.7 262.2 267.4 272.5 278.6 280.7 279.9 274.8 268.4 258.8 248.6 239.3 231.8 228.5 225.7 225.3 227.7 230.8 232 236.5 239.9 243.9 249.8 251.6 250.3 249.3 247.6
401.5 391.9 383.3 378.6 369.7 353.6 342.9 332 328.5 320.1 311.6 290.4 263.5 235.6 200.4 185.1 181.3 184.7 185.5 202.7 203.1 193.9 194.5 200.8 196 197.7 201.8 195.4 196.2 191.2 181 179.7 179.6 179.9 182.4 184 186 190.3 194.1 190.7 186.7 177 160.4 143.2 132.8 126.7 123.1 124.9 129.1 132.3 150.6 179.3 207 226.3 240 255 265.6 272.2 277.7 281.8 282.7 280.9 274.2 268.7 261.1 251.5 242.3 236.1 234.6 233.2 232 233.9 236 240.4 244.7 248.7 256.2 256.5 259.3 257.4 260.3 260.9
410.9 405.5 397.6 389 377.4 366.8 359.9 348.7 328.7 302.2 296.6 284.7 262.5 238.2 198.7 178.2 168.7 176.4 179.7 196.9 201.3 195.1 188.2 188.9 190.5 187.1 187.9 185.1 186.6 183.9 183 183.1 185 186.6 188 188.3 187.6 192.5 200.8 200.5 191.4 185.2 170.4 155 137.9 130.6 123.2 123.5 128.5 132.9 143.8 167.6 198 219.8 238.9 250.1 267.4 276.4 280.5 283.3 282.9 282.5 276.8 269.7 262 254 248.9 243.1 240.1 239.3 238.6 239.2 242.9 249 254.8 260.5 267.4 269.8 270 269.5 269.3 269.4
424.6 417.9 407.7 397.1 382.1 377.4 372.7 369.3 359 325.7 289 267.1 240.1 227.4 189.3 174 167.9 165.8 173.2 197.7 202.7 195.6 184 181.5 183.5 178.6 178.6 178.6 178.6 187.2 178.6 179.6 190.3 192.6 192.3 193.1 193.7 194 199.6 203.3 197.5 191.6 181.2 165.6 145.3 134.9 125.7 120.2 124.6 131.2 141.9 156.6 188.9 215.5 238.4 253 264.8 276.6 281.5 281.6 283.4 281.4 275.6 270.9 263.3 257.6 253.2 250.6 247.1 246.4 247.9 248.5 252.7 259.4 266 271.4 278 281.5 281.8 284 286.2 283.4
430.8 422.6 409.2 395.9 387.5 386 381.8 373.2 362.1 335.2 302.9 268.3 251.1 221.4 189.9 173.3 164.1 160.3 166 187.4 189.7 194.5 186.8 178.6 178.6 178.6 178.6 178.6 178.6 178.6 178.6 178.6 193.4 195.8 197.4 199.4 199.9 199.9 199.8 202.2 199.8 196.2 191.9 169.6 151.3 140.9 129.9 120.4 121 125.7 133.7 152 178.9 206.7 239.3 258.8 268.6 279.3 283.4 283.8 281.1 277.9 274.3 270.8 264.4 261.4 259 257.5 254.8 254.4 256.4 259.6 263.9 270.9 278.5 283.6 288.2 295.8 300 299.7 301 298.9
434.2 424.2 412.7 409.4 409.9 401.5 387.9 381.8 369.1 346.1 312.9 277.5 255.8 232.4 186.3 170.5 163.1 159.2 161.3 175.3 182.4 187.6 197.1 178.6 178.6 178.6 178.6 178.6 178.6 178.6 178.6 179 191.6 197 201.2 202 203 203 204.8 205 205.5 200.2 184 164.1 147.6 138.2 129.6 121.5 120.9 126.2 129.8 141.6 165.9 194.4 224.1 250.1 265.6 279.5 280.7 283.4 281.5 277.6 274.3 271.3 266.2 265.7 266.4 266.7 266.8 263.1 265.4 269.6 277.8 283.1 288.8 295.1 303.6 309.4 313.8 316.1 312.2 309.7
438.5 431.7 432.4 429.3 424.2 414.8 395.2 380.3 373.2 350.7 335 308.5 264 239.2 192 170.1 160.9 157.3 156.6 167.6 181.5 186.2 196.1 178.6 178.6 178.6 178.6 178.6 178.6 178.6 178.6 178.7 197.8 203.6 208.7 207.1 207.6 209.8 209.8 211.4 217.1 210.7 197.5 166.5 147.6 138.8 133.2 120.8 119 127.4 135.6 139.7 154.7 183.4 212.3 244.1 258 270.5 277 282 278.7 275.1 273.5 272.8 271.9 271.6 274 275 277.4 278.4 276.8 282.2 288.3 294.7 299.7 307.6 314.4 321.9 325.9 329.1 328.6 324.8
444.1 443.6 447.7 451.1 442.8 424.1 399.5 378 370.3 354.7 342.3 316.7 280.3 235.1 197.8 173.7 164.9 160.7 156.4 157.7 178.2 186.9 199.3 178.6 178.6 178.6 178.6 178.6 178.6 178.6 178.6 185 202 212.8 214.1 213.1 211.2 215.1 214.9 214.1 214.5 211.3 203.5 174.9 153.5 137.6 131.5 117.8 113.5 122.6 133.9 137.1 148.1 170.7 203.6 228.8 250.5 262.1 271.7 275.1 277 274.4 273.8 272.9 276 276.6 280.1 285.4 290.5 292.4 294.4 297.8 301.6 307 314.5 321.7 329 334.5 335.9 339.6 338.2 335.9
447.6 450 453.9 459.2 456 432 409.8 379.2 366.4 362 352.3 339.3 288.4 235.4 208 175.9 166.1 162.2 153.6 157.2 168.8 179.1 184.5 178.6 178.6 178.6 178.6 178.6 178.6 178.6 178.6 185.6 200.7 214.1 223.4 226.4 216.4 215.7 220.2 213.4 209.7 205.9 190.5 174.1 162 143.9 137.6 119.5 105.7 112 117 131 139.1 159.3 191.2 224.5 253.3 254.1 267.9 275.2 274.9 275.8 274.8 275.6 278.7 282 287 295.6 299.8 305.5 308.7 310.6 313.6 318.1 327 335.2 340.6 343.6 342.4 346.8 343.4 335.5
447.7 453.2 458 469.3 461.2 438.5 411.7 394.4 368.4 356.9 356.3 343.2 304.6 243.5 219.9 182.5 168.3 163.3 146.7 155.5 167.6 176.6 185.8 178.6 178.6 183.3 178.6 178.6 178.6 178.6 178.6 178.6 195.7 212.9 232.9 220.2 215.9 219.2 220.4 214.6 208.3 203.7 192.2 177.9 166.5 146.9 134.9 122.6 106.6 101.5 105.4 111 122.1 143.1 174.9 207.6 238.5 250 261.9 267.8 275.3 277.2 278.6 278.9 282.1 288.2 295 302.8 311 316 319.2 320.2 324.3 333.8 339.1 347 350.2 350.7 350.2 347.5 346.5 333.2
446.5 451.8 461.5 463.9 459 432.6 415.9 398 371.9 354 341.4 334.3 304.6 247.5 225.1 195 167.8 153.1 144.5 153.4 163.8 175.9 202.6 189 185.3 190.5 182.1 178.6 178.6 178.6 178.6 184.4 197.4 209.1 219.9 217.6 216 219.4 222.2 215.4 208.8 204.2 190.6 170.3 154.3 140.6 130.5 118.3 106.2 98.2 100.2 107.6 115.2 129.6 160.6 193.3 220.7 238 249.4 265.5 272.9 281.1 281.7 284 286.2 294.2 301.6 311 319.6 325.2 329.7 335 340 346.7 352.8 356 358.8 358 356.3 352.6 347.7 333.6
441.1 446.5 457.8 456.3 443.5 423.9 404.6 396.1 375.6 349.8 342.9 315.9 285.9 248.3 230.7 199.1 167.3 145.9 137.2 149.6 163.1 177.7 182 186.3 185 192.1 184.8 178.6 178.6 178.6 186.7 191.9 200.5 206.8 218 218.7 222.2 224.7 230.8 224.5 211.6 202.6 187.8 171.9 154.2 138.7 123.4 110.3 102.1 94.9 94.9 94.9 104.3 120.6 142.4 170.4 204.9 221.8 237.9 256.4 272.5 281.8 284.4 287 290.9 298.2 308.5 317.5 326.3 335.1 340.2 347.1 353.2 358.1 362.3 365.8 366.6 363.7 360.9 355 349.8 332.8
426.2 436.5 452.6 450.9 435.8 411 389.2 379.6 371 350.8 334.4 306.6 264.6 238.3 221.4 200.4 168.4 142.2 128.4 142.1 155.9 173.9 174.5 185.2 187.6 187.4 187.2 183.4 178.6 184 193.5 196.6 200.6 207.8 217.4 222.3 224.6 228.8 231.7 226.8 215.9 200.8 190.2 172.9 157.4 140.7 121.2 110.9 100.9 94.9 94.9 94.9 96.9 120.9 132.8 154.9 181.3 204.9 228.7 250.5 269.6 279.3 286.4 291.6 295.3 303.1 313.3 323.4 332 340.4 348.2 355.5 361.8 365.9 369 368.8 368.4 364.9 362.5 360.1 350.2 330.5
414.9 426.1 439.4 443.3 430.2 410.1 378.1 366 353.2 340.7 329.3 301.7 252.8 231.1 214.8 183.4 154.2 134.6 115.2 133.3 144.1 163.9 176.4 185 188.6 188 190.3 184.1 178.6 185.8 190.5 198.9 199.3 203.4 211.6 223.6 232.8 241.4 232.5 228.2 216.3 210.3 194.7 180.2 161.7 143.7 126.3 117.6 103.4 94.9 94.9 94.9 94.9 110.5 126.4 147.1 167.2 199.1 219.8 240.8 263.8 277.9 285.1 291.7 298.4 304.2 316.4 327.4 336.9 345 352.5 360.5 367.9 369.3 370.5 368.1 363.9 360.9 359 356.1 351.9 329.4
407.6 410.4 419.2 430.3 425.2 402.5 374.6 352.9 344.2 328.8 303.7 284.8 246.4 220.5 203.5 166.5 146.1 128 110.4 119.7 134 158.3 184.6 196.4 192.2 190.3 190.2 189.7 182.1 184.7 191.6 196.4 202.6 200.6 206.3 224.2 238 247.5 237.8 226.4 220.1 217.3 201.6 181.9 165.9 146.6 125.3 112.9 97.7 94.9 94.9 94.9 94.9 101.3 117.7 140.4 163.2 177.1 207.1 232.6 253.4 275.1 281.8 290.6 298.2 305.9 319.3 330 339.7 346.5 355.1 361.6 365.2 366.5 367.5 364.3 359 354.6 354.3 351.5 348.7 331.3
397.1 399 402.4 398 412.1 390.9 370.9 345.2 333 310 282.4 266.9 234.6 205.1 182 163.6 138.3 120.4 103.8 111.8 130.5 166.7 183.5 196.1 189.5 193.6 184.1 186.5 188.1 186 189.5 192.1 201.9 201.5 201.1 219.8 235.5 244.9 240.6 233.3 229.1 219.1 203.8 180 165.2 148.9 127.4 108.9 94.9 94.9 94.9 94.9 94.9 97.3 115.5 136.3 146.1 165.5 193.9 218.7 242.7 260.5 277.4 289.5 299 306 318.2 331.1 340.9 347.7 353.7 358.2 359.4 359.8 359.8 358.9 353.6 351.3 349 346.9 342.2 330.2
392.5 377 379 371.8 362.9 365.1 348.6 332.8 310.7 286.3 260.3 245.8 222.2 194.1 172.5 152.2 133.9 118.5 99.2 103.2 131.6 152.9 177.1 172.8 177 177.6 184.7 188.7 194.4 190.5 192.3 196 200 204.5 207.5 223.3 238.3 242.3 243.3 237.6 231.7 217.7 203.1 188 165.7 153.2 130.5 109.9 94.9 94.9 94.9 94.9 94.9 94.9 113.4 136 148 156.2 175.9 204 226.8 247.8 268.2 286.6 295.9 305.5 318.7 330.7 339.6 348.4 351.7 353 353.5 354.8 353.2 350.4 349.8 349.2 347.7 344.1 335.4 322.5
387.2 363.7 352.2 346.1 335.2 330.5 324.6 303.3 290 267.8 240.2 226.8 215 186.9 163.3 146.8 132.8 115.7 95.9 98.6 116.5 131.1 139.7 153.9 168.7 180.6 188.2 196.3 204.5 198.1 197.7 203.6 208.9 206.4 213.3 218.6 240.9 250.8 252 243.8 236 225.5 205.9 191.6 173.8 155.3 136.5 113.6 102.8 94.9 94.9 94.9 94.9 94.9 111.7 127.9 150.2 155.3 169.1 190.3 214.4 239 257.7 276.4 292.2 304 314.8 329.3 338.6 345.8 348.1 348.6 349.2 347.1 345.5 343.2 342.8 342.5 338.6 335.7 326.3 314.9
374.2 336.6 327.5 321.9 314.3 304 304 286.3 272.8 252.9 227 210.7 197.3 184.5 162.4 148.2 131.2 117.2 95.8 91.5 98.8 114.2 135.8 153.3 162.4 181 206.6 207.2 206.3 203.4 202.3 208 211.7 212.7 219.1 221.6 235.1 254.8 252.7 244.8 242.5 237.4 218.6 194.8 177.2 155.1 138.1 123.6 112.7 94.9 94.9 94.9 94.9 94.9 110.8 130.5 142.6 157.1 166.4 189.2 209.9 233.2 255.3 268.9 287.4 300.7 312.5 323.9 334.3 339.9 341.3 342.3 342 339.1 334.7 333.2 332.4 330.4 327.6 322.8 315.1 297.6
332.1 316.8 314 304.7 298.8 290.7 287.5 273.6 254.9 243.3 221.6 195.1 187.9 179.9 160 139.5 122.2 115.7 94.1 84.1 94.4 115.9 139.1 151.1 162.1 179.8 203.4 210.8 209.1 209.9 206 212.4 217.1 219.1 218.1 228.5 239.9 241.2 252.8 248.7 252.5 247.6 225.5 195.9 178.3 158.5 140.3 130.7 120.9 104.6 94.9 94.9 94.9 94.9 117.4 130.6 140.2 149.9 162.1 188.2 210 227.8 247.2 269 284.1 295.5 308.1 318.1 325.9 331.1 333.6 334.2 331.4 328.3 325 321.9 319 315.3 313.4 309.6 298.5 281.4
304.7 298.3 296.1 291.7 289 288.1 280.4 268.5 251 239.3 217.1 196 173.4 179.4 152.3 129.9 114.8 108.3 93.8 78.6 93 117.9 132.1 147.5 163.6 184.7 199.3 216.2 216.2 219.6 211 218.4 221.1 219.1 218.4 226.3 229 242.5 245 254.4 253.1 241.8 223.8 198.1 177.2 144.8 134.1 130.3 116.8 104.5 94.9 94.9 94.9 99 116.1 130.4 138.3 144.8 160.2 182.1 208.9 228.6 246.7 266.5 283.1 295.2 305.4 313.3 317.8 320.8 322.3 321.3 318.9 317.2 314.2 310.4 305.5 301.3 297.1 293.9 276.9 253.7
293.3 286.6 282.8 286.9 294.9 291.6 276.5 255 241.8 228.1 206.8 187.6 159.9 154.7 138.9 121.5 105.7 102.8 87.5 73.9 90.2 115.5 129.9 148.8 168.6 190.8 201.4 207.7 226.9 228.5 218.3 223.5 234.7 223.3 224.9 231 220 233.3 250.6 265.8 254.7 209.6 186 159.9 141.8 128.6 125.4 122.1 113.2 109.3 94.9 94.9 94.9 100.7 113.8 124.6 131.5 140.5 157.3 176.9 201.6 225.8 248.9 268 281 294.8 304.1 310.1 313.8 310.7 307.6 306.4 306.6 306 303.3 298.2 290 284.7 279.8 270.2 258.5 242.4
