Game/Highland_Data/StreamingAssets/GeoData/Data/nb/NB41.asc
ncols 200
nrows 200
xllcorner 140000
yllcorner 910000
cellsize 50
[rows 114 to 151 of 200, columns 0 to 83 of 200]
70 61.5 52.5 43 23.3 11.9 -2.1 -2.1 -2.1 -2.1 -2.1 -2.1 -2.1 20.4 32.8 40 51.3 46.8 31.6 -2.1 -2.1 -2.1 -2.1 -2.1 -2.1 -2.1 -2.1 -2.1 -2.1 18.3 9.1 -2.1 -2.1 -2.1 -2.1 -2.1 -2.1 -2.1 -2.1 -2.1 -2.1 -2.1 -2.1 -2.1 -2.1 -2.1 -2.1 -2.1 -2.1 -2.1 -2.1 -2.1 -2.1 -2.1 -2.1 -2.1 -2.1 -2.1 -2.1 -2.1 -2.1 -2.1 -2.1 -2.1 -2.1 -2.1 -2.1 -2.1 -2.1 -2.1 -2.1 -2.1 -2.1 -2.1 -2.1 -2.1 -2.1 -2.1 -2.1 -2.1 -2.1 -2.1 -2.1 -2.1
75.3 72.7 61 48.5 37 26.8 24.2 24.3 27.7 25.8 26.2 34.3 35.3 34 33.4 30.7 27.4 11.6 -2.1 -2.1 -2.1 -2.1 -2.1 -2.1 -2.1 -2.1 -2.1 -2.1 -2.1 60.1 66 66.5 -2.1 55.5 57.7 95.8 62.9 42.7 -2.1 -2.1 -2.1 -2.1 -2.1 -2.1 -2.1 -2.1 -2.1 -2.1 -2.1 -2.1 -2.1 -2.1 -2.1 -2.1 -2.1 -2.1 -2.1 -2.1 -2.1 -2.1 -2.1 -2.1 -2.1 -2.1 -2.1 -2.1 -2.1 -2.1 -2.1 -2.1 -2.1 -2.1 -2.1 -2.1 -2.1 -2.1 -2.1 -2.1 -2.1 -2.1 -2.1 -2.1 -2.1 -2.1
74.6 66.3 57.7 48.6 40 28.3 36.9 36.2 39.9 40.3 42.4 41.1 38.7 36.4 32.7 25.2 14.9 6.7 -2.1 -2.1 -2.1 -2.1 -2.1 41.2 41.2 60.8 98 70.7 54.5 73.3 93.2 96.1 80.2 116.9 121.7 122 118.7 114.1 -2.1 -2.1 -2.1 -2.1 -2.1 -2.1 -2.1 -2.1 -2.1 -2.1 -2.1 -2.1 -2.1 -2.1 -2.1 -2.1 -2.1 -2.1 -2.1 -2.1 -2.1 -2.1 -2.1 -2.1 -2.1 -2.1 -2.1 -2.1 -2.1 -2.1 -2.1 -2.1 -2.1 -2.1 -2.1 -2.1 -2.1 -2.1 -2.1 -2.1 -2.1 -2.1 -2.1 -2.1 -2.1 -2.1
57.6 51.8 47.3 43 39.7 43.1 47.8 57 60.4 69.2 69 71.1 57.5 56.9 46.2 35.8 25.6 45.8 64.9 62.7 57.7 57.4 75.3 80.8 103.9 116.6 120.9 105.1 90.5 83.3 99.4 117 123.4 126.5 132.4 134.8 135.7 129.1 123.7 74.8 -2.1 -2.1 -2.1 -2.1 -2.1 -2.1 -2.1 -2.1 -2.1 -2.1 -2.1 -2.1 -2.1 -2.1 -2.1 -2.1 -2.1 -2.1 -2.1 -2.1 -2.1 -2.1 -2.1 -2.1 -2.1 -2.1 -2.1 -2.1 -2.1 -2.1 -2.1 -2.1 -2.1 -2.1 -2.1 -2.1 -2.1 -2.1 -2.1 -2.1 -2.1 -2.1 -2.1 -2.1
71.5 72.5 69.9 61.9 61.8 72.4 89.1 112.9 115.2 105 105.4 89.3 81 72.8 66 66.8 66.4 77.6 95 92.7 84.4 86.3 99.7 108 118.3 118.1 131.8 113.1 104 95 107.9 125.7 132.3 129.7 138.5 138.3 140.6 143.2 137.9 127.2 111.9 51.4 39.9 -2.1 -2.1 -2.1 11.7 -2.1 -2.1 -2.1 -2.1 -2.1 -2.1 -2.1 -2.1 -2.1 -2.1 -2.1 -2.1 -2.1 -2.1 -2.1 -2.1 -2.1 -2.1 -2.1 -2.1 -2.1 -2.1 -2.1 -2.1 -2.1 -2.1 -2.1 -2.1 -2.1 -2.1 -2.1 -2.1 -2.1 -2.1 -2.1 -2.1 -2.1
98.4 86 76 75.9 73.4 95.8 112.3 125.4 127.8 114.6 113.8 114.7 109.8 88 85.4 87.3 91.6 100.9 106.2 95.6 99.1 98.2 106.9 114.1 127.2 123.4 126 124.1 122.1 115.8 110.8 127.2 136.3 140 139.8 144.4 144.5 148 144.4 142.7 133.6 118.6 102.7 74.7 60.1 47.4 55.9 52.7 47.4 -2.1 -2.1 -2.1 -2.1 -2.1 -2.1 -2.1 -2.1 -2.1 -2.1 -2.1 -2.1 -2.1 -2.1 -2.1 -2.1 -2.1 -2.1 -2.1 -2.1 -2.1 -2.1 -2.1 -2.1 -2.1 -2.1 -2.1 -2.1 -2.1 -2.1 -2.1 -2.1 -2.1 -2.1 -2.1
110.9 110.8 97.2 97.2 83.5 93.6 112.1 122.2 122.1 118.8 119.7 118.6 110.4 100.2 110 110.3 112.3 109.5 102.9 103.7 105.7 111.7 109.3 111.5 117.6 128.9 125.5 127.3 125.9 124.6 127.8 120.2 132.9 136 135.4 147 146.3 145.9 144.5 148.2 141.5 135.5 133.9 129 117.5 100.6 89.1 97.1 97.3 93.9 82.1 75.6 52 -2.1 -2.1 -2.1 -2.1 -2.1 -2.1 -2.1 -2.1 -2.1 -2.1 -2.1 -2.1 -2.1 -2.1 -2.1 -2.1 -2.1 -2.1 -2.1 -2.1 -2.1 -2.1 -2.1 -2.1 -2.1 -2.1 -2.1 -2.1 -2.1 -2.1 -2.1
122.9 123.6 120.6 104.4 93.7 101.4 118.8 130.8 136.2 129.6 123.3 116.9 115.7 114.6 121.8 119.5 117.6 117.2 109.1 117.8 116.7 118.5 111.4 110.3 115 125.8 128 129.9 132.3 132.7 137.7 126.5 123.6 137.6 141 143.8 147 145.6 146.8 147.9 145.3 151.3 150.2 143.8 135.1 119.5 106.4 109.7 109.3 99.5 94.6 95.4 104.2 107.1 45.7 -2.1 -2.1 -2.1 -2.1 -2.1 -2.1 -2.1 -2.1 -2.1 -2.1 -2.1 -2.1 -2.1 -2.1 -2.1 -2.1 -2.1 -2.1 -2.1 -2.1 -2.1 -2.1 -2.1 -2.1 -2.1 -2.1 -2.1 -2.1 -2.1
135.7 127.1 120.8 108.8 97 102.7 117.8 129.2 133.2 129 124.7 125.1 118 115.8 119.9 129.7 118.1 115.6 114.1 117.5 115.2 112.2 110.9 111 113 123.9 126.9 130.1 133.2 133.4 135.8 126.5 127.2 126.4 137.7 145 147.9 150.1 147.4 154 150.1 154.4 150.1 145.4 140.7 121.7 112.5 119.4 112.5 102.9 101 102.7 112.6 117.8 120 111.2 75.3 -2.1 -2.1 -2.1 -2.1 -2.1 -2.1 -2.1 -2.1 -2.1 -2.1 -2.1 -2.1 -2.1 -2.1 -2.1 -2.1 -2.1 -2.1 -2.1 -2.1 -2.1 -2.1 -2.1 -2.1 -2.1 -2.1 -2.1
140 128.5 121.7 111.3 100.5 104.7 111.7 126.8 132.6 130.1 126 125.6 118.9 114.7 117.8 122.5 121.4 118.1 121.8 118.8 115.7 112.8 112.9 111.4 112.4 121 127.6 131.3 136.3 135.6 136.3 129.9 126.7 125.5 136.3 141.6 145.3 149.2 147.1 155 156.6 159.8 152.7 147.7 143.1 124.4 122.4 129.4 119.7 107.8 101.9 105.4 109.8 122.5 124.6 119.7 48 -2.1 -2.1 -2.1 -2.1 -2.1 -2.1 -2.1 -2.1 -2.1 -2.1 -2.1 -2.1 -2.1 -2.1 -2.1 -2.1 -2.1 -2.1 -2.1 -2.1 -2.1 -2.1 -2.1 -2.1 -2.1 -2.1 -2.1
141 133.1 120.7 113.8 106.3 109.1 110.8 118.9 128.2 129.2 128.4 128.8 125.1 117.7 113.9 119 125.1 126.6 131.7 127.6 121.7 115.2 115.1 114.4 115 119.9 132.4 138.2 139.9 141.6 139.4 130.8 127 127 128.1 135.2 137 140.5 144.8 152.6 162 163.8 153.5 146.8 142.7 122 125 127.6 130.4 110.9 106.8 112.1 114.2 122 128.8 126.3 93 -2.1 -2.1 -2.1 -2.1 -2.1 -2.1 -2.1 -2.1 -2.1 -2.1 -2.1 -2.1 -2.1 -2.1 -2.1 -2.1 -2.1 -2.1 -2.1 -2.1 -2.1 -2.1 -2.1 -2.1 -2.1 -2.1 -2.1
141.3 135.4 129.7 126.9 117.2 115 111.3 111.7 126.7 128.7 129.1 130.7 132.4 119.6 113.9 115.6 124.2 128.9 134.9 131.7 122.6 115.3 115 119.5 124.1 124.9 135 138 143.2 142 138.7 128 126 129.2 131.1 130.9 138.9 139.5 143.2 147.5 160.4 165.7 155.5 144.5 139.4 122.9 124 124.5 123.3 118.1 119.7 117.6 117.7 122.5 127.3 126.3 104.1 -2.1 -2.1 -2.1 -2.1 -2.1 -2.1 -2.1 -2.1 -2.1 -2.1 -2.1 -2.1 -2.1 -2.1 -2.1 -2.1 -2.1 -2.1 -2.1 -2.1 -2.1 -2.1 -2.1 -2.1 -2.1 -2.1 -2.1
140.5 138.8 139.8 140 128.4 125.2 110.3 109.6 125.4 131.4 130.9 133.2 130.2 125.9 117.3 119.6 127.5 131.8 133.2 132.5 129 120.7 120.6 124.4 128.8 129.6 135.9 139.6 143 141.9 139.1 135.6 131.8 132.1 130.8 130.5 139.3 137.8 138.1 143.4 154 159.9 156.3 145.9 138.4 123.9 123.5 123.8 124.7 128.1 123.5 120.9 121.6 123.2 126.2 124.9 107.6 -2.1 -2.1 -2.1 -2.1 -2.1 -2.1 -2.1 -2.1 -2.1 -2.1 -2.1 -2.1 -2.1 -2.1 -2.1 -2.1 -2.1 -2.1 -2.1 -2.1 -2.1 -2.1 -2.1 -2.1 -2.1 -2.1 -2.1
140.5 140.1 142.5 145 137.9 125.2 112.9 111.2 120.8 128.8 132.2 132.3 132 130.3 122.9 126 131.1 132 133.5 132.7 131.7 124.4 127.9 128.5 131.5 138.2 134.4 139.7 139.9 139.9 141.1 141.7 139.8 136.6 130.3 129.2 135.5 129.8 131.2 144.5 152.2 162.1 156.8 145.2 135.9 128.2 126.8 126.4 132.6 132.6 131.4 129.3 126.6 124.9 125.2 124.4 111.7 -2.1 -2.1 -2.1 -2.1 -2.1 -2.1 -2.1 -2.1 -2.1 -2.1 -2.1 -2.1 -2.1 -2.1 -2.1 -2.1 -2.1 -2.1 -2.1 -2.1 -2.1 -2.1 -2.1 -2.1 -2.1 -2.1 -2.1
137.4 141.7 142.3 147.2 144.3 134.6 115.4 115 117.8 125.3 131.7 131 131.6 130.8 139.1 134.3 133.7 132.2 129.1 127.8 129.1 125.1 130.1 135.4 136.8 140.5 145.1 140.8 140.7 139.9 142.3 141.2 142.9 139.2 129.5 128.3 128.9 125 131.8 140.3 148.1 156.2 157.3 152 135.6 125.5 125.3 125.3 130.3 135.8 140.3 137.9 133.3 128.8 126.7 122.1 113.5 -2.1 -2.1 -2.1 -2.1 -2.1 -2.1 -2.1 -2.1 -2.1 -2.1 -2.1 -2.1 -2.1 -2.1 -2.1 -2.1 -2.1 -2.1 -2.1 -2.1 -2.1 -2.1 -2.1 -2.1 -2.1 -2.1 -2.1
137.4 140.9 141 144.8 145.9 136.8 124 116.7 115.2 123.8 133.3 132.5 135.3 134 139.7 140.1 135.7 136.9 130 127.8 126.9 128.1 132.3 140.8 140.6 142.4 147.3 142.5 141.3 139.9 140.4 142 143 138.1 134.6 127.8 123.3 120.4 134 137.9 144.5 148.6 151.1 150.5 138.4 131.2 125.3 133.2 131.9 138.7 139.8 133.3 132 129.2 122.4 114.3 99.9 77.8 -2.1 -2.1 -2.1 -2.1 -2.1 -2.1 -2.1 -2.1 -2.1 -2.1 -2.1 -2.1 -2.1 -2.1 -2.1 -2.1 -2.1 -2.1 -2.1 -2.1 -2.1 -2.1 -2.1 -2.1 -2.1 -2.1
137.4 138.7 141.1 144.4 146.2 133.1 124.4 119.6 117.3 127.9 138.1 138.9 139.8 140 142 145.1 137.4 135.6 135.8 129 129.2 133.4 135.9 139.2 143.8 146.3 147.5 145 139.5 141.1 139.5 140.2 138.9 134.9 132.5 124.7 119.9 122.9 128.3 139.7 139.6 140.3 146.6 148.2 139.4 128 125.5 130.7 129.2 137.1 139.6 134 128.7 124.9 117.9 103.5 -2.1 -2.1 -2.1 -2.1 -2.1 -2.1 -2.1 -2.1 -2.1 -2.1 -2.1 -2.1 -2.1 -2.1 -2.1 -2.1 -2.1 -2.1 -2.1 -2.1 -2.1 -2.1 -2.1 -2.1 -2.1 -2.1 -2.1 -2.1
137.4 137.4 144.2 144.7 145.9 136.6 129.6 120.1 119.5 127.9 140 142.9 140.3 142.2 147 146.9 141.9 137.8 134.2 131.7 134.4 135.5 134.5 140.9 146.2 150.7 148 146.1 137.9 139.2 138.8 136.7 136.3 133.5 131.5 129.1 119.9 123.8 127.6 129.5 130.6 131.9 144.2 143.2 135.1 127 121.6 122 123.1 132.5 135.7 131.9 127.6 121.7 115.5 92.4 -2.1 -2.1 -2.1 -2.1 -2.1 -2.1 -2.1 -2.1 -2.1 -2.1 -2.1 -2.1 -2.1 -2.1 -2.1 -2.1 -2.1 -2.1 -2.1 -2.1 -2.1 -2.1 -2.1 -2.1 -2.1 -2.1 -2.1 -2.1
137.4 137.4 143.5 145.6 144.6 134.8 134.3 125.1 124.2 132.5 141.3 144.2 142.3 149.8 152.5 147.6 148.5 143.7 135.7 132.8 133.2 136 139.5 142.9 146.6 149 148.2 145.9 137.3 138.8 136.1 134.8 134 132.8 130.3 131.3 123.5 119.9 123.7 124.1 121.2 128.3 137.1 135.5 129.1 123.5 112.3 114.7 118.6 128.3 129.2 128.5 123.9 118.1 108.7 55.1 -2.1 -2.1 -2.1 -2.1 -2.1 -2.1 -2.1 -2.1 -2.1 -2.1 -2.1 -2.1 -2.1 -2.1 -2.1 -2.1 -2.1 -2.1 -2.1 -2.1 -2.1 -2.1 -2.1 -2.1 -2.1 -2.1 -2.1 -2.1
137.4 137.4 140.9 144.3 144.4 139.5 133.7 126.5 126.4 134.1 144.6 146 147 151.5 155.1 155.2 153.6 149.9 139.3 135.5 133.6 138.9 137.4 142.1 144.5 149.9 148.4 145 141.6 134.5 133.8 133.3 131.5 129.8 128.8 129.7 124.4 121.7 121.6 122.3 119.4 125.3 129.3 132.3 118 109.1 107.8 110.5 113.9 119.2 125.6 126.1 123.3 115.9 81.3 38.8 -2.1 -2.1 -2.1 -2.1 -2.1 -2.1 -2.1 -2.1 -2.1 -2.1 -2.1 -2.1 -2.1 -2.1 -2.1 -2.1 -2.1 -2.1 -2.1 -2.1 -2.1 -2.1 -2.1 -2.1 -2.1 -2.1 -2.1 -2.1
141.4 141.9 140.6 140.9 140 138.7 136.6 128.5 127.1 132.3 144 147.9 148.8 155 159.6 161.8 163.4 160.1 150.4 140 137.6 140.7 138.3 143.2 141.8 147.5 150.5 149.1 142.6 135.8 134 135.6 137.3 132.8 129.2 129.3 125.5 123.4 121.6 119.9 115.8 124 127.6 125.7 118.4 108.9 106.6 107.8 109.1 112.2 124.3 128.8 126.4 113.2 89 18.4 -2.1 -2.1 -2.1 -2.1 -2.1 -2.1 -2.1 -2.1 -2.1 -2.1 -2.1 -2.1 -2.1 -2.1 -2.1 -2.1 -2.1 -2.1 -2.1 -2.1 -2.1 -2.1 -2.1 -2.1 -2.1 -2.1 -2.1 -2.1
144.9 143.2 146.3 143 140.8 139.4 138.8 131.8 127.9 129.7 138.7 149 152.7 157.5 162.5 168.9 171.3 171.7 160.4 148.1 141.3 141.3 142.9 147.3 148.3 144.4 150.9 148.5 141.8 136.7 132.9 136.6 137.6 130.3 129.3 127.4 125.4 123 123.5 117.4 115.8 117.1 125.2 120.2 116.7 109 105.4 105.7 106.9 111.5 121.2 128.2 125.8 113.7 87.1 -2.1 -2.1 -2.1 -2.1 -2.1 -2.1 -2.1 -2.1 -2.1 -2.1 -2.1 -2.1 -2.1 -2.1 -2.1 -2.1 -2.1 -2.1 -2.1 -2.1 -2.1 -2.1 -2.1 -2.1 -2.1 -2.1 -2.1 -2.1 -2.1
151.4 144.2 145.2 147.2 144.3 142.2 138.9 135.5 128.5 129.6 135.8 146.4 154.1 158.7 165.5 170.3 175.4 178 170.1 159.8 144.6 142.9 144.4 146.6 150.3 146.9 146.4 147.1 142.9 136.9 132.9 135.7 133.2 127.4 129.2 125.5 124.4 121.8 122 119.8 115.8 115.8 124.5 119.2 115 109.2 106.2 108.1 106.7 110.8 119.5 125.8 121.4 107 74.7 -2.1 -2.1 -2.1 -2.1 -2.1 -2.1 -2.1 -2.1 -2.1 -2.1 -2.1 -2.1 -2.1 -2.1 -2.1 -2.1 -2.1 -2.1 -2.1 -2.1 -2.1 -2.1 -2.1 -2.1 -2.1 -2.1 -2.1 -2.1 -2.1
156.5 147.1 145.8 147.7 147.2 144.1 138.6 134.5 127.4 129.6 133.5 142.3 153.2 160.8 167.3 172.3 176.6 181.2 174.2 167.5 153.9 143.6 143.1 142.7 153.3 149.1 147.4 147.3 143.8 140.2 132.9 135.4 132.7 128.6 124.8 127.1 121.1 120.7 122.2 121.9 115.8 115.8 120.6 121.8 113.7 109.4 108.6 106.8 104.5 105.6 112.8 119.7 116.1 105.7 84.9 -2.1 -2.1 -2.1 -2.1 -2.1 -2.1 -2.1 -2.1 -2.1 -2.1 -2.1 -2.1 -2.1 -2.1 -2.1 -2.1 -2.1 -2.1 -2.1 -2.1 -2.1 -2.1 -2.1 -2.1 -2.1 -2.1 -2.1 -2.1 -2.1
158.2 152.9 146.2 147.5 146.7 144.9 138.7 132.1 129.1 127.7 127.7 139.6 150.2 159.4 167.4 173 177.5 183.1 177.4 169.4 163 149 143.5 144.2 143.3 148.4 148.9 144.4 143.6 142 133.5 132.9 133.6 130.3 124.8 128.2 124.5 120.7 121 123.5 115.7 115.7 117.4 120.1 113 109.4 105.9 98.3 94.6 97.7 105.5 112.6 114.2 104.9 88.7 -2.1 -2.1 -2.1 -2.1 -2.1 -2.1 -2.1 -2.1 -2.1 -2.1 -2.1 -2.1 -2.1 -2.1 -2.1 -2.1 -2.1 -2.1 -2.1 -2.1 -2.1 -2.1 -2.1 -2.1 -2.1 -2.1 -2.1 -2.1 -2.1
159.3 154.9 147.3 146.9 144 142.3 139.8 132 127.4 127.7 127.4 135.1 146.7 155.1 164.5 171.3 175.6 180.5 179.3 172.3 164.9 151 144.5 144.3 148.3 148.8 151.7 147.7 141.4 142.2 134.3 132.9 137.9 132.3 124.8 128 122.1 120.7 120.7 122.2 118.1 118.1 114.5 118.4 113.3 113.6 110.8 100.7 91 87.9 93.9 108.8 109.3 99.9 86.1 -2.1 -2.1 -2.1 -2.1 -2.1 -2.1 -2.1 -2.1 -2.1 -2.1 -2.1 -2.1 -2.1 -2.1 -2.1 -2.1 -2.1 -2.1 -2.1 -2.1 -2.1 -2.1 -2.1 -2.1 -2.1 -2.1 -2.1 -2.1 -2.1
160.6 156.8 153.3 143.7 142.5 141.1 140.9 138 129.3 127.4 127.4 131.7 144.1 152.8 158 167.5 173.1 177.3 174.7 171.8 161.7 153.9 143.7 143.3 146.8 149.8 153.8 153.8 148.9 139.9 136.3 134.5 134.5 133.4 129.7 130.6 120.7 123.3 123.2 126.3 119 117.9 114.5 117.1 115 115.9 107.4 101.9 91.1 80.4 84.1 90.4 96.9 92.1 86.5 -2.1 -2.1 -2.1 -2.1 -2.1 -2.1 -2.1 -2.1 -2.1 -2.1 -2.1 -2.1 -2.1 -2.1 -2.1 -2.1 -2.1 -2.1 -2.1 -2.1 -2.1 -2.1 -2.1 -2.1 -2.1 -2.1 -2.1 -2.1 -2.1
161.8 159.1 154.6 145.8 141.2 142.4 142.5 140.9 133.9 127.4 127.4 127.4 141.3 152.9 158.8 163.4 168.8 172.7 173.9 168.3 163.8 153.3 143.1 140.5 143.7 147.8 155.2 162.3 149.2 141.7 134.4 134.7 133.6 135.1 129.1 124.8 124.1 120.1 120.6 124.9 120.1 118.2 114.9 120.8 114.3 112.9 109.1 99.2 92 77.2 76.9 79.3 83.1 83.2 73.2 -2.1 -2.1 -2.1 -2.1 -2.1 -2.1 -2.1 -2.1 -2.1 -2.1 -2.1 -2.1 -2.1 -2.1 -2.1 -2.1 -2.1 -2.1 -2.1 -2.1 -2.1 -2.1 -2.1 -2.1 -2.1 -2.1 -2.1 -2.1 -2.1
160.6 158.8 153.3 147.7 140.7 141.6 143.5 145.1 140.9 138.6 127.4 127.4 136.2 149 155.6 158.5 165.4 169.9 172 167.9 161.4 151.1 139.9 138.3 138.5 145.2 148.8 149.8 144.4 138.9 132.9 132.7 133 131.8 131.9 124.9 125 121.5 122.1 126.2 121 118 115.9 115.5 114.8 113.6 108.2 102.1 91.9 83 75.5 76 73 74.6 54.2 -2.1 -2.1 -2.1 -2.1 -2.1 -2.1 -2.1 -2.1 -2.1 -2.1 -2.1 -2.1 -2.1 -2.1 -2.1 -2.1 -2.1 -2.1 -2.1 -2.1 -2.1 -2.1 -2.1 -2.1 -2.1 -2.1 -2.1 -2.1 -2.1
159.9 159.5 156.6 147 141.3 140.5 142.6 148 144.8 143.9 135.9 130.8 135.6 139.5 150.8 153.7 161.1 167.6 170.9 168.2 161 149.9 139.1 131.8 131.5 140.2 144.7 146.8 141.5 132.9 131 131.9 133 133.6 130.4 131.3 127.4 119.7 120.7 128.8 124.6 118.8 115.3 112.2 114.4 118.3 109 101.5 90 75.8 67.8 66 65.1 61.4 42.7 -2.1 -2.1 -2.1 -2.1 -2.1 -2.1 -2.1 -2.1 -2.1 -2.1 -2.1 -2.1 -2.1 -2.1 -2.1 -2.1 -2.1 -2.1 -2.1 -2.1 -2.1 -2.1 -2.1 -2.1 -2.1 -2.1 -2.1 -2.1 -2.1
159 160 158.8 154.4 143.5 140.5 140.5 144.8 152 149.9 142.9 137.7 133.8 136.9 142.5 150.3 154.5 165.3 167.3 164.4 158.7 143.8 139.1 129.5 124.9 136.8 142 144.1 139.1 132.4 128.8 126.6 130.7 130.8 130.1 128.9 126.9 119.7 121.5 130.1 126.5 121.8 119.3 108.8 113.9 122 109.5 97.3 82.5 58.1 17.1 -2.1 -2.1 -2.1 -2.1 -2.1 -2.1 -2.1 -2.1 -2.1 -2.1 -2.1 -2.1 -2.1 -2.1 -2.1 -2.1 -2.1 -2.1 -2.1 -2.1 -2.1 -2.1 -2.1 -2.1 -2.1 -2.1 -2.1 -2.1 -2.1 -2.1 -2.1 -2.1 -2.1
160.1 161.4 161.7 158.6 149.8 140.5 143.5 148.4 154.4 150.7 148.4 147.1 134.5 134 138.6 144.8 150 157.7 164.8 157.2 153.4 141.6 136.1 127.9 125.6 125.5 137.4 142 136.6 132.4 127.6 125.6 127.8 129.9 129.1 129.7 125.7 124.1 119.7 130.5 126.6 120.9 117.8 110.9 111.3 108.4 105.3 86.8 52.1 37.9 -2.1 -2.1 -2.1 -2.1 -2.1 -2.1 -2.1 -2.1 -2.1 -2.1 -2.1 -2.1 -2.1 -2.1 -2.1 -2.1 -2.1 -2.1 -2.1 -2.1 -2.1 -2.1 -2.1 -2.1 -2.1 -2.1 -2.1 -2.1 -2.1 -2.1 -2.1 -2.1 -2.1 -2.1
161.1 164.7 165.8 160 147.4 140.5 142.6 150.6 154.4 153.9 153.1 151.8 140.6 133 135.5 142.5 148.5 153.7 158.9 156.8 144.2 140.7 135 125 122.6 123.2 131.1 135.1 138.3 134.7 129.5 126.1 124.9 129.4 128.4 129.7 125.8 125.1 120.1 126.6 133.3 122.5 122.4 116.3 109.9 107.7 98.3 71.7 48.2 24.6 -2.1 -2.1 -2.1 -2.1 -2.1 -2.1 -2.1 -2.1 -2.1 -2.1 -2.1 -2.1 -2.1 -2.1 -2.1 -2.1 -2.1 -2.1 -2.1 -2.1 -2.1 -2.1 -2.1 -2.1 -2.1 -2.1 -2.1 -2.1 -2.1 -2.1 -2.1 -2.1 -2.1 -2.1
157 167 166.1 162.2 146.5 140.5 145.3 151.3 157.5 161.5 161 153.4 143 134.9 136.8 141.3 145.7 152.3 155.1 155.9 146.3 139.1 135.2 125 122.3 122.3 125.5 133.8 139 138.7 129.7 129.2 125.2 126.4 126.2 127.3 123.2 118.9 120.6 122.7 131.9 131.2 130 123.9 117.3 106.3 91.6 68.2 20.9 -2.1 -2.1 -2.1 -2.1 -2.1 -2.1 -2.1 -2.1 -2.1 -2.1 -2.1 -2.1 -2.1 -2.1 -2.1 -2.1 -2.1 -2.1 -2.1 -2.1 -2.1 -2.1 -2.1 -2.1 -2.1 -2.1 -2.1 -2.1 -2.1 -2.1 -2.1 -2.1 -2.1 -2.1 -2.1
154.8 161.9 163.3 159.6 148 140.9 145.6 156.1 160.8 165.7 168.3 163.2 155.9 144.7 142.4 141.4 145 151.4 155.6 154 147.6 138.3 135.8 129.1 122.3 124 122.7 131.9 141.7 140.5 136.3 130.7 130.2 123.3 126.7 123.7 121.3 118.8 116.6 119.7 131.9 134.2 141.8 126.7 115.2 99.1 86 66.5 10.4 -2.1 -2.1 -2.1 -2.1 -2.1 -2.1 -2.1 -2.1 -2.1 -2.1 -2.1 -2.1 -2.1 -2.1 -2.1 -2.1 -2.1 -2.1 -2.1 -2.1 -2.1 -2.1 -2.1 -2.1 -2.1 -2.1 -2.1 -2.1 -2.1 -2.1 -2.1 -2.1 -2.1 -2.1 -2.1
155.3 160 159.8 155.8 146.2 146.5 150.4 156.1 165.6 171.1 176.5 172.4 163.2 152.7 137.8 137.8 144.6 146.8 157.9 157.8 150 143 136 132.1 122.3 122.3 123.4 128.9 141.6 142.3 142.9 136.4 132.3 124.1 120.4 119.3 120.5 113.4 116.6 119.7 130.7 134.1 139.4 134.7 115.6 92.4 77 32.7 -2.1 -2.1 -2.1 -2.1 -2.1 -2.1 -2.1 -2.1 -2.1 -2.1 -2.1 -2.1 -2.1 -2.1 -2.1 -2.1 -2.1 -2.1 -2.1 -2.1 -2.1 -2.1 -2.1 -2.1 -2.1 -2.1 -2.1 -2.1 -2.1 -2.1 -2.1 -2.1 -2.1 -2.1 -2.1 -2.1
155.9 158.2 158.3 156.2 151.5 149.3 148 157.9 166.7 173.1 181.4 179.4 170.4 162.6 141.1 137.8 141.5 145.7 153.9 152.4 145.6 143.6 137.4 134.9 126.8 122.3 122.3 133.5 140.5 143 142.3 138.6 132.1 126.9 122.7 113.4 115.2 113.4 113.4 119.6 129.1 134.9 134.6 128.5 111.5 93.2 60.6 30.5 -2.1 -2.1 -2.1 -2.1 -2.1 -2.1 -2.1 -2.1 -2.1 -2.1 -2.1 -2.1 -2.1 -2.1 -2.1 -2.1 -2.1 -2.1 -2.1 -2.1 -2.1 -2.1 -2.1 -2.1 -2.1 -2.1 -2.1 -2.1 -2.1 -2.1 -2.1 -2.1 -2.1 -2.1 -2.1 -2.1
153.2 156.4 158.5 156.5 154.6 150.3 148.4 156.4 164.8 173.1 180.2 180 170.9 170.9 154.8 137.8 137.8 145.3 150 151.6 141.2 137.9 136.8 135.4 126.5 123.4 126.6 134.1 133.8 141.3 142.6 138.1 129.4 124.1 123.3 113.4 115 113.4 113.4 117.6 125 135.1 132.1 124.3 107.8 93.9 48.5 -2.1 -2.1 -2.1 -2.1 -2.1 -2.1 -2.1 -2.1 -2.1 -2.1 -2.1 -2.1 -2.1 -2.1 -2.1 -2.1 -2.1 -2.1 -2.1 -2.1 -2.1 -2.1 -2.1 -2.1 -2.1 -2.1 -2.1 -2.1 -2.1 -2.1 -2.1 -2.1 -2.1 -2.1 -2.1 -2.1 -2.1
