Game/Highland_Data/StreamingAssets/GeoData/Data/nb/NB42.asc
ncols 200
nrows 200
xllcorner 140000
yllcorner 920000
cellsize 50
[rows 0 to 46 of 200, columns 0 to 95 of 200]
52.1 52.1 52.3 54.6 65.4 71.2 69.7 69.1 64.2 55.9 49.6 48 43.1 41.7 38 33.9 26.3 26.3 27.1 25 21.2 19.6 21.3 31.6 28.3 27 25.4 27.5 31.6 30.2 26.9 24.7 29.9 32.8 31.9 34.1 43.2 45.4 43.7 49.6 38 27 22 21.7 24.2 16.8 24.2 18.8 21.5 24.3 26.7 -2 -2 -2 -2 -2 -2 -2 -2 -2 -2 -2 -2 -2 -2 -2 -2 -2 -2 -2 -2 -2 -2 -2 -2 -2 -2 -2 -2 -2 -2 -2 -2 -2 -2 -2 -2 -2 -2 -2 -2 -2 -2 -2 -2 -2
52.1 52.1 62.6 59.9 59.4 64.5 65.1 63 58.2 56.6 51.6 46.2 41.8 39 34.3 33.6 22.2 23.6 25.5 19.5 17.4 17.1 17.1 17.6 26.3 31.1 23.8 19.3 19 24.3 19.3 22.5 23 24.6 27.2 32.4 36.9 40.9 34.9 40.6 28.2 21.9 21.7 22.3 20.4 20.9 22.2 23.9 20.9 25.4 17.4 -2 -2 -2 -2 -2 -2 -2 -2 -2 -2 -2 -2 -2 -2 -2 -2 -2 -2 -2 -2 -2 -2 -2 -2 -2 -2 -2 -2 -2 -2 -2 -2 -2 -2 -2 -2 -2 -2 -2 -2 -2 -2 -2 -2 -2
60.9 69.7 67.2 66.6 65.3 60.1 58 58.3 54.6 47.1 44.9 44.9 38.8 33.3 31.2 31 20.9 19 17.2 17.1 17.1 17.1 17.1 20.4 26.1 24.1 19.6 15.7 15.8 15.9 17.3 22.9 25.5 26.7 27.9 35.5 35.2 34.1 29.3 28.9 28.7 23 23.1 26.1 20.2 23.9 24 22.5 22 21.2 5 -2 -2 -2 -2 -2 -2 -2 -2 -2 -2 -2 -2 -2 -2 -2 -2 -2 -2 -2 -2 -2 -2 -2 -2 -2 -2 -2 -2 -2 -2 -2 -2 -2 -2 -2 -2 -2 -2 -2 -2 -2 -2 -2 -2 -2
53.6 59.6 66 67.7 69.9 69.1 64.7 56.9 53.9 46.5 46.5 51.6 44.8 35.3 27.5 23.7 22.7 19.4 19.5 21.6 19.8 17.1 17.1 21.3 21.4 18.6 16 13.7 16.2 20.2 26.8 25.9 28.7 29.5 29.9 36.4 40 39.1 29.3 27.9 27.1 26.6 23.7 27.7 19.5 21.2 17.4 22.6 21 20 -2 -2 -2 -2 -2 -2 -2 -2 -2 -2 -2 -2 -2 -2 -2 -2 -2 -2 -2 -2 -2 -2 -2 -2 -2 -2 -2 -2 -2 -2 -2 -2 -2 -2 -2 -2 -2 -2 -2 -2 -2 -2 -2 -2 -2 -2
52.4 55.1 64.1 68.8 68.7 68.1 67.6 64.1 52.5 44.2 43 43.1 42.8 42.4 38.7 33.5 25 20.3 21.1 20.4 21.1 19.4 16.7 16.3 15.2 14.2 17 15.3 14.2 16.4 23 27.4 28.1 31.2 39.3 46 40.6 41.9 34.1 29.1 28.8 28.3 26.8 19.6 16.4 20.3 13.3 4.2 18.1 19.6 -2 -2 -2 -2 -2 -2 -2 -2 -2 -2 -2 -2 -2 -2 -2 -2 -2 -2 -2 -2 -2 -2 -2 -2 -2 -2 -2 -2 -2 -2 -2 -2 -2 -2 -2 -2 -2 -2 -2 -2 -2 -2 -2 -2 -2 -2
51.2 53.2 61.6 63.8 62.7 57.1 58.8 54.2 42 40.3 41 41.4 39.3 40.3 37.6 33.5 26.6 18.8 18.5 18.6 18.3 17.7 17 15.5 16.7 18.7 23.4 19.9 15 14.2 15.3 17.7 25.6 31 39.4 41.8 39.9 38.5 34.2 31.7 41.4 33.1 28.6 15.1 8.2 -2 -2 -2 -2 10.1 -2 -2 -2 -2 -2 -2 -2 -2 -2 -2 -2 -2 -2 -2 -2 -2 -2 -2 -2 -2 -2 -2 -2 -2 -2 -2 -2 -2 -2 -2 -2 -2 -2 -2 -2 -2 -2 -2 -2 -2 -2 -2 -2 -2 -2 -2
54.5 52.7 51.3 52.8 53.8 56.2 54.8 51.7 39.1 39.2 47.9 39.9 38 33.4 33.3 29.4 23.1 18.8 18.2 18.1 17.8 16.9 15.3 16.2 19.6 20.8 21 20.8 15.1 14.6 14.1 14.8 15.8 22 30 36.4 38.1 40 35.4 34.7 38.9 27.9 17.9 10.6 -2 -2 -2 -2 -2 -2 -2 -2 -2 -2 -2 -2 -2 -2 -2 -2 -2 -2 -2 -2 -2 -2 -2 -2 -2 -2 -2 -2 -2 -2 -2 -2 -2 -2 -2 -2 -2 -2 -2 -2 -2 -2 -2 -2 -2 -2 -2 -2 -2 -2 -2 -2
58.5 56.5 53.3 49.3 51.7 52.8 50.8 44.9 38 37.8 38.9 33.8 33.3 32.7 32.2 29 29.4 20.4 16.6 16.7 16.7 15.4 17.2 22.9 24.2 23.3 20.9 20 17.2 14.8 14.8 20.1 14.2 14.2 16 28.9 36.7 38.5 38.9 35.9 38.5 25.6 8 -2 -0.2 1.4 -0.9 -1.7 -2 -2 -2 -2 -2 -2 -2 -2 -2 -2 -2 -2 -2 -2 -2 -2 -2 -2 -2 -2 -2 -2 -2 -2 -2 -2 -2 -2 -2 -2 -2 -2 -2 -2 -2 -2 -2 -2 -2 -2 -2 -2 -2 -2 -2 -2 -2 -2
59.3 56.6 55.2 53.5 48.1 48 44.8 39.7 37.5 37.3 33.6 32.6 32.2 31.1 28.9 23.4 23.9 19.3 16.3 15.8 17 19.8 29.2 36.2 36.8 34.4 31.1 24.5 24.5 18.2 25.1 23.8 20.7 18.6 16.1 14.4 25 36.4 33.5 32 31.9 17.2 4.4 -2 11.1 20.5 16.6 9.8 6.5 -2 -2 -2 -2 -2 -2 -2 -2 -2 -2 -2 -2 -2 -2 -2 -2 -2 -2 -2 -2 -2 -2 -2 -2 -2 -2 -2 -2 -2 -2 -2 -2 -2 -2 -2 -2 -2 -2 -2 -2 -2 -2 -2 -2 -2 -2 -2
56.8 53.9 52.6 51.1 47 42.2 39.4 39.9 39.1 37.9 34.7 32.8 30.1 27.8 26.9 22 19.5 18.2 17.5 17.3 19.1 28 31.6 39.6 40.8 39.3 36.5 39.3 34 26.3 26 27.6 29.2 22.5 19.3 18.2 12.2 19.8 28.3 25.9 18.3 7.6 9.1 4 25.3 24.9 17.1 12.1 15 -2 -2 -2 -2 -2 -2 -2 -2 -2 -2 -2 -2 -2 -2 -2 -2 -2 -2 -2 -2 -2 -2 -2 -2 -2 -2 -2 -2 -2 -2 -2 -2 -2 -2 -2 -2 -2 -2 -2 -2 -2 -2 -2 -2 -2 -2 -2
54.9 52.4 50.6 49.5 48.9 45.3 42.2 42.3 40.2 39.6 45.7 42.8 44.8 40.1 32 27.3 22.4 24.9 19.3 18.7 22 24.2 35.9 40.6 42.5 43.3 40.4 39.3 39.7 39.9 35.8 30.4 30.9 27.8 35.4 33.9 17.3 11.8 15.1 13.8 15.8 21.5 11.5 7.7 18.5 19.6 23.4 15.1 20.3 13 13.7 -2 -2 -2 -2 -2 -2 -2 -2 -2 -2 -2 -2 -2 -2 -2 -2 -2 -2 -2 -2 -2 -2 -2 -2 -2 -2 -2 -2 -2 -2 -2 -2 -2 -2 -2 -2 -2 -2 -2 -2 -2 -2 -2 -2 -2
52.9 49.9 48.4 47.8 47.3 46.2 41.6 41.8 41.1 41.5 42.2 41.7 42.3 37.8 32.8 32.6 27.4 18.2 19.7 25.6 38.1 36.1 37.7 42.8 45.4 46.9 47.3 40.7 40.9 41.7 39.9 36.6 40.8 47.1 40.9 32.6 22.1 15.4 12 13 15.6 15.5 12.8 14 17.4 20.4 15.2 16.2 23.1 19.2 31.9 23.6 -2 -2 -2 -2 -2 -2 -2 -2 -2 -2 -2 -2 -2 -2 -2 -2 -2 -2 -2 -2 -2 -2 -2 -2 -2 -2 -2 -2 -2 -2 -2 -2 -2 -2 -2 -2 -2 -2 -2 -2 -2 -2 -2 -2
48.6 47.3 46.1 44.8 42.9 40.1 40.9 42.3 46.2 41.7 41.8 42.2 38.5 33.2 29.7 30.5 31.6 23.1 28.8 26.4 36.9 38.8 41.6 45.8 46.3 50.7 53.4 48.5 41.3 46.5 49.5 41.1 44.1 50.2 47.8 27.7 25.5 28.3 22.4 12.2 12.2 18.6 11.3 15.4 22.6 12.2 12.5 22.1 29.4 39.7 40 27.6 22.8 -2 -2 -2 -2 -2 -2 -2 -2 -2 -2 -2 -2 -2 -2 -2 -2 -2 -2 -2 -2 -2 -2 -2 -2 -2 -2 -2 -2 -2 -2 -2 -2 -2 -2 -2 -2 -2 -2 -2 -2 -2 -2 -2
46.7 44.8 43.1 39.8 38.1 36.4 39.1 37.8 33.6 41.5 45.2 44.6 39.8 31.9 24.9 25 32 39.1 38.8 34.1 40.3 44.1 42.7 44.7 49.5 55.3 56.3 56.4 45.5 43.4 47.8 47.3 49.3 51.1 44.8 43.8 39.3 34.1 25.7 12.2 12.2 12.2 12.2 12.2 12.2 12.2 16.4 27.4 31.6 37.8 40.4 30.2 18.2 -2 -2 -2 -2 -2 -2 -2 -2 -2 -2 -2 -2 -2 -2 -2 -2 -2 -2 -2 -2 -2 -2 -2 -2 -2 -2 -2 -2 -2 -2 -2 -2 -2 -2 -2 -2 -2 -2 -2 -2 -2 -2 -2
43.3 40.4 36.1 35.1 32.8 32.6 32.4 30 29.7 31.2 34.9 40.8 39.5 33.3 24.6 24.4 34.9 40.8 41.3 42.5 33.1 44.1 44.3 45.7 46.7 53.8 56.6 57 54.7 41.6 45.5 50 47 45.9 48.1 46.8 40.6 31.4 29.2 24.2 12.2 12.2 12.2 12.2 12.2 12.8 21.8 29.3 31.6 40.6 43.2 42.9 35.6 -2 -2 -2 -2 -2 -2 -2 -2 -2 -2 -2 -2 -2 -2 -2 -2 -2 -2 -2 -2 -2 -2 -2 -2 -2 -2 -2 -2 -2 -2 -2 -2 -2 -2 -2 -2 -2 -2 -2 -2 -2 -2 -2
36.5 34.6 34.3 35.4 42.7 39.6 35.2 31.4 28.1 28.4 29.1 35.3 39.8 32 24 42.6 42 42.5 43.3 43.6 40.8 43.7 47.4 47.3 48.8 49.1 56.9 57.5 55.8 42.2 41.6 41.6 41.6 49.2 48.1 44.9 36 33.7 35.9 32.1 14 12.2 12.2 12.2 12.2 23.7 24.3 28.5 32.3 37.4 43.3 41.9 26.7 -2 -2 -2 -2 -2 -2 -2 -2 -2 -2 -2 -2 -2 -2 -2 -2 -2 -2 -2 -2 -2 -2 -2 -2 -2 -2 -2 -2 -2 -2 -2 -2 -2 -2 -2 -2 -2 -2 -2 -2 -2 -2 -2
43.3 43.1 39.5 34.3 36.1 36.3 35.6 31.1 28.3 27.7 28.2 37.3 38.8 26.5 28.3 40.2 43.9 46.6 45.3 45.8 46.8 40.6 44.5 47.1 47.6 49.4 48.9 53.3 50.8 47.9 42.9 43.4 53.1 52.1 50.3 52.9 46 42 39 41.1 29.6 12.2 24.9 17.9 13 13.7 18 24.8 32.1 42.9 35.2 36.3 30 22.8 -2 -2 -2 -2 -2 -2 -2 -2 -2 -2 -2 -2 -2 -2 -2 -2 -2 -2 -2 -2 -2 -2 -2 -2 -2 -2 -2 -2 -2 -2 -2 -2 -2 -2 -2 -2 -2 -2 -2 -2 -2 -2
40.9 41.8 41.4 39.4 37.8 35.3 33 30 28.8 30.4 29.6 40.7 36.6 31.8 40.2 41.1 46.3 49 46.9 47.3 48.3 46.2 39.7 48.8 47.3 48.6 47.6 48.2 50.7 52.3 45.5 43.4 52.5 54.5 51.8 58.1 56.7 52.4 53.3 48.1 32.3 26.1 34.7 30.1 24.1 21 15 17.5 27.8 28.9 29.2 33.7 27 27.3 -2 -2 -2 -2 -2 -2 -2 -2 -2 -2 -2 -2 -2 -2 -2 -2 -2 -2 -2 -2 -2 -2 -2 -2 -2 -2 -2 -2 -2 -2 -2 -2 -2 -2 -2 -2 -2 -2 -2 -2 -2 -2
39.9 38.8 41.9 40 38.1 35.7 32.2 30.3 35.8 41.7 36.8 26.6 26.1 37.1 42.4 43.2 44.5 49.6 49.2 52.1 50 49.9 46.3 43.4 46.4 47.1 48.8 47.7 47.5 47.2 52.3 43.9 45 54.1 53.9 59.4 61 55 55.8 50.6 34.7 41 41.4 43.9 36.5 34.4 32.2 17.3 16.9 16.4 18.9 19.9 14.4 15 -2 -2 -2 -2 -2 -2 -2 -2 -2 -2 -2 -2 -2 -2 -2 -2 -2 -2 -2 -2 -2 -2 -2 -2 -2 -2 -2 -2 -2 -2 -2 -2 -2 -2 -2 -2 -2 -2 -2 -2 -2 -2
37.6 37.4 36 35.4 34.5 33.2 33 31.7 35.9 40.7 42.8 38.6 35.4 40 43.3 44.8 45.7 50.2 51.6 50.7 50.4 48.3 47 42.3 43.5 46.4 47.2 50 44 44 44 48.2 54.2 56.8 58.8 62 62.6 54.3 50.6 52.4 45 46.4 48.7 45.4 51.1 46.6 43.2 37.7 22 13.2 7.8 -2 -2 -2 -2 -2 -2 -2 -2 -2 -2 -2 -2 -2 -2 -2 -2 -2 -2 -2 -2 -2 -2 -2 -2 -2 -2 -2 -2 -2 -2 -2 -2 -2 -2 -2 -2 -2 -2 -2 -2 -2 -2 -2 -2 -2
39.4 40.2 38.5 37.6 36.9 35.7 34.4 32.9 37.1 40.2 40.3 38.6 39.7 42.3 44.7 45.7 46.2 47.3 47.9 48.5 47.9 47.2 44.7 43.1 43.2 47.5 47.2 45.3 44 44 45.7 52.9 58.9 67.6 64.1 61.4 62.2 56 50.1 50.1 55.5 53.1 45.4 48.7 51.8 55.9 60.8 53.7 34.2 15.7 -2 -2 -2 -2 -2 -2 -2 -2 -2 -2 -2 -2 -2 -2 -2 -2 -2 -2 -2 -2 -2 -2 -2 -2 -2 -2 -2 -2 -2 -2 -2 -2 -2 -2 -2 -2 -2 -2 -2 -2 -2 -2 -2 -2 -2 -2
45.7 42.9 41.3 40 39.1 38.9 37.3 37.7 35.8 39.9 40.4 41.5 43.3 44.4 46.1 46.6 47.1 47.9 48.1 48 47.4 46.6 44.9 43.9 43.4 49 45.1 45.2 46.7 49.9 47.9 51.1 56 69.4 66.1 62.2 61.5 57.8 50.1 50.1 57.6 58.9 48.3 45.4 49.3 58.7 65.2 57.1 44 30 -2 -2 -2 -2 -2 -2 -2 -2 -2 -2 -2 -2 -2 -2 -2 -2 -2 -2 -2 -2 -2 -2 -2 -2 -2 -2 -2 -2 -2 -2 -2 -2 -2 -2 -2 -2 -2 -2 -2 -2 -2 -2 -2 -2 -2 -2
48.5 46.9 45.6 44 43.1 42.7 45.5 44.6 39.6 39.5 43.1 45.9 47.5 47.3 47.3 47.7 48.1 48.3 48.2 48.2 47.7 46.9 46.1 44.6 43.9 43.8 43.9 45.6 49.4 51.8 54.9 51.9 54 56.4 61.1 61.3 56.2 54.9 56 51.3 54.3 56.7 51.2 45.4 45.4 55.1 62.7 63.3 58.9 40.4 26.7 -2 -2 -2 -2 -2 -2 -2 -2 -2 -2 -2 -2 -2 -2 -2 -2 -2 -2 -2 -2 -2 -2 -2 -2 -2 -2 -2 -2 -2 -2 -2 -2 -2 -2 -2 -2 -2 -2 -2 -2 -2 -2 -2 -2 -2
51.5 49.1 48.3 47.1 46.3 46 46.2 45.3 42.6 43.2 46.6 48.4 49.4 49.5 49.1 49.4 49.7 49.7 49.9 50.1 49.7 48.4 47.9 46.9 45.2 44 44.5 48.8 48.7 50.1 50.1 50.1 52.2 55.9 55.7 59.7 56.9 55.9 55.2 55.3 53.7 50.2 46.4 45.4 49.4 56.6 59.1 61.5 58.9 54 38.7 35.2 25.8 -2 -2 -2 -2 -2 -2 -2 -2 -2 -2 -2 -2 -2 -2 -2 -2 -2 -2 -2 -2 -2 -2 -2 -2 -2 -2 -2 -2 -2 -2 -2 -2 -2 -2 -2 -2 -2 -2 -2 -2 -2 -2 -2
51.9 50.7 49.7 48.8 47.6 47 47 45.8 45.5 47.4 49.3 50.8 51.5 51.8 51 51 51.1 51.1 51.3 51.2 50.7 50.2 52.8 52.6 49.3 46.8 46.4 48.9 50.2 50.2 50.1 50.1 50.1 53.1 53.1 53.1 55.6 57.4 55.5 55.9 56.5 50.5 48.3 48.7 54.3 58.3 59.6 60 58.7 56.5 45.8 50.1 29.4 -2 -2 -2 -2 -2 -2 -2 -2 -2 -2 -2 -2 -2 -2 -2 -2 -2 -2 -2 -2 -2 -2 -2 -2 -2 -2 -2 -2 -2 -2 -2 -2 -2 -2 -2 -2 -2 -2 -2 -2 -2 -2 -2
51.8 51.1 50.4 49.4 48.8 48.2 47.8 46.8 47.5 49.4 51.2 52.6 53 53.3 52.9 52.9 52.5 52.5 52.3 51.9 51.5 53.3 56.3 55.4 53.5 51.1 50.8 51.8 52.9 54.5 53.7 54.8 52.9 53.9 54.3 54.6 53.1 54.6 56.7 55.7 57 54 48.3 55.4 67.8 62.8 60.7 60.9 62.2 58.6 55.9 53.1 31.8 -2 -2 -2 -2 -2 -2 -2 -2 -2 -2 -2 -2 -2 -2 -2 -2 -2 -2 -2 -2 -2 -2 -2 -2 -2 -2 -2 -2 -2 -2 -2 -2 -2 -2 -2 -2 -2 -2 -2 -2 -2 -2 -2
52.2 50.9 50.2 50 49.4 48.8 48.4 46.9 49.2 51.2 52.9 54.1 54.7 55 55.5 55.5 54.8 53.9 53.1 52.9 53.2 54.8 56.9 57.4 56.4 55.5 55.5 56.2 56 55.8 56.1 56.6 57 58 56.3 55.1 55.2 55.2 55.6 55.8 57.6 56.7 54 57 66.6 67.3 66.6 65.8 66.5 59.7 61.4 50.6 31 19 -2 -2 -2 -2 -2 -2 -2 -2 -2 -2 -2 -2 -2 -2 -2 -2 -2 -2 -2 -2 -2 -2 -2 -2 -2 -2 -2 -2 -2 -2 -2 -2 -2 -2 -2 -2 -2 -2 -2 -2 -2 -2
51.8 50 49.3 49.3 48.4 47.4 47.9 45.8 50.2 53 54.7 55.9 56.4 56.9 57.3 57.5 56.8 56 55.2 54.2 54.7 55.3 56.6 57.8 59.1 59.9 62.7 69.6 64 61.4 57.6 53.2 55.7 56.1 53.5 55.3 56.3 56.3 56.5 57.8 61.6 54 60 61.4 64.6 73 72.9 73.3 68.9 58.9 51.1 38.9 31.1 22.2 -2 -2 -2 -2 -2 -2 -2 -2 -2 -2 -2 -2 -2 -2 -2 -2 -2 -2 -2 -2 -2 -2 -2 -2 -2 -2 -2 -2 -2 -2 -2 -2 -2 -2 -2 -2 -2 -2 -2 -2 -2 -2
49.6 45.8 45.8 45.8 45.8 45.8 45.8 45.8 50.7 52.9 54.1 55 56 56.7 57.5 58.5 58.6 58.2 57.2 55.5 54.8 55 56.1 57.3 59 62.4 65.3 73.5 71.1 65.1 58.6 53.2 53.2 53.2 53.2 57 58.2 60.6 62.2 56.6 55.8 54.9 61.3 67.4 70 72 77 75.9 65.1 55.6 44.9 42.8 33.2 11.4 -2 -2 -2 -2 -2 -2 -2 -2 -2 -2 -2 -2 -2 -2 -2 -2 -2 -2 -2 -2 -2 -2 -2 -2 -2 -2 -2 -2 -2 -2 -2 -2 -2 -2 -2 -2 -2 -2 -2 -2 -2 -2
45.8 45.8 46.8 47.4 45.8 45.8 45.8 45.8 49.5 52.8 53 52.8 53.4 54.1 55 55.8 57.1 58.8 57.3 55.8 53.2 53.2 53.2 53.2 59 63.4 65.6 69.7 69.3 62.9 53.4 53.2 53.2 55.1 58.7 59.1 64.7 65.7 64.6 60.8 56.4 56.3 66 73.6 73.9 73.6 76.8 71.4 67 59.6 47.6 51.3 47.8 37.5 29.9 -2 -2 -2 -2 -2 -2 -2 -2 -2 -2 -2 -2 -2 -2 -2 -2 -2 -2 -2 -2 -2 -2 -2 -2 -2 -2 -2 -2 -2 -2 -2 -2 -2 -2 -2 -2 -2 -2 -2 -2 -2
45.8 45.8 46.9 45.8 45.8 45.8 45.8 45.8 45.8 48 48 51.4 51.7 52.7 53.3 53.6 55 53.8 55.8 54.9 53.2 53.2 53.2 53.2 53.2 57.7 62 62.1 61.1 55.1 53.2 53.2 53.5 59.3 62.1 66.1 66.3 71.4 66 62.4 57.4 57.5 64.5 73.3 75.1 76.9 73 73.2 70.6 57.8 50.3 50.7 57.2 52.8 40.5 -2 -2 -2 -2 -2 -2 -2 -2 -2 -2 -2 -2 -2 -2 -2 -2 -2 -2 -2 -2 -2 -2 -2 -2 -2 -2 -2 -2 -2 -2 -2 -2 -2 -2 -2 -2 -2 -2 -2 -2 -2
45.8 49.1 48.5 45.8 45.8 45.8 45.8 45.8 45.8 45.8 49.8 51.9 53.3 56.4 58.9 57.6 55 56.6 56.1 56 53.2 53.2 53.2 53.2 53.2 53.2 58.1 56.7 53.2 53.2 53.2 53.2 55.8 65.5 71.9 73.2 70.1 71.8 69.8 62.4 61.3 66.7 64.5 70.4 75.9 78.5 77.3 71.4 68.5 50.6 50.3 59.6 69.1 64.7 50.6 -2 -2 -2 -2 -2 -2 -2 -2 -2 -2 -2 -2 -2 -2 -2 -2 -2 -2 -2 -2 -2 -2 -2 -2 -2 -2 -2 -2 -2 -2 -2 -2 -2 -2 -2 -2 -2 -2 -2 -2 -2
51.6 53.4 50.2 45.8 45.8 45.8 45.8 45.8 45.8 45.8 45.8 46.6 53.4 55.7 57.5 57.7 53.2 54.5 57.5 57.5 54.6 53.2 53.2 53.2 53.2 53.2 53.2 53.2 55.6 55.2 53.2 53.2 59.2 70.8 71.3 77.2 74.3 73.1 66.8 63.3 63.9 71.5 67.6 67.8 75 78.6 83.3 70.1 53.2 51.4 51.8 64.8 71.1 58.9 42.6 -2 -2 -2 -2 -2 -2 -2 -2 -2 -2 -2 -2 -2 -2 -2 -2 -2 -2 -2 -2 -2 -2 -2 -2 -2 -2 -2 -2 -2 -2 -2 -2 -2 -2 -2 -2 -2 -2 -2 -2 -2
56.7 55.1 52.6 47.6 45.8 45.8 45.8 45.8 45.8 45.8 45.8 45.8 51.4 55.5 57.5 56.6 53.2 53.2 58.6 56.4 54.1 53.2 53.2 53.2 53.1 53.2 56.9 59.2 63.5 65.5 63.6 58.5 55.1 62.3 66.5 69.9 74.5 73.6 74.8 67.5 73 73.9 69.7 70.3 71.2 80.4 82.7 69.9 53.3 52.7 60.4 67.2 67.4 64.7 57.3 51.1 -2 -2 -2 -2 -2 -2 -2 -2 -2 -2 -2 -2 -2 -2 -2 -2 -2 -2 -2 -2 -2 -2 -2 -2 -2 -2 -2 -2 -2 -2 -2 -2 -2 -2 -2 -2 -2 -2 -2 -2
58.1 54.7 50.9 45.8 45.8 45.8 45.8 45.8 45.8 45.8 45.8 45.8 50.4 53.3 56.5 56.4 54.8 53.2 53.2 55.9 55.1 53.2 53.2 55.1 57.2 59.5 59.4 63.2 66.9 68.1 63.7 62.9 64.2 59.5 65.8 71.5 78.2 78.3 74 69 72.2 75.1 72.6 73.5 72.6 73 81.1 73.7 58.5 62.8 76 72.6 70.3 71.2 66.6 60.9 38.7 -2 -2 -2 -2 -2 -2 -2 -2 -2 -2 -2 -2 -2 -2 -2 -2 -2 -2 -2 -2 -2 -2 -2 -2 -2 -2 -2 -2 -2 -2 -2 -2 -2 -2 -2 -2 -2 -2 -2
57.8 55.2 51.3 49.3 47.7 45.8 45.8 45.8 45.8 45.8 45.8 45.8 49.1 53.8 56.1 56.6 57.8 55.8 53.2 53.2 56.2 59.3 58.6 60.2 58.4 62.1 66.3 68.3 66.5 65.6 66.1 65.8 69.3 66.3 69.4 70.6 71.1 77.2 79 70.6 75.3 76 76.1 74.2 83.4 74.6 76 77.1 67 66 73.7 79.7 83.1 77.4 72.9 60.6 44.2 -2 -2 -2 -2 -2 -2 -2 -2 -2 -2 -2 -2 -2 -2 -2 -2 -2 -2 -2 -2 -2 -2 -2 -2 -2 -2 -2 -2 -2 -2 -2 -2 -2 -2 -2 -2 -2 -2 -2
55.1 50.7 49.7 47.8 45.8 45.8 45.8 45.8 45.8 45.8 45.8 45.8 52.6 56.2 57.2 57.6 59.3 57.9 54.6 53.2 58.7 62.2 61.4 60.7 60.5 60.7 61.7 60.8 63.9 66 70.4 70.7 74.5 73.9 68.2 72 70.1 73.7 74.6 75.1 75.5 76 72 78.4 82.4 77.8 72.6 68.3 70.8 71.7 79.1 78.9 81.4 75 70.4 53.7 37.3 -2 -2 -2 -2 -2 -2 -2 -2 -2 -2 -2 -2 -2 -2 -2 -2 -2 -2 -2 -2 -2 -2 -2 -2 -2 -2 -2 -2 -2 -2 -2 -2 -2 -2 -2 -2 -2 -2 -2
45.8 45.8 49.8 48.7 45.8 45.8 45.8 45.8 45.8 45.8 45.8 45.8 53.3 56.6 57.3 59.3 60.4 61.1 58.7 53.4 53.2 56.7 60.2 61.5 62.6 62.5 60.8 62.2 63.8 64.2 67.9 71.1 72.8 74.4 71.7 68.8 70.4 68.8 68.8 76.6 75.3 72.8 72.2 77.6 78.4 76.7 77.2 68.4 69 77.2 80.7 78.6 81.6 78.2 63.1 56.1 31.8 -2 -2 -2 -2 -2 -2 -2 -2 -2 -2 -2 -2 -2 -2 -2 -2 -2 -2 -2 -2 -2 -2 -2 -2 -2 -2 -2 -2 -2 -2 -2 -2 -2 -2 -2 -2 -2 -2 -2
45.8 45.8 45.8 48.4 45.8 45.8 45.8 45.8 45.8 45.8 45.8 45.8 45.8 51.6 57.5 60 64.3 63.4 61 59 57.3 58.6 61 63.1 63.5 63.1 62.6 63.5 64.2 64.2 64.7 67.6 70.2 71.2 72.5 68.2 68.8 68.8 68.8 74.7 72.4 72.2 72.2 76.2 76.4 76.1 71.5 71 77.7 74.5 79.6 78.1 80.1 70.2 69.6 58.7 32.8 11.8 -2 -2 -2 -2 -2 -2 -2 -2 -2 -2 -2 -2 -2 -2 -2 -2 -2 -2 -2 -2 -2 -2 -2 -2 -2 -2 -2 -2 -2 -2 -2 -2 -2 -2 -2 -2 -2 -2
45.8 49.3 53.7 50.6 49.8 47 48.7 46.6 45.8 46.3 45.8 45.8 45.8 45.8 52.6 55.6 63.1 63.2 60.6 59.3 59.9 61.3 63.4 63.9 64.6 64.5 63.4 63.1 63 64 63.5 65.2 67.4 69.5 71 69.9 68.8 68.8 68.8 71.6 74 74 72.2 77.4 76.6 75.8 74.6 72.6 82.3 76.5 74.7 77.6 76.9 58.2 58.4 48.8 24.3 -2 -2 -2 -2 -2 -2 -2 -2 -2 -2 -2 -2 -2 -2 -2 -2 -2 -2 -2 -2 -2 -2 -2 -2 -2 -2 -2 -2 -2 -2 -2 -2 -2 -2 -2 -2 -2 -2 -2
45.8 57 56.2 52.6 51.3 49.1 48.8 48.8 46.7 45.8 45.8 45.8 45.8 45.8 45.8 50.5 58.2 57.1 58 59 60.6 61.5 62.1 62.9 63.7 64.7 62.6 61 61.5 60.5 61.8 63.7 65.9 68.1 70.4 71.4 71.2 70.5 70.6 72.6 78.8 77.8 77 80 76.6 77.2 74.6 71.1 78 85.4 78.8 67.8 71.5 58.7 50.7 38.4 20 -2 -2 -2 -2 -2 -2 -2 -2 -2 -2 -2 -2 -2 -2 -2 -2 -2 -2 -2 -2 -2 -2 -2 -2 -2 -2 -2 -2 -2 -2 -2 -2 -2 -2 -2 -2 -2 -2 -2
45.8 55.7 54.4 51.9 50.6 48.9 48.5 45.8 45.8 45.8 45.8 45.8 45.8 45.8 45.8 45.8 50.4 57 55.2 58.6 60.5 61.9 62.8 61.4 61 61.3 59 57.7 57.3 56.9 57.7 61.8 63.5 66.4 70.4 77.9 79.7 75.8 72.6 72.7 73 74.7 79.1 77.2 75.4 78.9 77.2 68.8 74.9 81.7 76.8 62.8 63.1 60.7 49 36 12.3 -2 -2 -2 -2 -2 -2 -2 -2 -2 -2 -2 -2 -2 -2 -2 -2 -2 -2 -2 -2 -2 -2 -2 -2 -2 -2 -2 -2 -2 -2 -2 -2 -2 -2 -2 -2 -2 -2 -2
45.8 45.8 52.7 50.6 50 49.1 47.4 45.8 45.8 45.8 45.8 45.8 45.8 45.8 45.8 45.8 55.6 58 58.2 55.2 60.6 60.2 59.4 59.4 58.8 58.6 58.5 54 53.7 53.7 53.7 58.2 60.8 64.9 73.6 79.3 80.6 78.7 75.2 71.6 69.7 70.3 74.6 72.2 76.4 77.8 76.5 66.3 65.8 78 72.5 63.7 63.8 65.5 61.1 41.7 10.2 -2 -2 -2 -2 -2 -2 -2 -2 -2 -2 -2 -2 -2 -2 -2 -2 -2 -2 -2 -2 -2 -2 -2 -2 -2 -2 -2 -2 -2 -2 -2 -2 -2 -2 -2 -2 -2 -2 -2
45.8 45.8 46.6 48.8 49.9 49.2 48.9 49 49.5 48.9 49.5 49 45.8 45.8 47.5 51.9 57.4 58.8 56.7 55.2 60.8 59 57.3 58.8 57.7 57.1 55.1 53.7 53.7 53.7 53.7 53.7 58 67.5 75.1 79.7 77.8 77.3 76.6 70.8 68.2 67.6 67.1 64.9 73.6 76.3 77.4 63.3 62.4 70.9 68.7 63.4 68.4 74.9 68.9 45.2 18 -2 -2 -2 -2 -2 -2 -2 -2 -2 -2 -2 -2 -2 -2 -2 -2 -2 -2 -2 -2 -2 -2 -2 -2 -2 -2 -2 -2 -2 -2 -2 -2 -2 -2 -2 -2 -2 -2 -2
48.3 46.8 46.9 48.5 49.6 49 49.2 50.2 50.5 50.6 52.5 54.1 53 48.6 55.5 55.8 58 59.7 59.4 55.2 59.2 60 56.4 53.7 53.7 53.7 56.9 53.7 53.7 53.7 53.7 53.7 58.6 74.7 77.2 76.4 75.1 76.3 74.6 74.2 66.5 65.3 61.6 59.7 69.7 71.6 72.2 61.7 63.1 67.6 69.3 66.3 71.8 78.2 72 54.9 42.5 -2 -2 -2 -2 -2 -2 -2 -2 -2 -2 -2 -2 -2 -2 -2 -2 -2 -2 -2 -2 -2 -2 -2 -2 -2 -2 -2 -2 -2 -2 -2 -2 -2 -2 -2 -2 -2 -2 -2
47.7 46.3 46.3 47.9 48.8 49 49.8 50.2 51 54.5 56 57.2 57.4 55.7 57.4 65.9 64.2 60.9 60.9 59.7 55.2 56.7 54.5 53.7 53.7 53.7 57.6 53.7 53.7 53.7 53.7 53.7 68.4 74.1 77.8 72.2 74.8 75 73.2 72.5 67.2 60.3 56.5 56.5 65.1 67.5 69 59.6 67.3 70 71.9 70.2 70 79 70.6 63.9 59.3 23 -2 -2 -2 -2 -2 -2 -2 -2 -2 -2 -2 -2 -2 -2 -2 -2 -2 -2 -2 -2 -2 -2 -2 -2 -2 -2 -2 -2 -2 -2 -2 -2 -2 -2 -2 -2 -2 -2
46.8 46.4 46.2 47.4 48.6 49.5 50.3 51 56.7 60.8 60.8 60.5 60.5 64.9 63.6 65.4 63.7 62.2 61.6 60.1 57.8 56 53.7 53.7 53.7 53.7 55 53.7 53.7 53.7 54.8 55.8 64.6 72.3 65.9 70.1 71.4 76.4 72.2 70.9 69.9 64.5 56.5 56.5 66.4 63.9 58.9 60.2 70 68.8 78.7 78.9 74.7 79 83.5 75.7 58.7 30 27.8 -2 -2 -2 -2 -2 -2 -2 -2 -2 -2 -2 -2 -2 -2 -2 -2 -2 -2 -2 -2 -2 -2 -2 -2 -2 -2 -2 -2 -2 -2 -2 -2 -2 -2 -2 -2 -2
