Game/Highland_Data/StreamingAssets/GeoData/Data/nb/NB54.asc
ncols 200
nrows 200
xllcorner 150000
yllcorner 940000
cellsize 50
[rows 0 to 37 of 200, columns 0 to 84 of 200]
107.8 105.4 105.6 106.7 107.4 107.4 107 106.9 107.8 108.5 109 108.7 107.7 104 101.8 102.3 103.2 103.2 104.4 104.7 105 103 98.8 94 97.3 97.7 98.2 99.4 103 105.7 107.6 106.5 103.9 100.6 98.8 91.8 87.3 86.4 87.6 90.3 90.5 88 80.6 73.4 67 64.6 63.7 64.8 64.4 66.1 67.4 69.3 72.6 82.7 90.4 90.3 85 72.2 54.7 41 32.6 25.9 17.1 11.7 9.2 6.8 5.7 8.8 10.6 9.6 7.2 2 1 0 -1 -1.9 -1.9 -1.9 -1.9 -1.9 -1.9 -1.9 -1.9 -1.9 -1.9
107.2 105.1 103.8 105.6 106.1 106 105.7 104.7 105.8 106.7 107.9 107.7 106.5 103.3 101.9 100.8 101.8 103 104.8 105.7 105.8 104.8 98.8 94.5 96.9 97.6 98.7 100.2 104.3 107.9 109.2 109.5 108.1 104.6 101.7 100.7 97.9 98.2 98.8 97.6 94.8 88.9 82.7 77.2 72.8 66.5 65 65.1 65.6 66.4 66.6 69 71 82.5 91.9 92.9 94.9 97.2 90.6 58.8 39.5 27.1 19.1 14.2 10.6 9.6 9.8 6.8 -1.9 -1.9 -1.9 1.8 0.9 0 -0.9 -1.9 -1.9 -1.9 -1.9 -1.9 -1.9 -1.9 -1.9 -1.9 -1.9
106.8 105.3 103.3 103.8 104.5 104.7 101.9 101.3 103.6 105.2 106.6 106.1 105.2 102.7 100.5 101.2 100.3 103 104.5 106.7 107.6 104.8 99 96.5 96 96.4 98.6 102.1 105.6 110.9 113.3 112 109.2 107.1 106.8 106.7 105.2 104.7 106.8 106.5 101.2 95.8 89.9 79.4 74.4 67.9 65.3 66.3 67 67.7 67.7 68 69.3 76.2 89.5 92 94.5 97.6 100.4 93 71.1 36.4 18.4 11.9 8.6 7.3 7.6 7.9 8.4 -1.9 0 1.6 0.7 -0.1 -1 -1.9 -1.9 -1.9 -1.9 -1.9 -1.9 -1.9 -1.9 -1.9 -1.9
106 104.6 100.4 100.4 100.4 100.4 100.4 100.4 100.4 103.7 105.2 105.3 104 101.6 99.8 101.7 101.1 102.5 104.4 105.2 107.6 104.8 99.2 97 95.9 95.2 98.7 102.3 107.8 112 113.9 115.1 112.7 112.1 110.6 110.9 110.2 111.5 113 113 109.3 103.5 98.9 90 81.8 71.1 65.1 66.2 66.5 66.5 68.8 69 69.7 76 83 83.8 87.1 90.7 94.7 92.2 83.1 60.7 35.3 17.8 8.6 6.3 6.4 6.4 6.5 5.9 1.9 1.4 0.6 -0.1 -0.7 -1.3 -1.9 -1.9 -1.9 -1.9 -1.9 -1.9 -1.9 -1.9 -1.9
103.3 101.7 100.4 100.4 100.4 100.4 100.4 100.4 100.4 101.9 104.8 104.5 102.7 100.8 100.9 102 99.7 101.6 103.9 104.7 104.1 104.4 98.8 97 95 97 99.9 103.4 108 111 114.6 116.9 118.7 117.6 116.3 115.2 116.1 116.6 117.3 117.8 117.7 113.9 102.6 96.1 89.2 80 72.4 73.4 72.2 72.1 79.4 75.1 72.1 74.5 76.9 81.6 83.1 84.3 84.6 82.6 75.9 63.3 48.8 36.2 23 9.6 6.4 6.4 6.9 6.8 2.9 1.6 1 0.4 0 -1 -1.9 -1.9 -1.9 -1.9 -1.9 -1.9 -1.9 -1.9 -1.9
103.5 101.7 100.4 100.4 100.4 100.4 100.4 100.4 100.4 100.4 101.6 102.1 102.1 102.1 101.1 102 100.6 101.7 103.7 104.5 101.8 99.9 98.4 97.2 96.2 99.3 102.1 104.4 107 110.4 113.2 116.2 118.8 120.2 120.8 120.9 122.3 123.7 123.7 121.6 119.2 118.7 114.7 107.4 99.1 86.8 78.6 75.1 75.2 76.7 80.1 76.7 75.3 76.1 79.9 83.1 85.6 87.6 86.6 83.8 77.5 74.2 66.2 50.7 37.8 30.7 14.7 9.8 7.1 7.5 11.3 2.1 1.6 1.2 0.4 0.2 -1.9 -1.9 -1.9 -1.9 -1.9 -1.9 -1.9 -1.9 -1.9
105.9 104.4 103.5 100.4 100.4 100.4 100.4 100.4 100.4 103.2 103.8 104.1 103.1 101.4 102 102.4 101.1 100 101.1 100.7 100.3 99 98.3 96 99 102.8 104.3 105.3 107.2 109.9 111.9 114.2 117.2 120.8 123.1 124.6 125.9 125.8 128 125.1 120.1 115.6 115.3 108.7 104.6 101.1 89.6 79.2 78.4 81.9 83.4 82 83.1 87.3 86.3 86.1 85.5 91.2 89.1 87.2 86.7 78.3 68.7 66.4 66.8 54 38.1 23.8 16.5 12.9 12.6 15.5 18.3 2 2.1 1.7 -0.1 -1.9 -1.9 -1.9 -1.9 -1.9 -1.9 -1.9 -1.9
108.1 108.1 108.2 105.7 104.7 104.2 100.4 100.4 100.4 104.1 104.9 104.6 105.1 104.1 102 100.6 101.2 98.5 99.6 100 99.8 97.9 97.3 96.3 98.5 100.3 102.4 104.9 106.7 109 111.3 113.7 116 120.1 123.4 127.1 128.3 127.9 125.3 124.1 121.1 113 106.7 104.9 103.8 103.7 94.2 87.7 87.9 87.7 88.2 90.1 88.3 89.6 90.3 87.8 86.9 90 92.7 89.2 80.8 75.4 70.8 62.7 62.2 60.2 57.8 56.8 41.3 25 19.9 24.9 26.8 28.1 25.2 0.2 1.9 -1.9 -1.9 -1.9 -1.9 -1.9 -1.9 -1.9 -1.9
110.6 109.1 108.7 107.2 105.8 105.5 103.3 103.4 102.6 104.7 104.7 104.8 105.5 103.8 101.6 102.1 102.6 102.6 98.3 98.2 96.5 96.6 95.8 97.1 97.6 100.7 102.3 103.5 105.4 106.9 109 110.5 112.8 115.7 118.2 120.7 123.1 124.8 124.4 122.9 116.4 109.7 104.6 101.7 105.1 104.3 97.5 91.4 90.3 89.3 86.9 84.6 87.2 89.1 92.3 88.4 86.8 86.4 85.7 83 77 72.1 68.3 66 63.8 67.7 72 72.5 62.3 48.8 36 35.1 33.7 33.3 33.6 35 32.1 -1.9 -1.9 -1.9 -1.9 -1.9 -1.9 -1.9 -1.9
111.8 109.6 108.4 107.5 106.8 105.8 105.7 104.9 105.3 104 104.7 104.6 105.1 104.7 103.8 102.8 104 104.6 101.4 99.8 99.3 98.7 99 100.7 100.7 101.5 102.1 103.1 103 103.4 105.3 106.6 108 110.4 113.1 115.9 119.9 122.1 122.8 118.6 115.3 104.2 100.2 96.2 97.4 98.8 97.8 94.3 95.1 90.6 88.3 82.5 81.6 85 88.3 88.5 89.2 87.2 84.6 82.1 78.6 71.8 68.9 69.7 68.6 72.4 79.3 78.2 80.7 73.5 66.8 52 35 29.6 27.7 26.5 20 -0.1 -1.9 -1.9 -1.9 -1.9 -1.9 -1.9 -1.9
111.1 109.4 108.4 107.6 106.8 107.1 106.6 105.9 105.7 104.9 105.1 104.9 105 104.3 103 104 104.3 104.1 101.8 100.8 100 101.5 102.8 104.4 105 102.9 103.5 102.4 101.9 101.1 101.6 103 104.6 106.3 108.6 111.1 112.7 114.1 111.5 110 104.9 100.1 98.1 95.6 93.3 90.9 88.4 89.5 87.8 89.6 85.6 80.1 80.2 84.4 91 92.5 90.6 88.5 84.4 79.9 80.6 73.6 72.6 74 73 79 78.5 78.1 78.5 81 69.2 57 45.6 33.1 23.1 14.4 9.2 0.5 -1.9 -1.9 -1.9 -1.9 -1.9 -1.9 -1.9
112.4 110.2 108.2 107.5 107 107.1 106.7 105.7 105.2 105 103.8 104.7 104.4 104.4 103.8 104.6 104.2 104.5 104.1 102.5 102.4 103.2 104 105.2 105.8 108.6 112.2 108 101.9 99.8 98.7 98.8 100.4 102.2 104.4 105.9 106.4 105.7 104.9 102.2 99.1 95.7 93.9 95.8 88.1 83.8 81.2 80.6 83.1 81.6 78.1 76.4 77.3 85.8 88.5 90 88.7 85.7 79.8 77 76.6 77.7 81.5 76.5 77.8 82.9 83 78.1 79.3 78.3 71.6 53.1 43 30.1 22.4 11.7 1.8 -0.2 -1.9 -1.9 -1.9 -1.9 -1.9 -1.9 -1.9
112.3 110.1 108.3 107.7 107.2 106.5 106.2 105.8 106.3 104.8 104.4 104.7 104.8 104.8 104.5 105.7 104.6 105.3 104.3 103.7 103.2 104.1 105 106.5 107.9 110.8 113.9 113.7 107.4 102.6 98.4 95.5 96.2 96.9 97.7 99.6 100.5 99.9 97.8 95.6 93 90.3 88.6 87.3 82.4 77.9 75.1 74.4 73.7 73.2 72.7 73 74.9 78.2 79.7 81.1 80.5 81.6 76.4 75.3 77 82.6 80.9 77.6 78.4 82.1 81.6 79.7 72.5 69.2 56.9 46 37.3 25 22.1 13.4 0.9 -1.9 -1.9 -1.9 -1.9 -1.9 -1.9 -1.9 -1.9
112.2 111.1 109.4 108.3 107.6 107.9 107.8 106.9 106.1 105.8 105 104.8 104.9 105.1 104.6 105 105.1 105.6 105.6 104.5 104 105.9 106 108.9 110.7 111.4 112.3 113.6 111.8 110.2 104.6 101.8 96.8 93.9 93.5 92.4 92.9 94 92.2 89.2 85.9 84 82.4 79.5 76.5 75.3 74.8 73.8 72.9 72.2 71.7 72 73.5 73.6 73.7 73.8 73.8 73 72.3 73.5 77.7 82 78.4 74.6 76.1 79.4 72.4 64.7 55.9 49.8 45.8 40.9 30.5 20.9 12.8 -1.9 -1.9 -1.9 -1.9 -1.9 -1.9 -1.9 -1.9 -1.9 -1.9
112.6 111.4 110.1 109.2 108.7 108.4 108.2 107.5 105.5 105.7 104.5 104.5 104.9 105.1 104.4 105.1 105.6 106 105.8 105.3 105 105.5 107.2 110.2 110.7 112 112.8 114.8 115.3 112.8 111 109.6 105.8 101 96.9 92 88.6 87.2 84 81.2 78.5 77.1 77 74.6 73.8 74 72.8 72.6 71.7 71.7 71.2 71.9 73.1 71.1 70.9 70.8 71.4 70.1 70.6 70.7 71.6 72.1 73.3 70.4 64.7 63.2 58.3 46.8 39.6 32.8 28.8 24.4 -1.9 -1.9 -1.9 -1.9 -0.1 -0.1 -0.2 -1 -1.9 -1.9 -1.9 -1.9 -1.9
112.9 111.7 110.5 110.6 109.4 108.4 108.4 107.4 106.3 105.5 104.2 104.3 103.2 100.7 100.7 100.7 100.7 105.4 105.4 104.8 103.8 102 105.5 109.4 111.6 112.3 113.6 114.6 115.1 114.9 112.4 112.3 112 110.3 106.4 102.8 97.9 98.3 94.4 93.4 86.1 79.1 75 74.1 73.5 72.4 71.9 71.9 72.2 73.8 74.2 76.6 80.1 79.9 77.4 77.2 73.6 73.1 73.1 73.3 69.4 67.5 64.4 58.6 53.7 46.1 38.6 31.8 26.9 21 -1.9 -1.9 -1.9 4.6 8.4 8.9 2 1.2 0.3 -0.5 -1.9 -1.9 -1.9 -1.9 -1.9
113.3 112.2 111.4 110.3 109.2 108.6 108.8 107.9 107.3 107 105.9 104.8 103.1 100.7 100.7 100.7 100.7 100.7 104.6 105.2 103.8 102 102.9 109 111.3 112.7 114.8 115.8 116.1 116 113.4 113.6 113.9 114.6 111.5 109.1 106.4 105.9 100.4 97.1 92.4 86.7 80.3 77 75.6 74.1 73.1 74.1 76.2 87.6 93.6 89.5 87.6 85.7 90.2 94.8 92 87.1 83.3 81 85 74.2 73.4 59.6 46.6 34.2 28 23.4 17.5 10.9 4.3 -1.9 2.9 7.5 8.2 9.1 8.7 1.7 0.8 0 -0.7 -1.9 -1.9 -1.9 -1.9
112.6 111.8 111.4 110.6 109.7 109.2 108.5 107.9 108.1 107.6 106.9 105.7 103.6 100.7 100.7 100.7 100.7 100.7 104.4 104.3 103.8 102 102 107.4 111.7 112.4 113.4 115.3 115.5 114.5 112.1 112 112.1 111.4 110.7 108 106.1 103.3 99.7 94.3 90 87.1 86.2 84.1 83 88 94.4 92.1 89.2 94.9 97.8 93.4 91.5 93.6 94.5 95 93.7 90.7 90.8 86.8 81.5 73.3 67.4 61.8 60.1 43.1 33.8 24.9 17.6 12 7.4 4.7 9.8 7 8.7 13 11.1 4.4 1.4 0.6 -0.2 -1 -1.9 -1.9 -1.9
113.3 111.9 111.3 111.1 110.5 110.2 109.4 108 107.8 107.9 107.6 106.2 104.3 102 100.7 100.7 100.7 100.7 100.7 100.7 103.1 102.7 102.8 106.2 110.6 111.8 113.3 114 111.9 111 111 112 111.8 110.2 109 106.6 103.7 100.9 98.2 94.7 92.9 92.5 94.4 94.1 94.3 98.7 97.4 95.4 94.4 97 96.6 94.2 93.8 97.6 98.2 97.8 94.3 90.4 87.8 85.7 85.1 79.9 67.7 59.4 47.4 36.3 29.8 23.7 23.2 22.8 22.1 22.5 27 23.2 19.4 9.3 11.7 12.6 1.9 1.1 0.4 -0.4 -1.9 -1.9 -1.9
112.9 111.8 111.6 111.1 110.2 109.6 108.8 107.7 107.3 107.4 107.9 105.5 100.8 100.7 100.7 100.7 100.7 100.7 100.7 100.7 100.7 103.2 105.9 108 110.3 110.6 111.9 112.3 111 111 111 112.5 111.9 111 110.2 107.8 106.3 101.4 98.5 96.8 96.3 97 99.6 100.7 103.2 101.3 99.9 98.5 99.3 100.3 99.1 96.4 96.4 98.2 98.1 96.4 96.3 93.8 90 89.6 90.6 87.1 68.8 53.7 45.9 36 31 27.9 27.2 31.6 32.9 33.5 31.3 31.8 35 21.7 21.2 10.7 7.8 1.7 0.9 0 -1 -1.9 -1.9
112.4 110.6 111.1 110.6 109.5 108.8 108.5 107.5 107.1 106 107.2 106.9 102.1 100.7 100.7 100.7 100.7 100.7 100.7 100.9 104.5 105.4 105.5 106.6 108.7 109.7 110.5 111.1 111 111 112.3 113.9 115.6 122 115.1 109.7 104.6 103.3 100.3 100.7 98.3 99.1 103.3 105 103.7 102.2 101.4 100.7 100.5 101 99.7 100.5 97.4 100.9 101.1 96.8 93.9 91.4 90.6 89.7 87.6 78 65.8 54.6 44.6 37.7 34.7 30.5 32.6 39.8 42.9 39.4 36.2 36 33.6 23.2 11.6 13.9 11.2 3.9 1.3 0.3 -0.7 -1.9 -1.9
112.7 111.2 110.6 110 108.8 108.1 108 107.4 107.2 106.5 106.4 106.5 105.5 102.3 100.7 100.7 100.7 100.7 102.4 105 105 103.6 105.3 106.3 107.5 109.1 108.1 110.1 110.8 111 114.6 115.3 114.4 114.9 119.1 114.2 107.6 99.3 96.7 96.7 96.7 98.6 106.1 105.4 103.7 105.7 103 100.7 103.1 104 100.8 96.9 95.8 98.4 100.1 95.1 92.7 91.1 89.6 86.5 79.8 67.2 53.5 47.6 43.8 45.6 40.7 35.3 39.5 45.9 45.7 42.7 39.4 34 28.3 22.4 14.5 14.5 9.3 12.6 1.9 0.9 -0.2 -1.9 -1.9
112.4 111.8 110.7 109.1 108.6 108 106.8 106.9 106.7 106.9 105.5 103.9 104.4 101.9 100.7 100.7 100.7 100.7 104.4 104.1 102.2 100.7 104.9 106.1 107.2 108.9 107.1 109.1 109.7 110.2 112 110.3 111.4 112.5 114 113.7 113.9 106.6 97.2 96.7 96.7 97.9 106.1 105.4 107.4 108.4 104 102.5 103.8 104.3 101.2 97.1 96.6 100.5 100.7 96.3 91 89.4 85 78 70.6 55.4 48.3 46.4 45.4 43 39.6 41 48.8 50.5 50 46.7 41.6 33.9 27.6 24.2 18.1 8.4 17.5 12.7 6.5 1.6 0.5 -0.4 -1.9
112.9 112.1 111.6 109.6 106.8 107.3 105.8 105.7 106.3 107.2 106.7 105.3 103.8 102.6 100.8 100.7 100.7 100.7 103 100.7 100.7 100.7 105.3 105.9 105.6 106.3 106.2 107.9 109.4 109.9 109.8 107.8 104.7 105.7 109.5 107.3 104.6 103 101.2 96.7 96.7 104.1 108.1 107.4 107.1 103.8 100 98.7 102.5 101.5 99.5 97.7 95.8 100.7 99.8 94.1 89.7 82.1 75.4 66.6 54.5 47.3 46.7 46.2 49.2 44.7 45 49.4 51.4 53.4 50.6 46.6 40.7 34.6 26.8 25.5 15.4 28.2 27.3 10.3 13.1 3.5 1.3 0.4 -0.6
113.9 112.6 112.5 110.8 108.1 107.9 106.4 106.9 106.8 107.4 106.5 105.7 104.7 105.9 104.9 102.1 100.7 100.7 100.7 100.7 100.7 100.7 104.3 105.5 105.1 103.1 105.4 107.1 108.1 110.4 109.4 105.8 100.9 96.7 99.2 96.9 96.7 96.7 96.7 96.7 101.8 108.8 112.7 111.1 107.2 101.8 99.5 93.7 95.1 97.3 98.4 95.1 94.9 97.8 95.8 91.2 83.5 74.7 66.7 55.1 47.7 46.7 47.4 46.9 46.8 47.3 47.9 51 53.6 57.7 57.3 51.6 44.1 37.2 29.3 25.6 27.3 30.2 32.6 19.5 8.5 12.2 2 1.1 0.1
114.6 113 112.3 111.2 110.2 109.1 108.1 107.9 107.9 107.4 106.9 105.2 107.1 108.3 107.2 104.8 105.1 102.9 100.7 100.7 100.7 100.7 104.5 105.2 104.5 103.1 103.9 105.3 104.5 104.5 104.9 103 96.7 96.7 96.7 96.7 96.7 96.7 98 101.9 107.3 112.1 112 110.1 107.6 103.9 95.7 89.4 89 92.2 88.9 87.9 93.9 96.3 96.9 92 84.6 73.2 60.9 50.4 47.8 47.3 50.7 48.3 48.4 51.2 50.9 52.3 54.3 60.6 62.2 56.4 49.1 39.5 32.4 29.4 32.3 34.8 35.2 28.2 12.2 11.4 7.6 1.7 0.7
114.6 113.2 112.5 111.3 109.8 108.8 108.3 108 108.8 108.3 107 107.1 107.6 107.9 107.7 105.6 101.9 100.7 100.7 100.7 100.7 100.7 104.8 105 104.4 102.9 102.8 102.2 101 99.4 96.9 96.7 96.7 96.7 96.7 96.7 96.7 96.7 98.7 104.5 108.9 112.3 110.1 107.3 103.9 101 93.7 85.5 82.8 82.5 85.6 81 89.2 91.8 85 82.7 75.4 64.2 58.2 48.7 48.6 52.6 55.2 54.3 57.9 58.2 53.5 53.7 54.3 60 62.4 60 50.6 41.6 34.5 34.4 37.5 42.3 41.5 37.8 23.8 18.1 11.2 4.2 1.5
114.7 114.1 113 111.4 110.6 109.7 109.1 109.1 109.5 109.1 109.2 109.2 108.6 108.4 108.4 107.1 102.7 100.7 100.7 101 100.7 103.4 103.4 103.7 103.5 102 100.7 101.5 99.9 96.7 96.7 96.7 96.7 96.7 96.7 96.7 96.7 99.7 103.2 106.8 111.3 111.5 111.4 106.5 95.2 91.7 89.7 84.4 83.3 84.7 82.6 78.2 79.6 74.8 76.1 70.1 65.5 57 54.1 54.6 59.1 61 62 62.4 61.6 59.3 56 55.4 55.9 60.6 62 56.9 51.1 42.6 41 39.7 41.3 45.2 42.9 38 35 24.1 19.4 12.9 3
114.8 113.5 113.3 112.5 111.7 111.2 110.3 110.5 110.7 110.6 110.3 109.6 109.5 108.5 108 106.7 104.8 103.9 103.6 103.2 101.1 100.7 102.6 103 102.8 100.9 100.1 100.6 98.5 96.7 96.7 96.7 96.7 96.7 98.8 104.2 107.4 106.1 108 111.3 112.5 111.5 110.5 104.7 91.6 85.2 84 82.9 82.8 82.8 93.3 87.1 78.4 69.2 61.8 60.1 56.4 54.1 54.7 63.6 64.3 73.7 75 68.7 65.8 62.5 64 58.8 59.3 58.7 58.4 56.1 51 46.5 45 44.3 44.8 45.5 43.3 41.4 39.1 28.2 17.8 10.2 10.3
114.2 113 113.3 113.5 112.7 112 112.5 112.4 111.8 111.3 110.6 109.9 110.2 109.3 107.8 106.5 105.3 105.2 104.2 103.9 103.7 102.8 100.9 102 101.6 100.2 99.6 98.9 97.8 97.5 96.7 96.7 100 108.1 110.3 112 112.4 111.1 111.6 113.5 109.3 104.6 99.9 94.5 87.2 85.6 85 87.3 84 92.3 97.4 93.6 86.5 76 64.4 59.4 58.2 56.1 59.8 70.4 77.1 78.2 76.4 74.4 73.3 72.5 67.9 67.3 66.3 62.8 58.5 55 53.5 51.1 52 50.7 49.7 48.2 46.4 46 42.5 35.8 28.6 19.3 8.4
113.8 113 113.6 113.1 112.9 112.8 113.2 112.4 111.9 111.9 111.1 111.5 110.2 109.7 108.4 106.6 105.7 105.3 104 103.3 104 102.7 101.5 101.3 99.8 99 98.1 96.6 98.5 96.7 96.7 99.3 106.5 112.4 114.9 112.7 111.9 113.4 112.7 111.1 110.5 103.1 98.8 97.6 95.5 91.3 96.1 94.2 91.7 98.4 102.7 98.5 97.2 91.1 77 66.6 59.2 70.1 76.4 76.3 78.3 78.4 77.3 81.1 77.7 72.5 75.2 80 74.3 67.4 59.1 54.9 55.5 56.8 56.8 55.6 53.4 51.9 49.7 46.8 43.9 41.6 40.8 29.8 10.5
109.5 107.6 109 109.6 111.5 112.1 113.7 112.8 112 111.8 112.1 111.8 110.4 109.6 108.8 106.7 105.8 105 104 103.3 103.8 102.3 101.5 99.6 97.7 97 96 95.6 98.8 101.8 101.4 103.2 105.9 111 113.6 112 110.9 111.3 110.9 109.6 105.9 102.9 100.1 98.2 96.7 95.7 101.9 102.9 100.5 103.1 105.9 100 97 88.5 81.2 66.8 69.1 73.1 78.5 80.5 82.6 82 80.7 82.2 82.4 76.3 80.3 82.2 76.8 70.7 64.8 59.7 57.9 58.2 58.9 59.2 58.5 54.2 50.6 47.4 44.2 39.6 37.9 37.4 26.6
107.6 107.6 107.6 107.6 107.6 110.9 111.8 112.3 111.2 111.8 112 111.4 110.3 109.6 108.3 107.1 105.9 105.1 104.8 104.8 103.8 102.3 100.6 99 96.1 96 95.4 96.1 97 100.9 100.5 101.3 102.9 108.5 110.8 109.8 109.3 111.6 110.4 107.4 104.3 102.8 100.5 99.3 100 99.8 103.6 104.4 104.1 106.2 102.5 96.4 89.1 85.9 80.2 76.6 77.3 85.2 86.5 85.7 88.3 88.8 86.7 88.7 88.6 82.1 80 84.1 79.3 78.4 72.8 65.2 60.2 59.5 61.9 58.4 57.6 54.9 49.4 44.3 40.1 35.9 30.8 27.5 25.3
107.6 107.6 107.6 107.6 109.1 111.3 111.3 111.4 111.1 111.5 111.6 110.9 109.9 109.2 108 107 106.3 105.7 105.3 105 104 102.3 100.5 98.8 97.5 97.1 96.8 96.3 96.3 94.9 96.1 98.7 101 104.2 107.5 107 107.4 108.3 107.9 106.7 104.6 104.1 102.1 104.7 102 102.3 104.8 105.1 104.9 105.4 100.3 92.8 88.4 83.6 91 85.7 87.5 85.8 90.8 94 97.7 92.2 92.3 94.5 91.5 87.6 80.8 82.5 81.5 80.7 78.8 68.6 60 58.6 57.5 55.5 52.3 49.6 45.5 39.9 34.3 24.3 18.2 11.5 9.5
107.6 107.6 107.6 107.6 109.7 110.5 109.8 110.6 111 111.1 110.8 110.4 109.2 108.8 108.1 107.8 107.4 106.6 105.7 105.2 104.6 103.1 100.9 99.3 98.7 98 98.1 97.9 96.7 94 94 94 98.3 100.9 102.5 104.9 107.2 107.7 107.5 107.1 105.3 105.3 102.8 99.6 99.6 100.8 104.4 105.9 105.3 104.6 99.7 94.1 88 83.4 90.8 92.3 92 93.6 96.1 95.4 98.3 93 93 93.7 91 81.9 77.4 78.4 78.2 74.2 68.2 61.1 58.4 56.8 56.1 54.3 51.6 46.2 41.1 40 36.3 32.7 28.1 23.2 19
112.9 113.3 111.6 110.9 109.8 108.2 108.2 110.3 110.4 110.2 110.1 109.8 108.2 108.3 108.1 107.6 107.5 106.7 105.9 104.8 105.1 103.6 101.4 100.4 99.4 98.5 98.3 98.9 98.3 95.2 94 94 96.1 100.1 102.2 105 107 107.7 107.7 107.5 105.3 104.3 99.6 99.6 99.6 100.8 107 107.4 105.7 101.3 96.6 95.1 86.3 84.3 87.4 90.9 95.4 98.1 95.9 96.4 94.6 93.8 95 92.9 86.9 78.2 73.9 74 75.6 70.3 64.4 60.5 57.9 56.5 54.9 53.1 50.2 52.4 49.4 46.1 45.2 38.2 32.3 26.7 20.1
114.2 113.2 112 111.5 111.3 110.8 110.1 109.9 109.3 109 109 108.5 107.6 107.7 107.7 107.2 106.7 106.2 105.7 105 104.9 102.9 101.4 100 99.2 97.9 98 98 97.4 94 94 94 94 99.2 102.6 106.3 107.8 108.7 108.2 107.9 107.1 105.8 101.6 99.6 99.6 99.6 105.7 103.9 100.1 99.8 93 88.2 85.3 85.5 88.4 90.7 94.3 96 95.1 96.6 97.7 96.6 94.5 90.7 83.9 77 71.3 70.9 69.7 64 62.3 60.8 61.6 61.8 58.9 58.2 56.5 56.6 53.3 51.4 45.1 38.2 32.1 26.7 26.4
114.5 113.1 112.2 112.3 111.3 110.7 109.8 107 108.3 107.6 107.8 107.3 106.8 106.5 105.6 104.9 104.6 104.9 105.2 105.2 104.8 103.1 101.5 100 98.1 94.2 95.1 94.8 94 94 94 94 94 98.3 103 107.1 108.8 109.8 109.7 109.5 110 108.3 106 99.6 99.6 101.6 104 102.3 99.5 100.7 93.6 87.7 90.3 90.8 90.8 91.7 93.4 93.8 94 94.3 96.8 98.4 98.2 94.6 87.6 77.5 70 66.2 65 63.8 63.1 64.4 65 67.1 67.6 63.1 57.5 54.1 50.3 47 42.1 36.8 33.5 29.8 29
