Assets/StreamingAssets/GeoData/Data/so/SO00.asc
ncols 200
nrows 200
xllcorner 300000
yllcorner 200000
cellsize 50
[rows 140 to 174 of 200, columns 78 to 155 of 200]
450.9 458.3 462.2 464 466.6 466.5 462.6 451.5 446.1 444.1 440.8 438 435.5 433.3 429.8 422.5 413.5 403.8 394.1 385.3 375.3 368.7 362.6 353.3 343.8 331.4 319.4 310.2 299.5 288.9 275.3 263.2 253 247.6 243.3 239.3 234.6 233.7 233.7 228 223.1 218.4 214.2 204.9 192.1 187.4 182.3 181.6 177.6 170.3 163.5 158 144.4 142 145.3 143.4 142.7 142.1 141.5 140.5 143.5 152.2 159.2 163.2 162.4 168.3 186.4 207.3 221 229.3 250.8 263 273.3 287.4 305.8 324.9 344.4 371.7
456.6 462.4 465.1 466.1 467.5 467.2 464 455.9 453.1 453.1 451.9 450.5 448 445.8 442.9 435 426.4 417.9 407.8 397.1 385.8 375.6 365.4 358.5 350.1 341.6 331 319.6 309.7 297.9 284.2 272.5 263.9 259 255.6 252 248.9 247.7 246.1 242.6 240.4 236.6 232 224.5 215.4 205.5 197.7 188.9 181.6 176.5 166.9 159.2 151 136.2 144.6 143.1 142.5 141.8 141.2 139.5 140.2 147 155.5 164.8 163.9 164.1 182.3 203 219.6 220.9 247.6 257.3 268.3 282.2 298.6 318 335.6 359.1
456.1 461.3 464.4 466.1 467.6 468.9 466.2 460.4 460.4 461.2 460.7 458.9 456.9 455.4 452.1 443.8 435.5 426.5 416.1 406.6 396.1 386.4 375.5 365.2 356.8 348.2 340.7 330.9 316.6 303.5 291.2 283.1 276.3 271.6 269.6 266.4 263.5 262.2 257.4 253.1 253.1 251.4 246 240.5 234.2 221.9 212.7 203.9 191.2 181.8 173.9 162 152.1 142.6 140.6 143.3 142.9 142 141.4 140.1 138.5 141.6 153.2 160.8 165.7 160.2 176.2 197.5 215.2 229.7 242.5 252.9 264.8 275.2 292.2 310.4 328.2 350.2
454.2 460 463 464.8 466.6 468.1 468.3 466.4 466.2 466.6 466 464.1 462.5 460.1 455.8 448.1 440.6 433.4 423.8 414.6 405.3 395.6 384.9 374.2 364 354.3 345 337.7 325.6 310.6 300.3 295 290.5 286.6 284.2 281 275.8 272.1 267.9 264.5 262.6 259.4 254.4 250.2 243.8 236.8 225.3 215 203.5 190.2 182 170.1 154.3 145 136.2 143.2 142.9 142.2 141.5 140.9 137.6 138.3 143.6 156.6 163.9 161.1 168.9 190.9 211.3 223.6 236 247.6 259.5 270.9 285.9 305.6 322.4 342.9
450.3 456.3 461.2 463.7 465.3 466.5 467.4 468.2 469.7 470.5 469.9 468.9 467.5 463.4 458.3 452.2 444.2 436.7 428 420 410.6 401.4 392 381.1 369.7 359.2 348.6 341.6 334.1 320.8 313.4 308.9 304.9 298.9 294.6 291.5 287.2 283.7 279.6 275.3 268.8 264.4 259.5 254.5 248.2 241.7 235.4 223.9 212 198.7 185.5 179.6 162.9 147.4 140.8 140.5 143.4 142.7 141.9 140.7 136 138.2 139 148.4 159.9 163.6 164.3 185.5 206.2 217 228.9 241.7 254.7 266 281.2 300.9 318 337.2
445.1 452.4 458 462.6 465.6 467.9 469.1 470.9 473.2 474.5 474.1 473.5 471.1 465.4 460.3 454.9 447.7 438.4 431 422.9 414 405.6 396.7 386 375.7 363.2 352.8 345.9 334.6 328.9 323.9 319.2 313.5 307.8 303.7 299.7 296.5 294.8 285.5 279.6 274.9 269.1 262 256.4 249.9 244 238.5 230.4 218.7 204.3 193.3 183.2 170.8 154.8 143.5 134.6 140.8 143 142.4 141.7 139.5 137.6 138.5 141 152.8 156.5 161 181 197 195 223.5 236.4 249.8 261.8 277.4 295.6 314 331.3
440 447.5 455.3 461.5 465.2 468.5 471.1 473.9 477.4 479.4 479.3 478.4 473.8 467.7 461.9 456.5 450 439.7 431.7 424.7 416.1 407.1 398.5 387.3 376.8 366.1 356.9 349.1 342.7 337.5 332 326.8 320.9 314.9 309.6 304.8 300.2 296.2 291.6 284.2 279.7 273.8 264.1 257.6 250.3 243.1 238.5 233.3 223 212.1 199 187.3 178.5 162 147.6 138.8 140.2 141.9 142.6 141.7 137 137.6 138.1 138.7 144.7 155.4 158.3 175.4 192.4 193.6 219.7 232.3 244.6 258.4 273.7 290.3 307.8 327.4
435.2 443.4 452.2 459.6 464.7 468.6 472 476.2 480.1 485.7 486.1 483.6 479.8 474 465.6 458 450.8 443.1 431.9 426 418 409.1 400.3 387.4 374.5 367.3 362.2 356.6 351 345.4 339.5 333.6 327.6 322 317 312 306.4 301 295.9 289.4 282.2 276.8 269.2 261 254.4 245.5 238.1 232.7 224.3 213.3 202.3 192.9 183.5 168.3 153.3 140.7 134.6 141 141.4 139.4 137.7 137.8 137.6 138.1 138.9 150.8 158.6 170.1 188.3 191.6 216.2 229.6 242 255.8 270.6 286.5 303.8 323.8
429.5 440.2 450.6 457.8 463.6 468.3 472.2 475.6 482.7 490.9 490.6 489.2 487.1 482.6 473.7 461.6 452.7 445.9 437.1 427.9 422.4 415.3 407.1 393.8 381.3 376.9 371.1 365.3 359.5 352.7 346.4 340.8 336.3 331.7 327.3 321.4 315.8 308.8 303.7 296.3 288.2 279.7 270.4 263 256.1 248.1 239.9 232 222.9 212.6 203.7 194.5 183.5 177.1 161.1 147.1 134.3 140.5 139.3 139.2 137.9 137.9 137.8 137.9 138.3 144 155.7 167.1 184.1 199.8 213.8 225.7 238.2 251.2 268.4 282.8 300 322.1
426.7 438 449.5 456.9 462.1 466.8 471.2 477.2 485.7 490.9 491 490.7 488.8 486 480.1 470.1 457.7 449.3 441.3 434.6 428.1 421.3 412.1 401.5 391.8 386.6 380.6 374.1 367.4 361 356 350 344.9 339.8 334.7 329.8 325 317.9 309.2 299.8 290.8 283.4 272.8 263.3 256.9 250.7 242.3 232.5 223.1 214 205.8 198.7 186.5 181.1 167.4 158.1 138.5 137.9 136.1 141.5 141.8 137.9 137.8 137.5 138.3 139.2 149.9 163.4 175.9 194.3 209.4 223.3 235.4 248 263.3 279 298.1 321.9
424.4 438.5 450.6 457.9 461.9 465.2 471.2 480.5 488.3 490.4 490.9 491.2 489.2 486.7 482.1 476.6 468.9 459.9 450.5 441.9 433.9 426.8 419.2 410 402.5 395.6 388.8 382.4 376.3 372 367.1 359.5 351.9 345.2 339.8 333.4 327 320 312.4 303.8 292.3 282.6 275.9 265.7 257.7 251.8 245.6 235.8 225.9 221.4 210.7 206.1 192.8 183.5 168.7 161.7 147.4 134.3 138 141.3 140.8 141.2 137.4 137.5 138.5 139.4 145.3 157.7 173.6 188.8 206.3 218.7 231.2 244.8 260.3 276.9 296.1 320.3
424.7 440 453.4 458.7 462.4 465.1 473.4 484.2 488.2 489.4 490.3 490.1 488.9 487.7 485.4 480.2 475.1 470.9 464.6 457.2 447.6 438.5 427.4 419.4 412.8 405.8 398.9 392.3 384.3 380.3 375.3 369 361.5 353.5 344.8 337 329.2 320.9 313.1 305 290.9 280.8 275.4 267.4 260.2 253.1 247 239 235.6 240.2 228 216.2 198 184.2 172.6 164.9 158 138.8 135.1 140.5 140.1 138.3 137.3 137.4 138.4 140.1 145.6 154.6 165.9 183.5 202.1 214 226.4 238.4 252.9 273 292.3 322
424.7 440.4 453.4 458.5 462.2 463.6 471.5 481.9 485.5 487.5 488.6 488.1 488.2 488.3 487.9 485.1 482 479.3 474.1 469.3 462.9 454.8 445.2 432.4 423.7 416.3 409.4 403.1 395 387.8 382.5 377.2 369.5 360.3 350.6 339.9 331.7 323 314.1 306.1 296.6 287.4 276.8 268.2 263.1 256.8 247.5 240.9 244.8 247.9 225.9 223.3 205.5 185.9 176.7 165.7 160.8 151.7 133.5 139.9 139.3 138.2 137.3 137 138.3 140.9 147.5 153.5 162.7 177.2 196.9 211.5 223.8 229.6 246.9 260.2 281.3 310.9
425.6 440.5 451.6 456.7 460.1 460.7 465.4 477.4 481.6 483 484 483.9 485.1 487.4 488.5 488 486.6 484.2 482.8 478.4 472.6 465.4 458.5 449.8 437 427.7 419.9 413.8 406.4 396.8 390.5 384.8 376.5 366.5 356.2 346.6 337.2 326.7 316.5 305.7 299.7 289.2 275.4 266.7 260.8 256.2 249.8 241 251.8 244.4 237.8 228.8 210.8 189.5 182.6 172.1 163 157 145.9 132.7 137.5 137.7 137.7 140.3 138.7 139.8 144.8 155.6 163.3 176 193.4 207.1 216.9 223.9 244.3 254.8 271.5 310.5
425.4 437.4 446 448.4 452.4 454.2 456.9 468.1 476.8 481 479.8 480.6 481.6 485.1 487 487.6 486.3 487.2 486.3 483.7 479.7 474.6 469.4 462.5 453.2 441.2 432.3 423.9 414.1 405.6 398.5 392.1 383.1 373.1 364.6 355.2 344.2 330.9 318.6 307.3 298.2 285.5 272.5 265 258.7 254.8 248.4 244.6 252.3 249.6 243.4 228.2 208.6 191.9 183.9 175.3 165.8 160 149.7 141.4 134.1 136.4 137.4 137.4 142.3 139.1 147.4 158.8 167.7 175.5 187.9 201.5 215.8 221 231.5 248.4 276.2 298
422.1 424.8 429.4 430.6 434.7 440.4 446.3 454.7 467.2 477.2 477.7 477.5 478.8 482 484.5 486.2 486.3 487.8 488 487.1 483.4 479.1 473.8 469.5 463.3 456 446.3 436.8 424.6 414.4 406.4 400.9 391.2 383.2 373.5 363.5 349.7 334.5 320.9 308.5 295.5 281 271.1 263.8 258.7 253.2 245.2 245.1 252.8 252.6 242.8 227.2 207.1 194.3 183.2 177.3 167.3 161.1 154.3 144.3 136.3 136.4 137.8 137.8 138.6 139.9 149.2 159.8 165.9 173.8 184.4 197.9 210.9 225.1 228.3 244.3 267.2 293.1
417.6 419 416.6 411.9 412.9 420.1 432.7 442.5 453.7 468 474.3 475.5 474.6 477.1 480.8 483.4 485.8 486.8 487.3 486.8 484.7 480.7 475.2 471.2 466.9 460.7 453.5 445.4 434.2 424.1 416.5 409.9 402.4 394.9 384.6 371.4 354.2 337.5 323.8 310.2 294.3 282.3 272.6 265 259.8 252.2 244.9 242.8 252.6 252 242.7 230.9 207.3 195.2 182.5 177.7 169.2 161.2 154.6 147.9 139.2 131.8 137.2 137.8 137.3 138.6 149.2 157.7 166 173.7 181.9 194.1 209.5 231.6 235 240.1 256.4 287.8
409.8 411.6 408.7 403.2 398.5 402 412.1 428.6 439.1 454.1 466.6 471.8 472.8 472.8 476.5 480.6 482.6 483.8 484.1 485.5 485.3 482 477.8 473.7 469 463.3 456.8 450.5 440.9 431 423.8 417.3 409.8 402.7 392.6 374.7 353.7 335.5 323.8 312.5 296 285.4 276.3 268.4 262 252.2 246.4 243 243.8 236.5 229.6 224.2 207.1 195.7 181.3 176.1 167.1 160.1 152.7 145.2 139.5 136.5 135.6 136.8 136.4 136.8 146.4 155.8 162.6 172 181.8 191.4 207 233.5 243.1 246.9 247.7 273.5
399.9 401.3 398.6 393.4 389.2 389 398.3 410.4 423.1 437.7 455.6 466 469.5 471.5 472 475.8 478.8 479.4 480 482.8 482.5 480.6 477.9 473.8 469.3 463.7 458.6 453.4 444.2 435.1 426.5 419.1 413.2 405.1 393.3 375.6 353.6 334.7 324 312 298.3 288.1 280 274 264.7 254.6 248.7 245 234 227.7 218.2 208.2 204.1 193.4 181.4 171.1 163.4 156.2 149.1 144.3 141.1 136.5 132.1 135.5 135.4 135.5 141.1 152.6 160.1 169.2 179.7 185.8 202.1 225.5 246 250.3 246.4 264.3
384.5 386.7 384.1 380.4 377.3 382 390 398.8 410.6 423.6 442 455.2 463.6 466.8 468.2 468.6 473.9 475.9 477.3 478.7 478.6 478 476 472.6 468.2 461.8 457.8 453.1 443.6 434 425.5 420.2 415.5 407.1 395.1 378.3 353.3 333.9 323.5 311.5 299.1 290.6 283.5 276.8 268.2 259.1 251.7 243.3 230.5 218 209.4 200.7 194.3 190.6 179.5 167.6 162.1 155.8 151.9 147.5 141.5 136.5 136 132.5 135.1 135.2 135.2 148.8 157.2 165.3 173.8 182.9 200.3 215.5 236.4 246.7 241.4 277.2
366.9 367.1 365.7 365 368.6 375.5 382.4 387.4 398.2 413.9 431.9 447.9 456.9 460.1 463.4 464.5 466.6 470.8 472.3 474 473.7 473.8 472.6 467.8 463.2 457.6 454.7 450.4 441.5 432.2 426.4 421.6 416.9 409.2 397.1 381.1 354.5 335.7 324.3 313.4 303.6 294.3 286.7 277.9 271.3 262.5 250.1 237.5 225.5 219.7 213.2 203 197.3 189.7 182.7 181.8 168.8 159.1 150.9 147 141.1 136.6 136.8 133.7 134.7 134.8 134.9 142.6 154.2 159.6 168 178.6 193.1 211.3 223.2 231.1 241.7 291.2
352.7 351.6 352.6 354.9 363.5 370.6 376.2 381 389.9 406.7 425.4 442.5 451.8 455.6 458.3 461.4 462.4 464.7 467.5 467.7 469.3 469.6 468 464.6 461.1 456.8 451.4 446.8 438.6 432.2 427.4 423 418 411.7 400.3 382.6 361.9 343.3 328.9 316 306.3 297.2 290 282.5 270.8 256.6 243.2 243.1 238.9 235.2 231.6 224 214.8 202.8 190.2 182.4 174.5 165.4 154.5 146.3 138.6 136.6 136.6 135.7 133.6 134.7 134.5 141.2 151.9 157.5 162.8 173 184.2 209.7 215.3 221 247 294.8
342.5 343 345.8 350.6 360.6 366.7 370.4 377.4 389.3 406.9 427.3 438.7 447.2 451.5 454.8 458.1 460.7 459.2 461.3 463.3 465.4 467 464.7 462.3 459.1 454.2 448.8 443.6 438 432.4 427.2 422.4 418.1 412 402.4 386.8 367.4 346.6 330.5 318.2 307.7 298.4 289.6 279.6 261.2 263.6 261.2 261.5 257.9 250.7 243.4 235.9 226.9 214.6 203 189.8 182.6 171 161 149.8 139.6 137.5 137 136.3 130.7 134.6 134.4 134.4 148.8 155 158.6 168 180.9 195.9 206.3 221.9 256.6 290.1
334.8 339.1 344.1 351.1 357.3 362.8 368.5 380.1 392.8 408.8 426.9 436.5 443.6 448.2 451.6 454.4 457.1 458.1 456.5 459 461.2 463.3 462.9 460.4 455.4 452 447.6 442.7 436.8 430.6 425.5 420.6 415.8 409.4 399.8 386 369.1 346.5 328 316.8 306.4 293.5 282.1 277.4 282.6 282.5 282.3 281.1 277.5 268.8 258.2 247.6 238.2 226.1 214.2 200.1 184.9 177.6 166.5 156.3 146.2 137.8 137.1 136.3 134.5 133.9 134.3 134.6 145.6 149.3 154 163.5 175.5 189 195.4 229 259.2 281.2
329.2 335.3 340.5 346.3 358.6 362.1 369.4 386.4 398.6 411.3 425.8 434.3 441.4 446 449 451.5 454 455.7 455.4 453.7 456.8 459.3 459.4 457.5 454.7 451.4 446.4 441.8 435.3 428.8 423.8 418.8 413.9 406.6 397.5 384.5 370.8 352.4 330.4 314.5 302.4 289.1 293 300.2 305.4 309.2 308 304.4 299 289 271.1 257.1 250.1 238.7 223.8 209.9 194 185.3 174.4 163.9 153.6 144.2 137.8 136.9 135.4 133.3 133.9 134.4 134.8 145.5 149.9 157.5 167 180.3 197.5 223.4 252.4 276.6
325.7 330 336.3 342 355.5 362.4 368.9 388.4 401.3 412.6 426.1 432.9 438.4 443.4 446.4 448.7 451.1 451.9 451.9 451.3 451.6 454.3 454.8 454.5 453.7 451.2 446.2 441 433.9 427.3 422.1 417.1 411.1 403.2 393.9 385.6 376.3 363.2 339.4 319.1 305.1 308.3 315.9 323 329.2 331.6 328.4 322 314.2 304 292.2 271 254.2 245.1 235 221.9 204.3 188 181.4 171.1 162.1 152.2 141.4 136.7 135.2 132.2 134 134.1 134.1 136.4 145.2 150.9 160 174.9 190.3 214.5 245 271.3
321 323.5 331.1 335.8 347.2 357.6 366.5 387 400.6 409.8 425.1 433.2 436.9 441 443.7 445.9 447.6 449 449.8 449.4 449 449.9 451.1 452.2 453.2 451.3 446.5 440.7 434.9 429.2 422.2 415.8 409.9 401.5 391.9 381.6 373.2 359.5 344.5 332.7 327.8 333.5 335.6 339.3 345.3 348.4 345.8 337.7 325.6 315.1 305.5 290 266.2 247.4 237.2 231.3 215.3 197 188.9 177.9 169 159.1 150.7 138.3 136.5 130.5 134.5 134.3 134.1 134 135.9 144.4 151.4 167.3 185.9 209 238.3 264.7
313.1 317.5 324.7 328.9 335.3 349.6 362 378.7 396.9 405.8 420.3 432.6 435.4 438.7 441.7 443.7 445.6 447.2 447.8 447.4 446.9 447 449 451.7 454.6 451.9 448.2 444.4 439 433.1 426.2 417.9 412.1 405.4 398.6 391.3 386.5 376.4 359.5 353.2 351.2 348.6 349.2 355.6 359.3 360.9 359.2 352.7 339.7 324.6 312.2 297.2 277.7 261.2 241.9 230 222.8 206.7 191.7 185.4 175.5 164.8 156.1 148.9 137.9 134.4 133.1 134.5 133.8 133.6 133.7 136.4 148.5 163.6 184.1 207.7 232.7 259.9
305.8 311.5 317.2 320.8 329 341.9 356.5 377.4 386.9 401.4 410.4 421.9 431.5 436.2 439.7 441.6 443.5 445 445.6 445.4 444.9 446 448.4 451.6 454.6 453 452.2 452.4 448.9 443.4 432 425.4 419 412.2 404.8 397.2 391.5 382 371.7 367.9 365.9 362.6 361.8 362.4 366.6 368.4 367.1 359.1 348.6 335.4 315.1 301.4 288.1 272.6 253.8 235.2 222 213 197.3 191.2 181.1 171.8 162.8 155.6 144.1 134.6 134.2 130.4 133.6 133.3 133.4 133.4 141.6 160.3 180.9 204.7 230.4 256.9
299.4 304.2 309.6 314 319.7 331.2 350.1 369.6 375.7 393.9 402.8 415.1 429.5 435.6 438.4 440.1 441.4 441.2 442.5 442.7 444 445.6 447.9 450.6 453.7 453.5 451.9 452.4 452.5 445.7 441.5 430.4 423.6 417.9 409.6 402 396 389.6 382.8 377.6 373.9 369.2 368.9 366.1 371 374.7 374.4 365.3 351 342.3 318.6 306.2 295.5 278.3 256.6 238.8 225.7 214 202.5 194.5 186.6 179 170 160.7 149.5 135.1 133.7 133.1 132.6 131.8 133.3 133.8 137.2 156.8 176.4 201.4 232 257.4
293.4 297.4 302.7 307.9 313.5 323.5 340.8 355.4 374.4 382.4 397.5 407.4 420.3 435 437.3 438.8 438.6 431.6 435.3 441.8 445.5 448.3 448.6 450.6 452.1 453.9 451.7 452.1 452.5 449.3 444.1 435 430.6 422 418.1 411.5 402.9 396.8 389.2 382.9 377.9 373.6 369 365.3 370.1 376.1 374 368.9 348.7 340.3 318.2 304.6 297.8 279.8 259.1 240.7 228.5 219 207.2 199.4 194.7 183.5 175.9 167.3 154.3 135.2 132.9 133.4 133.5 132.6 130.1 130.7 134.1 151.1 171.6 199.3 232.1 258.5
287.7 290.8 297.3 303.3 306.9 316.2 330.4 343.2 356.1 371.1 391.1 400 409.8 422.8 435.3 436.6 423.7 423 439.9 445.7 451.8 452 450.8 451.8 452.9 453 451.2 451.8 452.3 448.2 443.5 440.3 431.9 430.6 422.2 419.1 414.5 407.8 396.5 389.8 383.6 377.3 371.3 366.5 365.4 370.1 367.8 356.5 341.8 328.6 314.8 302 295.4 281.4 260.3 244.8 230.2 223 213.3 203 196.9 190 182.2 171.9 157.2 136 132.3 132.4 132.1 132.4 132.5 132.9 132.8 146.9 166.8 195.1 229.5 257.3
280.9 285.3 291.8 296.4 300.8 307.4 319.2 332.3 343.3 358.5 377.8 392.3 400.2 409.2 420.7 422.1 409.9 426.7 441.8 450.8 457.1 456 452.8 453.8 454.5 454.5 451.3 451.3 450.4 443.6 442.9 439.8 431.8 431.9 424.4 422.3 416.6 415.6 407.3 395.5 391.1 382.3 375.3 369.1 365.5 358.7 352.7 342.8 332.8 319.2 307.9 299.2 292.7 280 259.4 246.5 233.8 226.3 218.4 211.5 202 197.3 190.7 178.7 161.3 141.9 131.2 130.7 131.1 131.4 132 132.6 132 141.5 163.8 190.1 222.8 253.6
274.2 281.7 283.6 288.6 294.1 300.6 311.6 325.2 335.3 346.3 364.4 382.2 391.6 398.5 405 403.5 406.6 430.1 443.1 453.2 458.4 458.8 455.4 455.6 456.2 458.1 454.7 449.4 441.8 439.7 437.1 432.5 432.2 431.4 422.6 422.4 415.9 415.4 411.6 397 391.3 383.1 377.5 372.2 362.3 356.7 347.2 337.1 327.9 313.6 303.7 296.5 288.9 277.5 258.4 246 236.8 229.1 222.6 215.8 208.1 198.5 201.6 188.1 170.1 146.1 130.6 130.6 130.3 130.6 131.3 131.2 130.9 139.7 159 181.8 214.8 245
267.4 272.4 275.2 279 286.7 292.9 302.9 316.9 327.9 338.1 351.9 368.4 382.5 388.5 391.7 392.2 410 428.4 441.4 450.6 456.2 458.9 457.6 457.6 459.7 461.6 459.8 452.8 444.8 438.2 433.2 432.1 432.3 423.4 423.1 422.9 415.7 415.6 408.2 396 388.1 379.8 373.6 369.7 360.3 354.4 346.3 331.9 323.4 311.7 302.3 292.8 284.4 274.2 257.2 246.3 238.2 231.9 225.3 219 211.6 198.2 204.4 192.7 174.8 150.3 130.7 129.6 129.4 129.9 130.6 131.4 131.3 138.3 155.8 177.7 206.9 236.6
