Assets/StreamingAssets/GeoData/Data/so/SO03.asc
ncols 200
nrows 200
xllcorner 300000
yllcorner 230000
cellsize 50
[rows 70 to 104 of 200, columns 0 to 77 of 200]
354.6 365.2 378.5 379.9 376.4 369.6 364.1 359.3 359.2 358.1 361.6 367.2 377.5 385.2 385.8 383 380.9 378 376.1 380.2 377.8 374.5 377.2 380.3 379 379 377.3 375.7 371.5 373.4 377.2 381 384.5 384.4 383.1 377.2 362.3 351.6 345.9 330.6 313.6 296.2 276.7 253.2 238.1 230.2 226.6 225.4 225.8 223 224.6 226.7 232.5 240 249.7 261.2 274.6 286.6 297.5 307.3 319.7 327.8 325.6 317.9 311.4 305.7 301.3 302.2 307.2 314.8 321.1 330.5 335.1 336.5 331.5 325.3 312.5 304.7
354.6 366.3 377.8 378.8 373.7 366.6 359.6 355 352.7 353.4 357.2 366.4 375.4 380.7 387.1 376.6 371.3 368.9 364.8 365.8 364.9 365.9 370.1 376.5 379.2 381.9 383.6 385.4 385.3 389.7 391.2 392.8 395.3 391.6 389.8 381 369.8 359.7 353.8 340.1 324 303.4 283.9 260.9 242.7 231.1 227 225.5 225.1 224.8 224.2 224.7 231.2 239.8 250.6 265.8 282 296.6 308.7 318.9 324.7 320 316.4 310.2 306.7 301.6 295.8 295.7 299.3 305.4 311.4 313.4 316.6 316.7 309.7 303.8 295.4 289.6
355.7 368.1 378.4 378.4 374 365.8 356.8 351.7 347.9 347.9 351.1 362.3 368.8 373.1 375.3 369.6 362.7 358.9 357.7 359.6 356.6 360.3 367.2 374.1 380.2 384.5 387.4 392.4 396.8 399.7 401.2 400.8 400.4 398.1 393.2 387 376.4 365.9 357.2 346.1 318.6 300.2 283.4 264.7 246.8 233.5 228 225.9 224.9 224.6 224.3 222.6 230.8 240.9 252.5 272 290.9 307.2 315.5 315.1 311.5 309.7 309.6 304.2 298.3 292.1 284 287.5 290.2 295.5 298.2 298.2 297.9 293.6 291.5 286 280.3 278.8
358.1 371.3 379.6 378.4 373 363.5 353.7 348.3 342.2 340.5 340.4 353.1 364.8 371 368.4 366 357.2 343.6 340.8 342.3 346 353.9 361.7 372.2 379.5 385.8 390.7 396.9 402.1 405.6 407.9 409 410.5 402.8 395.7 381.5 371.1 360.3 340.6 327.5 308.8 291.8 280 265.8 248.8 235.7 229.9 227.3 225.4 224.5 224.1 222 230.3 242.4 257.1 276.3 292.5 308.7 306.4 303.1 303.8 303.2 302 294.9 286.8 282.4 275.2 276.5 278.6 280.8 284.1 284.3 283.3 281.4 278.8 274.5 272.9 272.4
354.6 369.6 374.8 372 365.3 355.8 347.4 343.5 338.5 333.5 333.4 346.9 360.9 366.6 361.6 350.4 341 329.9 328.8 333.7 341 349.7 360.2 369.4 378.4 386.1 393.7 400.8 408.2 411.5 416.5 417.5 414.3 396 383.5 374.4 358.1 338.5 322.6 307.7 292.8 281.8 271.2 260.6 246.1 237.4 232.7 229.8 227.2 224.5 223.8 224 229.9 241.9 258.1 274.5 287 296.5 297.2 298.6 299.4 296.9 293.2 284.4 276.8 272.7 269.1 267.2 268.2 268.6 269.4 267.7 267.3 266.5 265.4 265.8 266.3 264.9
337.7 353.7 362.3 369.7 360.8 351.7 342.6 337.5 332.7 327.1 327.6 334.9 349 356.3 347.5 338 327.2 319.5 321.8 329.1 338.9 351.1 361.2 370.4 379 386.3 392.4 402 410 415.9 419.1 413.6 405.9 393.4 379 359 342 327.1 313.4 299 286.2 276.6 267.2 255.3 246.2 239.9 235.1 232.2 228.1 225.1 223.6 223.8 228.7 240.5 255.2 266 278 288.1 293.8 292.8 293.2 292.1 281.9 274.7 270 266.3 262.4 261.7 261.4 260.5 258.8 257.3 258.4 258 257.2 260.2 262.4 268
315.4 331.8 347.3 354 355.6 350 341.9 332.8 325.9 322.1 323.3 324.9 332.7 336.5 332.7 326 315.1 309.5 316.4 325.9 341.2 349.8 359.2 367.7 377.6 384.5 386.1 393.4 403.9 413.4 421.1 411.8 402.6 394.4 381.1 362 341.2 323.4 308.7 295.4 284.2 274.3 266.1 255.8 247.2 241.5 237.2 234.8 229.9 224.3 223.4 223.3 222.4 236.1 248.7 256.8 265.3 275.6 282.7 285.6 283.8 283.6 274.7 270.9 265.6 261.4 256.9 254.8 251.4 248.9 250.4 251.8 253.7 256.7 261 263.7 265.8 272.6
294.7 311.3 325 336.6 345.2 343.8 337.1 328.7 320.7 316.6 316.1 314.3 318.3 322.7 320.1 312.1 303.5 305.1 311 327 337 345.5 352.6 359.8 365.2 371.9 376.8 388.6 398.5 401 405.8 404 398.9 394.7 387.6 373.8 360.2 335.5 316.1 301.1 287.1 276.6 266.8 258.5 252.5 246.8 242 239.5 234.7 226.2 223.2 223.1 220.4 227.8 239.5 247.2 253.8 262.9 270.7 275.2 277.2 273.4 269.7 269.1 263.1 254.2 246.3 246.6 253.2 256.3 254.9 257.5 260.4 262.8 266 268.1 272.2 280.7
271.6 288.2 303.6 311.4 318.9 319.9 326 323.8 317.1 309.9 307.3 304.5 301.4 302.3 303.5 298 295.4 298.3 310.7 325.7 334.7 343.1 347.2 349.7 353.8 359.7 366.3 380 389.8 397.7 397.1 397.5 397.8 396.8 392.4 388 379.3 354.3 332 314.2 298.8 285.1 273.9 264.9 259.4 255 249.4 243.5 237 231.8 224 222.9 222.6 223.3 229 237.9 244.1 254.2 263.2 267.9 269.4 265.3 264.3 260.5 249.3 241.1 251.7 258.7 260.5 262.6 263.5 264.8 267 269.9 272.6 275.9 280.2 289.1
253.6 265.3 280.4 285.4 300.1 310.9 315.5 314.3 310.4 304.3 298.9 297.8 292 289.2 288.7 288.4 287.7 291.5 303.6 319.7 329.9 338.3 342.1 341.7 343.6 351.5 360 369.6 378 387.4 393.1 397.6 396.9 396.6 395.8 393.9 387.9 373.5 354 333.1 313.8 297.9 285.8 275.1 267.8 261.7 256.2 248.1 239 232.8 224.4 222.6 221.1 222.9 223.8 229.7 236.6 246.1 256.6 260.8 261.7 256.5 250.1 242.4 239 249.8 262 265.7 268 272.7 278.1 281 282.2 284.4 286.1 288.5 292.8 298.5
240 249.8 258.4 265.8 283.7 296.3 296.9 299.6 299.2 295.6 290.5 289.7 285.6 282.6 281 281.7 283.4 287.6 295.1 309.4 324.2 333.4 333.5 331.9 337.5 344.7 357.5 364.8 372.8 381.4 390.8 398.3 397.5 397.6 397.9 396.8 394.5 385.4 370.1 354.4 336.1 314.6 299.9 285.9 276.3 265.2 264.5 258.1 246.1 233.6 223.4 222.6 222.1 222.7 223.2 225.6 229.8 240.9 248 254 253.6 245.6 234.9 244.7 250.9 260.2 266.5 271.3 277.8 286.5 295 299.5 300.1 300.9 302.5 304.3 304.4 304
239.6 239.2 243.4 252 266.3 276.8 283.3 287.4 289.9 288.2 284.8 282.6 279.5 276.6 275.6 276.3 280.3 284.5 291.2 300.7 313.4 322.4 324.3 325.2 332.3 341.6 348.5 360 371.1 381.2 393.9 398.6 399.6 403 401.8 400.1 399.9 391.5 380 364.7 350.9 330 314.2 298.3 291.2 288.7 282.6 271.1 257.5 243.2 229.8 222.7 222.2 219.8 222.2 224.7 229.7 235 240.9 245.5 245.7 231.3 243.3 256.6 263.1 266.8 272.1 281.8 295.7 307.6 314 316 315.4 315.3 314.3 311 307 305.5
238.7 238.7 238.6 244.4 255.1 267.8 276.4 282.8 286.3 286.7 282.6 277.6 274.8 272.4 271.7 273 275.9 279.9 286.4 295.1 304 309.3 313.6 319.8 330.3 338.3 343.4 356.9 367.2 378.9 389.9 398.9 403.7 403.6 403.1 404.2 403.7 397.8 386.3 370.7 355.4 342.4 331.8 319.4 315.2 311.1 303.7 288.1 271.1 253.6 238.5 228.8 222.1 219 222.5 226.3 229.4 231.1 232.5 234 228.8 241.9 253.4 262.3 268.6 274.3 284.9 298.3 308.9 320 323.7 324.2 322 318.5 313.2 307.9 303.8 299.9
246.6 239 237.8 238.4 247.3 261.1 273.1 280.2 282.9 283.2 281.1 276.6 272.5 269.1 268.1 270.2 272.8 275.6 280.8 288.6 294.9 302.4 307.9 316.1 326.1 336.2 342.6 353.3 363.8 376.3 387.1 397.4 403.9 401.2 401.7 405.4 406 401.3 390.4 374.1 361.8 353.6 347 341.2 337.6 334.5 323.6 304.9 283.8 265.3 249 237.4 224.9 221.6 223 227.9 227.4 226.2 228.9 233.1 242.4 247.7 255.6 265.2 273.7 285.7 298 307.5 317.1 323.8 325.3 323.8 317.6 312.3 303.4 295.6 291.8 291
254.3 246.7 235.3 237.9 241 254.2 266.2 277.6 281.9 281.8 282.3 275.6 270.7 268.1 264 267.6 269.7 274.1 278.5 282.8 290.8 299.6 305.5 312.4 323.3 335.3 343.6 351.2 361.4 373.9 386.5 395.1 397.9 396.3 398.2 408.1 403.3 396.8 388.6 380.1 368.9 363.4 362.5 362.1 360.6 351.9 332.2 311.6 292.5 275.4 260.2 247.1 233 218.3 222.1 224.8 224 226.9 232 239.6 248.4 260.2 264.8 270.5 279.3 290.8 304.3 314.2 319.2 323.8 320.3 315 308.1 299.2 292.1 288.2 284.6 282.2
261.2 253.6 245.3 238.2 234.8 243.9 257.6 269.2 277 277.4 277.4 271.6 268.6 265.3 261 262.3 267.3 272 276.5 282.8 290.7 297.8 303.7 311.5 321.5 333.9 341.4 348.2 357.1 372.7 386.6 387.7 388.2 389.8 393.5 397.8 397.1 392.6 386.9 377.5 368.6 365.9 366.5 367.3 370.6 366.3 338.9 317.9 299.3 284.6 271.1 258.1 245.3 234.2 217.9 222.2 225.5 227.7 230.3 237.1 250.4 264.1 271.1 275.8 284.1 295.9 311.5 319.1 322.3 321.2 313.7 305.3 297.2 289.6 284.2 280.4 277.2 275.5
275.9 262.7 253.3 243.6 234 237.7 246.8 260.4 264.9 267.5 267.8 267 268.5 261.6 257.9 261.4 269.7 275.7 279.3 284.3 289.3 295.6 302.1 311.2 321.2 331.3 343 357 369.4 377.4 383.3 383.8 385.1 387.6 390.6 390.5 388.6 386.8 379.8 369.6 366.9 365.2 362.3 363.1 367 363.6 345.4 329.5 311.9 296.1 281.8 268.6 258 246.8 232 217.9 222.4 223.8 226.2 233.7 243.4 257.8 270.5 277.7 286.6 299.6 315.6 320.8 323.1 320.5 311 300.6 290.8 284.3 280.2 276.4 274.1 272.3
286.7 270.6 258.1 250.8 244.1 235.1 235 246.4 253.1 255.5 255.3 255.8 260.9 258.3 249.6 259.4 268 275.7 280.7 285.2 289.7 296.3 303.1 310.9 326.9 343.2 357.6 371 381.3 389.4 389.3 385.7 387 388.4 387.2 388 382.4 373.5 367 362.4 360.1 358.8 354.8 354.9 355.8 354.8 347.7 337.1 323.7 310.6 293.9 279.5 269.2 253.5 239.9 231.2 217.2 220.5 221.7 227.2 238.3 246.9 258.9 271.6 283.2 295.9 308 315.5 319.3 316.2 307 296.3 286.8 282.4 278.8 274.7 271.3 268.8
293.3 280.6 265.3 255.5 248.2 245.2 248.1 233.5 237.1 232.1 231.9 239.3 253.7 253.5 249.1 259.2 267.9 275.5 282.1 287.9 295 302.3 308.4 324.7 340 360.1 372.9 381.9 386.5 391.3 389.7 387.2 384.9 383.3 383.5 381.1 374.5 366.4 357.9 354.1 348.9 346.2 342.3 342.2 345.8 347 344.4 337.2 328.5 318.4 305.6 291.4 275.9 259 243.6 234.6 222 217.4 220.3 222.8 231.1 241.4 249.2 261.4 273.9 286.5 298.8 309 314.4 311.5 302.4 292.8 285.7 280.3 276.1 272.1 268 264.6
297 283.5 273.4 258.5 250.1 247.6 249.3 251.2 245.3 250.1 244 236.1 238.5 240.3 250.9 258.7 266.4 274.7 283.8 291 299.1 307 319.1 335.5 352.7 371.5 380.5 385.1 387.8 389.6 391.6 391.3 384.1 375.8 374.1 371.6 364.5 355.5 349.9 344.9 338.8 334.3 330.2 329 330.1 334.7 334.7 332.4 327.8 318.4 312.7 303 281.7 264 247.7 235.2 227.2 220.6 218.4 220.5 223.3 236.2 243.1 248.9 260.5 272.2 286.6 301.1 308.7 305.8 297.3 287.8 281.6 276.6 271.6 267 262.9 260
300.7 289.1 277.2 263.6 253.4 250.4 249.8 250.6 252.2 253.1 250.2 244 229.9 240.6 250.3 255.1 264 275.4 284.6 293.1 303.3 313.2 324.8 344.3 365.5 378.5 384.3 389.7 388.3 388.2 390.5 389.6 383.7 375.7 367.3 362.3 354.5 349 342.9 335.8 329.5 324.5 313 315.4 316.7 318.7 319.4 319.4 319.3 314.8 308.9 300.8 285.2 270.8 251.9 237.4 231.2 226.7 221.4 220 220.6 227 235.7 241.7 247.4 259.3 273.4 287.5 297.7 297 290 281.1 275.9 271.5 266.7 261.6 257.5 250.8
304.5 295.2 281 270.6 261.9 254.5 251.3 249.3 249.3 250.9 251.1 247.5 229.2 235.4 243.7 252.1 260.7 274.2 284.5 296.8 308.2 317.4 329.5 348.4 368.3 374.3 381.8 383.5 385 390.5 391.8 386.7 379.4 374.5 368.5 361.9 355.3 349 346 340.9 334.5 327.2 320 314.3 304.7 296.2 301.8 301.3 301.6 299.9 296.1 290.4 278 264.6 249.4 239.8 230 226.6 228.2 214.9 219.6 220.9 227.1 234.8 240.9 248.5 261.2 274.1 283.9 283.9 279.8 273.1 268.8 265.8 261.3 255.7 246.5 256.5
307.4 298.5 284.8 274.1 267.1 262 254.6 250.4 247.5 246.3 247.6 246.3 235 232.4 238 249.9 256.6 270.4 284.5 297 310.7 320.1 329.7 347.2 365 367 375.9 379.5 383.2 387.8 386.7 380.6 376 374.4 370.2 364.7 358.7 355.3 352.7 350.2 344.8 337.1 327.3 319.2 311.8 304 294.1 278.7 285 284.8 282.1 276.4 262.5 252.7 243.1 229 228.4 232.2 230.7 228 215.3 215 214.4 227.3 236.3 241.3 251.2 261.2 271.2 271.3 267.1 263.5 261.6 260.1 256.5 246.9 249.3 261.3
308.6 298.6 288.1 277.5 271.7 263.6 258.4 251.1 248.2 245.8 243.3 243.8 237 229 240.6 250.4 261.1 269.4 281.1 294.6 307 315.6 325.6 337.4 347.6 358.9 368.6 377.5 383.6 387.7 384.2 377.3 375.1 372.9 369.3 366.4 363.8 362.3 359.4 355.6 350.6 344 335.5 328.2 320.6 312 303.9 293.1 275.6 269.1 268.2 262.3 248.8 243.6 245.2 240.8 237.6 234.9 233.8 232.2 228.7 226.4 220.1 213.4 229.2 236.6 243.3 252.4 261.6 263.4 258.7 256.7 256.1 254.7 251.7 238.7 250.8 262.6
309.7 298 291 284 276.3 267.3 262.6 254.8 247.8 243.9 241.4 240.4 233 227.4 245.9 255.9 265.3 270.5 280.3 292 303.7 315.4 328.3 338.5 347.5 358.2 368.1 379.1 385.2 384.2 381 377.7 375.8 373 368.9 368.2 367.8 366.3 364.5 360.7 354 347.4 340 332 325 318.9 311.1 302 289.7 276.7 263.9 261.2 259 255.2 251.9 247.3 240.1 238.4 237.3 234.8 232.9 229.8 226.2 219.1 218.4 232.5 237.7 245.3 251.2 255.4 253.2 252 251.6 250.1 246 237.7 252.3 264.1
309.1 299.4 291 284.9 277.7 269.5 263 258.4 252 246.1 242.4 240.3 229.6 235.3 248.6 257.1 266.5 271.9 284 303.8 312.5 323.3 333.4 340.8 348.6 357.1 368.1 376.3 380.7 382.2 380.4 375.6 376.7 373 370.5 371.3 370 367.8 365.1 361.1 356.4 351.6 344.9 337.5 328 321.2 315.2 307.7 299.3 289.1 275.3 268 263.6 258.6 254 250.1 242.5 239.2 237.9 237.1 237.1 233.8 230.5 225.9 212.8 218.3 229.6 237.9 241 245.6 247.3 247.7 246.5 244.3 236.1 243.3 256.4 265.9
308.2 298.6 290.2 283.4 276.4 268.3 262.5 256.7 251.4 247.6 242.7 239.9 228.6 236.2 247.7 257.9 267.5 274.4 289.5 313.2 320.8 329.3 341.7 348.8 352.6 358.1 369.1 377.6 379.9 378.7 377.3 376.4 375.1 370.5 368.8 369.6 369.2 365 362.9 360.4 358.8 355.1 349.7 341.8 330.9 319.1 314.3 308.9 301.9 294.5 285.3 273.4 266.5 258.2 253.1 249.3 243.9 239.2 237.9 237 237.2 236.4 233.9 231.2 221.7 213.6 216.8 223.7 231.9 237.4 241.1 241.2 239 233.2 234.8 249.3 258.6 269.8
306.6 297.2 288.8 280.8 274.8 266.7 260.2 254.6 250.5 247 242.6 235.9 228.2 237.3 251.6 261.4 270 278 289.1 308.8 321.8 330.2 340.4 348.9 353 362.5 367.4 372.5 375.3 374.8 373.3 370.5 366.3 359.9 360.3 360 355.1 354.7 354.6 356 356.3 352.6 348.1 341.1 332.2 319.9 310.4 305 300.3 295.9 288.9 282.8 272.4 259.2 250.6 245.9 241.7 238.6 237.5 236 235.3 235.1 234.4 234.3 232.3 226.7 213.2 216.6 222 230 230.9 228.3 224.3 235.6 244.8 250.8 257.3 269.4
305.6 294.8 285.7 279.3 271.7 264.2 256.8 252.5 249.3 245.6 241.3 230.4 230.8 246.5 256.7 264.4 274.6 281.8 291.9 306.8 323 333.5 344 353.1 357.4 360.8 367.8 369.1 368.4 366 363.3 358 351.9 350.9 348.9 346.3 342.9 343.5 345.5 347.4 346.9 345.5 341.8 337.6 331.3 321.2 310.5 305.7 302.5 300.7 297.4 292 283.1 270.2 257.1 246.7 241.7 238.7 236.8 235.1 233.7 233.9 233.3 234.6 234 232.6 224.7 214.7 216 216 217.5 221 232.4 243.4 246.5 249.2 253 264.7
301 289.2 282.3 276.9 269.4 261.2 254.2 248.3 246.3 243.8 235.1 224.6 242.9 252.9 261.1 269.8 280.1 286.2 294.9 308.7 323.3 340.1 349.2 356.2 359.6 360.6 364.7 365.5 360.4 358.3 354.4 350.8 344.6 340.8 338.7 335.6 331.8 331.1 333 333.8 334.4 335.6 334.8 333.1 328.2 321.2 314.3 311.2 309.6 307.1 302.5 296.4 288.7 279.6 267.8 255.4 245.5 240.5 237.8 235.4 232.8 231.3 230.6 232.4 233.2 232.2 223.4 210.5 216.2 226 235.2 231.4 230.6 243.1 245 247.5 250.6 256.2
295.4 286.2 279.8 272.8 266.8 258.5 249.7 245.1 240.7 233.3 225.5 240.3 249.7 257.5 264.9 274.3 283.4 290.2 298.8 310.5 322.2 336.9 347.2 356.6 362.2 365.3 362.8 360.7 356.7 355.1 352.8 348.5 341.4 331.6 330.2 326.2 324.6 323.7 321.6 319.9 320.1 322.5 326.1 325.6 321.5 317.5 314.3 309.5 306.6 303.8 300.3 295.3 290.6 284.4 277 267.6 254.5 244.8 239.4 236.5 234.5 230.7 227.4 227.6 229.8 229.5 219.9 209.3 216.8 233.6 239.4 238.4 226.6 238.3 242.6 245.8 249.8 254.4
292.8 285 277.1 269.7 263.1 257.2 248.3 242.4 227.4 225 234.4 245.8 253.7 269.2 277.3 284 290.9 295.9 302.6 313.6 324 338.1 348.2 358.8 365.1 368.1 365.2 358.2 360 358 353.7 347.4 335.5 327.1 323.1 319.1 316.3 316.2 312.6 308.9 306.6 308.4 309.4 310.9 311 308.8 307.4 304.6 300 297.7 295.1 291.5 287.3 284 278 270.8 261.2 251.3 242.4 237.4 236.1 232.8 226.6 225 225.2 225.1 216.1 209.6 226.3 238.2 240.2 241.4 242.1 237.9 237.3 240.4 247.3 252
292.3 283 272.7 265.4 259.3 252.8 246.8 238.1 222.2 225.5 238.8 247.9 261.2 274.7 282.7 291.7 297.8 301.6 309.6 316.9 326.4 343.6 354.3 361.6 366.9 364.1 360.6 359.2 362.3 359 356.2 348.3 336.2 325.6 318.8 313.1 308.3 306.1 303.2 300.2 297.5 296.3 295.5 295.8 297.3 298 296.3 295.1 292.1 289.5 288.9 285.4 280.8 279.3 274.5 269.7 264.3 257.6 247.6 238.6 236.4 233.4 227.7 227.3 223.3 221.1 213.8 212.1 234.7 240.2 243.9 245.4 245.9 246.7 246.6 247.1 243.7 245.5
289.9 280.7 270.5 261 255.7 248.9 243.9 238.2 220.5 224.8 235.4 246.5 264.2 275.1 285.6 291 294.7 302.9 312.5 320.1 331.8 346.6 355.8 362.4 361.8 357.4 355.8 354.5 355.9 357.9 356.5 348.3 338 329 325.2 318.9 309.9 303.7 297.8 293.4 290.1 287.7 286.1 284.1 284 284.1 283.3 281.7 282 281.9 282.5 281.1 278 274.4 271.1 268.1 263.7 259.4 253.2 243.4 238.7 233.7 231.8 229.1 225.9 220.5 208.4 222.3 237.6 241.5 247.1 251.2 254.5 255.9 254.5 254.3 253.5 252.6
287.5 278.2 269.4 259.2 252.1 244.5 239.9 237.1 228.9 222.1 230.7 242.5 259.4 269 278.5 284.9 291.8 304.2 315.9 326.8 336.7 349.2 357.7 356.3 354.8 353.6 354 354.6 355.8 357.6 355.6 352.2 346.9 339.4 329.9 322.6 313 307.4 302.7 298.6 294.8 288.8 283.2 277.2 274.3 273.3 272.4 272.2 272.9 274.6 275.2 277 275.5 271.8 268.7 266.3 261.6 258.9 255.2 247.7 241 235.6 231.7 227.7 225.6 220.5 209.4 223.6 235.8 249.1 255.7 262.2 266.1 268 267 264.2 262 260.6
