Assets/StreamingAssets/GeoData/Data/so/SO05.asc
ncols 200
nrows 200
xllcorner 300000
yllcorner 250000
cellsize 50
[rows 140 to 174 of 200, columns 78 to 155 of 200]
221.1 213 206.6 202.2 202.3 206.1 208.2 206.8 203.8 202.8 202 198 192.5 203.5 213.1 221.1 229 238.9 247 250.7 255.9 264.4 274.2 281.8 287.9 292 299.3 308.7 313.9 317.8 318.2 321.5 326.1 334.5 343.1 358.8 367.4 370.3 365.5 344.4 323 306.3 289.1 279.8 277.6 274.8 276.5 302.7 322.5 324.9 311.8 285.9 265.4 247.5 232.1 221.6 212.6 204.8 196.3 191.1 188.2 187 185.4 182.3 180 178.4 182.5 189.1 189.8 194.1 197.1 198.7 202.6 204.6 205.5 206.2 205.1 202.5
218.9 211.9 205.3 200.3 196.7 198.3 201 201.3 198.5 197.1 196.4 193.4 193.1 204.4 216.8 226.5 232.1 239.1 252.2 258.8 262.2 272.2 284.2 289.1 294.4 298.1 301.1 300.9 303.8 307.5 309.4 314.3 324 333.3 342.1 352.2 356.5 353.5 339.6 322.3 306.6 292.6 281.6 272.9 267.5 265.3 261.9 276 297.9 304.9 296 276 257.2 243.7 229.9 218.8 209.7 201.6 194.9 187.9 185 183.2 179.7 176.9 179.5 185.6 188.3 194.4 199.4 202.7 203.5 205.8 208.4 210.1 211.2 211.8 212.9 212.3
208.8 202.5 198.2 193.8 190.3 189 191.6 192.4 191.6 190.9 191.1 187.7 190.8 205.3 216.2 223.7 232.3 248.3 263.6 265.5 269.5 277.4 284 289.3 293.2 295.2 297.9 296 296.9 299.3 304.3 313.9 322.5 335 344.5 348.5 348.2 336.7 321 304 288.1 278.2 270.8 265.5 259.8 254.5 247.6 247.8 266.1 285.9 279.5 263 248.2 238 228.1 216.1 205.8 198.2 191 184 182.8 183.9 178.9 176.3 183.6 190 194.4 199.9 204.7 207.6 208 210.8 214.4 215.6 216 215.5 217.8 215.7
197.7 194.7 190.2 184.9 182.5 182.1 182 182.2 184.5 186 185.6 182.8 192.8 201.9 211.9 223.3 232.1 245.9 263.3 268.6 272.7 282.2 290 295 295.4 295.8 294.3 291.7 292.5 294.5 305 317.9 330.6 340.3 344.5 342.8 333.9 323 306.1 290.6 275 266.9 261.8 257.7 250.3 244.9 239.1 228.7 238.4 251 254.7 250.2 240.2 230.4 221.1 210.9 201.7 194 188 182.4 180.2 181.5 173.3 180.6 186.5 193.7 200.1 205.4 209.5 210.9 210 213.8 219.2 222.1 220.8 219.6 216.8 212.5
190 188.9 188 184.5 179.9 175.4 173.5 177.1 180.1 175 176.3 184 192.2 199.9 212.5 221.3 231.4 250.5 264.7 268.9 272.1 281.8 290.1 296.3 296.1 296.8 293.8 290.2 288.9 291.7 307.2 324.1 337.3 340.8 342 339.1 325.4 311.2 296.2 279.4 265.2 258.8 256 252.6 243.4 235.6 231.2 219.8 216.8 228.3 230.4 231.6 228.9 221.2 212.3 205.4 198 190.5 184.8 181.3 176.7 173.7 177.6 185.5 189.4 196.4 202.8 207.2 211.3 211.9 212.4 213.5 220.2 225.6 224.1 219.5 214.1 210.8
186.6 187.6 190.7 190.9 185.2 179.3 169.9 169.2 168 178.7 195.5 203.8 213.5 207.8 208.8 218.3 236.6 251.8 264.6 267.5 273.4 279.2 289.2 294.9 298.9 301.2 291.1 286.9 284.5 290.3 306.2 324.9 336.6 336.9 335.4 331.4 318.4 304.4 289.6 273.5 259.3 251.5 248 245 235.4 228.3 222.7 212.9 204.1 210.1 213.9 216.2 216.6 210 203.8 199.1 193.8 188.6 183.5 179.9 174.9 168.2 177.1 189.4 194.4 199.2 203.9 208.3 212 213.7 215.1 215.2 220.4 225.1 222.7 218 213.9 215.1
183.8 187.6 191.5 192.9 189.5 181 171.9 162.7 168.8 182.3 206 215.5 220.5 211.9 211.1 216 235.1 252.2 261.9 266.8 274.4 277.6 288.1 292.1 300.7 303.3 289.9 283 281.1 287.8 306.1 323 330.7 328.9 327 322.3 311.2 297.8 282.9 267.2 253 246.4 241.6 237.7 228.7 220 214.8 208.5 197.9 195 197.4 199.9 200.7 198.1 194 191.6 187.9 183.9 180.2 176.4 169.9 172.1 178.2 186.5 193.2 199.6 205.7 210.2 213.7 216.8 218.2 220.4 222.3 222.9 220 216.7 218.4 220.6
181.9 184.7 186.6 191 189.6 182.5 174.5 164.6 166.1 180.3 205.2 211.9 216.2 212.9 210.7 211.6 232.4 249.3 258.9 265.8 272.3 277.3 286.8 291.6 297 297.4 290.9 282.3 276.5 283.7 306.1 321.8 325 323.2 321.8 316 304 291.8 277.2 261.5 249.6 242.3 236.3 233 223.4 213.3 207.5 203.5 194.8 183.9 183.5 186.3 184.3 184.5 183.6 182.9 181.1 178.8 176 172.5 166.5 172 179.5 185.6 189.6 194.7 202.1 210.1 215.4 218.1 220.1 222.7 225.6 225 220.7 218.6 221.9 225.8
178.5 178.3 180.3 185 181.4 176.2 170.9 162 161.9 178.1 198.7 204.4 208.6 212.8 211.8 209.6 230.2 246.7 256.6 264 258.1 257.2 256.1 255.8 271.4 285.4 285.6 285.1 272.8 277.4 303.5 316.7 316.9 318.2 317.4 309.8 296.5 288.3 274.5 260 248.4 238.9 232 226.2 216.5 207 199.6 195.3 191.3 184.7 175.6 176.6 171.4 171.8 173.3 174.9 174.8 173.2 170 164.7 166.8 176.1 188 196.5 200.8 200.7 199.7 206 213.3 217.5 219 221.7 224.5 223.9 221.2 220.7 226.1 232.2
170.8 172.1 174.3 177.9 173.6 167.9 163.3 154.7 164.7 179.2 192.8 200.4 204.3 211.5 211.8 207.7 225.1 240 250.4 257.8 237.9 237.8 237.5 239 255.1 272.3 281.2 278.4 267.7 271.4 290.3 309.6 309.6 313.8 313.3 299.2 290.9 285.5 277 264.7 252.2 241.1 230.4 220.9 211.7 200.8 193.5 185.1 184.9 184.1 173 167.3 163.2 162.8 163.7 166.7 168.1 167.2 164.1 164.4 171.6 180.2 191.5 203.5 211.1 211.5 207.2 204.3 212.5 216.2 217.3 219 220.8 220.9 220.7 223 229.4 238
164.9 166.8 168.4 170.4 166.6 160.4 156.7 159.8 170.5 182.4 189.8 194.9 198 207.2 208.5 210.8 221.2 234 244.7 253 216.9 198 197.9 222.7 258.5 279.3 271.1 264.5 262.3 263 278.1 298.1 303.3 306.9 306.1 295.7 292.1 289.7 285.1 273.9 256.2 239.2 228.1 219.8 213.4 207.8 199.8 190.2 181.3 180.3 172.7 164.2 159.4 154.7 155.8 158.3 160.1 160.2 162.9 169.2 174.7 182.9 192.8 203.4 212.3 217.1 214.4 208.9 212.6 215.1 212.9 215.9 217.7 218.8 222 226.4 232.7 241.8
159.8 161 160.9 162 159.4 154.2 149.9 165.3 176.9 179.4 184.5 189.8 196.4 201.3 203 212.6 217.1 229.1 244.1 233.9 209.2 199.2 199.2 218.3 258 269.8 263.1 255 255.5 255.4 270.8 291 298.2 300.7 295.4 293.1 295.1 296.6 291.7 282.9 258.6 233.9 222.2 214 209.3 205.4 198.3 185.2 172.7 172.1 163.9 153.7 153 152.5 157.4 160.1 162.6 165 167.7 173 179.1 185.6 194.6 204.1 212 216.7 216.3 213.3 209.6 212.9 214.9 217.1 218.4 218 224.6 230.2 238.7 252.6
152.9 153.6 153.2 152.2 149.4 146.2 152.6 163.6 173.1 178.5 179.3 184.6 191 195.8 196.1 204.3 212.8 224.2 237.6 223.2 198.9 197.9 197.7 197.2 237.6 272.3 258.4 246.4 248.1 248 262.7 288.6 295.8 290.6 286.3 288.9 295.2 294.7 285.9 272 252.5 229.2 215.9 209.2 204.1 201.5 193.7 180 167.4 157.1 150.5 151.7 156.3 157.7 161.7 165.8 169.3 171.6 173.2 180 185.3 191.8 198.2 205.5 211.7 215.7 215.3 213.3 211.5 214.1 217.5 220.4 221.8 224.4 229.2 237 249.5 262.7
143.4 144.7 146.1 141.6 144.1 145.9 155.1 161.9 169.8 174.8 174.3 177 184.2 189.1 190.9 189.9 206.1 218 228.9 214.5 198.4 197.6 197.3 197.5 218.8 242.1 253.1 240.6 241.6 242.8 257.3 283.7 285.9 276.1 277.1 284.9 287.6 282.3 273.9 260.5 240.2 223.6 209.8 201.4 198.8 193.6 187.2 177.7 166.3 152.3 148.9 154 157 160.2 164.3 168.9 172.5 175.2 177.2 182.5 189.7 196.5 201.8 206.9 212.1 216.3 214.9 214.3 215.5 218 221 224.9 226.6 230.1 236.3 246.1 258.2 271.3
138.4 138.2 139.2 139.5 145.1 153.8 160.3 164.2 168.6 170 170.9 171.7 175.9 181 185.2 183.4 199.9 212.4 220.1 216.8 197.9 197.3 197.2 197.4 197.6 233.5 246.9 234 234.5 237.5 253.5 277.4 267.6 259.5 267.7 275.5 276.6 268 263.9 249.5 228.8 216.1 209.2 200 193.4 187.3 179.9 172.7 161.3 144.3 157.7 159.5 159.8 163.3 168.6 171.8 175.2 177.9 179.2 186 193 199.8 206.8 211.7 216.4 219 216.5 217.5 220.6 223.3 226 229.6 233.3 237.7 244.8 254.6 267.3 285
136.6 136.6 136.5 143.3 147.2 155.5 163 170.7 166.6 165.3 164 162.4 167.9 172.6 177.3 178.5 193 210.6 220.2 227.1 231.5 209.4 197.5 197.8 197.6 213.2 241.5 227.6 227.8 231.4 249.2 263.7 254.5 245 256 271.5 260.1 245.3 240.5 235.4 217.8 210.1 206.5 199.9 190.2 182.4 172.4 162.8 153 148.5 158.8 161.5 165 170.5 176.7 179.8 179.9 184.1 184.7 189.9 196.5 203.6 210.6 217 220.5 222.5 219.3 221.4 226 229.3 232.5 235.6 239.2 245.1 254.2 266.5 281.3 301
135.4 135.2 136.5 142.7 149.7 158.7 165.1 169.8 166.3 163.4 160.6 157.2 157 164.1 169.8 172.3 181.9 200.3 202.1 205.7 211.9 216.4 198 211 222.4 227.1 234.4 222.9 220.6 227 241.5 245.4 239 234.4 244.7 256 238.2 220.6 212.2 207.5 205.4 205 203.7 197.2 185.8 176.7 168 155 141.8 151.8 157.6 160.3 166 172.4 179.8 186.1 186.7 184.7 188.2 193 198.5 206.2 213.1 219.8 226.1 225.1 223.6 228.6 233.6 237 239.8 244 247 252.5 264.3 278.3 297.9 317.9
134.1 134.7 137.3 141.1 151.1 154.3 159.4 161.7 160.7 158.5 156 154.4 152.1 152.6 158.6 162.9 166.8 181.4 181.7 191.2 194.4 204.9 196.4 199.2 211.9 218 227.9 216.9 214.6 222.7 237.8 231.4 224.6 220.6 233.6 238.9 220 202.6 192.7 193.1 198.8 200.9 201.9 194.9 182.3 168.7 160.8 147.7 143.7 150.2 154.7 158.4 165.7 172.3 181.9 190.6 191.2 187.6 187.2 194 200.5 208 216 222.1 229.3 229.3 230.1 235.1 239.4 244 247.7 253.3 257.7 262.1 269.6 288.3 311.8 337.2
132.9 133.7 135.4 140.9 143.1 146.7 150.1 150.5 148.8 150.5 152.8 150.2 147.1 146.3 146.4 150.3 159.1 170 155.9 169.6 183.2 189.7 193.8 195.4 195.9 215 205 205.3 204.3 218.8 234.4 214.4 211.8 210.3 211.4 184 203.2 186.6 182.6 185.9 193 197.9 199.9 193.2 180.2 163.4 150.6 137.9 142.8 145.9 151.1 157 164.7 172.1 180.5 189.9 189.3 185.4 185.9 192.9 201.4 210.5 219.6 226.5 234.1 235.1 233.8 237.7 243.8 250.3 256.8 263.9 268.6 273.1 280.1 294.8 325.9 356.7
131.8 132.3 134.3 136.7 139.6 140.3 142.5 143.6 144.2 145.6 145.5 144.7 142 139.6 139.7 140.9 148.7 155.8 153.7 155.2 177.2 182.4 179.9 185.9 189.3 193.2 197.5 194 196.4 210.7 202.4 201.2 201.8 199.4 164.3 149.6 165.2 171.7 173.7 178.5 188.4 193.7 195 188.7 177.1 163.4 145.7 136.2 141.1 146.3 149.3 155.3 162.2 169.9 176.4 183.4 184.5 182 184.9 191.7 201.2 211.6 221.4 229.1 235 238 236.7 241.4 250.3 259.5 267.2 276 283.3 285.1 298.6 315.1 339.1 369.6
129 130.4 133.6 136.4 138.1 139.6 140.2 141.5 141.7 140.7 140.4 140.4 139 136.6 135.3 134.9 139.4 147.8 151.5 153.9 155.2 155.9 175.3 178.3 184.3 185 188.7 181.8 182.3 203.4 184.2 185.6 186.9 162.6 143.4 140.6 142.4 162.3 165 168.8 179.3 184.5 186.3 180.1 171.3 163.1 147.4 137.6 144.6 148.1 149.4 153.5 159 164.9 171.4 175.9 177.7 181.2 188.1 193.9 200.4 209.5 218.7 226.8 233.3 237.5 239.6 247.1 259.3 270.9 280.4 291 304 306.4 313 334.9 358.9 380.4
127.8 128.6 128.8 131 132.6 132.7 131.7 129.7 128.7 131.7 132.7 133.1 134.2 135.9 134.5 132.7 132.2 139.1 142.8 152.8 155.2 159.1 172.4 180.4 182.2 177.2 173 170.2 168.9 176.4 167.6 169.4 168 161.6 142.1 141.7 162.3 152.4 155.3 153.2 161.5 166.1 169.3 166.6 165.3 160.2 151.4 136.5 143.1 147.2 149.6 153.3 158.9 166 172.8 177.8 179.3 185 194.4 201.2 204.7 207.2 214.9 223.1 232 238.4 244 254.1 268.6 282.5 297.1 311.2 327.7 335.2 336.6 357 375.1 390.7
126.9 127.2 127.2 126.7 126.1 125.7 125.5 125.5 125.9 127.4 130.8 129.4 129.5 132.9 134.7 132.2 131 130.6 132.2 137.8 142.5 147.6 160.3 164.9 169.3 168.4 165.5 158.2 157.1 154.7 150.7 151.4 148.5 146.6 156.1 150 143.6 139.3 136.4 142.1 147.1 147 150.7 156 159.4 158 152.4 137.1 141.4 149.1 151.9 154.4 159.8 167.3 173.6 176 180 187.9 195.2 202.5 210.7 212.6 215.5 223.2 232 240.8 249.1 260.6 276.6 295.2 318.2 334.7 345.9 357.1 367.5 373.7 382.9 392.8
126.3 126.2 126 125.9 125.7 125.7 125 124.7 124.7 125.2 126.2 124.5 124.7 128.5 132.3 131.3 130.1 128.6 127.4 126.6 128.5 136.1 141.1 149 152.1 152.3 149.3 147.6 146.1 140.2 135.3 133.6 136 140 140 137.3 134.6 131.1 132.2 136.5 135.9 134.8 138.9 145 151.7 155.1 151.2 141.9 139.1 152.7 156.9 158.7 161 165.3 170 174.4 179.7 187.1 193.7 201.3 210.2 216.8 218.2 224.1 231.7 241.5 252.8 264.9 282.5 306 331.8 345.2 354.1 367 379.6 383.1 387.1 391.2
126.1 126 125.8 125.7 125.5 125.5 125.1 124.7 124.5 124.4 124.2 124.3 124.7 126.6 127.8 130.1 128 124.6 123.8 122.6 121.9 125.6 130.8 134.1 136.9 136.6 136.5 138.4 135 129.8 129.6 131.5 134.6 138.9 132.8 126.4 127 126.4 128.4 131.8 130.3 130.8 132.5 135.2 141.2 145.2 145.2 139.6 137.1 149.6 155.8 159.3 162.2 163.6 165.9 170.2 176.8 183.3 189.6 198.9 208.4 215 215.4 221.7 232.3 243 253.7 265.7 282.3 303.4 325.1 341 351.4 368.6 380 384.8 385.8 390.2
125.9 126 125.8 125.6 125.5 125.3 125.1 124.8 124.4 124.3 124.3 124.2 124.5 124.4 123.4 120.7 120 119.9 119.9 119.9 120.7 119.9 122.1 126.8 128.8 129.8 131.5 132.2 129.2 128.3 128.2 126.9 126.9 127.4 127.3 125.3 125.2 124.7 124.5 125.1 124.9 125.1 125.3 126.3 132.6 137.9 141.1 137.6 136.1 146.4 153.5 157 160.6 161.1 161.9 166.4 173 179.1 187.1 196.1 202.6 206.8 208.9 221.8 233.3 245 256.7 265.5 276.6 293.8 305.8 314.1 327 343.7 362.7 376.8 382.5 392.3
126 126 125.8 125.3 125 125.1 125.2 124.8 124.5 124.5 124.5 124.4 125.2 123.7 120.7 120.7 122.8 123.7 124.1 124.3 124.5 123.6 119.5 119.5 120.8 125.4 126.2 126.4 126.9 126.8 127.1 125.8 125.4 126.7 126.8 124.5 123.6 123.6 123.4 123.3 123 123.4 124.5 124.5 126.2 129.9 134.6 129.8 137.8 143.1 151.6 155.4 158.2 158.1 158.5 162.5 169 175.2 183.4 190.5 195.8 198.3 205.2 216.1 227.8 240.1 252.1 259.6 265.1 273.1 280.3 289.2 302.8 311 334.4 365.5 382.2 390.6
125.8 125.4 124.9 124.9 125 125.2 125.1 124.9 124.7 124.6 124.8 125.1 123.6 121 121 123.8 124.4 124.4 124.2 124.4 124.3 124.3 124.2 123.4 119.5 119.3 119.2 124.6 125 125.2 124.5 124.3 124 124 123.6 123.5 123.5 123.6 123.4 123 123 123 123.1 122.9 123.2 124.7 126.5 131.5 136.5 139 149.3 152.8 154.7 155.2 156 159.4 165 170.9 178.5 184.4 188.7 193.3 198.1 205.4 218.1 230.1 236.8 240.7 244.9 248.7 255.4 268.6 292.2 316 345.5 363.2 382.2 385.6
125.8 125.3 125.2 125.3 125.5 125.4 125.3 125.2 124.8 125.6 125 124.3 123.2 121.2 124.1 124.5 124.9 124.2 124.3 124.3 124.2 124.1 124 124.3 123.7 123.5 120.6 119.2 119.2 124.1 123.9 124 123.7 123.7 123.7 123.6 123.6 123.6 123.1 123 122.9 123 123.1 123.2 123.2 123.6 124.8 130.7 133.3 136.8 146 149.8 153.4 154.6 154.5 157.3 164.2 171.2 177.3 182.4 185.1 190.7 197.7 204.7 211.9 218.9 220.3 231.3 240.2 247.2 255.8 269.8 290.2 315.7 344.8 361.7 374.9 376.8
126.5 125.9 125.7 125.7 125.8 126.3 125.8 126.4 125.9 125.5 124.9 124.1 121.2 121.2 124.5 125.9 124.9 124.2 124.2 124.1 124 123.9 123.8 123.9 123.8 123.8 123.8 123.7 119.7 119.2 123.5 123.8 123.8 123.8 123.8 123.7 123.7 123.3 123.1 123.3 123.1 123 123.1 123.2 122.7 122.4 123.2 127.1 132.3 138.5 143.9 147.1 152 154.8 153.5 155.6 162.1 169.3 175.8 181.8 185.3 189.4 196.3 203.6 208.2 209.5 220.8 227.2 236.8 247.1 257.2 270.7 293.8 321.8 347.1 360.2 366.9 369.1
126.2 126.2 126.5 126.4 126.1 126.3 125.7 126.3 125.9 125.5 124.8 123.5 121.2 124.7 125.5 124.8 124.4 124.1 124 123.9 123.8 123.7 123.6 123.5 123.5 123.5 123.6 123.5 123.5 122.7 119.2 120.3 123.8 123.8 123.9 123.8 123.4 122.9 123.5 123.6 123.4 123.1 123 122.4 121.9 122 122 125.2 134.9 141.8 144.2 146.2 149.7 153.5 154 153.7 159.9 166.7 173 178.8 183.7 187.5 193.3 198.7 197.8 210.4 215.9 222.5 232.9 242.1 258.5 280.6 304.6 332.7 352.2 360.5 361.9 363.1
124.8 125.4 126.1 126 125.8 125.6 125.5 125.9 125.5 125 123.8 121.2 121.9 124.9 125.3 125 124.6 124.3 124.1 124 123.9 123.8 123.7 123.4 123.2 123.2 123.2 123.1 123.1 123.1 122.3 119.2 119.2 123.3 123.4 123.3 122.7 122.6 123.2 123.2 123 122.8 121.9 121.5 121.7 121.8 121.8 124.4 138.7 143.7 144.7 146.1 147.8 150.9 151.7 151.9 156.2 162.4 169.2 174.5 177.5 182.2 187.7 192.1 197 203.8 209.1 217.7 226.4 246 267.6 291.2 317.2 336.8 353.2 356.4 355.6 357.8
124.7 124.9 125.5 125.7 125.7 125.6 125.4 125.5 125 124.1 123 121.2 125.5 125.4 125.2 125.1 124.9 124.4 124.2 124.1 124 123.9 123.8 123.4 123 122.9 122.8 122.8 122.8 122.7 122.5 121.6 119.2 118.9 118.9 118.9 119 119.6 120.2 121.7 120.7 118.9 118.9 118.9 118.9 118.9 118.9 118.9 128.9 142.2 145.2 146.5 147.6 148.8 147.6 147.2 151.1 157.3 163.5 167.1 170.5 176.8 182.6 181.1 192.5 197.6 204.3 213.6 232.5 255.9 278.4 300 321.6 337.7 346.6 349 348.3 351.7
122.6 124.7 124.8 125.2 125.6 125.5 125.6 124.9 124.7 123.6 121.2 124.9 125.2 125.2 125 124.9 124.8 124.9 124.6 124.2 124.1 123.7 124.2 123.5 123.3 123.5 123.5 123.6 123.3 123.2 123.5 123.2 123.1 121.8 123.1 123.6 123 119.3 118.9 118.9 120.9 122.4 122 122.1 122.5 122.2 122.4 121.6 118.9 135.8 144.4 148.8 149.3 148.4 145.9 143.9 144.8 151.3 156 159.8 164.5 170 174.9 180 185.3 192.1 201.8 221.2 245.9 268.5 289.8 307.4 322.4 333.7 337.2 337.3 337.3 341.6
125.2 122.6 122.5 124.1 124.7 125.4 126.3 124.8 124.6 121.2 122.2 125.4 125.3 125.2 124.9 124.6 124.3 124.7 124.8 124.6 126 127.2 128.4 129.3 130.5 131.4 132 132.5 133.6 136 140 142.7 140.8 137.5 138 135.8 132.6 126 123.8 123.2 123.1 123.3 123.1 122.8 122.8 122.8 122.6 122.2 118.9 123.5 139.2 146.9 150.4 149.7 146.1 142.3 140.8 144.4 149.8 153.8 156.6 161 166.5 172.2 182.2 194.1 211.9 235.8 260.6 281.3 296.9 306 318.5 325.2 323.9 322.5 322.6 330.2
