Assets/StreamingAssets/GeoData/Data/so/SO06.asc
ncols 200
nrows 200
xllcorner 300000
yllcorner 260000
cellsize 50
[rows 105 to 139 of 200, columns 78 to 155 of 200]
279.1 273.5 267.4 261.4 256.2 251.9 248.9 246.5 244.8 244.2 244 244.6 244.9 245.2 244.6 243.1 240.4 237.7 235.1 232.8 232.2 232.4 232 230.2 227.9 225.5 222.1 218.1 213.1 209.5 207.7 207.8 207.6 209 208.6 207 204.2 201.4 192.8 191 187.5 186 189.4 195.2 197.7 196.6 194.3 191.7 190.5 191.7 193.5 194.6 196.1 198.5 199.6 199.7 198 195 191.2 188.1 185.8 184.4 183.7 183.4 181.7 184 185.1 186.1 186.7 185.4 182.8 182.5 182.5 182.5 179.2 181.3 181.6 181.8
276 270 264.2 258.5 253.5 249.8 247.6 246.3 245.5 245.6 244.9 244.9 244.9 245.7 245.3 244 241.5 238.9 236.9 235.3 234.8 235.3 233.8 230.7 227.3 224 220.6 216.8 212.5 208.2 206.2 209.2 212.3 212.8 212.1 210.6 207.6 204 200.1 195.6 192.5 188.2 185.2 186.9 190.9 190.6 190.9 189.6 189.1 190.2 192.2 192.9 194.9 197.1 198.6 198.6 197 194 190.4 187.1 185 183.9 183.6 183.4 183.8 183.8 184.1 184.4 183.8 182.4 182.3 182.4 182.4 182.3 179.2 181.4 181.6 182
272.1 266.7 261 255.1 249.5 246.2 244 243.3 244.2 244.7 243.7 243.6 243.1 243.6 242.9 241.8 240.5 238.7 237.7 235.8 234.8 234.5 232.2 229 225.8 222.3 218.3 214.8 211.3 209.8 210.6 213.3 214.8 215.5 214.7 212.7 209.1 205 201.5 198.6 195.8 192.6 187.2 183.3 185.2 187.1 188.3 188 188.5 189.8 190.9 192.3 194.8 195.2 196.4 196 194.6 192.6 189.9 186.8 184.7 184.3 183.8 183.2 183.3 183 182.8 182.6 182.2 182.1 182 182 182 181.6 180.8 181.7 181.6 181.7
267.9 263.2 257.6 251.5 245.9 243.1 241.6 240.6 240.7 241.6 241.6 241.2 240.8 240.9 240.6 239.7 238.7 238 237 235.7 234.2 232.5 229.8 227.2 224.1 221.3 218.2 215.8 213.5 213 214 215.6 217.4 218.2 215.8 213.3 210.1 206 202.6 200.2 197.8 194.9 190.4 186.4 183.9 185.2 186.6 188 190 191.1 192.6 194.3 194.8 195.3 194.9 193.6 192.3 190.9 188.7 186.3 184.7 184.4 184.1 183 182.7 182.5 182.4 182.1 181.7 181.6 181.6 181.5 180.9 179.3 181.4 181.5 181.5 181.5
263.7 259.4 254 248 243.5 241.3 240.1 239.5 239.5 239.4 239.8 239.7 239.8 239.9 239.3 238.2 237.4 236.2 235 233.7 232.2 230.2 227.3 225.2 223.3 222.3 221.4 219.8 217.9 217.6 217.5 218.2 220.1 220 216.8 213.4 210 206.7 204.1 201.6 198.2 195.4 190.7 188.6 184.8 183.9 185.4 189.1 192.3 193.6 195.2 196.9 196.5 196.4 195 193.3 191.9 189.9 188.2 186.9 185.7 185.7 185.7 184.4 180.6 182.1 181.9 181.7 181.2 181.1 181 180.9 179.1 181.6 181.5 181.5 181.6 181.6
259.2 255.1 250.8 245.9 241.9 239.8 239.1 238.6 238.6 238.3 238.7 240 240.9 240.8 239.3 237.4 236 234.7 233 231.4 230 228.1 226.7 225.4 225.1 225 224.2 222.9 221.2 219.9 220.1 220.7 222 221.3 217.9 213.8 211.3 208.9 206.8 203.8 199.8 195.9 191.5 188.3 185.1 183.1 184.7 192.1 197.1 197.8 198.5 198.7 198.3 196.7 194.1 192.7 191.2 190 189.9 188.8 187.8 188 188.4 185.5 180.9 180.9 180.9 180.9 180.9 180.8 180.7 180.7 181.1 181.4 181.5 181.5 181.5 181.6
254.6 251.5 248.1 243.8 240.7 239.2 238.3 237.7 237.5 237.2 237.6 239.7 242.2 242.2 240.2 238.4 237.8 237.2 235.3 233.3 231 228.6 227.1 226.1 226.1 226.2 225.8 224.7 222.9 221 220.4 220.2 220.2 219.3 218.2 215.8 213.9 211.8 210.2 208 205 200.9 196.1 191.7 186.6 183.2 184 195.7 199.9 201.1 201.4 200.8 198.9 195.3 192.3 190.9 190.6 190.4 190.7 190.1 189.9 190.3 190.1 180.3 181 180.6 180.5 180.5 180.6 180.7 180.8 178.9 180.9 181.3 181.4 181.5 181.5 181.6
250.7 248.2 245 241.8 239.7 238.8 238 237 236.3 235.8 236.9 239.4 241.8 242.6 241.5 240.6 240.1 238.9 236.6 234 231.5 229.1 226.8 226 225.5 225.4 225.1 224.1 222.5 221.1 219.2 218.1 217.7 216.8 215.3 214.9 214.1 213.1 212.6 210.6 208.9 205.2 199.8 195.2 189.6 182.7 183.2 196.1 201.4 202.4 203.1 201.2 197.3 192.9 190.8 190.8 190.8 190.9 191.2 191.3 191.5 192.4 188.2 180.1 178.6 180.1 180.2 180.3 180.3 180.5 178.3 180.6 180.9 181.1 181.3 181.4 181.6 181.5
246.9 244.8 242.3 240.3 239.4 238.2 237.9 236.8 236.2 235.8 235.5 237.8 239.7 241.2 242.5 241.8 240.3 237 234.1 231.4 229.2 227 226 224.8 224.6 224.5 224.4 224.3 222.7 220.7 218.4 216.2 214.7 213.4 212 211.9 212.1 212.5 212.5 211.3 208.3 202.9 197.8 195 190.8 182 182.1 189.8 200.7 201.6 202.3 201.1 197.1 193.9 191.1 191.5 192.4 193.5 193.5 193.4 192.4 191.4 181.8 179.9 179.6 179.7 179.9 180 180 178.1 180.4 180.2 180.4 180.7 181.2 181.4 181.6 191.6
246.8 243.8 240.7 239.4 238.2 237.1 236.3 237.2 236.7 235.9 235.6 235.4 236.4 238 238.9 238.5 237.4 235.5 232.3 229.6 227.2 226.1 225.1 224.4 224.3 224.4 225.3 225.8 222.9 219.4 217 214.1 211.6 209.9 208.8 208.9 209.1 209.4 209.6 208.3 204.7 199.5 196.7 193.7 189.9 184.7 181.4 184.1 197.7 198.6 200.1 200.5 198.6 195.4 192.6 192.9 193.4 194.1 194.8 192.3 189.4 185.3 179.9 178.3 176.9 179.3 179.5 179.8 180 179.6 179.8 179.8 179.8 180.3 180.8 181.2 187.4 191.5
247.1 244 243.4 242.1 240 238.7 238.3 237.7 237.6 236.9 237.1 236.5 234.2 233.8 234.6 234.6 234.1 233.5 231.4 228.3 226.6 225.4 225 224.8 225.1 226.1 227.4 226.3 222 218.5 215.7 212.5 209.8 207.8 206.7 206.4 206.4 206.4 206.2 204.7 201.5 199.9 199.7 197.3 193 190.3 179.7 180.6 193.4 195.8 197.1 197.2 195.9 193.9 192.8 192.7 193.3 193.3 192.2 188.7 185.2 179.3 179.3 179.4 179.6 177.1 179.4 179.6 178.1 179.6 179.6 179.3 179.3 179.6 180.3 181.1 188.1 190.7
250.3 248 245.9 243.3 241.2 239.6 238.7 238.3 238.1 238.3 239.8 240.3 238.9 232.6 230.8 229.9 229.1 228.5 226.8 225.7 226.1 226.7 227 226.8 227.1 228.2 227.9 225.3 220.6 217.3 214.6 212 209.5 206.9 204.8 204.2 204.1 204 203.4 201.5 202.9 204.1 201.9 198.3 194.7 191.4 188.6 182.4 181.5 192.1 193.9 193.9 193.6 193.6 193 192.4 192.1 191 189 182.3 179.1 176.8 179.7 179.8 179.7 179.8 180.8 186 188.3 183.2 183.2 185.3 188.4 190.3 189.9 189.3 189.2 190.4
252.8 250.1 247.2 244.6 242.4 240.8 239.6 239.2 240.2 241.6 242.6 243.6 243 239.6 232 225.5 226.7 225.3 224.3 224.8 227.1 229.3 230.4 230.2 229.7 228.3 226.2 223.1 219.2 215.8 213.6 211.5 209.1 206.5 204 202 201.7 201.6 201.5 203.3 205.8 205 202.1 199 196.2 191.8 188.6 184.7 179.8 185.3 189.8 191.3 193.1 193.3 192.8 192.1 190.1 186.3 181.3 178.9 176.8 179.6 180 180 180.3 182.9 189.5 192.9 193.7 194 194.3 194 193.7 193.4 191.4 190 190.6 191.6
255.2 252.8 250.3 247.8 245.2 243.5 242.4 242.8 243.5 244.9 245.9 246.4 243.4 239.5 234.9 231.4 226.2 223 222.2 224 227.8 230.2 232.4 233.1 231 227.1 224 221 217.6 214.6 212.4 210.3 208.4 207.2 203.9 201 200.4 200.4 201.8 203.9 206.3 205.2 202.4 200.4 197.6 192.6 187.7 185.4 181.9 179.3 181.1 189.3 192.1 192.7 193 188.5 184 179.2 177.3 177.8 179.3 179.4 179.8 180.2 185.3 191.6 194.6 196.4 197.7 196.7 195.7 194.7 193.5 191.5 191.3 192.3 193.3 194.7
258.2 255.7 253.3 250.9 248.8 247.8 247.7 247.3 246.8 246.6 244.9 243.6 241.2 238.2 234.1 231.1 228.3 223.7 219.8 221.2 226.4 228.7 230.2 230 228.6 225.9 222.5 219.1 215.9 213.1 211.1 209 206.9 205.6 203.4 200.7 200 200.1 201.9 204.3 206.3 204.7 202.9 200.6 198 194.8 189.7 186.1 184.5 181.5 179.1 182.8 186.3 188.1 186.5 181.8 179.2 178.4 178.4 178.6 178.8 178.8 179.2 181.8 190.3 194.1 197.1 198.6 198.2 196.2 194.5 192.4 192.2 191.5 192 194.2 197.1 198.8
261.7 258.6 256.2 253.9 251.5 251.4 251.3 250 248.2 244.5 241.8 239.8 237.3 235 232.7 228.9 226.3 224.2 219.9 218.6 224 225.9 226.2 226 224.9 223 220.2 217.7 214.6 211 208.9 207.1 204.7 203 201.3 200.5 200.1 197.5 200.4 204 204.9 203.5 201.7 199.1 196.9 195.1 192.9 189.7 185.6 182.6 178.3 178.5 179.4 180.5 178.6 178.7 179 178.3 178.6 178.6 178.6 178.6 180.8 189.6 193.3 196.4 196.6 195.8 194.9 193.7 191.9 191.3 191.8 192 193.1 196.2 199.7 202
264.1 260.8 258 255.4 253.6 252.9 252.2 250.7 246.8 242.6 239.4 237 234.6 232.4 229.5 225.4 223 220.6 219.4 216.5 219.6 221.8 222.6 222.3 221.3 220.6 218.7 216.3 213.1 209.7 207.9 206.3 204 202.2 201.5 201.3 201 200.8 197.8 201.8 202.1 200.6 198.3 195.6 194 193.5 192.7 191.2 187.4 183.8 181.1 176.4 178.3 178.6 178.5 178.5 178.7 178.8 178.7 178.6 178.7 178.6 188.4 194.2 196.3 196.7 196.3 195.1 193.9 192.8 192.1 192.3 192.5 193.9 195.6 197.9 201.1 203.2
265.6 261.6 258.4 255.9 254.1 251.4 249.3 247.1 243.6 240.1 237 234.6 232.2 229.9 227.4 224.9 223.3 222.1 220.1 216.9 214.2 215.2 216.2 218.4 218.7 218.7 216.7 214.3 210.7 208.6 207.1 205.6 203.9 202.8 202.9 202.7 202.3 200.8 195.9 198.7 198.5 196.5 194.6 192.4 191.7 191 190.2 189 186.7 184.9 180.9 177.4 177.8 178.3 178.4 178.5 178.8 178.8 178.6 178.6 178.8 184.8 193.2 198.2 199.1 199.1 197.6 196.3 194.7 193.5 192.4 193.4 194.8 196.2 198.4 200.7 202.6 203.7
264.9 261.4 258.2 255.9 254 252 247.8 244.4 241.1 238 235.1 233.4 231.2 230.3 229 227.4 225.7 223.4 221 218.6 215.1 211.9 212.3 214.5 215.8 216.4 215.3 213.2 210.3 208.8 207.4 205.8 203.8 203 203.2 203.1 201.5 198.7 194.9 195.2 194.4 193.4 192 190.3 189.2 188.4 187.7 186.3 184.8 182.3 175.6 177.5 177.9 178.3 178.4 175.9 178.6 178.7 178.7 181.8 189.8 193.8 196.8 199.7 199.6 198.7 197.3 195.9 194.2 192.7 193.3 194.9 197.5 199.2 201.4 203.7 205.1 206.5
263.6 261.1 258.2 256 253.9 251.8 248 243.5 240.1 237 234.5 234.8 235.3 233.5 231.7 228.9 225.6 223.2 221 218.6 216.3 211.9 210.9 211.2 213.6 215.3 214.4 212.7 211.4 210.1 208.9 206.5 204.6 203.9 203.9 202.4 199.5 195.9 193.9 193.7 193.9 194.5 191.7 188.8 187.6 187.1 185.6 184.1 181.3 177.6 177.2 177.5 177.9 178.3 175.9 178.4 178.7 178.7 180 188.3 191.9 194.5 197 198.7 197.5 196.1 194.7 193 193.1 193.6 194.3 196 200 202.6 204.3 206.8 208.2 209
262.7 260.2 257.9 255.8 253.2 250.7 248.3 242.9 239 236.9 235.6 236.8 237.6 235.6 232.8 227.5 224.3 222.1 220.2 217.8 215.4 213 208.9 209.8 211.2 214.4 214.9 214.3 214.7 213.6 211.6 208.7 205.7 204.1 203.2 200.2 197.2 194.5 193.5 194.5 195.7 195 191.8 189.4 188.2 186.1 184.1 183.2 179.3 177.4 177.2 177.3 177.7 177.5 178.1 178.6 178.7 179.2 184.3 188.4 191.8 194.1 195.4 195.6 194 193.2 192.9 192.5 193.3 193.9 195.8 198.3 201.2 204.7 207.6 209.7 211 210
261.9 259.7 257.5 255.3 252 249.2 247 243.4 240.1 237.4 237.3 238.5 238.1 235.4 231.8 227.2 223.9 221.4 219.3 216.8 214.3 212.2 209.7 208 210.2 214.1 215.8 216.7 216.6 214.2 211.7 208.7 205.7 203.2 201.3 197.8 194.7 193.4 194 195.6 195.6 194.4 193.3 191.3 189.3 186.7 183.9 183.3 182.6 177.4 177.2 176.4 176.5 177.9 178.2 178.4 178.7 180.4 184.1 187.7 189.6 187.7 188.8 189.5 190.7 192.2 193.6 193.2 193.8 194.4 196.6 199 201.9 205.2 208.6 211.8 212.2 210.5
260.4 259.3 257.6 254.8 251.1 247.6 245.5 243 240.3 238.2 236.6 236.7 235.5 233.1 229.4 225.8 223.1 220.5 218 215.6 213.1 211.1 208.9 205.2 209.5 214.1 217.1 218.1 216.9 214.3 211.5 208.5 205.4 202.3 199.7 195.9 193.3 192.1 194.1 194.8 194.9 194.7 193.9 192.1 189.8 187.5 185.8 185.5 183.3 177.4 175.9 176.8 177.7 178 178.3 178.6 178.8 180.5 183.3 184.7 186.4 188.2 191.8 191.7 193 194 194.8 195.1 195.1 195 197.7 199.9 202 205.9 209.7 213.8 214.5 211.4
258 258.1 258.3 254.7 251.3 247.9 244.1 241.4 238.7 237 235.5 234.4 232.7 229.5 227.3 224.5 221.8 219.2 216.8 214.3 212.1 209.5 207.4 205 209.1 214 216.5 217.3 216.8 214.1 211.2 208.1 204.7 201.7 198.6 194.4 192 190.6 191.4 193.4 195.6 195.5 193.3 191.5 190 187.7 186.6 187 183.7 177.4 177.6 177 177.5 177.8 178.1 178.7 179.2 180.4 182.1 183.7 186.5 190.2 192.6 193.7 196 196.9 197.3 196.1 194.9 196.2 200.5 203.9 203.9 206.7 211.5 216.6 217.8 215.3
256.5 256.4 256.1 252.7 249.7 246.8 242.6 239.7 237 235.5 234.1 232 229.5 226.8 224.9 222.3 220.1 218 215.7 213.5 211.4 207.9 205.5 203 207.3 212.1 213.4 214.2 214.1 212.6 210.8 207.8 204.1 201.1 197.9 193.1 190.9 189.7 189 190.8 193.4 192.8 191.3 189.8 188.8 188.5 186.7 186.7 185.2 177.8 177.8 177.6 177.6 177.6 177.9 179.7 181.6 182.4 183 186.5 189.7 189.6 194.9 196.6 198 198.3 196.4 195.3 195.7 199.8 205.1 209.5 208.8 208.2 213.3 219.6 221.4 219.1
254.7 254.4 253.8 250.7 247.5 244.2 241.6 238.9 236.4 234.8 232.9 230.6 228 225.6 223.3 220.5 218.9 216.8 214.5 212.4 211.4 207.6 205.2 202.9 204.2 208.9 210.4 210.7 209.9 209.2 208.5 206.8 203.2 199.4 194.8 190.9 189.6 188.2 187.8 189.9 191.1 190 190.3 191.3 191.2 189 187.6 187.6 186.4 178.1 177.5 177.6 177.6 177.6 178.1 182.5 184.2 185.8 189.4 192.8 194.8 194.7 195.8 196.6 196.8 196.2 195.6 196 198.2 204.5 208.3 215 215.6 213.8 214.7 218.6 222.5 222.6
252.9 252.1 251.6 249.5 246.1 243.3 240.7 238.2 235.9 233.8 231.8 230.2 228 224.8 222 219.7 217.8 215.6 213.1 211.7 209.9 207.9 205.8 202.4 201.1 204.8 207.5 207.9 207.5 207.1 206.1 203.8 200 195.6 191.8 189.8 188.3 186.8 187.6 189.5 188.7 188 188.7 189.5 189.1 188.9 189.5 190.6 187.1 177.8 177.6 177.5 177.6 177.6 178.4 185.3 186.4 189.3 192.1 194.7 196.4 197.4 197.8 197.5 197.2 196.5 196.2 198.2 201.8 208.8 210.4 216 221 222.2 219.1 221.1 224.7 226.2
252.2 249.9 249.5 248.4 245.1 242.4 239.8 237.2 234.9 233.5 232 230.5 228 225 222.4 219.1 216.1 213.9 212.4 211 209.4 208.4 206.9 206 201.5 199.4 203.4 204.7 204.7 204.2 202.5 200.1 196.7 193.1 190.4 188 186.7 185.4 187 187.8 187.6 187.3 187.4 187.6 187.5 188.3 190.3 189.7 184 177.7 177.4 177.2 177.6 177.6 180.1 186.4 188.4 191.2 194.6 196.7 200.6 203 202.2 199.7 197.7 197.2 197.9 202.1 207.3 210.6 213.2 218.4 223.6 226.5 224.3 224.4 226.4 227.7
252.7 248.5 247.3 247.2 245 241.9 238.8 236.4 234.6 233.4 232.2 230.7 229 226.9 224.8 221.9 219 214.7 211.9 210.2 210 209.5 208.3 208.1 205.2 200.2 196 200.5 201.8 201.3 199 196.4 194.1 192.2 188.6 186.3 185.1 184.2 186 186.2 186.5 186.3 185.7 185.7 186.3 187.6 188.3 185.8 177.7 177.3 175.2 177.1 177.3 183.6 186.7 188.9 190.6 193.3 196.1 199 201.9 204.3 203.3 200 198.2 198.5 203.1 207.9 212.5 215.5 221.1 225.9 230.8 231.4 230.2 229.1 230 230.9
253 247.3 244.9 244.6 243.5 241.3 237.2 234.8 233.5 232.4 231.2 230.6 228.7 226.8 224.4 222.2 218.7 213.6 210.9 210.9 212.4 210.8 209.4 207.6 205.4 203 197.4 194 198.1 197.6 195.8 193.8 192.4 190 187 185.4 183.8 181.8 184.1 185.2 184.3 183.1 183 184.3 185.3 184.8 184 176.8 176.9 176.9 176.2 176.5 179.7 185.5 187.6 190 192.6 195.3 198.4 200.1 202.6 204.3 203.1 199.9 199.1 202 206.6 211.7 216.6 221.8 226.7 233.8 244 241.5 238.1 235.6 233.5 231.9
250.5 245.5 242.7 242.1 240.9 238.6 235 232.1 230.7 229.6 229.3 229.7 228.2 225.3 222.9 220.7 217.1 213 211.5 212.7 214.3 212.5 209.7 207 203.5 199.9 197 193.6 191.5 190.9 189.8 188.6 187.5 186.6 186.1 184.6 182.1 179.3 180.4 181.8 181.3 179.3 178.9 178.5 177.6 176.7 176.3 174 176.6 176.9 177.1 177.2 183.8 187.2 189 191.4 195.2 197.9 199.9 202.2 204.2 204.6 202.5 200.2 201 205.2 211.1 216.6 220.7 226.5 236.3 243.1 245.9 243.7 241 238.5 236.3 233.4
249.2 244.5 241.7 239.4 238.2 235.3 234 229.2 227.1 226.5 226.8 227.8 227 224 221.5 219.2 215.8 213.4 212.1 212.4 214 212.7 210.1 206.6 202.2 198.5 197 196.7 195.2 192.2 190.1 187.9 185.6 182.8 183.5 181.7 179.4 178.6 177.5 176.9 176.8 176.7 176.6 176.3 173.9 176.3 176.5 176.4 176.4 174.2 176.8 174.6 185.8 188.6 189.9 192.6 197.3 200 203 205.7 207.1 204.4 202 201.3 205.5 209.4 217.2 220.2 223.8 235.2 245.3 251.5 249.5 246.5 243.7 241.4 238 235
249.9 244.5 241.1 237.5 237.1 232.1 232.2 229.2 225.6 224.9 224.9 225.9 226 224.1 221.1 217.7 215 213.1 211.7 211.7 212.1 211.4 209.6 205.9 201.2 198.5 198.1 198.2 195.9 194.1 191.5 189.5 188.4 186.3 185.9 184.2 182.8 179.6 176.6 175.5 176.3 176 176.1 173.9 176 176.5 176.4 176.7 183.1 182.3 178.1 184 186.6 188.2 189.1 192.9 199 201.8 205.1 208.5 208.1 205.5 202.6 204.3 207.6 210 215.5 221.7 229.6 242.7 252.2 255.7 252.9 249.8 246.7 243.2 239.6 236.7
247.2 242.7 240 237.7 236.7 235.6 234.2 232.8 228.9 223.5 223.7 225 226.1 224.3 220.6 216.5 214.1 212.6 211.5 210.5 210.3 210.5 208.8 204 199.8 197.1 197.1 196.9 195 193.4 191.7 190.9 191.8 191.3 189 186.7 181.8 176.5 176.6 176.2 175.5 175.3 175.7 175.9 176.8 177.2 182.4 185.2 186.3 185.8 179.2 185.5 186.4 187.9 190 193 200.6 203.6 206.7 209.3 209.9 206.9 203.6 204.8 209 212.9 217.5 228.6 238.1 250.1 259 259.3 255.5 251 247.4 243.3 241.8 240.5
244.7 241.1 238.6 236.7 235.5 234.1 232.9 231.6 229.2 225.1 222.7 224.4 225.1 223.4 219.7 215.7 213.1 211.4 209.9 208.1 208.5 207.5 204.7 200.7 197.2 194.8 193.7 193 191.5 191.6 193.1 195.5 196.6 194.8 191.5 186.5 178 176.1 176.1 175.3 175.8 173.6 178.5 181.5 183.6 187.2 187.7 188 188.3 185.2 182.3 184.8 186 188 190.7 197.7 201.9 205.4 208.5 210.9 211.7 208.8 205.3 206.5 212.2 215.2 219.8 232.6 245.8 256 261.5 260.4 256.3 251.1 247.6 246.9 245.8 244.6
