Assets/StreamingAssets/GeoData/Data/so/SO08.asc
ncols 200
nrows 200
xllcorner 300000
yllcorner 280000
cellsize 50
[rows 140 to 174 of 200, columns 0 to 77 of 200]
324.4 303.9 290.1 279 265.9 273.3 276 276 284 293.4 304.3 290.8 277.4 269.9 280.1 274.3 258.7 245.4 225.8 209.1 206.9 219.4 243.7 252.9 264.6 275.5 281.6 292.7 306.3 322.2 341.6 342.5 356.3 366.1 378.8 397.1 414.1 434.1 459.4 486.2 509.2 523.1 530.2 535.6 540.7 542.9 545.2 549.6 547 542.1 541.8 539.1 533.1 528.5 522.3 519.7 518 516.5 515 511.5 507.2 504.5 504.3 505.5 507.3 509 509.9 508.6 505.9 502.7 497.5 497.2 495.6 494.7 494 489.9 488.6 490.8
321.5 304.4 289.4 274.2 275.5 281.8 285.5 291 301.5 311.1 315.3 299 286 278.2 284.8 276.3 259.1 247.6 236.7 217.2 209.3 223 244.5 253.5 262.5 270.5 276 282.9 297.9 314.2 328.7 331.8 345.8 362.9 381.1 403 423.3 444.2 472.6 502.6 517.2 528.7 530.5 537.9 542.4 545.6 551.5 549.9 548 545.5 539.4 534.5 532 526.4 521.9 520.5 518.6 515.9 513 508.8 505.2 502.5 501.9 502.1 502.9 504.5 504 501 499.9 493.8 491.3 490.6 487.2 489.2 490.7 486.4 486.8 487.5
313.8 295.2 280.2 281.8 290 293.5 300.3 306.7 320.9 333 327.2 312.2 299.8 288.6 289.3 275.7 260.5 247.3 243.2 219.4 211.4 222.1 237.2 248.8 256.7 259.6 265.1 272 283.9 293.4 309.3 323.9 341 360.2 380.4 404.4 428 453.4 483.8 511.2 522.4 527.8 533.4 539.7 542.7 549.1 551.7 552.3 549.7 544.1 538.1 535.6 532.9 525.4 521.9 520.1 515.7 512 509.8 506.8 503.4 501.6 500.7 500.4 499.9 497.2 500.7 501.5 501.3 502.6 499 488.8 485.5 481.9 479.7 482.8 484.4 485.3
311.7 301.3 288.1 293.7 299.7 306 311.7 323.8 338.1 346.8 334.2 323.1 311.2 299 292.7 275.9 260 245.5 233.5 211.6 213.3 216.8 220.6 228.5 232.6 237.9 248.4 258 264.2 287.3 302 316.7 335.1 355.4 377.6 403.1 428.5 456.6 490.9 514.8 524.1 527 535.7 538.2 545.4 552.6 554.9 553.8 549.4 543.4 539.2 536.8 533.7 526.4 519.4 516 512 509.1 506.6 503.8 501.9 500.8 499.6 499 502 504.5 507.8 510.2 510.6 509.9 504 494 482.8 479 476.7 470.8 479.8 485.6
312.9 298.7 302.3 304.9 311.5 321.4 328.4 341.7 354.9 355.4 337.9 329.8 319.5 306.6 296 276.4 262.2 244.4 220.7 213.2 223 224.5 226.9 229.1 234.1 240 253.8 268.9 272.6 275.6 296.9 312.9 330.6 351.3 374.2 399.5 425.5 452.4 489 515.7 521.4 526.7 532.9 537 547.6 553.2 554.3 552.3 547.7 543.3 540.3 539.1 535.2 526.3 518.6 513.6 510.1 507.6 504.8 502.5 501.2 500.1 499.6 500.8 505 509.5 513.3 514.4 513.1 509 502.1 495.3 487.1 486.6 485.6 480.9 470.7 479.1
317 321.4 319.5 320.6 326.6 337 347.7 354.2 366.4 356.5 338.4 323.7 323.9 303.9 296.3 280.2 263.6 240.1 214.2 215.9 236.8 241 247.8 256 256.5 257.9 258.2 263 277.5 286.4 294.4 306.9 325 345.8 367.5 391 416.5 445.6 480.5 507.8 519.3 523.9 530.4 535.5 546 551.4 551.5 550.7 545.9 543.5 543.7 540.5 536.1 527.8 519.3 513.3 509.5 506.7 504.4 502.5 501.4 500.3 500.7 503.6 508.4 512.9 515.3 514 509.6 504.6 498.2 493 490.6 488.9 487 483.2 463.7 471
334.3 343.8 335 330.3 346.3 357.5 367.8 369.2 372.1 360.7 344.4 320 312.4 283.5 267.8 260.8 250.7 231.6 215.2 220.6 236.7 248.8 254.2 263 270 274.2 278.7 266.5 272.6 287 300 311.4 323.8 340.2 359 380.5 402.1 431.3 461.5 489.8 506.6 521.1 527.6 532.3 544.5 549.9 550.2 548.6 546 545.4 543.8 539.7 534.8 528.9 522.2 514.3 509.5 506.8 504.2 502.5 501.7 501.3 502.6 504.9 509.2 512.4 514.2 511.6 506.8 501.8 497.4 495.6 492.5 488.3 487.1 484.3 474.2 459.8
351.4 362 347.3 348 362.3 376.1 379.2 377.6 373.5 354.9 338.5 317.1 309.8 276 258.3 244.5 232.2 223.4 216.1 228.2 237.9 253.8 260.2 267.7 273.9 278.2 281.1 287.7 290.1 297.4 305.9 314.2 317.2 330.4 349 369.8 389.1 414.1 441.5 461.7 490.4 515.3 525.5 530 543.3 548.5 551.1 550.4 547.8 545.5 543 539.9 535.5 531.5 523.6 516.4 509.8 507.2 504.8 503.2 502.7 503.8 505 507.1 509.5 511.7 511.8 509.1 503.7 501.1 500.1 497.9 493.4 489.6 487.7 483.3 477.6 456.7
368.5 377.4 369.7 367.7 374.8 386.4 384.7 383.2 377.4 353.7 333.5 317.2 292.5 268 256.8 247.6 235.5 220 229.9 231.6 241.5 258.3 271.9 281.6 289.3 286 286.4 296.2 306.3 319.4 328.2 336.5 338.1 348.7 354.8 368.4 378.2 393.9 416.1 446.6 478.5 509.6 523.9 530 539.5 546.3 551.1 549.7 550.7 547.7 545.2 543.6 537.4 534 527.1 517.6 512.1 508.9 506.7 505.1 504.9 506.4 508.6 510.9 513.2 514 512 508 503.6 501.3 499.4 495.6 492.4 489.4 486.2 482 471.9 451.5
382.6 389.6 387.7 383.7 384.1 388.7 386 382.2 367.5 349 331.4 308.9 288 271 261.4 244 234.3 229 222.4 232.3 244.7 264 278.6 291 302.3 305.2 294.9 303.6 316.7 331.6 348 363.7 368.7 370.2 374.1 382.3 395.2 405.8 430 451.3 469.4 504.5 520.9 531.2 539.6 544.8 548.8 549.5 549.9 549.9 546.7 543.7 539.7 535.1 527.6 520.9 515.1 511.6 508.7 506.8 506.2 509 511.5 513.9 516.6 515.8 511.9 507.2 502.9 497.9 494.7 491.3 487.5 485.1 482.9 479 466.7 450.8
398.4 397 391.8 386.6 387.3 389.4 385.4 377.8 363.2 347.3 326.9 297.5 280.3 265.5 263.4 256.5 239.1 224.1 221 229.6 244.6 267.9 283.6 296.9 308.6 316.2 314.1 312.3 326.2 344.6 364.2 386 400.4 403.3 402.4 407.4 415.8 431.4 453.3 478 497.3 509 519.5 533.2 541.4 545.8 548.1 550.4 550.9 551.6 546.9 545 540.9 535.5 530.1 522.7 517.4 513.8 510.9 509 508.3 511 513.4 515.6 517 515 512.1 508.5 503.5 496.9 491.9 488.3 482.2 481.5 479.6 472.6 463.2 451.7
401.8 399.6 391.1 388.1 384 385.4 380.2 368.8 359 341.4 312.5 292 281.6 269.1 269.3 259.5 249.4 227.8 222.8 230.4 247.1 273.2 289.9 302.3 312.4 317.5 320 322.5 335.8 354.8 377.6 405.1 426.1 438.2 435.7 438 445.8 460.2 478.6 497.1 508.3 517.6 527.2 534.1 541.1 546.5 548.9 551 553 551.5 548.1 544.7 541.5 537.3 530.8 523.7 517.7 514.4 512.1 511 510.4 511.8 514.5 514.8 514.4 512.5 511.1 508.6 502.8 493.6 489.3 485.5 481.8 473.1 476.2 473.8 465.1 453.4
400.7 393.7 392.6 388.5 383.1 380.5 371.6 364.4 349.9 323 311.3 296.7 287 272.5 257.2 242.1 227.1 223.7 226.3 230.3 247.8 275.8 297.3 297.1 308 316.4 321.3 328.1 342.8 362.7 388.8 418.5 445.3 458.5 460.9 473.6 478.8 493.1 499.8 508 517.3 527.4 536 542.4 545.8 548.7 549.9 550.6 551.2 550.7 548.2 544.2 541.2 537 531.5 522.6 517.3 514.3 512.5 511.5 510.9 511.9 513.5 512.6 511.3 509.7 508 506.8 500.1 489 484.5 475.7 464.6 463.1 470 469.7 463.5 457.4
398.5 392.3 392.7 386.5 382.6 377.1 368.9 362.8 341.1 321.8 313.2 299.1 280.6 262.9 244.1 231.1 226.3 231.9 230.7 233.5 237.9 262.1 266.9 272.4 298 309.7 316.4 328.2 345.9 368.3 396.7 428.1 458.4 464.4 476.8 488.6 493.1 497.5 508.2 518.6 527.4 535.7 543.1 547.1 550.1 552.5 553.6 553.7 553 550.5 546.5 542.4 538 533.3 528.5 520.2 516.4 515.3 513.3 512 510.8 509.9 509.8 509.6 508.4 507 505.4 503 492.4 478.6 479.7 486 483.8 475.5 466.1 459.2 453.3 453.9
395.5 391.6 391.2 385.1 381.1 375.5 368 360.2 340.6 328.6 315 296 280.5 256 240.2 232.1 235.4 243 241.9 249.9 242.8 249.5 257.1 272.1 274 284.3 306.7 324.5 345.7 369.2 399 431.1 462.2 470.2 485.6 491.6 497.5 501.5 515.8 525.2 533.7 541.1 545.4 548.2 550.7 554.4 556 556.2 555.7 552.1 547.6 542.2 536 531.4 524.4 522.2 517.7 514.8 512.9 510.9 507.9 506.8 506.4 506.1 505.5 504.1 502.7 500 481.3 489.6 494.2 492.6 484.6 472 465.8 462.4 456 447
389.7 388.3 385.2 382.8 379.6 373.9 367.2 354.5 333.5 330.1 314.9 290 268.2 252.1 237 228.6 246.6 257.5 257.3 269.1 273.7 272 276.8 290.7 304.3 305.7 303.3 316.7 342.4 366.1 394.8 426.3 456.4 476.3 488.9 494.6 501 514.9 522.2 531.5 538.5 543.5 546.3 548.2 549.9 552.2 556.7 556.7 555.2 551.7 546 540.9 537.3 534.2 529.1 522.9 518.7 514.7 511.3 508.7 506 504.8 504.1 503.3 502 500.7 499.4 487.9 494.6 499.2 498.6 489.8 480.5 468.2 461.4 458.9 454.1 449.1
380.3 380.7 377.3 378.3 375.5 372.3 364.4 348.6 328.3 329 312.2 282.7 262.3 247.8 237 243.6 263.3 267.2 260.7 280.2 287 289 293.1 302.4 313.3 324.7 332.2 330.1 339.9 361.8 388.3 419.4 449.7 475.1 487.1 497.4 506.3 517.7 524.9 534.9 541 544.9 546.3 548.5 551.2 551.8 555.7 555.6 554 552.2 547 541.5 537.9 534.1 529.5 522.2 518.8 515 510.7 508.3 504.8 501.6 500.6 499.4 498 497.1 496.4 489.2 500.5 500.5 495.4 486.9 477.4 463.6 461.1 461.4 462.3 461.8
371.8 368 369.4 370.2 370.3 369.1 358.3 338.1 325.7 313.9 288.5 267.2 253.5 242.5 236.2 254.8 275.8 279.7 281.9 285.2 298.6 301.8 307.1 316.6 329.5 336.9 345.6 359.3 355.2 357.6 376.8 411.1 439.9 470.8 482.8 493.6 506.8 517.2 525.8 534.9 540.4 543.1 545.9 550 553.1 555.2 556.7 556 554.8 550.8 548.3 543.8 539 534.4 529.4 523.5 519.1 515.4 511.1 508.1 504.9 501.4 497.1 494.6 493.8 492.2 492.6 500.8 503.4 499.5 492 485.7 475.1 469.8 477.2 477.7 474.6 469.8
359.6 356.8 360.7 360.6 365.5 364.4 349.7 325.3 318.5 304.6 282.9 265.5 252.2 245.2 235.5 266.8 285.8 287.8 294.6 284.6 301.7 311.2 319.7 329.5 343.5 360.3 376.4 385.5 384.7 379.6 385.1 397.8 430.9 460.8 476.4 490.7 506.6 517 527.3 533.3 538.9 542.1 547.1 550.7 554.1 556.2 555.9 555.5 554.7 551.6 549.9 547.9 542.3 536.3 530.8 524.4 519 515.8 510.5 507.1 503.9 499.6 495.2 492.3 489.7 496.3 500.1 504.6 501.6 495.9 488.4 483.5 474.5 479.9 480.8 482.1 478.7 472.8
351.3 350.5 351.3 354.3 358.4 356.1 336.6 316.7 305.9 294.6 282.7 259.9 244 234.9 256.1 280.7 298 294.8 307.2 298.5 301.8 316.7 328.8 340.1 355.3 375.4 393.9 408.6 415 412.9 416.1 424.8 440.7 453.9 473.8 490.3 505.2 518.5 527.3 532.5 538 542.9 548.8 551.6 553.3 553.4 554 553.9 553.1 551.2 549.4 546.4 541.4 535.7 530.4 524.2 518.1 513.7 509.5 505.7 502.3 498.8 494.9 492.7 493.9 497.9 502.1 506.1 504.3 497 488.2 481.6 476.5 481.6 483.7 482.9 481.3 475.8
350.2 348.8 348 350.1 354 342.7 322.5 309.3 298.2 282.9 272.2 252.6 243 249.2 271.2 294.7 310.6 307.6 320.6 310.2 316 328.7 334.7 349.8 369.4 388.8 408.3 421.7 435 441.6 447.4 454.5 462.3 471.1 485.2 498.8 510.1 521.8 529 534.7 538.9 546.1 550.3 552.9 553.2 553.2 553 551.8 550.4 549 547.4 544.3 540.9 536.6 531 523.4 518.1 510.6 506.5 503.7 500.5 497.7 494.8 492.6 495.5 499.6 502.9 507 506.8 499.9 490.3 482.7 478.7 480.7 482.8 482.7 481.4 477.4
351.5 348.1 345.2 345.9 348.4 326 310.6 301.5 287.7 273.3 261.1 249.3 237.7 263.7 282.5 308.8 321.8 321.9 333.2 322.1 328.4 340.3 348.3 360.9 380.5 401 418.1 433.3 446.6 457.2 464.2 470.3 475.1 484.9 497.1 507.5 516 525 533.2 538.5 540.9 546.3 549.6 552.4 553 552.5 551.3 549.7 549.2 547.7 546.1 542.8 538.7 533 529.6 521.4 515.6 508.2 506.2 502.6 500.1 495.4 493 494.4 496.3 501.4 504.9 509.3 509.3 503.7 494.7 486.7 481.4 480.2 481.4 483 482.3 482.2
352.2 349.9 344.8 339.8 338.8 307.6 295.5 284.8 278.5 267.2 256.5 248.5 251.2 279.4 299.8 317.8 331.3 334.7 342.5 345.7 336.2 341.8 357.8 371.3 391.2 410.8 427 444.4 456.8 465 473.8 478.2 483.6 495.9 507.8 517.9 525.8 533.5 538 541.5 544.7 547 549.1 550.2 551.6 550.8 548 547.8 544.9 541.5 540.6 539.9 536.8 531.6 523.6 517.3 510.5 507.9 506.8 503.9 500.9 495.6 494.8 498.9 501.6 504.7 508.2 513.1 515.5 509.3 502.6 491.1 485.9 482 481.6 481.3 482.9 485.3
352.6 350.6 345.4 329 310 304.9 285.4 284.6 268.8 252.9 247.7 240.9 263.4 293.1 312.6 333 339.8 344.5 349.8 357 358.6 359.3 364.6 380.1 400.7 416.8 436.7 453.6 466 474.5 480.7 483.6 493.4 503.3 513.8 523.5 532.6 539.4 542.9 544.5 548.6 547.8 547.9 548.4 547.2 547.8 545.2 543.1 542.6 540.9 538.1 534.9 530.7 523.4 520.5 514.3 509.5 507.5 506.4 503.9 500 497 497.7 500.8 503.5 506.8 510.3 514.8 517.8 514.1 506.8 501 493.6 488.6 485.2 482.6 485 486.8
351.8 350.9 344 339 313 300 291.6 296.8 278 258.4 244.9 251.5 277.8 304.2 322.8 344.1 347.7 352 358.6 363.6 365.3 368.1 372.9 388.4 406.3 423.3 445.5 462.5 473.6 482.8 484 490.5 496.4 505.5 517.1 524.7 535.3 541.3 544.3 548.5 549.8 549.6 547.7 547.2 546.9 545.9 545.2 546.5 546.2 544.5 540.8 537.5 534.2 528.9 521.8 516.2 510.2 506.3 504.6 503 499.4 496.5 500.4 503 505.7 509.5 512.6 516 518.7 516.4 513.4 506.8 499.2 493.7 488 484.8 485.6 486.4
353 352.4 348.7 339.4 320.3 315.3 308.5 293.6 274.3 250.6 243.2 262 285.2 311.8 333.4 354.3 355.5 358.2 362.8 365.8 368.9 371.5 379.3 394.5 409.3 429.1 451.5 470.4 478.5 484.8 483 490.4 496.2 505.4 517.5 526.7 534.9 540.5 545.5 550.4 551 551.5 549.4 548.5 548 547.5 547 547.5 548.5 547 543.9 540.6 536.9 531.4 522.9 516.5 510.3 506.1 504.2 503.5 501.4 497.7 501.8 504.3 508.8 513.4 516.9 517.9 515.6 512.9 510.7 506.5 498.9 492.2 486.2 483 483.2 485.8
357.7 355.4 349.8 339.8 323.9 316.2 301.3 280.6 259.1 245.6 249.9 273 298.1 322.8 344.1 359 359.6 360.9 362.1 364.8 368.6 373.5 383.8 397.1 412.6 434.2 453.6 468.3 478.3 477.4 479.8 487.2 493.9 507.7 517.4 526.3 534.1 540.3 546.2 552.2 553.8 553.3 552.6 552.4 553 552.2 550.9 548.2 548.4 548.4 546.7 543.2 538.6 532.5 525.1 517.5 510.1 506.9 506.2 504.3 501.6 498 501.9 505.1 510.8 515.2 519.4 516.6 513.5 511 507.8 504.2 497.6 491 483.8 480.1 481.2 484
363.3 355.2 348.6 335.7 326.1 316.2 298 275.5 249 248.1 259.2 283.5 311 333 352.7 360.7 359.9 360.3 357.5 362.1 365.7 374.7 387.7 399.3 415.8 437.9 454 465.6 473.1 471.2 472.9 483.4 491.9 504.8 515.2 524.1 532.5 540.2 548.9 555.3 554.5 554.2 554.5 556.1 557.2 556.5 558.9 555.7 553.5 550.6 547.9 543.5 538.5 533 524.7 515.9 510.9 507.5 506.4 504.6 501.4 498.6 501.8 505.2 510.9 515.9 518.7 515.1 511.8 509.1 506.2 501.8 497.9 489.5 483.5 478.5 478.7 482.2
364.6 357.6 345.4 331 325.4 314.6 299.7 273 250.7 250.5 266.1 294.4 320 332.4 345.6 340.2 338.3 341.3 347.6 354.1 362.5 373.9 387.1 396.9 415.2 437.9 450.6 460.4 466.7 462.9 465.2 476.8 485.1 496.7 508.3 519.1 530.6 539.7 548.2 555.3 555.9 555.8 555.9 558 560.3 560.9 562.8 560.6 559.9 557.9 554.4 548.8 541.5 534.7 527 518.3 512.2 507.5 506.1 503.8 501.3 499.5 501.2 505 509.5 513.3 516.3 513.9 510.3 507 503.1 499.1 495.2 487.3 483 478 477.5 479.7
363.6 354.7 339.6 328.6 322.8 317.6 306 272.1 251 252.8 263.7 291.6 293.6 299.9 308.6 310.4 321.6 337.6 343.9 348.6 356 370.7 384.9 393.6 414 432.1 446.3 452.9 455.7 453.9 454.1 461.4 471.6 483.3 499.3 514.5 523.7 538.5 548.4 555.8 556 556.5 557.8 560.8 563.8 565.2 566.7 567.5 566 562.8 559.1 554 547.7 540.2 531.3 521.2 515 507.5 505.9 504 500.9 500.3 501.3 503.7 508 511 513.6 514.3 510.4 504.9 500.1 496.9 492.6 484.9 480.9 477.5 476.3 478.2
361.7 349.6 338.1 326.6 320.3 319.7 302.8 272.3 251.5 255.6 257.6 259.8 265.8 278.1 284.7 309.2 312.7 304.9 306.3 334.2 351.3 366 377.5 384.7 403.5 423.1 439.6 443.2 443.2 439.4 437.5 448 463.8 483.4 500.7 510.3 521.8 533.4 547 554.1 557 558.4 559 559.5 562.5 566.8 570.6 572.4 569.8 567 562.8 557.3 550.4 542.7 532.8 527.4 518 508.6 505.6 503.6 501.8 501 501 503 505.7 508.6 511.2 513 509.8 503.1 497.4 491.7 484.6 481.6 478.7 476.3 475.3 477.8
360.4 344.3 334.5 325.2 317.5 319.9 295.1 264.1 253.5 261.5 279.4 278.4 273.9 268.2 276.4 287 279 301 307 317.8 339.3 361 367.7 376.3 386.3 406 424.9 427.1 425.4 424.1 435.6 447.8 470.4 492.6 505.7 515.5 524.8 534.6 544.9 549.8 555.5 557.1 558 559.9 565.9 570.7 572.8 572.8 572.6 570 565.3 559.5 553.4 545.5 534.2 529.5 520.7 513.3 506.5 503.4 502.1 501.3 501.4 501.9 503.1 505.3 507.7 508.8 507.7 501.8 491.6 485 483.8 479.3 477 475.2 475.1 478.6
352.9 339.9 330.2 319.9 315.1 314.5 287.1 257.9 259.1 275.1 299.4 314 313.4 302.3 293.2 286.5 306.3 329.9 349.4 351.3 345.9 357.3 366.1 369.9 382.7 387.5 404.5 412 417.3 425.4 437.7 455.2 474.7 492.6 505 517.4 527.8 539.1 549.4 553 554.8 557.2 558.9 560.6 564.8 570.4 573.3 574.5 574.5 571.7 568 562.1 555.9 546.4 535.3 532.4 524.5 514.5 510.6 506.1 503 501.7 501.6 501.5 501.7 502.5 505.7 509 506.6 500.5 488.4 483.1 479.4 476.7 475 472.7 475.9 479.6
349.2 334.2 324.6 314.3 298.7 297.9 272.3 256.2 270.3 293.1 318 337.2 344 347.3 320.8 321.1 341.1 351.9 354.7 356.9 364.7 366.5 374 381.3 388.5 395.4 399.7 405.9 417.2 423.6 440.9 455.9 474.2 488.7 503 515.6 528.7 539.7 550.4 555.4 559.8 561.2 562.1 564.1 567.1 571.5 575.3 575.4 573.5 571.1 567.8 562.6 556.1 544.1 536 534.4 526.6 518.1 511.6 508.7 504.7 502.2 501.5 501.6 502 504.6 507.9 511.6 509.1 502.9 495.8 487.2 481.3 473.7 472.7 472.1 475.7 478.7
344.5 329.3 314.9 297.8 277.9 276.7 259.3 264.6 289.8 317.3 336.4 345.9 353.3 355.4 354.5 351.3 355 358.5 361.8 367.6 371.9 377.9 381 388.7 396.8 405.1 414.8 423.1 433.8 446.9 453.2 464.1 473.5 488.5 503.5 514.1 525.5 540 550.5 555.9 560.7 563.5 566.8 568 570.5 574.9 578.7 581.6 581.1 577.7 569.9 563.1 555.4 545.2 537.6 534.7 528 520.3 515 509.8 504.6 502.5 501.5 501.6 505.2 507.8 510.5 514.1 509 501.7 496.6 491.6 484.9 475.2 471.7 471.4 474.6 476.2
