Assets/StreamingAssets/GeoData/Data/so/SO12.asc
ncols 200
nrows 200
xllcorner 310000
yllcorner 220000
cellsize 50
[rows 0 to 34 of 200, columns 78 to 155 of 200]
209.7 217.7 226.1 233.4 241.6 249.4 256.9 264.3 268 270.2 273.2 275.5 277.5 280.1 282 285 288.2 291 294.4 297.3 299.9 302.1 304.5 307.2 311.1 314.4 318.6 323.2 327.1 332.1 335.4 334.9 334.3 332.2 331.6 331.1 329.2 329.1 327.9 326.9 327.1 327.8 329.6 330.4 335.8 340.2 344.7 352.9 360.7 364.8 368.5 370.7 371.4 378.4 386 385.9 384.1 375.8 368.3 362 357 353.4 349.1 343.9 339 334.2 325.8 323 325.4 334 341.4 353.4 356.3 360.1 365.8 375 387 396.9
214.4 226.1 234.3 241.5 249 257.2 265.5 270.6 274.2 276.5 277.4 279.1 281.4 282.6 283.3 284.8 287.2 289.3 292 294.5 296.9 299.5 302.4 305.9 309.8 313.6 318.1 322.6 326 330.7 335 335.3 334.8 334.3 335 334.5 333.7 333 332.9 332.3 332.5 332.3 333.8 336.5 339.6 344.1 350.3 357.9 365.7 370.4 375.7 384.7 387 392.5 399.4 400.5 397.2 388 376.8 367.6 361.1 356.6 352 347.3 341.8 336.8 330.6 321.5 320.5 328.3 332.4 342.6 350.6 354.6 357.5 367.4 378.1 388.6
222 232.9 241.9 249.6 257.5 265.7 270.9 275.4 276.1 277.6 279.2 280.7 281.9 282.2 283.4 284 285.7 288 290.2 291.7 293.9 296.7 300.1 303.9 307.6 311.5 315.8 320.3 324.6 328.7 332 333.1 335 336.5 336.9 337.6 337.1 338.3 340.6 341.2 340.9 339.1 339.9 341.6 347 353.5 357 364.3 369.9 375.6 385.4 396.5 402 403 410.5 411.5 405.9 398.5 388.5 374.5 366.2 359.3 353.7 349.1 344.5 340 333 323.7 315.6 318.8 324 331.3 343.5 345.9 350.8 357.9 368.6 379.4
228.8 238.6 248.2 257.9 265.4 270.7 275.2 276.7 276.3 276.6 277.9 279.5 279.1 279.6 280.2 281.5 283.4 286.2 287.8 289.6 290.9 293.6 297.5 301.8 305.4 309.3 313.5 316.9 321.7 324.8 327.3 329.1 332.5 335 337 340.1 343.5 347.8 351.7 351.8 351 349.9 348.5 347 354.2 360.8 365.8 370.7 375.2 387.5 394.9 405.4 409.2 411.3 422.1 422.7 414.2 404.2 396.2 384.8 370.6 363.8 357.2 350.4 344.6 339.2 335.3 324.7 315.9 311.9 315.5 319.5 334.2 338.8 344 348.4 359.1 370.2
233.9 245.1 255.3 263.4 270.6 274.6 278.2 278 276.6 275.2 274.8 274.5 274.5 274.8 275 276.3 278.2 280.8 283.5 285.6 287.5 290.7 294.9 298.7 302.5 306.1 309.6 312.9 316.5 319.8 320.7 322.7 325.1 330.5 334.9 339 344.7 353.2 358.2 359.1 358.3 357.6 356.1 354.1 359.2 366.6 371.5 375.6 383.8 394 404.4 411.6 415.5 420.9 433.4 433.8 422.6 410.1 401.1 393.5 383.2 370.6 361.6 353.4 346.2 340 334.1 327.4 315.3 309.3 308.6 312 317.8 331.4 335.7 340.2 349.7 359.2
240.7 250.7 259.4 268.4 274.8 278.6 281.8 281.4 278.2 275 273 271.6 269.3 271 270.1 270.6 271.4 273.8 277.9 281.5 284.3 288 291.5 295 298.1 301.5 304.6 307.6 309.5 311.9 313.6 315.1 317.2 323 329.3 335.4 339.7 348.4 362.1 363.2 363.1 363.5 364.8 364.6 367.8 371.1 377 382.2 389.5 398.5 408.9 416.7 424.7 433.1 444.4 444.3 431.1 416.6 407.7 399.3 391.8 382 368.1 356.5 348.3 341.3 332.6 326.9 318.5 310.2 304.8 304.4 308.6 317.5 327.3 332.4 340 349.2
245.2 253.8 261.1 267.1 273.5 280.8 284.5 283.6 279.2 276 273.9 272.3 270 265.8 265.5 264.7 265.7 267.3 271.3 277.6 280.7 283.9 287.6 290.5 293.5 296.4 299.4 301.1 303.9 306.6 307.4 308.6 312.2 316.5 322.6 328.7 334.9 340.5 356.7 363.6 366.5 369.2 370.7 372.4 373.7 379.2 383.7 389.2 397.3 407.7 418.9 426.5 437 446.8 454.9 455.5 442.2 428.7 416.5 405.2 397.3 389.1 375.5 362.9 349.7 344.7 337.5 330.3 319.6 312.9 305.7 300.3 303.1 306.3 319.5 323.7 331.2 339.7
250.4 255.4 259.5 264.8 272.3 277.8 280.3 280.2 276.3 273.9 271.8 269.2 266 261.5 260.5 259.7 259.6 261.3 265.1 273.6 276.9 280.2 283.3 286.2 288.4 291 293.6 295.4 297.5 300.3 302 303.4 305.8 309.7 317.7 324.4 330 335.6 346.9 360.8 368.2 372.7 375 377.2 382.6 385.5 391.4 397.7 407.2 418.9 426.6 435.9 447.6 460.7 469.8 471.8 455.9 440.9 426 412.3 400.5 390.6 381.7 371.6 362.6 353.4 343.1 332.8 325.4 312 304.9 300.6 295 298.4 306.1 314.2 321.8 328.9
252.6 255.6 259 262.4 267.8 271.2 273.3 272.5 270.7 268.5 266.4 263.5 260.6 257.9 255.1 254.6 254.6 256.6 263 270.7 273.9 276.9 280.2 282.4 283.5 285 287.6 289.8 291.3 293.5 295.4 298.4 301.4 305.9 314.1 321.2 324.5 332.3 339.9 354.7 365.3 374 378.2 382.9 386.9 391.9 401.1 410.3 419 426.3 434.7 444.9 461.6 479.8 492.1 491.6 471.6 454.8 439.7 423.9 408.3 393.8 384 377.1 368.7 357.6 348.3 332.6 321.1 320.4 309.2 298.7 295.8 292.4 297.6 305.9 310.8 318.6
253.3 255.7 257.1 258.6 260.5 262.4 263.8 263.6 262.6 261.2 259.1 257.5 255.2 253 250.9 249.6 251 254.3 261.4 266.8 271.1 273.7 276.2 277.5 278.1 279.5 281.8 283.1 284.7 287.2 289 292 298 303.3 310.6 318.5 325.2 332.3 339.5 351.4 363.9 375.2 380.8 387.8 394.9 400.2 410.1 419.3 426.3 433.7 443 459.1 477.3 498.1 514.6 513.6 487.6 464.8 448.2 435.3 419.4 401.6 387.3 379.3 370.2 362 349.4 340.4 332.4 322.4 311.5 304.9 296.3 293.6 290.7 296.7 299.8 306.6
254 254.6 254.8 254.9 255.3 256.3 256.7 256.3 255.8 254.3 252.8 251.2 249 246.9 244.9 244.7 246.6 252.8 259.7 264.1 266.9 269.1 271.7 272.2 273 273.6 273.3 274.5 280.3 284.6 289.5 294 299.5 304.9 311.7 318.3 325.9 333.1 341.1 352.7 365.1 376.2 383.5 392.1 401.1 411.9 418.4 424.6 433.5 443 456.3 476 495.3 517.5 538.1 530.9 501.8 476.1 453.4 437.1 425.9 408 389.9 379.8 369.7 362.5 352.8 340.5 332.4 321.8 312.1 304.5 299.4 292.6 290.8 288.7 292.3 295.8
253.7 252.1 251.7 250.6 250.5 250.8 250.5 250.4 249.5 247.9 247.2 244.6 241.6 240.6 240.5 241.2 246.7 252.6 257.8 260.8 263.1 264.6 266.7 266.1 263.9 266.7 271.8 276.7 281.6 285.9 290.5 295.3 301.7 307 312.3 319.4 328.4 335.1 345.6 356.2 368.2 378 385.7 395.8 407.2 420.2 425.1 432.8 441.8 457.6 475.7 493 513.5 537.4 557.9 542.4 514.6 488.1 464.4 443.2 427.2 414.9 396.8 382 371.7 362.3 353.6 344.3 332.9 325.3 316 306.2 300.4 295.5 291.6 287.4 283.7 287.9
251 249.1 247.3 246.4 245.9 245.5 245.2 244.4 243.2 241.8 241 238.7 235.9 234.8 235.8 240.8 245.3 249.8 253.7 257 258.4 259.6 259.3 261.4 266.3 271 276.2 280.1 284.3 288.8 292.5 296.8 302.1 307.2 314.5 321.5 328.4 335.6 349.4 359.7 370.4 379.2 388.7 399.1 413.2 426 433.3 442 455.8 471.9 491.4 512.3 534 557.3 569.4 554.2 525.8 499.6 476.5 454.6 435.2 420 405.1 389 375.1 363.9 355 345.2 336.7 328.4 321.2 308.7 302.7 297.7 294.7 291 284.4 279.3
247.3 245.8 243.7 241.8 241.4 240.6 240.3 239.6 239.1 238 236.8 235.4 232.5 232.3 235 237.5 241.5 245.1 248.2 251.6 252.7 255.3 257.4 263.3 269.3 274.5 278.4 281.8 286.7 291.1 295.8 300.2 304.1 309.2 317.1 325.1 332.1 339.8 352 361.8 372.5 380.9 391.4 404.4 420.1 431.9 440.7 453.7 471.2 489.4 509.5 531.3 555.5 574 583.1 565.3 542 516 491.8 470.8 449.3 430.4 416.1 402.4 384.5 374.1 360.9 349.5 340.7 332.3 324.2 315.1 306.5 302.4 300.1 294.4 288.2 282.1
244.8 242.2 240 237.4 237.7 236.3 235.7 236 235.5 234.5 233.1 229 230 233.3 235.2 238 240.3 243.3 246.1 248.5 251 251.9 259.1 265 270.1 274.7 279.3 283.6 288.1 292.7 298.4 303.2 307.4 312.1 319.2 327 333.6 342.8 354.1 362.7 372.8 383 394.6 408.4 425.2 436 447.9 465.3 485.4 509.1 533.4 554.8 575.6 595.5 601.6 576.3 554.9 533.3 509.6 485.9 466.6 447 430 414.7 402.7 387.6 369.7 356 344.3 336.4 327.6 322.6 312.5 308.2 303.1 295.8 288.4 282.1
241.5 238.8 236.4 235.2 231.9 231.9 231.4 231.5 231.1 226.9 224.6 227.1 228.3 230.9 233.1 237.1 239.9 242.6 244.1 246.7 251.3 255.9 260.3 265.4 270.8 275.1 279.4 283.9 289.4 295.1 300.3 306.3 311.9 318.1 323.7 328.7 334.6 343 353.4 362.4 371.8 383.4 397.9 414.3 429.8 441.2 455.5 474.8 497.6 526.5 555.5 572.9 598 607.7 604.5 592.2 568.2 549.6 526.9 503.8 482.2 463 442.6 427 412.6 401.6 382.1 359.2 350.2 339.5 333 327.6 320.6 312.4 304.9 297 288.2 282.9
239 236.2 234.5 231.5 229.8 228.6 227.7 227.2 224.1 225 230.7 231.9 231.8 233 235.5 235.2 238.1 241.2 245.4 249.6 254.6 258.3 262.3 267.1 271.3 275.6 279.1 283.1 290 295.6 301.6 309.1 316.6 321.2 327.5 332.4 337.8 346.3 354.6 363.1 373 384 397.3 413.8 430.7 443.7 461.5 482 506.5 535.6 567.5 590.7 603.6 603.7 603.2 600.1 582.6 560.2 542.4 521.8 500.3 479.1 457.2 436.6 420.3 405.1 392.6 374.2 358.8 346.1 336.7 330.7 325.4 317.8 307.3 299.8 292.3 285.5
235.7 234.2 231.5 229.2 227.3 225.2 224.3 222.3 222.5 227.2 231.3 233.6 234.2 235 236.3 238.4 240.2 244.5 249.2 253.7 258.4 261.5 265.3 269.4 272.4 275.9 280 284.9 289.6 294.8 302.4 310.1 319 324 330 334.7 341.5 350.3 357.5 364.5 373.9 383.6 395.2 411.4 428.4 444.9 463.2 485.5 510.1 540.4 568.5 593.4 595.6 595.5 595.7 597.1 594.4 570.9 553.1 536.9 517.8 494.6 471.1 447.4 428.4 411.5 396.9 382.4 368.2 354.8 343 333.8 326.9 319.1 310.2 301.2 293.5 287.4
233.8 231.3 229.3 227.1 224.4 222.1 220.9 219.1 223.2 227.7 230.9 233.6 235.8 236.4 237.9 240.6 244.5 249.6 253.5 257.7 261.2 263.3 266.1 269.7 271.8 274 279.3 283.9 288.7 293.9 300.5 307.8 318.1 324.4 328.6 334.3 342.2 350.7 357.3 365.2 372.1 381.1 392.5 409.1 426.1 444.4 465 486.3 511.3 538.8 565.7 580.2 579 579 584.2 587.3 589.9 583 561.7 542.7 525.8 508.9 483.2 461 441 422.1 405 387.9 374.8 364.2 352 340 330.5 320.8 312.1 303.7 296 290.5
230.7 228.6 225.9 224.5 222.2 220.2 219 217.5 222.3 226.3 229.9 232.7 236.1 237.9 240.6 244.5 248.7 253.2 257.4 260.9 263.2 265.1 267.1 267.6 271 274.2 278 282 286.8 291.6 298.6 305.4 315.3 321.1 325.8 329.3 336 346.2 352.8 359.6 368.4 378.8 390.4 408.1 425.5 443.1 464 485.3 509.9 538 557.1 560 557.1 557.5 561.5 570.2 579.9 585.2 570.5 552.1 534.2 516.4 500.3 480.5 457.3 433.6 413.7 395.8 379.1 366.4 355.9 345.7 336.5 326.4 316.4 307.2 300.1 293.6
227.4 225.3 223.6 220.5 218.8 217.6 217.5 215.6 219.2 223.7 228 231.7 235.3 239.3 242.6 246.7 251.3 254.9 259.6 261.2 263.4 265.2 266 267.6 268.9 271.3 274.4 278.9 284.1 288 294 299.4 304.8 313 318.5 323.3 325.9 334.9 348.5 358.3 367 376 388.3 403.7 421.8 439.7 460.8 483.1 507.6 537.5 549 541.7 536 538.5 542.9 551.3 562.4 574.5 581.5 566.3 548 531.8 514.6 498.2 474.2 447.5 426 405.1 387 371 357.7 348.7 341.5 331.3 321.5 312.8 304 297.5
226 222.6 220.3 218.3 216.3 216 216.2 215.2 216.3 221.2 226.9 231.4 235.9 239.6 243.7 248.4 252.8 257.3 259.8 261.2 263.4 264.3 265 265.4 266.6 268.5 271.2 275.7 279.9 283.5 287.6 291.1 295.2 300.2 308.3 311.6 322.4 333.2 345.6 354.6 362.2 370.6 382.6 397 415.8 433.3 453.7 478.9 505.5 531.2 523.2 510.4 503.4 508.8 523.5 538.2 547.1 557.4 569.8 577 567 551.2 528.3 510.2 493.5 470.8 444.9 421.8 400.7 382 365.6 353.6 345 336.6 327.3 317.6 307.6 300.1
227.2 223.5 220.5 217.7 215.4 215 213.9 213.7 215.2 220.9 226.3 230.4 235 239.8 244.7 249.4 253.4 257.5 259.8 261.2 262.1 262.4 263.3 263.2 263.7 265 267.6 272 275.2 278.6 282.9 286.8 290.3 294.8 298.3 308.4 318.6 328.9 339.2 348.2 356.1 365.6 379.3 396.5 414.4 430 447.7 470.9 491.4 498.2 490.8 479.9 475.5 479.1 498.6 518.9 533.9 542.4 553.5 567.3 572.8 563.6 548.5 524.1 504.7 487.6 466.4 440.1 421.1 397.7 379.4 363.8 351.4 341.9 332.7 323.7 313.2 304
224.7 223.8 221 218.2 215.4 213.6 212.3 210.1 214.4 220 225.7 230.2 234.9 239.8 245.4 250.6 254.6 257.1 258.3 259.5 259.9 260.5 260.6 260.2 260 261.5 264.8 268.3 271.7 274.8 278.5 282.6 287.2 292.4 300 310.9 319.8 327.2 338.7 348 357.9 367.1 379.5 397.1 414.7 427.2 442 454.1 462.7 464.4 461.4 453.8 451.8 457.6 474.4 494.1 515 528.4 539.7 551 567.6 568.3 558.6 543.1 518.4 500 480.4 456.9 442 416.4 398.9 379.8 363.2 350.5 340.5 329.4 319 309.7
222.5 223.3 221.2 219.1 216.8 215.6 209 210.8 214.9 220.4 225.7 230.8 234.9 239.5 245.1 249.8 253.8 256.1 256.9 257.4 257.5 257.3 256.8 256.5 256.3 258.3 261.4 263.8 268.1 272.6 276.9 281.6 285.7 291.3 299.3 309.9 320.2 327.6 340.5 348.5 357.6 368 381.7 400.6 414 425.2 435 437.6 436.3 438.7 435.9 427.8 429 438.1 454.7 473.1 492.1 511.6 527.6 537.7 552.1 567.5 563.7 552.5 538.1 513.3 494.9 475.1 457.6 436.8 414.8 397.7 379.6 362.9 350 336.8 326.3 312.7
218.2 218.8 218.4 216.8 214.4 213.8 210.4 210.4 216.1 221.4 226.1 229.7 234 238.2 244 248.8 251.8 253.3 254.2 254.5 254.2 253.4 253.9 252.4 252.4 255.5 258.5 262.5 267.2 270.9 274.9 279.5 284.9 291.3 299.5 309.9 318.6 327.4 339.3 347.7 355.8 366.1 382.8 401 413.2 420.6 425.1 420.2 417.2 415.7 414.5 411.1 413 421.8 437 456 473.1 492.5 512.6 526.5 540.8 559.1 565.3 558.4 548.3 534.4 510.8 491.3 470.8 453.4 433.4 415.4 396.1 376.9 361.9 344.6 331.5 318.5
215.1 214.8 214.6 213.6 211.6 211.8 209.3 210.9 215.9 220.6 224.4 227.9 231.9 236 241.4 244.9 248.3 249.6 250.8 250.2 250.7 250.2 250.1 248.2 251.5 254 258.1 261.6 265.2 269.2 273.8 278.9 284.9 293.5 305.6 314.7 320.9 329.3 340.9 347.9 355 366.1 381 397.9 408.9 413.4 413.8 406.7 397.7 396.8 397.8 396.4 399.9 408.8 421.8 439.9 456.7 472 495.5 517.6 532.6 551.3 565.8 563.9 556.3 545.5 532.3 510.7 488.2 467.2 447.7 429.5 410.8 388.8 373.4 358 341.2 325.1
213 212.5 211.9 211.8 209.6 208.6 206.1 211.1 214.7 219.2 221.4 225.2 229.4 233.5 237.2 240.6 243.1 245.9 246.7 247.2 246.8 246.8 245.6 247.8 250.6 253.9 257.6 260.2 264.4 267.7 272.1 277.3 285 295 305.4 314 320.9 330.4 339.5 345.7 351.9 365.3 378.1 395.1 401.7 404.8 403 393.8 377.9 383.6 385.1 383.9 389.9 396.1 409 423.7 438.2 460 481.4 505.1 523 542.1 562.2 567.2 562.2 554.4 544 531.9 510.9 483.3 461.1 441.9 422.5 396.7 383.1 369.1 352.3 331.4
211.1 210.9 210.1 209.6 208.9 206.8 206.5 210.7 214 218.2 221.3 224.6 227.8 231.2 234.7 237.1 239.3 241.3 242.5 243.2 243.1 242.8 240.9 246.1 248.4 252.6 255.1 258.8 262.6 266 271.2 277.6 284.6 293.6 302.3 310.2 314.4 324 332.6 340.2 348.2 359.2 371.1 386.8 395.4 395.7 389.9 380.3 369.3 368.3 369.4 373.9 379.7 388.4 396.6 407.7 429.3 449.1 466.5 489.1 513.9 530.5 552.6 564.8 565.4 560.2 552.7 544 527.9 499.4 473 451 429.6 404.6 391 378.9 363.1 340.8
210 209.1 208.5 207.9 206.4 204.2 207 210.3 215.1 219 221.5 223.7 225.7 229 231.4 233.8 234.9 236.4 239 239.9 239.9 239.4 240.2 244.7 248 251.4 254.6 256.5 260.2 263.6 269 275.6 283.4 290.8 297.8 303.7 310.7 318.7 327.8 335.9 343.6 353.5 362.5 374.5 384.3 386.2 380.8 372 359.7 354.6 354.9 365.1 371.8 379.4 386 399.5 417.6 435.9 454.2 477.3 501.5 520.5 540.9 558.5 564.6 563.9 559.6 552.2 542.4 516.6 487.9 461 437.7 413.2 395.8 385.2 370.1 351
207.8 207.3 206.6 206.1 204.7 201.5 205.6 209 214.1 218 220.3 221.8 224.8 226.4 228.7 230.2 231.9 233 234.8 236.9 236.5 235.9 239.2 242.8 246.6 249.3 252.4 255.3 257.5 260.7 266.8 273.7 280.1 285.9 292.9 298.6 305.8 314.5 324.5 333.1 339.8 347.4 357.2 367.3 374.5 375.9 373.2 359 349.2 345.9 344.8 353.3 362.6 372.7 379.8 388.9 404.9 423.9 441.8 465.4 489.3 511.1 529.6 551.3 560.3 564.9 563.1 556.5 547.3 533.7 503.3 475 448.4 425.9 400.9 387.3 377 360.9
205.4 205.2 205.2 205.1 203.3 199.2 202.9 207.3 212.2 216.4 218 219.1 222.6 223.6 225.4 227.7 228.6 229.7 230.6 232.5 233.1 233.9 238.4 241 244 246.9 249 250.9 255 259.2 263.9 269.6 275.3 281.3 287.2 294 302.6 311.9 322.4 330.5 336.6 344.5 353 361 369.3 369.3 364.8 351.8 340.1 337.4 340.2 344.8 350.1 364 373.2 381 393 411.2 429.7 450.3 475.3 499.9 518.4 540.7 555.3 563.3 567 562.7 553.4 541.2 521.8 490.5 460.5 438.5 412.1 395.7 381.8 366.8
203.5 203.9 204.7 203.9 200.5 199.3 201.5 205 209.9 213.6 216.1 217.9 219.6 221.3 222.9 224.5 226.2 225.2 226.1 227 228.1 233.1 235.1 236 239.3 243.3 246.9 250.6 254.4 257.2 259.2 265.2 270.8 275.9 283.7 290.7 299.9 310.7 322.7 329.1 333.8 341.3 350.2 357.3 363.8 362.2 354.7 341 332.2 329.7 332.9 335.6 341.1 353.6 366 372.5 383.4 398.7 417.8 437.5 462 488.5 509 531.2 549.4 560.8 567.6 566 558.4 547.2 533.3 509.2 481.7 453 424.7 407.5 385.1 369.1
202.9 204.1 205.2 203.9 199.5 199.2 203.6 206.6 210.2 211.5 214.3 216.1 217.5 219.6 220.8 221.3 221.1 222.2 226.4 229.1 232.8 235 237 240.4 242.3 245.1 247.8 251.2 254.6 258.5 262.8 266.5 270.7 276.8 282.6 289.2 297 307.7 319 326.5 331.3 337.4 350.2 354.3 354.9 353.1 344.1 331.9 324.3 321.6 324.2 327.9 334.7 339.3 354.5 364.6 374.4 386.4 406.7 425.4 448.8 475.2 499.6 522.7 543.3 558.2 567.3 565.7 560.9 554.4 542.5 526.3 504.9 477.5 451.7 425 406.5 384.1
201.2 202.1 202.9 201.3 195.2 201.2 203.6 207.1 208.3 211.5 212.4 213.8 215.5 217.4 218.2 217.8 221.5 224.1 227.3 230.8 233.7 237.3 239.6 241.4 244.7 247.7 250.6 253.5 257 260.9 265 269.8 274.1 280 285.1 290.4 299.3 307.3 315 324.3 329.6 339.5 354.1 360.3 358.3 345.7 335.8 327.1 317.1 314.3 316.7 320.2 327.7 331.2 338.8 355.5 365.9 376.8 395 416 435.7 463.2 488.3 513.7 537.9 554.4 566.1 569.3 563.9 556.7 548.1 533.7 518.3 499.5 473.1 449.7 428.5 396.9
