Assets/StreamingAssets/GeoData/Data/so/SO14.asc
ncols 200
nrows 200
xllcorner 310000
yllcorner 240000
cellsize 50
[rows 105 to 139 of 200, columns 0 to 77 of 200]
283.3 286.7 290.1 294.1 298.6 304.1 310.6 317.3 319.5 318.6 312.1 304.2 295.4 282.4 277.7 269.2 266.4 263.8 261.7 262 265.9 270.7 276.6 281.5 285 286.3 284.6 280.3 274.1 267.7 260.5 253.5 249.2 246.4 244.4 242.8 241.8 240 237.5 236 234.3 232.1 230.5 228.3 226.4 223.1 220.2 215.9 212.7 210.4 204.1 199.6 204.5 208.1 194.4 211.8 219.2 225.9 231.7 236.4 238.5 242.2 246.2 247.9 245.6 241.6 239 242.4 250.1 257.5 263.6 268.4 274.6 288.9 303.8 305.9 308.8 310
280.3 284.9 287.8 291.1 295.3 299.7 307.6 312.1 309 305.1 297.8 288.8 281.4 274.6 271.5 265 262.2 260.3 258.1 258.1 260.5 264.3 269.6 273.1 275.4 276.7 275.9 273.7 270 264.3 257.9 252.2 248.6 247.8 246.1 244.5 243.9 241.1 237.2 235.2 232.9 229.9 227.7 225.5 223.1 217.7 209.9 205.4 200.5 192.3 192.6 194.3 187.1 189.9 198.8 213.4 218.6 225.2 231.9 237.5 238.7 243.3 249.8 248.5 246.4 243.5 241.6 244.1 249.3 255.3 261.8 267.2 276.1 290.7 302.9 301.9 303.5 306
279.3 282.7 285.6 288.4 291.5 294.9 299.8 302 302.3 296.1 288.3 278.7 269.6 262 254.9 257.2 257.2 257.1 255.1 256 256.5 258.5 260 263.4 265.7 267 267.4 266.3 263.4 259 254.4 250.7 248.3 248.4 248 246.8 245.9 243.5 239.5 234.6 231.3 228.5 224.8 222.6 212.7 199.8 190.6 187.7 187.4 196.6 207.3 210.6 209.3 205.8 206.3 215.8 217 222.4 229.8 234.8 237.1 240.6 245.5 246.2 245.6 244.5 244.1 245.7 249.1 254.1 260.1 265.9 280.7 294.1 298.3 295.5 297.6 302.4
279.5 283.4 284.9 286.9 290 291.7 292.6 293.3 293.2 291.1 280.7 268.2 257.2 250.8 248.8 247.7 250.4 252.4 252.8 255.4 255 254.6 254.8 255.6 256.3 257.3 258.2 258.2 256.1 253.3 250.3 247.8 247 247.6 248.6 249.2 247 244.1 240.8 235.6 230.5 226.5 224 209.8 191.4 185.4 190 200.3 207.5 212.2 215.1 215.3 214.6 213.6 213.3 214.8 214.8 219.8 226.5 232.2 234.5 237.5 242.4 245.5 246.7 245.3 244.7 247.1 249.8 252.9 258.9 267 281.5 295.2 288.4 288.2 290.5 295.8
277.6 281.5 285 286.2 289.2 290.3 290.8 288.5 286.7 280.9 272.4 262.1 253 247.1 247 246 246.6 247.8 249.7 253.4 253.8 253.9 252.8 251.6 250.5 251.1 250.9 250.3 249.4 248.2 246 244.4 244.4 245.3 246.9 247 245.3 242.3 237.3 235.1 231.6 226.2 220.2 196.5 181.1 201.7 207.8 219.5 220 220.1 220.1 219.5 218.5 217 215.6 215.5 216.5 220.2 223.9 228.6 231.4 234.1 241.8 247.6 249.6 249.3 251.6 254 255 256.2 257.7 265.4 276.7 281.7 276.1 280.3 284.5 292.2
273.4 276.9 281.6 286.2 287.7 288.5 289.8 288.1 280.2 273.7 268.4 261.8 253.2 246.4 245.6 245.5 245.9 247.1 247.6 249.7 251.8 253.2 253.9 252.6 250.1 247.7 245.4 244.5 243.9 242.3 241 240.4 240.1 241.1 241.9 242.3 241.5 239.2 235.1 231.2 228.9 225.6 218.6 194.7 183.5 195.5 215.4 224.4 224.5 225.3 225.9 224.9 223.5 221.2 218.4 216.6 220.1 223.4 227.4 229.7 230.5 232.7 240.2 246.8 249.6 250.5 254 257 259 258.5 262.5 270.1 269.7 271.3 274.1 276.9 281.1 286.8
269.7 274 278.4 283.4 286.4 287.7 288.3 285.6 281.5 273.7 265.3 258.4 254.2 246.8 245.3 245.3 245 245.3 245.8 249.3 250.9 252 251.9 251.1 249 247.9 244.8 242.7 240.4 237.9 236.4 234.9 235.2 236 236 237 236.8 234.2 231.4 229 227.2 225.6 223.6 206.9 187.3 183.1 204.1 225.9 226.7 227.1 226.9 226.2 227 224.8 222.7 222.8 222.9 225.9 227.7 229.5 230.3 231.2 236.6 245.2 248.7 251.6 257.9 262 262.8 263.3 267.6 276 283 278.1 277.5 281 282.6 286.7
266.3 269.5 275.1 280.2 284.8 287.4 286.8 283.5 279.1 272.7 266 258.8 251.2 247 245.1 245.1 244.9 244.9 245 246.7 248.4 249.6 249.9 249.5 249.6 246.7 244.5 241.8 239.4 236.4 234.3 233.1 232.2 232.1 231.7 232.7 232.2 230.7 228.7 226.2 225.5 222.8 222.7 217.8 199.7 182.1 194.2 220.9 223.5 222.2 222.3 222.6 225 225.8 225.6 224.6 222.8 225.9 227.4 228.4 229.5 230.8 232.7 239.6 246.6 252.3 259 264.8 267.6 271.3 277.1 283.8 286.7 282.9 284.3 286.4 289.8 293.1
263.3 267.1 272.4 277.4 282.1 285.5 285.7 283.3 276.4 270.2 264.6 260.9 253.5 248.5 246.3 245.5 244.9 244.4 244.1 245.6 246.3 247.4 246.9 246.4 245.8 244.6 243 241 239.2 237.2 234.5 232.5 231.7 230.8 230.5 229.2 224.8 227.1 225.8 222.6 222.5 220.6 219.1 219.7 211.6 190 189.2 216.5 218.6 216.2 215.2 216.4 220 223.7 225.8 225.7 225 225.2 227.2 228.5 229.8 231.1 234 237.5 245.5 251.5 256.9 262.5 266.4 272.7 283.1 293.9 295.9 296.7 301.1 302.8 303 302.7
261.6 265.5 271.8 277.2 280.5 283.6 284.5 282.7 276.2 269.6 263.3 259 255 252.4 250 247.5 246.2 245.9 246.6 246.2 246.3 240.1 244.3 243.1 241.7 240.8 239.1 238.3 237.4 236.2 235.1 233.3 231.8 231.6 232.4 231.5 230.2 226.8 222.4 218.7 220 218 216.5 216.3 209.8 192.3 185.9 210.5 211.7 209.9 209.3 211.2 216.4 222 224.1 224.8 225.4 226.4 228.1 229.7 231.1 231.7 234 236.2 241.7 247.3 253.1 260 267.1 275 281.5 291.1 295.3 297.5 302.2 303.7 307 309.9
262.2 265.6 270.5 278 281.4 280.6 280.2 278 274.4 269.4 263.8 259.9 256.2 253.4 251.3 250.2 251.3 250.8 250.4 249.7 248.3 246 240.8 233.8 235 234.9 233.5 232.7 232.7 232.6 232.5 232.1 231.6 232.5 233.2 232.1 229.6 226.6 222.3 218.6 216.9 214.2 212.7 213.3 207.4 190.2 180.1 205.3 205.3 203.8 204 206.9 212.2 218.7 223 225 227.5 229.8 233.2 235.4 236.2 236.7 236.1 238.3 239.8 245.3 252.2 261 270 277.8 282.7 286.5 289.9 292.9 297.9 301.3 306.3 308.1
264.7 269.4 274.7 283.8 282.9 278.5 274 273 271.8 271.6 269 263.5 258.5 254.7 253.4 253.5 254.2 255.5 255.4 254.2 252.2 248.2 243.7 237.3 229.7 225.5 224.7 226.7 226.5 227.8 227.8 228.5 229.2 229.9 230.6 231.5 228.3 224.8 221 217.3 213.2 208.8 209.1 210.6 205.1 186 175.7 201 201.1 198.6 199.8 205.3 213 219.4 224.5 228.8 232.6 235.7 237.4 238.8 240.1 241.7 242.4 240 242.4 248.4 256.7 263.4 271.5 279.4 283.9 286.6 287 289.2 292.9 297.3 301.5 305.6
269.9 273.7 278.8 282.5 277.3 269.4 267.9 267.7 270 275.7 276.5 272 264.9 260.1 256.5 255.1 255.1 256.3 257.4 257.4 256.8 250.7 243.3 236.1 229.3 225.4 223.7 221.5 221.2 221.1 222.9 223.6 224.6 226.2 226.9 226.5 223.3 222 218 214.4 211.8 207.4 205.5 208.2 202.8 185.3 172.6 193.9 196.5 195.5 196.3 202.9 212.1 219.1 225.5 232 237.1 238.2 239.1 240.4 242.9 246.1 248.9 246.3 244.5 253 258.7 265 270.4 277.2 283.1 285.2 284.2 286.3 290.5 294.4 299.6 306
263.7 269.1 270.3 269.6 266.8 262.6 260.7 262.3 268.2 278.9 277.4 274.6 271.3 267 262.2 259.8 258.5 257.8 257.3 256.5 255.8 250.2 242.8 234.4 227.2 221.4 222.4 220 219 218.1 218.4 218.8 220.2 220.9 221.7 221.7 220.6 217.7 213.7 210.6 208.8 204.2 199 202.6 201.5 189.5 173 177.6 190 189 190.4 200 209.7 217 226.8 235.4 239.9 238.2 237 239.4 244.4 250.1 254.3 252.9 252.4 250.9 258 263.9 268.1 273.9 278.7 280.8 281.2 284 286.9 290.1 296.8 304.5
258 259.1 260 256.1 250.8 248.8 251.8 257.7 260.8 266.3 273.8 276 273.3 269.9 267.1 264.8 266.2 265.7 258.3 254.9 249.4 243.9 238.1 232.3 226.7 222 220.3 219.5 217.6 216.9 213.9 213.1 211.8 215.8 216.9 216.7 215.8 213.8 210.5 206.8 204.8 199.8 197.7 195.9 200.3 192.2 183.2 172.2 175.6 183.8 188 195.8 205.5 215.7 228.6 239 239.4 235.1 235.7 240.5 247.7 254.4 259.2 259.3 258.5 259.9 260.5 262.7 266.4 270.2 274.5 277 281.9 284.9 287.4 291.1 296.2 302.6
245.5 246.6 249.5 245.3 234.2 233.9 242.9 250.6 254.6 259.8 265.4 270.3 271.8 270 267.6 267.6 277.9 278.8 272.6 264.5 252.5 243.6 234.5 229.1 224.8 222.2 217.2 219.4 215.7 216.3 218.5 216.4 215.9 211.9 210.3 212.1 211.3 209.6 207.1 204 201.5 197.4 194 187.3 190.8 194.1 186.5 180.5 172.8 173.5 183.8 190.8 199.6 208.8 223.3 235 234.6 231 234.9 241.4 249.9 259.5 263.3 265.4 268.2 269 266.6 267.1 271 274.8 277.8 280.7 285.7 289.6 293.2 298.3 301.8 304.7
225.3 232.2 230.5 229.4 227.4 227.1 232.7 238.5 246.9 253.7 260.5 264.4 268.5 271.5 273.3 284.6 291.3 289 283.4 274.7 263.2 246.5 234.6 227.6 223.7 221.5 218.8 218.3 220.5 220.5 221.2 221.7 219.5 216.8 212.6 208.7 204.7 201.4 199.6 197.7 194.8 191.5 188.5 185.5 183.7 186 184.9 181.6 177.2 168.3 179.8 188.6 195.4 202.9 212.1 225.3 228.5 228.3 233.5 240.8 250.9 259.8 266.6 272.2 275.2 276.3 279.1 280 280.3 280.9 281.6 284.7 294 299.3 303 307.2 310.6 313.2
211.2 219.5 217.9 216.5 217.3 218.5 224.8 232 240.3 248.9 257.6 264.1 271.5 280.5 288.6 296.5 301.8 298.8 294.7 280.9 270.3 249.1 235.8 227.2 222.2 220.3 219 219.5 221.2 223.4 224.2 225.3 224.4 220.8 216.6 212.2 208.3 205.8 206.1 205.7 202.7 199.5 196 193.8 188.4 185.6 183.2 182.3 182.2 174.1 192 195.1 198.5 198.6 204.7 211.1 217.8 221.5 227.3 238.4 249 258.4 266.4 271.5 277.1 283.8 288.6 289.9 296.1 296.3 292.9 289.9 301.6 307.3 311.1 317.4 320.9 325.1
188.4 197.3 192.9 199.9 205.9 214.9 219.7 227.5 236.4 246.8 260.4 275.4 287.5 295.5 308.5 313.3 315.4 310.8 300.5 280.7 262.4 246.2 234.8 227.3 222.4 219 218.8 218.9 221.2 224.1 226.8 228.3 228.3 226 220.2 215.8 211.9 209.7 209.4 210.1 207.8 204.7 200.9 198.9 194.8 197 196.9 195.6 187.1 167 196.2 203.7 207.4 207.3 207 209.4 214.4 219.8 226.7 235.4 248.8 260.3 268.4 274.6 283.4 291.4 296.5 300.7 305.6 305.9 303.5 297.6 303.7 314.5 320.3 324.7 332.2 335.7
166.9 175.9 169.4 185 202.2 207.1 214.4 224 234.7 254.6 273.1 284.7 295.2 307.1 319.5 321.3 318 308.9 293.5 275.6 257.7 240.6 231 225.7 221.3 218.8 218.7 218.5 220.3 223.4 227.2 229.4 230.7 229.9 225.4 220.8 217.4 214.4 215 216.6 215.9 214.7 211.7 211.2 208.4 209.9 209.9 191.1 176.3 185.6 209 213.9 217.7 218 217.4 219 221.4 227.6 231.8 239.4 253.3 265.4 276.7 282.9 292 300 305.7 308.4 311.6 314 311.4 305.7 311.2 316.7 317.3 324.7 332.1 335.7
154.8 156.4 162 176.6 187.2 199.7 210.7 222.4 240.5 258.8 273.2 286.2 299.1 313.9 323.9 322.5 312.4 295.2 279.9 265.9 250.4 237 228.8 223.9 221.3 219.3 219.3 218.7 219.6 222.9 226.4 230 232.4 232.8 229.6 225.6 224 223 223.8 228.9 228.7 226.4 222.7 221.2 220 220.5 209.5 185.4 165.1 197.1 219.2 224.8 226.5 227.4 227.6 229 228.3 232.2 237.6 248.5 260.7 272 280.2 290.6 299.1 306 311.9 319.9 325.8 329.3 326 316.1 317.8 324.7 325.1 323.5 329.6 335.1
143.1 148.3 154.5 162.7 177.9 193 207.2 227.4 243.7 259.8 271.4 282.6 298 312.8 320.1 315.8 299.5 283.6 269.5 256.4 244.4 236.3 230.4 225.1 222.4 220.1 219.2 219 219.8 221.7 225.6 230.4 233.6 233.1 231.4 231.5 232.1 230.6 231.6 235 234.1 228 227.2 225 223.6 222 210 186.9 166.4 192.3 214.2 225.3 227.3 230.3 232.2 234 234.3 236.6 240.5 253.4 265.9 276.7 286.6 298.9 310.5 320.8 327 330.4 330.6 330.1 322.5 316.8 325.1 328.5 327 326.4 329.5 337.7
133.1 143.1 147.6 154.6 163.7 178.6 195.6 220.3 238.1 252.9 260.3 274.2 285.1 298.4 302.4 297.4 290 275.9 263.4 251.2 241.3 237.6 233.2 229.4 226.6 224.5 222.6 221.4 221.7 222 225.2 228.3 218 214.7 213.1 213.4 223.2 213.7 214.9 224.5 219 204.6 210.3 212.7 222.4 220.2 214.5 197.5 176.2 187 213.8 222.4 225.5 229.4 232.2 235.8 237.2 241 243.6 252.3 266.8 278.6 292.4 309.1 320.1 326.7 331.8 332.2 329.6 325.8 322.6 320.5 328.5 329.1 327.4 326.4 330.1 334.5
127.6 133.2 138.9 149.7 154.2 164.3 179.4 199.7 219.4 231.1 240.8 253.7 263.6 269.2 274.7 276.1 271.7 267.3 257.5 248.5 242.2 238.4 235.7 233.1 231.2 228.8 226.6 224.1 222 223.2 223.6 209.4 207.5 202.6 200.4 199.6 202.1 197.3 198.3 201.3 205.2 184.5 180 195.5 217.8 210.5 209.5 204.9 170.3 191.6 213.8 218.3 223.1 227.2 231.6 236 239.5 244.5 248.7 256.1 265.6 278.8 299.4 313.4 323.5 330.6 334.7 338.2 337.1 330.1 325.7 326 328.9 329.5 328.2 326.4 328.4 330.9
112.2 121.8 129.8 144.3 148.2 153 163.2 175.6 192.7 204.8 220.8 234 244.6 251.2 252.4 257.1 262.2 259.6 252 246.5 242.5 239.1 236.3 233.6 232.6 230.6 228.6 225.8 223.4 222.9 209.1 195.7 189.3 186.3 185.9 183.3 187.7 185.8 178.2 182.9 180.8 158.6 157.2 183.5 195.3 184.4 186.8 192 163.3 194 214 219.6 224.6 229.8 235 239.1 244.1 249.2 254.4 262.9 270.8 284.3 303.3 316.3 326.1 334.7 342.1 345.8 343.4 334 331.7 334.1 330.9 327.5 326.7 328.1 327.8 328.9
107 109.8 118.9 132.4 138 144.5 151.7 159.6 172.2 185.7 201 214.7 228.5 240.5 242.4 249.1 256.9 254.7 248.9 243.6 239.8 237.4 235.5 233.9 232.6 231.2 228.8 225.8 223.3 213.9 192.6 180.4 171.6 168.6 167.3 167.5 169 157.9 142.8 147.4 155.3 173.2 172.3 163.2 168.3 161.7 158.7 173.5 172.6 197.3 216.2 222.1 228.4 234.7 241.1 246.2 250.7 256.4 264.2 271.8 279.8 296.1 307.9 318.6 329 340.1 342.6 343.1 341.1 339.6 335.1 335.1 333.2 330.5 327.9 329.4 327.7 329.5
104.1 108.1 108.8 116 128.3 135.2 141.3 150.7 157.9 172.6 183.9 194.9 207.8 222.2 235.1 242 245.9 248.3 245 239.5 235.6 232.9 231.9 231.9 230.9 229.7 227.5 224.4 210.7 192.2 178 171.6 160.9 153.9 142.2 135.8 141.4 168.8 184.5 169.2 170 199.6 203.1 176.1 179 196.8 198.2 178.3 184.1 211.6 221.3 226.5 233.4 242.3 248.4 255.3 260.8 266.9 274.2 282 294 304.6 312.3 320.5 338.1 345 344.7 340.8 339.1 338.8 336.3 334.9 330.3 327.9 328 326.3 327.1 326.9
103.3 102.7 106.2 105.1 113 123.6 131.5 140.5 146.2 159.2 173.6 185.3 192.7 204.6 220.2 229.7 233 237.3 237.9 235.8 231.2 227 225.5 227 227.5 227 222.7 207.2 187.8 174.5 165.8 159.8 147.4 135.6 144.3 166.7 185.5 204.9 213.2 205.6 201.2 219 222.2 212.9 218.9 222.3 222.7 210.9 209.9 223.3 227.6 233 240.8 250.5 261.1 271.6 276.8 280.9 289.1 298.8 306.7 312.4 317.7 327.2 339.7 348 347.6 345.7 337.9 336 331.9 330.5 328 326.5 326.4 328.2 327.3 323.9
100.6 100.1 99.6 98.9 104.8 109.3 119.3 130 135.1 145.8 161.8 173.3 182.9 194.1 205.3 217.1 221.3 224.6 227.3 226.7 224.5 221.1 218.4 218.8 219.9 219.4 210 183.2 170.1 161.1 150.9 143.4 129.4 143.7 167.5 189.7 208.8 219.7 224.7 229.2 232.3 237.4 236.1 233.2 234.2 233 233.4 233.4 235 235.7 240.4 246.2 254.2 269.9 278.6 282.5 287.3 295.7 304.2 309.6 315 319.8 326.7 333.4 344.4 352.3 354 345.4 336.5 332.6 332.1 327.5 324.9 327.1 325.7 324.8 323.8 321.4
105.3 105.2 104.3 99.8 99 105 106.1 118.8 126.2 134.6 144 162.5 174.6 183.9 190.7 202.1 209.4 212 214.3 214.3 214 212.5 211.5 211.3 209.3 209.8 195.6 171.6 158.1 147.1 134.8 133.8 148.2 166.1 181.2 201 220.1 235.3 242.9 248.8 252.9 255.6 254.5 258.8 259.5 259.2 256.4 253.4 254.6 255.1 261 266.2 277.1 286 290.6 294.3 299 306.3 311.4 314.5 320.1 330.6 337.1 340.4 352.5 353.5 352.2 339.8 332.5 328.6 329.6 326.4 324.4 327.6 326.4 322.2 321.3 318.7
106.4 105.7 104.6 103.9 103.1 99 105 107.4 119.9 128.3 136.1 150.9 163.7 174.8 182.1 188.3 195.2 200.7 200.8 198.1 198.6 200.8 200.1 198.3 188.5 186.5 182.5 164.2 147.3 134.1 131.4 153.2 164.5 178.5 191.8 208 227.7 248.9 260.6 266.8 269.7 268.5 269.9 272.5 275.3 274.7 273.2 272 273.6 276.3 281.6 285.1 289.7 299.7 311 310.7 311.3 312.7 317.9 323.5 334.6 338.6 340.6 348.2 353.8 350.7 341 331.8 328.5 325 326.4 324.3 324.8 324.3 321.5 319 316.3 315.5
111.2 110.9 110.4 105.4 104.1 99.5 98.7 105.1 113.3 122.1 130.2 141.9 153.9 162.7 170.4 178.1 185.2 190.2 192.7 195.7 186.3 183 180.5 175.2 167.8 163.5 160.9 151.6 136.8 127.6 153.2 165.6 178.4 190.8 204.1 221.4 246.4 262.3 273.1 276.6 280.7 278.6 279 280.9 284.8 286.2 282.6 281.9 282.3 284.8 288.3 294.4 301.4 310.1 315.9 317.8 317.3 320.8 325.6 331.8 337.2 341.2 344.2 349.2 348.6 340.4 329.4 327 325.5 322.6 320 321.3 323.5 317.5 317.3 316.8 313.4 312.1
111.5 111.1 110.4 110.2 105.8 103.9 99.6 102.5 104.6 116.6 125.9 134.7 145.3 153.1 159.9 169 177.4 182.2 185.3 188 180.3 168 161.1 152.2 143.6 142.1 144.4 137.1 120.9 152.3 165.9 182.2 199.1 207.7 221.8 242.1 256.7 265.1 276.4 282.4 284.2 283 282.6 283.8 288.2 291.4 290.7 290.2 290.7 293.6 297.6 302.9 308.7 314.3 319.6 320.5 321.6 326.8 330.5 334.7 339.4 339 344.1 345.4 339.9 328.7 325.2 324.1 321.7 317.8 315.6 318.3 318.2 312 311 310.7 310.2 311.3
112.2 111.3 110.4 109.8 109.6 107 99.5 99.9 103.9 105 119 128.9 136.4 145.8 153.2 162.9 171.2 175.9 179.2 183 173.6 155 139.7 130.9 125.7 123.9 121.7 116.6 147.1 166.6 181.1 196.3 218.8 227.8 238.2 253 258 266.9 277.8 287.8 288.9 284.9 286.3 288.6 290.4 290.9 291.9 294.8 296.6 302 305.4 309.8 318.8 325.6 327.3 321.7 321.7 322.7 326 329.8 331.5 334.3 337.4 338.7 331.5 323.8 321.8 320.8 318.4 314.4 311.5 313.5 310 309.6 308 306.9 308.2 309.7
113.8 112.4 111.1 110.2 110.3 109.7 107.3 99 98.9 104.2 109.1 121.5 128.6 138.9 150.5 158.6 163.6 166.5 170.3 174.3 159.1 135.8 119.4 113.6 119.5 130 140.8 153.8 165.4 178.9 190.5 210.3 218.4 229.2 241.1 254.2 260.4 269.1 279.4 285.2 286.8 285.1 286.4 289.9 293.9 294.7 296.8 300.2 302.1 305 307.7 315.6 323.7 324.9 323.3 316.3 314.7 315.5 317 319.3 322.7 326.7 330.6 328.8 323.6 319.3 317.3 315.4 313 311 305.3 306.1 304.5 306.4 305.2 305.1 308.1 310.2
