Assets/StreamingAssets/GeoData/Data/so/SO15.asc
ncols 200
nrows 200
xllcorner 310000
yllcorner 250000
cellsize 50
[rows 0 to 34 of 200, columns 78 to 155 of 200]
300.1 301 305.7 307.7 307.6 306 302.9 298.2 293.5 289.4 283.6 272.3 280.9 287.7 293.4 297.1 299.8 303.8 304.9 302.9 300.3 298.6 300.9 301.6 302.9 303.9 306.2 311.1 315.6 321.5 326.4 331.6 337 342.5 346.3 349.6 351.2 349.1 349.8 366 383.7 397.7 408.8 422.6 426.2 430 436.4 440.7 436.3 430.9 430.6 432.1 432 443.4 448.9 459.2 472 483.7 495.1 505 512.1 514.6 511.8 504.4 497.5 495.8 498.2 493.7 487.9 481.3 470.7 458.3 442.9 424.9 403.2 389.6 385.2 383.7
299.3 300 302.1 304.3 306.7 307.4 305.3 300.4 294.7 290.5 285.4 275.2 276.1 284.9 291 292.6 296.7 301 301.5 300.8 296.9 299.1 302.5 304.2 304.6 304.8 306.4 310.3 314.1 319.2 323.6 328.3 333.6 338.2 341.5 339.2 336.9 348.8 360.8 379.5 392.7 405.9 417.4 427.5 428.9 430.6 434.5 439.6 434.3 427 424.5 423 430 435.5 442.6 452.5 463.9 473.3 485.2 496.4 505.5 507.4 506 500 494.1 494.6 494.9 492.7 487.9 483.6 472.8 461.5 448.7 433.5 413.8 396.7 387.5 384.7
299.4 300.6 303.7 306 308.5 309.8 308.6 304.1 298 292.9 285.5 277.6 271.8 280 284.3 285.5 293.4 296.2 297.3 298 296.4 298.1 301.3 304 306.6 307.2 306.8 309.1 313.2 314.6 316.8 318.2 324.5 329.8 341.4 348.5 352.4 362.8 379.7 390.9 402.5 414 420.5 426.6 428.3 431.4 432.9 434.8 430.7 423 419.1 418.7 424.4 430.3 438.6 447.5 457.3 465.3 474.6 483.7 494.4 496.9 495.7 491.6 488.2 486.8 487 485.5 482.2 479 475 464.4 451.8 437.9 424.3 407.2 397.3 392.2
301.7 302.3 304.1 307.2 311.3 314.9 313.3 307.9 301.5 294.9 287.4 278.3 268.7 274 273.9 284.5 294.8 295 292.2 294.1 295.9 297.6 299.7 301.9 304 305.3 306.6 308.2 310.9 313.8 318.5 326.5 338.6 349.6 354.2 362.8 371 381.2 391 399.5 408.1 418.2 420.4 425 427.1 429.5 428.6 430.5 428.1 418.9 415.1 416.4 420.2 425.5 432.4 440.7 450.7 458.5 465.4 472.5 481.1 487.2 486.1 482.8 480.9 478.8 476.4 476.8 473.9 470.6 467.9 463 453.3 441.1 429.8 422 414 405.1
307.7 308.8 308.4 309.9 312.7 317.7 315.6 310.1 303.6 295.6 288.4 279.2 270.4 268.2 271.2 277.4 287.4 296.1 295.7 295.2 294.8 296.7 298 299.9 301.5 303.3 304.7 307.3 309.7 313.3 317.8 328.6 344.9 358.3 367.9 375.7 384.7 390.2 397.4 404.8 410.2 417.4 417.2 420.7 423.2 425.2 425.6 429 424.3 413.4 411.9 414.1 416.8 421.3 427.6 436.7 446.3 452.9 459.3 464.4 474 480.4 477.1 475.3 472.6 472.3 468.8 464.6 463.8 460.5 457.4 455.5 452.7 441.5 431.9 423.7 414.8 408.2
312.2 314.8 316.2 316.5 316.1 317.3 314.9 309.5 302 295 287.7 278.6 270.7 266.4 268.4 274.6 283.1 290.5 294.9 295.7 295.9 296.4 296.8 298.2 299.9 302.1 303.5 305.1 307.6 311.5 317.8 332.9 350.9 365.5 373.3 381.9 391.7 396.2 400.6 405.3 407.2 409.6 411.6 415.8 416.4 416.2 421.6 429.2 421.1 414.1 409.2 414 411.5 416 422.5 431.2 440.9 447.2 452.7 459.1 467.9 473.6 469.8 467.9 464.5 462.7 461.4 457.8 454.3 450.4 447.3 444.9 441.6 433 426.7 419.7 413.6 409.6
312 319.2 322.7 322.5 322.1 319.3 315.3 309.4 302.7 296 288 278.8 270.6 266.1 266.2 272.3 278.5 285.9 289.9 292.9 295.4 296 294.2 296.9 299.3 300.7 301.9 303.2 305.6 310.3 316.2 333.6 356.2 370.5 376.9 382.1 389.6 394.2 397.5 400.7 401 401.4 404.6 408.1 408.5 409.7 417.6 423 417.5 412.7 405.1 409.2 404 410 416.8 425.1 433.1 439.7 446.4 454.1 461.6 465.9 463.3 460.2 457 454.6 451.8 448 444.2 442.5 438.4 435 429 423.6 417.9 413.9 412.5 410.8
313 321 327.4 327.8 326.9 323.5 318.4 311.7 303.3 295.1 286.9 279.1 271.6 265.6 264.9 266.8 276 282.7 283 283.2 290.3 289 296.2 297.9 298.8 299.6 300.5 302.6 305.8 308.7 313.6 326.3 353.5 366.6 375.9 381.2 384.7 387.7 390.3 392.3 392.1 391.8 395.3 400.8 403.7 404.7 412.9 416.3 410.1 407.8 406.5 398.6 395.4 400.5 409.6 417.8 425.9 433.5 440.2 448 455.6 457.7 455.2 453.1 449.1 445.7 442.5 438 434 430.2 426.1 423.5 419.7 414.2 408.6 407.9 409.6 411.8
312.4 320.1 326.6 329.1 328.1 324.9 320 313.8 306.4 297.6 288.1 280 273.8 271.8 264.1 265.2 275.6 284.3 290.2 293.3 293.7 293.5 292.1 295.4 297.7 298.8 300.1 302.1 306.3 309 313.8 321.2 341.5 355.6 363.8 368 371.8 374.3 383.2 384.7 384.6 385.7 392.4 398.8 402.5 404.3 406.9 407 402.7 401.1 402.3 400 395.9 390.3 401.5 410.2 419.6 427.4 433.9 441.5 447.2 448 446.6 443.4 439 435.5 432.7 429 424.1 419.8 417.2 413.7 408.9 401.3 401.3 403.6 410.4 415
309 315.2 319.2 323.2 324 321.9 318.5 313.2 306.2 300.2 291.9 284.2 277.1 275.4 270.5 263 274.6 282.5 290 294.8 296.2 297 297.6 297.3 297 298.1 299.2 301.6 306.6 311.8 315.9 321.4 333.5 337.6 346.8 350.8 357.6 367.2 373.3 375.5 380.9 387.5 395.2 403 401.7 401.2 400.5 399.9 399.9 398.8 396.1 394.6 392 385.9 393.6 402.4 412.3 419.7 426.3 434.5 438.7 438.8 436.9 434.9 429.7 428 424.8 421.8 415.6 409.6 406.7 401.5 397.2 395.5 397.8 403.9 412.2 418.2
306.9 309.5 313.4 316.3 318 317.8 313.9 310.1 304.7 299.3 293.5 288 280.8 277.9 272.8 262.8 267.5 279 287 292.5 296.1 298.8 299.7 299.1 297.9 297.6 298.5 301.3 308.9 314.1 319.1 323.2 327.2 333 338.1 342.3 348.9 355.4 364.2 375.9 385.3 397.5 402.9 403.1 396.8 402.2 406.2 396 399.1 395.9 392 392.7 387.7 382.6 388.4 396.2 405.1 411.2 417.2 424.7 431.2 431.1 428.3 426.5 423.1 421 417.8 415.3 408.4 402.6 397.9 394.7 392.4 391.1 397 402 409.8 418.6
308.8 308.8 309.2 312.3 314.1 313.2 310.8 306.5 302.1 297.3 292.6 287.9 281 276.3 271.3 262.1 270.1 275.8 282.2 288.1 293 296.8 299.1 299.4 298.2 297.3 298.9 302.9 312.1 320.7 326.2 330 333.1 336.7 340.6 344.8 351 364 373.1 384.1 394.1 398.5 395.2 393 391.8 398.9 400.7 393.4 392.9 393.6 392.1 388.7 382.7 380 386.4 393.3 400.1 406.1 410.1 415.5 422.1 421.8 420.5 418.6 416.2 414.7 413.5 409.5 403.2 397.3 393.2 391.2 388.4 393.3 398.3 407.6 415.8 425.1
308.8 308.8 309.4 313.8 313.4 311.9 308.7 304.7 300.3 295.1 289.8 284.8 279.7 274.8 269.3 261.4 263.3 271 277.3 283.6 289.6 294.1 297.2 298.3 297.6 296.9 298.6 302.8 317.9 327.5 335.2 339.4 344.2 345.7 349.4 356.7 367.7 376 379.6 385.7 391.4 392.2 387.5 387.7 385.1 386.7 390.8 389.4 390.6 395 391.6 384.9 378.8 382.3 384.8 392.1 395.1 399.3 406.2 411.4 414.1 413.5 412.1 411.1 408.4 407.3 406.5 404.5 398.1 392.4 388.5 387.9 389.4 395 406.2 416 426.4 431.5
308.8 308.8 314.6 313.4 312.2 308.9 307.1 304.1 299.9 294.9 289.4 283.2 277.3 271.2 265 262.7 259.7 263.5 272.7 278.6 285.9 291.3 294.9 296.8 295.8 297.4 300.3 306.5 319.3 333.2 341.1 351.6 357 362.6 369.7 376.6 382.7 385.3 382.5 382.4 383 384.3 382.5 379.8 382.7 384.8 383.6 385.9 389.4 392.4 389.7 381.6 373.9 377 375.3 387 385.6 392.6 399.2 406 406.7 407.2 407 404.4 401.3 399.1 398.7 396.5 392.2 388.2 384.8 381.3 391.8 400.9 411.7 421.5 431.8 436.1
312.6 310.3 311 315.8 309.9 306.3 303.6 302 298.9 295.1 290.4 284.9 278.8 272.7 266.1 260.9 259.9 260 266.4 273 281.5 286.9 290.4 291.7 294.2 297.7 302.1 307.7 319.9 335.2 344.9 353.2 359.5 364.8 368.7 374 381.1 384 381.1 377.7 376.9 376.7 374.7 372.1 375 382.3 383.9 386.3 392.2 388.4 385.5 378.8 372 367.7 364.5 370.6 376.7 384.6 389.1 397.2 401 399.3 401.8 398.3 397.1 393.6 391.6 389.4 386.4 383.9 378.7 386.4 394.8 404.8 414.9 428.4 435.4 439.5
321.6 318.8 315 311.3 308.8 305.5 303.3 300.6 296.5 293 289.2 285.4 280.1 275.2 268.5 261.4 259.2 258.6 261.3 268.3 275.2 279.7 282.6 286.7 292.5 297.3 302 308.4 319.7 337.7 343.3 348.2 351.1 357.5 363.1 367 375.1 378.4 376.5 371 370.7 368.2 364.8 365.6 369.2 376.6 382 387 391.1 387.8 381.1 378 377.9 372.8 366.4 360.7 368.9 376.7 380.4 387.6 390.9 390.5 393.9 392.9 391.8 389.4 387 385.6 383.6 376.7 381.8 389.1 398 408.1 419.3 430.8 437.1 441.3
324.8 323.7 319.6 314 306.9 301.9 300.1 299 296.2 291.9 287.8 283.3 278.9 275.6 270.5 264.7 258.8 257.6 257.8 262.2 268.6 270.4 276.7 284.4 290.5 296 302.2 307.3 315.1 328.3 337.3 337.4 337.5 344.8 355.1 359.4 367.3 369.8 368.5 363.6 360 356.3 360.6 366.6 374.2 378.4 389.6 391.4 389.8 386.5 382.8 383.8 376.7 369.8 364.8 359.6 360.4 366.6 370.6 377.2 379.2 378.9 382.9 386.4 386.9 386.1 383.3 383.1 381 369.5 382.2 389.4 398.4 409.5 421.9 431.2 437.8 442.3
318.7 319.9 319.4 316.4 310.3 303.3 298.1 295.5 294.1 291 287.2 283.1 278.5 273.5 268.9 264.4 259.9 257.6 257.1 258.7 261.7 266.6 274.4 281.7 288 293.7 299.7 304.8 309.5 314.1 322.5 323.6 323.1 326.4 339.3 350.8 358.9 363.2 364.2 359.4 353.8 353.1 360 369.4 376.4 382 394 396.9 397.5 397.6 392 387.6 380.4 374.3 367.8 361.5 355.2 358.1 362.3 370 369 367.6 369.9 375.4 378.2 382 379.9 379.9 369.1 366.5 382 388.9 399.3 413.6 422.3 429.5 435.8 443.5
312.6 313.4 313 312.8 310.6 306.1 300.8 296.2 290.8 288.2 285.6 282.2 278.1 273.4 267.9 262.4 258.9 256.7 256.7 257.5 259.2 261.6 270.7 278.1 284.6 290.6 296.1 301.2 305.3 307.7 309.6 311.6 312.9 315.8 321.5 340.2 348.2 351.3 353.3 352.5 348.5 355.6 364.9 371.7 378.7 387.7 399.1 406.5 414.4 408.8 402.5 397 390.6 383.8 376.9 367.4 357.5 352.8 353.4 359.4 361.4 360.5 364.3 367.9 371.2 375.3 378.4 367.9 354.2 376.1 382 388 402.4 415.4 421.9 427.4 434.4 442.8
305.4 305.7 305.7 306.2 306.2 303.1 299.3 295 292.3 287.2 285.1 282.2 279.2 273.9 267.4 261.8 258.1 255.9 256.3 256.8 258.7 260.7 265 273 280 286.4 292.1 297.4 302.1 304.5 304.3 304.3 307.5 310.1 312.5 325.9 335.1 340.3 343 344.4 353.6 363 374.3 384.6 393 401.4 410.1 419.9 428.9 423.4 414.6 405.9 397.8 388.7 381.4 372.8 362.4 353.9 348.8 349.6 347.9 352.3 357 362 364.6 369.1 370.6 362.4 356.6 369.9 378.1 385.3 399.3 411.8 420.5 427 437 448.7
298.1 297.9 297.4 298.9 299 298.4 295.1 292.8 289.3 286 283.6 282 279.5 275.9 270.4 262.4 257.2 256 256 256.8 258.9 261.9 265.5 265.8 271.6 278.8 286.4 292.5 297.5 300.2 298.8 304 307.7 311.2 315.8 320.7 328.7 335.7 344.1 351 360.7 372.6 385.6 397.4 408.7 416 427.5 437.6 442.3 435.5 425.4 416.4 406.7 398.4 389.3 379.4 366.3 355.7 350 343.3 340.7 341.9 347.7 354.8 357.7 361 366 358.9 348.9 361 371.9 381 392 407.1 419.9 428.3 438.7 447
292.1 290.8 290.5 291.4 292.7 292.5 290.2 289.5 287 284.5 282 279.4 277.4 274.5 270.3 264.2 257.7 255.6 255.4 256.3 258.2 262.2 271.6 277.3 280.1 282.5 279.2 284.9 291.3 290.5 302.6 308.2 312.1 314.5 319.1 325.7 331.5 338.8 350.5 365.8 377.2 385.4 391.5 401.3 413.7 423.8 433.7 446.7 450.4 447.8 434.5 423.9 414.3 404.2 393.3 384.9 376.7 365.7 356.3 346.8 339.9 337.4 338.8 345.9 350.4 355.2 360.8 359.3 336.6 353.7 364.5 373.7 386.5 401.2 416 428.6 435.9 439.2
283.2 282.1 285.1 286.6 288.3 288.5 287.1 285.7 285.6 283.4 281 277.8 274.6 271.5 267.6 263.2 257.7 254.9 254.6 255 257.1 261.9 270.1 277.1 285.3 292.8 303.2 306.2 304.3 309.7 311.7 314.8 318.3 323 327.9 332.9 342.7 355.1 372.1 386.6 393.9 396.3 398 405.2 418.9 432.5 441.5 453.3 457.4 451.3 440.9 430.3 420.7 410.8 401.1 393.2 384.5 370.3 356.4 347.4 340.9 335.6 337.7 335.9 342 347.7 354.1 358.4 339.5 343 356 361.5 377.3 395.6 409.2 420.8 426.7 431.5
278.3 277.8 279.2 281.7 284.5 286.3 284.6 281.4 282.3 282.6 281.2 278.3 274.6 270.6 265.6 260.3 256.6 254.3 254.3 254.1 255.4 260.4 267.1 276.3 288.9 298.1 308.7 317.8 325.8 328.7 329.2 328.7 332.1 336.7 345 354.8 367.5 379.5 385.6 396.4 402.3 404.1 408.1 417 424.6 441.8 447.7 459.2 458.8 451.3 442.4 432.2 423.8 414 404.2 394.6 385.7 373.2 359.5 348.7 343 336.7 331.7 333.5 330.6 333.2 339.4 340.3 338.6 328.2 341.3 351.3 364.6 385.2 398.4 407 412 415.4
275.1 274.7 277.1 279.1 281.6 283.3 282.8 280.6 277.7 278.1 278 277 275.2 271.9 267.5 261.7 255.6 254.1 253.9 253.4 255.3 259.4 267.8 278.2 286.1 300.9 315.4 326 336.4 344.7 350.7 354.2 356 359 365.3 376.2 388.3 392.2 395.3 400 404 406.6 412.9 418.3 429.2 442 455.9 463.9 455.3 449.6 441.9 432.7 424.5 415 405.9 395.7 385.2 375.1 367.4 357.7 350.5 341.2 337.6 330.8 330.9 329.8 326.8 322.4 321.9 324.4 332.5 340.5 350.4 370.8 386 393 400.4 405.3
272 274.1 274.1 274.9 276.7 277.4 276 274.4 273.7 272.7 271.8 270.9 269.3 268.3 266.2 263 259.3 253.9 253.4 252.6 255.8 261.3 268.9 284.1 294 306.6 321.6 334.8 349 359.5 364.9 370.3 376.9 381.1 384.4 392.7 397.6 398.9 398.9 399.6 402.3 406.5 411.1 413.7 426.4 446.8 456.4 455.7 451 446 440.1 432.9 425.2 415.8 407 398.5 388.3 378.5 369.8 361.5 352.5 342.8 337.1 332.7 330.6 329.8 329.7 333.1 326.5 320 322.9 329.5 339.8 354.5 367.7 377.8 387.7 393.4
270.3 269.2 268.7 269.9 270.3 270.4 269.2 268.2 266.9 265.5 264.5 263.4 262.4 261.5 260.2 258.7 258.2 256.8 252.9 253.7 258.6 263.4 271.6 286.2 297.8 311.5 327.3 343.4 359.9 368.5 375.1 380.5 385.4 385 386.2 390.5 392.5 391.3 389.2 392.4 398.5 400.5 404.5 409.8 421.1 441.2 444.5 445.4 443.8 441 436.7 430.8 423.9 417.1 409.4 401.6 393 383.4 375.4 364.1 353.6 344.5 338.6 333.1 330.1 327.8 325 327.5 324 317 316.6 318.4 328.7 342.1 351.3 358.5 368.9 378
269.1 269.6 268.9 266.9 264.7 263.5 262.4 260.6 259.5 258.5 257.8 256.7 255.9 254.7 254.3 254 253.8 253.7 252.2 258.2 261.1 265.2 272.5 286.2 299.4 313.9 329.9 346.9 364.8 371.5 380.6 384.6 387.5 381.6 377.7 381.4 382.4 381.8 380.7 382.7 389.8 395 400 402.6 409.3 425.2 436.9 440 439.7 437.5 433.7 429.3 423 416.7 410 402.1 393.6 380.2 379.4 366.1 356 347.8 345.7 339.3 333.2 327.9 323.5 319.5 318 316.3 315.3 313.6 315.4 328.3 342.1 351.9 357.4 366.6
266.2 266.9 266.7 265.4 262.8 257.5 256.1 254.8 253.5 253.5 252.5 251.9 251.1 250.4 250.8 251.5 251.8 252.1 253.9 258.7 262.2 267 274 287.1 301.1 313.9 329.7 345.3 364 366.7 372 378.7 384.2 372.5 360.7 364.7 372.9 378.3 379 378.4 380.1 385.1 394.4 393.8 393.6 403.9 416.9 428.5 433.1 432.4 429.3 424.7 420 414.4 408.2 399.9 391.6 384 376.1 367.1 359.4 355.6 351 343.1 334.1 328.4 326.5 324.2 322.3 319.1 316 312 310.2 316.2 327.5 337.2 346.5 354.7
262.4 261.7 261.4 260.5 258.9 255 252.1 250.3 249.7 250 249.7 249.8 250.1 250.3 250.6 251 251.4 251.7 253.9 257.8 261.8 266.7 273.6 283.4 298.5 315.5 328.9 338.7 347.6 355.4 360.4 366.6 369.7 363.8 352.2 348.2 356 368 377 377.3 376.9 375.5 382.9 383.3 382.2 387.6 398.8 414.5 421.6 426.9 424.6 420.1 415.7 411.1 405.1 398.3 389.3 382.7 376.1 369 361.9 359.7 353.7 345.6 341.8 339 334 331.3 330.3 326.9 320.8 316.7 311 308.5 314 320.2 327.4 337.9
251.7 251.4 253.3 254.1 253.1 250.9 249.7 249.1 249 249.1 249.2 249.1 249.3 249.7 250.2 250.7 251.2 251.9 253 255.9 259.5 264.1 272.5 279.5 295.3 312.2 324.2 330.1 338.5 342.4 351.2 356.6 356.7 349.7 342 335.1 337.3 348.2 360 364.6 371 369.1 369.7 374.1 374.4 375.5 382.6 393.1 408.7 420.4 420.3 416.1 411.2 404.7 398 395.6 386.7 380.4 374.2 370.3 367.9 363.4 357.2 352.3 353.8 350.1 343.3 340 337.2 332.3 323.5 318.5 311.8 308.2 306.1 307.5 310.7 319.3
247 246.8 247.3 248.1 248 248.7 248.2 248.3 248.5 248.5 249.2 249.2 249.2 249.5 250 250.6 251.1 251.4 252.1 253.9 257.4 262.8 271 279.6 288.7 302 314.2 320.3 324.5 331.3 333.4 335.8 333.3 336.5 331.9 326.3 327.2 333.3 343.1 353.9 364.3 365.9 364.8 365.9 365.1 363.4 365.7 373.6 390.8 409.2 411.3 412.6 406.2 396.8 388.4 385.6 385.1 379.4 375.8 375.3 373.3 368.4 362.2 364.2 363.8 360.2 356.9 349.9 344.8 335.4 327.1 320.5 315.2 310.8 307.4 304.5 304 305.8
246.6 247.2 247.2 247.6 247.6 247.4 247.9 247.9 248.3 248.7 248.9 249 249.1 249.3 249.9 250.4 250.7 250.8 251.7 253.2 256.8 265.3 272.3 279.2 286.1 294.9 300.8 308.3 317.2 318.9 319.7 321.1 324.9 329.2 324 322.2 324.3 330.9 340.3 351.1 362.3 366.5 366.1 362.9 351.6 348.5 350.6 358.7 371.8 386.6 395.3 401.1 398.1 391.9 383.8 380.4 379 378.3 381.6 380.5 376.6 369.2 370 372.8 373.4 372.6 368.7 362.5 349.7 338.1 330.8 322.6 317.2 314 307.3 304.6 303.1 302.1
249.9 249.9 249.4 249.3 249.6 249.1 248.7 248.3 248.3 248.3 248.6 249 249.1 249.5 249.8 250.1 250.5 254.3 254.9 255.3 261 270 273.6 276.7 281.9 291.3 297.1 300.3 304.6 308.6 312.1 316.2 320.7 324.9 319.4 321.2 329.6 339.1 347.2 357.9 363.8 370 370.8 359.3 344.9 338.6 340.9 347.3 356.3 369.5 378.6 390.8 392.2 384.6 380.2 380.9 388.3 382.6 384.2 379.4 375.2 378.5 379.7 378.6 380.6 380 375.8 371.4 355.7 341.8 335.1 326.8 320.5 314.9 309.4 306.9 311.2 307.5
254.1 254.8 255.3 255.1 254.8 253.9 252.7 251.1 250 248.5 248.6 248.9 249.1 249.3 249.7 249.9 250.1 256.1 260.3 261.5 265.6 271.2 273.7 272.9 278.2 287.9 291.9 294.2 297.5 301.6 307 311.2 316.5 318.5 320.4 333.6 346.3 348 353.3 359.9 363.1 367.6 360.7 349.3 340.3 333.2 334.8 339 347.6 357 362.2 372.8 384.7 380.4 374.5 374.1 384.1 385.4 385 381.3 377.8 378.5 387 386.7 386.5 385.3 383.1 376.7 361.6 348.8 338.3 331.8 325.3 320.1 314.3 311.9 314.5 307.4
