Assets/StreamingAssets/GeoData/Data/so/SO16.asc
ncols 200
nrows 200
xllcorner 310000
yllcorner 260000
cellsize 50
[rows 0 to 34 of 200, columns 0 to 77 of 200]
340.9 332.6 317.4 305.4 293.9 280.1 265.7 253.5 248.6 243.5 241.2 240.6 254.2 264.9 272.1 277.1 287.5 304.1 321.9 332.2 340.8 350.4 353.7 355.8 363.6 371.5 372.6 374.6 376.6 379.7 381.8 381.7 380.3 378.6 377.2 374.8 372.1 370.7 374.9 377.7 383.2 387.9 383.5 380.7 378.2 375.9 369.6 360.9 347.4 327.4 311.3 303 293.8 305.5 307.2 308.5 312.8 310.9 308.4 308.8 309.6 311 311.6 307.4 303.5 300 296.4 291.7 297.4 303.6 309.8 310.9 308.4 305.3 300.5 300.7 300.1 300.7
350.4 341.2 328.6 314.1 302.7 282.8 266.6 251.1 245.7 242.3 239.5 240.9 253.3 261.8 266 271.8 280.3 293.5 314.6 335.6 355.9 359.9 362.5 363.3 372.5 377.1 380.1 384 390.2 395.5 395.1 394.4 391.9 387.7 385.3 382.6 378.5 374.8 375.6 377.6 384.5 385.7 387.4 384.1 376.6 369.7 358.3 338.2 323 308.3 301 297.8 290.1 296.8 302.5 304.6 306.2 306.4 307.6 309.8 312.7 314.9 316.2 314.5 307.4 301.1 297.8 293.2 286.3 296 304.8 302.9 297.5 294.5 289.6 293.4 292.8 293.1
356.3 348.2 336.9 323.5 304.5 287.2 270.6 255.2 245.4 241.6 239.5 240.6 250.7 258.8 261.9 266.2 271.2 285.2 308.8 332.7 356 367.9 369.6 372.7 380.4 385.2 390 396.2 402 404.8 404 400.5 394.4 387 386.3 385.7 380.7 376.8 375.2 376.7 385.6 382.4 384.2 382.1 373.4 355.6 338.7 320.9 310.1 301.6 295.1 291.2 284.3 286.8 297.8 299.4 300.8 303.5 305.9 308.9 313.5 317.7 319.1 316.2 308.5 299.5 295.6 291.7 284.8 290.7 294.8 290 286.7 285.8 283.7 287 286.1 287.6
359 351.1 338.1 323.8 307.3 295.4 278.9 261.8 244.8 240.8 237.2 239.9 245.5 252.3 255 258.1 265.1 277 296.8 321.8 344.5 368 374.1 379 386.2 393.4 401.9 411.6 415.5 410.2 402.3 390.8 381.3 375.7 377.4 380.4 376.8 379.9 376.4 375.2 372.9 379.4 375.5 365.2 353.2 338.6 319.1 311.9 306.6 302.4 297.4 296.3 292.6 278.6 287 288.4 298.4 299.7 304.8 307.4 312.2 315.9 316.1 313.4 304.7 298.2 294.7 291 285.6 283.8 284.6 282.1 280.3 278 279.1 280.3 279.6 281.8
361.4 354.2 342.6 329 319.6 307.2 290.9 271.4 252.4 240.4 239.7 239.6 240.2 245.1 249.4 254.4 261.4 272.7 287.3 310 332.1 358.1 377.1 385.3 392.1 403.3 407.9 412.6 415.2 405.3 389.1 378.1 368.5 365 366.1 367 365.9 361.4 362.7 368.2 360.5 359.7 353.6 345.6 329.6 314.1 305.3 304.8 305.8 303.9 306.4 300.7 287.3 275.5 286.9 289.2 291.5 300.7 302.9 308.4 312.6 315.4 314.7 309.4 305.2 297.8 292.4 290.6 288.3 286.6 282.9 279.5 278.8 277.4 274.5 275 275.5 278.1
363.6 359.2 350 340.4 331.7 318.2 298.7 278.9 263.7 242 239.5 236.8 239.6 243 245.8 251.8 258.7 268.2 285.2 306.5 330.5 358.1 376.8 388.4 394.9 396.8 401.1 406 401 389.8 379.6 364.6 358 356.1 357.5 357.5 359.1 353 349.3 349 349.6 330.5 334.7 322.9 308.5 298.8 293.1 298.4 301 302.5 300.8 293.2 281.8 276.9 279.4 286.3 299.3 302.5 306.9 313.9 315 315.6 313.9 309.2 308 302 296 294.1 292.3 289.7 286 284.8 283.5 281.4 279.8 277.1 273.1 271.9
361.7 363.7 355.5 346.2 336.3 322.6 303.5 297.8 270.1 250.1 238.9 239.3 238.7 241.4 244.9 250.5 256.8 266.8 285.7 307.8 331 358.6 373.1 379.4 379.9 381.7 389 396.5 397.7 387.8 373.2 358.1 352 350 350.2 350.4 348.6 347.2 342.8 335.3 324.7 324.7 314.6 307.1 296.9 287.5 283.9 289.1 292.1 293.2 290 281.6 274.9 274.1 280.3 289.1 299.8 304.7 309.6 314 314.4 314 311.6 308.8 307.1 304.2 299.9 296.6 294.4 291.9 290.8 289.3 286.2 287 287.1 283.8 277.7 274.1
359.6 365.6 355.4 346.4 339.4 330.6 321.4 306.4 277.3 257.4 239.2 238.2 237.8 240.5 241.1 246.8 253.8 263.8 282.1 302 328.1 353 358.7 355.3 354.3 361.2 372.5 387.1 393.9 386.6 366.1 347.3 345.3 342.8 342.1 343 340.4 336 333.6 329.7 319.6 310.8 307.4 296.6 290.5 283.8 275.2 280.7 280.3 275.5 272.7 273.9 268 272.9 279.5 288.8 298.4 305.7 310 310.6 310.8 310.7 309.8 308 306.1 303.2 300.8 298.2 296.5 295.2 293.6 291.5 290.4 290.5 289.1 286.8 283.5 278.9
355.2 354.8 351.5 348.6 339.8 334.8 322.8 302.4 279.1 255.4 238.4 238.6 238.3 236.2 239.5 243.5 250.3 260.8 278.4 300.7 325.2 332.3 333.2 336.3 341.1 347.6 360.7 372.3 383.9 378.2 361.4 343.6 336.5 337 334.9 333.4 332.1 328.3 325.8 322 313.9 305.5 297.7 293.2 284.6 276.7 271 267.5 265.5 263.7 262.6 267.9 271.4 275.8 282 284.3 293.2 301.3 304.6 307 308.7 308.9 307.5 305.7 302.1 300.9 299.5 297.7 296 293.8 292.3 290.6 289.9 289.8 289.5 288 285.7 282.6
342.2 346.8 345.7 342.4 341.6 332.8 314 295.1 274 252.8 238.6 238.1 237.7 237.4 238.8 239.3 246.8 255.7 276.3 297.7 314.4 326.3 334.6 343.4 348 359 367 376.3 377.5 370.9 359.7 347.7 330.1 328.9 329.2 325.3 319.2 318.9 314.9 312.9 307.9 300.6 294.4 287.8 282.2 277.5 270.2 263.6 260.7 259.9 271.1 272.1 277.6 281.3 282.5 282.2 285.8 292.3 300.8 306.2 306.7 305.8 302.9 301.9 300 297.8 295.6 292.6 291.4 290.7 289.9 288.9 288.8 288.5 288.4 287.4 285.8 284.4
340.5 343.2 342.2 344.7 339.3 324.8 306.2 288.1 274.6 253 238.9 237.8 237.2 237.1 238.4 238.6 242.5 255.6 269.8 287.5 310.3 326.7 340.2 351.6 360.7 365.8 375.1 372.7 368.8 363.2 352.6 338.4 323.5 318.4 319.6 316.6 313.9 310.7 309.1 304.8 301.5 296.2 289.9 286.6 284.5 280.2 268.4 261.5 259.1 260.9 270.3 272.7 275.1 276.1 277 276 280.4 290 298.8 302.4 303.4 302.2 300 298.8 296.2 296.4 296 294.6 292.5 290 289.2 287.4 283.4 286.1 286.8 286.8 284.6 283
345.8 344 345.3 342 331.7 317.7 303.4 287.2 267.8 248.5 241.9 236.9 237 237.8 237.6 238.1 239.9 254.5 269.2 283.3 302.1 323 341.1 352 359.6 362.6 363.6 358.5 353.6 346 334.9 323.4 313.6 308 309 307.2 305.9 302 299.4 298.3 291.6 288.8 282.5 282 280.5 274.6 264.5 258.8 257.6 261.9 268.5 266.2 265.6 268 269.6 270.5 279.1 289.5 296.2 300.6 302.3 300.1 299 299.2 300.7 299 297.2 294.7 292.7 290.7 289.5 286.9 286.7 285.5 282 282.6 279.8 276.9
340.4 343.6 340.8 333.8 323.5 310.5 294.9 278.8 262.7 255.9 240.7 235.4 237 237.2 237.2 236.9 239.5 254.3 268.5 283.5 299 315 330.1 343.1 348.1 348.9 343.6 338.2 333.7 325.9 317.3 311.1 304.6 301.3 299.8 299.9 296.2 292.8 292.9 288.7 278.1 278.3 273.7 275.3 275.3 270.6 260.2 255.7 256.1 256.8 259.3 259.7 259.9 261.7 265.1 271 282.8 292.3 296.6 299.1 299.6 300.9 303.9 303.8 301.5 299 296.2 293.6 293 292.5 293.9 292 287.3 282.3 281.8 277.5 274.3 271.8
332.2 337.4 333.2 326.5 316.4 306.4 294.8 287 277.6 250.7 239.5 235.8 236.4 236.3 236.8 236.5 243.3 253.3 269.3 281.2 294.2 304.6 314.2 321.8 326.5 327.9 325 320.5 315.5 310.2 306.8 300.6 294.3 285.8 288.3 287.9 287.2 286.9 284.6 280.2 273 269 266.9 268.8 268.9 265.5 256.8 254.2 254.5 254.6 255.1 257.4 260 263.7 268.3 270.1 285 292.1 295 296.8 301.7 306.2 306.6 304.1 301.1 297.9 297.6 297 295.4 297.2 298.8 294.1 288.9 286.7 282.5 275.4 272 270.9
317.8 324.9 325.6 319.4 313.1 307.1 300.2 290 272.9 249.1 239.4 234.8 236.1 236.6 236.2 236.1 243.5 257.3 269.2 278.2 291.4 292.1 298.5 301.7 304 304.1 303.7 303.1 301.3 298.7 292.9 287.7 282.6 274.3 279 278.9 279.3 277.6 270.3 272.6 266.7 261.7 260.3 262.9 261.8 255.4 252.4 252.9 253.1 254.6 257.6 260.2 263.8 268.3 274.1 280.2 285 288.3 293 298.2 303.9 306.8 308 304.5 301.9 301.2 301.4 301.1 298.2 300.3 298.1 293.8 288.1 283.3 279.9 276.9 278.6 273.5
304.3 306.7 308.5 307.9 303.3 297.7 290.3 279.7 263.3 248.2 237.1 236.7 235.9 236 236.2 236.3 244.5 258.2 267.1 275.7 282.9 280.5 283.4 286.2 288.5 290 294.1 293.9 288.1 282.9 278 274.4 270.8 269.4 271.7 272.3 272 270.2 266.3 264 261.6 256.2 255.7 256.6 255.4 251.4 251.8 252 253.8 258.1 263.7 264.9 269.1 274.3 286.5 295.7 294.5 292.4 299.2 302.5 307.8 310.6 310.8 307.5 304.9 305.9 304.8 302.6 299.8 299.2 297.5 294.4 288.3 280.4 281 283.3 282.3 277.2
294.3 295.7 295.7 294.5 292.5 288.6 282.4 272.6 262.1 247.8 236.4 236.5 234.6 236 235.5 236.3 244.2 250.6 264 267.4 270.4 271.7 273.3 275.3 278.9 282 281.6 277.7 273.6 267.9 266 264.2 261.1 264.8 266.1 266.8 265.1 264.2 258.8 256.5 253.3 252.7 252.2 250.8 250.8 251.2 251.9 253.4 257.9 263.3 268.8 271.5 277.5 284.8 296.6 309.8 308 299.8 306.2 307.2 312.1 314.9 313 310.2 307 305.9 303.8 301.8 299.9 298.8 296.2 287.6 284.3 281.2 285.2 286.9 285.3 281.6
285.7 287.7 289.2 288.6 286.7 283.8 279 272 260.4 246.7 236.6 236.5 234.1 235.1 235 236.7 244 251.2 258.3 262.1 265 265.6 265.9 266.6 268.7 269 267.1 263 260.3 259.8 259.5 258.3 257.8 260.1 261.3 262.1 260.4 255.9 251.8 250.7 248.9 250 248.7 250.2 252.1 253.6 255.6 258 264.2 270.3 278.1 282.7 292.4 301.4 309.9 323.4 323.7 311.1 315.2 314.5 317.8 317.7 315.5 312.9 308.6 305.4 303.4 301.9 300.7 299.1 295.1 289.9 285.3 286.3 288.8 289.9 287.2 283.6
278.3 282 284.1 282.6 283.8 281.6 276.7 267.6 256.8 244.9 236.3 235.1 234 235.6 236.2 237.5 243 249.9 254.2 257.6 259.3 260.1 258.9 257.3 260 259.6 256.5 253.5 252.9 253.3 253.8 254.4 253.3 254.8 255.6 255.7 254.7 249 248.1 248 249 251.1 253.9 256 257.3 258.7 260.8 265 274.9 282.8 292.9 303 306.8 316 327.8 339.2 334.8 321.5 318.5 321.2 321.6 318.9 316.4 313.6 310.6 306.3 303.2 300.6 297.7 296 293.3 289.5 289.5 291.1 292 289.8 286.6 282.1
271.2 276.4 279.1 280.4 279.8 276.2 271 262.4 253.6 241.6 234.3 234.8 234.1 235.3 236.2 236.9 242.6 247 249.3 252.4 254.1 254.7 253.2 252.2 251.3 248.5 246.3 245.1 245.4 247.1 248.9 249.1 249.7 248.9 249.7 248.8 249.3 246.3 249.5 252.2 256.4 259.9 266.7 267 265.9 268.8 275.7 278.6 281 296.1 306.9 323.1 330 338.6 342.7 345 344.4 331.8 324.3 324.6 323.2 319.6 316.1 312.9 309.8 305.1 301.7 297.2 294.6 294.9 292.5 291.4 292.4 292.9 290.6 287.2 283 276.1
267 269 271.1 272.3 272 268.5 264.2 255.9 248.7 235.8 234.6 234.6 234.7 236.1 236.6 236.6 241.7 245.3 247 248.1 249.1 249.1 247.3 246 243.2 241.8 240.8 241.7 242.5 243.5 244.6 245.5 246.9 246 246.3 245.8 245 247.8 254.8 262.3 264.6 269.6 274.4 281.4 283 285.3 288.7 290.7 300.1 309.4 321.4 338.9 346.9 349.4 351.6 352.1 348.9 339.3 330.5 328 324 320.3 316.8 310.2 305.9 300.6 298.2 295.4 290.8 292.2 292.5 292.9 292.6 291.1 288.7 284.5 278.2 270.9
264 266 262 259.5 258.8 258.8 253.5 246.3 239.8 234.3 234.2 234.5 234.3 237.2 236.7 236.5 237.5 243.4 243.8 243.9 244 242.1 241.6 241 239.6 240.4 240.3 240.7 241.5 241.8 243 244.1 244.3 244.2 244.5 244.8 247.3 253.3 264.1 272.6 275.8 279.1 287.6 291.8 295.4 297.5 301.8 305.1 314 323.1 333.7 351.3 355.7 358.7 355.3 354.4 349.2 343.6 335.2 329.6 323.9 318.8 314.5 308.9 303.6 300.2 296.6 292.2 288.5 285.7 292 292.8 291.4 288.8 287.6 281.5 281.5 279.2
264.1 264.9 260.9 254.9 250.7 247.2 243 235.7 235 233.6 234.3 233.7 234.6 237.1 236.7 236.4 238 239.5 240.9 240 240.3 239.5 239 238.9 240.7 240.6 241.2 241.3 241.9 242.3 242.7 243 243.1 243.8 245 248.7 254.6 265.2 277.8 282.4 288 292.6 298.7 300.2 304.5 312.5 317.2 319 324.9 336.8 346.5 361 363.4 363.7 357.7 352.5 347.7 344.1 333 327.1 318.7 314 310.2 306.8 303.8 292.2 291.5 293.1 292.1 290.1 282.6 288.5 288.2 287.4 285 285.4 285.2 281.9
259.6 258.9 256.7 252.7 248.4 246.8 236.9 235.2 233.7 232.1 234 234.4 234.2 234.5 236.9 237.8 238.3 238.7 238.5 238.6 239.2 238.9 239.1 239.3 241.3 242.1 243.9 245.7 246.4 245 243.6 244.6 245.5 246.5 249.9 257.3 267.6 280.5 289.4 296.5 301.6 303.9 305.3 309.2 319 322.3 324.6 328.4 337 346.9 355.2 365.7 365.6 361.1 355.5 349.4 342.7 335 328.4 320.4 313.1 309.3 306.3 302 297.6 301 300.2 298.4 294.5 291.6 287.9 281 284.1 287.6 290 289.2 286.3 279.7
255.1 255.1 253.3 250.4 247.9 241.1 235.8 234.3 232.8 233.4 234.1 234.2 234.2 234 235.8 236.5 237.5 237.9 238.8 238.1 238.2 238 239.7 242.5 244.4 245.1 246.7 249.7 251.2 250.3 246.7 248.3 250.3 252.2 262.8 270.2 285.3 297.6 300.5 305.5 309.5 310.6 309.9 313.4 319.9 325.7 331 337.6 345.2 349.2 360.1 362.1 361.1 354.9 347.7 339.3 330.5 325.1 316.9 311.2 307.2 305.1 299.1 303.6 305 306.4 304.5 300.7 294.1 290.1 286.1 281 285.9 289.8 288.1 284.3 279.7 272.2
252.8 252.5 251.1 248.2 245.9 245.9 238.2 234.7 231.7 233.2 233.9 233.9 233.9 233.9 235.3 236.7 236.6 237.7 237.5 236.5 237.8 240.2 241.1 245.2 247.3 249.6 251.5 252.9 254.4 255 253.9 254.6 256.4 260.8 271.1 286.5 300.4 301.9 306 312.1 312.2 311.2 311 311.5 321 325.8 332 338.1 341.2 348.9 355.1 351.6 348 342.2 334.5 327.7 321.7 314.5 309.5 306 302 301.7 305.4 306.9 308.1 306.4 302.6 299.9 294.5 288 283.4 277 284.9 284.5 283.1 279.6 274.4 269.3
250.6 250.2 249 247.8 247.8 249.1 245.7 234.4 231.5 233.3 233.5 233.5 233.5 233.6 234.8 236.7 236.5 234.7 236.7 239.2 241 241.7 244.9 246.8 250.7 255.1 256.5 257.3 258.4 259.9 262.5 265.8 263.2 269.3 282.5 298.3 299.8 302 305.7 307.9 309.9 309.5 308.2 309.3 315.3 320.2 331.5 333.1 337.3 344.2 341.1 336.3 332 327.7 322.7 318.2 313.1 308.7 305.6 303.6 304.1 305.8 306.8 308.3 307.8 305.3 302.1 297.2 289.4 284.9 283.4 284.5 272.7 269.6 271.2 268.4 264.7 267.8
250.3 250.2 249.2 250.8 251.1 250.2 247.6 245.5 231.2 232.4 233.3 233.4 233.3 233.9 234.4 235.6 235.6 234.8 236.5 238.7 242.3 243.8 247.5 250.7 257.5 262.3 264.1 262.8 263.4 265.8 271.2 275.3 273.9 278.1 293.9 298.1 299 299.3 299.4 291.6 289.3 292.1 294.3 300.5 310.5 323.2 328.7 329.4 331.8 331.5 328.7 325.9 323.1 320.5 317.1 312.4 308.4 305.9 304.6 303.3 302.3 304.9 308.1 309.2 307.3 303.7 298.3 290.9 288.7 288.1 290.9 288.6 284.3 277.6 276.5 274.7 272 264.9
249.9 248.2 249.2 250.4 249.7 248.4 245.3 240.3 231.5 232.6 233 233.3 233.8 233.5 233.6 233.9 235 236 238.4 240.8 242.1 245.7 250.1 256.2 262.7 267.2 269.8 268.3 269.2 272.3 279.1 285.4 283.6 285.3 294.6 295.4 296.8 294.4 290.1 284.1 280.5 282.3 286.6 295.7 311.6 319.9 321.6 322.6 324.2 322.9 320.4 319.4 317.8 316.1 313.7 313 312.2 309.6 305.5 303.9 303.9 309 311.4 309 306.3 301.2 294.4 292.7 294.4 298 296.5 292.3 288.3 283.7 280.6 276.6 273.6 269.2
246.1 245.6 245.4 246.5 246.9 246.4 244.6 242.1 232.9 231.9 232.4 233 233.4 233.3 233.5 233.5 233.8 234.9 240 243 244.8 247.3 252 257.8 264.6 268.5 273.4 274.1 274.6 278.2 286.8 293.5 292.6 290.6 291.5 292.7 292.7 291.4 288.1 284 278.1 279.3 286.4 296.7 307.6 314.9 314.5 315.7 315.5 315.1 315.2 313.8 313.4 313.3 315.4 317.3 315 310.1 307.4 303.2 305.7 311.1 310.6 309.2 307.9 304.8 300.4 300 302.7 300.8 296.8 292.8 290.5 284.4 280.4 276.5 272.2 266.4
245.7 246.2 245.6 244.9 246 245.5 243.8 240.8 232.8 232 232.4 232.6 232.3 233 233.2 233.2 233.5 235.2 242.4 244.7 247.4 251.1 254.5 260.4 265.2 268.8 274.4 279.1 282.1 287.2 295.2 301.3 300 297.6 294.3 294.3 291.5 289.1 286.4 281.5 278.2 277.8 288 297.8 305.7 308.5 308.4 309.4 309.8 310.5 309.6 309 310 314 317.7 316 312.5 309.3 304.5 304.4 307.3 310.2 310.7 311.9 311.3 308.7 308.1 306.8 304.3 301 297.3 293.2 287.5 281.8 276.7 272.5 264.6 257
249 247.1 245.9 244.1 243 242.3 239.8 239.7 231.5 232.1 232.1 232.5 232.1 232.4 232.8 232.9 234.1 239.8 243.1 248.3 251.3 254.1 258.5 261.2 267.7 273.9 281.5 285.6 289.9 294.9 302.4 302.8 300.9 299 298.6 296.4 292.3 288.4 281.3 276.8 273.8 277.6 290.1 297.4 301.3 304.4 304.2 304.7 306.2 300.9 308 311.4 312.4 312.4 312.6 312 309.1 306.7 305.3 305.7 307.6 311.5 314 314.6 314.9 314.6 313.8 306.8 302.7 299.3 294.3 288.2 281.7 274.2 265 259.9 265.9 264.1
249.9 248 246.2 244.7 243.4 242.9 242 241.1 230.1 234 231.9 232 231.9 232 232.4 232.7 234.8 239.8 248.3 251 254.1 258 261 264 269.1 278.2 285.1 289.8 294.5 302.6 303.3 302.5 302.4 300.4 297.9 293.8 289.8 285.5 279.9 275.8 272.4 275.4 286.5 292.7 298.3 299.7 299.8 301.5 297.9 306.9 312.3 314.8 315.9 315.4 313.3 310 307.7 307.5 308.9 310.7 315.3 313.9 316.3 317.5 318 318.9 314.2 303.2 300.1 294.7 288.8 281.2 273.3 278.2 276.9 276.2 272.8 266.3
251.9 251.1 249.8 247.5 244.7 242.2 240.6 237.7 235.1 231.6 232 232 231.7 231.8 232.1 232.5 236.6 242.5 251.1 253.9 256.9 260.9 264.4 266.8 270.9 278.2 285.3 293.9 301.3 303.4 303.5 302.6 299 297.9 294.3 289.8 287.4 282.8 278.1 274.6 271.4 273.6 286.4 290.5 293.2 297.6 291.5 299 305.6 311.1 314.4 315.6 315.9 315.2 313.7 311.1 311.3 313.6 313.2 316.9 316 315.3 318.1 320.2 320.2 315.4 308.2 300.9 294.5 288.7 279.4 280.1 284.2 286.1 285.4 281.1 277.4 273.5
253.1 252.1 249.9 247 244.1 241.2 238.3 236.2 235 229.4 231.6 231.7 231.5 231.6 232 233.4 241.8 251.7 254.2 257 260.6 265 268.4 270.5 273.1 278.6 287.8 299.3 303.4 302.4 302.5 299.1 295.5 294.6 291.7 288.4 284.6 279.7 276.8 273 267.7 273.9 280.7 287.9 291.9 295.3 284.1 296.9 300.1 305.4 310.3 313.5 312.5 311.9 311.4 313.1 313.9 314.2 313.2 312.6 312.6 314.2 316.3 317 314.1 307.5 302.2 294.6 288.8 282.4 280.7 286.5 289.2 290.7 288.1 284.2 280.7 274.8
