Assets/StreamingAssets/GeoData/Data/so/SO18.asc
ncols 200
nrows 200
xllcorner 310000
yllcorner 280000
cellsize 50
[rows 140 to 174 of 200, columns 0 to 77 of 200]
395 404.1 407.2 407.7 409.5 414.8 415.6 420.4 421.3 414.9 407 405.9 406.4 410.2 414.8 421.5 430.7 433.9 447.5 459.2 464.3 465.8 465.7 469 466.1 460.9 460.4 459.6 457.1 454.1 452.3 451 448.5 446.3 444.4 442.4 440.5 436.4 431 422.1 415.1 405.5 401.2 396 389.6 382 374.1 365.7 359.6 355.5 349.2 348.3 352.8 354.2 355.7 356.4 363.7 365.1 363.3 363.6 358.1 354.9 351.3 345.5 350.1 353.2 357.2 363.9 370.6 376.1 392.1 401.5 405.9 404 397.2 398.1 402.9 415.6
382.5 395.8 399.1 399.4 403.7 408.6 412.8 410.4 408 403.5 407.9 411.9 411.8 413.2 422.2 430 430.5 437.9 450.3 461.4 467 467.7 463.6 465 463.7 460.2 456.6 456.3 454.3 451 448 441.4 444.2 442.8 439 437.4 435.7 432.1 424.3 414.9 408.2 398.9 391.1 387.5 382.4 373.5 366.3 359 353.4 350.7 347.7 346.9 345.6 344.3 343.4 341.3 343 344.2 344 342.1 338.1 338.3 334.9 334.7 332.6 332.3 331 331.3 339 353.4 363.2 375.2 391.8 389.5 374.4 379.7 391.2 408.3
376 387 390.9 395.6 400.5 404 404.5 402.3 396.9 401 410.9 417.9 418.5 421.8 430.4 436.9 435.4 441.8 455.3 464.5 468.6 465.7 460.4 460.3 459.3 457.6 453.8 453.4 451.6 446.9 442.5 441 438.4 436 430.5 430 428.2 423.2 415.4 407.7 399.3 393.1 387.2 381.7 372.3 363.6 358.4 353.8 349.2 347.8 350.1 344.7 345.2 342.3 341.6 340.5 339.6 338.7 338.1 336.7 335.8 335.9 336.3 336 335.1 335.1 332.7 328.8 327.9 326.8 330 341.5 359 365.1 364.9 365.7 384 401.9
376.2 378.6 382.1 390.2 395.3 396.6 391 399.6 405.6 411.3 414.7 422 427.1 431.6 439.8 444 439.7 445.9 459.3 465.7 467.4 461.5 458.5 456.5 453.1 452.1 449.5 448.2 443.9 440.1 437.2 433.6 427.2 427.5 423.4 421.7 418.9 412.4 404 398.4 393.4 385.5 378.9 373.1 365.6 358.2 353.3 354.6 354.8 355.3 354.9 354.2 353.1 352.2 350.8 350 348.8 347.3 347.8 346.1 345.1 346.1 345.5 344.4 341.7 339.7 338.7 336.2 333.9 330.6 325.7 324.5 323.9 334.8 342.7 355.9 374.8 390.6
376.8 381.3 380.1 382.7 384.3 389.9 396 406.1 417.1 424.5 426.5 427.6 432.2 436.3 445.7 450.7 444.3 452.5 463.2 467.3 466.3 458.5 457.1 457.4 452.4 449.6 446.5 437.2 432.8 425 419.4 423.2 416.2 418.6 412.3 409.5 402.8 395.8 390.1 385.3 380.8 373.3 367.4 361.7 356.8 356.7 359.3 359.7 360.3 361.6 361.5 360.5 360.2 359.8 359.1 359.8 358.9 358.8 361.8 361.1 362.2 363.6 360.8 359.2 356.9 355.9 350.4 345.1 342.2 336.5 332 328 322.2 322.5 331.6 345 360.2 373.4
382.6 385.3 388.5 392.1 394.9 402.9 407.7 412.2 424.3 431.3 433 434.4 437.8 442.2 447.7 454.2 449.3 459.4 467.5 471.4 468.1 459.5 455.8 455 451.5 448.1 447.2 444.8 439.5 432.2 426.9 418.4 404.8 408.8 404.5 396.5 392.8 386.2 380 372.1 369.5 364 360.1 361.9 363.3 364.3 364.5 366.9 369.2 375.5 377.9 375.4 375.3 377.2 376.4 378.4 380.7 380 386.2 384.8 384.9 381.2 377.8 374.1 375.2 374.1 364.7 358.3 350.9 344.7 337.3 331.6 328.9 324.5 321.1 331.8 341.7 353.4
384.7 388.6 394 403.1 407.4 413.7 416.7 421.1 430.2 436.1 439.1 442.7 445.2 449.6 455.3 459.1 459 466.2 471.2 475 471 461.5 456.4 454.5 454.1 452.1 451.5 447.2 440.3 432.7 428.4 420.3 412 403.2 392.7 388.6 385 376.8 372.3 372.7 366.8 367.3 367 368 370.9 373.8 377.7 382.1 390 396 400.5 398.3 399.4 402.5 401.9 403.5 405.6 405.6 404.7 404.7 404.2 398.7 394.6 391.3 390 386.3 378 369.1 362.8 353.3 343.1 336.3 331.3 328.4 323.6 320.7 319.8 331.8
387.5 394.6 403.7 408.6 415.3 419.9 424.3 430.9 435.4 440.8 444.1 449 451.6 457.2 465.4 466 470.7 476.4 476.4 472.9 469.5 464 458.5 456.6 454.7 454 451.3 446.7 439.9 432.1 425 419.7 408 401.9 393.4 386.3 384.2 386.3 385 378 371.7 371.9 371.9 374 380.2 388.6 397.7 403.5 407.5 412.7 415 416.3 417.5 421.2 422.3 423 424.1 423.4 420.6 419.9 418 411.6 407.8 404.8 402.1 398.2 387.7 379.6 374 363.6 350.6 340.9 333.6 328.5 325.7 322.9 318.6 318
390.2 400.2 408.5 414 418.8 426 432.4 436.3 441.2 446.4 448.4 454 459.5 466.8 473.2 476 482.8 482.9 481 475 468 464 457.3 457 454.3 452.4 447.6 441.9 436.6 430.2 423.5 412.6 402.7 398.4 402.2 400.1 399.3 393.8 387.1 381.3 378 377.8 378.1 386 395.1 403.6 410.2 416.7 420 423.2 424.9 426.5 428.7 432.2 434.1 435.6 434.7 433.9 429.5 428 425.8 422 419.6 415 410.7 404.8 395.9 387.9 378.7 362.7 347.6 339.9 339.9 333.6 329.3 325.3 320.8 318.1
393.5 405.5 411 417.4 422.5 431.2 438.3 443.1 450.3 454 458.3 462.2 465.7 471.9 477.1 478.4 483.2 482.8 481.5 476.1 468.2 462.1 454.8 454.6 452.2 446.5 439.2 433.6 420.9 414.4 414.9 417.5 420.1 417.9 413.1 404.9 400.3 394.8 391.4 385.5 377.4 383.2 385 395.2 406.3 411.6 416.9 424.1 427.5 429.4 432 433.9 436.5 439.3 441.3 442.7 442 439.7 435.4 432.8 430 427.4 424.8 419.9 415.2 408.1 399.3 389.3 373.8 355.7 359.5 356 349.8 340.9 334.7 328.8 324.6 321.1
398.3 409.2 413.7 418.4 426.1 437.3 443.2 453.6 457 461.1 462.6 465.2 470.6 474.1 476.1 476.8 478.5 478.1 474.7 469.5 462.1 458.9 452 449.1 446.5 436.4 426.2 427.1 429.1 431.8 431.3 429.2 425.8 421.4 415.1 408.6 403.6 398 396.9 389.6 378 388.1 394.6 402.3 411.8 417.2 419.8 426.2 429.6 432.5 435.5 437.5 440.5 443.9 446.1 446.7 444.8 441.2 438.5 435.8 433.1 429.8 427.7 421.6 414.9 405.2 388.4 368.9 366.8 376.1 372.4 366.9 359.4 350.5 343.6 337.8 331 326.4
403.5 411 415.9 420.2 430.6 439.9 451.6 459.4 460.8 463.4 465 466.5 472.9 473.7 473.4 472.7 473.4 472.1 467.1 460.8 456.5 454.1 447.5 440.2 435.6 435 436.1 438.9 437.2 438.2 433.9 430.8 426.4 422.7 416.1 409.5 407.9 404.9 402.3 393.8 384.1 392.3 398.6 404.2 411.1 418.4 419.9 425.2 429.6 433.4 436.3 438.2 441.5 445.3 446.3 443 440.6 438.8 438.4 437.1 433.9 430 425.4 417 407.1 388 395 392.3 393.6 393.6 387.9 382.4 374.4 364.9 354.7 347.6 339.8 333.5
407.1 411.9 417.8 423.3 432.3 444.4 455.8 463.8 464.4 466.4 466.4 468.6 472.8 471.2 470.3 469.2 465.7 460.7 454.4 450.4 450.5 449.3 442.5 443.9 444.9 445.9 446.8 444.1 443.2 442.6 438.6 433.7 428.1 423.5 416.4 411.8 412 405.7 401.2 396.3 383.5 395.2 397.1 398.3 406.2 413.5 417.4 423.3 428.6 431.8 434.1 436.2 439.1 440.9 440.9 438.3 436.9 436 434.7 434 429.2 422.8 416.7 414.1 413.7 413.1 412.5 412.9 414.2 411.5 407.8 402.9 395.5 386.3 372.7 361.3 349.8 344.8
409.5 412.1 417 424.5 431.9 444.3 457.2 464.5 466.2 468.1 468.7 468 469.4 468.1 466.5 463.5 456.7 451.5 447.1 446 446.7 444.5 447.7 447.4 450 452.7 452.3 449.3 448.9 446.5 442.1 435.9 430.1 425.6 417 412.1 410.3 402.3 397.4 394 382.1 393.5 393.3 392.9 398.1 405.1 413.2 421.4 426.4 429 431.1 434.7 439.6 442.8 441.9 439.1 436.8 435.5 434.3 433.9 433.7 433.2 432.5 431.4 431.7 431.5 431.3 432.7 432 431 428 421.7 413.4 406.4 395.5 384.4 373 365.9
413 416 419 422.8 430.7 440.7 456 464.9 468.3 470.3 469.7 467.1 466.2 464.9 461.6 458.7 455.2 451.3 446.9 445.3 444.5 446.6 452.1 453 453.9 456.8 456.9 453.3 452.8 448.8 444.2 438.4 433.1 425.5 417 408.7 403.1 400.9 395.7 391.1 387.1 386.4 388.6 389.6 393.5 400.9 410 415.3 419.9 424 429.3 435 441.6 444.9 443.4 440.6 438.4 438.2 437.7 438.8 440.8 440.7 442.8 445.9 446.4 445.8 445.2 445.9 444 443.6 440.2 436 430.2 423.6 413.8 408.2 393 391.2
416 418.9 422 425.6 431 438.7 452.9 465.4 470 469.3 468.7 466.5 463.7 462.1 459.3 458.1 458.2 453.8 448.2 445.8 445.3 449.7 455.4 459.5 457.7 460.7 458.5 455.8 453.3 449.7 445.1 437.6 431.3 423.8 416.1 407.1 399.2 394.3 392.8 389.9 383.3 382.8 384.2 385.7 389 397.1 404.5 407.8 416.6 424.1 429.1 434.4 441.2 443.7 442.2 441 441 441.8 444.7 447 449.5 453.5 456.1 457.4 457.5 456.7 455.3 454.2 453.5 451.1 447.3 442.8 438.5 433.8 429.1 418.8 421.3 416
415.9 421.1 424.2 427.5 431.1 437.9 451.3 466.1 470.8 468.2 466.7 463.7 461.2 459 455.3 454.5 455.6 455.5 453.9 448.1 447.3 456.5 459.9 462.7 461.2 461 458.5 455.4 452.2 448.9 444.2 435.9 429 421 414.4 407.5 399 391.4 388.6 386.6 383.7 380.8 380.8 382.6 388.5 388.5 397 406 412.2 422.4 429 434.2 439.3 441.9 443 443.8 446.9 449.7 453.1 456.8 460.7 463.3 465 465.4 464.9 463.5 461.9 459.7 458.1 455.5 451.4 447.7 443.6 439.3 435.8 429.7 434.2 431.9
417.5 422 425.8 428.9 432.6 439.2 451.2 465.1 470 467 464.9 461 459.4 456.2 451.5 450.7 452.1 450.9 454.9 451 452.9 459 461.4 460.9 461.7 459.9 457.5 453.5 449.7 445.8 440.9 433 427.1 418.3 411.1 404.5 396.3 388.3 385.5 385.3 383.6 379.3 380.7 383 386.4 390.5 397 407.4 415.1 424.6 432.3 438.7 441.9 444.4 447.7 451.7 456.8 459.9 464.6 466.1 467.7 469.6 471.1 472.1 470.5 467.7 464.2 461.9 459.9 458 455.3 450.6 446.3 441.7 438.6 437.5 438.4 437.1
416.9 421.3 427.4 430.9 434.8 440.5 450.1 461.8 467.3 463.9 460.3 457.3 457.9 453.6 444.6 446.1 446.1 447 450.2 450.6 453.5 458.7 461.8 461.4 460.1 458.4 454.8 450.1 444.9 440.6 436.1 430.6 424 415.7 407.7 399.8 391.9 385 382.2 381.8 381.6 378.4 379.6 381.8 385.9 393.8 402.4 410.7 421.9 430.7 436.7 442.9 447.6 453.3 458.6 463.9 466.5 468.8 470.3 471.2 472.1 473.7 476.5 475.7 472.9 469.7 465.8 462.2 459.6 457.7 456.4 451.4 447.4 443.6 440.6 439.6 440.1 440.5
425.3 427.7 430.9 434.5 437.5 442.3 448 456 462.4 460.9 455.8 452.6 452.7 449.4 442.3 439 441.5 443.2 445.4 447.8 452 457.2 461.3 461.6 457.9 455.9 452.2 446.8 442 436.8 432.2 426.1 420.2 412.6 405.6 396.2 388.7 383.7 380.9 379.4 380.4 377.4 378.9 383.8 390.1 401.6 410.2 420.9 431.1 437.1 443.8 449.9 457.2 462.6 467.6 471.2 473.3 473.8 474.1 474.8 475.2 476.6 477.4 474.8 471.8 468.3 465 461.3 458.7 456.7 455.1 450.7 446.6 444.6 442.3 441.8 442.7 443.9
433 434.7 436.1 438.8 444.8 443.3 445.5 450 456 455.5 449.1 445.9 443.2 441.2 436 431.9 435.4 436.6 438.7 444.6 450.2 455.7 459.4 460 456.1 454.8 450.5 444.9 439.5 435 428.9 422.4 416.7 407.7 401.4 393.8 385.8 382 378.8 377.7 377.8 376.8 379.2 385.5 395.8 411 421.2 430.9 437.7 443.8 450.3 457.7 463.7 468.6 473.6 477 477.9 478.2 478.3 478.3 477.8 477.4 475.4 472.6 469.4 465.8 462.4 459.4 457.6 454.9 452.1 449 446.5 445.1 444.1 443.9 444.6 444.6
438.9 440.7 441.5 442.1 442.2 442.2 443.6 445.1 447.9 448.4 441.4 438 434.4 428.6 425.7 426.9 429.6 430.3 432.5 443.7 449.8 454.6 457.8 458.8 455.6 451.3 448.1 443 439.3 435.6 429.4 422.9 414.1 404.8 397.3 392.4 382.6 379.5 377.4 376.5 376.1 378 379.2 391.5 406.5 419.1 426.7 435.4 442.4 448.3 454.5 461.2 467.5 472.7 477.2 480 482.1 483.1 481.6 477 475.1 474.1 472.4 469.8 466.5 462.1 459.5 457.4 455.1 452.4 450.2 448.1 446.5 445.7 444.4 444.6 444 442.4
444 443.7 443.5 442.8 442 441.3 440 440.4 440.6 438.5 433.9 429.6 424.4 419.8 419.9 422.9 421 424.2 434.3 447.5 451.8 454.7 456.5 457 454.4 450 449 443.4 439.3 434.6 427.8 419.9 412.5 403.2 394 389.1 381.9 378.1 376.3 375.3 374.7 377 384.8 400.5 413.8 424.6 431.9 439.3 445 451.4 457.3 463.4 469.5 473.4 475.7 477.7 480.4 479.3 475.1 471.5 471.3 469.9 467.9 465.3 461.8 458.7 457.2 454.5 451.8 449.5 447.8 445.7 444.1 443.5 442.9 441.9 440.4 438.2
445.6 444.7 443.3 441.2 438.8 438.7 436.2 434.4 433 432 429.6 425.7 420.2 415 417.4 417.5 416.8 425.4 440.1 449.1 452.7 455.8 456.4 455.6 453.3 448.9 447.8 443.3 438.4 432.3 426.3 417.8 409.2 399.8 390.3 385.5 380.4 377.5 375.6 374.3 374.9 378 390.5 404.9 417.7 428.4 435 440.6 446.9 452.3 457.5 461.9 465 467.2 469.3 471.9 472.9 471.5 468.7 466.9 466.8 464.8 462.9 459.8 457.2 453.7 452 449.6 447 444.6 443.6 441.8 440.3 439.5 438.5 437.5 435.6 433.8
445.9 443.8 440.7 438.6 436.5 434.3 431.3 427.3 425.6 422.2 419.9 419.2 416.7 412.5 412 412.8 420.2 428.7 442.3 451.4 455.1 456.9 456.5 455.7 454.7 449.2 443 439.1 434.2 428.6 420.1 411 401.2 396.4 389.2 383 379 376.7 374.7 373.6 375.4 381 394.6 408.2 420.7 430.2 437 440.9 445.7 450.8 453.1 456.9 458.8 459 461.4 463.9 464.8 464.6 462.7 460.8 459.9 458.9 455.5 453.2 451.1 448.7 446.2 443.6 441.4 439.6 438.4 436.9 436.1 434.7 433.5 432.9 431.4 430.4
444.8 441.7 438.2 434.8 431.5 428.7 423.7 418.1 416.3 413.2 412.1 413.3 412.1 407.5 407.1 414.8 426.1 435.8 446.7 454.4 457 457.2 454.9 453.1 450.5 446.3 442 437.2 431.4 423.1 420.1 413.6 404.9 398 389.9 381.8 378.4 376.1 374.2 373.6 378 385.5 397.3 410.2 421.7 432.4 435.2 441.5 443.9 447.1 449.3 451.8 450.1 451.8 452.1 453.7 454.7 456.1 453.6 452.5 452.8 451.5 448.7 447 445.8 444.1 441 438.7 436.9 436.5 434.7 433.1 431.1 429 427 426.8 426.9 426.6
442.8 439 434.3 430 425.8 420.3 412.2 407.3 405.3 408 407.1 406.7 403 405.8 416.6 424.9 440.9 450.4 456.4 458.9 457.5 457.7 454.8 451.5 448.8 444.8 441.1 436.4 432.4 426.9 419.1 412.7 406.4 397.9 389.7 382.6 381.5 376.9 374.3 374.4 379.7 387.3 398.1 411.5 422.3 430.5 431.6 439.4 441.7 443 444.3 442.2 440.5 441.3 439.9 441.2 441.3 443.7 445.3 443.9 444 444.6 441.6 441.6 441.8 439 436.7 435.3 433.9 432.2 429.6 427.5 427.8 428.8 428.5 425.2 424 417.9
439.4 434 429.1 423.9 418.1 412.6 404.3 400.7 399.5 401.4 401.8 397.3 399.4 414.7 427.2 439.4 450.6 456.1 459.8 460.2 458 455.6 453.7 450.6 447.7 445.1 441.2 436.4 430.7 423.8 417.8 407 400.4 394.5 390.4 386.5 381.4 380 375.8 373 379.8 388.1 399.4 408.7 420.2 427.7 428.6 434.4 438.7 439.6 438.5 432.3 430.6 428.4 425.8 424.8 425.1 428.1 430.8 434.1 434.5 437.7 438.3 441 442.7 438.2 436.8 435.7 435.3 434.1 436.2 435.2 434.1 433.5 432.4 431.1 429.3 425.4
432.7 427.3 421.6 415 407 404.7 401.4 397.2 393.4 396.1 392.2 398.7 408.8 424.4 436.5 444.4 452 457.1 460.3 461.5 459.2 456.5 454.2 452.3 450.1 446.4 440.1 435 427.9 422.3 418 412.2 401.1 396.1 389.9 385.1 380.6 377.2 373.9 373 381.4 389.5 403.9 411.2 416.9 425.7 425.2 429.5 432.2 432.8 430.9 427.9 426.4 421.4 418.6 416.2 415.2 417.4 420.6 423.4 430.2 438.9 439.4 444.2 442 441.8 439.6 438.1 436.2 438 437.9 436.3 434.7 433.7 433.3 430.8 430.6 429.4
424.9 418.1 404.1 399.3 394.2 395.1 397.4 394 388.4 392.2 398.4 403.7 416.3 429.2 437.9 445.5 451.5 456.9 459.8 461.1 459.5 456.7 454.6 452.3 450.1 445.2 440.8 436.2 431.4 426.2 420 408.4 403.2 394.4 388.8 384.7 378.5 373.9 369.1 378.4 384.9 394.2 405.1 416 419.5 420.1 420.5 422.2 423.3 424.8 425.9 427.8 427 422 416.5 412.4 411.7 414.4 418.3 429.2 435.4 439.6 442.1 443.9 443.6 443.1 441 439.7 439.3 438.6 437.7 435.9 434.5 434.2 433.9 433.3 432.3 431.6
412.8 404.9 393.8 388.1 384.8 387.6 386 391.4 394.5 399.5 404.2 407.9 418.8 428 433.8 443.2 449.7 456.3 460.1 460.8 459 456.8 454.4 452.3 449.9 446.2 442 437.3 432.4 427.5 418.8 409.7 402.5 392.2 383.4 379.4 375.2 368.9 369.3 376 381.4 393.3 402.1 409.3 416.8 420 417.9 415.4 418.3 422.8 427.2 428.5 423.4 417.7 412.3 410 412.7 418.2 426.8 432.9 436.2 441.5 444.5 448.7 446.1 445.1 443.8 441.8 439.1 438.8 437.9 436.4 436.5 435.8 435.8 435.4 434.1 433.1
392.2 384.7 382 377.5 382.3 392.9 397 399.6 402.9 406.7 407.4 412.7 420.3 428.7 434.6 442.9 452 457.5 460.5 459.8 457.5 455.8 453.8 451.6 449.4 446.5 442 437 431.4 425.6 416.7 406.8 398.6 385.9 377.4 372.4 364 365.6 372.6 375.4 377.8 384.7 393.3 404.8 407.7 406.7 406.7 404.7 414.4 421.8 425.9 421.1 413.8 408.7 409.5 414 423.6 429.4 432.1 434 438.2 443.5 447.5 447.7 445.8 444.2 443 440.7 439.1 439.1 440.2 439.1 438.7 437.8 437.3 436.2 435.4 434.1
373.8 370.6 373.3 381.5 389 397.2 405.6 410.8 413.5 414.2 414.8 417.3 421.9 430.9 437.5 446.3 453 457.9 459 458 456 453.4 451.1 449.2 446.7 443.3 438.6 433.3 428.7 421.6 411.7 401.4 391.4 379.5 371.4 368.1 368.5 370.3 371.2 372.9 376.1 378.1 384 388.9 391.1 391.8 392.9 399.3 407.7 413.1 414.8 410.4 406.5 407.4 413.4 427.5 434.8 434.6 435 436.3 440.6 443.6 444.5 444 442.6 441.2 441.3 440.4 439.1 441.1 439.9 439.6 437.4 437.2 437.5 436.6 435.3 433.9
368.7 371.5 374.3 381.2 390.5 401.8 412.8 417.9 417.9 418.8 419.4 421.3 429.2 435.5 441 449.8 454 456 456.2 455 452.1 449.6 447.5 445.1 442.6 438.6 433.1 427.4 419.9 413.8 401.4 391.8 384.7 375.8 368.8 362.9 366.4 368.4 368.3 370.3 370.3 374.8 375.3 377.4 380.4 385.6 389.8 399 404.9 404.2 406.3 405.2 403.7 412.3 423.2 432.9 438.2 439 438.7 438.4 440 440.5 438.8 438.7 437.6 437.3 438.5 439.9 438.3 438.9 437.4 436.7 434.8 434.9 435.2 434.5 434.5 433.7
368.1 371.8 377.8 387 397.7 406.6 414.4 419.8 419.3 421.1 423.1 425.5 433.6 440.4 445.7 451.5 452.8 452.4 451.9 450.8 448.5 445.3 441.3 439.4 436.7 431.9 425.7 418.5 411.9 401.7 389.5 382 377 372.5 365 361 364.5 366.2 362.9 364 364.2 368.8 375.9 374.5 377.3 382.1 394.8 404.6 396.9 399.1 399.6 402.6 409 418.4 427.7 437.8 443.1 444.1 441.5 439.8 440.3 436.1 434.1 431.4 431.6 432.5 435.4 437.9 435.5 436.7 434.4 432.8 431.9 433.3 432.9 432.2 431.9 432.2
