Assets/StreamingAssets/GeoData/Data/so/SO20.asc
ncols 200
nrows 200
xllcorner 320000
yllcorner 200000
cellsize 50
[rows 0 to 34 of 200, columns 78 to 155 of 200]
406.6 413.2 415.7 418.2 420.3 421.2 425.7 429.6 431.5 434 435.3 440.5 439 429.9 434.2 433.2 429.6 426.2 421.5 419.5 419.7 424 424 427.9 429.7 434.1 433.7 434.9 435 437.1 439.5 439.8 437.9 437.5 438.9 441.6 444.2 446.2 449.2 452.6 456.3 459.7 462.8 465.6 468.1 470.3 472.7 475.1 476.9 478.9 480.9 482.8 484.9 486.3 487.7 489.5 491.3 493.2 495.1 497 498.5 500.1 501.7 500.5 496.4 486.7 467.9 438.2 412.7 382 352.1 334.2 321.7 315.2 313.7 307.5 297.2 291.4
402.8 403.4 413.2 416.2 416.5 416.9 421.5 426.2 429.1 429.8 434 438.1 433.1 424.1 424.8 422.6 421 420 411.9 412.5 416.2 416.8 417.7 420.4 425.7 428.6 429.6 431 427 430.7 431.9 434.6 435.2 436.1 437.1 438.9 441.2 442.9 446.3 449.6 453.3 456.9 460.3 462.8 465.4 467.7 470.2 472.9 474.8 476.7 478.8 480.8 482.9 484.8 486.4 488.2 490.1 492 493.9 495.7 497.4 498.6 500.2 499.8 497 490.3 481.5 461.8 430.7 401.1 372.3 348.4 333.3 323.1 312.2 303.1 298.3 293.2
403.1 404.4 406.6 408.7 412.6 415 417.1 419.7 419.8 427.3 426.6 428.1 427.3 418.3 414.3 410.5 412.1 412.7 401.5 402.7 407 409.1 412.5 417.6 420.4 423.3 426.1 427.8 425.6 429.9 428.1 431.5 432.7 432.8 434 436.2 437.3 439.6 443.1 446.6 450.3 454 457.1 460 462.6 465.1 467.7 470.6 473 475 477.1 479.2 481.3 483.4 485 486.9 489 490.8 492.7 494.5 496.3 497.6 498.6 498.7 497 492.4 486.7 478.2 460.8 424.6 395.5 368.1 350.7 337.3 321.6 311.3 300.5 293.6
402.2 404 406.3 407.1 408.8 409.8 411.9 414.1 415.9 420.1 421 415.6 412.3 412.3 408.9 407.3 410.6 407.9 395.2 392.9 399.7 401.3 407.8 413.9 417.4 420.9 424.2 424.1 419.6 424.8 426.7 427.6 429.7 428.1 429.5 431.9 433.1 436.2 439.4 443.6 447.7 450.9 453.9 456.9 459.8 462.2 465.2 468.6 471.3 473.4 475.4 477.6 479.7 481.8 483.7 485.5 487.7 489.7 491.5 493.3 495.1 496.7 497.7 498.5 497.1 493.7 488.9 483.4 473.7 450.2 419.3 393.7 373.1 356.1 339.7 327.2 314.9 302.1
398.3 400.4 403.6 404.7 406.7 407.8 410.7 412.5 409.1 414.4 406.4 407 406.8 402.4 401.9 405.7 404.4 401.6 393.7 389.6 393.9 396.7 398.4 403.5 410.8 417.9 421 418.9 417.2 418 419.3 422.8 425.3 423.6 425.4 427.4 429.7 432.5 436.1 440.5 444.8 447.6 450.6 453.6 455.8 459.2 463.3 466.5 469.4 471.7 473.8 476 478.1 480.2 482.3 484.2 486.4 488.5 490.3 492.1 493.9 495.7 496.9 497.9 497.3 494.6 491.1 485.9 480.8 469.5 442.8 419.5 400.4 384 366.4 351.5 336.9 322.6
390.5 394.4 400.7 402.6 399.7 399.9 400.3 402.9 402.2 402.7 399.8 401.7 399.2 398 396 399 398.9 396.9 392 386.7 391.5 392.9 398.6 405.3 407.6 415.7 418.1 415.9 416.2 416.8 415 417.6 419.8 418.1 421 422.9 425.5 428.7 432.5 436.5 440.6 443.4 446.6 450.1 453 456.4 461 464.5 467.3 470 472.3 474.4 476.5 478.6 480.8 482.8 484.3 486.7 489.2 491 492.7 494.5 496 497 497.2 495.3 492.5 487.1 483.5 477.5 468.3 445.1 429 413 397.6 382.8 366.7 345.8
385.3 389.1 391.4 392.3 393.1 394.3 394.9 394.8 395.6 392.7 397.8 395.9 394.1 391.7 387.6 388.4 391.7 390.2 388 386.4 390.6 391.5 399 404.7 408.6 411.9 414 409.9 409.9 413.6 411.5 411.5 413 413 416.7 418.5 421.6 425.1 428.4 432.6 436.4 439.2 442.4 445.5 449.5 454 458.7 462.8 465.6 468.1 470.4 472.8 474.9 477 479.1 480.8 482.6 484.7 487.8 490.1 491.6 493.1 494.6 496.1 496.5 495.7 494.1 491.7 486.8 483 477.9 469.6 450 439.1 428.4 417.9 400 376.5
380.1 383.2 385.7 387.6 390.1 390.8 390.8 386.3 390.4 388.7 390.8 389.2 390.5 387.9 387.2 387.2 387.1 387.7 387.1 385.9 389.9 390.1 393.7 401 405.1 408.6 409.5 406.6 407.8 405.7 406.2 408.6 406.7 409.1 411.4 413.8 418 421.5 424.6 428.7 432.1 435.2 438.5 442 446.9 451.5 455.3 459.4 463.7 466.2 468.6 471.1 473.2 475.3 477.4 479.2 481.2 483.3 485.9 488.3 489.8 491.2 492.8 494.3 496.1 495.6 494.5 493.1 490.4 485.8 482.2 477.8 468.4 461.6 450.5 444.2 436.3 409.6
381.1 378.5 379.9 382.7 385.1 386.3 381.4 384.3 385.5 385.9 384.8 382.9 381.9 382.9 382.6 380.6 380.2 380.2 380.9 381.3 386 387.6 390.1 394.4 400 403.4 402.3 399.8 398.5 401.6 402.9 404.6 403.5 402.9 404.7 409.6 414.3 417.9 421.1 424.7 428 431.6 435.4 439 444 448.3 452.8 456.9 461.4 464.3 466.8 469.4 471.6 473.6 475.7 477.9 479.9 482 484.1 486.4 487.9 489.4 490.9 492.2 494 494.9 494.1 492.8 491.6 488.4 485.1 482.1 477.2 472.9 465.5 455.2 446.7 437
379.8 381.8 380.9 379.4 378.3 375.5 376.5 377.4 378.1 377.8 376.7 375.1 373.6 372.5 371.4 370.7 370.6 378.4 379.7 380 381 382.8 386.5 389.4 396.2 400.2 397.2 394.7 396.6 399 397.9 397.5 397.2 388.1 397.8 404.6 409.8 413.3 416.7 419.7 424 428.3 432.2 436.7 441.3 445.6 450.6 454.5 458.9 462.3 464.7 467.2 469.7 471.7 473.7 475.5 478 480.4 482.7 484.5 486 487.5 488.9 490.2 491.5 492.4 493.3 492.4 491.2 489.9 486.9 484.3 482 478.6 474 467.5 457.5 447.4
379.5 379.6 379.2 378.4 366.7 368 373.3 371.6 371.5 371.2 370.9 370.5 370.5 371.1 368.8 369.4 369.3 370 372.9 377.1 377.2 382.4 385 386.9 389.6 392.7 391.9 390.4 394.2 393.9 391.6 390.1 388 383.1 394.2 402.7 406.8 408.8 411.8 415.1 418.9 424.1 430.1 434.8 439.4 443.5 448.4 452.6 456.9 460 462.4 465 467.7 469.8 471.6 473.1 475.6 478 480.8 482.3 483.9 485.9 488.5 489.4 490.2 490.9 491.6 491.7 490.9 489.7 488.2 486.7 485.6 483.2 479 474 467.1 458
379.6 379.4 378.6 377.5 373.7 365.7 371.1 370.7 370.7 370.5 370.3 370.4 370.1 369.2 365.4 368.2 368.5 369 370 377.1 377.3 377.2 380.7 383.9 385.1 387.5 387 386.2 387 386.7 382.4 380.7 378.4 382.5 392.3 400.3 402 404.2 407.2 410.4 414.4 419.7 426.2 432.4 437.4 442 446.4 450.8 454.3 457.4 460.2 462.8 465.5 467.9 469.6 471.1 473.2 476.3 478.6 480.3 482 484.1 486.8 488 488.9 489.6 490.3 490.6 489.8 488.9 488.1 487.2 487.2 485.6 482.4 477.7 472.9 466.4
381.7 381.9 380 373.2 370.9 370.2 370.1 369.9 369.2 369.6 369.5 368.8 364.4 360.6 358.8 359.4 367.7 368.4 375.1 376.7 376.6 376.9 377 377.7 381.1 383 382.7 381.2 379.6 378.6 374.1 372.1 374 382.3 390.7 394.9 396.9 399.2 402.1 406 410.4 416.3 421.8 429.3 435.3 440.8 445.4 449.2 451.7 454.5 457.8 460.6 463.3 465.9 467.5 469.2 471.2 474.4 476.9 478.7 480.7 482.7 484.8 486.1 487.3 488.3 488.9 489.4 488.8 488.2 487.6 487.1 487.5 486.4 484.5 480 475.7 470.8
383.9 382.6 375.8 369.5 368.8 369.5 369.3 369 368.3 367.9 362.3 358.3 354.6 352 353.6 354.4 358.7 362.6 366.5 375.9 374.8 367.4 375 375.3 374.8 376.7 378 374.4 372.5 370.4 367.7 366.4 373.6 379.5 384.3 388.6 390.6 393.7 397.4 401.6 406 411.1 418.6 426.3 435.6 440.3 444.3 447.1 449.5 452 454.5 457.3 460.1 463.4 465.9 467.1 468.8 471.9 474.9 477.3 479.2 481.1 482.9 484.3 485.5 486.6 487.2 487.6 487.7 487.4 487.1 487.3 487.7 487.3 486.3 482 478.1 474.2
381 378 371.4 367.2 367.8 368.4 368.2 368 367.4 355.8 350.7 351.2 351.3 351.3 351.2 351.4 351.5 356 359.7 367.2 353 351.1 365.8 371.4 370.3 372 371.6 367.1 365.6 364 361.7 363.7 370.1 374 378.1 381.5 383.4 387.8 391.9 397.8 401.7 407.3 415.3 424.2 434.7 438.9 442.5 445.1 447.8 450.3 452.8 454.4 456.6 460.1 462.8 464.3 466.7 469.9 472.9 475.5 477.4 479.2 480.9 482.6 483.8 484.7 485.5 485.7 486 486.1 486.1 486.8 487.7 488.4 487.2 484.2 481 476.8
374.9 373.2 367.6 365.7 366.3 367.3 367.3 366.7 357.8 350.7 350.4 350.8 350.3 350.3 350.3 350.6 351.2 352.5 354.6 357.2 349.7 353.5 361.2 364.3 366 367.6 365.2 360.6 359.2 357.9 357.8 363.6 366.2 369.3 373 375.9 379.8 382.6 386.7 392.3 398.9 404.8 411.9 420.2 431.9 437.4 441.1 443.8 446.3 448.8 451 452.4 454.6 457.3 459.8 461.9 464.7 467.8 470.9 473.6 475.4 477.2 479 480.8 481.9 482.8 483.8 484.1 484.4 484.7 485.1 486 486.8 487.7 487.8 484.8 482.4 478.6
364.5 366.1 362.3 355.6 355.6 354.9 355 353.1 350.7 350.3 350.2 350.2 349.6 349.8 349.8 349.9 350.3 350.9 350.9 349.5 347.4 352.9 358.3 361.2 361.9 361.2 359.8 355.3 347.9 352.5 355.1 360.1 363.2 362.9 367.5 372.4 375.3 379 382.3 387 393 400.5 408.9 416.4 429.6 434.8 439.3 442.6 444.7 447.3 449.1 450.8 453.2 455.4 457.5 459.5 462.5 465.6 468.8 471.3 473.1 475 476.8 478.6 479.8 480.7 481.4 481.8 482.2 482.7 483.6 484.8 486 486.9 487.7 485.6 483.3 479.7
355.5 355.2 356.1 354 353.6 351 350.6 350.4 350.4 349.8 350.2 349.7 349.3 349.5 349.4 349.6 349.7 348.6 349 348.5 343.8 350.5 354.6 357.3 358 355.6 353.1 350.7 346 345.7 353.9 356.8 360.1 361.2 365.3 368.1 371.7 375.3 378.2 381.9 387.3 396.9 404.9 412.7 427.6 434 437.6 441 443.4 445.7 447.6 449 451.2 453.5 455.6 457.1 459.9 463.2 466.5 469.1 470.9 472.7 474.5 476.1 477.5 478.1 478.6 479.1 479.5 480.8 481.7 482.4 483.5 484.8 486.2 485.7 483.8 480.8
357.5 351.3 351.4 350.3 350.8 350.5 350.3 350 349.7 348.4 348.5 349.4 349 349.2 349 349.4 348.8 343.5 339.6 339.9 342.1 345.6 348.9 352.2 350.4 349.1 348.4 346.8 339.3 343 350.9 354.1 358 359.1 361 365 367.3 370.7 374.6 378.4 382.8 392.4 399 408 419.5 433.2 437.4 440 442.4 444.3 445.9 446.9 449.2 451.6 453.8 455.5 458 460.8 464.1 466.9 468.6 470.4 472.1 473.5 475 475.5 476 476.5 477.5 478.9 479.8 480.5 481.1 483.1 484.4 485.3 484.3 481
357.4 355 352.9 353.3 350.8 350.4 350 349.7 346.7 335.5 336.4 341.2 344.3 344.4 345.2 348.4 349.2 337.7 332.6 335.5 338.5 341.5 345.3 345.9 342.8 342.2 341.7 341.6 336.9 343.4 349.6 352.5 354.6 357.2 359.4 360.9 363.5 366 370.7 375.5 381 387.9 393.6 400.9 410.8 428.6 435.4 439.2 441.3 442.8 443.9 445.2 447.6 450.1 452.2 453.9 456.6 459.3 462.1 464.6 466.4 468.1 469.6 471 472.4 473 473.8 474.3 475.6 477 477.5 478.1 478.9 480.8 482.5 484.1 484.8 481.4
362.3 357.5 352.7 352.6 353 350.2 349.7 349.1 348.4 331.1 321.9 324.5 329.8 328.1 329 336.7 338.4 328.9 328.8 331.3 334.1 336.6 338.2 337.3 334.9 335.3 336 334.7 332.9 341 346.1 349.6 351.9 352.8 349.7 357.1 359.6 364 367.1 372.3 378.6 384.4 390.3 396 404.1 416.8 432.8 438 439.6 441.3 442 443.6 445.8 448.2 450.1 452.3 455.3 458.2 460.8 462.7 464.4 465.7 467.1 468.6 469.9 470.6 471.4 472.4 473.7 474.7 475 475.7 476.8 478.5 480.6 482.3 483.8 482.1
369.2 360.3 354.5 358.5 354.3 351.1 349.2 348.7 348.3 341.8 328.4 322.8 319 318.6 317.6 323.6 324.5 322.9 325.2 328.1 329.7 332.1 332.3 330.7 328.6 329.3 330.5 332.9 331.1 338.5 342.7 346.2 348.6 348.7 348.2 353.1 358.5 360.6 364.5 369.8 375.3 381.4 388.6 394.2 400.1 408.4 422.6 435.6 437.7 438.8 440 441.9 444 446.2 448 450.2 453.7 457 459 460.9 462.2 463.5 464.8 466.1 467.3 468.1 469.3 470.4 471.7 472.4 472.7 473.3 474.6 476.1 477.7 480.4 481.9 481.9
372.3 368.8 357.5 356.5 352.8 352.9 351.8 347.9 348 347.8 337.3 331.6 325.7 322.9 319.5 315.1 316.2 316.4 318 320.4 323.4 325.9 326.2 323.5 323.1 324.3 325.8 324.8 328.8 335.2 339.6 342.7 344.8 344.1 345.9 351.1 354.9 357 364 364.8 372.2 377.5 385 391.7 397.3 404.2 413.6 426.9 431.9 433.4 436 438 441.3 444.1 446.3 448.7 451.9 455.1 457.3 458.6 459.9 461.2 462.5 463.8 465.1 466.2 467.4 468.6 469.8 470.1 470.4 470.7 471.6 473 474.5 476.2 477.9 478.5
374.2 373.1 364.2 353.2 352.8 353.1 352.9 351.8 348.4 344.3 341.2 337.3 333.5 332 330.4 326.3 321.6 315.7 312.5 312.3 314.6 315.1 318.8 319.4 318.9 319.4 320.3 322.3 326.3 331.4 335.9 338.8 339.2 340.2 343.9 349.1 353.2 357.2 362.6 364.6 365.7 374.4 381.2 387.9 395.1 403.2 408.5 416.6 424.6 428.9 431.5 433.7 438 442.4 445.1 447.5 450.1 453.1 455.1 456.3 457.6 459 460.2 461.7 463.3 464.5 465.7 466.7 467.5 467.8 468 467.8 468.4 469.5 471.1 472.8 474.4 474.6
376 375.3 374.7 360.6 353.6 353.3 353.1 352.5 351.6 348.5 346.4 344.6 341.2 339.9 337.6 333.2 322 323.1 316 309.2 309.4 308.7 310 313.1 314.3 314.1 315.5 318.8 323.1 326 332.1 334.3 334.2 337.4 341.7 346.2 350.8 356 359.3 364.1 365.3 373.1 378 384 388.6 401.5 405.7 410.1 416.2 422 427.4 429.9 433.5 439.7 443.6 446.1 448.6 450.8 452.7 454 455.3 456.6 458.1 459.9 461.6 462.7 463.7 464.6 465.3 465.6 464.9 464.7 465.1 466.1 467.6 469.4 470.8 471.3
384 378.8 377.7 373.2 360.2 355.7 353.6 354 354.2 353.4 352.3 348.4 346.4 344.5 342.4 338.3 334.9 331 325.3 317.1 309.7 305.6 306.1 307.8 308.7 310 311.9 315.7 318.9 321.1 325.6 328.9 330.3 333.6 338.3 343.2 348.8 354.3 358.2 360.3 364.7 370.6 373.3 378.9 387.7 398.2 403.2 407.9 411.7 415.1 421.3 425.9 430.6 434.3 441.1 444.2 446.4 448.3 450.2 451.7 452.9 454.7 456.5 458.3 459.6 460.6 461.6 462.5 463 462.7 461.9 461.2 461.8 462.5 464.2 465.8 467.2 468.1
385.2 383.2 380.3 377.7 367.1 365.4 358.6 357.5 357 356.1 354.9 354 350.9 347.8 347.3 344.2 342 337.1 332.3 325.6 319.1 313.5 305.5 302 305.4 306.8 307.9 311.7 315 317 320.4 322.7 325.9 330.4 334.8 339.8 346.7 352.3 356.6 358.8 362 368.3 373.1 377.2 383 389.4 395.7 403.5 408.6 411.9 414.4 419 425.6 430.8 438.3 442 443.8 444.5 445.6 447.4 449.5 451.9 454.5 456.2 457.3 458.4 459.4 460.4 460.3 459.7 458.8 457.8 458.3 459.4 460.2 461 462.3 463.9
389.9 387.6 383.8 379.2 372.9 366.3 365.4 362.4 361.4 359.4 357.8 356.3 355 354 349.5 346.4 346.3 343.2 339.8 334.4 327.5 323.2 317 310.3 303.6 303.8 303.5 307 310.2 311.7 313.6 316 322.7 327.5 331.6 338.4 344.7 349.6 353.9 356.5 359.6 364.6 369.1 374.1 379.4 383.6 387.4 397.8 403.4 408.1 410.3 414.1 418 427.1 433.5 438.4 439.3 440.6 441.9 443.8 446 448.3 451.2 453.5 455.1 456.2 457.2 457.9 457.5 456.6 455.6 454.7 454.9 455.8 456.6 457.3 457.9 458.1
399.8 397.2 391.1 383.9 379.7 374 371.5 367.9 364.9 363.1 361.2 359.8 357.7 355.7 354.5 353.2 350.3 345.7 344.7 340 335.5 331 324.4 321.4 316.7 309.7 301.1 300.3 298.6 298.7 306.3 312.2 317.2 323.7 329.1 335.2 341.2 345.8 348.5 350.1 355.9 361.9 366.3 370.8 374.5 379.2 383.8 389.4 393.6 399 405.4 410.1 414.1 418.5 427.1 431.9 434.6 435.8 438.2 440.4 443.1 445.1 447.9 450.5 452.2 453.8 454.6 454.5 453.9 452.9 452.2 451.6 451.5 452.2 453 453.6 454 454.3
405.6 402.6 397.1 390.5 383.9 379 377 373 369 366.1 364.6 363.1 361.4 359.6 357.8 356.3 354.9 352.1 348.1 343.3 340.5 336 331.5 327.5 323.1 315.8 309.3 299.2 297.1 296.7 297.5 302.8 309.9 318.2 324.2 329.9 335.9 341.6 344.4 347.6 352.2 357.5 361.5 366.8 370.6 374.6 379.3 385.3 389.1 392.1 397.1 402.9 407.2 411.5 416 419.4 424.2 428.3 431.5 434.7 438.8 442.2 445.3 447.5 449 450.6 451.1 451.2 450.4 449.8 449.1 448.5 448.4 448.6 449.3 449.8 450.4 451.3
408.1 404.8 399.6 393.1 385.8 383 382 378.4 374.9 371.4 368.7 366.7 365.3 364.1 362.3 360.3 358.7 356.8 353.6 349 343.5 340.2 335.8 333.5 327.6 323.8 318.8 313.4 298.6 296.4 293.4 292.2 300.2 312.8 315.4 322.6 328.2 334.7 339 343 346.5 351.6 355.4 361.1 364.1 369.4 376 380.6 384.4 388.2 391 395.4 398.7 402.3 407.3 412 417 421.3 424.8 428.3 432.8 436.9 442.5 444.4 445.4 446.6 447 447.2 447.3 446.7 446 445.4 445.3 445.3 445.5 446.3 447 448.3
409.5 405.5 400.9 393.7 388.8 388.1 387.6 384 379.6 376.2 372.4 369.3 368.4 367.3 365.5 364.3 362.4 360.5 356.5 354.7 349.4 344.9 339.8 336.2 333.5 328.4 324.5 318.7 310.3 302.7 302.4 293.9 292.6 297.2 306.2 313.7 319.7 325.5 330 334.3 338.7 344.5 348.8 352 357.5 363.7 369.9 374.7 379.1 383.6 385.3 389 392.8 397.1 399.2 403.5 408.3 414.3 418.9 422.9 427 430.6 434.5 437.7 439.9 442.1 442.7 443.5 444.2 442.9 442.7 442.3 442 441.6 441.1 442 442.8 443.8
410.6 406.5 401.5 394.1 392.7 392.5 391.7 390.2 386.1 381.9 377 373.1 370 368.5 367.6 367.2 364.6 361.3 358.9 356.3 353.9 349.6 345.9 340.1 339.2 334.9 329.1 321.9 317.4 312.7 308.6 303.5 294.8 291 290.3 301.1 310.2 316.8 318.3 324.7 328.6 333.8 339.9 346.6 350.9 357.8 364.3 369.5 374 376.8 380.5 382.5 386 389.6 392.9 395.8 399.6 406.7 412.5 416.8 421.4 425.3 429.4 432.8 435.8 438.4 439.9 440.9 441.5 440.6 439.3 438.2 438 437.7 437.3 437.5 437.7 437.8
412 407.8 402.3 398.5 397.1 395.4 396 394 390.6 388.2 381.2 378.2 374 370.7 369.4 367.8 364.1 362.7 359.8 356.9 355.1 351.8 349.6 347.2 340.7 339.6 333.5 329.2 322.9 317.5 312.4 306.1 299.6 293.5 288.2 289.2 295.8 301 308 312.1 318.9 325.7 331.2 338 344.8 350.7 357.6 363.5 368.5 373.3 375.9 378.4 381 384.3 388.3 390.3 394.9 399.7 405.7 411.7 415.8 420.4 425.1 428.8 432.7 435.3 437.5 438.4 438.8 438.4 436.5 434.5 433.7 433.4 433 432.3 431.8 431.7
419.7 413.4 407.5 404.3 402.9 400.4 397.6 396.2 394 392.2 386.4 382.6 379.2 374.3 374.6 372 366.9 365.2 361.5 358.4 357.3 356.6 353.9 352.6 347.7 341.1 339.2 336.8 330.1 323.7 319.3 311.8 302.9 297.8 293 289.5 287.2 292.4 295.4 306 310.4 314.2 321.8 328.7 336.8 343.8 350.7 358.2 363.7 368.6 370.5 373.7 376.2 379.7 383.4 386.4 390.2 394.1 400.6 406.2 410.9 415.7 420.7 426.3 430.6 433.8 435.7 437 436.9 436 433.6 431.3 429.9 429.1 428.4 427.6 426.8 425.9
