Assets/StreamingAssets/GeoData/Data/so/SO24.asc
ncols 200
nrows 200
xllcorner 320000
yllcorner 240000
cellsize 50
[rows 140 to 174 of 200, columns 0 to 79 of 200]
196.5 195.8 194.6 193.3 191.8 184.6 179.9 179 179.6 171.8 163.6 155.5 144.7 133.5 120.8 108.9 102.9 97 94.3 91.8 91.9 91.9 86.4 78.8 78.5 78 77.7 77.5 77.5 77.6 77.6 77.4 77.8 77.5 77.4 78 77.1 77.8 77.5 76.9 76.8 76.5 76.4 81.4 91.2 102.2 111.1 112.5 111.8 110 108.2 106.5 105.3 103.9 101.2 99.2 96.5 91.7 82.9 70.8 72.3 74.9 78.3 78.9 79.5 80.9 81.9 83 84.2 85.8 88.1 91.2 94.7 102.5 110.5 117.6 121.8 121.2 119.8 118.2
193.9 193.2 192.7 191.8 191.2 189.4 185.2 178.8 166.4 160.9 154.2 143.3 131.5 119.8 107.7 99.2 95.5 92.8 91.8 91.5 91.5 91.2 81.5 78.3 78.1 78.2 78 78 78 78 77.9 77.4 77.8 77.6 77.5 77.5 77.1 76.8 76.8 76.6 76.6 76.5 76.6 82.7 94.1 106.7 112.1 111.2 109.3 106.6 105.6 104.5 103.3 102.2 100.5 98.1 94.9 90.4 74.4 70.8 74.2 75.5 77.5 78.1 80.3 81.7 82.8 84 85.2 86.3 89.4 92.6 97.8 105.6 113.4 120.1 122.9 122.3 121.1 120.5
190.5 188.3 185.7 182.4 187.8 182.6 178.3 170.3 157.9 147.8 142.3 130.9 119.2 108.7 97.5 95.1 93 91.5 91.1 91 91 88.5 78.9 78.3 78.4 78.4 78.5 78.6 78.6 78.5 78.2 77.7 77.4 77.2 77.5 77.5 77.2 77 77.2 77 76.8 76.7 77 86.5 97.7 106.6 110.5 108.5 106.1 103.6 102.9 101.6 101.1 99.9 98.6 96.2 93 89.3 70.9 71.3 74.6 77.2 78.1 79.6 80.5 82.2 83.7 84.8 85.9 87.9 90.7 94.4 101.3 108.9 115 121.2 124.3 123.9 123.3 122.9
190.3 187.6 186.7 183.9 174.1 172 170 161.9 151 134.8 130.6 120.5 110.3 99 95 93.9 91.6 90.9 90.5 90.3 87.2 82.3 78.8 78.9 78.9 78.8 78.7 79.1 78.8 78.4 77.7 77.5 77.3 77 77.2 77.6 77 76.9 77.2 77.3 77.1 77 77.3 87.1 98.4 104.4 105.4 104.7 102.6 99.7 100.4 98.6 98.6 97.4 96 93.8 91.6 89.2 70.8 72.1 74.7 77.6 78.4 79.4 80.8 82.7 83.9 85 86.5 88.8 91.6 95.5 102.2 108.5 115.1 121.1 125 125.6 126.1 126.2
188.6 186.5 185.2 182.9 180.2 172.7 156.2 154.4 143.1 127.8 117.8 111.1 102.7 96.2 92.1 89.4 88.2 88.9 88.3 86.1 82.3 78.9 78.9 78.9 78.9 78.9 78.9 78.8 78.5 77.9 77.2 77.4 77.1 76.8 76.7 77.3 77 76.8 77 76.6 76.2 77 77.1 85.9 96.5 100 101.3 98.4 97.3 96.4 96.4 96.2 95.9 94.5 92.4 90.6 88.6 78 70.9 74.5 75.7 76.4 78.2 80.5 82.4 83.2 84.5 85.7 87.8 90.2 92.4 96.4 102 108.2 114.7 120.8 125.3 127.7 128.8 129.7
185.2 183.1 182.2 180.7 178.1 169.4 155.4 141.2 130.9 119.4 110.7 102.3 96.4 91.4 87.7 84.7 84.3 85 86.1 82.4 78.6 78.7 78.7 78.4 78.3 78.4 78.7 78.7 78.7 77.9 77 77.3 76.9 76.7 76.5 77 77.4 77.2 77 76.5 76.1 76.6 76.7 77.1 95.3 98.1 95.9 96 94.6 93.1 93 91.7 89.8 90.6 88.6 86.8 78.8 72 70.9 77.2 77.6 76.7 75.4 79.8 82.9 84 84.8 86.2 88.8 90.6 92.6 96.5 102.1 108.3 114.2 120.2 124.8 127.4 129.8 131
178.8 179.3 178.6 176.3 170.6 161.9 151.7 129.1 121.5 111.6 104.3 97.2 90.5 88.9 84.4 81.2 80.1 79.6 80.2 78.3 78 78.5 78.6 78.5 78.2 78.2 78.5 78.6 78.6 78.6 78.6 77.2 77.3 77.1 76.8 76.7 77 77.1 76.9 75.4 73.3 72.5 72.6 72.1 92.5 95.1 94.5 92.9 91.5 90.2 89.6 88.6 87.4 85.2 84.9 78.4 73.2 70.9 75.4 81.9 84.3 83.5 78.2 79.8 81.2 85.1 85.5 86.2 88.2 90.5 92.5 96.4 101 106.3 112.8 117.2 122.1 126.3 128.8 130.8
174.7 174.5 175.2 169.8 163 151.9 142.3 129.7 114.7 106.6 99.7 94.2 89.4 84.2 82 80.3 79.5 79 78.4 78.4 78.3 78.5 78.7 78.4 78.1 78.2 78.3 78.5 78.5 78.7 78.6 77.5 77.4 77.5 77.2 76.7 76.5 76.6 75.8 73.3 75.9 76.3 75.8 72.1 82.6 91.7 91.5 90.2 89.1 87.9 86.8 85.6 84.6 82.8 79.3 75.2 71.2 71.1 84.5 85.2 91.6 90.9 85.4 79.8 79.2 80.4 85.3 87.2 88 90.7 93.3 97.2 100 104.3 110.9 115.4 121.2 124.7 126.8 128.4
170.6 168.6 167.3 162.4 152.5 143.3 132.2 121.5 111.2 101.1 95.3 90.5 83.5 81.1 79.8 79.3 77.9 77.3 77.4 78.1 78.2 78.3 78.6 78.8 78.1 78.2 78.3 78.5 78.7 78.6 78.5 77.7 77.1 77.7 77.4 77 76.8 76.6 73.3 77.1 77.4 76.7 76.3 72.1 77.3 89.7 89 87.8 86.6 86.1 84.8 83.6 82 79.7 75.6 72.8 71.2 79.1 86.2 88.7 91.3 92.9 92.1 81.9 76.9 80.3 86.5 86.2 88.6 91 93.1 96.6 99.6 103.6 108.4 114.3 118.7 121.8 124.1 125.2
166 163.7 161.5 154.2 145.2 134.4 124.9 114.1 105.2 97.9 91.3 85.7 80.8 79.8 79.2 77.4 77.5 77.5 77.4 77.5 77.8 78 78.6 79.2 78.6 78.1 78.2 78.4 78.7 78.5 78.4 78.1 77 77.6 77.6 77 76.8 76.8 73.3 79.9 84.5 76.7 76.1 72.4 73.2 87.8 87.3 85.6 85.8 84.4 83.3 82.1 80.2 77.4 75.2 71.3 76.3 88.8 89.1 91.6 92.6 93.2 93.5 86.8 82.3 81.6 87.5 89 89.3 91.1 93.9 95.7 98.1 101.5 105.7 111.2 114.8 118 120.5 122.2
163.6 160.6 152.5 146.6 138.8 126.4 115.6 107 99.3 92.8 81.1 81.5 79.7 77.6 77.4 77.6 77.6 77.6 77.6 77.6 77.7 77.9 78.5 79.1 79.4 78.8 78.3 78.2 78.3 78.4 78.2 78.4 77.7 77.5 77.7 77.2 76.6 76.3 73.3 87.9 86.2 80.9 77.1 74.6 72 81.5 86.2 85.4 84 83.9 82.9 80.4 78.1 75.8 71.3 72.3 89.8 91.7 90.6 91.3 94 94.5 94.2 89.7 79.2 84.6 88.1 89.9 90.9 92.3 93.7 95.1 96.7 100.8 104.8 108.6 112.1 115.6 118.3 119.2
158.7 156 147.8 138.7 128.4 117.2 107.1 99.5 95.8 84.3 80.5 79.5 77.9 77.9 77.4 77.4 77.5 77.4 77.5 77.5 77.6 77.7 78.3 79.3 79 79.3 79 78.7 78.4 78.2 78.2 78.1 77.5 77.3 77.8 77.4 76.9 73.3 77.4 87.9 88.3 84.4 79.3 74.9 72 76.5 83.1 83.6 84.1 82.9 80.9 79 76.2 71.3 71.3 87 92.5 93.3 92.6 94.5 95 95.7 94.6 93.4 81.3 85.3 88.5 90.8 91.8 92.5 94.1 95.5 97.3 99.9 102.9 106.4 110.2 113.5 114.7 114.1
154.2 149.9 139.8 127.3 116 106 99.6 94.8 87.8 80.5 77.8 78.2 78.4 78 77.5 77.3 77.3 77.3 77.4 77.5 77.6 77.7 78.6 79.4 78.9 78.7 79.3 79.1 78.7 78.3 77.9 77.7 77.4 77.2 77.3 77.4 76.9 73.3 81.3 87.3 88.5 85.2 79.2 78.3 72 72 80.2 79.9 79 77.9 77.5 77.1 72.1 71.3 85.1 93.6 95.6 97.8 98.5 98.1 99.3 99.2 95.9 94.5 83.2 79.5 88.9 91.3 93 93.3 94.2 95.6 97.3 99.8 101.8 104 105.8 107.4 108.5 111.4
147.2 140.9 129.2 116.6 107 100 95.1 84.7 79.6 78.2 78.4 78.6 78.5 78 77.6 77 76.8 76.9 77.5 77.5 77.6 77.7 78.3 79.3 78.8 78.5 78.9 79 78.7 78.4 77.9 77.5 77.3 77.1 77.1 77.3 76.6 73.3 84.7 87 86.6 84.4 81.8 80.5 76.1 72 75.5 76.8 76.6 77.4 77.1 72.9 71.6 82.7 95.2 98 99.8 102.9 107.7 106.1 105.3 102.9 100.3 94 89.6 84.2 90.2 92.4 94 94.6 95.4 95.8 96.8 99.2 100.5 101.9 106.3 109.1 112.6 115.6
134.7 128.1 117.4 108.4 100.8 94.6 81.2 78.3 77.9 78.1 78 78 78.2 77.9 76.5 76.8 76.1 76.5 77.3 77.6 77.7 77.6 78.4 79 78.7 78.7 78.6 78.9 78.6 78.1 77.6 77.1 77.4 77.4 77.1 77 73.3 75.4 85.8 86.6 85.8 86 87.3 86.3 81.4 75.3 72 75 75.3 72 73.7 71.3 81.8 95 99.5 100.8 101.8 103.5 107.2 104.9 102.2 99.9 97.1 95.1 93.8 88.8 86.5 92 94.8 95.5 96.2 97.1 98 98.7 102.6 104.4 106.3 110.1 114.2 117
120.6 113.2 105.9 99.8 85.1 79.3 77.8 78.5 77.8 77.8 77.3 77 76.9 76 74.8 73.8 72.7 75.3 76.3 77.7 77.2 77.4 78.6 78.6 78.7 78.7 78.8 78.8 78.7 77.8 77.3 77.3 77.8 77.5 77.2 75.8 73.3 86 87.8 87.1 86.5 87.2 88.8 89.3 88.1 83.3 81.4 72 72 72 72.7 82.7 93.6 97.2 100.6 101.3 104.6 104.4 102 101 100 97.8 96.4 96 94.2 92 86.6 88.7 95.8 96.9 97.3 98.1 97.9 99.1 102 104.2 106.1 109 112.5 116.5
108 102.7 92.8 82.4 78.5 78.1 77.4 73.2 73.5 73.5 73.5 73.5 73.5 72.5 73.4 75.9 75.6 75.4 71.6 71.6 71.6 73.2 76.3 78.6 78.7 78.8 78.7 78.8 78.3 77.9 77.7 77.6 77.7 77.3 76.2 73.3 79.8 88.1 88.8 87.7 86.7 88.4 89.2 89.4 89.7 90.1 90.3 91.1 91.2 87.4 89 89.8 91.5 95.1 97.1 100 101.8 100.6 98.8 98 97.4 96.8 96.8 97 97.1 94.9 89.8 88.2 96.6 98.1 98.5 99.2 101.2 105.3 105 106.2 108.7 110.9 113.5 116.8
94 84.1 79.5 75.1 73.2 73.2 73.7 74.7 74.3 76.9 77.2 77.2 77.6 77.8 78.5 78.2 78.5 78 78.1 78.2 77.8 77 73.5 73.5 73.5 78.2 78.5 78.1 77.7 77.8 77.9 77.9 77.3 76.3 73.3 74.5 89 90 91.7 88.9 88.7 88.5 89.1 90.8 91.8 91.3 92.7 93.1 93.7 92.9 91.7 93.1 91.5 94.5 96.4 98.7 98.2 98.1 97.2 97.4 97.5 97.6 97.7 97.8 98.2 97.5 88.5 92.4 93.4 99.1 100 100.4 103.3 105 106.3 108.1 111.7 114.5 116.3 118.4
73.2 73.3 73.3 74.6 75.5 76.1 76.9 77.5 78 78.5 78.3 78.9 79 77.1 77.5 77.6 77.7 77.7 78 78 77.4 78.1 77.4 77.5 76.5 73.5 73.5 77.2 77.6 77.7 77.7 76.7 75.7 73.4 79 94.8 91.4 90.2 90.6 90 89.6 89.7 91.5 91.4 92.3 92.9 93.3 94 93.5 93.4 93.5 93.1 93.5 92.1 95.5 95.9 96.8 96.8 96.9 98 98.1 98.4 98.6 98.8 99.3 98.4 88.2 94.2 95.2 100.1 100.9 101.5 104.5 105.7 106.7 110.4 114.7 117 118.5 120.1
75.4 78.5 78.8 78.4 78.3 78.5 78.4 78.4 78.6 78.4 78.4 78.9 79 77.4 76.9 77 77.1 77.2 77.4 77.2 76.9 77.4 77.6 77.5 77.3 77.6 76.9 73.5 73.5 76.9 77.1 76.1 73.5 82.8 92.5 95.4 92.3 91.2 91.7 91.4 91.3 91.9 92.7 92.8 93.2 94.7 94.1 94.5 94.8 94.7 94.3 94.9 95 93.9 95.8 95.9 96.1 94.2 96.6 98.2 99.4 99 99.2 100.1 100.4 100.7 95.5 88.9 97.2 98.1 102.5 102.8 104.6 106 108.4 111.3 115.4 118.8 120.8 122.7
79.2 79.6 79.5 79.5 78.8 78.3 78.9 79.5 79.3 78.3 78.1 78.6 78.5 78.3 77.2 76.8 76.8 76.9 76.9 76.6 76.3 77.2 76.5 77 77 77 76.7 76.9 76.5 73.5 73.5 73.5 86.5 91 95.7 97.2 92.2 92 92.1 92.1 92.3 92.9 93.3 93.9 94.8 94.8 94.5 94.5 94.9 94.7 94.2 94.7 94.1 95.2 97.2 97.3 97.9 97.7 96.2 98.4 99.4 99.5 100.3 101.2 102 102.2 101.9 101.9 93.9 98.8 103.3 104.3 106 108.7 110.4 113.4 116.2 119.8 123.1 125.7
79.4 79.4 78.9 78.6 78.3 78.4 79 79.5 78.6 78.1 78.1 78.1 78.2 78.3 77.7 77.4 77.1 76.8 76.9 76.8 76.4 77.1 76.7 76.7 76.7 76.6 76.7 76.9 76.2 76 78.5 88 90.1 92.5 96.1 96.7 92.4 92.6 92.9 92.7 92.5 93.6 94.9 95.9 95.4 94.9 94.6 94.8 94.8 95.3 94.8 95.5 95.7 95.7 97.4 97.6 97.9 98.2 98.3 98.7 99.8 101.2 101.6 102.2 103.1 103.6 103.8 103.9 95.3 99.8 105.3 106.7 110.1 113 114.5 117.5 119.7 120.6 125.1 127.7
79.3 78.8 78.6 78.8 78.7 78.7 79 79.4 78.1 78.4 78.7 79 78.9 78.7 78.2 77.8 77.4 76.9 76.9 76.9 76.7 77 76.8 76.6 76.5 76.4 76.3 76.4 76.6 84.6 89.3 90.4 90.9 92.4 95 94.7 92.8 93.3 93.7 93.6 93.3 94.8 95.6 95 95.1 95.4 95.2 94.5 95.4 96.1 96.2 96.4 96.9 96.9 98.1 98.7 99.1 98.9 99.8 100.4 100.6 102.6 103.2 103.8 104.2 104.8 105.2 105.3 100.1 101.3 105.8 109.3 112.7 116.5 117.9 121.3 123.2 125.4 127.6 129.2
73.7 78.5 78.8 78.7 79.3 78.7 78.9 78.8 78.5 79 79.4 79.8 79.3 78.6 77.5 77.7 77.3 77 76.6 77.1 77 76.9 76.7 76.5 76.5 76.6 76.6 78.9 87.2 89.4 91.6 92.2 92.7 92.4 92.6 92.8 93.7 94.5 94.9 95 94.3 95.7 95.4 95.6 95.7 95.7 95.5 95.6 96.2 96.6 96.9 96.8 97.3 98 98.8 99.5 100.1 100.8 100.8 102.3 102.4 104.3 104.8 105.2 105.6 106.7 107.1 106.3 101.1 104.8 107.3 112 115 118.3 119.4 122.5 125.8 129.1 130 130.8
73.7 73.7 78.4 78.1 78.2 78.4 78.4 78.5 78.6 79.3 79.6 78.8 78.5 78.5 77.1 76.9 77.1 77.6 77.5 77.3 76.9 76.7 76.5 76.4 76.5 77 87.1 88.9 90.9 93 93.3 94.2 94.3 93.1 94.9 96.1 96.4 95.9 96.1 96.3 95.4 96.2 96 96.8 97 96.5 96.4 96.8 97.2 96.8 97.3 97.7 98.3 99 99.7 100.3 101 101.7 102.7 105.2 105.5 104.7 106.9 107.4 109.5 109.7 109 107.9 101.3 108.2 109.1 113.7 119.3 119.5 121.6 124.3 127.9 130.4 131.7 133.1
76.1 73.7 78.1 78.3 78.4 78.5 78.9 79 78.6 79.2 79 78.9 78.7 78.4 77.7 75.6 77.2 77.5 77.2 76.9 76.8 76.4 76.3 77.1 79.4 88.8 91.1 92.2 95 96.2 96.5 96.3 97.3 98.6 99.5 99.3 98.7 98.2 97.8 97.2 96.5 96.8 97.1 97.2 97.2 97.1 97.4 97.7 98.1 98.7 98.7 98.9 99.7 100.5 101.8 102.2 102.6 105.2 107.9 110.1 110.8 110.1 111.3 112.9 114.3 113.9 112.1 110 103.3 108 109.6 113.7 119.8 121.6 124.5 127.4 129.9 132 133.7 135.1
76.9 76.3 74.3 78.4 78.6 78.6 79.4 79.4 78.9 78.7 78.5 78.3 78.5 78.5 78.1 77.8 77.1 77.3 77 76.7 76.5 76.2 77.3 83.3 89.3 91.7 93.4 96.7 99.4 100.2 99.2 100.5 102.3 103 102.9 102.1 101.1 99.8 98.8 98.1 96.9 97.3 97.4 97.5 97.6 98 98.3 99 99.8 100.5 100.7 100.5 101.3 103.6 104.7 105.5 107.5 110.7 113.5 115.3 115.4 114.8 115.8 116.4 116.4 115.9 114.9 112.7 103.2 109.3 111.8 115.3 120.7 124.5 127.8 131.1 132.5 133.5 135.4 137.6
77.3 76.9 73.7 78.4 78.5 78.6 79 79.3 78.7 78.9 78.8 78.4 78.6 78.5 78.3 77.9 77.6 77.5 77.2 76.9 76.6 77.4 84.7 89.3 90.9 92.6 95.1 100.5 103.7 103.5 104.8 106.5 108.7 107.4 106.1 104.5 102.3 100.9 99.1 98.1 96.7 97 97.2 97.1 98.5 99 100.5 101.7 102.8 103 102.8 103 104.3 107 108.2 109.5 112.6 116 118.8 120.5 118.7 115.3 116.4 118.2 118.2 118 117.9 117 114.4 107.1 111.6 115 120.6 127.2 130.7 133.3 133.4 135.3 136.8 140.1
77.6 76.6 73.7 78.3 78.5 78.6 78.9 78.9 78.7 78.7 79.3 79 78.6 78.4 78 77.4 77.9 77.8 77.9 77.7 78.1 85.7 89.4 90.6 92 93.4 97 102.2 105.6 106.7 109.2 112.1 112.7 111 108.1 105.5 103.4 100.9 99 98.2 96.7 97.1 97 97.9 99.3 100.4 102.4 104.2 105.7 105.4 104.2 104.2 107.5 110.2 112.8 114.9 118.1 121.4 124.1 123.3 119.2 120.9 121.7 122.1 122.7 122.8 122.8 123.1 120.5 109 112.4 114.7 120.7 128.9 132.2 134.6 135.6 136.5 139.5 143.5
77.9 73.7 78.4 78.9 78.7 78.7 78.9 79.1 78.8 78.5 78.9 79 78.7 78.6 77.9 77.9 78.1 78.4 78.6 78.7 88.2 89.2 90.4 91.6 92.5 94.3 97 102.9 106.2 110 113.6 115.3 113.8 111.7 109.1 106.5 103.6 100.6 98.9 98.4 98.3 98.3 98.6 99.5 100.7 102.7 105.6 107.2 106.7 106.1 106.6 109 111.6 115 118.2 121.2 124.1 126.7 126.2 121.4 124.2 124.9 126.7 128.4 130.7 131 130.3 128.4 121.6 114.8 111.8 115.4 120 129.5 134 136.2 137 138.6 141.3 144.5
77.3 73.7 78.7 79.3 79.5 78.9 78.5 78.6 78.6 78.5 78.6 78.8 78.1 77.9 78.2 78.9 78.5 79.4 81.6 83.1 87.2 90.2 90.8 91.9 93.1 94.3 96.5 101.4 106.4 111.5 116.1 115.1 112.5 110.6 108.3 105.5 102.4 100.1 99.3 99.2 99 99.7 100.1 101 103.2 106.4 110.5 108.1 108.4 109.8 111.7 113.7 116.7 120 123.4 126.6 129.2 129.4 124.8 127.5 128.9 131.2 132.9 134.8 134.9 134.1 131.2 119.9 117.4 125.8 116.2 114.9 119.4 132.6 136.3 138.5 139.6 141 142.6 145.7
73.7 78.3 79.3 79.7 79.5 79.7 79.6 79.1 78.4 78.5 78.6 78.5 78.2 78.3 78.2 78.6 78.8 80.9 84.4 86.5 87.8 89.1 91.1 92.2 93.5 94.9 97 101.1 105.8 110 112.8 111.3 109.7 107.9 106 103.1 101.6 100.2 99.8 99.6 99.9 100.9 102.2 103.6 105.9 109 111 111.1 112 113.9 116.2 117.7 122 126.3 130 132.1 133.1 131.1 127.4 130.6 133.1 134.4 135.7 136.5 135.5 132.3 132.1 133.4 130.4 131.1 131.5 112.6 116.6 124.3 135.6 141.4 142.1 145.6 146.7 146.6
77.4 78.8 79.8 79.5 79.3 79.4 79 78.3 78.5 79 79.1 78.6 78.2 78.4 78.4 78.7 81.3 86.1 86.5 84.4 87.9 89.1 90.1 91.6 93.3 94.3 96.1 99.8 103.4 106.5 107.7 107.5 106.3 106.1 103.8 101.6 100.5 99.7 99.9 100.6 101.5 102.8 104.8 106.3 108.2 110.8 113.3 114.6 116.5 120.1 120.7 125.8 130.3 132.7 134.9 135.1 134.7 133 132.1 131.1 133.3 137.5 139.2 139.9 138 129.7 134.3 136.9 138.1 138.9 138 124.8 119.2 117.7 118.3 123.2 132.6 140.1 145.1 141.9
78.6 79.5 79.6 79.2 78.9 78.8 78.5 78.6 78.7 78.9 79.3 78.8 78.2 78.7 78.7 79.3 84.7 88 88.9 88.6 89.2 91.2 91.7 93 93.9 94.9 96.3 97.6 99.8 102.1 103.2 103.6 103.7 103.6 102.7 100.4 100.5 100.5 101 101.9 103.6 105.9 107.5 109.5 111.8 114.7 118.2 122.3 121.5 126.8 129.7 133.5 136.1 137.4 137 137 136.8 137.7 136.9 133 139.6 141.7 143.5 144.3 142.9 133.9 142.3 141.3 141.3 142.7 143 136.6 127.9 127.4 127.6 124 123.7 122.4 125.5 131.8
79.5 79.6 79.5 79.2 79 78.6 78.6 78.9 78.9 78.6 78.6 78.2 78.9 79.3 79.3 81.4 87.5 89.9 91.1 91 90 92 92.8 93.5 94.4 95.6 96.9 97.9 98.7 99.8 100.8 101.3 101.9 101.7 101.4 100.9 101.1 101.4 102.6 104.8 106.4 108.8 111.3 113.6 116.6 120 124.9 128.7 129.5 132.4 136.8 139.7 140.4 139.4 139 140 141.6 143.6 143.2 139.1 143.5 146 148.1 148.1 141.1 137.6 147.4 147.3 146.1 145 145.3 141.9 137.1 137.7 138 136.3 132.2 127.6 124.7 133.8
