Assets/StreamingAssets/GeoData/Data/so/SO30.asc
ncols 200
nrows 200
xllcorner 330000
yllcorner 200000
cellsize 50
[rows 148 to 184 of 200, columns 0 to 81 of 200]
132.4 127 120.7 114.9 108.7 104.2 100.5 94.9 89.6 85.6 85 72.8 72.8 76.9 77.1 73.9 72.2 71.9 71.4 71.3 71.7 71.7 70.9 70.3 69.5 68.7 67 66.9 65.8 65.7 65.3 64.7 63.7 70.9 65.6 65.7 65.4 66.3 68.8 73 77.3 78.9 79.4 81.1 80.5 78.2 76 76.8 80.5 80.7 84.7 90 92.4 93 88.1 82.3 86 87.6 88.7 86.4 80.9 78.2 75.6 69.2 59.5 56.2 55.5 59.7 62.1 58.7 53.8 50.7 46.3 45.2 53.8 55.6 55.4 51.7 50.8 50.3 50.5 50.6
132.7 127.1 120.4 114.9 109.2 104 99.6 95.7 91.1 84.6 83.2 74.6 72.3 73.2 77.1 73.9 71.8 71.8 71.5 71.5 70.8 70.4 69.5 70 69.6 69 67.6 66.8 66.3 65.5 64.6 65 69.3 68.4 69.5 69.4 70.6 73 74 77.4 82.4 88.9 91.3 89.9 85 80.5 78.8 82 86.4 88.9 92.5 98.6 100.7 97.7 92.8 86.8 88.3 87.8 87.4 85 79.5 75.8 75.6 71.6 65.4 58.9 56.9 55.6 55.7 54.3 51.8 50.6 47.3 45.7 49.1 54.7 55 52.1 50.7 49.5 48.7 48.4
131.6 125.5 119.8 114.4 108 104.3 99.1 92.3 89.1 82.6 81.3 79.6 72.6 72.4 75.8 71.9 71.3 71.5 71.8 71.8 71.9 70.5 69.6 69.1 68.4 68.7 67 66.2 65.4 64.5 65.2 66.5 71.2 71.9 71.5 74.1 76.8 78.5 81.1 80.7 88.7 96.6 99.5 93 85.5 84 84.8 87.8 92.2 96.5 100.2 105.7 105.9 100.9 94.5 91 88.6 86.9 85.7 83.6 77.7 72.1 70.5 66.3 63.9 60.5 55.3 53.7 52.6 51.6 50.5 48.6 46.9 45.1 45.2 51.9 55.2 52.9 51.1 48.7 48.9 48.3
128.7 124.2 119.6 114.9 111.9 103.7 97.7 92.2 87.1 82.6 80.1 79.9 72 71.5 71.7 71.6 71.5 71.6 71.7 71.7 71.8 68.7 69.3 68.9 67.5 66.4 66.3 64.9 64.4 66.4 71.8 72.4 75.5 80.3 79.7 81.6 82.9 84.3 86.5 90 92.6 96.1 99.3 92.7 93.6 90 88.5 91.7 98.2 104.7 108.6 107.8 104.9 105.5 99.6 90.3 86.1 85 83.8 83.4 77.8 70.7 67.1 62.3 59 57.5 54.2 51.8 51.1 49.6 49 48 46.4 45.4 44.9 48.8 51.9 52.5 50.6 48.9 48.3 46.8
127.4 122.9 118.7 112.7 107.2 101.9 96.4 89.9 86 82.8 81.8 80.5 72 71.3 71.3 71.7 71.8 71.8 71.4 71.6 71.8 71.3 68.2 68.4 67.3 66.8 64.9 64.9 70.5 74.6 73.2 82.4 88.9 92.9 90.4 88.1 88.5 89.5 92 97.1 101.6 103.2 105.8 100.8 101.5 94.8 97.1 97.2 102 111 111.5 109.1 108.9 107.9 99.1 89.2 82.3 81.8 80.8 80.6 76.5 69.9 64.4 59.3 56.4 55.2 52.1 49.9 49.3 47.8 47.2 46.1 45.3 45.6 45.4 43.6 48.9 50.8 49.9 49.1 47 48.3
128 120.7 115.6 111.5 104.4 100.7 96.7 92 87.5 85.9 83.9 81.5 76.5 71.3 71.2 71.6 71.8 71.9 71.4 71.5 71.7 69.2 68.7 68.7 66.2 65.6 65.6 69.2 75 75.8 83.8 94.6 91.2 92.7 92.8 93.1 93.9 94.5 98.3 103.2 108.6 112.9 111.8 110.2 108.5 110.3 108.8 103.3 111 114.1 114.8 113 112 105.8 96 86.6 79.6 76.1 77.3 77.7 72.4 67.5 62.2 58.1 55 52.8 49.7 49.8 47.9 48.2 46.2 46.3 45.3 44.7 44.6 43.2 43.2 46.8 48.9 47.2 47.3 53.9
127.7 119.8 114.6 108 103.6 99 93.1 89.9 88 87.3 85.2 82.4 78.2 72 71.6 71.7 71.5 71.8 71.6 71.8 70.7 68.5 69.1 69.6 69.9 67.7 67.7 71.3 75 81.5 86.4 94.5 94.1 94.2 92.9 93.6 95 98.9 103.2 110.3 117.1 120.8 117.3 120.9 121.1 123 119.7 117.1 118.1 119.1 117.2 114.5 108.1 100.8 88.6 78.9 75.8 70.6 73.4 72.8 70.5 64.3 57 53.9 51.8 58.7 63.9 62.2 58.8 53.3 50.8 47.6 46.1 44.7 44 43.7 43.1 43.8 45.4 45.3 47.1 53.9
129.2 122.4 115.6 108.3 103.3 99.8 94.3 92.2 91.3 89.1 86.7 83.8 80.4 72.1 71.9 71.6 72 72 71.7 71.2 69.4 67.3 70.3 70.5 69.5 70.2 70.4 71.5 81.2 82.7 81.1 90.4 96.7 97.3 96.9 94.1 96.5 100.5 105.3 113.6 118.2 119.9 124.6 127.4 129.5 128.4 126.7 125.8 124.4 123.5 118.9 107.2 98.4 88.1 78.8 71.9 71.4 66.2 68.7 65.3 61.6 56.4 53.5 55.5 61.8 70.1 75.4 75.6 67.1 59.9 53.2 50.3 47 45.8 45.7 43.6 43.3 42.3 42.3 42.3 45.4 49.6
130.1 124.4 118.2 111.3 106.3 102.2 99.2 96 93.3 90.5 87.3 84.6 82.8 79.1 76.5 77.3 75.3 74.5 71.6 70.2 69.3 70.6 70.3 70.5 70.2 70.5 70.6 74.9 73.8 81.5 80.9 81.9 93.8 90.8 95.4 95.7 98.1 102.3 109.7 112.1 113.7 119.4 126 129.9 128.9 123 126.1 128.4 122.3 114.6 103.3 92.3 85.4 79.6 76.6 72.7 68.2 61.4 58.5 59.3 56.4 54.1 56.2 64.3 75.5 78.4 79.2 77.6 70.5 62.7 56.3 52.4 50.1 51.9 45.4 44.1 43.6 43.7 43.4 42.5 45.2 45.6
128.4 124.1 118.9 114.7 110.5 105.6 101.5 97.1 94 90 86.8 85 83.2 81.6 81.9 80 77.6 75.9 72.3 70.3 69.6 69.1 70.6 70.5 70.2 69.9 76.4 71.7 72.4 74.4 79 85.1 85 89.6 91.5 95.7 98.9 103.2 105.9 107 113.5 117.7 122.8 122.2 120 114.3 115.1 115.9 108.3 98.3 87.3 82.7 78.6 75 73.4 71 65.8 64.2 69.3 69.3 59.4 54.2 67.5 80 85.8 85.8 82.4 78.9 74.2 66.8 61 55.5 52.8 50.3 46.2 45.3 50 50.7 46.7 44.1 44.6 44.9
127.9 124 119.5 115 110.3 106 99.8 95 91.7 88.2 85.2 82.6 81.9 83.7 83.6 80.8 79.1 76.8 73.7 70.6 68.4 67.7 70.2 69.9 70.3 74.2 75.7 74.9 72.5 74.6 76.5 80.8 84.7 87.5 93.2 95.7 98 101.7 101.4 108.4 107.9 112.8 119 120.7 119.5 115.3 100.8 97.1 88.4 83.6 79.5 76.3 73.6 71.5 70.2 66.2 66.9 71.7 72.9 70.1 58.1 65.5 76.9 82.8 87.3 87.8 84.7 79.6 75.2 68.3 62.1 56.4 53.7 48.9 46.5 46.9 51.7 56.3 58.7 54.9 46.2 45.2
130.2 123.5 118.2 114.2 109.9 105.1 99 95.1 90.6 85.9 83.4 81.1 80.7 82.8 82.2 80 79.1 78.1 71.2 70.2 68.1 67.6 71 70.4 71.4 74.6 78.9 79.1 75.3 77.3 76.7 79.5 83.7 87.2 91.1 93 96.6 99.3 97.8 101.5 109.9 114.6 118.9 122.8 122.7 110 94.5 87.2 82.7 78 75.1 72.5 70.6 68.5 66.4 69.5 71.6 73 72.4 68.3 57 71.4 78.2 82.8 86.1 88.5 85.7 80.4 75.2 68.6 61.6 55.9 52.3 47 49 50.7 51.9 57.3 60.9 57.3 49.9 46.3
129.9 123.4 117.5 113.3 108.9 104.5 98.4 91.1 87.7 83.3 81.5 79.2 78.4 80.3 80.7 78.3 79 75 70.6 68.3 67.6 67.3 70.4 71.2 76.8 78.7 82.7 83.5 78.6 78.6 81.9 81.6 82 85.3 86.9 89 91.7 97 101.5 106.4 111.1 116.3 121.6 123.7 113.8 101.7 87.7 83.5 80.3 76.8 74.6 70.8 69.8 68.8 70.8 71.5 72.5 71.7 70.6 65.2 61.2 69.9 75.3 80.8 84.5 87.2 87.1 81.9 74.6 67.6 59.1 54.1 49 52.4 55.2 55 53.2 58.4 62.3 59.8 50.9 46.9
128.8 123.9 119 112.4 104.8 99.6 94.2 89.8 85.9 82.6 79.6 77.2 76 76.3 77.3 75.5 76.7 71.7 69.3 67.3 68.6 72.1 75 79.2 82.1 85.3 85.5 86.9 81.8 81.5 84.9 87.2 88.4 89.8 91.3 93.3 95.2 99.9 104.6 109.2 115.3 121.4 122 111.3 100.2 89.1 84.6 80.4 77.4 75.4 73.9 72.6 71.6 71.1 70.2 70 69.9 69.7 67.4 60.2 69.3 75 78 79 82.2 86.9 87.1 82.3 73 63.9 56.5 53.3 58.4 57.8 58.9 59.4 57.3 58.8 64.2 61.5 55.2 49
125.6 119.5 118.7 112.4 105.6 98.7 92.5 96.2 88.2 82 78.3 75.8 75.7 73.1 74 73.1 73.6 70.2 68.1 69.6 72.3 76.5 79.9 85.7 90.4 91.6 92.4 90.1 86.7 88.6 88.8 93.4 95.9 97.6 96.6 97.9 97.8 103.2 111.1 118.8 125.7 127.5 115.4 99.5 91.4 87 83.9 84.4 79.7 76.8 75 75.1 73.8 71.7 69.9 67.9 66.8 66.1 61.8 67.4 71.8 75.6 79.2 82.3 80.7 83.9 85.7 78.6 67.5 58.8 57.2 67.4 70.2 67.3 63.4 63.5 63.5 65.8 65.6 63.9 57.4 52.4
122.1 117.2 115.3 111.3 104.7 98.7 92.6 99.7 96.4 80.8 77.1 75.8 75.9 76.1 74.8 72.5 71.9 69.1 69.4 71.3 76.6 82.2 86.1 91.1 97.5 97.5 97.4 96.8 92.6 94.5 95.3 100.6 105.2 107.9 106.9 104.5 105.6 110.2 121.1 131.5 137.6 136.1 126.8 113.5 106.2 98.4 94.4 90.9 83.1 78.9 77.2 77.9 74.4 71.5 69 66.5 63.9 65 64.7 67.4 71.5 74.8 78.7 81.4 82.9 81.1 82.2 71.4 61.9 59.5 69 80 83.1 78.4 71.5 73.1 73 71.6 70.4 66.6 60.5 54.9
118.5 112.1 111.6 107.5 101.7 95.9 90.7 99.4 89.1 77.4 76 76 75.4 75 73.8 72.4 70.7 68.4 71.1 76.4 81.5 86.8 91.9 96.2 101.6 104.3 103.4 103.5 101.1 100.7 105 109.7 114.5 115.9 114.3 112.8 114.4 118.3 129.4 140.5 147.7 146.8 140.7 133.4 121.7 109.2 96.8 90.9 85 80.7 78.9 78.3 74.1 70.3 67.3 67.9 67.7 67.5 66.8 67.5 71.4 74.4 77.4 81.4 83.4 79.1 77.1 66.7 61 68.3 75.2 80.7 84.9 88.7 79.9 82.8 81.6 80.3 77.1 72.3 64 58
113.7 110 105.2 102.3 97.2 92.7 87.8 97.1 79.4 76.7 75.7 75.5 75.7 74.9 72.6 72.9 68.8 70.6 73.8 80.3 81.5 89.8 93.1 98.3 103.3 107.1 108.1 109.2 107.6 108.8 112.9 119.2 122.1 123.1 123.3 121.4 121.8 125.2 133.8 144.3 152.5 154.1 147 133.4 116.2 100.6 93.2 87.4 84.4 81.2 77.5 75.5 73.3 70.5 70.2 70 70.3 70.2 68.7 66.7 70.9 74.7 77.6 80.7 82.1 78.6 74.3 68.1 65.1 83.7 90.6 90.2 92.3 94.2 93.8 92.5 91 88.7 85 78.4 70 64.7
109.6 105.2 101.4 97 93.5 89.9 86.3 88.4 76.1 75.6 75.3 75.2 75.5 75 73 71.2 70.2 71.9 74 81.4 85 88.8 89.6 92.7 99 104.3 109.5 112.8 114.4 115.1 119.2 126.3 131.1 132.8 132.5 127.3 126.9 128.7 135.3 144.7 151.8 148.8 134.4 118.2 106.1 97.7 94 90.8 87.3 83 80.4 77.8 75.5 73 74.1 74.2 74.2 72.9 72.5 71.9 69.1 72.9 77.1 79.8 81.4 81.5 78.5 72.2 70.2 91.1 96.8 100.3 102.1 102.5 101.1 103.4 101 98.8 92.9 84.6 76.8 68.9
106.4 101 98.7 97.9 96 92.7 90.5 85.4 75.7 75.5 75.4 75.1 74.8 72.6 72.5 69.6 71.8 73.7 74.7 76.1 79.5 81.2 84.7 88.4 94.7 101.2 107.7 112.5 116.6 118.3 123.3 132.3 137 139.5 138.5 133.3 132.1 134.7 139.8 148.3 152.6 142.7 122.4 110.6 105.6 103.5 98.7 95.5 91.4 87 84.6 81.5 76.8 81.1 79.1 78.1 76.6 73.5 73.6 74.8 72.7 72.5 74.4 79.7 82 83.8 84.2 75.6 79.1 90.3 98.7 104.3 106.5 109.4 109.3 108.6 112.4 107.6 99.8 90.4 81.7 72.5
114.4 111.3 111.4 110.6 110.7 105.3 96.9 86.3 77.1 75.3 75.1 74.9 74.7 73.2 71 72.4 76.4 79.4 83.4 78.6 79 79.3 84.7 87 91 98.2 103 109.4 114 118.4 125.1 133 139 145.2 143.5 141.4 141.7 146.2 152.6 160.4 155.6 144.9 128.1 121.1 116.3 113.1 110.8 104.5 101.9 96.3 88 82.8 77.4 86.3 88 81.1 77 76 76.8 77.6 76.9 75.4 76.1 78 82.6 85.4 85.5 74.6 84.1 89.8 96.8 103.6 109 111.1 113.9 113.8 114 114.8 106.2 96.5 85 75.9
122 120.3 120.4 120.1 115.8 108.8 97.6 88.1 80.1 77.3 75.8 75.4 73.9 73.1 72.5 76.2 81.9 88.2 86.8 86.4 85.9 86 86.8 88.4 92 95.2 100.9 107.8 113.2 118.2 124.3 131 137.3 142.6 147.9 149.4 151.6 163.5 166.7 167.6 163 157.2 150.3 143.3 138.1 136.7 132.8 122 113 99.7 88.2 82.4 79.8 88.6 90.7 83.2 81.1 81.6 81.9 81.6 80.4 80.3 80 79.7 80.8 84.6 85.2 74.5 81.9 87.7 95.4 101.7 107.7 111.2 113.7 116.5 116.1 117.1 112 100.4 88.6 77.9
128 127.9 126.4 121.6 113.4 106 95.4 87.6 82.2 79.2 77.3 75.1 74.7 72.7 73.2 78.9 84.3 84.8 93.7 94.2 95.1 96.8 92.6 91.3 94.3 98.1 103.3 109.2 115.1 119.5 125.4 130.9 136.3 142 149 154.4 160.8 167.1 169.6 170.3 173.2 166.5 159.4 153.6 151.4 145.7 137 125.9 109.7 101.9 94.1 87.3 83.3 91.1 93.1 88.8 87.2 87.5 87.2 87 85.6 84.2 83 82.7 80.6 83.3 81.8 81.2 86.2 86.7 90.6 97.8 104 108.9 113.6 116.7 118 116.4 116.5 103.4 90.3 79.3
132.6 131.5 126.7 119.4 111.1 100.2 92.2 86.2 81.3 78 76.1 76 73.3 72.9 74.9 79.4 85.9 92.5 99 101.8 106.4 108.1 103.3 95.8 97.8 101.7 106.4 114.1 120.8 126.3 130 133.7 139.3 144.1 151.3 156.1 161.2 163 164 166.2 165.7 162 155.1 151.4 149.9 143.8 134.8 125.8 118 110.8 100 92.7 94.4 95.9 97.2 98 98.9 95.3 92 93.7 92.8 87.7 85.8 84.8 83.7 83 81.1 83.9 87.2 90.9 94.6 97.2 102 108.5 113.8 118.8 119.2 117.9 114.7 105.6 93.4 82.8
131 130.7 123.3 114.9 105 92.9 88.4 84.1 81.3 78.2 76.3 77 74.6 73.3 74.9 79.6 87.4 95.5 101.9 107.9 112 114.6 112 103.6 105.4 108.9 113.1 118.8 124.4 131.2 136.6 142 151.4 155.8 160.1 162.2 162.9 161.5 159.4 158.9 158.4 154.8 149.9 147.9 145.7 140.6 132.6 125.5 119.6 113.4 106.9 100.2 102.6 106.4 109.1 110.9 112 109.2 104.5 101.1 96.1 92.2 89.3 87.4 85.9 83.7 83 85.3 88.9 91.1 96.2 99.7 103.3 107.2 113.4 118.1 119.9 118.9 115.3 110.4 99.3 88.9
126.3 126.5 117.5 109.5 100.3 92.7 86.5 82.4 80 77.6 78.1 78.1 74.8 73.9 75.5 81.6 86.2 98.6 104.6 109.4 113.2 116.6 116.2 112.9 113.4 116.9 119.7 124.6 129 133.6 138 147.9 154.7 157.6 160.4 161.1 160.4 157.4 154.3 152.6 151.8 147.5 144 143 141.2 136.1 129.5 123.3 118.8 114.9 111.7 104.3 109.9 112.8 114.9 118.8 119.3 115.9 112.2 107.7 100.2 96.5 93.4 88.8 88 86 83.5 85.9 90.2 92.6 96.3 100.4 104.6 105 110.7 116.4 119.7 119.4 117 116.3 108.7 95.2
120.6 117.3 111.4 102.5 95.8 90.2 86.6 83.7 82.2 81.3 80.5 79.6 72.9 73.9 77.4 83.5 91.3 98.2 102.3 106.8 111.2 114.4 117.2 117.9 120.4 124 127.5 130 133.1 137 143.6 147.8 149.4 150.9 154.7 155.9 154.9 152.5 145.2 144.9 144.1 142.3 139 139.2 136.6 131.8 126.5 120.6 117 115 111.6 107.5 113.2 114.4 116.9 118.5 119.9 116.6 113.5 108.4 105.6 100.3 94.5 91.2 89.5 87.3 85.9 86.6 90.4 94.2 97.3 100.3 103.8 104.8 108.5 114.1 117.6 118.8 118.6 117.9 115.2 103
113.7 108.8 102.3 95.8 92.3 89.8 87.4 85.7 83 80.6 81 76.5 73.6 75.4 78.6 84.1 90.3 94.7 100.3 103.7 107.8 110.8 112.4 118.2 122.7 126.9 130.9 132 134.2 138.2 140 140.6 140.6 140.8 142.3 144.5 146.8 146.6 142.2 134 137.4 136.6 134.7 134.3 131.9 126.7 121.7 117.9 114.7 112.8 107.6 106.5 110.6 113.5 114.2 116.7 118.5 118 116.7 111.2 107.1 101.6 96.7 93 91.8 89.2 86.6 87.8 90.9 94.9 97.2 99.8 102.9 105.8 107.2 109.9 114.8 116.8 119.7 118.8 117.7 106.7
106.1 100.9 96 92.2 89.9 88.4 86.6 83.9 82.1 82.1 78.2 74.9 75.3 76.7 77.7 87.3 86.6 91.4 96 99.3 102.9 106 108.4 115.8 120.8 124.7 127.9 129.1 131.7 134.7 135.8 133.5 130.8 129.1 128.4 129.2 132.2 135 133.3 129.4 131.4 132.2 130.4 129.6 125 121.7 118.3 115 112.2 109.9 111.2 113.3 114.5 116.2 115.7 118.3 120 120.5 120.3 115.1 109.1 105.9 99.1 94.3 91.1 89.2 89 88.2 91.2 93.9 96.4 99.2 101.5 103.2 105.7 108.7 113.1 117 118.8 117.2 118.3 107.3
98.7 94.9 92.3 89.8 87.5 85.4 83.8 83.1 82.4 79.8 77.4 76 75.2 77.6 80.1 80.4 83.3 88.7 90.1 94.4 98.9 101.8 106.2 111.4 117.5 121.2 123.8 125.1 131.7 136.9 136.7 133.8 130.1 126.7 123.2 120.5 119.3 121.5 124.3 120.4 127.1 127.4 125.2 125.3 121.1 116.6 113.8 113 113.4 114.8 116.1 117.7 118.7 120.3 121.1 121.5 123.3 124.6 122.3 117.2 111.6 107 99.7 95.7 92.6 91.1 89.8 89.8 92 93.7 95.8 97.6 99.8 101.6 103.3 107.9 112.2 115.4 117 115.2 114.3 102
95.1 94.5 92 89.3 87.1 84.8 82.9 82.3 82.1 78.4 76.9 76.1 77.4 78.6 87.5 84.5 80.8 82.7 84.6 89.1 93.2 99.7 104.3 108.4 113.1 115.8 116.9 126.3 137.1 143.9 146.9 145.2 142 137.5 133.1 128.7 123.5 118.5 113.7 114.8 122.5 122.9 120.9 119.7 114.1 111.8 110.7 113.5 116.1 117.8 119.8 122 124.5 125.7 126.9 128.6 129.1 127.3 122.4 116.2 110.5 107.3 101.1 97.5 94.4 92.6 91.3 91 92.1 93.6 95 96.6 98.1 100.3 102.7 106.4 110.7 114.7 114.8 112.1 106.4 91.6
101.2 93.4 90.4 88.2 85.6 84.2 81.3 80.7 82.6 76.1 77.9 80.8 81.7 80.3 84 86.1 89.4 89.6 90.3 90.8 89 94.2 101.9 106.2 109.4 112 119 131.6 143.9 151.6 155.9 156.3 154.4 151.3 149.4 142 134.5 127.5 119.8 111.4 110.5 114.5 114.2 112.6 108.2 111.5 114.6 116.7 119.2 122.3 125.4 125.7 128.8 133.3 134.9 135.8 134.9 129.1 119 111.1 108.1 105.1 100.5 97 94.9 93.5 92.4 90.7 91.8 92.6 93.9 95.1 97 99.4 101.4 105.2 109.3 113.3 113.7 110.1 104.1 92.6
102.3 95.5 90.9 88.1 86.6 84.6 82.4 81.7 82.2 79.3 82.4 84.5 85.6 88.2 82.2 87.3 92.9 97.1 98.6 97.4 94.3 93.2 96.7 100.3 108.3 114.3 122.8 140 150.7 155.7 158.6 159.4 157 154.9 154 150.6 146.3 138.9 132.5 123.5 119 107.8 104.8 105.5 110.5 118.2 121.9 122.8 124.7 126.1 128.5 132.4 137.6 141 142.3 140.5 136.7 129.4 119.4 111.9 106.8 102.9 98.9 96.1 93.2 92.8 92.7 91.4 91.4 91.6 93 94.3 96.3 98.4 100.3 104 108 112.2 113.1 109.2 105.5 94.6
105.7 97.8 91.7 88.5 86 84.2 83.5 83 79.1 83.3 86.4 88.1 87.1 86.6 84.8 88.3 97.3 103.1 105.8 104.1 101.9 99.6 96.9 102.4 110.3 116.6 132.4 146.7 154.6 157.3 158.5 158.1 155.7 154.4 153.1 150.7 147.8 145.5 140.6 135.2 126.2 107.9 102.3 110.3 118.1 123.8 131.2 131.4 132.4 133.8 136 139.9 143.8 144.8 143.8 140.9 136.5 128.2 119 114.2 109 104 98.7 95.1 92 92.6 92.3 90.8 89.9 90.5 92 93.7 95.7 97.8 98.8 102.6 106.8 111.1 112.6 109.8 105.3 98.3
104.1 95.7 90.2 89.4 87.1 85.9 84.8 83.6 79.7 86.8 91 90.4 91 90.6 88.7 87 95.1 103.4 108.3 109 108.8 107.1 104.8 104.3 112.2 120.3 140 152.5 156.1 157.8 157.7 155.6 154.4 152.9 151.4 150.2 147.3 145.5 141.9 134.4 117.4 102.8 105.6 114.9 121.3 128.9 135.9 141.3 141.6 142.8 144.6 147.1 146.5 144.6 142.5 139.1 133.1 124.6 116.8 111.1 106.9 102.7 98.1 94.6 90.8 90.5 90.9 89.4 88.1 89.5 91.3 93 94.6 96.3 98 101 105.9 110.8 112.5 111.9 108.2 104.8
102.2 95.1 94.3 94 90.9 87.8 84.5 81 81.9 89.3 93.7 94.2 92.3 95.4 93.5 88.3 94.4 101.8 105.9 109.1 111.7 112.7 110.4 106.4 113.5 121.5 142.1 152.6 155.4 153.9 154.2 153.7 152.6 151.2 150.5 150.6 148.4 143.9 139.1 127.8 109.2 100.9 108.9 118.9 125.3 131.6 137.5 139.9 134 134.6 138.4 139.7 140.8 141.7 140.1 135.4 123.4 118.1 114.8 107.9 102.8 99 96.3 93.2 89.8 88.2 88.8 88.2 87.3 88.8 90.5 92 93.5 95.5 97.8 100.1 105.2 109.7 112.8 113.4 113.2 108.3
103.3 99.9 99.8 98.9 93.8 89.2 84.9 80.8 84.1 90.2 95 94.9 99 99.4 97.8 94 91.8 97.4 101.9 106.2 109.9 115.1 116 114.3 117.5 123 138 149.1 152 152.2 151.6 150.3 150 148.9 148.8 148.4 145.8 141.3 136 123.2 103.8 100.7 109.6 118.7 125.7 129.5 127.3 121.4 121.2 122.8 126.8 131.7 135.4 137.3 137.6 132.4 118.2 109 109.4 105 101 97 94.5 92.2 88.6 87 87.3 86.8 86 88 89.6 91 92.6 94.9 97.5 100 105.3 109.3 113.2 116.2 114.1 108.7
