Assets/StreamingAssets/GeoData/Data/so/SO33.asc
ncols 200
nrows 200
xllcorner 330000
yllcorner 230000
cellsize 50
[rows 0 to 34 of 200, columns 0 to 78 of 200]
299.8 286.5 289.3 293.9 296.7 297.1 296.2 294.2 290.5 285.8 280.5 275.2 271.7 269.8 268.8 267.5 269.8 271.7 269.9 267.1 263.1 260 253.8 247.2 242.4 243.3 235.8 229.8 224.3 218.5 211 196.6 191.7 184.7 179.4 174 168.8 160.6 160.7 159.5 158 156.2 154.8 152.9 152.1 151.3 150.1 150.2 150 149.4 149.5 149.5 148.7 148.3 145.9 144.3 142 138 133.4 133.3 132.2 131.3 129.9 128.7 128.2 128.1 128.9 128.5 127.7 127.9 128.7 128.9 129.2 129.2 130.1 131.8 133.8 134.3 134.3
291.1 298.8 303 306.2 307.2 306.5 304.1 297.9 291.5 285.9 281 278.3 277 275.9 274.4 273.5 274.2 274.3 271 267.1 263.7 259.9 255.1 250.5 243 234.1 231.5 227.8 221.4 209.6 202.4 197.3 189 184.1 178.2 174.1 168.6 162.7 162.4 161.1 160.9 160.3 158.7 156.4 155.3 154.7 156.1 157.4 159.4 160.3 160.4 159.2 159.5 160.7 161.6 158.7 146.9 141.4 137.6 132.1 132.2 131.4 129.3 128.8 128.3 127.9 127.9 127.7 127.9 127.8 127.9 128.5 128.5 129.1 130.6 131.7 131.6 132.2 132.8
308.2 310.7 313.1 314.1 313.9 311.2 306.3 299.9 292.3 287.8 285.6 283.3 281.6 279.8 278 275.8 275.2 273.2 269.4 266 262.1 258.8 253.6 246.3 239.1 229.7 229.7 223.5 214.4 206.6 193 187.6 184.1 180.9 177.8 172.2 165.9 165.1 164.3 164.9 165.7 164.3 165.6 164.1 164.4 167.8 168 165.7 168.7 172.5 173.3 172.4 171.4 170.6 168.2 163.9 158.6 145.9 140.9 135.2 131.4 130.3 129.2 128.6 128.1 127.9 127.9 127.7 127.7 127.2 127.8 127.8 127.8 129.2 129.5 130 129.8 130.6 131.7
318 318.6 319.6 319.2 316.6 312.3 307.3 300.2 295.9 294.2 291.9 288.8 285.5 282.9 280.4 276.8 274.6 272.1 267.2 263.2 260.4 256.1 248.3 241.7 231.9 225.1 219.8 217.5 205.9 197.4 185.5 178.1 175.3 170.8 168.9 169.7 169 168.6 171.1 172.5 172.8 172.8 172.3 171.6 171.1 171 171.5 173.8 176 182.8 185.5 182.3 177.3 173.2 170.9 167.4 162 155.4 145.6 138 133.5 130.3 128.9 128.5 128 127.9 127.7 127.6 127.5 127.5 127.3 127.1 129.1 127.6 128.5 128.2 128.2 128.8 130.5
322.2 321.4 320.7 319.8 317.6 312 306 305 303.6 302.4 297.9 293.8 289.3 284.3 281.2 277.4 273.8 270.6 265.2 261.1 257.1 251.4 243.8 234.9 226.9 220.2 205.8 202.4 196.8 186.3 179.2 182.3 183.8 181.7 180.3 176.8 178.5 178.9 178.7 181.4 181.9 181.2 179.3 177.9 175.9 175.5 175.3 177.2 183.1 193.9 202 195 185 175.8 171.3 167.8 163.9 158.2 144.3 139.3 136 132.9 130 128.7 127.9 128 127.7 127.5 127.4 127.4 127.7 127.8 127.9 127.2 127.6 127.2 126.9 127.8 129.2
323.2 323 321.4 319.8 318 313.8 312.3 311.3 309.6 307.2 303.5 297.8 291.1 285.3 280.8 275.7 272.3 267.1 263.2 258.8 251.1 245.9 240 232.4 224.3 215.6 203.2 195.5 189.5 182.4 187.9 192.9 193.6 190.5 189.3 188.4 186.5 187.1 189.8 191.1 189.6 188.3 184.7 181.3 180.8 182.8 185.4 187.4 195.2 204.7 206.8 205.5 197.7 185.5 175.9 169.2 165 160 153.1 144.2 138.5 133.9 130.5 128.8 128 127.7 127.4 127.9 127.7 127.5 127 127.7 127.7 126.8 126.6 126.6 126.5 127.2 128.7
326.3 324.6 321.7 319.9 318.4 317.7 315.4 315 312.2 308.4 303.2 298.4 288.6 284.3 279.6 273.9 269.1 262.5 256.8 249.6 241.4 233.1 235.8 232.4 225.5 215.1 203.8 196.2 190.2 187.3 194 200.4 201.5 198.6 199.4 199.1 196.4 196.3 199.1 200.1 198.9 197.5 194.3 193.6 196 197.7 197.3 199 203.6 208 208.3 206.4 199.4 189.2 178.3 171.7 165.7 161.3 153.7 148.7 142.2 137.8 133 130.1 128.6 128.2 127.9 128.4 128.4 127.8 127.5 126.9 126.2 125.8 125.9 126.3 126.2 126.4 127.4
330.1 326.4 323.2 321.2 319.1 318.1 317.1 316.1 313.4 309.3 303.7 294.8 291.3 283.7 277.5 270.8 264.1 256.8 247.7 239.4 228.6 223.9 223 225.2 224.3 213.7 202.8 196 190.2 193.3 198.9 204.5 206.4 207.9 210.1 210.2 209.5 209.6 211.7 210.7 212 212.7 212.1 212.8 213.4 211.6 209 206.8 203.1 203.4 206.2 205.1 199.8 190.8 180.4 172.2 165.7 160.5 155.1 149 146.2 142.7 138.3 132.9 130.7 129.5 129.7 128.3 127.2 126.7 126.7 126.8 126.2 126 125.5 126 126.1 126.3 126.7
331.9 329.5 325.8 322.8 320.9 319.5 317.5 316.1 312.9 308.5 301.9 295 289.6 281.7 275.1 268.9 259.3 247.6 234.5 233.6 234.5 230.7 225 214.1 208.1 206.4 198.5 192 190.4 198.4 204.9 210 215.3 220 224.3 226.2 225.9 225.5 225.1 226.4 226.9 227.4 226.6 224.6 220 214.8 212.1 205.1 200.3 194 199.6 200.1 198 190.2 180.9 173.6 166.6 161.7 156.6 152.2 147.1 144.7 142.4 139.4 132.3 132.1 129.9 128.6 126.8 126.4 126.9 126.5 126.1 125.8 126.1 125.8 125.9 125.7 126
334 332 329.8 326 322.8 320.1 317.8 314.5 310.8 305.9 300.6 293.3 285.5 279.2 272 260.6 246.6 250.5 251.2 250.8 248.2 244.3 233.8 219 206.9 199.4 197.7 195.3 198.9 205.9 211 217.7 223.9 232.8 238.1 237.4 237.7 236 233.4 230.1 227.5 228.3 227.2 225.6 220.2 214.6 208.3 200.8 194.1 186.4 191 193.6 190.6 186.6 179.5 172.3 165.4 160.6 156.9 151.9 145.5 144.3 141.9 138.4 135.2 133.6 131.9 129.1 127 126.4 125.9 126.2 126.2 125.8 126.3 125.8 125.7 125.9 125.2
335.1 332.7 331 328.6 322.4 318.8 316.8 312.8 306.5 301.7 294.4 286.3 281 272.2 259.4 261.6 266.3 264.6 261.8 260.2 253.3 245.3 232 218.6 217.4 208.2 204.9 205.7 207.4 212.1 216.9 224 235.1 244.9 249.4 246.1 243.2 244.3 240.1 233.1 229.1 226.4 231.2 225.7 215.4 211.3 208.7 203.3 195.2 184.6 181.1 183.3 183.5 179.1 173.4 168.9 160.7 156.6 152.8 149.6 144.4 143.7 138.9 137.2 135.7 134.9 133 130.2 128 126.8 125.5 125.5 125.6 125.6 125.4 125.6 125.6 125.9 125.2
331.7 329.5 326.3 321.6 319.1 317.2 314.7 308.6 303.5 294.4 284.5 277.5 276.4 276.5 276.9 275.9 274.3 271.1 266.1 259.2 250.6 238.7 231.8 232.9 230.5 217.9 212 215.6 219.4 225.1 231.8 238.1 246.8 250.3 248.8 244.6 237.5 236.8 239.9 235.5 231.2 221.3 226.2 222.8 216.1 206.3 199.2 199.4 194.6 185.9 176.9 175.6 174.9 172 168 158.8 153.6 159.2 157.3 154.7 148.9 144.8 142 139.2 136.8 134.7 132.9 130.7 128.2 127.3 126.2 125.4 125.2 125 125 125.2 125.6 125.3 125.4
326.5 322.4 318.9 318.1 316.2 313.5 310.2 300.3 290.8 289.2 288.9 289 288.1 286.5 284.2 282.2 278 271.7 263.9 251.4 251.5 249.3 248.4 243.5 229.5 220.1 230.6 235.9 238.7 243.4 250.6 253.1 251 249 247.2 242.8 236.8 231.8 230.2 227.3 224.3 218.6 216.6 214.8 209.8 201.7 196.6 190.1 187.1 181.7 175.7 172.6 170.7 167 162.2 165.6 163.3 162.7 159.7 156.9 153.6 147.7 144.2 140.9 138.9 136.4 134.1 132 129 127.4 126.2 126.4 125.5 125.1 124.4 124.7 125.5 125.3 124.9
325.6 321.7 317.5 315.4 312.8 311.4 307.9 306.4 304.5 303.1 300.4 298 295.7 293.5 288.3 281.2 272.7 267.8 266.2 264.8 263 259.8 252.9 238.7 227.6 238.6 248 250.7 253.6 255.9 256.2 255.4 252.9 249 246 241.8 235.9 231.9 231.5 226.7 220.7 213.6 202.3 200.1 196.7 194.4 191.3 187.2 183.5 179.9 177.7 175.2 173 169.7 162.2 168.4 167.9 165.3 162.6 162.2 159.8 154.7 148.7 145.4 142.2 139.8 136.3 133.7 130.5 128.2 126.8 126.2 126.6 125.2 124.5 124.4 124.7 124.5 125.2
329.8 325.4 322.5 320.8 319.1 316.5 314.4 311.5 309.2 306.4 303.6 300.5 296 289.4 282.1 281.6 281 278.3 273.6 271.1 266.5 260.4 246.3 241.3 247.4 252.6 256.4 259.5 259.5 258.8 258 256.1 252.7 249.3 246.4 243.9 234.9 229.9 227.7 223.1 219.4 217 209.7 202.6 198.1 193.3 189.3 187.7 188.4 184.4 181.1 179.8 177.9 171.8 164.4 175.7 175.1 172.2 169.9 170.4 168.8 164.1 156.9 151.5 146.5 143.7 140.7 136.4 133.4 130 128.2 127.5 126.9 125.7 124.7 124.5 124.4 124.7 125.3
332.2 330.1 328.8 326.3 325 322.4 319.1 314.4 311 307.6 303.4 297.7 295.2 294.6 291.7 289.5 286.3 281.1 275.5 271.2 264.8 252 253.1 259.3 260.6 259.4 260.6 261.1 260.6 259.6 258.7 256.9 253.2 249.1 246 242.8 235.1 233.5 230.3 226.4 223.8 219.7 216.1 210.8 202.5 195.7 191.2 190.4 190.2 188.8 185.8 182.6 178 171.9 173.5 179.7 180.6 181.5 180.3 180.1 180 179.3 170.4 159.2 150.9 145.8 142.7 138.8 134.9 133.4 130.3 129.8 129.6 128.3 126.5 125.1 124.8 124.4 124.5
338.1 336.4 334.1 332.1 329.7 324.9 321 316.3 311.5 306.9 301.4 303 301.9 299.2 295.3 291.6 286.2 280.6 273.7 268.5 259.1 263.3 265.1 266.1 263.7 262.9 262.6 262.1 260.7 259.3 258 256.3 252.6 249 246.5 243.9 242.3 238.5 233.8 229.7 225.7 221.6 217.5 212.9 206.5 199.2 194.1 190.6 188.9 186.3 182.4 179.9 174.7 172.9 178.1 183.3 187.6 192.9 188.6 183.3 180 179.1 177.5 166.8 156.5 148.2 144.2 140.4 137.4 134.8 133.2 132.1 132.7 131.5 128.7 126.5 126.2 125.4 124.9
344.4 342.1 338.9 334.8 329.4 324.2 320 314.7 310.1 308.8 308.1 307.4 305 302.5 298 293.2 285.5 279.2 271.2 267.1 270.7 270.8 269.6 268.9 267.6 265.8 262.6 261.6 260 257.4 255 253.6 250.9 249 246.6 244.5 241.1 240.5 234.3 229.8 226.5 222.4 219 215.2 209.5 201.9 195.7 191.1 187.6 185.1 183 178.3 175.5 178.7 183.5 190.8 195.6 199.4 197.5 190.1 182.8 179 176 171.6 161.1 152.3 146.9 142.7 140.6 138 135 133.9 133.3 133.1 130.6 128.1 127.2 125.6 124.4
349.5 345.7 341.3 336 330.8 325.8 320.7 314 313.7 312.7 311.8 310 307.8 303.9 299.4 293 284.2 274.6 274.1 280.3 281.2 278.2 274.1 271.8 269.4 261.8 259.9 258.9 260.1 257.8 253.7 251.4 250.6 250 247.2 244.8 242.2 238.9 234.1 229.7 225.1 221.9 218.6 215.4 210.7 203.4 197.2 193 189.4 188.2 185.7 179.5 180 183.4 188.5 193.2 201.5 204 199.8 195.5 189.2 181.3 177.4 171.9 162.2 154.4 149.3 146.3 144.2 141.5 138.1 135.2 134.6 133.4 131.9 129.4 128.9 126.8 124.8
353.3 348.2 342.6 336.8 331 326.1 323.3 321.3 319.3 317.9 315.9 311.7 307.5 303.2 298.5 288.7 278.5 279.5 286.8 289 287.6 283.6 278.2 274.4 271.9 260.8 259.2 257.7 257.2 254 252.2 251.2 249.4 248.7 248 245 243 240.9 237.1 232 227.1 222.5 218.9 214.6 209.8 203.6 199.2 194 191.6 190.4 187.4 180 184.9 188.5 193.7 196.8 204.2 206.7 201.7 197.8 193.8 184.8 178.3 173 167.2 158.3 152.7 148.7 146.2 142.7 139.5 137.6 135 133.5 133.4 131 130.1 128.5 126.6
358.4 350.1 344.6 339.2 334.2 330.7 327.4 324.2 320.9 318.3 315.8 311.1 305.6 303 297.1 281.9 286.9 291.9 294.3 293.3 288.6 285.2 279.7 274.7 267.7 261.3 259.4 257.8 255.3 253.4 252.1 250.7 248.7 248 246.1 241.9 241.5 238.9 235.7 231 226.5 221.9 217.8 213 206.6 201.1 197.6 197 195.2 193.3 188 178.4 189.7 195 198.2 200.3 203.6 204.6 202.5 197.8 193.7 190.4 181.8 175.4 170.6 166.2 161.1 153.8 148.6 144.6 142.8 141 139.8 137.6 134.4 134.9 133.4 131.1 128.8
361.3 353.8 348.2 343.2 338.6 333.1 329.9 326.1 322 317.7 313.1 307.4 304.1 299.6 291.7 295.2 297.3 299 297.8 294.2 287.9 284.1 279.3 275.1 269.9 264.8 261.1 260.3 255.6 254 254.5 253.8 250.8 248.8 247.2 241.9 236.9 235.2 232.1 228.9 225.3 220.8 215 210.2 204.1 202 199.1 196.4 195.7 193.8 189.1 189.3 195.5 197.8 200.4 203.3 203.9 203.8 203.4 197.7 194.3 190.5 186.2 179.8 174.3 169.7 164.4 158.4 152.4 147.2 144.8 143.4 142.1 138.3 137.4 136.8 135.6 132.9 131.2
367.7 359.6 352 346.6 342.1 336 331.7 325.5 320.9 316.9 311.6 305.5 301.3 298.8 300.3 302.1 303.5 302.2 299.2 293.8 287.8 283.9 280.4 277.2 274.3 271.6 268.9 260.5 256.5 254.6 255 252.8 250 248.5 245.7 240.2 232.1 230.7 228.4 226.2 223.2 218.5 214.5 209.8 205.1 201.9 197.8 193.1 192.6 190.1 191 195.3 197.9 206.6 208.4 206.7 204.4 202.9 201.7 197.9 193.9 190.6 186.8 183.2 177 172.4 167.6 162.6 154.1 150 147 144.9 142.2 139.9 139.4 138 135.9 132.5 131
370.5 364.6 357.1 351.3 344.5 338.4 333 327.3 320.8 315 307.5 304.2 302.5 304 307.3 310.4 309.3 304.7 299.5 294.3 289.8 285.5 282.6 281.9 279.3 275.8 270.2 262.7 257.9 254.7 253.6 252.2 249 246.4 244.9 239.8 232.5 227.7 225.8 224.9 221.8 218.5 214.1 209.7 205 200.8 199.5 198 197.5 198.4 201.3 205 211.2 213.9 212.9 207.3 203.8 201.1 200.9 197.1 193.7 190.2 186.7 183.3 179.5 174 166.6 159.6 158 151.1 148.9 146.5 144.2 141.7 139.2 136.6 134.2 132.6 130.8
377.6 369.7 362.8 355 347.1 341.1 334.1 327.1 320.6 314.3 311.9 308.8 308.8 312.5 315.3 316.1 313.6 308.9 302.1 297 293.2 289.9 285.9 283.2 282.2 278.8 273 265.1 262.2 261.1 254.7 252.7 251 246.6 245.8 241.5 233.5 227.2 219.8 222.2 214.2 211.3 210 206.8 205 204.1 203 203 204.5 207.5 213.6 216.7 218.7 216.1 213.7 208.3 203.3 200 198.3 196.1 192.6 189.5 186.1 182.5 178.6 174.8 172.3 168.3 164.5 160.6 153 149.9 146.6 146.2 143.2 141 137.8 136.6 134.6
383.8 375.5 367.3 359 350.8 343.5 336.5 331.6 325.1 321.1 317.6 316.1 315.8 319.3 322.6 321.7 318 313.8 308.1 302.3 297.2 293.5 289.4 284.6 281 279.4 274.4 268.5 259.5 255.6 253.7 252.1 250.7 245.1 239.8 234.9 228.9 226.7 226.7 223.9 220.7 217.1 214.6 212.1 209.6 208 209.2 210.5 216.7 222.3 223.9 222.4 220.4 216.7 212.6 208.2 203.7 200.2 196.9 195.4 192.5 189.4 187.1 185.5 182.6 178.9 174.3 171.5 169 165.6 160.5 153.4 149.8 147.9 145.4 142.8 140.4 138.4 134.9
390 380 370.7 363.3 356.8 349.5 342.5 335 330.7 327.2 324.1 322.5 321.8 324.3 326.5 325.4 321.6 317.4 312 306 299.3 295.5 291.5 286.8 281.7 277.1 274.6 269.3 263.6 256 251.9 249.7 249.9 244.4 236.4 232.3 233.6 233.2 232.6 233.4 229.5 224.3 220.9 217 216.7 217.6 219.9 223.7 226.8 228.2 226.9 224.4 220.6 217.7 213.4 208.9 204.4 201.5 198.8 196.8 195 193.5 190.4 187.8 184.9 183.1 179.3 175 171.7 168.6 165.6 156 152.5 149.8 146.9 144.7 142 140 136.9
393.1 385.1 377.6 370.6 363.6 355.6 347.6 342.7 336.8 333.2 330.7 328.7 328 328.8 330.4 328.3 325.5 320.5 313.4 307.7 300.8 295.9 292.2 287.6 280.7 274.9 272.7 269.7 261.8 257.2 255.1 250.8 243.8 239.8 241.7 240.1 239.7 241 240.5 239.6 236.6 234.3 232.8 231.8 229.8 230.4 230.9 230.8 227.3 227.5 225.8 224.7 220.8 217.9 214.7 212.1 207.5 202.2 200.5 199.3 198.4 197.4 194.7 192.3 189.9 187.4 184 182.2 178.7 172.7 165.7 165.2 158.5 152 149.1 147.3 144.5 142.1 139
397.2 391.4 384.9 377.1 369.3 361.1 355.2 349.7 345.5 340.7 337.6 334.4 333.4 333.4 332.1 329.5 325.9 320.1 313.9 307.8 301.1 295.2 290.6 284.7 276.5 270.9 267.5 266.7 266.8 263 260.2 256.1 252.3 247.2 247.4 247.8 247.6 245.8 244.3 240.7 238.7 235.6 233.7 232.8 233 233.8 230.4 227.9 223.6 223.5 222.3 222.1 220 216.8 215.5 213.1 208.2 204.6 202.8 201.8 201.3 200.9 199.6 197.5 196.1 192.6 188.6 186 183.8 181 176.6 173.4 168 159.4 151.6 147.3 145.2 142.4 139.6
402 397 391.3 383.2 374.4 367.2 360.5 356.5 351.3 347.1 344.6 341.6 338.6 335.8 332.3 327.8 324 318.2 312.5 307.1 298.9 293.1 287.5 280.1 277 276.4 274.8 272.6 270.2 268.3 265.6 258.5 253.1 253.7 252 250.9 248.3 246.6 243.5 240.1 238 234.4 231.9 229.8 225.8 224.8 221.3 217.7 215 214.9 214.4 215.3 213.4 211.5 212.7 210 207.9 197.6 201.7 202.5 202.2 200.6 201.8 200.7 199.5 196.2 193.8 190.6 188.3 185.6 182.3 178.9 175.9 169.7 160.6 150.8 145.5 142.5 139.6
406.1 400.4 394.7 387.8 379.3 371.2 365 360.5 356.4 351.9 347.9 344.7 340.7 336.3 332.2 326.6 322.3 315.4 309.3 303.2 293.7 291.9 289.5 287.9 286 282.8 280.3 276.2 273.1 270.3 269 261.2 258.8 256.8 253.9 250.7 247.2 244.8 241 239 236.9 230.3 227.3 223.5 217.5 214.1 209.4 207.6 203.2 201.6 198.2 196.5 194.7 193.3 193.6 193 191.4 191.4 191.3 196 197.7 195.7 200 200.8 199 198.2 197.7 196 194 189.3 187.1 183.8 180.1 177.2 170.8 160.6 149 143.4 140.3
407.5 402.6 397.6 390.8 385.1 375.8 368.3 362.3 357.9 354.6 350.8 345.8 342.1 336.9 332.6 325.6 321.1 316.2 308.1 298.6 300.1 300 297 293.7 290.9 288.1 284.3 279.2 274.4 268.9 265.8 265.6 264.3 259.5 254.4 249.6 245 241 238 236.1 232.7 227.4 220.2 215 208.3 203.6 198.5 195.2 190.4 186.4 184.1 181.8 179.8 178.1 177.5 177.7 178.9 178.8 178.7 182.5 184.3 186.1 191.4 195.4 196 198.5 200.2 199.5 197.1 193.8 190.4 187.1 184 180.1 176 170.4 163.7 157.6 145.8
406.6 401.3 398.6 392 384.7 377 368.5 363.1 358.7 355.3 351.2 346.1 342.1 337.8 333.7 328.2 323.4 318.4 309.3 310.2 309.7 307.2 303 297.9 293.7 290.6 286.4 281.3 274.4 273.4 270.9 265.5 264.6 261.1 254.2 248 242.2 236.9 235.3 233.8 229.2 222.9 215.9 205 193.7 185.6 180.5 181 179.9 176.1 173.9 172.2 170.6 169.7 169.8 168.9 168.6 168.3 169.5 170.4 172 172.4 177 184 191 198 200.1 200.4 198.7 195.7 192 189.6 186.6 183.9 181.7 177.4 172.8 166.3 159
402 399.2 394.5 388.8 382.3 375.6 367.5 362.4 357.9 355 351 346.5 342.1 338 334.1 329.2 323.7 318.5 318.2 316.8 314.6 311.3 306.7 300.6 295.1 291.4 287.3 280.9 279.9 278 274.8 269.6 264.1 256.6 252.9 246.3 240 233.3 232.3 230 226.4 218.8 205.5 194.3 189.9 189.4 185.5 181.7 176.7 170.7 170.2 167.6 165.4 164.3 163.6 161.9 162.1 162 161.7 162.6 163.7 162.4 166 171.1 180.6 191.8 197 199.6 198.3 196.1 194.6 190.9 187.8 185.6 182.8 180.9 177.3 173.4 168.5
398.1 395.5 389.6 383.8 378.3 371 365.5 360.6 356.9 353.6 349.8 345.5 341.9 338.3 334.1 327 326.1 322.9 321.7 320.8 318.5 313.3 307.1 301.8 295.2 291 286.5 286.3 286.2 282.7 277.2 270.1 263.9 258 251.3 242.8 234.7 233.2 228.4 214.6 209.8 202.3 202.5 204.9 205.2 202.2 198.3 192.9 185.4 180.5 174.8 167.5 164.8 162.3 158.6 157.7 157.8 156.9 156.8 156.9 157.1 156.5 157.6 163 171.1 184.5 193.5 197.1 197.4 196.5 196 191.7 188 185.4 183.7 181.4 179.7 176.8 173.8
