Assets/StreamingAssets/GeoData/Data/so/SO39.asc
ncols 200
nrows 200
xllcorner 330000
yllcorner 290000
cellsize 50
[rows 70 to 104 of 200, columns 0 to 77 of 200]
380.3 393.3 406.2 420.2 431.5 440.9 447.6 452.8 457.9 460.5 461 461.1 461.2 461.2 463.2 466.9 471 474.2 476.3 469.9 454.6 430.4 407 390.3 379.4 369.7 363.5 357.6 351.7 345.7 339.8 333.8 328.4 321.7 317.6 309.8 304.5 299 292.8 287.9 284.5 282.3 279.6 277.1 273.3 275.3 276.6 272 270.4 284.2 302.5 314.9 315.1 314.8 319.1 326.7 317.7 312.5 304.4 300.7 298.8 293.5 288.9 285.4 283.4 283 281.8 279.5 277 272.2 267.1 262.2 257.6 254.6 256.6 269.5 280.4 290.5
377.4 390.6 404.3 415.5 429.4 436.6 440.3 444.3 448 451.6 452.9 454.1 454.2 456.1 461 464.3 467.6 472.3 472.5 466.5 454.5 432 408.6 388.7 376.4 367.7 360.8 354.8 348.7 342.7 336.9 331 325.7 319.8 313.9 307.8 302.2 297.3 292.7 287.5 282.4 280 276.9 274.9 272.2 275.8 272.9 270.5 272.7 290.1 307.3 312.8 312.6 313.2 315.5 320.6 315.1 310.4 302.9 292.8 290.5 288.7 284.7 280.4 279.5 279.5 281.2 279.5 276.4 272.5 268.5 264.4 256.3 253.7 253.9 262.4 272.3 280.9
374.1 388.6 401.4 411.6 423.7 429.7 429.9 434.1 438.8 443.2 444.7 446.5 449.8 453.2 458.2 463 469.9 473.4 472.4 466.5 456.4 438.5 416.2 388.5 375 365.3 358.3 351.8 345.8 339.1 333.3 327.6 322.9 317.7 312.2 305.1 300.5 295.8 291 286.7 282 278.8 276.3 272.3 272.2 275.5 271.6 269 276.1 293.2 310 309.9 309.5 311.4 315.7 317.8 314.1 309.1 301.1 292.1 286.8 284.8 280.1 276.3 275.5 277.6 279.2 278.7 275.6 273.2 271.4 267.6 256.2 253.1 251.5 254.8 266.3 271.1
372.5 387 399 404.6 416.8 417 420.9 425.9 430.8 433.9 436.7 440.8 447 457.2 464 469.6 474.2 475.5 472.6 468.8 461.7 450.4 428.4 391.9 371.9 361 354.7 348.5 341.4 335.2 330.6 325.7 320.3 315 310.3 303.6 298.8 294 289.3 286.1 283.2 280.1 276.4 272 271 274.2 271.7 268.2 277.8 296.9 307.5 305.2 306.4 308.7 316.1 316.5 313.1 307 295.8 286.9 284.8 281.3 275.5 272 272.4 274.7 278 278.6 277.6 276.1 275.3 272.9 258.4 254.6 253.7 252.8 260 263.8
368.1 379.7 395.9 400.1 405.6 408.8 412.2 417.1 422.3 428.1 435.5 445 455.9 464 467.5 469.4 470 470.7 470.3 466.5 459.9 449 424.8 390 371.7 357.1 349.4 345 337.3 332.1 328 323.7 319.1 313.6 307.4 301.1 296 291.8 288.9 285.1 282 279.1 275.6 269.8 268.8 272.6 271.8 268.5 281.5 300.8 301.3 299.7 301.4 304.1 314.2 312.1 309.3 300.6 286.6 280.1 279.8 276.9 271 267.6 268.8 272.8 276 279.6 280.6 281.5 282.7 273.5 257 258.5 250.2 252.9 258.1 265.1
363.5 374 384.6 391.4 393.7 399.4 408.9 416 424.9 431 440.6 453.8 462.6 465 465.7 464.9 463.6 463.5 463.4 460.3 450.3 433.9 410 387 371.3 354.7 341.7 337.5 333.2 329.4 325.3 321.2 316.7 310.4 304.7 298.8 294.2 291.2 287.7 284.4 281.1 277.8 274.3 270.4 267.4 271.2 269.9 268.6 283.3 297 293.6 294.2 295.4 301.6 310 309.3 305.7 291.6 281.6 276.5 273.9 270.1 265.2 263.7 264.8 269.8 274.6 278.8 283.8 291.4 287 275.5 261.6 250.8 249.3 258.3 272.1 282.2
355.9 368 376.1 378 388.2 398.5 409.8 422.8 431.2 440.1 449.4 456.2 460.7 461.9 460.6 459.3 455.5 453.3 451.3 447.6 434.9 416.9 397.5 383.1 366.7 349 336.3 332.5 330.1 326.7 323.7 319.8 314.5 308 302.2 297.7 293.1 289.8 286.2 282 279 275.9 272.3 267.2 266.5 269.9 268.3 269.1 280.7 284.4 287 287.6 292.9 300.9 308 311.8 304.4 287.8 279.1 272.9 268.3 264.9 262.3 259.9 262.7 266 272.5 279.8 289.9 298.3 290.8 280.8 262 249 249.5 264.4 280.8 295.5
352.9 360.4 364.5 374.2 385.1 399.2 414.3 428.3 440 448.6 454.5 454.2 453.9 453.4 452.5 450.9 447.8 443.3 436.9 424.2 409.6 399.6 388.9 376.6 357.8 340.8 334.6 330.3 324 323.1 320.9 317.2 312.4 306.4 301.2 296.6 292 288.2 284.2 280.2 277.7 274.4 269.3 265.1 266.6 269.1 270.5 266.1 274.2 278 281.3 287.6 294.9 303 311.5 317.8 299.2 284.8 276.1 271.3 266.6 261.8 258.9 256.6 259.4 262.8 269.5 281.3 297.9 298.6 292.5 277.3 255 247 246.6 271.5 289.9 306.9
345.1 350.2 355.9 367.3 382.9 401 416.9 428 438.5 448.8 456.6 452.8 445.4 442.5 439.9 436.9 434.4 428.8 419.7 406.4 395.7 390.1 380.5 365.8 351.1 342 336.6 332.7 326.3 318.1 317.1 314.4 309.8 304.5 299.4 294.1 289.5 285.6 281.9 278.8 276.4 272.9 268 264.9 266 268.7 271 266.3 267 272.1 284.6 296.2 303.1 308.8 319.5 312.5 292.1 281.6 273.3 269 264.8 260 255.7 253.6 256.2 260.1 266.8 285 298.8 297.4 287.3 266.8 248.6 245.7 252.4 279.3 296.4 311.9
336.2 342.3 351 361.1 379.9 394.4 408.3 421.9 432 437.9 443.9 442.3 437.3 428.1 424.4 421.1 418.1 410.9 402.3 392.2 385.3 382.4 372.8 367 353.8 351.7 341 335.3 328.3 321.4 313.5 311.6 306.9 301.2 295.8 290.5 285.2 282.1 278.9 276.2 273.8 271 268.3 266.3 263.5 266.9 269.4 265.9 262.1 272.6 290.2 300.8 307.7 315.4 320.3 302.7 288.4 278.4 271 265.9 261.9 257.5 253.2 250.7 252.8 256.7 263.6 282.9 291.8 292.1 277.4 255.9 245.6 246.1 262.8 282.7 299.5 316.5
334.1 335.5 343.7 353.2 368.5 381.1 393 402.8 411.1 418.1 422.7 425.2 420.7 412.1 409.2 406.4 401.5 397.9 391.6 381.5 373.4 369.9 367.5 366 361.4 348.6 339.1 335.2 326.4 317.9 313.4 308.5 302.9 296.4 290.8 286.2 283.8 281.2 276.9 273.8 271.1 268.7 268.4 267 264.6 263 266.9 264.9 260.6 270.2 290.3 299.7 312.4 318.9 316.5 297.5 284.3 274.3 268 262.8 258.8 254.7 250.7 247.8 249.5 252.4 258.3 268.1 281.9 276.3 261.7 247.7 243.7 250.7 269.9 287.2 301.6 318.6
330.3 329.5 333.1 342.1 352.6 364.6 374.5 382.6 390.1 395.5 399.1 401.8 396.1 394.3 394.3 391.8 389.4 386.6 382.7 370.9 362.4 357.8 358.1 356.5 347.5 329.8 324.9 324.3 313.7 309.9 308.3 303.1 296.7 290.7 286.7 282.7 280.7 278.2 274.8 272.2 270.7 269.8 268.7 268.1 264.9 260.9 262.6 264.8 259.2 268.1 288.5 302.3 315.5 322 309.8 292.8 280.4 270.4 265.4 259.7 255.6 250.7 247.7 245 244.9 245.5 248.9 258.2 265.6 259.5 251.9 243.2 242.7 256.9 276.6 295.9 312.1 326.9
322 322.7 324.3 327 337.9 345.2 355.2 363.6 370 372.9 376 379.7 377 379.2 377.1 376.1 373.9 371 368.9 358.7 348.9 343.9 341.9 335.9 327.2 319.3 311 304.9 303.2 301.7 300.5 297.2 291.2 289.1 288.7 289.2 285.9 279.2 275.9 274.1 272.5 271.2 270.2 270.6 268.1 264.3 260 259.9 258.1 269.7 289.7 301.5 312 315.6 300.9 288.3 276.3 265.6 260.7 255.6 251 246.7 244.3 242.3 241.9 240.8 240.6 244.6 251 246.7 242.7 241.8 244.4 264.1 284.2 306.7 322.3 333.4
321.5 317.9 317.3 318.2 325.3 329.8 336.1 345.9 350.4 356.7 359.9 362.7 361.7 362.6 362.5 361.4 357.8 356.3 353.7 346.6 340.1 333.1 327.5 322.7 321.7 326.2 329.6 319.3 314.7 302.8 298.2 295.5 292.1 295.3 295.8 293.4 290.5 285.3 279.4 276.7 276.5 277.6 279 275.3 273.3 267.2 260.1 256.3 258.3 271 285.6 296.9 301.8 301.9 290.2 281.3 271.2 260.8 255.8 250.6 246.1 243.6 242.2 241.2 239.6 239.4 238.4 238.3 238.1 240.1 240.4 240.5 254.4 272.9 291.9 312.9 329.8 341.3
321.8 318.2 313.3 312.4 313.5 315.9 320.2 327.1 332.6 339.6 347.6 354 352.9 347.7 342.3 339.4 340.1 342.8 339.1 332.4 328.5 324.2 320.6 321.1 325.3 329.4 326.4 310.7 310 307.5 302.8 299.2 294.6 291.1 287.7 284.7 284.9 285.6 282.4 286.8 293 291.8 286.6 280 272.9 265.8 256.9 255.7 260.1 268.2 279.9 288.2 290.9 288.4 278.6 272.4 262.3 254.4 249.4 245.4 243.2 241.9 241.2 241 240.4 241.7 242 241 237.2 237.9 239.8 244.9 264.2 282.9 299.3 320.5 333.9 333.7
317.6 319.3 316.2 308.9 308.3 309.3 311.5 314 320 327.9 339.5 342.3 339.8 335.7 329.6 325.9 325.2 327 323.6 319 317.9 317 318.4 322.4 324.7 322.8 314.7 310.2 304 298.4 295.3 292.5 289.8 286.7 284.9 287.6 293.5 288.8 287.1 304 303.9 298.1 290.4 277.9 270.7 264.9 256.6 255.6 257.8 265.1 274.1 282 281.8 276.6 268.6 261.9 253.5 246.2 244.7 243.5 243.3 242.8 241.9 243.2 249.3 255.6 261.2 248.9 236.2 237 239.8 251.7 272.7 296.1 308.3 321.2 318.7 312.9
314.9 315.9 315.6 312.4 306.9 305.3 308.3 309.4 311.7 319.4 328.6 330.5 329.9 322.1 315.2 314.1 313.8 313.7 313.3 313.4 312.2 314.4 318.4 321.5 322.6 321.6 324 324.4 322.6 318.7 309.4 301.8 294 286.3 286.9 295.1 296.6 293.6 309.8 315.3 308.8 301.6 287.8 277 269.8 264.7 256.4 254.6 255.6 257.2 266.2 275.9 273.1 264.7 256.1 250.4 246.4 244.6 243.9 243 244.5 244.1 244.8 248.8 262.8 270.6 264.1 247.7 236.5 236.7 238.8 250.9 270.7 289.2 294.4 301.7 298.9 291.5
317.9 311.7 313.5 310.3 307.5 303.8 304 307.5 307 306.3 310.2 313.7 311.2 305.3 305.8 307.3 307.4 308.3 306.9 307.2 308.9 311.8 315.3 321.5 323.9 324.4 324.6 325.7 325.2 323.2 317.9 295.2 289.4 292 293 301.9 298.5 311.7 324.7 318.2 311.6 300.1 285.7 277.5 270 262.5 257.6 253.7 253.8 254.2 257.4 268.4 265.4 254.6 249.7 247.2 244.9 244.1 243.2 243.5 246.1 248.4 253.1 265.1 277.3 283.2 264.6 248.3 238.7 234.9 236.8 243.4 257.4 269.1 274.4 278.8 277.4 276.9
318.7 314.4 308.2 304.1 301.4 299.4 298.3 302.8 304.8 301.3 301.4 304.4 302.6 302 301.2 301.1 302.2 302.9 302.4 304 307.5 309.6 311.9 315.2 317.8 319.4 318.7 317.7 318.9 322.1 319.8 300.6 302.1 304.8 304.5 307.1 313.2 328.9 328.6 320.9 311.8 298.5 285.5 277.5 270 262.6 261.4 259.8 254.1 252.5 253.5 260.6 255.5 249.2 247.6 246.1 245.1 244.3 244.2 247.2 250.1 256.3 265.9 280.1 290.1 288.5 268.2 253.4 244.2 235.6 234.9 236.4 243.8 250.7 255.8 259.3 261.8 269.2
322.2 316.9 312.8 309.7 306.2 303.3 301.1 298.1 297.8 297.7 297.3 298 298 297.6 296.3 295.4 297.1 298 298.9 302.1 304.6 306 307.6 309.5 309.6 309.9 309.8 311.1 312.6 315 314.8 322.6 320.4 317.3 311.8 319.3 328.9 337 328.3 318.6 308.1 296.6 285 276.7 270.1 274.6 271.7 265.2 259.5 254.6 252.3 251.9 249.6 247.8 247.2 246.2 245.1 247.5 249.6 252 258.6 267.8 278.5 289.9 301.2 297.6 273.5 265.8 256.9 243.8 235.2 233.9 233.3 236.8 241.2 245.8 251.3 261.3
327.8 321.5 315.9 312.5 308.8 306 303.7 300.6 298.6 295.6 294 292.8 293.1 293.9 293 292.4 292.9 293.7 295.9 299.2 300.7 301.4 302.6 304.4 304.4 305.4 305.4 305.3 306.6 310.6 315.9 324.6 329.1 329.8 332.3 340.2 341.7 339 327.7 316.4 305.9 295.8 288.4 279.8 283.9 286.4 274.1 268.2 263.2 258.4 253.7 251.8 250 248.2 246.7 246.2 248.6 252.2 256.5 260.5 269.8 280.3 290.6 300.6 314.5 312.3 293.1 286 275.3 260.4 244 234.3 233.3 233.1 235.6 239.7 245.4 256.2
335.8 326.6 319.7 314.9 314.7 310.9 306.7 303.3 300.9 298.4 296.5 294.8 291.9 291 290.5 289.9 289.9 290.4 292.7 295.1 296 296.3 297.2 299.5 299.5 301 301.3 301 302.4 306.5 312.1 318.6 325.6 334.4 344 349 346.3 340.5 328.5 316.4 306.4 299.2 293.9 291 295.2 286.3 275.9 269.5 266.1 262.6 257.6 255 251.2 250 248.5 250.2 253.9 257 261.5 269.3 280.3 292.7 302.9 316.4 327.6 328.2 321.5 309.2 294.3 275.9 256.7 242.4 232.6 232.1 232.3 234.3 238.2 248.3
343.8 333.1 324.7 318.7 318 317.6 313.4 308.9 304.3 301.3 299 297.1 295.6 293.1 290.5 288.9 288.4 287.4 288 288.7 290.9 292.6 294.1 294.1 295 296.4 297.3 296.9 299.2 302.9 307.6 313.7 323.8 334.9 348.7 353.1 348.4 339.7 327.2 315.7 306.2 298 298.6 303.1 298.7 290.8 284.8 277.7 274.2 269.1 260.3 254.9 252.9 250 251.8 255.2 259.3 262.4 268 278.6 290 303.6 316.3 330.1 337.8 346 344.2 333.1 314.2 291 266 250.9 241.3 231.3 231.6 230.9 232.9 242.2
351.3 338.5 329.3 324.1 323.1 323.8 321.5 317.1 309.8 305.5 302.4 300.5 299.5 296.3 293.2 291.2 289.4 287.4 285.8 286.3 286.9 287.4 288.8 289.3 290.5 292 293.6 294.8 297.9 302.6 306.7 313.8 324.6 337.3 352.3 353.6 347 335.4 322.6 313.5 302.9 301.3 306.5 314.4 305.2 300.8 293.2 290.3 285 273 258.5 256.1 253.6 251.4 255.2 259.3 262.8 268.9 276.4 288.4 300.2 313 328.2 340.1 353.8 363.6 361.2 351.5 332.3 302.5 276.3 258.7 248.8 240.6 234.2 230.5 231.1 236.1
358.2 341.9 333.2 331.3 329.4 332.3 331.7 324.5 316.8 309.8 306.6 305 305.3 302 299.1 295.5 291.7 289 287 285.1 287.5 289.5 288.4 286.3 287.1 288.5 291.5 293.3 297.4 303.8 311 319.3 328.6 343.9 352.7 352 343.5 327.5 316.6 309.4 308 307.5 310.8 316.9 310.1 304.4 305.5 299 285.3 266.8 258.1 254.7 252 253.6 258.7 263 266.8 274.1 282.8 295.3 310.3 324.4 334.1 348.6 364.1 373.6 372.5 364.1 343.1 315.7 288.6 268.1 256.8 247.6 244.5 241.3 229.4 229.7
359.7 343.9 334.6 330 332.5 338.7 341.7 331.4 322.3 314.5 311.3 311.5 312.3 310.3 306 299.4 294.7 291.3 289 284.8 286.7 287 289.1 287.7 285.6 286.3 289.6 293.2 299.6 308.8 319.3 325.9 337.1 350.7 349.5 344.6 332.1 323 316.5 312 309.1 307.7 308.1 313.5 307.2 307.5 305.5 293.8 279.8 264.7 256.8 253.4 253.5 257 260.8 265.7 271.6 281.8 292.3 304.3 318.4 331.7 342.6 357.4 372.3 379 375.8 364.4 345.7 322.4 299.7 279.4 266.5 258.9 256.9 241.3 233.4 228.2
349.6 335.5 326.9 325.3 329.6 339.4 337.6 330.1 324.7 319.3 323.2 322.2 321.9 318.7 312.3 303.7 296.9 292.4 288.1 284.5 282.8 284.8 286.3 288.3 286.2 284.7 288.9 293.3 300.5 312 323.4 332.4 346 347.8 344.8 337.4 325.8 319 315.3 311.3 307.2 305.3 303.3 307.9 301.3 297.7 293.9 284.4 273 260.5 254.2 253.2 255.3 259.7 263.4 269.5 277.1 289.1 303.6 318.4 328.7 335.8 349.8 365 378.1 379.4 373.6 362.2 342.7 322.3 301.7 284.8 272.5 263.4 247.2 241.3 247.8 241
333.8 323.5 317.9 317.3 323.4 333.4 328.8 328 326.4 326.6 330.9 337 336.5 330.4 320.9 309.2 297.7 290.7 286.8 282.8 280.8 283.8 285 286 285 284.9 290 295.5 301.5 313.5 327.1 334.6 341.5 340.4 337.7 329.3 319.5 315.2 312.7 308.8 304.1 300.3 297.7 301.8 291.8 280 281.9 275.6 263.4 255 253.4 253.6 257.3 261.6 267.2 275.6 285.6 297.3 310.5 326.7 338.5 344.5 357.1 373.1 381.7 379.2 370.2 357.3 336.4 316.7 298.7 284.4 270.3 251.8 250.9 263.7 271.5 262.2
319.9 312.5 309.2 309.3 317.1 323.9 322.8 324.6 327.4 331.9 337.7 343 339.6 332.9 325 314.8 301.7 292.4 287.9 283.7 279.7 282.5 282.6 284.1 284.4 288.4 290.8 295.8 304.8 315.9 325.8 330 331.4 329.7 327.1 317.2 312.6 309.5 306.4 300.3 296.5 296.1 297.6 292.9 280.9 268.7 268.5 264.2 257.9 254.6 253.4 255.7 259.5 266.1 273.5 281.9 290.9 303 317.5 333.1 344.4 351.8 365.5 379.3 385.8 378 365.9 350.4 329 308.6 292.8 278.9 264.5 259.9 271.4 285.2 286.6 279
307 302.2 300.9 301.4 308.8 316.2 320.2 324.3 329.7 333.1 337 337.6 335.8 331 321.3 312.1 303.4 292.7 287.1 284.1 280.7 280 279 281.1 285.3 288.3 288.3 298.9 306 312 317 321.3 322.7 321.2 314.4 310.8 307.4 303.2 298.3 297.8 299.6 305.4 307.1 292.3 279.2 265.7 263 258.2 255.7 254 254.8 257.5 263.2 269.8 277.9 285.6 296.4 308.4 323.3 338.7 349.5 359.5 373.5 383.1 383.9 376.5 363.2 342.5 321.5 306.5 292.2 278.1 262.8 275.8 293.2 303.9 303.1 295.6
296.2 292.5 292 295.9 304 311 318.1 324.1 328.9 333.4 333.6 331 326.2 320.2 313.2 306.6 299.1 293 286.2 282.6 279.9 274.7 274.5 277.5 282 284.9 285.8 292.1 298.3 299.9 304.4 308.5 313 310.4 305.8 304.9 302 299.1 299.4 305.3 316.5 319.1 305.8 293.5 283.8 274.8 262.9 258.7 255.5 254.5 257.4 261.1 266.7 274 281.7 290.1 301.6 313.7 330.7 346.1 355.4 366.7 380.2 386.2 383.7 375.1 358.1 336.6 320 307 295.1 281 279.5 296 311.1 319.8 324.3 314.3
286.3 286.3 288.2 293.2 300.5 308.7 317.6 323.2 329 333.9 332 326.5 320.3 313.4 306.2 300.1 294.5 290.2 285.2 279.8 277.4 275.2 265.5 272.6 278 279.4 279.7 286.3 289.7 288.9 291.8 295.9 300.3 299.8 299 298.6 299.8 302.8 309.5 320.7 323.6 316.4 306.2 294.2 283.1 272.8 264 258.9 256 255.8 259.7 263.7 269.5 276.3 283.4 294.4 304.7 319.1 333.4 348.3 365.7 380.6 389.9 392.7 386.4 372.3 353.3 335.4 322.5 311.2 297.7 283.2 297.9 314.4 322.6 331.8 339 330.9
279.3 281 287.8 292.8 297.8 307.6 315.7 323.7 328.6 328.6 325.6 319.4 313 306.4 299 293.3 287.4 286.2 280.8 276.5 273.9 270.2 264.8 264.8 270.3 275 270.9 271.5 277.9 277.5 281.1 284.8 290 291.3 292.7 296.5 300.8 308.2 322.3 328.8 323 317.1 306.7 295.6 283 274.6 265.6 257.5 256.1 256.9 259.9 264 270.1 276.4 284.6 297 311.7 326.7 338.4 353.7 374 389.9 397.7 395.1 385.1 368.8 351.5 337 324.9 315.8 298.9 300.5 313.4 323.4 331.1 339.9 346 343
273.7 276 284.1 291.1 299.1 306 312 318.9 321.7 320.3 316.2 308.2 301.6 295.5 289.4 280.6 277 274.8 272.7 269.8 268.6 263.7 261.4 258.7 264.9 264.9 263.3 263.3 266.4 268.5 271.8 277.2 283 286.7 290.1 297.7 306.7 316.9 330.8 327.1 325 320.2 313.7 300.8 285.4 276.5 261.1 258.1 258 258.2 261.7 266.2 271.7 277.8 287 302.9 320.1 334.1 344.6 360.4 378.9 394.7 399.6 393 381.1 365 350.7 339 329.3 317 306.9 312.9 322.7 329.7 337.6 346 353.8 355.1
265.4 269.5 278.2 287.3 295.7 300 302.3 305.4 307.1 306.4 302.9 298.2 291.2 284.5 277.6 271 268.1 265.3 264.8 263 262.4 260.9 259.8 255.9 260 260.2 261.8 262 264.1 266.1 271.8 276.6 281.7 286.2 293.3 303 310.9 326.3 326.5 323.4 323.7 326 315.9 297.2 282.6 274.3 263.6 259.4 260.2 260.4 265 269.3 274.9 280.2 291.3 307.7 326 340.2 350.2 365.1 381.3 394.6 393.2 387.6 376.3 361.9 349.7 340 329.2 319.3 332.3 330.4 329.6 335.8 343.3 352.8 362 362.9
