Assets/StreamingAssets/GeoData/Data/so/SO40.asc
ncols 200
nrows 200
xllcorner 340000
yllcorner 200000
cellsize 50
[rows 111 to 147 of 200, columns 83 to 165 of 200]
57.9 56.1 49 43 42.4 44 49.5 55.6 61.8 66.7 71.8 76.8 82.3 85.2 88.9 92.8 95.9 94.8 91.5 89.9 91.1 95.7 98.6 100.1 95.7 91.5 85.3 80 77.1 78.5 78.2 71.7 64.8 65.2 69.4 75.4 81.8 91.3 96 96.3 94.3 88.2 85.8 87.2 88.3 92.2 95 99.9 108.2 115 122.5 131.6 142 151.4 156.5 159.5 163.1 165.6 164.4 164.8 167.4 173.2 179.9 184.3 178.8 167.8 150.1 140.5 138.1 141.3 147.8 154 144.2 120.7 120.7 127.1 136.9 149.6 167.3 179.7 187.1 194.4 200.1
55.1 52.7 47.1 41.9 41.8 44.1 49.1 54.7 61.2 68.6 75.1 81.6 85.9 88.4 90.1 93 94 91.6 88.3 86 90.7 94.3 96.9 99.3 95.2 90.7 84.2 76.7 74.1 73.7 74.5 68.5 63.1 65.7 71.8 78.2 83.8 92.2 95.5 94.9 92.9 87.2 83.6 84.9 87 88.4 90.5 94.4 100.3 105.3 110.8 116.6 125.2 127.9 129.2 132.6 138.6 141.2 140.5 142.5 143.9 148.2 153.4 160.5 162.5 146.9 133.1 122.9 120.4 118.5 120.5 126 123.2 123.9 137.7 147.3 154 159.6 167.1 174.7 185.7 194.2 199.4
52.5 48.1 42.9 40.5 41.8 44.4 49.5 55.4 62.7 70.3 77.8 85.5 88.4 88 86.8 89.7 91.2 88.6 84.6 83.4 89.6 92.3 94.8 97 94 89.1 82 73.9 70 69.4 70.7 64.1 62.8 67.7 76.4 81.9 85.4 89.9 93.5 93.3 91.5 86.9 81.3 81.8 84.6 85.6 87.5 89.6 92.6 97.4 101.3 106.5 111.8 114.8 117.9 120.1 123.3 125.5 124.1 124.3 127.4 129.2 136.2 140.3 141.3 132.8 122.1 113.8 120 126.8 125.1 120.2 125.1 142.6 155.4 164.4 171.7 177.3 180.5 185.8 193.4 197.5 200.5
49.6 43.8 40.2 40.4 41.3 45.4 50.3 56.6 63.4 71.9 80.7 88.8 89.1 84.5 82.5 86.5 88.7 85.6 81.5 81.6 86.5 91.1 93.6 95.5 93.2 89.3 82.7 73.6 67.5 64.8 65.4 61.6 64.2 73.1 81.9 83 84.1 86.5 89.8 91 89.7 85.2 79.9 79.2 82.1 82.7 84.3 85 86.9 90.4 93.6 97.9 102 106.2 108.8 110.2 110.2 111.4 108.9 107.5 110.3 112.3 115.4 119 123.6 119.3 109.2 121 136.2 144.4 148 140.5 137.1 156.1 168.7 177.4 184.6 188 189 192.1 195.9 200.1 202.3
45 40.4 39.1 42.4 43.3 45.2 50.9 57.3 64.5 73.6 82.5 90.1 89.8 84.1 78.8 83.5 86.3 83.4 79.5 79.9 85 89.5 92.1 93.7 92 87.6 82 73.5 67.3 63.2 60.7 61 68.9 77.7 84.2 83.2 80.8 81.8 87.3 90.4 88 83.9 78.3 77.4 79.7 79.7 80.7 81.5 83 85.9 87.7 90.8 93.1 94.9 95.5 97.6 98.4 95.1 91.1 93.3 93.5 95.1 96.3 97.8 102.3 103.7 118.6 136.8 151.5 167.2 167.2 152.4 148.1 167.4 179.3 188.2 190.8 192.2 192.8 195.7 198.5 201.8 203.3
40.6 38.9 41.7 48.1 47.7 46.3 50.7 58.1 65.8 75.2 84 90.7 89.4 80.1 75 81 82.9 80.2 76.6 79.3 85.1 87.6 89.3 92.6 90.4 85.3 79.5 70.4 65.5 61.6 59 65.8 72.8 80.8 83.1 82.1 80.3 78.3 83.7 87.7 85.8 82.8 77.2 75.6 77 76.7 77.7 78.6 80.6 80.8 79.9 81 84.2 85.8 86.6 87.4 87.7 92.9 95.8 100.3 102.9 106.5 107.1 106.3 113.2 121.3 135.8 151.2 165 177.3 172.8 161.8 152.2 165.2 174.1 186 191.2 193.3 194.9 197.6 200.2 202.7 204.5
38.4 39.3 46.1 51.7 52.8 49.7 53.2 61.2 69.1 77.1 85.3 91 86.5 76.8 71.6 77.4 79.1 75.2 75.4 80.2 84.9 86.5 86.7 90 88.9 82.6 73.8 66.4 62.5 59.9 58.5 66.4 73.3 79.4 80.2 78.8 77.8 74.6 78.6 84.2 81.2 79.5 75.5 71 72.6 74.9 77 78.1 78.1 79.8 82.5 83.6 84.9 90.3 94.7 98.2 99.9 102.2 106.3 109.6 112.5 116.2 119.6 124 130.7 139.7 152.1 165.5 180.2 185 181.4 172.5 158.3 160.4 168 182.2 191.8 194.7 196.1 199 201 202.6 204.5
38.1 40.8 47.1 52.4 55 53.8 59.7 66.3 72.7 79.7 86.5 90.2 82.7 73.8 68.2 73.1 73.8 71.8 76.4 80.6 84 82.2 86.5 90.7 87 80.9 72.2 66.6 63.2 59.3 60.5 66.2 72.9 77.9 77.3 75.9 74.9 71.6 72.1 76.4 75.3 72.1 71 72.2 74.3 75.9 77.2 78.6 79.4 80.7 85.9 90.2 94.4 98.7 104.3 108.2 111.7 111.8 114.7 117.8 121.7 124.3 133.2 139.6 147.8 157.5 169.8 182.2 196.5 193.1 186.5 177.2 171 172.7 165.6 172.7 186.8 193.3 196.2 197.7 199.6 201 203
39.5 43.9 50 53.5 56.8 58.2 63.6 69.5 77 83.4 86.2 89.8 83.2 74.6 65.2 63.7 66.8 72.7 77.2 80.7 81.6 77.5 82.1 86.7 84.3 79.1 74.8 70.7 62.7 58.1 60.2 63.7 70.2 74.9 72.9 72.7 71 68.7 68.2 68.6 68.7 68.9 71.3 72.9 74.3 75.7 77 77.4 79.1 83.3 88.3 94.4 100 106.6 113.4 116.9 118.6 122.5 123.7 128.1 133.3 141.8 148.4 156.4 165.6 177.1 189.9 201.5 203.3 196.3 190.1 182.4 178.4 180.7 175.9 174.2 174.8 183 186.3 190.2 195.9 202.1 203.9
44.1 49.5 54.5 59 60.8 62 66.3 72.4 79.8 84.6 87.4 88.8 84.7 74 64.5 61.9 67.3 74 78.1 79.9 78.2 72.8 78.6 82.3 80.9 76.8 72.2 68.6 62.4 57.6 59 63.8 70.1 71.8 69.8 69.4 67.5 66.6 67.3 65.8 67.3 69.9 71 72.3 73.9 75 76.1 79 81.7 86.1 93.2 100.6 109.4 115.9 122.2 126.9 132.8 135.1 135.5 139 150.7 158.5 166.3 175.8 187.7 201.4 208.9 209.3 206.9 199 193.5 187.5 183.3 187.3 188.4 187.9 185.4 188.3 193 198.5 201.4 203.8 205.6
48.9 53.3 58.8 63.5 67.5 68.8 71.4 75.7 81.3 83.8 85.6 87 83.2 74.7 63.7 61.2 67.6 73.6 77.5 77 74.5 68.2 75.3 77.5 76 71.5 66.5 63.9 60.7 56.5 59.1 63.9 67.8 68.8 66.1 65.5 65.9 65.8 65.6 65.8 68.1 69.9 70.6 71.4 73.4 75.1 78 80.5 85.1 91.6 101 113.3 124.4 131 135 142.9 148 152.1 156 161.3 165.2 176.4 185.7 199.8 212.3 213.5 216.7 213.8 210.2 203.9 198 192.7 189 191.6 195 196.9 195.7 197.5 199.9 203.4 205.4 206.7 207.6
49.6 56.2 62.3 67.9 72.2 74.8 77.4 79.2 80.4 80.7 83 84.4 80.2 73.1 63.1 60.5 65.9 72 75.8 74 71.5 64.1 71.3 71.1 68.5 64.4 59.7 55.9 55.5 57.4 59.3 62.2 62.4 64.4 62.9 63.7 63.8 63.6 65.7 67.1 68 69 70.2 71.9 73.4 77 79.9 83.8 88.2 97.1 108.3 123.2 134 144.9 152.4 158.9 174.6 177.4 177.6 182.6 187.2 196 205.8 219.1 218 218.3 218.9 216.9 213.3 207.7 200.9 196.3 194.5 194.7 200.8 200.8 201.3 203.6 205.8 207.9 208.7 209.1 209.7
52.1 59 65.7 71.4 75.9 78.8 80.1 78.2 77.4 76.7 79.9 81.8 77.4 69.8 61.5 58.8 63.7 69.6 73.4 71.6 67.2 61.9 64.4 65.5 61.8 58.9 55.9 56 56.9 58.1 58.4 59 59.4 60 60.7 61.7 62.6 64.1 66.5 68 69.3 71.9 75 73.2 75 77.1 80.6 85 90 100.8 112.4 127.1 140.8 153.6 162.9 169.9 183.5 185.3 192.8 200.7 208.5 216.1 218 222.6 221.6 221.6 220.8 218.7 215.9 209.7 204.9 200.5 199.4 199.7 201.8 204.1 204.2 208.1 209.9 210.5 211 210.7 210.4
54.9 62.4 68.7 73.6 78.9 80.7 78.8 73.7 70.1 73.4 76.7 79.3 77.8 69.7 60.9 55.9 60.9 65.4 69.5 68.3 63.4 58.9 58.5 59.3 56.2 55.7 54.2 55.9 56.5 56.9 57.3 57.1 60.1 60.7 61.6 63.4 64.9 66.9 69.6 70 72.8 75.9 78.5 75.1 76.1 79.2 82.3 86.7 93.1 102.1 114.6 127.6 143.1 156.2 166.7 176.6 191.2 192.7 203.6 213.5 218.2 220.1 220.2 223 223 222.4 222 220 216.4 212.5 208 205.6 203.8 204.8 205.4 206 207.5 209.2 210.8 211.3 211.7 210.9 210.6
55.1 63.4 71 76.3 81.5 81.4 75.9 69.2 64.9 69.2 72.7 76.6 76.3 70.6 61.3 55.1 58.4 62.7 64.1 62.4 59.5 55.9 54.5 52.7 53.6 54.2 55.4 55.6 56.2 56.8 58.3 60.2 60.7 62.3 63.9 64.8 67.5 68.9 72 74 77.9 78.5 80.6 76.4 77.4 81.7 85 88.8 94.8 103.9 115.4 129 144.5 155.7 166.9 183.1 197.4 201.5 211.4 219.8 220.4 219.6 220.2 223 223 223.1 222 220.9 217.9 214.6 211 208.9 207.8 207.5 207 206.6 207.7 208.8 209.5 210.1 210.3 209.8 209.6
54.3 63.7 72.3 78.3 83.5 80.9 74.4 67.1 60.9 65 68.8 72.1 73.9 70.2 61.6 54.6 56.2 59.1 58.7 57.7 55.4 52.8 51.6 51.9 53.6 54.5 55.4 55.9 57.3 59 60.6 62 62.9 67.2 66.3 66 69.5 73 74.9 78.1 81.6 81.8 82.1 78 79.1 82.3 85.9 90.1 96.9 105.1 115.6 126.8 140.1 154.6 166.8 177.6 199.4 206.4 206.4 217.4 219.2 218 219.5 222 222.3 221.8 222 221.6 219 215.5 211.8 211.1 210.2 208.7 207.6 206.6 206.8 206.5 207.5 208.4 208.8 208.6 205.9
52.2 62.6 71.7 78.9 84.1 81.6 74.1 64.8 58.5 61.2 64.7 68.5 70.6 68.2 63.1 54 53.8 55.7 54.3 52.8 52 51.7 51.5 52.3 53.9 55.9 57.2 57.7 60.2 62.4 66.6 69.3 69.5 70.9 69.7 67 70.6 75 78.3 81.4 85.4 85.3 84.4 79.6 81.3 82.8 86.3 91.3 98.2 105.8 114.3 124.3 137.1 150 161.2 171 189.4 191.3 197.4 208 215.4 215.1 216.2 219.4 221.3 221.4 222.1 221.7 219.9 216.6 214 212.4 210.7 208.8 206.9 205.8 205 205.1 205.8 207.1 207.5 206.4 201.6
47.7 59.8 68.5 74.7 81.8 81.8 73.1 62.1 56.3 57.4 61.7 64.3 66.4 66 61.7 54.3 51.1 53.3 50.8 50.5 50.3 50.7 51.3 53.3 57.2 61 61 59.8 62.5 66.8 71 76.4 75.6 73.9 71.2 68.4 70.9 76 80.3 84.5 88.6 88.3 87 81.2 81.9 86.1 87.9 92 96.8 105.6 113.8 122.5 130.9 144.3 153.6 164.8 172.9 179.1 183.9 189.8 207.7 209.9 213.3 217 219.6 220.1 221.4 221.8 220.1 217.4 215.8 213.6 211.8 209.1 207 205.7 204 204.1 205.5 206.9 207.2 204.8 198.5
41.1 49.9 60.6 69.6 78.2 81.3 74.6 63.2 55.4 54.5 59.3 61.8 62.5 63.1 59.3 54.1 49.1 49.7 49.7 48.6 50.5 51.1 52.8 55 60.1 65.1 64.1 62.4 64.5 70.2 74.8 80.8 80.4 77.3 72.4 68.7 71.3 76.5 81.5 86.3 91 92 88.6 83.2 83.3 87.3 91.2 94.2 98.5 105.1 111.7 119.4 125.8 134.6 147.6 155.1 159.9 165.8 171.5 177.4 186.2 201.1 208.3 212.8 217.4 220.1 221.4 222 220.4 218 216.7 214.6 211.8 210.3 207.7 205.2 203.6 204.4 206 206.8 207 204.8 198.6
36.3 44.6 53.6 64.5 74.9 80.4 76 65.1 55.3 52.4 55.2 57.4 57 57.2 55.8 51.4 48.7 48.8 49.5 49.6 50.8 53.2 56.1 59.2 65.6 68.1 69.3 65.8 66.5 71 77.1 83.3 82.6 81.1 76.5 70.9 71 76.1 81.4 87.8 93.6 94.5 89.2 85.1 85.5 87.7 91.4 95 100.1 104.1 109.5 115.4 120.5 127.3 138 142.5 147.5 153.7 160.6 167.2 175.1 192.3 203.5 210.2 216 220.2 220.9 221.8 220.6 219.2 217.6 214.9 211.9 209.6 206.8 203.7 203 204.6 206.6 207 206.1 203.1 197.2
37.9 42.2 49.2 60.9 70.7 76.4 74.3 65.4 54.4 51.2 52.2 52.9 52 52 51 48.5 47.7 47.5 48.6 51.1 54.8 57.8 63.7 67.8 73 76.1 75.4 71 70.3 73.8 79.5 85.2 83.8 84.4 79.4 74 73.1 76.9 82.4 88.2 95.5 96.7 91.2 86.7 88.6 89.9 92.1 94.9 99.9 103.5 107.2 110.9 114.4 120.8 126.9 133 137.9 143.7 150.8 158.3 165.1 176.3 198 207.3 214.3 219.5 220.4 220.8 220.2 220.4 217.7 214.4 209.9 206.4 205.3 203.3 203.6 205 206.2 206.5 205 201 192.5
39.1 39.2 46.7 56.2 65.9 72 71.8 65.3 55.9 49.9 49.2 48.8 48.3 47.9 47.2 47.7 47.9 49.2 53 56.7 61.1 65.5 68.5 72.4 76.6 80.3 79.7 75.2 75.5 77.1 82.7 88.3 86.4 87.5 83 76.7 74.9 80.2 84.7 92.1 97.3 98.9 94.9 92.4 91.5 90.5 91.5 94 97.8 101.4 103.3 105.6 109.6 114.4 118.5 124.8 130.8 135.4 142.2 150.3 158.7 168.1 185.6 201.2 209.7 217.3 218.8 218.7 218.4 218.7 217.2 213.7 209.1 205.3 203 202.5 203.7 205.7 204.7 204.2 202.7 197.9 191.3
39.2 38.5 43.1 51.2 60.7 66.4 67.3 62.7 53.9 48.3 47.4 46.8 46.2 46.3 46.8 45.3 51.8 57.4 61.7 63.4 63.7 67.2 69.7 72.6 75.3 80.3 81.5 81.8 79.9 80.3 88.2 92.5 89.7 88.3 84.4 78 77.9 83 87.8 97.3 100.4 100.8 97.8 93.8 90.1 88.9 90.3 91.5 94.6 97.1 98.2 100 104.3 108.8 112.9 118.5 125.2 130.7 136.9 144.3 151 160 170.9 193.7 203.6 210.7 216.1 215.5 215.5 216.1 214.9 212.4 206.9 203.5 201.4 202.6 204.2 205 201.8 198.5 197.2 194.2 189.4
39.3 39.5 40.8 46.5 56.2 61.9 62.2 59.4 50.3 46.3 46.1 45.4 44.3 44.3 47.4 52 56.1 59.7 63.1 65.1 64 65.2 66.5 69.1 72.2 77.8 81.9 84.6 84.1 87.6 94.5 95.4 91.3 88.4 85.9 81.7 80.9 85.6 91.9 100.2 102.5 101.6 98.6 93.2 88.5 86.8 87.7 89.7 91 93.5 94.4 98.3 101.1 105.7 110.1 115.8 120.1 126.1 131.6 138.8 145.1 152.6 163.7 181.6 196.9 203.5 209.2 211.7 211.4 211.8 212.1 208.6 205.5 201.9 199.2 203.2 203.9 202.5 199.2 196 193.4 190.8 186.1
39.7 39.5 40 44.6 51.7 57 58.1 54.5 47.6 44.9 44.8 44.7 45 46.2 50.4 54 54.2 55.8 58.8 59.8 57.4 58.4 61.6 63.4 68.1 75.7 82.4 86.8 88.6 93.9 98.4 96.3 93.1 90 88 84.1 83.9 87.6 93.2 102.1 102.9 101 96.4 91.2 87.7 85 85.8 86.8 88.6 90.6 92.9 96.2 99.3 104.3 108.7 113.1 117.1 122.4 127.6 134.5 141 146.8 154.4 170.6 191.5 196.2 202.3 203.1 205.5 206.2 206.6 204.6 202.7 200.4 198.4 200.1 201.5 200 196.8 194.2 191.6 189 186.4
40 40.2 40.8 42 48.8 53.6 52.4 47.8 45 44.2 44 44.4 44.8 45 47 50.5 48.5 48.8 49.5 50.1 50.1 51.3 53.7 58.2 64.7 73.4 81.8 87.7 90.2 95.3 99.2 97.6 96.6 93 90 87.1 88.6 91.6 95.6 102.9 102.2 99.6 95.5 89.7 84.7 82.8 83.7 84.9 86.4 89.4 92.1 95 98.2 101.5 105 108.9 114.2 117.3 123.2 128.9 135.8 142.4 149.7 159.6 175.1 184.4 189.4 191.7 195.3 198.2 199.3 200.9 202.6 201.3 200.8 196.5 196.6 197.9 195.4 192.3 189.2 185.1 184.3
40.8 40.7 40.8 40.7 44.7 48.5 47.7 43.8 43.4 43.2 44.3 46 49 47 45 45.8 47.2 47.7 49.1 50.1 50.4 51 50.2 55.9 63.1 70.9 81.4 85.9 86.4 92.6 97.3 99.2 98.7 95.7 92.6 90.9 93 96.1 99.6 103.1 100 97.2 94.6 88.6 83.3 80.8 81.2 83.2 85 86.1 89.6 93 94.7 96.2 102.2 104.9 109.5 113.9 119.1 125.6 131.5 136.7 143.2 153 164 174.1 179.3 184.7 189.4 194.2 198.3 202.6 204.6 203 201.5 199.6 195.8 192.7 193.5 190.3 186.3 181.9 181.2
42 41.1 39.4 41 41.9 44.5 42.8 43.3 43.2 43.2 47.5 52.4 58.8 56.8 49.5 48 52.6 53.9 58.1 59.3 59.1 57.1 51.3 52.6 60.3 70.2 79.4 82.4 80.7 88.4 95.1 99.2 100.7 98.3 95.7 94.4 96.3 99 102.2 101.8 97.7 93.9 92.3 87.1 81.5 79 80.2 81.6 85 86 88.5 92.1 96.9 100.1 105.6 109.6 113.8 120 125.9 131 137.6 143 148.8 157.5 164.1 170.5 178.8 185.8 190 195.9 203.9 208.1 207.1 203.3 200.5 197.3 195.8 192.4 186.4 186 183.3 178.6 174.8
43.9 42.3 40.6 40.6 40.5 41.3 42.1 43 44.3 48.1 53.6 59.2 69.7 67.5 56.4 50.4 58.7 65.1 72.5 71.7 67.4 59.3 51.3 52.9 60.4 70.9 78.2 78.2 74 83.4 92 97.9 100.9 99.2 97.3 96 96.4 97.7 100.9 98.2 94.2 90.6 89.6 85.3 79.4 76.2 77.9 81.1 83.1 89.5 93.3 97.3 101.9 107 109.7 114.6 118.9 125 131.5 138.6 145.8 152.2 157 165.9 173.3 177.7 185.2 189.3 196.4 200.7 207.4 211 209 204.7 200.3 197.4 195.4 193 189.4 187.1 184.2 180.4 175.9
46.8 43.9 42.7 43.3 41.9 42.4 43 45.8 49.3 53.3 58.6 68.2 77.6 70.3 57.7 53.8 62.3 70.7 78.1 76.9 70.2 58.7 52.7 54.8 61.9 71.1 76.2 73.5 68.4 74.5 88 93.9 97.6 96.7 94.2 92.4 92.8 91.7 95.8 95.6 90.7 86.2 84.9 82.5 76.6 74.8 78.2 81.6 86.9 92.3 96.5 100.2 104.9 110.3 113 118.2 123.3 129.8 137.3 144.7 151.2 159.8 175 184.6 187.9 192.6 198.7 204.5 206.6 209.6 210.2 211.3 208.6 204.7 201.1 199 197.6 195.5 192.3 189.9 186.4 183.1 179.8
49.3 46.7 45.6 47.4 44.5 46.2 47.1 51.6 55.1 59.9 65.9 76 82.4 69.9 60.1 58.2 66.6 75.1 83.3 79.7 73 61.9 51.8 54.8 61.8 69.1 72.6 71.4 64.7 67 79.5 87.5 92.2 91.2 88.7 86.8 86.5 86 90.2 91.1 87.3 82.1 79.6 77.5 72.8 76 79.3 83.5 88.3 93.3 98.6 103.1 106.8 111.7 117.7 123.4 128.6 136.2 143.6 152.6 158.3 175.4 192.6 198.8 200.7 209.9 212.3 215 213.6 214.3 213 211.4 207.4 205 203 201.3 199.9 198.1 195.8 192.7 189.4 186.3 183.2
54.3 50.9 51.1 52.5 52.3 51.2 55.3 60.2 64.7 71.1 80.9 88.8 84.4 73.3 62.7 62.3 69.8 79.9 85.5 81.1 72.4 62.6 52.3 54.2 59.1 65.2 67.4 65.5 62.2 61.7 67.4 81 85.7 86.7 85.1 80.1 80.2 80.8 83.2 86.4 84.2 79.3 75.3 71.2 75.3 78.3 79.9 83 87.6 91.7 96.1 99.8 108.7 116 121.9 127.6 134.1 140.6 150.4 158.2 170.4 186.6 198.7 207.4 213.8 217.7 221.3 220.3 219.8 218.4 216.3 212.3 208.9 207.5 205.7 204.2 202.4 200.3 198 195.2 192.5 189.5 186.1
59.3 55 57.7 58.8 58 60.1 65.6 73.4 82.6 90.9 93.3 94.5 88.1 76.4 66.2 66.1 73.6 85.1 87.4 82.6 72.2 63.4 56.4 54.2 55.1 56.8 59.1 55.8 57.6 58.5 61.7 69.4 77.3 81 79.8 75.3 74.5 74.4 76 79 79.7 76.7 70.7 72.8 76.4 79.9 83.3 84.6 85.2 90.4 97.7 103.6 110.5 118.7 125.2 132.2 139.5 148.2 156.7 164.2 180.3 200.3 208.5 214.5 220.6 224.2 226.5 224 222.9 220.9 218.1 214.2 210.4 208.2 206.6 205.3 203 201.5 199.6 197.2 194.7 191.6 188.2
65.3 61.7 63.6 65 64.2 69.9 79.7 88.8 94.9 99.6 100.8 97.4 89.2 77.9 70.9 71.9 81.2 91.4 91.2 82.8 71.8 64.1 60.6 60.2 56.5 55.6 54.6 58.9 61.5 61 58.5 65.1 70.5 74.7 74.1 70.9 69 68.3 69.7 70.7 71.6 72.3 72.7 74.5 77.9 82.3 85.7 88.4 90 94.1 100.9 109.2 114.2 119.9 126.7 134.8 144.4 153.2 161.6 171.6 186 209.5 215.1 221.4 227 229.9 229.5 227.6 225.8 222.6 219.7 215.6 211 207 203.8 201.8 199.8 199.1 199.1 197.2 195 192.7 189.5
72 67.5 70.2 72 73.3 80.7 90.4 95.6 99.8 102.7 101.4 97.7 91.5 86.4 79.6 80 90.9 97.4 94.7 83.9 76.2 70.1 65.1 65.5 66.4 62.1 60.4 62.5 65.7 64.4 60.5 60.4 64.3 67.2 68.1 66.6 64.1 65.5 67.5 65.2 70.6 69.7 74 76.1 79.4 83.9 88.9 92.4 95.8 99.2 105.8 111.4 117 123.1 129.3 138.5 147.6 158.1 166.6 178.7 195.8 220.4 225.6 228.3 231.2 233.6 232.5 230.7 227.9 223.3 219 214.8 209.5 204.2 200.2 196.9 195.4 194.4 194.4 194.8 193.7 191.8 190
76.4 74.2 75.7 77.9 81.3 87.2 94.1 98.7 101 101.5 100.4 98.1 95.6 93.6 91.3 93.7 100.3 102.4 96.5 89.1 87.6 81.2 71.4 68 74 68.4 65.9 66.5 69.6 68.4 63 61.3 61.2 61.7 62.3 64.5 66.6 69.9 71.8 68.9 69.4 72.3 76.2 80.1 82.1 86.4 91.6 95.8 99.4 102.7 106.8 111.9 118 124.2 131.9 141 150.3 161.1 173.3 189.7 204.6 228.5 232.1 234.8 235.1 234.8 234 231.7 228.2 223.6 217.6 213.1 207.9 201.2 195 191.3 189 188.9 189.3 189.3 190.5 189.5 188.7
79.4 79.2 80.3 83.6 87.3 92.4 96.7 99.5 100.5 99.1 98.1 97 98 98.9 101.1 103.4 106.3 106.6 102 97.9 98.1 93.7 83.6 75.8 83 77.3 72.6 70.5 75 71.9 66.4 66.4 71.9 70.4 70.4 72.1 71.3 77.1 78.8 72 69.5 74.9 78.8 82.1 86.3 89.8 93.9 98 101.9 105.7 109.9 114.1 120.6 126.7 133.4 143.1 153.7 165.7 182.2 198.2 224.3 232 236.7 238.4 239 235.8 233.7 231.4 227.6 222.5 216.2 210.3 206 198.8 191.6 185.2 182.8 183.1 184.2 185 186.1 187.4 187.7
