Assets/StreamingAssets/GeoData/Data/so/SO42.asc
ncols 200
nrows 200
xllcorner 340000
yllcorner 220000
cellsize 50
[rows 108 to 143 of 200, columns 80 to 159 of 200]
245.2 239 243.5 246.5 250.9 253.7 257.8 262.4 263.8 262.4 260.8 259 255.5 249.4 245.9 241.3 238.2 232.4 231.6 235.5 241.5 248.2 252.5 255.9 258.9 258.3 257.2 255.2 255.8 254.3 251.3 249.5 247.9 245.3 241.7 237.9 234 229.8 226.3 220.9 214.6 209.1 203.8 199.1 192 186.7 184.7 186.6 187.3 186.7 184.8 183.6 181.6 179.6 176.5 174.2 172.1 169.2 166.4 163.5 160.5 156.9 155.7 152.5 145.8 146.2 144.1 141.9 139.6 139.1 137.8 134.9 130.4 128.8 122.7 111.7 97.3 86.2 89.7 97
231.5 231.3 231.9 234.2 240.4 242.5 247.9 254.6 257 255.3 253.5 250.3 248 243.2 236.4 235.2 228.3 224.2 225.6 230.7 238.5 243.7 249.6 252.4 254.8 253.5 252.1 251.1 250.2 249.3 247.2 243.9 243 240 236.2 232.7 229.9 225.9 221.6 215.5 211.4 205 199.9 194.7 187.2 181.9 179.4 182.6 183.7 182.7 182.6 180.5 179.9 177.6 176 174.6 172.6 168.8 164.8 162.7 159.7 157.6 154 150.9 145.6 144.8 143.2 141 138.6 137.7 136.6 133.1 129 128.1 122.5 111.9 103.4 89 86.9 93.6
221.1 216.1 219 221.7 226.5 231.3 237.2 245.2 249.1 249.5 246.6 242.8 240 237.1 227.9 223.2 217.7 214.1 223.6 230.6 238.9 244 248.3 250.1 250.4 250.1 247.8 246.8 244.8 244.4 243.1 239.8 238.4 234.5 230.5 228.2 225.5 221.2 217.2 211.9 206 200.4 194.7 189 182.3 176.5 175 178.4 179.5 178.4 177.8 176.3 176.6 174.7 173 172.3 170.3 166.7 163.7 160.7 156.2 155.4 152 148 143.5 141.9 140 139.1 136.3 135.1 134.2 131.6 128.2 125.2 120.9 114.9 107 93.4 84.9 88.8
204.9 207.1 200.1 209.6 214.3 222.1 228.9 236.3 240.3 242.4 241.4 235.7 231.4 228.1 218.8 209.6 205.8 214.3 222.9 230.3 238.3 242.9 245.5 246.3 246.3 247.1 244.6 242.9 240.6 239.7 238.6 234.6 233.8 230 226.6 223.1 220.1 217 212.3 206.7 202.8 197.4 192.2 185.3 178.2 172.7 169.8 174 175 174.2 172.9 172 172.2 170.7 169.4 169.1 167.4 164.2 161.3 157.6 155.5 153 149.3 145.1 140.4 139.3 137.7 137 133.3 130.4 130.7 128 125.3 122 119.8 115.3 109.4 102 91 83.9
191.4 189.3 186.5 195 202.2 210.6 220 226.2 232.8 236.2 236.4 228.8 224.5 218.7 208.4 199 203.8 212.3 220.7 228 235.9 240.5 242.4 242.8 242.6 243.7 241.2 238.6 236 235.5 234 230.9 229.2 225.7 221.7 218.2 215.3 212.6 208.7 203.9 199.5 194.7 189.4 184 179 172.6 168 167.6 170.3 169.8 168.9 168.5 167.5 166.4 164.9 165.1 163.7 161.3 158.8 154.9 152.2 149.8 145.9 142.1 138.1 135.9 134.4 133.2 131.3 128.6 126.3 123.5 122.6 118.9 116.5 114.3 109.4 105.8 100.9 93.1
184 178.8 177.4 177.5 191.4 201 211.3 217.7 223 230.7 229.5 223.5 214.7 206.5 200.5 193.3 201.5 209.9 217.9 224.6 232.2 236.4 238.7 238.6 239 239.1 236.4 233.4 232.3 231.2 230 225.8 224.2 220.9 216.1 212.6 209.5 207.9 205.7 200.4 195.1 190.4 186 182.5 177.8 172.6 166.4 162.1 163.7 165.2 164.5 164.6 163 162.4 161.3 161.4 160.7 158.4 156.4 153.7 151.2 147.2 143.8 139.3 135.1 132 131.4 129.4 127.6 124.3 121.6 120.1 118.6 115.3 112.9 111.6 108.4 106 102.9 98.4
180.1 171.3 166.5 167.4 175.5 186.5 200.7 208.3 214.8 221.9 223.5 218.3 208 199.5 194.8 187.5 198.2 206.7 214.7 221.6 229 232.7 233.5 234 234.8 234.7 232.8 229 228.6 227.8 226 223 219.9 215.8 210.7 206.7 203.6 203.5 200.6 196.2 192.4 190.2 186.2 183.2 178.2 173.6 168.3 160.7 157.2 157.8 159 160.1 159.2 157.6 157.3 157.1 157.2 155.2 153.4 150.8 148.2 144.7 140.2 135.5 131.9 129 127.1 125.2 122.4 120 117.6 115.5 113.3 111 109.1 105.9 104.6 102.9 100.7 97.6
179.8 170 164.3 157.3 161.7 167.3 184.7 197.4 205.3 215.4 220.1 213.9 205.1 196.2 190 185.7 194.3 202.8 211 218 225.5 229 229.3 230.6 231.1 230.3 228.6 224.6 223.6 225.4 221.8 218 215.3 210.2 205.1 200.8 197.5 197.9 194.9 191.8 191.3 190 187 183.9 179.7 175.5 170.4 165.4 159 149.9 153.9 155.1 154.9 152.5 152.4 153.3 153.9 152 150.2 147.9 143.2 140.8 137.2 132.5 128.2 124.7 121.5 120.6 116.4 114.6 110.7 108.3 106.6 106 102.9 99.2 96.9 96.7 94.9 92
180.2 171 164.5 155.6 152 157.3 166.9 184.8 198.2 210.8 215.7 210.6 203.7 194.9 185.4 181.7 191.5 199.9 207.3 213.9 220.8 224.3 225.4 225.9 224 225.9 224.6 220.2 220.4 220.5 218.3 214.9 209.1 203.8 200.2 194.5 191.5 193.3 189.9 187.9 188.2 187 185.4 182.4 178.5 174.5 170 165.5 160.2 152.6 148 149.3 150.1 148.2 147.3 149.1 149.7 149.2 147.1 144 141.4 136.8 133.5 130.2 125.9 120.3 116.5 113.9 109.8 104.5 100.6 98 96.7 95.4 93.2 91 88.7 86 86.9 85
184.4 175.1 165.7 158.6 151.5 149 157.2 172.9 190.2 205.5 210.3 205.9 200 191.2 182 178.4 188 196.7 204.1 208.9 215.9 220.3 222 221.7 221.8 222.3 220.2 216.4 216.3 215.3 213.7 210.1 205 199.7 193.1 189.6 187.5 188.1 185.3 183.7 185.6 184.5 183.4 180.1 176 172.2 167.1 163.4 157.9 154.5 148.4 142.1 142.2 142.7 141 143.7 144.9 145.8 143.6 142.1 138.8 134.8 131.1 126.5 122.4 117.6 111.2 106.9 102.4 95.3 96.8 97.7 96.3 95 93.2 95.8 99.9 101.4 97 94.3
192 177.2 165.9 160.3 150 144.7 149.3 161.3 178.7 194.7 204.7 200.3 195.2 188.5 177.7 175.5 186.2 193.2 199.7 205.1 212 216.8 218.3 217.8 218.1 218.1 215.8 213.9 212.8 211.3 209.8 206.3 201.4 196 190.4 183.8 182.2 183.8 181 180.8 182.7 180.5 179.5 177.1 173.8 171 167.2 164 159.8 157.1 153.6 149.4 143 137.5 135.5 137.1 139.5 141.2 141.1 139.4 136.7 134.1 129.6 124.1 119.3 114.9 108.6 102.5 96.8 103.3 104.1 105.9 107.1 106.9 107.5 108.9 108 105.8 102.4 98.4
190 178.2 166.2 159.2 149.7 137.5 141 150.6 165.9 180.5 195.9 193.8 190.2 186 171.1 169.9 182 187.7 193.6 200.6 207.7 213.1 215.5 214.9 214.8 213.8 211.8 210.4 208.2 208.5 206.4 203.1 198.5 192.6 186.8 182.4 178 179.5 177.2 177.6 178.7 177.4 176.2 173.6 174.8 172.4 169 165.3 162.2 159.6 157.4 152.7 147.6 141.6 136.1 131.9 132.4 135.7 137.6 138.7 137.7 132.7 127.9 122.1 117.3 112.6 106.8 98.7 105.8 110 113.7 118.6 120.2 118 116.7 115 109.6 107.1 103.2 98.8
190.2 181.2 169.2 160.7 151.2 136.2 130.1 143.2 155.5 168.8 180.8 182 183.2 181.3 168.2 162.4 174.2 182.1 189.1 196.7 205 209.8 212.6 210.6 212.9 210 208.8 206.2 204.2 205.6 203.2 199.9 196.1 191.2 185.4 179.2 174.5 175.1 174.8 175.1 175.4 174.1 172.9 173.9 174.1 171.3 169.2 166.8 163.8 162.4 158.4 155.5 150.9 146.8 141.1 135.3 127.1 129.1 133.8 135.8 134 131 125.2 119.5 114.9 109.8 105.4 103 110.5 117.6 124.1 130.6 129.4 124.7 121.8 116.8 111.1 106.3 102.2 97.9
183.5 174.1 164.6 156.3 146.3 132.3 121.3 135.7 146.3 156.5 164 166 167.1 172.5 168.2 150.8 164.3 175.2 185.9 194.2 202.9 207.6 209.9 211.5 209.6 207 205.6 203.6 201.3 202.2 200.6 197.6 194.2 190 186.3 179.3 171.4 170.8 170.3 172.1 172.9 170.8 169.2 171.3 171.9 170.2 168.6 167.5 165.1 163.7 159.8 157.3 153.6 150.5 146.2 140.5 132.5 126.5 127.3 131.9 131.1 128.1 123.5 119.7 113.6 109.2 101.4 108.5 116.1 124.5 133.2 136.6 134.3 129 122.3 116.7 111.4 105.6 101.4 96
173.1 168.1 154.4 149.4 141.6 128.7 119.8 128.5 136.5 145 148.2 148.9 149.6 151.9 154.3 144.8 159.1 172 183.1 191.3 200.3 206.4 209 208.8 206.5 204.5 202.7 201.1 197.8 198.3 198.5 196 192.2 188.4 184.7 177.7 169.6 165.9 166.7 168.5 169.5 168.4 165.9 167.8 167.9 168.1 168.1 167.1 165.4 162.7 161.4 158.4 156.3 152.7 149.2 145.1 138 130.7 121.9 123.6 126.7 125.5 122.4 118 112.2 105.4 109 115.3 120.5 131.4 138.5 140.2 137.7 131.7 122.6 115.9 110.6 105.8 102.2 100.3
165.4 156.3 145.4 140.6 135.9 127.9 113.6 119.6 127.6 131.2 131 133.1 135.1 138.5 142.7 142.3 160.1 173.4 183.7 191.9 200.9 206.7 206.8 206.1 204.3 201 199.6 198.1 194.8 194.1 193.5 192.2 189 186.4 182 176.2 170.4 164.9 160.4 164.1 165.7 165.6 162.7 163.5 164.7 164.9 166.3 165.8 163.8 162.2 161 159.6 156.5 153.8 150.5 147.3 140.7 134.5 127.3 119.2 119.2 121.3 118.3 113 106.3 111 119.9 124.9 131.1 137.7 142.5 143.4 139.9 132 122.3 116.6 112.3 108.7 106.7 107
156.2 147.1 139.1 133.2 127.3 122.5 113.8 110.7 118.7 118.2 118.6 120.5 123.5 126.5 135.8 149.7 164 174.8 185.3 194 201.7 205.7 205.2 202.9 201.7 198.6 197.9 196.8 194.2 190.7 189.3 188.6 186.8 184 181.2 177.2 173.6 168 161.1 157.9 160.6 161.1 158.5 159 160.5 161.8 164.4 165.2 162.3 160.8 160 158.8 155.1 153.6 150.9 147.3 142.3 136.6 131.8 125.1 116.5 113.6 112 110.4 117.1 122.7 125.9 132.6 138.7 143 146 144.3 140 133.4 123.6 119.4 116 113.4 112.7 113.7
152.2 139.7 131.7 125.4 119.3 115.2 109.9 105.6 108 111.1 120.4 128.9 137.8 146.1 154.6 162.5 169.7 179 188.2 196.8 201.4 203.9 203.1 201 199 195.3 195.2 193.9 191.8 189 185.8 185.1 183.7 181.7 178.8 176.7 174 169.1 163 156.9 155.2 156.2 155.4 155.1 154.6 156.7 160.1 161.9 160.4 158.7 157.7 157.4 153.9 151.2 149.3 146.1 142 137.3 133.3 125.7 117.6 111.3 116.8 121.5 125.1 128.6 135.9 141.2 144.7 147.3 147.4 144.4 139.8 133.8 127.4 125.2 121.6 120 119 119.8
145.7 134.9 125.8 118.7 114.5 110.5 102.8 100.2 109.3 116.8 127.7 139.2 150.4 164 171.7 177.5 183.6 187.4 192.8 196.6 199.3 201.1 200.4 198.1 196.1 193.2 191.9 190.8 189.1 186.1 183.3 181.5 180.2 178.5 176.5 173.9 173.3 170.4 164.7 159 154.1 150.6 152.5 153.2 153.7 154.8 156.4 159.1 158.1 155.8 154.3 154 148.7 148.4 147.3 142.9 140.6 135.3 127.5 117.9 115.7 120.9 125.6 130 134.1 139.8 143.6 146.6 149.4 149.5 147 144.3 140.7 135.8 132.9 131.5 128.8 126 124.8 124.5
139.9 131.3 122.4 113.9 110.1 103.2 96.6 102.2 110.3 120 131.2 144.5 156.7 172.4 181.6 187 188.9 191.3 192.6 194.3 195.2 195.7 197.4 195.7 194.4 192.2 189.8 187.9 186.2 184.2 180.7 177.6 176.8 175.8 174 171.7 171.8 170.3 164.8 163 158.5 153.7 148.3 145.5 147 148.9 152.9 155.2 154.8 150.3 149.1 148.9 145.9 142.4 140.1 138.7 136.2 131.9 120.7 118.9 125.3 129.3 134.7 139.2 143 146.8 149.3 152.3 152.3 150.4 148.2 145.7 142.6 139.5 136.6 135.7 132.5 129.9 128.9 128.7
139.9 128.8 119.5 110.6 106.1 101 92.4 102.6 111.8 122.5 134.8 147.9 161.6 177.9 187.1 189.5 190.3 191 190.5 190 190.3 191.4 191.9 193.1 191.6 190.1 187.9 185.2 183.9 181.8 179.3 176.8 174 171.6 170.9 170.1 169.2 168.4 165.5 165 161.9 158.2 153.2 146.6 141.8 143.4 148.3 150.6 150.6 146.6 144.2 141.1 139.2 136.8 133.6 131 127 123.1 121.7 129.1 133.4 138.3 142.3 147.9 149.8 152.6 154.8 155.2 153.3 150.9 149 145.9 143.6 141.6 138.6 136.5 134.1 132.4 132.4 131.8
136.4 127.2 116.5 106.8 100.7 95.9 94.3 103.3 112.8 124.4 138 153 165.6 183.4 186.5 187.4 187.9 187.9 187.5 186 186.3 186.6 187.8 189.3 189.2 189.6 187.6 185 181 179.7 177.4 174.8 171.9 169.7 167.1 167.1 165.8 166.6 165.6 164.1 162.4 158.9 154.5 149.1 143.8 138 142.6 145.2 146.1 142.5 138.1 135.1 130.5 126.9 122.5 123.8 123.6 126.4 132.5 136.5 141 144.6 150.2 153.8 155.4 156.5 157.4 155.7 153.9 150.3 146.4 145.3 142.5 140.5 138.9 136.1 134.5 133.5 133 131.7
132 123.1 112.5 103 94.7 86.6 94.8 103.8 113.3 126.4 139.3 154.6 167.9 182.6 184.4 184.3 184.3 184 183.6 182.6 182.5 182.9 184.1 185.8 186.5 187.9 187 185.6 181.9 177.2 174.6 173.2 171.1 168.7 165.8 162.9 163.1 164.1 162.9 162.1 162 158.3 154.2 148.9 143.4 140.1 134.9 138.6 137.3 134.3 130.6 128.7 128.3 129 131 133 135.4 136.3 138.5 142.8 145.8 151.9 154.8 158 159.1 158.7 157.5 155.5 151.7 147.8 147.1 144.6 141.3 139.4 137.7 135.3 133.1 131.4 130.7 130.4
123.3 116 107.5 98.6 89.3 87.3 94.2 102.6 112.9 125.3 137.9 154.2 168.1 181.4 183.7 180.5 180.2 179.9 179.7 179 179.1 180.2 182 184.4 185.3 186.4 186.8 185.7 183.1 179 176.2 171.4 168.2 167 164.9 162.7 159 160 160.4 158.4 159 155.5 151 144.9 139.7 137.4 137.4 136 134.9 135 134.7 135.7 131.8 136 139.6 143.9 142.2 142 145.1 148.3 152.4 156.4 158.8 160.6 160.2 158.2 156 153.1 149.8 147.5 144.8 141.9 138.1 137.2 135.4 133.3 131.4 128.4 127.3 127.1
118.2 109.6 101.6 92.9 84.3 86 92.9 101.5 112 123.5 136.7 153.2 167.6 176.6 179.4 177.3 176.4 175.8 175.7 175.4 176.3 178.4 181.1 183.7 184 185.5 186.5 186.5 185.7 181.3 176.9 172 169 164.4 161.3 160 157.1 155.9 156.8 154.5 154.7 150.9 143 145.4 146.6 147.4 148.1 147 145.9 144 143.6 138.1 139 144.8 148 147.4 145.7 148.1 151 154.1 158 159.8 160.8 161.2 159 156.5 153.8 151.3 148.7 146.4 142.5 139.2 136.3 135.1 131.5 130.3 128.7 125.9 123.5 122.5
115 106.6 97.8 89.7 81.4 85 91.3 99.7 110 121.7 134.9 150.9 164.2 169.8 172.7 173.2 172.1 172.1 172 172.7 175.2 177.9 180.3 182.4 182.8 183.8 185.5 186.8 186.3 183.3 178.5 174.1 171.2 168.3 164.9 161.6 159 155.4 152.7 151.1 150.1 150.4 151.9 153.1 155.5 159.8 158 155.7 152.9 148.9 144.7 140.3 146.4 150 151.5 150.5 149.6 153.3 156.8 160.5 161.9 160 161.3 160.3 157.6 154.3 151 149.3 148.1 144.5 140.8 137.2 133.3 130.9 128.3 127 125.1 122.7 119.5 118.2
112.9 102.9 92.4 86.3 80.2 82.7 89.2 97.6 107.7 119.4 133.9 148.7 160.9 164.6 165.7 166.2 167.3 167.4 168.1 171.2 175.1 176.6 179 181 181.1 183 185.3 187 187.1 184.5 181.5 178.4 174.5 171.1 167.6 165.6 162.4 160.5 157.9 155.7 156.1 157.5 158.8 160.1 165.1 165.5 163.6 160.2 153.9 148.4 143 147 150.5 153.2 154 152.8 153.9 157.2 160.8 163.8 162.8 159.5 160.2 158.6 155.8 152.9 149.5 147.1 146.2 143.1 138.9 135.4 131.5 126.9 123.7 121.7 119.5 115.8 113 110
109.3 98.7 89 82.2 76.6 80.6 87 94.7 105.1 116.7 130.8 145.5 155.9 159.7 159.1 158.7 158.9 162.1 167.3 170.4 173.2 174.7 177.3 178.4 179.6 182 184.4 185.9 187 185.2 183.8 181.3 177.2 174 170.5 168.1 167 166 165.2 163.9 163.8 163.9 165.7 168.3 170.5 169.2 164.8 161 154.9 148.6 146.3 151.4 153.6 156.1 156.3 155.2 156.5 159.9 163.6 164.9 162.5 158.5 158.1 156.2 154 150.9 147.1 145.9 143.3 140.8 137.6 132.1 127.7 122.9 117.4 115.3 114.7 112.7 112.4 108.7
106.3 94.7 85.1 78.9 73.9 78.4 84.7 91.5 103.4 113.8 128.5 142.6 151.2 151.8 151.7 151.2 152.7 161.3 166.3 168.5 169.8 172.2 173.7 175.1 177.3 180.7 182.9 184.4 185 185.4 184.7 182.3 179.2 175.7 173.8 173.6 171.6 171.6 171.7 171.4 170.2 169.8 171.1 173.5 174.4 172.2 165.7 161.1 154.8 149.9 148.5 152.9 155.5 158.3 158 157 159.1 162.1 165.5 165.5 162.3 157.5 154.9 154 151.8 147.8 144.5 142.7 141.4 137.1 134.5 130.2 124.6 122.4 122.9 122 119.6 117.9 116.8 115.3
97.1 88.4 79.9 75 70.1 76.2 81.6 88.7 97.7 110.2 124.8 137.7 143.7 142.2 139.2 141.7 150.5 158.8 164.5 165.7 166.4 167.6 169.8 172 176 179.4 182.3 182.5 183.7 183.6 184.3 182.4 178.3 173.3 176.7 176.5 174.8 175.3 177.3 175.8 174.8 174.6 176.8 177.1 176.3 173.5 166.3 160 154.9 150.3 149.5 154.5 157.3 159.7 159.3 159 162 163.5 167.4 164.9 161.7 157.7 153.6 151.7 149.4 145.7 141.7 139.5 138.3 135.1 130 125.4 125.3 127.3 125.6 124.9 123.8 123.3 121.6 118.9
84.9 79.3 73.5 71.4 69.4 72.9 78 84.3 92.7 101.9 114.8 130.2 133.3 130.9 126.6 136.2 147.7 154.2 161.4 162.4 162.8 164.7 166.9 171 175.2 178.5 180.7 180.7 180.9 180.9 181.4 179.8 177.6 175.3 176.4 176.4 177.4 179 180 178.4 177.9 178.3 179.2 179.1 178.6 175.1 168.9 160.8 155.8 152.4 150.2 154.5 157.6 160.4 161.4 161.4 164.2 165.6 168 165.1 161.1 156.9 152.5 149.2 146.8 141.2 138.4 136 133.3 128.7 129.7 130.6 131.5 130 127.4 126.6 125.4 125.1 125 122.6
80 75.4 70.5 69.3 66.1 70 73.4 79.2 87.7 95 104.7 114.5 121.5 117.8 118.6 131 143.8 150.4 155.9 159.7 159.4 162.4 166 170.9 175.1 177.5 179.2 178.7 178.2 178.2 178.9 177.7 174.9 174.4 173.8 175.7 176.2 179.1 179.9 179.7 179.6 179.5 179.8 179.6 178.5 176.4 171.2 163.4 159.3 155.7 153.5 155.1 158.9 162 163.5 163.5 165.6 167.6 168.2 164.4 160.2 156 151.4 146.7 144.8 140.6 135.5 135.3 134.4 133.9 136.7 135.8 135 134.3 131.4 129.1 129.2 127.6 128.1 125.8
76.2 73.3 68.3 66.4 66 67.6 70.2 75.7 81.3 87.3 92.1 99.2 103.8 101.5 111.9 125.2 137.3 144.9 148.3 151 155.8 161.9 166 171.2 174.2 175.5 175.6 174.7 174.3 174.9 174.9 173.7 171.7 170.6 170.8 172.3 173.7 176.5 178.6 179.1 179.9 179.5 179 179 179.2 177.3 173.3 167.8 163.9 158.9 156.4 157.4 161.2 163.5 165.4 166.3 167 168.5 167.7 164.1 159.4 154.2 148.4 145.8 142.9 142.9 142.1 141.5 140.1 139.1 141.3 140.5 139.7 138 134.9 131.4 129.5 129.2 131 129.9
75.2 72.7 66.7 64.4 63 65.4 68.5 72 76.8 81.1 84.5 86.5 90 96.7 108.8 119.9 130.9 138.2 140.7 144.3 153.3 161.5 166.3 169.8 172 172.6 169.9 169.2 168.5 170.2 170.5 169.9 168.6 167.7 168.3 169.4 170.9 173.1 176 178.1 177.3 177.2 176.9 177.4 178.5 177.4 174.7 171.9 166.9 163.7 160.1 160.2 162.3 164.6 167.1 168.1 168.5 169.7 167.6 163.3 158.1 153.1 149.5 149.6 148.7 148.5 148.3 147.1 146.1 144.6 145.9 145.2 144.5 141.4 138.9 134.5 131.4 130.3 130.2 128.8
69 70.4 65.8 62.7 61.1 64.3 66.9 69.5 71.4 72.9 75 78.3 83.5 92.3 103.7 113.9 122.9 128.4 132.1 142.1 151.6 160.8 165.7 168.5 168.9 167.3 166.6 164.7 164.1 164.1 166.5 166.1 164 163.8 164.7 165.3 166.8 167.8 172.5 175.6 175.2 174.6 175.2 175.4 175.5 176.5 175.6 173.4 170.5 168.6 165.5 164.8 165 166.7 168.1 169.4 169.4 168.9 168.1 163.3 158.7 153.5 155.2 154 154.5 154 154.1 152.6 151.8 149.9 150 149.4 147.9 145.4 141.1 136.1 132.9 131.8 129.8 126.7
62.5 66.6 64.1 60.3 60.5 63.5 66.1 65.9 66.9 68.4 70.9 74.1 79 86.4 95.9 104.9 109.2 116.8 131 142.6 152.7 161.4 164.6 166 165.7 163.8 160.7 160 157.8 158.8 160.7 162.3 160 159.7 161 162 163.6 166.2 169.5 172.9 172.7 171.1 171.4 173.3 174.1 174.9 175.5 174.4 171.3 170.9 169 168 167.5 168 169.4 170.2 170.5 169.4 168.9 165 161.2 161.1 159.9 158.7 158.2 157.6 157.2 156 154.7 153.6 152.7 152.2 150 145.6 141.8 136.5 135.7 132.9 130.4 126.3
