Assets/StreamingAssets/GeoData/Data/so/SO46.asc
ncols 200
nrows 200
xllcorner 340000
yllcorner 260000
cellsize 50
[rows 108 to 143 of 200, columns 81 to 161 of 200]
136.3 134.8 133.7 131.8 133 136.3 137.7 137.9 139.7 139.5 140.9 142.7 144.7 145.8 145.8 145.5 144.8 144.2 144.3 144.2 143.2 142.1 140.9 139.7 138.9 136.4 133.5 129.4 128.4 129.2 128.1 128.3 130.2 129.9 127.1 123.7 120.8 118.9 116.4 114 111.7 111 113.1 111.4 107.6 105 103.7 102.3 101.3 100.3 99.3 97.5 96.3 95.4 94.2 92.1 91.5 91.8 91.1 91.1 90.7 90.3 90.5 90.3 90 90.4 90.6 89.5 88.3 87.2 86.2 85.6 86 88.8 92.4 94.8 97 97.1 94.8 92.1 90.1
135.5 134 133.8 132 130.1 133.6 135.2 135.1 136.7 137.3 139.2 141.5 142.4 143.2 143.8 143.8 143.1 142 141 141.4 140.5 139.9 138.7 137.3 135.7 133.4 131.2 128.1 128 129 128.7 130.7 132.2 129 125.1 121.7 119.6 117.7 114.9 113 111.7 111.7 111.5 108.9 107 106.7 106 104.9 104.5 104 102.6 101.1 98.1 95.3 93.7 91.7 90.9 90.3 90.7 90.4 89.9 89.3 89.5 89.9 91.5 93.5 94.7 94.7 92.7 90.1 88 84.9 84.8 85.9 88.6 91.4 93.3 93.7 91.9 89.3 87.9
136.6 133.9 132.1 130.5 127.6 131.5 131.2 132.1 133.5 133.5 136.3 138.8 139.4 140.2 140.9 141.1 141.4 140.5 139.2 139 137.3 136.4 135.5 133.8 132.8 130.9 128.4 126 125.5 127.3 129.2 130.3 128.2 125.5 122 120.4 118.6 116.6 114.7 113.8 113.1 113.1 111.8 109.6 108.6 108.7 109.6 109.1 110.9 110.8 108.1 103.4 99.5 96.3 93.7 92 90.7 89.2 89.1 89.3 88.7 88.5 88.7 89 90.6 93.4 96.5 98.4 97.3 94.1 90.7 86.6 85.2 84.2 85.9 87.4 88.9 88.9 87.3 86.1 85.6
136.4 134.8 131.8 129.6 126.7 128.9 130.3 129.3 132.7 133.9 134.1 134.9 136.4 137 138.1 139 140.4 140 139.1 138.1 136.5 135.4 133.7 132 130.4 128.9 126.4 125.1 125.6 124.9 125.1 124.2 122.1 120.1 119.3 118.5 117.3 116.2 117.2 116.3 115.3 115.6 113.4 113.3 112.3 112 112.7 113.7 116.2 112.9 108.2 103.5 100 97.6 95.2 93.5 91.8 90.6 88.6 88.5 88 88.1 88.6 88.4 88.6 89.8 92.9 94.3 93.9 92.8 89.6 86.5 84.7 83.3 83.4 84.1 84.9 85.1 84.5 83.7 82.7
135.7 135 133.4 130.8 127.5 125 127.1 128.9 133.3 133 130.7 130.4 132.4 134.4 135.4 137 137.9 138.8 139 138.4 137.1 135.4 133.3 131.4 130.3 127.7 125 125.1 126.7 128.5 126.8 123.9 124.2 123.2 121.6 119.9 118.7 119.3 119.8 117.4 117 117.5 116.5 116.6 115.5 116 116.1 116.9 116.9 114.9 111.5 106.1 103.6 101.8 99.4 97.3 94.9 92.3 90.3 88.4 87.8 88 88.4 87.9 87.2 86.3 87.3 87.7 87.4 86.4 85.8 84.1 83.3 83.2 83.3 83.4 83 82.9 83 82.1 81.1
134.8 134.2 132.5 130.7 127.9 125.5 123 127.3 128.9 128.4 127.4 129.3 133.1 133 132.1 133.3 134.3 135.5 135.5 135.9 135.2 134.6 132.6 129.7 126.4 124.8 125.7 128.9 131 129.6 127.6 126.1 125.4 124.2 122.7 121.3 120.3 122.5 120.3 118.5 118.8 118.8 118.3 118.9 117.4 117.7 118.2 118.5 116.9 117.2 116 112 110.1 108.7 105.7 102.6 99 95.3 92.3 90 88.3 87.9 87.9 87.5 87 86.8 86.7 86 85.1 84.7 83.9 83.1 83.4 82.7 82.8 83.1 82.6 82.5 82.4 81.4 81
133.3 132.4 131.1 129.1 126.6 124.7 121 123.7 122.7 127 129 130.4 129.5 129.5 129.9 130.3 131 130.9 131 131.7 132.6 132.3 130.9 127.4 122.8 124.8 129.5 130.9 130.9 128.7 127.2 126.7 126 124.9 123.5 122.2 121.6 121.7 119.1 119.4 119.6 118.9 118.4 118.4 118.2 118 118.8 117.7 117 117.9 119.1 117.4 116.1 113.4 110.7 107.8 104.2 100.2 96.3 92.4 90.6 87.9 87.6 86.9 86.3 86.1 86 84.9 84.7 84.3 83.7 83.8 84 84.8 83.5 83.4 83 82.5 82.3 81.3 81.1
130.2 129.5 128.6 126.7 123.9 119 118.9 119.9 122 123.9 125.1 125.4 126.7 127.2 127.6 128.6 127.7 127 126.8 127.8 128.1 128 127.5 123.7 121.5 124.6 128.5 130.8 131.4 129.9 128.1 126.6 125.4 124.7 124.6 123.6 122.7 121.3 118.5 119.7 119.9 119.1 118.4 118.2 117.9 117.3 116.2 115.9 115.2 117 118.6 118.3 117.1 115 113 110.1 107.1 103.4 98 94.3 91.5 88.7 86.3 85.8 85.6 85.6 85.1 85.1 84.5 85.3 85.8 86.3 86.5 87.2 86.4 85.9 84.9 83.7 82.9 82 81.7
125.1 126.4 125.9 123.7 120.9 119.6 116.7 116.8 116.5 118.2 120.5 123 124.2 125.5 126 127 125.8 125 124.2 123.6 123.7 123.8 123 119.6 120.5 124.5 127.6 130.1 129.6 127.9 126.9 126 125.1 125 125.2 123.9 121.5 120.4 118.8 119.9 118.9 118.5 118.1 116.9 115.8 114.9 114.4 113.7 114.4 116.1 117.5 117 115.6 114.3 112.4 109.4 106.5 101.9 95.8 93.1 90.2 87.7 85.3 85.9 86.6 85.4 85.2 87 89.5 89.7 89.9 91.8 92.3 91.7 92 92.3 91.1 88.2 85.6 84.5 83.6
125.1 124.5 124.7 124 120.8 118.2 116.1 115.5 115.3 115.3 117.7 120.7 122.4 122.6 122.9 125.1 125 124.2 123.4 122 121.2 120.2 118.6 116.9 120.2 124.4 126.9 128.2 127.6 127 126 124.9 124.5 123.2 122.3 121.1 119.8 120 119.5 119.5 118.1 117.6 116.3 114.7 112.8 111.7 111 112.8 115.2 116.3 115.9 113.9 112.4 110.7 109.1 106.2 101.9 97.1 92.4 89.4 88.2 86.2 85.6 86.1 87.6 89.8 91.1 93.9 97.5 97.7 96.3 97.4 98.5 97.9 98.3 99.3 97.5 93.9 91.1 89 87
128.7 128.5 127.6 125.6 121.6 118.1 115.9 114.5 115.3 115.3 115.3 117.2 119 119.7 120.4 122.5 122.5 121.7 121.8 120.4 118.8 117 115.9 118.4 121.3 123.5 124.9 125.4 126.3 126.2 125.1 123.7 121.4 119.9 117.8 118.2 120.6 122.3 120.3 118.4 117.2 116 115.2 113.8 111.4 109.2 109.5 114.8 116.3 115.6 113.5 109.5 108.7 104.1 102.8 100.9 96.3 92.2 89.5 87.7 86.4 87 88.1 91.6 96.4 100.6 101.9 102.1 103.7 104.2 103.1 102.8 102.4 102.2 102.8 103.1 101.9 99.4 96.7 94.1 91.7
128.3 127.8 126 124.3 121.1 117.4 114.9 113.6 115.6 120.2 119.3 115.7 115.3 115.7 117.6 119.8 120.2 119.8 120 119.5 117.1 114.3 119.3 122.1 122 122.1 122.6 122.9 123.9 124.8 124 121.6 119.5 116.6 117.3 120.1 122 121.9 119.3 115.9 114.9 115.8 115.6 113.7 111 107.4 108.7 114.7 114.8 112.2 110.1 106.4 99.7 95.9 95.3 94.5 90.9 88.6 87.5 87.1 87 90.5 97.3 102.5 105.1 107.1 108.2 108.3 109 108.4 107.5 106.5 105.6 105.6 105.1 104.8 104.1 102.4 99.7 97.2 95.1
127.5 126.1 124.7 123.2 120 116.5 113 111.5 112.8 119.2 122.4 118.6 115.1 110.6 113.1 116.6 118.9 118.6 118.7 117.1 113.4 116.7 121.6 120.9 120.3 119.9 119.4 120.2 121.7 123 123.1 121.3 119.2 115.2 118 121.2 121.7 121.2 120.5 116.9 112.3 113.7 116.7 114.3 109.9 103.8 107.3 111.6 111.3 106.8 102.5 98.2 92.3 90.8 89.7 88.3 87.4 87.1 86.4 88.9 91.9 97.7 105.6 108.6 109.6 109.8 110.2 110.6 110.4 110.1 109.2 108.2 107.1 106.3 105.9 105.2 104.2 102.7 100.4 98.3 96.8
126.4 125.1 123.4 121.4 117.5 113.6 111.7 110 111.1 116.4 121.7 119.8 115.7 111.1 108.6 111.3 116.5 118.4 117.4 113 113 118.8 119.4 119.2 118.7 117.3 116.6 115.7 116.4 121.5 122 120.4 118.1 113 115.3 118.8 119.1 118.5 117.6 115.4 109.2 111.5 112.1 106.5 104.5 99.3 100.5 103.3 102.2 97.4 93.1 90.7 88.2 87.5 87.6 87.1 87.5 87.9 90.5 94.6 100.7 106 107.6 110.1 110.3 109.1 109 110.2 111.9 111.6 110.5 109.3 107.8 106.2 105.4 104.2 102.7 102.6 100.4 98.7 97.2
123.7 123.5 121.1 116.4 113.1 111.1 110.4 109.1 110.3 113.9 119.8 118.5 115.4 112.6 108.7 108.9 112 113.9 114 109.4 114.2 117.5 117.8 117.3 116.7 116.4 114.8 110.9 109.9 114.4 115.9 115 112.5 110 107.7 110.5 111.2 110.8 112.3 111.3 106.8 104.7 100.6 96.5 95.5 93.7 94.6 95.2 92.7 90 88.8 87.6 87.3 87 87.3 87.5 88.1 89.2 92.4 97 100.7 103 106 108.7 108.6 108.2 108.2 109.6 111.8 112.6 111.8 110.4 109 107.7 106.7 105.1 103.5 100.7 99.1 97.4 96.3
118.5 118.7 116.5 112 110.4 110.5 109.6 108 108.3 110.9 114.6 114.6 112.3 110.9 109.7 107.6 107.4 108.2 108.6 108 114 116.4 116.6 116.7 117.5 118.1 119 117.6 110.1 107.1 107.4 107.2 105 100.9 100.1 101.3 102.5 102.5 104.7 105.9 103 96.6 94 92 91 90.2 91.3 90.2 88.5 87.8 87.5 87.7 87.8 88 88.3 89.4 90.6 91.1 91.7 93.8 96.7 99.4 103.4 106 106.4 106.3 107.7 109.9 113.5 113.7 113.1 112.3 110.5 109.3 108.5 106.8 104.8 101.9 100.5 97.7 95.2
112.7 112.8 111 109.3 109.1 109.2 107.8 107.1 107 107.7 109.2 110.4 109.9 110.1 110.3 107.7 105.7 105.7 106.1 105.8 110.2 113.8 116.3 117.5 119.6 120.9 122.6 121.7 116.5 108.5 105.2 103.5 103.2 102.9 101.2 97 94.5 94.3 94.5 94.8 94.5 92.5 91.7 90.6 89.6 89.4 90 88.9 88.7 88.1 88.4 89.9 92.1 90.7 90.8 93.8 95.2 94.8 95.1 96.2 98.8 100.2 101.5 102.8 104.6 106.5 108.7 112.6 115.3 115.6 115 113.8 112 110.8 110.2 108 105.8 103.5 101.3 98.9 96.3
110.8 110.2 109.7 109.2 108.4 107.8 106.7 106.1 105.2 105.6 106.4 106.8 106.8 107.1 105.9 105.9 104.4 104.6 104.9 105.1 105.4 109.2 113.3 116.6 119.9 122.9 123.4 122.3 119.1 113.7 113.6 111.5 111.9 113 107.2 96.8 92.8 91.1 91.7 91.1 90.7 90.5 89.3 89.3 93 94.3 94.1 92.9 91.7 90.6 91.8 94 94.4 93.4 93.1 96.8 98.6 98.4 100.5 102 103.9 104.1 104.5 104.8 106.6 109.3 112.2 114.7 116.8 117.4 116.5 115 114 112.9 110.2 108.9 106.6 103.5 101.3 98.8 96.6
113.4 111.2 110.5 110.1 109.7 109.4 107.6 105.8 104.4 104 103.9 103.9 104.1 103.8 102.3 103.5 103.4 103.5 103.5 103.6 106 104.6 107.6 113.4 118.8 122.3 123 122.4 120.6 119.4 119 117.9 116.8 113.6 102 93.8 92.4 95.6 98.7 94.8 93.1 91.1 90.1 98.3 104 107.6 106.2 104.7 100.3 99.8 98.7 96.7 96.6 95.5 95.4 97.2 100.1 102.9 104.7 108.3 108 107.9 108.4 109.1 110.2 112.3 114.7 117 118.9 119.4 117.6 116.3 114.9 112.4 109.9 107.6 104.6 102.1 100.6 98.2 96.1
118.3 118.5 118.9 118.4 116.6 114 111 107.2 104.2 103.6 102.9 103.2 103.4 100.3 102.3 103.3 103.9 103 102.3 102.5 105.5 106.1 104.1 106.8 111.9 115.9 120.3 121.2 121.1 119.6 118.4 116.5 114.9 108.7 97.4 92.4 95.4 104.1 109.2 106.8 100.2 93.6 93.8 106.7 114.5 116.7 116.3 112.7 109.6 105 102.2 100.4 99.6 100.1 98.7 98.4 100.9 104.6 108.2 111.1 111.5 111.4 112.5 114.1 116.3 116.8 117.4 118 119.4 119.3 117.3 114.8 114 109.9 106.6 104.4 102.3 100.8 96.8 97.4 95.9
124.5 126.1 125.9 123.5 120.1 115.6 111.2 106.7 104.3 103.2 102.6 102.6 102.6 101.3 103 108.3 110.6 104.7 102.3 102.1 105.2 106.2 104.4 102.6 102.5 106.4 111.7 116 118.2 119.4 118.9 117 113.3 103.9 95.4 92.8 101.8 113 117.5 114.6 105.6 95.3 93.6 108 114.9 117.9 117.8 114.1 109.3 106.2 104.8 103.7 103.6 103.4 102.9 102.3 103.2 106 110.4 113.1 113.6 114.3 115.8 118.8 118.6 117.2 116.6 115.5 115.5 113.9 112.6 110.9 107.7 104 101.6 99.3 95.5 95.6 95.9 95.4 94.6
123.9 125.5 124.8 121.2 115.8 111.5 108.1 105.4 104.1 102.8 101.8 101.9 100.6 100.7 103.1 109.6 110.9 105.7 101.4 101.6 104.6 105 104.1 102.2 100.3 101.3 103 105.8 109 112.5 116.4 117.3 114.9 103.3 94.5 93.5 108 118 118.5 116.8 108 101.5 96.2 100.8 111 112.2 111.9 111.4 108.8 110.3 108.8 107.8 108.1 108.2 107.6 107.1 107.4 109.3 111.8 113.3 113.4 114.4 115.9 119.1 118 116 114.6 113.7 111.3 109.4 107.1 105.4 102.1 99.1 96.6 94.9 94.3 92.1 92.2 92.1 91.2
114.6 115.9 115.6 113.6 109.6 107.4 105.3 104 103.3 102.5 102.1 99.2 98.7 100.8 102.8 105.3 107 105.4 101.9 100.3 102.8 102.5 100.5 99.1 98.5 100 100.6 99.9 99.4 102.4 106.6 108.8 108 100 93.5 100.1 113.7 117.5 116.2 112.5 108 97.5 96.2 99.9 105.8 109.3 112.8 111.8 112.2 114 111.9 110.9 111.5 112.2 111.8 111.2 111.5 112.9 111.9 112.3 112.3 112.6 113.3 115.1 115.4 114.4 112.5 110.3 107.4 105.3 103.2 101.1 98.1 95.3 93 91.6 91.4 89 88.4 88.2 87.2
107.3 108.3 107.7 107.2 106.1 105.3 104.1 103.4 102.6 101.9 101.4 99.7 98.1 100.8 103.4 104.7 104 103.1 101 99.3 99.6 99.1 97.5 97.1 97.8 97.2 98.9 98.6 98.6 98.1 98.4 99.8 98.8 93.6 95.9 103.8 116.4 115.6 110.9 104.7 98.5 96.2 98.9 106.9 109.3 111.1 114.6 115 115 115.8 114.6 115.3 116.5 117.3 116.6 115.7 114.1 114.1 112.4 111.1 111.2 111.2 110.8 111.9 112.7 111.8 110.8 108.9 106.1 104 101.3 98.8 95.9 93.4 91.3 89.6 88.5 87.4 86.1 84.3 83.1
104 104.4 104.4 104.8 104.2 104.6 104.6 105 104.6 104.1 102.9 100.3 98.7 100.4 102.8 103.7 102.9 100.7 99.1 98.5 98.5 98.1 97.5 98.4 99.2 97.5 96.7 96.7 96.2 94.7 94.4 95.2 94.7 93.6 97.6 104.4 110.8 106.8 99.8 94.5 99.4 101.4 108 110 113 115.8 117.7 117.9 118 118.3 117.5 119.3 121.6 120.6 119.9 118.2 116 114.3 112.7 111.1 109.9 109.8 110.2 111 110.9 110.1 109.5 108.5 108 105.6 102.4 99.8 96.9 93.8 90.8 88.3 87 84.8 83.4 81.6 80.7
103.2 103.1 102.9 103.1 103.7 104.6 107.6 109.6 109.2 106.7 103.6 100.2 97.1 100.4 100.5 99.9 99.1 98.1 97.9 98.2 98.2 98.1 99.7 100.3 99.7 99.9 98.3 96.9 95.6 96.3 98 99.5 99.6 94.9 94.9 101.5 101.9 95.6 107.2 110.4 112.2 114 117.3 117.2 117.3 119.7 120.5 119.8 120.5 120.7 120.3 121.6 121.6 121.3 119.5 118.3 116 113.3 111.7 110.1 108.9 108.7 109.2 109 108.9 108.7 109.1 108.2 107.6 104.9 102.2 99.4 96.4 93.8 91 87.5 85.2 83.1 81.3 79.6 79
102.8 102.4 102.2 102.4 102.7 103.3 106.9 109.9 109.2 106.7 104.9 101.5 98.4 96.6 97.4 96.9 97.8 97.5 98.4 99.1 98.8 98.4 98.4 99.5 101.3 102.6 103.1 102.3 100.1 101.2 104.1 107.3 108.5 101 94.9 94.9 94.9 106.8 112 113.9 115.7 118.1 120.5 121.9 121.9 122.1 121.5 120.5 120.2 120 118.3 118.6 119.4 119.9 117.2 118.1 116 113.3 110.8 109.7 108.7 107.5 107.4 107.3 107.2 106.1 106 105.9 104.4 102.8 100.1 97.8 95.6 92.9 89.7 86 83.9 82.1 80.7 80.3 81.4
110.5 109.7 109.5 107.6 103.9 101.5 102.5 105.8 106.6 107 104.5 102.7 100.5 97.3 95.2 94.6 97.9 98.8 99.1 99.5 99.9 99.1 98.7 98.8 100.5 103.7 103.7 102.5 101.1 102 104.2 107.4 109.7 109.9 110.7 107.3 108.6 112.8 115.6 117.3 117.5 119.1 120.9 121.5 121.2 121.2 120 118.2 117.9 118.3 116.7 115.9 116.7 118.8 117.9 116.6 114.5 111.7 111.4 110 108.8 107.4 105.8 105.7 104.7 104 103.7 102.2 101.1 99.8 98 95.8 93.6 91.4 88 84.8 82.7 81.1 80.8 82.2 84.9
119 117.8 117.3 115.2 112.5 106.2 101.1 101.9 102.2 102.4 102.6 101.4 100 98.7 97 95.6 94.3 96.3 98.2 100.2 101.7 101.3 100 98.7 98.5 99.1 98.9 98.8 98.1 98.5 99.7 101.7 104.1 107.5 109 110.7 113.2 113.3 114.9 116.6 117 119 119.8 118.7 117.5 118.1 117.9 116.9 116.1 115.7 115.2 114.2 114.7 117.7 116.9 115.2 113.3 112.2 111.3 110.5 109 107.1 105.6 104.5 104.2 103.5 101.6 99.5 98 96.7 95.9 93.8 91.5 89 86.1 83.7 81.8 81.6 82.6 84.8 88
122.2 121.5 120.7 119.1 116.2 111 102.3 100.1 99.9 99.7 99.4 99 98.6 98.1 97.3 96.9 94.9 94.2 97.5 100.2 102.9 104.8 103.8 100.6 99.1 98.5 98.9 99.5 98.6 99.4 98.5 98.4 99.7 101.1 103.4 105.9 109 111 112.2 114.2 114 115.9 116.6 115.8 113.9 113.9 114.2 112.9 112.9 114 113.1 112.7 113.6 115.3 114.9 113.6 112.3 112.9 112.2 111.6 110 108.6 107.7 106.5 105.4 104.5 102.1 98.6 96.8 94.5 93.5 91.2 88.8 86.8 85.3 83.4 82.4 83.8 85.4 88.3 93
123.6 122.8 122.1 120 117.4 112.3 107.8 101.9 99.3 98.4 97.5 97.1 96.2 96.2 96 95.3 93.8 92.8 96.2 99.6 102.5 104.8 104.5 102.8 100.6 99.7 99.5 100 99.8 99.8 98.7 97.9 97.5 97.7 99.1 101.1 102.9 105.5 107.7 109.1 106.5 107.1 109 109.4 107.2 108.5 109.8 109 110.2 110.4 109.9 108.6 110.3 112.5 112.9 113.3 113.8 113.9 113.7 113.1 111.7 110.8 109.9 108.6 107.1 104.7 102.1 99.2 99.1 96.7 94 91.3 88.2 86.5 84.9 84.1 85.1 86.3 89.5 93.7 97.2
124 123.9 122.3 120 117.8 115.6 112.2 106 103.1 101.2 99.5 97.6 96.9 95.5 94.7 93.8 93.1 92.5 93 95.9 98.2 101.6 101.3 100.9 100.7 100.5 100.3 99.7 99.2 99.4 98.7 98.9 98.6 98.3 97.5 97.4 97.4 98.9 98.9 99.2 97.9 97.7 99.3 99.6 99.8 101 102.1 103 103 104.2 104.7 103.8 106.1 108.7 111 112.3 114.3 114.9 115.1 115.1 113.5 112.9 112.2 110 107.5 104.9 102.2 101.1 101.1 97.6 94.6 92.5 90.1 87.2 87.3 87.8 88.1 90.2 94.4 98.2 98.9
123.9 123.9 123.2 121.7 118.7 116.4 115.4 113.3 111.7 110.3 107.1 105.1 105.2 104.9 100.8 95.7 94.7 93.3 92.5 92.4 94.9 99.1 99.9 99.7 99.9 100.2 99.1 97.9 97.6 98.1 98.1 98.3 99.7 99.9 99.3 98.9 98 97.1 96.7 95.8 94.4 92.7 95.9 96.6 96.8 97.7 98.1 98.5 98.7 98.4 99.1 99.5 101.1 103.6 106.5 110.9 113 113.7 115 115.2 115.3 114.7 113.3 110.8 107.8 105.9 103.8 102.8 101.1 97.5 95 93.6 91.3 89.8 91.1 92.3 93.2 94.9 99.2 100 98.4
123.4 123.2 122.9 122 121.2 118.1 117.9 117 117.3 116.7 116.2 114.2 111.6 109.8 105.4 98.6 96.2 94.4 92.6 91.2 92.7 97 99.3 99.1 98.8 98.1 97.1 96 95.9 96.1 96.8 98.2 99.7 100.9 101.7 100.2 99.3 98.7 98 97.1 95.7 91.3 96.3 97.2 97.9 98.1 98.4 98.8 98.1 96.4 96.4 96.8 97.4 99 100.9 107.4 111 111 112.7 114.8 114.1 114.5 112.6 110.1 107.6 105.4 104.3 103.7 101 100 97.7 95.4 94.2 93.4 94 95.7 97.9 100.1 102.4 100.3 97.7
122.6 121.8 121.9 121.5 120.7 119.5 119.6 119.6 119.2 118.7 117.5 114.9 111.9 109.7 105.6 102 98.5 96 93.6 91.4 90.4 92.5 95.7 96.9 96.3 94.8 94.8 93.8 94 94.7 96.1 98 100.7 103.1 105.3 102.8 100.3 98.7 98.1 97.2 95.8 92.2 94.7 96.5 96.7 96.7 96.4 96.3 96 95.7 96.1 96.4 96.7 97.4 98.3 102.5 105.2 108.5 111.4 112.8 113.6 112.5 111.3 109 106.5 105.8 105.6 104.8 104.3 102.9 100.2 99.7 100 99.9 98.4 100.3 102.5 103 102 101.2 101.1
117.8 118.3 118.7 119.4 119.1 118.7 119 119.6 118.9 118.4 117.8 114.9 111.9 108.8 106.6 105.8 103.7 99.7 96.8 92.7 90.4 90 91.5 92.8 92.1 92.2 91.9 91.6 92 92.6 94.9 98.9 102.4 104.7 105.4 101.7 99.3 97.7 96.6 95.7 93.4 89.4 91.6 92.7 93.9 94.3 93.9 93.7 94.9 95.7 96.7 97.4 97.8 98 97.7 98 100.8 107 110.2 111.1 111.2 110.2 109 107.8 106.7 106.8 107 107 106.3 105.6 105.2 104.6 105.3 104.4 101.6 103.6 104.7 104.4 103.5 103.8 104.4
