Assets/StreamingAssets/GeoData/Data/so/SO49.asc
ncols 200
nrows 200
xllcorner 340000
yllcorner 290000
cellsize 50
[rows 105 to 139 of 200, columns 0 to 77 of 200]
309.1 313.5 318.6 323.7 330.2 338.9 356.7 373.3 379.8 383.7 383.1 378 371.6 372.6 371.7 370.2 379.6 387.5 389.7 390.5 398.1 407.2 419.5 433.3 439.8 449.8 454.9 463.9 472.3 477.5 480.5 483.7 486.9 494.5 499.2 503.1 504.1 503.5 501.9 498.7 493.2 488.2 485.2 484.4 481.5 479.2 476.7 473.1 469.5 469.5 468.7 467.8 468.4 471.1 475.8 478.4 479.6 479.3 476.5 473.4 469.3 465.1 461.4 457.7 456.3 454.4 448.7 440.3 428.7 411.3 390.9 366.6 345.9 322.7 300.5 282 266.7 269.3
325.3 329.4 330.6 333.1 338.1 347.2 360.8 380.3 391.4 395.8 393.5 387.9 382.1 377.8 382.7 382.5 384.6 387.4 392.2 397.8 406.8 419.5 434.1 447.6 453 457.4 463.8 470.9 480.4 487.3 491.2 493.2 495.2 499.4 501.7 503.5 503.2 501.5 498.8 494.7 489.8 484 480.3 480.3 479.1 477.2 475.1 472.8 471.6 472.5 472 472.5 474.1 476.2 478.6 481.4 481.9 479.9 476.1 471 467 463.1 459.1 454.6 451.9 448.6 440.5 427.8 411.1 390 368.2 347.2 322.9 300.9 281.1 279.3 289.1 292.7
331.6 329.7 330.7 334.9 341.1 349.8 361.3 379.6 396.9 403.2 399.5 394.6 390.6 387.9 389.6 392.2 404.1 407.4 412.4 418.3 424.2 438.6 450.1 456.5 460.9 464.5 471.3 483.3 487 494.5 498.2 499.8 500.5 502.2 502.9 501.9 500.6 498.2 495 490.3 484.6 480.1 477.5 478.6 478.6 477.5 475.6 474.7 474.5 474.9 475.6 476.4 478.6 480.2 481.5 483.1 482.2 479 473.9 468 463.1 459 454.5 449.3 444.1 438.2 427.2 409.5 388.4 367 347 323.9 303.2 295.7 289.7 302.8 314.9 315.9
326 326.2 327.3 330.9 339 349.5 358.9 375.8 392.9 401.2 402.5 401.1 398.2 396.6 396.9 403.7 408 419.7 429.4 439.4 446 451.7 458.9 464 467.3 470.7 478.8 492.2 496.5 502.4 506.1 507.4 506.8 507.1 505.1 502.2 498.5 494.1 489.8 484.4 478.7 475.8 474.5 477.6 477.9 477.7 477.2 477.1 477.3 478.2 479.8 480.8 482.4 483.6 484.8 483.8 480.8 476.2 470.6 464.5 458.6 453.5 447 440.7 431.7 420.3 407.1 389.7 367 342.2 325.4 303.2 293.3 300.3 312.7 326.5 338.3 338.4
321.1 320.9 323 327 335.8 346.2 357.5 370 385.7 396.9 402 405.7 405.1 405.2 407.7 409.2 419.1 423.3 431.1 443.9 452.1 458.8 464.6 469.4 472.9 477 486.5 499 504 508.1 510.6 512.5 510.7 508.2 505.9 502.2 498 490.9 484.6 479.9 475.9 471.9 474.7 476.9 477.1 477.3 478.2 478.5 479.5 481.4 483.4 484.9 486.2 486.4 486.1 482.2 477.8 472.8 466.7 460.3 453.6 446.2 439.5 431.3 416.4 393.2 382.7 365.9 345.5 325.3 307.8 297.3 310.1 325.9 339.3 349.5 352.6 348.6
315.1 315.6 318.6 325.3 336.6 349.4 359.5 371 384.1 391.8 398.4 405.5 410.2 414.4 418.7 418.4 425.2 432 437.8 447.9 455.9 462.7 468.9 474.4 478 482.3 492.8 501.9 508.3 512.8 514.6 514.4 510.4 508.1 505.7 501.5 496.2 489.8 482.5 476.4 472.5 468.9 474.3 475.1 476 477.5 479.1 481.2 482.5 483.6 485.5 486.8 488.4 487.6 484.4 480.1 474.8 468.4 461 455.2 447.3 437.6 426.6 414.5 397 374.2 352.8 339 324.4 308.4 306.7 318.7 336.3 353 364.5 367.8 363.4 352.9
309.6 311.3 315.5 324.6 336.3 350.4 359.1 366.4 375.3 381.9 391.7 403.4 412 421 427.2 427.7 431.4 438.8 438.8 451.9 459.5 466.1 471.7 477.1 481.4 486.7 499 505.4 510 514.3 516.5 513.7 510 506.6 503.8 498.8 493.8 488.1 483.1 478.2 472.8 466.5 472.1 471.3 473.6 477 479.9 482.7 484.7 485.6 487.1 489.4 489.1 486.3 482.5 477.5 471.4 465.6 458.2 447.9 440.8 429.6 410.5 393.8 374.3 355.6 356.5 326.5 311 317.8 332.6 347.1 362.7 381 384.9 380.7 371.3 354.9
303.1 307.7 312.4 324.1 338 349.7 350.7 354.8 362.7 374.6 386.8 401.2 413.1 425.7 434.3 438.4 441.1 445.6 450.8 455.8 462.5 469.2 473.6 478.9 483.5 490.9 501.6 505.6 508.9 512.3 513.2 511 507.8 504.7 501.1 496 491 485.9 480.8 476.3 471.2 462.9 469 466.7 471.9 476.6 479.8 482.7 486.2 487.5 490 490 488.2 484.5 480.2 475.3 469.8 464 456.3 448 439.2 429.8 410.6 400.8 395.2 387.4 353.9 326.6 334.5 343.3 360.1 375.6 389.4 401.9 394.9 385.9 373.4 369
296.9 304.5 310.4 321.7 333.5 335.5 339.5 352.5 364.7 373.2 386.2 402.6 417.8 430.7 439.9 446.8 451.6 449.5 457.1 462.6 467 471.4 475.2 480.6 484.8 494.6 501.2 504.5 506.9 508.8 508.5 506.6 504.1 501.8 497 492.5 487.2 482 478.1 473.6 469.5 458.2 463.9 460.1 469.6 474.8 478.9 482.9 486.9 489.7 490.8 489.6 486.3 482.4 478.2 473.9 468.5 463.3 457.6 451 445.4 437.3 428.5 420.3 410.8 385.3 350.6 351.7 362.2 372.9 387 399.8 406.4 406.8 398.3 389.4 384.5 384.1
296.2 302.3 308.7 315.3 320.2 329.5 343.5 357.1 371.7 385.8 399.3 410.8 425 435.7 445.4 453.7 459.7 459.6 462.2 468.7 472.2 475.4 478.6 482 487.5 496.4 500 502.8 503.3 504.8 504.4 502.2 500.9 499.4 493.8 487.9 483.3 477.7 473 470.1 466.6 462.6 445.1 450.9 464.1 469.9 476.6 482.3 486.3 489.7 489.6 487.2 484.1 480.3 476.2 472.5 468.8 464.4 459.6 454.1 449.1 444.1 436.5 428.7 418 391.8 368.5 380.2 387.3 397.4 404.7 410.1 412.8 408.2 401.5 395.8 397.2 387.7
296.8 301.5 306.6 310.7 323 333.8 345 358 376.7 395.1 411.6 420.5 430.7 440.8 449.9 459 465.3 466.9 469.3 473.4 476.5 479.2 481.9 484.6 489.2 495.8 498.7 500.9 500 499.4 498.8 497.9 497 494.9 491.3 486.9 481.7 475.9 468.2 464.3 462.8 459.5 442.9 438.5 447 462 472.3 479.8 485.3 488.4 487.7 485 481.9 478.3 474.9 471.7 469 466.2 461.7 456.5 453.1 448.9 442.7 434.1 422.2 400.5 395.5 404.2 406.7 412.9 414.9 414.6 415.6 405.2 401.7 398 389.8 383
295.6 299.5 303.8 312.4 324.2 335.4 350.2 364.1 381.7 400.7 417.5 431.6 436.9 443.9 452.3 461.6 468.8 472.1 474.9 477 479.5 481.5 483.4 486.1 490.2 494.3 497 497.6 496.8 495.8 494.6 492.8 493 491.8 490.5 485 480 474.5 469.9 465.1 452.1 445.8 441.7 427.7 429 438.9 457 475.8 482.7 486.2 485.7 482.6 479.2 475.7 472.8 470.7 469.2 466.1 462.6 459.1 455.2 452.7 445.6 436.5 427.5 414.6 416.1 417.5 417.7 417.5 416.4 412.6 405.7 399.3 392.7 380.6 367.4 353.1
293.3 296 302 310.9 323.8 339.4 355.7 369.9 389.3 410.7 426 436 441.7 446.4 453.4 463.6 470.3 475.3 478.1 480.6 482.7 484.4 486.2 488 489.8 491.7 493.9 495.3 494.1 492.4 490.5 488.1 488.4 488 487.9 483.6 478.5 474 469.6 466 462.1 458 452.3 443 417.1 420.5 440.7 463.5 480.1 484.1 482.8 478.9 475.3 471.9 469 468.6 467.5 465.2 461.8 458.3 456.5 456.3 448.9 440.4 433.9 429.1 426.4 425.1 421.4 420.1 413.5 404.6 396.5 383.4 370.1 354.8 338.4 323.3
291.2 294.9 300.5 308.5 323.3 339.9 359 378 402.4 418.1 426.4 433.4 441.8 448.6 457.5 467.3 474.2 478.3 481.3 483.7 485.1 485.6 486.8 487.8 488.6 490.4 491.1 492.6 491 489.1 485.5 483.8 484.3 484.4 483.6 479.7 475.7 472 468.7 465.3 462.2 459.2 455.4 450.2 426.2 409.8 426.2 450.8 477.2 480.7 478.4 474.2 470.2 466.1 462.8 464.3 463.7 460 456.5 453 452.6 451.6 450.2 445 439.2 436 434.1 428.9 423.1 416.5 409.2 398.1 380.3 364.5 347 328.1 312 299
289.5 294.3 299 306.5 320.9 340.4 361.1 383.8 404.1 413.3 417.6 425.4 433.2 443.3 455.3 468.4 476.1 481 484.5 486.7 487 486 486 487.4 487.5 488.2 488.6 489.6 487.8 485.3 481.8 475.9 479.2 479.6 478.2 475.9 472.1 468.5 466.1 463.6 461.3 458.3 455.2 450.9 427.7 404.8 412.3 437.9 467.6 476.7 474.1 468.7 462.3 455 446.7 456 455.5 445 434.8 434.1 442.1 450.3 454.5 448 444.2 441.6 436.8 430 420.7 412.1 401.1 385.1 363.6 343.7 325.4 307.7 313.1 321.1
289 293.5 297.2 305.2 321.3 340.6 362.8 383.2 396.2 397.4 399.2 408.4 420.7 432.5 447.8 464.7 475.2 482.4 486.9 488.6 488.4 487.4 486.4 486 485.9 485.8 487.2 486.7 486.2 483.8 478.1 470.8 473.5 473.1 472.4 470.4 467.9 464.7 462.4 461.2 459.3 457.1 454.1 450 430 407.6 399 428.1 457.7 473.6 470.7 464.6 451.5 432.8 422.2 434.6 434.7 417.4 406.3 414.7 440.1 451.4 451.8 448.1 447 441.7 435.3 427.8 416.6 404.5 383.3 365.5 347.2 326.9 318.7 327 338.2 348.4
288.3 292.1 295.8 303.9 324.6 343.6 364 380.4 380.8 377.8 381.4 390.7 406.9 427.3 444.5 461.2 474.2 482 487 488.9 488.7 487.9 487.3 485.3 484.6 483.7 484.6 484.9 483.9 480.8 475.1 470.2 462.9 466.5 465.8 464.5 462.5 459.7 456 456.2 456.1 453.9 452 448.5 424.9 401.4 393.9 425.2 457.6 470.2 467.4 461.5 446.1 418.6 401.7 411.1 414.2 395 388.6 416.1 435 445.9 448.5 446.8 444.7 440.1 431.5 421.3 408.6 385.9 364.6 344 328 330.3 342.7 355.8 368.1 377
287.2 291.4 296 303.5 323.9 343.8 361.5 366 363.4 363.5 367.6 383.7 404.5 422.9 439.1 455 469.1 479.5 485.3 487.5 487.5 487.7 486.6 484.6 483.8 481.5 481.7 481.3 479.7 476.8 472.3 468.4 463.1 455.1 458.5 458 456.6 453.9 449.7 447.4 447.9 448.7 448.3 444.6 418.2 396.3 385.5 416 448 466.2 464.1 459.2 443.5 414.7 387.5 387.9 390 374.1 386.6 401.6 424.1 439.6 444.7 444.9 442 437.3 426.9 414.7 392.2 369.9 348.3 347.5 350.4 357.4 370.6 385.7 396.9 402.1
286.1 291.3 296.5 303.5 322.1 340.3 348.9 350.9 348.1 349.3 363.7 379.1 394.5 413.7 426.6 446.5 464 476.1 482.3 485.3 486.4 486.6 485.2 484 483.1 481.4 477.9 476.6 475.4 471.9 468.3 466.1 459.3 454.6 447.6 451.1 450.6 448 441.3 436.1 430.6 433.7 435.6 435.6 411.1 388.8 377.3 408.4 442.9 465.3 463.3 456.6 445.6 416.7 387.8 368.5 365.1 355.3 366 382.1 407.5 431 444.1 443.2 438.2 432.2 424.6 410.4 387.9 372.9 375.6 374.8 378 387.3 397.1 410.7 420 419.3
287.5 292.8 297.1 302.5 318.9 329.2 333.7 332.3 339.1 349.9 356.2 368.5 383.2 397 414.8 437.9 459.4 472.6 478.1 482.1 484.4 485.4 484.5 483.8 483.6 481.3 477.3 473.4 469.2 466.7 463.6 461.2 456.5 451.5 448.1 439.4 444.6 440.2 431.8 411.8 404.9 408.1 411.8 416.5 401.7 378.1 375.6 408.3 443.7 466.4 462.4 454.6 445.3 426 398.9 375 356.4 344.2 345.8 363.6 386.9 417 439.9 443.2 436.2 429.2 421.3 411.6 401.5 392.4 394.4 395 400.9 411.8 422.6 431.5 433.4 428.2
288.2 293.3 298.3 303.9 311.5 318.5 323.8 330.9 344.4 359.6 373.1 375.6 378.5 391.3 409 431.8 454.1 467 475.3 480 483 484 483.8 482.9 482 480.7 477.6 474 469.9 463.3 453.7 450.9 450 447.5 443.9 438.4 432.5 430.1 423.8 411.2 386.4 382.2 383.4 391.3 385.6 364.5 379 412.6 446.4 465.2 460.4 453.7 446.2 435.4 417.2 399.8 376.1 348.1 329.8 344.9 367.9 396.5 428.5 438.3 435.4 428.4 421.4 415 407.9 409.1 408.8 410.7 419.9 431.1 441.7 444.9 441.9 433.6
288.3 293.5 297.8 303.1 309 316.6 327.9 341.7 353.8 367.1 386.3 394.5 395 396.5 407.9 427.8 449.5 464 472.8 478.2 481.6 483.4 483.7 482.4 480.9 479.5 477.9 474.8 470.6 465.1 459 453.5 445.4 435.6 434.3 429 420.2 415.5 406.2 391.1 391.8 385.6 369.5 364.5 367.8 355.6 381.4 415.7 447.6 463.2 457.3 450.7 444.2 437 427.1 414 386.7 357.4 330.5 330.6 354.3 387.1 414.2 434.3 430.9 424.9 419.6 416.5 414.6 416.4 416.5 423.1 435.7 446.1 453.1 452 447.8 437.8
288 292.5 296.9 301.6 307.4 317.2 330.2 347.7 361.1 378.4 395.6 407.4 411.8 414 422.3 432 449 463 470.5 475.9 480.6 482.2 483.3 482.3 480.8 479.3 477.2 473.8 470 466.5 461.9 456.7 450.5 441.1 439.4 436.9 432.3 425.5 422.6 420.2 417.6 409.5 391 365.9 350.9 351.9 378.8 411 442 457.7 454.1 448 441.3 434.9 427.4 415.4 389.4 359.6 331.4 318.8 342.2 371.4 402.2 420.1 418.5 414.9 410.3 404.8 399.4 399.3 415 432.1 446.5 454.7 458.7 457.7 450.1 436.4
286.4 290.8 295.9 300.7 305.8 316.1 330.1 346.6 360.3 379.9 397.4 408.7 417.1 424.7 435.2 446.6 456.3 464.8 470.3 474.8 479.7 481.4 482.8 482.1 481 479.9 477.2 474.5 471.1 467.5 463.2 457.6 453.4 450 450 449 448.4 446.6 444.1 440.1 434.7 426.2 405 372.5 350.3 342.7 366.9 399.7 431 450 448.1 443.4 437.7 434.1 425.8 411.4 385.9 357.5 330 309.3 331.1 358.7 388.2 399.3 404.7 400 389.6 381.3 375.1 385.5 415.3 439.8 456.8 461.1 459 453.6 439.9 427.2
286.5 290.5 295.6 301.3 306.4 315.1 330.2 344 357.1 374.2 386 393.9 411 429.9 442.2 452.9 459.5 466.4 470.9 475.7 478.9 481.6 483.1 482.7 481 478.5 476.6 473.8 470.2 466.6 463.5 461.1 459.2 455.8 456.1 456 455.4 454.6 451 446.6 441.1 434 408.7 379.6 358.4 340.7 354.6 387 415.1 434.7 437.4 435 433.2 432.2 421.8 408.3 383.5 354.7 327.5 303.7 322.2 345 363.6 377.6 385 380.2 363.6 356.5 358.4 389.5 420.6 449.1 463.9 462.6 452 435.9 417.3 401.6
285.7 290 295.8 301.6 307.9 314.8 324.6 335.4 347.9 363.1 377.8 393 413.6 432.3 447.5 456.1 462.7 467.7 471.3 475.5 478.1 480.6 482.7 482.4 479.6 476.8 474.8 472.8 470.6 467.8 465.8 463.9 461.6 459.8 460 460.4 459.6 457.2 453.1 449.3 444.6 438.2 411 385.1 364.9 340.4 343.3 370 392.9 410.5 423.5 426.5 427.3 422.5 414.4 404.6 384.9 356.4 327.8 301.1 312.5 331.1 344.3 360.3 364 356.6 341.7 342.1 367 397.5 427.6 453.1 460.3 452.7 436.5 415.7 393.6 376.1
284.7 289.6 295.3 301 306.9 314.1 326.9 343.5 355.3 369.8 383.1 402.7 422.8 436.9 449.1 458.9 464.2 468.1 471.3 474.3 475.7 478.3 479.4 479 477 474.2 471.8 471.3 470.8 469 467.2 464.2 463.7 463.2 462.4 461.7 460.2 458.2 453.7 449.9 445.6 440.8 410.6 385.8 366.2 342 330.1 348.2 367.7 389.2 407.9 420.3 420.2 414 407.4 398.2 383.5 361.4 333.5 305.4 298.7 315 324.8 337.7 341.7 332.2 328.8 353.3 380.9 409.7 436.4 449.8 449.4 436.7 416.9 395.3 374.3 355.5
283.7 289 293.6 298.5 304.2 312.7 324.8 341.3 356.5 372.2 389.6 411.1 430.1 446.3 457.5 463.3 467.3 469 470 472 473.7 474.4 474.6 474 472.4 470.5 468.8 469.1 469 467.9 466.1 465.2 464.7 463.8 462.9 461.2 458.1 455.5 452.6 449.2 445.7 440.4 414.6 385.1 363.9 342.6 326.4 332.9 350.1 374.7 390.8 407.2 411 407.2 398.6 388.3 377.6 364.3 340.1 313.1 288.6 299.6 309.3 319.6 317.8 311.8 338.7 367.3 394.7 419.4 438.2 439.7 432 415.4 395 374.5 355.4 339.1
282.6 287.1 292.4 297.8 302.7 311.6 323.1 338.9 357.7 375.8 394.9 417.7 435.5 452.4 465.8 470.4 470.8 469.6 469.9 469.7 469.7 470.2 470.6 469.9 468.4 466.3 464.6 465.5 465.3 465 464.4 464.1 463.9 463.3 462.1 460.2 456.7 453.1 449.4 446.4 443.4 438.6 423.6 387.8 364 342.1 327.1 320.2 338.6 359.5 373.4 383.6 395.7 399.1 387.9 374.8 364.7 355.6 344.6 324 295.5 290.8 295.1 303.5 296.1 323.5 353.1 380.1 405.1 421.8 428.3 425 413 392.1 373 353.6 334.4 323.5
282 285.9 290.7 296.3 302.2 310.4 320.7 332.9 351.2 372.8 393.8 417.5 436.9 456.1 470.9 473.5 471.5 470 468.9 467 465.8 465.8 465.2 464.7 464.2 462.3 458.8 460.6 460.6 461 462.1 462.3 462.4 461.5 460.4 458.5 454.9 451.1 447.2 443.8 440.5 435.8 427.9 399.8 370.1 346.4 327.3 316.5 329.1 341.1 350.2 360.6 373.7 381.6 377.3 371.2 357.7 334.5 331.4 334 312.2 284 281.8 287.4 302.6 331.2 360.1 386.2 407.4 415.9 414 406.4 392.9 371.3 349.1 331.3 312.5 323.7
281.3 285.2 290.4 296 302 308.8 320.6 333.1 348.2 365.3 391.5 414.6 438 458.1 472.1 474.7 472.4 469.4 466.6 465.1 463.2 461.5 461 460.4 459.8 457.6 452.5 455.4 456.6 457.6 459.1 459.5 459.9 460.2 457.6 456 453.3 448.6 444 440.4 437 431.8 423.3 400.2 371.1 345.7 323.5 313 316.5 322 329.5 343.3 351.3 358 361.2 357.8 348.1 340.6 317.9 311.7 312.1 304.7 280.8 275 302.6 329.8 355.9 379.8 393 394.6 390.3 382.6 371.9 352.8 332.4 309.7 299 325.7
279.8 284 288.2 293.9 300 307.4 319.9 332.8 350.5 372.7 395.3 416.1 438.7 457.8 469 471.3 470.1 467.5 465.1 462.6 460.1 456.9 456.7 456.1 455.1 453 447.7 451 452.1 453.8 455.6 456.5 457.2 457.8 455.4 452.8 449.9 446.2 441.8 436.7 431.4 423.5 404.5 378.3 353.5 347.6 338.6 323.2 308.1 305.8 312.9 321.5 327.1 341.2 344 336.4 326.4 319.5 317.9 299 295.8 289.2 284.9 265 289 316.7 338.5 361 366.4 368.7 365.9 358.9 349 331.9 313 294.8 300.1 330.2
278.6 282.8 287.5 293.3 299.9 307.8 316.8 330.5 347.3 372.1 394.2 414.9 436.6 453.7 464.3 466.1 465 463.7 462.4 460.4 457.7 453.6 452 451.8 450.6 448.1 443.7 446.4 448.9 451.3 453.7 455.6 455.7 455.6 454 452.2 449.2 445.9 442.1 431.3 421.5 401.6 381.2 377.1 381.8 381.1 360.7 342.2 326.7 313.5 302.1 300.7 310.3 324 324.1 315.4 306.2 299.4 295 296.6 279.9 272.4 259.3 260.4 275.2 295.2 316.3 332.6 337.2 341.5 341.5 340.1 328.4 309.1 291.1 279.1 306.5 338.1
277.4 282 287.1 292.8 299.2 306.7 317.2 331.3 348.7 369.1 388.8 409.5 431.1 446.5 454.3 458.7 459.3 459.6 458.4 457.7 454.9 451 446.3 447.1 445.8 443.9 440.8 442.7 445.5 449.4 453.4 456.2 456.6 456.8 455.7 455 452.8 449.4 444.8 438.5 432.6 425.9 417.1 412.3 414.7 412.3 387.4 366.1 347.8 330.1 314.7 301.2 295.5 302.3 305 299.9 287.6 278.4 275.7 278.2 275.2 280.2 285 273.3 252.7 272.2 288.7 301.8 309.6 314 316.7 319.4 309.4 286.2 266.8 289.7 317 349.4
277.2 282.2 287.1 292.7 298.7 307 317.1 328.6 341.6 356.5 378.2 399.4 424.1 440.4 448.4 452.4 454.5 454.8 455.2 454.3 451.6 449 446.1 441.2 441.3 438.9 437.9 442 446.3 449.5 454.1 458.9 460.9 461.3 460 458.2 455.5 452.2 448.4 444.1 440.7 438.7 437.8 437.2 439.5 437.4 417.4 393.7 372.8 353.5 334.3 316.1 302.7 292.7 288 284.5 288.4 296 304.8 306.2 307.5 312.4 315.2 301.3 276.4 257.2 254.6 270.8 279.6 288.9 294.2 299.2 289.1 264.9 271.7 303.4 333.1 359
