Assets/StreamingAssets/GeoData/Data/so/SO58.asc
ncols 200
nrows 200
xllcorner 350000
yllcorner 280000
cellsize 50
[rows 0 to 34 of 200, columns 0 to 77 of 200]
161.7 168.3 174.6 184.1 190.3 200.5 213.1 223.9 245.6 260 264.5 260.7 257 254.8 259.4 267.1 270 266.6 261.8 257.9 250.9 246.2 241 236 230.8 226.8 222 216.5 210.9 205.3 200.1 195.7 191.4 187.8 183 181.7 181.7 178.2 179.8 182.9 187.2 189.8 194.3 200.7 206.4 215.6 229.4 243.6 253.9 267.5 282.7 279.8 274.2 271.1 267.7 264.8 261.4 256.7 254.8 249.5 241.9 231.9 216.8 202.9 201.4 208.4 224 230.5 229.7 228.5 226.9 224.7 221 216.9 211.5 206.7 201.8 196.9
166 172.8 180.8 189 198.4 209.8 223.2 240 256.7 265.7 262.3 257.6 253.9 251.9 252.9 264.5 266.2 261.7 254.9 249.7 244.5 239.6 234.8 230.2 225.7 221.8 218.7 212.8 208 202.1 197 191.7 187.4 183.6 181.5 177.4 177.5 173.5 176.5 181 183.5 186.2 191.1 197.1 204.4 212.5 224 237.1 247.4 261 277.2 274.9 270.3 264.5 262.6 258.6 256.3 253 249.6 246.5 242.1 237.1 219.2 201.8 195.7 200.9 210.8 227 225.7 224.4 223.3 220.7 217.6 213.3 207.8 202 197.9 193.1
171.6 178.3 188.3 196.8 207.7 220.7 236.6 253.9 267 263.2 258.3 254.4 251.7 248.1 249.4 259.9 261.2 256.2 249.9 244.4 240.2 234.7 230.9 227 224.3 218.8 213.3 208.8 204.8 200.2 195.4 191.7 188.7 184.4 180.2 176.7 174 172.4 175.5 179.2 180.6 184.2 188.8 194.3 200.7 209.3 220.7 231.8 241.9 254.5 270.9 269.6 264.9 257.1 258.1 253 251.3 247.9 240.9 239.7 236.2 232 226.4 208.6 193.1 194.7 202.3 216.9 221.4 220.8 218.3 216.7 213.4 209.2 204.4 198.7 193.2 188.8
177.9 184.5 194.2 206.7 220.9 232.9 251.8 264.5 265 259.9 255.7 251.3 248.7 245.5 244.6 257.6 255.3 251.9 247.8 243 237.1 231.3 227 222.5 217.1 213.7 210.3 206.8 201.8 198.2 195.2 191.8 188.3 183.8 181 176.7 172.4 170.3 173.3 175.5 178 181.7 185.2 191.4 198.7 207.5 216.9 227.9 238.8 247.8 265.8 264.2 259.9 252.7 246.5 246.4 245.2 242.2 236.6 228.5 230.1 226.1 221.4 212.2 191.9 186.9 192.7 201.2 218.6 215.4 214.7 211.5 207.9 203.8 199.2 195 189.3 183.9
186.5 192 204.9 216.6 233 249.5 264.9 264 261.3 256.2 251.5 248.5 244.5 240.8 239.9 252.7 250.9 247.3 245 239.6 233.9 228.1 223 218.8 213.4 210.2 206.7 202.6 198.8 195.3 190.8 186.8 182.8 179.8 177.6 176.2 172.4 169.9 171 171.9 175.4 178.3 182.7 188.7 194.7 201.4 213.3 225.1 234.3 241.5 259.6 257.5 253.3 245.4 237.9 234.5 238.4 235 230.9 225 221.2 220.5 215.8 210.1 202.1 185.5 183.7 192.6 213.1 211.9 209.1 206.4 203.2 199 194.6 190.4 185.3 179.7
192 199.1 214.2 229 248.7 263.1 263.1 260.3 256.6 251.4 248.2 244.9 241.3 236.2 236.7 246 246.2 243 240.2 235.6 229.9 224.4 219.5 213.8 210.3 206.6 201.8 198.7 194.5 190.1 185.7 182 177.9 175.4 172.1 171.2 169.4 167.7 166.9 168.8 171.9 174.9 178.7 184.1 189 198.1 211.5 222.1 229.8 235.9 253.2 250.8 247.1 240.2 236.1 229 229.7 229.5 225.7 219.2 210.6 213.3 210.3 205 199.4 192.6 178.6 183.9 206.7 208.1 206.1 202.1 198.2 194.3 189.2 185 180.3 175
200.6 215.2 230.6 251 258.7 261 259 256.5 252.1 247.8 244.9 241.3 237.4 233.1 234 240.1 242.2 239.7 235.6 231.7 226.2 220.3 214.6 209.5 206 201 197.4 193.6 188.5 184.5 181.9 177.8 176.5 174.6 173.7 170.8 168.6 166.2 165.4 167.7 168.7 171.7 175.5 179.4 185.1 196.4 208.3 216.9 224.1 230.3 248 244.5 240.7 237 231.2 223.5 220.4 223.3 220.3 212.9 203 205.5 203.6 199.1 194.1 186.6 174.8 179.9 203.7 204.6 203.2 199.6 193.8 188.1 184 179.7 175.2 169.9
214.3 235.1 250 255 257.8 257.6 255.6 252.5 247.4 244.1 241 237.6 233.5 230.9 231.2 235.8 237.7 235.4 232.5 227.8 222.4 217.3 211.1 206.5 201.4 197 193.1 190 186.4 183.1 182.3 182.4 181 179.3 176.1 172.5 169 166.4 163.8 163.8 167.3 169.3 172.4 176.5 183.3 192.6 203.3 211.3 218 223.9 243.3 237.7 234.4 231.7 226.1 220.6 211.3 215.9 211.7 206.2 198.5 193.9 193.1 191.3 188.4 183.2 169.9 177.2 200.4 200.5 197.7 194.7 190.7 185.4 178.2 174.2 169.9 164.4
238.5 252 253.1 254.9 256.7 254.7 251.6 247.2 242.9 240.1 236.9 233.9 230 228.7 229.4 232.3 234.3 232.1 228.4 223.5 217.9 213 207.1 202.6 197.3 193.3 190.2 186.8 186 188.3 188.5 185.9 181.5 177.9 173.9 169.9 167.6 165.8 163.5 161.7 164.8 166 169.2 174.3 179.5 187.9 197.8 205 212 218.7 238.1 233.6 227.5 225.7 222.1 218.8 209.9 202.9 206.9 201.4 193.8 187.1 184.3 184.7 182.4 174.1 165.1 180 196.4 195.7 193.2 189.3 185.4 180.1 174 167.6 163.1 158.2
251.9 251.9 252.9 254.5 253.2 250.6 247.5 242.8 238.2 236 232.8 229.9 227.3 226.7 227.8 230.1 231.6 228.8 224 219.4 213.7 208.6 202.7 199.3 194.4 190 191 192.2 193.1 192.7 188.3 183.3 179.2 175.6 172.3 169 166.2 164.6 163 160.9 161.7 162.9 166.1 169.8 175.1 183 192.2 200.1 207 212.9 229.9 228.6 222.9 219.1 217.1 213.4 208.8 199.1 195 194.7 190.4 184.1 179.4 179.4 177.6 166.7 163.5 179.6 191.5 189.9 186.8 183.1 177.2 173.9 169.1 163.4 156 150.3
250.5 251.8 253.5 251.9 249.1 246.8 242.5 238.7 234.4 231.5 228.9 226.3 225 224.7 226.2 228.1 229.4 226.3 220.6 214.7 209.1 204.6 198.9 195.2 196.8 196.9 199.4 197.6 195.6 191.1 185.3 181.8 177.6 174 170.8 168.7 166.9 166 163.1 160.6 160.4 158.3 163.2 167.1 171.7 178.1 186.5 195.2 201.9 209.2 220.7 222.7 218.1 212 211.7 208.1 204.2 198.5 189.1 187.8 185.9 181.8 177.1 173.8 173.5 162.8 160.9 176.2 185.2 183.3 180 175.9 171 165.9 160.2 157.6 151 144.3
249.7 252.5 251.9 249.2 244.7 241.9 237.5 233.5 231.3 227.7 225.2 223.6 223.3 224.1 225.6 227.2 227.5 224.9 221.2 216.9 212.4 206 199.7 204.4 203 201.5 203.2 200.3 195.1 190.9 186.7 181.9 177 174 171.8 170.1 169.1 167.9 165.3 162.2 158.1 158 160.5 164.4 168.7 174.2 182.3 190.8 198 203.4 213.1 215.5 212 205.4 205.2 203.1 198.8 194.4 188.9 180.6 179.7 178.7 176 168.2 168.1 160.2 156.4 172.6 179.5 176.8 172.2 165.3 155.9 152.7 151.6 149.3 145.1 139.5
250.2 250.1 248 245.2 240.5 237 233.2 230.1 227 223.9 222.5 223.2 225 225.6 226.1 226.7 228.4 226.7 224 218.6 210.8 204.1 206.1 211 209.2 206.4 207.6 205.2 199.8 194.9 189.6 183.9 178.7 175.5 173.2 172.8 172.5 169.5 167.1 163.8 160.4 157.1 157.3 160.9 165.4 169.6 178.1 186.5 193.2 197.7 204.1 207.4 205.6 200.9 198.7 197.5 194.4 191.2 186.7 180.5 173.5 173.3 172.7 169.2 161.5 157.3 152.3 168.8 172.5 168 160.6 147.8 142.1 138.7 136.6 136.7 136.6 131.4
247.9 246.1 243.2 239.1 235.4 232.6 229.4 226.1 222.8 221.3 221.8 225.4 228.1 228.7 228.8 228.7 229.1 228.5 224.6 216.7 211.3 212.5 213.9 216.3 215.3 213.1 213.2 211 206.8 200.5 193.7 186.4 182.4 178.5 176.7 175.5 172.9 169.6 166.1 164.2 160.6 155.8 153.9 155.3 161.4 166.6 173.9 181.7 187.2 191.5 195.5 197.7 198.2 194.5 191.9 192.3 190 187.5 183.7 179.1 173 167.2 168 166.3 161.7 153.6 149.4 157.7 164.9 157.5 147 139.6 135.8 133 132.3 129 129.1 128.9
244.1 240.8 237.2 233.1 230.3 227.5 224.8 222.2 219.7 222.7 224.7 226.6 230.8 231.2 231.3 231.3 231.4 229.7 224.7 219.9 216.3 219.6 222.1 223.5 221.9 221 222.6 219.1 214.2 207.2 198.5 191.7 187.8 183 181 178.7 174.8 170.9 168.4 166.9 161.1 160.1 157.6 153.3 156.5 163.2 171.1 176.8 181.9 185.6 188.2 189.5 189.9 187.4 186.2 187.6 185.9 183.5 180.3 177.7 173.5 168.1 163.1 160 155.9 150.8 147.9 147.1 155.6 147.4 140 135.3 132.6 128.4 127.4 127.6 127.4 128
239.2 235.3 231.6 227.4 225.3 222.8 220.1 218.1 219 224.4 227.7 230.4 232.4 235.7 235.7 235.6 236.3 234.6 230.8 225.4 222.3 228.1 230 231.3 230.7 231.9 234.3 229.7 226.3 219.1 209.6 197.8 191.1 187.7 185.3 181.7 178 174.3 171 168.6 165.7 162.2 158.8 154.3 153 156.8 165.5 171.7 176 179.4 182 183.1 183 180.9 181.2 183.1 182 180.2 178.5 176.2 172.2 167.5 164 160.3 157.3 153.3 147.4 142.8 139.8 137.9 134 130.3 128.4 127.6 127 127.6 127.3 127
233.8 230.2 226.3 222.8 220.2 217.7 215.5 220.3 222.4 226.1 230 233.6 236.7 238.6 241.4 242.6 243.4 242.9 238.5 232.6 229.7 235.7 238.5 240 241.6 243.9 246 244 238.3 229.8 216.4 203.6 196.5 193 189.8 185.3 181.4 177.5 173.7 170.5 168 164.9 160.7 157.2 152.7 154.8 158.1 165 170.1 173.5 176.3 177.4 175.9 173.8 177 178.4 179.3 178.7 176.7 174.5 172.6 169.6 171.9 174.5 173.6 169.5 162.5 151.2 145 141.3 138.7 132.1 128.2 125 136.8 140.4 134.9 131.6
227.8 223.3 220.1 217.3 215.4 215.6 219 222.9 226.9 229.2 231.6 236.1 239.9 244.3 247.6 251.5 253 253 244.7 242.6 236.2 239.4 246.8 249.6 255.3 259.8 256.8 254.7 247.4 239.9 226 210.3 202.1 198.4 193.8 189.1 185.3 181.6 177.8 174.3 170.4 168.3 163.9 160.4 156 152.1 153.8 159.5 163.5 167.9 171 172.6 170.9 167.8 171.9 174.8 175.9 176.3 176.1 174.6 173.7 175.4 177.5 177 174.5 170.6 165.8 159.6 153.4 146.9 137.8 128.9 126.9 126.3 143.4 140.6 136.4 133.1
221.7 217.9 215.1 212.6 213.7 217.9 221.8 225.8 229.2 233 236.2 239.6 244.5 250.1 254.8 258.9 262.3 263.5 262.3 257.3 250.3 252.1 257.4 261 273.5 280.8 278.8 271.4 260 250.3 238.5 223.1 209 203.8 199.3 194.6 189.7 185.7 181.9 178.6 174.4 171.7 167.5 163.3 159.1 154.4 151.3 152.8 156.9 161 165.1 167.4 164.7 163.4 165.9 169.5 174.2 177.3 177.9 179.4 179.7 180.8 179.3 175.8 173 169.1 163.3 157 150.9 144.2 132.6 127.3 125.8 127.7 141.8 139.3 136.1 134
215.4 211.7 209.9 212.8 216.6 220.6 224.6 228.3 231.5 236.1 241 245 249.4 255.4 261.3 265.8 269.8 273.5 279.1 275.1 273.3 273.3 277.4 284.7 299 306.6 300 292.3 276.3 265.8 252 235 217.9 210.2 205.2 200.2 195.4 190.5 186.9 183.7 179.4 175.5 170.9 166.6 162.6 158.2 154.1 150.1 150.8 153.7 157.1 159.6 158.7 156.8 163.9 172.2 176.3 182.6 184.8 184.9 183.3 180.7 178 174.3 169.9 164 157.3 150.7 144.8 138.6 128.2 126.5 125.5 135.2 139.1 137.4 135.4 136.1
208.6 210 213.1 215.5 218.7 222.5 226.7 231.4 235.7 239.7 244.6 249.1 254.6 260.5 266.8 272.1 277.7 284.2 292.4 300 297.9 300.4 305.9 312.7 309 304.2 298.1 294.8 288.6 282.3 268.5 249.7 235.7 223.4 213.9 210.1 202.6 197 193.3 189 184.3 179.6 175.1 170.6 165.8 161.6 157.6 154.3 148.8 149.2 150.1 151.3 151.6 152.8 162.1 175.8 187.3 189.5 187.4 185.5 182.3 179 175.3 170.4 164.7 158.6 151.1 144.4 138.5 132.3 126.4 125.4 125.6 132.7 136.2 134.3 134.7 139.9
211.3 213.4 216.4 218.4 222 225.3 228.7 232.5 239.1 243.8 248.7 254.2 259.9 265.9 272.5 279 289.4 303.3 317.6 314.6 314.4 314.4 312.9 309.7 306.6 301.1 296.2 292.5 287.9 283.6 280.7 273.6 258 246.6 235.1 227.1 219.9 211.3 202.3 197.6 190.6 185.2 180.3 174.7 169.6 165.5 161.6 158 153.8 149.4 145.6 146.1 145.5 147.5 157.1 172.1 189.3 189.6 186.7 183.5 180.3 176 171.2 166.1 160.1 153.5 147.1 140 133.9 126.6 126.2 124.8 125.6 130.4 132.4 131.7 137.9 143
212.5 214.5 217.5 220.8 225.3 229.3 233.7 238.7 243.5 249.1 254.2 259.5 265.1 272.2 280.9 293.3 303.9 317.3 315.6 312.9 313 312 310.2 307.5 304.1 298.1 292.7 287.6 284.4 281.1 278.3 277.2 274.2 268.1 262.6 250.6 241.3 233.4 228.4 216.5 208.2 201.1 195.5 182.4 178.3 175 168.3 162.9 158.7 155.4 154 151.3 146 142 151.1 167.3 187.5 187.5 184.6 180.8 176.3 172.2 167 161.2 155.2 149.1 142.5 136.9 131.4 126 125.9 125.1 125.4 128 129.3 132.4 139.9 142.5
207.7 213.3 217.5 222.1 226.9 232 237.6 242.5 248.5 254.2 259.5 264.8 270.8 279.1 297.6 314.1 319.3 316.5 313.7 310.9 311 310.3 308.4 305.1 300.8 296 288.3 283.7 278.3 276.9 275.2 274.7 274.5 267.8 261.2 253 250.9 248.3 245.1 239.5 231.3 223.5 216.7 207.3 197.7 190.2 186.9 181.3 173.1 167.8 163.1 159 147.3 142.8 149.2 175.9 185.6 184.2 181.4 176.8 172.2 167.2 162.2 156.3 150.2 144.6 138.8 134.6 128.8 125.4 124.9 124.3 125.2 126.8 130.5 134.8 141.2 141.1
210.2 215 219.4 223 228 233.9 240.4 247.2 253.8 260.2 265.6 271.6 278.6 299.8 317 322.3 319.4 316.1 312.7 308.2 308.3 308.6 305.8 302.2 298.7 293.9 287.3 280.7 268.8 266.6 270.3 271.7 268.4 264 259.6 252.7 251 249.2 244.2 238.8 232.7 226.3 219.1 213.2 207.4 201.1 193.8 186.7 180.2 170.9 165.3 152.7 142.7 142.9 157.7 181.2 182 180.3 177.3 172.6 168.1 163.1 156.9 151.5 146.4 140.9 135.8 131.7 127.6 124.8 124.3 123.3 125.3 128.6 134.4 140.4 139.9 135.5
211.3 215.8 220.7 225.4 230.7 237.4 244 252.5 259.3 266.1 272.7 279 297.8 319.5 323.6 321.5 318.8 315.6 311.5 304.5 305.5 305.6 302.9 299.3 295.6 291.3 286.8 279 269.7 259 256.2 263.1 265.6 262.2 257.8 252.4 249.7 245.6 241.2 236 230.7 225.3 219.1 213.4 207.7 201.6 194.7 187.6 180.3 171 162.4 147.9 141.2 146.3 167.4 178.8 178.2 176.5 172.7 168.5 164 158.6 152.7 146.5 141 136.5 133.1 129.6 125.8 124.2 124.1 123.1 124.6 135 139.2 137.9 134 129.8
212 215.4 220 225.1 232 239.5 248.3 257.2 265.3 272.7 279.1 289.6 311.6 323.1 321.8 320.2 318.5 315.3 310.6 304.4 301.8 302 299 296.4 292.6 287.7 283.1 277.8 272.7 265 250.1 250.4 258.4 258.7 254.8 250.3 244.7 240.6 236.6 232.5 227.4 222.5 217.8 212.7 207.3 201.4 195 187.5 179.5 169.9 161.1 147.4 140.8 149 168.8 175.4 173.5 171.8 168 164 158.1 153.2 148.4 142.8 136.9 132.6 129.8 126.1 124.5 124.1 123.8 125 135.1 137.9 135.8 132.7 129.8 126.7
208.5 211.7 217.3 225.1 233.4 242.5 253.1 262 270.3 278.4 285.2 299.4 322.1 319.4 317.4 317.7 317.3 313.4 309.4 302.3 296.2 297.9 295.2 292.5 289.9 285.4 280.6 276.5 270.6 264.1 252.4 241.9 244.7 251.5 248.4 244.1 239.9 235.1 231.4 227.5 222.9 218.2 213.9 209.1 204.4 199.3 192.5 186.3 178.6 169 159.1 147.3 138.8 142.5 165.3 172 169.6 166.7 163 158.8 153.6 148.5 144.1 138.6 133.6 129.3 125.5 123.6 123.4 122.9 124.9 132.5 135.2 134.1 131.2 129.2 126.3 126
208.2 212.8 218.5 225.2 235.6 246.5 256.4 266.6 276.1 283.9 294.7 314.1 318.9 315.4 313 313.7 313.1 309.4 305.2 300.2 290.1 293.4 291.3 288.7 285.5 282.1 278.6 276.2 270.8 264.5 255.8 242.7 234.9 241.1 241.8 239.1 235.7 231.7 227.5 223.7 218.3 213.3 208.6 204.2 196.9 191.1 187.6 180.4 174 165.6 156.8 151.5 139 139.2 156.8 166.5 166.1 162.8 158.9 153.3 148.3 143.7 139.5 134.6 130 126.4 123.8 123.1 122.7 123.6 128.4 130.9 130.6 128.9 127.3 125.5 125.9 126.2
212.3 215.5 221 229.3 240.1 252 261.3 271.4 279.8 289 307.1 317.8 314.7 311.4 308.2 308.8 308.9 305.2 300.8 296.4 286.6 288.3 287.8 285.1 282.3 278.5 276.8 273.1 267.8 263.1 256.8 246.7 232.1 227.7 232 231.6 230.8 228.7 225.8 222.8 218.8 214.2 209.5 204.4 199.3 193.5 188.5 180.9 175.9 172.4 167 161.9 144.3 137.6 144.6 156.9 161.9 158 152.7 148.7 143.9 138.7 134.6 129.3 126.5 124.1 121.8 121.9 123.2 123.5 123.8 123.4 124 124.1 124 125.5 126 126.4
217.9 222 227 234.6 245.7 256.8 267 276.6 284.9 299.8 316.8 313.4 309.9 306.6 303.9 305.1 304.3 301 296.6 292.2 286.2 281 284 282.1 279.3 275.6 273.8 269.7 265.1 260 253.9 248.6 237.3 227.2 220.4 219.3 223.8 224.7 222.8 220.3 216.9 213.6 209.7 205.3 201.1 196.5 191.1 185.8 180.6 175.1 169.6 164.4 154 136.5 135.8 143.8 151.2 153.6 148.5 143.7 139.2 135 129.6 126.3 123.8 122.6 122.1 122.8 122.6 123 122.8 122.3 124.8 124.4 125.3 125.8 126.2 126.6
221 227.9 234.4 242 251.3 261.2 271.4 280.9 289.2 311.3 313 309.1 305.1 301.9 299.6 301 299.1 295.9 292.3 288 283 273.9 280 279.6 276 272.5 269.7 265.6 260.9 256.5 252.1 247 241.9 233.6 225.8 214.8 209.2 212 217.4 215.9 214 211.9 208 204.2 200 195.4 189.6 184.6 179.5 174 168.1 162.1 155.6 143.9 136.1 135.2 146.2 148.8 144.3 140.6 136.4 130.6 126 123.6 123.2 122 121.9 122.5 122.2 124.6 127.1 126.7 125.1 125.8 125.8 126.3 126.8 126.7
216.4 226.7 237.2 246.2 255.3 264.6 274.5 283.8 302.5 313.1 309.2 305.2 301.3 298.1 296.7 295.8 294.1 290.5 286.7 283.3 278.3 269.5 276.8 276.5 272.9 269.2 264.8 261.4 256.8 253 248.7 244.3 239.7 234.3 228.8 222.7 212.4 203.8 201.7 209.8 210.3 208.8 205.7 201.8 197.3 192.6 187.9 181.6 176.4 171.2 165.9 159.9 153.8 143 137 136.5 141.9 144.6 142.4 138.4 134.9 128.8 124 123 121.4 121.5 122 122.3 126.9 129.1 129.2 129.1 128.9 128.8 128.5 127.2 126.8 127.3
214.9 226.8 238.9 250.2 259 268.3 277.6 288.9 310.4 309.3 305.2 301.3 297.3 296.1 293.9 288.9 288.4 284.8 281.2 277.2 272.8 262.6 271.6 271.6 268.8 264.9 261.1 256.6 253.3 249.6 245.3 241.1 236.1 231.1 227.2 222.4 218.1 211.9 199.3 194.7 201.2 204.7 201.4 198 193.5 188.7 184 178.1 172.8 167.7 162.4 157.5 149.6 143.9 135.7 132.9 141.8 141.3 139.4 137.4 136 130.4 124.5 122.5 119.5 121.4 122.9 127.1 128.4 129.9 130.7 131.1 131.2 131.3 130.3 129.3 129.1 128.9
221.2 231.8 243.3 253.6 263 271.9 280.9 300.8 309.8 305.3 301.5 297.1 294.8 291.8 288.6 284.6 281.5 279.3 275.1 271.4 266.7 257.4 267.8 266.8 264.3 261.2 257.5 253.7 249.5 246.2 242.2 237.9 232.9 228.2 224.8 220 216.2 212 207.6 197 187.8 191.5 197.3 194 190.1 184.8 179.8 174.5 169.2 163.1 158.8 154.9 148.5 141.8 133 132.3 138.3 135.5 135.5 137.6 137.7 133.1 126.7 122.1 121.5 121.1 122.1 124.6 126.4 128.8 131.2 132 132.8 132.6 132 131.4 130.9 130.7
