Assets/StreamingAssets/GeoData/Data/so/SO59.asc
ncols 200
nrows 200
xllcorner 350000
yllcorner 290000
cellsize 50
[rows 35 to 69 of 200, columns 78 to 155 of 200]
248.2 245.7 240.9 231.7 225.7 222.2 218.3 213.6 207.8 209.1 209.9 209.8 205.3 199.9 194.9 190.7 186.7 183.1 179.5 176.1 172.4 170.7 169.2 166.4 163.2 159.7 156.4 153.2 150.3 147.1 145.4 145.1 144.4 142.8 141.2 139.5 137.8 136.2 136.5 134.7 132.6 131 129.4 127.9 126.5 125.1 124.2 122.8 120.7 115.7 105.9 106.6 110.4 114.6 115.1 115.4 115.1 114.4 113.4 112.8 112.4 110.5 111.9 112.6 112.4 111.5 110.5 109.6 108.8 109.3 110.2 111.3 112.7 114.3 115.1 115.6 116.5 116.9
251.8 250 244.9 239.3 233.4 227.6 221.9 212.5 207.6 201.4 200.4 203.2 201.7 198.4 193.6 189.2 185.2 181.5 178.1 174.7 170.8 167.6 166.2 163.3 160.7 157.7 154.4 151.1 149 146 144 143.5 143 141.4 139.9 138.5 137.8 134.7 132.7 133.6 131.7 130.3 129 127.6 126.2 124.8 123.5 122.3 119.9 112.6 106.9 110.2 115.2 116.8 116.4 116 115.7 115.3 114.2 113.5 112.2 111.8 112.3 112.6 112.8 111.7 110.6 109.8 110 110.7 111.7 112.8 114 115.8 117.1 117.6 118.6 118.8
249.2 249.1 246.7 241.7 233.6 230.6 224.3 212.1 206.2 199.9 194.5 193.2 194.5 195.4 192.5 188.3 184.2 180.6 177.2 173.1 169 166.2 162.8 159.8 157 154.8 152.7 149.6 147.3 144.5 143 141.7 141.3 140.1 138.7 137.4 135.2 133.6 131.5 131.4 131.4 130.1 128.7 127.4 125.9 124.6 123.2 121.9 118.8 111.8 107.4 115.7 117.9 118 118 117.1 116.2 116.4 115.1 114.1 113.5 112.9 113.1 113.6 112.5 111.8 110.8 111.1 111.4 112.1 113.2 114.2 115.4 117.2 118.9 119.6 120.7 121.3
245.2 245.3 245.1 241.7 234.7 226.7 220.1 213.1 204.5 198.4 189.7 185.8 187.4 190.2 189.4 186.9 183.1 179.6 175.7 172.2 168.5 164.9 160.8 158 154.7 152.3 150.4 148.9 146.5 144.9 143.3 141.1 139.7 138.7 137.6 136.4 134.9 132.8 131.2 128.2 130.1 129.9 128.5 127.1 125.7 124.3 123 122.3 119.8 107.5 111 119.5 119.2 118.6 118 117.1 116.7 116 114.8 114.2 113.7 113.6 113.8 113.1 111.9 111.3 110.9 112.5 112.9 113.5 114.4 115.4 116.7 118.4 120.2 121.8 123.2 123.6
240.8 241.3 241 237.8 231.8 226.1 217.1 209.8 202.7 194 186.7 181.5 180.5 184.1 185.7 183.7 180.7 177.1 173.6 170.4 167.3 163.6 159.3 155.7 153.1 151.1 149.1 147.7 146.1 144.1 142.5 141.2 139.3 137 136.5 135.7 134.3 132.9 131.8 129.9 125.2 128.2 128.3 126.7 125.4 124.1 122.7 121 118.4 107.9 112.9 119.8 119.7 118.9 118.4 117.9 117 116 115.1 114.5 114.4 114.3 113.8 112.7 112 111.8 112.6 114.1 115.2 115.7 115.8 116.8 118.4 120.4 123 125.3 125.4 125.8
235.3 235.1 234.7 231.1 226.4 220.9 212.9 204.9 198.8 191.4 184.3 178.3 175.7 178.1 180.6 179.6 177 173.4 170.3 167.6 164.6 161.3 156.1 153.5 151.8 150 148.1 146.7 144.9 142.8 141.4 140.1 138.9 137 134.5 134.6 133.7 132.6 131.1 129.1 125.9 124 126.8 125.8 124.8 123.8 122.1 120 114.3 108.3 111.7 119.8 120.3 119.2 118.4 117.9 116.9 116 115.4 115 114.8 114.8 114 113 112.5 112.8 114.2 115.7 117.3 117.9 118.5 118.9 120.4 122.3 125.6 127.1 127.7 128
231.5 228.8 227.2 224 217.5 212.6 204.9 198.4 191.4 185.9 180.5 175.4 172.7 172 173.4 174 172.1 168.9 167.6 165.2 161.9 158.3 154.1 152.3 150.8 149.3 148 145.9 143.2 141.6 140.2 138.9 137.7 136.4 134.4 131.6 131.7 130.4 129.2 125.4 121.2 118.4 117.5 117.3 119.7 119.7 120.7 119.2 112.4 110.7 114 119.1 119.5 118.4 117.8 117.4 116.9 116.3 115.9 115.6 115.2 114.9 114.4 113.5 113.2 114.4 115.8 117.3 118.9 120 121.1 121.7 122.3 124.6 126.3 128.4 129.8 130.3
240.3 232.1 227.1 222.6 219 214.6 207.3 199.3 192.5 186 182 176.2 173.5 169.7 168.2 166.5 166.1 164.5 163.1 161.8 159.9 156.5 153.3 151.5 149.9 148.6 147.3 145.3 142.9 140.8 139.3 137.7 136.5 135.2 132.7 129.5 128.1 128.2 124.4 123.5 125.2 125.7 124.3 122.2 118.4 117.3 111.3 111.4 108.4 112 119.5 119.9 119.6 118.9 118.3 117.8 117.5 117.1 116.7 116.3 116 114.8 114.3 114 114.2 116.7 118.1 119.5 120.8 122.2 123.5 124.1 125.2 127.1 128.9 130.1 131.4 132.6
243.4 239.8 236.3 230.1 223.4 214.7 207.9 200.9 195.7 190.9 186.1 182 177.2 172.2 168.3 165 161.2 158.5 158.3 157.4 156.3 154 152.6 150.8 149.2 147.9 146.5 144.4 142.1 140 138.6 137.1 135.3 132.7 132.6 133 132.3 131.4 130.5 129.4 128.3 127.2 125.5 124 122.3 120.7 118.3 116.1 109.3 113.8 118.9 120 120.3 119.7 119 118.7 118.5 118.1 117.7 117.3 116.9 115.8 114.8 115 116 118.2 119.9 121.3 122.8 124.3 125.7 126.7 128.4 130.9 132 132.4 133.1 134.2
245.8 241.5 234.8 227.3 219.7 211.2 204.9 201 198 193.6 189.3 185.1 179.3 174 170.8 168.3 165.9 162.8 159.6 155.9 154.1 152.2 149.9 149.1 148.7 147 145.3 143.6 141.4 139.2 138.3 136.3 132.9 133.5 134.7 134.5 133.5 132.4 131.2 129.9 128.5 127 125.4 123.9 122.8 121.3 118.8 115.8 112.2 114.9 119.7 120.5 120.7 120.6 119.8 119.2 118.9 118.5 118.1 117.7 117.3 116.3 116.3 117.1 118.2 119.7 121.4 123.3 125.7 126.9 128.2 130 131.6 134.2 135.1 135.5 136.2 136.7
245.5 239.1 230.3 222.9 214.3 206.5 200.8 198.9 197.4 194.6 190.2 185.7 180.8 175.3 171.1 168 165.4 163.4 161.1 157.1 153.9 152.4 151.3 150.4 148.8 146.4 144.7 142.8 139.9 138.2 136.2 136.1 136 135.6 135 134.1 133.2 132.1 131 129.7 128.3 126.8 125.3 123.9 122.4 120.7 112.1 109.8 114.2 117.7 120.7 121.6 122.5 122.3 120.7 119.6 119.2 118.8 118.4 118.1 117.4 117 118.3 119.3 120.4 121.5 123.9 126.5 128.4 129.7 131.4 133.1 135 136.9 137.8 138.5 139.4 140.4
241.9 235.5 227.4 219.2 211.2 203.8 198.4 196 195.3 193.2 189.6 185.5 179.6 172.8 168.2 165.3 162.8 161.3 159.4 156.4 154.6 153.1 151.9 150.7 148.5 146.4 143.9 142 140.5 139.6 137.7 136.5 136 135.8 134.5 133.6 132.8 131.8 130.7 129.2 127.7 126.3 125 123.2 121.7 119.2 114.7 111 115.7 120.3 121.6 122.6 122.2 121.7 120.7 120 119.6 119.2 118.8 118.4 117.7 118.1 119.9 120.9 122 123.2 124.7 128.3 130.8 132.7 134.5 136.2 138 139.7 139.6 140.3 142.8 144.3
237.7 229.5 222.1 214.4 207.3 201.6 196.7 193.1 190.6 189.5 186.4 181.6 174.5 169.1 165.9 163.1 160.9 159 157.1 155.3 154.2 153.2 152.3 151.1 149.2 146.8 144.8 142.4 140.6 138.9 137.3 136.1 134.8 133.9 132.6 132.2 131.6 130.4 129 128.1 126.7 124.4 120.2 118.6 117.5 117.7 116.8 111.3 117.3 121 122.4 122.3 121.9 121.5 120.9 120.3 120 119.8 119.3 118.8 118.2 119.2 120.5 121.7 123.4 124.6 125.8 128.2 131.3 133.4 135 137.4 139.6 141.6 141.9 142.4 145.6 148.4
233.2 224.7 218 211.9 205.9 200.2 195.3 190.9 186.9 183.8 180.6 175.3 170.9 167.6 164.8 162.1 160.2 158.3 156.4 154.7 154 153 151.8 151.4 150.1 147.9 145.7 143.1 140.9 138.6 136.9 135.8 135 133.7 132.8 131.4 129.6 127.6 126.9 125 124.9 124.9 124.1 123.1 122 119.5 110.5 114.9 119.7 121.5 122.1 122.4 122.1 121.7 121.1 120.6 120.2 120.4 119.7 118.9 118.8 120.3 121.5 122.8 125 125.6 126.8 129.5 131.2 133.5 135.9 138.5 140.4 143.2 144.8 146.1 149.8 152
229.2 221.6 215.3 210.1 204.9 199.6 195.2 190.6 185.3 180.1 174.4 171.8 168.8 166.5 163.4 161.7 159.9 158 156.1 154.6 153.6 153.1 151.4 150.4 150 148.6 145.2 142 140.4 138.3 136.5 135.4 134.4 133.2 133.4 132.3 131.5 129.5 128.3 127.4 127.1 125.7 125.3 123.9 121.9 117.9 112.7 118.2 121.8 122.4 122.6 122.2 122.3 121.8 121.3 120.8 120.4 120.3 119.8 119 119.4 121.4 123.7 124.9 127.1 127.4 129 132 132.7 134.7 137.2 139.6 142.3 145.2 147.6 150.4 155.1 157.5
225.6 219.7 214 209 204.2 199.5 195.3 191.3 187.1 183.2 177.2 172.9 169.4 166.3 162.9 161.2 159.5 157.6 155.8 154.6 153.3 152.9 151.5 149.8 148.4 147.4 144.7 141.4 139.4 137.8 136.2 135 134 133 133 132.3 131.5 131 129.4 128.2 127.2 121 114.6 114.6 116.9 112.6 115.6 121.5 123.2 123.5 123.2 122.8 122.3 122 121.5 121.2 120.6 120.2 119.7 119.5 120.5 122.2 125.9 128.9 129.8 130.1 131.3 134 135.1 137.4 140 142.1 144.4 148.6 151.8 155.1 159 162.9
221.1 216.9 212.3 207.3 202.5 198.2 193.6 189.7 186.1 181.5 177.3 174.4 171.1 167.3 163 160.8 159.1 157.2 155.8 154.5 153.2 152 150.9 150 149 146.7 143.8 141.3 139.2 137.7 136.8 135.5 134.3 133 131.5 130.6 130.9 130.2 127.3 119.7 117.3 124 124.6 122.5 120.3 112.6 115.8 122.4 124.2 123.9 123.5 123.5 123.5 123.4 122 120.9 120.6 120.9 120.2 120.8 122 123.4 126 129.8 131.4 133.4 135 137 138 139.8 142.1 144.8 147.8 151.7 156.1 160.5 166 170.8
218.4 213.8 209.4 204.6 200.4 196.2 192 188.1 183.9 178.7 175 172.2 168.9 166.5 162.9 160.4 158.7 157 155.7 154.5 153.4 152.1 150.4 150 149 146.9 143.7 141.1 139.7 138.6 137.3 136 134.6 133.2 132.1 131.7 130.5 124 120.2 126.2 129.6 130.2 128.3 125.2 122.5 115.8 115.8 123.2 124.5 124 123.3 123 122.7 122.2 121.4 120.9 120.6 121.1 121.1 122.1 124 126.3 128.1 130.1 132 134.5 137.1 139.9 141 143.4 145.8 148.8 152.8 157.6 163 168.3 174.4 181.3
216.9 210.4 205.2 200.9 196.7 193.5 189.1 185.3 181 176.2 172.8 170.5 167.7 164.7 162 160.3 158.5 157.2 156 154.8 153.6 152.2 150.6 148 146.4 145.3 143 141.2 140.1 138.4 136.9 135.9 134.7 133.3 132.3 131.3 129.2 123.8 129.3 130.8 131.7 131.9 131.2 128.9 125.7 119.7 115 122.9 124.6 124.3 123.6 122.7 121.8 121.4 121.2 120.9 121 121.9 122.7 123.8 126 128.8 130.3 131.6 133.7 136.3 139.3 142.4 144.2 146.7 150.5 154.8 159.4 164.6 171.1 177.7 186.3 199.1
216.6 208.6 203.4 198.3 193.9 189.3 185.4 182.1 178.2 174.2 170.9 169 166.3 163.1 161.8 160.3 159 157.9 156.3 155 153.8 152.4 150.8 149.2 147.1 144.6 142.9 141.5 139.8 137.5 136 135.2 134.2 133 129.8 128 128.2 128.3 130.6 132.3 132.6 132.8 133 131.9 127.2 121.7 114.9 117.9 123.6 123.6 123.3 122.5 121.9 121.5 121.1 120.9 121.9 122.9 124.2 125.8 129.1 131.8 132.8 134.3 136.5 139.5 143 145.7 148.4 152.5 156.4 161.7 166.6 176.8 183.8 190.8 204.7 213.5
218.2 211.8 205.4 199.2 194 189 184.9 181.5 177.5 173.4 169.8 167.2 165.4 163 162.4 161.3 160 159 156.8 155.5 154.1 152.4 149.7 147.3 145.7 143.6 141.3 139.6 137.9 136.5 135.9 134.3 132.4 132.1 131.1 130.2 129.9 129.6 131.8 133.1 133 132.9 132.8 131.1 127.1 123.5 116.8 116.7 121.5 122.9 122.8 122.5 122.1 121.6 121.3 122.1 123.2 124.5 126.5 128.6 131.4 133.1 135.8 137.9 139.8 143.3 147.5 151.6 154 158.9 164.8 172.1 180.4 188.4 201.4 208.3 215.1 225
218.7 212.6 206.2 199.4 193.6 189.4 185.6 181.3 176.5 173.2 169.3 167 165.4 163.8 163.3 162.5 160.1 158.4 155.9 153.6 152.2 149.3 147.3 144.9 143 141.3 141 140.1 137.2 136.1 135 133 133.7 133.4 132.5 131.4 131.8 130.8 133 133.4 133.4 133.4 132.9 130.5 128 124.7 119.7 118.3 122.1 123 122.8 122.5 122.2 121.8 122.4 123.4 124.5 126.7 129 131 133.3 135.9 138.6 141.3 144.1 147.1 152.8 158.1 162.3 165.3 173.6 183.1 197.6 207.6 213.1 217.5 233.7 246.5
218.2 212.3 205.6 198.9 192.7 188.2 183.1 178.7 175.4 171.9 170.3 167.7 166.5 165.2 163.8 162.1 159.1 156.1 153.4 151.9 149.8 146.9 145.1 144.8 142.9 142.6 142.5 141.1 139 137.8 136.9 136.5 135.7 134 132.5 132.2 132 132.8 133.9 134.5 134.2 133.7 132 129.5 127.3 120.9 117.5 118 121.6 122.9 122.9 122.5 122.2 122.5 123.1 124 126.2 128.8 131.3 133.9 136.4 138.8 141.4 144.8 149.2 152.9 157.3 164 172.1 182.5 191.9 207.2 215 222.1 226 238.3 253 250.1
217.2 211.4 204.8 198.1 191.7 187.4 183 177.9 174.5 172.9 171.5 169.1 166.9 164.8 162.8 160.9 158.9 156.9 154 151.3 147.6 146.8 147.5 147.5 146.2 145.1 143.9 142.3 139.7 138.7 137.6 136.3 135.4 134.6 133.2 132.9 132.7 133.6 134.6 135.5 134.4 132.9 130.9 128.1 123.4 119.1 119.1 123.7 121.3 123 123 122.7 122.9 123.4 124 125.2 127.7 131.1 133.8 136.6 138.9 141.8 144.3 148.1 152.1 157.9 163.5 170.9 183.9 199.9 211.6 224.7 231.8 236.8 246.7 253.7 249.2 236.4
216.2 210.3 203.9 197.1 190.6 186.3 182.4 178.2 175.2 174 172.6 170.5 168.2 166.1 165.1 163.2 161.3 159.1 154.8 149.5 147.7 150.5 150.3 150.2 149.2 147.2 145.3 143.3 140.3 139.2 137.5 135.9 135.1 134.3 134.2 134 133.7 134.2 135.4 135.3 134.1 132.2 129.8 123.5 118.8 117.4 120.6 126.3 125.4 123.6 123.7 123.7 124 124.5 126 128.1 130.7 133.2 135.9 138.4 140.8 144.2 147.8 152.2 158.2 164.5 172.5 183.1 198.3 215.6 231.6 240.4 251.1 255 257.2 249.9 230.4 226.7
214.7 209.2 202.8 196.2 189.5 185 181.6 178.3 175.8 174.4 173.6 171.6 169.1 168 166.6 164.6 161.9 157.2 152.5 149.2 152.3 153.4 153.1 152.1 150.6 147.5 144.3 141.9 140.2 138 136.7 135.5 135 134.6 134.5 134.8 134.8 134.9 135.7 134.9 133.2 131.1 123.7 119.4 124.1 126.2 122.2 127.6 127.6 125.5 125.1 124.6 125.3 126.7 128.2 130.2 132.6 134.9 137.7 140.3 143.5 147.3 152.1 157.5 164.9 173.1 182.2 196.3 213.4 229.7 246.8 259.6 262.6 260.6 252 231.3 225.5 224.5
213.1 208.1 201.7 195.4 189.5 184.1 180.8 178.3 177 175.8 174.5 172.3 169.9 168.8 166.9 164.3 160.4 155.2 151.4 153.1 156.9 156.6 155.8 153.6 150.2 147.2 144 141 139.1 137.4 136.4 135.7 135.3 134.9 134.9 135.2 135.4 135.6 135.3 134.4 132.3 127.3 119 125.2 127.8 126 124.1 127.6 127.5 126.9 127.8 126.2 126.9 129.1 130.5 132.2 134.4 136.6 140.6 142.8 145.9 151.2 156.7 163 170.9 180 192.2 207.5 224.9 240.9 262 264.5 264.2 257.5 237.8 227.6 228.1 227.4
210.9 205.7 198.6 193 187.9 183.7 181.3 179.3 178.2 177 175.2 173 170.8 168.6 166.2 160.8 156 152.1 154.8 159.4 160 158.9 157.3 153.4 149.2 146.4 142.8 140.3 138.7 137.3 136.5 136.1 135.7 135.3 135.3 135.8 136.3 136.1 135.1 134.1 128.4 122.5 118.9 129.6 128.1 126.1 125.1 127.2 127.5 127.7 128 128.4 129.3 131.5 133 134.5 136.7 138.9 142.7 145.8 149.3 155.8 160.6 167.2 177.4 187.4 201.7 216.8 232.7 247.3 268.6 268.5 260.5 246.1 229.4 230.6 230.2 225.1
207.6 202.5 196.9 191.1 187.1 184 181.7 179.4 178.2 178 175.3 172.4 169.8 166.7 163.9 157.4 154.6 156.9 162.2 163.1 162.1 160.1 156.4 151.5 148.3 144.7 141.9 140 139 137.7 137 136.5 136.4 136.8 136.9 137.3 137 136.5 135 131.3 123.7 125.8 131.5 130 128.6 127.8 126.9 127.1 127.8 128.3 128.8 129.8 131.2 133.6 135.6 137.1 139.1 141.9 145.1 149.4 154.3 160.7 167.1 176.3 185.7 202.4 214.2 226.4 242.9 264.4 269 256.5 245.5 235.5 234.5 235.2 227.8 224.9
204.1 199.8 194.9 190.3 186.6 184.3 182.1 179.9 177.4 175.4 174 169.7 165.9 163.2 159.5 156 158.2 164.5 166.7 165.6 163.6 159.4 154.6 150 146.5 143.2 141 140.1 139.1 138.2 137.6 137.5 138 139.2 138.8 137.9 137.2 136.2 131.2 123.1 121.6 132.9 131.6 130.4 129.7 129.2 129.2 129 128.1 129 130.1 131.6 133 135.7 138.1 140.3 142.5 146 149.6 154.1 159.6 166.3 176 186.1 198 213.2 225.1 238.6 261.8 265.5 255.7 244.5 239.3 247.5 236.5 230.4 227.3 225.6
199.8 195.4 191.2 188.4 185.8 184.2 182.4 180.4 178.1 174.9 172.7 170.3 169.8 167.6 159.8 157.4 166.2 169.6 169.1 166.5 162.3 158.2 152.2 148 145.4 142.7 141.2 140.3 139.4 138.7 139.2 139.7 140.4 140.3 138.8 136.5 134.3 130.7 123.9 126.2 132.2 133.1 132.3 131.1 130.8 131.1 131 130.5 130.5 130.3 130.7 132.6 134.9 137.8 140.6 143.1 146.2 150.9 155.3 160.3 167.3 177.2 187.2 199.4 213.3 224.3 234.6 252.2 263 240.9 245.3 239.8 237.1 237.5 233.9 230.5 227.9 226.3
195.4 191.7 188 185.5 184.8 183.6 182 180.2 178.1 176.2 175.4 173.9 170.9 164.7 158.3 163.4 170 170.5 168.4 164.2 160.2 154.6 149.1 146.4 144.3 142.4 141.2 140.6 139.8 139.7 140.6 141.4 142 140.8 136.8 132.9 126.6 124.7 132.6 134.2 133.3 133 132.5 132.5 131.7 132.2 132.4 132.2 132.2 132 132.1 134.2 136.9 140 143.1 146.3 151.3 156.2 161.9 167.7 176.9 187.5 200.3 210.7 223.9 237.3 256.7 259.2 245.8 242.5 241.9 239.2 241.1 237.6 233.5 230.3 228.8 227.2
191.7 187.6 185.4 183.8 182.8 182.5 180.9 178.9 177.6 174.9 172.7 171.9 165.9 160.6 162.7 169.4 171.4 168.3 165.5 161.1 156.3 151.1 147.3 145 143.2 142.1 141.4 140.8 140.9 141.7 142.6 142.7 141.8 140.5 134.4 128.3 128 135.2 134.9 135.5 134.6 134.1 134.7 134.2 133.5 133.8 133.8 133.4 132.9 132.5 133.8 135.9 139.3 143 146.5 150.2 155.5 159.8 165.5 176.3 187 198.3 212.3 223.5 237 258.7 256.6 253.8 248.7 243.4 240.9 240 238.3 235.5 233.2 231.2 230 228.4
187.8 184 182.1 180.1 181 180.4 179.3 175.6 169.6 165.8 163.8 163.4 161 164.1 169.6 171.4 170 167.1 162.7 156.3 151.8 148.7 146.3 144.5 143.3 142.3 141.7 141.9 142.7 143.7 144.5 142.9 140.8 139.8 135.8 128.5 135.5 137.5 137.3 137 136.1 135.4 135.4 135.3 135.9 135.3 135 133.8 133.4 134.4 135.7 138 141.7 145.5 149.4 153.4 158.4 163.9 172.2 183.2 195.4 208.4 221.1 232.4 251.2 256.7 252.1 246.6 243.8 242.4 240.6 237.6 235.7 234.2 233.3 232.4 232.2 231.2
183.7 180.5 178.7 176.4 176.7 177.3 174.6 168.9 167.3 167.2 168.5 167.1 165.4 169.7 171.6 170.2 167.6 165.3 160.9 153.1 149.2 147.7 145.5 144.8 143.9 143.7 143.8 144.7 145.8 146.8 145.9 143.3 140.8 139.3 136.3 129.7 132.9 138 137.9 137.4 136.7 136.7 136.7 137 138.3 137.3 136.5 134.7 134.6 135.4 136.5 139.7 144.4 148.8 152.7 156.8 162.6 169.2 179 191.5 207.7 218.3 229.9 255.2 255.9 249.6 245.5 243.2 241.9 240.2 238.5 236.4 235.2 233.5 232.8 232.3 233.3 233
