Assets/StreamingAssets/GeoData/Data/so/SO73.asc
ncols 200
nrows 200
xllcorner 370000
yllcorner 230000
cellsize 50
[rows 38 to 75 of 200, columns 0 to 85 of 200]
47.2 47.9 49.1 49.7 50 50.9 51.9 52.9 53.8 55.8 58.4 62 64.6 68.8 69.6 71.8 71.7 73.5 76.3 79.8 87.2 94 100.4 106.3 111.5 115.5 118.4 111 102.8 96.8 99 97.5 103.4 110.8 115.9 113.7 111.5 113 119.6 126.3 132.4 137.5 136.5 136 132 124.9 121.8 121.8 121.8 125.3 129.7 135.3 141.8 149.5 147.5 135.5 118.1 109.4 104.9 101.5 99.1 97 97 97 102.8 113.3 121.2 120.9 116.3 109.8 105.4 102.3 101.8 106.1 117.2 122.1 126.2 123.8 116.1 108.3 102.9 104.5 107 109.8 114.2 117.2
47.2 48.7 48.4 49.3 49.8 51.1 51.5 51.8 54.1 56.1 58.6 62 64.5 65.5 68.5 68.2 70 71.8 75.3 79.1 86 91.5 95.8 100.7 107.2 114.5 115.7 108 101.3 93.2 94.4 105.1 115.2 123.6 117.9 116.6 117.1 120.9 127.2 133.9 138.8 139.5 141.9 142.2 135 127.2 123.3 122.5 124.8 127.5 131.4 137.2 143.8 154.6 152.3 137.7 119.9 112 106.5 102.5 99.4 97.1 96.3 96.9 99.2 109.5 117.1 116.5 111.7 106.7 102.5 100.5 101.2 110.2 117.6 123.3 126.5 120.2 111.8 104.5 103 104.1 106.8 109.7 114.3 118.4
47.3 49 48.6 48.6 50.3 51.5 51.9 53.3 56.1 58.3 59.4 60.8 62.3 63.7 65.4 67.2 69.1 70.7 73.9 76.6 82.9 86.9 89.7 95.8 100.6 110.9 112.1 104.7 97.4 93.8 98.3 111.6 122.5 128.7 122.2 121.7 128.7 136.1 140.3 142.3 142.2 144.1 146.9 143.2 135.7 128.6 124.5 123.7 126.7 129.8 134.5 139.9 146.6 153.2 147.2 131.2 118.4 112.9 109.9 104.7 98.3 97.2 95.5 96.1 97.8 106.6 112.9 111.7 107.4 103 100 98.7 102.3 112.2 117.4 122.9 123.6 115 106.6 102.2 102.1 104.5 107.1 110.2 114.5 118.7
47.8 48.4 48.9 49 49.9 52.3 53.3 54.9 57.8 58.5 59.2 59.8 60.8 62.4 64 65.2 67.4 69.6 73.2 75.1 78.2 81.7 84.7 88.7 93.6 98.7 102.1 98.2 92 89.9 97.2 110.3 122.2 130.4 127.7 134.5 142.9 151.2 151.6 148.2 146.4 148.6 148.8 143.9 136.4 129.5 125.8 125.5 129.2 133.1 137.7 143.5 149 150.8 135.3 124.9 120.9 119.3 113.5 107 100.5 97 95.6 95.3 96.4 104.3 108.8 106.8 104.1 99.9 98 98.7 103.9 112.4 117.2 123.7 119.6 110.9 103.4 99.8 101.8 104.4 107.5 110.7 114.5 119.3
48.2 47.8 48.4 49 51.6 53.5 55.3 57.4 59.1 58.3 58.7 58.8 60.1 61.5 62.9 63.6 66.4 68.1 71 73.2 74.1 77.4 79.5 83.9 85.4 88.4 92.8 95.6 90.3 87.1 95.1 108.1 119.6 131.1 135.1 142.5 152.9 158.1 158.3 155.3 151.8 150.7 149.5 142.9 136 131.1 127.2 127.7 132.2 137.3 143 148.6 153.9 151.6 137.1 133.4 129.2 124.8 115.9 108.5 101.9 98 95.7 94.4 95.5 102.5 104.5 101.9 99.2 97 97 99.7 105.8 112.3 117.7 122.2 117.4 107.2 100.8 99.8 101.8 104.8 107.9 112.5 117 121
47.5 48.3 49 50.8 52.7 54.8 58.5 59.6 58.2 57.3 57.1 58 59.3 60.7 62.1 64.2 65.2 66.3 68.1 71 71.5 73.6 76.7 79.2 81.3 84.4 89.8 91.8 87.1 86.1 93 107 118.4 128.9 138.1 148.3 155.6 159.7 163.1 160.7 152.6 152.8 149.2 143.2 137.2 134.4 129.2 129.3 134.6 140.7 147.1 153.6 159.3 156.2 148.4 141.2 134.1 126 114.5 108.3 102.5 98.7 96.7 94.5 95.1 100 101.5 99.4 97 96 97.2 101.4 107 112.4 117.8 122.4 117 104.3 99 99.3 102.1 105.5 109.7 114.3 118.7 124
48.8 48.9 50.6 51.3 53.4 54.5 55.4 55.8 55.5 56.3 57.7 58.8 59.3 60.7 61.9 63.2 64.3 65.4 66.8 68.4 69.7 71.4 72.6 73.9 78.4 81.2 84.5 87.1 84.6 86.8 91.5 107.6 117.8 127.4 137.9 152.6 157.6 162.5 165.6 162.9 158.3 155.4 150.6 143.4 139.4 136.6 130.3 132.9 138.7 144.8 152.8 159 161 156.8 152.5 147.1 136.5 124.6 113.9 107 101.9 98.7 96.2 93.8 94.9 97.7 99.2 97.4 96 95.6 98.6 104.8 110.5 115 119.9 122.4 115.6 102.6 98 100.5 104.1 106.5 111.4 115.9 120 122.9
50.1 50 50 51.4 51.9 53.8 54.4 54.9 55.3 56.4 57.3 58 59.4 60.8 61.6 62.5 64 64.8 66.1 67.2 68.5 70.2 72.1 73.3 75.6 78.6 79.5 82.3 83.5 87.4 98.5 109.9 121 133 146.6 155.4 161.2 165.2 165.7 164.4 160.6 156.7 150.6 145.8 143.4 138 131.5 133.9 141.1 147.9 155.8 162.4 163.5 159.4 155.2 149.7 141.1 128.5 117.7 109.7 103.1 98.1 95.5 93.4 93.8 96.2 96.9 95.7 95.3 95.7 100.8 108.7 113.7 117.7 122.4 120.5 113.5 100.6 98.2 100.6 104.7 107.9 111.7 114.9 117.7 123.5
49.7 50.4 49.9 51.8 52.5 53.2 54.3 54.8 55 55.6 56.5 57 58.5 59.7 60.4 63.9 66.1 65.6 66.1 67.7 69.6 70.5 71.9 73.6 75.5 77.6 80.2 82.7 85.6 90 101.7 113 125.3 137.7 149.5 157.4 162.8 166 165.5 165.3 163.3 157.7 152.2 149.7 145.1 138.2 133.7 135 142.4 150 157.8 165.1 166.5 161.3 155.3 149.3 142.6 133.2 121.4 111.7 104.4 99.4 95.8 93.2 92.5 94.2 94.6 93.8 93.6 97.9 104.7 111.8 114.5 118.7 122.9 117.3 110 98.3 96.9 100.6 104.3 106.1 109.5 113.4 117.2 125.1
49.8 50 49.3 52.2 51.8 53 54.1 54.4 55 55.8 57.6 58.8 59.7 62.1 63.2 64.8 62.1 67 69.6 70.5 71.3 71.8 73.7 74.9 76.1 79.2 81.4 84.1 88.2 94.3 104 116 127.7 138.6 148.8 158.1 162.7 166.1 166.1 167.1 165.8 163.5 157.2 152.9 147.3 140.2 135.8 136 141.2 148.6 156.6 162.5 166 161.3 155.1 148.9 142.2 135.1 125.6 118.5 110.7 102.1 95.9 92.8 91.4 91.5 92.4 93.4 95.1 100.7 105.8 111.1 114.1 119.9 119.1 113.1 104.3 95.2 97 99.9 102.3 105.3 108.4 113 118.2 128.1
49.1 49.5 49.4 51.5 51.4 53 52.9 53.5 55 56.5 58 60 60.7 63.5 65.5 66 61.8 69.3 70.2 71.1 72.4 73.9 75.4 76.3 78 79.4 81.8 86.2 90 95.6 105.5 117 128.3 139.5 149.1 156.8 160.8 163.9 167 168.4 168.3 168.5 162.9 156.1 148.5 140.5 137.9 140 143.5 146.9 152.1 155.7 158.1 160.8 154.9 148.3 141.1 134.6 127.1 121.7 118.4 107.8 95.2 92.8 91.1 90.9 91.6 93.3 96.6 102.3 106.6 109.2 114.3 117.8 114.9 109.3 99.1 94.5 96.9 100.1 103.2 106.7 111 115.3 121.5 132.6
48.4 49.3 49.4 50 51.5 52.5 53.4 55.6 56.1 57.7 59.5 60.5 61.2 64.5 65.7 65.1 67.6 69.3 69.7 70.6 71.3 72.2 75.3 78 80.5 82 85.2 88.4 92.1 99.3 107.8 118.8 130.2 141.5 152.3 158.7 161.8 164.6 167.3 170.9 171.6 169.4 163.9 156.6 145.9 142.6 142.7 142.2 142.3 143.8 143.6 146.2 148.7 152.7 152 147.1 141.3 134.8 129 123.7 121.7 112.9 97 92.4 91.4 90.3 91 93.9 100.3 103.7 104.4 107.5 113.3 113.7 110.5 104.2 95.4 94.5 96.6 100.3 103.8 107 112.1 117.2 125.3 133.7
48.6 48.7 48.9 49.3 51.6 54.5 57.1 57.2 57.5 58.9 59.2 59.9 61.6 64 64.2 61.2 67.3 67.8 68.6 69.4 69.8 70.5 73.2 78.9 82.7 84 85.6 88.1 93.6 99 108.6 121.2 132.6 142.7 151.7 159 161.8 164.4 167.5 172.6 174 170.2 163.6 153.4 147.2 147.8 147.4 143.8 141.7 141.7 136 137.1 142 147.3 150.5 146.2 140.6 134.4 128 125.4 123.4 113.7 97.5 93.9 91.5 90.4 91.2 94.9 99.3 100 101.7 107.4 110 109.8 106.4 99.2 93.5 94.6 96.8 99.8 103.6 106.7 111.7 118.6 127.4 135.6
47.8 49.5 48 50.4 52.5 56.9 58.1 58.2 58.1 56.7 56.8 58 61.3 62.4 60 64.3 65.2 65.6 65.8 65.8 67.2 69.2 71.8 78.2 80.9 82.3 84.1 86.2 91.8 98.6 107.2 122.7 133.2 142.9 150.6 156.2 160.8 164.9 170.3 174.7 175.6 170.6 162.3 155.1 150.9 148.8 149 146.3 142.7 137.8 131.3 131.5 136.5 142.8 145.3 143.6 139.7 131.6 125.9 123.3 119.9 110.2 98.3 95.7 91.7 90.6 90.3 94.1 95.2 96.3 100.5 105.6 105.9 105.6 102.2 95.6 92.9 94.6 96.8 99.1 103 106.9 112.4 120.4 129.1 135.7
46.4 47.5 47.3 49.6 52.5 55.5 57.5 57.6 56.1 54.5 54.8 56.3 59.7 59.5 61.3 62.8 65.1 63.5 62.8 62.6 64.5 67.2 71.2 76.4 78.3 78.1 80.2 85.6 91.1 99.1 110.4 124.5 134.7 142.1 148.4 154.9 160.5 167.3 174.2 177 177.1 170.3 162.8 161.4 157.8 151 150.2 148.7 144.7 134.4 127.9 128.5 133 138.6 141.9 141.8 134.3 126.7 120.5 118.3 112.9 106.5 99.6 95.8 93.4 91.2 90 90.1 92 94.6 99.4 101.2 102 101.9 97.9 92.5 92.3 94.3 96.4 99.6 103.7 107.6 112 119.5 128.8 135.1
45.5 46.6 47.7 48.4 50.8 53.5 56.4 56.3 54.5 52.7 53.3 54.8 57.1 59.7 60.9 62.2 61.7 60.3 60 62.1 64.9 66.6 69.5 72.8 74.6 76 80.3 85.2 90.9 99.9 110.4 122.8 134.5 140.8 147.1 153.7 161.1 170.7 177.4 179.4 177.9 171.4 169.1 168.1 164.8 157.4 151.8 151.1 141.7 131.3 125.7 125.8 130.5 135.5 138 137.7 128.5 121.3 116.4 112.3 107.4 103.3 99.5 96.6 94.7 91.9 90 89.5 90.4 93.1 96.9 97.1 99.8 97.4 93.6 91.4 91.4 94.3 97.5 100.1 104.2 108 112.4 118.5 129 136.6
45.6 45.9 46.6 47.9 49.6 52 53.4 53.8 52 52.6 53 53.5 56.8 57.4 59.2 59.4 59.2 59.1 60.2 61.6 64.9 66.5 68.9 71.4 74 75.7 80.2 85.7 93.1 102.1 114.3 122.9 131.5 137.6 145.4 152.7 161 170.3 179 181.2 178.4 175.5 175.1 174.7 172 164.2 156.3 149.1 136.8 128.9 123.9 123.6 127 131.6 135.7 131.4 122.9 116.2 110.3 107.1 103.2 100.3 98.2 95.9 94.4 91.6 89.8 89 88.9 90.8 93.1 94.5 97.1 93.6 91.5 90.7 92.5 95.2 97.2 99.5 102.6 106 110.5 118.7 130 137.5
46.2 45.6 46.1 47.3 47.1 48.6 49.6 50 50.6 50.2 51.7 52.7 54.2 55.9 56.1 56.8 57.2 58.6 61.2 62 64.9 66.6 70 73.2 80 78.6 80.8 86.3 93.7 102.9 115.1 123 125 130.8 141.7 149.8 159 168.9 179.3 181 182.7 181.8 181.7 181.4 179 169.2 156.5 144.1 133 126.6 121.9 121.6 123.6 129.3 133.2 125 116.5 110.6 105.1 102.3 100.7 98.1 96.2 94.1 93 90.7 89.9 89.1 88.6 88.7 88.9 91.9 93 90.4 90 90 91.3 94.7 95.7 98.1 101.2 105.4 110.4 117.8 130.5 137.3
47.5 46.6 46.4 47.2 46.6 47.8 49.1 49.7 50.3 50.8 52.4 53.3 54 54.3 54.9 55.7 58 59.2 61.4 62.5 64.2 67.5 70.2 75.1 78.3 81.6 84.5 88.2 94 101.2 110.1 114.9 118 130.3 138.6 146.8 155.8 164 174.2 176.8 180.8 183.6 185.3 184.3 176.1 166.2 151.7 140.2 130.7 124.8 120.5 119.7 121 130.5 128.5 119.7 112.6 106.8 103.1 101.1 99.3 97 95.9 93.9 92.2 90.9 91.3 89.6 88.1 88.9 88.5 89.1 90.1 89.7 89.2 89.4 90.7 92.3 94.7 97.7 101.4 104.9 108.7 116.9 128.7 136
47.9 47.8 47.2 46.4 46.8 48.7 49.4 50.2 50.4 51.4 53.1 54.6 55.3 56.4 57.1 58.1 59.5 59.5 62.2 62.6 65.6 67.3 70.1 75.2 79.9 81.1 84.2 87.7 92.1 98.5 102.6 107.3 115.8 126.3 134.8 143.4 151.7 160.4 168 170.1 174.9 175.8 177.3 172.9 163.5 157.5 150.9 138.7 130.5 125 120 118.9 122.6 129.9 123.7 115.1 108 105.3 103.5 101.6 98.6 96.2 94.7 93.7 94.9 92.9 92.6 90.9 89 88.7 87.9 88.4 88.5 88.6 88.4 89.4 90.7 92.8 95.5 97.8 100.2 102.2 107.4 114.6 124.7 133.5
45.2 47.9 48 47.3 47.2 48.9 49.8 50.6 50.6 52 53.6 56 57.7 58.6 59.3 60.6 61.8 61.7 62.5 64.8 66.8 69 71.1 73.3 78.1 81.5 82.5 84.6 90 94.6 97 104.6 115.1 119.5 128 136.6 144.4 151.8 156.3 159.5 164.1 166.3 164.4 158.9 153.9 148.7 146.3 140.4 130.4 124.7 118.8 116.4 118.3 121.1 118 110.4 109 109.4 106.7 102.6 99.2 97.6 96.3 94.6 96.9 97.2 99.1 95.1 91.4 88.5 88.4 88.4 88.4 88.4 88.3 89.1 91.9 93.9 95.4 96.5 98.3 100.8 105.5 114.4 121.9 129.7
45.5 44.8 48.5 47.9 48.4 49.6 49.9 50.3 50.6 52.2 53.7 55.9 59.4 60.7 61.1 61.5 63 64.7 66.7 66.6 68.4 69.4 71.4 73.7 75.9 79.8 80.9 84.5 85.9 90.3 94.6 100.4 106.6 113.5 121.9 132.5 142.6 147.3 153.7 160.5 161.7 161.4 156.1 150.5 145.6 144.7 145.2 143.4 130.7 124.8 121 118 114.7 112.5 111.3 111.3 113.6 114.6 112.6 108.6 103.5 100.7 99.7 97.1 98.4 100.4 104 100.1 94.8 90.4 89.3 88.4 88.4 88.4 88.4 89.8 92.8 93.6 94.2 94.7 96.4 100.3 104.3 111.7 118.9 124.2
44.9 44.2 47.2 48 47.6 48.8 49.2 49.5 50.4 51.7 53 56.4 59.1 59.4 59.8 61.1 63.9 65.8 66.9 67.3 68.1 68.7 70.9 73 75 77 80 82.2 83.6 88.8 92.8 96.7 102.6 109.5 115.9 127.3 138.2 148 155.5 160.6 163.4 158.8 149.2 142.5 140.2 141.8 145.5 148.4 139.7 131.7 127.2 123.3 124.6 114.5 118.7 119.8 121.3 120.4 118.6 111.8 106.1 102.6 101.1 98.5 98.7 99.9 102.3 100.6 94.8 93.4 92.2 88.4 88.4 88.4 88.4 90.4 92.7 92.8 92.1 92.4 94.8 98.3 101.4 105.7 112.9 119.1
44.3 44.2 45.5 47.9 47.6 48.9 48.5 49 49.8 51 52.3 54.6 56.4 57 58.8 60.5 63.6 66.4 66.5 66.6 66.7 67.6 69.7 72.4 74.6 76.6 81.2 82.8 84 91.3 93.6 95.2 98.8 104.4 109.7 118.9 130.1 140.6 151.4 163.1 162.5 154.5 144 135.3 138.8 141.1 145.2 147.2 144.5 140.5 133.3 129.8 129.6 118.8 126.3 131.3 134.9 131.2 122 114.7 108.6 104.8 101.9 99.9 97.7 98.1 98.6 96.6 96.4 102.5 98.7 92.4 88.4 88.4 88.4 91.1 92 91.1 89.2 89.4 90.9 93.2 96.5 100.6 104.5 110.9
44.6 44.1 44.6 47.4 46.9 47.1 47.7 48.4 49.2 50.4 51.6 53.2 54.8 56.7 58.5 60.6 63.8 65.7 64.8 65.4 65.8 66.9 68.1 71 73.5 76 79.3 81.3 82.3 84.2 91.4 92.1 95.4 100 105.5 112.9 124.8 135.8 146.9 157.9 159.3 149.6 139 132 132.5 135.3 138.6 140.3 141 140.4 138.1 137.2 136.5 123 130.1 138.2 147.9 140.5 125.1 116.3 110.6 105.4 102.2 100.4 98.6 98 97.4 95 100.9 103.4 103.7 92.5 88.4 88.4 88.4 90.2 89.9 88.9 87.4 87.4 88.2 90.5 93.4 96 98.4 104
44.9 44.2 44.9 46.9 47.5 47.9 47.6 47.9 48.7 49.8 51.2 52.8 54.5 58.3 60.3 62.1 64.3 64 62.6 63.7 64.4 65.5 67.2 69.7 71.6 73.3 75.1 78.2 79.3 82.7 84.4 91.1 93.9 98.6 104.4 110.8 118.9 129.6 140.6 151.8 154.9 145.9 135.3 127.6 124.7 125.9 130 136 139.1 140.9 141.7 139.5 138 127.7 132.6 141.7 154.4 145 126.6 116.5 110.7 105.1 102.4 100.6 99.2 97.6 98.6 102.9 106.8 109.5 102.6 90.1 88.4 88.4 88.4 88.4 88.4 86.6 85.8 85.5 85.9 87 89.2 92 94.6 100.5
45.2 44.7 46.8 47.1 47.7 48.2 47.7 48 48.7 49.3 51.2 52.6 53.7 58.6 60.4 62.6 62.7 61.9 61.3 61.7 63.1 64.5 66.7 68.2 69.3 71.4 72.8 75 79.5 82.2 82.9 91.4 94.7 97.9 104.1 108.2 114 121.8 134 145.3 149.5 140.6 132.6 124 118.2 117.2 123.2 130.9 138.2 149.2 144.8 138 134.1 132.2 138.7 146.9 154.1 145.8 128.4 117.1 110.2 105.2 102.4 100.7 99.5 98.8 99.5 103.1 109.2 115.6 108.6 95.5 88.4 88.4 88.4 88.4 88.4 84.5 84.2 83.8 83.8 84.8 85.5 88.1 90.8 92.7
45.1 43.3 44 45.3 46.5 47.5 47.7 48.6 49.4 50.7 50.5 51.6 53.9 56.8 58.5 60.9 60.3 59.6 59.4 60.7 62.1 63.8 65.2 66.5 67.8 70.7 73.2 77.3 81.1 82 84 91.3 96.5 98.2 101.2 104.5 110.7 117 127.2 138.9 144.9 138 127.9 119.7 113.2 114.4 119.6 125.3 132.4 141.6 146.6 140.4 139.9 140.3 146.7 156.8 160.1 148.9 130.4 117.7 110.4 105.5 103.2 101.1 100.4 102 103.5 106.4 111.9 118 115.8 108.5 92.3 88.4 88.4 88.4 88 84.5 83.5 82.4 82.2 82.4 83.1 84.9 87 88.8
43.2 43.7 44.6 44.8 45.9 45.9 48.5 49.8 50.5 48.6 51.9 52.6 53.2 54.7 56.1 58.1 57.6 57.5 58.6 59.8 61.1 62.6 64.1 65.7 66.7 69.3 72.4 76.5 82.4 85.6 86.5 87.6 94.6 95.2 97.9 101.7 107.7 113.9 122 131.8 140 130.9 121.2 114.4 109.7 110.1 114.5 119.5 126.6 136 142.6 143.1 146.2 151.4 157.5 163.9 160.4 147.8 132.8 119 111.7 107.1 103.5 102.1 102.5 105.4 108.3 113.9 120.1 123.8 120.7 113.6 101.3 91 88.4 88.4 84.1 83.6 83.2 82.5 82.2 82.4 81.5 82.9 84.4 86.1
43.5 44.4 44.5 46 46.2 47.3 49.8 51.5 52.3 53.5 53.4 53.8 54.4 54.9 55.8 55.8 56.6 57.3 58.2 59.2 60.5 62.1 63.4 64.9 66.2 68.7 71.6 75.4 82 88.2 88.2 85.8 89.6 91.6 94.6 99.5 104.4 110.3 116.5 124.4 135 124.4 115.3 108.4 108.2 107.8 111.5 115.4 122.1 130.9 138.2 144.4 149.6 161.3 164.8 163.7 159.5 147.4 132.3 119.5 113.2 108.8 105.2 103.1 103.7 107.5 112.7 120.3 126.2 129.1 123.4 115.6 106.6 98.7 92 88.8 86.8 84.2 83 82.6 82.4 83.3 81.6 81.3 82 84.1
43.5 44.1 44.5 45.7 46.6 48.3 51.5 52.3 53.3 55.5 56.8 56.8 58.3 56.8 56.7 57.6 58.6 58.5 59.3 59.9 61.4 62.5 63.8 65.1 66.9 68.9 71.7 75.3 81.9 90.1 87.3 83.6 85.3 91.5 93 94.7 100.1 106.5 111 116.3 127.7 120.7 109.8 103 104.6 110.4 115.1 116.2 118.7 125.9 135.4 143.4 153.2 167.9 167.6 164.3 157.8 147.6 132.4 121.1 115 111 107.5 104.9 106.1 109.4 115.5 122.4 127.2 130.4 124.4 116.4 105.3 99.6 95.4 91.3 88.4 85.3 83 83.3 85.2 85.1 81.3 81 82 83.6
43.2 43.6 44 44 46.5 49.3 53.3 55.1 56.2 57.3 57.7 59 59.2 59.8 59.3 59.3 59.9 60.4 61.3 61.6 62.3 65 66.7 67.4 68.1 70.2 73 77.5 83.4 90 85.3 80.8 82.5 86.7 89.8 91.5 96.6 101.7 104.7 110.8 122 116.4 104.9 101.4 106.9 112.3 118.9 121.2 120.8 128.3 137.3 145.3 158.4 171.8 168 164 157.8 145 133.6 123 117.1 113 109.8 107.1 109.3 113.4 118.9 122.4 122.9 122.9 118.6 109.6 102.1 97 93.8 90.6 87.4 84.9 83 83.7 87.6 83.7 79.9 81.4 82.8 84.4
42.9 43.3 43.5 43.8 46.3 50.1 54.9 56.9 57.3 57.1 56.8 57.1 57.7 58.9 59.9 61.3 61 60.7 62 63.8 64.3 66.8 68.9 69.8 70.5 72 75 78.5 82.4 87.4 83.2 78.8 79.8 81.8 85.7 88.2 93.2 97.3 98.2 103.5 112.8 110.1 98.6 101.3 108 114.2 120.9 125.9 124.3 130.2 138.5 146.7 160.4 172.7 167.9 162.4 152.9 142.6 134.8 125.7 118.8 113.2 111.2 109.3 112.4 117.1 121.8 121.9 118.9 114.8 110.4 105 99.8 94.7 91.1 87.8 84.9 83.1 81.8 84.8 88.3 81.4 79.7 82.2 84.6 86.9
42.8 43 43.2 44 46.2 50.3 54.8 56.7 56.9 54.6 54.7 55.4 55.5 56.5 59.1 62 61.8 61.6 62.5 64.5 66.2 68.6 69.9 71.8 73.1 73.8 76.2 77 80.5 84 79.4 77 77.8 79.9 82 84.9 88.4 92.7 94 98.9 104.2 104.3 95.8 101.4 108.3 115.5 122.9 130.2 132.4 132.2 140.1 147.6 161.3 173.6 169.7 165.4 159.4 148 136.4 126.3 119.5 113.5 110.1 107.3 110.1 114.2 117.8 115.4 112.2 107.7 103.4 100.2 96 92.7 88.9 85.1 82.8 81.4 80.6 85.9 86.1 80.4 79.7 82.8 83.9 87.5
42.7 42.7 42.9 43.2 46.3 49.9 51.7 56.4 55.6 53.1 53 53.1 52.9 54.5 57.3 59.7 61 60.8 61.1 63.7 67.1 70.4 71.3 71.3 72.7 73.5 73.8 75.9 80 79.1 75.4 74.4 75.8 77.2 78.4 81.3 84.4 88.2 90.4 95.4 100.4 101 94.1 100 108.3 116.3 123.9 132.3 140.8 137.3 142.6 149.2 163.3 176.6 173.3 167.5 159.3 146 134.5 125.9 120.2 114.8 108 104.6 104.3 107.2 109.7 110 106.3 101.1 97.6 95.4 92.9 90.1 86.1 82.1 81.7 80.3 80.4 85.9 81.8 78.7 80.4 83.3 83.4 86
43.1 42.5 42.5 42.8 45.1 49.4 53.3 54.2 52.7 51.7 51.3 51.6 52.1 53.7 54.6 56.5 58.3 58.7 59.5 62.8 67.7 71.2 70.8 70.1 70.3 70.8 70.6 72.4 76 73.9 73.3 72.5 74 75.2 76.9 78.4 80.1 83.5 86.1 89.3 94.3 95.9 93.5 100.2 109.2 117.3 126.4 135.6 145.4 144.3 145.9 151.5 164.9 180.1 177.4 168.5 155.5 141.2 136.7 131 123.2 116 109.4 104.7 100.9 100 101.7 103.2 101.8 96.6 93 91.3 89.3 86.6 82.7 79.3 78.7 78.8 79.5 80.1 78.5 81 84.4 86.7 84.9 86.3
43 42.7 42.3 42.2 43.9 48.3 50.2 50.3 49.9 50.2 51.1 50.8 51.1 51.7 52.3 53.8 55.3 56.8 59.9 63.7 68.8 70.6 69.4 68.9 68.6 68.2 68.6 69.9 71.4 70.5 70.2 70.6 72.1 73.7 75.2 76.9 77.4 79.6 82.6 85.5 88.4 89.4 92.2 99.9 108.8 120 130.5 140.3 150.2 150.6 150.2 154.5 166.2 182.4 178.8 170.8 155.1 148.7 142.7 135.4 127.7 120.9 113.8 107.9 100.7 96 94.9 96.5 95.1 91.9 88.8 87.5 86.2 82.9 79.2 76.8 76 76.1 76.8 78.3 79 85.3 89.6 87.7 86.6 87.3
43 42.5 42.1 41.8 43.4 45.9 47 46.7 48.2 49.6 50.6 50.2 49.3 49.9 51.1 52.4 54.5 56.9 59.8 63.7 67.1 69 68.1 67.7 67.1 66.2 66.5 67.7 69.9 68.4 68.5 69.7 71.4 73.4 75.3 77.5 79.9 80 81.7 82.8 85.6 91.4 92.6 100.3 109.2 121.7 133.8 144.1 151.7 152 150.9 153.9 167.2 179.5 179.1 173.1 166 155.5 147.9 140 132.4 124.6 116.6 107.5 100.3 95.4 91.5 89.9 89.1 87.6 85 84.6 83.4 79 76.2 75.7 76.2 78.8 81.3 81.8 84.8 90.7 91.8 89.8 89.4 89.8
