Assets/StreamingAssets/GeoData/Data/so/SO90.asc
ncols 200
nrows 200
xllcorner 390000
yllcorner 200000
cellsize 50
[rows 70 to 104 of 200, columns 78 to 155 of 200]
229.7 228.1 226.7 223.9 221.8 220.3 219.9 220.3 222 221.9 221.5 220.1 218.6 216.5 212.6 209.2 204.4 200.3 192 186.6 179 164.6 150 140.5 131.1 135.6 155 172.3 180.3 193.6 204.4 209.7 212.8 216 218 217.7 217.4 217.1 215.4 214.3 213.3 212.2 213.2 214.8 214.9 214.9 214.4 213.9 213 212 210.8 209.3 208 206.2 204.4 204 202.4 197.8 197.4 196.9 195.9 194.3 192 188.6 183.1 180 180 181.8 183.7 184.8 183.4 180.9 178.7 178.7 178.2 177.6 177.2 176.6
229.5 227.8 225.5 223.1 220.7 218.6 217.5 217.4 219.5 219.6 218.6 217 215.6 214.2 210.8 207.5 203 198.5 191.6 186.9 180.4 165.9 150.1 136.1 130.5 139.5 160 175.5 184.9 199 205.6 209.2 212.9 216.1 217.1 216.7 216.1 215.2 214.3 213.6 210.9 211.7 213.5 214.5 214.5 214.5 214.3 213.7 212.9 211.8 210.1 208.8 206.6 204.3 202.5 203.3 203 201.7 201.6 200.4 198.9 196.8 194.2 190.6 186.9 187.1 187.7 189.6 189.3 188.8 187.5 185.4 184.5 184.8 183.5 182.5 181 179.1
229 227.1 224.5 222.6 221.6 219.3 217.6 216.1 215.2 216 215.6 213.8 211.8 210.4 206.4 204 197 192.3 189.5 185.3 178 165.6 147.5 130.3 129.1 146.3 164.1 176.9 190.9 200.6 205.4 208.7 212.3 215.5 216.2 215.9 215.1 214.1 213.1 211.6 209.8 211.8 213.9 215 214.3 214.2 214.1 213.4 212.5 211 209.4 207.8 206.1 204.4 204.2 204.2 204.2 203.8 203.2 201.2 199.5 197.9 195.5 193.2 191.4 192.4 192.4 192.6 191.7 190.4 189.3 188.4 187.7 186.8 185.4 184.2 182.8 181.2
228.8 227.2 224.5 223 222.3 221.8 220.6 218.5 215.7 213.4 211.3 209.4 209.8 206.1 196.9 193.7 191.3 187.4 184.6 180.4 173.4 162.1 141.1 129.1 135.4 153.7 171.1 180.8 193.7 200 204.8 208.7 211 214 215.3 214.9 214.1 213 211.4 208.4 211.2 213.1 214 214.4 214.2 214 213.6 213.1 212.4 211.2 209.6 207.8 207 206.6 206 205.2 205.1 204.7 203.5 201.7 200.1 198.4 196.9 195.1 194.4 194 193.8 193.4 192.2 191 189.3 188.4 188.3 187.4 186.2 185 183.1 181.4
228.6 226.8 225.7 223.9 223.2 222.9 221.9 219.8 217.7 215.3 212.3 208.1 199.5 194.2 194 190.5 185.2 181.3 176.6 171.6 168.8 155.6 136.3 128.8 142.2 159.6 174.5 184.8 192.9 199 203.5 206.3 209.3 211.9 213.9 213.7 213 211 207.9 207.8 212.2 213.3 213.9 214.3 214.5 213.9 213.1 212.7 212.1 211.2 209.8 209 208.4 207.8 207.2 206.2 205.3 204.4 203.6 202.2 200.6 199 197.4 196.7 196.2 195.4 194.5 193 191.9 190.6 189.1 188.5 188 187 185.8 184.5 183.2 181.5
228.5 227.4 226.1 224.5 223.7 223.5 222 220.8 218.6 216.1 213 209.6 201.3 189.7 184.9 181.1 177.3 168.9 161.3 154.8 154.1 148.2 135 129.2 147.1 165.3 176.9 184.6 190.8 197.1 201.2 204.7 207.2 209.1 211.1 211.4 210.2 208.1 202.4 208.4 212.3 213.4 213.9 214.2 214.3 213.9 213.3 212.3 211.8 210.9 210.2 209.7 209.2 208.6 207.8 206.3 205.1 204.2 203.3 202.3 201.1 199.5 198.2 197.4 196.4 195.6 194.4 192.7 191.5 190.2 189 188.1 187.1 186.3 185 183.8 182.9 181.4
228.1 227 226 225.1 224.3 223.4 222.2 220.7 218.6 216 213.2 209.8 203.9 192.8 186.4 179.1 169.6 158.1 148.6 143.6 140.3 136.9 133.7 128.3 142.5 162.1 174.8 181.2 187.6 193.7 198.2 202.7 204.5 206.5 208.3 209.5 208.6 203.4 200.4 210 212.6 213.4 213.8 213.7 213.5 213.2 212.6 212 211.3 210.9 210.4 209.9 209.4 208.8 207.7 205.9 204.6 204.1 203.1 201.8 200.9 200 198.7 197.7 196.6 195.2 193.7 191.9 190.6 188.7 187.3 186.4 185.3 185.4 184.3 183.1 182.2 181.1
227.5 226.6 225.6 224.4 223.2 222.6 221.7 220.3 218.7 216 213.2 209.7 205.7 195.4 189.3 183.9 178.6 171.2 160.6 152.3 148.6 147.7 139.5 128.9 134.1 155.3 168.2 175.7 182.8 188 193.3 199.7 201.5 204.1 205.4 206.4 203.3 194.2 205.9 211.1 212.9 213.2 213.3 213.1 212.9 212.4 211.6 211.3 210.6 210.1 209.9 209.7 209.5 208.5 207 205.6 204.1 204 202.3 201.1 199.8 198.7 198.1 197.4 196.2 194.9 193.1 191.3 189.5 188 186.5 184.9 183.6 183.4 183.5 182.4 181.6 180.3
226.6 225.7 224.6 223.2 221.9 221.8 221.1 219.6 218.2 215.8 213.2 211.1 208.5 203.3 193.9 189.6 185.4 182.7 176.9 171.3 168.9 163 143 131.3 127.8 145.3 158.1 167.3 174 177.5 183.3 187.2 194.8 197.5 198.1 198.3 193.2 187.9 206.7 210.4 212.8 212.9 212.9 212.3 211.9 211.2 211.4 210.7 209.9 209.3 209.1 208.9 208.7 207.1 205.8 204.5 203.7 203.5 202.3 200.3 198.3 197.2 196.5 196.3 194.8 194.5 193.2 191.5 189.8 188.6 186.8 185.1 183 180.8 181.4 182.1 180.9 179.2
225.6 224.5 223.4 222 220.7 220.2 219.9 218.5 217.4 215.7 213.7 211.7 209.3 207.7 204.5 199.6 193 189.3 184.9 180.7 175.3 167.3 146.9 136 127.7 133.9 145.7 154 162.8 167.8 175.7 180.1 182.8 182.4 180.7 181 178.8 191.4 206.6 209.6 211.8 212.2 212.1 211.7 211.1 210.6 210.7 209.9 209.1 208.5 208.3 208.1 207.6 205.9 205.1 204.4 203.7 203.4 202.2 200.4 198.1 196.4 195.1 193.9 194.1 192.4 192.7 191.6 190.1 188.7 186.6 184.6 182.7 180.2 180.2 181.3 179.9 178.2
223.9 222.3 220.6 220.7 219.6 219 218.3 217.4 216.4 215.4 214.3 212.3 211.2 209.9 208.6 202.6 199 195.3 190.6 188.5 180 169.5 152.9 138.6 128.4 128.3 132.8 140.1 148.4 158.8 165.6 168.6 170.2 172 171.9 171.6 173.5 195.4 206.5 210 211.2 211.3 211.7 211 210.4 209.8 210.1 209.2 208.1 207.7 207.5 207.3 206.7 204.6 204.1 204.1 203.7 203.4 201.9 200.3 198.6 196.7 195.1 193.7 191.1 189.3 189.3 189.4 188.5 187.1 185.6 183.6 181.8 178.6 178.5 180.2 178.9 176.8
222.5 220.3 218.7 217.5 217.8 217.1 216.4 215.8 214.9 213.6 212.4 211.6 210.6 209.7 203.6 197.5 195.4 189.9 190.7 190 183.5 174.1 161.1 147.6 135 127.7 127.4 129.3 136.5 140.5 149.8 154.4 155.8 157.3 160.8 166.4 179.2 199.9 206.8 210.4 211.5 211.6 211.5 211 209.9 208.9 208.6 207.3 207 206.9 206.7 206.7 206.2 204.6 205.2 204.6 203.5 203.1 201.8 200.7 199.4 197.4 195.6 195.7 194.8 192.7 188.9 185.3 183.1 182.4 180.8 180.6 177.9 174.5 176.3 177.5 176.5 175.2
222.1 220.5 219.2 217.3 215.1 214.4 214 213.5 212.1 211 210.2 209.6 209.1 205.3 193.3 189.8 186.6 184.4 182.5 183.2 180 174.6 168.7 163.1 148.9 134.9 129.7 127.7 126.7 128.6 134.8 140.8 141.4 145.5 162.1 174.3 188.8 202.4 207.5 210 211.2 211.2 210.9 210.3 209.2 208.4 207.7 206.5 206.1 206 206.4 206.5 205.6 205.2 205.5 204.4 203.4 202.7 201.5 200.8 200.1 198.7 196.8 197.1 196.1 194.6 192.7 190.4 186.8 183.2 179.4 174.2 173 171.7 168.3 167.4 169.4 168.5
223.1 221.8 219.9 218.4 216.2 213.7 212.2 211.3 210.6 209.9 206.7 202.4 198.8 191.6 189.2 184.5 180.6 176.1 174.3 172 171 167.4 162.4 159.4 149.9 139.4 132.2 133.8 134.6 128.2 127.3 131.2 143.2 158.5 171.6 182.2 195.9 204.2 207.9 210.1 210.5 210.7 210.3 209.6 208.7 208 207.2 205.6 205.2 205.6 206.2 206.3 205.3 205.5 205 204.3 203.3 202.3 201.9 201 200.2 199.4 197.9 197.6 196.3 194.7 193.3 191.6 188.9 186.4 183.1 178 180.9 179.3 176.2 170.7 166.7 163.8
223.2 222 221 219.3 216.8 214 212.9 212.1 211.5 209.9 208 204 196.6 188.8 185.7 179.1 172.8 169.6 164.2 159.5 156.8 152.7 148 142.3 137.7 135.1 136.6 142 135.5 126.1 129.7 142.6 156.6 169.7 180.6 192.3 200.8 205.1 207.6 209.5 209.9 210 209.7 209 208.2 207.4 206.5 204.8 204.2 205.2 206 205.7 205.3 204.8 204.3 203.7 203.1 202.4 201.7 201.4 200.2 199.5 198.2 197 196 194.5 192.9 191.1 189 186.1 181.2 184.2 184.3 183.3 180.8 178.4 176.1 173.2
223.7 222.5 221.1 219.2 217.4 214.8 213.9 214.3 214.2 213.4 212.2 210 206.2 200 190.6 184.9 177.6 170.5 163.7 155 151.7 150.3 149.2 148.7 147.5 148.2 147.3 143.3 127.3 124.6 134.3 152.8 167.5 177.7 189.1 196.4 201.3 205.1 207.3 208.9 209.1 209.2 208.9 208.3 207.4 206.6 205.4 203.7 203.3 204.7 205.4 205.4 204.9 204.5 203.3 202.6 201.9 201.4 201.2 201 200.2 199.3 197.8 196.5 195.4 194 192.2 190.5 187.3 185 186.4 186.5 186.1 184.8 183.2 180.8 178.3 175.9
223.7 222.8 221.9 220.1 218.5 217 216.5 216.7 216.7 215.9 214.7 212.9 209.9 206.1 199.7 190.5 185.1 179.5 175.2 168.4 165.2 164 163.4 164.4 163.6 161.4 154.5 137.4 124.8 125.4 143.2 159.4 170.7 180 190.4 196.3 201 204.6 207 208 208.4 208.4 207.9 207.4 206.6 205.6 204.1 203.1 202.6 204.2 204.7 204.3 204.7 205 203.1 201.4 201.4 201.3 200.9 200.6 200.3 198.8 197.3 196 194.7 192.7 190.6 188.4 187.5 188.4 188.4 188 186.5 184.9 182.9 180.7 178.5 175.5
223.8 222.9 222.4 221.2 219.8 219 218.9 218.5 218 217.1 215.9 214.6 212.7 209.5 205.5 199.7 194.4 189.5 185.5 182.7 180 178.5 177 175.4 174.2 169 153.7 135.1 124.6 128.7 149.1 163 173.4 181.4 189.2 196.1 200.3 204.1 206.4 207.4 207.4 207.4 206.9 206.4 205.6 204.2 202.7 202.1 203 204.1 203.9 203.6 203.2 202.9 202 201.9 201 201.5 201.1 200 198.9 198 196.8 195.4 193.6 192.1 190.6 188.8 188.5 188.7 188.6 187.9 186.4 184.7 182.7 180.2 177.3 173.5
224.1 223.4 222.6 221.6 220.9 220.5 219.6 219.2 218.8 217.8 216.6 215.4 213.9 211.2 207.8 204.5 201 197.6 195.4 192.2 189.3 188.2 185.4 182.7 178.6 170.3 155 135.4 125 129.9 152 166 174 180.9 188.2 195.2 200 203.4 206 206.5 206.5 206.4 205.9 205.3 204 202.4 200.7 202.6 203.5 203.1 203.1 203.1 202.7 201.7 201.3 201.6 200 200.7 199.6 198.5 197.5 196.7 195.6 195.1 194 192.5 191.1 189.9 189.5 188.6 187.9 187.2 186.1 184 181.8 179.4 175.5 171.6
224.3 223.6 222.9 222.3 221.8 221.9 220.3 219.5 218.8 218.3 217.1 215.9 214.4 212.3 209.6 207.1 204.4 200.9 198.3 196 193.8 191.4 189 185.9 181.2 170.5 155.4 137.1 124.5 128.7 147.9 162.5 172.1 179.1 186.5 193.8 199.3 203 205.4 206 205.9 205.4 204.8 203.6 202.4 200.5 200.7 203.1 203.4 203.5 203.5 202.8 201.9 201 201.1 200 199 198.4 197.7 197 196.1 195.5 194.7 194.8 194 193.1 191.6 190.8 190.3 189.7 188.8 187.7 185.8 182.8 180.3 177.6 173.4 170.6
223.9 223.2 222.7 222.3 222 221.3 220.2 218.9 218.6 218.3 217.3 216.2 214.8 212.9 210.6 207.9 205.2 202.6 200 196.8 195.2 193.3 190.3 186.7 181.5 172 157.8 140.3 124.8 125.4 141.2 155.5 168.3 177.1 185.5 193 198.4 202.5 205.2 205.7 205.3 204.6 202.8 201.4 199.6 198.9 201.5 203.3 203.1 203.6 203.1 202.2 201.4 200.4 199.2 198.6 198 197.4 196.8 195.9 194.7 194.1 194.5 194.4 193.8 192.9 191.9 191.6 191.4 190.9 190.1 189 186.4 182.4 177.8 175.7 174.2 174.6
223.4 222.7 222.3 222.2 221.6 221 219.7 218.5 218.2 217.7 217.2 216 214.6 213 210.7 208.1 205.5 202.8 199.8 196.8 194.3 192.4 190.1 186.9 182.2 173.6 161.3 144.8 127.5 122.9 133.9 148.7 165.4 174.1 183.6 193 198.2 201.8 203.9 204.3 204.1 202.7 201.2 199.2 197.2 199.4 202.1 202.4 202.4 202.9 203.1 201.8 200.8 199.9 198.4 196.7 197.1 196.5 195.7 194.7 193.5 193.4 193.7 193.5 192.7 192.7 191.7 191.1 191 190.7 190 190.1 188.2 183 178.9 177.1 175.6 175.2
222.9 222.1 222.2 221.7 221 220.2 219.8 218.6 218.1 217.6 217 216 214.5 213 211 208.9 206.9 204.4 201.4 198.4 195 190.5 188.1 186.6 182.5 176.5 167.2 151.3 133.2 122.9 127.6 146.8 162.2 171.9 182.3 193.4 197.9 201.3 202.7 203.3 203.1 201.7 199.6 196 197.5 200.5 201.5 202.2 202.2 202.5 202.7 201.2 200.2 199.4 197.9 197 196.2 195.4 194.5 193.6 192.4 192 192.5 193.2 193.1 192.5 191.4 190.6 189.9 189.1 188.4 189 187.2 182.6 181.8 179.5 176.8 175.6
222.6 222 221.8 221 220.2 219.4 219 218.2 217.9 217.4 216.9 216.3 214.8 213.6 212 210.2 208.3 205.8 202.9 199.4 195.6 191.3 183.2 176.8 171.9 170.4 166.5 159.3 142.3 124 127.9 143.4 159.3 170.7 181.4 193.3 197.7 200.7 201.9 202.2 201.6 200.2 198.3 193.8 198.3 200.1 200.8 201.6 202.5 202.3 201.5 200.7 199.5 198.8 197.4 194.9 194.1 192.9 192.8 192.5 190.7 191.1 191.9 192.7 192.6 191.6 191.1 190.6 190.1 189.3 187.9 187 184.5 182.9 182.8 179.9 178 176.1
222.1 221.9 221.1 220.3 218.7 217.8 217.7 217.6 217.7 217.3 216.7 216.2 215.3 214.2 212.6 210.7 208.8 206 202.7 198.5 194.3 189.3 179.3 171.8 164.1 160.4 159.4 154.1 142.9 125 130.1 141.3 158.4 173.9 183.3 193.1 197.3 200.1 200.8 201.4 200.4 199.1 196.4 192.5 197.7 199.6 200.4 201.3 202.1 202.1 201.4 200.6 198.7 197.9 196.5 195.4 192.3 191 190.7 189.8 190 190.3 191.2 192.5 192.2 191.5 191 190.5 190.1 189 187.1 186.4 185.2 183.5 181.8 180.3 178.5 176.9
221.6 221.4 220.4 219 217.6 216.2 217 217.2 217.2 217.1 216.5 215.8 215.1 214.4 212.8 210.9 208.8 206.1 202.5 198.3 194.1 187.9 178.6 169.5 159.8 150 147.6 143.6 141.1 134.2 129.7 141.8 157.9 174.6 185.7 194.3 196.9 199.3 199.6 199.9 199.1 197.9 193.8 189.5 196.2 198.9 200.4 201 201.8 201.8 201.2 200.4 199 197.5 196 194.8 192.7 191.2 190.7 189.8 189.5 191.3 192.3 192.9 191.5 191.3 190.8 190.4 190 189.4 187.9 186.9 186 185.1 182.6 181.8 180.3 178.2
221.1 220.1 219.2 218.4 216.5 214.7 216.3 216.9 216.8 216.5 216.1 215.4 214.6 213.7 212.5 211.2 208.8 206 202.4 198.1 193.2 188.8 178.8 170 160.4 150.7 140.6 133.6 135.7 127.5 130.9 145.3 161.3 176.6 188 193.7 196.5 198 198 197.8 197.5 195.4 189.4 189.1 197.3 198.9 200.7 201.2 201.5 201 200.7 200.2 199.1 197.9 196.6 195.6 194.3 190.9 190.1 189.4 188.8 188.5 188.4 189.1 190.3 190.4 190.3 190.1 189.7 189.1 188.4 187.4 186.5 185.6 184.4 183.3 181.6 179.5
219.3 218.8 218 217.1 215 213.7 216.3 216.4 216.1 215.7 215.3 214.8 213.9 213.1 211.8 210.7 208.7 205.9 202.2 197.9 193.6 188.7 181 172.5 163.9 153.3 139.1 131.6 125.8 122.7 134.4 149.6 165.6 181.2 190.5 193.2 195 195.7 195.7 195.2 193.7 187.5 177.8 193.1 199.2 200.4 200.8 201 201.3 200.6 200 200 199 198 196.8 195.4 193.7 192.5 190.5 189.8 188.6 188.1 187.7 187.9 189 189.3 189.3 189.3 189.4 188.8 188.3 187.7 187.1 186.2 185.1 184 182.9 180.9
217.8 217.3 216.7 215.7 213.4 212.6 214.5 214.9 215.2 214.8 214.3 214.1 213.3 212.4 211.2 210.3 208.4 205.5 202 197.7 193.6 189.4 182.7 174.2 162.5 151.3 139.8 130.1 123.3 124.4 144.5 160.3 172.9 184.3 188.5 190 188.5 184.7 184.6 183.1 177.3 172.1 184 198.3 200.6 200.7 200.8 200.8 200.8 200.4 200 199.4 198.4 197.4 196.4 194.8 193 191.8 190.9 189.6 188.4 187.8 186.9 186.3 186.4 187.2 188 188 188.2 188.9 188.3 187.7 187.1 186.7 185.7 184.7 183.6 182.4
216.1 215.5 215.1 214.2 211.6 211.4 213.6 213.7 213.9 213.8 213.2 213.1 212.5 211.8 210.9 210 207.9 205 201.6 197.6 193.5 189.4 183.5 172.5 160.6 147.2 130.6 123.7 121.9 136.4 157.9 169.9 177.8 182.1 182.1 177.6 175.6 174.8 172.7 169.9 167.3 177.9 194.9 199.7 200.9 200.4 200.1 200.2 199.9 200 199.3 198.6 197.6 196.4 195.4 193.7 192.2 191.5 190 191.1 189.2 186.3 186.3 185.7 184.3 185.6 186.5 186.7 186.9 187.4 187.4 187.2 187 186.8 185.9 184.7 183.6 183.1
212.9 213.1 212.8 211.1 208.9 210.4 212.5 212.5 212.4 212.1 211.7 211.2 210.8 210.7 210.2 209.3 207.2 204.1 201.1 197.4 193 188.6 182.2 171.3 159.4 146.9 131.6 122.8 126 144 158.2 166.6 170.6 172.3 171.8 170.7 169.8 167.4 164.5 164.3 171.2 190.1 198.6 200.9 200.8 200.4 199.7 199.6 199.5 199 197.8 197.1 196.4 195.4 194.6 192.6 192.5 192.8 190.7 190.6 190.2 187.4 186.7 186.7 185 184.4 185.9 186.1 186.3 186.6 186.6 186.4 186.2 185.8 185.4 184.5 183.5 183.3
210.1 210.3 209.5 208.7 206.4 209.1 210.5 211 210.7 210.3 210 209.6 209.4 209.6 208.9 208 206.4 203.4 200.5 197.2 193.4 189.1 180.4 170.5 159.6 147.9 134.4 120.8 131.9 142.6 152.6 161.6 163.9 163.9 163.5 161 158.7 156.9 164.7 170.1 185.8 195.3 199.4 200.4 200.3 200.1 199.6 198.9 199.1 198.1 196.9 195.7 195.2 194.5 193.6 191.9 190.2 190.7 190.4 189.3 188.8 188.1 187.2 186.7 185.1 183.1 185.4 185.6 185.7 185.9 185.8 185.6 185.4 185.1 184.4 183.9 183.4 183.5
206.9 207.2 206.6 206.1 204.7 207.5 209 208.9 208.6 208.1 207.7 207.3 207.9 208.4 207.7 206.9 205.4 202.8 200.1 196.8 192.8 188.5 180.2 171.3 161.2 150.3 139 120.7 125.6 134.6 141 152.2 154 153.9 152.3 150.4 151.7 160.1 169.9 176.7 190.2 197.1 199.4 199.7 199.7 199.5 198.7 198.2 197.7 196.8 195.5 194.4 193.6 193.1 192.1 190.5 189.1 188.2 187.9 188.1 187.7 187.2 187.1 186.4 184.9 180.8 184.8 184.9 185 185 184.9 184.9 184.7 184 183.2 182.7 182.8 183.1
203.1 203.2 203.7 202.4 202.7 205.2 205.8 206.2 206.1 205.7 205.3 205 206.3 206.8 206.3 205.7 204.1 202 199.4 196.1 192.2 188.1 181 172.7 165.1 155.8 143.4 123.2 120.7 125.5 130.4 136.6 137.1 136.3 140.7 147.1 158.4 166 174.2 184.4 192.9 198 199 199 199 198.3 198 197.4 196.6 195.7 194.8 193.5 192.4 191.5 190.5 189.2 188 187.1 186.9 187 186.8 186.5 186.6 185.8 184.4 181.1 181.9 183.6 184.1 183.8 183.5 183.7 183.7 182.6 181.9 181.8 182.5 182.6
198.2 199.4 199.1 197.4 200.1 202.3 202.6 202.9 202.9 202.8 202.8 203.5 204.5 205 204.3 203.7 202.5 201.1 198.6 195.3 191.5 187.7 182.2 174.8 167.7 160.7 147.6 132.6 120.4 120.3 121.4 122.9 125.5 139.6 148.4 155.8 164.2 173.3 179.2 191.9 195.9 197.8 198.5 198.4 197.9 197.1 197.1 196.3 195.5 194.7 193.7 192.5 191.4 190.3 189.4 188.2 187.1 186.1 185.8 186 186.1 186.1 185.9 184.5 183.7 182 178.6 180.4 180.9 181.1 181.8 181.9 181.7 181 180.9 181.6 182 182.1
