Assets/StreamingAssets/GeoData/Data/so/SO92.asc
ncols 200
nrows 200
xllcorner 390000
yllcorner 220000
cellsize 50
[rows 148 to 184 of 200, columns 84 to 167 of 200]
55.9 56.3 56.8 57 57.8 58.7 58.8 58.3 58.8 58.4 58.6 58.6 57.8 58.8 58.8 59.1 60.5 62.3 62.9 62.1 63.1 64 64.4 64.5 64.4 65 64.4 64.9 66.6 65.1 65.1 63.9 64.7 65.4 64.6 65.4 65.1 64.7 65.8 66.2 65.8 67.3 67.8 68.7 68.9 68.8 69.6 69.6 69.2 69.7 69.9 70.3 73.8 75.3 78.1 79.6 81.9 83.9 85.4 88.5 91.1 95.7 100 100.4 101.3 101.2 103.8 105.7 109.2 114.2 118.3 122.9 129.5 138.9 151.1 161.6 172.1 180.3 187 192.8 200.9 207.9 213.6 223
57.2 56.3 56 56.6 56.2 58.6 58.2 58.8 58.4 58.3 58.1 58.1 58.1 58.9 59.2 59.8 61 62.3 62.9 63 63.8 63.7 64.4 64.7 64.9 65.2 64.5 65.5 65.6 65.7 65.7 64.6 65.3 65.7 65.1 64.8 65 67 66 65.9 66.4 68.4 68 69.4 69.7 69.6 70.4 70.4 70.2 72.2 74.2 75.5 78.1 80.3 81.8 83.4 84.8 88.6 90.7 93.8 98.1 98.6 103.4 105.8 108.3 106.8 106.8 108.5 112.4 118.6 124.7 129.2 135.6 141.2 149.7 160.7 174.7 184.6 192.5 198.9 204.5 211.1 217.3 226.5
59.2 57 56 56.3 56.1 56.9 57.3 57.3 57.5 57.5 57.4 57.8 58.8 59.4 59.3 59.2 60 61.6 63.6 62.4 63.9 63.9 64.3 64.9 65.5 65.1 65 66.1 66 66.1 66.2 65.5 66.1 66.1 65.8 65.9 66 67.2 67.9 67.3 67.5 68.8 68.3 69.3 71.1 71.8 71.8 70.8 70.9 74.1 76.8 77.7 80.5 84.8 86.4 88.4 90.5 91.2 95.9 100.7 103.8 105.8 107.1 109.9 110.8 110.8 110.5 111.5 116.9 123.9 131.3 136.5 144.1 148.8 155 167.4 178.6 189.2 199 203.5 208.8 214.9 221.1 227.4
61.4 59.4 56.1 55.7 55.1 54.8 56.4 55.8 56.1 56.7 56.8 57.4 58 59.6 60 59.2 59.4 60.6 61.8 63.7 64.6 64.2 65.2 65 65.3 65.2 65.5 66.6 66.3 66.4 66.2 65.9 65.5 65.7 66.5 67.1 66.5 68 67.6 68.7 68.9 70.1 70.9 72 73.2 72.7 73.9 73.5 75.1 79.9 81.1 82.7 85.1 89.4 92.1 94.9 97 97.5 99 106.2 109 111.4 113.2 113.9 114.1 113.3 114.5 115.7 120.8 127.2 134.6 142.1 150.4 156.4 163.4 172.3 182.9 192.1 200.5 204.9 210.6 216.3 221.2 226.4
63.9 62.7 60 56.6 55.8 54.7 55.5 56.4 56.5 56.6 56.4 57.3 58.1 59.2 60.3 61 60.6 60.5 61.4 62.5 63.8 64.9 65 65.5 65.7 66 66.5 66.7 66.8 66.7 65.9 65.8 66 66.2 66.7 66.9 67.1 68.7 69 69 71.4 71.1 71.7 73.4 74.9 75.4 76.8 78 79.8 83.5 87 88.3 91 94.9 99.2 101 102.4 105.1 106.9 110.4 112.9 115.8 115.7 116.5 118.4 116.8 117.7 119.6 124.3 130.8 137.4 146.1 153 158.9 165.3 173.1 181.7 190.1 196.6 202.2 208.4 213.3 217.6 221.1
66.2 64.7 62.7 59.6 59.1 56.3 56.3 56.7 56.9 57.2 57.4 57.7 57.9 58.6 59.7 59.9 60 61.1 61 61.7 64.3 65.1 65 66.3 66 65.7 65.6 65.8 66.5 66.9 66.4 66.2 66.3 66.6 67.2 67.7 68.2 69.2 70.3 70.1 71.2 72.3 73.3 74.6 75.7 77.5 79.2 81.9 84.9 89.2 92.9 95.2 98.5 102.7 105.3 106.8 108.4 111.5 113.6 115 116.5 119.4 121.3 119.2 119.5 118.8 121.3 122.4 127.4 133.1 138.6 144.9 152.3 157 163.7 171.8 176.5 183.9 191.6 197 205.2 209.4 212.6 213.6
69.1 67.1 65.4 61.8 59.7 57 56.4 56.1 57 57.3 57.7 58 58.3 58.5 59.1 58.8 60.1 61.3 60.8 61.3 64.1 64.8 64.6 65.4 66.1 65.7 66.1 66.5 67 67.2 66.9 66.8 66.7 67.3 67.9 68.6 69.2 69.8 71.6 71.4 72.6 73.7 74.9 76.5 77.8 80.2 83.4 86.8 91 94.7 97.1 101.2 104.8 107.8 111 112.7 114.4 117.1 119.1 120.6 121.6 122.3 125.5 127.4 126.3 124.3 123.9 126 127.9 132.7 137.6 142.6 148.9 154.8 161.2 166.4 173 178 185.9 192.9 197.3 202.9 204.9 206
70.7 69.6 66.8 64.2 61.6 59.1 57.1 55.8 56.3 56.9 56.7 57.2 57.7 58.3 58.8 58.9 58.9 59.9 61.5 62.4 62.8 64.2 65.1 65.6 67.1 66.4 66.7 67.1 67.6 67.5 67.6 67.5 67.4 68.1 68.5 69.2 69.9 71.9 72.4 73.4 74.5 75.3 76.8 78.3 79.8 83.9 88.9 91.7 96.2 101.9 106.1 109.9 113.3 115.7 117.4 119 120.7 122.7 123.3 123.8 123.9 123.8 125.2 128.3 128.3 128 128.3 126.5 129 132.2 135.2 140 148.3 156.3 157.9 160.2 167.7 173 180.1 188.4 193.2 196.4 196.4 196.9
73 69.3 66.9 63.6 61.9 60.9 58.8 57.4 56.6 56.4 56.6 57.1 57.7 58.2 58.4 59.1 58.7 60.2 60.8 61.2 62 63.6 64.8 65.6 66.3 67.6 67 67.3 68.1 68.3 68.3 67.6 68.1 68.6 69.7 69.8 72.2 73.2 73.9 74.8 76 77.8 79.5 80.7 82.9 87 91.6 97.6 103.6 108.7 113.3 116.9 121.5 122.3 124.4 126.7 128 128.4 127.4 127.8 126.9 126.3 126.7 127.2 126.8 127.8 126.8 124.5 129.8 131.1 131.5 139.5 148.6 156.6 155.4 155.9 161.3 168 174.2 180.4 186.5 189.3 188.8 189.1
72 69.6 67.5 64.3 62.5 61.2 60.6 58 57.2 56.7 56.9 57.1 57.6 58.2 57.9 58.2 58.8 58.7 60.4 61.3 61.8 62.9 64.2 65 65.2 66.2 67.7 67.7 68.3 67.8 67.9 68.4 68.9 69.3 70.2 71.2 73.2 74.8 76.1 76.9 77.6 79.6 81.2 82.3 85.5 90.1 95.5 102.9 107.6 116.2 120.5 124.2 127.7 130 132.2 133 132.6 133.5 132.7 131.3 130.4 127.8 127.8 126.8 126.7 122.9 122.3 121.1 124.9 127.7 128.5 137.3 145.2 151.4 149.6 150.1 156.3 163.5 170 173.7 178.8 180 178.9 180.3
70.3 69.7 66.8 64.5 62.3 61.8 61 58.8 58.2 57.5 57.2 57.4 57.6 57.5 57.9 58.5 59.2 59.1 58.6 59.2 60.9 62.6 64 65 65.4 66.3 67.6 68.3 68.6 68.5 68.6 69.1 69.6 70.1 70.7 71.9 73.4 74.3 75.2 77.9 79.1 80.9 82.2 84.2 89.5 93.7 99.6 106.7 113.5 119.7 124.3 129.7 133.3 136.8 138.6 139.8 140.3 138.7 137.4 135.4 133.1 130.3 125.7 122.8 121.1 118.2 117.3 117.3 119.8 123 125.3 132.3 139.8 141.8 145 144.5 150.7 160.4 164.5 166.8 170.4 169.9 171.4 172
68.8 67.8 66.2 65.4 63.9 62.4 61.3 60.7 60 59.4 58.3 58.1 58.1 58.3 58.3 58.5 59.1 59.3 58.9 59.4 61.1 62.7 63.7 64.8 66.2 66.3 67.3 68.4 68.7 68.8 69.1 69.7 70.2 70.7 70.9 71.9 73.8 77.1 76.7 77.8 80.1 81.2 82.7 86.5 91.5 97.3 105.4 112.1 119.4 125.1 129.6 132.6 135.3 139.3 141.4 142.7 142.9 141.9 140.3 137.7 133.9 130.2 126.8 122.2 118.9 115.8 114.3 115.1 117 120.1 123.8 128.2 132.7 133 134.8 137.7 148 155 157.1 159.3 162.2 160 163.9 165.9
68.4 69.1 67.1 66.4 65.5 63.2 63.6 62.6 61.8 60.8 59.7 59.1 59.2 59.1 58.9 58.8 59.8 60.3 60 59.6 61.2 62.6 63 63.7 64.7 67 67.6 68.2 68.7 67.9 69.6 70 70.5 71 70.5 73.4 74.5 76.6 77.8 78.7 80.1 82.6 85.4 89.5 95.1 100.8 108.9 116.5 122.1 127.8 130.2 133.6 136.3 140.7 142.7 144.1 143.6 143 141.7 135.5 133.2 129.7 126.9 122.7 117.7 114.7 113.2 113.5 115 116.8 120.1 122.1 125.2 125 128.2 136.1 144.4 148.4 148.5 153.8 156.1 152 155.1 158.6
67.2 67.9 67.6 67.5 66 65.4 63.7 64.3 63.2 62.1 61.2 60.2 60.2 59.7 59.5 59.3 59.8 60.8 60.7 60.8 61.5 62.5 62.5 63.6 64.4 65.3 66.5 67 69.4 69.9 70 70.3 70.8 70.6 70.9 73.9 74.5 75.7 77.9 79.7 81.2 84.1 88.4 92.4 98.1 105.5 112.5 118.9 124.3 128.3 130.9 132.3 136.1 141.1 142 143.4 142.1 140.3 136.6 131.9 130.8 128.5 124.5 120.4 117 113.7 111.9 112.4 114.2 115.7 117.3 118.8 121.5 122.7 126.5 132.6 137.1 140.7 140.7 146.3 144.5 144.8 148.2 150.4
66.6 67.4 67.6 67.2 66.7 66.2 65 64.3 64.4 63.7 62.6 61.4 61 60.4 59.9 60.4 61.2 61.4 61.6 61.9 61.9 61.4 62.6 62.9 63.7 64.2 65.1 66.7 68.1 68.9 69.8 70.6 70.5 71.1 73 73.8 74 75.7 78.7 81.2 82.5 85.3 90.3 96.7 101.1 108.6 116 122.2 126.7 130.1 131.5 131.7 132.7 135.6 135.6 137.4 136.4 132.4 129.7 127.2 126.2 124.8 121.1 117.8 114.3 111.2 110.2 111.6 113.6 114.4 115.5 119 120.6 122.6 122.7 125.1 127.3 131.2 133.6 136.3 136.8 139 142.9 145.4
66.5 67.9 68.6 68.8 67.6 66.9 65.9 65.2 65 65.1 64.3 63.3 62.5 62.6 61.3 61.3 61.3 61.4 62.1 62.2 61.6 61.4 62.6 63.9 63.5 64.7 65.4 65.6 68.5 68.6 69.2 69.6 70.5 72.4 74 74.3 74.1 75.3 79.2 82.2 83.7 86.9 93.8 100 107.2 113.8 120.3 125.7 127.4 131.4 131.2 130.5 130.4 131.1 131 131.9 129.5 127.3 125.5 123 121.3 121.2 118.3 115.2 111.6 109 109.8 111.1 111.5 112.9 117.9 121.2 122.6 126.2 127.5 130 130.1 131.2 132.1 133.1 137.9 144.8 148.6 155.6
67.2 67.7 67.6 68 68 67.7 66.9 66.4 65.9 65.5 64.6 64.3 64.2 62.9 61.9 61.6 61.6 61.5 61.8 61.8 61.3 61.2 62.3 63.8 63.6 63.8 64.4 65.1 66.7 68.4 69 69.7 71.7 72.2 72.6 73.5 74.6 78.1 81 82.6 84.4 87.4 94.9 102.3 107.5 116.1 122.3 125.4 128.4 131.1 130.4 129.5 128.7 127.6 125.5 125.3 124.1 122.5 120.9 119.2 118 117.3 114.7 111.6 108.3 108 108.8 109.7 110.6 113.8 117.1 121.9 125.1 130.1 133.6 135.2 137.4 136.1 138.2 137.2 138.5 144.9 151.2 156.9
67.4 67.4 67.6 67.9 68.5 68.7 68.2 67.6 66.5 66.5 65.7 65.1 64.9 65.3 62 61.9 62.1 62.6 62.4 61.7 61.8 61.5 62.9 63.3 62.8 64.4 65 65.7 66.3 67.5 68.7 70.5 71.9 73.6 75.1 75.2 76.9 79.3 81.8 83.4 85.2 92.1 98.8 104.8 111 118.4 123.4 125.7 127.2 129.8 129.4 128.5 126.5 122 120.5 120.1 120.1 119.8 118.1 116.7 114.6 112.8 111.1 108 106.3 107.1 108.5 109.1 110 112.6 115.4 121.9 126.2 131.9 136.9 138.6 141.1 141.9 144.5 142.2 140.5 145.4 153.5 161.1
67.4 67.5 67.6 67.8 68.3 69.1 68.5 69.2 67.6 67.2 66.9 65.8 67.6 66 64.4 64.4 65 64.7 63.6 63.4 62.5 62.4 62.5 62.5 62.3 64.7 65.3 66 66.2 66.9 70.2 70.8 71.6 73.2 74.8 76.1 78.4 78.5 81.6 85.6 89.2 94 99.8 104.8 111.7 118.2 123.5 125.4 126.1 127.8 127.5 125.9 122.1 118.7 115.5 115.7 115.8 116.2 115 112.9 111.1 108.9 107.3 105.3 104.4 106 107.5 106.4 107.5 111.9 115.1 120.5 125.1 130.5 137.1 142.9 146.8 147.1 147.8 148.6 144.1 149.6 158 166
67.4 67.6 67.7 67.8 68.1 68.2 69 69.7 68.3 68.6 68 68.3 67.3 65.9 66.6 64.8 64.8 65.4 65.5 63.2 63.9 64 62.6 63.4 63.2 64.6 65.4 65.3 66.9 68.4 68.7 71.1 72 73.4 74.3 75.4 77.9 78.9 81.3 85.1 89.1 93 98.8 104.4 111.3 115.7 120.6 123.4 124.1 124 121.8 121.5 118.9 114.4 111.9 111.9 112.2 112.6 112 110.3 108.3 106.6 105.3 103.2 103.6 105.1 106.3 105.4 107.4 111 114.5 118.7 124.2 131.2 139.5 145.4 148.6 150.3 150.8 151.4 151.3 154.4 162 170.7
67.5 67.6 67.7 67.8 67.9 68.6 69.4 69.6 68.8 70.3 68.9 67.3 67.7 67.1 66.2 65.9 65.8 65.7 65.1 64.4 63.8 63.2 63.6 64.5 64.2 64.1 64.7 64.7 65.5 68 69.1 70.9 72.6 73.3 74 75.2 78.4 79.5 82 84.9 89 92.3 97 102.7 108.5 112.3 115 117.7 119.5 119.9 117.1 115.5 112.2 109.9 108.1 108.1 108.4 108.4 108.2 107.9 107.2 105.7 103.8 101.3 102.9 104.5 105 106.5 109.6 111.7 114.1 119.6 125.2 134.2 141.3 145.5 151.2 154 154.8 155 157.4 161.7 167.3 174.5
66 67 66.8 67.7 69 69 68.7 69.2 69.7 69.4 69.5 68.6 68.7 69.1 68.6 67.2 66.3 67 67 66.9 65.1 64.6 64.2 64.5 64.7 64.8 64.6 64.5 65.2 66.7 68.3 69.9 72.5 73.1 73.7 75.9 76.8 79.1 82.1 83.7 87.3 90.3 95 99.8 104 107.1 108.9 110.4 111.7 111.4 111.2 109.8 107.8 105.8 105.4 105.7 105.5 106.2 106 105.7 105.1 103.8 102.1 101.3 102.1 103.6 104.4 107.5 110 112.5 115.3 119.7 124.8 132.7 138.3 144.4 150.7 154.3 157.5 158.9 162 167.4 173.3 178.4
65.6 66.3 67 67.1 68.7 68.4 68.7 69.5 70 70.5 70.4 70.2 69.7 69.9 70.1 69.2 68.2 67.9 67.1 65.9 65 65.8 64.8 64.6 64.3 64.8 64.8 65.5 66.2 66.4 67.5 69 70.3 72.8 73.5 75.4 76 78.3 81.2 82.6 84.4 88 91.2 94.9 98.3 101.1 102.5 103.9 104.8 104.7 105.6 104.8 102.9 102.4 102.9 102.8 103.4 104 103.9 103.8 102.7 101.6 100 101.9 101.3 103.4 104.4 107.8 110 112.2 115.1 117.9 122.4 127.7 134.1 140.9 148.6 155.4 158.9 163.8 167.1 173.9 179.7 184.3
65.7 66.5 67.1 66.8 68.2 68 68.3 69.6 70.1 70.7 70.3 70.2 70.4 70.6 70.8 70.8 70 68.8 68.4 67.9 67.7 67.7 65.7 65.2 65.7 65.4 64.5 64.8 66.1 66.4 67 69.7 71.8 71.1 72.3 74.7 75 77.2 79.6 81.4 82.5 84.1 87.8 91.3 93 96.4 98.1 98.9 101 100 100.6 100.2 99.5 99.9 100.2 100.3 101.7 102.3 102.3 101.4 100.2 99.9 101.3 100.8 100.8 102.4 105.1 106.6 109 111.5 114.7 118.1 123.1 126.7 129.2 136.4 148.1 154.9 158.6 163.3 171.9 178.9 185.4 190.3
65.9 66.7 67.2 67.5 67.3 67.6 68.1 69.7 70.3 70.7 71.6 71 71.2 71.4 71.6 71.7 70.1 69.7 69.4 68.9 68.8 68.4 67.9 66.5 66 65.7 68.3 68.4 66.1 66.8 67.3 69.9 72.7 73.8 72.5 73.9 75.4 78 76.6 79.4 81.4 82 85.3 88.5 89.7 93.2 93 93.2 95.6 95.5 95.7 95 96.7 97.3 97.6 98.5 99.4 99.6 100.5 99.5 98.1 97.7 99.4 97.9 101.2 102.8 103.9 106 109 111.4 114.1 119.6 124.7 129 133.3 135.1 143.3 149.4 155.5 163.1 171.2 180 188.7 195.4
65.9 66.4 66.3 66.7 67.6 68.4 69.1 68.7 69.4 70.3 70.8 70.8 70.8 70.8 71.4 71.4 71.3 70.7 70.3 70 70.3 70.7 70.2 68.5 67.2 66.5 67.7 64.9 65.7 68.4 67.5 68.7 71.8 73.5 73.5 75.1 76.6 79.5 79.9 78.6 80.6 80.3 82.8 85.7 86.9 88 91 91.9 92.8 93.3 93.4 93.3 94.2 95.6 96.4 97 97.6 98.4 98.8 98.3 94 92.9 98.6 99.9 101.2 103.2 104 106.6 109 111.4 114.9 121.5 127.9 136 142 142.3 143.8 149.6 157 164.3 172.8 181.4 188.4 195.8
64.7 66.5 66.7 66.4 67.5 68 69.3 69.3 69 69.6 70.5 70.9 70.5 70.6 71.1 72.5 72.6 72.6 72.5 72.7 72.6 72.6 72.5 70.9 68.3 68 68.7 67.1 65.8 65.8 67.9 68.8 71 74.3 75.4 76.1 78.4 80.1 82 81.9 82.4 82.5 83.3 85.3 84 85.2 89.5 90.7 91 91.5 92.1 92.7 94 95.5 96.1 96.4 96.8 97.6 97.9 93.2 91 95.9 100.1 101.1 101.9 103.3 104.2 106.5 108.4 111 116.1 122.3 132 141.2 149.6 151.6 152.6 156.2 162.4 169.3 176 183.3 190.2 197.1
65.1 65.2 66.3 68.3 67.9 68.3 69.4 69.7 69.6 69.4 69.8 70.6 70.7 70.9 71.2 72.7 72.8 72.9 73.4 73.8 74.3 74.1 74 74.2 72.8 70.1 71.1 70.4 69.4 66.8 65.8 68.8 68.7 72.5 74.8 76.4 77.9 80 82.2 83.4 84.4 84.7 85 86.2 85.9 86.2 88.4 89.7 89.7 90.2 91.8 92.4 93.5 94.5 95.6 95.8 95.8 96.3 92.1 87.5 92.4 97.5 99.1 100 100.8 102.6 104.2 105.4 107.1 111 118 124.6 134.8 145.5 154.4 156.1 158.6 165 170.2 175.7 182.1 189.3 196.1 201.7
66.2 66.4 67.2 68.2 68.5 68.9 69.6 69.7 69.9 70 69.7 71.2 71.1 71 71.3 72 73 73 73.9 74.3 74.8 75.3 75.8 76.2 74.2 71.9 72.3 72.4 71.4 70.5 69.4 69 67.8 69.1 72.7 74.2 76.3 79.4 80.7 82.1 84.6 84.9 86.1 86.7 87.5 87.9 88.3 89.5 89.7 90.3 91.7 92.3 92.9 93.9 94.7 95.2 94.2 90.9 89.5 91.3 95.1 96.6 98.5 98.6 98.8 100.7 102.5 104.7 107.6 112.1 119.2 127.7 137.3 146.6 154.6 158.6 161.3 168.9 177.1 183.1 190.8 195.7 201.6 207.6
67.4 67.5 67.4 68.6 69.3 70.1 70.7 69.7 70.4 71.1 69.9 70.6 71 71.3 71.4 71.9 73.3 73 74.1 74.3 74.1 75 75.9 76 75.4 74.7 74.5 74.4 73.6 73.2 72.5 69.9 68.9 68.3 68.9 70.7 73.1 76.6 78.3 80.9 82.8 85.1 86.2 86.9 87 88.7 89.3 89.4 90 90.7 91.7 92.3 92.9 93.3 94.2 91.9 88.4 86.1 89 93.6 97 98.2 100.3 100.2 100.5 101.4 103.2 105.2 108 113.6 120.7 130.5 139.7 145 150 155 160.4 169.1 178.4 185.1 191.5 195.5 201.4 206.1
68.6 68.4 68.1 68.6 69.1 69.8 71.4 71.4 70.5 71 70.8 70.1 70.6 71.2 71.6 72.5 73.1 73.4 74.1 74.4 74.9 75.5 76 76.2 75.6 76 75.7 75.6 75.8 75.9 75 72.4 70.1 69.3 69 70 69.4 72.1 74.1 77.2 77.8 79.4 82.9 84.1 86.7 86.9 88.4 89.2 90.2 91.1 91.4 91.7 91.9 92.2 91.2 88.1 87.1 87.7 91.7 94.9 97.3 99.3 101 101.1 101.8 102.2 103.5 105.6 107.3 113.5 119.7 130 137.8 138.3 144.4 153.3 159.4 166.7 176.7 182 185 189.7 194.1 198.4
69.3 69 68.8 68.6 69.1 69.7 71.4 71.9 71.3 71.8 71.8 71.3 71.5 72 72.2 72.4 73 73.4 74.2 74.5 75 75.6 76 76.2 76.4 76.5 76.2 76.3 76.5 76.7 76.5 74.4 71.5 70.1 71.4 70.8 70.1 70.3 71.8 73 76 78.8 80.5 82.7 84.2 85.9 86.2 85.3 86.7 89.8 90.4 91.4 91.5 91.1 87.6 84.9 86.9 91.2 94.2 96.7 98.3 99.7 101.2 101.6 101.8 103.2 103.9 105.4 106.5 112.3 117.9 127 130.9 136.1 147.4 154.2 152.8 160.7 170.6 175.2 179.5 182.8 187 190.6
69.9 69.3 69.2 69 70 71.6 72.1 72.6 72.2 72.3 72.3 72.3 72.5 72.5 72.7 73 73.3 74 74.6 74.9 75.3 75.6 76.1 77 76.6 77 76.7 77 77.2 78.2 77.3 75.4 71.4 70.9 72.7 73.1 72.6 71.8 72 71.3 72.2 75.1 78.3 81.2 83.9 84 85.9 84.1 83.9 83.5 84.1 91 91.3 88.1 83.4 84.6 90.6 92.8 95.2 97 98.2 99.2 100.7 101.3 102.5 101.9 100.8 101.8 102.5 109.1 116.1 121.8 127.1 134.2 145.9 150.9 143.7 154.9 161.4 164.9 169.8 174.7 180.6 185.7
70.5 69.7 69.5 69.5 70.9 72.2 73.1 73.8 73.5 73.5 72.8 72.9 73.5 73.6 73.3 73.8 74.2 74.6 75.1 75.4 75.7 76.5 77.1 77.3 77.4 78.1 78.4 78.7 79 78.2 78.2 76.7 72.1 72 75.1 75.5 74.5 74.2 74.1 73.1 71.8 72.1 73.4 74.1 78 80.7 82.7 82.1 82.2 82.7 85.7 87 86.1 83.3 80.9 86 91.5 93.2 94.7 96.5 97.2 98 97.8 96.7 96 98 100.1 104.2 106.7 105.1 111.7 117.1 122 130.7 140.6 139.5 137.1 146.7 152.7 157.2 162 166.7 171 177.1
71.2 70.4 70.5 71.4 72.2 73.1 74 74.5 75.9 75.1 73.9 74.1 74.4 74 74.9 75.1 75.7 75.1 75.5 76 76.4 77.7 78.3 78.2 78.3 78.6 78.9 79.3 79.3 79.2 79 77 74.1 72.5 76.1 78 78.4 78.6 77.7 76.3 74.9 73.4 74.6 73.2 72.4 76.6 76.6 77.1 78.3 80.8 80.1 79.8 79.3 78.8 80.8 86.5 89.7 91.5 92.7 95.1 95.2 93.8 90.8 92.5 96.5 101.9 103.2 106 110.4 111 111.5 109.6 115.8 121.2 127.2 129.6 132.1 139 144.8 149.5 154.9 160 164.8 171.9
71.4 70.5 70.7 71.5 72.1 72.9 74.5 75.4 76 76.4 76.5 75 76.6 76.3 76.4 76.6 76.5 76.7 77.2 77.2 77.3 78.2 78.2 78.6 78.8 79.1 79.4 79.8 79.7 79.6 79.4 77.2 73.9 73.4 75.2 76.8 79.6 80.4 79.9 78.4 78.1 76.6 76.6 76.5 76.3 75.7 74.3 75.3 74.4 75.6 76.8 77.4 77.7 77.8 78.7 81.5 83.6 86.1 87.7 90.2 89.1 87.5 91.1 97 99 99.8 101.5 105.8 110.9 114.2 116.1 117.7 118.8 118.7 118.1 119.6 124.4 130.6 137.2 142 148.3 154.2 161.5 167.7
71.3 70.9 71.6 71.6 72 73.2 74.9 75.8 77.2 77.8 77.1 76.5 77.2 78.1 77.8 77.3 77.9 78.2 78.2 78.3 78.3 78.4 79.6 79.2 79.4 79.7 80 80.1 80 79.9 79.8 77.7 75.2 73.6 74.6 75.9 79 81 81.6 80.6 79.7 79.9 79.8 79.8 79.6 79 77 76 74.2 79.7 79.6 79.7 80.3 79.5 79 79.4 79 80.4 82.5 82.3 82.9 84.6 89.1 94.1 95.9 98.7 100.8 106 113.1 115.6 118.9 121.2 124.2 125.4 126.5 128.7 131.3 133.7 134.4 142.1 147.2 153.6 161.1 168.9
