Game/Highland_Data/StreamingAssets/GeoData/Data/sn/SN04.asc
ncols 200
nrows 200
xllcorner 200000
yllcorner 240000
cellsize 50
[rows 108 to 161 of 200, columns 96 to 191 of 200]
-1 -1 -1 -1 -1 -1 -1 -1 -1 -1 -1 -1 -1 -1 -1 -1 -1 -1 -1 -1 -1 -1 -1 -1 -1 -1 -1 -1 -1 -1 -1 -1 -1 -1 -1 -1 -1 -1 -1 -1 -1 -1 -1 -1 -1 -1 -1 -1 -1 -1 -1 -1 -1 -1 -1 -1 -1 -1 -1 -1 -1 -1 -1 -1 -1 -1 -1 -1 -1 -1 -1 -1 -1 -1 -1 -1 -1 -1 -1 -1 -1 -1 -1 -1 -1 -1 -1 -1 -1 -1 -1 -1 -1 -1 -1 -1
-1 -1 -1 -1 -1 -1 -1 -1 -1 -1 -1 -1 -1 -1 -1 -1 -1 -1 -1 -1 -1 -1 -1 -1 -1 -1 -1 -1 -1 -1 -1 -1 -1 -1 -1 -1 -1 -1 -1 -1 -1 -1 -1 -1 -1 -1 -1 -1 -1 -1 -1 -1 -1 -1 -1 -1 -1 -1 -1 -1 -1 -1 -1 -1 -1 -1 -1 -1 -1 -1 -1 -1 -1 -1 -1 -1 -1 -1 -1 -1 -1 -1 -1 -1 -1 -1 -1 -1 -1 -1 -1 -1 -1 53.8 19 58.4
-1 -1 -1 -1 -1 -1 -1 -1 -1 -1 -1 -1 -1 -1 -1 -1 -1 -1 -1 -1 -1 -1 -1 -1 -1 -1 -1 -1 -1 -1 -1 -1 -1 -1 -1 -1 -1 -1 -1 -1 -1 -1 -1 -1 -1 -1 -1 -1 -1 -1 -1 -1 -1 -1 -1 -1 -1 -1 -1 -1 -1 -1 -1 -1 -1 -1 -1 -1 -1 -1 -1 -1 -1 -1 -1 -1 -1 -1 -1 -1 -1 -1 -1 -1 -1 -1 -1 -1 -1 -1 60.5 66.1 69.5 73.6 76.1 75.6
-1 -1 -1 -1 -1 -1 -1 -1 -1 -1 -1 -1 -1 -1 -1 -1 -1 -1 -1 -1 -1 -1 -1 -1 -1 -1 -1 -1 -1 -1 -1 -1 -1 -1 -1 -1 -1 -1 -1 -1 -1 -1 -1 -1 -1 -1 -1 -1 -1 -1 -1 -1 -1 -1 -1 -1 -1 -1 -1 -1 -1 -1 -1 -1 -1 -1 -1 -1 -1 -1 -1 -1 -1 -1 -1 -1 -1 -1 -1 -1 -1 -1 -1 -1 -1 -1 -1 -1 -1 41.5 64 74.8 81.2 86 86 86
-1 -1 -1 -1 -1 -1 -1 -1 -1 -1 -1 -1 -1 -1 -1 -1 -1 -1 -1 -1 -1 -1 -1 -1 -1 -1 -1 -1 -1 -1 -1 -1 -1 -1 -1 -1 -1 -1 -1 -1 -1 -1 -1 -1 -1 -1 -1 -1 -1 -1 -1 -1 -1 -1 -1 -1 -1 -1 -1 -1 -1 -1 -1 -1 -1 -1 -1 -1 -1 -1 -1 -1 -1 -1 -1 -1 -1 -1 -1 -1 -1 -1 -1 -1 -1 -1 -1 -1 29.8 54.5 75.5 83.2 88.2 91.4 92.9 93.2
-1 -1 -1 -1 -1 -1 -1 -1 -1 -1 -1 -1 -1 -1 -1 -1 -1 -1 -1 -1 -1 -1 -1 -1 -1 -1 -1 -1 -1 -1 -1 -1 -1 -1 -1 -1 -1 -1 -1 -1 -1 -1 -1 -1 -1 -1 -1 -1 -1 -1 -1 -1 -1 -1 -1 -1 -1 -1 -1 -1 -1 -1 -1 -1 -1 -1 -1 -1 -1 -1 -1 -1 -1 -1 -1 -1 -1 -1 -1 -1 -1 -1 -1 -1 -1 -1 -1 -1 44.2 65.4 83.1 88.7 92.8 94.7 96 96.6
-1 -1 -1 -1 -1 -1 -1 -1 -1 -1 -1 -1 -1 -1 -1 -1 -1 -1 -1 -1 -1 -1 -1 -1 -1 -1 -1 -1 -1 -1 -1 -1 -1 -1 -1 -1 -1 -1 -1 -1 -1 -1 -1 -1 -1 -1 -1 -1 -1 -1 -1 -1 -1 -1 -1 -1 -1 -1 -1 -1 -1 -1 -1 -1 -1 -1 -1 -1 -1 -1 -1 -1 -1 -1 -1 -1 -1 -1 -1 -1 -1 -1 -1 -1 -1 -1 -1 -1 -1 73 85.5 90.6 94.1 97 99.2 100.8
-1 -1 -1 -1 -1 -1 -1 -1 -1 -1 -1 -1 -1 -1 -1 -1 -1 -1 -1 -1 -1 -1 -1 -1 -1 -1 -1 -1 -1 -1 -1 -1 -1 -1 -1 -1 -1 -1 -1 -1 -1 -1 -1 -1 -1 -1 -1 -1 -1 -1 -1 -1 -1 -1 -1 -1 -1 -1 -1 -1 -1 -1 -1 -1 -1 -1 -1 -1 -1 -1 -1 -1 -1 -1 -1 -1 -1 -1 -1 -1 -1 -1 -1 -1 -1 -1 -1 -1 -1 77 86.5 93.5 97.7 100.9 103.7 106.4
-1 -1 -1 -1 -1 -1 -1 -1 -1 -1 -1 -1 -1 -1 -1 -1 -1 -1 -1 -1 -1 -1 -1 -1 -1 -1 -1 -1 -1 -1 -1 -1 -1 -1 -1 -1 -1 -1 -1 -1 -1 -1 -1 -1 -1 -1 -1 -1 -1 -1 -1 -1 -1 -1 -1 -1 -1 -1 -1 -1 -1 -1 -1 -1 -1 -1 -1 -1 -1 -1 -1 -1 -1 -1 -1 -1 -1 -1 -1 -1 -1 -1 -1 -1 -1 -1 -1 -1 -1 77.5 89 98 102.1 105 108.6 111.4
-1 -1 -1 -1 -1 -1 -1 -1 -1 -1 -1 -1 -1 -1 -1 -1 -1 -1 -1 -1 -1 -1 -1 -1 -1 -1 -1 -1 -1 -1 -1 -1 -1 -1 -1 -1 -1 -1 -1 -1 -1 -1 -1 -1 -1 -1 -1 -1 -1 -1 -1 -1 -1 -1 -1 -1 -1 -1 -1 -1 -1 -1 -1 -1 -1 -1 -1 -1 -1 -1 -1 -1 -1 -1 -1 -1 -1 -1 -1 -1 -1 -1 -1 -1 -1 -1 -1 -1 53.7 77.3 93.5 102.8 108.1 112.4 115.4 117.9
-1 -1 -1 -1 -1 -1 -1 -1 -1 -1 -1 -1 -1 -1 -1 -1 -1 -1 -1 -1 -1 -1 -1 -1 -1 -1 -1 -1 -1 -1 -1 -1 -1 -1 -1 -1 -1 -1 -1 -1 -1 -1 -1 -1 -1 -1 -1 -1 -1 -1 -1 -1 -1 -1 -1 -1 -1 -1 -1 -1 -1 -1 -1 -1 -1 -1 -1 -1 -1 -1 -1 -1 -1 -1 -1 -1 -1 -1 -1 -1 -1 -1 -1 -1 -1 -1 -1 1.4 53.1 85.1 101 110.1 115.7 120.1 122.7 125.6
-1 -1 -1 -1 -1 -1 -1 -1 -1 -1 -1 -1 -1 -1 -1 -1 -1 -1 -1 -1 -1 -1 -1 -1 -1 -1 -1 -1 -1 -1 -1 -1 -1 -1 -1 -1 -1 -1 -1 -1 -1 -1 -1 -1 -1 -1 -1 -1 -1 -1 -1 -1 -1 -1 -1 -1 -1 -1 -1 -1 -1 -1 -1 -1 -1 -1 -1 -1 -1 -1 -1 -1 -1 -1 -1 -1 -1 -1 -1 -1 -1 -1 -1 -1 -1 -1 -1 24.2 77.2 92.9 109.8 116.7 123.1 127.5 130.5 132.7
-1 -1 -1 -1 -1 -1 -1 -1 -1 -1 -1 -1 -1 -1 -1 -1 -1 -1 -1 -1 -1 -1 -1 -1 -1 -1 -1 -1 -1 -1 -1 -1 -1 -1 -1 -1 -1 -1 -1 -1 -1 -1 -1 -1 -1 -1 -1 -1 -1 -1 -1 -1 -1 -1 -1 -1 -1 -1 -1 -1 -1 -1 -1 -1 -1 -1 -1 -1 -1 -1 -1 -1 -1 -1 -1 -1 -1 -1 -1 -1 -1 -1 -1 -1 -1 -1 4.4 28.2 70.3 114.2 118 124.8 130.2 134.7 138.3 140.8
-1 -1 -1 -1 -1 -1 -1 -1 -1 -1 -1 -1 -1 -1 -1 -1 -1 -1 -1 -1 -1 -1 -1 -1 -1 -1 -1 -1 -1 -1 -1 -1 -1 -1 -1 -1 -1 -1 -1 -1 -1 -1 -1 -1 -1 -1 -1 -1 -1 -1 -1 -1 -1 -1 -1 -1 -1 -1 -1 -1 -1 -1 -1 -1 -1 -1 -1 -1 -1 -1 -1 -1 -1 -1 -1 -1 -1 -1 -1 -1 -1 -1 -1 -1 0.5 3.5 24.9 40.7 66.4 117.9 125.5 132.7 137.5 142.1 145.5 147.7
-1 -1 -1 -1 -1 -1 -1 -1 -1 -1 -1 -1 -1 -1 -1 -1 -1 -1 -1 -1 -1 -1 -1 -1 -1 -1 -1 -1 -1 -1 -1 -1 -1 -1 -1 -1 -1 -1 -1 -1 -1 -1 -1 -1 -1 -1 -1 -1 -1 -1 -1 -1 -1 -1 -1 -1 -1 -1 -1 -1 -1 -1 -1 -1 -1 -1 -1 -1 -1 -1 -1 -1 -1 -1 -1 -1 -1 -1 -1 -1 -1 -1 -1 1 6.6 39.1 48 57.7 73.4 110 129.1 139.5 143.5 147.7 150.8 152.9
-1 -1 -1 -1 -1 -1 -1 -1 -1 -1 -1 -1 -1 -1 -1 -1 -1 -1 -1 -1 -1 -1 -1 -1 -1 -1 -1 -1 -1 -1 -1 -1 -1 -1 -1 -1 -1 -1 -1 -1 -1 -1 -1 -1 -1 -1 -1 -1 -1 -1 -1 -1 -1 -1 -1 -1 -1 -1 -1 -1 -1 -1 -1 -1 -1 -1 -1 -1 -1 -1 -1 -1 -1 -1 -1 -1 -1 -1 -1 -1 -1 0.7 2.8 25.7 42.1 77.7 86 91.2 110.3 129 142.9 146 150.3 154.2 157.7 159.2
-1 -1 -1 -1 -1 -1 -1 -1 -1 -1 -1 -1 -1 -1 -1 -1 -1 -1 -1 -1 -1 -1 -1 -1 -1 -1 -1 -1 -1 -1 -1 -1 -1 -1 -1 -1 -1 -1 -1 -1 -1 -1 -1 -1 -1 -1 -1 -1 -1 -1 -1 -1 -1 -1 -1 -1 -1 -1 -1 -1 -1 -1 -1 -1 -1 -1 -1 -1 -1 -1 -1 -1 -1 -1 -1 -1 -1 -1 -1 -1 1.8 32 37.9 56.2 63.1 89.7 100.5 117.2 135 137.7 149.8 152.6 156.8 159.9 162.7 164.7
-1 -1 -1 -1 -1 -1 -1 -1 -1 -1 -1 -1 -1 -1 -1 -1 -1 -1 -1 -1 -1 -1 -1 -1 -1 -1 -1 -1 -1 -1 -1 -1 -1 -1 -1 -1 -1 -1 -1 -1 -1 -1 -1 -1 -1 -1 -1 -1 -1 -1 -1 -1 -1 -1 -1 -1 -1 -1 -1 -1 -1 -1 -1 -1 -1 -1 -1 -1 -1 -1 -1 -1 -1 -1 -1 -1 -1 -1 -1 1.1 26 63.3 69.4 76.5 84.6 106 119.5 139.7 142.5 152.2 155.7 158.6 160.9 163.2 165.7 166.9
-1 -1 -1 -1 -1 -1 -1 -1 -1 -1 -1 -1 -1 -1 -1 -1 -1 -1 -1 -1 -1 -1 -1 -1 -1 -1 -1 -1 -1 -1 -1 -1 -1 -1 -1 -1 -1 -1 -1 -1 -1 -1 -1 -1 -1 -1 -1 -1 -1 -1 -1 -1 -1 -1 -1 -1 -1 -1 -1 -1 -1 -1 -1 -1 -1 -1 -1 -1 -1 -1 -1 -1 -1 -1 -1 -1 1 1.3 4.1 29.6 81.8 87.6 102.7 102.6 114.1 131.3 136.1 149.9 153.6 158.1 160.7 163.4 165.5 167 167.6 168.8
-1 -1 -1 -1 -1 -1 -1 -1 -1 -1 -1 -1 -1 -1 -1 -1 -1 -1 -1 -1 -1 -1 -1 -1 -1 -1 -1 -1 -1 -1 -1 -1 -1 -1 -1 -1 -1 -1 -1 -1 -1 -1 -1 -1 -1 -1 -1 -1 -1 -1 -1 -1 -1 -1 -1 -1 -1 -1 -1 -1 -1 -1 -1 -1 -1 -1 -1 -1 -1 -1 -1 -1 -1 -1 1.5 18.7 37.7 45 62.3 85.9 108.5 118.6 136.2 137.4 138.8 147.2 153.1 159.5 161.3 162.8 165.4 167.4 169 169.8 170.2 171
-1 -1 -1 -1 -1 -1 -1 -1 -1 -1 -1 -1 -1 -1 -1 -1 -1 -1 -1 -1 -1 -1 -1 -1 -1 -1 -1 -1 -1 -1 -1 -1 -1 -1 -1 -1 -1 -1 -1 -1 -1 -1 -1 -1 -1 -1 -1 -1 -1 -1 -1 -1 -1 -1 -1 -1 -1 -1 -1 -1 -1 -1 -1 -1 -1 -1 -1 -1 -1 -1 -1 0.5 1.5 36 59.2 72.7 95.1 108.8 105.2 125.2 140 149 152.3 154.5 157.3 158 162.3 163.8 165.8 167.7 169.6 170.9 171.9 172.4 172.5 173.3
-1 -1 -1 -1 -1 -1 -1 -1 -1 -1 -1 -1 -1 -1 -1 -1 -1 -1 -1 -1 -1 -1 -1 -1 -1 -1 -1 -1 -1 -1 -1 -1 -1 -1 -1 -1 -1 -1 -1 -1 -1 -1 -1 -1 -1 -1 -1 -1 -1 -1 -1 -1 -1 -1 -1 -1 -1 -1 -1 36.2 -1 -1 -1 -1 -1 -1 -1 -1 -1 1.3 14.9 32.8 50.8 88.5 111.9 119.2 124.8 139 142 145.7 150.8 154.2 156.4 158.6 161.1 163.6 166 168 169.9 171.7 172.9 173.9 174.4 174.5 174.7 175.5
-1 -1 -1 -1 -1 -1 -1 -1 -1 -1 -1 -1 -1 -1 -1 -1 -1 -1 -1 -1 -1 -1 -1 -1 -1 -1 -1 -1 -1 -1 -1 -1 -1 -1 -1 -1 -1 -1 -1 -1 17.1 -1 -1 -1 -1 -1 -1 1.2 20.9 46.3 58.4 53.4 43.5 49.1 69.7 69 72.2 76.8 82.6 80.1 73.6 66 63.3 37.2 31.1 47.7 23.3 25.6 30.3 41 55.7 71.7 92.9 122.2 140.3 146.9 149.4 152.6 154.4 154.6 155.9 158.6 159.9 162.1 164.6 166.9 169.3 171.6 173.6 175.2 175.5 176 176.5 176.8 176.9 177.8
-1 -1 -1 -1 -1 -1 -1 -1 -1 -1 -1 -1 -1 -1 -1 -1 -1 -1 -1 -1 -1 -1 -1 -1 -1 -1 -1 -1 -1 -1 -1 -1 -1 -1 -1 -1 -1 -1 -1 -1 59.8 -1 -1 -1 45.8 55.8 64.2 72.8 74 92.5 97.2 101.1 105.1 106.7 99.6 97.4 105.2 112.3 117.3 118.9 107.5 101 111.1 97.5 86.9 89.7 71.9 62.2 64.8 75 84.9 103.7 126.7 141.6 148.3 151.5 154.2 156 157.3 159 159.9 161.4 163.2 165.1 167.7 170.2 172.5 174.7 176.8 178 178.3 178.7 179 179.2 179.3 179.6
-1 -1 -1 -1 -1 -1 -1 -1 -1 -1 -1 -1 -1 -1 -1 -1 -1 -1 -1 -1 -1 -1 -1 -1 -1 -1 -1 -1 -1 -1 -1 -1 -1 -1 -1 -1 -1 35.4 52.7 87 96.3 73.3 64.2 86.3 86.8 91.3 96.5 104.2 116.7 129.9 142.7 141.1 139.3 138.7 135 130 130.7 120.4 131.1 134.9 136.9 133.6 139 134.2 123.5 115.2 115.9 118.4 119.2 112.5 112.5 123.1 142.4 148 150.7 153.4 155.8 157.8 159.4 160.7 162.2 163.8 166.1 168.6 171.1 173.3 175.4 177.6 179.8 180.8 181.1 181.5 181.6 181.5 181.4 181.4
-1 -1 -1 -1 -1 -1 -1 -1 -1 -1 -1 -1 -1 -1 -1 -1 -1 -1 -1 -1 -1 -1 -1 -1 -1 -1 -1 -1 -1 -1 -1 -1 -1 -1 39 52.2 67 107.3 106.3 124.5 125.4 120.6 118.6 126.3 134.8 131.1 136.2 143 153.4 156.1 155.1 152.9 151.2 149.4 146.8 144.8 141.2 135.9 136.6 141 144.5 147.3 152.6 155.8 154.7 150.8 153.8 146 146.7 147.7 147.7 146.6 147 151 153.2 155.1 157.1 159.3 161.1 163 164.7 166.8 169.3 172 174.1 176.2 178.4 180.7 182.8 183.4 183.8 184 183.9 183.3 183.2 183.4
-1 -1 -1 -1 -1 -1 -1 -1 -1 -1 -1 -1 -1 -1 -1 -1 -1 -1 -1 -1 -1 -1 -1 -1 -1 -1 -1 -1 -1 -1 -1 -1 40.7 76.1 101.9 108.7 123.8 127.6 133.4 135.7 138 139.9 142.5 146.3 150.2 154.5 159.7 162 163.5 163.3 160.4 158.1 156.3 154 152.3 150.8 147.3 143.8 137.7 145 148.4 152.4 156.1 158.7 160 160.3 160 157.1 155.1 153.9 153.2 151.7 151 153.3 155.7 157.2 159.2 161.2 163 165.5 167.5 170.3 172.8 175.1 177.1 179.2 181.5 183.5 184.8 185.3 185.5 184.9 184.3 184.4 184.2 183.8
-1 -1 -1 -1 -1 -1 -1 -1 -1 -1 -1 -1 -1 -1 -1 -1 -1 -1 -1 -1 -1 -1 -1 -1 -1 -1 -1 -1 58.2 67.3 72.4 80.3 97.2 109.7 120.1 128.4 133 138 141.7 144.8 147.6 150.1 153.2 155.7 157.9 162.9 167.6 170.6 171.7 171 168.3 163.6 159.6 157.8 155.1 154 152.4 148.5 146 149.2 152.1 155.1 157.8 159.7 161.1 162.1 161.8 160 158.3 156.9 155.7 154.8 153.8 155.4 157.9 159.6 161.3 162.6 164.3 167 169.2 172.3 174.4 176.5 178.7 180.9 182.6 184.4 185.4 185.7 185.9 185.2 184.7 184.2 183.6 182.9
-1 -1 -1 -1 -1 -1 -1 -1 -1 -1 -1 -1 -1 -1 -1 -1 -1 -1 -1 -1 -1 -1 -1 -1 -1 -1 38.1 65.8 77 94 99.5 106.4 110 120 129 135.4 140 145.5 150.2 153.1 156 159.3 160.8 162.6 165.5 171.2 178.6 180.7 179.4 177.7 172.3 168.2 164.4 160.8 158.1 156.4 155 153.7 151.8 152.4 154.5 156.8 159.1 160.5 161.1 161.7 161.7 160.3 159.6 158 156.8 156 155.6 157 158.7 160.5 162.4 164 165.5 168 171 172.9 174.5 176.1 178.6 180.9 183.1 184.5 185.4 185.5 185.3 184.9 184.3 183.3 182.3 181.6
-1 -1 -1 -1 -1 -1 -1 -1 -1 -1 -1 -1 -1 -1 -1 -1 -1 -1 -1 -1 -1 -1 -1 -1 -1 -1 51.4 73.9 91 105.7 111.9 117.4 121.3 127.7 134.8 140.2 146.9 153.5 157.4 159.4 161.4 164.3 167.2 170.2 173.8 178.8 184.3 184.9 184.4 181.2 174.8 171.4 167.6 163.8 160.2 158.3 156.7 155.6 154.5 155.1 156.2 157.9 160 161.3 161.5 161.3 161 160.4 159.8 158.9 158 156.8 156.1 157.5 159.3 160.9 162.5 164 165.3 167.9 170.1 171.7 173.5 176.1 178.7 179.2 182.9 183.9 184.3 184.1 183.8 183.5 182.7 181.7 180.7 179.9
-1 -1 -1 -1 -1 -1 -1 -1 -1 -1 -1 -1 -1 -1 -1 -1 -1 -1 -1 -1 -1 -1 -1 -1 -1 -1 67.9 93.1 107.6 114.8 121.2 125.6 129.8 133.6 139.7 145.8 153 158.9 161.6 164.5 168.1 172 173.7 177.8 180.5 183.7 185.5 185.4 184.3 181.5 177.4 173.3 168.5 165.6 162.2 160.2 158.5 157.4 156.7 157.4 158.5 160.1 161.4 161.9 161.7 161.5 161 160.4 159.8 159.2 158.2 156.9 156.9 158.4 159.7 160.2 161.6 163.6 164 165.9 168.6 170.4 172.7 175.8 178.4 178.4 180.4 181.3 181.5 181.5 181.7 180.9 180.4 179.4 178.7 177.9
-1 -1 -1 -1 -1 -1 -1 -1 -1 -1 -1 -1 -1 -1 -1 -1 -1 -1 -1 -1 -1 -1 -1 -1 -1 50.8 82.3 107.1 118.1 123.4 127.8 131.5 132.4 139 144.2 149.3 156.3 160.7 165.2 169.1 172.7 174.5 177.3 181.7 183.8 185.2 185.3 184.4 183.4 181.2 178 173.7 169.1 166.3 163.8 161.7 160.1 158.8 157.8 158.3 159.9 161.2 162 161.9 161.5 161 160.8 160.2 159.6 159.2 158.8 157.6 157.5 158.5 158.7 158.7 159.6 160.4 161.6 164.3 166.9 169.3 171.5 173.5 175.4 176.3 177.2 177.8 178 178.3 178.4 178.1 178 177.1 176.4 175.8
-1 -1 -1 -1 -1 -1 -1 -1 -1 -1 -1 -1 -1 -1 -1 -1 -1 -1 -1 -1 -1 54.6 -1 -1 -1 72.5 94.3 114.9 123.3 128.9 132.7 135.8 139.5 143.2 147.8 152.5 157.6 162.3 165 169.1 171.9 175.3 179.1 183.3 184.2 184.3 183.7 182.9 181.4 179.5 176.3 173 169.3 166.5 164.7 162.7 160.9 159.6 158.1 158.9 160.1 160.9 161.4 161.4 161 160.5 160.2 160 159.5 159.2 158.7 157.7 157.8 158 157.3 156.7 157.9 158.7 161.1 163.4 165.5 167.3 169.2 170.9 172.4 173.3 174.2 174.9 175.2 175.4 175.6 175.4 175.4 174.9 174.4 173.9
-1 -1 -1 -1 -1 -1 -1 -1 -1 -1 -1 -1 -1 -1 -1 -1 -1 61.1 73.5 79.1 84.3 85.7 -1 -1 69.8 96.9 112.8 121.7 129.4 136.6 140.4 140.7 144.1 147 150.8 155.1 158.5 161.8 164 166.7 169.5 172.8 177.6 180.5 181.8 181.2 180.7 179.5 178.3 176.7 174.3 171.8 168.6 166.3 164.4 162.4 161.2 160 158.3 158.7 159.6 160.2 160.6 160.5 160.3 159.9 159.5 159.5 159.1 158.4 157.8 156.3 155.8 155.9 155.5 154.3 156.5 158.8 160.6 162.2 163.7 165.2 166.5 168 169.6 170.5 171.4 172.1 172.3 172.6 172.8 172.7 172.5 172.4 172 171.4
-1 -1 -1 -1 -1 -1 -1 -1 -1 -1 -1 -1 -1 -1 -1 44.4 57.2 71.2 83.7 90.6 95.7 99.4 102.7 106 109.5 116.5 121.5 131.6 137.1 139.8 142.8 144.6 147.3 149.9 153.3 156.2 157.8 159.1 161.4 163.8 166.5 169.4 172.3 174.4 175.2 175.5 176.2 175.6 174.4 173.2 171.3 169.7 168 166 163.2 161.6 160.2 159.3 157.3 158.3 158.9 159.3 159.6 159.6 159.3 159.1 158.5 158.8 157.9 156.7 155.8 154.1 152.6 153.3 152.9 153.3 156.2 157.4 158.7 160.3 161.9 163.3 164.6 165.8 166.9 167.9 168.7 169.3 169.5 169.7 169.9 169.7 169.6 169.6 169.3 168.3
-1 -1 -1 -1 -1 -1 -1 -1 -1 -1 -1 -1 -1 -1 -1 -1 50 73.1 88.4 95.6 100.7 105.3 109.1 113.7 118.7 123.1 130.1 135.4 139.1 141.6 144 146.6 148.9 151.4 154 154.8 155.7 156.6 158.5 160 162.3 163.9 165.4 168.1 169.3 170.7 170.4 169.9 169.9 169.1 168 166.6 165.2 163.9 161.4 160 158.8 157.5 155.6 156.6 157.1 157.2 157.5 157.8 157.4 157.6 157.3 157 156.1 154.4 152.9 150.9 150.5 151 149.7 152 153.9 155.2 156.2 158.1 159.6 160.8 162 163.3 164.4 165.3 165.8 166.4 167 167.1 167 166.7 166.6 166.5 166.1 164.6
-1 -1 -1 -1 -1 -1 -1 -1 -1 -1 -1 -1 -1 -1 -1 -1 42.6 51.1 90.6 98.7 103.6 108.8 113.4 117.8 122.6 127.7 130.8 134.3 137.3 140.4 143.5 145.5 147.3 150.5 151.8 152.1 152.4 153.2 155.4 156.4 157.8 159.3 161.3 162.8 163.1 164.1 164.6 165.1 164.7 164.4 164.2 163.4 162.2 160.8 158.8 157.2 156.3 155.3 153.2 154.2 154.4 154.3 154.6 154.8 154.9 155.4 155.8 155.2 153.4 152 150.1 148.1 148.7 148.4 146.7 150.1 151.7 152.6 153.8 155.2 156.5 157.8 159 160.2 161.6 162.6 162.9 163.4 164 164.2 163.9 163.6 163.4 162.9 162.5 160.8
-1 -1 -1 -1 -1 -1 -1 -1 -1 -1 -1 -1 -1 -1 -1 -1 -1 2.4 95.1 103 107 111.7 115.9 119.9 123.4 126.4 129.1 131.2 134.4 137.5 140.1 142.3 144.2 146.3 147.1 147.6 148.2 149.5 151.3 152.9 154.9 156.8 158 158.5 159.1 160 160.9 161.2 161.1 160.5 160.3 159.7 158.8 157.8 156.5 155 153.2 152.7 150.6 151.2 151.1 151.2 151.4 151.4 151.7 151.8 152 151.6 150.3 149.1 147.6 145.7 145.9 144.5 145.5 147.5 149.2 150.4 151.5 152.9 154.3 155.7 156.9 158.2 159.4 159.9 160.2 160.5 160.7 160.9 160.9 160.7 160.5 160.2 159.5 158.9
-1 -1 -1 -1 -1 -1 -1 -1 -1 -1 -1 -1 -1 -1 -1 -1 -1 0 100.8 107 111.9 115 118.3 119.9 122.1 123.7 126.2 128.2 130.8 133.7 136.4 138 139.5 140.8 142.8 143.1 144.4 145.8 147 148.7 150.8 152.7 154.1 154.7 155.5 156.7 157.3 157.2 157.4 156.9 156.4 155.6 154.5 154 152.9 151.8 150.7 149.3 148.2 147.9 147.6 147.5 147.9 148.5 148.6 148.8 148.8 147.9 147 146.2 144.9 142.9 142.6 141.7 143.5 145.4 147 148.4 149.6 151 152.4 153.6 154.9 156 156.8 157.2 157.5 157.5 158.1 157.9 158 157.7 157.6 156.5 154.9 152.4
-1 -1 -1 -1 -1 -1 -1 -1 -1 -1 -1 -1 -1 -1 -1 -1 -1 56.5 106.4 110.2 113.7 116.2 117.5 118.8 119.8 120.8 122.4 124.8 127.1 129.1 131.7 133.5 134.9 137 138.8 139.9 141.2 142.9 144.5 145.4 147.1 148.9 150.7 151.6 152.5 153.1 153.6 153.9 154.2 153.7 153 152.3 151 150.1 149.3 148.2 147.2 144.9 143.5 144 143.9 143.9 144.5 145.1 145.5 145.7 145.4 144.8 144.5 143.6 142.5 140.7 139.8 139.8 141.7 143.5 144.8 146.6 148 149.3 150.6 151.5 152.6 153.8 154.3 154.5 154.7 154.7 154.8 154.8 154.9 154.1 153.2 151.7 148.8 151.8
-1 -1 -1 -1 -1 -1 -1 -1 -1 -1 -1 -1 -1 -1 46.6 81.6 93.4 103.2 107.2 110.4 113 114.5 114.9 116 116.5 118 119.8 121.7 123.5 125.3 127.2 129.1 130.9 133 134.9 137 138.4 140 141.5 142.6 144.6 146.2 147.4 148.2 148.4 148.7 149.9 150.1 149.8 149.2 148.9 148.7 147.9 147 145.9 144.8 143.7 142.1 140.3 139.2 140 140.7 141.2 141.8 142.3 142.6 142.6 142.3 142.5 141.6 140.9 139.1 137.4 138 139.7 141.3 142.6 144.2 146 147.5 148.5 149.4 150.3 151.2 151.6 151.8 151.8 151.7 151.8 151.7 151.3 150.9 149.8 146.8 146.9 150.8
-1 -1 -1 -1 -1 -1 -1 -1 -1 -1 -1 -1 32.4 59.3 84.7 92.1 99.4 102.3 105.1 107.1 109 109.9 110.3 111.6 112.3 114.7 116.7 118.7 120.5 122.3 124.2 126 127.9 130 132 134.3 136.2 137.7 139 139.8 141.6 143.3 144.1 144.7 145.1 145.5 145.6 145.6 145.4 145.2 145.3 145.1 144.4 143.3 142.8 141.7 140.5 138.4 135.8 136.1 136.8 137.5 138.2 138.7 139 139.4 139.6 139.8 140.5 139.9 139.3 137.6 136.1 135.7 137.4 138.9 140.6 142.1 143.7 145.3 146.3 147.2 148 148.6 149.1 149.1 149.1 149 148.8 148.8 148.1 147.7 146.3 142.8 147.7 149.4
-1 -1 -1 -1 -1 -1 -1 -1 -1 -1 55.1 70.5 79.5 87.2 93.1 97 100.4 103.5 105.3 104.8 105.4 105.6 105.8 107.2 109.1 111.4 113.7 115.6 117.4 119.2 121 123 125.1 127.3 129.5 131.9 133.2 134.6 136 137.1 138.7 140.3 141.2 141.9 142.2 142.4 142.5 142 141.5 141.5 141.7 141.5 141.1 140.1 139.3 138.5 137.2 134.8 132 132.2 133.2 134 134.8 135.6 135.7 136.3 136.5 137.2 137.9 138 137.4 136.5 134.7 133.5 135.1 136.8 138.8 140.2 141.7 142.9 143.9 144.9 145.6 146.1 146.5 146.4 146.4 146.3 146.1 145.9 145.5 144.7 142.2 142.9 146.4 147.1
-1 -1 -1 -1 -1 -1 -1 -1 -1 -1 71.7 84 92.5 96.5 100.3 102.4 105 107.5 107.8 106.8 107.1 105.3 104.1 105.1 106.9 108.5 110.8 112.8 114.8 116.7 118.6 120.5 122.8 125 127.2 129 130.4 131.7 133.1 134.7 136.2 137.3 138.2 138.5 139 139.2 139.3 138.8 138.5 138.3 138.6 138.4 138 137.1 136.3 135.2 133.9 131.8 129.4 129 129.4 130.3 131.2 132.2 133.2 133.2 133.8 134.6 135.3 135.8 135.3 134.9 133.7 132.2 132.5 135.2 136.9 138.3 139.7 140.5 141.9 142.9 143 143.5 143.8 143.7 143.6 143.4 142.8 142.8 142.7 142 137.6 141.8 143.7 145.2
-1 -1 -1 -1 -1 -1 -1 -1 -1 13.3 82.5 93 99.1 103.5 106 107.1 108 109 109.2 108.7 107.8 105.5 103.5 103.8 105.5 107.1 108.4 110.5 112.4 114.3 116.1 118 120.3 122.7 124.4 126 127.4 129 130.5 131.9 133.3 134 135 135.2 135.5 135.9 136.1 135.7 135.5 135.7 135.6 135.1 134.7 134.1 133 131.9 130.6 129 126.9 125.3 125.5 126.6 127.6 128.7 129.8 130.8 131.1 131.9 132.7 133.2 133 132.8 132.3 131.4 130.7 133.5 135.1 136.6 138 138.3 139.4 140.4 140.3 140.6 141.2 141 140.7 140 139.6 139.7 140.8 140.2 136.8 140.1 141.6 143.2
-1 -1 -1 -1 -1 -1 -1 -1 -1 74.5 91 99.6 106 110.5 114.1 115.7 114.8 113.1 111.8 109.9 107.8 105.2 103.3 102.2 104.2 105.2 106.4 107.5 110 111.8 113.6 115.4 117.5 119.3 121 122.7 124.3 126 126.9 127.7 129 130.2 131.4 131.9 132.2 132.5 132.8 132.8 133 132.9 132.5 132.1 131.7 131.1 129.9 128.6 127.4 126.3 124.1 121.4 121.4 123.2 124.3 125.4 126.4 127.4 128.4 129.2 129.9 130.6 130 129.7 130.4 130.2 127.8 131.7 134 135.3 136.3 136.8 137.4 137.8 137.8 138.5 138.7 138.4 137.9 137.3 137 137.3 137.8 138 135 138 139.8 141.3
-1 -1 -1 -1 -1 -1 -1 -1 15.3 25 101.1 109.1 114.1 118.8 122.6 122.9 121.4 117.6 113.8 111 108.2 104.9 103.4 102.2 101.9 102.9 103.7 104.9 107.2 109.3 111.1 113.4 115.5 117.1 118.6 119.8 121.3 122.2 123 123.9 124.6 126.4 127.7 128.6 128.9 129.2 129.4 129.6 129.9 130.1 129.5 129.1 128.7 128.1 127.3 126 124.7 123.6 122.3 119.4 117.1 118.8 120.8 122.1 123.2 124.2 125.4 126.7 127.4 128 127.3 127.2 128.4 127.6 126.8 130.2 132 133.3 134.4 135.4 135.8 135.9 136 136.6 136.2 135.9 135.3 135.2 134.9 135.5 136.1 135.6 133.3 136.3 138.2 139.5
-1 -1 -1 -1 -1 -1 -1 2.7 46.9 60.7 107.6 112.8 118.5 123.6 125.8 126.1 124.9 121.8 114.8 111 106.6 104.5 102.4 101.5 100.6 100.6 101.7 102.9 104.9 106.7 109.1 111.3 113.2 114.9 116.2 116.6 117.4 118.4 119.2 120.1 121 122 122.4 123.9 125.5 125.8 126.1 126.6 127 127.1 126.7 126.1 125.7 125.1 124.2 123 122 121 119.8 117.9 114.3 112.7 116.7 118.6 119.9 121 122.5 124.1 124.9 125.5 125.7 125.8 126 123.8 124.6 128.1 129.3 130.7 131.8 133.6 134.3 134.6 134.9 134.7 134.4 134.1 133 133 133.1 133.1 133.7 132.6 130.9 134.9 136.5 137.9
-1 -1 -1 -1 -1 -1 66.4 86.1 96.2 102.7 108.8 112.8 117.4 123.2 125.9 126.8 125.8 122.4 112.9 107.6 104.4 102.6 101.1 100.1 99 98.5 98.8 100.6 102.5 105.2 107.7 109.9 111.5 112.9 113.3 113.6 114.4 114.8 115.3 115.6 116.7 118.8 116.8 118.4 120.5 122.1 123.1 123.6 124 124.2 124.1 123.7 123 122 121.5 120.4 119.4 118.3 117.2 115.6 113.1 109.6 112.5 115.1 116.4 118.2 119.7 121.1 122.4 123 123.4 123.8 122.7 120.2 123.1 125.2 126.5 127.9 128.3 130.7 132.7 133.1 133.1 132.8 132.5 132 131.3 130.9 131.6 130.6 129.8 127.1 131 132.8 134.8 136.2
-1 -1 -1 -1 -1 56.5 81.2 91.2 98 103.4 107.7 111.9 119.1 126.3 129.5 130.7 131.1 127.5 113 105.7 101.9 100.8 99.2 97.8 97.1 96.5 97.1 98.3 100.6 104.3 107 108.2 109.7 110.8 111.1 111.3 111.3 110.9 110.6 112.2 113.6 115 111.6 113 115.3 118 119.3 120.5 121.1 121.2 121.4 120.4 119.9 119.2 119 118 116.9 115.9 114.9 112.5 110.3 105.3 108.8 111.2 112.8 115.7 118 119.2 120 120.7 121.1 121.5 121.4 118.3 121 121.2 123.9 124.7 127.1 129.4 131 131.5 131.6 130.8 130.5 129.9 129.1 129.3 130.6 127.9 125.3 129.6 131.6 131.5 133.4 134.3
-1 -1 -1 -1 -1 71.6 91.9 96.4 101.1 104.5 108 112.3 118.5 125.6 129.8 130.5 131.3 127.7 118.5 105.7 99.1 97.9 96.7 95.8 94.5 93.7 94.5 95.8 100.4 103.5 106 107.3 109.1 109.2 109.3 108.5 106.6 106 105.1 106.5 108.2 109.9 108.6 109 111.9 114.2 116.5 117.7 118.6 118.8 118.9 118.1 116.7 116.5 116.4 115.6 114.7 113.8 112.9 111.6 108.7 103.6 105 107.4 110.3 113.3 115.5 117 117.8 118.6 119 119.5 119.3 117.6 118.3 120 121.3 124.2 126.2 128 129.3 130 130.2 129.8 128.8 127.6 126.6 127.5 125.8 119.4 127.6 129.4 130.1 130.7 131.3 132.4
-1 -1 -1 -1 66.7 92.8 95.5 98.4 101 103.2 106.1 110.6 114.8 117.8 121.2 125.2 127.8 125.1 118.2 102.5 95.8 94.6 93.3 92.6 90.8 88.6 91.5 95.7 99.8 102.8 105 106.4 107.1 107.4 107.2 106.1 103.6 100.8 99.4 100.9 102.8 104.6 106 106.9 108.7 111.3 113.8 115.4 116.2 116.5 116.4 115.7 114.7 113.8 113.8 113.4 112.5 111.6 110.2 109.1 106.3 100.3 101.4 104.7 108.2 109.6 112.2 114.7 116.1 117.1 117.6 118 117.3 115.1 115.9 117.7 120.6 122.1 124.8 126.2 127.6 128.4 128.6 128.4 127.3 125.7 124.7 125.1 118 123.8 126.7 127.3 127.8 128.1 127.9 130.9
-1 -1 -1 -1 88.6 97.2 96.7 97.6 98.4 101.6 103.8 106.4 109.9 111.7 112.5 113.1 117.8 115.9 110.9 97.9 91.2 90.1 89.1 85 82.2 89.5 93.1 95.6 99.5 101.7 104.1 105.4 105.6 105.6 105 104.3 101.7 97.3 91.9 96.7 98.7 100.1 100.3 103.2 105.8 108.7 111.3 112.9 114.1 113.9 113.6 113.4 112.8 111.2 111.6 111.4 110.5 109.1 107.5 105.9 104.1 100.9 99.9 103.8 105.9 106.7 109.2 112.5 114.1 115.2 115.6 115.9 115.5 113.3 112.9 116.6 119.2 121.1 123 124.3 125.5 126.4 126.7 126.3 125.4 123.9 123.1 120.4 113.4 122.2 124.4 125.6 126.3 122.7 126.8 129.2
-1 -1 -1 -1 100.2 98.8 94.2 91.2 94.4 98.3 101.3 102.2 103.2 103.1 102.7 103.7 104.3 103.9 95.7 90.4 86.4 85.9 84.9 78.5 87.6 90.7 93.6 96.3 99.5 101.5 103.6 104 104.2 104.1 103.5 102.9 100.3 96.8 91 91.9 94 96 96.6 99.4 103.3 106 108.8 111.1 111.9 111.8 110.8 110.2 109.8 109.8 109.6 109.2 108.3 106.9 104.6 102.5 100.5 96.4 98.4 102 104 106.4 108.3 110.8 112.5 113.4 113.5 113.5 112.5 110.8 113.1 115.4 117.3 119.7 120.5 122 123.2 124.2 124.3 123.8 123.1 121.9 121.7 116.8 112.7 120.1 122.2 124.1 122.7 113.9 124.6 126.5
