Game/Highland_Data/StreamingAssets/GeoData/Data/sn/SN22.asc
ncols 200
nrows 200
xllcorner 220000
yllcorner 220000
cellsize 50
[rows 0 to 34 of 200, columns 79 to 157 of 200]
241.2 240.8 240.9 240.9 240.7 240.3 239.8 238.3 235.7 233.8 229.5 223.8 218.5 211.9 204.6 189.8 191.2 193 190 185.4 180.5 175.2 168.9 162.6 150.7 148.4 149.9 153.3 166.6 180.5 189.1 192.9 196.3 200.7 203.3 205.1 205.4 205.6 204.5 202.3 199.3 195.1 186.5 174.2 169.8 165.4 166.9 176.5 187.7 192.5 195.3 198.2 199.3 201.4 201.8 201.2 200.7 199.3 197.1 192.6 184.7 177.6 174.7 176.1 177.4 175.7 166.2 149.2 158 152.7 162.6 170 176.8 183.2 186.9 190.9 194.6 197 198.4
239.6 239.3 239.9 240.1 240.3 240.3 239.8 239 236.6 234 230.2 225.6 221.2 216.2 209.9 198.8 200.6 201 198.5 196.3 193.3 189 186.3 181.8 171.9 161.2 154.5 150.2 148.6 167 180.5 186.5 192.4 195.6 199.2 201.9 202.5 202.1 200.7 198.2 195.6 189 177.8 165.8 159.9 161.3 172.1 184.6 192.5 196.2 199.6 201.1 202 201.7 200.1 198.8 197 193.3 186.4 176.5 162.2 154.1 153.4 158.4 167.2 169.4 147.1 162.2 161.3 154 156.4 165 173.9 180.4 185.6 190.4 193.8 196.6 197.2
238.1 237.7 238.4 238.8 239.4 239.7 239.3 238.5 236.5 234 230.4 226.9 223.1 218.4 213.8 208.8 207.2 205.2 202.5 199.9 197.2 194.8 192.5 189.6 186 181.7 178.1 173.1 154.9 151.1 168.2 180.8 186.3 190.5 194.3 198.3 198.1 197.3 196.1 194.1 191 180.6 171 158 160.7 170.5 183.6 193.3 196.6 200 202.1 203.1 204 202.8 199 194.3 189.6 182.7 174.7 160.1 143.6 142 141.6 144 148.7 147.5 147.4 151.5 153.1 157.9 160.3 159.1 168.7 176.1 182.9 188.8 192.6 194.6 196.4
236.4 235.8 236.6 237.5 238 238.8 238.8 237.9 236.6 234.2 230.7 227.3 223.8 220.1 215.7 212.4 209.8 207.1 204.5 201.9 199.7 197.7 195.5 193 190.8 190.2 189.5 183.9 168 137 156.2 170.2 179.7 185.1 188.3 191.8 193.2 192.7 191.6 191.1 184.4 171.4 156.9 157.7 168.8 180.9 191.1 195.3 198.6 201.8 203.8 204.5 204.8 203 199.6 192.8 185.5 177.1 166.1 151.7 141.5 142.1 146.4 149.1 149.5 152.8 160 160.1 161.1 165.1 167.1 161.2 159.3 170.7 177.7 184.9 188.8 191.8 194.3
234.5 233.5 235 235.8 237.6 238.3 238.2 237.5 236 233.8 230.1 226.6 223.2 219.8 216.8 213.7 211.1 208.2 205.2 202.4 200.5 198.8 197.1 195.8 194.9 193.8 192.7 190.2 177.1 148.3 142 157.3 167.5 175.4 182.7 186.1 187.8 188.3 187.7 175.4 162 152.5 157.8 173.8 179.7 187.4 193 196.8 199.9 202.5 204 204.8 204.3 202.4 199 192.4 183.5 170.4 153.2 139.6 145.9 153.4 157.9 160.1 162 166 169.4 170.5 171.1 172.2 172.8 169.1 163.9 162.2 170.7 178.1 184.2 188.9 192.1
232.8 232.7 233.9 235.8 236.3 236.9 236.9 236.1 234.9 232.3 229.2 225.5 222 219.7 216.6 213.3 210.8 207.4 204.1 202.2 200.1 198 197.7 196.5 196.2 195.1 193.5 192 185.1 164.5 136.2 138.1 147.6 159 168.9 175.3 179.4 181.9 171 154.1 146.2 154.3 174.5 176.4 184.9 189.3 193.2 196.7 200.2 202.4 203.4 203.1 202 200.2 196.9 190.7 181.9 160.7 139.8 145.4 156.5 163.8 168.4 171.3 172.8 174.5 177.7 179.7 179.9 179.3 177.6 174.2 168.4 165.9 163.7 171 179.8 186 189.8
231.6 231.2 232.7 234.1 234.9 235.2 235.1 234.2 232.9 230.2 227.2 223.8 220.8 218.6 215.5 212.3 209 205.8 202.1 199.3 197.5 196.6 196.8 196.9 196.1 195.3 194 192.3 189.4 180.5 164 147.9 134.4 132.3 146.5 156.4 167.2 167.3 151.8 140.8 152.5 165.8 174.4 181.4 186.1 190 193.7 197.1 199.1 201.4 201.6 200.6 199.3 197.1 193.8 188.7 180 157.5 137.7 154.4 165.9 172.4 177.5 179.5 180.5 181.5 182.9 184.2 184.5 183.9 182 179.5 175.3 171.7 167.7 167.8 172.8 181.3 186.5
231.2 230 230.5 232 233 233.3 232.8 232.1 230.1 227.7 225 221.9 219.6 216.8 213.1 209.4 205.9 202.7 198.9 195.8 193.8 194 194.9 195.7 195.3 194.3 193.3 191.6 189.1 184.7 176.1 159.3 138.6 138.5 123.7 132.5 150.4 149.6 134.4 151.5 166.2 175.6 179.8 183.2 186.8 190.7 193.9 196.8 198.3 199.7 199.4 198.5 196.4 193.7 190.6 186.2 176.7 155.5 136.7 158.4 173.4 179.8 183.7 184.8 185.4 186.2 187.3 187.8 187.8 187.1 185.8 183.5 179.8 176.2 171.8 172.9 171.8 176.1 182.9
230 228.9 228.5 229.4 230.1 230.2 230.1 229.9 227.4 225.3 222.6 220.3 217.5 213.8 210.3 206.4 203 199 194.9 190.9 187.9 189.3 193.6 194.3 192.8 192.7 191.2 189.7 186.1 179.1 159 152.5 161.4 156.9 142.5 124.1 132.9 131.9 146.1 162.5 172.3 178 181.5 184.7 188.2 191.6 194.7 196.9 197.8 197.7 197.4 195.3 192.8 190.1 186.3 181.7 165.6 143.1 142.8 163.4 178.9 184.9 186.8 187.9 189.1 189.8 190.1 190.3 190.5 189.9 188.9 186.9 183.3 179.2 175.1 176.9 177.8 177.7 179.4
229.7 228.3 227.1 226.8 227.8 227.6 227.5 226.6 225.2 223.1 219.3 218 214.6 210.6 206.7 202.3 198 193.6 190.8 189.8 189.1 186.1 182.8 185.1 180.3 175.5 173.6 169.4 166 167.4 173.4 176.9 174.2 166.6 154.1 138.4 120.9 138.8 154.9 162.4 170.6 177 182.1 185.7 189.4 193.1 195.4 196.9 197 196.1 194.9 192.5 188.4 185.7 177.3 168.9 152.4 133.1 150.7 172.2 182.9 187 189.5 190.8 192 192.6 192.9 193.1 193.2 192.5 191.4 189.1 185.9 182.7 179.4 180.3 182.1 182 182.6
229.1 228.2 226.2 225.1 223.4 224.3 225 224.4 223.2 218.8 217.1 213 208.8 205 200.9 197.2 194.5 192.6 193.7 193.7 193.5 193.8 187.4 185.3 187.7 188.4 187.7 188.2 188 186.2 185.4 183.6 181.6 174.5 163.2 147.3 123 127.4 152.9 159.5 167.6 174.6 180.1 184.7 189.7 193.4 195.7 196.7 196.8 195.4 193.4 191 186.6 180.6 173.1 161.5 142.4 132.9 156.8 179 185.9 189.1 191.4 193 194.5 195.3 195.6 195.7 195.4 194.7 192.8 190.7 188.4 185.9 183.1 183.3 185 186.2 186.6
228.5 227.9 227 224.9 222 219.3 218.9 219.7 217.2 213.5 208.8 206.5 202.8 200.6 199 198.2 197.3 196.9 196.5 196.9 196.6 195.1 193.3 193.2 192.6 192.9 193 194.1 193.2 191.4 188.9 186.2 182.4 178.2 168.7 155.5 131 119.6 143.4 155.7 163.4 170.7 177 183.6 188.1 192.4 194.6 195.3 196 194.8 192.6 190.3 186.2 181.8 175.3 165 146.7 130 158.3 183.8 187.7 190.7 193 194.7 196 197 197.7 197.9 197.4 196.5 194.9 193.3 191.1 188.8 186.7 186.1 187.2 188.8 190
228.2 228.4 227.6 226 224.8 221.7 217.9 215.8 212.9 211.2 210.1 208 206.6 203.6 203.8 202.9 201 200.9 200.1 199.8 199.2 197.5 197.2 196.8 196 196.8 196.8 196.4 195.4 194.2 191.3 187.6 182.9 177.8 170.6 159.3 140 119.7 134.5 151.4 159.7 168 174.8 181.1 186.2 190 192.3 193.8 194.6 194.4 193 191 187.9 182.9 170.1 157 138.2 130.3 159.7 184.1 188.5 191.2 193.7 195.7 197.1 197.9 198.8 199.1 198.9 198.2 196.7 195.2 193.4 191.8 189.9 189.1 189.5 191.1 192.5
228.1 227.9 227.5 226.3 225.1 223.7 221.1 218.1 216 215.1 213.7 211.5 208.6 207.1 206.7 206 204.7 204.4 202.9 202.3 201.3 200 199.7 199.7 199.8 199.5 199.3 198.6 197.3 195.5 192.8 188.3 182.6 177.5 170.4 160.2 138.2 117.5 129.8 148.3 155.5 165 172.7 178.8 184.7 187.8 190.1 192.1 193 192.9 192.2 190.2 186.7 178 157.8 135.7 123.2 142 168.3 183.9 188.7 191.4 193.9 195.9 197.5 198.7 199.5 199.8 199.4 198.8 197.9 197 195.9 194.6 193 191.8 192.2 193.4 194.2
227.5 227.4 227.2 226.5 225.6 224.6 222.9 221.2 219.5 217.6 215.6 213.3 211 210.2 210 209 207.7 206.5 205.2 204.6 203.7 202.6 202.4 202.5 202.5 202.2 201.8 200.6 199.2 197 194 189.2 182.7 176.7 170.6 158.9 134.8 115.9 124.6 141.1 151.1 161.4 170 177 182.2 185.3 188.3 190.3 191.1 191.2 190.4 187.4 180.7 165.7 147.6 127.1 135.7 160.6 178.1 183.8 188.3 191.3 193.5 195.5 197.5 198.6 199.4 199.9 200.1 199.7 199.4 199 197.8 196.5 195.3 194 193.8 194.6 195.3
226 226.3 226.4 226.3 225.9 225 224.1 222.8 221.5 219.2 217.3 215.4 213.8 212.8 212.6 211.5 210 208.3 207.8 207.1 206 205.1 204.9 204.6 204.4 204.6 203.4 202.1 200.7 198.1 194.6 189.9 182.9 176.5 168 146.8 132.1 116.5 120.3 135 147.5 158.1 168.4 175.5 180.3 183.5 186.2 187.7 188.5 188.1 184.4 176.2 165.3 151.1 136.7 117.9 153.1 172.2 178.4 183.6 187.7 190.7 193.2 195.4 197.1 198.6 199.5 200.4 201 200.6 200.6 200.2 199.1 198.4 197.1 195.6 194.9 195.3 195.5
224 224.2 224.7 225.2 225.5 224.8 224.7 223.9 222.5 220.8 219.1 217.6 216.2 215.2 214.7 213.6 211.9 210.8 210.4 209.5 208.2 207.8 207 206.3 205.7 205.7 204.8 203.5 201.7 198.8 195.1 189.3 182.5 173.2 153.1 134.7 124.2 116.7 116.6 133.1 146.2 157.4 168.1 174.6 178.7 182 183.8 184.8 184.6 179 167.4 155.7 144.5 131.4 119.7 133.3 155.5 170.2 177.4 183.2 187.2 190.1 192.8 194.9 196.7 198.6 199.7 200.7 201.6 201.7 201.7 201.2 200.3 200 198.7 197.2 196.2 196 196.1
221 221.9 222.4 223.5 224.3 225.1 225.3 224.6 223.9 222.4 220.8 219.7 218.5 218.1 216.5 215.1 213.6 213 212.1 211 209.8 208.8 207.6 207.1 206.5 206.1 205.1 203.9 201.3 198.3 193.7 188.1 182.7 164 141.5 127 138.2 126.7 113.8 135 150.4 159.6 169.2 175.4 179.3 180.7 181.5 179.6 170.6 158.3 146.2 132 120.2 115.9 134.7 155.3 169.9 174.6 179.3 183.8 187.3 190.3 193 195.5 197.6 199.4 200.7 201.7 202.6 203.2 203.1 202.4 201.3 200.9 199.9 198.5 197.4 197.3 197.2
218.2 219.3 220.2 221.8 223 224.8 225.3 225.8 224.9 223.8 222.4 221.7 220.6 219.6 218.1 216.6 215.3 214.9 213.7 211.9 210.6 209.3 208.1 207.4 206.3 205.2 204.2 203.1 199.9 196.2 191.4 186.9 177.6 153.8 134.5 151.6 155.6 123.2 117 139.9 154.9 166.4 173.2 177.1 179.1 178.9 176.8 165.8 152.4 136.6 123.3 112.2 126.6 144.6 160.2 176.4 179.9 180.7 182.7 186.1 188.9 191.3 193.8 196.2 198.5 200.3 201.7 202.6 203.1 203.3 202.9 202.4 201.8 200.8 199.4 198.3 197.8 197.2 196.6
214.4 215.8 217.7 219.8 221.6 223.8 225.3 226.3 226.1 225.1 224.4 222.8 222.2 220.9 219.5 218 216.6 215.3 214.1 212.6 211 209.8 207.8 205.9 204.8 204.1 202.7 201 198.1 194.5 191.3 178 157.7 141.6 144 163.8 144.6 112.1 117.7 138.7 156.1 168.9 176.7 179.3 180 176.8 162.2 145.2 127.7 115.3 112.3 133.1 151.5 166.4 178.7 180.7 182.2 183.8 185.7 188.4 190.3 192.4 194.6 197 199.2 200.5 201.8 202.3 202.8 203.1 202.6 202.1 201.4 200.3 198.8 197.7 196.6 195.5 195.2
210.7 212.1 214.6 216.9 220.1 222.4 224.7 225.9 226.3 226 225.3 224.1 222.7 221.4 221.2 219.3 217.5 216.1 213.9 211.7 209.6 208 206.1 204.3 202.8 201.4 199.9 198.1 195.6 188.9 171.9 154.2 144.1 144.5 162.5 169 143 112.9 117.6 138 155.7 170.4 178.5 180.1 179.9 165.1 144 121.2 109.4 117.2 135 154.4 173.1 177.9 180.4 182.1 183.6 185.6 187.9 189.8 191.6 193.3 195.3 197.3 199.1 200.3 201.4 202 202.2 202 201.5 201.2 200.2 199.1 197.7 196.2 194.4 193.4 192.5
209.3 208.4 211.7 215 218.2 221.2 223.4 224.8 225.9 226.1 225.7 225.1 223.7 222.6 221.2 220.1 218.1 215.7 213 210.9 208.3 205.7 203.4 200.7 197.6 196.3 195.9 194 189.4 173.3 154.4 146.9 158.1 167.8 177.3 178.4 162.8 136.7 108 127.7 148.8 166 177.3 179.5 174.4 151 122.4 105.7 123.1 142.7 161.7 173.2 176.7 179.2 181.1 183 185.2 187.1 189.1 191 192.6 194.2 195.6 197.2 198.3 199.8 200.6 201.2 200.7 200.4 199.8 199.5 198.3 196.8 195.4 193.7 192.2 190.7 188.5
208.8 206.6 208 212.2 216.1 219.8 222 223.7 224.2 225.5 226.2 225.3 224.3 222.7 221.4 220.3 217.6 214.8 212.1 209.1 205.6 201.7 199.5 189.8 184.8 180.9 181.7 183.7 174.9 159.1 159.3 169.6 176.5 183.6 186.6 188.9 177.9 152.7 121.5 113.7 136.2 157.4 172 175.3 159.7 130.3 105.3 119.1 144.9 164.7 169.8 173.5 176.7 179.1 181.4 183.6 185.7 187.8 190.1 191.5 192.8 194.3 195.3 196.6 198.1 199.2 199.9 199.9 199.2 198.1 197.2 196.3 195.4 194.2 192.7 191.1 189.2 187.1 183.8
209.7 205.9 205.7 209 213.7 216.7 219.7 222.3 223.4 224.7 224.9 224.9 224.2 222.7 221.3 219.5 217.2 214 211 207.5 203.3 199.1 194.3 191.1 185.6 179.1 168.3 167.6 159.1 171.7 181.3 186.4 190.1 192.1 194.6 195.8 192.8 168.8 137.4 106.2 117.1 137.7 154.8 161 139.4 114.2 103.8 129.2 153.8 164.2 169.2 172.9 176.4 178.9 181.2 183.5 185.9 188 189.7 191.3 192.8 194.2 195.6 196.7 197.7 198.2 198.5 197.7 196.3 194.6 193.7 192.7 191.5 190.2 188.6 187.3 185.7 183.7 180.4
210.9 207.2 202.9 205 208.2 213.3 216.8 219.4 221.1 222.4 223.7 224.5 223.7 222.5 221.2 220.5 217.5 214.7 211.8 208.5 205.5 202.1 198.5 193.6 188.5 182.1 171.2 165.8 179.2 188.5 192.6 195 196.9 197.4 198.9 198.5 197.7 182.6 151.1 121.3 102.6 113.2 130 137.6 117.3 100 114.2 137.3 156.9 163.7 168.1 172 175.2 177.9 180.7 183.2 185.5 187.5 189.3 191 192.7 194 195.3 197 197.7 196.9 196.2 195.1 193.1 190.7 187.5 187.4 186 185.2 183.7 182.7 181.6 179.2 176.7
210.6 206.4 203.1 201.5 203.2 206.1 212.2 216.3 218.2 219.9 222.4 222.9 222.9 222.3 221.3 219.9 218.1 216.6 213.2 210.4 206.9 203 199.1 194.4 188.5 180.9 168.5 177.1 189.6 196.2 200.5 201.5 202.3 201.7 201.8 200.2 198.5 195.1 170.5 143.3 118.7 99.4 103.8 114.3 98.7 102.4 120.8 143.4 157 162.5 166.8 170.2 174 176.7 179.8 182.2 184.4 186.8 188.9 190.4 192.3 193.7 195 196.5 197 196.4 195.6 193.6 189.2 185.5 182.4 180.2 180.1 179.7 178.6 178.1 178.3 176.2 158.9
210.4 206.4 204.6 202.8 198.5 200.6 205.8 210.9 214.9 217.3 220 221.6 221.8 221.8 221.1 219.9 218.3 216.8 214.3 211 206.8 203.4 199.4 194.3 186.6 173.8 175.6 188.7 196.2 201.8 205 206.2 205.9 204.8 203.6 201.6 198.9 195.1 187.4 167.1 142.2 116.9 100.1 97.1 97.7 106.7 121.6 142.4 154.7 160.5 164.9 168.6 172.5 175.5 178.6 181 183.5 185.4 187.5 189.5 191.4 193.1 194.6 195.9 195.7 195.4 194.3 192.2 187.3 173.3 174.1 174.5 174.9 173.9 173.6 173.5 174.3 159 143.3
211.2 208.7 206.7 204.3 201.4 196.8 198.9 207.2 211.5 215.2 218.4 221.2 221.4 221.7 220.9 220.2 218.6 216.6 214 210.8 206.5 202.3 198.5 192.9 182.1 177.8 185.9 195.3 201.7 206.2 208.4 208.6 207.7 206.2 204.3 202.1 198 193.8 188.5 179.4 162.5 138.7 117.1 97.9 95.1 99.5 111.8 130 149.8 156.4 162 166.6 170.3 173.6 177 179.4 182.1 184.4 186.6 188.6 190.6 192.2 193.8 194.2 194.3 193.8 192.6 190.5 187.5 183.1 170.4 159.8 153.2 160.7 162.9 165.7 166 148.1 143.5
212.3 209.9 206.7 204 202 199.7 192.6 198.8 206.9 212.2 217 219.8 221.3 221.4 220.9 219.7 218.3 216.1 213.7 209.6 205.2 200.7 195.6 187.2 180.1 186.5 196.1 201.3 205.9 208.8 210 209.6 208.6 206.8 204.6 201.8 198.1 193.4 187.3 180.8 170.9 159 139 117.9 97.3 95.3 100.1 110.2 130.5 155.5 164.1 167.8 171.4 173.5 176.1 178.5 181.2 183.6 186 188.1 190 191.7 192.6 193 192.9 192 190.9 188.9 186.7 184.1 179.4 174.6 161.1 148 150 155.7 158.7 137.7 150
212.9 210.2 206.6 203.6 200 196.4 192.5 193.3 202.3 208.8 215.1 218.4 220 220.5 220 218.8 216.8 214.5 210.9 206.9 202.2 196.1 190 184.3 189.7 196.8 200.6 203.9 207.3 209.3 210.1 209.4 208.4 206.6 204.3 201.4 197.6 192.6 186.6 180.2 173.1 165.1 154.1 132.1 107.3 94 99 121.1 142.8 159.6 164.8 169.6 173.4 175.3 177.2 179.1 181.7 184 186 188 189.6 190.8 191.8 192 191.4 190.6 189.1 187 185.5 183.8 182.2 179 173.2 161.3 142.3 148.3 138.7 140.3 157.1
213.7 210.5 206.9 203.1 199.5 196.4 192.4 188 198.4 205.5 211 216.1 218.3 219 218.2 216.5 214 211.5 208.4 204.2 199 193.7 187.2 189.2 195.3 199.4 202.7 205.6 207.7 209.3 209.7 209.2 207.6 206 203.7 200.6 196.8 190.8 185.1 179.5 173.2 166.3 158.8 139.4 114 93.6 94.8 116.9 142 159.4 165.2 170.3 173.9 176 178.3 180.2 182.4 184.6 186.7 188.4 189.9 190.8 191.7 191.8 190.1 189.1 187.2 185 183.3 183 182.1 178.8 173.6 166.8 150 135 132.9 151.5 165.6
214.5 211 207.3 204 201.6 198.7 194.8 187.8 194.1 202.6 207.2 212.5 215.3 216.1 215.8 214 211.7 209.3 206.4 202 197.2 191.8 191.3 193.7 197.7 201.5 204.1 206 208 208.9 209.3 208.5 206.9 205.1 202.8 199.9 195.9 189.9 183.2 177.5 170.8 165 158.5 143.1 116.1 95.2 93.6 113.9 141.5 158.9 165 169.9 173.3 176.1 178.9 181.1 183.8 186 188.2 189.4 190.4 191.2 191.6 191.1 190 188.2 185.9 181.2 180.8 181.8 180.2 176.7 172.4 166.1 145.5 127.9 139.9 158.3 164.2
215.5 212.5 209.2 206.1 203.2 200.1 196.7 190.5 183.9 198.7 205.3 209.8 212.5 213.4 212.9 211.3 210.2 207.8 204.7 200 195.1 193.4 195.6 197.8 200.8 203.2 204.5 205.9 207.2 207.9 207.7 206.4 205 203.2 201.4 198.2 194.2 188 181 174 167.6 162.4 155 141.4 112.2 94.3 93.2 115.4 144.1 158.8 164.3 168.9 172.4 175.9 179.1 182 185 186.9 188.7 189.9 190.8 191.3 191.7 190.8 189.6 188.1 184.2 178.1 176.3 177.9 176.4 173.3 166.7 149.7 131.2 130 137.4 142.8 153.3
216.5 214 211.2 208.6 205.7 203 200.3 196 186.7 189.9 202.4 207.1 209.7 210.8 210.3 209.6 207.9 206.4 203.8 199.7 196.3 197.4 199.5 201.4 203.1 204.1 204.7 205.6 206.5 206.1 205.8 204.8 203.1 201.2 199.4 195.5 190.9 184.5 178.9 172.6 166.5 153.2 132.5 125.7 107.8 92 92.7 116.8 145.1 157.8 163 167.7 171.2 174.7 178.1 181.2 183.8 186.5 188.5 189.9 191.1 191.7 191.7 190.7 189.4 187.8 183.3 173 166 171.6 170.3 165.4 146.2 129.1 122.7 126.2 129.6 133.3 139.6
218.8 216.3 213.1 210.9 208.3 205.8 203.7 200.6 192.3 183.2 199.2 203.9 206.3 207 207.5 207.6 207.2 205.5 203.4 201 200.3 202.1 202.2 203.5 204.3 204.5 204.9 205.2 204.5 204.1 203.6 203 200.4 198.8 195.5 191.6 186.2 180.4 175.3 169.3 163.3 156.4 139.5 112.1 99.4 91.4 92.9 118.6 147.5 156.7 161.8 166.5 170.1 173.6 176.8 179.9 182.1 184.7 186.9 189 190.6 190.8 190.5 190.1 188.9 186.5 182.3 170.7 150.1 156.7 160.4 149.4 129.6 123.5 133.3 145.3 154.2 156.1 159.5
