Game/Highland_Data/StreamingAssets/GeoData/Data/sn/SN24.asc
ncols 200
nrows 200
xllcorner 220000
yllcorner 240000
cellsize 50
[rows 144 to 179 of 200, columns 82 to 163 of 200]
7.1 4.8 7.9 8.5 8.4 17 39 63.4 86.6 96.5 99.5 100 99.2 95.6 83 68.6 59.7 75.4 80.3 83.3 86.5 89.7 92.2 94.6 97 98.8 100.2 101.8 103.7 104.1 103.7 101.2 85.4 55.6 30.8 12.1 17.4 22.7 27.8 45.6 62.5 73.3 80.5 86.7 92.1 95.9 98.9 101.1 100.4 96 84.3 68.7 57.7 55.2 53.2 47.8 56.8 58.1 57.6 57.3 58.7 61.1 62.9 63.4 64.5 64 64.8 64.6 63.1 62.4 61.2 56.8 61 63.4 62.9 61.6 63 64.1 67 74.9 95.6 107.3
7.1 4.8 7.7 7.8 7.6 7.7 28.9 53.9 80.1 92.5 97.4 98.4 95.9 89.6 75.4 60.2 59.7 71.1 77 80.8 84.1 87.4 90.1 93.3 95.6 97.9 99.3 100.9 102.8 102.8 102.2 98.5 77.6 51.7 27.1 11.7 19.5 24.4 36.2 52 66.3 75.6 82.8 88.3 93.3 97 100.1 101.8 99.8 90.6 74.5 60.2 53.9 50.5 49.9 53 54.8 54.9 55.5 56.1 59.1 60.8 62.4 62.1 62.5 62.5 62.3 61.9 60.9 59.1 58 53.9 59.3 61.6 61.5 59.6 60.7 60.3 62.4 68.1 88.9 103.9
7.8 4.9 7.6 7.6 7.6 7.4 20.1 43.8 68 83 92 93.9 91.1 84.3 68.5 53.9 54.5 67.2 72.7 77.4 80.9 84.5 88 91.4 94.2 96.5 98.4 99.9 102.1 101.9 100.7 95.2 75.4 49.8 24.5 11.9 15.4 20.6 38.1 54.9 68.1 77.5 85 90 94.6 98.1 101.1 101.7 95.3 83.7 66.2 52.5 50.5 47.3 48.1 50.9 52.3 53 54.4 55.8 59.3 60.8 61.6 62.4 62.7 61.3 60.1 60.3 59.8 58.1 54.7 54 57.5 59 58.8 57.4 57.7 56.6 58.9 65.3 81.3 99.3
7.8 6.9 4.7 7.5 7.8 7.9 10.2 35.9 59.3 75.7 83 86.6 85.2 79.4 63.2 49.5 49.8 63.6 69.6 73.7 77.6 81.2 85 88.8 92.4 95.1 97.6 99.5 101.4 101.3 98.8 94.4 72.6 48.3 26.2 9.9 11.2 21.6 38.6 55 68.1 78.3 85.8 91.1 95.5 99.1 101.3 100.7 92.4 72.9 56.4 49.9 48.7 42 48.2 50.8 51.4 52.2 55.1 56 59 61.2 62.5 63.1 62.5 60.9 59.7 58.8 58.3 55.5 52.5 49.9 54.4 55.6 55 54.8 54.8 53.1 55.8 61.6 73.9 90.8
8 7.7 4.8 8.1 8.1 7.8 7.2 27 51.2 66.7 77.8 81.1 80.4 76.6 63.7 44.2 46.6 59.6 65.1 69.7 74.1 77.7 82.3 86.6 89.9 93.6 96.6 99.1 100.8 100.2 97.8 90.3 70 46.9 24.8 10.6 10.8 21.1 37.3 53.2 67.3 77.1 84.2 90 94.4 98.6 100.5 98.4 83.2 63.2 48.4 46.8 41.9 46.5 49.1 51.2 51.3 52.6 54 56.8 57.7 59.6 61.7 63.2 61.7 60.3 59.1 57.7 56.2 56.1 53.8 45.7 51.3 51.4 51.8 52.9 52.2 51.2 51.9 56.9 68.1 81.4
7.1 6.7 4.9 7.9 8.2 7.8 7.9 15.6 41 56.3 66.8 73.8 75.6 72.8 62.9 39.7 43.4 54.6 60.5 65.7 69.9 74.1 79.6 83.8 87.9 92.3 96.2 98.7 100.2 98.9 92.5 81.6 65.2 46.8 21.6 10.6 11.4 18.5 34.3 49 62.9 72.7 79.4 84.6 88.2 91.9 90.6 85.8 71.2 51 46.4 40.1 42.1 46.3 48 49.1 50.1 52.1 53 54.7 54.6 60 62.6 63.5 62.4 60.8 58.9 55.5 57 54.9 51.9 46.3 47.5 49 49.8 49.9 49.9 48.7 49.9 50.8 61.9 64.4
11.5 8.8 5.9 7.8 8.5 7.9 8.1 9.5 32.2 48.9 59.3 65.9 69.5 68.5 59.4 37.4 40.5 49.6 57 62.9 67.4 72.2 77.1 81.8 86.4 91 95 97.9 97.2 84.6 66.9 55.7 49.3 40.8 19.6 10.6 10.5 16 30.6 44.2 56.2 64.1 69.6 74.6 79.3 82 82.9 78.1 58 44.7 41 41.1 44.7 46 47.4 48.5 49.4 49.8 51.6 52.8 57.3 61.2 66.1 67.4 65.7 64 62.3 59.2 53.8 52.5 49 45 43.3 44.1 47 48.3 47.4 44.8 45.8 46 50.8 54.8
19.2 11 7.8 4.7 8 8 8.3 8.4 23.6 39.6 53.5 60.4 63.7 62.4 50.6 32.2 38.2 47.1 54.5 60.7 66.3 68.3 74.6 79.4 84.3 88.8 92.8 95.1 82.9 59.2 35.5 21.2 15.1 15.5 14.9 11.4 11.2 13.5 26 37.5 49.2 58 64.2 69.4 74.5 78.1 79.7 68.6 49.8 42.1 36.6 44.3 44.8 44.8 46.2 47 47.4 46.7 52 55.4 68.5 83.2 87 82.8 75.7 72.3 67.5 65.1 60 52.9 46.3 40.2 42.2 41.2 44.9 44.2 42.5 43.1 42.3 43.4 48.3 49.9
28.7 17.7 8.9 7.6 7.8 7.9 8.3 8.7 15.6 36 48.1 55.5 54.8 45.8 34.6 31 36.3 45.1 52.5 59.3 64.5 68.2 72.6 76.9 81.3 84.9 86.8 85.9 61.8 24.6 11.5 10.6 10.8 10.8 10.8 10.7 10.7 11.6 19.6 31.2 43.8 54.5 60.7 66 71.8 77 79.5 63.6 43.9 40.4 38.9 41.9 41.6 42.1 43.4 44.5 43.2 48.7 54.8 72.5 89.4 91.7 93 91.9 91.4 88.7 85.4 78.5 72.5 64.1 44.6 38.6 41.5 39.5 42 40.5 40.2 41.9 40.2 43.5 42.6 43.7
36 25.3 11.8 7.2 4.7 7.9 8.4 8.7 13.3 31.2 40.9 39.8 32.9 25.9 26.1 31.6 36.4 43.8 51.7 59.5 64.1 67.8 71.6 75 78.4 80.2 81.6 79.6 41.7 10.1 10.3 10.6 9.9 10.5 8.4 8.4 10.8 11.2 14.9 27.1 37.6 48.8 56.5 64.3 70.4 76.3 79.9 59.1 41.5 38.7 37.5 38.8 39 39.7 39.6 39.1 44.8 53.8 72.9 85.4 90.2 92.9 94.9 95.8 95.8 94.8 93.2 90.7 85.9 59.4 39.5 34.4 38.6 38 39.1 36.2 39.1 40.1 37.7 36.5 39.5 43.5
40.8 33 19.9 7.5 4.9 8.1 8.8 9.1 9.5 25 30.5 24.3 20.9 23.2 28.4 33.6 40.9 46.9 54.4 60 64.6 68.4 71.9 74.2 75.9 77.7 77.8 73.3 30.7 10 9.8 10.3 8.4 9.1 11.7 11.5 10.3 11 13.8 21 30.6 42.9 54.2 62.9 69.7 75.8 78.5 57.2 39.8 35.8 37.6 35.6 37.8 39.2 36.2 41.1 48.5 69.9 81.2 86.1 89.5 92.6 95.5 97.5 97.3 96.4 95.2 93 78.9 45.7 35.1 37 37.2 31.7 33.6 37 37.2 37.9 33.3 36 43.6 46.8
44.8 39.1 27.3 8.8 5 7.8 8.6 9.5 10.7 19.5 16.4 16.5 21.6 26.1 32.8 40.4 48.4 53.4 58.1 61.8 65.3 68.9 71.8 73.9 75.3 76.3 75.8 67.8 29.1 9.4 9.7 9.9 8.4 12.4 13.2 11.6 10.6 12 16.3 17.9 24.8 38.2 51.7 62 68 71.4 69.8 53 37.8 35.9 32.4 33.8 36.3 35 37.6 42.1 54.4 70 80.6 85.4 88.8 91.9 94.5 96.2 96 95.9 95.4 93 73.6 40.2 33.3 34.4 35.2 31.1 35.3 36 33.7 29.9 31.3 38.5 42.9 45.6
47.7 42.3 33 14.3 4.9 7.1 8.7 9.7 10.6 13.3 14.3 19.7 27.1 32.7 39.8 47.2 52.6 56.8 60.5 63.5 66.5 69.6 71.6 73.4 74.8 75.3 74.2 62.4 31.1 9.6 8.9 8.4 12.4 14.8 13.9 11 10.8 12.8 15.7 17 20.6 32.2 47.7 57 60.3 61.4 62.1 51.7 36.8 36.1 28 29.4 32.8 33.5 37.1 41.7 54.6 69.5 79.8 85.4 88.5 91.1 92.6 93.9 94.6 94.6 94.4 91.3 69.2 39.8 31.8 32.2 30 31.8 33.2 31.5 27.1 32.5 37.7 40.9 43 43.7
50 44.9 36.6 22 5 7.6 8.9 9.7 10.3 12.8 18.9 26.3 32.7 39.9 46.8 52.1 56.2 59.4 62.5 65.1 67.5 69.8 71.4 73.2 74.3 74.5 72.1 55.8 29.9 9.5 8.4 12.1 13.7 14.5 14.3 11.6 8.4 13.5 14.8 16.1 18 25.6 39.7 46 49.1 50.4 51.4 43.8 36.1 34.3 31.8 28.2 32.7 33.8 36.5 40.8 55.5 69.5 79.8 85.4 88.4 90.4 91.9 92.1 92.5 92.7 92.6 89.9 64.1 39.2 31.1 23.8 31.7 30 28.2 24.2 31.6 36.4 38 39.4 38.6 38.2
51.5 46.4 38.6 24.8 7.9 7.8 8.4 9 9.5 12.8 25.9 33 39.2 45.4 50.3 54.8 58.4 61.2 63.8 66.4 68.4 69.7 71.1 72.2 72.8 71.8 65.8 43.1 21 8.4 10.6 12.1 12.7 13.9 16.4 12.4 8.4 13.4 14.7 15.7 17.1 19.7 28.3 34 37.8 38.9 40 34.3 34.4 33.3 28.5 27.7 31.2 34.1 36 41.2 56.8 69.4 79 84.6 87.6 89 89.9 90.4 90.5 90.4 89.9 86.1 59.2 37.2 31.3 25.3 29.1 27.6 23.2 30.2 33 34.8 36.5 32.3 31.1 32.9
52.6 47.3 39.4 29 9.4 7 8.2 8.9 9.3 9.4 27.5 38.5 44.4 49.1 53.4 57.4 59.7 62.1 65.1 66.7 67.8 68.2 68.6 68.7 68.8 65.9 51.7 31.9 14.2 8.5 10.9 11.1 11.8 16.8 25.7 14 8.4 12.6 13.3 15.2 16.4 17.6 20.2 25.6 28.9 31.2 31.7 32.9 33.1 24.7 23.8 30.7 32.6 32.9 35.3 41.4 56.7 69.5 78 82.3 85.5 87.1 87.3 88.3 88.4 87.7 86.4 77 54.5 35.1 29.7 24.2 27.1 22.7 27.1 28.5 30.6 30.1 25.6 31.6 34.5 38.6
55.1 49.6 43.3 34.6 14.9 6.2 7.9 8.8 9 8.9 22.1 38.9 47.3 52.5 56 58.6 60.9 62.9 64.5 65.4 66.5 66.4 65.9 65.6 63.9 57 38.2 20.3 12.6 9.8 10.3 10.5 10.7 22.9 38 18.5 8.4 13.7 14.3 13.7 14.6 16.7 18.3 20.5 23.6 25.5 28.4 28.7 29.3 22 30.3 30.9 32.3 30.6 35.1 41.1 55.7 67.9 76.4 80.6 82.3 83.4 84.2 85.3 85.9 84.7 82.9 73.9 54.2 33.8 29.8 26.3 20.9 21.6 25.1 24.9 24.7 28.5 33.6 36.4 39.7 45.1
58 53.6 48.5 38.7 20.4 6.3 8.1 8 8.8 8.9 14.5 34.9 47.1 54 57.4 59.2 61.2 62.3 63.1 63.9 64.6 64.1 63.5 63 59.3 42.9 21.4 13.6 12.1 9.9 10.1 10.1 10.6 27.5 44.5 23.2 11 13.3 14.3 14 14.2 14.9 16.4 19 20.9 24.7 27.5 25.9 23.6 25.6 29.1 30.5 28.4 32 33.4 40.8 53.5 65.2 74.3 78.6 79.8 80.9 81.6 81.9 82.2 81.4 78.8 72.2 54.4 33 29.1 27 23.9 20.5 21.3 22.3 25.7 30 34.2 40.6 45.8 51.6
61.1 57 52.3 31.1 28 6.2 7.7 8 8.7 9.3 11.1 29.5 45.4 53 57.3 59.2 60.6 61.9 62 62.8 62.7 62 61.5 59.8 45.4 27.4 13.6 12.5 12.1 9.3 9.6 9.7 10 25.3 47.4 28.1 10.9 13.9 14.3 14.3 14.4 14.6 15.3 17.4 20.5 22.4 21.3 21.5 20.9 22.6 26.8 24.8 29.5 30.7 30.7 38.6 49.7 59.1 66.6 72.8 75.8 77.5 78.8 78.9 78.8 77.8 74.7 69.7 54.1 32.4 25 23.8 19.4 19.1 20.4 24.3 30.3 33.9 39 44.2 49 53.8
64.3 60.1 46.6 49.2 35.9 10.8 8.4 7.9 7.8 7.8 9.2 21.1 39.3 50.3 56 58.7 60.3 60.6 60.8 61.1 60.8 59.6 57.5 49.4 31.8 16.9 10.5 11.3 11.6 8 9.6 9.8 10 26.4 50.9 32.1 8.9 13.5 14.5 14.6 14.4 14.6 15.1 15.7 16.2 16.5 17.3 19 18.6 19 20.3 22 25.1 26.1 27.2 36.1 46.2 53.4 59.8 64 67.8 71.3 73.4 74.6 74.8 73.9 72.4 67.7 55.7 32.1 20.1 18.2 17.8 18.4 20.1 25.2 31 36.1 41.4 45.6 50.9 56
65.9 58.7 57.1 54.6 41.7 16.7 6.2 8.1 7.9 7.9 8.3 13.3 32.7 45 53.5 56.5 56.6 57.2 60 59 56.9 55.4 52.1 38.4 21.4 10 9.9 10.5 11 10.8 7.9 7.9 9.7 30.3 55.9 39.9 8.9 14.3 14.8 14.7 14.5 14.5 14.8 15.2 15.7 16.3 16.8 17.3 17.4 17.7 18 17.6 19.5 22.4 25.5 33.3 41.5 48.8 54.8 59.5 62.8 65.5 68.1 70.3 71.1 71.4 70.2 66.9 58.7 34.8 18.1 17.3 17.4 18 18.6 22.3 29.7 36.2 41 46.3 51 55.7
67.1 62.1 61.6 56.6 45.6 23.5 6.3 8.2 7.9 8.3 8.7 9.8 25.6 39 48.1 52.4 54.7 56.3 56.6 55.6 53.8 52.5 47.4 31.2 14.1 9.3 9.4 10.2 10 10.2 10.4 8.2 7.9 37.7 59.3 51.7 12.7 13.2 14.8 14.7 14.7 14.8 15 15.3 15.6 16 16.4 16.8 15.1 17 16.9 17 17.2 19.4 24 30 37.7 44.4 50.2 55.4 58.5 61.3 64 66.3 66.3 66.7 56.3 38.4 20 15.4 15.4 17.7 18 18.1 18.2 20.7 25.8 32.6 39 44.1 48.9 53.5
68.4 66.5 62.3 56.9 48 28.1 8.3 8.5 7.9 8.4 8.6 9.4 16.2 35.1 43.9 49.4 52.3 53.6 53.3 53.2 52.4 50.4 39.3 21.8 10 8.4 8.6 9.3 9.9 10.1 10 9.9 7.9 44.9 63 60 32.5 9.5 14.4 14.9 15 15.1 15.1 15.3 15.5 15.9 15.8 15.7 11.8 13.1 12.7 13.5 16.4 16.5 21.5 25.5 32.7 39.3 45.6 49.7 53.6 56.6 59.2 54 38.4 17.3 15.4 16.2 23.8 30.8 23.7 15.4 18.2 18.3 18.1 19.1 20.9 27.7 34.5 41.1 46.2 51.7
71.3 67.9 63.1 55.5 40.4 23.7 11 7 7.7 8.3 8.8 9.3 11.5 27.8 39 46 50 51.2 51.6 51.7 47.5 40.3 27.9 14 8.5 8.8 9.2 9.7 9.9 9.8 9.8 8 24.1 53.5 67.4 66.8 44.5 14.3 11.5 14.7 15.1 15.1 15.3 15.4 15.5 15.6 12.7 9.6 9.6 11.8 12.4 12.3 9.5 13.2 16.5 18.6 16.5 15.5 19.1 19 23.5 33.3 35.9 15.1 15.5 27.9 41 49.7 56.9 60 44.2 18.9 15.8 18.4 18.6 18.4 18.8 22.3 29.1 37.8 44 50.8
73 69.1 64 53.9 44.9 37.8 20.5 6.2 8.3 7.9 9.1 9.6 9.8 10.7 26.2 35.2 45.7 49.2 47.8 41.9 34.8 26.3 15.8 7.7 8.4 8.8 9.1 9.7 9.5 9.5 9.6 8.4 37.8 62.5 72.8 71 61.9 42.8 13.4 12.5 14.8 15.2 15.4 15.4 15.5 13 11.1 12 13 13.2 13.6 14.1 13.5 11.7 9.6 9.6 12.3 15.9 15.1 18.5 18.3 15.9 17.8 27.6 48.9 60.9 65.2 66.9 67 64.5 56 33.1 17.4 15.4 18.4 18.7 18.7 19.4 23.2 32.8 41.2 47.6
74.5 70.5 65.9 60.1 54.1 44.9 26.4 10.2 8.7 8.7 9.5 9.9 9.9 9.8 10.7 11.8 18.1 21.2 21.1 20.6 13.9 11.8 8.4 8.1 8.8 9.6 9.5 9.4 9.1 9.3 7.8 24.7 50.2 72.3 77.2 75 69.5 59.3 32.8 13.7 9.6 12.6 13.6 15.3 12.6 9.6 12 13.1 13.9 14.1 14.9 15.6 16.3 15.7 12.8 15.8 18.8 23.4 32 37.9 44.7 48.9 53.4 57.7 60.6 63.5 65.2 66.7 67.1 65.4 60.7 44.2 26.2 18.8 15.4 18.1 18.6 18.6 19.8 22.6 32.3 41.7
75.9 72.2 68.2 63.7 58.3 50.2 37.7 17.3 6.2 8.4 8.9 6.3 6.3 8.8 8.7 8.5 8.4 8.4 8.6 9.3 8.7 6.9 8.6 8.4 9.1 7.7 7.6 7.7 7.7 7.8 20.5 45.3 68.9 78.3 79.7 78.4 73.4 63.8 45.7 23.1 15.7 11.2 9.6 9.6 9.6 11.8 13 14 14.8 15.5 22.5 31.3 27.8 19.6 19.2 21 23.2 26 27.1 35.1 42.1 47.4 52.2 55.9 58.9 61.8 64.5 66.7 67.5 67.4 67.1 63 48.8 32.6 19.6 15.4 18.2 18.7 18.9 19.6 21.1 24.5
77.3 73.8 69.8 65.9 60.9 54.4 45.3 28.3 11.3 7.9 7.9 8.5 8 8.2 8.5 8.8 9.2 9.4 8.5 8.5 8.5 8.5 8.2 9.1 7 9.5 8 8.4 9.6 19.3 41.9 68.1 79 81.5 82.2 81.4 76.8 67.4 51.1 32.8 24.1 16.7 11.5 15.2 19.2 17.8 14.5 15.8 19.9 35.7 41.1 42.3 38.4 27.7 23.9 22.5 29.2 27.3 26 31.2 37.8 44.2 49.9 54.8 58.3 61.4 64 67.1 68.8 70.3 71 71 66.5 55.9 40.2 21.8 15.4 18 18.8 18.9 19 17.7
78.3 75.2 71.8 68.1 62.8 55.4 44 31.1 19 7.7 8.5 8.7 8.7 8.9 9 9.1 9.4 9.7 8.6 8.4 8.5 8.6 6.9 6.9 8 8.8 8.7 10.8 19 43.4 67.7 77.5 81.3 83.1 83 81 76.5 68.3 56.8 37.5 28.8 19 16.5 18.4 23 28.6 34.8 37 42.8 44.6 47.3 48.2 46.4 41.6 32.5 28.7 26.5 28.9 27.8 28.2 35.2 41.4 47.5 53.1 56.9 60.2 63.2 67.3 69.7 71.6 73.1 74.6 75 70.8 60.9 45.9 22.8 15.4 17.9 14.5 17.1 17.9
79.5 76.6 73 67.2 54.3 42.6 32.6 23.1 12.3 8.2 6.5 8.1 7.2 8.9 9 9 9.4 9.3 8.4 8.7 8.9 9.5 9.3 10.1 8.5 8.2 9.3 21.7 46.4 66.9 73.8 77.6 80.6 80.5 80.4 77.6 75.1 68.7 60 46 30.9 22.4 20.6 16.4 23.9 29.9 37.3 43 47.1 49.9 51.9 53.3 53 51.1 43.9 36.2 31.1 29.8 30.1 30.1 30.7 37.6 43 48.7 54.4 58.9 62.2 66 69.1 70.7 72.7 74.2 74.5 74.3 68.8 61.1 51 27.1 17.1 17.5 17.9 18.1
80.4 76 66 53.1 41.3 30.2 19.7 13.1 9.4 8.7 10.3 9 7.4 8.8 8.9 9.1 9.4 9.1 8.5 9.1 9.4 9.6 9.3 9.4 9.1 10.2 27.7 49.8 65.5 71.1 73.7 76.5 78.5 78.7 77.4 75.6 73.1 68.8 62.3 53.1 36.1 25.1 23.4 18.3 24.2 30.5 38.2 46.1 51 54.3 56.2 57.1 57.2 56.6 53.5 47.4 38 32.7 32.4 32.4 30.9 33 38.8 44.3 49.7 55.1 60.3 63.9 67.3 69.7 71.1 72.3 72.7 71.7 68.3 63.4 57.9 48.5 26.9 17.5 17.9 18.2
77.5 64.7 50.4 37.4 25.4 13.9 11.9 12.8 14.2 16.4 13.8 10.2 9.1 8.4 8.9 9 9.3 9.1 8.6 9 9 9.6 8.9 11.2 22.4 38.6 55.6 63.1 67.3 70.6 74.8 78.5 79.4 79.3 77 74.2 71.8 69.1 63.5 56.4 44.8 28.6 25.6 19.4 27.7 32 39.5 48.5 55.1 58.5 59.9 60.5 60.6 60.1 58.2 53.7 44 36.6 34.9 34.9 35.1 31.8 36.5 40.8 44.9 49.2 54.4 60.5 64.8 67.5 69.4 70.7 70.1 68.3 65.5 61.7 57.6 50 40.3 25.8 18.5 18.6
65.7 49.7 34 18.1 16.7 19.5 19.1 22.5 24.5 23.2 18.9 13.1 9.8 9.7 9 9.2 8.9 8.8 9.6 9.7 11.7 18.8 29.5 39.2 49.6 55.5 60.5 64 68.2 72.9 77.6 81.7 83 80.9 76.9 73 70.6 67.9 63.7 57.7 47.6 32.9 28.2 20.1 31 35.2 41.2 50.9 57.4 61.6 62.2 62.9 63.3 62.5 61 57.9 51.7 42.8 40.4 38 37.5 34.7 32.4 37.9 41 44.8 50.2 56.2 61.6 65.1 67.3 67.9 66.6 64.5 61.8 58.9 54.4 48.8 42.7 36 22.5 18.8
51 34.8 19.4 20.8 22.8 26.2 31.7 35.1 35.2 31.5 26.6 17.9 13.2 9.7 9.1 9.4 7.8 14.7 22.8 30.7 38.8 44 46.9 51.3 54.8 58.3 62.6 66.1 69.8 74.9 79.8 84 85.2 81.9 77.7 73.1 69.4 67.5 63.9 58.6 50.6 37.3 29.4 25.1 33.4 38.7 44.6 52.3 58.3 61.6 63.3 64.4 64.9 64.8 63 60.5 56.9 54.1 49 43.9 40.4 37.6 35.7 37.2 41.1 46.2 51.6 56.6 60.3 62.9 62.4 62.8 61.8 60.3 58.9 55.8 52.7 48.4 43.2 36.9 25.5 20.5
36.5 22.2 24.8 26.7 35.7 41.6 44.6 45.4 44 40.7 34.2 25.8 16.4 11.9 8.7 9.5 9.5 12.8 23.9 34.7 42.6 47.2 51 54.2 56.9 59.6 64.1 67.9 70.9 75.9 81.7 85.5 85.9 82.6 78.6 73.2 69 67.3 64.5 60.4 53.8 43.6 31.3 35.3 32.5 39 43.9 53.4 58.5 62.1 64.4 65.8 66.8 65.8 65.3 62.1 62.3 60.4 57 51.7 47.7 43.9 42.1 41 41.2 45.6 50.4 57.4 59.9 61.2 59.7 58.3 57.2 56.7 55.9 54.2 51.8 47.6 43 36.5 28.5 24.2
25.8 28.7 30.6 40.3 48.2 53 54.2 54.2 53 50.3 45.2 36.1 23.5 17 9.8 9 9.1 9.2 15.6 31.1 42.8 49.8 53.1 56.7 59 61.8 64.7 68.4 71.9 78 82.7 86.2 86.6 83.6 80.2 75 70.4 68.4 66.2 62.9 57.5 48.5 38.1 42.2 38.4 39.2 45.1 52.7 58.8 60.1 65.8 67.4 68.2 67.7 66.8 66.4 66.2 65.8 64.1 60.7 56.2 50.9 48 44.7 43.6 46.6 52.3 56.3 58.3 57.8 57.1 55.4 54.4 53.8 53.7 53 50.9 48.3 44.6 39.2 31.2 25.9
