Game/Highland_Data/StreamingAssets/GeoData/Data/sn/SN33.asc
ncols 200
nrows 200
xllcorner 230000
yllcorner 230000
cellsize 50
[rows 35 to 69 of 200, columns 78 to 155 of 200]
107.5 91.1 77.3 79.2 83 85.3 88.6 91.4 104.3 108.2 110.5 111.2 112.9 114.3 113.5 114 113.2 114.4 114.3 113.6 112.3 110.2 108 105 100.6 94 75.6 62.4 59.3 58.4 55.2 57.5 52 54 56 73.3 93.1 106.7 111.7 113.2 114.7 117.4 122.1 127 128.9 127.8 125.5 124.2 124.8 124.8 126.7 128.2 130.6 134 137.1 139.8 143.8 147.8 150.8 153.5 155.7 157.2 158.1 159.5 160.5 161.8 162.1 161.2 160.8 160.6 159.4 157.8 156.4 153.8 150.8 119.4 94.6 83.2
99.4 83 81.3 83.1 87.3 93.7 99.5 100.9 108.9 112.6 114.9 116.5 117.4 117.8 118.2 118.9 118.5 119.4 119.1 118.1 116.8 114.6 112 108.2 103.3 93.9 75 63.7 61.2 57.7 60.4 62.9 55.9 53.7 56 61.8 81 98.8 106.6 110.3 113 115.7 118.1 120.5 122.1 120.7 118.2 118.2 119.2 120.3 122.2 124.3 127.2 131 134.7 138.9 142.9 147.2 150.6 153.2 155 156.7 157.7 158 159.4 160.4 161.1 160.9 160.9 161.3 160 159 157.7 156.2 153.7 140.1 123.5 100.8
88.2 80 84.6 87.1 98.5 105.8 108.7 109.7 113.8 116.6 118.7 120.7 122.4 123.6 124 123.8 123.9 124.4 124 123 121.6 119.3 116 112.8 107.7 96.8 76.4 64.6 61.5 61 60 67.9 57.2 54.3 55.5 57.1 69.8 89.9 101.8 107.3 109.5 111.4 110.4 110.6 109.8 108.3 105.2 105.8 109.6 113.6 117.5 119.4 125.8 129.8 132.8 137.5 141.4 145.6 148.9 151.5 153.8 155.5 155.8 157.6 158.8 159.7 160.5 160.9 160.7 160.7 160.6 159.9 159 157.9 156.4 154.4 151.2 129.6
81.2 82.3 88.2 94.9 109.9 113.2 114.8 118.5 119.9 120.9 123.5 126.1 128.1 128.6 129.2 129.4 129.3 129.2 128.3 127.8 126.8 125.5 123.6 122 114.2 99.8 78 65.8 62.7 61.6 59.1 71.3 62.6 56.1 54.3 56.5 59.2 76.4 90.8 94.3 95.4 91.9 88.7 86.7 89.3 89.4 89.9 92.6 103.3 111.2 115.8 119.1 124 127.9 131.4 136.1 141 144.4 147.6 149.6 151.8 153.6 155.1 156.2 158.2 158.5 159.6 160.7 160.7 160.7 160.7 160.6 160 159.6 158.3 156.7 154.8 151.5
82.5 87.8 95.2 104.8 116.1 118.2 120.7 122.8 123.8 126.3 129.2 131.2 132.2 133 134.4 134.4 134.6 134 133.2 132.6 131.7 130.6 127.8 126.1 117.8 100 78.5 66.9 63.8 63.1 61.3 76.1 77.5 63.1 57.1 57.3 56 58.1 61.5 68.4 70.9 68 65.9 65.7 68.2 73 82.4 97.5 104.8 109.3 113.4 118.3 122.1 126 129.9 135 138.9 141.7 144.8 147.6 149.8 151.6 152.8 154.2 156.2 158.5 159.5 160.4 160.6 160.7 160.8 161.1 161 160.6 160 158.9 157.4 155.4
82.1 90 99.7 114.1 119.7 123.3 126 127.8 130.4 132.1 134 135.6 137.1 137.7 138.1 138.4 138.7 138.5 138 137.4 136.3 135.3 134 130.2 120.3 101.6 81.3 67.9 65.2 62.8 61.9 80 87.6 83 66.7 60.2 59.2 57.9 58.9 60.3 61.7 61.8 62 63.3 62.8 64.5 75.1 93 101.6 107.5 112.4 117.4 120.9 124.2 128.7 132.2 135.8 139.2 142.1 144.9 147.4 149.3 152.4 154.3 156.2 158.1 159.1 160 160.5 160.5 160.7 161.4 161.3 161.8 161.3 160.3 159.9 157.9
85.5 89.9 104.7 117.6 123 127 130.8 133.4 134.9 136.3 138.1 139.9 140.8 141.6 142.3 142.6 143.1 142.8 143.1 142.3 141.2 138.9 137.5 133 125.7 107.2 83.2 70.3 65.8 64.3 64.9 86.2 105.7 103.9 89.9 74.8 63.1 59.6 58.5 59.8 60.7 60.2 62.8 64.5 64.1 64 66.8 76.1 93.5 104.4 111.5 115.7 119.1 121.9 125.8 129.4 133.6 136.6 138.8 142.5 146 149.6 152.3 154.1 155.8 157.7 158.7 159.1 159.5 160.1 160.6 161.6 161.3 161.6 162.5 162.2 161.2 159.3
91.7 99.1 102.1 118.3 125.4 130.9 134 136.5 138.6 140 141.8 143.3 144.3 145.4 146.8 147.1 147.7 147.7 148 147.1 146.2 143.4 141.3 137.5 130.9 115.7 89.1 73.8 67.4 66.1 69.3 93.6 112.3 114.5 109.7 99.8 85.7 76.9 71.5 67.1 66.8 67.9 72.2 79.4 72.2 65.7 67.2 70.4 82.1 96.1 105 110.1 114.8 117.6 121.4 126.6 130.5 135.4 138.9 142.3 145.3 148.2 151 152.4 154.2 155.9 156.8 157.2 158.7 159.2 160.5 160.5 161.5 162.1 162.5 162.7 161.9 161
100.6 108.6 102.5 116.1 126.3 132.9 136.7 139.8 141.7 143.5 145 146.4 148.3 149.7 150.4 151.4 152.3 152.5 151.4 150.1 149.4 147.5 146.1 143.6 140.3 127.7 101.1 81.9 68.5 67.1 72.3 96.5 114.9 118.5 117.7 113.7 110.4 101.4 96.1 92.6 92.5 92.9 93.6 82.7 66.3 65.5 69 69.1 77 81.9 92.4 98.7 102.8 113.4 120.1 125.6 130 133.4 137.2 140.7 144.3 147.5 149.3 150.8 152 153 154.2 155.6 156.8 157.7 159.1 160.8 161.3 162.1 162.6 162.6 162.4 161.7
105.7 114.5 114 111.9 127.5 135.2 139.9 142.6 144.4 147 149.1 150.1 151.6 153 154.9 155.5 155.6 155.3 155.3 155.1 154.3 153.1 152.4 152.2 148.2 137.3 114.2 86.4 70 68.1 74.1 93.5 115.3 120.1 120.9 120.3 117.3 114.9 111.9 110.3 108.9 108 100.1 71.4 66.5 66.2 75.5 86.7 80.3 76.4 79.2 86.4 95.9 105.5 112.7 118.6 123.3 128.9 133.5 137 140.1 142.8 144.5 146.4 149.1 150.2 151.2 153.1 154.8 156.5 158 159.3 160.7 161.7 162.5 162.6 162.6 162
109.6 119.2 123.9 118.4 129.3 137.9 141.9 145.5 148 149.8 151.7 153.7 155.1 157 158.4 159 159.3 160.1 160.4 160 159.5 158.8 155.7 150.9 142.3 128.9 100.7 74 69.8 69.7 75.4 93.8 113.5 121.2 123.3 123.9 122.9 121.6 121.2 120 117.5 115.6 95.7 66.7 67.3 70.3 82 98.3 103.1 100.6 92.6 79.3 91.9 98.9 103.3 108 113.6 116.9 122 125.8 131.5 135.8 137.1 140.7 144.3 146.3 147.8 150.5 152.5 154.5 156.1 157.5 159.1 161.4 162 162.4 162.7 162.3
112.4 123.3 130.1 131.9 128.6 138.9 144.4 148.1 150.1 152.4 155 157.2 158.8 160.3 162 163.3 164.3 164.6 165.2 164.4 161.5 156.7 147.5 137.4 122.4 102.3 79.4 72 70.6 72.9 78.1 95.4 115 122 126 127.1 128.3 129 128.4 127.4 124.1 117.8 90.7 68.1 67.6 78.6 95.8 105.3 108.7 111.4 110 100.2 86.2 87.6 94.3 96.1 98 103.1 111.5 119.1 124.2 128.4 131.6 134.3 137.5 141.5 143.7 146.6 149.4 152.2 154.2 156.1 158.7 159.7 161.7 162.3 162.6 162.7
112.8 127 135.4 139.3 140.1 139.8 145.8 149.7 153 155.4 157.3 159.2 160.9 162.6 164.2 165 166.8 167.4 167.1 163.8 157.6 145.5 130.6 113.8 95.5 78.2 73.4 72.6 72.8 75.2 79.9 98.4 118.9 125.7 130 131.5 132.3 133 132.8 131.8 128.2 118.6 90.8 68.4 68.6 89 105.2 111.6 115.2 115.9 117.2 116.6 110.1 104.4 101.5 106.4 109.9 108.5 106.4 104.8 109.5 119.9 126.4 129.6 133 135.8 139 142.7 146.7 150 152 155.2 157.7 159.4 161.2 162.2 162.8 163.6
114 129.6 139 142.8 145.5 147.3 148.6 152.4 154.9 157.1 159.2 160.7 162.5 164.3 165.3 166.8 167 167.1 165.2 160.1 147 129.2 112.3 87.6 76.5 74.4 76.2 75.5 75.9 82.2 98.2 112.9 121.6 129.9 133.6 135.4 136 135.6 135.6 133.9 131.7 117.6 91.3 69.2 69.3 94.5 111.3 116.2 120.3 122.2 124 125.5 126.4 125.2 122.5 125.4 128.8 131 129 127.1 125.4 113.4 119.3 123.6 127.2 129.3 134.7 139 142.7 147.9 151.2 153.8 156.4 158.3 160.6 162.2 163.3 164.2
116.1 132.2 142.2 146.4 148.8 151.1 152.4 154.2 156.2 158.5 160.6 162.1 164.1 165.3 165.8 165.7 164.7 163.1 160.3 151.1 136.3 114.9 90.7 78.2 76.7 77.6 78.4 79.8 84.5 102.9 124 128.2 128.8 133.5 136.9 138.1 138.2 138.1 138.4 137.8 135.9 121.8 92.6 69.9 74.2 97.4 114 119.9 123 126.1 127.9 130.1 132.3 133.4 135.2 135.7 136.5 138 138.8 137.9 136.5 129.4 120.8 122.4 128.8 128.5 129.1 134.4 141.3 145.8 150 152.8 154.9 157.4 159.9 162.6 163.6 164.8
119.2 136.2 145.4 149.9 152.4 154.4 155.2 156.8 158.3 159.6 161.3 163.6 164.3 165.3 164.9 162.2 160.2 157 152.1 139.4 122.7 101 81.4 78.4 79 83.4 86.9 93.3 106.9 125 135.5 137.1 137.6 139.1 140.8 141.9 141.8 141.9 142.8 143 140.8 120.6 91.7 69.6 72.9 97.3 116.5 122.3 126.2 129.4 131.5 133.6 135.1 137.7 138.4 139.2 140 140.8 141.7 140.5 140.4 138.3 129.5 127.5 128.8 131.1 133.5 132.9 136.5 144.1 148.8 152.1 154.7 157.4 159.8 162.2 164.8 165.5
122.8 139.4 149.1 153.9 156.1 157.3 158.5 159.4 160.3 161.7 162.8 164.2 164.7 163.8 162 158.9 156.1 150.1 136.3 121.8 106.4 89.2 80.7 79.2 93.2 106.7 112.9 118.9 131.3 139 141.1 142.2 143 144.2 145.4 146.2 146.9 147.9 148.2 147.8 145.3 121.6 93.9 70.6 71.8 97.8 118.5 124.3 128.5 131.5 134 136.1 138 139.4 140.4 141.4 142.3 143.1 143.9 144.1 144.2 143.5 141.9 141.5 140.6 141 142.1 137.4 136.5 141.1 147.7 151.6 154.7 157.2 159.7 162.1 165.1 166.1
127.3 143.7 153.5 156.8 159.1 160 161.2 161.9 162.6 163.5 164.5 165 164.7 163.2 159.7 156.3 149.4 136.2 117.8 105.2 101.1 89.1 81.7 80.9 106.5 129.9 135.5 138.9 141.8 143.4 145.1 146.3 147.1 147.4 149.9 151.2 152.2 152.5 152 150.9 148.3 126.2 98 73 70.5 93.3 117 125.7 130 133.6 135.6 137.5 139.1 140.7 141.9 143.1 144.4 145.1 146 146.8 148.3 148.3 147.9 148.1 148.6 148.5 147.9 146.1 142.2 139.9 144.2 150.2 153.6 156.9 158.9 160.9 163.7 166.3
133.2 150.1 156.2 159.2 162 162.7 163.9 164.5 165.3 165.5 166.3 166.2 164.9 161.9 158.2 153.7 143.3 129.1 127.8 124.1 118.9 102.9 83.2 80.8 103.9 133 140.4 143.3 145.2 146.7 148.4 149.7 151 152.4 153.8 155.6 155.6 155 154.8 153.2 151 130.5 102.7 75.2 71.7 88.3 113.4 125.9 130 133.7 135.8 137.6 139.2 140.9 142.4 143.7 145.1 146.4 147.9 149.3 150.1 150.9 151.4 151.3 152.4 153.4 153.1 152.3 148.8 146.1 144.6 145 151.9 155.3 157.5 160.5 163.4 165.9
139.5 152.5 159.2 162.7 164.4 165.8 166.5 167.3 167.9 168 168.3 167.3 165.1 161.8 157.6 151.6 143.8 141.1 139.3 136.7 131.1 114.1 89.9 82.4 102.5 133.9 142.8 146 147.7 149.3 151 152.8 154.7 156.6 157.3 157.6 157.6 157.2 156.1 154.4 151.6 133.2 105.4 79.7 73.1 81 105.5 125.5 129.4 132.9 135.2 136.3 137.9 139.7 141.8 144.1 145.7 147.3 149.3 150.9 152.2 153.3 154.2 155 155.9 155.7 156.2 155.8 154 151 148.5 148.3 148.1 153.7 157.1 159.9 162.3 164.7
146.6 157 162.1 165.6 167.7 168.8 169.5 169.9 170.4 170.6 170.1 168.4 165.8 162.4 158.1 154.4 149.9 146.7 144.3 141.3 137.2 119.8 90.2 86.3 104.2 133.6 143.9 145.8 149.7 151.9 153.9 156.4 157.9 158.6 159.4 159.4 158.7 157.9 156.3 154.2 151 138.7 112.4 87 73.2 74.3 95.4 117 127.3 131.2 133.4 134.3 136.1 138.8 140.6 143.3 145.9 147.9 150.1 152.2 153.7 155 156.3 157.6 158.2 158.3 157.9 157.8 157.2 156.2 154.6 151.1 151.7 151.5 155.1 158.3 161.8 164
150 159.6 165.1 168.4 169.6 171 171.8 172.8 173 172.8 172.1 170.2 166.7 163.3 159.7 156.2 153.3 150.7 148.1 146.2 140.3 113 84.6 91.7 108.1 136.3 143.1 148.1 151.2 153.9 157.3 158.5 159.5 160.2 160.5 160.2 159.4 158.4 156.5 153.8 149.8 141.8 122 98.3 78.2 74.7 75.5 99.5 117.7 127.2 130.5 131.9 134.6 137.3 140.2 143.4 146.1 148 150.4 153.1 155.1 156.8 157.2 159.2 160.2 160.4 160.9 160.5 160.1 159.3 158.7 157 154.6 154.7 154.9 155.9 160 162.9
155.2 162.8 167.6 169.9 171.4 172.8 173.6 174.3 174.9 174.4 172.7 171.2 168.1 164.7 161.4 158.2 155.2 153.1 151.7 147.5 134.8 106.7 85.5 96.5 116.1 137.9 143 148.6 153.3 156.3 158.8 159.7 160.6 161.1 160.8 160.9 160.2 158.9 156.9 154.2 149.8 142.6 130.4 105.5 84.9 75.7 75.2 76.2 97.5 108.2 123.5 130.5 134 136.9 139.9 143.3 146 148.7 151.2 153.1 155.7 157.5 159 160.4 161.3 162.1 162.4 162.8 162.7 162.1 161.4 158.9 158.5 158.3 157.8 158.4 160.3 163.5
159.4 165.5 169 171.2 172.8 174.2 175.4 175.9 176.2 175.6 173.5 171.2 168.5 165.7 163 160.6 157.6 156.2 154.2 151.3 127.8 99.3 94 102.6 124.5 140.4 146.1 151 154.6 157.6 158.9 159.2 160.9 161.5 161.5 161.5 161.1 159.7 157.6 154.7 149.8 142 132.1 108 84.7 86.6 84.7 77 87.7 112.9 123.8 129.5 133.4 136.5 139.6 142.9 145.4 148.5 151.2 152.8 155.4 157.5 159.4 160.8 162.3 163.2 164.1 164.9 164.8 164 163.3 161.9 161.1 161.1 161.1 160.9 161.6 163.4
160.6 166.5 169.8 172.6 174.2 175.5 176.8 177.4 177 176.1 174.1 171.5 168.9 166.5 164.8 162.7 160.1 158.2 155.5 148.2 120.1 92.6 93.6 103.9 128.5 140.4 146.4 151.1 154.2 157.3 158.7 160.6 161.7 162.3 162.2 162.1 161.8 160.2 157.9 155.2 149.8 141 126.8 101.2 87.3 92.4 96.4 81.3 77.3 100.6 121.1 127.2 131 134.8 138.5 141.6 144 146.9 150.5 153.1 155.5 157 159.3 161 162.7 163.5 164.5 165.6 166.2 166.3 165.6 164.8 164.6 163.8 163.8 163.9 163.9 164.7
161.7 167.4 171.5 174.3 176.3 177.1 178.4 178.4 177.7 176.6 174.5 171.9 169.9 168 166.2 164 162 160 156.3 141.8 114.2 88.3 91 111.6 132.2 142.1 146.7 150.8 154.2 157.2 158.6 160.6 162.1 162.2 162.7 162.4 161.8 160.7 158.2 155 148.4 129.4 108.7 93.3 94.6 100.5 107.8 93.8 78 90.2 115.3 124.4 128.4 133 136.3 138.2 142.9 146.4 149.6 152 154.2 157.8 158.8 160.7 163.1 164.6 165.6 166.6 167.6 168 168 168.1 167.9 167.5 166.7 167.2 167.3 168.1
162.3 169 173.4 176.3 177.7 179.3 179.5 179.4 178.4 176.8 174.7 172.8 170.9 168.9 167.5 165.4 163.1 161.5 157.4 137.1 107.6 90.7 98.2 113.7 133.8 142.8 147 151.5 155.1 157.4 159 160.7 161.9 162.3 163.2 162.2 161.2 159.9 157.2 153.6 139 116.7 97.3 101 102.6 114 119.7 104.7 79.7 82.4 106.3 119.8 125.1 121 135.4 137.9 142.7 145.2 149.3 152.4 154.8 157.1 160.3 161.5 162.9 164.5 166.2 167.7 168.7 169.6 170.1 170.6 171 170.7 170.2 170.2 170.6 171.5
165.5 171.4 176 177.6 179.4 180.3 180.4 179.5 178.6 176.9 175.3 173.7 171.8 169.8 168 166.1 164.2 162 157.6 132 103.3 92.5 110.9 135.4 136.7 144.9 148.4 151.5 155 157.7 159.8 161.2 162.3 163.3 163.5 162.3 160.8 158.7 156.3 152.1 134.5 107.4 105.3 118.6 123.6 126.4 124.8 112.9 87.8 80.7 92.2 110.1 121.6 131.6 134.8 139.7 143.3 146.7 149.9 152 154.2 158 159.7 161.4 163.1 164.7 166.5 168.3 170 171.3 172 173.1 174.1 174.2 173.8 173.4 174 174.4
169.1 174.6 176.9 178.7 180.7 181.3 180.6 179.6 177.6 176.2 175 173.2 171.5 169.6 167.8 166 164.1 162.5 154.3 127.2 97.5 93.4 115.1 141.9 145.6 147.7 149.6 152.3 155.7 158 160 161.4 162.8 163.6 163.8 162.5 161.3 159 156 150.5 130.3 107.4 122.4 134.9 134.1 132.1 129.2 124.4 100.4 82.1 94 118.7 129.8 134.9 138.2 141.4 145.5 147.5 150.8 153.5 155.4 158.2 159.9 162 163.3 165 166.8 168.3 169.9 171.6 173 174.3 175.4 175.6 176.3 176.2 177.4 178.4
173.1 176.5 178.2 179.8 181 181.1 180.6 179.2 177.7 176.1 174.3 172.5 170.9 169.2 167.4 165.6 164.2 161.2 149.9 120.9 97.2 101.7 128.3 144.1 147.2 149.6 151.3 154.4 156.3 158.3 160.3 162 163.9 164.1 164 163.5 161.6 159.3 155.8 139.7 119.2 113.3 135.7 140.5 139.2 137.1 134.3 131.1 110.5 83.5 89.9 113.5 132.2 137.1 140.5 144 146.6 149.8 152.8 155.1 156.6 159.2 160.8 162.1 163.4 164.7 166.8 168.1 170.5 172.2 173.9 175.3 176.3 177.2 177.8 178.9 180.6 181.9
175.1 178.3 179.9 181.5 181.8 181.5 179.9 178 177.1 175.1 173.7 171.5 170.1 169 166.8 164.7 161.8 155.1 139.7 119.3 95.4 103.3 135.6 144.6 148.8 151.3 153.5 155.6 157.1 159.4 161.3 162.8 164 164.3 163.9 163.1 161.5 159.1 153.5 123.5 119.8 134.9 145.3 145.4 144.3 142.1 139.7 136.9 117.7 93.4 83.3 107.1 129.4 139 143.4 147 150.1 152.1 155.2 156.2 158.3 159.9 161 161.3 161.6 164.2 166.9 168.5 170.7 172.8 174.6 176.3 177.5 178.8 180.2 181.7 183.1 184.3
177.8 180 181.7 182.7 182.7 182.1 180.1 178.5 176.2 173.7 171 169.8 167.6 165.3 161.8 158.5 148.8 132.4 114.6 98.9 97.6 111.6 137.3 144.7 149.4 152.7 154.8 157 159 161 162.7 163.2 164.4 164.9 164.1 163.1 161.2 158.3 146.9 119.1 141.2 149.1 150.7 151.3 149.9 148.5 145.9 143.1 127.9 104.8 83.8 101.4 125.4 140.8 146.1 150.2 152.7 154.3 155.4 157.7 158.2 159.2 155.4 159.4 162.4 163.9 165.8 168.5 170.8 173.3 175.2 177 179.1 180.5 182.2 184.2 184.9 186.4
180.4 182.1 183.6 184.2 184.2 182.7 180.6 178 175.5 172.5 168.3 163.4 159.1 153.8 147.2 138 122.1 108.7 101.3 101.1 104.1 123 138.7 145 150.2 153.8 156.3 158.3 160.5 162.8 164.1 164.6 165.4 165.2 164.3 162.7 160.8 156.2 140.1 132.4 151 155.1 155.8 156.3 155.4 154.3 152.9 150.3 140.9 115.8 90.8 96.5 119.5 141.1 148.9 152.9 154.2 155.4 155.7 155.4 156.7 150.9 156.6 160.8 163.9 165.1 167.6 168.6 171 173.9 175.7 177.8 179.9 182.1 183.7 185.4 187.2 188.2
182.6 184.3 185.3 185.1 184.8 183.2 180.7 177.4 173.7 170.2 164.2 156.6 146.3 136.3 125.9 113.6 104.1 104.6 111.1 101.7 112.1 124 138.3 145.5 152.2 154.9 158.6 161.2 162.7 164.4 165.5 166.3 167 166.3 165.2 163.3 161 153 133.9 147.4 158 160.1 160.3 161.2 161 160.3 159.1 156 153.1 128.3 102.1 89.1 112.1 135.7 149.5 153.7 154.9 154.2 152.7 151.9 153.7 148.5 157.2 161 163.9 167 169.3 170.6 172.2 174.6 176.1 178.5 181 183.2 185 187.1 189.1 190.5
184.5 186.3 186.7 186.4 185.2 183.2 180.1 175.6 171.2 165.1 161.3 151.2 126.8 117 108.7 107.6 117.6 129.4 117.9 107.3 135.9 134.9 132.9 142.7 153.6 156.2 159.5 162.4 165.2 166.8 168 168.5 168.5 167.6 166 164.7 161.9 147.3 141.8 159 162.6 163.3 165.4 166.1 166.3 165.8 164.9 163.3 159.8 142.3 116.3 94 101.3 125.9 147.2 151.9 144.7 139 142.7 147.9 144.1 152.1 158.5 165 166.6 169 171.2 172.6 174.8 175.7 177.2 180.1 181.8 184.1 186.5 188.3 190.6 192.2
