Game/Highland_Data/StreamingAssets/GeoData/Data/sn/SN42.asc
ncols 200
nrows 200
xllcorner 240000
yllcorner 220000
cellsize 50
[rows 144 to 179 of 200, columns 0 to 79 of 200]
73.2 76.6 73.7 75.5 74.8 74.1 71.1 68.7 64.1 59.8 58.2 58.1 61.3 63.5 63.9 59.9 58.1 60 70.9 79.6 81.4 80.7 81.4 82.1 81.5 79.3 76.1 74.7 74.2 72.9 69.9 64.7 60.6 54.9 51.1 45.1 46.8 50.7 55.1 57.7 59.6 57.6 50.4 41.7 27.3 18.6 18 17.4 17.1 17.3 27.2 34.9 35 38.1 46.4 52.1 52.4 55.7 59.9 66.6 72 75.2 77.5 77.9 75.7 72.5 64.4 52.1 48.7 56.9 60.3 64 68.1 73.2 77.7 80.5 81.3 82.4 82.9 81.3
80.3 81 80.5 77.7 77.2 76.2 73.8 70.9 66.4 63.1 58.5 57.2 55.2 56.8 56.6 58.8 65.8 79.3 84.8 87.3 88.3 88.4 89.2 90.3 92.1 89.1 89.1 89 88.6 87.8 85.3 82.8 78.6 71.9 64.9 52.6 47.6 46.8 55.5 65.9 71.8 71.8 65.1 55.3 39.8 22.8 18.3 17.4 16.7 16.6 17.2 32.8 32.6 35.5 37.3 41.3 44.6 53.1 55.7 60.4 66.8 70.2 73.5 75.7 75.2 72.9 66.1 49.1 55.7 60.1 62.9 67.2 75.7 80.1 82.8 84.7 85.7 86.6 85.9 83.6
84 83.3 80.9 81.5 80.9 79.6 78.3 76.3 73.4 71.9 66.2 58 55.9 54.8 65.1 73.8 82.1 87.9 92.8 95.5 97.5 98.9 100.2 101.8 102.9 102.6 102.7 103.2 102.8 102.4 101.8 98.2 93.6 85.9 72 56.7 52.9 51.5 52.8 63.6 76.2 80.1 77.1 67.3 52.3 32.5 20.2 18.3 16.6 16.5 16.3 17.9 30 32 36.3 40.2 42.3 47.4 51.9 55.7 57.6 58.7 60.2 61.6 70.3 73.8 68.8 49.2 56.6 60.5 65.4 71.4 80.5 85.7 87.7 89.6 89.9 91.2 91.4 89.7
86.3 87 84 84.6 84.7 85.7 83.9 83 81.7 80 73.5 61.2 55.3 54.2 63.8 72.3 80.5 88 95 100.6 104.2 105.3 108.5 110.6 111.3 111.1 111.6 113.9 115.1 114.5 113.8 110.5 103.4 94.1 80 66.6 58.9 55.2 54.3 62.1 74.4 81.6 82.2 76.7 65.7 46.5 24.3 18.3 17.4 16.2 15.9 15.8 23.5 27.4 35.7 43 44.1 46.5 51.2 55.2 60.7 69.1 74.1 73.3 65 63.2 62.4 49.2 51.7 60.7 64.3 71 80.3 85.3 87.6 90.5 92.4 94 94.9 93.7
91.4 91.2 90.6 90.6 90.7 91.3 90 90.3 89 86.9 81.9 67.9 55.7 53.4 57.7 65.5 76.5 86.9 95.1 102.3 106.7 109.5 112.4 114.5 115.9 116.5 119.6 122.2 125 125.5 123.4 121.2 114.6 106.6 95.9 81.1 68.2 60.2 59.7 63.8 73.2 83.1 85.3 83.1 74.5 58.5 35.1 22.4 17.4 15.7 13.9 15.8 16.3 25.7 32.3 39.3 44 46.2 50.7 56.1 62 70 75.1 78.1 78.5 76.8 70.7 52.9 48 58.3 61.5 66.6 72.9 79.4 83.6 86.7 90.1 92.3 93.9 93.5
98.7 99 97.5 97.3 96.7 98.2 100.8 100.2 98.7 98.3 92 75 56.6 52.5 54.3 58.2 74.6 88.6 96.4 103.5 108.7 111.4 115.2 118 119.6 122.4 126.5 132.1 135.1 136.1 135.5 135.1 133.7 126.9 113.3 96.4 80 66.5 63.2 67.8 76.8 90.5 92.9 91.5 84.2 67.4 45.6 27.1 19 15.7 15.5 15.8 15.2 16.5 30.2 34.2 42.1 45.8 48.7 54.8 66.2 73.8 80 83.8 84.9 82.1 75.4 53.3 39.1 52.8 56.7 60.2 65.8 73.7 79.5 85.6 89.6 92.5 94.2 93.9
108.7 106.4 104.3 103.5 104.1 106.3 110.2 111 112.7 111.8 102.7 85.2 63.4 51.6 53.2 55.4 65.3 85.3 95.1 102.9 108.6 113.7 118.3 123.6 128.3 135.4 140.6 144.9 147.4 148.9 148.7 147.5 145.1 140.8 130.3 111.4 92.7 73.7 66.3 71.5 83.7 98.8 101 100.7 96 81.6 57.2 37.2 19.7 15.5 15.6 15.8 15 14.7 17.1 29.4 33.7 38.8 46.5 53.9 70.1 79.2 83.4 85.7 85.2 81.2 72.3 52.3 34.3 42.9 50.8 55.6 62.7 68.2 75.8 84.2 89.2 92.5 95.1 95.4
118.5 114.2 109.7 108.5 108.8 112.5 116.7 119.5 123.1 123.7 116.7 100.2 75.4 56.3 52.1 53 62.9 80.5 92.9 101 106.6 112.9 119.9 126.6 135.2 143.9 146.4 149.7 153.1 154 153.1 151.8 149.9 146.3 135.7 121.8 99.2 78 69.3 76.5 92.6 103.6 107.2 107.3 107.2 101.2 78.8 54.2 34.3 17.6 15.8 14.1 15 14.7 14.4 15.1 21.8 33.8 44.3 59.2 70.7 78.4 83.5 86.4 86.7 82.7 72.6 49.9 35.2 37.3 43.5 51.9 64.4 74.1 80.3 85.4 88.6 91.1 93.2 94.8
123 119.1 114.8 111.7 111.7 114.7 118.7 122.4 124.7 127.7 123.5 110.7 93 70.5 50.5 50.2 58.4 76.6 87.6 96.7 103 110 117.8 125.4 134.3 146.5 150.4 153.9 156.9 157.5 156.9 156.2 153.5 145.9 137.4 121.8 98 81.7 75.3 83.7 96.5 103.9 108.6 110.4 111.7 108.1 96 72.8 48.9 33 17.1 13.2 14.2 14 14 13.8 14.2 25.2 37.9 56.1 69.6 77 81.5 84.7 84.7 79.9 63.5 46.9 42 29.8 39 49.7 60.9 71.2 78 83.8 86.6 87 88.4 91.7
121.7 119.2 115.5 111.9 111.8 114.1 116.5 119.8 123.3 122.7 118.9 112.7 103 89.8 65.7 49.9 52.2 64.6 77 87.3 94.7 106.4 112.5 111.7 116.6 124.4 134.3 145.5 152.7 155.4 156.8 156.1 154.5 149 137.7 124.5 103.2 85.6 80 83.7 92.9 101.8 107.2 110 111.8 109.3 101.4 88.1 66.1 45.6 31.4 18.9 10.2 14.1 13.6 14.6 14.3 17 23.6 44 63.9 72.8 77.6 81.3 81.1 74.1 55.3 42.2 39.7 29.3 38.1 48.1 57.7 66.1 72.6 76.7 79.1 80.2 81.2 84.1
115.2 114.6 113.1 109.5 107.7 109.3 111.1 113.4 114.6 115.1 114.8 113.6 108.4 95.3 70.7 51.3 48.7 55.2 65.2 75.1 84.8 94.1 95.8 92.3 96.6 106.8 120.9 141.9 151.9 157.4 159.7 159.5 153.9 148.9 138.4 126.6 108.1 91.1 86.4 96.7 98.4 102.7 107.3 110.1 111.6 109.4 102.5 90.9 74.5 60 41.8 29.6 16.1 10.2 13.7 14.4 14 14.5 14.8 28.4 51.3 67.7 74.1 78.3 76.1 62.2 48.7 37.6 33.2 27.7 38.7 47.3 60.2 68.2 73.9 75.9 75.8 73.4 70.5 70.3
105 103.7 103.9 101.1 99.6 99.8 101.7 103.5 106.2 104.2 101.4 96.9 89.5 79.1 64.1 51.4 48.1 51.7 57 65.4 73.3 78 79.9 81.2 91.6 106.8 127.4 145.8 156.8 165.7 164.3 160.2 153.8 141.1 136.6 122.3 103.3 92.5 96.4 108.4 109.5 110.8 111.8 111.9 112.5 109.4 102.1 91.8 80.6 68.7 57.2 39.4 27.3 10.6 12.9 14.1 14.1 13.9 13 22.2 36.1 49.3 57.6 62.2 59.8 52.7 40.4 32.6 27.4 30.3 39.3 49.5 61.8 67.9 67.4 63.6 60.2 58.5 56.6 54.9
92.6 89.5 91.2 89.4 88.3 87.9 87.3 86.2 83.1 79.4 77.1 74.4 71.4 65.9 59.5 49.8 47.8 49.6 53.4 58.9 65.6 68.7 72.6 83 99.5 120.7 140.9 161.1 166.7 165.4 162 155.4 147.5 138.3 130.9 111.8 103 102.9 108.9 113.9 113.9 114.3 113.9 114.2 113.8 109.5 101.8 91.8 80.5 69.2 56.9 45.8 34.8 23.9 9.6 13.6 13.7 13.4 12.9 12.3 18.3 29 42 46.4 43.4 35.1 30.5 26.3 25.6 32.3 39.2 45.1 50.8 53.3 53.9 53.1 50 46.9 43.6 43.2
79.8 71.2 65.9 71.8 77.7 76.7 75.5 70.8 64.6 60.8 57.4 56.5 59.1 58.2 53.9 47 47.9 50.5 53.1 57.7 60.9 68.1 73.8 89 108 130.9 151.2 162.8 164.3 162.5 158.7 151.7 143.7 136.8 123.9 116.5 114.9 117.9 120 118.2 116.5 116.9 117.7 117.9 115 107.9 96.2 79.2 65.2 55.9 49.2 40.5 32.2 28 24.5 12.2 10.8 13 13 12.2 13.6 15 16.4 20.6 27.2 27.7 25.2 19.2 27.7 31.5 35.4 38.6 40.9 41.8 42 41.7 39.4 36.7 35.2 34.7
80.6 75.2 74 62 63.1 64 60.9 52.9 49.8 48.4 47.3 47.3 49.1 48.9 47 45.5 46.7 49.9 52.9 58.1 63.5 69.9 79.5 93.3 115.2 139.7 152.2 159.9 161.7 159.9 156.3 150.7 143.9 137.9 131.4 128 128.1 125.6 122.9 120.2 119 121.5 121 119.6 114 103.8 83.9 70.7 62.5 57 48.9 43.4 36.7 29 24.8 22.2 13.5 8.1 12.8 12.1 12.3 13.6 14 15.5 16.4 21.3 16.6 24.1 28.4 30.4 32.1 34.1 34.7 35.1 34.4 34.8 32.4 29.9 26.9 23.3
80.6 74.3 68.1 61 51.1 51.7 49.6 45.6 43.5 43 42.8 43.6 44.7 44.1 44.2 45.4 48.5 52.4 56.3 61.3 66.6 74 85.5 101.1 121.6 143.1 153.3 159.4 161.5 159 156 150.7 145.3 140.3 135.7 133.5 130.7 128.3 125.7 122.7 124.4 124.6 123.1 119.2 111.1 93 80.9 74.4 70.3 64.1 58.8 52.6 41.3 28.7 23 21.4 13.8 13 12.6 10.9 11.3 12 12.2 13.6 16 14.2 16.2 19.3 26.9 27.5 29 30.4 30.4 30.2 29.7 28.6 25.3 16.9 15.5 15.3
71.6 67.1 61.3 55.1 47.5 45.6 43.4 41.5 41 41 41.7 42.3 43.9 44.6 46.5 52.1 61.6 66.6 67.3 70.2 74.1 84.4 100.4 120.6 140.7 152.4 157.8 159.7 158.1 155.7 153.4 149.2 144.8 140.5 136.3 132.4 128.6 127.5 125.1 125.4 125.6 123.1 120.3 114.6 107.1 97.6 93.9 86.4 77.1 68.9 61.1 49.2 35.6 28.8 23.9 21 12.9 12.7 12.3 11.9 7.5 11.7 11.1 13 12.2 13.1 13.6 12.4 22 25.2 26.6 26.5 26.5 25.8 25.2 19.9 15.3 15.6 18.6 23.4
66.2 61 55.1 50.5 44.6 42.9 41.2 40.4 42.3 44.2 46.5 46.4 47.1 53 60.3 67.3 72.9 78.3 80.9 85.2 91.9 103.8 124.1 140.7 149.9 154.5 157.1 156.8 155.4 152.8 149.9 147 143.4 139.2 134.3 128.4 124.5 122.7 122.6 122.7 122.6 121.3 118.6 114.5 109.6 105.7 102.1 92.3 80.8 67.1 55.2 42.6 34 29.3 24 21 13.9 12.1 12.4 12 11.3 7.9 13 10.7 11.3 11.9 12 11.3 10.7 13.7 24.4 24.9 23.5 22.3 19.2 13.3 16.9 18.2 23.8 26.9
56 53.5 49 45.5 42.5 40.9 39.9 43.3 47 49.1 51.5 54.6 58.2 63.3 69.1 75.9 80.8 85.8 91.6 99.2 110.7 122.9 133.9 143.6 149.3 150.5 152.3 152.7 152.1 151.9 148.8 146 143.1 139.5 135.2 128 121.9 118 119.4 121.3 121.9 121.8 120.1 117 113.4 110 103.4 92.7 78.4 61.4 47.9 41 34.2 29.2 24 21.6 20 11.8 11.7 11.8 11.1 14.6 7.7 10.8 10.6 11.3 11 10.3 10.3 9.8 10 19.4 20.6 15.8 13.3 15.5 17.9 22.3 23 22.4
67.3 61.7 52.7 44.2 41.9 39.7 48.4 53.5 56.9 55.3 58 61.3 63.9 67 70.4 74.2 82 89 96.5 105.7 117.5 124.9 131.8 136 139.2 142.5 146 148.9 152 151.8 148.6 146.4 145.4 145.3 141 130.2 121.5 115.3 116 119.9 122.3 122.3 121.6 120 116.7 110.9 102.3 89.5 74.1 60.8 49.7 44.1 36.6 30.3 24.7 21.6 20.6 12 11.5 11.5 11.1 10.9 10.4 9.8 10.2 10.1 10 9.6 8.9 9.4 9.6 11.3 14 13 15.1 18.9 23.2 24.9 27.1 28.3
70.7 65.1 52.8 40.1 40.2 46.3 51.8 54.5 57.8 62.4 64.2 64.3 64 65.1 67.3 70.9 77.9 87.3 96.2 106.7 115.6 122.6 128.1 133 137.6 141.6 147.8 150.8 152 149.9 148.2 149.3 148.1 145.9 139 130.5 119 109 113.2 119 121.7 123.3 124.4 121.8 116.1 111 102.7 88.4 75 64.6 55.5 50 42.7 33.8 26.4 22.4 20.7 14.6 11.7 11.4 15.5 12.5 10.9 7.3 9.9 9.8 9.8 9.3 9.8 9.8 10.3 12.3 12.2 13.2 16.2 21.8 25.3 27.5 31.4 34.9
75.4 67.4 49 38.6 38.1 41.9 46.6 50.4 54.2 58.3 60.7 60.8 59.9 60.7 63 66.1 69.2 77.1 87.6 99 107.3 110 122.1 130.5 138.4 148.2 152.3 150.7 149.9 148.3 150.2 150.9 147 143.1 136.4 128.5 114.2 98.3 102.7 112.2 117.1 120.1 118.2 114.2 112.5 110.6 104.1 94.5 80.8 69.3 61.8 54.3 48.4 31.9 27.2 23.7 20.6 13.2 11.7 11.5 15.6 12.4 10.2 7.3 9.2 9.6 9 9 9.5 10.1 10.7 12.1 13 17 21.7 26.1 32 37 42.1 46.9
76.9 62.1 44.1 38.2 37.7 40.9 44.1 48 48.5 49 51.5 55.8 59.8 62.6 63.8 63.4 67.2 70.9 77.3 85.6 91 105 117 126.3 136 145.6 147.4 148 149.1 150.8 152.6 149.8 145.6 141.2 136.2 125.5 103.5 86.5 86.1 93.4 100.7 105.6 108.2 110 109.9 108.5 103.6 95.8 85.8 73.8 65.9 59.6 51.3 35.5 28.5 23.3 21 12.3 11.6 15.8 11.6 14.7 8.8 7.1 9.6 8.9 9.4 9.3 9.4 9.9 12.1 13.2 16.4 21.3 27.3 33.5 40 44.6 50.4 52.9
77.6 56.3 42 37.3 37.4 43.9 48.7 52.4 55.5 59.5 62.6 63.6 67.6 71.4 71.3 68.3 67.6 70 73.4 79.4 87.8 99.1 111.5 122.8 131.7 139.8 144.2 145.8 149.6 150.9 150.4 147.6 143.8 138.1 130.7 117.7 93.5 79.9 76 80.2 85.7 94.7 102.9 106.7 106.9 107.9 105.7 97.1 86.9 77.2 69.7 60.2 47.9 34.4 28.6 22.9 20.7 12.4 11.5 11.2 11.7 10.4 10.6 9.1 9 8.9 9.1 8.9 8.9 8.9 12.1 13.1 17.9 24.4 28.6 33.9 40.5 45.7 50.9 54.7
75.1 53.4 40.8 38 37.2 41.5 48.4 53.3 57.1 64.3 72.6 78.8 83.7 88.7 91 86.7 74.7 72.8 74.1 78.4 82.9 90.5 100.9 116 125.8 132.2 137.1 141.2 143.1 143.2 141.5 137.6 135.8 132.7 125.5 114.1 90.7 76.7 69.5 71.5 74.7 87.3 96.7 100.6 101.5 103.4 104.5 93.7 85.8 76.8 68.5 58.7 45.9 35.4 26.5 23 20.7 20.3 15.4 11.7 12 10.4 13.9 9.2 8.7 8.8 8.8 8.2 8.6 8.6 11.6 12.3 14.6 21.6 26.5 32.9 39.7 45 50 52.5
72.8 51.8 40.7 37.5 36.6 41.4 48.4 53.4 58.9 67.5 77.3 85.9 93.5 99.8 104.6 104.7 93.7 81.8 79.8 82.5 89.6 97.6 108.1 117.8 125.4 134.4 137.9 137.6 136.2 136.6 135.7 134.1 131.3 126.7 119.3 111.4 93.1 73.6 66.2 65.8 68 79.9 85.8 89.8 92.8 93.9 92.5 88.2 81.1 72.9 64.3 53.8 41 30.8 26.1 22 19.7 18.1 15.8 11.3 12 9.7 13.1 9.5 7.9 8.6 8.6 8.5 8.3 8.6 10.4 11.9 12.9 17.8 23.5 26.9 29.5 33.6 37.3 39.9
75.6 56.3 40.1 36.6 36.6 42.6 46.8 52.6 58.9 68.3 79.9 92.2 100.6 106.9 112.9 116 115.3 103.9 96.8 97.7 105.8 117.1 123 128.3 133.1 136.7 135.2 132.5 133.2 133.7 132.3 128.3 124.1 118.9 111.9 101.1 86.3 64.9 59.3 58.9 61.8 69.5 75.5 81.3 84.7 86.8 87.3 83.9 77.5 72 66.5 59.3 38.6 27.2 23.9 21.5 20.1 18.8 18.1 17.1 11.6 14.2 14.1 16.7 6.5 8.8 8 8.3 8.2 8.7 9.9 9.4 12.3 12.3 12.3 15.7 19.9 24.8 31.3 34.7
73.6 59.7 38.9 36.5 36.4 43.5 47.8 52.8 61.3 69.2 83.3 98 107.2 114 120.5 123.7 124.8 121.9 118.2 118.7 119.6 129.1 133.3 136 139.1 137.7 135.4 130.3 131.5 131.1 127.1 121.2 113 102.8 92.8 81.5 67.8 54.5 50 54.1 55.1 59.4 65.8 71.5 77.1 80.6 82.3 80.4 77.7 73.5 68.1 59.1 35.2 26.2 23.3 21.7 19.3 19.7 17.5 16.6 16.4 12.6 14.2 12.6 16 7.8 8.2 8 7.9 7.9 7.8 7.5 8.4 11.7 12 12.6 13.9 15.7 20.9 23.4
75.2 54.8 36.7 35.1 35.8 45.6 55.1 65.4 72.9 83 94.3 105.3 114.3 120 124.7 129.1 131.6 133 134 135.1 135.2 133.2 135.3 138.9 139.2 137.8 134.4 130.5 131.9 130.6 120.3 99.6 87.4 82.2 73.3 63 53.5 49 46 49.2 51.1 55.1 57.4 61.2 71.2 76.4 78.1 77.9 75 71.3 62.2 41.8 28.5 23.5 21.5 20.3 20.6 20.3 17.8 16.2 16.4 12.8 14.4 11.7 15.8 6.2 7.8 7.5 7.5 7.6 7.5 7.6 7.5 11.5 11.6 11.9 11.8 12.4 14.3 15.3
61.6 45.2 34.2 35 37.5 49.9 68.1 77.9 87 95.3 103.3 112.3 120.3 125 129.4 133.4 135.8 137.9 140.1 140.8 140.5 138.7 136.2 138.6 139 136.9 131.5 130.9 130 127.3 117.9 93.4 77.8 67.8 62.2 56.6 52.2 46 46 45.3 47.2 51.8 54.2 57.9 65 70.1 73.4 72.6 67.4 63.5 45 32.4 26.8 21.8 20 19.9 17.2 17.6 17.7 16.7 15.9 13 16 11.3 15.9 7.6 7.6 7.5 7.2 7.4 7.3 7.1 7.1 9.5 11.6 11.8 11.4 11.3 10.7 12
49 36.6 34.7 35.6 37.8 51.6 71.8 82.8 91.9 100.2 108.1 115.7 121.9 127.1 130 132.6 135.9 140.2 142.3 142.2 140.3 139.4 137.7 136.6 134.8 130.5 130.3 130.7 126.5 119.6 104.6 88.8 69 62.8 58.7 55 50.6 48.1 44.5 39.1 43 48.3 51 54.5 60.2 65.3 67 63.9 58.8 48.9 35.3 31.4 22.4 21.6 20 19.5 17 16.7 16.6 16.6 15.6 13 14.3 12.4 12.2 11.9 8.9 7.3 7.1 7.2 7 6.9 6.8 9.8 11.3 11.4 11 10.9 10.8 11.1
39.8 34.5 34.1 35.4 41.3 54.8 72.3 83 92.1 101.1 109.6 116.4 122.1 126.7 129.3 131.8 134.6 137 137.9 138.9 139.2 138.7 137.6 132.1 129.4 130.2 129.5 123 116.1 104.8 91.7 78.7 67.9 63.3 59.6 55.3 52 48 43.8 39.1 39.1 44.5 47.4 50.1 54.1 57.2 58.3 55.4 46.9 34.1 31.5 30.2 21.4 19.9 18.5 17.3 16.5 16.4 17.1 16.9 12 10 9.2 11.1 7.4 6.8 7.3 7.2 8.1 10.6 10.3 6.9 6.4 10.3 11.3 10.4 10.4 10.5 10.6 10.3
34.5 34.2 34.7 34.5 44.6 59.1 72 80.5 87.9 95.9 104.5 112.2 118.9 121.4 123.1 125.6 128.7 132 134.4 133.7 133.9 132 128.6 123.5 117.4 110 107.3 104.1 95.4 90.7 85.2 77.6 70.1 66.6 63 58.7 55.5 51.3 48 41.7 32.7 40.5 43.3 45.2 48.3 52.8 51.8 44.5 34.4 29.5 27.1 22.5 20.5 20.1 19.1 17.6 16.4 16.5 16.5 15.1 9.3 11.7 15.2 15.7 9.4 7.1 6.8 6.8 6.8 6.7 6.6 6 6.3 8.9 8.4 8.3 9.3 9.3 9.6 9.8
33.5 34 34.4 37.5 50.1 59.3 69.6 76 83.8 85.4 93.5 99.2 104.6 107.2 110.5 113.7 117.6 119.9 121.4 122.8 121.2 118.8 116.2 111.8 103.3 90.2 85.5 84.6 84.5 83.4 81.7 79.3 78.5 77.5 77 74.7 73.4 66.6 56 45.7 34.6 34.7 37.9 41.1 41.8 44.6 43.9 30.8 27.1 26.3 22.4 21.4 21.6 18.8 18.1 17.3 17.2 15.2 13.4 9.5 11.7 12.2 15.1 15.1 14.6 7.8 5.3 6.5 6.7 6.2 6.1 6.6 6.3 9.4 10 10.2 10.3 10.1 10 8.8
33.4 33.5 33.2 41.5 51.2 55.9 62.8 68.4 73.1 76.5 81.2 84.5 86.8 89 92.5 96.9 99.2 102.6 105.9 107.4 107 105.6 103.1 98.1 88.6 80.9 77.4 75.8 77.2 79.3 82.5 85.4 87.5 86.1 86.6 85.3 81.1 73.7 62 51.3 40.5 29 33.6 36.2 36.1 32.9 26.8 25 24.3 21.4 20 20.3 18 17.7 17.3 16.7 15.3 9.9 11.9 12.6 12.1 13.3 15.1 15.1 14.7 7.6 6.9 7.2 6.7 6.2 6.6 6.4 6.2 8 9.6 9.4 9.9 9.9 9.5 9.7
33 32.4 33.7 41.9 46.4 48.7 54.2 57.7 61.7 63.8 66.9 67.6 70 75.5 80.1 85.1 89 88.3 95 97.2 96.7 95.6 92.8 89.1 81.3 76.2 71.1 69.3 71.6 81.1 87.1 89.6 91.1 90.8 88.1 85.1 81.6 75.8 71.1 64.7 51.6 39.2 22.9 29 31.3 28.8 23.9 21 19.4 16.5 13.3 14.5 17.5 17.2 15.9 15 8.5 13.8 10.8 11.5 12.1 13 13.3 12.4 9.7 7.6 7.1 9.7 5.7 5.2 6.3 7.2 7.3 7.7 9.3 9.3 9.2 9.3 9.1 9.5
