Game/Highland_Data/StreamingAssets/GeoData/Data/sn/SN54.asc
ncols 200
nrows 200
xllcorner 250000
yllcorner 240000
cellsize 50
[rows 140 to 174 of 200, columns 0 to 78 of 200]
117.6 118.5 116.4 113.4 110 106.9 104.5 103.4 102 101 97 93.4 93.9 93.5 93.7 93.9 93.8 93.9 94 94.3 94.1 94.4 94.8 94.5 93.7 106.9 106.2 111.5 116.4 121.6 125.3 128.9 134.7 141.8 154.6 164 171.8 179.9 186.1 184.3 178.3 170.8 164.2 165.4 167.3 168.1 170.4 172.3 175.5 179.2 182 184.1 182.9 178.9 173.2 165 155.7 153.5 147.9 152.2 153 156.2 158.4 161.5 164.2 168.6 174.1 178 183.3 185.6 181 174.2 172.1 169.8 168.2 166.3 165.1 163.2 161.2
114.9 114.7 109.9 107.1 104.9 104.5 104 104.4 102.4 102.5 97.3 93.9 94.1 94 93.7 94 93.9 93.9 93.9 94.3 94.2 94.3 93.4 93.7 108.8 110.7 113.9 116.6 121.5 124.4 129.2 134.9 142 152.8 163.6 169.8 178.2 184.7 186.8 184.5 179.7 174.7 170.6 171.3 171.2 173.7 176.2 178.6 182.2 185.5 187.5 188.3 187.3 184.6 178 169.8 160.2 155.3 152.5 150.7 153 156.7 159.6 161.5 163.7 166.7 172.2 176.6 181 183.1 178.8 175.5 173.6 171.8 170.2 167.9 166.5 165 164.8
109.8 105.9 104.9 105.3 104.8 105.5 104.1 104.6 103.5 103.1 92.7 93.5 93.3 93.6 93.9 94.1 94.1 94 93.8 94.5 94 93.7 97.4 107.8 110.3 115.1 119.6 122.7 125.4 129.2 134.8 144.4 150.2 159.8 167.4 174.6 181.1 185.1 185.7 184.5 182 178.4 176.3 175.9 177 178.5 181.1 184 187.8 190.1 191.4 191.8 191.4 188.2 182.1 174.8 166.2 157.1 154.8 152.3 154.5 157.2 159.9 162.8 165.1 167.6 171.5 174.6 176.4 177.7 177.6 175.6 174.7 173.2 171.8 169.7 168 168.2 167
103.1 103.9 104.9 105.6 105.5 106.7 106 105.9 104.1 94.3 92.2 93.7 93.2 93.2 93.4 93.7 93.7 93.7 93.8 93.6 93.8 108.3 109.3 112.6 115.8 120.4 125.3 128.7 131.1 135.1 145.1 149.5 155.8 162.7 170.1 176.1 180.9 184 185 184.7 183.9 182 180.3 179.9 181.6 183.1 185.6 188.9 191.9 193.5 194.9 195.6 194.7 190.6 184.6 177.8 169.8 160.8 156.6 155.5 156.9 159 162.1 163.8 165.1 168.2 170.8 173.5 175.4 176.7 177.3 177.1 176.9 176.8 175.1 173.5 172.5 171.3 169.8
102.9 104.2 105.9 107.4 109.1 110.9 109.4 92.2 91.8 92.9 92.3 93.4 93.2 93.6 93.4 93.6 94.4 94 94.3 96.3 106.2 111.2 115.1 117.6 125.5 128.8 130.3 133.5 139.8 145.5 150.8 154.7 160 165.9 171.3 176.6 180.1 182.9 184.1 185.7 186 185.8 184.7 184.3 186 187 190.5 193.9 195.8 197.1 197.9 197.6 195.5 191.5 185.6 179 172 165 160 159.2 159.5 161.1 163 165.4 166.7 169 171.8 173.4 175.7 177.1 178.2 179.1 179.4 179.3 178.7 177.9 177.1 176.9 175.8
105.5 104.6 106.3 108.3 112.2 104 93.6 92.3 92.8 92.8 92.7 93.4 93.3 93.1 93.7 93.7 94.1 94.9 100.3 104.3 110.8 116.3 120 126.4 132.1 134.3 135.5 142.8 149.2 153 158.4 161.2 163.6 167.8 172.5 176.3 179.5 182 184.6 186.7 188.1 188.4 188.2 188.7 189.3 191 193.8 197.2 198.8 199.4 199.6 198.4 195.7 191 185.3 179.5 171.9 167.6 162.7 162.8 163.8 164.4 164.8 165.7 167.3 169.9 172.9 175.1 176.9 178.9 180.4 179.8 181.1 181.9 181.6 182.2 181.7 181.1 178.8
108.1 108.3 111.8 109.8 97.3 92.4 91.5 92.9 92.5 93.5 93.6 92.9 93.7 93.6 94.5 95.8 99.4 109.7 114.3 111.3 116.8 121.8 125.6 130.7 135.1 138.9 144.1 149.8 155.6 160 163.5 165.6 167.7 170 173.6 176.5 179.6 182.6 185.3 187.4 188.8 189.5 189.8 190.4 191.5 193.1 196.6 199.6 200.3 200.5 200.4 198.1 194.9 190.6 185.2 178.1 171 167.9 165.2 166.1 166.7 166.8 167.3 167.5 170.3 171.4 173.4 176.1 175.5 177.7 179.5 180.3 181.7 184 187.8 187.7 187 186.3 184.3
107.4 109.2 110.7 97.9 92.4 92.8 91.7 92.4 92.8 93.8 94.2 93.7 95.9 96 95.5 101.9 110.5 117.5 118.9 119.5 122.3 125.8 129.8 134.8 138.2 145.3 152.3 157.9 162.1 164.6 166.7 168.2 169.3 170.7 173.5 176.1 179.4 182.5 185 186.4 187.4 187.8 189 190.6 193.6 197.1 199.4 200.7 201.8 201.6 199.8 197.1 193.5 189 183.1 176.8 172.1 169.1 168.6 168 168.4 168.5 169.3 168.6 169.9 172 173 175.5 176.9 179.5 180.9 184.7 189.4 190.9 193.5 194.1 193.8 194.2 193.1
103.8 104.8 92.3 92.1 92.2 92.7 91.6 92.9 93.9 94.9 94.9 94.9 96.4 96.8 96.3 97.4 108.8 114.5 118.3 121.5 124.5 128 132.6 138 145.4 152.9 160.3 165.1 167.4 168.1 169 169.6 169.5 170.3 172 174.8 177.9 180.7 182.2 182.3 182.5 184.8 187.4 190 193.4 196.4 199.4 200.8 201.5 199.9 197.8 194.9 191.1 186.6 180.8 176.2 171.5 169.5 169.3 169.4 170.2 170.6 171.1 171 170.8 172.2 174.4 176.2 177.9 181.6 185.3 188.1 191.3 195.8 198.2 199.6 201.3 200.9 200.4
100 97.9 91.6 92.2 91.7 91.5 92.2 93.1 95.5 96.8 97.1 97 100.2 97.2 98 98.9 106.5 113 116.1 120.4 124.4 128.6 137.1 143.6 149.7 159 164.6 168.2 168.1 168 166.9 166.3 165.4 165.7 167.5 170.8 173.3 173.9 175.1 176.2 177.9 180.2 182.9 187.4 191.2 193.2 195.6 196.9 197.5 196.3 194.3 191.8 188.1 183.4 177.1 174.1 171.9 169.4 169.3 169.5 170.8 171.3 172.9 172.7 172.8 174.9 175.3 176.2 178.3 183 185.1 188.7 193.7 199.5 202.7 207.2 210.3 210 205.5
90.7 91 91.2 91.2 91.3 93.5 93.8 93.2 96.2 97.9 97.9 98 98.8 97.8 98.6 99.2 106.6 112.8 116 119 122.9 131 140 145.4 152.7 159.8 163.2 164.5 163.4 161.4 157.8 155 154.6 154.7 158 161.1 160.4 162.3 164.9 167.6 169.9 173.6 178.2 181.8 184.7 187.7 190.5 192.5 193 191.6 189.8 187.3 183.4 178.9 175.3 172.5 170.5 168.8 169.1 170.4 172.2 172.8 174.7 175.5 176.3 177.9 177.5 177.3 179.7 182.3 185.2 189.4 195 201.3 207.2 212.1 214 212.5 207.1
92.1 92.6 92.4 93.2 93.2 93.4 93.6 93.8 94.1 97.9 98.3 98.6 100.1 100.6 99.9 100 102.4 111.4 114.8 118.4 122.3 130.6 139.5 146.3 153.1 157.6 156.7 154.1 151.2 144.8 142.6 141.3 142.5 142.8 145.2 147.4 149.9 151.9 154 157.5 161 164.6 168.8 172.5 177.8 182.1 184.4 186.4 186.7 186.8 184.7 181.2 176.9 175 173.3 171.5 170.2 170.4 171.4 173 174.9 176.7 177.5 178 179.6 180.5 180.4 179.6 180.1 181.2 186.8 191.4 197.4 203.8 208.8 212.8 214.8 212.7 207
93.4 93.4 93.4 92.9 93.5 94.4 96.5 93.9 93.3 94.5 99.3 100.2 101.9 102.2 102.5 100.5 102.3 103.4 112.8 116 120.1 125.2 130.2 137.3 139.6 138.5 134.1 131.3 131.7 132.2 133.9 135.9 137.2 138.4 139.1 141.3 143.2 145.1 148 150.8 152.3 155.1 159.5 164.4 170 174.5 177.4 179.7 180.7 180.3 178.4 175.2 173.7 172.8 171.5 171.6 171.4 172 173.6 175.6 176.9 180.3 180.7 182 183 181.9 181.6 182 182.7 182.5 187.4 191.8 197.4 203.8 208.5 212.5 213.9 211.5 205.1
95 94.9 94.5 93.7 94.7 96.2 97.6 93.2 92.2 94.1 100 102.1 103.1 103.6 104.1 103.3 103.3 107 106.6 109.2 114.4 117.2 120 121.9 121.2 121.7 122.7 122.9 125.3 127.7 129.4 131.1 132.6 134.3 136.6 138.8 141 143 145.9 147.3 149.3 152.2 155.4 158.4 161.3 165.1 169.8 172.3 172.7 172.6 170.5 170.9 170.6 170.1 170.5 171.8 174.1 174.4 176 178.5 182 183.7 184.9 185.5 186.3 185 184.3 184.2 184 184.7 187.3 192.5 197.7 202.9 208.3 212.8 213.5 209.8 201.5
95.8 96.3 95.9 94.5 96 96.1 98.2 95.7 94.8 95.1 99.6 102.6 104.7 107.1 108.1 107.9 109.3 103.7 105.7 107.2 108.3 109.7 111.5 112.2 113.1 114.8 116.5 118.1 119.4 121.1 122 122.7 124.2 127.2 130.3 134.2 138.2 140.2 142.3 143.9 147.2 149.4 152.3 155.1 156.8 157.7 159.7 163 164.7 166 166.9 167.9 168.7 168.8 171.4 174.5 177.5 179.9 182.5 186 189 191.4 192.5 191.8 190.5 190.4 188.6 187.7 186.8 186.3 188.2 193.7 198.3 203.5 208.9 213.3 212.8 208.2 200.9
96.4 97 97.3 96.3 96.5 97.7 98.5 95.8 96.4 96.8 101.9 104.9 109.3 112.8 114.6 114.1 113.6 111.9 108.1 107 107.7 109 109.4 111.7 113.2 112.9 114.3 115.5 117.8 119.4 120.3 124.4 126.9 128.5 127.4 129.4 133.4 135.1 136.1 137.8 139.6 140.9 145.5 149.9 152 154 155.1 158.4 161 162.9 163.9 165 167.3 169.7 173.9 179 183.5 185.9 190 192.6 195.1 199.2 201.5 202.3 200.9 198.6 196.2 192.1 191 189.9 191.5 196.1 199.9 204.6 209.1 211.8 211.2 207.9 202.4
98.6 98.8 98.2 97.2 97.2 97.9 98.1 98.5 100.1 105.5 107.8 112.5 117.7 120.7 121.1 122.1 120.9 119.5 117.8 117.7 117.4 114.9 115.3 118 120.8 121.5 123 126.9 127.4 128.5 129.6 130 131.8 133.5 135 135.5 136.9 138.8 141.4 143.8 145.8 146 143.8 145.9 147.8 151.2 153.4 155.3 159 160.9 162.1 164.1 166.5 170.4 176.5 181.7 185.3 189.8 192.2 195 201.9 206.6 209.8 210.4 211 210.1 206.2 201.9 194.8 195.6 195.7 196.4 200 203.9 207.3 209.7 212.1 210.1 206.2
101.5 99.6 99.2 98.9 96.8 98.2 99.5 100.1 104.5 109.1 115.4 121.5 126 127.1 128.6 128.7 127.7 126.2 124.8 125.1 124.1 124.1 122.5 123.1 124.5 126.1 127 128 129.4 132 133.2 133.8 134.3 136.4 138.4 139.7 140.1 141.3 143.6 146 147.3 148.3 150.4 151.4 150.8 148.6 151.7 155.3 157.7 159.6 161.7 164.1 166.8 172.5 179.5 185.6 189.5 194.7 197.7 205.1 210.9 214.3 217.9 220.9 221.9 219.7 214.1 208.9 203.6 200.8 200.7 201.2 202.8 205.4 207 211.5 213.9 214.7 210
105.8 106 101.1 99.1 98.9 100.9 102.2 104.3 108.3 114.3 122.9 127.2 133.3 136.2 138.5 136.4 132.6 131.9 130.7 130 129.9 128 127.1 126.6 128.7 130 131 130.5 131 133.6 134.8 135.8 137 139.1 141.1 142.2 143 143.6 144.7 146.3 148.8 151.3 153.4 157.2 160.3 161.6 152.1 153.3 154.5 159.2 162.4 165.4 169.7 176.1 183.3 189.2 194.9 200.5 206.1 208.7 216.4 222.6 227.2 231.6 231.7 227.3 221.5 216.2 212.2 207.3 205.8 205.9 207 208.3 210.6 212.3 215.7 217.3 213.9
107.9 107.4 101.5 99.6 101.8 103.1 105.1 110.8 115 122 126.8 134 140.9 145.8 149.4 149.6 144.3 140.7 138.3 135.5 134.9 134.2 134.6 133.2 132.2 133.7 133.8 133.7 135.2 136.4 137.2 138.4 139.8 142.1 143.6 145.4 145.7 146.3 147.1 148.2 150.2 151.9 155.5 160 163.2 164.4 161.5 157.1 159.8 160 163.3 166.2 171.2 179 185.7 193.5 199.9 205.3 211.4 217.1 224.4 229 236.1 240.1 237.5 233.5 229.7 225.2 219.4 216.1 214.7 214 215.4 217.4 218.6 221.3 223.8 224 218.4
109.2 106.6 100.9 101.2 103.3 105.3 107.8 114.5 120.2 126.2 130.2 139 146.1 152.8 156.7 157.5 158.6 157.6 153.2 144.1 139.4 139.6 139.4 138.8 137.7 137.7 137.5 137.4 137.8 139.6 141.2 142.4 142 144.4 147.5 150.8 149.3 151 151.3 151.9 152.6 155.3 155.9 159.2 162.4 163.4 161.1 160.7 161.8 163 162.3 167 173.9 181 188.2 195.2 203.4 210.9 219.6 227.2 233 239.3 242.4 243.1 242.5 240.2 237.8 233.5 228.4 221.4 222.3 222.3 222.9 223.6 225.2 226.6 229.2 227.2 222
107.7 103.7 102.7 102.6 107.1 110.6 111.5 116.1 123.3 127.2 133.1 141.2 149.3 156.2 160.9 163.5 167.8 169.2 165.7 158.8 146.4 144.9 144.1 143 140.9 141.1 140.6 141.7 142.8 145.7 146.5 146.6 146.5 147.1 152.7 155.1 156.5 156.4 155.2 155.5 156.9 159.1 160.5 161.1 163.4 162.7 162.2 163.8 165 164.8 166 164.5 173.7 182.4 191.8 199.4 209.1 218 226.4 234.1 240.8 246.5 246.3 247.3 246.4 245.6 243.2 240.3 234 227.8 227.3 228.2 229.8 230.9 232.5 232.9 233.6 231.5 224
105.8 103.8 104 106.8 112.5 115.2 115.7 119.2 125.1 129 135.6 142.3 151.5 158.6 166.3 170.1 175.5 177.8 175.7 168.8 160.2 151.6 148.6 146.8 145.4 144.4 144.1 144.8 147.2 149.4 150.7 151.5 151.9 151.3 155.8 157.8 159.2 159.8 160.4 161.1 161.3 161.4 162.6 162.1 164.4 165.1 165.2 168.5 170.7 171.8 171.6 168.7 170.4 182.7 193.5 204 213.7 221.9 230.6 238.3 242.6 245.6 248.1 250.3 251.5 250.2 248.4 243.8 239.8 235.9 234.9 235.7 238.1 238.5 239.2 239.4 238 233.9 227
106.3 104.8 104 107.4 110.1 113.5 118 122.1 126.5 130.7 138.8 145.3 153.1 163.3 171.1 176.5 182.9 184.8 183.4 178.9 170.7 159.8 154 151.6 148.8 147.5 148 148.4 151.8 153.9 155.1 157.6 159.7 160.2 159.1 160.4 161 162 163.3 164.5 165 164.9 164.8 165.3 166 167.6 169.1 171.9 174.4 174.5 175.1 174.8 168.7 180.1 193.3 202.7 213.1 222.8 231.6 237.1 240.3 245.4 249.4 252.2 252.9 253.5 251.9 248.5 245.5 244 242.9 242.8 243.2 243.2 244 243.2 242.2 237.8 229.8
106.2 105.2 105.8 109 111.3 113.9 117.5 122.1 127.2 133 138.2 146.6 153.2 161.9 173.3 180.3 186.9 189.4 189.1 186.3 178.6 167.9 160.5 157.4 154.1 152.7 151.3 153 158.3 160.1 161.9 163.3 164.1 164.2 163.6 163.8 164.3 165.6 165.5 167.2 167.3 167.8 167 168 167.6 170.7 172.4 172.2 176 176.3 176.9 177.3 174.4 174.3 188.7 198.7 210.1 217.5 222.4 230.5 239.3 244.1 248.4 251.9 253.7 255.2 255 252.9 251.7 251.6 250.7 251.4 250.8 248.7 249.5 249 245.9 241.2 232.2
107 106.3 107.5 110 112.4 115.3 118.1 122.5 127.7 132.3 139.2 146.9 153.3 160.9 171.8 180.1 187 192.3 194.1 191.1 184.2 175.3 167 163.2 159 157.3 155.5 158.8 162.1 164.5 166.5 168 168.3 168.2 166.7 166.6 168.1 168.5 168.9 170.3 170.9 170.8 171.3 173 174.1 175.1 176.2 170.5 177.3 177.5 178 179.5 179.7 173.8 181.8 193.8 203.1 212.1 221.3 227.7 234.3 241 247.1 250.3 254.3 255.9 256.8 256.8 258.2 259.1 259.8 258.9 258.4 257.3 257.1 256.1 250.7 243.8 236
107.9 107.4 108.9 113 114.3 117.1 120.1 124.4 128.1 133.1 138.8 144.8 152 159.6 167.6 175.6 182.7 189 193.7 192.4 186.8 181.1 174.7 168.8 164 162.8 160.7 162.7 165.4 169.2 171.5 172.3 173.6 173.9 173.7 171.3 170.5 172.9 173.6 175.4 175.8 175.6 175.4 175.9 177.6 178.1 178.8 178.2 174.8 179.8 179.7 180.8 181.4 179.6 177 190.2 198.7 206.6 212.8 221.3 230.6 237.9 244.3 249.9 253.7 256.6 259.6 262 264.5 266.2 267.7 266.6 265.5 264.6 264.2 261.5 255.8 249.4 240.4
108.9 109.2 111.4 113.4 116.8 119.9 123.6 126.6 129.6 133.5 138 140.5 150.7 157.9 163.9 170.4 177.6 185.4 190.8 192.2 190.4 187.6 181.7 174 170.5 167.7 165.6 165.3 169.7 173.9 176 178.2 179.6 180.9 179.5 176.4 175.2 175.5 176.1 178.9 180 180.2 179.1 180.7 182.3 182 181.7 180.2 178 179.9 181.8 183.2 183.7 183.5 178.6 183.6 191.5 200.3 208.7 218.6 228.3 236.6 243.6 251 255.6 259.7 263.7 267.2 269.8 272.4 273.1 272.2 271.2 271.2 270.1 267.1 262.4 254.5 246.4
109.6 110.8 112.5 114.9 118.6 122.3 126.8 129.4 130.8 134.2 138.2 144.9 149.6 156.1 161.4 166.6 172.9 181.3 190 193.9 194.6 193 189 184.4 179.1 173.4 170.3 173.8 177.5 179.8 180.4 183.1 184.6 185.4 185.3 182.6 180 178.5 178.8 181.6 183.6 185 185.9 187.3 187.1 186.6 185.3 181.7 179.6 178.8 181.7 182.8 184 184 184.1 180.6 187.5 195.5 206.7 217 226 235.4 244.5 251.3 257.2 261.8 266.8 270.4 273.5 275.4 277.3 277 277 276.4 274.6 270.8 265.8 259.7 256.2
110.9 110.2 113.3 115.4 120.5 124.5 128 130.8 132.5 134.7 137.8 145.6 150 154.4 159.2 164 169.8 179.7 187.6 193.6 196.8 196.2 194.4 190.2 187.6 186.2 184.3 184.7 185.6 186.3 187.4 188.5 189.6 190.9 190.3 187.4 185.1 183.2 184.4 185.4 188.6 190.9 193.7 195.5 195.4 193.2 190.5 186.5 182.6 181.4 183.1 184.4 185.3 185.7 185.6 181.8 186.6 192.9 201.1 212.1 221.8 233.1 241.8 250.9 257.8 262.2 267.8 272.8 275 277.5 278.6 279.3 279.2 278.4 276.3 273.6 269.6 266.8 264.4
111.7 111.8 114 116.1 122.4 125.6 129.2 131.8 134.3 136.9 140.4 146.4 149.1 153.2 158.3 162.5 168.2 176.7 184.6 191.9 195.3 195.7 192.7 194.6 194 192.7 191.7 191.1 192 193.5 195.6 198.2 198.8 199.4 196.1 191.1 188.8 188.3 189.1 191.6 194.4 197.8 202.5 206.5 207.5 206 202.6 195.9 187.7 184.3 183.9 186 187.1 187.1 186.5 187.4 185.3 191.8 197.5 204.7 214.5 226.5 237 246 253.7 259.6 264.5 269.5 271.8 274.4 276.3 277 277.3 276.6 276.5 274.8 273 271.9 270.7
112.4 112.6 113.6 118.3 124.1 127 131.1 134.4 136.6 139.3 143.6 148.8 151.9 156 160 162.6 166.1 175.1 179.9 181.7 185.5 192.9 195.8 197.5 198.6 197.9 196.8 197.5 198.8 201.1 203.5 207 209.2 208.6 206.6 200.2 194.2 191.2 192.5 195.4 199.9 203.6 209.8 213.9 218.3 219.5 217.3 208.3 195.6 189.3 187.1 187.6 189.1 188.8 188.3 188 188.3 188.5 196 199.8 205.3 215.1 226.2 235.3 243.9 250.5 255.8 261.6 266.3 268.5 270.6 274 269.8 275 276.9 276.6 276.2 276 277
113.7 114.5 115.6 121.9 125.9 129.2 133.7 137.5 139.6 142.4 149 152.2 156.1 161 165.1 168.4 171.7 173 175.1 185.1 191.3 194.4 196.3 198.1 199.8 201.1 201.3 202.5 204.3 206.6 211 215.4 217.4 218.3 217.7 213.4 203.8 196.3 194.2 197.6 203.7 208.3 212.3 218.7 223.3 225.6 225.1 218.6 205.8 196.6 192.7 189.3 191.7 191.7 191.2 190.2 189.9 187.8 194.4 198.2 202.4 206.4 214.4 223.7 232.3 242.1 248.2 253.3 257.7 262 263.9 265.8 273.2 276.2 278.2 278.7 278.8 280.9 283.9
115.2 115.5 118.6 124 128.3 132.8 136.5 139.2 141.4 145.1 151.9 155.3 159.8 164.3 168.7 172 176 180.7 185.1 189.6 193 195.7 197.6 198.9 200.3 201.7 204 206.5 209.2 214.9 219.3 223.2 226.2 228.5 228.3 227 220.9 207.8 201.1 200.1 206.4 212.6 217.7 223.3 228.5 231.5 232 227.2 216 200.1 197.5 194.3 193.8 194.7 194.2 192.9 192.4 191.7 193.1 198.2 200.8 204.7 208.8 213.8 222 230.8 239.4 245.9 250.7 254.7 260 266.1 269.7 275 278.3 281.7 283.3 288.1 291.2
116.1 116.7 122.2 126 131.8 135.7 138.5 140.1 142.2 148.5 154.4 158.4 162.9 168 172.9 177.3 182 187.2 190.5 192.7 195.6 197.5 197.8 199.1 200.9 203.3 205.7 209.1 215.3 221.9 227.2 231.1 235.4 237.8 237 236.8 231.8 224.2 213.5 209.4 212.4 217.6 223.2 228.3 233.3 236.1 236.4 232.6 221.8 205 202.2 198.8 196.2 197.9 197.5 196.3 196.1 195.6 192.9 195.5 200.5 203.2 205.6 210.5 216.9 222.8 228.9 236 243.4 249.1 257 264.2 270.3 276 281.3 286.9 292.3 296.5 299.6
