Game/Highland_Data/StreamingAssets/GeoData/Data/sn/SN56.asc
ncols 200
nrows 200
xllcorner 250000
yllcorner 260000
cellsize 50
[rows 105 to 139 of 200, columns 78 to 155 of 200]
197.7 198.9 199.6 200.1 200.5 200.8 201.2 202.6 204.2 205.7 207.1 208.6 210.4 211.6 212.9 213.7 214.7 215.6 216.5 217.3 217.9 218.4 218.8 219.1 219.1 219.3 219.4 219.9 220.4 221.2 222 222.9 223.6 223.5 223.4 222.8 222.2 221.7 222.9 224 224.8 225.3 225.8 226.5 227 226.9 226.7 226.3 225.6 225.5 225.4 225.4 225.7 226.4 226.7 226.7 226.8 227.7 228.7 230.3 231.6 232.5 234.3 236 238.3 241.1 243.8 245.4 246.9 247.7 248.6 249.7 250.9 251.9 253.1 254.7 256.2 257.7
198.9 199.8 200.8 201.3 201.9 202.3 202.6 203.7 205.1 206.5 208.1 209.8 211.3 212.6 213.8 214.5 215.1 215.4 216.3 217.2 217.9 218.4 218.9 219.4 219.6 219.8 220.3 220.9 221.3 222 222.8 223.8 224.7 224.7 224.8 224.2 223.7 223.3 223 223.4 223.6 223.2 224.6 224.9 225.2 225.4 225.3 225.3 225.1 225.3 225.3 225.4 225.9 226.6 226.8 227 227.5 227.8 229.5 231 231.8 233.1 234.5 235.9 238.3 240.6 242.4 245.8 247.9 248.8 249.9 251.2 252.7 253.5 254.5 255.8 257.2 258.7
199.8 200.8 201.6 202.3 202.9 203.5 204 204.7 205.8 207 208.6 210.3 211.9 213.5 214.7 215.5 216.2 216.3 216.8 217.5 218.1 218.6 219.2 219.7 220.1 220.5 221.1 221.9 222.4 223 223.7 224.7 225.6 226.1 226.1 225.9 225.3 225 224.9 225.2 225.4 225.1 224.5 224.4 224.5 224.5 224.7 223.5 224.5 224.5 225 225.6 226.1 226.5 226.6 226.8 227.1 228.4 229.6 231.2 231.8 233 234.3 236.4 239.3 240.7 242.1 244.8 248 249.4 251.5 253.1 254.3 254.7 256 257.2 258.5 259.7
200.8 201.8 202.6 203.3 203.9 204.5 205 205.5 206.3 207.4 208.8 210.4 212.1 213.6 214.9 216 216.9 217.5 217.9 218.1 218.4 219 219.6 219.9 220.3 221 221.9 222.7 223.3 223.8 224.6 225.5 226.3 226.9 227.5 227.8 227.3 227 227.2 227.7 227.4 227.1 225.6 225 224.7 224.9 224.3 224.5 224.5 224.8 225.4 226.1 226.7 226.6 226.7 226.8 227.6 229.1 230.4 231.4 232.8 234.5 235.5 237.7 239.5 242.1 243.8 244.1 247.6 249.6 251.9 253.9 255.5 256.2 257.5 258.6 259.7 260.8
202 203.1 203.7 204.3 204.9 205.4 205.9 206.5 207.5 207.9 208.8 210.3 211.7 213.1 214.6 215.8 216.6 217.3 217.8 218.2 218.4 218.6 219 219.6 220.1 220.8 221.9 223.1 223.9 224.7 225.5 226.3 227.1 227.8 228.7 229.2 229.3 229.1 229.6 230.1 229.7 229.3 227.7 226.1 225.5 225.2 224.7 224.6 224.7 225.1 225.7 227.5 226.8 226.7 226.9 227.3 228.1 229.1 229.5 232.2 234.1 235.9 237.4 238.9 239.4 242.1 244.2 246.2 247.5 249.8 252.2 254.3 256.3 257.6 258.8 259.9 260.8 261.9
203.1 204.4 205.1 205.7 205.9 205.9 206.3 206.7 207.1 208.4 208.7 210.1 211.5 212.9 214.3 215.4 216.1 216.4 216.8 217.2 217.7 217.9 218.4 219 219.7 220.8 222.2 223.5 224.5 225.3 226.1 227 228.5 229.3 230 230.7 230.7 230.5 230.5 231.2 232.3 231.9 230.1 228.6 227.2 226.2 225.6 225.1 225.1 225.5 226.6 227.3 227 226.7 227.3 228.2 229.6 231.3 232.8 234.9 236.7 238.1 239.4 239.8 240.7 243 245.2 246.9 249 250.3 252.8 254.9 256.9 258.6 260.1 261.1 261.9 262.8
204.2 205.6 206.6 206.6 206.5 206.5 206.4 207.5 207.7 208.4 209.3 210.1 211.5 212.9 214.3 214.7 215.4 215.6 215.3 215.4 216.3 217.2 217.8 218.6 220 221.5 222.9 224 224.9 225.8 226.6 228 229.8 230.7 231.3 231.8 231.9 231.7 231.3 232 233.9 234.7 233.6 231.7 230.3 229.3 228.6 228.2 227.9 228 228.7 227.7 226.8 227.2 228.5 229.3 231 232.7 234.5 236.4 238.4 240 241.3 242.1 243 244.2 245.9 247.5 249.7 252.2 254 255.8 257.6 259 260.5 261.5 262.5 263.6
205.6 206.7 207.3 207.2 206.9 206.8 206.7 207.3 208 209 209.9 210.7 211.5 212.9 213.8 214 214.7 215 214.8 214.6 215.2 216.3 217.3 218.6 220.2 221.9 223.5 224.4 225.3 226.3 227.1 228.1 229.9 231.4 232.3 232.8 232.9 232.8 232.2 232.9 234.8 237.4 236.7 235.1 233.5 232.8 234.1 235.7 235.2 233.3 231.6 229.8 228.1 228.5 229.4 230.7 232.5 234.1 235.8 237.7 239.7 241.4 243 243.9 244.7 246.1 247.3 249.4 251.2 253.7 255.8 257 258.1 259.5 260.8 262.1 263 263.9
206.9 207.7 207.8 207.8 207.7 207.4 207 207.8 208.7 209.7 210.4 211.3 212.1 212.9 213.2 213.4 214.2 214.6 214.4 214.3 214.4 215.7 217.1 218.7 220.3 222 223.5 224.7 225.7 226.7 227.7 228.6 229.6 230.8 231.8 232.3 232.9 232.7 232.6 233.8 236.3 239.7 239.3 237.8 236.1 234.9 236.5 239.5 238.7 237.7 235.9 234 232.1 231.5 231.4 232.2 233.9 235.5 237.2 238.8 240.7 242.5 244.1 245.3 246.5 248 248.9 251.1 252.9 255.3 257.2 258.1 259 259.6 259.9 261.6 263.4 264.3
207.4 207.6 207.6 207.5 207.3 207.1 207 208.1 209.1 210 210.7 211.7 212.7 213.3 213.2 213.1 213.4 213.8 213.4 212.9 213.1 214.5 216.3 217.9 219.4 220.9 222.2 223.2 224.6 225.3 225.7 226.1 227.5 229.1 230 230.7 230.7 231.1 231.2 233.2 236.3 239.4 240.1 239.9 237.9 236.1 237.4 240.7 240.7 241.7 240.5 238.2 235.8 234.3 233.3 233.7 235.1 236.8 238.4 239.9 241.6 243.1 244.8 246.2 247.6 249.1 250.5 252.8 254.8 256.8 257.9 258.5 258.9 259.3 259.6 261.2 262.9 264.4
207.3 207.4 207.2 206.7 206.5 206.3 206.9 208.1 209.1 210 210.9 211.9 212.6 213.1 213.2 213.1 213.2 213.1 212.4 211.9 211.8 213.2 214.7 215.9 216.8 218 219.4 220.9 221.9 222.4 222.9 223.6 224.6 225.3 226.1 226.9 227.7 228.4 229.4 231.2 233 235.8 237.2 238.2 238.4 237.3 239.2 241.9 243.1 243.9 243.2 239.6 237.1 235.6 234.5 235.2 236.4 237.8 239.2 240.6 242 243.5 245.2 247.6 249.5 251 253.1 253.9 257 258.1 258.6 258.9 259.1 259.4 259.9 261.1 262.7 263.6
206.6 206.4 206.3 205.9 205.8 205.5 206.5 207.9 209.2 209.7 209.9 210.8 211.5 212.1 212.5 212.8 213 212.4 211.7 211 210.6 211.3 212.3 213.1 213.7 214.9 216.3 217.3 218.2 218.9 219.6 220.3 221 222 223.1 223.9 224.8 225.7 227.1 228.8 230.4 232.6 234.4 236 237.3 238.3 240.5 242.7 243.8 243.1 242.7 240.5 238.3 236.6 235.4 236.2 236.9 238.2 239.6 241.4 243 244.7 246.4 248.6 250.7 252.8 254.5 256.9 258.8 258.8 259.1 259.4 259.6 259.8 260.2 261 262.1 263.2
205.3 205.3 205.2 205.4 205.2 205.2 206.1 207.3 207.9 208.4 208.7 209.3 210 211.1 211.7 212 212.1 211.7 210.5 209.1 208.7 209 209.8 210.2 210.6 211.6 213 213.9 214.6 215.3 216.1 217 218.2 219.3 220.5 221.5 222.4 223.3 224.6 226.5 228.1 229.9 231.8 233.5 235.6 238 240.3 242.6 243.1 242.8 241.4 239.5 237.7 235.8 235.6 236.5 237.4 238.9 241.3 243.5 246 248.1 249.5 250.8 252 254.1 255.6 257.3 259 259.1 259.4 259.6 259.8 260 260.4 261.2 262.3 263.3
203.8 203.9 204.2 204.5 204.9 205 205.7 206.2 206.2 206.7 207.1 208 209 210.3 210.8 211 211.1 210.3 208.9 207.3 206.8 206.7 207.1 207.5 208 208.9 209.6 210.4 211 212.1 213.3 214.3 215.6 216.7 217.9 219 219.9 220.8 222.2 224 225.8 227.5 229.3 231.4 233.6 236.1 239.3 241.7 242.3 241.6 240.1 238.2 236.9 235.1 236.1 236.7 237.6 239.6 242.6 245.8 248.8 251.3 252.9 253.9 254.9 255.6 256.5 257.5 259.1 259.1 259.5 259.7 259.9 260.2 260.6 261.5 262.6 263.8
201.8 201.9 202.2 202.4 203.2 204.5 205 204.6 204.7 205.2 206.2 207.1 208 209.2 210.2 210.4 210.1 208.9 207.3 205.8 205 204.6 204.7 204.9 205.6 206.5 207.2 207.9 208.4 209.7 210.8 211.9 212.9 214.2 215.4 216 217.4 218.6 219.8 221.5 223.4 225.1 226.5 228.6 230.9 233.5 236.2 240.3 241.7 240.4 238.6 236.8 235.7 234.5 235.3 236.9 238.1 240.3 243.7 247.1 251 253.3 254.9 255.7 256.2 256.7 257.5 258.4 258.9 259.2 259.5 259.8 260.1 260.4 260.9 262.2 263.4 264.7
199.8 200 200.1 200.4 201.5 202.5 202.8 202.5 202 203 204.1 205.2 206.4 207.6 208.5 209.2 208.8 207.5 206 204.5 203.6 202.9 203 203.4 203.6 204.3 204.9 205.6 206.6 207.6 208.8 209.8 211 211.8 213.1 214.3 215.7 217.2 217.8 219.4 220.9 222.5 224 225.6 227.9 230.1 233 238.8 240.6 238.9 237.1 235.4 234.2 233.4 233.9 235.4 237.6 240.5 244 247.5 251.6 253.9 255.2 256.1 256.8 257.5 258 258.5 258.9 259.2 259.6 260 260.7 261.1 262.4 263.7 264.4 266.1
197.7 197.9 198.2 198.6 199.1 199.9 200.1 200 200.4 201 201.9 203.3 204.9 206.4 207.2 207.7 207.4 206.1 204.7 203.4 202.5 201.6 201.7 202 202.3 202.8 203.6 204.4 205.1 206 207.4 209 209.6 210.6 211.8 213.3 214.8 216.3 216.9 218.2 219.6 220.5 222 223.1 224.6 226.7 228.6 233.2 236.4 236.4 235 233.7 232.7 232.3 233.1 235 237.2 240.6 244.1 247.7 251.2 253.3 254.8 255.8 256.6 257.5 258.1 258.7 259.2 259.6 260.1 260.8 261.5 262.2 263.7 263.6 265.9 269.3
195.8 195.7 195.8 195.5 196.1 196.7 197 197.3 198.5 199.7 200.8 202.2 203.6 205.5 206.2 206.4 205.7 204.8 203.4 202.3 201.4 200.5 200.8 201.2 201.6 201.9 202.4 203.2 204 204.7 206 207.8 209.3 210.7 212.1 213.5 215.7 217.6 218 218.8 219.9 220.5 220.9 221.1 222.3 223.9 225.5 227.9 230.6 231.9 231.7 231.7 231 231.6 232.4 234.6 237 240.6 244.2 247.7 250.6 253 254.4 255.5 256.4 257.4 258.1 258.8 259.3 260.1 260.9 261.5 262.2 263.1 264.5 267 269.7 275.3
193.8 193.3 193.1 192.5 192.9 193.5 194.1 195.9 198 199.3 200.5 201.9 203.3 205.3 206 206.1 205.9 204.7 202.8 201.1 200.2 199.3 200 200.4 200.8 201.2 201.5 202.1 202.9 204.2 205.8 207.4 209 210.5 212.1 213.7 215.6 217.2 217.6 218.1 219.5 220 219.3 219.6 220.4 221.5 222.9 224.3 226.1 228.2 229 229.6 229.6 230.7 232 234.3 237.1 240.7 244.3 247.6 250.5 252.9 254.4 255.3 256.4 257.4 258.2 258.9 259.6 260.5 261.4 262.2 263.1 264 266.1 270.1 275.5 281.3
191.2 190.6 189.7 189.3 189.8 191.3 192.9 195.3 197.3 198.6 199.8 201.4 203.1 204.6 205.1 205.5 204.8 203.8 202.2 200.3 199.1 198.5 199.3 199.5 199.8 200.2 200.5 201.3 202.2 203.6 205.1 206.8 208.5 210 211.5 213 214.3 215.4 215.8 216.4 217.4 217.9 217.7 218.2 218.8 219.6 221 222.4 223.9 225.6 227 227.8 228.4 229.6 231.4 233.7 237.1 240.6 244 247.4 250.5 252.9 254.6 255.4 256.3 257.4 258.3 259.1 260.1 261 261.8 262.8 264 265.9 269.1 275.3 281 286.7
187.2 186.5 185.4 186 187.6 189.7 192 194.3 196.2 197.8 198.7 200.1 201.5 202.7 202.5 202.8 202.4 201.5 200.7 199.3 198.1 198 198.6 199 199 199.1 199.6 200.4 202 203.8 205.9 207.2 208.9 210.1 211.6 212.6 213.9 214.9 215.6 215.4 215.5 215.9 216.6 217.6 218.4 219.3 220.1 221 222.2 223.7 225.1 226 227.1 228.4 230.4 232.8 236.4 240 243.3 246.6 249.6 251.7 253.4 255.1 256.3 257.4 257.9 259.3 260.4 261.4 262.5 263.6 264.7 268 272.8 279.5 285.5 290.9
182 182.1 182.2 183.5 185.6 187.6 190.3 192.5 194.3 195.8 197 197.6 198.8 199.6 199.9 200.2 200.1 199.2 198.4 197.6 197 197.3 197.8 198.2 198.5 198.5 199 200.6 202.4 205.6 208.2 208.8 209.5 210.6 211.6 212.9 213.8 214.9 215.4 215.3 214.9 215.2 216.2 217.2 218.3 219.2 219.8 220.6 221.7 222.9 223.8 224.8 225.8 227.5 229.5 232.3 235.5 238.6 242.1 245.4 247.4 249.6 251.9 253.6 255.6 257.4 258.6 259.9 261.2 262.1 263 264.2 266.3 270.9 277.1 283.7 289.2 294.2
178.4 178.8 179.4 181.4 183.5 185.9 188.6 190.7 192.9 194.1 195.1 195.5 196.3 197.4 197.5 197.7 197.7 196.9 196.1 195.9 195.7 197.1 197.6 197.8 197.9 198.2 199.3 200.9 205 208.2 210.1 211.4 212 212.3 213.5 214.3 214.6 214.9 215 215.2 214.8 214.6 215.8 216.8 218.2 218.4 219.2 220.2 221.3 221.4 222.8 223.8 224.7 226.2 228.9 232 235.1 238.1 240.7 243.3 245.5 247.8 250.2 251.9 254.2 256.9 258.9 260.7 261.7 262.6 263.5 265.4 268.5 274.1 282.1 289 295.5 301.4
174.1 175.4 177.6 179.9 182.7 185.1 187.9 190.1 192.3 193.3 194.1 194.5 194.7 195.1 195.3 195.5 195.5 194.7 194.2 194.4 194.6 197.5 198.3 199.7 200.4 200.1 201.4 204.1 206.7 209.1 211.3 212.8 213.4 214 214.3 214.6 214.3 214.6 214.8 214.6 214.1 214.6 215.5 216.4 217.4 218 218.8 219.9 221.1 221.8 223 223.9 225.1 226 228.8 231.5 234.2 237 239 241.4 243.7 246.1 248.5 250.8 253.1 256.4 258.3 260.2 262 263.9 265.5 268.1 272 278.9 287.5 295.9 303.5 307.6
171.2 174 176.2 179.2 182.3 185 187.4 189.6 191.7 192.4 192.9 193.1 193.3 193.5 193.6 193.7 193.7 193.1 192.9 193.3 195.1 197.7 199.7 201.2 202.6 202.7 204.3 205.2 207 209.4 211.1 212.8 214.1 214.7 215.1 215.1 214.8 214.5 214.3 213.8 213 213.7 215 215.7 215.8 217.2 218.5 219.6 220.9 222.3 223.5 224.6 226 227.9 229.2 228.3 232.3 235.8 237.8 239.6 242 244.5 246.8 249 251.3 254.6 257 259.6 261.8 264 267 270.7 276.4 285.2 293.8 300.9 305 307.3
169.9 172.6 176.1 179 181.9 184.4 186.9 189.1 190.7 191.3 191.2 190.9 191.5 192 192.5 192.4 192.2 192.2 192 193.5 196.1 198.4 200.9 202.2 203.4 203.8 203.9 204.3 206.2 208.2 209.5 210.8 212.3 213.7 213.9 213.6 213.2 213.5 213.4 213.1 212.2 213.4 213.9 214.9 215.6 217 218.3 219.5 221.5 223.5 225.5 227.4 229.4 231.4 232.7 233.2 233.3 232.5 234.7 238.4 240.6 242.9 245.3 247.5 250 253 255.8 258.4 261.2 263.6 267.6 273.1 281.3 290.7 297.1 301.6 303.7 305.9
169.1 172.4 176 178.8 181.3 183.6 185.4 187.5 189.1 189.1 188.1 188.2 189.4 190.8 191.4 191.2 190.7 191.2 193 194.8 197.4 200 201.3 202.6 203.5 203.8 203.5 203.2 204.6 206.2 207.6 208.8 209.7 210.6 210.9 211.1 211.4 212.4 212.4 212.4 210.9 212.3 213.6 214.6 215.6 216.9 218.6 220.6 222.8 225 227.4 229.9 232.2 234.5 236.7 238.1 238.4 238.2 239.3 237.8 240 241.7 244 246.4 248.7 251.9 255 258.1 261 263.8 267.3 273.6 279.6 291.2 295.8 299.2 302.2 305
168.8 172.2 175.4 177.9 179.5 181.5 182.6 185.5 187.3 186.6 185.1 185.3 187.3 189.3 190.5 190.5 191.2 192.4 194 196.1 198.4 200.3 201.6 202.5 203.2 203.4 202.3 201.7 202.6 204.2 205.6 206.8 207.4 207.8 208.4 208.8 209.5 210.9 211.6 211.6 210.8 212.6 213.9 214.9 215.9 217.5 219.5 221.6 223.5 225.5 228.2 231 233.4 236 238.7 241.2 243.2 243.4 243.6 243.3 242.7 243 244 245.6 247.9 251.2 254.3 257.4 260.7 263.9 267.7 272.7 279.7 287.1 293 296.8 300.7 306
166.9 170.4 173.7 176 177.2 178.6 180.3 183.1 184.7 183.6 183.2 183.8 185.7 187.3 188.1 190.1 192 193.5 195.1 197.2 199.3 200.7 201.4 201.8 202.3 201.8 200.9 200.8 201.8 202.5 203.9 204.7 204.8 205.3 206 206.8 207.8 209 209.9 210.2 210.3 212.8 214.1 215.2 216.5 218.5 220.2 222.1 224 225.9 228.5 231.2 233.6 236.2 239.2 242 244.2 245.9 247.2 247.8 247.9 247.3 247 245.1 248.5 250.9 253.7 256.6 260 264.4 267.3 271.9 278.3 285.1 290.9 294.9 301.2 304.8
164.8 168.1 171.1 173.2 174.4 176.2 177.9 180 181.3 180.7 180.6 181.3 182.4 184.3 188.5 190.9 192.9 194.8 196.5 198.1 199.6 200.6 201 201.2 200.7 200.7 200.8 200.8 201.2 202 202.4 202.7 203 203.8 204.6 205.6 206.5 207.7 207.9 209.4 211.1 213.2 214.8 216.2 217.6 219.4 221.1 222.8 224.7 226.7 228.7 230.8 233.1 235.3 237.4 240.1 242.7 245.2 247.4 249.1 250.2 250.6 251.3 251.1 252.4 253.4 253.3 255.7 258.7 262.5 265.7 270 276.3 282.6 288.5 293.6 300.2 303.5
161.7 164.3 167.4 170 172.1 173.6 174.7 176 177.2 176.9 174.6 179.7 182.3 185.6 188.4 190.7 192.7 194.6 196.4 198.1 199.6 200.2 200.2 199.8 199.5 199.7 199.9 200.4 200.9 201.1 201.3 201.5 202.1 202.8 203.7 205.2 206.8 208.4 209.9 211.3 212.7 214 215.7 217 218.3 220.1 221.9 223.5 225.2 226.8 227.9 230.1 231.6 233.7 235.4 237.5 239.8 242.4 245.1 247.9 250.6 252.4 253.8 254.7 255.5 256.1 256.4 256 257.6 260.5 263.5 266.2 270.8 276.9 282.6 288.4 292.6 295.8
158.5 160.9 163.4 166.6 168.3 170.1 171.5 173 173.9 171.6 176.2 179.3 182.5 185.1 187.5 189.6 191.6 193.4 195.8 197.5 198.6 199.2 198.8 198.5 198.3 198.5 198.6 198.9 199.4 199.7 200.2 200.7 201.1 202.1 203.4 205.8 207.9 209.3 210.8 212.4 214.2 215.4 216.5 217.9 219.2 220.6 222.1 224.1 225.7 226.8 227.9 229.1 230.4 231.8 233.2 235.3 237.5 239.8 242.4 245.4 248.5 251.6 254 255.3 257.2 258.3 258.6 258.1 257.5 258.9 262 263.2 265.6 269.7 273.9 278.6 280.6 283.4
155 157.6 159.1 160.7 162.9 165.7 167.7 169.5 169.1 173.1 175.9 178.6 181 183.5 185.9 187.5 189.6 191.3 193.1 195.4 194.2 195.8 196 196.7 196.8 197.2 197.8 198.1 198.4 199.1 199.8 200.5 200.8 201 202.4 204.8 206.7 208.1 210.2 212.2 214.1 215.7 217.3 218.4 219.7 220.4 221.6 223.6 225 225.9 226.7 227.4 228.6 229.7 231 233.2 235.4 237.8 240.2 243.1 246 249 251.5 253.6 256 257.3 259.3 260.7 260.5 260.8 260.8 262.2 263.7 265.9 268.3 270.4 273 274.2
154.2 156.4 156.9 158.7 160.5 162.3 165 166.9 167.9 170.8 171.6 176.1 178.2 179.8 181 182.7 185.5 187.8 192.8 192.7 197.2 197.5 197.4 197.2 196.9 196.7 196.9 197.3 197.4 198.2 198.8 199.6 199.9 200.5 201.3 202.9 204.7 206 207.7 209.6 211.7 213.9 215.5 217.1 218.8 219.9 221 222.5 223.9 224.3 225 225.7 226.7 227.8 228.9 231.2 233.4 235.8 238.1 240.8 243.8 246.9 248.7 250.7 253.3 256.5 259.1 261.5 264.5 264.4 264.5 263.9 264.8 265.8 267 268.8 270.7 272.4
158.4 156.9 157.2 159.9 163.1 166.2 168.3 170.2 172 174.1 175.9 178.3 180.6 182.8 184.5 186.8 189.6 192.2 194 195.8 197.3 198.3 198.7 198.4 197.8 197.5 197.8 197.9 198.4 198.7 199.4 200.2 199.5 199.2 200 200.9 201.9 203.1 204.3 206 207.2 208.9 211.1 213.5 215.3 217.1 218.9 219.9 221.1 222.3 223.2 224.1 225.1 226.2 227.3 229 231.3 233.6 236 238.7 241.8 244.1 245.9 247.8 250.4 254.1 260.8 265.4 269.2 269.4 269.3 268.6 268.5 269.5 271.2 273.7 276 278.3
