Game/Highland_Data/StreamingAssets/GeoData/Data/sn/SN60.asc
ncols 200
nrows 200
xllcorner 260000
yllcorner 200000
cellsize 50
[rows 105 to 139 of 200, columns 0 to 78 of 200]
25.3 29.7 33.5 35.4 39 45.9 54 63.6 68.1 70.6 72.8 76.2 80 85.2 78.4 67.4 79.5 93.3 96.5 101.1 107.6 115.8 121.8 126.9 135.1 149.5 163.1 172.8 181.3 190.2 198.8 206.6 212.2 216.4 218.6 220.4 221.6 222.3 221 218.6 216.8 211.1 207.3 202 196.1 180.8 161.3 144.3 137.7 128.9 122.2 117.8 113.6 109 110.3 118.2 126.8 138.2 151.6 167.6 184 201.5 217.9 232.2 242.2 249.4 256.2 259.3 261.1 260.2 258.5 255.5 252.7 248.7 243.5 236 226.9 210.9 193.9
27.3 30.3 32.1 33.1 37.8 44.8 51.4 59.1 63.4 66 69.1 73.7 76.5 79.3 65.7 73.9 91.4 95.5 97.7 102.7 110.4 117.9 124.9 135.7 149.5 164.2 171.6 178.5 187.2 194.6 203.9 210.7 215.8 218.9 220.8 223.7 225.3 225 223.4 221.1 216.3 210.4 205.1 198.5 191.3 169.8 151.9 138.1 130.6 121.7 117.5 113.2 108.9 108.5 114 124.8 134.9 148.8 164.8 180 197.3 213.5 226.8 237.1 246.4 252.2 255.9 257.5 258.9 257.8 256 253 250 245.8 240.2 232.1 222.5 203 187.3
28.1 29.3 31 34.5 39 45.3 49.8 55.7 58.9 62.8 67.4 73.5 58.3 71 64.7 88.4 92.9 97.5 100 104.9 114.1 121.8 133.8 151.8 167 173.1 177.3 183.3 190.6 197 205.8 213.5 217.3 218.4 219.9 221.6 224.9 222.1 216.9 213.7 211 206.9 201.8 195.4 183.5 160.9 143.3 132 123.8 117.1 112.3 107.3 107 112.2 121.1 131.9 145.9 161.7 176.8 193.1 210.3 222.4 231.5 240 247 251.1 254.3 255.8 256.5 255.2 253.5 250.7 247.4 242.1 236 227.8 217.7 197.5 184.7
29.4 30.2 31.6 36.6 42.5 46.2 48.3 53.2 57.9 63.3 68.4 73 59.6 60.1 75 89 96.7 100.6 103.6 108.9 118.3 129.2 149.6 167.8 174.6 178.9 180.9 185.1 190.7 198.2 207.3 214.8 213.7 215.5 215.3 215.8 216 213.1 209.9 207.4 205.4 202.5 197.9 192.3 174.5 150.9 133.8 124.6 116.6 111.9 107.5 106.4 110.5 118.7 128.8 144 159.4 174.3 189.9 205 218.9 228.4 234.4 241.7 246 248.9 251.8 253.1 253.4 252.4 250.5 247.8 243.8 238.3 230.9 222.5 208.7 191.4 181
30.6 30.9 31.2 37.2 43.3 45.9 46.7 53.3 58.1 63.9 68.2 69.3 57 68.9 81.5 89.6 97.3 102.4 106.6 113.4 127.2 146.2 164.9 172.6 176.5 177.6 179.9 183.8 190.6 198.4 203.5 210.4 209 209.7 209.2 209.1 207.1 204.9 204.1 202.2 200.5 198.1 193.7 186.8 165.6 142.3 126 116.2 111.8 106.3 106.2 108.7 114.4 125.7 139.8 156.8 173.8 188.5 202.8 216 226.5 231.8 236.6 240.5 244.1 246.6 248.6 249.9 250 248.8 247 244.1 240.2 234.7 226.6 213.3 194.9 185.7 176.4
31 31.5 32.7 35.7 41 42.8 45.8 51 57.3 60.5 60 58 60.5 77.2 82.1 90 96.3 102.4 111.4 124.9 142.4 160.7 171.3 173.2 173.5 174.7 177.2 182 189.4 194.8 198.4 203.8 203.2 202.6 202.6 202.2 201 197.1 197 198.7 197.3 194.6 189.9 178.7 158.3 137.2 119.3 109.6 105.4 105.3 109.7 113.7 123.7 136.9 152.7 170.8 187.2 201.7 214.9 223.6 229.8 234.5 236.9 239.7 241.4 243.4 245.4 246.4 246.6 245.6 243.9 241.1 236.8 231.2 222.6 207.1 190.5 182.4 173.2
32.2 33.2 35 37.7 37.2 41 43.6 49.1 53.9 55.2 54.2 48.3 72.8 76.9 82 88.7 97.6 106.7 122.4 140.3 154.6 164.3 168.1 168.5 168.5 170.1 172.3 178.5 185.6 190.5 193 194.9 195 194.5 194.6 194.2 191.2 190 190.5 193.8 194.1 189.9 185.2 175.8 152.1 130.6 114.6 109.9 104.9 107.6 111.7 119.4 133.1 149.2 167.4 185.2 200.6 212.6 221.5 227.5 232.4 234.7 236.1 237 238.7 240.5 242.3 243 243.1 242.8 240.9 237.5 234 228.5 220.5 203.4 185.6 178.1 168.7
32.8 34.6 36.5 38.1 39.8 41.4 43.1 47.4 49.8 49.2 49.5 66.1 71.7 77 82 90.2 99.9 117 135.3 148 157.1 161 162.5 162.7 163.6 165.3 168.3 174.6 181 185.1 186.7 188.8 188.8 187.5 187.6 185.2 184.3 184.4 184 187.1 187.5 183.7 178.7 167.3 146.6 123.9 113.1 105.2 113 112.1 116.8 129.5 146.7 164.5 183.2 197.7 209.9 218.1 224.2 229.6 232.5 233.6 233.5 234.3 236 237.8 239.4 240.5 240.7 240.6 238.7 235.6 232.3 227.3 218.3 203.5 185.6 175.7 164.9
32.7 34.5 36.4 38.1 42.1 42.9 44.1 45.9 51.5 57.4 61.1 65.3 71 76.6 84.6 93.3 109 128.4 141.6 149.7 153.7 155.6 156.5 157.8 159 160.7 164.2 170 175.4 179.1 180.8 182.3 183 181.8 181.7 179.1 178 176.8 177.5 180.2 179.4 176 172.2 159.2 140.2 118.9 107.9 103 110 116.4 125.9 141.6 159.8 178.6 194.3 205.9 214.1 220.4 225.6 228.4 230.8 230.9 231 231.6 233.2 234.9 236.5 237.6 238.3 238.3 236.5 234 231.2 226.4 217.2 204.6 188.5 174.1 161.4
31.6 33.5 34.6 36.2 45.6 44.2 42.6 47.3 55.8 58.3 62.2 66 70.7 77.6 90.9 104.1 120.8 133.5 141.9 147 149.8 151.1 152 153.1 154.6 156.8 159.8 164.5 169.6 173.5 175.4 176.9 177.7 176.7 174.5 172.5 170.6 169.4 169 170 168.4 166.8 163.3 151.4 133.4 114 101.1 105.6 111.3 121.8 135.9 153.6 170.8 188.1 200.8 210.3 217.2 222.3 226 227.4 227.7 227.7 227.7 228.6 230.3 232 233.7 234.8 235.4 235.8 234.6 232.8 229.8 225.6 217.1 206.3 191.5 175.1 160.1
30.2 32 32.5 35.4 43.3 40.7 42.7 48.6 53.8 57.5 62.1 67.3 71.5 81.1 97 114.5 128.1 134.9 139 142 144.2 146.4 147.8 148.8 149.9 151.7 155.1 159.3 163.9 167.9 170.1 171.7 171.7 171.6 169.8 167.1 163.5 161.8 160 157.9 155.7 151.5 147.5 140 126 108.1 99.5 112.5 113.1 128.9 145.3 160.9 177.2 191.5 204 213.1 218.7 221.8 223.9 223.7 223.8 224.3 224.5 225.7 227.4 229.1 230.8 232.1 233.2 233.1 232 229.9 227.7 224 217 207.9 196.2 176.1 159.4
29.2 30.1 30.6 35.4 39 37.9 42.8 48.7 53.2 58.1 62.9 68.3 73.3 84.6 105.4 122.5 129.3 132.6 134.8 136.9 139.3 141.6 142.8 143.6 145.6 146.9 149.3 153.6 158.5 161.6 163.5 165.9 165.7 165.5 164 160.8 156 151.9 145.1 139.4 134.3 129.7 123.2 115 108.4 104.3 103.9 107.5 119.7 137.8 153.2 166 181.7 194.6 205.8 213.9 218.4 220.4 220.4 220.1 219.6 219.7 220.2 222 223.7 225.3 227.4 229.4 230.3 230.2 228.8 227.1 224.9 222.2 216.7 208.4 197.8 180.9 161.2
29.5 29.6 31 33.7 35.5 37.6 43.6 48.6 52.7 58.6 63.2 67.7 76.4 91.6 110.5 122.4 127 129.1 130.3 132.5 134.8 136.3 137.7 138.7 140.7 141.7 143.5 147.3 152.2 154.9 157.2 158.1 159.7 158.9 157.3 153.6 145.2 135.2 126.3 120 115.2 108.7 105 102.5 100.9 99 101.7 109.4 128.2 145.3 158.3 170.9 184.5 197.4 207.6 214.1 217.7 217.9 217 216.5 215.7 215.7 215.6 217.7 220.1 222.1 224.2 226.2 227.5 226.8 225.3 223.8 222 219.8 215.1 208.1 198.1 184.9 163.2
28.6 29.5 30.9 32.7 35 40 44.5 49.3 53.1 58.6 62.7 69 78.9 94.5 110.1 120.3 123.4 125.1 125.9 129 131.2 132.8 134.4 135.4 135.8 136.7 138 141.1 144.6 147.3 149.5 151.9 152.1 151.9 151.1 142 128.3 117.1 110.7 104.5 99.9 98.4 96.8 97.1 101.4 106.8 109.7 118.5 136.4 151.8 163.6 176.5 190.4 201.1 209.4 214.2 216.4 215.4 214.3 212.7 211.9 211 210.9 214.1 216.8 219.1 221.1 223.2 224 223.1 221.8 220.2 218.6 216.2 212.8 206.8 198.4 186.2 165
27.5 28.7 30.1 34.7 38.4 42.1 45.6 49.4 53.3 58.2 62 68.2 82.9 95.2 106.6 115.1 118.1 120.1 122 124.1 126.5 128.9 131.3 132.4 132.2 132.1 133.4 135.4 139.4 141.8 143.7 144.1 144.3 144.7 140.1 124.2 111.4 103.3 96.4 92.9 90.5 94.9 102.3 106.8 110.9 112.2 117.6 127.4 143.8 158.5 171.5 184.7 196.5 204.4 209.7 212.4 213.4 212.3 210.4 208.8 207.3 206.2 207.3 210.8 213.4 215.7 218 219.9 220.1 219.4 217.9 216.3 214.6 213.1 210.3 204.6 197 184.9 163.9
30.6 30.9 33.8 39 41.1 43.5 46.9 49.5 53.9 58.7 62.9 69.8 83.9 92.8 104.1 108.6 111.5 113.9 116.7 118.8 120.4 124.7 127.4 128.1 126.8 127.2 126.8 130.2 134.5 137.3 138.7 138 136.9 134 124.8 107.7 98.5 89.6 92.1 100.2 102.3 106.1 109.8 113.3 116.9 121.6 128.5 137.7 152.1 168.8 184 193.5 201.4 206.4 208.7 210 209.6 208.5 206.1 204.3 202.5 199.3 203.1 207.1 210.1 212.4 214.7 216.6 216.5 215.7 214.2 212.4 210.8 209.9 207.8 202.2 194.6 184.1 162.5
32.2 32.6 36.9 40.4 43 45.5 48.2 51.4 55.6 60.9 65.1 70.7 84.2 90.2 96.7 100.7 104.5 107.3 111.6 114.7 117.1 119.1 120.5 120.2 119.4 121.5 121.5 125.4 129.7 132.3 133.3 132.3 130.6 126.5 110.4 94.3 87.9 93.5 103.6 110 113.8 112.6 117.1 122.2 128.1 134.4 139.7 149.5 165 181.2 193.8 200.3 204.8 207.3 207.4 207.4 205.9 204.6 201.9 200.1 196.5 194.2 200.7 205.1 207.5 209.7 212 213.4 213 211.9 210.4 208.6 206.8 205.7 204.3 199.5 191.9 180.9 159.1
33.8 33.7 36.6 42.8 44.8 46.2 49.9 53.6 58.3 62.3 65.3 74.1 83 87.7 91.5 94.1 100.1 103 107.2 110.3 113.1 115.3 114.8 111.3 110.6 114.7 114.6 119.8 124.6 127.3 127.7 126.7 123.1 110.8 95.6 83.3 91.9 101.5 109.5 115.3 119.8 125.3 130.7 136.5 141.8 150.8 157.9 168 183.3 193.8 200.4 204.4 206.8 207.3 206.1 203.8 202.2 200.3 197.7 194.6 188.5 192.6 199.3 202.6 204.9 207 208.9 210.2 209.4 208.1 206.2 204.1 202.8 201.2 199.5 195.5 188.5 176.9 154.9
30.5 33.7 35.7 37.2 43.1 47.9 51.6 57.8 60.9 63.6 66.3 74.2 81.2 85 90 92.1 99 100.2 103.5 106.2 109.2 112.3 107.2 103 103.1 103.9 106.1 112.4 118.2 122.9 122.4 116.3 106.8 94.6 85.6 86.4 96.3 105.6 112.8 120.6 128.3 136.3 143.3 151.5 161.9 171.9 180 188.3 195.5 200.9 204.3 206.7 207.5 206.7 204.9 201.9 199.2 195.6 192.5 187.8 184.2 192.3 196.7 199.7 201.8 203.7 205.3 206.4 205.7 203.8 201.7 199.7 198.5 197.3 196.1 191.7 184.9 173.9 152.1
31.7 34.6 40 40.8 35.8 46.3 55.4 61 63.3 64.4 67.4 71.2 76.4 84.1 88.8 90.2 97.5 97.5 100.9 102.8 102.4 101.4 98.9 94.6 95.1 97.2 98.5 105.1 111.7 115.7 111.4 103.2 91 83.5 79.6 91.5 100.6 107.6 115.4 126 136.6 147.8 158.4 170.3 182.9 193 197.2 198.5 201.7 204.4 206.5 207.5 207.4 206.1 203.3 199.1 194.8 192.2 188.8 179.6 183 189.5 193.5 196 198.1 200.1 201.3 202.3 201.4 199.3 197.1 194.9 193.9 193.9 191.9 187.6 181.6 170.9 148.2
34.7 39.8 43.7 46.1 51.8 43.7 41.8 52.3 44 64.8 68 70.5 73.8 82.2 86.1 85.4 90.2 93.5 98.9 98 91.2 85.9 82.1 83.2 84.8 88.2 91 95 103.7 102.7 98 89.5 81.3 78.5 86.2 94.2 102.2 110.1 118.7 132.8 147.2 161.1 176.4 190.5 196.9 200.2 202.3 201.5 203.9 205.7 206.2 207 207 205.2 201.1 196.4 190.9 185.1 178.1 170.9 179.3 185.6 189.7 192.4 194.2 195.3 196.3 197.5 196.3 194.5 192.1 189.9 188.8 188.5 186.3 182.7 177.5 168.2 146.9
36.1 40.6 45.3 48.3 57.7 67.3 58.7 50 43.9 58.1 67.2 69.8 74.4 83.8 85.1 81.9 86.2 89.3 92.5 87.4 73.2 67.8 67.2 70.2 70.8 75.1 78.7 84.4 89.2 85.2 80.3 78.2 76.1 82.5 90.3 98.1 106.8 117.4 132.2 146.6 162.4 180.3 191.7 196.6 200.1 201.5 202.1 201.1 201.4 202.3 203.2 203.7 203.5 201.9 198.5 193.5 187.1 179.7 167 170.1 178.9 183.5 186.4 188.7 190.4 191.8 192.1 192.1 191.1 189.5 187.3 184.8 183 182.2 181.2 178 173.1 164.2 144.9
37.5 39.8 43.4 49.2 64.3 76.7 80.7 82.3 74 60.2 52.9 58.2 68.7 76.5 75.8 74.3 84 81 74.2 67.3 61.8 60.6 69.8 68.1 77.2 66.9 72 73.2 75.8 75.4 75.9 80.6 85 89.5 97.4 105.5 114.5 128.6 144 161.6 180.2 190.8 195.2 199.6 200.5 200.4 199.1 198 197.4 198.9 198.6 198.8 198.7 197.5 194.7 189.5 182.9 169.2 153.5 168.6 176.4 180 182.8 185.1 186.5 187.8 187.9 187.6 186.2 184.7 182.2 179.4 177.6 176.8 175.8 173.1 168.4 158.2 139.5
39 39.9 43.2 50.9 70.8 84.3 83.9 89.6 92.7 80.8 73.9 57.3 51.3 56.8 60 62.9 65.3 63.1 62.1 60.8 63.9 71.9 77.3 86.2 86.2 83.7 81.8 75.2 77.8 82.3 84.5 88.8 92.2 97.1 105.6 114.2 128 142.8 159.7 179.7 189.4 194 197.8 200.4 201 199.4 196.2 193.9 193.6 193.8 193.8 194 193.9 192.7 190.5 184.4 177.3 160.8 152.4 166 172.5 176.5 178.9 181 182.3 183.6 183.9 183 182 180.2 177.2 174.2 171.5 171.4 170.9 168.2 163.4 151.1 131.8
46.2 41.1 43.5 57.9 73.2 83.8 81.7 86.4 88.7 96.1 96.5 90.4 79.6 71.5 67.7 54.2 55.9 57.9 57.9 58.8 74.7 76.9 81.9 88.8 92.3 97.6 102.3 96 92 92.2 94.6 97.2 99.8 107.1 117.7 129.7 144 160 177.3 186.3 191.1 194.4 197.3 199.7 200.6 198.5 194.8 191.4 189.6 189.6 189.7 189.8 188.9 188.1 186.3 181.2 172.2 155 149.2 161.1 167.5 171.8 174.5 176.8 177.6 178.1 178.9 179 178.2 176 173 169.2 165.7 165.4 165.4 162.3 154.4 139.7 117.3
41.9 40.1 44.6 58.4 74.5 82.2 79.8 77.4 81.8 103.3 108.8 108.8 102.5 95.1 90.1 84.6 80.1 77.1 71.4 76.8 80.6 83.2 89.4 93.4 97.6 104.6 107.2 104.6 102.5 106.9 109.6 113.7 117.1 126.9 138.6 146.5 164.1 174 179.9 185.9 189.6 192.3 194.8 196.9 198 196.8 194.7 190.9 187.4 186.2 186.4 185.4 183.7 182.3 180.7 175.8 168.2 148.4 143.2 156.4 161.6 165.8 168.6 170.5 171.9 173.2 174.4 174.5 173.6 171.5 168.5 164.6 160.9 159.5 159.1 153.9 142.9 123 106.9
37.3 39.5 45.5 62.4 71.2 78.3 70.9 76.1 95.8 107.6 113.6 117 118.8 116.4 115 107.9 101.3 95.3 87.7 89.6 91.9 91.2 97.7 102.2 107.2 113.1 112.9 111.4 113.4 121.1 129.2 134.5 142.3 152 154.7 157.3 168.7 175.2 178 182.7 186.6 189 190.9 192.9 193.5 193.4 192.8 191.4 189.5 187.1 182.6 181.6 179.2 176.9 174.3 169.7 162.1 143.1 136.5 147.5 155.2 158.6 162.1 164.4 166.5 168.1 169.3 169.1 168.4 167.1 164.3 160 157.5 152.8 152.4 147 128 108.4 101.1
35.1 39.8 45 60.7 64.5 66.5 74.3 90 101.9 112.5 116.7 120.9 124.7 125.7 127.6 126.1 121.7 113.6 107.7 107.7 109.5 107.8 111.9 114.5 120.1 121.8 123.2 130.7 141.6 148.8 153.8 157.6 159.8 162.2 161.9 155.9 164.8 169.9 174.7 179.1 182.7 185 186.8 188.7 189.5 189.5 189.1 188.4 187.1 185.9 182.9 177.3 174.9 172.7 169.6 164.5 156.7 139.9 127 137.7 147.7 152 155.1 158.1 161 162.8 163.7 163.8 163.3 162.4 159.6 155 150.3 146.4 147 135.2 113.9 99.2 109.4
34.6 38 46 55.9 63.7 70 78.9 92.1 104.4 106.4 114.3 120.3 123.5 125.3 127.8 127.9 126.7 125.2 125 126.2 127.3 129.4 131.9 132.7 136.2 138.7 140.7 144.4 147.9 152.3 156.5 160.9 162.5 163 160.2 153.1 161.5 165.9 170.9 175.3 178.7 180.9 182.1 184.3 185.1 185.5 185.7 184.6 183.3 182 180.6 176.4 172 167.6 163.8 159.8 151.6 136.9 123.1 128.7 138.4 143.8 147.1 151.1 154.2 156.1 156.9 157.8 157.9 157.2 153.6 150.1 144 140 140.9 125.2 102 98.9 118.5
34.6 37.9 46.9 56.8 65.7 67.2 76.6 92.8 99.1 107.2 123.3 127.4 129.4 130.6 131.5 127.8 126.1 129.2 132.5 133.6 135.8 139.5 138.7 139.6 141.6 139.8 139.6 142.5 146.3 150.2 154.1 156.2 158.3 158.7 157.9 149.1 158.5 162.8 167.2 171.4 174.4 176.8 177.8 178.7 179.7 180.8 181.3 180.7 179.5 178.1 176.3 174.6 171.6 166.4 160.1 154.7 148.8 136.8 121 119.9 129 135.4 138.2 141.4 144.8 148.4 150.3 152.3 152.4 151.4 148.6 144.4 138.7 135.5 135.9 121.6 96.3 103.7 123.2
34.9 40.2 47.5 55.9 62.6 61.2 72.6 89.1 101.3 114.9 123.9 126.9 126.8 128.4 130.4 130 130.4 135 137.8 141.2 141.9 142.6 139.6 140.1 142.7 141.7 138.8 139.7 143.9 147.5 149.4 151.2 152.4 153.2 152.5 146.6 154.8 159.2 164.3 167.6 170.1 172.1 173.6 174.2 174.7 175 175.7 175.8 174.5 173.8 172.2 170.3 168.5 164.3 158.6 151.5 146.9 139.5 125.9 115.5 120.8 126.6 130.6 133.3 137.1 141 143.9 145.8 147.2 146.4 143.9 139.6 135.3 131.4 131.2 119.6 96.4 101 121.2
34.6 39.3 46.5 52.9 58 60.7 76.7 90.7 105.5 114.6 121.2 124.7 123.6 125.4 127.6 125.7 129.1 132.5 135.5 137.7 138.2 138.2 137.8 136.6 138.9 139.4 140.6 139.2 141.9 144 146.8 147.3 147.6 149.2 148 141.4 151.7 156.1 160.5 163.6 165.3 167.4 168.9 170.1 170.5 169.9 170.6 170.6 169.9 169.2 167.6 165.6 163.5 159.5 154.5 149.6 143 135.4 124.2 113.9 112.9 119.9 122.8 125.6 128.8 132.4 136.1 139 140.4 141 138.2 135 130.9 126.2 126.7 118 97.5 96.5 116.3
34.1 37.1 41.3 46.3 52.6 71.1 82.7 94.4 105 112.7 117.8 120.3 120.5 123 124.6 124.3 126 129.2 132.1 134.2 134.7 134.3 133.6 132.5 136.2 135.2 136 136.3 140.5 140.5 143 145.2 145.7 146.9 145.2 136.2 148.3 152.3 156.2 159.1 160.3 161.7 164.3 165.3 166.4 165.8 165.4 165.8 165.8 164.6 162.5 160.4 157.8 152.9 148.8 144.4 139.9 132.4 120.7 113 106.7 112.4 115.9 118.6 121.2 124.9 129 132.6 134.5 135.1 134.3 130.8 126.5 121.1 121.1 115.3 98.5 94.4 112.1
34.1 39 43.2 43.6 59.6 69.9 82.3 91.5 101.2 108.2 112.4 115.3 117.3 118.8 121 120.9 123.3 125.1 127.8 130.2 130.8 130 129 127.4 132 132.8 132 131.4 136.3 137.3 140 142.5 143.6 143.3 141.4 131.2 143.2 149 152.3 154.8 156.1 157.4 159.1 160.8 161.9 161.8 161.4 161.2 161.3 159.8 157.3 155.1 152.3 145.3 142.5 138.9 134.9 129.6 119.5 113.1 106 106.2 110 112.6 114.9 118.1 122.3 126.5 129.7 131.3 131 126.9 122.3 117.5 117.5 113.3 99 92.6 108.2
37.2 42.6 45.1 46 53.9 70.5 79.1 87.2 94.8 102.3 107.4 110.9 113 115.2 118.1 117.8 119.9 121.8 123.7 125.6 126.2 126.1 124.8 123.9 126.7 129.1 129 127.8 131.9 133.4 135.8 137.9 139.4 139.8 138.9 127.9 138.5 145.2 148.4 151 151.9 152.3 154.7 156.3 157.4 157.8 157.5 157.2 156.8 155.1 152.7 149.4 145.9 140.8 136.6 133 129.2 124.6 117.8 112.6 106.9 99.6 104.9 108.4 110.7 112.1 116.1 121.6 125.5 127.5 126.5 124 119.2 112.8 112.7 108.1 95.7 90.5 105.5
