Game/Highland_Data/StreamingAssets/GeoData/Data/sn/SN62.asc
ncols 200
nrows 200
xllcorner 260000
yllcorner 220000
cellsize 50
[rows 144 to 179 of 200, columns 83 to 165 of 200]
41.1 46.2 50 55.5 69.4 72.2 76.1 79.4 80.8 85.5 89.2 97.3 103.8 108.5 107.8 103.9 95 85.6 79 78.4 77.7 77.7 80.1 82 80.5 80.1 81.4 82.8 86.2 91.8 99 105.4 111.2 117.2 122.2 129.4 135.4 143.5 149.6 154.2 158.9 163.3 166.7 167.2 167.1 168.2 170.4 174.1 176.8 178.1 176.7 174.7 172.4 179.4 187 193.5 196.3 194.7 193.9 195.7 196.9 198 197.6 197.8 198.4 198.5 197.8 202.4 205.9 206.9 205.7 208.9 211.6 212.9 214.6 216.9 217.9 221.1 224.4 226.9 229.6 231.8 234.5
45.5 52.6 53.6 63.4 70.6 80.4 78.7 82.2 83.5 88.6 97.6 105.9 111.7 113.8 112.6 111 106.1 96.8 87.5 83.2 72.8 80.6 83.2 84.5 85.3 86.7 89.8 92.4 99.4 104.6 107.6 111.8 116.1 121.2 126.9 132.2 139.8 147.1 153.7 158.6 161.3 163.5 164.2 163.7 164.9 168.3 171.7 174.6 175.5 174.4 171.7 173.2 180.4 188.2 198 204 202.3 200.1 197.3 197.9 199.6 200 199.1 199.1 199.8 200.9 200.4 200 202.1 205 208 210.5 212.9 215 215.9 218.3 220.9 223.9 226.3 228.5 230.8 232.8 235.9
49.9 52.3 57 70.1 78.1 76 77.9 82 86.9 97 106.4 112.1 114.8 115.9 115.4 112.9 109.1 102.4 92.8 80.3 75.2 81.3 84.1 87.8 90.6 95.2 100.5 105.9 110.3 111.8 114.6 117.6 121.4 125.3 130.1 136.3 142.6 149.5 155.2 158.7 159.4 159.8 160.1 162.1 165.8 169.2 171.6 172.6 171.8 170.6 176.5 181.5 192 200.8 207.9 212 208.2 204.9 201 200.9 201 200.6 201.1 201.8 201.5 201.1 202.2 203.3 207 209.1 210.3 212.1 214.8 217.3 217.8 221.3 223.7 225.9 228.3 230.5 233.2 235.2 237.3
52.5 54.3 57.4 71.5 77.4 77.6 79.1 88.7 99.5 104 109.4 113 113.2 113 112.4 113.3 110.8 96.3 80.7 78 77.7 79.8 88.1 94.3 100.7 104.7 109.1 113.1 117.4 119.4 121.8 123.6 125.6 129.4 134.1 140.1 146.3 150.9 154.8 156.3 155.9 156.6 159.6 162.4 166.1 167.9 168.6 168.9 170 174.4 180.8 189.1 201.7 207.6 214.5 220 214.2 208.6 204.6 202.5 202.1 204.3 205 204.1 204.1 206.4 205.9 205.6 209.4 211.2 212.9 215.1 219.1 221.4 222.8 225.2 227.4 228.4 230.4 232.3 234.7 237.7 241.2
53.4 53.1 59.4 68 72.9 76.6 84.4 100 104.2 103.9 103.8 101.8 101.9 101 99.9 97 89.8 78.8 76.8 79.1 80.6 88.3 96 102.1 102.9 107.2 111.1 115 119 123.3 125.9 127.9 130.4 134.2 139.4 144.7 148.1 150.7 152.7 152.7 154 157.3 159.9 161.2 162.3 162.8 164 169.5 174.3 179.1 188.1 195.7 206.5 216.8 225.2 223.3 216.4 211.6 209.9 209.5 208.9 207.8 207.5 206.7 205.9 208.2 208.6 211 212.3 214.1 214.9 217.7 221.1 223.3 225.6 227.8 228.6 230.4 232.7 234.8 237 242.4 247.4
49.5 53.4 61.6 68.9 77 82.2 85.9 94.8 92.2 97.4 95.8 88.5 86.2 84.2 80.9 78.8 75.2 74.7 77.1 79.4 82.7 88.4 102.3 106.7 107.5 109.7 112.5 115.9 120.2 124.4 128.2 130.4 133.9 137.8 142.2 145.9 148.2 149 149.7 151.2 153.7 155.2 155.6 156 159.4 163.2 170.3 174.7 178.3 185.2 194 205.3 217.4 227.6 228.4 220.7 216.7 215.1 213.6 212.1 210.7 209.6 208.8 209.3 209.7 212 213 213.8 216.5 219 221.6 222 224.8 227.2 228.7 230.2 231.1 232.8 234.5 238.7 243.8 248.4 254.4
46.9 53.5 61.3 72 81.7 82 76.5 75 76.2 81.3 77.4 77.6 79.4 72.3 69.7 70.6 76.8 80.2 83.4 89.6 94.6 92.3 97.1 106 108.3 110.5 112.5 117.5 120.4 124.7 127.1 130.1 134.1 138.3 142.5 144.5 145 145.4 146.8 148.8 149.7 151 153.6 163.4 167.8 171.9 176.1 179 184.3 192.3 201.6 216.1 228.2 230.6 223.2 218.9 216.2 216.3 215.4 213.1 211.6 211.3 210.3 211.6 213.6 214.6 217.5 221.4 223.1 223.6 226.7 228.6 230.7 232.5 233.9 234.5 234.4 236.6 240.1 246.8 250.8 256 261.5
42.9 54.1 62 67.7 71.6 70.8 69.7 69.5 68.7 69.4 72.9 70.8 67.8 67.1 69.8 76.8 81 85.4 90.4 95.4 99 102.8 103.9 103.1 108.7 110.6 116 118.2 115 110.5 117 127 131.5 136.7 140.7 140.8 140.9 142.3 144 146.3 150.1 154.5 161.7 167.2 172.6 176.7 180 184.7 189.9 199.6 215.1 229.3 232 228.5 220.1 216.5 214.5 214.5 215.6 213.7 212.9 213.1 212.8 214.7 217.4 218.3 222.9 225.6 227.3 229 230.9 232.6 234.8 236.5 238.8 238.9 240.1 241.3 246.7 252 257.9 264.1 271.5
40 48.3 54.9 58.8 62 65 63 61.8 64.9 63.4 61.5 64.6 69.4 71.4 76 80 83.8 87.8 93.6 97.3 102.1 106.6 110.9 114.5 117.2 120.1 121.9 124.4 124.9 125.7 128.4 126.7 127.8 132.4 132.4 138 144.9 151.6 154.1 153 158.2 163.4 169.2 173.6 176.7 179 185.6 189.8 200.1 213.4 229.9 232.3 230.8 225.3 217.2 214.2 213.2 213.9 214.8 214.7 214.7 215.2 215.7 216.3 218.3 221.6 225 228.1 229.9 231.9 234.4 236.6 238.8 241 242.6 244.3 247.1 249.4 254.2 260.6 267.6 275.3 284
40.1 48.9 43.6 43 45.8 47.7 52 53.1 55.7 59.2 67.3 71.6 73.8 76 78.7 82.6 86.9 91 96.2 100.7 105 109 113.4 116.9 119.6 121.7 124.1 125 126.1 128.6 131.8 134.3 135.6 135.6 138.2 143.4 150.4 155.1 158.9 161.9 166.1 171.4 174.5 179.3 183.7 188 191.3 196.8 210 226 231.2 231.4 227.7 221.5 214.3 212.1 211.9 213.3 214.1 215.2 215.3 215.8 215.9 216.9 218 221 227.4 230.2 232.8 234.9 237.4 240.3 242.8 245 247.1 249.2 251.7 255.7 262.2 268.3 277.8 286.4 292.9
36.6 39.4 48 62.6 65 65.2 67.6 73.3 70.9 65.4 59.4 70.7 74.4 76.9 80.1 83.9 88 92.1 98.4 103.4 106 109.5 112.6 115.5 117.7 120.1 122.6 125 127.3 130.1 133.2 132.6 133.9 138.6 143.5 148.4 153 156.5 160.9 163.6 170.7 176.1 180.1 184 189.4 193.2 196.4 202.9 216.3 227 228.6 227 220.4 215.5 211.2 210.6 211.1 212.6 213.4 213.3 213.5 215.2 216.4 217.8 220.3 227.1 230.9 233.3 235.8 237.7 240 243.3 246.9 249 251 254.7 257.6 263.9 271.3 279.9 287.7 294.7 301.1
40.8 47.3 58.7 63.9 69.8 73.5 76.2 78.2 75.9 73.5 68.6 67.6 66.7 72.3 75.6 80.1 87.8 93.3 98.8 99.4 92.7 98 106.2 109.9 111 115.9 120.9 124.7 127.6 129.1 127.6 129.2 138.6 143.1 146.8 151.1 154.8 161.4 165.9 169.7 173.1 178.4 183.1 187.6 193.2 197.9 201.8 207.6 219.7 222.9 222.7 217.9 215.4 211.7 208.1 207.2 207 210.5 210.9 212 214.5 216.2 217.4 219.8 223.4 229.7 233.6 236.6 238.7 242.4 244.5 247.9 251.5 254.8 258.1 260.3 265.6 273.1 281.5 288.5 295.3 302.3 308.3
47.1 50.1 57.7 68.7 74.5 78.4 81.1 81.9 79.4 77.6 75.7 75.1 73.5 74.6 74.8 76.5 76.3 78.6 80.9 86.7 95.8 98.9 98.6 97.9 99.4 104.6 108.9 116.2 117.3 121.1 125.2 135.7 140.9 145.2 148.7 153.9 159.3 164.1 168.8 173.2 177.1 181.1 184.9 189.5 194.2 200.3 204.1 207.9 214.6 215.3 215.1 214.4 211.2 207.5 206.8 206.8 205.7 210 211.8 213.5 215.2 216.6 218.7 223.2 229.8 233.3 236.3 239.7 242.9 246.4 249.1 252.7 256.1 259.7 264.6 268.1 275.2 282.4 288.2 296.2 304 309.1 313.7
49.7 52.7 59.7 69.1 74.1 79.1 83.5 83.9 81.1 79.5 79.3 79.1 80.4 80.4 83 84.7 85.5 86.5 92.5 98.8 109.6 111.5 112.5 114.2 115 115.8 114 115.2 123.7 128.5 133.3 137.9 142.2 146.9 151.9 156.6 161.6 166.3 171.4 175.9 179.8 183.6 187.3 191 195.2 198.5 201.6 204.1 207.2 210.2 210.3 207.3 206.1 204.8 206.2 203.4 208.6 210.6 212.4 213.8 214.2 216.4 222.9 228.5 232.3 235.6 239.2 242.5 246.5 250 253.6 256.1 259.8 265.3 269 275.8 281.6 287.6 295.9 304.1 310.7 315 321
49.9 54.7 62.3 68.4 73.7 78.6 82.7 82.3 81.3 80.8 80.7 82.2 84.6 86.9 89.7 92.2 96.9 101.5 105.7 108.4 111.8 115.1 116.3 118.9 121.3 124.3 126.3 128.2 129.9 132.5 135.7 139.2 144.6 150 154.8 160.1 165.6 171.9 172.7 176.3 180 183.6 187.2 190.7 192.7 195 197.6 201.6 205.8 203 203.3 202.9 203.1 203.6 199.5 203.6 206.2 209.3 211.5 211.3 215.8 222.7 226.8 230.7 235.1 238.7 243.6 245.8 249.6 253.1 256.5 259.5 263.5 270.1 275.1 280.4 286.6 294.7 302.4 308.9 314 320.9 331
53.9 59.2 63.6 68.4 73.3 78.3 82.7 82.5 81.2 81.4 82.2 84.2 86.6 89.5 92.4 96.9 101.5 105.1 108.8 111.4 114.8 117 120 123 125.5 127.5 129.2 130.4 130.7 132.4 135.5 140.7 146.8 152.3 156.1 161.2 166 166.8 170.2 174.7 179.1 182.7 186.3 188.5 190.3 192.3 194.7 196.1 197.7 199.6 200.2 200.5 199.3 196.9 201.4 205.9 208.1 210.5 210.3 212.5 221 225.7 230.4 235.5 239.2 242.8 248.1 249.7 253.2 255.5 259.2 263.7 269.3 274.1 278.2 285.8 292.8 299.4 304.7 310.4 318.3 328.7 331.9
56.6 62.2 66.3 70.2 75.2 79.4 83.9 83.6 82.9 83.2 84.2 85.3 87.1 91.1 94.6 99.7 103.7 108.3 111.9 114.6 116.8 120.8 124.4 126.4 127.5 128.6 128.7 127.9 129.7 131.4 133.1 139.3 144.1 147.7 151.4 156.8 160.7 166.3 171.8 176.2 180.6 184.8 187.8 187.7 188.9 190.8 192.3 193.9 196 196.5 197.6 197.8 195.7 199.9 204.7 207.5 211.3 213.5 214.1 218.6 223.7 229.6 235.8 238 241.2 247.4 251.5 252.5 255.6 258.2 263.4 267.9 273.2 277.7 283.3 289.5 295 299.4 305.5 313.9 321.8 322.1 318.8
57.6 63.3 67.5 72.2 76.8 81.1 85.3 85.1 83.8 83.5 84 85.6 88.6 93.2 97.9 103 108.6 110.9 114.9 119.2 123.6 126.2 126.8 126.6 126.3 125 127.1 127.8 128.1 130 131.5 132.7 137.8 143.2 148.2 152.5 159.4 165.5 169.4 173.1 178.8 184.8 186.9 187.1 188.4 190.9 192 191.5 192 192.8 193.8 191.7 197.3 203.3 206.9 210.2 213.4 216.3 217.9 221.6 227.5 233.2 236.9 241.1 243.8 247.9 251.5 253.8 257.4 260 265.7 270.4 276.3 281.5 286.7 290.4 293.8 298.9 308.4 312.2 311.9 314.1 314.8
58.6 64.8 68.4 73.7 78.1 82 85.1 85 83 82.4 83.2 86.5 91.9 96.1 102.1 106.4 112.1 117.4 121.5 124.8 125.7 124.9 124.1 122.6 122.8 125.7 128.2 129 128.9 129.1 130.7 132.9 135.6 140.3 145.6 151.2 156.7 161.1 166.7 171.8 178 181.1 182.8 183.7 186 189.2 190.4 189.6 189.2 189.5 189 193.3 200.1 203.7 207.7 211.1 214.2 217.6 219.9 224 228.8 233.3 237.8 241.9 247.5 248.8 254.1 256.1 259.5 264.2 270.4 275 280.2 284.1 287.5 290.8 293.4 299.1 303.1 304.6 307 307.6 307.3
60.4 64.6 70 76 79.4 82.2 83.1 81.9 79.2 82.6 86.8 91 96.3 101.4 104.1 110.2 116.8 120.6 123.1 124.1 122.7 120.5 119.3 120.8 124 127 129.8 130.9 130.2 126.7 125.8 131.5 134.9 139.4 144.9 149.7 153.2 159 165 170 174.4 177.9 178.6 179.5 183.3 186.6 186.1 185.1 182.9 186.6 192 196 198.8 200.8 206.3 210.2 214.9 218.4 222.7 226.3 230.5 234.4 237.9 241.4 246.7 252.2 257 260.3 264.5 269.5 274.3 279 282.2 285.4 287.3 289.8 292.9 296.3 296.3 299.3 299.4 299 298.2
57.3 63.1 67.6 73.9 78.9 76.5 73.5 74.2 82 85.9 91 95.4 99.5 102.4 106.3 113.7 118.4 120.9 120.6 117.4 113.9 115.6 118.5 121.4 124.6 127.7 129.9 128.4 122.9 128.7 130.5 130.7 131.8 134.9 140.6 146.2 149.3 155.1 161.1 165.4 169.7 172.9 173.3 177.3 181.4 184 180.7 175.3 185.3 189.1 192.2 195.9 200.6 204.2 208.7 212.8 216.2 220.3 224 227.1 231.1 234.9 238.8 242.5 247.8 254 258.1 262.1 267.2 272.3 276.8 280.5 283.2 285.2 285.7 288.2 287.3 288.8 291 292.1 291.8 290.4 289.8
53.3 58.2 63.1 68 70.3 68.1 77.5 85.3 89.3 94.8 96 99.5 101.3 104.1 107.4 111.8 114.9 112.2 111.1 110.8 112.2 115.3 118.4 121.9 123.8 124.3 123.1 120.1 126.8 129.3 132.3 134.6 136.1 137.8 137.9 137.9 143 148 154.4 160.9 164.9 166.3 171.2 175 179.1 181.7 178.7 181 184.5 188.9 194.9 198.9 201.4 205.7 210.7 214.7 218.7 222.1 225.6 228.4 231.9 235.8 239.8 244.9 249.6 253.9 259.5 263.9 267.9 272.7 276.7 280.7 282.7 282.7 284 282 283.4 283.1 284.4 283.9 283.1 282.5 279
49.2 55.5 58.6 60.1 66.5 72.9 83.1 89.6 94.7 96.3 99.7 103.2 105 106.4 108.2 108.3 109 108.4 108.4 109.2 111.4 115.3 117.9 119.3 118.2 117.6 119.8 123.1 126.8 130.3 134.3 139 141.6 143.8 148.2 152.4 149.2 145.6 145.6 147.9 155.1 163.5 167.1 170.9 174.8 176.7 172.4 177.8 184.7 192.8 197.6 201.3 204.3 208.1 211.7 215.6 219.7 223 227 229.8 233.7 238.2 242.7 249.2 253.7 257.9 261.5 264.7 268.1 271.9 275.4 277.5 278.1 278.3 277.3 277.3 277.8 276.6 276.6 275.5 274.6 272.3 272.6
52.9 56.3 61 65.9 71.9 76.7 82.5 90.6 95.5 97.7 101.9 105.2 107.8 108.8 108 107.3 106 104.8 107.2 107.8 109.4 114.3 112.2 114 117.5 120.7 122.5 124.9 128.8 133.8 140.2 145.8 148.1 150.9 156.1 158.5 160 159.6 159.1 163.3 162.1 157.1 161.8 164.7 167.8 164.9 171.5 177.9 187.7 195.3 200.2 203.6 206.3 208.6 211.5 215.1 219.7 222.8 228.7 232.4 236.3 241.2 246 251.9 256.5 260.9 263.9 265.7 267.9 270.6 273.4 273.5 273.1 272.5 271.2 270.9 270.5 270.2 269.1 267.9 267 267.4 268.4
61.1 63.9 67.2 71.9 76.5 82.3 86.7 93.6 96.7 99.9 103.5 106.8 109.4 109.4 107.6 104.5 103.6 104.4 105.5 108 110.8 111.3 114.5 116.9 121 123.9 126.2 128.9 136.3 142.9 149.2 152.9 156.6 159.2 161.5 163.1 164.6 165.4 167.8 168 168.6 165.4 163.1 159.4 164.7 167.4 175 182.7 191 197.6 201.9 204.8 206.1 206.2 208.3 212.9 219.3 223.5 228.3 232.3 237.3 243 248.4 253.2 257.7 261.5 264.3 265.7 267.2 269.2 268.4 268.7 268.5 267.4 265.6 265.9 265.4 263.4 262.3 261.7 262 263.5 265.4
67.7 69.6 73.6 78 81.5 85.6 90.8 94.5 98.4 101.6 105.8 109 110.3 108.3 105.8 102.1 100.5 106.4 108.9 112.2 115 117.7 118.5 120.9 125.4 128.8 130.6 136.6 146.2 154.5 159.2 162.3 163.1 164.6 166 167.7 168.5 170.8 174.3 173.8 174.9 172.5 170.9 169.6 167.1 168.9 173.3 182.8 191.1 197.1 200.1 201.8 202.8 203.2 206 210.3 217.7 222.4 227.7 232.9 238.8 244.2 249.3 253.8 258.3 261.4 262.5 262.9 263.2 263.7 263.3 264.1 263.5 262.7 261.5 261.3 261.8 260.9 259.3 259 259.5 260.9 262
73.6 76.1 79.5 83 85.9 90 93.7 97.3 100.8 104.5 107.3 108.5 106.2 104.1 100.2 101.5 104.4 107.1 111 114.9 118.9 121.6 123.4 126.9 131.5 134.7 138.9 149.1 157.6 162.8 167.1 168.5 169.6 171.4 171.2 172.9 173.5 176.7 179.6 179.8 180.5 179.6 176 174.4 173 173 176.4 176.9 186.5 193.1 196.6 198.3 198.5 201.5 205.5 209.4 215.4 222.9 229.2 234.9 240.4 245.7 250.6 254.4 256.8 258.2 258.7 258.7 258.5 258.3 258.4 259.4 258.8 258.4 257.9 257.8 258.4 258.9 256 256.4 256.9 258.2 258.6
77.5 79.6 83.5 88 91.2 94.1 96.5 99.7 103.2 106.3 107 103.5 99.4 99 101.4 103.5 106.1 110.8 115.9 120.3 123.1 126.6 130.8 134.6 138.3 141.9 150.5 160.5 166.2 170.1 171.8 173.1 176.9 178.1 176.7 180.2 183.1 184.3 185.2 185.3 186.4 186.3 183.9 182.2 182.4 182.9 185 188.5 189.3 183.8 193 195.9 196.7 199.9 204.5 209.6 217.1 226.2 232.1 237.2 242 246.2 249.3 251.6 252.6 253.3 253.7 254.1 254.1 254.3 254.8 255.4 255.4 254.7 254 253.3 253.5 255.5 255 253.8 254 254.6 254.1
82.4 85 88.8 92.5 93.8 95.6 98.4 101 101.6 101.2 96.6 92.7 96.1 101.6 104.8 108.3 113.2 116.4 121.4 125.1 126.3 131.5 137.1 140.9 145.2 151.5 163.7 168.1 171.7 175 178.9 180.5 181.9 182.3 183.1 185.7 188 188.9 189.9 190.3 191.3 192.1 192.2 192.6 193.1 192.8 194.4 193.6 194 195 195.3 193.8 198 201.3 206.1 212.3 220.5 229.8 235.9 239.1 243.2 244.6 245.3 246.1 247.6 249 249.8 250.1 250.3 250.8 251.7 252.4 252.1 251.4 250.1 249.7 250 253.6 253.1 251.4 250.9 250.2 250
87.4 90.8 92.5 93.2 93.8 94.7 98.9 99.6 96.6 92.1 96.4 100.2 103.4 105.5 111 115 118.4 122.8 126.9 131.4 130.9 130.1 133 143 154.9 162.8 167.5 172.1 175.7 180.8 183.5 184.7 185.9 186.5 187.3 189.9 192.2 192.9 194.2 195 195.8 197.8 200.1 201.1 202.7 203.5 203.9 202.5 201.1 199.1 198.8 198.4 199.2 203.5 210.6 219 227.8 234.5 239.6 241.8 242.7 240 240.1 241 242.6 243.7 245.5 245.9 246.9 247.9 248.5 249.1 249.2 248.5 247.9 248.6 248.9 251.2 251.1 249.4 248.9 248 247.3
91.1 91.5 90.6 91.2 91.2 79 88.8 90.6 88.7 95.7 99.8 103.8 108.3 110.9 113.9 119.1 124.2 130.2 133.6 137.2 140.5 145.2 150.5 157.1 163.9 167.4 172.1 176.4 180.7 185.2 186.6 188.2 189.3 189.6 191.9 194.1 196.3 197.4 199.3 199.5 201 203.8 206.6 208.3 209.3 210.1 210.6 210.3 208.3 205.8 202.6 203.7 205.4 211.4 217.2 227.2 232.4 236.9 239.1 238.3 236.2 235.2 236.4 236.6 237.8 238.6 240.7 242.4 244 245.1 245.5 245.9 246.2 246 245.9 246.2 245.7 248.6 248.9 247.2 246.9 246 245
88.8 77.7 74.8 76.6 77.1 89.9 87.7 88.9 97.4 99.9 103.3 108.1 112.7 115.7 118.5 125.8 130.1 134.4 138 144 148.2 153.2 159.4 163.2 168.1 172.8 177.8 181.6 184.7 186.8 189.4 191.3 192.7 193.3 196.1 198.3 199.8 202 203.1 205 207 208.7 211.6 213.9 214.9 215.4 217.5 218.4 217.7 216.5 213.3 212.8 215.6 219.4 226.7 231.5 234.8 236.7 235.6 235.6 234 233.2 233.7 234.2 233.5 233.8 236.9 239.1 240.8 242 242.7 242.9 243.2 243.9 243.6 242.6 242.3 246.1 246.3 245 244.4 243.9 243.3
73 76.1 82 79.1 91.8 96.2 97.7 92.2 98.6 101.2 106 110.8 115.4 121.3 125.4 130.7 135.1 139.6 143.8 150.5 154.3 160.7 165.2 169.6 174.6 178.7 182.8 186.2 189 190.2 192.6 194.6 196.1 195.7 197.8 201 203.9 206.1 207.4 209 210.4 212.1 217.6 219.5 221.2 223.7 224.6 225.9 226.3 226.8 224.8 220.9 223.7 229.9 232.5 234.4 235.4 235.4 235.2 235.2 234.6 234.1 233.6 233.7 233 232.4 233.1 236 237.3 239.1 239.9 239.9 240.3 241.2 241.5 240.7 241.3 243.6 243.7 243.3 242.7 242.1 241.6
75.5 86 93.8 88.1 92.3 95 97.2 96 98.1 103.1 108 112.9 119.8 125.7 129.1 134.6 141.5 146.6 150.9 155.5 161.8 166.7 172.4 176.1 180.5 182.7 185 187.6 190.4 193.9 195.6 197.9 199.3 199.8 201.1 203.8 207.6 209.8 210.8 212.2 214.8 216.9 221.5 225 227 228.6 230.4 232.8 234.5 232.5 231.4 231.2 233.2 234 235.9 236 235.2 235.4 235.7 235.6 234.2 233.5 233.4 232.6 232.4 232.1 231.4 231.4 232.1 234.1 237.3 237.8 238 239.5 239.9 240 239.4 240.4 241.4 241 240.2 240.4 239.7
91.2 98.2 98.8 96.9 92.8 95.4 98.2 100.2 103.3 106.1 112.7 116.9 124.6 129.2 134.8 139.4 145.1 150.5 155.7 160.9 168.3 173.2 177.6 181.5 184.3 187.4 189.9 190.6 192.1 194.8 198.1 200.3 202 204.5 206.7 207.8 210.3 213.2 215.4 217.5 221.6 223.8 225.7 228.6 231.1 233.6 237.1 240.2 241.3 240 242.8 240.8 239.5 239.3 238.4 237.3 235.3 235.4 235.7 235.6 234.9 235.8 236.2 236 235 233.3 232.8 232.4 230.8 229 233.1 235.8 235.1 237.4 238.3 237.4 236.8 236.9 237.9 238.2 237.8 238.3 237.3
101.2 102.5 102.9 96.2 97.2 99.1 105.4 107.3 113.2 115.1 119.4 124.3 130.1 136.5 139.7 144 150.5 157.3 163 166.4 174.4 178.8 183.1 187.3 191.1 192.2 192.9 194.3 194.6 195.9 199.6 202 205.3 208.6 210.4 211.7 212.5 216.8 220.1 222.8 225.6 227.3 230.5 234.6 238.7 242.2 244.8 245.7 248.4 249.3 246.7 244.4 243.4 241 240 238.1 235.9 234.4 234.6 235.5 235.9 236.6 236.6 236.6 235.9 235 233.9 232.9 230.2 227.6 227.7 233.4 233.1 235.1 236 236.6 233.7 235.5 234.5 233.9 233.4 235.7 238.2
