Game/Highland_Data/StreamingAssets/GeoData/Data/sn/SN63.asc
ncols 200
nrows 200
xllcorner 260000
yllcorner 230000
cellsize 50
[rows 140 to 174 of 200, columns 0 to 78 of 200]
144 145.1 148.2 153 156.1 160.2 161.2 162.1 153.8 156 159.6 160.7 162.1 163.7 164.1 164.6 165.9 166.8 168.8 168.1 170 170.8 173.8 178 185.2 191 200.2 210.5 221.4 230.1 237.4 242.6 249.5 255.7 260 267.3 270.6 272.4 276.2 281.8 285.9 288.6 290.4 287.9 285.9 285.3 280.9 277.3 278.8 275.5 272.9 265.5 256.7 247.7 243.3 238.2 232.1 224.4 215.8 208.4 188.1 162.8 136.7 112.7 105.1 105.1 105.1 105.1 105.7 108.6 112.6 118.7 123.8 131.3 141.5 150.8 157.4 161.1 161.8
154.3 158.6 160.8 162 166.9 169.5 171 169.8 168.1 168 165.4 165.5 165.4 166.1 167 165.9 168.7 169.9 171.8 171.8 177 178 182.3 188.3 196.7 206.5 216 226.4 235.4 244.1 251 259 266.1 272.1 278 282.8 284.9 285 288.4 291.2 296.2 299.9 299.1 298.7 298.7 293.4 290.1 289.1 285.4 278.3 268 257.7 239.1 222.5 216.9 212.9 209.8 203.7 202.4 197.9 189.1 170.1 145.2 121.7 107.5 105.1 105.1 105.1 106.6 108 110.2 114.7 117.7 121.6 129 136.6 142.5 147.2 147.9
162.2 166.5 169.7 171.7 172.9 174.3 176.2 176.4 175.6 177 174.1 170.5 168.2 167.5 169.2 169.2 170.3 172.4 174.2 176.4 180.9 184.2 187.7 194.2 203.6 215.1 224.9 235.5 245.6 255.5 263.8 271.1 279.8 287.1 293 297.2 298.4 301.7 304.3 306.5 310.6 310.5 310.7 310.3 303.7 299.3 296.9 294.6 286.5 275.9 261.5 241.4 218.2 197.6 189.3 184.2 182.2 177.8 177.9 175 174.5 162.9 145.4 122.2 113.3 107.8 106.7 107.4 109.8 112.7 113.6 114.8 115 115.7 120.6 126.5 130.7 133.6 134.2
167.8 172.2 174.8 176.7 179.5 179 180.7 180.9 182.1 182.2 182.5 181.1 178.2 173.1 172.4 172.3 173.2 174.9 176.9 181.2 183 188.2 193 201 211.5 222.8 232.9 244.1 254.1 264.4 273 281.2 289.6 296.6 301.1 302.9 306.8 312.7 316.8 319.1 319.8 320.5 318.6 317.5 315 308 299.6 293.5 283.9 270.9 250.5 226.8 213.5 195.1 177.4 169.2 162.5 156.7 152.7 148 149.4 147.6 135.2 119.9 115 112.6 109 111.6 116 117.8 117.5 118.2 114.7 113.1 115.3 119.6 124.7 127.5 128.3
173.6 176.8 179.8 184.2 187 187.5 187.8 188.4 190.7 190.5 191.3 190.4 187.3 183.1 177.1 176.9 177.5 178.7 181.4 184.5 187 191.8 199.1 210 219.5 231 241.5 251.3 262.3 272.1 281.7 290.2 297 302.5 305.4 311.7 316.2 319.4 322.4 324.1 324.6 325 322.4 320.6 317.8 310.7 305.6 295.7 283.3 273.3 256.9 244.5 230.6 208.4 182.9 164.2 157.1 149.3 142.9 139 134.5 131.7 126.9 118.8 114.3 112.4 110 110.2 114.5 115.7 115.2 114.2 113.3 111.9 112.8 115.8 120.4 122.2 123.6
177.5 181.9 186.6 191.6 193 196.1 197.9 199.7 199.3 198.4 199 198.2 196.1 194.6 189.5 183.8 186.8 188 186.5 188.8 193.3 197.2 202.3 214.9 229.7 239.3 249.4 260 270.3 279.7 288.5 294.7 301.9 308.7 314.6 318.5 322.2 323.7 325.3 325.3 325.5 326.3 325.2 323.2 318.9 311.7 305.1 297.6 288.4 281.4 268.5 256.1 240.3 219.2 192.9 164.4 153 147.4 141.7 134.6 129.3 125.2 120.4 119 115.2 112.5 110.6 108.8 111.6 114.5 113.9 112.2 112.1 112.9 113.4 115.2 117.7 118.6 119.7
182.3 187.2 191.1 195.3 199.3 201.6 204.2 205.8 207.7 208.1 207.8 208.5 208 206.5 202 196.1 197.8 198.3 195.8 197.6 201.1 197.5 209.1 217.3 236.5 247.4 257.6 268.2 278 286.9 295.1 302 307.9 313.2 317.4 320.3 323 324 326.6 327.5 329 328.8 326.6 322.9 318.5 311.9 309.1 302.8 293.7 286.8 277.4 259.8 233.5 210 184.3 178.1 178.4 169.2 152 141 133.8 129.2 125.4 120.8 115.1 109.5 109.4 106.5 106.1 109.5 108.8 108.4 110.5 112.1 111.8 112.3 113.2 114.2 114.6
184.2 189.5 194 198.5 202.6 205.6 208.8 212 214.5 215.2 216 215.8 217 216.3 212.7 207.4 205.6 206.3 206.8 206.1 206.6 213.4 214.5 226.1 242.2 252.7 264.5 274.3 283.4 292 299.4 305.7 310.9 315.1 318.4 321.2 321.9 324.2 326 327.4 327.6 326.7 323.4 321.6 317.2 312.2 309.5 304.5 297.4 291.1 276.1 252.1 228.8 202.7 194.9 200.2 201.3 189.9 174.9 156.1 142.6 132.2 128.5 123.6 116.9 113.6 108.2 105.1 103.8 103.8 103.9 105.2 109.9 109.9 109.9 109.1 109.1 109 111
186.2 190.4 195.6 199.8 204.1 207.9 211.7 215.2 218 219.5 220.8 222.4 222.9 221.5 219.1 216 211.8 212.8 214.7 214.9 217.6 221.5 226.9 234.1 245.8 257.3 269 279.3 287.6 295.6 302.4 307.5 311.2 314.8 318.5 320.4 320.6 322.7 324.2 325.8 325.9 325.7 321.4 317.1 314.8 313.1 308.8 301.2 297.4 288.2 270.2 248.1 223.1 213.1 217.4 222 224.6 214.9 199.6 180.7 166.4 149.9 139.4 130.9 124.5 118.4 112 106.4 101.9 101.6 100.9 102.4 104.6 105.5 105.1 105.8 107.1 107.1 110.3
186.5 191.8 196.4 200.6 205.1 209.9 213.9 217.4 219.8 221.7 223.3 224.1 223.9 222.6 221.1 219.9 217.1 218.6 220.2 222.1 225.7 229.6 236.4 240.1 250.7 262.8 273.9 282.6 288.7 298.1 304.3 308.3 311.4 314.4 316.3 317.9 319.3 321.2 322.1 323.2 322.2 321.6 320.4 316.5 314.9 311.4 304.7 302.6 296.4 276.2 257.4 253.6 241.9 237.5 238.8 245 248.3 243.3 226.1 209.7 195.2 174.8 159.3 148.5 135.1 122.7 116.2 110 104.6 99.9 98.9 100.4 101.2 101.8 103.1 104.1 105 104.1 108.6
188 192.9 198.3 201.6 205.9 210.6 214.6 217.8 220.1 223.2 226.5 225.9 225.4 224.9 224.5 224.9 224.5 223.5 225.4 229.5 232.1 239.8 245.6 253.2 252.3 266.7 275.8 282 291.1 298.9 303.7 308 311.3 313.7 315.6 317.6 319.6 319.8 320.2 321.1 323.1 322.6 318.5 316.5 314.5 311 306.4 303.2 298 288.2 284 275.1 267.6 268 263 262.8 262.9 259.6 252.7 234.2 218.5 197.7 179.3 163.6 147.5 131.3 120.6 112.7 105.4 100.8 98.2 98.8 99.6 99.8 100.8 101.9 102.5 103.7 107.6
189.7 196.5 199.8 200.6 205.3 209.8 213.1 216.1 218.9 221.6 223.2 224.9 225.9 226.7 227.1 228.7 229.8 229.6 232.5 237.6 241.2 247.2 253.2 260.3 266.6 269.7 277 282.6 290 295.8 302.3 307.2 310.5 313.1 314.9 316.8 318.5 318.5 320 321.6 322.2 321.6 320.5 316.3 313.2 309.1 306.7 305.7 305.5 305.8 296.9 292.1 286.1 284.2 279 272 269.4 264.9 259.5 246.9 232.9 212.2 194.2 174.8 156.8 139.7 127.3 116.9 106 99.3 97.9 97.6 97.2 96.8 98.8 99.9 100 101.7 104.1
188 193 193.7 196.8 202 205.9 208.8 212 214.7 216.5 219 221.2 223.2 225.7 229.6 232.8 233.6 236.1 242.8 248.6 252.5 254.6 260.6 267.3 272.3 275.8 279.6 283.3 289.5 297 302 306.1 309.9 311.8 312.6 314.3 316.1 317.6 318.9 320.9 321.4 320.1 319.4 316.3 311.6 308.7 308.2 309 309.1 305.7 297.9 289.9 288.7 289.2 287.5 283.5 276.5 268.4 259.9 251.6 239.6 222.7 205.4 185.9 167.6 149 134 122.7 106.9 101.1 97.3 96.1 95.1 96.6 96.5 97.2 97.6 100 100.4
183.3 185.9 189.6 193.1 195.2 198.4 202.6 206.4 207.8 210.6 213.2 216.2 220.1 225.2 230.5 233.5 238.1 243.9 250.4 253.2 256.9 261.7 270.2 272.9 277.2 280.2 283.5 287.2 292.6 297.4 301.2 305.1 307.8 309.7 311.4 313.6 315.8 316.6 318.3 318.4 318.9 318 319 314.6 311.2 311.2 313.2 309.8 306.8 302.5 293.8 291.6 292.3 292.5 290.4 285.2 277.4 270.4 264.7 256.8 241.9 230.1 214.1 196.9 177.7 159.3 142.3 122.6 107.1 101.8 99.4 96.5 93.8 94.4 94.3 95.3 95.3 96.1 97.6
179.9 182.6 185.4 185.2 187.9 190.7 194.5 199.3 201.8 203.9 208 212.1 216 221.8 227.1 234.2 241 247.1 252 255.1 260.3 267.2 275.5 279.9 283.1 286.3 289.1 291.1 295.2 297.9 301.1 304.4 306.8 308.4 310.1 312 312.7 314.1 316.1 318.6 319.1 318.1 318.9 316.1 312.8 314.8 314.4 310.4 308.4 304.8 298.6 297 294 291.1 287.4 283 278.6 272.5 264.8 255.7 245.9 234.3 218.6 203.1 184.9 170.5 142.3 121.2 109.8 104.4 101.3 98.2 95.1 93.4 93.1 93.8 93.6 93.7 94.6
175.3 176.3 173.9 176.7 178.3 179.9 184.2 188.6 193.9 197.1 200.4 204 211 217.6 221.7 233 242.1 249 255.3 260.8 266 271.3 278.2 283.2 286 288.2 290.5 293.6 295.3 298 300.4 302.4 304.4 306.6 308.5 310.3 311.9 313.6 317.1 316.4 316.8 319.7 318.9 316 314.7 314.7 313.1 311.2 309.1 306 302.1 296.4 289.8 287.4 285.7 282.3 276.3 267.3 261.8 254.9 240.4 228.4 217.7 205.7 191.4 163.3 137.8 123.3 114.3 108.3 103.6 98.7 95.8 92.8 92.5 92.4 92.2 91.7 92.1
165.4 165.7 169.8 173 174.2 175.5 178.1 181.8 183.9 189 194.2 201.1 208.6 214.7 221.5 234.9 243.1 250.4 256.9 262.2 268.4 273.5 279.2 283.3 286.4 288.8 290.4 292.8 295 297.4 299.5 301.6 303.5 305.5 307.3 309.1 311.4 314 314.5 314.3 317.2 318 317.9 317.9 317.3 315.8 314.3 312.2 309.2 303.7 299.2 292.9 288.7 285.6 282 276.9 269.2 263.2 249.5 232.7 219 201.7 197.5 197.4 183.3 162.5 134.9 123.5 118.1 116 108.1 101.8 96.2 92.2 90.5 91.1 90.7 91.1 91.2
157.5 163.8 166.7 169.7 171.4 173.4 174.4 177.2 180.6 186.5 197.6 207.8 212.4 215.6 223.2 233.9 242 249.1 255.2 262.4 268.9 273.7 278.2 282.6 285.6 288.1 289.9 291.5 293.9 296.2 298.1 300.4 302.8 304.5 306.8 309.1 310.5 311.5 312.2 313.5 315.6 315.4 315.3 317 317.9 315.8 314.4 312.5 306.6 302 298.5 294.2 289 281.9 274 269.5 261.9 248.4 227.8 211.9 199.3 188.6 181.1 179.1 178 154.8 137.3 131.3 130.6 126.4 121.3 109.7 98.1 93.4 90.8 89.5 89.2 90 89.7
162.8 157.9 160.2 166.5 169.7 170.8 172.5 175.2 180.2 188.1 201.5 205.6 210.8 217.1 221.9 229.2 238.5 244.7 252.3 260.4 267.7 268.6 277.4 280.9 285 287.3 288.5 290.3 292.1 294.3 296.6 298.8 300.8 303.6 305.8 307.7 308.5 310.1 311.2 312.4 314.1 313.3 313.8 315.3 315.1 313.6 313.3 310 304.9 302.5 298.8 293.2 284.7 276.6 269.4 249 241.2 224.7 208.5 199 194.3 186.4 176.8 173.8 164 148.4 146.9 140.7 140.9 136.2 130.8 120.8 110 94.4 90.8 89.5 89.4 88.9 89
166.3 166.6 167.6 166.8 167.5 167.7 171.6 174.2 180.3 188.6 194.4 199.2 204 210 218.3 225.7 231.6 238.1 245.9 256.2 263.2 268.4 275.3 279.7 282.8 285.8 287.9 289.5 290.9 292.5 295.1 297.4 299.6 301.8 303.3 304.5 306.8 307.8 309.4 311.3 312.1 312.3 313.5 313.5 311.4 311.3 310.8 307.2 304.6 301 296.5 288.7 279.6 275.2 269.8 256.4 245.9 233.5 219.3 208.6 199.8 198 189.5 176.6 168.1 159.5 153.3 152.3 153.7 153.2 142.9 133.5 119.7 98.2 92.4 90.4 88.8 88.3 88.5
170.7 171.1 171.3 172.3 178.1 173.7 170.2 174.3 179.8 184.3 186.5 189 194 203.7 212.9 219.9 227.1 230.9 240.4 249.1 259 266.5 272.3 275.9 281.3 283.6 284.9 285.9 288.2 290.4 292.7 295.7 297.8 299.6 301.5 303.4 305 307.3 307.7 308.8 309.6 309.3 308.4 308.7 309.5 309.6 307.6 303.8 301.2 297.5 294.1 288.7 283.8 279.2 273.8 265.9 260 249.1 238.8 223.3 222.6 223.3 222.9 193.4 176.9 167.3 164.9 169.2 172.5 169.6 165.9 149.9 127.8 104.5 94.5 92.5 90.4 88 88.1
179.3 181.2 185.5 178.6 182.8 177 175.5 172.5 176.4 180 181.6 183.6 186.1 190.5 198.8 204.5 214 221.3 229 242.6 252 254.1 265.5 271.4 275.8 279 281.7 283.9 285.7 287.3 289.5 292.5 295 297.2 299.1 301.1 303.5 303.8 304.2 305.3 305.5 304.3 305.1 306.2 307 305.7 302.1 300 298.1 295.5 292.2 287.6 283.6 280.6 274.7 269.1 261.1 254.2 247 241.4 239.4 243.9 239.3 223.8 201.4 191.2 185.9 188.4 186 184.1 178.3 163.3 132.1 108.4 99 95 91.8 88.8 87.6
198 197.4 192.6 188.9 188.1 185.4 179.8 178.1 176.3 177.4 180.5 180.7 182.9 186 187.5 192.1 199.3 204.5 221.4 232.2 236.6 254.9 264.3 270 271.9 275.3 277.9 281.2 282.6 284.8 286.3 289.2 292.6 294.7 296.6 297.6 298.6 299.2 299.7 299.7 299.2 299.8 301.3 301.8 301 299.6 298 296.1 293.8 291.2 288.8 285.9 282.7 278.9 273 265.8 262.5 257 252.1 252.2 252.6 248.7 243.2 235 225.5 212.4 202.7 198.9 196.1 193.2 188.9 164.8 133.4 112.2 103.3 95.4 92.2 89.5 87.5
215.5 210.7 201.1 197.5 195.2 194.8 191.7 181.5 182.1 179 178.9 180.9 181.2 183.4 185.3 188.6 193 195.9 208.8 215 234.2 249.6 258.3 263.4 261.9 273.3 277 277.6 277.2 282 283.6 286.5 289.6 291.3 293 292.2 293.5 293.6 293.7 294.2 295.1 294.1 295.2 295.2 294.7 293.9 293 291.2 289.8 288.4 287.1 284.6 281.2 275.5 271.4 268.9 261.4 260.7 260.2 256.7 254.2 250.5 243.6 238.4 229.6 220 212.4 210.4 205 203.8 195.7 167.2 139.1 128.4 112.5 100.7 92.3 90.1 88.1
232.9 223.8 211.5 207.1 201.9 206.8 203.8 189.7 186.9 185 185.9 184.3 183.2 182.3 184.4 186.8 189.3 192.3 197.3 205.8 225.4 237.9 249 253.3 264.4 270.3 272.1 270.4 273.4 277.2 279.3 281.6 283.7 286 286.6 286.8 286.6 287.1 287.3 288.2 288.2 286.8 288.6 289.4 289.7 288.8 288.3 288 287.3 285.7 285.3 283.2 278.9 274.1 270.7 266.3 266.3 266.2 262.4 256.9 252.9 249.5 245 235.2 228.4 225.6 223.3 217.5 216.5 209.4 199.1 162.5 165.2 156.1 134.9 117.5 103 92.9 89.3
242.9 231 222.3 218.4 214.6 217.3 215.3 206 204.5 198.5 201.9 200.5 193.9 185.7 184.8 185.8 187.6 190.8 192 196.3 208.8 222.7 237.2 248.2 256.9 261.2 263.4 257.4 269.1 273.4 276 275.1 277.2 279.1 280.3 279.6 278.9 279.3 279.9 280.9 281.9 283.7 283.8 283.7 283.7 284.2 284.4 284 284 283.3 282.2 280.8 278.7 271.8 270.6 269.7 268.8 265.7 261.7 255.8 252.9 247.6 236.5 233.2 229.8 226.7 225 225.3 221.4 208.1 192.8 180.8 186.6 180.4 166.5 144.2 117.5 102.7 91.1
247.9 238.7 231.5 228.9 233.1 234.1 228.1 223 214.2 219.9 221.4 214.3 207.3 200.8 189.8 185.6 186.7 188.4 190.7 194.2 199.4 212.8 231.7 242.1 250.2 254.8 255.3 256.7 262.5 267.8 272.7 270.3 269.9 270.8 271.8 270.3 270.8 270.7 274.3 276.6 277.9 278.8 279.7 279.8 280.1 280 279.6 279.6 280.1 279.8 278.7 276.3 273.8 272.8 271.6 270.2 268.1 265.1 259.2 254.3 247.3 238.2 235.3 234.3 229 228.7 229.6 225.2 216 205.5 197.7 197.3 197 194.7 188 167.9 143.3 121.1 101.4
253.5 246.3 246.2 239.6 246 245.6 239.8 237.9 222.8 237.4 234.8 231.1 222.3 215 205.7 191.1 187 188.2 188.7 191.7 195 209.6 226.3 235 244.1 245 247.1 252 256.9 266.3 267.2 261.9 258.7 258.2 259.3 261.1 263.1 267 270.5 272.5 273.6 275.4 275.8 276.1 275.2 274.8 275 275.5 275.7 275.5 272.8 272.6 272.1 271.3 270 269 264.7 261.5 256.1 248.1 239.5 236.7 235.4 230.3 231.4 230.3 227.7 218.2 211 203.2 201.8 199.1 199.6 198.3 193.9 185 167.7 147.3 118
259.4 253.4 254.1 252 252.6 250.7 247.9 238.1 243.4 246.7 246.6 239.8 230 218.2 204.8 192.6 188.7 188.4 188.6 189.8 194.3 205.4 218.9 226.4 231.8 235.9 242.4 251 255.6 258.7 259.4 254.7 248.9 248.4 248.8 252.6 258.3 262.2 265.7 267.5 268.3 270.3 271.1 270.2 269.4 270.2 270.2 270.3 269.5 270.4 270.1 270.2 269.4 268.5 266.1 263 258.8 252.5 248.3 242 236.9 233.8 232.7 233 231.7 228.3 221.7 211.8 203.1 202.4 200.9 199.3 199.3 198.1 195.2 191.1 185.3 167.6 142.4
261.9 261.6 259.2 256.3 253.7 253.6 251.4 246.5 252.5 251.8 250.3 239.4 228.8 213.5 197.7 192.3 188.9 186.7 187.1 187.9 192.4 204.1 216.1 225.5 224.9 224.5 241 247.5 249.2 250.9 250.9 244.2 237.5 237.3 239.2 248.6 252.8 256.8 259.1 261.3 263.1 264.4 264.9 264.1 262.4 262.1 263.1 264.5 266.9 267 267 266.7 265 262.8 260 256.7 248.5 243.7 240.4 236.7 234.5 233.3 233.6 234.1 229.3 221 213.3 201 199.7 200.4 198.2 198.1 198.6 197.1 194.6 191 187.4 180.7 162.5
269.4 266.1 261.8 258.2 256.7 255 252.7 254.5 255.7 253.1 246 238.2 225.7 203.9 193.5 189.9 187.2 184.5 182.4 184.8 189.8 203.5 214.1 217.3 206.2 223.5 233.9 235.5 236.6 236.6 237.7 233.7 228.7 226.6 232.9 241.5 247.4 251.4 255 256.1 258 259.5 260.2 259.9 258.7 255 257.8 261.1 262.9 263.1 262.3 261.5 259.6 257.2 251.6 244.6 240.3 236.6 233.8 232.6 231.8 232.2 231.6 229.8 224 216.1 204.3 195.2 193.9 193.3 193 194.1 192.6 191.6 190.4 190 187.9 181.7 169.9
276.1 272.1 266.7 260.9 259 257.5 256.5 259.1 257.4 251.5 243.2 234.2 219.5 197.1 194 189.6 186.5 182.8 181.3 180 183.1 192.6 199 200.9 205.3 216.5 223 226.9 227.3 226.2 224.4 220.4 219 220.4 228.1 236.5 242.6 246.1 247.6 250.4 253 255.5 255.4 255.3 255.1 246.4 250.8 255.6 257.8 257.4 256.6 256 254.2 249.2 241.7 236.7 233.8 231.3 230.1 229.9 230.8 230.5 228.2 225.7 218.5 206.6 191.5 188 181.9 185.5 186.8 187.3 187.1 186.3 186.7 187.7 185 176.4 166.3
282 276.2 270.2 264.3 262.6 261.9 263.8 260.5 256.9 251.5 242.4 228.5 209.1 199 192.9 187.6 186.7 182.7 179.5 176.6 177.1 179.1 186.8 183.5 197.7 210 216 220.2 221.5 215.5 209.5 208.1 211.5 216 225.2 230.8 234.5 236.9 239.7 244.9 248.1 249.8 252.8 253.5 250.2 233.7 243.1 250.9 252.3 253.5 254 252.8 249.5 242.5 236.3 232.6 230.1 228.8 229.1 229.2 229 227.4 225.3 218.8 208.6 192.8 183.9 177.8 170.7 173.4 180.2 181 181.7 183.5 184.3 183.8 177.8 167.8 161.2
284.2 280.1 272.4 268.1 266.8 267.3 263.7 258.2 254.4 247.2 236.1 218 207.8 197.1 195.1 193.6 187.9 180.5 179.2 175.5 173.9 173.2 176.7 180.8 191.2 197.6 205 207.5 208.6 202.8 199.2 201.8 206.6 213.3 219.1 222.8 224.5 230 235.5 240 244 250.5 251.4 249.5 244 225.8 238.8 245.8 247.9 248.9 249.6 249.8 247.8 237.9 234.2 231.1 230.5 227.4 225.4 226.7 226.4 222.5 216.3 208.8 197.9 183.3 175.2 166.5 159.7 161.4 172.2 175.9 178.9 181.9 182 176.9 169.4 161.3 153.8
285.6 281.3 274.2 270.5 269.1 263.1 258.6 255 248.5 239.1 223.8 214.8 208.5 202.6 205.8 202.8 194.6 181.5 175.9 171.9 171.5 171.7 172.8 173.1 179.7 190.2 193.3 192.3 190.5 191 194 195.7 201.6 207.9 212.1 213.1 214.9 227.2 229.7 236.4 244 246.8 247.7 246.1 239 219 235.8 240.2 241.8 244.4 245.7 246 242.4 236.5 232.4 229.1 225.2 219.5 223.1 222.4 218.8 215.6 206.1 198.2 187.8 179.8 170.1 158.3 153.3 153.4 164.8 170.5 175.5 176.8 173.7 167.6 162.2 153.6 143.8
