Game/Highland_Data/StreamingAssets/GeoData/Data/sn/SN64.asc
ncols 200
nrows 200
xllcorner 260000
yllcorner 240000
cellsize 50
[rows 105 to 139 of 200, columns 78 to 155 of 200]
223.6 212.4 207.9 201.3 197.8 195.5 192.7 190 187.1 184.2 180.7 178.1 174.5 173.8 170.7 164 164.1 164.3 168.4 169.9 170.9 172.5 172.8 174.1 175.5 176.9 177 176.2 175.4 174.6 174.3 174.5 174.8 175.4 175.1 174.5 174.2 170.5 171.3 175.1 177.4 178.7 181.3 184.9 190 197.6 206.9 212.3 222.1 224.7 226.7 231.6 234.5 229 223.5 215.7 220.7 225.5 228.9 225.2 220 235.9 249.8 259.2 266.5 273.1 279.2 286.1 293.9 302.2 309.1 313.6 315 316.2 319.7 322.5 324.3 322.7
221.5 212 207.8 201 196.1 193.3 190.9 188.7 186.9 183.2 181 178.1 176.1 175.1 172.2 168.8 163.5 163.4 168.6 169.1 169.1 169.2 170.6 171 172.1 172.8 174.2 175.8 174 171.8 172.2 172.3 173.2 172.6 173 171.8 167.7 169.3 174.8 177.9 179.6 181.5 185.4 191.2 198.9 206.5 213.6 221.5 226.8 230.7 236.5 243 243.3 241.8 238.7 231.1 229.3 232.4 233.3 232 227.3 229.2 239.9 250.3 259.9 268.2 274.8 282.2 290.1 297.3 303.9 309.3 311.8 316.3 319.6 321.7 321.4 315.7
213 209.2 206.3 197.5 193.8 191.6 189 187.1 185.5 182.7 180.3 177.9 175.4 174 172.5 170.5 165.9 161.3 165.2 167 168.2 168.4 168.8 169.4 168.7 169.7 173.6 174 170.4 168.9 168.9 170.2 170.4 170 168.8 167.9 168.4 175.2 177 180.1 181.4 184.8 188.9 195 202.7 211 218.4 226.3 230.6 236.7 243.2 247.8 250.1 251.3 248.5 246.1 245.1 244.1 237.7 237.1 234.7 239.8 240.1 241.8 251.7 258.7 266.9 274.7 282.5 289.4 296 299.9 306.4 313 317.7 319.6 316.5 306.6
210.1 206.1 201.3 197.6 193.2 190.4 188.3 186.3 184.9 183 181.2 178.1 175.9 174 172.5 169.9 168.3 161 166.1 167.1 166.7 167.1 166.4 166.7 166.9 166.8 167.6 167.8 164.6 164.3 166.2 167.3 167.4 165.7 166.5 173.6 175.7 178.4 180.1 183.6 184.7 189.4 193.9 199.2 205.7 213.2 221.1 226.6 232.7 241.6 248.9 253.1 256.3 256.7 253.6 257.5 261.2 257.9 249.6 244.4 243.3 246.3 248.9 248.5 250.8 255.2 262.1 269.1 276.8 283.1 287.8 294.9 303.1 310.9 317.2 319.3 310 290.9
209.6 205.6 201.6 198.4 194.2 190.8 188.7 186.3 184.7 183.2 181.5 178.9 175.7 173.7 171.1 169.7 168.2 161.1 161.6 166.3 165.7 165.5 165.2 165.6 165.2 164.2 163.8 161.7 161.8 159.6 163.4 164 164.2 171.1 173.3 176 178.3 180.4 183.7 186.8 190.5 195.3 198.9 202.7 207.9 214.5 223.6 228.5 237.7 246.8 252.4 256 258.9 261.4 265.2 270.7 273.4 270.2 262 254.6 251.7 253.6 257 260.2 262 264 266.2 268.5 274.3 280.9 287.8 295.7 303.2 309.7 310.1 306.7 289.4 275
209.7 207.2 204.9 201.8 197.9 192.6 189.8 186.6 184 181.8 179.5 177.5 174.5 171.9 170.2 168.1 163.8 160.2 159.3 165.7 165 164.3 164.5 164.5 164.2 161.3 159.9 160.1 160.4 166.5 167.9 169.5 170.8 168.9 174.5 177.2 179.8 182 185.3 188.8 194.2 198.1 201.2 206 211.3 218.9 227.5 234.6 243.1 248.8 254.1 258.6 261.9 266.8 272.9 278.3 282 283.1 277.8 270.3 263.4 263.5 265.8 271.5 275.1 274.7 275.2 276.1 279.5 286.1 291.2 295.2 298 298.1 292.7 284.3 272.8 261.6
214.5 211.9 208.3 204.7 201.1 197 191.7 187.7 184.2 181.1 178.8 175.7 173.6 170.6 168.9 166.8 164.2 159.6 160 164.6 163.2 162.3 162.7 163 163.4 159.7 159.2 162.4 165.7 167.8 169.5 171.1 172.2 173.3 172.7 177 181.9 187.4 190.7 193 194.8 198.2 203 208.1 216.3 222.9 230.9 237.7 245.5 250.8 256.5 260.4 264 272.8 279.7 284.7 290.2 291.7 288.4 281.3 274.6 273.7 275.1 281.7 285.5 288.6 291.5 291.3 292.1 295.1 296 287 279.3 272.8 269.9 265.3 260.7 253.1
220.5 219.6 214.6 206.6 203 199.3 195.4 190.7 185.8 181.2 178.9 176 173.6 171.1 168.6 166.5 162.9 158.8 159.6 160 160.5 161.9 160.3 159.5 159.6 158.7 158.5 161.9 165 167.7 169.5 171.2 173 173.6 176.5 175.6 182.1 188.1 193.6 196 196.9 200.3 204.7 210.3 217.8 225.4 232.6 238.9 245.5 251.5 255.8 261.1 268.9 276.9 284.8 290.7 295.7 296.2 293.4 288.1 280.9 280.6 282.7 286.1 288.3 292.3 295 296.9 294.1 283.8 272.2 262.5 258.8 255.8 255.5 255.5 253.2 247.1
221.3 222.2 214.1 208 203.5 200.4 196.9 193.2 189.6 183.6 179.8 176.9 173.9 171 168.5 166.1 164 156.8 158.5 158.3 157.7 158.3 158.4 157.7 157.5 158.1 156.5 160.2 163.3 166.1 168.1 170.5 172.1 173.7 177.4 181.6 181.9 187 191.5 192 195.3 199.4 205 209.4 213.2 223.2 231.1 238 244.6 251.5 257.6 265.4 273.8 282.7 290.4 297.3 302.2 303.2 300.5 296.9 292.8 288.7 287.9 287.9 289.3 289.9 291.2 286.9 273.7 258.5 248 246.3 244.7 244.9 245.2 248.4 248.2 242.6
222.4 223.5 217.9 208.6 204.6 201 197.3 194 190.7 185.6 182.2 178.7 174.3 170.7 168.2 165.6 163.3 159 157.4 157.7 157.4 157.5 157.6 156.5 156.9 157.2 157.3 158.5 162.2 164.4 166.9 168.8 173.3 175.3 179.4 184.2 186.3 187.7 189.4 190.4 192.7 196.8 204 207.7 214.1 221.1 225 233 242 251.7 259.8 268.5 279 286.6 294.1 300.7 304 305.6 306 304.1 297.2 292.5 290.3 289.5 288.1 286 278.2 265.2 248.5 239.4 233.1 232.3 231.8 230.9 235.1 238.2 239.7 238.9
222.5 221.9 215.6 209.6 205.3 200.7 197.6 194.2 189.7 186.2 182 178.2 173.6 170.5 168 165.9 163.3 161.7 158.4 157.5 156.8 156.3 156.7 156 155.9 156.4 156.6 157.9 160.4 163 165.9 168.5 171.5 179.8 185.1 188.6 190.6 193.3 195.7 196.3 201.4 206.2 210 215.2 221.9 230.2 236.1 241.5 246.8 251.7 260.4 271.4 280.8 288.8 294 298.6 302.2 305.4 308.5 309.8 304 296.7 292.7 289 284.8 273 258.3 242.1 228.9 221.4 220.3 219.4 221 224.1 226.8 230.8 232.5 232.8
220.8 219.4 214.9 211.2 208.2 205 200.8 195.6 189.6 185.4 182.2 178 173 169.5 167.4 165.4 163.3 160.7 159.7 155.2 156.1 155.2 155.7 155.4 155.1 155.8 156.4 157.6 160.1 162.8 166.1 170.1 181.6 190 194.8 197.7 198.7 197.6 200.7 202.1 208.2 213.6 219.8 226.5 232.6 238 242.9 249.8 254.6 262.1 269.5 274.5 281.9 287.8 292.8 297.5 302.7 305.9 309.8 308.8 303.7 298.4 292.6 284.5 268 251 237.5 224.1 212.7 211 212.3 213 215.4 217.2 221.4 225.9 224.3 221.8
219.1 217.8 216.1 213.5 211.2 208.1 203.9 195.9 190.5 186.2 182.1 177.4 171.2 169.2 166.5 164.5 163.2 160.9 159.5 157.8 155.4 154.5 152.6 154.9 155 154.6 155.3 156.1 159 164.1 170.5 182.5 193.1 198.3 202.5 205.1 206.2 204.2 209.1 213 214.6 219.7 229 234.2 239 245.9 251.1 257.3 264 269.9 275 279.2 284.5 289.2 292.8 298 301.3 302.3 302.4 301.4 298.9 292.6 281.7 264.2 246.3 230.3 219.6 210 203.9 203.9 205.4 207.2 208.9 211.8 215.5 217.7 216.1 213.8
219.1 219 217.8 216.1 213.9 210.7 205.9 200.7 192 185.6 180.7 175 171.6 169.4 166.8 164.4 163.6 162.2 160.3 158.6 155.3 154.7 154.3 153.9 154.3 154.4 154.6 155.3 159.6 168.7 182.4 191.6 198.8 204.5 208.2 210.5 210.4 211.7 216.3 220.6 225.7 229.6 235.4 240.6 248.3 255.1 260.3 267.6 273.9 276.4 277.5 281.5 284.7 289.2 292.3 295.6 296.7 297.9 299.3 297.3 286.7 271.5 257.6 241.8 222.7 214.3 204.7 200.2 199.5 199.9 200.2 201.5 203.6 207.8 209.9 208.8 209.7 205.3
222.1 220.7 219 217.9 215.9 213.3 210.4 204.5 196.2 188.7 181.5 174.8 171.1 169.7 167.1 165 164.8 163.3 161.7 159.8 154.8 154.2 153.8 153.5 153 154.1 153.2 154.6 161.8 173.4 184.1 192.2 201.9 207 209.5 210.7 212.7 216 222.5 227.3 231.7 234.7 240.1 246.5 254 260.4 267 272.9 274.9 274.3 276 278.9 282.7 285.5 289.6 294.7 297.7 301.3 298.9 281.8 262.7 251.2 235.8 220.9 210.4 200.8 198.4 197.1 196.9 195.8 196.1 197.7 199.6 202.1 202.1 202.3 200.2 197.9
224.7 224.6 224.7 224.6 223.5 219.8 214.5 208.4 201.2 193.1 182.6 172.6 170.5 169.1 167.8 165.4 164.2 163.2 162.2 160.8 155.2 153.9 153 153.3 152.8 153 152.3 155 163.9 172.3 182 192 201.6 205.6 207 211.1 217.5 222.9 228.3 231.1 235.3 239.4 244.2 251.8 258.1 264.8 268.6 268.5 265.3 265.7 270.5 274.3 273.7 284.2 291.5 299.2 301.8 301 287 260.7 248.6 235 221.3 207.4 200.3 195.8 193.7 192.9 193.1 192.9 191.7 193.8 195.4 195.7 196.3 195.1 193.1 185
230.7 232.4 232.3 233.2 231.6 226.8 220.4 215 203.6 193 182.5 173.5 170.5 168.8 167.5 166.1 164 163 161.9 160.4 156.5 154.1 152.7 150.6 152.5 152.3 151.4 156.9 162.4 170.6 181.1 190.4 198.1 202.8 206.1 211.9 219.4 226.1 231.3 235.6 239.7 243.4 249.7 257 260.9 262.4 261.9 257.4 249.9 251.7 249.2 257.2 272.8 282.8 292.7 299.4 301.1 296.7 275.4 250.8 233.5 220.7 207.1 199.3 194.8 191.5 189.9 189.8 188.6 189.8 188.6 190.8 191.6 192.5 192.3 190.6 180.8 180.6
232.7 234.8 236.2 236.3 234.5 229.2 222.4 213.7 204.1 191.2 181.4 174.8 171.2 168.6 166.9 165.2 164.6 163 161.5 159.6 156.7 154.2 153.1 152.5 151.7 151.9 151 153.8 160.3 168.6 181.5 188.6 194.4 199.4 204.9 212.6 220.6 228 233.9 238.9 242.6 247.1 255.2 260.5 260.3 257.3 248.6 240.8 232 242.6 253.5 263.7 274.2 285.2 293.7 297.6 298.1 289.9 268.4 244.8 225.8 210 201 192.8 189.8 187.5 186.4 184.7 184.5 182.3 187.6 186.2 186.5 179.5 177.9 176.5 184.5 196.5
233.1 236.6 236.7 235 232 227.3 219.2 204 198 187.1 179.7 176.2 171.2 168.5 166.4 164.4 164.5 162.8 161.6 160.1 157.5 154.9 154.6 153.2 151.6 151.3 151.1 151.9 161.8 167.6 177.7 187 193.8 200.3 209.8 217.5 223.9 230.5 236.5 242 245.9 251.6 259.4 262 260.1 248.3 234.2 226.2 234.2 244.8 256 266.7 278 287 294.4 296.3 291.5 283.5 263.8 239 219 202.9 194.2 186.9 185.6 183.8 182.5 181.3 179.7 178.9 173.2 173 176.1 182.7 188.1 192.7 198.9 204.6
233.6 235.1 233 229.9 228.1 223.8 216.6 203.4 194 185.6 178.8 174.9 171.6 169.2 166.9 165.6 164.4 162.6 161.4 160.3 157.1 155.1 154.1 153.8 152.8 150.9 150.7 151.5 157.9 168.2 179.8 188.5 194.1 203.1 211.1 218.1 225.7 231.9 238 243.9 248.6 255.7 260.5 261.2 256.6 236.3 221.6 220.2 235.6 248.5 259.5 270.4 278.2 283.9 286 284.3 281.7 271.8 254.6 234.8 218.5 201.7 191.6 184.3 179.5 180.8 176.5 172.3 170.7 173.8 178.3 184 188.2 193.2 197.3 203.5 209.4 212.6
226.6 227.5 226.3 225.8 224.5 220.9 214.3 205.9 191.5 183.9 177.9 172.9 170.3 168.6 166 164.8 163.9 162.4 160.9 160.3 157.5 154.6 154 153.6 153.4 150.7 150.3 149.5 160.3 165.6 172.5 185.8 195.9 204.3 210.2 218.7 226.5 233.4 239.5 244.6 252.1 257.3 258.2 254.8 245.2 227.5 214.2 220.2 237.2 250.3 259.1 267.1 271 273.2 274.8 273.7 267.5 256.4 242.8 226.7 217.1 199.9 190.2 183 180.1 172 168.2 171.1 175 178.1 184.2 190.4 196.5 201 206.1 212.1 218.1 225.5
216.5 218 220.1 220.1 219.4 217.1 212.9 206.1 191.9 181.2 176.1 171.5 168.5 166.8 164.9 164.1 163.3 161.6 159.9 159.3 156.2 153.4 153.1 153.1 153.2 149.9 149.6 149.2 160 164.9 173.6 187.6 195.8 203.3 212.3 220.5 228.2 234.9 240.2 245.6 251.7 253.3 252.5 247.1 236 223.4 212.9 214.7 234.8 248.2 255.4 260.4 262.6 263.1 261.3 257.8 252 238.8 229.9 222.2 212.4 199.7 190.3 182.2 176.6 166.9 172.2 176.2 177.8 183.7 192.8 197.9 206 212.3 223.5 231.8 240.5 243.4
205.9 209.5 210 212.5 213.1 211.7 208.9 201.3 190.7 181.1 175.3 171.1 167.9 165.7 164 163.5 162.8 161.1 159.7 158.5 155.1 153.1 152.5 152.5 152.8 149.4 149 150 159.9 166.1 174.1 181.4 192.9 203.4 212.9 220.6 227.8 234 239.6 244.6 246.9 247.6 244.2 238.7 229.9 221.4 209.1 211.9 230 241.2 246.5 249.9 251 250.1 247.5 243.5 235.4 230.4 218.2 212.7 208.2 201.8 189 179.3 173.3 166.2 174.4 177.6 181.4 189.6 199.1 212.7 224.2 235.1 246.6 254.4 260.1 259.8
196.2 199 202.8 206.5 207 205 201.2 194.6 187.2 181.3 176.4 170.6 166.8 163.6 162.8 162.7 161.5 160.7 159.3 157.9 154.9 153.2 152.4 152.3 153.2 148.7 149.1 151 160.8 166.9 173.1 179.2 191.8 203.4 212.7 221.5 227.8 232.5 236.9 240.3 240.4 239.3 237.5 233.2 221.1 212.4 206.4 210.1 223.8 229.7 235.1 236.8 236.8 236.2 235.7 232.7 224.5 219.4 213.9 210.6 205.2 193.8 183.1 175.9 165.5 170 175.1 178.8 186 193.6 211.2 225.5 242.4 255.5 263.8 269.1 273.1 274.4
187.4 194.5 198.9 201.5 201 198.5 193.3 188 183.5 179.5 175.2 170.9 165.1 162.4 162.4 162.1 160.5 159.7 157.7 157.1 154.9 152.9 152.3 152.1 152.9 147.1 149 149.4 160 166.8 170.2 180.1 193.2 203 212.2 219.2 225.3 229.9 232.2 233.7 234.9 234.3 231.6 222.4 212.4 207.4 205.3 208.9 217 220.3 220.5 219.3 220.4 221.3 220.3 218.7 217.6 216.2 214.8 213 197.9 186.3 178.1 173.8 164.4 171 174.7 181.4 190.1 204.5 220.4 235.9 252 264.5 272.9 279.1 284.1 277.9
184.8 189.2 194.4 197.3 195.8 193.1 189 183.5 178 175 172.1 166.8 163.5 162.9 162.7 161.3 159.9 158.3 157.1 156.6 154 152.3 151.6 150.4 150.4 147.5 148.7 150.7 158.5 162.2 167.5 179.4 191.5 202.2 210.7 217.6 223 227.5 229.7 230.7 231.5 229.5 223 210.4 207.5 205.5 201 206 208.2 208.9 208.1 208.8 209.9 211.2 213.2 214.4 215.1 215.4 216.6 202.9 188.1 179 174.7 166.7 164.6 171.9 175.5 183.8 195 213.2 232 244.9 257.5 269.2 279.1 285.1 285.1 278.3
182.5 185.6 190.7 193.2 193.3 191.4 185 179.3 175.1 171.3 168.1 165.9 163.7 163.3 162.1 161.1 158.8 157.4 154.9 155.5 153.8 150.9 150.2 149.6 147.7 147.6 147.7 151.9 158.1 160.5 166 175.5 188.6 201.2 209.8 215.1 221.1 224.1 226.1 227.9 226.8 222 211 204.6 203.3 202.3 199.2 202.8 203.6 202.4 204.3 205.3 205.8 207.8 210.3 213.1 215.8 221.4 216.6 196.9 182.5 175.8 170.5 162.7 169.9 172.1 178.3 189.5 205.1 220.9 234 246.2 258.9 270.8 279.2 282.2 279.6 277.9
179.6 183 187 190.7 190.3 189.4 184.8 178.5 173.8 170.4 167.6 165 163.7 163.1 161.7 159.7 157.8 156.7 153.6 152 151.3 152.3 152.1 148.7 147.3 147.2 147.8 147.1 156.6 160.5 164.3 172.6 187.3 199.2 205.7 212.9 218.3 220.6 224.1 223.9 219.8 209.9 202.9 201.5 200 198.7 198.1 200.1 200.5 201 202.3 203 203.7 206 208.5 215.2 225.6 228.9 216.6 193.4 177.8 173.1 163 163.5 169.8 173.7 184.2 196.3 211.4 221.1 232.9 244.7 257.9 268.8 273.2 273.4 269.7 266.5
177.8 182 184.6 187.1 188.1 186.8 181.9 177.1 172.6 169.4 167 165.3 163.3 161.7 160.3 158.8 156.6 153.5 152.6 151 155.2 160.3 158.9 154 146.4 147.4 146.4 146.9 154.7 159.6 163.9 170.3 185.4 195.8 203.6 209.7 214.8 219.5 220.7 217 206.6 202.8 200.4 198.6 197.3 194.1 193.4 198.2 199.3 199.2 200.3 201.2 203.9 206.4 212.7 224.1 232.4 229.7 215.4 190.5 177.1 170.3 159.6 166.3 171.6 178.3 190.7 201.5 212.5 224.6 231 241.8 254.7 262.2 263.1 261.4 258.3 253.8
175.6 180.1 182.4 184.7 185.6 182.1 178.7 175.1 170.5 168.5 166.6 165.1 162.8 160.5 159.2 157.1 154.3 152.6 152.1 151.1 153.7 168.1 167.4 155.9 148.9 147.7 146.5 146.3 156.3 159.5 163.7 171.2 182 192.7 199 206.7 213 213.6 212.1 205.1 200.6 198.8 198.8 195.9 192.5 189.8 193.9 196.1 197.1 200.1 203.1 205 209 214.7 225.1 232.6 235.3 232.7 214.3 189.4 174.6 159.9 160.8 167.4 174.1 186 194.3 204.1 219.4 222.8 228 236.4 245.1 249.4 251.2 245.2 240.4 246.4
172.6 177 180.5 182 182.8 178.3 174.8 171 168.5 166.4 165.5 164.5 161.3 159.5 158.2 156.4 153.5 151.2 156.8 161.7 170.1 176.4 175 158.6 150.4 146.3 146 146.5 155.4 159.4 164.2 170.1 180.4 189.2 198.4 206 208.3 207.4 202.3 199.7 199.2 199.4 200.3 194.6 184.8 192.2 195 197.1 199.2 204.2 208.6 213.5 219.7 228 233.8 239.8 242.2 235.3 211.9 190.9 164.6 156.8 163.4 169.6 179.9 188.6 194.4 205.9 210.6 214.7 220 226.8 228.6 235.5 226.2 223.8 224 236.6
167.7 173.7 177.5 178.4 176.3 175 171.1 168.4 166.4 165.1 164.8 163.6 160.5 157.7 156.2 154.3 153.7 154.7 162.7 170.7 176.9 181.3 178.7 162.4 152 145.2 145.2 146 154.4 158.2 162.7 169.7 182 192.5 196.6 199.8 201.3 199.7 198.1 198.1 199.1 200.1 198.2 192.1 183 191.7 194.8 198.2 202.6 208 213.2 220.9 228.7 236.8 242.8 247.6 246.8 235.5 213.9 187.6 162 155.7 165.5 172.8 181.9 184.8 188.8 194 197.4 206.2 206.6 207.4 206.4 203.6 202.7 201.2 203.4 212.2
165.7 168.9 174 175 174 171.7 168.9 166.9 164.9 163.5 163.3 162.8 159.3 156.6 154.4 154.4 154.9 161 168.5 175.1 182.7 184 180.4 168.1 153.2 144.8 145.2 145.8 152.6 156.7 160.4 165.9 173.1 179.1 185.5 191.4 194.1 196.1 197.5 198.6 198 199.6 191.9 182.1 186.3 193.4 197.1 201.6 206.1 212.4 219.5 226.6 234.3 243.3 248.4 251.9 246.6 239.5 221 191.6 165.5 156.9 164.4 169.9 175.4 176.3 176.1 177.9 184.1 187.6 186.5 187.7 183.1 181.6 181.4 182.4 185.5 189.3
164.7 165 170.8 172.1 170.5 169.3 167.2 164.9 163.7 162.6 162.8 160.5 154.7 155 154.6 158.5 161.1 165.2 170.5 179.8 184.3 184.5 181.6 174 156.4 144.7 145 145.1 148.1 153.4 157.7 164.4 177.1 184.6 193 195 196.1 196.4 197.9 198.5 199.1 195.3 178 187.3 190.9 196.1 199.9 204.6 210.3 216 226.1 232.6 242.2 248.3 252.5 252.9 249.5 240.4 218.7 194.6 172.9 157.8 159.2 164.7 165.9 166.4 169.5 171.8 172.1 171.9 171.9 171.3 172.7 171.4 172.7 172.4 171.3 166.6
163.7 161.6 163.3 169.1 168.3 167 164.9 163.1 162 160.3 159.2 155.8 156.6 156.4 160.7 161.5 162.3 165.2 170.3 178.5 184.7 185.1 183.9 180.3 161.4 146.9 144.5 144 145.6 150.9 155.9 162.8 176.7 191.8 194.1 194.1 195.2 196.6 197.5 198.4 199 182.6 182.5 188.8 195 200.7 208.3 217.3 220.9 225.2 233.2 238.9 247.4 253.7 257.4 253.5 247.1 234.7 213.7 190.4 171.3 155.8 153.2 160.8 156.7 156.8 159 165.2 163.7 161.4 158.7 159.8 160 155.5 156.4 155.9 156.6 157.2
