Game/Highland_Data/StreamingAssets/GeoData/Data/sn/SN69.asc
ncols 200
nrows 200
xllcorner 260000
yllcorner 290000
cellsize 50
[rows 39 to 77 of 200, columns 88 to 175 of 200]
207.1 219.3 233.2 246.8 253 247.5 243.9 247.4 245.3 244.7 242.8 242.2 242.2 235.7 224.2 209.9 203.5 192.6 182.3 175.9 171.1 161.6 158.8 154.9 147.8 143.6 147 145.1 156 151.8 155.8 161 158.7 166.1 158.7 154.4 144.6 141.3 149 147.7 152.4 165.9 174.8 184.9 183.9 181.5 169.9 158.3 150.4 143.4 135.6 126.4 116.4 99.4 81.3 60.8 39.2 14.2 4 6.2 2.6 2.6 2.5 3.4 3 2.5 2.4 2.7 2.2 2.7 2.8 2.8 2.4 1.7 2.6 3.2 4 6.1 13.2 4.9 5.8 8.2 3.5 2.8 9.8 14.6 17.3 21.6
207.5 212.8 227.3 238.8 242.4 238.4 236.3 233.1 232.2 233.4 234.8 236.9 234.5 229.1 219.8 201.9 192.1 182.4 173.2 161.5 163.3 161.9 158.5 153.7 149.3 141.8 134.9 151.2 148.8 144 147.6 155.5 151.7 152.7 148.4 136.4 137.8 141.3 147.5 133.3 148.8 168 177.5 181.7 179.8 178.3 167.6 155.9 144 134.7 127.4 117.8 102.1 86.2 66.9 47.2 31.7 3.6 4.2 2.9 2.6 2.6 2.7 2.4 2.3 2.3 0.5 2.7 2.4 1.7 2.5 2.8 2.4 2.3 2.4 2.7 3.3 3.9 4 3.2 3.4 3.6 3.6 3.6 6.3 15.9 19.3 15.8
203.8 204.8 219.9 230.1 232.8 229.3 224.2 217.8 214.8 216.2 222.1 227 228.6 224.7 213.4 185.7 175.6 167 156.8 160.5 167.6 165.3 159.6 156.2 150.4 145 133 141.2 135.6 139.1 145.8 149.5 148 144.9 134.7 131.3 137.9 145.5 140.7 129.5 148.2 165.5 175.5 180 176.9 173 167.6 155.7 141.2 131.2 121 104.8 87.9 71.7 53 34.1 13.7 2.8 2.5 2.7 2.6 2.6 2.7 2.6 2.3 2.1 2.3 2.7 2.6 2.1 2.9 2.7 2.2 2 2.3 2.6 2.9 3.3 3.3 3 3.1 3.3 3.4 4.2 14 17.6 16.9 2.5
199.6 199.8 210.6 222.7 222 216.7 210 201.8 197.3 204 212.3 219.4 218.5 213.2 201.3 173.2 160.5 153.1 154.1 163.1 165.9 162.1 166.4 165.3 150.6 145.3 129.1 129.7 133.8 143.6 139.5 138.6 136.4 133.4 128.7 123.7 134.2 139 124.6 128.1 145.2 160.4 171.1 173.3 170.5 173.6 167 156.6 141.3 127.1 111.7 93.4 73.5 55.2 35.3 23.9 3.2 2.6 3.3 2.7 2.7 2.5 2.5 2.6 2.4 2.1 2.4 2.7 2.6 2.2 1.8 2.6 2.2 1.8 2.2 2.5 2.7 3.1 3 2.7 3 3 3.2 4.5 17.2 15.8 14.1 1.9
195.2 193.5 200.7 210.7 207.4 201.3 194.8 185.3 184.8 194.2 202.9 206.9 208 206.3 189.9 163.4 149.3 141.7 148.4 155.8 163.1 168.3 166 160.3 145.9 137.2 122.1 124.3 137.6 143.3 131.3 123.2 119.8 125.4 129.7 114.8 128.8 125.4 115.7 120.5 140 155.8 162.6 165.7 167 163.7 157.9 153.6 137 118.4 100.8 81.9 62.1 40.2 25.7 4.6 2.9 2.9 3.1 3.2 2.6 2.8 2.8 2.5 2.1 2.7 2.4 2.4 2.4 2.1 1 -0.7 1.5 1.9 2.1 2.3 2.5 2.7 2.8 2.9 3 3 3.3 4.8 8.4 9.6 3 3.6
186.1 188.2 185.4 193.4 189.6 186.2 182.2 173.5 177.2 184.7 191.6 195.6 198.1 195.4 178.8 149.7 135.9 136.2 146.3 165.2 166.8 166.3 167.7 160.9 143.2 134.7 124.2 117.9 132.1 128 123.3 111.3 119 110.2 103.5 101.6 114.8 110.4 105.2 115.2 133.7 148.4 150.8 158.2 160.1 153.5 152.6 145.7 131.1 111.5 89.4 70.6 51.4 32.2 5.1 3.2 3.1 3.1 2.7 3.7 3.3 2.4 2.3 2.1 2.1 2 2.3 2.9 3.5 3.8 3.7 3.6 3.4 3 3 3 3.3 3 3.9 4.1 4 4 3.5 3.2 3.4 1.9 2.8 3.9
178.4 179.9 178.1 173.8 168.4 170.9 169.9 165.8 167.5 173 179.1 182.2 185.2 181.6 169.5 137.2 128.1 140.3 157.2 161.4 165.2 172.9 172.6 165.3 143.3 132.4 122 109.6 110.6 114.1 103.1 110.1 110.6 92.1 77.4 82.4 97.9 92.7 99.1 105 123.8 134.2 137.6 143 146.7 148.8 147.1 139 124.7 110.4 84.3 56.3 36.5 12.7 3.7 3 3.2 3.7 3.6 3.7 3.8 3.6 3.5 3.4 3.5 3.4 3.2 3.2 3 3 3.2 3.3 1.8 2 3.2 3.5 2.6 2.3 3.3 3.4 3.4 3.4 3.5 3 2.7 2.8 3.5 4.1
172.3 167.2 167.2 160.5 153.2 153.8 156.7 159.1 155.3 162.8 167.4 170.7 172.3 170.7 158.9 127 125.5 140.7 147.2 160.6 172.2 169.8 174 163.4 138.7 125.8 116.1 114.5 102.1 89.5 96.9 105.3 94.9 76.4 57.3 67.2 80.2 87.7 92.3 94.9 103.8 114.5 124.1 137 143.9 145.6 140.7 131.4 119.7 103.5 78.4 47 12.2 4.5 3 3 1.7 3.3 3.3 3.5 3.8 3.6 3.5 3.1 2.5 3.1 3.1 2.8 2.8 2.9 3 3.1 2.8 1.8 3 3.3 1.9 2.2 3.1 3.4 3.4 3.1 3.3 2.7 4.4 1.5 3.3 3.5
172.4 156.2 150.4 148.2 141.4 134.7 134.8 147.4 148.5 154 159.3 158.9 158.2 155.8 142.5 119.2 118.6 127.4 138.5 151.1 170.6 178.9 172.4 157.6 134.3 125.3 121.8 116 109.2 81.3 76.3 91.1 83.6 61.9 43.9 59.5 74.2 85.7 82.8 76.5 82.1 95.8 117.9 123.6 139.4 138.5 133.8 126.9 110 88.8 64.3 37.3 5.5 2.6 1.8 1.8 1.8 1.8 2.9 3.4 3.8 3.3 3 2.7 2 2.5 2.9 2.8 2.6 2.7 2.8 3 3.4 1.8 1.8 2 2.7 2.7 3 2.7 2.6 2.3 3.1 3.1 3.2 3.4 3.7 3.6
181.7 165.4 147.1 133.3 129.7 121.5 114 129.8 139.9 140.8 146.9 141.4 140.3 143.1 131.5 114.3 113.2 117.9 123 150 180.5 177.8 170 146.1 135.1 130.3 122.8 113.7 99.5 80.5 63 70.6 57.6 44.5 36.9 42.5 61.9 74.1 63.1 55.1 60.4 81.2 112.2 122.1 134.4 133.5 123.6 115.6 95.9 72.1 48.6 14.2 1.8 1.5 1.4 1.4 1.4 1.3 1.4 1.6 1.8 2.6 2.7 3.2 2.6 2.6 2.7 2.8 2.5 2.6 2.6 3.3 3.3 2.7 -1.1 -1.1 -1.1 -1.1 -1.1 -1.1 -1.1 1.6 2.7 2.5 2.9 3.3 3.5 3.7
190 171.8 155.7 136.2 116.9 99.3 95.7 116.6 125.8 133 135.5 133.4 129.9 134.1 113 106.6 104.2 108.1 132.8 166.8 174.9 173 156.9 134.3 135.7 127.5 117.4 104.2 95.1 82.6 58.9 46.6 41.6 32.7 29.4 30.4 45.6 64.1 49.1 35.3 48.5 81.1 108.1 126.5 127.5 116.6 107.1 93.3 75.4 53.6 26.1 1.8 1.5 1.2 1 1 0.9 0.9 0.9 1 1.1 1.2 1.2 1.5 1.8 2.2 2.6 2.7 2.6 1.9 2.8 -1.1 -1.1 -1.1 -1.1 -1.1 -1.1 -1.1 -1.1 -1.1 -1.1 -1.1 -1.1 1 1.9 3 3.2 3.4
193.3 174.8 155.6 133.3 110.9 95.3 79.9 107.7 121.9 123.9 128.6 130.4 124.8 117.3 103.3 99.7 100.9 119 158.5 165.6 172.3 158 142.6 133.8 127.2 126.8 117.6 106.6 99.6 85.1 61.8 32.2 31.8 20.6 21.3 26.8 46.5 51.3 31 25.7 49.9 77.6 109.7 117.9 112.9 97.8 91.6 71.9 48.9 29.1 1.8 1.5 1.2 0.9 0.6 0.5 0.5 0.4 0.4 0.4 0.4 0.4 0.3 0.3 0.4 0.5 0.8 0.6 -1.1 -1.1 -1.1 -1.1 -1.1 -1.1 -1.1 -1.1 -1.1 -1.1 -1.1 -1.1 -1.1 -1.1 -1.1 -1.1 0.6 1.9 2.8 3
196.1 175.6 151.3 125.1 98 72.9 82.2 97.5 106.1 107.8 110 111.4 107.3 96.9 94.9 95.4 104.1 131.4 153 160.2 152.6 143 123.9 121.8 117 124.5 121.3 102.7 107.3 89.8 66.7 35.9 21.8 11.8 10.9 32.9 45.5 26.4 20.3 18.4 45.5 72 100 102.8 93 81.1 65.2 45.9 30.3 1.8 1.5 1.1 0.9 0.6 0.3 0.1 0 0 -0.2 -0.2 -0.3 -0.4 -0.6 -1.1 -1.1 -1.1 -1.1 -1.1 -1.1 -1.1 -1.1 -1.1 -1.1 -1.1 -1.1 -0.1 0 0 -1.1 -1.1 -1.1 -1.1 -1.1 -1.1 -1.1 1 1.9 2.8
192.4 174.3 145.8 116.2 89 69.4 71.5 89.7 100 100.7 98.6 99.3 96.1 91.1 89.2 94.5 114.2 131.3 141.5 135.4 129.5 122.2 118 108.4 104.5 117.3 102 102.9 95.1 80.4 63.4 36.2 8.6 5 12.5 38.7 30.9 16.7 10.9 15.2 38.9 57.3 77.5 81.6 74.6 57.6 39.5 20.8 1.8 1.5 1.1 0.8 0.5 0.3 0 -0.3 -0.4 -0.5 -0.7 -1.1 -1.1 -1.1 -1.1 -1.1 -1.1 -1.1 -1.1 -1.1 -1.1 -1.1 -1.1 -1.1 -1.1 -1.1 0.1 1 1.2 1.4 1.6 1.5 -1.1 -1.1 -1.1 -1.1 -1.1 -1.1 1.7 2.8
190.2 169.8 139.2 109.4 83 66.5 63 78.3 88.6 92.3 92.4 93.4 90.1 84.2 85.5 96.2 115 131.1 124.4 116.5 112.4 108.7 104.8 94.1 89.9 91.6 95.9 91.7 78.9 63.5 51.4 29.3 6 5.4 12.3 26.4 17.3 14.7 3 12.8 18.6 42.1 56.3 60.6 52.2 34.6 15.4 1.7 1.4 1.1 0.8 0.5 0.1 -0.1 -0.3 -0.6 -0.8 -1.1 -1.1 -1.1 -1.1 -1.1 -1.1 -1.1 -1.1 -1.1 -1.1 -0.5 -1.1 -1.1 -1.1 -0.1 0.6 1 1.6 1.9 2.3 2.1 2.3 2.3 2.1 -1.1 -1.1 -1.1 -1.1 -1.1 1.3 1.8
183.4 164.7 135.7 105.6 82.5 69.7 48.7 65.8 77.1 78.7 79.6 81.8 78.6 77.2 82.1 108.2 111.6 118.6 110.9 103.7 95.1 92.1 85.8 73 73.9 85.8 82.9 70.9 60.8 45.8 36.1 21.5 4.9 3.1 5.2 7.9 9.1 3.2 2.8 4.7 17.7 36.5 44.8 42.5 30.9 14.9 1.6 1.3 1 0.7 0.4 0.1 -0.2 -0.5 -0.7 -1.1 -1.1 -1.1 -1.1 -1.1 -1.1 -1.1 -1.1 -0.4 -0.2 0 0.3 0.5 0.7 0.8 -1.1 1.5 1.9 2.4 2.4 2.2 2.5 2.5 2.6 2.4 2.4 2 -1.1 -1.1 -1.1 -1.1 -1.1 2.2
173 161.6 136.9 109.7 81.7 67.1 51.4 55.6 66.3 69.2 69.3 65.5 65.8 72.7 99 108.1 107.3 106.3 96.9 82.7 75.4 68.4 59.7 50.5 56.6 60.4 53.2 47.6 40.5 33.2 15.9 6.9 3.7 -1.1 4.9 2.1 4.4 3 2.7 4.4 16.4 30.3 34.1 20 6.3 1.5 1.1 0.8 0.6 0.3 0 -0.3 -0.6 -1.1 -1.1 -1.1 -1.1 -1.1 -1.1 -1.1 -1.1 0.1 0.3 0.6 0.7 0.9 1.2 1.6 1.8 1.8 -1.1 -1.1 1.9 2.3 2.5 2.6 2.7 2.7 2.7 2.5 2.4 2.3 2.1 -1.1 -1.1 -1.1 -1.1 2
170.6 157.6 138.8 114.5 85.4 63.6 48.1 48.4 55.4 60.5 61.8 56.3 60 73.9 103.6 106.8 99 84.7 75.2 61.5 48.3 36.6 30 27.7 32.9 32.9 33 31.4 25.4 10 3.1 1.2 0.4 -1.1 0.8 0.7 0.8 1 1.5 2.9 11.9 23.3 10.4 1.8 1.2 0.8 0.5 0.3 0.1 -0.1 -0.3 -0.6 -1.1 -1.1 -1.1 -1.1 -1.1 -1.1 -1.1 -1.1 0.3 1.1 1.3 1.6 1.8 1.8 1.8 1.8 1.8 1.8 1.8 1.8 2 2.2 2.4 2.5 2.7 2.8 2.7 2.5 2.4 2.4 2.6 -1.1 -1.1 -1.1 -1.1 -1.1
162.1 149.3 141.7 121.4 87.4 60 44.8 41 46.7 54.6 48.2 50.1 54.9 76.4 99.4 94.4 81.8 65.8 56.6 35.2 21.4 11.4 9.4 10.6 10.9 4.3 3.1 15.2 3.8 -1.1 -1.1 -1.1 -1.1 -1.1 -1.1 -0.3 -0.2 0 0.7 -1.1 3.1 2.8 1.2 0.6 0.4 0.1 -0.2 -0.3 -0.4 -0.6 -0.8 -1.1 -1.1 -1.1 -1.1 -1.1 -1.1 -1.1 -1.1 0.4 1.7 1.8 1.8 1.8 1.8 1.8 1.8 1.8 1.8 1.8 1.8 1.8 1.9 2 2.2 2.3 2.6 2.7 2.7 2.5 2.4 2.5 2.5 2.5 -1.1 -1.1 -1.1 -1.1
154.9 132.9 121.6 113.9 91.2 61.1 42.3 34.5 36.5 44.5 39.3 40.7 54.5 82.6 85.4 78.5 66.5 54.6 29.5 4.2 6 2.6 5.7 9.7 1.2 0.5 -1.1 -1.1 -1.1 -1.1 -1.1 -1.1 -1.1 -1.1 -1.1 -1.1 -1.1 -1 -1.1 -1.1 -1.1 -1.1 -0.2 -1.1 -1.1 -1.1 -1.1 -1.1 -1.1 -1.1 -1.1 -1.1 -1.1 -1.1 -1.1 -1.1 -1.1 -1.1 -0.4 0.4 1.4 1.8 1.8 1.8 1.8 1.8 1.8 1.8 1.8 1.8 1.8 1.8 1.8 1.8 2 2.3 2.7 2.7 2.7 3.3 2.4 2.5 2.5 2.7 2.6 -1.1 -1.1 -1.1
136.6 120.3 109.7 106.6 95.4 64.2 39.2 29.4 26.7 30.7 30.3 36.4 63.2 73.1 69.6 59.1 47.6 35.1 5.1 1.6 0.8 0.7 5.2 -1.1 -1.1 -1.1 -1.1 -1.1 -1.1 -1.1 -1.1 -1.1 -1.1 -1.1 -1.1 -1.1 -1.1 -1.1 -1.1 -1.1 -1.1 -1.1 -1.1 -1.1 -1.1 -1.1 -1.1 -1.1 -1.1 -1.1 -1.1 -1.1 -1.1 -1.1 -1.1 -1.1 -1.1 -0.6 0 0.6 1.2 1.8 1.8 1.8 1.8 1.8 1.8 1.8 1.8 1.8 1.8 1.8 1.8 1.9 2 2.5 2.9 3.1 2.4 0.8 3.1 2.6 2.5 2.6 2.6 2.6 -1.1 -1.1
121.1 116.1 106.5 97.7 88.5 64.8 38.3 24.6 10 19 18 38.3 54.3 57.2 52 39.2 27.2 5.2 1.2 0.3 -1.1 -1.1 -1.1 -1.1 -1.1 -1.1 -1.1 -1.1 -1.1 -1.1 -1.1 -1.1 -1.1 -1.1 -1.1 -1.1 -1.1 -1.1 -1.1 -1.1 -1.1 -1.1 -1.1 -1.1 -1.1 -1.1 -1.1 -1.1 -1.1 -1.1 -1.1 -1.1 -1.1 -1.1 -1.1 -1.1 -0.5 -0.1 0.3 0.9 1.5 1.8 1.8 1.8 1.8 1.8 1.8 1.8 1.8 1.8 1.8 1.8 2 2.2 2.3 2.5 3.4 4.4 2.4 2.3 1.3 2.6 2.6 2.9 3.1 2.5 2 -1.1
120.3 111.4 101.2 76.3 71.3 55.4 40.8 18.1 4.9 5.6 12.6 26.1 36.1 35 29.6 11.5 2.3 -1.1 -1.1 -1.1 -1.1 -1.1 -1.1 -1.1 -1.1 -1.1 -1.1 -1.1 -1.1 -1.1 -1.1 -1.1 -1.1 -1.1 -1.1 -1.1 -1.1 -1.1 -1.1 -1.1 -1.1 -1.1 -1.1 -1.1 -1.1 -1.1 -1.1 -1.1 -1.1 -1.1 -1.1 -1.1 -1.1 -1.1 -0.6 -0.3 0 0.4 0.8 1.2 1.8 1.8 1.8 1.8 1.8 1.8 1.8 1.8 1.8 1.8 1.8 1.9 2.2 2.5 2.7 2.8 3.7 2.4 3.2 2.4 0.8 3.2 3 3.3 3.6 3.6 3.9 -1.1
93.4 92.4 78.5 56.9 42.6 32.4 16 2.3 -0.9 1 -1.1 15.5 21.2 11.6 -1.1 -1.1 -1.1 -1.1 -1.1 -1.1 -1.1 -1.1 -1.1 -1.1 -1.1 -1.1 -1.1 -1.1 -1.1 -1.1 -1.1 -1.1 -1.1 -1.1 -1.1 -1.1 -1.1 -1.1 -1.1 -1.1 -1.1 -1.1 -1.1 -1.1 -1.1 -1.1 -1.1 -1.1 -1.1 -1.1 -1.1 -1.1 -1.1 -0.5 -0.2 0.2 0.5 0.9 1.3 1.6 2 1.8 1.8 1.8 1.8 1.8 1.8 1.8 1.8 1.8 1.8 1.9 2.2 2.5 2.9 5.4 2.4 2.6 2.6 0.8 2.1 7.1 3.4 3.4 3.3 3.8 4.1 -1.1
76 71.1 52 41.6 23.3 12.9 1.5 1.1 1 -1.1 -1.1 -1.1 -1.1 -1.1 -1.1 -1.1 -1.1 -1.1 -1.1 -1.1 -1.1 -1.1 -1.1 -1.1 -1.1 -1.1 -1.1 -1.1 -1.1 -1.1 -1.1 -1.1 -1.1 -1.1 -1.1 -1.1 -1.1 -1.1 -1.1 -1.1 -1.1 -1.1 -1.1 -1.1 -1.1 -1.1 -1.1 -1.1 -1.1 -1.1 -1.1 -1.1 -0.6 -0.2 0.2 0.6 1 1.4 1.7 2 2.3 2.1 1.8 1.8 1.8 1.8 1.8 1.9 1.8 1.8 1.8 2 2.3 2.6 3 3.4 3.3 2.6 2.6 3.7 13.4 12.7 3.5 3.4 3.4 3.5 5.2 -1.1
60.2 43.5 29 15.8 8.5 1.2 0.5 0.1 -0.2 -1.1 -1.1 -1.1 -1.1 -1.1 -1.1 -1.1 -1.1 -1.1 -1.1 -1.1 -1.1 -1.1 -1.1 -1.1 -1.1 -1.1 -1.1 -1.1 -1.1 -1.1 -1.1 -1.1 -1.1 -1.1 -1.1 -1.1 -1.1 -1.1 -1.1 -1.1 -1.1 -1.1 -1.1 -1.1 -1.1 -1.1 -1.1 -1.1 -1.1 -1.1 -1.1 -0.6 -0.3 0.2 0.5 1 1.4 1.8 1.9 2.1 2.3 2.2 1.9 1.8 1.8 1.9 2.1 2.2 2 1.8 1.8 2.1 2.5 2.8 3 3.3 3.5 5.5 2.6 4.7 14.9 9.9 4.1 3.4 3.4 2.9 2.5 -1.1
35.9 17.4 5.9 1.3 0.6 0 -1.1 -1.1 -1.1 -1.1 -1.1 -1.1 -1.1 -1.1 -1.1 -1.1 -1.1 -1.1 -1.1 -1.1 -1.1 -1.1 -1.1 -1.1 -1.1 -1.1 -1.1 -1.1 -1.1 -1.1 -1.1 -1.1 -1.1 -1.1 -1.1 -1.1 -1.1 -1.1 -1.1 -1.1 -1.1 -1.1 -1.1 -1.1 -1.1 -1.1 -1.1 -1.1 -1.1 -1.1 -1.1 -0.6 0 0.4 0.9 1.3 1.7 1.8 1.9 2.1 2.1 2 2 1.8 1.9 2.2 2.4 2.4 2.4 2 1.8 2.3 3.2 2.6 2.8 3 3.1 3.4 3.4 10.3 14.7 7.5 3.5 3.4 3.4 2.5 2.5 -1.1
4.7 1.2 0.4 -1.1 -1.1 -1.1 -1.1 -1.1 -1.1 -1.1 -1.1 -1.1 -1.1 -1.1 -1.1 -1.1 -1.1 -1.1 -1.1 -1.1 -1.1 -1.1 -1.1 -1.1 -1.1 -1.1 -1.1 -1.1 -1.1 -1.1 -1.1 -1.1 -1.1 -1.1 -1.1 -1.1 -1.1 -1.1 -1.1 -1.1 -1.1 -1.1 -1.1 -1.1 -1.1 -1.1 -1.1 -1.1 -1.1 -1.1 -1.1 -0.6 -0.1 0.5 1 1.5 1.8 1.8 1.9 2 1.9 1.9 1.8 2 2.2 2.5 2.7 2.8 2.8 2.5 1.9 2.7 2.3 2.2 2.4 2.5 2.6 2.9 3 10.4 12.5 3.9 3.5 2.4 2.5 2.4 2.2 -1.1
0.6 -1.1 -1.1 -1.1 -1.1 -1.1 -1.1 -1.1 -1.1 -1.1 -1.1 -1.1 -1.1 -1.1 -1.1 -1.1 -1.1 -1.1 -1.1 -1.1 -1.1 -1.1 -1.1 -1.1 -1.1 -1.1 -1.1 -1.1 -1.1 -1.1 -1.1 -1.1 -1.1 -1.1 -1.1 -1.1 -1.1 -1.1 -1.1 -1.1 -1.1 -1.1 -1.1 -1.1 -1.1 -1.1 -1.1 -1.1 -1.1 -1.1 -1.1 -0.6 -0.1 0.5 1 1.6 1.8 1.8 1.8 1.8 1.8 1.9 1.9 2.3 2.6 2.9 3.1 3.2 3.3 3.4 4.8 4.4 4.4 4.3 4.7 5 4.8 4.8 4.7 5 6.5 5.8 5.9 5.8 5.2 4.3 5.3 -1.1
-1.1 -1.1 -1.1 -1.1 -1.1 -1.1 -1.1 -1.1 -1.1 -1.1 -1.1 -1.1 -1.1 -1.1 -1.1 -1.1 -1.1 -1.1 -1.1 -1.1 -1.1 -1.1 -1.1 -1.1 -1.1 -1.1 -1.1 -1.1 -1.1 -1.1 -1.1 -1.1 -1.1 -1.1 -1.1 -1.1 -1.1 -1.1 -1.1 -1.1 -1.1 -1.1 -1.1 -1.1 -1.1 -1.1 -1.1 -1.1 -1.1 -1.1 -1.1 -0.7 -0.1 0.5 1.2 1.8 1.8 1.8 1.8 1.9 2 2 2.1 2.7 3.1 3.4 3.4 5.2 3.3 3.1 3.7 2.9 2.8 3 2.7 2.3 2.4 3.6 7.5 13.8 8.1 3.6 3.7 3.3 3.3 3.1 3.5 3.9
-1.1 -1.1 -1.1 -1.1 -1.1 -1.1 -1.1 -1.1 -1.1 -1.1 -1.1 -1.1 -1.1 -1.1 -1.1 -1.1 -1.1 -1.1 -1.1 -1.1 -1.1 -1.1 -1.1 -1.1 -1.1 -1.1 -1.1 -1.1 -1.1 -1.1 -1.1 -1.1 -1.1 -1.1 -1.1 -1.1 -1.1 -1.1 -1.1 -1.1 -1.1 -1.1 -1.1 -1.1 -1.1 -1.1 -1.1 -1.1 -1.1 -1.1 -1.1 -0.4 0.3 0.9 1.6 1.8 1.8 1.8 2.1 2.3 2.4 2.4 2.9 3.2 3.7 4.3 2.6 2.8 3.3 9 4.3 1.2 2.7 2.5 2.6 2.8 3.4 6.1 11.4 12.7 3.8 3.7 3.8 3.2 3 3 3.5 -1.1
-1.1 -1.1 -1.1 -1.1 -1.1 -1.1 -1.1 -1.1 -1.1 -1.1 -1.1 -1.1 -1.1 -1.1 -1.1 -1.1 -1.1 -1.1 -1.1 -1.1 -1.1 -1.1 -1.1 -1.1 -1.1 -1.1 -1.1 -1.1 -1.1 -1.1 -1.1 -1.1 -1.1 -1.1 -1.1 -1.1 -1.1 -1.1 -1.1 -1.1 -1.1 -1.1 -1.1 -1.1 -1.1 -1.1 -1.1 -1.1 -0.1 -1.1 -1.1 0.3 1 1.6 1.8 1.8 1.8 1.9 2.4 2.6 2.8 3.1 3.4 3.8 2.8 2.7 2.9 3.1 9.3 15.2 4.6 3.7 2.3 2.5 2.8 3.2 4.3 8.2 11.8 7.9 3.9 3.2 2.8 2.9 3.1 3.3 3.1 -1.1
-1.1 -1.1 -1.1 -1.1 -1.1 -1.1 -1.1 -1.1 -1.1 -1.1 -1.1 -1.1 -1.1 -1.1 -1.1 -1.1 -1.1 -1.1 -1.1 -1.1 -1.1 -1.1 -1.1 -1.1 -1.1 -1.1 -1.1 -1.1 -1.1 -1.1 -1.1 -1.1 -1.1 -1.1 -1.1 -1.1 -1.1 -1.1 -1.1 -1.1 -1.1 -1.1 -1.1 -1.1 -1.1 -1.1 -1.1 -1.1 1.3 1.7 -1.1 -1.1 1.8 2.3 2.4 1.8 1.8 2.2 2.7 3 3.4 3.8 5.3 2.4 2.7 2.5 3.7 5.3 13.2 23.5 6 3.9 2.7 2.8 3.2 4.8 7.2 11.3 12.3 5.2 3.5 2.5 2.5 2.7 3 3.3 -1.1 -1.1
-1.1 -1.1 -1.1 -1.1 -1.1 -1.1 -1.1 -1.1 -1.1 -1.1 -1.1 -1.1 -1.1 -1.1 -1.1 -1.1 -1.1 -1.1 -1.1 -1.1 -1.1 -1.1 -1.1 -1.1 -1.1 -1.1 -1.1 -1.1 -1.1 -1.1 -1.1 -1.1 -1.1 -1.1 -1.1 -1.1 -1.1 -1.1 -1.1 -1.1 -1.1 -1.1 -1.1 -1.1 -1.1 -1.1 -1.1 -1.1 1.8 1.8 1.8 -1.1 1.8 2.4 2.5 2.1 2.1 2.7 3.1 3.2 3.6 3.9 2.6 2.6 2.7 2.4 8.6 15.8 22.4 13.7 6.7 4.2 3 3.2 4.7 7.5 10.5 12.9 8.6 3.7 2.6 2.6 3.1 2.9 2.9 3.2 3.3 3
-1.1 -1.1 -1.1 -1.1 -1.1 -1.1 -1.1 -1.1 -1.1 -1.1 -1.1 -1.1 -1.1 -1.1 -1.1 -1.1 -1.1 -1.1 -1.1 -1.1 -1.1 -1.1 -1.1 -1.1 -1.1 -1.1 -1.1 -1.1 -1.1 -1.1 -1.1 -1.1 -1.1 -1.1 -1.1 -1.1 -1.1 -1.1 -1.1 -1.1 -1.1 -1.1 -1.1 -1.1 -1.1 -1.1 -1.1 0.7 1.8 1.8 1.8 1.8 -1.1 1.8 2 2 2.9 3.4 3.3 3.4 2.8 2.7 2.8 2.5 2.3 6.3 6.5 12.9 23.5 10.4 5.6 3.9 3.4 3.9 6.9 10.5 17 13 2.4 2.6 2.6 2.7 3.2 3.1 3.1 3.1 3.1 3.4
-1.1 -1.1 -1.1 -1.1 -1.1 -1.1 -1.1 -1.1 -1.1 -1.1 -1.1 -1.1 -1.1 -1.1 -1.1 -1.1 -1.1 -1.1 -1.1 -1.1 -1.1 -1.1 -1.1 -1.1 -1.1 -1.1 -1.1 -1.1 -1.1 -1.1 -1.1 -1.1 -1.1 -1.1 -1.1 -1.1 -1.1 -1.1 -1.1 -1.1 -1.1 -1.1 -1.1 -1.1 -1.1 -1.1 -0.6 0.9 1.8 1.8 1.8 1.8 1.8 1.8 2.1 2.9 3.4 3.3 3.4 2.9 2.6 3.7 3.2 3 3.4 6.7 5.8 12.8 7.8 5.9 4.1 4.1 4.4 4.8 11.8 22.2 19.5 12.3 3.4 2.5 2.5 2.8 3.4 3.4 3.4 3.4 3.5 3.8
-1.1 -1.1 -1.1 -1.1 -1.1 -1.1 -1.1 -1.1 -1.1 -1.1 -1.1 -1.1 -1.1 -1.1 -1.1 -1.1 -1.1 -1.1 -1.1 -1.1 -1.1 -1.1 -1.1 -1.1 -1.1 -1.1 -1.1 -1.1 -1.1 -1.1 -1.1 -1.1 -1.1 -1.1 -1.1 -1.1 -1.1 -1.1 -1.1 -1.1 -1.1 -1.1 -1.1 -1.1 -1.1 -1.1 -0.2 0.8 1.8 1.8 1.8 1.8 1.8 2.1 2.4 2.8 3.1 2.8 2.7 2.5 2.5 4.6 3.9 4.2 7.3 4.6 4.9 5.3 4.8 4.7 4.4 4.3 6 12.5 24.5 20.9 19.4 8.5 2.6 2.5 2.5 3 3.5 3.7 3.7 3.8 4.1 4.4
-1.1 -1.1 -1.1 -1.1 -1.1 -1.1 -1.1 -1.1 -1.1 -1.1 -1.1 -1.1 -1.1 -1.1 -1.1 -1.1 -1.1 -1.1 -1.1 -1.1 -1.1 -1.1 -1.1 -1.1 -1.1 -1.1 -1.1 -1.1 -1 -1 -1.1 -1.1 -1.1 -1.1 -1.1 -1.1 -1.1 -1.1 -1.1 -1.1 -1.1 -1.1 -1.1 -1.1 -1.1 -0.6 0.3 1.2 1.8 1.8 1.8 1.8 2 2.3 2.7 3 2.8 1.8 2.5 2.3 2.5 2.9 3 4 5 4 4 6.5 4.3 4.2 3.8 4.9 11.8 22.7 24.9 22.2 18.3 8.5 3.3 2.7 2.9 3.1 3.4 4 4.1 4.4 5.2 5.3
-1.1 -1.1 -1.1 -1.1 -1.1 -1.1 -1.1 -1.1 -1.1 -1.1 -1.1 -1.1 -1.1 -1.1 -1.1 -1.1 -1.1 -1.1 -1.1 -1.1 -1.1 -1.1 -1.1 -1.1 -1.1 -1.1 -1.1 -1.1 -0.9 -0.8 -0.9 -0.9 -1.1 -1.1 -1.1 -1.1 -1.1 -1.1 -1.1 -1.1 -1.1 -1.1 -1.1 -1.1 -1.1 -0.2 0.8 1.4 1.8 1.8 2 2.2 2.4 2.7 2.9 2.6 2.3 2.5 2.5 2.5 2.8 2.6 4.1 3.8 3.7 3.9 4 4.1 4.6 4.4 4.5 10 20.7 29.6 25.2 23.6 18.3 8.9 4 2.6 2.7 3.1 3.5 3.6 4.3 5.6 5.7 5.7
