Game/Highland_Data/StreamingAssets/GeoData/Data/sn/SN74.asc
ncols 200
nrows 200
xllcorner 270000
yllcorner 240000
cellsize 50
[rows 70 to 104 of 200, columns 0 to 77 of 200]
270.4 287.3 306.5 325.4 340.9 354.1 366.2 375.7 381.3 377.1 373.2 372 364.7 354.2 347.4 349.4 354.3 357.3 362.2 363.5 363 364.9 370.4 371.8 373.3 374.5 371.4 352.7 344.5 336.3 334.5 335.5 334.2 331.3 325.4 301.3 271.2 244.5 219 230 256.3 262.8 271 289.9 306.2 317.6 323.7 319.8 319.3 323.2 324.5 323.5 328.1 331.4 323.5 310 291 275.1 258.7 238 224.2 217 211.5 207.4 205.7 205 205.4 204.6 202.6 200.8 200.4 198.9 196.4 194.6 195.2 194.9 194 193.1
283.8 298 316.3 332.4 349.6 363.1 375.3 382.6 385.2 383.5 381.4 377.9 371.9 363.4 357.3 357.7 358.8 362 365.6 367.3 365.9 366.8 369.2 370.3 371.3 372.8 362.5 350.2 346.7 351.4 355.9 356 352.5 349.5 342.3 322.2 295.3 270.1 246 216.9 226.1 241.8 257.3 270.9 281.3 293.5 299.5 300.8 304.9 307.7 313 318.6 320.8 309.9 295.6 280.6 265.8 252.5 240 232.1 228.1 227.4 226.5 221.6 220.6 221.4 222.1 222.3 220.8 219.8 219.7 219.4 217.6 213.9 208.8 207.5 209.7 210.6
295.5 307.6 322.1 339.4 357.3 371.3 381.6 387.4 387.7 387 384.6 380.6 375.2 370.5 365.2 364.1 363.6 367.6 373.4 370.3 368.8 367.9 369.3 369.6 370.4 368.9 357 352.8 357.9 367.3 372.6 370.1 367.2 363.2 353.6 336.7 316.1 293.3 269.6 249.7 215.4 228.4 246.2 255.2 262 268.8 275.7 282.6 288.2 294.2 303.7 302.8 291.2 281.7 272.2 260.4 249.3 243.1 241 240.6 240.4 246.1 247.7 248.5 247.5 247.5 247.5 247.6 247.6 245.6 243.5 242.6 240 235.1 226 225.7 229.8 229.9
302.8 314.5 329.3 345.2 363.5 377.6 387.3 386 386.8 386 383.7 378.8 377.2 375.3 371.1 370.4 371.2 377.3 378 377.9 375.4 374.1 371.2 370.6 371.5 367.1 358.9 360.6 371 378.2 382.6 381 374.5 367.2 360.9 341.6 325.2 306.9 280.3 239.9 213.3 229.7 239.7 249.8 255.1 257.5 262.7 269.9 273.3 282.3 289.4 274.6 264.9 260.3 255.9 250.4 250.7 253.4 259.3 259.7 257.1 265.1 270.3 275.4 275.9 276.1 276.3 277.4 279.4 278.2 276.2 274.2 271.2 262.4 244.5 246.5 251.3 253
312.4 325.8 337.6 350 365.4 378.8 379.4 378.1 377.7 375 373.8 376.6 381.1 380.1 377.6 377.5 381 385.4 384.9 382.7 379.5 376.6 373.5 372.6 375.1 369.6 365.8 372.8 377.5 384.2 384.7 378.5 370.1 364.8 346.2 336.8 324.9 304.3 260.7 223.8 221.3 236.1 246 252.7 253.8 254.6 257.5 262.1 265.5 265.6 260.4 257.8 256.4 256.1 256 258.2 263.5 272.1 280.9 280.5 275.6 283.3 290 297.5 304.9 308 311.7 317.2 324.3 325.8 327.8 321.7 306.7 276.5 263.1 273.6 279.3 283.4
318.2 328 339.8 352.7 363.6 368.4 366.9 366.7 365.1 366.9 372.7 381.2 386.1 386.2 387.2 387.1 390 389.6 387.6 385 379.4 377.9 377.1 376.6 379 372.6 373 377.7 381.9 385.8 369 345.4 326.8 317.8 323.5 313.8 300.3 282 251 216.5 228.6 244.6 256.5 262.2 262.1 261.3 259.4 260 258.8 258 257.4 257 258.7 264.3 268.2 274.4 281.1 293 301.4 299.6 295.4 303.1 311.3 318.9 329.3 344.9 356.8 365 373.6 369.4 363.1 353.3 318.4 282.8 288.2 302.1 312.7 321.1
321.9 331.6 340.3 350.5 358.2 357.4 355.9 355.5 359.3 367.1 376.2 385.7 390.5 392.1 392.4 393.5 394.5 392.5 389.8 386.6 379.9 379.6 378.7 381.5 377.7 375.7 376.5 378.1 374.4 350.1 324.6 299.7 287.5 285.7 282.5 270.9 262.5 248.4 227 205.9 232.9 250.6 262.1 270.4 273 271.1 265.4 265.3 263.5 261.5 263 264.9 269.8 277.6 283.5 291.5 300.6 310.4 314.8 315.3 312.7 324.1 332.3 339.4 350 371.5 393.2 396.5 392.5 384.8 374.5 353.5 322.9 320.4 323.4 335.3 348.4 353.3
333 339.6 345.3 353.4 352 348.3 347.8 351.9 360 369.4 379.9 388.5 392.9 395.1 396.9 397.6 396.1 393.4 391.9 386.4 381 378.5 379.5 378.9 376.2 374.4 371.1 356.6 337.4 311.1 288 271.9 258 249.5 242.5 231 225.7 217.6 208 220.1 239 256.8 270.2 281 284.9 284.5 275.5 275.4 275 274.5 275.9 278.9 285.7 294.6 306.2 312.1 320.4 326 334.6 330.9 320.3 332.5 344.8 353.8 369.5 396.4 404.8 402.3 396.2 389.9 370.2 343.7 345.1 350.3 356.1 364.3 366.9 359.6
342.1 347.7 354.1 353.5 345.2 342.4 343.4 349.6 359.9 369 380.8 388.7 394.4 398.3 398.4 398.1 395.3 393.6 392.3 387.3 380.8 376.9 376.3 369 357.9 347.9 330.7 314.2 296.4 277.9 261.6 244.9 235.3 230.4 204.4 203.2 207.5 216.9 227.7 242.1 257.8 272.9 285.8 293.9 303.4 298.1 289.1 287.9 287.7 287.9 290.2 296.6 303.8 314.2 324.5 334.2 347.4 356 350.9 342.6 330.1 338.3 351.8 362.3 384.6 401.4 405.1 402.7 395.4 385.2 360.7 360.6 365.5 373.1 380.7 380.8 371.7 359.8
356.1 358.6 358.8 347.7 339.1 337.2 339.5 346.5 355.8 365.1 380 386.8 392.8 397.1 395.4 395 392.9 391.5 390.6 384.5 372.9 357.9 342.2 323.8 312.3 302.4 291.7 275.1 264.5 251.4 236.2 227.1 219.1 204.8 214.2 234 243.6 249.9 259.4 269.7 283.4 296.7 305.2 310.6 315.4 310.6 306.7 303.2 302.4 304.7 311.2 315 318.5 328.3 344.8 362.6 371.7 374.1 359.7 349.5 332.9 339.8 357.4 368.2 388.8 404.2 406.5 402.3 398.6 384.8 369.7 381.5 388.3 390.7 388.9 382.3 372.4 361.9
363.5 364.5 355.5 343.1 336 332 333.1 338.9 345.3 354.2 364.3 374.3 385.2 390.5 389.2 389.3 388.2 385.6 375.9 357.3 336.4 318.9 302.2 288.5 277.6 268.9 258.5 249.6 239.4 225.6 214 202.1 205.1 217.4 237.3 260.9 276.3 285.2 295.9 304.1 314.6 322.5 330.9 336.6 330.3 322.8 324.3 321.2 320.2 321 326.4 331.9 342.8 354.8 367.6 381.4 386.8 378.2 364.5 355.8 335.1 349.1 363.3 374.7 396.2 407.3 406 404.2 402.1 389.6 395.5 400.4 400.4 397.8 392.2 383.8 375.3 368.3
371.2 364.2 352.3 342.7 336.6 330.2 324.3 328 333.6 342 351.7 361.2 367.6 375.2 379.2 380.4 375.3 362.5 345.9 325 303.9 285.9 269.5 255.2 245.7 238.6 230 221.9 213.8 203.1 198.9 208 220.8 236.7 255.1 281 298 309.9 321.6 328.5 336.1 348.9 354.8 358.2 351.1 346.6 347.5 343.9 339.4 337.6 347.3 355.1 361.3 377.3 388.7 397.5 394.8 382.6 371 361.7 346.4 362.6 375 390.2 409 410.6 409.1 409.3 406.2 406.7 408.2 408.3 406.8 402.2 394.7 388.6 383 379.5
369.8 361.6 353.7 347.6 339.5 329.8 320.5 315.7 319.8 330.4 342.7 352.4 358.7 366.4 371.4 369.4 347.6 326.6 309.1 290.9 274.4 257 241.1 225.3 217.3 211.1 205.6 201.2 199.5 201.5 213.2 226 242.1 262.2 280.1 296.9 311.8 325.5 335.7 343 358 368.2 371.2 373.4 363.7 365 368.8 368.1 367.1 369 367.4 370.5 378.3 395.4 403.7 406.2 398.6 387.8 374.9 369.7 356.1 375.9 388.9 404.9 413.4 413 413.1 413 413.2 414.6 415.1 414.1 410.7 405.3 400.3 395 390.4 389
370.1 367.6 363.5 359.7 352.4 340.9 328.5 309.9 302.8 311.9 325.4 336.9 345.7 352.3 353.7 341.7 314.1 295.4 279.2 262.3 245.5 229.5 211.3 200.4 197.6 196.9 196.6 198.9 205.4 216.5 228.9 246.8 266.9 284.8 303.8 320.4 325.1 332.4 342.6 353.1 369.3 378.1 385 383.8 378.8 381.8 396.1 405.3 393.4 391 390.3 387.1 397.2 404.9 410.1 406.4 399.6 390.7 378 367.4 374.4 389.7 404.5 413.8 414.9 415.4 416 416.3 417.9 420 420 418.1 414.5 410.8 406.2 400.3 395.2 389.9
371.1 371.8 371.1 368.9 364.6 357 344.8 317.3 296.2 290.3 306.6 315.8 322.2 329.1 322.5 302.1 283.8 267 252.7 235.8 219.2 204.6 196.1 196.6 199.7 202.1 205.2 211.5 221.3 234.4 251.8 270.8 289.1 306.4 323.4 336.5 339.3 348 357 368 376.8 385.1 391.8 389.8 387.5 397.8 418.1 424.5 418.3 412.5 405.6 406.5 410.1 413.4 409.3 409 400.9 390 373.3 372 388.3 403 413.2 416.1 415.8 416.7 418 420.3 422.6 423.4 422.5 420.9 418.9 415.4 410.2 405.7 400.2 390.1
369.2 372.1 373.2 373.3 371.9 366.3 355.5 327.2 298.2 277.9 284.2 290.5 297.5 296.2 284.7 272.7 258.8 243.4 228.1 213.2 200 195.9 191.6 201.7 207 211.3 217.9 228.1 240.4 257.6 274.2 293.3 313.5 331.4 342.6 350.4 354.6 360.1 368.8 383.3 392.9 399.1 396.8 396.1 398.9 418.4 432 438.3 433.8 430.7 426 421.2 418.4 414.1 412.1 409.2 401 391.9 375.8 385.7 398.2 411.1 414.8 416 416.9 418.4 420.4 423.6 424.7 424.3 423.8 424.3 422.2 418.6 413.5 410.8 404.9 386.4
368.7 371.9 374 376.6 374.3 369.8 360.8 336.6 302.8 279.3 266.3 268.7 271.2 269 260.7 247.9 235.7 220.8 207.4 197.3 193.4 194.1 196.1 211 220.1 226.1 235 247.4 262.6 280.1 298.4 318.8 339.1 352.6 361.1 364.2 367.4 372.7 384 394.6 401.4 404.5 406.6 408.4 421.5 436.4 444.8 443.9 442.6 439.3 436.7 430.1 424.7 418.8 416.1 409.5 401.2 393.9 377.7 395.3 406.2 412.6 414 416.7 418.9 420.1 423.5 425.6 425.8 426.1 426.9 426.6 424.6 421 419.8 416.5 404.9 376.4
370.4 373.6 377.3 380.7 377.1 372.2 365.4 343.9 311.3 285 264.4 249.7 248 246.5 237.1 225.9 214.8 201.6 195.2 193.5 193.2 201.2 214.3 227.1 238.1 245.4 253.6 270.8 288.5 304.1 322.5 343.7 359.7 369.9 374.6 375.7 377.5 385.3 395.9 405.8 411.5 411 412.7 422.6 441.6 451.5 451.6 450.3 447.1 445.1 441.6 435.9 431.8 426.2 423.9 415.8 404.4 394.9 389 401.2 407.5 410.8 412.9 417.8 420.1 423.1 427 428 427.7 429.9 429.6 428.1 425.4 426 421.3 410.2 394.5 369.4
371.7 377.7 384.4 384.5 381.1 376.7 367.3 351.5 325.2 299.3 278.8 258.8 240.7 230.3 217.4 209.2 202.5 195 193.1 193.3 198.7 212.8 228.7 247.1 263.9 270.9 278.7 295.3 311.6 326.1 347.7 365.1 376.7 383.1 388 388.8 391 398.6 405.7 413.3 415.4 418 428.3 442.7 455.6 456.6 454.9 452.4 450.7 447.1 441.9 438.1 434.1 434.4 428.1 420.4 406.7 401 399.7 405.9 408.8 411.1 413.3 417 420.7 425.2 428.4 430.4 433.7 433.3 430.7 429 429.6 424.9 414.3 400.7 386.7 365
379.3 385.4 389.6 389.5 384.5 379.7 370.6 358.6 344.4 319.1 295.7 276.7 256.5 236.6 213.3 203 198.9 189.6 190.8 194 208.3 224.8 244 266.7 285.5 294.5 304.9 313.5 333 349.7 369.5 382 388.7 396.6 400.8 401 402.7 408.4 414.1 416.9 419 426.9 441.6 454 458.8 453.9 445.9 447.5 448.8 444.2 440.7 438.5 439.1 437.1 430.2 422.4 411 406.3 405.7 409 410.9 412.8 414.8 418.3 423 426 429.3 434.6 437 433 431.2 431.7 429.2 418.2 407.3 396.6 385.1 366.4
388.9 394.5 396 393.8 389 383.2 375.7 367.4 356.8 336.1 308.4 280.5 251.4 225.9 203.5 198.1 195.4 191.4 194.2 204.3 218.3 236.3 258.4 282.5 302.9 315.4 331.1 334.3 352.9 370.9 382.2 390.1 397.1 403 406.7 408.6 411.9 416.3 417.2 418 423.9 440.1 450.3 456.3 454.2 446.1 443.6 442.9 442.1 441.1 439.9 441 443.1 437.9 431.9 426.9 416.6 410.4 407.5 409.8 413 415.1 417.3 420.7 424.2 427.2 431.7 435.6 436.2 434.2 432.1 430.2 423 413.3 403.7 394.1 383.5 386.8
396.8 401.1 400 397.6 392.6 385.8 379 368.5 350.1 318.7 289.6 261.8 235.7 213.7 197 193.7 192.7 191.6 198.3 212 229.7 250.8 274.4 301.6 321.9 335.4 350.1 356.6 369.8 380.6 387.1 396.5 403.3 409.2 411.6 414.1 416.4 417.6 418.8 419.7 438 448.5 453.5 453.6 448 444.9 443.1 442.6 441.9 440.7 441.3 445.6 443 437.8 435.2 428.4 420.8 415.1 412.1 410.4 414.3 416.7 419.2 423 426.1 430.2 432.8 434.9 437.9 437.3 431.7 425.3 419.4 411 401.1 392 390.2 395.7
400.6 403.8 402.5 400.7 394.2 385.7 377.7 357.4 327 298.9 269.7 241.7 219 198.8 191.2 190.8 188.7 195.3 207.4 224.8 246.3 270.2 291.8 316.2 332.1 349.4 364.4 371.1 379 385.6 393.1 403.3 411.4 414.4 415 416.3 419.6 422.4 424.3 435.8 448.8 451.4 450.1 448 445.9 444.1 442.8 442.5 442.8 441 442.9 445.4 441.4 438.4 433.7 428.6 423.6 417.5 414.3 413.1 416.4 418.6 422.1 426.4 430 432.9 434.2 437.8 440 436.7 428.2 421.5 414.4 406 397.5 393.9 397.4 404.9
404.4 405.2 403.4 399.4 391.2 381 364 333.6 305.9 277.8 249.2 224.3 201.6 191 190 190.2 192.1 203.9 220.2 239.7 269.1 293.9 314.7 329.7 345.6 362.2 374.5 381.2 387.5 393.8 400 408.6 414 416.4 417.9 422.9 426.4 430.3 436.6 448.5 447.3 446.2 446.2 445.5 444.6 442.7 442 442.1 441.9 442 445 443.5 440.8 437.3 433.6 428.8 424.1 418.8 415.5 416.9 420.1 422.1 427 431.8 432.9 434.3 435.8 438.8 437.6 429.6 421.4 414.6 407.8 402.6 397.8 400 403.4 408.1
406.2 404.2 401.5 396.2 386.8 371.5 341.1 311.5 282.8 255.3 230.8 207.7 190.9 190 189.7 191 201.3 215.8 234.1 262.7 291.6 313.8 328.9 343.1 360 374.9 384.4 390.2 393.7 398.2 404 411.6 416.7 419.6 426.3 428.2 432.5 435.7 444.1 445 444.7 445.1 444.9 444.3 443 441 441.3 442 442.6 443.2 444.5 442.1 441.1 437.9 435.8 429.6 423.8 420 418.9 421.3 423.8 427.9 432.8 435.3 435.6 436.2 436.5 436.2 431.6 423.1 415.1 410.8 406.9 402.5 403.7 404.9 406.9 410.5
406.7 403.1 398.5 392.3 379.7 349.3 318.6 290.1 260.4 234.8 211.8 191 188.9 189.5 189.7 197 211.9 229.7 253.4 282.8 305.1 320.9 338 356.1 371.3 383.3 390.5 395.6 398.4 401.8 407.2 413.3 417.5 424.6 428.3 431.2 434.3 440.2 442.6 443.6 444.3 444.6 444.4 443.7 441.2 440.4 441.1 442 442.8 443.8 443.8 443.3 443.7 440.5 435.5 428.7 424.8 423 423.7 425.3 428.5 433.2 436.7 438.3 438.5 437.1 434.9 431.8 426.3 418.7 414.1 410.9 408.2 407.7 407.3 408 409.5 413.4
405.9 402.7 395.4 381.8 354.6 322.1 295.2 268.3 241.5 218.8 194.3 187.9 186.6 189.2 194.6 207.5 225.6 246.8 274.3 296.9 313.9 330.2 349.8 366.4 378.6 389.4 394.9 400.3 404.7 408.5 412.1 415.6 420.8 425.2 428.5 431.2 434 436.7 439 441.3 442.9 442.3 441.1 440.2 439.4 439.8 441.3 442.2 442.2 443 446 445.6 444.6 441 435 429.9 427.6 427.1 427.2 428.7 432.6 436.6 440.3 440.2 440.4 438.6 434.7 430.4 424.3 419.1 415.9 413.9 412.9 413.9 412.3 412.1 414.4 418.5
402.5 394.9 377.7 354 326.3 299.5 272.2 246.9 225.2 204.6 185.8 187.4 188.3 187 204 221.1 241.5 266 290.4 308.1 322.5 340.4 358 371.3 382.6 392.4 400.1 405.2 409.4 411.9 415.4 418.6 422.8 426 428.2 430.4 432.7 434.7 436.8 438.9 439.2 439 438.5 438.8 438.8 439.9 440.4 440.7 441.6 442.6 444.9 445.6 443.9 441.1 436.5 432.3 431 430.6 430.8 432.8 435.7 439 441.2 440.6 439.9 437.3 433.5 429.3 425.1 422.4 420.5 419.8 419.4 419.1 417.2 416.4 420.2 423.9
391.7 373.1 349.5 325.8 300.7 274.8 250.8 229.7 208.8 186.3 186.8 187.2 191.6 200.4 215.7 236.1 258.6 282 302.9 317.2 331.4 346.9 361.8 374.2 386.6 396.9 402.8 408.1 412.6 416.1 418.5 420.6 423.1 425 426.8 429.2 431.2 433.3 434.7 435.6 436.5 435.7 436.4 437.1 437.3 438.3 439 439.8 441.1 443.1 445 446.4 445.5 443.9 439.2 435.7 434.7 434.2 435.4 437.2 440 442.6 440.9 439.7 437.8 434.9 432.6 429 426.9 426.1 426.7 425.6 424.6 423.7 422.9 422.6 425.7 427.6
370.2 348.3 322.6 297.4 273.8 252.1 231.4 210.7 189.9 186.1 188.3 190.9 197.6 211.1 229.6 249.5 271.1 292.1 308.5 324 340.8 356.3 368.7 378.9 388.9 396.8 403.9 409.6 414.4 417.9 418.8 420.2 421.9 423.2 425.4 427.9 429.7 431.7 433 432.9 432 433 434.4 434.6 435.2 436.2 437.4 439.4 441.8 444.9 447.5 448.2 447.9 445.2 442.4 440.2 439.1 438.8 438.8 439.6 442.4 442.7 440.5 438.1 435 433 430.9 430.1 430.1 430.1 430.9 430.6 429.6 429 428.6 428 430.6 430.5
344 320.2 293.8 269.2 250.9 234 214.7 194.1 185.3 187.6 191.9 196.5 207.2 223.4 241.6 260.4 277.8 294.2 312.6 330.5 347.3 361.2 373.4 381.6 390.1 399.1 406.5 411.8 415.5 417.2 417.9 418.5 419.2 420.6 423.4 425.8 427.5 429.1 430.2 429.5 429.3 430.1 431.2 432.5 434.1 435.4 437.4 440.1 444.8 448.4 450.1 449.6 447.5 445.8 444.4 443.5 442.8 442.3 441.1 441.4 442 440.6 438 434.5 431.5 429.8 430.2 431.6 431.9 432.3 432.7 433.4 433.6 433.6 433.8 434.7 435 431.7
312.4 287.8 266.3 249.1 233.1 216.8 199.6 182.8 186.2 190.4 196.8 203.9 217.4 234.8 251.5 265.9 279.1 294 309.2 327.5 345.4 359.2 370.7 382.2 392.3 401 408 412.1 414.4 414.9 414.8 415.1 416 418.7 420.6 423.5 424.3 424.6 424.4 424.6 426 428.8 430.2 432.7 434.6 436.6 438.6 441.7 447.6 450.3 450.7 449.2 446.7 445.4 445.3 444.6 443.9 443 441.8 441.6 439.8 437.5 434.2 430 428.4 427.9 430.3 432.1 433.4 434.5 436.1 435.7 436 437.7 439.2 440.7 437.7 434.1
280.7 261.2 245.9 231.1 215.5 198.1 187 185.6 190 195.2 203.3 213.6 228.4 243.9 256.4 267.6 279.8 291.2 305.2 320.6 339.9 357.1 370.1 381.9 392.6 400.2 404.8 408.9 411.9 410.4 409.1 409.5 412 414.7 416.4 414.7 413.7 414.4 416.9 421.5 426.3 430.3 432.8 434.9 436.3 437.6 439.2 442.8 447.4 450 449.4 446.6 444.8 445 444.9 444.8 443.2 442.1 440.9 438.5 435.7 433.5 429.5 425 425.6 427.4 430.6 433.7 434.6 435.3 437 438.2 441.2 441.6 443.5 442.7 438.8 435.6
255.5 241.5 227.1 212.4 198.1 186 185.2 187.4 193.4 200.2 210.3 223.8 237.7 248.3 258.9 269.8 279.3 289.6 304.4 319.9 335.2 350.6 364 376.3 384.8 390.6 394.6 399.2 400.7 400.3 401.1 403.9 404.9 406.3 401.3 395.7 405.5 415.6 421.5 426.3 432.7 435.1 435.9 437.1 437.9 437.7 438.4 442.9 445.6 447 446.3 443.8 443.1 443.5 444.3 444.4 442.4 440 437.6 434 430.9 428.3 422.4 422.3 424.4 427.3 431.7 434.7 436.7 439.5 439.9 443.4 444.9 445.1 445.9 442.5 438.3 434.7
233.3 222.7 209.4 193.9 183 183.8 187.2 192.9 199.6 207.3 218.7 231.6 241.1 250.9 262 271 279.5 288.1 302.4 317.9 332.4 344.8 355.8 367.2 374.4 378.4 382.2 385.7 387.5 387.6 392.9 392.2 391.1 385 380.3 398 410.7 419.6 427.5 432.9 436.5 437.9 438.5 438.9 438 436.9 437.3 440.5 442.6 444 443.2 441.3 441.4 442.2 443.5 442.7 440.5 437.5 432.9 428.2 424.3 421 418.6 420.9 424.6 428.7 432.7 434.6 437 440.7 443.6 445.3 446 444.7 444.5 440.9 437.3 434.1
