Game/Highland_Data/StreamingAssets/GeoData/Data/sn/SN80.asc
ncols 200
nrows 200
xllcorner 280000
yllcorner 200000
cellsize 50
[rows 35 to 69 of 200, columns 80 to 159 of 200]
336.3 335.9 331 335.6 350.5 368.2 374.8 383.7 391.6 402.7 410.7 418.9 422.3 426.7 430.1 424.1 412.5 402.9 389.2 377.1 366.1 354 338.8 330 342.6 355.6 364 360.5 346.9 335.6 324.4 312.8 299.2 294.6 288.4 287.1 285.1 284.3 284.4 283.9 281.6 276.6 272.5 270.7 270.8 269.1 268.4 266.9 254.3 239.7 237.8 240.4 241.9 245.1 247.4 248.4 252.9 257.6 263.4 268.1 276.3 284.2 285 283.4 288.6 294.5 291 281.9 271.2 258.9 260.7 262.3 264.3 265.3 263.8 260.5 258.3 255.4 251.2 244.3
346.5 348.3 343.5 346.5 359.7 374.7 383.9 391.5 402.7 412.7 422.8 427.6 434.1 437.3 434.2 427.2 413 401.6 387.8 377.2 365.8 353 337.4 325.2 333 345.2 355.1 360.2 351.3 339 327.2 313.9 298.4 289.8 288.2 286 283.2 281.5 280.1 278.3 277.5 276.7 275.1 272.8 270.3 268.7 267.4 263.8 248.2 235.1 237.8 237.3 240.2 241.5 242.9 244.8 247.1 250.6 253.2 261.9 271.7 280.8 285.1 287.4 290.3 288.1 281.5 271.4 262.5 253.9 256 258.5 260.6 261.3 260.4 258 256.2 253.9 251.2 245.5
360.1 366.4 367.9 366.5 364.7 381.9 395.2 402.8 412.6 424.3 433.9 440.6 441.8 438 433.3 425.5 412.4 399.8 386.5 376.9 366 351.7 336.2 322.2 324.2 333.6 343.7 355.8 354.1 344.1 332.7 317.3 300.3 290.2 287.3 284.3 283.8 282.5 280.5 276.9 273.7 270.6 268.3 265.8 263.1 261.6 261.1 256.2 243.9 233.1 239 238.6 244.5 248.2 249.9 253.1 256.7 259.9 263.6 270.6 281.4 288.4 291.4 289.2 284.5 279.9 272.4 260.8 253.3 250.1 251.7 253.6 255.9 257.2 256.6 255.1 253.6 252.5 249.1 243.2
371.1 377.4 382.4 382 374.8 392.1 403 412.1 424.2 434.8 439.9 444.2 442.8 438.7 434.3 424.6 413 398.4 385.7 376 362.4 345.4 331.6 320.7 311.6 320.9 331.8 343.8 352.7 347.8 335.4 320.9 302.7 292.4 286.2 279.5 278.3 277.2 274.9 271.6 267.5 264.9 262.3 259.8 258.6 255.6 255.3 250.8 239.9 232.4 237.7 239.2 246.9 254.3 259.6 261.6 260.1 263.9 270.9 276.9 281.7 282.1 284.8 282.7 274.6 265.5 258.2 250.1 243.7 244 245.6 248.5 251.5 252.9 253 251.6 250.1 250.2 249 242.7
380.3 387.2 394.6 397.9 391.1 398.2 408.7 420.4 431.3 438.1 443.4 445.7 444.5 440.7 436.5 426 415 399.8 385.8 373.7 359.4 343.5 328.9 321.2 314.9 309.8 320.4 334.1 346 348.4 333.6 318.8 303.4 293 285.5 281.4 278.3 275.3 272.8 271.3 269 267.1 263.4 258.4 256.6 255.6 253.3 247.7 236.2 232.6 235 237.7 243.8 251 252.4 252.9 253.7 257.2 262.6 268.7 273 278.1 281.4 277 266.6 254.5 247.5 241 236.9 237.6 239.6 243.7 247.8 249 249.1 248 248.1 249.1 248.7 242.6
389.3 397.1 403 407.2 406.4 404.5 415.8 427.5 435.1 442.4 447.8 449.2 447.3 442.9 437.9 430 416 400.9 387.4 375.7 363.5 352.8 338.2 327.3 316.8 305.7 310.8 325.5 339.6 347.4 329.8 315.8 302 293 284.1 277.9 277.8 274.9 270.6 266.3 263.4 260.5 258.7 256.5 253.9 251.1 251.3 248 234.7 231.7 232.7 236.8 240.4 245.2 247.3 249.4 251.8 254.4 257.2 262.7 267 271.4 274.8 269.6 259.5 248.4 240.8 235 230.7 232.3 236 239.3 243.2 245.1 245.1 244.8 248 249.3 247.2 241.8
400 408.7 417.1 422.8 421.3 418.2 427.8 433.5 440.6 451.1 458 454.4 451 445.8 440.4 432.3 417.5 402.4 391.5 378.7 366 355.6 341.3 328.7 317.8 305.4 302.8 316.3 331 341.3 326.6 312.9 300.7 293.9 284.2 279 273.8 268.5 264.1 261.8 260.9 258.4 257.1 251.8 247.1 243.7 245.9 244.8 231.7 229.6 231.2 234.9 237.9 243.4 245.4 247 248.8 251.4 253.6 258 261.2 263.2 264.8 261.5 252.8 241.4 233.3 229.4 225.2 227.9 231.1 236.9 240.5 241.5 241.7 244.2 246.9 247.5 245.4 240.5
418.3 426.5 435.7 442.8 441.9 439.7 440 446.6 456.1 463.2 464.5 460.7 454.4 450.6 444.9 435.9 421.8 405.7 396.5 383 367.8 354.6 342.8 331.8 320.1 307.1 295.6 308.7 322.6 334.5 323.3 308.7 297.7 291.6 283.9 277.7 272.1 269.3 264.3 259.7 255.1 255.2 253.7 245.4 242.1 239.8 241.9 240.5 231.3 228.3 230.3 233.1 234.5 238 243.1 243.5 245.5 248.5 250.5 251.3 254.2 255.5 255.6 252.7 245.7 235.8 227.4 225.6 219.9 219.3 228 235.8 237.6 239.1 239.7 243.8 245.6 246.2 244 239.4
437.6 445.2 451.4 455.2 454.1 456.7 459.7 463 465.4 466.5 465.2 461.7 457.2 454.4 449.6 440.3 430.2 415 404.1 389.8 372.6 357.4 347.4 336.2 323.5 309.5 298.7 295.7 312.9 329.7 321 305.4 291.9 287.3 284.4 274.8 266.7 260.6 256 256.7 256.4 249.7 247.4 244.8 242.3 240.2 239.4 238.3 228.3 227.3 229.3 232 232.4 231.5 232.9 239.1 243.8 245.8 245.7 245 246.8 247.8 245.3 239.2 232.5 228 223.8 221 212.8 217.7 227.1 233.3 234.7 236.5 240.6 243.2 244.6 244.5 243.1 238
453.4 460 463.9 461.3 459 458.7 460.2 463.2 465.4 464.7 455.3 454.7 458 455.2 453.2 446.3 437.8 422.8 409.8 396.2 379.4 361.5 351.7 339.9 327.2 311.9 300 290.9 307 325.2 316.8 301.1 288.7 286.6 281.1 265.7 259.9 256.3 251.7 245.6 244.1 242.8 242.1 239.8 236.5 236.2 238.3 234.3 224.4 225.8 227.8 228.6 229.6 229.9 230.2 231.9 233.4 235.2 236.6 237.1 239.5 240.3 237.5 231.9 227.2 221.8 218 215 203.4 217.3 226.3 229.4 232.2 236.6 239.3 241.6 242.5 243.2 243 239.9
469.3 470.8 467.4 464.3 462.1 460.8 460.6 461.2 462 458.7 454.7 454.5 456.3 455.1 451.2 450.7 445.2 430.2 416.9 404.6 387.9 370.2 356.6 345.5 330.3 313.3 301 293.2 304.3 322.1 313.9 298.9 287.4 285.8 273 258.4 252.2 248.6 240.4 235.5 232.6 231 230.3 228.9 226.3 234.2 240.6 234.9 222.1 224.1 227.2 229.6 230.5 230.5 230.3 239 240.5 240.5 239.1 236.9 236.2 236.8 236 231.8 226.5 217.9 215.2 211.8 201 215.1 220.6 229.1 232.4 236.3 236.9 237.7 239.5 239.5 238.4 233.5
477.3 472.8 469.9 467 464.4 462.8 461.8 462 460.8 458.8 455.4 454.9 455.7 455.5 451.8 451.2 450.6 443 428.7 414.5 398.4 380.8 363.4 349.4 334.1 317.5 303.6 294.7 299.8 318.5 318 300.8 288.2 280.8 268 251.5 237.7 234.9 233.9 230.7 227.2 223.1 220.7 222.9 225.9 226.4 232.7 232.1 220.7 223.3 225.9 229.2 228.9 229.6 241.6 241.7 242 242.6 243.1 240 239.5 242.9 243.7 236.2 225.3 212.4 211.1 205.1 192.6 209.3 221.8 228.9 232.7 233.6 232.2 231.7 231.9 231.5 228.3 217.2
475.2 473.2 472.2 470 467.7 467.5 468.2 464.2 461.4 456.7 455.9 454.6 455.3 456.4 455.6 456.3 454.7 451.3 442.5 426.7 408.9 389.5 371.2 355.2 341.4 327.3 309.5 297.8 294 311.8 318.4 302 289.4 274.8 263 245.5 230.6 230.3 227.4 225.3 224.1 222.9 222.4 218.2 215.1 216.1 218.7 220.7 221.2 219.5 221.6 225.6 224.7 230 235.1 235.1 238.7 241.3 241.8 238.6 236.4 234.8 237.9 228.9 215.5 205.5 204.5 197 184.8 209.2 219.4 225.2 225.3 224.4 224.9 224.2 223.9 219.8 210.4 202.9
475.9 478.2 479.8 478.2 475.6 474.5 473.5 468.6 462 455.1 453 453.3 454.7 456.2 457.3 456.3 453.4 452.1 448.9 436.5 416.1 396.6 377.4 361.7 348.5 332 313.7 298.4 291.6 303.4 315.8 304.1 288.1 270.8 257.5 241 232 228.7 220.6 218.3 217.6 216.5 214.2 212.2 210.3 208.4 207.4 208.3 212 217.2 216.5 222.3 223.3 222.1 226 229.5 235.6 238.3 237.8 234.4 231.4 227.4 226.8 216.1 204 199.5 197.1 187.4 187.5 207 212.6 215.7 216.3 216.7 215.8 213 207.6 203 197.2 192.2
478.3 480.1 481.3 479.6 477.3 475.5 473.3 468.5 459.5 452.7 449.6 450.5 454.3 454.5 453.7 453 450.3 448.3 448.6 440.1 418.9 400.4 381 365.1 346.4 334.7 319.5 302 292.2 295.4 308.1 308.8 291.5 273.8 258.3 242.9 230.8 220.2 213.3 212 212.5 212.5 212.5 208.7 199.5 192.4 190.4 191.8 198.3 205.2 206.8 209.7 214.5 216.8 219.6 225.6 231.5 234.4 231.8 227.1 223.6 220.1 217.4 206.1 193.5 195.5 187.9 177.5 189.5 201.8 208.1 207.3 206.9 206.2 202.8 198.2 194.1 190.9 186.6 184.7
477.6 479.1 479.7 479.1 477.7 475.6 472.3 466 457.1 449.4 445.8 445.4 449.6 451.3 452.1 448.7 441 441.6 445.6 440.6 421 405.8 385.2 370.1 359.4 348.7 330.6 315.3 298.3 284 299.6 310.3 298.4 281.1 263.6 248.9 239.8 226.5 220 221.5 217 214.6 213.3 205.6 188.6 176.6 171.8 172.7 182.5 189 191.6 196.1 203.8 211 217 223.6 226 226.2 222.9 215.5 212.1 213.1 211.1 195.8 189.3 187.8 172.3 169.3 190.1 195.6 198.8 197.3 196.1 193.4 190.1 186.8 183.7 181.4 180.1 178.3
476.5 478.2 478.3 478.1 477.3 475.6 471.7 464.2 454.7 445.2 441.4 440.7 441.1 441.7 443.9 439.9 434.5 433.7 434.4 432.8 423.2 410.7 393.3 377.2 366.8 359.4 347.3 331.2 310.8 291.9 289.8 302.1 305.7 292.3 275.1 262.8 254.2 246.9 240.4 235.3 226.6 221.7 214.9 203.4 191.7 181.3 179.4 172.9 169.4 175.7 180.4 188.1 194 203.2 210.8 217.3 225.4 223.7 214.9 203.5 198.2 199.6 195.4 182.9 181.6 171.4 153.9 168.8 181.9 187.3 187.3 185.1 182.2 174.3 175.9 176.5 176.1 176.1 175.2 172.1
472.9 475 476 476.9 475.9 473.6 471.1 463.4 456.7 447.7 437.5 435.7 435.6 437.8 437.1 428.4 422.9 426.8 428.5 427.2 422.9 413.6 402.9 389.2 377.2 369.3 358.8 342.9 322.4 299.7 285.2 292.4 302.7 304.6 292.5 279 268.2 260.4 255 245.7 237.2 229.8 219.9 207.8 192.7 188.5 186.8 184.1 177.3 166.1 174.3 181.1 182.5 193.6 203.8 211.3 220.2 219.5 214.2 202.7 191 182.5 180.7 176.9 173.4 159.4 149.6 161.9 172.4 175.5 172.4 171.7 165.8 160.7 164.8 169.3 170.3 170.5 169.6 167.2
469.8 471.2 472.7 473.6 472.9 470.6 468.3 461.9 456.9 449.8 438.4 431.1 430.3 432 427.8 424.6 421.1 421.1 423.7 422.7 420.2 415.7 408.2 399.8 388.4 376 364.9 352.3 333.8 315.2 298.4 282.3 288.9 294.7 300.7 293.4 282.2 274.4 270.1 262.9 251.9 240.3 228.4 216.1 204.7 194.4 192.4 191.5 187.8 181.3 169 172 174.7 183.3 192.9 202.3 210.9 214.5 209.5 199.8 187.9 176.5 172.4 170.5 166.4 153.4 137.1 153.5 163 167 163.1 161.5 160.4 160 162.9 164.8 164.7 164.1 162.9 160.6
463.2 463.7 467.3 468.8 468.1 465.8 461.7 458.2 455 452.4 442.7 429.6 425 424.6 422.6 418.9 412.7 407.4 413.7 416.9 416.1 413.5 409.3 402.1 394.7 383.5 370.3 356.7 343.4 325.5 308.2 296 287.5 281.8 286.8 294.4 294.6 292.4 283.2 273.8 265.1 251.3 235.5 219.7 210.6 200.4 197.7 194.9 191.6 187.3 178.9 167.8 167 170.8 178.5 193.3 205.6 205.4 197.6 185.1 173.7 168.3 165.4 162.7 157.6 148.5 126 141.9 151.4 159.1 160.3 159.2 157.4 159.2 163.2 160.2 157.6 157 155.4 152.9
460.9 464.7 464.3 463 461.9 457.6 455.5 454.3 452.8 453 447.3 432 420.2 417.2 406.1 397.2 389.4 387.3 400.1 406 407.6 406.4 403.6 400.6 395.9 386.5 375.1 361.6 349.2 337 323.7 309.4 300.9 286.4 275 281.1 284.8 286.6 285.6 277.9 268.1 256.7 239.4 221.1 211.7 204.4 201 195.6 190.9 186.6 178.2 167.6 161.1 164.1 177.6 189.6 198.6 198.3 189.2 173.5 161.9 160.3 158.3 155.4 151.7 144.5 124.9 134.1 142.9 147.3 149.1 151.9 149.4 151 156.6 156.2 150.3 148.1 147.3 146.3
459.7 459.6 461.4 454.9 453.4 452.7 451.9 451.6 451.3 450.8 448.4 434.5 416.7 393.8 384.4 377.4 371.7 369.4 382 391.7 395.3 394.1 392.8 393.1 390.9 382.7 376.3 369 358.3 347.5 335.9 323.1 313.5 300.7 284.2 271.3 270.4 275 277 275.9 268 257.5 240 222.6 210.7 206.2 200.7 194.8 189.6 184 171.5 159.5 155.8 162.6 170.7 182.3 191.4 191.9 180.8 165.5 157.1 153.7 152.6 150.3 147.4 141.1 119.3 127.9 137.1 139.3 139.4 139.6 141.3 143.2 145.2 145.1 142.9 142.3 141.3 139.6
452.7 452.1 451.9 452.2 450.3 450.6 450.4 450.6 450 449.2 446.1 434.5 409.1 386.8 360.2 356.3 356 355.1 365.3 376.2 381.9 382.8 383 383.1 383.6 380.1 378 374.9 368.1 357.9 348.1 335.9 323.4 311 297.9 279.4 269.7 264.1 268.8 266.8 261 252.3 238.2 222.2 208.3 204.7 199.7 192.8 186.2 178.4 167.6 158.5 150.8 149.6 162 169.8 178.4 179.1 165.3 155.3 147.7 145.4 144.1 143.7 142.7 134.1 109 125.2 132.1 133.8 133.1 132 132.3 135 137.5 138.3 137 137.2 135.7 134.6
450.9 449.9 449.4 448.8 448.4 448.9 449.2 449.4 449 448 445.2 435.8 405.5 382 363.4 347.8 336 342.6 352 361.5 365.7 368.6 371.7 375.2 378.6 378.8 378.3 376.8 373.5 365.8 356.8 346.6 331.4 319.6 308.4 292.2 276.5 265.1 262.6 257.5 250.1 242.4 232 218 205.5 199.7 193.4 184.8 174.8 163.7 155.8 152.7 147.8 150.2 142.1 160 165.3 166.8 155.5 145 139 135.4 136.2 136.2 135.6 127.8 102.6 121.6 127.5 127.4 125.3 125 126.1 128.9 130.4 131.2 130.8 129.6 127.7 126.3
449.1 448.4 448.2 448 447.7 446.9 448.4 448.1 447.4 447.1 444.6 438 409 378.4 362.5 347.4 330.7 330.2 337.9 346.2 352.3 355.9 362.7 363.8 371.5 375.1 374.7 373.4 371.6 368.2 360.7 350.7 334.8 323.3 311.7 294.8 280.5 269.9 262.3 256.9 248.2 237.9 226.5 213.1 203.6 195.8 186.5 176.5 162.5 144.5 139.6 140 145.5 151 136.2 151 152.1 151.5 140 136.3 129.7 127.1 127.5 127.1 128.3 120.6 99.5 116.1 120.1 116.7 115.4 115.7 118.3 120.5 122.3 123.3 122.8 122.5 120.4 118.2
446.4 446.8 442.8 441.8 440.9 444.6 445.8 444.5 444.2 444.9 442.8 438.5 421.7 384.4 366.8 348.3 326.5 319.2 327.5 330.7 335.6 340.4 344.8 350.2 360.3 367.5 369.1 366.7 363.3 358.4 352 343.9 333.5 321.3 307.9 290.1 280.8 272.7 264 257.1 248.3 238.3 225 212.4 199.8 190.4 180.8 170.3 155.2 138.5 139 139.5 140 145.4 140.7 136.6 136.9 133.7 130.4 125.2 122 120.9 120 117.6 118.4 109.3 92.6 108.4 109 107.5 107.7 107.9 109.6 112.3 113.8 115.3 115.4 114.9 113 111.7
444.3 445.6 441.6 439.9 438.3 439.4 440.6 440.5 439.7 440.6 439.2 435.5 423.6 395 369.5 346.2 322 310.3 320.6 321.7 324 327.9 332.3 340.4 349.6 359.4 361.8 359.1 355 349.6 339.9 334.4 321.6 312.2 301.2 283.3 278.7 270 260 253.7 247.7 235.6 220.7 207.8 194.4 185.3 175.7 163.5 150.8 138.5 139.4 139.7 140.3 138.3 141.4 125.9 126.1 126.3 122.6 115 113.3 113.4 111.3 108.9 105.6 98.3 90.4 99.9 98.2 100.1 101.5 100.7 100.8 104.6 105.3 105.1 106.6 107.1 105.9 103.6
449.5 446.3 440.6 438.4 436.8 436.9 436.8 437.1 436.8 435.9 434.8 429.5 420.9 396 368.2 343.8 321.1 302.2 313.9 315 315.7 317.3 324.7 331.6 339.7 350.2 352.3 349.6 345.3 336.5 330.9 320.6 310.2 303 292.3 280.1 275.4 262.3 250.3 243.7 234.5 219 204.9 194.7 185.9 177.4 168.7 157.3 143.5 136.9 139.1 138 131.9 125.9 130.1 132 115.8 118.1 112.7 107.4 105.6 104.9 102.1 100 97.6 90.5 83.9 92.2 89.4 91.5 93.3 92.9 92.1 95 95.8 95.9 97.3 99.2 97.2 95.4
448.4 447.9 442 438.7 435.6 434.5 433.9 433.5 431.4 430.6 427 424.2 418.8 382.2 362.5 342.1 321.2 304.5 302.4 307.1 308.2 310.2 316.9 322.8 330.7 339.3 341.7 336.8 330.2 323.1 314.4 308.8 302.7 296.7 283.5 276.5 269 249.6 238.2 232.7 217.2 200.4 182.6 172.8 170.4 165.6 160 150 137.9 133.4 137.2 131 119.8 113.3 118.4 122.3 114.8 109.7 102.8 99.3 96.7 95 92.9 91.9 90.3 85.8 77.8 85 83.2 84.3 85.2 85 84 85.5 85.8 85.4 87.6 86.5 85.6 84.6
447.1 447.4 442.8 437.9 435 432.3 431.4 430.6 424.6 424.6 423.1 422.7 380.5 361.8 351.9 337.8 319.8 305.4 292.5 299 300.8 303.4 309.1 314.5 323.7 328.1 328.4 322 314.7 306.9 304.2 298 293.7 287.5 278.3 270.7 260.2 240.7 233.7 223.8 212.6 197.4 174 161.1 158 156.6 150.9 141.9 129.9 129.8 131.1 124 111.4 101.8 105.2 108.3 105.9 101.9 93.5 89.2 87.2 85 84.8 84.6 83.4 80 75.3 79.2 78 76.1 76.8 75.6 76 76.8 78.1 79.2 80.5 78.3 70.1 71.4
445.8 445.1 442.4 437 434.3 430.8 429.9 426.6 418.5 420.2 416.7 405.2 364.2 353.8 342.9 331.5 316.5 302.6 291 290.5 294.4 297.2 301.9 308.4 315.8 320.1 318.2 311.9 304.7 300.4 293.2 286.9 281.6 276 268.7 260.5 246.3 232.1 229.7 222 209.3 193.1 174 161.5 150.5 149.8 144 132.3 126 126.5 131.6 122.8 108.5 91.4 87.8 90.1 92.7 91.1 85.1 80.7 78 75.6 75 77.3 76.5 75.7 72 71.6 73.8 69.1 68.8 64.1 63.6 65.6 70.7 68.1 66.3 61.2 58.9 58.8
444.1 443.3 440.2 435.9 432.8 429.7 428 423.3 414.4 413 395.6 367 356.1 345.2 335.5 324 313.2 300 282.1 284.6 289.1 292.1 296.6 302.6 306.5 307.7 305.6 301.4 295.1 288.7 284.5 279.3 273.6 267.2 256.7 248.2 233 226.1 224.7 219.8 208.4 189.8 173.2 160.7 149.2 145.4 139.2 127.8 122.4 122.7 130 122.3 110.5 96.8 83.7 74.1 76.9 80.5 78.1 73.7 70.6 68.6 65.6 68.7 71.1 73.7 71.4 65.9 66.2 63.3 62.5 57.8 56.5 57.6 56.6 57.9 56.4 56 56.8 57.5
442.9 442.2 438.4 433.6 432.6 428.7 426.5 419.8 411.3 379.7 368 358.6 346.7 335 325.3 312 305.8 288.9 274.8 279.6 283.4 287.5 293.7 296.6 298 297.1 294.6 290.2 284.3 280.3 275.6 270 263.4 255.6 244.3 233.7 224.7 219.8 216.9 208.4 202.7 188.7 174 159.9 150.2 140 133.4 122.3 119.3 118.2 121.4 112.4 101.7 96.7 87.1 72.5 70.5 71.5 70.7 69.1 66.4 64.6 60.8 62.1 65.6 69.3 70.2 63 60.7 59.2 57 54.7 53.8 53.6 53.9 54.7 55 55.4 56 56.7
441.6 440.6 437 433.8 431.2 427.9 425.2 418.3 406.9 368.1 344.5 340.3 333.2 323.1 311.6 298.4 293.2 282.5 272.2 275 277 282.5 288.7 290.7 289.7 286.9 285.2 280.9 277.2 272.9 266.7 260.1 250.8 239.9 228.6 221.7 213.5 212 212.5 198.1 191.3 181.5 167.8 156.2 147.8 138.1 127.5 118.6 115.4 111.2 107.3 101.7 96.7 94.4 88.7 75.2 66.9 66.7 65.9 65.3 63 61.7 57.4 57.8 59.1 62.7 61.5 59 58.2 57.3 54.9 53.3 52.6 52.9 53.3 53.7 54.2 54.8 55.4 56
439.9 440.2 436.3 432.3 430.6 427.6 424.4 418.3 407 356.2 338.2 326.7 306.7 310 304.8 292.4 285.4 277.3 263 268.3 270.3 276.7 282.6 283.1 282.5 279.7 276.2 272.3 268.5 264.4 258.3 250.7 240 228.3 216.9 205.8 200.9 198.8 200 195.2 180.7 171.3 158.7 151.5 141.5 132.4 122.2 116.4 109.3 102.9 95.5 97.4 92.5 87 81 72.3 64.5 63.7 61.9 61.1 59.6 58.2 55.3 53.3 53.3 53.8 55 56 55.6 55.1 53.7 52.2 52.2 52.7 53 53.4 54 54.4 55 55.8
