Game/Highland_Data/StreamingAssets/GeoData/Data/sn/SN81.asc
ncols 200
nrows 200
xllcorner 280000
yllcorner 210000
cellsize 50
[rows 140 to 174 of 200, columns 0 to 77 of 200]
215 216.4 217.9 219.7 223.1 230.2 239.8 248.1 246 241 232.8 224 215.9 208.8 205.3 204.1 201.8 199.1 196.1 193.1 192.2 189.7 191.5 187.4 185.9 182.1 179.8 177.5 178.1 171.7 172.4 175.1 178.7 178.4 178.3 177.9 175.4 174.9 177.5 177.2 175 172.4 169.3 169.9 168.7 160.7 163.9 167 164.2 160.4 161.4 155.9 151.9 151.6 151.3 150.8 150.4 151.2 151.7 152.8 152.9 153.9 154.4 154.1 156.1 158.4 160.1 160.6 157.8 154.7 153.4 151 141.8 136.7 138.4 153.2 153.9 158.2
212 213.1 214.8 218.8 224 230.9 235.5 228.5 225 218.6 209.2 203.7 198.2 193.7 195.7 196.1 194 189.7 189.6 185.7 182.1 180.8 178 178.2 178.4 174.5 170.9 169.3 167.2 163.9 164.1 166.4 166.7 164 164.6 164.8 165 162.9 160 156.5 156.3 160.3 157.1 159.8 159.1 154.5 157 155.2 151.3 150.9 148.1 148.4 148.2 147.3 147.2 147.1 148.3 149 149.6 150.1 150.7 152 152 151.2 152.9 153.2 153.6 152.9 152 150.3 146.3 135.6 142.1 151.8 154.5 157.2 159.2 159.8
208.2 208.1 211.3 215.2 220.4 220.1 215.4 208.6 204.5 198.8 193.4 188.9 186.3 185.6 187 187.6 183.7 180.7 180.4 178.8 175.9 172.5 170.4 173 167.3 164.4 165.2 164.2 158.8 154.1 154.4 150.7 148.1 147.2 148.2 149.2 150.1 149.3 149 147.2 148.1 152.8 149.6 150.8 148.6 145.5 146.4 147.8 144.3 144.6 144.5 143.5 142.7 142.9 143.3 144.6 146.2 147 147.5 147.7 148.6 149 149.3 149.3 142.3 140.6 141.2 141.8 141.3 141.5 135.2 142.3 150.7 154.5 156.9 159.6 164.1 167.3
202.7 201.6 206.9 209.2 209.6 206.2 201.1 197.2 192.5 187.1 182.7 179.8 179.2 179.4 179.8 179.9 177.7 173.4 174.3 171.9 170.6 170.7 167.2 167.5 156.6 155 156.7 157.1 150.2 145.4 143.8 141.1 140.5 140.9 140.3 142.5 142.8 141 139.6 140.4 140.8 141.3 141.8 140.9 140.6 137.4 136.6 136.5 131.2 129.5 130.7 132.5 133.1 139.8 142.5 143.3 144.2 145 145.3 145.9 146.8 147.9 148 137.9 138 138.4 138.8 140.1 139.8 134.6 141.1 146.9 153 155.4 158.3 162.7 167.4 170.5
195.9 195.1 199.9 201.6 200.9 196.2 191.6 186.8 182.8 178.6 175.6 174.5 174.5 174.5 173.7 171.9 169.9 166.8 165.3 163.2 165 165.3 157.5 149.9 145.6 146.1 144.4 141.6 141.3 141.1 138.4 137.9 137.9 138 139 138.9 138.6 138.3 137 135.3 134.4 132.2 132.4 132.5 127.2 125.4 125.1 124.6 125.3 126.7 126.4 125.6 127.7 130 134.7 139.5 140.7 142.7 144 144.5 145.6 143.8 137.1 134.6 134.9 135.3 136.4 136.8 134.4 142.4 149.8 152.5 154.3 156.9 159.5 161.5 164.2 166.1
185.8 190 192.9 194 192.2 187 181.6 177.3 173.5 173.2 170.6 170.3 170.3 170 168.5 164.3 158 159.2 156.5 155 154.2 151.2 143.9 134.5 135.4 136.6 136.1 135.8 135.5 136.1 136.7 136.4 136.6 136.7 137.1 136.4 137.1 135.7 133 129.8 128.6 126.3 125.2 124.1 121.9 124 124.5 125.5 126.4 127.2 127.4 128.4 127 130.3 129.6 127.5 129.4 128 130.9 131.2 131.6 132.3 132.9 133.7 133.8 133.5 133.3 138.3 139.2 151.9 152.9 154.6 155.9 156.8 158.2 159.5 161.9 165.7
181.9 185 187.8 189 185.7 178.3 175.3 170.6 169.2 169 167.7 166.7 167.3 167 163.4 146 131.1 137.7 145.8 146.8 142.4 142 135.3 132.3 132.6 133.9 133.9 133.4 132.8 134.1 134.1 134 135.2 135.7 135.3 134.1 132.4 130.3 120.8 116.9 120.1 122.8 121.3 123.9 124 124.2 125.9 128.9 130 130.2 129.3 130.2 131.7 129.2 126.8 129 129.6 130.4 130.8 129.4 131.7 130.1 132.4 140.2 144.6 148.2 150 138.7 140.6 151.5 155.6 156.8 157 158.9 159.9 161.2 164.1 167.7
179.5 183 186.4 185.3 179.8 172.7 169.9 167.2 166.2 165.2 164.2 164.1 164.5 163 157.8 132.1 119.6 117.3 120 126.6 129.9 130.7 129.8 127.1 130.4 131.1 130.4 128.5 128.1 129.6 130.1 132.2 133.3 131.5 125.1 118.8 115.2 126.8 129 130.6 130.7 129.2 131.5 133.8 134.7 135.2 136 135.5 133.1 138.7 141.2 143.1 144.6 144 144.1 140.3 135.5 131.8 131.1 131.9 133.1 133.5 139.3 147.7 149 150.4 151.9 150.7 144 147.6 157.5 160 161.4 163.4 164.8 166.9 168.2 170
177.7 181.7 184.7 182.2 175.9 168.7 165 163.4 162.3 161.4 161.1 160.5 159.1 156.9 151.5 132.4 113.8 112.4 112.8 113.8 115 115.1 115.5 116.4 118 118.5 119.4 120.5 123.5 124.2 123.8 122.6 125 122.6 122.5 129.4 134.7 137.7 138.5 138.2 137.9 138 138.9 139.9 142.1 145.7 145.7 145.1 143.6 140.3 148.1 150.9 152.2 151.8 151 149.9 149.3 147.6 143.6 145.7 147.1 146.9 151.3 152.1 154.4 155.8 157.5 158.2 151.3 143.2 158.4 166.1 168.7 171.5 174 176.9 178.7 178.5
176.4 180.6 181.1 177.2 171.1 164.8 161.6 159.8 157.8 157.1 155.3 153.8 151.2 147.2 140.6 133.7 111.8 110.8 111.4 107.2 111.5 113.1 114.6 115.7 116.2 116.4 113 111.1 114.6 121.6 121.7 121.4 121 117.3 138 141.6 144.5 146 148.1 146.6 146.7 148.3 147.3 146 148.4 148.4 152.4 151.4 146.9 138.4 149.5 153.9 156.2 156.4 155.4 154.4 154.9 155.5 156.1 154.7 157.1 160.1 160.9 160.4 160.4 161.1 162.6 164.1 164.5 161.9 153 170 177.8 180.6 184.3 187.1 189.5 191.3
175.1 177.3 174.7 170.6 165.5 161 157.2 154.8 152.9 151 148.3 144.8 137.5 127.2 124.9 116 106.7 109.3 110.5 114.5 115.1 115.5 115.9 117.7 121.5 124.7 122.5 129.1 129.5 126.8 120.3 118.7 139.8 143.9 146.3 148 149.9 151.9 154.2 154.9 155.9 157 156.6 155.3 155.2 156 158.1 155.6 152.2 147.3 151.5 154.4 157.3 159.7 162.3 165.3 166.8 168.1 169.9 169.5 169.8 171.6 171.1 170.2 170.6 171.1 171.9 173.7 175.2 170.7 153.7 173.9 181.4 185.9 190.5 192.4 195.1 199.1
171.9 171.4 167.9 164.1 159.7 156.1 152.5 149.3 145.7 142.7 139.7 136.3 119 114.6 113.3 107 108.6 109.3 110 114.7 115.6 119.8 126.6 131.1 133.2 131.9 131.4 132.6 134.3 135.8 134.4 132.4 134.9 139.2 142.8 147 152 154.7 156.9 158 160 161.1 161.5 161.7 161.6 159.6 158.6 159.4 158.2 149.9 153.9 157.5 162 167.5 170.7 175.2 179.2 183.4 185.5 184.9 183.6 181.8 182.7 177.7 176.6 180.2 181.2 182.5 182.7 170.1 148 170.1 184.1 192.4 197.3 201.1 206 209.5
166.8 165.2 162.6 158.6 154.4 150.5 146.2 143 139.5 136 133.8 123.6 112.7 112.3 111.1 107.6 105.1 110.2 118.4 122.3 129.3 136.6 140.5 142.1 139.6 136.3 135.6 138.1 140.3 141.9 144.3 144.2 145 146.6 146.5 149.3 150.8 152.3 157.2 157.5 159.9 161.6 162.7 163.7 163.4 162.4 160.8 161.5 159.4 162 160.4 164.6 171.7 177 180.4 185.9 190.3 194.9 196.2 195.1 192.4 189.7 189.9 188.4 183.3 185.3 186.9 187.9 186.9 177 159.6 164.1 182.8 190.9 194.3 202.2 208.7 209.7
161.3 160.3 157 152.8 149.6 146 141.2 137.4 133.4 127.5 122.7 112.2 111.1 110.5 110.5 110.3 104.3 118.2 121.8 128.4 136.3 141 141.2 141.1 140.9 140.2 142 145.7 149.1 152.1 154.6 156.7 156.7 156.5 156.7 156.5 158.3 157.2 157.8 158.5 159.7 161.3 163.1 164.1 163.9 163.9 164.7 165.4 163.3 160.7 166.8 172.9 178.7 185.6 189.8 194.3 198 198.6 198.5 198 196.7 196 195 192.1 188.1 189.4 190.7 191.9 189.7 185 173.9 150.8 169.7 176 184.6 193.6 200.5 206.1
155.7 152.9 150.5 147.7 144.7 139.2 134.3 130.8 124.9 112.5 110.2 109.9 110.2 110.1 109.7 103.4 118.1 123.6 129 133 135.3 137 138.4 140.3 141.6 144.3 147.1 151.7 156.2 160.3 163.5 165.6 166.2 166.2 166.5 164.4 165.7 166 165.1 162 160.7 164.1 165.9 166.5 166.3 167.6 169.1 169.6 172.2 163.4 165.8 169.2 175.4 183.2 187.3 193.5 196.1 194.4 192.6 192.6 194 195 194.2 191.4 190.2 189.6 191 191.6 192.1 192 189 166.5 155.4 156.5 167.6 173.1 188 202.9
150.1 147.1 144 139.9 136 130.8 126.9 121.5 110.4 108.4 108.6 109 109.1 109 103.7 116.5 124.1 125.5 130.1 133.8 136.3 137.9 139.7 142 145.9 148.9 152.1 153.9 158.9 163.6 168.4 170.8 172.2 173.6 174.8 173.1 172.9 172.8 172.3 172.9 173.5 171.5 171.1 171.6 173.2 173.9 175.1 176.8 173.8 174.4 171.6 171.8 172.3 172.5 178.3 184.4 187.6 186.7 185 186.1 187.7 189.7 189.3 189.8 189.7 189.8 190.5 191.6 191.9 192.2 191.4 190.5 185.1 182.6 167 159 174.2 184.5
143.1 139.4 135.6 131.3 127.3 122.2 113.4 107 106.4 106.5 107.1 107.5 107.1 101.2 114.6 125.8 129.6 130.2 131.3 134.1 138.6 140.4 142.7 145.1 149.6 153.8 157.5 160.3 161.6 166.6 172 175.9 177.6 179.5 180.2 178.4 179.2 180.6 181 181.1 181.4 181.6 180.1 182.2 182.3 182.9 183.4 183.2 183.4 184.6 185.7 183.2 183 180.6 178.5 178.8 181.5 183.4 185.4 186.8 187.4 189 191.2 191.1 190.9 191.2 192.2 193.2 195.4 197 197.9 197.4 202.1 203.4 182.3 183.3 165.5 165.5
134.7 132.3 130.7 124.6 109.4 105.8 103.2 103.6 104.9 105.8 106.1 102.7 104.5 117.9 126.2 131.4 135.3 136.5 138.2 140.6 142.9 145.6 148 151.5 156.9 159.9 163.3 167.2 170.6 174.4 177.7 181.5 184.1 185.8 185.8 185.5 186.2 190 191.5 191 191.2 190.9 190.7 191.9 192.9 192.9 192.2 191.1 190.5 192.8 192.3 191.9 193 191.7 189.2 186.7 188.1 189.5 189.8 189.3 193.4 195.2 195 196.1 198.1 200.7 201.8 203 206.5 208.5 208.8 209 212.1 206 196.5 210.7 201.2 194.6
130 129.4 127.9 124.4 105.5 99.3 104.9 105.4 103.9 105.7 106.8 111.7 123.2 125.2 136.3 137.3 140.1 141.2 143.8 146.5 149.8 153.2 154.9 159 163.3 167.5 173.1 179.2 184.2 185.5 186.7 190.6 192.7 195.5 197.8 199.2 200.9 203.4 205.3 205.3 203.8 201.2 201.3 201.2 201.1 199.4 196.8 196 195 196.2 196.4 198.2 202.4 203.2 202 201.8 200.2 198.7 196.2 195.4 197.2 201.3 201.8 203 206.7 208.5 208.7 210.4 210.9 214.6 218.2 216.7 216.9 212.8 213.1 219.4 223.1 221.2
129.8 128.9 127.2 110.5 103.7 104.8 106.5 106.3 106.5 107.8 108.4 116.5 125 131.2 134.9 140.1 143.2 146.5 150.4 153.8 157.8 162.5 165.5 166.7 174.9 181.9 189.1 193.4 193.4 192.5 193.9 198.4 204.5 209.9 212 214.3 215.8 215.9 215.9 216.4 214.9 211.5 211.1 210.9 210.6 208 203.1 198.2 198.1 199 198 199.7 205 211.1 215.4 215.4 213.6 209.1 206.7 206.6 205.6 208 209.4 212.5 214.5 218.2 219.1 219.8 221.1 220.6 217.3 222 222.4 223.7 225.7 227.5 230.8 233.8
131.5 129 122.1 103.5 98.2 105.7 105.5 105.4 106.9 107.8 109.7 121.8 126.6 133.4 139.3 142.8 147.9 151.1 155.6 160.7 165.6 171.3 177 181.8 188.4 193.8 197.4 201.2 200.6 197.5 201.2 208.9 216.2 221.9 224.4 226 226.8 225.1 223.8 223.4 221.4 223.4 223.8 222 221.2 219.2 214.9 210.3 208.9 209.3 206.5 204.1 213.2 221.4 226.9 230.1 224.5 216.7 216.2 218.6 217.3 219.1 220 222.2 223.8 225.7 227.2 227.3 226.9 227.5 228.3 228.7 223.4 227.7 230.3 230.3 236 237.9
131.6 127.6 106.1 101.7 104.2 105.5 105.3 106 107.3 108.3 115 124.5 130.9 139.1 146.4 151 152.7 155.1 161.6 169 176 182.1 187.8 193.5 198.7 201.3 203.3 206.5 206.1 202.8 205.8 216.8 224.4 231.6 235.5 232.4 232.1 230.5 229.4 228.4 233.6 235.8 235.9 236.2 233.4 231 227 224.7 223 222.6 220.3 218.7 221.2 229.2 234.6 236.4 233.1 224.3 223.6 226.1 228.5 228.3 228.5 228.7 230.8 233 234.1 234.1 234.2 234.2 234.2 235 236 232.1 232.2 235.7 238.6 241.5
129.9 120.8 96.2 103.2 104.8 105.5 105.6 107.3 109.8 113.7 121.5 130.6 138.3 145.6 153.5 157.2 159.4 162.7 167.7 176.5 182.9 189.7 195.4 201.2 203.9 207.4 209.7 211.3 212.1 209.9 213 221.5 230.1 236.4 239.3 237.5 235.8 236.1 238.4 241.6 244 245.9 245.9 246 244.4 242.3 240.1 239.1 237.2 234.2 231.7 230.3 230.3 233.4 238.8 248.3 239.6 232.2 229.5 231.9 233.5 234.1 234.2 233.5 236.8 239.3 241.1 241.5 242.9 243.8 244 244.7 245.6 243.8 243.1 236.6 240.7 245.9
127.8 116.3 98.2 103.9 104.6 105.5 106 112.6 114.6 118 125.1 135.5 143.8 150.8 158.3 163.5 168.1 173.7 173.2 182.2 189.7 196.2 201.7 205.4 208.8 212.6 215 216.3 217.3 217 216.4 222.9 232.1 239.4 241.5 242.6 243 242.9 245.9 249.7 251.6 253.8 254.4 253.7 252.1 252.2 252.7 251.4 249.3 246.5 242.2 242.3 242.2 243.2 249.2 250.6 241.6 235.7 235.2 237.3 238.3 239.2 239.7 240.8 243 247.9 250.4 251.6 252.8 253.8 254.4 255 255.4 254.5 253 251.4 247.8 241.2
124 113.2 100.5 103.8 104.6 105.3 110.7 113.8 115.6 120.4 130.4 139.9 149.2 157.1 164.4 171.9 174.9 177.6 183.8 188.7 193.9 200.8 206.2 210.2 214.9 218.1 216 216.3 223.9 226.6 226.5 228.9 241 244.8 249.1 253.8 250.9 250.9 253.7 256.1 258.2 259.4 262.7 264.3 263.5 262.2 262.5 260.5 258.4 255.2 253.4 253 250.9 251.8 251 250.6 248.3 245 242.1 243.5 244.1 245.4 247.2 250.3 251.8 254.5 257 260.6 262.9 266 264.6 263.5 262.2 260 258.2 256.2 253.3 249.4
113.4 99.3 100.9 102.9 104.3 106.6 113.3 114.8 117.5 124.4 136.1 145.6 154.6 164.3 173.3 177.2 179.1 182.2 188.4 194.3 196.8 203.8 209.7 215.3 219.8 220.6 221.9 225.1 229.1 231.3 234.2 239.8 244.4 247.5 254.8 256.9 259.6 265.9 268.7 274.3 264.6 267.6 269.3 269 271.4 272.4 272.5 270.2 268.7 268.4 266.8 264.8 264.2 264.2 263.9 264.7 261 256.5 252.3 252.9 253.3 254.6 256.6 259.9 260.9 262.6 268 270.7 272.8 275.6 272.4 269.8 267.2 264.5 261.5 258.4 255.5 253.1
100.1 97.7 100.6 104.1 105.7 110.1 115.3 117.4 119.7 132.6 142.7 151 160.7 171.9 178.7 185.2 187.1 186.7 192.1 197.8 203.4 210.8 214 216 220.3 223.1 224.7 227.8 230.7 234.8 240.3 246.3 250 250.1 258.9 266.9 267.2 270.4 271.9 278.1 279.9 278 279 280 281.4 274.8 279.8 281.2 278.9 278.7 277.5 276.9 277.1 276.7 277.8 279.2 275.6 266.6 260.8 264.6 265 266.2 267.6 269.5 270.4 269.6 274.2 277.1 279.3 279.2 275.4 272.7 270.3 268.5 265.7 262.2 258.9 255.5
100.2 95.1 100.9 105.4 108.7 111.8 117.2 121.7 127.2 139 148 155.6 165.3 175.5 186.8 194.8 192.2 194.2 193.6 197.4 205.2 210.5 214.2 223.8 223.1 225.4 226.5 229.8 236.1 241.3 244.8 248.9 250.9 260.8 269.2 277.2 281.6 283.7 285.3 285.1 284.5 282.4 283.6 284.7 280.6 279.1 283.2 287.7 288.2 287.6 287 288.3 288.3 288.9 290.1 290.9 287.8 279.9 270 272.1 273.6 274.2 274.5 275.7 275.9 274 277.7 280.7 283.8 283.1 277.4 275 272.9 271.4 269.3 266.2 261.8 258.1
99.3 98.4 104.2 105.1 113.6 117.1 120.8 125.2 133.9 143.4 150.9 157.3 165.6 178.2 191.1 193.5 193.3 195 196.1 206.2 208 214.7 219.4 223.4 222.6 226.5 233.5 237.1 241.7 246.8 249.1 250.5 261.7 275.3 284.3 293 298.6 301.2 299.3 296.1 294.3 294.3 291.2 291.4 287.5 284 286.2 292.4 294.9 297.3 297.9 297.9 298.2 298.4 298.7 299.3 297.2 289.1 283.2 284.9 287.2 287.6 290.2 284.8 279.5 279.2 280.2 281.1 282.6 282 278.5 276.6 276.1 273.7 271 267.5 263.1 260.6
94.5 102.2 103.9 112 120.5 123.8 125.9 130.4 136.5 144.2 152 158.2 163 178.7 192.9 193 194 196.9 199.9 203.6 209 214.3 217.4 218.7 227.3 230.9 240.9 241.2 243.9 246.9 248.6 256.7 271.4 285.3 296.1 303.6 304.4 304.8 304 303.5 302.5 302.3 300.6 304.3 302.6 304.1 303 297.1 298.7 301.7 302.6 304.4 305.9 306.9 306.4 307.8 303.3 299.3 297 293.1 293.1 291.5 295.1 288.7 283 282.3 281.5 281.8 282.9 281.8 278.6 278.3 278.2 276 272.9 268.2 263.5 261.8
94 102 113.4 116.9 123.9 128 131.3 134.6 137.3 143.7 151.6 156.3 165 181.5 185 187.3 189.5 192 194.1 201 206.5 215.6 219 224 225.5 236.4 243.7 245.9 247.5 248.7 248.1 263.2 280.2 295.5 303.4 306.4 306.7 305.7 304.9 306.1 308 308.1 308.3 309 313.4 313.4 313.4 302.3 300 302.6 303.6 305 305.6 306 306.6 308.8 310.1 307.3 303.2 288.7 288.2 288.2 297.2 291 286.6 285.3 284.7 282.7 282.8 280.6 279.5 280.5 279.8 278.5 274.6 268.6 264.5 262.3
93.7 106.8 117.2 119.9 128 132.8 136.1 141.3 144.2 149 154.3 159.7 161 168.8 170.4 172.3 180.2 187.9 188.3 192.9 200.4 212.4 220 230.9 233.6 238.1 243.2 246.9 251 249.8 252.9 266.6 284.5 299.5 308.5 314.8 316.9 314.8 315.7 315.9 311.4 309.8 309.8 311.8 313 313.5 317 315.5 301.4 303.6 305.2 306.3 307.8 306.7 307.1 307.9 306.1 306.5 309.4 295.7 291 290.8 295.6 292.8 290.1 288.4 286.8 283.4 281.5 280.5 280.8 282.3 283.3 280.4 275.8 269.8 265.7 263.2
95 109.1 118 124.2 133.1 136.4 139.1 145.1 148.6 152.7 158.5 170.5 157.1 151.5 155.7 160.8 168.7 179.1 182.1 184 194.7 206.5 220.3 229.7 238.6 242.6 243.1 248 250.4 252.1 258.3 269.1 285.3 299.7 309.8 313.9 317.7 318.5 322.9 323.5 319.4 314.4 311.1 311.7 311.5 309 310.6 313.4 306.3 304.3 306.9 307.2 307.6 307.1 308.7 310.2 309.6 308 304.3 299.6 292.6 294.3 298.1 298.9 292.1 289.6 286 282.2 280.2 281 282.5 283.9 285.3 281.6 276.6 271.5 266.8 263.7
98.2 116.7 125.2 130.6 133 136.5 139.2 143.6 150 156.2 164.9 166.2 154.5 148.9 149.9 152.2 157.5 167.6 176.6 180.6 185 199.4 212.8 230.6 238.9 244.2 245.8 247.3 251.3 259.8 263.7 273.2 286 298 308.5 312.6 317.8 320.8 323.5 325.5 326.7 316.3 310 310.5 307.1 305.5 303.7 305.5 305.6 301.9 305.4 304.5 304.8 303.5 301.6 298.5 296.4 295.8 296.3 296.4 294.7 294.5 295 295.1 293.2 291.5 285.8 281.1 279.6 281.3 282.5 284.1 285.6 281.7 276.5 272.1 268 264.5
116.6 124.1 127.3 129.8 132.5 135.5 139.6 145.5 152.2 161.8 168.3 161.6 149.2 148.7 149.5 150.3 151.2 158.4 168.2 172.2 182.9 191.7 204.1 220.4 235.9 243.3 248.1 250.8 254.6 262.1 266.4 273.3 284.1 294.8 306.5 311.3 317.3 319.5 323.7 326.3 326.6 311.5 307.8 305.8 304.1 302.3 288 289.6 289.1 287.1 290.1 288.7 287.8 289.4 290.6 292 293.1 294 295 295.5 294.8 294.1 294 295.5 292.6 292.2 289.1 280.4 278.3 280.9 281.8 282.8 284.4 281 276.5 272 268.1 264.1
