Game/Highland_Data/StreamingAssets/GeoData/Data/sn/SN83.asc
ncols 200
nrows 200
xllcorner 280000
yllcorner 230000
cellsize 50
[rows 105 to 139 of 200, columns 0 to 77 of 200]
167.3 154.8 144.9 138.4 132.4 124.3 113.6 94.4 101 113.1 122.2 128.5 133.7 140.1 146.5 153.6 162.2 168.9 169.9 172.5 175.6 177.8 180.2 180.7 181.3 176.9 171.9 168.5 167.2 166.4 165.8 165.3 165.3 165.4 166.1 166.5 166.6 166.7 166.9 168.5 171.3 174.2 178.7 183.5 188.5 192.8 193.4 192.7 193.5 195.4 196.9 199.7 203.2 205.3 206.3 209.4 212.1 215.9 219 222.2 224.2 226.6 225.7 211.9 185.3 181 176.9 169.6 163.1 158.5 155 144.4 146.8 154.2 160.2 166.9 177.3 192.3
160 152.1 146.6 142.2 136.2 129.5 119.8 104.4 100.3 111.4 123.9 130.2 139.6 143.4 147.9 156.6 164.7 172.5 175 178.4 178.7 180.6 182.6 184.7 185.7 182.7 174 170.4 169.5 169.1 168.4 167.9 167.7 167.3 168 168.7 169.1 169.3 169.2 170.1 172.7 175.5 180.2 185.1 189.6 193.4 197.1 199.1 200 201.3 201.3 203.5 206.6 209.6 211.9 214.6 218.3 222.3 225.6 228.2 229.5 230.4 227.3 207.6 185.3 171.4 171.1 166.8 161.6 156.8 147.2 143.4 148.8 156.3 163.8 174.4 187.5 202.5
160.2 155.1 149.1 145.1 139.6 133.6 124.7 117.8 104.6 101.2 117.4 129.8 135.2 140.6 147.8 155.1 161.6 167.6 174.4 182.3 185.7 187.9 186.7 187.1 187.4 184 176.7 172.6 171.7 172.2 173.1 173.5 172.2 171.1 170.4 171.2 171.6 171.8 172 172.6 174.1 177 181.7 186.5 191.3 195.3 199.6 203.2 205.3 204.9 205.1 207.4 211.1 214.8 218.5 222.2 225.4 228.9 231.6 233.9 234.3 231.5 213.1 190.6 173.1 163.9 165.2 166 158.6 152.9 143.5 142.9 151.5 160.2 170.9 183.5 199.6 214.1
162.3 157.2 152.6 148.1 140.4 134.4 128.7 125.1 120.7 109 99.8 114.5 128.7 136.7 143.8 149.4 155.4 163.3 171.2 180.4 188.8 192.3 191.1 189.3 188.3 186.2 182.1 176.4 174.9 176 176.2 177.9 177.3 175.8 174.5 173.7 174.5 175.2 175.5 176.1 177.2 179.8 184.7 189.5 194.1 197.8 202.3 206.4 208.6 207.6 208.8 211.1 217.2 221.7 226.8 231.5 234.3 236.4 237.6 238.3 235.3 221.4 196.9 174.6 160.3 157.2 160.9 162.8 155.4 146.6 140.5 150.6 159.2 169 178.5 195 211.2 224.7
171.3 165.9 164.7 163 154.8 143.3 134.4 132 130 123.1 107.3 106.7 120.8 131 138.3 142.8 148.3 154.5 162.8 172.7 187.3 196.1 196.5 193.6 189.2 187.7 185.7 181.3 178.4 179.8 179.5 180 180.4 181.2 181.6 180.6 179.2 179.6 181 182 183.3 185.6 188.9 192.6 196.8 201 205.7 208.8 210.6 211.2 213.8 217.8 223.7 228.9 234.1 238.7 241.6 242.8 242.3 236.1 225.8 207.4 184 165.3 153.9 151.8 154.8 152.7 146.8 134.7 148.9 157.8 167.8 180.3 194 209.1 224.1 234.7
186.2 185 184.1 181.9 174.1 162.1 145.2 138 133.9 125.8 109 102.1 113.7 123.9 132.3 138.3 140.6 144.2 150.8 168 191.2 201.3 202 198.4 190 186.9 187.2 187.5 184.9 183.3 182.9 183.3 186.5 189.2 190.7 190.7 190 189.7 192.1 191.9 191.2 192.1 194.4 198 201.8 205.5 209.3 211.9 213.7 216 219.3 223.7 228.6 233.3 237.2 240.7 242.4 242.6 240.8 230.7 215.4 195.2 175.2 159.1 150.7 145.6 145.8 136.1 141.3 147.2 157.7 167 181.8 197.3 211.7 226 237.2 244.7
197.8 197.3 195.6 192.8 186.8 175.6 156.9 142.4 135.6 127 114.9 98.2 108 119.5 128.8 132.3 134.1 137.5 145.7 160.3 178.9 186.8 191.1 190.1 184.7 184.8 187.8 191.3 190.5 188.6 186.5 188.9 193.5 196.2 197.9 198.4 198.8 199.3 200.8 200.3 200.2 200.6 200.4 203.5 207.1 210.4 213.7 215.4 217.1 219.9 223.5 228.1 232.4 236.5 239.3 241.8 243.3 243.6 240.8 225.9 204.4 183.2 164.6 153.3 144.2 135.9 136.8 142.6 148.8 159.1 169.7 182.6 198.3 214.2 227.9 238.8 246.9 253.2
204.8 202.8 199.6 194.5 182.6 169.9 158.3 144.4 137.1 127.6 117.9 105.5 102.5 111.1 123.8 126.8 128.1 129.8 136.1 146.6 156.9 166.4 175.4 179.9 179.6 182.5 188.7 192.3 194.3 193.9 192.7 195.3 199.5 202.2 204 205.3 206.6 207.6 207.9 208.2 208.5 208.8 209.6 211.5 213.6 215.4 216.8 218.2 219.7 223.5 226.5 230.1 234 238 241.3 243.9 245.2 244.4 238 217 192.6 171.4 155.4 147.1 136.6 137.8 140.4 147.8 158.6 169.9 182.2 197.3 214.1 228.9 239.8 247.3 254.6 260.2
206 202.2 195 184 173.5 162.4 152.3 139.9 128 113.1 103.6 103.3 100.5 102.1 104.4 114.2 122.2 124.7 127.3 136.5 147 155.9 165.4 172.5 175.1 179.3 185 190.4 194.8 197 198.5 200.8 204.8 207.9 210 211.2 212.3 212.8 213.2 212.6 211.7 212.4 213.5 215.3 217.5 218.4 218.7 221 223.3 225.5 229 233.2 237.5 241.1 244.1 246.5 246.2 240.9 223.8 199.4 178.7 159.9 148.6 141.8 136.7 140.8 146 155.3 168.2 180.7 195.9 211.9 227.7 241.2 247.4 254 261 265.4
199.3 191.6 181.2 168.7 157.2 146.9 139.7 129.5 117.1 114 118.5 118.5 113.3 106.6 103.9 103.1 105 117.6 122.3 132.7 143.2 153.2 161.2 165.4 169.7 176.2 184 191 197.6 200.9 202.4 205.3 208.8 211.5 213.9 215.3 214.7 213.2 212.2 212 211.9 213.1 214.7 217.2 218.3 216.9 218.1 220.9 224.3 228 232.8 237.2 241.1 243.6 245.9 246.1 242.4 228.4 203.3 180.2 163.8 150.1 143.1 135.8 137.2 144.5 151.4 163.1 178.4 194.2 210 225.8 240 248.8 253.7 259.6 264.6 267.7
185.2 175.3 164.6 153.3 140.9 130.5 123.4 113.3 116.3 124.7 128.5 125.9 122.3 115.8 111 106.7 104.1 102.3 114 122.9 137.2 148.4 154.2 159.5 166.6 176.2 186.1 194.8 200.3 202.6 204.4 207.8 210.9 213.4 215.3 214.6 212.3 209.1 205.4 204.2 206.2 208.6 210.6 212.8 212.9 212.8 217.6 221.8 226.4 231.6 235.5 238.3 241.9 243.2 243.2 240.3 228.8 206.8 182.4 164.6 152.5 145.1 135.8 135.3 141 149.1 160.7 172.4 188.2 206 222.3 237.6 248.5 253.9 258.8 262.8 267.5 270.4
168 158.5 147.3 136.5 123.8 120 124.9 130.5 133.5 134.6 132.7 131.1 129.3 124.2 118.7 117 112.2 106.9 104.5 114 124 134.4 139.7 153.6 167.5 180.2 189.1 195.2 197.2 196.6 199.7 204.3 207.6 210 212 210.5 207.6 201 194.4 193.4 196.1 197.9 202.5 202.2 207.6 214.3 219.8 225.1 229.4 233.2 236.8 240.3 242.8 242 236.4 227.5 208 184.9 165.5 153 146.7 142.8 133.2 136.9 145 155.4 168.2 184.4 204.2 218.9 233.7 245.7 253.7 258.5 262.9 265.5 269.5 272.5
150.7 142.3 131.4 120.6 128.6 131.9 135.1 138.8 141.9 138.5 141.1 144.2 142.8 137.3 127.6 124.4 118.4 114.8 111.5 102.5 118 127 134.4 144.9 160.6 171.2 179.9 186.3 187.9 185.5 193.7 198.1 201.5 205 206.5 206.3 201.2 191.4 178.3 178.4 184.1 190.5 196.2 202.8 210 216.6 222 226.5 230.3 234 236.5 238.9 238.5 234.2 224.4 208.5 188.2 167.6 154.2 144.2 139.8 133.7 132.5 140.8 150 164.9 180.9 199.4 216 230 241.8 250.9 257.5 262.4 267.2 270.6 273.8 276.7
146.9 137.7 124.9 131.8 135.3 138.6 143.4 146.7 152.2 157.9 160.1 161.1 159.2 152.1 137.6 130.3 128.1 120.6 122.2 113.7 112 123.1 130.3 136.3 146.9 158 165.2 171.8 173.8 179.2 187.3 191.9 198.9 202.4 202.3 200.2 194.6 181 166.1 172.9 180.7 188.8 197.3 204 210.5 217 221.9 226.6 230 232.3 235.4 235.4 230.3 222.2 209.4 190.2 169.3 151.4 138.1 130.2 131.7 132.4 139.6 146.8 159.9 175.3 195.1 211.7 226 239 248.4 255.3 261.2 266.5 271.2 275.7 278.9 281.9
145.7 134.9 132.5 138.8 143.1 151.4 159.1 165.5 170.4 175.9 175 172.8 168.9 162.3 150 137.3 134.8 129.5 130.9 120.2 103.7 118.4 127.6 132.2 137.1 145 152.7 161.2 168.2 175.9 184.1 187.2 190.9 195.3 197 193.7 184 168.1 157.6 171.1 181.6 190 198.3 205.9 212.3 217.9 222.1 225.7 227.6 227.6 228 228.6 219.7 207.3 191.2 172.8 151.4 135.2 130.2 133.8 139.2 143.4 146.8 156.3 170.1 187.3 206.2 221.6 234.8 244.9 252.2 258.8 265.2 270.7 275.7 280.4 283.9 287.1
149.9 137.1 138.7 145.3 157.9 169.6 177.9 182.4 184.7 186 183.8 180.8 178.2 173.1 163 149.4 141.3 136.1 136.5 125.9 111.1 111.5 123.6 129.7 132.5 138.7 144.5 152.4 162.1 169.3 176.8 183.5 193.3 196.4 193.5 185.9 172.1 151.4 156.2 170.3 180.1 188.7 197.7 205 211.3 216.3 218.5 220.4 222.7 223.1 221 216.6 205.6 190.5 173.3 154.5 130.1 129.7 135.8 142.8 145 149 154.4 165.8 182.8 199.6 215.8 231.4 241.4 249.2 256.4 263 269.6 275.2 280.5 284.7 288.8 292.2
152.4 139.7 143.5 154.5 169.3 182.3 191.2 196 196 194 191 189.8 186.4 180.7 171.6 160.8 150.3 143.5 147.2 143.3 122 113.8 107.5 119.9 123.7 129.3 135.5 145.6 157.2 167.1 174.3 179.3 181.8 182.8 181.1 173.9 157.7 142.9 157.7 165 175 185.3 194.2 201.6 207.7 212.7 215.3 217.4 215.6 212.8 209.1 200.9 189.8 174.1 157.1 138.8 129.1 136 141.6 143.9 147.3 153.4 162.2 176.5 193.8 210 225.7 238.3 246.7 254.1 261 267.5 273.9 279.7 285.4 289.1 293 295.1
153.6 135.4 150.5 162.6 178.8 193.4 202.5 204 201.7 199 196.8 194.5 190 182.1 173.3 162.6 152.3 150.1 154.6 156.4 137.4 120.8 115.8 106.4 112.3 121.7 128.4 136.9 147.4 154.6 161.3 166.2 171.6 176.5 174.7 165.5 147.8 143.6 151.1 154.5 168.3 178.9 185.4 195.8 203.7 207.1 208.3 208.4 203.6 200.5 194.6 185.9 172.6 157.6 143.9 130.9 132.7 140.2 144.7 148.3 152.8 162.6 175.1 188.6 205.4 219.7 233.8 244.2 252 259.4 266.1 272.7 279 284.7 290.3 294.7 297.6 290.2
148.6 146.4 157.2 167.6 186.5 200.3 205.8 205.4 204.1 202.8 201.3 197.5 189.1 178.4 168.9 162.8 159.1 156.4 160 162.7 159.2 132 122.4 114.5 111.9 108.1 120.6 128.3 133.5 138.3 144.2 149.5 156.2 161.8 162.2 151.7 136.8 137.7 139.3 142.8 152.4 162.3 171.6 184.2 193.4 196.4 198.1 195.6 193.6 188.3 181.6 170.9 155.6 144.9 135.3 127.8 137.5 143 147.8 155.2 164.7 177.7 191.2 204.3 216.6 230.2 241.8 249.8 257.7 265.1 272 278.6 284.7 290 295.2 298.8 293.4 281.2
142.7 151.9 161.7 173.2 190.4 201.8 206.3 207.2 205.8 203.8 201.2 192.1 180 173.7 170.2 167.7 163.7 161.3 165.6 169.3 168.1 160.4 140.7 120 121.3 118.3 111.6 106.8 109.7 112.9 123.4 132.5 136.7 139.8 142.2 135.1 123.9 130.5 130.9 132.2 136.3 140.6 147.9 161.5 171.6 179.4 185.3 185.7 183.7 176.7 167.3 155.8 144 132.8 126.2 132.8 141.1 147.2 157 166.4 178.6 192.3 205.6 219.1 230.2 239.9 248.1 255.7 263.4 270.7 277.8 284.3 290.4 295.6 300.3 296.6 284.6 272
141.7 155.6 165.3 178.6 193.5 201.3 207.6 208 206.4 204 196.3 184.7 179.9 177.4 175.3 173.5 168.9 165.7 167.9 166.4 161.7 154.7 144.2 122 129.1 128.6 124.4 121.6 119.6 116.1 111.7 111.5 120.8 120.4 113.5 114.1 115 115.3 113 118.9 126.9 131.5 137.5 143.6 153.8 164.7 169.9 174 174.6 166.7 156 142.7 135.4 124.2 132.6 138.6 144.7 156.3 167.1 177.2 190.4 203.6 217 229.4 239.4 246.9 254 261.6 269 276.2 283.4 290 296.1 301 299.5 287.9 275 261.2
151.2 160 168.3 179.9 190.5 198.5 204.9 205.9 205.3 202.1 193 187 185.6 185.3 183.2 179 173.7 167.9 162.9 156.1 146 137.4 130.4 133.4 135 134.3 132.1 128 127.5 124.6 123.4 119.9 110.7 114.4 118.4 118.1 118.7 117.1 118.3 116.7 116.3 118.5 120.6 133.8 140.7 148.8 154.6 161.8 162.7 156.4 143.8 134.9 125.4 129.9 138.6 145 154.8 165.9 177.1 188.5 201.4 214.6 226.4 236.4 246 253 259.9 267.2 274.6 281.8 289.1 295.8 301.8 301.6 291.2 278 265 247.4
157.2 163.6 171 179.8 188.4 196.8 203.5 204.4 206.2 204.5 199.7 198.3 199.4 199.4 194.2 184.3 174.2 163.4 155.2 151.6 146.9 139.5 133.6 140.1 140.7 140.4 138.4 135.3 133.3 129.9 126.9 124.2 119.2 126.4 126.6 126.9 126.6 126 124.2 123.9 121.4 118.7 118.1 117.6 124.7 137.9 144.5 149.6 150.2 141.9 133 121.8 131.4 137.1 143.5 154.4 164.3 175.4 186.6 198.8 211.7 223 232.5 241.9 250.6 258.9 265.8 273.1 280.3 287.6 294.8 301.5 303.9 294.2 281.4 268.2 251.4 233.5
152.7 164.7 174.7 184.6 193 199.2 205.5 211.9 215.3 213.4 210.1 207.9 207.4 204.8 198.9 185.6 170.5 164.5 162.3 158.5 151.7 143.5 138.3 145.1 146.6 147.3 145.7 142.9 140.7 136.2 130.4 128.5 125.6 128.4 131 131.6 131.8 131.3 129.3 128.2 127.6 125.3 124.7 120.9 118.5 129.6 133.7 136.8 135.3 128.5 122.6 133.7 139.1 145.2 152 162.1 173.6 185.4 197 208.6 219.3 229 238.1 247.2 255.6 264 271.7 278.9 286.2 293.5 300.6 303.7 296 284.3 271.6 254.8 236.9 219.6
157.1 166.2 177.7 189 198.5 205.8 213 218.4 218.7 218.3 216.9 214.6 213.1 208.9 200.8 184.4 172.6 174.4 174 168.9 154.1 144.4 144.2 150.3 152.7 153.9 152.4 151.8 150.8 147.1 139.9 133.8 131.7 130.3 134.5 134.8 135 136.1 136 135.5 133.5 131.7 127.3 123.8 117.7 118.4 118.8 119.5 119.6 126.6 134.7 141.5 147.2 156.4 164.6 169.5 182 194.4 206.3 217 225.8 234.8 243.4 252.4 261 269.4 277.3 284.8 292.3 299.6 304 297.1 285.9 273.9 258.6 239.8 222.1 205.2
164.1 167.9 177.9 192.6 204.5 211.2 216.4 219.3 219.4 219 219.9 219.7 217.3 211.7 200.3 192.6 193 193 186 171.9 155.8 145.2 154 159.2 162.4 162.2 160 160.9 161.3 160.1 155.7 145.3 136.1 136.9 141.3 140.8 139 140.8 141.6 140.8 139 135.7 130.2 126.2 117.9 125.2 126.1 128 132.1 136.4 145.2 153.5 159.6 169.8 174.5 180.5 191.5 202.3 213.8 224.1 232.7 240.6 248.6 257.5 265.9 273.9 282.3 290.2 297.9 303.9 298.1 287.5 275.7 261.7 242.7 223.6 206.2 188.7
166.9 164.8 175.3 190.1 205.3 213.3 219 222.5 223.8 223.3 224.7 225.4 222 217.6 212.3 208.3 206.9 200.4 186.2 169.4 157.8 148 160.1 167.7 172.1 171.8 168.5 168.3 169.2 168.4 163.3 151.8 139.9 141.2 147.1 145.9 145.2 146.1 147.3 145.6 143 137.1 137.6 130.2 123.1 121.8 129.7 134 142.1 149.9 156.8 169.2 172.4 175.1 180.8 189.8 200.1 210.1 220.1 229.1 236.9 244.7 252.6 261.5 269.9 278.1 286.5 294.8 301.3 298.3 288.5 277.7 264.3 245.2 226 207.1 188.6 170.8
175.9 170.3 173.3 186.2 202.9 216.2 223.6 228.9 230.2 230.4 230.4 229.2 226.5 221.3 217.6 213.7 207.2 195.7 179.2 166.9 159.1 159.6 167.3 174.3 176.2 176.1 173.9 173.7 174.1 172.3 168.2 154.3 142.5 148.9 157.3 159.5 160.8 159.7 155.2 151.2 146.1 145.9 144.6 137.4 130.1 123.7 124.6 136 147.5 164.5 171.3 172.2 175.1 179 186.7 196.9 207.3 215.5 223.8 232.5 241.2 248.8 256.7 265.1 273 281.6 290.4 298 296.7 288.9 279.3 266.9 247.8 228.1 208.3 188.4 171.3 162.8
190.4 182.5 169.6 183.6 200.5 218.7 226.8 231.8 234.2 234.4 232.7 230.5 225.8 221.1 218.3 211.6 201.9 187.8 173.5 164.8 162.3 168.2 174.5 181 184.3 185.6 182.9 180 178.8 176.8 167.7 154.2 146.2 155.4 168.6 172.2 173 170.8 165.4 159.7 149.7 151.1 149.9 145.3 135.5 132.1 125.2 128.1 143.4 158.6 172.4 173.8 176.3 182.2 189.8 199.9 210.9 218.5 227.1 236.3 246.2 254.4 261.1 268.1 276.3 285.8 294.3 294.7 288.2 280.4 269.9 251.4 231.2 210.5 188.8 169.3 160.7 168.6
203.6 192.8 180.7 184.4 196.6 216.4 227.6 232.7 235.1 235 233.7 231.6 227.5 222.5 217.9 208.2 194.3 182.4 172 166.1 171.5 175.5 182.2 187.7 190.3 190.8 190.3 187.5 182.5 176.4 164.7 155.1 153.4 162.6 178.3 181.1 182.1 178.2 174 168.6 157.9 153.8 159.1 151.8 142.8 137.3 133.3 125.3 131.2 147.4 158.4 169.4 176.3 182.3 191.7 203 213.5 220.6 228.1 239.9 249.5 257.4 264.9 273.8 282.1 290.3 292.4 287.2 280.8 272.3 256 235.1 213.5 192 169.3 158.3 169.1 179.5
210.3 202 190.3 187.5 196.7 212.4 227.1 233.1 235.1 234.1 233 231.8 230 224.9 218.2 203.6 188.7 179.9 171.6 171.3 176.7 181.2 188.9 194.4 197.5 198 197.1 191.4 179.7 170.8 162 156.2 161.8 172.5 186 188.4 188 183.6 178.3 171.6 163.2 157 168.5 164 154.7 146.7 139.7 133.1 126 133 149.2 161.1 170.9 178.5 192.5 204.9 213.1 220.9 227.3 239 249.8 258.4 266.7 279.2 288.2 289.8 285.4 279.3 273.5 259.6 240.1 219 196.9 174.1 156.7 168.3 185.5 195.6
210.5 206.4 198.1 194 200.3 209.5 224.5 232.2 235.1 233.7 232.6 231.8 231.7 227.8 217.6 201 184.6 177.9 175.1 175.5 182.1 188.7 196 201.5 204 203.6 200.2 186.4 171.7 163.4 162.5 165.9 169.3 183.3 191.6 192.8 191.7 186.6 179.5 172.3 165.4 164.5 168.1 171.6 165.7 156.4 148.9 137.2 132.8 126.8 132.3 149.2 160.6 171 181.5 194.9 209.9 218.3 225.4 235.1 248.1 256.5 269 281.6 284 284.2 277.8 271.1 261.4 244.8 224.5 202.7 178.4 158.7 161.4 177.2 192.4 204.8
211 210.3 204.6 195.8 203.7 208.3 217.5 222.9 227.5 231.5 232.5 232 231 225.1 211.6 195.2 184.8 180.6 180.1 181 188.1 197.2 204 206.9 207.9 202.6 193.4 179.3 168.6 170 172.2 174.7 183 192.4 196.6 196.5 195.1 190.8 185.6 177.2 173.8 171.9 173.2 175 173.2 169.9 168.1 154.7 140.1 132.6 127.6 134.3 148.7 162.9 173 182.9 197.8 209.5 220.6 229 238.9 250.7 264.7 270.1 271.9 271.1 266.8 258.2 244.4 227.5 208.3 183.5 161.2 151.9 166.9 186.2 199.2 211.6
214 213.5 209.3 201.6 198 204.2 209 212.9 219.2 225 230.4 230.7 226.6 216.6 200 189.4 185.7 183.1 182.1 184.4 193.5 202.4 208.5 210.6 205.3 194.6 185 175.2 178.5 178.7 178.8 186.6 195.4 200.3 202.8 201.6 198.5 194.3 188.5 181.8 178.7 177.8 178.1 178.2 178.2 181 182.2 176.3 160.2 146 135 128.6 135.8 148.6 160.8 170.6 185 194.1 210.7 222 222.9 233.9 243.5 245.7 246.4 246.4 245.7 240.7 227.6 208.6 186.7 163.7 151.8 161.2 179.4 197.7 208.4 218
214.7 217 215.5 210.4 206.5 203.2 206.3 209.6 213.7 221.8 228.8 230.1 222.2 209.7 200.8 194.9 190.4 186.6 184.8 188 199 210.6 216.9 214.3 201.1 189.7 180.6 180.8 185.6 184.8 187.2 199.7 204.7 208.9 211.6 210 205.9 197.6 189.9 185 183 182.5 183.4 186 188.9 190.1 192.1 192.2 183.3 168 151.4 138.6 129.5 135.5 147.6 158.8 169.2 178.8 190.8 196.3 199.8 207 211.3 216 219.3 219.7 219.9 217.6 204.4 186.4 166.4 151.5 157.6 174.7 193.9 208.7 220.1 231.9
