Game/Highland_Data/StreamingAssets/GeoData/Data/sn/SN84.asc
ncols 200
nrows 200
xllcorner 280000
yllcorner 240000
cellsize 50
[rows 35 to 69 of 200, columns 78 to 155 of 200]
331.9 331 330.3 330.8 336 339.8 343.9 348.9 353 354.1 356.5 361.1 369.9 382.3 391.6 398.7 407.4 416.4 420 400.6 363 333 305 286.9 275.4 267.2 260.1 253 250.4 257.6 257.4 257.7 263.2 271.4 271.9 275.5 297.9 317.4 327.5 334.7 340.8 339.4 335.5 330.2 321.8 312.3 296.6 270.9 244.4 222 214.6 215.1 214.9 214.4 224 233.6 249.2 271.8 299.4 327.5 355.6 373.7 396.3 408.6 418.8 424.4 428.4 423.4 411.6 402 389.8 370.4 353.5 339.7 328.7 317.4 307.7 298.3
357.2 347.6 345.7 352.5 360.8 365.9 370.4 376.4 380.5 381 383.2 389.3 396.5 405.9 412.5 416.2 421.2 424.1 424.5 400.4 361.2 333.5 312.3 294.5 282.9 276.3 269.5 261.4 252.7 250.2 253 253.6 256.9 261 263.6 266.8 288.9 315.3 339 351.2 360.9 362.5 359 353.5 342.5 331.1 319.4 290.2 259 230.9 215 214.7 213.1 214.6 220.3 230.9 246.2 270 301.3 331.4 357.2 375.4 395.2 406.6 416.9 418.6 424.5 421.8 407.7 396.4 382.3 360.1 338.6 322.5 313.4 305.6 300.2 295
384.8 367.5 367.4 378.8 387.2 391.5 397.4 401.9 404.2 403.8 409.7 415.8 421.9 428.1 429.2 430.1 430.9 431.5 430.8 407.7 367 339.9 323.8 308.2 295.5 288.1 280.6 272 261 250.6 245.2 249.4 251.9 252.8 255.8 259.4 278.1 306.7 335.9 353.6 365.5 371.3 371.3 366.8 356.1 343.3 333.9 303.7 266.5 234.8 216.2 214.1 213.7 214.5 219.8 230.5 247.4 271.1 304.7 333.7 359.1 376.5 392.2 407.6 414.1 417.3 421.9 416.3 399.7 386.7 374.4 350.4 327.8 316.1 307 299.3 292.4 288.4
409.3 398.6 395.6 404.6 410.1 414.3 416.6 419.2 424.5 425.1 432.1 437 440.5 440.6 439.8 438.5 437.5 437.9 436.1 417.1 380.9 353.8 339.6 325.1 312.8 304.7 295.7 283.3 271.2 260.5 251.4 244.9 244.7 244.7 249.3 254.3 268.3 295.2 321.6 348.8 368.2 376 375.6 367.2 356.5 347.3 338.9 305.3 266.2 236.9 216.9 213.5 214 215.2 223.2 234 249.9 276.2 307.5 339.2 361.9 377.8 392 408.5 415.4 421.3 417.8 408.6 390.3 376.1 360.8 339.2 321.9 310.6 302.5 295.3 287.7 283.2
437.2 430 424.4 430.9 431.3 434 438.5 439.9 442.8 443.5 446.5 448.8 450 448.2 447.2 446.2 443.8 440.5 438.3 425.8 397.1 373.8 361.4 346.3 331.8 321.4 311.7 295.9 281.6 269.5 259.1 249.7 243.9 240.5 243.3 248.9 258.8 284 309.4 339 364.2 368.7 365.4 360.3 352.9 345.7 334.6 298.4 263.3 236 215.6 213.4 213.7 216.8 225 237.8 251 280.3 314.6 343.3 367.4 381.6 397.1 408.9 411.7 413.2 410.2 398.2 382 367.9 347.1 330 317.4 308.8 303.4 297.4 289.5 282.7
456.6 451.5 447.1 449.4 451.7 454.8 456.1 455.7 454.6 453.3 453.4 453.6 452.6 450.7 450.5 449.2 444.2 440.4 436.3 427 411.5 395.9 387.4 372.3 353.5 339.7 325.1 307.2 292.9 281.5 267.2 255.8 248.4 241.6 238.3 242.7 250.7 273.2 301 329.3 350.6 354 351.8 349.1 346 339.6 317.1 289.5 257.8 231.8 215.9 213.7 212.3 219 229.2 240.1 256.5 286.1 322.3 350.9 372.4 386.5 400.5 406.9 414.5 412.2 398.3 388.7 377.5 360.2 344.4 330.3 317.5 311.3 307.4 302.2 295.4 285.7
465.7 461.9 458 460.1 463.3 463.8 462.6 460.5 458.2 457.9 456.6 455.3 453.4 450.5 447.3 443.1 439.4 436.9 432 422.5 412.6 407.7 403.3 392.6 373.9 355.9 336.9 318.3 307.4 295.3 280.1 263.3 252.6 244.9 235.8 237.4 243 262.9 290.9 318.2 333.5 337.1 334.9 331 327 317.8 299 284.5 250.9 225.9 214.4 213.8 213.1 220.6 232.9 247.4 265.5 294.9 328.8 355.6 377.2 390.2 401.6 404.5 406.6 401.1 389.3 383.2 371 357 344.2 332.6 320.9 313.5 310 305.1 298.7 291.1
470.3 467.1 464.3 465.3 465.3 464.8 463.6 460.9 458.9 457.7 455.9 452.9 447.8 442.4 437.2 435.7 435.2 432.3 419.7 415.6 416.3 413.9 406.4 398.8 386.3 371.4 351.2 331.3 320.1 309.8 291.6 273.7 259 249.5 244.2 234.4 236.5 253.4 277.9 300.1 314.7 316.1 312.7 308.2 303.8 294 283 271.9 241.7 219.9 213.6 212.7 215.2 225.3 239.9 258.6 279.4 304.5 335.3 361.1 379 394.2 401.8 403.7 401.7 393.8 385.4 377.4 366.1 353.6 343.7 334 323.9 316 309.7 304.9 298.8 294
474 469.4 468 469 466.9 464.5 462 459.5 457.8 454.4 448.6 442.9 437.2 432.6 431.9 432.6 423.8 414.1 415.4 415.1 415.1 408.3 399.8 392.1 384.8 374 359.1 341.5 329.9 318.3 301.9 283.7 266.8 254.7 245.9 239.6 232.9 245.7 264.8 280.3 289.4 292.7 292 288 281.4 274.9 269.8 254.3 232.4 220.3 212.5 213.1 217.4 230.3 249.5 270.8 291.6 315.2 342.3 365.5 380.9 394.9 400.5 404 396.4 389.1 380.7 373 362.1 350.3 342.1 332.1 323.9 316.8 310.1 304.5 299.9 295.6
476.8 476.5 474 471.8 468.3 464.7 461 457.8 451.9 447 440.2 432.6 428.7 421.4 416.3 413.5 411.4 412.8 416.3 410.4 403.9 394.8 386.8 378.4 368.5 355.6 348.9 342.9 334.8 322.6 307.2 290.4 273.6 259.5 247.9 242.7 233.2 236.7 250 261.2 268.4 270.1 267.9 263.5 262.3 260.3 254.1 239.1 225.5 219.6 212.4 213.7 220.2 233.2 253.7 276.6 302 325 347.4 368.6 383.1 392.9 398.4 401 394 383.2 376.2 368.6 358.6 348.7 340.1 330.8 323.6 314.5 307.1 302.1 299.2 297.5
481.2 479 476 474.3 470.2 465 459 451.9 446.4 440 433.5 421.1 412.6 406.9 409 409.2 407 409.1 404.6 398.4 388.8 376.9 365.5 353.8 344.5 332.5 327.7 326.3 326.1 319.3 304.6 289.6 274.8 262.2 249.6 242.5 235.9 229 235.3 241.1 245.7 245.3 247.1 250.7 248 245.6 238.1 226.7 220.9 216.1 213.3 213.3 219.8 233 254.9 271.4 311.3 333.6 353.2 371.7 382.7 390 393.4 393.7 385.9 376.2 370.8 363.8 354.3 345.6 337.3 331 325.1 314.7 305.3 298.8 295 293.1
482 478 476.4 474.4 467.7 460.3 454.1 447.3 442.2 435.6 426.3 420.2 414.6 406.2 402.8 402.4 397.8 393.2 382.9 373.1 361.5 348.9 335 323.9 316.8 307.9 304.3 302.6 301.2 297.9 290.4 279.9 269 260.2 249.8 240.4 231.6 228.9 224.8 228.5 230.4 232.3 237.4 242.7 239.5 233.2 225.3 220.6 217.9 216.2 212.9 212.9 217 230.1 250.6 267.1 308.1 335.1 354.8 369.4 380.6 387 387.1 388.1 379.3 372.7 367 358.7 349.3 342.2 335.7 331.6 324.7 315.3 302.7 294.8 290.5 287.5
480.2 476.2 472.2 468.1 461 453.9 448.6 443.5 436.8 429.8 427 425.3 419.8 405.3 388 376.1 368.1 362 353.1 340.9 329.2 316.8 303.8 295.1 290.6 287.1 283.7 281.2 278.3 275.5 271.7 265.7 259.1 252.6 244.3 232.5 235.4 231.9 228.7 224 221.3 222.9 224 229.6 232.1 227 220 218.8 217.2 215.8 211.9 213.5 214.9 223.8 244.2 269.5 297.2 324.2 349.9 366 376.5 383.2 382.7 385.5 375.6 368.4 362.5 353.2 346.1 337.7 333.3 329.4 323.7 313.4 300.9 290.7 286.6 282.4
481.7 473.8 464 458.6 453.6 448.5 443.1 437.3 433.3 432.5 432.9 428.4 415.8 396.1 370.6 347 332.1 326.1 318.9 308.5 297.7 288 279.1 272.7 268.9 267 264.8 262.5 261.2 254.4 253.3 250.1 245.2 242.4 239.9 246.1 247.2 246.5 241.9 236.8 231.7 229.1 220.2 217 218.7 218.5 216.6 216 215.2 213.5 211.6 211.6 212.8 220.4 236.3 258.9 283.4 309.9 338.1 361.8 375.2 376.5 376.3 375.8 368.4 360.8 353.7 345.7 338.8 334.1 330 325.7 320 310.3 298.3 287 281.6 278.1
479.3 467.1 458.4 453 448.7 443.4 438.8 436.1 436.3 435.2 429.7 414.2 391.2 370.3 351.1 331.2 314.6 304 295.3 285.8 275.8 271.5 268.1 266.1 264.9 261.8 260.3 260.6 259.1 257.3 255.6 254.3 253.4 254.8 259.6 264.6 267.7 267.5 259.7 252.3 246.5 240.3 231.5 226.5 222.5 219.4 216.3 215.5 214.4 213.3 211.2 208.6 211.2 216.1 225.2 243.6 265.6 293.3 323.6 350.8 366.7 369.4 367.3 364.7 358.7 351.6 342.8 334.7 332.5 329.5 325.9 322 315.3 305.6 295.3 283.3 275.6 272.3
473 461.7 454.3 449.8 445.8 441.8 438.6 436.9 434.7 427.6 409.7 384.5 363.6 346 329.1 314.8 301.8 289.8 281.5 273.8 274.3 273.6 273.9 272.8 272.2 272.3 272.8 275.5 275.6 276.5 275 275 275 280.3 285.9 292.6 294.3 290.8 280.9 270.4 260.4 249.6 240.4 235.8 229.2 228 225.7 222.6 218.6 216.7 217.4 214.2 208.3 210.6 217.1 230.6 251.4 279.3 308 336 352.3 356.6 354.2 352.9 347 338.5 329.1 324.9 325.6 325.2 323.8 320.8 311.4 301.3 291 280.4 270.1 267.7
466.1 458.3 452.7 448.4 444.1 439.5 435 431.3 422.4 402.3 379.5 359.1 341.7 326.4 312.5 299.8 289 280.3 277.9 280.9 281.9 280.5 281 281.2 283.6 288.6 292.3 300.8 306.4 306.2 306.8 304.5 306.2 313.2 319.1 325 319.3 311.2 303.2 289.9 273.1 260.3 252 244.8 236.7 235.6 233.9 230.3 228.1 227.8 225.9 219.8 216 209.3 211.2 221 240.8 266.5 293.9 319.9 334.5 340.9 340.8 342.4 333.4 321.4 317.7 318.5 319.2 321 322.3 316.3 305.9 295.2 284.2 271.2 264.7 268.2
463.3 457.6 452.8 448.1 442.6 437.2 429 415.6 395.6 374.7 355.8 339.8 324.7 310.8 298.5 288.5 282.5 286.4 287.6 289.2 290.6 291.4 292 294.9 299.4 310.6 323.7 333.6 343.5 344.5 341.1 340.3 343.4 351.5 345.9 346.7 336.1 323.9 315 304.3 283.4 269.9 259.6 251.3 248.5 249.7 249.4 241.2 234.1 232.2 229.7 227.3 223.6 212.8 209.1 213 233 263.2 287.9 305.6 316.7 323.2 323.4 323.2 315.6 310.1 309.8 311.3 311.1 315.5 315 304.6 294.3 283.9 271.9 262.2 263.1 269
462.5 458.5 453.7 448 441.4 434.9 421.4 396.7 374.3 355 338.8 323.7 310.5 300.3 292 296.5 298.8 299.5 301.7 304.2 306 306.7 306.3 310.9 327.6 338.5 351.6 361.6 370.1 365.8 365.9 365.1 364.8 367.5 360.5 354.9 340.2 328.3 320.7 303.9 285.8 274.1 261.2 259.9 267.8 269.8 267 252.3 239.8 236.1 233.4 230.9 227.6 217.3 209.6 207.5 220.9 250.7 277 287.6 297.9 304.1 303.1 303.6 301.2 298.9 301.3 300.6 298.5 299.7 294.3 287.9 279.8 269.4 260.1 257 265.6 274.1
461.4 458.4 453.7 448 440 427.2 406.1 384.1 363.6 344.7 326.5 311.2 301.8 301.5 303.8 308.2 313.2 317.8 321.7 323.4 325.4 328.9 328.1 338.8 354.3 366.3 374.4 382.7 380.3 382.2 380.1 376 371.6 367.7 363.7 352.8 335.6 323.9 312.1 297.7 286.4 279.9 275.6 282.8 286.8 289.5 284.7 262.6 243.5 238.1 234.2 231 228 220.9 211.3 208.8 210 231.4 255.6 269.5 278.4 281.5 276.1 278.3 279.7 281.2 284.9 285.8 278.7 275.7 272.3 270.1 265.8 256 251.1 251.5 265.8 276.6
459.4 456.2 451.9 444 427.4 407.4 389 372.3 353.4 334.9 317.8 305.1 308.2 311.7 315.7 322.5 331.5 338.9 344.8 349.6 352.5 358.1 360.3 369.8 382 394.2 390.6 396.3 389.6 394.7 389.2 380.6 371.3 362.5 351.1 340.7 326.6 313.6 306.8 304.4 296.3 288.2 293.8 301.4 304.3 304.5 300.1 272.6 246.1 238.7 233.3 229 225.1 220.3 213.8 209.9 206.8 219.8 235.2 246.4 256.8 260.3 257.7 255.5 256.2 258 264.2 263.3 256.9 254.8 256.1 254.1 251 244.4 242.8 246.6 260.5 270.9
454.1 449.3 440.4 425.1 404.7 386.5 372.3 357.9 341.2 323.7 311.4 314.2 322.3 328.1 333.8 343.3 352.7 363.5 371.3 374.4 376.3 385.3 384.4 392.9 402.8 401.9 405.6 399.9 397.5 399.3 395.2 379.2 364.8 351 340.8 331.6 322.8 320.1 322.5 325.5 311.2 305.1 313.3 319.3 322.4 320 311.3 280.3 251.3 241.5 233.9 228.2 223.1 219.9 216.6 213 209.2 209.8 220.2 229.1 239 241.5 240.3 236.4 236.5 238.8 241.2 243.1 238.9 237.4 236.5 236 234.9 234.1 235.2 240 248.4 260.1
444.5 435.6 420.5 402.7 386.5 372 358.2 343 328.3 316 311.2 330.2 341.1 347.4 357.3 369.1 379 388.9 392.1 395.6 395.5 404.2 403.8 411.1 412.2 409.8 405.8 403.1 403.6 402.2 394.9 376.8 357.5 345.8 341.9 340.4 337.8 337.4 341.8 341.3 328 327.8 333.3 336.9 338.7 336.7 322.9 288 260.8 251.8 240.3 230.9 225.8 222.3 220.5 217.7 212.8 203.9 211.8 217.2 225.1 226.4 226.5 224 224.3 226.8 227.6 228.7 226.9 225.1 223.2 224.1 226.3 226.3 228.5 233.9 238.9 247.7
434.9 420.3 403.4 388.7 373.9 359.4 345 330.8 317.5 320.2 333.4 349.1 360.2 371.3 385 390.7 400 407.5 411.6 414 415.7 415.1 414.4 418.8 414.6 411.1 408.8 406.1 404.5 402.6 393.8 372.3 353.4 348.4 355.2 359.1 358.2 359 362.6 359.9 350.4 348.9 353.2 354.3 357.1 351.1 331 297.3 271.5 263.4 252 239 230.9 226.6 223.8 221.2 218.3 205.3 207.3 208.4 209.7 211.5 212.9 215.6 217.6 216.8 218.8 220.3 218.9 217 214.7 217.1 219.4 219.6 223.1 227.6 230.5 235.5
423.2 407.6 392.5 377.3 362.1 347.8 335.8 326.5 330.9 342.3 357.8 370.9 383.7 389.9 400.6 404.5 417.1 424.7 427 427.5 422.8 421.6 423 421.2 418.2 414.6 411.6 408.9 405.9 401.5 387.6 365.1 355.5 363 370.4 375.1 375.1 377.5 381.7 378.5 369.5 368 369.6 368.9 370.4 366.1 348.6 312.4 283.5 275.3 262.8 246.9 236.8 231.3 227.9 225.3 223.3 223.5 209.5 202.1 203.3 207.1 206.6 206.7 207.7 209 212.7 210.7 211.2 210 209.5 211.7 212.4 213.9 217.7 221.6 223.8 226.9
411.7 397 382 366.8 352 338.4 331.3 344.8 356.1 376.7 384.3 394.2 397.3 410.1 414 420.7 429.2 435.3 436.9 433.9 430.5 430.2 428.3 425.4 422.5 419.3 415.8 410.8 405.2 396.2 378 363.7 365.8 376 385 388.4 389.3 393.4 397.6 393.5 385.1 382.1 381.4 380.2 382.7 380.6 364.1 327 295 286.4 273.5 255.5 241.6 235.9 232.3 229.5 227.4 226.5 225.5 219.3 214.4 205.3 202.6 203.8 203.8 203.5 203.8 203.5 202.9 201.5 202.7 204 206.3 208.2 211.4 216.4 218.9 219.7
400.9 386 371.2 356.6 342 344.1 353.9 367.3 387 394.1 398.6 400.9 412.4 422.3 427.3 433 440.8 445.2 445.1 441.4 437.4 436.1 432.7 429.1 426.4 422.7 417 409.6 401.8 387.9 372.8 372.2 380.1 390.5 397.8 400.3 403.7 407.9 408.7 405.1 399 393.9 392 389.7 391.5 390.3 373.2 340.9 309.6 303.2 286.4 265.2 247.1 240.9 237.4 233.8 231.2 229 227.1 224.2 222.3 219.2 212.6 204.8 200.3 201.6 201.7 201.1 201 201.1 199.9 200.9 201.6 203.5 206.5 212.3 213.9 214.6
389.7 374.6 360.5 346.8 351.1 362.8 373 388.5 396.3 403.9 406.2 412.3 426.5 432.6 436.4 446.9 448.8 450.6 451.3 447.5 444.2 440.7 436.9 433.3 428.4 422.7 416.1 407.5 395.4 381.8 377.1 383.9 394.2 402.7 408.1 410.2 413.5 416.6 416.9 415.3 409.9 404.3 403 400.5 399.8 396.1 384.2 357.4 325.4 319.9 302.8 275.9 255.2 245.1 241.7 237 233.8 231.6 230.1 229.7 226.4 223.9 226 212.8 205.4 204.3 202.8 201.8 201.6 201 200.3 198.8 200 200.8 201.5 206.3 208.7 209.5
380 366.3 357.7 348.6 364.7 376.1 388.6 397.9 407.6 412 422.5 427.8 434.3 440.1 446.4 451.3 453.2 456.2 456 453.4 447.4 443.9 440.4 436.2 429.6 422.5 415.5 404.5 391 382.8 389.2 398.6 408.4 413.9 416.9 417.7 421.3 424.7 425.8 424.8 419.3 414 412.2 409.2 407.2 401.2 390.7 371.2 344.3 335.4 323.7 291.5 265.6 251.6 244.9 240.1 237.3 234.9 234 232.5 228.9 227 228.3 224.4 215.6 212.4 207.4 203.4 201.8 200.7 200.4 197.2 200.1 199.4 199.2 200.3 201 202.7
374.3 366.7 358.9 359.6 376 385.6 396.6 409.5 417.7 425.5 433.6 438.2 442.5 448.4 454.1 456.9 458.4 459.3 459.8 456.4 450.1 446.6 443 438.3 431.6 423.3 414 400.1 392 396.4 403.7 413.5 420 423.9 424.2 424.8 428.9 432.6 433.4 433.1 428.6 424.2 420.8 416.8 412.7 404.4 393.3 376.5 351.7 345.9 335.8 307.1 279.2 260 248.6 243.5 241.8 239.8 238.4 234.9 231.1 230.2 231.7 230.8 227.1 222.5 218.4 211 209.2 205.1 205 203.3 196.7 199.3 199.2 197.7 198.3 198.3
381 373.4 362.2 379 387.1 395.7 412.1 420.3 430.1 438.8 443.7 445.3 450.5 456.5 460.2 461.6 462.7 463.5 462.9 458.1 453.8 449.6 445.2 439.8 432.9 424.8 414.4 402.8 403.3 409.5 416.3 424.3 428.5 430.5 429.9 431.7 436.2 439.8 440 442.6 437.5 431.1 427.1 422.8 418 407 394.4 376.7 356 351.8 339 315.7 289.2 267.1 253 249.7 247.6 245.7 243 238.8 235.1 234.2 235.5 235.3 231.9 228.3 226.5 224.6 220.6 213.7 212 211.2 202.1 196.5 198.6 197 197.7 196.7
381.3 368 381.4 388.1 395.8 408 421.4 431.8 441.4 447.5 450.1 452.1 457.9 463.5 464.6 465.4 466.1 466.8 464.1 460.1 456.6 452.8 447.7 442 435.3 427.1 416.9 409.1 412.8 420 426.6 431.9 434.3 434.8 436 438.9 449.9 445.6 447.5 450.5 442.8 436.7 431.5 425.1 417 405.1 390.1 372.2 360.5 352.2 335.7 315.5 289.1 271.6 264.5 259.4 255.5 251.8 248.6 245.6 242 242.3 241.3 239.9 236.6 234 233 232 226.7 220.7 218.9 213.9 204.1 201.3 198.3 198.2 196.7 196.9
378.2 379.7 391 397.1 405.7 420.8 432.9 442.7 449.3 452.7 456 460.4 465 468.5 468.6 468.7 469.3 468.6 464.5 460.5 456.6 453.4 449.2 444 437.8 429.6 420.8 416.9 422.3 428.9 434.3 437.8 438.9 440 441.7 445.2 453.9 450.4 453.6 455.2 450 443.4 436.6 429.2 419.5 406.1 389.3 373 363.1 350.7 333.7 316.4 298.6 286.8 279.7 274.5 270.3 264.1 262.4 260 258.4 253.5 248.9 245.9 243.2 241 240.9 238.3 232.3 224.6 218.4 208.2 203.9 202.1 201.1 198.5 197.2 196.6
380.8 390.2 399.9 408.2 418.3 432.8 443.3 450.1 454 458.6 465.7 469.8 472 472.9 472.1 471.1 470.5 468.4 464.2 459.8 455.5 452.3 448.1 443.4 438.7 432.3 426.1 425.3 430.3 434.9 438.6 441 442.5 444.1 445.1 453.2 454.2 453.1 459.7 461.3 457.1 448.9 441.5 433.7 424.6 407.5 389.8 374.4 365.5 355.7 339.3 325 314.1 304 296.2 290.6 286.2 279.5 278.9 275.4 270.5 263.2 258.3 257.4 253 250.7 245.6 239.1 232.5 224.6 213.1 207.2 207 204 202.4 200.3 198.5 196.2
389.3 399.5 408.5 417.7 428 440.1 448.2 453.8 459.8 467.7 474 476.9 477.1 476.4 474.7 472.7 469.8 466.1 462 458.2 454.3 450.6 446 441.3 437.9 433.3 429.9 430.8 435.3 438.5 440.7 443.2 445.3 446.5 447.6 457.5 453.9 460 466.2 466.6 460.7 452 446 436.9 424.6 405.6 389 375.3 368.8 357.8 341.2 328.6 317.8 313.2 308.1 299 292 288.8 283.3 279 273 268.6 267.1 269 259.9 255.2 247.3 237.8 227.3 217.1 210.7 211.6 212.4 209 206.2 204.2 199.3 196
