Game/Highland_Data/StreamingAssets/GeoData/Data/sn/SN88.asc
ncols 200
nrows 200
xllcorner 280000
yllcorner 280000
cellsize 50
[rows 105 to 139 of 200, columns 0 to 77 of 200]
473.6 487.6 504 519.4 529.2 534.9 540.5 531.4 521.4 509.5 491.6 485.3 478.8 468 457 450.6 443.6 434.9 424.7 417.8 413.1 410.1 410.5 411 413.5 415.6 419.1 418.9 419.6 422.7 434.1 438.3 444 449.7 454.2 459.3 460 456.1 452.7 448.3 443.3 435.8 423.5 412.8 402.5 394.9 387.2 376.4 368 364.5 365.1 385.5 406.3 425.1 436.8 448.5 451 448.1 441 425.3 414.6 403.1 393.5 393.6 409.3 425.6 440 458.8 473.7 481.8 492.2 497.5 500.5 500.7 504.9 510.5 512.5 509.7
470.8 486 505 524 536.5 540.8 538.8 537.5 525.5 517.5 507.7 498.3 489.6 481.1 467.6 461.5 451.4 441.4 427.5 419.2 414.5 410.6 408 408.9 409.5 410.2 410.9 411.5 412.7 413.5 416.3 420.2 428.6 433.6 445.1 449.6 448.8 446.8 446.6 443.5 440.9 434.7 422.3 410.3 399.1 388.7 380 373.1 367.9 362.8 370.5 389.1 411.2 430.6 443.2 452.9 456.3 452.6 444.5 438.3 424.4 406.4 393.8 393.3 403.5 421.4 442.3 461.3 469.7 475.3 479.8 484.5 494.6 498.6 506.2 513.7 516.1 511.7
469.2 487 506.8 528.3 537.1 538.5 537.8 539.4 531 524.1 514.5 504.1 497.3 486.4 477.1 465.4 452.4 443.5 429.3 421.9 417.4 411.6 410.9 407.4 407.5 407.7 407.8 402.4 404.1 405.5 407.5 406.5 409.4 415 427.5 434.5 437.1 437.9 440 437.9 436.4 433.4 424.6 413.9 405.6 394.1 383.6 376.2 369.4 361.9 368.4 389.6 409.9 430.2 444.6 454.5 460.3 455.2 451.9 445.8 431.5 414 393.1 385.6 398.8 413 435.6 455.4 460 462.2 461.9 464.3 476.8 494.1 507.5 516.3 516.8 513.2
471.3 491.2 516.4 529.3 537.3 538.8 538.5 540.3 536.1 527.4 519.1 511 500.7 490.1 478.6 463.1 452.7 442.9 429.8 424.4 420.3 416.9 411.7 410.7 408.3 409.3 412.8 409.4 401.4 396.9 398.3 395.5 398 404.8 413.6 420.7 423.7 427.4 430 430.2 431.8 431 427 418 409.3 401.1 393.4 383.1 372.9 360.9 366.9 386 406.4 428.7 443.3 455 459.9 456.3 455.8 449.1 430.6 413.6 393.4 382.2 392.1 403.5 424.5 443.4 448.2 445 441.4 440.6 461.9 486.9 505.4 517.5 517.8 516.1
475.9 498 518.9 524.7 534.1 536.7 538.6 542.9 538.1 530.2 523.5 513.8 503.4 490.7 477.6 461.8 450.5 444.2 437.3 428.8 428.7 422 418.8 417.7 421.7 425.1 428.8 423.9 416.3 410.5 396.1 395.2 390.1 391.5 399.7 406.6 411.2 417.1 418.5 422.9 424.6 426.3 422.1 420.5 414.9 406.7 396.4 385 370.9 364.7 362.5 379.9 401.9 425 437.9 448.4 456 456.3 456.8 445.7 424.6 407.5 396.1 380.3 386.9 394.6 414.5 430.5 432.5 426 420.6 436.2 461.9 486.1 507.3 518.1 520.6 521.1
479.8 507.5 516.8 528.1 529.8 535.5 539.7 542.1 535.8 533.6 524 513.9 502.3 491.4 477.1 464.6 460.4 448.5 438.8 441.2 439.2 437.7 427.8 430.2 436.7 442.3 442.6 438.8 431.9 414.3 418.2 403.6 402.7 393.6 382.1 390.9 396.5 402.5 404.2 413.8 417.1 418.3 420 421.1 416 408.7 397.6 386.4 373.7 363.8 360.9 374.9 395.1 413.7 427.9 440.7 449.7 452.3 451 432.5 412.4 398.1 386.6 377.9 382.7 387.8 406.2 417.6 415.1 409.5 410.7 436.2 459.9 480.4 506.9 520.2 525.8 526.7
481.9 511.4 520.3 523.9 524.2 532.3 537.8 539.8 533.5 529.2 522.9 511.1 499.3 489 479.3 472.3 463.1 449.7 454.1 452.9 452.8 452.9 440.7 449.2 454.5 454.8 453.6 442.5 441.3 438.3 426.3 413.2 411.2 403.4 389.8 376.9 385.7 391.6 397 401.1 407.4 409.4 414.2 414.3 410.9 404.5 395.7 383.3 372 363.7 358.7 370.1 386.5 403.7 420.6 432.9 442.2 444.3 437.5 417.3 398.3 384 379.4 374.2 378 382.7 398.1 402.3 399.3 393.7 410.4 428.5 449.4 468.5 494.9 519.2 529.3 533.6
485.9 511.3 512.5 513.3 512.3 524.7 527.5 533.5 530.1 529.1 523.2 511.3 500.6 493.1 485.4 476.7 471.2 460.7 465.4 466.8 465.9 466.7 462.2 463.4 466.8 464.9 458 456 448.7 438.2 428.2 413.9 411.5 404.1 397.9 380.2 373.7 383.5 387 389.2 394.6 399.1 404.5 404.7 402.8 397.3 389.7 379.9 370.3 363.8 358.3 365.3 382.2 398.6 414.7 426.2 433.5 435.9 422.3 401.4 384.6 374.7 368.2 368.3 371 376.2 387.8 385 387.2 395.3 402 412 432.5 455.2 483.4 513 532.4 538.2
485.9 492 495.3 496 495.7 511 518.6 527.9 530 528 524 511.8 505 497.6 490.5 483.3 477.3 469.1 475.3 475.8 477 475.7 472.4 473.5 472.6 466.5 462.5 457 451.4 443.5 426.1 416.2 409.3 402.4 393.4 378.9 372.9 377.6 379 378.5 381.1 384.4 384.8 388.5 388.6 386.9 382.8 375.8 369.4 364.8 356.8 363 377 393.9 407.8 417.8 423.3 423.5 407.5 387.4 371.5 365.7 366.9 373.6 379 379.8 379.5 385.9 396.2 410 423.1 432.4 440.2 450.6 479.7 511.1 536.2 542.4
480.7 469.3 472.4 472.5 479.2 495 509.7 521.3 526.5 526.3 524.4 515.4 509.4 500.7 493.9 487.5 480 478.5 481.6 482.4 485.8 481.5 479.8 483.5 476.7 466.6 468.2 466.1 460 444.9 436 420.4 412.4 405 396.2 387.5 383.2 370.7 369.4 368.2 368.2 371.4 368.6 372.2 377.6 377.9 374.3 370.6 368.7 362.5 354.8 362.1 374.4 388.5 401.9 410.3 414.3 410.7 393.9 371.4 363.8 365.7 373.1 383.4 395.8 399.6 395.6 406 421.6 437.7 449.4 458.2 467 479.7 495.4 518.9 539.4 542.6
464.6 451.6 454.8 458.5 467.8 491.9 508.2 517.8 521.7 518.7 521 516.1 508.3 500.8 495.1 486.9 485.1 485 484.4 491.3 491.3 486.1 486 485.9 477.6 476.5 480.5 474.1 462.6 460.9 449.2 432.3 422.2 412.7 399.2 390.8 382 375.8 380.1 377 371.5 368.5 366.2 363.6 362.6 365.8 363.9 363.9 364 357.8 356.6 363.7 373 383.3 396.2 403.9 407.4 401 381.8 364.7 361.3 365.6 380.6 397.6 414.3 424 421.3 431.2 448.3 463.6 475.7 486.4 499.3 511.3 523.1 536 544.4 543.3
445.7 440.1 445 449.4 463 487.8 501.5 500.3 509.1 503.8 512.2 509.4 496.3 497.4 492.4 485.9 486.3 483.4 483.2 499.1 492.1 489.1 488.1 486.7 485.4 488.3 483.3 481.7 477.3 470.3 456 438.5 431 410.4 396.2 388.9 387.5 395.8 399.7 396.8 388.4 381.3 377.2 376.7 371.2 363.9 358.9 355.6 356.7 353.1 356.1 364 370.7 379.6 391.3 399.1 401.4 393.9 373.8 361.7 359.9 374.4 390.7 410.9 433.7 449.8 452.6 460.8 475.2 488.5 498.8 511.9 520.8 527.7 535.5 543.8 544.1 540.4
426.9 430.9 433.4 440.2 453 479.4 484.4 483.8 480.3 481.1 499.2 493.3 485.1 492.9 486.6 481.8 483.3 479.5 487.4 499.4 494.1 496.9 497.2 491.2 491 493.6 491.6 487.9 486.5 475.2 459.3 446.2 428.9 410.7 407.3 396.9 406.1 416.3 417.4 409.9 403.5 398.3 392.5 391.7 385.6 376.8 367.8 362.6 358.7 352.6 356.3 361.7 368 376.8 387.6 392.2 396.2 386.5 369.3 358.8 364.1 379.8 398.5 421.9 449.4 471.6 482 491.1 502.8 510 513.9 520.9 528.8 532.1 534.5 540.1 539.6 534.6
415.4 421.6 424.4 428.1 439.6 459.4 457 456 452.4 466.1 478.3 475.3 469.1 482.6 476.7 473.4 475.5 473.9 491.8 496.3 501.1 503 500.9 493 499.3 495.8 497.9 498.9 495.9 479.6 461.8 445.6 438.1 436.2 421.5 417.5 422.5 433 429.2 417.3 410.5 405.9 403.7 401 392 383.3 375.5 365.9 362.1 354.9 357.1 359.5 365.1 372.5 383.6 391.6 390.2 382 366.4 357.2 365.6 381.7 403 428.6 459.5 486.2 500.6 514.9 517.6 518 521.5 523.3 527.9 531 532.4 532.5 531.7 527.1
411.7 413.7 414.4 417.5 427.6 440.1 435.3 433.9 431.2 447.4 460.1 457.9 456.8 465.4 461 461 466.7 471.9 484.9 489.7 506.5 503.8 500.8 494.9 498.6 499.5 504.8 506.7 502.2 489.2 467.9 453.9 458.1 452.8 444.1 433.9 433.2 441.8 434 423.3 410.8 407.8 407.9 401.6 391.9 385.3 377.2 367.7 364.9 355.9 357.7 358.7 364.7 372.8 381.7 385 384 375.2 364.6 354.8 364.3 381.1 404.1 431.1 463 494.2 510.7 518.4 517.6 516.2 516.1 516.8 519.6 521.6 524 523.7 523.9 521.1
406.1 402.6 402.3 409.6 417.5 417.8 417.1 415.8 416.3 430.7 442.7 439 444.3 448.2 448.2 452.4 460.5 470.5 475.7 499.8 510.3 502.1 499.8 494.9 501 502.6 510.3 514.1 511.1 499.8 475.6 469.4 473.9 459.9 456 448 445.5 449.3 437.9 426.8 413.3 406.9 403.5 395.9 389.7 384.3 374.8 367.1 364.4 359.7 354.9 359.1 364.1 368.9 375.5 378 376.7 373 364.2 352.9 362.7 378.9 399.8 427.3 459.4 492.3 509 510 509.1 512 510.6 509.5 504.1 506.2 511.3 515.4 515.9 511.6
418.2 415.1 408.7 398.8 403.9 403.5 404.9 402.4 407.3 415.6 423.8 423.8 432.8 440.4 438.4 445.2 451.5 461.4 479.4 500.7 510.7 499.6 497.2 494.9 500.8 502.1 514.9 520.7 518.9 503.6 490.2 485.1 479.9 477.7 465.7 461.2 458.2 452.7 444.8 429.8 411 402.2 396.7 388.7 384.6 378.7 372.3 364.2 359.2 355.9 351.3 360.2 361 362.3 367 371.1 371.8 370.3 363.6 353.8 357.4 374 392.9 418 445 470 484 491.2 493.2 496.2 496.5 491.2 481.7 482.1 492.1 503.9 507.2 505.7
432.3 424.5 415.9 408.1 404.3 400.5 394.8 392.8 400 405.2 410.7 417.2 424.9 431.2 427.2 435 446.7 457.4 477.2 500.3 509.7 498.3 496.6 491.6 498.5 504.4 517.5 525.1 525.5 510.4 506.2 495.5 492 485.8 476.8 471.1 465.6 454 443.8 422.2 400.9 393.2 385 377.6 376 371.4 368.1 359.4 355.4 352.9 356.7 357.4 356.7 356.8 362.1 365.4 365.5 365.8 362.5 352.8 356.7 369.3 382.9 403.9 421.9 441.6 452.5 460 467.7 473 474.4 469.3 457.4 458.9 471.3 489.3 496.6 496.1
457.2 445.5 430.3 415.8 414.3 410.7 404.3 395.9 393.7 398.1 402.7 410.1 416.9 422.7 418.2 430.9 436.6 453.3 474 499.3 502.5 490.2 485.5 488.8 494 503.7 517.7 529.7 529.9 513.7 512.3 500.5 500 495.2 483.6 475.6 468 453.7 437.2 417.6 397.8 390.2 380 373.7 371.8 370.3 365.5 361.6 360 358.2 352.6 347.4 349.5 351.5 356.3 359.2 359.9 360.5 359.6 352.3 355.9 363 371.4 387.4 399.5 412.5 422.5 428.4 439 446.7 449.7 442.5 432.7 434.5 454.7 474.9 481.5 484.4
479.3 469 454.8 442.9 432.8 421 413.8 408 392.2 392 397.6 399.7 404.3 409.2 419.5 422 435.1 450.8 471 494.8 488.4 474.3 476 481.2 485.7 500.5 518.6 533.3 530.9 516.9 515.3 506.1 505 500.2 486 478.2 470.8 452.3 432.2 412 393.9 383.8 377.3 376.9 378.6 378.8 375.2 366.4 364 360.3 359.7 354.8 348.3 345 348.2 351 353.7 354.6 354.5 346.5 353.1 354.6 358.5 367.6 378.7 387.5 394.9 403.4 411.3 418.6 420.8 418.1 408 417 438.2 458.7 464 471.4
492.8 482.4 473.7 465.4 455.7 437.6 423.5 412.4 400.3 392.8 385.5 390.5 395.2 401.7 407 417.6 433.5 448.7 470 481.3 469.9 461.6 463.3 465.7 479.1 496.3 520 537.1 529.3 522.9 512.7 507.2 508.2 500.4 485.8 479.8 469.5 446.4 424 402.4 386.6 386.6 390.7 391.2 396.2 395.8 389.5 376 370.4 367.3 363.3 356 351.6 351.7 350.1 346.6 342.1 346.3 347.3 344.3 347.8 348.2 347 350.5 355.9 362.4 370.7 378.5 385.6 394.1 396.7 395 384.1 401.1 417.1 434.1 442.7 454.5
495.4 484.8 480.3 478.8 471.6 453.1 432.3 420.4 409.7 399.6 390.8 383.6 385.3 393.6 404.9 415.9 429.7 442.5 456 460.4 447 442.1 446.4 448.8 469.7 490.7 517.3 538.6 526.6 519.4 509.3 505.7 501.2 494.5 483.9 479.9 466 437.4 413.7 396 396.4 401.4 409.2 415.9 419.2 416.7 405.2 387.7 381.6 372.7 362.9 356.4 358.4 354.9 353.3 350.8 346.9 343.3 340.7 342 342.1 341 339.2 341.4 342.3 344.1 349.5 355.1 363.2 371 374.7 376.6 369.4 383.5 395.5 407.5 423 432.8
497.6 486.5 489.2 483.5 471.6 459.3 446.2 432 417.2 404.3 392.7 392 382.4 386.2 398.9 410.2 420.2 430.4 436 438.2 423.4 425.9 432 445.5 461 481.4 511.2 536.3 525.5 515 504.7 499.6 495.4 491.1 483.5 481.1 465.2 438.4 412.3 407.1 416.9 421.2 432.8 442.3 444.2 436.9 421 400.5 381.7 373.7 366.7 368.8 366 362.5 359 354.5 349.1 347 345.2 343.4 342.2 343.7 343.1 342.2 340.2 336.5 339.2 340.9 345.7 350.3 354.1 358.2 358.5 366.2 375.4 383.9 398.5 411.2
491.6 489.3 488.3 478.8 470.1 464 449.8 433 416.1 402.7 392.9 390.4 389.9 380.5 387.1 400.4 408.9 416.8 418.3 417.2 405.2 414.7 426.5 440.7 453.1 475.6 509.3 532 518.6 501.9 493.2 489.1 486.8 484.9 480.7 479.1 466.3 439.4 421.3 430.2 440.3 449 458.8 469.7 467.5 452.9 427.7 399.5 388.1 391 389.2 388.6 382.8 381.2 374.1 366.5 357 355.2 352.9 352.1 354 356.9 353.4 351 346.2 342.2 337.5 335.7 336.4 336.8 341.4 344.1 348.1 352.3 359.5 368.3 378.5 394.3
489.7 486.4 480.4 472.5 467.1 460.4 443.8 425.6 409.1 399.2 400.2 398.2 396.7 392.5 383.3 391.4 399.1 403.3 403.3 400.5 394.4 409.3 422.9 435.4 447 470.1 505.3 524.5 507.5 487.6 481.6 474.2 475.9 476.1 478.4 480.6 476.1 455.3 450.3 455.7 466.4 478.8 485.3 489.2 480.2 457.6 427 399 411.2 419.8 419.5 415 410 405.3 396.9 387.2 380.6 375.7 373.6 372.2 373.4 371.8 365.1 359.3 353.5 349.4 343.4 339.2 336.2 334 332 334.2 340 342 347.7 352.7 363.7 376.6
486.7 477.5 472 463.6 460 450.3 434.8 411.3 411.4 418.1 412.2 408.9 403.2 395.4 388.8 375.2 389.7 395.5 393.3 385.7 392.8 405.5 418 427.1 437.3 462.1 496.9 512.6 494.4 473.5 463.9 456.1 463.9 468.4 478.4 486.4 487.5 477.7 477.3 482.2 492.9 499.9 502.9 501.9 485.7 462.7 436.5 419.2 436 447.5 450.8 449.3 443.2 434.1 424.7 415.8 409.6 404.9 403.8 402.3 400.8 392.4 382.9 376.7 372.9 365.8 357 345.9 342 337.9 335.4 333.7 332.2 335.3 339.3 342.9 350.1 360.1
475.4 469.7 464.6 461.5 451.3 455.6 450 442.6 435.4 427.6 424.5 419.2 409.7 398.9 393.3 390 374.5 384.9 383 381.2 391.5 401.9 412.1 414.6 426.9 450.6 483.5 489.4 475.9 456.7 446.9 440.5 453 463.5 479.9 492.7 497.7 494.7 498.2 502.6 513.4 512.7 515.1 511 496.4 476.7 451.5 445.2 458.9 469.2 472 469.1 466.5 463.9 457.5 451 446.6 444 438.3 431.9 426.1 415.4 406.8 394.1 390.5 378.5 369.9 358.4 350.7 342.7 340.6 338.4 332.1 331.8 335 336.5 340 346.2
470.4 468.5 467 464.4 461.4 470.5 468 453.9 448.8 438.7 436.8 430.8 418.2 405.5 402.7 398.2 388.9 370.9 372.6 376.7 388 396.7 401.6 405.5 415.8 436.6 459.5 461.3 452.2 437 427.2 430.6 443.4 456.7 479.1 499.2 504.6 505.3 511.5 517.3 524.6 521.9 521.9 519.9 510.4 496.2 481 472.9 480.3 483.7 483.3 478.6 477.5 477.8 473.5 473.4 469.1 463.9 456.3 450.5 444.3 435.1 422.9 410.5 398.9 388.7 376.8 366.9 359.3 350.7 344.8 339.2 335.3 330.9 330.1 331 331.2 336.2
471.5 470.4 468.6 465.7 469.9 481.4 475.5 461.5 453.1 450.9 451.4 447.4 429.7 421.9 415 405.9 393.2 387.4 380.8 374.3 371.1 385.9 391.6 396.3 404.9 417.8 436.6 433.5 428.2 414.4 407.7 423.2 439.3 452.6 476.6 496.1 503.8 511.1 522.6 534.3 529.7 528.7 528 524.4 520 509.4 499.2 492.8 491.7 493.2 489.4 483.6 483.4 482.7 482.9 479.2 474.4 470.4 463.4 462.8 454.1 446.5 436.3 421.7 403.5 391.8 379.1 371.7 364.8 356.1 348.8 340.7 334.7 333.8 332.2 331.6 330.1 324.1
474.1 473.1 471.8 471.1 476.9 483.5 475.3 463.3 462.6 466.3 465.3 453.2 442.7 435.6 426.3 413.5 401.6 390.5 384.8 381.2 370.4 371.7 381 386.6 392.4 401.1 408.9 408.7 407.4 402.6 400.2 416.4 430.1 445.8 464 485.6 496.4 511.8 524.2 533.5 532.8 532 529.5 528.7 524.9 515.7 506.3 501 499 496.7 487.2 484.6 484.1 483.2 479.6 476 471.6 467.5 465.7 463.5 457.5 448.6 434.8 420.3 405.7 391.7 380.4 375.9 368.5 358.3 347.1 345.6 341.1 339.7 335.3 333 330.9 326.1
477.8 475.9 474.1 474.2 480.8 487.4 473.2 472.1 473.3 473.1 467.9 457.6 452.7 447.8 434 420.1 407.2 394.4 387.3 383.7 380 371.2 367.9 375.8 380.2 385.2 389.1 391.7 394.1 391.7 395.9 408.3 417.7 436 451.2 468.6 480.1 496.3 517.9 523.5 532.3 535.3 531.4 530 523.6 516.2 509.3 502.7 500.4 492.8 485.7 481.2 477.2 474.4 469.4 466.2 461.3 457.4 457.8 458.6 451.2 442.3 429.7 414.1 399.5 390.9 380.4 376.8 365.4 362.6 363.6 356.4 349.3 343.9 339 334.3 331.5 328.7
480.1 477.2 477.4 477.1 486.9 493 478.2 480.4 476.6 476.7 469.5 461.2 460 454.6 442.4 427.7 411.3 397.7 388 381.9 374.5 370 365.6 365.5 369.3 371.6 373.4 379 380.7 382 386.2 396 405 421.3 432.4 444.9 457 472.6 490.1 509.3 529.5 534.3 529.7 527 523.1 517.3 511.4 502.7 495.7 484.9 480.1 473.8 465.9 459.6 453.4 448.5 444.6 441.3 443.8 448.4 442 432.1 419.6 403.8 399.2 389.4 377.5 372 375.4 378.8 377.3 369.4 356 351.2 347.4 340.1 334.9 331.4
483 480.9 480.5 483.2 493.8 493.8 489.6 485.5 479.4 477.2 467 463.2 461.9 451.8 440.8 426.6 412.9 396.1 382.2 379.5 379.5 379.4 376.5 365.3 362 362.8 365.1 368.3 369.9 369.8 378.8 382.1 390.6 399.9 413.2 421.9 434 449.2 464 491.4 517.2 529 526.1 526.5 523 517.7 509.5 501.1 491.6 481.5 476.2 464.3 450.6 448.9 445.3 435.9 432.3 421.2 420.7 430.1 430.7 422.7 408.9 396.9 393.2 380.9 384.5 390.1 394 389.5 383.8 377.2 366.5 358.7 356.8 349.5 342.4 337.6
486.2 490.8 489.5 492.7 500.6 497.7 494.2 488.8 477.8 475.4 462.4 458 453 435.4 420.1 408.5 402.1 393.8 391.8 390.6 385.5 382.5 379.2 375.2 370.4 359.8 360.9 362.1 363.2 363.1 366.6 370.7 375.7 382.4 391.7 399.4 414.3 428.3 445.9 468 498 515.5 522 527.4 523.3 519 511.1 499.4 488.1 476.7 464.6 458.1 463 464.4 463 454.9 447.3 434.9 426.1 415.1 415.1 406.5 399.4 390 389.5 393.6 399.9 402.5 403.8 396.5 390.1 379.2 370.8 363.3 359.5 353.3 346.4 339.1
492.9 499.7 498.6 499.9 508.5 501.2 494.9 481.3 473.3 468 459.7 450.2 441.2 444.9 442.9 432.3 426 410.5 395.8 397 392.4 387.1 383.9 380.4 377 373.5 368.4 358 358 359.5 360.5 361.2 364.8 369.8 374.6 382.8 396 409.7 428.1 453.8 478.7 500.3 510.3 526.3 525.7 521.9 514.1 503.6 491.2 478.9 469.3 467.6 473.4 478.9 480.6 478.2 468.1 455.8 440.5 424.5 407.6 394.1 392.9 402.6 410.2 409.4 409.4 411.6 406.6 399.5 390.7 378.2 371.1 364.6 358.9 352.1 345.3 338
