Game/Highland_Data/StreamingAssets/GeoData/Data/sn/SN90.asc
ncols 200
nrows 200
xllcorner 290000
yllcorner 200000
cellsize 50
[rows 70 to 104 of 200, columns 0 to 77 of 200]
208 213.3 220.2 225.2 227.2 228.2 229.7 231.6 232.6 235.5 238.7 240.6 240.8 240.5 240.1 239.5 238.2 236.4 233 228.6 224.8 222.8 220.5 218.1 217.2 216.8 216.5 216.1 214.7 213.9 212.5 211.8 210.9 211.6 209.5 209.1 210.1 209.8 209.8 210.7 210.7 207.1 201 203.4 204.8 204.7 200.9 199.3 197.1 195 198.7 202.5 207.4 210 210.7 211.6 211.1 210 209.9 209.4 209.3 209.7 210.5 210.4 214.1 212 213.3 213.9 210.9 210 209.2 208.8 208.8 208.6 209.3 210.1 210.2 205.8
214.4 222.2 228.1 231.3 234.1 237.2 239.2 240.6 241.8 243 243.2 242.7 242 241.8 241.4 241 240 237.5 234.5 231 227.2 221.8 218.3 217.5 217.5 217 216.8 217.1 217.2 216.6 216.6 216.3 215.3 215.8 215.2 213.9 211.4 210.4 210.4 208 206.7 204.1 200.9 203.7 206.2 204.8 204 196 198.1 193 203.1 206.7 208.4 210.3 211.1 212.2 212.1 210.3 209.9 209.5 210.4 211.3 211.2 211.2 211 213.9 213.8 213.1 209.4 209.3 209.6 209.2 209.3 209.2 209.8 210.7 212.4 211.9
219.4 229.7 233.2 236.2 238.6 240.8 242.5 243.6 243.8 242.9 241.1 239 239.3 241 242.9 241.9 242.1 240.2 236.9 232.9 228.9 223.3 219.2 219.2 219.5 219.8 219.5 218.9 217.7 216.1 216.8 217.3 218.2 217.6 217 214.3 207.8 208.5 207.2 204.1 201.6 199.2 202.5 205.7 207.1 207.3 205.5 205.3 204.3 198.8 204.6 206.9 208.8 210.2 212.2 212.7 212.6 211.6 210.9 210.1 211.7 211.7 211.9 212.7 210.8 212.3 212.3 210 210.3 209.5 209.6 209.8 210 209.8 212.2 211.7 211.9 212.2
224.8 231.5 234.3 235.4 234.2 234.4 235.6 237.5 238 236.8 235 235.2 235.8 237.8 242.3 243.8 244.1 243 240.3 235.7 230.7 226.5 223.4 222.2 221 220 219 217.4 215.7 214.5 216.3 217.7 218.1 217.9 217.2 214.9 208.8 208.1 207.4 206.2 202.3 201.3 205.7 207.2 208.5 210.8 210.2 209.5 208.9 205.8 205.4 207.7 209.9 211.1 213.2 212.9 213.1 213 213.6 216.7 211.8 211.9 212.1 212.4 212.4 212.5 212.3 210.2 210.3 210.2 210.4 211.8 212.4 209.5 209.6 209.6 209.8 209.8
228.8 229.4 228.3 226.9 225.3 226.1 227.8 230.5 233.5 233.8 233 233.5 234.5 236.1 240.9 244.9 244.8 244.3 242.5 240.5 235.7 232.5 228.2 223.8 220.8 219.2 217.8 216.7 215.5 214.4 214.9 215.7 216.8 216.8 215.2 213.9 210.9 212.8 210.2 206.3 200.3 205.7 208.2 210.4 211.2 212.5 211.2 206.6 210 207.6 208.5 209.1 211.5 212.4 214 215.6 216.2 216.4 216.1 216.7 216.9 212.4 212.5 212.4 212.5 212.6 213 211 210.4 210.6 210.5 210.9 212.5 209.7 209.4 209.5 209.7 209.7
224.8 222.5 220.2 217.5 215.9 217.4 221.1 225.1 228.5 230.5 231.3 232.6 234.2 235.5 238.3 241 242.8 242.7 241.4 239.7 236.7 234.4 230.7 225.5 221 218.5 217.2 215.7 215.1 215.1 213.8 214.7 214.6 214.4 213.7 212 213.4 214.4 212.5 209 203.8 209.9 211.4 213.1 213.9 213.4 211.8 208.2 210.5 204.6 211.6 213.8 214.4 215 218.2 215.2 215.9 216.3 216.6 216.7 217 217.1 215 214.3 214.2 213.6 213.6 211.8 210.7 210.6 210.3 210.5 210 209.6 209.4 209.4 209.1 207.7
220.4 216.2 210.9 208.3 208.2 210.1 213.9 218.7 222.7 226 229.3 232.3 234.3 235 236.4 238.1 239.9 241 240.7 238.6 235.8 232.7 228.2 223.5 221.2 219.5 218.2 217.6 215.9 214.8 214.6 214.3 213.8 213.3 212.9 213.5 213.5 213.4 211.8 209.4 204.9 209 214.3 214.2 214.5 214.7 213.3 212 212.3 212 215.5 216.8 217.3 218.2 219.8 221 223.1 218.9 216.2 216.3 216.9 217 216.4 216.3 215.4 215.2 215.2 218 214 210.7 210.5 210.5 210.3 209.7 209.2 208.9 208.2 207.8
214 209.2 207.9 210.7 210.4 208.9 209.5 213.6 217.4 222.3 227 231.6 233.5 234.4 234.8 236.4 239 241.3 240.3 237.6 234.3 231 227.4 224.2 222.3 221.5 219.8 218.5 216.9 216.8 216.7 216.1 214.7 214.1 214.1 215.7 214.5 212.9 211.7 209.4 206.4 207.9 212.5 214.2 214.5 214.9 214.5 213.7 213.6 217.1 217.6 219.6 222 222.8 221.9 222.4 224.5 225.1 224.9 223.8 221.2 219.5 218.1 219.2 220.2 221.2 222.1 228.3 220.1 218.2 216.9 215.4 211.7 210.4 209.8 209.1 208.2 208
206.7 206.5 214.1 220.2 220.2 217 213 214 214.9 218.9 223.2 228 230.6 231.8 233.2 235.7 238.4 240 239.5 237 233.6 231.1 227.4 225.8 224.2 222.1 221.1 219.9 218.5 218.6 219 218.7 217.3 216.8 218 218.2 217.3 213.9 213.5 211.9 206.6 206.6 213.3 214.1 214.7 215.2 215.2 215.7 217.8 221.2 222.3 224 225.4 226 225.7 225.3 223.4 226.5 226 225.2 224.2 223.8 224.1 221.7 221.9 221.7 218.5 214.9 213.9 215.6 213.6 213.2 211.7 210.5 210.2 209.8 207.9 207.7
199.4 210.4 220.6 226.9 227 224.8 221.2 219.2 218.8 218.5 219.3 223.1 226.5 230.7 234.3 236.1 236.6 236.9 236.6 234.8 231.9 228.9 227.1 226 225.1 222 221.4 219.5 218.9 219.7 221.8 220.1 219.7 220.3 221 220.9 219.4 215.4 216 213.7 208.6 210.9 214.1 214.7 215.2 216.1 216.5 217.6 216.7 223.3 225.1 225.6 227.3 227.9 227.8 227 226.2 227 226.5 226.5 225.5 224.7 224.5 222.7 222.3 220.6 220.8 220.8 220.8 220.8 220.2 213.5 212.3 211.7 211.2 210.4 208.7 207.4
202.4 213.2 223.1 227 226.9 225.3 223.4 223 222.8 223.4 223.9 225.6 228.4 232.6 235.2 236.3 234.8 233.2 230.5 228.5 225.2 223 223 224.3 223.2 220.7 219.1 218.3 219.4 220.1 220.8 221.3 220.4 221 221.9 221.1 219.1 216.6 219.4 216.4 214 209.1 213.6 216.4 217 218.5 221 222.4 218.6 222.7 225.3 226.6 228 229.3 229.8 230.1 229.9 228.1 227.1 226.5 226.5 226 225.2 223.9 223.6 222.7 222.2 221.3 220.3 219.2 219.8 213.4 214.3 213 214.6 215.4 215.5 215.7
204.7 214 219 222.4 224.3 223.4 222.7 224.3 225.7 226.7 227.4 229.2 231.5 234.2 234.9 234.4 232.4 230.3 228.2 225.4 221.2 218.9 220.1 221.4 219.4 217.7 217.1 218.2 219.7 220.7 221.3 222.4 222.5 222.7 222.3 221.5 220.6 221 222.6 219.6 216.5 211.8 215.8 218.7 220.1 223.2 225.6 227.3 224.9 220.7 224.4 226.8 230.1 231.3 231.5 231.9 231.5 230.5 230 229.8 229.5 228.4 226.4 225.3 225.7 224.8 224.3 223.8 223 221.6 218.9 215.7 214.6 214.5 216.6 216.9 216.5 216.5
204.2 211.1 215.1 218.3 217.9 221.6 222.9 224.2 225.8 226.9 228.5 230.6 232.2 233.5 233.8 233 232.2 232.2 230.4 227.5 222.9 217.5 216.7 216.8 214.9 215.4 215.7 217.9 219.6 221 221.6 223.7 224.4 223.5 222.5 222.1 221.5 223 224.2 221.6 218.3 214.8 216.7 218.9 222.1 225.2 228.4 228.7 228.5 225.1 224.3 226.3 229.7 231.3 232.9 233.3 233 231.8 231.3 231.1 229.8 228.7 228.1 228 228.1 227.4 227.1 227 226.2 225.1 222.8 220.6 218.2 217.2 216.9 216.9 216.9 216.2
193 204.7 211.7 213.7 215 215.3 223.7 224.2 224.4 225.1 226.9 228.9 230.1 229.7 229.9 229.6 229.9 230.3 229.1 226.2 220.6 214.1 211.6 210.9 210.6 211.8 211.7 214.7 216.3 218.4 220.3 223.2 223.7 223 222.1 222 222.1 223.8 224.2 223.6 220.8 215.5 218 220.2 223.7 228.2 230.4 231.6 230.3 227.8 225.9 226.4 228 229.9 232.4 233.9 234.3 233 232.3 232 231.6 230.7 230.3 230.6 230.6 230.1 229.6 229.6 229.3 228.3 226.2 224.1 221.8 220 217.8 215.7 217 216.9
167.3 170.3 185.6 191 194.8 198.9 207.7 223.8 221.7 222.5 223.1 223.6 223.9 223.1 222.9 222.2 223 223.8 222.8 217.5 211.8 207.7 206.7 207.2 207.6 206.7 207.9 209.1 211.9 215 218.2 220.8 221.8 221.1 220.8 220.3 220.9 222.3 223.8 224.5 221.1 213.7 220.4 222.6 226.8 230.6 233.3 233.7 230.6 228.2 227.6 227.8 228 229.6 231.6 233.8 235.6 235 234.9 234.9 234.5 233.7 233.3 233.2 233.2 232.8 232.5 232.7 232.1 231.1 229.1 226.9 224 222 220.5 218.5 218.4 217.9
151.7 156.8 165 169.7 176.2 190.9 200.4 211.1 218.8 219 219.6 219.8 219.2 217.4 214.9 213.6 214 214.2 212.7 205.6 199.6 200.9 207.3 208.7 206.8 206.1 207.4 207.8 210.9 212.7 216.2 218.4 219.6 218.9 218.8 219 219.8 222.4 224.6 224.9 218.5 214.6 221.4 225 228.2 231.2 234.3 233.3 229.8 226.3 229.3 230.4 230.7 231.4 232.1 234.3 236.1 237.5 237.4 237.4 237.3 236.5 236.4 236.4 236.5 236.3 236.1 235.4 234.2 232.8 230.5 228.2 225.8 223.5 219.5 220.9 219.9 219.2
136.7 138.4 147.9 153.9 167 185 193.3 200 207 212.6 215.4 217.8 217.4 214.1 211.7 210.2 205.9 205.1 200.6 194.8 200.5 210 216.5 217.4 216.4 214.8 214.5 215.2 212.1 214 215.1 216.1 217.8 218.4 218.2 219.6 221.7 224.1 225.7 224.6 216.3 220.4 222.8 225.3 227.8 230.6 233.2 232.4 230.2 232.2 234.1 235.9 235.5 234.9 235.2 234.3 235.9 237.8 239.4 239.2 239.5 239 239.7 239.7 240 239.7 238.7 237.3 235.6 233.8 231.1 228.6 226.2 223.9 223 222 222.2 221.1
151 152 154.8 143.9 150.2 164.6 182.8 185.9 189.7 192.1 212.9 214.6 213.2 200.2 198.3 192.9 188.8 194.7 191.4 199.9 211.5 218.9 220.7 222.8 224 223.5 221.4 214 214.2 216.2 217.6 218 217.8 218.4 219.3 219.6 221.2 223 223.9 224 219.3 220.7 225 227.2 229.1 231.1 233.2 233.3 231.3 236.4 238.5 239.4 239.1 238.5 237.3 236 235.1 237.5 239.8 241.2 241.7 241.5 242.7 243 243.4 241.8 239.6 236.9 234.7 231.7 228.6 227.1 226 223 224.5 224.3 225 226.7
162.4 160.9 193.9 185.8 169 147.3 167.6 174.4 181.7 188.6 198.7 204.6 207 182.3 187.4 191 195.7 198.1 202.2 213.6 220.9 224.7 228 231.5 232.8 230.3 223.8 215.9 217.1 221 221.6 222 221.9 221.3 221.1 221.5 223.7 224.6 225.9 225.4 223.4 220.8 230.5 232.1 233 233.9 234.3 234 231.9 237.8 240.9 241.7 241.4 240.8 239.6 238.5 237.6 237.9 239.6 241.9 242.6 243.6 245.5 246.1 244.7 241.7 238.5 235.3 233.2 230.2 227.3 225 224.1 226.1 226.8 226.7 227.2 227.4
170.7 161.2 193 208 189.5 167.5 152.4 166.1 171.1 176.6 177.5 186.8 196.1 185.5 200.7 214.5 216.1 217.1 219.1 221.9 227.1 232.5 236.6 238.7 238.5 234.4 226.5 214.8 221.1 226.3 226.5 227.8 228.3 229.2 230.9 233.2 232.8 229.7 229.6 231.6 225.7 222.7 235.4 238.1 239.1 238 236.5 235.2 238 241.1 243.3 244 244 242.9 241.9 241.2 240.3 239.6 240.5 242.1 243.6 243.6 244.8 244.4 241.5 238.6 235.2 232.5 230.8 228.8 227.6 228 228.5 229.9 231.2 230.5 230 229.4
182.3 161.7 190.8 217.5 213.6 188.8 167.4 155.8 161.5 176.5 190.7 182.6 177.6 185.1 204.2 215.4 220.8 221.8 223.1 226.7 233.1 239.9 243.9 243.9 241.9 238.6 231 221.2 224.4 231.6 230.8 231.4 233 234.6 238 239.6 238.9 235.7 236.4 236.2 231.3 225 227.9 241.7 243.6 241.8 240.6 239.6 241.4 244.3 245.9 246.2 245.4 244.1 243.2 242.5 241.8 241.1 242 242.2 242.8 242.3 241.8 240.4 237.6 234.9 231.9 230.7 230.7 231.4 232.6 232.6 233.2 234.2 234.1 233.5 232.8 232.2
188 165.1 188.4 212.1 220.5 209.7 191.7 182.4 172.7 184.1 204.1 202.5 202.1 212.6 215.7 219 227.1 228.7 228.6 232.9 240.1 245.7 248 247.6 245.3 242.5 236.6 228 222.6 234.9 238.4 238.6 238.9 241.3 242.3 243.9 243.4 242.2 237.4 237.1 236.4 230.1 224.4 227.2 243.3 242.5 242.4 243.3 245.8 247.6 248.7 248.1 247 245.8 244.6 243.8 243.6 243.2 242.8 242.5 240.9 240 239.2 236.7 233.4 235.6 235.7 235.7 235.8 236.5 237.2 237.3 237.1 237.4 236.8 236.3 237 236.8
196.1 178.3 187.2 206.6 216.4 215.4 208.7 195.6 186.1 172.6 198.2 209.9 216 216.5 211 222.5 231.9 235 235.8 241.1 248.2 250.6 251.8 251.4 249.4 245.7 241 233.7 226.1 234.2 241.2 242.9 242.7 243 245.7 247.2 247.4 246.7 244.5 238 240.7 237.2 229 224 227.8 235.5 240.6 243.9 247.6 249.5 251.1 250.5 249.8 248.3 247 246.1 245.4 244.5 243.1 241.3 239.5 237.8 236.3 239.5 241 241.7 242 241 240.8 241.1 241.5 241 240.9 240.6 240.2 240.3 240.2 238.8
204.5 192.6 198.1 207.5 208 204.7 200.9 198.1 196.9 187.5 191.3 202.4 203.6 206 219.4 230.7 238.1 241.8 245.3 250.1 253.4 254.7 255.1 254.9 253 249.3 243.9 237.1 230.9 235.2 241.2 243.3 245.3 246.4 248.4 249.6 250 250 249.6 246.4 247.1 243.9 236.4 231.1 233.1 231 234.9 242.4 246.6 249.2 251.4 251.7 250.4 249.5 248.3 247.4 246.1 244.6 242.3 240 238.2 238.3 242.5 245.8 247.5 248.1 248 246.5 246.1 245.6 244 244.7 244.4 244.1 244.3 243.2 242.5 241
212.4 206.5 206.7 205 203.1 201.5 199.8 198.3 197.3 196.8 191.9 199.9 207.2 217.8 231.2 240.4 246.3 251.1 253.9 256.6 257.4 257.7 258 257.4 256.1 254.1 248.5 240.5 234.2 233.2 239.1 243.9 246.3 248.3 249.7 250.4 250.4 250.6 251 250.6 249.7 247.6 242.7 242.1 242.4 240.2 235.2 235.2 241.5 246.9 249.9 251.5 251 250.4 249.5 248.3 246.6 243.7 241.3 239.2 238.8 243.3 248.5 252.3 252.5 252.5 251.6 251.1 249.5 248.8 248.9 248.5 247.9 247.9 246.4 246.1 244.7 243.5
224.4 214.8 208.8 210 213.5 216.6 216.5 212.5 210.1 202.2 197.9 199.3 210.9 228.7 241.9 249 255.2 259.1 259.7 259.9 260.2 260.5 260.4 259.7 258.8 256.7 252 244.9 238 235.2 238.7 242.9 246.3 248.4 249.5 250.5 250.9 251 251 250.6 249.8 249.5 245.8 242.4 242.3 241.5 238.3 234.7 238.9 244.9 248.6 251.1 251.5 250.8 250.2 248.8 247 244.3 243.2 246.7 249.1 252 255.2 257.1 256.8 256 255 254.2 252.1 252 251.7 252 253.3 250.5 248.9 247.5 246.3 245.5
243.3 232.7 227.7 227.5 231 232.7 232.6 230.3 225.1 220.5 212.7 200 210.8 233 246.7 254.2 259.6 262.1 263 262.8 262.8 263 262.4 261.7 260.9 258.8 254.4 248.3 241.8 236.6 235.1 239.2 242.4 246.1 247.8 249.2 250.2 251 250.4 250 249.8 249.5 248.4 248 247.8 246.9 244.6 240.1 239 245.4 249 251.8 252.8 253.4 254.1 253.5 250.8 252.4 254.3 256.6 258.6 261.2 262.4 261.8 260.9 259.3 258.2 257.2 257 256.7 256.1 255.7 254.4 253.2 251.6 250.5 249.5 248.7
260.2 252.2 248 248.2 249.7 250.7 251.3 250 244 237.7 228.9 210.9 211.9 234.7 248.2 257 261.6 263.7 265.2 265.7 265.4 264.9 264.3 263.7 262.8 260.8 256.2 251 244.6 239.4 236.3 235.1 238.5 242.7 245.2 246.2 246.9 247.6 248.6 248.6 248.7 249.2 249 249.7 249.1 248.1 247.2 242.7 241.4 249.2 252.7 255.3 256.8 258.3 259.6 260.6 261.2 262.8 264.8 266.3 267.6 268.7 267 265.4 263.7 262.8 262.5 261.6 261.3 261.9 259.4 257.7 257.7 256.4 255.4 254.2 253.1 251.8
273.1 273.3 268.9 269.5 270.3 272.2 272.7 270.7 265.4 253.2 247 236.3 217.5 237.1 249.3 258.6 263.1 264.7 266.2 267.2 267.1 266.6 266 265.3 264.2 262.3 258.6 253.5 247.3 242.9 238.6 236.4 236.9 240.3 243 244.2 245.4 246.7 247.8 248.8 248.8 248.9 249.4 249.6 249.9 249.3 248.6 243.6 247.4 253.6 256.2 258.7 261 263.4 266.1 268.5 270.1 271.3 272.3 273.6 274.5 273.1 270.8 269.4 268.1 267.3 265.4 266.3 266.5 264.6 263.4 261.8 259.8 258.6 258.5 258 256.7 255.4
277.3 275 272.9 274.2 278.3 279.2 275.4 275.8 273.7 260.5 257.7 243.9 221 239.8 252.2 260.5 263.7 265.7 267.2 268.2 268.3 268.1 267.4 266.8 265.6 263.5 260.3 256 250.8 246.4 241.6 240.2 240.4 241.3 244.3 245.5 247 247.7 248.8 250.1 250.4 250.3 250.1 250.4 250.6 250.4 248.7 246.7 253.1 256.8 259.6 262.1 264.5 267.1 270.9 273.4 275.1 276.8 277.9 278.2 276.7 275.3 274.5 273 271.8 271.8 270.8 270.5 271.6 269.9 266.4 265.9 263.5 261.7 261.4 261.2 260.5 260
282.3 287.6 288 289.4 292.6 290.9 280.6 275.6 270.1 267.3 263.5 252.6 231.6 243.1 255.3 261.7 264.2 266.3 268.3 268.8 269.4 269.5 268.9 268.2 267.2 264.6 261.6 257.9 253.7 249 244.9 244 244 244.3 245.8 247.3 248 248.8 249.7 251.2 253.1 251.7 251.3 252.2 252.2 251.4 248.1 252 255.4 258.4 261.2 264.1 267 269.8 273.5 276.9 278.7 279.6 280.4 279.8 278.7 277.6 278.2 278.8 275.6 275.3 275.3 276.4 275.5 273.8 270 268.9 269.9 269.4 264.6 264.5 265.1 265.3
287.1 293.2 298.3 300.3 296.2 288 285.6 274.8 272.3 275.1 274 259.2 239.3 244.9 255.9 260 263.2 265.6 267.9 269.7 270.3 270.7 270.7 270 269.4 267.5 264.5 260.7 256.9 252.5 248.1 247.6 247.9 247.5 247.9 248.4 249.1 249.8 250.6 252.6 254.8 255 255.5 255.4 253.8 251.6 249.4 253.2 256.3 259.6 261.9 265.6 269.1 272.6 276.1 279.4 280.9 281.9 282.8 282 281.8 283.3 284 284.8 284.5 284.9 284.5 284.5 283.1 282.8 282.3 275.1 274 270.8 269.2 270.1 269.4 269.6
291.5 297.5 303.5 301.5 292.3 288.4 282.4 274.9 282.5 284.8 278.4 264.6 248.3 250 255.9 258.2 261.2 269.9 272.4 271.9 271.6 271.8 273.3 272.6 272 270.5 267.7 265.3 261.1 256.2 251.8 251.1 251.2 250.6 250.6 249.8 250.4 251.1 252.5 255.4 257.9 258.9 258.6 257.6 255.2 251.4 252 254.3 256.9 260.8 263.6 267.2 271.5 275.3 278.9 282.6 286.1 286.8 287.1 289.3 288.2 288.4 290.5 293.4 295.8 295.3 296.1 295.1 293.4 292.3 288.7 280.6 280 278.8 275.5 273.2 272.1 271.6
294.1 300.6 303.2 298.9 290.4 286.4 277.1 283.3 292.4 296.9 289.6 277.2 262.5 256.4 259.2 266.5 279.7 291 285.4 280.2 276 274.1 275.8 275.4 275.6 274.6 273.1 270.6 266.9 261.6 256.5 254.8 254 253.3 253.2 252.6 251.8 252.9 255.8 259 261.1 261.8 261.3 259.6 255.7 251.1 253.3 255.9 259 262.6 265.8 269.5 273.6 277.6 282.2 286.5 290.2 293.6 294.5 295.5 294.3 296.1 298.7 303.5 306.3 309.4 308.9 306 302.9 301.5 296.5 290.2 288.1 284.3 282.5 278.9 276.9 273.9
295.4 298.6 296.2 291.5 285.7 280.3 275.8 291.6 301.2 305 304.3 288.9 274.6 260.5 274.4 286.4 302.8 306.4 299.8 292.9 286 281.7 280.3 276.8 279.9 279.6 278.3 276.6 272.9 267.7 262.5 258.6 257 256.2 256.1 255.7 254.9 256.8 259.6 262.6 264.5 264.6 263.9 260 256.7 253.8 255.1 257.8 261.1 265.2 268.1 271.9 276 280.7 286 290.5 295.3 298.5 302.1 305.3 306.3 305.1 307.8 316.8 325.4 327 323.7 319.2 314.6 310.6 308.6 304.7 297.2 298.1 287.2 283.4 280.5 277.3
