Game/Highland_Data/StreamingAssets/GeoData/Data/sn/SN91.asc
ncols 200
nrows 200
xllcorner 290000
yllcorner 210000
cellsize 50
[rows 105 to 139 of 200, columns 0 to 77 of 200]
390.7 392.7 387.5 380.9 386.3 386.7 385.6 380.1 377.1 373 367.7 362.5 360.5 358 358 355.7 352.5 345.5 340.9 334.5 330.5 325.3 314 322.2 332 341.2 353.2 369.7 384.3 389 393.2 398.1 397.8 392.4 389.7 395.1 398.4 395.7 389.9 381.1 376.8 380.6 381.5 380.2 375.5 370.7 367.6 365.4 365.4 364.4 361.2 356.2 351.6 347.9 344.2 340.9 337.1 331.6 330 328.6 326.6 321.7 316 307.8 301.1 291.6 282.8 278.9 274.4 286.2 294 299.1 296.9 293.3 290.2 287.3 288.1 285.6
386.9 387.6 385 378.6 382.8 384.2 383.6 376.3 374.4 370.2 365.9 362.4 359.6 358.9 360.4 357.1 353.2 348.5 341.5 335.7 332.2 325.1 313.6 321.6 331.8 342.5 355 372.5 388.2 389.8 395.4 399.5 397.8 391.9 387 390.5 391.7 391.7 389.3 383.1 381.2 381.6 383.6 384.5 378.4 374.1 369.6 366.4 365.1 364.7 362.5 356.5 351 346.5 342.8 339.3 336.3 330.4 327 326.1 324.2 319 314.3 306.4 297.9 288.2 280.8 277.8 271 284.6 289.9 295.2 292.8 288 281.5 277.6 277.9 276
383.1 382.7 381.6 376.7 377.5 379.6 377.9 373.8 372.1 368.6 365 362.1 360.2 360.5 362.2 360.1 354.2 350.6 345.9 336.9 331.5 323.8 311.9 319.8 329.6 340.9 355.1 378.3 387.9 388.5 395.5 396.6 395.5 389.7 384.3 384.6 385.1 387.1 389.3 386.8 383 383.9 393.1 393.8 381.4 376.9 371.1 367.2 365 364.6 362.8 358.2 351 345.2 341.5 337.8 334.9 329.3 322.9 321.9 320.7 316.5 310.9 304.3 295 285.3 279 275.4 272.8 280.8 286.3 289.7 287.2 281.2 276.1 274.8 274.3 267.8
381.3 378.3 378.7 374.9 374.8 375.9 374.3 372.7 371.7 370.7 368.2 364.8 362.5 363.1 363.9 361.5 357.2 352.8 347.1 339.3 326.9 319.4 310.9 318.9 328 339.4 354.9 374 383.8 385.7 393.5 391.7 390.5 386.4 380.9 379.3 379.9 383.6 392 390 383.4 389.6 395.9 394.4 382.6 376.7 370.7 365.7 363.6 362.7 362.1 358.3 350.6 342.8 339.6 336.1 332.8 328.2 323 317.6 315.7 313.3 306.7 300.5 292.2 282.4 278.4 272.8 271.4 275.8 281.5 283.6 280.8 275.8 269.2 266.5 264.3 267
377.8 374.8 375.6 373.1 372.9 373.1 374.3 373.9 373.3 374.2 370.4 366.3 363.6 362.8 364.2 363 359.5 353.2 346.5 339.6 327.4 317.3 313 318.6 327.1 338.1 354.8 370.8 379.4 383.1 389.5 387.6 386.5 385.8 378 374.3 374.7 385.3 398.2 389.9 381.9 392.3 391.9 390.4 383.3 374.9 369.3 365 362.6 361.1 360 358.6 350.8 341.9 337.9 334.2 330.2 326.3 322.3 315.2 310.8 308.4 302.7 295.7 288.4 280.3 276.4 271.9 266.5 271.4 276.3 279 275.3 267.5 264.8 265.1 266.2 266.3
374.6 372.3 372 371.9 371.6 372.6 374.9 374.5 373.3 374.6 371.7 366.6 362.4 360.7 362.5 362.2 359.3 353 346.1 339 328.8 314.9 313.3 317.1 326.3 336.4 354.7 366.9 376.1 384.3 384.8 382.1 385.2 384.5 375.9 369.1 369.2 385.6 397 387.7 381.3 388.6 387.9 387 383.7 374.6 368.1 365.1 362.2 358.7 357.9 356.7 351.8 339.3 335.3 331.1 326.8 324 320.9 312.6 306.1 302.1 297.8 291.8 284.9 278.9 275.7 271.9 267.3 264.9 266 274.8 270 263.3 263.6 263.7 265.9 277.8
374 372.5 372 371.7 371.2 373.5 375.7 375.6 374.2 374.7 371.9 366.8 360.7 358.9 359.7 360.6 358.8 352.9 345.2 339.2 330.9 311.9 313 317.5 324.3 336.7 354 363.3 379.3 382.3 380.9 376.9 385.2 383.4 373.7 364.3 362.5 376.6 387.9 382.5 378 383.4 383.5 384.6 384.9 374.5 368.2 364.7 360.9 356.2 355.7 354.7 349.7 341.1 333.3 328 323.8 321.4 318.2 310.6 302.9 296.6 292.3 288.4 281.8 277.4 274.4 269.9 266.8 263.3 262.1 263.6 262 263.2 263.8 266.1 274.1 281
376.1 373 372.8 372.2 372 372.5 374.8 374.3 373.9 373.8 369.9 364.8 358.6 356.1 356.5 357.3 358.4 353.2 346.6 340.6 330.7 311.3 312 315.3 322.4 336.7 351.9 361 374.4 379 375.5 371.3 379.7 378.9 372.7 362.1 357.9 365 382.6 376.6 375 378.7 379.1 382.6 384.7 374.9 368.6 363.9 359.2 353.5 352.9 353.1 349.5 340.2 331.4 326 321.1 319.2 314.5 309.6 300.1 293.8 288.7 284 278.7 275.6 272.7 269.9 268.2 266.1 262.3 259.4 256.8 264.3 265.1 269.5 279.3 287.8
380.8 379 374.9 373 372.5 371.3 370.9 371.5 372.4 371.1 365.6 360.7 356.5 354.2 354.1 355.7 358.8 353.1 347.6 342 333.9 317.2 308.6 312.8 318.9 336 347.8 356.5 370.3 377.6 372.1 367.3 375.4 375.4 370.5 360.7 355.4 357.9 374 370 373.6 374.2 375.7 381.6 383.8 377.5 369.2 363.1 358 352.8 350.8 351.5 348.7 339.5 329.6 323.2 316.5 318 312.3 305.7 296.8 290.2 285.9 281.3 275.7 272.5 270.7 269.9 268.5 266.2 262.1 260.1 255.5 263.8 264.4 275.4 286.1 294.1
381.8 379.5 374.9 373.6 374.9 376.6 372.7 370 370.2 365.8 361.4 356.2 352.9 351.2 350.5 353.6 358.4 353.2 348.1 342.1 337.1 327.7 305.6 308.7 313.9 334.7 343.9 355.2 366.4 370.7 365.7 366.4 373.4 373.6 370.8 362.3 355.1 355.5 366.7 365 370.5 370.3 373.6 380.7 383 381.9 373.3 363.9 356.1 351.2 349.1 347.5 344.6 336.5 328.7 321.8 311.7 314 308.5 302.1 295.8 288.8 283.4 278.1 272.9 269.5 268.4 268.2 267.4 265.2 261.2 259.7 257.5 264.1 271.7 282.4 291.5 298.8
382.2 376.8 373 372.1 371.8 373.2 371.2 366.3 365.5 361.7 357.7 352.5 350.2 348.6 348 351.8 356.4 351.7 347.6 342.2 337.1 331.1 315.1 305 313.1 331.9 341.1 354.9 368.1 368.4 364.4 364.2 369.7 370.6 372.3 363.8 355.1 351.7 362.1 361.8 365.9 366.9 371.8 377.2 379.1 379.6 376.8 363.5 353.4 348.4 345.3 342.5 339.8 332.5 326.3 319.7 309.8 309.3 304.9 298.8 292.2 285.1 280.6 274 269.9 266.9 266.1 266.1 266.5 265.6 260.7 258.8 260.7 269.3 278.2 285.4 293.3 299.2
384 377.2 369.7 368.6 368.5 369 369.1 360.8 361.4 357.3 353.5 349.7 347.9 346.5 345.7 350.6 353.2 348.1 346.4 341.7 336.3 330.7 317.2 305.1 311.2 329 337.8 354.7 368.4 369.5 365 362.8 366.5 367.3 375 366.6 356.2 354.8 357.7 359.8 361.3 362.8 368.5 374.2 375.3 375.8 375.7 365.7 355.1 346.6 342.1 337.9 334.5 329.2 323.2 316.8 306 301.8 300.4 295.3 289 282.4 278.2 271 267.2 264.9 264.1 265 265.3 265.5 259.2 258.6 264.4 275.2 281.3 287.9 294.7 301.9
390.1 383.5 367.8 365.9 366.3 365.9 364.6 358.2 355.4 352.3 348.6 348.7 348.7 344.9 344.6 349 348.3 344.7 344.1 339.8 333.8 329.8 316.4 304.4 308.8 327 335.2 354.4 364.6 366.8 363.3 361.4 362 364.5 373.8 368.1 360.1 357.7 355.3 357.6 357.9 360.2 364.5 370.1 371.5 371.3 370.9 367.4 357.8 345.8 339 334 330.4 324.6 320 314.3 306.5 292.6 290.9 289.2 285 280.8 275.4 268.6 264.4 263.7 263.1 263.9 264.5 258.3 257.7 254 270.8 278.4 285.5 293.7 300.6 304
395.1 381.3 369.2 371.2 363.1 361.8 360.5 357.8 354.7 352.5 348.7 346.6 343.4 343 344.3 345.3 343.7 341.9 341.6 337.8 331.5 326.8 316.2 303.4 307 325.2 333.5 351.5 361.6 362.9 361.8 359.9 359.4 360.4 374.8 371.1 364.7 360.8 356.2 353.9 355.4 356.8 361.7 366 367.2 366.9 366.4 364.4 360.1 346.1 337.9 332.1 327.9 320.6 316.4 311.3 304 295.2 288.6 284.3 281.1 278.4 272.7 264.5 262.6 262.3 262 260.1 256.4 255.8 254.8 263.5 274.2 281.1 291.3 299 302.4 306.1
391.5 379.1 374.9 374.9 363.6 359 359.4 355.3 356.7 354 349.3 348.3 345.4 342.9 341.7 342.5 339.1 339 338.8 333.7 329 324.7 312.4 298.6 313.9 324.2 330.1 345.9 356.6 359.6 359.8 358.4 359.1 361 378 372.8 364.7 359.4 354.6 350.6 352 353 356.5 360.4 362.9 362.4 361.8 360 356.3 345.8 336.3 329.5 325.7 317.6 313 307.6 301.2 295.6 290.7 282.7 275.8 274.1 268.6 261.5 261.3 261 260.5 256.1 255.5 252.9 257.7 268.8 277.4 286.7 297.7 301.4 303.7 307.6
390.7 378.7 375.6 373.6 364.7 363 361.7 360.9 359.8 356.6 352.7 349.1 346 341.5 340.6 338.3 337.3 337.8 336 330.5 327.1 323.7 309 314.4 321.9 322 326.7 342.1 354.2 358.4 360 357.4 358.9 362.8 377.6 372.7 362.9 357.3 351.6 346.4 348 349.4 351.4 354.9 358.6 358.2 357.5 355.2 351.3 343.2 334.5 327.2 322.6 315.6 310.3 304.3 298.5 293.7 289 282 272.9 269.2 263.6 260.7 260.2 260.4 258.7 255.2 254.1 256.1 260.5 273.5 281.2 292.4 299.5 301.7 303.5 310
390.1 378.1 374 368.6 368.9 367.3 364.6 358.9 362.3 355 353.9 350.1 346.3 343 340.4 337.5 334.9 335.7 333.4 327.8 323.6 320.9 307.5 317.7 321.9 322 326.9 341.3 352.9 361 358.8 356.3 358.1 363.6 373.2 367.7 359.6 353.1 348.8 342.7 343.7 345.4 347 350.4 354.2 354 352.6 349.7 347.1 339.8 331.9 326.3 320.5 313.3 307.4 301.5 295.4 291.2 286.3 278.1 271.5 265.1 260.7 260 259.7 260.3 254.4 253.9 251.1 255.1 266.4 276.6 285.2 294.1 298.1 300.8 306.4 315
388.7 383.6 377.5 379.5 377.6 373 367.8 365.7 363.1 351.5 355.7 352.2 346.2 342.4 339.7 337.2 335.7 331 326.4 324.5 319.1 313.3 303.6 312.8 320.7 323 326.8 342.1 356.7 361.4 358.4 356.6 358.2 363.7 368.9 362.2 355.4 350.8 346.4 339.3 339 340.6 342.6 346.4 349.3 349.3 347.8 345 341.8 336.7 331 328.1 323.5 311.4 305.2 299.5 293.8 289.2 284 276.1 269.5 263.5 259.8 259.1 259.5 255.6 253.5 253.5 251.1 259.2 269.4 280.7 290.6 295.4 296 300.3 310.5 320.3
394.4 388.2 380.8 381 378.9 375.1 371.5 368.8 365.4 362.4 356.2 352.9 348.8 343.9 341.8 339 337.8 338 340.1 334.7 329.1 319.8 305.1 310.1 323.8 324 327.8 346.1 368 362.2 357.1 354.7 357.6 361.7 363.7 357.4 351.6 348.3 342.2 335.7 334.9 336.2 338.4 340.4 342.8 344 342.5 340 338.2 335.3 331.3 329 324.3 311.5 303.3 296 291.9 287.8 282.1 272.9 266.5 260.7 258.7 258.7 258.2 254.3 252.9 252.8 254.6 268 274.6 281.5 288.1 291.9 299.4 305.6 314.3 325
400.1 398.1 390.1 385.7 382 378.7 380.2 381.5 375.4 368.7 362.9 358.8 353.2 346.8 344.7 343.7 341.5 341.7 342.1 335 327.4 318.3 302.1 313.9 326.6 327 330 349.4 368 360.8 354.7 353.3 357.3 358.9 359.7 349.4 347.1 345 340 334 332.3 332.3 333.8 335.1 336.2 336.9 337.4 336.1 335.4 333.9 330 328.6 323.1 311.5 301.8 293.1 290.1 286.2 278.7 269.5 263.6 258.8 258.1 258.7 256.9 252.8 252.2 251.7 263 271.6 278.2 288.3 295.6 299.6 304.8 310.4 319.3 328
402.8 402.8 400.9 395.8 391.1 387.1 385.4 385.6 385.3 380.2 376.3 370.1 362.6 354.9 354.7 352.9 346.7 343 340.8 334.1 325.6 312.6 297 319.9 327.6 328.1 332 348.6 361.8 359.8 352.3 349.8 354.1 355.4 347.5 342 342.8 342.7 338.1 333.5 329.9 329.3 330 330.4 330.8 332.9 333.6 333.7 335.4 334.6 329.2 325.7 320.1 309.3 299.2 290.6 287.8 283.8 275.7 267.1 262.4 257.7 257.3 258.4 254.2 252 251.7 254.4 268.5 276 284.7 292.3 298.1 303 309.3 314 322.8 330.8
397.9 397.3 396.5 396.9 397.9 397.6 385.6 383.8 383.5 383.1 383.1 381.9 376.4 370.2 365.7 360.6 350.7 341 337.5 331.8 322.8 307.1 303.7 323.7 327.4 330.3 331.4 344.1 356.9 356.6 349.2 345.2 347.6 345.7 337.2 338 338.7 340 336.8 333 327.4 327.3 326.4 326.3 327.7 331.1 332.9 333.5 336.1 332.4 326.3 321.3 315.3 305.3 296.4 288 285.5 280.7 272.2 263.8 259.9 256.7 257.2 257.9 251.7 251.1 249.8 261.5 271.8 280.2 287.4 294.3 299.6 305.5 311.9 318.8 326.1 333.3
392.9 392.6 392.4 392.2 392.9 393.9 393.4 382.2 379.6 380 379.5 379 378.6 375.1 367.4 363.1 353.8 340.5 333.2 327.9 314.3 293.5 313 324.9 325.5 326.8 327.5 336.9 350.8 351.6 345.3 340.9 337.4 334.2 333.2 335.5 336.7 335.4 337.6 333.1 327.2 325 325.2 322.8 327.2 331.9 335.9 334.4 333.8 330.3 324.7 316 310.2 300.9 291.9 285.4 282.4 276.5 268.5 260.5 257.3 256.5 257.2 254.7 250.5 250.4 256.2 268.3 276.1 284.2 290.8 296.1 301.5 308.8 315.6 323 329 336.2
391 388.7 387.2 387.7 389 389 388.9 388.7 377 376.8 376.6 376.4 374.9 372.1 365.9 359.4 351.5 339.6 330.3 323.1 301.1 302.4 314.3 321.9 323.4 323.4 323 329.5 341.9 345.2 340.8 337.6 334.4 332.1 331.6 333.6 331.8 333.6 339.1 332.7 326.8 321.6 320.5 322.7 328.9 337.4 338.8 334 331.2 327 322.1 312.1 304.7 297.3 286.4 282.3 277.6 271 264.5 257 256 256.4 254.2 250 249.6 249.6 263.4 272.6 280.6 286.5 292.7 298 304.3 311.7 319.4 325.8 331.3 338.5
388.3 386.6 384.3 383.8 384 383.6 383.8 384.1 376.8 374.4 374.1 372.3 370.7 369.4 363.4 357.1 349.8 339.7 327.6 318.5 296.6 302.4 312.6 319.1 321.9 320.5 319.5 323.1 330.8 337.3 336.2 335.1 332.1 330.3 331.9 331 328.3 332.3 336.8 332.3 326 317.6 318.4 324.5 331.6 341 340.2 332.3 327.9 323.3 318.5 308 299.4 293 284.1 278.1 273.2 266.9 260.9 256.3 255.2 255.7 250.1 248.9 247.5 257.5 268.4 276.3 283.1 289.4 294.8 301.3 308.5 315.9 322.4 327.4 331.7 339.7
383.6 384.1 383 380.5 379.6 379 379 380.2 377.3 373.3 371 369.7 368.5 367.1 362 355.3 348 339.8 324.1 314 297.6 298.4 309.9 315.5 318.4 318.6 315.3 318.6 323.9 328.7 333.7 333 330.6 329.5 329.6 324.4 325.1 329.1 337.4 332.3 326.5 322.4 322.5 325.8 334.7 345 341.3 332 325.8 320.6 314.7 304.7 296.1 289.8 281.8 274.1 268.6 263.2 256.2 254 253.4 250.9 248.5 247.8 250.9 262.3 271.4 279.7 286.6 292.2 297.8 304.9 311.7 318.9 323.7 328 331.9 340.4
379.7 380.8 380.9 378 375.7 375.1 375 374.9 374.5 371.6 368 366.7 365.6 364 360.4 354 345.6 336.1 322.3 309.1 291.7 298.4 306.4 311.9 313.8 314 311.2 313.1 317.8 324.5 332 331 327.2 326.8 328 325.4 322.7 325.3 338.2 334.6 328.5 325.7 323.8 327.7 334.8 342 339.2 332.4 325.6 319.2 309.9 301.6 293.1 286.1 279.2 271.6 264.9 259.3 251.7 250.1 250.1 249 247.3 246.9 258.2 266.2 272.3 282.4 291.2 295.8 301.2 308.7 315.6 321.1 325.4 328.4 332.5 340.9
378.9 376.7 376.6 376.4 374.1 371.8 371.3 371.3 370.9 368.4 364 361.7 361.1 361.1 358.4 352 343.6 334.7 319.9 306.4 283.2 298 302.9 307.5 309.4 310 307.6 308 313.1 321.9 328.6 326.2 323.4 324.2 332.6 326.9 322.6 325.4 336.9 336.9 332.1 328 324.7 328.7 333.1 337.5 336.6 333.5 325.3 317.9 306.9 298.6 288.4 283.3 276.8 269.8 261.9 255.2 251 248.6 247.8 247.3 247.1 245.6 262.2 269.3 277.7 291.3 295.2 298.6 304.8 311.6 318.5 324.7 327.9 329.3 332.9 340.8
376.2 372.7 372.5 372.4 371.6 369.5 368.1 367.8 366.9 365.8 361.2 357.9 356.6 357 355 349.7 342.5 334.5 319.1 302.5 276 296.1 299.4 302.3 304.2 305.7 304 304.1 309.3 317.6 323.7 320.3 321.9 324.6 339.3 329.2 324.7 326.5 335.3 337.8 334.7 330 325.9 327 329.8 332.3 332.1 332.1 326.4 317.7 307.4 296.8 288.3 279.9 273.3 265.8 257.4 253.9 252.7 247.3 247 246.7 245.6 255.1 266.3 272.1 290.2 296.8 299.7 302.8 308.4 314.6 321.5 327.1 328.8 329.4 332.6 339.7
371.7 368.5 368.4 368.4 367.9 367.3 364.9 364.3 363.3 362.3 361 356.1 352.6 351.8 350.6 346.9 339.8 333.9 320.1 300.6 274.2 294.2 295.3 297.5 299.8 301.2 301.3 302.4 307.3 313.7 316 325 324.1 324 337.7 331.8 326.2 327.4 334.6 338 336.1 331.9 326.5 322.7 324.3 325.9 327.2 330.4 327.6 318.3 306.4 296.7 287.7 277.2 270 262.2 254.7 253.5 248.2 246.3 246 245.7 249.5 261.6 269.5 285.1 299.9 301.7 302.7 305.6 311.7 317.8 324.3 327.9 329.1 329.4 331.4 339.5
367.2 367.4 366.5 366 364.7 365 363.8 360.9 359.9 359 357.7 357.6 350.6 347.1 345.2 343.8 337.5 330.8 318.6 300.6 268.8 288.8 291.3 292.5 295.3 298.1 299.2 299.9 303.4 307 315.2 333.4 329.7 322.9 327.6 332.3 321.5 328.5 334.2 337.1 336.1 331.3 327.3 322.6 320.3 321.8 323.5 324.2 322.6 316.2 303.8 295 286.1 274.9 267.2 258.9 252.6 249 244.7 244.3 243.7 245 258.9 267.4 272.9 297.8 301.7 304.8 305.4 307.7 313.7 319.6 325.1 327.4 327.8 327.5 331 339.2
366.8 367 365.9 365.1 363.6 362 361.6 358.8 356.5 355.6 355.8 355.9 351.4 345 341.9 339.8 334.9 327.4 316.7 300.2 280.2 278.3 287.5 288.3 291.6 295.1 297.2 299 300.5 303.5 324.9 330 328.6 323.4 328.6 332.4 327.4 328.5 332.9 336.5 335.1 332 329.5 325.4 319.7 317.9 321 319.2 317.4 312.5 302.1 294 285 274.1 266.2 256.1 249.1 245 243.8 243.4 243.7 253.1 263.7 270.8 294.6 305 307.8 305.4 306.2 309.5 314.7 320.3 325 326.7 326.1 326.2 329.9 338.1
368 368.1 367.7 364.8 362.6 360.8 358.4 356.9 353 351.9 351.6 350.9 350.3 344.8 340.2 337.3 333.7 327.8 319 306.6 288.3 267 284.2 284 287.2 292.2 295.8 298.4 299.2 307.3 324.8 326.5 326.4 324.9 328.1 328.1 326.2 326.6 330.4 334 333.7 338.6 334.2 328.9 322.8 317.5 314.2 314.7 313.1 309.1 299.7 291.9 283.6 273.3 265.1 255.2 244.5 242.8 242.5 242.5 247.1 258.1 265 273.1 294.4 307.8 307.4 304.9 306.4 310.1 316.3 322 324.7 324.7 323.9 325.3 328.7 336.2
366.6 366.1 365.6 365 361.3 358.5 356.1 353 349.3 348.9 347.5 346.9 346.3 343.4 338.3 335.3 331.8 327.1 321.7 309.2 291.6 264.9 274.3 279.3 283.5 289.8 295.1 297.9 298.9 309 321.2 323.3 323.9 325 325.8 325.2 325 322.2 325.4 328.4 335.8 346.9 339.1 332.1 326.1 322 315.9 305.4 306.7 303.3 295.2 288.2 279 272.3 264.8 255.4 242.9 239 241.9 243.3 250.2 258.6 266.5 279 298.7 306.2 305.7 305.2 306 311.1 317.9 321.3 323.1 322.4 322.4 323.9 327.5 334.2
363.5 362.6 361.9 361.5 359.6 356.6 353.3 350 347 345.1 343.8 343 343.2 343.5 338.1 333.3 329.8 326.5 322 315.1 303.7 289.6 261.4 274.4 281.2 288.2 294.5 297.3 300.5 307.7 315.3 319.4 322.2 323.8 323.5 320.9 318.5 315.8 317.8 323.5 343.5 354.2 345.5 336.8 328.9 324.6 320.5 312.4 301.9 296.5 288.9 281.8 272 265.6 262.5 254.5 238.2 241.5 242 244.1 254.2 259.7 269.6 286 298.1 303.8 304 304.8 307.2 311.7 316.6 320.5 321.7 321.7 321.5 322.4 325.4 331.6
