Game/Highland_Data/StreamingAssets/GeoData/Data/sn/SN95.asc
ncols 200
nrows 200
xllcorner 290000
yllcorner 250000
cellsize 50
[rows 35 to 69 of 200, columns 0 to 77 of 200]
547.7 548.6 548.2 546 540.6 538.3 539.8 543.4 549.9 551.6 549.5 549 553.4 554.6 554.5 552.6 551.1 549.1 546 541.2 537.5 534.3 530.2 523.4 514.1 515 523.5 531.4 538.7 544.8 547.5 550.4 553.7 556 555.2 553.3 548.7 541.9 538.3 536.8 538.6 539.1 541.5 537.5 529.6 524.3 518.9 509.9 496 482.6 473.5 469.9 469.7 471.9 471.9 474.8 478 481.3 483.4 485.5 484.9 482.9 480.2 477 471.6 466.9 465.1 462.8 459.3 456.1 451.8 447.9 443.1 436.2 430.5 424.8 419.5 413.8
545.8 547.7 547.7 544.7 537.6 534.6 537.3 541.4 546.1 548.5 547.1 548.5 556.3 557.3 556.1 554.7 552.6 550.2 546.9 540.9 536 533.1 529.2 524.6 516.8 504.7 512.8 523 531 537 540.8 543.7 548 550.8 546.9 541.8 536.5 533.7 531.3 529.5 531.6 535 538.1 533.7 526.8 518.5 510.2 499.7 491.7 483 474.5 469.9 465.1 466.2 466.4 468.7 472.5 476.2 479 480.3 480.1 478 474.8 470 465.4 462.2 460.5 458.6 456.8 454.7 451.5 447.7 443.8 439.1 434.8 428.9 423.5 420
544.6 546.7 546.1 542.8 535.6 531.9 534.1 538.3 543.6 545.6 544.2 545.9 554.5 558.2 557.8 555.8 553.3 550.1 546 539.2 533.5 530.6 527.7 526.8 520.8 506.8 499.3 509.6 517.7 524.3 532.1 537.3 537.8 536.3 534 532 527.2 524.1 518.7 517.4 521.9 526.2 528 525.9 521.2 512.8 503.3 492.5 490.1 485.1 475 468.8 464 462.5 463.5 464.8 467.5 471.7 473.9 474.4 474.4 472 468.2 462.8 460.5 458.7 456.7 454.7 453.3 451.8 449.8 446.8 443.7 440.1 435.8 432.3 428 425.9
543.3 545.9 544.9 542 535.2 530.4 530.8 534.4 537.1 540.8 541.4 546.3 550.7 554.6 556.1 555.5 552.7 550.3 544.3 537.4 530.1 525.5 521.9 523.1 517.6 506.6 490.5 492.5 503.8 511.7 515.5 519.1 523.5 526.7 525 521.9 516.9 511.4 505.1 501.7 508.6 515.3 518.7 520.8 520.6 513.8 500.9 492.8 490.2 486 477.3 469.8 463.9 459.3 460.5 461.1 463.4 466.8 468.9 468.7 468.3 465.6 461 458 457.2 456 453.9 451.3 450 448.6 446.7 444.6 442.2 439.2 438.9 436.2 434 432.7
542.8 545.3 544.6 541.8 536.3 528.8 526.6 530.3 532 534.9 537.5 539.6 544.6 551.6 553.1 552.2 550.9 546.4 539.1 530.7 522 515.1 512.1 513.4 513.1 503.3 486.6 472.3 481.7 487.2 496 507.6 515.9 517.1 513.7 509.2 502.3 494.5 490.7 490.1 496.6 505.2 512.4 517.3 516.4 510 501.2 494.9 492.5 486.9 477.7 470.5 464.6 459.4 455 457.7 459.1 462.1 464.1 464 462.5 459.4 455.6 454.6 454 453.1 451.2 448.9 447.4 445.9 444.2 442.7 441 439.7 439.8 439 437.7 438.4
542.3 544.3 544.1 541.4 535.6 527.1 522.3 525.9 527.4 529.9 533.2 537.3 541.5 545.9 547.7 545.2 543.5 538.9 531.6 524.6 515.1 506 501.3 502.2 502.1 495.3 479.1 460.8 463 472.6 486.1 500.1 505.2 504.2 500.5 494.2 486.8 479 479.4 481.6 489.6 498.2 507 513.3 512.3 507 496.9 491.9 488 482.9 476.4 470.1 465.3 461.9 458.9 453.8 455.7 458.5 459.3 458.8 457 454.4 452.3 451.4 450.8 450.3 448.7 446.9 445.2 443.5 441.8 440.4 439.9 439.8 440.5 441.4 441.8 443.2
541.2 542.7 542 540.3 536.7 526.7 519.7 520.2 523.3 525.9 529.5 533.9 536.8 538.5 538 536.2 534 530.6 525.4 516.5 506.9 497.7 490.6 491.9 491.5 485 472 459.6 450.7 465.3 477.8 490.1 493.4 491.1 485.8 477.8 470.3 468.6 472.9 478.2 484.8 494.1 504.1 509.8 509.8 504.4 498.1 492.7 486.5 480.3 473.5 468.7 465 461.1 458.4 455.4 451.9 456 456.2 455.7 453.3 451.2 449.8 448.9 448.1 447.4 445.9 444.3 442.7 441.2 439.6 438.6 438.6 439.4 441 443.2 445.4 447
538.7 540.7 540.9 538.6 535.6 527 518.6 514.4 517.5 521.8 525.9 528.2 528.9 530 529.4 529.6 526.1 521.1 516 508.8 499.8 489.1 481.3 481.4 482.7 478 468 453.4 441.5 452.6 467.8 478.7 481.3 477.9 470.2 461.5 460.3 464.2 469.7 475.4 483.6 494 505.3 509.7 507.8 504.2 499.8 491.4 484.1 477.1 472.3 468.2 464.5 460.4 457.2 455.1 452.6 452.9 453.8 453.2 451.6 449.5 447.4 446.3 445.5 444.4 442.6 441.1 439.6 438 437.5 437.2 437.8 438.8 441.1 444.1 446.9 449.8
536.4 538.4 538.6 536.7 533.4 527.2 519.3 508.3 511.8 515.1 518.1 520.8 522.6 523.7 523.6 521.6 520.4 516.8 511.3 504.3 496.1 484.1 474.4 471.5 471.9 472.2 465.4 450 428 440.7 456 465.8 466.9 462.6 455.2 451.8 455.8 460.5 467 474.8 486 498.3 506.4 507.9 506.7 503 494.8 487.1 479.6 473.7 470.1 467.6 463.9 460.2 456.6 454.4 451.7 449.4 450.7 450.6 449 447 445.3 444.3 443.3 442.1 440.7 438.7 436.8 436.2 436 436.4 436.8 438.5 440.9 444 447.3 452.1
534 535.7 535.8 534.5 531.8 526.4 516.2 506.6 505 508.2 510.2 512.5 513.8 515.8 517.3 518.4 517.3 514.5 509.2 501.5 492.7 480.8 471.5 462.9 461.8 465.3 459.8 446.2 429.8 426.9 442.1 453.5 452.6 446.1 440.5 444.9 451.1 458.4 468.8 478.6 490.8 501.9 506 504.2 501.9 496.7 488 482 474.4 471 469 467.3 463.5 459.4 455.3 453.1 450.4 443.9 447.4 447 445.9 444.4 443.5 442.5 441.3 440.2 438.8 437 435.6 435 435 435.5 436.4 438.1 440.9 444.1 448.4 453.3
530.9 532.4 532.6 532.3 529.3 524.2 517.7 506.9 496.4 499.6 503.2 505.8 508.4 511.2 513.9 514.7 513.7 511.3 508.2 502.5 494.6 483 471.5 462.2 451.5 451.6 449.5 439.6 428.8 414.5 426.4 438.3 436.3 430.1 433.3 440 447.8 459.9 471.7 483.1 493.2 503.5 503.2 499 494.3 487.7 481.9 476 471.2 468.9 467.8 466.5 462.9 458.4 454.5 451.6 448.7 445.8 443.2 443 442.3 442.1 441.8 441.4 440.5 439.3 438.1 436.6 435 433.8 434 434.3 433.8 435 437.5 442.2 448.2 453.5
528.5 529.8 529.7 529.3 526.8 522.3 516.2 505.2 493.3 491.7 495.2 499.7 502.8 505.4 507.5 508.2 507.4 505.9 505.3 501.4 497.8 492.5 481.6 468.7 453.3 436.9 435.7 428.3 421.6 414 411.7 419.3 421.5 422.3 428.7 435.1 448.9 462.6 472.4 483.7 494.9 500.4 496.3 490 484.3 478.6 475.5 472.2 469.2 467.7 466.3 465 461.8 457.7 453.7 449.2 446.5 443.8 436.8 439.3 439.4 439.4 440.6 440.2 439.6 438.5 437.5 436.2 434.8 432.9 431.6 431.6 430.4 430.5 433.9 441.2 447.3 452.6
527.6 527.7 527.2 526.7 524.1 520.9 515.2 506.6 495.6 482.8 487.3 492.6 495.5 497.3 499.1 499.7 498.8 500.1 499.5 497.6 495.1 491.3 486.7 478.2 460.8 439.1 424.8 417.6 411.6 405.9 399.8 405 406.9 416.1 423.1 435.7 448.9 458.6 468.9 482.7 490.4 493.1 486.4 479.9 473.4 471 470.1 468.7 466.4 464.3 464.4 463.3 459.6 456.6 450.7 446.2 443.9 441.4 433.2 437.1 436.7 437.5 439.1 439.1 438.5 437.8 437.1 435.7 434.7 432.9 427.6 427.3 426.9 426.5 431.7 440 446.3 451.7
527 527 526.2 524.4 522 518.8 514.3 506 496.2 485.6 477.9 482.1 485.9 487.2 489 489.6 489.2 492.4 493.6 492.6 490.2 487.5 484.8 480.6 471.4 456.5 439.1 422.4 406.7 398.1 391.7 394 399.8 408.8 417.7 428.3 439 451.7 465.8 477.7 481.7 476.6 472.3 465.6 460.2 461.9 462.1 462.5 461.2 461.3 461.4 460.3 457.7 453.5 448.1 443.3 440.8 438.3 432.5 435.1 434.6 435.2 437.4 438.9 439.4 438.6 437.4 436.1 435 432.2 428.7 420.5 422.4 422.2 427.8 438.4 443.9 450.7
525.3 524.8 523.9 522 519.8 515.5 511.3 504.3 495.2 487.6 476.6 472.4 476.8 481 482.2 481.9 479 480.8 481.4 479.8 478 476 475.9 475.5 475.9 468.7 459 439.8 419.7 398.1 388.9 384.8 391.5 399.3 408.9 417.4 430.1 441.3 451.1 455.8 455.4 453.1 451.5 449.1 447.9 450.7 452.5 452.9 456.3 457.4 458.1 456.9 454.4 451.7 446.9 441.3 437.6 435.2 432 429.5 432.5 433 435.5 439.3 440 439.4 438.5 436.8 434 430.4 424.5 419.5 415.4 416.9 423.3 431.8 438.8 447
523.2 522.3 521.6 519.7 517.2 512.5 508.1 502.8 495.1 487.2 478.6 469.9 467.7 469.3 469.9 469.8 469.9 470.4 471.1 469.4 466.4 465.8 466.1 470.4 474.6 470.7 464.2 453.4 434.9 408.3 389.8 381 382.9 386.6 390.8 399.5 407.4 414.1 420.4 425.4 428.6 428 429.1 432.1 436.8 440.2 443.6 447 450.4 452.6 453.3 451.8 450.7 448 444.7 439.2 434.7 432.6 428.1 427 429.4 430.6 433.1 439.1 440 439.6 439.5 437.1 434.4 427.1 421.1 415.1 408.9 409.9 414.3 419.9 430.3 440.1
520.6 519.7 518.6 516.9 514 510.6 507 500.9 493.9 485.2 476.1 469.3 464.6 463.9 464 462.9 462.8 462.1 459.3 457.1 456.1 456.6 459.3 465.4 471.4 466.7 460.9 452.9 440.7 410.6 392.3 380.7 374.6 368.6 371.1 371.9 376.2 384 391.1 397.9 401 404.1 415.5 419.4 427.5 433.5 437.4 440.8 444.2 446 446.7 446.4 446 444 441.2 436.4 432.5 429.6 425.8 426.6 426.9 427.5 431.5 437.1 439.5 440 440.7 438.4 436 428.2 418.5 412.8 404.5 398.7 403.7 406.3 415.7 426.5
515 514.8 513.9 512.3 511.1 509 505.4 498.8 491.7 483.1 475.2 468.6 464.1 460 460 459.6 458.9 457.3 455.9 453.5 451.7 448.6 448.6 453.9 457.2 456.9 452.4 445.2 430.6 407.6 394.5 381.4 369.1 354.4 349.4 351 353.7 363.2 369.6 373.4 379.4 385.2 392.7 408.2 418.6 425.7 429.4 433.3 436.6 438.1 439 440.4 440.5 439.3 436.4 433.4 430.4 428.3 424.7 422.8 424.3 424.8 430.3 436.6 440.1 441.6 442.4 442.7 440.8 434.2 419.9 411.1 405.4 394.3 395 393.7 398.3 404.6
509.6 511.1 510.5 510.5 510.1 508.7 505.8 500.9 495.2 487.5 478.9 472.5 467.7 462.5 458.6 456.7 456.4 454.5 454.1 452 443.4 431.4 430.8 435.9 440.3 439.3 435.7 428.8 416.1 401.5 388.7 381.5 367.9 345.3 339.6 342.4 343.6 345.2 352.3 357.6 362.6 368.5 381.6 396.6 406.4 414.7 419.9 424.7 428 429.2 429.3 431.2 432.3 431.9 430.1 429.2 428 425.8 419.6 417.3 420.6 423.3 429.4 437.8 442.2 444.3 447.3 448.8 446.4 439.5 427 414.2 404.7 397.9 387.3 385.6 384.7 384.3
506.2 507.8 509 510.1 510.9 510.1 508.2 505.1 500 493 484.7 478.3 473.5 466.6 462.6 460.2 458.9 459.3 459.4 457.9 453.5 440.7 431.2 420.8 419 422.1 414.8 407.6 398.6 400.1 399.2 389.8 371.5 348.5 341.9 334.9 335.4 333.8 335 343.5 350.3 357.9 368.6 380.8 392.1 402.2 408.5 412.7 414.2 416.5 418.3 420.7 421.9 422.7 424.5 425.2 425 423.1 416.2 407.2 416.1 419.6 428 437.3 443.9 448.4 453.3 455.1 452.3 446 433.9 422 406.6 397.6 390.9 384.1 378.2 376.8
506.1 509.1 511.3 512.1 511.9 510.9 509 505.2 500.4 494.8 489.3 484.4 481.4 477.7 473.7 468.5 467.1 467.7 467.3 466.1 462.6 455.7 447.8 432.9 419.3 410 411.1 407 409.2 410.5 411.2 400.6 377.1 353.3 345.5 336.4 330.9 330.4 330.2 332.6 338.5 345.6 352.7 364.3 375.3 385.8 393.7 397.7 399.4 401.9 405.5 409.3 411 418 420.6 422.3 422.5 419.5 415.8 404.4 412.5 416 426.6 439.4 448 455.3 459.2 459.5 456.3 450.9 441.2 432.2 420.3 404.5 390.2 383.5 379.4 373.9
507.6 510.9 513.7 515.2 514.5 513.8 512.6 509.7 504.9 499 492.6 489.9 488.6 486.9 483.3 479.5 477.2 477.2 477.3 478.3 476.7 471.6 467.3 457.7 439.3 424.3 420.9 419 421.5 423.2 426 414.5 385.8 355.9 347.1 338 332.3 327.8 326.8 327 328.2 332.9 340.8 346.9 357.3 367.1 373.1 377.1 381.6 384.9 390.8 394.9 399.3 408.5 416.3 419.5 419.8 415.8 412 399.9 405.3 412.6 429.3 445.3 454.5 460.9 463.7 462.7 460.2 456.5 450.8 443.8 435.6 425.8 409.9 394 379.4 373.8
509 512.3 515.6 517.1 517.6 516 513.9 512 509.8 504.5 496.8 492.8 492.1 493.3 489.9 487.6 487.8 488.1 488.3 489.4 489.4 486.7 483.5 476.9 461.7 442.6 435.2 430.1 431.1 436.2 441.3 428 391 362.5 348.4 340.1 333.2 329.9 328.2 326.1 321.8 325 330.8 336 343 349.7 355.4 360.3 364.5 368.9 374.6 378.2 389.3 398.7 408.1 415.1 417.8 414.2 406.1 395.3 397.1 411.3 431.3 446.5 455.2 462.1 465 466 464.5 461.6 455.6 450.5 445.3 440 431.7 415.9 400.7 383.6
507.8 510.8 513.4 515.6 515.6 513.4 511.1 510.1 508.2 504.6 499.4 494.9 495.7 497.5 494.7 495.5 497.2 498.2 498.5 500.2 499.5 497.5 493.8 487.4 475.3 456.8 443.5 442.4 446.5 451.5 457.4 436.2 395 370.2 353.5 345.6 337 334.3 334 331.8 326.8 320.8 323.7 326.6 334.1 340.1 345.2 349.3 353 355.7 360 367.9 377.7 388.3 399.7 411.9 415.9 412.5 397.9 392.4 392.1 409.2 431 444.6 454.7 459.1 461.5 464 464.4 461.5 456.5 453.7 448.1 444.6 438.3 427.4 415.3 400.9
501.8 503.9 505.8 506.7 508.8 508.6 506.9 505.5 505.4 503.8 500.1 497.3 499 502 500.8 502.5 505.6 507.3 507.9 509 509.1 505.8 500.9 491.5 480 464.3 451.6 454.1 460.4 467 467.7 441.2 399.2 374.8 360.7 351.1 344 340.8 338.9 335.8 331.1 324.9 317.9 321.2 325.5 331.7 337.4 341.8 345.1 349.6 354.5 361.2 373.1 385.3 397.7 410.2 414 412.1 399.8 390.3 385.2 403.5 424.9 440.8 446.8 453.9 460.6 461.8 459.9 457.5 453.3 448.4 445 441.4 433.1 421.6 411 396.3
495.5 498.1 501.1 504.4 508.1 508.8 508.3 504.7 504.2 503.2 501 501.1 505.9 509 507.9 509.3 511.5 513.9 516.2 517.5 514.6 510.1 504.1 494.2 482.3 469.7 465.4 469.8 474.4 480.2 473.8 439.2 401.4 378 365.4 356.2 353.6 351 348.2 344.5 338.3 329.8 321.6 312.7 317.7 324.8 329.8 334.8 339.4 344.6 349.7 357.1 374.6 388.8 402.6 412.9 416.2 414.1 404.7 394.1 377.7 390.4 412.1 426.6 434.9 449.8 456 455 450.9 446.2 442.4 439.6 436.6 429.6 419.2 406.2 392.7 380.4
485.7 485.9 488.8 497 503.7 506.5 505.7 503.6 503.8 505.2 503.4 507.5 511.6 510.7 510.6 513.4 516.4 519.8 522.1 520.2 516.5 512.1 505.8 495.9 483.3 480.1 479.5 483.9 488.3 490.3 473.8 433.4 405.1 383.4 370.2 369.8 365.5 364 362.7 358.2 351.7 343.9 336.5 322.5 311.3 318.3 324.8 329.4 333.9 338.5 343.7 354 373.7 391.8 405.8 415.1 419.3 418.3 410.8 394.3 371.6 376.2 391.4 409.8 430.5 443.6 445.3 441.5 434.9 428.8 425.7 420.5 415.3 405 394.4 382.6 373.9 364.7
469.2 476.3 481.5 489.6 496 503.2 504.6 504.9 507.2 509.3 511.1 514.6 513.9 513.2 514.1 517.6 520.2 523.5 522.7 520.8 517.7 513.1 506.5 497.5 490.2 491 491.2 495.4 496.4 486.9 467.5 427 401.8 390 382 382.1 380.5 379.4 376.7 371.6 365.9 360.4 354.3 339.2 313.2 312.5 319.1 323.8 328.2 333.3 339 350.7 371.5 393.7 407.5 417.7 426.1 427.2 417.5 399.7 375.6 360.7 375.2 399.3 417.3 426.6 426.4 421.1 414.7 409.9 402.9 395.9 388.1 381.1 370.8 364.5 361.4 355.2
465.4 472.5 481.2 490.9 497.2 501 501.1 505.4 507.8 509.2 513.1 514.8 514.8 514.6 517.4 521.3 523.4 522.8 521.5 519 516 512.4 506.2 501.9 500.3 501.1 500.8 500 495.1 482 459.5 423.9 404.7 398.9 398.8 396.4 397.2 395.6 389.3 384.1 379.2 376.8 371.6 348.2 322.9 309.7 310.6 318.3 322.2 326.8 332.8 351.6 374.7 396.5 414.7 427.3 436.9 436 428.4 409.1 384.3 365.2 358.4 377.2 393.3 403.1 401.6 397.8 394.1 385.5 378.6 372.4 364.3 358.7 357.3 355.6 354.3 353.1
462.8 473.2 483.1 492.2 494.9 495.3 497.6 501.7 503.6 505.8 511.5 514.5 515.3 515.3 518.6 521.9 521.8 519.7 518.5 516.3 513.2 510.2 507.8 505.6 504.9 504.2 502.6 498.6 489.4 474.3 446.4 424.8 414.6 410.3 409.5 407.5 407 402.6 397.4 392.9 390 388.6 375.5 348.4 327.7 313.9 304.5 310.2 316.5 321.5 330.2 352.8 380 402.7 422.4 436.5 443.6 445 439.1 423.9 395.5 377 357.2 354.6 359.8 369.1 374.3 368.4 362.2 358.7 353.8 349.6 346.5 346.1 349.2 351.2 351.7 352
463.9 475 484 488.9 491.5 493.7 494.7 495.7 498 504.8 510.1 512 512.5 515.1 516.5 516.3 515.5 514.3 512.3 510.9 508.7 506.2 505.2 506.4 506.3 504.1 501 493.2 478 453.8 434.9 422.8 416.5 415.3 414.1 411.8 407.1 403.1 402.5 399.1 397 394.1 368.6 346.2 326.4 315.3 309.5 301.4 310.7 317.2 329.7 360.2 389.5 411.5 429.4 439.9 448.2 446.6 445 438.8 410.6 391.8 367 344 333.1 338.6 341.1 338.9 337.3 337.9 338.1 338.4 338.9 340.4 343.6 347.2 351.4 353
468.6 477.8 481 484.8 488.9 493.5 493.9 495 497.4 502.8 506.2 508.3 509.1 510.2 509.7 508.6 506.7 505 503.1 501.6 500.8 501 503.3 505.2 505.8 501.7 496.4 482.5 457.7 437.8 426.8 419 415.2 414.7 411.6 405 400.7 398.9 399 397.9 395.2 382.4 362.1 343.7 325.3 312.7 308.4 301.2 304.9 308.4 327.7 362.4 394.1 413.2 428 439.1 445.3 443.3 443.1 436.8 422.7 401.6 378.9 350 328.3 317 317.9 319.4 321.5 327.4 330.7 332.4 334.2 336.9 340.2 344.6 350.8 355.2
466.5 474 479.7 484.3 487.3 490.1 492.4 493.2 494.5 498.6 500.7 502.3 502.1 501 499.4 495.6 492.8 491.1 490.4 493.9 495.7 498.3 501.5 503.7 502.6 497.4 490.7 463.9 448.2 432.5 421.4 416.4 412.9 408.1 402.5 397.3 394.2 393.4 391.2 388.1 381.5 370.5 355.4 339.2 324.1 310.3 304 298.9 300.1 306.5 329.5 362 383.3 397.4 412.8 425.2 434.7 434.7 432.3 420 406.1 386.2 361.4 343.8 323.5 304.1 310.6 312.5 315.1 321.6 325.6 329.5 332.1 334.4 338.1 345.8 352.7 358.5
468.9 475.8 477.4 480.5 483.6 485.9 487.4 488.5 490.1 493.3 494.3 492.9 490.5 486.6 482 478.9 479.5 481 485.1 488.9 493.1 496.8 501.2 500.8 497.2 492.8 476.5 456 443.9 431.5 421.2 414.7 409.3 402 395.4 391.2 388 385.9 380.7 375.6 369.5 363.2 350.1 336.7 320.6 309 303.2 298.3 292.6 301.3 318.1 338.5 356.1 372.1 387.3 404.3 412.1 411.2 401.5 388.4 374.3 357.9 339.8 324.4 310.8 301.9 305.9 309.4 312.3 317.7 322.1 326.8 329.6 331.5 337.5 346.1 352.3 356.9
474 475.6 474.7 476.5 478.4 479.5 478.2 480 483.3 485.6 482.9 479.8 474.6 468.9 468.5 470.7 472.8 476.1 480.8 486 491.4 494.3 495.2 493.6 491 480.4 463.7 451.9 441.6 432.2 425.5 419.5 411.1 402.7 396.2 389.8 382.8 377 371.7 365.3 360.7 355.1 346 331.5 315.6 310 301.7 298.1 291.7 290.9 299 318.1 328.4 340.5 357.8 373.5 383.4 379.3 365.4 354.5 341.5 328.2 316.6 308 300.9 296.9 301.9 306.2 308.2 314.6 320.8 325.3 327.7 330 335.3 342.8 348.6 353.5
