Game/Highland_Data/StreamingAssets/GeoData/Data/sn/SN96.asc
ncols 200
nrows 200
xllcorner 290000
yllcorner 260000
cellsize 50
[rows 70 to 104 of 200, columns 0 to 77 of 200]
438.3 444.8 450.5 455.4 460.2 459.6 459 457.7 455.6 454.5 451.3 447.9 444.1 439 433 427.3 421.5 415 408.4 392 361.7 327 295.7 275.2 260.1 253.9 253.9 253.9 253.9 263.9 285 309.5 348.2 385.5 427.4 448.5 457 462.2 461.9 460.7 459.4 461.7 463.1 462.8 463.5 462.4 461.8 456.9 441.8 447.8 439.6 428 419.9 415.3 406.5 400.2 391.3 383.4 372.6 368.5 365.4 359.6 356 349.1 343.9 338.9 335.1 331.6 328.4 325.6 323 319.9 313.7 304.8 310 305.7 298.2 291.4
452.8 458.1 459.8 462.3 465.5 463.9 463.3 460.2 457 454.8 452.2 448.1 443 436.9 430 422.1 415.2 408.6 399 384.1 345.6 311.2 286.3 267.5 251.1 253.9 253.9 253.9 260.8 279.2 301 333.4 372.5 414.1 448 450.3 452.2 454 457.3 461.9 465.2 466.7 463.5 462.9 462.7 462.3 461.4 447 434 429.2 421.6 417.6 415.8 403.5 395.4 385.9 373.1 367.3 359.7 350.9 346.4 340.7 335.3 330.3 325.9 322.5 321.2 318.5 316.2 313.7 311.9 307.6 302.7 297.5 298.1 291.6 285.4 281
464.9 467.7 467.6 467.2 467.8 465.5 462.6 459.3 456.4 454 450.9 447 440.7 433.3 424.2 414.3 402.9 393 385.9 366.2 328.9 299.8 279.8 261.1 253.9 253.9 253.9 256.3 277.4 297.2 325.2 365.6 397 436.4 445.9 447.4 450.8 456.4 463.9 468.3 470.4 468 463.6 463 462.9 462.8 451.5 439.9 433.2 436 425.4 416.8 417.9 419.5 406 392 377.4 366.7 353.6 340.6 335.5 326.6 318.5 312.4 311.8 309.3 308.1 306.4 304.7 302.4 300.1 295.3 292.5 290.5 288.9 281.6 276.6 272.5
471.9 472.6 470.2 469.3 467.2 464.4 461.1 457.1 454.3 451.6 448.2 442.4 435 425.6 416.2 403.8 382.9 371.3 364.5 341.6 313 289.5 273.4 254.8 253.9 253.9 253.6 271.6 292.7 319.5 359.9 391.2 429.1 440.6 439.9 447 454.5 461 467.9 470.8 469.1 466.8 464.8 463.6 461.1 456.5 449.7 437.2 438.3 444.4 430.1 431.2 434.8 433.6 420.4 402.7 389.4 378.6 363.3 346.4 335.6 329.6 321.1 315.4 309.2 304.4 297.3 295.4 292.8 291.2 289.8 282.6 284 286.7 279.8 272.8 268.5 265.1
475.3 475.2 471.8 469 466.6 463.4 458.8 454.8 451.8 447.7 443.4 435.4 425.1 411.7 396.2 378.9 362.4 349.4 339.8 321.4 300 280.1 261.8 253.9 253.9 253.9 260.7 285.8 317.8 348.7 381.8 414 429.5 428.5 435.3 445.9 456.4 465.5 469.7 471.8 465.6 466.6 470.8 465.1 456.9 453.7 447.3 437.5 441.6 444.1 439 439.4 441.3 438.9 430 414 401.5 391.9 371.4 352.2 342.4 333 324.8 318.3 313.1 308.3 302.1 293.9 285.6 284.5 281.2 274.2 272 275.7 263 264.5 261.6 259.4
475.4 474.5 470.8 468.1 465.5 461.5 456.6 452.2 447.3 442.7 435.8 424.6 407 389.5 373.4 358.5 345.9 333.6 321.4 304.6 285.6 267.4 251.3 253.9 253.9 251.5 269.2 303.2 357 370.8 392.8 409.9 416.3 418.1 427 437.2 450.8 459.5 462.7 462.2 463 468.6 462.3 458.5 456.1 449.9 440.3 436.6 441.9 443.7 442.2 440.8 441.8 440.4 436.7 428.3 413.4 400.6 380.5 363.6 353.2 340.7 330.4 321.8 315 312.3 306 296.7 287.3 280.9 270.5 260.5 260.5 265 260.1 256.4 254.5 253
473.6 472.1 467.9 465.4 461.9 458.5 453.6 448.3 443.1 436 425.9 410.2 383.8 367.2 352.1 340.9 332.1 320.3 306.1 290.1 274.3 260.5 253.4 253.9 253.9 251 271.3 303.8 339.8 363.7 397.2 398.3 399.3 405.5 414.8 426.4 436.7 444.9 450.9 454.4 455.8 454.1 453.6 452.7 452.2 447.1 438.4 437.5 443.4 446.1 444.4 441.1 441.9 443.3 441.2 437.5 422.4 409.2 393.5 381.2 366.8 351.7 338.6 327.2 316.2 310.9 303.1 294.1 285.5 277.1 266.4 249.3 250.8 255.2 252.4 248.4 248.2 247.9
468.4 467.1 463.6 460.3 458.2 454.9 449.6 444.2 437.5 430.2 416.3 389.9 368.2 352.4 337.7 327.2 319.8 307.9 296.7 284.2 273 260.3 253.6 253.9 253.9 253.9 267.6 290.7 313.6 348.5 380.3 378.5 375.2 386.4 395.4 408.6 419.1 428.4 438 440.4 441.8 445.1 448.4 447.7 446.8 442.9 434.9 437.6 445.5 447.9 446 443.2 443.8 444 441.7 437.2 430.4 422.4 406.3 395.3 379.7 365.4 346.8 331.8 316.4 305.3 296.3 288.6 280.5 271.3 262.3 251.8 242 247.1 244.5 241.2 243.4 243.8
461.8 460.3 457.3 454.1 452.1 449.3 443 437.7 432.7 423.2 394 368.5 348.4 334.3 322.7 315.7 307 298.1 290.8 282.5 274.7 263.3 251.5 253.9 253.9 253.9 254.9 276.5 298 338.5 335.1 343.5 354 362.6 372.3 384.8 397.1 410.3 417.5 423.5 427.2 433.4 438.4 439.6 438.4 433.3 433 437.7 444.9 447.6 447 444.5 444.1 443.6 442.5 438.3 430.7 426.1 414.8 404.8 390.2 374.3 355.8 335.9 317 303.1 294.6 287.7 278.6 270.1 261.8 254.6 239.5 236 235.8 234.6 237 237.4
455.7 454.2 451.2 448.5 446 441.2 436.3 430.1 420.5 405.2 374.3 350.6 334.8 323.2 313 305.9 298.5 292.8 287.8 282.3 277.8 267.6 257 253.9 253.9 253.9 253.9 257.6 276.1 294.1 301.5 322 329.4 340.2 354.2 371.4 382.4 394.3 402.6 410.2 416.4 422 425.2 427.9 427.1 426.7 429.7 436.8 443.7 446.1 445.1 445.8 444.4 444.1 442.5 435.9 429.2 422.2 415.9 406.8 398 380.2 361.6 339.9 319 302.3 294.3 288.1 282.1 273.6 260.6 249.6 237.2 226 227.4 226.6 228 227.7
451.8 451 448.3 445.7 442.2 439.2 434.8 428.4 418.9 398.2 370.1 350.3 330 318.2 312.2 302.8 297.1 291 286.2 281.2 276 266.9 255.4 253.9 253.9 253.9 253.9 253.9 264.2 288.1 305.2 326.7 344.1 359 371.3 376.5 380.4 383.4 392.2 400.6 407.7 412.3 414.8 416.7 418.7 422.8 427.1 433.8 442.5 447.3 447 448.4 442.7 441.4 438.4 432.2 424.7 418.5 413.3 406.3 397.3 385 366.7 341.6 318.5 304.3 296.2 292.8 285.4 273.4 257.8 247.9 238.6 228.9 219.8 212.3 214.7 215.9
447.5 446.2 445 443 440.3 437.3 433.2 426.5 417.4 399.9 368.5 345.7 330.7 318.6 310.9 303.5 297.8 293.7 289.2 286.4 281.3 276.9 271.7 261.4 253.9 253.9 253.9 254.6 271.7 296.2 324.1 346.9 361.5 377.8 387.5 393.3 391.5 387.9 387.9 394.2 402.8 408.1 410.1 413.4 416.6 420.6 425 432.3 440.5 445 447.8 444.5 441.9 438.6 431.5 424.6 418.9 410.1 403 397.6 390.9 376.1 358.8 335.8 314.2 306.6 299.5 291.4 279.8 267.5 256.8 247.5 238.4 227.2 217.6 211.5 209.6 209.7
443.8 442.5 441.9 440.4 438.3 435.2 431.7 425.6 411.5 385.9 362 343.1 330 319.2 311.1 304.7 299.4 295.6 291.3 287.9 285.6 285.8 283.5 276.2 259.1 253.9 253.9 259.7 281.2 306.8 334.9 362 381 395.5 400.6 405.4 398.5 396 394.6 400.9 402.5 404.2 409.1 413.1 415.4 418.8 423.9 434.3 442.3 445.7 447.3 441.7 438.9 432.3 423 416.7 410.4 401.7 392.3 383.4 376.6 364.9 345.4 325.3 314.7 307.6 298.9 286.9 274.5 263.5 254.7 245.5 233.4 222.4 213.3 209.7 207.8 206.8
440.5 438.9 438.4 437.7 436.2 435.2 432 427.8 416.2 393.3 367.9 345.3 331.4 319.8 311.6 305.5 300.5 296.3 291.5 287.4 286.6 289.4 286.1 273.3 253.9 253.9 254 269.8 290.8 314.7 345.3 378.3 398.5 408.6 415.8 412 405.3 401.8 402.3 408 408.7 409.1 411.1 415.7 417.2 418.6 425.7 437.2 445.1 446.9 444.4 440 437.3 427.5 419.1 412.1 398.5 390.1 380 370.1 362.3 350.7 336.9 324.5 316.3 307.7 296.8 280.8 268.8 259.1 249.9 239.6 228 215.7 208.7 207.7 206.9 206
436.4 435.4 434.2 434.8 435 434.5 433.1 429.5 420.5 402.3 377.3 352.6 333.9 320.2 312.4 305.7 300.5 295.8 290.4 285.9 283 282.1 280.8 260.1 253.9 253.9 253.9 268.1 292.8 322.1 356.3 389 409 417.3 422.1 421.7 418.4 408.7 407.3 411.4 411.5 414.8 414.8 417.1 418.5 422.8 429.5 439.3 446.2 448.4 448.1 448.8 446.3 430.1 418.5 403.9 393.3 381.4 368.1 358.3 350 343.5 334.6 324.2 315.5 305.5 289.8 276.1 263.2 254.2 242.9 229.1 216.6 209.1 207.6 207.3 207.1 206.1
431.7 431 430.1 432.1 433.7 434.1 433 431.8 425.1 410.4 388.5 360.3 334.7 320.6 312.6 305.7 300.5 294.6 289 283 276.2 274 273.9 253.9 253.9 253.9 253.9 264.5 292.1 328.7 365.7 395.2 414 423.5 426.9 428.9 425.6 418.9 411.8 414.2 416.3 417.5 418.4 419.6 421.5 429.3 434.5 441.6 448 452.3 453.7 451.4 446.5 437.8 420.5 408.5 399 386 370.4 356.9 345.7 334.4 327.2 316.9 308.7 298.8 285.9 271.4 258.2 246.1 232.2 219.3 211.8 208.6 207.7 207.5 206.5 205.2
421.4 424.1 421.6 430 432.5 432.9 432.2 430.2 422 412.7 394.7 368.4 342 322.7 313.2 303.6 299.2 292.3 286.4 278.4 269.9 263.8 257.9 253.9 253.9 253.9 253.9 262.3 286.6 324.3 367.8 396.8 418.3 430.6 432.3 432 430.5 430.4 425.1 419.3 418.7 418.7 422.2 428.9 427.4 432 438.7 445.7 452.1 457.1 458.1 455 450.2 440.3 424.5 417.7 406.2 393.2 377 362.3 350.6 339.3 326.8 314.5 301 290.3 278.8 263.3 249.9 236.1 219.8 213.6 210.4 208.2 206.3 207.1 206 203.8
401.7 407.4 409 422.8 427.6 431 430.1 425.9 418.5 408.3 394.7 371 350.8 327.9 316.2 307.8 298.2 291.6 285.3 276.1 268.2 258 253.9 253.9 253.9 253.9 253.9 260.6 287.2 326.7 378.9 404.5 416.9 429.6 432.8 433.4 436.1 435.8 429.6 425.1 423.4 425.1 430.7 433.4 432.3 434.2 443.2 451.5 458 463.5 464.9 462.4 458.8 447.5 435.5 426.8 411 400.6 386.9 369.9 357.1 346.8 331 317.1 302.5 290.1 278.6 261.2 246.9 231.8 216.5 210.3 209.2 208.2 207.2 203.2 196.8 197.2
376.8 382.2 392.6 409.3 420.5 428 427.7 423.8 415.7 405 394.1 380 355.6 345 327.8 314.1 302.6 296.4 291.3 282.5 271.5 259.3 253.9 253.9 253.9 253.9 253.9 259.6 293.2 330.8 379.7 414.8 417.6 427.3 433.7 434.3 434.6 435.1 432.7 432.6 436.6 435.9 437.8 436.1 436.1 438.2 446.8 456.3 464.3 473.5 469.1 464.9 459.4 452.4 444.7 435 421.9 413.7 398.3 380.6 363.6 349.3 332.3 316.4 300.1 288.8 277 262.5 246.3 228.2 213.7 208.6 207.5 207.4 198.6 199.3 199.7 199.5
354.3 361 379.5 395.7 415.6 422.1 424.1 421.3 416.2 408.8 400.9 386.8 375.4 363.7 345.6 328.8 311.4 302.9 297.1 290.1 279.3 263.3 253.9 253.9 253.9 253.9 253.9 259.9 291.3 328.5 376.4 420.7 419.7 422.3 429.7 433.7 434.4 435.2 435.3 444.3 450.7 448 447.9 441.6 441.7 443.1 449.2 460.3 470.4 480.6 475.7 467 460.2 456.8 449.9 444.6 431.7 427.3 414.6 393.9 382.6 360.5 340.7 317.2 295.6 282.3 269.2 254.3 238 221.7 210.1 205.4 202.5 201.3 198.5 200.7 200.7 201.4
337.5 353.5 368.8 379.2 402.6 414.5 418.4 417.9 417.4 411.8 405.5 399.1 396.1 385.2 368.3 346.3 326.2 313 304.2 297.1 286 261.5 253.9 253.9 253.9 253.9 253.9 255.6 286.5 323.8 377.8 428.8 430.5 424.1 425.6 431 435.4 437.7 443.6 451 454.9 451.1 451.8 450.4 447.4 448.6 452.2 463.6 472.7 479 477.8 471 462.6 455.1 450.7 442.7 436.2 429.7 418.1 406 389.4 362.5 335.7 316.2 290.8 274.5 261.7 243.6 228.8 214.5 208.8 202.5 201.8 198.8 203.3 204.9 206.8 208.1
336.6 340.3 354 362.9 386.7 409.6 416 418.7 419.5 416.7 412.7 411.9 411.7 400.3 386.4 367.8 344.6 325.6 313 304.9 294 266 253.9 253.9 253.9 253.9 253.9 254.7 279.9 314 362.2 404 434.7 432.5 427.8 432 435 438 443.8 448.9 455.1 458.7 458.1 455.5 454.2 452.2 455.2 467.6 473.2 475.5 474.6 469.6 461.6 456.7 450 441.4 437.1 429.8 419.2 406.9 391.2 359.7 331.1 309 286.3 271.3 254.4 238.5 218 211.7 206.2 203.2 201.5 202.4 206.1 207.9 210.8 215
347.8 327.7 332.6 344.3 374.7 398.9 410.4 417.1 419.8 420.2 418.4 420.9 420.1 412.2 400.9 386.1 364.7 342.8 325.4 312.8 296.7 273 253.9 253.9 253.9 253.9 253.9 253.9 272.4 304.7 340.5 380.7 422.2 435.8 433.1 436.8 438.5 439.3 441.7 446.9 452.9 459.8 460.2 459.9 459.1 457 458.5 466.1 472.4 473.8 472.4 468.5 461.5 454.2 443.1 440.9 435.4 427 418.6 406.8 387.9 353 324.3 298.8 278.4 265.8 238.6 226.3 212.1 209 199.4 199.2 204.2 206.7 209 213.2 220 227.1
351.3 330 312.3 326.7 351 378 398.8 412.2 420.3 421.9 423.5 427.7 427.6 420.9 411.2 400.1 381.2 362.3 341 323.7 302.9 277.2 253.9 253.9 253.9 253.9 253.9 253.9 263.4 293.1 324.3 362 403.4 430.6 436.7 441.5 442.6 440.8 443 447 453.7 458.6 463.9 464.8 462.1 459 459.8 467.1 470.7 468 467.6 463.4 456.7 447.3 445.1 438.8 429.6 423.6 415.3 401 375.7 337.7 310.3 287.6 267.9 241.4 233.9 216.9 208.6 200 203.1 202.7 207.4 210.1 216.8 224.7 234 244.2
342.8 316.6 301.5 313.8 326.6 346.6 376.8 405.7 416.4 421.5 427.8 428.8 430.2 425.7 417.8 408.1 394.2 380.1 360.3 339.8 313.1 279 254.5 253.9 253.9 253.9 253.9 253.9 255 281.2 309.6 341.8 387 423.3 440.4 445.7 449.4 446.6 448.4 452 455.4 462 467.8 470.4 464.6 462 460.8 468.4 463.8 461.7 462.4 458.6 451.2 450 443.9 433.3 424.7 417.8 404.7 386.5 349.5 319.3 295.6 270.7 242.6 238.1 219.2 208.6 200.4 203.6 203.9 204.7 210.4 218.1 227.8 240.3 253.1 267
325.8 304.4 300.5 303 312.9 323.7 347.7 373.7 388.2 407.5 426.8 429.3 427.9 425.1 417.8 411.2 401.4 391.9 379.1 357 326.4 286.6 261.4 253.9 253.9 253.9 253.9 253.9 253.9 269.5 296 326.8 359.4 398.1 432.5 444.6 448 451.3 451.8 454.6 458.9 462.6 470.2 469.6 465.5 462.4 460.3 466.4 462.1 456.6 454.9 453.6 451 447.1 438.7 429.7 419.9 407.3 385.2 354.4 326.8 299.5 275.4 248.3 237.8 221 217.7 202 205.2 204.7 204.4 209.5 220 228.6 241.8 260 276.3 291.4
314.6 301.8 294.6 295.8 305.1 308 320.7 338.3 356.8 376 401.9 415.5 423.1 422.6 419.9 412.8 406.5 397.8 383.9 370.5 335.3 295.9 270.6 256.5 253.9 253.9 253.9 253.9 253.9 258.8 284.1 312.6 347.1 381.2 420.1 441 446.3 451.9 454.7 459.4 462.9 463.3 470.2 470.7 466.8 460 456.3 461.8 461.9 452.7 449.8 449.7 446.5 442.2 435.3 426.5 409.3 381 355 328.7 302.8 282.2 246.1 237.4 222.6 215.5 209.4 201.7 205.5 206.6 207.9 217.3 228.9 241.2 259.7 280.6 298.9 314.7
312.2 302.9 293.3 290.6 294.2 299.4 302 315.5 327.8 341.7 358.7 387.1 407.3 413.8 416.8 410.4 407.6 400.7 390.8 378.3 339.6 302.7 279.3 262.8 254.1 253.9 253.9 253.9 253.9 253.9 271.9 298.8 331.8 370.2 406.2 436.4 443.2 451.4 458 462 466.4 466.8 468.5 468.4 463.5 456.2 452.2 460.4 462.3 448.7 442.1 444.3 441.7 433.7 424.3 406.1 380.9 352.5 329.3 306.9 290.5 252.8 238.6 219.6 215.9 211.3 202.4 205.5 207.9 209.4 214.8 228.8 242.7 259.7 279.8 300.1 317.9 332.2
311.7 302.1 295.1 290.6 286.3 288.9 287.5 296.9 305.6 317.3 329.1 343.1 366.1 390 403.7 408.5 404.8 401.2 395.2 381.3 341.2 308 285.3 267.4 253.1 253.9 253.9 253.9 253.9 253.9 262 289.4 318.4 353.2 389.4 424.3 441.8 452.3 459.9 463.6 466.9 469.8 470.4 468.4 463.1 451.6 447.8 456.6 458.7 443.8 437.7 437.6 434.7 424 409.5 387.8 357.9 332 305.9 283.5 256.3 238.6 227.2 213.4 211.6 203 205.7 207.5 211.4 214.7 223.9 240.1 261.1 279.3 299.5 318.3 332.6 344.4
316.2 306.5 301.2 294.9 292.2 284.4 281.9 284.6 290.3 295.7 305.2 316.7 332.4 350.1 372.2 382.8 394.4 400.9 396.2 377.3 339.3 306.9 286.8 270.2 254.1 253.9 253.9 253.9 253.9 253.9 258.7 283.3 311.5 349.3 385.3 413 436.9 451.8 460.4 465.6 468.8 469.4 468.8 467.7 458 450.3 441.9 450 450.4 442.8 434 425.5 423.5 412.9 391.5 371.8 349.4 319.3 295.5 266.7 238.7 231.4 218.5 208.8 203.5 206.3 207.8 211 216.7 224.2 234.9 252.1 275.3 297.9 319.3 336 349.7 356.1
326.9 316.7 308.4 301.6 300 296.4 286.2 278.1 280.5 283.8 286.9 294.4 306.5 318.4 334.1 352.7 365.3 369.5 366.5 354 326.9 304 286.1 268.7 253.6 253.9 253.9 253.9 253.9 253.9 255.9 279.3 308 341.4 381.8 408.7 431.5 447.1 459.3 465.5 466.5 466.2 465 459.8 452.5 445 432.1 439.5 443 438.1 430.2 420.4 406.5 401.9 379.1 355.6 337.3 315.3 278.1 255.9 237.8 223 208 206.3 206.9 208.4 211.2 216.1 224 235.1 246.3 266.7 291 314.7 337.9 353.8 365 372
341.4 330.4 323.8 316 311.1 299 289.2 280.8 274.4 273.9 276.7 279.8 286.6 297.5 310.3 326.3 338.5 341 336 328.3 311.8 296.4 282.6 265.7 251.6 253.9 253.9 253.9 253.9 253.9 257.1 280.7 307.7 338.6 376.3 406.3 427.8 445 456.6 461.4 463.7 462.6 456.3 449.8 442.4 433.1 420 425.7 432.6 430.5 425.3 418.9 407.1 376.2 366.9 350.1 326.2 290.5 265.9 242.5 226.9 212.4 204.9 207.6 209.8 215.2 214.8 221.7 232.3 244 255.8 277.6 303.5 328.8 351.3 365.7 376.5 388.8
359.6 348.5 340.1 328.4 317.3 308.8 295.1 285.5 279.5 274.7 270.6 270.9 276.1 282.5 290.1 302.4 311.5 314.7 315.1 309.3 298.2 288.8 277.6 261 253.9 253.9 253.9 253.9 253.9 253.9 261 284.5 310.8 342.4 376 406 426.6 443 453.1 458.5 461.8 457.2 449.5 441 428.5 416.3 407.5 412.1 425.8 424.3 418.5 411.2 381.2 349.5 340.2 329.7 306.2 280.8 256.3 233.7 214 205.7 208.3 209.7 217.9 218.4 221 231.5 241.7 252.8 265.5 290.4 316.3 342.4 364.3 377 392.1 404.7
375.7 364.7 352.4 342.2 330.8 320.7 307.3 297.9 289.3 281.2 274.7 269.4 263.8 271.3 275.5 282 290.2 295.8 297.6 292.1 287.1 280.2 268.6 251.6 253.9 253.9 253.9 253.9 253.9 253.9 268 291.1 316.9 350.6 382.4 410 427.6 442.7 452 456.7 456.7 451.9 441.9 426.6 409.3 396.2 390.8 399.3 408.1 407.7 399.1 386.7 370.9 329.5 309.1 307.7 298.1 269.6 241 222.2 209 208.8 211 224.5 232.9 228 228.6 242.7 254.1 264.1 276.2 300.4 323.6 349.8 374.8 391 406.8 420.3
393.2 381.2 369 357.8 346.2 335.8 322.6 312 303.2 293.1 283.3 274.5 268.8 265.6 264.6 269.7 274.1 278.7 279.5 277.7 275.4 268.6 257.2 253.9 253.9 253.9 253.9 253.9 253.9 258 278.2 301.4 329.8 361.5 390.3 415.2 430.6 445.4 453.8 455.8 452.6 446.4 438.2 416.4 392.6 372.1 366.6 387.2 393.7 391.1 376.5 368.6 352.4 305.7 283.2 276.2 268.9 246.8 234.6 214.3 207.4 211.5 223.4 242.2 252.6 243.9 234.1 250.2 262.7 271 284.7 309.3 334.8 360.7 386.4 405.5 420 434.5
