Game/Highland_Data/StreamingAssets/GeoData/Data/sn/SN97.asc
ncols 200
nrows 200
xllcorner 290000
yllcorner 270000
cellsize 50
[rows 0 to 34 of 200, columns 78 to 155 of 200]
296.3 296.9 301 300.9 308.2 309.2 310 312.1 313.9 317.5 318 315.6 322.5 329.7 332.7 334.3 332.6 331.6 332.2 327.8 320.1 311.8 306.7 303.3 296 296.2 294.1 293.7 291.8 298.8 308.8 313 318.8 325.7 334.7 341.6 349.2 352.1 354.4 354.5 352.2 349.7 350.7 349 343.1 342.8 338.5 325 319.4 312 308.1 303.2 299.1 294 288.7 282.8 272.9 258.5 240.4 227.8 232.5 250.6 257.9 249.5 244 236.6 232.9 228.7 222.9 225.1 228.8 257.7 285 314.7 340.7 345.1 353.8 346.8
293.1 293.3 294.6 294.6 298.5 297.2 298.2 299.5 301.8 302.3 298.3 300.6 301.7 306.1 309.2 312.3 313.5 313.6 311 306 300.5 296.3 293.7 286.6 283.8 284.5 284 285.1 283.7 290.5 297.8 304.1 312.3 316.5 325.8 336.1 342.2 344 346.2 347.1 349.9 346.1 346.9 345.7 341.6 341.2 335.9 319.2 316.9 309.3 306.5 306.2 302.4 295.6 290.1 274.6 265.8 251 234.3 227.2 247.6 260 269.4 259.2 257.4 250.1 245.7 242 238.6 231.7 225.1 229.8 250.8 282.3 311.7 335.1 341.7 338.4
292.9 293 293.3 293.3 294.5 294.6 294.9 295.4 295.6 294.7 293.7 293.3 292 290.8 292.5 294.6 296.6 296.8 293.7 292.2 288.2 285 284 281.7 279.8 280.3 278.5 278.1 278.1 279.9 289 292.9 302.6 307.7 315.7 325.6 332.4 333.9 337.4 340.4 340 340.7 338.8 335.8 337 333.9 324.2 312 310.6 306.2 304.4 303.3 296.1 291.4 283.2 272.4 259.3 243.6 231.4 234.4 257.6 267.6 275.8 275.1 269.8 263.3 257.2 251.3 245.9 241.6 235 224.2 229.4 252.3 279.3 309.1 329.3 332.8
292.7 292.8 293.1 293.4 293.7 293.7 293.7 293.6 293.4 292.5 291.7 290.1 290.4 288.9 288 287.4 288.9 287.7 287.3 287.4 288.3 287.4 287.7 285.9 285.2 282.6 279.6 277.4 274.7 274.2 275.1 282.5 288.8 299.1 306.3 316.9 319.5 322.8 328.8 328.8 328.8 328.6 327.5 328.8 326 320.2 310.5 301.4 298.4 295.7 292.6 287.7 284.1 278.8 270.1 260.3 249.9 233.9 232.6 246.6 264.5 275.7 282.3 287.2 283.4 281.9 272.1 265.7 258.2 253.6 245.4 236.1 223.9 229.6 248.7 274.4 307.9 320.9
292.1 292.2 292.8 293.2 293.5 293.4 293.4 293.3 293.4 293 294 292.7 290.1 290.3 288.4 287.7 287.4 287.1 287.7 288.9 289.7 289.3 290.4 289 286.6 283.9 281.8 279.4 276.4 276.9 275.8 269.1 271.1 280.4 292.2 299.2 302.3 310.4 311.8 313.1 314.6 311 313.2 311.6 307.7 300 293.3 285.2 280.8 275.9 270.5 268 265.8 261.1 255.1 245.5 237.8 234.1 245.2 261.1 277 283.3 288.7 290.8 291.6 290.6 285.2 274.5 267.2 263.2 257.1 247.3 236.5 226.3 229.5 245.9 273 302.6
292.6 292.6 292.7 293 293.6 294.1 294.1 294.1 294.7 295.1 294.7 294.9 292.4 290.3 289.5 288.5 288.5 288.3 290 290.7 291.3 292.4 292.4 292.2 289.6 286.6 285 283.5 279.2 278.5 276.7 271.4 270 264.8 266.3 273.1 284.6 290 292.4 293.8 295.2 295.8 291.2 290.6 284.9 279.8 271.9 263.7 258.3 253.3 249.3 246.1 245.1 241.1 236.5 235.6 244.1 248.7 259.8 279.6 290.7 301.3 305.4 304.9 301.2 296.2 293.8 285 277.5 269.5 264.3 256.8 246.6 238.9 227 230.5 252.8 270.6
294.9 295.7 294 294.8 294.3 295.3 295.8 296.6 296.5 296.7 296.8 296.5 294.6 291.6 290.4 289.3 290.6 291.3 292.9 293.2 293.4 294.2 293.7 292.6 290.6 288.1 286.1 284.4 281.3 279.5 279.5 277.2 272.3 269.4 263.5 262.5 263.2 267 269.1 273.5 275 271.4 266.5 263.4 260.8 255.4 249.9 247 250.6 253.4 249.5 245.9 248.6 250 249.6 250.6 254 262.5 278.9 291.6 306.9 320 324.1 323.9 319.6 312 301.8 298.9 288.2 280.5 272.4 262.6 255.3 249.2 237.4 227.7 230.4 239.9
298.1 299.2 298.9 297.8 297.6 298.5 298.2 297.9 298.5 298.7 298.5 299 298.9 295.4 292.9 292.2 293.6 295.3 296.8 296.3 296.4 295.9 296.3 297.5 291.7 289.5 286.6 285.2 281.8 280.9 281 279.3 275.6 269.6 268.2 266.3 263.7 261.6 259.9 258.6 256.4 255.4 253.5 252.7 257.7 257.3 258.8 258.1 260.9 264.5 264.7 264.4 263.4 262.3 261.9 267.4 281.6 282.9 292.4 305.6 324.7 337 342.6 343 337 328.3 318.6 306.1 299.8 292.6 283 273.4 264.5 258.5 248.9 244.1 232.4 229.2
301.4 301.9 301.6 302 302.6 302.6 302 301.1 300.8 301.2 300.8 301 301.3 302.1 301 298.7 297.4 298.4 299.5 297.9 298.6 298.4 299.8 298.9 295 290.5 287.3 285.2 285.3 283.9 282.3 280.3 276.2 278.7 278.4 276.6 273.2 272.1 270.5 270.1 269.1 269 266.6 266.7 268 268.1 269.4 269.8 269.6 272.2 274.3 278.9 279.7 281.1 276.1 291 298.5 296.3 306.9 320.8 340.2 352.3 357.6 356.4 352.1 344.2 332.7 320.5 310 306.6 298.9 287.7 277.4 269.5 260.1 258 249.4 234.2
306.1 305.3 309.4 310.8 309.1 309.1 306.6 305.3 307.1 303.9 304.5 306.4 306.8 308.4 307.3 304.8 303.3 302.7 302.5 299.7 301.4 301.5 301.4 300.8 295.2 291.8 291.7 288.9 287.5 286.6 285.2 284.2 283.4 284.9 286.4 286 287.1 286.8 287 287.3 287.7 288.8 287.2 285.7 285.6 288.4 288.8 288.9 287.9 291.1 295.2 299.4 302.1 303.7 294.7 312.6 318.5 313.3 317.6 331.8 350.2 362.8 367.8 368.8 365.2 357.7 349.2 338.7 324.2 311.9 305 298.8 289.4 280.5 271.3 265.8 258.2 251.3
313.9 317.8 325.3 328.3 327.7 323.3 321.2 318.1 318.2 318.1 321 321.6 323.7 321.8 319.6 317.9 315.8 308.7 306 303.4 304.1 304.4 303.3 302.2 296.7 296.2 295.9 292.1 291.2 289.9 289.3 289.4 290.1 293.3 295.8 296.9 300.1 303.2 306.4 309.7 310.3 309.9 310.5 305.9 308 308.9 310.6 309.8 309.8 310.9 317 321 324.7 327.2 314.4 332.7 338.6 331.1 339.5 348.1 363.6 372.9 378.7 378.8 374.5 369 363.3 352.3 336.2 324.5 311.3 299.4 292 286.6 277.3 272.2 262.9 264.1
326 332.7 342.7 346.6 347.2 345.8 341.3 338.8 330.3 335.9 337.2 338.4 338.8 337 334.8 328.9 319.3 310.6 307.6 303.8 305.9 305.7 304.3 303.7 300.8 300.4 299.5 297.1 296.7 295.5 294.6 298.1 300.1 304.5 307.7 311.6 316.1 321.1 324.6 329.8 329.7 330.5 325.9 320.5 324.9 326.1 328.6 329.4 326.4 332.5 338.3 344 347.7 352.8 352.9 355 360.6 353.4 361.4 368.9 378.6 384.7 388.2 385.1 381.5 378.6 370.9 362.2 350.2 337.5 320.6 306 296.7 289.6 283.5 273.2 269 273.5
342.9 353.6 360.7 368.6 371 369.7 366 360.8 344 353.4 352.7 353 351.2 347.8 340.9 329.6 317.7 313.3 308.5 307.2 307 306.4 305.3 304.2 304.7 304.7 304.2 303.4 303.1 302.6 302.2 308.8 312.3 318.1 322.6 329.7 335.3 340 344.7 347.7 347.8 344.6 337.2 332.1 339.4 340.1 344.1 346.5 350.4 357.1 363.2 367.8 371.9 376.3 374.7 376.6 378.7 380.6 383.2 387.4 390.7 393.8 392.5 390 389.2 383.8 376.9 367.3 355.3 342.8 330.1 316.9 304.2 293.8 286 278.3 281.7 282.2
358.2 372.5 380.4 391.3 391.9 390.9 389.8 381.4 364.3 369.3 369.2 366.5 360 351.8 338.5 326.2 318.1 313.8 309.5 309.1 309.5 309.2 308.8 309 310.3 310.9 312.4 311.7 313 311.2 314.9 319.8 327.1 331.2 340 349.2 355.3 359.7 360.3 359.6 362.2 357.9 345.3 345.3 352.5 355.9 362.3 366.3 372.8 382.2 385.5 387.7 389.3 390.5 389.7 388.6 392.6 395.2 397.7 400.3 402 402 400.2 396.4 396.3 386.8 377.5 367.4 357.1 345.8 332.8 317.6 309.6 298.8 291.8 279.5 288.4 284.7
373.8 391.5 396.4 404 408.8 410.8 410.1 399.1 386.6 383.2 379.4 370.8 359.3 348 333.5 322.2 316.5 312.7 311.7 311.8 313.3 315.6 317.5 318.8 322.4 324.9 325 324.6 324.8 327.1 328 333.5 339.1 349.5 358 367.4 372.8 376.3 373 370.8 372.1 367.3 357.4 361.4 372.3 378 379.1 384.3 391.9 397.6 398.5 400.1 400.5 401.5 399.9 399.9 403.4 406.1 407.2 409.1 409.3 408 405.7 403.1 398.8 387.3 378.4 368.4 357.8 346 333.4 317.3 312.2 303.7 288.3 293 291 285.7
387.7 406.1 405.9 415.9 423.5 423.7 417.1 405.7 395.9 388.2 382.4 366.6 353.3 339 326.2 319.7 315.9 314.5 315.1 319.1 325.3 329 333.9 336.9 338.1 341.2 341.8 337.9 338.7 340 341.2 345.7 354.4 364.8 372.6 380.4 383.9 385.2 383 384.1 382 380.2 377.7 380.6 387.7 393.1 394.5 399.4 403.5 406.9 408.4 408.6 408.8 410.5 407.4 408.5 411.4 412.4 414.3 413.5 413 409.8 407.1 405.8 396.3 386.7 377.3 367.3 357.7 345.2 331.3 317.6 311.3 297.7 299.7 295.8 291.4 286.9
402.3 415.1 417.6 429.3 431.5 423.8 414.4 403.5 396.3 389.6 375.7 358.7 341.1 331.7 323.2 319.1 318.8 320.9 327.4 335 339.9 346.4 352.7 356 357 358.1 355.9 347 351.8 351.7 354.3 359.6 367.7 376 384.3 390.3 392.5 394.4 391.1 392.5 394.4 392.3 391.8 396.3 400.1 402.7 402.9 410.9 414.3 414.8 414.9 416.2 413.7 414.6 413.6 414 416.3 415.8 416.6 414.2 411.7 410.2 407.1 402.9 394 385.4 374.4 365.1 355 341.1 325 317 305.4 305.4 302.9 297 292.5 288.6
413.5 420.5 428.4 430.4 427.8 417.6 406.2 397.2 391.9 382.1 363.1 347 336.9 328.3 321.7 323.1 328.3 335.2 340.7 349.1 357.1 364.2 369.1 370.8 371.1 371.5 368.5 358.8 362.9 362.5 365.2 372.3 378.4 386.4 392.9 396.3 399.4 399.6 398.5 400.2 401.6 402.7 403.8 405.6 407.3 410.4 411.9 419 421.8 419.7 418.5 418.6 416.7 418.4 416.3 418.5 418.3 417.9 414.5 413.8 410.1 408.2 403.7 397.5 389.9 379.8 370.2 359.8 347.9 332.6 317.6 316.9 315.6 312 306.7 299.4 293.6 289.7
422.6 424.9 430.7 429.4 422.5 412.1 398 388.2 376.5 368.1 351.5 340.5 335.8 326.4 330.3 331.9 341.8 348 356 365.2 373 378.4 381.6 381.3 381 380.2 377.9 368.2 372.2 371 375.2 381.8 388.2 393.6 398.5 400.2 403.4 403.6 402 405.7 408.8 409.6 409.1 410.9 413.2 413.4 416.7 420.6 423.3 420.4 417.8 418.5 418.8 419.1 418.7 418.9 418.6 415.2 414.7 409.7 407.3 404.6 398.8 391.7 383 372.3 363.1 352.6 340 325 328.8 327.3 324.2 317.2 311.8 304.8 297.5 292.7
428.7 429.3 432.8 429.5 422.4 410.5 398.3 387 374.4 358.3 349.5 342.7 336.1 331.7 339.3 343.6 353.4 361.9 372.4 380.6 386 389.4 390.4 389.6 388.5 387.6 384.8 378.1 380.9 378.9 383.6 389.3 393.4 398.2 402.1 403.8 404.9 404.9 407 409.2 412.6 412.7 412.9 413.8 415.5 416.5 417.6 421 421.7 421.6 418.2 417.9 419.1 418.4 419.5 418.5 416.9 413.8 411.1 406.8 402.7 398.4 392.8 384.3 375.5 366.5 355.9 344.2 333 334.6 336.2 335 330.4 323.2 316.8 308.9 300.3 295.5
434.1 435.2 435.8 434.9 424.4 410.7 399.2 387.6 372.4 358.1 350.9 344.9 332.9 340.6 344.4 353 366.5 374.2 384.2 391.4 395.5 398.4 397.5 395.8 394 392.9 390.2 387.9 388 384 390.1 394.2 397.9 402.3 405.1 405.4 405.2 408.1 408.5 412.2 414.7 414.7 414.5 415 416.1 417.2 417.7 419.4 420.8 419.7 418.5 417.7 417.4 417.5 419.1 417.5 414.5 413 407.7 403.6 399.4 393.8 387.5 379.5 369.5 360 346.1 345.1 345.6 347.1 346.4 342 335.8 328.6 319.9 312.3 303.7 297.9
440.5 441.5 442.4 437 427.4 414 402.3 389.4 373.9 357.2 349 340.2 344.8 346.4 353.5 367.7 376.8 384.8 394.7 400.5 404.1 404.9 401.1 399.8 398.3 396.4 394.4 394 393.5 389.7 394.1 396.8 400.5 403.2 405.4 405.3 405.3 408.2 406.6 411.4 412.6 413.3 412.8 413.8 413.4 412.8 415.8 417.2 417.4 418.2 417.9 415.7 416.2 417.2 416.3 414.4 412.3 409.2 406.5 402.7 398.8 391.7 383.3 375.2 364 356.3 354.4 356.1 358.8 358.3 354 346.7 338.9 329.9 321.9 313.3 304 299.4
444.6 448 447.6 441 431.6 421.6 408.4 389.6 371.6 357.2 349.1 348.3 351.1 355.9 368.2 380.9 388.2 396.5 404.5 408.6 410.6 409.7 403.9 401.6 400.1 399 397.5 396.9 394.7 392.8 396.2 398.7 400.9 401.7 402.8 403.4 404.8 406.1 407.9 409.3 409.5 410.6 410.3 410.5 408.7 408.3 411.1 413.7 412.5 412.3 413.1 414.2 415.6 416.4 415 413.2 411.8 409.7 405.8 401.2 396 388.7 380.9 372.5 369.1 365.8 368.2 370.9 369.4 365.1 358.8 349.6 340.4 330.6 321.9 311.5 303 299
448.3 455.5 452 446.3 435.9 427.5 410.6 389.4 372.1 357.6 350.3 353.2 360.5 370.9 383.6 391 399.9 407.7 411.9 414 414.7 412 405.1 402.7 400.6 399.9 399.5 397.7 394.6 394.3 395.5 397.5 399.7 398.9 398.3 400.6 402.4 405.2 407.2 408.6 408.3 406.3 403.2 399.7 398.5 401.2 403.5 407.4 410.7 411.6 412.1 413.1 415.1 415.7 414.3 412.8 411.9 409.8 406.7 401.5 393.8 389.5 383.3 381.3 379 380.7 381.9 379.7 375.8 369.9 362.7 351.9 341.4 331 320.1 309.8 302.8 298.4
452.4 457.7 455.8 449 441 429.9 409.4 387.4 370.9 359.7 357.6 364.3 376.3 386.5 394 402.1 409.5 413.8 416.3 417.4 416 412.2 405.6 401.8 399.9 399.1 398.6 395.7 394.2 394.1 394.9 395.4 395.4 395.2 395.6 397.9 401.7 405 405.3 406.3 404.6 403.6 399.6 393.9 393.3 399.4 406.3 409 412.1 411.9 411.7 412 413.5 415.6 414.2 413.3 412.9 411.9 409.8 403.4 400.4 396.4 394.7 394 392.7 391 390.7 385.5 381.7 373.4 364.6 352 341.7 331.3 322.2 313.3 302.1 298.2
457.9 458.9 457.8 450.4 442.8 430.6 408.6 387.6 372.3 362.2 369 381.2 391.6 398.7 404.7 412.1 416.3 416.3 418.7 414.9 412.4 408.4 401.2 397.8 398.2 398.9 397.9 396.6 394.7 393.6 392.4 392.8 392.4 392 393.1 396.8 401.3 402.2 403.3 404.2 403.2 401.1 395.9 390.7 388.7 398.4 409 411.7 411.3 410.5 409.8 409.8 412.7 414.4 414.1 416.6 416.8 416.5 413.2 409.3 409.2 408.2 408.2 405.6 403.9 398.7 396.1 389.1 384.2 377.8 365.6 353.2 342.4 332.3 318.8 311.3 301.7 298
456.5 459.2 457.2 452.4 444.3 429.3 408 390.2 376.1 371.6 384.7 396 403.2 409.6 414.7 418.7 417.1 416 413.6 409.6 403.7 399.7 397.7 396.4 397.7 399.3 400.6 400.5 398.4 396 392.1 389.7 388 386.8 389.3 394.9 398.4 402.5 404 401.2 398.8 396.5 391.1 387.8 382.3 394.5 409.2 411.9 410.6 406.8 407.4 405.2 407.5 411.8 418.2 421 422.4 420.9 417.2 418.1 416.5 420.7 416.1 414.2 406.3 403.9 400.2 392.1 386 379.8 365.6 354.8 344.2 332.9 319.2 309.9 302.1 297.8
457.6 458.9 456 453.1 444.3 428.8 409.5 392.9 381.7 388.5 401 408.8 414.6 420.1 420.9 418 414.8 412.6 405.7 401.8 397.8 396.4 395.4 395.4 396.4 398.2 400.8 403.3 400.9 398.5 395.7 388.7 382.7 381.8 381.6 386.8 395.2 397.7 399.7 393.9 390.8 388.1 385.3 383.1 376.3 387.1 403 405.9 407.5 403.6 402.6 397.9 402.6 411.7 420.9 423.5 424.2 422.8 426.6 425.1 425 424.2 421 415 410 407.1 399.2 392.9 386.5 376.6 365.6 356.1 344.4 333.6 317 309.8 303.7 298.6
454.9 457.3 453.9 451.1 444.5 429.3 411.3 396.8 397 407.3 411.7 418 423.1 426.9 421 415.7 411.9 407.1 403.2 399.2 394.6 393.8 392.7 393 395.1 397.2 400.6 404.4 400.8 399.1 396.2 390.1 381.4 378.6 376.6 377.9 382.3 387.8 386.2 387 384.8 382.9 379.9 378.1 372.5 377.1 389 395.7 398.2 395.3 392.8 391.4 397 407.6 417.3 424 424.7 427.3 429.7 429.1 429.4 426.2 423.5 415.8 411.3 408.7 398.3 393.9 385.7 376.2 365.9 355.6 344.2 330.8 316.9 310.2 303.8 299.7
453.3 450.5 450.9 449.1 445.9 430.9 413.8 407.3 414.7 418.9 421.3 423.3 423.8 422.1 419.1 413.2 409.7 404.2 399.6 394.6 391.5 390.8 390 391.1 392.5 397 402.2 402.7 400.6 399.2 395.9 390 382.3 376.7 374.2 370 371 371.1 374.1 376.7 375.7 373.8 372.4 373.3 369.6 370.4 377.4 385.9 388.2 388.3 385.1 383.8 388 400.9 413.9 423.2 429.3 431.3 430.7 430 428.5 427.3 420.9 415.7 408.9 405.8 398.5 393.6 384.4 375.7 365.8 354.2 342.7 327.8 316.5 308.7 303.5 299.7
447 444.6 446.6 449.1 445.8 430.8 418.5 418.3 425.6 426.3 427.5 424.5 422.1 420.3 414.9 411.3 406.4 401.4 396.7 391.1 389.4 387.7 387.6 389.1 390.9 396.5 399.2 399.6 399.5 398.7 395.8 392.6 385.6 376.7 373.4 371.7 368.5 358 363.5 362.6 362.8 364.4 367.9 370.2 364.5 363 369.2 380.8 386.1 385.1 378.3 373.3 377.1 390.7 406.8 422.5 431.3 430.7 430.6 431.7 426.3 426.6 418.8 414.7 407.9 401.9 397.9 390.8 382.4 372 362.8 352.2 338.8 326.5 316.9 311.6 304.4 300.5
436.9 436.8 438 446.4 440.6 429 422.2 428.1 431.3 432.3 430.1 426.1 423 418.8 414.2 409.2 403.9 397.3 392.9 388.8 383.7 384.1 385.8 386.7 389.3 392.3 395 397.8 399.6 399.1 396.3 394.3 389.5 379 372.9 370.3 367.4 363.5 355.4 355.8 353.5 355.5 360.5 364.2 360.7 353.6 362 377.5 383.2 379.9 370.5 363.8 364 380 402.4 421.1 431 430.6 430.1 430.1 424.3 422.8 415.4 413.4 407.9 401.2 395.9 387.3 378.1 369.6 357.9 345.4 335.7 326.4 319.9 315.6 307 301.5
423.1 423.1 432.4 433.9 431.8 425 424.7 428.4 434.8 435.7 430.9 427.1 423.2 417.5 413.6 406.4 397.7 389.4 384 383.3 379.8 381.8 382.9 384.2 386.8 389.7 394.2 398.3 400.2 399.7 397.5 396.1 391.3 382.8 373.6 370.7 368.5 365 358.8 353.5 345.4 346.2 350.3 356 351.8 346.8 357.1 372.1 378.7 370.8 361.6 357.1 353.9 372.8 398.1 417.7 430.4 427.8 428.6 427.6 422.6 416.2 412.5 411 405.6 399.8 393.6 381.4 373.7 364 348.5 339.4 332.1 325.9 319.6 314.2 307.8 302.8
407.9 406.9 418.3 419.6 418.7 417.7 421.3 428.2 435.7 435.1 431.8 428.1 422.6 419.1 412.6 406.5 398.9 390.5 383.1 376.4 378.3 379 380.4 381.4 385.1 390.6 395.1 399.3 400.7 400.4 398.7 397.3 393.1 389 379.4 374.1 370.5 366.9 359.3 355.1 347.3 341.6 340.6 343.2 341.1 341 353.3 363.9 368.7 359.1 353.1 352 345.7 368.2 392.5 414 425.8 422.4 425.3 419 420.1 413.5 407.3 405.2 400.3 391.9 382.6 373.2 361 352.6 342.9 334.7 328.8 324.5 318.4 313.2 308.5 306.5
389 393 398.7 398.7 402 407.7 415.8 428.1 434.5 435.4 432.2 426.6 423 419.5 412.4 404.6 393.5 383 374.7 375 376 377.4 378.4 378.8 387.3 391.3 394.6 398.3 400.6 400.5 399.5 398.4 395.4 393.4 391.1 386.1 379.5 371 364.9 357.5 348.1 340.9 333 332.6 331.4 338.6 346.6 356.1 353.5 348.4 345.5 345.5 340 361.9 387.5 407 420.4 419.3 419.5 415.9 411.5 405.3 402 400.7 390.2 385 372.4 360.9 349.7 343.4 336.4 331.2 326.7 321.5 316.6 312.8 312.2 310.3
