Game/Highland_Data/StreamingAssets/GeoData/Data/sn/SN99.asc
ncols 200
nrows 200
xllcorner 290000
yllcorner 290000
cellsize 50
[rows 105 to 139 of 200, columns 78 to 155 of 200]
373.5 370.9 368.6 365.8 356.6 352.1 349.1 345 340.2 337.7 333.6 330 322.9 322.5 332.7 331.3 333.7 336.8 339 340.6 342.1 344.4 345.7 346.8 347.4 347 346.4 345.8 346 346.3 347.3 346.8 347.6 348.9 351.3 354.3 353.8 350.3 348 345.9 346 348 350.7 349.2 346.2 342.7 337.3 336.6 330.8 325.9 324.4 322.6 320.8 319.4 319.3 317.3 317 317 318.6 316.3 312.7 309.9 307.6 304.7 301.2 301.5 296.3 294.6 292.6 292.5 292.3 293 292.6 293 296.3 295.1 295.6 297.3
375.2 372.5 369.8 366.8 359.3 353.8 349.6 344.4 341.4 339 335.1 325.4 321.5 328.8 335.2 337.1 336 337.5 339.9 341.3 342.7 344.5 345.9 347.3 348.5 349.2 349.1 348.2 348.2 349.1 349.9 350.4 351 352.5 357.7 360.1 361 359 355.6 354 351 350.9 351.8 352.1 351.1 347.6 343.5 341.3 336.2 331.6 329.8 328 325.9 324.1 323.2 322.1 321 320.8 320.2 318.3 314.8 312.3 309.9 307.2 304.9 303.8 301.1 298.5 297.4 298 298.2 297.6 297.9 302.8 312.5 314.6 308.1 302.5
376.9 373.9 371 368.1 362.1 357.3 351 346.9 343.1 339.5 335 325 326.3 334.8 338.1 338.8 339.4 338.8 340.1 342 343.5 344.9 346.2 347.7 349.6 350.4 351.1 351.5 350.2 350.4 351.8 352.9 354.7 357.9 363.8 366.1 366.5 365.9 362.5 360.1 357 354.6 354.4 354 353.7 353.3 349.6 345.7 340.8 336.1 335.2 332.8 329.2 329 327.3 328.2 325.7 323.8 321.9 320 317.6 315.1 311.8 308.9 307.3 306.9 306 302.9 301.5 301.1 301.1 302.6 303.1 316.5 325.1 326.9 323.5 320.2
378 374.1 371.3 368.5 364.7 360.7 355.2 350.2 345.7 339.4 335.8 333.2 337.3 337.7 339.4 340.6 341.5 341.1 341.9 343.1 344.7 346.4 348.4 349.1 350.8 351.6 352.7 353.5 352.9 352.4 353.3 355.7 358.1 362.2 367.1 370.9 375.2 372.4 368.8 364.4 361.9 359.3 357.2 356.3 355.7 354.9 355.4 350 346.1 342.1 339.9 335.3 333.8 333.8 334.5 332 331.2 330.2 324.6 322.8 320.1 318.4 317.4 312.5 310.3 309.1 308.5 306.5 305.6 306.4 304.7 306.6 309.7 326.1 332.3 335.3 334 331.9
379.6 375.4 371.9 367.2 363.3 359.1 352.7 348.9 344.8 340.6 331.5 336.9 339.6 339.7 341.5 343.5 344.7 345.3 345.3 345.3 347.3 348.5 350.7 352 352.7 353 353.9 354.7 355.9 356.5 357.1 359.8 362.4 370.6 376.3 378.1 380.6 378.1 375.3 371.1 366.4 362.8 360.6 359 358.3 359.6 358.4 355.4 350.7 347.2 343.9 339.7 339.3 338.4 338.2 335.9 335 333.2 328.1 325.2 323.1 320.9 319.2 317.1 312.9 311.4 311.3 308.6 308.3 308.8 309.6 310.7 319.7 329.4 339.5 340.3 339 337.9
382 377.3 373.1 366.9 361.2 356.2 351.6 348.7 344.6 338.5 338.1 339.1 341 343.4 345.8 347.5 347.2 347.5 348.6 349.1 350.3 351.1 352.1 352.9 353.7 354.5 355.2 356.1 357.4 358.8 360.6 363 366.2 373.4 378.7 384 385.2 381.8 378.5 374.4 369.1 365.3 363.5 362.6 362.4 362.9 361.2 357.4 354 351 346.9 344.6 342.7 341.1 340 338.5 336.9 335.2 331.6 328 325.8 323.7 321.5 320 316.1 314 313.7 313 311.2 311.7 313.1 316 321.2 332.7 341.8 342.8 342.2 341.3
384.8 380.3 376.2 371.6 363.9 359 353.3 348.1 344.6 338.4 343.3 340.2 340.9 345.6 347.8 349.2 350.3 350.6 351.4 351.4 351.8 352.8 353.7 353.8 354.7 355.6 356.6 357.6 359.1 360.4 362.1 365.6 369.1 375.1 381.3 384.2 385.1 384 383.1 380.8 376.5 371.8 367.7 366.2 364.9 363.9 362.1 359.5 356 354.5 352 349.5 346.3 344.2 342.4 340.4 338.3 335.2 332.2 330.1 328.3 325.7 324.1 321.3 318.5 316.5 315.8 315.4 315.3 316.7 318.3 320.8 325.4 336.8 341.1 342.3 342.2 343.6
384.8 381.7 377.8 372.6 366.4 360.2 352.3 348.4 344.2 345 346.9 345.1 342.5 346.4 349.3 350.4 351.5 352.8 353.4 352.7 352.7 353.8 355 355.7 356.2 356.9 357.9 359.1 360.6 362.1 363.8 367.1 372.4 377.6 386.6 389.6 391.8 389.8 387.8 386.3 384.3 382.2 377 371.2 368.9 366.6 363.6 360.9 358.7 357.2 355 352.7 350 347.8 345.2 342.5 339.5 335.5 333.1 331.5 329.6 328 327.1 323.3 321.1 319.6 318.6 317.8 318.7 319.7 321.5 324.9 328.7 334 337.5 340.1 343.5 347.5
383.2 380.3 377.2 374.4 368.6 363.4 356.2 350.6 345.2 348 349.1 348.1 345 348.4 350.9 352 352.5 353.6 354 354.1 353.8 354.4 355.9 357.1 358.2 358.7 359.3 360.6 362 363.5 365.7 369.1 376.1 381.2 387.2 394.1 394.5 392.2 389.4 387.8 386.6 388 385.5 382 376.2 371 367.2 364.5 362 359.8 357.5 355.1 352.5 350.1 347.6 343.4 339.9 336.5 334.2 332.8 331.3 329.6 327.3 324.8 323.1 322.5 321.4 321.6 321 321.9 323.8 326.9 332.1 335.5 337.8 341.1 344.4 351.6
383.3 379.1 375.8 373.9 368.5 364.8 360.5 351.4 347.8 349.7 350.9 348.7 348.8 349.8 352.6 353.3 353.8 354.6 355.3 356 356.6 357.6 357.6 358 359.5 360.3 360.6 361.7 363.2 365.2 368 371.3 375.7 380.8 388 395.1 394.9 392.3 390.5 388.2 387.2 389.9 389.2 384.3 379.5 374.8 372.1 370.4 367.3 363.6 360.5 357.4 354.9 352.2 349.5 344.9 341.2 337.6 335.4 333.8 332.4 330.8 328.8 326.9 325.2 325 324.6 323.8 322.6 323.6 325.6 328.4 335.7 338 340.5 341.5 347.7 358.3
383.4 378.9 374.7 372.2 369 365.9 361.6 350.7 349.2 351.4 352 351.6 351.1 352.5 353.9 354.4 355 355.7 356.9 357.9 358.9 359.6 359.3 359.5 360.6 362 363.2 364.1 365.8 366.6 369.8 372.5 375.5 379.2 384.5 390.1 392 390.5 388.2 386.1 386.7 389.2 386 382.9 379.3 376.7 378.2 375.4 371.9 368.6 365 361.3 357.9 353.9 350.1 346.7 343.3 339.9 336.7 334.8 333.7 332.1 330.5 329.6 328.9 327.8 326.7 326.2 324.6 324.2 326.9 329 335.4 338.8 338.3 341.3 350 361.4
382.4 381.1 374.9 372.1 369.8 367.2 364.2 356.2 351.3 353.4 353.4 352.8 352.8 353.7 354.9 355.5 356.2 356.9 357.9 359 360.1 360.8 360.7 360.9 362.1 363.5 364.7 366.4 368.5 369.9 370.5 370.9 373 375.5 379.2 382.5 385.4 386.3 383.6 383.2 386.7 388.2 385.1 382.9 380.6 380.4 382.2 379.9 376.5 372.2 368.5 364.6 360.5 355.3 351.4 348.5 344.9 341.5 338.8 336.7 335.1 334.1 331.9 330.9 330.1 329 328.1 327.4 326.7 325.4 326.9 328.3 331.4 334.6 334.8 339.4 346.3 355.2
383.3 381 375.8 372.4 370.3 368.2 366.2 358.9 352.8 354.4 354.7 354.6 355.2 355.9 356.4 357.3 357.8 358.2 359.1 360.7 361.6 362.1 362.3 362.2 363.3 365.1 367.6 369.5 371 371.6 371.7 371.2 370.9 370.8 371.5 373.2 375.7 377.3 378.3 381.9 384.6 386.1 384.4 382.9 382.7 384.3 387.8 386.1 382.8 376.7 370.8 366.5 361.1 357.2 353.9 351.1 346.8 343.4 340.8 338.1 336.3 334.9 333.2 331.6 330.1 328.2 327.2 326.2 325.5 325 324.6 325 326.3 328 329.5 335.9 344.6 353.2
383.1 381 378.3 374 371 368.4 365.9 359.7 356.2 356.1 356.1 356.1 356.8 358.5 357.4 361.6 360.5 360.6 361.5 363 363.6 364.2 363.8 364.5 365.3 367.2 370 371.6 373.7 374.1 373.5 372.9 371.5 370.5 369.8 370.7 368.8 369.4 372.3 374.5 378.3 381.4 380 380.6 383.7 389.7 388.3 386 382.1 376.8 371.2 365.4 360.7 357.2 354.8 351.8 348.6 344.5 341.5 339.1 336.8 334.8 333.1 331.5 329 326 324.7 323.1 322.4 320.4 320.2 320.5 321.8 323.6 326.2 329.6 340.6 352.4
382.6 381.3 379.4 377.3 374.4 370.5 366.3 361 359.7 360.4 360 358.7 361.6 363.2 360.7 363.6 362.8 364 364.9 365.4 365.8 365.9 366.6 368.4 369.8 371.4 374.2 374.7 375.3 376 376 374.1 373.1 371.9 371 369.3 368.7 368.5 369.3 370.2 372.1 375.3 376.9 378.1 380.9 386.7 383.9 380.6 376 369.7 364.8 361.3 358.5 356.5 353.8 349.3 345.5 342.4 339.8 337.5 335.2 333.8 332.2 330.6 325.4 322.6 321.2 319.6 319.3 317.3 317.2 316.2 315.2 316.9 322.2 329.8 338.5 348.2
379.9 379.5 378.8 377.2 374.2 370.8 362.6 364.3 361.8 362.3 365.1 365.2 366.6 365.4 363.7 365 365.5 367.6 368 368.7 369.3 368.6 369.5 371.1 372.8 376 376.6 376.4 377.9 378 377.7 377.1 375.3 373.1 371.9 370.1 369.2 368.7 368.2 367.7 369.2 371.1 372.8 374.5 375.8 375.9 375.6 372 367.9 365.5 362 359.1 357.1 355.2 351.8 347.3 343.7 340 337.4 335.6 332.8 331.5 330.4 327.2 322.4 320.5 319.1 317.5 316.3 314.7 312.7 312.2 309.8 308.7 311.5 320 326.8 332.1
378.9 377.4 374.2 371.3 368.6 369.1 369.4 368.3 366.3 368.4 369.4 370.5 368.8 367 366.6 367.1 367.8 370.5 371.1 372.7 373.4 371.7 371.2 372.9 375.3 377.9 378.3 379.6 379.7 379.5 379 378.1 375.9 373 372 370.8 369.9 369.4 368.2 367.5 367.4 369 370 369.1 368.7 368.1 367.3 365.9 364.9 363 360 357.2 355.4 353.7 351.8 346.4 342.8 338 335.5 333.2 329.9 328.8 326 323.4 320.9 318.7 316.7 316.3 313.9 311 309.6 308.8 305.4 303 304.2 307.9 312.6 317.9
381.1 378.9 376.5 373.5 372.8 372.7 371.2 370.1 369.5 370.4 371.6 372.5 370.5 369.8 369.8 369.5 371.3 376 377.6 377.5 376.7 374 373.9 374.8 376 379.9 380.7 382.1 382.1 381.6 380.7 379.1 377.7 375.2 373.1 372.1 370.7 369.9 369.2 367.2 367.3 366.8 366.8 366.8 366.6 365.9 364.7 363.9 363 361.8 358.4 355.7 353.8 352.1 350.2 345.5 340.6 336.8 334 331.9 328.5 325.3 323.9 321.6 319.3 316.2 314.2 312.1 311 310 307.2 304 301.6 299.3 297.4 296.9 299.6 302.8
382.2 379.8 378.1 376.4 376.3 375.6 373 372.4 372.1 372.3 373.3 374.5 374.6 375.5 374.7 373.3 376.7 379.2 379.7 380.1 378.8 378 376.8 376.5 378.4 383 384.9 384.5 384.3 383.4 381.5 379.8 378.6 377.5 376.3 375.2 374.3 371.6 370.4 368.1 367.1 366.6 365.9 365.2 364.6 364 363.4 362.5 361.5 360.4 356.7 354.3 352.6 351 349.3 344.2 339.5 335.8 332.5 330.1 327.7 323.9 321.7 319.4 317.6 314.2 312.5 310.3 307.9 307.9 303.3 300.3 298.4 296.2 293.8 290.7 289.7 287.9
382.7 380.6 378.9 378.9 378.7 378.1 375.8 377.5 377.9 376.9 375.9 376.6 377.7 377.9 377.6 378.1 379.6 381.7 381.6 381.3 380.9 381.3 380.7 379.8 380.7 382.7 384.8 385.8 385.7 385.1 382.3 380.5 379.5 378.6 377.8 376.9 376.3 374.8 372.3 370.1 368.4 367.4 366.1 364.6 363.5 362.2 361.6 360.9 360.1 359 354.8 353 351.1 349.8 347.4 342.5 339.5 335.7 330.9 328.1 325.9 323.1 320.5 317 314.7 312.4 310.5 308.1 304.3 301.6 299.6 298.1 295.1 293.1 290.7 287.1 284.9 283.2
383.5 382.4 381.9 381 380.9 380.6 379 381.4 383.1 381.1 379.3 379.7 379.8 379.8 380 381.3 383.3 383.1 382.8 383 383.6 384.1 383.7 383.5 382.9 384.1 385.5 386.5 387.4 387.4 386.7 382.5 380.7 380 379.2 378.2 377.2 376.2 374.3 372.2 370.2 368.9 367.8 366.6 364.4 361.6 360.9 358.6 357.4 356.2 353.1 349.7 349.8 348 342.7 340 337.7 333.7 328.8 326.4 323.9 322 318 314.9 312.7 310.7 307 301.2 299 297.3 295.9 294.7 291.6 289.5 288 284.5 282.2 280.4
385.5 384.5 384.1 384.2 383.2 382.9 381.2 384.8 386.2 385.1 382.3 381.8 381.7 382.4 382.1 383.7 384.9 384.7 385.1 386.1 386.8 388.3 389.1 390.6 391.1 390 389.1 389.3 389.5 389.7 389.4 388.7 383.3 381.6 381 379.5 378.4 377.3 375.8 374 372.1 370.5 369.4 367.9 366.2 363.3 362.4 360.5 359.1 355.5 353.3 351.4 344.3 343.8 340.8 338.9 337.1 334.4 331.7 324.5 321.6 318.4 315.3 313.1 310.2 307.5 301.5 297.7 296 294.7 293.1 292.2 288 285.2 283.3 281.2 279.4 278.2
387.1 386.6 386.5 387.7 387.3 385.4 385.5 388.3 389.1 388.9 384.7 384 383.3 384.6 385.2 385.9 386.4 386.8 387.1 388.5 390.1 391.6 393.2 395.7 395.4 393.4 391.8 391.7 391.6 391.4 391 390.1 387.2 384.6 382.9 381.1 379.6 378.5 377.1 376 374.9 372.3 370.9 369.5 367.2 365 363.4 361.4 359.7 355.8 353.3 351.9 347 342.8 337.4 337 334.7 331.2 329.8 323.4 320.2 317.4 313.4 310.9 307.9 303.4 298 294.6 292.5 292 290.2 288.6 284.1 282.1 281 278.3 276.9 276.2
388.8 388.9 388.6 389.7 389.9 390.1 389.9 394.2 391.8 391.6 387.8 387.2 386.2 386.6 386.7 387.3 387.9 388.5 389.3 390.4 391.8 393.2 395.3 396.8 396.6 395.2 394 393.6 393.4 393 392.6 391.4 389.3 387 384.8 383.2 381.8 379.7 378.6 377.4 376.5 374.1 372.5 371.2 368.7 367.1 364.3 362.1 360.3 356.5 353.4 351.3 346.4 343.3 340.4 332.7 330.6 328 324.1 321.1 318.6 315.7 312.6 308.8 306.2 303.5 298 293.3 289.9 287.9 286.9 285.2 280.4 278.3 277.4 275.1 274.7 270.6
390.9 391.3 390.8 391.3 392.3 394.9 395.6 395.2 394.4 393.7 390.7 389.7 388.2 388.3 388.1 387.2 388.2 389.2 390.5 391.9 393.2 394.4 396.2 398 398.8 397.5 396.3 395.3 395.3 395 394.1 392.6 390 388.6 386.8 384.9 383.4 381.7 380.1 378.7 377.8 375.2 373.1 371.7 370.2 368.4 365.4 363.4 360.5 357 354.6 350 346.7 342.9 340.7 336.2 331.9 328 325.2 318.2 314.5 311.9 310.1 306.8 304.1 302.1 298.5 289.7 287.4 281.4 275.5 278.1 274.6 273.4 273.4 271.3 268.9 264.9
394.4 393.7 393.6 393.7 394.4 395.7 396.1 395.7 395.7 395.1 393.1 391.7 389.7 389.9 389.6 388.3 389.2 390.4 391.8 393.2 394.3 395.5 397.1 398.4 399.6 399.9 398.7 397.7 397.8 397.3 395.9 394.4 392.1 390.4 389.1 386.7 384.9 383.3 381.1 379.9 378.8 376.4 375.7 374.2 372.1 369.9 366.9 364.6 361.9 359.3 357.5 350.8 347.3 343 338.8 335 331.6 328.6 325.6 322.7 318.9 312.3 308.7 305.5 300.1 295.5 298.4 296 292.4 287.8 285.8 277 273 265.3 262.6 264 260.6 259.8
398.6 396.4 396.9 397.5 397 397.4 397.9 397 396.7 396.1 394.7 393.4 391.5 391.2 391.1 390.5 392.3 393.1 393.8 394.5 395.1 395.5 396.9 398.2 399.6 401.3 401.8 401.7 400.6 399.5 398.4 397.1 394 392.6 391.7 388.8 387 385 382.7 381.1 381.6 383.6 384.6 382.3 377.1 371.1 367.4 364.4 362.1 360.4 357 351.5 347.8 343.7 339.6 335.6 332 328.9 326.2 322.6 320.1 311.8 307.7 305 303 300.8 299.5 296.5 293.2 289.5 285.7 281 276.8 272.6 269.5 266.6 254.2 255
401.1 400.2 399.6 399.6 400.3 403.5 402.4 398.8 397.9 396.5 395.2 393.4 393.1 393.3 393.4 393.7 394.3 394.9 395.5 396.1 396.4 396.6 396.5 397.8 399.2 400.6 402 402.4 401.7 400.7 399.8 398.8 396.4 397.8 396.9 393.5 392.2 393.3 391.2 391.6 392.1 391.7 390.3 384.9 376.9 372 368 365.3 363.2 361.4 356.4 351.9 348.9 344.3 340.8 335.6 331.5 328.5 324.3 321.1 319 311.8 306.9 304.3 302.5 300.1 298.3 295.6 293 290.1 286.5 283.9 280 273.3 269.9 266 259.6 252.4
401.3 402.2 401.4 401.5 403.3 406.2 406.1 400.4 398.4 397 395.8 394.9 395.8 395.1 394.6 394.8 395.1 395.8 396.4 397.4 397.3 397.3 397 398 398.9 399.9 401.3 402.4 402.5 402.2 401.4 400.2 399.5 399.4 399.5 393.8 398.3 399.3 399.8 401 399.2 395.9 391 383.8 378.3 374.5 370.9 367.6 364.3 360.9 356.4 351.8 347.6 344.3 341.1 336.1 331.9 327.2 323.8 319.8 317.4 311.1 306.6 303.7 302.1 300.1 298.5 296.3 289.9 288.3 285.8 283.1 279.7 275.6 269.4 264.3 260.8 256.6
403.9 404.6 405.9 408.2 406.9 408.1 408.1 406 399.7 398.3 398 397 398.1 397.8 396.2 395.7 395.7 395.1 395.9 396.3 397.2 397.3 397.4 398 398.8 399.6 400.4 401.2 401.6 401.7 401.9 401.6 400.8 401.2 402 402.1 401.2 400.9 400.8 400.1 398.9 395.9 391.4 386.1 380.3 376.9 372.8 368.7 366.1 361.9 357.2 352.8 347.5 343.6 339.2 335.1 331.7 327.3 322.5 318 314 310.1 305.5 303.1 301.6 299.7 298.8 296.8 293.8 289.6 286.9 282.9 274.4 273.2 268.4 260.4 257.8 255.7
407.2 408.4 410.2 410.8 411.8 410.6 409.9 409.2 402.1 400.4 399.9 400 399.5 399.4 399.2 397.5 396.5 396 395.7 396.1 396.8 397.1 397.6 398.1 398.8 398.5 399.1 398.5 398.3 398.4 398.2 399.6 401.4 402.9 403.2 402 400.2 400.1 398.9 398 397.1 395.2 391.6 386.9 382.2 377.9 373.5 369.9 366.2 361.3 356 351 347.4 341.7 338.2 334.3 330.7 327 322 318.5 313.1 307.5 304.4 302.4 301.2 299.4 296.2 296.3 294.7 292 286.8 282.4 276.8 267.3 262.2 259 254.9 249.7
410.8 413.3 414.4 413.8 413.3 412.5 411.8 411.3 405.3 401.9 401.9 401.6 401.4 401.1 400.8 399.7 398.2 396.8 397.5 398 397.7 398.4 398.7 398.8 398.7 397.6 395.9 395.6 394 393.7 392.9 393.9 396.5 399.6 399.3 398.8 397 395.2 394.7 394.3 393.2 390.4 388 383.4 380.8 377.6 373.9 369.2 364.7 359.6 354.7 350.2 346.8 340.5 337.8 333.3 330.1 327.2 321.7 316.8 312 307.3 304.2 302.6 300.9 300 297.2 292.2 292.6 292.1 285.9 280.7 272.4 268.3 260.2 253.3 249.4 243.8
417.3 419.1 417.8 415.7 414.6 413.6 413.1 412.5 408.3 404 403.4 403.1 403 402.8 402.5 401.9 401 399.9 399.4 399.6 400.1 400 399.8 399.5 398.3 396.7 394.8 391.9 389.3 388 387 387.7 391.5 391.1 390.3 388.7 386.3 384.8 384.3 385.1 384.4 380.8 378.6 375.7 375.5 372.8 368.9 364.4 360 355.7 352.2 349.5 346.7 340.7 337.7 333.4 329.9 326.2 322.1 315.1 311.5 307.7 305.9 303.9 302.1 301.4 299.3 296.2 290.5 286.6 283.9 278.8 272.1 270.6 265.4 260.4 250.5 249.9
424.1 420.2 418 417 415.9 414.9 414.3 413.3 408.3 406.2 405 404.5 404.1 403.9 403.5 403 402.3 401.6 400.7 400.8 400.6 400.4 399.7 399 397.4 395.8 392.6 390.2 387.9 383.1 382.3 379.6 377.5 375.4 372.8 370.4 369.6 370.3 369.8 369.9 369.5 363.1 363.9 367.3 367.1 363.4 361.2 359.7 357.6 354.6 350.6 348.4 346 340.9 339.4 334.5 329.9 326.4 320.6 315.7 312.5 312.1 310.2 307.9 306 303.7 300.9 297.1 293.4 286.9 284.8 281 274.6 267.7 263.7 262.7 258.4 254.6
424.5 421.3 419.3 418.1 417.2 416.5 415.7 414.3 410 407.8 406.9 406.9 406 405.5 405 404.4 403.5 402.7 401.8 401.3 400.6 399.8 398.9 397.9 395.9 393.4 390.8 388.5 386.7 382.5 379.8 375.5 368.8 367.1 362.7 359.3 359.7 358.2 356.1 355.2 354 350 358.5 360.7 357.7 354.9 358.4 356.3 353.8 350.9 348 344.9 344.3 341.5 338.3 334 329.7 326.3 321.9 318.8 316.2 314.7 313.7 313.5 312.2 309.9 306.2 300.9 297 292.7 288.5 283.3 277.2 271.9 268 262.5 258.7 256.2
