Game/Highland_Data/StreamingAssets/GeoData/Data/sw/SW43.asc
ncols 200
nrows 200
xllcorner 140000
yllcorner 30000
cellsize 50
[rows 70 to 104 of 200, columns 0 to 77 of 200]
-1.7 -1.7 -1.7 -1.7 -1.7 -1.7 -1.7 -1.7 -1.7 -1.7 -1.7 -1.7 -1.7 -1.7 -1.7 -1.7 -1.7 -1.7 -1.7 -1.7 -1.7 -1.7 -1.7 -1.7 -1.7 39.9 72.7 97.4 112 116.4 119.1 120.1 121.1 121.9 122 121.4 120.8 120.3 120.9 123.2 126.8 131.6 136.6 141.5 148.1 158.3 169.8 181 190 198.6 203.4 198 189.8 175.3 168.1 163.4 161.3 159 157 156.6 157.8 158.5 158.6 157.9 155.6 152.2 151 151.2 150.8 151.4 152.7 154.5 156.7 158.9 160 160.5 161 163.5
-1.7 -1.7 -1.7 -1.7 -1.7 -1.7 -1.7 -1.7 -1.7 -1.7 -1.7 -1.7 -1.7 -1.7 -1.7 -1.7 -1.7 -1.7 -1.7 -1.7 -1.7 -1.7 -1.7 -1.7 -1.7 35.6 74.8 100 114.6 118.6 121.4 122.8 124.1 125.2 126 125.9 125.3 124.9 125 125.7 128.7 133.1 138 143.9 150.1 159.9 171.7 182.8 196.3 205 214.4 211.2 202.5 186.7 176.9 171 167.8 165.4 163.3 163.2 165 166.9 168.9 169.1 167.6 161.6 157.5 156.3 155.4 154.6 155.4 156.3 158.2 160.2 161.9 162.4 163 163.1
-1.7 -1.7 -1.7 -1.7 -1.7 -1.7 -1.7 -1.7 -1.7 -1.7 -1.7 -1.7 -1.7 -1.7 -1.7 -1.7 -1.7 -1.7 -1.7 -1.7 -1.7 -1.7 -1.7 -1.7 -1.7 23.9 70 95.4 113.6 119.6 123.3 124.9 126.6 128.2 129.6 130.2 129.8 129.3 129 129.5 131.5 134.9 139.7 145.3 152 160.5 169.3 181.2 194.7 206.2 214.5 223.4 212.4 197.6 185.5 177.6 174 171.5 169.1 168.5 170.4 173.4 178.3 180 178.8 174.5 166.3 161.7 160.2 158.7 158 158.5 159.5 161.3 163.2 164.4 164.9 164.8
-1.7 -1.7 -1.7 -1.7 -1.7 -1.7 -1.7 -1.7 -1.7 -1.7 -1.7 -1.7 -1.7 -1.7 -1.7 -1.7 -1.7 -1.7 -1.7 -1.7 -1.7 -1.7 -1.7 -1.7 -1.7 28.1 68.6 96.9 112.4 120.5 124.9 127.3 129.3 131.5 133.3 134.5 134.6 134 133.7 134.3 135.2 137.1 141.3 147.1 153.5 160.9 168.3 176.6 188.2 200.7 211.8 220.2 217.5 209.8 197.2 185.8 180.6 177.8 175.5 174.4 175.5 178.7 183.3 190.7 189.1 185 175.8 168.3 164.3 162.7 161.8 160.8 161.3 162.7 164.2 165.5 166.4 165.5
-1.7 -1.7 -1.7 -1.7 -1.7 -1.7 -1.7 -1.7 -1.7 -1.7 -1.7 -1.7 -1.7 -1.7 -1.7 -1.7 -1.7 -1.7 -1.7 -1.7 -1.7 -1.7 -1.7 -1.7 -1.7 61.6 90.4 107 116.9 123.5 126.7 129.8 132.8 135 137.6 139.4 141.9 142.6 140.9 139.1 139.3 140.4 143.7 149.2 155.2 161.8 168.5 175.4 183.3 192.8 203.2 216.2 224 219.9 208.3 194.7 188.2 184.6 182.3 180.7 181 183.9 187.7 195.2 200.4 194.7 185.7 175.9 169.7 167 165.6 164.3 163.8 164.5 165.3 166.5 167.5 166.6
-1.7 -1.7 -1.7 -1.7 -1.7 -1.7 -1.7 -1.7 -1.7 -1.7 -1.7 -1.7 -1.7 -1.7 -1.7 -1.7 -1.7 -1.7 -1.7 -1.7 -1.7 -1.7 -1.7 -1.7 39.2 87.9 110 119.3 123.3 127.1 130.3 133.2 136.4 138.7 141.6 144.9 148.8 151.1 151.1 148.4 146.5 145.6 148 152.1 157.8 163.1 169.2 175.4 182.4 190.1 199.1 211.6 223.6 227 218.5 203.3 195.6 191.6 188.9 187.1 186.6 188.9 192.5 198.4 206.5 204.7 197.1 187.2 177.6 171.9 169.3 167.8 166.6 166.3 166.8 167.7 168.4 168
-1.7 -1.7 -1.7 -1.7 -1.7 -1.7 -1.7 -1.7 -1.7 -1.7 -1.7 -1.7 -1.7 -1.7 -1.7 -1.7 -1.7 -1.7 -1.7 -1.7 -1.7 19.1 53.8 50.6 72.1 101.1 120.7 126.4 129.8 132 134 136.7 139.6 142.7 145.7 150.1 155.1 159.6 162.6 162.9 159.5 155.9 154.6 156.7 160.7 165.4 170.2 176 183 190.5 199 209.2 220.2 229.5 227 212.4 202.4 197.6 195.1 192.7 191.7 193.7 197.2 202.1 208.8 211.9 207.2 197.7 187 178.4 173.8 171.5 169.6 168.3 168.6 169 170 170.7
-1.7 -1.7 -1.7 -1.7 -1.7 -1.7 -1.7 -1.7 -1.7 -1.7 -1.7 -1.7 -1.7 -1.7 -1.7 -1.7 -1.7 -1.7 -1.7 -1.7 -1.7 56.1 89 96.9 104.8 119.5 126.2 131.6 134.2 136.6 138.4 141.5 144.2 146.9 150.2 156 161.7 168.1 174 176.9 175.4 172.1 168.8 166.9 167.2 169.6 173 177.8 184.7 191.6 200.7 209.7 218.6 229.4 233.9 219.5 209 203.6 200 198.2 196.6 198.2 201.8 205.8 211.8 217.1 214 205.3 195.4 185.7 178.7 174.9 172.3 170.2 170.6 171.1 172.2 173.1
43.3 12.1 11.3 -1.7 -1.7 7.7 0.9 -1.7 1.2 34.9 53.4 46.7 31.6 12.7 26.8 -1.7 -1.7 -1.7 -1.7 45.4 64.2 87.2 101.2 118.2 124.2 128.9 132.2 135.7 138.4 141.5 143.9 145.8 149.1 152.9 157.5 163.8 170.5 177.4 184.7 190 192.3 191.1 187.6 183.3 180 178 178.9 182.1 188 194.2 203.8 210.8 218.8 227.7 239 230.3 214.2 208.9 204.6 202.4 201.2 202.7 205.8 209.5 215.5 220.5 217.5 210.1 200.9 190.9 183.5 178.6 175.5 172.9 172.7 173.2 174.7 175.8
73.5 61.3 49 37.6 42.4 42.9 36.5 29.4 36.7 60.7 83.9 74.6 69.5 71.9 62 26.1 43.6 55.6 58.3 71.3 96.2 108.8 117.3 124.2 130.4 134.3 136.6 140.3 145 150.2 153.2 154.1 158.3 161.8 169 174.6 180.9 187.8 195.4 201.9 206.7 208.5 206.2 201.7 195.4 191 188.8 190.1 193.7 198.8 207.1 213.7 219.5 227 234.5 245.9 225.4 212 209.2 206.6 205.3 206.7 209.5 213.2 218.2 222.1 220.8 213.5 204.4 195.7 188 182.6 179.1 176.4 175.1 175.3 176.7 177.7
95.7 89.2 77.2 72.4 81.6 76.1 75.5 70 71.9 82.5 93.7 97.9 100.9 107.6 87.2 52.5 67.5 93.2 99.3 101.2 112 121.5 126 129.6 134.3 138.6 141.7 147.1 154.4 160.7 165.1 167.5 171.2 174.8 179 184.3 191.1 198.4 206.2 213.9 219.9 222.4 221.4 216.9 209.8 203.5 200.1 200.6 204.1 208.8 214.7 218.9 222.9 227.3 231.3 234 238.1 216.4 212.3 209.4 208.2 210 212.3 215.9 220.1 223.8 223.3 216.7 208.4 200.5 193.9 187.5 183.4 180.5 178.2 177.8 178.7 179
103.4 100.3 92.1 90.5 96.2 99.1 98.8 99.1 100.9 101.4 103.7 104.3 108 110.8 100.5 81.5 95.6 107.6 113.5 115.4 120.1 125.2 130.1 133.5 137.4 141.8 146.8 154.1 165.1 173.8 176.6 179.4 182.2 185.5 188.5 193.1 200.1 207.1 214.7 223.4 230.6 233.8 232.8 229.1 221.9 215.1 211.3 211.7 213.9 217.9 221.4 224.6 226.4 228.2 229.4 229.7 228.1 220.3 215.1 211.8 210.8 212.3 214.9 218.3 222.1 225.4 225 219.8 212.2 205.9 199.8 194.2 189.3 186.1 183.4 181 181.1 180.9
105.5 103.2 98 97.2 100.2 103.5 105.2 107.3 108.2 109.7 110.5 109.6 108.7 109.6 104.8 98 105.9 113.2 117.3 120.3 123.4 127.7 131.9 135.6 139.1 144.3 151.4 160.6 172.4 184.2 190.6 191.6 192.6 195.3 198 202.1 208.3 214.8 222.2 230.8 238.6 242.8 241.2 237.9 231.2 225.1 221 220.7 222.7 225.2 227.9 229.8 229.9 229 228.2 226.3 223.5 220.5 216.9 214 212.8 214.1 216.8 220.1 223.2 226.2 225.8 222.5 217.1 211.2 206.4 201.3 196.5 192.8 189.1 185.4 183 182.4
107.1 104.8 101.7 101.5 103.4 105.5 107.4 109.2 111 112.4 113.2 113.2 111.7 110 107 104.6 110.6 115.4 119 121.8 125.5 129.2 133.1 137 141.6 146.3 155.6 166.3 178 190.2 201.7 201.6 201.9 204 207.8 210.8 216 222.2 229 236.8 244 247.2 246.7 242.9 238 232.6 230 228.9 229.6 231.3 233 234.1 232.8 230.7 227.8 225.2 221.7 219 217.2 215.3 214.6 215.8 218 220.8 223.6 226.1 226.5 224.7 221.4 217.2 214 210.7 206.6 201.8 195.3 190.5 186.4 183.5
108.4 106.4 104.6 104.8 106.3 107.4 108.6 110.4 112.2 114 115.2 115.6 114.5 112.2 109.5 109.1 113.5 116.8 119.8 122.7 126.5 130.5 134.3 138.4 143.1 149 157.6 168.8 181.5 191.8 202.5 205.5 207 210.1 213.6 217 221.6 227.9 234.2 241.1 248.3 249.3 248.6 245.7 241.7 237.5 235.8 234.9 234.9 235.6 237 237.7 235.4 232 227.6 224.4 221.2 218.7 216.8 215.7 215.3 216.5 218.4 220.9 223.3 225.9 227.8 227.5 225.8 223.6 222.1 219.7 215.5 210.4 202.4 196 190.5 185.2
110.3 108.6 107.4 107.6 108.5 109.5 110.2 111.6 113.3 115.2 116.2 117 116.7 114.9 112.6 110.4 113.8 117 120 123.4 127.4 131.4 135.2 139.2 144.4 150.6 159 169.8 181.8 192 200.4 204.9 209.6 213.6 216.7 221.9 226.6 231.6 237.2 242.5 249.3 250.3 248.3 245.5 242.7 240.1 238.1 237.8 237.9 237.7 238 238 235.9 231.4 227 224.1 220.7 218.3 217 216 215.7 216.7 218.4 220.6 222.8 225.4 227.9 229.2 229.1 228.7 228 226 221.8 216.5 207.2 199.9 193.6 187.6
111.6 110.6 109.7 109.8 110.7 111.4 112.2 113.1 114.6 116.3 116.9 117.7 117.8 117.3 115.7 113.9 113.5 117 120.2 123.6 127.9 131.8 135.7 139.7 145.1 151.4 160.1 170 181.1 191.3 198.1 204.5 210.4 215.4 220.1 225.9 230.1 234.8 239.4 243.5 247.7 248.6 246.5 243.9 241.5 239 237.9 237.4 237.5 237.7 236.7 235.9 233.4 229.3 224.9 221.9 219.5 217.3 216.2 215.6 215.6 216.3 218 219.7 221.6 224.2 226.9 229.5 230.7 231.2 230.7 228.9 225.3 219.1 209.7 203 196.1 189.7
112.9 112.4 112 112.2 112.5 113.3 114.1 114.9 115.8 117.2 118.1 118.6 118.8 119.4 118.6 117.2 115.6 117.2 120.7 124.1 128.2 132.1 136 140 145.7 151.8 159.7 169.4 180.5 190 196.5 203.2 209.1 215.2 221.7 227.4 232.3 236.6 240.8 243.6 244.5 245 243.7 240.9 238.7 237.2 235.9 234.9 234.7 234 233.3 232 229.4 226 222.4 220.2 218 215.9 214.9 215.1 215.5 216 217.2 218.8 220.6 222.8 225.6 228.3 230.1 230.7 230.6 228.9 225.7 219.9 211 204 196.8 190.5
114.3 114.4 114.1 114.1 114.5 115.2 116 116.8 117.6 118.4 119.4 119.9 120.3 121.2 121.5 120.5 118.9 118.4 121.7 125 128.5 132.6 136.5 140.7 146.1 151.6 157.9 167.9 179.2 187.8 194.5 200.7 207.9 214.7 221.8 227.5 232.7 237.2 241.2 242.7 242.4 241.5 239.7 237.4 234.8 233.7 232.5 231.6 230.9 230.3 229.6 228.2 225.7 222.5 219.5 217.4 215.4 213.7 213 213.7 214.5 215 216.5 217.9 219.7 221.6 224.3 226.7 228.4 229.1 228.7 227.1 224 218.7 210.7 203.7 196.6 190.4
115.8 116.1 116.1 116 116.3 117.1 117.9 118.7 119.5 120.2 120.8 121.2 122.1 123 123.6 123.6 122.2 120.6 122.6 125.9 129.1 132.7 137 141 145.7 150.8 157.7 166.1 176.1 185.4 192 197.5 205.2 212.9 220.6 226.1 231.3 236.4 240.3 240.9 239.8 237.9 236 233.9 231.1 229.8 228.7 228.1 227.3 226.6 225.9 224.5 222.6 219.9 216.7 214.5 212.6 211.6 211 211.6 212.4 213.4 215.1 217.1 219 220.9 222.3 224.5 226 226.9 226.6 224.9 222 217 210.1 203.3 196.7 190.9
117.1 117.5 117.7 117.6 118 118.5 119.5 120.4 121.2 122 122.5 123.3 124.1 124.9 125.7 126 125.5 123.9 122.8 126.4 129.5 133.2 137.2 141.1 145.7 151.4 157.5 164.5 173.5 182.2 188.5 194.9 202.4 210 218.1 223.8 229 234 239.3 238.3 236.3 234.6 232.3 230 227.6 226.2 224.9 224.5 223.8 223 222.2 221.4 219.9 217.3 214 211.5 210.1 209.5 209 209.5 210.4 212.2 214.3 217.1 218.9 220.5 221.4 222.7 223.7 224.6 224.2 222.7 219.8 215.2 210.1 203.7 197.7 192.2
118 118.7 119.1 119.2 119.5 120 120.9 122 123 123.8 124.3 125.5 126.3 127.1 128 128.7 128.5 127.2 126.2 127.2 130.1 133.5 137.3 141.2 145.7 151.9 156.9 163.2 170.5 179 184.8 192.7 199.9 206.8 214.7 221 225.9 230.1 234.8 234.8 233 231.3 228.6 226.4 224.3 222.6 221 220.6 220.1 219.3 218.6 217.8 216.9 215.2 212.5 209.6 208 207.1 206.9 207.4 208.9 211.3 214.3 217.3 220.2 221.7 222 221.6 221.8 222.4 221.8 221 218.7 214.5 210 205.2 199.8 194.6
118.8 119.5 120.2 120.7 121.1 121.5 122 123.3 124.5 125.5 126.5 127.6 128.5 129.5 130.4 131.2 131.4 130.7 130.6 130.8 132.2 134.4 137.4 141.8 146.3 152.1 156.9 162 168.9 175.9 182.8 190.5 197.4 204.3 212.1 218.4 223.2 226.8 230.1 231.1 230.5 228.6 225.4 223.3 221.2 219.3 217.5 216.6 216.4 216 215.5 215.1 214.8 213.7 211.8 209.3 206.7 204.8 204.6 205.8 207.8 210.4 213.9 218.5 222 223.5 223.1 222.4 220.5 220.3 220.3 219.8 217.8 214 210.2 206.5 202.1 198.4
119.5 120.2 120.9 121.9 122.4 123 123.4 124.6 125.8 127.1 128.5 129.8 130.8 131.9 133 134.3 135.1 135.2 135.1 135.6 136.8 138.4 140.3 142.8 148 153.1 157.5 162.5 167.9 173.7 181.5 189.7 196.3 202.6 210.1 215.9 220.8 224.5 226.9 228.2 228 226.3 223 220.8 218.4 216.3 214.6 213.8 213.4 213.1 212.8 212.6 212.4 212.1 210.8 208.7 206 203.4 202.6 204 206.6 209.6 213.4 218.9 223.5 225.2 224.5 222.9 220.5 218.9 218.8 218.5 216.9 213.9 210.2 207.3 204.4 202.6
120 121.1 122.1 123.1 123.7 124 124.6 125.7 127.4 128.8 130.7 132.6 134.9 136.3 137.3 138.1 138.9 139.7 139.6 140.6 142.9 144.8 147 148.9 151.1 154.3 159 163.2 168 173.5 181 188.3 194.7 201.6 208.6 214 218.8 221.9 224.8 226.2 226.4 224.8 222 219 216 213.4 211.8 210.7 210.4 210.4 210.2 210 210.1 210.1 209.6 207.8 205.6 202.9 201.5 202.4 204.7 207.6 212.2 217.4 222.5 225.1 224.9 223.7 221.6 219 217.5 217.1 215.7 213.4 212.2 210.4 209 207.3
121.3 122.4 123.4 124.3 124.9 125.3 125.6 126.6 128.4 130.4 132.5 135.5 138.1 140.5 142.2 143 143.5 144.1 144.9 146.1 149 151.5 153.1 154.4 155 157.4 161 164.8 169.2 175.2 181.3 188.3 194.5 200.8 207.5 212.9 217.1 220 222.7 224.2 224.9 224.4 221.7 218.7 215.2 211.3 208.9 207.6 207.7 207.7 207.5 207.4 207.8 207.7 207.2 206.5 204.9 202.6 200.3 200.7 202.2 205.1 210 215.1 219.7 223 224.3 224 222.7 220.4 217.8 216.7 216.4 215.6 215.1 214.5 213.5 212.2
121.8 123.4 124.6 125.6 126.2 126.5 126.8 127.6 129.4 131.2 134.4 137.8 141.3 144.7 146.9 148 148.7 149.5 150.4 151.8 154.6 157.8 159.6 161 161.2 162.7 166.2 169.6 173.5 177.3 183.3 189.9 196.1 201.9 207.9 212.4 216.1 218.5 220.7 222.4 223.2 223.4 221.4 218.3 214.4 210.4 206.4 204.8 205 205 204.8 204.4 205.3 205.9 205.7 204.7 203.5 202 199.5 198.9 200.4 203 207.5 212 216.6 220.2 222.9 223.5 223.2 222.1 219.5 217.2 216.9 217.2 217.3 217.4 216.7 215.9
121.9 123.9 125.3 126.5 127.3 127.6 127.9 128.8 130.1 132.2 135.7 139.3 143.1 147.2 150.6 152.8 154.1 155.1 156 157.7 160.8 163.8 166.1 167.5 167.9 168.3 170.5 173.2 176.5 180.7 186.1 191.8 197.8 203.2 207.9 211.9 214.8 216.9 218.4 219.8 220.9 221.6 220.3 216.8 212.8 208.7 204.9 202.1 202 202 201.6 201.8 203 203.7 203.7 202.8 201.5 200 198.2 197.1 198.7 201.2 204.9 209.1 213.3 217.6 220.9 222.6 223.8 222.9 221.7 219.3 217.8 217.9 218.5 219 219 218.6
122 123.5 125.7 127.1 128.2 128.6 129.1 129.7 131.1 133.4 136.8 140.4 144.5 148.9 152.9 156.2 158.6 160.6 162.2 164 166.4 169.3 171.8 172.8 172.6 173.2 174.7 177 179.8 183.8 188.4 193.9 199.1 203.9 207.7 211.4 213.4 215 216 216.8 217.2 217.7 217 214.1 210.5 206.9 203.2 200.4 198.3 198.7 198.8 198.6 200.4 201.1 201.3 200.7 199.3 197.7 196 195.8 197.2 199.5 202.3 206.3 210.4 214.5 218.6 222 224 224.5 223.7 221.5 219.2 217.7 218.4 219.2 219.7 219.7
121.4 122.9 125.1 127.2 128.8 129.7 130.2 130.8 132 134.6 137.8 141.2 145.1 149.4 154.1 158.3 162 164.8 167.5 169.9 172 174.4 176.4 177.9 177.9 177.8 179.1 181.2 183.3 186.7 190.3 195.3 200 204.7 207.8 210 211.5 212.6 212.8 212.6 212.9 213.2 212.8 210.8 207.4 204.6 201.3 198.3 196.1 195.3 195.8 196.4 197.5 198.6 198.9 198.2 196.7 195.2 193.9 194.6 195.6 198.2 200.9 204.6 208.7 212.4 216.5 220.8 224.1 225.7 225.4 223.5 220.9 218.3 217.3 218.1 219.2 219.2
120.8 122.4 124.6 126.6 128.6 130.2 131.4 131.9 133 135.6 138.8 142 145.7 150 154.7 159.2 163.6 167.8 171.2 175.4 178.2 180 181.3 182.6 182.5 182.2 183 184.3 186.3 188.7 192 196.3 200.7 204.2 206.7 208.8 209.7 209.9 209.2 208.7 208.5 208.6 207.8 206.8 204.2 201.8 199.2 196.2 194.5 193.4 193.3 194 195 196 196.4 195.7 194.2 192.7 192.3 192.5 194.3 196.9 199.6 202.8 207.4 211.2 215.1 219.4 223.5 225.9 226.4 225 222.2 218.9 215.8 216.1 217.6 218.1
121.5 121.8 123.7 125.6 128 130.1 131.5 132.9 134.4 136.3 139.2 142.4 145.6 150.3 154.8 159.8 164.8 170.1 174.9 179.4 183.5 185.5 186.7 187 186.8 186.4 186.1 187 188.5 190.7 192.9 196.1 200.3 203.5 205.9 207.8 208.1 206.7 205.5 204.7 204.2 203.9 203.1 202.2 200.3 198 196.1 194.2 192.5 191.4 191.1 191.7 192.5 193.5 193.7 193.5 191.9 190 190 191.3 193.7 196.5 199.6 202 206.3 210.1 214 217.7 221.8 224.5 225.9 225.4 223 219.5 215.2 213.6 214.8 215.3
124.4 123.4 123.9 125.5 127.4 129.5 131.6 133.3 135.2 137.5 140 142.8 146 150.8 155.4 160.8 166.1 171.5 177.9 183.7 188.1 190.6 191.4 191.3 190.7 190.3 189.4 188.9 190.4 191.7 193.5 196 199.3 202 204.3 205.8 205.5 204.2 202.2 200.8 200.1 199.2 198.3 197.5 196.6 195.4 193.7 192 190.2 189.5 189 189.2 190.1 190.8 191 190.8 190.1 188.2 188.2 191.1 194.3 197.3 199.7 202 205.5 209.4 213.2 216.9 220.1 222.9 224.4 224.5 222.7 219.5 215.2 212 211.7 212.3
127.5 126.8 126.1 126.9 128.2 129.5 131.5 133.7 136 138.6 141.1 143.8 148 152.2 156.7 161.7 167.2 173.2 179.7 186.2 191.4 194.8 196.1 195.8 194 192.8 192.3 191.5 191.5 192.2 193.6 196.2 197.6 199.5 201.6 203 202.9 201.7 199.6 197.2 196.4 194.8 194.2 193.6 193.4 192.9 191.3 189.6 188 187.3 186.9 187 187.5 188.2 188.4 188.3 187.9 186.2 187.5 191.1 195.3 198.4 200.8 202.6 204.9 208.6 212 215.2 218.4 221.2 223 223.3 221.7 218.9 214.8 211 209 208.9
131.2 130.4 129.7 129.3 130.3 131.5 132.7 134.7 137.1 139.6 142.1 144.5 149.4 153.5 158.3 163.1 168.4 174.6 181.2 187.5 193.4 197.7 200.2 200 197.8 195.6 194.6 193.1 191.9 192.4 193.7 195 196.1 197.1 198.6 199.5 199.4 198.6 196.8 194.3 192.3 191 190.4 190.3 190.5 190 189.3 187.7 186.2 185.3 185 184.7 184.9 185.5 185.8 185.7 185.3 185 187.3 191.6 196.4 199.4 201.8 203.6 205.3 208.2 210.8 214 217.1 219.6 221.5 221.4 220.6 217.8 214.7 211 207.1 204.8
