Game/Highland_Data/StreamingAssets/GeoData/Data/sw/SW61.asc
ncols 200
nrows 200
xllcorner 160000
yllcorner 10000
cellsize 50
[rows 38 to 75 of 200, columns 85 to 169 of 200]
-1.6 -1.6 -1.6 -1.6 -1.6 -1.6 -1.6 -1.6 -1.6 -1.6 -1.6 -1.6 -1.6 -1.6 -1.6 -1.6 -1.6 -1.6 -1.6 -1.6 -1.6 -1.6 -1.6 -1.6 -1.6 -1.6 -1.6 -1.6 -1.6 -1.6 -1.6 -1.6 -1.6 -1.6 -1.6 -1.6 -1.6 -1.6 -1.6 -1.6 -1.6 -1.6 -1.6 -1.6 -1.6 -1.6 -1.6 7.4 47 54.9 57.8 59.2 60.2 60.2 58.2 56.6 57 52.7 34.7 34.9 41.5 45.7 49.9 53.5 54.6 57.3 60.4 64.1 67.9 71.5 75.1 77.9 79.7 81.7 83.5 85.5 87.8 88.6 88.2 87.6 86.9 86.2 84.9 83.7 81.9
-1.6 -1.6 -1.6 -1.6 -1.6 -1.6 -1.6 -1.6 -1.6 -1.6 -1.6 -1.6 -1.6 -1.6 -1.6 -1.6 -1.6 -1.6 -1.6 -1.6 -1.6 -1.6 -1.6 -1.6 -1.6 -1.6 -1.6 -1.6 -1.6 -1.6 -1.6 -1.6 -1.6 -1.6 -1.6 -1.6 -1.6 -1.6 -1.6 -1.6 -1.6 -1.6 -1.6 -1.6 -1.6 1.9 23.9 43.5 50.8 50.9 54.3 54.8 54.7 53.4 48.5 46.8 40.4 32.8 31.1 38.6 44.9 50.6 55.9 59.5 60.8 62.6 65.6 68.9 72 74.6 77.2 78.9 80.6 82.5 84.7 86.7 88.1 88.5 88.6 88.1 87.4 86.8 86.2 86.4 84.1
-1.6 -1.6 -1.6 -1.6 -1.6 -1.6 -1.6 -1.6 -1.6 -1.6 -1.6 -1.6 -1.6 -1.6 -1.6 -1.6 -1.6 -1.6 -1.6 -1.6 -1.6 -1.6 -1.6 -1.6 -1.6 -1.6 -1.6 -1.6 -1.6 -1.6 -1.6 -1.6 -1.6 -1.6 -1.6 -1.6 -1.6 -1.6 -1.6 -1.6 -1.6 -1.6 -1.6 -1.6 -1.6 -1.6 -1.6 26.7 38.3 41.8 47.7 47.1 42.8 35.4 31 30.1 28.9 29.7 36.3 43.9 48.4 54.5 60.7 64.5 66.2 67.9 69.5 71.8 74.1 76.4 78.1 79.8 81.4 83.3 85.6 86.8 87.8 88 87.9 87.8 87.7 87.5 86.8 86.8 86.2
-1.6 -1.6 -1.6 -1.6 -1.6 -1.6 -1.6 -1.6 -1.6 -1.6 -1.6 -1.6 -1.6 -1.6 -1.6 -1.6 -1.6 -1.6 -1.6 -1.6 -1.6 -1.6 -1.6 -1.6 -1.6 -1.6 -1.6 -1.6 -1.6 -1.6 -1.6 -1.6 -1.6 -1.6 -1.6 -1.6 -1.6 -1.6 -1.6 -1.6 -1.6 -1.6 -1.6 -1.6 -1.6 -1.6 -1.6 16.5 19.4 19.4 24.1 24.9 25.7 23.9 23.8 25.5 29.5 36.5 44.8 48.7 52.8 60.2 65.3 67.3 68.9 70.2 71.6 73.4 75.4 77.5 79.1 80.7 82.3 84.1 85.5 86.5 87.5 87.5 87.4 87.4 87.3 87.3 87.2 87.1 86.8
-1.6 -1.6 -1.6 -1.6 -1.6 -1.6 -1.6 -1.6 -1.6 -1.6 -1.6 -1.6 -1.6 -1.6 -1.6 -1.6 -1.6 -1.6 -1.6 -1.6 -1.6 -1.6 -1.6 -1.6 -1.6 -1.6 -1.6 -1.6 -1.6 -1.6 -1.6 -1.6 -1.6 -1.6 -1.6 -1.6 -1.6 -1.6 -1.6 -1.6 -1.6 -1.6 -1.6 -1.6 -1.6 -1.6 -1.6 -1.6 0 7.9 13.1 16.6 18.9 23.4 29 31.3 36.1 46.2 53.6 56.7 58.9 63.7 67.2 69.6 70.9 72.2 73.7 75.5 77.2 78.3 79.9 81.5 83.1 84.5 85.7 86.8 87.5 87.5 87.5 87.4 87.4 87.3 87.3 87.4 87.2
-1.6 -1.6 -1.6 -1.6 -1.6 -1.6 -1.6 -1.6 -1.6 -1.6 -1.6 -1.6 -1.6 -1.6 -1.6 -1.6 -1.6 -1.6 -1.6 -1.6 -1.6 -1.6 -1.6 -1.6 -1.6 -1.6 -1.6 -1.6 -1.6 -1.6 -1.6 -1.6 -1.6 -1.6 -1.6 -1.6 -1.6 -1.6 -1.6 -1.6 -1.6 -1.6 -1.6 -1.6 -1.6 -1.6 -1.6 -1.6 -1.6 25.7 29.6 32.9 33.9 36.6 39.6 37.7 39.8 49.8 57.1 59.9 62.4 65.7 69.1 71.4 72.8 74.1 75.7 77.2 78.5 79.4 80.6 82.2 83.5 84.8 85.9 86.8 87.4 87.5 87.6 87.5 87.4 87.4 87.4 87.4 87.5
-1.6 -1.6 -1.6 -1.6 -1.6 -1.6 -1.6 -1.6 -1.6 -1.6 -1.6 -1.6 -1.6 -1.6 -1.6 -1.6 -1.6 -1.6 -1.6 -1.6 -1.6 -1.6 -1.6 -1.6 -1.6 -1.6 -1.6 -1.6 -1.6 -1.6 -1.6 -1.6 -1.6 -1.6 -1.6 -1.6 -1.6 -1.6 -1.6 -1.6 -1.6 -1.6 -1.6 -1.6 -1.6 -1.6 -1.6 -1.6 0.4 21.7 43.5 47.7 47.3 49.9 50.9 47.2 42.4 44.5 53.3 58.9 62.9 67 70.5 72.8 74.3 75.8 77.3 78.5 79.7 80.6 81.3 82.5 83.8 85.1 86.1 86.7 87.3 87.5 87.6 87.6 87.5 87.5 87.4 87.5 87.6
-1.6 -1.6 -1.6 -1.6 -1.6 -1.6 -1.6 -1.6 -1.6 -1.6 -1.6 -1.6 -1.6 -1.6 -1.6 -1.6 -1.6 -1.6 -1.6 -1.6 -1.6 -1.6 -1.6 -1.6 -1.6 -1.6 -1.6 -1.6 -1.6 -1.6 -1.6 -1.6 -1.6 -1.6 -1.6 -1.6 -1.6 -1.6 -1.6 -1.6 -1.6 -1.6 -1.6 -1.6 -1.6 -1.6 -1.6 -1.6 1.7 55.2 55.5 61.6 60.6 61.6 60.5 56 53 49.2 50.6 54.7 59.5 65.6 70.2 72.5 74.3 75.9 77.6 79 80.4 81.3 82.1 83.1 84.1 85.3 86 86.6 87.3 87.4 87.5 87.6 87.6 87.5 87.5 87.6 87.7
-1.6 -1.6 -1.6 -1.6 -1.6 -1.6 -1.6 -1.6 -1.6 -1.6 -1.6 -1.6 -1.6 -1.6 -1.6 -1.6 -1.6 -1.6 -1.6 -1.6 -1.6 -1.6 -1.6 -1.6 -1.6 -1.6 -1.6 -1.6 -1.6 -1.6 -1.6 -1.6 -1.6 -1.6 -1.6 -1.6 -1.6 -1.6 -1.6 -1.6 -1.6 -1.6 -1.6 -1.6 -1.6 -1.6 -1.6 0.6 24.2 64.8 63 65.9 66.5 66.9 65 61.4 58.6 56.9 55.1 55.1 59.2 63.4 68.8 72.1 74.3 76 77.8 79.3 81 82 83 83.9 84.7 85.3 85.9 86.6 87.2 87.3 87.5 87.6 87.6 87.6 87.6 87.7 87.7
-1.6 -1.6 -1.6 -1.6 -1.6 -1.6 -1.6 -1.6 -1.6 -1.6 -1.6 -1.6 -1.6 -1.6 -1.6 -1.6 -1.6 -1.6 -1.6 -1.6 -1.6 -1.6 -1.6 -1.6 -1.6 -1.6 -1.6 -1.6 -1.6 -1.6 -1.6 -1.6 -1.6 -1.6 -1.6 -1.6 16.9 -1.6 -1.6 -1.6 -1.6 -1.6 -1.6 -1.6 -1.6 -1.6 1.9 5.4 33.2 64.6 67 68.3 68.7 69.1 68.4 66.2 64.8 63.2 62.2 60.7 60.1 64.2 68.2 72.2 74.2 76.2 77.9 79.4 81.1 82.6 83.3 84.1 84.8 85.4 85.9 86.5 87.1 87.3 87.4 87.5 87.7 87.6 87.7 87.7 88.6
-1.6 -1.6 -1.6 -1.6 -1.6 -1.6 -1.6 -1.6 -1.6 -1.6 -1.6 -1.6 -1.6 -1.6 -1.6 -1.6 -1.6 -1.6 -1.6 -1.6 -1.6 -1.6 -1.6 -1.6 -1.6 -1.6 -1.6 -1.6 -1.6 -1.6 -1.6 -1.6 -1.6 -1.6 -1.6 -1.6 21.4 -1.6 -1.6 -1.6 -1.6 -1.6 -1.6 -1.6 -1.6 26.4 48.2 43.1 63.8 67.3 69.8 70.2 70.5 70.9 71 70.4 69.2 68 68.1 65.8 62.6 65.5 69.2 72.6 74.5 76.4 77.9 79.3 80.9 82.7 83.5 84.2 84.9 85.5 86.1 86.5 87.1 87.2 87.3 87.5 87.6 87.7 87.7 88.6 89.5
-1.6 -1.6 -1.6 -1.6 -1.6 -1.6 -1.6 -1.6 -1.6 -1.6 -1.6 -1.6 -1.6 -1.6 -1.6 -1.6 -1.6 -1.6 -1.6 -1.6 -1.6 -1.6 -1.6 -1.6 -1.6 -1.6 -1.6 -1.6 -1.6 -1.6 -1.6 -1.6 -1.6 -1.6 -1.6 -1.6 -1.6 19.9 -1.6 -1.6 -1.6 -1.6 -1.6 1.6 1.9 57.6 63.5 68.5 70 70.6 71.1 71.5 71.9 72.2 72.3 72.3 72.4 71.4 71.3 69.1 64.7 66.4 70.2 72.9 74.8 76.8 78.2 79.6 80.8 82.9 83.6 84.4 85 85.6 86.2 86.7 87 87.3 87.5 87.7 87.8 88 88.7 89.6 90.5
-1.6 -1.6 -1.6 -1.6 -1.6 -1.6 -1.6 -1.6 -1.6 -1.6 -1.6 -1.6 -1.6 -1.6 -1.6 -1.6 -1.6 -1.6 -1.6 -1.6 -1.6 -1.6 -1.6 -1.6 -1.6 -1.6 -1.6 -1.6 -1.6 -1.6 -1.6 -1.6 -1.6 -1.6 -1.6 -1.6 -1.6 0.3 -1.6 -1.6 -1.6 -1.6 -1.6 1.9 14 61.5 68 70.7 71.8 71.9 72.4 72.8 73.2 73.5 73.6 73.7 73.9 73.7 72.9 70.9 67.3 67.8 71.2 73.4 75.5 77.5 78.9 80.2 81.3 82.7 83.8 84.4 85 85.7 86.3 86.7 87 87.5 88 88.5 88.9 89.1 90 91 91.7
-1.6 -1.6 -1.6 -1.6 -1.6 -1.6 -1.6 -1.6 -1.6 -1.6 -1.6 -1.6 -1.6 -1.6 -1.6 -1.6 -1.6 -1.6 -1.6 -1.6 -1.6 -1.6 -1.6 -1.6 -1.6 -1.6 -1.6 -1.6 -1.6 -1.6 -1.6 -1.6 -1.6 -1.6 -1.6 -1.6 -1.6 -1.6 -1.6 -1.6 -1.6 -1.6 -1.6 -1.6 53.6 62 71.5 71.9 72.9 73.2 73.7 74.1 74.5 74.8 75 75.1 74.8 74.6 74.1 71.7 69 70.3 71.5 74 76.2 78.2 79.5 80.7 81.8 82.9 83.9 84.5 85.1 85.6 86.2 86.7 87 87.5 87.9 88.4 89 89.9 90.9 91.7 91.8
-1.6 -1.6 -1.6 -1.6 -1.6 -1.6 -1.6 -1.6 -1.6 -1.6 -1.6 -1.6 -1.6 -1.6 -1.6 -1.6 -1.6 -1.6 -1.6 -1.6 -1.6 -1.6 -1.6 -1.6 -1.6 -1.6 -1.6 -1.6 -1.6 -1.6 -1.6 -1.6 -1.6 -1.6 -1.6 -1.6 -1.6 -1.6 -1.6 -1.6 -1.6 -1.6 -1.6 24.8 73.1 71.3 71.4 72.8 73.9 74.5 74.9 75.4 75.7 76.1 76.2 75.9 75.7 75.5 75.2 73 71 71.8 73.1 74.8 76.7 78.9 80.1 81.2 82.4 83.4 84.1 84.6 85.1 85.7 86.1 86.6 86.9 87.4 88 88.9 89.8 90.7 91.2 91.5 91.9
-1.6 -1.6 -1.6 -1.6 -1.6 -1.6 -1.6 -1.6 -1.6 -1.6 -1.6 -1.6 -1.6 -1.6 -1.6 -1.6 -1.6 -1.6 -1.6 -1.6 -1.6 -1.6 -1.6 -1.6 -1.6 -1.6 -1.6 -1.6 -1.6 -1.6 -1.6 -1.6 -1.6 -1.6 -1.6 -1.6 -1.6 -1.6 -1.6 -1.6 -1.6 -1.6 13.6 50.6 69.7 69.7 71.2 72.7 74.3 75.5 76.2 76.6 76.9 77.1 77.1 77 76.7 76.4 76.2 74.9 73.1 73.2 74.7 76.3 78.1 79.6 80.7 81.9 82.8 83.6 84.3 84.9 85.4 85.9 86.3 86.6 86.9 87.5 88.2 88.9 89.6 90.4 91.1 91.3 91.6
-1.6 -1.6 -1.6 -1.6 -1.6 -1.6 -1.6 -1.6 -1.6 -1.6 -1.6 -1.6 -1.6 -1.6 -1.6 -1.6 -1.6 -1.6 -1.6 -1.6 -1.6 -1.6 -1.6 -1.6 -1.6 -1.6 -1.6 -1.6 -1.6 -1.6 -1.6 -1.6 -1.6 -1.6 -1.6 -1.6 -1.6 -1.6 -1.6 -1.6 -1.6 -1.6 20.3 51.9 60.7 66.2 69.8 73.1 74.7 76.1 76.7 77.6 77.8 78 78 78 77.8 77.5 77.1 76.2 75.3 74.7 76.2 77.7 79.5 80.5 81.4 82.3 83 83.8 84.5 85.1 85.7 86.1 86.5 86.8 87.1 87.4 87.8 88.5 89.2 90.4 91.1 91.3 91.4
-1.6 -1.6 -1.6 -1.6 -1.6 -1.6 -1.6 -1.6 -1.6 -1.6 -1.6 -1.6 -1.6 -1.6 -1.6 -1.6 -1.6 -1.6 -1.6 -1.6 -1.6 -1.6 -1.6 -1.6 -1.6 -1.6 -1.6 -1.6 -1.6 -1.6 -1.6 -1.6 -1.6 -1.6 -1.6 -1.6 -1.6 -1.6 -1.6 -1.6 -1.6 25.9 36.6 44.6 52.3 60.8 66.8 70.9 74.4 76.3 77.3 78.3 78.8 78.8 78.9 78.9 78.8 78.5 77.9 77 76.2 76.1 77.6 79.2 80.2 81.1 82 82.6 83.2 83.9 84.7 85.4 85.9 86.3 86.6 86.9 87.2 87.6 87.9 88.2 89.2 90.3 91.1 91.3 91.4
-1.6 -1.6 -1.6 -1.6 -1.6 -1.6 -1.6 -1.6 -1.6 -1.6 -1.6 -1.6 -1.6 -1.6 -1.6 -1.6 -1.6 -1.6 -1.6 -1.6 -1.6 -1.6 -1.6 -1.6 -1.6 -1.6 -1.6 -1.6 -1.6 -1.6 -1.6 -1.6 -1.6 -1.6 -1.6 -1.6 -1.6 -1.6 -1.6 -1.6 21.8 46.9 55.3 60 59.6 58.9 62.9 68.8 72.8 75.8 77.7 78.8 79.7 79.7 79.7 79.8 79.8 79.5 78.7 78.3 78.1 77.8 78.6 79.9 80.8 81.7 82.6 83.1 83.7 84.3 84.9 85.6 86.2 86.5 86.8 87.1 87.4 87.7 88 88.3 89 90.2 91.1 91.3 91.4
-1.6 -1.6 -1.6 -1.6 -1.6 -1.6 -1.6 -1.6 -1.6 -1.6 -1.6 -1.6 -1.6 -1.6 -1.6 -1.6 -1.6 -1.6 -1.6 -1.6 -1.6 -1.6 -1.6 -1.6 -1.6 -1.6 -1.6 -1.6 -1.6 -1.6 -1.6 -1.6 -1.6 -1.6 -1.6 -1.6 -1.6 -1.6 -1.6 -1.6 38.2 58.1 62.4 65.9 68.1 65.5 62.5 66.6 69.7 75.5 77.6 78.8 79.6 79.3 80.6 80.6 81 81.8 80.4 79.8 79.7 79.6 79.7 80.5 81.4 82.3 83.1 83.6 84.2 84.8 85.4 86 86.3 86.6 86.9 87.3 87.6 87.8 88.1 88.3 88.9 90.1 91 91.3 91.5
-1.6 -1.6 -1.6 -1.6 -1.6 -1.6 -1.6 -1.6 -1.6 -1.6 -1.6 -1.6 -1.6 -1.6 -1.6 -1.6 -1.6 -1.6 -1.6 -1.6 -1.6 -1.6 -1.6 -1.6 -1.6 -1.6 -1.6 -1.6 -1.6 -1.6 -1.6 -1.6 -1.6 -1.6 -1.6 -1.6 -1.6 -1.6 -1.6 -1.6 45.6 64 66.9 68.4 70.4 70 65.9 65.8 71 75.4 77.6 78.8 79.6 79.7 80.9 82 82.6 83.1 82.7 81.1 80.7 80.6 80.8 81.5 82.1 82.9 83.6 84.2 84.7 85.3 85.9 86.3 86.5 86.8 87.1 87.4 87.7 87.9 88.2 88.4 88.7 89.9 90.7 91.3 91.5
-1.6 -1.6 -1.6 -1.6 -1.6 -1.6 -1.6 -1.6 -1.6 -1.6 -1.6 -1.6 -1.6 -1.6 -1.6 -1.6 -1.6 -1.6 -1.6 -1.6 -1.6 -1.6 -1.6 -1.6 -1.6 -1.6 -1.6 -1.6 -1.6 -1.6 -1.6 -1.6 -1.6 -1.6 -1.6 -1.6 -1.6 -1.6 -1.6 36.4 58 66 68.7 70.6 72.2 72.4 69.1 66.2 70.1 73.5 76.4 78.3 80.2 80.9 82 82.5 83.1 83.3 83.3 83 81.8 81.5 82 82.6 83.1 83.6 84.1 84.7 85.2 85.8 86.4 86.5 86.7 87 87.2 87.5 87.7 88 88.2 88.5 88.7 89.8 90.4 91 91.5
-1.6 -1.6 -1.6 -1.6 -1.6 -1.6 -1.6 -1.6 -1.6 -1.6 -1.6 -1.6 -1.6 -1.6 -1.6 -1.6 -1.6 -1.6 -1.6 -1.6 -1.6 -1.6 -1.6 -1.6 -1.6 -1.6 -1.6 -1.6 -1.6 -1.6 -1.6 -1.6 -1.6 -1.6 -1.6 -1.6 -1.6 -1.6 -1.6 43.4 62.7 68.3 70.5 72.2 73.4 72.8 70.5 69.8 69.4 71.1 73.9 76.5 79 80.9 82.5 83 83.4 83.5 83.5 83.4 83.2 82.5 82.9 83.3 83.6 84 84.5 85.1 85.7 86.3 86.6 86.7 86.9 87.1 87.3 87.6 87.8 88 88.3 88.5 88.8 89.6 90.1 90.6 91.4
-1.6 -1.6 -1.6 -1.6 -1.6 -1.6 -1.6 -1.6 -1.6 -1.6 -1.6 -1.6 -1.6 -1.6 -1.6 -1.6 -1.6 -1.6 -1.6 -1.6 -1.6 -1.6 -1.6 -1.6 -1.6 -1.6 -1.6 -1.6 -1.6 -1.6 -1.6 -1.6 -1.6 -1.6 -1.6 -1.6 -1.6 -1.6 50.2 64.1 70.4 71.7 72.5 73.3 73.8 73.2 71.7 71.2 71 70.4 72.3 74.9 77.6 79.9 81.9 83.3 83.7 83.7 83.8 83.7 83.6 83.6 83.4 83.6 84 84.4 84.9 85.5 86.1 86.5 86.7 86.9 87 87.2 87.4 87.6 87.9 88.1 88.4 88.6 88.9 89.3 90 90.8 91.5
-1.6 -1.6 -1.6 -1.6 -1.6 -1.6 -1.6 -1.6 -1.6 -1.6 -1.6 -1.6 -1.6 -1.6 -1.6 -1.6 -1.6 -1.6 -1.6 -1.6 -1.6 -1.6 -1.6 -1.6 -1.6 -1.6 -1.6 -1.6 -1.6 -1.6 -1.6 -1.6 -1.6 -1.6 38.7 48.1 46.4 50.2 61.1 68.7 73.4 74.1 74.2 74.3 74.3 74.1 73 72.6 72.5 71.8 71.5 74 76.6 78.7 80.3 82.4 83.4 83.7 83.8 83.7 83.5 83.8 84.2 84.2 84.4 84.8 85.3 85.9 86.3 86.7 86.9 87 87.2 87.3 87.5 87.8 88 88.2 88.5 88.7 89 89.4 90.1 90.9 91.4
-1.6 -1.6 -1.6 -1.6 -1.6 -1.6 -1.6 -1.6 -1.6 -1.6 -1.6 -1.6 -1.6 -1.6 -1.6 -1.6 -1.6 -1.6 -1.6 -1.6 -1.6 -1.6 -1.6 -1.6 -1.6 -1.6 -1.6 -1.6 -1.6 -1.6 -1.6 -1.6 -1.6 -1.6 40.8 62.5 60.3 60.7 63 69.1 73.2 74.5 74.7 75.1 75.4 75.5 74.6 74.3 73.9 74.1 73.3 74.2 76.1 76.8 78.7 81.1 82.5 83.5 83.7 83.5 83.5 83.9 84.3 84.6 85 85.2 85.7 86.1 86.5 87 87.1 87.2 87.4 87.5 87.6 87.9 88.1 88.4 88.6 88.9 89.1 89.5 90.3 91 91.3
-1.6 -1.6 -1.6 -1.6 -1.6 -1.6 -1.6 -1.6 -1.6 -1.6 -1.6 -1.6 -1.6 -1.6 -1.6 -1.6 -1.6 -1.6 -1.6 -1.6 -1.6 -1.6 -1.6 -1.6 -1.6 -1.6 -1.6 -1.6 -1.6 -1.6 -1.6 -1.6 -1.6 -1.6 41.3 65.1 67.7 67.9 69 70.6 73.1 75 75.6 76 76.3 76.6 76.8 76.6 76.2 76.2 75.4 74.3 75.3 76.5 78.3 80.5 81.6 82.7 83.5 83.5 83.6 84 84.3 84.7 85 85.4 85.9 86.3 86.7 87.1 87.3 87.4 87.6 87.7 87.9 88 88.2 88.5 88.7 89 89.2 89.6 90.4 91.1 91.3
-1.6 -1.6 -1.6 -1.6 -1.6 -1.6 -1.6 -1.6 -1.6 -1.6 -1.6 -1.6 -1.6 -1.6 -1.6 -1.6 -1.6 -1.6 -1.6 -1.6 -1.6 -1.6 -1.6 -1.6 -1.6 -1.6 -1.6 -1.6 -1.6 -1.6 -1.6 -1.6 -1.6 -1.6 39.7 65.1 71.9 71.2 72 72.9 73.8 74.9 75.9 76.8 77.2 77.5 77.4 77.1 76.6 77.1 77.4 75.9 75.7 77.1 78.6 79.8 80.8 81.3 82.4 83.5 83.7 84 84.3 84.5 84.9 85.4 85.9 86.4 86.8 87.3 87.5 87.7 87.8 88 88.1 88.2 88.4 88.6 88.9 89.1 89.3 89.7 90.5 91.1 91.3
-1.6 -1.6 -1.6 -1.6 -1.6 -1.6 -1.6 -1.6 -1.6 -1.6 -1.6 -1.6 -1.6 -1.6 -1.6 -1.6 -1.6 -1.6 -1.6 -1.6 -1.6 -1.6 -1.6 -1.6 -1.6 -1.6 -1.6 -1.6 -1.6 -1.6 -1.6 -1.6 -1.6 -1.6 42.7 64.5 73.9 74.4 74.8 75.1 74.6 74.8 76 77 77.5 77.4 77.3 77.2 77.1 77.8 78.1 77.4 77.8 78.6 79 78.9 79.7 79.9 81.1 82.3 83.6 83.8 84.1 84.4 84.9 85.4 85.9 86.4 86.9 87.3 87.7 87.9 88 88.2 88.3 88.5 88.6 88.8 89 89.2 89.5 89.8 90.6 91.1 91.4
-1.6 -1.6 -1.6 -1.6 -1.6 -1.6 -1.6 -1.6 -1.6 -1.6 -1.6 -1.6 -1.6 -1.6 -1.6 -1.6 -1.6 -1.6 -1.6 -1.6 -1.6 -1.6 -1.6 -1.6 -1.6 -1.6 -1.6 -1.6 -1.6 -1.6 -1.6 -1.6 -1.6 -1.6 43.6 57.3 72.5 75.8 76.3 76.3 76.1 76.3 76.4 77.6 77.5 77.3 77.2 77.1 77.1 78.4 78.6 78.8 78.9 79.3 79.6 79.8 78.2 77.6 79.1 80.5 82.7 83.6 83.9 84.4 84.9 85.5 85.9 86.4 86.9 87.3 87.8 88 88.3 88.4 88.6 88.7 88.9 89 89.1 89.3 89.6 89.9 90.6 91 91.5
-1.6 -1.6 -1.6 -1.6 -1.6 -1.6 -1.6 -1.6 -1.6 -1.6 -1.6 -1.6 -1.6 -1.6 -1.6 -1.6 -1.6 -1.6 -1.6 -1.6 -1.6 -1.6 -1.6 -1.6 -1.6 -1.6 -1.6 -1.6 -1.6 -1.6 -1.6 -1.6 -1.6 -1.6 1.9 47.1 68.8 76.4 76.9 77.4 77.6 77.4 77 77.6 77.4 77.3 77.1 77.3 77.4 78.7 78.7 78.5 78.4 79.1 78.9 78.8 77.4 75.9 76.4 79.1 81.5 83.3 83.9 84.5 85 85.5 86 86.5 86.9 87.4 87.8 88.1 88.4 88.6 88.8 89 89.1 89.2 89.4 89.5 89.7 90 90.6 91 91.4
-1.6 -1.6 -1.6 -1.6 -1.6 -1.6 -1.6 -1.6 -1.6 -1.6 -1.6 -1.6 -1.6 -1.6 -1.6 -1.6 -1.6 -1.6 -1.6 -1.6 -1.6 -1.6 -1.6 -1.6 -1.6 -1.6 -1.6 -1.6 -1.6 -1.6 -1.6 -1.6 -1.6 -1.6 -1.6 -1.6 58.7 74 76.7 77.4 77.6 77.7 77.7 77.6 77.1 76.6 76.3 77.5 78.1 78.8 78.6 77.7 76.8 77.7 77.5 77.4 76.2 74.6 74.3 77.3 80.6 83.4 84 84.5 85 85.5 86 86.5 86.9 87.4 87.9 88.2 88.5 88.7 88.9 89 89.2 89.4 89.6 89.7 89.9 90.1 90.6 90.9 91.3
-1.6 -1.6 -1.6 -1.6 -1.6 -1.6 -1.6 -1.6 -1.6 -1.6 -1.6 -1.6 -1.6 -1.6 -1.6 -1.6 -1.6 -1.6 -1.6 -1.6 -1.6 -1.6 -1.6 -1.6 -1.6 -1.6 -1.6 -1.6 -1.6 -1.6 -1.6 -1.6 -1.6 -1.6 -1.6 -1.6 45 69.6 76.1 77 77.6 77.7 77.6 76.6 76.2 75.7 76.7 77.8 78.4 78.5 77 75.6 75 75.4 76.1 76.1 74.8 72.9 73 76.1 79.9 82.8 84 84.6 85.1 85.6 86 86.5 87.1 87.6 88 88.4 88.6 88.8 89 89.1 89.3 89.5 89.7 89.8 89.9 90 90.1 90.5 90.9
-1.6 -1.6 -1.6 -1.6 -1.6 -1.6 -1.6 -1.6 -1.6 -1.6 -1.6 -1.6 -1.6 -1.6 -1.6 -1.6 -1.6 -1.6 -1.6 -1.6 -1.6 -1.6 -1.6 -1.6 -1.6 -1.6 -1.6 -1.6 -1.6 -1.6 -1.6 -1.6 -1.6 -1.6 -1.6 9 48.7 68.3 74.6 76.6 77.6 77.6 77.5 77.4 75.7 75.3 76.5 78.1 78.8 77.8 76.3 75 74.1 73 73.1 72.8 71.5 69.9 71.5 74.7 79.2 81.9 83.4 84.4 85 85.4 86.2 86.7 87.3 87.7 88.2 88.5 88.7 88.9 89 89.2 89.3 89.4 89.5 89.6 89.7 89.8 89.9 90.1 90.3
-1.6 -1.6 -1.6 -1.6 -1.6 -1.6 -1.6 -1.6 -1.6 -1.6 -1.6 -1.6 -1.6 -1.6 -1.6 -1.6 -1.6 -1.6 -1.6 -1.6 -1.6 -1.6 -1.6 -1.6 -1.6 -1.6 -1.6 -1.6 -1.6 -1.6 -1.6 -1.6 -1.6 -1.6 -1.6 -1.6 7.3 62.9 71.7 75.5 77.4 77.5 77.4 77.4 76.4 74.4 75.6 77 77.3 77 75.7 74.4 72.9 71.3 69.5 68.8 67.7 68.5 69.7 72.4 78 80.7 82.4 84.1 84.7 85.1 85.9 86.8 87.3 87.8 88.3 88.6 88.8 88.9 89 89.1 89.2 89.3 89.4 89.4 89.5 89.6 89.7 89.9 89.9
-1.6 -1.6 -1.6 -1.6 -1.6 -1.6 -1.6 -1.6 -1.6 -1.6 -1.6 -1.6 -1.6 -1.6 -1.6 -1.6 -1.6 -1.6 -1.6 -1.6 -1.6 -1.6 -1.6 -1.6 -1.6 -1.6 -1.6 -1.6 -1.6 -1.6 -1.6 -1.6 -1.6 -1.6 -1.6 -1.6 42.7 59.5 68.6 72.4 75.1 77.2 77.7 77.4 76.4 74.2 74.4 74.7 75.1 75.1 74.5 73.4 71.9 69.4 67.6 66.2 64.9 65.9 67.8 69.8 75.1 78.9 80.5 81.9 83.9 84.8 85.8 86.7 87.3 87.8 88.3 88.6 88.7 88.7 88.8 88.9 89 89.1 89.2 89.2 89.3 89.4 89.5 89.7 89.6
-1.6 -1.6 -1.6 -1.6 -1.6 -1.6 -1.6 -1.6 -1.6 -1.6 -1.6 -1.6 -1.6 -1.6 -1.6 -1.6 -1.6 -1.6 -1.6 -1.6 -1.6 -1.6 -1.6 -1.6 -1.6 -1.6 -1.6 -1.6 -1.6 -1.6 -1.6 -1.6 -1.6 -1.6 -1.6 -1.6 48.9 59.6 63.2 68.3 71.8 75.8 77.8 77.7 76.5 74.6 73.3 72.8 72.3 72.2 71.6 71.1 70.2 67.9 65.9 64.4 63.1 64.1 65.9 67.5 71.2 74.9 77.2 79.5 82.1 84.7 85.7 86.6 87.2 87.7 88.2 88.4 88.5 88.6 88.7 88.8 88.9 88.9 89 89.1 89.1 89.2 89.4 89.4 89.4
-1.6 -1.6 -1.6 -1.6 -1.6 -1.6 -1.6 -1.6 -1.6 -1.6 -1.6 -1.6 -1.6 -1.6 -1.6 -1.6 -1.6 -1.6 -1.6 -1.6 -1.6 -1.6 -1.6 -1.6 -1.6 -1.6 -1.6 -1.6 -1.6 -1.6 -1.6 -1.6 -1.6 -1.6 -1.6 -1.6 42.9 56.3 59.8 63.7 68.3 72.8 77.2 77.4 76.2 73.8 71.2 70.2 68.9 68.2 67 67.6 69 66.5 64.5 62.9 61.4 62.3 64.1 65.9 67.9 71.9 76.7 80.5 82.1 84.1 85.6 86.6 87.2 87.7 88 88.3 88.4 88.5 88.6 88.6 88.7 88.7 88.8 88.9 88.9 89 89.2 89.2 89.1
