Game/Highland_Data/StreamingAssets/GeoData/Data/sw/SW93.asc
ncols 200
nrows 200
xllcorner 190000
yllcorner 30000
cellsize 50
[rows 0 to 37 of 200, columns 0 to 83 of 200]
71.8 72.5 73 73.4 73.6 75.8 76.7 77.3 76.5 74.6 71.1 68 67.1 65.9 64.8 63 55.9 39.1 31.4 41 55.6 59.9 61.8 62.6 62.9 63.2 63.7 64.5 66 66.6 66.9 66.3 65.9 67.2 68.5 67.2 66.4 68.5 71.4 73.3 75.6 80.6 86 91.2 95.4 98.1 99.5 99.7 99.5 98.9 98 96.1 94.7 93.2 91.6 89.4 87.2 86.1 85.7 87.8 90.8 95 98 99.1 98.5 96.6 92.2 91.1 89.4 86.4 83.3 79.9 74.2 68.8 68.1 68.9 70.2 71.7 73.2 74.1 72.6 70.2 67.4 65
70.8 71.9 72.7 73.4 73.9 75.5 76.6 76.6 75.2 73 70.2 66.7 63.4 62.3 61.6 60.2 53.3 29.9 37.9 49.6 54.6 54.8 55.7 55.9 56.2 56.2 56.5 57.8 60.3 61.3 61.8 61.7 62.1 64.7 66.5 66.6 64.8 65.8 69.1 71 73.9 79 85.7 91.3 95.2 98.3 100.1 100.4 100.2 99.6 98.4 96.5 95 93.5 91.5 89.5 87.2 85 84 86 90.1 93.9 96.3 97.1 96.6 95.1 92.9 90.4 88 85.3 81.9 77.4 71.5 66.2 63.6 63.6 64.6 66.3 68.2 69.3 69.1 67.4 65 60.4
68.7 70.2 71.1 72.1 73.1 75.5 75.9 75.5 73.8 71.6 69.4 67.1 64.1 60.6 56.9 54.2 44.6 27.1 39.5 47.7 47.1 46.1 48.1 46.4 45.2 45 47.6 49.5 53.4 55.7 56.2 56 59.5 62 64.1 65.2 63.3 63.6 65.9 69.3 74.1 78.2 85.7 91.1 95.3 98.3 100.3 101.1 100.8 100.2 98.8 96.9 95.3 93.5 91.5 89.7 87.5 84.9 82.8 84.7 88.8 91.4 93.5 93.8 93.2 91.9 90.1 88.3 85.9 83.3 79.6 74.4 69.5 64.6 60 57.8 58.6 60.4 63.6 65.1 65.9 65.4 64 58.8
65.9 67.7 68.6 69.7 71.9 74.2 74.4 74.1 72.1 70.1 68.1 66.6 64.7 62.5 59 50.7 38.3 27.1 33.7 38.6 36.1 35.5 36.5 37.4 36.5 36 36.8 41 46 49.7 50.4 53.6 57.1 59.7 61.1 61.6 60.3 61.3 65.2 70.9 76.3 82.4 87.3 91.7 95.8 98.9 100.7 101.3 101.1 100.3 98.7 96.8 95.2 94 92.6 91.4 90.3 87.6 83.6 81.8 85.6 87.3 88.8 89.2 88.6 88 87 85.5 83.5 80.7 77.3 73.4 69.1 65.3 61.4 56.2 53.3 54.9 59.3 63.3 65.1 65.5 64.9 60.6
62.7 65.1 66 67.7 71.4 72.8 72.8 71.8 70 68 66 64.4 63.6 62.2 58.3 52.5 43.7 27.3 27.9 31.7 33.3 33.1 32.8 35.3 38 41.4 41.8 40.4 38.9 42 46.1 51.4 55.1 57.6 57.7 56.8 56.4 61 67.7 74.8 79.8 84.8 88.6 92.9 96.4 99.5 100.6 101.2 101 100 98.1 95.4 94.5 94 92.8 93 92 90.4 87.3 82.4 79.1 80.9 81.9 82.6 82.3 81.9 81.9 81.8 80.8 79.2 76.3 73.6 72.4 70.2 66.2 61.3 49 48.5 57.5 64.2 67.1 67.6 66.6 60.2
59.7 61.9 64 67.7 71 71.4 71 69.2 67.7 65.8 63.5 61.6 61.2 59.8 56.2 48 35 25.5 29.5 37.6 40.2 38.9 41.1 46.4 50 52.7 53.9 52 46.5 42.4 42.7 46.6 52.2 55.5 54.2 53 56.3 62.2 69.8 77.6 83.1 87.8 91.3 94.4 97.1 99.6 100.5 100.6 100.6 99.3 96.8 93.9 93.2 92.9 93 93.2 92.6 90.9 89 85.6 79.8 74.8 73 73.2 71.4 73.4 75.9 76.8 76.9 76.3 76.7 76.2 75.6 74.9 70.1 63.3 45.4 45.6 59.1 67.2 69.5 67.5 62.6 56.7
56.2 60.7 65.7 69.3 71.1 70.6 68.6 66.7 65.2 63.5 61 56.4 55.9 52.9 44 34.8 24.2 29.7 34.7 45.6 48.9 48 49.6 55.3 57.3 59.9 59.1 56.3 50.6 45.4 42.3 42.1 46.9 48.3 49 51.6 56.5 63.3 72.1 79.1 85.3 90.1 93.3 95.8 97.9 99.7 100.2 100.1 99.2 97.5 95.2 93.3 91.6 90.4 90.9 91.5 91.3 89.9 88 85.9 83.2 80.3 74.8 69.7 66.1 63.4 67.4 70.5 72 74.2 75.6 76.4 75.4 73.9 69.5 58.8 39.8 43 58.7 67.5 66 59.9 49.2 36.4
63.7 67 70 71.5 71.5 69.7 67.3 63.6 61.4 60.1 58.1 53.5 47.1 37.3 27.3 26.3 35.2 42.7 48.7 55.2 56.8 57.5 58.8 60.7 63.3 63.9 61.8 58.7 53.9 48 46 44 44.4 47 50.2 53.2 56.6 64.8 74 80.3 85.7 90.1 93.6 95.9 97.9 99.2 99.8 99.2 98.2 96.5 94.8 92.7 90.6 88.1 87.7 88.6 88.1 86.4 84.8 83.6 82.6 80.6 77.5 74.1 68.2 61.4 58.5 64.1 68.8 72 73.9 74.5 73.7 71.4 67.3 57.3 36 39 54.7 62 57.8 50.2 35.2 -1.7
68.7 71.6 73.4 73.1 71.4 69 65.1 60 56.1 55.3 53.6 46.3 31.9 28.9 35.5 41.3 48.2 54 59.3 63 63.6 64.2 65.2 66.3 67.3 66.4 63.6 60.7 56.3 49.8 49.8 47.9 48.6 51.6 56.3 57.8 59.8 66.3 74.9 80.7 86.3 90.1 92.9 95.2 96.6 97.9 98.3 97.7 96.8 95.2 93.5 91.8 89.7 86.3 83.5 83.6 81.7 81.3 80.6 79.4 78.1 76.4 73.2 70.6 66.1 61.9 57.7 59.4 65.5 69.3 70.9 71.8 70.8 68.2 63.9 57.5 35.6 31.2 45.8 56.1 49.7 39.6 15.1 -1.7
72.7 74.5 75 74 71.4 68 64 59.5 53.1 49.4 46.5 34.1 28.3 43.1 49.8 54.1 57.3 61 64.2 67.3 68.3 69.1 69.8 69.9 69.9 67.7 64.1 59.6 54.6 52.1 53.9 51.8 53.1 58 61.7 62.6 62.6 67.8 74.5 79.9 85.2 88.9 91.6 93.5 95.1 96.1 96.6 96.2 95.4 93.7 91.9 89.6 87.4 84.9 83.9 83 80.7 78.3 75.3 72.5 70.5 66.4 62.1 61.4 60.8 60.9 60.4 51.3 60.8 63.9 66.2 67.7 66.4 63 58.7 53.2 38.6 24.5 35.4 49.4 42.2 21.5 -1.7 -1.7
74.6 75.5 75.3 74.2 70.9 67.2 63.1 58.6 53.8 47.8 40.7 23.9 36.1 49.6 55.4 58.5 59.9 64.7 66.8 70.3 73.2 74.3 73.5 73 71.5 68.6 64.3 59.7 56.2 58.5 59.7 57.4 55.5 62.5 66.4 67.7 69.3 71.7 74.3 77.6 82.1 85.7 88.3 90.7 92.6 93.9 94.9 94.8 94.2 93.1 91.6 89.6 88.3 87.8 87.3 86.6 85.3 83 80.5 76.8 72.6 66.9 62 57 54.7 56.9 58.3 47.1 48.1 54.2 56 58.9 58.1 54 48.2 39 33.4 20.2 24.6 42.3 35.3 16.6 -1.7 -1.7
76.4 76.6 75.8 73.5 70.2 66.2 60.7 56.1 52.5 47.7 37.2 22.6 39 49.2 54.5 58.3 62.9 67.2 71 74.5 76.4 76 76 75.3 73.1 68.8 64.6 60.5 60.1 64.4 65 62.2 60.2 66.1 71.3 73.5 75.3 78.8 81.1 82.1 81.8 82.9 84.7 87 90.1 92.4 93.6 93.5 93.7 92.8 92.3 91.5 91.2 90.8 90.4 89 87.6 86 84.3 82.2 78.5 72.3 65.9 59.3 53.5 50.8 48.3 41.3 38.1 39.2 39.7 44 42.1 36 21.1 11.7 10.2 -1.7 -1.7 30.9 15.6 -1.7 -1.7 -1.7
77.4 77.3 76.2 74.1 70 65.6 60 56 52.2 46.9 35.1 21.4 29.1 45.1 53.9 61.1 66.3 70.6 73.9 76.3 77.5 77.6 77.8 76.4 73.7 69.3 64.7 61.5 62.3 66.6 67.6 64.4 63.6 68.4 74.6 78.5 81.4 85 87.8 87.9 87.3 87.5 88.5 89.6 90.3 91.5 93 93.4 93.9 94.1 93.9 93.9 94 93.8 92.8 90.7 88.9 87.3 85.6 83.6 79.1 72.8 66.6 60.4 56.5 54.2 50.7 47 40.1 34.1 29.1 24.1 22.5 18 14 13.7 11.3 -1.7 -1.7 -1.7 -1.7 -1.7 -1.7 -1.7
78.5 77.9 76.4 73.8 70.2 66.1 60.1 56.3 51.1 45.6 31.7 21.5 27.7 41.4 53.3 61.8 68.2 73.1 76.6 79.1 80 80.1 79.9 77.4 73.7 69.9 66.1 64.7 65.6 67.1 68.1 67.8 65.8 69.9 76.9 81.6 85.9 89.3 91.3 92 91.7 92.6 93.7 94 93.8 93.3 93.9 94.6 94.9 95.5 95.9 95.9 96.1 95.4 93.4 90.4 88.9 87.3 85.7 83.1 78.5 72.4 67 63.8 68 70.3 69.7 66.6 57.6 48.2 40.6 37.7 34.7 32.7 34.9 23.6 27.6 -1.7 -1.7 -1.7 -1.7 -1.7 -1.7 -1.7
79.9 78.8 76.3 73.5 69.8 65.3 60.3 55.4 45.7 39.6 26.1 18 24.8 34.5 48 61.6 69.6 75.3 78.3 80.9 82 82 81.2 78.8 75 72.9 70.3 69 69.7 69.6 70 73.3 72.3 70.9 80.3 85.1 89.2 92.3 93.1 94.4 95 95.5 96.3 97 96.3 95.8 95 95.7 96.4 97.3 97.6 97.7 96.7 95 93.1 90.7 88.5 87.2 85.7 82.7 78.5 73.5 70.5 75.5 81.3 82.3 81.6 77.2 71.2 63.9 56.8 54.2 54.4 47.9 19.6 -1.7 -1.7 -1.7 -1.7 -1.7 -1.7 -1.7 -1.7 -1.7
80.5 78.9 76.2 72.5 68.6 64 59.3 53.3 44.4 30.6 22.3 18.8 28.9 39.6 47.4 61.7 71 76.4 79.7 81.9 83.4 82.7 81.8 80.3 77.7 76.2 73.7 72.4 73.2 72.2 72.4 78.2 75.1 71.9 80.4 86.6 90.9 93.9 95.1 96.3 96.8 97 98.1 98.6 98 96.8 96.4 96.6 97.2 98.9 99.2 98.8 96.9 94.8 92.2 90.1 87.8 86.1 84.7 82.1 78.5 77.3 79.6 83.8 86.1 86.9 85 81.9 77.5 73.3 67.7 66 59.2 39.5 -1.7 -1.7 -1.7 -1.7 -1.7 -1.7 -1.7 -1.7 -1.7 -1.7
80.2 78.3 74.9 71.2 66.4 61.2 55.9 47.7 36.2 27 19.4 20.5 38 51.6 58.1 65 72.9 77.7 80.6 82.3 82.7 82.7 82 81.2 80.1 78.5 77 76.1 75.9 75.2 76.8 80 78.9 74.6 77.4 86.2 92 94.6 95.5 96.6 97.1 97.5 98.6 98.8 98 97.3 97 97.2 99.5 100.4 100.2 99.6 97.9 95.7 91.9 89.2 87.4 85.7 83.9 82.1 80.5 82 85 87.7 88.6 87.7 85.9 83.9 81.9 80 78.4 72.6 48.3 26.7 -1.7 -1.7 -1.7 -1.7 -1.7 -1.7 -1.7 -1.7 -1.7 -1.7
79.7 76.9 73.4 69.1 63.7 56.7 46.2 33.4 25 19.1 15.3 26.7 48.3 58.6 66 72 75 78.2 80.3 81.3 81.6 81.6 81.4 81.1 80.4 79.6 79.5 79.3 79.1 78.5 79.5 82.4 84.3 83.5 81.4 84.1 90.4 93.6 94.9 95.6 96.4 97.3 97.6 98 97.9 97.8 97.9 98.8 100.8 101.3 100.5 99.4 97.2 93.7 89.5 87 86.1 85.4 83.9 83.2 82.6 83.4 85.7 87.2 87.1 86 86.1 85.8 85.1 84.8 83.3 78.5 31.9 1.1 -1.7 -1.7 -1.7 -1.7 -1.7 -1.7 -1.7 -1.7 -1.7 -1.7
77.9 75.1 70.9 66.3 60.8 50.3 34.7 18.8 16.4 21 27.1 38 54.6 65.4 71.9 75.3 76.9 77.8 78.7 78.7 78 77.8 77.5 78.9 80.3 81 81.7 81.7 82.1 82.1 82.2 85.6 89.3 90.8 89.5 85.2 85.7 89.8 91.8 92.8 94.2 95.4 96.1 96.4 97.6 98.6 98.9 99.5 100.3 100.3 99.1 97.2 94.5 89.6 84.7 83.6 83.7 84.5 84.4 84.4 84.3 84.1 84 84.2 83.6 83.2 84.1 88.2 88.1 85.8 82.3 78.1 56.2 -1.7 -1.7 -1.7 -1.7 -1.7 -1.7 -1.7 -1.7 -1.7 -1.7 -1.7
75.4 72.8 67.5 62.3 55.3 44.4 26.8 18.3 30 40.8 49.5 56.7 64.3 70.7 74.6 75.7 75.6 75.4 74.5 71.4 68.2 68.2 71.1 74 77.8 82.5 84.3 85.4 86.3 86.8 85.6 88.2 91.6 92.7 92.5 91.3 88.7 89.2 90.8 92.1 93.6 94 94.7 95.6 96.8 98.2 98.7 99 98.8 98.4 97.1 94.6 89.9 83.7 79 78.9 82.4 83.8 85.9 85.6 82.8 79.7 78.4 77.5 76 76.5 80.6 88.7 86.4 80.9 75.1 67.6 41.7 -1.7 -1.7 -1.7 -1.7 -1.7 -1.7 -1.7 -1.7 -1.7 -1.7 -1.7
71.1 67 59.2 51.5 44.5 37.9 22.3 24.8 42.8 52.3 58.8 63.4 69 73.3 74.9 73.3 70.8 67.4 63.5 59.8 63 70 75.3 77.2 79 83.4 87.3 89.9 91.5 91.1 90.4 91.6 93.9 95.2 96.2 96.7 96.1 95.3 95 94.2 94.2 94.3 94.8 95.4 96.7 97.8 98.2 97.9 97.1 95.9 94.1 90.4 84.6 77.5 72.7 74.4 79.7 83.2 84.5 81.1 74.8 67.2 48.4 37.2 46.1 59.5 73.9 84.8 81 71.5 55.8 41 13.1 -1.7 -1.7 -1.7 -1.7 -1.7 -1.7 -1.7 -1.7 -1.7 -1.7 -1.7
62.8 54.3 44.4 32.6 25.2 21.1 14.1 32.5 47.2 54.1 61.6 69.5 74.9 75.8 73.2 66.5 57.7 53.4 54.2 59.9 67.2 74.1 79.9 83.7 83.2 84.7 89.3 93 94.6 94.8 94.9 95.7 96.8 97.3 98.3 99.1 99.1 98.7 97.7 96.7 96 95.5 95.7 95.8 97.8 99.1 98.8 97.3 95.3 93.3 91.1 86.4 79.7 69.9 66.2 68.5 75.1 80.6 79 73.1 60.7 41 25.2 1.7 1.5 11.7 56.6 69.3 73.5 56.4 38 -1.7 -1.7 -1.7 -1.7 -1.7 -1.7 -1.7 -1.7 -1.7 -1.7 -1.7 -1.7 -1.7
46.7 36.7 25.2 13.2 14.7 23 30.1 44.1 51.5 57.9 66.1 74.9 77.7 74.5 66.8 53.2 46.8 51.3 61.2 68.9 74 78.6 83.9 86.5 86.5 87.1 90.9 94.8 96.6 97.3 98 98 98.7 99.3 99.9 100.1 99.9 99.9 99.1 98.1 97.3 96.8 96.6 97 98.7 99.1 98 96 93.7 89.4 85.4 80.8 74 66.7 61.8 62.3 70.1 76.6 70.9 62.1 44.8 22.2 -1.7 -1.7 -1.7 -1.7 -1.7 46.5 60.6 42.4 20.9 -1.7 -1.7 -1.7 -1.7 -1.7 -1.7 -1.7 -1.7 -1.7 -1.7 -1.7 -1.7 -1.7
31.3 15.2 11.1 22.3 34.6 45.3 46.8 49.7 55 62.3 70.3 76.1 76.5 72 59.7 45 45.3 64.9 73.3 78.7 82 84.6 86.7 88.5 89.4 91.3 94.4 96.8 98 98.7 99.6 99.6 99.9 100.5 101 100.8 100.7 100 99.6 99.3 98.3 97.5 97.3 97.4 98.6 98.3 96.9 94.6 91.4 86.4 80.4 73.4 68 61.9 56.3 55.6 62.7 68.4 62 44.3 29 5.8 -1.7 -1.7 -1.7 -1.7 -1.7 -1.7 -1.7 21.2 -1.7 -1.7 -1.7 -1.7 -1.7 -1.7 -1.7 -1.7 -1.7 -1.7 -1.7 -1.7 -1.7 -1.7
21.1 14.4 28.7 41.3 49.1 54 55.5 56.8 60.6 66.1 72.1 76 75.1 69.4 52.2 39.7 43.5 62.9 76.1 82.5 85.8 88 88.7 89.8 91.6 94.5 96.7 98 98.5 99.3 100.2 100.9 101.3 101.7 101.9 101.6 100.8 100 99.5 99.2 99 98.1 97.9 98 98.1 97.6 96.1 93 88.9 83.4 74.3 64.9 59.3 53.9 49.4 48.4 55.4 57.9 46.7 28.5 1.5 -1.7 -1.7 -1.7 -1.7 -1.7 -1.7 -1.7 -1.7 -1.7 -1.7 -1.7 -1.7 -1.7 -1.7 -1.7 -1.7 -1.7 -1.7 -1.7 -1.7 -1.7 -1.7 -1.7
12.5 21.4 40.5 52.7 57.3 60.6 61.6 62.9 66.9 70.1 73.5 73.4 72.1 68 50.4 36.1 41.9 58.8 75.3 82.4 87.1 89.3 90.5 91.6 92.8 96 98.1 98.9 98.9 99.9 100.8 101.5 102 102.1 101.8 101.3 100 99.3 98.2 98 97.8 97.2 96.2 96.8 97.3 97 95.5 93 88.5 81.1 71 60.1 53 48.4 41.7 39.5 46.5 43.8 28.9 -1.7 -1.7 -1.7 -1.7 -1.7 -1.7 -1.7 -1.7 -1.7 -1.7 -1.7 -1.7 -1.7 -1.7 -1.7 -1.7 -1.7 -1.7 -1.7 -1.7 -1.7 -1.7 -1.7 -1.7 -1.7
10.7 23.2 44 55 60.8 64.6 66.6 68.4 70.2 70.6 70.2 68.7 66 61.1 43.4 33 41.9 60.8 75.5 82.3 87.1 90.3 91.7 93.1 94.2 97.3 98.6 99.4 99.6 99.8 100.4 101.4 101.3 101.1 100.7 99.9 98.7 97.3 96.1 95.7 95.5 95.2 94.6 95.5 96.6 96.3 95.1 92.9 87.3 77.9 68.7 59 51.7 45.9 39.7 33.2 31.1 24.5 7.9 -1.7 -1.7 -1.7 -1.7 -1.7 -1.7 -1.7 -1.7 -1.7 -1.7 -1.7 -1.7 -1.7 -1.7 -1.7 -1.7 -1.7 -1.7 -1.7 -1.7 -1.7 -1.7 -1.7 -1.7 -1.7
13.4 25.8 47.7 55.4 62.7 67.2 68.6 68.8 67.5 65.2 63.8 59.7 56.2 50.8 34.9 31.6 44.6 65.6 74.8 81.1 86.4 90.4 91.6 93 95.2 99.8 98.9 99.3 99.4 99.1 99 99.8 99.8 99.3 98 96.8 94.9 93.9 93.4 93.2 92.8 92.4 92.5 93.9 95.3 95.8 94.8 91.7 85.5 76.2 69.5 61.7 54.2 49.5 45.1 39.1 33.1 22.1 5.4 -1.7 -1.7 -1.7 -1.7 -1.7 -1.7 -1.7 -1.7 -1.7 -1.7 -1.7 -1.7 -1.7 -1.7 -1.7 -1.7 -1.7 -1.7 -1.7 -1.7 -1.7 -1.7 -1.7 -1.7 -1.7
26.7 36.3 49.8 57.1 63.2 66.3 66.2 64.8 62.2 58.1 54 50.4 46.3 39.1 29 33.7 53.2 65 72.7 78.9 84.4 87.8 88.7 91.2 94.7 97.1 98.2 98.3 98.3 98.3 98.4 98.1 98 96.6 95.2 94 92.2 91.1 90 89.5 89.1 89.4 90.1 90.9 93.3 95 93.8 90.1 85.9 77.1 71.7 67.3 64 61.7 57.5 52 42.2 21.5 -1.7 -1.7 -1.7 -1.7 -1.7 -1.7 -1.7 -1.7 -1.7 -1.7 -1.7 -1.7 -1.7 -1.7 -1.7 -1.7 -1.7 -1.7 -1.7 -1.7 -1.7 -1.7 -1.7 -1.7 -1.7 -1.7
44.1 50.6 54.7 58.7 61.2 62.5 61.6 59.1 56.1 50.6 45.8 39.2 34 26.7 25.9 39.3 53.8 61.1 68.3 74.3 78.8 81.9 84 88.3 93.4 96.3 97.5 97.7 97.5 97.4 97.5 97 96 94.3 93.2 92.1 90.7 89.8 88.6 87.1 87 87.2 88 89.7 91.9 94.2 94.3 91.7 88.1 84 78.7 75 73 68.4 63.3 51.6 37.1 7.9 -1.7 -1.7 -1.7 -1.7 -1.7 -1.7 -1.7 -1.7 -1.7 -1.7 -1.7 -1.7 -1.7 -1.7 -1.7 -1.7 -1.7 -1.7 -1.7 -1.7 -1.7 -1.7 -1.7 -1.7 -1.7 -1.7
51.1 54 55.3 55.3 56.8 56.7 54.3 51.7 48.2 42.2 34.6 27.9 22.8 21.4 31.5 44.8 51.6 56.3 61.3 66.3 70.7 75.6 80.6 87.1 92.5 95.8 97.7 98 97.6 97.2 96.4 95.5 93.9 92.1 91 90.1 89.4 88.5 87.3 86.4 85.9 85.6 86.4 88 90.3 92.9 94.8 93.4 90.3 86.4 82.6 79.3 75.2 68.8 60.6 47.6 31.6 -1.7 -1.7 -1.7 -1.7 -1.7 -1.7 -1.7 -1.7 -1.7 -1.7 -1.7 -1.7 -1.7 -1.7 -1.7 -1.7 -1.7 -1.7 -1.7 -1.7 -1.7 -1.7 -1.7 -1.7 -1.7 -1.7 -1.7
51.4 51.7 51.3 48.4 48.6 48.2 46.6 43 37.9 30.6 24.1 14.6 17 27.3 41 48.4 48.9 48.3 52.2 59.5 67.3 73.2 79.7 87.3 92.6 95.6 96.7 98.1 97.5 96.9 95.4 93.6 91.3 90 88.9 88.3 87.8 87.1 86 85 84.4 84.1 85 86.7 88.9 91.4 93.8 93.6 91.5 88.6 84.9 79.9 73.2 64.8 54.1 39.3 3.2 -1.7 -1.7 -1.7 -1.7 -1.7 -1.7 -1.7 -1.7 -1.7 -1.7 -1.7 -1.7 -1.7 -1.7 -1.7 -1.7 -1.7 -1.7 -1.7 -1.7 -1.7 -1.7 -1.7 -1.7 -1.7 -1.7 -1.7
48 45.8 43.6 41.4 40.7 41 36 31.9 27.7 22.3 15.3 13.4 28.8 36.9 44.4 45.9 40.7 37.7 51.2 62.5 69.4 75 81.7 87.5 92.8 95.2 95.7 97.7 97.5 96.2 94.2 90.9 88.4 87 86.5 86.8 86.9 86.2 84.8 83 82.2 82.1 83.9 85.6 88 90.4 92.5 92.6 91 89.3 86.1 81 72.4 64.2 56.9 46.6 36.1 -1.7 -1.7 -1.7 -1.7 -1.7 -1.7 -1.7 -1.7 -1.7 -1.7 -1.7 -1.7 -1.7 -1.7 -1.7 -1.7 -1.7 -1.7 -1.7 -1.7 -1.7 -1.7 -1.7 -1.7 -1.7 -1.7 -1.7
41.5 38.1 34.8 32.4 30.6 28.2 26.2 21.4 19.4 16.4 10.6 20.9 28.5 32.4 35.5 34.2 30 38.7 57.4 66.7 70.2 74.1 80.3 86.2 91.5 94.3 95.7 97.4 97.1 95.7 93.2 89.9 85.8 83.3 84.3 85.7 85.5 84.9 83.4 81.3 80 80 81.7 85.6 87.7 89.6 91.1 90.7 89.7 88.4 87.3 83.2 75.5 69.2 62.7 53.9 44.8 31.6 15.7 -1.7 -1.7 -1.7 -1.7 -1.7 -1.7 -1.7 -1.7 -1.7 -1.7 -1.7 -1.7 -1.7 -1.7 -1.7 -1.7 -1.7 -1.7 -1.7 -1.7 -1.7 -1.7 -1.7 -1.7 -1.7
33.2 29.1 25.7 24.6 23.5 21.3 19.8 17.9 6.9 4.5 8.6 17.2 17 22.3 23.6 22.8 24.3 39.6 49.9 57.2 62 69.7 76.7 83.1 88.4 92.8 96.3 96.3 96.3 94.2 91.7 87.6 82.6 80.8 83.2 84.4 83.7 82.8 81.4 79.5 78.4 78.9 81.9 85.1 87.4 89.1 87.7 85.7 85.2 84.8 85.8 84.4 78.9 74.3 69.3 64.5 59.6 53.8 37.3 -1.7 -1.7 -1.7 -1.7 -1.7 -1.7 -1.7 -1.7 -1.7 -1.7 -1.7 -1.7 -1.7 -1.7 -1.7 -1.7 -1.7 -1.7 -1.7 -1.7 -1.7 -1.7 -1.7 -1.7 -1.7
23.4 20.8 9.5 11 3.2 2.2 2.2 1.7 1.3 1.2 1.2 1.1 1.1 1.2 1.3 1.6 13.4 26.9 34.2 40.7 50 59.2 68.9 77 82.5 87.6 91.9 93.6 94.3 92.6 88.8 83.5 79.1 77.7 79.9 80.5 80.2 79.7 78 74.5 73.4 76.6 82.6 86.2 87 85.6 74.2 69.9 70.1 68.9 75.8 80.3 77.3 75.5 75.3 75 72.7 66.4 41.5 9.8 -1.7 -1.7 -1.7 -1.7 -1.7 -1.7 -1.7 -1.7 -1.7 -1.7 -1.7 -1.7 -1.7 -1.7 -1.7 -1.7 -1.7 -1.7 -1.7 -1.7 -1.7 -1.7 -1.7 -1.7
1.8 1.4 1.2 0.9 0.7 0.6 0.4 0.3 0 0 0 -0.1 -0.1 0 0 0.3 1.9 4 23.6 28.4 35.7 44 54.5 67.4 76.1 80.7 87.3 88.8 90.5 89.1 85.3 79.7 75.9 73.7 74.1 75.2 75 74.1 72.6 69 68.2 74.2 81.8 86.3 85.2 74.4 63.8 64.6 64.3 62 60.1 64.6 67.9 69.4 73.7 77.1 73 59.9 30.9 -1.7 -1.7 -1.7 -1.7 -1.7 -1.7 -1.7 -1.7 -1.7 -1.7 -1.7 -1.7 -1.7 -1.7 -1.7 -1.7 -1.7 -1.7 -1.7 -1.7 -1.7 -1.7 -1.7 -1.7 -1.7
0.2 -0.2 -0.4 -0.6 -0.8 -1.7 -1.7 -1.7 -1.7 -1.7 -1.7 -1.7 -1.7 -1.7 -1.7 -1.7 -1.7 0.6 12.7 21.9 26.7 33.9 45.4 58.7 68.6 77.5 82.4 83.3 85.9 85 80.9 76.1 72.4 69.9 69.7 69.6 70.3 69.9 68.2 62.4 65.1 75.2 79.4 81.6 73.7 62.3 59.2 58.7 57.1 54.2 46.7 44.2 50 56.5 66.6 75.6 69.3 46.7 16.2 -1.7 -1.7 -1.7 -1.7 -1.7 -1.7 -1.7 -1.7 -1.7 -1.7 -1.7 -1.7 -1.7 -1.7 -1.7 -1.7 -1.7 -1.7 -1.7 -1.7 -1.7 -1.7 -1.7 -1.7 -1.7
