Assets/StreamingAssets/GeoData/Data/ss/SS32.asc
ncols 200
nrows 200
xllcorner 230000
yllcorner 120000
cellsize 50
[rows 148 to 184 of 200, columns 0 to 83 of 200]
206.8 207.5 207 206.1 205.7 203.9 202.2 200.6 198.9 197.5 195.8 194.4 193.4 192.1 190.5 188.4 186.1 184.4 184.1 183.6 182.8 181.8 181.8 181.6 181.4 181.5 182 182.4 185.4 186 187.1 188.8 191.6 194.5 196.9 198.2 199 199.2 199.1 198.8 197.6 196.4 196 197 198.2 199.3 200.4 200.6 201 200.2 198.5 198.3 197.7 198 199.2 200 200.5 201.2 200 198.6 198.1 198.1 198 197.4 196.3 195 193 191.7 189 186.5 185.6 185.6 182.9 181.6 179.8 178.6 179 179.4 180.1 182.6 183.4 185 186.4 189.1
208.9 209.3 208.5 207.5 206.2 204.2 201.6 199.5 197.5 195.9 194.6 193.3 192 190.3 189.2 188.2 185.9 183.9 182.8 182.3 181.3 180.3 180.1 179.9 180.1 180.8 182 182.4 182.4 183.1 184 186.8 190 192.6 194.5 195.7 196.5 196.5 196.5 196 195.5 194.6 194.3 195.7 197.1 198.3 199 198.6 198.1 196.5 194.7 194.7 193.7 194.7 195.8 196.8 197.4 198 197.1 195.9 195 195.2 195.6 195.8 195.3 194.5 193.2 191.8 190 186.1 185.6 185.6 182.5 181.9 180.1 178.3 177.6 178.1 181.3 183.5 185 187.3 188.2 189.2
211 210.7 210 209.2 207.4 205.2 202.3 199.6 197.9 196.8 195.5 194.3 193.7 192.7 191.1 189.3 187.1 185.5 183.3 181.7 181 180.2 179.1 178.9 179.1 179.9 180.8 180.4 180.6 183.4 182.3 182.3 186.7 187.7 189.9 191.5 192.5 192.7 193.1 192.9 192.5 192 192.4 194.4 195.4 197.3 197.1 196.8 195.9 194.2 193.4 192.1 191.5 191.7 192.7 193.3 193.2 193.4 192.7 192 191.6 191.6 192.2 192.7 192.5 192.6 191.8 191 189.4 188.5 186.3 185.5 183.8 181.3 180.6 179.9 178.8 179 182.7 184.7 187.1 189.6 191 192.2
213.1 212.6 211.9 211.1 209.7 206.9 204 201.9 201.2 199.8 198.6 197.3 196.1 195.4 193.4 191.3 189.3 187.3 185.1 183.1 180.4 179.1 178.7 178.3 178.4 181 180.4 180.4 180.4 182 182.3 182.3 184.5 186.1 187.7 188.7 189.8 190.1 190.3 190.4 190.3 190.8 191.9 193.4 194.8 195.6 195.1 194.8 193.9 192.4 191.3 190.1 189.2 189.1 189.4 190.3 189.9 189.6 189.5 189.1 188 188.1 188.7 189.5 189.6 190.1 190 189 188 187.2 186.1 184.2 183.8 182.8 181.7 180.6 178.6 178.6 183.6 186.7 189.3 192.1 194.2 195.2
214.8 214.3 213.8 213.1 211.3 208.9 206.8 205.4 204 202.9 201.6 200.3 199 197 194.8 193.1 191.4 189.2 186.8 184 181.2 178.7 177.7 177.3 177.7 178.4 180.8 180.4 179.9 180.5 181.7 181.9 182.9 184 184.9 185.9 187.1 187.6 188.1 188.9 189.4 189.9 191.4 192.7 193.6 194 193.7 192.6 191.6 190.7 189.6 188.5 187.4 187.3 187.5 187.6 187.4 187.1 186.7 186.6 185.7 185.4 185.4 185.6 186.3 186.7 186.9 186.5 186.1 185.2 184.9 184.1 182.7 181.6 181.1 180.3 177.4 177 183.3 187.3 191 194.1 196 197.5
216.6 215.9 215.2 214.4 213.2 211 209.5 208.2 206.9 205.3 204.1 202.8 201.5 199.1 196.3 194.6 192.8 190.7 187.7 184.1 180.3 177.6 176.9 176.5 177.1 178.1 179.2 180.7 181 181.7 181.8 182.4 183.1 183.4 184.2 185 186 186.2 187 188.1 188.6 189.4 190.6 191.7 192.6 193.4 191.9 191.4 190.2 188.9 187.9 186.9 186.3 186 185.7 185.4 185.1 184.8 184.3 183.8 183.3 182.9 183.3 183.6 183.8 183.5 183 183.1 182.8 182 181.9 181.3 180 179.5 179.2 178.1 176.8 176.4 182.9 186.9 191.4 194.4 197.2 198.6
216.7 216.4 215.5 214.7 214.1 213.3 211.9 210.6 209.2 207.4 205.8 204.3 202.2 199.5 196.9 194.9 192.8 190.7 187.1 181.3 177.3 175.9 175.9 177.2 178.5 180 181.6 183.1 183.7 184.1 184.7 185.3 185.7 185.7 186 186.6 187.2 187 187.3 187.6 189.1 188.6 189.6 190.8 192.1 192.7 191.7 190.5 189.5 188.5 187.5 186.6 185.7 185.4 184.8 184.3 183.6 183.1 182.5 182 181.5 180.7 181.1 180.8 180.5 180.6 180.8 181 179.9 179.6 179.4 178.3 177.5 176.5 175.7 175 174.4 175.7 182.6 187 191.3 194.9 197.4 199.3
216 215.9 215.8 215.1 214.7 214.2 213.3 212.1 210.4 208.5 207.2 204.8 202.1 199.3 196.7 194.2 192.4 190.6 187.1 180.1 175.9 177.2 178 179.4 181.2 182.7 184.1 185.6 186.6 187.7 188.1 188.7 189 189.1 189.4 190 190.3 189.6 189.1 189 188.7 189 189.8 190.8 191.6 192.3 192 191.5 190.9 190 188.3 187.2 185.9 185 184.4 183.8 183.1 182.5 182 181.8 181 180.5 179.8 179.1 178.6 178.4 178.7 178.8 177.6 176.7 175.7 174.9 174.5 173.9 173.4 172.1 172.4 174.6 181.7 186.5 189.9 193.2 196.2 198.3
215.5 215.5 215.6 215.2 214.7 214.3 214.1 213.2 211.5 209.8 207.6 205.5 202.8 200 196.3 192.4 189.6 187.8 185.4 180.8 175.5 176.4 179 181.6 184 185.4 186.9 188.5 190.1 191.3 191.8 192 192.4 193.4 193.7 194.1 193.4 192.3 191.3 190.7 190 189.9 191.3 192.3 194.1 194.8 194.5 194.1 193.2 192.4 190.7 188.8 187 186 185.2 184.4 184.2 183.5 182.6 181.7 180.8 180.5 179.5 178.9 178.6 177.6 177.1 176.5 176 176.2 176.2 177.5 177.1 176.7 175 173 172.2 172.5 179.2 182.7 186.2 189.8 192.9 195
213.9 213.7 213.9 213.6 213.2 213.9 214 213.2 212 210.6 208.7 206.3 203.4 200.6 195.6 191.1 186.5 184.2 182.2 179.4 174.7 177.7 181.3 182.8 185.4 187.7 189.8 191.3 193.5 195.2 195.9 196.6 197.2 197.5 197.8 197.7 196.7 195.6 194.2 193.2 192.4 191.9 193.1 194.8 196.4 197.1 197 196.6 195.8 194.6 192.5 190.4 188.7 187.1 186.4 185.7 185.6 185.1 183.9 183.2 183.2 182.3 181 180.2 179.5 178.5 177.9 178.4 178.1 179.5 179.6 180.9 181.4 181.1 179.4 177.1 173.8 170.1 175.1 179.7 182.3 185.8 189.2 191.4
211.2 210.9 211.7 212.1 212.8 213.4 213.6 213 212 210.9 208.8 206.3 203.3 200 195.4 189.1 184.9 181.5 179.4 177.1 176.1 180.2 182.4 184.2 186.7 189 191.4 193.3 195.9 198.2 199.4 199.5 200.7 200.9 200.9 200.3 199.4 198.2 197 196.1 194.7 194.1 195.8 197 198.2 199.1 199.4 199.1 198.3 196.8 194.5 192.2 190.2 189.1 188.3 187.7 187.2 186.5 185.9 185.2 184.9 183.9 182.7 181.6 180.4 179.5 179.6 180.2 180.8 181.6 182.9 183.5 184.1 183.7 182.2 179.6 175.5 170.8 170.6 174.1 176.7 179.8 184.5 186.8
206.8 207.3 208 209.3 210.4 211.2 211.6 211.4 210.4 209 207.6 205.1 202.1 198.7 193.2 186.5 182 179.1 175.8 173.6 177.8 180.2 182 183.8 185.5 187.9 191 194.2 196.8 199 200.1 201 202.3 202.3 202.1 201.3 200.8 200 199.1 198.2 197.2 197.2 198 198.7 199.7 200.7 200.9 200.7 200 199 197.2 195.2 192.3 191.7 191.1 190.5 189.9 189.1 187.9 188 186.7 186 185.2 183.5 182.4 181.8 181.8 182.7 183.9 184.6 185.5 186.2 186.4 186.1 184.6 182.2 178 173.1 167 169.9 171.6 174.2 177.4 180.8
201.9 203.2 204.2 205.8 207.4 208.4 209.2 208.7 207.7 205.7 203.1 201.8 199 195.9 190.6 184.8 179.5 176.9 174 173.6 176.4 177.6 180.2 182.3 184.1 186.8 190.1 193.5 196.4 199 200.7 201.3 202.9 202.9 202.8 202.3 201.5 200.7 200.3 199.7 199 199.2 199.4 200 200.7 201.4 201.6 201.8 201.4 200.4 199 197.6 196.4 194.8 194.5 194.1 193.4 192.4 191.3 190.4 190.1 189.4 188.5 185.9 184.7 184 184.9 185.7 186.9 186.8 188.1 188.8 188.7 188.5 187 185.2 181 176 171.8 169.6 169.4 170.4 173.3 177.1
198.9 199.3 200.3 202 203.4 204.2 204.5 204.3 202.7 200.4 199.2 197.8 196.3 193.3 188.8 183.5 178.4 174.7 172.3 172.8 175.5 176.9 178.3 180.5 183.4 186.2 189 192.9 195.9 197.3 200.3 201.6 202.8 202.8 202.1 201.8 201.5 200.9 200.5 200.3 199.1 200 200.1 200.5 201 201.5 201.5 201.8 202 201.8 201.2 200.6 199.6 197.9 197.7 197.2 196 195.3 194.1 192.9 193.5 192.6 192.1 190.9 189.2 187.6 187.9 188.8 189.2 189.7 190.5 190.9 191.1 190.9 189.5 188.2 185.5 181.9 177.5 174.6 172.7 169.3 170.4 172.7
194 194.2 195.2 196.7 198.2 199.5 200.2 199.8 197.3 195.1 194.9 194.6 193.5 190.7 188 182.9 176.6 172.6 171.3 172.8 174.5 176.3 178.4 180.1 182.5 185.3 188.1 191.7 194.9 197.1 199.7 201.3 201.9 201.8 201.5 200.9 200.2 199.6 199.9 199.5 199.4 199.5 199.2 199.5 199.8 200.7 200.6 201 201.9 202.5 202.3 202.6 201.8 200.7 200.1 199.4 197.9 197.1 196.3 195.5 195.3 194.7 193.4 192.9 192.5 191.7 191.1 191.5 192.3 192.8 192.7 192.7 192.9 192.8 192.1 190.7 188.8 186.3 182.6 178.3 173.8 169.5 170.9 175.2
188.9 189.1 189.9 191.2 192.7 194 194.6 192.7 191.2 190.1 190.1 190.1 189.3 188.8 185.5 180.6 174.8 170.6 171.3 174.3 176.3 178.9 181.2 183.1 184.5 185.3 187.7 191 193.6 195.4 197.6 199.1 199.8 199.8 199.3 199.1 198.8 198.3 197.8 198.1 197.8 198 197.7 198.2 198.3 199.3 199.4 200.3 201.1 202 203.4 203.2 203.4 203.6 203.2 200 199 198 196.7 195.5 195.2 194.6 193.9 193.2 192.6 192.2 192.2 192.3 192.7 193.6 194 194.1 194.4 194 193.7 192.3 190.4 187.7 184.5 180.4 174.2 167.9 171.2 177.3
183.8 184.2 184.3 184.9 186.7 188 187.3 185.9 185.9 184.8 184.5 185 185.6 184.4 181.7 178.4 173 170.5 172.6 176.6 178.5 180.8 183 184.8 186.5 188 188.7 190.5 193.3 194.9 196.6 197.8 197.8 198 197.5 197.2 196.7 195.9 195.5 195 194.8 194.9 194.8 195.7 196.6 197.5 198.4 199.1 200 201.1 202.1 202.3 202.6 203.1 200.5 199.6 198.7 197.8 196.7 195.5 194.9 193.9 193 192.2 192.2 192.1 192 191.9 192 192.4 192.8 193.7 194.5 194.9 194.9 193.4 191.5 189.1 185.8 178.9 172.4 165.6 169.8 175.9
181 180.1 178.4 177.5 178.3 179.6 179.1 179.6 179.9 180 179.8 180.2 180.6 179.6 177.6 175.4 170.5 169.9 173.1 176.8 179.8 181.7 183.6 185.6 187.3 189 190.3 191.4 192.6 194.2 195.9 196.8 197.2 196.5 195.8 195.2 194.2 193.5 193 192.2 192.4 192.5 192.3 193.2 194.1 194.9 196.1 197.4 198.9 200 201.1 201.2 201.2 200.5 199.4 198.2 197.1 196.4 195.6 194.3 193.5 192.2 191.3 190.6 189.7 189.6 189.6 189 189.4 190.3 190.1 191.2 192.4 193.8 194.2 193.5 191.8 189.2 185.9 181.1 174.3 164.2 167.6 173.2
179.2 179.4 179.5 179.4 178.3 177 174.8 174.6 174.4 175.1 175.1 175.7 175.6 174.6 173.5 172 168.8 171.1 174.1 177 179.4 181.6 183.3 185.7 187.3 189 190.7 192 192.4 193.6 195.2 195.8 196.5 195.9 194 192.4 191.8 190.7 189.9 189.6 189.2 189.3 189.9 190.7 191.2 192.7 194.3 195.9 197.7 199 200 200 200 198.8 197.7 196.6 195.6 194.5 193.1 191.8 191 189.7 188.7 188 187.2 187.2 186.4 185.9 186.2 186.6 187.6 188.7 189.9 190.9 191.4 191.1 190.9 189 186 182 176.4 166.8 166.1 174
183.2 183.5 184.1 184.3 183.8 181.7 178.9 175.5 173.7 171.7 170.5 171.7 171.6 171.3 170.7 169.2 168.9 171.5 174 176.1 178.1 180.1 182 184.4 186.3 187.9 189.5 191.2 192.8 193.7 194.6 195.6 195.7 195.4 194.5 192.5 190.5 188.6 186.9 186.4 185.9 185.9 187 188.7 190.4 192.2 193.8 195.3 196.9 198.4 199.5 199.6 199.6 198.6 197.4 196.1 194.5 192.2 191 189.7 188.8 187.9 186.4 184.9 184.9 184 183 183.1 184.2 183.2 183.4 184.6 186.4 187.5 188.9 189.4 189.3 187.8 185.4 181.8 176.2 167.1 166.8 173.4
186.6 187.4 188.1 188.1 187.3 185 181.9 177.6 174.7 172.3 170.5 169.6 169.3 169.1 168.6 168.1 168.1 170.7 172.4 173.8 175.9 177.7 179.3 181 184.1 186.1 188.1 189.8 191.6 193.2 194.1 195.3 195.2 195 194.2 192.2 190.3 188.1 186.2 184.3 183.8 184.1 186.5 188.5 190.1 191.1 192.6 194.2 196.4 198.3 199.6 199.5 199.7 199 198.2 196.8 195.8 194.4 193.3 191.9 189.6 187.4 186.6 186 185.4 184.4 183.2 185.4 182.8 181.4 180.7 179.8 180.6 182.2 184.6 187 187.7 186.5 184.5 180.3 176.1 167.5 164.3 172
192.4 192.4 192.3 191.8 190.5 188.2 184.7 179.7 176.4 173.6 171.4 168.3 167.9 167.6 167.8 167.7 167.9 169.3 170.6 172 173.4 175.2 176.6 179.1 181.6 183.8 186.6 188.7 190.5 192.1 193.4 194.4 194.5 194.1 193.7 192.1 189.7 187 185.1 183.5 181.7 182.9 184.8 187 188.9 189.9 191.9 194.2 196.4 198.1 199.6 199.8 200.7 200.2 199.7 199 198 197.3 196.1 194.6 192.1 189.9 189.3 188.5 187.9 187.4 186.2 186.6 185.5 183 181.5 179.4 177 175.6 173.3 179.2 184.4 184 183.3 181.1 177.4 169.9 164.3 173.9
197.3 196.8 196.1 195.4 193.8 191.6 188.9 186.4 180.7 177.2 173.3 168.3 167.6 167.1 167.2 167.3 167.8 168.5 169.3 170.4 171.7 173.1 174.7 176.8 179.1 181.7 184.5 187.1 189.1 190.9 192.4 193.5 194.1 193.7 192.8 191 188.4 185.6 183.5 181.5 179.7 181.5 183.4 185.8 187.9 189.8 192.2 194.4 196.2 198 199.6 200.6 201.2 201.4 200.8 200.7 199.9 199.3 198.4 196.6 193.9 192.7 192 191.3 190.5 189.8 189.6 189.4 189.1 189.2 188.4 186.4 183.8 179.4 173.2 170 176.7 177.5 180 178.7 177.3 171.3 163.7 175.2
201.2 200.6 199.5 198.6 196.9 194.1 191.2 187.9 184.3 179.7 174.5 169 166.4 166.6 166.9 167.5 168 168.5 168.9 170 171.2 172.1 173.5 175.1 177.2 179.6 182.5 185.3 187.3 189.1 190.4 192.5 193.5 193.3 191.9 189.3 186.7 184.3 182.1 179.9 178.3 180.1 182.1 184.4 186.7 189 191.9 194.2 196.3 198 199.5 200.3 200.8 201.2 200.6 200.1 199.8 200.1 199 197.6 196.7 195.3 194.1 193.2 192.6 192.2 191.7 191.8 191.5 191.1 190.8 190.1 188 184.8 178.3 173.3 169.4 168 169.9 172.7 172.7 168.1 164.2 174.4
202.8 202.3 201.7 200.4 198.6 196.4 193.7 190.1 185.6 179.6 172.2 166.9 165.8 166.5 167.1 168.7 169 169.9 170.9 170.9 170.8 171.6 172.7 173.8 175.9 177.8 180.8 182.5 185.3 187.5 189.9 191.7 192.4 192.9 191.7 188.4 185.7 183.2 181.2 179.2 177.2 178.6 180.7 183 185.5 188.1 190.9 193.4 195.6 197.4 199 199.7 199.9 200.6 200 199.8 199.6 199.3 199.2 198.4 197.7 197 196.1 195.1 194.8 194.5 194.1 193.8 193.4 193.1 192.4 191.5 189.7 186.7 180.9 176.9 173.2 169.5 166.8 163.5 162.5 161.1 165.4 172.2
202.9 202.9 202.5 201.6 200.2 198.3 195.4 191 185 176.8 167.5 165.7 166.3 167.6 168.9 170.5 172 173 174.1 174.1 173.2 172.9 173.6 175 175.2 177 178.9 181.2 184.2 187.2 189.1 190.6 192.1 192.5 191.3 188.1 184.8 182.3 180 178.5 176.8 177.2 179.5 182 184.5 187.3 189.8 192.2 194.6 196.1 197.2 197.8 198.3 198.9 198.8 197.4 197.9 198.8 198.4 197.3 197.3 197 196.2 196.4 195.8 195.6 195.6 195.2 194.5 193.7 192.9 191.5 189.8 187.7 184.2 181.3 178 174.4 172 168.8 164.2 160.3 164.5 170.9
202.4 202.2 202.2 201.9 201.2 199.5 196.8 192.4 186.4 175 167.1 166.6 168.6 171.7 173.4 174.6 176 177 177.7 177.1 176.3 175.4 175.1 176.7 176.1 176.9 179.3 181.9 184.7 187.2 188.9 190.3 191.8 192.1 190.8 187.9 184.7 181.5 178.9 177.4 175.4 176.4 178.6 181 183.5 186.2 188.6 190.9 193.1 193.9 193.6 195.7 196.2 196.3 196.1 195.7 196.8 197.2 197.6 197.3 196.2 196.8 196.1 196.4 196.5 196.4 196 195.3 194.3 193.2 191.5 189.8 188.3 187 185 182.4 179.4 176.4 174.1 171.6 167 159 163.5 168.7
201.4 201.3 201.4 201.6 201.2 200 197.3 193.3 187.2 175.2 165.6 169.9 175.2 177.3 178.6 179.4 180.7 181.5 181.2 180.3 178.9 177.6 177.4 178.7 178.7 178 180.6 182.4 184.8 187.4 189 190.2 191.6 192 191.1 188 184.9 182.6 179.4 176.8 175 175.6 177.9 180.2 182.5 184.8 187 189.2 191.4 192.3 193 193.7 193.1 191.8 192.1 194.5 195.4 196.5 196.5 196.4 195 194.2 195.4 195.7 195.6 195.5 195.2 194 192.6 191.3 189.2 187.1 186 185 183.1 180 178.3 175.5 173.4 170.7 166.7 158.7 160.7 165.3
199.2 198.9 199.6 199.9 199.7 198.7 196.1 192.4 186.8 170.3 166.4 177.3 181.2 182.8 183.7 184.5 185.1 184.8 184.6 183 181.3 179.9 179.1 180.4 180.3 179.1 180.7 182.7 184.9 187.7 189.1 190.3 191.5 191.8 189.1 188.4 185.6 182.7 179.7 177.1 175.1 174.3 176.7 178.7 181.1 183 185.2 187.4 189.1 190.3 190.9 191.3 192 190.7 190 192.9 194.5 195.5 195.5 194.4 193.5 192.9 193.8 194.2 193.7 192.9 192.6 191.4 189.4 188.4 186.9 184.3 183.3 182.7 180.5 178 175.6 173.2 170.8 168.3 164.1 160 157.9 159.2
197 196 196.6 197 196.7 195.3 193.3 189.8 173.5 164.7 169 182 185.5 186.8 187.7 188 187.9 187.5 187.1 185.9 184.1 181.5 180.8 181.5 181.3 180.9 181.2 183 185.2 187.9 189.4 191.1 192.3 192.6 191.6 188.6 186.8 182.8 180.1 177.5 175.3 173 174.4 176.6 178.2 180.8 183.1 184.7 186.4 188 188.7 188.6 188.4 187.7 189 192 193.7 194.4 194.3 192.8 191.6 190.7 189.8 190.6 191 189.6 188.4 187.6 188.2 186.1 183.5 181.7 180.3 179.2 176.9 174.6 172.3 169.2 166.3 162.9 158.5 159.8 159.3 162.6
194.2 191.7 192.1 192.5 191.9 191.7 190.3 186.7 163.7 162.5 175.5 183.2 187 189.5 189.8 190.7 190.5 190.2 189.6 188.5 187 183.4 183.4 183.2 183 182.3 182.2 182.8 185.7 187.1 189.7 191.8 193 193.6 192 189.2 186.1 182.3 179.3 177.7 175.2 172.5 172.3 173.4 174.9 176.9 179.5 181.2 182.9 184.5 185.4 185.6 185.2 184.1 187.9 190.8 192.9 193.7 193.4 192.1 189.7 186.8 186 186.2 188.2 186.1 186.3 185.1 184.3 182.9 180.9 178.9 177.6 175.4 173.9 171.2 168.6 165.7 162.1 158.4 158.1 159.5 162.5 167.2
191.7 188.3 188 188.4 187.3 187.2 185 169.7 160.7 168.2 178.6 184.8 188.1 190.3 191.3 192.1 192.1 191.7 191.5 190 188.7 186.4 186.7 185.9 184.7 184.3 183.6 184.5 185.8 187.5 189.5 191.3 192.6 192.9 192.3 189.8 185.6 183.2 179.7 179.6 175.2 172.5 170.6 171 171.8 173.5 175.6 177.2 178.9 180.8 181.7 182.2 181.1 181.8 186.2 189.3 191.9 192.9 192.9 192.2 190 187 183.6 182.9 183.1 182.8 182.3 181.5 180.5 179.1 177.4 175.4 172.9 170.7 169 166.9 162.7 159.9 157.2 154.9 155.5 155.6 162.9 169.3
189.8 185.9 183.5 183.5 182.6 181.6 172.8 161.5 166.9 172.2 175.6 183.3 186.5 189.7 191.7 192.6 193.5 193.5 192.9 191.4 190 188.9 188.5 187.7 186.1 185.8 185.9 186.1 186.4 188.5 190.5 191.5 192.2 193 192.3 190.8 187.9 185.2 182.2 179.3 176.4 173.9 171.9 169.6 169.3 170.4 172 173.7 175.3 176.9 178 178.6 177.7 180.3 184.5 187.7 190.7 192.4 192.8 192.4 190.7 188 184.7 181.9 178.3 179 178.2 177.3 176.6 175.2 173.1 170.3 167.5 164.2 162.6 161.2 159.3 160 157.9 154.9 154.8 157.1 163.9 169.1
188.7 184.8 181 177.7 177.1 175.4 165.8 160.5 171.9 176.7 178.7 181.1 186 189.3 191.3 192.5 193.7 194.9 194.4 193.6 192.2 191.2 190.4 189.3 188.4 187.8 187.6 187.3 187.4 188.7 190.3 191.5 192.5 192.8 192.7 191.7 190.3 188.4 185.9 182.7 179.4 176 173.2 171.4 169 168.3 169.1 171.1 171.7 173.4 175.1 174.7 175.4 179.4 183.9 186.7 189.8 191.5 192.6 192.6 191.3 189.2 186.1 183.9 178.8 176 174.6 173.5 173.2 170.7 169.4 166 164 163.1 164 164.8 165.4 164.5 161.8 157 154.1 156.4 162 167.6
188.9 186.1 181.2 175.4 170.7 166.9 160.6 163.9 173 178.5 181.6 183.4 187 190.5 192.1 193.6 195 196 196.7 195.5 194.8 193.2 191.6 190.8 191.1 190.6 189.1 188.9 189 189.4 190 191.1 192 192.1 192.2 192.1 190.8 189.7 187.9 184.7 181.1 176.9 174.2 172.1 170.4 167.5 167.4 167.4 168.4 170.2 171.5 171.5 174 178.3 182.7 185.6 189 190.9 192.5 192.8 191.2 189.7 186.9 183.9 179.7 176.2 174.4 171.7 171.4 169.8 168.3 167.5 168.2 168.8 168.9 169 168.4 166.3 162.9 157.2 152.1 152.4 159.2 165.4
187.7 185.3 182.7 179.8 175.1 166.8 159.4 166.3 175.2 179.1 182.7 184.1 186.8 189.8 192.3 194.2 196 197 198.2 199.2 197 194.1 192.8 191.9 191.9 191.8 190.7 190.5 190.7 190.5 190.2 190.5 191.2 191.4 191.5 191.1 190.7 189.8 188 185.7 182.5 178.8 175.7 173.1 171.1 169.5 167 165.7 165.6 166.8 168 170.1 173 177.1 181.5 184.9 188 190.3 191.8 192.1 191.4 189.5 186.5 182.8 180.5 177.2 174.3 172.6 172.4 172 171.3 170.9 170.3 170.7 170 168.9 167.5 165.5 162.5 157.1 151.4 148.5 155.6 162.7
185.8 184.5 182.7 180.4 176.5 169.1 160.3 165.4 173.6 177.3 181.4 183.5 186.3 189 192.7 194.8 196.8 198 199.4 200.5 199.8 197.7 194.8 193.5 193.6 193 191.9 191.3 191 190.5 190.4 190.1 190.6 190.7 190.6 190.2 189.9 189.2 187.9 186 183.1 179.6 177.3 175 173.3 171.3 168.5 166.1 165.1 165.2 166.1 168.7 171.9 175.6 179.9 183.6 186.9 189.6 191.2 191.4 190.6 189.2 186.1 183.4 181.5 179.3 176.7 174 173.7 173.1 172.6 172 171.4 170.5 169.4 167.7 166.1 164.4 161.4 157.3 151.3 147.8 153.6 159.4
