Assets/StreamingAssets/GeoData/Data/ss/SS44.asc
ncols 200
nrows 200
xllcorner 240000
yllcorner 140000
cellsize 50
[rows 144 to 179 of 200, columns 82 to 163 of 200]
-2.7 -2.7 -2.7 -2.7 -2.7 -2.7 -2.7 -2.7 -2.7 -2.7 -2.7 -2.7 -2.7 -2.7 -2.7 -2.7 -2.7 -2.7 -2.7 -2.7 -2 -1.3 -0.5 0.2 1 1.7 2.5 3.2 16.9 28 36.5 43.7 57.8 76.6 92.6 102.5 111.8 117.1 115 107.8 106.1 111 125.4 139.6 152.2 164.7 175.9 182 186 188.4 190.4 192 193.1 194.1 194.1 192.9 190.5 188.5 187.4 186.6 186 185.3 184.3 183.3 182 180.7 179.6 175.8 172.5 158.6 151.8 150.3 154.2 162 172 176.6 182.1 186.8 191.1 194.1 195.8 197.4
-2.7 -2.7 -2.7 -2.7 -2.7 -2.7 -2.7 -2.7 -2.7 -2.7 -2.7 -2.7 -2.7 -2.7 -2.7 -2.7 -2.7 -2.7 -2.7 -2.7 -1.9 -1.2 -0.4 0.3 1.1 1.8 2.6 4 22 32.2 39.2 52 63.3 83.8 104.6 113.1 119.1 122.8 123.8 124.2 121.1 121.8 127 135.3 151 161.3 168.8 175.1 180.8 184.7 187.7 189.6 190.5 190.1 190.7 189.9 188.1 185.8 184.8 183.7 183 182.8 183.4 182 181.1 180.1 178.4 176.9 173.6 167.8 153.6 148.6 148.4 152.8 160.2 171 179.4 187.3 192.2 195.4 197.9 199.6
-2.7 -2.7 -2.7 -2.7 -2.7 -2.7 -2.7 -2.7 -2.7 -2.7 -2.7 -2.7 -2.7 -2.7 -2.7 -2.7 -2.7 -2.7 -2.7 -2.7 -1.8 -1 -0.3 0.5 1.2 2 2.7 5.2 17.8 36.4 42.4 54.1 70.5 92 106.5 122.2 127.6 129.7 135 138.5 135.3 136.7 141.8 146.2 154 162.9 169.1 173.8 178.9 181.5 183.1 183.7 184.6 185.2 185.7 185.1 182.6 180.8 179.6 179.2 178.9 179.4 180.3 180.4 179.7 178 177.2 177.5 176.8 173.6 165.8 150.6 146.9 147.3 153.2 164 178.1 186.2 191.7 196 198.6 200.3
-2.7 -2.7 -2.7 -2.7 -2.7 -2.7 -2.7 -2.7 -2.7 -2.7 -2.7 -2.7 -2.7 -2.7 -2.7 -2.7 -2.7 -2.7 -2.7 -2.7 -1.7 -0.9 -0.2 0.6 1.4 2.1 2.9 7.3 23.1 33.3 43.8 60.1 73.9 94.1 112.2 130.8 137.1 138.6 146 148.9 147.6 148.9 150.2 156.3 161 166 170.4 174.4 177.7 180 181.4 181.4 180.9 180.6 180.1 178.9 177 176.3 175.9 175.4 173.9 174.1 174.6 175.5 176.4 175.5 173.7 175.4 177.8 176.5 172.6 161.8 150.2 145 147.7 154.8 175.9 186.1 192.1 196 197.8 199.4
-2.7 -2.7 -2.7 -2.7 -2.7 -2.7 -2.7 -2.7 -2.7 -2.7 -2.7 -2.7 -2.7 -2.7 -2.7 -2.7 -2.7 -2.7 -2.7 -2.7 -1.5 -0.8 0 0.7 1.5 2.3 3 12.2 24.6 33.5 50.6 67.8 83.2 100.6 118.9 134.1 145.8 151 155.4 157.5 157.3 158.5 160.4 163.6 166.8 170.4 173.1 175.6 177.6 179.1 179.5 179.4 178.8 178 177 174 171.6 171.5 170.4 169.9 169 166.7 167.1 169.4 170.3 170 167.1 169.9 172.4 173.8 172.4 169.4 162.3 146.1 144.6 151.1 171.2 184 190.7 193.3 195.1 196.4
-2.7 -2.7 -2.7 -2.7 -2.7 -2.7 -2.7 -2.7 -2.7 -2.7 -2.7 -2.7 -2.7 -2.7 -2.7 -2.7 -2.7 -2.7 -2.7 -2.2 -1.4 -0.7 0.1 0.9 1.6 2.4 3.2 15.5 20.6 41.1 54.2 73.4 94.9 112.2 127.8 139.3 148.4 155.4 159.7 162.6 164.3 166.3 168.3 170.2 172.4 174.1 176.3 177.3 178 178.1 178.3 177.5 176.8 175.5 172.7 169.5 167 165.8 164.3 163.4 162.9 163 162.4 162.4 161.9 161.8 159.2 161.6 163.1 164.8 166.2 166.7 163.8 144.4 142.1 148.9 165.5 177.8 184.2 187.8 189.6 191.1
-2.7 -2.7 -2.7 -2.7 -2.7 -2.7 -2.7 -2.7 -2.7 -2.7 -2.7 -2.7 -2.7 -2.7 -2.7 -2.7 -2.7 -2.7 -2.7 -2 -1.2 -0.4 0.3 1 1.8 2.6 3.9 17.2 35.6 48.7 64.9 85.6 106.7 122.7 136.4 146.8 152.3 160.5 165.3 167.9 169.8 171.1 172.9 175.3 177.1 178.4 178.8 178.7 179 178.4 177.4 176.1 174.6 172.6 169.3 166.8 163.5 161.1 160.5 158.5 156.6 156.2 154.5 153.5 152.7 152.4 149.7 149.9 152.7 156.6 159.4 160.8 161.3 144.3 139.4 147.8 164.2 174.9 180.3 183.2 184.4 185.3
-2.7 -2.7 -2.7 -2.7 -2.7 -2.7 -2.7 -2.7 -2.7 -2.7 -2.7 -2.7 -2.7 -2.7 -2.7 -2.7 -2.7 -2.7 -2.7 -1.9 -1.1 -0.3 0.5 1.2 2 2.8 5 20.2 34 52.7 74.5 95.6 118 134 143.7 151.1 158.5 165.5 169.2 172.2 174.5 176.4 178 179.2 180.3 180.6 180.6 180.3 179.2 177.7 176.4 175 172.4 170.2 167.4 164.4 161.1 158.2 155.8 154.7 152.8 151.2 148.8 147.5 146.3 144.7 143 141.2 141.1 142.9 145.8 147 146.7 138.9 137.1 145.2 163.9 173.6 177.9 179.3 180.2 180.5
-2.7 -2.7 -2.7 -2.7 -2.7 -2.7 -2.7 -2.7 -2.7 -2.7 -2.7 -2.7 -2.7 -2.7 -2.7 -2.7 -2.7 -2.7 -2.7 -1.8 -1 -0.2 0.6 1.4 2.2 3 6.4 19.4 31.9 60.8 79.6 100.7 126 142.7 154.2 159.3 165.7 170.6 173.5 176.9 178.8 179.9 181.4 182.3 183 182.9 181.9 180.9 179.2 177.6 175.7 173.8 171.7 168.8 166.1 162.2 158.9 155.8 155 152.1 150 148.7 147.4 145.9 144.2 143.9 143.2 142.8 140.9 137.8 135.3 132.4 131.5 130.7 135.1 146.2 164.4 170.8 174.6 175.3 175.2 175.2
-2.7 -2.7 -2.7 -2.7 -2.7 -2.7 -2.7 -2.7 -2.7 -2.7 -2.7 -2.7 -2.7 -2.7 -2.7 -2.7 -2.7 -2.7 -2.7 -1.5 -0.8 0 0.8 1.6 2.4 3.2 10.6 17.4 33.5 64.1 85.3 108.1 131.6 149.1 158.9 164.1 170 174.3 177.5 180.3 181.7 182.8 184.3 184.6 184.3 183.8 182.4 180.9 179.3 177.3 175.2 173.5 170.7 167.6 164.5 160.8 158 157.4 155.6 154.7 153.7 152.8 151.3 150 149.7 150.5 151.4 152.2 151.6 147.9 144.7 141.9 134.9 129.7 133.9 147 159.2 166.2 169.9 169.9 169.1 168.6
-2.7 -2.7 -2.7 -2.7 -2.7 -2.7 -2.7 -2.7 -2.7 -2.7 -2.7 -2.7 -2.7 -2.7 -2.7 -2.7 -2.7 -2.7 -2 -1.3 -0.5 0.3 1 1.8 2.6 4.1 15.8 18.1 50 67.6 89.4 113.1 134.6 150 161.6 169 173.5 176.9 179.6 182.4 183.3 184.2 185.2 185.1 184.7 183.9 182.5 180.9 179.2 177.2 175.6 173.4 170.8 167.5 163.9 161.5 160.9 159.8 159.1 158.5 158.1 157.2 156.3 156.1 156.5 157.3 157.1 157.5 157.3 155.4 152.4 147.8 140.4 125.6 132.2 144.6 151.6 157 160.7 162.9 163.6 162.5
-2.7 -2.7 -2.7 -2.7 -2.7 -2.7 -2.7 -2.7 -2.7 -2.7 -2.7 -2.7 -2.7 -2.7 -2.7 -2.7 -2.7 -2.7 -1.8 -1 -0.2 0.5 1.3 2.1 2.8 4.6 14.7 23.8 51.6 74.2 97.5 116.6 139.3 151.1 164.7 171.6 174.9 178.1 181.9 183.7 184.7 185.6 185.6 185.5 185.2 184.7 184 182.2 180.4 178.7 176.9 174.4 172 169.5 166.3 164.9 164.3 163.6 163.1 163.1 162.5 162 160.9 161.7 162.4 161.9 160.9 160.9 160.7 158.7 156 149.1 139 127.3 126.5 132.7 142.8 148.3 152.2 154.1 154.1 153.7
-2.7 -2.7 -2.7 -2.7 -2.7 -2.7 -2.7 -2.7 -2.7 -2.7 -2.7 -2.7 -2.7 -2.7 -2.7 -2.7 -2.7 -2.7 -1.5 -0.8 0 0.8 1.5 2.3 3.1 5.4 15.3 21.8 54.3 75.6 98.5 121.2 140.1 154.9 167 172.5 177 181.3 183.8 185.1 186.6 186.9 186.9 186.8 186.8 186.4 184.9 183.5 181.5 179.8 177.9 175.5 173 170.9 168.9 167.9 167.5 167.6 167.2 167.5 166.8 165.9 165.3 165.2 165.6 165 164.4 163.9 162.2 160.4 157.2 152.2 145.1 131.7 125.3 123.6 127.4 134.3 140.1 142.6 142.8 143.6
-2.7 -2.7 -2.7 -2.7 -2.7 -2.7 -2.7 -2.7 -2.7 -2.7 -2.7 -2.7 -2.7 -2.7 -2.7 -2.7 -2.7 -2.2 -1.4 -0.6 0.2 1 1.8 2.5 3.5 9.8 18.5 36.6 54.6 78.1 101.4 126.3 143.9 159.5 168.5 173.9 178.9 182.6 184.9 186.4 187.4 188 188.3 188.3 188 187.8 186.6 184.9 182.7 181 179.3 177.2 175.1 173.4 172.5 171.6 171.5 171.7 172.2 172.1 171.5 170.5 169.3 168.9 168.2 167 166.2 165.3 163.7 161.6 158.6 154.1 148.4 140.6 131.5 124.4 120.2 122 127 131.7 135.1 138.2
-2.7 -2.7 -2.7 -2.7 -2.7 -2.7 -2.7 -2.7 -2.7 -2.7 -2.7 -2.7 -2.7 -2.7 -2.7 -2.7 -2.7 -2.1 -1.3 -0.5 0.3 1.1 1.9 2.7 4 14.6 18.9 42.9 58.4 81.8 107.8 128.7 147.9 161.9 170.9 174.7 179.3 182.5 184.8 186 187.4 188.7 189 189.5 190 189.5 188.8 187.4 185.7 183.8 181.9 180.8 178.9 177.8 177 177.1 177.2 177.7 177.2 176.5 174.9 173.1 171.9 170.8 169.2 167.8 166.8 165.5 164 162.2 159 155.6 150.6 145.1 138.5 130.6 122.8 116.9 119.7 122.9 124.7 129.5
-2.7 -2.7 -2.7 -2.7 -2.7 -2.7 -2.7 -2.7 -2.7 -2.7 -2.7 -2.7 -2.7 -2.7 -2.7 -2.7 -2.7 -1.8 -1 -0.3 0.5 1.4 2.2 3 5.3 17.4 21.9 43.2 61.8 86.1 110 132.1 151.3 164.5 171 174.8 178.5 181.5 184 185.7 187.6 188.9 190.7 191.2 192 191.5 191.4 190.3 188.9 187.8 186.7 185.2 183.4 182.3 182.5 182.4 182.6 181.9 181 179.4 177.2 175.5 173.4 171.8 169.7 168.1 166.3 165.3 164.4 162.5 158.9 155.7 151.8 147.3 141.4 136.7 130.5 123.9 115.5 116.8 120 124.7
-2.7 -2.7 -2.7 -2.7 -2.7 -2.7 -2.7 -2.7 -2.7 -2.7 -2.7 -2.7 -2.7 -2.7 -2.7 -2.7 -2.7 -1.6 -0.8 0 0.8 1.6 2.3 3.1 6.3 13.6 28.2 48.6 67.2 92.4 115.8 135.3 151.8 163.2 169 173.2 177 179.8 182.8 185.2 187.1 189 190.7 192.1 193.8 194.3 193.9 193.2 192.3 191.1 190 188.3 187.3 186.9 186.7 186.3 185.5 184.8 183.4 181.2 179.2 176.5 174.4 172.1 169.8 168.1 166.8 166.1 165.2 163.1 160.4 157.1 153 149.2 145.5 140.6 136 130.3 123.2 114.3 115.4 119.7
-2.7 -2.7 -2.7 -2.7 -2.7 -2.7 -2.7 -2.7 -2.7 -2.7 -2.7 -2.7 -2.7 -2.7 -2.7 -2.7 -2 -1.3 -0.6 0.2 1 1.8 2.6 3.5 13.6 14.2 34.9 50.2 73.3 98 120.8 139.7 155.3 161.9 165 168.7 173 177.5 180.6 183.2 185.9 188.2 190.4 192.8 194.9 196.4 196.4 195.7 195 193.9 193.1 192.1 191.1 190.5 189.7 188.8 187.6 186.1 184.6 182.3 180.4 178.1 174.8 172.3 170 167.8 166.5 165 165.3 163.5 161.8 158.8 155.6 151.8 148.2 143.9 138.3 132.6 126 115.6 111.6 112.9
-2.7 -2.7 -2.7 -2.7 -2.7 -2.7 -2.7 -2.7 -2.7 -2.7 -2.7 -2.7 -2.7 -2.7 -2.7 -2.7 -1.7 -1 -0.3 0.5 1.2 2 2.8 4.5 17 20.8 39.8 55.2 80.3 104 128.1 144.6 153.6 156.2 158.8 162.5 167.1 171.7 176.5 180.5 183.4 186.2 189.1 192.1 194.6 196.3 197.3 197.1 196.4 195.6 195 194.4 193.3 192.6 191.5 190 188.9 186.6 184.6 182.2 179.9 177.9 175.1 172 168.9 166.8 164.6 163.3 163.2 163.4 162.3 160.9 158.3 154.8 150.8 145.7 140.2 134.7 129.3 122 114.4 111.4
-2.7 -2.7 -2.7 -2.7 -2.7 -2.7 -2.7 -2.7 -2.7 -2.7 -2.7 -2.7 -2.7 -2.7 -2.7 -2.2 -1.4 -0.7 0 0.8 1.5 2.2 3 5.8 11.1 22.1 43.8 60.9 87.2 110.4 130.5 143.3 147.6 147 149.9 156.5 162.1 167.4 171.8 176.7 180.2 183.8 187.2 190.5 193.3 195.4 196.6 196.1 196.5 196.6 196.2 195.4 194.5 193.2 191.7 190.5 188.2 185.8 183.4 181.5 179.6 176.8 174.1 170.8 167.4 164.8 162.1 160.6 161.3 161.9 162.2 161.2 159.6 156.4 152.4 147.6 143.9 141.8 137.4 132.5 124 116.6
-2.7 -2.7 -2.7 -2.7 -2.7 -2.7 -2.7 -2.7 -2.7 -2.7 -2.7 -2.7 -2.7 -2.7 -2.7 -1.9 -1.2 -0.5 0.3 1 1.8 2.5 3.3 14.4 12.9 23.4 50.2 64.8 89.7 110.5 128.1 138.3 137.7 135.3 139.4 146.6 154.7 160.6 165.8 174 177.2 181.2 185.2 189.2 191.9 193.7 194.4 195.4 196 196.5 196.6 196 194.6 193 190.7 189.4 186.8 184.5 181.5 179.3 177.7 175.2 172.3 169.3 165.3 162.6 159.5 157.1 157.9 159.7 160.8 161.1 160.6 158.6 156.3 153.5 150.2 147.6 144.5 140.7 134.5 128.1
-2.7 -2.7 -2.7 -2.7 -2.7 -2.7 -2.7 -2.7 -2.7 -2.7 -2.7 -2.7 -2.7 -2.7 -2.7 -1.7 -1 -0.2 0.6 1.3 2.1 2.8 4.4 14.6 16 35.2 56.2 71.6 90.9 109.8 123.8 125.4 122.2 123 129.4 138 145.7 153.8 161.7 169.4 174.7 179.9 183.7 188 190.2 192.1 193.7 194.7 195.9 196.5 196.4 195 194.3 192.2 189.8 187.3 184.6 181.9 179.8 177.4 175.5 172.9 170.3 167.7 163.9 159.6 156.2 153.1 154 155.9 158.3 159.1 159.2 158.5 156.7 154.9 153.6 151.3 148.8 147.1 142 137.4
-2.7 -2.7 -2.7 -2.7 -2.7 -2.7 -2.7 -2.7 -2.7 -2.7 -2.7 -2.7 -2.7 -2.7 -2.7 -1.5 -0.7 0.1 0.8 1.6 2.3 3.1 6 16.1 12 47.4 62.8 77.6 95.9 111.1 112.2 106.2 108 124.9 136.1 143.7 148.6 153.7 161.3 167.6 173.8 178.4 182.5 186.3 189.1 191.1 193.3 195.5 196.2 196.8 196.6 195.6 193.6 190.7 188 185.1 182.1 179 176.9 174.1 172.6 169.2 166.9 164.3 161.2 157.3 153.8 150.1 149.5 152.3 154.6 155.9 156.2 155.7 154.6 153.6 152.9 152 151.1 149.6 146.5 142.4
-2.7 -2.7 -2.7 -2.7 -2.7 -2.7 -2.7 -2.7 -2.7 -2.7 -2.7 -2.7 -2.7 -2.7 -2 -1.2 -0.4 0.4 1.1 1.9 2.7 3.9 17.8 19.4 25.3 53.3 71.4 87.1 94.2 96.3 89.8 100.3 117.2 131.2 139.7 147.7 152.8 157.5 162.3 168.4 173.8 177.8 182.7 185.6 188.7 191.2 193.6 195.7 196.6 196.8 196.3 195 192.2 189.5 185.8 182.6 180.1 176.4 173.4 170.8 167.9 165.5 163.5 161.5 158.8 155 151.8 147.9 145.1 147.7 149.9 152.3 152.8 152.1 151.3 150.8 150.1 148.6 148 147.4 146.3 144.3
-2.7 -2.7 -2.7 -2.7 -2.7 -2.7 -2.7 -2.7 -2.7 -2.7 -2.7 -2.7 -2.7 -2.7 -1.8 -0.9 -0.2 0.6 1.4 2.2 3 4.9 19.6 23.4 45 62.9 77.2 81.7 78.2 81.1 93.9 109.9 126.9 136.8 142.1 150.4 154.5 159.5 163.7 169 174.1 177.8 182 184.8 188.1 190.5 193.4 194.7 196.1 196.2 195 193.2 191.1 187.1 183.7 179.8 177.1 172.7 169.5 166.5 163.5 162 159.5 157.3 154.4 151.7 148.8 145.7 141.4 141.9 144.8 147.6 148.5 147 147 145.7 144.7 143.3 141.6 142 142.1 142.8
-2.7 -2.7 -2.7 -2.7 -2.7 -2.7 -2.7 -2.7 -2.7 -2.7 -2.7 -2.7 -2.7 -2.7 -1.4 -0.6 0.2 1 1.8 2.5 3.4 9.1 19.4 35 42.4 61.6 66.8 64.3 77 91.6 107 126.3 134.6 140.6 145.6 152.1 156.7 161.4 165.2 169.4 173.8 178.1 181.2 184.2 186.8 189.6 192 193.7 194.3 194.7 193.7 191.5 188.9 184.6 180.6 175.6 172.1 168.3 165.1 162.4 159.5 157.2 155.1 153.1 150.8 148.3 145.6 142.2 138 136.6 140.2 142.8 143.7 142.3 141.1 139.8 138.1 136.2 135.4 136.3 136.6 135.2
-2.7 -2.7 -2.7 -2.7 -2.7 -2.7 -2.7 -2.7 -2.7 -2.7 -2.7 -2.7 -2.7 -1.6 -0.9 -0.2 0.6 1.3 2.1 2.9 3.9 18.6 24.1 30.3 33.1 50 58.3 73.1 89.2 109.3 123.6 135.5 140.3 145.5 150.4 154.4 158.3 162.3 166.3 170.4 174.1 177 179.9 182 185.1 188.2 190.6 192 192.9 192.7 191.6 189.7 186.7 181.8 177 172.8 168.7 164.3 160.1 156.6 154.2 152.4 150.9 148.5 145.8 144.1 141.3 138.4 135 130.7 135 137.3 138.8 137.8 136 134.1 130.6 126 124.5 124.6 124.2 121.6
-2.7 -2.7 -2.7 -2.7 -2.7 -2.7 -2.7 -2.7 -2.7 -2.7 -2.7 -2.7 -1.9 -1.2 -0.5 0.2 1 1.7 2.5 3.3 9.1 25.2 31.8 37.5 45.3 55.3 65.1 84 105.2 122.3 133.6 141.9 144.8 149.4 152.8 156 159.4 162.8 166.4 169.9 172.7 175.5 178.2 180.6 183.1 185.3 187.1 189.5 190.5 190.9 189.8 187.9 184.4 180.4 174.5 169.1 165 160.1 155.6 152.4 149.2 146.5 144.1 142.9 141.2 138.6 136.5 128.5 131 126.8 128.3 132.2 134 131.5 127.3 126.4 120.9 114.5 108.7 104.3 99.7 97.8
-2.7 -2.7 -2.7 -2.7 -2.7 -2.7 -2.7 -2.7 -2.7 -2.7 -2.7 -2.7 -1.5 -0.8 -0.1 0.7 1.4 2.1 2.9 4.3 11.5 22.7 32.8 40.1 50.7 64 78.5 95.5 113.4 126.6 135.2 141.1 145.4 149 152.8 156 159 162.3 165.3 168.2 170.8 173.5 176 178.4 181.2 183.4 185.3 187.9 188.7 188.6 187.4 186.2 183.1 177.6 171.6 167.1 162.7 158 152.7 148.6 144.4 141.1 138.4 136.5 135.3 133.7 131.9 127.1 126.2 122.7 123.1 124.6 124.6 116 115.3 108.7 103.8 102.8 101 99.2 97.5 94.2
-2.7 -2.7 -2.7 -2.7 -2.7 -2.7 -2.7 -2.7 -2.7 -2.7 -2.7 -1.9 -1.2 -0.4 0.3 1.1 1.8 2.5 3.4 9.1 22.6 30.6 35.6 49 63.7 77.1 91.6 111.3 118.7 126.3 133.3 138.7 143.2 147.4 151.1 154.7 157.8 160.7 163.2 165.7 168.1 170.8 173.4 175.9 178.4 180.9 183.6 185.7 186.8 186.5 184.9 183.3 180.4 175.1 170.1 165.6 161.2 156.8 151.3 148.8 147.2 144 140.5 136.8 133.9 130.5 127.8 125 123.7 121 119.1 117.2 114.5 112.6 111.5 111.6 110.7 109 108 105.7 103.2 100
-2.7 -2.7 -2.7 -2.7 -2.7 -2.7 -2.7 -2.7 -2.7 -2.7 -2.1 -1.5 -0.8 0 0.7 1.5 2.2 2.9 4.4 17.6 24.4 34.5 40.3 57.9 72.6 86.3 97.8 110.1 120.6 125 131.5 135.3 139.4 144.9 149 151.8 154 157.2 159.9 161.6 164.6 167.9 170.7 173.2 175.8 178.5 181 183.3 183.9 184.2 182.7 180.9 177.5 173.8 169.7 165.2 160.1 155.9 154 153.3 151.8 148.1 143.3 139.2 136.1 132.9 129.8 127.4 125.5 124.4 122.5 121 119.4 119.2 119.5 118.5 117 114.5 112.6 110 107.2 102.3
-2.7 -2.7 -2.7 -2.7 -2.7 -2.7 -2.7 -2.7 -2.7 -2.7 -1.7 -1 -0.3 0.4 1.1 1.8 2.6 3.5 9.4 19 33.1 38 48.7 61.2 74.1 88.8 100.2 110.1 118.2 123.8 128.5 132.4 136.7 139.8 143.3 147 150.3 152.4 155.2 157.6 160.7 164.7 167.9 170.7 173.1 175.6 178.5 180.5 181.2 181.2 180.4 179.5 175.8 172.3 168.5 164.8 160.7 159 158.4 158.1 155.8 152.7 147.5 142.1 138.4 135 132.6 130.2 129.2 129.3 128.6 130.3 129.2 128.5 125.9 124.6 122.1 119.1 116.7 114.3 110.1 106.2
-2.7 -2.7 -2.7 -2.7 -2.7 -2.7 -2.7 -2.7 -2.7 -1.9 -1.3 -0.6 0.1 0.8 1.5 2.2 2.9 4.5 20.6 28.7 34.9 41.3 52.3 62.8 75.7 88.1 98 107.2 115.8 121 125.8 130.8 132.7 135.4 138.8 141.9 143.5 146.5 150.3 155.1 158 161.5 164.4 167.2 170.1 173 175 177.3 178.6 179.1 179.5 178.1 175.4 172.3 168.9 166.4 163.8 163.1 162.4 161.2 159.5 156.6 151.4 146.5 143.3 138.7 135.6 134.9 136.3 136.3 138.7 139 138.3 136.5 134.7 132.1 129.5 125.4 121.9 119.1 115.6 111.7
-2.7 -2.7 -2.7 -2.7 -2.7 -2.7 -2.7 -2.7 -2.2 -1.5 -0.8 -0.2 0.5 1.1 1.9 2.6 3.5 6 24.1 30.3 37.4 45.3 55 64.9 76.6 86.8 96.9 106.3 113.1 118.4 122.4 125.6 128.3 130.9 134.2 136.9 138.6 141.5 145.5 150.4 154.2 157.9 161.2 164.5 167.1 170.1 172.2 174.5 176 177.3 177.9 177.3 175.6 173.2 171.2 169.6 168 166.2 164.8 163.4 161.8 159.3 156.2 153.6 150.7 146.6 141.4 140.9 143.1 145.1 147 146.5 144.1 142.2 141.2 139.2 137.1 134.7 129.9 125.6 121.5 115.5
-2.7 -2.7 -2.7 -2.7 -2.7 -2.7 -2.7 -2.7 -1.7 -1.1 -0.4 0.2 0.9 1.5 2.2 2.9 4.6 15.3 21.3 32 38.7 48.4 59 67.4 80.3 88 97.2 105.9 111.1 115.1 118.5 121.5 123.8 126.1 128 130.4 132.8 136.4 141.9 146.4 150.3 154.4 158.1 161.5 164.4 167.3 170 172.8 174.8 176.4 177.2 176.5 175.2 173.7 172.5 171.2 169.5 167.4 165.8 164.5 162.9 161.2 159.8 158.5 157.2 154.7 153 152.3 151.6 153 152.7 151.4 149.5 148.3 147.3 145.6 143.2 139.8 136.1 132.1 126.4 122.9
-2.7 -2.7 -2.7 -2.7 -2.7 -2.7 -2.7 -1.9 -1.2 -0.6 0 0.7 1.3 2 2.6 3.7 14.2 21.4 29.5 34.8 42.9 53.1 63.9 71.6 81.5 89 96.1 104.1 108.2 111.2 113.3 116.4 118.5 120.2 121.7 123.1 127.1 130.7 137.4 141.8 145.7 149.9 154.2 158.2 161.9 165.5 168.4 171.4 173.5 175.2 176.2 175 174 173.2 172.4 170.9 169.2 167.7 166.4 164.8 163.3 162.1 161.2 160.6 159.7 158.5 157.6 157.1 156.7 156.6 155.8 154.7 153.5 153.6 151.9 150.5 148 144.8 141.5 137.7 131 126.1
