Assets/StreamingAssets/GeoData/Data/ss/SS48.asc
ncols 200
nrows 200
xllcorner 240000
yllcorner 180000
cellsize 50
[rows 0 to 37 of 200, columns 85 to 169 of 200]
65.8 62.1 59.2 53.6 46.8 47.4 51.1 52.3 51.5 50 49.5 50 50.2 49.2 48.9 47.7 46 44.3 43 42.8 43.4 43.3 40.6 36.8 36.1 38.2 40.1 41.8 43.7 46.2 48.7 50.2 51.2 52 52.3 53.3 54.3 55.3 55.8 56.5 57.4 58.7 59.9 59.7 59.4 58.6 57.8 57 56.2 54.5 52.9 50.4 47.8 48.5 49.2 50.5 52.6 54.1 55.5 56.4 57.5 58.8 60.2 62.1 64.6 66.8 68.6 70.3 72.3 74.5 76.8 78.3 78.8 79.6 81.8 84 88.6 92.7 96 98.8 100.6 104.1 107.7 111.3 115.1
63.3 59.6 56.3 50.2 46.7 46.7 50.1 53.8 53.2 52.5 51.9 51.8 52.1 51.2 49.9 48.3 46.5 44.8 43 41.6 41.7 41.4 39.4 35.5 36.9 39.6 41.8 44 46.3 49.1 50.8 52.1 53 53.7 54.2 54.7 55.4 56 55.2 56.9 58 59 59.8 59.7 59.5 58.7 57.9 57.1 56.4 55.3 52.6 50.2 48.4 47.4 48.4 49.4 51.3 53.3 54.2 55.1 56.2 57.5 59.3 60.5 61.4 64.1 65 67.4 69.5 71.7 74.7 74.4 75.8 76.9 78.7 83.4 87 89.7 92.5 95.6 97.3 99.7 103.5 107.3 110.8
59.9 56.7 52.7 48.4 46.5 47.8 50 53.3 53.6 53.6 54.1 53.8 53.8 53.1 51 48.9 46.9 44.9 42.9 41.3 40 39.5 37.8 37.1 36.7 39.4 42.9 46.4 49 50.7 51.8 52.7 53.4 54.2 55.2 55.8 56.1 56.1 56.3 57.6 58.6 59.5 60 59.6 59.3 58.7 57.9 57.2 56.5 55.4 53.6 51.1 47.8 46.2 46.8 48.2 50 51.9 52.9 53.8 54.6 56.1 57.9 59.1 59.6 60.5 61.1 64.9 66.6 68 69.8 71.1 72.3 75 78.7 82.3 84.8 86.9 89.6 92.4 94.4 96.7 99.9 103.3 106.6
56.2 53.2 48.7 47.3 48 51.5 52.7 53.1 53.4 53.5 54.2 54.6 54.9 53.7 51.7 49.5 47.3 45.1 43 40.9 39.5 38.8 38.2 37.5 37.1 39.4 43.4 46.9 49.7 51 52 53 53.8 54.7 55.6 56.1 56.1 56.2 56.7 57.8 59.6 59.7 59.9 59.2 58.5 58.2 57.7 57.1 56.3 54.8 53.5 51.4 48.5 46.5 45.4 46.6 48.7 50.5 51.5 52.5 52.9 54.7 56.7 57.4 57.7 58.2 58.9 62.2 62.4 62.7 66.3 68.2 70.4 74.7 77.3 79.9 82.3 84.3 86.4 88.7 90.9 93.7 96.8 100.3 103.3
50.6 48.7 47.6 47.9 51.9 54.2 54.7 54.7 53.5 53.5 54.1 54.7 54.5 53.9 52.1 49.7 47.3 45.1 43 40.8 39.2 38.8 39.2 38.7 37.3 38.8 43 46.8 49.4 51.2 52.2 53.2 54.2 54.9 55.6 56 56.2 56.8 57.4 58.3 59.8 59.9 59.6 59.1 58.4 57.6 57.6 56.8 55.8 54.2 53.6 52.6 50.5 47.9 44.9 45.4 47.9 49.1 50.1 51 52.2 53.8 55.5 55.9 55.9 56.6 57.8 59.7 60.3 61.4 63.5 66.1 69.3 72.5 75.1 77.5 79.8 81.9 84 86.2 88.6 91.2 93.6 96.7 99.9
49.3 48.6 48.5 51.6 54.8 56.2 56.6 56.1 54.7 53.5 53.9 54.6 54.1 53.2 51.8 50 47.3 44.9 42.8 40.6 39.5 39.7 40.2 39.8 38.2 37.8 41.7 46.2 48.7 51.4 52.3 53.2 54.2 54.8 55.6 55.8 56.1 57 57.8 58.8 59.9 59.8 59.3 58.9 58.2 57.2 57.1 56.3 55.4 54.4 53.4 52 50.6 49.2 45.6 44.4 46.6 47.6 48.6 49.6 51 52.5 53.9 54.5 54.4 54.5 55.7 57 58.4 59.9 61.9 64 67 70.2 72.6 74.9 77.3 79.6 81.8 84 86.3 88.5 90.9 93.3 96.2
50.6 50.5 51.9 54.7 57 58.1 58.3 57.4 56 54.7 53.9 54.1 54.2 53.4 52.1 50.2 47.5 44.9 42.6 40.7 40.3 40.7 41.2 41.3 40.5 39 38.4 42.5 47.7 50.3 52.1 53.1 54.1 54.9 55.4 55.7 55.9 56.8 58 59.2 59 58.8 59.1 58.5 57.6 56.6 56.3 55.4 54.3 53.2 52.3 51.5 50.1 48.6 46.2 43.8 44.9 46.1 47.1 48.3 49.9 50.8 52.3 52.6 52.2 52.8 53.8 55.5 57.1 58.8 60.6 62.4 64.4 67.4 70 72.3 74.7 77.1 79.4 81.8 83.9 85.9 88.3 90.6 93
53.3 53.8 55 57 58.6 59.6 59.8 59 57.5 55.6 53.6 53.5 53.8 53.6 52.4 50.4 47.8 45.1 42.5 41.4 41.1 41.6 42.7 43.7 43.3 41.7 40 38.7 42.1 48.7 50.7 52.5 53.5 54.1 54.6 55.5 56.7 58.1 58.9 59 58.8 58.6 58.4 57.8 57 56.2 55.5 54.3 53.2 52 51.1 50.3 49.4 48.2 45.6 44.2 43.4 44.7 45.7 47.1 48.9 49.8 50.7 50.5 50.2 51.3 52.5 54 55.9 57.7 59.4 61.1 62.7 64.6 67.3 69.7 72.1 74.7 77.2 79.5 81.6 83.6 85.6 88 90.3
56.7 57.3 57.9 59.2 60.7 61.1 60.8 60 58.1 56.1 54.1 53 53.8 53.7 52.5 50.7 48 45 42.2 41.9 42 43.7 44.8 45.3 45.4 44.9 44.4 42.2 40 39.7 45.3 49.5 51.1 51.7 53.1 55 57 58.5 58.8 58.8 59 58.3 57.3 56.9 56.3 55.5 54.4 53.2 52.1 50.9 49.9 49 48.1 47.1 45.4 44.5 44.3 43.6 45.2 46.5 47.9 49 49.3 49.3 49.3 50.1 51.4 53.1 54.8 56.3 57.8 59.4 61 62.8 64.7 67.3 70 72.6 74.8 77 79.1 81.1 83.2 85.3 87.6
59.3 59.9 60.7 61.8 62.5 62.6 61.8 60.6 58.7 56.6 54.6 53.3 53.2 53.2 52.2 50.4 47.7 44.5 43 42.7 43.6 45.7 46.7 47 47.9 48.2 48.1 48.2 46 43.2 40.8 42.4 46.4 50 52.7 55 57.2 58.4 58.5 58.3 57.8 56.9 56.2 56 55.4 54.3 53.2 52 50.8 49.7 48.3 47 46.1 45.7 45.4 43.9 43.2 44.4 44.5 45.4 46.3 47.3 47.6 47.8 48 49.2 50.9 52.5 53.8 54.9 56.1 57.6 59 60.3 62.7 65.3 67.9 70.1 72.3 74.4 76.5 78.6 80.7 82.8 84.9
62 62.5 63.4 64.4 64.1 63.6 62.1 60.4 58.6 56.7 54.9 52.8 51.7 52.3 51.6 49.9 47 43.7 43.5 44.1 45.4 47.6 48.9 49.9 50.9 51.3 51.3 51.3 50.3 47.8 45.2 42.1 42 46.6 51 53.4 55.1 55.6 56 56.1 55.7 55.4 55.3 55.1 54.5 53.6 51.9 50.7 49.6 48.3 47.1 46.5 45.6 44.7 44 43.1 42.4 43.2 44 44.7 45.3 46 46.2 46.4 47.6 48.4 50 51.6 52.9 53.9 54.5 55.3 57.6 59.3 61.1 63.8 65.7 67.6 69.8 71.9 74 76.2 78.5 80.7 82.7
64.8 65.4 66.3 65.7 65.7 64.2 61.8 60.1 58.4 56.3 54.2 52.2 50.9 51.1 50.6 48.8 46 44.5 45.5 46.5 47.7 49.9 51.1 52.4 52.9 53.1 53.7 53.7 52.4 51 49 45 40.3 43.9 48.5 49.8 51.1 52.2 53.2 53.7 54.1 53.8 53.7 53.7 53.6 52.6 50.9 49.7 48.7 48 47.4 46.7 45.9 45.3 44.6 43.6 42 42 42.9 43.4 44.1 44.8 45.2 45.7 46.6 47.7 49.1 50.6 51.8 53.3 54.9 55.3 58.1 59.3 60.3 62.3 63.6 65.4 67.3 69.5 71.9 74.2 76.6 78.5 80.5
67.6 68 67.9 67.4 66.4 64.6 62 59.9 58.2 55.8 54 51.9 50 49.4 48.2 46.2 44.8 46.6 47.7 48.6 49.9 50.8 52 53.2 54.5 54.2 53.9 53.4 52.5 51.1 49.3 46.6 41.1 42.1 45.6 47.8 49.2 50.1 51 51.3 51.5 52 51.9 51.7 51 50.6 49.5 49.5 49.4 48.6 47.7 46.6 45.7 44.9 44.4 43.7 42.7 41.2 42.6 42.3 42.8 43.6 44.2 45.1 46.4 47.7 49 50.5 51.9 53.5 55 56.5 57.9 59.1 60.2 61.3 63.4 64.8 66.3 67.8 69.9 72.3 74.4 76.3 78.3
69.5 69.7 69.2 68.1 66.8 64.7 62.5 60.7 58.1 55.6 53.8 51.9 50.3 48.8 46.8 45.9 45.9 48.2 49.8 50.5 51.4 52 52.5 53.6 53.6 53.1 52.8 52 51 50 48.2 46.2 41.6 40.2 42.6 45 47.4 48.8 49.8 50 50.3 50.6 50.5 50.2 49.8 49.5 49.3 48.4 48.2 47.9 47.6 46.2 45 44.6 44.3 42.9 40.7 41.2 41.8 42.4 41.7 42.8 43 44.5 46.6 48.2 49.5 50.8 52 53.6 55.2 56.8 57.9 58.9 59.7 60.9 62.4 63.9 65.4 66.9 68.4 70.3 72.2 74.1 76.1
71.6 71 69.9 68.8 67.1 64.6 62.3 60.4 58.4 55.8 53.8 52.4 50.7 49 47.4 45.8 47.3 49.6 50.9 51.8 52.2 52.7 52.8 52.6 52.1 51.7 52.2 51.5 50.8 50 48.2 45.6 42.8 40.7 41.2 42.7 45.5 48.2 48.8 49 49.3 49.5 49.3 49.4 49.6 49.5 49.1 48.4 48.2 48.3 47.9 46.9 46.2 45.5 44.3 42.8 40.4 40.9 41.8 42.3 41.6 43.6 44.2 46.2 47.1 48.6 50 51.4 52.5 53.5 55 56.2 57.5 58.5 59.1 60.1 61.2 62.7 64.2 65.7 67.2 68.6 70.2 72.1 73.7
72.6 71.8 70.7 69.5 67.8 65.5 63.4 61.4 59.3 57.4 55.1 53.8 51.5 49.5 47.7 46.3 47.2 49.2 50.5 51.3 51.4 52.1 52.4 52.4 52.1 52.2 52.8 52.3 51.6 50.9 48.8 46.1 43.3 41.8 40.7 41.2 44.7 47.6 48.2 48.1 48.4 48.3 49 49.4 49.7 49.5 49.4 49.5 49.1 48.5 48.2 47.7 47.4 46.7 45.4 41.8 39.9 40.4 41.8 41.9 42.8 44.5 45.8 47.2 47.9 49 50.4 51.6 52.3 53.1 54.6 55.4 56.1 57.7 58.3 58.8 60.1 61.4 62.8 64.3 65.8 67.2 68.4 70 71.6
73.6 72.5 71.3 70.1 68.9 66.6 64.3 62.2 60.2 58.3 56.2 54.3 52.3 49.9 48 46.9 47.4 48.7 49.2 49.6 50.4 51.2 52 53.1 53.5 53.4 53.3 53.1 52.4 51.7 49.1 46.7 45.3 44.1 42.3 40.3 42.2 45.8 46.9 47.8 47.5 48.2 48.7 49.3 49.5 50.1 50.7 50.6 50.2 49.6 49 48.8 48.5 47.7 46.2 42.2 40.6 40 40.8 41.7 42.5 44.6 46.6 47.5 48.6 49.7 50.6 51.5 52.1 52.7 53.8 54.4 55.5 56.6 57.2 57.7 58.9 60.3 61.6 63 64.4 65.6 66.7 67.8 69.4
74.5 73.2 71.9 70.7 69.5 67.7 65.3 63.1 61.1 59 56.7 53.8 51.9 50.1 48.2 47.5 47.8 48.1 48.1 48.4 50.2 51.6 52.8 54 54.8 54.7 54.2 53.7 53.2 51.3 49.7 48.5 47.4 47 44.1 41.1 40.9 41.3 42.9 43.6 45.3 46.9 48.3 49.1 49.4 50.4 51.2 51.2 51.4 50.8 50.1 49.4 49.4 48.8 47.7 41.7 39.5 39.8 40.1 40.9 42 43.9 46.1 48.7 49.8 50.8 51.5 51.6 52.1 52.5 52.9 53.7 54.4 55.1 55.4 55.9 57.5 58.9 60.3 61.6 63 63.9 64.9 65.7 67.3
75.3 74.4 73.4 72.1 70.8 68.7 66.3 64 61.8 59.5 57.2 53.5 51 49.3 48.8 48 48.5 48.7 48.9 49.9 50.2 53.9 55 55.6 55.6 55 54.5 53.9 53.5 52.1 50.4 49.6 49 49.2 49.2 45.7 42.1 41.6 42 41.3 42 44.1 46.3 48.6 49.7 50.8 51.9 52.5 52.5 51.9 51.3 50.4 49.4 47.9 44.2 40.7 39.8 39.9 39.9 40.5 41.6 44.3 46.7 49.3 50.9 51.8 52.6 52.5 51.9 52 52.5 53.3 54.2 54.7 54.6 54.7 55.9 57.4 58.8 60.1 61.3 62.3 63 63.5 65
75.9 75.2 74.3 73.5 71.9 69.7 67.2 64.6 61.6 59.3 56.6 52.6 50.7 50.2 49.7 49.6 49.7 49.8 50.3 51.2 49.1 54.6 55.3 55.9 56.1 55.6 54.9 54.3 54 52.5 51.7 51.6 51.4 51 50.1 48.7 43.9 43.1 43.8 43 41.9 41.8 44.4 47.1 49.8 51.6 52.8 53.7 53.6 53.1 52.4 50.5 49.7 47.6 44.4 40.9 39.7 39.6 39.4 39.1 40.9 44.8 47.3 49.9 52.1 53.3 53.5 52.8 52.3 52.2 52.3 53.2 53.6 53.8 54 54.4 55.5 56.2 57.2 58.5 59.7 60.6 61.2 61.6 62.4
76.5 76 75.1 74 72.2 69.8 67.4 64.8 61.8 58.9 55.5 52.2 51.4 51.9 52.2 51.8 51.2 51.5 51.7 51.8 52.5 54.2 55.5 56.3 56.5 56.4 55.7 55.1 54.8 54 53.3 52.6 52.1 51.9 51 48.5 45.1 44.2 46.7 47.3 43.9 41.6 43.3 46 49 51.7 53.8 54.5 55.2 55 53.8 51.7 50 47.4 44.6 41.1 39.6 39.2 38.9 38.9 40 44.7 47.7 49.9 52.3 53.1 53.6 53.2 52.7 52.7 52.4 52.6 52.8 52.9 53 53.5 54.1 55.1 55.9 57 58.1 58.9 59.4 59.2 58.8
77.8 76.9 75.8 74.3 72.1 69.8 67.1 64.3 61.8 59.1 54.3 53.4 53.4 53.9 54.3 53.8 52.8 53.3 53.5 53.5 53.5 54.6 55.2 56.4 56.8 56.7 56.5 55.9 55.4 54.7 54 53.5 52.9 51.9 50.6 48 46.4 46.9 48.1 49.1 45.4 41.6 42.2 44.2 47.2 50.9 53.8 56 56.6 56.8 55.4 53.5 51.2 47.7 44.6 42.2 39.9 38.9 38.9 39 40 43.3 44.8 46.1 47.9 50 51.9 53 53.2 53.1 52.4 51.9 51.5 51.4 50.5 51.8 52.9 54 54.8 55.6 56.3 57 56.7 55.4 54.2
79.4 78.4 76.3 74 72.1 69.5 66.5 63.8 61.3 58.6 55.7 55 55.5 56.3 56.4 55.9 54.8 55.7 55.1 55.1 55.2 55.1 55 55.9 56.9 57 57 56.6 56.1 55.4 54.9 53.7 52.6 51.6 50.8 49.6 48.3 49 49.5 50 48.3 41.5 42.9 44.2 47.2 50.6 54.3 57 58 58.7 58.4 56.8 54.7 51.9 47.4 44.1 40.8 39.5 39.4 39.3 39.4 40.4 40.3 40.6 40.8 41.9 43.6 47.1 51.4 52.4 52.1 51.6 51.1 49.9 48.5 50 51 52.8 52.8 53.3 53.7 55.1 54.8 53.3 52.2
80.8 79.8 76.7 74 72.1 69.3 66.2 63.6 61.2 58.7 57.7 56.7 57.8 58.7 58.9 58.9 58.5 58.2 57.6 56.9 55.8 56.1 56.3 56.7 57 58.1 57.2 57 56.8 55.8 54.9 54 53.1 52.2 51.4 51.2 50 50 50.5 51 45.7 41.7 42.4 46.5 49.5 52.8 56.1 58.7 60.5 60.8 60 59 58 56.1 52.4 48 43.9 40.7 39.7 39.3 39.3 39.2 39.1 39.1 39.2 39.2 39.5 41 45.7 49.3 49.7 50.5 50 48.8 47 47.5 48.6 49.2 49.8 50.3 51 51.2 52.9 51.3 50.3
81 79.6 76.7 74.2 72.1 69.1 66.2 63.8 61.7 60.6 59.7 58.9 60.4 61 61.4 61.6 61.2 61 60.1 59.1 58 56.4 58 58.2 58.4 58.8 58.9 58.1 57.3 56.3 55.4 54.5 53.6 52.8 52.1 51.9 51.6 51.2 51 50.9 43.2 41.7 42.9 49.7 52.4 54.9 57.5 60.3 62 62.5 61.5 60.8 59.2 57 54.2 51.7 47.4 42.6 41.2 39.9 39.8 39.6 39.2 38.8 38.8 38.6 38.7 39.4 40.9 44.2 45.8 46.9 47.1 46.3 45.1 44.7 46 46.7 47.2 47 47.2 47.7 46.3 47.3 48.7
81.3 79.4 76.9 74.4 71.9 69.2 66.8 64.9 63.6 62.1 61.5 61.2 62.2 63 63.5 63.7 64.4 64.3 63.1 61.9 60.6 58.9 59 58.9 59.2 58.9 58.4 58.4 57.9 56.9 55.9 55 54.2 53.5 52.7 52.3 52.4 51.7 50.9 49.7 42.4 42.1 45.2 50.9 53.3 55.4 58.4 60.9 62.7 62.7 61.8 59.5 57.7 55.5 51.8 49.3 45.3 43.4 41.9 40.5 40.4 40 39.7 39.7 39.3 39.1 39.1 38.5 39.3 40.8 42.4 43.4 44.5 43.8 42.9 42.3 43.8 44.4 44.3 43.6 44.2 44.9 45.2 45.3 47.4
81.9 80.1 77.7 75 72.7 70.7 68.4 67.1 66 64.7 63.8 63.7 63.9 64.2 65.3 65.7 65.9 64.7 65.7 65.1 63.5 61.4 59.3 59.4 58.7 58.7 58.7 58.7 58.5 57.4 56.4 55.6 54.9 54.1 53.4 52.7 53.1 52.4 51.2 46.9 42.6 42.3 45.3 50.2 52.9 55.9 58.4 61.1 63.2 62.6 61.6 59.1 56.4 54.3 51.6 49.1 47.5 45.7 43.6 42.2 41 41 41.1 41.1 40.3 40.1 40.1 39.7 38.9 38.2 39.8 41.1 42.1 42.2 41.5 41 41.7 41.8 41 40.6 41.5 42.1 42.4 44 45.5
82.6 80.8 78.5 76.4 74.1 71.8 70.7 69.5 67.9 66.9 65.7 65.6 65.8 66.2 67 67 67.6 66.8 67.1 66.9 65.4 63.6 61 59.8 59.2 58.4 58 58 58.1 57.9 57 56.2 55.5 54.8 54.1 53.3 52.9 52 50.1 46.5 42.8 42.5 45.1 49 51.6 54.8 58.1 60.9 62.6 64.2 63.7 62 59.7 57 54 51.6 50.2 49.4 46.8 44.3 42.7 42.4 42.5 42.6 42.4 42.2 42 41.4 40.3 39.3 38.5 39 39.8 40.1 40 39.9 40 39.2 38.7 38.4 38.9 39.4 40.5 41.6 43.3
82.8 80.9 78.9 77 75.3 72.7 71.4 70.1 68.7 68 67.4 67.5 67.8 68.1 68.5 69 68.7 67.5 67.8 67.1 66 64.3 62.3 59.9 59.2 58.3 57.2 57 57.1 57.2 57.1 56.4 55.6 54.8 54 53.2 52.7 51.4 48.9 44.9 42.9 42.7 44.5 47.6 50.2 53.4 56.6 59.6 62.6 65.6 67.1 66.8 64.9 61.2 58.2 55.4 52.5 50.8 48.9 46.3 44.7 43.9 44.1 44.4 44.4 44.3 44.1 42.5 40.6 41.8 41.9 41.3 39.8 38.2 37.7 38.3 38 36.7 36.4 36.2 36.8 37.3 38.1 39.3 41.1
81.5 80.3 78.9 76.5 75.4 73.8 72.2 71 69.6 69 68.3 68.7 69 69.1 69.4 69.5 69.5 68.4 68.3 66.7 65.4 63.8 61.3 59.9 58.5 57 55.5 55 55.5 56.2 56 55.2 54.5 53.8 53 51.8 51.3 49.6 46.3 43.2 42.8 43.5 44.3 46.1 48.4 52 55.9 59.2 62.4 65.7 68.5 69.2 68.1 65.8 62.7 59.4 55.6 52.6 50.3 48.9 48 47 46 46.3 46.2 46.2 45.8 43.7 42 42.8 43.9 43.4 41.5 39.4 38.5 38.2 37.9 37.4 36.5 35.5 34.9 35.2 35.7 36.6 37.4
80.1 78.9 78.1 75.9 75.9 74.2 72.5 71.7 70.7 69.8 69.4 69.7 69.8 69.5 69.4 69.5 69.7 68.6 68 66.3 64 61.4 59.9 57.8 56.2 55.1 53.8 52.8 53.4 53.4 52.8 52.8 52.6 51.4 50.1 49.7 48.7 47.1 43.4 42.9 44.4 45.6 46.9 47.2 49.3 51.6 55.5 59.3 62.5 65.7 68.3 70.3 69.9 69 65.9 62.4 58.5 55.1 52.4 50.6 49.7 48.9 48 48.1 47.8 47.6 46.9 45.4 44.2 44.2 44.9 44.4 42.8 40.7 39.4 39.3 39.2 38.7 37.7 37 36.8 36 35.1 34.7 34.2
78.6 77.6 76.8 76.5 75.7 74.7 73.2 72.2 71.2 70.5 70.3 70.1 70.1 69.6 69.4 69.4 69 68.2 67 65.1 61.9 60 58.2 56.7 54.9 53.7 52.1 50.5 50.1 49.1 48.8 47.9 47.4 45.9 45.3 45.3 44.2 43.8 42.9 43.9 46.8 48.4 49.4 49.7 51 52.4 55.3 59 62.7 65.8 68.4 70.5 71 70.8 68.1 64.8 61 57.2 54.1 52.4 51.4 50.4 49.9 49.7 49.4 49.2 47.8 46.7 46 45.3 45.8 44.9 43.7 42 40.4 40.3 40.4 40 39.3 38.9 38.7 38.5 38.7 38 37.5
77.4 76.1 75.5 74.9 74.6 73.7 72.6 71.8 71 70.4 70.1 70.1 69.9 69.8 69.5 68.5 67.8 67.5 66 64.3 62.6 60.1 57.6 55.4 53.8 52.4 50.6 49.1 47.8 46.9 47 46.9 46.6 46.5 46.2 45.7 45.2 43.6 43 47.8 49.9 51.3 52.1 52.6 54.4 55.6 57.4 60.1 63.3 65.9 68.7 70.7 71.7 71.5 68.9 65.8 61.9 58.7 55.8 54.2 52.9 52 51.7 51.3 51 50.3 49.2 48.2 47.6 47.1 46.3 45.5 44.4 42.7 41.5 41.3 41.5 41.5 41.1 40.8 40.8 40.8 41 41.2 40.9
76.8 74.7 73.8 73.2 72.8 72.1 71.2 70.2 69.7 69.5 68.9 68.8 68.3 68 67.7 66.6 66.1 66 65.5 63.8 62.1 60.1 57.6 55.4 53.5 51.5 49.9 48.6 48.3 49.2 49.4 49.1 49 49.5 50 49.8 49.2 45.5 43.2 47.8 51.2 52.9 53.8 54.7 56.5 58.4 59.9 61.9 64 66.6 69 71 71.9 71.8 70 66.7 63.4 60.3 57.6 56.1 54.5 53.6 53.3 53.1 52.8 51.8 50.7 49.8 49.3 48.5 47.2 46 45 43.6 43.1 42.7 42.9 42.7 42.7 42.9 43 43.1 43.4 43.8 44.4
75.5 73.4 71.5 71.4 71.5 70.6 69.6 69 68.5 68.1 67.5 67.1 66.7 66.2 65.8 64.8 64.5 64.4 64.1 63.3 61.4 59.7 58.3 55.9 53.8 51.4 49.6 48.5 49.7 50.6 51.6 51.9 52.2 52.6 52.3 51.9 50.8 47.4 43.9 46.7 52.3 53.4 54.7 56 57.9 59.9 61.5 63.2 65.3 67.4 69.5 71.1 72.1 72 71.1 69 65.7 62.3 59.6 57.9 56.2 55.7 55.3 54.9 54.3 53.3 52.2 51.4 50.5 49.6 48.3 47 45.7 45.2 44.8 44.4 44.2 44.3 44.5 44.7 44.8 45.4 46.1 46.6 47.4
74.7 72.7 70.8 69 68.6 68 67.7 67.1 66.5 65.9 65.4 64.9 64.5 64.3 63.9 63.1 63 62.9 62.5 62 61.7 60.7 59.6 57.7 53.9 51.2 49.5 49 50.8 51.9 53 53.5 54 54.5 54 53.6 51.9 48.8 43.6 45.7 52.3 54 55.2 56.4 58.4 59.8 61.3 63.1 65.3 67.4 69.1 70.5 71.3 72.1 71.5 70.5 68.2 65.6 62.2 59.7 58.1 57.7 57.4 57.2 56.6 55.3 54 52.7 51.9 50.8 49.4 48 46.8 46.4 46.2 46.2 46.2 46.2 46.3 46.5 46.7 47.6 48.6 49.5 50.3
73.8 71.8 70 68.2 66.1 65.1 65.4 65 64.3 63.6 63.2 62.7 62.2 61.9 61.7 61.3 61.3 61 60.7 60.2 59.9 59.7 60 58.3 54.7 51.1 49.6 50.6 51.7 53.1 54.4 55.7 56.8 56.5 56 55.1 53.1 50 43.8 44.7 51 53.8 55.9 56.9 58.2 59.5 61.1 63 65.1 67 68.7 69.8 70.8 71.6 72.1 71.6 70.7 68.6 64.8 62.3 60.6 60.3 60 59.6 59.3 57.7 55.9 54.3 53.3 52.1 50.9 49.3 48.3 48.5 48.5 48.5 48.5 48.3 48.2 48.3 48.6 49.5 50.4 51.4 52.5
71.9 70 68.6 67.4 65.3 63 61.7 62.2 61.5 60.9 60.4 59.7 59.1 58.9 58.9 58.2 58.7 58.6 58.5 58.3 58.2 58.1 58.2 55 55.6 50.5 50.4 51.1 53.2 54.6 56.4 57.9 58.3 58.4 57.4 56.1 54.2 51.3 46.8 45.7 46.9 51.2 54.6 56.7 57.8 59.4 61 62.8 64.7 66.5 68 68.9 69.9 70.8 71.8 72.2 71.8 70.9 67.3 64.9 63.3 63.2 63.1 62.8 61.6 59.4 57.6 55.5 54.1 52.9 52.2 51.1 50.1 50.3 50.5 50.8 50.8 50.6 50.5 50.4 50.5 51.4 52.2 53.1 53.6
