Assets/StreamingAssets/GeoData/Data/ss/SS54.asc
ncols 200
nrows 200
xllcorner 250000
yllcorner 140000
cellsize 50
[rows 105 to 139 of 200, columns 0 to 77 of 200]
164.1 153.1 154.8 150.4 168.7 180.5 187.1 190.1 191.1 191.2 190.6 189.7 188.6 186.9 185.1 179.7 185.7 187.2 186.8 187.2 186.8 186.9 188.5 190.7 193.1 195.9 197.4 198.5 199 199 200.8 204.1 206.6 207.9 209.7 210.8 212.6 213.7 214.1 214.2 213.9 213.6 212.1 210.4 210.4 210.1 211.3 213.5 215.5 216.6 217.9 219 219.5 219.5 220.1 209.7 218.1 216.5 219.7 222.9 225.2 225.1 221.9 218.8 214.3 213.9 220.6 228.3 232.3 233 231.3 225.5 220.3 213.7 211.6 211.9 217.5 220.9
171.4 174.9 162.9 155.3 170 182.2 187.4 191 192.2 192.9 192.5 191 189.9 188.2 186.4 185.2 186.6 188.2 189.4 189.7 189.7 190.7 191.8 194 197.1 198.9 201.5 202.2 203.6 203.4 204.8 206.6 208.8 210.1 212.1 213.2 214.7 216.1 216.3 216.6 216.6 215.8 214.8 213.6 214.1 214.4 215.1 217.5 219.5 220.8 221.9 222.3 222.2 221.9 220.6 220.3 223.5 223.1 222.9 223.5 224.2 223.9 221.5 217.8 214.5 216.2 222.2 229.1 232.5 232.9 230.5 224.8 219.2 218 219.7 217.3 221 224.2
178.4 176.4 170.9 154.3 171.2 183.8 188.3 191.2 192.4 192.9 193.1 191.7 191.1 190.2 187.3 186.2 187.5 189.5 190.6 192 192.6 193.8 195 196.8 199.9 201.2 202.7 204.9 206 207 207.5 208.7 210.3 212.4 214.6 215.8 217.1 218.3 218.9 219.2 219.1 218.7 218.2 218 217.8 218 218.2 220.3 222.7 224.9 225.3 225.2 225 224.4 218.3 224.4 226.3 227.4 226.9 226.6 226.6 225.9 224.5 222.4 222.2 221.1 222 227.9 230.7 231.2 228.4 223.6 223.5 224.4 224.1 223.6 225.3 229.8
180.2 179.8 176.1 162.7 166.1 182.8 188.7 191.1 192.2 192.5 192.5 192.1 191.8 190.2 189 188.2 189.2 191.7 193.5 195.6 196.4 197.1 198.2 199.7 202.5 205.7 206.6 208.7 210.2 209.8 210.3 211.2 212.1 213.6 215.8 217.7 219.4 220.5 221.4 221.8 221.2 220.7 221.1 221.1 221.3 221.8 221.5 223.6 225.9 227.8 228.5 228.2 227.8 226.8 224.4 226.9 229 230.4 230.9 231.3 230.5 230.2 229.1 227.4 227.8 226.7 227.4 227.6 229.8 229.5 228.2 227 228.2 228.1 227.7 227.6 230.4 234.7
178.6 170.1 163.8 170.1 181.9 182.5 187.7 190.8 192 192.6 193.1 193.7 193.6 192.3 191.4 190.2 190 192.7 195 197.5 199.1 200.5 201.1 203 205.6 208.5 210 210.2 211.8 212.3 212.4 213.6 214.3 216.1 218.3 220.2 221.8 223.3 224.1 224.5 224 223.9 224.3 224.8 225 225.5 225.9 227.1 229.3 230.8 231.4 231.5 230.8 230.2 229.6 230 231.7 233.3 234.7 234.9 235.1 234.5 234.2 232.5 232.2 231.4 231.5 231.3 231.6 231.6 230.7 230.9 230.5 230.4 230.3 230.8 233.7 236.7
173.9 174 179.2 185.9 189.4 190.7 190.5 191.3 192.4 192.8 193.9 195.5 196 195.3 194.7 193.1 191.5 193.7 195.3 196.6 198.7 200.3 202.6 206.2 209.3 211.9 212.1 212 212.9 213.7 214.5 215 216.8 219.2 220.6 222.7 224.5 226.1 227 227.2 227.1 227.3 227.6 227.7 228.2 228.9 229.8 230.6 232.6 233.9 234 234 234.2 233.8 233.6 233.7 235.4 236.8 237.9 238.6 239.1 239.2 238.7 238.5 237.6 236.7 235.7 235.3 234.8 234.4 234.1 234.4 234.2 233.9 233.5 234.2 235.3 237.7
186.6 188.5 191 191.7 192.4 192.8 192.8 192.7 192.7 193.1 193.8 196 196.9 196.9 196.3 195 193.8 194.7 196.2 196.8 198.5 200.2 203.4 206.8 210.4 213.7 214 213.5 214.2 215.5 216.3 217.1 218.7 221.2 222.8 224.3 227.2 229 229.7 229.4 230 230.3 230.7 231.3 231.8 232.2 233.1 233.9 235.7 236.7 236.8 236.7 236.4 237.6 237.6 237.6 238.4 240.2 241.2 242.2 242.9 243.5 243.5 243.3 242.1 241.5 240.5 239.1 238.4 238 237.7 238 237.6 237.1 236.7 236.8 237.4 238.6
193.6 193.4 194.1 194.1 193.4 193.6 193.6 193.2 193.9 194.6 195.1 196.3 196.6 196.7 196.4 195.8 195.8 196.4 197.3 197.4 198.4 199.4 202.6 205.2 208.5 211.9 214.7 215.5 216.5 216.9 217.4 218.4 221.3 223.8 225 227.9 230 231.2 231.9 232.1 232.7 232.9 233.4 234.7 235.4 235.9 236.1 236.8 238.2 239.5 239.6 239.3 240.1 240.4 240.8 240.8 241.8 242.8 244.8 246 246.8 247.2 247.7 247.5 247.1 245.7 244.9 243.7 241.9 241.2 241.6 241.5 241 240.7 239.8 239 239 238.5
196.4 196.2 196.4 196.2 195 193.9 193.5 193.6 194.4 195.8 196.3 197.4 197 196.9 197.2 197.6 198 197.5 196.9 198 198.6 199.8 201.1 203.1 206.7 209.7 212.9 215.6 216.9 216.5 217.8 218.4 221.5 224 225.3 228.4 230.9 233.1 233.6 234.1 235.1 235.6 235.8 237.2 238.3 238.6 239.4 239.8 240.9 241.7 242.1 242.7 243.3 243.5 243.9 244 245.1 246.1 247.8 249 250.4 251 251.6 251.8 251.1 249.8 248.7 247.6 246.1 245.4 245.2 245 244.7 244.3 243.7 241.8 240.2 239.1
198.6 199.3 198.9 197.6 196.3 195 193.9 193.6 193.9 194.1 195.6 196.3 196.9 197.5 198.1 198.5 199 198.7 198.1 197.2 197.3 198.5 200.2 202.2 204.3 206.8 210.3 213.5 215.8 216.9 217.9 218.4 223.1 223.9 226.2 228.6 231.1 232.4 233.4 234.8 236.1 237.5 237.7 239.4 240.4 241 242.4 242.7 243.3 243.6 244.2 244.4 245.8 246.4 246.8 247.2 247.8 248.9 250.5 252.5 253.6 254.2 255 254.8 254.4 253.2 252.2 251 250 249.5 249.3 248.6 248.4 247.4 246.1 244.3 242 239.1
201.2 200.6 201.3 199.4 196.7 195.3 194 193.4 193.5 192.9 193.6 194.7 195.7 195.9 196.7 197.7 198.2 198.3 198.5 198.1 197.4 197.6 199.2 201 203.4 206.9 209.4 212 214.5 216.4 217.5 218.4 224.8 225.5 230.7 229.2 231.8 232.6 233.7 235.2 236.5 238.2 239.2 240.8 242.4 243.3 244.1 244.8 245.3 245.9 246.2 246.7 247.1 247.7 249.2 250 251.6 253.6 254.1 255.3 256 256.8 258 257.9 257.2 256.3 255.5 254.4 253.4 253.2 252.1 251.8 251.3 249.9 248.4 245.6 242.4 239.8
202.4 202.4 201.4 199.3 197.3 195.1 193.8 192.4 191.4 191.8 192.6 193.1 193.2 193.8 195.1 195.9 196.4 196.4 196.8 196.8 196.5 196.4 197.5 199.6 202 205.5 208.9 211.1 214.1 216.3 218 218.2 224.2 226.2 229.2 230.7 231.3 232.6 234 236.3 238 239.2 240.6 241.8 243.6 245 245.9 245.5 246.8 247.4 247.6 248.1 251.4 252 251.2 252 252.2 257.7 257.3 257.8 258.3 258.7 259.6 259.4 259.1 258.7 258.1 256.7 255.6 254.9 254.6 254.6 253.3 251.3 248.7 245.8 242.2 239.1
202.6 202.5 200.9 198.7 196.8 194.9 192.9 191.3 190 189.5 190.5 191.1 191.6 192.6 193.8 195 195 194.9 195.2 195.1 194.5 194.9 196.2 199.4 201.9 205.2 207.8 210.8 213.5 215.8 218 220.1 223.4 225.5 227.6 228.2 229.5 229.8 233.7 235.8 238 239.2 241 243.1 244.5 246.2 246.1 246 247.1 248.8 249.6 250.4 251.1 252.5 253.5 254.9 256 257.8 257.4 258.6 259.8 260.3 261.4 261.4 260.9 260.2 260.5 258.6 258 257.5 256.5 256 254.1 251.6 249 245.8 242.8 239.8
201.8 201.5 200.3 198.2 195.9 193.9 191.9 190 188.3 187.3 187.3 188.2 188.8 191.3 192.9 194 193.6 193.6 193.6 191.7 191 192.7 195.3 198.4 201.2 204 206.3 209.1 212.2 214.4 216.8 218.8 221 223.4 225.2 227.2 228.8 228.8 233.4 235.8 237.8 239.7 241.2 242.9 244.3 246 245.3 245.9 248.4 249.8 250 250.4 251.5 252.1 253.6 255 256 257.4 258.5 259.5 260.5 261.4 262 262 261.4 260.8 260.9 260.4 259.4 258.8 257.2 255.8 253.7 251.1 248.5 244.7 241.5 239
199.9 199.7 198.3 197.2 195.2 193.2 190.8 188.7 187.3 185.5 184.6 185.5 187.8 190.1 191.6 192.3 192.2 191.4 190 188.2 188.4 190.8 193.4 196.5 199.1 202.4 204.7 207.5 210.5 213.7 215.9 217.5 221.1 223.2 223.4 226.1 227.6 230.5 232.6 235.7 238 239.3 240.4 241.7 243 243.8 243.8 245.5 246.4 248.1 248.5 249.3 250.4 251.5 253.4 254.5 256.7 257.7 258.5 258.4 259.1 260.6 261.6 262.8 262.2 261.6 261.8 261 260.4 258.9 257.1 255 252.7 249.3 245.3 242.3 239.5 237.1
197.7 196.4 194.9 194 193.2 191.9 190 188.2 186.6 184.5 182.1 183.4 186.1 188.5 189.5 190.3 189.9 189.4 187.8 186.2 185.9 189.3 190.8 194 196.1 199.5 201.9 205.6 209.3 212.5 214.4 216.6 219.8 221.2 223.3 224.8 226.9 228.9 230.9 233.8 235.8 237.4 238.9 240.2 241.7 241.9 242.9 243.7 244.4 245.6 246.4 248 249.3 250.4 252.2 253.7 255.1 256.6 257.2 257.7 258.5 259.6 260.2 261.4 261.8 261.9 261.8 261 260.2 259.3 257.3 254.8 251.6 247.9 243.4 240.4 237.8 235
194.4 192.6 191.1 190.6 189.5 188.1 186.3 185.6 184.6 183.4 180.4 180.3 183.5 185.2 186 186.9 187.2 186.6 185.6 184.8 183 186.3 188.9 190.5 193.4 195.7 198.9 203.4 207.6 210.1 212.2 215.1 217.6 219.6 221.6 223.6 225.9 227.8 229.3 232 234 235.6 237 238.3 239.4 240 240.2 241.1 242.2 243.7 244.5 246.7 249.5 251 251.7 252.5 253.6 254.8 256 257 258.3 259.7 260 260.8 261.3 261.7 262.3 262.8 260.6 259.2 257.1 255.3 252.2 247.9 242.6 238.3 235.2 232.4
190.6 188.7 187.5 186.9 185.8 184.7 183.5 182.1 180.6 179.2 177.4 178.3 181.2 182.5 182.9 183.3 183.8 183.7 183.9 183.9 180.7 184.7 185.3 187.6 189.4 192.8 195.7 198.7 202.4 207.7 211.4 214.3 216.6 218.1 220.6 222.9 225.4 226.8 227.8 228.9 230.8 233.1 234.6 235.6 236.8 237.1 237.6 238.1 239 240.2 242.6 244.4 246.6 249.4 250.9 251.6 251.9 253.1 254.8 256.1 258 259.7 260.6 261.2 261.4 261.6 261.7 261.7 260.9 260.3 258.4 255.9 252.5 248 243.3 239.6 237 234.9
187.1 186.1 184.5 182.7 181.2 180.8 179.1 178.4 176.7 175.3 174.4 177 179.3 180.2 180.7 181.2 181.8 182.1 181.7 183.1 178.9 180.8 181.5 182 186.4 191 195.1 199.2 203 206.5 209.5 211.5 214 216.2 218.9 222.1 224.3 226.1 227.1 227.8 229.3 231.4 232.8 234 234.3 234.9 235.1 235.3 236 237.7 239.9 242 243.8 246.2 247.3 248.5 249.3 251.9 253.6 255.3 257.5 259.6 260.7 262 262.1 262.4 262.2 262.4 261.4 260.7 259.3 257.9 254.8 250.8 246.7 243.4 240.5 239.4
182.3 181.4 180.3 178.9 178 176.8 176.1 175.2 173.1 171.1 172 174.2 176.3 177.1 178.2 179.1 179.9 179.2 179.7 176.5 173.8 176.6 180.5 184 184.4 190.6 195 197.8 202 204.2 207.7 209.1 212.3 215.3 218.4 221 223.6 226.2 227.2 227.5 228.4 229.3 230.4 231.8 231 232 232.6 232.8 233.6 234.7 236.7 239.2 241.6 242.7 244.3 245.7 248.4 251.2 252.8 254.4 257 258.8 261 262.7 263.7 263.6 263.3 263.3 262 261.2 259.9 258.5 256.1 253.7 250.2 248.1 246.6 245.1
179.2 177.5 176.7 176.4 175.4 174.6 173.2 172.3 171.3 166.9 170.9 172.8 173.7 173.9 174.8 175.9 176.1 172.7 173.8 172 177.4 181.9 183.7 186 188 190.6 193.6 197.1 199.5 202.9 204.9 209.1 211.6 214.8 218.6 221.6 224.5 226.5 227.7 227.8 227.4 227.5 228.2 228.5 228.8 229.2 229.8 230 230.3 231.8 233.8 236.1 238.2 239.3 241.6 245.4 248 249.8 251.6 253.7 256.1 258.4 260.5 262.4 263.8 263.9 263.5 263.5 262.2 261.6 260.2 258.9 256.8 254.5 253.1 251.3 249.8 248.1
176.4 175 174.2 173.1 173.6 172.3 171 169 167.4 162.8 167.5 170 170.4 170.8 171.8 172.1 168.4 168.2 172.8 176.9 180.4 183.3 185.6 187.7 190.8 193.4 195.8 198.3 200.5 203.6 206.2 209.4 213.2 216.4 219.4 222.3 224.6 226.1 226.7 226.9 226.8 226.6 226.4 226.3 226.2 226.6 226.7 227 227.6 229.4 231.4 233.4 234.6 238.4 242.1 245.1 247.8 249.5 251 253.2 255 257.3 259.7 261.6 262.7 263.5 263.2 262.8 262.6 262.1 260.7 259.2 257.1 255 254.1 252.3 250.6 249.2
173.9 173.1 171.1 171.1 169.9 169.3 167.6 165.5 162.5 159.1 164 166.1 167.4 168.1 168.5 165 164 173.4 176.5 179.5 182.4 184 186 188.3 191 193.9 196.4 199.7 202.8 205.9 209.1 212.1 214.1 217.2 219.5 220.9 222.8 224.8 225.1 225.4 225.3 225.3 225.1 224.3 223.7 224 224 223.8 224.7 226.6 228 231.1 234.6 237.8 241.3 244.7 246.5 247.8 250 252.5 254.5 256.6 258.4 260.5 261.4 261.9 261.9 261.3 261.6 261.6 260.5 259.1 257.1 255.5 254.4 252.7 251.1 249.7
170.5 170.7 169.2 168.5 167.8 166.4 165 161.9 157 157.7 161.2 162.4 164.6 165.7 160.6 160.8 169.1 173.9 176.5 179.6 182.4 184 186.2 188.8 191.8 195.1 197.8 201.6 204.5 206.8 210.1 212.7 214.7 216.1 218 219.3 221 222.2 223 223.3 223.1 223 223.1 222.1 221.3 220.3 220.1 219.5 222.1 224.4 227.6 230.7 233.5 236.2 238.9 241.9 244.5 246.2 248.1 251.5 253.6 256 257.8 259.6 260.5 260.3 260.1 259.7 259.2 259.6 259.3 258.1 257 255.5 253.7 252.2 250.7 249.1
165.8 167.7 166.7 165.4 163.7 163.6 162.1 158 153 157.2 159.7 160.5 160.7 156.8 157.9 167.2 170.2 173.8 176.3 179 181.8 183.9 186.8 189.5 192.5 195.5 198.6 201.3 204.3 206.4 209.1 211.5 213.6 215.1 216.5 217.6 218.7 219.7 220.7 221.4 220.9 220.9 220.8 220.3 219.6 218.4 216 216.6 220.3 223.5 226.4 229.2 231.6 234.1 236.9 239.7 242.2 244.7 246.1 250.3 252.5 254.7 257.6 259.9 259 257.6 257.5 257.4 257.8 257.2 257.2 257 256 253.9 252.3 250.7 249.2 247.7
156.8 159.7 159.3 157.4 155.7 157.9 157.4 154.3 148.6 155.1 156.8 157.7 153.5 155.7 164.7 167.8 170.8 173 176 178.6 180.9 184.4 187.3 190.2 193 194.8 197.3 200.9 203.4 205.1 208 210.2 212 213.5 215 216.2 217.1 217.9 218.8 219.4 219.3 219 218.7 218 217.4 215.2 211.9 216.7 219.6 222.2 224.6 227.2 229.9 232.6 235.5 237.9 240.6 243.5 245.6 249.1 249.1 252.8 257.5 256.8 256.7 255.9 255.9 255.6 255.8 255.6 255.3 254.8 253.7 252.1 250.4 248.7 247.4 246
146.9 147.1 147.5 147.1 147.2 146.8 147.6 145.5 145.6 147.3 148.7 148.6 151.3 157.1 163 167.3 170.5 173.1 175.4 177.7 180.3 184.2 187.2 190.1 192.5 194 197.5 199 201 204.4 206.8 208.4 210.8 212.5 213.5 214.5 215.7 216.2 217.2 217.1 217.4 217.2 216.9 216 215 211.8 212.5 215.5 218.4 221 223.5 226.5 228.8 231.5 234.5 237.3 239.9 241.7 248.1 247.5 248.5 250.1 253.1 253.9 254.1 254 254.4 254.3 254.3 253.9 253.5 252.5 250.9 249.6 247.9 246.2 245.1 243.7
143.6 141.9 141.4 140.8 140.6 139.9 141.1 142.1 142.8 145 147.6 150.9 155.9 159.4 156.6 164.4 168.5 171.4 174.2 176.5 179.3 183.1 186.4 187.3 188.8 191.7 194.6 197 199.1 202.2 204.7 207 209.4 211.3 212.1 213.1 214.2 214.5 214.6 214.9 215.3 215 215.1 214.4 213.1 208.6 212.5 215.9 218.7 221 223.4 226.1 228.4 230.8 233.5 235.9 237.8 239.8 242.8 244.7 247 249.8 250 251.2 251.6 252.7 252.9 253.3 252 253.4 251.6 250.6 248.9 247.2 245.4 243.6 241.9 240.9
143.8 140.1 136.8 136.5 136.8 138 140.7 144 148 151.6 154.6 157.9 159.5 160.8 162.6 158.9 165.2 169.9 172.8 175.4 177.6 180 182.2 184.9 186.3 189.7 192.6 194.8 197.8 199.8 201.9 205 207.5 209.5 210.7 212 212.6 212.9 213.2 213.3 213.5 213.5 213.1 212.3 206.3 212.4 214.9 217 218.9 221.5 223.8 225.5 228.3 230.1 232.4 234.3 236.7 238.6 241.5 243.8 246 247.8 248.4 249.1 249.8 251.4 252 251.6 251.7 251.3 249.8 248.7 247.1 245.7 243.4 241.1 239.5 238.4
149.6 146.6 136 135.6 137.4 141.6 145.5 147.6 151.3 154.4 157.9 159.5 161.1 162.7 164.2 164.9 162.1 166.4 170.7 174.2 175.3 177.1 179.8 181.2 182.8 186.5 190 193.3 196.4 197.3 201.2 203.2 206.2 207.9 209.5 210.7 211.4 211.7 211.3 211.6 211.5 211.1 211.1 209.4 205.8 212.7 215.2 217.8 220.2 221.8 223.8 225.4 227.8 229.9 232.3 233.5 236.2 238.6 240.7 242.8 244.7 245.9 246.4 247 247.9 249.3 250 250.5 250.5 249 248.3 246.9 245.5 243.6 241.9 238.9 237.5 235.6
152.3 139.1 134 138.5 143.2 147.1 150.5 152 154.1 157 158.6 161 162.8 165.1 166.9 167.9 167.9 166.4 166.2 169 171.4 173.4 175.9 178.2 179.6 183.7 187.5 191 193.9 196.9 200.3 202.5 204.9 206.6 208 209.1 210.1 210 209.7 210.1 209.2 208.4 206 201 206.8 212.7 215.9 218.7 220.6 222.7 224.1 226 227.9 229.4 231.5 233.7 236 238.1 239.5 240.6 242.1 243 243.6 244.3 245.4 246.9 247.8 248.6 248.8 247.5 247.2 245.3 243.2 241 239.2 237.3 234.9 233.6
153 133 134.4 142.1 147.9 151.7 153.9 156 157.7 159.1 160.1 161.4 164.2 166.7 168.6 170.1 170.9 170.8 169.2 169.1 170.2 172.3 173.7 176 178.5 180.7 183.6 186.9 190.4 193.9 197.6 200.5 203.1 205.1 206.5 207.7 208.4 208.3 208.2 208 209 210 210 203.6 208.9 213.3 215.7 218.3 220.5 222.5 225 226.9 229 230.5 231.3 233.4 234.7 236.5 237.7 238.6 239.1 239.9 240.5 241.3 242.6 243.9 244.8 245.7 245.5 244.6 243.3 242.4 239.8 237.7 236 235 233 231.4
143.3 131.9 135.8 144.5 150.3 153.6 155.2 157.5 159.3 160.5 162.2 164 165.6 167.6 169.3 171.1 172.4 172.3 171.8 171.4 171.9 172.9 173.9 176 178 179.7 182.6 185.5 188.5 191.1 194.8 197.6 200.8 202.9 205.1 206.3 207.1 207.6 207.6 207.4 208.3 210.3 210.8 201.5 210.2 213.7 215.6 217.7 220.2 222.2 224.7 226.6 228.7 230.7 231.6 233.1 233.6 234.3 235.5 235.8 236.2 236.6 237.3 237.9 239.8 240.8 241.4 241.9 241 240.3 239.6 237.8 235.7 234.7 233.6 232.2 231 229.5
134.1 129.4 137.2 146.6 151.2 154.3 156.1 158.1 158.9 160.2 162.1 164.1 166.3 168.3 169.6 171 172.4 173.3 173 173.4 174 174.6 175.5 176.6 177.7 179.7 182.1 184.7 187.2 189.9 192.8 195.5 198.4 201.1 203.5 205.1 206.2 207 206.7 205.8 206.6 208.2 208.7 195.8 210.8 213.1 215.4 217.4 219.8 222.4 224.2 226.1 227.5 229 230.7 232 233.2 233.4 233.5 233.3 233.8 233.5 232.9 233.3 235 236.6 237.6 237.4 236.6 235.6 233.3 233.6 232.5 231.5 231 230 228.9 227.8
129.4 128.6 140.9 148.1 151.3 154.3 157.1 157.1 157.9 159.6 161.7 163.8 165.8 167.8 169 170 171.5 172.1 172.7 172.8 174.3 175.5 176.6 177.2 178.6 180.9 183.2 185.5 187.7 190.1 192.4 194.8 197.6 200.5 202.9 204.3 205 205.6 205.5 204.7 204 204.6 198 199.9 209.4 212.2 214.4 216.4 218.8 220.7 222.7 224.1 226 227.9 228.9 230.6 231.2 232 231.6 231.3 231.1 230.6 229.2 229 231.3 233.1 233 232.6 232.4 231.2 230.7 229.6 229.9 229.1 228.7 227.7 226.6 225.6
