Assets/StreamingAssets/GeoData/Data/ss/SS61.asc
ncols 200
nrows 200
xllcorner 260000
yllcorner 110000
cellsize 50
[rows 140 to 174 of 200, columns 0 to 79 of 200]
163.4 160.8 158.4 156 153 152.5 154.5 155.9 155.7 155.4 153.4 151.2 148.9 146.5 145.5 148.2 150.2 152.1 153.4 153.4 152.6 150.9 148.4 145.4 144 148.1 150.6 152.6 154.5 156.2 158.2 160.2 161.9 162.8 162.6 161.9 160.1 158.6 157.2 155.7 154.3 152.9 152.3 152.7 153.4 154.6 156.1 158 160.3 161.8 163.1 163.6 162.8 161.5 159.7 158.7 159 159.4 160.8 161.8 162.4 162.6 163.2 163.7 164.2 165.1 166.2 167.7 168.6 167.7 167.6 167.1 164 160 155.6 148.8 142.1 138.2 130.6 121.5
166.4 162.5 160.1 157.5 155.2 154 155.9 157.2 157.2 156.7 154.6 152.2 150.2 148.2 147.5 149.3 151.5 153.6 154.8 155.4 154.4 152.2 149.9 148.4 145.3 145.4 148.7 151.3 152.7 154.5 156.5 158.4 160.6 162.2 162.4 161.5 159.6 158.1 156.4 154.3 152.1 150.9 150.5 150.6 151.2 152.6 155.1 156.1 159.8 162 163.1 163.7 163 161.4 159.3 157.8 156.8 157.2 157.4 157.4 158.1 158.9 159.3 159.3 160.7 162 164.9 166.4 168.1 168.6 168.6 167.7 165.7 161.7 158.7 153.1 146.9 139.1 134.5 135.5
169.4 165.9 161.7 159.3 156.9 155.3 156.3 157.5 158.7 158.2 156.6 154.2 152.2 150.1 149.7 150.9 153.1 155.2 156.4 157.3 156.3 154.9 153.1 151.4 148.5 147.5 147.1 149 150.7 152.5 154.7 156.6 158.9 161.4 162.3 161.7 159.6 157.4 155.3 153.3 151.9 150.1 148.9 148.8 149.2 151 154.6 156.3 159 161.5 163 163.5 162.8 160.3 158.2 156.3 154.3 154.2 154.1 153.5 153.3 154 154.6 155.9 156.6 160.7 163.9 166.1 168.1 169.1 169.4 168.6 167.5 165.4 162.1 156.8 149.1 144.7 145.4 143.4
171.5 168.7 165.3 161.3 158.9 157.4 158.2 159.4 160.5 160 158.7 157.7 155.8 154 153.7 152.8 154.3 156 158 158.5 157.9 156.1 154.4 152.6 150.5 149.8 148.8 149.7 151.1 152.1 153.3 155.9 158.5 161.3 162.5 162.1 160 157.9 155.9 153.8 151.9 149.9 148.6 147.3 147.5 150.6 153.8 156.4 158.6 161.2 163.2 164.2 164 161.7 159.2 156.2 150.4 150.1 150 150.5 149.3 147.9 149.1 154.3 157.8 160.7 163.4 165.6 166.1 169.2 170.1 170 169.4 167.8 164.8 160 154.3 153.4 150.9 145.9
173.3 170.7 167.5 164 161.4 159.5 160.1 161.3 162.4 161.7 160.4 159.3 158 158.3 156.9 156.4 156.9 158.7 160 160.8 160.9 159.4 157.3 155.3 153.4 152 151.2 151.7 153 153.8 155 157.3 160.2 161.8 163 162.9 161.2 159.1 157 155.2 153.5 151.6 150.8 149.4 146.1 149.9 152.7 155.3 157.6 160 163.2 164.7 164.7 163.2 160.4 156.9 151.1 145.2 143.8 145.1 142 141.9 148.9 152.9 156.7 159 160.9 162.6 164.6 167.8 170.1 171.1 171.2 169.9 167.2 163.6 160.8 157.8 153.8 148.6
174.4 172.3 168.9 165.6 163.2 161.3 162.4 163.6 164.9 165 164.8 161.9 161.5 162.2 160.1 161 160.4 160.7 162.1 163.2 163.5 162.5 161 159 156.6 154.6 155.2 154.5 154.8 155.8 156.9 159.7 162.1 163.6 163.9 163.4 162.3 160.3 158.4 156.7 155 153.3 152.5 151.6 148.6 147.2 151.1 153.2 154.5 158.5 161.2 163.6 164.6 163.5 161.3 157.6 152.2 147.8 141.4 137.7 133.4 140.4 144.6 148.6 152.5 154.8 156.7 159.8 163 166.3 168.7 170.8 170.8 170.3 168.9 166.5 164 160.5 156.2 150.4
175 172.8 169.7 166.6 165 164.8 165 166.4 167.7 167.8 168 167.5 166.8 163.4 164.5 163.1 162.8 163.3 164.3 165.4 166.1 165.2 163.9 163.1 160.7 158.8 158.1 158.1 157.6 158.7 160.3 162.7 164.3 165.2 165.5 164.3 163.5 161.5 159.9 158.2 156.3 154.4 152.7 151.7 149.8 141.6 146 147.4 150.1 152.9 156.6 158.6 159.8 160.9 160.7 157.7 153.7 149.6 147.3 141.6 128.9 134.9 140.1 143.9 147.5 150.2 152.2 154.8 159.3 164 166.6 169.1 170.6 170.2 170 167.9 165.3 161.9 157.4 151.8
175 173 170.4 168.4 168.1 167.8 168.2 169.4 170.1 170.5 170.8 170.3 170.5 169.2 168.4 167.6 167 166.5 167.2 167.4 167.6 167.8 166.7 166.2 164.9 164 163 162.6 160.8 162.3 164.1 165.4 166.2 167 166.6 165.4 164.1 162.4 160.4 158.4 156.4 154.4 151.7 148.7 146.7 143.6 138.9 140.5 145.1 149.1 151.7 153 153.9 155.3 156.8 155.5 152 149.2 146 142.5 134.6 126.1 133.4 137.2 141.3 143.2 146.2 152.7 156.7 161.6 165.1 167.7 170.2 170.1 169.9 168.5 165.7 162.9 158.5 153
175 173.8 171.3 171.3 171.2 171 170.8 170.5 170.1 171 171 171.2 171.3 170.9 170 169.1 168.8 168.6 168.2 168.1 168 168.3 168.9 168.1 167.3 166.6 165.8 165.9 165.5 165.6 166 166.3 166.7 166.7 165.5 163.7 162.5 161.5 159.8 157.7 155.6 154.2 152.6 151.3 151.3 149.8 146 140.2 139.9 145.5 147.2 147.4 147.4 147.1 148.4 148.6 146.6 143.7 140.2 138 137.5 127.2 126.4 129.9 133.4 141.2 150.7 156.1 159.9 162.3 165 168 170.5 170.9 169.9 168.4 166.5 163 159.4 154.5
174.8 174.9 173.2 172.9 172.4 171.4 170.6 170.6 170.2 170.2 169.9 170.4 170.7 170.5 169.8 169.4 168.7 168.6 168.9 168.5 167.7 168.8 169 168 167.3 166.6 166.1 166.3 166.5 166.5 166.9 167.3 167.4 166 164.7 162.6 160.8 159.8 158.9 157.2 156.5 155.3 154.7 153.4 153 151.9 149.4 145 136.7 138.5 141.1 141.3 141.3 140.3 138.7 138.4 137.3 135.9 135.5 135.6 135.5 130.7 119.5 123.2 131.6 140.9 148.6 154.2 158.4 161.9 164.6 167.8 169.6 170.5 169.5 168 165.1 161.4 159.2 155.8
174.4 174.6 174.3 173.3 172.3 171.4 170.6 169.7 169 169.5 168.9 169.4 169.8 169.8 169.6 169.4 168.2 169.3 169.8 169 168.5 168.2 167.9 167.1 165.9 165.3 166.1 167 167.2 167.5 168 168.2 167.4 166.1 163.9 160.7 158.7 157 156.2 155.6 155 153.8 153 152.6 152.7 151.5 149.4 145.7 140.4 131.7 134.3 134.2 132.4 130.3 128.1 126.1 126.7 126.2 127.8 129.7 130.6 129.5 119 124.6 130.8 136.7 143.2 149 154.4 158.4 162.6 165.3 167.6 168.5 167.8 165.7 162.4 160 156.1 155.1
173.8 173.9 173.9 173.2 172.2 171.4 170.6 169.7 168.5 167.4 167.3 167.7 167.9 167.9 167.4 166.6 166 166.7 167.7 167.1 166.7 166.3 166 165.3 164.1 163.5 165.7 167.3 168.1 168.5 169 168.6 167.5 166 163.8 160.6 157.1 153.4 153.1 152.6 151.8 151 150.7 150.4 150.3 149.6 147.8 144.6 141.6 135.9 130.9 127.7 126.3 127.5 125.2 123 120.8 117.9 118.1 120.8 124.2 125.8 116.9 121.3 128.1 132.7 138 143.9 149.9 154.5 159 163 165.5 165.8 164.6 161.6 159 156.4 153 149.8
173.1 173.2 173.2 173.1 172.2 171.4 170.5 169.2 167.9 166.4 165.8 165.4 165.4 165.3 164.7 163.8 163.9 164.7 165.4 165.3 164.9 164.5 164.1 163 161.6 163 165.4 166.9 168.4 169.2 168.5 168.9 167.4 165.8 163.7 160.7 156.2 152.4 149 148.1 148 147.9 147.6 147.6 147.7 147.4 146 143 141.2 139.6 137.2 133.9 134.1 132.9 132.1 130.9 128.3 125.5 119.8 112.9 114.2 118 113.5 118.5 124.8 129.1 133.8 139.9 145.6 151.7 156.8 159.6 160.8 161.7 160.1 156.8 152.6 149.8 147.2 141.9
171.3 172.1 172 172.1 172.2 171.3 170 168.7 167.4 165.4 164.8 163.6 162.8 162.7 162 161.2 161.9 162.6 163.2 163.4 163 161.6 160.7 160.3 159.9 162.5 164.3 166.1 167.3 168.1 167.6 167 165.5 163.4 161.3 159.1 155.1 151.6 148.5 146.4 145.3 145.1 144.9 145 145 144.7 144.2 141.8 143 141.7 140.4 136 134.9 133.7 130.1 127.5 126.4 123.7 116.8 112.2 108.3 110.4 107.1 113.1 118.5 124 128.6 135.5 142.5 148.6 154.2 156.9 157.5 158 155.5 152.1 148 143.9 136.9 132.5
169.6 170.5 170.9 170.9 171 170.3 169.5 168.2 166.9 164.9 163.4 162.2 160.9 160.2 159.3 159.1 159.9 160.6 161 161 159.7 158.2 157.4 157.3 159.4 161.6 162.8 164 165.1 165.5 165.1 164.2 162.1 160 158.3 156.7 153.8 151.5 148.1 145.7 143.4 142.7 142.5 142.3 142.3 141.9 140.8 141.4 141.7 141.1 141.6 138.3 136.1 131.8 118.6 114.4 113.8 113.2 111.7 109.4 106.7 105.6 105.6 112.4 118.5 123.1 127.5 133.3 140 144.9 150.6 154.3 154.8 155.2 153.3 150.2 145 139 132 126.1
167.8 168.9 169.8 169.9 170 170.3 169.3 167.4 166.5 164.6 162.2 161 160.1 159.2 157.5 156.7 157.8 158.1 157.9 157.9 157.7 156.1 155.2 155.7 158.4 159.6 160.7 161.8 162.7 163 162.7 160.9 159.1 157.5 155.8 154.2 152.2 149.5 147.8 145.4 143.4 142.4 142.2 141.5 138.6 138 138.4 139.4 140.1 139.6 139.3 138.3 134.9 127.6 117.4 129.8 130.5 130.5 127.6 122.4 112.4 107 103.7 105.4 113.1 119.5 125.3 129 135.7 144.4 149.6 153.1 153.6 153.9 152.9 149.8 145.2 141.8 138.6 132.5
166 166.3 167.2 168.7 168.2 167.7 167.9 167.2 166.4 164.4 163 161.8 160.8 159.7 158.3 156.5 154.6 154.9 154.8 154.7 154.7 154.1 153.2 155 156.8 157.7 158.6 159.4 160.2 160.7 160 158.3 156.6 155 153.3 151.7 149.8 147.3 146.3 144.4 143.8 144 141.4 137.3 135.6 135 134.6 137.9 137.9 137.4 136.6 134.6 132.1 123.3 123.7 136.1 136.8 135.6 133 129.4 120.2 114.1 107.3 101.6 106.2 113.1 120.6 129.7 137.8 143.9 150 153 153.8 153.5 152.3 150.1 146.9 143 137.5 130.5
164.1 164.5 164.8 165.9 165.6 166.7 167.2 166.8 166.2 165 163.8 162.5 161.1 159.7 158.3 156.5 154.4 152.7 152.4 152.1 151.8 151.5 152.3 153.9 154.8 155.3 156.1 156.9 157.8 158.4 157.8 156.1 154.3 152.6 150.9 149.2 147.3 145.3 144.4 143.9 142.6 143.2 140.8 139.9 139.5 138.2 134.6 133.8 134 132.5 131.4 127.9 122.3 121.6 132.4 137.8 139.4 138.1 135.5 132.9 127.6 119.7 112.2 104.5 100.8 109.5 118.9 128.2 137.5 143.9 148.4 150.5 150.8 150.7 150 147.9 144.4 140.9 134.5 127.2
162.3 162.5 162.9 164 165 166 166.4 166 165.5 164.9 163.7 162 160.6 159.1 157.1 155.3 153.8 152.7 151.5 150.9 150.6 149.9 151 152.3 153.4 153.9 154.4 154.9 155.4 156.1 155.5 154.4 152.6 150.8 149.1 147.5 146.9 146.5 145.4 144.5 143.2 142.1 141.3 139.8 138.1 136.2 133.5 127.2 127 124.9 123.4 123.4 123.9 130.2 135.9 140.1 142.3 142.6 140.1 137.5 133.1 124.1 117.1 107.7 101.3 104.5 114.8 124.4 134.9 142.2 146.5 146.9 144.7 146.8 146.3 145.2 143 140 134.7 129.3
160.4 160.6 161.2 162.7 164.8 165.4 165.7 165.1 164.6 164 163.1 161.7 160 158.6 155.5 154 152.4 150.8 150.1 149.6 149.3 148.3 149.4 150.7 152 152.5 153 153.5 154.6 154.8 154.5 153.5 151.8 150.8 150.1 149.4 148.5 147.3 145.7 143.4 141.9 140.7 137.3 136.9 133.8 131.8 129.1 128.3 126.7 126.4 127.2 128.8 133.5 136.4 141.7 145.7 146.3 146 144.6 142.1 138 131.3 123.4 112.9 100.8 101 114.3 123.7 133.9 139.6 143.1 140.8 139.1 139.9 140.6 139 136.2 134.5 130.5 126.2
158.8 158.9 158.9 161 164.3 164.8 165 164.3 163.6 163 162.1 160.9 159.6 157.2 154.1 152.6 151.6 150 148.1 147.7 148 148.5 148.1 149.3 150.4 151.1 152.4 153.8 155.1 154.6 153.6 152.7 151.9 150.8 149.5 148.6 146 145.3 143.5 141.5 139.3 138.8 135.6 133.5 132.6 132.6 133.1 134.4 134 133 134.8 136.7 140.1 144.2 147.6 149.8 150.2 149.8 149 146.1 143 138.3 129.4 117.1 99.2 97.7 116.9 125.1 132.9 138.1 138.8 134.9 129.1 123.4 122.3 119.8 120 121.3 120.3 117.6
157.1 157.2 156.9 158.3 161.5 163.3 164.1 164.3 163.5 162.1 160.1 159.4 158.8 158.1 156.2 154.4 152.5 150.7 148.6 146.1 146.5 149.4 150 149.9 150.4 151.8 152.9 154.2 154.7 154.7 153.6 152.3 150.5 149.1 148.1 145.9 143.8 142.1 141.1 139.5 138.8 138.9 138.7 139.1 139.7 140.2 140.2 142 142.2 142.7 142.7 144.6 147.1 149.5 151.9 153.8 154 153.1 151.4 148.6 144.9 140.5 132.9 116.8 97.8 97.9 117.4 127.9 130.9 136 137.4 134.7 122 102 99.9 97.7 94.7 98 104 101.6
154.7 154.5 153.9 155.9 158.2 162.8 163.9 164 164.1 161.9 159.7 159.1 158.6 158.1 156.9 154.8 153 151.3 148.9 145 149.6 150.9 151.5 151.5 151.5 152.8 153.9 155 155.1 154.6 153.6 152.8 152.1 149.7 148.9 147.8 147.5 146.8 145.8 143.9 142.9 142.8 142.5 143.1 144.7 146.2 147.6 148.6 149.5 150.6 150.1 150.7 152.1 153.8 155.8 156.5 155.4 154.1 150.9 147.9 143.2 138.9 132.6 113.5 99.3 97.7 110.3 118.9 124.7 129.7 130 127.5 114.9 95.7 80.8 82.5 82 82.5 80.2 80.5
152.1 152.3 151.3 152.8 155.2 159.7 162 162.5 162.5 161.3 159.4 158.9 158.4 157.9 157.4 155.5 153.4 151.6 144.8 147.6 151.9 152.7 153.1 153.2 153.2 153.8 154.9 156.1 156.8 156.3 155.4 154.5 153.9 153.6 152.9 151.6 151.2 150.9 149.7 147.5 147 146.7 146.3 146.5 149.1 150.4 151.8 152.5 153.4 154.2 155.7 157 157.5 158 158.4 158.1 156.4 153.5 150 146.6 141.7 136.4 127.3 115.2 98.8 92.5 101.6 106.4 107.9 114.6 121.3 115.7 101.5 82.7 83.6 83 83.2 82.1 79.6 78.6
151 151.2 149.4 150.6 152.9 155.9 158.4 158.5 159.5 158.7 159 158.7 158.2 157.7 157.1 155 152.9 146.4 144.4 149.6 153.6 154.5 154.5 154.5 154.7 154.9 156 157.1 158.3 158 157.6 157.5 156.9 156.8 156.6 155.3 155 153.9 152.7 150.6 150.5 150.1 149.8 149.7 151.4 152.8 154.2 155.4 156.6 157.5 158.6 159.1 160.4 160.1 159.4 158.2 155.8 153 149.9 146.5 142.5 137.8 132.7 126.1 111.7 97.4 92.9 92.1 95.4 100.7 107.2 102.7 90.1 83.2 89.9 93.7 89 87.3 86.1 86.3
151.5 150.9 150 149.2 151.7 154.3 156 156.5 157 157.1 157.3 157.6 157.5 157.2 156.1 153.8 148.6 142.7 151.3 154.1 155.4 156.1 156.1 156 155.9 156.6 157.6 158.7 159.7 160.6 161.1 160.2 159.9 159.6 158.9 158 156.8 155.4 154.2 153.3 153 152.6 152.2 150.7 153.4 154.8 155.8 156.6 158.3 159.8 160.3 160.8 160.9 160 158.8 157.1 154.7 151.4 148.2 145.3 141.1 137.3 133.8 128.6 122.4 110.9 102.7 95.3 90.1 88.5 89.9 88.5 84.5 85.6 97.2 103.7 102.7 98.1 96.1 97.1
151.7 150.6 149.9 148.8 149.5 152.1 155 155.5 155.8 156 156.1 156.2 156.3 155.8 154.8 152.5 145.3 144 153 155.7 156.8 157.1 157.9 157.4 156.6 158 159.6 160.4 161 161.3 161.4 161 160.5 159.8 158.9 157.8 156.8 155.8 154.7 153.7 153.6 153.2 152.8 153.1 154.2 155.2 156.5 157.9 159 159.5 160 159.8 159.7 158.6 157.1 154.9 152.1 148.9 146 142.9 138.9 136.1 133 128.8 123.7 116.6 110.9 107 98.2 92.3 88 86.1 84.9 87.7 102.9 111.8 111.5 109.9 109 107.9
151.6 150.5 149.7 148.6 148.8 151.3 152.9 154.5 154.7 154.8 154.6 154.4 154.2 154.3 153.3 150.9 144.6 143.1 152.2 155.1 157.4 158.1 158.2 157.8 157.6 158.9 160.3 160.7 161 161.2 160.9 160.5 160.1 159.4 157.8 156.4 155.3 154.6 155 154.2 154.1 153.8 153.6 154.1 154.8 155.6 156.9 157.7 158.3 159.2 159 158.5 157.9 156.2 154.3 151.6 148.5 145.2 141.9 138.8 137.3 134.5 131 127 123.2 118.6 113.3 108.6 102.1 97.3 93.2 86.6 84.8 89.5 106.2 117 118.1 118 117.8 117.5
150.7 150.1 149 146.7 148.2 151 152.9 153.3 153.2 151.9 151.9 152.1 152.1 152.2 152.1 150.4 145.7 141.2 150.3 153.5 155.9 157.3 158.1 158.2 158.6 159.5 160.1 160.4 160.7 160.7 160.4 159.8 158.5 157.2 155.3 154.9 154.2 153.4 153.9 154.7 154.4 154.4 154.5 154.5 154.1 155.8 156.4 156.9 157.4 158.1 157.8 157.3 155.5 153.4 151.7 148.7 145.2 142.2 139 135.6 133.7 130 126.7 124.9 122.4 116.8 110.8 104.7 101.8 98.3 94.3 87.8 85.2 90.8 109.1 120.3 124 125.6 126.3 125.7
149.4 148.8 148.2 146.9 146.5 148.7 150.3 151.2 151 150.4 149.1 147.9 148.1 149.1 150 148.6 145.3 137.3 147.2 150.8 153 154.5 156 156.9 158.3 159 159.5 159.9 160.3 160.2 159.9 159.1 157.7 156.7 154.5 153.9 153 152.3 152.7 154 154.3 154 154.1 153.7 153.3 154.2 154.9 155.8 156.6 156.7 156.3 155.7 153.6 152 149.3 146.6 143.6 140.2 136.8 134.4 132.8 130 127.1 122.3 119.5 116.4 110.4 106.7 103 98.6 92.2 87.3 87.4 94.3 111.5 123.1 128.6 131.3 132.4 135.1
147.9 147.4 146.9 145.9 143.9 145.7 147.3 148.1 148 147.3 146.9 146.1 145.1 145.8 141.9 138.2 136.6 134.7 141.2 146.5 149.4 151.2 152.7 154.1 155.9 157.4 159 159.5 159.7 159.7 159.4 158.4 157.3 156.3 154.3 153.1 152 151.1 151.6 152.5 152.4 152.1 152.3 152.6 152.5 152.6 153.3 154.5 155.8 156.3 155.9 155.3 154.3 151.8 150.2 148.7 146.9 144.6 140.8 137.3 134.4 132.7 128.8 125.3 123.9 120.1 114.9 110.3 106 101.2 91.3 87.6 87.1 97.1 113.8 125 132.3 136 138.3 139.3
146.2 145.6 145 144.5 142.6 142.9 144.2 145 145 144.2 142.7 141.7 139.8 141.9 140.3 144.1 144.2 139 133.9 140.1 143.4 145.5 148.1 150.2 153 155.3 157.3 159.1 159.2 159.1 159 157.9 156.9 155.1 153.6 152.3 151.2 150.1 150.1 150.5 150.3 150.2 150.4 150.7 151 151.4 153.1 153.9 155.3 156.4 155.8 155.4 155.4 154.8 153.7 151.8 150 147.7 143.8 140.2 136.8 134.5 130 127.5 124.3 120.9 116.2 107.6 100.9 97.4 90.6 87.7 91.4 107 117.3 127.2 134.8 139.6 140.5 140.9
144.2 143.6 143.2 142.7 142.4 142.1 141.3 141.6 140.8 140.1 139.3 139.3 139.4 142 148.8 150.7 149.9 145.5 138.4 133.7 135.4 138.8 141.7 147 150.2 153.5 155.7 157.3 158 158.6 158.5 157.4 156.3 154.1 152.1 150.7 150.1 148.2 148 148.4 148.2 148.1 148.1 148.7 149 150.7 153.1 154.1 156.1 157.9 157.2 157.3 157.2 157.5 156.1 153.9 152 148.7 145.2 141.6 137.6 134.2 131.5 128.3 124.3 119.4 112 106.1 102.2 96 89.2 87.6 99.5 110.9 119.4 127.9 135.4 140.4 140.9 141.5
142.2 141.8 141.7 141.7 141.3 140.6 140.7 140.2 140.1 142.2 143.3 144.3 146 148.6 151.9 154 152.5 149.3 143.4 138.8 135.8 132.7 136.3 143.3 148.2 151.5 153.3 155.4 156.6 157.1 157.7 156.8 155.6 153.6 151.4 149.2 147.9 146 144.8 145.7 146.1 145.9 146.6 147.1 148.5 150.8 152.8 154.6 156.7 158.2 159.2 159.2 159.3 158.8 157.5 155.6 152.8 149.1 146.3 143.4 139 135.3 130.8 126.1 122.9 119.9 117.5 114.2 108.1 97.5 88.8 92.1 104.5 112.6 119.4 127.7 131.9 136.6 139.3 140.8
142.8 142.4 142.1 141.5 141.5 141.5 141.5 142.1 144.4 146.6 149.1 151 152.8 154.6 155.9 156.8 155.6 152.9 150.1 145.4 141.9 138.3 135.3 137.8 147.5 148.9 150.5 152.9 155 155.8 156.3 156.2 154.8 153.3 151.1 148.8 146.6 144.4 143.4 142.9 143.4 145.4 146.5 147.3 148.6 151 153.5 155.9 158 159.2 159.6 160.2 160.4 159.5 158 155.6 152.5 150.4 146.8 142.6 138.1 134.1 132.1 130.6 128.1 126.5 124.8 121.4 114.4 99.9 89.3 96.8 109.1 115.7 120.5 123.9 127 131 133.9 137
