Assets/StreamingAssets/GeoData/Data/ss/SS62.asc
ncols 200
nrows 200
xllcorner 260000
yllcorner 120000
cellsize 50
[rows 74 to 110 of 200, columns 82 to 163 of 200]
122.1 121.4 122.4 123.5 125.3 128.3 131.2 133 134 133.2 130.6 127.1 123.6 120.8 116.4 112 108.6 106.2 104 102.8 101.1 99.7 98.9 99.9 98.1 95.6 95.3 94.1 92.4 92.2 91.3 91 90.2 89.2 89.7 88.1 86.9 86.3 86.6 86.8 86.4 85.1 84.6 83.6 84.2 84.7 84.4 83.5 82.4 82.3 86.3 90 92.5 95.4 98.8 102.1 104.6 110.3 114.4 116.5 117.5 117.4 115.9 112.5 108 98.7 79.5 71.1 71.3 71.7 72.1 81.4 91.6 100.4 103.7 106.4 109.2 112.2 114.3 114.8 114.8 116.2
125.7 125.8 126.8 128.1 129.9 132.7 136.7 138.4 139.7 138.5 134.6 130.3 126.2 121.4 117 112.7 108.7 105.7 104 103 101.9 100.5 101.3 101.8 98.9 98 96.6 95.4 93.8 92.8 92 91.3 90.5 89.9 89.3 88.4 88.6 87.9 86.8 85.4 85.6 85.8 86 86 84.7 83.6 81.1 80.6 80.9 81.7 85 88.1 91 93.3 96.1 99 101.7 104.7 108 110.2 111.6 111.7 110.7 108.4 105.4 100.5 83.9 72 71.7 71.7 73.2 82.7 93.1 96.6 99 101.7 103.9 105.9 107.9 109.6 108.6 112.5
127.1 129 130.5 130.4 131.8 135.3 138.6 140.3 140.5 139.4 136.8 133.2 127.6 121.8 117.2 113.2 110.3 107.7 106.9 105.5 103.7 102.9 103.6 103 102 100.7 99.4 98 97 96.5 96 95.8 95.7 95.4 91.9 94.3 93.4 92.8 92.8 91.6 91.4 91.7 91.7 90.7 88.5 85.6 83.2 81.7 79.1 81.1 82.6 85.1 87.2 90.3 93.2 95.8 96.7 97.6 100.9 103.9 105.2 106 105.5 103.4 100.3 95.8 83.5 71.4 72 72.2 73.4 78.9 84.7 88.8 91.6 94.7 96.3 98.5 100.8 102.9 104.2 109.6
123.7 125.6 127.9 129.7 132.4 135.5 139.1 140.3 139.8 138.6 136.7 132.6 127.3 121.9 119.8 117.5 112.9 112.6 112.2 111 109.9 110.2 108.8 107.1 107 106.3 105 104.1 104.2 104.8 105 105.3 105.1 104.6 104.2 102.8 101.6 99.8 98.4 96.9 96 95.8 95.3 93.6 89.6 86.1 84.1 82.7 79.9 79 79.3 81.6 83.3 85.7 87.9 90.9 92.1 93.1 95 98.2 100 101.6 101.5 100 96.5 90.8 80.1 70.8 71.6 72.3 72.7 75.3 78.3 80.8 83.6 86.8 89.7 92.8 95.2 98.3 102.4 106.1
120.3 123.1 125.8 129.1 132 135.2 139 140.1 139.2 138 136.2 132.2 127.9 127.7 125.5 121.6 116.9 119.5 119.6 118.8 118.4 117.6 116.6 115 112.5 111.9 111.6 111.4 111.5 112 112.2 112.5 112 111.2 109.9 108.3 106.3 104.1 101.7 99.7 97.7 97.1 94.5 92.3 91.2 88.6 87.5 86.3 83.4 80.4 78.5 78 79.7 81 82.9 85.4 88.1 89 91.3 93.3 94.8 97.2 97.8 95.9 91.8 86.7 75.3 70.5 70.9 71.3 72.3 76.8 81.9 87.4 92.2 92.9 93.6 94.6 97.2 99.8 103.7 107.4
117.6 120.9 124.2 127.8 131.5 134.6 136.8 138.4 138.5 137.5 136.7 133.1 133 132.6 129.3 124.9 123 124.9 125.3 125.7 125.8 124.9 122.8 121.3 120 119.4 119.1 118.8 118.7 118.9 119.1 118.8 118 116.4 114.6 112.2 109.3 106.7 104.2 102.2 100.4 98.3 96.4 95.1 93.8 92.3 90.6 88.6 86.1 83.1 80.7 78.8 77.6 78.2 79.3 81 83 84.5 86.1 88 90.4 92.9 93.7 91.5 89.2 82.2 72 69.9 71.1 71.2 71.5 76.8 86.7 94.8 100.7 105.4 107.9 108.7 109.5 111.7 114.3 115.2
116.6 120.3 124.2 127.8 131.2 134.3 136.3 139.3 139.1 138 137.3 134.5 132.7 130.7 128.2 126.1 127.7 129.2 130.2 130.9 130.9 130.7 129.1 127.3 126.7 126.7 126.4 125.6 125.1 125.2 125.2 124.6 122.7 120 118.7 115.8 112.7 109.4 106.7 105 103.6 101.2 99.1 97.9 96.6 95.3 93.4 91 88.8 86.1 82.6 79.6 76.9 76.5 77.1 77.9 79.7 81.2 82.6 83.8 86.1 88.6 89.7 89.1 85.6 81.7 71.4 69.6 70.9 71.1 71.6 77.8 91.7 100.8 105.5 109.2 111.5 113.7 115.1 116.1 116.5 117
118.5 122 125.3 129 132.4 135.9 139.6 140.6 140.7 140 139 136.5 133.4 132 131.5 132.2 134.4 135.9 137.6 137.4 137.1 136.1 134.2 132.4 131.9 131.7 131.4 130.2 129.8 130.7 130.6 128.9 126.2 123.4 121.4 119 116.3 113.1 110.4 108.3 106.7 104 99.9 99.3 98.2 97.1 96.1 92.8 89.5 86.7 83.5 80.5 79.6 77 75.3 75.8 76.8 78.1 79.3 80.2 82 83.9 85.1 84.8 82.9 80.6 74.6 69.1 70.4 70.4 70.5 79.8 93.6 100.6 104.2 106.2 107.8 109.8 111.3 111.6 112.2 113.1
120.4 123 126.9 131 134.2 137.7 139.8 140 139.9 139.9 140.3 137.7 135.3 136 137 140.4 141.3 143.4 144.4 143.9 143 140.2 138.7 137.5 136.7 135.6 134.2 133.8 133.5 133.5 133.9 131.6 128.8 126 123.8 121.3 119 116.7 114.3 111.7 109.4 105.5 102.6 98.6 99.5 99.4 95.7 92.3 88.8 85.8 83.5 82.4 82 79.9 77.7 75.7 74.8 74.8 75.9 76.7 76.8 79.2 79.6 79.5 78.9 77.2 75.1 69.4 69.3 69.8 70.9 81.2 90 93.4 96.8 99.5 101.6 103.6 104.9 105.2 106.3 107.6
120.8 124.1 127.3 130.2 133.3 135.6 136.8 137.3 137.5 138.1 139.5 138.6 139.2 140.1 141.4 143.5 146.3 146.8 146.5 145.9 144.4 143.7 142.2 141.2 139.7 137.6 135.2 134.9 134.3 133.2 133.3 131.4 128.6 127.4 125.4 123.4 121.2 118.9 116.6 113.8 109.1 105.1 102.5 99.9 98.2 96.6 94.3 92.2 90.3 88.7 87.2 85.7 84.5 82.5 80.5 78.5 76.4 74.7 74.1 73.6 73.6 74.5 75 75.6 75.7 73 70.7 68.9 69.1 69.8 73.1 80.8 84.4 87.4 90.1 92.7 95.2 96.8 98.2 99.5 101.1 102.7
119.4 121.4 124.5 127.3 129 131 132.6 133.5 134.9 136.4 137.9 139.3 141.5 141.8 142.1 144.7 145.3 145.7 145 144.6 144.7 144.4 143.4 141.6 139.3 137.1 135 133.7 132.5 131.4 131.1 130.1 127.6 125.8 124.1 122.3 120.1 117.8 115.4 112.8 108.8 104.7 102.1 99.7 98.7 97.3 96.9 96.5 95.9 94.2 92.6 91 87.8 86.1 84 81.9 79.5 77.4 75.2 74 72.6 72.7 72.1 71.6 72.2 70.8 69.9 68.5 68.5 68.8 74.3 78.3 81.4 84.2 86.2 88.5 90.9 92.6 94 95.4 96.6 97.9
116.6 117.7 120.1 122.5 123.8 125.3 126.9 128.4 129.9 131.4 133 134.4 136.1 137.8 140 141.9 142.3 142.4 142.8 142.9 143.3 142.8 141.4 139.2 137 135.6 134.5 133.2 131.4 129.6 128.8 127.3 125.6 124 122.5 121.1 119 116.7 114 109.7 106.9 103.7 101.5 100.2 98.9 101 100.9 100.7 100.2 98.7 96.7 94.3 91.1 88.4 87.7 85.6 83.3 80.6 78.2 76.8 75.6 73.4 72.3 71.5 70.8 69.4 69.5 68.7 68.2 69 73.8 75.9 77.5 80.1 82.2 84.7 87 89.9 91.8 92.8 94.1 96
113.1 114.1 115.6 117.4 119 121.1 122.8 123.8 125 126.5 128.2 129.1 131.3 133.3 135.8 137.5 138.1 139.3 140 141 141.4 140.7 139.9 137.6 136.2 135 134 133.5 131.9 129.8 127.5 125.2 123.5 121.9 120.9 120.3 117.3 113.8 109.4 105.9 104.1 100.7 99.4 99.2 98.8 101.4 103.7 103.5 103.3 101.3 99.3 96.9 94.4 91.1 90 88.2 86.2 83.7 81.3 79.5 78.7 76.6 74.6 73.7 71.8 69.6 68.7 69.2 67.7 69.4 71 72.5 76.7 78.8 80.4 82.7 85.3 86.7 89.5 91.5 93.3 94.3
108.2 109.8 111.5 113.5 115.5 117.8 119.8 120.3 121.1 122 123.5 125.2 127 128.7 130.6 132.3 133.6 135.7 138.1 139.7 139.6 139.3 138.4 137.6 136.4 136 135.7 134.1 130.1 127.4 124.6 120.9 118.2 117.1 115.6 113.6 110.7 109.9 106.1 102 100.3 98.2 97.6 96.9 98.2 101.6 101.8 101.9 102.3 101.6 100.1 98.9 97.5 95.4 92.1 90.3 88.5 86.9 85.2 84.5 81.9 78.5 76.4 74.4 72.7 70.4 69 68.7 67.9 67.6 69.8 72.2 74.7 77.4 80.7 83.3 85.7 87.5 89.8 91.8 92.8 93.3
105 106.8 108.8 110.9 113.2 115.7 117.9 118.3 118.7 118.9 119.8 122 123.8 125.6 127 128.3 129.7 132.2 134.4 136.8 138.2 138.3 140.4 140.4 139.8 139.1 137.9 136.2 133.9 130.6 126.6 122.4 118.5 115.7 112.6 110.4 110.1 109.5 105.6 104.3 103 100.4 97.2 94.4 95.7 97.9 99.7 100.2 101.2 100.9 100.1 98.8 97.3 94.5 92.7 90.7 89.7 89.1 88.4 87.1 84.8 81.1 77.2 75.1 72.1 70.1 68.8 68.6 68.6 68.4 69 73.1 75.5 78.2 81.7 85.9 89.3 90.7 91.5 93.3 94.6 95.2
104.6 106.3 108.5 110.9 112.9 114.7 115.5 115.6 115.7 115.8 116.1 118.3 121.2 122.6 124.1 125.1 126 127.4 129.4 131.8 134 136.7 140 141.8 142.3 141.9 140.3 137.7 135.4 132.5 129.1 124.7 120.7 118.3 115.1 112.9 111.1 109.1 107.2 104.5 102.3 99.3 96.6 93 93.2 93 94.5 96.1 94.8 94.2 91.8 90.4 89.8 87.6 87 84.9 83.2 83.8 82.5 80.6 80.4 80 78.1 76.2 72.6 69 68.7 68.7 68.7 68.7 68.3 73.8 76.3 79 83 87.8 91.5 94.7 93.8 93.2 96.1 96.3
107.1 108.8 110.3 112.5 113.9 115.4 114.8 114.6 114.2 113 114.8 117.9 120.1 121.9 122.2 122.3 123.5 124.7 125.1 127.4 130 132.8 135.3 135.8 136.1 135.2 133.8 132.6 130.2 126.8 123.9 120.7 117.2 114.5 111.6 110.8 107.5 104.7 101 98 97.9 98.2 98 96.7 94.1 94.7 93.8 92.1 90.7 90 88.5 86.5 84.8 83.3 81.5 80.7 79.1 77.9 76.4 74.7 74.4 75.2 76.8 76 74 68.7 68.5 68.3 68.5 68.7 69.4 74.8 80 83.4 86.4 87.6 88.9 90.9 93.1 92.8 95.2 95.3
109 111.3 112.2 114.5 115.8 117.3 116.8 116.3 112.2 109.4 112.1 114.9 116.6 117.7 118.1 119.8 120 120 121.4 123.6 126.3 128.7 130.4 130.9 130.6 129 128.2 126.1 124.2 121.5 118.9 115.5 111.5 107.1 103.9 103.6 103.8 104.9 103.8 105.3 106.4 105.6 104.1 101.5 98.1 100.8 102.1 102.3 102 101.5 99.7 98.2 97.4 96.2 93.9 92.2 89.6 87.3 84.8 81.3 78.3 75.4 72.2 71.6 71.4 69.1 68.7 68.3 68 67.9 68.9 77.4 83.3 87.2 89.7 91.5 92.3 92.9 93.8 95.9 96.2 96.2
111.5 114.3 116.1 118.2 120.5 121.2 121.3 118.3 114.3 107.6 109.7 110.6 112.6 113.5 115 116.5 115.3 115.4 117.7 120.3 123.5 126 127.2 127.9 127.4 125.6 123.9 122.2 119.8 116.8 113.8 110.2 109 110.3 111.3 111.1 110.9 111.4 110.4 110.5 111.4 110 108.1 104.8 102.7 107.3 108.8 110.3 110.5 110.5 109.6 108 106.4 104.3 101.6 98.9 95.5 91.9 86.1 83.8 80.5 76.9 74.8 72.3 70.9 69.4 69 68.5 68.1 67.5 69 80.3 86.8 90.2 93.3 95.9 95.7 95.7 95.8 97.8 98.1 97.1
116.4 118.7 121 122.9 123.8 122.8 120.8 115.4 109.1 104.3 105.1 106.2 109.4 109.1 110 111.3 114 113.5 116.3 117.8 120.3 123.9 125.6 126.4 126 124 122.3 119.4 116.3 114.8 114 115.1 116.2 117.2 118.5 117.4 116.8 117.1 116.7 115.9 115.8 114.1 112.7 107 107.9 112.8 115.3 117.3 117.5 116.1 113.3 110.9 108.5 105.7 102.4 98.7 94.7 91.1 88.1 83.8 80.5 77.5 75.2 74.2 72 69 68.7 68.3 67.8 67 67.5 83.3 90 94.4 98.5 100 99 97.9 98.2 98.9 98.3 97.7
109.8 111.7 113.6 114 113.4 111.2 108.1 102.7 99.9 99.5 104.2 106.9 108.1 110.3 113 116.1 118.7 120.4 121.4 122.8 122.9 125.3 126.5 127.6 128.5 127 125.9 123.6 121.4 120 120.6 122.2 123.9 124.8 125.5 123.8 123.2 122.7 122.9 124.7 122.1 119.7 117.5 109.9 112.3 117 117.4 117.5 116.8 114.7 112.1 109.9 107.4 105 102.5 99.8 97.3 93.8 90.7 86.7 83.3 78.8 76 74.1 71.3 68.8 68 68 67.7 66.8 67.3 82.8 89.2 94.4 98.7 99.3 99.7 101.7 102.1 100.7 99.9 97.7
94.9 95.2 96.2 97.6 96.7 96 96.3 98.6 102.2 106.6 111.1 113.3 115.9 118.5 120.8 123.7 125.5 127.1 127.8 127.6 127.6 129.2 130 130.9 131.8 130 128.6 126.8 126.5 127.5 130.3 132.2 132.4 133.1 132.4 130.3 129.6 128.8 128.8 126.7 126.7 122.5 119 111.6 114.2 116.1 115.9 116.1 116 114.2 112.7 110.5 107.9 105 102.4 100 97.5 94.4 90.9 87.3 83.2 79.2 75.3 73 70.7 68.5 67.2 67.2 66.8 67 67.7 81.4 85.2 89.4 93.1 95.1 96.7 99.9 102.3 99.8 98.1 96.7
94.9 97.5 99.9 100.2 103.5 104.3 105.8 107.5 110.4 114.4 118.4 120.8 124.1 126.3 128.9 131 132.4 132.8 132.7 131.6 130.9 132.3 133.5 134.3 135.1 133.3 131.7 131.3 132.4 135.1 138.3 139.3 139.8 140.4 139.1 136 133.3 131.4 129.5 127.4 126.8 120.8 115.2 115.1 116 115.3 115 114.1 113.9 112.1 109.8 107.9 105.1 102.4 100.4 98 95.4 92.5 89.6 86 82.4 78.7 75.4 72.8 70.3 67.7 66.3 66.2 66.3 67 71.2 77.4 81.4 85.6 90.9 93.6 96.1 97.7 97.7 96.7 96.7 98.1
108 109.5 111 111.6 113.5 114.3 115.5 117.1 119.2 122.2 125.6 128.3 130.4 131.8 133.7 135.6 136.4 136.5 136 135 134.5 135.6 136.8 137.9 138.4 137.4 136.6 136.6 138 140.7 141.8 142.3 142.3 141 138.2 135.6 133.1 130.7 128.4 124.6 122.3 120.1 118.5 117.6 115.8 113.9 111.5 110.1 108.6 107.2 103.9 102.9 101.1 98.2 96 94.3 91.7 88.7 85.9 82.3 80.2 76.8 73 71.3 69.4 67.7 66 66.3 66 67.6 72.3 76.3 80.2 84.4 89.7 92.6 94.8 94.8 94.2 93.6 94.9 96.5
117.5 118.9 121.1 122.7 123.4 124.1 125.2 126.6 128.7 129.2 130.5 132.5 134.2 135.8 137.4 138.7 139.6 139.8 139.6 138.6 138.7 139.7 140.9 141.4 142 142 141.8 141.9 142.9 142.8 143.6 143.9 142.3 140.8 139.3 136.5 134 131.4 128.9 127.1 124.6 122.3 120.6 119.1 115.1 112.6 108.4 105.9 104 101.5 99.6 96.8 95.5 91.9 90.3 89 85.7 82.5 80.9 78.8 76.7 74.6 72.4 71.7 69.5 67.1 66.9 66.5 65.6 66.7 72.3 76 79.7 83.1 85.7 88.5 90 90.8 90.4 90.1 90.6 91.2
125.2 127.9 129 129.1 129.5 130.3 131.3 132 132.3 132.5 134.5 136.6 137.5 139.3 140.5 141.1 141.9 142.8 142.9 142.2 142.8 143.9 144.5 145 145.4 145.2 145.4 145.2 145.3 145.4 145.4 144.7 142.7 141.2 139.3 138 135.5 133 130.7 128.8 126.8 125.2 122.6 120.5 117.1 112.5 110.6 113.3 112.7 110.7 108.5 104.1 99.8 96.1 95 93 92.4 91.4 88.4 85.8 83.5 78.6 76.2 72.9 68.9 66.8 66.7 66.1 65.6 66.9 72 74.7 78.1 81.5 84 86 87 87.5 87.2 86.8 87.2 87
126.9 129.1 129.3 130.1 130.4 132.1 132.8 133.2 135.1 136 138.1 138.9 140.3 141 142 142.9 143.6 143.7 145.4 146.1 147 147.8 148.1 148.3 148 147.7 147.1 146.8 146.8 147 146.9 144.9 143.9 141.9 140 138.8 137.5 135.2 133.1 132.9 130.5 127.9 125.2 122.4 119.2 113.6 117.8 119.3 118.4 117.3 115 111.1 107.2 104.9 103.6 101 98.4 96.7 93.4 89.1 84.8 80.6 76 72.1 67.2 66.1 65.6 66 66.1 66.8 72 76.6 79.8 82.2 83.6 85.3 87.3 87.9 86.4 84.4 84.1 83.3
124.8 124.2 123.7 126.6 127.9 128.9 129.7 132 134.2 135.9 137 137.6 138.4 139.4 140.5 141.5 142.5 144.5 145.6 146.5 147.8 148.7 149.4 149.5 149.6 149.7 149.1 148.5 147.9 147.4 146.9 145.9 144.3 143 141.5 140.2 139.2 137.5 136.3 134.8 132.8 130.2 127.4 123.9 119.3 118.4 122.5 123.9 123.6 121.9 119.7 116.6 114.4 112.7 110.6 107 103.7 99.4 95.1 90.2 86.1 80.6 76.3 70.4 66.4 65.8 65.2 64.7 63.9 66.1 71.3 75.6 78.3 81 83.5 86 87.1 87.9 87.7 85.3 82.2 80.1
119.9 118.5 118.5 119 122.3 123.3 126.4 129.3 130.9 132.4 133 133.1 134.2 135.5 136.5 138.2 140.4 142.7 144.7 145.6 146.9 148.1 149.4 149.9 149.9 149.9 149.1 148.3 147.7 146.4 145.1 144.1 142.7 142.5 141.8 140.7 139.6 138.5 137.4 135.6 133 130.6 128.3 124.5 123.2 126.1 126.7 127 126.6 124.7 122.6 120.4 118.1 115.1 112.7 108.9 104.8 101.3 96.6 92.5 88 81.3 76 70.9 66.6 66 65.4 64.1 63.8 65.7 70.5 73.2 76.4 79.5 82.3 87.2 87.2 87.3 87.8 85 81.9 79.6
114.3 112.7 112.1 112.4 113.3 116.2 120.3 125.1 127.3 126.9 127.5 128.6 129.8 132 135.3 138.5 139.9 141.3 143.2 144.8 146.7 149.1 150.4 150.5 150.1 150.1 149.3 148.3 146.3 145 143 140.7 139.5 139.7 139.5 138.4 138.5 138.4 137.3 135.8 133.4 131.1 128.9 125.8 127.2 127.9 128.5 128.7 127.6 125.9 124.4 122.2 119.4 113.6 112.4 108.7 107.8 102.6 98.2 92.9 86.9 80.1 74.4 70.7 67.7 66.1 64.6 63.3 65.5 66.6 71.4 75.2 79.1 80.8 83.9 88.4 88.4 88.1 87 85.7 84.4 82.7
103.2 102.6 105.1 108.1 117 116.8 116 118.7 120.5 123.7 127.8 132.7 137.7 138.4 138.6 139.4 140.8 142.3 144 145.9 148.4 150 151.5 151.5 150.6 150.2 149.3 147 145.1 142.9 140.1 136.3 135.3 135.4 135.5 135.7 135.3 135.4 135.9 134.4 133.1 131 128.9 129.1 129.6 129.6 130.2 130 128.7 127 125.5 123.9 120.4 115.7 111.6 107.8 104.1 99.6 95.2 89 82.5 77.4 73.6 71.2 68.9 65.5 64.5 63.9 66.1 68.8 75.7 82.1 85.2 87 88.1 89.7 89.9 90.2 89.8 88.5 87.2 85.1
106.7 111.6 115.4 120.7 124.5 127.7 129.6 130.2 130.3 133.9 136.7 139.5 141.2 141.7 140.2 140.8 142.4 144.1 145.8 147.5 149 150.1 151.7 151.8 150.8 149.9 148.1 145.9 143.2 140 137.1 133.9 127.3 129.2 129.7 130.7 132.3 132.9 133.5 132.2 131.1 130.8 130.6 130.3 130.1 130.6 130.1 129.6 127.5 125.1 122.5 120.5 117.7 112.5 106.9 103.3 99.1 94.8 88.2 85.1 82.6 80.1 75.9 72.5 68.6 64.6 64.6 64.7 65.7 76.2 86.5 90.9 93.8 95.2 96 94.3 92.9 93.1 91.6 91.3 90.1 88.9
118.5 121.6 125.2 128.7 131.6 134.5 137.1 137.4 135.7 139.3 140.8 141.9 142 141.5 141.4 142.2 142.7 144.4 146 147.9 149.2 150.2 150.4 149.9 148.9 147.5 146.5 144.4 141.7 138.8 135 131.2 126.6 119.3 122.1 128.4 131.1 131.2 131.2 130.7 130.3 130.1 129.9 129.6 128.9 128.2 127.5 126.3 124.7 122.7 119 117 113.6 109.6 106.1 102.4 98.1 95.6 93.2 90.3 87 82.7 77.8 73 67.7 64.6 64.6 64.6 65.5 86.1 93.3 97.3 100.6 101.7 100.8 99 96.5 94.4 92.4 92.3 90.8 87.7
127.2 129.8 131 133.4 134.5 136.3 136.7 136.6 137.8 139.1 140.6 142.2 142.7 142.5 143 143.9 144.3 144.8 146.3 147.2 148.2 149.1 148.7 147.9 146.6 145.2 143.1 140.8 139.7 137.1 133.6 130.2 128.7 121.3 121.3 129.1 130.7 130.8 130.9 130.5 129.7 129.3 129.2 129 128.5 127.5 126.1 124.9 126.1 125.9 125.5 123.7 120.6 116.8 112.8 108.7 104.2 100.4 97.2 94.6 89.4 83.1 77 71.6 65 64.4 64.5 64.7 67.2 85 90.7 95 97.7 99.3 99.7 98.1 96.2 94.5 92.4 90.6 88.1 85
126.2 127.8 128.6 130.1 131.4 133 133.4 132.8 135.2 136.5 138.4 140 141 142.2 143.6 145.3 145.3 145.4 145.9 146.7 147.7 147.6 146.6 145.7 144.8 142.7 139.1 136.7 132.9 127.6 127 124.7 125.7 117.3 115.6 126.9 130 131 130.7 130.5 129.8 129.2 128.6 128.4 128.2 127.4 126.3 126.3 128 129.9 131.1 128.9 125.7 121.8 117.2 112.6 108 104.1 100.6 97 90.7 83.5 76.7 70.3 64.7 64.1 64 64.2 69.7 84.5 88.7 90.3 91.9 93.3 93.3 92.5 91.1 90.2 89.5 86.6 85.1 82
117.9 120.5 122.6 124.3 125.8 126.4 126.5 127.6 130.2 132.8 134.4 135.9 138.2 139.9 141 142.8 143.7 143.8 145.2 145.9 145.8 145.1 144 143.2 142.6 140.6 136.9 132.6 130.1 127.1 126.2 123.6 121 116.1 107.8 118.1 125.5 127.9 129.7 129.8 128.9 128.3 127.7 127 126.5 126.3 126.1 128.1 129.1 130.5 129.5 127.5 124.5 121 116.6 111.8 106.4 102.1 97.3 93.1 88.1 81.5 75.4 67 64 63.8 63.7 63.7 70.1 83.2 86.9 86.8 87.5 87 86.7 85.1 84.1 83.2 81.8 81.2 79.8 77.5
106.2 109.5 111.8 114 115.9 117.4 119.7 121.4 123.4 126.1 127.6 129.2 131.6 134 136.5 138.7 140.2 140.3 142.3 143.6 143.5 142.5 141.5 140.7 140.8 138.8 135.3 131.3 128.2 126.6 126 126.8 126.3 122.9 113.3 109.3 120.4 124.6 127.5 128.2 126.9 126.2 125.5 124.6 125 124.9 126.3 127.9 128.4 127.7 126.9 125.5 122.8 119.4 115.8 111 105.4 99.8 93.2 87.9 82.8 78.8 72.7 66.6 64 63.7 63.7 63.6 70.5 80.4 82.8 83.6 83.3 82.6 81.3 79.4 77.5 75.7 74.2 72.3 71.1 69.1
