Assets/StreamingAssets/GeoData/Data/ss/SS78.asc
ncols 200
nrows 200
xllcorner 270000
yllcorner 180000
cellsize 50
[rows 50 to 99 of 200, columns 96 to 191 of 200]
-3 -3 -3 -3 -3 -3 -3 -3 -3 -3 -3 -3 -3 -0.8 0.9 2.6 7.8 8.3 8.3 8.3 8.3 8.3 8.2 8.9 8.1 8.3 8.4 8.1 6 6.3 8.7 8.5 8.9 14.7 14.6 15.7 17.7 18 17.5 19 16.6 16.7 16.8 18.5 16.7 16.1 16.2 8.2 6.6 7 7.4 7.5 6.9 6.8 6.7 6.5 6.4 6.2 6.2 6.1 7.5 7.8 6.4 7 6.8 5.4 6.2 7 7.4 7.5 8.1 8.5 8.6 10.7 12.8 15.7 18.7 18.7 19.5 26.1 32.4 34 32.4 36.6 46.7 59.8 71.6 90.7 107.3 120.9 129.7 143.2 160.2 174.5 184.8 195
-3 -3 -3 -3 -3 -3 -3 -3 -3 -3 -3 -3 -2 -0.4 1.2 2.9 8.5 8.2 8.3 8.3 8.3 8.3 8.3 8.2 8 8.2 8.3 8.1 9.2 9.6 10.7 10.4 10.7 11.6 14.3 16.8 14.8 19.2 18.1 18.4 16.6 16.7 17.2 18.4 18.9 16.8 12.4 8.6 6.6 7.1 8 7.6 6.9 6.8 6.6 6.5 6.3 6.2 6.2 6.2 6.3 7.1 8.3 4.8 6.8 5.3 5.8 6.8 7.2 7.8 8.4 8.4 8.6 10.8 13 15.7 18.5 18.8 21.6 24.7 27.9 31.7 29.9 36.5 53.1 67.4 78.9 85.9 107.1 122 129.8 142.8 159.5 173.6 184.3 193.8
-3 -3 -3 -3 -3 -3 -3 -3 -3 -3 -3 -3 -1.5 0 1.5 3.1 8.3 8.2 8.2 8.2 8.3 8.3 8.3 7.8 7.9 8.1 8.3 8.4 9.4 12.3 11.3 8.9 10.2 10.6 12.9 18.5 7.9 20.2 18.6 16.9 16.7 14.7 17.6 12.6 12.1 18.8 16.1 9.9 7.7 8.1 8.5 7.3 6.8 6.7 6.6 6.4 6.3 6.3 6.3 6.4 6.4 6.4 7.4 8.9 7 7.9 5.8 6.6 7.5 8.2 8.3 8.2 8.7 10.8 13 15.5 17.5 18.7 23.6 24.3 26.7 28.8 29.7 39.7 58.5 78.6 90.4 98.8 109.8 123.6 131.3 142 156.8 171.2 181.5 191.2
-3 -3 -3 -3 -3 -3 -3 -3 -3 -3 -3 -3 -1.1 0.4 1.8 4.9 8 8.2 8.2 8.2 8.2 8.2 4.6 8.3 8.2 8.3 8.3 8.3 7.7 13.8 8.1 7.8 7.7 16.5 16.6 18.4 19.5 21.3 20.3 17.1 16.6 28.7 31.7 32.1 28.4 20.5 14 8 8.6 8.8 8.2 7 6.7 6.7 6.6 6.4 6.4 6.4 6.5 6.5 6.4 6.6 6.4 8.1 6.7 6.8 6.8 7.4 8.2 8.2 8 7.9 8.7 10.7 12.2 14.8 16.6 19.6 22.8 23.9 24.6 25.3 30.1 37.7 55.6 79.7 99.1 113.4 117.5 124.1 131.8 140.1 154.2 168.5 177.1 186.4
-3 -3 -3 -3 -3 -3 -3 -3 -3 -3 -3 -1.9 -0.6 0.8 2.1 7.6 7.7 8.2 8.2 8.2 6.9 3.3 3.3 3.5 4.3 7.6 8.1 12.4 14.2 7.9 7.5 7.4 7 17.7 18 18 18.5 20 20.2 15.7 19 35.1 35.4 31.1 28.6 29 11.1 8.4 8.4 7.8 7.7 6.7 6.7 6.7 6.5 6.4 6.5 6.5 6.5 6.4 6.4 6.6 6.5 6.4 12.2 7.2 9.6 8.6 8.6 8.3 8 7.7 8.4 9.9 11.4 13.5 16.1 18.5 20.2 21.8 22.9 23.3 22.8 29.3 46.6 69.3 92.7 115.6 123.7 125.6 131.6 138.7 148.3 162.6 172.6 181.1
-3 -3 -3 -3 -3 -3 -3 -3 -3 -3 -3 -1 0.1 1.2 2.4 7.9 7.9 8 8.2 3.1 3.1 3.2 3.3 3.3 3.4 4.9 10.3 16.4 16.7 8.2 7.2 7.3 7.2 17.6 17.2 16.7 17.1 18.8 16.9 18.2 16.8 34.5 35.3 28.2 29 15.7 8.5 8.2 8 7.7 7.1 6.6 6.6 6.6 6.5 6.5 6.5 6.5 6.5 6.4 6.4 6.7 6.9 6.2 6.3 12.6 6.8 9 8.7 8.4 7.9 7.6 8.3 9.4 11.2 12.1 14.2 15.9 17.5 19.1 20.7 22 21.4 27.7 36.9 58.1 79.7 103.7 125.5 129.2 131.2 136.9 144.6 154.8 166.4 174.5
-3 -3 -3 -3 -3 -3 -3 -3 -3 -3 -0.5 0.3 1.1 2.2 3.3 8.3 8.2 4.5 2.2 1.7 1.9 2 2.1 2.3 3 3.8 6.6 12.6 16.1 17 7.8 7.7 7.5 17.5 16.6 14.7 14.5 20 18.4 18.1 16.2 20.1 29.7 23.1 14.9 9.2 8.5 7.9 7.9 7.7 7 6.6 6.6 6.6 6.5 6.5 6.5 6.5 6.5 6.4 6.4 6.7 6.8 6.2 6.2 6.4 6.8 8.7 8.7 8.2 7.7 7.6 8.1 8.8 10.5 12 14 14.6 16.1 17.6 18.7 19 18.7 25.7 30.3 47.3 66.7 89.1 115.4 132.4 134 136.2 141.9 150.7 159.2 165.8
-3 -3 -3 -3 -3 -3 4.9 -3 -3 1.3 1.5 1.8 2.2 3.1 3.3 6.5 -3 -0.1 0.1 0.5 0.7 0.8 1.1 1.7 2.5 3.2 4 9.4 16.3 16.5 14.1 7.5 7.2 12.4 15.8 14.8 15.6 19.6 18.4 17.6 15.5 15.1 16.2 15.1 10 8.7 8.1 7.8 7.8 7.8 6.9 6.6 6.6 6.7 6.6 6.6 6.5 6.5 6.4 6.4 6.5 6.6 6.5 6.3 6.5 6.7 6.4 6.8 8.7 8.4 7.6 7.6 7.7 8 9.7 11 12.4 13.6 14.8 15.8 16.4 15.9 17 16 26.1 38.5 54.9 73.2 99.4 127.7 135.7 137.7 141.1 146.5 153.5 156.5
-3 -3 -3 -3 -3 -3 -3 -3 -3 -3 6.7 7.2 5.8 -3 -3 -3 -3 -3 -1.4 -0.7 -0.5 -0.2 0.5 1.2 2 2.8 3.8 5 15.5 16.7 16.1 12.4 6.7 11 14 15.2 16.3 19.5 18.3 17.3 15.3 12.7 13.3 10.7 9.7 8.6 7.9 7.8 7.8 7.7 7 6.7 6.8 6.7 6.7 6.6 6.6 6.5 6.5 6.4 6.4 6.4 6.3 6.3 6.3 6.3 6.3 6.3 11.2 9 7.4 6.8 6.5 7.1 7.9 9.5 10.8 12 12.8 13.8 14.2 13.9 13.2 12.8 24.4 31.5 42.8 57.3 78.5 105.5 130.3 138.4 140.8 146.4 149.8 152.2
-3 -3 -3 -3 -3 -3 -3 -3 -3 -3 -3 -3.1 -3.1 -3 -3 -3 -3 -3 -3 -1.9 -1.4 -0.7 0 0.7 1.5 2.3 3.1 3.2 6.5 15.6 15.9 13.8 17.2 18.1 12.6 13.4 17 19 17.9 17 15.6 11.3 12.7 10 9.2 8.9 8 7.7 7.6 7.5 7.4 6.8 6.9 6.8 6.8 6.7 6.7 6.6 6.5 6.4 6.4 6.3 6.3 6.3 6.3 6.3 6.4 6.6 6.8 7.2 6.4 6.2 5.7 6 6.7 8.1 9.3 10.2 11.3 11.7 12.2 12.5 12.4 10.8 18.7 23.7 32.4 43.6 61.4 79 103 127.8 139.4 145.5 152.9 156.4
-3 -3 -3 -3 -3 -3 -3 -3 -3 -3 -3 -3 -3 -3 -3 -3 -3 -3 -3 -3 -2 -1.3 -0.6 0.2 1 1.8 2.6 3.3 3.1 13.9 17.5 16.8 11.8 14.4 12.8 18.2 18.7 18.8 17.4 16.3 18 12.1 14.4 9.4 9.1 9.1 8.3 8 7.7 7.4 7.3 6.9 6.9 6.9 6.8 6.7 6.6 6.5 6.4 6.3 6.3 6.3 6.3 6.3 6.3 6.3 6.4 6.6 6.8 6.2 6.7 6.3 5.4 5.2 5.9 6.8 8.1 9.1 9.3 9.6 10.4 10.7 10.9 9.4 9.1 21.8 24.7 33.6 48.9 63.2 77.5 101.1 122.2 140.1 155.4 160.3
-3 -3 -3 -3 -3 -3 -3 -3 -3 -3 -3 -3 -3 -3 -3 -3 -3 -3 -3 -3 -3 -1.9 -1.1 -0.3 0.5 1.3 2.1 2.9 3.2 5.1 16.4 16.9 14.5 12.9 19.1 19.4 18.5 18.5 17 16.2 15.9 15.6 17.1 10.1 9.3 9.1 8.6 8.3 8 7.7 7.4 7.1 6.9 6.8 6.7 6.6 6.5 6.4 6.3 6.3 6.3 6.3 6.3 6.2 6.2 6.3 6.5 6.7 6.8 6.1 13.9 6.2 5 4.9 5.2 6.1 7.7 7.8 8 8 8.5 8.9 9.1 8.3 7.7 13.3 19.9 26.9 39.6 50.5 61.4 76.6 95.5 115 129.2 134.8
-3 -3 -3 -3 -3 -3 -3 -3 -3 -3 -3 -3 -3 -3 -3 -3 -3 -3 -3 -3 -3 -2.4 -1.7 -0.9 -0.1 0.8 1.6 2.4 3.2 3.7 9.9 16.7 16.2 17.4 19.6 19.6 18.9 18.9 15.7 16.5 16 16.6 17 13.9 9.6 9.2 8.9 8.6 8.3 8.1 7.8 7.5 6.8 6.7 6.6 6.5 6.4 6.3 6.2 6.2 6.2 6.2 6.2 6.2 6.2 6.4 6.6 6.7 6.8 6.8 7.9 11.7 4.8 4.6 4.6 5.9 6.4 6.7 6.9 7 7 7.3 6.5 7.3 7.4 7.6 16.4 19.2 28.8 38 48.1 58 71.1 86.9 98.4 110.8
-3 -3 -3 -3 -3 -3 -3 -3 -3 -3 -3 -3 -3 -3 -3 -3 -3 -3 -3 -3 -3 -3 -2.2 -1.4 -0.6 0.2 1.1 1.9 2.7 3.6 4.9 16.8 16.2 15.1 19.2 20.7 18 18.6 15.6 16.4 16.6 16.7 16.7 15.5 9.7 8.9 8.9 8.9 8.8 8.5 8.2 7.8 6.7 6.6 6.5 6.4 6.3 6.2 6.2 6.2 6.2 6.2 6.2 6.2 6.3 6.4 6.6 6.7 6.8 6.1 5.1 6.7 9.2 4.7 4.6 6.3 6.6 6.3 6.2 6 5.9 6 5.8 6.3 6.9 6.9 7.7 15.9 19.4 25.3 34.1 44.2 54.1 65.2 76.8 88.5
-3 -3 -3 -3 -3 -3 -3 -3 -3 -3 -3 -3 -3 -3 -3 -3 -3 -3 -3 -3 -3 -3 -3 -1.9 -1.1 -0.2 0.6 1.4 2.2 3 3.5 5.9 16.5 14.4 17.2 16.8 21.6 15.9 15.8 16.2 16.5 16.6 16.7 16.1 14.6 10.7 8.7 8.6 8.6 8.6 8.6 8.2 7.1 6.5 6.4 6.3 6.2 6.2 6.2 6.2 6.1 6.2 6.2 6.2 6.3 6.5 6.6 6.7 5.8 5.5 6 4.5 5.6 8.7 4.3 5.5 5.7 6.1 5.8 5.6 5.4 5.1 5.4 5.9 6.4 6.3 6.9 10.2 13.9 16.7 23.5 30.9 41.4 50.9 60.6 69.6
-3 -3 -3 -3 -3 -3 -3 -3 -3 -3 -3 -3 -3 -3 -3 -3 -3 -3 -3 -3 -3 -3 -3 -2.4 -1.5 -0.7 0.1 0.9 1.7 2.5 3.3 4.6 14.8 17 15.5 15.4 19 16 15.8 16.4 16.7 16.9 17 16.9 15.5 8.5 8.5 8.2 8.3 8.5 8.4 8.1 7.4 6.4 6.3 6.2 6.1 6.1 6.1 6.1 6.1 6.1 6.1 6.2 6.4 6.5 6.6 6.1 5.8 5.5 6.1 4.4 4.6 3.6 8.7 4.3 5.7 5.8 5.6 5.3 4.9 4.7 5.1 5.8 6.5 5.9 6.4 8 12.7 13.6 17.5 22.2 32.4 41 48.3 54.8
-3 -3 -3 -3 -3 -3 -3 -3 -3 -3 -3 -3 -3 -3 -3 -3 -3 -3 -3 -3 -3 -3 -3 -3 -2 -1.2 -0.4 0.4 1.3 2.1 2.9 4 5.2 16 14.5 15 19 17.3 16.7 16.6 16.9 17.2 17.5 17.2 15.9 13.5 8.7 8.3 8.2 8.2 8.3 7.7 7.3 6.6 6.2 6.1 6.1 6.1 6.1 6.1 6.1 6.1 6.2 6.3 6.4 6.5 6.3 6 5.7 5.4 5.2 3.7 3.7 3.4 3.8 4.4 7.8 7.7 3.9 4.6 3.9 4.3 4.6 5.5 6 5.7 6.3 7.2 8.8 12.3 15.1 19.7 26.6 33.7 39.2 43.6
-3 -3 -3 -3 -3 -3 -3 -3 -3 -3 -3 -3 -3 -3 -3 -3 -3 -3 -3 -3 -3 -3 -3 -3 -2.5 -1.7 -0.8 0 0.8 1.6 2.5 3.3 3.6 11.6 14.8 14.6 19.6 18.2 17.8 17.4 18.1 18.5 17.6 17.1 16.7 8.7 8.4 8.4 8.4 8.4 8.5 8.2 7.4 6.6 6.1 6.1 6.1 6.1 6 6 6 6.1 6.2 6.3 6.4 6.6 6.3 6 5.7 5.4 5.4 5.5 3.1 4 3.9 4.1 4.1 4.2 4.3 3.6 6.7 6.2 4.5 4.5 5.1 5.1 6.1 7 8.5 10.2 12.2 16.6 22.1 27.3 32.3 37.3
-3 -3 -3 -3 -3 -3 -3 -3 -3 -3 -3 -3 -3 -3 -3 -3 -3 -3 -3 -3 -3 -3 -3 -3 -3 -2.1 -1.3 -0.5 0.3 1.2 2 2.8 3.9 5.1 14.6 14.6 21.6 18.8 18.6 18.6 17.9 17.5 17 16.9 9.9 8.4 8.4 8.4 8.4 8.4 8.4 8.4 8 7.1 6.8 6.5 6.1 6.1 6.1 6.1 6.2 6.1 6.2 6.4 6.5 6.6 6.4 6.1 5.8 5.5 5.4 5.8 5 4.5 4.4 4.3 4.1 4.3 4.1 4.1 3.7 4.4 5.5 6 6.6 7.3 7.8 8.5 8.5 8.7 11.2 13.9 18.6 22.9 27.1 32
-3 -3 -3 -3 -3 -3 -3 -3 -3 -3 -3 -3 -3 -3 -3 -3 -3 -3 -3 -3 -3 -3 -3 -3 -3 -2.6 -1.8 -1 -0.2 0.6 1.5 2.3 3.2 4.4 13.9 14.8 17 19.5 18.3 18 17.6 17.6 14.4 11.3 8.4 8.4 8.4 8.4 8.4 8.4 8.4 8.5 8.1 7.6 7 6.5 6.4 6.2 6.2 6.5 6.6 6.4 6.3 6.4 6.6 6.7 6.4 6.1 5.8 5.6 5.4 5.4 5.4 4.9 4.7 4.5 4.3 4.1 4.1 4.1 4.3 4.8 5.9 6.4 6.8 7.6 9.2 8.6 8.9 11 11.7 11 15.1 18.8 22.9 27.9
-3 -3 -3 -3 -3 -3 -3 -3 -3 -3 -3 -3 -3 -3 -3 -3 -3 -3 -3 -3 -3 -3 -3 -3 -3 -3 -2.3 -1.5 -0.7 0.1 1 1.8 2.7 3.6 7.9 14.9 15 19.5 18.8 18.5 18.1 15 13.2 8.9 8.4 8.4 8.4 8.4 8.4 8.4 8.4 8.4 8 7.6 7.1 6.5 6.3 6.2 6.2 6.5 6.8 6.7 6.4 6.5 6.6 6.7 6.4 6.1 5.9 5.6 5.4 5.4 5.4 5.2 4.9 4.7 4.5 4.2 4.1 4.1 4.5 5 5.7 6.5 7 7.8 9.1 9.5 10.1 12.2 12.8 11 12.3 14.9 18.2 22.8
-3 -3 -3 -3 -3 -3 -3 -3 -3 -3 -3 -3 -3 -3 -3 -3 -3 -3 -3 -3 -3 -3 -3 -3 -3 -3 -3 -2 -1.2 -0.4 0.5 1.3 2.2 3.1 4 15 14.6 20.5 18.7 15.7 15.9 17 12.2 9.8 8.4 8.4 8.4 8.4 8.4 8.4 8.5 8.3 8 7.5 7.1 6.5 6.3 6.1 3.9 6.7 6.8 6.8 6.6 6.6 6.7 6.7 6.5 6.2 6 5.8 5.6 5.4 5.4 5.2 5 4.8 4.6 4.3 3.7 4.2 4.7 5.3 5.8 6.5 7.2 7.9 9 9.4 11.7 16 14.8 13.4 11.2 14.5 16.6 18.3
-3 -3 -3 -3 -3 -3 -3 -3 -3 -3 -3 -3 -3 -3 -3 -3 -3 -3 -3 -3 -3 -3 -3 -3 -3 -3 -3 -3 -1.8 -0.9 0 0.8 1.7 2.6 3.6 7.8 17.3 14.7 15.1 14.5 15.7 16.6 13.4 9.3 8.4 8.4 8.4 8.4 8.4 8.5 8.3 8.1 7.9 7.4 7 6.7 6 5.5 2.5 6.7 6.9 6.8 6.8 6.9 6.8 6.6 6.5 6.4 6.2 6 5.7 5.4 5.4 5.3 5.1 4.9 4.6 4.4 4.1 4.4 4.9 5.5 6 6.6 7.3 8.1 8.3 8.4 10.6 14.3 16.1 14.8 11.3 14.3 16.8 18.5
-3 -3 -3 -3 -3 -3 -3 -3 -3 -3 -3 -3 -3 -3 -3 -3 -3 -3 -3 -3 -3 -3 -3 -3 -3 -3 -3 -3 -2.3 -1.4 -0.6 0.3 1.2 2.1 3 4 18.3 14.6 14.5 14.4 15.2 16 16.8 10 8.5 8.4 8.4 8.4 8.5 8.5 8.3 8.1 7.7 7.5 7.3 6.9 5.8 5.6 5.2 6.9 6.9 6.8 6.6 6.4 6.2 6.1 6 5.9 5.8 5.8 5.8 5.4 5.4 5.3 5 4.7 4.4 4.1 4.1 4.2 4.8 5.3 5.9 6.5 7.2 7.9 9 8.4 9.7 11 13.5 14.9 14.8 11.7 17.3 19
-3 -3 -3 -3 -3 -3 -3 -3 -3 -3 -3 -3 -3 -3 -3 -3 -3 -3 -3 -3 -3 -3 -3 -3 -3 -3 -3 -3 -3 -1.9 -1 -0.2 0.7 1.6 2.5 3.4 5.4 16.2 14.4 14.3 14.5 15.4 15.6 15.5 13.2 8.4 8.4 8.5 8.6 8.5 7.8 7.4 7.3 7.2 7.2 7.2 6.2 5.7 5.4 6.7 6.5 6.2 6 5.9 5.7 5.6 5.5 5.6 5.7 5.7 5.6 5.5 5.4 5.4 4.6 4.3 4.1 4.1 4.1 4.1 4.5 5.1 5.7 6.4 7.1 7.8 8.9 9.3 9.9 10.9 12 13.7 16.3 11.8 18 19.5
-3 -3 -3 -3 -3 -3 -3 -3 -3 -3 -3 -3 -3 -3 -3 -3 -3 -3 -3 -3 -3 -3 -3 -3 -3 -3 -3 -3 -3 -2.4 -1.5 -0.6 0.2 1.1 2 2.9 4.3 8.8 15.3 14.5 14.7 15.1 15.4 14.8 14.7 8.5 8.5 8.3 7.9 7.4 7.3 7.3 7.3 7.3 7.3 7.3 6.8 6.1 5.7 2.5 6 5.7 5.5 5.4 5.4 5.4 5.5 5.6 5.5 5.5 5.5 5.4 5.4 5.4 4.8 4.1 4.1 4.1 4.1 4.1 4.3 4.9 5.6 6.2 6.9 7.6 8.9 10.2 10.4 11.3 12.4 13.5 16.7 15.7 12.4 19.5
-3 -3 -3 -3 -3 -3 -3 -3 -3 -3 -3 -3 -3 -3 -3 -3 -3 -3 -3 -3 -3 -3 -3 -3 -3 -3 -3 -3 -3 -3 -2 -1.1 -0.2 0.6 1.5 2.3 3 5.1 14.1 14.7 14.9 15 15.4 14.7 12.8 8.4 8.3 8.1 7.4 7.2 7.2 7.4 7.4 7.4 7.4 7.5 7.2 6.5 6 5.3 2.5 5.4 5.4 5.4 5.4 5.4 5.4 5.4 5.4 5.4 5.4 5.4 5.4 5.4 5.3 4.8 4.7 4.6 4.5 4.3 4.1 4.8 5.4 6.1 6.7 7.4 8.8 10.3 10.9 11.7 12.6 13.5 16.1 15.2 12.1 17
-3 -3 -3 -3 -3 -3 -3 -3 -3 -3 -3 -3 -3 -3 -3 -3 -3 -3 -3 -3 -3 -3 -3 -3 -3 -3 -3 -3 -3 -3 -3 -1.6 -0.7 0.2 0.6 1 1.8 3 8.7 14.5 14.5 14.6 15 15.3 15 14.1 14.5 14.5 7.4 7.2 7.1 7.3 7.4 7.6 7.6 7.6 7.4 6.8 6.2 5.5 5.2 2.5 5.4 5.4 5.4 5.4 5.4 5.4 5.4 5.4 5.4 5.4 5.4 5.4 5.4 5.3 5 4.8 4.6 4.3 3.4 4.6 5.2 5.9 6.6 7.3 8.4 9.5 10.6 11.6 12.5 13.8 16.1 16.5 14.3 14.2
-3 -3 -3 -3 -3 -3 -3 -3 -3 -3 -3 -3 -3 -3 -3 -3 -3 -3 -3 -3 -3 -3 -3 -3 -3 -3 -3 -3 -3 -3 -3 -2 -1.5 -1.1 -0.7 -0.3 0.4 -0.4 3.4 13.9 14.3 14.8 15.1 15.1 15.4 14.8 14.9 14.8 9.5 7.2 7.1 7.2 7.3 7.5 7.6 7.7 7.6 7.1 6.5 5.8 5.4 2.5 2.5 5.4 5.4 5.4 5.4 5.4 5.4 5.4 5.4 5.4 5.4 5.4 5.4 5.3 5.1 4.8 4.5 4.2 4.1 4.4 5.1 5.7 6.4 7.1 8.2 9.3 10.4 11.4 12.3 13.7 15.6 17.6 18.2 12.4
-3 -3 -3 -3 -3 -3 -3 -3 -3 -3 -3 -3 -3 -3 -3 -3 -3 -3 -3 -3 -3 -3 -3 -3 -3 -3 -3 -3 -3 -3 -3 -3 -2.7 -2.3 -1.9 -1.5 -1.5 -3 0.7 7.6 14.6 15 14.8 14.8 15.6 15.3 15.2 15.2 14.6 14.2 7 7.1 7.2 7.3 7.4 7.5 7.3 7.3 6.7 6.2 5.8 5.2 2.5 3.6 5.4 5.4 5.4 5.4 5.4 5.4 5.4 5.4 5.4 5.4 5.4 5.4 4.9 4.5 4.3 4.2 4.1 4.3 4.9 5.6 6.2 7 8.1 9.1 10.3 11.2 11.9 13.5 14.7 16.3 16.5 14.3
-3 -3 -3 -3 -3 -3 -3 -3 -3 -3 -3 -3 -3 -3 -3 -3 -3 -3 -3 -3 -3 -3 -3 -3 -3 -3 -3 -3 -3 -3 -3 -3 -3 -3.1 -3.1 -3 -3 -1.2 1.4 5.4 14.4 14.7 14.5 14.6 15.3 15.4 15.3 14.4 14.4 14.4 7.4 6.9 6.9 6.9 7 6.8 6.6 8.1 7.1 6.9 6.6 6.1 5.6 2.5 5.3 5.9 5.4 5.4 5.4 5.4 5.4 5.5 5.6 5.4 5.4 5.4 4.2 4.3 4.3 4.2 4.2 4 4.7 5.5 6 6.8 7.9 9 10.1 10.9 11.6 12.9 14 14.9 15.7 16.6
-3 -3 -3 -3 -3 -3 -3 -3 -3 -3 -3 -3 -3 -3 -3 -3 -3 -3 -3 -3 -3 -3 -3 -3 -3 -3 -3 -3 -3 -3 -3 -3 -3 -3 -3 -3 -2.1 -0.8 1.2 3.3 13.9 15.2 14.6 14.5 14.5 15 14.5 14.5 14.5 14.5 13.4 6.5 6.6 6.6 6.4 6.1 6.2 7.8 12.2 7.1 6.4 6.6 6.4 4.6 4 5.4 5.4 5.4 5.4 5.4 5.5 5.6 5.7 5.5 5.4 5.4 5.2 4.2 4.2 4.1 4.1 3.9 4.6 5.2 5.7 6.7 7.8 8.9 9.4 10.1 11.1 12.4 15.4 17.6 18.7 16.6
-3 -3 -3 -3 -3 -3 -3 -3 -3 -3 -3 -3 -3 -3 -3 -3 -3 -3 -3 -3 -3 -3 -3 -3 -3 -3 -3 -3 -3 -3 -3 -3 -3 -3 -3.1 -2.8 -1.6 -0.3 0.9 2.4 8.6 16.4 14.3 14.3 14.4 14.5 14.3 14.3 14.3 14.5 14.6 6.4 6.4 6.6 5.2 4.6 4.7 7.4 5.7 6.3 4.9 5.9 5.9 5.8 4 4.4 5.4 5.4 5.4 5.4 5.5 5.6 5.7 5.6 5.4 5.4 5.4 4.1 4.1 3.9 3.8 3.8 4.5 5 5.5 6.6 7.6 8.2 8.5 9 10 11.2 15.5 18.5 19.5 17.3
-3 -3 -3 -3 -3 -3 -3 -3 -3 -3 -3 -3 -3 -3 -3 -3 -3 -3 -3 -3 -3 -3 -3 -3 -3 -3 -3 -3 -3 -3 -3 -3 -3 -3 -3.1 -2.4 -1.1 0.2 1.4 2.6 3.1 15.5 14.3 14.2 14.3 14.5 14 14.2 14.3 14.4 14.5 8.5 5.6 6.6 5.2 5.7 4.8 5.2 5.7 8.2 5.9 5 4.7 4.7 5.2 5.4 5.1 5.4 5.4 5.4 5.5 5.7 5.6 5.5 5.4 5.4 5.4 4.1 4 4 3.9 3.8 4.1 4.7 5.4 6.3 7.1 7.4 7.7 8.1 8.9 10 13.4 17.8 18.7 15.6
-3 -3 -3 -3 -3 -3 -3 -3 -3 -3 -3 -3 -3 -3 -3 -3 -3 -3 -3 -3 -3 -3 -3 -3 -3 -3 -3 -3 -3 -3 -3 -3 -3 -3 -3 -1.9 -0.6 0.4 1.3 2.2 3 10.4 9.5 14.2 14.2 14.5 14.4 14.2 14.3 14.4 14.5 14.2 13.4 11.8 6.4 5.7 5.4 6.4 6.1 7.5 6.6 5.8 4.9 4.6 4.7 5.4 5.6 5.5 5.4 5.4 5.5 5.7 5.6 5.5 5.4 5.4 5.4 4.8 4.2 4.1 4 3.8 4.3 4.6 5.1 5.9 6.2 6.5 6.8 7.3 7.8 9 11.3 15.9 17.9 14.8
-3 -3 -3 -3 -3 -3 -3 -3 -3 -3 -3 -3 -3 -3 -3 -3 -3 -3 -3 -3 -3 -3 -3 -3 -3 -3 -3 -3 -3 -3 -3 -3 -3 -3 -3 -1.7 -0.8 0.1 0.9 1.8 2.7 4.4 14.9 14.3 14.4 14.7 14.8 14.4 14.3 14.5 14.4 14.6 14.4 14 8.4 6 5.6 5.9 5.8 5.8 5.8 5.4 4.9 4.6 4.6 4.7 5.1 5.2 5.4 5.4 5.4 4.7 5.6 5.5 5.4 5.4 5.4 5.4 4.4 4.2 4 3.8 4 4.4 5.1 5.4 5.4 5.7 6 6.3 6.9 9 9.7 14.5 17.1 15.2
-3 -3 -3 -3 -3 -3 -3 -3 -3 -3 -3 -3 -3 -3 -3 -3 -3 -3 -3 -3 -3 -3 -3 -3 -3 -3 -3 -3 -3 -3 -3 -3 -3 -3 -3 -2.1 -1.2 -0.3 0.5 1.4 2.3 3.2 14.4 14.4 14.6 14.9 14.8 14.8 14.4 14.5 14.6 14.6 14.1 13.2 8.4 5.6 6.2 5.7 5.8 5.4 8.5 5.2 5 5.1 4.8 5.3 4.8 4.8 5.1 5.4 5.4 5.4 5.5 5.4 5.4 5.4 5.4 5.4 5 4.8 4.4 4.1 3.4 4.3 4.7 4.9 5 4.9 5.1 4.9 6.5 6.1 9.1 13.7 16.2 15.8
-3 -3 -3 -3 -3 -3 -3 -3 -3 -3 -3 -3 -3 -3 -3 -3 -3 -3 -3 -3 -3 -3 -3 -3 -3 -3 -3 -3 -3 -3 -3 -3 -3 -3 -3 -2.5 -1.6 -0.8 0.1 1 1.9 2.8 9.5 14.6 14.8 14.9 14.6 14.5 14.4 14.6 14.8 14.7 14.3 8.1 6.2 6.3 6.6 5.5 5.7 5.4 8.1 5.4 5.1 5.2 4.7 3.8 5.1 5.2 5.2 5.4 5.4 5.4 5.4 5.4 5.4 5.4 5.4 5.4 5.3 5 4.6 4.3 3.9 4.1 4.2 4.4 4.6 4.6 4 6.1 6.1 6.1 8.6 13.3 15.6 15.2
-3 -3 -3 -3 -3 -3 -3 -3 -3 -3 -3 -3 -3 -3 -3 -3 -3 -3 -3 -3 -3 -3 -3 -3 -3 -3 -3 -3 -3 -3 -3 -3 -3 -3 -3 -3 -2.1 -1.2 -0.3 0.6 1.5 2.4 3.2 13.6 14.8 14.8 14.3 14.3 14.2 14.7 14.9 14.2 14.2 12.3 7.1 6.5 6.4 5.5 5.9 5.3 5 7.9 6 5.6 5.2 5.3 5.9 6 5.3 5.5 5.6 5.4 5.4 5.4 5.4 5.4 5.4 5.4 5.4 5.1 4.7 4.4 4.1 3.8 3.9 4.1 4.2 3.8 6.1 6.1 6.1 6.1 6.1 11.2 14.3 14.1
-3 -3 -3 -3 -3 -3 -3 -3 -3 -3 -3 -3 -3 -3 -3 -3 -3 -3 -3 -3 -3 -3 -3 -3 -3 -3 -3 -3 -3 -3 -3 -3 -3 -3 -3 -3 -3 -1.6 -0.8 0.1 1.1 2 2.9 9.7 14.5 14.6 14.1 14.1 14.3 14.7 14.6 14.5 14.4 14.4 7.3 7.2 6.2 5.5 5.2 5.2 4.6 8.3 7.7 7.4 5.7 5.8 5.7 6.3 5.8 5.1 5.2 5.4 5.4 5.4 5.4 5.4 5.4 5.4 5.4 5.2 4.9 4.6 4.3 4 3.8 3.8 4 6.1 6.1 6.1 6.1 6.1 6.1 9.1 11.4 11.1
-3 -3 -3 -3 -3 -3 -3 -3 -3 -3 -3 -3 -3 -3 -3 -3 -3 -3 -3 -3 -3 -3 -3 -3 -3 -3 -3 -3 -3 -3 -3 -3 -3 -3 -3 -3 -3 -2.1 -1.2 -0.3 0.6 1.5 2.4 2.4 14 14 14.5 14.8 14.7 14.7 14.6 14.6 14.5 14.5 8.1 7.2 6.2 5.5 5.2 4.8 4.7 7.6 5.6 6.8 6.6 6.6 7.1 5 4.6 4.8 5 5.1 5.2 5.3 5.4 5.4 5.4 5.4 5.4 5.3 5 4.8 4.5 4.5 4.1 4.2 6.1 6.1 6.1 6.1 6.1 6.1 6.1 6.1 7.9 9.1
-3 -3 -3 -3 -3 -3 -3 -3 -3 -3 -3 -3 -3 -3 -3 -3 -3 -3 -3 -3 -3 -3 -3 -3 -3 -3 -3 -3 -3 -3 -3 -3 -3 -3 -3 -3 -3 -3 -1.6 -0.7 0.2 1.1 2 2.9 11.5 14.1 14.5 14.8 14.7 14.6 14.5 14.5 14.4 14.4 12.2 7.3 6.6 5.5 5.2 5 4.9 4.7 4.7 4.6 4.7 4.5 4.4 4.5 4.5 4.4 4.6 4.7 4.9 5.1 5.1 5.2 5.3 5.4 5.4 5.4 5.2 5 4.9 4.9 4.7 6.1 6.1 6.1 6.1 6.1 6.1 6.1 6.1 6.1 6.1 6.1
-3 -3 -3 -3 -3 -3 -3 -3 -3 -3 -3 -3 -3 -3 -3 -3 -3 -3 -3 -3 -3 -3 -3 -3 -3 -3 -3 -3 -3 -3 -3 -3 -3 -3 -3 -3 -3 -3 -2.1 -1.2 -0.3 0.6 1.5 2.5 4.6 14 14.6 14.7 14.6 14.5 14.5 14.4 14.4 14.3 14.3 7.5 6.7 5.6 5.3 5.1 4.9 4.7 4.7 4.7 4.5 4.4 4.4 4.4 4.4 4.4 4.3 4.4 4.6 4.7 4.9 5 5.2 5.3 5.4 5.4 5.2 4.9 4.6 5.7 6.1 6.1 6.1 6.1 6.1 6.1 6.1 6.1 6.1 6.1 6.1 6.1
-3 -3 -3 -3 -3 -3 -3 -3 -3 -3 -3 -3 -3 -3 -3 -3 -3 -3 -3 -3 -3 -3 -3 -3 -3 -3 -3 -3 -3 -3 -3 -3 -3 -3 -3 -3 -3 -3 -3 -1.7 -0.8 0.2 1.1 2.1 3 13.1 14.8 14.7 14.6 14.5 14.4 14.3 14.3 14.3 14.1 9.3 7.2 5.7 5.4 5.1 4.9 4.8 4.8 4.6 4.5 4.4 4.4 4.4 4.4 4.4 4.3 4.2 4.2 4.4 4.5 4.7 4.9 5.1 5.4 5.4 5.3 4.9 4.6 6.1 6.1 6.1 6.1 6.1 6.1 6.1 6.1 6.1 6.1 6.1 6.1 6.1
-3 -3 -3 -3 -3 -3 -3 -3 -3 -3 -3 -3 -3 -3 -3 -3 -3 -3 -3 -3 -3 -3 -3 -3 -3 -3 -3 -3 -3 -3 -3 -3 -3 -3 -3 -3 -3 -3 -3 -2.2 -1.2 -0.3 0.7 1.7 2.6 5.7 14 14.5 14.5 14.4 14.3 14.3 14.4 14.3 13.8 12.5 7.8 6.4 5.4 5.1 4.9 4.9 4.8 4.5 4.4 4.3 4.3 4.3 4.3 4.4 4.3 4.2 4.1 4 4.2 4.4 4.7 5 5.4 5.4 5.4 5.2 5 6.4 6.1 6.1 6.1 6.1 6.1 6.1 6.1 6.1 6.1 6.1 6.1 6.1
-3 -3 -3 -3 -3 -3 -3 -3 -3 -3 -3 -3 -3 -3 -3 -3 -3 -3 -3 -3 -3 -3 -3 -3 -3 -3 -3 -3 -3 -3 -3 -3 -3 -3 -3 -3 -3 -3 -3 -3 -1.6 -0.7 0.3 1.2 2.2 3.2 9.8 14.3 14.3 14.4 14.3 14.6 14.7 14.5 14.4 13.9 8.6 7.2 5.5 5.1 4.9 4.9 4.7 4.4 4.3 4.3 4.3 4.3 4.3 4.3 4.3 4.2 4.1 4 3.9 4.2 4.5 4.9 5.3 5.4 5.4 5.3 4.9 6.8 6.1 6.1 6.1 6.1 6.1 6.1 6.1 6.1 6.1 6.1 6.1 6.1
-3 -3 -3 -3 -3 -3 -3 -3 -3 -3 -3 -3 -3 -3 -3 -3 -3 -3 -3 -3 -3 -3 -3 -3 -3 -3 -3 -3 -3 -3 -3 -3 -3 -3 -3 -3 -3 -3 -3 -3 -2 -1.1 -0.2 0.8 1.8 2.7 8.1 8.3 14.5 14.4 14.5 14.7 14.4 14.1 14.3 14.1 10.9 8 6.3 5.2 5 4.8 4.6 4.3 4.2 4.2 4.3 4.3 4.3 4.3 4.3 4.2 4.1 4 3.9 4.8 4.4 4.8 5.2 5.4 5.4 5.2 4.4 3.6 6.1 6.1 6.1 6.1 6.1 6.1 6.1 6.1 6.1 6.1 6.1 6.1
-3 -3 -3 -3 -3 -3 -3 -3 -3 -3 -3 -3 -3 -3 -3 -3 -3 -3 -3 -3 -3 -3 -3 -3 -3 -3 -3 -3 -3 -3 -3 -3 -3 -3 -3 -3 -3 -3 -3 -3 -3 -1.6 -0.6 0.4 1.3 2.3 3.5 8.3 14.4 14.5 14.4 14.5 14.6 14.1 14.1 14.1 13.7 8.9 7.1 5.4 5 4.7 4.5 4.3 4.2 4.2 4.2 4.2 4.2 4.2 4.3 4.2 4.1 4 3.9 3.7 4.3 4.7 5.1 5.4 5.4 5.4 4.7 3.9 6.1 6.1 6.1 6.1 6.1 6.1 6.1 6.1 6.1 6.1 6.1 6.1
-3 -3 -3 -3 -3 -3 -3 -3 -3 -3 -3 -3 -3 -3 -3 -3 -3 -3 -3 -3 -3 -3 -3 -3 -3 -3 -3 -3 -3 -3 -3 -3 -3 -3 -3 -3 -3 -3 -3 -3 -3 -2 -1 0 1 1.9 2.9 8.5 13 14.7 14.2 14.3 14.5 14.1 14.1 14.1 14.3 9 8 6.1 4.9 4.6 4.4 4.2 4.2 4.2 4.2 4.2 4.2 4.2 4.2 4.2 4.1 4 3.8 3.6 4.2 4.6 4.9 5.3 5.4 5.4 5.3 4.4 6.9 6.1 6.1 6.1 6.1 6.1 6.1 6.1 6.1 6.1 6.1 6.1
-3 -3 -3 -3 -3 -3 -3 -3 -3 -3 -3 -3 -3 -3 -3 -3 -3 -3 -3 -3 -3 -3 -3 -3 -3 -3 -3 -3 -3 -3 -3 -3 -3 -3 -3 -3 -3 -3 -3 -3 -3 -3 -1.4 -0.4 0.6 1.6 2.5 6 7.9 14.8 14.2 14.2 14.4 14.4 14.3 14.3 14.5 11 8.6 6.7 4.8 4.6 4.3 4.1 4.1 4.1 4.2 4.2 4.2 4.2 4.2 4.2 4.1 3.9 3.8 3.7 4.5 4.4 4.8 5.2 5.4 5.4 5.3 4.9 6 6.1 6.1 6.1 6.1 6.1 6.1 6.1 6.1 6.1 6.1 6.1
