Assets/StreamingAssets/GeoData/Data/ss/SS83.asc
ncols 200
nrows 200
xllcorner 280000
yllcorner 130000
cellsize 50
[rows 140 to 174 of 200, columns 78 to 155 of 200]
341.6 341.3 341.7 342.8 345 346.6 347.4 347.4 346 343.2 339.2 334.2 328.6 322.7 315.7 304.8 289 283.9 280.4 274.5 273.6 275.5 278 277.7 276.1 275.3 273.6 274.6 278.5 287.5 297.7 305.8 310 312.7 314.8 314.4 306.4 270.1 239.8 226.1 230.8 241.3 257.7 272.9 279 282.7 284.1 285.1 285.2 286.5 288.3 290.1 291.7 292.8 293.4 293.9 293.2 292.1 295.9 301 305.3 309.8 313.5 317.4 320.3 323.4 325.5 327.1 327.2 327.1 324.8 323.2 323.9 325.1 327.5 330.3 331.7 331.9
344.6 344.4 344.8 346.2 347.7 349.1 350.2 349.6 347.2 343.7 339.2 334.1 326 318.6 309.1 298.4 293.7 290.1 286.8 282.3 277.6 270.5 270 269.5 266.8 265.1 264.6 262.8 262.7 277 290.7 301 307.6 310.8 313.5 314.2 311.8 288.2 257.8 227.4 227 234.7 251.6 270.8 277 279.6 280.2 279.7 278.4 278.7 281.7 285.3 288 289.2 287.8 286.7 289.2 293.7 299.1 303.3 308 311.8 314.4 317 319.3 321.4 323.1 324 323.8 321.7 319.7 317.3 318.2 319.4 320.5 323 323.6 325.5
347.8 348 348 349.9 351.2 352.2 352.2 351.1 348.4 344.8 340.2 334.7 326.5 318.1 308.7 304.2 300.3 296.3 292.7 289 285.1 281.2 277.9 275.5 274 275.7 277.6 279.5 273 263.7 279.5 291.1 302.8 307.3 310.5 312.3 310.7 300.9 277.3 244.9 224.4 230.5 249.7 271.8 277.5 276 272.4 270.9 269.3 269.6 273.4 279.8 281.7 281.2 282.5 289.9 296 300.9 305.1 308.1 311.3 314.2 315.5 316.8 317.6 319.2 320.3 321.1 320.2 317.4 313.4 310.8 310 311.7 314.1 316.1 315.8 313
351.4 351.8 352.2 354.1 355.1 355.6 354.6 353.1 350.8 347.2 343.3 337.7 329.9 322.5 316.3 311.5 308 304 300.6 297.3 294.5 291.6 288.8 287.7 287.2 289.2 290.2 289 281 261.1 261.8 280 292.5 303.7 306.9 308.7 308.2 300.1 277.3 251.9 227.5 228.1 253.5 275.8 275.6 274.3 267.7 258.5 252.8 254.3 259.9 265.5 273.7 284.2 294.2 300.6 305.9 308.7 310.9 312.9 314.4 314.9 315.7 315.6 316.1 316.9 317.7 316.9 315.9 313.2 308.1 303.4 302 305.5 309.2 311.4 311.3 307.6
357.1 357.4 357.4 358.9 359.3 359.2 358.6 357.5 354.7 350.8 346.5 341.1 334.9 328.3 324.2 320.1 316.4 313.5 311.1 308.9 306.4 303.7 302.2 299.8 298.7 298.8 296.6 293.1 287.6 277 256.2 262.1 278.9 293.8 303.3 305.2 305.2 298.2 276.3 252.6 227.7 229 255.5 266.3 268.6 267.3 255.9 245.1 251.2 263 272.6 276.4 286 295.5 301.2 305.2 307.8 310.2 311.8 313.1 313.4 313.8 314.1 314.3 314.1 314 314 313.3 311.6 308.6 302.5 295.9 293.7 299.3 302.1 307 306.4 304.5
364.9 364.2 364.9 365.7 366.2 366.1 364.1 362.9 360.5 357.3 352.5 347.4 341.6 336.4 333.7 330.8 328.4 326.1 325.2 324.1 320.5 318.5 316.4 315.1 311.8 308.4 305.7 300.1 293.5 287 270.1 250.3 263.6 277.9 291.3 298.5 300.1 296.9 278.2 252.4 226.5 232.2 244.7 247.9 253 252.6 240.7 245.3 261.5 274.3 284.1 291 296 300.5 303.5 305.9 308.2 310.2 311.4 312 312 311.6 311.4 310.7 309.8 310.3 309.5 309.3 307.5 304.1 295.5 287.3 289.4 296.3 300 300.4 302.2 301.5
374.6 373.9 373.7 375 374.3 373.6 371.5 369.7 367.2 363.4 358.8 352.7 348.8 346 344 341.4 339.6 338.3 337.1 335.7 333.9 332.1 330.6 327.7 324 319.9 314.9 308.9 302.3 293.8 280.7 254.6 252.5 260 272.4 282 285.4 286.3 279.9 254 225 230.1 233.4 233.9 235.8 238.3 232.9 256.4 271.1 283 290 294.4 297.2 299.2 302.1 304 306.3 307.9 308.8 308.9 309.2 308.7 308 306.1 305.6 305.7 305.3 304.3 302.6 299.4 290.9 276.2 287.3 292.6 296.5 297.5 297.3 295.5
380.9 380.3 380.4 380.4 379.5 378.3 376.5 374.7 372 368.5 364.7 359.4 355.6 353.3 351 350.2 349.3 348.3 347.2 345.7 344.6 342.3 340.5 338.3 335 331.6 325.5 319.6 311.4 303.4 293.7 263.3 245.9 250.4 254.1 260.7 264.1 265.8 263.6 243.6 223.4 223.5 224.3 223.8 223.9 224.5 232.3 255.6 277.1 285.7 289.2 292.9 295.1 297.3 298.5 300.4 302 303.7 303.8 304.8 304.9 304.4 302.5 300.8 300.8 301.1 300.5 298.8 296.9 293.9 287.9 272.5 283.5 289.2 291.6 291.7 292.3 291.2
384.7 384.4 384.2 384.1 383.5 382.6 381.2 379.2 376.2 372.7 369 365.4 361.8 359.7 358.4 357.1 356 355 353.9 352.7 352.1 350.6 348.5 346.5 343.7 340.1 334.5 326.9 321.1 313.3 302.2 275 252.8 242.3 242.2 244.2 245.5 242.7 239 228.7 222.9 223.3 222.8 222.8 222.9 220.8 219.1 243.4 270.2 279.1 279.1 280 281.9 287.4 292.4 296.3 298.1 299.2 299.3 300.5 298.8 297.5 295.6 296.3 296.7 297.1 294.7 293.4 290.8 286.1 278.5 267.7 278.3 282.3 284.9 287.3 286.8 286.8
386.3 387.1 387.3 387.2 386.3 385.3 383.4 381.6 378.4 375.3 372.2 369.5 367.4 365.3 363.9 363 362.1 361.2 360.2 359.3 358.4 357.3 355.8 352.9 350 346.1 341 333.7 328.4 320.6 308.9 290.8 270.2 254.3 246.5 238.6 235 233.9 237.7 245.3 252.9 261.3 260.1 254.2 240.9 227.2 219.6 236.6 262.8 263.1 258.2 255.4 257 264 275.1 287.2 294.2 294.7 295 291 289.5 289.5 289.1 288.8 287 287.9 288.5 287.3 284.5 279.1 269.2 261 271.8 277.1 279.4 281.7 280.9 281
386.7 387.6 388.3 388.5 387.8 386.4 384.1 381.2 378.6 376 373.4 371.4 370.1 368.5 367.7 366.9 366.3 365.4 364.5 363.5 362.6 361.2 359.7 357.4 354.3 350.5 345.7 339.7 333.3 327.2 320.3 307.8 290.6 278.3 267.3 259.1 255.4 256.4 261.2 266.8 274.6 276.8 273.9 265.5 249.6 231.7 219.4 229.3 247.6 242.2 235.1 228.5 225.4 238.6 254.8 269.2 285.8 289.4 287.5 286.1 284.3 284.1 284.1 279.9 276.3 276.5 277.2 276.1 274.5 271.7 264.7 254.5 265.8 270.8 274 276.3 277.8 276.2
386.3 387.1 387.7 388.2 387.4 385.4 383.2 380.7 378.4 376.4 374.2 373.1 371.8 371.7 370.8 370.7 370.1 369.5 368.8 367.7 366.2 364.7 362.8 360.4 357.1 353.6 349.9 343.9 338 332.2 325.7 317.6 308.9 300.7 290.2 282.8 279.4 277.7 279.4 283.1 284.7 283.6 280.1 274.1 258.2 236.8 220.7 226.4 231.9 222.5 216.8 215.7 216.6 215.2 230.8 250.5 267.3 281.1 281.2 279.3 277.9 274.8 269.9 265.1 262 263.6 265.1 265.9 264.2 262.3 256.9 247.8 257.9 261.8 265.4 267.4 268.8 268.3
384.4 385.2 385.8 386.4 385.7 383.4 381.3 378.2 376.6 374.6 374 373.6 373.3 373.3 373.1 373.1 372.6 372.3 371.1 370.3 368.1 366.6 364.9 362.5 359.4 356.2 353 348.6 343.2 338.2 331.7 326.6 319.8 314 307.8 302.2 296.5 292.9 292 292.4 293.1 292.3 288.8 282.8 268.5 246.8 228.3 217.1 218.9 216.7 226.5 238.5 232.6 218.6 215 234.3 251 266.3 272.2 271.7 269.5 262.7 257.6 252.3 252.1 254 257.1 258.1 255.8 253.4 248.3 243.3 251.3 254.2 256.3 259.1 258.8 257.1
381.8 383 383.6 383.2 382.9 380.6 378.5 375.6 373.8 372.9 372.6 372.6 373.2 373.7 373.8 374.3 373.8 373.5 372.9 371.4 369.9 368.3 366.2 363.1 360.5 357.6 354.2 350.7 346.9 341.9 338 333.6 328.8 324.4 320.2 314.4 310.8 307.2 305 304 303.5 303 300 294.7 281.3 263.4 245.8 234.7 233.9 244.6 258.5 265.3 251.9 232.2 213.6 220 235.5 252.9 261.2 259.8 254.4 249.2 243.7 240.3 241.8 245.6 249.8 250.7 247.8 244.3 239.7 236.6 239.7 239.5 241.8 244 243.6 243.9
379.1 380.2 380.8 380.6 380 378.4 376.3 374.3 371.6 370 370 371.4 372.4 373.2 373.5 373.6 373.7 373.3 372.4 371 369.1 367 364.8 361.9 358.9 356 353.1 350.1 346.9 344.3 341.2 338 333.9 330.6 326.9 321.9 317.6 315.6 313.7 312 313 313.1 311.3 306.1 297.6 286.5 274.8 268.4 266.1 273.4 284.3 281.4 267.9 245.7 224.1 211.8 221.8 237 247.8 246.5 240.8 234.5 228.2 225.9 227.1 231.5 234.6 236.1 233.1 229.6 231.1 232.4 236 242.1 247.6 247.6 249.6 251.8
375.8 377.2 378 378 377 375.4 373.7 371.7 369.2 366.7 367 368.9 370.2 371.4 371.9 372.2 372.3 371.6 370.8 369.3 367.4 364.9 361.8 357.9 355.6 352.5 349.6 347 344.9 343.3 341.6 338.9 335.6 332.8 329.4 325.2 322.1 320.3 320.8 319.3 319.4 320.5 319.3 315 310.8 304.2 299.8 294 291.9 296.8 295.9 289.3 280.6 265 239.9 216 213.2 224.3 237.4 234.1 227.8 220.8 218.4 224.9 228.9 226.9 226 229 229.9 235.6 240.3 245.2 250.5 255.4 262 264.3 264.9 266.4
372.4 373.7 373.9 373.6 373.3 371.8 370.5 368 366 364.1 363.9 366.2 367.2 368.4 369.1 369.5 369.5 368.7 367.3 365.8 363.6 360.9 357.5 352.5 350.1 347.6 344.7 342.7 341.1 340.2 338.9 337.1 334.7 331.4 328.4 325.9 323.4 322.5 322.8 322.9 323.2 323.1 322.2 322.3 320.2 315 311.1 308.9 305.6 302.9 296.7 288 278.1 273 257.7 235.7 212.4 215.2 223.9 220.3 216.5 221.9 236.2 246.7 252.3 255.5 250.3 249.2 249.5 255.2 259.4 263.6 265.8 267.8 271.3 273.9 275.2 277.7
368.9 369.4 369.7 369.1 369 367.7 366.6 365 363.2 361.5 361 363.3 364.9 365.7 365.6 365.4 364.7 364.4 362.9 360.7 357.8 354.5 351.2 347.2 343.9 340.2 337.3 336.6 335.8 334.2 333.8 332.2 329.8 327 324.2 321.9 320.8 321 321.9 322.4 323.7 324.7 325.5 324.1 321.8 317.8 314.7 311.7 306.9 298.8 290.6 280.1 274.8 266.4 253.9 241.6 213.5 211.4 213.3 216.4 227.3 238.7 249.5 259.4 265.8 270 269.6 266.4 266.5 272.4 278.5 281.7 283.1 283 284.7 285 286.6 288.4
364.8 365.1 365.4 364.6 364.7 364 362.4 361.4 359.7 358 359.2 361.4 361.7 361.5 361.2 358.3 359.5 359 357.7 355.3 351.7 346.4 342.4 337.9 334.2 330.3 326.9 325.8 323.6 321.2 320.4 318.4 315.6 313.3 313.1 313.4 313.5 315.7 318 319.1 320.9 321.8 322.4 321.2 319.2 316.2 313.5 307.2 296.8 286.2 277.3 270.8 263.9 255.5 241.1 231.1 217.9 211.2 212.6 223.2 233.3 246.7 256.8 264.8 270.7 275.6 277.8 280.1 282.1 287.8 292.5 295.7 296.9 299.2 300.1 299.7 299.2 302
360.4 360.4 360.7 360 360.1 359.6 357.4 355.9 355.1 354.8 358.6 359.1 359 358.6 357.2 356 355.2 354.3 351.4 348.7 343.6 339.7 335.5 331.2 326.4 322.2 318 314.7 311.7 308.9 306.4 303.4 300.4 299.5 299 298 301.5 307 311.3 314.4 316.2 317.5 318.5 317.4 315 311.9 298.3 288 275.8 265.1 258.1 252.9 248.2 243.5 231.1 220.9 210.7 210.8 215.4 225 234.9 248.1 259.7 270.2 276.4 282.2 287.5 292.6 295.9 299.1 303.1 307.7 310.1 311.7 312.3 313.4 314.4 315.6
354.5 354.9 355.4 354.9 353.7 354.2 352.4 351.4 352.9 355.6 357.2 357.7 357 354.9 353 352 350.5 348.3 344.6 339.5 336 331 326 321.7 316 310.9 306.6 303.7 300.5 296.3 292.4 290.2 287.3 286 283.8 286.1 290 297.1 304.1 309.3 312.1 313.3 313.3 312.3 308.3 287.7 271.8 260.4 249.1 237.9 230.5 228.6 228.9 229.5 223.9 210 209.9 210.3 217.4 227.3 237.1 253.7 268 280.5 289.8 294.9 300.8 303.8 307 310.5 314 317.2 318.5 320.9 322.6 324.4 326.3 328
348.4 347.8 348.2 349 349.1 348.8 346.2 349.4 354.4 356.3 357.1 356.5 354.8 352 348.7 345.7 343.2 339.5 334.8 329.3 323 318.6 314.7 310 305.6 300.3 295.3 290.2 285.8 281.6 278.1 275.7 270.1 266.5 261.4 266.2 273 283.8 294 301.5 305.4 305.7 303.2 300.7 285.8 261.1 245.1 232.7 220.6 208.4 208.8 213 215 217 212.4 209 209.4 209 218.9 229.2 244.7 263.3 280.5 294.4 301.6 306 310 313 315.7 318.6 322.4 324.8 327.8 329.7 331.6 332.6 335.8 336.9
344.3 342.6 343.2 343.9 344 342.5 344.3 351 354.5 355.9 356.1 355.3 353.1 350 345.6 339.2 335.7 330 324.2 318.2 309.7 303 298.9 294.7 291.3 286.8 281.8 275.8 268.8 263.9 261.5 257 250.3 241.8 237.2 244.8 253.7 265.6 278.4 288.2 294.5 296 291 273.5 255.1 236 223.8 209.2 203.5 209 206.8 205.7 207.5 207.7 207.7 208.5 208.9 211.3 222.1 236.3 253.7 273.9 291.7 300.5 306.6 312.6 316.4 319.7 322.5 326.1 329 332.5 334.1 336.5 337.6 340.7 342.7 344.7
340.7 339.3 338.5 339.2 338.4 337.2 344.6 349 352.2 354.1 354.3 353.5 351.5 348 343.6 336.6 329.2 322.3 316.7 310.2 301.3 292.9 283.3 279.4 277.7 274.6 267.7 268.8 266.1 265.6 264.9 262.8 262.1 261.1 259.1 246.4 235.5 245.2 259.4 271.1 279.7 282.9 273.6 249 230.3 215.4 204.4 204.1 213.5 222 226.1 213.6 206.6 204.9 204.5 207.9 209.5 218.9 231.3 246.3 264.2 284.8 297.1 304.6 310.9 316.2 320.7 324.8 328.1 331.3 333.4 336.5 338.3 340.2 343.2 346 348.2 350.8
338.9 336.2 335.1 334.7 333.2 336.8 342.2 346.1 349.3 351.4 352 351.3 349.3 345.5 340.2 333.4 326 318.8 311.2 304.2 294.4 293.4 295 293.5 289.3 286.7 287.3 287.3 284.6 282.4 280.7 278.6 277.5 277.2 275.2 267.2 248.9 229.2 236.3 250.6 259.6 266.1 253.1 229.9 210.9 201.6 210.5 224.2 236.2 240.6 239 234.5 225.7 223.3 220.8 220.2 223.9 234 245.3 259.6 278.1 295.4 302.9 309 314.9 319.9 324.3 327.5 330.8 333.5 336.1 338.9 341.2 343.4 345.9 348.9 352.2 353.9
340.3 337.2 334.2 331 331.2 336.5 340.3 343.9 346.3 348.2 348.9 348.6 346.8 343 336.9 329.9 323.1 316.8 310.2 302.1 299.4 303.7 305 304.9 305.3 303.7 301 298.6 297.3 296.4 295.1 293.8 290.1 286.8 283.3 276.4 263.8 243.7 223.5 226.5 233.6 242 238.5 207.8 201.3 206.7 225.8 243 256.2 261.1 257.2 253.6 251 247.2 243.2 242.4 245.2 252.1 263.7 278.2 294.9 302.3 307.2 312.1 317.4 321.5 325.3 328.5 331 334.4 337.3 340.1 342.6 344.7 347.8 350.9 353.4 355.5
340.9 338.3 335.3 331 328.1 334.6 338.4 341.7 343.9 345.5 346.3 346.2 344.1 339.6 333.6 327.6 322.3 316 309 303.9 305.6 308.8 310.5 312 312.1 311.4 309.8 308.9 307.5 304.8 303.6 302.1 299.6 294.9 289.8 283.7 274.4 259.7 239.5 220.3 212 215 207.8 202 203 217.3 239.6 255.4 268 270.7 267.5 263.5 262.1 262 263 262.6 267.5 274.1 284.7 294.2 300.9 305.4 308.9 313.2 317.5 321.3 324.5 328.3 331.5 334.5 337.6 340.7 343.6 346.1 349.3 351.8 354.1 355.7
340.9 338.4 335.7 331.1 325.7 331.1 336.5 339.4 341.6 343 343.4 342.9 341.4 337.2 330.9 326 321.6 314.7 308.6 309.7 311.8 314.6 316.4 319.1 319.4 318.1 317.8 316.6 314.3 312.2 309.7 308.3 305.6 302.6 297.1 291.1 285.2 274 257.4 241.5 227.8 211.5 200.7 201.8 203.5 215.6 233.3 250.3 261.5 269.1 269.7 268.8 268.6 270.2 272.4 275.1 280.1 285.7 291.6 296.4 301.1 305.8 309.9 313.1 316.3 319.5 322.4 326.5 330.4 334.1 337.1 340.2 343.5 346.5 349.3 351.3 353.4 355.6
340.1 337.6 334.7 330.5 324 328.4 334.5 337.4 339.3 340.5 340.5 340.1 338.3 334.7 330.7 325.4 320.8 316.9 313.4 316.2 318.9 323.2 325.8 326.5 325.9 325.8 325.4 324.7 323.5 322.9 322 318.7 316.2 311.8 306.6 300.7 292.9 285.2 274.6 260.3 241.7 217.1 201.8 201 201.9 204.8 215.8 232.1 249.2 259.8 268.3 270.9 273.1 273.9 276.2 279.5 283.1 288.1 292.5 296.3 299.6 303 307 310.1 312.8 316.5 320.3 324.8 328.7 332.4 336.4 339.7 343 345.9 348.5 350.5 352.4 354.2
338.4 335.9 332.8 328.3 321.8 327.8 332.8 334.8 336.9 338.3 338.9 339 337.5 335 330.7 327.4 324.9 321.6 319.7 320.9 324.7 329.3 330.4 331.6 333.2 334.2 335 335.5 335.6 336.3 334.6 331.3 325.9 320.9 314.5 307.9 301.2 292.6 283.4 270.2 241.5 212.9 199.6 200.6 200.2 201.6 205 217.2 232.5 245.6 259.4 266.9 270.9 273.8 277.7 280.1 283.8 286.4 290.4 294.3 296.5 299.3 302.7 305.7 308.6 313.9 318.1 322.8 327.2 331.2 335.2 338.4 341.2 344.1 347 349.1 350.9 352.3
335.9 333.7 330.8 324.5 320.1 327.5 331.1 332.9 334.9 336.4 337.5 338.5 338 336.6 334.3 331.4 329.1 327.7 324.1 325.1 328.3 332.5 336.6 339.6 340.2 342.9 343.3 344.6 344.5 342.8 340.6 337.3 332.8 328.1 322.6 316.2 308.5 301.1 291.2 273.9 242.6 216.3 200.5 200.3 199.4 199.5 201.5 204.4 214.9 228.2 243 257.2 265.2 269.5 274.2 277.9 280.1 281.9 284.3 287.9 290.4 291.9 295.5 300.3 305.1 310.2 315.4 320.4 324.8 328.5 332.2 335.4 338.3 341.9 344.9 347.2 348.8 350.2
332.5 330.4 327 319 320.4 326 328.6 330.3 332.7 334.7 336.6 337.6 338.4 338 337.5 335.9 333.5 331.5 329.7 329.6 332.4 336.5 341.5 345.8 348.6 350.3 350.5 350.1 349.5 347.3 344.8 341.7 338.1 333.4 328.3 323.3 317.1 309.3 300.1 280.5 251.4 230.8 206 199.5 198.9 198.5 199.7 201.1 204.1 211.2 222.7 237.4 254.6 264 268.7 271.9 275.2 277.2 278 279.8 282.5 285.7 290.6 296.2 301.4 306.5 311.9 317 321.7 325.5 329 332.4 335.2 338.4 341.9 344.3 345.7 346.9
328.3 326.7 322.4 313.9 319.6 323.5 325.7 327.7 331 333.7 335.8 337 337.8 339.2 339.6 338.5 336.9 335.4 334.5 334.6 336.2 340.1 344.4 349.6 352 353.6 354.5 354.6 353.2 351.3 348.7 345.6 342.2 338.5 333.9 330.1 325.4 317.8 309 297.4 271.8 248 225.7 208.9 198.7 198.5 197.7 198.5 198.4 200.9 208.7 219.7 238.5 254.3 260.6 265.5 269 271.1 273.5 274 275.7 279.5 286.6 292.2 297.3 303.2 308.6 313.3 317.3 321.2 325.7 328.8 331.6 334.2 337.8 340.1 341.9 343.2
324.8 323.3 318.6 309.9 317.1 320.5 322.7 326 329.2 332 334.7 336.8 338.2 339.4 340.8 340.9 340.9 339.3 338.6 338.9 340.5 344.2 347.6 351.1 353.7 355.7 356.3 356.4 355.6 353.9 351.9 349.1 346.1 343.2 339.8 335.5 330.7 325.1 317.9 308.7 292.6 269.2 243.2 224.7 212.4 197.1 197.2 197.8 197.6 197.6 197.6 206.6 224.5 243 253.9 259.3 263.9 266.4 267.9 268.6 268.4 271.9 280 288 294.2 300.4 305.5 309.6 313.6 316.7 319.8 323.2 326 327.8 330.1 333 336.1 338.4
321.4 320.1 315.7 304.2 314.1 317.7 320.7 324.3 327.5 330.5 333.5 335.6 337.8 339.6 341.1 341.6 341.9 342 342.3 343.3 344.9 347.5 350 352.7 355.1 356.4 356.9 356.7 356.4 354.7 352.3 350.6 347.9 344.6 341.8 338.2 333.7 328 320.9 313.2 303 285.8 261.1 239 222.3 212.4 205.7 198 197.1 196.9 196.7 197 211.1 225.9 241.9 250.5 255.5 255.1 254.8 255.8 259.5 265.5 273.8 282.6 290.5 297.4 302.4 306.4 310 311.8 313.1 314.9 318.1 320.6 323.6 326 329.2 332.1
