Assets/StreamingAssets/GeoData/Data/ss/SS84.asc
ncols 200
nrows 200
xllcorner 280000
yllcorner 140000
cellsize 50
[rows 105 to 139 of 200, columns 78 to 155 of 200]
365.4 368.2 376.5 382.8 386.7 391.4 396.1 399.6 402.3 404.7 407.4 410 412.6 414.7 418.4 421.4 425.2 428.4 430.7 432.9 435.1 436.9 438.9 440.1 441.1 440.9 440.8 439.2 437.4 434.9 430.6 425.8 413.1 415.7 411.9 407.5 402.6 396.4 388.5 382.6 376.1 368.7 360.9 353.9 346.7 339.8 333.4 321.3 303.2 281.2 259 244.5 260.7 271.9 267.2 271.4 271.3 275.2 277.6 276.7 274.3 265.6 258.5 270.2 265.6 248.8 226.3 222.9 221.2 218.5 216.9 216 216.9 223.6 236.5 253.5 269.5 282
367.9 368.1 377.5 384.1 389.8 394.4 397.9 400.4 403 405.4 407.1 409.2 411 413.5 417.2 421 423.9 425.6 428.3 430.9 433.7 436.8 438.9 440.5 441.8 442.2 442.2 441.1 439.9 438 434.5 430.3 426.2 423.2 420.5 416.1 409.8 403 395.9 388.7 382.5 374.9 366.3 358.2 350.2 341.9 332.6 316.8 295.5 273.8 248 253.4 274 275.6 279.2 280.7 279.9 280.1 283.7 283.7 281.2 260.2 278 281.1 279.6 270.1 254.9 239.1 234.6 238 242.3 237.8 223.4 216 211.8 227.9 248.3 266.9
377 375.3 373 381.5 389.4 394.7 398.7 401.4 403.5 404.6 404.5 405.5 407.6 410.8 412.9 417.1 420.5 422.9 425.2 428.9 432.5 436.2 438.8 440.8 442.4 443 443.6 443.2 441.8 440.3 437.2 433.9 430.5 427.7 424.4 420.7 415 408.7 401 394.4 388.3 380.5 370.9 361.3 351 340.4 327.3 306 288.3 265.7 247.7 265.8 280.9 285.7 290.1 288.1 288.3 290 291.8 291.8 287.7 275.5 286.5 289.5 290 289.5 283.3 275.1 270 271.4 270.5 265 255.2 243.2 229.9 209.5 224.1 244.9
382.5 385.8 385.1 377.7 386.7 392.4 397 400.2 401.8 401.1 401 403.7 406.4 408.7 409.9 413.9 415.9 418.3 421.6 425.9 431.5 435.2 437.6 440 442.5 443.4 444 443.8 442.6 441.1 438.7 435.8 432.9 430.1 426.8 422.5 417.6 411.4 403.9 397.1 391.5 383 373.6 362.4 350.5 340.3 324.6 301.9 282.3 261.7 249.9 275.3 289.7 295.2 297.1 296.8 297.9 299.8 301.7 302.5 296.3 282.4 293.7 297.1 298.2 299.1 298.3 296.4 293.2 289.4 286.4 280.5 273.8 266.4 251.5 230.9 205.4 220.6
386.9 390.3 394.3 394.5 389.4 384.4 394 398.1 399.1 398.9 402.9 406.9 410.6 414.3 417.2 419.4 422.7 425.8 426.1 426.8 428.4 431.9 436.6 439.9 442 443.4 444 443.9 442.8 441.8 439.8 437.2 434.4 431 427.8 423.4 418.7 412.4 405.8 399.2 393 383.4 373.6 360.3 350.5 338.4 319 295.1 277.8 257.9 258.9 283.6 297.1 302.8 305.2 307.5 309.3 311 312.9 310.6 304.3 291.2 297.6 303.4 306.4 306.8 305.1 302.6 299.7 295.3 289.7 283.1 276.5 268.1 252.7 227.9 208.3 206.7
386.8 395.9 399.1 399.7 398.4 396 389.5 394.9 396.1 402.5 407.3 410.4 413.5 417.6 420.9 424.1 426.2 429 431.3 433.1 434 434.3 434.9 438.6 441.7 443.5 444.3 444.5 443.4 442.2 440.5 437.9 434.6 431.2 427.6 423 418.3 413.1 407.1 400.4 392.7 382.7 371 358.6 348.6 332.3 311.3 289.3 271.9 253.7 260.9 289.3 304.7 309.4 312.7 316.3 319.2 320.8 320.6 318 311.8 299.7 304.9 309.7 311.2 311.8 310.1 307.2 302.9 297.8 291 283.9 275.6 262 240.3 245.6 225.4 203.4
385 396.3 400.6 402.2 402 401 398.7 394.7 401 405.5 409 412.8 415.3 420.1 423.7 426.9 429.6 432.2 434.5 436.2 437.9 439.2 439.2 440.4 442.2 443.4 444.4 444.8 444.3 443.1 441.1 438.4 434.8 431.3 427 422.2 417 412.8 406.5 400.2 390.9 381.1 366.8 357.8 347.5 331 306.7 286.3 268.5 255.8 265.5 295.1 308.9 316.3 321.9 325.4 327.9 329.3 328.4 325.1 317.6 310.4 313.9 315.6 315.8 315.6 313.8 310.7 305.5 298.5 291 277.7 263.1 250.8 261.3 262 240.8 224.4
384.7 394.1 400.2 403.1 403.6 403.7 402.3 399.1 400.1 406.1 410.3 414.3 417.9 422.1 425.8 429.3 432 434.9 437.4 439.3 441.1 441.7 441.9 442.7 443.6 444.8 445.8 445.8 445.3 444.1 441.9 438.5 434.9 431 426.2 421 415.8 411.3 405.5 398.2 388.1 374.8 366.4 357.7 348.5 333.4 308.4 285.5 263.1 254.4 271.8 300.1 314.9 323.8 328.5 332 334.1 334.6 333.1 329.7 324.5 321.5 321.2 321.6 321 319.2 316.8 312.7 306.7 298.9 286.8 269.7 277 278.6 278.5 275.2 260 251.6
385.9 391.8 399.1 402.5 404.6 405.3 405.2 404.7 404.4 404.1 411.3 415.5 419.4 423.8 427.6 431.2 434.2 437.2 440 442.2 443.7 444.7 445.1 445.5 445.7 446.5 447 447.3 446.4 444.6 442.1 438.5 434.9 430.1 424.5 418.8 413.2 408.6 401.6 393.7 383.5 371.1 364.5 357.8 349.5 332.8 309.1 286.2 255.8 256.2 277.3 303.8 319.4 327.7 333.2 336.6 338.8 339 337.5 334.3 331.4 329.6 327.9 326.3 325.4 323.1 318.8 311.2 306.1 295.7 279.4 291 293.2 292.7 290.4 286.8 283.5 280.1
379.7 390.4 397.9 402.4 405 406.6 407.7 408.3 409.2 407.4 411.5 416.9 421.3 425.2 429.1 433.2 436.6 439.6 442.6 444.4 445.6 446.9 447.8 448.2 448.1 448 448.3 448.6 447.6 445.2 442.4 438.6 434 428.1 421.6 415.1 409.1 403.5 396.3 386.9 377.4 368.9 362.4 356.1 349.2 334.5 311.7 286.5 257 259.9 282.3 304.9 323.3 334.4 338 341.3 342.9 342.9 342.1 339.3 337.1 335.3 333.5 331 329.1 325.9 320.8 312.9 304 297.8 301.1 303.5 304.5 302.9 299.7 296.3 293.3 290.6
372.2 388.1 396.5 402.7 405.8 407.3 409.2 411 412 412 412.6 417.6 422 426.3 430.6 434.7 438.8 441.7 444.3 446.1 447.8 449 450 450.6 450.6 450.5 450.4 450.3 448.8 445.5 442.6 438.2 432.5 424.1 417.4 410.2 403.1 395.6 389.3 381.9 371.6 365.6 360.1 354.6 347.5 336.2 315.2 286.9 258.4 264.8 287.1 309.4 329.6 337.8 342.4 345.1 346.8 346.7 345.7 344.3 342.2 340.1 337.6 335.3 331.7 328.2 324.3 319.7 312.3 313.2 314.1 313.9 312.6 310.1 306.5 303 299.1 295.8
373.5 383.5 396.2 403.1 406.5 408.7 410.9 413.2 415.1 415.8 416 418.4 423 428 432.2 436.2 440.1 443.5 445.9 447.7 449.5 451.1 452.1 452.7 452.7 452.7 452.7 452.1 450.1 447.5 443.3 437.2 430.3 417.1 403.6 400.7 393.8 385.2 379.1 371.4 366.2 361 354.6 350.7 344.8 335.3 316.3 290.7 261.6 269.1 293.5 315.2 332.1 338.9 344.6 348.3 349.8 349.9 349.1 348.3 346.7 344.5 341.6 338.2 334.9 332.5 329.3 326.3 323.9 324 323.8 322.2 319.5 315.7 311.6 307.1 301.7 297.1
379.9 377.9 395 402.5 406.7 409.8 412.6 414.9 417.3 419.1 420.1 421.2 423.7 428.8 433.3 437.5 441.4 444.5 447.3 449.7 451.3 453 454.3 454.9 454.9 454.8 454.8 453.3 451.3 448.4 444.3 438.5 430.3 422 402.4 378.7 369.1 360.2 355.6 355.7 356.2 352.1 347.3 344.6 340.6 332.3 313.8 289.4 263.3 265.1 291.8 315.8 332.1 340.6 346.3 349.7 351.8 352.5 352.4 352.1 351.1 348.4 345.8 342.9 339.8 337.7 335.8 333.7 332.5 331.4 329.5 326.4 322.4 318.1 313.4 308.3 303.2 297.4
378.2 377.2 391.5 401.1 406.3 410.2 413.2 416.5 419.3 421.3 423.5 425 427.3 429.7 434 438.6 442.1 445.4 448.3 451.1 453.4 455 456.2 457 456.9 456.8 456.3 454.7 452.4 449 444.7 438.1 430.9 424.3 414.5 396.6 383.3 374.4 361.9 339.1 337.9 335.9 335.4 335.3 333.4 326.1 307.4 284.7 265.7 263.5 282.3 307.9 330.5 342 347.1 350.2 353.3 354.6 354.5 355.1 354.2 352.8 350.4 349 346.7 343.8 341.6 340.9 339 335.6 332.1 328 323.3 318.9 313.5 307.7 302.4 296.6
389.2 385.7 381.3 396.9 405.4 409.8 414.3 417.9 420.9 423.6 425.9 427.5 430.6 433.2 436.1 439.9 443.4 446.9 449.9 452.5 455.1 456.8 458 458.7 458.8 458.6 457.7 455.7 452.7 448.9 444.5 437.7 431.5 425.4 416.5 406.6 396.6 386.6 374.4 357.7 337.7 321.6 317.9 323.7 323.9 317 298 277.5 268.6 266.2 275.4 300.1 327.7 341.8 346.8 350.5 353.8 355.7 357.1 357.7 357.7 356.7 356.1 354.3 352.1 349.7 347.1 344.8 342 337.8 332.7 327.9 322.5 317.3 310.6 306 300.1 292.6
396.1 397.5 384.4 383.5 402.5 410.3 415.1 419.1 422.5 425.4 427.8 429.6 433.1 435.2 438.3 441.8 445.3 448.8 451.7 454.2 456.6 457.9 459.1 459.7 459.9 459.7 458.4 456 452.6 448.1 442.7 437 430.7 424.2 415.8 406 395.1 385 373.4 359.6 348.3 337.1 314.8 312.1 307.3 299.4 286.8 278.7 271.9 279.1 271.9 299.2 321 338.8 345.1 349.2 352.1 355 357.2 358.8 360.1 360.5 360.4 359.7 358.2 354.6 350.5 346.6 342.4 338 332.6 327.2 321.2 313.4 307.2 302.1 294.2 283.3
401.4 403.2 402.3 392.5 395.3 410 415.3 419.4 423 426 428.8 431.9 435 437.5 440.9 444.2 447.4 450.4 453.4 455.9 457.9 458.9 459.8 460.7 460.8 460.4 458.7 455.8 451.5 446.3 441.6 436 428.8 421.2 413.4 403.7 393.4 380.3 365.3 349.8 341.2 329.5 312.6 303.3 300.4 294 284 276.6 274.3 274.6 270 297.3 319.5 338.2 343.1 346.1 349.3 352.7 355.9 359.3 361.6 363.7 364.1 362.7 360.4 357 352.5 347.1 342.4 336.9 331 324.2 317.1 308.7 302.9 296.2 285.4 270.6
405.6 406.2 405.7 399.5 392.8 408.5 415.2 419.3 423.5 426.7 430.2 433.9 436.8 439.5 442.9 445.8 448.9 452 455 457.2 459.1 460 460.8 461.7 461.7 460.6 458 454.7 450.8 445.8 440.5 434.5 427.3 419.2 410.2 399.9 388.7 365.8 347.6 337.1 325.4 309.3 300 293 291.2 291.4 296.5 299.9 287 275.3 270.2 290.5 316.4 334.6 339.3 341.6 345.1 351.1 356.6 360.7 363.9 366.6 366.9 365.2 361.9 357.6 352.1 345.8 338.9 333.7 326.9 318.4 311 304.5 297.5 287.8 272.3 255.3
409 409.3 408.4 401.4 393.7 406.4 414.1 418.7 423 427.6 431.5 435.2 438.5 441.5 443.9 447 450.1 453.2 456.3 458.5 460.4 461.2 461.9 462.5 461 459.2 457 453.6 449.8 444.7 438.8 432.5 424.7 415.6 406.1 394.6 378.2 354.1 336.1 317.1 314.7 320.8 322.7 324.7 323.6 322.1 325.8 321.5 305.8 285 271.8 285.5 307.9 329.5 331.7 335.7 344.4 351.3 357.8 362.9 366.7 369.3 369.1 366.4 362.3 357.3 351.4 344.8 336.8 327.8 318 309.9 304.6 296.8 286.6 274.7 255.3 238.1
411.7 411.6 410.4 402.8 393.9 404.9 410.9 416.9 422.1 426.9 432.2 435.8 439.3 442.1 445.1 448.3 451.5 454.6 457.6 459.5 461.3 462.2 462.9 462.5 461 458 455.8 452.5 448.7 444.1 437.5 430.9 422.7 413 401.1 381.8 365.6 346.8 327.1 335.2 342 346.1 347.3 346.4 344.3 343 340.1 335.2 320.3 297.7 278.3 279.6 302.9 320.7 324.2 338.5 347 355.4 360.5 366.1 369.3 369.9 369 366.2 361.8 355.9 349.9 343.2 332.7 322.6 310.7 305.7 297.4 285.1 272.7 254.7 236.8 218.4
414.3 413.6 410.9 400.8 394.4 402.2 410.8 417.7 422.7 428.4 433.3 437.2 440.6 443.9 447 450.1 453.1 456.3 458.4 460.2 462 462.9 462.8 462 459.9 457.2 454.2 450.7 447.4 441.9 435.1 428.1 420.3 410.3 389.6 378.3 360.6 339.8 342.5 353.8 356.4 356.4 355.7 354.5 352.4 349.8 346.4 340.6 330.3 308.1 285.4 273.7 291 304.7 329.8 342.8 352.8 359.5 364.8 368.9 370.1 370.2 367.9 364.6 359.5 353.8 348.4 341.2 327.7 316.4 302 296.1 282 269.4 250.1 232.9 213.4 212.6
416.6 414.5 409.1 397.6 398.8 398.6 409.3 416.3 423.7 429.9 434.4 439.2 442.6 445.9 449 452.1 455.3 457.8 459.3 460.9 462.7 462.9 462.1 460.6 458.7 455.2 451.7 448.3 444.4 438.8 432.2 425.5 417.8 409 394.8 372.3 353.9 354 362.5 363.4 363.3 362.7 361.4 360.5 358.6 355.2 350.7 344.5 331.8 309 285.4 281.6 304.8 324.4 336.3 349.7 357 363.1 367 370.1 370.4 369.1 366.6 362.4 356.4 351.2 346 336.2 323.2 309.4 295.3 283.1 273.2 257.3 229.4 218.2 222.2 234.7
418.2 415.2 411.9 398.7 404.1 408.4 405.1 413.8 424.2 430.9 435.9 440.2 444.7 448 451.1 454.4 457.2 459.1 460.6 462.2 462.5 461.7 460.5 458.6 455.4 452.2 449.1 445.3 440.6 435.3 428.6 421.7 414.7 406.5 395.7 384.8 376 371.6 369.9 368.7 368.3 367.2 365.4 363.4 360.7 356.8 351.5 342.7 327.9 305.3 280.2 288.1 309.7 325.3 341.3 352.3 360.2 365.1 368.7 370.5 370.2 368.2 364.5 359.5 353.3 347.3 342.3 331.8 318.3 303.6 285.9 272.9 261.6 237.4 223.6 242.1 253.8 264.4
420 417.6 411.6 401 410.7 414 415.5 408.8 422.4 431.6 437.7 442.8 447.4 450.7 453.7 456.7 458.6 460.4 461.3 461.7 461.6 460.2 458.6 455.8 452.4 448.9 446.1 441.8 436.8 430.7 425.1 417.9 411.1 403.4 394.1 386.2 380.3 375.8 372.6 371.3 370 368.1 365.7 362.8 359.7 355 348.4 336.1 318.7 298.6 280.5 304.5 326.6 339.6 345.8 353.3 362.7 366.9 369.9 371 368.8 366.4 361.9 356.7 350.2 343 337.1 326.9 311.4 295.8 279.9 265.3 239.3 227.9 244.5 264.7 278.9 286.2
421.9 417.7 408.2 408.3 414.4 417.5 419.8 419 422.5 432.7 439 443.8 449.2 452.5 455.5 458.1 460 461.2 461.2 461.1 460.2 458.4 455.5 452.3 449.4 446.1 442.1 437.2 431.7 425.8 420.2 413.8 406.7 397.7 391.8 385.9 380.7 375.6 372.8 370.2 368.3 365.7 361.6 355.1 352.7 348.7 340.3 323.9 304 283.8 302 323.7 340.4 350.5 356.3 361.2 365 369.1 371.5 371.5 369.2 365.1 360.2 353.5 346.1 337.8 328.8 319.6 297.8 286.8 269.3 247.6 231.5 255.1 271.5 286.4 294.6 298
422.2 414.1 407.9 406.3 417.2 421.3 423.9 425.3 419 431.8 439.7 445.8 450.1 453.9 457 459.4 461 462.1 462.2 461.5 460.1 456.7 452.6 449.2 444.6 439.6 435.2 430.7 426.5 420.6 414.8 408.4 400.6 394.2 388.4 382.6 377.8 373 370.4 367.6 364.8 360.8 354.9 348.5 343.7 336.9 325.2 308.3 287.3 287.5 317.8 335.9 350.5 357 362.5 366.3 369.4 371.5 372.3 372.1 369.3 364.6 359 352.3 343.3 333.4 323.2 307.3 287 271.5 248.6 245.2 259.6 279.4 293.4 300.1 304.3 306
420.8 415.3 418.4 414.8 418.9 424.6 427.5 430.5 431.4 426.7 437.9 445.1 450.7 454.6 458 460.4 461.9 463 462.3 461 459 456.1 452.7 448.2 439.6 428.9 415.4 421.2 419.9 414.6 407.5 401.6 394.5 388.2 383.2 377.3 373.1 368.8 365.3 361.6 358.2 352.8 346.9 334.5 326.3 317.3 303.8 288.8 294.3 309.2 321 345.6 356.2 362.8 368.1 371.1 373.6 374.3 373.6 372.3 369.2 363.6 357.5 350.7 339.7 329.7 314.8 296.7 274.5 255.1 248.2 266.1 284.9 297.3 304.2 307.9 311.4 314.1
420.8 422.4 423 414.5 422.7 428 431.9 435.2 437.4 437.5 430.6 444 450.7 455 459 461.3 462.9 463 462 460.5 458 455.4 452.8 449.8 445.7 439.7 431.2 408.1 406.8 405.2 399.3 391 380.8 375.2 368.9 363.9 361.2 357.5 355.3 352.6 348 339.5 328.8 316.2 301.7 301.7 299.3 292.7 315.2 331.6 347.9 356.2 363.8 368.1 372.8 375.5 376.8 376.5 375.7 372.6 369 363.3 357.1 346.9 336.7 323.9 307.9 293.6 272.1 246.7 263.2 281.3 297.2 305.7 311.2 315.5 318.9 320.4
425.7 427.4 426.2 418.3 426 431.7 435.5 439.2 441.6 444 443.5 440 450.9 456 459.6 462 463 463.1 461.6 459.6 457.2 454.3 451.4 448.5 444.9 439.5 433 420.6 397.8 385.4 378.4 369.8 365.5 367.1 362.7 351.3 334.9 336.6 331.1 329.6 326.7 319.4 304.7 301.7 301.7 301.7 304.4 317.2 334.7 350.4 359 364.8 370.2 374.4 377.4 379.2 379.8 378.6 377 373.3 368.6 362.6 354.8 344.6 332.4 313.2 301.7 284 262.2 253.1 268 288 303.1 311.6 317.9 321.4 324.8 328.5
432 432.1 431.4 422.5 428.9 434.9 439 442.5 445.4 447.7 449 445.6 451 456.4 459.9 462.3 463 462.7 460.7 458.5 455.7 452.2 449.8 446.3 442.7 438.6 432.8 425.9 416.3 402.6 396.1 394.4 391.7 387.5 381.7 364 337.4 319.5 316.7 310.3 305.3 301.7 301.7 301.7 306.5 313.3 325.5 339.4 352 360.8 366 371.4 375.9 379 380.5 381.3 382.3 380.4 378.2 373.8 367.7 361.3 354 343.5 331.5 318.5 306.9 291.4 268.9 258.7 281.7 295 305.9 316.9 322.9 327.1 332.7 339.6
436.8 436.7 435.2 426.9 432.7 437.1 441.4 445.5 448.2 450.6 452.3 451.2 451.8 456.6 460 462.1 462.8 462 459.7 457.4 454.1 451.1 447.5 443.9 440.5 435.8 430.4 424.3 418.4 412 405.8 401.9 397.6 392 385 376.4 358.5 337.1 315.4 301.7 301.7 301.7 303.6 314 326.5 336.4 344.8 353.4 361.6 366.9 372.8 377.5 380.3 382.5 384.1 384.3 384.2 382.4 378.8 374.4 368.4 361.3 353.2 343.3 333.5 323.9 312.5 288.3 261.5 279.3 296.2 306.1 312.5 319.4 328 334.1 340.9 346.3
441.4 441.6 438.6 430.4 434.9 440 444.1 447.4 450.6 453 454.9 455.2 453.1 456.7 460 461.8 462.5 461.6 459.5 456.1 452.6 449.2 445.1 441 436.7 431.8 426.7 421.5 416.1 411.7 407.4 402.6 398.4 393 385.9 377.9 363.1 337.8 315.1 301.7 301.7 310.5 322.8 335.4 346.2 352.6 356.5 362.9 366.7 372.7 377 381.1 384 386.2 387.5 387.7 385.9 382.9 378.9 374.6 368.1 361.6 353.1 343.2 333.6 321.2 303.8 278.4 272.8 291 305.7 314.3 321.6 326.6 332 339.3 346.3 350.9
444.6 444 441.7 435.4 438.2 442.4 445.8 448.9 452.3 455.2 457 457 457.3 457.2 460 461.1 461.4 461.2 458.5 454.9 451.1 446.7 442.5 437.7 432.8 427.4 422.2 417.4 411.6 408.4 404.5 401.2 397.4 391.4 384.9 377.1 354.9 329.8 304.2 304.2 315.7 334.2 345 353.8 359.1 362.3 365.5 368.9 372.1 377.6 381.3 384.8 387.3 389.5 390 389.7 386.9 383 378.4 372.8 367.6 361 351.9 341.3 331.6 314 291.5 271.2 273.8 296.3 315.9 324.5 329.9 335.9 339.4 345 350.3 355
446.2 447.1 445 440.3 443 445.2 448.8 452.1 455.6 458.2 459.5 460.3 460.8 460.8 459.8 461 461.2 459.8 456.8 452.8 449 444.4 438.9 433.2 428.2 423.6 417.5 411.5 406.8 404.1 401.3 398.7 393.4 389 384 371.7 343.6 318.6 307.2 315.3 335.8 351.7 360.2 363.9 366.1 368.6 371.6 374.1 377.5 381.8 385.1 387.8 390.2 391.9 392.4 390.9 387.3 383.3 377.8 371.3 366.4 358.8 346.9 335.9 323.2 303.4 281.1 277.4 296.2 313.9 327.8 334.7 339.6 343.4 347.6 349.8 355.3 359.6
447.5 447.6 447 444.4 447.4 449.6 452.3 455.6 458.6 460.6 462.3 463.5 463.4 462.6 460.3 459.8 459 457 453.6 449.3 445.4 441 435.5 430 424 417 410.6 401.8 398.2 398.5 396.8 394.3 390.1 386.3 380.5 366.2 338.2 309.8 310.5 327.1 348.5 360.2 363.7 368.1 371 373.6 375.8 379.6 382.8 385.6 388.4 391 392.7 394.4 393.7 391.1 387.5 383.3 376.9 370.5 363.6 356 337.8 314.7 306.6 286.6 283.6 298.9 315.7 328.6 337.5 343.3 348 352.5 355.1 358 361.3 363.4
