Assets/StreamingAssets/GeoData/Data/ss/SS88.asc
ncols 200
nrows 200
xllcorner 280000
yllcorner 180000
cellsize 50
[rows 37 to 73 of 200, columns 0 to 82 of 200]
201.9 211.1 214.5 211.5 201.3 187.6 201.3 227.6 236.4 243.8 249.7 255.5 261 266.1 269.7 271.8 273.2 274.7 274.8 272.9 267.1 252.8 240.2 229 218.6 207.2 193 176.7 168.9 197.7 216.9 230 234.7 237.1 241.4 242.8 242.2 258 271.1 279.8 286.5 291.1 296 299.6 301.2 301.9 300.9 299.1 293.9 283.6 256.5 239.8 251.2 256.8 257.6 277.6 292.2 300.3 305.1 308.2 309.4 310 310.6 311 310.5 310.5 309.4 306.1 295.8 304.3 306.6 307.2 306.5 304.5 301.8 298.2 292.8 287.4 280.8 275 265.9 258 251.6
186.6 193.7 192.1 187.1 175.7 185.2 211.1 229.3 235.3 242.8 248.9 253.5 258.5 263 266.2 268.1 268.2 266.5 263.8 259.6 252.1 242.8 234.5 225.8 216.5 201.8 182.2 163.5 171 196.2 209.9 216.8 216.4 216.5 221.1 227.9 248.5 262.9 271.7 279 284.7 288 290.8 294.6 296.1 297.2 296.5 294.8 291.3 285.2 266.3 237.8 222.6 229 253 276.3 288.2 294.2 297.9 301.3 303.2 303.1 304 304.2 305.9 306.7 306.8 305.8 294.8 299.8 304.1 305.9 305.3 303.5 301.2 298 293.3 287.9 282 276.2 267.5 262.9 258.6
163.7 166.2 160.9 155.8 171.5 198.3 218.4 228 233.7 241.8 247.9 252.5 256.6 260.6 263.7 264.8 264.9 263.1 260.5 255.6 248.3 240.9 233.3 224.1 209.8 193.1 176.7 152 171.7 187.6 192.4 191.2 193.2 202.2 221 238.7 255.9 264.9 272.1 277.8 283.5 286.3 287.7 289.9 290.4 291.3 291.1 289.8 285.4 278 256.8 235.6 218.8 219.5 245.3 272.5 284.1 288.2 290.1 291.9 293.2 293.6 292.2 297.6 299.9 302 303.4 303 293 296.8 302.7 304.5 303.9 302.5 300.2 297.7 293.5 289.4 284.3 278.5 272.2 267.7 263.3
138.7 136.5 151 168.2 190.4 210.1 220.4 227.1 232.4 240.5 246.8 251.5 255 258.6 261.4 262.7 262.5 260.6 257.8 253.7 248.6 241.1 233 219 205.8 191.8 168.2 142.9 160.5 163.5 177.1 190.6 200.8 215.2 233.2 249 258.7 267.3 272.7 277.9 282.6 285.1 286.3 285.9 285.3 284.8 283.9 281.9 278.3 267.6 249.5 234.2 211.5 211.4 238.5 267.2 279.3 281.8 282.1 283.7 284.7 285.5 290.5 291.3 294 297.5 299.6 299.4 289.9 297.1 301.7 303.2 303 301.7 299.9 297.6 293.8 290.2 286.4 281 276.4 271.8 267.3
130.9 152.8 175.7 194.1 209.2 216.6 222.5 227.4 233.2 239.4 245.4 249.5 253.1 256.5 258.9 260.1 259.8 257.7 254.4 251 245.2 237.2 227.7 217.7 208.3 191.5 166.8 140.5 147.9 170 190 202.7 212.8 223.4 241.6 253.4 262.9 268.9 273.3 277.2 280.7 282.6 282.3 281.1 280.1 278.2 276.4 273.2 268.9 255.3 243 223.8 203.4 207.7 235.1 259.3 270.9 274.4 272.3 272.9 272.2 273.8 278.7 283.8 290.8 295.1 296.6 295.4 284.8 295.6 300.8 302.5 302.6 300.8 299.1 297.6 294.8 291.3 287.4 283.8 279 274.8 271
156.3 170.3 199.3 209.2 214.5 218.6 224.1 228.7 233.5 238.2 242.9 246.9 250.7 253.7 256 257.6 257 254.3 250.8 247.6 242.7 235.2 227.6 217.9 205.2 190.2 163.6 138.5 152.9 182.8 201.5 213.2 221.8 231.6 243.4 255.4 264.1 268.4 271.5 274.3 276.5 276.7 275.4 274.3 272.4 271 269.1 266.2 260.9 249.1 235.7 214.3 193.2 206.5 231.2 250.7 256.4 256.3 255.3 261.9 269.4 272.9 280 285.2 290.9 293.6 293.9 292.2 280.9 294.4 299.4 301.7 301.8 300.2 298.7 297.1 294.6 292 288.1 284.5 281.1 277.1 273.3
175.6 190.6 205.8 212.5 217.2 221.1 225.9 229.7 233.2 236.5 240.1 243.4 247.6 250.8 252.8 254.5 253.7 251.3 248.2 242.1 233.2 226.2 217.3 206.8 194.9 179.4 157.3 132.2 153.1 185.1 207.3 217.8 225.5 232.8 240 248.4 258.2 263.9 267.1 269.9 271.1 270.9 268.5 265.2 261.1 258.3 256.4 252.3 245.9 235.1 223.1 204.3 180.3 205.2 223.1 230.8 232.8 238.4 261.2 273.5 276.2 278.2 284.1 287.4 291.4 292.8 292.9 289.5 277.1 292.9 298.1 300.6 301.4 300.1 298.5 296.8 294.4 291.6 288.7 285.1 281.7 278.1 274.9
196.8 200.6 207.6 214.9 219.5 223.4 226.7 229.7 232 233.4 236.5 239.5 244.1 247.4 248.9 250.2 249.4 246.4 241 228.3 216.9 206.4 196.8 187.1 175.3 157.7 135.8 133.9 159.1 186.7 210.4 220.1 226.3 231.2 235.5 240.7 245.1 250.5 255.8 259.7 260.4 258.9 256.2 251.6 245.4 241.7 239.2 234.9 227.2 216.4 202.7 188.2 179.3 192.4 200.8 212.4 233.3 256.5 270.5 279 281.8 281.4 286.1 290 292.1 292.7 292.3 289.1 273.9 290.6 296.4 298.8 300 299.8 298.1 296.6 294.2 291.3 288.5 285.8 282.7 280.6 277.7
202.7 203.5 209.1 216.3 220.3 223.8 226.8 228.9 230.4 231.8 233.2 235.9 239.8 243.7 245.4 245.9 243.9 238.9 222.6 206.9 193.6 182.8 171.4 162 147.7 136.7 123.4 146.7 172.4 198.4 214.2 221.8 226 227.3 230.4 233.5 234.3 237.3 238.6 242.4 241.8 239.4 236.4 229.4 223.6 221.4 218.6 212.7 207.8 194.3 182.6 169.9 180.4 200.9 217.9 232.8 248.1 267.8 276.4 281.8 285.9 286.9 287.9 291.8 293.7 293.1 291.5 289.4 270.7 286.5 293.4 296.6 297.8 298.5 297.9 296.3 294 291.1 288.4 286.2 284.1 281.8 279.2
207.2 207.7 209.8 215.6 219.8 222.7 224.7 226.2 227.6 228.6 229.7 231.5 234.9 238.3 240.6 239.6 235.9 222.7 204.8 190.5 173.9 156.9 146.3 137.7 125.5 120 140.8 164.2 189.6 207.9 218 222.8 222.8 222 222.6 220.6 219.7 220.4 219.5 216.9 214.4 211.3 209.1 206.1 200.4 199.5 199 193 186.9 179.2 169.6 169.3 188.5 218.9 233.6 243.1 258.4 269.7 277.9 283.7 287.7 290 291.3 293.2 294.5 294.2 292.5 287.5 268.7 280 290.4 293.3 295.1 295.8 296.1 295.8 293.8 291.2 288.7 286.1 283.9 282.4 280.6
210.6 211 211.6 214.6 218 220.6 221.8 223.4 224.5 225.4 226.6 227.7 230.6 233.1 233.8 231.7 226.8 209.6 190.9 171.3 148.9 137.1 123.6 113.9 116.9 141.4 161.9 185 204 213.7 220.5 220.3 216.6 212.7 211 207 204.1 201.9 198.7 193.6 187.8 188.5 183 179 175.9 172.4 172.5 170 167.7 164.5 160.3 175.6 195.7 218.7 231.7 244.4 256.2 269.1 277.7 284.6 288.7 292.1 294.1 295.8 296.3 295.4 292.9 285.3 268.9 271.1 285.1 288.9 291 292.1 292.8 292.8 292.1 290.8 288.4 285.9 283.8 282.2 280.4
213.5 213.1 212.7 214.8 216.2 217.3 217.9 218.8 219.1 220.6 222.6 223.9 226.2 227.5 226.5 224.4 216.9 198.2 174.9 154 137.3 116.7 104.4 119.8 138 154.4 178.6 202.2 211.9 217.7 218.9 211.5 205 199.3 195.2 187.9 181.4 174.4 173.6 167.9 163.2 158.8 154.1 149.9 148 146.7 147.7 146.8 155 165.7 178.8 188.8 209.7 230.5 239.3 248.3 256.8 271.4 277.9 284.4 290.2 294.2 296.9 298.1 297.7 296.2 292.9 283.7 272.4 258.7 269.3 274.9 279.1 282 282.4 283.4 286.2 286.8 285.9 285.2 283.6 281.8 280
215.4 214.2 213.8 212.2 212.5 213.3 213.3 213.5 213.6 214.2 216.6 218.3 218.7 220.2 218.8 214.4 199.4 181.9 159.2 137.2 116 99.2 112.6 131.9 150.6 170.6 194 210.7 215.1 216.9 208.9 198.1 188.4 179.5 169.7 163.2 155.2 148.6 143.1 137.5 132.4 130.5 139.7 147 153.8 157.6 164.7 170.8 173.9 177.2 183 199.1 217 230.9 240.3 249.5 259.3 270.7 283.2 288.4 291.8 295.8 298.8 300.6 299.9 297.9 294.3 286.1 273.5 261.6 253.5 252.2 253.7 258.8 260.3 261.9 264.5 269.9 279.2 281.8 281.1 280.5 280
216 213.7 211.6 209.2 208 207.3 207.4 206.9 206.6 206.9 207.4 208 210 209.5 204.4 192.8 177 161 139.2 119.9 102.3 100.1 118.5 140.6 159.4 182.8 201.7 208.3 211.5 206.7 194.5 181.5 164.9 154.7 143.1 134.2 127.2 120.2 124.3 133.8 144.6 156.4 165.1 175.3 181.1 182.4 188.5 190 193.6 195.9 200 199.1 212.6 229.4 239.7 249.9 261 273.4 286 292.2 295.7 297.8 300.9 302 302.1 300.1 296.6 289.9 281.1 274.3 266.2 258.7 254.9 247.9 240 233.5 239.1 247.4 257.2 269.6 276 278.3 279.9
215.9 211.8 208 204.9 202 200.8 199.1 197 195.7 195.5 195.4 194.2 191.5 188.3 181.1 172.3 154.1 137.8 122 106.7 92 104.5 124.8 148.4 170.5 185.7 197.7 202.1 198.6 191 174.3 150.8 139.1 127.2 115 114.3 124.6 136.6 149.8 158.1 170 179.2 190 197.1 201 202.3 203.7 208.9 211.5 210.6 212 215.5 215.6 226.2 237.5 249.2 264.2 276.7 288.9 295.2 298.6 300.8 303 303.9 304.6 303.5 299.6 295.3 291.3 287.1 282 275.6 272.2 265.8 257.2 248.9 241.3 222.8 233.9 245.4 258.8 272.7 278.6
213 209 204.5 199.3 192.7 190.5 187.6 184.5 181.8 180.2 177.7 176.1 169.8 167.4 160.9 149.1 135.6 123.6 111.3 95.7 97.3 110.1 128.5 150 170.2 179.3 186.4 187.5 180.9 166.5 149.3 133.5 118.2 107.2 117.6 125.2 146 161.2 170 178.4 187.2 197.6 206.3 213.8 215.7 216.4 222.3 224.6 225.4 225.3 227.2 229.3 232 238.4 245.1 252.1 268.7 278.8 289.4 297.1 301.3 303.6 305.8 306.8 306.8 306.3 303.6 300.9 298 295.6 293.6 291.2 286.9 281 273.7 267.1 257.5 243.2 223.5 222.5 237.6 258.6 274.4
205.1 201.3 194.2 188.4 180.5 178.5 176.6 171.2 169 167.1 165 160.5 150.7 143.8 138.9 131.3 122.7 110.6 96.1 90.9 105.2 116.1 131.8 152.3 163.4 168.7 172.4 169.6 158.7 148.1 129.2 109.9 103.9 120.6 130.9 142.7 165.4 177.8 184.8 193.6 200.1 210.7 220 227.5 228.4 227 232.1 237 238.1 237.8 240.5 244.3 244.6 250.5 258.6 260.5 274.7 284.9 292.4 298.1 303 306.5 308.5 310.3 310.2 309.4 307.5 305.2 302.5 299.8 297.2 294.9 291.8 287.1 281.5 273.4 265.7 253.5 239 220.4 222.6 246.3 266.6
191.9 187.5 182.8 175.2 164.1 161 159.5 155.4 148.8 147.5 146.8 144.4 136.9 133.3 127.7 123.1 113.7 97 85.1 100.6 111.1 119.8 136.1 155.8 160.4 161.6 158.4 156.3 147.9 133.4 114.1 99.4 111 128.5 140.2 153.5 174.7 186.3 193.4 201.4 209.5 220.3 229.7 234.8 237.9 238.7 242 245.2 246 245 248.8 251.8 253.6 258.4 266.7 270.6 279.9 289.3 294.5 299.5 304.1 308.1 311.1 312.8 313.5 312.1 310.2 308.2 305.7 303.4 300.3 296.3 292.1 287.8 282.2 274.9 267.6 257.2 242.9 225.3 213.1 236.2 260.2
173.2 166.3 159.4 153.4 146.9 143.9 143.1 137.8 133.9 130.1 126.6 120.7 119.7 123.5 120.9 111.9 100.3 80.2 96.2 109.8 118 127.4 141 150.7 153.8 154.5 152.9 145.8 132.4 118.3 100.4 100.9 113.6 133 146.5 156.2 174.6 187.9 197.3 206.1 215.7 226.5 233.6 239.8 243.4 247.4 250.3 252.3 253.5 251.2 253.5 259 262.8 264.2 272.8 277.5 282.6 291 297 301.1 305.6 309.5 312.9 315.4 316.3 314.8 312.9 311 308.7 305.7 301.5 296.6 291.1 285.1 280.2 273.9 266.5 254.7 239.4 221.7 208.3 234 256.2
146.9 143.9 140 137.6 135.4 133.3 131.2 129 126.6 120.4 116.1 111.7 104.7 104.9 100.6 90.5 79.5 88.6 104.6 117.5 127 132.9 140.5 144.6 144.9 142.2 138.2 130 119.1 105.9 94.5 102.4 115.4 129.9 146.5 156.7 169.5 184.6 197.1 208 219.2 229.5 237.2 243.9 249.8 254.3 256.6 259.6 261.2 260.1 258.2 264.9 268.6 269.5 275 282.3 286.2 291.2 297.6 302.7 306.6 310.6 314.2 316.9 318 317.3 315.7 313.8 311.1 307 302.9 296.7 289 281.8 274.1 267.7 256 242.9 225.6 209 210.9 234.6 255.2
132.9 127.2 123.5 125.3 125.4 125.7 124.6 122.2 118.9 114.3 111.7 102.2 92.2 85.8 79.6 72.3 85.6 101.3 116 126.2 134.5 138.2 140.7 141.9 139.3 135.8 130.7 121.8 108.9 94.7 96.7 101.4 112.3 124.3 136.8 151.8 164.5 179.3 194.2 209 220.8 230.8 239.9 247.5 253.6 259.1 262.6 264.6 267.1 267.5 266.3 263.4 271.4 273.7 276.1 283.6 288.7 292.8 297.1 302.6 307.4 311.4 314.5 317.7 318.9 319.1 318 315.7 312.7 308.6 304.2 297.4 288.8 280.2 270.5 257.6 244 227.8 210.1 189.6 219.5 242 261
121.4 114.4 106.9 105.6 108.8 114.6 116.2 114.9 112.8 108.7 101.7 91.4 80.5 69 73.3 86.9 100.8 115.3 125.8 133.1 136.8 140.2 142.3 142 139.6 136.1 127.3 114.4 96.8 92.6 105.9 108.6 118.8 130.1 140.4 157.8 168.6 177.7 197.1 210.5 222.2 231.2 240.6 248.2 254.5 260 264.5 266.7 269.1 271.2 271.9 270.8 270 273.7 277.5 281.2 287.4 293.3 297.2 301.3 306.5 310.9 314.5 317.2 319.2 319.1 318.8 316.7 313.7 310.3 305.4 298.4 290 279.7 263.9 242.3 227.3 207.7 185.6 206.6 228.7 249.6 264.3
134.1 127.6 122.1 110.6 93.1 102.1 107.7 109.4 106.4 104.5 100.3 87.1 70.6 69.3 86.4 104.6 117.1 122 124.2 128.1 131.2 134.6 136.1 136.7 136.7 130.5 117.3 99.7 88.6 100.9 111 118.6 117.4 135.4 145.5 164.8 177.4 185.2 202.6 214.6 224.3 233.7 242.1 248.7 254.9 259.7 264.2 267.9 269.9 272.3 273.8 275.3 276 276.7 277.4 280.3 284.3 291 296.1 300.2 304.1 309.1 312.5 315.6 317.7 318.4 317.9 316.4 313.3 309.7 304.9 298.6 290.4 279.1 256.4 236.5 217 194.8 191.4 215.8 234.8 253.6 265.5
143.6 140.7 135 125.2 108.7 85.7 94.1 100.8 98.1 96.4 94.4 84.5 66.7 71.8 93 104.8 106.1 105.3 104.6 104.5 108.1 112.1 115.7 118.8 119.9 114.3 101.3 86.2 98.9 115.1 119.6 124.3 126.1 139.5 151.2 166.6 181.2 191.1 204.2 219 227.5 236.3 243.5 249.8 255.7 260.3 264.1 267.6 270.5 272.9 274.5 276.3 278.1 279.8 280.7 281.6 283.7 288.2 293.3 298.3 302.2 306.3 309.9 313 315.1 316.1 316.1 314.6 311.5 307.2 302.2 296.4 288.8 277.3 252.7 231.3 208.1 184.1 192.6 217 238.1 256.3 265.6
151.4 148.9 145.2 138.5 129.3 103.9 78.6 86.7 91 89.8 83.5 72.7 63 70.5 81.4 86 85.9 85.7 84.9 86.8 89.5 90.6 91.5 91 92.6 86.9 82.9 94.6 115 130.2 133.3 132.5 135.4 143.7 156.9 168.6 182.3 194.8 205 220.1 229.8 238.1 245.1 251.3 256.3 260.5 264 267.1 269.9 272.2 274.4 276.1 277.9 279.8 281.9 283.1 284.6 286.8 288.9 293.9 299 303 306.1 309.1 310.8 311.4 311.5 310.8 308.5 304.4 299.1 293.2 285.4 274.5 249.1 227.3 202.7 178 188.5 212.1 235.1 253.6 264.1
159 156.2 153.1 146.8 139.6 120.9 86.1 69.7 81.5 80.3 74.2 63.9 59.3 65.3 72.6 74.5 74.6 73.4 74.6 76.4 78.6 78.5 76.1 75.3 76.1 81.7 90.8 108.9 130 142.3 144.5 143.2 145.1 146.4 159.2 170.1 180.8 195.1 205.5 217.5 229.4 238.7 245.6 251 255.8 259.9 263.1 265.8 268.5 271.1 273.3 275.3 276.6 278.8 280.6 282.5 284.1 285.6 286.9 288.8 293.4 298.4 301.2 303.8 305 305.9 305.5 303.7 301.8 298.7 293.8 289 281.5 269.8 245 224 200.4 176.5 177.2 199.3 223.1 243.1 260.2
165.2 161.9 157.6 150.9 143 125.6 91.4 72.7 69.8 64.8 59.3 55.2 56.4 59.5 60.4 61.8 64 66.6 68.8 72 73.9 75.5 78.1 80.8 84.3 90.2 101.7 122.7 144.2 152.2 153.8 152.7 152.8 155 158.4 169.7 182.2 192.1 205.7 215.6 225.6 236.9 244.6 250.3 255 258.6 261.4 264.1 266.9 269.6 271.5 272.9 274.4 276.7 278.9 280.6 282 283.4 283.7 284.3 284.7 288.9 293.9 296.4 297.9 298.3 297.9 296.3 293.1 290.1 286.2 281.7 274 263.2 246.2 226.7 203.7 180.7 164 186.9 210 233 254.8
169.1 166.1 159.9 154.9 144.4 120.8 92 70.6 55.1 52.2 56.2 61.1 64.4 65.1 64.9 70.6 76.3 80 81.2 83.6 88.6 92.8 92 90.8 92.7 100.4 115.8 136.2 154.1 160.6 163 163 163 163.4 163.5 169.7 181 191.1 201.2 213.8 222.5 231.2 240.5 247 251.9 256 259.2 261.8 264 266.4 268.8 270.5 272.2 273.9 275.3 278.2 279.6 280.7 280.5 280.2 279.5 278.8 280.6 285.2 287.9 288.8 287.7 285.9 283.4 280.6 276.9 271.9 265.4 258.2 248 232.6 212.4 187 164.2 174.3 196.1 222.3 246.9
167.7 163.8 157.1 152.3 137.7 105.1 83.2 58.4 51.7 57.2 68.7 78.7 84.6 83.7 70 82.9 92.1 91 92.5 96.6 102 104.3 104.9 102.1 103.9 112.6 129 150.1 162.5 168.5 171.3 172 171 171.8 171.8 173.3 180.7 188.9 197 206.5 217.7 226.2 232.1 240.8 245.9 250.7 254.6 257.1 259.8 261.9 263.9 266.5 268.6 270.3 271.7 274.7 276.8 277.7 277.1 276.3 275.2 274.4 273.1 272.5 273.2 273.7 274.4 272.4 269.2 266.6 266.4 260.1 255.4 249.5 243.1 233.1 213.1 190.5 168.3 162.2 186.3 212 240.5
158.4 157.3 149.9 141.7 113 92.1 70 50.7 58 68.3 83.6 92.8 97 95.8 77.8 90.3 99.9 102 102.9 107.5 111.1 113.8 114.3 114.9 115.9 124.1 140.1 158.6 168.5 174.4 177.7 178.2 178.2 179 179.6 181 185.2 189.6 196.1 203 210.9 219 226.7 231.1 235.8 240.5 245.9 250.8 254 256.7 259.7 262.2 264.2 265.8 268.3 271.3 273.8 274.7 274.1 272.3 270.9 269.5 268 266.5 263.7 260.4 255.7 252.2 249.1 244.1 241.2 242.6 242.6 238.7 233 224.5 207.4 188.6 167.7 152.8 183.4 209 235.2
132.6 133 129.7 118.5 102.2 84.6 60.3 48.6 67 78.4 93.5 98.6 103.8 102.6 86.7 89.6 109.3 113.5 112.7 115.7 119.8 122.4 125 127.7 128.3 131.6 145.6 161.1 172.1 177.4 181.8 184.6 185.3 185.6 186.2 188.4 190.8 194.6 198.6 203.5 208.2 213.1 217.5 223.9 229 232.4 236.5 242.1 246.5 250.3 254 257 258.9 261.6 265.5 268.6 271 271.8 271.1 268.6 266.3 264.9 262.9 260.6 256.6 250.6 244.5 238.6 231.4 224.2 220.3 220.9 225.5 221.1 211.6 204.9 195.5 179.5 161.8 152 176.9 206 231.6
105.7 111.5 109.1 102.3 88.9 68 44.1 49.3 68.7 80.5 97.3 104.5 109.3 108.2 89.5 85.6 103.5 114.4 119.2 122.8 126.7 131.8 136.7 137.7 139.2 141.7 148.8 159.8 172.6 180.2 185 187.5 190.4 191.2 191.9 192.4 194.7 196.7 199.9 203.4 207.3 210.2 212.8 215 218.8 223.4 227.9 230.6 234.2 240.8 246 249.9 252.6 258.3 262.8 266 268.3 268.7 268 264.9 262.1 259.5 258.2 255.5 251.3 244.2 237.5 227.8 219.6 213.6 210.4 206.5 202.5 200.3 197.7 192.3 183.2 168.6 152.7 151.7 175.5 204.8 230.7
84.5 96.8 102.3 96.4 75.2 56 43.4 50.9 64.9 77.7 93.9 106.6 112.4 113.3 92.9 79.4 89.6 104.2 113.7 125.8 124.6 136.3 143.4 147.5 148.5 150.4 155.1 159.8 167.2 177.9 184.4 188.5 191.4 193.5 194.9 195.5 196.3 196.9 198.4 199.8 202.8 206 208.5 210.6 212.3 213.9 217.1 220.7 225.2 228.8 233.1 239.5 248.7 256.2 260.6 263.9 265.4 266 264.9 262.6 258.9 255.3 252.8 250 247.2 243.5 236.3 228.2 217.2 200.5 198.7 194.5 190.3 188.1 186.2 180.8 172.4 158.5 142.1 155 178 203.9 229.3
66.2 77.2 85.6 78.7 62.8 44.6 43.4 52.5 61.4 72.4 85.2 105 114.8 119.3 96.1 78.2 82.9 93.7 104.3 114.5 123.2 126.6 147.6 155.3 158 160.1 162 163.6 168.2 173.4 180 186.5 190.1 192.7 194 194.5 194.2 194.5 195 196.2 197.6 199.7 202.3 204.4 206.7 208.3 209.3 210.3 211.9 215.6 223.8 236.4 247.8 254.1 258.9 261.5 262.5 263.3 262 260.1 256.6 252.1 247.3 244.4 242.5 239.7 235.8 228.9 220.1 203.3 188.8 174.2 174.5 175.2 175.6 169.8 160.7 148.3 142.6 160.7 181.7 206.6 230
49.4 53.7 58 55.5 46.6 43.4 43.4 52.1 59.2 64.7 73.4 85.9 100.3 106.6 90 75.7 81.3 91.4 99 104.9 116.4 117.8 132.9 147 158.2 164.3 167.4 171 172.9 174.4 178 182.2 186.9 189.1 189.9 189.5 188.5 187.4 186.3 186.7 186.8 190.4 193.7 196.7 198.6 200.5 201.8 201.8 201 210.1 222.8 233.7 244.6 252.1 256.4 258.8 259.7 260.7 259.7 257 253 247.9 241.9 237.4 236.9 234.9 232.4 227.7 221.3 212.2 194.2 178.6 158.5 158.9 160.7 155.6 145.9 134.2 149.1 169.2 186.8 210.4 233.8
36.4 37.1 39.7 40.2 41.7 43.4 43.4 49.9 57.2 60.9 64 71.8 80.2 82.9 78.8 71.5 78.3 88.9 95.3 97.4 102 104.8 113.2 124.6 133 146.2 158.2 168.6 175.5 176.4 178 180.2 181.2 179.1 176.4 173.6 167.8 163.2 159.9 160.4 165 171.5 179 184.7 189 191.1 190.6 192.5 201.7 209.4 217.7 228.6 238.1 248.5 253.6 256.1 257.4 258 257.2 254.7 249.6 243.9 237 230.5 230.2 229.7 227.3 224.2 218.9 212.3 199.7 178.8 157.6 138.4 145 139.9 131.5 144.9 157.1 177.3 192.5 213.6 237.4
32.5 34.3 35.6 36.5 37 39.3 46.3 51.7 55.3 58.8 59.8 61.3 65 68.4 68.3 67.4 73.1 83.8 90.9 91.9 94.4 97.7 101.2 106.2 114.6 125.7 131.5 139.6 150.4 160.9 171.6 176.3 177.9 176.8 173.3 167.3 160.2 150.5 145.6 147.5 150.7 156.3 163.1 167.5 176.4 185.6 194.3 200.3 204.6 209.4 215.1 221 231.8 240.7 248.3 253.2 254.9 255.1 254.7 252.5 249.2 242.3 233.1 222.2 221.1 222.5 220.5 215.8 208.5 202.8 186.2 167.8 149.4 135.2 130.3 135.3 147.6 160.7 172.3 185.5 198.7 217.3 238.1
