Assets/StreamingAssets/GeoData/Data/tr/TR07.asc
ncols 200
nrows 200
xllcorner 600000
yllcorner 170000
cellsize 50
[rows 152 to 189 of 200, columns 0 to 83 of 200]
42.2 41.1 40.4 40.3 40.4 41.1 41.6 40.8 39.8 40.2 40 39.8 39.6 39 38.7 39.3 39.3 38.9 38.5 38 38.2 38.5 39.9 41.7 43.5 45 47.4 48.5 49.2 49.3 48.6 48 46 45.6 43.7 43 42.9 43.5 41.9 17.3 1.5 1.9 1.5 1 0.6 0.1 -0.3 -0.6 -0.9 -1.2 -1.4 -1.8 -1.8 -1.8 -1.8 -1.8 -1.8 -1.8 -1.8 -1.8 -1.8 -1.8 -1.8 -1.8 -1.8 -1.8 -1.8 -1.8 -1.8 -1.8 -1.8 -1.8 -1.8 -1.8 -1.8 -1.8 -1.8 -1.8 -1.8 -1.8 -1.8 -1.8 -1.8 -1.8
41.1 41 40.9 41.5 41.8 42.6 42.4 41.6 40.7 41 41 40.7 40.5 40.2 40.3 40.9 41 40.4 40 39.5 39.8 40.6 43.1 45 46.2 47.2 49 50.1 50.2 49.9 49.4 48.1 46.6 44.5 42.5 40.4 40.1 38.2 40.7 27.9 5.8 2.2 1.7 1.2 0.8 0.3 0 -0.3 -0.6 -0.8 -1.1 -1.4 -1.8 -1.8 -1.8 -1.8 -1.8 -1.8 -1.8 -1.8 -1.8 -1.8 -1.8 -1.8 -1.8 -1.8 -1.8 -1.8 -1.8 -1.8 -1.8 -1.8 -1.8 -1.8 -1.8 -1.8 -1.8 -1.8 -1.8 -1.8 -1.8 -1.8 -1.8 -1.8
42.1 42.1 42.3 42.8 43.4 44 43.2 41.9 41.9 41.8 42.2 41.9 41.7 41.7 41.9 42.5 42.9 42 41.4 41 41.1 42 44.7 46.8 48.2 49.5 50.8 50.8 50.9 50.2 50.3 48.9 45.5 43.1 40.2 37.6 34 31.5 29.7 26.1 13.3 2.3 1.9 1.4 0.9 0.6 0.3 0 -0.3 -0.5 -0.8 -1.1 -1.3 -1.6 -1.8 -1.8 -1.8 -1.8 -1.8 -1.8 -1.8 -1.8 -1.8 -1.8 -1.8 -1.8 -1.8 -1.8 -1.8 -1.8 -1.8 -1.8 -1.8 -1.8 -1.8 -1.8 -1.8 -1.8 -1.8 -1.8 -1.8 -1.8 -1.8 -1.8
44.2 43.7 43.7 44.3 44.8 45.3 44.3 43.3 43.7 43.4 43.8 43.9 43.7 43.5 43.5 44.7 45.1 44.1 43.1 42.7 43.5 44.5 45.6 48.1 49.8 49.9 52 52.1 52 50.7 49.9 48.8 46.4 43.1 38.6 35.2 30.2 27.2 24.1 21.3 11.7 2.3 2 1.6 1.2 0.9 0.6 0.3 0 -0.2 -0.5 -0.8 -1 -1.3 -1.5 -1.8 -1.8 -1.8 -1.8 -1.8 -1.8 -1.8 -1.8 -1.8 -1.8 -1.8 -1.8 -1.8 -1.8 -1.8 -1.8 -1.8 -1.8 -1.8 -1.8 -1.8 -1.8 -1.8 -1.8 -1.8 -1.8 -1.8 -1.8 -1.8
45.7 45.5 44.7 45.3 46 46.1 45.2 44.9 45.4 44.8 45.2 45.4 45.9 46.4 46.7 47.1 47.4 46.4 44.8 44.7 46.1 46.8 48.2 50 51.1 52.1 52.7 52.8 52.7 51.5 50.4 48.2 46.1 41.1 36.6 32.4 28.4 24.4 21.6 19.1 17.3 6.4 2.2 1.8 1.5 1.2 0.9 0.6 0.3 0.1 -0.2 -0.5 -0.7 -1 -1.2 -1.4 -1.6 -1.8 -1.8 -1.8 -1.8 -1.8 -1.8 -1.8 -1.8 -1.8 -1.8 -1.8 -1.8 -1.8 -1.8 -1.8 -1.8 -1.8 -1.8 -1.8 -1.8 -1.8 -1.8 -1.8 -1.8 -1.8 -1.8 -1.8
47.9 46.8 46.1 45.8 46.3 47.1 47 46.9 46.9 47 48.3 48.7 48.8 48.9 49.4 49.3 49.4 48.2 47.1 46.4 48 49.3 50.4 51.8 52.5 53 53.5 53.4 52.7 51.3 49.6 46.9 43.2 39.3 35.8 31.5 27.1 23.5 21.3 18.7 18.5 18.3 4.1 2.1 1.8 1.5 1.2 0.9 0.6 0.3 0 -0.2 -0.5 -0.7 -0.9 -1.1 -1.3 -1.5 -1.8 -1.8 -1.8 -1.8 -1.8 -1.8 -1.8 -1.8 -1.8 -1.8 -1.8 -1.8 -1.8 -1.8 -1.8 -1.8 -1.8 -1.8 -1.8 -1.8 -1.8 -1.8 -1.8 -1.8 -1.8 -1.8
49.5 48.3 47.3 46.9 47.5 48.1 48.2 49.2 50 50.3 51 51.7 51.6 51.8 51.8 51.5 50.5 49.3 48 48 49.3 51.1 52.5 53.1 53.6 54.1 53.7 52.7 52.3 51.2 49.8 45.9 41.7 37.8 33.8 31.1 26.3 24.4 22.2 22.8 22.3 22.8 20.1 2.8 2.1 1.8 1.5 1.2 0.9 0.6 0.3 0 -0.2 -0.4 -0.6 -0.9 -1.1 -1.3 -1.5 -1.8 -1.8 -1.8 -1.8 -1.8 -1.8 -1.8 -1.8 -1.8 -1.8 -1.8 -1.8 -1.8 -1.8 -1.8 -1.8 -1.8 -1.8 -1.8 -1.8 -1.8 -1.8 -1.8 -1.8 -1.8
51.3 50 48.9 49.1 49.1 50.2 51.2 52.2 52.9 53.8 53.9 54.1 54 53.7 53.4 52.6 51.2 50.1 48.9 49.5 50.4 51.9 53.2 53.7 54.6 54.6 53.7 52.2 51.4 50.4 48.6 46.2 43.3 37.7 34.9 30.8 28.8 31.5 28.6 27.6 26.5 27.2 30.5 17.3 5.4 2 1.7 1.4 1.1 0.9 0.5 0.3 0.1 -0.2 -0.4 -0.6 -0.8 -1.1 -1.2 -1.4 -1.6 -1.8 -1.8 -1.8 -1.8 -1.8 -1.8 -1.8 -1.8 -1.8 -1.8 -1.8 -1.8 -1.8 -1.8 -1.8 -1.8 -1.8 -1.8 -1.8 -1.8 -1.8 -1.8 -1.8
53 51.5 50.7 50.7 51.3 52.6 54 55.1 55.2 55.8 56 55.8 55.3 54.8 53.8 52.6 51.2 50.1 50 50.1 51.7 52.6 54.7 54.4 54.9 54.8 52.8 48.6 45.1 46.9 48 47.4 45 42.4 39.7 37.8 34.9 35.7 33.7 30.2 28.7 30.2 32.7 32 11.9 2.3 2 1.7 1.4 1.1 0.8 0.6 0.3 0.1 -0.1 -0.4 -0.6 -0.8 -1 -1.2 -1.4 -1.5 -1.8 -1.8 -1.8 -1.8 -1.8 -1.8 -1.8 -1.8 -1.8 -1.8 -1.8 -1.8 -1.8 -1.8 -1.8 -1.8 -1.8 -1.8 -1.8 -1.8 -1.8 -1.8
54.2 53.1 52.9 53.5 53.9 54.7 56 56.9 57.4 57.9 57.5 57.1 56.7 55.2 51 48.3 48.7 48 49 50.7 51.5 52.4 52 53.6 55.4 54.5 52.1 46.2 39.4 39.5 43.2 46.8 46.4 46.3 45.1 43.7 41 38.3 34.1 30.9 27.7 29.1 31 29.8 21.5 7.7 2.2 1.9 1.6 1.3 1.1 0.8 0.5 0.3 0.1 -0.2 -0.4 -0.6 -0.8 -1 -1.1 -1.3 -1.4 -1.6 -1.8 -1.8 -1.8 -1.8 -1.8 -1.8 -1.8 -1.8 -1.8 -1.8 -1.8 -1.8 -1.8 -1.8 -1.8 -1.8 -1.8 -1.8 -1.8 -1.8
55.5 55.2 55.1 55.5 55.9 56.8 58 58.6 58.7 58.7 58.6 58 57 54.8 48.8 43 42.1 43 45.3 48.3 49.4 48.1 47.3 50.7 54.2 52.7 48.3 42.8 36 32.5 36.8 41.7 45.3 46.6 46.3 44.5 41 36 32.1 28.7 25.6 25.8 27.5 27.2 21.1 18.1 5.1 2.1 1.8 1.5 1.3 1 0.8 0.5 0.2 0.1 -0.2 -0.4 -0.6 -0.7 -0.9 -1.1 -1.2 -1.4 -1.6 -1.8 -1.8 -1.8 -1.8 -1.8 -1.8 -1.8 -1.8 -1.8 -1.8 -1.8 -1.8 -1.8 -1.8 -1.8 -1.8 -1.8 -1.8 -1.8
57.1 57.1 57.1 57.4 58.1 58.4 59.2 59.4 59.5 58.8 58.1 57.9 56.6 53.9 48.9 41.6 36.7 36.5 38.9 42.2 43.1 42.7 41.7 47.1 52 51.8 46.4 40.1 33.4 29.2 30.6 35.6 39.6 41.1 42.1 41.6 38.1 34.8 29.3 25.8 23.2 22.2 23 23.3 18.5 13.7 11 2.7 2 1.8 1.5 1.2 0.9 0.7 0.5 0.2 0 -0.2 -0.4 -0.5 -0.7 -0.8 -1 -1.2 -1.4 -1.6 -1.8 -1.8 -1.8 -1.8 -1.8 -1.8 -1.8 -1.8 -1.8 -1.8 -1.8 -1.8 -1.8 -1.8 -1.8 -1.8 -1.8 -1.8
58.3 58.6 58.9 59 58.9 58.5 59.4 59.8 58.8 57.7 56.9 56.5 55.1 52.1 48 42.1 35.8 32.2 32.2 35.5 36.5 37.6 39.9 43.2 46.2 48.6 46.5 41.9 34.7 28 26.7 29.7 33.3 34.6 36.9 38 36 32.3 27.6 22.9 20.4 18 17.6 16.6 15 10.8 8.6 7.7 2.2 1.9 1.7 1.4 1.1 0.9 0.6 0.4 0.2 0 -0.1 -0.3 -0.5 -0.6 -0.8 -1 -1.2 -1.4 -1.6 -1.8 -1.8 -1.8 -1.8 -1.8 -1.8 -1.8 -1.8 -1.8 -1.8 -1.8 -1.8 -1.8 -1.8 -1.8 -1.8 -1.8
59.9 60.6 60.4 60.2 59.4 58.7 59.4 59.6 58.2 56.8 55.7 53.8 51.3 48.9 44.7 40.8 36.5 32.3 29.4 30.4 33.9 37.5 38.9 40.8 42 43.2 43.6 39.4 33.4 27.7 23.8 25.6 28 29.7 33.2 34.9 33.1 29.5 24.8 20.7 18.5 15.3 14.1 13.3 10.9 9.7 7 6.3 5.7 2.1 1.8 1.5 1.3 1.1 0.8 0.6 0.4 0.3 0.1 -0.1 -0.2 -0.4 -0.6 -0.8 -1 -1.2 -1.4 -1.5 -1.8 -1.8 -1.8 -1.8 -1.8 -1.8 -1.8 -1.8 -1.8 -1.8 -1.8 -1.8 -1.8 -1.8 -1.8 -1.8
60.8 61.1 60.9 60.1 59 58.1 58.4 57.9 56.6 55.1 52.6 49.4 47.2 45.4 42.8 39.1 35.5 31.6 28 29.5 34.9 38.3 39 39 38.7 39.5 39.8 35.8 31.3 26.1 21.8 22.3 24.7 27.8 31.4 31.8 29.3 26 22.7 19.1 17.2 15.4 14.3 10.6 10.2 8.1 6.4 4.4 4.7 2.2 2 1.7 1.5 1.2 1 0.8 0.7 0.5 0.3 0.1 0 -0.2 -0.4 -0.6 -0.8 -1 -1.1 -1.3 -1.5 -1.8 -1.8 -1.8 -1.8 -1.8 -1.8 -1.8 -1.8 -1.8 -1.8 -1.8 -1.8 -1.8 -1.8 -1.8
61 60.8 60.4 59.4 58.3 56.6 55.3 54.4 54 51.8 50.2 45.3 42.9 40.7 40.2 36 33 30 26.8 29.1 34.4 36.6 37.5 36.7 36 35.1 35.1 31.6 27.7 24.4 20.2 20.2 22.9 26.5 27.7 25.6 24.7 21.7 19.9 17.6 16.3 15.1 13.2 10.2 9.4 6.7 4.8 3.9 3.9 2.7 2.1 1.9 1.6 1.4 1.2 1 0.9 0.7 0.5 0.3 0.2 0 -0.2 -0.4 -0.6 -0.8 -0.9 -1.1 -1.3 -1.5 -1.8 -1.8 -1.8 -1.8 -1.8 -1.8 -1.8 -1.8 -1.8 -1.8 -1.8 -1.8 -1.8 -1.8
60.6 59 57.6 56.1 55.1 54.3 53.5 52.1 50.4 49.6 46.5 42.2 39.4 36.6 35.4 32.6 29.6 27.9 24.3 26.6 30.4 32 32.8 32.1 31.4 31.2 30 26.5 24.5 22.1 18.4 17.4 19 21.8 22.1 20.8 19.5 18.3 17.8 15.3 14.8 12 10.4 9.2 7.2 6.1 4.5 4.1 3.2 4 2.3 2 1.8 1.6 1.4 1.3 1.1 0.9 0.7 0.6 0.4 0.2 0 -0.2 -0.4 -0.6 -0.7 -0.9 -1.1 -1.3 -1.5 -1.8 -1.8 -1.8 -1.8 -1.8 -1.8 -1.8 -1.8 -1.8 -1.8 -1.8 -1.8 -1.8
53.2 52.5 51.8 50.4 50.4 48.7 48.6 45.8 45.1 43.4 41.7 38.5 35.7 33.3 31.1 29.2 27.8 26 23.1 23.2 25.3 26.5 27.7 27.4 26.6 26.6 25.3 22.8 20.9 19.1 17.5 16 16.6 17.8 18.3 16.6 16 15 14.2 14 12.3 10.9 9.8 8.5 7.4 5.5 4.3 3.6 1.8 3.4 3.7 2.2 2 1.8 1.6 1.5 1.3 1.1 0.9 0.8 0.6 0.4 0.2 0 -0.2 -0.4 -0.6 -0.7 -0.9 -1.1 -1.3 -1.4 -1.6 -1.8 -1.8 -1.8 -1.8 -1.8 -1.8 -1.8 -1.8 -1.8 -1.8 -1.8
46.9 45.3 45.3 44.2 43.5 42.2 41.8 40.8 39.8 38 37 35.1 32.6 30.5 29.3 27.7 25.4 25 22.2 20.6 21.4 22.2 23 23.5 23.6 23.1 22.1 20.2 18.6 17 15.7 14.5 14.7 15 13.6 13.7 13.7 13.3 12.2 10.8 10.3 10.5 9.2 8.4 6.5 5.6 4.9 4.7 3.9 2.9 3.3 2.8 2.2 2 1.9 1.7 1.5 1.3 1.2 1 0.8 0.6 0.4 0.2 0 -0.2 -0.4 -0.5 -0.7 -0.9 -1.1 -1.2 -1.4 -1.6 -1.8 -1.8 -1.8 -1.8 -1.8 -1.8 -1.8 -1.8 -1.8 -1.8
40.1 39 38.5 38.3 37.5 37.5 36.6 35.7 35.4 34.3 33 31.3 30.1 28.4 27.2 26.1 24.3 23.9 21.7 19.9 18.7 19.4 20.2 21.2 20.6 20 19.4 18.7 16.5 15.6 14.6 13.5 13.5 13 11.5 11.7 11.9 11.3 10.6 10.2 8.5 8.9 8.1 8.4 7.3 6.3 6 5.1 4.1 2.7 2.4 3 2.3 2.2 2.1 1.9 1.7 1.5 1.4 1.2 1 0.8 0.6 0.4 0.2 0 -0.2 -0.3 -0.5 -0.7 -0.8 -1 -1.2 -1.4 -1.5 -1.8 -1.8 -1.8 -1.8 -1.8 -1.8 -1.8 -1.8 -1.8
34.5 34 33.5 33.5 34.1 33.6 32.9 32.1 31.8 31.3 29.7 28.3 27.5 26.7 25.4 24.1 23.3 21.7 20.5 18.8 17.6 17.5 18.4 18.7 18 17.4 16.8 16.6 15 14 13.1 12.2 12.1 11.2 9.6 9.2 9.9 11.3 10.7 10.2 7.8 6.5 5.8 7.8 7.7 6.8 5.8 4.7 4.1 4 3.6 2.1 2.5 2.9 2.3 2.1 1.9 1.7 1.5 1.3 1.1 1 0.8 0.6 0.4 0.2 0 -0.1 -0.3 -0.5 -0.6 -0.8 -1 -1.2 -1.3 -1.5 -1.6 -1.8 -1.8 -1.8 -1.8 -1.8 -1.8 -1.8
31.3 30.5 30.2 30 30.2 30.5 30.4 29.7 29.2 28.7 28.3 26.4 25.8 25.2 24.1 23 22.2 20.6 19.9 18.4 17.3 16.8 16.8 16.7 16.5 16.3 16.2 15.3 14 12.5 11.7 10.8 10.3 9.9 7.8 6.3 6.2 8.1 10.2 8.7 5.9 3.9 3.6 3.7 5.3 5 4.4 2.8 2.6 2.2 2.2 4.4 3.4 5.1 6.7 2.4 2.1 1.9 1.7 1.5 1.3 1.2 1 0.8 0.6 0.4 0.2 0.1 -0.1 -0.3 -0.4 -0.6 -0.8 -0.9 -1.1 -1.3 -1.4 -1.6 -1.8 -1.8 -1.8 -1.8 -1.8 -1.8
28.6 28.3 28 27.7 27.5 28.5 28.6 27.9 27.8 27.1 26.3 25 24.5 23.9 23.3 22.2 20.9 20.1 18.6 17.5 17.9 16.5 15.9 16.1 15.9 15.7 15 14.2 12.4 11.8 11 10 9.5 7.3 7.6 6.6 6.1 4.9 4.4 3.8 4 3.6 3.7 3 2.9 2.3 2.1 2.3 2.1 2.2 2.6 2.1 2.8 2.9 3 4.4 2.3 2.1 1.9 1.7 1.5 1.4 1.2 1 0.8 0.6 0.5 0.3 0.1 -0.1 -0.2 -0.4 -0.6 -0.7 -0.9 -1 -1.2 -1.4 -1.5 -1.8 -1.8 -1.8 -1.8 -1.8
26.9 26.6 26.3 26 26 27 27.1 27.1 26.6 25.6 24.9 24.2 23.2 22.2 21.5 20.9 20.3 19.9 18.3 17.7 17.3 16.6 15.6 15.1 15.3 14.7 13.9 13.1 11.6 11.1 10.3 9.3 8.3 8.5 8.8 9.4 7.8 6.2 5.6 5 5.2 5.3 4.8 3.9 3.6 3.2 3 2.9 3.1 2.9 2.6 2.2 3.4 3.7 3 3.9 5.4 2.3 2.1 1.9 1.7 1.6 1.4 1.2 1 0.8 0.7 0.5 0.3 0.2 0 -0.2 -0.3 -0.5 -0.6 -0.8 -1 -1.1 -1.3 -1.5 -1.6 -1.8 -1.8 -1.8
25.2 24.9 24.6 24.3 24.6 25.5 26.1 25.9 25.3 23.9 23.4 22.7 21.8 20.8 20.9 20 19.2 18.4 17.6 17.1 16.5 15.9 15.5 14.4 14.6 13.7 13 11.9 11.2 10.6 9.8 9.6 9.7 9.8 10.1 8.7 7.8 7.5 7.3 7.1 6.5 5.7 5.4 5.3 4.8 4.8 4.2 4 3.7 3 2.3 3.2 4.1 4 2.9 4.3 4.6 4.1 2.3 2.1 1.9 1.8 1.6 1.4 1.2 1 0.9 0.7 0.5 0.4 0.2 0.1 -0.1 -0.3 -0.4 -0.6 -0.8 -0.9 -1.1 -1.3 -1.4 -1.6 -1.8 -1.8
23.5 23.2 23.2 23.5 23.9 24.3 24.4 24.6 23.9 22.4 21.8 21.3 20.3 19.6 20.1 19.7 18.8 18.1 17.4 16.5 15.9 15.5 15.1 14 13.6 12.8 12.1 11.8 11.3 10.7 10.4 10.6 10.2 10.1 9.7 8.9 8.2 8 7.8 7.3 7 6.4 5.9 6.1 5.7 5.7 6.1 6 4.5 3.3 2.3 4.5 3.8 3.2 2.3 2.5 5.2 4.5 3.6 2.4 2.1 2 1.8 1.6 1.4 1.2 1.1 0.9 0.7 0.6 0.4 0.3 0.1 0 -0.2 -0.4 -0.5 -0.7 -0.9 -1 -1.2 -1.4 -1.5 -1.7
22 22.2 22.4 22.3 22.2 22.3 22.5 22.8 22 20.8 20.3 19.8 18.9 18.7 19.2 19.4 18.6 18.1 17.4 16.3 15.6 15.1 14.8 13.8 13.1 12.6 12.5 12.5 11.9 11.3 11.6 11.2 10.6 10.8 10.3 9.2 8.6 8.4 8.2 8.2 7.6 7.1 6.4 6.9 6.9 6.2 6.4 5.9 3.9 2.6 3.5 4.5 3.7 3 1.7 2.7 5.5 4.8 4.3 4.2 2.8 2.2 2 1.8 1.6 1.5 1.3 1.1 1 0.8 0.7 0.5 0.3 0.2 0 -0.2 -0.3 -0.5 -0.6 -0.8 -1 -1.2 -1.3 -1.5
20.8 20.9 21 20.4 20.2 20.2 20.5 20.3 20.1 19.3 18.8 18.3 17.5 17.8 18.2 18.9 18.7 18.3 17.4 16.7 16 15.3 14.5 13.8 13.4 13.1 13.1 13 12.7 12.2 12.4 11.8 11.1 11.3 10.7 10.2 9.1 8.9 8.4 7.5 7.5 7.8 7.1 6.8 6.7 6.2 5.3 4.7 2.8 2.5 4.8 4.7 4 3.5 2.2 2.7 3.1 5.6 4.7 4.2 4.6 2.9 2.2 2 1.8 1.7 1.5 1.3 1.2 1 0.9 0.7 0.6 0.4 0.2 0.1 -0.1 -0.3 -0.4 -0.6 -0.8 -0.9 -1.1 -1.3
20.3 19.6 19.9 19.3 18.7 18.2 18.4 18.5 18.2 17.9 17.3 16.8 16.3 17 17.9 18.8 18.8 18.4 17.7 17 16.3 15.6 15 14.4 13.9 13.8 13.7 13.6 13.4 13.2 12.8 12.1 11.8 11 10.4 9.5 8.9 8 6.8 6.8 6.5 6.2 6.1 5.9 5.2 4.6 3.3 2.9 2.5 4.2 4.9 5.2 4.5 4.3 3.2 2.6 2.8 2.4 5 4.6 4.7 3.8 3.9 2.2 2 1.9 1.7 1.6 1.4 1.3 1.1 1 0.8 0.6 0.5 0.3 0.1 -0.1 -0.2 -0.4 -0.6 -0.7 -0.9 -1.1
20.2 19.4 18.3 18.5 18.1 17.1 17.3 16.8 16.6 16.6 16.1 15.5 15.6 16.7 17.8 18.7 18.8 18.2 17.4 16.7 16 15.2 15.2 14.7 14.6 14.4 14.3 14.2 14.1 13.4 12.7 12 11 10.2 9.6 7.8 6.7 6.1 5.3 5 4.6 4.2 3.3 3.1 3.6 2.7 2.1 3.1 3.5 6.5 6.7 6.4 5.4 4.8 4.5 3.3 2.2 2.5 3.2 4.6 4.1 4 5.4 3.6 2.3 2.1 1.9 1.8 1.7 1.5 1.3 1.2 1 0.8 0.7 0.5 0.3 0.2 0 -0.2 -0.3 -0.5 -0.7 -0.9
19.9 19 18.1 17.4 16.8 16.2 15.6 15.1 15 15 14.9 14.3 14.6 15.4 16.6 17.6 17.1 16.7 17.1 16.4 15.6 15 15.2 15.3 15.2 14.9 14.6 14.2 13.8 13.3 12.7 11.8 10.9 9.7 7.4 6 5.7 4.1 3.6 3.3 3 2.6 2.2 2.2 2.4 3.1 2.8 3.1 5.5 6.4 7.6 7.3 6.5 5.7 4.5 3.9 3.1 3.3 2.8 5.1 3.2 2.5 2.7 3.6 5.7 2.9 2.2 2 1.9 1.7 1.6 1.4 1.2 1.1 0.9 0.7 0.5 0.4 0.2 0 -0.1 -0.3 -0.5 -0.7
19.4 18.7 17.9 17 15.9 15.7 15.3 14.7 13.8 13.6 13.4 13.4 13.8 14.2 14.8 15 15.1 14.9 15.5 16.1 15.3 15.1 15.3 15.1 14.6 14.2 13.7 13.8 13.4 12.9 12.2 10.8 9.4 7.9 5.8 4.4 3.5 2.9 2.4 2.2 2.2 2 2.8 3.2 2.5 2.8 3.9 4 5.4 7.1 8 7.9 7.3 6.5 5.8 4.7 3.8 3.1 2.9 3.1 3 3.5 4.3 4.1 3.7 4.5 6.3 2.3 2.1 2 1.8 1.6 1.5 1.3 1.1 0.9 0.8 0.6 0.4 0.2 0.1 -0.1 -0.3 -0.5
19.6 18.7 18 17.8 17.2 15.7 15.2 14.3 13.3 13 13 12.2 12.6 12.9 13.1 13.2 13.5 14.6 15 15 15 15.4 15.1 14.1 12.9 12.8 13 12.6 12.4 11.6 10.6 9 7.5 6 4.4 3 2.5 2.4 2.9 2.5 2.2 2.1 2.2 2.8 3.4 4.5 4.5 6 7.5 9.5 9.5 8.7 8.5 7.2 6.2 5.5 5.3 5 3.8 3.8 4.5 5.2 6.1 6 5.8 5.6 5.3 5.5 2.7 2.2 2 1.8 1.7 1.5 1.3 1.1 1 0.8 0.6 0.5 0.3 0.1 -0.1 -0.3
20 19 18.1 17.2 16.7 16.3 15.1 14.2 13.4 13.1 12.7 11.9 11.4 11.6 12 12.5 13.2 14.5 15.6 15.6 15.9 15.3 14.1 12.7 11.3 10.7 10.5 10.6 10.2 9.5 8.3 7.4 5.9 4.3 3.7 3 2.9 3.6 3.4 3.4 2.7 2.9 2.8 3.5 4 5.5 7.3 8.1 10.5 10.9 10.4 10.3 8.9 8.6 6.9 6.1 5 5.3 5.1 5.1 6.2 6.6 6.5 6.7 5.7 6.2 6.9 5.8 6.2 5.9 2.2 2.1 1.9 1.7 1.5 1.4 1.2 1 0.8 0.6 0.4 0.3 0.1 -0.1
20.3 19.4 18.4 17.4 16.9 16 15.9 14.7 13.4 12.9 12.7 12.1 11.8 11 11.2 12 12.8 14.1 15.5 16.1 15.8 14.3 12.4 11.3 9.9 8.8 8.4 8.2 7.2 6.4 5.2 4.4 3.6 3 2.6 4.3 3.7 4.1 3.9 4 3.4 3.8 4.1 4.8 5.1 5.9 8.3 10.8 11.9 12.6 11.3 10.6 9.9 8.8 7.7 7 6.2 5.8 5.6 6.4 7.2 7.5 7.7 7.4 7.2 7.2 7.8 7.4 7 6.1 5.2 2.3 2.1 1.9 1.7 1.6 1.4 1.2 1 0.8 0.6 0.4 0.3 0.1
20.6 19.6 18.7 17.7 17 16.3 15.8 14.8 14.5 13.8 12.6 12.4 11.8 11.2 10.7 10.9 12.3 13.9 15 15 14.6 12.8 10.8 9.5 8.4 7.2 6.4 5.9 4.8 4.2 4.3 4.4 4.4 3.3 3.7 4.5 4.9 5 4.9 4.8 4.7 5.3 4.5 4.6 5.4 7 10.1 12.7 13.4 12.9 11.6 10.7 10.2 9.4 7.8 6.9 6.6 6.6 6.5 7.4 8.3 9.5 9.1 9.1 9.2 9.2 8.9 8 7.9 7.4 6.6 6.3 2.3 2.1 1.9 1.8 1.6 1.4 1.2 1 0.8 0.7 0.5 0.3
20.4 19.9 19.2 18.1 17.1 16.6 15.7 15.3 14.6 13.9 13 12.8 11.4 11.4 10.4 10 11.4 12.7 13.1 13 12.4 11.2 9.1 7.6 6.7 5.7 4.9 4.6 5.6 6.1 6 6 5.4 4.6 5.4 6.1 6.7 7 6.3 6.5 6.4 6.1 6.5 6 6.8 9 13.5 13.9 14.4 13.3 11.9 10.8 9.9 8.6 7.7 6.7 6.8 6.7 7.2 8.8 10 10.9 11.2 11 10.5 10.7 10.6 9.6 8.6 7.7 7.2 7.6 4.8 4.9 2.1 2 1.8 1.6 1.4 1.2 1 0.8 0.7 0.5
19.7 19.2 18.7 18.2 17.7 16.7 16 15.4 14.7 14.1 13.4 12.9 12.3 11.5 10.6 9.8 10.4 10.3 10.7 10.4 10.2 9.4 7.5 7.1 6.1 6.4 6 7.2 7.3 7.2 7 6.9 5.8 5.3 6.9 7.5 7.5 8.3 7.9 8.2 8.1 7.7 8.3 8.9 9.7 11.1 14 14.1 14.5 13.2 11.7 10.9 10.1 8.5 7.8 6.9 7 6.7 7.8 9.8 10.9 11.2 11.6 12 12.1 12.3 11.8 11.2 9.8 8.8 9.2 8 7.1 6.9 5.7 2.2 2 1.8 1.6 1.4 1.2 1 0.9 0.7
