Game/Highland_Data/StreamingAssets/GeoData/Data/tr/TR05.asc
ncols 200
nrows 200
xllcorner 600000
yllcorner 150000
cellsize 50
[rows 114 to 151 of 200, columns 85 to 169 of 200]
116.9 117.6 118.1 116.8 115.6 112.4 113.1 112.7 111.8 110.8 110.3 112.3 113.6 113.8 112.4 112.3 111 108.7 106.8 104.7 103.2 100.3 97.3 97 96 95 93 90.5 84.3 86.8 89 89 87.6 85.3 82.7 79.1 74.3 68.2 63.2 60.1 55.6 51.8 49.9 47.4 45 42.1 39.4 37 36.4 40.5 50.2 60.7 69.5 76.3 75.3 72.6 69.7 69.1 69 69.6 69.2 69 68.7 68.3 66.5 64.7 63.8 61.1 58.1 53.5 48.7 45.9 42.6 40.4 37.9 36.8 34.3 33.2 36.9 40.2 40.2 38.4 34.2 27.9 25.2
115.7 117 116.2 116.1 115.8 115.7 115.8 114.2 112.9 112.2 111.9 113.3 115.3 115.2 115.6 115.2 113 109.7 107.5 105.4 103.7 101.7 100.4 99.5 98 96.4 93.6 90.3 88.6 91.5 90.7 91.1 88.5 86.6 83.3 79.2 74.7 69.9 64.7 61.1 57.5 53.5 50.9 48.1 45.3 42.6 40.4 38 35.9 35.4 39.6 54.1 61.8 64.5 66 67.2 65.3 64.6 66.4 68.4 69.5 69.4 69.2 68.2 66.7 64.8 63.5 62.2 59.8 57.4 55.2 54.2 49.9 48 44.7 41.7 35.6 32.3 31.9 35.8 30.5 33.7 28.3 25.9 23.2
115.1 116.4 117 117 117.1 117.2 116.2 116.4 115.4 113.7 112.5 112.8 113.2 113.2 113.9 114.3 112.2 110.7 108.7 106.2 104.1 102.8 101.7 100.3 98.5 96.9 94.7 93.1 93.9 93.9 93.1 92.6 89.3 87.8 85.8 81.4 75.5 70.9 66.4 62.3 58.6 55.3 52 49.2 46.4 44.2 41.9 39.5 35.4 34.8 35.4 43 50.8 55.5 58.1 59.6 58.3 58.8 62 64.9 67.3 68.5 68.7 68.2 66.6 64.1 62.7 61.5 59.4 57.5 55.6 53.3 51.7 50.1 47.6 43.5 39.3 33.9 30 29.5 30.3 28.2 26.4 24.1 21.7
114.5 115.7 116.6 116.7 116.7 116.9 117.7 117.8 116.6 115.3 113.6 111.7 110.8 111.2 111.4 111 110 109 107.8 106.1 104.5 103 101.6 99.7 98.7 97.4 95.9 96 95.2 94.6 94.1 92.9 90.2 88.5 85.4 81.4 76.4 71.2 66.4 62.9 59.3 56.3 53.1 50.9 48.7 46 42.4 39.1 36.3 34.8 34.6 34.4 42.4 47.7 50.7 52.6 51.3 53.9 56.8 59.6 61.7 63.5 65.9 66.4 64.8 62.8 61.4 58.7 57.2 55.7 54.2 52.2 50.1 48.5 45.2 42.3 39 35.2 30.3 27.1 26.2 25.5 23.7 22.1 21.5
114.5 115.7 115.9 115.1 115.1 115.4 116.8 116.4 116.7 116.8 113.5 112.2 110.9 110.3 110.1 109.6 108.4 107.3 106.7 106 104.8 103.3 102 100.7 99.3 98 97.1 96.5 95.8 95.1 94.2 92.7 90.7 87.7 85.7 81.9 76.7 72 67.5 63.6 60.1 57.3 54.5 51.6 49.1 45.8 43.2 39.9 38.6 36.2 34.1 33.5 35 40.9 44.3 45.6 45.4 47.1 50.4 53.5 55.8 55.9 59.3 60.5 62.4 60.6 58.8 56.3 55.3 52.4 51.7 49.5 47.5 45.5 42.6 39.8 36.4 33.1 28.3 25.6 24.5 23.3 22.4 21.8 22.7
113.8 114.7 114.6 113.9 112.9 113.2 114.7 114.9 115.9 115.4 112.9 110.7 108.7 110.6 109.3 109.2 106.8 106.5 105.9 105.7 104.9 103.7 102.5 101.2 100.1 99.3 98.3 97.1 96.2 95.3 93.3 91.3 89.2 87.4 85.6 81.8 77.1 73 69.7 65.3 61.6 58.6 55.1 52.2 49.2 46.3 44.6 42.9 41.1 38.8 36.4 34.5 32.5 35.1 39.7 41.3 40.2 43.1 45.9 46.2 45 46.3 51 53.8 54 56.5 55.7 52.9 51.2 49.5 47.7 46.2 43.4 40.7 38.7 35.6 32.3 29.9 24.8 24.1 23.3 22.1 22.5 21.4 21.1
112.4 112.8 113.1 111.8 111.1 110.3 111.2 112.5 113.5 112.9 110.7 109 107.3 107.7 108.4 107.5 105.2 105.2 105.1 104.8 104.7 104.1 103 101.8 100.7 99.8 98.8 97.7 96 93.4 91.2 88.8 86.9 84.5 83.1 80.2 78 74 70.5 65.6 63 59.1 55.4 51.8 48.8 47.4 46.3 44.2 42.3 39.8 37.4 34.6 32.1 32.1 36 36.4 35.7 36.2 38.2 38.4 38.5 37.6 44.8 46.3 48.5 49.8 51.1 50.8 48.2 46 43.8 41.8 38.6 37.3 34.5 30.5 25 23.5 23.7 23.3 22.8 22.4 21.7 22.1 20.8
111.9 111.8 112 110.1 108.8 107.3 107.7 108.8 109.9 109.7 108.2 106.4 104 104.2 105.7 105 103.8 102.3 102.1 103 103.7 103.4 102.7 102.1 101 100.2 98.7 97.2 95.3 93.1 90.7 85.8 84.5 81.5 79.4 77 72.4 71.1 67.8 64.3 61.6 58.1 54.8 52 51 50 47.2 44.9 42.1 39.5 36.8 34 32.7 31.2 31.8 32.1 31.4 30.9 31 30.7 31.8 32.5 35.6 41.9 43 46.1 48 47.2 44.8 41.2 39.3 37.3 35.4 31.9 28.9 23.7 23.1 23.2 22.7 22.7 20.2 20.2 20.2 20.2 20.5
111.4 111 110.4 108.3 106.1 104 103.6 105.2 105.9 105.6 104.2 102.4 99.3 99.9 101.9 101.1 99.4 97.2 98.1 100.4 101.3 102.1 102 101.7 101.5 100.7 99.7 98.4 97 94.7 92.2 89.1 84.7 81 78 73.7 70.8 67.7 64.7 62.4 59.6 57.5 56.6 54.7 52.5 50.4 47.5 43.9 40.9 38.2 35.8 32.7 31.2 30.6 29.7 29.5 30 28.7 28.6 27.7 27.7 28.4 29.3 33.3 40.7 43.6 44.2 43.8 41.4 38.9 35.7 33.5 31.7 28.8 25.7 22.6 23.3 23.5 20.4 20.2 20.2 20.2 21.5 20.5 20.7
110.8 110.3 108.5 106.6 104.1 101.8 100.3 99 98.8 100.2 98.4 94.2 90.5 92 94.3 94.4 93.6 91.7 93.2 95.8 98 99.9 100.6 102.6 102.3 101.4 100.7 99.5 98.2 96.5 94.9 91.6 87.3 84.9 81.2 77.1 74.3 70.4 67.4 63.3 60.3 58.2 57.1 54.6 52.8 49.2 46.3 42.6 39.3 36.4 33.7 31.9 30.7 29.8 29.8 29.8 29.4 28.6 28.7 27.6 26.9 26.9 27.2 28.2 34.7 40.8 42.1 40.2 38.2 35.2 32 31.5 27 25.5 22.3 22.9 22.4 20.2 20.2 20.2 20.2 20.2 21.9 20.7 20.8
110.3 109.8 107.9 105.6 102.1 99.4 97.8 96.3 93.9 92 89.3 86.9 84.8 83.8 84.7 85.3 85.5 84.7 87.4 90.3 92.3 94.7 98.6 102 102.7 102.6 101.8 100.5 99 97.4 94.3 91.1 87.9 84.3 80.9 77 73.3 69.8 66.6 62.5 57.8 55 54.5 51.5 49.7 47.5 44.6 40.5 36.7 34.2 32.7 31.5 30.8 31.1 31.3 31.5 30.9 32.1 30.4 30.4 28.6 25.8 26 26.7 29.7 35.8 38.4 38 34.5 31.6 27.1 26.7 24.5 23.4 23.5 20.2 20.2 20.2 20.2 20.2 20.2 20.2 20.1 21 20.5
109.9 109.5 107.8 105.2 102.2 102.2 102.3 99.7 95.5 93.2 90.8 88.2 84.9 81.5 79 78.7 78.3 78.8 81.3 83.1 85.2 89.5 93.9 99.4 101 102 101.1 100.2 98.7 96.2 92.4 88.2 83.3 79.1 75.7 72 68.6 65.4 61.5 58.5 54.1 51.6 48.4 46.9 45.2 44.8 39.8 36.5 34.2 33.1 32.3 32.5 35.2 39.1 38.1 38.9 37.4 35.1 33.9 32.3 29.6 26.6 24.5 25.3 28.2 31.6 34.7 33.3 30.5 25.8 25.5 25 23.5 21.4 20.2 20.2 20.2 20.2 20.2 20.2 20.2 20.9 21 21.4 22.1
110.3 109.5 106.9 105.1 104.9 104.6 104.3 101.7 100.8 99.3 97.4 94.6 91.6 86.1 80.2 76.5 74.7 73.6 74.5 75.2 77.5 80.7 84.8 90.9 95.1 97.8 98.8 98.6 96.8 91.3 87.2 83 78 73.1 69.4 65.9 62.6 59.8 57 54.1 49.4 44.4 40.4 38.4 36.5 36.7 35.7 34.6 34 33.3 34.8 39 44.9 44.3 40 39.3 37 35.2 33.4 30.1 27.5 26.4 25.1 24.7 25 26.3 26 26.3 25.7 24.1 24 23.2 22 20.2 20.2 20.2 20.2 20.2 20.2 20.2 20.3 21.2 21.7 22.5 22.8
110.5 109.5 107.7 107.5 107.3 107 106.3 105.7 105.1 104 102.3 99.3 92.7 87 84.2 80.5 75.1 72.8 70.8 69.5 70.3 72.9 76.3 80.9 87.6 91.2 93.5 93.8 91 86.8 81.4 76.8 72.5 67.8 64.1 60.7 58.5 56.1 52.7 48.7 40.1 37.2 36.3 35.5 36.4 35.2 34.8 34.5 34.9 38.1 42.8 45.8 46.3 43.2 39.5 37.3 35.4 33 31.4 28.7 28.2 27.2 25.6 24.4 24.7 24.7 25.2 25.4 25.2 23.4 22.4 22.5 20.2 20.2 20.2 20.2 20.2 21.7 20.3 20.5 21.4 22.4 22.7 23.5 24.5
110.7 109.7 108.9 108.7 108.4 107.8 107.4 106.8 106.2 104.5 102.7 98.9 93.6 91.3 91 86.3 80.6 75.2 71.5 67.8 66.2 66.4 69.1 73 76 81.9 85.7 85.9 84 81.1 76.7 72.2 67.8 64.7 60.5 56.7 54 50.9 45.5 39.1 36.6 36.2 37.5 36.9 37.3 36.7 37.1 37.2 42.3 46.3 49 47.5 44 41 36.8 33.1 31 30.4 29.1 27.7 26.8 26.1 25.2 24.2 24.2 23.9 24.2 24.4 24.3 22.4 20.2 20.2 20.2 20.2 20.2 21.4 20.3 21.7 22.7 22.4 23.1 23.5 24.3 25.1 26.3
110.4 110.3 110 109.7 109.1 108.5 108 107 106.1 104.2 100.4 99 97 96.7 94.8 90.6 85.6 80.9 74.1 69.6 66 63.3 63.4 65.5 69.2 73.3 77.2 77.3 77.3 75.1 72.2 68.5 65.1 60.7 57.7 54.5 49.8 44.7 39.7 37.1 36.9 39.3 40.9 40.8 40.5 41.6 43.3 46.2 51 50.6 49.2 45.2 41.9 37.7 35.3 30.2 29.9 28.2 27.1 26.1 25.8 25 24.8 24 23.5 23.2 23.6 23.8 22.9 22.7 20.2 20.2 20.2 20.3 20.8 21.3 22.3 22.7 24 24.3 24.4 25.6 26.8 28.3 29.5
111.4 111.3 111 110.4 109.8 109 108.2 107.3 106.2 105.5 103.2 102.1 100.5 98.8 95.1 93.9 90 85.1 79.7 72 67.1 63.1 61.1 60.6 62.9 66.6 69.3 71.1 71.2 72 70.2 66.6 63 58.5 54.4 51.7 47 40.6 38 38.5 44 44.7 45.2 44.5 44.2 45.5 49.1 51.6 53.5 52.8 46.7 41.4 37.1 32.4 30.3 29.4 27.6 25.5 24.3 25 24.6 24.2 23.8 22.9 23.5 23.1 23.1 23.6 22.3 22.5 21 20.9 20.9 21 21.9 23.1 23.5 23.9 25 25.7 27.1 28.5 29.8 31.6 34.3
112 111.8 111.3 110.6 109.8 109 108.2 107.1 106.2 105.7 105.1 104.2 103.3 101.2 97.5 95.7 91.5 86.5 81 76.4 69.7 65 60.9 58.1 58.1 60 62.1 64.6 67 68.7 68.4 64.6 60.8 56.3 52 47.1 42.9 39.1 38.9 47.7 50.3 49.2 48.9 49.2 49 49.8 54 54.7 53.2 45.1 43 36.6 32.7 30.7 28.6 26.6 25.9 24.9 23.6 23.5 23 23.3 22.6 22.5 22.5 22.8 24.5 22.6 21.8 22.3 21.3 21.2 21.6 23.7 23.8 24.8 25.6 26.5 27.5 28.7 30 31.4 32.8 34.8 37.5
112.3 111.5 111.5 110.6 109.7 108.9 108.2 107.4 106.1 105.5 105.2 104.7 103.8 102.7 100.4 97.4 93.4 88.3 85 80.6 76.6 68.6 63.9 59.1 55.5 54.6 56.4 59.9 63.8 65.5 66.2 63.1 59.2 55.2 50.1 45.7 40.9 40.5 44.5 55.1 56.2 53.3 52.3 51 56.9 58.1 58 55.3 49.5 42.5 37.7 33.8 31 28.4 27.1 26.2 24.8 23.7 22.9 23.4 23.4 22.9 22.6 21.9 22.2 23.1 22.4 22.6 22.5 22.6 21.3 24.3 25.5 26.3 27.1 28.2 28.6 30 31.6 33 34 35.2 36.2 38 40.6
112.8 111.9 111.6 110.8 109.9 109 108.5 107.3 106.2 105.3 105.5 105.1 104.2 102.9 100.7 98.1 95.2 91.3 87.5 83.7 79.5 73.7 68.1 62.4 58.8 53.5 52.4 55.3 59.2 62.6 63.2 61.1 57.7 53.5 47.9 43.3 40.5 40.6 49.4 57 63 62.3 59.6 62.5 62.2 62.2 60.3 55.6 49.5 40.5 34.5 31.5 28.6 27 23.5 25.6 24.4 22.4 22.6 21.2 23.2 22.1 22.2 22.4 22.5 25 22.4 21.8 21.8 21.8 27.3 30.4 31.2 31.8 32.5 33.3 32.1 33.7 36.1 37.2 38.4 39.5 40.7 41.9 44.7
112.7 112.1 111.4 111.1 110.2 109.3 108.8 107.5 106.2 104.9 105.5 105.2 103.9 102.3 100.2 97.7 94.3 90.5 87 82.7 78 74.7 69.3 65.3 60.3 54.1 51.1 50.6 55.6 59.6 60.2 58.8 56.2 52.9 44.9 41.4 40.9 42.8 51.7 59.2 67.4 69.8 67.5 66.5 65.2 63.8 60 54.7 47.3 38.2 33.9 30.9 27.9 23.5 23.5 24 23.7 22.6 22.8 22.7 22.4 21.9 22.1 22.4 23.2 22.5 23.3 24.4 29.7 26.8 33.9 39.1 40.5 40.3 40.4 38.1 34.5 37.3 40 41.7 42.9 44.1 44.6 45.7 48.4
112.9 112.2 111.5 110.8 110.4 109.5 108.8 107.5 106.3 105.5 105.4 104.2 102.2 99.7 96.9 94.3 90.6 86.4 82.4 77.8 74.1 70.2 65.2 62.3 57.5 52.2 48.1 47.6 51.7 55.4 55.6 54 52.6 46.8 42.1 41.9 43.6 50.5 57.4 67 72.7 73.4 71.3 69 66.3 63.2 59.5 53.2 47.2 39.5 33.5 30.8 28.4 26.5 23.5 23.5 23.8 22.8 22.9 22.2 22 22.2 22.2 22.5 24.7 23.8 32.4 36.1 33.9 36.2 39.5 43.8 46.2 46.3 45.2 41.1 38.3 39.9 43 45.6 48.6 50.1 48.8 49.3 52.6
113 111.8 111.4 110.9 110.2 109.8 108.9 108 107 105.8 104.1 102.1 99.3 96 92.1 88.2 84.5 81.2 77.3 73 69.3 65.6 58.4 54.9 51.9 47.3 45.9 44.7 44 44.6 43.6 42.6 41.9 41.8 42.2 43.8 48.9 54.7 62.4 72.7 75.9 74.8 72.3 68.7 65.7 62.3 58 52.3 47.2 40.4 36 31.4 28.9 27.1 23.5 25.4 24.1 23 22.6 23 22.1 22.5 22.6 23.3 26.2 36.1 44 43.7 39.6 41.2 44.1 47 50.4 51 49.5 45.2 40.9 42 45.4 48.5 54.6 56.9 53.8 53.9 58
113.1 111.7 110.5 110 109.6 108.6 108.6 107.7 107 104.9 103.6 98.3 94.4 90.6 86.2 82 78.4 75.7 72.6 68.6 64.8 60.9 51.6 48.9 46.8 46.1 45.7 44.3 42.9 43.9 43.2 42.6 41.9 43.5 45.4 48.6 53.1 58.8 68.1 76.9 78.4 74.6 71.3 67.1 63.7 60.4 55.4 50.3 45.7 40.5 36.4 31.4 29.3 27.4 26 25.1 24.6 23.4 23.4 22.7 22.6 22.4 22.6 24.4 26.3 40.6 49.6 50.4 47.5 47.4 49.9 51.7 53.8 55.5 53.9 48 43.1 43.8 49.1 53.2 57.9 60.9 57.8 59.2 64.2
113.1 111.8 110.5 109.2 106.9 104.9 105.7 104.3 104 102 100.2 96.2 91.7 85.7 80.4 76.9 73.6 71.5 68.4 64.1 59.6 53.6 49 47.5 47.5 47.3 48 46.3 45.8 45.6 43.5 44.3 46.6 46.9 50.7 53.5 57.3 64.6 74 80.6 79.4 74.6 70.9 65.7 62.2 58.8 53.5 48.1 42.9 38.9 35.9 32.1 29.9 28.3 26.2 25 24.5 23.6 23.4 23 22.8 22.5 22.7 27.1 26.5 42.8 52.8 55.6 54.6 54.6 57.5 58.2 61.8 61 59 51.3 46.4 46.8 50.9 56.4 63.6 66.5 64 65.7 71.5
113.2 111.9 110.5 108.7 104.2 98.9 98.6 97.5 95.9 94.9 93.2 90.3 86.1 80.7 77.9 73.4 70.1 67.5 65.6 61 55.9 50.9 47.9 51.6 53.3 54 52.3 52.1 51.6 49.6 47.8 50.1 52.7 53.6 54.6 57.2 61.6 72.2 81.4 83.1 80.7 76.5 72.2 65.6 60.5 57.1 52.4 45.6 41.8 38.4 35.6 32.1 30 28.4 26.2 25.3 25.1 24.6 22.9 23 22.6 22.6 22.7 25.2 26.9 42.7 52 56.2 58.6 61.5 64.3 67.5 67.9 67.2 66.5 57.3 50.1 50.6 55 62.1 70.1 74.4 70.2 71.9 77.9
112.8 111.7 110.4 109.1 105.4 99.2 90.9 88.7 88.1 87 84.8 82.5 80.2 78.7 76.3 72.1 67.1 63.8 61.5 58.2 53.8 49.2 50.3 54.9 58.9 58.8 56.4 56.9 54.5 51.6 50.6 52.5 56.4 57.3 58 61.4 68.5 75.9 85.4 85.2 82.6 78.4 72.6 66.2 61.7 57.2 51.7 47.2 42.4 38.8 36.2 33.7 29.9 28 25.9 25.7 24.8 24.8 22.5 22.8 22.7 22.5 22.7 22.7 27.1 40.6 47.5 53 57.3 61 67.7 71.7 73.6 74.1 73.7 65.7 55.2 54.9 62.5 69.7 76.6 80 78.2 79.2 84.3
111.8 111.4 109.9 108.4 104.3 98.8 90.7 82.7 79.8 78.7 77.1 75 72.7 72.8 73.4 71.3 66.2 61.5 58 55.5 51.8 49.6 52.3 58.8 63.2 62.9 62 59.1 56.7 54.6 53.5 55.6 60 62.5 64.7 68 77.1 85.2 87.7 87.6 82.7 78.6 74.3 66.8 62.2 57.3 51.5 46.6 42.7 38.9 36.1 33.7 30.6 28.6 27.1 25.6 25.1 24.6 23.7 23.5 23.2 22.8 22.8 25.4 27.3 38.7 44.4 49.7 54.7 59.4 67.8 74.6 79.8 80.7 80.6 76 69.5 64.7 71.1 77.9 83.5 86.8 84.3 86.2 90.4
109.6 109.3 107.5 104.8 100.5 94.7 88.4 81.6 73.8 71.8 70.7 67.9 65.5 62.9 62.4 65.2 65.2 60.7 56.4 52.5 50.2 50.7 53.3 61.3 66.6 66.6 64.8 62.7 60.3 57.8 57.1 59.4 62.1 65.7 71.7 77.7 84.4 90 90 88.8 84 78.4 74 67.3 62.3 56.6 51.8 46.4 42.6 39.1 36.7 34.1 31.9 30 27.5 26 24.9 24 22.2 23.2 23 22.8 22.8 26.4 29 37.2 42.4 48.2 53.2 58.4 66 74.9 83 86.2 86.4 85.5 84 75.2 76.2 84.9 89.9 91.4 87.4 90.7 94.7
102.4 104.6 101.8 98.9 94.4 89.1 83.4 78.7 73 65.5 63.2 59.3 54.3 54 53.4 54.2 53.6 52.9 52.6 51.8 52.3 52.8 54.3 61.9 68.2 69.6 67.8 65.6 63.6 59.6 60.7 62.6 66.4 71.7 80 86.6 91.1 94 92.4 89.3 83.7 78.8 74.5 67.6 62.3 55.5 51.4 47 42.7 40.2 37.9 35.3 32.9 28.9 27.4 26 25.1 23.7 23.7 23 22.5 22.9 23 23.5 29.6 36.2 41.9 47.2 51.9 57.4 64.4 74.2 82.6 87.8 91.8 91.1 88.4 86 83.3 90.6 94.8 95.4 94.7 96.1 97.9
95.1 95.1 93.5 92 87.7 82.7 77.9 73.6 67.5 61.1 55.4 53.7 53.3 54.1 53.4 53.2 52.2 52.1 52.5 54.5 55.3 53.5 55.2 62.6 68.9 71.8 71 68.5 66.3 64.9 65.2 67.4 72.4 78.5 86.3 91.3 96.5 96.4 94 90.4 83.9 79.5 74.8 69.1 62.9 57.3 52.7 48.4 44.5 41.7 40.5 37.8 32.3 31.2 27.4 26.1 25.2 24.1 23.6 23.8 23.2 22.9 23.1 23.6 29.2 35.8 40.8 46 50.4 54.4 61.2 69.4 78.6 86.8 92.1 94.8 95.1 93.1 91.5 95.4 98.6 99.2 98.6 99.9 100.1
87.1 88 86.3 85.3 81.4 76.6 72.4 66.4 60.5 55.6 54.1 54.9 57.2 57.8 55.9 54.8 55.2 54.8 56.3 58.9 57.5 54.3 57.1 64.1 70.2 74 74.1 72.4 70.1 69.3 69.8 73.5 80.5 86.7 94.5 99 99.6 97.9 95.3 91.3 84.7 78.9 75.4 69.6 63.6 58.6 52.3 48.6 45.6 44.2 42.3 39.1 34.2 31.1 29.6 27.4 25.6 24.8 23.8 23.6 23.3 23 24.1 24.9 28.3 32.9 40.4 44.5 48.6 53.3 58.5 63.9 71 79.9 88.5 94.5 98.7 98.8 97.5 99 100.6 100.8 101.9 102.8 103.6
81.8 81.7 80.4 79.1 76.5 71.9 65.6 58.8 57 57.7 62.1 63.6 63.1 61.2 60.4 61 60.5 60.4 61.7 59.9 58.3 56.3 58.7 66.4 71.2 75.8 77.5 76.3 74.6 73.6 76 81.9 87.9 94.4 99.6 101.5 102.6 99 95.4 90.6 84.3 79.9 75.3 69.7 63.1 57.7 52.8 51.3 51 48.8 45.6 42.2 36.5 34.2 30.2 28.1 26.6 25.1 23.9 23.3 23 23.1 24 24.6 27.9 28.7 38.5 42.6 46.9 51.5 56.1 60.3 65.8 73.1 83.2 91.9 99.4 101.7 103.3 104.5 104 103.5 104.1 104.8 105.1
82.1 76.4 75.2 74.4 74 68.4 60.4 60.1 63.7 67.6 70 69.5 67.4 65.8 66 68.4 68.2 66.3 65.5 63.1 59.7 57.8 61.6 66.9 72.5 77 80.5 81.6 80.8 79.6 81.7 88.2 95 100.4 102.7 104.4 103.8 100.3 94.3 88.6 84.2 79.1 75.2 70.6 64.9 59.7 55.5 54.7 53.2 50.8 46.7 44.2 37.7 33.8 30.4 28.4 26.4 25.4 23.3 23.3 23.3 23.4 23.1 24.1 27 28.6 36.4 40.6 43.4 49.5 54.5 58.2 62.4 68.7 77.8 87.8 96.8 103.3 106.7 108.9 107.6 106 106.6 107.2 107.4
84.4 77.4 71.7 68.1 66.9 61.3 63.5 67.2 71.8 74.4 75.2 74.5 72.2 70.7 72.8 74.3 74.3 72.3 67.4 63.7 60.4 59.1 63.7 68.8 74 79.7 84.6 85.4 89.6 87.4 89.2 95.1 100.2 103.1 105.3 105.7 104.1 99 92.9 87.9 83 80 76.8 73.8 67.7 62.1 59.2 56.8 55.1 51.6 47.3 41.4 36.8 32.8 31.6 30 27.3 25.5 23.4 23.3 23.1 23 23 23.3 26.5 29.7 34.7 38.4 42 47.9 51.8 55.5 59.8 64.4 72.6 82.3 92.4 101.8 107.6 112.4 111.4 109.4 110 110.5 110.2
85.5 79.4 73.1 65.9 62.8 61.9 72.5 77 79.7 82.4 83.6 80.5 77 77.2 79.2 79.3 77.2 73.3 67.5 62.4 60.7 61.1 66.4 71.7 76.8 82.8 89.7 96.4 99.4 99.4 98.5 99.3 103.6 106.2 107.3 106.7 102.3 97.1 90.7 85.6 81.2 79.5 77.7 74.4 69.1 65.1 62.1 58.8 55.2 51.2 47.5 39 35.6 33.9 33.6 32.3 28.2 26.3 23.9 23.6 23.2 23.2 23.2 23.6 26.5 29.2 33.2 37 40.7 46.3 48.8 52.8 57 61.7 68.2 77.4 87.5 97.6 106.5 114.3 114.1 112.9 112.7 113.3 113.3
86.1 78.4 72.7 67.4 62.7 68.3 78.8 85.7 89.1 89.8 90.6 88.9 86.8 85 84.5 82.8 79.4 73.9 67.4 62.6 61.5 63.6 68.9 74.3 80.5 87.9 98.3 102.9 105.1 105.4 105.3 104.3 104.9 106.5 107.1 104.2 99.6 93.8 87.7 82.8 79.2 77 76.2 74.6 70.9 68.2 62.9 58.4 54.2 50.8 41.9 38 36.8 37.8 36.4 33.8 29.6 26.9 23.8 23.7 23.1 23.7 23.7 24 26.1 28.5 32.1 35.3 38.3 43.6 46.5 49.9 55 59.1 65.1 71.3 82.4 94.5 103.9 112.4 115.4 115.3 115.7 115.4 115.8
81.3 76.4 69.9 65.7 64.6 76.3 85.6 91 93.7 93.6 94.8 95.1 92.6 90.5 88.4 85.2 81.1 73.9 66.4 63.7 62.2 66.4 71.8 77.2 84.9 96.1 104.1 108 108.1 108.6 107 106.1 105.4 106.5 104.7 100.8 95.6 88.4 83.7 79.3 75.9 72.7 73 72.9 69.3 65.7 61.9 56.8 50 42.1 40.3 39.7 42.7 43.5 38.3 35.8 31.4 28.1 24.2 24.1 23.8 23.9 24.1 24.2 25.5 27.5 31.7 34.6 37.1 42.3 44.9 48.7 53.6 57.8 63.8 69.2 78.8 89.5 100.1 110.4 116.1 115.2 115.8 116.1 116.6
