Game/Highland_Data/StreamingAssets/GeoData/Data/ng/NG14.asc
ncols 200
nrows 200
xllcorner 110000
yllcorner 840000
cellsize 50
[rows 108 to 143 of 200, columns 82 to 163 of 200]
-1.9 -1.9 -1.9 -1.9 -1.9 -1.9 -1.9 -1.9 -1.9 -1.9 -1.9 -1.9 -1.9 -1.9 -1.9 -1.9 -1.9 -1.9 -1.9 -1.9 -1.9 -1.9 -1.9 -1.9 -1.9 -1.9 -1.9 -1.9 -1.9 -1.9 -1.9 -1.9 66 151.6 203.9 202.1 200.5 198.4 194.5 191.2 187 182.2 172.8 160.5 149.7 138.1 132.6 125.8 120.5 116.8 113.9 114.1 115.5 117.9 123.8 129.3 136 148.5 149.8 151.2 153.5 153.2 153.1 154.5 155.9 156.8 157.9 159.2 165 171.8 186.5 199.2 204.8 217.1 231.4 259.3 271.9 274.1 283.5 301.7 312.7 321.1
-1.9 -1.9 -1.9 -1.9 -1.9 -1.9 -1.9 -1.9 -1.9 -1.9 -1.9 -1.9 -1.9 -1.9 -1.9 -1.9 -1.9 -1.9 -1.9 -1.9 -1.9 -1.9 -1.9 -1.9 -1.9 -1.9 -1.9 -1.9 -1.9 -1.9 -1.9 -1.4 29.1 94.1 193.7 195.7 194.5 193.6 188.5 182.7 177.8 173.8 162.2 151.7 141.9 131.3 123.6 116.8 111.5 108.4 107.6 109.3 112 117.6 122.1 128.8 137.3 149.5 149.8 149.8 149.8 150.1 154.4 158.7 162.4 161 159.3 160 160.3 165.9 188.2 203 204.5 215.8 225.8 247.1 267.4 274.7 280.7 298.4 313.3 321.9
-1.9 -1.9 -1.9 -1.9 -1.9 -1.9 -1.9 -1.9 -1.9 -1.9 -1.9 -1.9 -1.9 -1.9 -1.9 -1.9 -1.9 -1.9 -1.9 -1.9 -1.9 -1.9 -1.9 -1.9 -1.9 -1.9 -1.9 -1.9 -1.9 -1.9 -1.9 -0.2 1.8 13.4 127.7 180.1 180.2 180.4 178.4 174.9 166.1 158.3 150.7 140.3 131.4 122.6 113.7 109.5 105.5 102.9 102.7 108.3 113.3 117.6 122.1 129.1 134.8 146 148.2 149 148.5 150.3 155.4 161.5 164 163 162.2 160.7 161.2 173.4 189.1 204.4 205.6 211.5 223.6 241 261.6 271.9 281 300.4 313.5 313.9
-1.9 -1.9 -1.9 -1.9 -1.9 -1.9 -1.9 -1.9 -1.9 -1.9 -1.9 -1.9 -1.9 -1.9 -1.9 -1.9 -1.9 -1.9 -1.9 -1.9 -1.9 -1.9 -1.9 -1.9 -1.9 -1.9 -1.9 -1.9 -1.9 -1.9 -1.9 -1.9 0.4 1.9 42.8 153.6 161 161.4 160.8 158 150.5 144 137.8 130.1 123.3 114.3 107.7 104.2 100.8 98.1 102.5 105.9 111.9 117.4 125.2 127.6 128.1 139 146.9 147.5 150.6 153.2 158.4 164.2 166.7 166.5 164.8 163.7 166.6 174.1 189.8 205.1 206.5 210.2 225.5 240.4 262.5 271.1 278.9 295.8 309 311.9
-1.9 -1.9 -1.9 -1.9 -1.9 -1.9 -1.9 -1.9 -1.9 -1.9 -1.9 -1.9 -1.9 -1.9 -1.9 -1.9 -1.9 -1.9 -1.9 -1.9 -1.9 -1.9 -1.9 -1.9 -1.9 -1.9 -1.9 -1.9 -1.9 -1.9 -1.9 -1.9 -1.9 0.7 4.3 113.4 140.7 141.7 141.9 138.5 133.5 128.7 123.3 117.8 114.1 105.4 103.1 100.3 97.8 97.6 99.5 102.7 108.9 113.8 122.5 130.5 136.7 139.6 139.7 148.2 150.3 153.4 162.3 168.1 171.3 170.9 166.7 167.3 169.2 175.1 188.3 207.3 207.6 211.1 221.9 238.6 269.6 272 272.2 284.4 290.8 298.9
-1.9 -1.9 -1.9 -1.9 -1.9 -1.9 -1.9 -1.9 -1.9 -1.9 -1.9 -1.9 -1.9 -1.9 -1.9 -1.9 -1.9 -1.9 -1.9 -1.9 -1.9 -1.9 -1.9 -1.9 -1.9 -1.9 -1.9 -1.9 -1.9 -1.9 -1.9 -1.9 -1.9 0.2 2.8 30 125.7 125.1 124.6 122.1 119.3 115.9 113.4 109.6 104.6 99.6 97 95.1 94.3 92.6 91.4 97.6 107.1 114.3 122.2 132 138.5 144.1 148.2 150.9 152.6 154.3 161.8 170 171.3 170.5 166.8 168.2 169.2 172.2 185 205.9 207.4 211.7 222.7 235.3 253.6 264.8 263.2 268.2 275.9 282.8
-1.9 -1.9 -1.9 -1.9 -1.9 -1.9 -1.9 -1.9 -1.9 -1.9 -1.9 -1.9 -1.9 -1.9 -1.9 -1.9 -1.9 -1.9 -1.9 -1.9 -1.9 -1.9 -1.9 -1.9 -1.9 -1.9 -1.9 -1.9 -1.9 -1.9 -1.9 -1.9 -1.9 -1.9 -1.9 9.9 109.5 108.6 109.4 109.5 108.6 103.2 98.5 96.5 93.4 91.3 90.3 90.4 89.6 87.6 93.2 97.6 103.7 113.9 122.6 134.7 142.4 149.1 150.8 152.6 154.7 158.2 161.2 164.6 166.2 166.5 167 167 168 170.4 179.3 190.9 203.4 211.8 219.3 230.1 241.2 254.2 257.2 256.2 259.9 266.9
-1.9 -1.9 -1.9 -1.9 -1.9 -1.9 -1.9 -1.9 -1.9 -1.9 -1.9 -1.9 -1.9 -1.9 -1.9 -1.9 -1.9 -1.9 -1.9 -1.9 -1.9 -1.9 -1.9 -1.9 -1.9 -1.9 -1.9 -1.9 -1.9 -1.9 -1.9 -1.9 -1.9 -1.9 -1.9 1.6 74.1 97.6 96.6 94.9 93.8 91.8 88.2 86.5 86.2 86.5 86.7 85.9 83.3 88.5 90.4 94.9 101.1 113.9 127.1 143.3 146.3 150.4 152 153.6 156.4 158.2 163.1 166.3 166.2 164.8 165 165.3 165.4 169.2 175.6 185.5 197.1 211.9 220.9 230 237.2 241.5 245 247.9 255.1 257.7
-1.9 -1.9 -1.9 -1.9 -1.9 -1.9 -1.9 -1.9 -1.9 -1.9 -1.9 -1.9 -1.9 -1.9 -1.9 -1.9 -1.9 -1.9 -1.9 -1.9 -1.9 -1.9 -1.9 -1.9 -1.9 -1.9 -1.9 -1.9 -1.9 -1.9 -1.9 -1.9 -1.9 -1.9 -1.9 1.5 81.2 81.8 87.2 89 87.1 85.1 83 82.8 82.9 84.1 84.8 83.1 84.5 86.7 89.9 92.5 99.7 110.3 128.8 147.6 149.5 153.9 155.7 155.6 156.7 158.2 163.2 168.2 166.9 163.7 159.9 160.9 163 166.4 172.4 180.2 191.5 204.8 219.4 225.6 230.1 234.1 239.8 244.7 246.9 249.3
-1.9 -1.9 -1.9 -1.9 -1.9 -1.9 -1.9 -1.9 -1.9 -1.9 -1.9 -1.9 -1.9 -1.9 -1.9 -1.9 -1.9 -1.9 -1.9 -1.9 -1.9 -1.9 -1.9 -1.9 -1.9 -1.9 -1.9 -1.9 -1.9 -1.9 -1.9 -1.9 -1.9 -1.9 -1.9 1.2 56 69.1 69 74.1 76.9 78.1 78.9 76.8 77.9 80.4 81.9 77.4 83.7 83.4 88 91.2 96.8 108.9 129.7 148.5 151.1 154.1 157.5 158.5 158.7 158.6 161.2 164.2 163.2 160.6 156.5 152.3 153.3 160.1 169.1 176.5 187.7 206.8 213.1 218.5 227.1 232.8 237.8 241.7 241.9 242.7
-1.9 -1.9 -1.9 -1.9 -1.9 -1.9 -1.9 -1.9 -1.9 -1.9 -1.9 -1.9 -1.9 -1.9 -1.9 -1.9 -1.9 -1.9 -1.9 -1.9 -1.9 -1.9 -1.9 -1.9 -1.9 -1.9 -1.9 -1.9 -1.9 -1.9 -1.9 -1.9 -1.9 -1.9 -0.8 1.9 52.1 53.7 56.9 62.5 62.2 67.6 69.3 69.4 70.2 75.8 76.1 78 81.8 80.6 86.4 89 94.9 108.5 128.4 149.7 153.2 155.1 157.8 160.7 160.6 160.3 160.9 160.5 159.9 157.7 153.4 149.2 147.9 150.2 157 167.7 180.6 205.2 214 220.1 226.7 229.9 234 238.2 236.5 239.5
-1.9 -1.9 -1.9 -1.9 -1.9 -1.9 -1.9 -1.9 -1.9 -1.9 -1.9 -1.9 -1.9 -1.9 -1.9 -1.9 -1.9 -1.9 -1.9 -1.9 -1.9 -1.9 -1.9 -1.9 -1.9 -1.9 -1.9 -1.9 -1.9 -1.9 -1.9 -1.9 -1.9 -1.9 -0.8 1.1 22.8 43 48.2 52.8 53.3 56.4 61 62.4 61.4 66.1 69.7 74.8 77.7 78.9 83.1 91 96.6 106.2 126.3 142.8 152.1 155.9 158.6 160.9 160.9 160.4 159.6 157.6 155.5 152.1 149.9 147.7 147.5 147.4 150.9 160.6 174 198.1 211 213.8 222.9 223.1 223.3 229.4 225.2 236.8
-1.9 -1.9 -1.9 -1.9 -1.9 -1.9 -1.9 -1.9 -1.9 -1.9 -1.9 -1.9 -1.9 -1.9 -1.9 -1.9 -1.9 -1.9 -1.9 -1.9 -1.9 -1.9 -1.9 -1.9 -1.9 -1.9 -1.9 -1.9 -1.9 -1.9 -1.9 -1.9 -1.9 -1.9 -1.1 0.7 2.3 33.9 42 45.4 46.1 47.4 44.5 51.6 55.9 61.6 69.7 74.9 76.3 77.4 78.3 85.6 94.6 108.7 123.2 138.5 150.4 152.8 156.8 161 160.8 160.3 158.7 155.9 153.5 151.2 149.9 148.8 147.8 145.4 149.4 157.6 171.5 187 196.8 207.1 216.9 219 219 221.5 221 221.2
-1.9 -1.9 -1.9 -1.9 -1.9 -1.9 -1.9 -1.9 -1.9 -1.9 -1.9 -1.9 -1.9 -1.9 -1.9 -1.9 -1.9 -1.9 -1.9 -1.9 -1.9 -1.9 -1.9 -1.9 -1.9 -1.9 -1.9 -1.9 -1.9 -1.9 -1.9 -1.9 -1.9 -1.9 -1.9 -0.5 1.1 25.1 36.4 41.5 38.2 42.8 53.5 60 59.8 64.4 72.7 76.1 76.3 76.8 77.8 82.6 94.6 109.2 125.1 133.6 146.3 151.7 156 159.8 159.7 158.9 157.6 155.6 153.3 150.7 150.2 148.6 146.3 144.1 148.5 155.2 170 180.4 187.5 200.7 209.9 215.5 218.7 221.6 220.8 220
-1.9 -1.9 -1.9 -1.9 -1.9 -1.9 -1.9 -1.9 -1.9 -1.9 -1.9 -1.9 -1.9 -1.9 -1.9 -1.9 -1.9 -1.9 -1.9 -1.9 -1.9 -1.9 -1.9 -1.9 -1.9 -1.9 -1.9 -1.9 -1.9 -1.9 -1.9 -1.9 -1.9 -1.9 -1.9 -1.9 -1.9 2.4 32.7 35.4 39.6 42.6 55.6 61.1 63.7 68.7 75.1 78.5 79.3 77.2 77.5 80.9 91.2 102.3 117.7 127.5 140 150.3 153.2 158.2 158 157.8 157.1 155.3 152.3 148.3 148.9 148.3 145.1 141.5 147.1 155.3 168.8 177.6 184.5 197.2 203.8 214.2 218.3 225.9 221.4 220.3
-1.9 -1.9 -1.9 -1.9 -1.9 -1.9 -1.9 -1.9 -1.9 -1.9 -1.9 -1.9 -1.9 -1.9 -1.9 -1.9 -1.9 -1.9 -1.9 -1.9 -1.9 -1.9 -1.9 -1.9 -1.9 -1.9 -1.9 -1.9 -1.9 -1.9 -1.9 -1.9 -1.9 -1.9 -1.9 -1.9 -1.9 -1.9 25.4 34.9 39.5 42.8 53.9 63.3 67 70.5 74 79.4 82 80.5 78.3 81.7 91 100.8 105.9 119.8 129.3 143.9 149.7 152.6 156.4 155.1 154.2 155.8 153.1 145.4 143 141.7 141.4 139.1 143.1 151.7 171.9 181.9 187.3 195.3 204.2 208.2 218.2 219.5 220.6 220.8
-1.9 -1.9 -1.9 -1.9 -1.9 -1.9 -1.9 -1.9 -1.9 -1.9 -1.9 -1.9 -1.9 -1.9 -1.9 -1.9 -1.9 -1.9 -1.9 -1.9 -1.9 -1.9 -1.9 -1.9 -1.9 -1.9 -1.9 -1.9 -1.9 -1.9 -1.9 -1.9 -1.9 -1.9 -1.9 -1.9 -1.9 1.6 24.9 29.7 39.4 43 52.7 63.8 66.2 69.5 71.3 74.9 78.2 78.5 77.3 79 88.1 100.6 101.7 106.2 118.3 129.7 140.3 150.4 150.6 152.6 150.5 151.2 150.1 145.7 141.1 139.2 137.3 135 137.2 142 158.1 179.9 187.8 196.4 200.5 207.3 212.4 217.7 227.7 225.7
-1.9 -1.9 -1.9 -1.9 -1.9 -1.9 -1.9 -1.9 -1.9 -1.9 -1.9 -1.9 -1.9 -1.9 -1.9 -1.9 -1.9 -1.9 -1.9 -1.9 -1.9 -1.9 -1.9 -1.9 -1.9 -1.9 -1.9 -1.9 -1.9 -1.9 -1.9 -1.9 -1.9 -1.9 -1.9 -1.9 0.5 2.5 23.5 28.5 37.5 42.2 49.1 58.8 64.6 67.3 68.2 70.5 73.2 77.2 77 77.4 84.4 95.7 99.1 102 107.2 119.4 127.9 138.8 149 149.4 148.9 148.8 148 143.9 139.4 138.2 133.8 130 132.5 133.4 139.8 156.9 179.3 192.9 205.8 214.9 214 214.9 220 220.2
-1.9 -1.9 -1.9 -1.9 -1.9 -1.9 -1.9 -1.9 -1.9 -1.9 -1.9 -1.9 -1.9 -1.9 -1.9 -1.9 -1.9 -1.9 -1.9 -1.9 -1.9 -1.9 -1.9 -1.9 -1.9 -1.9 -1.9 -1.9 -1.9 -1.9 -1.9 -1.9 -1.9 -1.9 -1.9 -1.9 1 5.4 23.8 29.1 34.9 41.7 45.5 52.6 63.3 66.1 67.7 67.8 69.2 73.1 76.1 76.4 77.5 82 89.3 101.3 102.6 109.9 118.5 125.5 132.1 147.8 147.3 145.7 143.1 140.2 136.8 132.5 128.8 125.5 129 125.2 130.6 145 163.1 187.7 206.1 215.6 211 212.5 212.8 222.1
-1.9 -1.9 -1.9 -1.9 -1.9 -1.9 -1.9 -1.9 -1.9 -1.9 -1.9 -1.9 -1.9 -1.9 -1.9 -1.9 -1.9 -1.9 -1.9 -1.9 -1.9 -1.9 -1.9 -1.9 -1.9 -1.9 -1.9 -1.9 -1.9 -1.9 -1.9 -1.9 -1.9 -1.9 -1.9 -1.9 1.6 19.1 24.4 29.2 34 39.6 43.7 48.1 52.6 62.8 66.8 67.3 69.1 72.7 74.3 76.5 76 76.5 78.4 88.5 102.4 103.9 109.4 117.6 119.5 127.5 143 143.3 137.5 136.1 131.3 127.2 124 122.4 124 123.2 126.2 143.8 156.2 180.3 193.9 197.5 204.1 207.6 212.1 216
-1.9 -1.9 -1.9 -1.9 -1.9 -1.9 -1.9 -1.9 -1.9 -1.9 -1.9 -1.9 -1.9 -1.9 -1.9 -1.9 -1.9 -1.9 -1.9 -1.9 -1.9 -1.9 -1.9 -1.9 -1.9 -1.9 -1.9 -1.9 -1.9 -1.9 -1.9 -1.9 -1.9 -1.9 -1.9 -1.9 2.1 20.4 24.4 30.1 35.8 39.7 42.8 44.6 50.3 62.9 65.4 66.9 68.5 69.9 72.6 73.9 74 74.7 75.6 81.3 98.6 104.2 103.5 106.9 110.4 114.4 121.5 127.1 126.7 125 122.3 122.2 122.5 120.3 121.8 122.8 124.8 141.7 152.7 160.5 184.9 182.6 206.4 210 210.9 213.8
-1.9 -1.9 -1.9 -1.9 -1.9 -1.9 -1.9 -1.9 -1.9 -1.9 -1.9 -1.9 -1.9 -1.9 -1.9 -1.9 -1.9 -1.9 -1.9 -1.9 -1.9 -1.9 -1.9 -1.9 -1.9 -1.9 -1.9 -1.9 -1.9 -1.9 -1.9 -1.9 -1.9 -1.9 1.5 1.4 2.5 17.9 23 30.1 35.3 39.4 42.3 43.9 47.2 53.6 61.4 64.3 67.8 69.8 73 73 73.4 74.2 74.9 78.8 91.2 103.4 102.7 104 105.1 108.4 111 116.2 117.6 115.7 115.1 115 111.5 117.5 119.3 121.8 124.7 131.5 149.8 153.5 167.5 191.9 210.2 211.8 211.4 211.2
-1.9 -1.9 -1.9 -1.9 -1.9 -1.9 -1.9 -1.9 -1.9 -1.9 -1.9 -1.9 -1.9 -1.9 -1.9 -1.9 -1.9 -1.9 -1.9 -1.9 -1.9 -1.9 -1.9 -1.9 -1.9 -1.9 -1.9 -1.9 -1.9 -1.9 -1.9 -1.9 -1.9 -1.9 3.1 7.4 12.6 12.4 22.4 27.7 32.1 36.5 41.7 44.3 45.9 47.7 53.7 60.4 65 68.2 70 74 73.2 73.2 74.3 75.8 83.8 95.8 101.3 101.8 103 103.5 104.2 108.3 111.3 109.3 107 107.8 110.9 120.1 121.9 123.2 124.6 128.7 136.9 151.8 156.7 172 198.5 207.8 212.4 210.9
-1.9 -1.9 -1.9 -1.9 -1.9 -1.9 -1.9 -1.9 -1.9 -1.9 -1.9 -1.9 -1.9 -1.9 -1.9 -1.9 -1.9 -1.9 -1.9 -1.9 -1.9 -1.9 -1.9 -1.9 -1.9 -1.9 -1.9 -1.9 -1.9 -1.9 -1.9 -1.9 -1.9 2.6 14 16.4 19.5 15.6 14.2 24.6 30.1 34.7 40 42.8 44.7 47.3 53.7 59.6 64.4 68.3 70.4 71.2 72.7 72.2 73.5 76.7 81.7 84.5 99.3 100.4 102.1 102.5 102.3 102.3 101.9 101.9 101.2 99.5 106.4 118.2 121.1 124 126 130.3 149.8 154.2 156.9 160.1 170 195.6 207 206.8
-1.9 -1.9 -1.9 -1.9 -1.9 -1.9 -1.9 -1.9 -1.9 -1.9 -1.9 -1.9 -1.9 -1.9 -1.9 -1.9 -1.9 -1.9 -1.9 -1.9 -1.9 -1.9 -1.9 -1.9 -1.9 -1.9 -1.9 -1.9 -1.9 -1.9 -1.9 -1.9 2.5 8.6 18.1 25.2 27.1 21.9 25.6 25.3 29.1 32.9 37.5 40.8 45.3 46.8 53.5 63.2 67.4 68.6 71.5 72.8 73.2 71.4 72.9 73.6 75.6 80.2 89.3 98.7 101.7 101.6 100.7 100.3 99 96.8 95.1 93.1 103.3 114.9 120.7 123.5 126.7 134.5 149.8 152.1 156 160.2 162.4 163.6 177.6 201.5
-1.9 -1.9 -1.9 -1.9 -1.9 -1.9 -1.9 -1.9 -1.9 -1.9 -1.9 -1.9 -1.9 -1.9 -1.9 -1.9 -1.9 -1.9 -1.9 -1.9 -1.9 -1.9 -1.9 -1.9 -1.9 -1.9 -1.9 -1.9 -1.9 2.5 -1.9 1.5 6.1 18.4 23 28.9 31.6 29.4 29.1 32.9 32.4 30.6 37.3 42.3 44.9 46.8 53.8 65.7 70.1 71.4 72.5 72.6 72.5 70.8 72.3 72.9 73.5 79.2 87.3 90.4 100.6 99.9 99.3 98.7 96.2 93.8 92.4 92 94.3 105.5 112.7 123.6 128.5 134.5 145.8 151.1 154.8 158.9 161.3 162.4 163.9 171.5
-1.9 -1.9 -1.9 -1.9 -1.9 -1.9 -1.9 -1.9 -1.9 -1.9 -1.9 -1.9 -1.9 -1.9 -1.9 -1.9 -1.9 -1.9 -1.9 -1.9 -1.9 -1.9 -1.9 -1.9 -1.9 -1.9 -1.9 28.9 29 23.4 10.9 11.3 24.3 28.3 28.5 34.2 36.5 33.7 32.5 37.6 37.3 37.2 38.6 39.6 43.7 46 50.4 57.3 70.4 70.1 71.9 72.4 72.1 69.8 71.3 72.1 74.5 78 81.8 86.8 89.6 95.8 98.6 96.9 94.9 93.5 92 90.8 91.7 98 113.6 128.2 129.6 132.3 140.6 143.3 151.9 156.7 158.9 159.9 162.7 164.3
-1.9 -1.9 -1.9 -1.9 -1.9 -1.9 -1.9 -1.9 -1.9 -1.9 -1.9 -1.9 -1.9 -1.9 -1.9 -1.9 -1.9 -1.9 -1.9 -1.9 -1.9 -1.9 -1.9 -1.9 -1.9 0.7 32.1 40.1 42.5 33 28.2 25.8 26.2 32.2 33.2 37 38.6 37.2 34.2 36.5 39 39.8 41.4 42.8 44.6 46.6 47.9 54 67.8 69.3 69.9 70.8 69.8 71.6 70.3 71.2 73.2 77.3 78.3 80.9 87.1 87.4 91.8 96.4 94.2 93.6 91.8 90.1 91.8 98.5 109.3 129.3 130.7 132 137.5 140.3 145.8 153.5 156.8 159.5 161.7 162.8
-1.9 -1.9 -1.9 -1.9 -1.9 -1.9 -1.9 -1.9 -1.9 -1.9 -1.9 -1.9 -1.9 -1.9 -1.9 -1.9 -1.9 -1.9 -1.9 -1.9 -1.9 -1.9 -1.9 -1.9 -1.9 -1.9 48.9 45.6 44.6 41.3 39.3 39.8 35.3 31.5 35.9 40.7 40.3 38.8 36.1 35.3 36.8 39.7 42 45.2 47.4 47.2 49.4 52.4 64.8 71.8 72.1 71.8 72.3 72.1 70.8 70.7 71.9 73.3 77 79.1 80.3 85.3 86.1 87.7 87.6 89.9 91.7 89.8 90.6 93.8 105 125.2 130.8 132.3 134.9 139.6 142.2 146.2 154.2 157.7 160.5 160.4
-1.9 -1.9 -1.9 -1.9 -1.9 -1.9 -1.9 -1.9 -1.9 -1.9 -1.9 -1.9 -1.9 -1.9 -1.9 -1.9 -1.9 -1.9 -1.9 -1.9 -1.9 -1.9 -1.9 -1.9 -1.9 -1.9 57.4 54.7 51.1 51.2 50.2 50.4 44.5 36.3 35.3 41.7 42.3 40.6 38.5 39.4 39.8 40.1 42 44.9 49.6 49.8 49.9 54.5 62.2 71.9 72.9 73.5 73.5 72.7 72 72 71.9 73.2 75 78.2 78.7 83.1 84.7 84.9 85.6 86.1 90.1 90.5 89 92 103.5 119.9 129 131.9 134.2 138.1 141.2 142.8 150.4 156.8 159.1 158.2
-1.9 -1.9 -1.9 -1.9 -1.9 -1.9 -1.9 -1.9 -1.9 -1.9 -1.9 -1.9 -1.9 -1.9 -1.9 -1.9 -1.9 -1.9 -1.9 -1.9 -1.9 -1.9 -1.9 -1.9 -1.9 -1.9 -1.9 -1.9 2.3 62.2 60.4 56.6 50.7 47 44.7 42.4 41.9 41.5 41 41.6 42.9 42.6 45.4 46.3 50 51.7 51.4 57.2 59.8 66.5 72.5 74.4 74.6 73.8 73.2 72.6 71.7 73.6 74.8 77 76.5 77.5 82.1 84.3 84.6 85.4 85.9 88.2 87.9 92.7 98.3 107.6 127.1 131.3 133.5 135.9 139 142 145 150.4 155.7 155
-1.9 -1.9 -1.9 -1.9 -1.9 -1.9 -1.9 -1.9 -1.9 -1.9 -1.9 -1.9 -1.9 -1.9 -1.9 -1.9 -1.9 -1.9 -1.9 -1.9 -1.9 -1.9 -1.9 -1.9 -1.9 -1.9 -1.9 -1.9 1.6 2.5 70.4 61.6 55.3 55 51.6 46.6 42.7 42.2 43.3 45.1 46.3 45.6 46.3 49.3 51.2 53.4 55.7 57.8 60 63 69.7 73.1 75.3 74.9 73.8 73.8 73.5 72.8 75.4 75.5 77.2 78.4 83.7 85.3 84.9 86.3 88.5 90.2 88.6 92.4 98.8 107.7 115.1 128.8 131.5 134.4 136.8 140.2 143.8 146.5 148.2 148.3
-1.9 -1.9 -1.9 -1.9 -1.9 -1.9 -1.9 -1.9 -1.9 -1.9 -1.9 -1.9 -1.9 -1.9 -1.9 -1.9 -1.9 -1.9 -1.9 -1.9 -1.9 -1.9 -1.9 -1.9 -1.9 -1.9 -1.9 -1.9 0.2 2.5 50.5 69.6 64.4 62.2 58.3 54.8 49.6 49 48.3 48.9 48.8 48.3 48.4 50.7 54.6 55.8 62.7 61.3 59 63.1 64.7 73 75.5 75.9 74.8 74.9 74.3 73.8 74.6 76.6 76.6 77.9 82.8 85.7 86.5 87.5 92.1 93.6 91.3 96.9 100.1 106.3 111 118.2 129.7 131.4 134 136.9 142.5 144 144.6 143.8
-1.9 -1.9 -1.9 -1.9 -1.9 -1.9 -1.9 -1.9 -1.9 -1.9 -1.9 -1.9 -1.9 -1.9 -1.9 -1.9 -1.9 -1.9 -1.9 -1.9 -1.9 -1.9 -1.9 -1.9 -1.9 -1.9 -1.9 -1.9 -1.9 0.6 2.8 79.4 76.2 73.1 67.1 63.5 59.4 58 55.1 53.4 52.8 52.3 51.7 54.7 56.8 57.6 64.3 64.2 64.4 63.1 64 74.4 76.7 76.7 76.4 78.2 76.8 77 76.7 76.1 76.1 77.6 79.7 85.3 88.9 99.4 100.2 98.7 95.1 96.7 99.8 104.3 110.1 115.7 124.1 129.6 132.1 133.3 135.6 137.2 136.9 136.6
-1.9 -1.9 -1.9 -1.9 -1.9 -1.9 -1.9 -1.9 -1.9 -1.9 -1.9 -1.9 -1.9 -1.9 -1.9 -1.9 -1.9 -1.9 -1.9 -1.9 -1.9 -1.9 -1.9 -1.9 -1.9 -1.9 -1.9 -1.9 -1.9 -1.9 2.6 87.5 85.8 79.3 75.3 74.3 69 65.1 61.7 59.6 56.9 56 56.2 58.7 60.4 60.7 65.5 65.8 65.5 64.5 71.8 76.9 77.6 81 83.3 83.7 82 80.1 79.4 77.8 77.3 79.6 81.8 87 90.7 101.3 101.6 101.1 98.2 96 98.7 104.1 109.8 112.2 121.5 125.9 130.2 132.3 132.9 132.4 133.1 130.5
-1.9 -1.9 -1.9 -1.9 -1.9 -1.9 -1.9 -1.9 -1.9 -1.9 -1.9 -1.9 -1.9 -1.9 -1.9 -1.9 -1.9 -1.9 -1.9 -1.9 -1.9 -1.9 -1.9 -1.9 -1.9 -1.9 -1.9 -1.9 -1.9 -1.9 1.5 9.1 100.1 93.7 85.2 79.8 76.2 73.6 69.5 64.6 63.4 62.3 60.7 62.2 66.6 66.8 66.7 66.9 66.1 65.7 73.4 79.6 83.8 94.8 93.6 91.6 87.2 84.3 80.5 78.4 78.7 80.2 88.8 90.1 91.3 100.8 101.8 101.7 99.9 98.4 98.3 103.6 108 110.9 114.4 124.8 129.1 130.8 131.7 131.5 130 125.4
