Game/Highland_Data/StreamingAssets/GeoData/Data/ng/NG15.asc
ncols 200
nrows 200
xllcorner 110000
yllcorner 850000
cellsize 50
[rows 74 to 110 of 200, columns 83 to 165 of 200]
-1.9 -1.9 -1.9 -1.9 -1.9 -1.9 -1.9 -1.9 -1.9 -1.9 -1.9 -1.9 -1.9 -1.9 -1.9 -1.9 -1.9 -1.9 -1.9 -1.9 -1.9 -1.9 -1.9 -1.9 -1.9 -1.9 -1.9 -1.9 -1.9 -1.9 -1.9 -1.9 -1.9 -1.9 -1.9 -1.9 -1.9 -1.9 -1.9 -1.9 -1.9 -1.9 -1.9 -1.9 -1.9 -1.9 1.2 41.7 45.3 184.1 181.2 174.5 170.2 166.5 164.2 160.6 155.2 152.5 147.6 143.1 135.6 131.7 124.8 116.6 110.6 106.3 102.6 94.7 88 85.7 83.2 81.8 79.9 76.4 71.5 60.8 59.8 54.3 56.5 -1.9 -1.9 -1.9 -1.9
-1.9 -1.9 -1.9 -1.9 -1.9 -1.9 -1.9 -1.9 -1.9 -1.9 -1.9 -1.9 -1.9 -1.9 -1.9 -1.9 -1.9 -1.9 -1.9 -1.9 -1.9 -1.9 -1.9 -1.9 -1.9 -1.9 -1.9 -1.9 -1.9 -1.9 -1.9 -1.9 -1.9 -1.9 -1.9 -1.9 -1.9 -1.9 -1.9 -1.9 -1.9 -1.9 -1.9 -1.9 -1.9 0.7 4 53.9 138.4 184.1 181.5 177.5 173.4 172 171 166.5 159.2 153.3 148 143.5 138.5 133.4 126.8 118.5 113.2 108.6 105.5 101 93.8 87.2 87 85.7 85.3 78.2 72.4 66.2 57.4 59.4 58 -1.9 -1.9 -1.9 -1.9
-1.9 -1.9 -1.9 -1.9 -1.9 -1.9 -1.9 -1.9 -1.9 -1.9 -1.9 -1.9 -1.9 -1.9 -1.9 -1.9 -1.9 -1.9 -1.9 -1.9 -1.9 -1.9 -1.9 -1.9 -1.9 -1.9 -1.9 -1.9 -1.9 -1.9 -1.9 -1.9 -1.9 -1.9 -1.9 -1.9 -1.9 -1.9 -1.9 -1.9 -1.9 -1.9 -1.9 -1.9 0.2 3.4 61.7 133.7 190.2 187.8 182.7 178.7 175.1 173.1 170.1 165.1 160.5 154.7 149.2 143.8 138.8 134.1 127.6 120.9 115.7 110 105.7 101.4 96.9 94.1 90.1 89.8 89.5 86.3 75.1 67.5 59.1 58.7 57.5 46.5 -1.9 -1.9 -1.9
-1.9 -1.9 -1.9 -1.9 -1.9 -1.9 -1.9 -1.9 -1.9 -1.9 -1.9 -1.9 -1.9 -1.9 -1.9 -1.9 -1.9 -1.9 -1.9 -1.9 -1.9 -1.9 -1.9 -1.9 -1.9 -1.9 -1.9 -1.9 -1.9 -1.9 -1.9 -1.9 -1.9 -1.9 -1.9 -1.9 -1.9 -1.9 -1.9 -1.9 -1.9 -1.9 -1.9 -1.9 3.2 41.8 121.2 192.2 192.2 190.6 186.7 182.5 177.8 177.1 169.2 165 161.3 155 147.8 142.2 139 134.8 129.5 124.1 117 112.4 107.9 104.8 101.6 96.2 93.3 94.1 95.5 87.2 76.1 68.4 66.5 58.7 46.8 43.8 -1.9 -1.9 -1.9
-1.9 -1.9 -1.9 -1.9 -1.9 -1.9 -1.9 -1.9 -1.9 -1.9 -1.9 -1.9 -1.9 -1.9 -1.9 -1.9 -1.9 -1.9 -1.9 -1.9 -1.9 -1.9 -1.9 -1.9 -1.9 -1.9 -1.9 -1.9 -1.9 -1.9 -1.9 -1.9 -1.9 -1.9 -1.9 -1.9 -1.9 -1.9 -1.9 -1.9 -1.9 -1.9 -1.9 1.5 20.1 127.8 196.5 197.9 196.3 193.1 187.1 181.6 178.6 174.1 169.4 166.1 160.1 154.5 148.6 143.4 137.8 134.2 129 124.5 118.7 114.2 110.8 107.8 103.2 98.5 93 90.6 89.4 78.7 74.5 74.8 69.5 64.9 57.6 50 46.3 -1.9 -1.9
-1.9 -1.9 -1.9 -1.9 -1.9 -1.9 -1.9 -1.9 -1.9 -1.9 -1.9 -1.9 -1.9 -1.9 -1.9 -1.9 -1.9 -1.9 -1.9 -1.9 -1.9 -1.9 -1.9 -1.9 -1.9 -1.9 -1.9 -1.9 -1.9 -1.9 -1.9 -1.9 -1.9 -1.9 -1.9 -1.9 -1.9 -1.9 -1.9 -1.9 -1.9 -1.9 1.6 3.8 62.8 189 200.7 200.3 197.2 192.4 186.5 182.7 178.5 174.1 169.6 165.1 160.8 155.5 150.4 145.4 139.6 134 129.9 124.4 119.7 114.3 109.3 105.2 98.8 95.1 94.4 90.6 91.1 84.5 80.7 77.8 76.5 73.5 65.8 55.3 44.8 -1.9 -1.9
-1.9 -1.9 -1.9 -1.9 -1.9 -1.9 -1.9 -1.9 -1.9 -1.9 -1.9 -1.9 -1.9 -1.9 -1.9 -1.9 -1.9 -1.9 -1.9 -1.9 -1.9 -1.9 -1.9 -1.9 -1.9 -1.9 -1.9 -1.9 -1.9 -1.9 -1.9 -1.9 -1.9 -1.9 -1.9 -1.9 -1.9 -1.9 -1.9 -1.9 -1.9 2.5 17.7 41.6 114.2 202.8 203 202.9 199.6 194 187.8 182.4 178.9 176.1 171.2 166.4 161.5 155.8 152.2 146.5 141.9 136.1 130.4 124 117.9 115.6 112.2 107.9 105 100.6 96.8 93.7 88.3 85.2 83.9 82.1 81.3 79.3 70.4 59.3 47.7 44.9 -1.9
-1.9 -1.9 -1.9 -1.9 -1.9 -1.9 -1.9 -1.9 -1.9 -1.9 -1.9 -1.9 -1.9 -1.9 -1.9 -1.9 -1.9 -1.9 -1.9 -1.9 -1.9 -1.9 -1.9 -1.9 -1.9 -1.9 -1.9 -1.9 -1.9 -1.9 -1.9 -1.9 -1.9 -1.9 -1.9 -1.9 -1.9 -1.9 -1.9 -1.9 3.8 31.9 67.5 96.3 135.7 203.3 203.9 203.1 199.6 193.8 187.8 182.5 179.1 175.6 170.2 166.2 161 156.8 152.3 147.2 143.1 133.7 130.8 126.2 121.6 118.4 115.5 112.2 108.8 104.9 99.8 96.1 89.6 88.9 90.1 85.1 85.2 82.1 74.7 66.6 53.7 31.4 -1.9
-1.9 -1.9 -1.9 -1.9 -1.9 -1.9 -1.9 -1.9 -1.9 -1.9 -1.9 -1.9 -1.9 -1.9 -1.9 -1.9 -1.9 -1.9 -1.9 -1.9 -1.9 -1.9 -1.9 -1.9 -1.9 -1.9 -1.9 -1.9 -1.9 -1.9 -1.9 -1.9 -1.9 -1.9 -1.9 -1.9 -1.9 -1.9 -1.9 2.5 26.2 76.7 96.1 170.6 198 203.7 202.9 200.8 196.3 191.7 186.8 181.9 178.5 174.1 170.6 166.3 160.4 156.5 150.6 144.6 142.9 138.1 134.6 128.8 124.7 120.5 118.1 114.7 111.1 107.3 101.7 97.5 94.6 93.7 94 89 86.1 82.4 80.6 73.9 62.3 47.5 -1.9
-1.9 -1.9 -1.9 -1.9 -1.9 -1.9 -1.9 -1.9 -1.9 -1.9 -1.9 -1.9 -1.9 -1.9 -1.9 -1.9 -1.9 -1.9 -1.9 -1.9 -1.9 -1.9 -1.9 -1.9 -1.9 -1.9 -1.9 -1.9 -1.9 -1.9 -1.9 -1.9 -1.9 -1.9 -1.9 -1.9 -1.9 -1.9 2.3 13.5 61.4 92.7 124.3 202.2 205 203.4 201.2 198.2 194.2 189.9 185.1 180.4 176.5 173.1 169.4 165.6 162.1 158.6 153.3 149.2 144.6 140.6 136.7 130.7 125.2 122 119.6 118.9 114.6 107.1 101.9 99.3 98.7 97 94.5 93.4 86 83.6 81.2 74.4 71.1 55 -1.9
-1.9 -1.9 -1.9 -1.9 -1.9 -1.9 -1.9 -1.9 -1.9 -1.9 -1.9 -1.9 -1.9 -1.9 -1.9 -1.9 -1.9 -1.9 -1.9 -1.9 -1.9 -1.9 -1.9 -1.9 -1.9 -1.9 -1.9 -1.9 -1.9 -1.9 -1.9 -1.9 -1.9 -1.9 -1.9 -1.9 -1.9 2.8 33.9 69.2 84 118.5 145.5 208.1 206.3 204.3 200.2 195.8 191.5 186.2 181.9 178.6 174.4 172.2 169.4 168.4 166.1 162.2 157.4 152.4 146.9 142.2 137.1 131.3 126.3 123.6 120.9 118.7 114.7 108.3 103.5 101 99.1 98.3 96.3 92.6 89.7 85.5 82.8 72.8 68.2 52.6 8.6
-1.9 -1.9 -1.9 -1.9 -1.9 -1.9 -1.9 -1.9 -1.9 -1.9 -1.9 -1.9 -1.9 -1.9 -1.9 -1.9 -1.9 -1.9 -1.9 -1.9 -1.9 -1.9 -1.9 -1.9 -1.9 -1.9 -1.9 -1.9 -1.9 -1.9 -1.9 -1.9 -1.9 -1.9 -1.9 -1.9 1.6 17.6 64.9 78.1 107.6 152 204.5 210.2 207.3 204.3 200.1 194.9 190.7 185.3 180.4 175.6 172.8 172.2 171.2 170.2 168.3 164.6 158.7 154.1 147.5 141.8 136.8 132 127.5 124 120.3 117.9 116.9 108.4 105.6 103 100.1 97.7 94.8 91.9 89 86.4 79.4 70.3 62.8 48.4 30.3
-1.9 -1.9 -1.9 -1.9 -1.9 -1.9 -1.9 -1.9 -1.9 -1.9 -1.9 -1.9 -1.9 -1.9 -1.9 -1.9 -1.9 -1.9 -1.9 -1.9 -1.9 -1.9 -1.9 -1.9 -1.9 -1.9 -1.9 -1.9 -1.9 -1.9 -1.9 -1.9 -1.9 -1.9 -0.3 1.5 17.8 59.9 79.7 98.8 133.9 173.1 214.1 211.3 208.3 204 200.5 196 191 186.5 181.5 177.7 175.2 173.7 173 172 171.3 166.3 160.8 155.4 150.4 142.6 137.1 133 129.1 124.8 119.7 116.6 114.5 110.6 113.4 109.3 101.9 97.3 94.3 91.3 88.5 84.7 80.2 67.7 59.1 63.5 59.5
-1.9 -1.9 -1.9 -1.9 -1.9 -1.9 -1.9 -1.9 -1.9 -1.9 -1.9 -1.9 -1.9 -1.9 -1.9 -1.9 -1.9 -1.9 -1.9 -1.9 -1.9 -1.9 -1.9 -1.9 -1.9 -1.9 -1.9 -1.9 -1.9 -1.9 -1.9 -1.9 -1.9 0.1 1.9 21.1 49.5 72.1 91.3 118.9 149.1 207 216.9 212.8 210.4 204.3 201.5 198.6 193.6 188.5 183.6 180.6 176.8 174.4 173.7 173.6 173.3 167.8 162.5 155.8 150.2 144.3 137.1 133.6 129.8 124.5 119.1 116.2 114.8 114.3 114.7 111.7 106.8 98.8 93.2 90.6 87.5 83.2 76.6 65.7 66.3 66.9 60
-1.9 -1.9 -1.9 -1.9 -1.9 -1.9 -1.9 -1.9 -1.9 -1.9 -1.9 -1.9 -1.9 -1.9 -1.9 -1.9 -1.9 -1.9 -1.9 -1.9 -1.9 -1.9 -1.9 -1.9 -1.9 -1.9 -1.9 -1.9 -1.9 -1.9 -1.9 -1.9 0.9 2.9 29.9 59.6 70.8 84.5 115.3 146 179.6 221.1 221 218 215.6 210.5 206.2 201.2 196 189.9 184.9 181 177.8 174.9 174.1 173.1 170.8 167.1 161 156.3 150.6 145.2 137.5 133.3 129.4 125.2 121 116 113.3 113.7 113.2 110.5 109.4 105.2 99.2 89.3 86.8 81.4 77.1 70.8 67.5 67 61.1
-1.9 -1.9 -1.9 -1.9 -1.9 -1.9 -1.9 -1.9 -1.9 -1.9 -1.9 -1.9 -1.9 -1.9 -1.9 -1.9 -1.9 -1.9 -1.9 -1.9 -1.9 -1.9 -1.9 -1.9 -1.9 -1.9 -1.9 -1.9 -1.9 -1.9 -1.9 1.7 9.5 49.1 73.8 87.7 88.4 104.7 135.3 230.4 228.4 227.5 226.6 225.7 223.6 217.9 210.2 204.4 197.1 190.6 186.7 182.7 178.2 175.3 174 171.2 169.7 164 158.8 154.2 148.1 143.5 137.1 134.1 129.1 125.3 119.8 117.4 112.5 110.6 110.8 109.3 107.2 105 101 92.7 87 84.5 81.7 78 72.4 71.5 59.5
-1.9 -1.9 -1.9 -1.9 -1.9 -1.9 -1.9 -1.9 -1.9 -1.9 -1.9 -1.9 -1.9 -1.9 -1.9 -1.9 -1.9 -1.9 -1.9 -1.9 -1.9 -1.9 -1.9 -1.9 -1.9 -1.9 -1.9 -1.9 -1.9 -1.9 2.6 18.1 62.7 67 85.9 91.6 99.3 124.9 156.8 227.7 231.4 230.3 230 230.4 227.4 222.7 212.3 205.2 198 192 187.2 183.9 179.3 175.7 172.8 169.3 166.1 160.2 156.1 152.8 146.1 141.5 138.1 133.6 128.3 125.5 120.5 116 112.7 108.3 106.9 104.8 102.2 97.9 96.9 94 87.1 85.8 90.1 86.7 72.5 65 58.1
-1.9 -1.9 -1.9 -1.9 -1.9 -1.9 -1.9 -1.9 -1.9 -1.9 -1.9 -1.9 -1.9 -1.9 -1.9 -1.9 -1.9 -1.9 -1.9 -1.9 -1.9 -1.9 -1.9 -1.9 -1.9 -1.9 -1.9 -1.9 -1.9 -1.9 7.1 73.5 67.1 77.8 103.7 107.4 118 143.2 205.7 207.6 239.6 233.7 231.6 231.2 227.8 222 213.6 205.6 199.1 193.2 187.6 183.9 180.4 176 172.1 168.1 164.1 158.7 154.9 150.7 148.1 143.6 140.6 137.3 133.6 126.4 120.3 116.2 111.5 105.9 104.1 102.3 99.5 95.9 92.1 87.9 84.3 81.6 83.1 81.6 69.2 63.2 55.2
-1.9 -1.9 -1.9 -1.9 -1.9 -1.9 -1.9 -1.9 -1.9 -1.9 -1.9 -1.9 -1.9 -1.9 -1.9 -1.9 -1.9 -1.9 -1.9 -1.9 -1.9 -1.9 -1.9 -1.9 -1.9 -1.9 -1.9 -1.9 -1.9 -1.9 7.6 72.8 71.6 92.5 119 115.5 141.9 184.8 251 244.4 240.5 236.5 235 235.7 229.2 222 214.9 207 199.3 193.8 188.4 183.9 180.8 177.3 171.6 167.6 162.3 159.6 156.3 152.7 148.6 144.6 141.6 136.3 130.8 125.7 121.4 118.1 109.7 107.5 104.2 101.4 98.2 95 89.8 87.1 84.7 79.1 74.6 68.8 65.2 61.4 52.4
-1.9 -1.9 -1.9 -1.9 -1.9 -1.9 -1.9 -1.9 -1.9 -1.9 -1.9 -1.9 -1.9 -1.9 -1.9 -1.9 -1.9 -1.9 -1.9 -1.9 -1.9 -1.9 -1.9 -1.9 -1.9 -1.9 -1.9 -1.9 -1.9 -1.9 27.8 82 86.1 103.9 127.2 136.9 165.5 216.5 255.3 248.6 242.6 239.5 237.7 235.8 232.2 223.4 215.2 207.2 200.6 194.7 188.9 184.6 180.5 177.2 172.6 166.9 162.2 159.8 155 151.2 147.5 144 140.3 136.3 133.5 126 120.2 114.8 110.6 105 103.6 100.7 96.3 92.1 86.5 84.3 78.6 79.4 66.8 61.6 59.5 52.7 44.1
-1.9 -1.9 -1.9 -1.9 -1.9 -1.9 -1.9 -1.9 -1.9 -1.9 -1.9 -1.9 -1.9 -1.9 -1.9 -1.9 -1.9 -1.9 -1.9 -1.9 -1.9 -1.9 -1.9 -1.9 -1.9 -1.9 -1.9 -1.9 -1.9 1.7 20 66.9 98 117.4 145.3 168.4 222.2 267.4 258.5 251.3 244.1 240 237.6 234.9 231.1 223.1 215.5 208.3 201.7 196.2 190.5 184.3 179.6 176.7 172.8 167.9 161.9 158.4 153.8 149.1 146.9 143.4 139.9 135.8 132.5 126.2 119.9 113.9 108.4 105.2 103.4 99 94.8 89.8 84.1 76.9 71 66 63.3 54.9 48.7 42.3 39.7
-1.9 -1.9 -1.9 -1.9 -1.9 -1.9 -1.9 -1.9 -1.9 -1.9 -1.9 -1.9 -1.9 -1.9 -1.9 -1.9 -1.9 -1.9 -1.9 -1.9 -1.9 -1.9 -1.9 -1.9 -1.9 -1.9 -1.9 -1.9 -1.9 3.3 61.8 95.8 116.3 143.3 185.9 213.1 278.5 271.6 261.8 253.3 245.8 238.8 236.4 232.7 228.2 222.8 216.8 209.4 202.7 197.2 191.8 185.1 178.3 175.2 169.9 163.2 158.5 153.3 150.2 147.7 144.7 141.5 137.9 132.5 126.4 122.9 117.6 111.7 108.9 104.2 100 97.1 92.6 87.6 81.6 78.7 70.3 63.7 58.2 44.2 40.5 38.3 21.5
-1.9 -1.9 -1.9 -1.9 -1.9 -1.9 -1.9 -1.9 -1.9 -1.9 -1.9 -1.9 -1.9 -1.9 -1.9 -1.9 -1.9 -1.9 -1.9 -1.9 -1.9 -1.9 -1.9 -1.9 -1.9 -1.9 -1.9 -1.9 -1.9 2.5 47.2 88 124.9 176.8 212.3 260.6 281.4 272.3 264.4 254.8 247 239.7 235.6 231.4 225.1 221.7 217.5 210.2 203.6 197.8 191.2 186 180.7 176.5 172.5 168.1 163.4 156.8 151.1 147.3 142.9 139.2 134.3 127.7 124.9 121.2 116 110.5 104 101.5 97.9 94.4 90.2 86.2 79.7 77.6 72.1 63.3 59.3 50.9 42 20 -1.9
-1.9 -1.9 -1.9 -1.9 -1.9 -1.9 -1.9 -1.9 -1.9 -1.9 -1.9 -1.9 -1.9 -1.9 -1.9 -1.9 -1.9 -1.9 -1.9 -1.9 -1.9 -1.9 -1.9 -1.9 -1.9 -1.9 -1.9 -1.9 -1.9 2.8 42.8 83.5 131.9 184.1 245.7 293.5 282.6 272.7 265.3 256 247.4 239.2 233.3 228.3 223.8 220.5 217.7 211.6 206 199.6 194.5 189 182.2 175.9 171.7 167.4 162.4 157.2 152.8 147.7 144.7 139.7 134 127.3 123.2 118.8 114.4 112 107.2 103.2 97.7 89.5 87.4 82.9 78.2 75 72.5 62.8 56.7 48.2 44 12.8 -1.9
-1.9 -1.9 -1.9 -1.9 -1.9 -1.9 -1.9 -1.9 -1.9 -1.9 -1.9 -1.9 -1.9 -1.9 -1.9 -1.9 -1.9 -1.9 -1.9 -1.9 -1.9 -1.9 -1.9 -1.9 -1.9 -1.9 -1.9 -1.9 0 6.8 61.9 105.3 150.5 195.9 273.5 293.4 283 272 264.9 256.7 248.1 238.2 231.4 226.7 224.1 221.5 219 215 209.6 203.4 197.1 190.7 183.4 175.8 171.6 167.2 161.5 155.9 152.1 149 142.9 139.6 137.2 129.2 123.7 119.5 114 110.2 107 101.7 96.3 86.4 80.9 77.9 74.5 72.4 64.6 59 52.8 45.4 30.1 28 -1.9
-1.9 -1.9 -1.9 -1.9 -1.9 -1.9 -1.9 -1.9 -1.9 -1.9 -1.9 -1.9 -1.9 -1.9 -1.9 -1.9 -1.9 -1.9 -1.9 -1.9 -1.9 -1.9 -1.9 -1.9 -1.9 -1.9 -1.9 -1.9 0.2 4.3 57.7 102 148.7 228.1 295 292.1 282.1 271.5 264.4 255.9 247.1 237.8 230.1 225.1 224 222.5 222.7 218.9 213.3 207.4 198.3 190.5 182.9 176.1 171.4 166.8 161.2 157.5 154.9 151.7 144.9 139.2 134.3 129.5 124.4 120.8 115.3 109.7 104.5 100.9 91.5 88.5 77.5 73.9 71.1 67.2 60.6 52.6 49.7 46.4 38.6 20.3 -1.9
-1.9 -1.9 -1.9 -1.9 -1.9 -1.9 -1.9 -1.9 -1.9 -1.9 -1.9 -1.9 -1.9 -1.9 -1.9 -1.9 -1.9 -1.9 -1.9 -1.9 -1.9 -1.9 -1.9 -1.9 -1.9 -1.9 -1.9 -1.9 0.5 5.4 70.6 118.8 192.1 262.9 301.2 289.8 279 269.1 263.3 255 246.1 237 229.4 223.8 221.9 222.2 222.3 219.1 215.6 208.8 199 190.8 181.7 175.5 170.3 167.2 161.8 158.4 155.5 153.1 150.5 140.3 132.6 127.5 123.1 120.3 115.5 107.9 102.8 97.6 85.4 85.7 81.3 71 68.5 66.1 60.7 60.5 50.1 45.5 39 -1.9 -0.3
-1.9 -1.9 -1.9 -1.9 -1.9 -1.9 -1.9 -1.9 -1.9 -1.9 -1.9 -1.9 -1.9 -1.9 -1.9 -1.9 -1.9 -1.9 -1.9 -1.9 -1.9 -1.9 -1.9 -1.9 -1.9 -1.9 -1.9 -1.9 0.5 5.4 77 145.6 201.5 308.6 296.6 285.3 275.2 267.3 260.9 253.3 245.5 236.3 227.6 222.4 219.7 220.9 219.6 217.8 214.3 209.5 197.9 189.9 180.8 175.1 168.7 164.6 160.5 155.1 154.1 153.2 151.3 137.8 131.3 124.9 120 118.3 113.5 106.3 99.7 94.7 82.5 78.9 80.7 73.3 65.4 64.5 62.5 60.2 56 46.7 36.1 -1.9 6.5
-1.9 -1.9 -1.9 -1.9 -1.9 -1.9 -1.9 -1.9 -1.9 -1.9 -1.9 -1.9 -1.9 -1.9 -1.9 -1.9 -1.9 -1.9 -1.9 -1.9 -1.9 -1.9 -1.9 -1.9 -1.9 -1.9 -1.9 -1.9 0.8 15.1 79.5 143.9 241.2 301.3 291.5 281.3 272 265.6 259 252.2 244.7 236 226.9 221.2 216.8 216.3 216.3 214.6 211.6 207.7 196.4 188.3 179.2 173 166.9 163.5 156.9 154.6 153.3 152.1 148.1 138.2 131.4 125.8 118.6 114.6 108.4 102.5 96.8 92.6 82.1 77.6 76.1 71.9 65.1 60.5 57.1 55.3 53.4 41.4 12.3 27.6 33.2
-1.9 -1.9 -1.9 -1.9 -1.9 -1.9 -1.9 -1.9 -1.9 -1.9 -1.9 -1.9 -1.9 -1.9 -1.9 -1.9 -1.9 -1.9 -1.9 -1.9 -1.9 -1.9 -1.9 -1.9 -1.9 -1.9 -1.9 -1.9 0.8 16.3 88.8 178.3 291.3 291.5 285.3 276.1 267.9 262.6 256.2 250 244 236.1 226.8 217.8 214.3 211.4 211.5 210.9 208.6 203.9 195 186.5 178.4 171.3 163.1 158.3 155.6 153.7 152.4 149.9 145.9 137.3 131.6 124.7 118.1 113.6 105.4 101.4 97 91.7 86.4 81.1 74.3 69.3 62.1 58.5 54.6 51.3 44.8 29 41.2 39.7 41.3
-1.9 -1.9 -1.9 -1.9 -1.9 -1.9 -1.9 -1.9 -1.9 -1.9 -1.9 -1.9 -1.9 -1.9 -1.9 -1.9 -1.9 -1.9 -1.9 -1.9 -1.9 -1.9 -1.9 -1.9 -1.9 -1.9 -1.9 -1.9 0.5 5.2 109.1 159.3 280 284.4 278.6 271.5 265.3 257.6 252.6 247.2 241.6 236.1 227 216.4 212 209.1 207.1 205.2 200.9 195.7 190.2 183.8 175.8 168.7 161 154.9 153 152.2 150.1 147.7 139.1 133 128 123.2 116.5 112.7 106.9 99.3 94.1 89.1 85.3 83 74 72.2 66.1 57.9 49 43.8 38.5 46.1 52.2 44.6 42.1
-1.9 -1.9 -1.9 -1.9 -1.9 -1.9 -1.9 -1.9 -1.9 -1.9 -1.9 -1.9 -1.9 -1.9 -1.9 -1.9 -1.9 -1.9 -1.9 -1.9 -1.9 -1.9 -1.9 -1.9 -1.9 -1.9 -1.9 -1.9 1 12.3 101.5 192.5 274.1 279 272.5 268.1 261 254.7 249.6 244.9 240.4 234.8 226.4 216.2 211.5 207 202.3 199.1 194.4 189.1 184.6 179.5 172.2 165 157.9 152.8 150.3 148.8 146.7 142.6 136.8 129.4 123.4 118.6 114.8 109.7 101.1 97.7 90.7 87.4 84.1 77.1 74.3 71.4 65.4 53.9 47.3 38.5 42.2 52.5 54.8 52.4 42.9
-1.9 -1.9 -1.9 -1.9 -1.9 -1.9 -1.9 -1.9 -1.9 -1.9 -1.9 -1.9 -1.9 -1.9 -1.9 -1.9 -1.9 -1.9 -1.9 -1.9 -1.9 -1.9 -1.9 -1.9 -1.9 -1.9 -1.9 -1.9 1.2 40.4 68.7 215.8 276.8 273.5 268.7 262.9 256.8 252.5 247.9 242.6 238.3 233.5 227.3 217.7 210.5 204 198.2 190.7 186.5 182.2 176.9 172.2 165.8 160.4 155.6 150.7 148.4 144.7 141.3 136.9 131.1 125.9 120.9 117.8 112.3 107.4 97.6 93.1 88.6 83.8 81.6 73.5 70.7 69.2 56.8 48.9 38.1 46.2 53.3 57.3 55.4 47.8 43.2
-1.9 -1.9 -1.9 -1.9 -1.9 -1.9 -1.9 -1.9 -1.9 -1.9 -1.9 -1.9 -1.9 -1.9 -1.9 -1.9 -1.9 -1.9 -1.9 -1.9 -1.9 -1.9 -1.9 -1.9 -1.9 -1.9 -1.9 -1.9 2.2 70.5 162.9 197.1 268.9 268.5 265.3 261 255.2 249.3 245.1 240.4 235.8 231.3 226.1 217 209.8 202.6 193.6 184.2 178.7 175 170.7 166.5 161.1 156.4 150.9 147.2 145.4 140.1 134 130.4 126.9 123.3 122 117.6 110.2 103.2 97.7 94 93.9 84.9 75.1 69.9 66.6 62.9 49.6 52 55.9 55.9 59.3 60.9 58.1 55.8 51.9
-1.9 -1.9 -1.9 -1.9 -1.9 -1.9 -1.9 -1.9 -1.9 -1.9 -1.9 -1.9 -1.9 -1.9 -1.9 -1.9 -1.9 -1.9 -1.9 -1.9 -1.9 -1.9 -1.9 -1.9 -1.9 -1.9 -1.9 -1.9 2.6 106.2 212.4 269.4 268.6 264.9 260.9 257.5 252.6 247.6 242.7 238.5 233.9 229.4 224.7 216.2 208.3 201 192.7 182.8 174.1 167.8 165.7 160.4 154 149.5 146.9 142.5 139.9 134.8 130 126.4 122.9 121 120.5 117.3 106.8 103.5 96.3 94.7 91.3 82.6 76.1 69.4 62.8 62.9 60.2 61.7 60.7 58.7 64.2 63.8 60.5 60.5 55.9
-1.9 -1.9 -1.9 -1.9 -1.9 -1.9 -1.9 -1.9 -1.9 -1.9 -1.9 -1.9 -1.9 -1.9 -1.9 -1.9 -1.9 -1.9 -1.9 -1.9 -1.9 -1.9 -1.9 -1.9 -1.9 -1.9 -1.9 -1.9 3.1 120.2 167.1 264.2 262.4 259 255.5 253 249.2 244.9 240.6 236.6 232.1 227.4 222.6 216.4 208.4 200.4 190.2 179 171 163.6 158.3 155.9 150.8 145.7 141.7 137.6 132.4 135.3 133.7 129.8 124.5 121.8 118.2 114.4 112.2 107.3 101.1 93.4 90.4 88.6 76 71.3 69.9 71.7 69.4 73.7 67.9 74.3 72.7 71.7 67.5 60.4 55.8
-1.9 -1.9 -1.9 -1.9 -1.9 -1.9 -1.9 -1.9 -1.9 -1.9 -1.9 -1.9 -1.9 -1.9 -1.9 -1.9 -1.9 -1.9 -1.9 -1.9 -1.9 -1.9 -1.9 -1.9 -1.9 -1.9 -1.9 -1.9 3 134.6 183.7 259.1 256.9 254.2 250.7 247.9 244.8 242.1 238.9 235.4 231 225.7 220.2 214.3 206.5 198.6 188.4 177.6 168.2 162.6 155.3 152.8 147.5 143.2 139.4 141.1 140.4 140.8 138.4 131.4 127.2 123.8 121.9 120.9 117.1 109.2 101.4 90.6 87.3 80.3 76.4 74.8 72.7 78.7 81.4 81.6 78.4 77.4 77.2 74.2 70.9 62.6 59.9
