Game/Highland_Data/StreamingAssets/GeoData/Data/ng/NG19.asc
ncols 200
nrows 200
xllcorner 110000
yllcorner 890000
cellsize 50
[rows 74 to 110 of 200, columns 0 to 82 of 200]
79.2 77.5 79.6 78.1 71.6 67.1 63 59 48.2 45.5 42.7 41.5 39.7 30.9 32.7 26.7 26.7 26.7 33.3 41.6 48.5 28.8 52.2 56.6 60.5 64.5 68.8 74.8 81.5 87.1 91.9 98 107.4 119.1 123.9 131.7 128.9 134.4 137.6 144.9 150.8 159.2 169.8 177.3 189.5 211.2 229.7 252.3 266 280 283.1 289.9 290.7 286 280.8 273 266.9 265.7 270.9 278.9 287.1 296.2 294.3 287.8 292.7 293.1 283.1 278.2 267.6 246.6 227.9 215.7 199 185.1 160.4 145.4 137.7 116.5 104.9 95.5 88 83.9 83.3
79.1 77.3 78.6 80.9 77.6 70.6 64.5 60 59.3 48.5 44.8 45.5 41.1 35.9 34.3 32 26.7 26.7 32.2 41.9 49.5 26.7 50.8 58.4 57.3 61.4 65.5 74 80.6 84.5 90.3 97.7 103.1 113.3 115.8 120.1 124.7 128.3 132.6 140.7 144.9 149.9 165.7 173.6 181.6 201 221 238.8 256.8 269.8 275 279 278.9 274.3 267.3 260.1 260.3 260.8 267.2 273.5 285.7 297.6 292.7 286.5 291.6 292 279.4 270.1 264.3 247.5 227.9 215.2 203.2 187.2 166.7 150.7 137.3 121.1 111.3 100.5 96.7 90.4 84.7
82 77.1 75.7 77.2 76.8 70 65.5 65.8 64 53.7 46 46.8 44.1 40.6 36.9 32.9 26.7 26.7 29.4 32.6 46.2 49.9 36.1 55.8 56.5 59.2 65.7 72.8 78.1 81.9 85.7 92.5 99.1 103.5 107.7 112.4 121.4 126.5 131.6 139.1 140.9 142.7 156.8 166 173.8 193.7 212.3 228.3 244.5 256.1 263 268.2 266.6 263.2 254.8 247.8 253.6 256 262.2 270.4 279.1 290.9 289.1 288.9 289 286.7 269.1 262 251.9 241.6 229.6 215.5 203.9 188.1 172.5 160.4 142.9 127.9 115 106.3 100.3 96 91.9
85 84.7 80.8 75.5 74.5 73.4 71.4 69.6 67.3 64.2 48.9 46.9 47.4 46.8 37 40.1 29.5 35.3 26.7 28.2 39.3 48.4 50 50.9 55.1 58.7 64.5 69.1 74 78.5 84.9 91.9 92.7 97.5 103.4 108.6 117.8 124.8 131.3 135.1 138.2 139.3 148.3 156.5 169.4 185.8 202.9 219.9 229.4 242.2 252.6 254.6 255 250.3 241.8 243.7 246.9 249.3 254.4 265.8 274.1 282.3 282.3 281.9 281.5 277.5 265 253.2 247 235.2 227.7 214.7 205.6 194.7 178.7 176.1 161.1 139.7 124.2 120.4 109.3 100 97.6
89 87.1 81.4 83.7 80.6 82 83.7 80.2 75 70.4 60 52.6 47.9 46.8 41.2 39.2 32.8 41.5 37.5 27.1 28.2 42.4 53.6 56.1 59.4 61.9 63.3 66.4 72.4 73.7 78.9 81.9 86 91.9 96.4 105.9 114.2 120.9 129.5 128.9 134.8 138 147.6 156.3 161.4 178 201.1 213.9 222.4 233 239 242.9 242.8 234.5 232.4 237 237.4 241.1 250.8 262 269 275.2 274.9 273.5 272.1 272.8 261.6 252.2 243.1 239 226.8 213.2 203.9 199.1 190.6 183.4 179 144 129 124.3 113 110.2 101.1
93.4 93.3 92 93.7 90.1 94 90.2 87.3 82 74 70.4 61.3 56.1 48.3 49 47.8 32.4 32.1 30.6 27.1 34 33.5 53.1 64 69.4 62.2 62.5 65.5 67.8 71.3 76.2 80.6 83.4 87.6 91.7 96.3 108.7 116.5 122.7 119.1 128.6 129.5 146.7 151.7 162.9 168.7 190.4 205.5 213.8 220.7 228.3 229.9 228.9 222 226.8 228.8 232.2 229.9 246.2 255 260.8 266.2 269 265.7 258.9 263.1 255 248.2 244.7 236.5 223.7 213.7 209.3 201.2 195.8 193.4 175.6 155.9 136.6 128.7 117.6 114.2 110.1
98.1 103 100.6 105.8 107.2 106.3 104.3 96 91.6 85.1 78.4 71.6 63.3 62.3 56 56.3 44.6 26.4 26.7 38.4 32.6 35.8 49.1 63 67 64.5 63.8 66.6 67.9 70.2 73.4 76.2 86.1 87.7 88.6 93.5 102 112.9 115.9 112.5 124.1 126.3 143 146.5 156 166.3 182 191.8 198.1 202.5 207 212.9 214.5 216.9 221.1 222.2 226.2 224 236 246.6 257.2 258.8 260.8 263.2 254.6 255.1 253 248.9 245.1 236.6 226.5 221.3 213.6 212.5 200.3 196.1 181.8 158 142.3 136.5 121.3 116.9 120.1
102.7 104.5 110.1 115 114 117 115.5 109.4 101.9 96.7 89.4 83.9 77.3 72.7 64.1 60.3 48.8 29.7 27.8 33.3 36.2 38.2 46.7 51.9 64.2 64.5 64.3 66.5 66.4 67.9 72.1 77.1 87.3 87.5 88.5 92.2 98.5 107.6 109.2 111 117.9 122.3 133.3 142.7 149.5 155.7 165.4 173.3 185.5 193.5 195.9 196 206.8 210.8 210.4 214.3 216.6 220 231.2 240 248.6 253.3 256.4 262.1 257.2 254.6 256.3 248.2 245.6 241.9 228.6 223.7 225.6 212.9 203.9 195.5 178.6 165.5 150.3 136.5 133.3 133.2 129.3
110.3 111.4 120.6 128.3 122 128.1 124.1 120.1 115.2 111 107.7 102.5 93.4 79.2 71.9 67.6 55.6 37.3 32.7 35.4 40.4 44.3 56.5 55.9 60.1 64.6 66.9 68.4 66.6 68.3 71.8 74.3 86 87.1 88 89.2 93.3 102.6 109.9 114.6 119 116.8 128.8 136.1 148.7 147.3 157.8 164.3 171.3 178.2 180.5 184.1 189.8 193 203.4 205.4 206.7 211.4 225.2 231.4 237.2 246.5 257.9 259.2 250.3 253 256 251 247.6 242.7 234.3 235.4 224.3 206.2 199.3 188.8 177.9 166.1 159.7 143.9 143.9 140.1 132.5
113.6 120.5 134.5 138.8 130.8 133.5 136.3 136.8 133.3 126.6 123.8 112.2 103.7 92.9 77.4 67.8 65.9 39.8 37.6 33.9 46.5 51.7 58.6 65.7 64.3 63.4 67.5 69.6 72.1 69.2 72 76.4 82.4 86.8 90.8 88 89.9 100 108.8 115.9 118.6 115.4 120 129.8 139.7 137.2 144.2 146.9 155.3 163.4 174 177.1 182.6 183.3 195.2 198 198 206 215.7 223 237.7 242.9 248.6 250 243.4 248.8 255.1 253.3 248.8 245.4 242.1 238.1 226.2 203.6 200 191.4 175 165.8 155.8 149.2 147.8 142.6 138.2
117.9 127.7 142.7 145.9 143.1 144.7 150 147.9 146.3 141.4 134.4 123.3 110.5 96.7 82.8 72.4 66.1 44 35.1 41.9 50 55.4 70.5 75 75.5 66.5 68.8 70.5 71.8 72.3 73.6 77 78.4 86.1 88.2 84.3 86.8 91.6 101.2 105.4 110.8 108.2 114.2 126.1 131.6 131 132.6 142.3 146.3 161.9 165.9 168.8 176 175.8 181.8 186.1 194.7 201.4 212.7 224.9 230.7 233.9 236.1 238.6 244.6 246.6 252.2 251.7 246.2 250.6 243.7 237.3 224.6 204 199.4 184.6 171.4 167 160.2 149.1 150.7 150 144.1
126.6 132.4 145.2 148.9 152.4 153.7 157.1 158.8 155 152.7 143.5 131.9 116.3 99.9 89.4 71.7 65.1 52.7 37.1 41.9 51.6 63.9 73.6 78.2 75.7 75.5 69.1 70.5 74.6 77.4 78.5 75.6 78.4 84.1 83.5 83.5 83.5 84.4 91.2 100.7 104 102.3 111.3 119.2 120.9 122.4 126.6 130 145.4 154.7 158.5 157.7 162.4 166.5 169.4 179.6 191.6 199.4 207.6 215.3 223 229.1 228.3 235.2 238.9 240.5 246.4 242.4 242.3 246.6 240.9 237.1 218.3 204.3 190.8 183.9 177.6 172.7 165.2 157.3 146.1 150.5 143.1
131.2 139.5 153.7 163.5 168.3 172.2 168.5 171 166.1 161.1 145.6 133.3 117.3 101.9 86.5 74 65.7 57.3 37.9 40.7 54.4 72.8 81.8 79.7 83.6 77.6 79.4 74 73.1 79.5 84.3 82.7 82.4 82.8 85.6 83.5 83.5 83.5 83.7 89.9 96.3 94.3 103.4 111.4 114.8 115.4 122.9 130.9 138.9 143.3 151 150.1 158.2 155.6 163.5 174.7 188.7 194.3 197.2 207.1 215.2 223.5 225.2 231.6 235.4 235.8 237.9 238.4 242.7 243.9 236.9 230.8 214 201.3 195.1 187.8 187.5 175 170.1 162.6 144.5 141.6 138.3
134.8 143.9 162.2 175.5 176.8 182.9 183.5 180.8 177.1 171.9 160.4 136.5 120.6 101.9 84.8 74.6 62.5 55.6 49.9 41.7 59.8 71 74.9 80.4 84.2 87.7 87.8 84.1 78 77.5 83.1 85.8 85.6 83.5 85 83.5 83.5 83.5 83.5 86.6 91.2 89.8 99.8 104.9 106.1 110.2 112.6 120.7 128.9 135.3 139.8 140.5 141.2 147.7 155.7 175.8 180.3 187.4 190.9 202.4 212 215.4 219.4 224.9 230.6 232.3 232.5 235.8 238.8 236.1 233.5 224.4 211.2 199.9 198.2 188.4 187 179.5 173.8 165.3 150 131.8 131
143.8 150.4 160.7 179.4 185.3 189.3 191 187.8 182.9 180.3 171.4 137.2 121.3 105.8 86 77 67.7 60.6 55.7 38.9 59.5 67.9 74.2 79.3 86.4 93 96.1 98.7 91.4 87.4 79.9 87.8 89.7 88.2 85.9 83.5 83.5 85.4 86.3 85.8 86.6 87.7 94.3 96.7 101 104.4 105.3 111 117.9 119.1 128.8 131.7 133.3 135.7 147.7 163.5 171.8 176.4 184.3 195 204.3 211 215.3 221.5 227.2 227.9 231.6 227.6 232.5 229.7 228.9 224.1 214.3 201.2 198.3 190.1 181.9 177.7 171 167.6 147.7 127.8 125.1
153.9 148.9 161.7 178.5 189 194 197 195 191.7 186.3 177.6 149.9 123.4 105.4 88 81.1 68.5 61.2 50.5 46.7 46.6 70.9 73.7 80.8 95.7 105.6 106.7 106.7 102.9 99.3 96.8 89.5 90.9 89.3 88.9 85.1 87.8 90.1 89 87.9 85.7 85.7 87.6 92.3 95 94.7 98.1 102.1 103.7 112.2 119.7 115.8 124 137.6 143.1 153.4 161.3 167.2 173.7 187.2 200.1 205.6 211.1 215.7 221.8 222.8 223 225.3 233.2 227.5 223.9 221.3 213 204.8 195.4 189.1 184.8 179.8 168.5 161.3 145.5 134.4 118.3
150.3 155.6 159.2 177.7 191.9 196.6 199.6 202.6 200 192.9 186.8 160.7 119.1 104.4 86.9 80.6 70.7 60.7 53 42.8 38.6 64.6 74 79.2 98.4 107.1 113.8 116 109.8 105.7 99.2 93.5 90.4 88.2 90.5 90 91.8 94.5 94.3 89.6 85.7 85.7 85.7 87.3 90.2 89.1 91.8 94.5 99.7 103.3 106.4 108.2 118.4 129.7 138.1 147.5 152.2 158.4 169.1 181.8 193.3 203 208.1 210.8 218.8 218.7 222 218.4 234 230 222.5 218.9 213.5 204.2 194.8 191 184.2 175.1 168.4 156.4 136.3 133 120.8
142.5 155.4 162.9 175.5 191.9 196.9 200.2 201.2 198 196.8 190.2 166.7 132.6 102.4 89.1 78 71 62.6 58.9 38.7 38.6 57.1 67.8 81.7 101.1 108.3 112.7 116.2 117.9 116.1 113.5 106.7 102.3 89.4 91.5 92.3 93.3 96.5 98.3 95.5 87.8 88.4 89.5 93.6 93.7 91.3 89.2 89.2 94.8 96.5 95.7 98.9 116.4 122.9 135.1 142.8 146.6 150.8 161.6 176.2 184 194.5 198.9 207.4 209.5 214.4 220.2 221.3 224.4 225.6 218.1 214.6 216.7 202.7 193.8 188.1 182.3 174.4 165.1 146.9 134.9 124.7 118.8
143.3 154 158.8 171.4 189.2 195.1 199.5 199.9 202.3 200.3 190 171.3 150.6 100.6 88.6 79.6 75.4 67.5 59.4 45 38.6 39.4 62.2 83.5 97.7 114.1 119.1 122.4 125.3 125.8 122.5 122.7 116.8 108 94.4 95.9 96.9 101.3 102.5 104.3 86.8 85.7 88.4 91.4 95.7 92 91.2 89.2 91.5 93.8 102 97.9 99.6 123.6 130.1 137.5 142.7 145 156 169.1 181.7 187.3 193.8 201.3 208.4 209.3 211.8 212.9 217.1 216.9 211.4 214.5 216.7 210.1 202.4 186.6 180.9 167.3 153.9 139.6 132 121.9 120.8
138.7 150.5 155.5 165.6 187.8 193.8 196.4 205.3 203.5 196 186.4 176.6 143.4 105.1 92.3 81.2 77.5 74 63.7 53.5 46.7 38.6 54.5 79.1 99.9 119.3 127.6 136.7 137.2 137.3 133.9 131 126.3 122.2 108.8 99.2 101.3 99.4 99.1 96.3 92.3 85.7 91.4 93.1 94.5 94.3 89.2 89.3 91.1 95.2 104.6 101.5 102.2 115.9 124.6 130.9 139.3 143 149.6 167.4 177.4 182.4 187.3 195.6 205.2 203 207.3 213.7 216.1 217.6 212.9 211.4 210.5 211.2 206 187.2 175.8 167.5 145.8 135.8 129.7 129.4 121
133.5 147.5 153.7 161.4 176.8 189.5 197.3 206.6 206.5 200.5 190.1 176.3 145.4 127.7 105.9 90 83.5 76.8 68.4 57 51.4 39.1 47.4 67.8 103.3 124.8 139.3 145.9 149.4 152.4 145.5 143.6 138.4 134 129.6 117.3 101.4 103.7 95.9 95.1 90.8 85.7 94.7 98.8 97.2 94.4 89.2 89.2 91.7 95.3 103.9 102.5 100.5 106.1 116.1 128.6 136.1 142.2 149.4 162.6 177.8 180.2 178.3 193.4 198.5 202.2 207.7 211.2 213.2 214.6 213.4 210.8 205.4 207.4 202.3 185.3 168.9 156.5 142.5 132 130.4 125.4 116
129.2 141.9 149.9 161.4 169.2 185.4 198.3 205.2 208 201.1 193.6 177.3 145.3 129.4 112.2 102.2 97.4 90.4 76.6 63.7 59.9 58.3 48.6 69.1 98.3 121.3 150.1 155.7 158.5 161.9 159.2 152.3 151.1 147.6 133.6 129.2 121.6 101.4 94.9 97.5 94 85.7 89.5 91.8 91.5 91.1 89.2 89.2 91.2 94.5 99.9 97.6 98.8 106.5 117.6 130 134.4 137.7 146.2 158.5 171.4 172.9 179.3 183.3 189 202.1 208.4 214.2 212 206.6 212.7 209.7 200.9 199.5 191.1 178.4 162.4 149.9 139.6 131.8 131.6 127.9 115.9
117.2 131.3 148.4 162.3 177.6 180.8 194.7 203.1 203.8 204.9 196.3 165.8 152.5 135.7 119.5 111.2 109.3 99.9 89.1 72.1 64.7 62.4 54.6 71.6 103.8 116.4 155 160.9 166 169.5 163.1 158.1 157.2 155.9 148 136.7 132.5 113 104.9 94.5 98.4 85.7 85.7 92 93.5 89.2 89.2 89.2 89.2 92.9 96.5 98.2 101.5 105.8 110 121.3 129.9 134.6 140.6 156.9 162.8 162.5 177.2 183.6 191.1 206.1 210.3 208.7 210.5 200.7 207.8 205.9 196.6 201.1 184.4 173.7 160.8 152 141.5 135 134.6 126.8 114.4
109.8 128 147.5 161.1 183.4 183.8 189.6 202.7 202.8 201.9 188.9 165.5 156.6 145.4 129.1 119.5 113.9 103.7 96.3 75 68.5 67.1 55.6 66.1 93.9 114.3 151.8 162.2 167.4 170.2 169.7 166.1 164.8 164.9 154.8 152 143.4 131.6 110.7 104 109.5 85.7 85.7 91.8 93.8 90.9 93.9 90.8 89.2 90.8 94.1 98 98.9 105.3 110.1 113.9 128 133.7 141 149.9 157 160.9 170 183.2 182 191.2 206.3 208.7 211 205 193.9 194.6 189.1 190.4 180.7 170.4 162.4 149.8 141.2 134.7 129.4 122.3 119.4
108.6 127.1 146.9 163.3 184.9 198 193.5 200.7 212 203.4 182.4 170.6 158.1 147.2 142.7 129.3 123.2 115.4 98.7 84.6 74.8 69 61.4 63.3 90 108.2 142.1 162.1 162.4 166.9 171.3 171.7 170.5 171.4 166.8 157.7 153.6 145.5 127.1 118.7 106 94.4 85.7 88.9 93.3 97.5 101.9 95.1 89.2 89.2 94.1 96.5 98.5 104.6 112.5 116.2 125.7 133.7 139.1 140.6 144.7 153.1 168.1 174.4 177.4 185.8 194.1 205.7 213.6 209.8 184.5 186.2 190.1 183.4 171.5 165.4 157.9 147.8 135.6 130.3 131.4 126 119.9
103.1 122.4 141.4 161.3 185.7 204.9 212 202.3 214.2 203.8 182 175.5 163.3 155.1 145.6 138.2 132.8 123.7 101.2 85.3 79.2 71 68.4 60.3 84.2 101.4 120.7 143.4 155.8 163.1 168.2 170.3 171.8 176.8 171.1 164.6 161 150.1 130.9 129.2 120.3 101.7 90.5 89.9 92.8 92.8 91.1 90.7 89.2 91.2 92 99.3 99.9 108.3 113.3 116.3 123.1 131 140.2 132.5 140.6 146.8 161.9 166.6 177.2 180.6 191.3 195.3 206.4 202.1 181.5 180.7 179.4 176.5 170.5 167.1 155 145 136.2 135.3 130.5 121.3 114.5
103.7 116.6 139.7 159.7 178.9 203.1 211.6 214.4 209 186.4 174.3 169.8 166.8 164.3 146.9 146.3 143 133.2 119.4 90.9 77.8 76.2 69.7 59.9 73.3 94.9 108.1 126.8 141.1 157.9 163.7 169.6 167.4 178.1 180.4 172.8 164.5 160.6 139 135.5 138.1 101.3 95.5 90.4 97.9 99.6 95 91.4 89.2 92.9 92 95.2 99.9 109 116.6 123.4 119.9 126.5 135 129 137 145.4 149.1 159.9 171.9 173.3 183 191.8 193.8 195.9 187.5 184.2 171.6 167.9 167.7 164.8 157.1 150 143.7 139.9 130.2 122.9 116.8
99.5 115.9 128.5 148.7 165.4 190.2 204.8 216.2 188.9 178.3 171.7 174.2 171.3 164.4 155.8 161.7 151.3 153.3 122 97.6 78.1 78.3 72.6 63.7 69.1 80.9 96.9 114.7 127 155 165.1 173.9 169.8 184.3 187.5 177.8 173.1 162.7 142.5 137.7 138.1 127.3 96.4 97.6 101 97.2 97.2 95.1 89.2 89.2 90.8 94.2 102.4 110.7 120.7 120.2 118.4 116.5 126.4 125.6 132.4 136.8 137.3 154.4 159.7 169.1 175.3 183.9 185.6 191.2 192 184.1 174.2 164.8 165.4 162.5 158.8 158 145.5 137.9 127.4 118.5 115.7
96.3 103.1 119.1 132 141.5 162 174.8 191.6 173.6 170.8 176.5 169.8 165.8 158.4 156.5 161.8 165 159.2 127.7 96.1 78 79.3 74.8 64.7 66.1 66 81.6 106.1 124.2 151.1 164.1 174.9 173.1 180.9 185.4 177.6 172.8 156.8 142.5 132.4 136.3 130.5 115.5 98.9 100.7 99.7 97.6 93.7 89.2 89.2 91.2 94.4 104.6 115.7 120.7 114.7 112.3 112.6 122.1 123.1 124.7 129.6 134.1 140.8 154 163.2 171.4 179.9 179.4 186.2 191.3 173.1 175.2 162.4 165.4 164.9 168.9 159.5 148.4 136.5 123.8 116.9 116
96.9 97.3 104.5 117.7 123.3 137.7 153.7 156.6 162.1 165.3 163.7 156.5 155.5 158.3 156.5 160.9 155.6 149.2 129.9 104.5 77.6 74.3 69.9 60.7 57 73.7 78.7 99.9 119.4 152.4 168.2 182.2 174 181.4 180.7 170.6 160.9 144.5 141.4 127.8 132 130.5 109.3 109 109.1 110.3 97.3 99.1 89.2 89.2 89.3 98.9 106.3 115.1 115.8 114 108.7 110.9 109.5 119.6 119.7 126.9 132.2 137 145.2 152.3 156.5 172.1 173.2 180.4 191.9 170.9 166.9 161.2 156.4 164 170.8 164 153.2 144.6 129.1 120.3 118.2
95.8 98.6 100.2 105.3 112.4 115.8 128.2 136.1 143.7 148.1 155.9 144.2 147.4 154.7 163 163.4 159.1 147.9 131.8 112.9 81.4 72.1 66 56.9 47 70.4 79.1 96 108.9 128.8 158.1 171 177 179.1 174.6 169.4 147.5 132.4 122.6 126.4 129.6 121.7 121.2 119.5 109.8 108.3 107.2 94.9 95.7 90.2 98.1 99.7 104 110 110.9 108.1 105.5 109.6 108.5 109.8 112 115.1 121.7 126.9 139.4 148.7 145 157.1 164.4 170.5 169.2 164.6 159.5 154.2 154.2 160.3 166.5 169.7 164.7 142.2 129.7 124.1 121.4
94.4 97.3 99.8 96.5 99.9 103.1 116.7 122.7 125.1 128.5 136.7 135.8 131.3 150.4 156.3 162.8 156.8 145.1 135.2 119.8 85.4 65.7 64.6 58.9 46.4 60.6 74.9 82.2 100.3 114.7 147 155.4 165.4 169.8 169.8 158.1 130.7 114.8 119.6 125.5 128.3 118.6 119.1 122.8 117.3 109.3 103.9 102.7 89.3 89.5 94 96 102.9 103.3 106 102 103.8 108.4 105.7 101.9 104.4 110.3 118.1 124.3 132.1 143.3 143.4 148.9 153.2 157.9 158.7 172.7 154.2 154.3 154.2 158.1 157.5 160 155.4 143.6 124.5 120.3 115.8
103.8 97.4 96.4 91.6 90.6 94.3 106.4 113.3 111.9 106.9 110.7 119 123.6 126.9 147.7 149.8 143.9 142.4 128 110.7 85.5 72.2 62.5 57.6 45.5 42.8 66.6 73.3 97.4 116.7 135.8 146.1 159.5 163 164.3 152.2 125.8 114.8 114.8 114.8 118.9 117.1 118.1 122.3 113.7 118.5 107.7 103.4 100.8 89.4 89.4 95 99.5 102.8 103.1 100.5 104.5 105.3 107.8 106.8 103 109.1 112.9 119.4 125.6 130.8 139.2 145.9 152.4 148.2 165.5 159.1 156.4 164.1 155.7 164.4 166.6 151.2 144.5 139.7 123.4 116.4 110.5
120 105.5 95.7 93.2 89.5 92 97.5 102.1 93.8 86.1 95.1 102.8 100.6 111.5 128.1 133.1 137.9 139.9 124.6 104.1 83.6 72.8 61.1 52.9 47.1 41.6 54.6 69.4 89.8 103.8 117.2 127.2 136.8 153.8 157 156.5 124.5 115.1 114.8 114.8 116.3 114.9 116.3 116.8 115 114.1 112.1 105.9 101.9 92.3 89.4 89.4 95.6 98.1 97.8 99.9 102.7 103.9 101.7 98.3 95.3 102.8 104.5 108.3 115.5 125.7 133.2 143.1 153.7 153.9 148.7 154.4 148.5 151.5 155.1 158.8 164 160.5 138.9 129.6 121.1 116.6 111
137 121.5 101.3 93.8 92.3 88 91.7 89.4 90.2 83.4 84.7 87.6 91.2 97.3 111.2 120.5 124.9 128.2 118.8 98.8 86.5 71.6 56.6 52.3 45.5 42.4 46.7 63 79.9 89.7 100.3 114.4 121.5 135.8 152.8 164.2 146.5 118.9 114.8 118.8 122.2 127 120.2 113.7 117.5 114.8 116.7 110 104.4 101.2 98.4 94.8 92.6 93.4 97.7 98.3 101.1 99.9 94.8 88.5 83.8 94.8 93.5 97 104.5 117.1 129.5 137 146.2 151.2 148.6 153 144.8 150.6 151.3 153.6 149.3 158.2 136.4 126.2 120.9 112.6 109.8
171.4 142.1 114.9 95.1 94.5 90.7 84.7 84.1 86.3 85 83.3 81.3 86.5 92 96.6 104.8 109.5 110.1 105.5 97.2 84.3 73.4 56.8 47 42.2 40.3 47.3 52.6 71.5 82.2 88.7 97.6 106 117.3 137.9 152.7 154.3 131.2 119.2 117.2 128.8 138.1 132.3 113.7 122.5 127.3 129.7 114.5 103.7 99.8 100.2 95.8 91 81.1 87.9 99.4 96.5 93.3 87.4 84 80.9 84.1 85.3 89.4 93.1 103.4 113.2 126 136.3 140.1 135.5 132 136 150 151.6 152.4 138.5 143.1 125.5 115.6 110.8 105.1 108
191.9 159.3 139.9 120.6 99.9 96.1 90.9 86.6 82.6 82.5 82.6 78.9 80.9 80.2 86 94.4 99.1 99.6 93.8 91 82.3 71.4 54.8 42.4 39.5 39.7 43.9 45.9 61.8 69.1 76.3 84.5 87.5 100.2 121 137.9 145.8 141.6 121.6 122 137.3 144.9 145.3 133 123.5 130.7 132 126.7 102.8 100.1 97.1 97.9 95.4 81.9 75.9 88.6 94.4 90.3 83 79.8 76.6 76.3 81.3 79.4 88.7 99.1 104.9 114.6 125.2 132.3 130.7 131.5 137.7 142 144.1 148.7 145.7 133.2 124.9 117.8 106.4 102.6 99.4
