Game/Highland_Data/StreamingAssets/GeoData/Data/ng/NG23.asc
ncols 200
nrows 200
xllcorner 120000
yllcorner 830000
cellsize 50
[rows 0 to 37 of 200, columns 0 to 83 of 200]
123.2 117.4 106.6 99.5 91.4 84.9 72.3 57.5 42.4 38.3 36.2 39.9 53.5 74.4 89.7 98.5 98.5 98.2 100.6 104.1 110.1 119.6 148.6 171.2 177.7 196 206.2 210.1 213.2 215.8 211.8 204.4 184.7 187.7 175.2 168.2 163.1 164 157.4 161.8 168.6 169 186.1 205.7 218.9 238 245 250.3 254.8 259.5 268.2 286.3 294.1 289.8 294.7 303.4 320.8 338.9 344.6 350 348.7 342.8 328.7 314.8 298.2 289.9 277.1 266.9 258.5 255.1 254 248.9 256 261.1 263.8 264.4 261.8 258.7 260.8 258.4 254.7 238.1 230 223.2
108.5 104 98.9 93.9 86.6 80.5 71.6 55.1 39.5 36.8 30.7 43.1 58.9 80.9 93.6 95.7 97.3 96.8 99.8 107.6 109.7 115.6 136.7 170 177.8 196.9 204.6 208 208.9 205.2 198 189.8 169.8 168.4 162.8 155.5 149.6 148.1 156.7 158.8 165.1 167.7 178.5 199 218.4 233.2 243.6 251.7 254 258.6 266.1 281.1 283.5 284.6 290.9 300.9 314.3 325.2 333.8 335.9 336.7 327 319.6 307.4 294.5 284.5 267.2 259.9 257.6 256.3 255 259.4 267.5 268.7 284.7 285.3 283 280.1 280.3 274.7 263.2 258.1 250.9 236.7
100.8 98.4 92 89.2 83.7 79.5 70.5 52.3 37 35.7 31.6 48.4 61.4 75.2 91.8 92.9 91.3 92.9 97.7 104 110.1 114.2 133.3 166.1 184.5 196.1 200 201.6 199.2 196.6 188.1 170.7 163.5 158.9 152.5 137.4 146.1 147.4 156.2 161 165.4 171.8 176 197.6 221.6 234.8 243.4 249.3 254.9 260.4 265 267.7 275.3 283.7 288.5 299.7 311.6 318.9 327.7 327.4 318.5 312.5 304.4 294.4 283.9 273 264 258.6 258 256.8 265.9 274.7 283.1 287.9 295.9 304.6 296 294.5 288.8 286.8 278 268.8 260.8 255.8
93.1 91.6 87.5 84.8 82.3 78.1 67 47.5 33.7 31.1 40.9 55 64.2 67.8 80.7 87.8 84.7 91.7 96.6 99.3 109.9 115.4 128.1 162.3 186.5 195.3 197.5 191.9 189.5 186.7 174.3 158.1 155 146.4 142.5 132.1 141.2 151.9 160.8 163.1 166.4 173.3 176.1 194.3 217.8 231.3 244.6 246.8 255 257.4 257.7 257.4 271.8 281.2 288.5 298.5 309 324.7 332.5 330.3 317.5 303.5 297.7 288.4 278.2 268.4 260.6 258.8 258.9 260.1 271.1 278.2 290.7 298.7 309.9 313.4 311 307.3 297.8 292.8 289.9 286.7 280.3 269.1
90.6 88.4 86.2 83.3 80.6 76.3 62.1 43.5 29 31.5 45 55.7 65.1 68.9 78 79 78.3 87.8 95.4 98.6 100.8 112.9 123.1 143.6 178.6 188.4 183.8 179.4 176.8 168.6 155.9 148.3 142.4 141.3 136.9 130.3 143 152 157.8 162 161.7 166.4 173.1 187.7 208.9 225.8 243.6 247.2 249 248.2 248.5 255.9 268.9 283.7 293 304.4 320.1 337.5 338.7 332.4 315.1 301.6 290.3 282.7 271.8 261.6 255.8 252.9 256.2 260.3 273 282.8 296.1 306.2 315.1 324.1 320.3 320.6 309.9 304.1 301.6 299.5 292.5 288
88.5 86.4 84.2 82 79.2 70.7 53.8 39.9 26.4 33.9 47.9 57.2 66 70 70.9 68.3 68.8 77.3 93.7 94.5 98.3 110.5 119.9 129 144.7 153.3 149.8 147.5 143.9 142.3 135.2 130.7 131.9 138.6 120.7 135.7 147.2 153.1 158.6 157.7 156.5 160.3 168.2 184 201 221.8 233.2 233.4 243.2 247.6 257.3 260.5 273.2 293 305.8 320.1 335.4 341.4 336.5 328.8 313 301.1 287.4 281.3 267.7 260.2 252.6 250.3 253.8 256.3 275.4 286.6 296.5 307.1 314.1 329.9 333.2 326.8 320.7 315.4 309.7 307.2 302.7 299.4
85.8 84.9 83.3 81.1 76.9 63.7 47.5 34.9 25.4 35.5 51.7 58.1 65 71.4 69 65.5 67.6 70.4 85.8 94.6 97.1 102.2 113.4 123.8 132.3 134.2 134.7 134.2 133.5 130.3 119.9 118.9 122.2 125.9 131.5 143.6 153 151.2 153.6 153.8 155.8 158.1 167.4 178.3 191.2 214.1 223.3 234.5 243.6 250 258 277.6 282.6 301.9 323.4 332 337.8 338.8 334.7 322.8 312.1 299.4 285.9 277.5 265.8 254.4 250.1 247.5 254.4 256 266.5 283.8 295.6 306.2 323.6 337.1 342 343 331.1 321.9 317.3 313.4 311.6 305.1
85.3 82.8 81.2 79.7 69.1 52.8 44.1 29.3 24.1 45 50 56.2 61.1 64.2 64.4 64.6 70.3 71 83.9 93 96.8 97.7 104.4 117.9 127.7 132.1 132.7 131.2 130.2 114.1 111.2 112.2 115.2 124.5 142.6 152.6 154.1 151.7 152 154.6 156.9 159.6 165.2 174.8 189.3 213.7 229.1 243.4 256.9 265.6 281.1 290.4 301.2 320.9 329.2 332.5 335.9 335.8 329.2 321.4 311.1 299.8 290.6 274.3 258.9 250.1 246.4 248.4 252.7 253 257 276.3 293 307.7 328.1 344.2 362.5 365.4 346.1 327.7 319.8 315.8 316.2 309.4
87.4 78.5 79 70.6 61.4 46.5 37.5 24.4 26 51.2 57.6 56.7 56.6 58.5 60.2 63.4 68.5 69.6 76.8 90.9 95.3 96.2 97.2 105.8 118.4 122.6 124.3 120.1 110.7 103.3 95.4 112.5 119.2 127.9 142.2 153.8 154.4 152.7 153.3 161.9 159.7 161.2 165.6 178.1 195.8 224.7 244.6 256.5 269.5 283.9 293.6 306.2 317.6 324.7 329.4 330 330.5 329 325.7 321.2 306.5 296.4 291.2 272.2 257 247.5 245.5 246.3 249.9 252.5 254.7 266.5 286.9 309.2 327.5 351.5 364.7 367 350.9 333.8 320.1 317.9 314.7 307.6
86.5 74.4 69.9 63.4 51.4 41.2 28.8 21.5 39.6 54.3 56.1 56.7 57.5 59.6 63.1 65.2 67 69.5 77.2 88.6 92.2 94 94.9 96.9 104.8 108.3 107.9 105.5 92.9 98.5 102.8 108.8 120.4 128.8 137.5 150.1 156.3 152.9 156.2 162.2 162.5 163.7 166.8 179.1 206.9 245.7 262.2 268.3 276 289.7 294.6 311.9 324.5 327.9 330.1 330.2 329.7 329.4 323.8 315.6 304 296.9 284.4 270 259.2 247 245.4 244.8 246 252.5 254.3 257.3 280.1 306 321.8 347.4 362.1 354.8 347.6 336.7 322.5 313.2 312.6 307.1
75.2 72.3 59.3 53 45 32.5 22.9 28.6 48 53.7 55.7 56.8 57.7 60.9 65.7 67 67.7 71.8 74.2 88.8 90.5 93.6 94.9 95.8 95.8 99.4 94.7 89.2 89 94.9 99.9 107.3 117.3 128.6 134.3 145.5 149.4 157 162 168.4 166 171.1 173.9 183.8 218.2 249.1 264.6 270.8 274.8 283.8 293 306.8 318.4 328.5 330.7 329.4 331.1 330.9 321.6 308.7 300.2 294 280.3 269.4 263.3 249.3 246.7 242 242.2 245 253.1 255.3 270 302.6 315.5 337.2 350.8 352.7 349.2 339.5 324.1 307 308.1 306.4
63.4 58.1 52.3 43.6 35.8 25.7 19.4 34 52.6 55 55.9 56.9 58.2 64.1 66.6 67.7 68.8 73.6 73.6 84.5 90.3 92.7 93.7 94.3 90.7 90.7 87.9 82 90 96.2 103.4 111 117.2 127.4 137.3 148.9 159.6 169.2 169.7 169.7 169.4 177 179.5 186.3 216.2 250.5 263.2 270.1 273.9 280.7 289.2 298.1 315.2 319.6 322 323.5 324.8 318.9 310.7 306.3 292.4 284.5 277.8 269.1 259.6 251 250.2 242.3 238.8 240.4 244.8 258.6 270.6 300.1 314.8 336.4 348.2 352.9 349.7 338.8 319.8 306.1 296.4 300.4
54.3 48.8 45.3 33.8 25.4 18 20.4 36.7 54.5 55.5 56.4 57 62.8 66.2 68.1 69.8 73 73.5 73.6 80.5 89.7 90.1 87.7 88 86.2 85.2 79.6 86.7 94.5 105.5 109.6 115.8 122.1 132 145.6 154.6 164.5 175.2 172.3 171 169.5 175.7 183.4 189.8 208.4 247.7 255.7 265.9 271.8 276.6 285.1 295.4 303.1 309.6 313.7 315.6 316.9 310 294.9 289.3 286.9 280.8 273.5 261.2 251 245.6 246.3 238.6 236.8 237.9 242.1 259.1 269.1 303.7 316.4 332.6 345.3 349.7 345.2 334.2 314.3 301.1 291.9 278.1
-1.8 -1.8 24.8 19.6 12.7 11.2 21.6 36.2 49.8 55.9 56 57.6 64.6 69.1 70.3 72.2 76.1 74 73.6 77.8 86.4 87.2 80.1 78.2 79.3 77.7 78.7 91.3 100.6 106.9 111.3 116.2 129 140.5 148.2 155.1 162.1 171.2 171.3 171.1 167 166.5 175.5 189.9 198.7 231.4 251.6 255.3 266.3 270.8 280.3 292.7 301 302.5 304.3 304.7 304 295.1 287.9 283.1 280.3 277.3 262.6 256.1 239.2 237.6 233.7 232.4 230.5 234.8 244.2 255.1 268.2 292.7 312.7 330.4 340.3 341.9 338.9 329.3 308.2 298 281.4 272.1
-1.8 -1.8 -1.8 -1.8 -1.8 1.7 19.7 33 47.5 55.7 54.3 66.7 67.2 70.9 73.1 77.2 81.2 78.4 76.8 77.7 82.2 79.6 78.5 77.4 75.4 70.3 79.8 90.2 101 105.9 110.7 119.2 132.5 143.2 147.9 151.2 160.3 164.3 168.3 167 166 165.1 167 176.1 194.1 209.6 227.2 250.1 256.6 272.8 277.2 291.4 297 300.5 301.4 300.5 297.4 285.5 283 278.8 274.3 268.5 254.1 243.1 231.4 228.9 227.3 226.9 226.6 240.1 248 256.3 266.7 285.7 312.7 328.4 333.1 336.6 334.3 321.4 306.7 288.4 278.6 267.2
-1.8 -1.8 -1.8 -1.8 -1.8 -1.8 19.7 29.1 40.2 56.9 60.4 64.1 68.6 73.6 78.4 82 94.2 93.5 82.1 80.1 79 78.4 77.9 76.6 72.7 69.3 76.8 86.4 95.9 104.5 113.8 122.6 132.7 143.9 148.1 150.5 157.3 163.7 165.6 164.5 163.6 162 161.6 166.5 183.5 195.2 211.9 234.3 253.4 260.7 274.1 288.6 291.8 297.8 297.4 295.5 284.5 278.3 274.7 273.7 270.9 259.1 245.9 230.6 226.1 221.8 220.7 215.1 234.3 251.4 254.8 260.8 266.6 278.2 308.6 316.2 325.5 331.3 328.9 315.8 300 284.2 275.3 257.1
-1.8 -1.8 -1.8 -1.8 -1.8 -1.8 1.7 29.7 43.7 59.5 60.4 61.4 67.1 79.3 90 93.7 97.6 96.4 85.7 81.4 80.1 78.4 78 76.5 71.7 66.7 75.5 82.8 92.2 102.7 112.9 118.5 126.7 143.5 146.5 149.2 154.1 161.4 163.6 162.4 159.7 158.5 159.5 159.7 169 182.1 200.4 223.4 246 256.6 270.3 279.4 290.1 292.6 291.7 288.6 285.7 282.1 278.8 270.5 265.7 253.1 237.7 218.1 216 212.5 210.6 210.7 226.7 252.8 261.5 262.6 266.9 272.3 293.4 310.4 317.4 319.7 317.8 309.3 293 282.8 270.8 248.7
-1.8 -1.8 -1.8 -1.8 -1.8 -1.8 0.7 1.9 45.8 55.3 62.4 68.2 75.9 89.3 94.1 100.5 99.4 98.3 88.9 83.2 82.1 82.3 77.9 75.9 72.3 66.7 72.1 80.3 89.8 103.9 107.3 114.3 124.1 136.2 140.6 147 153.2 157.6 160.5 157.8 155.4 157.3 156.3 156.5 161.4 170.2 189.4 213.7 244 259.7 273.8 277.2 279.9 285.3 284.8 286.1 284.5 281.7 271.4 270.6 265.7 244.2 232 208.3 203.5 201.4 200.9 204.7 218.6 244.5 261 260.8 264.4 275.3 292.5 307.8 312.7 315.6 315.8 302.7 287.8 273.9 255.9 243.5
-1.8 -1.8 -1.8 -1.8 -1.8 -1.8 -1.8 1.7 45.1 68.2 76.6 81.6 83 85.4 92.6 101.5 102.5 100.2 95.9 84.9 84.7 81.9 79.9 75.3 68.7 65.5 69 76.5 88 101.2 101.5 109.6 120 130.6 135.7 145.4 151.6 156.1 155.3 153.5 151.9 154.2 153.3 152.9 156.4 162.8 177.5 207 244.6 261.4 267.5 274.4 275.4 272.3 276.3 274.5 270.8 263 268.7 264.4 250.8 237.8 222.6 203.6 199.2 198 200.9 204.1 214.2 226.4 244.5 250.6 262.5 276.9 290.8 300.9 310.1 312.5 307 296.5 279.2 259.1 245.7 242.1
-1.8 -1.8 -1.8 -1.8 -1.8 -1.8 -1.8 1.7 64.6 72.6 87.3 92 94.3 86.9 87.2 91.4 101.7 104.6 93.5 86.9 85.9 81.7 76.5 74.3 68.6 61.9 64.6 71.4 83.8 97.7 97.3 101.8 117.3 126 129.5 143.3 148.8 154.6 153.8 151.1 147.4 146 144.9 148.4 153.4 158.3 170.1 196.2 238 257.1 259.7 262.6 263.4 258.7 254.6 250.5 249.2 250.5 249.8 245.4 237.7 225.4 211.3 197.2 192.7 190.9 197.3 202.3 212.8 220.5 230.9 247.7 264.4 274.9 298.5 299.8 304 305.9 300.9 285.4 264.9 258.1 238.9 231.8
-1.8 -1.8 -1.8 -1.8 -1.8 -1.8 -1.8 -1.8 53.2 76.2 86.6 91.4 92.7 91.1 84.2 83.3 88 96.2 92.7 89.8 86.4 80 77 73.7 67.2 59.9 58.5 64.1 78 90 94.6 98.5 108 118.4 124.1 133.7 145.2 152 152.1 148.7 145.2 143.1 142.1 141.8 147.9 156.1 160.7 177.7 206.8 240.6 245.6 250.9 248.2 240.3 223.5 224.6 227.7 227.8 227.9 227.3 220.4 212.1 201.2 192 188.6 189.7 195.1 200 210.7 219.8 230.5 248.2 264.8 271.1 293.8 300.2 300.5 299.9 292.1 275.4 262.5 250.5 242.8 231.4
-1.8 -1.8 -1.8 -1.8 -1.8 -1.8 -1.8 -1.8 8 70.8 73.3 73.4 75.3 83.4 82.8 78.7 82.7 89 93.2 91.2 89 81.5 76.5 70.9 62.6 55 56.5 58.4 71 88.6 95.8 99.2 104.1 113 119.1 126.7 134 144.3 146.2 145.5 141 138.3 138.2 138.4 140.2 148.4 154.5 165.7 182.7 203.2 217.7 221.5 220 213.9 211.3 211.8 211.7 212.5 213.4 213.8 210.3 204.6 190 187.8 181.9 189.4 193.5 197.9 205.2 222.3 234.1 245.1 263.1 270.9 278.1 300.5 301 298.1 285.1 266.4 260.4 250.1 245.4 232.2
-1.8 -1.8 -1.8 -1.8 -1.8 -1.8 -1.8 -1.8 1.4 38.1 66.4 69 70.2 71 72.5 75.4 80.4 86.1 88.2 91.9 88.3 83.2 75.1 69.6 61.6 53.3 54.7 57.9 67.6 77.3 92.3 97.2 101.4 110.8 116.7 121.6 125 131.6 136.5 139.8 134.6 134.3 133.8 133.7 135.3 141.1 150.2 159.8 168.9 176.4 187.3 200.3 202.6 200.7 202.8 202.5 202.2 205.8 206.8 207.5 201.1 194.1 183.1 181.7 182.6 187.7 191.8 195.5 205 223.2 235.7 243.8 264.6 270.9 274.6 288.6 302 297.8 279.2 269.6 257.4 250.8 246.4 240
-1.8 -1.8 -1.8 -1.8 -1.8 -1.8 -1.8 -1.8 -1.8 -1.8 3.5 5 -1.8 2 2.3 2.2 3 86 86.1 85.8 85.8 82.1 74.7 66.7 57.3 48.3 53.1 55.3 70.7 75.5 82.9 97.7 102.9 109.2 115.8 121.1 121.7 125.5 132.4 133.6 128.2 128 127.9 129.5 131.6 135.9 144.7 155.2 167.8 168.1 169.5 174.6 177.2 183.5 188.8 192.5 194.6 199.4 200.5 197.8 193.1 184.3 178.6 174.5 182.4 187.7 190.5 194.3 202 215.3 237.3 247.4 275.8 274.8 276.1 280.1 284.9 288.7 274.6 269.6 256.5 244.9 244.1 242.9
-1.8 -1.8 -1.8 -1.8 -1.8 -1.8 -1.8 -1.8 -1.8 -1.8 -1.8 -0.5 -1.8 -1.8 -1.8 -1.8 0.1 23.8 1.4 1.9 2 1.4 58.9 68.3 53.5 34.5 47.4 56.6 68.4 76.5 84.7 93.3 104 106.5 114 117 120.5 123 125.7 125.7 122 124 128 129 130.5 132.6 136.2 141.3 157.1 163.8 167.8 168.3 168.5 168.2 167.4 169 180.2 193.1 194.5 189.8 183.9 172 170.8 176.8 183.2 187.9 189.8 192.2 199.6 213 240.6 248.9 279.8 285.1 280.6 280.3 280.9 281.6 272.6 261.2 256.5 241.2 236.2 233.9
-1.8 -1.8 -1.8 -1.8 -1.8 -1.8 -1.8 -1.8 -1.8 -1.8 -1.8 -1.8 -1.8 -1.8 -1.8 -1.8 -1.8 -1.8 -1.8 -1.8 -1.8 -1.8 0.4 41.5 47.6 24.1 46.6 58 66.5 78.8 88.1 95.9 105.7 107.3 111.1 113.8 118.4 120 119.9 119.4 117.6 116.9 128.3 129 129 129.9 134.2 137.2 149.2 161.2 164.2 166.1 167.4 166.5 166.9 167.2 168.3 178.7 183.3 175.8 171.2 169.7 170.7 175 182.1 186.2 189.8 192.3 197.4 210.6 234.8 247.6 274 283.6 283.9 284.9 280.6 271.4 261.9 251.3 249.4 240.1 238.2 240.6
-1.8 -1.8 -1.8 -1.8 -1.8 -1.8 -1.8 -1.8 -1.8 -1.8 -1.8 -1.8 -1.8 -1.8 -1.8 -1.8 -1.8 -1.8 -1.8 -1.8 -1.8 -1.8 -1.8 -1.8 1.1 2.3 5.8 59.5 70.8 80.5 92.5 97.1 103 108.8 107.4 108.1 115.4 118.4 117.6 117.1 115.2 109.9 118.2 127.2 125.9 129.3 130.6 136.6 141.4 156.6 160.4 166.5 166.2 166.3 167.5 166.4 166.7 165.7 165.1 164.7 164.3 163.8 170.6 171.4 175.5 180.5 184.7 189 195.8 206.7 223.4 245.7 268.1 275 278.4 284.1 282.9 276.8 258.3 251 249 246 242.3 244
-1.8 -1.8 -1.8 -1.8 -1.8 -1.8 -1.8 -1.8 -1.8 -1.8 -1.8 -1.8 -1.8 -1.8 -1.8 -1.8 -1.8 -1.8 -1.8 -1.8 -1.8 -1.8 -1.8 -1.8 -1.8 -1.8 -1.8 66.8 76.1 84.8 95.3 99.3 102.7 104.4 104.7 102.7 106.9 111.3 112.9 113.9 110.1 104.3 108.3 115.3 128.6 129.7 130.6 134.5 137.8 148.3 155.1 161.4 164 166.2 167.7 166.3 165.2 163.7 164.4 163.3 162.9 161.1 167.5 166.4 169.3 174.9 180.2 186.3 193.7 204.3 219.7 250 274.1 276.5 280.1 289 283.1 266 258.7 259.9 259.2 252.3 246.3 244.6
-1.8 -1.8 -1.8 -1.8 -1.8 -1.8 -1.8 -1.8 -1.8 -1.8 -1.8 -1.8 -1.8 -1.8 -1.8 -1.8 -1.8 -1.8 -1.8 -1.8 -1.8 -1.8 -1.8 -1.8 -1.8 -1.8 -1.8 4.5 85.7 90.9 95.8 99.5 103.8 104.1 101.5 99.5 102.2 100.4 101.9 103.5 100.6 96.3 100.6 105.9 126.2 130 131.2 131.8 137 139.6 146.2 155.5 158.4 159.5 161.1 161.4 160.9 161.4 162.8 164.3 161.8 160 159.4 157.7 160.2 167.8 181.7 184.7 191.5 201.7 219.1 251.5 271.9 278.3 278.7 277.5 272.1 273.1 275.9 282.9 275.4 264.1 253.4 243.9
-1.8 -1.8 -1.8 -1.8 -1.8 -1.8 -1.8 -1.8 -1.8 -1.8 -1.8 -1.8 -1.8 -1.8 -1.8 -1.8 -1.8 -1.8 -1.8 -1.8 -1.8 -1.8 -1.8 -1.8 -1.8 -1.8 -1.8 1 13.4 97.4 102 101.3 102.8 104.5 100.1 93.9 92.3 94.6 95.7 96.9 96.2 87 93 99.5 108 127.3 128.9 129.3 131.9 136.9 142.4 147.1 149.7 153 155 156.1 157.8 161 161.6 161.9 161.9 160.1 158.5 154.2 155 160.7 171.8 184.6 190.1 202.7 222.4 252.4 257.1 260.3 269.2 278.7 283.7 284.9 288.7 287.2 279.8 272 263.4 257.6
-1.8 -1.8 -1.8 -1.8 -1.8 -1.8 -1.8 -1.8 -1.8 -1.8 -1.8 -1.8 -1.8 -1.8 -1.8 -1.8 -1.8 -1.8 -1.8 -1.8 -1.8 -1.8 -1.8 -1.8 -1.8 -1.8 -1.8 -1.8 0.9 64.8 105.7 105.4 101.9 99.9 94.1 89.5 83.7 87 90.8 89.9 88.5 81.2 88.8 92.6 99.2 111.4 120 121.6 129.7 133.3 139.1 143.9 146.9 146.9 149 151.8 156.1 159.8 159.5 159 159.7 159.9 158.2 152.6 151.6 157.5 166.1 179.5 192 207.2 220 241.4 248 250.8 269.8 288.1 287.6 288.7 294.1 298.1 295.3 291.1 285.6 278.9
-1.8 -1.8 -1.8 -1.8 -1.8 -1.8 -1.8 -1.8 -1.8 -1.8 -1.8 -1.8 -1.8 -1.8 -1.8 -1.8 -1.8 -1.8 -1.8 -1.8 -1.8 -1.8 -1.8 -1.8 -1.8 -1.8 -1.8 -1.8 -1.8 0.8 101.1 103.3 97.5 46.7 79.8 82.5 77.6 75.3 77 78.6 78.4 76.1 79.8 88.4 92.8 102.4 112.3 116 125.3 131.5 137.2 143.3 143.1 143.9 142.5 147.5 152.5 158.8 155.4 155.1 154.5 154.3 154.8 146.8 152.8 155.3 161 180.1 197.6 208.5 218 231.9 242 255.8 277.7 294.4 298.1 303.3 315.1 316.1 315 302.1 293 288.7
-1.8 -1.8 -1.8 -1.8 -1.8 -1.8 -1.8 -1.8 -1.8 -1.8 -1.8 -1.8 -1.8 -1.8 -1.8 -1.8 -1.8 -1.8 -1.8 -1.8 -1.8 -1.8 -1.8 -1.8 -1.8 -1.8 -1.8 -1.8 -1.8 -1.8 63.8 13 3.7 50.4 1.7 3.1 8.7 1.5 1.4 58.5 71 74 74.9 77.4 90.5 96.4 102.2 108 119.2 129.5 133 136.1 138.1 137.2 140.4 142.6 145.8 145.9 146.3 147.9 150 150.3 150.1 149.9 153.2 157.3 162.6 182.2 193.3 210.5 231.5 252.4 260.7 270 292 302.4 307.4 318.7 327.7 324.5 320.5 318.4 306 296.6
-1.8 -1.8 -1.8 -1.8 -1.8 -1.8 -1.8 -1.8 -1.8 -1.8 -1.8 -1.8 -1.8 -1.8 -1.8 -1.8 -1.8 -1.8 -1.8 -1.8 -1.8 -1.8 -1.8 -1.8 -1.8 -1.8 -1.8 -1.8 -1.8 -1.8 -1.8 -1.8 -1.8 -1.8 -1.8 1.7 -1.8 -1.8 -1.8 -1.8 63.4 68.2 72 70.9 81.6 92.1 95.1 98.9 111.5 119.8 125 125.4 130.4 131 132.6 136.3 137.9 135.8 137.4 140.3 144.5 146.6 147.2 151.6 153.4 159 166.6 185.4 210.3 227.2 257.4 263.5 267.9 288.1 300.8 309.1 314.2 329.2 336.1 333.2 323.2 319 312.5 307.8
-1.8 -1.8 -1.8 -1.8 -1.8 -1.8 -1.8 -1.8 -1.8 -1.8 -1.8 -1.8 -1.8 -1.8 -1.8 -1.8 -1.8 -1.8 -1.8 -1.8 -1.8 -1.8 -1.8 -1.8 -1.8 -1.8 -1.8 -1.8 -1.8 -1.8 -1.8 -1.8 -1.8 -1.8 -1.8 -1.8 -1.8 -1.8 -1.8 -1.8 60.9 61.9 66.2 66.6 71.4 81.9 89.5 93.5 102 110 115.3 120.4 123.4 123 124.5 127.3 127.5 129.2 131.1 131.1 134.9 144.7 151.4 156.4 156 161.9 178.3 218.7 231 254 265.3 267.3 279.7 297.3 306.3 312.7 319.9 336.4 339 330.8 325.2 320 319.8 304.9
-1.8 -1.8 -1.8 -1.8 -1.8 -1.8 -1.8 -1.8 -1.8 -1.8 -1.8 -1.8 -1.8 -1.8 -1.8 -1.8 -1.8 -1.8 -1.8 -1.8 -1.8 -1.8 -1.8 -1.8 -1.8 -1.8 -1.8 -1.8 -1.8 -1.8 -1.8 -1.8 -1.8 -1.8 -1.8 -1.8 -1.8 -1.8 -1.8 -1.8 -1.8 -1.8 55.5 20.7 69.5 80.2 87.6 92.2 94.9 101 110.4 116 118.3 120.4 120.7 122.1 122.3 124.8 120.7 132.6 140 149.5 154.8 159.6 162 166.1 187.1 228.5 257.1 265.2 270.5 278.4 296.3 302.8 310.6 315.8 324.7 338.2 338 330 325.9 323 322.4 304.8
-1.8 -1.8 -1.8 -1.8 -1.8 -1.8 -1.8 -1.8 -1.8 -1.8 -1.8 -1.8 -1.8 -1.8 -1.8 -1.8 -1.8 -1.8 -1.8 -1.8 -1.8 -1.8 -1.8 -1.8 -1.8 -1.8 -1.8 -1.8 -1.8 -1.8 -1.8 -1.8 -1.8 -1.8 -1.8 -1.8 -1.8 -1.8 -1.8 -1.8 -1.8 -1.8 -1.8 -1.8 2.4 76.9 85.1 91.8 95.1 100 106.7 111.2 113.2 114.9 117.9 112.7 115.3 126.7 131.7 140.1 147.8 157.6 161.8 164.9 168 171.3 199 242.9 269.2 281.8 277.7 290.7 300.5 306.7 312.8 319.1 329.3 333.9 333.8 330.7 327.2 326.1 313.7 302.1
-1.8 -1.8 -1.8 -1.8 -1.8 -1.8 -1.8 -1.8 -1.8 -1.8 -1.8 -1.8 -1.8 -1.8 -1.8 -1.8 -1.8 -1.8 -1.8 -1.8 -1.8 -1.8 -1.8 -1.8 -1.8 -1.8 -1.8 -1.8 -1.8 -1.8 -1.8 -1.8 -1.8 -1.8 -1.8 -1.8 -1.8 -1.8 -1.8 -1.8 -1.8 -1.8 -1.8 -1.8 0.9 72.1 81.2 85.8 94.4 99.9 103.9 105.4 106.7 106 117.8 124.4 127.2 131.7 141.7 149.1 152.3 164.5 168.3 169.3 170.4 180.8 207.2 251.7 272.9 287.5 284.1 297.9 305.9 309 315.6 322.2 333.7 335.3 333.3 330.4 329 316.4 310.7 297.8
