Game/Highland_Data/StreamingAssets/GeoData/Data/ng/NG25.asc
ncols 200
nrows 200
xllcorner 120000
yllcorner 850000
cellsize 50
[rows 74 to 110 of 200, columns 82 to 163 of 200]
-1.9 -1.9 -1.9 -1.9 -1.9 -1.9 -1.9 -1.9 -1.9 -1.9 -1.9 -1.9 -1.9 -1.9 -1.9 -1.9 -1.9 -1.9 -1.9 -1.9 -1.9 -1.9 -1.9 -1.9 -1.9 -1.9 -1.9 -1.9 -1.9 -1.9 -1.9 -1.9 -1.9 -1.9 -1.9 -1.9 -1.9 -1.9 -1.9 -1.9 -1.9 -1.9 -1.9 -1.9 -1.9 8.4 10.1 11.3 14.2 16.8 21.2 26.6 34.9 47.2 58 61.4 69.3 71.3 81.8 89.9 101.2 109.7 117.2 123.6 129.4 135.5 141.1 146.7 150.9 155.7 160.2 165 169.1 172.8 174.2 184.5 189.5 199 211.9 222 230.2 234.3
-1.9 -1.9 -1.9 -1.9 -1.9 -1.9 -1.9 -1.9 -1.9 -1.9 -1.9 -1.9 -1.9 -1.9 -1.9 -1.9 -1.9 -1.9 -1.9 -1.9 -1.9 -1.9 -1.9 -1.9 -1.9 -1.9 -1.9 -1.9 -1.9 -1.9 -1.9 -1.9 -1.9 -1.9 -1.9 -1.9 -1.9 -1.9 -1.9 -1.9 -1.9 -1.9 -1.9 -1.9 -1.9 2.7 9.8 10.4 12.8 14.3 16.2 18.9 22.3 42.2 54.6 63.6 70.9 77.7 84.5 91.8 100.4 107.1 114.9 121.7 128.5 134.5 141.3 147 152.7 159.7 164.8 169.3 174.6 178.9 179.3 182.1 190.5 201.2 212.5 222.5 230.4 234
-1.9 -1.9 -1.9 -1.9 -1.9 -1.9 -1.9 -1.9 -1.9 -1.9 -1.9 -1.9 -1.9 -1.9 -1.9 -1.9 -1.9 -1.9 -1.9 -1.9 -1.9 -1.9 -1.9 -1.9 -1.9 -1.9 -1.9 -1.9 -1.9 -1.9 -1.9 -1.9 -1.9 -1.9 -1.9 -1.9 -1.9 -1.9 -1.9 -1.9 -1.9 -1.9 -1.9 -1.9 -1.9 1.8 5.4 5.8 9.3 13.1 16 23.1 29.9 37.8 51.3 62.4 70.8 75.1 81.8 90.2 97.8 104.7 112.1 120.1 127 133.6 140.8 148 155.4 162.8 168.6 176.9 180.2 184 186.5 186.6 193.4 203.6 213.5 222.8 231 235
-1.9 -1.9 -1.9 -1.9 -1.9 -1.9 -1.9 -1.9 -1.9 -1.9 -1.9 -1.9 -1.9 -1.9 -1.9 -1.9 -1.9 -1.9 -1.9 -1.9 -1.9 -1.9 -1.9 -1.9 -1.9 -1.9 -1.9 -1.9 -1.9 -1.9 -1.9 -1.9 -1.9 -1.9 -1.9 -1.9 -1.9 -1.9 -1.9 -1.9 -1.9 -1.9 -1.9 -1.9 -1.9 -1.9 3.3 9.4 11.3 15.3 19.2 24.6 29.4 34.6 44.1 56.7 65.8 73.4 79.5 86.7 93.8 101.2 109.1 118.1 125.3 132.7 141.9 149.5 156.2 163.2 170.6 177.7 185.4 190.9 195.1 193.9 193.8 204.6 214.6 224.5 227.6 232.7
-1.9 -1.9 -1.9 -1.9 -1.9 -1.9 -1.9 -1.9 -1.9 -1.9 -1.9 -1.9 -1.9 -1.9 -1.9 -1.9 -1.9 -1.9 -1.9 -1.9 -1.9 -1.9 -1.9 -1.9 -1.9 -1.9 -1.9 -1.9 -1.9 -1.9 -1.9 -1.9 -1.9 -1.9 -1.9 -1.9 -1.9 -1.9 -1.9 -1.9 -1.9 -1.9 -1.9 -1.9 -1.9 -1.9 3.4 11.6 14.4 17.1 20.6 24.2 27.3 32.6 38.6 48.2 62.8 72.2 78 84 89.9 97.3 105.4 112.5 123 132.1 142.3 150.5 156.2 164.1 174.2 182.9 190.3 196.4 202.2 203.4 200.9 204.8 215.6 221.4 224.9 234.4
-1.9 -1.9 -1.9 -1.9 -1.9 -1.9 -1.9 -1.9 -1.9 -1.9 -1.9 -1.9 -1.9 -1.9 -1.9 -1.9 -1.9 -1.9 -1.9 -1.9 -1.9 -1.9 -1.9 -1.9 -1.9 -1.9 -1.9 -1.9 -1.9 -1.9 -1.9 -1.9 -1.9 -1.9 -1.9 -1.9 -1.9 -1.9 -1.9 -1.9 -1.9 -1.9 -1.9 -1.9 -1.9 -1.9 -1.9 6.3 16 18.7 19 20.9 23.8 29.4 35.7 42.4 51.2 61.9 70.5 80.5 86.4 93 103 111.8 122.1 131.9 142 150.5 157.5 167.1 176.8 185.1 193.2 200.3 207.3 207.6 208.9 207.7 214.6 219.4 225.4 234.5
-1.9 -1.9 -1.9 -1.9 -1.9 -1.9 -1.9 -1.9 -1.9 -1.9 -1.9 -1.9 -1.9 -1.9 -1.9 -1.9 -1.9 -1.9 -1.9 -1.9 -1.9 -1.9 -1.9 -1.9 -1.9 -1.9 -1.9 -1.9 -1.9 -1.9 -1.9 -1.9 -1.9 -1.9 -1.9 -1.9 -1.9 -1.9 -1.9 -1.9 -1.9 -1.9 -1.9 -1.9 -1.9 -1.9 -1.9 -1.9 2.4 10.5 13.8 15.8 17.9 24.9 30.6 36 39.3 41.7 63.5 74 82.8 90.6 100.2 110.3 122.7 133 143.4 151.8 159.9 169.6 177.8 188.7 196.2 202 208.2 212.8 218.8 219.8 216.9 220.7 227.9 237.1
-1.9 -1.9 -1.9 -1.9 -1.9 -1.9 -1.9 -1.9 -1.9 21.5 25.2 17.1 -1.9 -1.9 -1.9 -1.9 -1.9 -1.9 -1.9 -1.9 -1.9 -1.9 -1.9 -1.9 -1.9 -1.9 -1.9 -1.9 -1.9 -1.9 -1.9 -1.9 -1.9 -1.9 -1.9 -1.9 -1.9 -1.9 -1.9 -1.9 -1.9 -1.9 -1.9 -1.9 -1.9 -1.9 -1.9 -1.9 -1.9 0.7 5.7 11.8 13.2 20.2 25.4 28.7 31.8 36.4 57 70.9 76.6 86.7 98.3 109.5 122.8 134.7 144.6 154.7 162.6 171.1 180 193.5 204.6 211.4 217.2 223.3 223.4 225.1 222.9 227.9 239 245.2
-1.9 -1.9 -1.9 -1.9 -1.9 -1.9 31.2 49.5 54.2 48.7 45.2 37.9 19.2 -1.9 -1.9 -1.9 -1.9 -1.9 -1.9 -1.9 -1.9 -1.9 -1.9 -1.9 -1.9 -1.9 -1.9 -1.9 -1.9 -1.9 -1.9 -1.9 -1.9 -1.9 -1.9 -1.9 -1.9 -1.9 -1.9 -1.9 -1.9 -1.9 -1.9 -1.9 -1.9 -1.9 -1.9 -1.9 -1.9 -1.9 -1.9 6.6 9.4 14.4 18.6 23.7 19.5 24.2 48 68.6 73.8 82.5 96 109.6 120.4 133.3 145.8 155.5 164.9 175 189.7 203 208 212.9 215.4 221.2 228.5 231.9 226.7 233.6 240.4 245
-1.9 -1.9 -1.9 -1.9 -1.9 35.8 52.7 89.1 78.4 64.5 58.9 55 40.4 26.5 -1.9 -1.9 -1.9 -1.9 -1.9 -1.9 -1.9 -1.9 -1.9 -1.9 -1.9 -1.9 -1.9 -1.9 -1.9 -1.9 -1.9 -1.9 -1.9 -1.9 -1.9 -1.9 -1.9 -1.9 -1.9 -1.9 -1.9 -1.9 -1.9 -1.9 -1.9 -1.9 -1.9 -1.9 -1.9 -1.9 -1.9 -1.9 5.1 7.8 11.1 14 15.3 21.8 40.2 65 73.3 80.2 97.5 111.8 122.5 136.1 146.4 157.8 168.5 178.3 194.7 201.1 207.8 214.4 217.2 224.9 231 231.2 227.2 233.3 237.7 245.9
-1.9 -1.9 -1.9 18.5 38 63.9 91.1 133.3 119 84.6 70.8 62.1 51 36.9 18.5 8.7 -1.9 -1.9 -1.9 -1.9 -1.9 -1.9 -1.9 -1.9 -1.9 -1.9 -1.9 -1.9 -1.9 -1.9 -1.9 -1.9 -1.9 -1.9 -1.9 -1.9 -1.9 -1.9 -1.9 -1.9 -1.9 -1.9 -1.9 -1.9 -1.9 -1.9 -1.9 -1.9 -1.9 -1.9 -1.9 -1.9 0.8 2 4.2 7.7 10.1 19 30.7 63.5 73.1 83.7 95.9 109.7 126.2 138.3 150.6 162.9 173.3 179.5 193.7 200.3 210.5 216.2 218.6 221.6 228.2 228 230 230.4 234.9 248.2
11.7 13.1 23.4 42.1 71 117.3 129.6 137.2 137 114.1 97.9 83.3 64.5 43 22.7 15.6 10.1 -1.9 -1.9 -1.9 -1.9 -1.9 -1.9 -1.9 -1.9 -1.9 -1.9 -1.9 -1.9 -1.9 -1.9 -1.9 -1.9 -1.9 -1.9 -1.9 -1.9 -1.9 -1.9 -1.9 -1.9 -1.9 -1.9 -1.9 -1.9 -1.9 -1.9 -1.9 -1.9 -1.9 -1.9 -1.9 -1.9 -1.9 0.8 2.8 8.1 12.5 27.4 58.6 72.4 83.2 98.2 109.6 123.3 135.2 151.1 168.5 173.2 179 191.3 201.9 209.7 212.7 216 218.3 223.5 223.4 227.5 231.1 232.7 239.7
35.8 38.1 51.4 72.9 117.9 145.4 149.1 150.6 151.2 149.1 129.1 100.5 74.7 52.4 37.3 29.6 14.2 -1.9 -1.9 -1.9 -1.9 -1.9 -1.9 -1.9 -1.9 -1.9 -1.9 -1.9 -1.9 -1.9 -1.9 -1.9 -1.9 -1.9 -1.9 -1.9 -1.9 -1.9 -1.9 -1.9 -1.9 -1.9 -1.9 -1.9 -1.9 -1.9 -1.9 -1.9 -1.9 -1.9 -1.9 -1.9 -1.9 -1.9 -1.9 -1.9 2.6 9.2 26 56.5 73.4 85.7 101 110.1 122.2 135.2 151 165.9 175.4 182.5 194.4 202 206.2 211.4 214.3 216.3 218.2 221.6 225.4 230.1 232.4 233.9
62.3 69.6 97.7 142.9 146.7 152.2 154.5 156.6 157.5 159.6 156.7 138.5 87.2 68.1 49.8 39.7 21.3 13.9 -1.9 -1.9 -1.9 -1.9 -1.9 -1.9 -1.9 -1.9 -1.9 -1.9 -1.9 -1.9 -1.9 -1.9 -1.9 -1.9 -1.9 -1.9 -1.9 -1.9 -1.9 -1.9 -1.9 -1.9 -1.9 -1.9 -1.9 -1.9 -1.9 -1.9 -1.9 -1.9 -1.9 -1.9 -1.9 -1.9 -1.9 -1.9 1.2 7.4 22.9 52.8 73.3 87.8 101.9 112.1 123.6 138.4 157.2 169.5 177.2 187.9 193.5 198.7 201.4 205.7 208.4 213 220 224.9 225.7 229.3 229 231.3
111.5 119.2 142.1 145.5 151.6 156.5 162.3 162.9 162.3 160.9 160.3 157.4 115.5 86.9 79.5 52.5 37.7 18 8.4 -1.9 -1.9 -1.9 -1.9 -1.9 -1.9 -1.9 -1.9 -1.9 -1.9 -1.9 -1.9 -1.9 -1.9 -1.9 -1.9 -1.9 -1.9 -1.9 -1.9 -1.9 -1.9 -1.9 -1.9 -1.9 -1.9 -1.9 -1.9 -1.9 -1.9 -1.9 -1.9 -1.9 -1.9 -1.9 -1.9 -1.9 -1.9 5.7 18.7 51.8 74.2 90.5 102 116.4 126.9 137.2 155.7 169.2 173.8 183.3 189.9 193.9 198 200.7 201.8 210.1 214.8 220.1 223.8 227.4 225.7 227.5
133.1 137.2 145.3 149.8 155.4 163.7 168.5 170.5 171.4 167.4 166.5 157.8 155.3 100 79.7 85.5 58 37.6 27.1 14.1 -1.9 -1.9 -1.9 -1.9 -1.9 -1.9 -1.9 -1.9 -1.9 -1.9 -1.9 -1.9 -1.9 -1.9 -1.9 -1.9 -1.9 -1.9 -1.9 -1.9 -1.9 -1.9 -1.9 -1.9 -1.9 -1.9 -1.9 -1.9 -1.9 -1.9 -1.9 -1.9 -1.9 -1.9 -1.9 -1.9 -1.9 4.1 18.2 48.9 76 97.2 102.8 117.9 127 136.1 154.7 167.4 170.9 183.7 187 190.6 192.8 192.5 200.6 206.6 210.4 212.1 213.8 219.4 224.8 225.9
139.5 142.3 147.3 154.6 161.9 175.5 184.2 185.2 180.2 179.5 173.8 170.1 163.3 136.8 91.8 82.3 89.8 48.2 31.5 23.9 -1.9 -1.9 -1.9 -1.9 -1.9 -1.9 -1.9 -1.9 -1.9 -1.9 -1.9 -1.9 -1.9 -1.9 -1.9 -1.9 -1.9 -1.9 -1.9 -1.9 -1.9 -1.9 -1.9 -1.9 -1.9 -1.9 -1.9 -1.9 -1.9 -1.9 -1.9 -1.9 -1.9 -1.9 -1.9 -1.9 -1.9 3.5 18.6 54.1 77.7 96.1 100.6 114.8 125.8 136.4 153.5 163.8 168.6 181.5 183.9 187.6 185.8 186.6 192.2 199 203.8 207.2 212.3 218.7 224.3 225.5
138.7 147.2 153.6 157.2 168.5 183.3 197.7 200.8 195 188.3 188.1 178.5 169.4 159.2 106 83.3 88 70.9 52.7 32.1 19.7 -1.9 -1.9 -1.9 -1.9 -1.9 -1.9 -1.9 -1.9 -1.9 -1.9 -1.9 -1.9 -1.9 -1.9 -1.9 -1.9 -1.9 -1.9 -1.9 -1.9 -1.9 -1.9 -1.9 -1.9 -1.9 -1.9 -1.9 -1.9 -1.9 -1.9 -1.9 -1.9 -1.9 -1.9 -1.9 -1.9 6 29.5 59.8 81 94 98.3 111.5 125.8 138 151.6 161.3 167.4 178.8 181 182.8 181 185.6 191.3 194.3 199.3 203.5 207.5 214.3 221 224.8
141.9 149.9 160.5 166.5 176.5 188.8 199.9 204.5 206.4 205.9 194.6 189.9 180.1 167.5 136.9 102.3 89.3 90.3 72.5 50 26.4 9.7 -1.9 -1.9 -1.9 -1.9 -1.9 -1.9 -1.9 -1.9 -1.9 -1.9 -1.9 -1.9 -1.9 -1.9 -1.9 -1.9 -1.9 -1.9 -1.9 -1.9 -1.9 -1.9 -1.9 -1.9 -1.9 -1.9 -1.9 -1.9 -1.9 -1.9 -1.9 -1.9 -1.9 -1.9 2.4 14.4 37.4 68 80 91 96 106.3 119.7 135.6 150.2 158.2 163.7 175.4 177.7 176.8 178.5 185.3 189.6 193.9 196.2 201.6 204.9 211 214.4 218.7
143.6 152 164.6 172 182.9 196.2 208.4 214 219.1 208.6 205.9 199.9 184.1 175.1 164.3 115 98.1 81.2 77.8 61.5 32.9 17.4 -1.9 -1.9 -1.9 -1.9 -1.9 -1.9 -1.9 -1.9 -1.9 -1.9 -1.9 -1.9 -1.9 -1.9 -1.9 -1.9 -1.9 -1.9 -1.9 -1.9 -1.9 -1.9 -1.9 -1.9 -1.9 -1.9 -1.9 -1.9 -1.9 -1.9 -1.9 -1.9 -1.9 -1.9 8 26.8 46 76.1 82.5 89.8 93.1 102.2 112.8 124.8 144.4 152.8 158.2 164.5 169 171.1 175.1 179.2 184.6 189.9 192.2 197.9 202.5 206.6 214.5 215.4
146.8 154 168.1 176.1 188.6 202 219.2 223.8 223.8 220.6 215.1 204.5 197.9 182 169.9 148 118.8 88.1 82.3 65.1 35.6 20.6 22.1 -1.9 -1.9 -1.9 -1.9 -1.9 -1.9 -1.9 -1.9 -1.9 -1.9 -1.9 -1.9 -1.9 -1.9 -1.9 -1.9 -1.9 -1.9 -1.9 -1.9 -1.9 -1.9 -1.9 -1.9 -1.9 -1.9 -1.9 -1.9 -1.9 -1.9 -1.9 -1.9 4.9 30 48.6 44.3 73.5 85.2 88.4 91.8 99.4 109.9 121.6 133 147 152.9 158.2 163.6 164.7 167.5 174.5 180.8 184.1 193.5 199.5 204.7 211.6 217.2 219.7
150.4 159.8 165.6 178.6 194.6 208.3 220.8 232.9 235.3 228 222.1 213.9 204.3 193.1 174.6 167.2 152.3 139.9 123.4 81.3 48.5 24.5 27.1 24 -1.9 -1.9 -1.9 -1.9 -1.9 -1.9 -1.9 -1.9 -1.9 -1.9 -1.9 -1.9 -1.9 -1.9 -1.9 -1.9 -1.9 -1.9 -1.9 -1.9 -1.9 -1.9 -1.9 -1.9 -1.9 -1.9 -1.9 -1.9 -1.9 -1.9 2.5 19.6 54.5 65.6 36.6 71.9 82.4 85.2 90.1 97.6 110 120.8 133.8 142.3 148.7 156.8 157 168.4 171.4 175.8 181.4 187.1 194.7 201 209.2 219.9 223.6 232.6
153.3 159.8 169.7 183.6 202.6 218.5 230.3 243.6 253.8 243.5 233.6 221.1 210.4 201.3 181.5 168.4 160.2 148.3 130.4 114.7 71.2 40.8 23.3 29.6 15.2 -1.9 -1.9 -1.9 -1.9 -1.9 -1.9 -1.9 -1.9 -1.9 -1.9 -1.9 -1.9 -1.9 -1.9 -1.9 -1.9 -1.9 -1.9 -1.9 -1.9 -1.9 -1.9 -1.9 -1.9 -1.9 -1.9 -1.9 -1.9 2.7 17.5 51.1 66.9 69.9 48.3 69.1 74.1 80.8 88.4 94.6 105.5 117.7 133.2 143.3 145.6 145.6 160.7 168.8 173.2 177.9 185 189.1 196.3 202.3 217 223.8 228.9 234.4
154.9 164.2 176.6 191.9 208.1 227.6 241.6 248.5 263.2 258.2 251.1 235.2 218.8 203.7 197.7 175.6 162.7 149.5 141.2 123.4 101.4 61.9 26.9 23.4 22.9 -1.9 -1.9 -1.9 -1.9 -1.9 -1.9 -1.9 -1.9 -1.9 -1.9 -1.9 -1.9 -1.9 -1.9 -1.9 -1.9 -1.9 -1.9 -1.9 -1.9 -1.9 -1.9 -1.9 -1.9 -1.9 -1.9 2.7 17.7 29.7 52.3 70.1 72.2 73.3 54.8 66.2 72.3 78.4 85.7 96.3 104.4 114.7 132 136.3 141.2 151.4 160.7 166.6 172 181.1 188.9 196.5 197 206.6 215.6 221 230.1 236.2
157.8 168.3 186.2 200.4 220 236.7 250.4 259.7 266 265.1 263.2 251.1 228.6 210.2 199 184.8 172.6 157.1 145.2 131.3 121.6 78.4 46.1 23.5 24 11.2 -1.9 -1.9 -1.9 -1.9 -1.9 -1.9 -1.9 -1.9 -1.9 -1.9 -1.9 -1.9 -1.9 -1.9 -1.9 -1.9 -1.9 -1.9 -1.9 -1.9 -1.9 -1.9 -1.9 -1.9 11.5 59.7 61 65.4 68.9 72.1 72.8 73.2 70.2 68.9 74.1 78.3 85.4 95.8 103.4 113.8 123.1 133.6 138.6 146.8 156.9 164.2 172.7 180.7 190.8 202.1 203.9 208.4 215.1 218.9 230.3 235.7
159.3 175.8 193.3 209.9 232.7 246 254.5 261.6 265.6 267.5 266.5 257.6 234.4 215.2 196.2 184.2 171.4 159.4 148.9 132 123.1 112.7 63.1 33.2 32 22.6 -1.9 -1.9 -1.9 -1.9 -1.9 -1.9 -1.9 -1.9 -1.9 -1.9 -1.9 -1.9 -1.9 -1.9 -1.9 -1.9 -1.9 -1.9 -1.9 -1.9 -1.9 -1.9 -1.9 2.6 31.8 59.1 60.9 65.8 69 71.5 72.2 75 74.2 73.5 76.8 78 85.7 92.6 98.3 111.2 121.5 129.5 135.3 143.4 154.8 164.5 173.6 182.4 193.4 205.7 211 213.6 216.7 224 233.3 241
165 182.6 201.6 230.2 243 248.2 255.7 261.6 266.8 269.3 267.6 261.8 241.8 222.4 205.2 191.3 174.7 160.2 150 136.8 123.9 120.8 86.5 49.2 38.4 29.2 22.4 10.3 -1.9 -1.9 -1.9 -1.9 -1.9 -1.9 -1.9 -1.9 -1.9 -1.9 -1.9 -1.9 -1.9 -1.9 -1.9 -1.9 -1.9 -1.9 -1.9 -1.9 -1.9 23.5 45.3 58.5 61.4 65.7 69 72 72.9 73.7 73.5 73.4 75.9 80.2 84.7 90.9 98.2 109.2 118.5 124.1 128.9 142.6 149.1 158.3 171.4 190.1 197.9 202.3 208.7 213.9 218.2 227.3 237.3 245.3
170.2 189 208.1 231.1 243.5 249.8 255.9 262.6 270.7 272.8 268.2 266.1 252.9 234.1 218.8 196.4 183.9 167.8 155.6 145.7 131.6 122.6 99.5 57 39.9 32 29.8 19.6 -1.9 -1.9 -1.9 -1.9 -1.9 -1.9 -1.9 -1.9 -1.9 -1.9 -1.9 -1.9 -1.9 -1.9 -1.9 -1.9 -1.9 -1.9 -1.9 -1.9 -1.9 21.7 42 54.1 56.2 63.9 68.9 71.5 73.2 73.9 73 71.3 75.3 79.8 84.3 88.5 95.4 105.7 115.4 122.6 136.3 142.4 146.1 156.5 171.6 193.7 196.8 197.5 207.6 212.3 227.1 235.8 245.4 250.2
171.5 188.1 212.9 229 241 247.9 256.1 267.4 275 278.9 274.7 269.6 260.5 244.7 225 203.3 191.5 179 156.3 151 138.9 130.9 108.5 72.8 47.1 42.1 36.8 26.9 19.7 -1.9 -1.9 -1.9 -1.9 -1.9 -1.9 -1.9 -1.9 -1.9 -1.9 -1.9 -1.9 -1.9 -1.9 -1.9 -1.9 -1.9 -1.9 -1.9 -1.9 13.9 37.9 54.2 57.7 61.5 66.3 68.7 70.1 69.7 70.3 70 72.7 77.9 82.5 87.8 93.5 102.7 114.9 123.6 134.2 140.7 146.2 157.6 172.7 190.3 191.8 198.6 204.6 212.9 231.9 238.5 249.5 257.1
171.5 189.5 216.9 233.8 239.3 248.9 256.9 268.4 279.7 284.8 283.1 276.4 266.7 253.2 235.7 214.3 195.2 187 164.3 151.7 143.6 138.4 124.5 88.6 56.7 52.1 50.7 34.2 28.2 10.7 -1.9 -1.9 -1.9 -1.9 -1.9 -1.9 -1.9 -1.9 -1.9 -1.9 -1.9 -1.9 -1.9 -1.9 -1.9 -1.9 -1.9 -1.9 -1.9 -1.9 29.3 55.3 57.6 60.7 63.6 65.3 66.8 67.9 66.7 66.3 70.8 77 82.2 86.1 92.2 102.1 111.9 125 132.5 139.2 148.2 157.9 173.6 183 192 197.7 203.7 216 230.1 244.6 252.3 259
170.9 191.8 216.2 232.6 240.6 249.1 259.6 273.1 283.2 287.8 290.2 280.8 270.2 261.1 247.5 226.6 207.5 190.1 171.9 152.4 149.4 140.7 135.2 100.1 71.4 50.3 50.8 44.6 32.3 27.7 -1.9 -1.9 -1.9 -1.9 -1.9 -1.9 -1.9 -1.9 -1.9 -1.9 -1.9 -1.9 -1.9 -1.9 -1.9 -1.9 -1.9 -1.9 -1.9 -1.9 23.9 51.4 55 62.2 64.1 64.9 68.1 69.2 65.2 65.2 69.5 76.7 81.5 84.8 89.7 98 111 125.3 132 137.7 148.5 157.6 175 179.6 185.5 193.8 200.3 211.3 227.6 243.8 252 259.3
169.9 190.8 216.6 232.7 240.5 248.8 263.4 277.1 287.6 294.4 294.7 288.6 273.3 263.1 251.3 238.4 215.3 204.2 179.8 159.6 152.5 145 141.1 130.5 93.8 61.7 47.7 45.9 36.5 29.8 17.1 -1.9 -1.9 -1.9 -1.9 -1.9 -1.9 -1.9 -1.9 -1.9 -1.9 -1.9 -1.9 -1.9 -1.9 -1.9 -1.9 -1.9 -1.9 -1.9 -1.9 40.8 53.6 60 63.6 65.9 67.9 69.6 65.6 63.2 66.7 72.4 76.2 81 88.2 98.5 112 121.4 131.1 137 147.1 158.3 170.8 178.6 186.4 190.7 197.2 207.4 220.6 237.4 250.5 254.1
172.6 192.6 215.2 231.4 239.5 250.8 267.3 280.6 292.4 301.3 302.1 294.8 275 266.3 258.7 243.2 225.3 206.9 190 168.3 162.5 150.6 146.1 137.6 118.8 84.9 57.8 49.5 39.9 29.8 19.5 -1.9 -1.9 -1.9 -1.9 -1.9 -1.9 -1.9 -1.9 -1.9 -1.9 -1.9 -1.9 -1.9 -1.9 -1.9 -1.9 -1.9 -1.9 -1.9 -1.9 13.9 49.4 57.1 62.6 66 67.4 69.4 69 62 65.6 68.1 73.4 79.4 87 97.9 110.8 115.3 124.6 133.6 144.8 157 171.4 176 184 185.5 194.4 204.9 215.9 229.4 241.6 247.4
171.4 196.2 217 229.4 241.3 253.3 269.5 285.9 298.1 304.1 307.8 304 291.5 275.2 260.5 250.1 235.5 209.8 202.4 177.1 161 155.8 148 142.9 134.1 123.9 81.3 55 36.3 35.3 26.2 19.9 -1.9 -1.9 -1.9 -1.9 -1.9 -1.9 -1.9 -1.9 -1.9 -1.9 -1.9 -1.9 -1.9 -1.9 -1.9 -1.9 -1.9 -1.9 -1.9 -1.9 33.6 56.5 61.1 64.2 64.4 67.9 67.2 61.8 62.4 67.8 70.9 75.5 87.8 102.2 108.1 114.9 125.2 131.6 141.7 157.1 169.2 172.1 174.5 183.8 194.2 202.7 212.6 224.6 237.3 242.4
170.9 200.2 215.3 227.7 241.4 254.8 271.6 289 300.5 304 306.7 306.6 300.4 283.8 268.3 255.4 240.2 220.3 203.5 188.5 169.2 156.5 149.6 147.9 138.5 128.5 121.3 84.5 46 39.9 37.7 31.8 24.1 -1.9 -1.9 -1.9 -1.9 -1.9 -1.9 -1.9 -1.9 -1.9 -1.9 -1.9 -1.9 -1.9 -1.9 -1.9 -1.9 -1.9 -1.9 -1.9 12.2 53.9 59.8 61.8 63.3 65.5 68.3 61.4 62 65.2 68.2 73.8 93.4 99.1 106.2 115.8 123 128.1 138.9 153 163.6 168.1 171.2 179.8 189.7 201.1 210.9 218.6 231.8 238.2
170.9 193.1 212.3 224.7 237.9 254.5 270.4 292 297.6 302 305.5 308.1 303.5 290.2 275.4 260.6 246.9 231.6 209.3 196.7 181 164.3 155 146 140.5 132.4 126.6 106.3 68.8 49.4 47.3 40.1 27.3 27.5 -1.9 -1.9 -1.9 -1.9 -1.9 -1.9 -1.9 -1.9 -1.9 -1.9 -1.9 -1.9 -1.9 -1.9 -1.9 -1.9 -1.9 -1.9 8.1 51 56.7 61.1 66.4 70.2 62 59.3 61.9 64 67.6 78.9 91.3 95.7 102 117.8 126 128.3 135.9 146.3 162 165.2 174 179.5 184.8 195.2 205.1 215.4 221.9 230.1
169.8 191.1 211.4 222.3 236.5 252.7 265.8 286.1 292.5 298.2 305.5 310.7 306 295.6 282.1 268.2 251.2 240.2 219.5 205.1 190.8 176.9 162.1 151 141.9 137.7 129.3 122.7 98.2 65.5 65.2 54.9 36.2 26.8 14.6 -1.9 -1.9 -1.9 -1.9 -1.9 -1.9 -1.9 -1.9 -1.9 -1.9 -1.9 -1.9 -1.9 -1.9 -1.9 -1.9 -1.9 16 50.3 58.8 65.2 64.8 69.6 70.8 59.6 60.2 64.4 71.3 84.1 88.2 93.9 102.7 120.2 126.2 131.6 138.3 150.2 157.3 161.5 168.7 173.4 180.2 193.1 202.6 208.6 217.2 219.2
