Game/Highland_Data/StreamingAssets/GeoData/Data/ng/NG26.asc
ncols 200
nrows 200
xllcorner 120000
yllcorner 860000
cellsize 50
[rows 148 to 184 of 200, columns 83 to 165 of 200]
164 168.6 173.9 178.2 183.5 190.6 197.5 203.1 208 216.5 216.4 212 211 210.3 208.7 206 201.9 195.3 189.5 183.1 176.3 170 166.2 163 156.2 149.4 142.5 144 142.1 140.7 137.7 136.3 134.9 134.1 135.4 135.3 135.1 135.5 137.4 135.5 132.4 132 126.3 122.5 117.4 112.2 106 97.7 94.3 89.6 87 87 85.2 64.6 9.4 -1.9 -1.9 -1.9 -1.9 -1.9 -1.9 -1.9 -1.9 -1.9 -1.9 -1.9 -1.9 -1.9 -1.9 -1.9 -1.9 -1.9 -1.9 -1.9 -1.9 -1.9 -1.9 -1.9 -1.9 -1.9 -1.9 -1.9 -1.9
167.6 169.4 170 174.9 181.3 187.6 194.9 200.9 205.9 212.3 216.8 215 212.3 212.3 209.2 206 203.4 197 191.5 184.6 178.2 170.9 166.7 163.9 160.2 151.4 150.9 150.3 148.6 148.1 146.3 145 143.9 139.9 139.1 139 139.5 140.5 140.8 140.6 136.5 133.8 130.8 123.3 117.2 110.4 103.5 96.2 90.3 87.1 85.9 83.6 76.6 54.9 2.6 -1.9 -1.9 -1.9 -1.9 -1.9 -1.9 -1.9 -1.9 -1.9 -1.9 -1.9 -1.9 -1.9 -1.9 -1.9 -1.9 -1.9 -1.9 -1.9 -1.9 -1.9 -1.9 -1.9 -1.9 -1.9 -1.9 -1.9 -1.9
168.8 170.8 173.2 173.5 176.9 185.3 192.6 197.8 203.6 207.9 213.8 217.1 218.7 216.5 215 209.9 205.1 197.8 191.9 184.8 177.3 171.4 167.1 164.5 163.4 157.8 156 159.3 160 159.9 156.9 155.4 153.8 150.1 144 143.7 142.6 142.9 144.1 143.4 139.6 137.4 130 124.6 119.4 110.1 104.2 94.2 88.2 84.9 81.5 79.8 74.2 43.4 -1.9 -1.9 -1.9 -1.9 -1.9 -1.9 -1.9 -1.9 -1.9 -1.9 -1.9 -1.9 -1.9 -1.9 -1.9 -1.9 -1.9 -1.9 -1.9 -1.9 -1.9 -1.9 -1.9 -1.9 -1.9 -1.9 -1.9 -1.9 -1.9
169.4 172 174.4 176.3 177.9 180.6 190 197.7 202.9 207.6 212.5 216.9 221.4 220.6 216.2 210.4 205.2 197.8 192.1 185.2 176.9 170.9 166.9 165.6 165.1 164.2 163.4 164.7 167.9 170 171.2 168.7 162.2 157.1 152.4 150.5 148 147.1 145.7 145 142.9 139.2 131.7 125.5 118.7 114.1 104.7 94.8 87.8 83.6 80.4 77.4 70.6 16 -1.9 -1.9 -1.9 -1.9 -1.9 -1.9 -1.9 -1.9 -1.9 -1.9 -1.9 -1.9 -1.9 -1.9 -1.9 -1.9 -1.9 -1.9 -1.9 -1.9 -1.9 -1.9 -1.9 -1.9 -1.9 -1.9 -1.9 -1.9 -1.9
170.1 173.1 175.5 179.2 180 182.4 186.7 196.7 202.4 207.5 212.3 216.4 220.4 222.4 219 213.6 206.7 198.7 192.8 184.4 177.4 172.5 166.9 168.6 168.5 168.5 171 172.4 174.5 176.3 177.9 178.4 173.9 168 162 158.7 155.9 153.3 148.7 146.4 144.1 139.5 134.5 127.8 118.5 112.9 102.3 94.3 87.7 84 79.5 75.7 55.2 6 -1.9 -1.9 -1.9 -1.9 -1.9 -1.9 -1.9 -1.9 -1.9 -1.9 -1.9 -1.9 -1.9 -1.9 -1.9 -1.9 -1.9 -1.9 -1.9 -1.9 -1.9 -1.9 -1.9 -1.9 -1.9 -1.9 -1.9 -1.9 -1.9
170.5 173.2 178 180.3 183 185.3 186.8 194.6 202.7 207.3 211.6 216.5 220.3 221.4 221.6 216 208.7 201.3 193.3 183.5 177.7 171.8 170.9 171.3 172.6 174.1 175.6 177.6 181.2 185.5 187.2 188 185.1 181 175.6 170.1 163.4 159 154.3 149.3 147.4 142.8 136.4 130.9 121 113.8 103.9 93.8 87 82.8 77.1 76.5 48.2 2.2 -1.9 -1.9 -1.9 -1.9 -1.9 -1.9 -1.9 -1.9 -1.9 -1.9 -1.9 -1.9 -1.9 -1.9 -1.9 -1.9 -1.9 -1.9 -1.9 -1.9 -1.9 -1.9 -1.9 -1.9 -1.9 -1.9 -1.9 -1.9 -1.9
170 173 178.3 182.8 187.3 189.7 190.5 194.2 200.9 206.5 212.9 219.8 221.3 221.7 221.7 217.8 210.8 202.3 194 183.2 178 172.9 174.4 175.6 177.9 179.7 185.5 192.4 196.8 201.6 200.3 197.2 193.1 189.7 184.2 177.8 169.4 164.2 158.5 151.4 147.6 144.9 138.8 132.3 123.1 113.8 103.7 92.9 87.2 83.5 78.4 71.7 43.9 -1.9 -1.9 -1.9 -1.9 -1.9 -1.9 -1.9 -1.9 -1.9 -1.9 -1.9 -1.9 -1.9 -1.9 -1.9 -1.9 -1.9 -1.9 -1.9 -1.9 -1.9 -1.9 -1.9 -1.9 -1.9 -1.9 -1.9 -1.9 -1.9 -1.9
171.9 174 179.8 184.9 189.5 193.1 196.1 197 198.9 206.4 215.1 221.3 222.8 221.9 221 218.3 211.6 202.6 193.4 183.5 178.8 174 178.1 179.9 184.6 188 195.6 204.2 211.7 217.7 218.8 213.5 203 195.6 187.4 180.3 173.3 167.2 161.2 154.8 148.6 145.1 139.4 134.2 124.4 114.3 103.1 92.4 87.6 83.6 79.1 68.2 36.8 -1.9 -1.9 -1.9 -1.9 -1.9 -1.9 -1.9 -1.9 -1.9 -1.9 -1.9 -1.9 -1.9 -1.9 -1.9 -1.9 -1.9 -1.9 -1.9 -1.9 -1.9 -1.9 -1.9 -1.9 -1.9 -1.9 -1.9 -1.9 -1.9 -1.9
173.5 175.6 180.5 187.4 193 200.4 202.2 201.9 202.5 206.2 217.6 222.4 226 222.3 220.5 218.5 210.9 202.6 194.9 184.5 180.2 179.6 182.8 185.4 189.1 194.7 204.5 213.1 219.5 226.1 229.9 223.8 212 199.6 191 183.4 177.2 169.6 162.1 155.3 149.9 146.2 139.2 134.6 127.2 116.1 104.9 93.5 89.5 85.2 80.2 69 45.4 -1.9 -1.9 -1.9 -1.9 -1.9 -1.9 -1.9 -1.9 -1.9 -1.9 -1.9 -1.9 -1.9 -1.9 -1.9 -1.9 -1.9 -1.9 -1.9 -1.9 -1.9 -1.9 -1.9 -1.9 -1.9 -1.9 -1.9 -1.9 -1.9 -1.9
174.1 176.9 180.3 185.1 193.9 201.3 206.7 208.3 209.3 211.1 217.5 223.9 227 225.2 221.5 217.5 210.8 202.7 197.4 188.3 181 184 187 190.5 195.5 202.5 211.6 221 228.2 232.3 234.9 229.6 217.6 204.5 194.5 185 179.1 172.1 164.5 156.7 150.9 146.8 140 135.5 129.5 118.5 107.3 95.1 90 85.7 82.8 72.3 47.8 -1.9 -1.9 -1.9 -1.9 -1.9 -1.9 -1.9 -1.9 -1.9 -1.9 -1.9 -1.9 -1.9 -1.9 -1.9 -1.9 -1.9 -1.9 -1.9 -1.9 -1.9 -1.9 -1.9 -1.9 -1.9 -1.9 -1.9 -1.9 -1.9 -1.9
175.4 179.1 183 188.1 196.5 205.4 212 218.4 217.6 219.1 220.3 225.3 228.3 228.7 222.7 216.4 210.3 203.9 198.3 190.4 191.4 193 195.3 199.5 202.7 208.8 216.6 226.8 232.3 235.3 236.1 234 222.9 208.9 196.6 187.4 180.2 173.9 166.5 158.5 153 147.3 142.6 136.2 133.9 121 110.6 97.5 90.7 87.6 84 73.3 48 -1.9 -1.9 -1.9 -1.9 -1.9 -1.9 -1.9 -1.9 -1.9 -1.9 -1.9 -1.9 -1.9 -1.9 -1.9 -1.9 -1.9 -1.9 -1.9 -1.9 -1.9 -1.9 -1.9 -1.9 -1.9 -1.9 -1.9 -1.9 -1.9 -1.9
177.2 184.6 188.6 193 201.4 211.4 213.9 220.6 220.3 223 226.6 226.4 228.3 228.7 222.5 216.4 209 201.9 200.3 198.9 197.6 199.6 202.8 208.9 213.8 217.7 223.7 231.5 235.7 237.4 238.8 236.9 225.7 210.8 197.6 188.6 181 175.3 168.1 161.1 154.2 147.7 142.9 137.3 133.2 123.1 112.5 103.3 92 89 86.1 72.6 45.2 13.8 -1.9 -1.9 -1.9 -1.9 -1.9 -1.9 -1.9 -1.9 -1.9 -1.9 -1.9 -1.9 -1.9 -1.9 -1.9 -1.9 -1.9 -1.9 -1.9 -1.9 -1.9 -1.9 -1.9 -1.9 -1.9 -1.9 -1.9 -1.9 -1.9
179.7 185.8 191 197.9 205.9 213.1 217.2 220.5 223.3 226.2 232 228.5 228.2 226.2 222.3 215.7 209.5 204 201.4 203 203.9 204.6 210 217.5 222.8 226.8 230.3 236.1 238.8 240.1 240.3 239.3 227.7 214 199.5 191.7 182.9 176.8 170.3 163.3 154.8 148.6 143.4 138.2 135.1 125.8 115.9 103.7 94.2 89.2 85.8 75 64.1 18 -1.9 -1.9 -1.9 -1.9 -1.9 -1.9 -1.9 -1.9 -1.9 -1.9 -1.9 -1.9 -1.9 -1.9 -1.9 -1.9 -1.9 -1.9 -1.9 -1.9 -1.9 -1.9 -1.9 -1.9 -1.9 -1.9 -1.9 -1.9 -1.9
183.3 187 193.5 202.5 213.1 214.4 216.9 222.1 226.9 230.6 232.8 231.3 226.7 224.7 222.5 216.7 211.1 207.3 206 205 207.4 210.5 216.1 222.1 229.9 237.8 241.5 243.1 242.9 242.8 243.3 240.6 228.9 214 201.1 192.9 185.7 179.1 172.4 164.7 157.3 150.1 143.2 137.6 133.4 123.6 115.6 103.6 94.6 89.2 83.6 72.6 68.8 52.8 1.3 -1.9 -1.9 -1.9 -1.9 -1.9 -1.9 -1.9 -1.9 -1.9 -1.9 -1.9 -1.9 -1.9 -1.9 -1.9 -1.9 -1.9 -1.9 -1.9 -1.9 -1.9 -1.9 -1.9 -1.9 -1.9 -1.9 -1.9 -1.9
184.8 187.6 196 205 214.1 217.5 220.3 223.5 228.3 231.6 232.7 233.6 227.6 224.2 222 219 215.5 212.7 210.2 211.7 213.7 218.3 224.1 229.3 234 241.2 245.6 248 247.2 245.5 243.6 241 229.9 215.7 202 192.9 189.2 180 173.1 165 157.7 150.8 142.7 137.3 131.8 123.4 115.6 105.4 95.1 90.6 83.2 74.2 68.8 60.5 4.4 -1.9 -1.9 -1.9 -1.9 -1.9 -1.9 -1.9 -1.9 -1.9 -1.9 -1.9 -1.9 -1.9 -1.9 -1.9 -1.9 -1.9 -1.9 -1.9 -1.9 -1.9 -1.9 -1.9 -1.9 -1.9 -1.9 -1.9 -1.9
186.3 189.8 195.3 206.4 214.6 218 222.4 226.9 230.8 233.6 234 234.9 232.3 225.7 223.9 221.7 218.4 219.2 219.6 221 223.2 229.2 232.9 237.3 240.6 245.6 250 251.6 250.8 247.6 244.8 239.8 229.4 216.2 202.8 192.8 185.6 179.4 175.4 165.5 158.3 151.9 145 137 129.9 120.3 114.5 105.3 94.8 89.8 81.8 75.1 69.8 59.5 20.4 -1.9 -1.9 -1.9 -1.9 -1.9 -1.9 -1.9 -1.9 -1.9 -1.9 -1.9 -1.9 -1.9 -1.9 -1.9 -1.9 -1.9 -1.9 -1.9 -1.9 -1.9 -1.9 -1.9 -1.9 -1.9 -1.9 -1.9 -1.9
186.7 194.8 197.8 206.9 212.2 218 224.5 228.3 231.8 235.2 236.9 237.7 235.9 229.2 225.4 223.5 222.7 224.7 226.7 228.7 232.5 236.7 239.6 244 248.7 252.7 253.6 255.5 253.9 250 247 238.9 228.5 215.3 203 192.3 183.2 178.3 175.6 166.9 159 153.3 146.7 137.9 129.9 119.9 113.3 103.5 96.2 91.3 83.3 77 69.4 46.8 6.6 -1.9 -1.9 -1.9 -1.9 -1.9 -1.9 -1.9 -1.9 -1.9 -1.9 -1.9 -1.9 -1.9 -1.9 -1.9 -1.9 -1.9 -1.9 -1.9 -1.9 -1.9 -1.9 -1.9 -1.9 -1.9 -1.9 -1.9 -1.9
186 193.4 198.7 204.4 214.8 218.5 224.4 231.5 238 240.9 240.6 239 237.3 233.6 228.2 225.9 226.3 228 230.3 233.5 236.5 241.7 245.8 250.6 256.2 260 260.5 260 258.2 251.9 247 239 226.7 214.8 202.8 191.9 182.7 176.8 173.9 166.9 159.7 153.3 146.2 138 130.3 122 112.4 104.9 97.1 91.8 84 75.5 69.5 44.5 1.7 -1.9 -1.9 -1.9 -1.9 -1.9 -1.9 -1.9 -1.9 -1.9 -1.9 -1.9 -1.9 -1.9 -1.9 -1.9 -1.9 -1.9 -1.9 -1.9 -1.9 -1.9 -1.9 -1.9 -1.9 -1.9 -1.9 -1.9 -1.9
187.6 195.6 205.5 207.8 214 220 224.5 234.5 247 248.7 246.9 242.7 239.8 237.3 232.7 230.6 230.3 232.2 234.9 240.2 245 248.3 252.8 257.3 262.3 265.6 264.7 262.1 262.5 254.5 247.6 239.9 225.6 213.5 202.6 191.8 181.2 175.5 172.2 166.7 159.9 152.4 144.6 137.4 128.4 121 113.7 103 96.4 92.1 86 77.4 72 41 1 -1.9 -1.9 -1.9 -1.9 -1.9 -1.9 -1.9 -1.9 -1.9 -1.9 -1.9 -1.9 -1.9 -1.9 -1.9 -1.9 -1.9 -1.9 -1.9 -1.9 -1.9 -1.9 -1.9 -1.9 -1.9 -1.9 -1.9 -1.9
184.1 193.1 204.8 209.9 214 219 224.5 235 249.2 250.9 250.9 247.1 242.8 239.1 237.1 234.9 234.9 237.8 242.7 247.8 253.1 257.6 260.4 264.3 267.1 270.1 267.7 264.8 265.7 255.7 245.7 237.9 224.8 213 202.1 191.3 180.9 175.3 170.8 167.3 160.1 153.7 146.5 137.9 130.5 122.4 115.5 105.3 98.2 92.5 85.3 79.5 74.7 41.8 1.7 -1.9 -1.9 -1.9 -1.9 -1.9 -1.9 -1.9 -1.9 -1.9 -1.9 -1.9 -1.9 -1.9 -1.9 -1.9 -1.9 -1.9 -1.9 -1.9 -1.9 -1.9 -1.9 -1.9 -1.9 -1.9 -1.9 -1.9 -1.9
183.2 189.2 197.3 204.8 210 216.5 222.7 230.7 247.8 249.7 250.8 251.2 246.4 241.2 239.5 238.8 238 241 247.9 254.4 260.3 264.1 268 272.5 274.4 272.2 269.3 264.7 261.2 255.6 244.5 233.7 223.1 212.2 201.4 191.6 181.8 175.9 170.7 166.1 160.3 154.2 145.3 139 131.4 122.7 115.5 107 98.3 93 85.7 81 77.1 70 1.5 -1.9 -1.9 -1.9 -1.9 -1.9 -1.9 -1.9 -1.9 -1.9 -1.9 -1.9 -1.9 -1.9 -1.9 -1.9 -1.9 -1.9 -1.9 -1.9 -1.9 -1.9 -1.9 -1.9 -1.9 -1.9 -1.9 -1.9 -1.9
184.1 189.3 193.1 205.8 211.7 215.3 220.5 227.1 240.9 248 249.7 251.1 251.9 245.7 242 240.4 240.6 244.1 251.1 259.5 266.8 271.7 275.5 277 278 275 270.9 264.9 258.8 251 241.4 232.2 222.5 211.4 200.4 190.6 181 175.2 171.8 166.5 160.2 152.9 147 138.7 131 123.1 116.8 106.8 97.7 91.2 85.5 81 79.6 67.7 2.2 -1.9 -1.9 -1.9 -1.9 -1.9 -1.9 -1.9 -1.9 -1.9 -1.9 -1.9 -1.9 -1.9 -1.9 -1.9 -1.9 -1.9 -1.9 -1.9 -1.9 -1.9 -1.9 -1.9 -1.9 -1.9 -1.9 -1.9 -1.9
185.9 188.4 191.1 199.8 209.1 214.5 218.5 223.2 234.8 246.4 248.2 250.3 250.7 250.6 250 248.5 245.7 247.2 252.7 261.5 271.5 274.7 278.3 280.3 283 276.8 272.3 265.5 256.4 247.5 238.4 230 222.1 209.1 199 189.6 180.1 174.3 170.5 165.1 159.2 152.4 146.6 138.7 131.3 122.3 116 106.2 98.6 90.7 84.9 79.8 77.3 51.4 -1.9 -1.9 -1.9 -1.9 -1.9 -1.9 -1.9 -1.9 -1.9 -1.9 -1.9 -1.9 -1.9 -1.9 -1.9 -1.9 -1.9 -1.9 -1.9 -1.9 -1.9 -1.9 -1.9 -1.9 -1.9 -1.9 -1.9 -1.9 -1.9
183.1 187 188 195.3 203.9 211.4 215.8 219.6 225.2 238.6 246.7 249 250.9 252.3 253.2 253.7 251.8 249.5 252.6 259.1 267 274 276.9 278.5 277.6 275 269.7 267 254.2 245 235.4 227.7 219.4 208.4 196.8 189 181 173.3 169.7 165.4 158.7 152.8 145.6 138.6 130.2 123.3 114.8 106.1 98.7 90.2 84.2 78 72.9 51.9 0.9 -1.9 -1.9 -1.9 -1.9 -1.9 -1.9 -1.9 -1.9 -1.9 -1.9 -1.9 -1.9 -1.9 -1.9 -1.9 -1.9 -1.9 -1.9 -1.9 -1.9 -1.9 -1.9 -1.9 -1.9 -1.9 -1.9 -1.9 -1.9
179.3 183.6 184.7 192.1 202.3 205.8 211.4 214.7 219.7 225.8 239.2 248.2 251.4 254.4 254 253.6 252.9 250.1 250.1 255.1 264.5 268.1 271.3 272 272.6 270.7 265.5 260.8 253.4 241.9 233.3 223.9 215.1 205.5 195.6 187.6 177.8 172.2 170.2 166.6 159.3 152.3 146.3 137.8 130.7 122.7 114.5 106.6 98.1 90.3 84.7 76.5 69.6 38 -1.9 -1.9 -1.9 -1.9 -1.9 -1.9 -1.9 -1.9 -1.9 -1.9 -1.9 -1.9 -1.9 -1.9 -1.9 -1.9 -1.9 -1.9 -1.9 -1.9 -1.9 -1.9 -1.9 -1.9 -1.9 -1.9 -1.9 -1.9 -1.9
178 180.8 182.8 187.4 197.9 203.2 206.6 210.1 214.5 220.4 227.1 239.8 251.1 258.7 256.2 252.3 251.5 248.1 247.4 248.8 255.3 261.6 265.9 268 271.8 269.9 263.3 253.5 250.3 237.3 229 219.2 211.3 202.9 193.6 184.1 175.5 170.8 168.6 166.5 159.4 151.9 145.7 138.1 130.2 122.1 113.3 105.4 97.4 90.9 84.7 75.7 63.1 21.2 -1.9 -1.9 -1.9 -1.9 -1.9 -1.9 -1.9 -1.9 -1.9 -1.9 -1.9 -1.9 -1.9 -1.9 -1.9 -1.9 -1.9 -1.9 -1.9 -1.9 -1.9 -1.9 -1.9 -1.9 -1.9 -1.9 -1.9 -1.9 -1.9
184.9 184.3 184.7 183.8 193.7 199.1 203 206.8 210.2 216.2 221.5 226.9 242.8 252.4 253 250.3 248.6 243.8 241.6 242.8 246.5 254.1 261.1 267.3 264.5 263.3 256.6 248.3 241.3 231.6 225 215.6 207.6 199.5 191 180.3 173.4 169.4 167.2 164.2 156.2 150.3 143.1 135.5 128.4 120.9 112.2 105.1 97.3 90.6 85.6 76.9 62.4 12.9 -1.9 -1.9 -1.9 -1.9 -1.9 -1.9 -1.9 -1.9 -1.9 -1.9 -1.9 -1.9 -1.9 -1.9 -1.9 -1.9 -1.9 -1.9 -1.9 -1.9 -1.9 -1.9 -1.9 -1.9 -1.9 -1.9 -1.9 -1.9 -1.9
187.1 187.9 186.3 185.1 188.5 193.5 200.6 202.3 205 211 215.7 219.3 227.3 239.8 247.6 244 240.2 235.8 235 234.6 235.5 238.2 244.4 252.1 255.5 251.3 247.2 243.7 233.1 226.2 221.5 213 204.2 195.9 187.8 179 171.3 167.2 164.9 161.5 154.8 147.8 142.4 133 126 118.5 109.4 102.8 94.7 89.7 83.5 76.2 65.1 9.4 -1.9 -1.9 -1.9 -1.9 -1.9 -1.9 -1.9 -1.9 -1.9 -1.9 -1.9 -1.9 -1.9 -1.9 -1.9 -1.9 -1.9 -1.9 -1.9 -1.9 -1.9 -1.9 -1.9 -1.9 -1.9 -1.9 -1.9 -1.9 -1.9
176.9 187.2 187.8 186.2 186.3 187.7 193.7 198.9 199.6 202.3 208 213.2 217.2 224.5 228.5 230 227.8 227.8 228.5 228.8 229.7 230.9 234.5 240.6 244.3 244.2 241.9 234.3 226.5 221.8 219 209.6 201.1 192.3 184.7 175.4 170.7 166.7 164.8 161.7 154.7 149.3 142.8 132.1 124.5 115.8 107.5 99 91.8 87.2 83.2 73.3 57 7.6 -1.9 -1.9 -1.9 -1.9 -1.9 -1.9 -1.9 -1.9 -1.9 -1.9 -1.9 -1.9 -1.9 -1.9 -1.9 -1.9 -1.9 -1.9 -1.9 -1.9 -1.9 -1.9 -1.9 -1.9 -1.9 -1.9 -1.9 -1.9 -1.9
169.9 175.5 180.7 185.3 187.5 187 187.6 191.6 193.2 197.7 200.7 205.6 210.3 214.1 217.9 220.9 221.7 221.8 223.4 223.9 225.2 226.6 227.5 231 238.5 239.6 233.8 228.4 221.6 217.8 212.1 204.6 197.5 189.3 181.2 174.3 168.9 165.4 164.3 159.6 154 148.2 142.7 132.9 122.8 114.5 109.1 99.2 93.4 88.3 83.2 77 56 6.5 -1.9 -1.9 -1.9 -1.9 -1.9 -1.9 -1.9 -1.9 -1.9 -1.9 -1.9 -1.9 -1.9 -1.9 -1.9 -1.9 -1.9 -1.9 -1.9 -1.9 -1.9 -1.9 -1.9 -1.9 -1.9 -1.9 -1.9 -1.9 -1.9
164.6 170.7 179.1 185.1 186.8 186.4 184.5 185.4 188.2 192.9 197.3 199.6 204 208.8 211.6 215.1 216 216.3 218.2 219.5 220 222 223.5 225.2 227.6 232.5 231.8 224.5 218.3 215.5 208.1 200.8 193.7 185.6 177.7 172.2 167.1 164.4 163.9 160.1 153.8 147.3 143.8 134.6 124.8 116.2 108.7 99.4 93.2 90 82.7 77.5 57.5 7.9 -1.9 -1.9 -1.9 -1.9 -1.9 -1.9 -1.9 -1.9 -1.9 -1.9 -1.9 -1.9 -1.9 -1.9 -1.9 -1.9 -1.9 -1.9 -1.9 -1.9 -1.9 -1.9 -1.9 -1.9 -1.9 -1.9 -1.9 -1.9 -1.9
161.7 167.3 176.7 181.8 191.8 186.5 184.4 183.4 185.9 191.5 190.7 194 197.7 203.3 208.1 206.9 205.7 206.4 207.7 209.4 211.2 213.4 219.8 220.1 222.4 224.8 224.3 219.2 216 213.6 206.7 198.7 190.2 182 176.3 170.5 167.3 164 161.8 159.5 154.7 147.5 143.4 136 126.4 116.8 109.9 101.2 94.4 88.4 82.9 78.1 72.6 18.3 -1.9 -1.9 -1.9 -1.9 -1.9 -1.9 -1.9 -1.9 -1.9 -1.9 -1.9 -1.9 -1.9 -1.9 -1.9 -1.9 -1.9 -1.9 -1.9 -1.9 -1.9 -1.9 -1.9 -1.9 -1.9 -1.9 -1.9 -1.9 -1.9
156.7 162.3 170.3 177.2 181.4 184.5 183.6 181.6 180.4 184 185.2 188.1 192 193.4 196.4 197.7 200 201.1 201.9 203.5 205.6 208.6 211.9 215.4 220.1 220.1 215.5 214.2 212.3 211.3 206.7 199.6 193.1 185.3 179.5 173.4 170 166.1 163.1 157.6 155.6 149.1 144.6 136.3 128.1 116.7 111.2 103.7 95.9 90.2 84.1 77.9 63.1 6.7 -1.9 -1.9 -1.9 -1.9 -1.9 -1.9 -1.9 -1.9 -1.9 -1.9 -1.9 -1.9 -1.9 -1.9 -1.9 -1.9 -1.9 -1.9 -1.9 -1.9 -1.9 -1.9 -1.9 -1.9 -1.9 -1.9 -1.9 -1.9 -1.9
154.1 160.1 165.6 170.2 176.6 181.2 181.4 179.6 176.8 177.1 178.4 180.1 183.1 185.7 188 190.9 195.2 196.7 198 198.2 202 209.3 210.3 211 216.7 214.1 211.7 211.9 211.5 208.8 207 206.1 199.8 193.2 186.7 179.2 172.9 169.6 165.1 157.4 155 148.9 146.3 137.2 129.8 119.4 111.6 104.4 96.6 90.5 83.5 76.9 56.8 5.3 -1.9 -1.9 -1.9 -1.9 -1.9 -1.9 -1.9 -1.9 -1.9 -1.9 -1.9 -1.9 -1.9 -1.9 -1.9 -1.9 -1.9 -1.9 -1.9 -1.9 -1.9 -1.9 -1.9 -1.9 -1.9 -1.9 -1.9 -1.9 -1.9
149.9 155.9 162.6 166 171.3 178.5 180.1 178.1 175.5 173.3 172 173.7 176.1 180.9 181.2 183.9 185.8 188.1 191.2 191.9 197.8 203.4 208.4 206.7 208.3 208.7 209.2 208.7 208.3 208.1 208.5 208.4 203.6 199 193.6 183.8 176.9 171.4 167.3 158.3 152 147.6 142.2 136.2 129.7 117.9 112.2 104.1 97.2 92.5 83.7 76.4 54.7 15.3 -1.9 -1.9 -1.9 -1.9 -1.9 -1.9 -1.9 -1.9 -1.9 -1.9 -1.9 -1.9 -1.9 -1.9 -1.9 -1.9 -1.9 -1.9 -1.9 -1.9 -1.9 -1.9 -1.9 -1.9 -1.9 -1.9 -1.9 -1.9 -1.9
146.6 152 157.7 163.2 166.6 175.6 176.5 175.5 173.7 172.3 169 169 172.2 174.5 175 176.3 179.5 181 184.6 187.3 189.7 193.5 199.4 202.7 205.7 207.9 213.2 209.9 205.7 206.7 210.2 209.7 209.4 201.4 196.7 186.7 178.8 170.8 165.9 156.7 149.5 147.1 143.2 134.5 126.8 117 110.1 104.7 95.9 91.1 82.2 72.7 52.7 10.3 -1.9 -1.9 -1.9 -1.9 -1.9 -1.9 -1.9 -1.9 -1.9 -1.9 -1.9 -1.9 -1.9 -1.9 -1.9 -1.9 -1.9 -1.9 -1.9 -1.9 -1.9 -1.9 -1.9 -1.9 -1.9 -1.9 -1.9 -1.9 -1.9
143.8 148.6 153.8 159.8 164.9 169.1 171.7 174 173.1 170.7 166.7 165.4 167.5 170.4 169.7 168.9 171.8 174.9 179.6 181.7 185.1 188.6 193.9 198.9 205.5 209.7 211.2 209.3 202.1 204.7 209 210.7 208.6 202.8 197 189.2 180.1 171.9 165.7 158.1 149.2 145.6 139.1 132.6 125 118.1 111.7 105.3 97.5 90.2 80.8 71.9 60.5 24.5 -1.9 -1.9 -1.9 -1.9 -1.9 -1.9 -1.9 -1.9 -1.9 -1.9 -1.9 -1.9 -1.9 -1.9 -1.9 -1.9 -1.9 -1.9 -1.9 -1.9 -1.9 -1.9 -1.9 -1.9 -1.9 -1.9 -1.9 -1.9 -1.9
