Game/Highland_Data/StreamingAssets/GeoData/Data/ng/NG29.asc
ncols 200
nrows 200
xllcorner 120000
yllcorner 890000
cellsize 50
[rows 0 to 37 of 200, columns 0 to 84 of 200]
215.8 221.8 209.6 198.2 189.8 182.1 181.5 181.8 194.9 200.8 206.1 215.3 221.9 232.9 251.1 262.6 274.1 287.9 294.9 299.7 295.8 291.8 286.8 284.8 283.9 283.1 280.7 279.1 278.8 279.6 274.6 261 255.3 246.4 234.8 221.4 215 212.4 208.6 203.7 214.7 211.3 204.6 193.7 182.6 171.3 156.7 134.6 119.1 112.3 107.8 110.2 114.3 112.3 110.2 108.8 109.4 97.2 60.3 28.9 -1.4 -1.4 -1.4 -1.4 -1.4 -1.4 -1.4 -1.4 -1.4 -1.4 -1.4 -1.4 -1.4 -1.4 -1.4 -1.4 -1.4 -1.4 -1.4 -1.4 -1.4 -1.4 -1.4 -1.4 -1.4
197.7 196.6 195.2 180.4 175.5 164.9 166.4 171.9 177.2 187.8 196.6 205.3 213.9 226.1 245.3 254.1 264.6 277.7 282.6 286.3 285.9 283.7 284.1 284.2 284.3 287.2 284.4 282.9 285.1 286.1 281.1 271.6 260 253.6 242.5 231.8 228 226.4 214.5 210.5 218.8 212.3 198.7 191.7 195.1 180.2 163.8 137.7 120.5 116.4 110.5 112.1 122.1 115.3 114.9 119.2 114.3 101.9 61.5 32.7 11.8 -1.4 -1.4 -1.4 -1.4 -1.4 -1.4 -1.4 -1.4 -1.4 -1.4 -1.4 -1.4 -1.4 -1.4 -1.4 -1.4 -1.4 -1.4 -1.4 -1.4 -1.4 -1.4 -1.4 -1.4
185.2 175.4 165.9 164.6 156.6 153.1 151.3 158.8 167.3 176.7 187.3 194.8 204.8 213.1 233.4 243.7 253.6 263.6 268.5 273.9 274.4 278.1 278.7 281.9 284 286.2 286.8 288.8 291.4 289.8 282.1 275.7 267 260 253.4 243.8 238.2 228 218.4 212.2 210.3 200.4 200.9 190.2 180.3 174.8 158.6 138.5 119.4 120.8 112.9 114.3 117.2 115.8 116.3 117.5 116.1 93.2 60.3 49.9 27.4 17.6 -1.4 -1.4 -1.4 -1.4 -1.4 -1.4 -1.4 -1.4 -1.4 -1.4 -1.4 -1.4 -1.4 -1.4 -1.4 -1.4 -1.4 -1.4 -1.4 -1.4 -1.4 -1.4 -1.4
182.9 167 151.6 150 142.4 138.5 144.8 154.9 156.1 169.9 176.2 183.6 193 201.2 218.3 230.3 237.2 245.7 254.7 262.2 268.2 270.3 274.1 280.7 283.7 286.3 290.5 293.9 297.3 296.6 289.1 281.5 276.8 267.2 261.4 247.2 236 225 220.2 215.4 206.7 204.5 201.7 192.6 178.3 164.1 148.6 135.5 123 115.7 112.4 115.9 119.6 121.5 115.7 112.7 107.7 93.7 71 59.7 39.9 19.6 22 -1.4 -1.4 -1.4 -1.4 -1.4 -1.4 -1.4 -1.4 -1.4 -1.4 -1.4 -1.4 -1.4 -1.4 -1.4 -1.4 -1.4 -1.4 -1.4 -1.4 -1.4 -1.4
181.6 161.7 148.2 136.3 131.9 131.1 137.3 141.2 144.9 158.7 166.7 175.9 180.4 190.2 206.1 219.9 226.4 236.7 245.6 251.6 259.7 267.4 274.5 279.6 283.9 288.7 292.6 298.7 304.8 306.8 299.9 289.3 283 276 265.2 251.9 236.9 226.2 221.1 218.6 204.8 198.6 193.7 182.5 172.7 156 138 134.9 130.6 122.9 117.6 115.1 119.8 120.8 116.3 103.6 100 87.7 74.1 82.1 65.3 28.7 27.8 31.3 15.1 -1.4 -1.4 -1.4 -1.4 -1.4 -1.4 -1.4 -1.4 -1.4 -1.4 -1.4 -1.4 -1.4 -1.4 -1.4 -1.4 -1.4 -1.4 -1.4 -1.4
163 152.4 144.2 137 125.7 128 127.9 130.8 141.7 147.4 156.6 162.3 167 173.8 191.8 205.4 215.2 225 236 244 255.2 266.6 273.2 280.1 286.1 288.3 294.2 301.1 308.8 312 310.3 305.3 293.9 283.3 272 259.3 246.9 236 222.7 210.2 205.8 193.2 181.3 172.6 158.6 145.9 137.5 135.5 134 120.6 118.4 112.6 113 113.3 110.3 92.8 87 83.1 82.8 77.7 67.8 43.4 41.2 36.9 29 6.6 -1.4 -1.4 -1.4 -1.4 -1.4 -1.4 -1.4 -1.4 -1.4 -1.4 -1.4 -1.4 -1.4 -1.4 -1.4 -1.4 -1.4 -1.4 -1.4
152.2 144.4 141.2 131.9 125.7 122.3 123.6 129.9 134.6 136.6 142.7 150 153.6 160.2 173.3 188.6 202 212.8 228.9 240.3 252.2 265.2 275.9 283.9 288.2 290.5 296 301.5 307.7 309.9 312.1 308.8 303.2 292.7 279.9 265.8 253.6 238.4 224.9 206.1 198.9 190.4 179.3 167.9 157.9 148.8 138.9 132.1 122 116.1 112.1 106.7 102.5 103.6 101.6 89.4 85.2 80.7 83 81.8 77.3 68.2 54.5 44.5 46.6 28.6 12.4 -1.4 -1.4 -1.4 -1.4 -1.4 -1.4 -1.4 -1.4 -1.4 -1.4 -1.4 -1.4 -1.4 -1.4 -1.4 -1.4 -1.4 -1.4
147.3 139.8 135.5 130.2 126.1 116.4 116.2 123.4 124.3 127.7 131.5 138 143.7 152.9 164.3 178.7 190 206.6 222.5 236.5 252.6 267.4 276.9 283 289.3 291.3 294.9 300.1 305.7 308.8 310.9 308.9 303.8 299 285.9 270.7 253.2 237.7 225 211 200.1 189.7 177 167.9 158.3 148.6 139.4 130.2 120.1 110.9 104.9 97 91.3 91.8 93.8 88 86.8 88.4 84.2 88.7 99.8 90.2 65.8 44.1 44.9 42.5 18.7 5.9 -1.4 -1.4 -1.4 -1.4 -1.4 -1.4 -1.4 -1.4 -1.4 -1.4 -1.4 -1.4 -1.4 -1.4 -1.4 -1.4 -1.4
148.1 134.4 130.4 125.7 122.5 117.3 107 113.1 115.8 124.8 124.3 132.8 134.6 141.7 157.1 170.5 188 201.7 219.2 235.9 254.7 268.2 276.9 282.2 288.4 288.9 293.7 298.1 302.5 306.8 309.5 309.2 307.1 302.7 296.3 284.2 260.5 243.5 229.4 213.9 202.3 195.4 180.9 169 158.6 149.8 141.6 131.3 121.2 107.3 96.4 88.4 82.5 82.3 82.2 85.3 86.5 94.2 93.3 99.4 105.5 99.1 85.8 51.6 42.1 40.3 28.2 -1.4 -1.4 -1.4 -1.4 -1.4 -1.4 -1.4 -1.4 -1.4 -1.4 -1.4 -1.4 -1.4 -1.4 -1.4 -1.4 -1.4 -1.4
141 133.9 125 119.2 117.4 114.9 106 104.7 109.7 113 112.6 119.5 124.5 131.5 149.6 163.3 181.5 198.6 215.1 234.1 251.6 265.8 274.4 278.9 282.2 282 285.1 293.4 299.5 304.8 306.9 306.9 305.6 302.9 301.8 294.3 278.5 259.7 237.2 220.7 211.7 196.7 186.6 171.6 162.7 149.7 142.3 134.7 123 112.3 97.8 87.7 80.6 76.3 78.3 81.2 83.6 88.7 102.9 108.9 110.5 102.7 86.5 61.4 51.6 35.3 27.5 -1.4 -1.4 -1.4 -1.4 -1.4 -1.4 -1.4 -1.4 -1.4 -1.4 -1.4 -1.4 -1.4 -1.4 -1.4 -1.4 -1.4 -1.4
137 121.6 117.9 111.3 111 105.7 102.6 97.4 102 103.9 103.2 114.2 118.6 128.8 141.9 160.3 174.3 194.5 211.2 230.7 249.2 263.6 270.2 270.6 274.7 274.2 274.9 284.9 295 300.2 302.2 304.4 307.5 303.1 298.5 290.8 281.3 271.7 262.4 242.3 218.9 206.2 199 182.1 169.6 157.7 144.3 130.8 121.1 109.6 98.4 89.3 79.7 75.7 74.3 75.5 77.7 86.7 101.1 111.1 110.4 103 87.4 71.1 60.5 46.4 30.4 9.3 -1.4 -1.4 -1.4 -1.4 -1.4 -1.4 -1.4 -1.4 -1.4 -1.4 -1.4 -1.4 -1.4 -1.4 -1.4 -1.4 -1.4
147.3 121 111.5 104.7 108.1 102.5 94.9 93.9 92.6 98 99.9 110.2 114 124.9 134.9 156.3 172.1 188 209.6 228.2 245.2 258.1 262.1 262.1 259.9 263.4 266.8 274.9 287.8 293 297.7 305.6 303.8 299.1 294.3 290.2 287.5 283.6 276.8 258.5 244.4 231.2 212.6 199.6 180.7 164 151.7 137.2 123 110.6 99.8 88.9 83.3 77.3 72.9 72.6 76.2 81.1 90.7 111.6 108.8 99.8 87.8 70 66.6 52.8 35.2 26.4 -1.4 -1.4 -1.4 -1.4 -1.4 -1.4 -1.4 -1.4 -1.4 -1.4 -1.4 -1.4 -1.4 -1.4 -1.4 -1.4 -1.4
138.7 124.2 108.2 102.2 97 95.5 96.3 94.8 94.7 89.8 96.5 103.2 113.2 118 131.2 152.7 167.5 184.5 207.3 226.5 240.7 248.7 250.2 253.5 250.5 251.3 255.6 266.1 280.1 286.5 292.6 298.4 298.1 297 295.5 293.2 292.6 291.6 294 284.8 271.4 253.1 234.4 218.8 191.8 176.1 161.3 140.3 128.4 111.4 104.9 97 86 79.3 76.1 70.3 72.5 75.9 86.5 93 101.3 94.7 83.3 64.1 62.7 53 30.9 11 -1.4 -1.4 -1.4 -1.4 -1.4 -1.4 -1.4 -1.4 -1.4 -1.4 -1.4 -1.4 -1.4 -1.4 -1.4 -1.4 -1.4
125.4 115.8 107.3 95.3 90.2 91 96.4 90.9 88.4 86.1 87.7 100.5 111.3 117.7 125.2 146.5 165.9 182.2 203 221.4 232.5 238.6 242 242.8 243.4 248.6 246.4 257.8 269 280 286.9 293.3 298 300.6 297.4 297.8 300 304.3 304.1 295 279.8 267.2 251.8 242.8 217.6 192.4 171.1 164.7 155.3 125.9 114.2 103.8 93.5 84.5 79 72.4 69.9 75 75.6 83.3 88.7 93.5 82.4 64.8 45.4 40.6 29.4 -1.4 -1.4 -1.4 -1.4 -1.4 -1.4 -1.4 -1.4 -1.4 -1.4 -1.4 -1.4 -1.4 -1.4 -1.4 -1.4 -1.4 -1.4
117.2 104.5 96.6 95 89 85.8 86 86.4 84.7 85.6 83.2 95.1 111.1 112 122.4 135.2 164.2 173.6 194.6 213.1 225.6 229.3 229.8 230.9 236.1 238.7 234.9 247.2 261.6 271.4 284.9 292.3 302.8 303.1 301.3 303.1 311.1 311.1 307.9 298.3 289 277.6 268.2 258.4 238.3 212.5 197.4 193.6 173.9 158.4 141.1 118.2 103.9 95.1 86.7 76.1 68.6 68.9 69.5 75.3 74 84.8 82.5 66.4 39.1 35.4 29.1 -1.4 -1.4 -1.4 -1.4 -1.4 -1.4 -1.4 -1.4 -1.4 -1.4 -1.4 -1.4 -1.4 -1.4 -1.4 -1.4 -1.4 -1.4
115.5 110.7 103.2 93.4 91.7 86.4 80 79.8 83.4 82.7 83.3 87.9 104 105.6 113.8 131.7 153.5 165.1 187.7 207.2 216.5 218.3 219.5 221.6 226.3 227.3 225.3 235.9 252.1 263.4 281.4 293.2 300.8 302.2 302.7 305.8 312 312.2 306.3 304.5 296.2 287.5 278.1 264.8 253.2 233.5 220.4 205.7 192.4 195.5 182.5 171.1 136.8 103.7 90.3 81.3 73.4 66.5 65.7 66.3 60.7 66.3 69.6 46.9 23.7 23.2 23.3 -1.4 -1.4 -1.4 -1.4 -1.4 -1.4 -1.4 -1.4 -1.4 -1.4 -1.4 -1.4 -1.4 -1.4 -1.4 -1.4 -1.4 -1.4
115.2 111.7 105.6 98.1 94.2 90 80.6 74.3 77.7 81.5 78.3 87.2 93.3 97.3 108.2 126 140.7 155.5 177.8 198.2 209.8 214 209.7 210.7 211.3 214.8 213.2 226.8 242.4 258.2 273.3 286.5 297.2 300.4 300.5 304.9 308.1 309.9 309.2 304.9 300.5 291.9 284 280.3 267.3 247 234.7 227.7 224.3 217.9 210.1 192.9 172.1 146.8 110.6 85.9 73.9 68.1 61.3 59.4 51 42.5 47.3 28.8 14.8 13.5 5.6 -1.4 -1.4 -1.4 -1.4 -1.4 -1.4 -1.4 -1.4 -1.4 -1.4 -1.4 -1.4 -1.4 -1.4 -1.4 -1.4 -1.4 -1.4
116.3 110.2 106.6 102.9 96.6 88.9 83.3 77.1 73.1 73.1 78.7 79.5 82.3 89.1 99.4 120 135.1 146 164.6 188.1 203 209.1 206.3 202.4 199.2 199.2 199.7 213.7 235.2 250.4 260.6 278.2 292 298.2 296 301.5 306.1 310.2 309.1 301.2 295.1 292.9 289.4 283.6 272.9 262.2 252 241.2 231.7 229.1 220.9 214.9 203 174.2 135.6 110.3 90.5 84.2 67.6 58.1 46.6 38.7 25.9 15.1 2.8 3.2 4.8 -1.4 -1.4 -1.4 -1.4 -1.4 -1.4 -1.4 -1.4 -1.4 -1.4 -1.4 -1.4 -1.4 -1.4 -1.4 -1.4 -1.4 -1.4
119.6 108.9 106.4 104.7 100.6 94.2 89.6 86.2 76.4 71.9 73.3 74.8 77.3 83.4 92.7 103.7 128.9 139.1 152.2 175.6 192.1 197.4 196.6 188.3 186.1 182.8 184 199.2 223.2 236.1 250.7 267.3 283.8 290.7 291.8 297.7 305.3 306.4 303.8 295.5 296 298.4 295 292.8 289.6 283.8 278.5 258.8 254.3 242.1 229.3 225.9 215.3 199.4 174.3 130.4 105 93 81.7 66.1 56.4 40.2 25.4 11.1 -1.4 -1.4 -1.4 -1.4 -1.4 -1.4 -1.4 -1.4 -1.4 -1.4 -1.4 -1.4 -1.4 -1.4 -1.4 -1.4 -1.4 -1.4 -1.4 -1.4 -1.4
119.8 112.2 104.2 100.7 100.4 100.9 95.2 90.1 82.4 72.3 70.6 71.4 74.7 80.8 89.7 102.1 123.2 134.3 142.2 147 172.1 183.8 186.6 173 163.7 164.9 174.1 185.1 199.2 218.3 233.2 249.1 267.9 282 287.7 292.2 297.1 300.3 294.9 294 297.7 302 302.2 304.2 301.5 294 285.5 275.6 269.9 252.1 240.2 232.1 226.8 212.1 191.3 156.4 123.1 108.4 89.8 77.5 67.8 56.3 38.8 11.7 -1.4 -1.4 -1.4 -1.4 -1.4 -1.4 -1.4 -1.4 -1.4 -1.4 -1.4 -1.4 -1.4 -1.4 -1.4 -1.4 -1.4 -1.4 -1.4 -1.4 -1.4
118.1 112.9 106.9 101.6 102.5 98.1 99.4 95.6 87 75.1 69.4 69.7 71 76 84.7 98.1 118.9 129.5 134.2 136 137 158 166.5 159.2 151.9 154.7 157.1 172.3 186.2 198.9 211.9 229.7 248.2 272.8 280.1 281.5 280.8 283.9 288.6 291.8 298 303.2 309.6 311.5 312.8 306.8 302.3 291.4 274.8 262.3 252.2 239.2 230.2 223.8 200.3 170.9 133.6 122.5 88.3 79.7 67.8 66.9 57.3 33.9 -1.4 -1.4 -1.4 -1.4 -1.4 -1.4 -1.4 -1.4 -1.4 -1.4 -1.4 -1.4 -1.4 -1.4 -1.4 -1.4 -1.4 -1.4 -1.4 -1.4 -1.4
116.6 109.5 105.9 104.5 100 99.1 99.2 92.3 96.5 80.5 71.8 69.2 68.9 70.3 81.8 89.8 114.7 123.6 128.4 131.2 126.3 130.3 149.1 137.6 134.8 140.9 144.3 155.1 174.7 191.2 200.5 217.6 227.4 249.7 264.3 268.5 270.3 274 280.6 287.1 295.8 307.3 314.9 321.9 318.6 318.8 311.1 297.3 275.6 267.9 259.5 246.7 232.8 225.1 209.1 182 141.8 115.1 93.7 83.4 76.5 70.6 63.5 49 29.9 -1.4 -1.4 -1.4 -1.4 -1.4 -1.4 -1.4 -1.4 -1.4 -1.4 -1.4 -1.4 -1.4 -1.4 -1.4 -1.4 -1.4 -1.4 -1.4 -1.4
105.6 100.6 100.9 102 95.1 96.9 96 90.9 92 88.8 75 75.6 70.6 67.7 75.4 90.9 109.8 110.4 119.3 129.3 119.8 115 118.9 120.7 123.2 125.6 132.1 140.2 157.9 173.9 191.3 202.8 211.2 221.9 239.6 246.9 256.3 265.4 273.8 281.7 294.9 309.9 319.2 326.6 328.5 326.3 316.8 302.3 284.7 274.2 263.1 252.5 235.6 231 217.6 197.2 154 120.8 103.4 83.8 82.1 69.9 68.1 59.2 31.9 -1.4 -1.4 -1.4 -1.4 -1.4 -1.4 -1.4 -1.4 -1.4 -1.4 -1.4 -1.4 -1.4 -1.4 -1.4 -1.4 -1.4 -1.4 -1.4 -1.4
92.2 94.2 95.6 96.5 93.9 88.9 86.6 85.2 84.2 82.4 75.4 74.9 74.1 68.5 69.6 86.2 110.6 106.9 99.3 113.1 111.3 101.1 98.2 107.4 115.5 118 125 129.4 144 164.3 177.7 190.3 196.5 206.8 219.5 230 242.5 251.8 268.5 278.8 290.1 311.5 321 334 331 330.4 321.8 308.1 293.7 277.7 267.7 258.6 243.2 234 221.2 201 175 140.4 104.6 88.7 82.1 80 67.8 61.3 39.1 16.8 -1.4 -1.4 -1.4 -1.4 -1.4 -1.4 -1.4 -1.4 -1.4 -1.4 -1.4 -1.4 -1.4 -1.4 -1.4 -1.4 -1.4 -1.4 -1.4
91.2 91.6 89.9 99.9 91.9 85 79.6 82.8 78.9 72.6 75.6 75.8 81.1 72.9 66.9 78.4 96.4 105.1 91.7 97.1 103.7 100.1 92.9 96.4 107 113.4 115.8 121.2 133.6 148.6 162 170.7 179.6 190.9 205.4 220.7 232.9 243.5 261.7 275.8 289 306.7 323.7 332.1 328.8 324.8 318.4 309.7 298.7 278.2 271.3 264 254.6 245.9 227.8 208 185.3 164 123.6 98.3 86.4 86.3 69.9 54.4 33.3 20.5 -1.4 -1.4 -1.4 -1.4 -1.4 -1.4 -1.4 -1.4 -1.4 -1.4 -1.4 -1.4 -1.4 -1.4 -1.4 -1.4 -1.4 -1.4 -1.4
92.2 92.1 85.5 79.6 82.9 80.9 81.6 76.8 75.2 71.7 77.4 76.5 81 76.9 66.6 65.7 74.3 83.7 85.3 84.1 87.1 90.3 83.8 90.2 99.8 108.6 108.2 108.8 123.6 131.9 146.4 156.3 162.9 177.6 194.5 208.5 223.3 237.6 255.3 270.1 286.3 306.2 316.4 326.8 324.8 318.3 314.1 307.7 299.5 285.1 275 269.4 261.4 249.9 231.1 214.2 196.8 173.3 135.8 106.7 88 86.1 79.1 61.6 31.1 17.4 -1.4 -1.4 -1.4 -1.4 -1.4 -1.4 -1.4 -1.4 -1.4 -1.4 -1.4 -1.4 -1.4 -1.4 -1.4 -1.4 -1.4 -1.4 -1.4
91.1 93.9 85.8 73.5 71.9 74 76.7 71.8 63.6 76.3 73.7 79.9 81.3 77.7 66 66 64.3 74 74.9 78.2 81.1 81.3 77.3 87.2 95.2 95.6 95.9 97.2 107.2 123.9 132.8 142.7 155.6 169.2 185.1 199.3 212 227.6 248.6 266 279.5 299.3 312.3 317 318 311.9 305.9 303.7 296.5 282.8 278 276.2 264.2 252.6 236.2 222.8 201.5 181.3 156.6 125.7 99.6 85.7 81.9 66.8 42.3 18.1 -1.4 -1.4 -1.4 -1.4 -1.4 -1.4 -1.4 -1.4 -1.4 -1.4 -1.4 -1.4 -1.4 -1.4 -1.4 -1.4 -1.4 -1.4 -1.4
89.6 90.6 84.9 67.1 66.4 63.6 63.9 63.2 58.4 64.9 68.1 72.6 70.5 67.1 65.1 64.8 62.6 60.9 64.9 71.5 78.7 82.3 73.5 80 82.3 81 86.7 88.5 97.8 109.7 122.3 133.1 142 160.3 178.8 189.3 203.7 223.6 240.9 257.2 271.5 287.7 300.2 305.6 305.9 302.8 298 295.1 291.9 288.6 282.4 271.5 264 252.3 236.8 222.5 210.7 187.6 168.4 136.8 109.2 88.5 82.5 77.6 66.3 22.1 -1.4 -1.4 -1.4 -1.4 -1.4 -1.4 -1.4 -1.4 -1.4 -1.4 -1.4 -1.4 -1.4 -1.4 -1.4 -1.4 -1.4 -1.4 -1.4
78.7 78.1 72.1 65.2 53.7 55.8 55.8 52 55.8 62.7 69.1 70 62.3 60.9 66.8 61.7 63.7 62 55.5 63.1 70.4 72 67.1 69.6 72.1 70.6 78.5 89.1 92.9 99.9 114.6 125.3 132.7 151.2 167.8 182 200.8 219.1 233.6 247.5 260.9 271.5 281.4 287.7 295.9 290.7 285.8 285.2 283.5 279.9 271.1 267.2 255.3 241.7 232 223.7 214.8 197.2 178.5 158.5 125.8 105.8 84.5 81.8 77.6 35.6 12 -1.4 -1.4 -1.4 -1.4 -1.4 -1.4 -1.4 -1.4 -1.4 -1.4 -1.4 -1.4 -1.4 -1.4 -1.4 -1.4 -1.4 -1.4
76.7 71.5 73.5 60.1 49.2 49 56.6 46.5 51.8 57.3 67 63.1 54.6 62 64.7 57.7 61.8 60.6 56.9 53.2 60.3 56.7 57 61.8 61.9 63.2 72.1 80 88.3 98.2 107.4 119.8 132 146.6 159.7 177.6 196.6 211.3 225.6 236.3 246.3 257.5 261.9 268.1 275.2 275.1 271.1 272.5 266.9 264.4 257.8 252.7 243.5 234.1 229.3 224.6 214 201.1 185 165.8 142.5 118.6 91.6 77.3 79 62.5 24.8 -1.4 -1.4 -1.4 -1.4 -1.4 -1.4 -1.4 -1.4 -1.4 -1.4 -1.4 -1.4 -1.4 -1.4 -1.4 -1.4 -1.4 -1.4
70.2 62 66.8 61.5 45.4 41 44.1 43.7 39.6 52.8 54.7 48.1 49.4 54.2 53.6 56.6 60.5 60.3 54.1 52 49.9 46.8 50.1 53.2 55.6 59 61.1 72.6 78.9 90.4 103.1 119.7 133 145 159.7 171.5 193 206.2 219.7 228.5 234 241.4 244.5 245.5 249.1 252.5 255.7 254.8 252.9 250.7 239.7 230.2 232.6 227.5 224.3 219.3 213.7 205.2 186.6 170.2 152.6 127.5 102.9 74.2 72.7 74.5 62.6 27.4 -1.4 -1.4 -1.4 -1.4 -1.4 -1.4 -1.4 -1.4 -1.4 -1.4 -1.4 -1.4 -1.4 -1.4 -1.4 -1.4 -1.4
67.2 58.2 58 48.3 41.1 29.5 27.3 28.2 30.8 33.9 38.9 38.8 43.7 48.8 45.4 50 57.1 63.3 53.8 51.9 52.4 44.4 47.7 51.3 51 56.3 49 62.1 69.1 85.2 95.2 118.9 132.8 145 157.9 166.4 183.8 199.5 211.6 220.5 225.7 227.6 224.6 226.3 227.3 229.5 232.3 234.9 234.8 226.2 220.7 213.3 216.9 215.3 214.8 209.2 203.7 196.1 186.9 167.4 152 127.6 106.6 84.7 67.7 73.2 65.4 40.2 27.9 -1.4 -1.4 -1.4 -1.4 -1.4 -1.4 -1.4 -1.4 -1.4 -1.4 -1.4 -1.4 -1.4 -1.4 -1.4 -1.4
59.4 53.8 44.1 37.8 32.9 23 22 22 21.3 26.6 30.5 32.3 36.8 39.2 45 46 47.6 56.5 54.7 51.3 48.4 42.1 52.6 57.7 47.7 43.6 42 49.8 62.4 77.9 90.7 113.7 128.3 139.3 151 159.8 172.6 189.9 200.4 207.7 212.9 212.8 206.4 203.1 204.4 211.7 211.7 213.1 211.3 208.4 205.9 198.2 201.4 206.9 205.6 202.5 193.5 184 178.8 167.4 149.5 136.6 116.4 90.9 68 61 59.1 49 32.6 25.2 -1.4 -1.4 -1.4 -1.4 -1.4 -1.4 -1.4 -1.4 -1.4 -1.4 -1.4 -1.4 -1.4 -1.4 -1.4
37.3 47.5 39.9 29.9 27.3 12.9 8.2 13.2 14.5 23 24.5 29 32.6 37.6 40.9 44.7 46 49.7 52.8 51.1 46.4 40.4 47.2 50.9 45.4 34.3 39.5 49.4 55.7 68.5 82.7 111.5 125.8 138.4 151 160.7 160.8 177.6 189 195.1 197.4 196.4 191.9 183.3 182.5 188.5 194.6 191.8 192.2 191.6 187.4 183.8 189.7 198.6 207 201.6 190.8 176.1 163.2 158.9 145.9 131.5 115.1 88.5 74.5 59.6 53.5 56.6 43.8 20.8 19.9 -1.4 -1.4 -1.4 -1.4 -1.4 -1.4 -1.4 -1.4 -1.4 -1.4 -1.4 -1.4 -1.4 -1.4
31.6 27.6 23.5 18.2 15.8 -1.4 -1.4 -1.4 3.7 11 18 29.9 26.6 35.5 40.6 42.7 43.7 45.9 49.1 51.4 52 40.6 37.8 37.4 38.3 33.9 37.9 46.9 50.8 61.1 74.3 101.8 117.8 131.4 146.5 163.5 161.7 167.6 176.9 178.7 180 178 172.7 164.8 160 162.5 169 170.9 174.2 169 165 167.3 177.3 187.2 193.3 195.6 187.8 176.8 166.9 155.1 139.8 126.4 108.7 94.9 80.8 67.4 55.9 51.7 40.9 22.6 19.2 -1.4 -1.4 -1.4 -1.4 -1.4 -1.4 -1.4 -1.4 -1.4 -1.4 -1.4 -1.4 -1.4 -1.4
28.6 17.5 13.9 5.3 -1.4 -1.4 -1.4 -1.4 -1.4 -1.4 8.1 17.1 22.7 26.3 34.1 36.2 42.6 45.7 57.2 51.3 35.9 34.4 30.1 27.3 27.5 30.8 34.9 40.5 43.2 59 64.7 80.8 104.2 119.4 139.8 154.2 162 153.5 163.4 168.7 164.4 157.1 149.4 142.4 140.1 143.3 144.1 145.3 150.3 140.2 146.1 149.6 164.8 177 183.2 187.4 180.1 172.7 161.7 151.8 142.6 129.6 115.6 109.5 91.5 78.9 65.3 52.5 50.3 31.6 23.8 17.7 -1.4 -1.4 -1.4 -1.4 -1.4 -1.4 -1.4 -1.4 -1.4 -1.4 -1.4 -1.4 -1.4
21.4 11.8 -1.4 -1.4 -1.4 -1.4 -1.4 -1.4 -1.4 -1.4 -1.4 6.3 12.9 20.1 26.6 34.4 45.2 38.9 44.6 46.5 38 29.9 26.8 21.7 19.9 25.5 33 37.5 40.4 43.7 56.7 66.3 88.4 109 123.3 138.1 150.8 150.8 154.2 161.6 156.5 147.7 133.5 124.3 123.4 122.9 121 120.7 118.5 122.4 124.6 134.8 148 163.2 172.4 175.4 174.9 168.5 159 153.3 147.1 136.3 126.2 117.2 98.7 87.3 71.3 54.1 42.7 32.8 31.5 24.1 -1.4 -1.4 -1.4 -1.4 -1.4 -1.4 -1.4 -1.4 -1.4 -1.4 -1.4 -1.4 -1.4
15.9 -1.4 -1.4 -1.4 -1.4 -1.4 -1.4 -1.4 -1.4 -1.4 -1.4 -1.4 6 21.8 28.5 30 29.9 30.4 28.5 32.8 29.7 27.1 26.6 12.4 20.2 24 27.6 30.1 34.1 35.7 41.5 58.1 70.9 87.7 102.8 107.1 128.2 147.3 148 146 149.7 141.6 131.2 110.7 105.3 100.7 98.1 97.1 103.3 104.1 109.8 123.4 134.4 147.9 159.3 165.2 166.4 160.7 158.5 153.1 151.3 143.1 132 116.6 106.3 90.8 75.8 64.5 46 39.7 39.5 26.1 -1.4 -1.4 -1.4 -1.4 -1.4 -1.4 -1.4 -1.4 -1.4 -1.4 -1.4 -1.4 -1.4
