Game/Highland_Data/StreamingAssets/GeoData/Data/ng/NG30.asc
ncols 200
nrows 200
xllcorner 130000
yllcorner 800000
cellsize 50
[rows 111 to 147 of 200, columns 85 to 169 of 200]
-1.8 -1.8 -1.8 -1.8 -1.8 -1.8 -1.8 -1.8 -1.8 -1.8 -1.8 -1.8 -1.8 -1.8 -1.8 -1.8 -1.8 -1.8 -1.8 -1.8 -1.8 -1.8 -1.8 -1.8 -1.8 -1.8 -1.8 -1.8 -1.8 -1.8 -1.8 -1.8 -1.8 -1.8 -1.8 -1.8 -1.8 -1.8 -1.8 -1.8 -1.8 -1.8 -1.8 -1.8 -1.8 -1.8 0.9 2.2 5.8 10.9 11.4 11.4 13.7 19.7 20.6 23.3 23.1 25.3 27.9 30.7 33.8 31.6 29.3 26.8 14.9 9.1 8.6 17.7 18.6 14.5 5.7 2.9 1.1 0.6 1 4.9 15.7 12 -1.8 -1.8 -1.8 -1.8 -1.8 -1.8 -1.8
-1.8 -1.8 -1.8 -1.8 -1.8 -1.8 -1.8 -1.8 -1.8 -1.8 -1.8 -1.8 -1.8 -1.8 -1.8 -1.8 -1.8 -1.8 -1.8 -1.8 -1.8 -1.8 -1.8 -1.8 -1.8 -1.8 -1.8 -1.8 -1.8 -1.8 -1.8 -1.8 -1.8 -1.8 -1.8 -1.8 -1.8 -1.8 -1.8 -1.8 -1.8 -1.8 -1.8 -1.8 -1.8 -1.8 0.3 2.2 7.1 14.7 15.7 14.2 14.4 21.5 27.6 25 25.7 25.4 26.5 28.9 28.9 29.8 27.5 12.9 8.6 13.2 12.9 22.2 21.9 16 5.5 6.5 5 2.1 11.2 12.8 16.5 14.5 1.7 -1.8 -1.8 -1.8 -1.8 -1.8 -1.8
-1.8 -1.8 -1.8 -1.8 -1.8 -1.8 -1.8 -1.8 -1.8 -1.8 -1.8 -1.8 -1.8 -1.8 -1.8 -1.8 -1.8 -1.8 -1.8 -1.8 -1.8 -1.8 -1.8 -0.9 -1.8 -1.8 -1.8 -1.8 -1.8 -1.8 -1.8 -1.8 -1.8 -1.8 -1.8 -1.8 -1.8 -1.8 -1.8 -1.8 -1.8 -1.8 -1.8 -1.8 -1.8 -0.1 1.7 2.6 11.3 17 18.5 18 20.1 15.1 24.5 27.4 28.1 28.3 26.8 26 27.9 21.2 15.9 10 17.6 21.3 20.8 23.5 24.7 18.6 9.8 7.7 8.4 6.3 16.2 19.3 23.4 21.2 20.2 1.4 -1.8 -1.8 -1.8 -1.8 -1.8
-1.8 -1.8 -1.8 -1.8 -1.8 -1.8 -1.8 -1.8 -1.8 -1.8 -1.8 -1.8 -1.8 -1.8 -1.8 -1.8 -1.8 -1.8 -1.8 18.1 -1.8 -1.8 -1.8 4.7 1.7 -1.8 -1.8 -1.8 -1.8 -1.8 -1.8 -1.8 -1.8 -1.8 -1.8 -1.8 -1.8 -1.8 -1.8 -1.8 -1.8 -1.8 -1.8 -1.8 -1.8 1.4 6.8 7.5 16.5 20 22.2 25.2 24.7 21.3 21.4 28 27.2 29.8 26.3 21.9 14.1 19.9 18.9 14.5 23.1 32.4 24.8 18.2 20.6 24.3 12.5 12 15.7 13.9 18.6 23.3 30.1 29.5 25.3 26.2 7.7 -1.8 -1.8 -1.8 -1.8
-1.8 -1.8 -1.8 -1.8 -1.8 -1.8 -1.8 -1.8 -1.8 -1.8 -1.8 -1.8 -1.8 -1.8 -1.8 -1.8 3.1 25.8 23.8 22.4 12.4 17.7 20.5 20.6 15.4 14.4 10.5 -1.8 0.4 -1.8 -1.8 -1.8 -1.8 -1.8 -1.8 -1.8 -1.8 -1.8 -1.8 -1.8 -1.8 -1.8 -1.8 -1.8 -0.2 1.8 13.2 14 18.8 25.4 27.6 29.3 27.4 23 22.6 26.4 26.7 31 21.2 16.4 16.5 25.9 31.2 25.5 17.6 30.4 21 22.2 33.8 30.2 26.8 15.1 12.7 19.5 26.6 37.9 46.6 46.8 38.7 29.5 7.9 0.2 -1.8 -1.8 -1.8
-1.8 -1.8 -1.8 -1.8 -1.8 -1.8 -1.8 -1.8 -1.8 -1.8 -1.8 -1.8 -1.8 -1.8 -1.8 25.8 26.2 34.7 31.1 31 33 20.1 23.4 22 20.6 18.7 14.5 1.3 1.3 3.3 9.3 5.2 -1.8 -1.8 -1.8 -1.8 -1.8 -1.8 -1.8 -1.8 -1.8 -1.8 -1.8 -0.7 0.6 2.2 16.3 19.8 21.1 33.7 38.5 34.8 33.5 25.6 28.7 25.1 27.8 28.3 25.3 27.8 33.1 35.5 39.7 32.7 30.3 25.8 28.3 39.1 37.4 41.6 36.8 19.8 18.1 21.6 33.1 46 53.8 54 49 34.1 8.8 12.9 4.4 16.2 4.3
-1.8 -1.8 -1.8 -1.8 -1.8 -1.8 -1.8 -1.8 -1.8 -1.8 -1.8 -1.8 -1.8 -1.8 36.7 33.3 40.1 49.6 47.2 38.9 40.2 35.6 25.8 29.4 25.4 20.7 16.7 3.1 1.7 3.6 5.9 5.2 4.2 -1.8 -1.8 -1.8 -1.8 -1.8 -1.8 -1.8 -1.8 -1.8 -0.7 0 1.1 8.1 19.8 21.8 23.6 38.4 43.9 41.3 38 30 25.8 24.9 29 38.5 45.6 41.9 39.7 39.8 43.9 42.2 42.6 35.4 50.1 42.9 49.1 50.4 43 31.7 25 29.3 39 50 57.9 60.8 57.1 33.2 14.7 19.6 17.5 17.7 24.3
-1.8 -1.8 -1.8 -1.8 -1.8 -1.8 -1.8 -1.8 -1.8 -1.8 -1.8 -1.8 27.7 31.5 41.8 41.8 49.1 53 54.7 49.6 47.7 42.4 32.6 34.8 26.4 23 18.5 14.4 6.9 5.1 7.5 6.4 5.8 8.4 6.6 -1.8 -1.8 -1.8 -1.8 -1.8 -0.4 0.2 0.4 1 1.7 4.5 16.8 21.9 25.8 40.9 47.8 49.9 46.6 34.3 27.3 28.1 39.5 43.8 50.5 52 44.1 47 45.4 51.3 50.8 49 54.6 46.2 52.5 56 49.6 45.6 51 34.1 46.5 60.4 65.5 65.6 67.7 55.9 24.8 20.1 18.8 28.3 26.6
-1.8 -1.8 -1.8 -1.8 -1.8 -1.8 -1.8 -1.8 -1.8 -1.8 16.5 35.9 35.4 41.1 46.6 54.9 59 59.1 60.5 59.1 54.2 51.5 46.1 42.1 28.3 26.3 19.3 14.9 10 8 9.1 7.7 7.8 9.6 10 1 -0.5 -0.6 -0.2 1.4 1.7 1.7 1.7 2.2 2.4 15.8 24.1 26 25.8 41.7 48.5 50.6 42.1 34.8 31.1 30.5 42.6 48.7 52 49.5 47.2 51.3 52.7 57.6 57 57.8 60.6 53.4 56.2 57.9 57.2 56.7 62.9 48.7 53.5 66.5 73.9 68.8 71.7 66.9 38.4 28.3 33.4 33.2 27.6
-1.8 -1.8 -1.8 -1.8 -1.8 -1.8 -1.8 -1.8 -1.8 -1.8 39.8 47.8 46.8 48.1 52.3 56.3 63.7 65 62 61.6 60.4 56.9 52.4 46.9 36.4 22.9 19.9 17.6 13.1 12.1 8.8 8.5 9 12 9.3 1.7 0.9 0.9 1.3 2.7 2 3.2 2.7 5.2 12.5 14.9 23.9 26.4 28.1 40.5 45.6 44.8 44.8 40 42.8 42.3 43.5 46.1 47.4 47 46.8 54 55.9 59.4 63.7 63.5 65.9 62.9 61.8 61.5 65.3 63.9 68.6 72.4 61.3 76.5 85.4 79.9 74.2 73 59 40 44.3 39.5 37
-1.8 -1.8 -1.8 -1.8 -1.8 -1.8 -1.8 -1.8 -1.8 11.5 45.9 52.7 53.6 54.9 61.5 67.1 68.8 69.6 67.2 63.6 63.9 63.9 56.3 55.4 43 31.7 26 20.5 18.6 18.6 16.1 13 12.1 14 17.5 6.7 1.7 1.7 1.7 1.7 2.4 7.8 11.6 11.1 9.1 7.3 21.8 25.4 32.2 38 45.5 45.6 48.6 44.5 49.2 45.4 43.9 45.6 45.3 48 52.2 52.4 57.1 60.6 66.1 65.7 64.9 67.9 70.4 66.2 73.4 70.1 76.7 81.7 74.6 90.7 91.2 85.6 78.3 74.7 68.6 48.1 50.3 45.8 40.3
-1.8 -1.8 -1.8 -1.8 -1.8 -1.8 -1.8 -1.8 34.1 19.9 46.4 56.8 64.4 61.3 65 72.1 75.8 74.2 71.3 66.9 68.5 64.5 61.9 58.2 49 45.2 30.4 24.1 23.3 21.4 18.5 21.4 16.3 16.8 20.5 12.8 7.6 1.7 1.7 1.7 4.6 11 6.8 7.5 11.2 15.6 17.9 20.2 28.8 38.5 46.1 47.2 49.5 53.2 50.4 47.4 44.8 49.2 49.6 51.2 53.7 60.9 61.3 65 68.3 67.6 66.1 71.3 75.9 71.9 74.9 74.6 85.2 87.4 88.6 91.7 93.7 84.7 80.7 85.7 75.8 55.4 59.1 52.1 48.2
-1.8 -1.8 -1.8 -1.8 -1.8 -1.8 38.8 46 44.7 48.8 42.2 62.8 68.8 71.6 74.1 77.2 81.8 80.3 82.4 75.7 71 73.4 68 57.3 56.3 47.5 44 33.4 35.3 31 22.2 22.4 20.3 18.4 19.6 16.6 15.5 2.6 1.7 3.8 7.6 4.9 4.1 5.6 12.4 18.2 16.3 17.3 27.8 43.5 45.6 45.5 48.3 50.7 47 50.3 48.8 45.9 51.3 57.8 58.4 66.5 67.6 73.1 73.6 78 77.2 77.9 88.6 83.5 75 78 91.8 95.4 91.1 95.5 90.7 86.4 86.3 93.4 82.6 62 61.6 55.1 51.8
-1.8 -1.8 -1.8 -1.8 2.2 40.7 50.6 57.3 54.4 56.5 64.9 71.4 74.1 78.7 79.3 82.7 85.7 87.6 85.5 82.6 76.2 83.7 77 63.6 63.9 51.4 53 40.8 47.7 40.4 34.3 23.7 22.4 22.4 24.7 26.2 18.1 6.9 4.4 4.6 4.4 3.6 4.6 9.3 11.1 18.1 18.2 18.8 27.6 41.4 44.5 44.7 47.7 48.4 59.5 54 56.6 57.5 56.8 53 66.6 72.5 78.1 81.3 79.5 85.4 84.5 87.9 92.5 90.8 82.4 82.2 98.9 100.4 96.4 98.1 97.7 98.5 87.8 91.8 80.5 66.1 63.8 57.5 56.2
-1.8 -1.8 58.5 14.7 16.4 47.3 57.2 67.3 60.4 76.2 74.9 76.8 76.2 82.4 85.9 88 89.6 92.2 96.4 95.4 89.7 84.4 81.5 71.6 67.3 63.7 61.1 54.6 56.3 54 38.4 31.8 28.1 27.8 27.9 26.6 24.1 12.3 6.5 5.1 4.9 4.3 6.6 15.2 16.3 22.5 20.9 22.7 30.9 38.5 47.6 45.2 50.1 50.4 59 60 69.4 66 67.4 68.3 74.2 76.1 82.2 87.7 85.4 92.7 93.2 92.8 98.6 96.3 88 89.1 104.4 103.4 98.5 102.7 98.5 103 93.5 88.4 80.5 67.3 68.3 60.7 59.5
-1.8 40.3 68 65.5 68.4 62.7 70.5 75.7 71.9 82.6 89.7 83.3 83.8 83.8 89.5 91 94.8 102.1 101.4 102.3 99.1 90.9 88.6 77.7 72.2 64.1 61.1 58.3 60.2 58 43 45.2 33.1 27.5 27.1 26.5 23.4 9.6 3.6 5.9 6.9 11.5 14 21.2 21.9 25.6 23.8 27.8 34.4 48.4 55 50.3 52 58.2 61.5 65.4 72.4 76.5 79.6 74.9 79.2 80.8 86.1 90.6 90.5 97.4 105.9 101.4 108.7 104.7 104.6 92.5 110.8 109.2 106.9 106.3 102.5 103.7 97.3 93.7 82.2 74 72.8 73.1 64.8
45.9 76.8 75.6 67.7 72.2 75.4 90.4 86 86.2 91.6 95.3 84.4 86.3 88.3 95.7 100.3 98.5 107.5 112.3 110 103.7 96.9 90.7 81.2 72.9 64 64.7 61.6 66.2 63.4 47.2 47.8 43.4 35.5 29.2 25.1 26.5 10.8 5.2 7.3 10.7 16.8 18.2 23.2 25.1 30.3 27 28.4 36.5 62.4 63.4 58.5 63.9 62.3 66.8 71.4 75.5 87.2 91.2 92.5 93.4 87 90.6 96.9 97.6 101 107.1 108.1 113.5 114.6 110.3 96.8 119.4 114.4 111.1 112.2 108.9 110 99.1 93.3 87.7 75.6 79.9 82.7 71
80.6 83.1 82.1 77.5 88.6 89.3 96.4 92.8 90.4 98.2 100.4 86.1 83.6 98.4 103.2 106 99.9 112.6 116.1 119.1 111.7 101.8 93.7 91.9 79.5 66.5 72.3 68 66.7 68.9 57 49 49.7 40.4 28.2 25.1 20.1 6.6 4.6 7.1 6.2 15.4 20.3 25 24 31.3 28.6 29.5 41.7 58.1 65.2 68.4 70.4 73.1 69.5 79 87.8 93.2 93.5 108.1 107.6 102.5 100.6 107.9 109.1 105 107.8 121.2 120.7 119.6 114.2 99.7 124.3 125.4 121.4 116.4 113.3 111.7 101.2 92.7 91.7 78.7 84.8 83.3 78.8
85.5 92.7 99.7 94.7 93.4 94.9 95.5 97.9 104 100.5 98.3 94.8 105 99.9 111 113.7 108.9 109.8 120.5 121.2 116.9 106.8 97.9 89.2 85 75.5 76 70.9 72.4 68.7 64.8 52.8 51.5 46.3 31.2 26 16.9 5.8 5.3 4.2 5.9 14 18.5 19.6 27.4 30.8 30.8 38.5 46.7 60.6 68.5 73 75 81.8 78.8 86 96.3 100.8 105.2 113.7 119.5 116.2 108.8 114.8 117.5 120 115 126.1 128.5 129.1 128.3 104.9 134.4 138.7 129.7 121.1 117.4 115.6 105.1 100.4 100.4 91.6 88.8 93.5 87
99.5 101.9 113.2 104.6 100.5 103.8 100.9 102.9 110.6 105.7 101 108.4 115.7 110.4 109.3 117.6 112.1 108.6 126.4 127.6 122 110.6 110.1 91.1 88.2 77.8 79.8 74.3 78.1 73.2 66 59.7 53.6 48.8 34.6 23.5 14.9 5.9 5.4 5.2 6 7.2 15.1 19.8 31.6 36.5 39.4 47.6 54.8 65 72.3 76.5 80.6 89.2 89.7 92 96.4 99.8 113.8 120.8 127.8 132 121.9 123.1 128.2 126.9 128.6 132 129.8 129.9 133 111 129.2 141.4 132.2 122.6 118.3 119.6 110 105 107.5 105 94.9 98.6 91.1
106.3 109.2 111.4 104.2 104.9 106.2 109.6 103.4 116 110.9 108 118.9 119.3 118.6 114 113.5 116 108.5 123.7 123.4 124 116.1 114.7 106.5 91.2 83.3 84.8 81.4 81.3 77.6 70.4 63.5 64.2 50.1 39.4 23.3 15.9 5.7 4.1 5.3 6.2 6.2 11.1 18.3 23.9 36.7 40.7 48.2 59.3 66.4 73.8 79.7 89.4 96.8 94 98.7 102.3 111 120.6 129.4 137.1 139.5 134 134.4 138.2 136.7 132.4 134 140.3 132.4 133.9 117.8 130.3 145.7 133.6 125 123.8 122.8 114.8 110.7 117.1 114.8 102.6 105.2 94.7
112.3 117.7 110.6 104.4 112 117.9 125.2 113 112.6 114.1 112.1 128.8 127.3 128.7 125.4 112.8 115.2 109.6 114.9 120.9 120.7 123 120.5 118.2 107.4 85.9 81.2 90.4 86.9 80 78.7 65.1 60.9 53.9 42.1 23.6 17.1 5.7 5.2 5.3 5.2 5.5 6.9 15.8 23.4 34.5 41 50.8 63.4 68 74.3 81.5 95.4 99.1 101.2 104.9 114.6 114 129 140.5 146.4 143.9 143 141.5 146.4 148.8 144.2 138.3 145.3 138.6 140 124.5 136.9 145.9 136.9 129.1 126.9 124.7 126 117.4 123.5 118.6 116.3 110.4 100.5
113.6 114.3 117 110.7 114.7 124.8 129 122.2 114.9 116.6 119.9 130.2 135.2 136.8 134.9 126.1 114.3 115.8 117.7 129.7 134.1 136.9 127.1 127.3 115.8 93.4 82.1 94.2 90.8 92.3 84 75.1 67.4 50.2 41.9 28 18.6 7.3 5.2 4.4 5.1 5.6 9.3 18.2 25.5 30.4 41.1 47.7 65.1 72 75.7 81.5 98.3 99.4 105.3 112.2 120.5 128.9 136 148.8 151.7 154.2 152.3 155.1 153.7 158.3 151.6 148.6 147.6 144.6 142.9 129.6 135.6 148.8 138.8 131.9 130.8 130.1 127.5 121.4 124.1 117.1 117.3 114.6 104.6
123.5 119.6 121.2 119.7 121.2 131.2 128.5 118.9 117.1 118.8 131.1 136.2 145.5 145.6 142.5 131.4 124.3 118.5 126.1 135.3 140.7 136.3 128.7 127.7 120.8 100.1 84 95.9 97.7 96.6 90 79.3 73 55.7 41.2 26.8 20.7 7.7 5.2 5.3 5.4 6.7 11 16.7 26.5 28.7 40.9 49.1 65.5 74.6 75.4 79.7 92 102.8 108.1 118.4 127.1 135 145.7 154.4 157.4 155.1 155.8 161.9 162.5 165.1 161 154.7 150 152.4 148.1 136.9 137.4 150.3 142.4 137.3 135.3 135.5 129.2 126 129.1 122.3 122.1 120.2 108.9
123.7 129.6 129.8 126 129.4 133.3 126.1 119.6 120.2 126.5 134 146 154.1 150.9 148.9 141.6 136.7 131 127.8 135.2 138.9 141.5 134 129.4 120.2 106.7 87.7 102 103.5 103.7 93.6 85.7 78.1 65.2 41 27.3 21.8 9.7 5.4 5.4 5.5 5.8 11.7 15.4 24.2 26.1 36.4 48.1 61.6 71.7 79.3 80.5 92.8 106.1 110.6 124.8 131.9 141.8 154.3 162.1 160.5 165.3 170 164.5 170.2 174.9 165.4 161.6 155.4 159.7 155.4 141.1 136 140.9 144.7 146.7 144.7 145.4 135 130.4 130.3 122.5 122 123.2 114.5
132.2 137.9 137.7 129.2 132.7 137 129.4 125.7 124.3 133.5 145.3 150.2 157.2 159.8 152.1 146.3 142 140.4 130.8 135.4 141.1 147.1 137.6 134.7 125.6 113.5 107 103.6 107 105.4 97.2 87.4 80.8 72.7 51.6 31.4 25.4 13.5 5.4 5.6 5.7 6 10.4 13.6 20.2 26 35.9 45.9 61.7 71.6 77.8 84.1 96.5 108.6 113.9 126.4 140.4 150.1 157.8 167.2 171.9 175.7 183.6 187.4 184.6 174.9 167.3 166.1 159 160.9 155.3 143.2 139.5 145 151.5 151.7 149.9 149.3 141.7 134.8 130.4 126 135 127.5 121.3
139.7 142.6 140.3 133.1 139.4 149.3 144.7 126.3 131.7 140.2 149.8 150.9 157.3 156.7 153 148 146.8 148.8 139.2 137.8 140.8 145 141.4 139.5 129.5 120.1 116.9 105.3 114 105.8 102.2 95 84.2 69.5 54.7 34.8 30 14.6 5.9 5.7 5.5 5.9 6.6 13.1 18.6 24.3 36.8 44.3 62.9 71.4 78.6 86.4 101.7 110.1 122.6 132.3 144.4 152.3 163.2 172.1 178.5 181.4 187.3 196.3 189.4 177.9 171.1 165.4 164.8 162.9 158.6 149.3 149.8 153.7 156.7 155 152.2 152.1 150.1 140 134.4 135.9 141 134 126.5
146.8 155 152.9 148.2 146.4 145.3 142.5 136.7 134.1 142.6 149.3 153.7 157.7 155.7 160.8 157.2 147.8 152.4 146.4 137.8 139.7 139.7 142.7 142.9 136.7 124 124.3 115.2 115.6 108.4 105.8 99.1 87.1 75.8 57.3 40.7 30.6 17.7 5.2 5.8 5.9 5.9 6.1 13 20.6 21.4 37.8 54.3 64.8 70.2 80.4 90.9 105.1 117.6 124.9 136.4 147.5 156 166.9 177.1 184.5 190.6 199.7 207 206.4 187.3 177.9 171.1 168.3 174.3 168 152.6 159.2 166.4 164 159.9 152.4 155.6 153 151 146.4 140.2 141.4 141.3 131.2
154 163.6 161.9 154.1 150 144.1 141.8 134.3 132.6 146.7 151.9 152.5 158.4 166.4 167.7 165.6 155.8 153.9 152.9 144.1 139.7 140.3 149.7 146.5 143.7 132.3 127.9 118.2 118.9 111.2 109.8 100.7 94.4 80.7 61.1 45.9 32.2 17.8 5.6 5.5 5.7 8 10.6 15.2 21.1 19.2 38.2 54.2 67.4 76.1 82.6 90.1 97 123.1 129.9 139.9 146.3 160.7 170.8 182.3 194.2 202.2 213.4 208.7 206.4 200.8 184.9 181.2 177 172.7 172.3 156.9 159.7 168.6 165.9 161.5 154.8 156.7 162.1 154.5 152.1 143.9 142.9 145.7 140.1
162.5 170.5 168.5 156.3 152.6 145.2 136.8 133.4 136.1 148.6 156.3 163.2 168.8 170.8 173.5 173.5 161.1 161.9 160 151.5 150 143.7 148.4 149.9 146.7 137.8 136.3 128.7 123.9 118.1 112.5 103.3 97.2 78.6 64.4 48.6 33.5 18.7 6.4 6.1 5.8 6.7 10.7 13.2 16.6 20.3 22.3 45 67.8 77.4 86.9 87.3 95.6 123.1 136.6 147.2 147.4 165.2 172.2 187.3 200.5 211.3 218.5 215.2 212.5 216 211 195 182.7 175.3 175.1 159.8 160.3 171.4 164.9 163.4 162.2 159.3 165.3 160.7 157.9 150.2 145.4 145.9 140.6
169.7 174.5 171.8 164.4 156.2 146.9 143.4 137 145.7 159.9 165.3 170.7 171 174.8 180.4 181.4 167.6 165.3 166 161.6 154 147.3 152.7 154 154.2 150.2 143.5 135.2 129.8 120.5 116.9 109.4 102.3 87.7 69.8 52.3 34 23.9 7.3 5.9 6 5.9 9.4 15.6 19.4 22.1 26.5 35.3 59.2 72.6 83.2 88.6 98 118.2 145.4 152.9 156.3 174.6 176.8 189 208.7 213.6 219.7 221.2 220.6 221.6 219.2 208.5 198.5 181.9 179.4 165.9 165.7 170.4 167.1 176.6 170.4 169.5 172.5 162.6 166.2 155 150.8 154.3 145.6
174 182.3 182.1 175.4 164.1 155.6 149.7 146.2 158.3 168 168 173.6 181.8 180.1 181.6 183.6 180.1 169.3 171.1 169 163 152.9 157.2 164.7 159.3 151.8 148.2 137.8 135.4 125.8 122 114.6 104.1 92 73.4 56 36.6 27.6 6.9 6 5.8 5.7 9.7 16.6 18.8 20.3 24.2 41.8 55.8 69.5 84 89 105.3 122.5 138 152.4 163.9 178.6 183.3 193.4 216.2 217.1 226.3 227.3 226.1 226.5 221.6 217.1 213.9 197.7 186.3 176.6 173.3 179.2 179.1 185.3 182.6 181.3 177.2 169.7 173.9 165.1 158 162.9 154.9
178.2 186.2 191.1 180.8 173.5 163.6 157.1 157 171 178.9 171.8 181.6 185.2 184.9 191.7 182.1 179.7 177.1 177.1 177.2 172.2 169.6 166 167.9 162.9 154.8 155.6 143.7 141 130.5 124.7 116.8 104.5 88.2 75.1 63.7 43.9 25 8.1 6.6 6 5.8 12 17.9 18.3 19.7 26.3 42 49.4 65.8 78.9 89.5 106 125.1 132.2 152 165.4 183.8 189.7 205.4 221.5 224.7 232.9 233.1 230.3 228.9 226 226.4 227.2 215.9 196.8 192 179.7 192.8 186.8 189.4 190.4 195.6 194.2 184.3 177.9 172.4 165.4 165.8 165.2
186.7 189.5 194.9 190.4 177.2 163.7 163.5 175.4 183 176.3 178.8 179.4 187.4 190.1 187.4 182.5 183.9 185.7 179.5 181.5 176.5 175.7 170.7 168.5 167.1 166.3 160.7 154.1 145.5 135.3 126.8 120.5 103.2 95.4 75.9 66.1 48.1 21.6 12.4 6.8 7.2 6.7 8.9 11.2 15.1 22 21.9 35.1 48 51.2 68.6 83.8 103.7 119.4 138.8 154.7 169.7 183 197.4 211.7 227 227.4 238.2 236.5 234.4 229.8 232.8 235.7 235.2 232.4 220.8 197.9 191 197.7 194.8 194.9 197.4 203.4 200.9 192 186.2 176.2 170.7 174.4 175.1
192.9 198.9 198.6 195.5 181.3 170.5 174.2 189 185.7 182.6 180.8 185.5 188.1 193.3 189.9 183.4 187.1 191.1 182.9 188.5 187.1 181.1 180 169.7 167 169.1 162.6 157 148.2 140.5 128.5 123.8 109.3 101.6 84.3 70.3 49.7 29.3 9.9 7.2 7.5 6.8 6.7 7 15.1 19.9 20.9 32.2 42.4 56.6 64.8 79.8 91.2 117.2 133.8 148.9 160.5 177.1 203.1 212 223.6 228.5 239.6 243.8 241.4 231.7 234.7 241.6 248.8 249.3 242.2 220.1 213.8 220.8 222.2 212.1 209.1 213 214.5 204.8 206.4 191.4 189.5 181 186.4
195.9 204.7 208.6 193.1 185.9 174.5 190.6 193.7 188.7 192.4 189.6 192.6 191.4 199.8 192.3 184.3 188.3 188.4 185.6 189.6 191.1 187.6 185.5 176.6 166.8 173.6 167.1 159.3 151.5 142.2 129.7 126.7 116.9 107.6 89.6 73.1 54.3 29.8 10.8 7.7 9.3 6.8 7.2 6.9 8.3 15.7 20.9 29.6 42.1 53.5 64.2 73.2 92.8 104.5 126.2 141.1 158.8 172.4 195.2 213.1 225.6 232.4 237.6 250.8 247.2 237.2 234.9 245 253.7 257.5 252.4 242.4 227.3 225.5 233.8 223.1 229.8 220.5 218.7 211.6 212.8 200.9 194.6 185.8 192.2
211.7 209.5 214.6 199.1 186.7 190 197.5 198 197.9 199.1 206.2 200.9 202.4 204.2 196.2 192.1 191.4 189.5 191 186.8 195 194.4 186.3 182.7 169.4 171.4 165.9 162.8 156.2 146.1 133.3 126 121.1 105.8 95.8 80.4 54.9 31.8 16 7.9 11.2 7.5 6.5 7.2 7.9 13.1 18.4 28.2 37.8 52.6 64.6 75.2 89 106.9 120.9 131.2 143 166.6 182 195.3 216.1 233.4 244 250.3 250.8 241.8 237.3 248.6 256 261.5 260.6 254.9 237.2 237.6 237.6 231.4 234.5 230.2 225.1 218.4 220.4 218.3 209.1 195.3 195.2
