Game/Highland_Data/StreamingAssets/GeoData/Data/ng/NG32.asc
ncols 200
nrows 200
xllcorner 130000
yllcorner 820000
cellsize 50
[rows 0 to 36 of 200, columns 83 to 165 of 200]
287.7 278.7 272.4 275.9 267 263.8 256.8 255.8 256.8 257.1 254.6 258.6 263.4 262.8 268.2 271.5 270.6 272.8 272.9 270.3 258.3 257.5 258.1 246.9 240.6 236.1 236.8 249.2 254.4 235.3 231 224.6 213.9 214.1 213.2 209.2 206 202.1 199.8 199.4 196.7 197.2 195.7 191.2 187.3 187 187 183 181.7 181.5 177.7 176.5 171.9 172.1 170.3 167.4 165.2 158.9 156.7 153.4 152.7 154.2 155.6 157.4 159.1 162.1 166.9 168.9 170.8 173.5 176.4 183.9 195.5 190.3 182.8 181.2 182.2 180.9 177.7 175.9 172.2 170.3 170.7
288.7 291 277.8 277.8 270.5 266.4 264.1 261.7 260.8 264.4 263.8 269.5 293.8 278.6 285.5 282.9 291.1 288.9 289 291.8 283.2 266.7 264.8 259.1 252.1 246.4 249.7 262.4 257.9 242 239 230.1 224.3 219.6 218.4 215 211.3 210 207.4 206.1 202.8 200 198.6 195.8 195.5 191.8 189.5 189.4 187.6 185.8 182.5 178.9 178.3 175.1 173.8 170 167.5 161.6 159.5 156.3 154 155.7 156.8 158.1 159.9 163.7 166.6 169.8 171.9 175.1 176.8 180.7 192.8 192 184 182.2 183.1 182.7 181.2 173.8 170.8 170.3 170.6
288.8 291.3 284.8 278.9 274.9 272.1 268.2 267.4 269.4 269.7 271.3 282.6 306 305.4 294.3 299.2 302.7 304.2 303.7 304.1 292.8 281.8 270.3 266.5 262.4 258.8 262.5 264.4 252.9 245.8 243.1 239.2 232 226.5 227.5 224.2 219.9 216.1 213.2 211.1 208.7 206.9 204.8 203 201.6 199.5 195.3 196.1 193.6 189.5 186.1 184.1 182.3 180.6 176.9 173.1 173.3 163.5 160.8 157.4 155.5 156 156.7 158.1 160.3 162.6 165.6 168.7 171.3 174.1 175.6 179.5 186 188.4 184.6 182.7 183.4 183.6 182.9 172.6 171.1 171.7 169.6
292.3 295.4 292.3 283.4 281 277.8 273.8 279.6 280.8 280.1 278.2 284.9 310.7 318.2 313.7 314.3 328.2 347.6 339.2 336 311.1 294.6 280.3 273.7 270.5 266.5 266.8 265.7 261.2 262.7 252 246.3 241.4 234.4 235.4 231.6 229.9 225.5 220.4 216 212.8 211.1 210.7 210 207.4 204.2 202.4 199.8 196.9 195 192.1 188.6 188.1 182.8 178 176.9 172.9 168.5 161.5 157.6 156.1 155.7 156.8 158.1 159.2 159.9 160.7 163 169.3 171.9 174 179.5 182.1 183 183.2 182 182.3 181.8 181.5 173.1 172 170.9 169.8
303.6 303.3 299 293.3 290.6 300.5 287.9 291.5 296.4 301.3 299.1 304.7 316.8 326.1 321.6 325.9 353.7 372.6 363.9 351.9 341.1 312.2 295.2 284.4 277.8 281.8 281.3 280 278.2 274 264.7 260.6 250.2 244.8 241.4 243.2 236.1 231.9 227.9 223.8 221 217 216.6 215.1 212.3 208 206.5 204.1 201.2 199.2 196.1 192.7 190.5 187.8 181.5 179.3 176.4 165 161.4 158.3 157.2 155.8 154.5 155.6 156.7 158.5 159.8 161.6 164.1 167.6 172.9 178.5 180.1 180.3 179.1 179.4 179.4 181.2 176.7 171.9 172.3 171.1 169.6
307.6 308.3 310.8 306.8 319.4 319.3 315.9 308.7 305.8 314.4 325.4 328.3 325.4 327 326.6 330.8 370.2 386.1 387.3 376 356.5 335.2 313.7 300.4 297.5 296.9 296.7 293.1 287.8 281.7 275.6 267 262.5 254.8 249.9 247.9 240.5 235.7 233.6 228.5 227.4 223.1 219.6 218.4 215.9 213.8 210.8 208.6 205 203 198.5 197.8 194.5 189.1 186.4 180.2 175.2 167 162.8 159.2 157.2 155.1 153.9 153.3 155.9 157.8 158.8 161.1 163.6 165.6 174.6 177.4 179.4 178.4 176.2 174.9 176 177.6 175.5 172.2 170.9 169.5 169.4
336.6 342.9 347.3 345 336 343.1 342.8 338.9 320.6 315.5 329.4 349 348.4 334.9 333.3 343.3 368.8 388.5 396.8 386.6 366.8 348.9 335.9 322.7 312.9 309.8 305 301.1 293.9 286.6 282.4 275.3 267.7 260.5 253.8 250.7 245.4 240.2 237 231.1 230.9 226.7 224.8 221.9 221.4 217.7 215.1 212.2 210.1 207.5 204.6 200.6 196.5 192.1 188.2 182.9 175.4 168 162.7 159.8 156.3 154.7 153.4 153.4 154.5 155.4 157.7 159.2 162.4 164.5 173.2 176.4 177.2 177.5 175.2 172.5 171.9 173.4 173.6 172 168.1 167.4 166.1
342.9 349.3 354.7 356.5 350.4 356.5 349.7 353 339.6 330.6 344.9 357.2 357.6 351.9 352.9 366.1 394.2 400.1 405.4 402 375.2 358.9 344.5 333.2 322.9 321.4 312.5 304.3 297 291 287.2 278 273 262.3 255.3 255.2 250.5 245.6 239.6 234.7 233.9 232.9 230.8 227.1 224.3 221.5 218.8 215.1 213.1 211.7 207 204 198.9 195.2 189.7 182.1 175.1 167.5 162.1 159.3 156.4 154.9 153.2 151.6 152.9 154.1 154.8 157.1 160.1 164.7 166.8 173.5 175.8 175.7 173.1 170.1 169 170.7 168.9 167.5 166.5 170.2 166.7
347.7 352.8 361 365 356.3 360 352.4 355.7 360.2 349 349 365.1 364.5 369.8 387.9 394.4 399.6 408.5 408.9 403 381.9 366.8 349.8 342 334.3 325.4 316.6 309.2 302.9 294.5 288.8 282.7 274.4 265.3 258.4 257.5 254.8 249.6 241.9 237.5 235.4 238.3 234.3 231.3 229.4 227.3 222.4 219.1 215.5 213.7 210.7 205.9 201.2 196.6 190.9 182.3 175.3 167.2 159.8 156.6 154.3 154 152 150.8 150.5 150.2 150.6 155.8 158.4 163.4 165.5 166.8 172.7 170.6 170.6 169.1 168.2 167.7 166.7 164.3 165.2 169.1 168.2
350.3 355.7 363.3 367.5 363.7 360.2 358.6 355.1 366.1 368.6 368.2 381.1 380.7 393.1 402 407.6 412.2 415 409.9 405.7 385.8 367.2 358.3 349 347.2 334.7 320.1 311.5 303.4 295.2 290.7 282.8 276.3 266.8 259.5 257.7 256.3 250.7 243.4 241.1 237.6 236.3 236.3 237.3 236.1 232.8 227.9 222.6 218.5 214.9 212 208 203.7 198.2 191.7 181.6 175.3 165.1 158.3 154.4 152.3 151.4 148.2 144.7 144.2 144.9 145.8 149.3 155.1 161.1 163.1 164.4 166 167.6 168.7 168.4 168.4 168.4 166.8 164.9 164 167.8 168
351.8 356.3 362.9 371.5 366.3 356.8 358.3 360 364.3 375.8 390.7 386.8 396 390.2 401.1 404.2 406 411.7 413.7 406.1 379.5 366.2 354.8 346.2 352.3 339.6 321.8 316.1 305.7 296.2 292.3 285 275.7 267.2 260.1 256.8 254.7 251.6 244.7 241 238 238.1 240.1 242.6 238.9 236.4 231.5 225.2 221.3 215.5 210.9 208.4 204.3 198.9 188 181.2 173.5 164.3 155.2 152.3 148.6 145.7 140.5 136.4 140.8 138.3 139.4 143.7 149.9 155.3 159.6 162.2 163.7 166.3 167.8 168.1 168.7 168.4 166.7 164.9 160.1 163.3 165.3
351.4 355.4 357.8 363.6 364.6 355.5 359.7 365.3 360.7 366 371.6 377 384.2 383.9 388.9 403.8 409.5 406.8 412.7 401.7 376 363.3 351.8 341.4 340.2 335.8 322.8 317.1 308.6 299.3 293.9 289 278.5 269.6 262.8 257 256.9 252.7 246.4 239.9 237.8 237.3 239.6 241.4 238.4 237.3 233 226.7 220.8 214.9 211.3 208 204.1 195.1 187 178.7 167.6 159.3 151.1 140.8 132 130 128.3 118.9 127.3 127.1 127.7 134.2 140.8 149.1 155.6 158.3 160.8 165.1 168.4 169 168.9 168.3 167.1 166 164.4 159.1 159.2
341.6 347.3 357.1 357.9 357.9 352.2 350.9 358.4 354.1 353.9 363.8 374.2 376.8 383.4 386.5 390.4 406.1 400.8 390.4 381.6 371.1 359.9 344.4 335.5 338.9 340.3 325.8 320.7 314.2 301.4 295.8 289 279 269.6 263 254.6 256.1 251.5 244.2 237 236.4 235 235.7 234.5 235.1 233.8 232.2 224.5 217.9 211.3 210.6 205.4 200.6 191.3 182.8 168.9 161.2 152.9 139.5 129.6 115.6 105.7 109.1 105.1 109.8 110.9 112.3 118 125.9 139.6 146.9 154.2 159.9 164.6 168.7 170 169.5 168.5 167.7 165.3 162.7 161 158.6
329.9 338.5 340 344.6 347.6 344.6 340.4 337.3 339.3 342 348.5 357.8 370 380.6 382.8 387.7 395.2 393.3 384.6 376.3 365.9 356.5 334.4 332 332.8 337 328.3 322.6 318.5 302 297.3 288 279.1 270.7 263.3 254.5 250.2 249 240.7 236.1 234.9 232.4 231.5 229.6 229.5 228.3 224.6 218.7 211.9 208.2 205 201.1 193.1 183.4 168.9 160.3 147.6 138.2 129.6 110.7 119.6 120.8 120.3 116.4 112 105.1 98.4 95.1 111.4 122.4 138.7 149.9 159.6 164.9 171.1 173.6 170.4 168.4 167.3 164.7 162 159.9 158.5
322.1 327.3 328.4 331.1 334.8 332.8 328.6 325.7 327.3 332.2 337.5 348.6 357.6 360.1 363.3 371.5 383.7 385.9 376.9 373 366.8 354.8 333.9 332.8 331.7 335 329.6 323.2 316.7 303.2 298.3 290.4 280.2 273.8 264.6 254 248.6 241.9 237.8 234.6 232.2 230.3 228.8 225.2 222.7 220.9 217.4 211.9 206.8 203 197.4 193.7 185.9 171 159.8 146.4 130.1 122.3 124.7 130 131.6 131.6 131.5 126.4 121 116 110.1 106.3 90.3 114.6 129.8 142.4 154.3 160.5 172.2 176.6 172.3 168.3 164.5 162.4 161.3 159.6 156.1
308.5 312.5 311.1 313.8 329.3 325.9 315.3 312.3 316.9 324.3 324.2 330.1 339.6 349.4 356.8 365.1 367.5 371.5 369.4 366.4 357.4 351.1 334.8 331.1 331 331 327.8 321.6 312.2 303.1 296.6 290 280.9 271 265.2 254.4 247.9 239.8 233.6 232.3 230.6 228.7 228.2 224 216.8 214.2 207.5 204 200 196.2 192.8 186.5 178.8 163.5 150.4 131.3 129.6 137.1 141.9 142 141.2 142.5 139.8 134.5 130 124.3 118.3 111.1 98.6 105 118.9 133.2 146.6 157.5 163.5 172.8 172.4 167.6 163.4 161.3 159.8 158 155.3
300.6 301.8 296.3 296.2 299.6 298.7 297.2 299.3 298.8 307 308.7 317 326.9 336.2 349.7 356.1 361.6 363.3 365.5 357.6 348.7 345 328.5 326.3 332.3 345.7 333.9 319.1 306.9 299.8 293.7 288.7 281.6 269.5 266.1 256 245.8 238.9 234.2 230 227.6 226.6 225.7 219.1 211.6 204.4 201.6 196.2 194 188.5 185.3 179 166.2 153.5 135.9 125.8 141.4 148.4 150.6 150.6 151.4 150.1 147.2 141.3 135.8 130.8 123.9 116.3 102.7 94.9 112.6 123.5 137.8 149 156.5 161.1 160.2 160.7 160.1 159.1 157.7 155.8 152.1
289.5 289.5 290.1 289.8 290.7 286.6 283.8 282 282.4 288.6 293 298.7 311.5 329.3 337.8 349 353.7 356.2 352.5 347.9 342.7 339.5 325 323.2 335.7 335.5 322.7 313.7 301.1 296.3 291.9 288.3 281.6 268.9 264.1 255.4 244 237.5 233.6 229.7 226.8 223.4 221.2 212.9 206.5 201.9 193.4 193.2 188.7 182 179.6 166.6 155.6 139.4 128.2 139.9 151.5 157.8 158.8 159 158.2 156.4 153 147.8 141.8 135.3 126.9 120.5 108.6 88.2 102.6 114.3 125.1 137.7 144.6 147.2 152.1 157 156.3 155.1 148.4 146.7 146.6
282.6 285.7 285.5 286.4 284.5 279.7 275.8 275.8 275.8 279.9 279.1 281.5 296.6 309.3 327.9 337.4 340 341.9 340.1 340.7 336.9 326.2 324.5 326.4 331.3 321.6 314.1 307 296.2 291.8 288.9 284.8 275.9 266.1 261 254.9 241.1 233.1 231.5 227.6 223.3 218.6 214.2 207.3 200.1 194.6 191.2 188.6 182.6 174.6 167.4 157.7 141.6 130.1 141.2 154.3 161 165.9 166.2 166.4 164.7 163 159.4 154.5 148.1 139.7 131.3 122.1 111.9 93.8 90.9 104 113.6 122.3 129.5 135.8 141.1 146 144.8 143.6 144.5 143.3 143.1
276.6 279.7 282.9 280.5 281.3 275.8 275.8 275.8 275.8 275.8 275.8 275.8 286.1 293.6 307.3 319.6 329.5 331 333.9 330.9 321.4 317.7 316.5 322.8 325.9 317.6 307.5 297.6 292.5 290.2 285.6 279.2 272.7 261.6 256.2 248.1 237.8 229.4 229.3 225.4 217.9 211.1 206.3 200.5 196.8 191.2 186.5 183.3 177.4 169.6 159.2 142.4 130.9 146.4 157.1 165.1 170.9 173.2 174.3 173.7 171.9 170.1 166.4 160.5 153.7 144.6 135.5 125.2 114.1 99.7 85.4 90.9 104.4 112.7 119.2 124.7 129.8 135.7 135.6 136.4 137 139.3 140.2
269.7 273.4 279.7 279.3 275.8 275.8 275.8 275.8 275.8 275.8 275.8 275.8 275.8 286.6 292.2 300.9 308.2 319.2 316.6 313.6 300.7 304.2 314 323.7 329.5 313.2 300.9 290.4 289.3 286.2 281.7 271.4 261.8 256.2 247.5 241.5 232.9 224.7 222.6 218.2 210.3 204.9 198.8 194.9 190.3 185.5 181 177.1 170 162.2 149.1 133.4 148.7 161.6 169.9 175.2 177.8 180.3 181.1 180.6 178.6 176.4 172.8 167.1 158.6 149.5 138.7 129 117.6 105.7 95.6 81 89.6 101.5 109.3 114.2 118.6 124.5 125 127.1 128.2 132.8 134.7
268.8 274.4 275.1 278.3 280.6 279.9 280.8 280 275.8 279.5 276.1 275.8 275.8 278.8 281.3 284.8 294.6 296.4 300 298.2 287.3 298.9 314.7 314.4 308.3 296.7 293.9 285.4 281.1 277.7 268.8 260.9 252.2 246.7 243.3 233.9 228.3 220.3 217.8 209.8 202.6 195.9 190.5 183 181.2 179.8 175.3 168.7 161.2 151.7 139 142.9 163.9 172.2 177.9 181.8 184.1 186.2 186.9 186.9 184.9 181.3 176.6 172.3 161.3 155 145.2 133.7 121.9 108.2 97.7 87.3 77.7 88.9 97.9 104.2 109.1 114.5 116.3 118.2 120.6 124.3 127
270.6 275.9 284.3 286.5 286.6 294.9 292.2 288.1 285.5 283.4 282.2 282 279.1 279.1 280.5 278 277.7 279.9 282 282.4 289.7 302.1 302.4 293.4 290.8 289.6 287.1 279.8 271.3 264.6 258 254.2 247.7 243.9 240 229.2 224.9 215.5 212.5 203.8 195 188.7 184.4 176.8 176.4 172.1 164.2 156.1 148.4 140 141.8 158.6 170.6 179.1 185.5 187.7 189.5 191.2 191.3 191.9 190.5 187.8 182 175.3 168.8 160.4 147.5 138 125.2 113.9 103.4 93.4 82.5 75.6 87.1 91.5 100.2 103.6 108.6 113.1 116.4 117.5 120.1
275.4 280.6 285.7 291.9 291.5 298.8 302.2 296.4 292.7 293 289.5 284.8 283.2 280.9 281.8 277.1 274.6 276.4 277.5 280.9 287.8 292.4 290.3 287.1 285 284.1 280.2 267.5 258.2 254 252.8 246.8 245.6 241.4 231.9 223.7 220.1 207 201.9 194.1 186.9 180.5 174.5 163.4 164.4 158.2 152.2 143.4 142.9 147.8 161.1 170.9 178.7 184.5 190.8 194.2 196.8 195 195.2 196 196.7 191.1 189.5 184.6 175.2 166.7 155.6 143.4 132.3 118.2 105.8 95.8 87.1 72.2 80.1 85.7 90 92.8 104.2 109.2 111.6 113.3 112.5
279 289.4 292.4 298.3 302 302 307.6 308.6 304.5 301.1 295.7 291.3 287.9 284.7 282.3 277.5 272.7 274.7 275 275.7 277.1 278.1 279.4 279.9 277.7 273.2 265.7 256.7 253.3 246.2 244.8 240 241.6 238 224.7 217.7 209.5 197.1 194.8 186.7 180.7 172.6 166.9 157.7 151.2 147.9 144.8 151.4 156.3 163.7 175.3 180.9 186.7 191.4 195.5 197.7 202.1 203 200.7 201.6 199.3 198.1 195 190.3 182.7 173.3 160.7 144.1 135.8 121.9 110.8 98 90.3 82.5 68.7 78.1 81.9 89.3 95.6 100.8 104.8 107.4 107.7
281.2 290.9 296.6 298.8 306.6 311.6 314 315.3 316.1 313.1 312 304.7 298.2 291.3 285 280.1 274.6 270.5 271.4 271.4 272.1 265.6 263.9 262 264.7 260.3 252.8 250.3 240.8 236.3 232.5 230.8 237.1 225.8 216.5 204.4 195.9 190.9 185.4 180.6 175 166 160.4 156.9 150.4 148.8 153.2 158.4 167.1 175.4 183.3 190.4 194.7 197.5 200.9 204.2 203.3 207.8 209.5 209.6 206.3 204.4 202 196.4 189.3 181.2 162.9 150.6 137.7 126.3 113 100.9 92.7 84.1 73.6 66.9 77.1 83.7 90.9 95.9 98.3 101.3 101.7
280.6 291.8 302.8 306.6 311.9 316.9 324.4 321.9 320.2 320.8 326.1 318.2 311 305.8 298.2 288.9 281.3 270.7 264.9 266.3 267.1 262.3 255.1 255 249.2 243.3 240.7 237.5 232.6 227.3 224.2 224.8 223.6 214.2 204.1 195.9 189.8 189.7 181.4 176.8 171 163.9 160.3 157.3 147.4 155.3 163.9 168 177.5 185 190.2 196.7 200.2 203.4 207.2 213 215.2 216.2 216.1 216.4 214.2 209.1 207.8 201.7 195.3 183.4 176.7 156.3 142.6 130.4 116.1 103.5 94.4 86.9 75.4 64.4 71.8 78.5 85.2 89.7 94.2 98.2 99.6
282 295.7 304.9 313.5 317.7 328.3 345.4 337.3 329.9 326.8 333.1 332.9 325 315.8 310 301.8 288.4 278 264.9 259 259.8 259.4 254.8 243.8 240.6 234.2 230.1 225.7 222.6 219.6 216.4 214.9 210.1 203.3 195.5 187.2 184.4 183.7 179.8 172.9 166.6 162.8 155.5 149.8 157.2 164.8 172.7 178.5 184.5 190.7 196.1 200.8 206 210.4 217.7 227.2 225.7 224.5 224.8 224.8 220.1 217.2 211.6 206.2 196.7 190.7 179.4 161 147 132.9 117.7 105.7 97.2 88.8 80.7 71.5 61.7 73.5 78.6 85.3 90.5 95.7 94.6
284.9 297.9 307.7 315.9 329 352.6 354.8 351.2 345.1 338.9 334.2 337.7 328.5 321.4 315.7 304.1 291 278.4 268.6 265.6 261.1 246.1 244.4 238.8 236.9 228.2 221.2 216.5 215.1 210.3 205.9 203.7 198.1 190.6 189.5 184.7 180.2 179.9 176.3 171.9 167.2 161.4 153.5 161.7 168.8 171 179.5 185.4 189.8 195.9 202.3 206.5 212.1 220 228.9 233.1 235.2 233.9 235.3 232.4 226.6 222.6 215.7 209.8 200.9 191 176.9 160.6 146.4 135.6 119.4 106.7 100.3 90.4 81.9 72.5 57.5 69.4 73.4 77.9 85.7 89.2 91.3
288 298.1 308.8 317.9 328.9 348.8 356 353.2 350.6 343.2 338.2 334.8 328.2 324.1 316.3 304.7 292.1 280 271.7 267.4 265.8 254.6 242.1 235.1 225.7 223.6 216.7 212.1 207.3 201.5 195.7 196.1 191 187.4 184.7 177.5 178.4 177 174 170.5 164.7 154.9 162.1 170.1 177.6 182.5 188.7 194.9 197.7 203.2 210.5 215.3 221.8 227.7 233.7 239.4 243.9 243.7 245.1 240.7 232.3 226.5 218 213.7 206.8 196.3 181.6 163.9 150.4 137.4 124.5 108.7 100.6 93.4 84.9 74.4 63.2 62.8 70 73.5 79.2 84.3 90.1
287 295.6 306.8 313.3 324.4 336.8 343 346.8 346.6 346.4 342.7 333.1 328.2 321.9 314.4 307.1 295.4 280.6 273.3 268 263.3 254.9 246.1 233.1 222.4 217 215.2 209.6 203.4 196.1 190.7 187.4 184.4 181.7 177.3 175.9 177.8 177.2 173.3 168.2 156.2 162.1 169.9 179.2 186.1 191.7 197.1 203.3 208.2 211.9 218.3 223 233.1 235.3 243.2 254.5 257.9 253.9 253.5 248.3 237.5 232.2 227.4 220.8 214 202.1 187.5 165.8 153.3 140.2 127.7 112.2 101.9 94.7 83.4 73.1 63.3 51.1 63.9 70 77.4 80.6 88.6
288.1 294.4 304.7 311.9 323.2 334.1 340.5 345.2 348 350.5 351 337.6 327.2 317.2 312.3 302 294.1 280.5 273.7 268.2 261.1 254.8 246.9 235.9 225.3 216.4 209.4 208.5 203.1 196.4 183.4 179.4 179.4 176.9 176 176.1 177.5 175.8 169.8 160.5 159.7 168.7 177.4 187.6 194.8 203 206.1 208.4 216.1 219.7 224.8 232 239.9 248.5 258.2 269 271.8 269.6 264.8 258.9 248.5 240.3 233.4 227.4 223.7 214.4 191.5 169.4 155.2 143.3 131.3 116.4 102.9 93.2 83.2 74 62.5 53 59.5 64.6 69.7 79.5 85.7
289 294.2 304.9 312 324 334 344.8 346.9 351.2 352.9 354.3 343.4 329.5 318.2 305.4 293.3 288.6 277 269.1 265.8 258.6 251.6 244.5 235.4 224.7 216.3 208.7 201 200.1 192.8 184 175.8 172.6 171.8 172.2 176.1 179.8 177.2 158.5 165.8 169.8 177.9 187 195.3 203.8 210.4 216.1 218.6 224.3 229.9 230.3 240.4 249 258.7 267.9 277.5 282.8 286.5 278.8 266.8 257.7 251.1 240 230.5 229.8 222.9 190.8 170.8 157.6 144.4 131.6 115.8 103.7 92.6 82.8 75.2 63.1 55 55.6 58.3 66.2 75.3 84.1
293.5 297.7 306.5 315.6 325.9 334.2 339.9 349.7 353.9 355.6 354 344 332.8 316.4 303.3 288.3 273.7 268 265.3 259.9 253.5 248 241.2 231.2 222.3 214.7 208.2 201.7 193.9 190.8 182.7 177.3 174.4 171.8 167.9 173.5 176.1 166.2 160.9 169.7 175.8 182.7 194.7 201.4 210.2 218.4 223.5 228.2 232.7 241.2 244.8 251.3 259 267.9 278.8 289.1 293 296.3 292.4 276.9 268.8 255.7 242 233.1 229.2 219.5 190.8 171.4 157.4 144.3 132.2 116.6 105.2 93.4 85.4 76.5 63.1 55.5 44.3 56.9 63.2 71.4 79.6
298.8 304.6 314.1 321.2 329.9 334.6 345.9 350.5 354.8 357.8 355 346.5 331.8 316.9 294.3 279.6 270 259.8 255.2 246.7 248 243.9 234.5 227.8 221.1 213.4 205.9 198.5 192.7 188.3 184.3 180.1 176 173.6 168 166.6 165.1 162.1 165.5 172.8 180.1 189 199.1 208.3 217.4 226.4 232.7 237 239.3 249.5 254.5 258.4 267.4 277.2 290.3 301.9 304.4 304 302.3 292.5 277.7 261.3 246.3 237.3 230.5 216.1 191.5 173.6 157.9 145.6 134.7 119.2 108.1 100.5 88.8 76.3 64.7 55 47.8 51.2 56.8 66.3 75.2
306 312.1 319.2 326.2 331.8 337.3 346.6 351.2 354.1 356.7 356.5 345.3 325.7 311.2 294.6 275.9 267 257.4 248 243.9 240.2 234.9 230.2 226.1 218.2 209.8 202.6 196.1 192.3 187.4 184.4 182.3 178.1 174.4 171 165.3 164.1 162.7 167.4 175.7 180.4 191.7 202.8 212.6 221.3 231 241 246.2 251.2 257.3 264.8 268.4 276.6 286.8 300.7 309.1 311.4 312.5 306.3 304.7 289.4 272 254.4 242 238.4 213.3 194.1 176.2 159.4 150.5 137.7 123 112.4 102 92.8 80.7 67.3 56.3 49.1 46.2 53.2 61.3 71.2
313.8 319.6 324.6 328.9 334.4 343 346.7 349.1 352.5 352.4 347.5 337.8 319.2 302.9 288.7 274.2 258.7 251.4 247.2 240.3 234.5 229.4 225.9 219.2 214.3 206.9 200.4 196.2 191.2 187.2 184.7 182.3 180.3 175.7 173.1 165.5 169.7 169.5 169.6 176.6 182.3 191 202.6 213.6 224.4 234.4 247.9 254.4 263.4 263.3 273 281.6 287.2 298.9 308.5 313.4 314.4 317.1 316.8 317.9 303.5 280.2 260.9 255.3 243.2 215.9 202 180.8 166.5 154 141.4 129.8 116.6 104.6 96.3 87.9 74.1 60.6 52 39 53.8 60 65.5
