Game/Highland_Data/StreamingAssets/GeoData/Data/ng/NG45.asc
ncols 200
nrows 200
xllcorner 140000
yllcorner 850000
cellsize 50
[rows 140 to 174 of 200, columns 0 to 78 of 200]
-1.9 -1.9 -1.9 -1.9 -1.9 -1.9 -1.9 -1.9 -1.9 -1.9 -1.9 -1.9 -1.9 -1.9 -1.9 -1.9 -1.9 0.8 10.4 13.4 16.2 12.5 15.9 19.6 21.5 25 30.4 31.8 37.7 41.1 42.9 44.1 52.5 57.8 62.7 63.7 68.4 79.8 94.1 105.7 104.5 108.1 110.1 112.9 119.3 125.4 137.2 149.4 160.7 162.4 151.2 144.6 143.6 155.1 159.2 164.1 166.7 171.5 180 188.9 199.6 210.1 231.3 251.5 270 273.2 285.7 295.3 299.4 291.9 297.9 305.1 313.7 320.3 330.1 332.8 333.4 330.3 332.6
5 1.9 -1.9 -1.9 -1.9 -1.9 -1.9 -1.9 -1.9 -1.9 -1.9 -1.9 -1.9 -1.9 -1.9 -1.9 -1.9 -1.9 2.3 10.5 14.3 14.8 14.8 16.9 21.1 23.1 26.5 31.4 34.3 41 42.6 42.7 48.8 59.9 60.5 62.4 66.5 74.3 81.5 93.5 108.7 113 116.5 113.2 118.5 125.6 136.1 157.6 162.2 166.4 149.7 145 141 153.6 159.2 162.1 166.8 172.6 180.9 186.6 192.3 201.4 219.5 240.8 259.3 264.4 275.7 295.9 301 289.1 299 301.3 306.4 313.9 320 323.7 326.4 323 321.8
5 8.1 4.8 -1.9 -1.9 -1.9 -1.9 -1.9 -1.9 -1.9 -1.9 -1.9 -1.9 -1.9 -1.9 -1.9 -1.9 -1.9 0.5 5.4 8.1 13.2 10.2 14.1 19.5 20.6 22.2 29.5 30.7 34.4 37.5 39.6 46.3 54.1 57.3 60.6 65.9 70.7 76.2 85.8 99.6 109.4 114.3 113.4 117 128.9 136.1 154.9 161.9 157.3 145 142.9 139.1 149.9 160.8 160.8 167.5 170.6 175.8 186.6 188.3 196.6 210.2 231.2 246.4 259.7 266 280.2 300.2 292.7 290.3 299.4 302.8 306.4 311.1 318.1 320.8 323.3 310.7
4.7 8.8 9.4 7.1 -1.9 -1.9 -1.9 -1.9 -1.9 -1.9 -1.9 -1.9 -1.9 -1.9 -1.9 -1.9 -1.9 -1.9 -1.9 2.3 6.4 7.9 7.5 8.6 14.2 19 18.8 24.2 27.7 30.7 33.8 37.9 41.6 48.3 53.9 58.5 65.5 73.3 76.1 85.8 92.7 100.5 110.3 116 115.4 126.3 134.7 143.3 154.6 156.3 141.5 144.3 138.7 141.7 154.5 159.9 164 168.6 173.2 176.1 183.1 191.9 201.5 217.1 234 246.7 258 268.9 282.7 287.2 275.5 288 298.1 300.9 298.4 300.1 306.1 305.7 298.5
3 9.4 11.5 8.2 3.4 -1.9 -1.9 -1.9 -1.9 -1.9 -1.9 -1.9 -1.9 -1.9 -1.9 -1.9 -1.9 -1.9 -1.9 1.2 5.7 6 6 6.4 9.2 14.1 16.1 17.4 27.1 29.2 30.5 35.2 40.8 43.8 50.4 55.2 63.2 71.1 75.3 87.5 90.3 96.2 105.2 113.3 114.6 119.8 129.1 136.9 155.8 154.7 140.5 137.1 140.1 136.9 150.3 160.1 161.2 164.5 169.7 173.9 181.3 189.4 196 206.5 226.3 243.2 247.9 258.6 268.2 275.3 268.8 275.5 284.7 287.7 287.6 288.4 292.3 292.4 284.5
5.1 8.4 11.2 9.8 7.4 3 -1.9 -1.9 -1.9 -1.9 -1.9 -1.9 -1.9 -1.9 -1.9 -1.9 -1.9 -1.9 -1.9 -1.9 3.2 3.9 5.1 5.9 5.7 10.3 12.8 14.4 19 28.6 28.4 33.2 37.1 39.7 48.8 50.8 61.6 67.7 72.3 78.3 85.9 96.2 102.3 109 114.9 114.1 124.7 134.6 141.1 144.8 139.3 135.6 141.7 136.2 142.9 157.1 160 164.1 169.2 170.4 174.3 183.7 191 199.4 214 228.1 238.9 247 259.4 269.5 267.9 264.2 275 277.4 280.9 280.5 278.9 274.7 267.3
2.6 7.3 9.5 11.3 9.4 6.4 -1.9 -1.9 -1.9 -1.9 -1.9 -1.9 -1.9 -1.9 -1.9 -1.9 -1.9 -1.9 -1.9 -1.9 -1.9 1.4 2.4 3 2.6 6 11.1 12.2 15.1 23.4 25.7 27.1 30.3 36.4 43.4 50.2 55.4 62.6 68.3 77.7 83.4 91.7 99.1 102.9 108.6 114.8 118.8 129.4 134.6 139 137.1 134.1 144.2 139.7 136.1 143.9 149.6 158.6 165.1 165.5 170.3 179.2 187 195.3 203.5 216.6 228.8 240.5 250.9 259.4 261 251.4 256 260.9 268 268.2 261.2 261 251
2.9 7.8 9.8 11.4 12.2 8 -1.9 -1.9 -1.9 -1.9 -1.9 -1.9 -1.9 -1.9 -1.9 -1.9 -1.9 -1.9 -1.9 -1.9 -1.9 -1.9 0.1 1.3 1.7 2.1 6.8 9.3 11.7 15.8 22.7 22.7 25.1 31.9 33.2 46.6 53.8 61 67.4 75.2 89.4 94.3 98.7 103.8 110.2 114.8 117.8 126.3 134.2 136.5 134.6 130.6 141.5 140 129.7 135 141.8 149.4 159.5 163.5 167.9 172.7 180.6 188.1 196.8 207.5 220.2 232.9 242.9 249.4 251 247.1 245.5 252.5 255.3 254.4 248.2 242.5 235
3.8 8.2 10.1 10.5 10.5 7.6 -1.9 -1.9 -1.9 -1.9 -1.9 -1.9 -1.9 -1.9 -1.9 -1.9 -1.9 -1.9 -1.9 -1.9 -1.9 -1.9 -1.9 0.2 0.5 1.2 1.9 2.6 8.8 10.9 16 19.6 22 25.1 28.7 41.6 53.1 60.4 64.6 72.4 79.1 90.3 97.7 106.6 112.9 120 117.8 127.8 126.7 133.9 132.1 130.8 125.9 129.6 122.7 131.8 137.3 142.4 149.2 159 166.6 169.5 177 183.4 191.1 198.5 213.1 225.4 232.8 238.6 243.2 239.6 226 235.4 239.7 241 235.5 227 222.2
2.6 8.3 12.7 13.5 11.7 8.6 -1.9 -1.9 -1.9 -1.9 -1.9 -1.9 -1.9 -1.9 -1.9 -1.9 -1.9 -1.9 -1.9 -1.9 -1.9 -1.9 -1.9 -1.1 -0.5 0.3 1 1.9 7.7 7.4 9.2 14.6 17 21.4 24.3 32.9 43.5 51.8 59.8 68.1 74.7 84.9 94.5 105.8 115.1 117.9 120 117.6 123.1 128.7 130.1 128 126.9 124.2 120.7 126.5 132.8 138.6 146.6 152.5 162.6 169.4 171.6 179.7 183.8 191.8 199.5 214.1 221.7 225.5 227.6 225.2 221 217.4 218 218.8 221.2 214.3 211.3
4.8 8.5 11 15.3 12.9 9.2 4.5 -1.9 -1.9 -1.9 -1.9 -1.9 -1.9 -1.9 -1.9 -1.9 -1.9 -1.9 -1.9 -1.9 -1.9 -1.9 -1.9 -1.9 -1.3 -0.5 0.1 1 2.1 3.4 5.6 7.5 14.5 18.5 20.5 27 37.3 47.8 55.3 63.8 70.7 78.6 84.1 92.6 104.8 112.2 121.6 117 122.1 121.2 126.1 125.6 125 118.5 119 122 129.7 134.7 142.8 149.4 160.1 169 171.3 175 181.9 187 194 203.8 208.8 213.5 212 213 210.4 203.6 206.1 205.6 206.2 207.8 201.4
2.6 10.3 12.3 15.2 14.5 11.7 3.7 -1.9 -1.9 -1.9 -1.9 -1.9 -1.9 -1.9 -1.9 -1.9 -1.9 -1.9 -1.9 -1.9 -1.9 -1.9 -1.9 -1.9 -1.9 -1.9 -1 -0.1 0.6 1.5 2.6 3.8 9.3 13.4 18 21.7 32.9 45.8 50.1 58 65.7 75.6 77.6 82.8 102.2 108.8 124.2 124.9 118.7 117.1 119.8 123 121.6 115.8 117 122.9 125.9 133.3 140.3 145.4 156.3 166.6 172.6 173.2 176 181.8 189.1 199.8 201.3 202.9 204.7 204.8 200.2 197.3 199.7 201.8 202.7 196.6 190.1
2.6 8 13.6 16.1 17.8 10.7 5.4 -1.9 -1.9 -1.9 -1.9 -1.9 -1.9 -1.9 -1.9 -1.9 -1.9 -1.9 -1.9 -1.9 -1.9 -1.9 -1.9 -1.9 -1.9 -1.9 -1.9 -1.9 -1.9 0.1 1.1 1.9 5.3 9.7 13.5 17.2 26.9 39.8 46.3 52.9 60.3 69.6 73.1 79.7 91.5 105.4 116.2 127.8 124.1 116.8 118.4 119.8 119.9 117.1 113.4 120.5 125.7 130.6 139.7 143.2 147.1 156.4 166 166.7 168.7 174.7 182.9 190.7 197.1 200.1 203.1 196 190.5 189.2 189.1 188.2 185.9 182 175.4
3.5 8.5 13.4 16.9 18.4 14.8 6.5 -1.9 -1.9 -1.9 -1.9 -1.9 -1.9 -1.9 -1.9 -1.9 -1.9 -1.9 -1.9 -1.9 -1.9 -1.9 2.4 0.5 -1.9 -1.9 -1.9 -1.9 -1.9 -1.9 -0.6 0.4 2.1 5.2 9.6 13.6 22.8 32.2 42.9 48.6 52.9 61.6 69.7 75.1 86.1 102.1 110 120.8 133.8 117.2 115.7 115.7 118.3 117.8 112.4 114.8 117.6 124.7 135.8 142.1 145.4 150.1 157.5 168 167.4 170 177.1 184.3 192.8 199 192.3 190.8 183.9 179.4 171.3 174.7 170.5 163.3 160.5
6.8 8.1 12.3 15.6 18.4 20.5 6.8 -1.9 -1.9 -1.9 -1.9 -1.9 -1.9 -1.9 -1.9 -1.9 -1.9 -1.9 -1.9 -1.9 16.2 5.8 6.5 11.6 1.9 -1.9 -1.9 -1.9 -1.9 -1.9 -1.9 -1.9 0.5 1.8 3.9 9.9 18.7 27.5 37.7 45.3 51.3 55.9 65 73.6 81.1 92.8 104.1 111.7 120.3 119.5 116.7 114.6 115.8 116.4 113.9 108.7 111.8 115.8 126.3 139.8 143.8 143.9 150.5 156.9 159 162.9 171.9 179.1 181.9 183.9 182.9 182.1 174.7 169.3 164.8 161.3 153.3 151.1 149.2
6.9 9.3 10.9 15.4 17.9 21.2 10.1 -1.9 -1.9 -1.9 -1.9 -1.9 -1.9 -1.9 -1.9 -1.9 -1.9 -1.9 14.9 18.5 23.4 21.5 10.7 10.9 13.1 1.8 -1.9 -1.9 -1.9 -1.9 -1.9 -1.9 -1.9 -0.1 1.6 6.4 11.7 24.1 33.1 42 48.1 53.4 60.3 68.1 77 85.2 97.4 109.6 114.5 116.9 117 114 113.7 116.2 115.4 109.1 108 113 116.8 125.9 131.9 136.9 145.1 147.8 151.8 155.5 162.4 171.6 172.6 174.3 174 168.9 164.6 163.6 158.3 143.9 146.1 144.3 140.5
6.9 9.8 12.5 15.7 16.2 20.2 11.7 -1.9 -1.9 -1.9 -1.9 -1.9 -1.9 -1.9 -1.9 -1.9 -1.9 8.3 16.8 21.1 25.4 29.3 23.5 12.3 13.1 4.9 0.7 -0.6 -1.1 -1.9 -1.9 -1.9 -1.9 -1.9 -0.2 2.2 5.4 17.1 26.4 35.4 42.5 50.5 59.5 68.5 73.6 77.7 86.8 105 108.5 112 112.4 112.9 111.4 119 117.2 119.2 107.4 107.4 112.1 116.9 122.9 127 134.3 145.3 144.8 147.6 152.7 160.3 162.4 165.7 163 158.5 155.9 150.2 141.6 135 139 136.4 132
7.2 9.4 14.3 17.3 15.2 15.9 11.8 3.5 -1.9 -1.9 -1.9 -1.9 -1.9 -1.9 -1.9 -1.9 -1.9 10.5 18.3 25.6 28.3 33.9 33.7 26.8 14.4 8.1 1.9 0.7 0.1 -0.5 -1.2 -1.9 -1.9 -1.9 -1.9 -1.9 2.7 10.3 18.9 29.1 39 46.5 58.7 64.4 70.6 74.4 82.3 92.5 99.1 105.2 110.3 108.6 107.2 111.4 114.4 116.5 115.4 104.4 105.6 109.5 114.7 119 125.7 130.1 137.3 140.8 144.2 149 152.2 153.6 153.9 149.2 144.9 136.4 136 133.3 130.3 127.2 120.7
8.1 11.2 14.7 17.3 14.5 14.8 10.6 4 -1.9 -1.9 -1.9 -1.9 -1.9 -1.9 -1.9 -1.9 -1.9 10.2 17.7 31.3 35.4 37.2 40 39.4 27.2 13.7 4.4 2 1.2 0.4 -0.5 -1.9 -1.9 -1.9 -1.9 -1.9 -1.9 3.5 11.6 22.1 32.5 41.9 53.8 60.4 67.7 74 74.9 85 90.7 98.7 105.4 106 102 107 112.5 111.4 110.2 104.1 102.1 104.5 109.2 114.4 121.5 127.5 132.7 137.1 139.5 142.3 143.6 145.3 143.9 137.5 132.4 132.4 130.1 127.2 120.4 117.5 110
14 15.1 15.5 15.8 16.4 14.9 12.1 4.1 -1.9 -1.9 -1.9 -1.9 -1.9 -1.9 -1.9 -1.9 1.9 9.1 17.4 34 41 42.6 44.2 49.4 44.1 23.5 13.4 5.9 2 1.1 0.1 -0.9 -1.9 -1.9 -1.9 -1.9 -1.9 1 7.4 15.3 24.3 34.4 49.9 51.7 56.7 64 69.8 76.5 85.4 91.2 103.1 103.3 97.9 97.9 105.9 110.2 107.2 102.5 99.8 101.5 104.4 109.1 113.7 121 129.4 134.5 136.7 138.3 138.5 139.7 130.5 129 127.9 127.8 127.5 126 113.5 106.2 100.7
19.1 15.5 16.3 16 14 16.6 8.3 3.9 -1.9 -1.9 -1.9 -1.9 -1.9 -1.9 -1.9 -1.9 2.4 9.1 17.2 32.6 44.1 48.8 47.8 53.8 54.6 45 22.2 11.6 2.5 1.6 0.7 -0.3 -1.9 -1.9 -1.9 -1.9 -1.9 -1.9 3.5 10.3 14.9 24.8 37.5 48.3 50.8 54 58.7 69.4 81 87.5 96.1 100 97 91.2 97.6 100.9 103 103.4 98.3 99.8 98.8 102.4 108 111.5 116.4 122.2 125.7 127.3 128.5 127.6 125.6 125.3 126.6 128 129.7 123.5 107.4 99 113.3
9.1 13.9 13.5 13.4 13.6 14.4 8.6 3.4 -1.9 -1.9 -1.9 -1.9 -1.9 -1.9 -1.9 -1.9 2.5 10 17.4 28.8 44.3 60.7 51.2 52.6 60.7 57.2 45.7 20.6 8 2.3 1.3 -0.4 -1.9 -1.9 -1.9 -1.9 -1.9 -1.9 1.3 5.1 11.1 18.8 27.1 39 46.2 49.7 53.7 60.1 67.9 82.8 91.1 98.5 96.4 89.5 89.6 92.5 96.5 99.5 99.3 96.4 94 97.8 101.8 105.9 109 111.9 115.9 119.2 117.1 119.6 119.8 122.4 126.6 128.2 129.7 123.1 101.6 100.9 111.5
6.4 13.1 12.2 13.7 13.2 13.5 8.1 2.7 -1.9 -1.9 -1.9 -1.9 -1.9 -1.9 -1.9 -1.9 3.6 11.4 17.4 28.7 41.3 66.9 57.6 53 59.7 63.8 59.1 35.7 20.4 11.5 1.8 -0.2 -1.9 -1.9 -1.9 -1.9 -1.9 -1.9 -1.9 3.4 5.8 12.1 20.5 28.7 37.5 45.8 50.1 54.3 60.9 73.3 85.7 94.6 90.7 87.5 84.5 85.7 91.4 94.9 98.2 98.1 94.9 88.5 97.4 100.8 103.8 106.4 108.9 110 107.7 111.4 111.4 115 118.5 119.8 120.6 121 100.1 93.9 107.8
7.3 7.3 8.8 10.3 11.5 13.6 8.1 -1.9 -1.9 -1.9 -1.9 -1.9 -1.9 -1.9 -1.9 -1.9 3.7 15 20.1 31.3 40.3 56.7 63.5 53.9 58.9 67.4 65.3 52.2 27 19.1 4.3 0.8 -1.9 -1.9 -1.9 -1.9 -1.9 -1.1 -1.9 -1.9 3.7 8.4 15 22.7 29.3 39 46.8 51.6 54.3 63.2 73.8 83.3 82.4 80.8 84.2 82.7 84.4 89.4 93.3 98.6 96.5 93.9 85.7 94.9 98 99.9 100 103.4 101.4 103.8 102.3 104.3 105.9 107 108.6 109.2 105.3 93.6 107.2
9.1 9 9 7.9 8.1 9.2 6.5 -1.9 -1.9 -1.9 -1.9 -1.9 -1.9 -1.9 -1.9 0 3.7 12.6 21.1 34.2 41 47.4 58.3 56.4 58.6 67.1 68.9 65.2 50.6 27.8 14.3 2.6 -1.9 -1.9 -1.9 -1.9 1.7 1.5 1 -1.9 2.6 3.7 10.3 15.8 24.8 32.7 41.5 50.6 54.4 57.7 62.2 67.5 71.4 76.1 80 81.5 79.8 82.5 88.3 92.3 94.7 94.6 74 88.4 91.2 92.5 92.6 94.7 94.2 93.5 92.9 93.4 93.3 94.2 96 95.2 94.8 97.7 103.4
11.1 10.3 10.1 7.9 8 6.7 3.2 0.3 -1.9 -1.9 -1.9 -1.9 -1.9 -1.9 -1.9 0.1 3.1 11.4 20.3 31.9 38.2 46.5 51.3 56 57.6 66.6 75.4 73 60.9 45.4 27.4 13.3 2.3 -1.9 -0.9 -1.9 2.6 2.9 3.2 -1.9 2.6 3 9.8 10.9 17.9 25.1 34 43.1 50.3 53.3 55.4 57.6 62.2 67.9 73 75.3 75.2 79.3 82.5 89.5 91.7 92.6 77.1 81.8 84.9 86.5 85.6 86.7 87.3 83.5 85.2 85 86.5 87.1 77.8 86.2 93.8 97.8 100.7
15.9 13.3 15.7 10.3 7.6 5.5 2.1 -0.3 -1.9 -1.9 -1.9 -1.9 -1.9 -1.9 -1.9 -0.3 3.3 13.1 21.2 29.6 35.4 43.8 53.2 61.6 57.9 62.9 76.7 83.9 67.6 52.3 37 22.6 11.2 -1.9 -1.9 -1.9 2.1 2.8 3.4 3.2 2.9 4.6 5.7 7.7 11.8 20.7 28.5 36.1 43.6 47.2 46.6 49.4 53.7 57.2 63.4 66.6 69.6 74.8 76.5 82.7 88.8 88.5 82.2 70.4 79.3 80.9 79.1 79.6 80.6 79.3 80.7 80.1 80.5 80.3 83.2 85.8 90.6 94.9 98.4
14.4 14.5 17.9 17 8 5.3 2.6 0.2 -1.9 -1.9 -1.9 -1.9 -1.9 -1.9 -1.9 -1.9 3.5 12.8 24.8 30.8 34.8 40.9 52.9 68.1 60.2 61.3 71.2 87.7 70.9 60.2 45.9 27.4 19.4 8.7 1.8 1.9 2.9 3.2 3.5 4.1 6.3 6.2 7.7 9.1 10.2 15.1 22 29.6 36.9 37.9 40.4 42.5 45.9 51.1 56 59 66.7 71.7 71.1 72.6 77.6 79.4 75.8 57.4 71 74 75.8 75.1 73.7 75.6 75 75.1 75.3 60.1 79.1 81.2 84 88.9 90.4
15 20.2 24.1 27.8 10.7 6.8 4.7 0.5 -1.9 -1.9 -1.9 -1.9 -1.9 -1.9 -1.9 -1.9 3.6 11.7 21.4 33.4 34.9 38.5 50.5 69.8 63.5 61.4 67.3 74.9 74.4 64 49.5 31.6 27.4 18.5 3.7 1.8 4.2 4 4.1 4.8 5.4 7.2 8.3 9.6 10.4 11.3 15.8 24.4 29.3 32 35.2 38.1 40.1 43.8 48.7 52.4 55.8 60.1 62.6 65.6 65.7 67.2 66.7 62.2 63.7 67.1 67.6 67.3 66.4 68.7 68.3 65.5 67 66.5 76.8 75.9 80 81.8 84.2
15.6 20.4 27.9 33.2 22.3 7.5 7.2 2.3 -1.9 -1.9 -1.9 -1.9 -1.9 -1.9 -1.9 -1.9 3 10.7 18.6 30 33.4 36.6 47.7 69.8 73.2 63.1 64.9 67.2 71.6 65.9 54.3 41.4 30.4 23.3 14.3 4 4.6 4.5 4.8 5.2 5.8 7.6 8.8 10.1 11.4 11.9 16.8 18.1 20.2 27 30.3 33.8 36.1 37.1 41.5 48.2 50.1 53.4 56.9 58.7 57.1 58.1 55.6 53.1 45.5 57.3 58.3 60.9 59.9 59.9 59.3 60.5 59.4 63.4 66.7 70.6 71.5 76.2 80.4
15.5 21.7 29.7 28.3 19.2 9.9 9.3 6.3 1.2 -1.9 -1.9 -1.9 -1.9 -1.9 -1.9 -1.9 -1.9 7.8 15.6 28.7 32.4 35.2 44.8 65.4 78.7 72.9 63.6 65.2 67.1 63.8 59.4 48.3 31.8 27.2 21.8 10.5 4.4 5.3 3.9 5.4 5.9 6.1 7.3 9.7 10.9 11.8 15.7 19.1 17.1 20.3 23.2 27.4 28.3 29.2 36.8 38.9 43.2 45.8 46 46 46.9 47.2 46.9 44.7 33.3 39.4 47.9 51.2 53.3 52.9 59.2 62.6 49.2 58.6 61.3 62.4 64.2 68.2 73.6
13.4 25 31.6 26.4 18.9 13.6 11.6 10.5 4.7 -1.9 -1.9 -1.9 -1.9 -1.9 -1.9 -1.9 -1.9 4.3 12.6 21.2 28.3 33.7 40.9 57.1 78.6 82.8 69.6 60.8 62 62.2 60.4 50.4 41 29.7 24.3 16.6 11 6.8 5.8 5.7 6.5 7.4 7.9 8.1 8.9 10.3 13.7 17.3 15 16 17.5 21.3 24 25.3 27 30.5 32.6 35.7 37.2 40 41.1 39.3 32.6 33.5 40.9 37.8 33.3 35.9 46.5 53.1 52 49.8 49.7 55 57.2 58.9 59.1 61.6 66.5
12.5 25.8 34.3 32.5 21.4 15.7 13.1 11.8 8.8 -1.9 -1.9 -1.9 -1.9 -1.9 -1.9 -1.9 -1.9 1.2 9 16.5 25.1 31 37.6 51.9 64.8 73.7 69.1 61 59.9 61.1 59.7 54.4 46 29.2 27.2 20.9 15.8 7.9 6.5 5.7 6.7 7.9 8.4 8.4 9.8 10.4 12.2 12.2 13 14.2 15.1 17.1 19.1 20.7 23.6 26.7 28.8 30.7 33.9 34.4 35.7 36.4 24.2 40.6 43.3 44.1 44.3 44.7 44.9 43.1 41.4 44.7 49.3 52.8 53.1 52.6 53.5 57.9 61.7
14.1 19.5 33.1 34.2 23.5 19.4 17.8 14.6 8.6 1.5 -1.9 -1.9 -1.9 -1.9 -1.9 -1.9 -1.9 -1.9 3.5 12.7 20.1 26.5 32.3 43.7 56.8 63.7 65 58.1 57.5 56.8 56.7 53.8 47.5 35.5 25.4 22.1 18 14.6 5.8 6 6.7 8.3 8.8 9 10 10.8 12.6 12.6 13.4 14.7 15 15.2 17.6 19.4 19.7 20.3 24.7 24.8 21.6 24.3 30 36.1 38.8 42.4 45.3 47.6 49.8 52 55.2 55.9 51 42.2 46.1 47.6 48.6 47.6 48.9 52 57.7
17.7 18.4 26.4 35.4 26.9 22.4 20.8 18.6 13.1 9.3 -1.9 -1.9 -1.9 -1.9 -1.9 -1.9 -1.9 -1.9 -1.9 12.2 15.9 22.2 29.3 39.1 49.8 57.9 60.8 54.4 55.9 55.4 54.4 49.4 46.7 43.6 29.3 24.7 20.5 17.2 12.4 7.8 8.5 9.4 8.9 10.2 10.2 9.3 13.5 12.2 12.8 14 13.3 14.1 14.8 16.5 19.3 22.5 24.2 26.6 32 34.9 41 44.9 47.5 45.3 47.7 50.4 53.1 57.3 61.3 67.4 67.9 64 56.5 53.9 50.8 47.8 47.7 47.3 48.3
