Game/Highland_Data/StreamingAssets/GeoData/Data/ng/NG46.asc
ncols 200
nrows 200
xllcorner 140000
yllcorner 860000
cellsize 50
[rows 0 to 34 of 200, columns 80 to 159 of 200]
461 463.9 466.1 466.7 468.9 470.1 470.3 470.7 470.8 470.5 467.6 463.2 456.5 452.3 434 420.8 408.9 411.4 413.6 335 321.1 303.4 285.7 282.6 290.1 276.2 269.5 259.7 240.4 223 233.3 238.8 225.5 200.5 196 230.9 239.6 254.6 259.9 256.1 234.7 219.8 205.4 191.1 184.4 190.9 175.1 157.3 149.7 142 136.2 136.7 138.5 129 111.5 95.2 86.7 77.1 70.2 56.4 55.2 53.4 23.1 17.2 10.6 8.9 2.1 -1.9 -1.9 -1.9 -1.9 -1.9 -1.9 -1.9 -1.9 -1.9 -1.9 -1.9 -1.9 -1.9
458.8 461.8 464 466.7 470.2 472.4 474.3 476.7 478.8 478.5 477.8 475.3 467.6 462.5 456.7 437.7 426.3 427.1 427.7 349.2 307.3 283.1 292.9 286.8 289.6 279.9 276.3 266.8 261.1 242.5 229.3 242.4 244 238.2 209.5 226.3 248.4 265.5 264.1 269.3 246.2 226.1 214.1 197.2 184.1 180.5 177.5 167.1 147.9 140.4 134 134.9 137.9 133.4 116.9 99.1 87.6 81.1 65.5 63.1 51.7 59.1 24.9 16.4 11.9 13.2 2.1 0 -1.9 -1.9 -1.9 -1.9 -1.9 -1.9 -1.9 -1.9 -1.9 -1.9 -1.9 -1.9
456.7 460.7 463.7 467.7 472.4 475.7 479.7 482.6 485.7 487.8 487.8 485.9 479.4 471 465.1 459.6 449.9 443.7 444.6 354.2 308.4 291.9 310.5 302.4 299.6 291.1 289.3 286.3 277.6 260.6 248.5 237.2 236 244.6 205.3 220.5 257.9 268.5 267.6 269.9 262.3 234.2 215.2 200.7 180.5 172 188.8 157.9 145.5 137.9 133 133.8 135.2 137.2 125.1 102.6 93.3 86.4 75.6 59 56.6 50.6 21.4 18.7 20.9 13.2 1.5 -1.9 -1.9 -1.9 -1.9 -1.9 -1.9 -1.9 -1.9 -1.9 -1.9 -1.9 -1.9 -1.9
456.1 460.9 466.3 469.8 475.1 480 484.6 491.3 494.7 496.6 497.9 497.4 492.1 482.6 474.6 471.2 466.4 460.6 450.8 352.3 320.8 304.3 303.2 305.6 294.8 308.9 306.7 299.8 286.1 282 274.2 255.5 236.9 247.6 213.4 207.6 239.5 260.1 268.7 263.8 264.1 240.1 216.5 200.7 185.7 161.9 153.2 159.8 147 137.4 132.5 134.3 136.2 137 127.5 109.4 100.1 87.6 80.9 63 55.7 51.4 24.7 21.1 22.6 2.6 -1.9 -1.9 -1.9 -1.9 -1.9 -1.9 -1.9 -1.9 -1.9 -1.9 -1.9 -1.9 -1.9 -1.9
456.3 462.1 467.4 472.7 479.9 485 491.7 499 503.9 506.6 507.6 506.1 505 497.3 485.7 479.1 474.7 470.4 452.5 374.8 324.4 305.1 303.5 307.1 319.1 313 316.8 307.9 292.5 279.1 287 275.4 241.7 254.6 224.1 206.9 221.3 254.7 267 260.7 251 238.7 213.6 200.7 186.8 168 164.1 164.1 146.3 133.6 128.2 136.3 135.5 130.4 119.9 110.1 99.9 88.7 75.1 69.9 55.5 60.7 38.5 26.6 14.5 2.4 -1.9 -1.9 -1.9 -1.9 -1.9 -1.9 -1.9 -1.9 -1.9 -1.9 -1.9 -1.9 -1.9 -1.9
458 463.7 469.9 477.1 485 490.9 499.3 505.7 511.1 513.9 515.7 516.4 515.8 512.6 501.2 491.1 483.4 479.7 475 395 332.7 303.8 303 324.7 325.7 319.4 324.5 313.8 300.1 283.3 295.7 289.3 251.5 242.9 234.5 206.9 205.5 240.3 265.7 262.8 244.1 230.7 213.3 197.7 187.6 173.6 164.7 162.6 140.8 129.3 127.5 133.9 131.3 131.3 125.2 113.8 99.1 84.4 74.3 63.8 57 50.3 47.3 32.5 15.9 2 -1.9 -1.9 -1.9 -1.9 -1.9 -1.9 -1.9 -1.9 -1.9 -1.9 -1.9 -1.9 -1.9 -1.9
461.6 467.7 473.5 481.2 488.7 497.1 504.6 511 516.2 519.9 523.1 525.2 525.8 523.7 519.5 507.9 495.5 488.2 485.6 451 356.3 317.3 301.8 308 309.2 320.6 327.4 313.4 300.4 285.1 291.7 286 259.3 233.3 236.5 207.2 206.9 222 254.3 269.5 253.6 231.6 213.1 197.8 187.5 175.4 160.3 155.2 136 126.9 125.2 130.7 129.6 128.4 125.2 123.1 122.8 91.8 75.6 68 50 46.3 43.4 42.2 15.7 2.4 -1.9 -1.9 -1.9 -1.9 -1.9 -1.9 -1.9 -1.9 -1.9 -1.9 -1.9 -1.9 -1.9 -1.9
463.8 469.9 477.1 485.6 494.8 502.2 509.1 515.2 521.5 526.4 530.4 533.1 532.2 531.5 528.3 523.7 514.5 502.1 496.7 487.8 365.5 329.9 306.8 303.3 308.2 318.8 326.8 318.3 305.1 285 275.6 286.1 276.3 241.3 230 225.1 206.9 222.4 240 263.1 258.5 231.5 212.8 192.8 179.5 170.6 153.5 145.3 131.4 122.6 122.8 127.8 128.9 127.5 124 122 124.2 96.4 79.9 72.2 56.8 43.7 42.9 47.4 34.3 6.6 -1.9 -1.9 -1.9 -1.9 -1.9 -1.9 -1.9 -1.9 -1.9 -1.9 -1.9 -1.9 -1.9 -1.9
466.8 474.1 480.9 489.4 498.2 505.5 511.9 519.4 525.2 531.7 536.6 539.7 538.3 536.8 534.1 530.9 525.6 519.4 512.2 459.9 407.3 344 322 304.4 302.9 316.8 324.5 317.5 302.7 291 273 283.6 293.6 253 229.3 226.1 206.9 207.2 239.9 254.1 236.1 213.4 199.7 178.5 163.5 158.6 147.5 142.6 133.7 122.5 122.8 122.9 124.1 122.2 116.1 118.8 106.4 97.3 86.2 78.9 65.6 45.5 43.1 43.1 44.2 21.9 2.7 -1.9 -1.9 -1.9 -1.9 -1.9 -1.9 -1.9 -1.9 -1.9 -1.9 -1.9 -1.9 -1.9
471.4 477.8 485.1 492.9 501.4 508.4 515.9 523.2 529.8 535.7 540.2 542.3 542.3 540.8 538.3 535.1 531.1 526 519.2 504.3 415.1 369.9 336.7 311.3 307.8 316.7 324.2 316.2 296.9 288.4 271.2 266.9 280.9 256.6 224.3 225.1 224.9 218.4 219.9 233.8 229.9 211.8 193.8 176.7 161 150.8 153.9 161.2 147.8 134.4 122.8 121.4 111.1 106.1 106.8 102.7 99.7 95.2 82 81.6 69 60.5 45.7 42.6 44.7 36.7 5.4 0.7 -1.9 -1.9 -1.9 -1.9 -1.9 -1.9 -1.9 -1.9 -1.9 -1.9 -1.9 -1.9
474.7 480.8 488.7 495.9 503.3 510.7 518.5 525.2 532.2 536.5 539.2 540.6 540.7 540.1 538.5 536 533.4 529.9 524.6 482.8 418.5 376.8 353.1 325.3 307.7 312.6 318.3 315.2 293.3 282.3 266.2 256.1 269.9 257.8 225.5 238 246 222.9 208.1 209.9 206.4 198.1 193.7 177.5 163.3 146.7 156.9 154 155.1 153.5 120.7 111.6 105.5 94.7 90.7 90.6 90.5 89.7 79.9 74.6 69.3 66.5 53.9 45.4 43.2 33.8 7.2 0.2 -1.9 -1.9 -1.9 -1.9 -1.9 -1.9 -1.9 -1.9 -1.9 -1.9 -1.9 -1.9
477.9 484.5 492.1 498.8 505 512.2 519.3 525.2 531.1 533.8 535 536.2 536.2 535.9 535.6 534.4 532.9 531.5 528.9 487.6 468.3 395.8 375 333.3 308.4 307.9 313.5 311.6 289.8 274.6 263.3 256.2 275.6 251.9 227.3 238.5 244.2 227.2 202.8 204.8 204 203.9 196.8 168.9 161.7 147.4 124.6 127.6 143.4 143.5 110.9 95.8 90.4 86.1 82.1 79.2 80.4 84.3 83.7 72.1 68.4 66 57.1 46.6 41.5 35.8 13.3 1.6 -1.9 -1.9 -1.9 -1.9 -1.9 -1.9 -1.9 -1.9 -1.9 -1.9 -1.9 -1.9
481.4 486.9 494.7 500.5 507 513.1 518.5 522.7 526.6 528.7 530.3 531.1 531.8 531.6 531.8 531.5 530.9 530.4 529.2 477.8 446.5 452 403.9 336.7 309.3 309 305.8 307.8 295 277.4 263.4 259 250.8 242.1 230.5 233.7 245.2 236.5 209.3 190.6 192.2 190.9 185.3 166.5 162.7 148.2 129.1 116.6 118 118.5 97.5 88.3 80.6 77.9 73.3 72.4 73.7 77.3 78.5 71.8 67.6 66.4 67.7 60.1 39.9 38.9 39 7.9 -1.9 -1.9 -1.9 -1.9 -1.9 -1.9 -1.9 -1.9 -1.9 -1.9 -1.9 -1.9
485.7 491.6 496.5 501.9 508.4 513.2 517.4 520.3 522.5 524.2 525.8 526.4 527.4 527.6 528 528.1 528.4 528.2 527.3 476.1 473.8 462.3 408.1 352.5 320.8 302.4 296.5 299.2 296 282.6 264.8 253.6 237.9 235.4 233.9 235.3 248.6 239.5 205.6 183.6 196.3 176.1 169.6 166.4 156.6 145.9 128.8 124.1 105 105.5 93.7 86.2 78.8 73 70.8 69.4 70.8 72.8 75.7 71.8 69 68 71.6 69.7 50.7 43.2 40.6 5.1 -1.9 -1.9 -1.9 -1.9 -1.9 -1.9 -1.9 -1.9 -1.9 -1.9 -1.9 -1.9
488.7 494.5 498.8 503.4 508.6 512.4 515.5 518.3 519.6 520.6 520.6 521.6 521.4 521.6 521.7 522.7 522.6 522 521.3 465 473.3 468.8 420.7 358.5 323.2 301 293 294.6 315.5 300.6 261.4 244.1 240 241.6 237.7 239.7 252.3 236.8 204.8 174.4 181.4 175.6 166.4 164.7 159.2 145.9 131.6 121.1 106 100.2 90.1 83.1 77.3 71.3 69.3 68.1 69.3 70.1 71.2 72.7 70.9 71.7 73.3 73.8 59.4 31.9 20.3 1.4 -1.9 -1.9 -1.9 -1.9 -1.9 -1.9 -1.9 -1.9 -1.9 -1.9 -1.9 -1.9
491.1 495.9 500 503.8 507.9 510.9 513.8 514.8 514 513.6 513.3 513.3 512 512.1 511.4 511.6 510.8 513.4 514 474.6 444.9 433.1 454.2 372.4 325.6 298.6 291 300.9 314.9 293.2 264.1 236.9 243.7 246.5 240.2 255.4 271 229.6 193.4 166.7 173 171.3 161.9 167.2 164.2 148.1 130.3 113.7 105.7 99.6 90.9 80.3 73.5 69.9 67.5 65.2 66.1 67.2 69.7 72.8 74.2 77.7 77.2 67.1 46.4 23.7 3.8 -1.9 -1.9 -1.9 -1.9 -1.9 -1.9 -1.9 -1.9 -1.9 -1.9 -1.9 -1.9 -1.9
492.7 496.8 500.5 503.4 506.6 509.2 510.1 510.3 508.4 506.3 504.9 502.1 500.6 498.9 499 499.4 500.8 503.2 504.4 482.5 466.1 443.8 414.8 405.1 325.4 293.5 286.9 292 304.8 298.9 263.3 234.5 249.9 248.2 244.2 257.1 273.6 230.4 189.3 164.4 180.9 191.3 156.1 156 156.6 142.2 124.7 110.6 109.5 100.8 91.6 82.1 74.6 75.5 70.9 63 62.4 65.2 70.1 72.8 76.9 72.1 66 58.1 45.5 16.9 -1.9 -1.9 -1.9 -1.9 -1.9 -1.9 -1.9 -1.9 -1.9 -1.9 -1.9 -1.9 -1.9 -1.9
493.3 497.4 500.7 503.5 505.5 505.6 506.2 504.4 501 498.5 494.7 491.3 489.8 488.4 488.1 488.1 489.1 491 494.5 494.1 469.7 414 379.5 412 316 282.5 263.4 284.4 281.9 276.3 254.9 235.8 246.2 245.9 239.4 251.1 272.9 216.9 180.7 161.5 175 172.4 155.6 155.9 150.3 144.5 132.7 119.3 111.3 105.8 95.6 87.5 79.6 80 80.2 66.9 61.9 63 72.3 75.5 73.3 69.5 64.4 58.5 45.1 9.5 -1.9 -1.9 -1.9 -1.9 -1.9 -1.9 -1.9 -1.9 -1.9 -1.9 -1.9 -1.9 -1.9 -1.9
493.5 497.5 501.4 503.7 504.5 502.8 501.6 498.6 494.4 488.7 484.1 479.6 477.3 476.5 475.4 476.4 477.2 479.9 483.8 486.6 462.6 396.8 366.1 337.8 307.3 272.7 252.2 263.8 261.3 253 252.4 236.1 230.7 233.7 231.2 244 242.4 200.5 178.2 159.3 161.5 159 144.4 146.2 146.1 144 139.3 124 111.5 110.3 108.7 100.8 89.4 82.3 81.1 73.8 61.9 62.7 69.6 74.6 73.2 71.5 61.1 52.3 31.9 1.9 -1.9 -1.9 -1.9 -1.9 -1.9 -1.9 -1.9 -1.9 -1.9 -1.9 -1.9 -1.9 -1.9 -1.9
494.2 497.3 500.5 501.4 500.5 500.3 498 493.6 485.9 478.3 470.7 467.9 465.5 464.5 463.9 465.3 466.1 468.8 471.4 388.9 379.3 362.5 343.9 322.1 299.3 272.9 247.3 244.2 245.8 241.8 249.1 234.4 217.8 223.4 228 245.4 224.5 190.5 173.4 160.8 154.1 171.5 153.8 140.4 138.6 137.5 138.2 126.3 115.7 113.5 108.2 108.8 96.5 82.8 78.2 72.5 62.8 61.8 66.7 70.1 68.3 59.5 48 37.9 28 1.8 0.2 -1.9 -1.9 -1.9 -1.9 -1.9 -1.9 -1.9 -1.9 -1.9 -1.9 -1.9 -1.9 -1.9
494.1 496.6 498.6 499.2 497.8 496.7 493 488.8 475.7 462.5 456.7 453.5 452.2 452.5 454.4 441.9 399 403.7 334.1 337.6 332.2 329.6 318.2 323 322.6 276.1 246.4 234.9 234.4 234.3 243.5 236 211.3 214 215.9 220.7 207.9 187.4 173.8 172.9 154.4 160.4 154.5 140.9 141.9 137.4 133.9 128.3 119.9 114.5 117.4 104.2 101.8 87.9 77.3 71.7 66.3 63.5 63.2 62.7 59.1 54.2 47.4 40.3 27.5 2 -1.9 -1.9 -1.9 -1.9 -1.9 -1.9 -1.9 -1.9 -1.9 -1.9 -1.9 -1.9 -1.9 -1.9
493.4 495.1 495 495.5 494.4 492.8 488.7 482.6 470.5 453.2 446.4 441 440 441 438.1 384.6 337.5 318.6 305.6 305.5 305.4 299.8 323.1 323.7 302.5 280.7 255.8 231.2 224.5 226.1 230.6 236.1 201.7 199.6 200.5 200.5 198.1 191.2 181.3 186.2 168.2 157.1 143.3 143.9 144 137 139.3 141.8 133.5 113.3 119.6 109.7 97.3 85.4 75.9 72.6 76 80.4 74.1 62.9 54.2 44.8 39.5 24.3 15.9 1.8 -1.9 -1.9 -1.9 -1.9 -1.9 -1.9 -1.9 -1.9 -1.9 -1.9 -1.9 -1.9 -1.9 -1.9
492.3 491.5 491.2 490.6 490.9 487.6 483 474 463.3 446.9 432.6 425.5 425.8 426.8 346.5 320.1 302.4 297.2 299.1 296.3 288.7 310.4 317.7 302.4 278.7 263.6 245.5 224.8 214.9 215.4 213.1 213.1 194 180.7 186 179.6 195.3 203.4 198.9 200.9 187.4 170.1 146.6 142.1 145.1 142.6 136.3 146.5 143.5 126 120 123.8 113.8 96.2 83.5 72.3 76.9 77.9 65.7 58.9 43.5 35.4 30.2 19.5 13.1 2.2 0.3 -1.9 -1.9 -1.9 -1.9 -1.9 -1.9 -1.9 -1.9 -1.9 -1.9 -1.9 -1.9 -1.9
488.5 486.3 485.5 484.5 483.2 481.3 474.2 463.5 454 440.3 414.3 410.3 410.8 388.7 313.8 305.9 284.5 278.8 280.6 282.6 279.4 279.1 293.1 283.2 260.4 243.5 241.4 231.4 204.7 205.2 204 195.3 186 175.3 175.1 167.3 191.7 207.2 217.2 215.6 219.8 187 156.8 145.3 144.2 149.6 135.6 149 145.4 135.2 120.2 130.2 122.3 110.7 105.3 96.4 87.2 80 66.4 56.4 43.8 34.1 27.2 19.8 15.6 5 -1.5 -0.6 -1.9 -1.9 -1.9 -1.9 -1.9 -1.9 -1.9 -1.9 -1.9 -1.9 -1.9 -1.9
481.4 479.9 478 475.9 475.1 470.2 460.8 453.1 442.2 427.9 407.2 394.9 394.8 328 301.7 294.8 275 265.7 262.5 266.5 252.5 252.6 252.3 244.9 243.2 245.1 235.2 209.6 195.1 195.3 196.3 192.4 177 167.5 166.7 163.1 180.1 212.2 253.5 256.8 237.9 196 161.5 149.6 146.9 151.3 136.1 146.9 147.2 138.5 129.2 134.4 118 114.8 111.2 101.6 91.9 82.9 75.2 59.5 48.5 38.4 30 24.3 17.9 9.2 1.8 0.3 -0.9 -1.9 -1.9 -1.9 -1.9 -1.9 -1.9 -1.9 -1.9 -1.9 -1.9 -1.9
471.5 471.7 468.6 464.7 460.4 453.8 447.5 439.2 425.7 411.4 396.6 336.1 303 292.3 301.2 286.7 268.6 241.4 241.3 234.9 227.6 223.2 233 228.1 217.3 210.5 206.9 195.7 191.5 191.1 189.6 191.6 174.7 165.3 162 161.5 175.7 210.3 254.8 275.5 232.3 195.5 161 146.9 155 155.4 135.4 144.2 147 143 126.6 129.6 112.3 115.4 113.4 99.3 90.6 89.2 78.3 62.7 54.2 46 38 29.9 20.8 14.4 2.6 1.3 0.2 -0.8 -1.9 -1.9 -1.9 -1.9 -1.9 -1.9 -1.9 -1.9 -1.9 -1.9
462.4 460.4 455.6 450.2 443.6 441 431.8 419.5 406.2 393.1 363.8 307.5 278.7 289.7 286.9 266.8 240.2 226.6 219.7 220.5 215.6 215.7 212.1 205.2 204.3 204.1 201.9 197.4 192.5 192.7 195.2 193.6 178.6 168.6 162 161.1 171 200.1 239.1 256.9 232.3 190.1 158.7 155.7 167.9 159.8 144.7 131.5 146.6 139.6 121.7 122 112.3 104.6 96.4 89.1 89.6 90.9 77 65.9 51.3 44.9 42 36.5 25 17.7 8.5 2.4 1.3 0.3 -1.9 -1.9 -1.9 -1.9 -1.9 -1.9 -1.9 -1.9 -1.9 -1.9
450.3 445.3 439.7 434.4 427.1 420.4 410.6 398.2 386.8 359.7 314.4 285.7 260.9 255.6 249.1 235.2 223.9 219 217.1 214.2 213.9 214.3 210.4 206.6 203.2 202.4 200.7 197.7 195.8 196 195.6 197.9 182.9 177.4 169.6 160.7 167.5 193.4 226.2 242.3 222 184.6 159.3 166.8 170.9 159.3 143.9 128.5 142.1 138.6 128.2 115.9 123.7 108.6 98.3 88.4 89 88.5 70.5 61.7 49 38.4 37.9 39.5 28.9 17.8 10.5 6.3 2.5 0.8 -1.9 -1.2 -1.9 -1.9 -1.9 -1.9 -1.9 -1.9 -1.9 -1.9
434.3 428 421.5 415.5 408.4 399.9 387.9 370.1 344.6 311.9 276.7 257 235.9 229.9 222.3 216.5 213.5 215.6 219.2 216.9 208.6 205.5 204.6 203.3 202 201 199.7 199.3 198.3 198.1 194.3 192.9 186.1 178.4 170.6 162.9 163.7 180.3 206.8 223.3 207.5 177.1 161.2 168.6 168.1 156.2 143.1 128.5 141.7 140.9 128.1 112.8 106.9 97.4 91.4 85.9 84.1 74.6 67.5 62.8 53.5 40.7 39.3 36.7 30.2 15.2 11.1 10.4 6.2 4.9 0.2 1.1 0.2 -0.7 -1.9 -1.9 -1.9 -1.9 -1.9 -1.9
415.7 410 401.5 392.8 380.3 374.7 358.2 330.1 289.3 260.7 241.9 234.4 225.3 220.8 214.7 209.2 205.4 208.8 209.8 204.7 204.1 202.2 202.9 203.2 203.7 204.4 204.7 203.7 204.1 200.9 194.5 192.2 194.5 182.5 170.9 160.9 160.4 168.2 187.9 200.5 188.3 166.2 165.5 172.3 169.8 157.4 145.4 126.7 141.3 134.9 111.4 104.5 88.5 88.2 83.3 82.9 76.4 69.7 66.1 60.2 48.3 38 40.9 35 28.5 15.8 11 11.1 9.3 6.9 5.8 2.5 1.6 0.8 0 -1.9 -1.9 -1.9 -1.9 -1.9
397.7 389.1 383.3 371.2 345.8 329.5 303.6 276.2 257.3 237.3 221.4 224.2 222.9 214 209.5 204.7 202 198.8 196.5 198.7 199.8 202.2 206 210.8 213.7 210.5 206.5 205.2 205.3 207.4 195.5 188.3 183.4 179.5 173.4 161.8 159.1 159.3 169.1 174 166.5 164.9 169.1 164.8 163.6 156.7 140.8 121.4 132.5 114.7 104 98.5 84.3 80.3 77 73.6 71.1 64.3 61.3 54.4 45.4 40.3 36.9 33.7 21.8 15.9 11.4 11.1 10.5 9.4 5 5.1 -1.9 -1.9 -0.9 -1.9 -1.7 -0.5 -1.9 -1.9
377.8 368.7 358.4 350.4 332.6 288.9 267 248.4 235.1 222.9 220.4 223.1 227.8 202.7 202.8 196.3 194.3 191.1 190.7 193 197.7 205.2 210.9 212.6 215.2 209.7 207.6 206.4 205.7 205.5 202.1 183.9 177.1 168.7 165.1 164.9 151.6 151.8 152.4 154.7 157 161.7 167.9 160.5 154.2 145.4 132.3 113.8 115.7 101.4 97.9 91.2 82.7 75.3 71.7 69.5 66.5 61.2 54.7 47.9 40.9 38.6 35.4 33.3 20.5 16 12.1 11.5 10.9 7 6.7 10.5 10.5 -1.9 2.6 -1.9 0.8 1 0.4 0
354.4 344.2 331.7 324.6 309.7 270.2 245.3 231.3 218.6 214.5 235.3 238 213.9 195 195.5 189.2 187 185.2 184.4 189.8 197.1 201.1 205.3 206.7 207 208.6 207.1 203.7 201.4 196 194.5 181.4 171.5 158.3 155.7 153.5 152.3 142 143 145.7 147.5 150.6 151.8 151.9 147.3 137.4 120.7 115.2 112.6 103.6 90.5 86.9 82.7 73.5 65.8 62.9 59.9 57.3 54.3 44.8 41.2 38.2 42.4 32.8 23.2 16.2 12.6 11.9 11.1 7.6 10.9 11.2 11.1 11 10.9 6.4 4.2 2.6 2.1 1.8
327.9 319.1 315.5 297.6 281.6 253.1 224.4 215.4 211.4 234 245.2 229.1 198.7 190.5 191.3 185.7 182.6 180.3 176.8 185.1 188.4 189.8 194.4 196.4 197.9 193.5 192.9 190.4 181.3 175.8 171.3 167.3 153.2 152.5 146.6 146.2 144.8 136.6 140 157.2 158.1 161.1 162 164.1 144.9 137.6 119 108.4 105.7 100.9 90 86.6 78.7 72.8 61 58.5 53.7 52 50.8 44.2 44.8 40.7 35 30.2 19.3 15.5 13 13.2 11.1 8.2 10.7 11.3 11.7 11.8 11.5 11.7 11.7 7.9 6.2 5.8
303.5 297.7 287.2 275.8 266.4 232.8 208.2 202.6 203 217.9 214.8 199.8 186.2 181.4 179.9 177.9 171.6 171.5 170.4 174.2 176.8 180.8 186 188.5 186 181.4 174.9 171.6 165.8 162.8 162.3 158.5 149.4 149.9 143.9 140.1 137.6 133.8 132.2 141.7 148.5 159.9 165.4 152.4 130.8 118.8 111 101.2 95 91.7 86.4 90.9 79.5 63.9 60.3 54.2 48.1 48.6 47.7 45.6 44.1 40.5 34 24.3 16.5 14.9 15.8 16.4 10.3 8.3 11.9 12 12.3 12.4 12.2 12.5 12.7 12 12.1 10.7
