Game/Highland_Data/StreamingAssets/GeoData/Data/ng/NG53.asc
ncols 200
nrows 200
xllcorner 150000
yllcorner 830000
cellsize 50
[rows 160 to 199 of 200, columns 90 to 179 of 200]
0.7 1.4 2.6 14 18.6 25.1 35.8 49.5 62.2 68.4 77.8 63.7 52.7 51.2 43.7 31.8 28.2 31.5 30.4 27.9 27.9 25.4 23.7 18.8 17.8 18.9 19.5 13.8 6 -2 -2 -2 -2 -2 -2 -2 -2 -2 -2 -2 -2 -2 -2 -2 -2 -2 -2 -2 -2 -2 -2 -2 -2 -2 -2 -2 -2 -2 -2 -2 -2 -2 -2 -2 -2 -2 -2 -2 -2 -2 2.1 16.8 33.6 51 69.3 83.6 101.4 119.3 123.9 111.8 103.8 97.1 90.8 89.1 89.8 89.8 91.4 95.5 98.9 97.9
2.3 12.7 18.8 25 29.6 41.9 56.7 63.5 73.5 78.1 95.7 86.8 70.1 62 56.3 49.5 39 40.1 43.4 41.7 39.9 36.9 32.5 27.5 26.7 21.8 24.4 20.2 14.7 6.9 -2 -2 -2 -2 -2 -2 -2 -2 -2 -2 -2 -2 -2 -2 -2 -2 -2 -2 -2 -2 -2 -2 -2 -2 -2 -2 -2 -2 -2 -2 -2 -2 -2 -2 -2 -2 -2 -2 -2 -2 4.6 21.2 37.1 53.7 73.6 89.4 107.7 125.7 135.8 130.7 118.7 110 101 99.6 98.9 100 101.2 103.6 108 108.4
14.8 18.9 23.7 36.8 45.4 57 69.6 81.4 87.8 92.8 114 103.5 92.1 81.8 70.3 65.9 50.1 47.9 56.4 51.9 52 49.5 43.9 37.1 32.9 30.5 23.5 27.5 21.9 16 7.8 3.9 -2 -2 -2 -2 -2 -2 -2 -2 -2 -2 -2 -2 -2 -2 -2 -2 -2 -2 -2 -2 -2 -2 -2 -2 -2 -2 -2 -2 -2 -2 -2 -2 -2 -2 -2 -2 -2 -2 14 26.6 40.3 51.7 72.1 92.6 113.5 130.5 145 147 131.8 121.1 113.1 108.3 109.2 111.3 112.3 113.4 115.6 115.4
24.2 25.8 36 43.3 56.2 64.9 78.2 95.9 102.5 108.8 117.5 116.4 107.7 97.5 84.9 84.8 65.6 48.2 65.7 63.4 64.1 60.6 54.7 48.3 41.9 40.5 31.9 31.2 30.3 24.4 17.8 13.1 5.8 -2 -2 -2 -2 -2 -2 -2 -2 -2 -2 -2 -2 -2 -2 -2 -2 -2 -2 -2 -2 -2 -2 -2 -2 -2 -2 -2 -2 -2 -2 -2 -2 -2 -2 -2 -2 -2 16.8 33.7 46.5 60.9 73.1 93.1 113.7 134.3 145.1 150.2 142.7 132.6 125.9 118.7 119.4 120.6 121.4 122.9 123.7 124
27 38.6 44 55.2 66.4 76.4 92 110 114.3 116.1 124.9 124.8 122.1 111 102.6 97.7 85.5 50 75.5 73.6 73.7 70.8 65.2 58.8 51.9 46.7 41.5 40.1 38.6 34.1 26.9 21.2 14.2 4.1 -2 -2 -2 -2 -2 -2 -2 -2 -2 -2 -2 -2 -2 -2 -2 -2 -2 -2 -2 -2 -2 -2 -2 -2 -2 -2 -2 -2 -2 -2 -2 -2 -2 -2 -2 -2 19 36.9 50.8 64.8 81.5 93.1 112.1 132.8 145.3 151 149.5 145.2 139.5 130.9 126.8 127.6 126.4 130.1 135.1 134.8
16.6 27 53.4 69.1 79.1 91.2 101.8 120.6 126.5 132.3 132.2 137.5 135.3 127.5 118.5 100.7 88.5 62.1 86.5 83.8 84.4 82.9 73.9 71.3 62.7 56.6 51.3 48.6 48.8 46.6 37.9 30.7 23 14.3 5 -2 -2 -2 -2 -2 -2 -2 -2 -2 -2 -2 -2 -2 -2 -2 -2 -2 -2 -2 -2 -2 -2 -2 -2 -2 -2 -2 -2 -2 -2 -2 -2 -2 -2 -2 16.9 39.1 53.8 67.9 84.4 100.8 105.5 125.2 141.5 149.8 156.6 158.6 150.9 141.5 135.4 135.5 138.2 135.2 137.2 140.9
16.4 57.5 69.9 84.2 94.1 101 116.2 134.4 141.1 144.4 137.1 148.6 149 141.2 127.8 109 99.5 74 91.1 96.3 96.1 92.9 87.6 89.2 80.6 69.6 62.1 51.9 54.4 55.8 50 42.3 35.1 25.2 15.7 2.7 -2 -2 -2 -2 -2 -2 -2 -2 -2 -2 -2 -2 -2 -2 -2 -2 -2 -2 -2 -2 -2 -2 -2 -2 -2 -2 -2 -2 -2 -2 -2 -2 -2 -2 15.9 38.4 55.8 68.2 84.1 100.9 114 125.1 137.8 149 157.1 160.7 159.6 149.1 140.4 139.8 148 149.5 145.2 145.9
22 66.8 78.1 97.9 109.1 117.5 125.3 139.8 149.9 158.8 153.3 155.9 163.2 154.2 132.5 118.9 105.1 88.2 94.9 105.3 103.2 107.4 104.8 95.2 89.6 77.1 69.4 59.3 61.8 61.7 59.3 51 44.6 37.7 21.3 14.1 -2 -2 -2 -2 -2 -2 -2 -2 -2 -2 -2 -2 -2 -2 -2 -2 -2 -2 -2 -2 -2 -2 -2 -2 -2 -2 -2 -2 -2 -2 -2 -2 -2 1.4 16.1 38.2 53.8 65.8 80.9 100.8 118.4 123.1 137.8 147.7 156.9 161.8 161.8 154.5 150.3 149.9 156.4 158 155.4 154.8
59.1 82.6 90.2 111 117.9 124.5 136.1 154.1 165.6 172.9 171.8 165.9 173.6 163.4 139.7 129.8 113.8 101.1 94.5 126.4 128.2 123.3 122.4 106.5 90 83.1 75.1 63 69 69.1 64.4 57.9 53.1 45.8 26.8 13.1 2.6 -2 -2 -2 -2 -2 -2 -2 -2 -2 -2 -2 -2 -2 -2 -2 -2 -2 -2 -2 -2 -2 -2 -2 -2 -2 -2 -2 -2 -2 -2 -2 -2 2.1 15 35.1 52.6 65.7 78.7 101 115.9 130.2 138.7 149.8 157.5 165.1 168.8 162 162.4 162 163.4 164.3 163.3 158.7
94.2 101.1 98.7 116.3 131.9 139.7 147.6 160.9 174.4 186.3 181.7 176.3 176.5 167.1 150.5 137.7 124.1 121.3 102.3 142.5 146.9 139.6 132.7 122 101.5 93 83.9 70.9 70.6 77.5 70.3 63.2 60 50.5 30.4 11.4 1.3 -2 -2 -2 -2 -2 -2 -2 -2 -2 -2 -2 -2 -2 -2 -2 -2 -2 -2 -2 -2 -2 -2 -2 -2 -2 -2 -2 -2 -2 -2 -2 -2 3 18.4 29.3 49.1 62.7 77.8 100.6 118.5 133.3 136.3 149.7 163.7 170.8 173.3 173.4 169.2 167.8 170.7 169.4 166.5 163.1
110.8 116.5 106.2 123.5 142.6 151.8 156.1 168.1 180.8 192.8 191.2 185.1 183.3 170.3 152.7 140 130 128.5 109.5 137.1 150.8 146.8 136.1 126.3 109.7 97 87.2 78.3 74.4 76 67.9 60.5 53 46.4 29.9 8.8 -2 -2 -2 -2 -2 -2 -2 -2 -2 -2 -2 -2 -2 -2 -2 -2 -2 -2 -2 -2 -2 -2 -2 -2 -2 -2 -2 -2 -2 -2 -2 -2 0.3 4.3 19.9 27.7 44.3 59.7 72.7 99 117.7 137 146.1 152 175.1 185.1 190.2 187.1 182.2 178.1 182.7 175.6 171.7 166.9
112.3 121.7 118.2 124.8 138 148.8 157.9 169.2 182.7 194.7 197 195.3 190.2 169.7 156.4 145.9 139.6 135.6 131.6 122.7 147.2 148.4 140.1 128.4 118.3 102.8 93.7 84.8 80.3 76.5 68.6 60.1 50.6 36.9 19.3 2.4 -2 -2 -2 -2 -2 -2 -2 -2 -2 -2 -2 -2 -2 -2 -2 -2 -2 -2 -2 -2 -2 -2 -2 -2 -2 -2 -2 -2 -2 -2 -2 -2 1.7 6.9 20.9 31.7 42.7 57.2 70.4 88.7 109.1 131.2 146 149.2 179 194.2 201.5 203.1 193.7 188.3 188.3 184.3 180.1 173.9
122.1 129.3 127.4 129.4 137.5 145.8 157.9 168.8 180 195.5 204.7 203.7 195.3 174.5 161.4 157.8 152.3 144.2 140.7 129.7 142.1 147.7 143.5 131.2 120.1 107.5 98.4 90.4 80.5 74.9 65.1 56 44.1 28.1 12.5 -2 -2 -2 -2 -2 -2 -2 -2 -2 -2 -2 -2 -2 -2 -2 -2 -2 -2 -2 -2 -2 -2 -2 -2 -2 -2 -2 -2 -2 -2 -2 -2 0 3.5 10.7 25.8 35.7 43.8 55.1 67 84.2 102.6 125 141.2 149 166.6 188 203 211 204 198.9 198.7 191 189.2 185.6
118.6 128.6 133.5 134.7 142.5 152.3 164.1 176.6 193.1 213 226.4 215 201.4 182 174.4 169.4 163.2 154.2 148 134.2 144.2 149.1 147 139.9 125.2 111.7 105.7 97.2 84.2 71.6 60.7 49.2 36.6 20.3 2.8 -2 -2 -2 -2 -2 -2 -2 -2 -2 -2 -2 -2 -2 -2 -2 -2 -2 -2 -2 -2 -2 -2 -2 -2 -2 -2 -2 -2 -2 -2 -2 -2 1.1 3.3 16.6 28 38.1 47.3 57.5 66.6 82.2 102 120.8 136 149.2 164.3 181.1 193.1 199.3 203.4 205.5 200.3 196.9 196.8 197.5
113.8 124.2 131.8 138.8 150.5 161.4 174.8 189 212.5 228.3 238.6 237.7 227.1 220.9 200.3 185.6 173.2 164.7 161.6 143.8 149.4 150.9 152.3 147.5 136.3 122.2 111.8 103 90.1 68.3 53.1 41.6 28.7 13.1 -2 -2 -2 -2 -2 -2 -2 -2 -2 -2 -2 -2 -2 -2 -2 -2 -2 -2 -2 -2 -2 -2 -2 -2 -2 -2 -2 -2 -2 -2 -2 -2 0.1 2.2 6.6 10.6 27.2 37.9 47.8 59.2 66.7 78.8 95.8 108.6 123.5 137.9 161.1 178.6 189.1 199.8 206.2 209.3 208.5 203.9 200.5 199.6
110.2 123.9 132.7 144.8 161.7 173.7 183.3 197.7 220 233.8 247.6 251.3 242.8 246.4 236.7 222.8 196.6 182.4 170.9 155.8 157.6 162 161 155.7 144.3 124.2 113.9 104.6 84.7 66 50.9 38.2 24.4 7.8 -2 -2 -2 -2 -2 -2 -2 -2 -2 -2 -2 -2 -2 -2 -2 -2 -2 -2 -2 -2 -2 -2 -2 -2 -2 -2 -2 -2 -2 -2 -2 -2 0.1 4.5 15.4 13.6 22.4 31.4 44.9 61.1 69.3 77 87.9 103.9 119.3 133.5 147.6 171.2 185 198.1 205.4 210.4 218.4 211.3 204.5 194.4
116.9 125.1 138 150.6 165.4 176.2 190.2 203.1 222.7 241.3 258.4 272.5 271 262.9 253.3 235.1 211.9 197.8 182 165.5 172.2 175.2 171.4 164.1 150.6 133.2 117.6 102.7 87.1 68.4 51.3 35 19.9 2.4 -2 -2 -2 -2 -2 -2 -2 -2 -2 -2 -2 -2 -2 -2 -2 -2 -2 -2 -2 -2 -2 -2 -2 -2 -2 -2 -2 -2 -2 -2 -2 -2 0.5 8.1 17.7 22 17.1 27.3 41.2 55.9 64.6 73.2 80.6 92.3 112.4 127.8 144.3 160.3 174.3 192.8 203.5 213.6 222.1 214.6 202.6 188.8
123 133.8 143.5 154.4 175.5 183.8 189.4 197.9 217.8 236.1 259 277.1 277 263.1 242.2 228.6 215.6 200 189 176.8 176 180.1 177.9 167.8 155.5 145.3 127.9 106.6 84.6 66.9 51.2 33.9 15.5 -2 -2 -2 -2 -2 -2 -2 -2 -2 -2 -2 -2 -2 -2 -2 -2 -2 -2 -2 -2 -2 -2 -2 -2 -2 -2 -2 -2 -2 -2 -2 -2 -2 0.7 9.8 19.9 25.2 22 27.3 36 47.6 55.8 68.2 78.5 91.1 106.9 121.6 139.5 153.8 160.3 187.7 201.1 208.1 213 209.4 198.8 183.3
123.6 132.5 138.3 156.1 173.2 189.9 193.5 198.8 219 237.5 255.3 260.1 261.1 245.4 240.2 236.4 224.2 206.2 191.7 185.2 183.4 186.9 191 188.1 174.9 152.9 136.5 116.2 87.7 67.5 49.9 34 13.1 -2 -2 -2 -2 -2 -2 -2 -2 -2 -2 -2 -2 -2 -2 -2 -2 -2 -2 -2 -2 -2 -2 -2 -2 -2 -2 -2 -2 -2 -2 -2 -2 -2 1.6 10.4 18.7 26.9 26.9 31.5 41.6 46.1 58.1 70.3 79.1 90 101.9 112.7 129.9 148 156.7 174.8 191.4 199 201.2 192.8 183.7 173.2
123.6 134.2 139.5 155.1 166 180.5 189.2 193 204.6 224.9 239.1 239.9 241.2 244 243.7 242.1 236.6 225.7 216.9 202.2 195.3 197.6 193.5 195.8 181.1 169.6 152.4 141.6 111.6 84.2 56.9 36.3 13.1 -2 -2 -2 -2 -2 -2 -2 -2 -2 -2 -2 -2 -2 -2 -2 -2 -2 -2 -2 -2 -2 -2 -2 -2 -2 -2 -2 -2 -2 -2 -2 -2 -2 3.9 11.6 20 28.7 32.4 28.8 35.4 40.6 55.4 71.5 82.7 91.5 99.1 108.1 122.4 140.6 149.9 165.1 178.4 185.8 185.9 177.4 164.2 156.2
124.8 137.4 146.1 153.8 161.5 174.4 177.2 183.3 192.1 204.6 218.8 227.4 236.1 242.9 254.2 256.1 253.6 246.7 237.1 217.4 212 206.4 193.1 188.6 178.1 169.5 155.7 151.3 132.8 109.1 79.5 46 18.9 -2 -2 -2 -2 -2 -2 -2 -2 -2 -2 -2 -2 -2 -2 -2 -2 -2 -2 -2 -2 -2 -2 -2 -2 -2 -2 -2 -2 -2 -2 -2 -2 -2 5 12.1 19.4 30.6 35.6 33.6 32.4 40.2 50.4 66.2 78.8 90.5 96.5 107 121.1 130.9 142.2 154.8 164.8 173.2 172.2 163 153.2 148.3
119.7 141.7 153.1 153.6 162.9 170.3 171.5 173.9 187.1 198.1 210.9 220 227.7 246.8 256.1 266.2 261.8 257.7 250 240.2 231.2 207 205.7 187.8 177.4 158.8 150.3 137.1 125.3 113.3 101 63.6 34.3 3 -2 -2 -2 -2 -2 -2 -2 -2 -2 -2 -2 -2 -2 -2 -2 -2 -2 -2 -2 -2 -2 -2 -2 -2 -2 -2 -2 -2 -2 -2 -2 1 4.3 11.4 18.7 29.9 39.6 36.2 31.7 39.2 46.8 58.1 68.5 78.7 89.1 101.2 109.2 115.2 127.8 138.5 146.3 155.3 160.6 151.8 143.9 139.5
127.8 146 155.3 158.3 157 159 162.3 173 183.1 188 197.4 212.3 234.6 249.9 258.8 273.6 275.8 268.8 260.1 257.1 243 223.9 204.8 191.5 170.9 156.8 143.2 125 110.5 101.2 92.6 66.5 47 19.9 -2 -2 -2 -2 -2 -2 -2 -2 -2 -2 -2 -2 -2 -2 -2 -2 -2 -2 -2 -2 -2 -2 -2 -2 -2 -2 -2 -2 -2 -2 -2 -2 2.3 9.2 16.8 27.5 35.7 34.2 38.3 39.7 46.1 47 58.6 69.4 79.8 88.1 92.4 97.1 111.9 127.5 140.4 144.1 147.7 142.6 136.5 135.4
131.6 139.2 146.4 150.1 153.9 157.5 166.7 174.5 182.7 193.3 205.2 218.1 242.1 256.5 264.5 271.6 279.2 274.1 271.2 263.7 251.5 233.4 206.8 186.9 168.3 154.7 141.3 124.1 97.7 89.3 83.5 66.7 44.8 25.9 -2 -2 -2 -2 -2 -2 -2 -2 -2 -2 -2 -2 -2 -2 -2 -2 -2 -2 -2 -2 -2 -2 -2 -2 -2 -2 -2 -2 -2 -2 -2 -2 -2 4.2 12 19.1 26.8 32.4 40.7 48.9 57.2 54.9 58.1 68.9 75.3 80.4 87.4 99.7 109.1 115.9 125.8 129.5 134.2 133.4 132.7 132.9
131.8 139.1 141.7 148.2 156 159.4 166 180.4 192.1 196.3 207.5 229.9 249 263.5 270.9 277.4 275.3 282.3 276.3 266.4 251 229.3 202.5 186.2 181.3 159.6 147.3 124.1 103 86.4 71 72.3 49.4 27.3 -2 -2 -2 -2 -2 -2 -2 -2 -2 -2 -2 -2 -2 -2 -2 -2 -2 -2 -2 -2 -2 -2 -2 -2 -2 -2 -2 -2 -2 -2 -2 -2 -2 1.2 6.5 15.5 23.8 31.1 41.6 51.8 60.3 65.3 56.9 61.5 70.2 78.7 87.9 96.8 106.5 106 114.3 121.4 127.1 129.8 130.2 130.1
129.1 134.5 140.4 150.4 158.9 164.5 171.4 183 192.7 198.4 214.7 235.8 254 268.9 277.3 277.3 272.5 274.2 271.7 260.8 245.2 223 203.9 183.2 182.4 159.9 145.3 116.5 100.4 83.9 68.8 53.4 45.6 27.7 -2 -2 -2 -2 -2 -2 -2 -2 -2 -2 -2 -2 -2 -2 -2 -2 -2 -2 -2 -2 -2 -2 -2 -2 -2 -2 -2 -2 -2 -2 -2 -2 -2 -2 2 10.5 21.1 29.6 40 49.2 57.6 63.7 63.2 66.8 77.2 85.7 86.9 88.6 97.4 101.2 110.3 119.4 122.8 122.3 123.8 126.8
128.9 136.4 140.8 150.3 157 165.1 173.8 182.7 188.9 201.1 221.4 238.1 256.6 264.8 274.1 270.2 272.1 259.8 249.7 240.6 225.8 209.5 181.9 171.8 172.7 148.2 126.1 107.6 91.1 79.1 66.4 49.1 36.5 27.3 -2 -2 -2 -2 -2 -2 -2 -2 -2 -2 -2 -2 -2 -2 -2 -2 -2 -2 -2 -2 -2 -2 -2 -2 -2 -2 -2 -2 -2 -2 -2 -2 -2 -2 -2 3.1 14.7 26.9 36.3 45.5 53.4 59 64 68.3 79.5 89 90.9 92.3 96.6 103 109.8 116.1 118.9 119 119.9 122
127.2 134.1 141.6 147.9 152.8 164 169 178.4 188.5 203.2 222.7 234.5 253.6 260.2 263.4 267.1 264.1 254 238.8 220.7 209.6 195.4 171.1 161.8 155.8 134 109.4 95.5 80.2 68.6 58 43.3 26.4 11.5 -2 -2 -2 -2 -2 -2 -2 -2 -2 -2 -2 -2 -2 -2 -2 -2 -2 -2 -2 -2 -2 -2 -2 -2 -2 -2 -2 -2 -2 -2 -2 -2 -2 -2 -2 1.1 12.6 24.5 32.5 41.2 50 54.6 60.4 68.1 78.9 89.1 92.6 96.1 100.2 108.3 118.6 118.2 117.8 117.9 118.5 122.7
126 131.2 138.6 143.5 148.8 158.9 167.3 177.7 194.6 205.4 218.1 232.7 241.3 246.7 257.1 251.1 252.6 246.1 221.2 201.1 189.8 172 165.8 150.8 138.9 119.9 101.1 84.9 70.5 60 49.1 35.9 21.1 -2 -2 -2 -2 -2 -2 -2 -2 -2 -2 -2 -2 -2 -2 -2 -2 -2 -2 -2 -2 -2 -2 -2 -2 -2 -2 -2 -2 -2 -2 -2 -2 -2 -2 -2 -2 -2 7.8 19.9 28.8 37.5 46.4 54.5 62.4 71.9 81.7 88.9 95.9 103.4 110.9 116.7 119.9 124.7 118.8 117.7 115.8 117
126 128.7 136 144.3 152 159.8 167.1 178.3 187.3 203.8 216 225.6 232.8 237.7 240.1 231.5 230.4 220.3 202 180.1 168.2 159.3 152.8 136.6 115.8 105.7 95.1 77.2 62.8 52.2 40.4 26.9 3.8 -2 -2 -2 -2 -2 -2 -2 -2 -2 -2 -2 -2 -2 -2 -2 -2 -2 -2 -2 -2 -2 -2 -2 -2 -2 -2 -2 -2 -2 -2 -2 -2 -2 -2 -2 -2 -2 8.1 20.2 29.7 38.1 47.3 54.5 61.4 70.3 82.8 90.7 95.9 103.1 113.2 119.9 119.1 119.6 118.9 115.3 117 118.4
129 130.6 136.8 144.8 154.2 163.2 167.8 176.3 182.5 194.6 207.8 215.1 218.6 223.2 218 211.6 206.5 199.7 187.6 163.5 148.3 143.7 131.9 118.4 103.5 92.9 82.3 66.3 51 42.3 26.6 15.7 1 -2 -2 -2 -2 -2 -2 -2 -2 -2 -2 -2 -2 -2 -2 -2 -2 -2 -2 -2 -2 -2 -2 -2 -2 -2 -2 -2 -2 -2 -2 -2 -2 -2 -2 -2 -2 -2 6.1 18.3 26.9 37.3 46 53.3 60.2 68.1 82.6 92.7 97.8 104.1 114.9 117.8 120 120.1 118.3 117.9 120.6 121.2
133.1 133.9 139.8 145.2 151 160.2 164.6 166.3 175.5 185.6 200.5 206.9 213.8 207.6 198 199.3 189.7 183.9 167.2 150.4 133.9 124.2 115.7 102.7 90.6 72.2 66.4 53.2 40.6 27 18.2 3.5 0.7 -2 -2 -2 -2 -2 -2 -2 -2 -2 -2 -2 -2 -2 -2 -2 -2 -2 -2 -2 -2 -2 -2 -2 -2 -2 -2 -2 -2 -2 -2 -2 -2 -2 -2 -2 -2 -2 2.9 15.1 25.9 37 44.9 53.6 61.6 67.5 80.5 96.9 103 108.4 118.4 125.9 128.4 128.1 123.1 126.5 129.7 128
140 139.8 144.2 148.2 153.1 160.7 164 166 172.8 178.9 186.7 191.4 195.5 185.8 178 177.1 164.6 158.1 142.4 129.2 122.7 108.5 93.6 86.8 75.9 63.7 45 38.6 28.5 18.5 10.7 3.9 1.3 0 -1 -2 -2 -2 -2 -2 -2 -2 -2 -2 -2 -2 -2 -2 -2 -2 -2 -2 -2 -2 -2 -2 -2 -2 -2 -2 -2 -2 -2 -2 -2 -2 -2 -2 -2 -2 1.5 11.4 26.4 38.7 45.8 53.3 63.3 69.6 76.1 94.1 104.3 110.5 118 129.8 135.2 139.5 137.1 137.4 143.5 138.4
150.3 148.4 149.4 152.3 158.2 163.6 165.3 166.7 171.9 173.9 180.3 183.6 181.1 174.1 160.5 147.3 132.1 124.6 116.6 106.3 104.8 92.8 79 66.1 58.6 46 36.4 24.2 18 9.5 7 2.7 1.9 0.8 0 -1.2 -2 -2 -2 -2 -2 -2 -2 -2 -2 -2 -2 -2 -2 -2 -2 -2 -2 -2 -2 -2 -2 -2 -2 -2 -2 -2 -2 -2 -2 -2 -2 -2 -2 -2 -0.3 2.5 20.5 36.9 45.1 52 62.8 68.7 72.5 87.1 100.2 107 113.5 123 139.5 150.1 149 149.4 155.3 152.1
158.9 156.3 156.6 157.3 158.9 160.5 161.6 163.1 164.4 171.5 176 169.1 162.3 155.6 135.6 119.7 111.5 103.7 97.5 88.3 82.5 72.8 61.4 49.5 43.9 33 23.6 16.5 9.9 9.5 8.4 6.6 2.5 1.7 0.6 -0.7 -2 -2 -2 -2 -2 -2 -2 -2 -2 -2 -2 -2 -2 -2 -2 -2 -2 -2 -2 -2 -2 -2 -2 -2 -2 -2 -2 -2 -2 -2 -2 -2 -2 -2 -2 1.5 15.1 28.3 39 48.8 60.6 66.5 70.8 80.5 91.6 105 110.2 120.2 135 146.5 154.5 159.8 164.7 164.1
165.9 164.8 160.8 162 161.6 161 161.1 160.7 161.1 162.6 164 153.6 131.1 124.2 117.1 105.2 91.5 83.7 79.5 72.6 62.6 53.9 45.2 39.3 32.1 22 19.1 20.4 21.9 19.9 16.4 12.6 6.6 3.1 1.8 0.3 -2 -2 -2 -2 -2 -2 -2 -2 -2 -2 -2 -2 -2 -2 -2 -2 -2 -2 -2 -2 -2 -2 -2 -2 -2 -2 -2 -2 -2 -2 -2 -2 -2 -2 -2 -2 3.4 21.4 32.5 42.3 52.2 60 65.6 73.3 82.5 97.3 108.2 117.4 127 141.6 151.4 161.5 168.8 169.3
171.8 171.4 166 165.1 164.8 163.3 162.1 158.9 152.6 149.5 145.7 136.3 117.2 109.2 100.4 92.1 79.7 70.2 61.7 53.6 45.8 37.9 31.1 30.5 27.8 25.3 30 28.5 27.4 28 23.7 20.4 15.9 9.6 4.5 2 0.5 -2 -2 -2 -2 -2 -2 -2 -2 -2 -2 -2 -2 -2 -2 -2 -2 -2 -2 -2 -2 -2 -2 -2 -2 -2 -2 -2 -2 -2 -2 -2 -2 -2 -2 -2 -2 4.3 23.9 33.9 44.8 51.9 57.4 65.2 76.3 87.3 98.3 109.5 117.5 129.7 143.7 156.1 162.1 162.8
175.9 174.8 171.3 167.1 166 163.5 160.5 152.2 144 137.7 131.6 122.1 105.5 90.4 84.2 74.9 68.1 60 51 39.3 38.9 42.6 42.4 39.6 39.7 38.9 36.6 34.4 37.6 36.3 32 28 24.2 17 8 5.2 4.5 5.2 3.6 -2 -2 -2 -2 -2 -2 -2 -2 -2 -2 -2 -2 -2 -2 -2 -2 -2 -2 -2 -2 -2 -2 -2 -2 -2 -2 -2 -2 -2 -2 -2 -2 -2 -2 1.2 12.7 25.1 35.7 43.3 49 57 67.4 76.5 86.5 99.3 106.5 112.2 123.5 135.3 145.2 147.2
180.1 176.1 174.2 170.1 168.4 164.7 157.2 144 134.9 126.8 120.6 109.8 97.2 85.8 73.7 64.1 60.6 60.4 58.6 58.8 59.5 59.5 56.2 51.4 47.6 45.7 43.6 45.4 47.2 45.6 43.7 39 35.9 27.1 18.6 13 12.3 11.6 8 5.4 1.8 -2 -2 -2 -2 -2 -2 -2 -2 -2 -2 -2 -2 -2 -2 -2 -2 -2 -2 -2 -2 -2 -2 -2 -2 -2 -2 -2 -2 -2 -2 -2 -2 -2 2 15.9 25.4 34.2 41.3 48.9 58.5 65.4 76.2 87 95.6 103.1 116.9 128.9 135.9 136.5
186 180.6 175.4 172.9 167.9 160.8 150.2 136.5 125.8 116.4 108.4 99.9 89 76.9 69.1 70.2 70.3 71.9 72.1 71.6 70.7 70.3 68.2 63.5 58.5 54.5 53.5 60.6 61.4 58.4 51.8 47.4 44.1 37.4 28.5 21.7 19.8 17.1 14.9 11.7 7.6 3.7 -2 -2 -2 -2 -2 -2 -2 -2 -2 -2 -2 -2 -2 -2 -2 -2 -2 -2 -2 -2 -2 -2 -2 -2 -2 -2 -2 -2 -2 -2 -2 -2 -0.2 2.5 14.7 23.7 31.8 39.8 48.6 56.5 67.4 77.7 88.5 103.7 112.9 121.9 130 130.2
