Game/Highland_Data/StreamingAssets/GeoData/Data/ng/NG63.asc
ncols 200
nrows 200
xllcorner 160000
yllcorner 830000
cellsize 50
[rows 148 to 184 of 200, columns 0 to 84 of 200]
37.7 36.3 38.7 33.4 28 28.6 25.6 23.3 22.7 24.1 20.9 17.8 16.7 13.5 11.7 9 8.7 -2.1 -2.1 -2.1 -2.1 -2.1 -2.1 -2.1 -2.1 -2.1 -1.3 0.2 0.7 2 4.3 6 -2.1 -2.1 -2.1 -2.1 -2.1 -2.1 -2.1 -2.1 -2.1 -2.1 -2.1 -2.1 -2.1 -2.1 -2.1 -2.1 -2.1 -2.1 -2.1 -2.1 -2.1 -2.1 -2.1 -2.1 -2.1 -2.1 -2.1 -2.1 -2.1 -2.1 -2.1 -2.1 -2.1 -2.1 -2.1 -2.1 -2.1 -2.1 -2.1 -2.1 -2.1 -2.1 -2.1 -2.1 -2.1 -2.1 -2.1 -2.1 -2.1 -2.1 -2.1 -2.1 -2.1
39.9 40 41.8 38.6 32.5 34.7 33.3 25.9 24.1 21.8 20.8 20.3 20.6 17 13.9 11.9 6.7 5.6 -2.1 -2.1 -2.1 -2.1 -2.1 -2.1 -2.1 -2.1 -2.1 1.7 2.5 2.6 5.6 2 -2.1 -2.1 -2.1 -2.1 -2.1 -2.1 -2.1 -2.1 -2.1 -2.1 -2.1 -2.1 -2.1 -2.1 -2.1 -2.1 -2.1 -2.1 -2.1 -2.1 -2.1 -2.1 -2.1 -2.1 -2.1 -2.1 -2.1 -2.1 -2.1 -2.1 -2.1 -2.1 -2.1 -2.1 -2.1 -2.1 -2.1 -2.1 -2.1 -2.1 -2.1 -2.1 -2.1 -2.1 -2.1 -2.1 -2.1 -2.1 -2.1 -2.1 -2.1 -2.1 -2.1
47.5 43.4 43.4 45.6 40.6 36.1 38.1 35.3 28.9 25.6 23.3 22.5 24.3 23.4 21.2 19 18.4 12.3 6.6 2.6 1.1 -2.1 -2.1 -2.1 -2.1 -2.1 -2.1 2.9 6.1 8.8 8.9 3.3 4 -2.1 -2.1 -2.1 -2.1 -2.1 -2.1 -2.1 -2.1 -2.1 -2.1 -2.1 -2.1 -2.1 -2.1 -2.1 -2.1 -2.1 -2.1 -2.1 -2.1 -2.1 -2.1 -2.1 -2.1 -2.1 -2.1 -2.1 -2.1 -2.1 -2.1 -2.1 -2.1 -2.1 -2.1 -2.1 -2.1 -2.1 -2.1 -2.1 -2.1 -2.1 -2.1 -2.1 -2.1 -2.1 -2.1 -2.1 -2.1 -2.1 -2.1 -2.1 -2.1
49.1 46.8 47.2 47.3 43.3 44.8 41.6 40.9 37.1 35.9 33.7 27 28.3 28.3 28.9 29.2 26.9 24 17.2 13.1 12.1 6.6 2.8 1.4 2.2 1.1 2.5 8.6 10.8 12.3 12.7 10.3 7.9 2.7 -2.1 -2.1 -2.1 -2.1 -2.1 -2.1 -2.1 -2.1 -2.1 -2.1 -2.1 -2.1 -2.1 -2.1 -2.1 -2.1 -2.1 -2.1 -2.1 -2.1 -2.1 -2.1 -2.1 -2.1 -2.1 -2.1 -2.1 -2.1 -2.1 -2.1 -2.1 -2.1 -2.1 -2.1 -2.1 -2.1 -2.1 -2.1 -2.1 -2.1 -2.1 -2.1 -2.1 -2.1 -2.1 -2.1 -2.1 -2.1 -2.1 -2.1 -2.1
52.6 52.3 50.1 51.8 46.2 50.5 42.9 44.5 40.7 41.6 38.2 34.2 36.6 32.8 33.4 34.7 33.1 31.6 27.3 18.4 15.4 13.4 12.5 9.5 7.4 11.1 7.8 16.7 17.1 15 16.4 13.7 10.6 9.3 2.6 -2.1 -2.1 -2.1 -2.1 -2.1 -2.1 -2.1 -2.1 -2.1 -2.1 -2.1 -2.1 -2.1 -2.1 -2.1 -2.1 -2.1 -2.1 -2.1 -2.1 -2.1 -2.1 -2.1 -2.1 -2.1 -2.1 -2.1 -2.1 -2.1 -2.1 -2.1 -2.1 -2.1 -2.1 -2.1 -2.1 -2.1 -2.1 -2.1 -2.1 -2.1 -2.1 -2.1 -2.1 -2.1 -2.1 -2.1 -2.1 -2.1 -2.1
55.8 55.8 53.4 55.1 51.2 54.1 45.2 45.2 45.6 44.6 41.9 42.1 44.5 43.1 43.9 38.4 40.6 36.3 28.3 28 24.2 17.4 15.9 10.8 14.6 18.1 17.2 20.9 20.6 23 18.5 14.9 18.6 20 14.7 10.7 -2.1 -2.1 -2.1 -2.1 -2.1 -2.1 -2.1 -2.1 -2.1 -2.1 -2.1 -2.1 -2.1 -2.1 -2.1 -2.1 -2.1 -2.1 -2.1 -2.1 -2.1 -2.1 -2.1 -2.1 -2.1 -2.1 -2.1 -2.1 -2.1 -2.1 -2.1 -2.1 -2.1 -2.1 -2.1 -2.1 -2.1 -2.1 -2.1 -2.1 -2.1 -2.1 -2.1 -2.1 -2.1 -2.1 -2.1 -2.1 -2.1
62.3 59.6 59.4 59.3 54 58.5 51.3 47.5 45.9 47.9 51.3 52.1 53.3 50.9 51.5 48 50.2 49.4 42.9 35.2 29.2 20.1 16.4 14.5 21.4 23.2 21.7 23.7 23.4 23.3 21.2 21.3 22.1 25.6 20.2 19.8 6.9 13 -2.1 -2.1 -2.1 -2.1 -2.1 -2.1 -2.1 -2.1 -2.1 -2.1 -2.1 -2.1 -2.1 -2.1 -2.1 -2.1 -2.1 -2.1 -2.1 -2.1 -2.1 -2.1 -2.1 -2.1 -2.1 -2.1 -2.1 -2.1 -2.1 -2.1 -2.1 -2.1 -2.1 -2.1 -2.1 -2.1 -2.1 -2.1 -2.1 -2.1 -2.1 -2.1 -2.1 -2.1 -2.1 -2.1 -2.1
66 64.3 65.9 62.6 58.7 58 52.1 51 50.6 55 55.1 57.7 58.1 56.5 57 57.2 60.2 56.4 56.3 51.5 41.9 31.9 21.1 20.5 23 25 26.1 26 29.3 30.1 28.9 28.4 26.7 28.8 26.4 29.1 21.8 19.8 -2.1 -2.1 -2.1 -2.1 -2.1 -2.1 1.2 3.9 -0.8 -2.1 -2.1 -2.1 -2.1 -2.1 -2.1 -2.1 -2.1 -2.1 -2.1 -2.1 -2.1 -2.1 -2.1 -2.1 -2.1 -2.1 -2.1 -2.1 -2.1 -2.1 -2.1 -2.1 -2.1 -2.1 -2.1 -2.1 -2.1 -2.1 -2.1 -2.1 -2.1 -2.1 -2.1 -2.1 -2.1 -2.1 -2.1
71.1 68.5 69.5 68.4 63.9 61.1 56.8 55.4 56.6 56.5 60.2 60.9 59.4 61.1 64.3 67.5 66.8 62.9 63.8 59.1 56.1 52.9 40.4 27.2 26.6 27.8 29.1 29.4 33.8 38.5 39.9 37.3 37.9 38.7 35.5 33 30.8 25.9 20.2 19.6 -2.1 -2.1 -2.1 -2.1 14 19.4 13 -2.1 -2.1 -2.1 -2.1 -2.1 -2.1 -2.1 -2.1 -2.1 -2.1 -2.1 -2.1 -2.1 -2.1 -2.1 -2.1 -2.1 -2.1 -2.1 -2.1 -2.1 -2.1 -2.1 -2.1 -2.1 -2.1 -2.1 -2.1 -2.1 -2.1 -2.1 -2.1 -2.1 -2.1 -2.1 -2.1 -2.1 -2.1
77.4 72.7 70.9 69.9 64.8 63.3 60.4 60.1 60.3 60.7 66.5 63.5 65.1 64 69.2 72.8 71.6 71.7 71.5 67.4 65.4 63.8 60.4 52.2 43.1 30.5 30.6 30 35.8 43.1 45.8 48.3 47.6 46.8 47.9 38.2 34 33.4 32.3 29.6 20.2 -2.1 -2.1 -2.1 16.9 22.9 20.2 -2.1 -2.1 -2.1 -2.1 -2.1 -2.1 -2.1 -2.1 -2.1 -2.1 -2.1 -2.1 -2.1 -2.1 -2.1 -2.1 -2.1 -2.1 -2.1 -2.1 -2.1 -2.1 -2.1 -2.1 -2.1 -2.1 -2.1 -2.1 -2.1 -2.1 -2.1 -2.1 -2.1 -2.1 -2.1 -2.1 -2.1 -2.1
80.4 78.8 73 73.2 69.3 68.7 64.1 64.6 63 64.3 68.8 70.4 69.7 72.6 76.8 76.6 75.4 78.7 79.3 78.2 73.3 73.2 69.1 64.1 55.3 50.1 32.6 32.7 45.3 45.6 52.6 55.8 54.2 55.5 53.2 45.8 40.9 40.8 43.1 36.5 31.8 19.3 3.2 4.8 19.8 26.9 25.2 11.4 -2.1 -2.1 -2.1 -2.1 -2.1 -2.1 -2.1 -2.1 -2.1 -2.1 -2.1 -2.1 -2.1 -2.1 -2.1 -2.1 -2.1 -2.1 -2.1 -2.1 -2.1 -2.1 -2.1 -2.1 -2.1 -2.1 -2.1 -2.1 -2.1 -2.1 -2.1 -2.1 -2.1 -2.1 -2.1 -2.1 -2.1
84.5 80.6 76.5 74.2 72.8 71.5 68.4 68.3 68 69.2 73.1 73.2 76.4 79.9 81.4 82.1 84.6 86.1 86.6 86.7 79.5 78 74.3 68.2 62.6 56.7 53.9 37 52.7 57.1 56.4 56.2 61.8 61.4 57.4 52.9 50.6 45.4 42.6 45.5 42.9 25.3 7.2 17.5 27.5 30.1 20.9 8.6 -2.1 -2.1 -2.1 -2.1 -2.1 -2.1 -2.1 -2.1 -2.1 -2.1 -2.1 -2.1 -2.1 -2.1 -2.1 -2.1 -2.1 -2.1 -2.1 -2.1 -2.1 -2.1 -2.1 -2.1 -2.1 -2.1 -2.1 -2.1 -2.1 -2.1 -2.1 -2.1 -2.1 -2.1 -2.1 -2.1 -2.1
85.8 81.5 79.2 76.7 77.2 74.1 70.9 70.1 72.1 74.3 76.9 80.4 84.4 87.5 90.6 85 89.2 92 92.2 92.6 86.1 80.2 79.4 74.7 68.5 62.9 59.6 56.4 48 59.9 62.5 63.8 58.6 63.8 61.3 58.7 58.5 56.4 45.7 51 49.6 35.4 17.7 10.1 26.8 27.8 17.6 13.6 9.7 5.1 -2.1 -2.1 -2.1 -2.1 -2.1 -2.1 -2.1 -2.1 -2.1 -2.1 -2.1 -2.1 -2.1 -2.1 -2.1 -2.1 -2.1 -2.1 -2.1 -2.1 -2.1 -2.1 -2.1 -2.1 -2.1 -2.1 -2.1 -2.1 -2.1 -2.1 -2.1 -2.1 -2.1 -2.1 -2.1
87 84.1 80.4 78.7 78 72.9 74.3 73.2 76.2 77.5 83 89.2 93 97 97.9 93.4 95.1 96.3 98.7 97.9 93 86 81.6 79.5 75.4 70.9 64.2 64 65.7 59.1 67.3 71.3 64.5 64.4 63.4 65.3 67.1 66.7 62 59.2 58 42.1 27.5 20.5 24.2 24.9 20.1 18.4 18 20.2 15.8 -2.1 -2.1 -2.1 -2.1 -2.1 -2.1 -2.1 -2.1 -2.1 -2.1 -2.1 -2.1 -2.1 -2.1 -2.1 -2.1 -2.1 -2.1 -2.1 -2.1 -2.1 -2.1 -2.1 -2.1 -2.1 -2.1 -2.1 -2.1 -2.1 -2.1 -2.1 -2.1 -2.1 -2.1
89 88.6 84.9 84.3 82.8 76.9 79.2 80.2 80.8 83.5 89.7 96.1 98.9 102.4 105.7 99.7 103 102.4 105 102.4 99.6 92 86.9 86.2 81 79 76.8 73.4 75 70.1 66.5 71.6 73.5 70.2 69.6 68.2 70.5 71.6 71.7 68.4 65.2 49.5 38.6 27.3 28.5 28.9 24.7 23.1 22.1 21.8 17.5 9.4 -2.1 -2.1 -2.1 -2.1 -2.1 -2.1 -2.1 -2.1 -2.1 -2.1 -2.1 -2.1 -2.1 -2.1 -2.1 -2.1 -2.1 -2.1 -2.1 -2.1 -2.1 -2.1 -2.1 -2.1 -2.1 -2.1 -2.1 -2.1 -2.1 -2.1 -2.1 -2.1 -2.1
92.7 91 89.2 86 84.8 80.3 84.1 83.6 87 93.1 94.9 101.3 106.4 109.4 107.4 106.9 107.5 107.3 106.1 107.4 103.2 99.4 94.8 93.3 90.2 86.9 84.3 79.5 80.5 76.1 76.1 69.1 73.2 79.1 75.3 76.3 77.8 73.2 72.9 72 69.6 56.7 44.8 30.5 33 35.9 29.6 27.3 32.2 23.2 19.4 12.2 7.5 -2.1 -2.1 -2.1 -2.1 -2.1 -2.1 -2.1 -2.1 -2.1 -2.1 -2.1 -2.1 -2.1 -2.1 -2.1 -2.1 -2.1 -2.1 -2.1 -2.1 -2.1 -2.1 -2.1 -2.1 -2.1 -2.1 -2.1 -2.1 -2.1 -2.1 -2.1 -2.1
96 95.8 95.1 91.4 90.6 84.8 87.3 88.7 93.4 99.4 101 107.3 112.5 114.1 115 112.8 111.7 113.1 110.3 109.9 106.3 108.7 103.3 102.4 96 94.6 92.3 85.1 85.6 84.6 82.8 75.5 77.6 83.8 84.2 82.2 80.6 84.2 76.3 73.5 70.4 60.1 50.3 35.2 32.3 38.2 39 42.6 42.5 30 24.5 19.7 16.1 17.9 15.6 11.5 -2.1 -2.1 -2.1 -2.1 -2.1 -2.1 -2.1 -2.1 -2.1 -2.1 -2.1 -2.1 -2.1 -2.1 -2.1 -2.1 -2.1 -2.1 -2.1 -2.1 -2.1 -2.1 -2.1 -2.1 -2.1 -2.1 -2.1 -2.1 -2.1
101.8 103.1 100.1 99.7 96.6 89.7 91.9 95.5 101.6 104.8 109.3 114.2 118.5 118.1 123 120 121.2 121.1 119.3 117.7 113.5 114.7 111 110.2 106.6 99.5 99.9 93.5 92.4 92.3 89.8 88.4 83 80.3 85 83 82 81.7 76.8 74.9 69.8 64.4 49.9 35.5 37.6 45.2 49.3 50 53.5 54.3 40.7 41.6 33.9 32.5 22.3 17.6 7.5 -2.1 -2.1 -2.1 -2.1 -2.1 -2.1 -2.1 -2.1 -2.1 -2.1 -2.1 -2.1 -2.1 -2.1 -2.1 -2.1 -2.1 -2.1 -2.1 -2.1 -2.1 -2.1 -2.1 -2.1 -2.1 -2.1 -2.1 -2.1
105.3 107 106.2 104 101.3 93.6 98.2 102.5 108.9 111.3 116.4 121.5 123.8 125.3 129.9 127.1 129.7 131.8 127.6 127.4 123.6 123.7 120.8 116.1 112 110.4 107.6 103.7 100.2 100.3 96.2 92.2 86.6 89.3 81 84.3 82.3 83.8 78.1 79.2 78.4 67.8 56.8 43.7 46.9 58.2 58.4 67 63.9 66.8 52.5 56.4 52.1 43.9 39.2 33.4 30.1 -2.1 -2.1 -2.1 -2.1 -2.1 -2.1 -2.1 -2.1 -2.1 -2.1 -2.1 -2.1 -2.1 -2.1 -2.1 -2.1 -2.1 -2.1 -2.1 -2.1 -2.1 -2.1 -2.1 -2.1 -2.1 -2.1 -2.1 -2.1
108.3 110.6 108.9 106.2 103.2 98.8 101.7 109.4 113.6 115.2 119.8 125.8 127.4 131.4 134.3 133.7 137.7 138.1 134.1 136 132 133 130.2 125.9 121.6 120.1 117.3 112.9 105.8 107.4 105.4 102 92.7 96.9 86.1 75.8 84.3 85.5 82.9 84.3 79.9 68.8 57.2 46.3 53.3 70.9 73.5 73.9 78.7 72.6 64.3 64.8 63.5 58.6 50.8 43.3 39.1 34 15.4 -2.1 -2.1 -2.1 -2.1 -2.1 -2.1 -2.1 -2.1 -2.1 -2.1 -2.1 -2.1 -2.1 -2.1 -2.1 -2.1 -2.1 -2.1 -2.1 -2.1 -2.1 -2.1 -2.1 -2.1 -2.1 -2.1
117.1 108.3 106.4 108.2 105 102.5 105.8 113.1 118.3 120.6 124 129.3 133.3 137.6 139 140.6 141.1 144.5 145.2 142.9 140.8 142.3 138.7 136.2 131.5 130.5 125.4 118.5 110.5 114.4 113.5 110.1 103 104 93.3 82.6 76.4 84.8 85 85.5 80.6 73.7 62.3 56 59.5 77.7 88.3 84.9 84.7 83.9 78.4 73.9 74.1 68.2 61 57.2 45 38.3 18.3 -2.1 -2.1 -2.1 -2.1 -2.1 -2.1 -2.1 -2.1 -2.1 -2.1 -2.1 -2.1 -2.1 -2.1 -2.1 -2.1 -2.1 -2.1 -2.1 -2.1 -2.1 -2.1 -2.1 -2.1 -2.1 -2.1
124.9 121.9 114.1 105.1 104.2 105.8 111.4 116.7 125.6 128.2 131.1 132.6 138.7 138.4 139.8 148 149.6 151.8 152.1 151.9 147.7 150.9 147 144.6 143.5 139.5 134 126.7 123.2 123.7 119 118.7 112.5 110.1 102.3 94.4 72.5 71.4 82 84 80.9 74.7 66.2 54.8 58.8 77.4 92.3 95.5 93 87 85.6 81.1 80.8 80.9 70.4 65.9 55.4 39.8 22.1 -2.1 -2.1 -2.1 -2.1 -2.1 -2.1 -2.1 -2.1 -2.1 -2.1 -2.1 -2.1 -2.1 -2.1 -2.1 -2.1 -2.1 -2.1 -2.1 -2.1 -2.1 -2.1 -2.1 -2.1 -2.1 -2.1
127.7 127.1 120.8 119 107.5 105.2 112.5 120 130.3 135 133.9 140.5 146.2 144.3 145.7 152.4 158.6 162 159.6 155.7 154.6 155.8 155.2 152.4 154.1 148.8 142.4 135.2 133.4 132.5 127.9 127.2 116.9 118.9 112.9 101.7 88.8 72.3 71.6 80.1 79.3 76.3 70.5 54.9 55.6 70.8 91.6 101.4 105.3 96.3 88.3 84.7 85.7 89.1 77.3 76 69.5 61.9 53.9 28.7 -2.1 -2.1 -2.1 -2.1 -2.1 -2.1 -2.1 -2.1 -2.1 -2.1 -2.1 -2.1 -2.1 -2.1 -2.1 -2.1 -2.1 -2.1 -2.1 -2.1 -2.1 -2.1 -2.1 -2.1 -2.1
132.4 129.1 128 123.8 118.4 111.7 107.4 113.7 127.2 136.6 141.5 151.8 155 153.1 155.5 160.7 164.7 167.8 167.3 164.7 164.7 159.2 163.3 160.4 159.8 157 149.9 145.3 137.9 135.6 137.6 133.9 124.5 121.1 119.4 109.7 97.5 83.5 73.6 70.7 76.4 75.5 67.7 59.7 56.5 77.4 92.8 102.3 111.9 112.1 91.1 87.8 92.6 99.6 89.3 89.5 76.7 69.2 66.2 47 27.7 20.9 -2.1 -2.1 -2.1 -2.1 -2.1 -2.1 -2.1 -2.1 -2.1 -2.1 -2.1 -2.1 -2.1 -2.1 -2.1 -2.1 -2.1 -2.1 -2.1 -2.1 -2.1 -2.1 -2.1
138.2 138 134.1 128.7 121.3 115 114.3 117.9 115.6 137 149.4 155.8 159.2 162 165.7 167.8 170.5 175.5 178.4 176.1 174 169.1 168 166.4 166.7 162.5 161.4 153.5 147 141.4 143.9 140.8 133.3 128.5 122 115 108 92.9 83.3 72.1 70.5 76.1 71 64.6 58.2 70.6 92.8 104.5 116.8 117.9 113.8 99.3 97 102.7 96.3 94.4 85.1 73.6 69.6 56.6 39.5 20.2 9.8 -2.1 -2.1 -2.1 -2.1 -2.1 -2.1 -2.1 -2.1 -2.1 -2.1 -2.1 -2.1 -2.1 -2.1 -2.1 -2.1 -2.1 -2.1 -2.1 -2.1 -2.1 -2.1
143.8 144.2 137.5 134.5 126 120.7 120.3 119.2 115.9 126 147.9 160.8 164.8 168.1 173.4 178.1 179.7 182.4 188.4 190 182.2 176.6 170.9 173.1 168.5 169.3 168 163.8 158 148.5 151.7 149 141.6 135.7 126.8 123.3 107.1 98.4 90.1 78.4 70.9 68.6 66.4 64.4 62.6 70.1 95.8 111.6 120.9 118.5 112.1 110.1 104.2 98.6 103 100.2 95.7 79.9 78.5 67.6 51.7 33.3 24.9 8.7 -2.1 -2.1 -2.1 -2.1 -2.1 -2.1 -2.1 -2.1 -2.1 -2.1 -2.1 -2.1 -2.1 -2.1 -2.1 -2.1 -2.1 -2.1 -2.1 -2.1 -2.1
147.9 146.7 145.8 140.7 138 131.8 123.2 120.1 126 136.8 149 160.1 169.6 174.3 182.5 183.6 185.2 191.4 191 190.9 186.3 181.2 179.9 179.6 176.9 177.5 178.9 173.1 167 162.2 157.5 155.2 145.4 141.4 130.6 127 111 106.8 95.2 85.8 73.1 63.1 60.7 68.8 67.5 72.7 93.9 112.6 122.3 121.6 117 112.4 112.7 99.1 98.3 99.6 98 88.3 76.6 72.2 58.5 53.6 50.6 39.9 30.2 25 -2.1 -2.1 -2.1 -2.1 -2.1 -2.1 -2.1 -2.1 -2.1 -2.1 -2.1 -2.1 -2.1 -2.1 -2.1 -2.1 -2.1 -2.1 -2.1
154.5 154.1 149.5 147.3 145.8 137 127.7 125.9 130 141.7 152.1 169.1 177.1 188.3 194.4 193.9 197.1 197.9 194.6 192 190.5 185.8 186.9 184.4 185.7 186.8 184 180.9 178.2 167.9 160.6 155.3 154.8 147.4 138.4 127.5 123.1 115.2 94.1 93.5 80.9 66.8 61 65.1 64.5 73.3 84.7 105.1 119.2 121.4 119.2 113.5 115.7 107.8 102.2 101.4 98.9 92.3 83.1 80.1 71.9 59.9 57.7 47 36 34.8 29.7 19.4 -2.1 -2.1 -2.1 -2.1 -2.1 -2.1 -2.1 -2.1 -2.1 -2.1 -2.1 -2.1 -2.1 -2.1 -2.1 -2.1 -2.1
156.9 157.7 156.2 155.9 152 146.1 137.1 132.8 143.3 141.6 153.9 167.5 184.3 194.3 201.7 204.4 203.7 201.7 200.4 198.9 197.2 194.2 194.1 191 192 192.5 189 185.3 185 173.7 162.1 161.9 159.9 152.5 144.9 133.3 132.4 116.6 102.1 99.6 85.7 75.6 70.5 63.7 62.7 72.2 86.7 95 110 117.9 122.4 125.5 128.7 124.4 109.1 107.8 98.6 99.1 97.7 93.2 85.4 69.6 57.9 50.9 40.1 39.6 36.6 37.2 28.1 -2.1 -2.1 -2.1 -2.1 -2.1 -2.1 -2.1 -2.1 -2.1 -2.1 -2.1 -2.1 -2.1 -2.1 -2.1 -2.1
158.9 160.2 158.6 159 158.1 154.9 148.5 145.5 145.2 154.1 154 166.8 183.5 196.5 201.8 210.4 212.7 208.5 206.6 205.9 205.5 203.2 204.9 200.9 202 199.8 191.5 191.1 185.6 172.9 167.1 171.4 167.5 160.6 148.3 141 136.6 123.2 110.2 105.9 91.5 78.3 71.9 65.5 63.9 75.2 86.7 95.2 107.1 121.8 123.9 128.9 139.5 143.5 123.8 115 108.1 107.5 106.4 99.1 98.4 88.6 60.4 55 51.3 48.5 46.9 44.9 36.9 -2.1 -2.1 -2.1 -2.1 -2.1 -2.1 -2.1 -2.1 -2.1 -2.1 -2.1 -2.1 -2.1 -2.1 -2.1 -2.1
163.2 169 168.9 167 166.5 166 156.7 155.8 153.2 163.3 170.7 175.9 186.7 189.5 193.3 201.3 214.3 213.4 210.5 213.3 210.1 213 212.4 211.9 207.9 203.2 198.4 193.6 186.9 180.1 178.5 175.5 172.5 165 151.6 146.3 143.5 131.2 120.1 115 96 81.5 74.8 70.7 70.5 80.6 88.7 102 107 120 126.3 129 137.1 144.9 133.8 126.7 117.9 115.3 111.7 112.1 101.7 93.9 76.8 67.3 57.4 56.6 54.2 54.4 49 34.4 -2.1 -2.1 -2.1 -2.1 -2.1 -2.1 -2.1 -2.1 -2.1 -2.1 -2.1 -2.1 -2.1 -2.1 -2.1
167.1 175.4 177.8 178 175.5 173 163.7 161.4 163.8 170.8 179 187.1 195.7 198.9 201.2 194.6 202.1 208.3 214.4 219.7 217 216.3 217.6 218.6 212.5 210 204 197.6 190.1 188.4 186.4 183.8 176.1 171.7 156.1 156.4 151.3 137.3 129 121 99.4 85.5 79 74.3 65.8 87.5 93.1 103 112 119.9 124.8 129.6 135.4 137.7 137.5 129.9 127 123.2 114.5 115.2 109.5 90.1 81.8 80.3 73.7 66 61.8 59.3 56.2 43.5 25.8 -2.1 -2.1 -2.1 -2.1 -2.1 -2.1 -2.1 -2.1 -2.1 -2.1 -2.1 -2.1 -2.1 -2.1
174 181 187.5 187.8 185.3 178.2 170.5 168.4 172.6 178.2 183.8 197 202.9 208.5 213.1 215.7 199 201.2 202.1 222.4 222.6 220.1 221.2 220.3 220.9 220.1 208.9 204.4 199.9 192.8 193.9 183.9 178.8 176 165.8 162.3 156.6 141.3 135.6 125.3 106.7 91.2 82.6 77.5 71.4 93.9 103.7 108.5 111.4 116 127.9 134.7 146.2 144.7 141.7 143.7 129.8 126.6 113.7 114.8 109.7 96.3 85.4 86 81.9 72 74.1 68.4 61.7 48.9 40.8 23.1 -2.1 -2.1 -2.1 -2.1 -2.1 -2.1 -2.1 -2.1 -2.1 -2.1 -2.1 -2.1 -2.1
180.2 186.5 195.3 193.8 188.8 182.7 178 179.4 182.7 187 192.9 206.8 215.1 220.2 227.4 232.6 229.4 214.1 204.1 205.7 219.8 222.3 225.5 227.5 224 221.9 215.5 210.3 204.1 202.3 200.7 185.8 185.4 178.1 170.6 167.3 158.9 146 141.7 124.7 112 101.4 87 87.7 88.6 97.8 104.8 111.7 110.6 111.2 125.8 142.5 152.7 153.8 148.5 146 140.9 131.6 117.3 113.6 111.4 105.1 94 88.3 89.3 82.2 80.6 76.7 64.7 56.2 44.4 31.8 15.9 -2.1 -2.1 -2.1 -2.1 -2.1 -2.1 -2.1 -2.1 -2.1 -2.1 -2.1 -2.1
185.6 194.4 198.8 195.5 191.4 187.5 184.7 187.8 193.6 200.7 206 219 229 235.8 238.9 244.9 247.3 238.5 211.5 208.3 216.5 219.2 223.1 227.6 227.2 221.9 220.6 214.3 206.7 207.1 202.5 191.9 186.8 182.2 175.8 170.1 162.2 150.7 138.1 122 109.5 101.2 98.1 96.9 98.1 102.4 109.1 118.3 122.6 115.1 117.1 139.2 153.4 150.8 151.7 147.5 138.1 130.7 121.1 121.4 116 109.8 100.2 91.3 88.5 93.7 86.4 84.3 74.6 63.4 57.2 35.7 26.4 12.9 -2.1 -2.1 -2.1 -2.1 -2.1 -2.1 -2.1 -2.1 -2.1 -2.1 -2.1
190.1 197.4 199.8 199.7 197.5 195.6 191.6 194.7 199 214.6 225.1 232.7 241.1 250 254 252.8 256.4 255.1 245.5 216.8 217 225.6 221.7 223.3 224.3 225.1 224.5 222.9 215.2 210.6 202.7 197.2 185.5 182.5 179.6 167.9 155.4 135.6 130.8 132.7 126.2 113.4 106.1 101 99.8 111.9 116.2 130 131.8 130.1 115.7 128.1 142.8 144.6 151.4 150 138.7 118.8 119.9 119 116.8 110.9 103.2 99.3 90.7 99.5 93.2 89.6 79.9 68.3 64.1 50 22.5 16.2 -2.1 -2.1 -2.1 -2.1 -2.1 -2.1 -2.1 -2.1 -2.1 -2.1 -2.1
193.3 194.6 196.1 199 199.3 201 205.8 206.8 206.6 229.7 239.7 246.7 250.8 263 265.9 263.3 261.2 260 260.6 251.2 223.1 223.5 234.6 232 224 224 223 221.7 217.9 210 204.6 200.1 188 183 174.8 163.9 160.9 158.8 155 151.3 139.5 124.9 116.6 108.3 107.2 124.3 129.7 137.5 139.9 137.9 126.2 123.4 141.1 146.1 147.6 148.4 135.6 116.8 113.3 116.4 114.4 111 107.2 104.6 94.7 103.4 97.6 97.3 92.6 78.4 69.9 62.4 46.3 25.6 -2.1 -2.1 -2.1 -2.1 -2.1 -2.1 -2.1 -2.1 -2.1 -2.1 -2.1
