Game/Highland_Data/StreamingAssets/GeoData/Data/ng/NG73.asc
ncols 200
nrows 200
xllcorner 170000
yllcorner 830000
cellsize 50
[rows 38 to 75 of 200, columns 84 to 167 of 200]
237.7 236.4 228.2 224 224 224 226 230.8 242.6 266.7 284.1 300 315 318.3 318.1 315 318.8 317.9 320.3 316.2 313.5 310.4 310.7 311.5 307.4 308.2 307.6 305.8 307.3 305.9 306.6 305.6 297.5 302.2 300.4 308 306.7 296.9 287.1 278.9 272.7 271 269.4 271 277.6 284.4 285.9 291 285.3 283.5 292.4 292.2 290.8 296.4 297.7 292.7 293.2 292.6 293.7 293.2 267.1 242.9 235.1 235 223.9 219.4 222 223.4 223.5 212.2 197.6 185.5 172.8 154.4 130.4 115.5 90.2 84.4 75.1 73.8 54.1 39.7 21.8 17.8
227.9 224 224 224 224 224 227.1 238.6 257.9 274.9 283 297.2 305.3 312 315.9 313.8 311.8 312.9 314.5 314 305.6 300.6 295 290.6 292.7 290.7 300.2 300.7 294 292.9 279.1 280 274.8 281.2 289.8 292 289.9 279 275.4 267.2 263.6 268.3 272 269.1 276.3 282.7 277.6 275.3 269.2 267.6 272.3 273.2 283.2 288.7 288.5 285.3 285.8 283.6 285.9 277.2 250.5 227.3 224.8 216.4 211.1 203.3 206.9 196.9 203 194.6 179.4 167.3 141.4 126.3 112.5 90 82.9 76.4 68.5 59.7 48.3 27.4 8.6 2.2
224 224 224 224 224.3 228.4 233.4 247.7 267.1 284.2 299.1 299 311.4 311.7 315.9 313.7 313.9 312.3 311 307.3 301 294.3 289.9 284.4 285.7 285.8 288.1 295 295.8 284.8 276.2 264.9 265 272.4 277.4 275.3 272 266.8 261.4 250.3 260.8 266 263.9 257.3 268.2 270.7 268.2 268 260.9 259.2 256.7 274.4 274.8 276.1 276.7 274.6 277.7 274.6 272.6 255.7 234.3 217.4 210.5 210.1 199.8 188.7 183.9 182.8 180.4 167.2 154.1 141.7 122.8 107.6 91.3 80 74 66.5 63.7 49.8 36.7 16.8 -2.2 -2.2
228.8 224 224 227.5 228.4 238 245.8 251.6 275.8 293.3 306.9 308.1 309.8 312 313.2 313.6 312.5 309.2 305.1 298.5 297.8 289.7 285.7 278.8 281.1 281.8 284.8 288.8 283.5 272.9 263.1 256.2 260.2 263.1 261.6 262 261.1 250.4 237.3 228.8 238.2 244.3 244.5 243.1 248.7 257.5 257.6 260.4 253.8 250.6 247.5 256 264.9 269.1 263.5 270.8 273.6 264.6 260.8 249.7 223 200.8 203.6 201 185.8 177.4 167.6 159.2 156.6 143.4 134.4 127.3 113.2 93.1 72.4 67.2 62.7 60.8 54.3 36.7 17.1 -2.2 -2.2 -2.2
237.1 224.8 224 230.7 228.3 241.6 249.4 254.3 279 295.3 310.4 313.7 308.5 314 310.8 311.3 310.4 304.5 303.4 300.1 292.2 290.8 281.1 278.4 271.8 272.5 276.2 272.1 265.7 258.4 251.8 248.6 254.4 251.4 248.1 250 234.3 230.4 229.2 221.5 221.4 230.2 231.7 235.2 244.3 248.3 254.1 255.6 246.9 235.9 231.8 240.3 249.8 256.2 257.7 261 266.8 255.7 249.3 235 212.3 194 194.1 182.5 170.3 156.5 143 138.6 133.5 129 117.9 105.9 96.8 79.3 68.1 61.3 53.1 48.9 34.1 6 -2.2 -2.2 -2.2 -2.2
241.7 233.1 227.4 231.6 233.4 240.3 248.3 255.1 280.1 302.8 315.2 313.3 306.2 307.3 311.6 307.5 313.8 309.7 307.5 300.6 286.5 284.5 282.2 270.7 265.1 258.2 256.5 255.4 252.5 246.6 246 248.6 245.9 234.7 233.5 222.8 223 218.3 222.3 213.1 210.5 219.2 226.9 230.9 233.5 237.6 243.8 243.9 243 231.7 230 237.3 242.5 247.9 255.6 259.2 258.6 248.4 241.1 220.6 199.2 186.7 181.4 168 153 136.6 129.2 125.5 112 105.3 104.9 93.9 84.4 69.7 53.8 47 37.3 19.8 2.3 -2.2 -2.2 -2.2 -2.2 -2.2
240.8 229.9 231.4 229 231.1 237 244.5 250.4 281.9 301.1 311.7 309.9 306.8 303.4 305.1 314.9 312.8 309.8 305.1 295.7 291 282.1 274.6 263.9 259.4 252.4 247.9 247.8 251.8 246.9 238.8 237.3 230.3 223.4 212.7 215 215.3 212.1 201.8 200.5 207.2 215.1 225.2 232.1 231.8 236.6 236.8 234.5 237.6 228.6 226.3 236.3 241.4 248.4 250.7 250.9 247.6 236.4 227 207.7 189.9 176 164 147.6 131.1 122.6 107.9 106.5 97.1 90.4 88.1 89.1 85.1 71.7 59.2 49.1 39.7 17.9 0.4 -2.2 -2.2 -2.2 -2.2 -2.2
236.8 225.2 223 224.4 228.4 234.5 250.3 268.3 293.7 299 303.3 303.3 303 306.1 305 314.3 310.5 303.9 293.8 295.1 285.8 278.5 270.3 264 260.7 253.4 244.5 245.6 247.6 238.1 227 221.5 219.4 219.8 209.4 201.7 201.8 194.8 194.2 196.4 210 217.7 225.7 227.5 226.8 223.1 225.1 233 239.1 233.3 225 234.6 238.8 244.5 236 235.7 233 219.6 208.2 192.7 174.5 166.2 146.6 127.7 117.9 116.1 111.7 101.2 89.6 82.7 83 80.1 74.6 62.8 50.9 37.1 25.7 7.6 -2.2 -2.2 -2.2 -2.2 -2.2 -2.2
222.3 222.3 222.3 222.3 222.6 236.8 255.7 278.1 291.1 290.7 294.6 297.9 305.4 308.3 305.5 302.8 298.6 295 292.3 296.5 282.9 274.3 268 262.5 256.8 249.4 243.6 237.3 237.1 226.3 225.3 223.5 214.5 211.2 194.7 196.4 199.2 192.5 189.1 196.4 213.5 217.3 220.8 219.6 217 224.4 225.8 228.5 234.6 229.8 221.6 235.5 238.7 231.2 224.2 217.8 211.3 204.1 192.1 177.2 169.6 154.1 128.2 126.8 125.3 121.7 106.1 92.4 84.2 79.3 72.4 66.4 59.6 52.6 44.1 29.3 15.1 1.7 -2.2 -2.2 -2.2 -2.2 -2.2 -2.2
229.3 222.9 222.3 222.3 222.3 237 259.1 273.2 286.6 293 294.5 299.9 307.7 306.4 303.4 298.8 293.7 291.6 291.8 283 274.1 271.1 264.7 258.6 250.7 249.6 243.6 235.8 233.7 229.4 225.2 217.7 199 191.2 190.5 182.1 187.1 180.3 182.8 187.8 198.1 204.2 210.5 213.1 215.4 223.1 220.3 222.9 229.5 220.9 216.5 227.9 225.5 218.9 206.6 198.8 194.4 187.5 174.6 166.8 156.1 158.7 151.3 132.1 127.1 110.1 93.1 89.3 84.2 75.3 73.6 65.9 54.5 39 22.5 13.7 6.6 0.5 -2.2 -2.2 -2.2 -2.2 -2.2 -2.2
228 226.7 222.3 222.3 222.3 228.4 254.7 270.2 283.1 295 302.5 304.6 307.5 302.7 301.1 292.1 288.9 284.4 278.9 273.5 269.3 267.2 263 251.7 251.5 241.4 238.3 236.3 232.1 224.8 219.4 206.9 191.8 188 180 178.9 178.1 172.2 169 172.6 187.7 194.4 203.2 204.3 210.9 220.5 221.6 216.1 211.8 215 208.7 210.9 207.8 205.2 198.1 195.8 185.6 181.5 175.6 171.4 170.2 160.2 147.4 133.1 115.6 100 91.8 83.9 80.6 77.8 70 58.1 44.9 29.7 17.1 9.4 -2.2 -2.2 -2.2 -2.2 -2.2 -2.2 -2.2 -2.2
229.5 222.3 222.3 222.3 222.3 228.6 250.6 269.5 286.3 297.4 300.3 297 293.9 294.7 293.6 289.2 283.9 277.7 273.9 267.3 263.2 262 253.7 249.5 250.1 247.6 239.2 234.9 227.1 219.9 211.9 201.6 191.5 185 179 173.3 172.8 170.9 163.5 168.2 178.5 177.9 183.1 190.1 202.3 215.6 217.2 208.4 203.6 201.3 201.7 198.7 201.6 196.6 196.2 189.9 181.3 180.5 187.6 176.9 166.7 145.6 135.6 118.6 101 91.8 86.5 78.7 77.3 74 61 49.7 44.6 35.5 23.1 -2.2 -2.2 -2.2 -2.2 -2.2 -2.2 -2.2 -2.2 -2.2
223.5 222.3 222.3 222.3 222.5 236 255.4 271.4 287.5 299.4 298.5 289.9 285.7 285.7 282.5 276.4 270.8 268.5 261.6 256.6 259.2 253.2 256.4 246.7 243.5 237.5 233.2 226.2 220 215.1 208.4 204.9 195.5 185.8 178.7 170.5 166.7 161.9 158.9 156.5 162.5 169 175.1 179.6 186.1 200 199.9 196.7 193.4 189.4 189 190.1 189 188.2 180.7 178.4 180.1 189.5 178 165.7 150.7 137.5 130.4 106.9 98.8 87 82.3 75.5 69.6 58.2 58.5 46.5 37.4 24.4 -2.2 -2.2 -2.2 -2.2 -2.2 -2.2 -2.2 -2.2 -2.2 -2.2
228.6 227.8 222.3 222.3 231.8 251.5 264.1 275.2 282.6 287.6 293.5 292.6 286.2 285.7 285.1 276.8 267.3 263.3 255.8 247.4 247.9 243.2 243.6 238.1 228.9 227.2 226.5 216.6 215.5 214.9 210.9 205.9 200.6 192 184.2 179.1 169.1 153.1 149.5 144.6 151.3 151.8 154 153.8 168.1 174.4 179.5 181.4 182.8 181.5 188.6 182.7 178.5 172.7 174 179.8 179.8 174 163.2 154.5 137.5 130.7 113.1 102.1 89.5 81.4 73.2 65.9 60.1 56.5 44.3 35.4 10.9 -2.2 -2.2 -2.2 -2.2 -2.2 -2.2 -2.2 -2.2 -2.2 -2.2 -2.2
242.3 233.7 223.8 228.7 259.7 270.8 279.4 279.8 287.3 285.4 291.2 292.8 288.8 290.1 281.2 272.3 261.8 259.7 249 246.8 242.1 241.4 242.1 235.4 231.3 231.5 228.5 222.4 215.6 217.2 210.6 202.7 196.6 196.4 197 185.5 175 164.7 150.9 142.4 138.2 137.5 139.2 145.6 152.3 160.4 169.7 170.8 175.3 168.8 177 173.9 171.2 175.8 176.8 170.5 168.4 158.6 146.2 141.7 134.2 121 105.9 95.3 77.9 72.1 65.3 62.4 55.6 48.9 36.8 15.8 -2.2 -2.2 -2.2 -2.2 -2.2 -2.2 -2.2 -2.2 -2.2 -2.2 -2.2 -2.2
249.7 232.2 234.2 249 264.3 277.2 282 283.5 293 288.3 288.6 287 291.4 286.5 272.9 265.5 257.5 253 247.4 245.5 239.8 239.2 233.8 230.9 231.2 230.3 231.5 227.3 220.4 218.7 215.7 206.9 201.6 204.8 206.3 193.4 179.3 167.2 155.3 146 134.5 130.2 131.4 135.8 142.3 146.5 152.4 159.9 163.9 158.6 160.8 165.6 171.6 169.1 165.1 160.2 152.6 141 134.1 133.6 128.1 114.6 103.1 82.9 72.7 66.1 63.6 63.6 59 45.8 8.2 -2.2 -2.2 -2.2 -2.2 -2.2 -2.2 -2.2 -2.2 -2.2 -2.2 -2.2 -2.2 -2.2
246.1 231.7 250.4 256.7 267.5 281.3 282.9 291.5 294.8 288.6 283.1 286.2 286 274 265.1 257.6 251.7 248 247.6 244.2 240.3 241 235.9 232.8 234.5 235.5 241.1 236.8 227 221.6 213.6 210.7 204.5 206 208.1 197.4 183.8 168.5 156.7 146.6 131.2 128.3 127.2 127 130.4 133.9 134.2 139 145.1 149.2 164.3 166.3 162.6 157.2 161.5 153.7 136.6 128.3 130.9 123.1 113.5 105 90.9 75.1 63.2 61.5 62.8 64.2 55.8 35.1 -2.2 -2.2 -2.2 -2.2 -2.2 -2.2 -2.2 -2.2 -2.2 -2.2 -2.2 -2.2 -2.2 -2.2
239.9 238 261.3 264.8 272.4 276.6 284.2 293.6 289.9 285.7 284.1 278 271.6 262.9 260.3 250.7 247.9 247.3 254.1 246.6 241.4 243.3 236.4 238.4 236.5 237.8 243.5 238.4 231.4 220.3 218 211.4 204.5 205.4 204.5 199.5 184.3 173.6 159.7 147.9 131.8 125.4 120.7 116 115.5 120.4 126.4 132.5 139.1 152.9 157.7 153.9 151.1 147.2 145.1 133 127.8 121.2 120.3 119.3 111.6 94.4 79.6 58.4 57.6 60.5 65.4 58.7 38.3 -2.2 -2.2 -2.2 -2.2 -2.2 -2.2 -2.2 -2.2 -2.2 -2.2 -2.2 -2.2 -2.2 -2.2 -2.2
237.2 250.6 259.7 262 272.5 282.3 285.5 292.4 285.2 283 280.5 268.1 268.9 264.3 257.6 250.4 250.5 250.3 254 249.5 240 238.8 237.9 235.8 233.9 233.3 235.6 234.2 223.7 218.4 216.9 211 206.1 205.5 203.1 196.6 196 186.1 167.5 149.4 135.7 129.8 122.3 109.5 111.6 112.7 120.8 127.2 136.9 148.4 150.6 146.7 140.4 135.1 124.1 119 114.6 110.7 105.8 108 94.3 77.3 55.5 52.7 56.1 56.8 47.6 22.7 -2.2 -2.2 -2.2 -2.2 -2.2 -2.2 -2.2 -2.2 -2.2 -2.2 -2.2 -2.2 -2.2 -2.2 -2.2 -2.2
242.4 249.6 256.2 269.7 269.7 276.8 284.5 287.8 283.1 274.3 270.9 270.5 266.6 264.3 254.5 257 257.1 251.9 245.3 243.1 241.3 237.6 236.9 239.3 241 237.3 241.2 231.7 235.7 241.3 241 222 224.1 219 212 206.7 198.9 190.7 172.7 154.2 142.1 137.1 131.5 121.9 104.4 106.8 109.4 120.4 128.2 137.6 138.1 130.2 127.4 116.3 114.4 107.8 97.7 92.1 93.7 87.8 79.4 60.3 46.7 51.8 48.5 37 -2.2 -2.2 -2.2 -2.2 -2.2 -2.2 -2.2 -2.2 -2.2 -2.2 -2.2 -2.2 -2.2 -2.2 -2.2 -2.2 -2.2 -2.2
250.7 251.3 256.2 256.1 263.5 271.5 280.5 276.6 267 271 270 269 262.4 255.9 259.9 261.1 261.6 260.4 265.7 267.2 259.6 257.9 250.8 247.8 243.7 239.3 238.3 236.7 244.6 251.8 246.7 231.7 231.7 225.6 219 213.3 206.5 201 180 158.7 141.9 139.4 135.7 123 111.5 102.2 106.4 113.9 121.7 120.8 121.9 116.5 110.4 103.3 100.5 92.5 82 81.2 74.6 67.1 59.4 40 42.7 38.6 27.3 -2.2 -2.2 -2.2 -2.2 -2.2 -2.2 -2.2 -2.2 -2.2 -2.2 -2.2 -2.2 -2.2 -2.2 -2.2 -2.2 -2.2 -2.2 -2.2
257.6 256.8 250.9 250.9 260.9 256.7 262.3 263.5 257.4 261 250.9 255.6 253.8 260.8 262.8 284.8 289.9 286.7 281.9 276.6 271.1 265.6 256.9 251.3 247.1 240.6 247.5 242.6 245.5 247 241.9 234.7 234.3 226.6 223.9 222.2 216.6 207.3 175 156.8 141.8 139.9 139.5 123.8 105.9 99.3 104.2 111.3 115.8 112 106.7 99.9 89.3 86.6 83.3 79.8 60.2 60.1 55.2 47 38.6 28.9 27.2 4.8 -2.2 -2.2 -2.2 -2.2 -2.2 -2.2 -2.2 -2.2 -2.2 -2.2 -2.2 -2.2 -2.2 -2.2 -2.2 -2.2 -2.2 -2.2 -2.2 -2.2
255.2 257.7 250.9 250.9 250.9 250.9 250.9 250.9 250.9 250.9 251.8 262 265.7 269.2 284 296.9 295.3 288.1 281.5 280.5 275 265.9 260.9 254.7 253.9 249.4 248 244.7 244.9 249.2 244.5 236.9 240.1 233.8 232 224.9 211.6 201 170.3 156.5 142.5 139.8 138.2 122.4 101.8 97.1 96.1 99.9 104.3 104.2 96.2 85 81.5 75.6 67.9 59.8 44.4 43.5 35.8 29.4 27.8 3.2 -2.2 -2.2 -2.2 -2.2 -2.2 -2.2 -2.2 -2.2 -2.2 -2.2 -2.2 -2.2 -2.2 -2.2 -2.2 -2.2 -2.2 -2.2 -2.2 -2.2 -2.2 -2.2
250.9 250.9 250.9 250.9 250.9 250.9 254.1 253.7 254.9 263.1 270.7 280.6 280.5 295.3 305.9 310.7 310.9 300.2 299.6 292.7 286.6 274.5 267.9 263.2 261.9 252.9 253.1 253 244.3 248.1 250.3 255.4 249.8 235.9 231.7 221 200.9 183.2 169.4 155.7 144.6 136.1 131.8 115.6 103.7 93.2 88.1 88.2 89.9 88.5 86.3 78.2 70.8 64.9 56.5 45.9 42 25.9 20.4 19.4 13.5 -2.2 -2.2 -2.2 -2.2 -2.2 -2.2 -2.2 -2.2 -2.2 -2.2 -2.2 -2.2 -2.2 -2.2 -2.2 -2.2 -2.2 -2.2 -2.2 -2.2 -2.2 -2.2 -2.2
250.9 250.9 256.4 260.8 265.8 272.4 283.7 275 279.3 285.9 285.9 299.8 314.9 319.2 316.8 319.5 320.7 312.8 306.5 297.8 298.3 286.3 274.6 269.1 262.7 254.8 254.1 254.3 243.8 251.3 254 249.4 235.9 219.2 214.3 208.4 192.9 177.3 166.2 160 149.6 136 128.3 114.5 108.5 91.5 81 75.1 78 74.9 71.5 64.3 59.8 53.7 42.3 31.2 21.5 16.3 14.5 -2.2 -2.2 -2.2 -2.2 -2.2 -2.2 -2.2 -2.2 -2.2 -2.2 -2.2 -2.2 -2.2 -2.2 -2.2 -2.2 -2.2 -2.2 -2.2 -2.2 -2.2 -2.2 -2.2 -2.2 -2.2
253 270.4 284.9 288.3 296.6 284.4 293 289.6 287.5 295.2 305.9 322.5 328.5 322.3 322.9 326.5 323.1 317 304.8 300.2 295.1 284.6 274.7 264.9 255.4 250.5 247.2 251.3 244.7 248.5 240.6 230.3 222.5 218.7 216.6 211.4 197.9 176.5 167.3 158.6 149.1 129.4 117.7 115 102.1 87.5 77.2 64.1 66.8 63.6 56.8 52 46.5 41 31.9 25.2 13.6 10.3 1.8 -2.2 -2.2 -2.2 -2.2 -2.2 -2.2 -2.2 -2.2 -2.2 -2.2 -2.2 -2.2 -2.2 -2.2 -2.2 -2.2 -2.2 -2.2 -2.2 -2.2 -2.2 -2.2 -2.2 -2.2 -2.2
271.3 287.6 299.8 304.5 299.2 300 296.2 295.3 302.9 311.1 324.2 327.6 327.5 320.6 321.6 329.3 322.1 313.8 304.1 302.1 293.4 289.3 275 260.8 247.7 243.9 249.3 256.5 241.8 236.4 228.4 227.2 216 214.1 211.4 207.2 193.8 180.9 170.9 156.6 134.1 118 120.9 110.1 105 85.1 76.5 62.9 56.9 55.4 47.1 40.1 36.1 29.8 25 14.4 8.7 -2.2 -2.2 -2.2 -2.2 -2.2 -2.2 -2.2 -2.2 -2.2 -2.2 -2.2 -2.2 -2.2 -2.2 -2.2 -2.2 -2.2 -2.2 -2.2 -2.2 -2.2 -2.2 -2.2 -2.2 -2.2 -2.2 -2.2
302 313.8 308.3 310.8 307.6 308.1 309.1 303.8 315.1 326.6 332.3 331 330.4 321.1 321 324 317.3 310.1 305.1 297.9 293.5 280.9 266 250.7 242.6 241.1 243.4 238.2 230.7 227.2 223.4 217.2 218.6 215.8 218.2 213.9 193.8 180.3 159.4 151 130 115 120.7 107.1 93.4 80.9 71.7 57.3 43.3 41.2 35.8 28.3 21.8 17 13.6 8.2 1.2 -2.2 -2.2 -2.2 -2.2 -2.2 -2.2 -2.2 -2.2 -2.2 -2.2 -2.2 -2.2 -2.2 -2.2 -2.2 -2.2 -2.2 -2.2 -2.2 -2.2 -2.2 -2.2 -2.2 -2.2 -2.2 -2.2 -2.2
308.1 311 309.9 319.8 324 323.6 328.8 319.1 307.8 323.3 334 324.9 322.5 320.5 323 323.4 314.3 309.1 306 296 288.1 277.2 261.4 249.6 245.5 239 233.4 232.9 233.1 227.3 221.1 217.3 211.9 213.1 214.1 203.8 182.7 168.2 154.6 136.9 124.8 105.7 107.2 92.3 81.3 67.9 61.9 45 37.1 32.6 24.5 10.6 3.1 2.1 -2.2 -2.2 -2.2 -2.2 -2.2 -2.2 -2.2 -2.2 -2.2 -2.2 -2.2 -2.2 -2.2 -2.2 -2.2 -2.2 -2.2 -2.2 -2.2 -2.2 -2.2 -2.2 -2.2 -2.2 -2.2 -2.2 -2.2 -2.2 -2.2 -2.2
305.3 314.1 323.9 328.9 332.2 332 333.3 331 321.3 314 325.1 321.1 322.1 317.8 317 313.8 312.7 307.3 298.6 295.6 280.8 268.3 262.1 248.4 242.2 232 230.2 230.5 235 222.7 217.1 209.8 210.1 207.2 209.1 189.8 170.8 151.8 140.9 127.4 110.5 101.2 96.6 80.1 64.7 52.4 43.7 38.3 29.8 4.7 2.1 -2.2 -2.2 -2.2 -2.2 -2.2 -2.2 -2.2 -2.2 -2.2 -2.2 -2.2 -2.2 -2.2 -2.2 -2.2 -2.2 -2.2 -2.2 -2.2 -2.2 -2.2 -2.2 -2.2 -2.2 -2.2 -2.2 -2.2 -2.2 -2.2 -2.2 -2.2 -2.2 -2.2
315.2 324.6 335.7 341 338.5 338.6 338.1 330.1 333.5 321.2 316.5 321.3 320.8 316.4 314.3 309.4 305.8 295.7 291.1 286.3 274.6 262.6 254.2 245.6 245.6 239.2 229.9 226.3 222.7 215.3 206.9 205 199.1 195.8 183.8 175.7 162.8 147.8 137.1 123.3 106 96.7 82.1 72.7 52 47.7 34.3 23.3 19.3 -2.2 -2.2 -2.2 -2.2 -2.2 -2.2 -2.2 -2.2 -2.2 -2.2 -2.2 -2.2 -2.2 -2.2 -2.2 -2.2 -2.2 -2.2 -2.2 -2.2 -2.2 -2.2 -2.2 -2.2 -2.2 -2.2 -2.2 -2.2 -2.2 -2.2 -2.2 -2.2 -2.2 -2.2 -2.2
324 329.7 343.6 350 339.4 335.7 334 328.3 326.1 327.9 314.4 316.4 319.8 311.9 306.3 297 292.4 288 284.7 273 264 252.8 251.3 253 247.6 241.5 234.1 222.9 219.9 217.4 211.1 203.6 200.9 194.5 186.4 175.1 158.9 145.1 134 118.3 102.2 89.6 71.5 58.1 46.8 41.5 28.6 8.9 -2.2 -2.2 -2.2 -2.2 -2.2 -2.2 -2.2 -2.2 -2.2 -2.2 -2.2 -2.2 -2.2 -2.2 -2.2 -2.2 -2.2 -2.2 -2.2 -2.2 -2.2 -2.2 -2.2 -2.2 -2.2 -2.2 -2.2 -2.2 -2.2 -2.2 -2.2 -2.2 -2.2 -2.2 -2.2 -2.2
323.7 335.4 346.9 340.7 337.6 331.9 326.6 326.2 324.9 330.2 321.5 307 307.4 302.2 293 287.1 275.5 265.6 264.8 264.5 266.7 260.6 263.6 261.6 248.3 242.2 235.7 225.4 215.8 211.3 208.4 204.2 194.7 184.8 179.2 168.5 145.4 136.2 131.3 107.3 90.4 73.4 65.8 56 51.1 39.4 23.4 -2.2 -2.2 -2.2 -2.2 -2.2 -2.2 -2.2 -2.2 -2.2 -2.2 -2.2 -2.2 -2.2 -2.2 -2.2 -2.2 -2.2 -2.2 -2.2 -2.2 -2.2 -2.2 -2.2 -2.2 -2.2 -2.2 -2.2 -2.2 -2.2 -2.2 -2.2 -2.2 -2.2 -2.2 -2.2 -2.2 -2.2
331.6 337.3 344 340.7 336.7 329.8 323.9 323.9 321.6 320.7 314.7 301.4 285.4 285 287.2 275.9 271 265.8 269.6 265.8 263.2 262 261.1 257.9 247.6 236.3 224.6 217 208.4 200.3 197.9 187.5 180.7 169.7 159.9 148.6 130.3 125.6 114.3 91.9 77.4 67.2 67.5 58.1 45.7 33.5 17.3 -2.2 -2.2 -2.2 -2.2 -2.2 -2.2 -2.2 -2.2 -2.2 -2.2 -2.2 -2.2 -2.2 -2.2 -2.2 -2.2 -2.2 -2.2 -2.2 -2.2 -2.2 -2.2 -2.2 -2.2 -2.2 -2.2 -2.2 -2.2 -2.2 -2.2 -2.2 -2.2 -2.2 -2.2 -2.2 -2.2 -2.2
332.1 337.2 342.4 336.8 330.3 327.6 320.3 317.5 312.1 309.9 305 299.4 287.7 281.4 286.1 280.9 275.4 266.1 275.6 266.7 262.2 260.2 256.7 254 244.8 235 218.5 214.5 210 194 185.7 176.8 170.5 164.2 155.9 138.2 127.9 118 88.6 82.4 72.2 63.3 58.7 47.2 35.6 20.8 -2.2 -2.2 -2.2 -2.2 -2.2 -2.2 -2.2 -2.2 -2.2 -2.2 -2.2 -2.2 -2.2 -2.2 -2.2 -2.2 -2.2 -2.2 -2.2 -2.2 -2.2 -2.2 -2.2 -2.2 -2.2 -2.2 -2.2 -2.2 -2.2 -2.2 -2.2 -2.2 -2.2 -2.2 -2.2 -2.2 -2.2 -2.2
324.7 331.9 330.7 327.6 323.7 318.4 315.5 309.3 309.8 309 306.9 296.3 286.8 281.7 279.8 281.8 277.7 273.8 274.8 267.5 262.8 255 250.2 245.4 237.4 224.9 215.4 210.9 203.6 188.5 179 167.7 157.6 148.6 133.2 126.4 117.1 93.3 80.3 71.9 62.8 44.7 44.8 32.8 16.7 -2.2 -2.2 -2.2 -2.2 -2.2 -2.2 -2.2 -2.2 -2.2 -2.2 -2.2 -2.2 -2.2 -2.2 -2.2 -2.2 -2.2 -2.2 -2.2 -2.2 -2.2 -2.2 -2.2 -2.2 -2.2 -2.2 -2.2 -2.2 -2.2 -2.2 -2.2 -2.2 -2.2 -2.2 -2.2 -2.2 -2.2 -2.2 -2.2
317.8 320.5 316.6 312.9 315.7 319 310.1 307.8 308.7 305.7 298.5 288.5 285.9 282.3 276.9 282.5 288.5 280 276 264.6 260.5 248.1 240.2 237.2 230.3 221.1 211.9 202.4 187.7 181 169.4 150.9 138.6 124.1 126.6 109.1 90 85.6 73.9 61.4 52.9 38 35.3 17.7 -2.2 -2.2 -2.2 -2.2 -2.2 -2.2 -2.2 -2.2 -2.2 -2.2 -2.2 -2.2 -2.2 -2.2 -2.2 -2.2 -2.2 -2.2 -2.2 -2.2 -2.2 -2.2 -2.2 -2.2 -2.2 -2.2 -2.2 -2.2 -2.2 -2.2 -2.2 -2.2 -2.2 -2.2 -2.2 -2.2 -2.2 -2.2 -2.2 -2.2
319 319.1 315 313.8 313.3 312.9 304.7 305.2 301.8 298.3 295 295 290.7 289.5 279 274.6 282.6 277.9 270.7 258 251.3 241.8 237.4 230.6 228 216.5 203.7 194.2 178.8 168.4 153.1 132 117.8 106 94.4 93.1 78.5 70 65.3 56.8 42.3 26.5 18.6 -2.2 -2.2 -2.2 -2.2 -2.2 -2.2 -2.2 -2.2 -2.2 -2.2 -2.2 -2.2 -2.2 -2.2 -2.2 -2.2 -2.2 -2.2 -2.2 -2.2 -2.2 -2.2 -2.2 -2.2 -2.2 -2.2 -2.2 -2.2 -2.2 -2.2 -2.2 -2.2 -2.2 -2.2 -2.2 -2.2 -2.2 -2.2 -2.2 -2.2 -2.2
