Game/Highland_Data/StreamingAssets/GeoData/Data/ng/NG74.asc
ncols 200
nrows 200
xllcorner 170000
yllcorner 840000
cellsize 50
[rows 70 to 104 of 200, columns 0 to 79 of 200]
249.9 246.2 247.9 252.2 260.7 263.4 270.1 273.2 288 287.6 293.2 299.5 304.1 308.1 306.1 312.7 318.4 317.7 307.5 280.9 251 232.7 208.2 189.3 157.7 130.8 115.8 97.1 72.7 59.4 47.2 34.7 29.1 24.6 20 12.9 12 12.5 12.5 13.1 13.8 14.4 14.9 15.1 15.8 16.8 21 23.4 26.8 29.1 32.8 36.2 39.9 41.2 47.6 48.1 53.8 57.4 58 57.6 61.4 60.7 63 67.4 70.8 76.5 82.5 88.1 94.9 97.4 100 103 109.4 107 108.1 111.2 102.9 105 105 106.6
241.6 244.1 246.5 253.1 261.4 262.7 267.3 273.2 284.1 285.1 289.4 296.4 301.2 302.4 302.9 307 304.9 295.3 284 255.9 227.5 208.8 184.3 163.9 136.1 119.9 103.6 84.1 72.1 56.6 44.6 34.2 27.5 22.6 17.9 12.1 11.5 11.8 11.9 12.8 13.1 13.8 13.9 14.4 15.6 15.5 17.5 20.8 23.1 26.9 30.5 34.4 39.3 39.2 49.9 48.8 58.8 61.6 62.7 58.6 64.5 66.1 67.8 73.2 77 85 89.9 96.5 101 107.1 111.4 115.8 120.7 121.6 124.9 129.9 123.4 128.1 123.1 121.3
235.3 240.2 244.7 251.7 260 257.7 264.9 271.5 279.9 281.9 285.1 295.2 299.8 296.8 299.8 296.8 294.3 270 245.1 218.4 203.9 182.7 161.2 139.1 117.7 104.3 91.2 72.7 63.4 52.6 40.4 30.8 24.4 19.4 14.4 11.1 10.7 11.5 11.6 11.9 12.2 13 13.6 14.1 13.7 14.2 17.4 18.1 19.4 21.8 22.4 31.1 33.6 39.1 45.1 44.5 56 63.6 61.7 58.4 66.3 66.9 70.2 75.2 81.7 87.1 95.6 99.3 105 111.1 118.4 122.7 129.8 134.7 138.8 139.1 144.6 147.5 147.6 145.9
232.8 236.1 241.2 249.4 252.8 253.1 255.3 268.4 273.8 277.5 281.8 292.6 293.8 293.7 292.2 289 279.6 256.7 214.8 195.9 179.3 157 135.4 116.9 102.6 91.5 77.8 66.5 56.2 45.6 35.3 28.4 22.7 18.1 11.4 10.3 10.4 10.5 10.7 11.4 11.6 12.3 13.2 13.5 14 13.3 17.7 19.9 21.3 22.4 24.2 24.7 26.4 29.9 34.2 41.6 48.1 52.8 54.3 69.4 64.4 72.2 73.1 77.9 83.8 90.4 96.6 103.5 109.2 114.2 121.7 128.5 136.4 138.7 146.7 154.3 159.3 162.2 164.3 165.7
229 229.9 231.7 242.8 248.1 246.3 251.1 262.6 266.7 266.6 277 288 285.9 285.8 279.1 274.5 260.8 232.6 192.4 172.7 152.6 133.9 114.2 101 89.9 79.6 67.4 55.4 48.2 40.3 32.7 27.5 22.1 17.3 11.2 10.4 9.3 9.9 10.1 11 11.2 11.5 12.5 13 13.4 12.8 18.5 20.5 22.3 24.6 26.1 26.3 27.3 28.6 31.6 37.3 39.3 46.6 56.7 64.6 66.5 73.6 75.7 80.1 84.6 91.1 97.8 106.5 113.4 117.1 124.9 133.5 139.8 147.1 156 163.3 171.1 177.5 181.2 182.4
226.6 224.1 226.4 240.3 240.3 242.9 253.7 255.4 262.5 261.5 272.5 279 274.1 272.1 260.4 244.4 223.6 197.9 167.3 152.4 131.9 113 97.6 88.6 80.4 68.9 56 46.2 38.9 32.7 29.3 26.4 22.8 18.6 13.1 10.2 9.3 9.5 9.8 10.4 11 11.6 11.9 11.6 12.6 16 18.6 20.1 22.2 25.5 28.1 29.8 30.1 30.8 32.2 33.2 34.8 39.9 47.1 57.5 64.9 71.2 75.6 79.4 85.7 92.4 98.8 106.2 113.3 120.9 129 137.7 145.9 153.5 163.5 173.7 184.3 192.2 197.9 199.6
223.9 219.7 221.8 229.6 232.3 240.7 251 249.8 250.6 254.6 258.2 259.5 253.3 246.8 228.4 213.6 191.5 163 139.8 123.7 106.9 95 87.7 77.5 69.6 59.2 50.2 40.2 32.1 28 25 21.4 20.2 18 14.1 9.8 8.7 9.2 9 9.7 10.3 11.4 11.3 11.5 13 14.5 18 20.2 22 23.8 29 31.3 31.8 34.6 38.9 42.7 46.2 48.6 53.3 55.7 61.7 65.7 73.6 79.2 86.7 93.3 98.5 106 112.6 121.5 131.2 140.8 150.8 158.8 169.3 180.7 191.1 201.5 209.5 213.3
220.3 218.2 219.1 222.2 228.5 239.4 243.8 245.2 243.6 245.4 247 239.7 229.5 208.4 198.1 178.8 156.3 131.4 114.3 101.5 90.3 82.2 74.4 67.2 57.4 49.5 42.6 35.3 29.5 26.1 22.4 18.5 17 15.5 14.2 10.2 8.8 8.7 8.8 9.7 9.9 10.1 10.7 12.1 13.9 16 18.5 20.3 23.4 26.3 26.1 28.7 32.2 38 47 49.8 55.6 56.7 65.5 68.3 68.9 70 74.1 82.1 88.7 94.3 100.4 106.4 112.2 121.9 132.5 139.7 150.9 161.6 171 182.9 195.2 208.4 215.4 218.7
214.6 210.9 216.8 215.1 223.3 233.8 234.4 237.8 235.1 238.1 229 219.8 199.2 178.3 164.2 143.3 125 105.4 92.1 81.4 76.2 68.6 63.6 55.2 46.1 40.1 36.3 30.3 26.2 23.3 19.5 14.7 13 11.5 9.7 8 8 7.8 8.8 9.7 9.6 10 11.4 12.5 14.4 15.6 18.5 22.8 27 30.2 33 36.3 34.3 38 43.9 57 63.6 65.1 66.1 70.6 74.9 79.2 80.1 85.8 91.5 95.9 103.2 109 114.4 123.4 133.3 139.9 150.8 162.9 172.7 185.7 198.5 210.3 217.8 221.6
203.6 208.9 210.6 211.8 217.3 222.2 228.7 226.1 224.7 216.2 206 186 162.6 142.5 127.2 109.5 95.7 81.2 72.7 66.5 62.6 58.3 50 39.8 37.3 33.5 30.1 25.5 22.8 20 16.6 12.1 6.9 6.4 7 7.9 7.7 7.8 7.9 9.5 9.8 10.5 12.3 14.6 16.5 18.8 22.9 26.5 29.7 30.9 33.4 40.7 45.7 48.7 39.5 47.2 59.3 66.6 71.8 74.4 78.1 80.7 84.4 90.5 93.2 98.3 104.7 106.4 117.9 126 134.8 141.5 149.4 159.1 171 184.2 195 206.4 213.2 217.8
195.7 198.6 198.9 204 208.3 212.1 215.4 214.5 204.5 191.6 175 149.5 130.2 111 95.4 77 69 63.4 59.5 53.1 48.9 45.4 36.8 34.1 31.1 26.3 22.8 20.1 16.6 13.6 10.2 6.3 5.9 6.4 7.1 6.6 6.7 7 9.1 14.5 15.3 16.9 17.8 18.5 20.1 23.3 27.3 29.5 31 33 37.8 45.9 54.5 55.5 58.2 47.5 47.8 62.7 72.8 76 81.5 87.4 86.7 89.9 98.5 101.9 102.2 112 120.9 124.6 136.6 143.3 150.1 158 170.1 180.1 191.7 199.3 205.1 212.9
178.3 181.5 186.6 191.5 193.7 194.8 195.1 189.1 178.8 165.5 141.4 118.7 100.8 82.3 64.3 60.8 52.7 49.9 46 42.4 36.7 32.9 30.5 27.8 24.4 20.2 17.9 14.6 10 7 5.8 5.2 5.9 6.5 6.7 7 7.5 8.3 14.2 18.1 19.8 21.6 22.9 23.8 25.6 29.3 32.9 39.7 38.7 44 45.9 59.8 54.4 64.6 74 71.6 56.1 53 59.8 75.3 80.1 82.6 87 94.8 97.6 99.2 109 114.2 121.7 124.9 134.4 144.6 152.1 157.5 166.8 177.2 187.6 195.4 202.7 208.9
164.2 165.3 168.1 172.3 174.7 173.2 168.7 160.8 151.8 131.3 113.4 91.2 72.9 54.9 48.9 45.5 42.4 36 31.7 28.9 28.7 25.8 23.9 21.1 18.3 15 12.3 10 6.1 5.9 5.9 5.4 5.3 5.1 5.6 6 7.1 8.1 12.4 17.8 20.4 24 27.5 29.1 30.6 34.2 36.3 39.7 45 47.2 51.4 51.5 65.2 71.7 78.1 77.9 75.7 62.7 60.5 59.8 76.4 83.5 89.5 91.6 94.7 105.4 109.4 115.8 121.1 122.8 133.6 142.5 152 157.4 166 174 184.5 192.3 199.2 205
144.1 149.3 146.3 146.1 148.5 142.7 138.9 130.1 118.6 100.9 83.1 63.4 47.4 42.1 40 38.2 34.3 28.5 26.3 23.5 22.4 21.1 18.9 16.9 14.5 10 8.1 6.2 5.3 5.4 5.4 5.5 5.3 5.5 4.8 6.6 6.2 7 9.8 16.2 19.5 23.5 27.6 31.3 32.9 35.1 37 41.3 41.3 48.8 49.5 55.7 58.9 62.2 66.6 75.5 79.1 81 75.8 66 65.1 68.1 75 92.4 97.7 103.6 108.2 112.7 120.3 119.7 131.2 140.9 148.9 155.4 161.9 171.3 181.1 189 195.8 202.1
122.8 126.1 124.9 122.9 120.7 113.3 106.3 99.9 87.6 71.4 58.2 43 37.5 33.9 31.9 28.4 21.8 20.2 18.2 16.7 17.4 15.2 12.1 9.1 6.8 5.4 5.9 4.9 4.5 4.6 4.8 5.1 5.2 5 5.6 6.2 6.4 7.4 7.8 12.7 18.5 22.5 26.2 28.9 31.7 34.7 36.4 38.2 40.5 44.1 46.1 51.3 58.9 66 67.4 68.9 71.7 73.5 85.2 88.6 82 87.3 74 75.3 84 102.4 105.9 110.1 116.4 115.7 127.5 137.3 145.3 154.5 157.6 165.7 176.3 184.6 192.2 200.1
105.5 107.2 106.9 105.5 101.2 92.3 82.5 73.3 67 57.1 44.7 33.4 29.4 23.9 20.3 17.5 11.6 7.1 4.8 4.3 3.5 4 4.7 4.7 3.9 2.8 4.3 4.2 4.2 4.4 4.6 4.8 4.8 5 5.6 5.9 6.3 8.2 8.2 9 15 20.4 24.2 28.4 30.7 33.3 36.4 36 39.7 40.7 45.5 52.2 59.2 66.7 73 77.8 80 82 87.5 92.4 95.9 95.8 94.5 90.3 82.7 90.8 91.4 101.2 110.7 114.2 124.3 133.3 142.1 150.7 154.3 162.9 171.9 181.4 189.3 197.8
83.4 84.8 84.3 83.1 76.5 67.7 60.8 54.4 47.9 41.5 30.3 25.7 20.8 9.9 7.9 4.8 2.6 2.2 1.8 1.5 1.1 0.9 1.6 -2.2 2.6 3.5 2.8 4.9 4.1 4.3 4.4 3.9 4.5 5 5.5 6 6.5 7.9 9.3 8.7 11.5 18 22.2 27.1 28 31.1 33.6 35.2 37.7 43.9 44.3 54.1 62.4 68.8 76.4 81.9 86.1 88 90.4 93.1 96.7 103.7 103.8 102.6 101.6 91.7 95.5 96.6 98.4 102.5 113.6 125.8 137.5 146.2 151.4 158.1 167.3 178.1 186.1 194.3
60.8 59.7 59.1 54.7 47.8 42.2 37 33.2 30.4 28 19.7 15.2 7.4 4.7 2.5 2.2 1.7 1.2 0.8 0.3 -0.1 -0.5 -0.8 -2.2 2.1 4.7 4 3.4 3.7 5.1 3.1 4.6 4.5 5 5.4 6 7.7 7.7 8.9 8.9 11.2 13.9 19.9 25.3 28.4 30 32.7 35.7 40.6 42.6 45.8 53.5 64.2 68.7 77.8 88 94.3 102.1 102 102.9 104.4 104.4 106.5 108.9 108.9 105.1 107.7 107.6 109.7 106.2 106 112.1 128.4 138.4 148.7 155.1 165.4 174 182 191.3
33.7 33.6 34.3 32.8 29.4 23.7 19.2 15.2 14.3 11.5 9.8 5.8 3.3 2.2 1.7 1.8 1.7 1.1 0.6 0 -0.6 -1.1 -1.7 -2.2 0 2.2 2.7 2.5 -2.2 -2.2 -2.2 5.1 5.7 5.8 6.2 7.8 8.5 8.5 8.5 11.3 11.6 13.3 15.3 21.6 26.6 30.5 33.2 36.5 41.5 46.2 55 53.8 64.7 75.9 79.3 89.7 94.4 96.9 100.3 103.1 106.9 112.5 108.4 110 112 108.9 110.9 115.3 115.8 118.9 118.5 108.4 116.8 132.2 140.7 151.9 161.8 169 176.9 188.1
13.1 12.4 10.9 -2.2 -2.2 1.8 2.3 3 3.2 3.4 2.6 2.2 1.8 1.3 1.2 1.3 1.4 1.2 0.6 0 -0.5 -1.1 -1.7 -2.2 -2.2 -1.8 1.5 -2.2 -2.2 -2.2 -2.2 4.5 5.5 6.1 6.5 7.5 8.3 8.6 8.7 10.9 14.7 19.1 21.3 25.5 27.7 27.8 30.9 38.4 44 50.4 53.1 61.9 66 76.5 76.7 86.7 94 97.1 100.8 103.3 109 110 112.1 115.1 117.1 116.9 113.4 115.3 117.4 120 124.5 126.3 116.5 123.1 136.5 149.1 156.1 165.1 171.5 181.9
-2.2 -2.2 -2.2 -2.2 -2.2 -2.2 -2.2 0.1 0.7 1.1 1.3 1.2 0.9 0.5 0.6 0.8 0.9 1 0.6 0.1 -0.5 -1.1 -1.6 -2.2 -2.2 -2.2 -2.2 -2.2 0.1 -2.2 4 4.9 5.4 5.7 6.5 7 7.7 8.4 9.9 15.7 19.9 23.9 28.6 33.1 33.6 32.5 36.5 42.9 46.8 49.2 58.7 68 64.8 75.9 77.4 87.4 94.4 100.5 104.7 107.4 113 112.2 117.3 120.9 123.5 123.1 121 125.9 124.3 125.5 125.6 128.8 126.8 118.7 135.5 140.4 153 161.4 167.3 177.9
-2.2 -2.2 -2.2 -2.2 -2.2 -2.2 -2.2 -2.2 -0.8 -0.3 0.2 0.4 0.1 -0.1 0.1 0.2 0.4 0.5 0.6 0.1 -0.5 -1 -1.6 -2.2 -2.2 -2.2 -2.2 -2.2 -2.2 -2.2 4.7 5.4 5.8 5.9 6.4 7.5 7.1 7.8 14.1 20.5 24.9 28.5 32.4 36.2 36.8 37.9 44.3 49.5 52.8 51.4 57 61.4 67 71.4 80 91.1 96.9 102.2 108.6 112 114.4 118.2 122.2 125.6 128.4 130.1 130.4 129.1 131.7 132.5 131.7 132 135.6 133.1 124.9 144.7 152.4 157.3 165.1 174.3
-2.2 -2.2 -2.2 -2.2 -2.2 -2.2 -2.2 -2.2 -2.2 -1.3 -0.7 -0.5 -0.7 -0.6 -0.5 -0.3 -0.2 0 0.1 0.1 -0.4 -1 -1.6 -2.1 -2.2 -2.2 -2.2 -2.2 -2.2 1 2.4 4.3 6.2 6.2 7 7.5 7.2 9 17.3 23.2 26.9 28.5 31.2 34.7 37.9 42.8 48.3 54.4 59.4 58.4 62.4 63.4 69.3 74.6 80.8 90.1 97.9 105.6 110.5 114.7 120.7 124.9 129.5 131.6 133.5 137.7 140.3 138.7 137.4 136.8 137.1 136.8 136.5 139.8 126.3 143 150.5 157 164.4 172.7
-2.2 -2.2 -2.2 -2.2 -2.2 -2.2 -2.2 -2.2 -2.2 -2.2 -2.2 -1.2 -1.3 -1.1 -1 -0.9 -0.7 -0.6 -0.4 -0.3 -0.4 -1 -1.5 -2.1 -2.2 -2.2 -2.2 -2.2 -2.2 -0.2 1.1 2.6 5.6 6.3 6.6 7.7 7.1 8.8 19.2 24 27.1 30.6 34.1 38.8 40.9 44.7 52.5 57.3 61.1 66.1 70.8 67.6 70.7 76.1 81.5 90.4 95.8 106.5 111.3 115.9 123.6 128.6 132.6 137 139.4 142.7 147.7 148 147.6 146 145 142.4 139.9 140.8 135.9 135.3 151.6 156.8 164 171.4
-2.2 -2.2 -2.2 -2.2 -2.2 -2.2 -2.2 -2.2 -2.2 -2.2 -2.2 -1.9 -1.8 -1.7 -1.5 -1.4 -1.3 -1.1 -1 -0.8 -0.7 -0.9 -1.5 -2.1 -2.2 -2.2 -2.2 -2.2 -2.2 -1.4 0.2 1.6 4.2 6.2 6.1 6.7 6.7 10.1 18.6 23.7 28.8 34.3 40.1 45.9 47.9 50.1 55.6 62.1 65.1 65.8 77.2 70.7 75.3 79.8 88.7 94.1 100.6 108.1 115.4 122.9 128.8 133.9 139.8 143 148.2 151.4 155 156.7 158.3 157.8 154 151.1 146.5 143 141.3 134.6 139.3 152.9 161.4 168.4
-2.2 -2.2 -2.2 -2.2 -2.2 -2.2 -2.2 -2.2 -2.2 -2.2 -2.2 -2.2 -2.2 -2.2 -2.1 -1.9 -1.8 -1.7 -1.5 -1.4 -1.2 -1.1 -1.5 -2 -2.2 -2.2 -2.2 -2.2 -2.2 -2.2 -0.3 0.9 2.1 5.2 6.2 6.2 6.9 12 16.9 21.8 27.6 33.3 41.1 47 49.4 52.8 58.9 63.8 67.3 69.3 83 79.5 83.2 87.9 94.1 100.9 105.9 109.7 118.9 125.8 136.7 143.6 145.7 152.9 157.1 158.9 162.6 165.6 166.7 166.2 165.7 161.4 156 147.8 147.2 145 141.4 141.3 158.4 165.5
-2.2 -2.2 -2.2 -2.2 -2.2 -2.2 -2.2 -2.2 -2.2 -2.2 -2.2 -2.2 -2.2 -2.2 -2.2 -2.2 -2.2 -2.2 -2.1 -1.9 -1.8 -1.6 -1.5 -2 -2.2 -2.2 -2.2 -2.2 -2.2 -2.2 -0.9 0 0.4 3.8 5.7 6 9 16.4 21.9 27.1 30.8 33.6 41.4 49.3 55.2 63.7 70 71.6 72.6 76 83.5 85.6 87.5 91.1 98.3 105.6 111.7 112.6 122.8 129.7 140.8 149.6 154.3 159.2 163.6 166.8 169.5 173.1 173.5 174.3 173.6 170.3 165.1 157.2 152.7 150.5 151.6 144.3 147.9 160
-2.2 -2.2 -2.2 -2.2 -2.2 -2.2 -2.2 -2.2 -2.2 -2.2 -2.2 -2.2 -2.2 -2.2 -2.2 -2.2 -2.2 -2.2 -2.2 -2.2 -2.2 -2.2 -2 -2 -2.2 -2.2 -2.2 -2.2 -2.2 -2.2 -1.7 -1.5 -1.4 2.4 4.8 7.9 18.3 21.3 27.2 33 39 42.4 48.3 54.7 59.1 65.9 71.3 74.7 76.8 80.5 84.6 89 92.6 96.2 101.3 107.8 115.9 125.8 126.4 134.6 143.6 151.5 158.3 163.4 169.6 174.5 176.1 179 181.9 183.6 182.2 178.9 174.7 167.7 160.6 154.9 154.8 146 155 153.5
-2.2 -2.2 -2.2 -2.2 -2.2 -2.2 -2.2 -2.2 -2.2 -2.2 -2.2 -2.2 -2.2 -2.2 -2.2 -2.2 -2.2 -2.2 -2.2 -2.2 -2.2 -2.2 -2.2 -2.2 -2.2 -2.2 -2.2 -2.2 -2.2 -1.4 -0.8 0.2 1.1 2.1 5 14.8 24.7 28 34.8 41.7 45.7 49.6 58 63.9 67.4 70.3 75 79.4 82.8 86.3 85.3 92.4 99.4 103.8 107.1 115.3 123.6 128.4 132.7 140.2 148 155.8 162.5 167.9 175.2 180.1 181.9 185.6 188.9 190.1 190.1 187.3 182.3 177.8 171.8 162.9 158.1 149.6 157.9 161.1
-2.2 -2.2 -2.2 -2.2 -2.2 -2.2 -2.2 -2.2 -2.2 -2.2 -2.2 -2.2 -2.2 -2.2 -2.2 -2.2 -2.2 -2.2 -2.2 -2.2 -2.2 -2.2 -2.2 -2.2 -2.2 -2.2 -2.2 -2.2 -1.6 -0.9 -0.2 0.4 1.4 2.3 6.7 19.8 28.1 34.2 41 47.7 51.5 58.8 64.6 69.8 75.5 78.7 78.3 84.7 90.2 92.2 90.2 99.3 109 111.5 117.9 125.4 133.2 135.7 142.3 146.8 153.9 160.4 165.2 173.6 180.4 182.9 186.6 190.5 194.1 197.1 196.2 194.1 188.9 184.4 180.2 172 164.7 154.3 161.6 163.9
-2.2 -2.2 -2.2 -2.2 -2.2 -2.2 -2.2 -2.2 -2.2 -2.2 -2.2 -2.2 -2.2 -2.2 -2.2 -2.2 -2.2 -2.2 -2.2 -2.2 -2.2 -2.2 -2.2 -2.2 -2.2 -2.2 -2.2 -1.8 -1 -0.2 0.4 1.1 1.7 2.4 10.1 20.4 28.4 35.9 42.9 51.3 58.7 64.9 69.5 76.3 78.6 80.7 85.7 90.5 95 93.9 100.1 111.6 119 120.9 126.7 136.8 141.4 142.6 150.9 156.1 157 165.3 173.2 178.3 183.9 190.9 194.3 196.9 198.8 202.8 200 198.3 193.1 190.9 187.2 180.6 171.7 166.6 159.2 165.3
-2.2 -2.2 -2.2 -2.2 -2.2 -2.2 -2.2 -2.2 -2.2 -2.2 -2.2 -2.2 -2.2 -2.2 -2.2 -2.2 -2.2 -2.2 -2.2 -2.2 -2.2 -2.2 -2.2 -2.2 -2.2 -2.2 -1.6 -1.1 -0.4 0.4 1.1 1.7 2.3 8.7 17.9 25 32.4 41.9 48.9 56.5 62.6 71.7 78.3 80.6 81.1 84.4 87.9 95.3 100.5 106.9 111.7 121.5 127.7 133.2 136 143.1 150.2 153.1 155.2 167.1 169.3 172 182.2 187.5 188.4 195.8 198.1 200.1 203 206.1 206.9 203.4 201.9 197.6 190.9 185.4 180.3 174 169.2 161.8
-2.2 -2.2 -2.2 -2.2 -2.2 -2.2 -2.2 -2.2 -2.2 -2.2 -2.2 -2.2 -2.2 -2.2 -2.2 -2.2 -2.2 -2.2 -2.2 -2.2 -2.2 -2.2 -2.2 -2.2 -1.9 -1 -0.7 -0.3 0.5 1.1 1.7 2.4 13.7 21.8 24.6 29 37.3 45.9 53.8 60.2 66 72.3 75.6 79.3 82.8 86.9 91.2 94.8 100.4 111.1 119.2 130.5 135.1 139.1 146.1 148.9 154.8 158.4 161.4 174.9 185.1 178.3 189.8 192.1 193.5 199.7 201.2 202.9 210 211 211.6 211.3 210.3 206.3 200.6 193.1 189.8 183.6 177.8 172.7
-2.2 -2.2 -2.2 -2.2 -2.2 -2.2 -2.2 -2.2 -2.2 -2.2 -2.2 -2.2 -2.2 -2.2 -2.2 -2.2 -2.2 -2.2 -2.2 -2.2 -2.2 -2.2 -2.2 -2.2 -1.6 -0.3 0 0.5 1.2 1.9 3.8 21.3 28.9 28.7 30.6 35.9 43.8 52.8 57.4 62.5 70.5 74.8 77 82.1 86.6 91.1 94.6 97.6 111.2 113.9 127.1 133.4 140.3 147.5 155.4 156.2 156.5 159 170.5 182.2 194 191.2 196.1 199.5 202.2 203 203.9 207.5 217.4 221.3 222.8 221.5 219.3 216.1 211 206.8 200.9 194.6 186.1 183.6
-2.2 -2.2 -2.2 -2.2 -2.2 -2.2 -2.2 -2.2 -2.2 -2.2 -2.2 -2.2 -2.2 -2.2 -2.2 -2.2 -2.2 -2.2 -2.2 -1.4 -2.2 -2.2 -2.2 -2.2 -1.3 0.1 0.8 1.4 1.9 5.7 17.5 32.2 32.4 33.9 39.4 46.5 52 55.9 61.6 67.4 77.3 86.3 86.4 86.4 92.2 97.6 102.7 109.2 117.7 126.2 130 132.4 147.5 155.1 156.9 159.8 158.5 166 180.1 192.2 202 198.6 199.9 205.3 206 207.2 212.6 219.3 228.1 231.5 235.3 231.3 231.3 225.6 222.2 218.7 210.3 203.3 197.3 191.9
