Game/Highland_Data/StreamingAssets/GeoData/Data/ng/NG75.asc
ncols 200
nrows 200
xllcorner 170000
yllcorner 850000
cellsize 50
[rows 35 to 69 of 200, columns 0 to 78 of 200]
2.7 5.5 12 16.1 18.3 19.6 21.2 24.1 15.6 4.7 24.4 29.4 30.5 32.5 30.8 25.3 21.9 24 23.4 24.2 27.9 37.7 43 52.4 61 63.7 65.5 72 69 70.4 80.7 87.6 84.8 84 81.2 86.4 97.4 101.5 97.5 92 91.2 91.7 90 106.4 108.9 106.3 107.9 112.5 106.3 102.1 100 97.9 95.6 95.6 97.9 120.1 115.4 115.7 115.4 117.7 115.5 113.8 109.7 97.9 93.8 87.7 96.9 101.1 94.9 88.4 76.7 74.5 77.7 83 84.1 80 82.9 76.2 63.9
2.7 5.9 12 16.7 22 19.9 20.1 21.5 18.2 8 21 30.5 33.3 29.7 29.9 30.9 25 25.2 24.3 23.9 24.8 30.3 39.2 51.1 57.7 62.4 68.3 69.3 67.6 71.9 81.6 81.5 80.9 80.6 79.1 83.9 93.6 95.9 92.8 93.2 90.9 88.6 88.8 99.6 104.3 106.4 106.4 111.6 105.1 102.2 100.2 97.9 95.6 95.6 95.6 99.9 107.7 121.5 118.4 116.1 115.3 114.5 109.5 103.4 93.7 95.7 100.9 99.9 98.7 90.7 79.2 77.2 79.7 87.7 88.6 93 99.7 95.9 70.1
2.8 10 11.9 17.6 20.7 20.6 19.9 19.4 14.9 8 20.3 25.9 28.2 31.7 35.3 30.9 27.6 25.8 24.3 24.7 25.3 25.6 33.2 41.5 53.7 59.5 64.7 63.1 64.7 77.3 78.1 77.5 79.4 79.8 77.4 87.8 89.3 90 93.2 93 87.3 88.8 88.8 89.7 100 102.8 107.9 109.2 104.5 102.9 103.6 100.3 95.6 95.7 95.6 95.6 106.3 119.1 118.4 118.1 115.2 113.5 108.6 106.6 94.6 101.7 103.8 100.8 99.3 90.1 80.5 79.8 83.6 90.9 97.1 100.6 104.5 95.7 72.6
7.8 10.5 12.6 19.6 21.6 21.6 19.8 18.1 17.6 8.2 17.8 23.6 28 31.3 36.1 28.4 27.1 26.1 25.1 25.5 25.4 25.5 29.3 36.6 47.4 57.4 59.6 58.9 62.4 75.2 73.5 74 74.3 75 74.3 84.9 87.3 87.3 88.8 88.3 88.6 88.8 88.8 89.3 96.9 104.2 107.6 105.6 103.7 103.9 104.1 103.8 98.3 96.4 95.6 95.6 111.9 121.9 122.1 120.9 113.8 109.7 107.6 99 95.9 99.2 100.9 101.8 99.1 89.4 80.9 84.3 89.4 94.7 98.2 100.3 101.2 91.3 77.4
10.4 11 12.7 18.4 22.4 21.7 20.4 19.9 9 10.8 16.5 23.4 32.8 33.4 32.5 34.3 28.6 29.9 26.9 25.9 25.7 25.6 26.4 31 39.6 52.6 55.1 54.1 59.9 60.9 65.7 68.4 72 73.4 74.1 77.1 80 83.8 86.2 87.2 87.1 88.8 88.6 93 100.8 108 104.6 103.5 103.8 104.2 104.6 103.4 97.9 96.1 95.6 95.6 104.7 128.7 129.7 125.9 115.3 110 106.8 97.9 95.9 100.2 103.4 102.3 99.2 87.2 86.2 90.2 97.7 96.3 96.5 97.8 91.8 89.6 74.1
7 10.3 13 16.7 20.3 21.3 19.8 10.7 12.1 11.6 16.8 22.9 29.3 43.5 35.3 36.7 33.8 35.9 39 29.5 27.5 27.4 28.1 32.2 40.8 46.8 50 51.5 54.3 57.7 61.9 68.2 72 73.2 73.8 76.4 78.5 82 84.8 86.2 87.3 87.8 86.2 92.6 103.9 102.1 101.7 104.3 105.1 105.3 106.8 109 100 97.1 95.6 95.6 100.8 127.4 129.9 125.8 119.9 110 107.5 98 96.8 101.9 104.8 101.9 92.8 86.2 94.6 98.6 98.7 97.8 97.8 91.7 89.5 82.7 70.2
6.7 12 14.2 17.4 20.3 21.7 21.6 11.2 13 12.7 15 19.2 23.8 31.4 31.7 33.8 34.7 35.7 36.2 33.5 30.9 33.2 33.4 37.4 44.9 47 47 50.2 50.3 54.5 59.3 67.6 71.5 70.2 73 76 79.2 84.1 83.9 85.7 85.3 84.9 82.6 86.7 98.2 98.6 101.8 106.1 108.2 107.9 112.1 114.5 101.2 98 95.6 95.6 102.6 127.6 127.9 127.9 120 110.9 107.6 97.6 99.9 103.4 105.1 100.4 90.2 90.9 98.8 100.9 98.8 101.2 92.7 88.9 84.8 73.5 63.3
9.1 14.3 16.8 19.3 21 22.6 22.2 21 12.7 14.8 18.9 17.9 19.9 25.6 31.1 36.1 37.7 40.4 39.3 39.2 36.7 36.5 37.5 42 47.7 48.1 47.3 47.9 48.4 51 58.3 65 64.7 68 68.8 73.5 81.4 83.8 82.3 83.4 84.1 79.3 77.6 81.4 91.1 98.5 104.2 113.1 114.2 111.6 113.8 110.6 102 100.9 101.3 95.9 97.9 116.3 124 124.6 121.2 118.4 108.8 100.6 102.7 102 101.3 95.3 89.1 98.8 102.3 98.6 99.8 100.2 89.6 87.6 80.8 68.9 60.6
11.8 17.6 20.3 21.8 22.6 23.7 22.8 20.2 14.8 17.8 21.4 21.7 22.2 24.6 32.7 36.4 42.7 46.3 47.9 44.6 45.3 41.2 41.4 47.3 53.5 52.6 49.8 48.4 48.8 51.3 57.6 60.9 61.5 62.3 63.8 68.3 81.1 81.1 78.7 84.9 80.3 75 74.5 78.6 92.8 102 108.6 116.9 121.8 112.6 112.8 109.7 106.2 107 109.9 104.8 98.3 112.5 125.7 123.7 126.3 129.4 119.6 104.8 103.4 101.6 99.7 91.8 91 97.7 99.9 96.3 99.5 95.6 87.7 83.4 75.4 69.6 60.7
19.8 21.6 23.4 24.4 25.2 24.8 24.7 22.6 17.3 15.7 18 21.6 24 24.4 28.5 38.7 41.6 46.6 47.9 50.3 45.8 43.4 42.6 51.8 61.9 62 59.2 52.7 50.9 51.7 55.3 58.4 61.6 63.4 63.4 59.2 66.9 70.1 72.9 73.9 74.7 74.2 74.2 78 90.6 102.4 110.6 120.4 121.4 114.4 113.8 115.6 109.4 113.5 115.4 108.6 99.4 100.4 121.2 123.7 132.2 138.4 127.1 106.8 102.9 101.2 99.6 93.8 94.3 94.7 93.6 94.4 92.9 86 89 86.2 77.5 67.3 57.2
20.6 27.8 27.9 29.8 29.9 27.3 26.7 26.3 23 15.5 17.5 20.1 24.5 26.9 27.1 35.2 39.4 42.2 47.8 50.2 42.6 39.8 43 59.5 64.3 66.3 67.7 58.1 54.1 55 62.7 63.6 64.2 61.8 57.6 57.6 64 67 68.4 70.6 75.4 73.9 74 76.1 87.6 103.1 113.2 119.8 118.4 116 114.7 114.8 112.5 110.4 114.2 107 99.7 98.1 101.2 129.2 138.7 143.1 132.2 112.9 105.9 102 98.8 95.9 95.2 96.4 92.4 89.9 85.7 83.1 86.4 79.2 70.3 62.5 57.3
23.9 29 34.9 34.2 34 35.1 31.3 27.4 23.7 15.9 18 18.9 20.5 24.8 26 28.4 36.4 38.8 44.1 45.2 39.7 39.5 41.3 51.3 61.6 63.6 63.2 58 51.6 58.7 68.6 66.3 63.6 58.9 57.6 57.6 61.6 64.4 66.8 70.5 72.7 73.9 74.5 76.5 84.5 102.1 105.4 116.9 119.1 120.8 117.2 115.8 110.6 110.2 112.8 104.2 100.3 99.6 99.9 126.2 140.8 140.9 132.3 115.1 104.8 102.7 99.8 96.9 98 103.8 94.1 90.8 84.9 82 77.5 76.9 75.4 67.6 58
25.5 31 37.3 35.3 35.9 36 32.5 29.4 26.3 22 18.6 21.3 20.3 22.1 23.6 26.2 30.4 36.4 41.4 38.5 38 38.6 42.8 47.8 55.4 57.5 57.1 51.6 51.6 52.4 73 69.8 67.5 60.6 57.6 57.6 61.4 64.4 68.9 72.3 74.6 74.8 75.3 77.3 83.4 90.6 97 110.6 118.4 122.3 124.6 120.4 115.1 109.6 108.8 106 106.2 106.5 106.5 120.2 142 139.4 130 119.1 105.6 103.8 101 97.6 103.2 103.6 100 91.5 83.9 80.5 76.4 82 86.8 77.5 61.3
27 32.7 38 36.4 37.3 38.4 41.9 37.2 29 22.6 19.2 20.5 23.1 24.7 26.6 33.1 27.4 33.4 29.9 31.8 37 38.1 42.5 46.4 51.3 55.4 57 51.6 51.6 51.6 72.3 71.7 69 67.3 66.2 62.7 64.9 66.9 70.1 74.3 78.3 80.6 77.4 78.1 82.2 89.1 98.6 113.5 121.1 125.8 128.8 121.4 121.9 109.8 108.7 108.6 108.5 111.4 112 116 137.3 134.3 124.8 111.4 104.2 105.9 105.8 99.8 103.5 105.1 111.5 94.2 82.5 82.5 80.8 88.4 93.6 76.8 64.9
27 32.9 35 35.5 38.5 41.1 44.4 39.6 41.5 22 20 18.9 24.2 24 26.7 28.6 35.1 38.6 39.9 42.2 35.8 37.4 40.2 42.8 46.5 51.1 56.8 57.9 51.6 51.6 63.6 67.5 68.3 70.1 72.7 69.4 68.9 73 75 78.4 81.8 82 80 78.8 81.9 88.6 101.6 116.6 123.3 126.1 123 120.1 116.4 111.6 109 117.9 115 116.6 119.2 121.5 141.7 143.4 128.3 106 105 109.5 105 101.5 104.2 104.8 113.4 94.4 85.2 86.5 84.4 90.4 87.5 81.9 69.9
28.4 29.5 30.5 33.7 37.2 41.4 40.1 39.3 44.9 24.1 21.1 20.6 23 24.8 27.1 30.4 37.4 42.5 43.8 39.7 37.1 37.4 38.4 39.5 40.6 47 53.9 59.4 54 51.6 57.6 63.2 66.6 71 74 71.4 71.5 75.1 76.4 84 86.8 85.9 85.2 83.2 83.8 89.6 107 116.3 120.3 124.1 120.3 118.4 115.8 114.2 112.8 116.9 126.9 121.4 126.7 126.9 140 139.1 130.9 109.2 106.3 106 101.8 104.6 104.5 104 99.5 91.6 87.9 89.7 88.1 87.9 86.6 84.2 75.4
32.9 33 35 36 38.3 40.6 40.4 39.9 41.3 27.3 23.9 23.2 22 25.2 27.8 29.1 33.8 38 39.6 39.1 39 38 38.8 40 41.2 45.2 54.3 58.9 58.9 51.6 53.7 62.3 66.7 72.8 76.9 73.8 73.8 76.4 76.7 80.1 88.2 90.4 91.5 89.1 86.9 88.6 100.3 108.8 114 118.6 119 117.6 116.6 119.2 119.1 113.9 127.7 126.5 132 135.2 131.8 133.2 121.3 110.1 104.7 102 101.5 103.2 100.1 100.1 95.2 90.9 92.3 95.4 93.1 90.6 87.9 84.2 73.9
33.8 35.9 36.8 38.9 39.8 40.9 43.5 46 44.3 34.8 26.8 27.1 27.9 26.2 27.2 27.8 31.8 35.9 39.7 41.5 40.8 40.4 40.9 40.4 42.1 43.3 51.7 57.9 60.7 59.3 58.6 64.2 73.5 78.6 80.4 78 76.3 76.7 77.5 78.4 88 92.9 95.9 92.8 92 93.2 91.9 97.7 104.8 112.1 115.4 119.7 120.5 129.7 123 118 120.4 129.2 140.4 140.6 137.6 125.1 117.1 111.7 102.3 97.3 94 96.1 95.3 93.7 87.9 92.9 93.8 104.8 105.7 96.5 91 85.5 72.7
40.6 36.8 40 42.5 42.8 41.4 46.4 46.2 43.8 38.8 41 37.1 32.4 30.8 29.4 30.9 34.5 39.7 43.4 44 43 41.8 43.4 42.5 42.9 44 48.2 54.8 58.4 60.9 65.4 73.5 82.9 85.3 87.2 83.6 81.3 77.1 77.7 79.2 89 91.3 94.8 95.3 95.4 96.9 96.9 98 104.1 107.1 109.8 116.9 126.3 125.2 123.1 122.3 122.3 131 144.7 144.9 138.6 123.5 110.1 105 99.9 89.6 87.9 93.6 87.9 87.9 87.9 97 108.3 111.9 107.8 98.2 91.7 80.6 83.4
47.7 44.7 40.9 46.5 42.7 42.4 43.9 45.7 46.1 44.4 43.9 47.4 47.4 46.5 41.6 33.8 33.2 40.4 44 48.5 46 45.7 43.5 45 44.4 45.6 46.9 51.2 55.9 59.1 66.6 76.4 82 86.7 89.3 89.3 84.3 79 78.3 82.3 89.6 92.1 94.2 100 100 100.3 101.6 103.4 105.5 108.8 111 116.8 128 128.9 127 129.9 124.8 125.9 141.2 147.6 140.6 131.4 109.3 103.1 94.8 87.9 87.9 87.9 87.9 87.9 97.9 114.2 111.2 112 106.6 109.1 92.2 79.9 94.2
53.7 50.9 43.2 48.2 46.4 43.7 43.6 45.8 51.6 49.6 49 48.7 54.7 55.5 55.3 49.1 41 38.3 45.9 50.3 51 47.4 47.9 46.2 45.8 50 50.7 52.4 55.2 58.1 65.4 77.3 83.9 87.1 91.8 94.4 88.7 82.1 81.4 86.3 93 93.7 96.8 102.4 111 111.7 110.8 108.2 107.2 110.8 112.5 118.7 125.4 128.1 128.6 134 126.9 128.6 134 141.4 138.4 129 113.4 102.9 94.6 87.9 87.9 87.9 87.9 96.7 117.2 120.1 116.4 112.2 110.8 109.8 88.7 90.4 100.7
59.3 51.3 45.8 47.3 48.6 48.6 44.6 46 50.4 51 51.2 51.1 54.3 57.2 65.1 57.9 53.3 49.5 44.8 45.4 50.4 53.1 52 51.5 46.2 54.1 58.3 60.2 58.1 57.7 66.1 79.5 83.6 86.8 92.1 94.9 92.3 86.3 84.8 85.6 95.5 94.5 96 102.6 112.3 121.3 122.1 111.4 109.2 109.8 113.9 120.3 126.2 128.7 130.8 134.5 128.7 132.8 133.1 134.5 131.9 126.1 117.8 105.6 98.9 89.6 87.9 87.9 94.4 112.8 127.3 127 121 113.9 113.3 104.9 87.1 97 97.7
62 54.9 47 48.1 49.7 51.2 47.3 45.9 46.4 48.6 52.1 54.9 58.7 61.6 65.7 67.3 64.9 62.2 59.7 51 53.5 53 55.8 60.7 57.7 50.3 59.4 65.9 65.4 61.9 67.4 77.7 83.3 86.9 91.7 94.1 92.1 87.8 88.7 88.9 96 96.7 95.9 102.3 113.8 120.3 121.4 113.8 110.2 109 112.9 121.6 126.3 127.3 130.2 128.5 128.8 130.7 135.3 132 128.6 124 115 108.6 103.2 97.2 91 101.5 107.1 117.2 129.3 130.2 125 117.5 111.2 109.9 98.9 97 103.1
60.5 59.3 51.4 51.2 53.9 54.3 57.3 49.3 46.6 48.2 55.2 60.8 63.4 67.8 70.9 69.7 76.8 67.9 64.7 66.1 58.7 58 57.2 57.6 62.7 59.9 50.3 65.6 65.7 63.5 65.9 73.7 82.5 87.2 91.2 93 94.7 89.3 89.1 89.5 95.4 97.7 98.2 107.9 118.3 124.4 123.6 117.1 110.6 109.7 110.4 124.3 126.3 125.8 130.9 128.3 127.4 127 127.9 131.2 127.4 121.7 116.7 112.2 105.9 100.3 95 109.5 122.7 126.8 132.4 132.1 123.2 116.7 109.9 101.9 97.7 99.1 103.2
68.3 60.2 59.2 56.4 58.3 62 58.5 59.7 47.6 48.3 51.5 67.6 69.5 71.2 76.1 78.3 75.2 80.8 74.8 69.9 72.3 67.2 68.7 64.6 60 63.4 56.5 57.6 64 65.8 68.5 74.9 82.1 86.7 89 94.8 97.1 91.9 89.6 89.6 95.2 98.3 98.6 112.9 119.9 126.3 126.3 124.7 112.4 110.5 109.9 117.9 121.8 124.7 126.9 130.7 126.3 125.3 124.3 125.6 130.5 123.8 119.5 114.1 108.7 101 103.1 113.3 122.3 129.2 133.7 133.4 124.1 115.2 105.5 99.1 97.2 98.7 107.7
77 71.9 66.5 61.9 62.2 62.5 62.6 63.9 53.9 48.4 52.2 64.3 72.3 76.1 81.1 84.6 80.6 81.1 79 75.8 75 74.9 78.8 79.3 76.7 63.3 63 54.8 62.3 64.2 69.3 81.1 83.7 86 89.6 94.6 96.3 93.7 93.9 91.5 92.1 96.6 99.4 112 117.8 125.9 127.4 126.9 115.1 112.3 111.6 116 121.6 122.6 120.9 122.7 124.9 122.8 120.3 119.6 127.5 123.2 121.8 116.1 111.9 102.4 103.6 114.4 121.1 129.2 130 133 126.4 114.9 108.8 99.5 97.8 100.2 106.7
74.5 72.6 70 68.9 66.3 72.2 73.6 63.4 55.6 48.9 53.2 63.8 72.3 76.5 82.1 86.4 94.4 85.1 84 85.6 79.9 76.7 81 80.4 86 74.4 66.2 63.7 59 63.3 68.3 76.8 82.2 85.4 87.3 91.7 93.3 93.1 96.2 95.5 92.6 95.6 100.7 114.7 116.9 122.9 128.9 127.3 119.3 113 112.9 117.4 120.4 120 114.1 120.3 121 116.7 114.1 114.1 114.1 114.1 116.9 116.4 113.4 109.1 105.3 119.5 124.4 127.2 127.2 128.3 121.3 112 107 98.6 99.7 102.7 111.8
64.6 71.6 71.9 73.9 71.4 72.1 78.6 67.4 55.7 49.9 53.2 64.2 75.6 81 82.3 86.8 93.6 89.2 86.8 86.3 83 85.8 79 80.9 84.5 79.4 69.2 67.7 62.5 60.6 64.6 71.9 78.9 81.9 85.8 90.4 93.2 92.5 94.7 96.3 93.6 93.7 101 112.6 117 119.4 126 127.5 120.9 113.8 113.8 116.5 120.2 116.4 114.1 114.1 114.1 114.1 114.1 114.1 114.1 119.8 124.1 119 119.1 116.3 111.1 121.3 127.3 126.5 126.7 123.6 117.2 108.2 102.8 101.2 103.1 112 117.8
73.6 71.3 74.3 76.9 77.8 76.3 78.5 70.4 57.2 54.1 61.1 68.8 75 84.7 90.6 93 92.7 92.9 92.7 88.4 84.8 84.6 85.7 92.3 94.8 86.8 82.3 71 67.4 64.6 59.4 65.7 70.5 76.5 81.8 86 91.3 88.6 92.5 95.5 94.9 94.3 101.6 108.2 116.8 119.6 125.2 122.6 117 113.9 114.1 115.2 124.8 121.6 114.1 114.1 114.1 114.1 114.1 114.2 120.7 124.7 126 124.1 123.1 120.9 116.3 123.3 130.2 135.5 126.7 124.3 116.5 107.8 106.1 115.1 109.4 119.2 117.8
77 74.3 73.9 76.5 80.2 77.5 76.5 73.9 60.7 54.7 64.6 69.4 73.8 81.4 92.7 101.8 101.8 99.2 103.2 93.8 97.8 89.2 91.7 93.8 98.5 88.5 86.6 75.2 71.1 69.4 68.7 62.1 67.6 70.8 75.7 83.4 86.3 83.4 89.1 99.5 96 95.9 109.5 109.9 114.9 118.7 120.4 119.4 117.5 114.7 114.3 115.2 123.5 122.9 114.1 114.1 114.1 120.7 121.8 123 124.4 125.4 126.3 129.5 126.1 123.6 117.9 125 132 137.9 130.3 123.6 119.3 107.5 117.3 126.3 114.2 126.4 120.7
78.5 82 84.1 84.1 79.5 78 76.3 79 59.6 58.5 67.6 72.7 76.6 80.5 92.1 104.1 104.6 105.1 107.8 101.7 100 94.9 100.1 96 102.2 97.3 92.2 87 74.3 72.2 74 78.8 64.1 67.9 70.3 75.4 81 84.9 82.3 98.3 96.3 96.3 110.2 112 113.9 118.7 117.5 116.4 115.4 110.2 113.7 115.9 122.1 124.2 119.8 114.1 118.9 125.1 125.2 126.5 126.2 126 128.3 128.6 127 124 119.7 118.3 131.3 142.1 131 124.5 119.6 112.7 126.3 131.9 124.1 130.3 130.1
83.4 89.3 88 88.8 85.4 77.7 75.8 72.6 61 60.8 72.5 76.6 79.9 83.3 90.8 102.4 107.2 107.2 109.1 106.4 104.4 97.7 101.4 100.4 102.2 100.3 93.6 94.1 82.3 74.9 75.2 76 68.7 68.1 69.2 70 69.9 73 77 92.8 96.9 97.3 107.1 111.8 113.3 114.6 115.2 116.7 116.5 109 113 118.7 121.4 125.8 125.6 121.5 122 131.1 126.7 126.9 127.5 128.1 128.1 129.8 127 123.8 119.1 119 133.9 138.5 127.2 126.2 123.5 115.7 126 136.4 139.8 140.1 136.6
88.8 89.5 89.1 95.3 94 79.1 72.4 66 63.8 67 77.5 80.9 84.5 89.5 94.6 102.2 106.1 110.2 108.7 104.5 102.9 97.4 103.2 103.4 103 102.1 103.7 104.2 94.9 86.7 74.3 73.6 71.4 70.6 69 69.4 70.4 72.2 72.1 84.5 90.3 91.5 104.8 110.5 112.2 115.3 115.8 116.2 116.6 109 110.9 125.5 124.8 126.6 128.8 125.5 127.4 131.5 130.7 130.6 131.5 131 130.6 130.4 128.7 123.3 118.4 122.3 134.1 135.6 127.8 126 122.2 115.3 123.4 132.8 145.8 149 151.7
92.3 90.3 96.4 100 91 80.7 74.3 66.9 69 78.5 84.9 88 90.2 94.5 99.8 103.7 105.4 110.2 108.2 106 100.6 100.6 101.6 103.3 104.3 106.4 111.5 109.7 105.9 96.7 92 82.6 74.9 72.4 75.1 70.4 70.9 72.7 72.9 74 80.3 90.4 106.4 109.9 111.2 113.4 116.9 115.3 119.5 109 109 126 130.8 131.5 129.1 127.6 129.4 130.8 133.7 132.8 132.8 132 131.9 134 135.4 127.8 118.7 127.6 134.4 140.6 128.6 127.8 119.3 117.7 125.2 133.7 142.7 147.8 152.4
74.8 85.3 94.3 98.6 96.7 86.1 80.2 68 73.1 83 88.6 93.1 99.2 105.5 111.9 111.6 111.8 111.4 108.2 105.3 105 107.3 105.2 107.9 107.1 112.8 113.8 110.7 114.7 100.4 97.2 96.6 86.7 81.7 73.8 76.7 74.9 73.8 74 75.6 82.3 90.3 103.3 110.5 110.9 111.8 112.1 114.4 116 109 109 119.1 134.7 132.7 134.2 136 131.6 132.2 135.1 137.8 134.5 133.5 134.1 135.6 134.3 127.3 120.8 129.3 133.5 140.5 132.8 126.9 120.6 121.5 127.2 133.4 136.7 142.5 148.5
