Game/Highland_Data/StreamingAssets/GeoData/Data/ng/NG81.asc
ncols 200
nrows 200
xllcorner 180000
yllcorner 810000
cellsize 50
[rows 140 to 174 of 200, columns 0 to 77 of 200]
508.5 514 511.1 492.8 471.8 458.5 440.2 418.7 413.9 398.1 398.1 394 388.4 382 362.8 349.6 339.1 332.4 328 322.7 321 325.1 320.3 320.5 321.8 323.6 325 325.2 326.9 327.6 329.2 331.3 336 345.3 357.2 371.8 384.5 382.2 388.1 396.9 404.1 410.6 429.7 437.9 443.9 456.5 463.6 468.4 475.9 486.2 486.8 494.2 498.7 508.8 515.1 530.4 548.6 572 606.1 637.9 668.1 695.6 715.1 742.6 775.1 804.9 834.1 871.1 885 894.4 899 899.8 904.8 908.2 906.6 912.3 912 899.1
519.7 516 503.8 494.2 474.7 454.8 434.2 415.9 408 400.1 395.8 399.6 390 370.2 359.2 350.1 341.7 333.2 328.4 322.8 321.3 321.9 320.3 320.3 321.7 323.2 324.9 325.6 325.8 326.7 329.7 335.5 342 345.2 350.2 358.3 366.7 376.5 383.2 393.4 417.5 430.2 441 454.2 464.7 473.3 484.6 486 495.6 508.4 514.8 524.2 534.5 540 548.9 559.3 574.1 593.5 614.5 634.1 666.4 692.2 712.1 733 763.9 789 814.1 841.6 859.7 878.5 888.4 891.5 897.7 906.1 905.3 909.2 920.7 920.6
538.5 520.2 502.1 487.7 466.6 451.8 436.2 418.9 411.8 406.6 393.9 387.5 378.4 371.7 356.7 348.8 341 334.2 329.2 323.3 321.6 320.3 320.3 321 322.2 324.1 324.1 325.4 326.7 331.8 332.1 339.3 348.5 349.9 353.9 365.2 373.9 381.4 391.9 413.5 425 442.1 448.7 460.8 470.5 486.2 496.8 507.4 526.9 540.2 559.3 566.2 569.2 575.8 582.5 593.4 606.4 619.7 638.2 655.7 674.4 693.2 712.8 730.3 754.7 778.6 798.6 820 837.2 855.7 869.2 880.4 891.6 898.4 902.6 906.7 917.2 882.6
542.7 526.7 510.1 489 474.6 461.9 444.5 426.4 423.8 413.5 399.7 380.8 370.7 365.7 359.2 349.6 339.4 330 327.2 324.7 323.7 321.7 321.4 320.3 322.4 322.6 322.8 325.7 332.1 337.3 339.1 342.8 348.1 355.6 367.1 374.5 381.8 392 407.2 419.8 430.1 441 455.7 465.1 476.3 493.7 507.2 524.7 548.8 567 584.6 594.2 600.8 600 605.8 614.5 626.4 636.3 648.1 666.3 688.8 704.8 716.9 730.4 752.4 774.9 795 813.6 834.6 853.3 872.8 892.1 908 912.1 911.3 916.2 894.7 852.3
520.5 517.8 510.7 499.3 487.3 472.1 454.2 439.5 433.7 412.3 400.6 380.2 372.7 369.9 360.9 358.9 349.1 333.8 329.4 327.9 329.9 325.5 326.7 329.4 332.7 335.2 334.3 336.1 338.6 342.3 344.6 347.9 363.3 365.8 371.2 379.6 388.1 397.6 416.8 425 437.4 449.2 459.9 473 488.3 508.9 525.3 548.4 557.6 567.2 578.1 588.3 596.2 609.2 623.7 631.5 637.2 644.2 657.2 673.1 696.8 709 722.4 739.6 767.8 787.6 806.4 833.3 854.9 874.6 896.1 917.8 935.8 933 926.2 927.3 871 835.1
507.4 505 493.4 494.5 489 468.3 456.2 435.9 423 411.8 398.5 397.7 398.5 394.7 386.9 373.9 360.4 351.3 353.9 338 347.1 349.8 354.4 356.4 357.1 364.9 365.1 368.3 370.5 364.2 358.2 363.4 365 367 378.1 390 400 414.6 429.8 439.8 448.7 459.5 468.8 482.7 498.6 512.2 532.8 553.4 558.7 563.3 567.8 573.9 583 592.9 612.5 631.5 641.3 645.3 657.9 677.8 699.1 713.9 731.7 756 785.9 809.8 830.6 858.9 883.4 905.7 928.7 952.8 957.5 948 940.3 932.4 865.1 825
475 478.9 470.7 469.1 478.9 466.4 452 431.3 417.8 425.4 415.6 408.1 423.1 413.8 403.4 389.5 377.6 362.1 363.2 351 351.8 354 359.2 364.5 367 374 380.5 381.6 378 374.1 374.9 367.9 363.4 365.5 375.7 383.7 401.8 415.8 435.4 455.6 466.1 475.1 481.7 484.4 492.4 503.9 522.6 538.8 546.6 548.2 554.5 558.6 567.7 575.4 592.2 615.6 633.8 639.4 653.9 689.5 712.3 720.7 733.8 767.1 801.9 828.8 849.8 879.2 893.9 913.2 946.7 968.3 966.3 956.1 953.4 935.1 862.9 826
432.7 452.7 449.4 441.8 453.2 449.1 446.7 449.4 444.4 442.6 436.2 422.6 417 417.6 416.7 396.8 384.7 381 376.3 362.5 354 352.4 360.9 370.1 374.5 382.9 389.8 393.3 382.6 380.8 370.9 366 363.4 365.7 374.3 379.6 386.2 397.5 420.5 446.2 467.6 475.4 481.3 485.6 485.3 483.4 500.1 509.5 516.9 524.5 530 538.8 549.4 560.3 578.9 594.8 613.8 629.2 652.6 684.5 710.2 716 734.6 753.7 783.4 798.5 819.3 859.7 855.4 876.3 895.1 926.3 938.6 951.6 948.7 914.5 871 836.3
400.3 421.3 428.5 421.1 426.4 433.7 442.7 463.7 448.3 432.9 427.2 423.6 415.9 409.7 398.9 390.9 383.9 385.2 391.2 381.9 365.1 350.8 346.8 366.4 369.7 382.6 386.9 382.6 370.1 367.4 366 360.9 365.6 365.7 364.6 373.4 373.9 377.8 390.5 416.1 433.9 447.2 454.3 448 431.2 444.9 461.6 470.8 477.7 484.2 491.1 506.1 523.4 534.7 559.7 579.1 593.9 607.6 630.9 649.2 671.9 678.6 697.7 731.6 735 761.5 780.7 796.6 819.6 833.9 854.2 861.6 883 892 909.4 920.8 879.6 852.6
380.1 394.5 425.3 410.2 406 400.1 413.7 435.3 432.2 425.1 414.7 414.5 410.8 397.6 380.6 370.3 369.4 376.8 371.5 372.9 359.6 342 330.3 336.6 342.1 364.4 364.4 349.5 362.3 355.8 354.9 349.2 349.4 351.9 349.8 343.5 348.4 359.9 365.9 385.4 402.9 401.9 405.4 394.9 389 402.4 406.3 424 436.3 443.9 456.8 470.1 483.7 500.9 522.5 550.6 579.3 592.8 603.7 616.7 635.5 644.3 658.8 678.1 695.9 710.4 734.6 749.9 779.6 783.1 808 830.8 838 864.9 869.7 905.3 899.7 877.2
364.7 366.2 390.2 390.8 380.1 373.6 379.6 407.3 404.9 399.2 397.2 391.9 390.5 384.9 369.9 349.9 344.2 349 344.8 336.6 334.4 318.1 319.2 294.5 308.5 321.6 324 329.6 339 331 324.7 332.9 331.7 331.8 321 316.9 318.5 338.2 341.6 346.2 353.5 356 353.9 345.5 351.6 357.2 369.4 378.1 393.8 406.6 423 439.4 452.7 470.8 493.8 514.9 534 553.4 568.4 581.9 594.8 605.9 625.8 643.3 661.8 676.9 699.1 710.5 731.3 751.3 770 783.1 799.4 814.1 853.1 874.1 893.5 887.5
352.6 342.8 349.1 368.5 350.7 351.2 353.3 371 370.9 362.1 364.7 365 360.1 359.3 341.8 330.5 317.7 304.5 301.5 302.3 295.7 283.3 274.8 260.6 274 294.5 307.8 316.3 308 304.4 298 302.8 282.4 286.1 294.5 289.6 293.1 303.7 305.1 305.5 305.4 301.2 297.9 307.3 315.9 322.6 332.4 341.6 355.7 370.4 384.8 401.7 418.9 438.5 458.8 481.4 502.2 514.6 530.8 546.7 556.9 570.3 589.7 615 629 648.1 667.2 678.1 698.1 719.4 735.7 748.5 765.8 797.6 807.9 838.8 867 855.4
341.4 313.1 323.7 335.8 324.9 314.6 316.9 333.8 332.7 323.7 318.8 316.2 312 314.2 321 304.8 284.3 275.8 277.8 269.6 259.6 246.1 233.8 241.8 276.9 285.8 296.7 296.5 278 280.7 274.8 259 244.2 245.8 246.3 247.2 243.4 250 250.4 253.8 257.6 265.4 265.2 273.5 280.7 289.4 299.4 309.3 323.4 339.1 356.5 372 391.8 409 430.7 450 465.3 480.6 493.5 506.3 519.8 539.5 555.2 572.7 591 615.5 630.3 648.1 668.5 688.7 701.2 714.6 730.8 749.9 771.2 785.6 826.4 816.4
314.3 303.3 291.1 313 309.1 287.5 287.8 304.7 300.6 290.3 290.3 291.3 294.4 286.2 283.6 284.1 271 254.3 249.5 234.4 208.8 203.8 221.7 247.5 266 266.7 258.9 253.1 240 224.9 231.8 224.5 207.3 210.9 210.4 205.3 204 211.4 216.5 222 230.3 241.7 246.7 251.3 260 264.8 272 285.2 293.4 304.2 319.1 342.8 360.2 379 399.6 416.4 432.3 445.9 458.5 470.7 492.1 511.1 524.7 543.1 556.1 574.5 598.4 618.8 638.7 654.9 669.1 684.7 695.9 711.8 730.2 743.8 759.9 774.7
291 290.1 258.8 266.4 282.4 256.7 256.4 270.5 273.7 269.2 266.3 264.3 271.1 263.7 253.4 237.4 232.6 216.3 189.8 175.3 186.6 196 201.5 228.7 232 223.6 209.7 193.9 185.5 182.1 180.1 179.9 176.3 176.6 181.1 180.6 184.5 190.8 199.1 201.8 206.7 211.5 223.3 229.7 232.3 235.9 238.5 246.6 264.5 278 294.8 311.7 330.2 350.6 368.5 382 396.9 411.2 423.9 438.7 460.5 481.7 499.4 514.6 527.7 550.6 571 590.3 607.2 623.9 638.8 649.9 660.1 674.1 687.5 706.9 724.1 759.1
258.6 263.7 230.7 233.9 237.4 221.1 232.2 238.8 240.7 239.9 231.6 235.8 226.9 215.2 203.1 188.1 180.4 157 152 146.3 170.1 163.5 152.3 173.9 179.1 177.3 156.5 146.8 148.9 153.8 153.2 157.8 152.7 150.8 153.7 152.7 155.3 162 168.2 175.3 184.8 187 188.3 201 208.8 209.8 219.3 231 241 252.7 267.5 283.1 301 320.1 340.4 347.5 359 375.6 392.7 410.5 437 455.8 471.1 489.1 506.4 524.9 544.3 561.8 576.3 593.1 606.7 615.9 624 638.7 657.2 673.4 689.2 714
209.9 223 225.4 185.7 190.1 186.7 202.6 207.7 205.7 203.3 199.6 191.6 181.9 168.7 156.9 144.7 131.9 125.3 121.6 105.8 113.7 115.5 112.3 121.2 120.7 114.9 110.2 108.9 112.2 111.8 114.7 120.5 125.3 122.5 122.1 123.9 133.4 142.9 138.6 143.1 150.4 157.9 167.3 173.7 187.9 197.6 200.8 215.1 225.3 236.1 247.3 255.7 266.1 284.1 300.6 312.1 331.7 345.4 362.6 380.4 399.4 426.6 448.3 468.9 484.9 504.4 522.4 533.6 551.3 564.4 576.2 584.9 595.4 608.9 624.3 641.8 657.3 673.2
159.6 182.7 186 168.9 144.1 160.9 169.3 171.1 180 176.7 169.7 159.9 151.8 137.1 113.3 98.1 95.5 91.3 88.1 79.3 75.7 74.4 71.2 75 76.6 83.6 83.4 77.9 78.2 80.1 81 82.3 88.2 96.8 103.6 104.5 111.5 116.4 115 120.5 130.1 139.9 145.1 155.6 159.9 163.3 172.3 181.5 197.9 215.5 226.4 234.3 237.6 248.9 263.1 278.2 297.4 315.5 333 350.1 370.9 397.9 421.1 436.1 448.9 461.6 486.7 512.7 526 535.9 545.7 554.1 561.6 576.8 592.9 609 629.4 642.3
134.1 146.4 154.4 151.6 118.7 137.4 153.1 142.3 148.1 147.8 134.9 119.1 97.4 84.6 79.5 75.4 72.8 69.2 64.7 60.5 52.1 51.2 48.5 48.3 53.7 61.5 60.6 58.8 55.2 55.3 56.5 58.4 60.7 68.2 74.7 81.7 86.9 93 100.5 110.8 121.2 125.5 132.1 137.4 136.9 141.4 149.5 159.1 168.2 185.6 198.9 209.5 215.9 222.8 243.2 254.3 269.2 285.4 306.2 332.3 351.4 368.5 394.5 404.1 417 431.6 453.1 473.5 489.9 510.8 518.7 523.1 532.7 547.1 565 575.5 588.3 612.7
111.2 117.8 117.5 117.2 108.8 107.4 120.2 103.5 81.5 92.5 90.4 69.3 63.2 61.4 60.3 57.2 53 52.8 52.8 45.9 39.9 31.8 28.8 27.4 28.6 29.6 37.3 45.5 44.4 41.4 37.3 39.9 44.2 44.9 50.3 58.2 65 71.3 75.8 81.5 89.5 92.6 98.1 103.4 107.4 111.3 122.3 121 139.6 154.5 176.1 182.9 193.4 200.4 213.6 237.4 243.5 261.3 284.7 308 326.2 333.7 360 375.5 392.8 405.6 421.2 445.7 469.2 475 487.5 497 508.1 521 534.8 540.3 553.4 579.2
88.9 87.8 86.9 84.7 80.4 68.1 68.4 65.2 56.6 53 48.6 43.1 40.6 39.6 43.7 47.5 40.7 40 43.7 33.7 26.2 19.6 17.8 7.4 6.1 8 14.9 21.2 26.9 26.9 22.6 25.8 29 25.2 28.6 35.9 43.5 47.3 50.5 52.9 60.9 66.9 68.8 70 72.4 80.7 90 101.9 116.8 127.5 142 155.6 168.3 177.8 186 199.6 215 227.8 244.9 262.6 292.6 319.9 341.2 353.1 362.7 379.5 393.1 427.8 433.4 455.2 463.3 465.7 482.3 495 505.2 508.3 519.7 533.5
66.3 50.1 59.3 59.4 50.5 37.6 38.7 38.1 20.5 25.2 26.6 24.5 19.4 23.5 24.1 27.8 24.9 25.7 28.6 22.9 12.2 5.5 2.1 -1.9 -1.9 -1.9 1.1 1.4 12.2 13.2 9.3 10 8.3 8 10.9 19.6 24.8 27.3 29.1 31.4 31.3 35.2 39.8 40.2 46.2 53 62.2 75.5 87.1 101.1 113.3 129.2 144.2 157.5 170.7 181.4 194.2 202.6 220.5 234.8 276.3 301.8 312.6 325.9 333.5 352 369 395.8 410.1 425.2 430 434.5 443 462.5 474.8 480.2 487.2 501.4
43.5 27.3 36.5 30.7 27.7 20.5 -1.9 -1.9 -1.9 -1.9 8.2 -1.9 1.8 -1.9 -1.9 -1.9 7.1 12.6 8.7 4.4 -1.9 -1.9 -1.9 -1.9 -1.9 -1.9 -1.9 -1.9 -1.9 -1.9 -1.9 -1.9 -1.9 2.2 3.9 7.1 9.2 13.2 17.3 21.3 23.7 24.7 25.4 29.4 31.9 37.1 45 53.3 63.6 77.3 94.7 112.4 125.6 147.6 156.2 171 178.6 180.8 191.6 210.5 234.7 263.1 277.8 292.5 305.2 319 334.8 366.9 377.4 381.4 400.1 413.1 424.8 431.1 453.2 457.5 458.5 471.6
24 -1.9 -1.9 -1.9 -1.9 -1.9 -1.9 -1.9 -1.9 -1.9 -1.9 -1.9 -1.9 -1.9 -1.9 -1.9 -1.9 0.3 -1.1 -1.9 -1.9 -1.9 -1.9 -1.9 -1.9 -1.9 -1.9 -1.9 -1.9 -1.9 -1.9 -1.9 -1.9 -1.9 1.7 4.5 7.9 17.3 26.8 34 32.9 31.8 34.8 35.3 34.7 46 42.3 41.1 48 67.3 88.9 102.1 110.9 118.2 132 142 151.5 155.2 169.2 187.5 211.6 237.2 250.3 262.2 276.4 295.6 316 338.7 343.3 350.4 372 375.3 387.7 398.7 408.7 419.5 435.9 451.8
-1.9 -1.9 -1.9 -1.9 -1.9 -1.9 -1.9 -1.9 -1.9 -1.9 -1.9 -1.9 -1.9 -1.9 -1.9 -1.9 -1.9 -1.9 -1.9 -1.9 -1.9 -1.9 -1.9 -1.9 -1.9 -1.9 -1.7 -1.9 -1.9 -1.9 -1.9 -1.9 -1.9 -1.9 -1.9 -1.9 4.4 16.5 29.1 30.9 29.3 30.7 30 30.6 32.6 46.1 38.6 34.6 37.8 58.2 71.1 85.9 101.1 115.1 121 129.9 134.7 136.7 146.2 165.4 186.6 214.6 225.9 236.6 246.7 262.7 281.9 295.4 321.6 322.9 335.3 348.5 362.1 368.8 385.3 398.9 405 435.5
-1.9 -1.9 -1.9 -1.9 -1.9 -1.9 -1.9 -1.9 -1.9 -1.9 -1.9 -1.9 -1.9 -1.9 -1.9 -1.9 -1.9 -1.9 -1.9 -1.9 -1.9 -1.9 -1.9 -1.9 -1.9 7.8 14.5 2.3 -1.9 -1.9 -1.9 -1.9 -1.9 -1.9 -1.9 -1.9 -1.9 4.7 15.6 18.8 18.9 26.6 23.5 21.9 27.2 31.4 32.9 28.7 27 47.5 63.7 73.6 85.7 101.3 107.9 119.1 123.6 126.5 130.3 145.7 167.6 190.3 203.6 214.1 226.4 238 258.5 269.5 289.1 293.4 293.7 309.5 333.1 348.5 360.4 373.8 390.5 400.5
-1.9 -1.9 -1.9 -1.9 -1.9 -1.9 -1.9 -1.9 -1.9 -1.9 -1.9 -1.9 -1.9 -1.9 -1.9 -1.9 -1.9 -1.9 -1.9 -1.9 -1.9 -1.9 -1.9 -1.9 21.2 24.9 20.7 7.8 4.6 -1.9 -1.9 -1.9 -1.9 -1.9 -1.9 -1.9 -1.9 -1.9 17.9 12.2 6.6 7.4 13.6 14.4 19.3 21.4 23 22.2 21.5 27.6 45.2 56.8 75.2 81.8 89.5 96.9 106.6 108.5 116.1 125.7 143.3 169.6 186.3 188.4 194.7 205.5 217.4 234.3 255.8 268.9 281.3 302.2 323.1 337.1 351.2 365.1 370.7 379.5
-1.9 -1.9 -1.9 -1.9 -1.9 -1.9 -1.9 -1.9 -1.9 -1.9 -1.9 -1.9 -1.9 -1.9 -1.9 -1.9 -1.9 -1.9 -1.9 -1.9 -1.9 28.1 27.1 13 20.3 22.3 11.1 6.6 5.6 -1.9 -1.9 -1.9 -1.9 -1.9 -1.9 -1.9 -1.9 -1.9 -1.9 11 3.8 1.9 4.2 12.5 18.3 18.6 20.9 12.7 12.5 19.5 28.4 44.1 58.4 66.4 71.9 78.6 88 90.2 93.2 103.2 119.4 136.4 144.5 155.4 171.2 190.4 210.4 237.9 262.2 289.8 281.3 294.4 321.4 353.6 360.6 379.4 375.4 396.9
-1.9 -1.9 -1.9 -1.9 -1.9 -1.9 -1.9 -1.9 -1.9 -1.9 -1.9 -1.9 -1.9 -1.9 -1.9 -1.9 -1.9 -1.9 -1.9 -1.9 -1.9 25 27.2 20.5 19.5 18.3 2.3 -1.9 0.8 -1.9 -1.9 -1.9 -1.9 -1.9 -1.9 -1.9 -1.9 -1.9 -1.9 -1.9 -1.9 -1.9 -1.9 7.7 7 8.9 8.7 4.3 4.7 6.8 14.7 19.7 32.5 40.5 42.7 48.1 52.9 67 77.9 91 104.5 127.4 146.3 170.5 189.3 197.4 227.6 253.2 271.2 285.3 304.3 304.5 326.2 349.1 360.5 380.9 396.3 411
-1.9 -1.9 -1.9 -1.9 -1.9 -1.9 -1.9 -1.9 -1.9 -1.9 -1.9 -1.9 -1.9 -1.9 -1.9 -1.9 -1.9 -1.9 -1.9 -1.9 -1.9 -1.9 21 18.6 15.3 1.8 -1.9 -1.9 -1.9 -1.9 -1.9 -1.9 -1.9 -1.9 -1.9 -1.9 -1.9 -1.9 -1.9 -1.9 -1.9 -1.9 -1.9 -1.9 -1.9 2.7 2.5 2 2.4 4.6 5.8 10.4 14.9 25 43.3 52.6 54.2 65.6 83.9 89.5 109.3 125.5 137 152.4 182.9 186.4 207.2 236.1 252.5 265.1 289.5 295 312 343.1 340 351.7 362 378.1
-1.9 -1.9 -1.9 -1.9 -1.9 -1.9 -1.9 -1.9 -1.9 -1.9 -1.9 -1.9 -1.9 -1.9 -1.9 -1.9 -1.9 -1.9 -1.9 -1.9 -1.9 -1.9 5.7 2.4 0.2 -1.9 -1.9 -1.9 -1.9 -1.9 -1.9 -1.9 -1.9 -1.9 -1.9 -1.9 -1.9 -1.9 -1.9 -1.9 -1.9 -1.9 -1.9 -1.9 -1.9 -1.9 -0.5 0.3 0.6 1.8 2.9 7.6 10.3 19.8 32.3 48.5 53.2 60.5 70.1 84.4 95.1 110.6 122 131.2 159.2 167.5 185.3 212.2 237.2 240 269.7 275 280.8 315 325.1 321 336.1 339
-1.9 -1.9 -1.9 -1.9 -1.9 -1.9 -1.9 -1.9 -1.9 -1.9 -1.9 -1.9 -1.9 -1.9 -1.9 -1.9 -1.9 -1.9 -1.9 -1.9 -1.9 -1.9 -1.9 -1.9 -1.9 -1.9 -1.9 -1.9 -1.9 -1.9 -1.9 -1.9 -1.9 -1.9 -1.9 -1.9 -1.9 -1.9 -1.9 -1.9 -1.9 -1.9 -1.9 -1.9 -1.9 -1.9 -1.9 -1.9 -1.9 0.6 1.9 4.9 8.8 15.3 28.1 34.6 44 46.1 58.1 72.3 84 99.7 109.5 114 130.9 144.8 161.1 184.6 212.4 218.5 244.4 261.2 263.8 268.3 284.1 288.6 291.9 292.7
-1.9 -1.9 -1.9 -1.9 -1.9 -1.9 -1.9 -1.9 -1.9 -1.9 -1.9 -1.9 -1.9 -1.9 -1.9 -1.9 -1.9 -1.9 -1.9 -1.9 -1.9 -1.9 -1.9 -1.9 -1.9 -1.9 -1.9 -1.9 -1.9 -1.9 -1.9 -1.9 -1.9 -1.9 -1.9 -1.9 -1.9 -1.9 -1.9 -1.9 -1.9 -1.9 -1.9 -1.9 -1.9 -1.9 -1.9 -1.9 -1.9 -1.9 2.5 2.1 6.5 9.8 16.8 26.3 35.6 33.7 40.3 53.8 70.8 74.1 86.5 95.7 117.4 128.4 132.1 154.8 183.4 195.6 219.2 237.9 242.1 245.8 250.6 252.9 258.1 256.7
-1.9 -1.9 -1.9 -1.9 -1.9 -1.9 -1.9 -1.9 -1.9 -1.9 -1.9 -1.9 -1.9 -1.9 -1.9 -1.9 -1.9 -1.9 -1.9 -1.9 -1.9 -1.9 -1.9 -1.9 -1.9 -1.9 -1.9 -1.9 -1.9 -1.9 -1.9 -1.9 -1.9 -1.9 -1.9 -1.9 -1.9 -1.9 -1.9 -1.9 -1.9 -1.9 -1.9 -1.9 -1.9 -1.9 -1.9 -1.9 -1.9 -1.9 -1.9 -1.9 1.7 7.2 10.3 13.6 23.1 21.6 27.2 37.3 43.4 51.7 58.7 74.4 93.5 112.3 105.2 117.7 146.3 179.8 189.4 221.5 221.1 217.2 223.9 239.2 245.3 246
-1.9 -1.9 -1.9 -1.9 -1.9 -1.9 -1.9 -1.9 -1.9 -1.9 -1.9 -1.9 -1.9 -1.9 -1.9 -1.9 -1.9 -1.9 -1.9 -1.9 -1.9 -1.9 -1.9 -1.9 -1.9 -1.9 -1.9 -1.9 -1.9 -1.9 -1.9 -1.9 -1.9 -1.9 2.8 16.6 -1.9 -1.9 -1.9 -1.9 -1.9 -1.9 -1.9 -1.9 -1.9 -1.9 -1.9 -1.9 -1.9 -1.9 -1.9 -1.9 -1.9 20.9 13.6 11.3 9 8.1 10.2 13.8 18.5 23.8 32.2 48.5 73 80.1 84.3 91.4 119.2 151 162.3 189 208 206.3 197.4 209 227.6 221.3
