Game/Highland_Data/StreamingAssets/GeoData/Data/ng/NG84.asc
ncols 200
nrows 200
xllcorner 180000
yllcorner 840000
cellsize 50
[rows 72 to 107 of 200, columns 0 to 79 of 200]
803.5 809.6 815.2 818.6 820.9 822.2 806.2 828.6 837.6 840.8 831 786 748.4 711.2 680 650.3 627.6 611.4 593 564.3 539.7 512.2 489 453.2 417.1 385.4 365 348.2 329.8 320.1 307.9 302.4 290.1 286.7 283 283 283 283 283 290 298 303.5 309.5 314.7 323.8 329.6 338.7 343.9 347.3 348.4 353.2 349.4 344.1 340.4 335.3 335.6 328.7 321.6 316.8 315.3 315.5 300.9 286.6 274.3 268 260.6 253.4 247.2 241.9 239.1 235.8 229 226.7 221.5 222.7 226.1 218.6 214.1 201.2 205.9
794.7 800.9 807.2 812.7 815.7 818 820 826 832.5 836.3 828.3 789.2 754.4 720 689.3 657.3 634 622.8 601 571 546.1 513.8 492.7 466 431.1 399.1 372.8 352.1 337.1 324.8 311.5 305.3 294.5 288.1 283.3 283 283 283 283 283.3 291.3 298.2 304.5 308.3 316.9 322.2 332.8 338 335.9 334.3 336 340.3 334.9 326.6 326.4 319.1 316.2 312.6 309.8 305.1 303.7 292 278.9 268.1 262.9 259.2 251.5 243.5 238.4 234.5 230.7 227.5 224.3 219.1 221.9 222.5 214.5 208.3 195 203.2
784.2 792.4 800.2 806.4 810.8 812.6 813.6 820.4 830.3 832.5 830.7 798.2 764.8 732.9 709.2 672.1 646.7 632.5 614.4 586.3 558.6 523.2 492.9 471.3 439 406.8 378.1 354.9 341.1 328.3 318.1 308.5 302.4 291.6 286.4 283 283 283 283 283 285.7 291.9 295.3 297.7 300.9 308.1 314.1 322.9 325 325.1 323.6 326 318.8 317 312 308.6 306.4 302.6 299 293.8 291.1 283.2 271.6 261.6 257.9 253 247.7 242.7 237 234 229.7 226.1 218.2 216.4 217.7 216.7 213.7 206.1 194.7 198.3
784 789.9 796.5 802.8 806.8 807.1 808 819.6 829.5 817.7 818.5 782 773.6 749.6 716.8 694.8 661.3 648.6 634.4 602.8 584.3 534.1 494.1 476.5 443.6 411.6 380.9 360.5 348.1 334.7 323.2 313.4 307.5 296.6 290.7 286.6 285.6 287.2 286.3 283 283 286.9 288.3 286.5 289.1 297.5 303.5 310.5 315.1 315.2 314.4 313.9 311.3 307.9 300.7 302.1 300.9 295.6 287.9 281.9 278 274.4 265.1 255.8 251.6 246.3 241.4 237 235.1 233.5 228 226.3 216.6 215.5 215.3 211.8 211.5 201.7 194.3 191.9
783.8 789.5 796.4 802.1 805.7 805.9 798.8 799.2 821.6 796.7 767 746.6 745.3 733.1 713.9 699.4 675.9 657.5 648.5 621.7 597.8 554.3 500.1 480.7 455.4 417.6 387.9 370.2 355.3 338.2 328.4 322.6 315.1 305.8 295 290.6 290.2 289.2 287.2 285.5 283 283 283 280.4 279.6 288.3 292.9 296.6 300.9 305.3 305.5 299.5 297.8 294.3 290.6 289 292.1 289 285.6 281.5 270.6 265.6 258.5 249.5 245.5 240.5 236 231.4 234.1 233.4 225.7 225.7 219.6 217 214.5 211.2 211.5 201.2 193.8 187.3
787.7 791.9 797.9 802.2 802.9 780.5 770.1 756.5 792.2 754.4 716.4 704.7 699.9 694 687.3 689.2 674.5 660.7 653.8 627 603.7 571.5 506.3 482.3 459.7 421.8 391.5 372.5 354.9 341.5 332.6 328.4 323.6 312.8 297 295.9 300.3 295.2 290.3 286.1 283 283 283 283.3 279.8 280.2 284.4 284.6 286.7 291.7 289.9 285.5 282.6 282.8 279.2 279.6 283.1 282.6 280.6 274.3 265.2 256.6 249.3 243.6 238.5 235.5 229.4 228.6 231.4 230.7 223.7 222.1 217.5 217.4 210.6 207.8 205.8 200.4 192.6 185.3
795.2 796.8 794.9 768 740.8 730.5 720.1 724.3 742.3 708.7 669.7 658.7 653.5 649.7 649.6 663.1 666.8 661.4 652.2 628.7 604.7 566.5 518.4 483.6 459.5 418.3 392.5 371.5 357.9 343.5 333.5 331.5 329.7 320.6 305.3 304.5 306.3 304.8 298.6 291.6 286.5 283 283 285.5 281.7 277.2 279.9 279.3 280.8 274.3 275.2 273.1 270.3 272.1 271.6 269.7 272.6 274.8 273 268.3 261.6 251.7 244.8 238 232.7 226.1 224.7 224.4 226.4 226.1 221.3 215 214.1 215.5 211.1 201.3 200.6 199.8 190.5 185.3
801.8 789.7 772.8 734.7 700.2 683.2 669.6 669.4 660.1 647.3 634 625.3 618.9 613.5 613.2 629.2 636.5 650.9 644.1 629.5 599.8 573.1 532 499.1 466.9 424.5 392.3 373.3 359.8 345.1 337.2 335.3 332.7 326.6 312.8 312.9 316 314.8 309.1 300.7 292.4 284.4 283 283 282.8 275.8 277.5 274.7 279.5 269.8 267.9 265.2 261.3 265.6 262.4 258.6 262.8 265 261.8 263.5 256.5 243.1 239.3 232.1 228.1 221.1 221.4 221.8 223.6 223.5 220.5 211.9 212.7 212 208.1 201.5 194.1 197.3 189.7 184
792.2 751.6 734.1 709.2 676.6 653 635.3 632.3 622.3 614.5 604.7 597.2 582.7 571.5 574.8 587.3 612.4 626.7 631.2 611.6 581.4 559.9 531.7 500.2 470.2 429.6 395.8 375.5 362 348.7 343.1 341.3 340 333.4 319.9 324.7 331.1 338.8 327.1 315.2 300.5 288.2 284.2 284 282.8 277 275 272.8 274.1 268.5 263.3 260.5 256.4 257 254 250.5 256.1 255.5 254.3 252.3 248.9 238.5 231 223.6 216.9 216.2 217.2 218.8 222 218.4 216.6 209.6 208.2 206.9 204 197.5 184.8 186.1 186.9 179
759.5 730 711.2 697.2 667 635.7 610.4 602 594.4 588.8 581.7 573 560.6 550 544.3 547.4 559.3 569.2 575.3 541.7 547.3 535.3 523.1 489.1 467.5 428.7 397.7 378.6 364.8 353.2 350.2 348.7 342.4 335.1 331.3 339.8 345.9 351.7 352.8 336.6 318.6 308.2 304.1 292.1 285.4 279 275.4 272.4 270.4 269.9 260.6 256.4 253.1 253.3 251.4 244.9 248.6 249.7 249.6 240.9 240.6 231.9 223.5 217.2 207.6 209.5 213.1 216.5 219 212.5 211.9 207.9 204.1 202.1 194.1 191.5 178.6 180.2 176.3 173.7
760.2 724 697.8 674 651.1 625.5 599.5 581.4 575.3 570.2 563.4 557.2 545.9 538.9 531.9 525.3 515.8 501.4 494.1 494 493.5 486.3 480.1 469.7 452.4 421.4 400.6 382.8 368.6 360.6 357.8 356.9 353.6 347.8 343.4 345.6 352.3 354.2 358.3 354.4 338.8 329.8 314.3 305.8 293 282.5 272.3 270.1 266.6 267.3 256.5 250.9 245.7 246.3 248.7 241 242.7 243.6 236.3 233.3 232.1 222.7 216.8 215.4 205.3 203.7 206.6 208.4 207.3 206.8 209.4 204.3 201.6 197.3 189.3 183.7 174 171.9 165.9 163.6
763.6 725.8 690.3 660.3 633.7 608.9 587.3 572.5 564.3 556.8 550 542.2 535.1 531.1 526.9 523.4 514 500.2 486.4 477.9 474.1 470.7 465.6 456.2 439.1 419 400.8 386.9 378.7 374.2 370.8 366.6 356.2 352.1 352.1 355.7 363.9 364.3 362.1 362.9 367.5 351.2 330.2 313.7 299.8 287.2 274.4 267.9 264.8 265.8 255.1 245.8 240 242.8 244.4 235.5 240.4 237.7 233.7 226.7 225.4 218.6 211 211.2 202.6 200.7 201.9 202.2 202.2 202.9 204.7 200.8 198.7 191 186.2 179.8 170 163.9 159.4 159
765.8 731 696.9 663.6 633.6 599.8 580.8 565.8 556.1 547.7 539.8 533.3 528.8 524.8 522 519.9 513.3 500.8 485.7 472.6 465.1 462.4 457.7 448 434.9 418 407.4 401.1 394 387.6 380.3 371.6 363.3 358.6 356.6 358.3 365 368.5 366.9 366.4 372.1 370.6 350.8 326.7 308.3 291.8 279.1 269.6 261.5 261.2 253 244 235.7 236.5 232.8 228.2 230.2 229.6 226.8 222.9 216 212.7 207.2 202.5 199.9 198.9 196.1 195.6 195.3 197.4 197.4 196.1 193.2 184.7 180.2 173.9 167.6 156.9 151.3 148.4
772.1 741.5 712 682.4 641.9 610.9 586.4 568.1 553.7 544.4 535.6 529.1 524.4 520 517.6 514.3 509.7 500.2 486.5 472.6 461.9 455.6 449 442.2 434.6 425.1 414.5 406.1 403.8 390.8 382.6 376.5 370.8 365.7 360.4 359.4 363.8 369.4 372.1 369.8 374.3 375.2 358.1 338.6 316.3 299.7 285.6 275.3 261.2 258 247.5 242.4 230.9 229.5 223.6 222.7 223.5 222.4 218.3 219.1 212.9 205.4 200.7 196.2 193 193.3 191.3 190.6 187.9 184.7 184.5 187.4 186.1 180.5 175.4 169.2 164.6 152.4 146.7 143.9
793.6 758.4 726.9 689 656.4 626.3 601.3 580 555.9 541.9 531.8 523.2 516.7 510.2 506.9 504.1 499.2 493.7 485.3 472.8 462.7 457.2 450.5 439.6 428.7 425.4 419.4 412.7 408.7 390.8 381 377.3 372 369 365.1 360.1 362.5 368 372.2 373.1 376.6 378.6 367.1 347 321.7 302.6 287.8 277.1 264.9 253.4 244.9 240.2 231.8 227.5 221.6 216.9 213.6 216.4 212.2 214 206.4 201.6 196 191.8 187.6 184.5 184.2 183.2 184.4 182.3 177.4 181.6 177.9 175 171.3 165.2 160.2 148 141.8 135.9
808.4 773.7 737.8 707 675 648.7 627.7 595.7 565.1 546 532.9 526.4 521 514.1 509.6 504.4 498.6 494.1 483.2 470.7 462 454.6 448.4 437.2 426.8 419.5 414.9 408.8 398.1 389.1 382.7 377.4 374.1 371.4 364.3 360.9 362.6 368 372.7 374.8 379 382.4 373.9 350.5 324.4 304.8 289.5 278.8 264.8 252.7 242.8 234.1 228.8 226 223.4 214.3 211.2 208.1 205.3 203.2 199.2 198.4 190.9 182.9 185.5 182.9 177.1 178.5 181.1 179.8 173.1 171.4 170.7 167.9 170.7 160.3 155.4 146.6 138.2 132.1
825 818.7 819.1 777.9 698.1 679.8 660.2 630.2 594 567.5 551 540.8 547.3 543 532.1 517.9 518.1 510.1 496.1 476.8 461.8 451.1 442.1 431 421 413 407.8 402.3 395.6 392.8 388.5 381.9 377.2 371.9 368.5 368.7 369.1 372.7 380.2 383.3 380.5 385.4 384 357.2 333.9 316.4 302.9 287.1 272.2 256.5 244.1 231.8 227.6 224.7 220.7 213.4 205.5 205.6 197.5 191.8 194.2 193.4 189 182.4 180 173.1 171.8 172.9 172.7 173.9 170.5 160.8 162.2 163.5 168.2 160.6 151.8 146.5 137.9 131.3
831.1 834.3 846.4 857.7 866.7 780.8 686.1 656.6 623.1 593 572.4 558.7 561.3 552 551.7 534.2 540.2 547.3 543.3 495.9 462.8 450.7 441.5 431.1 415.5 407.4 403 399.2 394.3 392.5 388.3 382 378.4 373.8 371.9 373.4 375.6 378.8 381.7 385.2 382.6 390.2 393.5 386.7 363.6 356.4 340.5 314.8 295 267.8 251.1 236.2 229 225.4 217.5 210.9 203.4 201.1 191.2 186.2 188.3 189.2 185.7 180.8 180.9 173.8 168.1 165.6 168.2 169.5 169.8 162.4 157 159.8 157.6 159.7 150.1 146.4 137 130.4
828.8 831.6 839.9 856.1 863.8 868.5 830.9 720.8 646.4 619.1 599.2 583.6 576.5 572.3 575 569.2 578.3 602.8 618.3 560.4 483.5 451.5 439.3 423.8 410.6 402 396.6 393.2 390.8 387.8 383.7 380.1 379 375.3 370.6 372.3 375.3 382.1 383.5 383.2 382 387.5 394.2 392.1 381.9 372.6 349.8 319.8 302.1 290.1 258.5 240.3 229.2 225.5 219 212.5 203.2 197 184.1 181.1 183.8 184.6 181.6 177.3 178.1 174.1 165.2 160 161.4 163.3 164 154.5 154.7 158.6 153.1 156.2 150.4 141.6 131.9 129
826.9 826 834 852.4 862.2 867.5 870.5 828.6 721.4 650.7 623.5 613.6 604.6 601.7 605.6 611.2 619.2 632.8 637.4 611.7 525.9 457.6 437 417.2 400.4 395.1 390.5 387.9 387 383.9 379.9 377.7 378 376 370.8 371.7 376.5 384.5 383.7 380.8 380.6 385.5 388.7 392.6 383 372.8 350.1 321.1 302.9 294.5 265.5 243.9 231.5 226.8 219.9 212.3 203.1 197.9 187.4 180.6 178.7 181.4 179.2 173.3 172.2 172.2 163.8 157.7 155.8 161.3 157.1 149 150 153.4 151.2 147.7 149.5 135.8 128.6 125.7
824.8 821.3 831.7 848.3 859.6 866.4 872.2 867.3 827.4 776.8 711.1 653.2 654.2 644.2 645 645.5 652.4 664.2 667.6 637.8 568.2 465 444.5 428.9 407.3 395 383.7 379.9 378.2 378.3 376.9 375.9 378.1 376.6 368.2 369.1 374.7 382.3 386.4 379.4 376.7 379.8 385.6 386.8 382.3 367.2 344.5 317.9 302.4 295.1 273.5 249.4 233.1 225.7 219.5 210.9 205 193.6 187.7 180.7 178 178.9 176.7 173.5 168.3 166.3 160.1 158 153 156.6 152.5 149.1 146.8 145.8 144.6 138.9 134.9 128.3 125.1 122.7
823.4 819.6 829.2 843.5 858.2 867.8 875.1 882.7 865.3 814.9 755.2 658 626.3 611.6 602.4 599.2 610.2 633.8 653.6 645.1 606.8 502.4 449.6 435.3 422.8 392.3 379.7 377 376.2 376.5 374 376 376.9 373.4 366.9 366.9 373 375.8 382.1 378 371.9 376.3 379.8 380.1 378.2 361.2 338.8 319.9 305.2 297.4 280.4 254.5 237.2 229 224.3 211 203.8 192.7 186.1 184.2 176.5 180.2 176.2 175.9 169.2 166.1 157.1 154.8 153.7 150 149.7 149.2 142.1 144.7 137.1 132.3 131.4 122.3 120.3 117.9
822.4 819.6 825.7 843.3 861.4 872.2 881 887.8 863.4 772.8 686.1 619.5 589.6 569.8 563.4 558 562.8 571 587.8 623.4 601.5 499.1 446.8 440.8 437.9 416.9 385.3 374 371.3 372.8 372 372.4 373.1 366.9 366.9 366.9 366.9 371.1 371.7 374.1 369.3 365.5 370.3 370.6 363.5 348.5 333.2 318 303.8 295.1 276.7 255.1 238.6 229.5 223.5 214.3 203.3 192 183.7 184.5 176.8 178.1 175.4 173.6 168.3 167.2 156.5 152.3 152.9 151.8 146.2 144.3 141.5 141.3 133.6 131.3 130.5 122.7 115.6 113.3
823.1 821 829.2 848 865.4 877.9 884.2 887.6 849.2 747 666.7 601.2 569 555 543.1 534 530 530.8 535.8 532.3 527.8 470.2 441.1 440.2 440.2 422.5 386.9 371.8 370.9 370.8 370.8 370.6 370.7 366.9 366.9 366.9 366.9 369.5 370 368.1 360.3 360.4 365.8 363.5 348.4 342.7 333.4 321.6 302.9 291.6 277.1 258.9 240.8 231.3 224.6 216.9 206.9 191.5 180.3 180.4 176.3 176.3 175.3 170.6 163.2 165 158.1 148.5 151.3 151.6 147.4 144.2 140.5 138.6 135.8 130.2 126.5 120.5 108.4 110
822.6 822.6 828.5 848.4 867.5 880.7 886.7 887.1 824.8 713.1 647.7 582.3 554.8 539.6 532.5 532.5 525.2 518.2 510.4 499.5 480.6 449.4 439.2 435.3 424.2 393.6 378.7 372.7 371 370.5 373.7 374 369 366.9 366.9 366.9 371 371.6 369.8 365.5 359.3 353.6 354.9 351.3 342.7 344.4 335.9 326 311.2 292.3 277.7 265.5 251.5 236.3 227.9 217.9 206.6 194.4 180.9 177.9 171.8 175.3 171.1 169.8 165.9 161.1 155.4 145.6 148.6 147.9 147.3 145.3 140 132.8 134.7 127.3 120.6 117.4 105.9 107.1
828.8 826.3 833.7 849.1 869.5 882 891 889.3 825.5 706.7 641.3 582.9 555 536.3 532.5 532.5 531.1 517.8 513.8 516.4 482.9 456.7 445.2 429.4 401.3 387.8 379.1 376 375 375.1 377.6 376.3 373.7 369.8 367.8 366.9 371.8 368.5 366.6 361 356.7 354.2 347.2 339.6 339.9 341.2 336.6 328 315.9 300.6 285.2 278.4 263.7 243.7 230.4 223.2 207.5 196.3 185.3 172.5 167.8 169.4 166.1 165.7 165.9 159.5 152.1 145.1 148 147.8 146.8 143.6 140.6 133.8 126.3 127.4 119.6 111.2 103.9 102.8
837.1 830.7 837.2 850.3 870.8 884.7 893.4 893 835.6 719.6 650.2 590.9 561.5 541.4 532.5 535 534.5 518.6 521.9 518.1 490.5 455 445.6 438.7 412.9 394.3 382.8 379.4 380 382.7 384.7 383.6 381.6 377.1 374 372.2 371.2 367.8 362 358.8 353.9 357 348.3 338.5 333 332.3 327.3 323 312.8 303.4 291.8 298.5 279.3 250.6 229.5 221.4 209.9 198.1 186 175 161 162.8 164.2 158.6 162 157.1 151.3 144.5 148.1 144.8 145 139.9 138.4 135.3 123.6 121.3 119.1 106.5 97.8 97.3
841 833 840.8 852.8 873.2 886.4 893.5 895.3 844 746.8 671 605.6 574.4 557 541.5 532.9 524.1 518.6 520.5 522.6 504.5 473.7 446.7 442.5 437.7 419.2 402.8 398.9 390.9 392.8 394.1 395.2 393.9 389.2 383.1 377.3 376.1 372.3 366.7 360.5 351.1 348.5 346.5 337 330.5 323.4 317.2 314.3 305.6 299.9 295.1 293.8 275.5 251.1 227.9 219.6 211.1 196.6 185.5 178.3 162 162.8 163.8 157.9 155.9 156.2 151.2 142.4 144.4 143.3 143.7 137.5 137.7 133.9 123.9 113.1 113 104.5 93.3 91.2
845.1 835.3 841.8 856.8 871.7 883.4 891.2 894.3 869.7 801.8 722.6 632.3 597.4 580.5 563.5 538.1 518.6 518.6 518.6 521.9 515.5 502.1 485.7 459.1 453.2 448.1 446.8 433.2 415.8 417.4 412.8 411.4 406.3 401.6 395.9 388.1 381.4 381 375.1 363.5 355.1 348.6 342.4 335.6 328.2 320.2 316.8 312.7 302.2 296.3 291.4 287.2 269.8 250.5 231 218.5 212.1 201 187.6 176.4 161.4 159.1 159.3 156.8 156.7 157.7 150.5 143.2 142.2 142.9 143 137.3 136.2 132.2 123.8 110.9 107.6 100.3 90.6 88.3
846.8 835.7 840.3 855.3 869.4 878.1 885.9 890.8 892.9 853.7 781.2 690 618.8 609 585.7 554.7 535.2 524.2 521.7 528.8 532.5 539.1 535.8 500.8 494.2 483.5 468.5 465.8 459.8 447.2 434 432.9 432 418.6 409.3 399 390.6 387.2 384.5 369 357.4 347.8 340.3 332 326.7 319.7 315.4 309.3 301.2 292.7 284.4 275.1 264 246.8 230.6 215.6 208.4 200.5 189.2 175.5 161.9 156.8 156.5 154.1 155.5 154.7 153.8 144.5 140.7 142.3 142 137 133.4 129.4 120.9 109.8 102 96.8 88.2 84.5
844 832.4 835 849.2 864.9 874 880.1 885 889 886.3 848.3 780.1 705.1 652.4 612.7 575.5 566.8 566 564.7 548.9 585.5 620.4 596.8 572.8 605.4 599.9 574.5 545.4 503 493.2 490.7 473.9 459 445.3 424.3 412.3 400 393.3 387.9 375.7 363.1 349.9 340.4 333.4 322.6 316.5 312.2 306.5 297.7 290.3 283.2 273.2 257 241.8 226.2 212.7 205.6 196.5 187.4 172.6 161.7 155.5 153.1 152.2 154 153.4 149.8 145.2 140.9 139 137.5 135.3 130.5 123.5 118.4 110.7 100.2 93.7 84.8 79.1
833.3 814.9 806.5 819 839.2 859.8 873.9 878.5 882.8 887.1 879.8 838.3 754.2 710.3 738.2 649.9 599.2 589.5 578.8 582.7 605.2 622.9 633.2 650.9 667.1 681.1 664.1 633.3 539.6 591.8 561.9 513 506.7 485 450.6 431.6 413.3 401.3 393.5 380.6 364.2 350.5 340 331.5 321.7 314.8 307.1 300.5 292.4 285.2 277.6 268.4 256.2 240.9 222 212.2 204 194.9 184.3 172.7 159.2 152.7 151.9 147.3 151.8 151.5 147.5 143 143.1 137.1 133 131.8 127.5 121.2 116.7 108 98.7 91.9 80.5 75
803.1 780.4 773.2 785.1 808 835.1 859.5 870.8 875.9 878.6 880 863.6 812.7 747.1 803.1 745.2 633.8 623.7 605.5 609.4 623 634.4 678.3 701.2 713.3 732.4 719.4 659 614.3 640 594.7 568.8 535.2 511.3 482 458.1 428.9 404.9 394.3 381.2 367.3 351 339.5 332 321.9 314.8 306.8 295.9 288.1 281.5 273.6 261.8 253.2 240 224 210.2 199 190.1 183.2 173.2 162.7 155 150 146.1 145.2 143.6 145.4 146.5 143.1 136 131.3 124 124.1 119.7 113.1 104.1 92.7 86.9 78.9 74.5
774.1 747 741.7 759.1 784.3 813 840.4 855.9 864 868.1 869.4 869.9 850.9 786.7 842.4 822 721.3 700.4 659.9 676.6 661.6 673.1 720.1 750.4 745.7 733.3 699.6 662.1 655.9 643.9 615.8 586.8 557.1 552.1 527.9 499.7 450.6 419 397.9 380.8 366.5 349.8 337 334.9 325.5 316.4 305.8 295.9 288.5 282.8 272.6 264.4 254.2 241.7 226.5 213.1 201.5 190.1 180.3 170.5 159.5 153.6 149 144.9 142 139.5 141.5 145.8 140.3 133.5 130.3 121.6 117.2 116.4 109.4 100.8 88.6 84.5 73.6 70.3
740.5 717.4 717.6 736.7 763.4 791.6 819.1 840.8 850.3 856.5 859.4 861.1 862.6 857.4 859.9 841.3 789.3 770.6 717 722 738.1 727.7 707.2 705.1 696.1 688.6 667.1 649 644.4 627.7 613.3 589.3 566.2 556.8 540 512.8 471.1 435.3 407.6 391.2 377.3 355.7 340.2 333.7 324.1 311.6 302.9 293.8 285.6 278.4 269.3 260.1 253 242.9 228.7 215.1 203.5 192.4 184.2 175.7 163.2 152.7 148.6 143.8 140.7 137.6 139.7 140.7 137 128.8 125.3 119.1 114.9 112.7 105.8 98.2 86.3 82.9 73.7 70.4
700.6 688.5 693.3 716.2 742.2 770.2 797.4 820.7 834.9 843.8 848.7 852.1 854.8 856.3 859.3 860.3 843.6 775.1 712.1 723.2 726.2 709.9 661.5 661.1 652.2 642.8 627.9 613.6 602.7 594 596.7 577.6 552.2 532.5 517.4 505.2 468.6 437 411.6 397.1 384.5 365.1 350.4 335.7 324.7 311.1 302.6 294.1 284.1 276.7 268 260.5 252.5 242.1 229.9 215.1 202.9 192.5 184.8 174.1 164.7 153 149.5 143.7 139.4 135.4 134.5 136.2 129.8 123.6 120.8 117.3 112.5 109.4 103.8 94.2 85.3 79.2 69.7 67.5
