Game/Highland_Data/StreamingAssets/GeoData/Data/ng/NG85.asc
ncols 200
nrows 200
xllcorner 180000
yllcorner 850000
cellsize 50
[rows 0 to 38 of 200, columns 0 to 85 of 200]
49.2 67.4 85.7 116.5 149 165 170.6 163.9 155 149 150.3 141.8 149 163.5 165.5 148.6 136.7 138.7 139.9 138.3 135.3 135.1 135.6 140 143 145.9 148.9 150.6 151.7 151 151.2 150.5 151.1 152 153.3 152.6 151 151.1 144.4 135.1 135.1 135.1 137.9 143.3 157.9 177.4 196 207.2 215 213.2 214.6 239.8 256.2 270.8 273.3 271.1 273.3 272.1 273.8 279.7 292.3 301.9 300.3 298.7 299.8 305.6 311.1 313.5 310.6 307.6 301.4 297.8 295.6 291.7 289.2 288.5 280.8 272.7 268.4 284.2 301.4 317.4 329.4 343.5 359.4 376.8
48.9 66.5 91.8 122.1 149.2 161.4 166.3 173.1 167.6 155.1 159.4 162.7 174.5 175.9 168.7 165.7 152.9 144.2 143.9 141.8 139.1 135.1 135.1 135.1 138.2 141.6 142.9 145.9 145.4 145.7 145 144.5 144.2 146.3 144.1 141.8 137.1 139.5 138.3 135.1 135.1 135.1 135.1 145.4 163.1 187.6 213.3 224.5 223.9 229.6 215.5 245.4 258.7 266.3 263.3 261.1 261.7 266.4 273.9 280.6 284.4 286.3 289.2 295.4 297.5 300.1 310.1 312.7 310.5 308.2 302 294.7 293 289.5 285.5 279.5 264.6 264.8 271.3 293.6 306.9 319.6 332.3 344.2 358.9 375.1
47.6 68.5 91.5 118.7 141 156.8 175 183.6 179.9 168.2 168.7 178.7 196.8 189.6 186.2 182.8 171.6 153.7 147.8 148.9 145.8 140.8 135.1 135.1 135.1 135 137.8 139.7 139.6 140.8 138.9 138.9 137.7 135.1 135.1 135.1 135.1 135.1 135.1 135.1 135.1 135.1 135.1 144.5 169.3 191.5 217.7 238.2 236.1 231.6 228.7 244.3 259.8 264.6 258.2 258.2 265.4 265.7 272.5 282 282.3 278.7 282.6 291.7 294.7 298.5 306.3 313.7 309.7 308.9 304.2 292.8 289.3 287.1 279.3 265 261.5 262.7 282.6 299.9 309.4 320.4 330.5 343.4 356.3 372.5
62.2 77.7 102.7 138.3 167.2 188.4 195.1 195.4 196.4 187.2 176.5 188.6 208.8 218.2 206.9 190.5 176.1 172.6 166.9 165.7 160.2 153.9 144.5 137.2 135.1 135.1 135.1 135.1 135.4 135.1 135.1 135.1 135.1 135.1 135.1 135.1 135.1 135.1 135.1 135.1 135.1 135.1 135.1 140.8 167.8 194 214.8 238.7 254.2 247.9 241.7 240.7 257.6 264.3 261.3 258.2 261.7 265.7 271.3 279 277.5 275.4 278.2 285.7 292.9 296.4 303.1 310.6 307.3 301.8 299.3 293.1 283 274.5 259.5 259.3 267.1 281.4 291 301.7 308.7 319.2 329.5 340.2 354.7 367.8
71.1 93.5 122 155.5 197.6 220.6 230 230.8 221 203 198.3 195.5 213.7 218.3 218.5 211.1 189.5 175.3 171 169.2 168.8 161.2 155.7 145.1 140 138.5 135.1 135.1 137.9 135.1 135.1 135.1 135.1 135.1 135.1 135.1 135.1 135.1 135.1 135.1 135.1 135.1 135.1 139.5 161.2 193.7 213.7 233.7 259 267.1 257.2 254.4 262.3 266.6 262.5 261.3 266.3 267.7 265.3 272.5 270.1 272.1 275.8 282.7 293 295.1 297.8 303.1 300.9 293.6 285.8 278.1 272.2 257.2 258.8 275.9 285 288.3 292.6 298.5 306.3 314.8 326.5 336.8 350.9 364.8
82.8 127.9 151.1 187.8 217.8 234.8 243.3 241.3 233.3 221 211.8 211 223 218.3 222.1 220.3 206.2 184.8 175 181.6 177 172.6 166.2 157.4 152.6 151.9 142.5 135.1 135.1 135.1 135.1 135.1 135.1 135.1 135.1 135.1 135.1 135.1 135.1 135.1 135.1 135.1 135.1 141.8 162.6 191.5 215.2 232.9 256.9 270.9 267.8 261.8 260.6 271.5 266.5 258.2 266.9 261.7 258 259.3 264.2 268.7 273.7 280.5 290 294.7 294 294.3 292.9 284.1 277.7 277.5 266.7 250 269.1 282.9 286.5 289.1 292.7 297.4 304.1 312.2 321.5 332.7 346.4 360.5
102.6 135.8 176.7 220.7 234.6 251.1 253.7 246.3 250 241 224.1 231.5 244.6 229.4 221.4 220.5 208.5 196.9 208.9 211.3 186.9 177.7 180.1 172.1 163.4 157.2 136.5 135.1 135.1 135.1 135.1 135.1 135.1 135.1 135.1 135.1 135.1 135.1 135.1 135.1 135.1 135.1 135.1 142.1 165.6 192.2 215.3 234.4 258.3 268.4 273.3 272.4 263.6 270.1 267.7 258.7 260 255.2 253.2 254.6 255.5 266.3 274.1 279.1 286.4 293.6 295.8 292.3 285.8 280.3 271.1 265.6 250.9 250.7 272.9 281.3 284.3 287.5 292 297.8 303.7 311.3 318.3 328.6 340.4 353.9
96.2 138.8 192.1 218.1 240.2 249.8 252.6 256.3 258.8 252.4 239.1 240.9 243.4 236.1 231.5 222.7 214.4 202.8 209 205 191.2 175.1 169.9 153.6 135.1 135.1 135.1 135.1 135.1 135.1 135.1 135.1 135.1 135.1 135.1 135.1 135.1 135.1 135.1 135.1 135.1 144.3 149.3 145 164.8 192.7 213.9 228.9 257.9 267.4 262.9 270.7 266 255.2 260.6 255.4 248.3 250.5 251.4 251.9 256.8 263.1 273.9 280.1 283.2 289 292 290.3 281.2 273.2 268.2 256 239 261.4 273.7 280.7 284.3 287.9 291.7 297.6 303.4 309.8 316.5 325.9 336.9 348.7
97.2 137.4 173.5 207.1 239.3 255.1 255.1 259.8 266.5 264.8 254.4 245.1 241.9 236.6 232 224.5 210.2 198.7 202 188.8 178.3 165.5 155.6 145.2 135.1 135.1 135.1 135.1 135.1 135.1 135.1 135.1 135.1 135.1 135.1 135.1 135.1 135.1 135.1 135.1 140.7 154.1 167 152.4 165.7 189.7 207.4 225.2 248.5 268 264.5 271.4 264.1 255.7 247.1 250.6 245.7 249.8 251.1 252.1 258.8 265.1 266.5 277.3 280.7 282.8 284.2 284.3 277.7 264.9 261.3 227.9 250.2 273.9 278.5 281.3 284.5 288 291.4 296 303.6 309.5 315.5 324.5 334.5 346.7
85.1 128.7 160.1 198.5 214.9 230.6 248.2 263.1 269.6 269.8 260.5 251 248.4 242.9 226.3 224.4 211.9 195.2 184.6 177.4 166.6 159 150.6 139.5 135.1 135.1 135.1 135.1 135.1 135.1 135.1 135.1 135.1 135.1 135.1 135.1 135.1 135.1 135.1 141 152.6 166.3 178.4 180.5 168.6 185.3 202.5 223.5 243.5 269.5 264.3 267.7 263.8 263.9 262.3 247.9 243.1 247.4 250.3 254.5 251 259 261.5 272.1 275.6 278.8 276.6 277.1 268.1 259.9 230.1 243.5 267.3 275.9 280.1 282.7 284.9 286.9 290.7 295.1 302 310.2 316.1 323.3 333.2 346.8
65.1 118.4 160 190.2 205 229.4 250.8 263 268.3 264.7 255.8 258.1 243.7 229.7 218.2 214.3 206.4 193.2 180.7 172 161.3 152.2 143.2 135.1 135.1 135.1 135.1 135.1 135.1 135.1 135.1 135.1 135.1 135.1 135.1 135.1 135.1 135.1 138.5 152.5 163.3 177.4 190.6 197.2 194.3 182.6 203.1 221.2 238 256.6 266 259.2 264.9 264.7 271.5 253.5 242.8 250.3 253.9 253.9 251 254.5 260.7 269.4 270.7 272.2 270.6 264.8 257.3 231.5 230.5 265.7 273.7 277.9 281.4 283.8 286.2 287.7 290.4 294.5 300.5 309.4 316.1 321.9 330 346.4
48.3 106.4 146.4 168.1 202 226.9 240 241.2 250.9 251.3 240 257.5 250.7 228.1 211.8 202.3 209.2 202 179.4 165.6 158.4 151.1 140.6 135.1 135.1 135.1 135.1 135.1 141.7 135.1 140 144.1 138.5 136.4 136.6 140 137.6 138 142.4 156.2 172.9 188.7 202.2 212.4 210.9 194.7 204.6 225.5 240.9 253.3 269.4 258.4 255.3 260.6 260.6 252.7 244.1 252.7 262.7 255.1 251.4 254 257.6 267.5 263.9 267.6 263.5 255.8 237.8 209.2 259.8 272.8 277.9 280.5 282.6 284.7 287.3 289.8 290.7 293.2 296.5 302.7 312.2 320.2 326 345.2
39.7 70.1 115.4 143.5 175.6 193.8 209.8 233.2 248.6 238.4 225 225.1 219.1 212.3 207.3 206.4 216.6 208.8 196.1 169.4 157.2 151 148.4 144.5 144.4 142.7 135.5 140.8 147.7 147.3 149.2 152.9 152 148.7 144.8 145 142.6 145.1 148.8 158.5 181.4 201.4 212.1 221.9 220.5 215.3 223.5 227.9 244.5 258.3 269.6 262.6 249.5 252.4 254.1 251.9 245 252.7 266.8 262.5 256.8 258.3 256.9 258.4 257.2 258.3 249.5 243.6 216.6 233.8 261.7 274.3 278.8 280.8 282.9 285.3 287.9 290.7 291.8 293.6 295.1 296.8 305.8 317.8 324.4 340.3
31.6 58.3 109.7 142.1 153.5 166.7 214.1 245.9 238.4 221.1 216.4 214.9 211.2 206.8 208.6 212.5 218.2 226.7 214.1 186.5 175.8 159.9 159.8 161.4 156.6 157.9 152.8 148.4 146.8 151.4 158.9 162.4 166.2 156.9 155.1 155.5 151.1 149.3 153.4 163.5 185 216.6 229.5 228.6 232.1 233.5 242.3 236.4 249.2 259.8 271 267.6 247.9 251.9 255.5 254.7 246.8 243.8 258.7 268.6 267.3 266.2 257.2 253.4 248.1 248.6 238.5 217.8 194.7 241.6 261.3 274.8 279 281 283.1 285.2 287.6 290.7 292.1 293.7 295 296.9 300.3 311.1 324.8 340.8
23.9 44 66 93.2 121.2 164.4 200.5 217.3 217 202.9 205.7 214.6 218.6 221.8 224 226.6 231.3 224.7 215.1 195.3 191.8 183.6 175.8 187.9 169.9 175.9 168 161.3 162.7 164.4 167.7 173.6 174.7 170.6 174.6 171.5 164.6 156.3 159.3 169.7 187.4 215.2 239.3 247.4 243.5 247.5 257.5 247.3 245.9 262.5 271.2 258.9 251.7 248.8 256.2 258.6 246.2 239.9 251.4 270.8 279.1 286.4 269.1 253.2 245.9 233.8 219.7 187.1 219 242.6 260.6 272.3 278.9 280.7 284 286.2 288.3 289.8 291.3 292.9 295.1 297.2 299.8 305.1 322.7 341.8
21.9 41.1 65.2 88.8 129.8 171.4 185.8 192.9 189 188 196.2 212.8 223.1 244.8 235.8 237 247.2 241.7 217 196.3 202.4 190.7 199.5 204.5 185.4 186.8 170.9 164.5 168.2 170.3 175.5 182.8 186.8 187.6 188.3 177.8 172.5 162.3 165.7 176 194.5 215.8 249.8 263.9 260.4 258.5 262.3 259.2 243.6 259.3 262 258.4 256.6 245.5 243.9 250.1 241.7 238.6 245.1 266.2 277.4 281.6 266.4 250 237.9 224.2 191.4 205.7 227.5 244.7 259 267.6 276.2 280.4 284.7 286.9 287.8 288.8 291 293.3 294.2 295.5 299.3 306.4 316 337.8
26.1 40 64.5 90.8 129.6 145.2 157.9 173.5 176 176.6 186.3 198.6 220.4 256.8 249.7 253.7 259.5 247.5 230.9 209.9 199.4 202.1 217.4 214.4 194.2 184.4 173 169 173.1 174.7 184.5 197.5 204.2 199.5 190.7 185.1 176.2 173.1 176.7 184.5 202.2 225.3 258.2 267.8 273.8 272.4 262.7 263.7 252 249.6 258.5 264.6 255.7 245.6 241.1 239.4 240.6 238.6 240.7 256.3 261.7 268.6 254.2 239.9 219.6 211.1 167 207.5 233.4 248.9 259.2 266.7 272.9 278.8 282.4 284.4 287.4 290.2 291.4 293.1 294.2 295.6 298.4 306.1 312.1 327
36.4 54.7 74.7 97.5 123.5 143.7 151.6 155.9 159.9 165.1 173 191.1 228.9 269.4 262.5 267.4 265.2 253.9 232.7 222 210.7 219.9 214.5 201 189.4 181.6 177.4 178.6 183.1 183.8 196 208.8 209.1 210.5 205 195.9 186.5 186.3 193.1 196.9 217.9 239.7 263.1 271.5 272.1 275.7 260.7 258.7 253 246.2 254.3 254.4 248.4 246 245.9 245.9 244.9 238.6 239.6 245.7 256.5 262.5 241 225.7 206.3 176.6 189.4 217 240.1 251.1 256.4 262.7 269.1 273.4 276.4 281.2 283.9 288.3 294.6 293.9 293.9 294.3 295.4 301.6 306.5 316.2
66.9 86 92.2 105.6 127.8 138.9 157.2 151.6 151.7 157.2 163.5 182.8 234.9 279.2 277.8 277.6 263.6 262.4 243.7 226.6 218.1 225.3 225 207.8 193.3 183.3 182.5 189.3 196.3 206.8 203.5 205.8 216.8 229.7 220.4 205.5 196.7 205.8 201.5 216.3 239.8 263.1 274.6 279.2 261.4 260.5 254.5 258.3 259.1 246.1 243.5 244.8 251.2 249 248.5 248 247.2 245.3 240.5 239.8 241.8 245 229.7 203.8 170.9 152.1 194.8 224.6 241.7 247.9 254.2 258.7 264.4 267.8 270.7 276.2 280.9 285.4 289.8 292.6 294.5 294.2 295.9 295.3 297.8 308.1
82.1 115 121.1 116.1 125.5 137.1 153.4 145.5 149.7 153.9 164.1 186.5 234.2 278.7 284.9 281.8 266.7 258.7 248.7 237.9 230 237.2 237.4 225.6 213 195.2 189.7 191.3 203.1 207 209.7 214.2 233.1 247.1 239.5 232.8 215 224.2 218.5 242.1 270.7 279.8 282.2 279.2 260.3 251.8 249.9 253.7 257.8 258.4 244.9 247.9 261.2 252.1 243.5 247 251.1 243.3 236.9 235.4 224.7 223.8 212.8 173.9 145.7 174.7 207.1 225.7 237.7 244.2 249.8 254.7 260.1 267.3 270.3 273.8 278.6 281.7 285.5 290.1 291.4 293.7 294.9 292.7 294.3 299.6
76.8 122.4 150.5 143.3 130.8 129.6 135.7 141 144.7 151.8 163 203.9 248 285.2 292.5 284.9 264.7 255.7 250.7 259.9 249.3 244.7 244.6 243.1 225.2 208.3 199.8 198.2 197.6 202.1 216.7 228.7 251.2 263.4 261 255.9 237.5 232.6 242.7 264 288.7 293.2 285.8 271.1 256.9 252.7 249.2 249.2 261.8 264.2 252.9 239.3 255.9 254.9 242.3 247.9 246.8 248.2 240.2 233.1 219.4 200.4 190.5 164.3 151.4 172.4 203 223.7 231.5 237.8 245.8 250.7 256 262.7 267.6 271.5 277.5 277.5 280 282.1 286.4 289.8 289.4 289.9 295.1 302.5
84.5 121.5 157.3 149.6 131.1 127.8 131.1 134.6 139.6 147.2 167.6 202.1 249.1 290.4 298.6 287.4 265.7 256.8 272.8 272.9 254.3 249.7 244.9 240.8 233.9 218.8 211.1 211.2 204.4 208.3 226.6 251.2 271.7 279.6 279 270.3 248.1 257.6 260.9 276.9 287.3 285.4 280.3 269.9 264.9 255.5 253 250 253.2 259.3 248.1 233.6 235.3 246.8 241.4 249.2 251.5 246.7 239.4 231.3 209.3 185.5 145.2 140.6 155 175.2 201.4 220.6 225.5 231.8 239.5 247 253.8 257.2 260.9 261.7 269.6 274.6 280 281.4 284.3 286.9 290.7 294.5 295 299.9
96.8 134.7 142 148.1 126.5 125.1 126.9 130.9 138.7 151.8 171.5 198.8 249.9 277.7 295.8 292.5 273.6 268.3 281.6 283.3 264.2 257.1 247 245 239.8 241.2 238.1 239.7 227.9 223.5 240.1 269.9 271.8 285.8 288.5 281.5 268.2 269.5 267.1 277.8 274.4 275.1 273.9 264.7 264.9 266.5 258.1 252.5 249.8 249.1 243.6 236.6 231.1 228.3 231.7 244.8 250.9 244.5 232.7 214.7 195.2 166.4 151.8 134.3 160.5 181.7 198.6 211.1 218.3 224.4 230.8 241.4 249 251.1 253.6 256.5 265.6 272.5 280.4 284 285.7 292.1 296 298.2 298.6 296.7
109.9 141.4 140 124.9 122.6 122.4 124 127.2 142.4 157.3 174.9 211.8 245.6 274.2 287.9 295.3 287.9 274.8 288 289.5 268 263.3 253.1 241.4 241.7 246.8 254.4 249.2 240.5 241.3 253 276.1 287.4 282.1 286.3 283.5 275 279.2 278.8 273.2 264.1 263.1 262.7 259.9 260.3 265.3 257.9 254.8 256.2 252.8 246.8 239.2 238.1 222.7 219.1 230 233.6 225.8 212 191.2 171.5 157.7 144.5 131.1 155.6 185.4 196.6 207.2 215.5 218.2 222.7 231.7 239.8 243.8 248.9 253.4 259.4 266.8 273.2 277 283.1 291.2 298.1 296.9 297 296.2
112.8 126.6 119.7 116.1 115.7 117.2 120.4 129.6 157.3 168.7 188.6 215.8 243.7 269 279.1 297.4 297.5 283.6 291.8 296.1 275.6 258.4 245.2 241.4 245.6 249.4 256.3 253.2 254.8 262.7 275.7 285.1 287.8 282.2 274.9 268.6 267.2 264.6 265.2 257.4 256.2 263.2 260.2 256.5 250.3 252.4 250.4 247.9 250.7 254 247.7 233.6 238.1 227.5 219.9 211.3 210.4 198.4 183.6 167.7 157.4 148.2 140.6 129.4 148.6 174.9 189.7 196.9 207.1 210.1 218 224.8 232.4 239.1 244.8 249.6 255 261.3 267.9 271.8 279.7 287 291.7 293.7 296 296.2
114.9 105.6 105 107.7 108 111.1 121.6 142.5 167.5 183.2 195.7 215.4 242 264.4 274.6 292.2 308 298.9 300.3 294.6 275 257.8 246.4 250.3 248.3 255 260.1 263.8 270.5 283.8 298.6 292.9 282.8 277.1 269.3 254.3 257.9 252.2 245.1 244.8 244.8 254.6 261.6 259.7 238.7 240.7 244 245.4 250.8 254.5 245 230.5 225.5 226.9 218.2 202.2 181.6 179.6 175.3 166 147 138.2 127.7 127 139.7 153.7 166.7 177.5 186.8 195 212.6 220.1 227 234.1 240.1 247.3 253.3 259.2 266.7 273.6 281.7 286.2 288.3 289.6 292 292.3
106.8 97.3 95.5 97.3 106.6 120.3 130.2 152.4 165.9 181.8 198.7 229.5 257.1 266.1 270.8 301.3 308.2 303.4 311.6 289.8 271.2 261.3 251.2 255 259.5 267.2 277.7 282.9 277 281.9 286.6 284.7 284.1 262.9 252 246.1 251.1 249 241.7 239.7 240.2 243.6 246.6 249 236.4 236.3 240.9 242.3 250.4 251.5 243.7 230.1 214.6 213.2 204.4 188.1 171.5 173.2 174.4 155.1 144.5 135 117.1 117.8 126 138.2 146.6 154.6 169.4 176.5 186.4 202.9 216.6 227.1 235.4 240.7 249.5 255.8 264.1 271 278.7 284.1 285.3 287.5 289.7 292.6
100.1 95.5 95.5 95.5 113.3 126.6 142.2 162.4 163.8 190.3 218.9 249.7 262.8 271.5 282.4 294.8 302.4 304.7 316.2 295.7 270.4 256.6 257.4 266.1 276.7 288.1 289.7 289.8 278.5 280.7 280.3 277.5 273 269 245.8 245.9 243.7 239.1 237.2 237.5 238.8 237.2 233.6 235.3 229.2 231 236.9 240.1 245.6 248.3 237.3 219.2 200.8 202.3 194.7 179.3 166.8 171.5 164.3 153.8 152.2 146.2 130.6 116.7 112.6 118.6 126.4 136.3 147.1 153.3 161.8 178.3 194 204.9 216.2 228.3 236.8 244.1 251.1 264.4 272.1 276.3 278.8 282.5 288.6 291.8
95.5 95.5 95.5 106.4 117.7 130.9 153.1 161.3 162.3 218.1 242.5 256.7 267.6 276 279.7 293.6 298.9 301 312.8 295.2 269.2 262.8 268 270.5 283.7 289.6 290.3 289 277.3 276.4 269.8 261.1 265 277.4 257.3 246.6 242.8 235.5 227.5 230.2 233.9 233.6 233.9 230.5 225.7 230.2 235.3 239.2 239.8 241 226.2 203.2 195.4 189 180.5 173 165.8 166.6 162.4 157.6 150.9 148.4 140 123.4 107.1 112.3 121.6 129.1 136.8 140 150.5 158.7 174.1 183.5 198.2 213.4 221.8 228.1 241.1 252.6 264.2 270.7 273.2 281.1 286.1 287.6
101.4 99.5 109.8 124.5 124.5 137.2 151.9 159.7 175.2 213.3 239.1 249.1 261.9 273.8 279.4 287.1 288.5 291.7 294.4 289.8 268.2 265.9 267.3 267 283 287.7 284.7 278.3 265.9 257 257 257 268.9 279 267.1 242.2 238.2 222.6 224.2 230.2 236 232.8 233.1 232 224.6 224.5 227.5 233.1 231.2 234.3 216 188.7 177.3 174.2 178.6 173.9 168.2 168.9 170.1 159.5 151.2 144.9 142.8 130.5 108.9 105.5 117 124.7 129.2 137 142 147.6 157.8 167.2 179.4 195.1 199.9 207.1 224.4 236.6 249.3 257.5 261.8 272.6 281 285.1
106.2 127.7 136.7 130.5 136.9 145.3 164.7 168.2 190.4 226.8 240.4 245.8 255.3 264.9 271.4 274.6 286.6 297.9 292 290 267.7 257.7 251.1 251.1 263.8 264.4 260.7 260.6 257 265.2 268.4 266.6 265 257 254.2 239.9 228.7 222.6 225.7 235.2 237.6 227.8 226.8 233.6 225.9 215.5 215 218.2 219.7 206.6 191 176 164 160.2 165.6 165.6 171.1 167.7 168.6 167.8 145.2 138.3 139.6 130 116.8 101.8 111.2 121.9 128 133.6 139.6 142.5 146.9 154.8 160.4 172.3 180 190.3 205.4 224.3 237.9 250.3 258.6 266.1 270.9 273.2
109.6 152.5 146.1 156.8 148.7 157.4 173.3 201.7 201.4 214.7 229.1 237 252.3 254.1 263.5 270.4 277.9 289.1 288 275.4 269 255.7 245.8 240.2 246.2 256.3 252.9 256.1 255.2 260 259.4 259.5 257.6 250.5 241.4 230.3 228.7 229.6 226.6 237.3 236.8 229.6 222.5 225.2 231.2 205.6 199.9 196.4 198.8 185.6 185.1 173.4 160.5 149.5 151.7 147.9 163.1 164.2 162.4 164 145.3 132.5 134.5 131.9 112.5 102.5 105.8 117.2 126 132.2 134.8 136.1 139.4 143.1 151.6 163.4 172.4 182.7 196.2 211.9 227.1 245.8 252.4 260.2 265.7 267.5
136.8 151.5 148 155.8 154 161.6 188.2 205.3 216.1 229.7 250.9 246.9 249.2 244.5 259.8 273.5 266.9 271.3 283.1 267.2 252.7 245.5 236.5 231.7 236.4 243.3 254.3 252.5 248.8 242.1 246.3 248.7 243.7 228.8 228.3 228.9 230.2 221.9 225.2 226.7 226.1 228.5 225.7 220.6 211.5 201.4 183.5 179.2 175.2 178.6 178.8 168.4 157.3 140.7 138.8 139 149.9 157.2 153.2 157.8 145.9 126.5 126.2 127.8 110.3 101.1 102.7 117 120.9 126.6 131.9 136 138.4 142 149.9 159.2 169.1 179.1 189.4 203.1 220.8 229.3 236.4 245.9 254.4 258
147.5 143.7 145.8 148.5 159.6 178.2 196.5 208.5 219.9 228.3 242.1 248 240.2 244.7 245.7 249 248.6 250 267 279.5 260.8 249.5 237.1 227.4 230.8 237.6 245 262.9 253.8 233.8 230 222.8 219.1 227.3 234.7 233.5 222 218.6 218 229 231.4 226.3 218.4 211.8 214.9 202.1 174.9 163.3 154.2 162.1 164.1 153.5 145 136.7 135.2 135.8 138.4 143.9 149 147.9 136.9 120.3 120.9 118.3 107.4 94.6 99.1 110.5 116.6 121.5 127.7 133.1 137.3 140.3 148.6 158.1 167 175.3 185.5 203.8 214 217.1 220 227.7 232.5 233.4
129.8 136.8 151.8 164.6 179 214.7 226.7 221.8 218.6 221.5 227.9 233.5 234.8 233.4 229.6 230.1 232 236.6 259.2 266 265.9 256.6 242.2 228.4 223.9 236 240.7 243.7 252.1 230.5 210.7 209 216.7 224.7 227.9 226.3 215 215.1 207.8 204.4 208.7 205.9 197.2 198.3 208.4 203 168.6 144 133.8 139.7 144.8 138.7 133.9 134.2 134.3 131.3 130.2 131.3 135.7 134.8 128.3 115.4 113.7 107.9 95.8 91.7 94.9 103.2 110.9 117.6 125 128.6 136 143.1 150.2 158.5 165.8 175.7 187.2 194.6 201.7 208.1 210.6 212.7 214.6 217.8
133.9 164.8 175.7 185.7 195.5 228.9 230.6 229.8 225.8 227.4 229.5 222.3 225 218.8 215.5 214.2 224.6 232.8 243.6 245.9 256.8 253.1 241.3 226.1 218 225.8 241.1 236.4 234.8 217.1 206.2 204.8 211.7 215.3 215.3 211.8 206.3 205.8 200.4 193.7 193 195.8 190.8 179.5 184.6 179.9 157.5 131.2 124.3 128.2 131.9 135.5 131.7 129.4 130.9 129.4 129.1 130.3 129 122.1 115.6 106.1 104.7 98.2 90.3 89.8 91.1 95.6 103.3 114 121 126 131.1 138.9 150.9 160.6 167.4 170.7 175.4 178.3 185.5 186.8 194.2 200.8 204.2 205.6
145.7 175.5 181.5 188.3 208.3 229.1 235.7 226.7 222.2 222.8 219.6 216.3 206.3 197.3 195.7 202.1 216.4 223.7 230.7 236.3 232.7 238.5 234.2 223.3 215.8 216.6 221.2 229.1 218.1 206.7 201.6 192.4 192.5 194.2 196.3 198 202.6 202.4 199.3 195.5 184 178.3 173.4 162.1 150.5 139.6 130.7 123.6 124.4 125.7 131.8 131 129.1 125.4 125.8 127.6 129.6 132.4 132.5 116.6 102.7 96.1 92 91.3 87.8 87.1 87.7 88.1 96.2 107.8 115.6 120.6 125.6 131 139 153.6 168.8 156.8 155.9 158.6 159.8 162.4 166.6 177.4 186.2 190.9
154.1 192.6 186.6 186 197.4 210.2 222.8 214.2 205.6 206.3 207.4 211.9 196.3 191.6 191.2 193.1 202.3 215.1 223.4 226.6 224.7 216.8 219.7 222.4 212.2 209.5 210.2 206.9 197.5 198.9 192.1 187 186.1 190.7 197.4 208.6 209.6 207 202.8 199 184.1 166.7 156.5 142.6 129.1 121.3 116.4 112.4 115.7 124.1 126.2 126.3 124.2 123.2 124.2 127.1 129.4 131.6 130.9 108.6 96.5 92.8 91.9 85.9 85.5 85.1 85.5 85.4 87.4 99.8 111.6 117.4 125.9 130.9 131.2 131.8 140.3 143 146.5 148.3 146.8 148.6 157.4 157.6 166.5 173.7
169.2 189 170.6 170.8 184.9 190 199.2 196.3 187.1 188.6 198 197.3 185.7 200.6 194.5 191.5 192.6 207.2 220.2 215.8 209.5 208.8 205.3 205.4 208.9 204 200.5 190.2 187.2 186.8 188.2 191.3 188 187.6 199.5 205.9 204.1 205.4 201.7 194.2 181.3 164.9 141.4 125.3 115.4 110.8 109.1 109.6 114.4 112.6 111.7 111.6 110.8 117.9 121.5 124.5 127.2 127.5 109.8 96.2 89.5 87.4 94 87.7 83.3 82.5 82.8 84 84.5 86.3 97.3 110.6 121 125.7 125.2 122.3 119 122.7 132.9 131.1 132.9 133.2 132.9 134.3 139.2 154.4
