Game/Highland_Data/StreamingAssets/GeoData/Data/ng/NG87.asc
ncols 200
nrows 200
xllcorner 180000
yllcorner 870000
cellsize 50
[rows 72 to 107 of 200, columns 83 to 165 of 200]
315.6 301.4 298.4 292.2 278.5 267.4 262.9 260.7 268.2 283.7 303.6 314.1 325.2 309.8 292.7 285.7 297.3 299.2 306.2 301.5 294.7 303.8 303.8 305.5 311.5 316.4 342.2 344.1 343.1 330.7 316.1 298.3 275.2 256.8 247.8 240.6 236.8 233.4 229.7 227.1 231.5 227.2 224.6 231 233.5 237.6 239.5 252.2 248.7 247 255.3 257.3 262.3 264.7 263.1 265.3 264.3 258.3 253.4 255.8 254.6 238 209.2 214.8 220.9 225.8 229 231.5 223.8 213.6 199 196.1 181.8 170.1 148.5 123.2 101.7 94 97.8 101.5 97.1 79.7 60.2
316.4 303.6 301.6 292.7 275.4 267.3 266.1 266.7 271.8 288.1 310.1 339.2 338.5 319.1 308.2 314.2 320.8 326.4 322.7 318.3 316.8 315.5 312.1 323.5 330.8 336.2 348.2 347.9 338.8 333.6 325 304 278.2 259 251.8 240.7 238.7 236.7 236.8 242.2 242.5 234.3 233.9 248.5 249.5 240.1 239.4 249.8 244.7 244.8 257.4 256.9 256.6 256.4 256.9 259.6 259.2 260.6 248.9 246.3 238.6 223.3 218.1 209.8 218.6 241.5 235.3 230.3 220.7 213.2 194.4 184.6 178 165.7 149.2 122.1 104.3 99.4 96.6 93.1 86.6 73.8 58.4
314.7 302.5 298.7 287.2 273.4 269.4 272.4 269.8 276.9 302.8 319.8 340.8 340.4 320.6 316.1 320 335.2 340 338.6 333.4 331.4 330.9 324.9 338 351.7 351.3 350 343.3 336.5 337.8 327.1 307.5 287.4 268.1 255.1 241.8 239.8 248.4 261.9 261.7 246.3 248.7 249.5 270.5 264.9 251.9 245.1 236.7 242.2 239.2 255.2 255 253.8 250 251.7 261.9 256.9 248.3 238.9 235.1 228.4 224.2 222.3 208.9 225.1 239.4 233.2 226.3 219.1 206.3 199.9 189.3 172.6 159.2 142.7 118.8 110.8 101.4 98.5 94.4 82.2 69.3 55.3
307.6 295.3 288 277.5 269.7 270.7 268.5 270 282.1 299 317.9 330.1 332.4 318.3 315 317.2 330 334.9 338.6 343.2 349 344.9 337.2 340.2 351.9 347.9 346.2 339.1 339.5 342.1 327.8 307 284.2 268.5 254.6 246.5 256.6 270.1 277.3 268.4 253.5 261.1 265.2 288 278.7 265.9 247.9 237.2 227.9 234.8 243.2 244.3 242.6 242.5 241.3 241.4 239.2 230.4 228.8 228.8 230 218.7 216.7 212.9 215.8 233.5 228.4 232.7 216.1 207 201.4 189 168.2 149.9 136.6 115.5 108.2 101.9 96.4 92.4 84.1 65.8 51.9
296.2 285.3 279.1 268.8 266.9 268.1 267.7 278 294.7 309.6 316.5 330 323 313.8 312.1 312.4 320.2 327.9 331.5 343.1 347.5 349.6 345.2 350.5 355 358 351.3 343.2 339 336.6 325.8 303 285.1 272.1 262.7 266.3 280.7 284 285.3 271.7 258.3 262.8 267.2 297.8 290.2 273.4 251.8 236 224.5 227.7 229.1 228.3 227.7 225.6 220.7 224.7 229.5 221 220.1 212.3 230.4 213.6 212.4 210.9 215.1 230.7 228.2 239.1 218.2 210.2 200.5 180.2 159.7 146.9 133.2 113.5 102.7 96.5 93.5 83.5 74.4 60 48.9
283.6 272.8 269.1 261.6 259.5 262.6 269.2 283.4 299.4 312 322.1 327 314.4 308.2 307.2 311.1 314.3 319.9 334.7 344.1 347.3 352.6 355.4 353.4 358.3 370 366 365.1 352.9 339.8 322.8 306.3 292 281.5 278 291.7 299.3 290.3 282.8 271.5 261.9 263.7 267.4 309 306 277.9 260.2 241.4 220.6 221.9 222.6 219.3 217.4 213.9 208.9 209.8 212 209.7 199.6 201.2 213.1 212.4 219.7 216.2 209.4 223.3 221.8 227.2 218.7 212.4 201.2 172.7 155.7 140.2 126.6 108.4 96.8 92.7 91.7 79.3 68.6 52.8 43.6
271.5 264.1 260.6 254 252.6 261.7 272.2 285.6 306.2 317.5 317 317.8 307.9 303.9 304.8 310.6 317.1 325.9 333 340.2 349.7 353.1 366.7 365.4 370.8 376.3 375.4 367.1 355 343.1 334.7 319.7 301.9 292.2 295.3 313.4 309.3 294.7 284.9 272.8 263.2 263.4 268.8 311.1 319.7 287.6 261.5 243.9 217.2 209 215.3 212.2 205.5 202.2 198.7 192.6 195.8 193.4 190.5 194.7 203.2 197.6 213.4 221.5 205 206 210.8 216.2 215.3 209.2 194.1 170.6 152.4 134.1 118.3 100.7 89.1 84 80.9 74.7 60.3 46.3 35
260.9 254.2 251.4 245.9 251.8 258.2 273.5 301.7 299.6 309.8 313.8 301.9 303.1 301.1 306.2 318.7 329.1 334.9 341.7 344 357.8 372.8 380.3 377.9 375.9 374.9 372.3 368.7 370.9 364.5 351 329.1 312.1 302.1 323.7 320.7 313.2 300.4 288.8 278.3 268.2 266.3 264.9 298.9 308.4 291.3 270.5 249.9 219.7 204.4 207 202.1 201.7 192.5 190.2 185.5 184.6 180.5 178.9 177 184.2 187.5 208.7 213.8 207.9 196.2 205 207.9 207.4 202.3 184 163.6 145.5 127 109.9 94.1 80.4 72.7 70.6 64.6 51.1 36.8 27
249 246 246.6 239.5 245.2 254.7 273.9 284.9 298.9 304.1 291.5 292.9 296.5 299.6 312.9 326.3 335.6 341.9 353.8 353.7 367.9 380.8 394.1 397.8 391.7 381.3 377 378.3 372.2 366.2 357.7 335.5 323.8 324.3 334.6 326.4 316.3 303.5 293.8 285.1 272.3 267.2 264.1 276.8 290.9 285.8 272.1 247.9 220.5 204.7 206.1 203.5 195.6 188.9 183.8 178.1 175.4 173.2 166.8 162 164.5 180.3 190.8 195.8 206.8 189 193.4 196.1 194.5 184.7 173.5 153 139.1 122.5 105.6 88.5 75.4 66.2 60.8 57.2 42.4 26.8 18.4
237.3 236 238.6 233.5 237.2 257.5 268.9 273.5 283.1 283.4 281.4 285 290.6 311.7 321 333.6 342 349.4 357.3 359.5 376.7 381.2 393.6 403.7 403.7 402.9 392.7 385.4 376.5 367.7 361.3 341.5 338.7 340 331.5 328.7 320 312.5 300.6 292.4 277.1 270 269.1 274.5 283.6 283.3 273.2 249.5 225.8 211.4 198.4 198.2 197.8 188.7 180.8 170.1 162.6 161.4 155.1 149.4 156.4 164.4 174.5 180.9 191.8 181.9 184.8 180.2 178.7 169 157.3 144.1 132.3 119.7 101.1 84.2 70.6 59.5 50.1 49.6 31.6 18 9.4
228.3 228.3 228.3 229.4 228.3 247.7 261.3 261.9 260.8 264.5 272.8 277 301.5 313.5 326.7 333.7 341.5 352.6 359.5 361.5 363.6 385.3 396.8 401.4 407.8 409.9 402.1 396.2 388 371.9 358.7 348.9 354.4 340.5 330.7 347.5 336.3 324.5 308.2 295 280 271.8 271.1 267.9 272.5 268.2 265.2 250.7 229.3 214.4 199.9 194.4 192.7 189.9 180.3 171.8 161.6 150.9 143.4 141.8 139.4 151.3 154.1 158.3 164.4 168.6 167.9 166.3 163.5 152.6 145.5 139.8 128.3 117.9 100.1 80.8 66.4 54.8 43.1 40 23.6 14.1 6.4
228.3 228.3 228.3 228.3 228.3 244.5 244.6 246.2 245.6 259.2 270.9 290.6 305.6 317.3 327.1 334.8 339.9 344.8 352.6 353.9 364.8 376.7 393.6 395.4 400.2 397.9 403.8 397.9 388.1 379.7 363.6 351.7 350.3 336.7 331 352.1 349 339.1 320 301.9 283.6 274.7 267.9 265.8 257 255 268.5 254.8 234.9 216.2 201.6 194.5 194.3 192.7 188.4 173.7 161.3 145.6 135.7 132.6 129.1 138 140.9 146.1 152.8 156.1 155.7 159.9 149.3 140.8 135.1 132.6 122.9 115.2 100.7 77.6 60.8 49.2 36.5 28.5 16.9 6.4 6.4
228.3 228.3 228.3 228.3 228.3 237.7 238.4 235.4 241.7 256.2 279.8 294.9 307.5 317.8 332.7 339.6 345 347.2 349.7 352.2 356.2 374.4 384.6 392.1 391.8 394.1 399.7 395.3 387.6 378.3 366.2 352.7 345.8 339.6 336.8 338.3 348.3 351.8 327.8 305 285 275.8 265.6 257.8 255.7 253.3 255.6 246.1 237.6 226.1 209.6 199.5 190.6 187.2 187.6 175.6 159.7 142.4 134.9 127.9 118.9 120.9 124.4 130.9 137.7 147.9 147.3 138.3 133.3 127.7 123.7 119.4 112.9 108.8 96.1 78.6 55.6 46.2 32.2 20.7 12.3 6.4 6.4
228.3 228.3 228.3 228.3 228.3 235.8 234.1 232.9 247.2 269 280.5 294.1 307.7 322.2 335.3 337.2 343.4 344.9 345.7 349.4 348.5 358.5 375.5 378.9 380.6 393.1 396.9 397.5 390.8 389.9 373.3 362.6 349.5 338 334 334.5 341 343.4 325.8 308.6 283.9 272.5 266.3 256 254.5 251.4 247.8 246.8 245.6 237.3 220.2 211.2 203.1 187.4 183.3 172 154.4 140.9 133.3 124.2 114.5 109.9 111.2 118.4 126 134.1 139.1 123.3 117.7 112.6 109.3 109 103.6 98.9 89 74.6 55.3 39.2 28 15.9 6.4 6.4 6.4
228.3 228.3 228.3 228.3 228.3 228.3 232.2 231.9 252.1 266.9 280.6 293.7 311.3 320.7 327.2 331.3 336.3 337.2 341.3 342.4 334.1 353.9 364.1 367.9 377.6 390.8 399.4 405.8 401.3 393.4 383.3 365.4 357.2 347.6 336.3 334.9 329.5 328.8 328 308.2 286.8 275.2 270.9 259.5 255.1 249.8 245.8 250.2 252.7 248.5 228.1 219.4 211.5 191.6 172.7 157.6 155.9 148.6 137 130.8 123.5 112 105.8 106.5 111.9 115.7 118.6 122.1 101.2 96.2 94.4 97.2 94.6 87 79 68.7 51.5 33.1 19.9 11 6.4 6.4 6.4
228.3 228.3 228.3 228.3 228.3 228.3 228.3 244.6 256.8 270.9 273.9 286.1 303.9 307.5 314 321 324.8 326.6 327.6 326.9 322.1 335.8 348.4 358.5 371.7 387.6 399.2 410.8 400.8 390.7 380.6 370.6 365.5 357.9 349.5 350.7 352 327 315.2 307.6 289.5 276.3 272.9 266.3 252.7 245.8 245.8 251.4 265.8 258.7 241.6 227.3 213.6 199.1 180.9 165.2 159.3 151.7 142.2 136.2 128.7 119.2 111.2 103.8 102 100.1 101.5 107 101.8 83.1 83.2 86.7 84.5 80.8 73.6 62.2 51.4 32.5 18.1 6.4 6.4 6.4 6.4
228.3 228.3 228.3 231.9 228.3 228.3 238.2 251.2 267.4 272.7 278.2 284 290.1 294.6 307.8 312.6 316.1 316.8 319.4 317.6 317.5 329.5 342.9 359.6 371.1 379.5 393.1 396.5 390.5 387.2 375.6 377.4 381.1 371.6 378.1 370.2 371.2 352 319.6 307.4 292 276.5 267.9 266.6 251.9 245.8 245.8 250.7 275 266 246.2 235.9 235.1 213.6 183.2 169.7 160.6 152.1 146.7 141.4 133.2 123.7 117.4 109.4 98 91.1 91.5 92.6 91.9 77.5 73.5 75.2 75.1 70.9 65.7 58.8 48.2 30.9 15.8 6.4 6.4 6.4 6.4
228.3 228.3 228.3 229.7 228.3 228.3 239.5 249.2 262.8 276.9 273.8 278.2 278.4 282 299.5 301.6 306.1 309.7 314.3 314.6 314.3 327.3 344 357.2 368.8 378.3 381.6 384.9 380.9 374.5 368.3 389.8 396.3 388.5 400.6 386.7 384.1 372.1 342.8 324.5 303 283.1 269 260 247.4 245.8 248.6 263.4 284.7 277.3 256.9 236.6 232.5 219.1 191.8 174 164.1 159.5 151.1 145.4 136.8 126.1 121.4 117 108.7 96.7 87.6 87.2 85.9 76.7 69.7 65.9 62.7 63.1 58.9 54.4 45.9 31.8 15.3 6.4 6.4 6.4 6.4
228.3 230 235.3 236.6 229.7 230.8 237 242.5 258.2 268.9 270.3 269.9 271 273.4 285.2 288.8 296.3 307.2 312.2 314 313.1 320.3 342.4 356.5 366.1 373.6 377.3 377.1 369.2 362.7 365.8 388.1 396.9 402.6 416.2 405.3 404.6 389.6 360.7 341.2 322.6 294.1 274.5 260.2 253.3 252.2 261.9 274.9 295.6 296.6 271.1 246.5 220.7 216.6 197.9 180.3 165.7 158.9 157.7 144.9 135.4 127 123.9 121.8 115.4 106.2 94.7 84.5 80.8 77.7 67.7 65.7 59.6 58.2 53.2 48.8 46 28.6 15.5 7.6 6.4 6.4 6.4
230.8 233.4 237.4 238.7 230.9 230.4 234.5 239.7 248.8 256.5 260.2 265.1 269.9 267.3 273.5 285.8 293.9 304.2 314.1 316.5 314.4 318.6 341.2 356.7 368.5 372.3 375.8 374 362.2 364.5 373.2 394.7 400.1 409.9 419.2 415.7 405.9 394.3 378.9 347.4 324.1 300.6 282.1 269.2 264.5 261.1 273.1 290.3 314.7 312.1 290.7 261.7 228.4 204.6 195.7 184.4 178.3 156.7 152.4 146 137.4 130.9 127.4 124.3 119.3 111.7 103 92.5 83 78 69.9 68.7 63.5 53.9 49.3 44.3 28.3 20.2 13.9 11.1 8.7 6.4 6.4
234.9 237.7 242.3 238.3 231.7 232.2 234.3 236.2 238.3 243.1 249.1 256.8 265.9 264 268.2 275.7 291.4 302.1 313.1 319.1 318.6 324.6 340.7 353.7 371.7 372.4 372.1 367.2 359.2 369.1 376.4 403.6 411.8 414.5 413.4 415.2 402.5 389.7 371.7 350.1 324.8 306.5 289 279.6 277.6 274.8 288.5 303.1 327.5 317.6 296.6 267.8 239.6 206.6 190.2 178 165.5 156.6 150 145.1 141.1 137.1 132.8 127.9 123.2 117.3 110.5 98.5 90.2 79.3 74.3 70.5 64.6 58.6 49.7 42.7 33.5 19.2 13.4 11.6 12.9 12.8 6.4
240.6 240 246.6 244.7 232.6 241.1 251.4 256 263.1 261.3 253.2 256.2 254.7 256.7 263.4 270.2 281.4 295.9 311.1 317.7 316.7 327.3 355.3 358.4 366.3 370.1 368.4 359.7 360.4 374.6 380.2 398.5 407.6 412.6 411.1 406.2 396.6 387.9 366.2 339.8 321.4 309.6 301 289.6 295.9 291.8 302.5 313.6 329.4 317.9 299.2 277.8 244.4 216.3 197.1 190.9 179.2 162.7 148.4 144.7 143.2 140.2 138.6 134.1 127.8 121.7 115.7 113 105.1 90.2 81.9 75.9 69.4 60.8 52.5 44.6 34.4 18 11.5 10.3 10.5 6.4 6.4
247.2 244.9 247.7 249.2 240.8 248.3 265.5 272.7 280.1 289.1 286.3 287.4 276 277.1 270.4 274.3 278.6 283.9 294.4 306.7 309.1 324.7 347.5 361.7 366.1 365.1 363 352.8 364.7 372.1 376.3 386.7 392.9 395.7 392.9 385.6 379 371.7 354 331.9 317.5 314.7 308.9 303.3 300.8 304 305.7 315.9 328.3 313.4 297.2 274.3 252.2 234.2 213 210.6 194.8 182.5 167.1 145.3 141.1 139.5 137.8 136 130.9 127.4 124.4 121.5 115.7 104.8 93.2 83.8 76 67.7 55.3 46.5 31.9 16.9 10.7 9.2 6.4 6.4 6.4
252.3 249.4 254 251.1 246.7 246.6 258.4 273.3 281.3 290.7 294.2 293.2 282.9 284.3 282.8 286.8 288.6 301 306.3 300.5 297.8 312.8 331.7 349 359.2 363.4 351.7 346.7 365.6 368.6 368.4 371.1 374 375.4 373.8 367 355.8 349.3 337.4 322 319.4 318 317.8 311 307.6 323.8 316.2 319.4 319.9 311.3 292.1 279.8 265.8 240.3 227 238.6 221.6 202.5 183.5 161.6 141.3 139.9 138.3 137 134.9 130.7 129 128 125 118.9 108.4 94.1 82.8 74.9 62.3 48.4 35.1 15.3 8 6.4 6.4 6.4 6.4
258.6 257.1 261.3 257.1 248.7 245.5 248.8 262.4 275.8 288.5 288.4 289.2 284 288.8 285.1 292.4 296.1 298.6 303.4 307.1 299.2 299.3 308.2 328.8 343.8 345.9 337.6 336.9 362.4 361 360 360.6 363.7 370.2 367.1 359.8 344.8 332.3 324.7 320.7 317.6 316.4 316 313 324.3 324.1 325.6 319.7 322.5 307.3 291.3 276.4 260.7 237.6 244.1 245.7 243.8 218.1 197.6 181.6 158.9 145 140.7 138.9 137.4 134.1 132.2 131.4 130.1 127.9 120.8 106.7 89.9 80.5 69.3 52.4 40.3 18.4 6.4 6.4 6.4 6.4 6.4
267.8 277.6 265.4 267 259.5 246.3 249.2 258.5 263.6 275.5 277.7 282.5 282.4 285.8 289 299.7 300.4 299.4 308.1 308.9 308.4 309.1 307.3 316 328.5 334.8 330 332.4 349.1 351.8 359 356.5 361.1 362.1 351.2 348.5 332 326.5 322.3 318.1 318.1 320.9 318.4 325.1 332.2 327.2 327.8 323.3 317 301.2 286.8 270.5 255.7 250.9 257.4 256.9 259.5 237.4 214.6 205.2 181.1 155.7 142.3 139.8 139 137.6 135.6 134.8 133.4 131.7 128 116.9 96.7 85.3 74.3 56.9 41.9 23.8 6.4 6.4 6.4 6.4 13.7
291.4 285.3 280.1 271.2 269.8 249.9 251.3 259.7 279.2 273.3 271.6 272 273.9 279.4 282.7 287.7 294.2 304.9 313.2 311 316.2 329.8 320.6 313.4 313.3 320.7 327.1 325.7 341 346 355.8 356.6 346.3 341.7 332.1 323.3 320.1 314.4 319.1 318.1 325.2 329.6 332.6 327.5 327 321 321.3 323.9 305.7 300.7 292.2 270.8 260.5 257 264.8 269.8 262.8 249.9 242.7 231.9 210.6 185.1 159.9 145 139.3 138.5 137.8 136.4 134.8 133.6 130.7 122.9 104.8 89.6 77.8 62.1 48.2 28.1 6.4 6.4 6.4 9.6 16.1
319.2 305 288.4 282.4 271.4 259.5 253.9 267.4 277.5 277.7 274.5 273.7 273.8 274.3 280.6 285.9 289.8 292.3 304.1 306.7 312.5 313.5 332.1 332.4 320.3 314.6 314.7 317.3 331.1 335.3 346.1 339.1 334.6 323.9 311.6 301.1 299.1 309.3 318 325.1 331.3 334.2 327.8 327.7 326.3 319.5 315.5 310.8 305.1 310.4 298.8 276.8 261.1 259.3 268.1 277.5 275.5 270 268.5 253.9 244.8 212.3 193.8 180.9 152.3 140.9 137.8 136.5 134.8 134.1 130.2 123.5 109.6 90.4 79.4 63.9 45 27.2 7.9 6.4 6.4 10.6 16.1
331.4 323.4 302.8 288.6 278 272.5 269.2 280 306 310.4 300.7 293.7 288.5 286.2 295.7 292.8 307.2 299.6 298.5 301.2 316.6 339.3 354.9 352.2 353 338.8 319.7 319.2 320.5 325.7 335.5 323.6 320.4 306 294.5 294.5 294.5 309 328.7 334.9 328.1 331.3 333.5 335.5 329.6 323.7 321.7 315.4 327.1 319.3 309.3 297.4 267.2 268 270.3 280.2 277.1 271.8 286.1 276.5 261.9 242 220.2 213.4 183.2 160.6 144 137.2 135 132.4 128.7 122.3 111.3 94.2 80.5 58.1 38 30.4 13.2 6.4 6.4 8.6 14.5
335.2 329.7 312.5 295.7 285.1 279.7 273 294.7 310.5 308.8 302.4 301.2 315.3 311.3 309 300.8 316.8 325.9 313.7 309 332.9 353.4 365.6 357.5 350.4 347.6 329.8 327 318.3 309.8 313.8 309.7 306.8 294.5 294.5 294.5 315.2 337.4 329.8 334.4 332.8 329.6 343.3 336.1 324.8 327.7 332.7 332.4 331.4 330.7 318.9 308.4 277.1 264.9 270.1 279.4 275.8 268.8 269.7 275.6 271.2 259.2 252.7 240.4 224 184.2 172.2 147.6 136.9 133.5 128.4 122.6 114.3 98.2 72.9 46.5 37 31 16.1 6.4 6.4 6.4 15.1
343.4 332.6 321.8 313.1 294 285.6 280 299.4 311 307.7 302.3 304.2 315.5 318 314 313.3 317.5 327.2 319 314.4 330.6 344.7 346.9 346.7 345.3 339.7 334.7 323.4 318.5 309.6 294.5 294.5 294.5 294.5 294.5 294.5 318.5 322.7 324.7 346.1 329 326.1 332.2 329.7 325.5 333.3 349.9 345.6 340.3 328.2 330 318.6 293.1 269.2 291.7 281.5 276.6 272.2 261.2 270.8 271.4 265.5 262.4 258.9 244.2 206.9 195.5 167.8 148.8 136.8 132.2 124 117.1 101.4 71.3 51.6 40.7 32.1 18.8 9.1 6.4 11.5 15.7
349.9 344.2 330.3 326.2 307.6 294.2 290.8 293.8 303.2 303.1 309.8 313.3 318.9 318.9 310.6 310.7 316.2 317.6 318.7 314.8 330.1 338.5 337.5 331.3 332.7 328.3 323 317.1 313.2 305.7 294.5 294.5 294.5 294.5 294.5 294.5 294.5 305.4 325.3 330.5 317.7 313.3 337 331 341.1 348.6 346.9 343.2 334.5 324.8 321.9 317.9 303.3 278.8 288.8 283.8 275.7 272.7 262.2 261.2 263.3 267.3 259.3 258.1 250.1 229.9 213.8 185.5 169.8 153.7 137.2 126.8 119 103.2 75.2 56.1 42 33.4 21.6 10.7 10.1 14.1 17.1
344.8 348.9 343 331.9 318.9 302.7 297.8 294.5 294.8 297.1 300.2 310.1 309.5 312.2 308 311.9 316.9 310.6 312.4 311.6 325.7 328 329.4 320.8 327.7 327.6 318.5 315.8 311.6 299.8 294.5 294.5 294.5 294.5 294.5 294.5 294.5 294.5 315.7 316.9 310 317 332.7 342.1 353.3 354.3 345.4 331.8 327.8 319.3 315 313.3 304.5 287.8 288.4 281.5 277.1 272.3 266.3 261.2 263.2 260.6 266.5 267.3 262.9 237.9 226.8 209.8 191.9 177.8 156.9 138 120.4 104 76.7 58.3 43.4 30.6 20.4 12.4 10.9 16.3 20.1
330.2 334.6 343.6 339 322 309.4 294.7 294.8 292.4 291.5 295.1 303.7 297.9 295.6 295.7 295.7 300.2 301.2 301 299.2 309.5 314.8 317.2 312.2 318.5 330.3 322 315.1 313.3 295.1 294.5 294.5 299.5 298.1 294.5 294.5 294.5 294.5 294.5 303.8 303.2 308 340.3 346.5 350.1 345.8 333 325.5 319.8 315.9 316 316.7 303.7 288.2 284.6 281.9 278.9 279.1 275.6 261.7 260.9 261.7 263.3 267.6 265.6 246.9 236.1 225.6 214.7 201.4 187.3 161.6 124.6 101.1 80.2 63 42.1 28.5 19.2 12.9 12.3 14.3 19.4
300.1 309.9 327 340 329.9 311.1 294.7 296 290.2 287.2 285.8 286.7 284.5 284.4 282.2 283.7 285.6 288.2 288.6 288.2 292.9 300.1 301.3 309.5 328.4 328.3 328.3 315 305.1 294.5 294.5 302.7 303.7 300.5 303.1 302.7 294.5 294.5 294.5 294.5 294.5 297.3 314.8 332.4 335 329.8 318.8 316.1 315.2 315.7 319.8 324.9 311.9 288.9 284 281.3 281.3 286.7 280.6 270.1 260.4 266 267.5 268.6 271.1 254.6 242.2 237.7 230.6 225.3 216.5 199.1 171.5 130.2 91.1 63.3 44.2 27.4 17.6 12.7 12.7 14.2 18
265.7 289.4 312 327.6 330.9 318.1 296.5 296.7 291.3 284.5 281 276.6 271.8 273.7 275.7 279 283.7 285.6 283.4 278.9 283.1 294.6 306.1 316.4 333.3 331.1 316.1 314.8 302 294.5 303.4 305 304.1 301.7 301.9 294.5 294.5 297.9 294.5 294.5 294.5 294.5 304.4 308.1 310 310.7 314.4 317.3 318.9 316.8 329.4 330 319.3 295.1 286 287.4 298.9 295.8 283.9 273.9 263.3 262 260.8 265.4 275.6 269.6 250.4 246.1 247.4 240.4 236.3 217.5 193.2 158.6 114.1 77.5 50.3 30.2 18.4 16.7 15.3 16.1 17.7
