Game/Highland_Data/StreamingAssets/GeoData/Data/ng/NG88.asc
ncols 200
nrows 200
xllcorner 180000
yllcorner 880000
cellsize 50
[rows 160 to 199 of 200, columns 0 to 89 of 200]
188.9 187.6 186.2 186.9 186.4 182.8 178.8 173 170.3 170.6 175.2 182.4 190.7 199.4 205.1 206.5 210.6 207.1 200.5 197 190.7 186.7 181.6 176.6 172.3 165.8 160.1 155.5 154.1 151.3 149.9 149.9 158.6 168 165.7 160.1 153.7 152.4 151.1 149.5 149.1 147.3 146.5 145.9 143.3 139.4 137 134.5 132.5 130.4 126.3 124.5 123.5 124.1 123.2 125.8 126.8 125.3 125.4 127.9 136.9 131.8 124.8 124.7 124.7 124.7 124.7 124.7 124.7 132.9 151.8 161.7 160.1 142.8 129.9 120.8 95.8 64 38.3 20.3 14.6 5.9 -2 -2 -2 -2 -2 -2 -2 -2
187.1 186.2 185.5 185.3 182.6 179.1 174.1 168.8 168.8 168.8 174.2 184.8 192 201.2 206.9 207.5 209.4 206.1 201.8 198.7 194.1 189.8 184.3 176.2 169.7 165.2 161.3 156.3 153.2 150.5 149.9 151.1 162.1 167.4 163.2 156.8 155.3 154.5 153 152.5 154.1 152.2 154 150.4 146.3 142.6 138.7 134.8 130.8 126.5 123.5 122.3 121.5 121.9 122.8 124.5 124.3 124.2 124 126.6 129.4 130 124.8 124.6 124.7 124.7 132.5 124.7 124.7 125.7 143.8 149.3 154.5 145.5 147 138.9 108.3 77.4 52 30 17 8.1 -2 -2 -2 -2 -2 -2 -2 -2
186.4 185.3 184.8 183 179.7 175.5 168.8 168.8 168.8 170.6 177.2 186.9 194.9 203.1 208 209 208.9 207.4 205.9 203.8 202.6 194.8 185.2 176.7 170.9 164.3 163.5 161 155.8 149.8 149.9 153.3 157.3 159.1 158.5 157.6 156.6 155.8 156 156.7 161.3 161 155.9 150.6 146.6 143.5 138.8 133.4 128 123.8 121.4 120.1 120 120.6 122.4 123.2 123.1 123 123.1 123.5 124.5 126 133.6 139.5 144.2 142.4 136.5 124.7 124.7 125.2 138.6 147 154 155.7 150.7 138.3 116.6 90.3 70.6 47.1 29.9 15.1 -2 -2 -2 -2 -2 -2 -2 -2
183.1 183.7 183.1 180.5 175.4 168.5 168.8 168.8 168.8 171.4 180.6 189.1 199.7 207.4 211.1 210.6 211.7 208.9 206.8 204.9 200.3 192 184.4 178.4 173.5 169.4 169.9 166.2 159.5 152.6 149.9 153.2 157.9 159.2 158.6 158 157.8 159.1 163.7 166.1 163.6 161.2 157.9 150.5 146.5 141.2 138 130.9 127.5 123 120.5 118 116.5 118.9 123.3 123.7 123.3 122.9 122.2 122.1 123.1 126 136.2 142.2 141.3 139.5 132 124.4 129.3 138.8 149.6 158.5 154.1 164.8 151.5 144.7 124.4 113.7 90.8 65.9 42.1 24.9 11.1 -2 -2 -2 -2 -2 -2 -2
181.5 181.8 179.7 175.1 168.8 168.8 168.8 168.8 168.8 171.4 181.9 193.4 204.1 212.4 216 213.6 212.9 212.7 210.9 203.9 193.5 189 183.6 181.4 174.3 168.1 169.8 165.1 160.6 157.8 159.4 157.3 158.3 158.7 158.6 159 166.1 166.5 163.9 163.4 162.2 159.1 155.6 149.7 144.9 139.2 135.5 131 126.9 123.4 120.2 117.4 116.5 116.5 119.5 125 123.7 123.6 121.9 120.9 122.6 132.8 148.7 141 137.5 134.2 130.6 126 137 155.9 175.9 169.1 179.7 154.2 153.4 146.7 143.5 133.7 100.3 78 53.6 34 20.5 7.2 -2 -2 -2 -2 -2 -2
181.4 180.2 176.7 169.4 168.8 168.8 168.8 168.8 168.8 171 181 193.6 205.6 211.2 217 216 213.5 213.9 213.4 203.2 187.5 190.4 185.9 190.2 181.8 169.6 166 168.2 167.7 163.7 164.6 163.8 160.6 158.1 158.9 166.3 173.2 171.2 164.5 161.7 159.2 155.6 151.7 146.1 142.5 137 134.6 131.2 128.2 124.2 121.3 118.4 115.9 116.5 117.1 121 122.4 124 121.9 120.8 122 129.6 134.7 136 134.6 133.2 133.1 139.6 150.5 161.1 169 178.8 172.8 167.3 163.1 156.4 142.5 133.4 105.8 88 68.5 47.4 31.3 17.3 2.2 -2 -2 -2 -2 -2
179.8 178.3 176.4 170.6 168.8 168.8 168.8 168.8 168.8 172.2 181.8 190.4 201.8 209.2 219.1 220.7 214.7 213.6 210.3 198.5 184.8 187.9 191.6 191.4 177.5 169.6 166 169.6 168.1 166.4 165.2 160.3 156.6 157.8 163.1 167.3 168.2 165 159.6 156.2 153.9 150.8 145.6 139.8 135.6 132.2 130.8 129.2 127.8 126 123.3 121 118 116.5 116.5 116.6 118.8 122.5 122.2 120.6 120.2 120.6 125.2 127.8 129 131.2 147.9 169.9 168.9 170.8 178.9 171.2 171.7 180.2 168.9 161.9 146.7 122.6 109.4 104.2 97.5 67.4 44.1 26.3 11.5 0.7 -2 -2 -2 -2
180.6 180.5 174.9 168.6 168.8 168.8 168.8 168.8 168.8 169.2 178.3 185.5 196.3 209.2 219.4 218.3 216 212.4 208.4 197.8 184.6 191.8 191.3 178 174 167.4 166 170.7 171.3 163.5 160 156.2 155.5 159.1 164.5 165.3 163.5 157 150.8 147.5 144.7 144.4 140.6 136.3 131.1 127.9 127.5 129.7 128.5 127.4 125.3 122.7 119.3 116.7 116.5 116.5 117.2 119.9 120.5 119.2 118.7 119.2 120.2 121.3 122.2 127.6 143.8 168.7 168.3 168.5 168.6 168.2 172.2 175.4 162.4 152.8 139.5 128.6 141 131.7 128.4 87.9 58.4 36.3 21.5 7.5 -2 -2 -2 -2
182 180.5 175.6 171.1 168.8 168.8 168.8 168.8 168.8 168.8 174.1 183.8 194.6 207.5 218.6 215.3 216.8 216.1 207 193.8 183 185.5 185.7 175.4 171.3 168.2 165.1 166.1 162.8 156.5 154.9 155 155.2 156.8 157.9 155.6 154.9 147.7 141.9 138.8 139.5 139.5 134.9 131.4 129.2 127.5 127.5 127.5 129.2 128.6 127.1 122.9 119.5 117.5 116.9 116.5 116.7 117.4 117 117.3 117.5 120.9 122.8 122.6 125.3 128.6 133.6 147.5 161.4 156.4 161.2 162.1 159 155.5 149.2 142.8 136.9 142.2 155.6 142.4 118.6 97.4 69.3 43.4 27.8 14.1 -2 -2 -2 -2
185.2 182.9 179.6 175 168.8 168.8 168.8 168.8 168.8 168.8 173.4 182.2 189.8 200.5 210 215.6 217.2 214.9 205.3 192.2 180.2 175.9 176.8 171.7 168.1 164.4 159.9 161.2 157 153.7 154 156.4 153.2 153.5 153.7 146.8 141.9 140.6 134.4 133.2 137.6 134.4 131.4 128.6 127.5 127.5 127.5 127.5 127.5 127.5 126.9 124.1 120.8 118.6 117.7 116.4 115.3 115.6 115.8 116.7 116.9 122.4 125.3 133.4 137.3 146.3 136.1 140.5 144.4 149.6 152.9 153.6 147.5 143.2 138.7 140.3 145.3 148 156.1 143.3 119.5 109.4 79.6 53.6 33.7 20.3 14.3 -2 -2 -2
186.1 183.6 180.8 175.4 168.8 168.8 168.8 168.8 168.8 168.8 171.4 178.9 189.1 199.2 214.2 220.2 218.4 214.5 203.7 190.3 177.6 174.1 178.4 171.1 168.5 159.1 157 156.4 155.7 152.2 152 151.6 147.8 143.8 138.2 136 132.4 130.8 130.5 132.4 136.7 133.6 131.2 129.3 127.5 127.5 127.5 127.5 127.5 128.2 128.4 127.1 123.6 119.5 118.4 116.8 114.5 114 114.1 114.6 116.3 116.4 119.9 133.1 143.1 137.3 140.3 143.3 138.6 135.3 137.8 136.4 137.6 133.9 133.9 148.3 142.7 141 142.3 133.2 122.2 117.8 86.1 60.6 42.4 25.7 19.1 11.9 2.3 -2
188.7 182.4 179.6 173.1 168.8 168.8 168.8 168.8 168.8 168.8 171.4 178.5 188.4 201.6 217.9 219.6 217.7 209.4 198.5 185 175.5 173.4 174.4 167.4 158.6 156.4 155.1 153.8 151.4 150.4 145.9 142.5 138.1 131.4 128 127.6 127.6 126.8 133.8 135.1 135.4 133.6 131.5 130.3 129.2 127.5 127.5 127.5 128.1 128.6 129.2 127.9 125.4 121.3 118.9 117.8 115.6 113.8 112.8 113.7 113.8 114.9 117.9 120.1 127 127.8 130.2 131.1 128.7 128.9 129.5 130.8 131.7 133.3 136.7 148.8 145.4 136.8 132.4 123.2 111.6 101.1 81.6 61 46.1 34.3 23.9 18.2 6.9 -2
187 179.3 173.9 169.2 168.8 168.8 173 168.8 168.8 168.4 176.9 186.5 193 206.5 218.8 220.3 216.1 205.9 193.8 180.1 173.7 173.8 171.7 158.2 155.4 156.8 152 151.4 147.4 142 135.8 131 127.3 127.6 127.6 127.6 127.3 133.2 134.7 137.2 136 134.4 132.2 131.3 131.6 129.1 127.5 129.9 129.5 130.2 130 128.9 126.7 122.7 120.6 119.2 117.4 115.3 113.6 112.9 111.9 112.9 115.1 115.2 116.9 118.6 122 123 123.5 127.8 139.7 136.5 134.2 140.2 147.8 144.6 136.9 129.5 125.2 121.2 113.4 102.6 73.4 58.7 45.6 30.3 26.7 21.9 13.7 -2
184.5 177.3 171.4 168.8 168.9 174 181.1 185.8 180.7 180.7 189.7 193.9 199.2 210.7 220.2 218.6 213.8 201.3 188.6 174 174.4 176.9 167.5 154.8 152.4 151.1 149.4 145.2 139.2 133.9 130 127.6 127.6 127.6 127.6 127.6 126.8 131.9 136.5 136.3 135.4 134.5 133 132.8 133.3 131.4 131.6 134.7 131.5 131.4 131 130.2 127.1 124.3 122.2 120.5 118.4 117 115.4 115.6 113.1 111.9 110.8 112.1 114.1 115.4 116.3 119.8 122.4 130.2 134 140.5 140.3 157.5 145.5 138 129.9 125.4 138.2 138.9 125.1 98.6 71.1 57.3 46.5 46 40.6 31 20.6 8.7
182.8 174.1 168.7 169.9 173 180 189.3 193.1 190.1 192.7 198.5 203.4 208.9 215.5 216.6 215.3 208.6 194.1 178.1 172 173.9 171.2 157 154.5 151.3 148.5 143 135.8 131.6 129.9 126.9 127.6 127.6 127.6 127.6 127.6 127.2 133.3 136 135.8 135.6 135.4 136.3 147.9 141.4 136.4 136.7 139.3 135.5 133 132 131.2 130 126.8 124 121.7 120.1 118.5 116.9 116.6 114.5 113.6 111.6 109.6 109.4 111.2 114.2 116.8 122 126.2 129 129.7 145.7 143 139.8 130.4 125 121.3 122.1 129.9 116.7 90.3 70.5 54.1 58.3 60 53.3 45.6 29.4 15.7
177.8 172.1 168.5 171.6 177 186.3 189.5 194 194.1 196.4 204.3 214.9 216.4 215.3 211.2 205.6 195.1 181.6 170.5 167.6 165.2 158.3 156.5 154.6 150.9 141.8 135.6 131.3 127.7 127.6 127.6 127.6 127.6 127.6 129.7 127.5 128.2 132.4 134.8 136.6 136 135.6 137.5 138.6 139 139.4 140.7 139.3 138.5 138 136.1 133.5 132.1 129.2 127.1 123.8 121.8 119.9 118.3 116.6 115.3 114.5 112.6 109.4 107.4 107.5 112.5 110.5 117.7 122.2 123.9 121.1 124 130.2 129.4 129 126.4 119.9 115.2 110.6 105.4 89.7 70 59.1 71 85.3 63.1 45.4 34.9 23.9
175.2 169 166.7 169.5 173.9 180.5 187.5 192 196.2 199.8 210.8 218.1 212.4 205.3 197.7 193.1 181.9 172.1 167 159.2 158.1 159.8 164.8 156.7 149.5 138.9 132.7 127.1 127.6 127.6 127.6 127.6 127.6 127.5 131.3 130.4 131.8 131.9 134.1 133 132.4 134.3 136.8 141.1 140.6 140.3 140.9 140.1 140.4 140.3 137.3 133.7 131.6 129.3 127.1 124.1 122.6 121.2 119.8 117.8 116.3 116.5 112 109.4 106.8 106.4 106.2 108.1 107.6 114.4 114.4 113.7 116.4 121.2 131.3 142.9 131.7 124.8 118.2 110.6 102.9 90.9 70.8 72.1 93.3 97.4 72 65.1 50.5 34.3
173.1 169 166 168.2 172.6 179.5 186.1 190.4 197.1 206.2 206.4 203.9 197.4 191.3 188.3 181.2 174.3 168.1 158 153 158.3 158.8 155 150.1 142.8 136.8 130.9 127.6 127.6 127.6 127.6 127.6 127.6 127.6 130.4 130.5 131.7 130.8 129.2 127.6 127.6 134 137.5 138.7 139.3 139.8 140.9 142.5 142.7 142.2 138.7 135.3 130.9 128.7 126.4 124 122.3 120.9 119.9 118.3 117.4 116.1 111.7 108.7 106.9 105.7 104.5 103.8 103.5 103.9 106.7 108.8 116.8 131.4 141.1 154.7 156.4 141.2 133.1 120.1 100.4 84.3 77.8 81.8 94 95.4 80.3 77.9 65.2 48.1
172 168.3 165.5 167.4 172.2 177.8 185.1 192.1 199.7 205.5 198.6 194.2 190.1 183.4 176.6 171.7 164.6 157.1 151.1 156.2 159.8 156.6 154 149.7 141.8 133.3 127.6 127.6 127.6 127.6 127.6 127.6 127.6 127.6 129.9 129.6 128.3 127.6 127.6 127.6 134.1 135.6 136.5 138.1 139.2 142 141.8 143.5 143.3 142.1 138.1 136.2 132.1 129.2 126.6 123.8 122.1 120.6 120.1 118.9 117.7 116.4 113 109.1 107 104.7 102.9 101.6 101.2 101.9 103.5 106.8 116.7 134.9 150.6 173.1 160.8 140.5 133.1 119.8 101.4 83.8 80.7 79.8 82.9 87.4 79.6 73.8 73.5 56.7
173.1 167.8 163.7 163.3 169.8 177.7 187.4 199.6 202.7 200 192.9 187.7 182.8 176.6 169.6 164.3 151.9 144.2 144.9 153.4 152.5 154.3 159.6 156.2 144.9 134.3 127.6 127.6 127.6 127.6 127.6 127.6 127.6 127.2 127.6 127.4 127.6 127.6 127.6 129.4 138.2 138.2 140 138.9 140 142.3 147.7 149.8 148 144.8 140.6 137 133.6 130 126.7 124.3 121.9 120.5 119.6 118.7 117.4 115.5 113.1 109.8 106.5 103.6 101.9 100.5 99 100.7 101.4 105.5 120.4 138.5 151 166.9 149.2 133.6 125 113.2 99.1 84.7 83.3 75.8 71.6 70.9 70.5 64.6 55.7 43.4
177 167.8 160.8 161 168.6 178.9 191.5 196.8 200.7 194.6 185.2 178.3 174.5 163.8 157 151.5 144.5 140.5 142.8 146.4 149.9 156 167.8 162.3 149.3 140.3 131.8 127.6 127.6 127.6 127.6 127.6 127.6 127.6 127.6 127.6 127.6 127.6 129.1 127.6 131.3 137.1 139.3 143.1 144.2 146.6 154 158 153.7 148.2 144.6 139.1 137.4 134.4 128.3 125.2 122 120.4 119 118.2 117.4 116.9 115.8 111.3 109.9 106.2 103 101.8 99.4 97.8 99.8 103.1 114.5 135.8 140.3 143.1 137.7 130.2 121.6 110.8 98.7 83.7 81 67.3 66.2 58.8 57.7 56.2 55.3 63.8
180 166 157 160.2 168.1 176.8 186.8 191.8 193.8 182.1 171.3 164.4 156.6 152.8 147.8 144.9 143.5 142.3 137.6 139.2 143.3 165.7 169.4 166.5 158.4 145.9 138.1 128.4 127.6 127.6 127.6 127.6 127.6 127.6 127.6 127.6 127.6 127.6 127.6 127.6 127.6 132.7 143.5 151.4 156.6 167.4 172.7 166.8 161.2 151.1 146.7 142.9 138.5 135.8 131.2 127.2 123.6 121 118.8 117.8 117.6 117.5 117.6 114.5 113.7 112.2 107.5 103.1 100.6 98.7 96.2 101.2 107.2 123.1 132.1 129.3 127.4 122.8 116.9 108.4 98 77.7 69.6 79.8 74.9 66.7 62.4 63.7 67.5 70.3
173.3 162.4 153.8 160.3 164.6 171 178.2 179.4 176.9 169.2 159.4 151.6 146.7 144.5 143.8 144 142 137.3 135.3 131.4 139.8 154.8 172.1 171.4 164.2 153.2 144.4 136.8 129.8 127.6 127.6 127.6 127.6 127.6 127.6 127.6 127.6 127.6 127.6 128.5 127.6 127.8 144.4 156.8 167.1 176.3 184.3 176.4 164.6 154.8 149.8 148.1 143.2 141.2 137.6 130.2 126.1 122.4 119.7 118.5 118.4 118.3 118.1 118 115.9 112.8 109.6 105.7 102.5 98.3 95.5 96.1 100.2 107.8 116.1 116.7 116.1 113.4 106 96.9 92.6 77.3 81.6 90 88.6 75.5 70.9 71.5 87.9 78.6
163.7 156.9 151.7 158.4 158.7 160.4 163.9 164.3 162.7 153.1 147.5 143.5 141.6 141.5 141.5 139 136.8 135.5 131.1 130 133 145.4 165.3 168.3 163.2 154.5 145.4 137.2 128.2 127.6 127.6 127.6 127.6 127.6 127.6 127.6 127.6 127.6 127.6 131.6 128.2 133.4 140.7 159.3 171.2 186.9 187.6 178.6 170.5 158.9 152.8 152.9 149.9 143.5 137.6 133.1 128.5 125.1 121.6 119.4 119.1 119 118.5 118.1 117.4 117.4 114.3 112.2 108.5 101.8 96.8 95.1 93.7 96.5 104 106.3 102.5 99.9 94.9 86.4 79.3 81.9 87.3 89.2 94.2 85.2 80.1 79.6 80 79.6
158.2 151.4 148.4 151.9 150.1 152.8 154.6 157.2 149.5 141 136.9 136.3 135.9 135.7 132.8 131.9 136.1 133.5 131 130.1 129.3 134.8 151.3 154.5 149.8 148.2 140.6 134.1 129.7 127.6 127.6 127.6 127.6 127.6 127.6 127.6 127.6 127.6 127 131.8 131.8 137.9 146.9 159.9 171.2 184.3 184.2 177.9 173.3 166.4 158.9 155.1 148 141.9 136.2 133.1 130.9 130.1 126.2 122.9 121 120.1 120.1 120 120.2 119.9 118.2 114.9 110.7 106.2 100.8 96.4 94 91.7 91.5 97.4 94.1 90.3 88.6 81 79.7 84.9 91.4 90.3 91.3 92.9 95.5 90.9 90.6 97.4
151 147.8 150.9 150.8 146.6 144.7 144.4 140 134.5 130.3 130.2 128.2 129 125.4 127.4 134.3 138.9 132.4 131 131.2 131.3 127.9 129.9 134.1 134.8 137.4 131.6 126.5 126.9 133.9 129.4 127.6 127.6 127.6 127.6 127.6 128 126.9 127.6 132 134 143.1 153 164.3 171.7 179.7 176.2 171.9 168.6 164.3 158.8 152.4 146.6 141.3 136.9 134.8 136.9 135.9 131.3 126.6 124.8 123.1 122.8 122.7 123.1 123.8 120.4 117.4 113.3 109.6 103.7 97.8 95.4 93.7 91.7 88.7 88.1 86.7 85.5 79.8 82.5 89.9 89.3 90 94 92.3 97 100.3 133 138.2
148.1 145.9 147.8 146.3 141.4 138.2 135.1 131.3 128.3 126.2 125.2 122.9 122.5 124.2 127.7 131.4 133.6 133.6 133.5 129.7 126.5 127.8 125.5 125.5 125.5 125.5 125.4 135.5 141.8 138.2 133.9 132.3 131.5 127.6 127.6 127.6 127.6 127.6 127.9 133.1 138.5 148.5 153 159.3 163 161.9 163.4 164.5 165.2 165.9 163.6 155 150.4 142.2 137.8 140.4 139.4 139.4 132.1 128.7 127.5 127.6 126.2 125.8 124.8 124.5 122.4 119.9 116.1 112.6 108 99.9 96.9 95.2 92.1 89.8 87.4 85.5 85 80.7 81 88.2 88.7 97 94.2 94.9 99.9 104.8 114 131.4
148.3 145.2 143.1 140.4 138.2 136.5 132.9 129.5 125.7 124 122.7 120.5 121.5 126.4 129.3 132.7 143 141.6 129.8 123.5 121.8 122.9 125.9 125.5 125.5 125.5 124.7 134.2 138.8 135.3 128.7 130.4 129.1 127.6 127.6 127.6 127.6 127.6 127.9 135.9 143.7 150.3 153.7 159.1 160.5 160.9 164.7 167.2 170.8 167.4 161.3 155.8 153.7 144.5 142.6 144.2 145.7 142.2 137.4 130.8 131 132.2 131.2 129.5 128.2 125.3 124.3 120.6 116.2 112.1 107.6 102.7 97.7 95.4 92.7 90.2 88 86.4 82.2 81.1 80.4 82.8 86.9 94 106.4 107.1 108.7 111.7 119.6 130.4
148.6 145.3 142.9 137.9 136.2 134.9 132.7 127.8 124.1 119.6 118.3 118.7 122.1 127.6 132.2 140.5 142.4 137.2 123.8 120.2 118.8 122.5 128.9 127 125.5 125.5 125.5 129 132.6 129.4 129.2 129.8 127.6 127.6 127.6 127.6 127.6 127.6 131.5 136.6 144.9 148.3 153.8 157.7 159.9 165.1 174.7 175.8 180 169.9 162.7 154.3 154.1 156.4 151.8 143.5 144.9 145.9 142.9 139.4 136.3 135.5 134.8 135.5 135.5 128.5 125.4 122.5 119.1 113.8 107.6 102.4 98.9 97.1 96.9 96.1 92.6 92.1 83.2 81.6 81.1 81.6 82.7 89 101.6 113 120.7 130.7 123.3 141.2
149.7 145.7 140.7 136.1 135 133.4 130.7 126.8 122.9 117.1 116.6 117.7 122.4 128.5 131.1 135.8 136.9 127 119.9 118 118.3 121.9 127.1 127.2 125.5 125.5 125.5 125.5 129.6 129.8 131.5 132.1 128.7 127.6 127.6 127.6 127.6 127 133.3 137.6 142.2 147.2 154.5 157.8 164.9 167.1 172.6 175.2 170.7 165.9 155.2 158.6 175.3 180.1 169.8 149.5 148.9 156 156.2 147.6 139.9 138.4 138.4 138.1 134.8 127.7 124.1 120.8 117.9 114.8 108.4 104.4 102.5 102.9 102.3 104.3 102.2 95.6 83.5 82.4 81.8 82 83.5 98.7 114.5 148.4 142.5 134.5 137.8 167
149.4 142.8 137.4 135.1 132.4 128.1 126.5 124.7 121.3 116.8 115.7 116.3 120.1 126.9 128.8 130 124.9 118.6 117.4 115.7 118.6 122.1 127.6 125.5 125.5 125.5 125.5 125.5 129.9 133.6 134.7 134 130.7 127.6 127.6 127.6 127.6 129.2 136.7 142.4 144.3 149.3 155.9 160.3 163.9 165.7 167.4 167.8 164.4 159 160 166.6 174.7 178.4 173 153.7 155.8 161 162.1 148.8 143.9 141.5 140.7 139.2 133.5 127.5 124.3 120.7 116.6 113.8 110.8 108.2 105.9 102.9 102.3 101.9 97.5 94.3 90 83.4 82.4 83.4 91.2 102.6 131.4 145.5 153.4 133.7 151.2 169
146.4 138.3 135.6 134.1 129.3 124.5 123.4 121.3 119.2 116.7 114.5 114.1 114.3 120.6 122.6 122.7 118 115.8 114.8 116 118.5 124.2 127.5 126.4 125.1 125.5 125.5 125.5 129 133 134.6 134.8 128.7 127.6 130 131 136 136.1 136 140.4 145.7 149.8 158.1 162.8 162.5 165.4 161.9 161 158.8 161.1 163.3 166.3 169.6 170.5 166.5 157.6 159.4 163.2 163 149.5 144.8 143.3 141 137.6 132.5 128.6 124.6 119.9 116.2 112.7 110.1 107.8 106.6 104.6 101.1 96 99.7 102.4 97.9 88.2 84.4 86.1 96.8 109.7 118.6 135.1 159.1 147.9 166.5 164.7
140.6 133.3 132.1 130.6 127.1 122.5 121.2 120.4 119.6 116.3 113.5 112.6 113.1 116.2 117 118 115.5 114.1 113 116.4 120.8 126.2 129.8 130.7 130.9 125.5 128.5 125.5 128.1 131 129.4 130.9 130.9 134 135.9 137.2 137.5 137.9 137.4 148.7 150.4 152.4 159.8 162.5 158.8 162.2 158.8 158.8 158.8 163.8 169.5 173.2 173.7 176.5 169.1 161.5 162.8 162.3 158.9 149.9 146.6 142.5 139.6 137.2 133.4 130.2 125.6 120.6 116.3 111.9 108.1 106.5 104 101.3 103 108.1 109.5 108.1 110.1 106.7 93.4 88.3 100.2 108.6 114.7 136.4 152.5 168.2 178 186.2
136.5 129.9 129.7 127.6 124.2 117.8 119.5 117.8 119.5 117.2 113.6 111.8 111.4 111.4 114.2 114 112.1 112.4 110.9 115.8 122.4 128.3 134.9 135.4 133.3 125.5 125.5 125.5 128.3 130.6 129.9 132 134.4 136.9 139 149.7 154.2 161.4 166.4 155 156.6 157 160.7 162.7 159 158.8 158.8 158.8 160.8 170.5 177 180.7 175.9 176.2 172.6 165 163.3 161.4 157.7 149.7 144.8 140.9 139.6 138.4 135.1 131.6 127.7 122.3 118.3 113.4 107 104.8 102.7 104 107.6 112.9 117.6 116.7 117.4 115 104.9 92.2 97.3 105 120.3 127.2 143.5 170.1 174.7 192.2
131.6 127.1 126.6 124.3 119.9 115.3 114.2 116.9 119.2 118.5 113 111.7 108.2 107.9 107.4 108.6 107.7 106.1 107.8 116.2 124.1 131.9 135.2 136.9 132.8 125.5 125.5 127.7 133.4 130.1 130.4 132.3 136.1 137.4 154.8 161 172.8 176.1 178.8 170.5 162.7 162.1 162.8 158.8 158.8 158.8 158.8 158.8 161.1 170.3 176.1 180.2 174.2 174.2 175.1 168.1 164.3 160.7 158.1 147.1 141.9 140.9 139.3 138.4 136.2 131.8 129.7 125.1 120 113.9 108 105.3 104.2 107.7 111.2 117 127.7 125.3 124.9 119.6 112.5 101.8 106 104.5 114.5 128.1 134.2 149.2 163.8 180.1
129.4 124.4 121.8 119.2 114.1 110.3 108.7 116.5 119.1 117 113.8 111.4 107.1 104.4 102.7 103.7 104.7 102.6 109 114.9 124.6 130.4 138.2 142.5 138.7 126.3 126.6 130.2 129.7 129.9 131.2 137.8 137.4 144.6 164.8 182.3 189 187.6 189.6 183.3 168.1 167.7 163.8 158.8 158.8 158.8 158.8 158.8 159.3 170.5 175.1 173.3 170.4 171.7 175.1 168.5 163.5 159.9 152 144.6 141.2 142.2 138.5 137.4 134.2 132.2 129.4 126.9 123.8 118 110.7 108.4 105.2 110.6 114.3 117.3 135.4 138.1 135.5 127.7 119.1 111.9 113 112.9 107.2 113.9 128.2 134.7 159.3 170.3
120 119.4 115.2 112.5 108.3 106.5 107.9 113.7 116.9 117 114 111.5 107.2 102.5 100.5 99.9 99.4 102.1 106.8 115 126.5 133.2 137.8 138 131.2 127.6 134.1 131.6 131.4 140.6 141.7 147.7 152.1 163.6 182 197.6 202 208.8 203.5 195.2 175.2 171.6 162.5 158.8 158.8 158.8 158.8 158.8 158.8 168.1 168.1 167 168.4 170.6 173.3 170.5 161.7 157.1 152.6 145.1 140.5 139.5 137.7 136.8 135.4 134.4 133 129.5 124.7 120.6 115.4 111.2 110 112.8 117.1 123.6 142.1 145.6 140.3 133.1 123.6 118.8 117.4 116 112.4 110.5 113.4 121.1 133.3 159.6
114.8 113.9 110 107.7 105.1 102.9 106.3 109.5 116.6 118.9 114.8 111 108.3 103.3 100.5 96.8 98.7 100.5 106.7 120.1 125.2 124 124.8 125.9 126.5 126.4 131.9 142.1 155.7 157.3 168.2 176.8 177.2 190.6 201.9 219.1 207.2 209.5 212.4 196.8 171.8 158.9 158.8 158.8 158.8 158.8 158.8 158.8 158.8 163.2 164.7 164 164.2 165.5 164.8 164.3 156.7 159.5 150.1 147.1 140.7 141.4 142.7 142.5 141.7 137.2 133.7 131 126.7 123.3 119.9 115 113 115.2 118 129.4 147.9 148 141.8 135.8 127.9 124.8 123.6 125.1 122.8 118.3 115.8 115.9 122.5 144.6
110.5 107.9 106.7 105.6 101.9 100.7 103.4 109 115.7 116.7 114.2 111.3 109.1 105.5 101.6 96.1 95.9 99.5 105.9 110.5 118.8 120 117.4 118.6 117.7 131.8 148.1 157.5 180.8 190.3 193.9 193.4 207.7 206.1 221 215.3 211.3 214.6 210.9 181.9 162.7 158.8 158.8 158.8 158.8 158.8 158.8 158.8 158.8 163.2 163.1 163.4 164.1 162.8 156.7 156.7 156.7 157.1 150.6 145.4 142.7 143.9 146.3 145.6 145.5 143.2 138 133.3 127.6 124.1 121.4 118.3 117.3 116.7 122.1 131.9 146.8 143.6 140.5 135.1 130.4 127.5 126.4 126.4 126.6 123.3 122.7 118.1 118.7 124
107.5 105.3 102.5 99.2 98.5 100.7 100.4 106.1 113.6 110.9 114.7 111.4 108.1 105 100.1 94.9 93.3 95.3 100.4 108.2 114.7 111.9 111.9 121.5 140.1 153.4 156.7 174.5 191.8 200.8 198 206.3 216.3 224.9 221.9 212.1 214 204.7 191 171 162.4 158.8 158.8 158.8 158.8 158.8 158.8 158.8 158.8 158.8 159.5 161.6 163.8 160.3 156.7 156.7 156.7 156.7 155.7 148.9 145.7 145.9 149.1 149.2 148.5 146.6 140.6 134.6 129 126 123.3 121.1 119.7 116.6 120.6 126.8 135.2 137.6 138.1 133.8 130 128.2 127.5 127.1 126.9 126.7 126 124.6 120.5 120.5
