Game/Highland_Data/StreamingAssets/GeoData/Data/ng/NG89.asc
ncols 200
nrows 200
xllcorner 180000
yllcorner 890000
cellsize 50
[rows 82 to 122 of 200, columns 93 to 185 of 200]
51.7 49.9 41.6 47.9 53.9 57.7 58.6 61.2 66.3 69.5 71.2 70 70 70.8 70.6 69.2 72.5 75.3 72 71.7 79.4 80.3 77.4 77.3 77.8 77 77.5 77.2 76.9 80.5 87 89 94.6 99.9 102 99.3 97 104.9 119.7 132 129 138.9 138.6 128.9 121.9 111.8 111.5 115 89.6 77.1 67.2 66.1 67.9 75.9 83.7 75.8 80 84.5 84.4 83 79.2 81.1 80.5 72.6 64.2 57.3 57.5 54 45 43.9 46.2 46.7 46.9 31.5 26.9 20.8 23.4 29.7 31.4 28.3 21.5 17.7 14.5 11.4 9.4 8.3 7.1 7.6 6 7.6 3.3 2.6 -2
51.4 46.4 46.7 55.8 62 62.8 61.5 62.4 64.9 69.1 69.5 70 70 70 72.7 69.8 73.3 75.3 75.2 73 82.6 82.1 77.5 78.5 77.5 77.1 77.8 76.5 75.3 79.9 83.9 87.9 94.5 99.3 100.8 96.9 97 107.5 120.8 129.4 130.4 136.5 133 127.2 121.3 115.8 116.9 108.6 89.8 78.5 67.2 67.9 69.4 77.2 81.8 80.8 95.5 93.4 91.5 93.5 83.6 83.4 82.1 74 66.5 61.9 63.9 52.6 45.2 44.9 49 39.2 35.1 26.6 25.1 21.3 25.6 36.3 42.2 43 32.6 24.1 21.2 17 13.3 10.3 8.4 8.4 7.8 5.8 3.7 3.6 1.1
49.2 45.7 52.6 60.5 66.9 64.2 64 64.1 65.5 68.4 69.9 70 70 70.8 71.2 72.7 75.7 77.5 76.5 74.8 80.7 84.6 78.3 81.3 79.8 76.5 76.4 76.5 76.5 79.9 81.5 88.8 97.5 99.8 95 94.9 100.2 111.8 115.7 120.8 124.7 129.3 125.9 119.9 116.5 116.5 112.9 96 84.9 72.8 68.2 69.8 76.4 84.4 83.4 93.4 105.8 98.8 104.2 94.9 84.8 83.1 81.9 77.9 70.5 63.3 60.1 50.6 45.1 42.8 40.1 33 30.4 27 22.7 24 34.3 43.7 50.8 50.4 39.4 29 26.5 24 18.7 14.5 9.6 8.4 10.2 8.6 4.8 4.1 2.6
51 52.4 60.7 65.5 68.9 66.7 66 66.6 70.7 69.7 70 70 69.9 72.6 72.7 72.7 76.4 79.6 76.1 74.8 78.8 76 86.3 83.4 79.8 80.3 77.5 76.5 76.5 78.9 83 93.9 97.7 91.7 91.3 97.8 108.2 112.4 111.8 114.9 118.3 121.5 117.4 115 111.5 111.1 99.4 88.7 78 75.1 80.6 85.7 85.9 86.1 87.4 103.8 106.9 111.6 104.6 95.4 87.7 90.1 88.8 82.6 70.9 65.6 56.6 51.2 46.8 42.7 36.2 32.7 32 28.7 22.7 28.3 46.4 52.7 60.1 54.9 35 32.5 30.5 29.2 23.8 17.8 11.8 9.7 10 9.7 6.6 6.7 3.9
49.6 60.4 66 70.5 71 69.3 67.9 68.3 69.7 70 70 70 71.7 73.6 74.5 74.8 78.1 76.9 76 77 75.3 77.4 80.5 79.8 80.2 79 76.5 76.5 76.5 76.1 81.4 86.7 87.5 89.2 90.7 97.5 106 109.6 108.5 109.7 113.9 115.6 113.5 110.6 104 98.5 89.9 81.6 80.1 89.4 99.7 95 89.3 87.5 96 109.7 114.9 118.3 107.1 92.3 95.7 102.7 92.7 87.5 77.6 68.5 58.2 54.6 50.4 44.6 37.2 33.4 32.9 27.3 22.8 31.6 48 59.1 61.8 53.8 36.6 37.7 36.4 32.3 28.2 21.7 15.4 12.8 12 13.9 11.8 8 4
46.8 62.9 67.4 70.1 71.9 70.6 68.6 70.6 71.9 70 70 70 71.7 73.4 74.5 75.9 77.9 78.1 78.9 77.3 76.5 85.9 80 80.5 76.2 76.1 76.5 76.5 76.5 78 82.4 85.7 87 89.2 92.4 92.1 104.5 107.4 108.3 107.7 109.5 111.9 111.4 106 94.7 88.9 83.2 82.3 90.3 102.1 100.1 94.1 89.4 91.4 100.2 106.5 119.6 118.8 109.7 97.4 106.6 106.9 97.7 87.4 81.6 71.4 60.2 56.1 52 46.1 39.5 34.4 29.6 23.9 22.8 32.9 46.7 58.8 55.7 39.1 38.8 49.9 48.9 36.2 31 28.4 22.2 21.2 17.1 15.6 14.8 13.6 15.5
47.5 59.9 66.8 69.2 72.6 74.7 72.5 71.2 72.9 72.9 70.8 72.3 78.4 77.8 76.2 76.6 77.2 78 78.4 79.2 79.2 85 78.1 78.4 76.4 76.5 76.5 76.5 76.5 77.4 82.8 85.3 87.5 93 93.5 103.9 109.8 112.5 106.2 103 101.2 104.3 105.2 99.7 89.1 81.7 81.7 85.5 102.3 100.5 93.7 86.2 91.8 91.6 95.3 107.8 118.2 111.2 103.9 100.8 109 107.1 99.9 88.5 82.8 71.1 61.8 56.4 51 45.5 39.6 34.4 29 24 23.6 30.2 41.3 51.7 42.1 37.5 46.6 59.7 60.2 42.9 35.5 35 32.4 26.2 19.2 21.1 22.5 19.4 18.4
47.8 58 65.1 68.8 71.9 73.7 71.8 70.2 72 73.5 73 73.8 76.4 76.6 75.8 75.5 77.3 78.8 77.7 75.6 76.5 76.9 76.9 78.3 76.5 76.5 76.5 76.5 76.5 79.1 81.8 84.3 86.5 89.9 91.6 102.4 113.4 111.3 104.7 97.2 89.3 89.3 87.7 82.3 81.7 81.7 81.7 85.8 96.3 92.6 82.8 84 87.7 89.2 91 96.7 103.1 104 100 99.2 110.5 110 98.5 87.2 81.5 68.9 61 56.7 50.5 44.4 39.1 34.4 30.2 27 24.6 27.9 36.2 39.5 34 39.6 50.1 68.2 52.2 43.1 40.2 44.3 42.4 31.6 21.9 26.8 30.5 27.8 24.3
53.8 57.9 67.3 70.5 71.8 73.3 73.1 69.5 67.9 72 72.9 73.8 74.4 73.7 74.8 77.1 79.2 77 76.5 76.5 76.5 76.5 76.5 76.5 76.5 76.5 76.5 76.5 76.5 80.6 83 84.9 86.1 86 87.2 94 105.5 105.3 102.1 93.6 82.9 81.8 81.7 81.7 81.7 81.7 81.7 81.7 87.5 81.7 81.7 84.6 89.4 89.6 92.5 100 102.8 102.2 98.4 101 107.4 106 95.4 81.7 75.9 65.4 59 54.9 50.6 44.7 40.5 36.6 32.2 29.2 25.6 26 28.9 29.7 34 43.6 57.4 68.7 49.5 43.7 46 51.5 46.2 35.1 27.8 31.5 38 42.4 43.6
60.9 62.7 67.9 72.6 72.5 73.5 71.7 68.8 67.6 69.7 70.7 73.1 73.6 69.7 70.7 79.9 77.3 75.5 76.5 76.5 76.5 76.5 76.5 76.5 76.5 76.5 76.5 76.5 76.5 84.2 88.5 86.5 86.2 85.8 85.8 87.7 95.6 100.9 99 90.9 81.7 81.7 81.7 81.7 81.7 81.7 81.7 81.7 81.7 85 91.9 90 90.7 92.6 97.4 103 108.2 104.2 104 108.2 105.9 100.9 90.4 80.4 70.1 64.2 60 56.6 50.2 45.2 40.2 36.8 34 30.2 27.3 25.4 26.6 29.2 36.9 46.4 56.1 57.8 48.7 46.6 54.4 56.6 48.3 44 41.7 42.2 49.2 53.2 63.5
63 65.6 66.6 69.6 73.7 74.8 71.6 68.1 67.2 68.5 69.8 71.3 69.4 64.6 74.9 81.1 76.9 75.3 76.5 76.5 76.5 76.5 76.5 76.5 76.5 76.5 76.5 76.5 79.6 90.4 91.9 87.5 86.7 85.8 86.1 88.7 91.4 89.1 91.9 85.7 81.7 81.7 81.7 81.7 81.7 81.7 81.7 81.7 88.6 95.1 96.4 92.1 92.8 97.3 100.3 108 111.7 107.5 106.9 108.3 105 97.6 88.7 78.4 69.1 63.9 62.1 57.9 51 43.8 40.3 35.7 32 28.3 25.8 25.8 26.6 31.2 37 43.2 50.2 50.7 49.3 53 65.2 60.6 54.6 59.9 55.8 54.1 61.6 69.7 61.8
61.6 64.3 65.2 67.2 68.9 69.6 69.2 62.9 64.3 67.9 68.8 68.1 68.2 62.9 71 75.8 75.8 76.5 76.5 76.5 76.5 76.5 76.5 76.5 76.5 76.5 76.5 76.5 88.3 94.2 92.3 89.8 86.8 89.9 90.1 90.1 89.2 88.4 86.4 81.7 81.7 81.7 81.7 81.7 81.7 81.7 81.7 88.7 92.9 94.8 96.7 99.7 97.4 98.7 102.2 108.4 111.9 104.8 105.7 107 103.7 93.3 84.1 75.7 69.6 66.2 62.9 58.6 50 43 39.1 36.4 31.4 27.8 26.6 28.3 30.8 33.2 38.5 43.2 47.2 46.9 55.3 56.8 69.5 62 71.7 78.4 67 65.9 79.6 77.2 62.7
59.6 64.4 64.9 67.1 68.3 67.6 64.6 62.9 62.9 65.8 66 64.3 62.5 63.4 71.5 76.6 77.8 75.5 76.5 76.5 76.5 76.5 76.5 76.5 76.5 76.5 76.5 77.5 95.7 96.1 95.6 94.8 88.1 89.5 90.2 90.6 89.2 87.9 84.5 81.7 81.7 81.7 81.7 81.7 81.7 81.7 81.7 89.8 94.6 97.8 104.8 100.2 101.6 99.7 103.9 108.2 109.9 103.5 105 107.1 99.2 87.8 77.4 74.4 70.9 66.6 61.2 55.4 48.6 43.6 38.9 34.7 29.6 27.6 29.2 31.2 35.1 36.7 39.4 43.3 44.4 48.7 52.7 64.1 69.6 77.4 95.3 89.4 76.6 82 94.9 82.2 81.3
56.2 62.3 64.6 66.9 66.6 66.7 62.9 62.9 63.8 64.4 64.6 62.1 62.7 67.7 71.8 77.4 78.7 76.5 76.5 76.5 76.5 76.5 76.5 76.5 76.5 76.5 76.5 89.5 99.2 101.1 100 94.1 88.7 89.2 89.3 93.4 90.2 87.7 81.7 81.7 81.7 81.7 81.7 81.7 81.7 81.7 81.7 90 95.1 98.9 100 101.5 105.5 101.3 102.7 106.3 107.1 102.4 102 103.7 95.1 84.8 77.5 73.8 70.3 65.8 60.2 53.6 47.2 41.1 34.2 30.8 29.4 28.4 28.7 33.1 39.5 41.4 43.3 44.4 44.5 52.1 56.4 78.4 76.1 96.5 105.5 91.6 78.7 101.2 107.5 90 90.1
53.3 60.7 61.3 63.3 63.8 63.2 64.8 63.8 63.9 64.5 63.4 62 61.6 71.8 73.8 77.4 78.1 76.2 76.5 76.5 76.5 76.5 76.5 76.5 76.5 76.5 83.4 98.4 104.1 103.9 100.7 92.5 89 92.4 92.1 94.9 94.6 90.7 83.9 81.7 81.7 81.7 81.7 81.7 81.7 81.7 82.1 87.5 94.4 96.1 98.9 104.9 107.5 101.2 102.9 103.6 104.8 100.2 97.5 96.4 90 82.7 77.2 73.3 68.8 62.8 56.6 51.5 45 35.7 30.1 29.4 29.3 29.4 31 35.6 41.4 43.2 45.8 44.6 44.7 51.7 57.2 78.1 80.7 100.7 101.7 88.5 99.3 109.1 105.7 102.5 99.4
51 56.9 60.1 60.8 60.9 61.3 61.8 61.4 63.8 63 60.8 61.2 59.9 69.4 76.3 79.6 80.2 77.1 76.5 76.5 76.5 76.5 76.5 76.5 76.5 77.7 98 105.5 105.2 107.9 96.8 92.5 94.2 97.8 96.9 95.8 93.7 85.5 85.3 83 81.7 81.7 81.7 81.7 81.7 81.7 81.7 86.6 91.3 94.7 98.7 108.5 109.3 100.8 103.2 103.3 103.9 97.1 91.9 89.7 83.6 79.6 74.4 69.7 63.8 57.3 56 54.5 43.9 32.3 29.8 28.8 28.8 29.7 34.1 39.4 43.1 45 48.4 45.5 44.9 51 63.4 75.5 95.2 101.7 101.9 90.7 113.7 117.5 104.3 108.4 109.8
49.9 56.7 58.8 58.8 59.7 58.9 59.1 59.9 61.7 59.6 60 60.4 59.4 67 76.4 81 80.3 78.9 77.3 76.5 76.5 76.5 76.5 76.5 75.5 88.4 104.6 105.2 106.1 102.9 94.4 92.1 101.2 101.8 94.6 92.8 89.8 87.1 85.7 81.7 81.7 81.7 81.7 81.7 81.7 81.7 84.3 88 91.2 94.4 99 109.3 107.9 102.9 101.8 102.7 102.1 93.1 86.5 83.2 80.2 75.4 70.5 65.3 60.5 57 57 51.7 39 31.8 30.5 29 29.4 34 37.3 40.7 44.5 46.4 48.6 45.5 45.3 53 69.6 78.6 101.1 103 95.5 107.2 115.3 118.2 107.9 114 124.7
53.2 57.9 59.4 57.5 56.1 57.4 59.1 61.2 59.1 58.5 59.6 58.9 59.8 65.8 74 82.6 84.5 83.6 79.4 76.4 76.5 76.5 76.5 79.1 83.6 97.8 107.8 110.1 102.9 94.8 93.1 101.2 103.6 96.6 90.2 91.1 92.1 88.8 82.8 81.7 81.7 81.7 81.7 81.7 81.7 81.7 85.3 91.1 94.6 96.7 103.2 108.9 109.8 102.2 101.3 103.5 101.8 87.8 82.8 79.5 77.7 72.7 67.4 62.7 58.5 56.8 53.1 43.3 34.8 31.7 30.6 30.2 33 37.6 42.9 45.1 47 48.3 48.9 46.9 46.3 56.1 68.8 81.5 104.1 107.6 100.9 119 123 107.8 117.9 127.8 127.6
54.4 57.9 57.7 57.1 56.3 56.5 59.6 60.6 56.1 53.5 56.5 56.4 57.9 62.1 71.5 81.1 87 86.3 84.6 82.8 76.6 75.7 77 84.7 98.2 105.9 107.3 102.9 98.8 96.9 99.6 103.2 96.2 91.9 87.3 84 91.4 84.7 81.7 81.7 81.7 81.7 81.7 81.9 81.7 84.3 91.8 98.3 99.1 103.9 106.7 108.1 108.3 101.1 100.9 103.5 97 82.5 79.3 76.3 72.9 67.7 62.6 59.7 58.1 52.6 46.3 39.6 34.1 31 30.1 30.8 35.3 43.1 49.2 52.4 52.7 52.7 50.2 47.9 46.6 56.8 68.8 89.2 106.7 102.7 110.6 125 113.7 107.8 119.9 133.9 130
53.8 57.1 55.9 55.1 55.4 56.1 55.9 56.4 54.6 50.8 53.1 50.2 53.9 59.8 70.6 81.7 85.4 89.4 91.2 88.7 81.9 78 78.1 85.1 109.1 111.7 101.9 98.8 98.9 99.6 102 100.5 94.1 88.5 82 81.7 84 81.7 81.7 81.7 81.7 82.4 81.7 82.5 83.3 90.8 98.2 99.1 103.2 109.4 107.4 106.9 106 99.7 99.6 100.1 92.2 80.1 77.2 73.1 67 62.9 60.6 59.3 56.8 51.8 43.1 37.9 33.2 30.3 29.7 31.7 37.6 47.3 57.8 68.7 61.4 57.1 54.8 49.2 48.2 61.5 77.5 102.6 108.8 108.4 115.7 126.6 108.5 109.7 132.5 139.6 133.8
54.6 55.2 54.8 54.4 53.6 54.5 54.8 54.7 52 49.5 47.1 50.1 53.1 61.3 74 80.9 83.4 89.3 94.1 92.9 86.3 79.8 79.7 90.9 101.2 100.5 98 98.3 103.1 104.2 102.6 101.9 89.4 86.3 81.7 81.7 81.7 84.2 83.6 81.8 82.7 83.5 83.5 82.5 83 91 99.4 102.4 109.2 108 107.5 104.7 97.5 98 97.5 95.1 89.2 75 70.7 66.9 64.9 60.7 60.2 59.8 58.1 49.3 42.1 36.4 31.5 30.1 30 32.9 42.1 54.8 77.8 79.3 64.3 59.5 55.6 50.6 54.8 74.3 91.6 104.8 107.6 115.4 116.2 116 107.9 111.4 132.6 143.8 136.9
54.5 55.9 55.4 54.3 51.5 53.4 56.1 52.8 51.8 47.1 47.1 49.3 53.8 60.9 73.4 76 80.1 86.5 94.5 94.8 90.2 80.6 80.5 87.7 93.6 96.4 96.8 100.3 109.1 106.4 106.4 98.5 90.7 81.7 81.7 81.7 82.3 88.7 86.3 86.5 87.5 86.1 82 82.2 82.2 88.5 101.8 110.6 110.9 107.4 107 100.2 98.8 96.7 95.5 92.5 85 69.7 64.6 64.4 62 60.1 58.8 58.6 56 48.1 40.9 33.7 30.4 29.9 30.7 37.9 56.8 68.3 86.6 72.8 61.9 57.1 56.7 53.4 59.4 87.2 105.2 108.2 102.7 117.4 117 105.3 108 113.9 138.1 140 130.5
54.5 56.1 57.6 53.1 52.4 52.9 52.5 60.1 50 47.1 47.1 51.3 54.9 59.7 64.5 71.2 79.3 90.2 93.7 92.8 89.6 84.1 84.5 92.5 95.5 97 101.6 108.9 109.6 108.4 107 99.4 87.2 81.7 81.7 81.7 88 89.3 86.8 86.6 89.3 89.1 82.2 82.2 82.2 87.5 100.2 111.4 110.3 106.5 105.2 99.8 99.6 96.5 93.6 88.8 81.5 68.8 64.8 62.6 60.8 58.9 56.9 54.8 51.4 47.1 39.1 32.6 30.8 30.8 32.9 52.8 69.2 79.5 82.6 63.8 56.1 56.7 63 54.9 65.2 90.2 106.4 109.1 100.4 113.6 113.4 100.5 107.7 125.9 131.4 131.5 117.9
55.3 56.4 58 52.7 49.8 52.7 53.9 60.7 47.1 47.1 47.1 50.5 55.7 58.7 62.9 68.3 77.5 85.3 89.3 90.6 86 85.7 87 93.9 96.4 98.7 105.4 110.7 114.4 111.1 101.7 95.4 84.9 81.7 81.7 86.1 89.1 92.8 87.1 86.8 86.1 82.2 82.2 82.2 82.2 87.4 94.9 102.9 102.2 101.4 100.1 96.6 94.8 94.1 89.4 81.8 74.2 67.5 64 62.3 58.9 58 55.9 54.1 50.4 46.8 41.4 34.6 31.4 31.8 38.4 63.5 75.1 80.1 75.2 57.4 53.5 68.2 57.3 56.2 72.1 82.5 104.8 100.8 102.7 108.8 97.9 99.2 100.4 118.6 121.5 114.7 101.9
55.6 54.7 55.5 54.4 54.4 55.5 52.7 51.7 47.6 47.3 47.1 49.3 52.8 57.9 62.2 68.3 74 77.9 83.5 86.3 85.5 84.4 90.5 94.7 99.4 102 106.4 110 112.1 106.2 99.2 88.1 82.2 81.7 82.8 88.1 92.1 94.3 89.4 87.8 88.2 82.2 82.6 82.2 82.2 83.3 87.1 92 96.4 96.5 95 93.5 93 90.3 86.6 81.8 77.5 71.1 65.5 62.7 60.4 58.2 56.1 54.2 52.2 50.6 45.8 40 35.6 37.7 43.3 67.8 73.1 75.9 62.3 53.3 52.5 64 53.7 60.5 70.6 83.3 93.4 88.7 94.3 99.1 92.3 92 96.5 104.5 105.5 102.3 96.9
54.1 54.2 55.2 54.4 52.5 53.1 51.7 52.1 50.5 46.6 47.4 49.3 49.9 53 60.1 66.5 73.1 74.6 77.2 80.4 82.5 84.2 89.4 96.5 102.3 102.4 98.6 107.3 107.2 101.3 93.4 86.6 84 86 85.9 87.4 90.9 91.5 89 90.4 86 85.4 82.2 82.2 82.2 86.8 90.6 97.1 96.5 96.5 96.1 96.5 95.4 91 86.8 83.2 77.8 73.8 68.5 64.9 61.6 59 56.5 54.4 54.1 56.1 53.8 46 39.8 43.3 50.6 67.1 72.3 70.1 56.4 53.3 51 51.1 49 60.1 66.7 79.3 80.8 80.5 90.9 87.4 87.9 88.1 91.5 96.4 98.7 98.6 97.3
50.4 52.5 53.2 52.9 53 53 51.7 47.9 50.2 47.2 46.3 46.3 47.7 49.1 54.2 60.9 65.4 67.9 69.8 72.6 76 79.6 84.8 92.5 99.7 97 94.8 99.6 96.2 93.3 87.9 85.6 85.9 88.4 87.7 88.5 87.8 83.4 82.5 86.4 82.5 85 82.2 84.7 89.3 90 93.1 99.8 96.7 98.4 100.3 99.8 94.9 92.5 91.7 83.9 76 73 70.9 66.8 62 59.5 58.2 55.5 55.1 59.7 55.4 48 45.3 46.6 51.4 56.2 60.5 61 51.2 48.8 45.9 43.9 44.5 52.5 62.7 71.2 72.1 72.3 75.8 78.3 81.2 85.3 90 93.6 95.9 99 101.9
47.5 49 50.4 52.2 51.8 51.3 49 47.2 43 45.5 45.4 44.8 45.5 46.8 50.9 55.1 58.2 60.9 64.1 66.8 70 73.6 79.6 86.5 94.7 94.1 93.9 91.8 91.2 89.4 86.6 87.7 88.5 89.8 90.5 88.9 86.3 81.3 79 79.1 76.3 82 83.7 94.1 91.4 95.5 95.8 97.3 96.9 98.7 101.6 97.1 95.1 93.5 92.7 81.5 74.6 74 72.5 68.1 61.5 60.7 60.1 57.4 57.2 58.3 55.1 50.7 47.6 48.2 51 51.9 52.1 50.4 45.8 43.4 41.7 40.9 41.4 44.4 52 59.6 61.7 63.7 67.4 71.8 76.1 83.1 88.5 94.2 96.7 99.1 97
42.7 43.8 47.8 50.2 50 46.7 41.7 47.1 43.2 41.7 42.5 42.5 41.9 41.6 43.3 47.7 50.9 56 59.2 62.2 62.2 66.6 71.6 77.3 83.3 87.5 90.1 88.4 86.7 84.1 84 85.1 89.9 91.3 87.6 91.1 90.3 82.1 76.1 74.9 70.3 77 89.7 96.8 95 99.3 98.8 96 96.8 97.1 98 95.3 98.8 94.1 88 77.7 71.5 70.9 70.7 68.4 62.4 60.7 60.4 62.7 60.6 57.2 53.4 50.4 46.4 47.2 50 49.3 47.8 44.7 40.6 39.5 37.8 37.2 36.4 39.2 45.1 50.6 54.7 59 63.1 68.2 74.5 83.6 88.1 95.5 98.3 95.9 95.3
43.2 42.3 43.6 46.6 47.7 50 44.3 42.4 42 41.7 41.2 40.5 38.5 37.7 39 41.7 45.6 48.7 52.8 59.7 52.6 57.4 63.9 69.1 75.9 83.2 82.6 80.3 76.8 77.8 81.9 82.5 86.2 84.9 85 90 90.7 84.2 68.9 68.7 67.9 75.7 93.5 99.1 99.1 102.4 101.9 97.3 94.8 94.7 94.7 95.8 98.4 90.6 83.9 71.1 69 69.7 69.3 67.9 62.5 61.4 61.2 59.9 59 53.8 50.9 48.6 46.5 43.6 42.7 42.1 38.5 35.5 35.3 34.2 32.6 31.7 32 36.1 40.6 46.1 52.3 57.3 61.1 66.8 74.1 83.5 85.9 93.7 92.3 93.9 92
40 38.9 41.2 43 46.3 45.6 42.7 42.4 42.6 41.4 40.7 38.4 36.4 34.8 36.4 37.9 37.8 38.9 43.6 46.4 42.3 49 56.3 61.7 69.1 76.2 68.5 68.7 74.7 78.5 79.1 79.9 81.1 80.6 83.2 84.7 83.3 77.5 67.3 66.8 65.1 69.9 89.9 95.6 98.2 100.2 96.2 92.8 92.1 89.8 91.8 92.1 94.1 84.9 76.1 67.5 66.8 66.1 66.6 67.4 61.1 57.8 59.3 58.2 58 49.9 51.2 50.2 46.8 38.8 35.3 33.2 31.7 31.7 31.7 31.7 31.7 31.7 31.7 31.8 36.5 42.5 50 56.4 60.9 66.7 71.6 76.3 82.3 87.4 87.3 88.6 85.1
36 36.3 37.8 40.5 43.3 46.8 43.8 43.5 47.2 42.5 39.6 37.5 35.9 33.1 35.2 34.8 34 35.4 36.8 37.4 38.5 41.7 47.1 53.9 58.8 61.7 61.3 68.2 72.6 74.5 74.3 74.3 75 76.2 83.1 78.7 74.3 71.3 66 65 64.4 70.4 84.4 92.1 92.9 92.6 90 86.5 84.7 84 87.9 86.4 82.4 75.9 66.5 65.7 64.9 63.6 62.6 62.7 58.4 54.9 55.8 58.2 54.1 46 44.3 44.4 39.5 34.1 31.7 31.7 31.7 31.7 31.7 31.7 31.7 31.7 31.7 31.7 33.7 39.8 47.1 53 58.7 65 69.4 73 76.3 78.7 79.7 79.4 78.3
35.3 35.7 35.7 39.9 40.4 42.3 45.4 45 43.4 42.1 39.9 35.3 35 32.4 34.1 32.2 31.9 33.2 35.3 35.9 36.7 37.8 39.5 43.6 46 48.7 56.9 63.2 66.7 69.6 69.4 67.5 68 72 73.1 72.4 71.4 66.7 60.9 61.9 64.9 64.9 80.9 89.1 90.2 88.7 90.1 81.3 81.5 79.4 78.2 73.9 67.7 59.9 59.3 60.5 61.2 59.7 58.4 58.5 54.2 52.9 53.6 54.1 49 43.2 42.2 39.8 36.8 34.6 31.7 31.7 31.7 31.7 31.7 31.7 31.7 31.7 31.7 31.7 34 38.6 44.1 49.2 55.2 60.9 65.7 68.5 70.9 72.2 72.9 73.8 72.9
34.8 35.2 34.9 35.4 38 39.8 41.8 47.2 46 40.4 38.4 35.2 34.7 33.1 31.9 31.9 31.9 31.8 34.9 34.5 35.6 36.9 37.8 38.3 40 42.2 45.7 51.2 58.3 59.6 59.2 58.8 64.5 66.3 65.7 64.4 61.5 56.4 56.6 58.6 58.8 62.8 75.7 83.3 83 84.8 82.5 76.8 74.7 72.9 67.4 61 51.8 53.3 54.3 54.2 55.2 55.5 56.3 55.1 52.7 51.7 49.6 47.6 42.2 38.5 37.6 35.9 33.3 33.2 31.6 31.7 31.7 31.7 34 31.7 36.1 31.7 35.3 34.7 35.6 38.6 42.2 47.5 51.2 55.1 58.7 62.3 64 65.4 66.8 66.9 67
32.2 33.8 34.2 35.8 38.7 42.8 42.5 44.5 43.4 41.4 39.3 36.2 36.1 34.2 33 31.9 31.9 31.9 31.9 34.6 34.8 36.7 37.8 37.9 38.3 36.6 37.3 41 41.5 42.4 43.4 44.1 51.5 52.7 55.9 56.4 52.8 49.9 52.8 55.6 54.1 59.3 70.1 76.3 78.5 77.7 74.4 73 66.6 59.5 55.4 47.1 45.7 47.1 50.4 52.5 53.8 53.5 60.6 53.2 51.5 51.1 46.6 40.4 35.9 33.3 32 32.2 32 31.7 31.7 31.7 31.8 42.1 37.1 32.3 31.9 35.2 44.1 35.8 35.9 39 46.3 47.7 51.1 54.2 54.5 57.6 60.8 60.7 61.2 60.9 60.8
29.8 30.9 31.6 33.3 36.3 39.6 40.4 41.1 42 40.6 39.1 32.8 33.5 31.9 31.7 31.9 31.9 31.9 31.9 31.9 34.4 35.4 37.3 38.1 36.5 36.6 41.3 41.3 42.3 45.3 48.3 49.8 46.6 41 42.4 43 44.8 44.9 47.2 49.8 51.8 54.4 58.6 66.8 66.2 65.9 62.5 58.5 55.2 50.8 45.7 43.7 42.8 43.5 47.7 49 48.9 47.9 51.6 52.2 52.4 46.5 40.2 37 34 33 32.4 32.2 32.2 31.7 31.7 34.5 42.6 48.1 36.5 33.2 32.2 34.1 37.3 36.5 39.6 40.2 48.5 45.1 53.3 53.7 52.4 53.9 55.6 55.3 55.6 55.3 55.2
28 28.3 29.2 31.1 34 36.8 37.8 38.7 40.4 40.6 38.2 32.1 31.9 31.9 31.9 31.9 31.9 31.9 31.9 31.9 33.7 34.9 36.6 37 38.1 38.1 44.4 42.4 44.4 45.7 47.4 47.5 46.2 42 38.5 36.9 36.1 34.8 34.7 34.5 36 42.6 49.2 53.7 55.3 55.4 55.4 54.1 51 46.1 41.4 40.4 39.7 39.4 38.2 39.6 39.5 37.1 40.6 43 42.6 40 39.1 38 34.8 33.4 32.9 32.8 32.8 36.6 36.1 40.3 48.7 43.1 36.6 33 32.1 31.8 35.4 37.9 41.6 41.6 43 40.8 50.2 49.1 50.3 53.1 51.7 50.8 50.1 50.1 50
26.1 26.9 27.4 29.8 31.2 34 35.3 37 39.1 39.6 36 31.9 31.9 31.9 31.9 31.9 31.9 31.9 31.9 31.9 31.9 32.5 36.9 34.5 36.1 38.8 43.7 53.9 51.8 46.1 45.7 43.8 42.3 41.1 38 37.2 34.5 32.2 30.3 29.7 28.7 28.7 29.4 38 45.3 51.2 50.5 45.4 42.5 38.7 36.8 34 31.1 28.3 24.8 22.7 22.7 22.7 23.7 24.8 27.9 30.8 32.6 34.9 35.5 36.4 35.3 35 34.6 36.1 36.4 41.8 40.8 37.6 35.3 33 33.1 31.5 33 39.5 36.3 39.1 34.5 37.1 40.6 45 48.7 50.5 48.7 46.3 44.9 44.6 43.6
26.2 27.6 28.3 29.6 30.6 32.4 33.2 34.5 38.3 39.4 36.6 31.6 31.9 31.9 31.9 31.9 31.9 31.9 31.9 31.9 31.9 31.9 34 32.5 40.9 38.8 39.8 45.5 57 54.8 49.4 43.3 42.8 42.3 39.5 40 38.8 36.7 36.4 32.6 29.9 28.7 28.3 29 27.7 27 25.7 23.5 23.8 22.4 21.1 20.5 19.9 19.9 19.9 19.9 19.9 19.9 19.9 19.9 20.4 23.3 27.8 33.1 36.6 40.6 35.8 31.6 32 36.1 37 39 35.9 34.2 32.8 33.5 32.5 31.7 31.9 35.5 32.8 32.5 32.4 32.6 38 38.5 42 46.5 47.8 43.8 41.2 39.8 38.3
23.3 25.2 27.3 28.1 28.9 31.3 32.4 33.1 36.5 38.4 38.4 33.7 31.9 31.9 31.9 31.9 31.9 31.9 31.9 31.9 31.9 31.9 31.9 31.9 35.5 36.6 37.6 38.7 45.7 54.7 58.8 48.9 44.8 45.8 48.5 44.5 41 36.1 36.5 35.2 36 36.1 38 42.7 46.4 43.8 38.3 33.7 26.4 22.1 21.2 20.4 19.9 19.9 19.9 19.9 19.9 19.9 19.9 21.3 22.5 21 22 25 27.2 28.7 29 29 28.4 29.1 31.9 33.9 31.9 28.9 30.7 32.7 33.5 32.3 30.2 30.3 30.2 31.6 31.3 31.5 34.1 35.5 38 43.7 42.7 40.7 37.8 34.9 33.7
23.2 25.3 25.4 26.5 27.6 29.3 30.2 31.2 34.2 36.1 35.6 33.1 31.9 31.9 31.9 31.9 31.9 31.9 31.9 34.6 31.9 31.9 31.9 31.9 31.9 32.9 36.2 37.4 41.2 45.5 50.8 51.2 48.2 49.7 51.5 46.7 44.3 38 36.3 35.5 37.1 43 47.5 50.8 49.2 52.5 48.7 48.2 47.9 43.3 36 31.9 31.6 30.8 30 35.4 39.6 36.4 41.5 41 34.5 28.7 27.2 21.1 13.7 13 15 19.1 22.8 25.1 24.2 22 17.2 15.4 22.3 26.8 30.1 29.9 28.6 28.2 28.5 30.3 32.2 31.5 30.5 30.6 33 35.3 36.6 35.1 34 31.7 29.4
