Assets/StreamingAssets/GeoData/Data/se/SE03.asc
ncols 200
nrows 200
xllcorner 400000
yllcorner 430000
cellsize 50
[rows 105 to 139 of 200, columns 78 to 155 of 200]
309.1 314.2 318.1 316.9 321.1 321.9 323.7 324.4 325 325.3 325.2 325.2 325 324.6 324.7 324.6 323.6 322.7 320.6 317.2 315.3 313.6 311.8 308.5 306.2 301.4 298.9 296.8 295.9 295.7 299.2 301.2 301.7 302.8 302.7 300.7 297.6 295.2 294.3 294.7 293.9 292.2 291.3 290.9 290.7 289.7 289.2 287 284 281.9 285.9 285 284.9 283.6 284.4 283.2 280.8 278.1 277.7 271.6 269.4 268.4 266.3 262.9 259.4 252.4 243 239.2 227.9 221.6 217.8 219.3 221.2 225.8 226.7 230.9 238.8 250.5
301.4 308.2 313.8 313.8 318.3 319.1 320.9 321.8 322.5 322.8 322 322.5 323.2 322.6 322.6 323.8 323.3 324.9 329.9 330.2 327.1 322.7 316.7 311.4 304.4 301.4 298.7 299.4 299.4 299.4 303.1 305.5 308.3 308.2 307.3 306 303.5 301.1 298.2 296.7 295.9 294.4 293.8 293.3 292.6 291.6 289 286.7 282.9 284.8 286.8 287.3 287.7 286 286 285.5 284 281.8 279.9 278.8 276.3 272.8 270.6 266.1 263.2 257.9 250.1 241.9 230.1 222.7 219.2 220.3 223 229.1 228.1 232 239.9 251.8
293.2 300.5 307.7 311.4 314.3 316.4 318.2 318.8 319.8 320.8 320.9 320.9 320.9 321.6 321.2 322.1 322.8 329.7 332.9 331.1 328.5 324.7 319.7 312.9 302.8 301.8 302.5 303.4 303 304.8 308.1 311.1 312.3 309.7 311.8 310.3 310.4 308.8 301.4 297.8 297.1 295.9 296.3 295.7 294.2 293.2 290.6 285.2 286.2 288 289 288 288.8 288.5 288.4 287.5 286.8 286.2 284.8 282.8 279.1 277.7 276.1 270.9 267.6 262.5 254.4 241.1 234.3 230 227.8 219.4 225.2 232.2 227.8 229.4 238.8 251.9
287.2 291.8 298.3 304.4 308.9 312.5 314.5 315.8 316.9 317.1 317.3 317.3 318.4 319.5 319 316.9 322.3 330.7 332.2 330.2 328.3 325.8 319.3 306.1 306.3 310.7 311.4 308.1 309.9 310.4 311.3 314.2 313.5 315.6 318.4 318.2 319.2 318.9 311.8 302.8 303.4 300.1 298.1 298 297.2 294.3 289.5 288.6 290.5 290.9 291 288.9 290.9 291.3 291.5 291.7 290.7 289.1 287.2 283.7 283.5 282.6 278 275.8 272.7 269.3 262 248.5 241.6 233.2 229.7 220.6 226.8 235 231 231.5 237.1 248.1
278.2 281.4 286.3 293.3 299.4 307.1 310 312 314.1 313.9 314.1 314.4 316.1 316.6 316.1 312.4 320.9 329.5 330.1 329 327.1 323.7 311.2 310.8 317.1 318.6 315.9 313.7 316.3 315 315 321.1 322.4 325.6 327.2 327.7 327.5 326.9 324.5 318 313.6 309.8 304.3 300.3 297.9 296.4 292.6 289.5 296.5 294.6 292.5 292.8 294.8 296.3 296 295.6 293.6 290.5 289.9 288.2 286.6 285.7 282.2 283.4 281.7 275.2 261.9 251.3 245.6 238.5 231.8 223.9 226.9 236.6 234.5 234.5 235.2 243.8
266 271.6 278.2 282.2 287.2 300.5 305.2 309.9 312.7 312.6 312.2 312.6 313.6 312.8 310.7 311.4 320.7 326.6 327.2 326.8 324.3 318.7 311 319.3 325 323.8 322.8 320.3 321.2 321.4 319.7 326.5 332.1 333.5 333.9 334.4 333.9 333.1 330.6 328.2 325.7 319.9 314.7 308.9 305.8 302.1 302.1 306.8 306 304.9 302.6 303.4 304.1 307 309.8 309.3 303.8 297.3 293.4 291.8 290.7 288.5 287.8 287 285.1 270.7 262.6 256 249.5 244.7 236.4 231.1 221.8 230.4 237 235.3 237.1 243
256.5 261.5 267.6 274.1 280.1 291.9 301.6 306.9 310.6 311.5 310.5 309.2 309.3 307.7 306 309.6 318.2 321 321.8 323.7 320.8 312 314.8 325.3 326.2 326.8 324.5 325.1 324.9 325.3 324.6 335.3 339.4 342 341.3 340.1 338.7 337.1 335.1 333.7 331.4 329.1 325.7 322.2 317.8 314.8 316.3 317.5 317.7 319.1 320.1 321.4 322.8 325.7 329 328 324.8 319.9 316.2 306.2 296.4 290.9 289.6 288.6 287.1 273.5 266.1 262.1 259.6 249.6 241.1 234 225.5 224.8 232.5 236.6 238.9 241.7
255.8 259.5 260.7 263.8 271.7 280.9 295.1 302.8 307.1 307.7 305.6 303 303.6 302.8 302.2 303.3 308.1 312.4 314.7 318.2 315.5 312 319.1 325 327.8 329.7 329.5 329.8 331.7 335 336.6 342.5 345.9 347.1 347 344.9 342.6 339.8 338.9 337.1 335.1 333.1 330.6 327.9 326.2 325.8 325.4 325.2 325.4 326.8 328.9 330.5 331.6 332.2 332.2 330.2 328 325.1 319.4 318.4 310.9 300.4 294.9 290.7 288.9 288.3 275.6 267.2 263.7 253.1 248 243.2 233.4 225.4 227.9 235.3 239.7 244.2
255.6 255.6 257.5 258 264.7 271.5 276.8 290.4 300.3 301.7 300.4 297 298 298.4 299.2 299 301.4 303.7 306.9 308.4 310.6 314.9 323.4 327.8 331.1 333.7 338.5 342.6 345.2 343.3 343.7 346.9 350.4 351.2 350.7 348.7 346 343.4 340.9 339.8 337.7 335.9 334.4 333.2 331 331 330.4 331.5 332.1 332.2 332.6 333.3 332.7 332.3 331.7 329.8 326.8 324.4 320.8 317.4 313.3 308.7 303.6 292.9 291.3 287.6 282.9 273.6 262.9 256.3 255.5 248.8 243.2 233.1 225.2 231.7 240.4 244.1
255.6 255.6 255.6 255.6 258.6 263.2 267.9 276.4 287.3 295.5 295.6 293.7 293.1 295.2 296.6 297.8 300.7 304 309.7 315.2 319.2 320.5 326.1 330.9 334.4 340.5 350.7 352.3 349.4 347 345.3 350.6 354.1 354.3 353.4 350.5 348.4 346.1 344 342.3 340.5 338.8 337.1 336.3 335.6 333.5 333.5 335 335.2 334.6 333.9 333.5 333.1 331.9 330.6 328.5 326 323.4 320.5 317 312.7 309.8 305.3 299.2 293.2 288.9 286.6 281.7 270.1 261.5 256.8 253 246.8 236.8 226.1 229.5 235.2 242.9
255.6 255.6 255.6 255.6 255.6 259.5 265.4 267.7 275.5 281.9 286.7 286.3 288.6 291.6 293.8 298.3 303.1 309.1 312.8 318.3 322.5 327.7 330.5 334.5 341.9 353.8 354.2 352.2 349.5 346.8 348.1 353.3 356.2 357.1 355.2 352.7 350.8 348.5 346.2 343.8 342.1 340.7 341.1 338.6 337.2 334.7 335.7 335.6 334.1 333.3 332.8 332 331.3 330 328.6 326.5 324 321.5 319.2 316.3 313.1 310 305.6 301.5 297.2 293.1 288.4 284.1 275.7 265.9 256 257.2 248.6 241.2 230.6 227 230.8 240.2
259.2 256.2 255.6 255.6 255.6 255.7 263.9 267.6 269.3 272.5 276.7 280.2 286.9 289 294.2 301.2 306.9 313.1 318 320.4 327 332 335.3 336.4 348.8 357.3 355.2 353.2 349.6 348.8 350 353.5 355.4 355 353.5 351.6 349.8 348.6 346.4 344.1 342.6 341.4 340 338.9 337.9 336 334.6 332.9 331 330.7 330.3 327.8 327.2 326.8 324.6 323.5 320.7 318.2 316.2 313.4 311.4 308.5 305.1 302 297.7 292.7 289.6 285 279.6 272.7 251.5 262.5 256.3 252.7 246.9 231.3 231.3 239.5
266.9 259.1 255.6 255.6 255.6 255.6 257.6 261.8 265.3 267.4 270 275.5 281.9 289.4 299.7 306.3 310.7 315 320.6 324.7 329.9 333.8 338.3 346.8 357.8 359.7 359 357.4 354.2 352.2 351.2 352 352.7 352.3 350.8 349 347.9 347 345.1 342.4 340.9 339.5 338 336.4 335.5 333.5 331.7 329.9 327.4 326.7 326.4 325.1 323 321.6 320.2 320.4 317.4 315.1 312.8 310.6 307.5 304.9 302 299.6 296.3 292 289.6 285.8 282.2 277.9 272.7 265.4 263.2 256.8 252.2 245.7 245.7 245.7
275.4 268.6 256.5 255.6 256.3 262.4 256.5 261.7 261.4 261.6 267.2 276.9 282.3 289.1 297.2 304.3 312.2 319 324.3 328.3 332.1 336.4 347 357.3 362.7 364.1 362.2 360.5 357.5 354.5 353.2 350.5 349.7 349.5 348.2 347 345.9 345 344 341.3 338.6 336.4 334.7 332.9 332.1 329.5 327.2 325.4 323.6 322.3 320.8 319 317.2 316.3 315.9 314.6 312.5 310.9 307.8 305.7 304.1 300.7 296.9 295.3 293.6 290.9 290.4 287.4 283.6 279.4 273.4 266.9 262.9 258.2 252.1 245.7 245.7 245.7
281.2 277.3 257.9 255.6 259.8 261.7 260.7 265.5 271 276.3 278.4 278.3 287.8 292.7 297.4 303.9 312.4 319.5 325.7 330 337.4 343.4 357.5 364.5 367.4 367 364.7 362.2 359.3 356.1 353.4 350.6 349.1 347.6 346 345 343.9 343 342 339.4 336.2 333.8 331.8 329.8 328.7 325.9 323.6 321.2 318.6 316.9 315.1 313.1 312.3 310.6 309.2 308.3 307.1 305.2 303 300.5 297.3 294.3 292.3 291.1 289.7 289.6 289.1 285.7 282.7 279.2 262.4 266.5 262.7 257.7 253.4 247.5 245.7 245.7
287.5 276.4 258.9 256 259 261.6 266.4 273.9 278.4 282.4 284.1 283.5 288.7 293.8 300.7 307 315.6 321.3 325.9 335.1 345.5 354.5 361.7 367.6 372.3 370.1 367 363.7 359.8 356 353.7 351.3 349.3 348.2 346.1 344.2 342.4 340.5 338.5 336.4 333.9 331.5 329.1 328 325.1 322.1 319.3 317.6 314.1 311.2 309.5 307.7 305.9 304.3 302.2 300.5 299 297.4 295.9 293.6 292.1 290.3 288.9 288.1 287.6 287.6 287.6 285.1 282 278.1 261 265.3 260.4 255.3 251.2 247.7 245.7 245.7
285.2 266.2 259.3 264.4 262.7 265.3 268.8 278.7 286.5 291.6 288.2 284.6 290.4 297.8 302.7 308.6 316.6 324.1 332.7 341.2 350.7 357.9 364 368.3 370.1 369.7 366.9 363.9 359.7 356.1 353.6 351.4 349.4 347.8 345.6 343.3 341 339.7 337 335.1 332.4 329.6 327.2 325.1 322.3 318.7 316.5 313.5 309.9 307.9 305.6 302.6 299.5 297 295.4 294 291.7 290.7 289.6 289.1 287.8 286.8 287.7 286.3 285.4 285.7 286.1 283.5 281.4 278.7 256.9 261.3 256.6 252.9 249.3 245.7 245.7 245.7
283.9 261 264.8 278.7 273.8 270.3 274.4 281.9 293.5 297.2 293.5 290.2 290.4 298.1 304.8 311.7 317.8 325.8 335.5 343.5 352.2 358.2 362.7 365.7 366.8 366.2 365.4 363.2 359.7 356.2 353.4 351.2 349.3 347.5 345.2 342.5 341.1 338 336.3 336.3 332.1 328.7 324.8 322.1 319.3 316.7 313.8 310 306.6 304.6 301.7 298.7 295.7 293.5 290.9 289.5 287.2 286 286.5 285.8 286.1 286.3 286 284.5 283.6 282.6 281.7 280.6 277.6 266.1 255.8 254.9 253.8 249.7 245.7 245.7 245.7 245.9
276.8 265.3 280 283 281.5 279.3 285.9 283.5 294.2 299.7 298.6 294.2 293.8 301.8 306.1 314.2 319.8 327.2 335.8 342.9 349.4 356.3 359.1 361.8 363.3 363.7 362.8 361.1 358.8 355.6 353.2 351 349.3 347.5 345.4 343 340.8 338.6 335.6 335.4 332.9 328.8 324.5 321 317.2 313.6 310.8 307.1 303.6 300.7 297.9 295.2 292.3 289.3 286 282.9 280.2 281.4 282.1 284.2 284.9 285 283.1 281.3 278.2 276.4 274.7 273.2 269 262.9 256.1 255.9 245.7 245.7 245.7 246.7 250.6 249.8
269.1 269.4 287.7 289.1 287.2 287 281.5 288.5 291.6 297.7 300.6 300.8 300.9 305.4 310.3 318.4 324.7 331.9 336.9 342.5 348 352.8 356.4 358.9 360.3 360.6 360.3 358.7 356.6 354.6 352.5 350.9 349.4 347.6 345.4 342.9 340.4 337.5 336.2 335.3 333 328.9 324.4 320.7 316.7 312.8 308.9 305.2 302.1 298.5 295.7 293 289.3 286.9 283.4 279.2 278.4 278.3 280.4 281 283.1 281.6 277.8 275.5 272.3 271.2 268.1 265.2 263.4 260 256.6 255.5 245.5 256.1 259.6 257.6 257 254.4
273.6 283.6 294.9 293.2 294.4 288.3 287.6 291.9 294.3 297.6 301.6 304.8 307 311.9 315.1 322 328.3 337.1 342.8 347.1 351.1 353.5 355.8 357.8 357.8 358 357.8 356.2 354.9 353.8 352 350.3 348.5 347.3 344.6 341.9 339.6 338.3 337.2 335.6 332.7 328.7 324.3 320.2 316.2 312.2 308.3 304.4 300.7 297.1 293.5 290.6 287.2 283.9 280.5 277.1 276.6 275.2 274.8 275.9 278.6 274.3 273.2 270.1 268.2 267.6 265.5 266.6 267.8 266.4 257.4 256.5 251.3 265.8 260.4 257.7 261.1 258.5
277 296.5 299.2 301.6 302.9 294.5 292.5 297.5 300.5 302.2 304.4 308 311.7 316.6 322 328.4 334.4 342.2 348.5 354.7 359.4 361 360.1 359.9 358.7 356.2 355.2 354.4 354.7 353.8 351.9 350 349 346.9 345.5 344 341.1 338.2 336.6 334.4 332.1 328.5 324.3 320.6 316.6 312.4 308.5 304.4 300.4 297.5 294 292.1 287.4 283.7 280.3 280.2 279.7 275 273.6 267.6 267.3 266.5 264.8 266.4 267.5 268.2 267.8 260.7 256.1 255.4 257.4 257.3 256.3 257.8 255.1 254.5 252.7 251.8
288.3 303.3 307.3 311.8 306.9 301.1 299.8 303.3 306.9 308.2 309.8 311.7 317.4 322.1 328.2 334.9 340.3 347.2 352.9 358.8 366.3 369.2 365.3 361.4 358.3 355.5 353.2 352.4 353.5 352.8 352 350 348.9 346 344.7 344.5 342.2 338.8 336.1 334 332.2 329.8 325.6 321 317.5 314.2 310.7 307.2 303.6 299.5 297.3 295.8 292.8 289.4 286.9 283.9 281.9 278.3 272.7 265.5 262.1 260.3 259.4 263 259.9 255.5 260.1 264.4 261.5 263.6 262.4 258.8 266.5 266.1 265.8 261.3 262.5 262.7
299.9 312.1 316.9 318.6 309.5 312 310.8 309.3 314 315.8 316.3 318.3 321.3 328.2 335.1 340.9 348.2 355.4 360.5 367.9 368.7 369.3 370.6 365.6 360.8 354.9 351.5 349.9 351.3 350.4 349.9 347 344.5 344.4 345.2 344.4 343.4 340.3 337.5 335.2 333.5 331 328.1 323.9 320.7 318.3 314.8 311 306.9 302.2 303.3 300.7 297.6 294 291.2 287.7 282.2 277.3 273.1 266.8 267.9 270.4 271.3 271.4 273.2 276.2 280.8 282.4 282.6 281.2 280.7 278.9 274.1 278.6 279.2 278.6 276.4 269.6
309.3 322.8 326.4 324.2 314.2 319.4 317.9 313.6 320.4 323.5 326 326.9 332.4 336.9 342.1 349.1 355.1 362.6 370.3 373.2 372.7 369.8 369.1 369.3 363.7 359 354.6 349.7 345.4 345.1 345 343.7 343 344.2 345.6 345 344.1 342.3 339.5 337.1 335.6 333.5 331 327.1 324.9 322.1 318.3 314.3 309.7 309.7 308.9 305 300.2 296.2 292.1 286.6 277.8 279.1 270.8 280.5 278.5 277.5 279.2 282.3 285.7 285.6 287.5 288.9 289 288.1 286.7 285.5 284.6 283.8 282.1 277.4 268.6 256
315.7 330.8 330.2 327.1 322 325 324.5 318.5 326.6 333.4 334 335.1 340.2 345.2 351.9 360.2 368.7 373.8 376.1 376 375.2 373.6 370.5 370.7 366.2 361.2 355.7 350.6 345.1 338.7 336.1 333.4 335.4 343.1 345.3 345.2 343.6 342.4 341.5 339.1 337.6 335.7 333.5 331.2 328.9 325.5 321.9 317.1 312.5 313.8 312.1 307.2 302.3 297 290.3 279 271.4 279.1 281.8 284.6 286.8 288.5 289.5 290.8 292.5 292.3 293.4 295.6 295.1 293 291.4 289.3 287.1 283.8 276.6 266.8 252 250
322.9 334.5 334.6 331.3 329.1 333 334.1 330.1 330.9 338.8 341 342 347.1 355 365.9 372.6 376.3 379.2 379.9 378.6 377 377.1 373.8 368.9 364.5 362 358.2 350.9 349.5 346.2 343.9 342.5 340 333.2 342.2 343.9 343.1 341.7 340.8 341 339.6 337.8 336.5 334.6 332.1 328.8 324.5 319.3 315.9 311.9 307.5 305.6 300.9 292.5 281.6 282 285.8 286.3 283.5 291.5 294.4 296.3 297.2 297.8 297.6 296.8 297.3 296.1 295.8 294.9 292.4 289.8 286.9 279.9 264.5 257 251.9 260.8
337.1 339.8 340 337.1 338 340.7 341.3 340.3 332.9 341.5 345.1 347.2 352.6 364.8 374.1 377.3 380.9 382 378 378.5 378.4 378 378 377 368.9 363.4 360.2 359.2 355.8 352.8 350.2 347.7 344.5 337.1 327.8 337.1 340.7 341.2 342.7 342.9 342.3 344.2 341.8 338.2 334.4 330.2 326 320.8 315 308.5 301.2 294.1 281 278.1 292.5 294.1 293.8 294.2 291 299.1 302.3 302.7 302.8 302.5 300.1 300.2 297.7 295 293.9 293.3 291.3 289 284.1 274.9 257.5 257.6 264 271.5
346 346.7 346.2 341.3 344.5 346 346.4 345.4 343.3 345.3 348.3 351.3 358.8 367.6 376.2 378.4 383.3 383.8 379.5 381.4 379.9 378 378 378 379.1 370.6 364.1 362.4 360.5 357.8 355.4 352.8 349.4 342.8 339.7 326.4 329.3 333.8 339.4 343.1 345.2 346.3 343.3 338 327.1 320.7 320.8 314.8 308.7 289.4 287.2 290.4 297.4 302.1 301.8 303.4 301.2 299.9 301.1 307.4 308.4 308.4 307.2 305.8 302.4 302.1 299 294.2 292.1 290.3 287.8 285.4 280.3 262.8 256.5 261 269.9 271.8
351.9 351.3 350.2 349.2 349.4 349.6 349.8 349.5 348.5 348.5 350.2 355 358.3 366.9 374.4 384.4 385.8 385.5 384.5 382.7 380.2 379 378 378 378 378 371.6 366.2 363.8 362.4 359.8 357.1 354.1 350.6 345.6 337.1 331.8 326.7 322 322.7 334 338.6 330.9 324 314.5 314.8 314.8 314.8 314.8 300.6 303.7 309.3 314.7 313.7 311.8 310.9 307.8 306.2 309.4 312.8 314.2 313 311.1 307.3 303.2 302 297.5 293.9 291 287.6 283.3 280.2 276.3 258.6 264.1 271.4 274 276.5
354.9 354.1 353.3 352.6 353.2 353 353 352.8 352.3 352.6 354.7 356.6 362.1 366.3 376.8 387.3 388.2 387.9 385.8 383.2 381.3 379.2 378 378 378 378 378 375.3 370.6 366.3 364.2 361.1 358 354.9 349.6 341.1 339.1 335.9 330.9 327.5 314.2 314.8 314.8 314.8 314.8 314.8 314.8 314.8 314.8 311.7 315.7 321.8 326.4 324.8 320.5 316.7 314.2 313.5 316 318.2 318.4 316.5 313.1 308.8 304.5 301 297.4 294.7 291.5 287.8 283.7 274.9 264.6 263.3 277.1 276.4 279.2 280.8
357.7 356.9 356.4 354.8 356.8 357 356.7 357 357.2 357.4 359.8 361.4 364.1 368.9 378.5 390.9 391.1 389.9 387.5 385.2 381.7 379.5 378 378 378 378 378 378 377.9 370.7 367.3 363.6 360.6 357.5 352.6 348.4 346.2 341.7 339.7 335.5 327.2 321.5 320 318.3 314.8 314.8 314.8 314.8 315 318.1 323.7 332.8 334.5 331 328 325 321.9 318.8 321.5 323 321.9 318.8 314.9 311 306.9 302.4 300 296.1 292 288.4 284.7 280.8 262.8 274.5 277.8 276 282.8 285
360.8 360.3 360.1 359 360.9 361 361 362.2 363 364.9 364.8 367.6 371.5 377.9 383.5 391.5 393.4 392.5 389.9 387.3 383 380 378 378 378 378 378 378 378 378.7 372.3 367.5 362.6 360.5 357.5 353.9 351.2 348.4 345.5 343 339.4 334.9 333.7 330.5 314.8 314.8 319.6 321.2 322.3 326.2 329.8 337.2 338.3 334.5 331.7 328.7 327 325 325.7 325.2 323.2 320 316.6 313.1 308.5 304 301.2 296.7 292.8 290.3 287.1 282.6 264 277.2 276.6 283.9 287.1 289.1
364.7 364.8 363.8 363.9 365.3 365.8 367.9 368.9 371.7 374.1 375.9 378.3 379.1 385.6 394 396.7 398 395.3 392.6 389.4 384.8 381 378 378 378 378 378 378 378 378 378 372.5 367.9 363.6 360.7 358.8 356.2 353.4 350.6 347.6 344.7 341.8 334.1 330.2 328.9 328.5 332 332.5 332.8 334.1 337.6 340.4 340.8 337.9 335 332.3 330.5 328.8 327 325.4 323.7 321.2 318.2 315.9 311 305.9 303.2 298.5 294.7 291.9 288.3 271.9 271.3 281.3 284.7 288.6 291.7 294.1
370.4 370.4 369.3 368.9 371.3 373.3 376.3 377.4 378.7 380.2 385.7 392.4 397.1 400.9 403 404.3 404.2 402.7 398.2 393.7 387.1 382.4 379.8 378.5 378 378 378 378 378 378 378 378 375.4 368.5 364.7 362.5 359.7 357.1 354.1 351.6 348.7 345.2 338.8 340.7 338.1 337.9 341.1 341 341.2 342.2 343.4 343.2 341.9 339.9 337.7 335.4 332.9 330.4 328.5 326.4 324.6 323.6 321.2 318.3 313.6 309.9 305.8 301.4 296.5 293 281.9 269.2 277.5 284.6 289.8 292.2 296.6 302.4
