Assets/StreamingAssets/GeoData/Data/se/SE06.asc
ncols 200
nrows 200
xllcorner 400000
yllcorner 460000
cellsize 50
[rows 105 to 139 of 200, columns 78 to 155 of 200]
348.6 349.7 352 353.5 353.8 354.2 354.3 353.2 353.2 352.5 352.7 352.6 352 349.3 344.4 340.7 336.6 333.7 330.9 327.8 324.2 319.3 314.1 309.1 303.5 296 292.2 289.4 286.2 286.2 286.2 286.2 286.2 286.2 286.2 286.2 286.2 286.2 286.2 286.2 286.2 286.2 286.2 286.2 286.2 286.2 286.2 286.2 286.2 286.2 286.2 286.2 286.2 286.2 286.2 286.2 286.2 286.2 286.2 286.2 286.2 286.2 286.2 286.2 286.2 290.4 291.6 289.9 294 302 305.1 309.2 311.9 313.9 317.3 319.3 321.7 324.4
348.4 348.8 351.6 353.4 353.5 353.5 353.7 351.9 351.9 353 353.1 352 350.4 347.5 343.7 338.9 335.2 332.4 329.9 326.9 323.3 319 313.5 307.7 302.6 297.3 292.9 289.6 286.2 286.2 286.2 286.2 286.2 286.2 286.2 286.2 286.2 286.2 286.2 286.2 286.2 286.2 286.2 286.2 286.2 286.2 286.2 286.2 286.2 286.2 286.2 286.2 286.2 286.2 286.2 286.2 286.2 286.2 286.2 286.2 286.2 289.2 291.4 291.8 291.4 291.9 294.8 297.5 299.7 303 305.9 310.9 314.1 317.2 320.1 322 324.8 327.8
348.7 349.2 352.2 353.4 352.9 351.9 350.9 351 352.4 352.7 351.3 348.9 345.9 342.9 339.7 336 331.9 328.8 326.8 324.6 321.2 317.3 313.1 307.7 302.6 297.1 292.7 290.1 286.2 286.2 286.2 286.2 286.2 286.2 286.2 286.2 286.2 286.2 286.2 286.2 286.2 286.2 286.2 286.2 286.2 286.2 286.2 286.2 286.2 286.2 286.2 286.2 286.2 286.2 286.2 286.2 286.2 286.2 286.2 286.2 286.2 286.2 288.3 289.3 290.7 293.7 298.3 300.5 302.5 306.9 310.2 313.8 317.1 320.4 322.7 325 327.5 330.3
348.8 350.3 350.3 350.9 350.5 349 348.3 348.9 350.4 350.1 347.9 343.6 339.6 337 334.7 331.1 327.8 324.8 322.8 320.6 317.2 314.1 311.1 306.4 302.1 296.4 292.4 289.4 286.2 286.2 286.2 286.2 286.2 286.2 286.2 286.2 286.2 286.2 286.2 286.2 286.2 286.2 286.2 286.2 286.2 286.2 286.2 286.2 286.2 286.2 286.2 286.2 286.2 286.2 286.2 286.2 286.2 286.2 286.2 286.2 286.2 286.2 286.2 286.2 288 294.7 301.9 307.1 309.8 312.8 315.2 316.9 319.7 324.3 326.9 328.7 330.4 332.8
345.1 352.1 351.7 351.6 350 349.1 349 347.1 346.7 345.4 342.8 338.4 335.4 332.2 330.4 327.7 324.8 321.5 319.3 316.3 313.6 312 309.8 307.2 302.4 297.8 292.2 289.2 286.2 286.2 286.2 286.2 286.2 286.2 286.2 286.2 286.2 286.2 286.2 286.2 286.2 286.2 286.2 286.2 286.2 286.2 286.2 286.2 286.2 286.2 286.2 286.2 286.2 286.2 286.2 286.2 286.2 286.2 286.2 286.2 286.2 286.2 286.2 286.2 286.2 292.5 300.2 306.1 311.3 316.3 321.3 324.3 326.7 331.2 332 334.7 337 338.5
341.3 347 353.5 353.5 351 349.2 348.7 345.1 341.6 340.5 335.7 333.7 330.5 328.3 325.4 323.4 320.9 318.8 314.5 313.3 312 310.5 308.9 305.9 301.5 298.1 293.8 289.1 288.9 286.2 286.2 286.2 286.2 286.2 286.2 286.2 286.2 286.2 286.2 286.2 286.2 286.2 286.2 286.2 286.2 286.2 286.2 286.2 286.2 286.2 286.2 286.2 286.2 286.2 286.2 286.2 286.2 286.2 286.2 286.2 286.2 286.2 286.2 286.2 286.2 286.2 292.9 298.9 304.7 314 322.2 330.1 334.6 337.7 340.7 343.7 346.2 349.1
336.5 343.8 347.2 351.4 350.6 346.6 344.3 341.7 333.9 334 330.4 327.8 325.9 323.2 320.8 319.2 316.7 314.2 312.2 311.4 311 310.1 308.5 305.3 301.8 298.2 292.7 290.3 288.9 288.8 288.5 286.2 286.2 286.2 286.2 286.2 286.2 286.2 286.2 286.2 286.2 286.2 286.2 286.2 286.2 286.2 286.2 286.2 286.2 286.2 286.2 286.2 286.2 286.2 286.2 286.2 286.2 286.2 286.2 286.2 286.2 286.2 286.2 286.2 286.2 286.2 290.7 297.8 301.6 307.8 315.2 325.4 331.3 335.5 338.3 340.6 343.4 345.6
331 336.5 343.4 345.3 345.2 344.1 340.3 336 330.3 325.2 324.6 321.9 320.5 319.1 317.1 315 311.9 311.1 310.2 310.5 310.7 311.4 310.8 308.6 304.1 298.6 293.2 289.5 289.2 290.2 290.2 287.2 286.2 286.2 286.2 286.2 286.2 286.2 286.2 286.2 286.2 286.2 286.2 286.2 286.2 286.2 286.2 286.2 286.2 286.2 286.2 286.2 286.2 286.2 286.2 286.2 286.2 286.2 286.2 286.2 286.2 286.2 286.2 286.2 286.2 286.2 290.9 300.1 304.5 305.8 308.8 314.2 320.9 325.8 328.8 334 337.1 338.8
324.2 330 335.2 338.4 338.3 336.5 333.9 330.1 327.4 323.3 318.6 316.1 313.7 313.2 311.2 309.8 309.1 306.8 307.1 308.6 310.3 311.3 310.5 308 303.3 297.6 292.6 288.7 288.2 290.1 289.7 290.3 290.2 291 288.8 286.2 286.2 286.2 286.2 286.2 286.2 286.2 286.2 286.2 286.2 286.2 286.2 286.2 286.2 286.2 286.2 286.2 286.2 286.2 286.2 286.2 286.2 286.2 286.2 286.2 286.2 286.2 286.2 286.2 290.3 292.4 295.5 297.6 302.6 306.7 309.3 311 314.9 317.8 322.2 326.5 330.3 332.3
319 323.5 328.4 332 333.3 331.6 328.9 325.7 322.6 318.4 314.7 311.8 310.4 308.8 308 307.4 306.5 306.9 304.3 302.6 308 309.3 308.6 305.9 301.3 295.8 290.2 286.8 285.3 287.9 288.9 289 288.2 287.8 287.5 287.7 287.3 290.7 286.6 286.2 286.2 286.2 286.2 286.2 286.2 286.2 286.2 286.2 286.2 286.2 286.2 286.2 286.2 286.2 286.2 286.2 286.2 286.2 286.2 286.5 287.8 290.8 293.1 294.4 296.2 298 300.3 302.6 304.9 307.4 310.8 314.1 316.2 319.1 323.8 328 331.9 334.7
314.9 317.9 321 323.4 326.2 325.6 323.3 320.8 318 314.3 311 308.8 306 305.6 304.7 304.4 304.6 305.1 305.7 304 300.6 304.1 304.3 302.3 298.2 292.6 288 284.3 282.8 285.1 286.5 287.2 286.8 286.4 286 284.7 282.9 281.4 281.3 286.7 291.1 286.2 286.2 286.2 286.2 286.2 286.2 286.2 286.2 286.5 288.7 288.6 289.3 289.7 289.7 291.7 292.2 293.4 295.2 296.9 299.9 302.7 303.2 303.5 304.9 306.7 308.9 310.6 311.7 313.2 316.7 319 322 325.6 329.5 331.9 335.8 338.8
309 312 314.5 317.3 319.7 319.5 318.3 315.4 312.8 310.5 307.3 305.5 303.3 302.7 302.2 301.6 301.7 302.8 303.7 304 302.1 298 298 295.9 292.5 288.5 284.6 281.3 280.5 281.6 283.5 284.1 282.9 283.5 284.1 282.5 280 277.5 274.5 272.5 275.9 284.6 290.8 286.2 286.2 286.2 286.2 286.2 290.3 292.4 294.1 291.8 291.7 292.7 295 302.1 300.4 305.8 307.4 310 313.1 314.2 314.2 314.5 316.2 317.7 322.8 324.1 324.2 325.5 326.5 328.9 330.3 334.5 336.4 338.6 341.3 343.4
304.6 308.9 309.5 311 314.8 315 313 309.7 308.4 306.1 303.1 301.2 299.6 296.1 296.8 294.4 293.3 298.5 300 300.6 299.1 297.3 295 291.4 287.4 284.2 281.4 278.4 277.3 278.3 280.6 279.4 278.6 279.6 280.1 279.1 276.1 272.6 268.6 264.5 259.7 266.2 275.8 285.6 289.5 286.2 288.6 294.4 296.1 299.8 293.8 292.9 293.1 293 308.3 312 307.7 317.6 318.5 320.7 324.1 324.7 326.4 327.7 329.8 332.5 336 339.7 339.4 338.8 339.2 339.8 341.9 343.3 343 344.2 346.6 349.8
304.4 303.4 306.2 308.8 309.4 308.1 309.3 306.4 302.5 299.6 298.4 297.1 294.7 295 292.7 291.9 294.1 288.5 293 294.2 291.3 289.2 287.6 285.7 283.8 280.4 277.1 274.5 273.4 276.1 278.1 276.3 275 275.7 275.4 273.4 270.4 266.3 262.8 256 249.9 257.3 263.7 272 284.5 290.5 298.2 303.4 303.1 304.8 302.9 300.6 303.1 305.4 318.4 319.4 318.9 320.5 325.9 329 332.6 334.8 336.7 338.5 340.8 344.5 348.5 350.7 351.9 349.9 349.1 350.3 350.4 350.9 349.8 350.3 351.9 353.1
303.7 302.8 301.2 303.4 305.9 306.4 305.3 303.6 301.9 299.8 298.2 296.3 296.6 296.7 295.5 293.7 293.2 287.8 285.1 284.3 282.5 281.6 279.9 277.1 276.4 275.5 272.6 269.7 269.4 269.4 270.7 270 269.9 270.9 270 264.1 262.9 259.4 255.4 244.8 247.1 258 270.9 283.3 292.7 302.8 306.7 307.7 308.5 310.2 312.5 315.3 319.9 325.2 324.1 324.6 325 329.1 331.9 335.3 339.1 341.6 344 346.3 348.9 352.1 356.9 358 357.7 357.6 357.3 356.3 355.2 353.8 352.4 352.7 353.5 353.9
302.2 302 301 299 301.2 302.3 301.8 301.2 300 297.7 295.9 295.3 295 294.8 293.7 291.1 289.7 288.8 287.5 286.4 286.5 284.8 282.1 277.5 271.3 265.2 266.6 262.7 261.6 262.3 263.7 264.5 264.3 264.8 263.2 253.3 247.7 248 242.5 242.5 252.3 261.7 278.6 290.4 304.1 309.8 311.6 313.3 315.2 317.7 319.4 323 326.4 330.1 331.4 332.4 333 333.1 335.7 340 343.5 347.3 348.9 351.3 354.7 357 358.7 360 359.9 359.9 358.3 357 355.8 353 350.8 352.9 352.7 353.9
300.6 300.6 300 298.2 297.4 298.5 299 299.2 297.6 295.8 294.3 293.1 292.9 292.2 290.9 288.9 287.1 285.9 285.1 285.2 284.5 283.2 280.5 276.9 272.3 266.7 259 256.2 256.4 257.4 258.7 259.3 258.7 258.7 257.3 246.8 240.2 242.2 245.6 254.3 262.6 273.4 284.7 298.9 311.8 315.8 317.4 320.1 323.9 324.6 326.8 328.6 331.9 334.8 337.4 339.4 339.7 339.5 342.6 345.6 348.3 350.8 352.2 354.2 356.2 357.8 359 359.6 359.9 360 358.8 357.8 355.5 351.1 349.8 350.2 353.9 357.9
299.5 299.2 298.9 298.2 296.5 295.4 296 295.9 295.8 294.4 292.9 291.2 290.1 289.6 288.2 286.7 285.1 283.2 282.1 281.2 280.9 279.4 276.6 272.5 267.7 261.9 256.2 253.7 252.5 252.6 253 253.1 253 252.4 243.6 237.8 239.4 247.2 257.5 263.7 272.8 281.9 291.5 307.4 317.8 321.2 325.3 327.7 330.2 332.1 332.4 334.9 337.3 340.2 342.2 343.3 345.1 345.4 346.1 349.5 350.7 352 353.6 355.4 357.4 358.5 359.2 357.5 359.4 359 358.2 356.9 355.9 354.3 352.2 347.8 353.1 357.7
298.4 298.1 297.3 297 296.2 294 294.2 294.3 294.3 293.5 292.2 290.5 289.2 287.5 285.8 284.2 282.1 280 278.7 277.6 276.3 274.3 271.9 268.1 263.1 256.9 252.9 249.9 250 249.1 247.7 247.2 246.7 244.2 234.3 238.8 245.3 253.4 262.3 270.1 279 283.7 300.8 316.7 325.8 329.2 332.7 335.1 337.1 338.2 338.5 339.9 342.3 344.5 345.9 347.8 349.1 349.4 349.8 351.2 352 353.5 354.4 355.5 356.5 358 358.9 357.9 357.9 357.4 355.9 355.5 355.1 352.8 351.9 348.3 357.1 359.6
296.7 297 296.2 296 295.6 294.3 292.3 292 292.5 291.8 290.4 289 288.3 285.9 283.6 282.3 280.2 278.3 276 275 273.5 271.3 268.1 263.3 258 254.4 250.1 247.7 246.5 246.7 243.6 240.4 236.1 235.7 242.4 247.7 255.3 262.4 272.1 279.4 286.8 295.7 309.6 324.9 332.5 335.7 340 342.2 343.9 344.9 344.7 346.7 347.4 349.6 350.3 351.2 351.8 352.3 352.1 352.6 352.5 353.3 354.2 355.1 355.8 356.4 356.4 356.1 355.7 353.1 354.5 354.7 353.6 351.4 346.7 351 356.6 359.8
294 295.4 295 294.2 293.9 293.6 292.4 290 289.9 288.4 287.5 286.2 284.6 283.5 282.2 280.7 279.6 278.2 275.5 272.8 269.4 266.9 263.8 259.6 256 250.9 247.9 246 244.4 246 237.2 233.2 237.7 247 250.4 254 261.1 268.8 277.8 290.5 298.1 309 319.3 332.1 336.4 340.6 344.8 347.7 349 349.6 350.1 350.5 352.6 353.2 353.4 353.7 354 353.5 353.4 352.9 351.6 352.9 353.6 354.3 355.1 351.2 354.8 353.7 354 353.4 353.9 352.6 349.9 347.7 343.8 351.9 355.5 359
291.3 292.4 292.4 292.3 292 292.3 291.1 289.7 287.3 286.4 285.4 283.1 281.4 280.4 279.3 277.6 276.8 275 272.6 269.6 266.6 262.7 259.2 255.9 252.6 248.4 246 245.3 243.5 244.3 228 234 246.8 251.3 254.4 259 263.8 273.5 283.2 293 304.8 313.1 327.9 333.8 338.2 343.1 347.3 350 351.7 353 353.7 354.6 355.6 356 355.9 356 355.4 354.7 354.2 353.3 351.9 351.5 352.8 352.4 351.8 351.6 352.6 352 351.9 352.1 352 351 348.4 342.7 347.4 350.1 352.1 353
289.8 291 291.8 291.6 291.7 291.1 289.6 288.8 286.8 282.1 281.9 281.2 277.5 277.2 275.6 273.8 272.5 270.7 268.8 266.2 263.2 260 255.6 252.9 249.4 246.4 244.4 241.4 243.6 239.7 230.2 235.2 246.7 249.7 254.6 260.9 269.3 275.8 285.9 295.5 306.3 317 327.6 333 337.5 342.6 347.7 351.2 353.9 355.5 356.6 357 357.6 357.7 357.5 357 356.3 355.2 354.7 353.2 352.2 349.8 351.8 350.2 350.6 350.7 350 350 349 349 347.9 347.8 345.1 336.3 346.1 347.7 348.2 348.6
288.5 290.2 291.4 291.4 290.5 290.1 289.3 287.6 286.1 284.2 280.3 276.1 274.2 270.8 268.3 269.7 268.6 267 264.8 262.4 260 257.6 254.1 250.5 246.8 244.6 243.5 242.5 241.2 235.4 230.4 233.9 245.7 250.4 257.4 263.6 273.1 279.3 286.1 299.9 305.4 316.4 326 333.4 338 343.3 348.3 351.8 354.3 355.2 356 357.6 357.8 358.2 358 357.5 357 356 355.3 352.8 352.3 349 347.5 348 348.4 348.2 347 346.6 346.8 345.7 344.4 344.9 342 337.6 343.2 344.6 344.8 345.2
287.6 289.3 290.9 291.4 290.9 288.9 288 285.8 284.9 283.4 281.7 279 275.5 272.4 267.6 260.4 261.5 262.4 261.1 259 256.7 254.8 251.9 249.3 246.4 243.9 241.9 241.6 235.7 240.4 228.6 233 242.8 252 257.2 264.6 272.6 283.3 289.4 296.2 305.7 316.1 326 333.1 337.7 341.7 346.1 348.6 350.5 352.3 354.7 356.7 358.2 358.8 358.5 358 357.4 356.6 354.8 353.8 352.5 350.6 348.7 345.4 345.4 345.5 345.3 344.8 343.6 343.5 341.9 340.8 339.5 323.2 338.1 339.7 340.4 341.7
287.2 289.4 291.3 291.9 292.1 290.2 287.1 284.4 282.6 281.7 280.2 277.6 274.2 269.5 265 261.7 255.6 255.5 256.2 255.7 253.4 251.7 249.2 246.9 244.8 243.2 242.4 240.4 237.5 235.2 225.7 229.4 243.5 251.4 258.6 266 271.5 279.2 288.3 295.6 306 311.7 320.4 332.2 336.4 339.7 341.9 345 348 350.9 354.5 358.3 357.8 358.9 359.3 358.6 357.1 356 355.3 354.3 352.9 350.8 348.1 343.7 340.9 340 342 342.2 341.1 337.4 336.4 333.4 332.5 322.8 331.9 335.3 336.4 339.1
285.9 288.4 290.4 291.9 292 289.7 285.8 283.1 279.9 278.1 276.4 274.4 270.9 267.5 263.3 257.2 256.4 253.9 251.4 249.9 249.4 248.3 246.7 244.3 242.4 240.7 240.2 240.4 236.6 227.7 224.3 238.2 249 255.8 261.9 267.1 273.1 280.1 289.6 296.7 305.1 313.2 318.3 328.2 334 338.2 340.4 344.2 348.4 352 355.8 357.8 358.1 359.4 359.8 359.1 357 356.5 355.5 355.1 354.3 351.7 348.6 343.9 334.3 337.9 332.3 336.1 331 326.1 325.7 324.6 326.2 322.8 324.3 329.7 331.4 334.8
277.8 283.2 286 288.6 289.9 287.9 284.4 280.5 277.8 275 271.7 269.7 267.5 264.8 261.2 257.7 254.2 252.9 251.1 249 247.2 243.8 244.4 242.8 241.3 239.5 237.7 236.5 227.6 224.2 236.6 244.8 251.1 258.9 263.3 268.1 273.5 281.2 289.4 297.7 306.7 314.1 320.6 326.8 332.5 336.5 341.1 345.4 349.8 351.5 353.9 355.8 358 359.7 360.1 358.5 355.9 356.7 356.3 355.5 354 352.5 349.8 346.8 342.7 321 322.8 319.4 320.2 318 316.2 314.5 318.3 315 319.9 322.7 325.7 327.2
263.6 269.6 276.6 280.8 283.1 283.7 281.5 277.2 274.3 270.1 265.9 264.9 263.4 260.8 259 256.2 254.2 252.2 249.2 247.3 245.4 243.6 242.7 241.3 239.3 239 236.8 223.8 222 235.5 243.8 249.8 255.7 263.5 267.4 270.7 277.3 284 293.3 301.5 307.7 314.4 321.6 328 334.1 338.8 343 344.5 345.2 347.1 349 355.2 357.7 359.4 359.6 358.2 356.3 356.7 356.1 355.4 353.8 352 348.8 345.5 342 326.4 307 308.2 311.1 309.3 308 308.4 310.1 305.1 315.4 316 317.8 318.6
255.2 260.7 264.3 269.6 272.4 274.1 273.4 271.9 270.5 267 263.7 260.4 258.8 257 255.9 254.1 252.7 251.3 249.9 247.9 245.3 242.3 240.8 240.1 238.2 234.4 222.2 220.5 225 239.2 248.7 255.7 262.2 267.2 271.2 275.2 282.4 289 297 305.8 312.5 319 324.5 330.5 334.4 337.4 340.1 342.3 343.6 346.3 351 354.3 357.2 359.3 359.1 358 356.5 356 356.5 354 352.4 350 345.3 340.9 335.8 330.3 315.3 299.2 301 302 302.5 297.3 293.7 303.4 304.8 307.1 310.3 312.6
247.4 247.1 256.9 259.6 262.9 264.5 265 265.2 265.1 262.8 260.8 258.4 256.5 255.4 254.3 253.5 252.1 250.9 249.7 247.7 245 241.8 238.3 237.3 234.9 223.3 220.5 223.4 226.3 239.5 250.2 257.2 264.4 269.1 273.6 279.9 286.9 294 301.1 308.4 313.8 318.5 322.1 325.6 330.5 333.8 337.4 340 344.3 347.8 351.4 354.6 357.4 359.4 358.6 357 355.8 355 354.2 352.7 349.8 345.4 339.2 333.1 329 324.8 318 306.2 294.4 295.6 295.1 291.5 294.3 296.3 300.5 305.2 304.7 302.8
246.3 244.9 247.9 250.4 254.5 255.3 256.4 258.4 259.7 259.8 258.9 257 254.8 253.9 253.7 253.8 252.6 251.1 250 247.8 244.8 241 235.7 236 232.5 219.4 220.4 222.7 230.7 242.3 253.4 259.7 265.3 271.4 276.9 283.7 290 295.4 302.3 307.6 312.6 315.2 318.7 322.1 326.6 331.4 336.5 339.3 343.9 348.1 351.5 354.8 358.3 358.9 357.5 355.4 353.4 350.1 349.5 347.3 344.4 339.1 330.7 324.1 320.4 316.4 307.9 305.3 298.6 294.2 291.3 288.8 289.4 292.6 296.9 297.7 296.5 293.3
244.7 238.9 243.3 244.6 246.4 248.7 250 252.2 255.2 255.8 255.6 254.8 253.8 253.6 253.3 253 252.6 251.4 250.1 248.2 245.2 241.2 236.2 230.9 230.9 218.6 220.2 223.6 235.2 243.2 254.5 260.8 266.4 273.9 280.7 286.4 292.7 297.4 301.3 305.3 308.5 311.9 317.4 324.6 330.5 333.4 336.1 340.5 343.1 348.1 350.6 355.4 358.3 357.4 355.7 352.7 349 344.2 342 338.8 335.2 328.4 320.4 314.3 311.6 307.1 305.6 303.6 300.3 295.1 288.2 286.3 285.5 286.2 286.9 289.3 293.7 300
243 236.8 239.3 239.5 240.5 243 245.4 247.6 248.7 251.9 252 251.9 252 252.8 252.7 252.5 252.7 252.3 250.5 248.2 245.1 240.5 235.4 231.6 227.9 217.4 221.7 230.4 238.4 246.2 253.2 260.1 265.2 272.9 278.7 283.3 287.7 293 299.8 305 311 316.6 321.7 326.6 331.8 333.6 336.9 339.5 343.8 348.7 352.2 355.6 357 356.4 353.3 349.2 343.5 339.2 332.7 327.8 322.1 314.7 309.7 308.6 306.6 304.9 303.5 301 298.2 293.6 286.4 282.7 284.6 290.5 292.1 295.1 299.3 301.3
242.5 238.7 233.5 235.4 236.5 238.5 241.3 244.2 247.1 248.6 248.6 249.6 249.9 252.1 253.7 254.6 254.3 253.2 251.5 247.8 242.5 237.7 233.5 229.4 216.3 222 230.7 236.2 241.6 248 252.5 258.2 263.8 269.6 275.9 282.1 287.8 293.7 301.9 309.9 311.1 317.3 321.2 325.8 330.8 333.5 336.4 337.6 345.1 350.4 353.6 355.1 355.6 353.2 349.2 344.2 338 331.1 323.4 317.8 312.5 308.4 306.5 305.3 304.1 302.3 300.1 297.6 294.7 290 284.5 280.3 286 288.8 290.1 292.1 294.5 297.6
