Assets/StreamingAssets/GeoData/Data/se/SE08.asc
ncols 200
nrows 200
xllcorner 400000
yllcorner 480000
cellsize 50
[rows 70 to 104 of 200, columns 78 to 155 of 200]
546.2 545.8 545.9 545 544.3 542.5 541.5 540.7 537.3 535.5 534.4 533.3 532.4 531.8 530.8 529.9 528.9 528.3 527 526.1 525.4 524.2 523 521.6 520.2 518.3 514.4 512.3 508.8 498.9 490.4 482.5 476.7 465.2 449.8 435.5 429.4 427.8 425.6 423.3 421.1 418.3 416.6 414.4 412 406.2 395.4 389.4 384.6 379 376 373 370 367.7 365.4 362.6 359.3 354.9 354.4 353.9 351.2 349.1 345.9 344.1 337.2 331 328.2 327.6 327 325.3 323.9 325.4 321.8 317 314.9 311.7 307.3 302.6
548.5 547.8 546.7 545.9 544.8 543 541.3 540 537.7 536.8 535.4 533.6 533.2 532 529.4 528.9 528.3 527.3 526 524.6 523.5 522.3 521.1 519.7 517.8 514.9 509.4 504.2 499.8 490.8 483.6 478.4 465.5 453.9 441.2 430.8 427.9 426.3 424.1 421.8 419.3 416.5 415.4 412.9 406.1 394.4 388.6 384.4 378.6 374.8 372 370.2 367.2 364.3 360.8 354.4 357.9 357.4 354 353.8 351.1 349 345.9 339.9 333.8 331.5 326.2 325.5 324.1 323.3 323.9 325.4 321.7 317.6 314.2 311.1 308 304.5
549.1 548.5 547.6 546.6 544.9 543.1 541.1 539.5 537.8 535.9 534 533.4 532.4 531.4 528.5 527.8 527.3 526.3 525.1 523.4 521.7 520.8 519.9 517.4 513.1 507.5 503.4 500.1 492 485.8 481.1 470.3 453.5 444.1 434.3 428.7 426.3 424.6 422.5 419.4 416.5 411.9 410.8 404.2 395.5 388.5 382.7 378 374.6 369.2 368.4 366.4 364.3 360.2 361 359 355.6 351.9 351.4 350.3 349.1 346.4 344.7 341.3 333.9 332.1 328.4 326.4 326.3 324.8 323.6 322.5 322.2 318.5 313.8 315.4 310.7 304.2
549.3 548.9 547.8 546.5 544.9 542.6 540.4 538.4 536.5 534.5 532.7 531.8 529.4 527.7 526.8 526.6 525.9 525.2 524 522.2 520.4 518.9 517.4 515.1 508.5 502.7 499 494.6 489.5 482.5 471.5 455.7 444.6 436 431.3 426.9 424.8 422.6 418.1 413.8 408.3 402.6 399.3 393.7 388.4 383.1 378.2 374.4 371.5 368.9 366.5 364.3 362.4 361.4 359.4 355.9 353.7 349.6 347.7 344.7 344.4 343.4 343.2 342.6 343.5 334.1 330.7 329.7 328.4 327.3 326.2 322 318.9 316.2 313.7 314.6 312.3 310.7
549.5 549 547.4 545.8 543.6 541 539.2 537.3 535.2 533.4 530.5 528.5 527.5 526.5 525 524.9 524.5 523.8 522.4 520.3 517.3 515.6 514.6 509.2 502.7 498.5 496 492.7 488.5 465.4 451.1 442.8 435.2 431.4 427.6 424.5 422.1 417.5 411.9 405.4 400.7 394.9 391.8 388 384 379.1 374.7 371.7 368.7 366.2 364.2 362.2 361.1 359.5 356 353.2 351.4 347.2 345.3 345.6 345.3 342.7 342.9 342.9 337.9 337.2 334.9 333.7 330.8 327.4 326.1 321.1 317.1 316.3 313.9 313.1 312.4 312.3
549.5 547.6 545.8 544.8 542.4 539.3 538.1 536.1 534 531.3 528.5 526.9 526.5 525.3 523.5 522 522.4 521.9 520.5 518.1 514 510.2 506.5 503.7 499.5 496.9 494.7 491.3 483.5 454.4 442.4 435.4 430.7 428 424.4 421.3 416.5 409.8 403.9 399.5 396 392.1 388.4 384.4 379.9 375.9 372.4 369.4 366.5 363.9 362.4 361 359.6 356.9 352.5 349.5 348.6 345.7 346.4 345.1 344.8 343.5 340.5 340 339 333.3 330.9 330.9 329.7 325.4 323.2 319.9 315 315.5 312.8 314 312.7 310
548.4 546.3 545.3 543.3 540.9 538.6 536.5 534.9 533 529.7 527.2 525.2 524.2 523.3 521.4 519.6 518.9 518.7 514.3 510.6 507.1 503.9 502.1 500.4 498.1 495.9 493.7 489.1 468.8 443.7 434.4 430.8 426.5 422.9 418.8 414.2 407.3 402.6 399.1 396 392.7 389.5 385.3 380.9 376.7 373.1 369.9 367.5 365.3 362.9 362 360.3 359.1 355.7 350.2 346.2 345.7 345.3 344.7 343.5 341.9 341.3 339.8 338 338.8 337.8 327.8 327.6 326.2 322.2 319.9 316.2 313.4 309.6 308.7 311.5 309.8 310
548.3 546.7 544.9 542.9 540.5 538 535.9 534 531.5 528.1 525.9 523.7 521.8 520.6 518.1 517.2 513.6 510.1 507.4 504.9 503.4 501.8 500.4 498.2 496 494.1 491.9 481.9 458.1 445.6 435.5 427.2 420 417 412.4 405.8 400.9 398.3 395.9 393.9 389.9 384.6 380.7 376.4 373.6 370.8 368.4 366 365.1 363.2 361.7 360.3 358.6 354 349.7 345.7 345.1 345.1 344.2 342.6 341.4 340 339.2 337.3 336.7 333.8 327.2 324.8 323.7 319.9 318 315.2 312.8 309.3 307.9 308.3 309.4 309.5
549 547.4 545.5 542.8 540 537.4 535.4 533.5 529.4 527.4 525.4 523.2 520.7 517.1 514.1 510.8 508.6 505.4 503.8 502.5 501.5 499.6 498 497.1 495.2 491.6 484.6 463.4 446.4 439.4 430.1 423.1 418.3 413.1 405.7 401.1 397.3 395.3 393.5 392.2 385.8 380.2 376.8 373.5 370.5 367.7 366 364.4 363.9 362.2 361.4 359.6 356.7 351.7 347.7 345.9 345.5 343.9 342.2 341.8 340.6 339.3 338.1 336 337 331.9 325.7 322.4 320.8 317.6 315.6 313.7 312.2 309.3 307.4 307.6 308.3 307.9
549.2 547.4 545.5 542.6 539.6 537.6 535.3 532.7 529.6 526.6 524.5 522.4 518.7 512 508.5 507.8 505.2 502.7 500.9 499 497.4 492.9 487.7 485.3 480.5 473.7 461.6 445.6 439.6 430.2 424.1 420.2 416.3 409.1 402.4 398.7 393.9 391.8 386.1 386.9 380 376.5 373.4 369.9 366.8 364.7 363.7 362.3 361.8 360.7 359.9 356.9 352.1 349 348.5 347.6 345.2 343.3 341.2 340.3 339.9 339.2 338.9 339 329.2 326.7 324.3 321 318.5 316.9 314.3 312.8 311.2 310 308 307.9 307.7 305.6
549.1 547.3 545.2 542.7 539.9 537.3 534.5 531.3 529.9 526.5 524 520.3 512.9 508.5 505.4 504.2 502.4 498 492.1 488.7 484.6 478.3 474.8 467.8 461.9 455.3 445.7 435.7 429.3 424.5 421.7 419.1 415.1 406.9 400.7 395.1 388.5 385.9 381.7 381.1 376.7 373.3 368.6 366.2 364.4 363.2 361.5 360.1 359.5 358.6 356.9 352.3 350 348.9 348.2 346.9 345 343 341.5 340.9 339.9 338.2 338.4 337.3 329.6 323.4 322 319.1 317.2 315.7 313.7 310.6 310 309.8 308.5 307 306.5 303.4
549.1 547.2 545.3 542.9 540 537.3 535.1 532.7 530.1 526.7 523.6 515.1 510.3 507.6 504.6 498.3 490.5 490.2 487 480.2 473.1 465.5 461.5 455.7 448.2 439.9 432.4 425.9 424.9 423 421.3 418.6 413.9 406.3 400.3 393.8 387.3 383.5 379.1 374.5 370.6 368.7 365.6 364.9 363.8 362 359.8 357.7 355.6 354.7 353.4 349.6 348.3 347.4 346.9 345.5 343.4 342.1 341.5 340.9 340.3 336.2 334.8 330.3 326.2 323.5 320.3 317.7 314.6 314.6 311 308.4 308.2 309 307.6 305.1 304 300.6
549.6 547.6 545.1 542.4 540 536.4 534.6 532.6 529.2 526.3 523.5 514.2 510.1 507.6 504.8 499.2 487.1 473.8 474.8 468.8 462 455.3 449.6 444.2 438.1 432.1 427.5 424.9 423.2 421.9 419.6 414.3 409.3 404.3 398.4 391.2 384.9 379.5 375.2 370.8 367.2 364.6 364 363.3 361.9 359.9 357.9 355.9 354.9 351.7 349 347.3 346.4 346 345 342.8 341.1 340.8 341.2 340.1 339 335.6 330.5 327.3 324.5 322.3 320.7 317.9 312.1 313.6 312.6 307.6 305.9 307.6 305 302.7 301.8 299.7
548 545.9 544.1 541.8 539.7 537.2 534.5 531.9 528 526.1 522.1 514.2 510.1 505.4 500.6 493.4 484.4 464.1 465.8 460 453 444.8 439.3 434.4 431.6 428.1 424.7 421.4 418.5 415.3 411.8 408.7 404.7 399.3 392.8 385.5 380.2 376 373.2 370.1 368 365.3 363 360.6 358.9 357.1 356.7 355.8 350 348.3 346.5 345.7 344.9 344.2 342.2 340.1 339 339.6 340.5 339.8 336.8 333 329.1 324.8 321.8 319.7 318.8 316.9 314.1 308.9 309.6 307 304.7 302.2 301.6 300.9 303.1 300.6
547.2 544.7 542.8 541 538.9 536.5 533.5 529.8 527.1 523.5 518 514.4 510.5 502.4 494.4 489.1 484.4 473.9 455 446.2 443.1 437.8 432.8 428.4 424.5 421.9 418.6 416 412 407.9 404.7 402.1 397.5 391 385.1 381.7 378.2 375.4 372 369.4 367.5 364.6 360.8 359 355.8 356 356.5 355.4 349.1 346.8 345.8 342.4 342.3 341 339.6 337.9 337.5 338.6 339.2 338.4 335.3 330.2 325.2 321.4 318.6 316.7 315.4 313.7 312.5 308.4 309 305.9 301.5 298.6 298.8 300.4 299.5 298
545.2 543.6 541.5 539 536.6 533.8 531.1 528.3 523.9 520.8 517.2 513.9 510.3 501.8 491.3 487.8 483.6 473.9 459.2 445.2 436.3 429.9 425.8 424.5 419.5 415.8 413 410.3 407 402.8 397.5 394.8 390.7 385.6 382.4 379.2 376.6 374.3 371.8 368.4 365 362.9 359.5 357.4 355.2 352.3 352.7 349.9 348 345.8 343.5 340.5 336.5 338.2 337.6 336.3 335.6 337.4 338.9 334.8 331.2 327.7 322.6 318.6 316.9 314.6 313.1 311.8 310.2 308.5 298.2 303 298.5 297.4 296.5 296.4 294.6 292.7
543 541.1 538.3 535.7 533.9 531.7 528.8 524.6 521.8 518.2 515.8 512.6 508 503.3 494.3 487.4 478.4 465.8 455.7 444.8 439.6 433.2 428.1 421.6 415.7 407.1 402.8 399.4 400.3 398.1 393.4 390.3 387.5 382.8 379 377.5 375 372.8 370 367.8 364.9 361.9 359.2 357.8 356.6 357.4 350.7 348.7 347.7 343.9 343.2 340 338.1 328.1 334.6 332 333.4 334 334.4 331.9 328.4 324.7 319.7 317.5 315.5 314.1 311.5 310.2 308.4 304.5 292.4 298.4 296.2 293.8 294.1 293.1 292.1 288.7
540.2 537.4 535.4 533.1 530.2 527.8 524.4 521.6 519.6 516.9 514.4 510.8 507.4 503.6 496.4 482.6 467.7 458.9 451.2 443.6 436.6 430.8 424.4 420.1 416.4 413.8 410 404.6 397.4 392.4 390 388 384.9 380.9 378.2 375.4 373 371.3 368.2 365.2 364.1 361.6 359.6 358.1 359.5 351.9 349.4 349.3 349.1 347 342.3 338.8 337 335.4 333.8 330.8 332.1 332 328.5 327.1 325.5 322.1 318.7 316.7 314.8 314 311.2 308.1 304.5 297.7 283.1 295.5 292.8 293 291.3 288.9 287.3 284.1
536.1 534.2 532.4 529.9 526.6 523.2 520.9 519.6 518.1 515.7 512.9 510 507 503.3 492.6 471.8 457.7 451.6 446.4 440.3 433.2 426.9 423 419.7 416.9 412.9 406.8 400.8 395.9 390.9 387.1 384.2 381.6 379.4 376.4 374.3 372.1 370 367.7 364.5 362.8 360.4 359.6 358.4 351.8 348.5 347.2 349 349.2 346.1 339.4 337.8 335.5 334.7 333.3 331.3 318.7 316.3 321.6 321.7 322.1 320.1 317.3 315.9 314.6 312.2 308.1 303.3 298.5 295.2 281 291 288.8 286.6 287.6 281 280.4 280.3
530.8 528.1 526.8 524.1 522.2 520.6 519.4 518.3 516.1 514.4 512 509.5 505.8 497.9 478.1 462.7 456.7 449.6 443.1 435.8 429.9 425.7 422.1 418.8 414.6 409.1 402.7 396.3 392.5 389.5 386.3 383.8 380.9 377.1 375 373 370.9 367.7 364.1 361.3 359.5 357.5 356.9 351.1 347.8 345.5 345.3 346.1 343.6 339.2 337 334.6 330.3 332.8 331.8 327.3 321.3 307.1 314.5 315.5 316.5 315.7 314.2 313 310.2 305.6 300.8 297.7 295.6 289 272.7 284 283.7 281.9 281.6 280 279.6 277.8
526.4 524.6 523.1 520.9 519.1 517.6 516.6 515.4 514.2 512.7 510.2 506.6 499.8 485.9 466.8 454.4 448.8 444.5 437.9 432.8 427.2 422.5 418.5 414.7 410.1 403.6 397.9 392.7 390.3 388.1 386.9 384.6 380.9 377.1 372.7 368.1 367.8 365 360.9 358.7 354 351.4 349.6 347.3 344.9 342.4 339 338.9 335.9 333.2 332.5 331.4 328.4 326.6 322 317.4 313.4 311.4 296 307.8 307.4 307 305.1 301.6 297.6 295.3 292 290.2 288.4 285.4 275.4 274.3 279.7 278.3 277.6 278.1 276.2 271.2
523.5 521.6 519.9 518.3 516.2 515.1 513.3 511.3 510.5 507.3 502.1 495.9 485.2 468.4 454.6 446.5 442.8 438.9 433.5 427.6 422.2 418.5 414.7 410.5 404.9 399.2 393.2 389.7 388.1 386.8 385.3 381.9 377.8 375 372 369.7 364.1 357.7 358 352 350.9 349.1 346 342.7 339.7 338.9 334.8 330.8 328 326.9 325.5 324.6 322.9 318.6 316.1 310.9 307.9 304.9 300.7 297.3 297.8 297.1 295.3 292.7 290.1 287.1 284.6 282.5 280.7 278.4 276.8 266.3 273.7 274 272.6 272.5 271.8 265.9
518.2 517 515.6 513.9 510.7 507.9 505 501.3 497.9 494.4 490.2 482 470 458.7 448.1 441.3 436.7 432.2 427.6 423.3 419.4 415.7 411.7 407.1 400.3 395.4 390.5 387.8 387 386.1 383.9 381.3 378.4 375.1 371.9 368.7 362.7 358.9 355.8 352.3 349.8 345.6 343.6 343.6 340.1 327.9 325 323.6 323.4 322.9 322.5 320.7 319.5 314.8 310.3 307 305.2 301.9 298.3 285.6 291.5 288.7 286.4 284.8 282.3 279.9 277.1 275.5 273.6 272.6 272.1 270 266.2 269.3 268.8 267.7 266.2 260.8
515.4 513.5 511 508.8 506.4 503 499.9 495.3 489.1 483 475.3 465.7 457.6 449.5 442 435.1 429.8 426.1 422.1 420 416.4 412.2 407.9 403.6 398.6 392.3 389.5 388.1 387.3 385.5 383.4 380.7 377.4 374.3 371.3 365.8 363.7 361.2 357.8 354.9 352.2 351.1 349.6 347 339.2 331.1 324.2 320.4 312.4 315.1 321.1 317.9 313.3 309 307.4 304.5 303.3 300.8 294.1 290 279.1 283.1 281.5 279.5 277.9 275.4 273 271 269.2 268.4 268 265.7 260.4 266.7 265.6 263.6 261.1 254.5
512.1 510.4 507.8 504.9 500.4 496.4 486.7 477.7 470.5 465.7 459.3 454.9 449.6 442.9 436 430.6 426.1 422.6 419.2 416.1 411.6 407.6 404 399.1 395.1 391.3 388.9 387.4 385.8 384.2 382.2 379.1 376.5 373.8 369.5 366.7 364.5 362.5 359.7 358 355.9 355.3 352.7 344.9 337.9 328.7 325.6 324.4 321.4 317.8 302.5 311.6 306.7 303.8 304.6 302.9 301.1 295.7 289.8 284.7 280.4 271.9 277.8 276.6 274.7 272.4 270 268.2 266.1 265.2 264.6 262.4 254.5 265.2 264.4 261.5 257 251.4
507.8 505.4 499.8 492.3 484.6 477.7 471.5 464.1 459.8 455 449.9 446.1 438.7 435 431.3 427.2 423.3 418.2 413.2 408.5 405.2 400.6 399.3 395.6 392.2 389.9 387.5 385.5 384.2 382.7 380.6 378.4 375.3 372.1 368.6 366.8 364.9 362.8 361 359.6 358 355.5 348 340 334.8 331.2 331.1 327 323.4 320.4 308.6 299.7 304.3 301.1 299.6 299.7 296.3 292.7 287 282.5 279.1 274.9 273.5 273.5 272.1 269.3 266.3 267 264.4 262.7 261.2 258.8 252.3 261 260.4 259.4 253.1 247.8
503.2 492.9 483.8 477.5 471.4 463.1 456.7 453.4 449.9 445 441.4 435.8 432.2 430.6 427.3 422.7 418.5 414.1 409.8 405.6 402.2 398.7 394.8 392.4 390.1 388 385.8 383.5 382.1 380.8 379.4 375.6 372.4 369.4 367.6 366.3 365 364.1 361 360.4 358.6 352.7 345.8 339.9 336.7 337.6 331.8 325.1 319.9 314.8 312.2 306.4 293.2 299.4 295.6 293.4 292.3 287.6 283.7 279.9 276.8 273.8 264 269.7 268.9 267.2 263.4 266.2 263.8 260.3 258 254.5 250.6 256.4 255.4 255.8 248.9 244.4
490.1 482.8 473.9 466.6 461.5 454 451 448.8 445.8 441.6 437.6 432.3 427.9 425.3 422.4 418.3 414.6 411.1 407.1 402.6 398.1 393.7 392.6 390.2 387.9 385.9 383.9 381.8 380 376.9 374.8 373.4 369.5 367.9 366.2 366 364.4 361.9 361.3 361.3 359.1 353.3 347.9 341.9 341.7 337.3 329.2 320.9 313.3 308.3 304.1 302 297.6 290.1 293 288.3 288.2 285 280.1 276.6 274.5 272.1 265.8 265.7 265.4 265 263 260.7 261.6 258 253.9 249.5 247.5 251.5 250.4 247.7 244.4 241.1
475.9 470.9 463.6 456.7 452.6 449.4 447.3 445.3 442.6 439.9 436 432.7 429.3 424.8 421.2 415.3 410.8 406.8 403.1 399.1 395.9 392.6 389.4 386.8 385.4 383.3 381.2 378.9 376.2 373.9 372 369.7 367 365.5 364.8 363.7 362.1 362 362.7 362.9 357.1 353.3 348.2 348.5 344.1 335 320.9 313.5 307.9 305 301.2 297.2 293.6 285.7 281.7 281.7 283.6 281.8 278.2 274 271.3 267.7 264.8 259 261.9 261.7 260.8 258 255.8 254.1 250.1 245.3 243.3 249.2 248.2 244.4 239.4 236.6
464.4 461 456.4 452 447.4 444.3 442.5 441.5 439.9 438.7 437 433.8 429.1 423.6 418 411.5 406.8 402.6 398.7 395.9 393.7 391.1 387.8 385 382.6 380.9 378 375.6 374.3 372.4 369.9 368.2 367.2 366.3 364.8 363.1 362 360.8 361.2 361.3 356.1 351.5 350.7 344.1 328.2 318.2 314.1 307.5 303.9 301.7 298.2 294.9 290.4 287.3 284.2 279.1 274.9 279 275.9 272.7 268.3 264.7 261.9 258.5 254.4 258 257.4 255.7 251.9 248.2 247.1 244 239.4 236.8 241.3 238.8 233.9 228.8
456.1 453.4 449.2 446.7 443.4 440.3 438.7 438.2 436.9 435.4 432.6 429.4 422.4 416.8 410.6 406.2 403.4 399.1 395.7 393.4 391.6 389.1 386.5 383.7 381.2 377.6 374.8 373.5 372.3 369.4 368.5 367.8 367.5 367 365.6 364.1 362 357.3 357.8 356.5 352.5 348.1 343.7 335 316.6 301.1 303.8 301.6 299.5 297.2 294.6 292 288.4 285.7 283 280.3 276.4 271.1 273.4 270.9 267 262.8 259.3 256.8 250.1 254.1 253.5 251.9 247.1 246 244.6 241.9 242 238.8 228.4 231.4 230.1 225.7
446.9 443.8 441 439.5 437.9 436 434.1 432.3 430.6 428.3 424.9 416.8 413 408.9 404.7 400.4 398.3 396.6 394.5 392.2 390 387.8 385.2 382.1 378.8 374.9 373.2 371.6 369.6 368.2 367.4 367.1 366.8 365.8 364.8 362.9 356 354.7 354.7 350.1 344.2 337.4 332.1 322.1 316.1 309.6 302.9 293.8 295.2 293.1 290.9 288.9 286.5 284 281.3 277.9 275.3 268.2 267.1 267.1 263.3 259.9 256.8 253.5 250.9 249.5 248.9 246.5 244.9 247.3 243.9 241.1 235.3 234.9 236.3 227.9 227.6 225.9
447.3 443.1 438.9 435.6 432.1 431.4 429.8 426.3 422.6 418.7 414.3 410.8 406.3 403.4 401.4 399.2 397 394.8 392.1 389.8 388.1 386.1 383.6 380.1 375.8 373.7 372.1 370.4 367.9 366.4 365.8 366.1 365.8 364.6 362.9 359.1 355.6 353.5 350.8 343.2 336.2 327.5 321.7 317.2 310.1 302.5 298.1 294.4 286.1 290 288.6 286.9 284.5 281.9 278.9 275.7 272.8 269.5 263.6 261.4 259.8 257.3 254.8 252.1 248.1 240.3 240.8 242.1 241.2 240.5 240.7 235.6 231 230.4 232.3 224.2 226.8 227.2
457.7 450.8 441.7 435.8 428.4 424.8 422.6 420.3 416.8 414.4 410.2 406.3 403.2 401 398.7 396.2 394.5 391.8 389.8 387.6 386 383.7 380.1 375.8 373.3 371.1 370.4 369.6 367.3 365.6 361.3 362.3 362.7 362.5 359.7 356.7 353.8 349.6 343 337.2 329.3 321.6 314.7 308.7 302.1 297.5 293.2 290.6 287.6 285 286.1 284.9 282.3 279.8 277.3 274.7 271.1 266.8 265 261.3 254.6 250.1 251.8 247.1 243.8 238.8 239 236.3 232.3 231.9 231.9 232.1 226.5 227.3 227.8 210.6 227.6 227.9
455.6 446.9 439.3 433.2 427.8 422.4 416.3 415.5 411.2 409 407.6 404 400.6 397.8 395.4 393.2 390.6 388.3 387.1 385.3 381.9 377.8 372.9 369.2 367 365.9 366.9 367.4 364.5 361.4 358.5 356.4 358.9 359.5 357.3 353.5 348.8 342.9 335.6 326.4 322.1 314.5 309.7 302.9 297 292.7 289.3 287.1 285.4 281.7 283.1 282.2 279.8 277.4 274.6 272.9 269.4 265.9 263 260.3 256.8 253.5 249.3 247.1 247.4 244.9 243.2 242.1 240.1 235 228.9 220.1 220.8 210.9 210.8 215.1 227.9 226.9
