Assets/StreamingAssets/GeoData/Data/se/SE10.asc
ncols 200
nrows 200
xllcorner 410000
yllcorner 400000
cellsize 50
[rows 35 to 69 of 200, columns 0 to 77 of 200]
371.5 368.4 365.6 362.9 360.3 357.6 354.6 351.4 343.1 332.2 349.4 354.4 356.3 357.9 358.1 357.8 355.6 351.6 347.5 345.7 342.2 338.1 334.8 332.3 329 328.9 329.7 328.9 328.8 320.6 295.3 295.6 301.6 302.1 302.7 299.4 297.8 294.8 290.3 285 280.7 276.4 271.5 267 264.6 264.1 267.1 271 271.8 271.7 274 274.6 273.1 270 266.5 264.9 262.9 259.6 255.5 252.9 250.7 253.5 254.7 254.1 254.8 255.6 252.4 249.4 245.6 242.4 237.6 232.2 224 210.9 205.3 200.8 194.9 191.4
369.9 367.2 363.8 360.1 355 346.4 342.5 341.1 342.5 352.1 356.7 358.6 358.8 359.3 359.6 358.3 356.1 354.3 353.1 350.9 347 340.5 336.2 333.6 332.4 332.5 332.8 332.4 331.4 328.5 310.1 291 281.3 285.1 287.5 286 285.8 283.6 279.9 276.5 272.8 269.5 267.8 261.3 249.7 254.2 259.9 264.8 265.1 265 267.4 268.1 267.3 265.6 261.2 255.4 257.1 252.8 248.9 247.5 245.8 243.1 246.2 247 245.4 244.5 242.1 238.1 234.3 230.2 221.5 216 212.3 209.2 200.2 195.4 192.4 186.1
365.9 362.8 359.9 358.2 357.8 357.2 357.5 356.5 357.8 360.2 360.9 361.3 361.2 362.4 361.7 360.8 360.5 359.8 358.7 357.3 353.7 343.8 339.8 337.1 336.9 336.1 334.9 334.2 332.4 327.5 318.4 300.9 289.3 269.8 268.1 267.5 269.5 271.7 268.2 264.7 258.4 249.4 253.7 257.5 254.4 237.5 248.4 251.8 254.2 255.1 256.7 257 257.5 258.8 253.4 245.2 244.5 243.2 239.9 238 238.1 237.5 234.1 235 236.7 234.8 230.4 230.4 220.9 217.1 212.1 206.1 202 198.9 193.6 187.3 180.7 174.3
367.7 366 363.4 362.6 362 361.3 361.7 362.9 363.5 364.4 364.6 363.9 363.5 364 364.8 365 365 364.4 363.7 361.9 357.3 351 343.9 341 339.4 338 336.5 333.9 332.1 327.4 319.6 309.8 300 289.6 274.2 271.2 263.1 254.9 251.3 248.4 247.4 243.8 241.5 237.7 239.7 233.9 233.3 237.8 239.8 244 244.5 246 246.9 248.2 244.9 237.7 234.5 232.9 230.8 229.7 228.8 230.3 224.6 225.6 228.5 226.1 223.9 220.7 214 211.5 206.3 197.8 193.5 185.6 181.7 176.6 170 165.3
371.3 369.6 367.5 366.1 365.4 365.2 366.4 367.6 367.2 368.1 367.8 367.5 367.1 366.9 367.7 367.5 367.1 366.9 366.3 363.6 356.3 353.7 346.9 343.9 341.1 338.3 336.4 335.3 333.5 331.4 322.8 313.1 298.9 290.4 288.7 284.1 283.1 276 272.3 268.4 257.3 254.8 249.6 246.8 240.5 235.6 225.1 220.3 223.3 224.5 227.5 229.8 235 235.8 234.7 229.7 226.1 224.3 222.4 221.4 219.7 218.5 214.1 210.4 220.4 218.4 217.9 216.3 208.1 205 199.9 192.1 186.4 180.1 173.5 168.5 163.5 158.3
374 372.6 371.3 369.5 368.6 369.4 369.8 370.5 370.9 371.2 371 371 370.6 370.1 369.6 368.6 368 367.5 366.2 363.8 359.1 353.6 349.6 345 342 340 337.7 336.3 333.4 329 315.3 317.2 313.1 308.3 301.8 291.3 290.9 287.6 281.3 278 274.2 269.9 268.5 266.2 261.8 255.3 246.8 237.1 227.2 217.7 206.2 210.4 214.3 225.4 227.9 222.7 219.8 217.4 216 214.6 211.7 209.2 206.2 203.8 204 205.4 209.3 208.6 204.2 200.4 194 184.6 178.2 173.4 166.1 161.5 156.4 145
376.8 375 374.1 373.3 372.1 372.1 372.1 372.1 372.5 373.3 373.3 372.8 372.5 371.9 370.6 368.7 366.7 364.6 362.6 360.1 356.9 352.9 349.4 345.6 342.8 340 338.1 336.5 334.3 333 331.4 328.8 321.8 314.5 304.1 301.1 297.9 291.5 284.7 279.5 276.1 274.3 271.4 268.3 266.1 262.4 257.2 250 243.8 235.5 223.2 209.7 202 203.4 211.6 217.2 213.4 209.9 209.5 208 206 202.5 200.2 197.1 195.4 197 198.4 201.7 199.9 195 183.5 180.9 175.4 168.1 159.6 153.1 148.6 150.1
378.9 376.6 375.4 374.6 372.9 371.1 370.2 369 369 369.5 370.5 371.1 371.6 370.5 369.1 366.6 362.4 358.6 357 354.9 351.4 349.5 346.8 343.6 341.5 340.3 339.7 339.7 339.6 338.6 336 329.9 322 312.7 307.1 303.4 297.7 290.4 283.8 279.9 275.7 273.1 270.3 267.6 265.1 261.7 257.2 252.5 247.8 241.2 234.3 216.8 216.3 205 193.3 197.6 201.4 198.4 202 199.2 198.3 197.4 195.2 192.4 190 190.4 190.8 191.3 191.3 186.8 181.2 170.5 158 152.3 149.9 149.9 151.4 164.3
380.2 377.7 375.5 373.6 370.8 368.3 365.5 363.7 362.8 363.9 364.3 365.9 366.9 367.1 365 360.3 356.6 353 349.8 347.3 345.5 344 343.5 342.7 342.2 343.1 343.4 343.4 342.5 341.6 336.5 327.5 319.3 310.7 306.1 301.4 294.3 287.5 282 277.6 273.6 270.8 267.6 264.2 260.3 258.1 259.9 255.1 249.7 243.2 237.4 223.5 216.7 206.2 191.9 186.4 186.8 186.8 187 188.2 189.8 190.3 189.7 187.5 184.6 184.4 184.5 182.4 179.9 173.9 156.6 151 153.1 152.1 150 158.8 168.8 176.8
379.4 375.5 372.9 369.7 366.4 362.3 359.5 357.3 355.8 355.3 355.5 357.7 359.8 360.4 358.8 354.9 351 347 344.4 341.6 340.2 339 338.5 340.7 343.9 346 345.8 344.8 342.8 337.7 330.2 322 313.9 307.6 302.9 295.7 289.7 283.7 278.5 275 271.2 268.8 264.3 262.2 263.4 265.6 264 258.6 253.7 247.9 242.1 235.9 228.8 220.2 205.5 193.2 189.7 181.5 177.1 175.8 179.9 180.9 181 183.3 180.9 176.1 177.1 169.8 157.8 155.2 153.6 154.4 154.2 153.9 163.3 173 182.1 187.9
373.9 371.3 367.6 364.1 360.7 356.2 353.1 350.6 349.5 348.4 349 351.5 352.3 352.5 351.3 348.3 344.8 341.4 338.5 335.6 333.2 332.2 332.9 336.3 339.7 342.4 343 341.2 335.6 328.1 322.5 317.1 309.9 304 299.1 291.6 283.5 279.4 275.4 272.3 270.1 267.2 266.8 266.4 265.4 263.1 259.3 255.5 251.1 246.8 242.5 236.8 230.6 224.4 218.9 213.1 200.6 197.6 189.5 179 171.3 172.3 170.6 170.9 168 164.1 161.3 158.7 156.9 155.6 154.1 156.9 161.9 168.5 178.4 185.4 192.5 198.6
367.6 365.9 363.1 358.9 355.8 351.9 348.4 344.3 342.4 341.2 343.5 345.8 346.3 345.5 344.5 341.7 339.6 336.3 333.5 330.3 326.9 325 327.5 329 329.8 331.9 333.2 331.3 326.6 321.8 318 311.5 305.9 301.9 294.3 286.4 280.4 275.4 272.3 269.1 268 266.4 265.2 263.5 261 258 256.5 253 250.2 245.6 240.9 235.5 232.4 229.7 225.7 219.3 214.1 207.6 201.6 193.7 180.6 170.2 167.1 166.6 163 161 158.3 156.8 158.8 154.6 154.9 163.8 171 179.6 190.3 196.2 202.3 209.4
361.3 358.8 356.2 353.2 349.5 346.3 341.8 337.8 336.1 335.6 336.5 340.9 340.3 339.4 338.6 337.8 335.3 332 328.7 326.2 323.3 320.6 320.7 323.1 322.9 323.5 322.3 321.3 318.6 315.8 311.4 306.6 302.2 296 288.5 283.1 277.6 273.2 270.2 267.4 264.6 263 261 259.3 257.4 255.7 259.8 260.8 257.2 251.5 247.2 242.7 238.8 234.3 230.2 224.9 219.3 212.1 204.6 198.7 188.6 176.9 169.1 161.2 161.8 159.2 157.7 156.4 155.4 154.7 161.3 171.4 178.4 189.5 198.8 207.3 212.6 217.4
353.7 351.1 347.9 345.2 341.8 337.1 332 328.1 325.8 328.3 330.8 333.1 332.7 332.5 332.2 332.1 329.4 326.4 323.2 321.1 319.1 316 317.1 318.5 318.1 317.7 317.1 315.7 314.2 311.7 309 304.4 294.4 288.9 282.6 278.2 274.2 270.2 267 264.3 260.9 258.7 256.5 254.9 253.3 258.3 261 259 255.3 252.2 248.1 244 239.2 234.9 229.5 224.7 219.9 213.1 204.5 198.9 188.7 178.2 165.2 161 160.8 158.4 157 155.9 155.9 156.3 173.2 181.3 190.6 198.5 207 216.1 221.5 223.1
343.4 341.2 338 334.4 331.1 326.9 322 316.6 312.8 320 323.4 324.9 324.4 323.4 322.5 323 323 320 316.7 313.7 313.3 310.3 313.7 313.9 314.3 311.7 312.7 311.1 309.5 309.1 306.3 298.8 289.8 281.3 278.8 274 270.4 266.3 262.1 259.5 255.6 252.9 249.2 248.2 247.8 255.8 257.7 254.7 251.5 248.4 244.4 239.8 236.2 231.1 225.9 221.7 216.5 209.7 202.3 193.2 181.7 172.2 161.2 160.3 159.7 158.5 157.1 156.7 153.3 173.7 183.5 193.8 201.9 208.2 215.7 223.7 227 229.6
335 331.6 328.4 324 320.3 316.3 312.4 304 305 306.6 309.1 316.2 315.8 314.5 312.1 310.3 309.8 310.9 308.4 305.1 303.9 302.8 306.4 309.3 310 307.6 302.5 300.7 299.5 299.8 296.7 290.6 284.5 279.4 274.5 271 266.7 262.4 258.1 254.6 250.8 245.5 240.7 240.5 240.7 247.5 251.6 249.9 247.2 244.2 240.8 235.5 232.2 226.7 222.4 217.8 212.3 205.2 193.6 183.6 175.1 164.8 161.2 160.9 160.3 159.1 158.9 167.5 179.9 190.2 197.7 204.8 210.9 217.8 225.6 230.2 232.5 234.1
325.9 322.6 318.1 313.2 309.2 305.1 300.6 292.7 291.3 297.5 301.3 302.8 303 303.2 302.6 303.7 302.3 300.7 299.4 296.3 293.3 294.1 298.5 303.1 305.1 302.9 298.6 294.6 291.4 290.4 288.3 284.5 280.3 275.4 271 266.1 262.1 257.8 252.9 248.4 245.7 240.7 233.1 230.5 233.1 237.1 240.8 241.7 240.3 238.8 236.8 233.3 229.4 223.9 219.5 212.2 203.2 193.7 185.4 176.6 167.9 162.9 162.9 161 157.1 167.8 177.2 187.6 198.1 203.8 207.9 213 220.2 230.1 232.7 234.5 237 240.7
315.5 312.9 309.1 304.1 298.3 295.3 290.9 285.2 276.7 283.3 283.6 285.2 286.5 287.7 290.4 293.8 294.9 293.4 292.4 289.4 285.7 285.5 291 296.1 300.9 299.4 295.5 288.5 285.6 287.9 287.1 282.1 275.1 271.5 267.3 262.3 257.7 252.2 247.6 243.1 238.8 234.4 228.7 219.3 223.6 225.9 228.3 231.6 232.8 233.9 234.4 231.6 227.5 221.9 213.9 200.9 193.8 184.5 178.8 169.5 162.9 162.9 160.5 160.4 174.3 183.3 195.5 204.3 210.6 214.2 217.3 224.8 232.1 236 237.4 239.4 243.1 248.3
309.3 306.2 302.7 297.9 293.3 286.1 282.9 278.5 271.2 266.7 266.7 269.3 268.9 269.8 274.6 280.5 273.8 269.5 284.8 281.4 274 267.7 282.8 288 294.5 293.7 290.4 283.6 281.3 287.1 291.5 285.9 279.2 271.5 262.9 258.3 253.2 248.9 242.9 237.6 231.5 227.8 223.3 215.7 210.1 212.6 213.2 215.4 221.6 229 229.2 226.5 221.5 213.3 204.1 192.2 185 177.9 168.2 162.2 161.7 162.6 166.7 179 190.9 202.2 211.2 216.3 219.9 223.7 230.2 237 239.4 240.8 242.9 245.6 250.1 259.2
305.4 302.3 298.7 295 290.5 287.1 281.6 272.8 268.4 263.5 257.9 252.1 254.3 255.1 258.4 270.1 271.4 270 271.6 272.6 261.9 262.2 275.3 280.7 288.1 288.1 284.7 279 274.6 279.3 286.5 285.4 280.9 275.8 269.9 265 259.4 254 248.4 241.6 235.9 232.5 228.6 221.2 212 199.6 193.4 199.5 206.1 209.9 219 214.9 207.1 198.9 190.6 183.2 177.7 166.2 162.8 163.2 167.9 174.7 184.5 196.4 208.3 216.3 220.9 225.2 228.5 234.8 242.2 244.3 245.5 246.1 249.1 254 260.5 271.6
301 298.8 295.6 292.3 289.5 285.8 281.5 275.1 259.8 259.8 256.9 251.3 240.2 243.9 243.2 244.9 254.5 260.1 261.8 258.8 253.5 263 267.8 273.9 281.7 281.4 278.4 274.2 267.9 271.9 277.1 279.4 279.6 276.2 271.8 267 261.5 255.9 251.5 247.8 243.9 241.9 239.7 235.8 231.1 223.8 211.2 192.8 189.6 196 201.3 197.7 194 188.6 181.7 178.5 168.4 163.3 165.6 171.4 178.5 186.2 198.7 211.3 220.6 226 228.9 233 239.3 245 248.5 249.1 250.1 252.9 258.5 266.5 277.2 277.9
293.5 292.8 290.7 287.5 283.9 281.7 277.8 273.2 266.1 252.8 250.5 250.2 243.3 239.4 239.4 239.4 239.4 239.4 244.5 239.4 242.1 256.8 260.1 266.2 275.4 275.9 272.5 269.3 263 262.3 267.8 270.7 273.2 273.7 270.1 265.9 261.1 255.9 252.7 249.8 246.4 243.4 240.5 236.7 232.1 226.6 219 207.9 193 185.3 186.5 186.7 184.6 180.3 175.5 166.6 167.9 170.7 176.2 180.8 187.7 198.4 209.6 221.1 228.6 232.9 236.1 243.2 249.8 252.6 252.2 254 257.3 262.8 273.1 283.6 283.4 282.9
275.1 276.3 276.9 274.8 271.5 269.6 266.7 264.2 254.9 249.5 239.4 239.4 239.4 239.4 239.4 239.4 239.4 239.4 239.4 239.4 239.4 250.4 253.5 258.4 266.5 268.8 266 262.9 259.3 254.6 257.5 259.5 265.1 267.8 267.3 264.8 260.1 254.1 250.4 247 243.2 239.5 235.3 230.9 226.2 220.8 213.8 206.9 199.4 185.3 178.6 177 178.2 173.6 164.7 167.8 175.3 178.8 183.3 189.2 197.4 207.1 218.8 228.8 234.5 238.8 248.8 254 256.1 256.9 257.5 261.1 267.2 278.3 286.8 288.3 287.9 285.8
246 245.4 247.2 249.1 249.2 250.9 246.8 242.8 239.4 239.4 239.4 239.4 239.4 239.4 239.4 239.4 239.4 239.4 239.4 239.4 239.4 239.4 245.5 250.1 256.1 259.3 258 255.4 252.2 247.9 247.8 249.8 256.4 257 259.9 259.7 253.4 248.1 244.6 240.3 235.8 231.8 227.8 223 217.9 211.6 205.2 200.1 195.1 187.7 182.6 177.1 170.3 169.2 169.5 174 179.8 185.5 191.8 201.8 212 220.4 227.1 236 240.5 251.2 257.9 259.2 260.2 261 265.2 272.2 284.1 291.2 292.7 292.1 290 287.7
250.9 246.4 245 245 245 245 245 239.4 239.4 241.7 239.4 239.4 239.4 239.4 239.4 239.4 239.4 239.4 239.4 239.4 239.4 239.4 246.8 243.4 251.9 251.7 250.7 248.2 246.1 242.8 241.5 243.1 245.9 245.9 246.4 245.7 242.9 238.9 235.5 231.8 227.4 223.2 218.1 213 208 203.5 198.5 193 189.6 185 178.3 168.8 168.6 174 178.1 181.2 186.1 193 202.9 214.9 224.9 231.7 236.5 241.7 250.8 258.9 261.7 263.2 264.7 268.7 276.5 289.8 292.4 296.4 295.7 294 291.5 289
272 252 245 247.7 251.2 254.3 256.3 262.1 266.4 264.2 259.7 252.1 239.4 239.4 239.4 239.4 239.4 239.4 239.4 239.4 239.4 239.4 237.9 238 245.7 245.3 244 241.6 241.1 238.9 236.3 235.8 237.1 236.8 234.9 233.5 231.2 228.2 225.2 221.7 217.4 213.3 208.8 204.2 198.8 197.7 193.2 188.3 183.2 172.9 170.1 172.7 178.5 182.7 185.4 187.7 190.7 201.6 214.8 227.4 234.8 239 243.4 251.8 258.1 262.7 265.4 267.4 272.1 279.4 294.6 300.1 300.9 294.5 297.2 294.6 292.3 289.4
257.8 248.2 264.8 275.9 280.3 281.6 280.7 278.5 275.5 271.3 265.7 260.1 255.4 250.1 239.4 239.4 239.4 239.4 239.4 239.4 239.4 245.2 227.5 226.4 233.3 237.7 236.8 234.8 234.1 233.8 230.9 231 229.9 229.3 227.7 224.7 221.9 219.2 217 213.9 210.1 205.6 202.7 199.7 196.1 193 187.7 177 169.9 174 178.6 184 186.1 189.7 192.5 198.3 205.5 210.1 222.4 234.9 240.7 245 254 260.1 263.6 266.6 269.8 274.5 283.3 297.5 303.1 303.7 302.2 300.3 297.2 295.1 292.6 289.7
254.7 268.3 285.1 291 291.4 289.7 288.7 286 283.1 278.9 273.4 266.4 263.3 256.9 251.6 239.4 239.4 239.4 239.4 239.4 239.4 236.4 219.3 207.5 217.2 219.2 220.2 220 221.6 220.6 219.2 221.6 222.9 222.9 222.2 220.4 217.5 214.1 211.1 207.7 204.5 200.8 196.9 195.8 187.4 178.5 171.4 174.6 180.8 185 187.9 189.8 192.4 196.4 202.7 210.1 217.6 217.8 229.7 240.3 245.9 253.4 261.8 265.7 268.2 270.3 276.2 285.8 301.6 305.5 305.9 305 302.9 300.9 297.9 294.9 292.3 289.5
280.1 292 296 299.2 300.7 300.4 298.5 295 290.5 285.9 279.1 274.5 269.5 265.7 260.1 252.3 239.4 249.3 251.2 248.4 247.7 231.6 227.9 215.4 198.8 202.1 203.7 202.3 201.8 201.9 201.2 201.5 201.4 205.9 207.2 211.3 211.7 209.8 206.1 202.7 200.2 197 190.1 183.5 176.1 175.1 179.3 183.1 188.5 190.8 192.9 195.7 201.3 205.6 213.2 222 229.2 234.7 239.5 245 250.9 259.1 266.4 269.3 271.6 277.8 287.6 302.9 308.3 308.3 307.6 305.1 302.6 300.4 297.9 294.9 291.7 287.8
296.3 301.5 303.4 308.5 309.1 307.5 304.7 301.2 297.1 290.5 286.2 281.1 275.9 271.5 267.4 262.4 259.2 258.4 256.1 253.3 249.5 245.7 241.6 234.4 224.7 215.2 213.3 210.9 211.7 209.6 203.4 202 197.8 196.3 192.5 187.3 188.4 186.5 189.3 186.9 184.1 182.7 181.8 178.6 177 175.4 193 191 187.7 194.9 197 201.2 208.7 217.7 224.1 232.2 238.6 244 246.6 250.6 257.4 264.9 270.1 272.8 278.8 288 304.7 307.6 310.8 309.5 308 305.5 302.9 300.5 297.6 293.4 286.7 282
307 307.6 312 314.9 314.7 312.2 309.4 305.9 300.1 296 291.2 285.3 280.5 275.6 271.4 268 265.3 262.4 259.7 257 253.9 250.8 247.1 243.1 238.8 237 234.5 231.5 231.6 230.4 227.3 226.2 222.6 219.5 213.9 206.2 195.7 186.5 184.6 182.7 181.9 181.3 179.2 178.4 178.2 195.2 196.7 193.8 189 197 201.4 208 217.2 227 234.5 242.2 248 251.2 254.2 258.6 264.7 270.8 274.6 279.1 288.3 303.8 308 313.8 312.2 310.2 308.4 306 303.4 300.7 298.3 294.7 291.2 286
313.4 315.2 319.1 319.9 318.9 316.6 313.3 308.7 304.9 300.7 295.3 289.1 283.2 278.9 274.7 271.8 269 265.7 262.6 260 257.3 254.2 251.2 246.5 244.2 241 238.5 236.5 235.5 233.9 232 229.7 227.2 224.3 220.9 217.3 212.8 207.5 199.4 191.3 183.3 181.2 179.2 179.9 194.8 199.8 200.1 197 189.1 198.4 206.5 215.3 225.2 234.6 244.7 250 254.1 258.3 263.6 268.6 271.9 275.6 279.6 285.5 300.8 315.1 312.5 315.3 313.1 311.1 308.8 306.3 303.8 301.2 298.4 295 291.2 285.8
320.6 322.5 323.9 324.3 322.7 320.2 316.6 312.7 308.2 303.8 299.4 292.7 286.7 282.4 278.2 275.4 272.5 269.2 266.1 262.8 259.7 256.7 253.4 249.7 246.9 243.4 241.2 239.1 237.4 235.3 233 230.7 228.4 225.4 222.5 218.9 215.7 211.7 205.5 192.1 183.3 182.2 189.7 199.6 201.5 203 202 200.3 195.5 200.2 210.8 222.8 232 242.4 251.1 256.1 260 265.7 274.1 276.4 278.6 281 287.3 295.9 316 317.9 313.2 317.2 314.9 312.5 310 307.7 304.9 301.9 298.5 295.2 291.1 280.5
325.7 326.3 326.9 327.9 325.9 322.5 320.1 316 311.4 306.6 302.7 296.5 291.3 285.9 281.9 277.9 276.8 273.6 269.7 266 262 258.2 255.1 251.8 248.4 245.3 242.7 240.3 237.6 235.4 232.8 230.4 227.9 225.4 222.3 218.3 214.2 205.9 194.8 181.1 183 193.5 204.5 205.3 206.1 206.9 205.1 204.5 197.4 202.8 214.1 229.1 239.4 248.6 255.8 260.4 266.5 275.2 279.9 282 284.1 288.1 296.1 314.1 319.1 316.2 309.7 318.3 316.2 313.7 311 308.3 305.4 301.9 298.2 294.4 285.3 268.9
329.9 329.2 329.3 329.6 328.2 326.3 322.8 319.1 314.4 311.2 306.8 304.3 299.7 292.1 290.1 285.3 281.1 276.5 272.6 268.7 264.7 260.3 256.5 253.3 250 247 244 241 237.8 234.8 231.9 229.6 226.6 223.3 217.9 212.1 203.4 191.5 186.9 193 194.6 205.4 208.4 208.9 210.9 212.4 214.6 215.2 202.8 202.8 215.2 232.1 243.8 253.9 261.3 265.5 277.8 287.1 285.1 287 289.8 296.9 307.7 322.5 317.4 317 316.3 320 317.5 314.9 312.2 309.3 306 302.4 297.3 290 271.8 255.9
