Assets/StreamingAssets/GeoData/Data/se/SE17.asc
ncols 200
nrows 200
xllcorner 410000
yllcorner 470000
cellsize 50
[rows 35 to 69 of 200, columns 78 to 155 of 200]
295.6 295.6 296.1 296.7 299.6 299.6 297.8 295.4 291.7 290.6 293.3 294.2 294.4 293.5 292.1 289.1 286.2 282 278.3 273.2 270.1 267.4 264.8 261.4 256.6 250.7 245.6 241.9 238.5 233 221 215 210.9 205.8 188.3 184.3 184.3 184.3 200.2 209.1 217.5 223.4 225.5 226.6 228.3 231.1 233.8 237 241.6 245.9 250.6 255.4 257.6 263.4 265.6 261.7 263 266 267.8 272 277.1 280.9 284.4 285.2 285.6 283.8 282.2 281.1 280 277.4 274.7 272.1 270 268.3 266.2 263 259.4 256.8
298.3 299.8 303.3 304.3 304.8 303.6 301.7 299.3 296.7 295.7 295.9 295.9 295.3 294.4 293.1 291 288.8 286.7 283.3 278.2 273.7 270.1 267.8 264 257.9 251.8 246.2 242 238.2 232.8 223.7 218.1 214.1 205.9 184.3 184.3 184.3 188.3 209.1 216 223.7 226.7 228.3 230.5 233.4 236.7 242.1 245.1 250.5 263.1 262.3 255.5 262.2 265.7 266 267 270 272.1 275.1 280.5 283.2 284.4 286.7 286.8 285.9 283.5 282.1 281.1 280.2 278.5 275.7 273 270.5 267.7 265.7 262.4 259.4 256.9
304.1 306.7 308.7 308.5 308 306.5 304.4 301.9 299.3 298.7 297.8 296.7 296 295 294 292.4 290.7 288.8 286.2 282.1 277.2 272.9 269.5 265.7 259.9 253.2 246.3 241.3 238.2 233.1 225.9 221.2 214.2 201.4 184.3 184.3 184.3 200 213.6 221.6 228.4 230.8 232.7 234.6 238.9 245.3 248.4 253.3 264.1 265 260.3 260 266.9 270.2 272.4 274.2 278.4 281.8 283.8 287.4 287.1 288.9 289.3 287.8 286.3 284 282.6 281.6 280.3 278.4 275.9 273.4 270.8 267.9 265.1 262.1 258.8 256.2
310.3 311.6 311.6 310.9 310.1 308.4 306.2 303.7 302 300.6 299.4 298.7 297.6 296.1 293.4 292.4 290.7 289.3 286.9 283.4 277.8 273.4 269.9 265.9 261 254.2 246.8 242.2 238.4 233.7 227.8 221.6 216.2 203.3 184.3 184.3 184.3 206 218.8 227.2 232.2 234.7 237.2 239 244.4 251.3 255.6 265.3 265.1 264.4 261.7 275.2 276.9 278.8 280.1 282.9 286 289.6 289.8 291.2 291.4 292.6 291.1 288.6 286.5 284.5 283.1 281.6 279.5 278.3 275.9 273.3 270.3 267.4 263.9 260.9 257.9 255.8
315.3 314.5 313.9 313.1 311.9 309.8 307.5 305.7 304.9 303.3 301.9 300.8 299.5 297.5 294.7 292.4 289.9 289 286 281.1 275.6 271.1 268.2 264.6 259.5 253.6 247.5 243.2 238.6 233.9 227.3 222 216.6 206.3 184.3 184.3 184.3 208.3 221.9 231 236.2 239.7 241.4 243.1 250.7 255.8 268.5 272.2 266 264.1 282.6 286.1 286.1 287.1 288.4 290.7 293.1 294 294.6 295.6 295.2 294.3 291.9 289.2 286.7 284.7 282.9 281.3 279.6 278.1 275.8 273.5 270.6 266.8 263.9 260.6 257.7 255
319 318.1 316.5 315.1 313.7 311.8 309.9 309.6 307.7 305 303.4 302.4 300.8 298.6 295.4 292.8 289.3 288 285.8 282.8 279 273.8 269.6 265 260.2 253.6 248.6 244.5 238.7 233.4 227.3 223.1 216.7 196.7 184.3 184.3 188 210.3 223 234 240.2 244.6 246.8 249.9 254.7 261.4 271.1 275.7 267.4 288 290.8 294.4 294 293.4 293.7 296.1 296.6 297.3 298.8 299.7 298 295.6 293.5 290.6 287.5 285.3 283.6 282 279.8 277.7 275.4 273 269.7 266.4 263 260.3 257.3 253.9
321.6 320.1 318.3 316.2 314.6 312.9 313.1 311.8 309.5 306.5 304.9 303.2 301.2 297.6 294.4 292.1 289.7 287.6 285.1 281.8 277.8 273 269.1 266.1 261.1 254.8 250.1 244.8 239.5 233.8 229.3 223.5 207.5 184.3 184.3 184.3 193.2 212.9 226.5 235.5 242.4 248.3 251.6 254.9 259.8 272.4 270.9 272.7 288.1 292.6 300 298.1 297 296.4 297.2 299.3 300.9 302.5 303 303.1 300.7 297.8 294.7 291.7 288.9 286.4 284.2 282.2 279.8 276.9 274.7 271.9 268.9 265.5 262.8 259.8 256.7 253.4
322.9 321.2 319.4 317.1 315.2 313.7 312.8 312.6 310.1 308 306 303.7 301.2 297.4 293.9 291.4 288.9 286.4 283.8 280.5 276.1 271.3 268.5 265.4 260.6 255.2 250.4 245.3 240.3 235.2 230 220.8 193.4 184.3 184.3 184.3 190.4 212.5 226.6 236.3 243.1 249.4 254.3 258.8 263.7 273.3 279.2 286.8 292.6 298.3 302.3 300.4 299.6 299.9 300.9 302.3 304.8 307 306.7 304.9 302.1 299 296 293 290.3 287.7 285 282.4 279.9 278 274.3 270.7 267.9 264.9 262.8 260.6 257.9 254.2
324 322.1 320.3 318.3 316 314.3 312.7 310.6 309.4 307.2 305.3 303.6 300.9 297.5 294.5 291.4 288.8 286.1 283.3 279 273.6 268.3 264.8 262 258.5 254.6 250.1 245.1 239.9 235.1 227.9 210.1 184.3 184.3 193.2 189.9 207 210.2 227.7 235.8 243 248.8 254.5 260.5 266.3 276.7 287.7 290.7 295.8 303.6 304.7 303 302.3 303.1 304.2 305.5 309.6 310.4 308.9 306.3 303.2 299.9 296.8 293.7 290.9 287.6 284.1 281.4 279.5 276.5 273 269.4 266.8 264.5 262.6 260.6 257.2 252.4
324.9 322.9 321 319.4 317.5 315 312.4 308.6 306.6 305 302.5 301.1 299.4 297.3 294 291.2 288.4 285.6 282.4 278.1 272.6 266.2 261.1 256.6 254.8 252.1 248.6 243.1 237.7 231.5 222.9 200.6 184.3 190.4 204.9 205.4 213.2 222 227.9 236 242.7 248.4 255.1 262.4 269.1 280.2 289.1 292.3 296.8 305.2 306.1 305.1 306 307.2 307.9 309.9 312.2 312.4 310.2 307.9 304.3 300.2 296.4 292.4 290.2 285.9 282 278.9 276.2 273.8 271.2 267.7 265.5 262.8 261.5 258 253.3 248.9
325.4 323.3 321.4 319.9 317.9 315.1 312 308.4 305.4 303.1 301 298.9 297.9 295.3 292.7 290.2 287.7 284.9 281 276.5 270.2 263 257.4 250.7 248.6 247.5 243.1 238.4 232.7 226.6 210.3 187.7 184.3 201.5 206.4 212.3 219.5 227.4 233 239.4 244.7 250.2 257.5 264.8 271.8 281.1 289.6 294 297.5 301.9 306.7 307.7 309.5 311 309.7 311.4 312.2 311.5 309.2 307.3 303.2 298.4 294.7 291.2 288.5 285 280.6 277.5 273.9 271.8 269.2 266.1 263.6 260.5 257.4 253.7 249.3 246.7
325.5 323.1 321.5 319.4 317.3 314.9 311.7 308.2 305.2 302.5 299.8 296.6 295.7 293.4 291.2 289 286.8 283.6 279.3 274.5 266.6 259.1 253.1 246.4 242.8 240.6 237.2 232.6 227.6 220.2 198.1 184.3 200.6 210 213.2 218.9 225.4 228.4 234.5 240.9 246.3 253.2 261 269.3 277.4 282.2 293.4 296.2 299.5 302.3 306.6 309.4 312.6 312.4 310.7 310.6 309.4 308 305.7 303.3 299.7 296 292.9 290.4 286.8 283.3 279.3 274.9 271.5 269.4 266.5 263.4 260.3 256.9 253.4 250.1 246.9 244
324.6 322.8 320.4 318.2 316 314 311.1 308 305.2 302.5 299.7 296.6 293.5 291.3 289.6 287.4 284.6 281.1 277 272 263 256.4 247.4 244.4 238.9 233.4 230.9 227 221.8 205.3 185.1 196.7 211.9 217 220.7 224.4 229.4 233.5 238.7 243.8 250.2 257.2 264 275.3 280.9 287.6 296.6 299.3 302.4 305.4 308.3 310.6 311.8 310.8 309.6 307.8 305.7 303.2 301.9 300.1 297.2 294.8 291.9 287.6 284.3 280 276 272.7 269.6 266 263.2 259.7 256.4 253.4 250 247.2 244.4 241.4
322.4 321.3 319.5 316.9 314.3 312 309.9 307.3 304.6 302 298.8 295.4 292.4 288.7 286.8 285 281.5 277.7 273.6 267.2 259.6 252.8 244.9 241.5 235.4 231.2 224.1 219.7 204.5 189 195.6 213.6 218.7 223.8 227.3 230.2 233.9 238.2 243.3 248.7 253.5 261 269.4 280.7 285.6 291.8 299.5 301.5 305.1 308.7 310 311 310.6 308.3 306.6 304.2 302.5 299.7 298 296 294.5 291.8 288.8 285.2 281.3 277.5 273.9 270.3 267 264.2 260.8 257 253.6 250.3 247.4 244.4 242.2 239.5
319.9 319.1 317.4 315.2 312.1 309.8 307.9 305.6 302.9 300.3 298.1 296.1 291 286.4 283.1 281 277.5 272.7 267.5 261 254.3 248.2 243.2 239.2 232.8 229 216.6 203.7 191 202.2 213.9 219.7 225.4 230 232.1 235.6 239.1 243.5 248.7 254 259.8 265 275.5 283.1 288.8 299.9 301.9 303.6 307.9 310.9 312.1 312.7 311.7 309.4 307.1 305.7 302.6 300 297.8 295.3 292.4 289.4 286.8 284.2 280.3 277 273.8 270 266.8 262.9 258.7 254.7 251.1 248.2 245.3 242.6 240.5 237.9
317.1 316.3 314.9 312.8 309.7 307.6 305.6 303.2 300.8 298.3 296.1 291.6 288.4 283.7 278.4 273.7 271.3 266.4 259.8 255.3 250.8 245 240.1 234.6 228.8 226.4 208.9 190.2 206.2 216.9 224 226 229.9 233.9 236.5 239.8 244.6 249.4 254.2 259.4 266 274.2 280.7 285.6 292.9 302.6 303.9 306 310 312.6 314.1 314.5 313.2 311.1 308.2 305.8 303.5 300.1 298 295.3 292 288.7 284.4 281.1 277.8 275.9 273.2 269.7 265.1 260.5 256.4 252.3 248.7 245.9 242.7 240 237.5 234.9
314 313.2 311.8 309.5 307 304.4 301.8 299.8 297.6 294.4 289.6 284.3 280.9 278 271.4 266.7 264.2 261 255.5 251.6 247.7 242.3 236.4 229.5 226.5 226.5 227 203.7 220.4 227.9 227.8 235.1 234.5 237.3 240.8 245.3 251 255.3 260.8 267.1 275.3 282.4 286.2 291.6 300.1 304.9 306.6 309 311.7 313.8 315.5 315 313.8 312 309.5 306.2 303.8 301.1 298.5 295 292.3 289.1 286.1 282.9 276.9 274 271.6 269.1 265.3 259.3 254.8 249.9 246 243 239.1 237 234 231.5
311.8 309.6 308 305.5 302.8 300.4 297.6 293.3 288.9 284.4 281 276.6 272.7 270.4 265.9 261.7 260.1 256.8 253.1 248.2 243.5 238.8 231.1 226.5 226.5 226.5 226.5 226.5 229 228.9 234.9 237.2 239.6 243 246.8 252.4 257 262.6 268.8 276.6 285.2 288.9 294.9 303.8 305.6 307.6 309.6 311.4 313.2 315 316.3 315.7 314.4 312.9 310.1 306.5 303.1 300.5 298 294.6 291.9 288.9 284.9 281.4 277.6 274.5 271.5 269.1 265.3 260.6 254.2 248.4 243.1 239.9 236.5 233.1 229.9 227.3
310 307 303.7 301.4 298.6 295.9 289.8 284.5 281.8 277.9 274.6 270.7 268.6 266.7 264.2 261.1 256.6 253.7 250.3 244.8 240.3 233.3 226.5 226.5 226.5 226.5 226.5 226.5 228.6 233.7 237.1 240.6 244.3 248 252.9 258.7 264.4 272.1 280.3 286 289.9 300 306.7 308.4 309.7 311.7 312.9 313.5 314.8 315.6 316.8 316.2 315.1 313.5 311.1 306.7 303 300.5 297.8 293.6 290.7 288 284.2 280.9 278 275.3 272.5 269.4 265.8 260.5 253.3 245.3 240.7 237.5 237 234.2 231 230.1
308.4 305.1 301.1 295.6 294 289.9 284.6 277.9 274.9 272.4 270.1 267 265.1 263.9 261.9 259.8 255.8 251 245.7 241.6 236.3 229.5 226.5 226.5 226.5 226.5 226.5 229.1 233.8 237.7 241.9 244.5 249.1 255 259.9 265.4 273 282.1 287.7 291.6 303.1 309.1 311 312.1 313.1 313.9 314 315.3 316.3 317 317.5 316.6 315.4 313.9 311.8 308.3 304 301.1 297.5 293.6 290.1 286.9 283.9 281.2 277.6 275.1 272.6 270.1 265.8 259.4 251.7 243.1 244.5 245.7 243.3 241 238.4 236.7
306.1 302.3 297.9 293 284 281.4 276.9 270.7 269.6 267.9 267 265.3 263.1 261.5 259.8 256.3 252.9 248.9 243.2 237.1 231.1 226.5 226.5 226.5 226.5 226.5 227.4 232.8 238.7 241.7 245.3 249.4 254.1 261.1 265.9 273.7 284.8 289.7 297.1 305.7 311.2 312.8 314.5 314.8 315.3 315.3 315.9 316.9 317.8 318.1 317.8 316.8 315.5 314.3 312.4 309.5 305.4 301.9 298.1 294.4 290.9 287.5 284.1 281.3 278.4 275.7 272.9 270.4 266.5 260 247.4 251.1 251.8 250.2 246.8 247.3 245 243.8
302.8 298.8 294 287.8 279.4 274.6 272.6 268.7 264 264.5 263.7 262.6 261.1 258.9 256.4 253.2 249.9 246.1 241.3 234.9 226.5 226.5 226.5 226.5 226.5 226.5 231.9 238.4 242.3 245.3 249.6 253.7 259.7 266.3 273.9 286 290.8 299.5 309.8 312.5 314.9 316 317.2 317.9 317.2 316.5 316.7 317.6 318.6 318.3 317.6 316.7 315.5 314.3 312.8 310 306.2 303.2 299.5 295.6 291.8 288.4 285 282 279.5 275.6 272.7 269.8 261.7 254.3 258.5 258.3 255.8 254.3 252.7 250.9 249 247
298.8 294.6 288.1 281.4 276.5 270.1 267.7 265.4 261.5 261.3 260.7 259.7 258.2 256.6 253.8 250.7 247.1 242.9 238.5 233 226.5 226.5 226.5 226.5 226.5 230.1 235.8 241.7 245.3 249 253 258.3 265.3 272 283.7 291.8 302.2 311.2 314.3 315.8 317.1 318.8 321.1 320.2 318.8 318 317.3 317.5 318.2 317.2 316.3 316.1 315.3 314.2 312.7 310.5 307 304.3 300.1 296.4 292.6 289.2 286 283.3 279.1 273.3 267.5 264.1 267.3 267 264.9 262.5 260.5 258.4 256.5 254.1 252 248.4
293.2 286.8 281.2 276.9 272.5 268.5 264.8 262.1 260.5 257.4 257.6 256.7 255.4 253.8 251.4 247.9 244.2 239.6 235.2 229.5 226.5 226.5 226.5 226.5 228.6 234.8 241.4 244.4 248.5 252.3 257.3 263.2 269.8 279.8 290.8 300.5 311.9 315.3 317.5 318.9 320 321.2 321.8 321.2 320.3 319.3 318.4 317.4 317.1 315.8 314.8 314.9 314.4 313.5 312.5 310.7 308 305.1 300 296.4 293.2 290.2 287.3 283.7 278.1 274.1 275.4 274 272.1 270.3 268.6 266.6 264.3 262 259.5 256.9 254.8 250.4
284.5 281 277 272.9 269 266.3 262.6 259.9 258 256.1 253.7 253.7 252.6 249.8 247.2 244.5 240.8 236.7 231 226.5 226.5 226.5 226.5 226.5 232.3 239.9 244.9 247.2 251.1 255.6 261.5 267.7 276.6 288.8 297.4 311.6 315.7 317.8 320.3 321.7 323.8 324.8 323.7 322.8 321.7 320.5 319.1 316.8 315.7 314.7 313.6 314.1 313.3 312.5 311.6 310.4 308.4 305.6 300.9 296.6 293.5 290.7 287.3 282.6 280.1 280.7 279.3 277 274.8 273 270.7 269.4 267.4 265 262.1 259.9 256.1 249.1
278.8 276 272.8 270.1 266.7 263.8 261.2 258.7 255.1 252.7 250.9 250.3 249.4 245.4 242.7 240 236.7 231.2 226.5 226.5 226.5 226.5 226.5 230.3 236.9 243.7 247.1 249.7 253.8 258.2 265.9 274.3 285.7 292.4 305.6 314.5 318 319.8 322.2 325.1 325.4 324.2 323 321.8 320.6 319.6 318.9 317.1 315.9 314.1 312.9 312.7 312.2 311.2 310.5 309.6 308.2 305.8 301.6 297.3 293.1 291.3 288.4 286.6 285.9 283.8 281.5 279 276.8 274.4 272.2 270.7 268.9 266.3 263.2 259.8 253.8 240.9
275.9 271.6 268 266.5 265 262.3 259.2 256.4 253.1 249.9 247.7 245.4 244 241.2 236.2 234.2 230.5 226.5 226.5 226.5 226.5 226.5 229.1 235.1 241.2 246.4 249.2 252.8 257.2 263.9 272.9 284.6 291.8 299.8 311.6 316.8 319.5 321.6 324 326.1 325.4 324.2 323 321.4 319.8 318.4 317.6 316.9 315.1 313.8 312.6 311.9 311.3 309.8 309.4 308.3 307.3 305 301.2 294.3 293.2 293.1 292.4 290.7 289.4 287.4 285.9 283.7 279.8 275.8 273.6 271.7 270 267.4 263.6 252.2 248.7 252.4
277.2 272.4 268.1 263.6 260.6 259.8 257.6 253.7 252 248.4 243.8 239 238.1 234.7 228 226.5 226.5 226.5 226.5 226.5 226.5 226.5 231.4 237.9 242.6 247.9 250.9 255.2 260.9 269.6 280.2 291 296.8 305.5 314.3 318.4 321 323.2 325.6 326.6 325.9 324.9 323.4 321.8 320.3 318.7 317.1 316.1 315 313.9 312.7 311.6 310.4 309.5 308.7 307.8 306 304 301.4 300.5 299.7 298.2 296.6 294.7 293.2 291.7 290.1 287.7 282.9 277.4 275.5 273.5 271.4 267.9 260.1 248.8 255.5 257.5
275.3 271.6 268 264.1 259.1 253.8 254.3 252.5 249.6 245.8 241 233.7 229 226.5 226.5 226.5 226.5 226.5 226.5 226.5 226.5 226.5 232.8 240.8 245.3 249.2 252.5 257.6 264.2 272.2 283.5 293.7 300.2 308.8 316.2 320 323.2 325.7 327 326.9 326.1 325.3 323.9 322.3 320.3 318.4 317.1 316.1 315.1 313.9 313.3 312 310.9 309.6 308.3 306.8 305 303.4 302.4 302.2 301.3 300.7 298.8 297.2 295.7 294.3 292.5 288.6 285.8 285 281.4 276.1 271.7 266.3 264.7 257.9 254.8 263
272.6 270.4 266.9 263.4 259.2 254.2 247.8 247.2 245.6 242.7 237.8 231.3 226.5 226.5 226.5 226.5 226.5 226.1 229.9 230.9 226.5 226.5 233.9 242.3 247.1 249.8 253.7 259.6 267.2 274.6 287 295.3 302.6 311.5 318.1 321.3 324.3 326.9 328.3 327.9 326.5 325.3 324.5 322.5 321.1 318.9 317.8 316.4 315.2 314.7 314.4 312.6 311.2 309.7 308.5 307.2 305 304.2 303.3 302.3 301.4 300.9 300 298.1 296.3 294.7 293 291 288.9 286.6 282.3 279.7 275.9 273 270.9 268.1 261.3 266.6
272.3 269.4 265.8 262.2 258.1 254 249.5 243.3 238.5 237.4 232.2 226.5 226.5 226.5 226.5 227.2 229.8 234 237.1 235.9 226.5 226.5 234.9 242.6 247.1 250.4 254.7 261.2 268.6 276.4 287.6 296.6 304.5 314.6 319.6 322.5 325.5 328.4 329 328.3 327 325.7 324.7 325.7 324 321.4 319.9 317.8 316.4 315.6 315.2 313.1 311.2 309.6 308.6 307.2 306.1 305.1 304.2 302.6 300.8 299.9 298.7 297.7 296.6 294.9 293.1 291.1 288.9 287 284.6 282 279 276.8 274.2 271.3 262.3 270
271.2 268 264.2 260.8 257.9 253.6 247.7 242.6 236.4 230.9 226.5 226.5 226.5 227.5 228.9 236.4 238.8 239.8 240.7 239.7 226.5 226.5 233.4 241.7 247.9 251.3 255.3 261.1 268.4 276.2 287.9 296.9 304.1 315.1 320.5 323.7 326.9 329.3 328.9 327.8 327.7 327.7 328.7 333.8 336 333.9 329.4 323.1 321 318.7 317 315.6 313.7 312.6 310.4 308.5 307.8 306.5 305.1 303.4 301.3 299.4 298.3 297.3 296.3 294.8 293 291.5 289.3 287.5 285.2 283.9 282.7 279.6 276.9 273.1 269.7 273.3
270.9 266.9 261.7 259.1 255.4 251.6 246.8 240.3 232.6 226.1 226.5 230.4 234.1 239.8 241.3 243 243.5 243 241.9 238.8 228.7 226.5 226.5 239.3 246.9 250.8 255.3 261.6 268.5 276.1 286.6 297.6 304.3 314.9 320.8 324.3 327.4 330.1 329.4 328.3 328.2 330.2 338.4 343.7 343.5 342.2 339.2 333.9 332 331 322.4 326.7 324.7 320.7 318.1 315.1 313.2 310.5 307.8 304.9 302 300.1 298.5 296.9 295.8 294.3 292.9 291.6 290.4 288.9 287.4 285.7 283.6 280.6 277 272.4 274.6 276.4
269.6 265.4 260.1 254.7 250.3 247.3 243 237.6 229.9 231 235.1 239.3 244.5 246.5 246.9 247.1 246.7 245.6 243.8 241.3 237.9 226.5 226.5 235.2 244.1 250 255.9 262.1 268.9 276.2 284.7 298 304.1 311.1 320.7 323.9 326.8 330 329.1 329 329.7 335 344.6 346.8 346.4 345.3 343 339.8 337.8 336.2 332.8 333.1 331.1 328.4 325.9 323.2 320 314.5 311.8 308.6 304.8 301.3 299.4 297.7 295.9 294.5 293.3 292.1 290.9 289.4 287.7 285.4 283.2 280.4 273.8 274.5 278 278.7
265.6 260.6 255.6 250.3 244.8 238.3 234.5 234.5 234.5 236.7 242.3 247.2 249.5 250.4 250.4 250.2 249.5 248.2 246.4 244.1 240.4 232.4 226.5 232.2 242.3 249.2 255.7 261.9 268.7 276 284.2 297.6 303.5 310.6 320.4 323.1 326 329.4 329.2 329.7 332 338.2 346 348.8 348.6 347.3 345.6 343.3 340.7 338.1 336.9 335.4 333.8 331.5 329.2 326.5 324.3 321.2 318.2 314.4 306.5 302.9 300.7 298.8 296.9 295.3 293.7 292.5 291.2 289.4 287.3 285.3 281.1 280.6 280.7 279.1 280.1 280.8
