Assets/StreamingAssets/GeoData/Data/se/SE18.asc
ncols 200
nrows 200
xllcorner 410000
yllcorner 480000
cellsize 50
[rows 70 to 104 of 200, columns 78 to 155 of 200]
126.7 124.5 122.3 120.7 119.4 117.1 115.3 114.7 113.9 112.7 110.6 107.3 104.1 102.7 101.9 101 100.7 100.4 100 99.5 99.2 99.4 100.6 100.6 100.4 100 99.8 98 97.1 97.4 96.8 96.5 96.3 96.2 96.3 96.2 95.6 95.8 95.5 95.2 95.1 95.4 95.1 94.8 94.4 94.7 94.5 95 95 94.5 94.1 94 93.9 93.8 93.2 93.6 93.1 92.8 92.6 93.3 93.9 94 93.8 93.4 93.1 92.9 93.1 87.9 91.6 93.5 91.3 91.7 93.8 92.6 92.3 91.5 92.3 91.1
125.2 126.5 125.2 123.1 121.1 119.3 118.8 116.7 115.3 113.3 112.3 110.6 106.8 104.8 101.7 100.9 100.4 100.1 99.7 99.4 99.3 100.5 100.7 100.2 99.7 99.3 99.1 98.9 97.6 97.2 97.3 97.2 96.5 96.4 96.4 96.2 95.6 95.8 94.1 93.9 97.1 95.8 95.5 95.5 95.2 95 94.6 94.1 94.3 94.1 92.1 94.5 92.5 93.1 93.3 94 93.8 94.2 93.2 92.6 92.5 92.6 93.7 93.3 92.9 93 87.9 93 92.3 92.9 92.4 88.8 89.5 93.2 91.7 91.4 91.1 91.4
128.7 128.7 127.2 125.4 123.5 122.1 120.9 118.9 118.1 117.4 115.1 112 110.5 108.1 103.7 101 100.3 99.9 99.9 99.8 100 100.8 100.3 99.8 99.4 99 99 99.1 98.3 97.8 97.9 97.9 97.2 96.6 96.3 95.8 95.6 94.7 94.9 96.6 93.3 93.3 95.3 95 93.4 94.7 94.7 94.3 94.5 94.3 92.5 92.5 94.3 94.3 94.4 94.3 94 93.8 93.7 92.6 92.5 92 93.4 93.1 93.1 87.9 93.8 92.8 92.4 92.3 92.6 92.7 92.4 87.9 87.9 93.3 92.6 91.1
130 127.1 126 124.6 124.1 122.4 120.5 118.3 116.6 115.7 114.3 113.7 112.8 110.8 108.7 107.8 101.4 100.9 100.7 100.7 100 100.4 100.1 99.8 99.5 99 98.8 99.1 99 99 98.8 98.6 98.1 96.8 96 95.5 95.4 94.6 94.8 95.7 96.4 94.6 95.3 92.9 92.7 94.4 95.4 94.2 94.6 93.7 92.6 93 93.6 94.1 94.2 93.9 93.3 92.8 92.5 92.5 92.7 92.6 92.5 93.1 94 87.9 93.1 92.9 92.4 92.3 92.6 92.6 92.5 92.1 93 88.5 93.2 91.4
129.8 130 129.7 129.5 130.7 130.9 130.7 126.6 121.4 119.8 117.8 116.2 115.1 115.2 117.9 115.2 111 108.1 104.8 105.7 100.2 100.7 100.4 99.9 99.6 99.3 99.1 99.5 99.3 99.2 99.4 99.4 99.7 99.7 99.4 95.4 94.7 95.2 94 95.1 95.9 94 94 95.2 94.6 94.8 92.6 94.2 94.9 94.3 93.5 94.1 94.1 94 94.1 93.9 93.4 93.7 93.7 93.4 93.2 93.2 93.1 92.8 92.9 87.9 93.6 92.8 92.5 92.3 92.6 92.4 92.3 91.3 92.3 92.8 89.1 91.6
134.3 134.8 135.9 136.6 136.2 135.7 134.6 131.7 127.6 124.3 121.5 121 120.5 119.1 117.7 114.6 115.8 116.4 110.1 108.3 106 102 101.2 100.6 100.5 101.4 100.4 100.1 100.1 100.5 100.5 100.7 103.7 106.6 105.6 101.8 95 94 94 94.4 95.7 94 94.8 94.9 95 94.6 95.8 92.6 92.6 94.5 95.1 94.9 94.1 94 93.3 93.5 93.9 93.7 93.6 93.6 93.3 93.2 92.9 92.7 92.4 94.1 89.7 92.9 92.7 92.5 92.5 92.3 92.1 90.6 91.3 93.2 87.9 92.1
138.8 138.4 138.4 138 136.9 136.9 135.3 133.2 129.7 125.6 122 120.8 119.1 117.6 116.9 118.2 118.2 117.7 116.6 116.9 115.6 111.7 107.3 107.8 109 107.2 104.1 102.4 102.2 102.6 103.1 101.7 105.1 108 104.3 103.1 101.9 98.7 95.6 94 94 95.3 94.8 94.8 94.9 94.7 94.3 94.9 95 92.6 94.4 95.4 94.5 93.7 93.7 93.3 94.1 94.3 94.8 93.9 93.5 93.3 93.1 92.8 92.6 92.6 93 93.6 93 92.7 92.4 92.4 91.9 90.7 91.3 92.3 91.1 93.7
138.8 138.3 137.4 136.1 135.7 135 134.1 130.8 124.7 121.8 121.1 119.5 120.8 123.4 123.6 121.4 121 120.5 120.1 119.7 120 119 117 117.5 116.6 114.5 108.8 105.5 106.6 107.9 105.6 103.5 103.3 103.2 103.2 107.2 103.1 101.8 99.4 98.3 94.8 94.7 94.7 94.5 94.6 94.7 94.5 94.5 94.8 94 92.7 94.4 94.9 94 95.1 94.1 93 91.7 93.2 91.7 90.8 94.9 93.2 93 92.9 93.7 90.6 93.1 93 92.6 92.7 92.2 91.3 90.8 91.2 92.7 92.9 92.3
138.2 137.5 138.4 139.4 138.6 137 133.3 130.7 130.4 125.7 126.6 127.7 127.9 127.9 126.9 125.3 124.1 123.5 123.2 122 121.2 120.2 119.7 119.6 119.1 117.5 115.2 111.5 110.3 109.9 105.3 104.9 103.9 103.3 102.7 102.6 102.3 101.8 100.4 98.7 96.3 94.6 94.1 94.2 94.4 94.5 94.3 94.4 94.3 94.5 94.3 92.4 94.2 93.9 93.2 92.3 94 93.9 94.6 93.6 91.7 90.9 90.7 93.7 93.2 90.6 94.1 93 92.7 92.5 92.5 92.5 92.4 90.6 90.9 89.1 93.3 92.4
140.3 141.7 140.4 139.4 138.2 137.3 135.8 135.3 133.5 132 130.6 130 130.2 129.5 128.5 129.6 126.7 125 123.7 122.7 121.6 122 121.7 121.2 120.4 118.7 116.7 114 112.4 111.2 107.8 106.1 104.6 103.4 102.8 102.2 102.6 101.9 101.5 98 95.9 94.7 94.4 94 94.3 94.4 94.1 93.9 93.8 93.8 94.7 95 93 91.6 92.6 94.4 94.9 93.5 93.9 93.7 90.6 90.9 91.3 90.6 90.6 93.9 93.1 93 92.7 92.4 92.3 92.2 92.3 91.5 92.3 87.9 93.2 91.5
148.1 147.8 146.2 145 142.4 140.4 138.4 136.4 134.6 133.2 132.3 131.2 130.7 128.9 128 127.2 125.3 124.3 123.2 122.2 121.4 121.5 122.5 121.9 121.3 119.7 117.6 115.4 112.7 110 109.3 107.9 105.5 103.9 102.7 101.9 101.4 101.1 101.5 98.6 99.2 97 95.8 94.7 93.9 94.3 94.1 93.9 93.8 93.6 93.2 93.7 93.6 93.5 95.5 92.5 94.9 94.5 95.2 95 94.7 93 93.4 93.7 93.6 93.1 92.9 92.8 92.6 92.3 92.1 92.1 92.2 92.2 92.1 92 89 89
147.5 147.3 145.2 144 142.5 140.1 138.3 136.2 134.3 133.4 131.9 130.8 129.1 127.7 126.4 125.5 124.4 123.8 122.5 121.3 120.5 120.2 119.8 120.1 120.7 119.1 116.9 114.2 112.5 110.4 109.2 108.3 105.2 104.4 104.4 102.6 101.1 101.2 101.2 100.1 100.7 98.5 98.4 98.3 94 94.2 94.1 94 93.7 93.3 92.9 93.3 93.4 96.1 96.2 93.7 94.6 95.8 96 95.7 93.2 93.8 94.3 93.4 93.1 93.1 92.9 92.6 92.5 92.1 95 92 92.1 92.1 92 91.9 91.7 91.2
146.8 144.7 143.7 142.3 140.8 138.7 137.5 136 134.8 134.1 132.8 132 130.4 129 127.5 126.7 125.6 124.5 123.6 122.4 121.5 120.6 120 118.6 117.5 115.5 113.5 114.4 113.4 111.3 108.7 108 106.8 106.1 105.4 103.6 102.1 103.7 101.9 101.7 101 100.4 100.1 100.1 100.5 96.4 93.4 93.8 93.3 93 93.1 92.6 99.1 99.5 97.8 96.2 95.8 97.2 97 96.8 98.6 101.2 95.4 93.5 92.8 92.8 92.7 95.1 100.5 101.1 99 92.9 92 92 91.9 91.8 91.7 91.8
148.6 147 145.5 143.5 141.8 140 138.9 137.1 135.9 135.4 134.5 133.6 132 130.6 129.3 128 126.7 125.2 124.1 123.4 122 122.9 125.5 120.3 117.1 117.6 122.5 118.2 116.2 113.7 112 110.6 109.9 110.6 109.5 107.7 104.8 103.1 104.5 103.1 102.2 102.1 101.8 101.4 101.5 101.6 99.7 93.7 93.7 93.6 94 94.2 101.6 100.9 99.3 98 98 98.4 98 97.7 100.5 108.4 109.7 106.5 99.5 98.9 100.9 100.3 100 106.2 98.7 96.9 92.2 91.9 91.9 91.7 91.5 91.4
156.3 155.1 153.2 152.1 148.8 146.4 145.1 142.5 138.5 137.5 136.9 136.2 134 133 132.4 129.4 127.5 128.9 128.7 125.8 123.7 120.9 119.8 119 120.6 122.8 122.6 121.3 119.3 117.6 115.7 114.4 114.2 113.5 113.2 112.5 110.9 107.4 105 104.3 104.3 103.8 104.4 104 103.8 104 103.8 103.5 100.6 96.8 98.2 101.5 103.2 102.3 99.9 97.8 99.2 99.4 98.7 99.7 101.8 103.5 104.6 102.3 101 100.5 99.8 98.2 97.6 96.9 98.5 99.6 92.2 92.1 92.8 91.4 91.3 94.6
168.8 166.1 162.6 159.3 158 155.8 153.9 151.4 150 141 146 147.6 145.2 141.7 139.1 135.2 130 131 132.8 131.5 130 127.9 127.4 127.9 127.7 126.2 124.8 123.9 122.8 122.9 119.4 121.9 121.1 118.8 117.6 116.9 114.8 112.1 109.9 110.4 107.1 107.2 107.2 106.9 105.6 105.4 105.1 106.5 107.6 104.2 103 103.5 104 102.4 100.9 99 101 100.2 99.9 100.4 102.6 103.3 103.2 100.9 100.4 99.1 97.8 97.1 96.7 96 95.7 95.5 96.2 95.1 92.8 92.3 94.5 96.4
177.9 176 174 169.8 166.5 164.4 161.5 156.4 154.1 149.3 153.9 155.4 154.2 152.6 149.7 145.6 135.6 131.5 135.3 134.8 135 133.8 132.5 132.6 131.4 129.5 127.5 125.2 123.7 123.4 124 124.2 124.8 124.2 123.2 122.5 121.5 121.2 120.1 116.7 112.9 111.7 110.8 108.4 107.2 106.8 106.3 107.1 109.9 106.7 102.6 105.5 104.3 103.1 102.4 99.5 102 100.9 100.9 101.1 102.7 104.5 102.9 100.8 98.9 98 97.2 96.3 96 95.7 95.7 96.2 97.8 98.3 96.8 94.4 93.4 94.8
184.1 182.4 177.8 173.7 171.5 167.6 162.6 156.6 154.5 160.3 160.7 161.9 162.1 159.2 152 149.1 146.1 137.3 133.6 134 136 135.3 135.9 134.8 133.1 130.6 128 126.6 125.7 125.7 125.8 125.7 126 126.2 126.9 125.7 123.6 122.4 121.2 120.8 120.1 121.2 121.1 120 117.7 111 110.5 107.3 108.8 110.9 112.3 108 104.3 102.7 102.6 103.2 103.1 102.9 102.8 104.4 106.3 108.3 103.2 101.4 98.7 97.2 96.9 97.3 96.8 96.7 97.3 98.1 97.9 96.1 95.1 97.4 98.8 96.9
192 188.3 184.8 180.8 174.7 170.6 170 167.8 167.5 169.1 167.3 163 161.3 157.7 158.2 152.7 149.2 143.1 132.6 137.2 134.4 138.7 136.5 134.2 133 131 129.6 128.9 128.6 127.8 127.7 128.8 127.9 128.3 128.7 127.6 127.1 127.2 126.5 123.9 124.3 125.1 123.9 123.7 120.7 116.4 114.9 112.1 110.4 110.5 113.9 105.6 105 106.5 106.2 105.7 105.4 106.3 107.7 109.5 111.1 110.3 105.3 101.3 99.4 98.2 97.4 98.2 98.2 98 98.2 99 99.2 98.9 96.7 100.7 108.6 104.1
210.8 205.7 200.6 196.5 190 188.5 184.4 180.5 177.5 173.9 170 167.5 162.1 161.1 158.1 155.1 151.7 145.1 136.7 133.3 133.5 133.9 135.2 135.1 135 134.1 133.4 132.8 131.7 130.7 131.3 132 132.5 133.6 133 130.9 129.1 127.7 127.3 127.2 127.8 128.9 127.2 126.5 123.3 121.3 118.3 115.8 112.6 110.9 108.2 106.9 110.4 109 108.3 108.8 111.9 114.9 116.3 116.9 117.4 115.3 110.5 103.8 100.8 99.4 98.7 99.7 100.4 100.4 100.4 101.1 101.2 98.1 96.6 100.9 100 102.7
222.1 218.6 214.3 210.4 203.5 199.6 195.6 192.5 190.7 185.5 178.1 171.5 168.1 164.3 159.1 155.7 152.7 148.9 149.3 147.2 143.6 137.4 135.3 134.9 135.2 135.8 136 136.5 136.5 137.8 140.1 138.4 138 138.9 136.4 132.6 131.3 131.4 129.1 128.8 130.3 132.6 130.9 128.9 127 124.4 120.4 116.5 114.5 112.7 108.1 111.8 112.7 111.1 110.1 110.5 116.7 121.5 125.5 127.5 126.3 121.3 114.6 107.9 103.3 101.8 100.2 100.8 104 106.5 104.6 105.1 105.3 102.5 100.7 104 102 103.9
226.4 223.8 221.1 216.4 214.7 208.9 205.7 200.7 198.4 194.7 192.2 188.7 184.8 177.1 171 164.7 159.4 156.3 155.5 152.2 147.3 142.7 138.6 136.8 137.5 137.3 136.8 137.3 139.3 139.4 140.4 140.3 139.6 139.3 138.3 135.1 133.2 132.6 132.2 129.9 130.6 132.4 132.3 130 128.4 126.1 124.7 122 116 110 116.5 115.2 113 113.2 113.3 114.6 120.2 127.7 128.7 127 124.6 120.5 115.9 111.2 107.2 106 104.8 103.5 104.4 106.8 107.6 108.4 109.1 108.2 110.7 112.1 110.8 106.2
238.8 233.8 228.9 223.1 219.3 215.6 214.2 211.3 206.9 204 200.7 198.2 194.7 189.2 182.1 177.4 173.1 165 162.5 160.6 153.9 146.9 143.9 143.2 145.7 147.4 147.2 143.8 140.3 140.3 140.1 140.5 140.1 137.7 136.4 135.5 132.8 131.7 130.4 128.4 125.8 125.6 123.4 120.6 118.7 116.7 115.4 115 117.4 119.7 119 117 115.8 115.3 116.6 118.6 121.2 123 124.2 124.3 121.9 119.2 111.8 110.9 111.7 110.3 109.2 110.1 109.4 109.4 109.1 108.3 108.6 110.1 111.8 114.9 113.2 110.5
253.2 246.6 243.2 236.6 232.5 228.4 224.5 218.8 214.1 214.7 211.2 205.2 203.1 199.1 192.8 187.7 182.7 178.5 173.4 168.2 164.3 158.7 154.3 148.9 153.8 152.4 150.4 148.9 146.9 144.9 143.6 141.5 140.6 139.3 136.9 134.6 132.6 131.2 130.1 128.5 127.2 126.1 126.7 127.7 128.7 128.5 128.8 130.4 130.9 125.4 121.7 118.2 126.2 125 119.2 119.7 120.8 120.9 120.6 120.6 120.2 120.4 118.4 115.8 117.6 114.6 114.8 114.9 115.5 111.6 110.8 108.9 108.3 111.9 111.6 111.7 112.3 110.3
257.6 255.7 253.8 251.2 245.8 239.5 234.9 231.9 228.8 226.6 224.3 219.7 217.2 207.2 198 195.5 191.4 186.9 179.5 175.4 171.3 166.5 164 162.1 160.7 157 151.4 150.1 148.1 147.6 146.9 144 142.7 145.5 145.3 143.5 145.2 142.9 140.7 140.7 138.9 137.2 136.4 135.7 138.2 137.6 135.6 135 132.5 127.2 123.7 124 129.4 125.8 122.1 121.7 124.2 123.5 120.6 121.5 123.5 120.8 118 117.8 118.2 118.1 117.4 117.1 117.6 115.8 113.5 110.6 110.7 110.2 111.5 110.6 110.6 110.7
263 261.3 259.3 255.9 252.3 251.2 248 242 238.6 235.4 231.3 228.2 223.4 217.7 206.4 198.7 194.8 191.5 186.8 183 178.2 172.8 168 165.4 163.6 160.6 155.2 153.2 152.6 153.6 150 147.9 148.4 151.2 149.8 149.7 147.9 146.7 145.3 143.7 142 141.8 142.2 142.2 141.3 137.6 135.1 132 129.8 129.1 129.1 129.7 129.1 126.3 125.3 125 128 124.9 123.2 123.5 123.6 122.1 119.3 117.6 121.1 122.9 123.2 119.8 117.5 117.7 117.7 117.3 115.8 115.6 115.5 113.4 111.2 111.1
265.8 264.1 262.9 258.6 256 254.9 251.7 248.5 247 244.7 240.5 237.5 231.3 229.5 220.8 214 202.3 196.4 190.3 187.6 184.1 180.8 173.9 169.3 166.3 163.8 162.6 162 160.7 159.5 155.4 152.2 152.9 157.5 155.1 156.9 154.8 153.3 150.9 149.3 146.9 145.5 145.1 145 142 139.1 134.8 133.7 133.3 133.7 132.7 132.2 130 128.7 131 131.3 131.7 128.7 127.9 130.1 129 127.1 126.7 126.5 127.1 128.3 128.9 125.8 124.9 124.6 123.7 122.2 121.6 121.8 120.6 116.6 115.2 115.5
276.3 264.9 262.6 261 259.3 258.9 253.5 249.4 248.3 245.8 245 242 238.3 234.8 230.7 225.5 217.8 208.1 195.7 191.2 186.9 182.7 178.5 174.1 171.2 168.2 168.3 169.6 169.7 167.5 162.7 156.2 154.2 157 157.2 157.4 156.2 155 152.3 150.2 148.7 147 145.9 145.3 141.1 140.8 135.8 136.4 137.1 137 134 133.5 132.5 130.7 130.5 130.6 132 132.9 134.4 133.6 130.4 128.7 128.4 130.2 130.8 130.1 129.5 128.9 127.1 126.3 124.5 124.6 123.7 120.5 118.5 117 120.5 120.5
294.3 286.1 274.6 263.9 260.9 259.6 255.9 249.5 247.9 246.3 245.5 242.7 240.6 237.4 234.2 228.2 224.8 217.3 208.5 199.9 192.8 186 181 176.8 173.7 171.8 168.8 166.4 166.4 160.8 159.3 158.8 161.5 160.3 158.7 156.9 155.6 154.6 153.6 150.6 148.3 147 145.5 144.2 143.2 142.3 139.7 139.3 140.2 139.7 135.1 134.8 133.4 131.5 131.9 132.5 133.5 135 136 132.6 129.7 128.4 127.9 128.9 128.7 127.6 128 127 124.4 123.7 124.4 125.3 125.8 118.2 115.4 118.8 125.2 124.9
301.8 297.2 293.1 283.6 267 260.8 257.3 253.3 250.4 246.1 244.9 243.6 241.5 238.9 236.1 234.4 233.4 227.4 220 208.4 200.5 192.9 185.1 180.2 176.1 171.8 169.4 166 167.5 165.6 164.3 163.1 162.2 160.8 159 157 155.8 154.8 153.6 153.6 152.7 151.6 150.8 149 145.9 145.3 145.1 144.3 143.6 145.8 137.6 135.3 135.2 132.9 135 137.3 136.7 136.4 134.8 130.6 129.2 134.8 135.3 133.7 131 133.4 133.2 131.7 129.4 124.4 123.8 125 123.1 121.8 127.2 121 125 126.9
319.5 308.8 302.5 295.1 286.6 271.3 261.5 259.4 255.7 250.2 244.3 243.6 242.2 239.5 238 235.9 234.1 232.6 228.6 224.6 213.7 200.8 189.5 180 176.8 176.3 172.3 174.6 173.5 171.9 168.9 165.9 163.5 162.6 160.2 157.9 158.4 158.4 159.7 157.5 156.3 154.3 153.7 153.2 152 148.1 144.3 143.3 143.7 143.2 139 137.3 139.2 136.1 135 136.8 137.1 135.7 132.9 130.5 138.4 143.2 143.8 139.8 141 137.9 136.4 133.7 131.7 128.8 125.8 124.5 125.2 127.9 130.9 131.5 126.3 127.2
331.6 330.5 322.8 312.4 303.2 289.1 278.6 267.6 258.3 254.5 250.3 246.1 242.2 239.9 238.3 236.5 234.4 231.7 229.8 227.4 220.3 214.8 204.4 194 184.2 175.5 178.7 176.9 174.1 171.9 170.3 167.7 172.4 171 168.5 168 166.5 164.2 160.6 155.4 154.7 155 153.1 152 150.4 151.3 150.4 145.9 145.3 142.8 140.8 141.6 143.4 142.2 142.4 142.1 140 142 137.1 135.6 143.4 147.1 144.8 146.4 144.9 140.2 137.3 137.4 136.2 134 133.1 132.4 131.3 132.5 134.5 134.4 131.9 129.3
333.2 331.4 329 327.1 319.8 310.1 296.5 282.8 270.1 263.4 257.7 252.7 249 243.7 238.1 236.9 237.7 234.6 230.9 228.2 225 217.5 213.6 207.1 190.2 181.1 185.4 190.5 192.3 189.5 187.5 187.5 189 188.5 187.7 185.7 181 178.6 176.6 174.8 169.9 168.2 166.5 164.7 161.7 159.7 158.7 152.5 148.9 148 150.8 150.2 150.1 149.3 147.8 147.1 149.9 150 149.7 146.8 150.3 153.9 154 153.2 150.2 144.5 140.2 140.6 140.2 139.1 137.5 137 135.6 136.3 137.4 135.1 133.9 132.4
333.3 331.6 329.6 327 324.2 320.7 307.3 294.8 284.6 270.3 261.4 255.6 254 250.9 246.1 239.7 233.4 234.7 232.5 230.2 226.7 223.7 216.1 204.5 185.4 197.7 201.3 201 201.1 198.4 199 197.5 197.5 197.4 197.1 194.9 189 186.1 184.6 182 174.8 176.8 175.2 172.4 169.6 167.5 163.9 158.6 159.6 155.5 156.4 158.7 157.2 155.4 153.9 151.5 151.7 152.3 153.7 154.2 154 154.9 155.5 154.2 151 148 143.8 142.7 141.3 140.9 139.4 138.5 138.4 139.5 139 138.5 135.5 132.6
331.3 330 329.1 326.5 324 321.5 307.9 298.1 290.2 281.5 267.3 268.1 260.3 256.4 252.7 246.6 241.2 234.1 228.6 228.4 224.9 214.9 206.6 190.3 198.8 209.3 208.5 207.7 208.9 207.2 205 204.3 203.9 203.3 201.5 198.8 195.7 192.8 190.7 187.5 183 183.5 182.7 180.5 175.3 173 168.7 166.5 165 162.5 160.5 162.4 161 159.2 159.8 157 155.8 155.5 154.1 155.7 160.2 158.5 156 154.6 152.7 149.4 146.1 144.7 143.1 142 141.4 139.8 140 139.3 137.4 136.9 135.3 133.9
