Assets/StreamingAssets/GeoData/Data/se/SE48.asc
ncols 200
nrows 200
xllcorner 440000
yllcorner 480000
cellsize 50
[rows 74 to 110 of 200, columns 83 to 165 of 200]
59.1 59.7 60.1 60.6 59.2 59.3 59.4 59.7 60.1 60.5 62 62.1 62.7 63.7 65 67 68.2 69.6 71.1 72.8 74.7 78.2 79.9 83.1 85.1 92.2 99.8 98.2 96.6 96 96.9 98 100.4 102.2 104.7 107.6 103.9 104.4 107.4 110.1 114.7 117.7 119 119.9 120 120.8 120.2 121 120.9 121.5 121.8 122 123.4 123.7 124 124.2 124 124.7 128 131 134.3 138.3 141.8 148.8 150.1 159.2 170.2 183.5 174.4 163.5 152.6 150.2 154.7 161.9 173.4 181.5 185 183.6 180.5 177.1 175.9 174.9 174.1
58.8 59 60.7 60.5 60.3 58.9 59 59.6 59.9 60.3 61 61.7 62.3 63.3 64.7 66.4 67.9 69.5 70.5 72.3 74.3 76.8 78.8 81.6 84.3 91.6 96.8 96.6 95.5 95.2 95.8 96.4 96.6 98.6 101.5 103.4 102.1 105.8 108.8 112.5 116.1 118.5 119.2 119.3 119.4 120.3 120.6 120.1 120 120.1 120.8 121 122.4 122.6 122.8 122.9 122.9 124.8 127.8 131.3 135.2 138.1 143.1 149.2 150 159.4 173.9 185.9 176.2 165.3 154.9 150.3 149.5 154.3 160.9 170.9 175.6 179.2 179 176.7 175.4 173.7 172.8
58.3 58.5 59.7 59 59.7 58.8 58.8 59.2 59.6 60.1 60.5 61.6 62 62.8 64.1 65.4 68 69.6 70.9 72.7 74.5 77.2 79.4 81.8 84.7 89.9 93.9 95 94.7 94.5 94.7 94.6 94.7 96 97.3 96.6 98.8 105.9 109.7 114.3 117.5 119.1 118.9 118.9 118.8 119.2 119.8 119.5 119.7 120 119.8 120.1 121.5 121.5 121.7 121.8 123.3 127.2 129.6 133.8 136.4 141.4 150.7 145.3 147.6 160.7 178.5 186 170.8 169.7 164.9 156.5 150.8 148.9 152.9 162.3 168.6 172.6 177.8 176.8 174.7 173.1 170
58.6 57.8 58.6 58.2 57.7 57.9 58.6 59.2 59.8 59.7 60.7 61.3 61.4 62.3 63.6 66.1 68.6 69.7 70.9 72.7 74.8 77.5 79.8 82 85.8 91.1 92.9 93.1 93 92.8 93.2 92.2 90.4 93.8 97.5 103.2 107.2 106 111 114.3 119.2 120.3 120 119.5 119.4 119 119.3 118.8 119.1 119.4 119.3 119.5 120.2 119.9 120.1 121.2 125 129.6 131.6 136.2 141.1 147 145 149.9 150.7 165.2 185.6 184.6 168.2 161.8 171.3 165.6 156.1 149.8 148.4 152.7 159.9 164.3 168 168.6 168 166.5 161.1
58.8 57.3 57.6 57.7 57 57.4 58.1 58.2 58.8 59.3 60 60.8 61.4 62.1 64 66.5 69 70.7 72.1 73.4 74.5 76.1 78.8 81.2 85.3 89.8 91.2 91.2 91.1 89.3 88.1 88.9 91 95.6 97.8 100.6 104.2 106.9 111.3 114.8 118.5 119.7 120.1 119.7 119.4 118.3 117.9 116.8 116.9 118.7 119.1 119.2 119.7 120.6 121.1 123.5 125.1 129.5 136.3 139.2 141.9 146.3 144.1 143.8 149.3 161.3 180.7 183.8 167.3 158.9 163.8 166.3 165.6 157.1 151.7 149.2 150.7 154.2 157.8 158.9 155.8 152.4 150
58.7 57.1 56.5 56.7 56.3 56.6 57.5 58 58.5 58.8 59.2 60 60.7 61.8 63.9 66.8 69 70 71.1 72.4 74 75.7 77.4 79.2 83.4 88.1 88.8 89.1 87.3 83.6 82.9 85.7 91.5 95 96.8 98.8 101.7 106.4 110.4 112.7 118.9 119.1 118.5 119.7 119.8 118 115.7 116 116.2 118.3 119.2 120.1 121 121 121.1 123.3 126.1 129.9 134.8 137.9 140.4 145.3 149.3 147.1 144.9 154 167.9 180 170.1 159.3 158.1 161.3 161.9 161.5 154.8 148.7 147.1 147.5 146.9 146.7 145.8 144.4 143.6
58.2 56.4 55.2 54.9 55.6 56.1 56.5 57.4 58.2 58.4 58.5 59.2 60 60.7 63.5 65.8 67.4 69 70.2 71.3 72.8 72.8 74.4 76.2 79.6 83.1 85.1 87.3 83.5 81.9 84.7 90.5 92.6 94.1 95.7 97.6 100.7 103.7 109.5 111.9 115.6 117.1 118.6 120.2 119.1 116.8 115 116.2 117.1 118 118.8 119.7 120 119.9 119.9 123.1 124.4 128 132 134.2 135.9 141.5 147.7 150.6 144 146.1 156.3 164 170.4 163.7 157.1 158.2 159.3 160.7 162.4 157.2 151.3 150.2 150.2 150.5 150.6 150.5 150.7
56.7 55.3 54.2 53.9 54.8 55.4 55.9 57.2 57.6 57.9 58 58.4 59.2 60 62 63.9 65.4 67.2 68.6 69.8 70.2 72.1 73.6 76.2 79.2 84.3 85.5 81.5 79.4 82.9 89.8 90.8 91.5 93.2 95.1 95.8 97.2 99.4 106.7 110.6 116.3 119.9 120.8 120.6 118.8 116.8 115.6 115.4 116.2 116.5 116.5 117.5 118.9 117.6 118.5 120.3 122.1 124.5 126.5 127.6 131.8 137 142.4 146.8 145.5 139.7 145.8 152.6 158 162.6 158.3 157.7 158.1 158.5 161.7 165.5 163.5 162.7 163.7 163.6 165.1 164.4 164.1
53.8 53 52.8 53.5 54.2 54.9 55.6 56.7 57 57.2 57.5 57.9 58.4 59.3 60.5 62.4 63.9 65.7 66.6 67.5 69.1 70.7 72.3 73.5 75.1 77.2 78 80.4 85 88.2 89.8 91.2 91.8 91.8 93 93.6 95.5 97.3 100.8 106 113.7 120.9 120.4 120.8 119.3 117.7 116.4 115.3 115 115.4 115.9 115.4 115.5 115.7 117.2 118.3 119.1 119.9 120.9 123.5 127.1 131.7 135.7 138.9 140.2 138.7 139.1 143.3 148.6 150.6 151.6 154 156.5 156.5 159.9 162.9 169.8 179 178 180.6 183.3 184.7 188.9
52.2 52 52.9 53.6 54.2 54.9 55.4 55.7 55.9 56.3 57.1 58.1 58.6 59.5 60.4 61.5 62.7 64 65.6 67 68.1 69.1 70.2 71.8 73.2 79.2 82.9 85.3 86.4 89.1 90.3 91.2 91 90.8 90.9 92.6 94.9 95.4 97.5 102.6 110.6 115.6 118.5 118.8 117.9 116.9 116.4 115.5 115.1 115.3 114.7 114.1 114.2 114.8 116.1 116.6 117 117.8 118.7 120.6 123.5 126.4 129 130.9 132.8 135.9 132.3 138 142 142.4 145.1 148.4 153.3 157.3 158.3 159.6 162.5 172.6 185.8 193.4 194.9 194 192.9
54.2 52.7 52.5 53.7 53.9 54.2 54.5 54.6 55.2 56 57 58 59 59.7 60.3 61.3 62.5 63.8 65.2 66.5 67.6 68.5 70 72.7 75.3 79.7 82.6 86.1 88.4 90.5 91 90 89.8 89.6 90.7 92.3 94.1 94.6 96.7 99.1 106.3 111.8 115.4 115.6 115.2 115.1 115.5 115.5 114.8 114.8 113.4 114.5 115.1 115.1 115.8 115.2 115 115.6 116.7 118.4 120.8 123.8 125.8 128.8 131 130.9 136.3 143.3 146.8 146.4 148.1 152.1 155.5 156.6 157.9 158 159.6 166.6 180.1 189.8 194.8 195.2 195
57.3 56.8 54.7 53.3 53.8 54 54.2 54.4 55 55.9 56.9 57.9 58.9 59.9 60 61.1 62.3 63.6 64.5 65.4 66.6 67.9 69.7 71.8 75 78.5 81.4 86 88.4 90 89.8 88.8 88.6 88.5 89.7 91.4 93.2 93.9 94.8 96.8 103.6 110.3 111.2 112.7 112.2 114.1 114.4 114.5 114.3 113.3 113.6 115.7 116.2 115.8 115.1 114.4 114.3 114.6 115.4 117 119.1 121.2 122.9 125 125.3 132 142.6 149.9 153.6 157 152.1 151.6 154.9 155.7 157 157.3 157.8 162.1 173.7 186.4 191.7 192.8 190.7
57.5 57.8 56.2 55.6 54.9 54.9 55.4 54.7 54.7 55.7 56.7 57.7 59 60.1 60.9 61.6 62.5 63.3 64.5 65.9 66.7 68.5 70.1 72 74 75.9 78.6 85 87.6 88.7 88.6 87.4 87.1 87.3 89.3 90.9 92.2 93.5 94.6 96.8 102.2 107 107.5 110.4 110.2 112 112.9 113.1 113.1 112.3 112.5 114.9 115.6 115.6 114.9 114.7 114.3 114 115.6 116.1 117.8 118.9 121.5 123.5 129.8 138.5 147.3 154.9 159.8 159.2 154.6 150 152.1 155.5 156.1 156.5 157.3 158.8 165.5 173 182.5 189 188.1
58.2 58.4 57.5 56.1 55.4 54.8 55.7 56.4 55.3 55.4 56.7 57.8 59 60.6 60.7 62.2 63 64.1 64.6 67 67.8 69.1 70.3 72 73.5 75 76.6 81.2 84.2 86.3 87 85.5 84.7 86.1 87.9 89.3 90.9 91.7 94.5 96.8 99.6 102.7 105.1 107.8 110.9 110.3 111 111.3 111.6 110.5 109.8 111.4 113.2 114.3 114.5 114 113.5 113.3 115 115.5 117.1 119.7 121.2 126.7 134.2 141.5 149.5 160.3 166.4 162.3 155 154 152.2 155.1 154.9 156.7 156.7 156.3 157.6 161.2 167.6 182 187.8
59.3 58.4 58.3 57.4 56.6 56 55.6 56 55.5 55.6 56.5 57.6 58.6 60.4 61.5 62.5 63.8 65.6 66.9 68 68.4 69.7 71.2 72.3 73.9 75.5 77 77.9 79.4 80.9 82.3 81.7 83.3 85.1 86.3 87.5 89.8 92.4 94.6 95.9 98 101.9 104.2 105.3 107 112 109.6 110.1 109.7 108.9 107.9 110 112 113 113.2 113.1 112.3 112.7 113.7 115.2 118.1 119.3 121.5 128.3 134.5 141.1 147.2 158.1 166.4 163.5 156.9 163 161.5 156.9 155.6 156.3 157.2 156.5 156 157.2 162.2 173.9 186.4
58.6 59.2 59.2 58.4 57.5 56.5 56.1 55.9 55.9 55.7 56.7 57.4 58.3 59.5 60.8 61.7 63.6 65.7 66.5 67.9 69.1 70.6 71.6 73.2 74.9 75.7 76.5 77.1 77.5 79 80.7 81 81.8 83.3 85.2 86.9 88.3 90.7 93.5 95.3 97.5 98.8 99.5 100.8 103.4 110.6 111.3 108.2 107.7 107.3 107.4 108.8 110.8 110.7 110.7 111.2 110.6 111.9 113.4 115.1 117.7 119.5 123.1 128 134.8 141.1 148.1 160.7 169.9 165.7 158.9 163.2 164.2 163.1 159.9 155.8 155.4 155.2 155.5 158.5 165.3 175.1 182.1
57.7 59.2 59.2 59 58.1 57.1 56.4 56.2 56 55.9 56.3 57.2 57.3 58.7 60.2 61.7 63.9 65.5 67.3 68.8 70.7 71.9 73.1 73.7 74.5 75.2 75.9 75.8 75.8 78 79.7 82.2 82.5 80.7 83.7 85.9 87.9 90.2 92.2 94.1 95.2 94.3 94.1 97.7 99.7 105.5 111.2 106 105.6 104.5 106.2 107.7 108.5 108.5 109.4 110.4 110.8 111.8 114 115.5 117.4 121 123.6 127.5 133.2 140.7 149.3 163.4 170.2 167.5 161.3 163.9 163.8 164 164 159.9 155.6 155.4 154.9 157.9 164 171.5 179.1
55.9 57.6 58.4 58.8 58.3 57.3 56.9 56.4 56.2 56.2 56.9 57.1 57.1 58 60.1 61.8 65.6 67.4 68.8 69.9 70.6 71.7 72.8 73.8 74.4 74.1 73.3 75.6 77.8 79.3 81.5 83.2 84 84.2 84.5 83.2 85.3 88.2 89.8 90.8 92 93.6 96.3 99.5 97.5 100.7 107.3 102.7 106.4 107.6 107.3 108 109.1 109.8 109.2 110.2 112.2 112.2 114 115.7 117.8 121.5 124.5 128.8 135.1 143.1 150.6 165.2 172.2 167.8 164.6 164.9 163.8 163.7 163.9 162.8 159.2 161.2 161 157.2 161.1 170.7 177.7
54 55.4 57.3 58.1 58.5 57.7 57.3 56.9 56.4 56.4 56.4 56.5 56.7 58 59.6 62.4 66 67.5 68.8 69.8 70.5 71.3 72.4 72.5 73.5 72.7 72.8 75.2 77.4 79.1 81.7 83.1 83.8 84.8 85.8 86.1 87 88.8 90.2 90.7 92.4 95.4 98.2 100.6 101.3 105.7 107.1 108.4 111.1 110.2 110.1 110.5 111.1 111.2 110.3 110.6 112.1 113.7 113.6 116.1 118.6 121.9 125.8 132.7 139.3 147.1 155.5 172.3 171.5 168.4 166.7 166.4 164.4 164.8 165.6 165.3 163.7 165.5 166.2 161.6 159.7 165.3 174.1
53.9 54.8 56.1 57 58.1 58.2 57.9 57.7 57.1 56.5 56.6 56.5 58.7 59.7 60.7 62.2 65.4 67.4 68.7 69.6 69.9 70.9 71.1 71.2 71.5 71 72.3 74.3 76.7 78.9 81.4 82.5 83.3 84.8 85.6 86.9 88 89.9 91.5 92.9 94.8 96.8 99.7 103 105.7 107.1 109.4 110 111.3 111.1 110 110.9 110.2 110.1 110.2 111.1 113.8 114.9 116 118.1 120.6 124.4 131.2 138.4 145.3 152.2 168 172.6 172.6 170 168.6 167.9 165.4 166 167 167.6 164.5 165.1 163.8 160.6 157 160.6 172.8
53.8 54.7 55.7 56.8 57.9 58.9 58.8 58.7 57.8 57 56.8 57.2 58.5 59.9 61.3 63.2 65.2 67 68.1 68.9 69.4 69.8 69.7 69.7 70.2 70.6 72.2 74.2 76.1 78.3 80.7 81 81.8 83.9 86 87.2 88.7 90.3 91.9 93.3 95.5 96.4 99.1 102.3 104 104.1 105.3 107.2 108.9 109.5 110 110 110 110.9 111.6 113 114.2 117 118.5 120.9 124.8 130.5 136.1 144.5 150.4 167.4 172.5 178.4 179.5 172 166.7 163.3 165.9 166.5 166.5 165.6 163.8 162.5 158.5 155.5 152.7 154.7 166.6
53.7 55.1 56.1 56.9 57.7 59.1 60 60 58.8 57.6 57.2 57.1 58.7 59.3 61.3 63.2 64.7 65.9 67.1 67.9 68.3 68.7 68.5 67.9 69.7 70.4 71.9 73.8 75.7 77.7 79.2 79.7 80.8 82.5 84.3 87.1 88.9 90.6 92.3 94 94.4 95.3 95.4 96.9 100.5 107.1 107.9 113.3 113.8 112.5 111.6 112.2 114.2 113.7 114.4 115.1 116.5 117.9 121.1 125.7 130.3 137.1 143.2 149.3 163.6 170.9 177.8 182.6 179.8 172.3 167.3 158.4 158.4 163.5 162.3 161.1 161.7 161.7 158.1 155.8 152.2 152.5 157.3
55 56.1 57.6 58.7 59.5 59.9 61 61.4 60.1 58.8 57.7 57.4 58.3 58.3 60 61.8 63.6 64.8 66.1 66.8 67.3 66.3 67.8 68.9 70 71.6 73 73.8 75.4 77.3 78.4 78.9 80.4 81.9 84.3 86.5 88.5 89.8 92.2 92.6 92.6 94 93.8 94.5 97.1 102.9 112.8 116.6 117.2 116.2 114.6 114.2 115.9 116.5 117.2 117.7 118.1 121.1 126.8 131.7 136.5 140.9 149.9 164.7 171.1 177.3 184.3 186.6 179.5 172.1 166.1 156.7 156.2 161.2 159 158.1 157.9 160 158.9 156.3 153.4 150.7 151.7
57.7 58.5 59.8 61.6 62.9 62.3 61.8 62.6 61.4 59.8 58.4 58.1 57.9 59 60.3 61.2 63.2 64.2 64.5 64.9 65.4 67 68.2 69.8 71.2 72.4 73.6 74.6 75 76.5 77.5 78.3 80.2 81.8 83 85.1 87.4 88.9 90.4 91.1 91.6 91.8 92.3 94.3 96 99.2 112.5 119.8 120.8 117.7 116.7 116.6 116.3 117 118.2 119.7 121.5 126.4 133.1 138.1 143 144.9 156.1 168.3 175.7 183.6 190.7 189.5 178.7 174.2 166.4 154.8 153.6 157.5 156.3 155.6 155.7 156.8 155.4 152.3 152.4 152.3 154.9
61.8 62.8 64.9 66.3 67.5 66.3 64.8 63.6 62.5 60.7 59 58.8 59.2 59.7 60.6 60.9 62.4 63.2 63.4 63.8 65.4 67 68 69.3 70.9 71.9 73 74.5 74.7 75.6 76.6 78.1 79.9 81.1 82.4 84.3 85.7 87.7 88.4 89 89.6 90.2 90.8 93.5 95.4 101.6 110.4 117.5 121.9 119.2 117.9 117.5 117.3 117.6 120.6 123.6 126.7 132.1 138.5 146.3 154.8 156.6 163.6 170.8 179.8 188.1 191.3 187.4 177.4 172.9 168 152.6 150.8 157 155.1 153.2 152.6 154.6 152 149.5 150.2 152.8 160
66.3 68.7 71.1 71.8 72.3 70.7 69.4 66.5 63.1 61.1 60.4 59.7 59.6 60.1 60.6 61.6 61.4 62.6 63.9 64.8 65.8 67.3 68.3 68.9 70.1 71 72.7 73.1 74.2 75.3 76.4 77.9 79.9 81.2 82.5 82.7 84.3 85.6 86.3 87 87.6 88.1 89.4 92.5 94.5 98.4 106.8 114.3 120 119.4 117.9 118.5 118.9 119.2 122.3 126.8 135.3 142.8 147.5 154.6 164.5 162.2 167.5 173.5 180.9 189 186.9 182.6 176 170.9 168.4 152.5 147.2 159 153.1 150 149.4 149.6 147.3 146.4 149.3 150.8 156.4
69.7 72.3 76.6 76 75 74 72.1 68.8 64.2 61.2 59.3 58.5 58.9 59.5 60.5 61.7 62.3 62.9 63.8 65.1 66.4 67 67.5 69.1 70.4 71.6 72.4 73.3 74.4 75.4 76.4 77.9 79.9 80.9 81.7 81.7 82.5 83.3 83.9 84.8 85.6 86.1 87.8 90.6 93.4 96.8 105 111.1 117.6 119.6 119 118.5 118.7 120.8 124 131.2 142.7 151.5 156.3 167.4 166.6 167 169.4 175.7 179.8 180.6 179.1 175.8 173.5 169.6 166.1 151.5 147.8 151.1 149 148.1 146 142.7 143.2 144.1 148.3 149.7 153.1
70.2 72.8 75.6 77.8 76.4 75.2 72.3 69 64.1 59.9 58.9 58.7 58.7 59.4 60.5 61.6 62.8 62.6 63.2 64.5 65.8 66.2 67.2 69 70.3 71.6 72.9 73.9 74.3 74.9 76.1 77.9 78.7 79.9 79.8 80.9 80.7 81.1 81.7 82.8 83.6 85.2 86.9 89.4 92.3 96.5 102.1 108.7 113.9 118.3 120.1 118.5 118.7 120.8 126.3 134.7 147.8 160.3 171.8 171.3 168.8 167.7 168 172.5 172.4 173.4 173.1 171.9 171.9 165.9 159.2 148.7 145.8 146.1 145.8 150.2 144.9 140.6 142.6 144.7 147.4 144.8 152.9
69.4 72.3 74.9 76.1 76.3 74 71 67.7 63 59.1 58.3 58.2 58.8 59.6 60.6 61.6 62.7 62.3 63 63.9 65.1 65.8 66.9 68.1 69.2 70.8 72.3 73.3 73.6 74.5 76.1 77.3 78.8 78.6 78.5 79.2 79.9 79.7 80.2 81 82.8 84.5 86.3 88.2 90.6 95.3 101.1 106.6 112.6 116.6 120 117.9 117.4 120 124.4 135.7 147 158.9 172 173.4 171 166.7 164.8 167.5 166.9 167.6 167.2 168.6 168 165.7 153.7 145.4 143.3 143.3 142 141.8 139.5 135.1 139.2 138.9 138.3 139.5 150.8
67.1 69.4 71.3 71.6 72.6 71.3 68.6 65.5 61.8 58.9 58.2 58.3 58.9 59.7 60.7 61.4 62.1 62.8 63 63.5 64.4 65.5 66.6 67.7 68.7 69.9 71.3 72.9 73.9 74.9 75.3 76.8 77.8 77.7 76.7 77.8 78.8 78.5 78.6 80 82 83.8 85.1 86.9 89.1 92.2 97.4 102.8 111.3 115.9 115.6 115.5 116.5 119.3 123.6 134.1 146.1 157 171 173.3 171.7 166.9 157.1 164.4 163.3 165 164.7 166.1 165.9 164.5 150.8 141.3 139.8 138.6 138.5 135.6 131.3 131 130.3 132.4 131.2 135.7 146.5
65.1 66.9 67.7 67.4 68.9 69.5 67.8 65.2 61.1 59.1 58.3 58.8 59.1 59.8 60.6 61.2 61.8 62.8 63 63.4 64.1 65.2 66.2 67.3 68.3 69.5 71 72.6 73.7 74 74.5 76.2 76.3 76.2 75.8 76.4 77.5 77.6 77.4 78.8 80.6 82.4 84.8 86.6 88.4 90.9 92.8 96.4 108.3 115.7 112.4 112.2 115.7 119 122.5 133.7 143.9 154.2 169.4 173.5 170.4 165.7 151.3 154.7 159.5 159.6 161.2 165.1 165 161.2 148.8 137.9 134.2 133.9 134.7 130.9 125.9 124.5 124.4 126.2 125.6 131.2 140.5
63.1 64.2 64.4 64.8 65.7 68.2 67.8 65 61.6 59.7 58.9 58.5 59.2 59.7 60.3 61 61.6 62.3 62.8 63.4 63.9 65 66.1 67.1 68.4 69.9 71.1 72.4 73.1 73.6 74.1 75 74.9 75.1 74.7 75.3 75.7 75.8 76.1 78.4 80.4 81.3 84 85.8 87.8 91.1 95.1 95.3 105.6 110.4 110.7 111.4 113.9 116.9 121.8 133 144.3 154.6 165.7 172.3 168.7 164.7 152.4 145.1 147.6 147.5 150.6 159.8 162.4 159.2 147.9 137.3 130.8 128.9 128.7 126 123.4 122 120 120.4 121.9 125.7 132.4
60.9 62 62.7 63 63.3 65.6 67.3 65.5 62.7 60.6 59.4 58.6 59.1 59.5 60.1 60.7 61.4 61.8 62.2 62.9 63.6 65 66.1 67.4 69.1 70.1 71.1 72 72.6 73.1 73.6 74 74.1 74.2 74.1 73.8 74.2 74.6 75.6 78 80.2 81 82.2 85 88 91.3 95.3 97.7 104.2 108.5 110.1 112.8 113.2 117.7 122.6 131.6 141.5 152.6 163 171 169 166.1 155.5 144.3 138.9 139.3 143.2 147.8 156.7 155.7 147 135.4 128.7 125.8 124.2 121.6 120.7 119.3 116.2 117.2 118.1 120.6 125.1
57.9 60.2 60.5 60.6 61.3 62.8 64.7 66.2 64.5 62.6 60.6 59.2 59 59.4 59.9 60.5 61 61.4 61.8 62.4 63.3 65.1 66.3 67.8 68.5 69.8 70.7 71.4 72 72.6 73.1 73.3 73.4 73.6 73.3 72.7 73.1 73.3 74.4 76.4 78.6 81.2 83.2 85.6 88.4 91.3 95.2 100.2 102.3 107.2 112.7 115.6 115.5 116.9 120.7 126.7 138.1 148.9 159.6 169.4 170.2 164.8 151.2 142.6 136.4 131.6 135.8 140.6 146 150.2 146.3 134.9 128.5 120.8 119.9 118.9 117.5 112.8 113.2 114.4 115.4 117.1 120.5
55 57.3 58.9 59.4 59.6 60.9 63.3 66.1 66.7 64.8 62.7 60.4 59.3 59.2 59.7 60.2 60.3 60.8 61.3 61.8 62.9 64.7 66.4 67.1 68.2 69.4 70.1 70.6 71.2 72 72.2 72.4 72.9 73.1 72.4 71.7 72 72.4 73.4 75.8 79.2 81.9 84.4 86.4 89.3 92.1 95 96.6 102.3 105.6 107 113.2 117.6 118.8 122.1 125.7 134.2 142.7 158.1 166.6 171.3 166.5 152.2 141.7 138.4 132 129.3 134.6 140.4 146.4 144.8 136.7 127.9 121 116.2 115.4 114.5 110.3 109.5 112 113.7 115.4 118.1
51.9 54.1 56 57.3 58.5 59.7 62.2 65.3 67.7 67.4 65.1 62.7 59.9 59 59.5 59.7 59.9 60.4 61 61.6 62.8 64.2 65.4 66.6 67.7 69.1 68.9 69.8 70.7 71.7 71.4 71.9 72.4 72.4 71.6 70.9 71.8 72.4 73.6 76.7 80.5 83.3 85.2 86.7 88.7 91 93.4 96.2 99.6 104.3 104 113.2 119.4 120.2 122.9 127.4 134.2 143.7 155.9 165 167 164.6 152.4 142.5 136.2 132.4 125.1 130.3 135.5 140.2 145.2 140.7 129.2 122.8 115.3 114.1 114 110.5 107.6 109.2 112.9 113.8 116.4
49.8 50.9 53 54.3 55.7 58.5 62 64.8 67.3 67.9 67.7 65.6 62.1 59.8 59.2 59.7 59.4 60.4 61 61.6 63.3 64.4 65.2 66.4 67.1 68.3 68.8 69.4 69.9 70.5 70.7 71.2 71.7 71.6 71.3 70.4 70.9 71.8 74.1 77 80.9 82.8 84.1 85 86.3 88.6 91 93.1 96.8 102.2 98.4 102.1 121.2 122.4 124.3 129.2 135.5 145 153.3 162.6 164.4 162.5 151.5 141.1 134.1 130.3 126 125.2 131.7 134.5 137.4 138 131.1 124.4 116.5 112.2 112.9 112 108.8 106.3 109 112.1 114.3
