Assets/StreamingAssets/GeoData/Data/se/SE53.asc
ncols 200
nrows 200
xllcorner 450000
yllcorner 430000
cellsize 50
[rows 86 to 128 of 200, columns 0 to 95 of 200]
8.1 8.3 8.5 8.4 8.3 8.2 8.1 8 7.8 8.1 8.1 8 8.5 8.8 8.6 7.6 7.5 7.1 7.2 7.2 7.4 8 7.9 7.8 8.1 7.9 7.9 8.1 8.3 8.5 8.5 8.2 8.1 8.1 8 7.9 7.8 7.8 7.2 7.3 7.5 7.7 7.7 7.8 7.8 7.7 7.8 7.4 7.4 7.8 7.9 7.6 7.4 7.1 7.5 7.5 7.5 7.3 7.3 7.1 7.5 7.2 7.5 7.9 7.6 7.2 6.5 7 7.5 7.7 7.9 8 7.8 7.4 7.6 7.9 7.8 7.6 7.6 8.1 8 7.5 7.7 7.9 8.1 7.8 7.7 7 7 7.6 7.8 7.8 7.8 6.9 7.2 8
8.4 8.5 8.7 8.6 8.5 8.4 8.3 7.9 8 7.7 7.9 8.1 7.7 7.5 7.8 7.1 7.6 7.4 7.4 7.5 7.4 8.2 8 7.8 7.7 7.8 7.9 8.1 8.3 8.5 8.1 7.9 7.8 7.8 7.7 7.7 7.9 7.5 7.3 7.3 7.5 7.7 7.7 7.7 7.7 7.8 7.8 7.4 7.2 7.8 7.8 7.5 7.3 7.2 7.9 7.7 7.5 7.4 7.2 7.5 7 7.2 7.6 8 7.8 7.3 7.2 7.4 7.4 7.6 7.8 8 7.9 7.4 7.5 7.8 7.7 7.5 7.4 7.6 7.7 6.9 7.1 7.6 8.1 7.7 7.5 7.3 8.2 8 7.9 7.7 7 7.6 7.3 8.1
8.9 9.2 8.9 8.8 8.7 8.6 8.5 8.4 8.3 8.2 8.1 8 7.9 7.5 8.2 8 7.4 7.4 7.4 7.4 7.4 7.6 8 7.9 7.9 7.9 8 8.2 8.3 8.3 7.8 7.7 7.5 7.7 7.8 8 8.1 7.7 7.4 7.4 7.4 7.6 7.7 7.7 7.7 8 7.8 7.4 7.3 7.3 7.8 7.6 7.3 7.2 7.9 7.8 7.6 7.5 7.3 7.4 7 7.3 7.9 8.2 8 7.5 7.3 7.5 7.2 7.2 7.6 7.9 8.1 7.7 7.3 7.8 7.6 7.5 7.4 7.4 7.4 7.1 7.1 7.4 7.4 7.7 7.9 8 8 8.1 7.8 7.5 7.2 7.2 7.3 7.6
8.8 9 8.9 8.8 8.7 8.5 7.9 8.5 8.4 8.4 8.2 7.9 7.7 7.5 8.6 8 7.4 7.3 7.3 7.3 7.3 7.5 7.9 7.9 8.4 8 8.1 8.2 8.4 8 7.7 7.9 7.6 7.8 8.1 8.2 8.1 7.8 7.6 7.5 7.4 7.5 7.6 7.6 7.9 8.1 7.8 7.4 7.4 7.4 7.8 7.7 7.5 7.2 7.7 7.6 7.5 7.5 7.4 7.4 7.4 7.7 8 8.2 7.9 7.4 7.4 7.4 7.5 7.4 7.8 8 8 7.9 7.7 7.8 7.5 7.4 7.3 7.5 7.2 7.1 7.1 7.2 7.3 7.5 7.7 7.9 7.9 6.8 7.4 7.9 7.7 7.5 7.6 7.7
8.7 9 8.6 8.6 8.6 8.3 8.5 8.6 8.6 8.5 8.5 8.2 7.8 7.4 8.7 8.1 7.5 7.3 7.2 7.2 7.3 7.4 7.6 7.7 8.4 8.1 8.1 8.3 8.4 7.9 8.3 8.2 7.9 7.8 8 8.2 8.2 7.9 7.7 7.6 7.5 7.4 7.6 7.7 8.2 8.1 7.7 7.4 7.5 7.9 7.8 7.7 7.5 7.4 7.1 7.3 7.2 7.2 7.3 7.5 7.5 7.8 8.1 8.2 7.8 7.3 7.4 7.5 7.4 7.2 7.8 7.8 7.8 7.6 7.8 7.8 7.6 7.3 7.2 7.2 7.4 7.6 7.7 7.6 7.1 7.3 7.4 7.7 7.8 7.5 7.8 8 7.8 7.4 7.8 7.8
9 9.4 8.9 8.5 8.4 8.4 8.6 8.7 8.7 8.7 8.6 8.4 8.1 7.5 8.7 8.1 7.6 7.2 7.1 7.1 7.3 7.4 7.5 7.7 8.3 8.4 8.3 8.3 8.2 8.4 8.4 8.6 8.2 7.7 7.8 8 8.1 8.1 7.8 7.7 7.6 7.6 7.6 8 8.3 8 7.7 7.5 7.5 7.9 7.8 7.7 7.6 7.4 7.2 7.1 7.1 7.2 7.2 7.4 7.3 8 8.1 8.1 7.7 7.5 7.4 7.4 7.3 7.4 7.6 7.5 7.5 7.2 7.8 7.9 7.6 7.4 7.1 7.3 7.5 7.6 7.8 7.9 7.7 7 7.2 7.4 7.7 7.4 7.9 8.3 8.1 7.6 7.9 7.8
8.6 9.2 8.7 9 8.4 8.5 8.6 7.8 8.7 8.8 8.8 8.7 8.2 7.7 8.7 8.1 7.6 7.2 7.1 7.1 7.2 7.3 7.4 7.9 8 8.2 8.7 8.2 8.2 8.2 8.1 8.1 7.9 7.7 7.7 7.8 7.9 8.1 7.9 7.8 7.7 7.5 7.7 8.1 8.3 8 7.6 7.6 7.6 7.9 7.8 7.8 7.6 7.4 7.3 7.5 7.3 7.1 7 7.2 7.7 8 8 8 7.6 7.6 7.2 7.4 6.8 7.2 7.6 7.6 7.5 7.3 7.6 7.9 7.6 7.4 7.2 7.1 7.2 7.4 7.6 7.6 7.6 7.4 7.3 7.7 7.8 7.4 7.9 8.3 7.8 7.6 7.6 7.8
8.8 8.9 9 8.9 8.5 8.6 8.6 8.5 8.3 8.2 8.4 8.5 8.2 8.8 8.7 8.3 7.9 7.2 7.4 8 7.7 7.1 7.6 8.1 8 8.1 8.5 8.1 8.1 8.1 8 7.9 7.8 7.6 7.7 7.8 7.8 7.9 8 7.5 7.6 7.8 7.9 7.6 8.1 7.9 7.7 7.7 7.7 7.8 7.8 7.8 7.6 7.5 7.6 7.8 7.8 7.6 7.4 7.1 7.6 8 8 7.9 7.5 7.2 6.9 7.4 7.5 7 7.2 7.6 7.3 7.7 7.3 7.7 7.7 7.4 7.2 7.1 7.1 7.2 7.3 7.4 7.4 7.3 7.5 7.8 7.5 7.5 7.9 8 7.7 7.7 7.9 7.6
7.8 8.9 8.9 8.8 8.7 8.6 8.5 8.4 8.3 7.7 8.3 8.1 8.1 8.8 8.5 8.1 7.7 7.2 8 7.6 8.3 7.9 7.5 7.8 7.5 7.7 7.9 7.9 8 8 7.9 7.7 7.7 7.6 7.6 7.7 7.8 7.9 8.1 7.7 7.8 8 7.9 7.5 7.5 7.6 7.7 7.7 7.8 7.8 7.8 7.7 7.7 7.7 7.6 7.7 8.1 7.9 7.8 7.7 7.6 7.9 8 7.8 7.4 7.2 7.4 7.5 7.6 6.8 7.3 6.1 7.2 7.7 7.4 7.3 7.6 7.5 7.2 7.1 7.1 7.1 7.3 7.1 7 7.1 6.8 7 7.9 7.9 7.7 7.7 7.7 7.1 7.8 7.4
8.3 8.8 8.8 8.7 8.6 8.5 8.4 8.3 8.2 8.1 8.2 8.2 8.1 8.7 8.5 7.9 7.5 7.4 7.9 8 8.4 8.1 7.6 8.2 7.7 7.5 7.5 7.7 7.8 7.9 7.6 7.6 7.6 7.5 7.6 7.8 7.9 8.1 8.2 8 8.1 8.2 7.9 7.3 7.5 8.1 8.4 8.3 7.8 7.8 7.8 7.7 7.8 7.9 8.1 8.1 8.1 7.9 7.6 7.2 7.6 7.9 7.7 7.3 6.6 6.8 6.7 7.3 6 7.2 7 7.7 7.8 7.4 7.1 7.6 7.4 7.6 7.3 7.1 7.2 7.3 7.4 7.6 7.5 7.3 7.6 7.5 7.8 7.7 7.4 7.3 7.4 7.6 7.8 7.4
8.1 8.7 8.5 8.4 8.4 8.3 8.1 8 7.9 8 8.1 8.1 8.2 8.8 8.7 8.4 8.1 7.4 6.9 8 8.1 7.8 8.2 8 8 8.2 8 7.7 7.6 7.8 7.4 7.8 7.8 7.6 7.7 7.8 8 8.2 8.3 8 7.7 8 8.5 7.3 7.8 8.6 8.2 8.2 8 7.7 7.6 7.8 8 8.2 8.3 8.2 8.1 8 7.7 7.4 7.4 7.7 7.6 6.9 6.6 6.8 7.1 6.8 7.2 7.2 7.6 7.8 7.7 7.4 7.1 7.8 7.3 7.7 7.4 7 7.1 7.2 7.1 7 7.5 7 7.3 7.4 7.7 7.9 7.7 7.5 7.3 7.6 7.8 7.4
7.7 7.6 7.6 7.8 8 8 7.9 7.7 7.8 8 8.1 8.2 8.6 8.9 8.7 8.5 8.3 7.9 7.6 7.5 8.4 8.3 7.8 7.7 7.4 8 8.1 7.9 7.6 7.5 7.9 8.2 8.1 7.9 7.6 7.8 8 8.2 8 8.3 8.3 7.8 7.7 7.6 7.7 8 8.1 8.2 8.3 7.7 7.8 8.1 8.3 8.4 8.4 8.3 8.2 8.1 7.6 7.2 7.3 7.6 7.5 7.3 6.6 6.9 7.3 7.5 7.6 7.7 7.7 7.7 7.7 7.4 7.2 7.5 7.6 7.9 7.4 7.2 7.4 7.6 7.9 7.3 7.7 7.8 7.2 7.5 7.9 7.9 7.8 7.8 7.6 7.9 7.6 7.3
7.3 7.3 7.5 7.7 7.7 7.5 7.5 7.5 7.8 7.9 7.9 7.8 8.3 8.9 8.8 8.6 8.5 8.3 8 7.6 7.5 7.8 8.1 7.9 7.4 7.5 8.1 8 7.7 7.8 7.4 8.1 8.2 8.1 7.8 7.8 8 8 7.6 7.9 8.3 7.9 7.7 7.6 7.3 7.8 7.8 8 8.3 7.9 7.9 8.2 8.4 8.5 8.4 8.3 8.2 7.9 7.6 7.2 6.6 6 7.8 7.5 6.6 7.1 7.2 7.4 7.5 7.5 7.5 7.6 7.7 7.4 7.1 7.3 7.1 7 7.2 7.4 7.2 7.8 7.9 7.5 7.6 7.7 7.8 7.5 7.4 7.9 7.6 7.2 7.7 7.5 8.1 7.8
7.4 7.7 8 8.3 8.4 8.4 8.4 8.3 8.1 8.2 7.6 7.5 8.2 8.9 8.8 8.6 8.3 8.2 7.7 7.4 7.3 7.3 8.6 8.2 7.7 7.6 7.6 8.1 7.8 8 7.7 8.1 7.9 7.8 7.8 7.7 7 7.6 7.2 7.2 8.3 8.4 8.3 7.7 7.4 7.5 7.6 7.9 8.2 8 8.1 8.3 8.4 8.4 8.4 8.3 8 7.7 7.3 6.4 7.2 7.3 7.1 7.2 7.3 7.2 7 7.1 7.1 7.2 7.4 7.6 7.8 7.8 7.4 7.2 7.6 7 7.6 7.8 7.8 7.7 7.5 7 7.2 7.7 7.2 6.7 7.2 7.8 7.5 7.2 7 7.4 8.3 7.8
7.6 7.9 8.3 8.3 8.1 8.3 8.3 8.3 8.5 8.4 8.2 7.9 8.1 8.9 8.6 8.3 8.1 8.1 7.6 7.5 7.7 8.6 8.6 8.4 7.9 7.9 7.9 7.9 8 8 8 7.8 7.6 7.5 8 7.9 7.5 6.9 6.9 7.8 7.9 8.1 8.3 7.9 7.5 7.2 7.3 8 8.2 8.2 8.2 8.3 8.3 8.4 8.3 8.1 7.8 7.4 7.1 7 7.2 7.3 7.1 7.1 7.4 7.3 7.2 7.1 6.9 7.1 7.4 7.6 7.8 7.7 7.7 7.4 7.3 7.2 7.5 7.9 7.5 7.4 7.2 7.1 7.4 7.7 7.8 7.4 7.1 7.7 7.5 7.3 7.9 7.8 7.8 8
7.9 8.2 8.3 8.1 8 8.1 8.3 8.5 8.2 8.2 8.2 7.6 8.3 9.2 8.9 8.5 7.8 8.2 7.7 7.1 8.2 8.9 8.7 8.5 8.2 8.1 8.1 8 8 7.3 7.6 7.4 7.5 7.5 7.9 8.3 8 7 7.6 7.7 7.8 8 8.2 8.1 7.6 7.3 7.6 7.8 8.1 8.2 8.2 8.2 8.2 8.2 8.2 7.9 7.5 7.2 6.8 7 7.2 7.3 7 7.2 7.8 7.7 7.5 7.2 7 6.9 6.7 6.6 7 7 7 7.4 6.8 7.6 7.6 7.7 7.6 7.1 7.2 6.7 7.6 7.6 7.7 7.8 7.8 7.5 7 8.3 7.3 7.2 7.3 7.7
8.2 8.2 8.1 8 7.8 7.9 8.6 8.6 8.3 8.3 8.3 7.1 8.1 9.7 8.2 8.4 8.3 7.6 6.8 8 8.1 9 8.3 7.6 7.8 7.8 7.7 7.6 7.7 7 7.3 7.9 7.9 7.7 7.6 8.4 8.2 7.5 7.3 7.5 7.6 7.9 8 7.7 7.7 7.8 7.9 7.4 7.5 7.7 8.1 8.1 7.9 7.8 7.7 6.7 6.7 7 6.8 7 7.2 7.2 7 7.6 8 7.8 7.6 7.4 7.2 7 6.8 6.6 6.9 7.5 7.2 6.9 7.3 7.3 7.5 7.4 7.6 7.2 7.1 7 5.6 6.7 7.6 7.8 7.8 7.3 7.7 7.5 7.4 7.3 7.1 7.6
8.2 8.1 8 7.8 7.7 7.9 8.5 7.9 7.8 7.3 7.7 7.6 7.2 9.2 7.9 8.2 8.4 8.2 7.7 7.3 7.9 7.7 7.2 6.9 7.2 7.3 7.3 7.4 7.1 6.7 7.5 7.5 7.8 7.9 7.9 8.4 8.1 7.7 7.1 7.3 7.5 7.7 7.9 7.4 7.6 7.8 7.9 7.8 7.9 7 7.8 8 7.5 7.3 7.2 7 7.2 7.1 6.8 6.8 7.1 7.1 6.8 7.6 7.9 7.8 7.7 7.5 7.3 7.1 6.8 6.5 6.8 7.4 7.2 7.2 7.1 7.1 7.4 7.4 7.4 7.3 7.1 6.9 6.7 7.3 7.5 7.7 7.3 7.3 7.9 7.4 7.3 7.2 7.5 7.8
7.9 7.6 8.2 7.2 7.5 8.3 8 7.7 7.6 7.7 7.8 7.2 7.6 8.9 7.7 7.8 8.2 7.8 7.8 7.4 6.4 8 7.6 7.7 6.9 6.5 7 7.1 6.9 6.8 6.7 6.6 6.8 6.8 7.2 8.3 8 7.7 7.3 7.1 7.3 7.6 7.7 7.3 7.6 7.8 7.6 8.2 7.7 7.1 7.5 8 7.3 7.1 6.5 6.8 7 7.1 6.8 6.6 6.9 7 7.2 7.2 7.7 7.6 7.5 7.5 7.1 6.7 6.4 6.6 6.9 7.3 7.4 7.5 7.3 6.9 7.2 7.5 7.4 7.4 7.5 7.3 7.1 7 6.9 7.4 7.2 7.4 7.8 7.8 7.4 7.6 7.9 7.9
7.9 7.9 7.8 7.4 7.9 8 7.9 7.8 7.7 7.7 7.7 7.8 7.8 9.4 7.3 7.4 7.8 7.5 7.6 6.7 8.1 7.4 7.2 7.5 7.7 7.5 7.4 7.2 7.1 7.2 7.3 7 6.9 7.3 7.6 8.2 7.9 7.6 7.5 7.3 7.6 8 7.4 7.2 7.3 7.7 8.1 8.2 7.3 7.5 7 7 7.4 7.4 6.9 6.4 6.9 6.5 6.8 6.6 6.7 6.9 7.1 7.2 7.3 7.4 7.5 7.3 6.9 6.4 6.4 6.8 7.2 7.4 7.5 7.6 7.5 6.8 7.1 7.5 7.4 7.3 7.3 7.5 7.5 6.9 6.7 7.1 7.3 7.5 7.5 7.6 7.3 7.5 7.8 7.6
7.6 7.5 7.6 7.8 8.2 8 8 7.9 7.8 7.7 7.7 7.8 7.9 8.8 7.5 7.2 6.9 6.8 6.9 7.7 8 8 7.9 7.9 7.9 7.8 7.7 7.3 7.3 7.5 7.6 7.4 6.5 6.7 7.7 8.2 8.1 8 7.8 7.7 8 7.7 7.5 7.3 7.1 7.3 8.2 8.2 7.8 7.5 7.2 7.2 8.2 7.7 7.2 7.7 7.9 7.6 7.1 6.6 6.4 6.6 6.4 6.8 7.2 7.6 7.4 7 6.7 6.4 6.6 7.1 7.5 7.4 7.5 7.6 7.7 6.7 7 7.5 7.3 7.2 7.3 7.2 7 7.1 7.2 7.4 7.7 7.5 7.4 7.3 7.3 7.5 7.5 7.5
7.4 7.7 8 8.2 8.2 8 7.9 7.9 7.9 7.8 7.7 7.8 7.9 9.1 7.9 7.7 7.5 7.3 7.4 7.7 8 8.1 8 8.1 8.2 8.1 7.8 7.4 7.5 7.6 7.8 7.3 6.5 7 7.5 7.8 8.2 8 7.9 8 7.9 7.8 7.6 7.5 7.2 6.9 7.4 7.8 7.9 8.2 7.9 7.8 8.1 7.6 7.6 8 8.2 7.6 7.7 7.7 6.8 6.4 6.5 6.2 6.5 7.6 7.6 7.5 7.1 7 6.7 7.2 7.4 7.4 7.4 7.6 7.5 6.5 7 7.5 7.3 7.1 7.3 7.3 7.1 7 7.2 7.4 8.5 8.4 8.1 7.9 7.6 7.6 7.6 7.7
7.9 8.2 8.2 8.4 8.2 8 7.9 7.9 7.9 7.9 7.8 7.8 7.9 8.5 8.3 8.2 8 7.8 8.2 8.6 8.1 8.2 7.9 8 8.1 8.2 7.9 7.5 7.7 7.8 7.8 7.3 6.8 7 7.4 7.8 8.2 7.8 8 8.2 8 7.9 7.7 7.6 7.3 7.1 6.9 7 7.3 7.6 8.2 8 7.7 7.5 8 8.2 8.2 8.2 7.9 7.3 6.9 6.6 6.4 6.4 6 6.5 7.1 7.5 7 6.7 6.7 6.9 7.1 7.2 7.2 7 6.2 6.6 7 7.5 7.3 7 7.1 7.3 7.1 7 7.2 7.4 8.1 8.3 7.9 7.5 7.1 7.1 7.4 7.2
8.6 8.5 8.5 8.4 8.2 8 7.9 7.8 7.8 7.8 7.8 7.8 8 8.3 8 7.9 7.8 7.8 7.9 8.9 8.5 8.4 7.8 7.9 8 8.2 8.3 7.7 7.8 7.8 7.9 7.6 7.2 7 7.4 7.8 7.8 7.8 8 7.8 7.6 7.6 7.6 7.7 7.5 7.4 7.2 7.1 6.9 7.8 8.1 8.1 8 7.9 8.1 8.2 8.2 7.6 8.1 7.7 7.3 7 6.8 6.9 6.6 6.4 6.6 7.3 6.9 6.8 6.7 7 7.1 7 6.8 6.6 6.7 6.6 7.1 7.3 7.1 5.8 6.9 5.5 6.7 6.9 6.9 7 7.5 8.1 7.9 7.5 7.3 7.3 7.4 7.4
8.3 7.6 8.6 8.4 8.2 8.1 7.9 7.7 7.7 7.7 7.7 7.9 7.9 8.6 7.8 7.8 7.7 7.7 7.9 8.5 8.4 8.4 8.3 7.8 7.9 8.1 8.2 8.1 7.6 7.6 7.6 7.7 7.4 7.1 6.6 7 7.5 7.8 7.7 7.6 8.1 7.9 7.9 7.8 7.6 7.5 7.4 7.3 6.2 7.2 7.7 7.6 7.5 7.8 8 8.2 8.2 8 7.9 7.5 7.7 7.5 7.3 7.2 6.5 5.3 6.8 7 7 7 7 6.5 6.5 6.6 6.4 6.7 6.8 6.9 7.1 7.1 7 7 7 7 6.9 6.4 6.6 6.9 7.3 7.6 7.9 7.6 7.5 7.4 7.5 7.2
7.8 7.9 8.6 8.4 8.2 8.1 7.9 7.7 7.6 7.6 7.6 7.9 7.9 8.2 7.9 8.1 8 8.2 8 8.3 8.3 8.2 8.2 8.2 7.8 8 8.1 8.2 8.3 7.3 9 8.1 7.3 7.1 6.4 6.1 6.9 7.6 7.8 8.2 8.5 8.3 7.9 7.9 7.8 7.6 7.5 7.4 6.5 6.7 7.4 7.1 7.1 7.7 7.9 8 7.6 8 7.6 7.3 7.6 7.5 7.4 7.2 6.5 6.5 7.1 7 7 7.1 6.5 6 5.9 6.6 6.2 6.5 6.8 7 7 7.1 7 7 7 7.1 7 7.1 6.7 7.2 7.7 7.8 7.6 7.8 7.7 7.6 7.6 7.9
7.9 7.8 8.6 8.4 8.2 8.1 7.9 7.7 7.6 7.5 7.8 7.9 8 8.2 7.9 7.7 8.1 8.1 8.2 8.3 8.3 8.2 8.1 8 8 7.9 8 8.1 8.2 10.1 14.7 14.6 14.1 7.4 6.3 6 6.1 6.4 6.8 7.2 7.8 8.1 7.7 7.7 7.8 7.8 7.6 7.2 6.9 6.6 7 6.7 7.2 7.5 7.7 7.3 7.4 7.7 7.9 7.6 7.5 7.4 7.3 7.2 6.4 6.7 7.1 6.4 6.9 7 6.2 4.7 5.5 5.9 6 6 6.5 6.6 6.7 6.7 6.9 7 7.1 7.2 6.9 6.9 6.9 7.6 8 7.7 7.2 7.1 7 7.2 6.8 12.9
8 8.2 8.5 8.4 8.2 8.1 7.9 7.7 7.6 7.5 8 8 7.9 8.2 7.9 7.8 7.8 8 8.4 8.3 8.3 8.3 8.2 8.1 8 7.9 8.1 8.1 8.2 11.1 14.3 14.7 14 6.8 6.5 5.8 5.8 5.8 5.9 6.1 7.2 7.7 7.5 7.5 7.5 7.7 7.5 7.3 7.1 6.8 6.5 6.6 7.2 7.4 7.2 7.3 7.7 8 7.8 7.6 7.6 7.5 7.3 7.2 7 5.9 6.6 6 6 6.6 6.2 5.7 6.5 6 4.6 4.8 6 6.6 6.6 6.2 6.7 6.8 7 7.2 7.1 6.9 7.1 7.4 8.2 7.8 7.3 7.5 7.4 6.8 10.5 7
8.9 8.9 8.5 9 8.1 8 7.8 7.6 8.1 8 8.1 8 8.1 8.4 8.4 8 8.1 8.3 8.4 8.4 8.3 8.3 8.2 8.1 8 7.8 7.8 8.7 8.6 14 14.3 14.5 12.4 6.6 7 6.5 6.1 6.6 6.5 6.2 7 6.4 7.3 7.8 7.5 7.3 7.1 6.9 6.8 7 6.7 6.7 7.1 7.2 7.4 7.6 7.8 7.9 7.8 7.6 7.6 7.5 7.4 7.3 7.3 6.5 6 5.7 6 5.6 5.8 6 6.5 6.5 6.3 5.7 5.9 6.5 6.3 6.5 6.6 6.8 7 7.2 7.1 6.9 7.1 7.4 8 7.6 7.4 7.6 7.6 9.1 7.2 7.3
7.9 8.2 8.4 8.6 9 7.9 7.9 8 8 7.9 7.8 7.8 8.2 8.7 8.1 8.5 8.5 8.6 8.5 8.5 8.4 8.3 8.2 8.1 7.8 7.8 7.8 7.8 9 14.3 14.6 14.4 9.2 7.4 6.8 6.9 7 7.5 7.1 6.7 7 6.2 7 7.3 7.1 7 6.8 6.8 7.3 7.2 6.8 5.8 6.9 7.2 7.4 7.6 7.8 7.8 7.7 7.6 7.4 7.6 7.4 7.4 7.4 6.9 6.1 6 6.1 6.2 6.2 6.1 6.3 6.5 6.7 5.7 5.8 6.1 6.5 6.5 6.5 7.1 7.1 7.2 7.1 6.9 7.1 7.3 7.9 7.4 6.9 8.4 7.4 7.2 7.3 7.4
7.9 8.3 8.4 8.5 8.1 9.6 7.9 7.9 7.8 7.7 7.5 7.5 8.5 7.9 7.9 8.3 8.4 8.5 8.5 8.4 8.3 8.3 8.2 7.9 7.7 7.7 7.7 7.7 7.7 8 8.8 7.7 8.1 7.7 6.6 7.1 7.4 7.7 7.6 7.3 7.1 6.2 6.4 7.2 7 6.9 6.8 7.1 6.8 6.3 6.2 5.9 6.3 6.9 7.4 7.6 7.8 7.8 7.6 7.5 7.3 7.6 7.5 7.5 7.5 6.8 6.6 6.4 6.5 6.6 6.7 6.7 6.3 6.4 6.9 5.9 6.3 6.4 6.8 6.6 6.4 7 7.4 7.1 7 6.9 7 7.3 7.3 8 8.2 8.2 7.6 7.1 7.2 7.4
8 8.3 8.4 8.6 8.2 8 8.8 7.8 7.7 7.7 7.6 7.7 8.8 8 7.9 7.9 8.1 8.3 8.2 8.2 8.2 8.2 8.1 7.7 7.7 7.7 7.8 7.8 7.7 7.5 7.7 7.5 7.6 7.6 7 7 7.1 7.2 7.5 7.1 7.1 7 6.2 5.9 5.9 5.6 6.1 7.6 6.3 6 6 6.5 6.2 6.2 6.7 7.5 7.7 7.7 7.5 7.4 7.3 7.7 7.3 7.3 6.9 6.9 7.1 6.9 6.8 7 7.1 7.2 6.9 6.6 6.9 5.8 5.8 6.8 6.8 6.6 6.4 6.7 7.5 7.2 7.2 6.7 8 7.2 6.9 7.5 7.9 7.8 7.7 7.1 7.2 7.3
8 8.2 8.2 8.3 8.2 8 7.8 8.9 8 8 8 8 8.4 8 7.9 7.9 8.6 8 8 8 8.1 8.1 8 7.7 7.8 7.8 7.9 7.8 7.7 7.5 7.3 7.1 7.3 7.6 7.4 6.9 7.1 7.1 7.1 7.3 7.2 7.1 7.1 6.5 7 6.5 5.8 5.9 5.8 7.1 6.8 6.4 6.6 6.2 6.7 7.2 7.7 7.7 7.6 7.5 7.3 7.6 7.3 6.9 6.8 6.9 6.9 7.3 7.2 7.3 7.5 7.5 7.2 7 6.8 5.9 5.7 6.8 6.8 6.6 6.4 6.4 7.2 7.7 7.8 7.9 7.1 7.1 6.9 7.3 7.5 7.4 7.3 7.2 7.1 7.3
7.9 8.1 8.4 8.3 8.1 7.9 7.8 7.8 10.2 8.2 8.1 8 8.5 8 7.9 8.1 8 7.8 7.9 7.9 8 8 7.9 7.8 7.8 7.9 7.9 7.8 7.6 7.4 7.3 6.9 7.2 7.7 7.6 7 7.1 7.1 7.2 7.5 7.5 7.4 7.5 7.6 7.6 7 7.3 6.7 7.7 7.2 6.8 6.3 6.9 6 7 7.4 7.7 7.8 7.7 7.6 7.7 7.3 6.9 6.7 6.8 6.8 6.9 7 7.4 7.6 7.5 7.4 7.1 6.6 6.4 5.8 4.6 6.5 6.8 6.8 7.1 8.4 7.4 7.6 7.2 6.6 6.9 7.3 7.4 7.4 7.4 7.3 7.1 7 7.1 7.3
8.3 8.4 8.6 8.3 8.1 7.9 7.7 8.1 8.3 7.9 7.8 7.8 8.7 7.9 7.9 8.1 8 7.9 7.9 7.9 7.9 8 7.8 7.9 7.9 8 7.9 7.7 7.6 7.4 7.2 6.9 7.4 7.8 7.3 7.1 7.1 7.1 7.4 7.7 7.8 7.7 7.8 7.9 7.7 7.5 7.6 7.5 7.5 7.1 6.7 6.5 6.8 5.9 6.7 7.4 7.7 7.8 7.8 7.8 7.5 7.2 7 6.9 6.8 6.9 6.9 6.9 7 7.6 7.5 7.4 7.1 6.6 6.4 6.3 5.3 5.8 7.1 7.8 6.6 7.9 7.4 7.2 6.8 7.1 7.3 7.5 7.4 7.4 7.3 7.2 7.1 7.1 7.2 7.4
9.1 8.4 9 8.8 8.1 8.2 8 7.6 7.7 9.2 7.9 7.7 8.8 7.8 7.8 8.4 8.2 7.8 8.2 8.1 8 7.9 7.9 8 8 8.1 7.9 7.7 7.5 7.3 7.1 6.9 7.5 7.6 7.2 7.1 7.1 7.2 7.5 7.9 8.1 8 8.2 8 7.7 7.5 7.3 7.1 7 6.8 6.5 6.6 6.9 6 5.9 7.4 7.6 7.8 7.8 7.9 7.7 7.4 7.1 7 7.2 6.9 7 7 7.4 7 7.6 7.3 7.6 7.3 7.9 7.5 7.2 7.7 6.1 7 7.2 7.3 7.5 7.2 7.3 7.5 7.6 7.5 7.4 7.3 7.3 7.3 7.1 7.2 7.3 7.5
9.3 9.4 8.8 8.1 8.1 8.1 7.7 7.8 7.8 9.7 7.5 7.4 8.8 8.5 8 8.4 8.1 7.9 7.6 8.4 8.3 7.9 7.9 7.9 8 7.9 7.8 7.6 7.4 7.2 7.1 7 7.7 7.7 7.3 7.2 7.2 7.4 7.7 8.1 8.4 8.4 8.1 7.8 7.5 7.3 7.1 6.9 6.6 6.4 6.2 6.7 6.2 5.9 5.6 7.4 7.6 7.7 7.7 7.9 8 7.7 7.7 7.9 7.3 7.4 7 7.8 8.1 8 7.9 7.4 7.7 7.4 7.5 7 5.9 4.2 6.3 7 7.3 7.4 7.5 7.3 7.4 7.7 7.7 7.6 7.5 7.4 7.3 7.2 7.2 7.2 7.3 7.3
8.8 9.3 8.5 8.3 8.1 8 7.9 7.8 7.6 8.7 7.5 7.5 8.9 9 9 8.5 8.2 8 7.7 8.7 7.9 7.9 7.8 7.9 7.9 7.8 7.6 7.5 7.3 7.1 7 7.6 7.9 8.2 7.4 7.3 7.2 7.5 7.9 8.3 8.6 8.2 8 7.7 7.4 7.1 6.8 6.6 6.3 6 5.9 6.1 4.8 5.5 5.3 6.3 7.6 7.6 8.1 8.4 7.5 7.2 7.4 8 8.3 7.2 8.1 8.1 7.6 7.1 6.9 7.8 7.5 7.2 6.9 6.6 6 5.4 6.3 7.1 7.3 7.4 7.4 7.4 7.5 7.8 7.7 7.6 7.5 7.3 7.1 7.2 7.2 7.2 7.2 7.2
8.4 8.6 8.4 8.4 8.2 8.1 7.9 7.9 7.8 8.3 7.8 7.8 8.9 9 9.1 8.3 8.3 8 8.4 8.1 7.9 7.8 7.8 7.8 7.8 7.7 7.5 7.3 7.2 7.2 7.4 7.4 7.7 8.2 7.6 7.4 7.3 7.9 8.2 8 8 7.6 7.5 7.4 7.3 7.1 6.9 7 6.4 5.7 5.5 5.2 5.4 5.8 5.2 6.3 7.4 7.9 7.9 7.3 6.7 7 7.2 7.7 7.2 7.7 7.6 7.3 7.1 7.3 7.7 7.7 7.5 7.2 6.9 6.6 6.4 6 6.2 6.9 7.2 7.3 7.4 7.4 8 7.8 7.7 7.5 7.3 7.1 7.1 7.1 7.1 7.7 7.6 7.4
8.8 9.2 9.2 8.9 8.8 9.1 8.9 8.2 8.4 8.6 8.6 8.5 8.9 8.7 9.4 8.6 8 8.1 8.2 8.4 8 7.8 7.7 7.7 7.7 7.5 7.5 7.4 7.4 7.3 7.7 7.3 7.6 8 7.8 7.6 7.4 8.3 8.2 7.9 8.3 7.7 7.8 7.7 7.6 7.4 7.3 7.7 7.2 6.8 6.4 5.6 6.6 6.3 7.3 6.6 7 7.5 7.2 6.9 7 7 7.1 7.8 7.7 7.5 7.6 7.3 7.1 7.2 7.5 7.6 7.4 7.1 6.8 6.5 6.4 5.6 5.7 6.7 7.4 7.6 7.8 7.7 7.8 7.7 7.5 7.3 7.2 7.1 7 7 7 8 7.7 7.6
8.6 8.6 9.5 8.9 8.1 9.2 9.1 8.4 8.4 8 7.4 9 8.9 7.5 11 10 9.8 9 7.8 7.5 8.9 8.9 8.3 8 8.9 7.6 7.7 7.6 7.5 7.5 8 7.3 7.7 8.3 8.5 8.6 8.8 9 8.1 7.9 8.3 7.8 7.8 7.8 7.8 7.6 7.9 8.1 7.3 7.1 7.8 7.8 7 7.7 5 4.9 6.7 7.3 7.6 7.3 7.3 7.3 7.2 7.7 7.4 7.3 7.1 7.4 7.2 7.1 7.3 7.5 7.3 7.1 6.8 6.5 6.8 4.1 5.9 6.9 7.5 7.9 8.3 7.8 7.4 7.5 7.4 7.2 7 7 7 7 7.1 6.9 6.5 6.8
8.5 9 9.5 9.4 9.1 9.5 8.7 8.6 7.8 10.4 8.7 8.6 8.9 12 11.5 10 8.5 8.3 8.8 8.2 8.6 7.9 8.2 8.4 8 8.5 8.5 8.1 8.3 7.8 6.8 8.2 7.9 7.3 7.5 7.6 8 8 7.7 8 8.2 8 7.8 7.9 8.3 8.4 8.5 6.8 6.5 6.8 7.6 7.2 7.7 7.1 6.5 5.5 5.2 6.1 6.7 7.6 7.6 7.5 7.4 7.6 7.3 7.1 6.5 6.9 7.4 7.2 7.4 7.2 7.2 6.9 6.5 6.7 6.7 4.3 6.1 7 7.3 7.8 8.1 7.8 7.3 7.2 7.2 7 7 7 7.1 7.2 7.3 7.2 7.8 9
8.7 9.4 8.4 8.4 8.6 9.1 8.7 9.5 10.2 11.4 11 9 8.9 8.5 9.1 10.1 8.1 8.6 8 7.8 7.8 7.7 7.9 8.2 8.4 8.3 8.3 7.8 7.9 8.1 7.9 7.9 7.5 7.7 7.9 8.4 8.5 8.3 10.7 11.3 7.7 6.8 6.9 9 7.9 8 7.8 7.9 7.7 7.5 7.1 6.7 7.1 6.3 6.3 5 5.2 5.2 6.7 7.4 7.9 7.8 7.7 7.5 7.2 6.9 6.4 6.5 7.1 7.3 7 6.7 7.4 7.1 6.8 6.8 6.3 4.2 5.9 6.9 7.3 7.1 7.7 7.7 7.2 7.1 7 6.9 7.1 7.2 7.3 7.4 7.5 7.4 6.9 7.8
