Assets/StreamingAssets/GeoData/Data/se/SE69.asc
ncols 200
nrows 200
xllcorner 460000
yllcorner 490000
cellsize 50
[rows 0 to 34 of 200, columns 78 to 155 of 200]
203.5 193.7 185 181 184 184.8 186.9 189.5 199.9 210.2 217.4 221.3 227.1 234.7 238 248.1 258.2 263.4 264.6 265 262.7 261 259.2 256.7 255.9 253.7 251.6 253 255.9 257 262.3 271.3 281.5 291.3 301.6 316.2 328.3 342.5 356.5 366 373 380.5 387.3 391.7 394.7 397.5 399.1 400.4 402 403.7 405.1 406 406.5 406.1 404.5 400.8 396.7 392.8 389.4 387.1 384.6 381.5 378.2 375 373.1 371.1 368 370.4 374.7 377.5 380.4 382.9 385.6 388.7 392.7 397.2 401.1 402
208.2 197.5 185.5 179.4 180.5 182.2 184 185.2 199 209.3 213 217.8 222.6 225.3 233.2 240.1 247.2 251.8 253.5 254.1 252.7 251.4 248.9 247 244.7 244.5 243.8 245.2 247.9 250 258.3 267.1 276.9 286.8 301.7 317.7 329.8 344.9 359.6 367 373.5 381.4 386.4 389.5 392.6 395.6 397.9 399.5 400.9 402.3 403.6 404.6 404.9 404.6 402.1 397.9 394.1 390.6 387.6 384.7 381 376.7 372.2 369.5 365.6 363.7 363.4 367.1 371.2 373.3 375.3 377.5 379.9 384.1 389.3 395.1 399.2 400.9
213.2 201.7 190.6 180.4 178.3 178.3 177.5 175.9 178.5 189.1 207 214.8 208.1 217.5 229.1 235.4 239.8 242.8 243.6 241.7 241.7 240.5 239.1 236.3 232.4 233.8 234.2 238.4 240.2 245.9 252.8 261.7 272.5 284.1 300.7 318.9 331.9 345.9 361.6 368 373.6 379.3 383.4 386.6 389.9 392.2 395.2 397.3 398.3 399.6 401.2 402.6 403.1 402.4 400 396.1 392.1 388.7 385.6 382.4 376.4 371.1 367.2 363.2 360 357.6 353.9 364 368.1 370.2 371.9 373.9 377.1 380.1 386.8 392.5 397.2 400.1
217.7 210.8 201.9 188.4 179.1 174.5 174.7 173.1 171.5 172.4 182.8 189.3 204.8 221.4 226.8 232.8 234.6 234.5 233.3 231.7 231.7 232.6 231.2 226.1 218.1 220.9 219.8 225.7 233.9 239.7 249.1 258.3 268.7 282.6 297.5 317.4 331.6 345.3 359.6 368.1 369.2 373.9 378.1 382.8 385.5 388.2 392.2 394.3 395.5 396.8 398.2 399.5 400.2 400.3 397.8 394.5 390.6 386.9 383.4 379.2 372.1 366.9 361.8 357.2 353.7 349.5 352.8 359.2 364 366.1 368 371.1 374.3 377.7 383.9 390.1 395.3 398.4
221.4 213.6 205.3 194.5 185.9 181.8 178.9 175.7 173.6 170.8 169.3 174.6 200.7 215.1 222.7 225.3 228.6 229.4 228.6 226.5 226.3 226.6 224.5 214.5 207.8 204.5 213 222.8 229.6 236.7 245.2 255.7 267.2 279.2 294.4 314.5 328.4 341.8 354 360.1 363.4 369.7 374.6 378.5 380.9 382.9 387 389.5 391.6 393.1 394.8 396.1 397.3 397.6 395.9 393 389.3 385.5 381.8 376.9 368.9 361.6 355.4 349.6 344.4 330.3 346.3 353.5 358.3 361.1 366 369.2 371.7 376.1 381 386.3 391.8 396.1
223.5 215.5 207.7 198.8 190.4 186 182.1 178.5 175.8 172.8 170.5 167.2 183.3 214.3 220.4 221.1 222.2 226 223.8 220.7 218.1 220 219.6 216.7 201.3 204.8 211.9 218.9 225.6 233.5 242.1 253.1 264.2 276.1 288.9 304.4 320.9 333.9 344.9 351.9 361.3 367.5 371.7 374.3 375.9 376.9 378.9 382 384.4 387.2 389.5 391.5 394.1 395.1 394.4 392 388 384.2 380 374.3 363.6 356.3 347.7 329.6 326.9 311.6 339.2 347.8 354.1 359 362.7 366.6 369.8 374.4 378.7 383.7 388.9 393.4
223.4 215.8 208.8 201.4 194.4 189.6 184.8 180.4 176.9 173.9 171.1 168.7 170.4 182.5 205.6 217 216.9 218.2 217.4 214.9 211.6 213.6 214.3 210 196.3 203.4 210.1 214.4 221.4 231.3 239.9 248.4 259.7 270.1 281.2 293.5 308.7 324.8 334.4 347.3 360.2 365.2 367.6 369.5 370.1 370.8 371.9 374.3 376.5 380.4 384.2 387.9 390.7 392.2 392.3 390.5 386.5 382.7 377.4 368.4 359.6 350.7 340.7 316.5 306.3 308.6 328.9 340.8 349.9 354.4 359 364 369 373 376.7 380 384.8 389.2
226.7 217.7 209.6 203.1 196.3 191.3 185.4 181.5 177.7 174.5 172.3 169.9 165.7 170.3 183.9 200.5 214.9 216.7 215.4 212.2 207.8 207.9 209.3 198.7 189.2 201.9 206.8 212.1 219.9 228.5 237.2 244.3 253.3 264.5 274.7 285.8 294.2 313.8 326.1 340.5 356.6 362.9 364.1 364.5 363.7 364.1 364 365.7 369.8 373.4 379.2 384.3 386.9 388.6 389.6 388.2 384.6 381 375.2 365 354.8 345.3 334.5 306.2 296.7 300 305.6 324.4 334.7 347.8 353.6 360.1 367.8 371.8 374.4 376.9 380.6 384.6
227.4 218 211.2 204.2 197.8 191.4 185.9 182.1 179 176 173.2 170.8 167 167.3 173.4 192.6 212.6 214.9 213.6 210.7 203.7 200 203.8 191.3 190.7 198.6 202.8 208.5 216.4 223.4 232.3 239.5 245.9 256 264 274.7 289.9 303.4 318.1 334 349.3 356.5 358.8 357.4 355.9 355.4 356.1 358 361.5 365.5 371.5 377.9 381.6 383.5 385.4 384.9 382.1 379 375 361.1 351.6 338.3 307.7 297.6 291.8 301.9 309.7 314.2 321 325.4 340.1 353.9 363.2 368.5 371.2 373.9 377.1 380.9
222.8 213.6 206.8 201.4 197 192.5 187.4 184.6 181.5 177.8 174.3 171 167.8 164.5 166.1 180.1 204.3 209.6 207.8 206.1 196.3 194.8 197.5 188.7 188.9 193.3 197.4 204.8 213.3 218.8 225.3 233.5 239.6 247.3 259.1 271 281.7 294.5 308.6 329.1 342.4 349.6 352.3 351.1 350.2 349.5 350.5 351.5 354.5 358.7 365 371.7 375.6 378.1 381 380.8 379.6 377.9 372.7 358.4 344.9 316.9 306.4 295 292 291.6 302.7 310.6 319.5 320.8 324.3 342.3 357.5 364.8 367.3 370.4 373.6 377.3
226.7 218.2 210.7 204.5 199.8 195 190 187.4 183 179.3 175.5 171.8 168.7 162.9 164.1 170.7 187.2 201.2 199 195.8 187.5 189.2 192 188.5 183 189.7 200.8 213.8 218.8 223.6 234 235.1 236.1 245.2 254 264.2 275.6 287.5 298.8 320.5 337.7 344.1 346 345.7 343.6 343.2 343.3 344.7 347.9 351.8 356.9 363.7 370.9 374.1 377.2 378.3 377.8 376.5 370.4 355.7 339.2 308.2 299.9 293.1 282.5 289.1 291.1 297.4 310.9 317.8 323.5 323.5 336.8 356.3 362.8 366.5 369.8 374
227 219.6 214.6 208.1 202.3 196.9 193.5 190 185.4 180.6 176.7 172.7 169.6 166.5 163.3 163.6 170.2 184.8 188.5 185.1 182.7 183.9 186.2 185.5 180.6 181.4 197.4 215.2 219.6 220.7 224.3 225 230.2 242.8 251 261.4 271.5 282.2 293.1 309 332.4 338.9 339.3 339.5 337.3 335.6 337 337.7 341.1 344 348.9 355.7 363.9 370.4 374.2 375.5 376.4 374.6 368.4 352 335.5 307.1 293.9 295.4 282 278.1 294.2 293.6 296.1 306.7 311.8 324.7 324.2 342 354.9 361.3 365 368.8
234.5 225.6 217 209.8 207.2 202.4 197 191.4 185.6 181.9 177.9 173.8 170.4 167.6 163.6 161.9 164.2 170.2 177.8 176 177.1 180.2 181.8 181.3 178.4 173.9 191.6 215.8 219 218.1 209.8 219.2 231.2 238.9 246.4 255.5 266.6 276.7 287.3 301.3 323.8 327 326.2 323.7 322.6 322.2 325.2 326.7 333 336 341.8 350.4 358.7 368.7 372.5 373.7 374.3 372.3 363.2 346.8 333.4 308.6 297 288.5 278.9 267.9 277.8 292.1 293.1 300.4 309.9 312.1 324.5 325.4 339.9 354.1 358.6 364.7
243.9 235.6 223.4 217.8 211 205.5 198.2 190.9 187.3 183.6 179.1 174.8 171.1 168.2 165.1 161.9 161.6 165.4 169 172.1 175.5 177.1 178.2 177.5 175.4 171.3 190.5 214.5 213.9 201.8 212.6 220 225 233 242.2 249.9 260.4 271.5 281.5 292.6 298.5 299.2 299.3 302.3 305.6 309.2 313 315.4 320.6 327.9 336 345.6 354 364.4 368.6 370.6 371.8 369.9 360.4 337.9 315 310.6 296 289.7 274.5 262.8 266.5 282 288.3 297.3 302.8 309.7 314 322 325.9 343.3 352 360.5
247.4 237.1 229 222.4 215.7 209.2 202.1 195.4 190.6 186.9 181.4 175.8 171.8 168.8 165.8 162.7 160.8 162.7 167.2 171 173.3 174.6 175.2 174.4 172.4 168.5 186.9 210.1 189.6 202.4 208.9 214.2 219.8 228.2 237.4 245.2 254.1 263.7 272.7 279.8 283.1 279.9 282.2 285.4 288.2 292 296.5 303 311 322 330.4 340 349.1 358.5 365.7 367.1 368.2 367.2 357.6 335.8 314.6 309.5 293.2 286.8 269.9 261.4 257.4 271.9 278.8 289.2 298.3 299.6 307.8 315.7 318.8 324.4 344.4 353.1
254.3 245.5 235.4 227.1 220.2 212.3 205.3 198.7 194.3 189.2 183.5 177.3 172.8 169.6 166.5 163.4 160.7 161.5 165.3 168.9 170.9 172.1 172.4 171.3 169.7 170.8 187.6 197.4 191.3 199.4 202.4 207.1 212.5 223.3 235.3 240.4 247.6 256.2 262.5 267.7 267.7 267.4 269.6 270.4 269.8 272.9 279.6 285.5 294.7 316.7 325 334.8 344.2 353.7 361.4 363.9 365.9 363.9 353.1 335.3 309.6 304.7 290.2 284.8 268.3 257.4 254.4 268.4 270.4 273.5 282.6 290.4 302.7 311.5 314.3 316.9 325.2 345.2
263.1 251.5 242.1 231.9 223.3 214.8 207.2 200.3 194.6 189.9 184.6 178.8 174 170.3 167.2 164.1 160.6 160.5 163.1 166.7 168.6 169.7 169.9 168.7 167 168.8 182.1 179.8 190.1 194.2 196.7 209.7 218.9 224.2 233.5 238.7 243.5 246 252.1 254.9 253.9 255.3 254.9 254.6 252.1 260.2 270 277.5 285.1 291.5 318.3 329.8 339.5 348.2 355.3 361.5 364 361.4 349.1 332.7 303.9 298.7 290.9 276.4 263.8 253.4 243.8 252.5 257.2 263 273.7 281.4 294.4 303.6 310.3 313.6 316 334.3
272.2 256.4 247.6 236.8 225.6 216.6 208.4 199.4 193.1 188 183.4 178.6 172.8 169.9 167.1 164 161.4 159.3 161.9 164.5 166.2 167.4 167.4 166.2 164 169.8 175.8 179.8 186.4 189 192.2 205.3 215.7 222.5 228.2 235.1 238.8 241.2 241 240 242.8 242.3 241.2 240.5 240.3 254 262.2 273.4 278.1 288.5 306.3 324.5 333.8 341.7 350.3 359.6 362.1 359.6 345.5 331.3 305.5 292.5 287.5 273.6 263.5 247.3 240 246.9 251 257.5 267 285.3 290.5 291.5 296.1 310.5 313 318.5
282.4 262.7 252.3 240.2 227.8 217.7 209.1 198.6 191.9 186.8 181 175.9 172.3 169.3 166.7 164.2 161.8 158.7 158.7 161.8 164 165 164.8 163.6 162.2 168.2 172.1 177.7 181.7 183.3 189.3 203.6 213.7 219.9 222.3 225.8 233.6 235.5 235.5 232 230.4 229.9 229.2 226 233.6 248.1 256.3 265.8 273.8 287.1 298.4 322.6 329.3 337.6 346.7 357.9 360 355 341.6 330.4 309.4 288.2 281.7 269 258.2 243.2 237.7 241.7 245.5 248.4 256.6 270 289.4 292.9 290.5 300.9 310.1 313.5
288.2 270.5 254.5 241.1 229.5 218.8 210.3 197.6 191.8 186 181.1 176.1 172.1 168.9 166.7 164.5 162 159.7 158.1 158.8 161.4 162.5 162.4 160.7 163.2 166 170 173.5 176.8 178.3 186.9 209.3 215.1 217.4 219.2 219.7 222.2 226.5 226.1 222.6 218.7 217.2 216.4 210.2 233.1 241.9 249.1 257.3 268.7 289.4 298.2 316.8 325.9 334.1 344.8 355.2 355.4 349.8 336.3 325.9 306.4 284.7 277.7 264.9 252.8 240.9 228.8 232.6 237.1 241.3 247.4 258 276.2 286 287.8 291.4 299.4 309
291.1 273.2 260.3 247 232.4 223.2 215.5 204.2 193.2 186.8 181.1 177.7 175.4 173.4 170.3 166.8 163.7 160.4 156.9 156.1 159.1 159.8 159.8 159.4 162.5 164.6 167.3 170.8 172.7 174.2 186.4 205.9 212.6 214.6 212.2 216.2 216.9 216 215.4 213.7 206.1 205.5 207.9 212.7 227.7 236.8 243.2 252.5 265 285.5 294.2 317.1 324.3 331.7 341.7 351.8 348 339.4 329.5 318.8 295 285 283.3 264.1 248.9 236.9 224.7 223.2 228 233.7 238.7 249.6 263 275.3 282.5 288.9 293.1 299.7
290.4 276.6 264.8 252.4 234.1 224.2 213.8 202 193.5 186.8 184.6 182.5 179.3 175.7 172.2 168.4 164.9 161.5 155.9 156.2 157.2 157.6 157.7 158.7 160.4 162.8 165 167.6 168.9 170 182.6 197.4 204.8 207.1 205.7 211.5 212.8 198.4 193.7 189.7 191.8 194.6 194.6 208.4 221.1 230.9 238.9 248.5 260.1 275.5 290.2 310.4 322 329.8 336.9 342.6 338.9 332.1 324.7 313.3 291.6 287.3 280.1 260.3 244.6 230 223.2 211.2 216.8 222.5 228.8 238.6 252.6 261.2 275.5 278.9 289.1 293.5
293.9 279 266.1 252.6 236.4 221.1 209 200.2 193.1 191.4 189.7 186.5 182.1 177.5 173.3 169.9 166.6 163.5 159.4 155.2 154.6 155 156.8 157.7 158.7 160.5 162.6 164.3 165.9 167.1 173.9 185.2 193.8 194.3 195.2 201 193.1 179.8 176.5 178.4 181.4 188.5 197.7 204.1 213.4 225 233.9 245 257.7 270.9 285.8 305.9 317.7 325.3 331.5 335 332.5 327.6 321.8 311.1 289.8 282.9 273.5 256.4 239.5 226.1 218.2 204.1 208.9 215.2 221.1 231.1 239.5 251.8 267.4 274.1 282 288.2
293.9 282 268.3 250.2 234.2 216.4 208 205.7 202.5 199.8 196.3 191.2 185.1 179.5 175 172.2 169.2 165.9 162.3 157.4 155.1 152.6 154.7 156 157.3 158.6 160.2 162.1 163.4 164.4 167.4 173.9 179.1 182.4 183.2 180.8 170.8 170.8 173.2 175.2 182.3 189.4 194.6 201.7 210.6 220.1 232.6 241.9 253.7 266.3 280 296.4 318.6 323.5 326.3 329.2 327.6 323.6 318.9 303.1 287.8 273.9 266.7 250.7 233.8 222.7 214.8 207.5 201.9 209 213.6 225.4 231.8 240 257.9 267.4 274.2 281.9
297.8 282.2 262.3 245.3 227.5 223.8 218.6 214.3 213.3 209.8 206.1 204.7 197.6 187.2 180.2 175.3 171.4 167.5 164 160.9 157.4 153.9 152.6 154 155.3 156.6 157.9 159.4 160.7 161.7 162.3 166.1 170.9 174.7 173.7 168.6 166.5 169.4 169.7 178.3 184.4 188.1 191.6 199.5 208.1 217.6 230.4 239.8 249.3 259.6 272.7 287.3 306 320.8 323.6 325.3 325.1 321.8 316.2 295.4 283.1 270 257.5 244.7 231.5 221.8 212.5 205.5 194.7 203.3 207.4 215.5 225.8 234.6 246.4 256.1 265.4 274.4
299.4 278.1 260.2 240.3 237.8 232.2 227 225.5 224.1 223.3 219.5 218.2 209.6 196.3 185.8 179.1 174.4 169.6 166 162.5 159.5 153.1 152.4 151.7 153.1 153.6 155.5 156.8 158 158.7 159.4 162.3 164.9 167.5 166.8 163.4 164.4 165.2 173.6 178.4 181.3 184.7 187.9 196.2 206.8 215.7 227.6 236.5 244.8 254.4 266 277.4 291 313.2 320.9 322.2 321.8 320.3 312.7 290.5 278.9 266.2 252.9 239.3 228.5 219.3 211.4 204.3 194.2 196.9 205.4 212.2 220 226.9 236.3 245.8 255 264.8
291.2 272 260.6 253.5 247.3 243.8 238.6 239.1 235.6 231.6 230.9 228.1 215.9 201.6 189.9 183.3 176.5 172.2 168.3 164.7 161 155.7 152.3 151.6 151.1 149.1 149.1 152.8 154.8 155.8 156.9 158.4 159.9 161.5 159.9 160.2 160.1 164.2 171.7 175.2 178 181.3 186.6 194.9 205.3 213.1 222.2 233.4 239.7 248.8 257.7 267.8 280.5 295.4 316.3 319.5 320.2 318.5 301.9 286.2 273.5 261.7 249.8 237.6 228.3 218.8 209 202.5 193.1 189.3 199.4 205.3 211.3 221.5 228.5 236.1 244.5 257.1
284.7 279.5 270 266.3 261 257 253.3 251.3 246.2 241.1 239.1 235.8 225.4 208.9 197.5 187.9 180.9 174.8 170.8 167.2 162.6 159.2 154.3 152 151.8 150.3 150.2 149.1 150.2 153.6 154.5 155.2 156.5 156.2 156.4 157.2 157.2 162.9 167.6 171.5 173.6 177.4 185.9 200.5 208.9 214.5 220.3 228.5 234.9 243.1 250.9 258.9 270.8 282.6 293.6 305.4 313.7 303.4 290.6 279.4 267.8 256.8 245.1 232.3 225.2 217.3 206 199.8 193.8 185.5 192.1 201.4 206.5 214.3 221 229.1 237.9 247
298.3 290 284.8 281 276.2 270.7 267.7 263.7 260.1 256 250.3 243.9 235.9 223.8 208.7 195.6 185.8 178.6 173.3 168.5 164.3 161.1 158.5 155.5 153.4 151.6 150.4 148.7 149.7 150.9 152.1 152.4 153 153.5 154.3 154.1 157.5 161.3 164.9 168.4 170.3 174.3 190 202.6 209 212.5 215.1 220.4 230.5 237.2 244 250.6 260.1 270.5 279 285 287.2 283.8 279.1 270.5 259.7 250.8 241 230.5 223.2 211.3 203 193.8 189.1 183.6 187.9 198 203.4 209.5 215.5 223.1 229.9 237.7
313.7 308.3 305.6 300 294.6 288.3 281.4 277 273.3 267.8 261.8 252.8 244.3 234.7 222 209.6 195.4 185.1 175.5 170 166.3 163.2 160.7 158 154.9 152.5 149.9 147.2 148.7 149.3 149.9 150.4 150.9 151.5 151.8 153.8 157 159.7 162.4 165.3 167.5 173 190 202.6 206 205.8 209.5 214.6 222.2 231 236.9 242.5 249.7 257 264.7 268.1 268.6 269.1 266.6 259.2 252.2 243.1 233.9 226.6 220.7 211.1 204 193 182.9 176.6 187.9 194.8 199.6 204.8 209.5 215.4 222.5 231.8
329.4 329.8 326.6 319 312.7 305.5 297.1 292.9 289.2 282 273.2 262.7 251.1 241.4 232 215.2 197.6 186.3 177.6 172.9 169.7 165.9 163 159.9 156.6 153.5 150.9 147.9 147.4 148 148.3 148.8 149.3 150 150.3 152.6 155.6 158.5 160.2 162.1 163.8 169.8 183.4 193.4 196.6 197.3 205.1 208 213 222 228.8 233.1 238.7 246.4 250.9 253.9 255.4 257.5 254.5 250.6 244.6 235.8 228.1 220.7 216.3 209.3 202.9 193.2 178.5 174 185.3 190.2 194.7 198.1 206.2 214.5 221.2 229.5
348.4 345.8 346.4 346.6 343.2 333.3 321.6 319.3 310.7 299.9 285.4 271.1 257.8 248 237.1 223.9 204.7 194.2 185 177.6 172.5 168.7 164.9 161.6 158.3 156.4 153.7 151 146.4 146.6 146.7 147 147.3 147.6 146.8 152 154.3 156.4 157.8 158.8 160.8 165.7 174.4 181.1 185.7 192.4 186.5 195.9 208.3 213 217.8 225.7 231.3 234.7 238.5 241 241.7 242.6 243.4 240.4 235.8 227.3 222 217.7 212 204.9 199.8 191.7 175.8 175.1 181.6 185.3 192.3 198.9 204.9 212.2 218.9 228.3
359 356.1 353.3 351.9 350.7 349.6 347.3 344.3 334.8 316.4 298.4 278.9 264.6 252.8 242.3 228.7 212.3 198.2 187.8 180.4 175.6 170.8 167.1 163.4 160.7 158.3 156.5 153.8 147.6 146 145.3 145 144.8 145.4 147.3 150 152.4 154 155.4 156.5 159.6 164.2 169.2 173.7 177.1 176.6 178 199.2 203.5 204.4 209.6 216.4 223.2 227.1 227.3 230.2 230.4 231.2 229.9 227.8 226.8 223.7 218.2 211.5 206.2 201.8 195.2 185.3 170.2 174.2 178.6 184 189.5 196.4 202 208.3 214.3 225.2
368.6 367.3 363.6 359.1 353.8 350.9 348.8 345.5 342 331.9 306.5 288.1 268.5 255.8 241.7 228.2 210.1 198.5 189 182.2 176.9 173.4 169.6 166.5 163.9 161 158.7 156.6 153.9 150.8 149.2 146.3 144.6 144.4 146.2 147.8 150.1 151.9 153.4 155 158.2 162.1 165.1 166.7 167.1 170.6 184.8 191.1 192.1 196.9 205.4 209.7 213.8 216.3 219 223.3 221.6 222.7 224.4 222.4 220.6 217.5 213.3 208.4 201.5 200.3 196.8 190.3 168.4 171.9 175.6 180.1 186.6 192.3 196.1 203.8 213.5 226.7
376.4 373.3 369.8 364.2 358.7 352.5 348.6 345.5 341.3 333.4 320.9 297.7 274.4 260.2 246.8 230.4 214 199.9 190.4 183.5 179.7 176.6 172.7 169.3 166.5 163.9 161.7 159.9 157.1 154.2 151.6 148.5 144.4 144 144.3 145.5 147.4 149.2 151 152.7 155.5 157.9 159.5 160.9 159.2 167.7 173.6 178.7 181.7 193.3 201.3 205.2 206.6 207.8 209.5 212.2 213.2 212.6 214 214 212.1 210.6 207.8 204.2 199.3 194.9 190 182 164.5 168 171.6 175.1 183.1 194.3 201.3 208.4 217.4 229.3
